9.769319e-01 -1.607074e-01 1.406315e-01 3.345200e-01 1.701072e-01 9.837459e-01 -5.751137e-02 -2.373655e-02 -1.291032e-01 8.010715e-02 9.883903e-01 8.208551e-02
9.927604e-01 1.173468e-01 -2.562253e-02 6.359730e-01 -1.152754e-01 9.907796e-01 7.118536e-02 -5.593926e-02 3.373968e-02 -6.771636e-02 9.971339e-01 1.315023e-01
9.267805e-01 -3.698269e-01 6.562014e-02 9.686306e-01 3.747003e-01 9.224411e-01 -9.328469e-02 -7.906115e-02 -2.603155e-02 1.110423e-01 9.934748e-01 2.276185e-01
9.538485e-01 2.909600e-01 7.426535e-02 1.274028e+00 -2.916740e-01 9.565169e-01 -1.283997e-03 -1.030368e-01 -7.140962e-02 -2.043655e-02 9.972376e-01 3.068434e-01
9.322364e-01 -3.614817e-01 -1.631746e-02 1.565973e+00 3.612235e-01 9.323282e-01 -1.678181e-02 -1.109967e-01 2.127952e-02 9.750397e-03 9.997261e-01 3.796177e-01
9.783362e-01 2.057622e-01 2.280759e-02 1.879858e+00 -2.029372e-01 9.749708e-01 -9.082074e-02 -1.292697e-01 -4.092417e-02 8.422468e-02 9.956060e-01 4.700261e-01
9.673236e-01 -2.476073e-01 -5.455012e-02 2.169113e+00 2.494309e-01 9.679423e-01 2.952945e-02 -1.361872e-01 4.548963e-02 -4.217097e-02 9.980744e-01 5.274574e-01
9.845897e-01 1.646660e-01 5.889122e-02 2.476907e+00 -1.619651e-01 9.856259e-01 -4.805159e-02 -1.820378e-01 -6.595714e-02 3.777274e-02 9.971072e-01 5.559087e-01
9.451754e-01 -3.028061e-01 -1.222781e-01 2.849099e+00 3.105876e-01 9.492221e-01 5.012818e-02 -2.602770e-01 1.008899e-01 -8.535794e-02 9.912292e-01 5.963391e-01
9.785270e-01 2.046038e-01 -2.494568e-02 3.181235e+00 -2.059452e-01 9.754827e-01 -7.758854e-02 -3.106060e-01 8.459193e-03 8.105987e-02 9.966732e-01 6.266281e-01
9.611516e-01 -2.676748e-01 6.736298e-02 3.473981e+00 2.666244e-01 9.634942e-01 2.429509e-02 -3.301214e-01 -7.140704e-02 -5.390595e-03 9.974328e-01 6.936770e-01
9.774499e-01 1.842354e-01 -1.031943e-01 3.775586e+00 -1.896042e-01 9.808378e-01 -4.480444e-02 -3.799928e-01 9.296234e-02 6.336011e-02 9.936515e-01 7.622566e-01
9.674830e-01 -1.483556e-01 -2.048592e-01 4.106979e+00 1.871833e-01 9.646689e-01 1.854085e-01 -4.567071e-01 1.701150e-01 -2.177257e-01 9.610705e-01 9.068565e-01
9.840298e-01 -1.344806e-01 1.166201e-01 4.655235e+00 1.514911e-01 9.767049e-01 -1.519800e-01 -5.572573e-01 -9.346507e-02 1.672197e-01 9.814793e-01 1.139171e+00
9.908295e-01 -9.507382e-03 -1.347831e-01 4.951824e+00 3.404987e-02 9.828975e-01 1.809784e-01 -5.910797e-01 1.307574e-01 -1.839081e-01 9.742076e-01 1.184079e+00
9.978398e-01 -6.510846e-02 8.747578e-03 5.321772e+00 6.517732e-02 9.645249e-01 -2.558197e-01 -5.885524e-01 8.218720e-03 2.558372e-01 9.666849e-01 1.178435e+00
9.979078e-01 -3.964253e-02 5.107257e-02 5.653929e+00 2.450769e-02 9.629450e-01 2.685820e-01 -5.331330e-01 -5.982730e-02 -2.667684e-01 9.619020e-01 1.176298e+00
9.639715e-01 -2.434239e-01 -1.072552e-01 5.973770e+00 2.191343e-01 9.552751e-01 -1.985689e-01 -7.045781e-01 1.507946e-01 1.679114e-01 9.742005e-01 1.261662e+00
9.060371e-01 3.911239e-01 1.616135e-01 6.312387e+00 -4.030863e-01 9.139005e-01 4.803377e-02 -7.539268e-01 -1.289115e-01 -1.086645e-01 9.856845e-01 1.345236e+00
9.052341e-01 -4.102703e-01 -1.105874e-01 6.717488e+00 4.058038e-01 9.119022e-01 -6.129982e-02 -8.408883e-01 1.259943e-01 1.061390e-02 9.919741e-01 1.341404e+00
9.393055e-01 2.997002e-01 1.669881e-01 7.060454e+00 -2.981182e-01 9.538847e-01 -3.506490e-02 -8.818791e-01 -1.697963e-01 -1.684549e-02 9.853353e-01 1.401689e+00
8.899404e-01 -4.452967e-01 -9.857502e-02 7.404156e+00 4.489481e-01 8.933886e-01 1.738910e-02 -9.383734e-01 8.032245e-02 -5.973035e-02 9.949776e-01 1.499652e+00
9.223160e-01 3.492151e-01 1.654749e-01 7.754858e+00 -3.413173e-01 9.369576e-01 -7.491955e-02 -1.004836e+00 -1.812060e-01 1.262008e-02 9.833643e-01 1.566727e+00
8.858188e-01 -4.564476e-01 -8.354990e-02 8.126217e+00 4.615902e-01 8.852023e-01 5.789162e-02 -1.068287e+00 4.753405e-02 -8.984731e-02 9.948205e-01 1.638501e+00
9.545495e-01 2.957179e-01 3.723016e-02 8.475973e+00 -2.923196e-01 9.532386e-01 -7.671694e-02 -1.125903e+00 -5.817577e-02 6.234704e-02 9.963577e-01 1.708279e+00
8.933557e-01 -4.335224e-01 1.182117e-01 8.770150e+00 4.267790e-01 9.009237e-01 7.871555e-02 -1.169010e+00 -1.406246e-01 -1.987074e-02 9.898635e-01 1.827051e+00
9.280117e-01 3.725476e-01 1.617078e-03 9.130866e+00 -3.707746e-01 9.240012e-01 -9.353042e-02 -1.202372e+00 -3.633872e-02 8.619777e-02 9.956152e-01 1.918219e+00
8.839929e-01 -4.628909e-01 6.548670e-02 9.491443e+00 4.526104e-01 8.824711e-01 1.280178e-01 -1.255531e+00 -1.170484e-01 -8.352691e-02 9.896074e-01 2.013140e+00
9.060964e-01 4.228720e-01 -1.298640e-02 9.835284e+00 -4.217343e-01 9.003689e-01 -1.071266e-01 -1.292534e+00 -3.360831e-02 1.025438e-01 9.941607e-01 2.101008e+00
8.592993e-01 -4.966462e-01 1.222594e-01 1.019140e+01 4.798518e-01 8.655475e-01 1.434216e-01 -1.352506e+00 -1.770510e-01 -6.457570e-02 9.820808e-01 2.165333e+00
9.201477e-01 3.828677e-01 -8.210102e-02 1.056309e+01 -3.913586e-01 9.061186e-01 -1.605848e-01 -1.388494e+00 1.291047e-02 1.798927e-01 9.836016e-01 2.225567e+00
8.647465e-01 -4.885315e-01 1.164062e-01 1.090931e+01 4.571883e-01 8.617080e-01 2.200868e-01 -1.436855e+00 -2.078275e-01 -1.370998e-01 9.685098e-01 2.287331e+00
9.084113e-01 4.131153e-01 -6.422388e-02 1.122916e+01 -4.172182e-01 8.859381e-01 -2.025898e-01 -1.480588e+00 -2.679465e-02 2.108303e-01 9.771555e-01 2.344486e+00
8.754633e-01 -4.614588e-01 1.435961e-01 1.155031e+01 4.199618e-01 8.734327e-01 2.464697e-01 -1.499366e+00 -2.391571e-01 -1.554704e-01 9.584533e-01 2.410298e+00
9.081338e-01 3.686858e-01 -1.984029e-01 1.192780e+01 -4.039460e-01 8.961597e-01 -1.836446e-01 -1.532612e+00 1.100935e-01 2.469180e-01 9.627622e-01 2.501294e+00
8.462287e-01 -4.767443e-01 2.379326e-01 1.225148e+01 4.355906e-01 8.761710e-01 2.063621e-01 -1.588325e+00 -3.068515e-01 -7.098838e-02 9.491062e-01 2.555518e+00
8.987448e-01 3.303376e-01 -2.883313e-01 1.255980e+01 -3.725165e-01 9.220985e-01 -1.047178e-01 -1.614574e+00 2.312775e-01 2.015227e-01 9.517875e-01 2.631362e+00
8.407235e-01 -3.914457e-01 3.741044e-01 1.284374e+01 3.550133e-01 9.201821e-01 1.650164e-01 -1.596696e+00 -4.088391e-01 -5.921226e-03 9.125872e-01 2.679879e+00
8.873285e-01 3.509053e-01 -2.991884e-01 1.313013e+01 -3.860653e-01 9.201206e-01 -6.581640e-02 -1.577224e+00 2.521940e-01 1.739071e-01 9.519215e-01 2.725420e+00
7.886843e-01 -4.736733e-01 3.919320e-01 1.341517e+01 4.109253e-01 8.803204e-01 2.370156e-01 -1.574268e+00 -4.572936e-01 -2.587578e-02 8.889392e-01 2.828654e+00
8.644409e-01 3.760214e-01 -3.336913e-01 1.373590e+01 -4.203473e-01 9.047007e-01 -6.946096e-02 -1.589279e+00 2.757719e-01 2.003112e-01 9.401199e-01 2.895268e+00
8.052929e-01 -4.601646e-01 3.738339e-01 1.406481e+01 4.072422e-01 8.875820e-01 2.152951e-01 -1.626198e+00 -4.308794e-01 -2.113478e-02 9.021619e-01 2.947054e+00
8.436921e-01 3.954432e-01 -3.630543e-01 1.440299e+01 -4.446079e-01 8.937303e-01 -5.975027e-02 -1.651633e+00 3.008447e-01 2.118276e-01 9.298503e-01 2.994575e+00
7.915644e-01 -4.957469e-01 3.572964e-01 1.472198e+01 4.345686e-01 8.677341e-01 2.412213e-01 -1.668616e+00 -4.296229e-01 -3.567248e-02 9.023035e-01 3.014534e+00
8.615829e-01 3.388696e-01 -3.779450e-01 1.501140e+01 -4.105700e-01 9.030427e-01 -1.262784e-01 -1.682050e+00 2.985085e-01 2.639722e-01 9.171758e-01 3.070288e+00
7.950959e-01 -4.282769e-01 4.294197e-01 1.530929e+01 3.196496e-01 8.976459e-01 3.034073e-01 -1.692835e+00 -5.154091e-01 -1.039741e-01 8.506132e-01 3.143283e+00
8.488809e-01 2.796704e-01 -4.485373e-01 1.560801e+01 -3.778899e-01 9.144226e-01 -1.450191e-01 -1.718682e+00 3.695950e-01 2.926017e-01 8.819205e-01 3.191724e+00
7.793892e-01 -4.288917e-01 4.567322e-01 1.594326e+01 3.128531e-01 8.979974e-01 3.093923e-01 -1.751681e+00 -5.428401e-01 -9.824699e-02 8.340696e-01 3.254999e+00
8.539630e-01 2.847279e-01 -4.355196e-01 1.630515e+01 -3.662496e-01 9.234558e-01 -1.144148e-01 -1.787046e+00 3.696060e-01 2.572149e-01 8.928784e-01 3.327174e+00
7.361955e-01 -4.982350e-01 4.580152e-01 1.668452e+01 4.078718e-01 8.666922e-01 2.872025e-01 -1.816755e+00 -5.400526e-01 -2.462579e-02 8.412709e-01 3.418799e+00
7.880954e-01 3.780493e-01 -4.857823e-01 1.700402e+01 -4.712978e-01 8.782349e-01 -8.112992e-02 -1.850018e+00 3.959597e-01 2.928862e-01 8.703066e-01 3.494470e+00
8.882418e-01 -3.968201e-01 2.314306e-01 1.718905e+01 2.061250e-01 7.945152e-01 5.711900e-01 -1.874944e+00 -4.105348e-01 -4.596513e-01 7.875162e-01 3.603814e+00
9.383602e-01 2.447436e-01 -2.440918e-01 1.757377e+01 -3.340831e-01 8.233755e-01 -4.587388e-01 -1.993732e+00 8.870575e-02 5.120092e-01 8.543874e-01 3.728205e+00
8.820924e-01 -4.453458e-01 1.535575e-01 1.790957e+01 3.496402e-01 8.373961e-01 4.201423e-01 -2.027597e+00 -3.156970e-01 -3.169146e-01 8.943716e-01 3.794162e+00
7.845926e-01 2.558107e-01 -5.647791e-01 1.849532e+01 -3.883433e-01 9.128576e-01 -1.260181e-01 -2.235630e+00 4.833260e-01 3.182010e-01 8.155637e-01 3.975722e+00
7.753642e-01 -6.308980e-01 2.789318e-02 1.900105e+01 5.630884e-01 7.106735e-01 4.217519e-01 -2.492871e+00 -2.859054e-01 -3.113051e-01 9.062821e-01 4.067951e+00
9.144198e-01 4.036295e-01 -3.032469e-02 1.936181e+01 -3.995250e-01 8.880221e-01 -2.275889e-01 -2.572786e+00 -6.493268e-02 2.202273e-01 9.732850e-01 4.219084e+00
8.284526e-01 -5.496614e-01 1.074178e-01 1.963370e+01 4.666670e-01 7.835341e-01 4.102391e-01 -2.590338e+00 -3.096581e-01 -2.897354e-01 9.056297e-01 4.309320e+00
8.703072e-01 4.167949e-01 -2.623878e-01 1.987803e+01 -4.799109e-01 8.374024e-01 -2.616158e-01 -2.592558e+00 1.106840e-01 3.536089e-01 9.288218e-01 4.359737e+00
7.588414e-01 -6.217744e-01 1.937942e-01 2.020784e+01 5.163944e-01 7.557490e-01 4.027161e-01 -2.625019e+00 -3.968583e-01 -2.055235e-01 8.945745e-01 4.388126e+00
8.335015e-01 4.787916e-01 -2.757425e-01 2.051305e+01 -5.495876e-01 7.697781e-01 -3.246462e-01 -2.666018e+00 5.682259e-02 4.221377e-01 9.047491e-01 4.408808e+00
7.902113e-01 -5.820728e-01 1.917217e-01 2.081519e+01 4.273698e-01 7.476255e-01 5.083415e-01 -2.696332e+00 -4.392279e-01 -3.197612e-01 8.395425e-01 4.440976e+00
8.679728e-01 3.186799e-01 -3.808758e-01 2.108272e+01 -4.618858e-01 7.997932e-01 -3.833960e-01 -2.705713e+00 1.824412e-01 5.086985e-01 8.413924e-01 4.467275e+00
7.924111e-01 -5.565910e-01 2.495819e-01 2.138286e+01 3.436786e-01 7.454133e-01 5.711777e-01 -2.721696e+00 -5.039540e-01 -3.668316e-01 7.819622e-01 4.532986e+00
8.524235e-01 2.887517e-01 -4.358861e-01 2.168083e+01 -4.821719e-01 7.565344e-01 -4.417760e-01 -2.742564e+00 2.021992e-01 5.867523e-01 7.841156e-01 4.577141e+00
7.548936e-01 -5.866410e-01 2.932370e-01 2.206284e+01 3.021356e-01 7.079087e-01 6.384193e-01 -2.752411e+00 -5.821080e-01 -3.933414e-01 7.116409e-01 4.643996e+00
7.635299e-01 1.559443e-01 -6.266607e-01 2.234761e+01 -4.819720e-01 7.834697e-01 -3.922734e-01 -2.775302e+00 4.297967e-01 6.015454e-01 6.733632e-01 4.722568e+00
6.815487e-01 -5.480996e-01 4.848485e-01 2.267450e+01 2.849551e-01 8.090522e-01 5.140379e-01 -2.864792e+00 -6.740118e-01 -2.121818e-01 7.075923e-01 4.766164e+00
5.507914e-01 2.296287e-01 -8.024335e-01 2.287676e+01 -5.485219e-01 8.242231e-01 -1.406420e-01 -2.977344e+00 6.290887e-01 5.176168e-01 5.799313e-01 4.794262e+00
5.075650e-01 -5.888988e-01 6.289483e-01 2.317245e+01 5.175498e-01 7.919842e-01 3.238875e-01 -3.160935e+00 -6.888541e-01 1.611180e-01 7.067680e-01 4.884030e+00
4.939669e-01 3.515434e-01 -7.952446e-01 2.345583e+01 -4.150587e-01 8.990201e-01 1.396040e-01 -3.300187e+00 7.640176e-01 2.611135e-01 5.899973e-01 4.969316e+00
5.552761e-01 -3.857613e-01 7.367881e-01 2.367591e+01 4.841073e-01 8.702834e-01 9.081100e-02 -3.416125e+00 -6.762459e-01 3.062593e-01 6.699975e-01 5.014099e+00
5.636714e-01 3.318469e-01 -7.564074e-01 2.396312e+01 -1.823916e-01 9.431488e-01 2.778557e-01 -3.525821e+00 8.056103e-01 -1.865689e-02 5.921520e-01 5.083333e+00
6.677765e-01 -2.176180e-01 7.118406e-01 2.419419e+01 4.551263e-01 8.760938e-01 -1.591211e-01 -3.653551e+00 -5.890116e-01 4.302347e-01 6.840785e-01 5.144150e+00
5.343228e-01 3.188475e-01 -7.828380e-01 2.439542e+01 5.636366e-03 9.247637e-01 3.805004e-01 -3.865013e+00 8.452617e-01 -2.077224e-01 4.923252e-01 5.189099e+00
4.932795e-01 -2.373247e-01 8.368705e-01 2.478739e+01 4.973269e-01 8.662628e-01 -4.748126e-02 -3.970651e+00 -7.136815e-01 4.396198e-01 5.453377e-01 5.276527e+00
6.447141e-01 3.629661e-01 -6.727550e-01 2.509077e+01 4.696420e-03 8.781840e-01 4.783001e-01 -3.942218e+00 7.644094e-01 -3.115263e-01 5.644729e-01 5.402068e+00
5.533560e-01 -1.938605e-01 8.100711e-01 2.541262e+01 5.535294e-01 8.123136e-01 -1.837164e-01 -3.922022e+00 -6.224165e-01 5.500588e-01 5.568061e-01 5.523978e+00
7.305079e-01 4.100422e-01 -5.460986e-01 2.570906e+01 -6.929174e-02 8.400494e-01 5.380667e-01 -3.897674e+00 6.793798e-01 -3.552218e-01 6.420752e-01 5.641154e+00
5.869141e-01 -2.598247e-01 7.668265e-01 2.603234e+01 6.222478e-01 7.507143e-01 -2.218910e-01 -3.855864e+00 -5.180149e-01 6.073871e-01 6.022802e-01 5.773392e+00
7.925219e-01 5.265301e-01 -3.076933e-01 2.625097e+01 -2.647422e-01 7.515670e-01 6.042008e-01 -3.846232e+00 5.493821e-01 -3.973829e-01 7.350280e-01 5.873872e+00
6.689230e-01 -2.517471e-01 6.994035e-01 2.654209e+01 5.989925e-01 7.397206e-01 -3.066290e-01 -3.841324e+00 -4.401704e-01 6.240486e-01 6.456108e-01 5.949310e+00
7.601609e-01 5.540538e-01 -3.393816e-01 2.683429e+01 -2.930333e-01 7.585479e-01 5.820109e-01 -3.838814e+00 5.799026e-01 -3.429717e-01 7.389746e-01 6.049302e+00
6.784240e-01 -2.906895e-01 6.747151e-01 2.711538e+01 6.112689e-01 7.328037e-01 -2.989132e-01 -3.857112e+00 -4.075429e-01 6.152222e-01 6.748410e-01 6.120321e+00
6.944275e-01 6.546643e-01 -2.986388e-01 2.740197e+01 -4.163027e-01 7.040420e-01 5.753407e-01 -3.870453e+00 5.869093e-01 -2.752082e-01 7.614447e-01 6.135385e+00
6.140696e-01 -4.656419e-01 6.372567e-01 2.777562e+01 7.338246e-01 6.340843e-01 -2.438000e-01 -3.884396e+00 -2.905511e-01 6.173448e-01 7.310714e-01 6.203292e+00
7.647668e-01 5.819488e-01 -2.765274e-01 2.816404e+01 -3.575636e-01 7.403675e-01 5.692137e-01 -3.890988e+00 5.359852e-01 -3.364395e-01 7.742922e-01 6.299703e+00
7.096169e-01 -5.194652e-01 4.760249e-01 2.855343e+01 7.036705e-01 5.569526e-01 -4.411935e-01 -3.894276e+00 -3.593873e-02 6.480430e-01 7.607553e-01 6.424059e+00
8.628395e-01 5.034994e-01 -4.468309e-02 2.891308e+01 -3.603647e-01 6.747148e-01 6.441252e-01 -3.927683e+00 3.544650e-01 -5.396743e-01 7.636139e-01 6.521526e+00
7.745930e-01 -4.322558e-01 4.616931e-01 2.918445e+01 6.308719e-01 5.797668e-01 -5.156269e-01 -3.925057e+00 -4.479168e-02 6.906702e-01 7.217813e-01 6.599355e+00
8.148555e-01 5.795849e-01 9.585016e-03 2.949896e+01 -4.632281e-01 6.411476e-01 6.118411e-01 -3.917479e+00 3.484685e-01 -5.030021e-01 7.909227e-01 6.657277e+00
6.950506e-01 -5.487657e-01 4.645006e-01 2.981306e+01 7.178160e-01 4.932263e-01 -4.913940e-01 -3.929247e+00 4.055616e-02 6.749696e-01 7.367300e-01 6.749277e+00
7.425236e-01 6.527613e-01 1.502048e-01 3.009076e+01 -6.132478e-01 5.723006e-01 5.444256e-01 -3.916358e+00 2.694177e-01 -4.963615e-01 8.252511e-01 6.811964e+00
6.773790e-01 -6.129409e-01 4.067690e-01 3.032410e+01 7.350444e-01 5.860862e-01 -3.408997e-01 -3.917154e+00 -2.945042e-02 5.299117e-01 8.475413e-01 6.858350e+00
6.769016e-01 7.297060e-01 9.660990e-02 3.058764e+01 -6.959104e-01 5.916685e-01 4.069855e-01 -3.907396e+00 2.398188e-01 -3.427209e-01 9.083113e-01 6.925675e+00
5.715990e-01 -7.443809e-01 3.452125e-01 3.090467e+01 8.189892e-01 4.917778e-01 -2.956540e-01 -3.922829e+00 5.031121e-02 4.517208e-01 8.907395e-01 7.001177e+00
6.269986e-01 7.716050e-01 1.072308e-01 3.127748e+01 -7.565725e-01 5.703294e-01 3.198788e-01 -3.927424e+00 1.856633e-01 -2.816913e-01 9.413710e-01 7.065483e+00
3.725639e-01 -9.101170e-01 1.813371e-01 3.158109e+01 9.062626e-01 3.147688e-01 -2.821501e-01 -3.941626e+00 1.997103e-01 2.694580e-01 9.420764e-01 7.173807e+00
6.008743e-01 7.771631e-01 1.869965e-01 3.183178e+01 -7.987984e-01 5.751639e-01 1.763735e-01 -3.972386e+00 2.951738e-02 -2.553508e-01 9.663979e-01 7.234918e+00
5.603676e-01 -8.280936e-01 1.578229e-02 3.204600e+01 8.066007e-01 5.412976e-01 -2.374703e-01 -3.962674e+00 1.881047e-01 1.458007e-01 9.712665e-01 7.296999e+00
6.095709e-01 7.701420e-01 1.878957e-01 3.232421e+01 -7.775695e-01 6.270094e-01 -4.738007e-02 -4.009917e+00 -1.543017e-01 -1.172204e-01 9.810456e-01 7.373497e+00
5.730034e-01 -8.138884e-01 -9.619179e-02 3.259684e+01 8.182189e-01 5.748108e-01 1.050410e-02 -4.010371e+00 4.674284e-02 -8.472483e-02 9.953073e-01 7.460789e+00
5.828246e-01 8.055051e-01 1.071313e-01 3.280593e+01 -7.988635e-01 5.921092e-01 -1.059424e-01 -3.980757e+00 -1.487706e-01 -2.383742e-02 9.885845e-01 7.527766e+00
4.737936e-01 -8.805960e-01 -8.390492e-03 3.316770e+01 8.759036e-01 4.702397e-01 1.080164e-01 -3.970699e+00 -9.117332e-02 -5.852675e-02 9.941136e-01 7.602409e+00
6.919803e-01 7.212450e-01 3.112818e-02 3.347951e+01 -7.141251e-01 6.901933e-01 -1.168699e-01 -3.973281e+00 -1.057763e-01 5.864231e-02 9.926594e-01 7.759382e+00
5.890580e-01 -8.058325e-01 -6.037035e-02 3.371063e+01 7.891229e-01 5.575326e-01 2.577643e-01 -3.958958e+00 -1.740564e-01 -1.994777e-01 9.643199e-01 7.876994e+00
4.563960e-01 8.596333e-01 -2.296375e-01 3.386129e+01 -8.895291e-01 4.469006e-01 -9.496248e-02 -3.986824e+00 2.099223e-02 2.476097e-01 9.686325e-01 7.886001e+00
3.224990e-01 -9.358189e-01 1.422585e-01 3.415113e+01 9.236476e-01 3.439887e-01 1.689581e-01 -4.053493e+00 -2.070496e-01 7.690791e-02 9.753028e-01 7.956484e+00
2.838073e-01 9.556114e-01 -7.912115e-02 3.439104e+01 -9.588031e-01 2.817624e-01 -3.614656e-02 -4.055776e+00 -1.224870e-02 8.612028e-02 9.962095e-01 7.996263e+00
2.248448e-01 -9.743769e-01 5.866570e-03 3.463715e+01 9.520902e-01 2.209748e-01 2.114106e-01 -4.065119e+00 -2.072900e-01 -4.194907e-02 9.773796e-01 8.064401e+00
5.700779e-02 9.746158e-01 -2.165044e-01 3.480937e+01 -9.910867e-01 8.139815e-02 1.054587e-01 -4.072878e+00 1.204047e-01 2.085626e-01 9.705692e-01 8.022451e+00
1.239870e-01 -9.868972e-01 1.032527e-01 3.507217e+01 9.602027e-01 1.455722e-01 2.383686e-01 -4.068306e+00 -2.502760e-01 6.958889e-02 9.656703e-01 8.044759e+00
8.914235e-03 9.871136e-01 -1.597723e-01 3.527126e+01 -9.870311e-01 3.429648e-02 1.568225e-01 -4.113225e+00 1.602813e-01 1.563023e-01 9.746177e-01 8.091798e+00
9.708507e-02 -9.884871e-01 1.160509e-01 3.548237e+01 9.646651e-01 1.221532e-01 2.334520e-01 -4.084945e+00 -2.449402e-01 8.928558e-02 9.654181e-01 8.122916e+00
1.205805e-01 9.746450e-01 -1.884871e-01 3.572723e+01 -9.902475e-01 1.047459e-01 -9.186008e-02 -4.089868e+00 -6.978771e-02 1.977254e-01 9.777702e-01 8.157458e+00
7.776358e-02 -9.911859e-01 -1.072537e-01 3.597579e+01 9.344362e-01 3.496142e-02 3.544104e-01 -4.072519e+00 -3.475368e-01 -1.277820e-01 9.289186e-01 8.269247e+00
1.244805e-01 9.469488e-01 -2.962982e-01 3.620990e+01 -9.443802e-01 2.146406e-02 -3.281545e-01 -4.080765e+00 -3.043857e-01 3.206669e-01 8.969516e-01 8.344526e+00
1.885053e-01 -9.475385e-01 -2.581404e-01 3.646591e+01 8.881176e-01 5.228223e-02 4.566330e-01 -4.069700e+00 -4.191812e-01 -3.153368e-01 8.513810e-01 8.407706e+00
6.964004e-02 9.247994e-01 -3.740274e-01 3.668371e+01 -9.673440e-01 -2.899596e-02 -2.518033e-01 -4.057273e+00 -2.437128e-01 3.793486e-01 8.925799e-01 8.455718e+00
6.738311e-02 -9.803283e-01 -1.855151e-01 3.701079e+01 9.263295e-01 -7.602531e-03 3.766375e-01 -4.100873e+00 -3.706387e-01 -1.972272e-01 9.075947e-01 8.486053e+00
1.250267e-01 9.303355e-01 -3.447380e-01 3.725201e+01 -9.316235e-01 -9.422891e-03 -3.633027e-01 -4.100153e+00 -3.412418e-01 3.665885e-01 8.655444e-01 8.558682e+00
2.528737e-01 -9.246918e-01 -2.846049e-01 3.748493e+01 8.510159e-01 7.265049e-02 5.200902e-01 -4.098751e+00 -4.602464e-01 -3.737204e-01 8.052988e-01 8.618837e+00
3.655727e-01 8.121222e-01 -4.547684e-01 3.773238e+01 -8.400720e-01 7.749737e-02 -5.369107e-01 -4.104475e+00 -4.007938e-01 5.783180e-01 7.105721e-01 8.688005e+00
5.281841e-01 -8.005698e-01 -2.830363e-01 3.796341e+01 6.384630e-01 1.546786e-01 7.539493e-01 -4.085587e+00 -5.598093e-01 -5.789323e-01 5.928329e-01 8.753780e+00
5.910669e-01 6.362595e-01 -4.957962e-01 3.818583e+01 -7.057675e-01 1.103288e-01 -6.997998e-01 -4.092569e+00 -3.905537e-01 7.635453e-01 5.142630e-01 8.808828e+00
5.862353e-01 -7.653435e-01 -2.656641e-01 3.849565e+01 5.373532e-01 1.219318e-01 8.344964e-01 -4.095739e+00 -6.062834e-01 -6.319668e-01 4.827404e-01 8.875849e+00
7.457359e-01 4.143111e-01 -5.217514e-01 3.878263e+01 -6.516362e-01 2.905003e-01 -7.006996e-01 -4.057774e+00 -1.387387e-01 8.625288e-01 4.866166e-01 9.008105e+00
6.350501e-01 -7.717228e-01 -3.398845e-02 3.909800e+01 2.992187e-01 2.051854e-01 9.318622e-01 -4.036200e+00 -7.121653e-01 -6.019492e-01 3.612169e-01 9.127281e+00
7.541382e-01 1.185976e-01 -6.459182e-01 3.943994e+01 -6.382673e-01 3.638571e-01 -6.783973e-01 -4.044235e+00 1.545656e-01 9.238737e-01 3.500956e-01 9.225947e+00
6.138529e-01 -7.523136e-01 2.391835e-01 3.976772e+01 6.001635e-02 3.465843e-01 9.360969e-01 -4.059036e+00 -7.871356e-01 -5.602710e-01 2.579029e-01 9.341947e+00
6.985748e-01 -9.204134e-03 -7.154779e-01 4.005198e+01 -6.400199e-01 4.390719e-01 -6.305478e-01 -4.112574e+00 3.199498e-01 8.984048e-01 3.008337e-01 9.454368e+00
6.124266e-01 -6.729919e-01 4.147475e-01 4.034160e+01 -1.365647e-01 4.266912e-01 8.940272e-01 -4.115406e+00 -7.786421e-01 -6.041660e-01 1.694101e-01 9.514845e+00
6.585349e-01 -2.275163e-01 -7.173342e-01 4.058775e+01 -5.789136e-01 4.558702e-01 -6.760484e-01 -4.130839e+00 4.808232e-01 8.604759e-01 1.684941e-01 9.585087e+00
5.653104e-01 -5.742689e-01 5.921480e-01 4.091246e+01 -3.379202e-01 4.936335e-01 8.013338e-01 -4.141005e+00 -7.524852e-01 -6.531012e-01 8.499915e-02 9.627101e+00
6.428367e-01 -4.134280e-01 -6.448554e-01 4.120085e+01 -4.122588e-01 5.227958e-01 -7.461416e-01 -4.182263e+00 6.456035e-01 7.454944e-01 1.656330e-01 9.717564e+00
3.945020e-01 -4.015491e-01 8.265146e-01 4.149432e+01 -7.108361e-01 4.366333e-01 5.514193e-01 -4.174274e+00 -5.823057e-01 -8.050526e-01 -1.131829e-01 9.792543e+00
4.576833e-01 -7.458054e-01 -4.840459e-01 4.179849e+01 -2.343930e-01 4.239455e-01 -8.748315e-01 -4.194427e+00 8.576631e-01 5.138527e-01 1.922120e-02 9.854392e+00
3.344319e-01 -2.381662e-01 9.118289e-01 4.207133e+01 -8.203434e-01 4.026837e-01 4.060573e-01 -4.221226e+00 -4.638877e-01 -8.838115e-01 -6.070779e-02 9.924990e+00
2.324089e-01 -8.660404e-01 -4.426741e-01 4.243863e+01 -6.747366e-02 4.396838e-01 -8.956146e-01 -4.215560e+00 9.702750e-01 2.380175e-01 4.375149e-02 1.004471e+01
4.505202e-01 5.012843e-02 8.913577e-01 4.256675e+01 -8.058304e-01 4.525882e-01 3.818393e-01 -4.305487e+00 -3.842770e-01 -8.903095e-01 2.442952e-01 1.001038e+01
1.098368e-01 -9.471510e-01 -3.013984e-01 4.293244e+01 -1.389037e-01 2.856305e-01 -9.482199e-01 -4.720507e+00 9.841959e-01 1.460148e-01 -1.001901e-01 1.020371e+01
4.220085e-01 -6.361101e-02 9.043575e-01 4.322561e+01 -7.496403e-01 5.365120e-01 3.875489e-01 -5.171427e+00 -5.098510e-01 -8.414919e-01 1.787272e-01 1.029458e+01
8.881134e-02 -9.088515e-01 -4.075557e-01 4.349250e+01 -2.690666e-01 3.720700e-01 -8.883508e-01 -5.565284e+00 9.590181e-01 1.885552e-01 -2.114975e-01 1.039329e+01
3.583787e-01 -1.630203e-01 9.192329e-01 4.382020e+01 -7.029716e-01 6.008024e-01 3.806142e-01 -5.919374e+00 -6.143252e-01 -7.825988e-01 1.007161e-01 1.057462e+01
-1.171658e-02 -8.320554e-01 -5.545689e-01 4.411843e+01 -3.712738e-01 5.185800e-01 -7.702147e-01 -6.276902e+00 9.284495e-01 1.968727e-01 -3.149963e-01 1.069777e+01
3.536721e-01 -1.775047e-01 9.183726e-01 4.448424e+01 -6.078794e-01 7.026069e-01 3.699000e-01 -6.664922e+00 -7.109139e-01 -6.890831e-01 1.405910e-01 1.073484e+01
1.844089e-01 -6.526943e-01 -7.348357e-01 4.483467e+01 1.199553e-01 7.570154e-01 -6.422916e-01 -6.757873e+00 9.755020e-01 3.029695e-02 2.178945e-01 1.099705e+01
-5.098965e-02 -9.411196e-03 9.986548e-01 4.515878e+01 -4.027703e-01 9.152231e-01 -1.193989e-02 -6.767684e+00 -9.138797e-01 -4.028374e-01 -5.045746e-02 1.119434e+01
-1.388878e-01 -4.855676e-01 -8.630958e-01 4.550778e+01 3.067501e-01 8.075840e-01 -5.036990e-01 -6.815444e+00 9.416022e-01 -3.347123e-01 3.678430e-02 1.136297e+01
-1.382241e-01 3.021371e-01 9.431899e-01 4.584854e+01 -2.217708e-01 9.187071e-01 -3.267949e-01 -6.829300e+00 -9.652522e-01 -2.543429e-01 -5.998224e-02 1.155469e+01
-8.748984e-02 -5.593904e-02 -9.945936e-01 4.620019e+01 5.695275e-01 8.163456e-01 -9.601251e-02 -6.806266e+00 8.173029e-01 -5.748484e-01 -3.956312e-02 1.175225e+01
7.933163e-03 4.871438e-01 8.732856e-01 4.652692e+01 2.065213e-01 8.536869e-01 -4.780873e-01 -6.807439e+00 -9.784099e-01 1.841448e-01 -9.383316e-02 1.190231e+01
-7.399811e-03 2.450467e-01 -9.694830e-01 4.679759e+01 7.140211e-01 6.800527e-01 1.664403e-01 -6.857539e+00 7.000852e-01 -6.909997e-01 -1.800008e-01 1.206971e+01
2.509677e-01 6.625678e-01 7.057045e-01 4.716652e+01 3.687039e-01 6.086508e-01 -7.025678e-01 -7.017101e+00 -8.950266e-01 4.365179e-01 -9.153967e-02 1.216417e+01
2.417167e-01 2.750725e-01 -9.305419e-01 4.749749e+01 8.919133e-01 3.147227e-01 3.247160e-01 -7.089896e+00 3.821831e-01 -9.084519e-01 -1.692671e-01 1.226914e+01
4.835921e-01 7.384834e-01 4.698732e-01 4.788654e+01 4.166646e-01 2.778714e-01 -8.655508e-01 -7.094839e+00 -7.697592e-01 6.143531e-01 -1.733235e-01 1.246613e+01
6.455126e-01 3.833177e-01 -6.605915e-01 4.817764e+01 7.108341e-01 1.481316e-02 7.032038e-01 -7.077095e+00 2.793360e-01 -9.234978e-01 -2.629132e-01 1.267464e+01
7.361714e-01 5.174440e-01 4.362376e-01 4.851928e+01 5.028345e-01 1.325660e-02 -8.642810e-01 -7.058936e+00 -4.530001e-01 8.556143e-01 -2.504296e-01 1.279654e+01
9.026311e-01 3.250954e-01 -2.820818e-01 4.883379e+01 3.598144e-01 -2.102830e-01 9.090185e-01 -7.057226e+00 2.362009e-01 -9.220055e-01 -3.067819e-01 1.295019e+01
9.531240e-01 9.034338e-02 2.887777e-01 4.916701e+01 3.025416e-01 -2.693831e-01 -9.142763e-01 -7.066061e+00 -4.806982e-03 9.587861e-01 -2.840882e-01 1.306136e+01
9.645268e-01 1.608033e-01 -2.093571e-01 4.936138e+01 2.543193e-01 -3.533790e-01 9.002472e-01 -7.147396e+00 7.078043e-02 -9.215561e-01 -3.817389e-01 1.313076e+01
9.969745e-01 -6.202789e-02 -4.684217e-02 4.966196e+01 -6.877154e-02 -4.230776e-01 -9.034798e-01 -7.250458e+00 3.622309e-02 9.039679e-01 -4.260634e-01 1.324221e+01
9.541701e-01 -2.942056e-01 -5.479709e-02 4.994073e+01 -1.033105e-01 -4.956727e-01 8.623430e-01 -7.251736e+00 -2.808675e-01 -8.171608e-01 -5.033506e-01 1.332484e+01
8.907063e-01 -3.975314e-01 -2.204790e-01 5.028276e+01 -3.496900e-01 -2.893035e-01 -8.910781e-01 -7.290424e+00 2.904463e-01 8.707883e-01 -3.966972e-01 1.350783e+01
9.410083e-01 -3.365602e-01 3.508077e-02 5.038763e+01 -1.138777e-01 -2.173504e-01 9.694280e-01 -7.465989e+00 -3.186460e-01 -9.162348e-01 -2.428553e-01 1.348359e+01
7.107185e-01 -5.096326e-01 -4.849265e-01 5.091410e+01 -6.333604e-01 -1.635586e-01 -7.563749e-01 -7.712205e+00 3.061595e-01 8.447030e-01 -4.390253e-01 1.364083e+01
5.225932e-01 -7.567486e-01 3.927187e-01 5.118898e+01 -6.231440e-01 -2.465182e-02 7.817185e-01 -7.695239e+00 -5.818831e-01 -6.532411e-01 -4.844463e-01 1.375804e+01
4.557932e-01 -6.775674e-01 -5.771958e-01 5.146249e+01 -7.469909e-01 6.143201e-02 -6.619898e-01 -7.691222e+00 4.840011e-01 7.328905e-01 -4.781364e-01 1.383039e+01
3.012503e-01 -7.598435e-01 5.760956e-01 5.177863e+01 -6.155115e-01 3.064810e-01 7.260957e-01 -7.758508e+00 -7.282814e-01 -5.733301e-01 -3.753649e-01 1.389931e+01
2.054486e-01 -5.687492e-01 -7.964391e-01 5.203656e+01 -7.269293e-01 4.561886e-01 -5.132891e-01 -7.799476e+00 6.552592e-01 6.844094e-01 -3.197172e-01 1.399823e+01
5.420257e-02 -7.110903e-01 7.010084e-01 5.241116e+01 -3.283538e-01 6.503046e-01 6.850458e-01 -7.895183e+00 -9.429983e-01 -2.673101e-01 -1.982410e-01 1.409340e+01
-6.509403e-02 -3.131758e-01 -9.474617e-01 5.272831e+01 -4.620093e-01 8.510382e-01 -2.495620e-01 -7.886313e+00 8.844830e-01 4.214911e-01 -2.000876e-01 1.417719e+01
-2.663488e-01 -4.385628e-01 8.583245e-01 5.309224e+01 -1.794906e-01 8.974835e-01 4.028729e-01 -7.881350e+00 -9.470172e-01 -4.675650e-02 -3.177615e-01 1.427188e+01
-2.324900e-01 2.158930e-02 -9.723591e-01 5.346059e+01 -1.241911e-01 9.909107e-01 5.169522e-02 -7.870761e+00 9.646372e-01 1.327769e-01 -2.276956e-01 1.440060e+01
-1.702075e-01 -1.088837e-01 9.793742e-01 5.373687e+01 3.110118e-01 9.371403e-01 1.582397e-01 -7.907889e+00 -9.350407e-01 3.315305e-01 -1.256442e-01 1.454583e+01
-1.208639e-01 4.643722e-01 -8.773542e-01 5.403336e+01 8.962988e-02 8.853284e-01 4.562456e-01 -8.051108e+00 9.886144e-01 -2.349356e-02 -1.486259e-01 1.470876e+01
-2.914490e-01 1.087794e-02 9.565245e-01 5.441779e+01 6.503811e-01 7.355128e-01 1.898039e-01 -8.118264e+00 -7.014713e-01 6.774235e-01 -2.214393e-01 1.487136e+01
-5.168353e-02 6.608968e-01 -7.486950e-01 5.466349e+01 6.500465e-03 7.499036e-01 6.615151e-01 -8.163396e+00 9.986423e-01 2.932251e-02 -4.305380e-02 1.493112e+01
-1.542876e-01 -4.661447e-03 9.880150e-01 5.502282e+01 7.097417e-01 6.951584e-01 1.141125e-01 -8.187724e+00 -6.873588e-01 7.188415e-01 -1.039459e-01 1.502254e+01
-4.161751e-02 7.563051e-01 -6.528939e-01 5.533684e+01 -7.108452e-03 6.532193e-01 7.571353e-01 -8.182717e+00 9.991083e-01 3.615108e-02 -2.180919e-02 1.510616e+01
-1.070607e-01 -1.181517e-02 9.941823e-01 5.563441e+01 8.727366e-01 4.779105e-01 9.966224e-02 -8.225577e+00 -4.763077e-01 8.783291e-01 -4.085390e-02 1.522006e+01
8.507813e-02 8.855294e-01 -4.567267e-01 5.595012e+01 -2.606740e-02 4.602100e-01 8.874273e-01 -8.220352e+00 9.960332e-01 -6.359506e-02 6.223727e-02 1.531908e+01
-4.534161e-02 -7.573637e-02 9.960965e-01 5.630184e+01 9.694937e-01 2.371042e-01 6.215854e-02 -8.226747e+00 -2.408863e-01 9.685275e-01 6.267523e-02 1.544421e+01
1.903403e-01 9.735464e-01 -1.264040e-01 5.659204e+01 -1.521862e-01 1.564623e-01 9.758888e-01 -8.225306e+00 9.698504e-01 -1.665141e-01 1.779414e-01 1.560688e+01
3.186891e-04 -3.503774e-01 9.366086e-01 5.683705e+01 9.975366e-01 -6.558987e-02 -2.487593e-02 -8.215799e+00 7.014801e-02 9.343092e-01 3.494934e-01 1.573618e+01
1.408585e-01 9.892543e-01 3.917506e-02 5.712631e+01 -4.078162e-01 2.192092e-02 9.128009e-01 -8.226432e+00 9.021334e-01 -1.445521e-01 4.065217e-01 1.581371e+01
-1.055478e-01 -4.829913e-01 8.692406e-01 5.743865e+01 9.876728e-01 -1.525293e-01 3.517608e-02 -8.225478e+00 1.155949e-01 8.622379e-01 4.931365e-01 1.597492e+01
-5.799606e-02 9.721031e-01 2.272705e-01 5.770965e+01 -6.514142e-01 -2.093604e-01 7.292652e-01 -8.227672e+00 7.565024e-01 -1.057528e-01 6.453839e-01 1.608580e+01
-2.056587e-01 -6.675266e-01 7.156206e-01 5.801831e+01 9.612824e-01 -2.748470e-01 1.988281e-02 -8.222367e+00 1.834138e-01 6.920025e-01 6.982062e-01 1.623548e+01
-1.698780e-01 9.552464e-01 2.421690e-01 5.828586e+01 -8.101539e-01 -2.752845e-01 5.175607e-01 -8.226222e+00 5.610632e-01 -1.082721e-01 8.206614e-01 1.631835e+01
-2.363310e-01 -8.370239e-01 4.934964e-01 5.855955e+01 9.685410e-01 -2.436685e-01 5.053729e-02 -8.212803e+00 7.794861e-02 4.899149e-01 8.682784e-01 1.636076e+01
-1.772517e-01 9.761079e-01 1.256786e-01 5.882546e+01 -8.775305e-01 -2.145659e-01 4.288376e-01 -8.200935e+00 4.455581e-01 -3.427466e-02 8.945966e-01 1.642389e+01
-3.791849e-01 -7.913421e-01 4.795795e-01 5.917261e+01 9.034846e-01 -4.285602e-01 7.193955e-03 -8.226017e+00 1.998358e-01 4.360205e-01 8.774690e-01 1.651867e+01
-1.891178e-01 9.393830e-01 2.859965e-01 5.939732e+01 -8.665304e-01 -2.966570e-01 4.013972e-01 -8.247901e+00 4.619085e-01 -1.719133e-01 8.701070e-01 1.664712e+01
-2.704950e-01 -9.486396e-01 1.640591e-01 5.957665e+01 9.618964e-01 -2.733633e-01 5.271793e-03 -8.249446e+00 3.984669e-02 1.592337e-01 9.864365e-01 1.676045e+01
-2.582699e-01 9.655680e-01 3.122658e-02 5.983413e+01 -9.658515e-01 -2.573840e-01 -2.973788e-02 -8.253126e+00 -2.067682e-02 -3.784065e-02 9.990698e-01 1.684143e+01
-3.007974e-01 -9.534482e-01 -2.139147e-02 6.009207e+01 9.535418e-01 -3.010684e-01 1.076298e-02 -8.254682e+00 -1.670227e-02 -1.716028e-02 9.997133e-01 1.689709e+01
-1.261865e-01 9.833761e-01 -1.305698e-01 6.036860e+01 -9.913897e-01 -1.203699e-01 5.155146e-02 -8.317110e+00 3.497770e-02 1.359506e-01 9.900979e-01 1.693931e+01
-2.899830e-01 -9.570093e-01 -6.564685e-03 6.060909e+01 9.122454e-01 -2.784799e-01 3.004284e-01 -8.331600e+00 -2.893410e-01 8.113044e-02 9.537818e-01 1.706526e+01
-1.991608e-01 9.633216e-01 -1.798511e-01 6.078804e+01 -9.633805e-01 -2.260877e-01 -1.441606e-01 -8.355291e+00 -1.795352e-01 1.445539e-01 9.730731e-01 1.717882e+01
-8.671745e-02 -9.426002e-01 -3.224669e-01 6.103206e+01 9.456855e-01 -1.796814e-01 2.709125e-01 -8.338438e+00 -3.133035e-01 -2.814595e-01 9.069849e-01 1.728086e+01
4.142383e-02 9.674080e-01 -2.498115e-01 6.129530e+01 -8.984293e-01 -7.333001e-02 -4.329519e-01 -8.359864e+00 -4.371599e-01 2.423725e-01 8.661101e-01 1.740100e+01
9.496009e-02 -8.579923e-01 -5.048088e-01 6.161942e+01 9.007780e-01 -1.418111e-01 4.104738e-01 -8.412733e+00 -4.237708e-01 -4.936993e-01 7.593941e-01 1.746509e+01
2.697613e-01 8.487669e-01 -4.547785e-01 6.192751e+01 -8.303524e-01 -3.410604e-02 -5.561937e-01 -8.426258e+00 -4.875896e-01 5.276661e-01 6.955752e-01 1.757043e+01
1.158485e-01 -8.667483e-01 -4.851046e-01 6.207503e+01 8.878111e-01 -1.286398e-01 4.418633e-01 -8.500876e+00 -4.453881e-01 -4.818706e-01 7.546061e-01 1.764772e+01
3.815422e-01 7.734535e-01 -5.061572e-01 6.238637e+01 -8.806835e-01 1.378578e-01 -4.532016e-01 -8.623660e+00 -2.807527e-01 6.186799e-01 7.337663e-01 1.780232e+01
1.808581e-01 -9.664329e-01 -1.824769e-01 6.256048e+01 8.235274e-01 4.737879e-02 5.652945e-01 -8.848849e+00 -5.376738e-01 -2.525129e-01 8.044528e-01 1.807708e+01
4.074353e-01 7.739811e-01 -4.847161e-01 6.322184e+01 -9.077315e-01 2.850498e-01 -3.078474e-01 -8.902725e+00 -1.000999e-01 5.654201e-01 8.187063e-01 1.823024e+01
1.523098e-01 -8.596128e-01 -4.877166e-01 6.356077e+01 9.864667e-01 1.019130e-01 1.284412e-01 -9.291860e+00 -6.070512e-02 -5.006791e-01 8.635019e-01 1.797538e+01
2.113906e-01 9.759937e-01 5.244235e-02 6.417717e+01 -9.433202e-01 2.177708e-01 -2.504454e-01 -9.376096e+00 -2.558536e-01 3.471952e-03 9.667092e-01 1.799513e+01
-7.031637e-02 -9.461264e-01 -3.160703e-01 6.473654e+01 9.969881e-01 -5.626561e-02 -5.337480e-02 -1.001604e+01 3.271534e-02 -3.188715e-01 9.472332e-01 1.828782e+01
-7.304428e-02 9.832973e-01 1.667060e-01 6.477124e+01 -9.914317e-01 -8.974100e-02 9.491938e-02 -1.029488e+01 1.082943e-01 -1.583442e-01 9.814272e-01 1.824466e+01
-3.446317e-01 -9.187485e-01 1.926920e-01 6.508731e+01 8.325563e-01 -3.939713e-01 -3.894056e-01 -1.043064e+01 4.336808e-01 2.622542e-02 9.006849e-01 1.833974e+01
-2.473400e-01 8.058652e-01 5.379630e-01 6.534260e+01 -9.515800e-01 -3.066262e-01 2.181477e-02 -1.047934e+01 1.825332e-01 -5.065191e-01 8.426861e-01 1.837371e+01
-9.421856e-02 -9.604821e-01 2.619105e-01 6.543956e+01 6.987844e-01 -2.511872e-01 -6.697802e-01 -1.053300e+01 7.091003e-01 1.199132e-01 6.948364e-01 1.834332e+01
3.286138e-01 7.472536e-01 5.776029e-01 6.572999e+01 -8.763863e-01 1.327493e-02 4.814258e-01 -1.086861e+01 3.520794e-01 -6.644063e-01 6.592451e-01 1.842023e+01
2.628980e-01 -8.755523e-01 4.053306e-01 6.599410e+01 4.705613e-01 -2.503991e-01 -8.460925e-01 -1.118543e+01 8.422926e-01 4.131688e-01 3.461716e-01 1.848925e+01
7.094558e-01 4.549483e-01 5.382328e-01 6.630316e+01 -6.753256e-01 2.204885e-01 7.037899e-01 -1.153693e+01 2.015138e-01 -8.627901e-01 4.636650e-01 1.865684e+01
5.833171e-01 -8.106032e-01 5.161018e-02 6.654245e+01 1.192863e-01 2.264172e-02 -9.926018e-01 -1.185975e+01 8.034376e-01 5.851579e-01 1.099012e-01 1.885827e+01
8.688519e-01 2.846169e-02 4.942532e-01 6.687243e+01 -4.824732e-01 2.724714e-01 8.324535e-01 -1.223144e+01 -1.109769e-01 -9.617427e-01 2.504693e-01 1.901768e+01
6.939377e-01 -5.979234e-01 -4.011710e-01 6.717070e+01 -3.679643e-01 1.844217e-01 -9.113677e-01 -1.257808e+01 6.189127e-01 7.800489e-01 -9.203730e-02 1.907805e+01
8.317985e-01 -4.877820e-01 2.649146e-01 6.756572e+01 -8.963354e-02 3.529595e-01 9.313353e-01 -1.287927e+01 -5.477928e-01 -7.984285e-01 2.498696e-01 1.916438e+01
5.600690e-01 -2.504168e-01 -7.896925e-01 6.779693e+01 -7.530691e-01 2.433796e-01 -6.112720e-01 -1.307903e+01 3.452678e-01 9.370474e-01 -5.227175e-02 1.909731e+01
4.821194e-01 -8.475117e-01 2.220015e-01 6.812526e+01 2.098809e-01 3.577449e-01 9.099278e-01 -1.349801e+01 -8.505944e-01 -3.921000e-01 3.503523e-01 1.924824e+01
1.006840e-01 -7.236217e-04 -9.949182e-01 6.844566e+01 -8.347759e-01 5.440090e-01 -8.487347e-02 -1.395406e+01 5.413059e-01 8.390791e-01 5.416891e-02 1.937506e+01
1.658339e-01 -7.861098e-01 5.954245e-01 6.879866e+01 4.627417e-01 5.952155e-01 6.569540e-01 -1.440150e+01 -8.708440e-01 1.665825e-01 4.624728e-01 1.948031e+01
-1.969014e-01 3.401222e-01 -9.195362e-01 6.914605e+01 -4.823431e-01 7.829367e-01 3.928809e-01 -1.484746e+01 8.535661e-01 5.208906e-01 9.894211e-03 1.955406e+01
-3.635339e-03 -2.090949e-01 9.778885e-01 6.964428e+01 8.078429e-01 5.757480e-01 1.261114e-01 -1.543187e+01 -5.893867e-01 7.904387e-01 1.668229e-01 1.959474e+01
1.201279e-01 7.922208e-01 -5.982939e-01 7.010921e+01 3.478406e-01 5.308667e-01 7.727791e-01 -1.592686e+01 9.298259e-01 -3.009433e-01 -2.117947e-01 1.991419e+01
4.344918e-01 3.856386e-01 8.139409e-01 7.037368e+01 8.192501e-01 2.062679e-01 -5.350540e-01 -1.620417e+01 -3.742274e-01 8.992977e-01 -2.263126e-01 2.001643e+01
5.314480e-01 6.414230e-01 -5.532989e-01 7.070249e+01 6.226005e-01 1.471359e-01 7.685829e-01 -1.647636e+01 5.743968e-01 -7.529460e-01 -3.211552e-01 2.012833e+01
8.137223e-01 4.367457e-01 3.835481e-01 7.098918e+01 4.623761e-01 -8.650873e-02 -8.824537e-01 -1.677324e+01 -3.522276e-01 8.954158e-01 -2.723348e-01 2.025719e+01
7.711075e-01 2.319896e-01 -5.929368e-01 7.122294e+01 6.349740e-01 -2.115746e-01 7.429968e-01 -1.707185e+01 4.691702e-02 -9.494299e-01 -3.104542e-01 2.034707e+01
8.577074e-01 4.544233e-01 -2.404939e-01 7.145585e+01 -1.252377e-01 -2.690110e-01 -9.549599e-01 -1.737351e+01 -4.986517e-01 8.491952e-01 -1.738218e-01 2.040819e+01
5.514425e-01 -4.072695e-01 -7.280403e-01 7.169994e+01 6.602632e-01 -3.203248e-01 6.792971e-01 -1.769923e+01 -5.098665e-01 -8.552916e-01 9.226425e-02 2.044592e+01
5.049576e-01 4.329611e-01 -7.467010e-01 7.200113e+01 -7.345092e-01 -2.388176e-01 -6.351869e-01 -1.804475e+01 -4.533366e-01 8.692012e-01 1.974212e-01 2.054805e+01
1.318701e-01 -8.759025e-01 -4.641176e-01 7.231132e+01 6.267201e-01 -2.890824e-01 7.236390e-01 -1.834603e+01 -7.680055e-01 -3.862982e-01 5.108243e-01 2.068324e+01
-1.738637e-02 4.380490e-01 -8.987828e-01 7.249495e+01 -9.998301e-01 -1.311797e-02 1.294768e-02 -1.869160e+01 -6.118502e-03 8.988554e-01 4.382027e-01 2.072377e+01
-2.629489e-01 -9.435479e-01 2.014331e-01 7.280485e+01 6.828479e-01 -3.450734e-02 7.297451e-01 -1.907059e+01 -6.815986e-01 3.294338e-01 6.533734e-01 2.083567e+01
-3.467198e-01 6.483883e-01 -6.777742e-01 7.314965e+01 -7.004544e-01 3.015955e-01 6.468414e-01 -1.943168e+01 6.238180e-01 6.990228e-01 3.495972e-01 2.097136e+01
-2.337334e-01 -5.136654e-01 8.255402e-01 7.342477e+01 9.166708e-01 1.666605e-01 3.632340e-01 -1.976277e+01 -3.241657e-01 8.416485e-01 4.319080e-01 2.108716e+01
-7.103625e-02 8.983070e-01 -4.335877e-01 7.375289e+01 -4.992322e-02 4.309392e-01 9.009989e-01 -2.011611e+01 9.962236e-01 8.564974e-02 1.423399e-02 2.125003e+01
3.220999e-01 1.042631e-01 9.409468e-01 7.400416e+01 9.129926e-01 2.286685e-01 -3.378688e-01 -2.046335e+01 -2.503921e-01 9.679049e-01 -2.153723e-02 2.125334e+01
2.466164e-01 8.407967e-01 -4.819141e-01 7.427664e+01 6.441456e-01 2.293131e-01 7.297204e-01 -2.083694e+01 7.240556e-01 -4.903839e-01 -4.850432e-01 2.118776e+01
6.055686e-01 7.420765e-01 2.874183e-01 7.477807e+01 2.823428e-01 1.373262e-01 -9.494336e-01 -2.106938e+01 -7.440223e-01 6.560976e-01 -1.263595e-01 2.108980e+01
1.097598e-01 1.424418e-01 -9.836987e-01 7.536643e+01 9.937828e-01 -3.431365e-02 1.059163e-01 -2.154398e+01 -1.866748e-02 -9.892082e-01 -1.453224e-01 2.119092e+01
6.605830e-02 9.629537e-01 -2.614508e-01 7.572548e+01 -4.813007e-01 -1.987759e-01 -8.537200e-01 -2.185051e+01 -8.740629e-01 1.822317e-01 4.503395e-01 2.105049e+01
-4.761322e-01 -6.098495e-01 -6.335468e-01 7.621008e+01 8.477053e-01 -5.099108e-01 -1.462415e-01 -2.226762e+01 -2.338671e-01 -6.066913e-01 7.597578e-01 2.108982e+01
-3.742924e-01 9.244605e-01 -7.265023e-02 7.654890e+01 -9.272030e-01 -3.742931e-01 1.412058e-02 -2.265298e+01 -1.413861e-02 7.264669e-02 9.972575e-01 2.119301e+01
