9.782468e-01 1.762525e-02 -2.066942e-01 1.241598e-01 -3.259698e-02 9.970664e-01 -6.925376e-02 -7.197328e-02 2.048672e-01 7.448489e-02 9.759516e-01 -1.229908e-02
9.584056e-01 -2.639086e-01 -1.086782e-01 4.415143e-01 2.459215e-01 9.568438e-01 -1.548309e-01 -5.223515e-01 1.448492e-01 1.216645e-01 9.819451e-01 7.281324e-02
9.708594e-01 6.116661e-04 -2.396491e-01 8.038455e-01 -1.297490e-03 9.999955e-01 -2.704063e-03 -9.631579e-01 2.396465e-01 2.936232e-03 9.708559e-01 1.640953e-01
9.738640e-01 -1.747398e-01 -1.451028e-01 1.186748e+00 1.352361e-01 9.593607e-01 -2.476655e-01 -1.393551e+00 1.824829e-01 2.215694e-01 9.579180e-01 2.035098e-01
9.620181e-01 -1.775426e-01 -2.073640e-01 1.741072e+00 1.902619e-01 9.807942e-01 4.293210e-02 -1.729802e+00 1.957592e-01 -8.075492e-02 9.773214e-01 3.388892e-01
9.900767e-01 -7.940978e-02 -1.159395e-01 2.170703e+00 5.629291e-02 9.800622e-01 -1.905495e-01 -2.064418e+00 1.287593e-01 1.821321e-01 9.748071e-01 5.156024e-01
9.606492e-01 -2.088992e-01 -1.830694e-01 2.587797e+00 2.044326e-01 9.779289e-01 -4.315623e-02 -2.389690e+00 1.880442e-01 4.032622e-03 9.821523e-01 6.482138e-01
9.827588e-01 1.757676e-03 -1.848833e-01 2.872235e+00 -3.023306e-02 9.880235e-01 -1.513128e-01 -2.709319e+00 1.824030e-01 1.542936e-01 9.710420e-01 6.661324e-01
9.337566e-01 -3.405950e-01 -1.099725e-01 3.456599e+00 3.406481e-01 9.400011e-01 -1.888881e-02 -2.960434e+00 1.098077e-01 -1.982438e-02 9.937551e-01 8.052932e-01
9.784368e-01 -1.045632e-02 2.062814e-01 3.801689e+00 -2.431741e-02 9.859401e-01 1.653200e-01 -2.990794e+00 -2.051097e-01 -1.667714e-01 9.644259e-01 1.035525e+00
9.375549e-01 -2.845024e-01 -2.001235e-01 4.127557e+00 2.548636e-01 9.534125e-01 -1.613977e-01 -3.012636e+00 2.367183e-01 1.003150e-01 9.663857e-01 1.107751e+00
9.460038e-01 -5.740681e-02 3.190316e-01 4.467187e+00 1.802668e-02 9.919871e-01 1.250459e-01 -2.994028e+00 -3.236538e-01 -1.125429e-01 9.394585e-01 1.220843e+00
9.350922e-01 -2.573797e-01 -2.436358e-01 4.774646e+00 2.607032e-01 9.652304e-01 -1.908237e-02 -2.998582e+00 2.400761e-01 -4.567288e-02 9.696790e-01 1.321417e+00
9.746138e-01 -1.081530e-01 1.960376e-01 5.119141e+00 1.253855e-01 9.890606e-01 -7.770171e-02 -3.056236e+00 -1.854894e-01 1.003094e-01 9.775130e-01 1.446602e+00
8.947649e-01 -4.525495e-02 -4.442384e-01 5.275122e+00 3.713092e-02 9.989463e-01 -2.697592e-02 -3.108555e+00 4.449911e-01 7.642101e-03 8.955024e-01 1.516433e+00
9.472593e-01 -3.077368e-01 8.943066e-02 5.878664e+00 3.118628e-01 9.494369e-01 -3.620921e-02 -3.399649e+00 -7.376587e-02 6.218960e-02 9.953346e-01 1.517071e+00
9.890561e-01 -4.126521e-02 -1.416519e-01 6.251019e+00 3.063572e-02 9.966053e-01 -7.641738e-02 -3.494902e+00 1.443244e-01 7.124146e-02 9.869626e-01 1.663676e+00
9.640756e-01 -1.787194e-01 1.965137e-01 6.570307e+00 1.353212e-01 9.670559e-01 2.156173e-01 -3.491981e+00 -2.285747e-01 -1.812789e-01 9.564996e-01 1.825632e+00
9.960565e-01 2.511350e-02 -8.509224e-02 7.002920e+00 -2.686098e-02 9.994500e-01 -1.945412e-02 -3.468637e+00 8.455686e-02 2.166309e-02 9.961831e-01 1.965730e+00
9.872673e-01 -2.114189e-02 -1.576586e-01 7.149110e+00 1.209185e-02 9.982350e-01 -5.814248e-02 -3.557093e+00 1.586096e-01 5.549577e-02 9.857805e-01 2.016856e+00
9.449643e-01 -3.227935e-01 -5.335555e-02 7.662304e+00 3.157685e-01 9.424975e-01 -1.094940e-01 -3.780114e+00 8.563143e-02 8.661995e-02 9.925544e-01 2.103979e+00
9.917616e-01 4.213272e-02 1.209701e-01 8.015755e+00 -5.626793e-02 9.916634e-01 1.159196e-01 -3.810703e+00 -1.150777e-01 -1.217714e-01 9.858645e-01 2.239601e+00
9.476838e-01 -3.092884e-01 -7.896900e-02 8.398661e+00 2.958160e-01 9.438928e-01 -1.468312e-01 -3.834733e+00 1.199514e-01 1.157892e-01 9.860043e-01 2.373915e+00
9.858602e-01 1.660273e-01 2.268247e-02 8.807022e+00 -1.672178e-01 9.835025e-01 6.899997e-02 -3.864248e+00 -1.085238e-02 -7.181724e-02 9.973588e-01 2.456650e+00
7.740109e-01 -6.144517e-01 -1.528274e-01 9.329727e+00 6.123393e-01 7.878178e-01 -6.621046e-02 -4.037142e+00 1.610833e-01 -4.233463e-02 9.860324e-01 2.485619e+00
8.411544e-01 5.144633e-01 1.666932e-01 9.733586e+00 -5.216928e-01 8.531333e-01 -4.901112e-04 -4.050731e+00 -1.424637e-01 -8.655036e-02 9.860087e-01 2.528801e+00
6.196093e-01 -7.287248e-01 -2.916242e-01 1.018867e+01 6.895428e-01 6.828622e-01 -2.413092e-01 -4.207233e+00 3.749871e-01 -5.156993e-02 9.255945e-01 2.539263e+00
7.700110e-01 6.108079e-01 1.843817e-01 1.068441e+01 -6.297517e-01 7.739947e-01 6.591587e-02 -4.387146e+00 -1.024485e-01 -1.668706e-01 9.806419e-01 2.426155e+00
6.849425e-01 -6.416269e-01 -3.452084e-01 1.128229e+01 5.610137e-01 7.667550e-01 -3.120105e-01 -4.593069e+00 4.648844e-01 2.004260e-02 8.851445e-01 2.244108e+00
8.897084e-01 2.722163e-01 3.664931e-01 1.192805e+01 -3.580621e-01 9.141030e-01 1.902822e-01 -4.840332e+00 -2.832144e-01 -3.005229e-01 9.107555e-01 2.283592e+00
8.401436e-01 -4.127583e-01 -3.518373e-01 1.225422e+01 3.240915e-01 9.022179e-01 -2.845482e-01 -4.929612e+00 4.348834e-01 1.250339e-01 8.917640e-01 2.232119e+00
9.508124e-01 1.586452e-02 3.093606e-01 1.269227e+01 -7.781970e-02 9.788930e-01 1.889777e-01 -5.125392e+00 -2.998328e-01 -2.037567e-01 9.319782e-01 2.252403e+00
8.316390e-01 -4.035522e-01 -3.814740e-01 1.309724e+01 3.812172e-01 9.143925e-01 -1.362348e-01 -5.152097e+00 4.037947e-01 -3.212626e-02 9.142854e-01 2.305714e+00
9.555602e-01 4.100183e-03 2.947674e-01 1.352861e+01 -3.132891e-03 9.999880e-01 -3.753624e-03 -5.257315e+00 -2.947791e-01 2.663317e-03 9.555617e-01 2.387630e+00
8.947258e-01 -2.567521e-01 -3.654372e-01 1.391506e+01 3.358566e-01 9.261501e-01 1.715990e-01 -5.340042e+00 2.943912e-01 -2.762685e-01 9.148823e-01 2.404817e+00
9.968348e-01 -6.848407e-02 4.037553e-02 1.426620e+01 7.681062e-02 9.606394e-01 -2.669682e-01 -5.407600e+00 -2.050317e-02 2.692244e-01 9.628591e-01 2.465626e+00
9.646347e-01 -2.411604e-01 -1.064033e-01 1.465382e+01 2.635901e-01 8.817773e-01 3.911381e-01 -5.459378e+00 -5.030505e-04 -4.053522e-01 9.141605e-01 2.560073e+00
9.930618e-01 1.724719e-02 -1.163218e-01 1.501924e+01 -5.408062e-02 9.453545e-01 -3.215279e-01 -5.510067e+00 1.044200e-01 3.255877e-01 9.397281e-01 2.641240e+00
9.032954e-01 -4.243804e-01 -6.291927e-02 1.533706e+01 4.089353e-01 8.073520e-01 4.253878e-01 -5.564007e+00 -1.297282e-01 -4.099806e-01 9.028215e-01 2.762391e+00
9.547136e-01 2.005805e-01 -2.197483e-01 1.568029e+01 -2.494776e-01 9.421370e-01 -2.239168e-01 -5.561352e+00 1.621197e-01 2.685987e-01 9.495113e-01 2.806131e+00
8.433602e-01 -5.055999e-01 1.819679e-01 1.601890e+01 4.283664e-01 8.370402e-01 3.403910e-01 -5.525391e+00 -3.244161e-01 -2.091232e-01 9.225085e-01 2.885916e+00
9.189881e-01 2.389042e-01 -3.136650e-01 1.623826e+01 -2.965617e-01 9.430665e-01 -1.505879e-01 -5.598643e+00 2.598309e-01 2.314095e-01 9.375166e-01 3.055062e+00
8.793450e-01 -4.717902e-01 6.454737e-02 1.663085e+01 4.577772e-01 8.748742e-01 1.582251e-01 -5.725296e+00 -1.311198e-01 -1.095860e-01 9.852912e-01 3.186557e+00
9.045102e-01 2.464676e-01 -3.480158e-01 1.705980e+01 -2.603248e-01 9.654945e-01 7.174022e-03 -5.912542e+00 3.377755e-01 8.410809e-02 9.374611e-01 3.233113e+00
8.389213e-01 -4.828918e-01 2.510509e-01 1.740021e+01 4.412454e-01 8.734986e-01 2.056760e-01 -5.991725e+00 -3.186118e-01 -6.177089e-02 9.458705e-01 3.296137e+00
8.985844e-01 3.051639e-01 -3.153109e-01 1.768124e+01 -3.047669e-01 9.510133e-01 5.187313e-02 -6.049893e+00 3.156946e-01 4.948391e-02 9.475695e-01 3.374226e+00
8.746500e-01 -4.109689e-01 2.570834e-01 1.810160e+01 3.968547e-01 9.116112e-01 1.071049e-01 -6.140495e+00 -2.783768e-01 8.345481e-03 9.604358e-01 3.348342e+00
9.166510e-01 2.896109e-01 -2.754567e-01 1.848513e+01 -2.251966e-01 9.436033e-01 2.426918e-01 -6.298076e+00 3.302080e-01 -1.604318e-01 9.301743e-01 3.385717e+00
7.960587e-01 -4.607641e-01 3.924118e-01 1.888222e+01 5.329049e-01 8.409826e-01 -9.359812e-02 -6.378230e+00 -2.868848e-01 2.836277e-01 9.150151e-01 3.409505e+00
6.483339e-01 4.334543e-01 -6.259237e-01 1.938501e+01 -1.946344e-01 8.891588e-01 4.141426e-01 -6.593072e+00 7.360574e-01 -1.466764e-01 6.608368e-01 3.448114e+00
8.433681e-01 -1.922744e-01 5.017578e-01 2.011856e+01 4.119118e-01 8.309691e-01 -3.739238e-01 -6.729450e+00 -3.450492e-01 5.220353e-01 7.800130e-01 3.395462e+00
7.790694e-01 2.184649e-01 -5.876426e-01 2.085623e+01 4.746508e-03 9.352401e-01 3.539822e-01 -6.941080e+00 6.269196e-01 -2.785659e-01 7.275800e-01 3.274102e+00
9.248297e-01 -3.184014e-02 3.790467e-01 2.153236e+01 2.404500e-01 8.210796e-01 -5.176988e-01 -7.217349e+00 -2.947438e-01 5.699249e-01 7.670148e-01 3.180236e+00
7.629241e-01 4.244136e-02 -6.450934e-01 2.215945e+01 2.651733e-01 8.894957e-01 3.721298e-01 -7.459605e+00 5.896014e-01 -4.549683e-01 6.673634e-01 3.078790e+00
9.677878e-01 2.169681e-01 1.277175e-01 2.281803e+01 -1.142011e-01 8.304033e-01 -5.453334e-01 -7.698407e+00 -2.243769e-01 5.131815e-01 8.284321e-01 2.950168e+00
7.791677e-01 -2.233592e-01 -5.856691e-01 2.347404e+01 4.578339e-01 8.409692e-01 2.883730e-01 -7.868695e+00 4.281189e-01 -4.928301e-01 7.575175e-01 2.796132e+00
8.944352e-01 4.467196e-01 -2.067338e-02 2.396332e+01 -4.166079e-01 8.155579e-01 -4.016257e-01 -8.116167e+00 -1.625538e-01 3.678409e-01 9.155705e-01 2.626330e+00
6.755087e-01 -5.684031e-01 -4.696868e-01 2.463022e+01 6.643912e-01 7.454765e-01 5.337794e-02 -8.279151e+00 3.198003e-01 -3.481131e-01 8.812179e-01 2.513914e+00
7.030157e-01 6.830275e-01 -1.980973e-01 2.517001e+01 -7.062876e-01 7.031504e-01 -8.208138e-02 -8.487838e+00 8.322829e-02 1.976182e-01 9.767396e-01 2.273593e+00
6.581739e-01 -7.181436e-01 -2.260017e-01 2.573020e+01 6.455304e-01 6.927881e-01 -3.214578e-01 -8.693525e+00 3.874242e-01 6.568407e-02 9.195586e-01 2.009157e+00
7.468527e-01 6.576346e-01 -9.862986e-02 2.637369e+01 -6.005519e-01 7.307148e-01 3.246434e-01 -8.864330e+00 2.855670e-01 -1.832284e-01 9.406801e-01 1.804129e+00
7.594046e-01 -6.497364e-01 -3.387084e-02 2.711448e+01 5.223719e-01 6.399222e-01 -5.635843e-01 -9.054987e+00 3.878559e-01 4.102953e-01 8.253638e-01 1.687601e+00
8.863070e-01 4.594909e-01 5.768938e-02 2.777468e+01 -4.068967e-01 7.131976e-01 5.707752e-01 -9.234901e+00 2.211220e-01 -5.293556e-01 8.190774e-01 1.654835e+00
8.839821e-01 -4.294650e-01 -1.847576e-01 2.845325e+01 1.556758e-01 6.430241e-01 -7.498567e-01 -9.446644e+00 4.408407e-01 6.340975e-01 6.352791e-01 1.463760e+00
9.900520e-01 1.225551e-01 -6.911793e-02 2.915174e+01 -4.451251e-02 7.388234e-01 6.724275e-01 -9.627083e+00 1.334754e-01 -6.626615e-01 7.369288e-01 1.324445e+00
9.104572e-01 -1.485059e-01 -3.860229e-01 2.991380e+01 -1.842970e-01 6.898761e-01 -7.000754e-01 -9.812974e+00 3.702732e-01 7.085315e-01 6.007335e-01 1.231414e+00
9.739899e-01 -2.222503e-01 -4.414259e-02 3.062395e+01 2.009482e-01 7.571922e-01 6.215142e-01 -9.984730e+00 -1.047073e-01 -6.142189e-01 7.821583e-01 1.105927e+00
9.028353e-01 3.591983e-02 -4.284833e-01 3.136131e+01 -3.232791e-01 7.137495e-01 -6.213310e-01 -1.010370e+01 2.835116e-01 6.994794e-01 6.560105e-01 1.067362e+00
9.432834e-01 -3.229233e-01 -7.705233e-02 3.201753e+01 3.009553e-01 7.337774e-01 6.090950e-01 -1.024490e+01 -1.401518e-01 -5.977385e-01 7.893454e-01 1.003921e+00
9.356949e-01 -1.709267e-02 -3.523956e-01 3.254045e+01 -2.248228e-01 7.408777e-01 -6.328941e-01 -1.042712e+01 2.718999e-01 6.714225e-01 6.893927e-01 1.067325e+00
9.795507e-01 -1.620116e-01 1.193010e-01 3.287395e+01 4.241578e-02 7.459136e-01 6.646908e-01 -1.038149e+01 -1.966759e-01 -6.460381e-01 7.375320e-01 9.926968e-01
8.453376e-01 -4.345411e-01 -3.107704e-01 3.337015e+01 7.128072e-02 6.682558e-01 -7.405088e-01 -1.062987e+01 5.294557e-01 6.038280e-01 5.958762e-01 1.067027e+00
7.834567e-01 1.820794e-02 6.211796e-01 3.370172e+01 -4.651650e-01 6.800097e-01 5.667524e-01 -1.067226e+01 -4.120889e-01 -7.329770e-01 5.412278e-01 1.140325e+00
8.061758e-01 -5.098582e-01 -3.002083e-01 3.402899e+01 1.664802e-01 6.823548e-01 -7.118119e-01 -1.069033e+01 5.677718e-01 5.238668e-01 6.349793e-01 1.234426e+00
7.689139e-01 1.556801e-01 6.201091e-01 3.434966e+01 -5.149084e-01 7.257310e-01 4.562718e-01 -1.071629e+01 -3.790000e-01 -6.701330e-01 6.381856e-01 1.295490e+00
7.236342e-01 -6.240361e-01 -2.948430e-01 3.465307e+01 2.836155e-01 6.583221e-01 -6.972620e-01 -1.073530e+01 6.292183e-01 4.209406e-01 6.533707e-01 1.373510e+00
6.568696e-01 2.476766e-01 7.121648e-01 3.500687e+01 -6.172678e-01 7.190620e-01 3.192654e-01 -1.075703e+01 -4.330161e-01 -6.493121e-01 6.252127e-01 1.450136e+00
6.759288e-01 -6.704705e-01 -3.059238e-01 3.535377e+01 4.125335e-01 6.882075e-01 -5.968136e-01 -1.075814e+01 6.106850e-01 2.771998e-01 7.417709e-01 1.520635e+00
6.073978e-01 3.692747e-01 7.033522e-01 3.569239e+01 -6.360872e-01 7.564682e-01 1.521476e-01 -1.078980e+01 -4.758793e-01 -5.398074e-01 6.943680e-01 1.605456e+00
5.962566e-01 -7.271785e-01 -3.401313e-01 3.603801e+01 5.287427e-01 6.745312e-01 -5.152076e-01 -1.083042e+01 6.040770e-01 1.273540e-01 7.866841e-01 1.685927e+00
5.607127e-01 5.145846e-01 6.486942e-01 3.639649e+01 -6.972918e-01 7.159427e-01 3.478867e-02 -1.086019e+01 -4.465261e-01 -4.718356e-01 7.602537e-01 1.745029e+00
5.444700e-01 -7.741418e-01 -3.228882e-01 3.675328e+01 6.319457e-01 6.317216e-01 -4.489682e-01 -1.088607e+01 5.515405e-01 4.040199e-02 8.331691e-01 1.823257e+00
4.591782e-01 6.421397e-01 6.138502e-01 3.706126e+01 -7.686740e-01 6.335869e-01 -8.779526e-02 -1.090068e+01 -4.453043e-01 -4.315370e-01 7.845253e-01 1.869571e+00
4.473328e-01 -7.875869e-01 -4.237925e-01 3.735201e+01 7.071708e-01 6.015681e-01 -3.715176e-01 -1.093859e+01 5.475424e-01 -1.335016e-01 8.260597e-01 1.917297e+00
4.300189e-01 7.168418e-01 5.488366e-01 3.764930e+01 -7.519481e-01 6.208228e-01 -2.217052e-01 -1.096604e+01 -4.996578e-01 -3.173592e-01 8.059933e-01 1.974135e+00
4.329622e-01 -8.108582e-01 -3.937672e-01 3.797705e+01 7.955283e-01 5.491384e-01 -2.560895e-01 -1.097713e+01 4.238849e-01 -2.023758e-01 8.828168e-01 2.071599e+00
5.464507e-01 6.809041e-01 4.876078e-01 3.826736e+01 -7.041735e-01 6.887292e-01 -1.726030e-01 -1.102604e+01 -4.533557e-01 -2.490414e-01 8.558311e-01 2.162066e+00
5.467057e-01 -7.500020e-01 -3.723034e-01 3.863298e+01 7.414540e-01 6.402148e-01 -2.009254e-01 -1.103013e+01 3.890486e-01 -1.661987e-01 9.061011e-01 2.213585e+00
4.033260e-01 7.179662e-01 5.673207e-01 3.895237e+01 -7.094967e-01 6.368996e-01 -3.016178e-01 -1.103314e+01 -5.778777e-01 -2.808619e-01 7.662728e-01 2.262174e+00
4.174701e-01 -6.878994e-01 -5.937281e-01 3.926675e+01 7.922220e-01 5.955652e-01 -1.329900e-01 -1.108137e+01 4.450875e-01 -4.148450e-01 7.935998e-01 2.290526e+00
4.308153e-01 7.234360e-01 5.394799e-01 3.957748e+01 -5.803836e-01 6.798828e-01 -4.482348e-01 -1.111540e+01 -6.910522e-01 -1.199989e-01 7.127743e-01 2.336869e+00
3.492779e-01 -7.371071e-01 -5.785137e-01 3.985847e+01 8.382386e-01 5.217146e-01 -1.586504e-01 -1.112017e+01 4.187613e-01 -4.295193e-01 8.000950e-01 2.406963e+00
3.676796e-01 8.947795e-01 2.533403e-01 4.020872e+01 -7.195455e-01 4.463092e-01 -5.320362e-01 -1.116088e+01 -5.891231e-01 1.332900e-02 8.079334e-01 2.474918e+00
2.487768e-01 -8.326650e-01 -4.947516e-01 4.064916e+01 9.457497e-01 3.190427e-01 -6.139452e-02 -1.127335e+01 2.089679e-01 -4.526375e-01 8.668631e-01 2.578534e+00
2.461063e-01 9.450805e-01 2.150687e-01 4.097858e+01 -8.371701e-01 3.190936e-01 -4.442135e-01 -1.125341e+01 -4.884445e-01 -7.072531e-02 8.697241e-01 2.658026e+00
1.158963e-01 -8.818065e-01 -4.571491e-01 4.134353e+01 9.882967e-01 1.483368e-01 -3.557788e-02 -1.127130e+01 9.918481e-02 -4.476755e-01 8.886782e-01 2.756911e+00
2.184975e-01 9.734775e-01 6.782563e-02 4.160608e+01 -8.329318e-01 2.222610e-01 -5.067788e-01 -1.127119e+01 -5.084127e-01 5.423575e-02 8.594039e-01 2.838058e+00
2.056031e-01 -8.664546e-01 -4.549547e-01 4.192309e+01 9.749057e-01 1.407922e-01 1.724427e-01 -1.128317e+01 -8.535972e-02 -4.789925e-01 8.736588e-01 2.891462e+00
3.415556e-01 9.288142e-01 -1.436796e-01 4.219258e+01 -8.228503e-01 2.216470e-01 -5.232496e-01 -1.130188e+01 -4.541554e-01 2.969457e-01 8.399799e-01 2.986977e+00
1.773001e-01 -9.252149e-01 -3.354728e-01 4.250617e+01 9.500202e-01 7.190047e-02 3.037960e-01 -1.130727e+01 -2.569560e-01 -3.725689e-01 8.917208e-01 3.092694e+00
4.268582e-01 8.808531e-01 -2.046704e-01 4.286532e+01 -8.152162e-01 2.768519e-01 -5.087000e-01 -1.132304e+01 -3.914265e-01 3.839933e-01 8.362622e-01 3.216291e+00
4.321297e-01 -8.526217e-01 -2.937689e-01 4.317744e+01 8.101064e-01 2.238887e-01 5.418501e-01 -1.131543e+01 -3.962216e-01 -4.721335e-01 7.874631e-01 3.314917e+00
5.729880e-01 7.519117e-01 -3.260578e-01 4.347546e+01 -7.618147e-01 3.419516e-01 -5.501887e-01 -1.132264e+01 -3.021973e-01 5.636470e-01 7.687515e-01 3.423965e+00
4.501291e-01 -8.738901e-01 -1.835756e-01 4.380554e+01 7.556608e-01 2.632469e-01 5.997315e-01 -1.133640e+01 -4.757736e-01 -4.086774e-01 7.788595e-01 3.521459e+00
5.782297e-01 6.646943e-01 -4.731088e-01 4.414046e+01 -8.069192e-01 3.802355e-01 -4.519982e-01 -1.134670e+01 -1.205478e-01 6.431193e-01 7.562181e-01 3.616923e+00
4.734476e-01 -8.785112e-01 -6.376113e-02 4.448281e+01 6.792712e-01 3.180712e-01 6.613783e-01 -1.135420e+01 -5.607476e-01 -3.564391e-01 7.473374e-01 3.698919e+00
6.740268e-01 5.440580e-01 -4.996887e-01 4.484765e+01 -7.379360e-01 4.650074e-01 -4.890998e-01 -1.138516e+01 -3.373974e-02 6.984046e-01 7.149075e-01 3.816741e+00
5.115531e-01 -8.561798e-01 7.259113e-02 4.517708e+01 5.431294e-01 3.876588e-01 7.448027e-01 -1.139622e+01 -6.658256e-01 -3.415798e-01 6.633245e-01 3.931376e+00
6.351104e-01 4.278679e-01 -6.430893e-01 4.549584e+01 -7.472761e-01 5.510568e-01 -3.713689e-01 -1.141100e+01 1.954819e-01 7.164255e-01 6.697174e-01 4.007089e+00
4.617520e-01 -8.086474e-01 3.645195e-01 4.588094e+01 4.382776e-01 5.652824e-01 6.988337e-01 -1.143200e+01 -7.711664e-01 -1.629271e-01 6.154323e-01 4.099478e+00
5.437789e-01 2.959054e-01 -7.853309e-01 4.620096e+01 -6.602416e-01 7.284996e-01 -1.826727e-01 -1.144481e+01 5.180594e-01 6.178417e-01 5.915118e-01 4.245647e+00
3.653128e-01 -7.436021e-01 5.600023e-01 4.649847e+01 3.045880e-01 6.639492e-01 6.829331e-01 -1.143146e+01 -8.796434e-01 -7.891423e-02 4.690414e-01 4.351041e+00
4.589301e-01 2.032721e-01 -8.649068e-01 4.679278e+01 -6.065486e-01 7.830103e-01 -1.378175e-01 -1.144132e+01 6.492164e-01 5.878566e-01 4.826414e-01 4.427522e+00
3.580441e-01 -5.957620e-01 7.189382e-01 4.707181e+01 1.986247e-01 8.009594e-01 5.648117e-01 -1.141880e+01 -9.123335e-01 -5.942864e-02 4.051118e-01 4.498099e+00
5.325886e-01 9.188112e-02 -8.413723e-01 4.736744e+01 -4.321623e-01 8.842560e-01 -1.769945e-01 -1.143346e+01 7.277260e-01 4.578746e-01 5.106522e-01 4.583648e+00
3.917291e-01 -4.356182e-01 8.104228e-01 4.768892e+01 1.177403e-01 8.973091e-01 4.254099e-01 -1.141821e+01 -9.125160e-01 -7.122606e-02 4.027919e-01 4.660277e+00
4.870079e-01 -6.399720e-02 -8.710499e-01 4.806662e+01 -2.589756e-01 9.418798e-01 -2.139955e-01 -1.144666e+01 8.341193e-01 3.297981e-01 4.421292e-01 4.764744e+00
3.931397e-01 -2.635850e-01 8.808882e-01 4.846348e+01 1.023014e-01 9.646210e-01 2.429830e-01 -1.145389e+01 -9.137699e-01 -5.410211e-03 4.061960e-01 4.890792e+00
3.177538e-01 -3.425529e-02 -9.475544e-01 4.878953e+01 -6.252471e-02 9.964151e-01 -5.698868e-02 -1.147577e+01 9.461095e-01 7.735393e-02 3.144728e-01 5.036293e+00
1.823693e-01 -7.474341e-02 9.803850e-01 4.913513e+01 1.537257e-02 9.972013e-01 7.316591e-02 -1.148228e+01 -9.831098e-01 1.727736e-03 1.830080e-01 5.160399e+00
2.552025e-01 -1.496716e-02 -9.667719e-01 4.944527e+01 6.202149e-02 9.980744e-01 9.203616e-04 -1.148926e+01 9.648964e-01 -6.019551e-02 2.556393e-01 5.277992e+00
2.755745e-01 4.547126e-02 9.602037e-01 4.977720e+01 2.270893e-01 9.675284e-01 -1.109918e-01 -1.147888e+01 -9.340712e-01 2.486384e-01 2.563001e-01 5.408468e+00
2.478376e-01 1.314854e-01 -9.598376e-01 5.007813e+01 3.518867e-01 9.108658e-01 2.156369e-01 -1.145393e+01 9.026363e-01 -3.911970e-01 1.794788e-01 5.597576e+00
3.246307e-01 2.161712e-01 9.208067e-01 5.029950e+01 3.675451e-01 8.681917e-01 -3.333972e-01 -1.143140e+01 -8.715076e-01 4.466688e-01 2.023891e-01 5.728661e+00
5.112374e-01 3.530519e-01 -7.835756e-01 5.060016e+01 2.649114e-01 8.026022e-01 5.344640e-01 -1.141116e+01 8.175930e-01 -4.808160e-01 3.167928e-01 5.838795e+00
4.656775e-01 1.580115e-01 8.707335e-01 5.096576e+01 5.288248e-01 7.392425e-01 -4.169710e-01 -1.142108e+01 -7.095694e-01 6.546394e-01 2.606882e-01 6.066245e+00
6.637633e-01 5.184789e-01 -5.390714e-01 5.128027e+01 1.660931e-01 6.005646e-01 7.821351e-01 -1.140204e+01 7.292677e-01 -6.086886e-01 3.125169e-01 6.304784e+00
5.108248e-01 -3.933579e-02 8.587844e-01 5.154149e+01 7.201867e-01 5.650882e-01 -4.025003e-01 -1.138736e+01 -4.694563e-01 8.240921e-01 3.169902e-01 6.520613e+00
7.343104e-01 6.225489e-01 -2.705940e-01 5.187922e+01 -3.170845e-02 4.296502e-01 9.024386e-01 -1.141341e+01 6.780729e-01 -6.540898e-01 3.352367e-01 6.745384e+00
6.069978e-01 -2.491371e-01 7.546419e-01 5.219665e+01 7.884084e-01 3.080704e-01 -5.324517e-01 -1.140627e+01 -9.982939e-02 9.181629e-01 3.834198e-01 6.960636e+00
7.667956e-01 6.357486e-01 8.859038e-02 5.251452e+01 -3.320587e-01 2.747648e-01 9.023533e-01 -1.140333e+01 5.493283e-01 -7.213377e-01 4.217942e-01 7.165853e+00
5.684160e-01 -5.583068e-01 6.043151e-01 5.284484e+01 8.062353e-01 2.315937e-01 -5.443794e-01 -1.136732e+01 1.639752e-01 7.966541e-01 5.817682e-01 7.281667e+00
7.079861e-01 6.233912e-01 3.318722e-01 5.315329e+01 -5.893331e-01 2.625605e-01 7.640344e-01 -1.135028e+01 3.891557e-01 -7.365089e-01 5.532743e-01 7.435427e+00
5.500571e-01 -7.644033e-01 3.363404e-01 5.343555e+01 7.419632e-01 2.624562e-01 -6.169338e-01 -1.131999e+01 3.833115e-01 5.889009e-01 7.115250e-01 7.597482e+00
5.589533e-01 5.815482e-01 5.910778e-01 5.371888e+01 -8.219001e-01 2.941910e-01 4.877827e-01 -1.128243e+01 1.097794e-01 -7.584546e-01 6.424136e-01 7.766368e+00
4.339458e-01 -8.982598e-01 6.942833e-02 5.401990e+01 7.764846e-01 3.338074e-01 -5.344570e-01 -1.125315e+01 4.569055e-01 2.858353e-01 8.423392e-01 7.926472e+00
4.233662e-01 6.229177e-01 6.578257e-01 5.429728e+01 -8.869544e-01 4.329357e-01 1.608682e-01 -1.121926e+01 -1.845887e-01 -6.515675e-01 7.357900e-01 8.091204e+00
3.240308e-01 -8.936759e-01 -3.103989e-01 5.459406e+01 7.808113e-01 4.378885e-01 -4.456315e-01 -1.117198e+01 5.341702e-01 -9.796470e-02 8.396815e-01 8.256917e+00
4.591285e-01 6.547902e-01 6.003756e-01 5.489245e+01 -7.757245e-01 6.248669e-01 -8.827727e-02 -1.121911e+01 -4.329580e-01 -4.251954e-01 7.948311e-01 8.393191e+00
3.430402e-01 -7.752746e-01 -5.303514e-01 5.505425e+01 7.163676e-01 5.811289e-01 -3.861432e-01 -1.130886e+01 6.075696e-01 -2.474640e-01 7.547322e-01 8.549163e+00
5.013607e-01 5.883978e-01 6.343701e-01 5.532118e+01 -6.208911e-01 7.552877e-01 -2.098447e-01 -1.142787e+01 -6.026042e-01 -2.886668e-01 7.440026e-01 8.733344e+00
3.899953e-01 -6.223835e-01 -6.786327e-01 5.541552e+01 4.705161e-01 7.682056e-01 -4.341368e-01 -1.155389e+01 7.915291e-01 -1.499963e-01 5.924380e-01 8.717104e+00
7.069096e-01 4.285176e-01 5.627179e-01 5.583143e+01 -3.640017e-01 9.025464e-01 -2.300276e-01 -1.177258e+01 -6.064499e-01 -4.222148e-02 7.940000e-01 8.886353e+00
7.891291e-01 -3.450683e-01 -5.081369e-01 5.612461e+01 4.047371e-01 9.144015e-01 7.594035e-03 -1.178721e+01 4.620207e-01 -2.116546e-01 8.612428e-01 8.893469e+00
6.434070e-01 4.809496e-01 5.955795e-01 5.638074e+01 -3.911996e-01 8.753148e-01 -2.842302e-01 -1.181140e+01 -6.580200e-01 -5.011463e-02 7.513311e-01 8.927859e+00
7.153784e-01 -4.514386e-01 -5.333263e-01 5.668109e+01 5.167716e-01 8.555610e-01 -3.102426e-02 -1.181076e+01 4.702987e-01 -2.534139e-01 8.453404e-01 8.992181e+00
6.579556e-01 4.452725e-01 6.073112e-01 5.691432e+01 -3.401959e-01 8.952291e-01 -2.878048e-01 -1.180202e+01 -6.718342e-01 -1.724185e-02 7.405009e-01 9.118580e+00
6.508815e-01 -7.459714e-02 -7.555054e-01 5.714877e+01 3.938947e-01 8.839157e-01 2.520712e-01 -1.182324e+01 6.489993e-01 -4.616582e-01 6.047078e-01 9.351062e+00
7.689339e-01 1.676284e-01 6.169614e-01 5.757893e+01 5.736274e-02 9.430337e-01 -3.277147e-01 -1.188443e+01 -6.367497e-01 2.873816e-01 7.155150e-01 9.610989e+00
8.513630e-01 1.684654e-01 -4.967901e-01 5.790146e+01 5.590319e-02 9.125001e-01 4.052387e-01 -1.189104e+01 5.215897e-01 -3.727775e-01 7.674510e-01 9.678294e+00
7.803142e-01 3.917306e-02 6.241597e-01 5.818355e+01 2.465452e-01 8.979393e-01 -3.645826e-01 -1.191958e+01 -5.747393e-01 4.383726e-01 6.910169e-01 9.760144e+00
8.663747e-01 2.938643e-01 -4.037804e-01 5.849727e+01 -7.061498e-02 8.725040e-01 4.834773e-01 -1.193542e+01 4.943768e-01 -3.903596e-01 7.766665e-01 9.806437e+00
7.804062e-01 -4.288878e-02 6.238003e-01 5.878647e+01 3.329562e-01 8.729425e-01 -3.565270e-01 -1.194517e+01 -5.292508e-01 4.859342e-01 6.955299e-01 9.877152e+00
8.543246e-01 2.901562e-01 -4.312062e-01 5.906982e+01 -1.002319e-01 9.060629e-01 4.111004e-01 -1.198187e+01 5.099833e-01 -3.079926e-01 8.031547e-01 9.943662e+00
7.388588e-01 -5.448872e-02 6.716537e-01 5.933453e+01 2.568155e-01 9.442712e-01 -2.059071e-01 -1.197398e+01 -6.230037e-01 3.246274e-01 7.116767e-01 1.000351e+01
8.669034e-01 3.059678e-01 -3.935253e-01 5.958756e+01 -1.678315e-01 9.225209e-01 3.475454e-01 -1.195508e+01 4.693731e-01 -2.352423e-01 8.510875e-01 1.008531e+01
7.007418e-01 -1.573101e-01 6.958552e-01 5.985042e+01 3.417483e-01 9.302097e-01 -1.338582e-01 -1.194466e+01 -6.262341e-01 3.316074e-01 7.055973e-01 1.017670e+01
7.617280e-01 4.760885e-01 -4.394429e-01 6.015234e+01 -3.347638e-01 8.699176e-01 3.621830e-01 -1.194204e+01 5.547104e-01 -1.287753e-01 8.220178e-01 1.021548e+01
6.843943e-01 -3.353162e-01 6.474315e-01 6.043439e+01 4.638926e-01 8.853185e-01 -3.185487e-02 -1.194971e+01 -5.625017e-01 3.221400e-01 7.614577e-01 1.027885e+01
7.528743e-01 4.839739e-01 -4.460376e-01 6.071662e+01 -3.971443e-01 8.744773e-01 2.785065e-01 -1.194290e+01 5.248397e-01 -3.253911e-02 8.505789e-01 1.034426e+01
6.613578e-01 -4.197313e-01 6.216362e-01 6.094291e+01 5.189950e-01 8.544189e-01 2.474915e-02 -1.193927e+01 -5.415258e-01 3.062581e-01 7.829150e-01 1.043686e+01
6.630117e-01 6.390202e-01 -3.899596e-01 6.115202e+01 -5.859231e-01 7.671888e-01 2.609893e-01 -1.191035e+01 4.659502e-01 5.544739e-02 8.830719e-01 1.048743e+01
5.869282e-01 -6.109376e-01 5.312916e-01 6.136754e+01 6.460629e-01 7.489056e-01 1.474558e-01 -1.191041e+01 -4.879735e-01 2.567018e-01 8.342578e-01 1.055719e+01
6.425507e-01 6.767067e-01 -3.594392e-01 6.160694e+01 -6.760096e-01 7.214921e-01 1.498670e-01 -1.188393e+01 3.607486e-01 1.466873e-01 9.210555e-01 1.064695e+01
5.662900e-01 -7.000638e-01 4.350017e-01 6.191019e+01 6.706978e-01 6.981649e-01 2.504601e-01 -1.186163e+01 -4.790410e-01 1.499217e-01 8.648949e-01 1.070156e+01
6.554483e-01 6.172243e-01 -4.352259e-01 6.223787e+01 -6.700226e-01 7.411501e-01 4.202561e-02 -1.185709e+01 3.485070e-01 2.640656e-01 8.993399e-01 1.078374e+01
6.108951e-01 -7.019583e-01 3.661446e-01 6.255776e+01 6.340197e-01 7.107331e-01 3.047580e-01 -1.185502e+01 -4.741585e-01 4.596774e-02 8.792387e-01 1.084988e+01
6.920064e-01 5.732906e-01 -4.387082e-01 6.286251e+01 -6.558048e-01 7.532660e-01 -5.010364e-02 -1.184568e+01 3.017400e-01 3.223790e-01 8.972317e-01 1.092952e+01
6.130599e-01 -6.814399e-01 3.997466e-01 6.315962e+01 5.527112e-01 7.314854e-01 3.992987e-01 -1.183107e+01 -5.645068e-01 -2.384960e-02 8.250838e-01 1.100400e+01
7.033419e-01 5.035507e-01 -5.017436e-01 6.341675e+01 -6.171612e-01 7.828097e-01 -7.950474e-02 -1.181482e+01 3.527351e-01 3.655757e-01 8.613549e-01 1.109626e+01
5.843989e-01 -6.921970e-01 4.234872e-01 6.370813e+01 5.649549e-01 7.216877e-01 3.999910e-01 -1.179540e+01 -5.824981e-01 5.496910e-03 8.128135e-01 1.118384e+01
6.851130e-01 5.442884e-01 -4.841180e-01 6.396123e+01 -6.442867e-01 7.628684e-01 -5.409601e-02 -1.181225e+01 3.398744e-01 3.489727e-01 8.733289e-01 1.126708e+01
6.220403e-01 -6.261175e-01 4.701520e-01 6.423535e+01 4.182304e-01 7.733186e-01 4.765099e-01 -1.180342e+01 -6.619284e-01 -9.977653e-02 7.428967e-01 1.134449e+01
6.554982e-01 4.548383e-01 -6.028633e-01 6.460476e+01 -6.174950e-01 7.823794e-01 -8.113091e-02 -1.180140e+01 4.347663e-01 4.254463e-01 7.937088e-01 1.139860e+01
5.254410e-01 -6.351427e-01 5.661322e-01 6.487348e+01 4.990268e-01 7.689780e-01 3.995562e-01 -1.180693e+01 -6.891183e-01 7.257193e-02 7.210057e-01 1.143731e+01
6.242507e-01 4.957588e-01 -6.037668e-01 6.518682e+01 -6.480531e-01 7.602155e-01 -4.581928e-02 -1.182934e+01 4.362775e-01 4.198757e-01 7.958431e-01 1.150420e+01
5.702592e-01 -6.589794e-01 4.904597e-01 6.549045e+01 4.393769e-01 7.491550e-01 4.956962e-01 -1.185572e+01 -6.940838e-01 -6.717869e-02 7.167529e-01 1.156404e+01
6.293655e-01 4.226884e-01 -6.520993e-01 6.583974e+01 -6.461720e-01 7.507983e-01 -1.369802e-01 -1.185270e+01 4.316950e-01 5.075790e-01 7.456560e-01 1.161320e+01
4.325226e-01 -7.359523e-01 5.208633e-01 6.616570e+01 5.127557e-01 6.759583e-01 5.293032e-01 -1.185422e+01 -7.416238e-01 3.814000e-02 6.697310e-01 1.174402e+01
5.000199e-01 3.478188e-01 -7.930966e-01 6.652875e+01 -5.983204e-01 8.008347e-01 -2.600786e-02 -1.188249e+01 6.260932e-01 4.875304e-01 6.085404e-01 1.185731e+01
4.169258e-01 -6.567836e-01 6.283377e-01 6.688764e+01 4.434388e-01 7.504123e-01 4.901463e-01 -1.192186e+01 -7.934324e-01 7.427457e-02 6.041096e-01 1.199911e+01
5.284345e-01 3.681277e-01 -7.650091e-01 6.718284e+01 -5.439888e-01 8.386320e-01 2.779210e-02 -1.196312e+01 6.517921e-01 4.014702e-01 6.434194e-01 1.206300e+01
4.170452e-01 -5.008757e-01 7.584174e-01 6.742081e+01 3.244665e-01 8.615103e-01 3.905400e-01 -1.196388e+01 -8.489964e-01 8.320813e-02 5.218061e-01 1.210801e+01
4.543715e-01 2.749146e-01 -8.473302e-01 6.766902e+01 -5.212817e-01 8.533805e-01 -2.654015e-03 -1.195909e+01 7.223654e-01 4.429038e-01 5.310597e-01 1.213200e+01
3.469122e-01 -5.640802e-01 7.493101e-01 6.794244e+01 2.637740e-01 8.253575e-01 4.992076e-01 -1.197021e+01 -9.000418e-01 2.446730e-02 4.351163e-01 1.223894e+01
4.689004e-01 2.790674e-01 -8.380058e-01 6.820982e+01 -5.444603e-01 8.384004e-01 -2.545018e-02 -1.196317e+01 6.954820e-01 4.681946e-01 5.450674e-01 1.231635e+01
3.853971e-01 -5.233387e-01 7.599906e-01 6.850147e+01 2.465686e-01 8.520724e-01 4.617105e-01 -1.197050e+01 -8.891979e-01 9.447844e-03 4.574252e-01 1.236739e+01
4.466569e-01 2.057280e-01 -8.707316e-01 6.881251e+01 -4.873362e-01 8.721084e-01 -4.393420e-02 -1.199883e+01 7.503339e-01 4.439626e-01 4.897919e-01 1.240288e+01
3.393324e-01 -5.018348e-01 7.956227e-01 6.911405e+01 2.059701e-01 8.649212e-01 4.576983e-01 -1.201413e+01 -9.178398e-01 8.562527e-03 3.968588e-01 1.249408e+01
4.606285e-01 1.756119e-01 -8.700470e-01 6.940366e+01 -4.993564e-01 8.616618e-01 -9.045450e-02 -1.199746e+01 7.338014e-01 4.761295e-01 4.845989e-01 1.257738e+01
3.616928e-01 -4.888495e-01 7.938543e-01 6.971026e+01 1.235000e-01 8.691222e-01 4.789304e-01 -1.199473e+01 -9.240812e-01 -7.518473e-02 3.747282e-01 1.262067e+01
4.585597e-01 1.541199e-01 -8.751972e-01 7.000734e+01 -4.631739e-01 8.819502e-01 -8.737089e-02 -1.199883e+01 7.584147e-01 4.454333e-01 4.758110e-01 1.267554e+01
3.650732e-01 -4.373754e-01 8.218421e-01 7.028374e+01 1.782811e-01 8.992788e-01 3.993914e-01 -1.199219e+01 -9.137491e-01 7.117714e-04 4.062784e-01 1.276759e+01
4.187913e-01 1.904613e-01 -8.878842e-01 7.058489e+01 -3.946365e-01 9.187721e-01 1.094766e-02 -1.199658e+01 8.178483e-01 3.458068e-01 4.599366e-01 1.282404e+01
3.607023e-01 -3.917675e-01 8.464113e-01 7.096393e+01 2.577516e-01 9.140321e-01 3.132242e-01 -1.200904e+01 -8.963582e-01 1.051832e-01 4.306722e-01 1.287047e+01
4.218577e-01 2.046270e-01 -8.832688e-01 7.132595e+01 -3.284820e-01 9.425081e-01 6.146485e-02 -1.200929e+01 8.450654e-01 2.642086e-01 4.648206e-01 1.295389e+01
2.738151e-01 -3.646636e-01 8.899695e-01 7.163866e+01 2.466137e-01 9.210175e-01 3.015103e-01 -1.201253e+01 -9.296274e-01 1.369205e-01 3.421196e-01 1.305617e+01
4.293376e-01 1.904565e-01 -8.828338e-01 7.194180e+01 -3.301659e-01 9.429494e-01 4.286000e-02 -1.198846e+01 8.406305e-01 2.730802e-01 4.677258e-01 1.311679e+01
2.879710e-01 -3.052701e-01 9.076800e-01 7.221875e+01 2.631733e-01 9.365641e-01 2.314899e-01 -1.197418e+01 -9.207675e-01 1.722147e-01 3.500422e-01 1.320814e+01
3.888649e-01 1.853231e-01 -9.024629e-01 7.250262e+01 -3.004152e-01 9.515257e-01 6.595152e-02 -1.195932e+01 8.709390e-01 2.454674e-01 4.256888e-01 1.325726e+01
3.713068e-01 -2.651780e-01 8.898381e-01 7.282705e+01 1.937926e-01 9.593772e-01 2.050364e-01 -1.196025e+01 -9.080616e-01 9.631258e-02 4.076129e-01 1.330534e+01
3.762086e-01 1.192509e-01 -9.188287e-01 7.314409e+01 -1.883259e-01 9.808234e-01 5.018811e-02 -1.196344e+01 9.071937e-01 1.541581e-01 3.914521e-01 1.336616e+01
3.193807e-01 -1.552141e-01 9.348286e-01 7.341444e+01 2.311885e-01 9.694491e-01 8.197763e-02 -1.195775e+01 -9.189929e-01 1.899395e-01 3.455072e-01 1.344761e+01
4.323012e-01 1.208374e-01 -8.935960e-01 7.370073e+01 -9.842654e-02 9.913827e-01 8.644425e-02 -1.197530e+01 8.963414e-01 5.058363e-02 4.404695e-01 1.351178e+01
3.956829e-01 -1.009651e-01 9.128204e-01 7.403728e+01 1.738174e-01 9.842074e-01 3.351590e-02 -1.200016e+01 -9.017886e-01 1.454024e-01 4.069836e-01 1.354503e+01
4.637092e-01 6.057982e-02 -8.839138e-01 7.439023e+01 5.558603e-03 9.974411e-01 7.127661e-02 -1.204238e+01 8.859700e-01 -3.796494e-02 4.621859e-01 1.359993e+01
3.209365e-01 1.670807e-02 9.469533e-01 7.468278e+01 1.041851e-01 9.931536e-01 -5.283309e-02 -1.205864e+01 -9.413530e-01 1.156145e-01 3.169986e-01 1.367459e+01
4.311613e-01 6.858534e-02 -8.996643e-01 7.502086e+01 6.964181e-02 9.916025e-01 1.089698e-01 -1.206941e+01 8.995832e-01 -1.096378e-01 4.227642e-01 1.372182e+01
4.248027e-01 2.736401e-02 9.048723e-01 7.536276e+01 2.268262e-01 9.644421e-01 -1.356516e-01 -1.208242e+01 -8.764090e-01 2.628740e-01 4.034908e-01 1.381803e+01
5.021925e-01 1.841684e-01 -8.449169e-01 7.565412e+01 6.730136e-02 9.657711e-01 2.505130e-01 -1.208263e+01 8.621329e-01 -1.826698e-01 4.726082e-01 1.390377e+01
4.434235e-01 6.554070e-02 8.939128e-01 7.597383e+01 3.255685e-01 9.174273e-01 -2.287623e-01 -1.210401e+01 -8.350934e-01 3.924685e-01 3.854708e-01 1.399269e+01
4.778463e-01 3.877107e-01 -7.882532e-01 7.628129e+01 5.900831e-02 8.811357e-01 4.691672e-01 -1.211857e+01 8.764593e-01 -2.707034e-01 3.981693e-01 1.403009e+01
3.139621e-01 3.005087e-02 9.489598e-01 7.656494e+01 4.443890e-01 8.786048e-01 -1.748484e-01 -1.214813e+01 -8.390151e-01 4.766031e-01 2.624943e-01 1.407487e+01
4.636448e-01 3.738345e-01 -8.032939e-01 7.692949e+01 6.519764e-02 8.897779e-01 4.517128e-01 -1.214726e+01 8.836191e-01 -2.618072e-01 3.881678e-01 1.418931e+01
3.000602e-01 -3.523279e-02 9.532694e-01 7.731129e+01 5.737661e-01 8.050071e-01 -1.508511e-01 -1.218505e+01 -7.620738e-01 5.922181e-01 2.617660e-01 1.430385e+01
4.734639e-01 5.309881e-01 -7.027684e-01 7.758533e+01 -1.199106e-01 8.292915e-01 5.457994e-01 -1.215899e+01 8.726129e-01 -1.741469e-01 4.563108e-01 1.442274e+01
2.715639e-01 -2.115178e-01 9.388894e-01 7.790939e+01 6.085999e-01 7.934725e-01 2.726390e-03 -1.215556e+01 -7.455597e-01 5.706677e-01 3.442081e-01 1.451366e+01
4.393306e-01 6.014471e-01 -6.672705e-01 7.824141e+01 -2.442808e-01 7.947888e-01 5.555516e-01 -1.217639e+01 8.644741e-01 -8.106943e-02 4.960971e-01 1.459081e+01
2.933207e-01 -2.974186e-01 9.085732e-01 7.857501e+01 6.998855e-01 7.142119e-01 7.846401e-03 -1.219906e+01 -6.512475e-01 6.335958e-01 4.176520e-01 1.467611e+01
4.215862e-01 6.555589e-01 -6.265042e-01 7.885347e+01 -3.592767e-01 7.551194e-01 5.483747e-01 -1.221157e+01 8.325774e-01 -6.098835e-03 5.538751e-01 1.474224e+01
3.253762e-01 -4.198480e-01 8.472651e-01 7.921124e+01 6.475188e-01 7.519053e-01 1.239266e-01 -1.224593e+01 -6.890935e-01 5.082973e-01 5.165115e-01 1.478851e+01
4.171386e-01 5.343384e-01 -7.351719e-01 7.955392e+01 -3.491639e-01 8.410521e-01 4.131776e-01 -1.228925e+01 8.390946e-01 8.434319e-02 5.374071e-01 1.482659e+01
2.220194e-01 -2.653532e-01 9.382405e-01 7.984983e+01 5.679119e-01 8.173793e-01 9.678404e-02 -1.227172e+01 -7.925803e-01 5.113501e-01 3.321711e-01 1.491268e+01
3.042308e-01 5.180388e-01 -7.994244e-01 8.014015e+01 -2.390548e-01 8.538682e-01 4.623439e-01 -1.227464e+01 9.221151e-01 5.044709e-02 3.836127e-01 1.497172e+01
1.989651e-01 -2.335138e-01 9.517796e-01 8.044477e+01 5.178700e-01 8.495733e-01 1.001797e-01 -1.227140e+01 -8.319998e-01 4.729658e-01 2.899651e-01 1.499035e+01
2.632971e-01 4.934270e-01 -8.289779e-01 8.074662e+01 -3.033632e-01 8.580553e-01 4.143812e-01 -1.226465e+01 9.157758e-01 1.423761e-01 3.756111e-01 1.501084e+01
1.436354e-01 -2.802503e-01 9.491200e-01 8.107598e+01 4.828046e-01 8.570310e-01 1.799934e-01 -1.227829e+01 -8.638684e-01 4.323861e-01 2.584061e-01 1.504786e+01
2.600939e-01 4.479375e-01 -8.553965e-01 8.135769e+01 -3.441882e-01 8.707031e-01 3.512983e-01 -1.227408e+01 9.021560e-01 2.030469e-01 3.806394e-01 1.508743e+01
1.852315e-01 -2.458137e-01 9.514542e-01 8.164148e+01 4.750926e-01 8.699390e-01 1.322615e-01 -1.227291e+01 -8.602187e-01 4.275299e-01 2.779244e-01 1.509174e+01
2.302211e-01 3.879646e-01 -8.924582e-01 8.196629e+01 -1.807706e-01 9.181806e-01 3.525144e-01 -1.230490e+01 9.562009e-01 8.017401e-02 2.815172e-01 1.513535e+01
1.381235e-01 -1.549663e-01 9.782165e-01 8.225815e+01 4.791093e-01 8.748834e-01 7.094660e-02 -1.231631e+01 -8.668196e-01 4.588732e-01 1.950877e-01 1.523321e+01
2.225447e-01 3.950236e-01 -8.913082e-01 8.257117e+01 -8.901542e-02 9.186492e-01 3.849153e-01 -1.232596e+01 9.708501e-01 -6.320614e-03 2.396037e-01 1.530058e+01
8.338647e-02 -8.004565e-02 9.932973e-01 8.285337e+01 3.614784e-01 9.313082e-01 4.470432e-02 -1.232403e+01 -9.286442e-01 3.553277e-01 1.065932e-01 1.534630e+01
2.901658e-01 3.270448e-01 -8.993584e-01 8.322204e+01 -1.228887e-01 9.447447e-01 3.039008e-01 -1.229744e+01 9.490532e-01 2.233946e-02 3.143228e-01 1.543794e+01
1.260889e-01 -1.998400e-01 9.716819e-01 8.355295e+01 5.075691e-01 8.545745e-01 1.098911e-01 -1.225455e+01 -8.523352e-01 4.793396e-01 2.091849e-01 1.556191e+01
3.383967e-01 4.996439e-01 -7.973980e-01 8.389162e+01 -9.536240e-02 8.612373e-01 4.991756e-01 -1.221552e+01 9.361589e-01 -9.287753e-02 3.390871e-01 1.573952e+01
3.134776e-01 -1.086655e-01 9.433577e-01 8.409618e+01 5.396444e-01 8.378099e-01 -8.281638e-02 -1.223178e+01 -7.813551e-01 5.350387e-01 3.212754e-01 1.580586e+01
3.573813e-01 3.535620e-01 -8.644493e-01 8.441880e+01 5.089253e-02 9.168282e-01 3.960251e-01 -1.230603e+01 9.325709e-01 -1.855259e-01 3.096636e-01 1.585640e+01
2.242632e-01 -5.114949e-02 9.731854e-01 8.461152e+01 4.771918e-01 8.764731e-01 -6.389894e-02 -1.232161e+01 -8.497023e-01 4.787262e-01 2.209688e-01 1.593740e+01
4.236037e-01 4.855547e-01 -7.647199e-01 8.494557e+01 -2.026521e-01 8.736040e-01 4.424344e-01 -1.227664e+01 8.828884e-01 -3.244465e-02 4.684606e-01 1.603016e+01
2.145768e-01 -3.151777e-01 9.244565e-01 8.521724e+01 5.505733e-01 8.208225e-01 1.520511e-01 -1.223166e+01 -8.067378e-01 4.763544e-01 3.496579e-01 1.617385e+01
4.384180e-01 5.814503e-01 -6.853504e-01 8.550838e+01 -2.939027e-01 8.133673e-01 5.020506e-01 -1.218985e+01 8.493591e-01 -1.868159e-02 5.274847e-01 1.631233e+01
2.590668e-01 -4.122264e-01 8.734723e-01 8.584085e+01 6.634149e-01 7.332123e-01 1.492671e-01 -1.213754e+01 -7.019724e-01 5.408043e-01 4.634280e-01 1.646048e+01
4.450726e-01 7.000850e-01 -5.583827e-01 8.615760e+01 -3.780939e-01 7.121530e-01 5.915091e-01 -1.210668e+01 8.117607e-01 -5.214334e-02 5.816577e-01 1.662658e+01
1.979476e-01 -5.950607e-01 7.789220e-01 8.646877e+01 7.812506e-01 5.757042e-01 2.412722e-01 -1.208656e+01 -5.920003e-01 5.607740e-01 5.788508e-01 1.678287e+01
4.192739e-01 7.829222e-01 -4.596109e-01 8.674452e+01 -6.020348e-01 6.187062e-01 5.047343e-01 -1.207928e+01 6.795318e-01 6.507984e-02 7.307538e-01 1.695240e+01
2.229922e-01 -6.523788e-01 7.243455e-01 8.711160e+01 8.016967e-01 5.454565e-01 2.444582e-01 -1.206381e+01 -5.545782e-01 5.261931e-01 6.446424e-01 1.712597e+01
3.591542e-01 7.619254e-01 -5.389600e-01 8.741225e+01 -5.556636e-01 6.385535e-01 5.324352e-01 -1.202233e+01 7.498308e-01 1.082541e-01 6.527135e-01 1.727709e+01
2.005454e-01 -6.659587e-01 7.185266e-01 8.773587e+01 8.981152e-01 4.179678e-01 1.367193e-01 -1.202727e+01 -3.913704e-01 6.179012e-01 6.819291e-01 1.741557e+01
3.280705e-01 8.782498e-01 -3.479178e-01 8.810024e+01 -6.404732e-01 4.775211e-01 6.014712e-01 -1.200290e+01 6.943802e-01 2.550705e-02 7.191562e-01 1.758835e+01
