9.999933e-01 -1.988418e-03 3.088168e-03 3.104484e-01 1.987057e-03 9.999979e-01 4.438823e-04 -2.788102e-02 -3.089044e-03 -4.377434e-04 9.999952e-01 3.139930e-01
9.999985e-01 2.886344e-04 -1.726706e-03 6.054075e-01 -2.889053e-04 9.999999e-01 -1.566620e-04 -5.240427e-02 1.726661e-03 1.571612e-04 9.999984e-01 4.518722e-01
9.999938e-01 -2.883957e-03 2.011634e-03 1.009145e+00 2.883107e-03 9.999958e-01 4.253852e-04 -8.498811e-02 -2.012853e-03 -4.195834e-04 9.999980e-01 6.266932e-01
9.999997e-01 2.643822e-04 -7.031660e-04 1.427122e+00 -2.645665e-04 9.999999e-01 -2.620125e-04 -1.217137e-01 7.030973e-04 2.621991e-04 9.999996e-01 9.066974e-01
9.999958e-01 -1.932192e-03 2.152247e-03 1.755678e+00 1.930911e-03 9.999980e-01 5.972037e-04 -1.487689e-01 -2.153398e-03 -5.930460e-04 9.999976e-01 1.073882e+00
9.999982e-01 1.206899e-03 -1.469184e-03 2.048922e+00 -1.207181e-03 9.999993e-01 -1.909942e-04 -1.738709e-01 1.468953e-03 1.927681e-04 9.999988e-01 1.261056e+00
9.999932e-01 -1.990108e-03 3.101305e-03 2.332129e+00 1.988650e-03 9.999979e-01 4.730925e-04 -1.966975e-01 -3.102241e-03 -4.669226e-04 9.999952e-01 1.388756e+00
9.999992e-01 5.611748e-04 -1.162945e-03 2.626312e+00 -5.616204e-04 9.999998e-01 -3.829456e-04 -2.212147e-01 1.162731e-03 3.835991e-04 9.999992e-01 1.479835e+00
9.999944e-01 -2.172123e-03 2.548568e-03 2.947843e+00 2.170723e-03 9.999975e-01 5.521088e-04 -2.479090e-01 -2.549763e-03 -5.465742e-04 9.999967e-01 1.596100e+00
9.999978e-01 1.574383e-03 -1.411519e-03 3.251390e+00 -1.574811e-03 9.999987e-01 -3.025354e-04 -2.733651e-01 1.411042e-03 3.047584e-04 9.999989e-01 1.742780e+00
9.999920e-01 -2.320608e-03 3.261806e-03 3.626077e+00 2.318887e-03 9.999972e-01 5.313791e-04 -3.028418e-01 -3.263031e-03 -5.238118e-04 9.999946e-01 1.849999e+00
9.999979e-01 1.702845e-03 -1.170121e-03 3.957883e+00 -1.703227e-03 9.999985e-01 -3.252643e-04 -3.285875e-01 1.169567e-03 3.272574e-04 9.999992e-01 1.958928e+00
9.999927e-01 -2.781790e-03 2.625290e-03 4.298267e+00 2.780169e-03 9.999959e-01 6.210492e-04 -3.572718e-01 -2.627009e-03 -6.137467e-04 9.999965e-01 2.061692e+00
9.999980e-01 1.907799e-03 -5.574388e-04 4.689960e+00 -1.907997e-03 9.999981e-01 -3.537086e-04 -3.870689e-01 5.567652e-04 3.547723e-04 9.999997e-01 2.214686e+00
9.999894e-01 -3.063194e-03 3.423509e-03 5.000968e+00 3.061495e-03 9.999952e-01 5.013873e-04 -4.122172e-01 -3.425031e-03 -4.909018e-04 9.999941e-01 2.290536e+00
9.999937e-01 2.906922e-03 -2.042950e-03 5.371415e+00 -2.907662e-03 9.999957e-01 -3.589967e-04 -4.415809e-01 2.041900e-03 3.649355e-04 9.999977e-01 2.421130e+00
9.999804e-01 -5.037395e-03 3.714474e-03 5.759663e+00 5.034956e-03 9.999871e-01 6.656503e-04 -4.786833e-01 -3.717782e-03 -6.469359e-04 9.999930e-01 2.571364e+00
9.999660e-01 5.053288e-03 -6.520282e-03 6.527231e+00 -5.049378e-03 9.999871e-01 6.159943e-04 -5.465990e-01 6.523313e-03 -5.830490e-04 9.999785e-01 2.867447e+00
9.999990e-01 1.294437e-03 6.396500e-04 7.264922e+00 -1.294705e-03 9.999991e-01 4.180034e-04 -6.034858e-01 -6.391103e-04 -4.188322e-04 9.999998e-01 3.177748e+00
9.999889e-01 -4.673965e-03 -5.319790e-04 7.725919e+00 4.673952e-03 9.999891e-01 -2.628413e-05 -6.422807e-01 5.320980e-04 2.379855e-05 9.999998e-01 3.330463e+00
9.999976e-01 1.648907e-03 1.469068e-03 8.153788e+00 -1.649251e-03 9.999986e-01 2.328544e-04 -6.789375e-01 -1.468684e-03 -2.352779e-04 9.999990e-01 3.466954e+00
9.999933e-01 -3.649587e-03 4.451891e-05 8.583679e+00 3.649587e-03 9.999933e-01 -3.742588e-07 -7.133002e-01 -4.451504e-05 5.379237e-07 9.999999e-01 3.562773e+00
9.999972e-01 2.002737e-03 1.226126e-03 9.022928e+00 -2.002971e-03 9.999980e-01 1.896124e-04 -7.482029e-01 -1.225747e-03 -1.920690e-04 9.999993e-01 3.681768e+00
9.999935e-01 -3.602743e-03 2.040476e-04 9.440403e+00 3.602762e-03 9.999935e-01 -9.180963e-05 -7.812901e-01 -2.037130e-04 9.254538e-05 9.999999e-01 3.784238e+00
9.999968e-01 2.253834e-03 1.107548e-03 9.872848e+00 -2.254123e-03 9.999974e-01 2.597106e-04 -8.152285e-01 -1.106963e-03 -2.622076e-04 9.999995e-01 3.914360e+00
9.999939e-01 -3.448644e-03 4.752620e-04 1.027811e+01 3.448711e-03 9.999940e-01 -1.408958e-04 -8.482467e-01 -4.747705e-04 1.425352e-04 9.999998e-01 4.039784e+00
9.999988e-01 1.075711e-03 1.101921e-03 1.072819e+01 -1.075959e-03 9.999994e-01 2.252975e-04 -8.840998e-01 -1.101681e-03 -2.264841e-04 9.999995e-01 4.137307e+00
9.999952e-01 -3.109472e-03 5.063322e-05 1.112235e+01 3.109475e-03 9.999952e-01 -5.812094e-05 -9.169897e-01 -5.044920e-05 5.827936e-05 9.999999e-01 4.259947e+00
9.999980e-01 1.035952e-03 1.689954e-03 1.150646e+01 -1.036322e-03 9.999994e-01 2.182866e-04 -9.486307e-01 -1.689730e-03 -2.200388e-04 9.999986e-01 4.358338e+00
9.999975e-01 -2.153203e-03 5.656034e-04 1.189980e+01 2.153281e-03 9.999977e-01 -1.364490e-04 -9.799790e-01 -5.653048e-04 1.376678e-04 9.999997e-01 4.432534e+00
9.999977e-01 1.343104e-03 1.675842e-03 1.231165e+01 -1.343525e-03 9.999991e-01 2.504548e-04 -1.012934e+00 -1.675508e-03 -2.527070e-04 9.999987e-01 4.532109e+00
9.999958e-01 -2.885558e-03 3.337102e-04 1.269602e+01 2.885619e-03 9.999958e-01 -1.824944e-04 -1.043651e+00 -3.331783e-04 1.834578e-04 9.999998e-01 4.622834e+00
9.999936e-01 2.768026e-03 2.269976e-03 1.311284e+01 -2.768657e-03 9.999961e-01 2.748751e-04 -1.077157e+00 -2.269211e-03 -2.811594e-04 9.999975e-01 4.726290e+00
9.999963e-01 -2.707081e-03 2.218224e-04 1.352392e+01 2.707119e-03 9.999963e-01 -1.728921e-04 -1.110355e+00 -2.213492e-04 1.734933e-04 9.999999e-01 4.834082e+00
9.999991e-01 1.069984e-03 8.043810e-04 1.393950e+01 -1.070196e-03 9.999994e-01 2.637848e-04 -1.144260e+00 -8.041028e-04 -2.646467e-04 9.999997e-01 4.960676e+00
9.999935e-01 -3.556541e-03 5.099804e-04 1.442262e+01 3.556659e-03 9.999936e-01 -2.306260e-04 -1.184936e+00 -5.091523e-04 2.324397e-04 9.999997e-01 5.119235e+00
9.999916e-01 3.848024e-03 1.442724e-03 1.493972e+01 -3.848554e-03 9.999925e-01 3.649735e-04 -1.227133e+00 -1.441313e-03 -3.705242e-04 9.999990e-01 5.294793e+00
9.999884e-01 -4.822045e-03 1.483352e-05 1.544512e+01 4.822048e-03 9.999883e-01 -2.584512e-04 -1.268221e+00 -1.358212e-05 2.585211e-04 9.999999e-01 5.455227e+00
9.999747e-01 6.664510e-03 2.488686e-03 1.588763e+01 -6.665536e-03 9.999777e-01 4.041873e-04 -1.303839e+00 -2.485942e-03 -4.207668e-04 9.999969e-01 5.577511e+00
9.999611e-01 -8.786365e-03 -7.432492e-04 1.629396e+01 8.786161e-03 9.999614e-01 -2.761815e-04 -1.336457e+00 7.456525e-04 2.696418e-04 9.999996e-01 5.664434e+00
9.999631e-01 8.154322e-03 2.716498e-03 1.662703e+01 -8.155510e-03 9.999667e-01 4.267130e-04 -1.362270e+00 -2.712933e-03 -4.488530e-04 9.999963e-01 5.698282e+00
9.999527e-01 -9.721122e-03 2.215540e-04 1.696850e+01 9.721188e-03 9.999527e-01 -2.981624e-04 -1.388003e+00 -2.186392e-04 3.003034e-04 9.999998e-01 5.711857e+00
9.999554e-01 9.288067e-03 1.722083e-03 1.734230e+01 -9.288732e-03 9.999568e-01 3.781476e-04 -1.416825e+00 -1.718502e-03 -3.941281e-04 9.999985e-01 5.789296e+00
9.999493e-01 -1.006548e-02 -2.240357e-04 1.770568e+01 1.006540e-02 9.999493e-01 -3.439940e-04 -1.445734e+00 2.274930e-04 3.417230e-04 9.999998e-01 5.891820e+00
9.999567e-01 9.107095e-03 1.890537e-03 1.805395e+01 -9.107973e-03 9.999584e-01 4.565255e-04 -1.474675e+00 -1.886307e-03 -4.737261e-04 9.999982e-01 6.014493e+00
9.999505e-01 -9.945964e-03 -1.646008e-04 1.839861e+01 9.945918e-03 9.999505e-01 -2.790137e-04 -1.502291e+00 1.673743e-04 2.773642e-04 9.999998e-01 6.102167e+00
9.999608e-01 8.543617e-03 2.319476e-03 1.868950e+01 -8.544294e-03 9.999635e-01 2.821823e-04 -1.525125e+00 -2.316987e-03 -3.019910e-04 9.999974e-01 6.162713e+00
9.999510e-01 -9.896747e-03 -2.720150e-04 1.900332e+01 9.896681e-03 9.999510e-01 -2.444467e-04 -1.550387e+00 2.744279e-04 2.417441e-04 9.999998e-01 6.205685e+00
9.999598e-01 8.803967e-03 1.685056e-03 1.938598e+01 -8.804561e-03 9.999612e-01 3.457326e-04 -1.580323e+00 -1.681954e-03 -3.605564e-04 9.999986e-01 6.260546e+00
9.999574e-01 -9.101966e-03 1.545074e-03 1.976508e+01 9.102302e-03 9.999586e-01 -2.107787e-04 -1.609403e+00 -1.543084e-03 2.248349e-04 9.999987e-01 6.296447e+00
9.999605e-01 8.821510e-03 1.041578e-03 2.008812e+01 -8.821906e-03 9.999610e-01 3.759735e-04 -1.634250e+00 -1.038228e-03 -3.851489e-04 9.999995e-01 6.311208e+00
9.999444e-01 -1.044667e-02 1.432544e-03 2.045878e+01 1.044705e-02 9.999454e-01 -2.565091e-04 -1.661608e+00 -1.429778e-03 2.714621e-04 9.999988e-01 6.325817e+00
9.999605e-01 8.833025e-03 -9.954958e-04 2.079258e+01 -8.833688e-03 9.999608e-01 -6.632879e-04 -1.694023e+00 9.895899e-04 6.720542e-04 9.999994e-01 6.624904e+00
9.999720e-01 -7.390069e-03 1.212078e-03 2.105357e+01 7.389016e-03 9.999723e-01 8.708590e-04 -1.729719e+00 -1.218472e-03 -8.618771e-04 9.999988e-01 7.044297e+00
9.999556e-01 9.416888e-03 2.342401e-04 2.160026e+01 -9.416729e-03 9.999554e-01 -6.723423e-04 -1.775320e+00 -2.405691e-04 6.701052e-04 9.999998e-01 7.338638e+00
9.999514e-01 -9.832531e-03 7.853088e-04 2.218909e+01 9.831885e-03 9.999513e-01 8.221309e-04 -1.821447e+00 -7.933459e-04 -8.143685e-04 9.999993e-01 7.640636e+00
9.999694e-01 7.824672e-03 1.066465e-04 2.260382e+01 -7.824590e-03 9.999691e-01 -7.414408e-04 -1.856218e+00 -1.124530e-04 7.405822e-04 9.999998e-01 7.812326e+00
9.999560e-01 -9.384899e-03 1.297898e-04 2.298020e+01 9.384792e-03 9.999556e-01 7.975702e-04 -1.888254e+00 -1.372608e-04 -7.963156e-04 9.999996e-01 7.971099e+00
9.999695e-01 7.740788e-03 1.051418e-03 2.334898e+01 -7.740066e-03 9.999698e-01 -6.896804e-04 -1.919172e+00 -1.056733e-03 6.815199e-04 9.999993e-01 8.131916e+00
9.999632e-01 -8.569918e-03 2.415298e-04 2.373327e+01 8.569717e-03 9.999629e-01 8.215855e-04 -1.952852e+00 -2.485531e-04 -8.194840e-04 9.999995e-01 8.362731e+00
9.999647e-01 8.191870e-03 1.873156e-03 2.405036e+01 -8.190707e-03 9.999663e-01 -6.277090e-04 -1.980056e+00 -1.878243e-03 6.123428e-04 9.999981e-01 8.542130e+00
9.999596e-01 -8.959837e-03 -7.230830e-04 2.437656e+01 8.960422e-03 9.999595e-01 8.104884e-04 -2.006576e+00 7.158008e-04 -8.169333e-04 9.999993e-01 8.677060e+00
9.999490e-01 9.929610e-03 1.850878e-03 2.482180e+01 -9.928556e-03 9.999505e-01 -5.776109e-04 -2.043140e+00 -1.856531e-03 5.592033e-04 9.999982e-01 8.939823e+00
9.999454e-01 -1.045442e-02 -3.976522e-05 2.524609e+01 1.045445e-02 9.999450e-01 8.362641e-04 -2.077966e+00 3.102963e-05 -8.366326e-04 9.999995e-01 9.207794e+00
9.999406e-01 1.069780e-02 2.072281e-03 2.562390e+01 -1.069636e-02 9.999425e-01 -7.041133e-04 -2.107871e+00 -2.079704e-03 6.819040e-04 9.999977e-01 9.329341e+00
9.999147e-01 -1.301161e-02 -1.116725e-03 2.606370e+01 1.301240e-02 9.999151e-01 7.093945e-04 -2.143381e+00 1.107409e-03 -7.238638e-04 9.999990e-01 9.439144e+00
9.999417e-01 1.059738e-02 2.060337e-03 2.669728e+01 -1.059589e-02 9.999436e-01 -7.320197e-04 -2.194747e+00 -2.067988e-03 7.101444e-04 9.999977e-01 9.612623e+00
9.999378e-01 -1.107811e-02 -1.262520e-03 2.744011e+01 1.107925e-02 9.999382e-01 8.998244e-04 -2.254550e+00 1.252484e-03 -9.137548e-04 9.999987e-01 9.808520e+00
9.999166e-01 1.236768e-02 3.720788e-03 2.820817e+01 -1.236452e-02 9.999232e-01 -8.702916e-04 -2.316191e+00 -3.731275e-03 8.242116e-04 9.999928e-01 1.001664e+01
9.999518e-01 -9.730484e-03 -1.331356e-03 2.905722e+01 9.731763e-03 9.999522e-01 9.577428e-04 -2.383798e+00 1.321983e-03 -9.706515e-04 9.999986e-01 1.023120e+01
9.999029e-01 1.328398e-02 4.210224e-03 2.989897e+01 -1.328056e-02 9.999115e-01 -8.393541e-04 -2.450933e+00 -4.221012e-03 7.833568e-04 9.999909e-01 1.046768e+01
9.999123e-01 -1.303830e-02 -2.301512e-03 3.071425e+01 1.304038e-02 9.999146e-01 8.901995e-04 -2.516898e+00 2.289719e-03 -9.201325e-04 9.999969e-01 1.070188e+01
9.998859e-01 1.432625e-02 4.781890e-03 3.150487e+01 -1.432234e-02 9.998971e-01 -8.500323e-04 -2.581580e+00 -4.793586e-03 7.814457e-04 9.999883e-01 1.093492e+01
9.998966e-01 -1.408785e-02 -2.884053e-03 3.233549e+01 1.409037e-02 9.999004e-01 8.558875e-04 -2.648845e+00 2.871719e-03 -8.964348e-04 9.999954e-01 1.116305e+01
9.998567e-01 1.558041e-02 6.625444e-03 3.334353e+01 -1.556103e-02 9.998745e-01 -2.966409e-03 -2.733309e+00 -6.670842e-03 2.862884e-03 9.999738e-01 1.166732e+01
9.999140e-01 -1.111210e-02 -6.963374e-03 3.432465e+01 1.113341e-02 9.999334e-01 3.028839e-03 -2.818997e+00 6.929265e-03 -3.106103e-03 9.999711e-01 1.228195e+01
9.998989e-01 1.093841e-02 9.082968e-03 3.500171e+01 -1.091127e-02 9.999359e-01 -3.032859e-03 -2.874155e+00 -9.115571e-03 2.933444e-03 9.999542e-01 1.247006e+01
9.999085e-01 -1.123489e-02 -7.540749e-03 3.569053e+01 1.125832e-02 9.999319e-01 3.071350e-03 -2.930860e+00 7.505741e-03 -3.155964e-03 9.999668e-01 1.267656e+01
9.998788e-01 1.211955e-02 9.777139e-03 3.638808e+01 -1.209055e-02 9.999223e-01 -3.019216e-03 -2.987693e+00 -9.812983e-03 2.900637e-03 9.999477e-01 1.286587e+01
9.998852e-01 -1.263857e-02 -8.361717e-03 3.709597e+01 1.266459e-02 9.999151e-01 3.066997e-03 -3.044664e+00 8.322257e-03 -3.172541e-03 9.999602e-01 1.306704e+01
9.997772e-01 1.723611e-02 1.218651e-02 3.760112e+01 -1.720116e-02 9.998476e-01 -2.966674e-03 -3.086641e+00 -1.223580e-02 2.756389e-03 9.999214e-01 1.324709e+01
9.997755e-01 -1.811789e-02 -1.098804e-02 3.799795e+01 1.815006e-02 9.998313e-01 2.834640e-03 -3.117407e+00 1.093485e-02 -3.033435e-03 9.999355e-01 1.334207e+01
9.997499e-01 1.731380e-02 1.415553e-02 3.846771e+01 -1.727339e-02 9.998464e-01 -2.971991e-03 -3.153032e+00 -1.420482e-02 2.726732e-03 9.998955e-01 1.344279e+01
9.998196e-01 -1.515149e-02 -1.145808e-02 3.888801e+01 1.518602e-02 9.998804e-01 2.933046e-03 -3.185451e+00 1.141229e-02 -3.106518e-03 9.999300e-01 1.354129e+01
9.998096e-01 1.387990e-02 1.371402e-02 3.925435e+01 -1.383869e-02 9.998994e-01 -3.095492e-03 -3.214430e+00 -1.375562e-02 2.905117e-03 9.999013e-01 1.360367e+01
9.997888e-01 -1.616746e-02 -1.268800e-02 3.981421e+01 1.620665e-02 9.998642e-01 2.992342e-03 -3.257903e+00 1.263791e-02 -3.197338e-03 9.999149e-01 1.374034e+01
9.998040e-01 1.411890e-02 1.388129e-02 4.045044e+01 -1.407417e-02 9.998955e-01 -3.314595e-03 -3.308657e+00 -1.392665e-02 3.118575e-03 9.998983e-01 1.394965e+01
9.998652e-01 -1.182106e-02 -1.139193e-02 4.106392e+01 1.185879e-02 9.999244e-01 3.250691e-03 -3.357942e+00 1.135266e-02 -3.385346e-03 9.999297e-01 1.415755e+01
9.998532e-01 1.089747e-02 1.322253e-02 4.161057e+01 -1.085451e-02 9.999356e-01 -3.316471e-03 -3.401998e+00 -1.325783e-02 3.172459e-03 9.999072e-01 1.437213e+01
9.998800e-01 -1.077555e-02 -1.112673e-02 4.210502e+01 1.081192e-02 9.999364e-01 3.213241e-03 -3.442101e+00 1.109141e-02 -3.333155e-03 9.999328e-01 1.455896e+01
9.998891e-01 8.067692e-03 1.251819e-02 4.254930e+01 -8.025650e-03 9.999620e-01 -3.405075e-03 -3.479230e+00 -1.254520e-02 3.304229e-03 9.999159e-01 1.471424e+01
9.998971e-01 -9.015414e-03 -1.115665e-02 4.302280e+01 9.053074e-03 9.999535e-01 3.329658e-03 -3.518398e+00 1.112613e-02 -3.430316e-03 9.999321e-01 1.489577e+01
9.998774e-01 9.079826e-03 1.275862e-02 4.345713e+01 -9.037695e-03 9.999535e-01 -3.355930e-03 -3.554405e+00 -1.278852e-02 3.240208e-03 9.999131e-01 1.504961e+01
9.998874e-01 -1.029453e-02 -1.091656e-02 4.386077e+01 1.033241e-02 9.999408e-01 3.418969e-03 -3.587025e+00 1.088074e-02 -3.531376e-03 9.999345e-01 1.519347e+01
9.998441e-01 1.100553e-02 1.380735e-02 4.433833e+01 -1.095895e-02 9.999340e-01 -3.444725e-03 -3.623624e+00 -1.384437e-02 3.292872e-03 9.998988e-01 1.530287e+01
9.998471e-01 -1.250508e-02 -1.222512e-02 4.481837e+01 1.254682e-02 9.999157e-01 3.344046e-03 -3.660792e+00 1.218228e-02 -3.496920e-03 9.999196e-01 1.539085e+01
9.998889e-01 8.321677e-03 1.236676e-02 4.534772e+01 -8.279527e-03 9.999598e-01 -3.455629e-03 -3.703249e+00 -1.239503e-02 3.352853e-03 9.999177e-01 1.547137e+01
9.998448e-01 -1.294736e-02 -1.194822e-02 4.594077e+01 1.298922e-02 9.999097e-01 3.432231e-03 -3.752724e+00 1.190272e-02 -3.586895e-03 9.999226e-01 1.565370e+01
9.997609e-01 1.580355e-02 1.511458e-02 4.646976e+01 -1.575416e-02 9.998702e-01 -3.380794e-03 -3.796326e+00 -1.516606e-02 3.141866e-03 9.998802e-01 1.584344e+01
9.997642e-01 -1.707292e-02 -1.341988e-02 4.681847e+01 1.711874e-02 9.998480e-01 3.307010e-03 -3.824617e+00 1.336140e-02 -3.535960e-03 9.999044e-01 1.595582e+01
9.997671e-01 1.554114e-02 1.497384e-02 4.709805e+01 -1.549134e-02 9.998741e-01 -3.436262e-03 -3.847638e+00 -1.502538e-02 3.203495e-03 9.998821e-01 1.604789e+01
9.997827e-01 -1.660634e-02 -1.260165e-02 4.737776e+01 1.664937e-02 9.998559e-01 3.317556e-03 -3.870840e+00 1.254476e-02 -3.526643e-03 9.999150e-01 1.612305e+01
9.997931e-01 1.494045e-02 1.380717e-02 4.776469e+01 -1.489390e-02 9.998831e-01 -3.467756e-03 -3.902261e+00 -1.385738e-02 3.261394e-03 9.998988e-01 1.615102e+01
9.997380e-01 -1.860497e-02 -1.333339e-02 4.831076e+01 1.865005e-02 9.998207e-01 3.264010e-03 -3.945123e+00 1.327029e-02 -3.511822e-03 9.999057e-01 1.619987e+01
9.997543e-01 1.727470e-02 1.389008e-02 4.891300e+01 -1.723013e-02 9.998460e-01 -3.321909e-03 -3.993629e+00 -1.394535e-02 3.081763e-03 9.998981e-01 1.636246e+01
9.998432e-01 -1.440018e-02 -1.030846e-02 4.942682e+01 1.443667e-02 9.998897e-01 3.474456e-03 -4.035545e+00 1.025730e-02 -3.622729e-03 9.999407e-01 1.654580e+01
9.998481e-01 1.237370e-02 1.227163e-02 4.987781e+01 -1.233009e-02 9.999174e-01 -3.623048e-03 -4.071871e+00 -1.231547e-02 3.471186e-03 9.999182e-01 1.668671e+01
9.998336e-01 -1.413257e-02 -1.153823e-02 5.032139e+01 1.417741e-02 9.998922e-01 3.813613e-03 -4.106470e+00 1.148311e-02 -3.976559e-03 9.999261e-01 1.687368e+01
9.998421e-01 1.191267e-02 1.318956e-02 5.075572e+01 -1.186257e-02 9.999221e-01 -3.870433e-03 -4.138980e+00 -1.323466e-02 3.713358e-03 9.999056e-01 1.694740e+01
9.998323e-01 -1.317693e-02 -1.272131e-02 5.129113e+01 1.322718e-02 9.999050e-01 3.873608e-03 -4.179092e+00 1.266908e-02 -4.041223e-03 9.999115e-01 1.698724e+01
9.998522e-01 1.093580e-02 1.326502e-02 5.178724e+01 -1.088676e-02 9.999337e-01 -3.763752e-03 -4.216100e+00 -1.330531e-02 3.618781e-03 9.999050e-01 1.703061e+01
9.998073e-01 -1.323330e-02 -1.449971e-02 5.227021e+01 1.329257e-02 9.999037e-01 3.999265e-03 -4.251269e+00 1.444541e-02 -4.191231e-03 9.998868e-01 1.706947e+01
9.997963e-01 1.253538e-02 1.582149e-02 5.269687e+01 -1.247606e-02 9.999148e-01 -3.842373e-03 -4.281385e+00 -1.586832e-02 3.644199e-03 9.998675e-01 1.715932e+01
9.998116e-01 -1.309180e-02 -1.433039e-02 5.304405e+01 1.314735e-02 9.999064e-01 3.789607e-03 -4.307397e+00 1.427946e-02 -3.977298e-03 9.998900e-01 1.721738e+01
9.997863e-01 1.277444e-02 1.625471e-02 5.340588e+01 -1.271359e-02 9.999118e-01 -3.841458e-03 -4.335750e+00 -1.630237e-02 3.633979e-03 9.998606e-01 1.729244e+01
9.998013e-01 -1.350292e-02 -1.466588e-02 5.377403e+01 1.356008e-02 9.999008e-01 3.805107e-03 -4.364515e+00 1.461306e-02 -4.003220e-03 9.998851e-01 1.738390e+01
9.997849e-01 1.268740e-02 1.640533e-02 5.412221e+01 -1.262393e-02 9.999124e-01 -3.966522e-03 -4.391136e+00 -1.645424e-02 3.758567e-03 9.998577e-01 1.747182e+01
9.998090e-01 -1.416613e-02 -1.346261e-02 5.442826e+01 1.422039e-02 9.998911e-01 3.943062e-03 -4.417528e+00 1.340531e-02 -4.133751e-03 9.999015e-01 1.769041e+01
9.998061e-01 1.128480e-02 1.613857e-02 5.478422e+01 -1.122068e-02 9.999288e-01 -4.058277e-03 -4.450819e+00 -1.618324e-02 3.876402e-03 9.998616e-01 1.799710e+01
9.998096e-01 -1.317474e-02 -1.439549e-02 5.516279e+01 1.323510e-02 9.999040e-01 4.105749e-03 -4.480858e+00 1.434004e-02 -4.295491e-03 9.998879e-01 1.814045e+01
9.997778e-01 1.354739e-02 1.614824e-02 5.559939e+01 -1.348146e-02 9.999004e-01 -4.184172e-03 -4.514603e+00 -1.620334e-02 3.965539e-03 9.998610e-01 1.823988e+01
9.997745e-01 -1.539257e-02 -1.462821e-02 5.595852e+01 1.545337e-02 9.998724e-01 4.051880e-03 -4.544064e+00 1.456400e-02 -4.277020e-03 9.998847e-01 1.831632e+01
9.997791e-01 1.343097e-02 1.616933e-02 5.635365e+01 -1.336432e-02 9.999018e-01 -4.223055e-03 -4.575264e+00 -1.622448e-02 4.006028e-03 9.998604e-01 1.838099e+01
9.997688e-01 -1.563823e-02 -1.476039e-02 5.673984e+01 1.570067e-02 9.998682e-01 4.123524e-03 -4.606134e+00 1.469398e-02 -4.354317e-03 9.998825e-01 1.844047e+01
9.997423e-01 1.527708e-02 1.679265e-02 5.715164e+01 -1.520757e-02 9.998753e-01 -4.259673e-03 -4.638155e+00 -1.685565e-02 4.003198e-03 9.998500e-01 1.852197e+01
9.997262e-01 -1.667628e-02 -1.641507e-02 5.769272e+01 1.674396e-02 9.998518e-01 3.994180e-03 -4.680780e+00 1.634605e-02 -4.267938e-03 9.998572e-01 1.862698e+01
9.997208e-01 1.595260e-02 1.742922e-02 5.830858e+01 -1.588201e-02 9.998651e-01 -4.180883e-03 -4.731095e+00 -1.749359e-02 3.902903e-03 9.998395e-01 1.880601e+01
9.996617e-01 -1.931435e-02 -1.741955e-02 5.894521e+01 1.938692e-02 9.998040e-01 4.006824e-03 -4.783649e+00 1.733876e-02 -4.343178e-03 9.998401e-01 1.897835e+01
9.996632e-01 1.869116e-02 1.800212e-02 5.964496e+01 -1.861707e-02 9.998176e-01 -4.274415e-03 -4.838610e+00 -1.807875e-02 3.937826e-03 9.998289e-01 1.915697e+01
9.997515e-01 -1.602569e-02 -1.549853e-02 6.026253e+01 1.609281e-02 9.998616e-01 4.215979e-03 -4.888767e+00 1.542884e-02 -4.464345e-03 9.998709e-01 1.937137e+01
9.997372e-01 1.483034e-02 1.748105e-02 6.069657e+01 -1.475725e-02 9.998818e-01 -4.302671e-03 -4.924721e+00 -1.754281e-02 4.043567e-03 9.998380e-01 1.951185e+01
9.997418e-01 -1.581625e-02 -1.631613e-02 6.115171e+01 1.588622e-02 9.998651e-01 4.168057e-03 -4.961242e+00 1.624802e-02 -4.426181e-03 9.998581e-01 1.966765e+01
9.997355e-01 1.458141e-02 1.778638e-02 6.158666e+01 -1.450600e-02 9.998853e-01 -4.361528e-03 -4.996093e+00 -1.784795e-02 4.102364e-03 9.998324e-01 1.979554e+01
9.997293e-01 -1.662353e-02 -1.628087e-02 6.203636e+01 1.669320e-02 9.998520e-01 4.153255e-03 -5.031997e+00 1.620944e-02 -4.423909e-03 9.998587e-01 1.988691e+01
9.996229e-01 1.965654e-02 1.917334e-02 6.250160e+01 -1.957801e-02 9.997992e-01 -4.274476e-03 -5.068442e+00 -1.925353e-02 3.897487e-03 9.998071e-01 2.003398e+01
9.996255e-01 -2.064541e-02 -1.796236e-02 6.301995e+01 2.071943e-02 9.997775e-01 3.944462e-03 -5.109400e+00 1.787695e-02 -4.315153e-03 9.998308e-01 2.016132e+01
9.996327e-01 1.988632e-02 1.840977e-02 6.367321e+01 -1.981125e-02 9.997947e-01 -4.251170e-03 -5.162226e+00 -1.849055e-02 3.884887e-03 9.998216e-01 2.032088e+01
9.996490e-01 -2.025168e-02 -1.707816e-02 6.411921e+01 2.032339e-02 9.997853e-01 4.035741e-03 -5.195997e+00 1.699278e-02 -4.381409e-03 9.998459e-01 2.046339e+01
9.996982e-01 1.865540e-02 1.598212e-02 6.471801e+01 -1.858568e-02 9.998171e-01 -4.500100e-03 -5.247239e+00 -1.606317e-02 4.201702e-03 9.998622e-01 2.062969e+01
9.995434e-01 -2.414672e-02 -1.816260e-02 6.557996e+01 2.423066e-02 9.996966e-01 4.416288e-03 -5.318617e+00 1.805047e-02 -4.854362e-03 9.998252e-01 2.082786e+01
9.996254e-01 2.081270e-02 1.777062e-02 6.650371e+01 -2.073117e-02 9.997738e-01 -4.760069e-03 -5.391851e+00 -1.786569e-02 4.389878e-03 9.998309e-01 2.108882e+01
9.994242e-01 -2.819234e-02 -1.888206e-02 6.748131e+01 2.828311e-02 9.995896e-01 4.557543e-03 -5.474462e+00 1.874585e-02 -5.088961e-03 9.998112e-01 2.134518e+01
9.994971e-01 2.769147e-02 1.545290e-02 6.846298e+01 -2.762731e-02 9.996088e-01 -4.350554e-03 -5.551229e+00 -1.556735e-02 3.921442e-03 9.998712e-01 2.164750e+01
9.993052e-01 -3.278707e-02 -1.772220e-02 6.936391e+01 3.286927e-02 9.994501e-01 4.366917e-03 -5.626124e+00 1.756930e-02 -4.946397e-03 9.998333e-01 2.189031e+01
9.992836e-01 3.399264e-02 1.663734e-02 7.028719e+01 -3.391792e-02 9.994133e-01 -4.752853e-03 -5.697536e+00 -1.678916e-02 4.185143e-03 9.998504e-01 2.219459e+01
9.991785e-01 -3.685552e-02 -1.685195e-02 7.101026e+01 3.693626e-02 9.993075e-01 4.505157e-03 -5.757157e+00 1.667426e-02 -5.123903e-03 9.998477e-01 2.239047e+01
9.993221e-01 3.367595e-02 1.487335e-02 7.186858e+01 -3.360775e-02 9.994235e-01 -4.811698e-03 -5.825995e+00 -1.502684e-02 4.308574e-03 9.998779e-01 2.268578e+01
9.996370e-01 -2.486480e-02 -1.037811e-02 7.270463e+01 2.489297e-02 9.996868e-01 2.594176e-03 -5.891735e+00 1.031037e-02 -2.851574e-03 9.999427e-01 2.303698e+01
9.994031e-01 3.098227e-02 1.528006e-02 7.351607e+01 -3.094706e-02 9.995178e-01 -2.535429e-03 -5.960556e+00 -1.535126e-02 2.061041e-03 9.998801e-01 2.327425e+01
9.993670e-01 -3.063537e-02 -1.808385e-02 7.437124e+01 3.068047e-02 9.995268e-01 2.222210e-03 -6.026378e+00 1.800724e-02 -2.775623e-03 9.998339e-01 2.362748e+01
9.990219e-01 3.803234e-02 2.255573e-02 7.516317e+01 -3.791998e-02 9.992663e-01 -5.388578e-03 -6.091378e+00 -2.274414e-02 4.527993e-03 9.997312e-01 2.381595e+01
9.989415e-01 -3.955650e-02 -2.347701e-02 7.596642e+01 3.968399e-02 9.991998e-01 4.989429e-03 -6.153972e+00 2.326088e-02 -5.915808e-03 9.997118e-01 2.404500e+01
9.992304e-01 3.237924e-02 2.214235e-02 7.678955e+01 -3.225766e-02 9.994626e-01 -5.826054e-03 -6.225643e+00 -2.231912e-02 5.107308e-03 9.997380e-01 2.434900e+01
9.992454e-01 -2.921104e-02 -2.560101e-02 7.764461e+01 2.934892e-02 9.995566e-01 5.026219e-03 -6.291392e+00 2.544286e-02 -5.773787e-03 9.996595e-01 2.469791e+01
9.990563e-01 3.228500e-02 2.905619e-02 7.842377e+01 -3.212993e-02 9.994669e-01 -5.787912e-03 -6.355627e+00 -2.922759e-02 4.848874e-03 9.995611e-01 2.496001e+01
9.989978e-01 -3.555138e-02 -2.719204e-02 7.921102e+01 3.569763e-02 9.993506e-01 4.911749e-03 -6.420883e+00 2.699979e-02 -5.877517e-03 9.996181e-01 2.515555e+01
9.990098e-01 3.560309e-02 2.668044e-02 8.001542e+01 -3.545693e-02 9.993536e-01 -5.931563e-03 -6.485096e+00 -2.687440e-02 4.979681e-03 9.996265e-01 2.547537e+01
9.990794e-01 -3.508384e-02 -2.468798e-02 8.063634e+01 3.522241e-02 9.993660e-01 5.200430e-03 -6.536479e+00 2.448989e-02 -6.065211e-03 9.996816e-01 2.565312e+01
9.991394e-01 3.271684e-02 2.549630e-02 8.132073e+01 -3.256853e-02 9.994502e-01 -6.210599e-03 -6.593026e+00 -2.568549e-02 5.374875e-03 9.996557e-01 2.581583e+01
9.991557e-01 -3.353371e-02 -2.373454e-02 8.212203e+01 3.367554e-02 9.994171e-01 5.601166e-03 -6.659110e+00 2.353290e-02 -6.395710e-03 9.997025e-01 2.604656e+01
9.991322e-01 3.359403e-02 2.462441e-02 8.294215e+01 -3.344696e-02 9.994203e-01 -6.360479e-03 -6.725481e+00 -2.482383e-02 5.531346e-03 9.996766e-01 2.627560e+01
9.991188e-01 -3.439412e-02 -2.405552e-02 8.376015e+01 3.454137e-02 9.993868e-01 5.732588e-03 -6.792465e+00 2.384362e-02 -6.558446e-03 9.996941e-01 2.652113e+01
9.991403e-01 3.356415e-02 2.433430e-02 8.468294e+01 -3.341358e-02 9.994200e-01 -6.568094e-03 -6.867374e+00 -2.454066e-02 5.749349e-03 9.996824e-01 2.674895e+01
9.994046e-01 -2.833127e-02 -1.969199e-02 8.562127e+01 2.845251e-02 9.995777e-01 5.904372e-03 -6.941595e+00 1.951642e-02 -6.461141e-03 9.997886e-01 2.701427e+01
9.991654e-01 3.395486e-02 2.270768e-02 8.652988e+01 -3.381454e-02 9.994068e-01 -6.535140e-03 -7.013879e+00 -2.291613e-02 5.761834e-03 9.997209e-01 2.729737e+01
9.993900e-01 -2.939960e-02 -1.884655e-02 8.734853e+01 2.951773e-02 9.995461e-01 6.020520e-03 -7.077973e+00 1.866102e-02 -6.573154e-03 9.998042e-01 2.752073e+01
9.993381e-01 3.009900e-02 2.043095e-02 8.806531e+01 -2.997055e-02 9.995292e-01 -6.564710e-03 -7.136383e+00 -2.061895e-02 5.948036e-03 9.997698e-01 2.774623e+01
9.992865e-01 -3.221841e-02 -1.970881e-02 8.873577e+01 3.234366e-02 9.994584e-01 6.069470e-03 -7.192823e+00 1.950261e-02 -6.702593e-03 9.997872e-01 2.798307e+01
9.992621e-01 3.190204e-02 2.139014e-02 8.947430e+01 -3.176538e-02 9.994729e-01 -6.698756e-03 -7.253660e+00 -2.159259e-02 6.014346e-03 9.997489e-01 2.823690e+01
9.992270e-01 -3.346617e-02 -2.062590e-02 9.022819e+01 3.359836e-02 9.994168e-01 6.096049e-03 -7.316164e+00 2.040989e-02 -6.784332e-03 9.997686e-01 2.847060e+01
9.992365e-01 3.231911e-02 2.194988e-02 9.096511e+01 -3.217828e-02 9.994594e-01 -6.739207e-03 -7.377690e+00 -2.215584e-02 6.027750e-03 9.997365e-01 2.871568e+01
9.991419e-01 -3.564890e-02 -2.108610e-02 9.175610e+01 3.578263e-02 9.993416e-01 5.999135e-03 -7.443327e+00 2.085838e-02 -6.748502e-03 9.997596e-01 2.894593e+01
9.990665e-01 3.665617e-02 2.285840e-02 9.262329e+01 -3.651083e-02 9.993105e-01 -6.743947e-03 -7.514872e+00 -2.308987e-02 5.903070e-03 9.997161e-01 2.920999e+01
9.990271e-01 -3.834357e-02 -2.178658e-02 9.349652e+01 3.848132e-02 9.992417e-01 5.938997e-03 -7.586537e+00 2.154236e-02 -6.771594e-03 9.997449e-01 2.946461e+01
9.989904e-01 3.839249e-02 2.332629e-02 9.430968e+01 -3.824623e-02 9.992460e-01 -6.684771e-03 -7.654334e+00 -2.356538e-02 5.785878e-03 9.997057e-01 2.972824e+01
9.986800e-01 -4.435865e-02 -2.589478e-02 9.509838e+01 4.452165e-02 9.989919e-01 5.752386e-03 -7.725227e+00 2.561353e-02 -6.897670e-03 9.996480e-01 3.020135e+01
9.987204e-01 4.694262e-02 1.881461e-02 9.581239e+01 -4.683968e-02 9.988851e-01 -5.875512e-03 -7.784150e+00 -1.906947e-02 4.986721e-03 9.998058e-01 3.063124e+01
9.985634e-01 -5.019070e-02 -1.876196e-02 9.621805e+01 5.029223e-02 9.987221e-01 4.979072e-03 -7.820413e+00 1.848811e-02 -5.915499e-03 9.998115e-01 3.090257e+01
9.987129e-01 4.710458e-02 1.880862e-02 9.658234e+01 -4.699944e-02 9.988769e-01 -5.993761e-03 -7.854826e+00 -1.906985e-02 5.102050e-03 9.998052e-01 3.110911e+01
9.985523e-01 -5.051855e-02 -1.847095e-02 9.702350e+01 5.062239e-02 9.987043e-01 5.197886e-03 -7.893582e+00 1.818445e-02 -6.125403e-03 9.998158e-01 3.127517e+01
9.986944e-01 4.739920e-02 1.904758e-02 9.744630e+01 -4.729059e-02 9.988625e-01 -6.112986e-03 -7.929965e+00 -1.931569e-02 5.204232e-03 9.998000e-01 3.143545e+01
9.984618e-01 -5.165378e-02 -2.014513e-02 9.801625e+01 5.176609e-02 9.986462e-01 5.093782e-03 -7.979450e+00 1.985477e-02 -6.128780e-03 9.997840e-01 3.158500e+01
9.987790e-01 4.606271e-02 1.785299e-02 9.876863e+01 -4.597271e-02 9.989280e-01 -5.419258e-03 -8.044749e+00 -1.808350e-02 4.591889e-03 9.998260e-01 3.181272e+01
9.986600e-01 -4.843654e-02 -1.822577e-02 9.954896e+01 4.853238e-02 9.988098e-01 4.853120e-03 -8.107917e+00 1.796903e-02 -5.731156e-03 9.998220e-01 3.202936e+01
9.984215e-01 5.177867e-02 2.175773e-02 1.002810e+02 -5.166685e-02 9.986483e-01 -5.670847e-03 -8.167777e+00 -2.202197e-02 4.537741e-03 9.997473e-01 3.225475e+01
9.981822e-01 -5.627477e-02 -2.157529e-02 1.008637e+02 5.638764e-02 9.983981e-01 4.659091e-03 -8.217772e+00 2.127856e-02 -5.867200e-03 9.997563e-01 3.247501e+01
9.983670e-01 5.337739e-02 2.035136e-02 1.014974e+02 -5.327103e-02 9.985636e-01 -5.733147e-03 -8.270116e+00 -2.062818e-02 4.639645e-03 9.997765e-01 3.268392e+01
9.982376e-01 -5.611573e-02 -1.930692e-02 1.019482e+02 5.622364e-02 9.984052e-01 5.092049e-03 -8.307851e+00 1.899041e-02 -6.168579e-03 9.998005e-01 3.285971e+01
9.983614e-01 5.351229e-02 2.027199e-02 1.023991e+02 -5.339919e-02 9.985547e-01 -6.080714e-03 -8.346374e+00 -2.056811e-02 4.988240e-03 9.997761e-01 3.303770e+01
9.981237e-01 -5.794106e-02 -1.979735e-02 1.029733e+02 5.805445e-02 9.982999e-01 5.201512e-03 -8.397747e+00 1.946234e-02 -6.341076e-03 9.997904e-01 3.327384e+01
9.982817e-01 5.544682e-02 1.895527e-02 1.035935e+02 -5.534262e-02 9.984495e-01 -5.978485e-03 -8.451230e+00 -1.925739e-02 4.919176e-03 9.998026e-01 3.357069e+01
9.982032e-01 -5.666730e-02 -1.947330e-02 1.040585e+02 5.677322e-02 9.983749e-01 4.929346e-03 -8.490511e+00 1.916234e-02 -6.026049e-03 9.997981e-01 3.376496e+01
9.983109e-01 5.518052e-02 1.818065e-02 1.046687e+02 -5.508008e-02 9.984640e-01 -5.980554e-03 -8.540208e+00 -1.848275e-02 4.969058e-03 9.998169e-01 3.394257e+01
9.982515e-01 -5.696766e-02 -1.576642e-02 1.054475e+02 5.705394e-02 9.983582e-01 5.077535e-03 -8.606662e+00 1.545130e-02 -5.968193e-03 9.998627e-01 3.423917e+01
9.979899e-01 6.059105e-02 1.856949e-02 1.060612e+02 -6.049212e-02 9.981516e-01 -5.844386e-03 -8.657130e+00 -1.888931e-02 4.709329e-03 9.998106e-01 3.447355e+01
9.979691e-01 -6.124159e-02 -1.752636e-02 1.064768e+02 6.133573e-02 9.981052e-01 4.884533e-03 -8.689017e+00 1.719404e-02 -5.949604e-03 9.998344e-01 3.457927e+01
9.980299e-01 6.022878e-02 1.757366e-02 1.070029e+02 -6.013258e-02 9.981727e-01 -5.952407e-03 -8.730767e+00 -1.790008e-02 4.883928e-03 9.998280e-01 3.471846e+01
9.980237e-01 -6.056394e-02 -1.675316e-02 1.076449e+02 6.065504e-02 9.981463e-01 4.984188e-03 -8.782949e+00 1.642027e-02 -5.990501e-03 9.998471e-01 3.490976e+01
9.980754e-01 5.952148e-02 1.739910e-02 1.083300e+02 -5.942519e-02 9.982147e-01 -6.000056e-03 -8.838605e+00 -1.772519e-02 4.954562e-03 9.998307e-01 3.511867e+01
9.982400e-01 -5.701581e-02 -1.631150e-02 1.088536e+02 5.711024e-02 9.983534e-01 5.382617e-03 -8.881348e+00 1.597777e-02 -6.304696e-03 9.998524e-01 3.530959e+01
9.982242e-01 5.687540e-02 1.771048e-02 1.092337e+02 -5.677252e-02 9.983675e-01 -6.259389e-03 -8.910343e+00 -1.803760e-02 5.242803e-03 9.998237e-01 3.542529e+01
9.981409e-01 -5.845584e-02 -1.725491e-02 1.096788e+02 5.855311e-02 9.982708e-01 5.186593e-03 -8.946406e+00 1.692192e-02 -6.187278e-03 9.998376e-01 3.552775e+01
9.981612e-01 5.795224e-02 1.777049e-02 1.102295e+02 -5.785549e-02 9.983075e-01 -5.911169e-03 -8.991626e+00 -1.808300e-02 4.872177e-03 9.998247e-01 3.568044e+01
9.981323e-01 -5.843546e-02 -1.781006e-02 1.108487e+02 5.853102e-02 9.982736e-01 4.891712e-03 -9.040635e+00 1.749349e-02 -5.925016e-03 9.998293e-01 3.587366e+01
9.981974e-01 5.748849e-02 1.723481e-02 1.116574e+02 -5.739683e-02 9.983348e-01 -5.766765e-03 -9.107485e+00 -1.753766e-02 4.767144e-03 9.998349e-01 3.629733e+01
9.979929e-01 -6.117922e-02 -1.634871e-02 1.124261e+02 6.126530e-02 9.981099e-01 4.817137e-03 -9.172971e+00 1.602313e-02 -5.809077e-03 9.998546e-01 3.672567e+01
9.984852e-01 5.257980e-02 1.620557e-02 1.137841e+02 -5.250374e-02 9.986078e-01 -5.083895e-03 -9.285128e+00 -1.645034e-02 4.225339e-03 9.998559e-01 3.724903e+01
9.980625e-01 -5.870649e-02 -2.061240e-02 1.154896e+02 5.881685e-02 9.982573e-01 4.789068e-03 -9.421308e+00 2.029536e-02 -5.992145e-03 9.997760e-01 3.810670e+01
9.971793e-01 7.026900e-02 2.637821e-02 1.168374e+02 -7.000298e-02 9.974875e-01 -1.087749e-02 -9.526315e+00 -2.707631e-02 9.000249e-03 9.995930e-01 3.854040e+01
9.970115e-01 -7.205687e-02 -2.785378e-02 1.183321e+02 7.094533e-02 9.967166e-01 -3.902390e-02 -9.653999e+00 3.057428e-02 3.693118e-02 9.988499e-01 3.888223e+01
9.972291e-01 4.731468e-02 5.740623e-02 1.200667e+02 -4.931929e-02 9.982035e-01 3.401980e-02 -9.804687e+00 -5.569349e-02 -3.675677e-02 9.977712e-01 3.955826e+01
9.974739e-01 -4.372402e-02 -5.598320e-02 1.210085e+02 4.171761e-02 9.984618e-01 -3.652051e-02 -9.878184e+00 5.749393e-02 3.409276e-02 9.977635e-01 3.994938e+01
9.976179e-01 4.151998e-02 5.508684e-02 1.217593e+02 -4.347288e-02 9.984504e-01 3.473930e-02 -9.937088e+00 -5.355913e-02 -3.705133e-02 9.978772e-01 4.011666e+01
9.977517e-01 -4.192156e-02 -5.228847e-02 1.224789e+02 4.002554e-02 9.985209e-01 -3.679590e-02 -9.988644e+00 5.375370e-02 3.462029e-02 9.979538e-01 4.031058e+01
9.977868e-01 4.141467e-02 5.202257e-02 1.232597e+02 -4.325522e-02 9.984590e-01 3.476627e-02 -1.004579e+01 -5.050259e-02 -3.693957e-02 9.980407e-01 4.046807e+01
9.977674e-01 -4.560461e-02 -4.879060e-02 1.241682e+02 4.382685e-02 9.983572e-01 -3.690641e-02 -1.011806e+01 5.039358e-02 3.468567e-02 9.981268e-01 4.070883e+01
9.981086e-01 3.755333e-02 4.867199e-02 1.251890e+02 -3.927325e-02 9.986197e-01 3.487577e-02 -1.020084e+01 -4.729514e-02 -3.672131e-02 9.982058e-01 4.112565e+01
9.977064e-01 -4.432056e-02 -5.116361e-02 1.260672e+02 4.248226e-02 9.984312e-01 -3.647535e-02 -1.027119e+01 5.269998e-02 3.421814e-02 9.980239e-01 4.152290e+01
9.978259e-01 4.110082e-02 5.151912e-02 1.268573e+02 -4.290227e-02 9.984882e-01 3.436225e-02 -1.033299e+01 -5.002894e-02 -3.649783e-02 9.980808e-01 4.177022e+01
9.976845e-01 -4.408208e-02 -5.179231e-02 1.276498e+02 4.222896e-02 9.984466e-01 -3.634560e-02 -1.039530e+01 5.331408e-02 3.407430e-02 9.979962e-01 4.193560e+01
9.975862e-01 4.339514e-02 5.420854e-02 1.285562e+02 -4.529729e-02 9.983822e-01 3.436761e-02 -1.046510e+01 -5.262948e-02 -3.674015e-02 9.979381e-01 4.216859e+01
9.976089e-01 -4.535112e-02 -5.215147e-02 1.294619e+02 4.347549e-02 9.983855e-01 -3.655432e-02 -1.053739e+01 5.372508e-02 3.419959e-02 9.979698e-01 4.258849e+01
9.978859e-01 3.973730e-02 5.142721e-02 1.303135e+02 -4.153512e-02 9.985455e-01 3.437486e-02 -1.060551e+01 -4.998647e-02 -3.643821e-02 9.980851e-01 4.293141e+01
9.979359e-01 -4.038552e-02 -4.992987e-02 1.312510e+02 3.859249e-02 9.985930e-01 -3.636833e-02 -1.068005e+01 5.132840e-02 3.436633e-02 9.980903e-01 4.317184e+01
9.979474e-01 3.579221e-02 5.310190e-02 1.320975e+02 -3.766605e-02 9.986872e-01 3.471661e-02 -1.074822e+01 -5.178963e-02 -3.664548e-02 9.979855e-01 4.337907e+01
9.976815e-01 -4.178728e-02 -5.371716e-02 1.329288e+02 3.986061e-02 9.985401e-01 -3.645179e-02 -1.081375e+01 5.516199e-02 3.422607e-02 9.978905e-01 4.360672e+01
9.974048e-01 4.566077e-02 5.566652e-02 1.338978e+02 -4.762436e-02 9.982703e-01 3.447271e-02 -1.088798e+01 -5.399621e-02 -3.703433e-02 9.978542e-01 4.383544e+01
9.971169e-01 -4.834083e-02 -5.848937e-02 1.349516e+02 4.623194e-02 9.982494e-01 -3.688808e-02 -1.096790e+01 6.017020e-02 3.407765e-02 9.976062e-01 4.390718e+01
9.968641e-01 4.855402e-02 6.248505e-02 1.361578e+02 -5.077848e-02 9.981133e-01 3.451750e-02 -1.105973e+01 -6.069122e-02 -3.758215e-02 9.974489e-01 4.409428e+01
9.962258e-01 -5.877481e-02 -6.387245e-02 1.371676e+02 5.646243e-02 9.977030e-01 -3.742576e-02 -1.114084e+01 6.592545e-02 3.367811e-02 9.972559e-01 4.422936e+01
9.965989e-01 5.039809e-02 6.519786e-02 1.384881e+02 -5.267954e-02 9.980407e-01 3.375921e-02 -1.124302e+01 -6.336875e-02 -3.707898e-02 9.973012e-01 4.448827e+01
9.974360e-01 -3.895628e-02 -6.003140e-02 1.397233e+02 3.681279e-02 9.986587e-01 -3.640807e-02 -1.133595e+01 6.136923e-02 3.410480e-02 9.975322e-01 4.480117e+01
9.974599e-01 3.653093e-02 6.114892e-02 1.406828e+02 -3.866389e-02 9.986713e-01 3.406910e-02 -1.140966e+01 -5.982312e-02 -3.634681e-02 9.975471e-01 4.500100e+01
9.976733e-01 -3.620376e-02 -5.776944e-02 1.416302e+02 3.415221e-02 9.987640e-01 -3.611364e-02 -1.148335e+01 5.900551e-02 3.405665e-02 9.976765e-01 4.515296e+01
9.977709e-01 3.443217e-02 5.716354e-02 1.425247e+02 -3.643935e-02 9.987419e-01 3.444984e-02 -1.155318e+01 -5.590547e-02 -3.645604e-02 9.977704e-01 4.533831e+01
9.978649e-01 -3.461054e-02 -5.538791e-02 1.434871e+02 3.261956e-02 9.988028e-01 -3.645540e-02 -1.163114e+01 5.658336e-02 3.457083e-02 9.977991e-01 4.558900e+01
9.978078e-01 3.342074e-02 5.711895e-02 1.443007e+02 -3.543953e-02 9.987691e-01 3.470369e-02 -1.169454e+01 -5.588885e-02 -3.665188e-02 9.977641e-01 4.575935e+01
9.977057e-01 -3.741166e-02 -5.642472e-02 1.451508e+02 3.538360e-02 9.987062e-01 -3.652362e-02 -1.176186e+01 5.771815e-02 3.444331e-02 9.977385e-01 4.600562e+01
9.977545e-01 3.353641e-02 5.797699e-02 1.459481e+02 -3.558190e-02 9.987671e-01 3.461606e-02 -1.182695e+01 -5.674464e-02 -3.660125e-02 9.977177e-01 4.629652e+01
9.977761e-01 -3.637715e-02 -5.585364e-02 1.467750e+02 3.436960e-02 9.987427e-01 -3.649266e-02 -1.189355e+01 5.711094e-02 3.449183e-02 9.977717e-01 4.651981e+01
9.978160e-01 3.161044e-02 5.800087e-02 1.476082e+02 -3.364606e-02 9.988395e-01 3.446185e-02 -1.196161e+01 -5.684423e-02 -3.633808e-02 9.977216e-01 4.675659e+01
9.977239e-01 -3.742765e-02 -5.609150e-02 1.484899e+02 3.542006e-02 9.987106e-01 -3.636834e-02 -1.203362e+01 5.738038e-02 3.429879e-02 9.977629e-01 4.698144e+01
9.979749e-01 3.033190e-02 5.591051e-02 1.494518e+02 -3.227841e-02 9.988920e-01 3.424664e-02 -1.211075e+01 -5.480983e-02 -3.598199e-02 9.978484e-01 4.723816e+01
9.979210e-01 -3.176893e-02 -5.607488e-02 1.502129e+02 2.980910e-02 9.989269e-01 -3.544750e-02 -1.217052e+01 5.714086e-02 3.370226e-02 9.977970e-01 4.734068e+01
9.980102e-01 2.614286e-02 5.737681e-02 1.510118e+02 -2.811863e-02 9.990295e-01 3.390200e-02 -1.223245e+01 -5.643486e-02 -3.544789e-02 9.977769e-01 4.764552e+01
9.977365e-01 -3.539540e-02 -5.717462e-02 1.517899e+02 3.341218e-02 9.988188e-01 -3.527860e-02 -1.229856e+01 5.835582e-02 3.328841e-02 9.977406e-01 4.800740e+01
9.980696e-01 3.022421e-02 5.425407e-02 1.524801e+02 -3.208770e-02 9.989130e-01 3.381125e-02 -1.234921e+01 -5.317320e-02 -3.548687e-02 9.979547e-01 4.811037e+01
9.979869e-01 -3.540604e-02 -5.261700e-02 1.532829e+02 3.357842e-02 9.988153e-01 -3.522175e-02 -1.241179e+01 5.380175e-02 3.338404e-02 9.979933e-01 4.829558e+01
9.981751e-01 3.064131e-02 5.203438e-02 1.540202e+02 -3.242881e-02 9.989002e-01 3.386248e-02 -1.246814e+01 -5.093959e-02 -3.548809e-02 9.980711e-01 4.855480e+01
9.978802e-01 -3.574045e-02 -5.438404e-02 1.546816e+02 3.384503e-02 9.988005e-01 -3.538341e-02 -1.251794e+01 5.558345e-02 3.346777e-02 9.978929e-01 4.869060e+01
