9.999948e-01 -3.088686e-03 -9.634136e-04 8.338366e-01 3.088789e-03 9.999952e-01 1.058182e-04 -6.778812e-02 9.630822e-04 -1.087939e-04 9.999996e-01 2.023330e-01
9.999657e-01 7.540443e-03 3.438691e-03 1.872598e+00 -7.540751e-03 9.999716e-01 7.673621e-05 -1.481116e-01 -3.438014e-03 -1.026634e-04 9.999940e-01 4.222955e-01
9.999829e-01 -5.752136e-03 -1.025221e-03 2.753671e+00 5.752155e-03 9.999835e-01 1.564908e-05 -2.185723e-01 1.025113e-03 -2.154656e-05 9.999996e-01 6.242913e-01
9.999858e-01 5.261126e-03 7.965370e-04 3.559774e+00 -5.261218e-03 9.999862e-01 1.136893e-04 -2.826009e-01 -7.959274e-04 -1.178779e-04 9.999996e-01 8.451746e-01
9.999707e-01 -7.647885e-03 -3.925899e-04 4.257997e+00 7.647927e-03 9.999707e-01 1.054029e-04 -3.387023e-01 3.917718e-04 -1.084028e-04 1.000000e+00 1.136133e+00
9.999923e-01 3.829562e-03 -8.302038e-04 5.017039e+00 -3.829334e-03 9.999926e-01 2.757071e-04 -3.997969e-01 8.312538e-04 -2.725252e-04 9.999995e-01 1.409421e+00
9.999914e-01 -2.594804e-03 3.243971e-03 5.760440e+00 2.595196e-03 9.999966e-01 -1.165807e-04 -4.600081e-01 -3.243658e-03 1.249978e-04 9.999948e-01 1.644502e+00
9.999979e-01 5.049495e-04 -1.986816e-03 6.432995e+00 -5.048115e-04 9.999999e-01 6.992268e-05 -5.158782e-01 1.986852e-03 -6.891897e-05 9.999979e-01 1.868495e+00
9.999948e-01 -2.707649e-03 1.740551e-03 7.181684e+00 2.707849e-03 9.999963e-01 -1.126347e-04 -5.767500e-01 -1.740240e-03 1.173466e-04 9.999986e-01 2.093918e+00
9.999980e-01 2.014626e-03 1.583015e-04 7.999034e+00 -2.014657e-03 9.999980e-01 1.949038e-04 -6.448473e-01 -1.579077e-04 -1.952217e-04 9.999999e-01 2.329223e+00
9.999921e-01 -3.940521e-03 5.126754e-04 8.855314e+00 3.940580e-03 9.999922e-01 -1.134316e-04 -7.153908e-01 -5.122254e-04 1.154503e-04 1.000000e+00 2.585416e+00
9.999969e-01 2.380511e-03 -7.325821e-04 9.677393e+00 -2.380243e-03 9.999971e-01 3.664393e-04 -7.810219e-01 7.334532e-04 -3.646938e-04 9.999996e-01 2.833107e+00
9.999956e-01 -2.129097e-03 2.057266e-03 1.046340e+01 2.129329e-03 9.999977e-01 -1.105822e-04 -8.449592e-01 -2.057027e-03 1.149616e-04 9.999980e-01 3.047456e+00
9.999933e-01 -4.410289e-04 -3.624369e-03 1.116655e+01 4.427027e-04 9.999998e-01 4.610099e-04 -9.028938e-01 3.624166e-03 -4.626107e-04 9.999932e-01 3.319201e+00
9.999838e-01 -2.667423e-03 5.024337e-03 1.183198e+01 2.669449e-03 9.999964e-01 -3.966198e-04 -9.612526e-01 -5.023261e-03 4.100249e-04 9.999874e-01 3.671932e+00
9.999797e-01 2.389625e-03 -5.912492e-03 1.263412e+01 -2.386026e-03 9.999970e-01 6.156792e-04 -1.024881e+00 5.913946e-03 -6.015586e-04 9.999822e-01 3.980967e+00
9.999597e-01 1.375102e-03 8.870478e-03 1.339304e+01 -1.371514e-03 9.999990e-01 -4.105625e-04 -1.085641e+00 -8.871035e-03 3.983793e-04 9.999607e-01 4.230957e+00
9.999745e-01 -1.368390e-04 -7.144586e-03 1.418446e+01 1.408804e-04 9.999998e-01 5.651709e-04 -1.149243e+00 7.144508e-03 -5.661622e-04 9.999742e-01 4.420495e+00
9.999882e-01 -2.094852e-03 4.377940e-03 1.498026e+01 2.096047e-03 9.999978e-01 -2.684590e-04 -1.216608e+00 -4.377369e-03 2.776314e-04 9.999905e-01 4.777848e+00
9.999833e-01 -2.025383e-03 -5.405713e-03 1.570948e+01 2.027537e-03 9.999979e-01 3.930500e-04 -1.277312e+00 5.404906e-03 -4.040029e-04 9.999852e-01 4.981222e+00
9.999335e-01 7.714239e-03 8.576775e-03 1.647028e+01 -7.713217e-03 9.999702e-01 -1.522578e-04 -1.336536e+00 -8.577695e-03 8.609236e-05 9.999633e-01 5.198848e+00
9.999599e-01 -6.394168e-03 -6.274940e-03 1.712377e+01 6.395473e-03 9.999795e-01 1.879348e-04 -1.389006e+00 6.273611e-03 -2.280577e-04 9.999802e-01 5.378637e+00
9.999432e-01 7.536327e-03 7.532118e-03 1.779357e+01 -7.535688e-03 9.999716e-01 -1.132773e-04 -1.443052e+00 -7.532759e-03 5.651033e-05 9.999717e-01 5.566373e+00
9.999002e-01 -1.131216e-02 -8.463981e-03 1.867387e+01 1.131080e-02 9.999360e-01 -2.081983e-04 -1.511432e+00 8.465796e-03 1.124439e-04 9.999641e-01 5.745879e+00
9.996010e-01 2.400630e-02 1.488483e-02 1.955385e+01 -2.398617e-02 9.997111e-01 -1.528900e-03 -1.581253e+00 -1.491724e-02 1.171259e-03 9.998881e-01 6.006237e+00
9.994639e-01 -2.789099e-02 -1.714577e-02 2.023197e+01 2.791334e-02 9.996098e-01 1.065704e-03 -1.634609e+00 1.710936e-02 -1.543728e-03 9.998523e-01 6.071344e+00
9.996291e-01 2.239967e-02 1.548775e-02 2.119493e+01 -2.237846e-02 9.997484e-01 -1.541072e-03 -1.706927e+00 -1.551837e-02 1.193908e-03 9.998790e-01 6.095528e+00
9.995042e-01 -2.592459e-02 -1.786813e-02 2.229552e+01 2.595276e-02 9.996623e-01 1.346575e-03 -1.790046e+00 1.782719e-02 -1.809634e-03 9.998393e-01 6.124874e+00
9.996244e-01 2.142967e-02 1.708481e-02 2.344523e+01 -2.140601e-02 9.997696e-01 -1.566102e-03 -1.878679e+00 -1.711444e-02 1.199796e-03 9.998529e-01 6.318443e+00
9.994288e-01 -2.824813e-02 -1.854992e-02 2.464826e+01 2.827718e-02 9.995993e-01 1.305524e-03 -1.972450e+00 1.850561e-02 -1.829317e-03 9.998270e-01 6.591501e+00
9.995103e-01 2.487395e-02 1.898366e-02 2.586024e+01 -2.484639e-02 9.996899e-01 -1.686250e-03 -2.067170e+00 -1.901972e-02 1.213748e-03 9.998185e-01 6.881604e+00
9.993168e-01 -3.081677e-02 -2.040451e-02 2.696670e+01 3.085301e-02 9.995229e-01 1.463930e-03 -2.153935e+00 2.034966e-02 -2.092470e-03 9.997906e-01 7.133944e+00
9.995624e-01 2.381581e-02 1.754238e-02 2.801557e+01 -2.378667e-02 9.997153e-01 -1.868208e-03 -2.237611e+00 -1.758188e-02 1.450115e-03 9.998445e-01 7.329416e+00
9.994473e-01 -2.844488e-02 -1.720196e-02 2.901727e+01 2.847782e-02 9.995930e-01 1.672526e-03 -2.314209e+00 1.714738e-02 -2.161476e-03 9.998505e-01 7.416271e+00
9.996418e-01 2.179508e-02 1.553215e-02 2.997048e+01 -2.176793e-02 9.997612e-01 -1.914882e-03 -2.388054e+00 -1.557017e-02 1.576093e-03 9.998776e-01 7.486094e+00
9.994863e-01 -2.800104e-02 -1.559007e-02 3.094807e+01 2.803292e-02 9.996053e-01 1.830717e-03 -2.462238e+00 1.553265e-02 -2.266811e-03 9.998767e-01 7.607082e+00
9.996435e-01 2.174444e-02 1.549450e-02 3.191318e+01 -2.171307e-02 9.997618e-01 -2.189521e-03 -2.536548e+00 -1.553842e-02 1.852307e-03 9.998777e-01 7.804615e+00
9.995439e-01 -2.580804e-02 -1.568437e-02 3.292244e+01 2.584235e-02 9.996641e-01 1.989151e-03 -2.616672e+00 1.562776e-02 -2.393564e-03 9.998749e-01 8.082098e+00
9.994721e-01 2.747422e-02 1.734027e-02 3.388823e+01 -2.744007e-02 9.996210e-01 -2.203962e-03 -2.690978e+00 -1.739425e-02 1.726979e-03 9.998473e-01 8.352435e+00
9.994733e-01 -2.635078e-02 -1.894094e-02 3.495763e+01 2.637122e-02 9.996519e-01 8.298199e-04 -2.770443e+00 1.891248e-02 -1.328878e-03 9.998202e-01 8.630368e+00
9.993338e-01 3.087602e-02 1.945754e-02 3.606932e+01 -3.086413e-02 9.995232e-01 -9.110860e-04 -2.860547e+00 -1.947640e-02 3.099380e-04 9.998104e-01 9.170088e+00
9.991922e-01 -3.542184e-02 -1.897796e-02 3.696778e+01 3.544170e-02 9.993715e-01 7.112444e-04 -2.937499e+00 1.894084e-02 -1.383280e-03 9.998195e-01 9.817748e+00
9.992316e-01 3.368101e-02 2.004605e-02 3.775342e+01 -3.366798e-02 9.994326e-01 -9.875107e-04 -3.005767e+00 -2.006794e-02 3.118410e-04 9.997987e-01 1.051313e+01
9.992495e-01 -3.414156e-02 -1.829508e-02 3.851568e+01 3.416267e-02 9.994159e-01 8.424332e-04 -3.071662e+00 1.825563e-02 -1.466809e-03 9.998322e-01 1.114254e+01
9.992729e-01 3.244213e-02 2.003029e-02 3.928749e+01 -3.242232e-02 9.994734e-01 -1.313408e-03 -3.139712e+00 -2.006235e-02 6.630233e-04 9.997986e-01 1.187190e+01
9.993665e-01 -3.013731e-02 -1.893221e-02 4.002200e+01 3.016226e-02 9.995445e-01 1.033588e-03 -3.203106e+00 1.889244e-02 -1.603970e-03 9.998201e-01 1.256219e+01
9.994702e-01 2.651148e-02 1.888240e-02 4.088046e+01 -2.648413e-02 9.996478e-01 -1.696860e-03 -3.273410e+00 -1.892074e-02 1.195876e-03 9.998204e-01 1.302391e+01
9.993480e-01 -2.993016e-02 -2.019169e-02 4.187811e+01 2.996228e-02 9.995502e-01 1.290421e-03 -3.353442e+00 2.014398e-02 -1.894568e-03 9.997952e-01 1.331063e+01
9.995429e-01 2.501142e-02 1.698332e-02 4.263111e+01 -2.498847e-02 9.996865e-01 -1.561925e-03 -3.412312e+00 -1.701707e-02 1.136823e-03 9.998547e-01 1.333496e+01
9.996892e-01 -2.133009e-02 -1.290750e-02 4.320796e+01 2.129597e-02 9.997694e-01 -2.775280e-03 -3.455207e+00 1.296373e-02 2.499540e-03 9.999127e-01 1.332338e+01
9.997568e-01 1.810983e-02 1.258124e-02 4.369327e+01 -1.814627e-02 9.998315e-01 2.788680e-03 -3.493512e+00 -1.252862e-02 -3.016305e-03 9.999171e-01 1.333986e+01
9.997057e-01 -2.125184e-02 -1.169877e-02 4.417197e+01 2.122308e-02 9.997714e-01 -2.577037e-03 -3.529510e+00 1.175087e-02 2.327995e-03 9.999281e-01 1.341317e+01
9.997158e-01 1.936466e-02 1.390734e-02 4.463693e+01 -1.940436e-02 9.998080e-01 2.725373e-03 -3.566156e+00 -1.385190e-02 -2.994462e-03 9.998997e-01 1.357190e+01
9.996664e-01 -2.224857e-02 -1.311733e-02 4.504250e+01 2.221710e-02 9.997499e-01 -2.539994e-03 -3.598143e+00 1.317056e-02 2.247718e-03 9.999106e-01 1.368764e+01
9.997113e-01 1.964119e-02 1.384324e-02 4.540557e+01 -1.967877e-02 9.998030e-01 2.584162e-03 -3.627309e+00 -1.378976e-02 -2.855834e-03 9.999009e-01 1.380757e+01
9.996706e-01 -2.210964e-02 -1.303168e-02 4.581102e+01 2.207718e-02 9.997528e-01 -2.629961e-03 -3.659723e+00 1.308661e-02 2.341393e-03 9.999115e-01 1.393424e+01
9.996784e-01 2.084060e-02 1.445075e-02 4.619278e+01 -2.087982e-02 9.997787e-01 2.568578e-03 -3.689592e+00 -1.439403e-02 -2.869482e-03 9.998924e-01 1.404074e+01
9.996501e-01 -2.302846e-02 -1.301789e-02 4.659422e+01 2.299645e-02 9.997322e-01 -2.603277e-03 -3.719984e+00 1.307435e-02 2.303002e-03 9.999118e-01 1.408803e+01
9.996571e-01 2.214753e-02 1.396725e-02 4.698498e+01 -2.218460e-02 9.997508e-01 2.504791e-03 -3.750012e+00 -1.390830e-02 -2.813792e-03 9.998994e-01 1.418070e+01
9.996240e-01 -2.411509e-02 -1.305084e-02 4.733889e+01 2.408511e-02 9.997069e-01 -2.449134e-03 -3.778163e+00 1.310608e-02 2.133883e-03 9.999117e-01 1.428390e+01
9.996545e-01 2.245734e-02 1.366131e-02 4.765680e+01 -2.249294e-02 9.997440e-01 2.457743e-03 -3.802139e+00 -1.360262e-02 -2.764178e-03 9.999038e-01 1.437140e+01
9.996450e-01 -2.312388e-02 -1.323495e-02 4.791871e+01 2.309861e-02 9.997311e-01 -2.059485e-03 -3.820536e+00 1.327902e-02 1.753046e-03 9.999102e-01 1.436809e+01
9.996584e-01 2.092251e-02 1.566310e-02 4.828671e+01 -2.096082e-02 9.997777e-01 2.285869e-03 -3.845630e+00 -1.561179e-02 -2.613401e-03 9.998748e-01 1.433898e+01
9.996103e-01 -2.443355e-02 -1.349727e-02 4.868491e+01 2.440777e-02 9.996999e-01 -2.071297e-03 -3.875017e+00 1.354383e-02 1.741053e-03 9.999067e-01 1.438252e+01
9.996201e-01 2.258670e-02 1.579829e-02 4.901628e+01 -2.262447e-02 9.997416e-01 2.215699e-03 -3.898753e+00 -1.574416e-02 -2.572286e-03 9.998728e-01 1.439771e+01
9.996001e-01 -2.498185e-02 -1.324627e-02 4.937844e+01 2.495844e-02 9.996866e-01 -1.929010e-03 -3.925276e+00 1.329032e-02 1.597633e-03 9.999103e-01 1.440828e+01
9.996041e-01 2.316781e-02 1.596819e-02 4.972561e+01 -2.320345e-02 9.997287e-01 2.050154e-03 -3.950420e+00 -1.591636e-02 -2.419861e-03 9.998705e-01 1.440273e+01
9.995886e-01 -2.526103e-02 -1.358069e-02 5.006928e+01 2.523822e-02 9.996798e-01 -1.848290e-03 -3.974416e+00 1.362304e-02 1.504778e-03 9.999060e-01 1.436823e+01
9.996223e-01 2.278049e-02 1.537191e-02 5.045626e+01 -2.281348e-02 9.997378e-01 1.974277e-03 -4.000696e+00 -1.532291e-02 -2.324220e-03 9.998800e-01 1.431148e+01
9.996012e-01 -2.490990e-02 -1.330243e-02 5.080628e+01 2.489012e-02 9.996888e-01 -1.650181e-03 -4.025735e+00 1.333940e-02 1.318426e-03 9.999101e-01 1.425795e+01
9.995914e-01 2.495593e-02 1.393991e-02 5.138099e+01 -2.497417e-02 9.996875e-01 1.135868e-03 -4.067793e+00 -1.390721e-02 -1.483543e-03 9.999023e-01 1.440663e+01
9.998737e-01 -1.319708e-02 -8.849935e-03 5.198910e+01 1.315889e-02 9.999039e-01 -4.360116e-03 -4.115150e+00 8.906630e-03 4.243111e-03 9.999512e-01 1.445252e+01
9.998782e-01 1.123769e-02 1.082665e-02 5.233828e+01 -1.128436e-02 9.999273e-01 4.259513e-03 -4.142454e+00 -1.077800e-02 -4.381167e-03 9.999324e-01 1.448719e+01
9.998711e-01 -1.341407e-02 -8.822865e-03 5.270783e+01 1.337680e-02 9.999014e-01 -4.270310e-03 -4.171075e+00 8.879282e-03 4.151739e-03 9.999519e-01 1.453870e+01
9.998750e-01 1.155386e-02 1.079167e-02 5.305056e+01 -1.159985e-02 9.999239e-01 4.208444e-03 -4.198788e+00 -1.074223e-02 -4.333101e-03 9.999330e-01 1.460436e+01
9.998658e-01 -1.361368e-02 -9.109363e-03 5.342118e+01 1.357615e-02 9.998991e-01 -4.169335e-03 -4.228481e+00 9.165210e-03 4.045107e-03 9.999497e-01 1.467445e+01
9.998253e-01 1.444840e-02 1.185968e-02 5.383190e+01 -1.449937e-02 9.998860e-01 4.223149e-03 -4.261214e+00 -1.179731e-02 -4.394370e-03 9.999209e-01 1.472720e+01
9.998654e-01 -1.410027e-02 -8.392954e-03 5.428751e+01 1.406555e-02 9.998923e-01 -4.182243e-03 -4.295928e+00 8.451027e-03 4.063629e-03 9.999559e-01 1.476943e+01
9.998423e-01 1.428487e-02 1.054657e-02 5.482165e+01 -1.433000e-02 9.998884e-01 4.215765e-03 -4.336818e+00 -1.048518e-02 -4.366234e-03 9.999356e-01 1.488908e+01
9.998749e-01 -1.350557e-02 -8.235795e-03 5.538680e+01 1.347147e-02 9.999005e-01 -4.182245e-03 -4.380550e+00 8.291466e-03 4.070774e-03 9.999572e-01 1.502337e+01
9.997537e-01 1.832501e-02 1.252120e-02 5.597010e+01 -1.837984e-02 9.998219e-01 4.277832e-03 -4.425714e+00 -1.244059e-02 -4.506917e-03 9.999126e-01 1.515894e+01
9.997808e-01 -1.839509e-02 -9.996154e-03 5.646798e+01 1.835297e-02 9.998224e-01 -4.289154e-03 -4.464372e+00 1.007329e-02 4.104756e-03 9.999407e-01 1.526979e+01
9.997231e-01 1.963796e-02 1.296739e-02 5.690653e+01 -1.969326e-02 9.997975e-01 4.150876e-03 -4.498340e+00 -1.288325e-02 -4.405098e-03 9.999074e-01 1.539560e+01
9.997773e-01 -1.834445e-02 -1.042942e-02 5.725310e+01 1.830073e-02 9.998234e-01 -4.271275e-03 -4.524453e+00 1.050594e-02 4.079459e-03 9.999364e-01 1.547361e+01
9.997719e-01 1.725006e-02 1.259046e-02 5.758261e+01 -1.730222e-02 9.998421e-01 4.045902e-03 -4.549089e+00 -1.251869e-02 -4.262824e-03 9.999127e-01 1.548008e+01
9.997507e-01 -1.958313e-02 -1.072161e-02 5.796366e+01 1.953976e-02 9.998005e-01 -4.134389e-03 -4.579032e+00 1.080045e-02 3.923862e-03 9.999339e-01 1.551865e+01
9.997708e-01 1.799169e-02 1.160322e-02 5.826760e+01 -1.803989e-02 9.998290e-01 4.063127e-03 -4.603888e+00 -1.152814e-02 -4.271518e-03 9.999245e-01 1.557308e+01
9.997524e-01 -1.988496e-02 -9.984081e-03 5.863013e+01 1.984514e-02 9.997948e-01 -4.071451e-03 -4.631894e+00 1.006300e-02 3.872309e-03 9.999418e-01 1.563196e+01
9.997675e-01 1.859161e-02 1.092516e-02 5.906107e+01 -1.863576e-02 9.998185e-01 3.953524e-03 -4.666626e+00 -1.084968e-02 -4.156205e-03 9.999326e-01 1.574424e+01
9.997217e-01 -2.163152e-02 -9.415318e-03 5.947185e+01 2.159539e-02 9.997591e-01 -3.922482e-03 -4.698891e+00 9.497908e-03 3.718064e-03 9.999479e-01 1.582478e+01
9.997334e-01 2.034031e-02 1.092796e-02 5.974475e+01 -2.038289e-02 9.997850e-01 3.798736e-03 -4.721539e+00 -1.084836e-02 -4.020468e-03 9.999332e-01 1.592710e+01
9.997191e-01 -2.167890e-02 -9.582453e-03 5.999809e+01 2.164226e-02 9.997581e-01 -3.910592e-03 -4.743220e+00 9.664922e-03 3.702109e-03 9.999463e-01 1.602568e+01
9.997301e-01 2.029003e-02 1.131453e-02 6.024958e+01 -2.033458e-02 9.997859e-01 3.836512e-03 -4.764675e+00 -1.123427e-02 -4.065554e-03 9.999287e-01 1.612559e+01
9.997102e-01 -2.201444e-02 -9.745447e-03 6.054443e+01 2.197692e-02 9.997507e-01 -3.940304e-03 -4.789168e+00 9.829771e-03 3.724988e-03 9.999446e-01 1.619726e+01
9.997379e-01 1.984116e-02 1.141817e-02 6.091322e+01 -1.988604e-02 9.997949e-01 3.830893e-03 -4.818345e+00 -1.133983e-02 -4.056952e-03 9.999276e-01 1.628041e+01
9.997352e-01 -2.075468e-02 -9.940677e-03 6.133138e+01 2.071672e-02 9.997778e-01 -3.906072e-03 -4.851351e+00 1.001955e-02 3.699101e-03 9.999429e-01 1.640766e+01
9.997152e-01 2.074806e-02 1.179305e-02 6.178711e+01 -2.079345e-02 9.997768e-01 3.739607e-03 -4.887859e+00 -1.171284e-02 -3.983762e-03 9.999236e-01 1.654102e+01
9.997161e-01 -2.173792e-02 -9.758694e-03 6.223141e+01 2.170144e-02 9.997572e-01 -3.828460e-03 -4.924169e+00 9.839557e-03 3.615597e-03 9.999450e-01 1.669498e+01
9.997197e-01 2.113674e-02 1.066181e-02 6.270538e+01 -2.117710e-02 9.997689e-01 3.686297e-03 -4.962575e+00 -1.058144e-02 -3.911052e-03 9.999365e-01 1.689207e+01
9.997114e-01 -2.228801e-02 -8.966670e-03 6.321003e+01 2.225425e-02 9.997449e-01 -3.847369e-03 -5.003537e+00 9.050144e-03 3.646713e-03 9.999523e-01 1.708306e+01
9.996745e-01 2.264578e-02 1.175135e-02 6.372159e+01 -2.268947e-02 9.997361e-01 3.597706e-03 -5.045123e+00 -1.166679e-02 -3.863169e-03 9.999246e-01 1.727410e+01
9.997039e-01 -2.253214e-02 -9.192930e-03 6.423675e+01 2.249842e-02 9.997398e-01 -3.755166e-03 -5.087163e+00 9.275161e-03 3.547229e-03 9.999506e-01 1.743830e+01
9.997446e-01 2.028026e-02 9.974171e-03 6.475895e+01 -2.031689e-02 9.997872e-01 3.584746e-03 -5.130253e+00 -9.899359e-03 -3.786476e-03 9.999439e-01 1.761376e+01
9.997192e-01 -2.228242e-02 -8.066010e-03 6.528284e+01 2.225289e-02 9.997454e-01 -3.731479e-03 -5.174419e+00 8.147114e-03 3.550941e-03 9.999604e-01 1.780952e+01
9.996949e-01 2.244630e-02 1.031142e-02 6.582032e+01 -2.248428e-02 9.997408e-01 3.582354e-03 -5.219859e+00 -1.022834e-02 -3.813107e-03 9.999405e-01 1.804810e+01
9.996777e-01 -2.371112e-02 -9.074637e-03 6.633087e+01 2.367767e-02 9.997125e-01 -3.776546e-03 -5.262718e+00 9.161585e-03 3.560463e-03 9.999516e-01 1.825944e+01
9.996421e-01 2.406938e-02 1.167835e-02 6.688982e+01 -2.411157e-02 9.997032e-01 3.485864e-03 -5.310362e+00 -1.159099e-02 -3.766201e-03 9.999258e-01 1.850835e+01
9.997488e-01 -2.102413e-02 -7.769961e-03 6.745650e+01 2.099567e-02 9.997726e-01 -3.725305e-03 -5.357883e+00 7.846527e-03 3.561235e-03 9.999628e-01 1.875849e+01
9.996210e-01 2.475628e-02 1.204075e-02 6.800128e+01 -2.480008e-02 9.996863e-01 3.502125e-03 -5.402324e+00 -1.195029e-02 -3.799411e-03 9.999215e-01 1.901296e+01
9.996957e-01 -2.286599e-02 -9.249902e-03 6.854895e+01 2.283315e-02 9.997327e-01 -3.640029e-03 -5.448400e+00 9.330675e-03 3.427718e-03 9.999505e-01 1.926484e+01
9.997368e-01 2.038244e-02 1.053450e-02 6.902291e+01 -2.041899e-02 9.997858e-01 3.373881e-03 -5.488497e+00 -1.046349e-02 -3.588098e-03 9.999389e-01 1.944121e+01
9.997620e-01 -2.035672e-02 -7.849321e-03 6.957591e+01 2.032931e-02 9.997870e-01 -3.557056e-03 -5.535744e+00 7.920072e-03 3.396639e-03 9.999628e-01 1.965003e+01
9.995621e-01 2.670169e-02 1.274876e-02 7.000368e+01 -2.673096e-02 9.996404e-01 2.130745e-03 -5.570595e+00 -1.268729e-02 -2.470600e-03 9.999166e-01 1.987925e+01
9.995398e-01 -2.820114e-02 -1.117571e-02 7.038998e+01 2.817594e-02 9.996001e-01 -2.405944e-03 -5.603509e+00 1.123910e-02 2.089952e-03 9.999346e-01 2.006458e+01
9.995795e-01 2.610540e-02 1.262019e-02 7.072880e+01 -2.613307e-02 9.996564e-01 2.032366e-03 -5.633058e+00 -1.256281e-02 -2.361318e-03 9.999184e-01 2.024243e+01
9.995445e-01 -2.806305e-02 -1.110654e-02 7.104030e+01 2.803950e-02 9.996042e-01 -2.270426e-03 -5.660139e+00 1.116588e-02 1.957971e-03 9.999356e-01 2.038459e+01
9.995901e-01 2.581329e-02 1.238070e-02 7.137704e+01 -2.583926e-02 9.996642e-01 1.941589e-03 -5.689512e+00 -1.232644e-02 -2.260703e-03 9.999216e-01 2.053217e+01
9.995429e-01 -2.804152e-02 -1.130072e-02 7.172073e+01 2.801793e-02 9.996049e-01 -2.240290e-03 -5.719109e+00 1.135910e-02 1.922644e-03 9.999335e-01 2.067354e+01
9.995926e-01 2.579050e-02 1.222464e-02 7.206862e+01 -2.581578e-02 9.996649e-01 1.914623e-03 -5.748696e+00 -1.217118e-02 -2.229433e-03 9.999235e-01 2.082608e+01
9.995530e-01 -2.783992e-02 -1.089817e-02 7.244416e+01 2.781732e-02 9.996106e-01 -2.220550e-03 -5.780592e+00 1.095576e-02 1.916400e-03 9.999380e-01 2.098658e+01
9.995763e-01 2.619673e-02 1.268798e-02 7.289335e+01 -2.622180e-02 9.996545e-01 1.813820e-03 -5.817623e+00 -1.263610e-02 -2.145755e-03 9.999180e-01 2.113505e+01
9.996318e-01 -2.492162e-02 -1.072837e-02 7.349688e+01 2.490104e-02 9.996878e-01 -2.048152e-03 -5.866374e+00 1.077608e-02 1.780251e-03 9.999403e-01 2.128061e+01
9.996318e-01 2.380970e-02 1.301302e-02 7.410905e+01 -2.383380e-02 9.997145e-01 1.700003e-03 -5.916849e+00 -1.296884e-02 -2.009528e-03 9.999140e-01 2.146866e+01
9.996588e-01 -2.339051e-02 -1.163005e-02 7.479171e+01 2.336987e-02 9.997251e-01 -1.907134e-03 -5.972902e+00 1.167148e-02 1.634691e-03 9.999305e-01 2.165150e+01
9.996487e-01 2.292570e-02 1.329815e-02 7.544332e+01 -2.294973e-02 9.997352e-01 1.656969e-03 -6.026253e+00 -1.325666e-02 -1.961577e-03 9.999103e-01 2.184929e+01
9.997051e-01 -2.172238e-02 -1.085978e-02 7.610097e+01 2.170464e-02 9.997629e-01 -1.748854e-03 -6.081458e+00 1.089521e-02 1.512632e-03 9.999394e-01 2.206883e+01
9.997191e-01 1.994997e-02 1.279517e-02 7.666583e+01 -1.997150e-02 9.997993e-01 1.557117e-03 -6.129236e+00 -1.276155e-02 -1.812219e-03 9.999170e-01 2.224336e+01
9.996553e-01 -2.309372e-02 -1.248669e-02 7.728879e+01 2.307345e-02 9.997322e-01 -1.764937e-03 -6.181560e+00 1.252412e-02 1.476218e-03 9.999204e-01 2.242630e+01
9.995617e-01 2.480720e-02 1.615531e-02 7.800521e+01 -2.483219e-02 9.996907e-01 1.347929e-03 -6.239687e+00 -1.611690e-02 -1.748511e-03 9.998687e-01 2.264600e+01
9.996215e-01 -2.381802e-02 -1.376907e-02 7.877893e+01 2.379771e-02 9.997155e-01 -1.637579e-03 -6.302907e+00 1.380417e-02 1.309288e-03 9.999038e-01 2.288239e+01
9.995498e-01 2.495625e-02 1.665227e-02 7.955418e+01 -2.498137e-02 9.996871e-01 1.301951e-03 -6.366400e+00 -1.661459e-02 -1.717363e-03 9.998606e-01 2.310651e+01
9.995278e-01 -2.633585e-02 -1.582797e-02 8.036887e+01 2.631409e-02 9.996525e-01 -1.581614e-03 -6.432836e+00 1.586414e-02 1.164369e-03 9.998734e-01 2.332984e+01
9.994809e-01 2.685028e-02 1.780207e-02 8.120133e+01 -2.687531e-02 9.996381e-01 1.168225e-03 -6.500815e+00 -1.776427e-02 -1.646056e-03 9.998409e-01 2.357348e+01
9.996560e-01 -2.168472e-02 -1.475392e-02 8.204725e+01 2.166576e-02 9.997642e-01 -1.443849e-03 -6.568416e+00 1.478177e-02 1.123698e-03 9.998900e-01 2.385667e+01
9.996415e-01 2.117963e-02 1.637901e-02 8.285004e+01 -2.120082e-02 9.997746e-01 1.121554e-03 -6.633675e+00 -1.635159e-02 -1.468402e-03 9.998653e-01 2.408843e+01
9.996415e-01 -2.195091e-02 -1.533090e-02 8.369216e+01 2.193170e-02 9.997585e-01 -1.420463e-03 -6.701613e+00 1.535840e-02 1.083722e-03 9.998814e-01 2.431117e+01
9.995302e-01 2.489917e-02 1.787231e-02 8.457539e+01 -2.492279e-02 9.996888e-01 1.099992e-03 -6.772396e+00 -1.783938e-02 -1.544905e-03 9.998398e-01 2.458012e+01
9.995543e-01 -2.488487e-02 -1.649027e-02 8.541249e+01 2.486418e-02 9.996898e-01 -1.458501e-03 -6.840597e+00 1.652147e-02 1.047835e-03 9.998629e-01 2.481838e+01
9.996018e-01 2.231863e-02 1.726787e-02 8.632739e+01 -2.234213e-02 9.997497e-01 1.168946e-03 -6.916539e+00 -1.723748e-02 -1.554284e-03 9.998503e-01 2.507489e+01
9.996756e-01 -2.052613e-02 -1.507725e-02 8.719676e+01 2.050775e-02 9.997888e-01 -1.372679e-03 -6.986643e+00 1.510226e-02 1.063035e-03 9.998853e-01 2.535421e+01
9.996032e-01 2.213298e-02 1.742198e-02 8.808417e+01 -2.215455e-02 9.997540e-01 1.046107e-03 -7.058900e+00 -1.739456e-02 -1.431670e-03 9.998478e-01 2.561484e+01
9.996259e-01 -2.248632e-02 -1.556802e-02 8.891078e+01 2.246874e-02 9.997467e-01 -1.303245e-03 -7.126326e+00 1.559340e-02 9.529648e-04 9.998779e-01 2.587204e+01
9.994510e-01 2.648715e-02 1.990405e-02 8.949633e+01 -2.651429e-02 9.996478e-01 1.100709e-03 -7.173915e+00 -1.986790e-02 -1.627848e-03 9.998014e-01 2.606137e+01
9.994551e-01 -2.761133e-02 -1.808866e-02 8.984048e+01 2.758978e-02 9.996183e-01 -1.439446e-03 -7.201710e+00 1.812152e-02 9.396007e-04 9.998353e-01 2.616136e+01
9.994497e-01 2.641209e-02 2.006865e-02 9.015196e+01 -2.643655e-02 9.996500e-01 9.545406e-04 -7.227020e+00 -2.003643e-02 -1.484563e-03 9.997982e-01 2.627158e+01
9.994724e-01 -2.661179e-02 -1.861892e-02 9.047989e+01 2.659052e-02 9.996454e-01 -1.388780e-03 -7.253576e+00 1.864930e-02 8.929614e-04 9.998256e-01 2.639862e+01
9.994762e-01 2.545979e-02 1.997745e-02 9.081310e+01 -2.548188e-02 9.996749e-01 8.520271e-04 -7.281076e+00 -1.994929e-02 -1.360646e-03 9.998002e-01 2.653438e+01
9.995130e-01 -2.530703e-02 -1.825938e-02 9.116890e+01 2.528965e-02 9.996795e-01 -1.182185e-03 -7.310874e+00 1.828347e-02 7.198367e-04 9.998325e-01 2.671284e+01
9.995178e-01 2.394553e-02 1.976840e-02 9.149216e+01 -2.396526e-02 9.997125e-01 7.615714e-04 -7.338933e+00 -1.974450e-02 -1.234961e-03 9.998044e-01 2.681468e+01
9.994887e-01 -2.633306e-02 -1.813806e-02 9.181154e+01 2.631816e-02 9.996531e-01 -1.059763e-03 -7.366148e+00 1.815969e-02 5.818618e-04 9.998348e-01 2.693109e+01
9.994817e-01 2.503950e-02 2.023236e-02 9.211253e+01 -2.505725e-02 9.996858e-01 6.242972e-04 -7.390575e+00 -2.021039e-02 -1.130943e-03 9.997952e-01 2.700015e+01
9.994992e-01 -2.589921e-02 -1.818365e-02 9.247200e+01 2.588683e-02 9.996645e-01 -9.159796e-04 -7.420002e+00 1.820129e-02 4.448050e-04 9.998341e-01 2.708452e+01
9.994533e-01 2.617006e-02 2.020245e-02 9.286998e+01 -2.618400e-02 9.996570e-01 4.257663e-04 -7.450350e+00 -2.018440e-02 -9.545162e-04 9.997959e-01 2.714462e+01
9.994557e-01 -2.779667e-02 -1.776646e-02 9.323955e+01 2.779026e-02 9.996136e-01 -6.077740e-04 -7.479799e+00 1.777651e-02 1.137099e-04 9.998419e-01 2.721582e+01
9.994441e-01 2.703416e-02 1.951094e-02 9.360113e+01 -2.704327e-02 9.996342e-01 2.031109e-04 -7.508607e+00 -1.949833e-02 -7.306395e-04 9.998097e-01 2.734029e+01
9.994483e-01 -2.792107e-02 -1.798906e-02 9.393888e+01 2.791368e-02 9.996101e-01 -6.614596e-04 -7.535331e+00 1.800054e-02 1.589549e-04 9.998379e-01 2.745421e+01
9.994510e-01 2.652603e-02 1.985073e-02 9.425605e+01 -2.653412e-02 9.996479e-01 1.438881e-04 -7.560980e+00 -1.983995e-02 -6.705324e-04 9.998030e-01 2.755200e+01
9.994332e-01 -2.821345e-02 -1.836664e-02 9.458126e+01 2.820743e-02 9.996019e-01 -5.865928e-04 -7.587224e+00 1.837590e-02 6.818581e-05 9.998310e-01 2.766075e+01
9.994361e-01 2.689168e-02 2.010613e-02 9.485469e+01 -2.689936e-02 9.996381e-01 1.113257e-04 -7.610106e+00 -2.009588e-02 -6.521067e-04 9.997979e-01 2.776214e+01
9.994228e-01 -2.829660e-02 -1.879778e-02 9.513260e+01 2.829096e-02 9.995996e-01 -5.657689e-04 -7.633464e+00 1.880628e-02 3.363621e-05 9.998230e-01 2.786980e+01
9.994186e-01 2.728148e-02 2.045083e-02 9.549221e+01 -2.728475e-02 9.996277e-01 -1.192774e-04 -7.662850e+00 -2.044650e-02 -4.387895e-04 9.997910e-01 2.800737e+01
9.993891e-01 -2.918121e-02 -1.923148e-02 9.572534e+01 2.918967e-02 9.995739e-01 1.592991e-04 -7.684205e+00 1.921866e-02 -7.205612e-04 9.998149e-01 2.807839e+01
9.993997e-01 2.812766e-02 2.022482e-02 9.597019e+01 -2.812167e-02 9.996043e-01 -5.804984e-04 -7.704065e+00 -2.023317e-02 1.139251e-05 9.997954e-01 2.816244e+01
9.993781e-01 -2.966680e-02 -1.905840e-02 9.626251e+01 2.967798e-02 9.995595e-01 3.039059e-04 -7.729637e+00 1.904101e-02 -8.693305e-04 9.998182e-01 2.826436e+01
9.993871e-01 2.896905e-02 1.965066e-02 9.666386e+01 -2.896030e-02 9.995803e-01 -7.294925e-04 -7.761646e+00 -1.966356e-02 1.599547e-04 9.998067e-01 2.839246e+01
9.993472e-01 -3.098775e-02 -1.857473e-02 9.709773e+01 3.099811e-02 9.995194e-01 2.700368e-04 -7.796799e+00 1.855745e-02 -8.456408e-04 9.998273e-01 2.853954e+01
9.994183e-01 2.821559e-02 1.915514e-02 9.753911e+01 -2.820693e-02 9.996018e-01 -7.221651e-04 -7.832997e+00 -1.916791e-02 1.814358e-04 9.998164e-01 2.872297e+01
9.994397e-01 -2.859275e-02 -1.739947e-02 9.796622e+01 2.860206e-02 9.995908e-01 2.867207e-04 -7.867665e+00 1.738417e-02 -7.842196e-04 9.998485e-01 2.888919e+01
9.994756e-01 2.676315e-02 1.822532e-02 9.842210e+01 -2.675321e-02 9.996418e-01 -7.888445e-04 -7.904780e+00 -1.823993e-02 3.008432e-04 9.998337e-01 2.903145e+01
9.995372e-01 -2.577108e-02 -1.616383e-02 9.895431e+01 2.578116e-02 9.996675e-01 4.149578e-04 -7.947270e+00 1.614779e-02 -8.314868e-04 9.998692e-01 2.921943e+01
9.994748e-01 2.663339e-02 1.845891e-02 9.951765e+01 -2.662159e-02 9.996452e-01 -8.847975e-04 -7.992832e+00 -1.847595e-02 3.929256e-04 9.998293e-01 2.939337e+01
9.996853e-01 -2.102568e-02 -1.368144e-02 1.000540e+02 2.103842e-02 9.997784e-01 7.877803e-04 -8.035120e+00 1.366186e-02 -1.075367e-03 9.999060e-01 2.958201e+01
9.996907e-01 1.983981e-02 1.499803e-02 1.004599e+02 -1.982669e-02 9.998029e-01 -1.022728e-03 -8.067735e+00 -1.501539e-02 7.250488e-04 9.998871e-01 2.970761e+01
9.996831e-01 -2.061312e-02 -1.445157e-02 1.009078e+02 2.062622e-02 9.997870e-01 7.582604e-04 -8.103846e+00 1.443289e-02 -1.056100e-03 9.998952e-01 2.985219e+01
9.996793e-01 1.939597e-02 1.627938e-02 1.013318e+02 -1.938411e-02 9.998117e-01 -8.862711e-04 -8.138552e+00 -1.629353e-02 5.704238e-04 9.998672e-01 2.997738e+01
9.996606e-01 -2.138971e-02 -1.486851e-02 1.017210e+02 2.140203e-02 9.997707e-01 6.699715e-04 -8.168929e+00 1.485080e-02 -9.879593e-04 9.998891e-01 3.006599e+01
9.996400e-01 2.115218e-02 1.650439e-02 1.021317e+02 -2.114055e-02 9.997761e-01 -8.790818e-04 -8.202617e+00 -1.651931e-02 5.298517e-04 9.998635e-01 3.018788e+01
9.996306e-01 -2.202443e-02 -1.592625e-02 1.026512e+02 2.203723e-02 9.997570e-01 6.285265e-04 -8.242985e+00 1.590856e-02 -9.792634e-04 9.998729e-01 3.031176e+01
9.996007e-01 2.227092e-02 1.738822e-02 1.033512e+02 -2.225975e-02 9.997519e-01 -8.359667e-04 -8.300436e+00 -1.740255e-02 4.485736e-04 9.998486e-01 3.050410e+01
9.997495e-01 -1.819902e-02 -1.302913e-02 1.040873e+02 1.821068e-02 9.998339e-01 7.767960e-04 -8.358341e+00 1.301285e-02 -1.013869e-03 9.999147e-01 3.072703e+01
9.997530e-01 1.671574e-02 1.464700e-02 1.048361e+02 -1.670336e-02 9.998600e-01 -9.669531e-04 -8.419903e+00 -1.466114e-02 7.220583e-04 9.998924e-01 3.090040e+01
9.999055e-01 -8.178160e-03 -1.105148e-02 1.056263e+02 8.192269e-03 9.999657e-01 1.232027e-03 -8.481026e+00 1.104105e-02 -1.322445e-03 9.999381e-01 3.115508e+01
9.998341e-01 1.171064e-02 1.395087e-02 1.061288e+02 -1.169514e-02 9.999309e-01 -1.192000e-03 -8.520152e+00 -1.396389e-02 1.028642e-03 9.999021e-01 3.130486e+01
9.998769e-01 -1.100152e-02 -1.118798e-02 1.065618e+02 1.101582e-02 9.999386e-01 1.218000e-03 -8.554001e+00 1.117392e-02 -1.341093e-03 9.999366e-01 3.140520e+01
9.998397e-01 1.168368e-02 1.356408e-02 1.070137e+02 -1.166872e-02 9.999312e-01 -1.181606e-03 -8.589275e+00 -1.357698e-02 1.023139e-03 9.999074e-01 3.153458e+01
9.998864e-01 -9.810423e-03 -1.144200e-02 1.074769e+02 9.824544e-03 9.999510e-01 1.178621e-03 -8.625232e+00 1.142991e-02 -1.290898e-03 9.999337e-01 3.169179e+01
9.998382e-01 1.186006e-02 1.352629e-02 1.079803e+02 -1.184650e-02 9.999292e-01 -1.081856e-03 -8.665219e+00 -1.353819e-02 9.214397e-04 9.999080e-01 3.191268e+01
9.998282e-01 -1.363823e-02 -1.255105e-02 1.084463e+02 1.365233e-02 9.999063e-01 1.037909e-03 -8.704076e+00 1.253574e-02 -1.209080e-03 9.999206e-01 3.207218e+01
9.998695e-01 1.018372e-02 1.254435e-02 1.089451e+02 -1.017129e-02 9.999477e-01 -1.054134e-03 -8.745760e+00 -1.255445e-02 9.264021e-04 9.999209e-01 3.222136e+01
9.999014e-01 -9.170299e-03 -1.063577e-02 1.093625e+02 9.182249e-03 9.999573e-01 1.075348e-03 -8.779333e+00 1.062548e-02 -1.172900e-03 9.999428e-01 3.237879e+01
9.998968e-01 7.784253e-03 1.207106e-02 1.097066e+02 -7.772550e-03 9.999693e-01 -1.016158e-03 -8.807569e+00 -1.207862e-02 9.222278e-04 9.999267e-01 3.250434e+01
9.998919e-01 -9.842796e-03 -1.091831e-02 1.100528e+02 9.854429e-03 9.999509e-01 1.012134e-03 -8.837073e+00 1.090784e-02 -1.119616e-03 9.999398e-01 3.266553e+01
9.998763e-01 1.012400e-02 1.203714e-02 1.104720e+02 -1.011258e-02 9.999484e-01 -1.008844e-03 -8.871307e+00 -1.204676e-02 8.869908e-04 9.999271e-01 3.286937e+01
9.999058e-01 -8.976532e-03 -1.038104e-02 1.109475e+02 8.988050e-03 9.999590e-01 1.063406e-03 -8.910776e+00 1.037110e-02 -1.156610e-03 9.999455e-01 3.304660e+01
9.999061e-01 8.318483e-03 1.089326e-02 1.114469e+02 -8.305764e-03 9.999648e-01 -1.212308e-03 -8.950897e+00 -1.090299e-02 1.121715e-03 9.999400e-01 3.321801e+01
9.999431e-01 -6.685059e-03 -8.314969e-03 1.119808e+02 6.695879e-03 9.999768e-01 1.274080e-03 -8.994253e+00 8.306286e-03 -1.329682e-03 9.999645e-01 3.341657e+01
9.999158e-01 7.493797e-03 1.059735e-02 1.124787e+02 -7.480649e-03 9.999712e-01 -1.279744e-03 -9.034518e+00 -1.060666e-02 1.200359e-03 9.999431e-01 3.360034e+01
9.999309e-01 -7.602041e-03 -8.967487e-03 1.129832e+02 7.613875e-03 9.999702e-01 1.286328e-03 -9.075631e+00 8.957469e-03 -1.354514e-03 9.999589e-01 3.377377e+01
9.999124e-01 7.753111e-03 1.072976e-02 1.134703e+02 -7.739843e-03 9.999692e-01 -1.277517e-03 -9.114855e+00 -1.073936e-02 1.194356e-03 9.999417e-01 3.394564e+01
9.999203e-01 -8.799470e-03 -9.055243e-03 1.139512e+02 8.811703e-03 9.999603e-01 1.311959e-03 -9.154799e+00 9.043368e-03 -1.391645e-03 9.999580e-01 3.410194e+01
9.999276e-01 6.490920e-03 1.013481e-02 1.144413e+02 -6.478195e-03 9.999782e-01 -1.287846e-03 -9.195310e+00 -1.014297e-02 1.222095e-03 9.999479e-01 3.427350e+01
9.999284e-01 -8.213766e-03 -8.701650e-03 1.148892e+02 8.226042e-03 9.999652e-01 1.375883e-03 -9.232645e+00 8.690075e-03 -1.447362e-03 9.999611e-01 3.444644e+01
9.999263e-01 7.200687e-03 9.778134e-03 1.153264e+02 -7.188001e-03 9.999733e-01 -1.331834e-03 -9.268020e+00 -9.787492e-03 1.261448e-03 9.999514e-01 3.463242e+01
9.999276e-01 -8.846369e-03 -8.151089e-03 1.157317e+02 8.858024e-03 9.999598e-01 1.394885e-03 -9.301381e+00 8.138451e-03 -1.466985e-03 9.999657e-01 3.479944e+01
9.999245e-01 8.106072e-03 9.231947e-03 1.161614e+02 -8.094259e-03 9.999664e-01 -1.316238e-03 -9.335979e+00 -9.242335e-03 1.241411e-03 9.999566e-01 3.496959e+01
9.999285e-01 -8.924152e-03 -7.956612e-03 1.165916e+02 8.935530e-03 9.999591e-01 1.395665e-03 -9.370950e+00 7.943860e-03 -1.466660e-03 9.999673e-01 3.514321e+01
9.999266e-01 7.695416e-03 9.355659e-03 1.170294e+02 -7.682603e-03 9.999695e-01 -1.404665e-03 -9.405915e+00 -9.366212e-03 1.332684e-03 9.999553e-01 3.528172e+01
9.999332e-01 -8.091230e-03 -8.247888e-03 1.174936e+02 8.103977e-03 9.999660e-01 1.513306e-03 -9.443307e+00 8.235393e-03 -1.580044e-03 9.999647e-01 3.546128e+01
9.999362e-01 7.124725e-03 8.762941e-03 1.180040e+02 -7.112086e-03 9.999736e-01 -1.472680e-03 -9.484642e+00 -8.773232e-03 1.410261e-03 9.999606e-01 3.564260e+01
9.999741e-01 -4.993612e-03 -5.174068e-03 1.184805e+02 5.001684e-03 9.999863e-01 1.548407e-03 -9.523570e+00 5.166295e-03 -1.574245e-03 9.999853e-01 3.583204e+01
9.999496e-01 6.467340e-03 7.681131e-03 1.189382e+02 -6.456304e-03 9.999781e-01 -1.460697e-03 -9.560397e+00 -7.690440e-03 1.411029e-03 9.999695e-01 3.599139e+01
9.999524e-01 -6.984318e-03 -6.814956e-03 1.194341e+02 6.995737e-03 9.999742e-01 1.653279e-03 -9.599452e+00 6.803263e-03 -1.700874e-03 9.999753e-01 3.618198e+01
9.999157e-01 9.198192e-03 9.166136e-03 1.199386e+02 -9.184120e-03 9.999566e-01 -1.576132e-03 -9.639223e+00 -9.180266e-03 1.491814e-03 9.999568e-01 3.638685e+01
9.999221e-01 -9.183118e-03 -8.451387e-03 1.204237e+02 9.197761e-03 9.999563e-01 1.695381e-03 -9.678437e+00 8.435479e-03 -1.772980e-03 9.999628e-01 3.655172e+01
9.999272e-01 7.715635e-03 9.282590e-03 1.210285e+02 -7.701440e-03 9.999691e-01 -1.564030e-03 -9.725420e+00 -9.294402e-03 1.492425e-03 9.999558e-01 3.672177e+01
9.999047e-01 -8.858845e-03 -1.058675e-02 1.216669e+02 8.878881e-03 9.999589e-01 1.847004e-03 -9.777573e+00 1.056999e-02 -1.940825e-03 9.999422e-01 3.697699e+01
9.998807e-01 8.977456e-03 1.256608e-02 1.222808e+02 -8.958535e-03 9.999587e-01 -1.561227e-03 -9.825507e+00 -1.257960e-02 1.448465e-03 9.999199e-01 3.718072e+01
9.999311e-01 -6.042520e-03 -1.006861e-02 1.229252e+02 6.059915e-03 9.999802e-01 1.698024e-03 -9.875889e+00 1.005818e-02 -1.758919e-03 9.999478e-01 3.740424e+01
9.998845e-01 8.193470e-03 1.279698e-02 1.235090e+02 -8.175042e-03 9.999655e-01 -1.491658e-03 -9.922326e+00 -1.280879e-02 1.386867e-03 9.999171e-01 3.758131e+01
9.998913e-01 -1.015848e-02 -1.068269e-02 1.238924e+02 1.017621e-02 9.999469e-01 1.606810e-03 -9.953828e+00 1.066583e-02 -1.715343e-03 9.999415e-01 3.767047e+01
9.998730e-01 9.741803e-03 1.261561e-02 1.243131e+02 -9.721701e-03 9.999514e-01 -1.653739e-03 -9.986566e+00 -1.263114e-02 1.530881e-03 9.999191e-01 3.772046e+01
9.999362e-01 -6.730511e-03 -9.066500e-03 1.248217e+02 6.747195e-03 9.999756e-01 1.810972e-03 -1.002593e+01 9.054122e-03 -1.872027e-03 9.999572e-01 3.782020e+01
9.999290e-01 5.531842e-03 1.055356e-02 1.252761e+02 -5.514593e-03 9.999834e-01 -1.662835e-03 -1.006188e+01 -1.056261e-02 1.604516e-03 9.999430e-01 3.794327e+01
9.999316e-01 -7.157853e-03 -9.251414e-03 1.256870e+02 7.174970e-03 9.999726e-01 1.818308e-03 -1.009627e+01 9.238178e-03 -1.884560e-03 9.999555e-01 3.805847e+01
9.999483e-01 3.551071e-03 9.529409e-03 1.261332e+02 -3.534474e-03 9.999922e-01 -1.757909e-03 -1.013352e+01 -9.535609e-03 1.724134e-03 9.999531e-01 3.819956e+01
9.999554e-01 -4.561543e-03 -8.266087e-03 1.265257e+02 4.577264e-03 9.999877e-01 1.884041e-03 -1.016612e+01 8.257424e-03 -1.921791e-03 9.999640e-01 3.833796e+01
9.999389e-01 3.826521e-03 1.037395e-02 1.268555e+02 -3.807759e-03 9.999911e-01 -1.827670e-03 -1.019335e+01 -1.038089e-02 1.788054e-03 9.999446e-01 3.844942e+01
9.999498e-01 -5.193544e-03 -8.569442e-03 1.271616e+02 5.208952e-03 9.999849e-01 1.776807e-03 -1.021914e+01 8.560117e-03 -1.821353e-03 9.999616e-01 3.846917e+01
9.999122e-01 5.843103e-03 1.189045e-02 1.274896e+02 -5.823417e-03 9.999816e-01 -1.689602e-03 -1.024532e+01 -1.190014e-02 1.620208e-03 9.999280e-01 3.846932e+01
9.999343e-01 -6.106869e-03 -9.695161e-03 1.280590e+02 6.125020e-03 9.999795e-01 1.843580e-03 -1.028676e+01 9.683737e-03 -1.902840e-03 9.999512e-01 3.847534e+01
9.998484e-01 9.828807e-03 1.437297e-02 1.286228e+02 -9.806388e-03 9.999506e-01 -1.629455e-03 -1.032716e+01 -1.438831e-02 1.488258e-03 9.998955e-01 3.843959e+01
9.998879e-01 -1.015361e-02 -1.099958e-02 1.292072e+02 1.017566e-02 9.999463e-01 1.950155e-03 -1.037054e+01 1.097923e-02 -2.061862e-03 9.999375e-01 3.843750e+01
9.998920e-01 7.964278e-03 1.234844e-02 1.297497e+02 -7.942395e-03 9.999668e-01 -1.820127e-03 -1.041232e+01 -1.236256e-02 1.721851e-03 9.999222e-01 3.851973e+01
9.998436e-01 -1.234938e-02 -1.266018e-02 1.304955e+02 1.236862e-02 9.999225e-01 1.442258e-03 -1.047165e+01 1.264142e-02 -1.598619e-03 9.999187e-01 3.864891e+01
9.996902e-01 1.874003e-02 1.638164e-02 1.314939e+02 -1.871702e-02 9.998236e-01 -1.557155e-03 -1.055242e+01 -1.640797e-02 1.250054e-03 9.998647e-01 3.889228e+01
9.998263e-01 -1.385337e-02 -1.247021e-02 1.323511e+02 1.387188e-02 9.999028e-01 1.398486e-03 -1.062152e+01 1.244966e-02 -1.571226e-03 9.999212e-01 3.914915e+01
9.996587e-01 1.997740e-02 1.683199e-02 1.332605e+02 -1.995281e-02 9.997996e-01 -1.627099e-03 -1.069340e+01 -1.686115e-02 1.290695e-03 9.998571e-01 3.940558e+01
9.998162e-01 -1.402852e-02 -1.306920e-02 1.341880e+02 1.404725e-02 9.999004e-01 1.342705e-03 -1.076676e+01 1.304910e-02 -1.526042e-03 9.999136e-01 3.969856e+01
9.995554e-01 2.301608e-02 1.895670e-02 1.348863e+02 -2.299830e-02 9.997348e-01 -1.155474e-03 -1.082170e+01 -1.897831e-02 7.189848e-04 9.998197e-01 3.992233e+01
9.994443e-01 -2.561988e-02 -2.132556e-02 1.355701e+02 2.563828e-02 9.996711e-01 5.897735e-04 -1.087727e+01 2.130347e-02 -1.136194e-03 9.997723e-01 4.014574e+01
9.994464e-01 2.282178e-02 2.421001e-02 1.364061e+02 -2.279271e-02 9.997391e-01 -1.476196e-03 -1.094466e+01 -2.423742e-02 9.235637e-04 9.997059e-01 4.040096e+01
9.996361e-01 -1.688861e-02 -2.103562e-02 1.372720e+02 1.691434e-02 9.998564e-01 1.045489e-03 -1.101336e+01 2.101498e-02 -1.400909e-03 9.997781e-01 4.057268e+01
9.994535e-01 2.220007e-02 2.449376e-02 1.380482e+02 -2.217626e-02 9.997533e-01 -1.243243e-03 -1.107414e+01 -2.451535e-02 6.993803e-04 9.996993e-01 4.075366e+01
9.995574e-01 -2.110668e-02 -2.096527e-02 1.388289e+02 2.112913e-02 9.997764e-01 8.500251e-04 -1.113516e+01 2.094267e-02 -1.292624e-03 9.997797e-01 4.091207e+01
9.992999e-01 2.759614e-02 2.526303e-02 1.396290e+02 -2.757599e-02 9.996191e-01 -1.145489e-03 -1.119705e+01 -2.528505e-02 4.480303e-04 9.996803e-01 4.109047e+01
9.995686e-01 -2.110296e-02 -2.042642e-02 1.405090e+02 2.111906e-02 9.997768e-01 5.729010e-04 -1.126400e+01 2.040981e-02 -1.004038e-03 9.997911e-01 4.126117e+01
9.996441e-01 1.580486e-02 2.149181e-02 1.412918e+02 -1.578065e-02 9.998746e-01 -1.295458e-03 -1.132636e+01 -2.150963e-02 9.558390e-04 9.997683e-01 4.141428e+01
9.997546e-01 -1.238910e-02 -1.836206e-02 1.422267e+02 1.241085e-02 9.999224e-01 1.070891e-03 -1.140086e+01 1.834740e-02 -1.298514e-03 9.998307e-01 4.152698e+01
9.995588e-01 1.890639e-02 2.290675e-02 1.430700e+02 -1.888678e-02 9.998211e-01 -1.072095e-03 -1.146594e+01 -2.292296e-02 6.389830e-04 9.997371e-01 4.168825e+01
