9.999986e-01 -2.717740e-04 1.628205e-03 2.469572e-01 2.724337e-04 9.999999e-01 -4.049444e-04 -2.050340e-02 -1.628094e-03 4.053870e-04 9.999987e-01 1.889908e-01
9.999999e-01 -1.618843e-04 -3.747994e-04 5.463358e-01 1.619226e-04 1.000000e+00 1.022329e-04 -4.554071e-02 3.747832e-04 -1.022932e-04 9.999998e-01 3.798943e-01
9.999983e-01 -2.532615e-04 1.808657e-03 8.659464e-01 2.539753e-04 9.999999e-01 -3.944604e-04 -7.166886e-02 -1.808558e-03 3.949187e-04 9.999984e-01 5.794411e-01
9.999999e-01 -2.489547e-04 -2.566795e-04 1.271855e+00 2.489599e-04 1.000000e+00 2.019630e-05 -1.044529e-01 2.566751e-04 -2.025986e-05 9.999999e-01 7.888848e-01
9.999985e-01 -1.333208e-04 1.704393e-03 1.620919e+00 1.341796e-04 9.999999e-01 -5.038070e-04 -1.326071e-01 -1.704327e-03 5.040347e-04 9.999985e-01 9.403803e-01
9.999999e-01 2.514272e-04 -3.460033e-04 1.927184e+00 -2.513590e-04 9.999999e-01 1.971436e-04 -1.556793e-01 3.460538e-04 -1.970564e-04 9.999998e-01 1.101202e+00
9.999982e-01 -4.898900e-04 1.859988e-03 2.180094e+00 4.909436e-04 9.999997e-01 -5.660416e-04 -1.767590e-01 -1.859711e-03 5.669535e-04 9.999982e-01 1.266801e+00
9.999999e-01 1.874742e-04 -2.720003e-04 2.464988e+00 -1.874855e-04 1.000000e+00 -4.158575e-05 -2.011604e-01 2.719937e-04 4.163691e-05 9.999999e-01 1.420149e+00
9.999982e-01 -6.747896e-04 1.798260e-03 2.790356e+00 6.758605e-04 9.999996e-01 -5.949905e-04 -2.283420e-01 -1.797859e-03 5.962046e-04 9.999983e-01 1.549958e+00
9.999999e-01 3.315679e-04 -3.322145e-04 3.123197e+00 -3.315190e-04 9.999999e-01 1.472285e-04 -2.551113e-01 3.322649e-04 -1.471183e-04 9.999998e-01 1.704747e+00
9.999978e-01 -8.367910e-04 1.917830e-03 3.449715e+00 8.376155e-04 9.999996e-01 -4.291347e-04 -2.807188e-01 -1.917471e-03 4.307401e-04 9.999982e-01 1.831192e+00
9.999994e-01 6.925071e-04 -8.687204e-04 3.742752e+00 -6.924513e-04 9.999998e-01 6.447934e-05 -3.055467e-01 8.687667e-04 -6.387776e-05 9.999995e-01 2.061925e+00
9.999981e-01 -8.231877e-04 1.783665e-03 3.930669e+00 8.238731e-04 9.999996e-01 -3.835524e-04 -3.270565e-01 -1.783351e-03 3.850212e-04 9.999984e-01 2.368985e+00
9.999997e-01 6.150353e-04 -4.750625e-04 4.181732e+00 -6.149407e-04 9.999998e-01 1.993566e-04 -3.482341e-01 4.751871e-04 -1.990645e-04 9.999998e-01 2.515719e+00
9.999969e-01 -1.090753e-03 2.221154e-03 4.544408e+00 1.092053e-03 9.999992e-01 -5.841029e-04 -3.793712e-01 -2.220517e-03 5.865268e-04 9.999975e-01 2.825750e+00
9.999988e-01 1.377076e-03 -7.329592e-04 4.991679e+00 -1.377119e-03 9.999991e-01 -5.875006e-05 -4.199153e-01 7.328799e-04 5.975920e-05 9.999996e-01 3.224961e+00
9.999947e-01 -1.757848e-03 2.727837e-03 5.444006e+00 1.759661e-03 9.999982e-01 -6.623972e-04 -4.619189e-01 -2.726671e-03 6.671940e-04 9.999962e-01 3.505951e+00
9.999980e-01 -1.038382e-03 -1.721727e-03 6.362166e+00 1.039020e-03 9.999994e-01 3.693132e-04 -5.438489e-01 1.721345e-03 -3.711017e-04 9.999983e-01 4.023012e+00
9.999853e-01 4.015607e-03 -3.651529e-03 7.357535e+00 -4.018769e-03 9.999916e-01 -8.590930e-04 -6.164925e-01 3.648046e-03 8.737553e-04 9.999931e-01 4.490694e+00
9.999799e-01 -3.387739e-03 5.368675e-03 7.952729e+00 3.386065e-03 9.999942e-01 3.208928e-04 -6.657495e-01 -5.369729e-03 -3.027081e-04 9.999854e-01 4.693435e+00
9.999837e-01 3.598699e-03 -4.426129e-03 8.523125e+00 -3.602136e-03 9.999932e-01 -7.687426e-04 -7.122258e-01 4.423330e-03 7.846740e-04 9.999900e-01 4.853352e+00
9.999742e-01 -2.706355e-03 6.649222e-03 9.010721e+00 2.703473e-03 9.999962e-01 4.423831e-04 -7.512081e-01 -6.650392e-03 -4.243962e-04 9.999777e-01 4.957487e+00
9.999833e-01 3.846376e-03 -4.309531e-03 9.475612e+00 -3.849591e-03 9.999923e-01 -7.380064e-04 -7.880249e-01 4.306656e-03 7.545845e-04 9.999905e-01 5.088953e+00
9.999747e-01 -3.661108e-03 6.100999e-03 9.928096e+00 3.659230e-03 9.999933e-01 3.189076e-04 -8.238774e-01 -6.102123e-03 -2.965751e-04 9.999812e-01 5.203719e+00
9.999829e-01 4.176027e-03 -4.085418e-03 1.040263e+01 -4.178685e-03 9.999911e-01 -6.422640e-04 -8.617621e-01 4.082696e-03 6.593252e-04 9.999915e-01 5.323694e+00
9.999741e-01 -4.241455e-03 5.806942e-03 1.085111e+01 4.240311e-03 9.999910e-01 2.094397e-04 -8.979530e-01 -5.807774e-03 -1.848117e-04 9.999830e-01 5.429991e+00
9.999841e-01 3.368311e-03 -4.530237e-03 1.132711e+01 -3.371180e-03 9.999941e-01 -6.256669e-04 -9.358313e-01 4.528100e-03 6.409298e-04 9.999896e-01 5.532006e+00
9.999742e-01 -3.288063e-03 6.393669e-03 1.178604e+01 3.287197e-03 9.999946e-01 1.459742e-04 -9.728742e-01 -6.394111e-03 -1.249539e-04 9.999794e-01 5.643935e+00
9.999840e-01 3.015892e-03 -4.778289e-03 1.222424e+01 -3.018879e-03 9.999953e-01 -6.180500e-04 -1.006727e+00 4.776398e-03 6.324659e-04 9.999885e-01 5.705424e+00
9.999738e-01 -3.698183e-03 6.227697e-03 1.266696e+01 3.697423e-03 9.999932e-01 1.335166e-04 -1.041555e+00 -6.228144e-03 -1.104875e-04 9.999805e-01 5.786031e+00
9.999821e-01 4.416369e-03 -4.039957e-03 1.309994e+01 -4.418785e-03 9.999901e-01 -5.893344e-04 -1.076401e+00 4.037310e-03 6.071764e-04 9.999918e-01 5.875562e+00
9.999742e-01 -4.077291e-03 5.917705e-03 1.351448e+01 4.076918e-03 9.999917e-01 7.509150e-05 -1.110030e+00 -5.917958e-03 -5.096447e-05 9.999824e-01 5.980646e+00
9.999821e-01 4.278629e-03 -4.177423e-03 1.391489e+01 -4.281336e-03 9.999906e-01 -6.393380e-04 -1.142537e+00 4.174643e-03 6.572124e-04 9.999912e-01 6.082257e+00
9.999729e-01 -4.408796e-03 5.890688e-03 1.432501e+01 4.408000e-03 9.999903e-01 1.481199e-04 -1.174954e+00 -5.891279e-03 -1.221508e-04 9.999825e-01 6.173199e+00
9.999821e-01 3.951931e-03 -4.487779e-03 1.472406e+01 -3.955656e-03 9.999918e-01 -8.214202e-04 -1.208179e+00 4.484491e-03 8.391587e-04 9.999897e-01 6.319702e+00
9.999721e-01 -4.680654e-03 5.825751e-03 1.515059e+01 4.678303e-03 9.999890e-01 4.170650e-04 -1.243428e+00 -5.827634e-03 -3.897998e-04 9.999828e-01 6.489327e+00
9.999819e-01 4.056078e-03 -4.450478e-03 1.561354e+01 -4.059973e-03 9.999914e-01 -8.663918e-04 -1.280242e+00 4.446920e-03 8.844461e-04 9.999898e-01 6.607564e+00
9.999725e-01 -4.066652e-03 6.199315e-03 1.607673e+01 4.065353e-03 9.999917e-01 2.221526e-04 -1.317985e+00 -6.200162e-03 -1.969453e-04 9.999807e-01 6.758930e+00
9.999819e-01 3.516028e-03 -4.873714e-03 1.646289e+01 -3.519714e-03 9.999935e-01 -7.479390e-04 -1.349199e+00 4.871047e-03 7.650809e-04 9.999879e-01 6.884841e+00
9.999713e-01 -3.831777e-03 6.533383e-03 1.682456e+01 3.830551e-03 9.999926e-01 2.002450e-04 -1.378253e+00 -6.534097e-03 -1.752141e-04 9.999785e-01 6.988501e+00
9.999819e-01 3.526635e-03 -4.883078e-03 1.709566e+01 -3.529788e-03 9.999936e-01 -6.371676e-04 -1.401016e+00 4.880794e-03 6.543937e-04 9.999880e-01 7.041751e+00
9.999679e-01 -4.126268e-03 6.870768e-03 1.740113e+01 4.124656e-03 9.999915e-01 2.487917e-04 -1.424802e+00 -6.871730e-03 -2.204456e-04 9.999763e-01 7.038492e+00
9.999802e-01 3.732429e-03 -5.059097e-03 1.772343e+01 -3.734891e-03 9.999929e-01 -4.772623e-04 -1.449925e+00 5.057274e-03 4.961495e-04 9.999872e-01 7.043339e+00
9.999685e-01 -4.342322e-03 6.644648e-03 1.808652e+01 4.342923e-03 9.999906e-01 -7.598136e-05 -1.478613e+00 -6.644249e-03 1.048346e-04 9.999778e-01 7.094534e+00
9.999795e-01 3.800028e-03 -5.152038e-03 1.844293e+01 -3.802381e-03 9.999927e-01 -4.471319e-04 -1.507165e+00 5.150295e-03 4.667143e-04 9.999867e-01 7.179619e+00
9.999690e-01 -4.232824e-03 6.636701e-03 1.876671e+01 4.233140e-03 9.999910e-01 -3.348460e-05 -1.533734e+00 -6.636494e-03 6.157600e-05 9.999779e-01 7.276048e+00
9.999804e-01 3.979387e-03 -4.829622e-03 1.902581e+01 -3.982005e-03 9.999919e-01 -5.326713e-04 -1.554481e+00 4.827456e-03 5.518942e-04 9.999883e-01 7.327303e+00
9.999697e-01 -4.388977e-03 6.435559e-03 1.934916e+01 4.388228e-03 9.999904e-01 1.306231e-04 -1.581399e+00 -6.436063e-03 -1.023802e-04 9.999792e-01 7.396282e+00
9.999798e-01 4.769952e-03 -4.210838e-03 1.974189e+01 -4.772444e-03 9.999884e-01 -5.820675e-04 -1.612108e+00 4.208006e-03 6.021535e-04 9.999911e-01 7.438721e+00
9.999681e-01 -5.294414e-03 5.987265e-03 2.009212e+01 5.292686e-03 9.999859e-01 3.043432e-04 -1.639298e+00 -5.988784e-03 -2.726466e-04 9.999819e-01 7.452693e+00
9.999751e-01 5.552092e-03 -4.359600e-03 2.032935e+01 -5.561047e-03 9.999824e-01 -2.044716e-03 -1.659489e+00 4.348163e-03 2.068911e-03 9.999885e-01 7.431395e+00
9.999600e-01 -6.119697e-03 6.518167e-03 2.057245e+01 6.108690e-03 9.999799e-01 1.707213e-03 -1.679494e+00 -6.528476e-03 -1.667329e-03 9.999772e-01 7.413587e+00
9.999638e-01 5.742151e-03 -6.276863e-03 2.101770e+01 -5.753654e-03 9.999818e-01 -1.816025e-03 -1.719036e+00 6.266313e-03 1.852076e-03 9.999788e-01 7.794877e+00
9.999509e-01 -6.188413e-03 7.745122e-03 2.141675e+01 6.173820e-03 9.999791e-01 1.906705e-03 -1.762168e+00 -7.756752e-03 -1.858796e-03 9.999681e-01 8.287501e+00
9.999492e-01 5.374641e-03 -8.526402e-03 2.177167e+01 -5.389994e-03 9.999839e-01 -1.778754e-03 -1.792123e+00 8.516697e-03 1.824623e-03 9.999622e-01 8.445797e+00
9.999263e-01 -6.512265e-03 1.024841e-02 2.215758e+01 6.497528e-03 9.999778e-01 1.470594e-03 -1.828597e+00 -1.025775e-02 -1.403899e-03 9.999463e-01 8.639387e+00
9.999419e-01 5.860583e-03 -9.052134e-03 2.254759e+01 -5.878720e-03 9.999808e-01 -1.978260e-03 -1.860382e+00 9.040358e-03 2.031362e-03 9.999572e-01 8.764627e+00
9.999241e-01 -6.496856e-03 1.046505e-02 2.294735e+01 6.481893e-03 9.999779e-01 1.463077e-03 -1.893431e+00 -1.047431e-02 -1.395135e-03 9.999441e-01 8.922794e+00
9.999409e-01 5.996809e-03 -9.072896e-03 2.325249e+01 -6.016008e-03 9.999797e-01 -2.090251e-03 -1.918785e+00 9.060168e-03 2.144712e-03 9.999568e-01 9.047249e+00
9.999236e-01 -6.649323e-03 1.042496e-02 2.360488e+01 6.633447e-03 9.999768e-01 1.556728e-03 -1.947010e+00 -1.043506e-02 -1.487458e-03 9.999443e-01 9.154245e+00
9.999429e-01 6.360726e-03 -8.581855e-03 2.393877e+01 -6.375630e-03 9.999782e-01 -1.710446e-03 -1.973332e+00 8.570780e-03 1.765065e-03 9.999618e-01 9.299541e+00
9.999300e-01 -6.634172e-03 9.794050e-03 2.425801e+01 6.622996e-03 9.999774e-01 1.173179e-03 -1.999714e+00 -9.801602e-03 -1.108233e-03 9.999512e-01 9.477909e+00
9.999422e-01 6.540880e-03 -8.533997e-03 2.466348e+01 -6.555749e-03 9.999770e-01 -1.715451e-03 -2.032799e+00 8.522572e-03 1.771302e-03 9.999622e-01 9.763337e+00
9.999173e-01 -7.147374e-03 1.069381e-02 2.505959e+01 7.126932e-03 9.999727e-01 1.948491e-03 -2.067571e+00 -1.070744e-02 -1.872119e-03 9.999408e-01 1.006346e+01
9.999341e-01 6.807800e-03 -9.242617e-03 2.542244e+01 -6.830576e-03 9.999737e-01 -2.434957e-03 -2.096412e+00 9.225788e-03 2.497932e-03 9.999544e-01 1.017726e+01
9.999144e-01 -7.689708e-03 1.058463e-02 2.586940e+01 7.666530e-03 9.999681e-01 2.228607e-03 -2.131784e+00 -1.060143e-02 -2.147271e-03 9.999414e-01 1.027327e+01
9.999336e-01 6.370711e-03 -9.603131e-03 2.649531e+01 -6.394322e-03 9.999766e-01 -2.429962e-03 -2.181922e+00 9.587417e-03 2.491208e-03 9.999510e-01 1.046254e+01
9.999101e-01 -7.908052e-03 1.082799e-02 2.719741e+01 7.886609e-03 9.999669e-01 2.021670e-03 -2.238858e+00 -1.084361e-02 -1.936095e-03 9.999392e-01 1.070793e+01
9.999321e-01 6.492359e-03 -9.672360e-03 2.788942e+01 -6.517519e-03 9.999755e-01 -2.572038e-03 -2.295506e+00 9.655414e-03 2.634906e-03 9.999500e-01 1.098415e+01
9.999079e-01 -7.738431e-03 1.114488e-02 2.861790e+01 7.713515e-03 9.999677e-01 2.276858e-03 -2.353997e+00 -1.116213e-02 -2.190685e-03 9.999352e-01 1.128492e+01
9.999286e-01 6.749439e-03 -9.856618e-03 2.930311e+01 -6.777171e-03 9.999732e-01 -2.782822e-03 -2.410168e+00 9.837561e-03 2.849427e-03 9.999476e-01 1.157440e+01
9.999046e-01 -8.339850e-03 1.100645e-02 2.998586e+01 8.313136e-03 9.999624e-01 2.470684e-03 -2.465822e+00 -1.102663e-02 -2.378953e-03 9.999363e-01 1.182649e+01
9.999280e-01 6.980464e-03 -9.757077e-03 3.073589e+01 -7.006939e-03 9.999719e-01 -2.681911e-03 -2.526512e+00 9.738071e-03 2.750088e-03 9.999489e-01 1.212972e+01
9.999059e-01 -8.272438e-03 1.094667e-02 3.139796e+01 8.249951e-03 9.999638e-01 2.097776e-03 -2.581802e+00 -1.096362e-02 -2.007272e-03 9.999378e-01 1.248558e+01
9.999269e-01 5.865962e-03 -1.057251e-02 3.240851e+01 -5.883235e-03 9.999814e-01 -1.603450e-03 -2.665873e+00 1.056290e-02 1.665536e-03 9.999429e-01 1.301342e+01
9.999064e-01 7.979576e-03 1.111371e-02 3.343534e+01 -7.985773e-03 9.999680e-01 5.133121e-04 -2.750558e+00 -1.110925e-02 -6.020185e-04 9.999380e-01 1.365825e+01
9.999011e-01 -8.978256e-03 -1.082124e-02 3.401526e+01 8.970872e-03 9.999595e-01 -7.306729e-04 -2.795408e+00 1.082736e-02 6.335277e-04 9.999413e-01 1.386286e+01
9.998794e-01 8.981670e-03 1.266915e-02 3.466401e+01 -8.984747e-03 9.999596e-01 1.859877e-04 -2.847737e+00 -1.266695e-02 -2.997974e-04 9.999196e-01 1.412245e+01
9.998723e-01 -9.850342e-03 -1.258404e-02 3.527764e+01 9.843909e-03 9.999514e-01 -5.730181e-04 -2.896129e+00 1.258906e-02 4.490719e-04 9.999208e-01 1.435420e+01
9.998598e-01 9.074250e-03 1.407047e-02 3.591037e+01 -9.080060e-03 9.999587e-01 3.491283e-04 -2.945451e+00 -1.406671e-02 -4.768432e-04 9.999008e-01 1.455856e+01
9.998948e-01 -8.006053e-03 -1.209651e-02 3.637899e+01 7.995765e-03 9.999676e-01 -8.986004e-04 -2.982344e+00 1.210331e-02 8.017881e-04 9.999265e-01 1.473856e+01
9.998834e-01 7.158182e-03 1.348582e-02 3.680792e+01 -7.164064e-03 9.999743e-01 3.878883e-04 -3.016770e+00 -1.348268e-02 -4.844595e-04 9.999089e-01 1.480992e+01
9.999030e-01 -7.203392e-03 -1.191821e-02 3.731827e+01 7.195474e-03 9.999739e-01 -7.071276e-04 -3.056328e+00 1.192298e-02 6.213051e-04 9.999288e-01 1.498583e+01
9.998716e-01 8.089714e-03 1.383043e-02 3.775557e+01 -8.090056e-03 9.999673e-01 -3.117814e-05 -3.092953e+00 -1.383021e-02 -8.071799e-05 9.999043e-01 1.516700e+01
9.998864e-01 -8.660962e-03 -1.233649e-02 3.814463e+01 8.653057e-03 9.999623e-01 -6.939812e-04 -3.125571e+00 1.234202e-02 5.871574e-04 9.999238e-01 1.519052e+01
9.999017e-01 7.520062e-03 1.183252e-02 3.868655e+01 -7.526506e-03 9.999716e-01 5.002501e-04 -3.166226e+00 -1.182841e-02 -5.892617e-04 9.999298e-01 1.520875e+01
9.998955e-01 -8.598264e-03 -1.162248e-02 3.929831e+01 8.588285e-03 9.999627e-01 -9.081676e-04 -3.214374e+00 1.162985e-02 8.082589e-04 9.999321e-01 1.534706e+01
9.998896e-01 8.822896e-03 1.195740e-02 3.997528e+01 -8.831302e-03 9.999608e-01 6.504085e-04 -3.267916e+00 -1.195118e-02 -7.559394e-04 9.999282e-01 1.552294e+01
9.999082e-01 -8.963705e-03 -1.016501e-02 4.048830e+01 8.954585e-03 9.999595e-01 -9.422798e-04 -3.308640e+00 1.017303e-02 8.511733e-04 9.999480e-01 1.578910e+01
9.998946e-01 8.133340e-03 1.202262e-02 4.088257e+01 -8.136302e-03 9.999669e-01 1.974466e-04 -3.341922e+00 -1.202060e-02 -2.952489e-04 9.999276e-01 1.601947e+01
9.999051e-01 -8.811009e-03 -1.059306e-02 4.130453e+01 8.805623e-03 9.999611e-01 -5.549386e-04 -3.376071e+00 1.059753e-02 4.616110e-04 9.999438e-01 1.620773e+01
9.998904e-01 8.378319e-03 1.220715e-02 4.177290e+01 -8.378824e-03 9.999649e-01 -9.703700e-06 -3.415092e+00 -1.220679e-02 -9.258244e-05 9.999254e-01 1.643899e+01
9.999032e-01 -8.918906e-03 -1.068083e-02 4.221015e+01 8.913947e-03 9.999601e-01 -5.118455e-04 -3.450815e+00 1.068495e-02 4.165912e-04 9.999429e-01 1.660761e+01
9.998804e-01 9.199729e-03 1.243515e-02 4.264749e+01 -9.201204e-03 9.999577e-01 6.145433e-05 -3.486872e+00 -1.243404e-02 -1.758689e-04 9.999226e-01 1.677555e+01
9.998933e-01 -9.740914e-03 -1.088508e-02 4.308727e+01 9.735461e-03 9.999525e-01 -5.537643e-04 -3.523656e+00 1.088995e-02 4.477376e-04 9.999407e-01 1.693381e+01
9.998778e-01 9.439245e-03 1.246528e-02 4.354991e+01 -9.440672e-03 9.999554e-01 5.564416e-05 -3.561232e+00 -1.246419e-02 -1.733217e-04 9.999222e-01 1.706942e+01
9.998859e-01 -1.029637e-02 -1.105527e-02 4.403170e+01 1.029067e-02 9.999469e-01 -5.724033e-04 -3.600092e+00 1.106056e-02 4.585757e-04 9.999388e-01 1.723602e+01
9.998859e-01 9.336192e-03 1.187634e-02 4.450626e+01 -9.336870e-03 9.999564e-01 1.659205e-06 -3.640133e+00 -1.187580e-02 -1.125507e-04 9.999294e-01 1.748162e+01
9.999027e-01 -9.865880e-03 -9.859100e-03 4.491363e+01 9.861963e-03 9.999513e-01 -4.458728e-04 -3.675006e+00 9.863005e-03 3.486033e-04 9.999514e-01 1.774500e+01
9.998910e-01 9.479475e-03 1.131752e-02 4.519391e+01 -9.477423e-03 9.999551e-01 -2.349119e-04 -3.699719e+00 -1.131922e-02 1.276215e-04 9.999358e-01 1.791514e+01
9.999033e-01 -9.623125e-03 -1.003579e-02 4.542469e+01 9.617922e-03 9.999536e-01 -5.665524e-04 -3.720320e+00 1.004076e-02 4.699782e-04 9.999496e-01 1.807588e+01
9.998942e-01 9.362985e-03 1.113586e-02 4.566340e+01 -9.362181e-03 9.999562e-01 -1.243311e-04 -3.742262e+00 -1.113652e-02 2.005800e-05 9.999379e-01 1.824773e+01
9.999030e-01 -9.799197e-03 -9.896320e-03 4.599194e+01 9.795462e-03 9.999519e-01 -4.258498e-04 -3.769659e+00 9.900004e-03 3.288737e-04 9.999510e-01 1.841275e+01
9.998979e-01 8.842112e-03 1.122342e-02 4.647234e+01 -8.840801e-03 9.999609e-01 -1.664090e-04 -3.807969e+00 -1.122444e-02 6.716384e-05 9.999369e-01 1.849343e+01
9.999146e-01 -8.875781e-03 -9.590080e-03 4.706690e+01 8.874612e-03 9.999606e-01 -1.644758e-04 -3.854081e+00 9.591147e-03 7.935773e-05 9.999541e-01 1.863905e+01
9.999018e-01 8.839794e-03 1.087232e-02 4.747304e+01 -8.833790e-03 9.999608e-01 -6.001046e-04 -3.886387e+00 -1.087719e-02 5.039977e-04 9.999406e-01 1.882282e+01
9.997535e-01 -2.170453e-02 -4.668747e-03 4.775590e+01 2.170494e-02 9.997644e-01 3.576451e-05 -3.910862e+00 4.666856e-03 -1.370860e-04 9.999892e-01 1.900779e+01
9.995955e-01 2.813778e-02 4.142321e-03 4.805710e+01 -2.813810e-02 9.996040e-01 2.075153e-05 -3.938878e+00 -4.140082e-03 -1.373043e-04 9.999913e-01 1.923890e+01
9.995781e-01 -2.890835e-02 -2.829718e-03 4.847910e+01 2.890862e-02 9.995821e-01 5.275028e-05 -3.970279e+00 2.826995e-03 -1.345267e-04 9.999961e-01 1.930188e+01
9.995793e-01 2.864196e-02 4.565074e-03 4.898891e+01 -2.863912e-02 9.995896e-01 -6.861064e-04 -4.010257e+00 -4.582837e-03 5.550739e-04 9.999892e-01 1.933934e+01
9.995439e-01 -2.999702e-02 -3.490742e-03 4.957905e+01 2.999949e-02 9.995497e-01 6.590689e-04 -4.054006e+00 3.469385e-03 -7.634842e-04 9.999938e-01 1.936166e+01
9.995822e-01 2.858763e-02 4.260440e-03 5.012987e+01 -2.858552e-02 9.995912e-01 -5.540141e-04 -4.094850e+00 -4.274520e-03 4.319916e-04 9.999907e-01 1.939329e+01
9.995677e-01 -2.915922e-02 -3.761697e-03 5.049758e+01 2.916093e-02 9.995746e-01 3.996696e-04 -4.121714e+00 3.748427e-03 -5.091868e-04 9.999929e-01 1.947213e+01
9.995747e-01 2.869194e-02 5.220705e-03 5.078659e+01 -2.868787e-02 9.995881e-01 -8.527998e-04 -4.144482e+00 -5.243007e-03 7.026620e-04 9.999859e-01 1.956255e+01
9.995697e-01 -2.909001e-02 -3.755430e-03 5.108952e+01 2.909177e-02 9.995767e-01 4.146869e-04 -4.167976e+00 3.741762e-03 -5.237559e-04 9.999930e-01 1.965043e+01
9.995721e-01 2.878924e-02 5.172709e-03 5.139524e+01 -2.878406e-02 9.995851e-01 -1.072911e-03 -4.192241e+00 -5.201435e-03 9.235563e-04 9.999859e-01 1.974953e+01
9.995687e-01 -2.914719e-02 -3.594705e-03 5.169035e+01 2.914975e-02 9.995748e-01 6.599979e-04 -4.214447e+00 3.573924e-03 -7.644932e-04 9.999934e-01 1.981791e+01
9.995794e-01 2.855789e-02 5.047099e-03 5.207104e+01 -2.855265e-02 9.995917e-01 -1.106841e-03 -4.244619e+00 -5.076631e-03 9.622636e-04 9.999866e-01 1.988630e+01
9.995508e-01 -2.973104e-02 -3.781950e-03 5.254002e+01 2.973493e-02 9.995573e-01 9.768845e-04 -4.282011e+00 3.751216e-03 -1.088897e-03 9.999925e-01 1.997836e+01
9.995736e-01 2.877696e-02 4.951858e-03 5.294854e+01 -2.877137e-02 9.995853e-01 -1.196565e-03 -4.313521e+00 -4.984221e-03 1.053579e-03 9.999869e-01 2.004330e+01
9.995821e-01 -2.873030e-02 -3.187837e-03 5.333109e+01 2.873302e-02 9.995868e-01 8.121007e-04 -4.342940e+00 3.163172e-03 -9.033527e-04 9.999947e-01 2.014497e+01
9.995880e-01 2.832408e-02 4.651731e-03 5.367142e+01 -2.831776e-02 9.995980e-01 -1.419030e-03 -4.370701e+00 -4.690037e-03 1.286714e-03 9.999881e-01 2.023986e+01
9.995825e-01 -2.872200e-02 -3.145240e-03 5.402572e+01 2.872505e-02 9.995869e-01 9.280144e-04 -4.398654e+00 3.117270e-03 -1.017969e-03 9.999947e-01 2.033548e+01
9.995883e-01 2.832511e-02 4.577791e-03 5.435672e+01 -2.831820e-02 9.995977e-01 -1.566247e-03 -4.424657e+00 -4.620297e-03 1.435963e-03 9.999882e-01 2.042549e+01
9.995789e-01 -2.884422e-02 -3.173638e-03 5.471744e+01 2.884823e-02 9.995831e-01 1.224772e-03 -4.452681e+00 3.136970e-03 -1.315805e-03 9.999943e-01 2.052005e+01
9.995937e-01 2.815454e-02 4.455009e-03 5.520439e+01 -2.814726e-02 9.996024e-01 -1.688478e-03 -4.491757e+00 -4.500758e-03 1.562391e-03 9.999886e-01 2.067593e+01
9.995687e-01 -2.920793e-02 -3.047225e-03 5.571732e+01 2.921130e-02 9.995727e-01 1.067904e-03 -4.533976e+00 3.014715e-03 -1.156451e-03 9.999949e-01 2.087434e+01
9.996026e-01 2.787700e-02 4.183268e-03 5.633907e+01 -2.787093e-02 9.996104e-01 -1.502046e-03 -4.583759e+00 -4.223493e-03 1.384853e-03 9.999900e-01 2.106902e+01
9.995985e-01 -2.823880e-02 -2.345176e-03 5.702045e+01 2.824149e-02 9.996005e-01 1.119088e-03 -4.638126e+00 2.312620e-03 -1.184865e-03 9.999967e-01 2.130007e+01
9.996070e-01 2.779367e-02 3.649294e-03 5.755423e+01 -2.778782e-02 9.996125e-01 -1.643247e-03 -4.681457e+00 -3.693534e-03 1.541191e-03 9.999919e-01 2.155831e+01
9.995959e-01 -2.834071e-02 -2.206304e-03 5.791998e+01 2.834334e-02 9.995976e-01 1.166750e-03 -4.712268e+00 2.172332e-03 -1.228807e-03 9.999970e-01 2.170520e+01
9.996112e-01 2.762424e-02 3.792283e-03 5.832268e+01 -2.761805e-02 9.996171e-01 -1.674721e-03 -4.745692e+00 -3.837076e-03 1.569330e-03 9.999913e-01 2.187836e+01
9.995936e-01 -2.840080e-02 -2.446101e-03 5.873458e+01 2.840439e-02 9.995955e-01 1.443636e-03 -4.779486e+00 2.404093e-03 -1.512524e-03 9.999961e-01 2.202443e+01
9.996043e-01 2.783691e-02 4.045630e-03 5.918047e+01 -2.782919e-02 9.996108e-01 -1.952552e-03 -4.816269e+00 -4.098390e-03 1.839188e-03 9.999898e-01 2.214057e+01
9.996292e-01 -2.715602e-02 -2.008978e-03 5.965003e+01 2.715913e-02 9.996299e-01 1.537731e-03 -4.854945e+00 1.966457e-03 -1.591717e-03 9.999969e-01 2.228639e+01
9.996464e-01 2.638496e-02 3.304143e-03 6.011127e+01 -2.637806e-02 9.996498e-01 -2.113116e-03 -4.892062e+00 -3.358721e-03 2.025207e-03 9.999922e-01 2.242858e+01
9.996633e-01 -2.591633e-02 -1.295258e-03 6.062604e+01 2.591834e-02 9.996629e-01 1.556310e-03 -4.934610e+00 1.254469e-03 -1.589352e-03 9.999980e-01 2.256639e+01
9.996608e-01 2.588545e-02 2.860498e-03 6.110554e+01 -2.587945e-02 9.996628e-01 -2.114846e-03 -4.972547e+00 -2.914258e-03 2.040095e-03 9.999936e-01 2.269454e+01
9.996341e-01 -2.699163e-02 -1.764444e-03 6.159776e+01 2.699457e-02 9.996342e-01 1.664677e-03 -5.014294e+00 1.718847e-03 -1.711692e-03 9.999972e-01 2.291123e+01
9.996572e-01 2.605159e-02 2.596440e-03 6.197588e+01 -2.604495e-02 9.996575e-01 -2.557668e-03 -5.052346e+00 -2.662163e-03 2.489162e-03 9.999933e-01 2.335113e+01
9.996357e-01 -2.691300e-02 -2.039940e-03 6.222812e+01 2.691610e-02 9.996366e-01 1.510566e-03 -5.086573e+00 1.998525e-03 -1.564918e-03 9.999969e-01 2.391257e+01
9.996851e-01 2.485679e-02 3.454249e-03 6.277079e+01 -2.484904e-02 9.996886e-01 -2.269586e-03 -5.140704e+00 -3.509569e-03 2.183031e-03 9.999914e-01 2.455300e+01
9.994849e-01 -3.208868e-02 -5.012178e-04 6.316963e+01 3.208913e-02 9.994846e-01 9.245993e-04 -5.183447e+00 4.712706e-04 -9.402005e-04 9.999995e-01 2.528329e+01
9.997448e-01 2.204751e-02 4.918101e-03 6.337057e+01 -2.203581e-02 9.997543e-01 -2.419797e-03 -5.213796e+00 -4.970223e-03 2.310799e-03 9.999849e-01 2.583463e+01
9.997838e-01 -2.005834e-02 -5.477483e-03 6.371087e+01 2.006462e-02 9.997981e-01 1.094206e-03 -5.254889e+00 5.454409e-03 -1.203866e-03 9.999845e-01 2.654072e+01
9.998081e-01 1.893428e-02 5.027149e-03 6.406387e+01 -1.892362e-02 9.998186e-01 -2.159198e-03 -5.295525e+00 -5.067100e-03 2.063646e-03 9.999849e-01 2.719331e+01
9.998086e-01 -1.928186e-02 -3.307808e-03 6.443880e+01 1.928944e-02 9.998114e-01 2.274686e-03 -5.338153e+00 3.263303e-03 -2.338049e-03 9.999920e-01 2.787900e+01
9.998275e-01 1.793546e-02 4.819895e-03 6.505881e+01 -1.792418e-02 9.998365e-01 -2.372999e-03 -5.388812e+00 -4.861647e-03 2.286191e-03 9.999855e-01 2.820876e+01
9.998438e-01 -1.743540e-02 -2.897777e-03 6.565573e+01 1.744146e-02 9.998457e-01 2.080484e-03 -5.436777e+00 2.861036e-03 -2.130694e-03 9.999937e-01 2.857204e+01
9.997360e-01 2.197436e-02 6.706698e-03 6.628350e+01 -2.194967e-02 9.997521e-01 -3.733225e-03 -5.488394e+00 -6.787050e-03 3.585023e-03 9.999704e-01 2.895819e+01
9.997126e-01 -2.332314e-02 -5.547493e-03 6.681216e+01 2.334146e-02 9.997222e-01 3.261671e-03 -5.532325e+00 5.469859e-03 -3.390214e-03 9.999794e-01 2.922384e+01
9.997113e-01 2.298033e-02 7.010713e-03 6.738885e+01 -2.295615e-02 9.997303e-01 -3.509692e-03 -5.578746e+00 -7.089455e-03 3.347734e-03 9.999692e-01 2.955502e+01
9.996822e-01 -2.451123e-02 -5.891865e-03 6.804168e+01 2.452735e-02 9.996956e-01 2.680004e-03 -5.637703e+00 5.824360e-03 -2.823658e-03 9.999792e-01 2.993088e+01
9.997043e-01 2.322639e-02 7.197237e-03 6.871367e+01 -2.320519e-02 9.997262e-01 -3.015198e-03 -5.693338e+00 -7.265277e-03 2.847287e-03 9.999695e-01 3.033180e+01
9.996958e-01 -2.408723e-02 -5.303688e-03 6.937418e+01 2.410147e-02 9.997060e-01 2.637654e-03 -5.747076e+00 5.238574e-03 -2.764671e-03 9.999826e-01 3.063046e+01
9.997152e-01 2.294700e-02 6.559833e-03 6.997198e+01 -2.292710e-02 9.997324e-01 -3.093138e-03 -5.794996e+00 -6.629033e-03 2.941852e-03 9.999736e-01 3.090076e+01
9.996874e-01 -2.447389e-02 -5.114837e-03 7.052576e+01 2.448665e-02 9.996972e-01 2.445998e-03 -5.844666e+00 5.053403e-03 -2.570471e-03 9.999840e-01 3.123076e+01
9.997093e-01 2.355963e-02 5.118453e-03 7.096639e+01 -2.354394e-02 9.997180e-01 -3.105449e-03 -5.881974e+00 -5.190150e-03 2.984031e-03 9.999820e-01 3.143860e+01
9.996882e-01 -2.467090e-02 -3.853619e-03 7.142668e+01 2.468350e-02 9.996900e-01 3.258089e-03 -5.918219e+00 3.772022e-03 -3.352187e-03 9.999874e-01 3.159262e+01
9.997166e-01 2.325229e-02 5.100297e-03 7.204211e+01 -2.323355e-02 9.997232e-01 -3.702998e-03 -5.968237e+00 -5.184966e-03 3.583444e-03 9.999800e-01 3.181393e+01
9.996915e-01 -2.450731e-02 -4.039246e-03 7.261192e+01 2.452110e-02 9.996935e-01 3.401262e-03 -6.014089e+00 3.954630e-03 -3.499252e-03 9.999862e-01 3.208014e+01
9.997229e-01 2.293903e-02 5.289237e-03 7.321975e+01 -2.291959e-02 9.997304e-01 -3.707890e-03 -6.063641e+00 -5.372844e-03 3.585629e-03 9.999790e-01 3.232907e+01
9.996889e-01 -2.460490e-02 -4.093572e-03 7.393418e+01 2.461869e-02 9.996913e-01 3.352590e-03 -6.121653e+00 4.009796e-03 -3.452319e-03 9.999861e-01 3.255535e+01
9.997171e-01 2.319553e-02 5.271020e-03 7.467208e+01 -2.317566e-02 9.997242e-01 -3.799131e-03 -6.181243e+00 -5.357666e-03 3.675890e-03 9.999788e-01 3.283721e+01
9.996869e-01 -2.452798e-02 -4.953843e-03 7.512034e+01 2.454239e-02 9.996947e-01 2.870832e-03 -6.222737e+00 4.881892e-03 -2.991504e-03 9.999837e-01 3.325775e+01
9.997033e-01 2.350492e-02 6.395046e-03 7.546798e+01 -2.348463e-02 9.997190e-01 -3.229551e-03 -6.255710e+00 -6.469136e-03 3.078400e-03 9.999742e-01 3.360847e+01
9.996901e-01 -2.432993e-02 -5.265201e-03 7.601192e+01 2.434303e-02 9.997007e-01 2.438088e-03 -6.299884e+00 5.204284e-03 -2.565496e-03 9.999833e-01 3.385632e+01
9.997121e-01 2.320003e-02 6.124135e-03 7.652258e+01 -2.318134e-02 9.997265e-01 -3.105457e-03 -6.341480e+00 -6.194483e-03 2.962590e-03 9.999763e-01 3.405496e+01
9.996925e-01 -2.431791e-02 -4.854959e-03 7.707731e+01 2.433078e-02 9.997006e-01 2.609001e-03 -6.387181e+00 4.790037e-03 -2.726316e-03 9.999849e-01 3.427111e+01
9.996940e-01 2.386852e-02 6.498233e-03 7.771407e+01 -2.384903e-02 9.997109e-01 -3.059685e-03 -6.438206e+00 -6.569361e-03 2.903765e-03 9.999741e-01 3.451632e+01
9.996753e-01 -2.490108e-02 -5.412022e-03 7.819826e+01 2.491434e-02 9.996867e-01 2.397569e-03 -6.480472e+00 5.350601e-03 -2.531620e-03 9.999826e-01 3.483498e+01
9.997057e-01 2.334736e-02 6.595813e-03 7.880143e+01 -2.333044e-02 9.997243e-01 -2.630435e-03 -6.531090e+00 -6.655385e-03 2.475770e-03 9.999747e-01 3.516240e+01
9.996888e-01 -2.443833e-02 -5.009325e-03 7.955275e+01 2.444897e-02 9.996989e-01 2.073731e-03 -6.593507e+00 4.957114e-03 -2.195551e-03 9.999854e-01 3.549857e+01
9.997238e-01 2.265561e-02 6.252988e-03 8.025891e+01 -2.263871e-02 9.997399e-01 -2.760608e-03 -6.653140e+00 -6.313881e-03 2.618278e-03 9.999765e-01 3.586165e+01
9.997076e-01 -2.375603e-02 -4.516794e-03 8.092448e+01 2.376463e-02 9.997159e-01 1.858041e-03 -6.710491e+00 4.471346e-03 -1.964830e-03 9.999882e-01 3.619537e+01
9.996804e-01 2.483716e-02 4.713877e-03 8.138325e+01 -2.482737e-02 9.996895e-01 -2.123912e-03 -6.749655e+00 -4.765141e-03 2.006193e-03 9.999865e-01 3.662876e+01
9.996326e-01 -2.700022e-02 -2.398486e-03 8.176280e+01 2.700335e-02 9.996345e-01 1.279645e-03 -6.789944e+00 2.363034e-03 -1.343934e-03 9.999964e-01 3.698287e+01
9.996375e-01 2.663783e-02 3.910101e-03 8.207766e+01 -2.662979e-02 9.996432e-01 -2.093902e-03 -6.817891e+00 -3.964459e-03 1.989011e-03 9.999901e-01 3.717975e+01
9.996311e-01 -2.707527e-02 -2.131906e-03 8.236343e+01 2.707819e-02 9.996324e-01 1.351992e-03 -6.843551e+00 2.094492e-03 -1.409213e-03 9.999969e-01 3.729967e+01
9.996400e-01 2.661243e-02 3.425308e-03 8.268529e+01 -2.660564e-02 9.996440e-01 -2.014295e-03 -6.870185e+00 -3.477669e-03 1.922429e-03 9.999920e-01 3.742463e+01
9.996303e-01 -2.712054e-02 -1.930046e-03 8.302713e+01 2.712300e-02 9.996313e-01 1.260451e-03 -6.898286e+00 1.895126e-03 -1.312326e-03 9.999974e-01 3.757780e+01
9.996462e-01 2.640732e-02 3.174430e-03 8.343162e+01 -2.640168e-02 9.996498e-01 -1.805593e-03 -6.932810e+00 -3.220974e-03 1.721136e-03 9.999932e-01 3.777772e+01
9.996142e-01 -2.771299e-02 -1.868671e-03 8.399021e+01 2.771538e-02 9.996151e-01 1.266726e-03 -6.980291e+00 1.832821e-03 -1.318020e-03 9.999975e-01 3.805733e+01
9.996490e-01 2.631483e-02 3.081703e-03 8.476948e+01 -2.630940e-02 9.996522e-01 -1.788402e-03 -7.042222e+00 -3.127668e-03 1.706689e-03 9.999936e-01 3.840151e+01
9.996305e-01 -2.708432e-02 -2.281961e-03 8.533589e+01 2.708704e-02 9.996324e-01 1.172648e-03 -7.088935e+00 2.249336e-03 -1.234018e-03 9.999968e-01 3.865730e+01
9.996498e-01 2.622654e-02 3.524112e-03 8.573385e+01 -2.622105e-02 9.996549e-01 -1.595509e-03 -7.121732e+00 -3.564715e-03 1.502536e-03 9.999924e-01 3.887759e+01
9.996319e-01 -2.705807e-02 -1.967716e-03 8.618077e+01 2.706007e-02 9.996333e-01 9.991969e-04 -7.159444e+00 1.939933e-03 -1.052067e-03 9.999977e-01 3.911900e+01
9.996523e-01 2.626744e-02 2.321373e-03 8.658424e+01 -2.626409e-02 9.996540e-01 -1.459606e-03 -7.192526e+00 -2.358885e-03 1.398122e-03 9.999961e-01 3.929892e+01
9.996344e-01 -2.700997e-02 -1.225570e-03 8.694688e+01 2.701098e-02 9.996348e-01 8.139535e-04 -7.223551e+00 1.203112e-03 -8.467509e-04 9.999990e-01 3.952154e+01
9.996561e-01 2.610249e-02 2.534626e-03 8.731738e+01 -2.609877e-02 9.996583e-01 -1.488244e-03 -7.257236e+00 -2.572581e-03 1.421573e-03 9.999956e-01 3.980804e+01
9.996463e-01 -2.654804e-02 -1.550265e-03 8.770850e+01 2.654955e-02 9.996470e-01 9.634248e-04 -7.292997e+00 1.524115e-03 -1.004234e-03 9.999984e-01 4.010375e+01
9.996525e-01 2.618065e-02 3.067237e-03 8.808944e+01 -2.617601e-02 9.996562e-01 -1.544023e-03 -7.325756e+00 -3.106580e-03 1.463190e-03 9.999940e-01 4.032460e+01
9.996282e-01 -2.718207e-02 -2.126394e-03 8.862298e+01 2.718430e-02 9.996299e-01 1.024458e-03 -7.369268e+00 2.097734e-03 -1.081872e-03 9.999973e-01 4.053973e+01
9.996615e-01 2.577654e-02 3.533169e-03 8.928225e+01 -2.577159e-02 9.996668e-01 -1.439544e-03 -7.423598e+00 -3.569072e-03 1.347993e-03 9.999926e-01 4.087057e+01
9.996469e-01 -2.642016e-02 -2.839333e-03 8.981894e+01 2.642327e-02 9.996503e-01 1.062981e-03 -7.466456e+00 2.810230e-03 -1.137621e-03 9.999955e-01 4.115547e+01
9.996506e-01 2.608518e-02 4.275824e-03 9.018102e+01 -2.607843e-02 9.996586e-01 -1.625180e-03 -7.494987e+00 -4.316731e-03 1.513096e-03 9.999894e-01 4.128378e+01
9.996359e-01 -2.679869e-02 -3.140584e-03 9.061783e+01 2.680181e-02 9.996403e-01 9.544283e-04 -7.530094e+00 3.113850e-03 -1.038245e-03 9.999947e-01 4.144479e+01
9.996549e-01 2.591277e-02 4.305331e-03 9.108194e+01 -2.590582e-02 9.996630e-01 -1.661070e-03 -7.568562e+00 -4.346896e-03 1.548955e-03 9.999893e-01 4.165921e+01
9.996357e-01 -2.684126e-02 -2.830842e-03 9.154612e+01 2.684433e-02 9.996391e-01 1.053622e-03 -7.607196e+00 2.801513e-03 -1.129221e-03 9.999955e-01 4.187100e+01
9.996466e-01 2.620890e-02 4.445071e-03 9.193980e+01 -2.620214e-02 9.996554e-01 -1.571092e-03 -7.638841e+00 -4.484688e-03 1.454057e-03 9.999888e-01 4.205484e+01
9.996421e-01 -2.658862e-02 -2.959842e-03 9.227205e+01 2.659138e-02 9.996460e-01 8.989594e-04 -7.665386e+00 2.934865e-03 -9.773344e-04 9.999953e-01 4.215635e+01
9.996505e-01 2.603009e-02 4.618825e-03 9.264139e+01 -2.602314e-02 9.996601e-01 -1.557699e-03 -7.695074e+00 -4.657775e-03 1.436949e-03 9.999880e-01 4.223824e+01
9.996330e-01 -2.692292e-02 -2.991024e-03 9.307560e+01 2.692562e-02 9.996371e-01 8.682750e-04 -7.729906e+00 2.966534e-03 -9.484819e-04 9.999952e-01 4.230151e+01
9.996610e-01 2.573497e-02 3.955652e-03 9.360778e+01 -2.572835e-02 9.996675e-01 -1.713889e-03 -7.773308e+00 -3.998416e-03 1.611527e-03 9.999906e-01 4.249435e+01
9.996675e-01 -2.566533e-02 -2.500487e-03 9.426562e+01 2.566791e-02 9.996700e-01 1.007472e-03 -7.827341e+00 2.473777e-03 -1.071310e-03 9.999965e-01 4.305463e+01
9.997093e-01 2.372431e-02 4.301082e-03 9.496071e+01 -2.372402e-02 9.997185e-01 -1.181973e-04 -7.888395e+00 -4.302647e-03 1.611492e-05 9.999906e-01 4.361433e+01
9.996430e-01 -2.650329e-02 -3.376179e-03 9.596858e+01 2.650507e-02 9.996486e-01 4.860239e-04 -7.965124e+00 3.362084e-03 -5.753265e-04 9.999943e-01 4.403144e+01
9.997448e-01 2.213535e-02 4.504436e-03 9.747160e+01 -2.213531e-02 9.997550e-01 -5.949166e-05 -8.084392e+00 -4.504621e-03 -4.023968e-05 9.999898e-01 4.443855e+01
9.996933e-01 -2.337761e-02 -8.168346e-03 9.881987e+01 2.338973e-02 9.997255e-01 1.392360e-03 -8.193234e+00 8.133526e-03 -1.582979e-03 9.999658e-01 4.456123e+01
9.997671e-01 2.065283e-02 6.262930e-03 9.996420e+01 -2.054798e-02 9.996549e-01 -1.636705e-02 -8.292424e+00 -6.598767e-03 1.623454e-02 9.998463e-01 4.458550e+01
9.999975e-01 1.418650e-03 -1.752679e-03 1.020123e+02 -1.402292e-03 9.999558e-01 9.300731e-03 -8.468750e+00 1.765768e-03 -9.298238e-03 9.999553e-01 4.530774e+01
9.999840e-01 -3.316434e-03 4.577646e-03 1.032151e+02 3.360921e-03 9.999469e-01 -9.744656e-03 -8.576373e+00 -4.545057e-03 9.759874e-03 9.999419e-01 4.647449e+01
9.999940e-01 1.305172e-03 -3.218521e-03 1.039139e+02 -1.275743e-03 9.999575e-01 9.129089e-03 -8.639115e+00 3.230271e-03 -9.124917e-03 9.999532e-01 4.697963e+01
9.999888e-01 -2.289507e-03 4.137482e-03 1.043724e+02 2.329546e-03 9.999503e-01 -9.697926e-03 -8.679545e+00 -4.115044e-03 9.707445e-03 9.999443e-01 4.732296e+01
9.999947e-01 1.201363e-03 -3.011835e-03 1.048176e+02 -1.173936e-03 9.999580e-01 9.092206e-03 -8.719868e+00 3.022602e-03 -9.088611e-03 9.999542e-01 4.773440e+01
9.999823e-01 -3.548049e-03 4.774927e-03 1.054416e+02 3.595218e-03 9.999445e-01 -9.906002e-03 -8.780106e+00 -4.739486e-03 9.922982e-03 9.999394e-01 4.842949e+01
9.999940e-01 6.361181e-04 -3.393407e-03 1.063055e+02 -6.033466e-04 9.999533e-01 9.650251e-03 -8.860117e+00 3.399358e-03 -9.648134e-03 9.999478e-01 4.924404e+01
9.999800e-01 -3.694085e-03 5.130844e-03 1.071364e+02 3.748131e-03 9.999372e-01 -1.056395e-02 -8.940233e+00 -5.091469e-03 1.058296e-02 9.999309e-01 5.009760e+01
9.999867e-01 1.867703e-03 -4.799347e-03 1.075752e+02 -1.819649e-03 9.999484e-01 9.998008e-03 -8.989099e+00 4.817743e-03 -9.989131e-03 9.999386e-01 5.085624e+01
9.999780e-01 -3.261950e-03 5.779817e-03 1.078673e+02 3.322590e-03 9.999392e-01 -1.051305e-02 -9.025481e+00 -5.745143e-03 1.053201e-02 9.999279e-01 5.140038e+01
9.999870e-01 1.861109e-03 -4.758128e-03 1.082411e+02 -1.813636e-03 9.999487e-01 9.962578e-03 -9.064116e+00 4.776397e-03 -9.953807e-03 9.999391e-01 5.183313e+01
9.999802e-01 -2.829585e-03 5.619555e-03 1.085257e+02 2.890110e-03 9.999376e-01 -1.079142e-02 -9.099377e+00 -5.588640e-03 1.080744e-02 9.999259e-01 5.235442e+01
9.999833e-01 1.897062e-03 -5.458596e-03 1.088040e+02 -1.841430e-03 9.999465e-01 1.017898e-02 -9.135119e+00 5.477585e-03 -1.016875e-02 9.999334e-01 5.287715e+01
9.999768e-01 -3.146474e-03 6.038099e-03 1.091371e+02 3.212168e-03 9.999354e-01 -1.090097e-02 -9.174735e+00 -6.003380e-03 1.092010e-02 9.999223e-01 5.346789e+01
9.999882e-01 8.328036e-04 -4.791947e-03 1.096838e+02 -7.868762e-04 9.999538e-01 9.578627e-03 -9.230941e+00 4.799674e-03 -9.574730e-03 9.999427e-01 5.401559e+01
9.999791e-01 -3.264877e-03 5.571538e-03 1.105461e+02 3.321580e-03 9.999425e-01 -1.019821e-02 -9.306562e+00 -5.537892e-03 1.021649e-02 9.999324e-01 5.462299e+01
9.999866e-01 1.089583e-03 -5.052818e-03 1.110745e+02 -1.043983e-03 9.999588e-01 9.018925e-03 -9.362994e+00 5.062407e-03 -9.013517e-03 9.999467e-01 5.546807e+01
9.999772e-01 -3.375950e-03 5.851811e-03 1.116058e+02 3.431890e-03 9.999483e-01 -9.575617e-03 -9.414590e+00 -5.819152e-03 9.595468e-03 9.999369e-01 5.598802e+01
9.999835e-01 1.148024e-03 -5.634972e-03 1.122858e+02 -1.100346e-03 9.999636e-01 8.457310e-03 -9.478594e+00 5.644446e-03 -8.450957e-03 9.999485e-01 5.645518e+01
9.999734e-01 -3.292783e-03 6.505813e-03 1.129887e+02 3.351397e-03 9.999537e-01 -9.018867e-03 -9.546127e+00 -6.475785e-03 9.040417e-03 9.999381e-01 5.709546e+01
9.999751e-01 2.172589e-03 -6.719342e-03 1.142756e+02 -2.110309e-03 9.999549e-01 9.262263e-03 -9.651084e+00 6.739132e-03 -9.247839e-03 9.999346e-01 5.760944e+01
9.999300e-01 1.729581e-03 1.170646e-02 1.154040e+02 -1.613653e-03 9.999496e-01 -9.904978e-03 -9.749323e+00 -1.172298e-02 9.885381e-03 9.998823e-01 5.817498e+01
9.999337e-01 -2.691775e-03 -1.119834e-02 1.157194e+02 2.792888e-03 9.999554e-01 9.023598e-03 -9.790274e+00 1.117352e-02 -9.054263e-03 9.998967e-01 5.890030e+01
9.999329e-01 1.271936e-03 1.151464e-02 1.160635e+02 -1.156163e-03 9.999488e-01 -1.005539e-02 -9.835807e+00 -1.152681e-02 1.004139e-02 9.998830e-01 5.967116e+01
9.999339e-01 -2.406598e-03 -1.123945e-02 1.163387e+02 2.507356e-03 9.999567e-01 8.959331e-03 -9.876587e+00 1.121737e-02 -8.986907e-03 9.998968e-01 6.046143e+01
9.994479e-01 -2.488933e-02 2.201126e-02 1.165816e+02 2.512356e-02 9.996299e-01 -1.042980e-02 -9.917070e+00 -2.174350e-02 1.097703e-02 9.997032e-01 6.128262e+01
9.996591e-01 1.652265e-02 -2.021568e-02 1.168392e+02 -1.633367e-02 9.998217e-01 9.478051e-03 -9.962121e+00 2.036864e-02 -9.144610e-03 9.997508e-01 6.219748e+01
9.991923e-01 -3.180832e-02 2.455512e-02 1.170704e+02 3.207415e-02 9.994302e-01 -1.050904e-02 -1.000533e+01 -2.420683e-02 1.128812e-02 9.996431e-01 6.311383e+01
9.997628e-01 1.235642e-02 -1.793475e-02 1.173063e+02 -1.218337e-02 9.998785e-01 9.726402e-03 -1.005128e+01 1.805273e-02 -9.505574e-03 9.997919e-01 6.407939e+01
9.997404e-01 -1.366207e-02 1.823331e-02 1.175889e+02 1.385708e-02 9.998477e-01 -1.061193e-02 -1.009660e+01 -1.808552e-02 1.086182e-02 9.997773e-01 6.496585e+01
9.997579e-01 1.238315e-02 -1.819070e-02 1.179225e+02 -1.220721e-02 9.998779e-01 9.751515e-03 -1.014330e+01 1.830921e-02 -9.527081e-03 9.997871e-01 6.581018e+01
9.997352e-01 -1.382798e-02 1.839419e-02 1.182772e+02 1.403007e-02 9.998421e-01 -1.090311e-02 -1.019095e+01 -1.824049e-02 1.115828e-02 9.997713e-01 6.665373e+01
9.997750e-01 1.203814e-02 -1.746635e-02 1.187008e+02 -1.186006e-02 9.998770e-01 1.026409e-02 -1.024259e+01 1.758773e-02 -1.005462e-02 9.997949e-01 6.749779e+01
9.988263e-01 -3.899891e-02 2.872624e-02 1.189985e+02 3.932773e-02 9.991661e-01 -1.097173e-02 -1.028465e+01 -2.827437e-02 1.208857e-02 9.995270e-01 6.824838e+01
9.996640e-01 1.717919e-02 -1.941282e-02 1.192774e+02 -1.697655e-02 9.998002e-01 1.055549e-02 -1.032187e+01 1.959024e-02 -1.022237e-02 9.997559e-01 6.891322e+01
9.996612e-01 -1.807631e-02 1.872621e-02 1.195313e+02 1.828811e-02 9.997700e-01 -1.120105e-02 -1.036162e+01 -1.851940e-02 1.153970e-02 9.997618e-01 6.968686e+01
9.998901e-01 5.104885e-03 -1.392016e-02 1.198117e+02 -4.960398e-03 9.999337e-01 1.039473e-02 -1.040469e+01 1.397227e-02 -1.032452e-02 9.998492e-01 7.052235e+01
9.998804e-01 -6.659019e-03 1.396039e-02 1.201866e+02 6.816414e-03 9.999134e-01 -1.125714e-02 -1.045218e+01 -1.388419e-02 1.135093e-02 9.998391e-01 7.130163e+01
9.997785e-01 -2.079018e-02 -3.286252e-03 1.205289e+02 2.082158e-02 9.997349e-01 9.828225e-03 -1.049886e+01 3.081016e-03 -9.894455e-03 9.999464e-01 7.213312e+01
