9.999659e-01 6.679366e-03 4.847095e-03 5.059725e-01 -6.663276e-03 9.999723e-01 -3.328057e-03 -4.452010e-02 -4.869190e-03 3.295646e-03 9.999828e-01 3.832482e-01
9.999641e-01 -7.344776e-03 -4.231642e-03 7.508867e-01 7.354643e-03 9.999703e-01 2.320860e-03 -7.833393e-02 4.214470e-03 -2.351898e-03 9.999883e-01 9.454356e-01
9.999693e-01 6.457195e-03 4.445136e-03 1.035621e+00 -6.443665e-03 9.999746e-01 -3.051526e-03 -1.141111e-01 -4.464728e-03 3.022789e-03 9.999856e-01 1.546345e+00
9.999615e-01 -7.291851e-03 -4.884153e-03 1.258391e+00 7.302445e-03 9.999710e-01 2.154830e-03 -1.450105e-01 4.868299e-03 -2.190413e-03 9.999857e-01 2.081346e+00
9.999678e-01 6.504139e-03 4.704714e-03 1.504424e+00 -6.489908e-03 9.999743e-01 -3.033784e-03 -1.791182e-01 -4.724326e-03 3.003153e-03 9.999844e-01 2.694019e+00
9.999646e-01 -7.214083e-03 -4.331873e-03 1.751111e+00 7.223392e-03 9.999716e-01 2.137162e-03 -2.153650e-01 4.316333e-03 -2.168377e-03 9.999882e-01 3.379896e+00
9.999731e-01 6.168963e-03 3.960147e-03 1.962976e+00 -6.155157e-03 9.999750e-01 -3.488941e-03 -2.490341e-01 -3.981571e-03 3.464472e-03 9.999862e-01 4.051023e+00
9.999382e-01 -1.089100e-02 -2.229508e-03 2.093839e+00 1.089666e-02 9.999374e-01 2.543331e-03 -2.748885e-01 2.201670e-03 -2.567468e-03 9.999942e-01 4.593450e+00
9.999445e-01 9.859318e-03 3.709770e-03 2.415040e+00 -9.850010e-03 9.999483e-01 -2.519058e-03 -3.073247e-01 -3.734415e-03 2.482377e-03 9.999900e-01 4.977913e+00
9.999436e-01 -1.043145e-02 -1.981419e-03 3.084502e+00 1.043605e-02 9.999428e-01 2.324335e-03 -3.612194e-01 1.957061e-03 -2.344883e-03 9.999952e-01 5.246581e+00
9.999385e-01 1.041715e-02 3.813724e-03 3.796226e+00 -1.040735e-02 9.999425e-01 -2.580689e-03 -4.179392e-01 -3.840390e-03 2.540840e-03 9.999895e-01 5.545052e+00
9.999394e-01 -1.075443e-02 -2.357275e-03 4.519925e+00 1.075956e-02 9.999398e-01 2.174457e-03 -4.746201e-01 2.333750e-03 -2.199689e-03 9.999948e-01 5.791456e+00
9.999378e-01 1.090728e-02 2.349007e-03 5.127287e+00 -1.090189e-02 9.999379e-01 -2.296315e-03 -5.218569e-01 -2.373909e-03 2.270564e-03 9.999947e-01 6.037051e+00
9.999341e-01 -1.144592e-02 -8.995785e-04 5.689479e+00 1.144772e-02 9.999324e-01 2.023223e-03 -5.666520e-01 8.763616e-04 -2.033388e-03 9.999974e-01 6.288465e+00
9.999441e-01 1.042464e-02 1.761869e-03 6.111155e+00 -1.041972e-02 9.999419e-01 -2.775997e-03 -6.064743e-01 -1.790707e-03 2.757484e-03 9.999947e-01 6.712999e+00
9.999301e-01 -1.182357e-02 -2.938089e-04 6.522715e+00 1.182428e-02 9.999268e-01 2.551271e-03 -6.459238e-01 2.636241e-04 -2.554568e-03 9.999966e-01 7.109619e+00
9.999371e-01 1.106256e-02 1.855512e-03 7.152989e+00 -1.105743e-02 9.999351e-01 -2.752230e-03 -6.954482e-01 -1.885840e-03 2.731540e-03 9.999946e-01 7.357775e+00
9.999394e-01 -1.100985e-02 4.101401e-05 7.871060e+00 1.100971e-02 9.999359e-01 2.658281e-03 -7.527381e-01 -7.027653e-05 -2.657669e-03 9.999964e-01 7.632138e+00
9.999445e-01 1.053244e-02 1.894591e-04 8.451388e+00 -1.053195e-02 9.999416e-01 -2.432934e-03 -8.019415e-01 -2.150749e-04 2.430805e-03 9.999971e-01 7.991970e+00
9.999320e-01 -1.164110e-02 6.696076e-04 8.965776e+00 1.163993e-02 9.999308e-01 1.722047e-03 -8.469889e-01 -6.896055e-04 -1.714137e-03 9.999982e-01 8.442780e+00
9.999475e-01 1.024834e-02 2.613362e-04 9.384960e+00 -1.024789e-02 9.999461e-01 -1.687118e-03 -8.865366e-01 -2.786146e-04 1.684352e-03 9.999986e-01 8.824074e+00
9.999510e-01 -9.870373e-03 7.559961e-04 9.954905e+00 9.869115e-03 9.999499e-01 1.650511e-03 -9.308924e-01 -7.722470e-04 -1.642970e-03 9.999983e-01 9.017558e+00
9.999486e-01 1.007442e-02 1.113850e-03 1.053988e+01 -1.007234e-02 9.999475e-01 -1.859158e-03 -9.766128e-01 -1.132524e-03 1.847845e-03 9.999978e-01 9.261772e+00
9.999608e-01 -8.845109e-03 2.791460e-04 1.112914e+01 8.847610e-03 9.999025e-01 -1.080607e-02 -1.020368e+00 -1.835351e-04 1.080812e-02 9.999415e-01 9.191898e+00
9.999799e-01 -6.309774e-03 -5.499517e-04 1.181264e+01 6.315562e-03 9.999168e-01 1.124973e-02 -1.076105e+00 4.789200e-04 -1.125297e-02 9.999367e-01 9.019997e+00
9.999719e-01 7.456038e-03 -8.101186e-04 1.235872e+01 -7.473286e-03 9.996859e-01 -2.392221e-02 -1.116308e+00 6.315018e-04 2.392759e-02 9.997134e-01 8.933577e+00
9.999512e-01 -9.877090e-03 -1.015851e-05 1.299222e+01 9.874328e-03 9.996463e-01 2.469516e-02 -1.164038e+00 -2.337639e-04 -2.469405e-02 9.996951e-01 8.422556e+00
9.999720e-01 7.433393e-03 8.245783e-04 1.359403e+01 -7.411748e-03 9.996912e-01 -2.371818e-02 -1.211613e+00 -1.000628e-03 2.371140e-02 9.997182e-01 7.903274e+00
9.999579e-01 -8.914095e-03 -2.153492e-03 1.393923e+01 8.964349e-03 9.996577e-01 2.457806e-02 -1.243699e+00 1.933661e-03 -2.459632e-02 9.996957e-01 7.567180e+00
9.999752e-01 6.835929e-03 1.719473e-03 1.449221e+01 -6.793606e-03 9.997003e-01 -2.352075e-02 -1.287895e+00 -1.879741e-03 2.350848e-02 9.997218e-01 7.322433e+00
9.999553e-01 -9.388541e-03 -1.140240e-03 1.529430e+01 9.413395e-03 9.996627e-01 2.420510e-02 -1.351081e+00 9.126028e-04 -2.421474e-02 9.997065e-01 7.192519e+00
9.999655e-01 7.928609e-03 2.460110e-03 1.614706e+01 -7.868021e-03 9.996874e-01 -2.373093e-02 -1.417781e+00 -2.647492e-03 2.371076e-02 9.997153e-01 7.197173e+00
9.999483e-01 -1.004754e-02 -1.544335e-03 1.693864e+01 1.008192e-02 9.996575e-01 2.415019e-02 -1.480300e+00 1.301153e-03 -2.416450e-02 9.997072e-01 7.284751e+00
9.999673e-01 7.672563e-03 2.543584e-03 1.768355e+01 -7.610433e-03 9.996926e-01 -2.359650e-02 -1.538382e+00 -2.723845e-03 2.357636e-02 9.997182e-01 7.250843e+00
9.999485e-01 -1.002014e-02 -1.609309e-03 1.840591e+01 1.005628e-02 9.996545e-01 2.428594e-02 -1.595886e+00 1.365402e-03 -2.430087e-02 9.997039e-01 7.214699e+00
9.999662e-01 7.791563e-03 2.606736e-03 1.912823e+01 -7.728022e-03 9.996926e-01 -2.355680e-02 -1.651589e+00 -2.789475e-03 2.353585e-02 9.997190e-01 7.195151e+00
9.999504e-01 -9.850180e-03 -1.492167e-03 1.988322e+01 9.883702e-03 9.996527e-01 2.442902e-02 -1.709374e+00 1.251016e-03 -2.444255e-02 9.997006e-01 7.217834e+00
9.999644e-01 8.089057e-03 2.394626e-03 2.060064e+01 -8.030262e-03 9.996887e-01 -2.362074e-02 -1.765864e+00 -2.584947e-03 2.360067e-02 9.997180e-01 7.264218e+00
9.999516e-01 -9.555449e-03 -2.335253e-03 2.121873e+01 9.608966e-03 9.996635e-01 2.409501e-02 -1.815818e+00 2.104225e-03 -2.411628e-02 9.997070e-01 7.169575e+00
9.999673e-01 7.837723e-03 1.990691e-03 2.194520e+01 -7.787863e-03 9.996834e-01 -2.392776e-02 -1.873702e+00 -2.177596e-03 2.391147e-02 9.997116e-01 7.055216e+00
9.999550e-01 -9.374641e-03 -1.445631e-03 2.284561e+01 9.406804e-03 9.996645e-01 2.413130e-02 -1.943827e+00 1.218920e-03 -2.414381e-02 9.997079e-01 7.309534e+00
9.999649e-01 8.202026e-03 1.719532e-03 2.369806e+01 -8.158467e-03 9.996794e-01 -2.396920e-02 -2.012183e+00 -1.915573e-03 2.395432e-02 9.997111e-01 7.773555e+00
9.999572e-01 -8.986389e-03 -2.217618e-03 2.447353e+01 9.038061e-03 9.996588e-01 2.450893e-02 -2.073400e+00 1.996611e-03 -2.452792e-02 9.996973e-01 8.212827e+00
9.999698e-01 7.743546e-03 -6.797529e-04 2.530937e+01 -7.757591e-03 9.996838e-01 -2.392096e-02 -2.141228e+00 4.943081e-04 2.392551e-02 9.997135e-01 8.562831e+00
9.999716e-01 -7.510226e-03 -6.727481e-04 2.613475e+01 7.524227e-03 9.996828e-01 2.403533e-02 -2.206818e+00 4.920208e-04 -2.403971e-02 9.997110e-01 8.916340e+00
9.999637e-01 8.449431e-03 -1.096465e-03 2.679088e+01 -8.472867e-03 9.996880e-01 -2.349825e-02 -2.257737e+00 8.975789e-04 2.350668e-02 9.997232e-01 9.186776e+00
9.999563e-01 -9.347426e-03 1.278321e-04 2.753813e+01 9.341570e-03 9.996618e-01 2.426978e-02 -2.312168e+00 -3.546518e-04 -2.426753e-02 9.997055e-01 9.130107e+00
9.999758e-01 6.864790e-03 1.167993e-03 2.831145e+01 -6.835236e-03 9.996966e-01 -2.366221e-02 -2.372721e+00 -1.330072e-03 2.365365e-02 9.997192e-01 9.055484e+00
9.999614e-01 -8.776895e-03 -4.991412e-04 2.883245e+01 8.786442e-03 9.996653e-01 2.433377e-02 -2.414695e+00 2.853961e-04 -2.433722e-02 9.997039e-01 8.892794e+00
9.995989e-01 -2.422644e-02 1.466569e-02 2.924928e+01 2.457279e-02 9.994119e-01 -2.391570e-02 -2.448318e+00 -1.407767e-02 2.426648e-02 9.996063e-01 8.651888e+00
9.996420e-01 2.324320e-02 -1.325172e-02 2.965179e+01 -2.290779e-02 9.994268e-01 2.492449e-02 -2.479177e+00 1.382344e-02 -2.461200e-02 9.996016e-01 8.517409e+00
9.996122e-01 -2.368959e-02 1.463708e-02 3.000866e+01 2.404021e-02 9.994165e-01 -2.426170e-02 -2.508145e+00 -1.405379e-02 2.460417e-02 9.995984e-01 8.435618e+00
9.996499e-01 2.284186e-02 -1.335477e-02 3.041209e+01 -2.250952e-02 9.994457e-01 2.452798e-02 -2.541803e+00 1.390762e-02 -2.421878e-02 9.996100e-01 8.428843e+00
9.996156e-01 -2.358803e-02 1.457132e-02 3.087174e+01 2.393466e-02 9.994232e-01 -2.409010e-02 -2.578100e+00 -1.399467e-02 2.442960e-02 9.996035e-01 8.472318e+00
9.996523e-01 2.289281e-02 -1.308805e-02 3.126514e+01 -2.256946e-02 9.994489e-01 2.434168e-02 -2.610583e+00 1.363808e-02 -2.403783e-02 9.996181e-01 8.630481e+00
9.996159e-01 -2.360787e-02 1.451848e-02 3.170725e+01 2.395288e-02 9.994233e-01 -2.406765e-02 -2.646134e+00 -1.394192e-02 2.440616e-02 9.996048e-01 8.759024e+00
9.996561e-01 2.288231e-02 -1.281172e-02 3.214977e+01 -2.256823e-02 9.994537e-01 2.414508e-02 -2.681335e+00 1.335721e-02 -2.384764e-02 9.996265e-01 8.927425e+00
9.996168e-01 -2.345145e-02 1.470737e-02 3.254185e+01 2.380260e-02 9.994244e-01 -2.417344e-02 -2.714021e+00 -1.413200e-02 2.451425e-02 9.995995e-01 9.086863e+00
9.996535e-01 2.305046e-02 -1.271074e-02 3.286071e+01 -2.274141e-02 9.994546e-01 2.394515e-02 -2.740380e+00 1.325575e-02 -2.364779e-02 9.996326e-01 9.180496e+00
9.996196e-01 -2.336931e-02 1.464504e-02 3.320624e+01 2.371386e-02 9.994352e-01 -2.381224e-02 -2.767419e+00 -1.408029e-02 2.415047e-02 9.996091e-01 9.193716e+00
9.996580e-01 2.272311e-02 -1.294184e-02 3.358917e+01 -2.240680e-02 9.994588e-01 2.408273e-02 -2.796112e+00 1.348206e-02 -2.378451e-02 9.996263e-01 9.200674e+00
9.996188e-01 -2.332422e-02 1.477594e-02 3.392155e+01 2.367147e-02 9.994370e-01 -2.377902e-02 -2.820893e+00 -1.421298e-02 2.411972e-02 9.996079e-01 9.160585e+00
9.996587e-01 2.250495e-02 -1.326414e-02 3.430972e+01 -2.217930e-02 9.994609e-01 2.420713e-02 -2.850781e+00 1.380176e-02 -2.390467e-02 9.996191e-01 9.093277e+00
9.996170e-01 -2.312578e-02 1.519768e-02 3.466907e+01 2.347998e-02 9.994467e-01 -2.355652e-02 -2.876889e+00 -1.464450e-02 2.390434e-02 9.996069e-01 8.927411e+00
9.996582e-01 2.231140e-02 -1.362576e-02 3.511108e+01 -2.197842e-02 9.994675e-01 2.411690e-02 -2.908390e+00 1.415658e-02 -2.380918e-02 9.996164e-01 8.771024e+00
9.996180e-01 -2.306309e-02 1.522775e-02 3.550667e+01 2.341875e-02 9.994470e-01 -2.360668e-02 -2.937561e+00 -1.467488e-02 2.395428e-02 9.996052e-01 8.666851e+00
9.996596e-01 2.254788e-02 -1.312318e-02 3.583014e+01 -2.222663e-02 9.994617e-01 2.413107e-02 -2.961893e+00 1.366021e-02 -2.383117e-02 9.996228e-01 8.496972e+00
9.996123e-01 -2.280521e-02 1.597632e-02 3.609180e+01 2.318003e-02 9.994508e-01 -2.368210e-02 -2.982517e+00 -1.542746e-02 2.404325e-02 9.995918e-01 8.250889e+00
9.996623e-01 2.260038e-02 -1.282993e-02 3.638223e+01 -2.227965e-02 9.994487e-01 2.461400e-02 -3.004729e+00 1.337914e-02 -2.431984e-02 9.996148e-01 7.935136e+00
9.996300e-01 -2.315408e-02 1.427733e-02 3.672392e+01 2.348987e-02 9.994403e-01 -2.381795e-02 -3.033497e+00 -1.371785e-02 2.414451e-02 9.996143e-01 7.793171e+00
9.995670e-01 2.619528e-02 -1.340566e-02 3.713426e+01 -2.621955e-02 9.996549e-01 -1.637673e-03 -3.063239e+00 1.335813e-02 1.988459e-03 9.999089e-01 7.769298e+00
9.988692e-01 -4.606983e-02 1.173867e-02 3.754761e+01 4.604865e-02 9.989371e-01 2.068350e-03 -3.099728e+00 -1.182147e-02 -1.525466e-03 9.999289e-01 7.561293e+00
9.988957e-01 4.585920e-02 -1.021483e-02 3.787608e+01 -4.588139e-02 9.989450e-01 -1.948231e-03 -3.125211e+00 1.011470e-02 2.414755e-03 9.999460e-01 7.597966e+00
9.988751e-01 -4.588102e-02 1.197394e-02 3.831195e+01 4.585719e-02 9.989455e-01 2.256706e-03 -3.159196e+00 -1.206485e-02 -1.705081e-03 9.999257e-01 7.701636e+00
9.988945e-01 4.590610e-02 -1.011890e-02 3.866761e+01 -4.593180e-02 9.989419e-01 -2.321693e-03 -3.187728e+00 1.000160e-02 2.783910e-03 9.999462e-01 7.789590e+00
9.988702e-01 -4.605730e-02 1.170678e-02 3.903319e+01 4.605757e-02 9.989388e-01 2.463884e-04 -3.215251e+00 -1.170569e-02 2.930706e-04 9.999313e-01 7.842355e+00
9.988677e-01 4.662350e-02 -9.459966e-03 3.941566e+01 -4.664053e-02 9.989105e-01 -1.587750e-03 -3.245189e+00 9.375625e-03 2.027175e-03 9.999541e-01 7.871787e+00
9.988427e-01 -4.678534e-02 1.115248e-02 3.991227e+01 4.676499e-02 9.989038e-01 2.078434e-03 -3.283236e+00 -1.123749e-02 -1.554488e-03 9.999355e-01 7.923860e+00
9.988537e-01 4.687206e-02 -9.709863e-03 4.052218e+01 -4.689143e-02 9.988984e-01 -1.776595e-03 -3.331814e+00 9.615886e-03 2.229873e-03 9.999514e-01 8.132637e+00
9.988349e-01 -4.703712e-02 1.078553e-02 4.115360e+01 4.701826e-02 9.988920e-01 1.995533e-03 -3.382878e+00 -1.086744e-02 -1.486096e-03 9.999397e-01 8.378376e+00
9.988541e-01 4.688994e-02 -9.586798e-03 4.177975e+01 -4.691162e-02 9.988969e-01 -2.049442e-03 -3.433886e+00 9.480116e-03 2.496831e-03 9.999520e-01 8.546813e+00
9.988380e-01 -4.684411e-02 1.132815e-02 4.231231e+01 4.682307e-02 9.989010e-01 2.115232e-03 -3.477296e+00 -1.141477e-02 -1.582361e-03 9.999335e-01 8.701478e+00
9.988069e-01 4.794990e-02 -9.250933e-03 4.280178e+01 -4.796967e-02 9.988469e-01 -1.926822e-03 -3.517007e+00 9.147866e-03 2.368292e-03 9.999555e-01 8.873131e+00
9.988318e-01 -4.697810e-02 1.131712e-02 4.316282e+01 4.696088e-02 9.988951e-01 1.782251e-03 -3.546815e+00 -1.138834e-02 -1.248712e-03 9.999343e-01 8.967673e+00
9.988731e-01 4.638965e-02 -1.002476e-02 4.352695e+01 -4.640667e-02 9.989215e-01 -1.471418e-03 -3.574104e+00 9.945677e-03 1.934980e-03 9.999488e-01 8.992986e+00
9.988847e-01 -4.563714e-02 1.210890e-02 4.397930e+01 4.561797e-02 9.989572e-01 1.854469e-03 -3.609058e+00 -1.218090e-02 -1.300023e-03 9.999249e-01 9.056583e+00
9.988649e-01 4.642292e-02 -1.066894e-02 4.426249e+01 -4.654718e-02 9.988475e-01 -1.171020e-02 -3.632025e+00 1.011301e-02 1.219352e-02 9.998746e-01 9.101587e+00
9.988202e-01 -4.702342e-02 1.212829e-02 4.457853e+01 4.686898e-02 9.988201e-01 1.271870e-02 -3.656551e+00 -1.271205e-02 -1.213526e-02 9.998455e-01 9.028307e+00
9.988300e-01 4.715478e-02 -1.072564e-02 4.502223e+01 -4.728974e-02 9.988005e-01 -1.269809e-02 -3.692204e+00 1.011399e-02 1.319045e-02 9.998619e-01 9.159191e+00
9.987789e-01 -4.801792e-02 1.161866e-02 4.543679e+01 4.786860e-02 9.987716e-01 1.280519e-02 -3.725214e+00 -1.221925e-02 -1.223339e-02 9.998504e-01 9.260560e+00
9.987854e-01 4.801230e-02 -1.107119e-02 4.577050e+01 -4.815458e-02 9.987558e-01 -1.296388e-02 -3.752406e+00 1.043498e-02 1.348127e-02 9.998548e-01 9.360839e+00
9.987661e-01 -4.832263e-02 1.145518e-02 4.605572e+01 4.817128e-02 9.987527e-01 1.313971e-02 -3.774194e+00 -1.207583e-02 -1.257170e-02 9.998480e-01 9.442764e+00
9.987458e-01 4.903358e-02 -1.013060e-02 4.635734e+01 -4.916638e-02 9.987020e-01 -1.330451e-02 -3.797805e+00 9.465072e-03 1.378592e-02 9.998603e-01 9.548735e+00
9.987154e-01 -4.946360e-02 1.099625e-02 4.668076e+01 4.931498e-02 9.986934e-01 1.339936e-02 -3.823702e+00 -1.164465e-02 -1.283987e-02 9.998497e-01 9.672690e+00
9.987434e-01 4.912415e-02 -9.919301e-03 4.710317e+01 -4.925231e-02 9.987002e-01 -1.311776e-02 -3.857326e+00 9.261998e-03 1.358983e-02 9.998649e-01 9.835700e+00
9.987138e-01 -4.955808e-02 1.071457e-02 4.758875e+01 4.941062e-02 9.986857e-01 1.361508e-02 -3.895649e+00 -1.137522e-02 -1.306816e-02 9.998498e-01 1.003237e+01
9.987562e-01 4.890747e-02 -9.703997e-03 4.810005e+01 -4.903198e-02 9.987121e-01 -1.303756e-02 -3.935658e+00 9.053854e-03 1.349715e-02 9.998680e-01 1.024970e+01
9.987396e-01 -4.896969e-02 1.100651e-02 4.859613e+01 4.882065e-02 9.987173e-01 1.342511e-02 -3.975554e+00 -1.164981e-02 -1.287085e-02 9.998492e-01 1.046445e+01
9.987321e-01 4.944034e-02 -9.474439e-03 4.906354e+01 -4.956748e-02 9.986769e-01 -1.369019e-02 -4.013525e+00 8.785045e-03 1.414247e-02 9.998615e-01 1.069286e+01
9.987681e-01 -4.829488e-02 1.140065e-02 4.952649e+01 4.814087e-02 9.987504e-01 1.341789e-02 -4.050984e+00 -1.203440e-02 -1.285253e-02 9.998449e-01 1.092654e+01
9.987824e-01 4.829918e-02 -1.004156e-02 5.003116e+01 -4.842951e-02 9.987398e-01 -1.316784e-02 -4.091384e+00 9.392900e-03 1.363812e-02 9.998630e-01 1.118019e+01
9.987895e-01 -4.780842e-02 1.157131e-02 5.051784e+01 4.765370e-02 9.987754e-01 1.329640e-02 -4.130685e+00 -1.219280e-02 -1.272889e-02 9.998445e-01 1.139961e+01
9.987809e-01 4.831114e-02 -1.013922e-02 5.098741e+01 -4.844688e-02 9.987332e-01 -1.359847e-02 -4.168697e+00 9.469408e-03 1.407311e-02 9.998562e-01 1.161452e+01
9.987254e-01 -4.919622e-02 1.128094e-02 5.145298e+01 4.903780e-02 9.987000e-01 1.391430e-02 -4.206857e+00 -1.195080e-02 -1.334338e-02 9.998395e-01 1.183552e+01
9.987780e-01 4.837123e-02 -1.013115e-02 5.191633e+01 -4.850561e-02 9.987321e-01 -1.346693e-02 -4.244422e+00 9.466876e-03 1.394190e-02 9.998581e-01 1.207586e+01
9.987498e-01 -4.863308e-02 1.156336e-02 5.233478e+01 4.847322e-02 9.987302e-01 1.372476e-02 -4.279120e+00 -1.221614e-02 -1.314709e-02 9.998388e-01 1.230861e+01
9.987947e-01 4.802362e-02 -1.013809e-02 5.273765e+01 -4.815801e-02 9.987491e-01 -1.345640e-02 -4.311915e+00 9.479174e-03 1.392842e-02 9.998582e-01 1.253730e+01
9.987438e-01 -4.875274e-02 1.157545e-02 5.314731e+01 4.859021e-02 9.987217e-01 1.393017e-02 -4.345627e+00 -1.223977e-02 -1.335022e-02 9.998359e-01 1.276974e+01
9.987941e-01 4.803849e-02 -1.013399e-02 5.359723e+01 -4.817365e-02 9.987471e-01 -1.354429e-02 -4.381763e+00 9.470634e-03 1.401615e-02 9.998570e-01 1.298980e+01
9.987697e-01 -4.821636e-02 1.158514e-02 5.406858e+01 4.805284e-02 9.987467e-01 1.400175e-02 -4.419751e+00 -1.224572e-02 -1.342783e-02 9.998348e-01 1.323041e+01
9.988191e-01 4.735904e-02 -1.083695e-02 5.447798e+01 -4.750754e-02 9.987744e-01 -1.388217e-02 -4.453193e+00 1.016621e-02 1.438062e-02 9.998450e-01 1.341282e+01
9.987877e-01 -4.767400e-02 1.226017e-02 5.482989e+01 4.749989e-02 9.987714e-01 1.412067e-02 -4.481137e+00 -1.291828e-02 -1.352120e-02 9.998250e-01 1.359845e+01
9.988203e-01 4.733670e-02 -1.082379e-02 5.519682e+01 -4.748529e-02 9.987751e-01 -1.390923e-02 -4.511209e+00 1.015210e-02 1.440680e-02 9.998448e-01 1.381055e+01
9.988315e-01 -4.669825e-02 1.244383e-02 5.552320e+01 4.652605e-02 9.988219e-01 1.378581e-02 -4.539578e+00 -1.307293e-02 -1.319075e-02 9.998274e-01 1.406772e+01
9.988714e-01 4.616046e-02 -1.118529e-02 5.583509e+01 -4.631072e-02 9.988349e-01 -1.356834e-02 -4.568054e+00 1.054593e-02 1.407103e-02 9.998455e-01 1.434019e+01
9.988352e-01 -4.661318e-02 1.246679e-02 5.613120e+01 4.644174e-02 9.988270e-01 1.370505e-02 -4.593252e+00 -1.309099e-02 -1.311011e-02 9.998283e-01 1.452465e+01
9.988726e-01 4.609794e-02 -1.133309e-02 5.642068e+01 -4.625153e-02 9.988361e-01 -1.368551e-02 -4.617626e+00 1.068901e-02 1.419426e-02 9.998422e-01 1.468471e+01
9.988429e-01 -4.647732e-02 1.236119e-02 5.668373e+01 4.630746e-02 9.988334e-01 1.368973e-02 -4.639705e+00 -1.298301e-02 -1.310148e-02 9.998298e-01 1.480833e+01
9.988677e-01 4.624194e-02 -1.118490e-02 5.692100e+01 -4.639309e-02 9.988299e-01 -1.365405e-02 -4.660474e+00 1.054040e-02 1.415749e-02 9.998443e-01 1.497858e+01
9.988428e-01 -4.647851e-02 1.235945e-02 5.716596e+01 4.630762e-02 9.988323e-01 1.377134e-02 -4.681439e+00 -1.298507e-02 -1.318307e-02 9.998287e-01 1.510983e+01
9.988870e-01 4.571512e-02 -1.161786e-02 5.755240e+01 -4.586976e-02 9.988574e-01 -1.341207e-02 -4.711699e+00 1.099143e-02 1.393006e-02 9.998427e-01 1.524800e+01
9.988291e-01 -4.675820e-02 1.241712e-02 5.805456e+01 4.658938e-02 9.988222e-01 1.355391e-02 -4.751864e+00 -1.303624e-02 -1.295954e-02 9.998309e-01 1.540958e+01
9.988331e-01 4.702415e-02 -1.100543e-02 5.863910e+01 -4.716749e-02 9.988005e-01 -1.314831e-02 -4.796955e+00 1.037393e-02 1.365207e-02 9.998531e-01 1.564129e+01
9.987988e-01 -4.755248e-02 1.181686e-02 5.913264e+01 4.739028e-02 9.987832e-01 1.364706e-02 -4.834653e+00 -1.245142e-02 -1.307067e-02 9.998369e-01 1.584720e+01
9.988527e-01 4.665802e-02 -1.078712e-02 5.966804e+01 -4.679986e-02 9.988158e-01 -1.329269e-02 -4.877053e+00 1.015412e-02 1.378228e-02 9.998536e-01 1.609547e+01
9.988196e-01 -4.704197e-02 1.210159e-02 6.021483e+01 4.687594e-02 9.988074e-01 1.365648e-02 -4.920769e+00 -1.272957e-02 -1.307309e-02 9.998334e-01 1.636026e+01
9.988878e-01 4.586026e-02 -1.095058e-02 6.068873e+01 -4.600570e-02 9.988510e-01 -1.342064e-02 -4.959246e+00 1.032251e-02 1.390951e-02 9.998501e-01 1.661316e+01
9.988345e-01 -4.674259e-02 1.202995e-02 6.117686e+01 4.657984e-02 9.988237e-01 1.347096e-02 -4.998768e+00 -1.264545e-02 -1.289491e-02 9.998368e-01 1.686756e+01
9.989034e-01 4.551608e-02 -1.096945e-02 6.169353e+01 -4.565872e-02 9.988709e-01 -1.312367e-02 -5.041110e+00 1.035971e-02 1.361014e-02 9.998538e-01 1.715107e+01
9.988410e-01 -4.664015e-02 1.189190e-02 6.228940e+01 4.648126e-02 9.988305e-01 1.330525e-02 -5.088455e+00 -1.249853e-02 -1.273709e-02 9.998407e-01 1.741397e+01
9.989146e-01 4.525802e-02 -1.101754e-02 6.285250e+01 -4.540187e-02 9.988819e-01 -1.317659e-02 -5.133980e+00 1.040886e-02 1.366251e-02 9.998526e-01 1.763691e+01
9.988882e-01 -4.543256e-02 1.258001e-02 6.355915e+01 4.526566e-02 9.988871e-01 1.324887e-02 -5.191156e+00 -1.316792e-02 -1.266470e-02 9.998330e-01 1.787957e+01
9.989678e-01 4.390994e-02 -1.163217e-02 6.423743e+01 -4.405778e-02 9.989473e-01 -1.277406e-02 -5.244404e+00 1.105900e-02 1.327337e-02 9.998508e-01 1.813116e+01
9.989840e-01 -4.313414e-02 1.305352e-02 6.490774e+01 4.296578e-02 9.989931e-01 1.291521e-02 -5.296447e+00 -1.359745e-02 -1.234124e-02 9.998313e-01 1.845407e+01
9.990469e-01 4.203117e-02 -1.177967e-02 6.546308e+01 -4.217983e-02 9.990297e-01 -1.266882e-02 -5.341580e+00 1.123574e-02 1.315362e-02 9.998505e-01 1.876141e+01
9.989583e-01 -4.385335e-02 1.261634e-02 6.615781e+01 4.368833e-02 9.989597e-01 1.307156e-02 -5.398168e+00 -1.317643e-02 -1.250677e-02 9.998349e-01 1.906755e+01
9.989943e-01 4.328570e-02 -1.169620e-02 6.685424e+01 -4.343673e-02 9.989718e-01 -1.298250e-02 -5.452942e+00 1.112220e-02 1.347749e-02 9.998474e-01 1.940358e+01
9.989170e-01 -4.479581e-02 1.257464e-02 6.751242e+01 4.462961e-02 9.989164e-01 1.320063e-02 -5.507170e+00 -1.315233e-02 -1.262514e-02 9.998337e-01 1.968815e+01
9.989711e-01 4.367974e-02 -1.219656e-02 6.815458e+01 -4.383663e-02 9.989553e-01 -1.290718e-02 -5.557972e+00 1.162002e-02 1.342856e-02 9.998424e-01 1.997396e+01
9.989949e-01 -4.257464e-02 1.402252e-02 6.883028e+01 4.238838e-02 9.990124e-01 1.332259e-02 -5.611264e+00 -1.457586e-02 -1.271482e-02 9.998128e-01 2.028251e+01
9.990304e-01 4.210320e-02 -1.286935e-02 6.944083e+01 -4.227294e-02 9.990187e-01 -1.321492e-02 -5.659771e+00 1.230031e-02 1.374614e-02 9.998300e-01 2.059107e+01
9.989716e-01 -4.307779e-02 1.414589e-02 7.002693e+01 4.288611e-02 9.989876e-01 1.358506e-02 -5.707156e+00 -1.471676e-02 -1.296443e-02 9.998076e-01 2.091480e+01
9.989942e-01 4.284219e-02 -1.323509e-02 7.036465e+01 -4.301769e-02 9.989861e-01 -1.327319e-02 -5.734580e+00 1.265300e-02 1.382919e-02 9.998244e-01 2.114963e+01
9.989747e-01 -4.297054e-02 1.424990e-02 7.057583e+01 4.278103e-02 9.989953e-01 1.334796e-02 -5.752622e+00 -1.480913e-02 -1.272466e-02 9.998093e-01 2.124822e+01
9.989928e-01 4.288158e-02 -1.320955e-02 7.075458e+01 -4.305768e-02 9.989834e-01 -1.334799e-02 -5.768454e+00 1.262372e-02 1.390332e-02 9.998238e-01 2.134967e+01
9.989626e-01 -4.310967e-02 1.467120e-02 7.094410e+01 4.291534e-02 9.989900e-01 1.331242e-02 -5.784553e+00 -1.523025e-02 -1.266900e-02 9.998036e-01 2.143103e+01
9.989857e-01 4.273141e-02 -1.420076e-02 7.119318e+01 -4.291786e-02 9.989928e-01 -1.309451e-02 -5.804469e+00 1.362689e-02 1.369071e-02 9.998135e-01 2.154088e+01
9.989559e-01 -4.307264e-02 1.522570e-02 7.146620e+01 4.287297e-02 9.989932e-01 1.320619e-02 -5.828417e+00 -1.577917e-02 -1.253964e-02 9.997968e-01 2.172682e+01
9.989834e-01 4.275641e-02 -1.428257e-02 7.171991e+01 -4.294323e-02 9.989924e-01 -1.304051e-02 -5.850925e+00 1.371059e-02 1.364061e-02 9.998131e-01 2.190012e+01
9.989477e-01 -4.323031e-02 1.531525e-02 7.198719e+01 4.302812e-02 9.989854e-01 1.329440e-02 -5.875376e+00 -1.587441e-02 -1.262143e-02 9.997942e-01 2.208991e+01
9.989855e-01 4.265647e-02 -1.443338e-02 7.224475e+01 -4.284723e-02 9.989947e-01 -1.317636e-02 -5.897416e+00 1.385679e-02 1.378143e-02 9.998091e-01 2.220264e+01
9.989567e-01 -4.301754e-02 1.533065e-02 7.253556e+01 4.281418e-02 9.989938e-01 1.335573e-02 -5.922498e+00 -1.588974e-02 -1.268543e-02 9.997932e-01 2.233745e+01
9.989861e-01 4.265487e-02 -1.440080e-02 7.280577e+01 -4.284414e-02 9.989959e-01 -1.310091e-02 -5.944813e+00 1.382751e-02 1.370462e-02 9.998106e-01 2.241606e+01
9.989451e-01 -4.332440e-02 1.522315e-02 7.312024e+01 4.312194e-02 9.989801e-01 1.338566e-02 -5.971157e+00 -1.578753e-02 -1.271510e-02 9.997944e-01 2.252236e+01
9.989830e-01 4.257195e-02 -1.485027e-02 7.349917e+01 -4.276684e-02 9.989997e-01 -1.306207e-02 -6.004064e+00 1.427931e-02 1.368389e-02 9.998045e-01 2.269333e+01
9.989455e-01 -4.302121e-02 1.603501e-02 7.384788e+01 4.281464e-02 9.989983e-01 1.301070e-02 -6.033694e+00 -1.657866e-02 -1.231046e-02 9.997867e-01 2.284359e+01
9.989833e-01 4.246488e-02 -1.513608e-02 7.418534e+01 -4.266077e-02 9.990068e-01 -1.286256e-02 -6.061776e+00 1.457482e-02 1.349521e-02 9.998028e-01 2.295441e+01
9.989411e-01 -4.297343e-02 1.642887e-02 7.448884e+01 4.276560e-02 9.990031e-01 1.279961e-02 -6.088268e+00 -1.696251e-02 -1.208347e-02 9.997830e-01 2.310083e+01
9.989716e-01 4.266258e-02 -1.535056e-02 7.472948e+01 -4.286088e-02 9.989987e-01 -1.282954e-02 -6.108791e+00 1.478783e-02 1.347429e-02 9.998000e-01 2.320919e+01
9.989382e-01 -4.311142e-02 1.624272e-02 7.501384e+01 4.290189e-02 9.989943e-01 1.303517e-02 -6.131787e+00 -1.678833e-02 -1.232450e-02 9.997830e-01 2.333434e+01
9.989775e-01 4.252801e-02 -1.533946e-02 7.535413e+01 -4.272823e-02 9.990025e-01 -1.297041e-02 -6.159765e+00 1.477254e-02 1.361258e-02 9.997983e-01 2.349727e+01
9.989446e-01 -4.290075e-02 1.640658e-02 7.563339e+01 4.268788e-02 9.990024e-01 1.311188e-02 -6.183606e+00 -1.695270e-02 -1.239769e-02 9.997793e-01 2.366894e+01
9.989636e-01 4.275472e-02 -1.561523e-02 7.580002e+01 -4.295652e-02 9.989946e-01 -1.282492e-02 -6.197661e+00 1.505119e-02 1.348241e-02 9.997959e-01 2.377057e+01
9.989322e-01 -4.315089e-02 1.650788e-02 7.605762e+01 4.293485e-02 9.989903e-01 1.322533e-02 -6.218751e+00 -1.706188e-02 -1.250245e-02 9.997762e-01 2.388205e+01
9.989788e-01 4.238001e-02 -1.566404e-02 7.646299e+01 -4.258321e-02 9.990100e-01 -1.287451e-02 -6.251396e+00 1.510289e-02 1.352840e-02 9.997945e-01 2.405343e+01
9.989242e-01 -4.326620e-02 1.668690e-02 7.688786e+01 4.305031e-02 9.989872e-01 1.308740e-02 -6.287863e+00 -1.723622e-02 -1.235496e-02 9.997750e-01 2.428412e+01
9.989776e-01 4.240413e-02 -1.567516e-02 7.730995e+01 -4.260504e-02 9.990111e-01 -1.271299e-02 -6.323855e+00 1.512055e-02 1.336784e-02 9.997964e-01 2.451395e+01
9.989238e-01 -4.323668e-02 1.678932e-02 7.773621e+01 4.301924e-02 9.989883e-01 1.310333e-02 -6.359833e+00 -1.733886e-02 -1.236697e-02 9.997731e-01 2.475195e+01
9.989802e-01 4.226528e-02 -1.587903e-02 7.817745e+01 -4.247127e-02 9.990148e-01 -1.286657e-02 -6.397002e+00 1.531955e-02 1.352786e-02 9.997912e-01 2.497132e+01
9.989325e-01 -4.291572e-02 1.709345e-02 7.866729e+01 4.269102e-02 9.989998e-01 1.330040e-02 -6.437364e+00 -1.764712e-02 -1.255648e-02 9.997653e-01 2.520050e+01
9.989967e-01 4.173883e-02 -1.623393e-02 7.917484e+01 -4.195061e-02 9.990360e-01 -1.293123e-02 -6.479299e+00 1.567852e-02 1.359929e-02 9.997847e-01 2.545067e+01
9.989968e-01 -4.120167e-02 1.754612e-02 7.965759e+01 4.096812e-02 9.990697e-01 1.346877e-02 -6.517791e+00 -1.808470e-02 -1.273644e-02 9.997552e-01 2.569789e+01
9.990348e-01 4.058102e-02 -1.681257e-02 8.001047e+01 -4.080583e-02 9.990792e-01 -1.325121e-02 -6.546890e+00 1.625932e-02 1.392448e-02 9.997709e-01 2.583414e+01
9.989846e-01 -4.148935e-02 1.756038e-02 8.043706e+01 4.125621e-02 9.990582e-01 1.343691e-02 -6.583261e+00 -1.810130e-02 -1.269880e-02 9.997554e-01 2.600480e+01
9.990300e-01 4.066221e-02 -1.690227e-02 8.087976e+01 -4.088609e-02 9.990777e-01 -1.311773e-02 -6.618212e+00 1.635326e-02 1.379608e-02 9.997712e-01 2.617722e+01
9.989911e-01 -4.126012e-02 1.773233e-02 8.129238e+01 4.102402e-02 9.990672e-01 1.347854e-02 -6.651869e+00 -1.827190e-02 -1.273750e-02 9.997518e-01 2.636183e+01
9.990253e-01 4.066543e-02 -1.716984e-02 8.169546e+01 -4.089632e-02 9.990746e-01 -1.331766e-02 -6.685873e+00 1.661236e-02 1.400687e-02 9.997640e-01 2.660022e+01
9.989703e-01 -4.168041e-02 1.791960e-02 8.216391e+01 4.143644e-02 9.990462e-01 1.377675e-02 -6.724605e+00 -1.847670e-02 -1.302005e-02 9.997444e-01 2.680333e+01
9.990246e-01 4.073438e-02 -1.704299e-02 8.277950e+01 -4.096222e-02 9.990730e-01 -1.323988e-02 -6.774427e+00 1.648785e-02 1.392509e-02 9.997672e-01 2.708500e+01
9.989950e-01 -4.087416e-02 1.839227e-02 8.337623e+01 4.062731e-02 9.990818e-01 1.360051e-02 -6.822200e+00 -1.893127e-02 -1.283962e-02 9.997382e-01 2.737983e+01
9.990590e-01 3.956472e-02 -1.777072e-02 8.397816e+01 -3.980298e-02 9.991196e-01 -1.325947e-02 -6.872442e+00 1.723045e-02 1.395433e-02 9.997543e-01 2.767445e+01
9.990595e-01 -3.861882e-02 1.971754e-02 8.454346e+01 3.834802e-02 9.991673e-01 1.393240e-02 -6.918374e+00 -2.023915e-02 -1.316318e-02 9.997084e-01 2.797739e+01
9.991080e-01 3.787657e-02 -1.866922e-02 8.498648e+01 -3.813275e-02 9.991806e-01 -1.356240e-02 -6.954870e+00 1.814020e-02 1.426222e-02 9.997338e-01 2.816036e+01
9.990751e-01 -3.820642e-02 1.972789e-02 8.543545e+01 3.793398e-02 9.991821e-01 1.400419e-02 -6.991283e+00 -2.024678e-02 -1.324289e-02 9.997072e-01 2.835518e+01
9.990731e-01 3.887945e-02 -1.847307e-02 8.588324e+01 -3.913433e-02 9.991408e-01 -1.364203e-02 -7.026970e+00 1.792678e-02 1.435233e-02 9.997364e-01 2.855117e+01
9.990720e-01 -3.845199e-02 1.940322e-02 8.636487e+01 3.818544e-02 9.991736e-01 1.392630e-02 -7.067169e+00 -1.992265e-02 -1.317247e-02 9.997146e-01 2.884932e+01
9.990848e-01 3.879645e-02 -1.801267e-02 8.686473e+01 -3.904765e-02 9.991419e-01 -1.380994e-02 -7.109818e+00 1.746141e-02 1.450067e-02 9.997425e-01 2.921371e+01
9.990255e-01 -3.992400e-02 1.882067e-02 8.732451e+01 3.966834e-02 9.991181e-01 1.376734e-02 -7.152364e+00 -1.935370e-02 -1.300735e-02 9.997280e-01 2.952034e+01
9.990807e-01 3.895914e-02 -1.788467e-02 8.769345e+01 -3.920092e-02 9.991419e-01 -1.337306e-02 -7.183577e+00 1.734829e-02 1.406188e-02 9.997507e-01 2.972453e+01
9.990803e-01 -3.867933e-02 1.850443e-02 8.792142e+01 3.842716e-02 9.991662e-01 1.379446e-02 -7.203224e+00 -1.902253e-02 -1.307071e-02 9.997335e-01 2.990288e+01
9.991166e-01 3.829239e-02 -1.731147e-02 8.808500e+01 -3.853409e-02 9.991613e-01 -1.385047e-02 -7.221420e+00 1.676656e-02 1.450533e-02 9.997543e-01 3.007681e+01
9.990861e-01 -3.897685e-02 1.754142e-02 8.833779e+01 3.872762e-02 9.991470e-01 1.433038e-02 -7.244894e+00 -1.808498e-02 -1.363796e-02 9.997433e-01 3.028223e+01
9.990980e-01 3.867450e-02 -1.753285e-02 8.870610e+01 -3.892479e-02 9.991417e-01 -1.416628e-02 -7.278731e+00 1.696990e-02 1.483597e-02 9.997460e-01 3.062183e+01
9.990668e-01 -3.899104e-02 1.858035e-02 8.907672e+01 3.873069e-02 9.991492e-01 1.417193e-02 -7.315242e+00 -1.911709e-02 -1.343909e-02 9.997268e-01 3.101944e+01
9.991210e-01 3.799892e-02 -1.769836e-02 8.955386e+01 -3.825042e-02 9.991688e-01 -1.409511e-02 -7.358065e+00 1.714802e-02 1.475970e-02 9.997441e-01 3.131248e+01
9.991059e-01 -3.737599e-02 1.975823e-02 9.006213e+01 3.709155e-02 9.992056e-01 1.457140e-02 -7.399632e+00 -2.028713e-02 -1.382552e-02 9.996985e-01 3.154154e+01
9.991498e-01 3.693616e-02 -1.831154e-02 9.047508e+01 -3.719959e-02 9.992061e-01 -1.426016e-02 -7.433641e+00 1.777026e-02 1.492923e-02 9.997307e-01 3.177293e+01
9.990939e-01 -3.773397e-02 1.968768e-02 9.087568e+01 3.744748e-02 9.991901e-01 1.472325e-02 -7.467054e+00 -2.022727e-02 -1.397266e-02 9.996977e-01 3.201592e+01
9.991334e-01 3.736492e-02 -1.833695e-02 9.126061e+01 -3.763140e-02 9.991878e-01 -1.440894e-02 -7.498948e+00 1.778364e-02 1.508651e-02 9.997281e-01 3.223269e+01
9.990859e-01 -3.807023e-02 1.944133e-02 9.164762e+01 3.778388e-02 9.991750e-01 1.488968e-02 -7.530556e+00 -1.999212e-02 -1.414151e-02 9.997000e-01 3.241913e+01
9.991407e-01 3.708053e-02 -1.851584e-02 9.210634e+01 -3.735103e-02 9.991972e-01 -1.448360e-02 -7.567604e+00 1.796389e-02 1.516275e-02 9.997238e-01 3.259320e+01
9.990905e-01 -3.792186e-02 1.949704e-02 9.249760e+01 3.763597e-02 9.991815e-01 1.482724e-02 -7.599741e+00 -2.004333e-02 -1.407998e-02 9.996999e-01 3.275417e+01
9.991408e-01 3.709552e-02 -1.848475e-02 9.286443e+01 -3.736721e-02 9.991953e-01 -1.457612e-02 -7.630048e+00 1.792914e-02 1.525433e-02 9.997230e-01 3.291748e+01
9.990986e-01 -3.776889e-02 1.937704e-02 9.322549e+01 3.748346e-02 9.991863e-01 1.488821e-02 -7.660016e+00 -1.992356e-02 -1.414848e-02 9.997013e-01 3.310061e+01
9.991233e-01 3.767202e-02 -1.825827e-02 9.363587e+01 -3.794034e-02 9.991736e-01 -1.457916e-02 -7.694431e+00 1.769393e-02 1.525912e-02 9.997271e-01 3.329789e+01
9.990817e-01 -3.825650e-02 1.928986e-02 9.404864e+01 3.797208e-02 9.991677e-01 1.490172e-02 -7.729177e+00 -1.984386e-02 -1.415557e-02 9.997028e-01 3.349618e+01
9.991163e-01 3.789703e-02 -1.817878e-02 9.448323e+01 -3.816180e-02 9.991671e-01 -1.444603e-02 -7.765612e+00 1.761615e-02 1.512701e-02 9.997305e-01 3.371204e+01
9.990941e-01 -3.794541e-02 1.926530e-02 9.492310e+01 3.766104e-02 9.991793e-01 1.491495e-02 -7.801877e+00 -1.981542e-02 -1.417590e-02 9.997031e-01 3.393216e+01
9.991460e-01 3.712954e-02 -1.812835e-02 9.539369e+01 -3.739846e-02 9.991919e-01 -1.472717e-02 -7.841961e+00 1.756686e-02 1.539258e-02 9.997273e-01 3.415828e+01
9.991115e-01 -3.746524e-02 1.930325e-02 9.582665e+01 3.717794e-02 9.991956e-01 1.503359e-02 -7.877916e+00 -1.985093e-02 -1.430259e-02 9.997005e-01 3.437202e+01
9.991452e-01 3.701537e-02 -1.840639e-02 9.624209e+01 -3.728926e-02 9.991954e-01 -1.476654e-02 -7.913082e+00 1.784496e-02 1.544029e-02 9.997216e-01 3.458266e+01
9.991233e-01 -3.709092e-02 1.941408e-02 9.670807e+01 3.680262e-02 9.992099e-01 1.500277e-02 -7.951712e+00 -1.995518e-02 -1.427514e-02 9.996989e-01 3.481987e+01
9.991534e-01 3.675152e-02 -1.848595e-02 9.715718e+01 -3.702512e-02 9.992065e-01 -1.468243e-02 -7.988923e+00 1.793165e-02 1.535446e-02 9.997214e-01 3.504913e+01
9.990858e-01 -3.808326e-02 1.942095e-02 9.772539e+01 3.779782e-02 9.991749e-01 1.485902e-02 -8.035297e+00 -1.997078e-02 -1.411138e-02 9.997009e-01 3.515527e+01
9.991277e-01 3.772370e-02 -1.791132e-02 9.828249e+01 -3.797916e-02 9.991784e-01 -1.414270e-02 -8.078932e+00 1.736306e-02 1.481063e-02 9.997396e-01 3.536226e+01
9.991979e-01 -3.407413e-02 2.103561e-02 9.868257e+01 3.379477e-02 9.993377e-01 1.349605e-02 -8.115221e+00 -2.148152e-02 -1.277435e-02 9.996875e-01 3.574309e+01
9.992625e-01 3.258517e-02 -2.031364e-02 9.927363e+01 -3.285171e-02 9.993766e-01 -1.292840e-02 -8.164739e+00 1.987967e-02 1.358621e-02 9.997102e-01 3.607846e+01
9.991845e-01 -3.410452e-02 2.161520e-02 9.975124e+01 3.382179e-02 9.993392e-01 1.331404e-02 -8.205981e+00 -2.205495e-02 -1.257213e-02 9.996776e-01 3.630670e+01
9.992129e-01 3.300252e-02 -2.200976e-02 1.001999e+02 -3.328926e-02 9.993639e-01 -1.279097e-02 -8.243022e+00 2.157359e-02 1.351360e-02 9.996760e-01 3.650290e+01
9.991665e-01 -3.433065e-02 2.208521e-02 1.008997e+02 3.404571e-02 9.993337e-01 1.315126e-02 -8.301484e+00 -2.252196e-02 -1.238840e-02 9.996695e-01 3.671315e+01
9.991670e-01 3.466828e-02 -2.152574e-02 1.013625e+02 -3.494013e-02 9.993127e-01 -1.238392e-02 -8.338972e+00 2.108158e-02 1.312573e-02 9.996917e-01 3.692224e+01
9.991459e-01 -3.485747e-02 2.219157e-02 1.017830e+02 3.458518e-02 9.993231e-01 1.253803e-02 -8.375082e+00 -2.261356e-02 -1.175984e-02 9.996750e-01 3.712235e+01
9.992032e-01 3.434175e-02 -2.033811e-02 1.021560e+02 -3.459694e-02 9.993253e-01 -1.233138e-02 -8.408192e+00 1.990087e-02 1.302520e-02 9.997172e-01 3.728022e+01
9.991538e-01 -3.512697e-02 2.139447e-02 1.025317e+02 3.485957e-02 9.993109e-01 1.274600e-02 -8.439820e+00 -2.182743e-02 -1.198942e-02 9.996898e-01 3.746951e+01
9.991958e-01 3.447394e-02 -2.047834e-02 1.028132e+02 -3.473097e-02 9.993206e-01 -1.233124e-02 -8.462860e+00 2.003929e-02 1.303257e-02 9.997143e-01 3.759622e+01
9.991598e-01 -3.513659e-02 2.109763e-02 1.031119e+02 3.487817e-02 9.993135e-01 1.249468e-02 -8.488751e+00 -2.152213e-02 -1.174835e-02 9.996992e-01 3.775088e+01
9.991884e-01 3.463488e-02 -2.056589e-02 1.034008e+02 -3.488931e-02 9.993174e-01 -1.214415e-02 -8.513872e+00 2.013121e-02 1.285183e-02 9.997148e-01 3.789313e+01
9.991431e-01 -3.529293e-02 2.162284e-02 1.036019e+02 3.501788e-02 9.993025e-01 1.297000e-02 -8.532395e+00 -2.206548e-02 -1.220171e-02 9.996820e-01 3.804321e+01
9.991787e-01 3.456467e-02 -2.114633e-02 1.041181e+02 -3.483452e-02 9.993146e-01 -1.252853e-02 -8.573907e+00 2.069876e-02 1.325487e-02 9.996980e-01 3.815205e+01
9.991631e-01 -3.454223e-02 2.190709e-02 1.047431e+02 3.425968e-02 9.993265e-01 1.314437e-02 -8.620319e+00 -2.234634e-02 -1.238285e-02 9.996735e-01 3.824962e+01
9.991396e-01 3.642533e-02 -1.983219e-02 1.054017e+02 -3.667523e-02 9.992505e-01 -1.238645e-02 -8.669167e+00 1.936611e-02 1.310316e-02 9.997267e-01 3.827901e+01
9.992083e-01 -3.304873e-02 2.214677e-02 1.062167e+02 3.274487e-02 9.993664e-01 1.394544e-02 -8.728246e+00 -2.259359e-02 -1.320922e-02 9.996574e-01 3.834043e+01
9.992100e-01 3.391591e-02 -2.071446e-02 1.068330e+02 -3.419681e-02 9.993258e-01 -1.336026e-02 -8.777363e+00 2.024734e-02 1.405809e-02 9.996963e-01 3.855799e+01
9.991395e-01 -3.564977e-02 2.119842e-02 1.075651e+02 3.541140e-02 9.993065e-01 1.151580e-02 -8.835706e+00 -2.159422e-02 -1.075523e-02 9.997089e-01 3.874562e+01
9.991743e-01 3.562883e-02 -1.952620e-02 1.086098e+02 -3.584411e-02 9.992992e-01 -1.078839e-02 -8.919358e+00 1.912810e-02 1.147940e-02 9.997512e-01 3.902922e+01
9.990701e-01 -3.750929e-02 2.125776e-02 1.093673e+02 3.727497e-02 9.992410e-01 1.131373e-02 -8.983390e+00 -2.166597e-02 -1.051084e-02 9.997099e-01 3.942885e+01
9.991976e-01 3.417525e-02 -2.088425e-02 1.103985e+02 -3.439666e-02 9.993548e-01 -1.033613e-02 -9.066920e+00 2.051750e-02 1.104620e-02 9.997286e-01 3.976764e+01
9.992346e-01 -3.112403e-02 2.369813e-02 1.114925e+02 3.085911e-02 9.994580e-01 1.146407e-02 -9.150833e+00 -2.404206e-02 -1.072400e-02 9.996533e-01 4.012688e+01
9.992408e-01 3.207769e-02 -2.211094e-02 1.121541e+02 -3.232255e-02 9.994191e-01 -1.080699e-02 -9.204045e+00 2.175140e-02 1.151348e-02 9.996972e-01 4.040508e+01
9.991903e-01 -3.299631e-02 2.302119e-02 1.125779e+02 3.275068e-02 9.994034e-01 1.096686e-02 -9.241976e+00 -2.336929e-02 -1.020403e-02 9.996747e-01 4.066572e+01
9.992666e-01 3.121008e-02 -2.218486e-02 1.131818e+02 -3.144544e-02 9.994520e-01 -1.034075e-02 -9.293162e+00 2.184993e-02 1.103079e-02 9.997005e-01 4.091238e+01
9.992068e-01 -3.272048e-02 2.269650e-02 1.138523e+02 3.247851e-02 9.994125e-01 1.094913e-02 -9.346463e+00 -2.304139e-02 -1.020331e-02 9.996823e-01 4.114810e+01
9.992325e-01 3.250723e-02 -2.185841e-02 1.145325e+02 -3.274512e-02 9.994074e-01 -1.061441e-02 -9.400524e+00 2.150038e-02 1.132203e-02 9.997048e-01 4.136558e+01
9.991392e-01 -3.490360e-02 2.241828e-02 1.153793e+02 3.464788e-02 9.993311e-01 1.169594e-02 -9.468242e+00 -2.281148e-02 -1.090914e-02 9.996802e-01 4.144295e+01
9.991444e-01 3.566131e-02 -2.094730e-02 1.161655e+02 -3.589777e-02 9.992947e-01 -1.102275e-02 -9.528334e+00 2.053940e-02 1.176529e-02 9.997199e-01 4.162306e+01
9.990800e-01 -3.641247e-02 2.265453e-02 1.168288e+02 3.614994e-02 9.992756e-01 1.189246e-02 -9.579012e+00 -2.307112e-02 -1.106257e-02 9.996725e-01 4.175888e+01
9.991748e-01 3.398127e-02 -2.225020e-02 1.177230e+02 -3.422761e-02 9.993559e-01 -1.078524e-02 -9.650937e+00 2.186934e-02 1.153792e-02 9.996944e-01 4.190484e+01
9.992418e-01 -2.934433e-02 2.558711e-02 1.191602e+02 2.902633e-02 9.994978e-01 1.271271e-02 -9.757517e+00 -2.594727e-02 -1.196039e-02 9.995917e-01 4.217591e+01
9.992007e-01 3.352696e-02 -2.176978e-02 1.202179e+02 -3.378696e-02 9.993607e-01 -1.168715e-02 -9.840995e+00 2.136399e-02 1.241336e-02 9.996948e-01 4.245830e+01
9.991349e-01 -3.486608e-02 2.266683e-02 1.211855e+02 3.458544e-02 9.993216e-01 1.265745e-02 -9.913681e+00 -2.309273e-02 -1.186257e-02 9.996628e-01 4.261996e+01
