9.999987e-01 4.044241e-04 1.545374e-03 2.771368e-01 -4.048040e-04 9.999999e-01 2.455238e-04 -2.218148e-02 -1.545274e-03 -2.461496e-04 9.999989e-01 1.743801e-01
9.999998e-01 3.632080e-04 -4.953842e-04 6.417110e-01 -3.630165e-04 9.999999e-01 3.867345e-04 -5.053956e-02 4.955249e-04 -3.865540e-04 9.999997e-01 3.668664e-01
9.999987e-01 2.919131e-04 1.608634e-03 1.085070e+00 -2.926649e-04 9.999998e-01 4.670883e-04 -8.190921e-02 -1.608498e-03 -4.675591e-04 9.999987e-01 4.972628e-01
1.000000e+00 2.916294e-05 -1.909620e-04 1.489330e+00 -2.913289e-05 1.000000e+00 1.573014e-04 -1.124575e-01 1.909671e-04 -1.572951e-04 9.999999e-01 7.113325e-01
9.999988e-01 6.923718e-04 1.356727e-03 1.816734e+00 -6.924094e-04 9.999998e-01 2.724151e-05 -1.386509e-01 -1.356708e-03 -2.818163e-05 9.999992e-01 8.735649e-01
1.000000e+00 -2.642266e-04 1.080794e-04 2.044411e+00 2.642272e-04 1.000000e+00 -5.313163e-06 -1.571588e-01 -1.080772e-04 5.342456e-06 9.999999e-01 1.004474e+00
9.999989e-01 8.065261e-04 1.263970e-03 2.307940e+00 -8.065796e-04 9.999997e-01 4.180138e-05 -1.792649e-01 -1.263936e-03 -4.282156e-05 9.999993e-01 1.140261e+00
1.000000e+00 -1.728729e-04 7.897984e-05 2.597391e+00 1.728654e-04 1.000000e+00 9.606666e-05 -2.027252e-01 -7.899535e-05 -9.605226e-05 9.999999e-01 1.269074e+00
9.999989e-01 7.916786e-04 1.292186e-03 2.896042e+00 -7.917732e-04 9.999997e-01 7.274065e-05 -2.266316e-01 -1.292129e-03 -7.376445e-05 9.999993e-01 1.395230e+00
1.000000e+00 -5.055793e-05 2.023359e-04 3.187057e+00 5.056613e-05 1.000000e+00 -4.043565e-05 -2.508841e-01 -2.023325e-04 4.044665e-05 9.999999e-01 1.539974e+00
9.999994e-01 1.062464e-03 2.127453e-04 3.590139e+00 -1.062437e-03 9.999994e-01 -1.296936e-04 -2.842122e-01 -2.128844e-04 1.294667e-04 1.000000e+00 1.668432e+00
9.999504e-01 -8.965281e-03 4.341588e-03 3.958191e+00 8.962972e-03 9.999597e-01 5.509219e-04 -3.149579e-01 -4.346350e-03 -5.119803e-04 9.999903e-01 1.912587e+00
9.999143e-01 1.274299e-02 -2.985544e-03 4.162111e+00 -1.274454e-02 9.999187e-01 -5.011999e-04 -3.399794e-01 2.978912e-03 5.392056e-04 9.999955e-01 2.289737e+00
9.999131e-01 -1.235890e-02 4.591992e-03 4.384026e+00 1.235496e-02 9.999233e-01 8.859451e-04 -3.573007e-01 -4.602586e-03 -8.291334e-04 9.999890e-01 2.382436e+00
9.999090e-01 1.311400e-02 -3.168508e-03 4.656455e+00 -1.311606e-02 9.999138e-01 -6.305469e-04 -3.788043e-01 3.159964e-03 6.720469e-04 9.999949e-01 2.483896e+00
9.999128e-01 -1.247663e-02 4.328247e-03 5.026109e+00 1.247235e-02 9.999217e-01 1.013993e-03 -4.098078e-01 -4.340557e-03 -9.599203e-04 9.999900e-01 2.687822e+00
9.999045e-01 1.348890e-02 -2.993592e-03 5.536348e+00 -1.348931e-02 9.999090e-01 -1.154374e-04 -4.533444e-01 2.991760e-03 1.558068e-04 9.999956e-01 2.848055e+00
9.999066e-01 -1.269760e-02 5.064694e-03 6.595494e+00 1.268610e-02 9.999169e-01 2.295838e-03 -5.308009e-01 -5.093422e-03 -2.231371e-03 9.999844e-01 3.224283e+00
9.997991e-01 1.567866e-02 -1.248753e-02 7.741528e+00 -1.565761e-02 9.998758e-01 1.781537e-03 -6.100240e-01 1.251391e-02 -1.585656e-03 9.999205e-01 3.784816e+00
9.998009e-01 -1.472520e-02 1.346952e-02 8.206877e+00 1.474118e-02 9.998908e-01 -1.088366e-03 -6.455159e-01 -1.345202e-02 1.286707e-03 9.999086e-01 3.878126e+00
9.998020e-01 1.573382e-02 -1.218511e-02 8.765331e+00 -1.571081e-02 9.998746e-01 1.981339e-03 -6.874327e-01 1.221475e-02 -1.789510e-03 9.999239e-01 4.012347e+00
9.997976e-01 -1.485628e-02 1.356576e-02 9.229632e+00 1.487512e-02 9.998885e-01 -1.288381e-03 -7.237706e-01 -1.354511e-02 1.489914e-03 9.999071e-01 4.143932e+00
9.998049e-01 1.552936e-02 -1.220335e-02 9.639838e+00 -1.550756e-02 9.998780e-01 1.878764e-03 -7.556398e-01 1.223103e-02 -1.689155e-03 9.999239e-01 4.273841e+00
9.998052e-01 -1.465284e-02 1.322434e-02 1.005363e+01 1.466981e-02 9.998917e-01 -1.187000e-03 -7.882802e-01 -1.320551e-02 1.380769e-03 9.999118e-01 4.360320e+00
9.998112e-01 1.542977e-02 -1.180817e-02 1.046223e+01 -1.541011e-02 9.998797e-01 1.753610e-03 -8.204025e-01 1.183381e-02 -1.571316e-03 9.999288e-01 4.455546e+00
9.998118e-01 -1.454803e-02 1.283404e-02 1.084363e+01 1.456402e-02 9.998933e-01 -1.153533e-03 -8.511270e-01 -1.281589e-02 1.340234e-03 9.999169e-01 4.524238e+00
9.998110e-01 1.540132e-02 -1.186253e-02 1.128068e+01 -1.538106e-02 9.998801e-01 1.797229e-03 -8.851413e-01 1.188878e-02 -1.614433e-03 9.999281e-01 4.593017e+00
9.998131e-01 -1.444300e-02 1.285357e-02 1.174166e+01 1.445754e-02 9.998949e-01 -1.038611e-03 -9.213954e-01 -1.283721e-02 1.224249e-03 9.999168e-01 4.693339e+00
9.998132e-01 1.527769e-02 -1.183667e-02 1.220805e+01 -1.525731e-02 9.998820e-01 1.810432e-03 -9.570013e-01 1.186293e-02 -1.629500e-03 9.999284e-01 4.783473e+00
9.998146e-01 -1.444372e-02 1.273609e-02 1.262995e+01 1.445904e-02 9.998948e-01 -1.111488e-03 -9.906517e-01 -1.271870e-02 1.295436e-03 9.999182e-01 4.875320e+00
9.998162e-01 1.530765e-02 -1.153917e-02 1.302211e+01 -1.528981e-02 9.998818e-01 1.632142e-03 -1.021193e+00 1.156279e-02 -1.455412e-03 9.999322e-01 4.952539e+00
9.998129e-01 -1.448062e-02 1.282378e-02 1.339639e+01 1.449682e-02 9.998942e-01 -1.171444e-03 -1.051520e+00 -1.280546e-02 1.357131e-03 9.999170e-01 5.078609e+00
9.998165e-01 1.522850e-02 -1.161975e-02 1.375565e+01 -1.521053e-02 9.998830e-01 1.633632e-03 -1.080391e+00 1.164327e-02 -1.456592e-03 9.999313e-01 5.179280e+00
9.998108e-01 -1.457786e-02 1.287872e-02 1.409619e+01 1.459414e-02 9.998928e-01 -1.170647e-03 -1.107942e+00 -1.286027e-02 1.358381e-03 9.999163e-01 5.273883e+00
9.998167e-01 1.538634e-02 -1.139701e-02 1.447951e+01 -1.536951e-02 9.998807e-01 1.563188e-03 -1.139039e+00 1.141970e-02 -1.387738e-03 9.999339e-01 5.435362e+00
9.998167e-01 -1.460139e-02 1.238576e-02 1.487457e+01 1.461541e-02 9.998926e-01 -1.042514e-03 -1.172651e+00 -1.236920e-02 1.223348e-03 9.999227e-01 5.594941e+00
9.998182e-01 1.543188e-02 -1.119580e-02 1.533356e+01 -1.541341e-02 9.998797e-01 1.734131e-03 -1.206789e+00 1.122121e-02 -1.561253e-03 9.999359e-01 5.687054e+00
9.998167e-01 -1.454475e-02 1.245033e-02 1.574745e+01 1.456085e-02 9.998933e-01 -1.203656e-03 -1.239325e+00 -1.243149e-02 1.384725e-03 9.999217e-01 5.825985e+00
9.998195e-01 1.528841e-02 -1.127722e-02 1.616330e+01 -1.526936e-02 9.998818e-01 1.773631e-03 -1.272415e+00 1.130300e-02 -1.601118e-03 9.999349e-01 5.967504e+00
9.998152e-01 -1.433082e-02 1.281622e-02 1.655947e+01 1.434870e-02 9.998962e-01 -1.304503e-03 -1.303875e+00 -1.279619e-02 1.488161e-03 9.999169e-01 6.128299e+00
9.998204e-01 1.500478e-02 -1.158019e-02 1.688594e+01 -1.498706e-02 9.998864e-01 1.615847e-03 -1.330322e+00 1.160312e-02 -1.442006e-03 9.999317e-01 6.213063e+00
9.998181e-01 -1.399984e-02 1.295429e-02 1.724524e+01 1.401460e-02 9.999012e-01 -1.049106e-03 -1.357455e+00 -1.293832e-02 1.230467e-03 9.999154e-01 6.246037e+00
9.998180e-01 1.484962e-02 -1.197588e-02 1.765962e+01 -1.483166e-02 9.998887e-01 1.586756e-03 -1.388995e+00 1.199811e-02 -1.408847e-03 9.999271e-01 6.297997e+00
9.998171e-01 -1.389501e-02 1.313803e-02 1.809946e+01 1.390740e-02 9.999029e-01 -8.526329e-04 -1.422365e+00 -1.312490e-02 1.035195e-03 9.999132e-01 6.388223e+00
9.998249e-01 1.452058e-02 -1.180388e-02 1.845442e+01 -1.450584e-02 9.998939e-01 1.333382e-03 -1.451364e+00 1.182199e-02 -1.161926e-03 9.999295e-01 6.527126e+00
9.998161e-01 -1.385986e-02 1.325722e-02 1.873383e+01 1.387484e-02 9.999032e-01 -1.038333e-03 -1.474396e+00 -1.324154e-02 1.222087e-03 9.999115e-01 6.611452e+00
9.998309e-01 1.439239e-02 -1.144544e-02 1.896128e+01 -1.437907e-02 9.998958e-01 1.244715e-03 -1.493060e+00 1.146216e-02 -1.079933e-03 9.999338e-01 6.697760e+00
9.998270e-01 -1.370390e-02 1.257730e-02 1.928874e+01 1.371473e-02 9.999056e-01 -7.753850e-04 -1.518743e+00 -1.256548e-02 9.477478e-04 9.999205e-01 6.758310e+00
9.998328e-01 1.453900e-02 -1.108664e-02 1.965225e+01 -1.452716e-02 9.998938e-01 1.147969e-03 -1.547800e+00 1.110215e-02 -9.867223e-04 9.999380e-01 6.858062e+00
9.998264e-01 -1.388724e-02 1.242340e-02 1.994208e+01 1.389758e-02 9.999031e-01 -7.468295e-04 -1.572336e+00 -1.241182e-02 9.193577e-04 9.999224e-01 6.975283e+00
9.998288e-01 1.464117e-02 -1.131370e-02 2.027279e+01 -1.462909e-02 9.998923e-01 1.149583e-03 -1.599323e+00 1.132931e-02 -9.838798e-04 9.999354e-01 7.055648e+00
9.998223e-01 -1.377035e-02 1.287636e-02 2.046923e+01 1.378265e-02 9.999046e-01 -8.670323e-04 -1.618047e+00 -1.286319e-02 1.044351e-03 9.999166e-01 7.094716e+00
9.998287e-01 1.526785e-02 -1.046448e-02 2.079135e+01 -1.525423e-02 9.998827e-01 1.379578e-03 -1.644916e+00 1.048431e-02 -1.219717e-03 9.999444e-01 7.269551e+00
9.997045e-01 -1.965459e-02 1.430440e-02 2.103521e+01 1.966872e-02 9.998062e-01 -8.482611e-04 -1.671648e+00 -1.428495e-02 1.129363e-03 9.998972e-01 7.509670e+00
9.997042e-01 2.053161e-02 -1.303474e-02 2.130230e+01 -2.051201e-02 9.997883e-01 1.635824e-03 -1.695198e+00 1.306556e-02 -1.367974e-03 9.999138e-01 7.487693e+00
9.997149e-01 -1.787674e-02 1.582582e-02 2.181405e+01 1.788774e-02 9.998398e-01 -5.540765e-04 -1.733400e+00 -1.581338e-02 8.370098e-04 9.998745e-01 7.618037e+00
9.997191e-01 1.827078e-02 -1.509800e-02 2.219431e+01 -1.824826e-02 9.998322e-01 1.627917e-03 -1.765397e+00 1.512521e-02 -1.351951e-03 9.998848e-01 7.932861e+00
9.997008e-01 -1.780250e-02 1.677732e-02 2.246994e+01 1.782422e-02 9.998405e-01 -1.146010e-03 -1.791323e+00 -1.675423e-02 1.444713e-03 9.998585e-01 8.216650e+00
9.997019e-01 1.877320e-02 -1.561107e-02 2.276255e+01 -1.875125e-02 9.998230e-01 1.551673e-03 -1.816871e+00 1.563743e-02 -1.258487e-03 9.998770e-01 8.374959e+00
9.996958e-01 -1.817622e-02 1.667046e-02 2.300739e+01 1.819661e-02 9.998339e-01 -1.072314e-03 -1.837043e+00 -1.664819e-02 1.375337e-03 9.998604e-01 8.462205e+00
9.997072e-01 1.875034e-02 -1.529262e-02 2.327609e+01 -1.872871e-02 9.998234e-01 1.556404e-03 -1.857812e+00 1.531909e-02 -1.269540e-03 9.998819e-01 8.522825e+00
9.996912e-01 -1.822874e-02 1.688581e-02 2.351733e+01 1.825153e-02 9.998327e-01 -1.196436e-03 -1.876963e+00 -1.686117e-02 1.504261e-03 9.998566e-01 8.574599e+00
9.996988e-01 1.886136e-02 -1.570278e-02 2.377396e+01 -1.884021e-02 9.998214e-01 1.494041e-03 -1.898581e+00 1.572815e-02 -1.197750e-03 9.998757e-01 8.628093e+00
9.996900e-01 -1.825786e-02 1.692979e-02 2.405585e+01 1.827925e-02 9.998323e-01 -1.109530e-03 -1.920295e+00 -1.690669e-02 1.418654e-03 9.998560e-01 8.700526e+00
9.996998e-01 1.884480e-02 -1.565925e-02 2.433141e+01 -1.882302e-02 9.998216e-01 1.536989e-03 -1.941822e+00 1.568542e-02 -1.241776e-03 9.998763e-01 8.794594e+00
9.996955e-01 -1.808584e-02 1.678620e-02 2.472812e+01 1.810460e-02 9.998356e-01 -9.667463e-04 -1.972905e+00 -1.676595e-02 1.270363e-03 9.998585e-01 8.890818e+00
9.996912e-01 1.903950e-02 -1.596720e-02 2.533986e+01 -1.900874e-02 9.998172e-01 2.076149e-03 -2.019620e+00 1.600380e-02 -1.771995e-03 9.998705e-01 9.074870e+00
9.997000e-01 -1.798862e-02 1.662181e-02 2.608512e+01 1.800196e-02 9.998377e-01 -6.532177e-04 -2.076458e+00 -1.660735e-02 9.522503e-04 9.998615e-01 9.272056e+00
9.996893e-01 1.922393e-02 -1.586814e-02 2.681030e+01 -1.919689e-02 9.998140e-01 1.854601e-03 -2.133235e+00 1.590083e-02 -1.549410e-03 9.998725e-01 9.544242e+00
9.997030e-01 -1.807028e-02 1.635327e-02 2.757002e+01 1.808071e-02 9.998364e-01 -4.901961e-04 -2.192086e+00 -1.634172e-02 7.857327e-04 9.998661e-01 9.813782e+00
9.996932e-01 1.921400e-02 -1.562851e-02 2.834624e+01 -1.918670e-02 9.998141e-01 1.894793e-03 -2.252106e+00 1.566200e-02 -1.594356e-03 9.998762e-01 1.011142e+01
9.997067e-01 -1.816114e-02 1.602249e-02 2.907432e+01 1.817250e-02 9.998347e-01 -5.635807e-04 -2.309792e+00 -1.600960e-02 8.545880e-04 9.998714e-01 1.040628e+01
9.996867e-01 1.946278e-02 -1.573699e-02 2.978072e+01 -1.943501e-02 9.998093e-01 1.915795e-03 -2.366955e+00 1.577126e-02 -1.609350e-03 9.998744e-01 1.073479e+01
9.997016e-01 -1.828533e-02 1.619904e-02 3.057489e+01 1.829305e-02 9.998326e-01 -3.280324e-04 -2.430305e+00 -1.619032e-02 6.242683e-04 9.998686e-01 1.109097e+01
9.996270e-01 2.409698e-02 -1.285497e-02 3.131803e+01 -2.408684e-02 9.997094e-01 9.426792e-04 -2.491102e+00 1.287394e-02 -6.326961e-04 9.999170e-01 1.149582e+01
9.998208e-01 -1.332089e-02 1.345011e-02 3.239902e+01 1.332177e-02 9.999113e-01 2.470484e-05 -2.574744e+00 -1.344924e-02 1.544831e-04 9.999094e-01 1.208472e+01
9.998151e-01 1.437641e-02 -1.276978e-02 3.301216e+01 -1.436653e-02 9.998964e-01 8.649919e-04 -2.622386e+00 1.278089e-02 -6.813789e-04 9.999182e-01 1.228745e+01
9.998168e-01 -1.326816e-02 1.379766e-02 3.373074e+01 1.326531e-02 9.999120e-01 2.985289e-04 -2.678340e+00 -1.380039e-02 -1.154397e-04 9.999047e-01 1.255544e+01
9.998071e-01 1.413191e-02 -1.364027e-02 3.440083e+01 -1.412188e-02 9.998999e-01 8.314226e-04 -2.730030e+00 1.365065e-02 -6.386405e-04 9.999067e-01 1.280148e+01
9.998073e-01 -1.317232e-02 1.455435e-02 3.503077e+01 1.317225e-02 9.999132e-01 1.013189e-04 -2.778607e+00 -1.455441e-02 9.041869e-05 9.998940e-01 1.298179e+01
9.997913e-01 1.532011e-02 -1.351241e-02 3.552097e+01 -1.531528e-02 9.998826e-01 4.610733e-04 -2.816404e+00 1.351788e-02 -2.540355e-04 9.999087e-01 1.314199e+01
9.997823e-01 -1.474221e-02 1.476436e-02 3.590920e+01 1.474164e-02 9.998913e-01 1.473656e-04 -2.845529e+00 -1.476492e-02 7.032199e-05 9.998909e-01 1.318250e+01
9.997824e-01 1.573562e-02 -1.369164e-02 3.635925e+01 -1.572957e-02 9.998761e-01 5.492718e-04 -2.879245e+00 1.369858e-02 -3.337936e-04 9.999062e-01 1.326531e+01
9.997791e-01 -1.497226e-02 1.474821e-02 3.674990e+01 1.497244e-02 9.998879e-01 9.815129e-05 -2.908928e+00 -1.474802e-02 1.226918e-04 9.998911e-01 1.333191e+01
9.997818e-01 1.583143e-02 -1.362689e-02 3.698846e+01 -1.583194e-02 9.998747e-01 7.099563e-05 -2.930374e+00 1.362629e-02 1.447550e-04 9.999072e-01 1.338771e+01
9.997875e-01 -1.486534e-02 1.428082e-02 3.726689e+01 1.486494e-02 9.998895e-01 1.341394e-04 -2.953112e+00 -1.428123e-02 7.817751e-05 9.998979e-01 1.353248e+01
9.997717e-01 1.573293e-02 -1.445533e-02 3.767974e+01 -1.573056e-02 9.998762e-01 2.776793e-04 -2.986983e+00 1.445790e-02 -5.023042e-05 9.998956e-01 1.375414e+01
9.997842e-01 -1.437300e-02 1.500098e-02 3.808573e+01 1.437089e-02 9.998967e-01 2.483203e-04 -3.021042e+00 -1.500299e-02 -3.268447e-05 9.998873e-01 1.397668e+01
9.997847e-01 1.510528e-02 -1.422507e-02 3.849639e+01 -1.509939e-02 9.998859e-01 5.214529e-04 -3.054093e+00 1.423131e-02 -3.065559e-04 9.998988e-01 1.421756e+01
9.997799e-01 -1.446951e-02 1.518979e-02 3.882793e+01 1.447123e-02 9.998953e-01 -2.883400e-06 -3.083007e+00 -1.518815e-02 2.227025e-04 9.998845e-01 1.444772e+01
9.997871e-01 1.519595e-02 -1.396129e-02 3.915653e+01 -1.519329e-02 9.998845e-01 2.969138e-04 -3.110934e+00 1.396418e-02 -8.473770e-05 9.999026e-01 1.461511e+01
9.997789e-01 -1.446060e-02 1.526551e-02 3.956196e+01 1.445893e-02 9.998954e-01 2.198807e-04 -3.142900e+00 -1.526708e-02 8.957493e-07 9.998834e-01 1.477464e+01
9.997866e-01 1.519138e-02 -1.399722e-02 3.992903e+01 -1.518970e-02 9.998846e-01 2.261932e-04 -3.172793e+00 1.399903e-02 -1.353651e-05 9.999021e-01 1.493052e+01
9.997795e-01 -1.446767e-02 1.522072e-02 4.024559e+01 1.446757e-02 9.998953e-01 1.165183e-04 -3.198711e+00 -1.522080e-02 1.037191e-04 9.998841e-01 1.507456e+01
9.997831e-01 1.537529e-02 -1.405165e-02 4.064964e+01 -1.537186e-02 9.998818e-01 3.520580e-04 -3.230697e+00 1.405539e-02 -1.359869e-04 9.999013e-01 1.515723e+01
9.997782e-01 -1.438143e-02 1.538778e-02 4.107305e+01 1.437993e-02 9.998966e-01 2.077183e-04 -3.263810e+00 -1.538917e-02 1.360814e-05 9.998815e-01 1.526499e+01
9.997845e-01 1.515822e-02 -1.418314e-02 4.152902e+01 -1.515315e-02 9.998851e-01 4.648943e-04 -3.297812e+00 1.418854e-02 -2.498801e-04 9.998994e-01 1.532877e+01
9.997806e-01 -1.427780e-02 1.532888e-02 4.208802e+01 1.427179e-02 9.998980e-01 5.010986e-04 -3.338814e+00 -1.533446e-02 -2.822129e-04 9.998823e-01 1.546484e+01
9.997718e-01 1.495043e-02 -1.525952e-02 4.258446e+01 -1.494602e-02 9.998882e-01 4.029515e-04 -3.378132e+00 1.526383e-02 -1.747958e-04 9.998836e-01 1.567161e+01
9.997533e-01 -1.450390e-02 1.682157e-02 4.283188e+01 1.450800e-02 9.998947e-01 -1.217776e-04 -3.399023e+00 -1.681803e-02 3.658002e-04 9.998584e-01 1.577605e+01
9.997688e-01 1.494306e-02 -1.545853e-02 4.302753e+01 -1.493886e-02 9.998883e-01 3.870883e-04 -3.415446e+00 1.546257e-02 -1.560714e-04 9.998805e-01 1.585998e+01
9.997488e-01 -1.449694e-02 1.709250e-02 4.324938e+01 1.450267e-02 9.998948e-01 -2.111090e-04 -3.434519e+00 -1.708763e-02 4.589482e-04 9.998538e-01 1.598181e+01
9.997616e-01 1.511145e-02 -1.576162e-02 4.355883e+01 -1.510279e-02 9.998857e-01 6.684451e-04 -3.457715e+00 1.576991e-02 -4.302469e-04 9.998757e-01 1.603626e+01
9.997505e-01 -1.440169e-02 1.707694e-02 4.409804e+01 1.440213e-02 9.998963e-01 9.739109e-05 -3.496914e+00 -1.707656e-02 1.485829e-04 9.998541e-01 1.605616e+01
9.997567e-01 1.521042e-02 -1.597464e-02 4.462056e+01 -1.519802e-02 9.998841e-01 8.968855e-04 -3.536552e+00 1.598642e-02 -6.538899e-04 9.998721e-01 1.618645e+01
9.997614e-01 -1.466318e-02 1.619068e-02 4.506359e+01 1.466531e-02 9.998925e-01 -1.244948e-05 -3.571480e+00 -1.618875e-02 2.498933e-04 9.998688e-01 1.633398e+01
9.997736e-01 1.505291e-02 -1.503982e-02 4.546917e+01 -1.504269e-02 9.998865e-01 7.922263e-04 -3.603019e+00 1.505002e-02 -5.658133e-04 9.998867e-01 1.647897e+01
9.998059e-01 -1.441774e-02 1.342395e-02 4.584751e+01 1.440795e-02 9.998959e-01 8.256250e-04 -3.628652e+00 -1.343445e-02 -6.320475e-04 9.999095e-01 1.655323e+01
9.998128e-01 1.506047e-02 -1.214337e-02 4.624475e+01 -1.506171e-02 9.998866e-01 -1.063665e-05 -3.656757e+00 1.214182e-02 1.935286e-04 9.999264e-01 1.650410e+01
9.998105e-01 -1.445641e-02 1.303479e-02 4.670952e+01 1.444782e-02 9.998953e-01 7.534125e-04 -3.690457e+00 -1.304431e-02 -5.649397e-04 9.999147e-01 1.647497e+01
9.998111e-01 1.492263e-02 -1.245191e-02 4.718380e+01 -1.492234e-02 9.998886e-01 1.161365e-04 -3.723478e+00 1.245225e-02 6.969109e-05 9.999226e-01 1.642196e+01
9.998181e-01 -1.453763e-02 1.234492e-02 4.761963e+01 1.452809e-02 9.998941e-01 8.618648e-04 -3.754636e+00 -1.235613e-02 -6.823539e-04 9.999233e-01 1.638121e+01
9.998294e-01 1.500257e-02 -1.077143e-02 4.798468e+01 -1.500208e-02 9.998875e-01 1.258385e-04 -3.778202e+00 1.077209e-02 3.577065e-05 9.999421e-01 1.638590e+01
9.998208e-01 -1.457395e-02 1.207866e-02 4.827235e+01 1.457238e-02 9.998938e-01 2.179326e-04 -3.800313e+00 -1.208054e-02 -4.187256e-05 9.999269e-01 1.642098e+01
9.998299e-01 1.502880e-02 -1.069402e-02 4.860373e+01 -1.502567e-02 9.998870e-01 3.730027e-04 -3.824909e+00 1.069840e-02 -2.122607e-04 9.999428e-01 1.646990e+01
9.998190e-01 -1.460610e-02 1.218776e-02 4.888460e+01 1.460751e-02 9.998933e-01 -2.649781e-05 -3.846408e+00 -1.218606e-02 2.045319e-04 9.999256e-01 1.652524e+01
9.998280e-01 1.510802e-02 -1.075567e-02 4.915073e+01 -1.510553e-02 9.998859e-01 3.124229e-04 -3.866296e+00 1.075915e-02 -1.499054e-04 9.999422e-01 1.657194e+01
9.998205e-01 -1.457996e-02 1.209617e-02 4.945922e+01 1.458081e-02 9.998937e-01 1.769826e-05 -3.889730e+00 -1.209513e-02 1.586830e-04 9.999267e-01 1.657487e+01
9.998341e-01 1.470777e-02 -1.074197e-02 4.988353e+01 -1.469647e-02 9.998914e-01 1.129802e-03 -3.917585e+00 1.075740e-02 -9.717517e-04 9.999418e-01 1.658865e+01
9.998441e-01 -1.432993e-02 1.031794e-02 5.031104e+01 1.432869e-02 9.998973e-01 1.941956e-04 -3.945344e+00 -1.031965e-02 -4.631640e-05 9.999467e-01 1.662695e+01
9.998501e-01 1.481732e-02 -8.958169e-03 5.064992e+01 -1.481604e-02 9.998902e-01 2.086166e-04 -3.970596e+00 8.960263e-03 -7.586730e-05 9.999600e-01 1.669633e+01
9.998487e-01 -1.410150e-02 1.018613e-02 5.097162e+01 1.410201e-02 9.999006e-01 2.186360e-05 -3.994784e+00 -1.018541e-02 1.217911e-04 9.999480e-01 1.672490e+01
9.998517e-01 1.475585e-02 -8.874896e-03 5.130498e+01 -1.475444e-02 9.998911e-01 2.245679e-04 -4.018968e+00 8.877230e-03 -9.359709e-05 9.999607e-01 1.674678e+01
9.998477e-01 -1.423133e-02 1.010499e-02 5.159527e+01 1.423144e-02 9.998987e-01 6.140340e-05 -4.039920e+00 -1.010482e-02 8.242093e-05 9.999488e-01 1.675894e+01
9.998506e-01 1.489421e-02 -8.770003e-03 5.190042e+01 -1.489315e-02 9.998891e-01 1.857398e-04 -4.062260e+00 8.771783e-03 -5.510578e-05 9.999616e-01 1.678683e+01
9.998505e-01 -1.408781e-02 1.002523e-02 5.235847e+01 1.408503e-02 9.999007e-01 3.485395e-04 -4.096209e+00 -1.002913e-02 -2.072752e-04 9.999496e-01 1.686642e+01
9.998467e-01 1.492027e-02 -9.157796e-03 5.291687e+01 -1.491705e-02 9.998886e-01 4.200631e-04 -4.140346e+00 9.163030e-03 -2.833983e-04 9.999581e-01 1.706247e+01
9.998536e-01 -1.396647e-02 9.889093e-03 5.348146e+01 1.396359e-02 9.999024e-01 3.604637e-04 -4.185781e+00 -9.893149e-03 -2.223171e-04 9.999509e-01 1.727246e+01
9.998444e-01 1.501538e-02 -9.258620e-03 5.408131e+01 -1.501029e-02 9.998871e-01 6.192239e-04 -4.232203e+00 9.266859e-03 -4.801600e-04 9.999570e-01 1.751673e+01
9.998472e-01 -1.419472e-02 1.020567e-02 5.454263e+01 1.419527e-02 9.998992e-01 1.841692e-05 -4.270216e+00 -1.020489e-02 1.264649e-04 9.999478e-01 1.770893e+01
9.998527e-01 1.477479e-02 -8.732430e-03 5.485001e+01 -1.477270e-02 9.998908e-01 3.035513e-04 -4.294188e+00 8.735947e-03 -1.745120e-04 9.999619e-01 1.778993e+01
9.998488e-01 -1.406808e-02 1.022000e-02 5.518469e+01 1.406925e-02 9.999010e-01 -4.255761e-05 -4.320153e+00 -1.021837e-02 1.863457e-04 9.999477e-01 1.787826e+01
9.998515e-01 1.473054e-02 -8.947343e-03 5.549297e+01 -1.472872e-02 9.998915e-01 2.691745e-04 -4.345136e+00 8.950323e-03 -1.373587e-04 9.999600e-01 1.797906e+01
9.998535e-01 -1.389830e-02 9.986309e-03 5.586382e+01 1.389828e-02 9.999034e-01 7.144820e-05 -4.374247e+00 -9.986322e-03 6.736163e-05 9.999500e-01 1.803995e+01
9.998541e-01 1.481025e-02 -8.513500e-03 5.631458e+01 -1.480709e-02 9.998903e-01 4.346948e-04 -4.407828e+00 8.518989e-03 -3.085783e-04 9.999638e-01 1.814475e+01
9.998573e-01 -1.384050e-02 9.690801e-03 5.679716e+01 1.383909e-02 9.999042e-01 2.129365e-04 -4.445567e+00 -9.692805e-03 -7.878726e-05 9.999529e-01 1.827885e+01
9.998538e-01 1.462166e-02 -8.862551e-03 5.735786e+01 -1.461624e-02 9.998929e-01 6.763410e-04 -4.487895e+00 8.871476e-03 -5.467122e-04 9.999606e-01 1.841596e+01
9.998550e-01 -1.390406e-02 9.832533e-03 5.774633e+01 1.390676e-02 9.999033e-01 -2.057948e-04 -4.517872e+00 -9.828706e-03 3.425107e-04 9.999515e-01 1.842089e+01
9.998475e-01 1.505709e-02 -8.850403e-03 5.828326e+01 -1.505009e-02 9.998864e-01 8.574893e-04 -4.559329e+00 8.862293e-03 -7.241665e-04 9.999606e-01 1.855952e+01
9.998645e-01 -1.372129e-02 9.096730e-03 5.899300e+01 1.371793e-02 9.999058e-01 4.317534e-04 -4.617702e+00 -9.101782e-03 -3.068993e-04 9.999584e-01 1.897349e+01
9.998520e-01 1.488743e-02 -8.623858e-03 5.979234e+01 -1.487880e-02 9.998887e-01 1.063813e-03 -4.685038e+00 8.638721e-03 -9.353503e-04 9.999623e-01 1.945671e+01
9.998604e-01 -1.355372e-02 9.774337e-03 6.057245e+01 1.355059e-02 9.999081e-01 3.861495e-04 -4.752423e+00 -9.778657e-03 -2.536400e-04 9.999521e-01 1.992974e+01
9.998161e-01 1.665732e-02 -9.506909e-03 6.153625e+01 -1.664802e-02 9.998609e-01 1.055792e-03 -4.830606e+00 9.523158e-03 -8.973341e-04 9.999544e-01 2.068999e+01
9.998292e-01 -1.557064e-02 9.952056e-03 6.228979e+01 1.556887e-02 9.998788e-01 2.549712e-04 -4.894356e+00 -9.954804e-03 -9.997753e-05 9.999503e-01 2.109438e+01
9.998161e-01 1.598480e-02 -1.059378e-02 6.308948e+01 -1.596947e-02 9.998713e-01 1.530248e-03 -4.953714e+00 1.061686e-02 -1.360798e-03 9.999428e-01 2.135041e+01
9.998271e-01 -1.451625e-02 1.161885e-02 6.368356e+01 1.451964e-02 9.998946e-01 -2.073229e-04 -5.003405e+00 -1.161460e-02 3.759966e-04 9.999324e-01 2.172017e+01
9.998012e-01 1.603702e-02 -1.185009e-02 6.411652e+01 -1.602403e-02 9.998709e-01 1.189915e-03 -5.041765e+00 1.186763e-02 -9.998001e-04 9.999292e-01 2.198598e+01
9.998070e-01 -1.506247e-02 1.261658e-02 6.483258e+01 1.506162e-02 9.998866e-01 1.619273e-04 -5.100118e+00 -1.261757e-02 2.813832e-05 9.999203e-01 2.229908e+01
9.997778e-01 1.793733e-02 -1.106989e-02 6.568410e+01 -1.792820e-02 9.998389e-01 9.233863e-04 -5.168071e+00 1.108465e-02 -7.247267e-04 9.999384e-01 2.276231e+01
9.998118e-01 -1.465337e-02 1.271707e-02 6.649169e+01 1.465452e-02 9.998926e-01 2.599742e-06 -5.236534e+00 -1.271573e-02 1.837719e-04 9.999190e-01 2.331649e+01
9.998063e-01 1.587532e-02 -1.163465e-02 6.717494e+01 -1.586494e-02 9.998737e-01 9.839002e-04 -5.291773e+00 1.164879e-02 -7.991354e-04 9.999319e-01 2.357846e+01
9.998208e-01 -1.372298e-02 1.304023e-02 6.790273e+01 1.372538e-02 9.999058e-01 -9.489069e-05 -5.351605e+00 -1.303769e-02 2.738646e-04 9.999149e-01 2.395323e+01
9.998128e-01 1.519901e-02 -1.197286e-02 6.858399e+01 -1.518852e-02 9.998842e-01 9.665432e-04 -5.410237e+00 1.198615e-02 -7.845213e-04 9.999280e-01 2.438878e+01
9.998237e-01 -1.390154e-02 1.262215e-02 6.928774e+01 1.389998e-02 9.999034e-01 2.106113e-04 -5.467726e+00 -1.262385e-02 -3.511753e-05 9.999202e-01 2.477429e+01
9.998108e-01 1.532225e-02 -1.197932e-02 7.000676e+01 -1.531209e-02 9.998823e-01 9.391370e-04 -5.525416e+00 1.199229e-02 -7.555401e-04 9.999279e-01 2.505566e+01
9.998147e-01 -1.436788e-02 1.281497e-02 7.067654e+01 1.436686e-02 9.998968e-01 1.713690e-04 -5.576882e+00 -1.281610e-02 1.278284e-05 9.999178e-01 2.528131e+01
9.998013e-01 1.527775e-02 -1.280063e-02 7.130670e+01 -1.526774e-02 9.998831e-01 8.797433e-04 -5.625973e+00 1.281256e-02 -6.841412e-04 9.999178e-01 2.549140e+01
9.998176e-01 -1.441482e-02 1.252877e-02 7.190482e+01 1.441425e-02 9.998961e-01 1.354069e-04 -5.672560e+00 -1.252941e-02 4.521996e-05 9.999214e-01 2.566180e+01
9.998083e-01 1.551432e-02 -1.194072e-02 7.246442e+01 -1.550699e-02 9.998795e-01 7.060187e-04 -5.717167e+00 1.195022e-02 -5.207283e-04 9.999286e-01 2.588749e+01
9.998231e-01 -1.428913e-02 1.223330e-02 7.315518e+01 1.428566e-02 9.998979e-01 3.714090e-04 -5.772851e+00 -1.223735e-02 -1.965731e-04 9.999250e-01 2.618549e+01
9.998109e-01 1.539603e-02 -1.188084e-02 7.389486e+01 -1.538637e-02 9.998812e-01 9.036927e-04 -5.832545e+00 1.189333e-02 -7.207286e-04 9.999291e-01 2.653827e+01
9.998251e-01 -1.418355e-02 1.218912e-02 7.459423e+01 1.418155e-02 9.998994e-01 2.505183e-04 -5.890278e+00 -1.219143e-02 -7.760419e-05 9.999256e-01 2.689561e+01
9.998058e-01 1.551755e-02 -1.214632e-02 7.547162e+01 -1.550140e-02 9.998788e-01 1.422395e-03 -5.958778e+00 1.216691e-02 -1.233843e-03 9.999253e-01 2.714557e+01
9.998274e-01 -1.399756e-02 1.221966e-02 7.630402e+01 1.399571e-02 9.999020e-01 2.370304e-04 -6.025687e+00 -1.222176e-02 -6.595670e-05 9.999252e-01 2.754688e+01
9.998187e-01 1.506178e-02 -1.164698e-02 7.706138e+01 -1.505139e-02 9.998862e-01 9.798341e-04 -6.087973e+00 1.166040e-02 -8.043636e-04 9.999318e-01 2.794077e+01
9.998266e-01 -1.409788e-02 1.216552e-02 7.773038e+01 1.409601e-02 9.999006e-01 2.392927e-04 -6.141564e+00 -1.216767e-02 -6.775563e-05 9.999259e-01 2.824581e+01
9.998201e-01 1.503660e-02 -1.156276e-02 7.834772e+01 -1.502868e-02 9.998868e-01 7.717877e-04 -6.190121e+00 1.157304e-02 -5.978863e-04 9.999330e-01 2.850990e+01
9.998289e-01 -1.400009e-02 1.209211e-02 7.890107e+01 1.400032e-02 9.999020e-01 6.518133e-05 -6.236710e+00 -1.209182e-02 1.041337e-04 9.999268e-01 2.880100e+01
9.998174e-01 1.516293e-02 -1.162920e-02 7.949484e+01 -1.515414e-02 9.998848e-01 8.433522e-04 -6.286150e+00 1.164063e-02 -6.669784e-04 9.999321e-01 2.911482e+01
9.998254e-01 -1.418091e-02 1.216590e-02 8.016178e+01 1.417875e-02 9.998994e-01 2.635967e-04 -6.341082e+00 -1.216840e-02 -9.104281e-05 9.999259e-01 2.950071e+01
9.998142e-01 1.521756e-02 -1.182841e-02 8.080086e+01 -1.520800e-02 9.998839e-01 8.977635e-04 -6.395628e+00 1.184068e-02 -7.177212e-04 9.999297e-01 2.989988e+01
9.998268e-01 -1.396594e-02 1.229775e-02 8.147527e+01 1.396484e-02 9.999025e-01 1.750260e-04 -6.451846e+00 -1.229898e-02 -3.248857e-06 9.999243e-01 3.029283e+01
9.998136e-01 1.507975e-02 -1.205282e-02 8.222915e+01 -1.506708e-02 9.998858e-01 1.141400e-03 -6.515628e+00 1.206864e-02 -9.595980e-04 9.999268e-01 3.072488e+01
9.998237e-01 -1.394212e-02 1.257333e-02 8.293870e+01 1.394182e-02 9.999028e-01 1.115829e-04 -6.575025e+00 -1.257365e-02 6.374295e-05 9.999208e-01 3.112303e+01
9.998141e-01 1.498332e-02 -1.213209e-02 8.364991e+01 -1.496999e-02 9.998872e-01 1.188474e-03 -6.634669e+00 1.214851e-02 -1.006648e-03 9.999258e-01 3.155667e+01
9.998411e-01 -1.249786e-02 1.270773e-02 8.445853e+01 1.248899e-02 9.999217e-01 7.764171e-04 -6.702431e+00 -1.271642e-02 -6.175757e-04 9.999189e-01 3.220053e+01
9.999274e-01 8.706245e-03 -8.326507e-03 8.524578e+01 -8.710399e-03 9.999620e-01 -4.628918e-04 -6.772720e+00 8.322143e-03 5.353739e-04 9.999653e-01 3.282772e+01
9.999182e-01 -8.088928e-03 9.906005e-03 8.553607e+01 8.082887e-03 9.999671e-01 6.496997e-04 -6.799073e+00 -9.910917e-03 -5.695661e-04 9.999506e-01 3.305557e+01
9.999249e-01 8.798749e-03 -8.532168e-03 8.583655e+01 -8.803018e-03 9.999611e-01 -4.630529e-04 -6.826577e+00 8.527745e-03 5.381154e-04 9.999636e-01 3.326518e+01
9.999201e-01 -8.136263e-03 9.677291e-03 8.617246e+01 8.129347e-03 9.999667e-01 7.536381e-04 -6.854515e+00 -9.683083e-03 -6.748964e-04 9.999528e-01 3.343442e+01
9.999277e-01 8.700269e-03 -8.301529e-03 8.650270e+01 -8.704363e-03 9.999620e-01 -4.572611e-04 -6.881260e+00 8.297218e-03 5.294760e-04 9.999655e-01 3.358361e+01
9.999309e-01 -7.425167e-03 9.118522e-03 8.697283e+01 7.418410e-03 9.999722e-01 7.745083e-04 -6.920577e+00 -9.124002e-03 -7.067983e-04 9.999580e-01 3.383314e+01
9.999273e-01 8.527770e-03 -8.526478e-03 8.763797e+01 -8.523959e-03 9.999636e-01 4.830843e-04 -6.977121e+00 8.530269e-03 -4.103815e-04 9.999636e-01 3.425134e+01
9.999316e-01 -7.258479e-03 9.172966e-03 8.829378e+01 7.253601e-03 9.999735e-01 5.648357e-04 -7.025995e+00 -9.176805e-03 -4.982483e-04 9.999577e-01 3.458770e+01
9.999316e-01 7.971167e-03 -8.556932e-03 8.891442e+01 -7.967346e-03 9.999681e-01 4.804389e-04 -7.076238e+00 8.560471e-03 -4.122420e-04 9.999634e-01 3.488603e+01
9.999312e-01 -7.165765e-03 9.288178e-03 8.940466e+01 7.163453e-03 9.999743e-01 2.820849e-04 -7.115240e+00 -9.289942e-03 -2.155182e-04 9.999567e-01 3.508545e+01
9.999342e-01 7.929070e-03 -8.290787e-03 8.990773e+01 -7.926075e-03 9.999685e-01 3.939684e-04 -7.154464e+00 8.293631e-03 -3.282412e-04 9.999657e-01 3.532301e+01
9.999312e-01 -7.274921e-03 9.200241e-03 9.025480e+01 7.275189e-03 9.999735e-01 4.260854e-06 -7.183926e+00 -9.200011e-03 6.268492e-05 9.999576e-01 3.550323e+01
9.999378e-01 7.852495e-03 -7.922395e-03 9.053543e+01 -7.851390e-03 9.999692e-01 1.703835e-04 -7.205652e+00 7.923470e-03 -1.081832e-04 9.999687e-01 3.557865e+01
9.999311e-01 -7.164940e-03 9.302453e-03 9.088988e+01 7.162946e-03 9.999743e-01 2.476218e-04 -7.232080e+00 -9.303970e-03 -1.809597e-04 9.999566e-01 3.573087e+01
9.999343e-01 7.967431e-03 -8.239768e-03 9.123180e+01 -7.968112e-03 9.999683e-01 -4.987889e-05 -7.262749e+00 8.239090e-03 1.155188e-04 9.999662e-01 3.595292e+01
9.999261e-01 -7.360530e-03 9.675060e-03 9.155637e+01 7.358499e-03 9.999729e-01 2.453908e-04 -7.289046e+00 -9.676585e-03 -1.741667e-04 9.999531e-01 3.608353e+01
9.999266e-01 8.412949e-03 -8.722242e-03 9.206406e+01 -8.410976e-03 9.999646e-01 2.627396e-04 -7.329285e+00 8.724125e-03 -1.893700e-04 9.999620e-01 3.628758e+01
9.999317e-01 -7.176248e-03 9.227124e-03 9.276779e+01 7.169602e-03 9.999740e-01 7.530071e-04 -7.388087e+00 -9.232269e-03 -6.867886e-04 9.999570e-01 3.669915e+01
9.999344e-01 7.737189e-03 -8.443703e-03 9.331556e+01 -7.736005e-03 9.999701e-01 1.727640e-04 -7.434548e+00 8.444768e-03 -1.074446e-04 9.999644e-01 3.702600e+01
9.999309e-01 -7.131967e-03 9.346960e-03 9.363806e+01 7.131362e-03 9.999746e-01 9.790414e-05 -7.460474e+00 -9.347401e-03 -3.122847e-05 9.999562e-01 3.713964e+01
9.999339e-01 7.979672e-03 -8.283052e-03 9.404129e+01 -7.978037e-03 9.999681e-01 2.302379e-04 -7.492971e+00 8.284607e-03 -1.641527e-04 9.999658e-01 3.730429e+01
9.999331e-01 -7.141010e-03 9.103549e-03 9.457333e+01 7.137835e-03 9.999745e-01 3.811677e-04 -7.535953e+00 -9.106020e-03 -3.161501e-04 9.999584e-01 3.755162e+01
9.999310e-01 7.991174e-03 -8.605887e-03 9.506865e+01 -7.988267e-03 9.999680e-01 3.719590e-04 -7.576623e+00 8.608565e-03 -3.031998e-04 9.999630e-01 3.782907e+01
9.999328e-01 -7.253619e-03 9.037642e-03 9.548276e+01 7.252090e-03 9.999737e-01 2.018268e-04 -7.610159e+00 -9.038849e-03 -1.362589e-04 9.999590e-01 3.797690e+01
9.999368e-01 7.984784e-03 -7.908698e-03 9.582420e+01 -7.984888e-03 9.999681e-01 1.835198e-05 -7.636508e+00 7.908573e-03 4.478651e-05 9.999688e-01 3.802049e+01
9.999360e-01 -7.066730e-03 8.837076e-03 9.623640e+01 7.064008e-03 9.999750e-01 3.390539e-04 -7.668327e+00 -8.839232e-03 -2.765944e-04 9.999608e-01 3.805956e+01
9.999347e-01 8.108437e-03 -8.050008e-03 9.671231e+01 -8.107461e-03 9.999671e-01 1.536514e-04 -7.704377e+00 8.050970e-03 -8.838909e-05 9.999677e-01 3.810321e+01
9.999355e-01 -6.955250e-03 8.983090e-03 9.728186e+01 6.951598e-03 9.999757e-01 4.375423e-04 -7.748093e+00 -8.985896e-03 -3.750545e-04 9.999595e-01 3.827621e+01
9.999309e-01 8.090257e-03 -8.525586e-03 9.794534e+01 -8.085220e-03 9.999671e-01 6.248956e-04 -7.804009e+00 8.530342e-03 -5.559341e-04 9.999636e-01 3.869950e+01
9.999386e-01 -7.007715e-03 8.584825e-03 9.860628e+01 7.002932e-03 9.999753e-01 5.870205e-04 -7.858273e+00 -8.588707e-03 -5.268525e-04 9.999629e-01 3.909956e+01
9.999281e-01 9.070285e-03 -7.841638e-03 9.960219e+01 -9.069332e-03 9.999589e-01 1.568890e-04 -7.935647e+00 7.842718e-03 -8.577256e-05 9.999693e-01 3.930130e+01
9.999640e-01 -7.847802e-03 3.221329e-03 1.009550e+02 7.838126e-03 9.999648e-01 3.005157e-03 -8.031875e+00 -3.244780e-03 -2.979786e-03 9.999902e-01 3.952968e+01
9.999070e-01 8.413683e-03 -1.073085e-02 1.021998e+02 -8.410221e-03 9.999646e-01 3.675624e-04 -8.113323e+00 1.073354e-02 -2.772933e-04 9.999425e-01 3.938727e+01
9.998987e-01 -6.173974e-03 1.282829e-02 1.033619e+02 6.169000e-03 9.999809e-01 4.271644e-04 -8.192822e+00 -1.283066e-02 -3.479696e-04 9.999175e-01 3.895881e+01
9.998820e-01 6.484103e-03 -1.392826e-02 1.050487e+02 -6.425340e-03 9.999703e-01 4.259480e-03 -8.319948e+00 1.395545e-02 -4.169498e-03 9.998940e-01 3.915495e+01
9.999181e-01 -2.662712e-03 1.251636e-02 1.058531e+02 2.703044e-03 9.999912e-01 -3.206651e-03 -8.381177e+00 -1.250769e-02 3.240235e-03 9.999164e-01 3.948408e+01
9.999006e-01 3.544726e-03 -1.364786e-02 1.065599e+02 -3.481841e-03 9.999832e-01 4.628589e-03 -8.432966e+00 1.366402e-02 -4.580624e-03 9.998962e-01 3.962382e+01
9.999089e-01 -3.129959e-03 1.312670e-02 1.071774e+02 3.176662e-03 9.999887e-01 -3.538596e-03 -8.475574e+00 -1.311545e-02 3.579987e-03 9.999075e-01 3.963208e+01
9.999223e-01 3.924873e-03 -1.183331e-02 1.078406e+02 -3.870502e-03 9.999819e-01 4.614013e-03 -8.520487e+00 1.185119e-02 -4.567869e-03 9.999194e-01 3.974771e+01
9.999531e-01 -3.297514e-03 9.100879e-03 1.084754e+02 3.325230e-03 9.999899e-01 -3.032142e-03 -8.570494e+00 -9.090770e-03 3.062277e-03 9.999539e-01 4.001489e+01
9.999342e-01 4.192532e-03 -1.067409e-02 1.089771e+02 -4.145259e-03 9.999815e-01 4.446856e-03 -8.611426e+00 1.069252e-02 -4.402332e-03 9.999332e-01 4.023774e+01
9.999624e-01 -3.225822e-03 8.046472e-03 1.094866e+02 3.248720e-03 9.999907e-01 -2.834400e-03 -8.652087e+00 -8.037236e-03 2.860449e-03 9.999635e-01 4.050485e+01
9.999633e-01 3.897437e-03 -7.628787e-03 1.100098e+02 -3.868156e-03 9.999851e-01 3.849142e-03 -8.689979e+00 7.643657e-03 -3.819507e-03 9.999636e-01 4.066481e+01
9.999738e-01 -3.020054e-03 6.579883e-03 1.105839e+02 3.037469e-03 9.999919e-01 -2.638571e-03 -8.733021e+00 -6.571843e-03 2.658504e-03 9.999748e-01 4.080275e+01
9.999770e-01 3.817837e-03 -5.610671e-03 1.111882e+02 -3.797322e-03 9.999861e-01 3.662441e-03 -8.777767e+00 5.624557e-03 -3.641067e-03 9.999777e-01 4.094784e+01
9.999794e-01 -3.093877e-03 5.619079e-03 1.117812e+02 3.108699e-03 9.999917e-01 -2.631250e-03 -8.824071e+00 -5.610874e-03 2.648679e-03 9.999807e-01 4.112476e+01
9.999819e-01 3.840431e-03 -4.630689e-03 1.123892e+02 -3.823449e-03 9.999860e-01 3.670127e-03 -8.865274e+00 4.644701e-03 -3.652372e-03 9.999826e-01 4.121390e+01
9.999913e-01 -2.881689e-03 3.031921e-03 1.131578e+02 2.888601e-03 9.999932e-01 -2.278207e-03 -8.919383e+00 -3.025317e-03 2.286961e-03 9.999927e-01 4.130488e+01
9.999458e-01 1.033691e-02 -1.275602e-03 1.139482e+02 -1.033320e-02 9.999425e-01 2.877761e-03 -8.981194e+00 1.305258e-03 -2.864440e-03 9.999951e-01 4.149463e+01
9.999567e-01 -9.196809e-03 -1.415095e-03 1.148706e+02 9.196004e-03 9.999576e-01 -5.730078e-04 -9.045736e+00 1.420322e-03 5.599860e-04 9.999987e-01 4.153202e+01
9.999412e-01 1.063855e-02 -2.124044e-03 1.159455e+02 -1.063246e-02 9.999394e-01 2.855833e-03 -9.116200e+00 2.154280e-03 -2.833098e-03 9.999938e-01 4.160226e+01
9.999513e-01 -9.796032e-03 -1.180925e-03 1.168966e+02 9.794856e-03 9.999515e-01 -9.966020e-04 -9.182940e+00 1.190647e-03 9.850032e-04 9.999987e-01 4.153022e+01
9.999359e-01 1.131465e-02 -3.870881e-04 1.178255e+02 -1.131336e-02 9.999309e-01 3.181909e-03 -9.242729e+00 4.230471e-04 -3.177343e-03 9.999950e-01 4.150678e+01
9.999462e-01 -1.023329e-02 -1.719521e-03 1.187846e+02 1.023099e-02 9.999468e-01 -1.340989e-03 -9.309374e+00 1.733168e-03 1.323342e-03 9.999975e-01 4.157294e+01
9.999302e-01 1.173602e-02 -1.361460e-03 1.200403e+02 -1.173010e-02 9.999221e-01 4.276518e-03 -9.391171e+00 1.411527e-03 -4.260267e-03 9.999900e-01 4.164257e+01
9.999410e-01 -1.049351e-02 -2.818082e-03 1.211888e+02 1.048889e-02 9.999436e-01 -1.646777e-03 -9.471340e+00 2.835219e-03 1.617139e-03 9.999946e-01 4.176542e+01
9.999320e-01 1.165366e-02 -3.331125e-04 1.219985e+02 -1.165249e-02 9.999266e-01 3.312768e-03 -9.527360e+00 3.716788e-04 -3.308680e-03 9.999946e-01 4.185103e+01
9.999444e-01 -1.048970e-02 -1.081740e-03 1.227473e+02 1.048775e-02 9.999434e-01 -1.789240e-03 -9.576266e+00 1.100463e-03 1.777813e-03 9.999977e-01 4.187370e+01
9.999362e-01 1.123064e-02 -1.197607e-03 1.235989e+02 -1.122636e-02 9.999308e-01 3.519647e-03 -9.634577e+00 1.237037e-03 -3.505996e-03 9.999932e-01 4.193674e+01
9.999446e-01 -1.052132e-02 -3.881830e-04 1.242687e+02 1.052044e-02 9.999422e-01 -2.198997e-03 -9.682788e+00 4.113117e-04 2.194810e-03 9.999974e-01 4.206474e+01
9.999384e-01 1.108521e-02 -5.551856e-04 1.248689e+02 -1.108317e-02 9.999323e-01 3.541527e-03 -9.727783e+00 5.943921e-04 -3.535174e-03 9.999937e-01 4.227602e+01
9.999496e-01 -1.003313e-02 -1.960323e-04 1.254250e+02 1.003268e-02 9.999474e-01 -2.147804e-03 -9.767883e+00 2.175858e-04 2.145747e-03 9.999976e-01 4.250830e+01
9.999415e-01 1.078868e-02 7.347926e-04 1.259862e+02 -1.079092e-02 9.999369e-01 3.110070e-03 -9.810784e+00 -7.012072e-04 -3.117836e-03 9.999950e-01 4.272984e+01
9.999489e-01 -1.007995e-02 -7.234828e-04 1.265991e+02 1.007855e-02 9.999474e-01 -1.922167e-03 -9.857694e+00 7.428347e-04 1.914796e-03 9.999978e-01 4.295144e+01
9.999420e-01 1.076401e-02 -1.969740e-04 1.272039e+02 -1.076334e-02 9.999370e-01 3.170326e-03 -9.902345e+00 2.310727e-04 -3.168041e-03 9.999951e-01 4.313351e+01
9.999500e-01 -9.998265e-03 -9.333771e-05 1.278737e+02 9.998078e-03 9.999484e-01 -1.807005e-03 -9.951378e+00 1.114143e-04 1.806001e-03 9.999983e-01 4.334297e+01
9.999423e-01 1.066943e-02 -1.275196e-03 1.285399e+02 -1.066522e-02 9.999378e-01 3.262949e-03 -1.000101e+01 1.309916e-03 -3.249179e-03 9.999940e-01 4.355426e+01
9.999476e-01 -1.009123e-02 1.745828e-03 1.293157e+02 1.009415e-02 9.999477e-01 -1.672861e-03 -1.005600e+01 -1.728841e-03 1.690415e-03 9.999970e-01 4.360474e+01
9.999438e-01 1.046513e-02 -1.678548e-03 1.299254e+02 -1.045971e-02 9.999402e-01 3.204358e-03 -1.009891e+01 1.711967e-03 -3.186641e-03 9.999936e-01 4.387200e+01
9.999504e-01 -9.684389e-03 2.306105e-03 1.304277e+02 9.688587e-03 9.999514e-01 -1.816905e-03 -1.013782e+01 -2.288383e-03 1.839177e-03 9.999956e-01 4.398160e+01
9.999525e-01 9.649947e-03 -1.343311e-03 1.309853e+02 -9.645416e-03 9.999479e-01 3.338544e-03 -1.017431e+01 1.375444e-03 -3.325449e-03 9.999936e-01 4.392800e+01
9.999597e-01 -8.944759e-03 7.522878e-04 1.316048e+02 8.946425e-03 9.999575e-01 -2.242396e-03 -1.021721e+01 -7.321837e-04 2.249056e-03 9.999971e-01 4.396955e+01
9.999545e-01 9.472080e-03 -1.173447e-03 1.321847e+02 -9.468183e-03 9.999498e-01 3.282579e-03 -1.025751e+01 1.204467e-03 -3.271339e-03 9.999940e-01 4.403807e+01
9.999594e-01 -8.976027e-03 8.180290e-04 1.327420e+02 8.977778e-03 9.999574e-01 -2.164681e-03 -1.029594e+01 -7.985496e-04 2.171957e-03 9.999972e-01 4.409571e+01
