9.999992e-01 1.065618e-03 7.463030e-04 7.812237e-01 -1.066499e-03 9.999987e-01 1.182122e-03 -6.039149e-02 -7.450425e-04 -1.182918e-03 9.999991e-01 2.892669e-01
1.000000e+00 -4.524530e-05 -2.158275e-04 1.577811e+00 4.532685e-05 9.999999e-01 3.778034e-04 -1.248663e-01 2.158106e-04 -3.778124e-04 9.999998e-01 7.458507e-01
9.999967e-01 2.342432e-03 1.088134e-03 2.367700e+00 -2.343377e-03 9.999969e-01 8.684053e-04 -1.893196e-01 -1.086097e-03 -8.709532e-04 9.999991e-01 1.138865e+00
9.999993e-01 -1.147231e-03 -2.658199e-04 3.163323e+00 1.147345e-03 9.999992e-01 4.294783e-04 -2.522782e-01 2.653273e-04 -4.297819e-04 9.999998e-01 1.508405e+00
9.999878e-01 4.304239e-03 2.423525e-03 3.953756e+00 -4.305700e-03 9.999906e-01 5.976698e-04 -3.131018e-01 -2.420930e-03 -6.080986e-04 9.999970e-01 1.957245e+00
9.999999e-01 -1.376920e-04 -3.463859e-04 4.690468e+00 1.377544e-04 1.000000e+00 1.801384e-04 -3.734845e-01 3.463619e-04 -1.801849e-04 9.999998e-01 2.431446e+00
9.999980e-01 1.468170e-03 1.341510e-03 5.459329e+00 -1.469648e-03 9.999983e-01 1.100906e-03 -4.352741e-01 -1.339892e-03 -1.102877e-03 9.999986e-01 2.857805e+00
9.999998e-01 -4.957242e-04 -3.370049e-04 6.119803e+00 4.956982e-04 9.999999e-01 -7.727679e-05 -4.887204e-01 3.370441e-04 7.711115e-05 9.999998e-01 3.234507e+00
9.999981e-01 1.518482e-03 1.255706e-03 6.775184e+00 -1.519790e-03 9.999983e-01 1.041390e-03 -5.418282e-01 -1.254123e-03 -1.043298e-03 9.999988e-01 3.642204e+00
9.999998e-01 -4.509329e-04 -4.786958e-04 7.503303e+00 4.509378e-04 9.999999e-01 1.006879e-05 -6.003082e-01 4.786923e-04 -1.028302e-05 9.999998e-01 4.008125e+00
9.999982e-01 1.670669e-03 9.213117e-04 8.262814e+00 -1.671785e-03 9.999979e-01 1.211724e-03 -6.623576e-01 -9.192865e-04 -1.213264e-03 9.999989e-01 4.398572e+00
9.999997e-01 -6.679771e-04 -3.011269e-04 9.036638e+00 6.679576e-04 9.999998e-01 -6.488058e-05 -7.225194e-01 3.011714e-04 6.468129e-05 9.999999e-01 4.703623e+00
9.999975e-01 2.017323e-03 9.531346e-04 9.802648e+00 -2.018324e-03 9.999974e-01 1.049836e-03 -7.815892e-01 -9.510155e-04 -1.051759e-03 9.999991e-01 4.957576e+00
9.999996e-01 -9.268350e-04 7.211893e-05 1.043553e+01 9.268517e-04 9.999995e-01 -2.314585e-04 -8.322971e-01 -7.190297e-05 2.315272e-04 9.999999e-01 5.253179e+00
9.999981e-01 1.872048e-03 5.788954e-04 1.098394e+01 -1.872592e-03 9.999978e-01 9.408243e-04 -8.783572e-01 -5.771343e-04 -9.419087e-04 9.999995e-01 5.551030e+00
9.999996e-01 -8.623724e-04 2.526646e-04 1.163574e+01 8.623473e-04 9.999996e-01 9.922913e-05 -9.305593e-01 -2.527485e-04 -9.900898e-05 9.999999e-01 5.937578e+00
9.999983e-01 1.745254e-03 5.996997e-04 1.229672e+01 -1.745868e-03 9.999980e-01 1.025048e-03 -9.820756e-01 -5.979111e-04 -1.026095e-03 9.999994e-01 6.200878e+00
9.999999e-01 -4.156584e-04 3.282318e-04 1.298196e+01 4.157250e-04 9.999999e-01 -2.028505e-04 -1.035234e+00 -3.281457e-04 2.029894e-04 9.999998e-01 6.413766e+00
9.999984e-01 1.768152e-03 2.842508e-04 1.364960e+01 -1.768568e-03 9.999974e-01 1.469909e-03 -1.089718e+00 -2.816528e-04 -1.470412e-03 9.999990e-01 6.639874e+00
9.999997e-01 -7.521304e-04 4.206966e-05 1.427061e+01 7.521423e-04 9.999997e-01 -2.837072e-04 -1.140739e+00 -4.185445e-05 2.837414e-04 9.999999e-01 6.938949e+00
9.999972e-01 2.161507e-03 -9.957054e-04 1.490607e+01 -2.159820e-03 9.999962e-01 1.693006e-03 -1.189276e+00 9.993594e-04 -1.690854e-03 9.999982e-01 7.146737e+00
9.999972e-01 -9.803680e-04 2.161205e-03 1.556058e+01 9.822456e-04 9.999991e-01 -8.678706e-04 -1.239118e+00 -2.160350e-03 8.699939e-04 9.999972e-01 7.349780e+00
9.999954e-01 2.803780e-03 -1.187828e-03 1.621232e+01 -2.801810e-03 9.999947e-01 1.657009e-03 -1.289289e+00 1.192466e-03 -1.653676e-03 9.999980e-01 7.565430e+00
9.999977e-01 -1.716563e-03 -1.277714e-03 1.684408e+01 1.714319e-03 9.999970e-01 -1.755490e-03 -1.332000e+00 1.280725e-03 1.753299e-03 9.999975e-01 7.533291e+00
9.999956e-01 2.187787e-03 2.018739e-03 1.745689e+01 -2.194167e-03 9.999926e-01 3.163496e-03 -1.375382e+00 -2.011805e-03 -3.167915e-03 9.999931e-01 7.479447e+00
9.999906e-01 -1.290905e-03 -4.135712e-03 1.802948e+01 1.271387e-03 9.999881e-01 -4.718553e-03 -1.413220e+00 4.141755e-03 4.713253e-03 9.999802e-01 7.382729e+00
9.999947e-01 2.427873e-03 2.168659e-03 1.865309e+01 -2.442426e-03 9.999743e-01 6.733227e-03 -1.450880e+00 -2.152257e-03 -6.738491e-03 9.999751e-01 6.880143e+00
9.993608e-01 -3.514484e-02 -6.538872e-03 1.939704e+01 3.511688e-02 9.993738e-01 -4.343251e-03 -1.498484e+00 6.687421e-03 4.110853e-03 9.999691e-01 6.565218e+00
9.993591e-01 3.556959e-02 4.018960e-03 2.028640e+01 -3.559452e-02 9.993464e-01 6.312059e-03 -1.560253e+00 -3.791817e-03 -6.451070e-03 9.999721e-01 6.600174e+00
9.993639e-01 -3.508828e-02 -6.376839e-03 2.126999e+01 3.506054e-02 9.993754e-01 -4.412331e-03 -1.626737e+00 6.527678e-03 4.185953e-03 9.999698e-01 6.638058e+00
9.993432e-01 3.599292e-02 4.201278e-03 2.230092e+01 -3.601934e-02 9.993306e-01 6.394107e-03 -1.696600e+00 -3.968323e-03 -6.541239e-03 9.999708e-01 6.742314e+00
9.993858e-01 -3.484909e-02 -3.691547e-03 2.333939e+01 3.483195e-02 9.993826e-01 -4.608593e-03 -1.771515e+00 3.849874e-03 4.477182e-03 9.999825e-01 6.966705e+00
9.993412e-01 3.627879e-02 1.047387e-03 2.421378e+01 -3.628458e-02 9.993224e-01 6.171820e-03 -1.830735e+00 -8.227711e-04 -6.205762e-03 9.999805e-01 7.112846e+00
9.993649e-01 -3.563199e-02 -4.687611e-04 2.494354e+01 3.562916e-02 9.993523e-01 -5.060997e-03 -1.879844e+00 6.487908e-04 5.041085e-03 9.999870e-01 7.112615e+00
9.993314e-01 3.656120e-02 -3.613573e-04 2.578327e+01 -3.655808e-02 9.993103e-01 6.515976e-03 -1.937121e+00 5.993402e-04 -6.498413e-03 9.999788e-01 7.165103e+00
9.993658e-01 -3.558048e-02 1.442206e-03 2.663514e+01 3.558742e-02 9.993535e-01 -5.109303e-03 -1.994253e+00 -1.259482e-03 5.157392e-03 9.999858e-01 7.236892e+00
9.992801e-01 3.791205e-02 -1.410718e-03 2.757448e+01 -3.790168e-02 9.992586e-01 6.765463e-03 -2.060093e+00 1.666165e-03 -6.707129e-03 9.999762e-01 7.434094e+00
9.993132e-01 -3.703013e-02 1.373647e-03 2.848760e+01 3.703655e-02 9.993015e-01 -4.988222e-03 -2.123503e+00 -1.187973e-03 5.035676e-03 9.999865e-01 7.678404e+00
9.992424e-01 3.891895e-02 -1.815938e-04 2.934554e+01 -3.891702e-02 9.992224e-01 6.327117e-03 -2.181300e+00 4.276975e-04 -6.315262e-03 9.999801e-01 7.856848e+00
9.992522e-01 -3.866534e-02 3.347538e-04 3.014154e+01 3.866653e-02 9.992399e-01 -4.954134e-03 -2.236628e+00 -1.429460e-04 4.963378e-03 9.999876e-01 7.954983e+00
9.992170e-01 3.954833e-02 -1.144411e-03 3.092609e+01 -3.954016e-02 9.991972e-01 6.443189e-03 -2.296474e+00 1.398310e-03 -6.392900e-03 9.999787e-01 8.288716e+00
9.992469e-01 -3.879863e-02 -5.309652e-04 3.149571e+01 3.879535e-02 9.992337e-01 -5.198313e-03 -2.341758e+00 7.322455e-04 5.173805e-03 9.999862e-01 8.560077e+00
9.992262e-01 3.932679e-02 -5.669771e-04 3.192593e+01 -3.932265e-02 9.992082e-01 6.057065e-03 -2.374488e+00 8.047337e-04 -6.030089e-03 9.999816e-01 8.689766e+00
9.992422e-01 -3.887974e-02 1.839197e-03 3.234645e+01 3.888899e-02 9.992295e-01 -5.290222e-03 -2.407204e+00 -1.632097e-03 5.357744e-03 9.999842e-01 8.857939e+00
9.992225e-01 3.941750e-02 -7.994470e-04 3.277184e+01 -3.941184e-02 9.992041e-01 6.158680e-03 -2.440023e+00 1.041571e-03 -6.122390e-03 9.999808e-01 9.104833e+00
9.992448e-01 -3.884265e-02 1.061121e-03 3.312558e+01 3.884787e-02 9.992303e-01 -5.443718e-03 -2.466914e+00 -8.488555e-04 5.480835e-03 9.999845e-01 9.211833e+00
9.992194e-01 3.949718e-02 7.226079e-04 3.377172e+01 -3.950087e-02 9.992008e-01 6.125832e-03 -2.509184e+00 -4.800770e-04 -6.149600e-03 9.999811e-01 9.209115e+00
9.993020e-01 -3.726603e-02 -2.600706e-03 3.470744e+01 3.725384e-02 9.992953e-01 -4.589627e-03 -2.571421e+00 2.769910e-03 4.489544e-03 9.999860e-01 9.256484e+00
9.992859e-01 3.774745e-02 1.683662e-03 3.543517e+01 -3.775690e-02 9.992690e-01 5.987953e-03 -2.623313e+00 -1.456400e-03 -6.047253e-03 9.999808e-01 9.277436e+00
9.992964e-01 -3.749950e-02 -7.152459e-04 3.584803e+01 3.749547e-02 9.992843e-01 -4.994705e-03 -2.650903e+00 9.020327e-04 4.964379e-03 9.999872e-01 9.025250e+00
9.992753e-01 3.797710e-02 2.553745e-03 3.621790e+01 -3.799228e-02 9.992589e-01 6.183397e-03 -2.673539e+00 -2.317024e-03 -6.275945e-03 9.999777e-01 8.770610e+00
9.992868e-01 -3.775173e-02 -7.844158e-04 3.663741e+01 3.774752e-02 9.992756e-01 -4.832709e-03 -2.700564e+00 9.662908e-04 4.799659e-03 9.999879e-01 8.514986e+00
9.992776e-01 3.790439e-02 2.752233e-03 3.713058e+01 -3.792153e-02 9.992598e-01 6.468743e-03 -2.732061e+00 -2.505002e-03 -6.568446e-03 9.999754e-01 8.306458e+00
9.992900e-01 -3.766048e-02 -1.052146e-03 3.756747e+01 3.765447e-02 9.992771e-01 -5.245054e-03 -2.759852e+00 1.248917e-03 5.201719e-03 9.999856e-01 8.090608e+00
9.992803e-01 3.786109e-02 2.332324e-03 3.799099e+01 -3.787531e-02 9.992620e-01 6.389940e-03 -2.787378e+00 -2.088673e-03 -6.473686e-03 9.999770e-01 7.925848e+00
9.992931e-01 -3.759125e-02 -4.739066e-04 3.836073e+01 3.758816e-02 9.992788e-01 -5.383842e-03 -2.812205e+00 6.759508e-04 5.362230e-03 9.999853e-01 7.777638e+00
9.992820e-01 3.782574e-02 2.150440e-03 3.875398e+01 -3.783865e-02 9.992639e-01 6.320762e-03 -2.839121e+00 -1.909770e-03 -6.397601e-03 9.999778e-01 7.663620e+00
9.993027e-01 -3.732872e-02 -7.779671e-04 3.911198e+01 3.732378e-02 9.992874e-01 -5.618192e-03 -2.862993e+00 9.871336e-04 5.585245e-03 9.999838e-01 7.594944e+00
9.992851e-01 3.771870e-02 2.572652e-03 3.936570e+01 -3.773334e-02 9.992704e-01 5.901456e-03 -2.883221e+00 -2.348181e-03 -5.994319e-03 9.999794e-01 7.528966e+00
9.992999e-01 -3.740920e-02 -5.155960e-04 3.969706e+01 3.740613e-02 9.992874e-01 -5.049960e-03 -2.903143e+00 7.041448e-04 5.027145e-03 9.999870e-01 7.314847e+00
9.992805e-01 3.785510e-02 2.351250e-03 4.002196e+01 -3.786817e-02 9.992660e-01 5.786332e-03 -2.922182e+00 -2.130483e-03 -5.871213e-03 9.999806e-01 7.033564e+00
9.993129e-01 -3.706420e-02 2.004226e-04 4.036748e+01 3.706474e-02 9.993005e-01 -4.974921e-03 -2.941250e+00 -1.588923e-05 4.978939e-03 9.999875e-01 6.682672e+00
9.992667e-01 3.821848e-02 2.312034e-03 4.071618e+01 -3.823242e-02 9.992489e-01 6.320640e-03 -2.962390e+00 -2.068734e-03 -6.404408e-03 9.999775e-01 6.332729e+00
9.992974e-01 -3.747168e-02 7.886841e-04 4.101175e+01 3.747535e-02 9.992834e-01 -5.326814e-03 -2.978926e+00 -5.885121e-04 5.352635e-03 9.999854e-01 5.966758e+00
9.992540e-01 3.855359e-02 2.250226e-03 4.138294e+01 -3.856766e-02 9.992343e-01 6.585680e-03 -2.999883e+00 -1.994604e-03 -6.667561e-03 9.999759e-01 5.529213e+00
9.992924e-01 -3.761120e-02 4.416354e-04 4.179092e+01 3.761297e-02 9.992792e-01 -5.127457e-03 -3.022800e+00 -2.484645e-04 5.140448e-03 9.999867e-01 5.128950e+00
9.992612e-01 3.835615e-02 2.407534e-03 4.212762e+01 -3.837043e-02 9.992444e-01 6.192677e-03 -3.042800e+00 -2.168190e-03 -6.280489e-03 9.999780e-01 4.797559e+00
9.992898e-01 -3.767779e-02 4.337408e-04 4.249490e+01 3.767948e-02 9.992775e-01 -4.968959e-03 -3.064302e+00 -2.462048e-04 4.981782e-03 9.999875e-01 4.439132e+00
9.992557e-01 3.848958e-02 2.579970e-03 4.286588e+01 -3.850481e-02 9.992395e-01 6.140987e-03 -3.086052e+00 -2.341647e-03 -6.235766e-03 9.999779e-01 4.073113e+00
9.993207e-01 -3.684420e-02 -7.622171e-04 4.322532e+01 3.684033e-02 9.993106e-01 -4.587473e-03 -3.113071e+00 9.307170e-04 4.556285e-03 9.999891e-01 3.981592e+00
9.992809e-01 3.786880e-02 1.930660e-03 4.364108e+01 -3.787419e-02 9.992785e-01 2.836315e-03 -3.144035e+00 -1.821863e-03 -2.907406e-03 9.999942e-01 4.003460e+00
9.992991e-01 -3.743515e-02 -8.609175e-05 4.401609e+01 3.743482e-02 9.992960e-01 -2.476339e-03 -3.171754e+00 1.787372e-04 2.471389e-03 9.999968e-01 4.031718e+00
9.992709e-01 3.814570e-02 1.612491e-03 4.437019e+01 -3.815000e-02 9.992683e-01 2.727561e-03 -3.198733e+00 -1.507270e-03 -2.787097e-03 9.999951e-01 4.078755e+00
9.992987e-01 -3.744387e-02 -9.420275e-05 4.471872e+01 3.744353e-02 9.992959e-01 -2.404904e-03 -3.225851e+00 1.841895e-04 2.399698e-03 9.999970e-01 4.166288e+00
9.992740e-01 3.806267e-02 1.651965e-03 4.501378e+01 -3.806655e-02 9.992724e-01 2.379030e-03 -3.250741e+00 -1.560215e-03 -2.440196e-03 9.999959e-01 4.268545e+00
9.993043e-01 -3.729243e-02 -3.820647e-04 4.539744e+01 3.729162e-02 9.993025e-01 -1.956274e-03 -3.280828e+00 4.547569e-04 1.940674e-03 9.999979e-01 4.375119e+00
9.992684e-01 3.821357e-02 1.515016e-03 4.587007e+01 -3.821708e-02 9.992667e-01 2.358784e-03 -3.317716e+00 -1.423772e-03 -2.414967e-03 9.999962e-01 4.456953e+00
9.993013e-01 -3.737386e-02 -3.965603e-04 4.633477e+01 3.737308e-02 9.992997e-01 -1.815612e-03 -3.353197e+00 4.641437e-04 1.799531e-03 9.999982e-01 4.600646e+00
9.992548e-01 3.855882e-02 1.770569e-03 4.684606e+01 -3.856271e-02 9.992537e-01 2.214319e-03 -3.392605e+00 -1.683871e-03 -2.280956e-03 9.999961e-01 4.753768e+00
9.993130e-01 -3.705650e-02 -5.264660e-04 4.739496e+01 3.705552e-02 9.993116e-01 -1.765926e-03 -3.437177e+00 5.915475e-04 1.745213e-03 9.999982e-01 4.988665e+00
9.992842e-01 3.778995e-02 1.724529e-03 4.789042e+01 -3.779372e-02 9.992831e-01 2.208998e-03 -3.477492e+00 -1.639820e-03 -2.272602e-03 9.999962e-01 5.215055e+00
9.993167e-01 -3.695978e-02 -3.667031e-04 4.832310e+01 3.695904e-02 9.993150e-01 -1.863952e-03 -3.510562e+00 4.353483e-04 1.849134e-03 9.999981e-01 5.299818e+00
9.992799e-01 3.790125e-02 1.807425e-03 4.874337e+01 -3.790509e-02 9.992790e-01 2.142368e-03 -3.542660e+00 -1.724928e-03 -2.209344e-03 9.999962e-01 5.427943e+00
9.993062e-01 -3.724488e-02 -5.313468e-05 4.904679e+01 3.724470e-02 9.993041e-01 -2.039037e-03 -3.567467e+00 1.290468e-04 2.035652e-03 9.999978e-01 5.528794e+00
9.992795e-01 3.787691e-02 2.416055e-03 4.930112e+01 -3.787952e-02 9.992818e-01 1.042026e-03 -3.586150e+00 -2.374856e-03 -1.132803e-03 9.999966e-01 5.500825e+00
9.993067e-01 -3.721907e-02 -9.112642e-04 4.968925e+01 3.721850e-02 9.993070e-01 -6.329381e-04 -3.616398e+00 9.341958e-04 5.985924e-04 9.999993e-01 5.557762e+00
9.992856e-01 3.772394e-02 2.279428e-03 5.006654e+01 -3.772615e-02 9.992877e-01 9.322883e-04 -3.647708e+00 -2.242640e-03 -1.017626e-03 9.999971e-01 5.710576e+00
9.993116e-01 -3.709010e-02 -8.148718e-04 5.044175e+01 3.708969e-02 9.993118e-01 -5.081158e-04 -3.676713e+00 8.331632e-04 4.775516e-04 9.999994e-01 5.822011e+00
9.992786e-01 3.792184e-02 2.060723e-03 5.088585e+01 -3.792373e-02 9.992802e-01 8.889143e-04 -3.713430e+00 -2.025536e-03 -9.664326e-04 9.999976e-01 6.038635e+00
9.993037e-01 -3.730755e-02 -5.351335e-04 5.127450e+01 3.730728e-02 9.993037e-01 -5.070310e-04 -3.744961e+00 5.536833e-04 4.867226e-04 9.999996e-01 6.169234e+00
9.992824e-01 3.780311e-02 2.348351e-03 5.157957e+01 -3.780478e-02 9.992849e-01 6.716295e-04 -3.769395e+00 -2.321288e-03 -7.599358e-04 9.999971e-01 6.258501e+00
9.992999e-01 -3.740614e-02 -7.053967e-04 5.181680e+01 3.740584e-02 9.993001e-01 -4.364120e-04 -3.787236e+00 7.212342e-04 4.097296e-04 9.999996e-01 6.292768e+00
9.992359e-01 3.899826e-02 2.598720e-03 5.211706e+01 -3.899942e-02 9.992392e-01 3.946027e-04 -3.812447e+00 -2.581360e-03 -4.956591e-04 9.999966e-01 6.442209e+00
9.992630e-01 -3.835598e-02 -1.527049e-03 5.242626e+01 3.835251e-02 9.992618e-01 -2.237674e-03 -3.838861e+00 1.611757e-03 2.177467e-03 9.999962e-01 6.603758e+00
9.992315e-01 3.908414e-02 2.972736e-03 5.279196e+01 -3.908888e-02 9.992345e-01 1.551224e-03 -3.867856e+00 -2.909839e-03 -1.666242e-03 9.999945e-01 6.747526e+00
9.992632e-01 -3.835440e-02 -1.380957e-03 5.319514e+01 3.835255e-02 9.992634e-01 -1.339867e-03 -3.898806e+00 1.431337e-03 1.285925e-03 9.999980e-01 6.876600e+00
9.992303e-01 3.911228e-02 3.015617e-03 5.363559e+01 -3.911719e-02 9.992334e-01 1.588054e-03 -3.932989e+00 -2.951200e-03 -1.704803e-03 9.999943e-01 7.066068e+00
9.992615e-01 -3.839342e-02 -1.520314e-03 5.404190e+01 3.839133e-02 9.992618e-01 -1.379407e-03 -3.966848e+00 1.572160e-03 1.320030e-03 9.999978e-01 7.277797e+00
9.992302e-01 3.911808e-02 2.967144e-03 5.443000e+01 -3.912280e-02 9.992332e-01 1.549632e-03 -3.998769e+00 -2.904258e-03 -1.664531e-03 9.999945e-01 7.493355e+00
9.992685e-01 -3.821634e-02 -1.389551e-03 5.480398e+01 3.821402e-02 9.992682e-01 -1.659206e-03 -4.031202e+00 1.451951e-03 1.604901e-03 9.999976e-01 7.746123e+00
9.992418e-01 3.882581e-02 2.894764e-03 5.521027e+01 -3.883137e-02 9.992440e-01 1.888839e-03 -4.065209e+00 -2.819247e-03 -1.999824e-03 9.999941e-01 7.982459e+00
9.992772e-01 -3.798807e-02 -1.423432e-03 5.566413e+01 3.798581e-02 9.992770e-01 -1.580582e-03 -4.102654e+00 1.482454e-03 1.525379e-03 9.999976e-01 8.208541e+00
9.992425e-01 3.881121e-02 2.832819e-03 5.612368e+01 -3.881653e-02 9.992446e-01 1.847122e-03 -4.140267e+00 -2.758999e-03 -1.955693e-03 9.999944e-01 8.442709e+00
9.992806e-01 -3.790151e-02 -1.354107e-03 5.657393e+01 3.789934e-02 9.992803e-01 -1.589767e-03 -4.177087e+00 1.413395e-03 1.537312e-03 9.999977e-01 8.666961e+00
9.992457e-01 3.872477e-02 2.888215e-03 5.700363e+01 -3.873003e-02 9.992481e-01 1.787795e-03 -4.213064e+00 -2.816819e-03 -1.898317e-03 9.999943e-01 8.914637e+00
9.992800e-01 -3.790695e-02 -1.587903e-03 5.739803e+01 3.790432e-02 9.992800e-01 -1.653357e-03 -4.247482e+00 1.649442e-03 1.591988e-03 9.999973e-01 9.151111e+00
9.992568e-01 3.842983e-02 2.991085e-03 5.769041e+01 -3.843515e-02 9.992596e-01 1.741376e-03 -4.272470e+00 -2.921958e-03 -1.855054e-03 9.999941e-01 9.351207e+00
9.992875e-01 -3.770869e-02 -1.611118e-03 5.807026e+01 3.770615e-02 9.992876e-01 -1.578494e-03 -4.306087e+00 1.669502e-03 1.516629e-03 9.999974e-01 9.618659e+00
9.992516e-01 3.859023e-02 2.650219e-03 5.852288e+01 -3.859554e-02 9.992530e-01 1.979683e-03 -4.344418e+00 -2.571851e-03 -2.080498e-03 9.999946e-01 9.907012e+00
9.993694e-01 -3.550761e-02 -2.739521e-04 5.888884e+01 3.550693e-02 9.993670e-01 -2.191637e-03 -4.378242e+00 3.516077e-04 2.180537e-03 9.999975e-01 1.018551e+01
9.993372e-01 3.637331e-02 1.434150e-03 5.920692e+01 -3.637647e-02 9.993356e-01 2.244090e-03 -4.407183e+00 -1.351581e-03 -2.294782e-03 9.999966e-01 1.040559e+01
9.993675e-01 -3.556100e-02 -2.807777e-04 5.960643e+01 3.556011e-02 9.993639e-01 -2.699849e-03 -4.439966e+00 3.766178e-04 2.688166e-03 9.999962e-01 1.061262e+01
9.993150e-01 3.693971e-02 2.230113e-03 5.997317e+01 -3.694555e-02 9.993138e-01 2.633490e-03 -4.471905e+00 -2.131312e-03 -2.714089e-03 9.999941e-01 1.085733e+01
9.993419e-01 -3.626870e-02 -5.025292e-04 6.023751e+01 3.626718e-02 9.993383e-01 -2.768442e-03 -4.496583e+00 6.026142e-04 2.748405e-03 9.999959e-01 1.110964e+01
9.993132e-01 3.699014e-02 2.186991e-03 6.042062e+01 -3.699561e-02 9.993123e-01 2.513692e-03 -4.517432e+00 -2.092514e-03 -2.592884e-03 9.999945e-01 1.139649e+01
9.993403e-01 -3.631296e-02 -6.465162e-04 6.062065e+01 3.631118e-02 9.993372e-01 -2.580115e-03 -4.538006e+00 7.397893e-04 2.554946e-03 9.999964e-01 1.163157e+01
9.993187e-01 3.685359e-02 2.007458e-03 6.085874e+01 -3.685878e-02 9.993171e-01 2.612056e-03 -4.559139e+00 -1.909833e-03 -2.684279e-03 9.999947e-01 1.180886e+01
9.993377e-01 -3.638661e-02 -4.314389e-04 6.111303e+01 3.638542e-02 9.993347e-01 -2.507098e-03 -4.581521e+00 5.223869e-04 2.489748e-03 9.999967e-01 1.194967e+01
9.992866e-01 3.764586e-02 3.001258e-03 6.127692e+01 -3.765317e-02 9.992879e-01 2.417798e-03 -4.596276e+00 -2.908111e-03 -2.529090e-03 9.999927e-01 1.205197e+01
9.993067e-01 -3.720427e-02 -1.419829e-03 6.142698e+01 3.720063e-02 9.993047e-01 -2.507482e-03 -4.610718e+00 1.512142e-03 2.452934e-03 9.999957e-01 1.213222e+01
9.992790e-01 3.784521e-02 3.027541e-03 6.171063e+01 -3.785294e-02 9.992801e-01 2.540027e-03 -4.633774e+00 -2.929244e-03 -2.652807e-03 9.999923e-01 1.224140e+01
9.993162e-01 -3.692927e-02 -1.805862e-03 6.225278e+01 3.692556e-02 9.993159e-01 -2.045593e-03 -4.676411e+00 1.880180e-03 1.977521e-03 9.999962e-01 1.242744e+01
9.992699e-01 3.808593e-02 3.007731e-03 6.288455e+01 -3.809388e-02 9.992707e-01 2.633501e-03 -4.725596e+00 -2.905248e-03 -2.746164e-03 9.999921e-01 1.266784e+01
9.993061e-01 -3.718769e-02 -2.112199e-03 6.345027e+01 3.718349e-02 9.993065e-01 -1.989565e-03 -4.772089e+00 2.184732e-03 1.909655e-03 9.999957e-01 1.298342e+01
9.992650e-01 3.821636e-02 3.001228e-03 6.402624e+01 -3.822396e-02 9.992660e-01 2.516886e-03 -4.818963e+00 -2.902850e-03 -2.629765e-03 9.999924e-01 1.324109e+01
9.993041e-01 -3.724141e-02 -2.118745e-03 6.457075e+01 3.723725e-02 9.993045e-01 -1.967975e-03 -4.864152e+00 2.190572e-03 1.887719e-03 9.999957e-01 1.348630e+01
9.992659e-01 3.820217e-02 2.877170e-03 6.505091e+01 -3.820896e-02 9.992670e-01 2.344650e-03 -4.903998e+00 -2.785501e-03 -2.452872e-03 9.999932e-01 1.373553e+01
9.993098e-01 -3.708943e-02 -2.067899e-03 6.552716e+01 3.708535e-02 9.993101e-01 -1.976154e-03 -4.943776e+00 2.139778e-03 1.898111e-03 9.999958e-01 1.398681e+01
9.992638e-01 3.825048e-02 2.955652e-03 6.603016e+01 -3.825736e-02 9.992653e-01 2.308999e-03 -4.986095e+00 -2.865171e-03 -2.420385e-03 9.999931e-01 1.428963e+01
9.993060e-01 -3.718251e-02 -2.235352e-03 6.662082e+01 3.717886e-02 9.993073e-01 -1.656176e-03 -5.034113e+00 2.295396e-03 1.571929e-03 9.999960e-01 1.461774e+01
9.992634e-01 3.828172e-02 2.680020e-03 6.719814e+01 -3.828789e-02 9.992641e-01 2.289260e-03 -5.082169e+00 -2.590423e-03 -2.390196e-03 9.999939e-01 1.488418e+01
9.993115e-01 -3.703812e-02 -2.147460e-03 6.777108e+01 3.703497e-02 9.993129e-01 -1.488206e-03 -5.128154e+00 2.201116e-03 1.407661e-03 9.999965e-01 1.516597e+01
9.992714e-01 3.806039e-02 2.834375e-03 6.837018e+01 -3.806620e-02 9.992732e-01 2.025068e-03 -5.178333e+00 -2.755251e-03 -2.131497e-03 9.999940e-01 1.538471e+01
9.993189e-01 -3.683070e-02 -2.276434e-03 6.897769e+01 3.682773e-02 9.993207e-01 -1.330250e-03 -5.229415e+00 2.323894e-03 1.245518e-03 9.999964e-01 1.571721e+01
9.992715e-01 3.805461e-02 2.877647e-03 6.955221e+01 -3.806031e-02 9.992735e-01 1.951480e-03 -5.278550e+00 -2.801305e-03 -2.059593e-03 9.999941e-01 1.615174e+01
9.993184e-01 -3.683992e-02 -2.371430e-03 7.026266e+01 3.683745e-02 9.993207e-01 -1.075339e-03 -5.336440e+00 2.409446e-03 9.872589e-04 9.999965e-01 1.647750e+01
9.992638e-01 3.824049e-02 3.084452e-03 7.103735e+01 -3.824732e-02 9.992659e-01 2.185433e-03 -5.396977e+00 -2.998628e-03 -2.301807e-03 9.999930e-01 1.681955e+01
9.993111e-01 -3.702055e-02 -2.612362e-03 7.181893e+01 3.701747e-02 9.993139e-01 -1.217947e-03 -5.459606e+00 2.655671e-03 1.120416e-03 9.999957e-01 1.714320e+01
9.992821e-01 3.779959e-02 2.547551e-03 7.247132e+01 -3.780541e-02 9.992825e-01 2.276504e-03 -5.513712e+00 -2.459684e-03 -2.371192e-03 9.999943e-01 1.745770e+01
9.993234e-01 -3.672778e-02 -1.934169e-03 7.308660e+01 3.672478e-02 9.993242e-01 -1.565251e-03 -5.565046e+00 1.990362e-03 1.493170e-03 9.999968e-01 1.777049e+01
9.992804e-01 3.784219e-02 2.568439e-03 7.375540e+01 -3.784837e-02 9.992806e-01 2.399920e-03 -5.621595e+00 -2.475785e-03 -2.495416e-03 9.999939e-01 1.819461e+01
9.993272e-01 -3.661769e-02 -2.083803e-03 7.436743e+01 3.661451e-02 9.993283e-01 -1.545195e-03 -5.673475e+00 2.138997e-03 1.467869e-03 9.999965e-01 1.859721e+01
9.993084e-01 3.707563e-02 2.839440e-03 7.482224e+01 -3.708198e-02 9.993098e-01 2.219319e-03 -5.711567e+00 -2.755209e-03 -2.323088e-03 9.999936e-01 1.884645e+01
9.993347e-01 -3.646340e-02 -7.154427e-04 7.506944e+01 3.646172e-02 9.993326e-01 -2.228500e-03 -5.732236e+00 7.962361e-04 2.200942e-03 9.999972e-01 1.892441e+01
9.993135e-01 3.698092e-02 2.245065e-03 7.528071e+01 -3.698579e-02 9.993134e-01 2.168419e-03 -5.751517e+00 -2.163346e-03 -2.249977e-03 9.999952e-01 1.905042e+01
9.993362e-01 -3.642625e-02 -4.392088e-04 7.550448e+01 3.642515e-02 9.993337e-01 -2.297151e-03 -5.771426e+00 5.226053e-04 2.279639e-03 9.999972e-01 1.916338e+01
9.993102e-01 3.709444e-02 1.753877e-03 7.575911e+01 -3.709846e-02 9.993089e-01 2.317897e-03 -5.793458e+00 -1.666696e-03 -2.381376e-03 9.999959e-01 1.931615e+01
9.994305e-01 -3.373706e-02 6.334449e-04 7.601810e+01 3.373861e-02 9.994272e-01 -2.627443e-03 -5.817616e+00 -5.444270e-04 2.647329e-03 9.999962e-01 1.958718e+01
9.994132e-01 3.423906e-02 9.440546e-04 7.619319e+01 -3.424148e-02 9.994100e-01 2.679790e-03 -5.837595e+00 -8.517568e-04 -2.710555e-03 9.999961e-01 1.987323e+01
9.994270e-01 -3.384041e-02 6.343273e-04 7.636786e+01 3.384204e-02 9.994234e-01 -2.758914e-03 -5.853304e+00 -5.405856e-04 2.778811e-03 9.999959e-01 1.998343e+01
9.994107e-01 3.432537e-02 1.076642e-04 7.657586e+01 -3.432554e-02 9.994074e-01 2.584014e-03 -5.872296e+00 -1.891607e-05 -2.586198e-03 9.999968e-01 2.011163e+01
9.994319e-01 -3.366746e-02 1.558673e-03 7.685478e+01 3.367125e-02 9.994299e-01 -2.469616e-03 -5.896100e+00 -1.474625e-03 2.520706e-03 9.999956e-01 2.024383e+01
9.994077e-01 3.441169e-02 -7.725764e-05 7.714392e+01 -3.441138e-02 9.994045e-01 2.550733e-03 -5.920762e+00 1.649735e-04 -2.546575e-03 9.999968e-01 2.036190e+01
9.994291e-01 -3.375191e-02 1.496451e-03 7.746218e+01 3.375532e-02 9.994275e-01 -2.311911e-03 -5.946453e+00 -1.417549e-03 2.361116e-03 9.999961e-01 2.046334e+01
9.994037e-01 3.452758e-02 1.050929e-04 7.782788e+01 -3.452773e-02 9.994005e-01 2.559210e-03 -5.975693e+00 -1.667996e-05 -2.561325e-03 9.999968e-01 2.059326e+01
9.994251e-01 -3.388424e-02 1.177598e-03 7.820638e+01 3.388678e-02 9.994232e-01 -2.212361e-03 -6.007589e+00 -1.101941e-03 2.251005e-03 9.999968e-01 2.078385e+01
9.994026e-01 3.456194e-02 1.238245e-04 7.853531e+01 -3.456214e-02 9.993995e-01 2.481577e-03 -6.034901e+00 -3.799572e-05 -2.484386e-03 9.999970e-01 2.093146e+01
9.994289e-01 -3.376358e-02 1.352130e-03 7.876482e+01 3.376676e-02 9.994269e-01 -2.398990e-03 -6.055176e+00 -1.270343e-03 2.443288e-03 9.999961e-01 2.102629e+01
9.994090e-01 3.437642e-02 -3.012128e-05 7.902880e+01 -3.437624e-02 9.994059e-01 2.482665e-03 -6.076893e+00 1.154346e-04 -2.480174e-03 9.999970e-01 2.114866e+01
9.994303e-01 -3.371563e-02 1.546680e-03 7.927438e+01 3.371910e-02 9.994288e-01 -2.274561e-03 -6.096606e+00 -1.469094e-03 2.325429e-03 9.999961e-01 2.121117e+01
9.994108e-01 3.432199e-02 -2.621925e-04 7.950922e+01 -3.432129e-02 9.994082e-01 2.318332e-03 -6.115597e+00 3.415929e-04 -2.307979e-03 9.999974e-01 2.131682e+01
9.994313e-01 -3.368311e-02 1.570713e-03 7.974656e+01 3.368661e-02 9.994299e-01 -2.257017e-03 -6.135922e+00 -1.493780e-03 2.308657e-03 9.999961e-01 2.143323e+01
9.994076e-01 3.441516e-02 2.495307e-04 7.988663e+01 -3.441563e-02 9.994052e-01 2.191241e-03 -6.150442e+00 -1.739848e-04 -2.198543e-03 9.999977e-01 2.154213e+01
9.994228e-01 -3.394531e-02 1.332757e-03 8.015167e+01 3.394788e-02 9.994217e-01 -1.961960e-03 -6.171713e+00 -1.265372e-03 2.006083e-03 9.999971e-01 2.166098e+01
9.994037e-01 3.452774e-02 1.748000e-04 8.049327e+01 -3.452804e-02 9.994013e-01 2.183058e-03 -6.199277e+00 -9.933403e-05 -2.187804e-03 9.999977e-01 2.180339e+01
9.994305e-01 -3.372855e-02 1.058023e-03 8.091681e+01 3.373024e-02 9.994296e-01 -1.626952e-03 -6.232718e+00 -1.002529e-03 1.661724e-03 9.999980e-01 2.202390e+01
9.993851e-01 3.506114e-02 2.869199e-04 8.141209e+01 -3.506166e-02 9.993830e-01 2.086025e-03 -6.273331e+00 -2.136194e-04 -2.094814e-03 9.999979e-01 2.232946e+01
9.994423e-01 -3.335304e-02 1.623139e-03 8.187596e+01 3.335606e-02 9.994418e-01 -1.875870e-03 -6.313455e+00 -1.559651e-03 1.928977e-03 9.999968e-01 2.260211e+01
9.994161e-01 3.416713e-02 1.398845e-05 8.234954e+01 -3.416707e-02 9.994135e-01 2.287699e-03 -6.350622e+00 6.416861e-05 -2.286854e-03 9.999975e-01 2.279440e+01
9.994494e-01 -3.314902e-02 1.442267e-03 8.283997e+01 3.315161e-02 9.994487e-01 -1.808661e-03 -6.389708e+00 -1.381501e-03 1.855490e-03 9.999972e-01 2.301188e+01
9.994178e-01 3.411612e-02 -2.741785e-04 8.331334e+01 -3.411541e-02 9.994153e-01 2.261635e-03 -6.427842e+00 3.511609e-04 -2.250977e-03 9.999975e-01 2.322189e+01
9.994447e-01 -3.328283e-02 1.581879e-03 8.376991e+01 3.328561e-02 9.994443e-01 -1.763527e-03 -6.463821e+00 -1.522289e-03 1.815213e-03 9.999971e-01 2.341870e+01
9.994232e-01 3.395864e-02 -1.998948e-04 8.411936e+01 -3.395816e-02 9.994212e-01 2.029783e-03 -6.491633e+00 2.686920e-04 -2.021837e-03 9.999980e-01 2.353836e+01
9.994538e-01 -3.302206e-02 1.302363e-03 8.456477e+01 3.302405e-02 9.994534e-01 -1.542542e-03 -6.527821e+00 -1.250697e-03 1.584720e-03 9.999979e-01 2.371049e+01
9.994214e-01 3.401218e-02 -9.522529e-05 8.510466e+01 -3.401189e-02 9.994190e-01 2.205633e-03 -6.569841e+00 1.701724e-04 -2.201130e-03 9.999977e-01 2.394749e+01
9.994455e-01 -3.325745e-02 1.612032e-03 8.553482e+01 3.326026e-02 9.994452e-01 -1.746351e-03 -6.604990e+00 -1.553042e-03 1.799011e-03 9.999971e-01 2.417174e+01
9.994208e-01 3.403054e-02 1.155946e-04 8.589847e+01 -3.403070e-02 9.994189e-01 1.936479e-03 -6.635020e+00 -4.964423e-05 -1.939303e-03 9.999982e-01 2.435103e+01
9.994537e-01 -3.303152e-02 1.142051e-03 8.637970e+01 3.303310e-02 9.994533e-01 -1.399303e-03 -6.672698e+00 -1.095188e-03 1.436276e-03 9.999983e-01 2.452611e+01
9.994110e-01 3.431742e-02 -3.877613e-05 8.703109e+01 -3.431725e-02 9.994086e-01 2.187009e-03 -6.724434e+00 1.137893e-04 -2.184403e-03 9.999977e-01 2.482161e+01
9.994444e-01 -3.331756e-02 9.351053e-04 8.767220e+01 3.331872e-02 9.994440e-01 -1.249311e-03 -6.775599e+00 -8.929445e-04 1.279785e-03 9.999987e-01 2.517229e+01
9.994035e-01 3.453276e-02 -3.009123e-04 8.846252e+01 -3.453196e-02 9.994009e-01 2.333174e-03 -6.837342e+00 3.812864e-04 -2.321404e-03 9.999973e-01 2.539916e+01
9.994501e-01 -3.315624e-02 2.977123e-04 8.923184e+01 3.315656e-02 9.994495e-01 -1.132605e-03 -6.893720e+00 -2.599785e-04 1.141865e-03 9.999992e-01 2.567968e+01
9.993573e-01 3.580465e-02 1.733842e-03 8.974150e+01 -3.580698e-02 9.993578e-01 1.333771e-03 -6.935245e+00 -1.684990e-03 -1.395011e-03 9.999977e-01 2.596137e+01
9.994021e-01 -3.456589e-02 -7.832559e-04 9.013862e+01 3.456501e-02 9.994018e-01 -1.108935e-03 -6.968978e+00 8.211359e-04 1.081211e-03 9.999990e-01 2.616325e+01
9.993689e-01 3.542902e-02 2.566382e-03 9.054336e+01 -3.543257e-02 9.993712e-01 1.352808e-03 -7.000164e+00 -2.516857e-03 -1.442901e-03 9.999959e-01 2.632101e+01
9.994072e-01 -3.439151e-02 -1.557356e-03 9.104173e+01 3.439001e-02 9.994080e-01 -9.784625e-04 -7.040265e+00 1.590102e-03 9.243375e-04 9.999982e-01 2.657501e+01
9.993620e-01 3.560427e-02 2.824470e-03 9.153889e+01 -3.560801e-02 9.993650e-01 1.286785e-03 -7.080505e+00 -2.776878e-03 -1.386550e-03 9.999953e-01 2.684946e+01
9.993987e-01 -3.460082e-02 -2.224829e-03 9.213777e+01 3.459931e-02 9.994010e-01 -7.120147e-04 -7.128620e+00 2.248150e-03 6.346216e-04 9.999972e-01 2.702273e+01
9.993678e-01 3.535859e-02 3.717213e-03 9.266461e+01 -3.536439e-02 9.993733e-01 1.506299e-03 -7.168770e+00 -3.661640e-03 -1.636817e-03 9.999921e-01 2.723345e+01
9.994035e-01 -3.443951e-02 -2.552028e-03 9.314628e+01 3.443671e-02 9.994062e-01 -1.129922e-03 -7.208965e+00 2.589444e-03 1.041377e-03 9.999960e-01 2.751256e+01
9.993701e-01 3.526860e-02 3.941978e-03 9.345537e+01 -3.527308e-02 9.993771e-01 1.072241e-03 -7.236379e+00 -3.901724e-03 -1.210624e-03 9.999918e-01 2.774939e+01
9.994023e-01 -3.445478e-02 -2.818514e-03 9.377823e+01 3.445198e-02 9.994058e-01 -1.034652e-03 -7.264362e+00 2.852506e-03 9.369425e-04 9.999954e-01 2.796663e+01
9.993633e-01 3.544238e-02 4.091338e-03 9.423751e+01 -3.544762e-02 9.993708e-01 1.214004e-03 -7.302109e+00 -4.045755e-03 -1.358272e-03 9.999910e-01 2.821108e+01
9.993988e-01 -3.453991e-02 -3.013009e-03 9.466912e+01 3.453712e-02 9.994029e-01 -9.752769e-04 -7.340164e+00 3.044914e-03 8.706427e-04 9.999949e-01 2.848807e+01
9.993636e-01 3.542288e-02 4.202895e-03 9.517398e+01 -3.542890e-02 9.993713e-01 1.365043e-03 -7.380747e+00 -4.151916e-03 -1.513092e-03 9.999903e-01 2.868652e+01
9.994007e-01 -3.448427e-02 -2.999137e-03 9.572238e+01 3.448182e-02 9.994049e-01 -8.657166e-04 -7.425349e+00 3.027225e-03 7.617950e-04 9.999950e-01 2.893858e+01
9.993708e-01 3.521597e-02 4.223939e-03 9.613753e+01 -3.522068e-02 9.993790e-01 1.046591e-03 -7.461224e+00 -4.184478e-03 -1.194716e-03 9.999906e-01 2.919896e+01
9.994029e-01 -3.442099e-02 -3.015261e-03 9.658133e+01 3.441892e-02 9.994072e-01 -7.348721e-04 -7.497910e+00 3.038787e-03 6.306643e-04 9.999951e-01 2.942431e+01
9.993718e-01 3.518776e-02 4.227257e-03 9.693457e+01 -3.519138e-02 9.993803e-01 7.840709e-04 -7.528911e+00 -4.197066e-03 -9.323550e-04 9.999909e-01 2.964483e+01
9.994039e-01 -3.437563e-02 -3.176967e-03 9.729708e+01 3.437397e-02 9.994089e-01 -5.733922e-04 -7.558582e+00 3.194819e-03 4.638585e-04 9.999947e-01 2.981241e+01
9.993728e-01 3.510382e-02 4.670561e-03 9.771922e+01 -3.510747e-02 9.993833e-01 7.027624e-04 -7.592002e+00 -4.643030e-03 -8.663070e-04 9.999889e-01 2.995362e+01
9.994092e-01 -3.421556e-02 -3.247339e-03 9.816133e+01 3.421434e-02 9.994144e-01 -4.304108e-04 -7.627374e+00 3.260183e-03 3.190641e-04 9.999945e-01 3.016353e+01
9.993736e-01 3.507064e-02 4.740763e-03 9.852902e+01 -3.507333e-02 9.993846e-01 4.861819e-04 -7.657963e+00 -4.720814e-03 -6.521655e-04 9.999887e-01 3.034854e+01
9.994039e-01 -3.436104e-02 -3.338340e-03 9.891060e+01 3.436028e-02 9.994095e-01 -2.866091e-04 -7.688805e+00 3.346237e-03 1.717451e-04 9.999943e-01 3.054912e+01
9.993183e-01 3.656180e-02 5.122602e-03 9.936223e+01 -3.656406e-02 9.993313e-01 3.495160e-04 -7.725784e+00 -5.106416e-03 -5.365948e-04 9.999869e-01 3.080026e+01
9.993855e-01 -3.488854e-02 -3.391773e-03 9.980996e+01 3.488770e-02 9.993912e-01 -3.079615e-04 -7.761517e+00 3.400472e-03 1.894543e-04 9.999941e-01 3.099943e+01
9.993420e-01 3.592301e-02 5.001339e-03 1.002621e+02 -3.592589e-02 9.993543e-01 4.874913e-04 -7.796732e+00 -4.980617e-03 -6.668622e-04 9.999875e-01 3.119934e+01
9.993872e-01 -3.482231e-02 -3.546108e-03 1.007621e+02 3.482198e-02 9.993935e-01 -1.541195e-04 -7.836707e+00 3.549344e-03 3.055592e-05 9.999936e-01 3.144922e+01
9.993531e-01 3.559778e-02 5.113447e-03 1.012107e+02 -3.559991e-02 9.993661e-01 3.276874e-04 -7.873360e+00 -5.098560e-03 -5.095278e-04 9.999870e-01 3.163979e+01
9.993939e-01 -3.460999e-02 -3.726711e-03 1.016455e+02 3.460972e-02 9.994009e-01 -1.362059e-04 -7.908103e+00 3.729213e-03 7.156415e-06 9.999929e-01 3.182429e+01
9.993539e-01 3.557901e-02 5.088671e-03 1.021002e+02 -3.558118e-02 9.993667e-01 3.367611e-04 -7.944649e+00 -5.073487e-03 -5.176186e-04 9.999871e-01 3.201181e+01
9.993952e-01 -3.459289e-02 -3.540690e-03 1.025626e+02 3.459271e-02 9.994015e-01 -1.139910e-04 -7.982010e+00 3.542534e-03 -8.546508e-06 9.999936e-01 3.222900e+01
9.993348e-01 3.611320e-02 5.071515e-03 1.030738e+02 -3.611523e-02 9.993476e-01 3.092974e-04 -8.022110e+00 -5.057057e-03 -4.922648e-04 9.999872e-01 3.247067e+01
9.994004e-01 -3.446027e-02 -3.371999e-03 1.037794e+02 3.446095e-02 9.994060e-01 1.449218e-04 -8.072470e+00 3.365023e-03 -2.610235e-04 9.999942e-01 3.268928e+01
9.989148e-01 4.566516e-02 9.159476e-03 1.045514e+02 -4.565607e-02 9.989565e-01 -1.198875e-03 -8.129410e+00 -9.204686e-03 7.793741e-04 9.999574e-01 3.307872e+01
9.990513e-01 -4.293231e-02 -7.304880e-03 1.050611e+02 4.294145e-02 9.990770e-01 1.098883e-03 -8.171355e+00 7.250981e-03 -1.411509e-03 9.999726e-01 3.341714e+01
9.989842e-01 4.418329e-02 8.854673e-03 1.055775e+02 -4.417737e-02 9.990233e-01 -8.632085e-04 -8.212375e+00 -8.884186e-03 4.711409e-04 9.999605e-01 3.363922e+01
9.991009e-01 -4.188491e-02 -6.566786e-03 1.060741e+02 4.189239e-02 9.991216e-01 1.005626e-03 -8.249758e+00 6.518919e-03 -1.279807e-03 9.999778e-01 3.371433e+01
9.990448e-01 4.289723e-02 8.323913e-03 1.066114e+02 -4.289216e-02 9.990794e-01 -7.861434e-04 -8.288772e+00 -8.349995e-03 4.283472e-04 9.999651e-01 3.386782e+01
9.990973e-01 -4.183816e-02 -7.363657e-03 1.071317e+02 4.184794e-02 9.991233e-01 1.179072e-03 -8.328715e+00 7.307893e-03 -1.486147e-03 9.999721e-01 3.412264e+01
9.990396e-01 4.272911e-02 9.697428e-03 1.076616e+02 -4.272685e-02 9.990867e-01 -4.404202e-04 -8.361789e+00 -9.707412e-03 2.564169e-05 9.999530e-01 3.396342e+01
9.990950e-01 -4.175651e-02 -8.098599e-03 1.082021e+02 4.176511e-02 9.991271e-01 8.955125e-04 -8.401868e+00 8.054159e-03 -1.232927e-03 9.999667e-01 3.407043e+01
9.990402e-01 4.279582e-02 9.341449e-03 1.086884e+02 -4.279047e-02 9.990838e-01 -7.707549e-04 -8.443043e+00 -9.365897e-03 3.702750e-04 9.999562e-01 3.434013e+01
9.990758e-01 -4.224941e-02 -7.909772e-03 1.089848e+02 4.225496e-02 9.991067e-01 5.360023e-04 -8.467518e+00 7.880083e-03 -8.697198e-04 9.999685e-01 3.446002e+01
9.990353e-01 4.273791e-02 1.009329e-02 1.090940e+02 -4.273044e-02 9.990862e-01 -9.542357e-04 -8.476846e+00 -1.012487e-02 5.220094e-04 9.999487e-01 3.441404e+01
9.990716e-01 -4.228163e-02 -8.252807e-03 1.092880e+02 4.228953e-02 9.991051e-01 7.852774e-04 -8.491653e+00 8.212242e-03 -1.133542e-03 9.999655e-01 3.443228e+01
9.990241e-01 4.299408e-02 1.011993e-02 1.095415e+02 -4.298555e-02 9.990751e-01 -1.058808e-03 -8.511423e+00 -1.015611e-02 6.227485e-04 9.999483e-01 3.451325e+01
9.990643e-01 -4.239550e-02 -8.547592e-03 1.098030e+02 4.240310e-02 9.991003e-01 7.095159e-04 -8.533902e+00 8.509845e-03 -1.071282e-03 9.999631e-01 3.463799e+01
9.989941e-01 4.387183e-02 9.272138e-03 1.103974e+02 -4.387040e-02 9.990372e-01 -3.568563e-04 -8.580144e+00 -9.278889e-03 -5.029034e-05 9.999570e-01 3.465590e+01
9.991075e-01 -4.142604e-02 -8.252254e-03 1.113027e+02 4.143576e-02 9.991407e-01 1.010490e-03 -8.641189e+00 8.203326e-03 -1.351512e-03 9.999653e-01 3.465344e+01
9.990346e-01 4.262717e-02 1.061663e-02 1.120396e+02 -4.262747e-02 9.990910e-01 -1.976104e-04 -8.687390e+00 -1.061542e-02 -2.551559e-04 9.999437e-01 3.438215e+01
9.991268e-01 -4.074433e-02 -9.245082e-03 1.129687e+02 4.075772e-02 9.991683e-01 1.264702e-03 -8.749377e+00 9.185887e-03 -1.640392e-03 9.999564e-01 3.437311e+01
9.990316e-01 4.246197e-02 1.152430e-02 1.136912e+02 -4.245982e-02 9.990981e-01 -4.309026e-04 -8.799998e+00 -1.153222e-02 -5.885009e-05 9.999336e-01 3.439961e+01
9.991274e-01 -4.064174e-02 -9.628886e-03 1.146828e+02 4.058050e-02 9.991553e-01 -6.472238e-03 -8.866715e+00 9.883821e-03 6.075859e-03 9.999326e-01 3.447910e+01
9.989291e-01 4.497232e-02 1.087238e-02 1.160047e+02 -4.506020e-02 9.989524e-01 7.978080e-03 -8.966627e+00 -1.050222e-02 -8.459463e-03 9.999092e-01 3.481145e+01
9.990131e-01 -4.315456e-02 -1.051535e-02 1.169708e+02 4.308238e-02 9.990470e-01 -6.996382e-03 -9.040648e+00 1.080728e-02 6.536465e-03 9.999201e-01 3.511749e+01
9.989198e-01 4.504797e-02 1.139967e-02 1.180495e+02 -4.514255e-02 9.989471e-01 8.180340e-03 -9.121352e+00 -1.101919e-02 -8.686130e-03 9.999017e-01 3.532125e+01
9.989911e-01 -4.372902e-02 -1.022632e-02 1.187818e+02 4.364973e-02 9.990160e-01 -7.852185e-03 -9.179700e+00 1.055965e-02 7.397902e-03 9.999168e-01 3.555600e+01
9.989178e-01 4.551407e-02 9.573508e-03 1.195664e+02 -4.559605e-02 9.989236e-01 8.526880e-03 -9.238228e+00 -9.175134e-03 -8.954182e-03 9.999179e-01 3.572305e+01
9.990128e-01 -4.363858e-02 -8.310061e-03 1.202905e+02 4.357482e-02 9.990205e-01 -7.704911e-03 -9.293652e+00 8.638177e-03 7.335210e-03 9.999357e-01 3.602310e+01
9.989265e-01 4.508256e-02 1.065295e-02 1.211492e+02 -4.517411e-02 9.989428e-01 8.514973e-03 -9.357766e+00 -1.025784e-02 -8.987086e-03 9.999071e-01 3.634136e+01
9.989929e-01 -4.361193e-02 -1.054600e-02 1.220699e+02 4.353530e-02 9.990246e-01 -7.390136e-03 -9.422146e+00 1.085804e-02 6.923586e-03 9.999170e-01 3.647309e+01
9.989121e-01 4.505549e-02 1.202966e-02 1.230088e+02 -4.515749e-02 9.989450e-01 8.346852e-03 -9.490646e+00 -1.164093e-02 -8.881017e-03 9.998929e-01 3.663939e+01
9.989972e-01 -4.351924e-02 -1.051582e-02 1.240226e+02 4.344429e-02 9.990295e-01 -7.254369e-03 -9.563031e+00 1.082134e-02 6.790258e-03 9.999183e-01 3.674130e+01
9.989236e-01 4.476344e-02 1.216151e-02 1.250228e+02 -4.486704e-02 9.989578e-01 8.384248e-03 -9.633485e+00 -1.177355e-02 -8.920891e-03 9.998910e-01 3.694123e+01
9.990163e-01 -4.312143e-02 -1.034043e-02 1.257601e+02 4.303954e-02 9.990412e-01 -8.014378e-03 -9.688715e+00 1.067613e-02 7.561463e-03 9.999143e-01 3.717875e+01
9.989194e-01 4.501442e-02 1.156270e-02 1.269993e+02 -4.512268e-02 9.989384e-01 9.279204e-03 -9.776264e+00 -1.113275e-02 -9.790934e-03 9.998902e-01 3.722770e+01
9.990013e-01 -4.261461e-02 -1.342797e-02 1.285768e+02 4.252502e-02 9.990717e-01 -6.887893e-03 -9.886692e+00 1.370905e-02 6.310006e-03 9.998860e-01 3.732682e+01
9.989023e-01 4.466092e-02 1.413046e-02 1.297592e+02 -4.477976e-02 9.989632e-01 8.209073e-03 -9.973201e+00 -1.374921e-02 -8.832838e-03 9.998666e-01 3.746778e+01
