9.999993e-01 -8.425076e-04 -7.879030e-04 8.022025e-01 8.439089e-04 9.999981e-01 1.779865e-03 -6.192812e-02 7.864019e-04 -1.780529e-03 9.999982e-01 2.688559e-01
9.999995e-01 -1.132038e-04 1.012923e-03 1.538985e+00 1.127839e-04 9.999999e-01 4.146039e-04 -1.191411e-01 -1.012970e-03 -4.144885e-04 9.999993e-01 7.514746e-01
9.999985e-01 -4.523519e-04 -1.646621e-03 2.232396e+00 4.542691e-04 9.999992e-01 1.164125e-03 -1.755442e-01 1.646093e-03 -1.164873e-03 9.999981e-01 1.105888e+00
9.999999e-01 -3.246592e-04 -6.191855e-05 3.003068e+00 3.246895e-04 9.999998e-01 4.900670e-04 -2.333443e-01 6.175919e-05 -4.900858e-04 9.999998e-01 1.367641e+00
9.999995e-01 -4.589564e-04 -8.499816e-04 3.684020e+00 4.598074e-04 9.999994e-01 1.001384e-03 -2.850617e-01 8.495218e-04 -1.001776e-03 9.999992e-01 1.661189e+00
9.999999e-01 -2.819013e-04 2.790632e-04 4.335777e+00 2.817529e-04 9.999998e-01 5.317472e-04 -3.370733e-01 -2.792134e-04 -5.316670e-04 9.999997e-01 1.991705e+00
9.999996e-01 -4.539564e-04 -7.295321e-04 4.999550e+00 4.546910e-04 9.999994e-01 1.007122e-03 -3.888112e-01 7.290749e-04 -1.007455e-03 9.999993e-01 2.291014e+00
9.999999e-01 -1.552974e-04 4.381516e-04 5.591627e+00 1.551330e-04 9.999999e-01 3.753924e-04 -4.349781e-01 -4.382103e-04 -3.753226e-04 9.999997e-01 2.600180e+00
9.999999e-01 -4.254427e-04 -1.295366e-04 6.179200e+00 4.255875e-04 9.999993e-01 1.120135e-03 -4.832831e-01 1.290603e-04 -1.120192e-03 9.999995e-01 2.982553e+00
9.999999e-01 -2.036977e-04 3.493524e-04 6.851721e+00 2.035157e-04 9.999998e-01 5.210984e-04 -5.390394e-01 -3.494589e-04 -5.210252e-04 9.999997e-01 3.399555e+00
9.999998e-01 -5.080433e-04 -4.211386e-04 7.648230e+00 5.085276e-04 9.999992e-01 1.150734e-03 -6.019731e-01 4.205541e-04 -1.150951e-03 9.999993e-01 3.860264e+00
9.999999e-01 -2.723108e-04 2.374551e-04 8.437490e+00 2.721779e-04 9.999998e-01 5.597898e-04 -6.640084e-01 -2.376079e-04 -5.597227e-04 9.999997e-01 4.277425e+00
9.999998e-01 -3.167159e-04 -5.021522e-04 9.057776e+00 3.170729e-04 9.999997e-01 7.110697e-04 -7.134945e-01 5.019273e-04 -7.112314e-04 9.999997e-01 4.570849e+00
9.999998e-01 -3.327635e-04 5.565851e-04 9.611944e+00 3.324029e-04 9.999997e-01 6.478683e-04 -7.558795e-01 -5.568010e-04 -6.476804e-04 9.999995e-01 4.901616e+00
9.999999e-01 -1.570211e-04 -3.910849e-04 1.015759e+01 1.572560e-04 9.999998e-01 6.008058e-04 -8.018763e-01 3.909909e-04 -6.008701e-04 9.999998e-01 5.288316e+00
9.999999e-01 -2.721226e-04 4.298441e-04 1.076666e+01 2.717845e-04 9.999997e-01 7.865058e-04 -8.506743e-01 -4.300584e-04 -7.863859e-04 9.999995e-01 5.687065e+00
9.999996e-01 -2.321853e-04 -8.570170e-04 1.133260e+01 2.326586e-04 9.999998e-01 5.522505e-04 -8.987913e-01 8.568891e-04 -5.524527e-04 9.999996e-01 6.029839e+00
9.999996e-01 -3.023346e-04 8.670207e-04 1.197314e+01 3.016304e-04 9.999996e-01 8.121854e-04 -9.490638e-01 -8.672664e-04 -8.119203e-04 9.999992e-01 6.379645e+00
9.999992e-01 -4.854116e-04 -1.168859e-03 1.261313e+01 4.859569e-04 9.999998e-01 4.662455e-04 -9.982602e-01 1.168633e-03 -4.668165e-04 9.999993e-01 6.633520e+00
9.999992e-01 -2.197375e-04 1.266057e-03 1.330001e+01 2.184179e-04 9.999994e-01 1.042384e-03 -1.050220e+00 -1.266286e-03 -1.042103e-03 9.999986e-01 6.964188e+00
9.999993e-01 -4.697359e-04 -1.046725e-03 1.386272e+01 4.701693e-04 9.999998e-01 4.139273e-04 -1.097032e+00 1.046531e-03 -4.144229e-04 9.999995e-01 7.322535e+00
9.999987e-01 -1.426944e-05 1.588615e-03 1.442449e+01 1.281263e-05 9.999996e-01 9.170532e-04 -1.141103e+00 -1.588627e-03 -9.170279e-04 9.999982e-01 7.638595e+00
9.999990e-01 -4.866133e-04 -1.323685e-03 1.493235e+01 4.869375e-04 9.999999e-01 2.446163e-04 -1.183381e+00 1.323567e-03 -2.452646e-04 9.999992e-01 7.946743e+00
9.999980e-01 -2.754251e-04 1.976127e-03 1.552931e+01 2.728920e-04 9.999991e-01 1.281987e-03 -1.229129e+00 -1.976478e-03 -1.281441e-03 9.999971e-01 8.285162e+00
9.999971e-01 -1.522161e-04 -2.395520e-03 1.602889e+01 1.522178e-04 1.000000e+00 5.298399e-07 -1.272517e+00 2.395521e-03 -8.986782e-07 9.999972e-01 8.598123e+00
9.999972e-01 -1.594865e-04 2.344563e-03 1.652642e+01 1.567556e-04 9.999993e-01 1.164930e-03 -1.308358e+00 -2.344748e-03 -1.164555e-03 9.999965e-01 8.758029e+00
9.999957e-01 -2.292190e-04 -2.938997e-03 1.697214e+01 2.297711e-04 1.000000e+00 1.875262e-04 -1.342061e+00 2.938955e-03 -1.882051e-04 9.999958e-01 8.879364e+00
9.999936e-01 -9.103101e-04 3.455616e-03 1.758518e+01 9.053567e-04 9.999986e-01 1.434735e-03 -1.388931e+00 -3.456918e-03 -1.431592e-03 9.999929e-01 9.147718e+00
9.999918e-01 -1.961213e-05 -4.059549e-03 1.834764e+01 2.191851e-05 9.999998e-01 5.680973e-04 -1.451380e+00 4.059538e-03 -5.681864e-04 9.999917e-01 9.649483e+00
9.999913e-01 -7.166978e-04 4.104932e-03 1.910379e+01 7.090080e-04 9.999980e-01 1.874471e-03 -1.516079e+00 -4.106267e-03 -1.871539e-03 9.999897e-01 1.030926e+01
9.999905e-01 -1.678610e-04 -4.363936e-03 1.984170e+01 1.686699e-04 1.000000e+00 1.849971e-04 -1.580766e+00 4.363905e-03 -1.857367e-04 9.999906e-01 1.092156e+01
9.999906e-01 -5.935786e-04 4.302807e-03 2.050958e+01 5.850809e-04 9.999979e-01 1.975910e-03 -1.639686e+00 -4.303971e-03 -1.973368e-03 9.999887e-01 1.155233e+01
9.999953e-01 5.622057e-05 -3.057014e-03 2.106006e+01 -5.644808e-05 1.000000e+00 -7.433153e-05 -1.691866e+00 3.057010e-03 7.449808e-05 9.999954e-01 1.224687e+01
9.999907e-01 -7.659753e-04 4.249542e-03 2.154260e+01 7.576885e-04 9.999978e-01 1.951301e-03 -1.738860e+00 -4.251028e-03 -1.948057e-03 9.999890e-01 1.288836e+01
9.999964e-01 1.141180e-04 -2.678985e-03 2.204940e+01 -1.138159e-04 1.000000e+00 1.129031e-04 -1.787900e+00 2.678998e-03 -1.126039e-04 9.999965e-01 1.356795e+01
9.999850e-01 -6.556496e-04 5.433498e-03 2.249035e+01 6.439599e-04 9.999975e-01 2.152897e-03 -1.838213e+00 -5.434896e-03 -2.149360e-03 9.999828e-01 1.441772e+01
9.999953e-01 6.578352e-05 -3.053459e-03 2.295330e+01 -6.547571e-05 1.000000e+00 1.009052e-04 -1.888227e+00 3.053465e-03 -1.007113e-04 9.999954e-01 1.524764e+01
9.999893e-01 -5.487140e-04 4.592236e-03 2.351207e+01 5.385185e-04 9.999974e-01 2.221117e-03 -1.942819e+00 -4.593442e-03 -2.218613e-03 9.999869e-01 1.601529e+01
9.999921e-01 2.388446e-04 -3.964329e-03 2.407796e+01 -2.404948e-04 9.999999e-01 -4.157972e-04 -1.994709e+00 3.964228e-03 4.167404e-04 9.999922e-01 1.664069e+01
9.999921e-01 -8.074130e-04 3.904486e-03 2.466791e+01 7.977748e-04 9.999966e-01 2.469436e-03 -2.048158e+00 -3.906466e-03 -2.466295e-03 9.999892e-01 1.722748e+01
9.999925e-01 1.501284e-04 -3.874252e-03 2.541221e+01 -1.514837e-04 9.999999e-01 -3.495236e-04 -2.112687e+00 3.874198e-03 3.501006e-04 9.999925e-01 1.793528e+01
9.999924e-01 -7.876959e-04 3.815756e-03 2.608942e+01 7.789865e-04 9.999971e-01 2.283430e-03 -2.169395e+00 -3.817543e-03 -2.280432e-03 9.999900e-01 1.851705e+01
9.999918e-01 2.259956e-04 -4.044572e-03 2.670344e+01 -2.276231e-04 9.999999e-01 -4.019266e-04 -2.220865e+00 4.044480e-03 4.028363e-04 9.999918e-01 1.900778e+01
9.999923e-01 -9.063977e-04 3.814392e-03 2.731931e+01 8.974797e-04 9.999969e-01 2.339037e-03 -2.271802e+00 -3.816500e-03 -2.335588e-03 9.999899e-01 1.948225e+01
9.999922e-01 3.857259e-04 -3.932346e-03 2.792404e+01 -3.874501e-04 9.999998e-01 -4.377358e-04 -2.323926e+00 3.932176e-03 4.392478e-04 9.999923e-01 2.004702e+01
9.999875e-01 -6.519025e-04 4.966613e-03 2.843903e+01 6.394733e-04 9.999967e-01 2.503725e-03 -2.369367e+00 -4.968228e-03 -2.500509e-03 9.999844e-01 2.068346e+01
9.999899e-01 2.808488e-04 -4.479315e-03 2.900568e+01 -2.827396e-04 9.999999e-01 -4.214916e-04 -2.422923e+00 4.479195e-03 4.227453e-04 9.999900e-01 2.139315e+01
9.999874e-01 -7.654302e-04 4.964813e-03 2.960309e+01 7.526989e-04 9.999964e-01 2.565677e-03 -2.479439e+00 -4.966759e-03 -2.561899e-03 9.999843e-01 2.212805e+01
9.999968e-01 4.565954e-04 -2.495823e-03 3.000686e+01 -4.597086e-04 9.999991e-01 -1.246954e-03 -2.517594e+00 2.495250e-03 1.248089e-03 9.999962e-01 2.268917e+01
9.999876e-01 -7.441855e-04 4.931086e-03 3.021702e+01 7.333124e-04 9.999973e-01 2.206443e-03 -2.541604e+00 -4.932714e-03 -2.202790e-03 9.999853e-01 2.305969e+01
9.999967e-01 6.678354e-04 -2.485161e-03 3.036534e+01 -6.717284e-04 9.999985e-01 -1.566033e-03 -2.560034e+00 2.484110e-03 1.567688e-03 9.999958e-01 2.335885e+01
9.999865e-01 -1.095393e-03 5.071157e-03 3.058168e+01 1.083930e-03 9.999969e-01 2.262806e-03 -2.585164e+00 -5.073617e-03 -2.257270e-03 9.999845e-01 2.370062e+01
9.999981e-01 7.522562e-04 -1.818571e-03 3.077681e+01 -7.549618e-04 9.999986e-01 -1.487567e-03 -2.609020e+00 1.817447e-03 1.488928e-03 9.999973e-01 2.411118e+01
9.999809e-01 -1.097190e-03 6.080828e-03 3.088349e+01 1.085326e-03 9.999975e-01 1.953997e-03 -2.627159e+00 -6.082954e-03 -1.947350e-03 9.999795e-01 2.456058e+01
9.999991e-01 8.291659e-04 -1.059073e-03 3.096108e+01 -8.306477e-04 9.999987e-01 -1.399530e-03 -2.644169e+00 1.057908e-03 1.400399e-03 9.999986e-01 2.507082e+01
9.999800e-01 1.942284e-03 6.015664e-03 3.102214e+01 -1.953265e-03 9.999964e-01 1.819937e-03 -2.662829e+00 -6.012104e-03 -1.831641e-03 9.999801e-01 2.563457e+01
9.999993e-01 3.421385e-04 -1.140091e-03 3.112312e+01 -3.435519e-04 9.999992e-01 -1.239921e-03 -2.685167e+00 1.139661e-03 1.240302e-03 9.999987e-01 2.627219e+01
9.999713e-01 -9.183280e-04 7.524612e-03 3.121973e+01 9.049542e-04 9.999980e-01 1.780526e-03 -2.708207e+00 -7.526228e-03 -1.773656e-03 9.999700e-01 2.694443e+01
9.999874e-01 -5.027820e-03 8.856875e-05 3.125459e+01 5.027902e-03 9.999869e-01 -9.376598e-04 -2.729169e+00 -8.385871e-05 9.380838e-04 9.999997e-01 2.762977e+01
9.999758e-01 4.846498e-03 4.992179e-03 3.133830e+01 -4.853711e-03 9.999872e-01 1.433570e-03 -2.749449e+00 -4.985161e-03 -1.457756e-03 9.999864e-01 2.822564e+01
9.999799e-01 -6.324905e-03 4.694597e-04 3.139965e+01 6.325358e-03 9.999795e-01 -9.702622e-04 -2.767034e+00 -4.633198e-04 9.732026e-04 9.999995e-01 2.876015e+01
9.999754e-01 6.084055e-03 3.500408e-03 3.146755e+01 -6.088371e-03 9.999807e-01 1.223703e-03 -2.784015e+00 -3.492889e-03 -1.244975e-03 9.999930e-01 2.918837e+01
9.999805e-01 -6.239790e-03 -3.396069e-04 3.157110e+01 6.239484e-03 9.999801e-01 -8.937545e-04 -2.798764e+00 3.451697e-04 8.916085e-04 9.999996e-01 2.943134e+01
9.999740e-01 6.279442e-03 3.541383e-03 3.161575e+01 -6.284232e-03 9.999794e-01 1.342917e-03 -2.808994e+00 -3.532870e-03 -1.365127e-03 9.999927e-01 2.971915e+01
9.999801e-01 -6.309826e-03 -1.002036e-04 3.167980e+01 6.309729e-03 9.999796e-01 -9.450935e-04 -2.822460e+00 1.061570e-04 9.444327e-04 9.999996e-01 3.005157e+01
9.999780e-01 6.175386e-03 2.437444e-03 3.179278e+01 -6.179034e-03 9.999798e-01 1.491940e-03 -2.838675e+00 -2.428174e-03 -1.506958e-03 9.999958e-01 3.028107e+01
9.999811e-01 -6.127897e-03 -5.900952e-04 3.195093e+01 6.127248e-03 9.999806e-01 -1.097205e-03 -2.853970e+00 5.967990e-04 1.093559e-03 9.999993e-01 3.044972e+01
9.999762e-01 6.317176e-03 2.784559e-03 3.209445e+01 -6.321405e-03 9.999789e-01 1.512551e-03 -2.868564e+00 -2.774937e-03 -1.530108e-03 9.999949e-01 3.059160e+01
9.999797e-01 -6.351597e-03 -4.457145e-04 3.224567e+01 6.351199e-03 9.999794e-01 -8.907607e-04 -2.885849e+00 4.513543e-04 8.879019e-04 9.999996e-01 3.079931e+01
9.999774e-01 6.263711e-03 2.425787e-03 3.251940e+01 -6.267984e-03 9.999788e-01 1.757822e-03 -2.912355e+00 -2.414716e-03 -1.772977e-03 9.999954e-01 3.110893e+01
9.999782e-01 -6.600141e-03 -2.582537e-04 3.290250e+01 6.600152e-03 9.999782e-01 4.108857e-05 -2.949910e+00 2.579676e-04 -4.280234e-05 1.000000e+00 3.167367e+01
9.999790e-01 6.447284e-03 6.450285e-04 3.317049e+01 -6.447898e-03 9.999788e-01 9.530816e-04 -2.982051e+00 -6.388608e-04 -9.572104e-04 9.999992e-01 3.211548e+01
9.999784e-01 -6.562234e-03 -3.616976e-04 3.346735e+01 6.562058e-03 9.999784e-01 -4.880036e-04 -3.005884e+00 3.648829e-04 4.856093e-04 9.999999e-01 3.220864e+01
9.999788e-01 6.469233e-03 6.695870e-04 3.375066e+01 -6.469852e-03 9.999786e-01 9.252790e-04 -3.028879e+00 -6.635776e-04 -9.295812e-04 9.999992e-01 3.228172e+01
9.999779e-01 -6.621487e-03 -5.696205e-04 3.402274e+01 6.621225e-03 9.999780e-01 -4.619112e-04 -3.050811e+00 5.726571e-04 4.581190e-04 9.999998e-01 3.230941e+01
9.999783e-01 6.501616e-03 1.037502e-03 3.437278e+01 -6.502621e-03 9.999784e-01 9.684292e-04 -3.077792e+00 -1.031174e-03 -9.751442e-04 9.999989e-01 3.238118e+01
9.999764e-01 -6.745758e-03 -1.333523e-03 3.486850e+01 6.745608e-03 9.999772e-01 -1.174494e-04 -3.115890e+00 1.334275e-03 1.084407e-04 9.999992e-01 3.242409e+01
9.999783e-01 6.511028e-03 1.032045e-03 3.540274e+01 -6.512052e-03 9.999783e-01 9.915811e-04 -3.154602e+00 -1.025557e-03 -9.982696e-04 9.999989e-01 3.245288e+01
9.999764e-01 -6.767581e-03 -1.170742e-03 3.586501e+01 6.767469e-03 9.999771e-01 -1.002052e-04 -3.190731e+00 1.171384e-03 9.226921e-05 9.999994e-01 3.254533e+01
9.999784e-01 6.465324e-03 1.143037e-03 3.633085e+01 -6.466594e-03 9.999785e-01 1.110816e-03 -3.227912e+00 -1.135821e-03 -1.118173e-03 9.999986e-01 3.271583e+01
9.999766e-01 -6.698638e-03 -1.353239e-03 3.675616e+01 6.698349e-03 9.999775e-01 -2.182676e-04 -3.262274e+00 1.354662e-03 2.091872e-04 9.999992e-01 3.285414e+01
9.999785e-01 6.462512e-03 1.084807e-03 3.719642e+01 -6.463603e-03 9.999786e-01 1.005090e-03 -3.296207e+00 -1.078279e-03 -1.012070e-03 9.999988e-01 3.295170e+01
9.999775e-01 -6.628376e-03 -1.075452e-03 3.755695e+01 6.627981e-03 9.999780e-01 -3.710294e-04 -3.325048e+00 1.077878e-03 3.638819e-04 9.999995e-01 3.307613e+01
9.999780e-01 6.551309e-03 1.028563e-03 3.789200e+01 -6.552215e-03 9.999781e-01 8.785940e-04 -3.351299e+00 -1.022775e-03 -8.853029e-04 9.999990e-01 3.311541e+01
9.999779e-01 -6.629615e-03 -5.811618e-04 3.827716e+01 6.629449e-03 9.999780e-01 -2.882430e-04 -3.379592e+00 5.830506e-04 2.843727e-04 9.999999e-01 3.311706e+01
9.999780e-01 6.589730e-03 7.644860e-04 3.862675e+01 -6.590377e-03 9.999779e-01 8.461057e-04 -3.406053e+00 -7.588843e-04 -8.511141e-04 9.999993e-01 3.311508e+01
9.999792e-01 -6.441740e-03 2.375275e-04 3.888639e+01 6.441852e-03 9.999791e-01 -4.722714e-04 -3.425706e+00 -2.344897e-04 4.737805e-04 1.000000e+00 3.303345e+01
9.999803e-01 6.270923e-03 1.529721e-04 3.924083e+01 -6.271089e-03 9.999797e-01 1.106541e-03 -3.451011e+00 -1.460206e-04 -1.107467e-03 9.999993e-01 3.300434e+01
9.999794e-01 -6.421645e-03 9.651604e-05 3.953753e+01 6.421698e-03 9.999792e-01 -5.551330e-04 -3.475939e+00 -9.295864e-05 5.557300e-04 9.999999e-01 3.313986e+01
9.999798e-01 6.348216e-03 2.937677e-04 3.988409e+01 -6.348527e-03 9.999793e-01 1.070645e-03 -3.503031e+00 -2.869555e-04 -1.072477e-03 9.999993e-01 3.323474e+01
9.999780e-01 -6.593063e-03 -7.028706e-04 4.017292e+01 6.592728e-03 9.999782e-01 -4.782177e-04 -3.526069e+00 7.059987e-04 4.735619e-04 9.999997e-01 3.330341e+01
9.999783e-01 6.477508e-03 1.191893e-03 4.041221e+01 -6.478588e-03 9.999786e-01 9.040220e-04 -3.546270e+00 -1.186002e-03 -9.117126e-04 9.999988e-01 3.333100e+01
9.999784e-01 -6.523875e-03 -7.795655e-04 4.071087e+01 6.523698e-03 9.999787e-01 -2.309478e-04 -3.571205e+00 7.810460e-04 2.258456e-04 9.999998e-01 3.343393e+01
9.999795e-01 6.360938e-03 7.286319e-04 4.104978e+01 -6.361610e-03 9.999793e-01 9.231502e-04 -3.599343e+00 -7.227353e-04 -9.277549e-04 9.999992e-01 3.358218e+01
9.999780e-01 -6.565684e-03 -9.912566e-04 4.142450e+01 6.565474e-03 9.999784e-01 -2.155396e-04 -3.629189e+00 9.926408e-04 2.090150e-04 9.999996e-01 3.373373e+01
9.999791e-01 6.358640e-03 1.164213e-03 4.182533e+01 -6.359767e-03 9.999793e-01 9.668380e-04 -3.661992e+00 -1.158032e-03 -9.742101e-04 9.999988e-01 3.396152e+01
9.999771e-01 -6.607480e-03 -1.464166e-03 4.222347e+01 6.607015e-03 9.999781e-01 -3.221539e-04 -3.691715e+00 1.466253e-03 3.124609e-04 9.999990e-01 3.406833e+01
9.999786e-01 6.360865e-03 1.529992e-03 4.257377e+01 -6.362464e-03 9.999792e-01 1.042414e-03 -3.719893e+00 -1.523320e-03 -1.052114e-03 9.999982e-01 3.419922e+01
9.999784e-01 -6.484135e-03 -1.081415e-03 4.288738e+01 6.483665e-03 9.999789e-01 -4.379935e-04 -3.745635e+00 1.084223e-03 4.309605e-04 9.999994e-01 3.440046e+01
9.999800e-01 6.145768e-03 1.481847e-03 4.324103e+01 -6.147699e-03 9.999803e-01 1.301833e-03 -3.776121e+00 -1.473807e-03 -1.310905e-03 9.999980e-01 3.468156e+01
9.999782e-01 -6.534043e-03 -9.776055e-04 4.361219e+01 6.533601e-03 9.999786e-01 -4.553048e-04 -3.808471e+00 9.805498e-04 4.488954e-04 9.999995e-01 3.496222e+01
9.999802e-01 6.230201e-03 8.881120e-04 4.401360e+01 -6.231347e-03 9.999797e-01 1.293113e-03 -3.841694e+00 -8.800281e-04 -1.298610e-03 9.999987e-01 3.517431e+01
9.999783e-01 -6.540365e-03 -7.635849e-04 4.440175e+01 6.539997e-03 9.999785e-01 -4.845724e-04 -3.873127e+00 7.667280e-04 4.795557e-04 9.999997e-01 3.538858e+01
9.999805e-01 6.143984e-03 1.126413e-03 4.479097e+01 -6.145458e-03 9.999803e-01 1.308818e-03 -3.904973e+00 -1.118340e-03 -1.315702e-03 9.999984e-01 3.564461e+01
9.999786e-01 -6.479867e-03 -8.913264e-04 4.516880e+01 6.479431e-03 9.999789e-01 -4.928415e-04 -3.935835e+00 8.944914e-04 4.870432e-04 9.999996e-01 3.586944e+01
9.999798e-01 6.212983e-03 1.370464e-03 4.551630e+01 -6.214776e-03 9.999798e-01 1.308060e-03 -3.965802e+00 -1.362300e-03 -1.316538e-03 9.999981e-01 3.613529e+01
9.999783e-01 -6.574028e-03 -5.199569e-04 4.589298e+01 6.573854e-03 9.999783e-01 -3.368277e-04 -3.998554e+00 5.221501e-04 3.333896e-04 9.999999e-01 3.645481e+01
9.999803e-01 6.122470e-03 1.367590e-03 4.630654e+01 -6.124392e-03 9.999803e-01 1.404736e-03 -4.033646e+00 -1.358953e-03 -1.413072e-03 9.999980e-01 3.679169e+01
9.999780e-01 -6.540401e-03 -1.068461e-03 4.675099e+01 6.540008e-03 9.999785e-01 -3.716508e-04 -4.071048e+00 1.070858e-03 3.646421e-04 9.999995e-01 3.709902e+01
9.999803e-01 6.126598e-03 1.396570e-03 4.715383e+01 -6.128424e-03 9.999804e-01 1.305913e-03 -4.105190e+00 -1.388532e-03 -1.314433e-03 9.999981e-01 3.735852e+01
9.999787e-01 -6.493037e-03 -7.045526e-04 4.750738e+01 6.492672e-03 9.999788e-01 -5.194586e-04 -4.135886e+00 7.079004e-04 5.148601e-04 9.999997e-01 3.760019e+01
9.999804e-01 6.213786e-03 7.773622e-04 4.788578e+01 -6.214827e-03 9.999798e-01 1.343110e-03 -4.167387e+00 -7.689906e-04 -1.347902e-03 9.999987e-01 3.779461e+01
9.999793e-01 -6.414571e-03 -4.372324e-04 4.822381e+01 6.414372e-03 9.999793e-01 -4.573033e-04 -4.195233e+00 4.401466e-04 4.544761e-04 9.999999e-01 3.800781e+01
9.999805e-01 6.138890e-03 1.172726e-03 4.847561e+01 -6.140128e-03 9.999806e-01 1.054229e-03 -4.219103e+00 -1.166222e-03 -1.061396e-03 9.999987e-01 3.821756e+01
9.999796e-01 -6.363199e-03 -4.698515e-04 4.869304e+01 6.362923e-03 9.999796e-01 -5.889610e-04 -4.239070e+00 4.735793e-04 5.859461e-04 9.999998e-01 3.839592e+01
9.999797e-01 6.253086e-03 1.257497e-03 4.888703e+01 -6.254128e-03 9.999801e-01 8.259942e-04 -4.255763e+00 -1.252297e-03 -8.338286e-04 9.999988e-01 3.849010e+01
9.999811e-01 -6.145974e-03 -2.027102e-04 4.901856e+01 6.145853e-03 9.999809e-01 -5.939537e-04 -4.267699e+00 2.063462e-04 5.926834e-04 9.999999e-01 3.852820e+01
9.999808e-01 6.100187e-03 1.069301e-03 4.918870e+01 -6.101105e-03 9.999810e-01 8.565037e-04 -4.282534e+00 -1.064046e-03 -8.629978e-04 9.999990e-01 3.857233e+01
9.999811e-01 -6.142748e-03 -1.087031e-04 4.934186e+01 6.142680e-03 9.999809e-01 -6.224448e-04 -4.295187e+00 1.125139e-04 6.217520e-04 9.999999e-01 3.862060e+01
9.999820e-01 5.928369e-03 9.124573e-04 4.956623e+01 -5.929321e-03 9.999819e-01 1.044250e-03 -4.314236e+00 -9.062394e-04 -1.049628e-03 9.999989e-01 3.872133e+01
9.999808e-01 -6.121851e-03 -9.777289e-04 4.991594e+01 6.121416e-03 9.999812e-01 -4.482863e-04 -4.342694e+00 9.804441e-04 4.422791e-04 9.999995e-01 3.887276e+01
9.999830e-01 5.732472e-03 1.059863e-03 5.040016e+01 -5.733919e-03 9.999826e-01 1.366892e-03 -4.380766e+00 -1.051998e-03 -1.372933e-03 9.999984e-01 3.905350e+01
9.999799e-01 -6.275838e-03 -9.002234e-04 5.099161e+01 6.275785e-03 9.999803e-01 -6.240107e-05 -4.426144e+00 9.005866e-04 5.673653e-05 9.999997e-01 3.935742e+01
9.999820e-01 5.773807e-03 1.613236e-03 5.154189e+01 -5.776107e-03 9.999823e-01 1.424403e-03 -4.470566e+00 -1.604973e-03 -1.433682e-03 9.999976e-01 3.975591e+01
9.999797e-01 -6.242736e-03 -1.243163e-03 5.206516e+01 6.242618e-03 9.999805e-01 -9.919748e-05 -4.514212e+00 1.243747e-03 9.142094e-05 9.999993e-01 4.012727e+01
9.999827e-01 5.720539e-03 1.334768e-03 5.266096e+01 -5.722474e-03 9.999826e-01 1.449851e-03 -4.561421e+00 -1.326440e-03 -1.457450e-03 9.999980e-01 4.047670e+01
9.999800e-01 -6.291126e-03 -6.022431e-04 5.313716e+01 6.290955e-03 9.999802e-01 -2.859997e-04 -4.602167e+00 6.040194e-04 2.821911e-04 9.999999e-01 4.081014e+01
9.999822e-01 5.883917e-03 9.523045e-04 5.362551e+01 -5.885227e-03 9.999817e-01 1.378723e-03 -4.643306e+00 -9.441639e-04 -1.384288e-03 9.999985e-01 4.109831e+01
9.999786e-01 -6.460924e-03 -9.795879e-04 5.423324e+01 6.460907e-03 9.999791e-01 -2.073288e-05 -4.691593e+00 9.796904e-04 1.438899e-05 9.999996e-01 4.138752e+01
9.999815e-01 5.913531e-03 1.435820e-03 5.482449e+01 -5.915479e-03 9.999816e-01 1.355833e-03 -4.739846e+00 -1.427765e-03 -1.364287e-03 9.999980e-01 4.170063e+01
9.999775e-01 -6.601192e-03 -1.227406e-03 5.545337e+01 6.601296e-03 9.999782e-01 8.044122e-05 -4.790752e+00 1.226837e-03 -8.855656e-05 9.999993e-01 4.197294e+01
9.999813e-01 5.909067e-03 1.601797e-03 5.615224e+01 -5.911382e-03 9.999815e-01 1.443536e-03 -4.843899e+00 -1.593226e-03 -1.452963e-03 9.999976e-01 4.226584e+01
9.999763e-01 -6.619222e-03 -1.901203e-03 5.694346e+01 6.619525e-03 9.999781e-01 1.526683e-04 -4.903801e+00 1.900139e-03 -1.652647e-04 9.999983e-01 4.255164e+01
9.999807e-01 5.816959e-03 2.192173e-03 5.770193e+01 -5.820359e-03 9.999819e-01 1.547500e-03 -4.961738e+00 -2.183120e-03 -1.560214e-03 9.999963e-01 4.290324e+01
9.999773e-01 -6.546818e-03 -1.581164e-03 5.838628e+01 6.547015e-03 9.999786e-01 1.192852e-04 -5.016710e+00 1.580338e-03 -1.296497e-04 9.999988e-01 4.330424e+01
9.999822e-01 5.784611e-03 1.492857e-03 5.919064e+01 -5.786934e-03 9.999820e-01 1.556053e-03 -5.079292e+00 -1.483818e-03 -1.564649e-03 9.999976e-01 4.367502e+01
9.999762e-01 -6.775888e-03 -1.287057e-03 6.006031e+01 6.776483e-03 9.999769e-01 4.577020e-04 -5.145197e+00 1.283915e-03 -4.664285e-04 9.999992e-01 4.410389e+01
9.999816e-01 5.980571e-03 1.025130e-03 6.088435e+01 -5.981878e-03 9.999813e-01 1.275834e-03 -5.209095e+00 -1.017470e-03 -1.281927e-03 9.999986e-01 4.448747e+01
9.999760e-01 -6.787667e-03 -1.406152e-03 6.169597e+01 6.788208e-03 9.999769e-01 3.798186e-04 -5.271624e+00 1.403530e-03 -3.893707e-04 9.999990e-01 4.481078e+01
9.999824e-01 5.880699e-03 8.455641e-04 6.255046e+01 -5.881828e-03 9.999818e-01 1.337882e-03 -5.335198e+00 -8.376700e-04 -1.342816e-03 9.999986e-01 4.508637e+01
9.999770e-01 -6.714244e-03 -9.117704e-04 6.330885e+01 6.714586e-03 9.999774e-01 3.707600e-04 -5.393694e+00 9.092493e-04 -3.768900e-04 9.999996e-01 4.542868e+01
9.999815e-01 5.929219e-03 1.391552e-03 6.396883e+01 -5.930982e-03 9.999816e-01 1.265467e-03 -5.446988e+00 -1.384012e-03 -1.273680e-03 9.999981e-01 4.580076e+01
9.999784e-01 -6.304327e-03 -1.883236e-03 6.439495e+01 6.304184e-03 9.999801e-01 -8.272047e-05 -5.481751e+00 1.883709e-03 7.082981e-05 9.999983e-01 4.598175e+01
9.999734e-01 6.349070e-03 3.582847e-03 6.454062e+01 -6.350783e-03 9.999797e-01 4.666775e-04 -5.494199e+00 -3.579800e-03 -4.894022e-04 9.999934e-01 4.603270e+01
9.999759e-01 -6.398448e-03 -2.683067e-03 6.464912e+01 6.398420e-03 9.999795e-01 -1.914754e-05 -5.508481e+00 2.683123e-03 1.963012e-06 9.999965e-01 4.618703e+01
9.999722e-01 6.421347e-03 3.801367e-03 6.482825e+01 -6.422487e-03 9.999793e-01 2.875110e-04 -5.522755e+00 -3.799431e-03 -3.119004e-04 9.999926e-01 4.622579e+01
9.999737e-01 -6.537229e-03 -3.131865e-03 6.505839e+01 6.537706e-03 9.999786e-01 1.417346e-04 -5.542022e+00 3.130860e-03 -1.622228e-04 9.999952e-01 4.632829e+01
9.999718e-01 6.337881e-03 4.028199e-03 6.527374e+01 -6.339020e-03 9.999799e-01 2.699697e-04 -5.561424e+00 -4.026395e-03 -2.954800e-04 9.999918e-01 4.651194e+01
9.999745e-01 -6.524120e-03 -2.904795e-03 6.546717e+01 6.524619e-03 9.999787e-01 1.617792e-04 -5.579765e+00 2.903666e-03 -1.807446e-04 9.999959e-01 4.664864e+01
9.999753e-01 6.390854e-03 2.935975e-03 6.565116e+01 -6.391497e-03 9.999796e-01 2.091931e-04 -5.595576e+00 -2.934566e-03 -2.279363e-04 9.999956e-01 4.669307e+01
9.999769e-01 -6.457713e-03 -2.129825e-03 6.582705e+01 6.458022e-03 9.999791e-01 1.377393e-04 -5.610418e+00 2.128879e-03 -1.515075e-04 9.999978e-01 4.674284e+01
9.999762e-01 6.353461e-03 2.698140e-03 6.606732e+01 -6.354452e-03 9.999797e-01 3.583678e-04 -5.631080e+00 -2.695797e-03 -3.754874e-04 9.999962e-01 4.684598e+01
9.999765e-01 -6.447686e-03 -2.308666e-03 6.636025e+01 6.447924e-03 9.999792e-01 9.531150e-05 -5.654784e+00 2.307992e-03 -1.102124e-04 9.999974e-01 4.695602e+01
9.999779e-01 6.165253e-03 2.484370e-03 6.670619e+01 -6.166841e-03 9.999808e-01 6.317567e-04 -5.683390e+00 -2.480415e-03 -6.470463e-04 9.999966e-01 4.707820e+01
9.999772e-01 -6.265368e-03 -2.533927e-03 6.703076e+01 6.265211e-03 9.999804e-01 -7.027674e-05 -5.709715e+00 2.534305e-03 5.438242e-05 9.999969e-01 4.719307e+01
9.999784e-01 6.053772e-03 2.573895e-03 6.733688e+01 -6.055677e-03 9.999814e-01 7.326820e-04 -5.735204e+00 -2.569400e-03 -7.482356e-04 9.999963e-01 4.731491e+01
9.999794e-01 -6.051104e-03 -2.118488e-03 6.754311e+01 6.050358e-03 9.999816e-01 -3.593159e-04 -5.753038e+00 2.120612e-03 3.464736e-04 9.999978e-01 4.739603e+01
9.999783e-01 6.087987e-03 2.511965e-03 6.772586e+01 -6.089598e-03 9.999813e-01 6.335587e-04 -5.768899e+00 -2.508049e-03 -6.488245e-04 9.999965e-01 4.747665e+01
9.999803e-01 -5.871366e-03 -2.203904e-03 6.790901e+01 5.870405e-03 9.999827e-01 -4.429759e-04 -5.785153e+00 2.206455e-03 4.300121e-04 9.999976e-01 4.752970e+01
9.999804e-01 5.819650e-03 2.309392e-03 6.811737e+01 -5.821227e-03 9.999828e-01 6.763912e-04 -5.802694e+00 -2.305404e-03 -6.898041e-04 9.999970e-01 4.757159e+01
9.999808e-01 -5.878220e-03 -1.970963e-03 6.838881e+01 5.877564e-03 9.999827e-01 -3.387899e-04 -5.823790e+00 1.972908e-03 3.271816e-04 9.999981e-01 4.766399e+01
9.999802e-01 5.714200e-03 2.626478e-03 6.859119e+01 -5.715956e-03 9.999834e-01 6.612179e-04 -5.841846e+00 -2.622645e-03 -6.762002e-04 9.999962e-01 4.777378e+01
9.999845e-01 -5.449330e-03 -1.127415e-03 6.864320e+01 5.448684e-03 9.999850e-01 -5.768113e-04 -5.849421e+00 1.130529e-03 5.706421e-04 9.999993e-01 4.782424e+01
9.999823e-01 5.522535e-03 2.206595e-03 6.878850e+01 -5.524324e-03 9.999844e-01 8.050225e-04 -5.862727e+00 -2.202102e-03 -8.171807e-04 9.999971e-01 4.787455e+01
9.999814e-01 -5.685189e-03 -2.207926e-03 6.907049e+01 5.684268e-03 9.999838e-01 -4.237411e-04 -5.885533e+00 2.210287e-03 4.111653e-04 9.999976e-01 4.796534e+01
9.999812e-01 5.556830e-03 2.603360e-03 6.937327e+01 -5.559110e-03 9.999842e-01 8.691094e-04 -5.908814e+00 -2.598477e-03 -8.835479e-04 9.999961e-01 4.805009e+01
9.999821e-01 -5.819729e-03 -1.360015e-03 6.965363e+01 5.819519e-03 9.999831e-01 -1.589803e-04 -5.934326e+00 1.360905e-03 1.510453e-04 9.999992e-01 4.825376e+01
9.999816e-01 5.584113e-03 2.367898e-03 6.999047e+01 -5.585961e-03 9.999841e-01 7.742275e-04 -5.960788e+00 -2.363524e-03 -7.874225e-04 9.999968e-01 4.849075e+01
9.999796e-01 -5.817202e-03 -2.623327e-03 7.038088e+01 5.816989e-03 9.999831e-01 -8.918609e-05 -5.991710e+00 2.623789e-03 7.390673e-05 9.999967e-01 4.864224e+01
9.999818e-01 5.459655e-03 2.556682e-03 7.083370e+01 -5.461902e-03 9.999847e-01 8.724897e-04 -6.025921e+00 -2.551867e-03 -8.864204e-04 9.999963e-01 4.883390e+01
9.999804e-01 -5.729341e-03 -2.532008e-03 7.131936e+01 5.729446e-03 9.999836e-01 3.386511e-05 -6.064783e+00 2.531760e-03 -4.838930e-05 9.999969e-01 4.910926e+01
9.999831e-01 5.370068e-03 2.207266e-03 7.174477e+01 -5.371908e-03 9.999852e-01 8.281244e-04 -6.099857e+00 -2.202774e-03 -8.399497e-04 9.999971e-01 4.931635e+01
9.999834e-01 -5.501636e-03 -1.712058e-03 7.198375e+01 5.500950e-03 9.999848e-01 -4.062436e-04 -6.120504e+00 1.714255e-03 3.968010e-04 9.999986e-01 4.940735e+01
9.999844e-01 5.215364e-03 1.982340e-03 7.236447e+01 -5.217588e-03 9.999858e-01 1.117912e-03 -6.152095e+00 -1.976469e-03 -1.128220e-03 9.999973e-01 4.956820e+01
9.999827e-01 -5.589184e-03 -1.814679e-03 7.278789e+01 5.588861e-03 9.999844e-01 -1.835814e-04 -6.186160e+00 1.815664e-03 1.734181e-04 9.999984e-01 4.974980e+01
9.999835e-01 5.343347e-03 2.089138e-03 7.313216e+01 -5.345165e-03 9.999853e-01 8.647402e-04 -6.214345e+00 -2.084474e-03 -8.758745e-04 9.999973e-01 4.990465e+01
9.999828e-01 -5.593310e-03 -1.746989e-03 7.349688e+01 5.593141e-03 9.999844e-01 -1.023493e-04 -6.244496e+00 1.747522e-03 9.255808e-05 9.999986e-01 5.008886e+01
9.999846e-01 5.244561e-03 1.800986e-03 7.394779e+01 -5.246283e-03 9.999858e-01 9.516290e-04 -6.281091e+00 -1.795956e-03 -9.610444e-04 9.999978e-01 5.028242e+01
9.999831e-01 -5.634567e-03 -1.417609e-03 7.449489e+01 5.634850e-03 9.999841e-01 1.947534e-04 -6.323867e+00 1.416477e-03 -2.027566e-04 9.999991e-01 5.058491e+01
9.999859e-01 5.101257e-03 1.472300e-03 7.509895e+01 -5.102976e-03 9.999863e-01 1.165787e-03 -6.373477e+00 -1.466320e-03 -1.173265e-03 9.999981e-01 5.093565e+01
9.999820e-01 -5.658433e-03 -2.006766e-03 7.582754e+01 5.658590e-03 9.999840e-01 7.194102e-05 -6.430898e+00 2.006314e-03 -8.331390e-05 9.999981e-01 5.123918e+01
9.999866e-01 4.921165e-03 1.583229e-03 7.646246e+01 -4.923391e-03 9.999869e-01 1.404650e-03 -6.479629e+00 -1.576283e-03 -1.412407e-03 9.999977e-01 5.150247e+01
9.999858e-01 -5.175684e-03 -1.283332e-03 7.686144e+01 5.175176e-03 9.999865e-01 -3.999444e-04 -6.513309e+00 1.285371e-03 3.932783e-04 9.999992e-01 5.174823e+01
9.999869e-01 4.820966e-03 1.714988e-03 7.722223e+01 -4.823159e-03 9.999876e-01 1.276463e-03 -6.546956e+00 -1.708800e-03 -1.284699e-03 9.999976e-01 5.201256e+01
9.999866e-01 -4.968570e-03 -1.436150e-03 7.760966e+01 4.967801e-03 9.999875e-01 -5.392084e-04 -6.577740e+00 1.438798e-03 5.320475e-04 9.999989e-01 5.220300e+01
9.999848e-01 5.102257e-03 2.074904e-03 7.806359e+01 -5.105890e-03 9.999854e-01 1.748748e-03 -6.616740e+00 -2.065939e-03 -1.759296e-03 9.999962e-01 5.251359e+01
9.999843e-01 -5.305642e-03 -1.792950e-03 7.846186e+01 5.303834e-03 9.999854e-01 -1.011897e-03 -6.648990e+00 1.798280e-03 1.002352e-03 9.999980e-01 5.274520e+01
9.999864e-01 4.965649e-03 1.565969e-03 7.890630e+01 -4.968664e-03 9.999858e-01 1.926634e-03 -6.686625e+00 -1.556367e-03 -1.934369e-03 9.999968e-01 5.298484e+01
9.999853e-01 -5.289129e-03 -1.153763e-03 7.931623e+01 5.287774e-03 9.999853e-01 -1.175596e-03 -6.718119e+00 1.159950e-03 1.169459e-03 9.999987e-01 5.314036e+01
9.999867e-01 5.008336e-03 1.232973e-03 7.970178e+01 -5.010658e-03 9.999857e-01 1.886884e-03 -6.749003e+00 -1.223492e-03 -1.893018e-03 9.999974e-01 5.330232e+01
9.999866e-01 -5.169028e-03 -1.121718e-04 7.986125e+01 5.168858e-03 9.999855e-01 -1.480505e-03 -6.765339e+00 1.198098e-04 1.479886e-03 9.999990e-01 5.346947e+01
9.999865e-01 5.107005e-03 9.629058e-04 8.008113e+01 -5.108833e-03 9.999851e-01 1.903494e-03 -6.785553e+00 -9.531572e-04 -1.908368e-03 9.999976e-01 5.364938e+01
9.999843e-01 -5.539372e-03 -8.127288e-04 8.052906e+01 5.538632e-03 9.999842e-01 -9.113955e-04 -6.822653e+00 8.177514e-04 9.068602e-04 9.999994e-01 5.389131e+01
9.999855e-01 5.122883e-03 1.645829e-03 8.090083e+01 -5.125784e-03 9.999853e-01 1.762348e-03 -6.856573e+00 -1.636763e-03 -1.770739e-03 9.999970e-01 5.417765e+01
9.999839e-01 -5.405105e-03 -1.725331e-03 8.135787e+01 5.403642e-03 9.999850e-01 -8.521619e-04 -6.894648e+00 1.729898e-03 8.428052e-04 9.999982e-01 5.439306e+01
9.999858e-01 4.944170e-03 1.970834e-03 8.183601e+01 -4.947980e-03 9.999859e-01 1.932134e-03 -6.932297e+00 -1.961241e-03 -1.941839e-03 9.999961e-01 5.466226e+01
9.999836e-01 -5.296309e-03 -2.189312e-03 8.225508e+01 5.293906e-03 9.999854e-01 -1.102337e-03 -6.966882e+00 2.195105e-03 1.090709e-03 9.999971e-01 5.487844e+01
9.999843e-01 5.009039e-03 2.525432e-03 8.266363e+01 -5.013998e-03 9.999855e-01 1.960324e-03 -6.999358e+00 -2.515562e-03 -1.972936e-03 9.999948e-01 5.510305e+01
9.999835e-01 -5.294901e-03 -2.209487e-03 8.302517e+01 5.292392e-03 9.999853e-01 -1.140258e-03 -7.031467e+00 2.215479e-03 1.128526e-03 9.999970e-01 5.537522e+01
9.999843e-01 5.107766e-03 2.315759e-03 8.336511e+01 -5.111910e-03 9.999853e-01 1.786336e-03 -7.059780e+00 -2.306588e-03 -1.798125e-03 9.999956e-01 5.551350e+01
9.999832e-01 -5.292548e-03 -2.352960e-03 8.367684e+01 5.289923e-03 9.999854e-01 -1.120944e-03 -7.085427e+00 2.358844e-03 1.108458e-03 9.999967e-01 5.563276e+01
9.999834e-01 5.091222e-03 2.694954e-03 8.390502e+01 -5.095194e-03 9.999859e-01 1.468630e-03 -7.104600e+00 -2.687425e-03 -1.482316e-03 9.999952e-01 5.573318e+01
9.999832e-01 -5.370821e-03 -2.178026e-03 8.418496e+01 5.368759e-03 9.999851e-01 -9.523568e-04 -7.128865e+00 2.183095e-03 9.406271e-04 9.999973e-01 5.589949e+01
9.999836e-01 5.187267e-03 2.447414e-03 8.444572e+01 -5.191003e-03 9.999854e-01 1.522118e-03 -7.151767e+00 -2.439469e-03 -1.534777e-03 9.999957e-01 5.603320e+01
9.999838e-01 -5.323620e-03 -2.007030e-03 8.477235e+01 5.321741e-03 9.999854e-01 -9.412762e-04 -7.177863e+00 2.011998e-03 9.305595e-04 9.999976e-01 5.611286e+01
9.999838e-01 5.213594e-03 2.285220e-03 8.509562e+01 -5.216933e-03 9.999853e-01 1.456692e-03 -7.203492e+00 -2.277579e-03 -1.468570e-03 9.999962e-01 5.619424e+01
9.999841e-01 -5.325340e-03 -1.832941e-03 8.539771e+01 5.323352e-03 9.999852e-01 -1.088395e-03 -7.227022e+00 1.838696e-03 1.078599e-03 9.999978e-01 5.623125e+01
9.999841e-01 5.204207e-03 2.181312e-03 8.573694e+01 -5.207743e-03 9.999851e-01 1.618103e-03 -7.254240e+00 -2.172845e-03 -1.629417e-03 9.999962e-01 5.631977e+01
9.999824e-01 -5.441801e-03 -2.355806e-03 8.603117e+01 5.439236e-03 9.999846e-01 -1.094555e-03 -7.277945e+00 2.361713e-03 1.081701e-03 9.999967e-01 5.639624e+01
9.999835e-01 5.205509e-03 2.413534e-03 8.641101e+01 -5.209628e-03 9.999850e-01 1.702919e-03 -7.307920e+00 -2.404620e-03 -1.715443e-03 9.999955e-01 5.650432e+01
9.999820e-01 -5.524657e-03 -2.360851e-03 8.682933e+01 5.522395e-03 9.999843e-01 -9.641144e-04 -7.341471e+00 2.366127e-03 9.510386e-04 9.999968e-01 5.663458e+01
9.999837e-01 5.174471e-03 2.411449e-03 8.723648e+01 -5.178689e-03 9.999851e-01 1.745504e-03 -7.374450e+00 -2.402367e-03 -1.757943e-03 9.999955e-01 5.680318e+01
9.999815e-01 -5.581832e-03 -2.425328e-03 8.764923e+01 5.579906e-03 9.999841e-01 -8.004598e-04 -7.408898e+00 2.429744e-03 7.868908e-04 9.999968e-01 5.699925e+01
9.999833e-01 5.328089e-03 2.230849e-03 8.812884e+01 -5.332187e-03 9.999841e-01 1.834306e-03 -7.447563e+00 -2.221026e-03 -1.846149e-03 9.999957e-01 5.721707e+01
9.999835e-01 -5.536141e-03 -1.512993e-03 8.863825e+01 5.535648e-03 9.999846e-01 -3.305609e-04 -7.489039e+00 1.514786e-03 3.221588e-04 9.999989e-01 5.750737e+01
9.999859e-01 5.076197e-03 1.531820e-03 8.916261e+01 -5.078468e-03 9.999860e-01 1.481386e-03 -7.533119e+00 -1.524265e-03 -1.489123e-03 9.999976e-01 5.775733e+01
9.999889e-01 -4.539389e-03 -1.296021e-03 8.956852e+01 4.538093e-03 9.999892e-01 -1.002303e-03 -7.562044e+00 1.300543e-03 9.963893e-04 9.999988e-01 5.778177e+01
9.999897e-01 4.304117e-03 1.455575e-03 9.003658e+01 -4.306262e-03 9.999896e-01 1.472665e-03 -7.590847e+00 -1.449208e-03 -1.478897e-03 9.999978e-01 5.768864e+01
9.999880e-01 -4.651509e-03 -1.551567e-03 9.050330e+01 4.650324e-03 9.999889e-01 -7.669551e-04 -7.625090e+00 1.555104e-03 7.597091e-04 9.999986e-01 5.778353e+01
9.999887e-01 4.481534e-03 1.562375e-03 9.096671e+01 -4.483615e-03 9.999891e-01 1.330114e-03 -7.659364e+00 -1.556384e-03 -1.337083e-03 9.999978e-01 5.778694e+01
9.999893e-01 -4.565499e-03 -8.090116e-04 9.131355e+01 4.564712e-03 9.999891e-01 -9.736178e-04 -7.684237e+00 8.134341e-04 9.698928e-04 9.999993e-01 5.779733e+01
9.999878e-01 4.612711e-03 1.742204e-03 9.166543e+01 -4.614926e-03 9.999885e-01 1.268815e-03 -7.709154e+00 -1.736318e-03 -1.276818e-03 9.999976e-01 5.779877e+01
9.999872e-01 -4.955491e-03 -1.023859e-03 9.203845e+01 4.955012e-03 9.999876e-01 -4.717131e-04 -7.740577e+00 1.026170e-03 4.666121e-04 9.999995e-01 5.799322e+01
9.999871e-01 4.658664e-03 2.022898e-03 9.232116e+01 -4.660811e-03 9.999886e-01 1.057110e-03 -7.766846e+00 -2.017936e-03 -1.066503e-03 9.999973e-01 5.820368e+01
9.999875e-01 -4.828149e-03 -1.316431e-03 9.254608e+01 4.827357e-03 9.999882e-01 -6.053555e-04 -7.785746e+00 1.319325e-03 5.989712e-04 9.999990e-01 5.833376e+01
9.999875e-01 4.664787e-03 1.777277e-03 9.277417e+01 -4.666679e-03 9.999885e-01 1.061123e-03 -7.805480e+00 -1.772293e-03 -1.069382e-03 9.999978e-01 5.843307e+01
9.999871e-01 -4.758537e-03 -1.775111e-03 9.299102e+01 4.757304e-03 9.999884e-01 -6.988968e-04 -7.823644e+00 1.778402e-03 6.904212e-04 9.999983e-01 5.850367e+01
9.999857e-01 4.605935e-03 2.711877e-03 9.327881e+01 -4.609387e-03 9.999886e-01 1.267658e-03 -7.847277e+00 -2.705993e-03 -1.280118e-03 9.999954e-01 5.865373e+01
9.999885e-01 -4.542162e-03 -1.558519e-03 9.363571e+01 4.541454e-03 9.999896e-01 -4.579611e-04 -7.876783e+00 1.560569e-03 4.508559e-04 9.999988e-01 5.866284e+01
9.999881e-01 4.486236e-03 1.913537e-03 9.432851e+01 -4.489374e-03 9.999886e-01 1.638177e-03 -7.918565e+00 -1.906151e-03 -1.646726e-03 9.999967e-01 5.834670e+01
9.999902e-01 -4.310418e-03 -1.058699e-03 9.507051e+01 4.310059e-03 9.999907e-01 -3.427065e-04 -7.962637e+00 1.060152e-03 3.381178e-04 9.999995e-01 5.788806e+01
9.999904e-01 4.131653e-03 1.434119e-03 9.575114e+01 -4.133521e-03 9.999906e-01 1.300882e-03 -8.000887e+00 -1.428716e-03 -1.306775e-03 9.999980e-01 5.746513e+01
9.999883e-01 -4.631393e-03 -1.390706e-03 9.628963e+01 4.630737e-03 9.999892e-01 -4.758896e-04 -8.040897e+00 1.392880e-03 4.694216e-04 9.999990e-01 5.758204e+01
9.999914e-01 3.964808e-03 1.245382e-03 9.712607e+01 -3.967075e-03 9.999905e-01 1.821776e-03 -8.099866e+00 -1.238133e-03 -1.826678e-03 9.999975e-01 5.759835e+01
9.999822e-01 -5.368258e-03 -2.618629e-03 9.835558e+01 5.370003e-03 9.999854e-01 6.592549e-04 -8.186458e+00 2.615037e-03 -6.733280e-04 9.999965e-01 5.780370e+01
9.999882e-01 4.312328e-03 2.228677e-03 9.931482e+01 -4.315608e-03 9.999896e-01 1.468324e-03 -8.257901e+00 -2.222307e-03 -1.477902e-03 9.999963e-01 5.810752e+01
9.999809e-01 -5.301883e-03 -3.163951e-03 1.003018e+02 5.303664e-03 9.999858e-01 5.541700e-04 -8.331069e+00 3.160953e-03 -5.709632e-04 9.999949e-01 5.833573e+01
9.999894e-01 4.166179e-03 1.974910e-03 1.013642e+02 -4.169200e-03 9.999901e-01 1.527375e-03 -8.406235e+00 -1.968513e-03 -1.535569e-03 9.999968e-01 5.852530e+01
9.999792e-01 -5.084069e-03 -3.980149e-03 1.021817e+02 5.084192e-03 9.999871e-01 2.041434e-05 -8.463863e+00 3.979980e-03 -4.067329e-05 9.999922e-01 5.863240e+01
9.999817e-01 4.385389e-03 4.163358e-03 1.028687e+02 -4.390589e-03 9.999896e-01 1.240253e-03 -8.514461e+00 -4.157862e-03 -1.258486e-03 9.999905e-01 5.881242e+01
9.999773e-01 -5.220354e-03 -4.248587e-03 1.036494e+02 5.222024e-03 9.999863e-01 3.815889e-04 -8.571523e+00 4.246522e-03 -4.037903e-04 9.999910e-01 5.899034e+01
9.999826e-01 4.378239e-03 3.960736e-03 1.044424e+02 -4.382894e-03 9.999897e-01 1.167004e-03 -8.627047e+00 -3.955572e-03 -1.184319e-03 9.999914e-01 5.914269e+01
9.999743e-01 -5.323777e-03 -4.801189e-03 1.054142e+02 5.326845e-03 9.999856e-01 6.259956e-04 -8.694223e+00 4.797774e-03 -6.515788e-04 9.999884e-01 5.927144e+01
9.999825e-01 4.537648e-03 3.802814e-03 1.062389e+02 -4.540666e-03 9.999894e-01 7.851410e-04 -8.753046e+00 -3.799197e-03 -8.023702e-04 9.999924e-01 5.934091e+01
9.999771e-01 -5.138651e-03 -4.405221e-03 1.070961e+02 5.140790e-03 9.999867e-01 4.740737e-04 -8.807490e+00 4.402712e-03 -4.967336e-04 9.999903e-01 5.935346e+01
9.999794e-01 4.447936e-03 4.633113e-03 1.076990e+02 -4.451416e-03 9.999898e-01 7.405904e-04 -8.851322e+00 -4.629758e-03 -7.611745e-04 9.999889e-01 5.960439e+01
9.999724e-01 -5.245804e-03 -5.264243e-03 1.085231e+02 5.250430e-03 9.999858e-01 8.650878e-04 -8.910779e+00 5.259616e-03 -8.927280e-04 9.999859e-01 5.966621e+01
9.999866e-01 4.157812e-03 3.085420e-03 1.096662e+02 -4.161628e-03 9.999906e-01 1.231035e-03 -8.990493e+00 -3.080259e-03 -1.243834e-03 9.999944e-01 5.974660e+01
9.999777e-01 -5.373884e-03 -3.953233e-03 1.108262e+02 5.377661e-03 9.999851e-01 9.448953e-04 -9.073053e+00 3.948083e-03 -9.661585e-04 9.999918e-01 5.984025e+01
9.999845e-01 4.595554e-03 3.128598e-03 1.116623e+02 -4.596898e-03 9.999893e-01 4.222166e-04 -9.130773e+00 -3.126611e-03 -4.365667e-04 9.999949e-01 5.999401e+01
