9.999990e-01 -3.494238e-04 1.388047e-03 1.938785e-01 3.484588e-04 9.999997e-01 6.954354e-04 -2.183876e-02 -1.388290e-03 -6.949516e-04 9.999989e-01 2.862776e-01
9.999995e-01 1.984378e-04 -9.335358e-04 4.510471e-01 -1.984934e-04 1.000000e+00 -5.951418e-05 -4.260469e-02 9.335242e-04 5.970007e-05 9.999995e-01 4.307039e-01
9.999989e-01 -2.692216e-04 1.491994e-03 7.183411e-01 2.680832e-04 9.999997e-01 7.631431e-04 -6.583569e-02 -1.492199e-03 -7.627430e-04 9.999987e-01 6.072082e-01
9.999989e-01 1.633269e-05 -1.461538e-03 1.058231e+00 -1.618310e-05 1.000000e+00 1.023488e-04 -9.490717e-02 1.461540e-03 -1.023243e-04 9.999988e-01 7.972779e-01
9.999972e-01 -2.950459e-06 2.375495e-03 1.328798e+00 9.862652e-07 9.999997e-01 8.268499e-04 -1.209584e-01 -2.375497e-03 -8.268460e-04 9.999969e-01 1.093584e+00
9.999996e-01 -8.546352e-05 -9.393209e-04 1.553847e+00 8.533574e-05 1.000000e+00 -1.360940e-04 -1.434004e-01 9.393330e-04 1.360147e-04 9.999994e-01 1.364286e+00
9.999993e-01 -1.437566e-04 1.173712e-03 1.786653e+00 1.428521e-04 9.999997e-01 7.707017e-04 -1.659199e-01 -1.173823e-03 -7.705345e-04 9.999991e-01 1.557130e+00
9.999994e-01 -7.008718e-05 -1.093117e-03 2.089748e+00 6.995287e-05 1.000000e+00 -1.229187e-04 -1.902345e-01 1.093127e-03 1.228432e-04 9.999993e-01 1.682777e+00
9.999993e-01 -9.336513e-05 1.219770e-03 2.375546e+00 9.248762e-05 9.999997e-01 7.194321e-04 -2.135238e-01 -1.219837e-03 -7.193198e-04 9.999991e-01 1.793669e+00
9.999994e-01 -7.801776e-05 -1.081788e-03 2.624678e+00 7.795763e-05 1.000000e+00 -5.563762e-05 -2.351640e-01 1.081793e-03 5.555444e-05 9.999993e-01 1.895651e+00
9.999990e-01 -7.249770e-05 1.427879e-03 2.878202e+00 7.162599e-05 9.999998e-01 6.105246e-04 -2.574231e-01 -1.427924e-03 -6.104229e-04 9.999989e-01 1.956027e+00
9.999998e-01 -9.681993e-05 -6.427521e-04 3.121904e+00 9.671730e-05 1.000000e+00 -1.597080e-04 -2.775412e-01 6.427682e-04 1.596470e-04 9.999997e-01 2.129057e+00
9.999991e-01 -1.446069e-04 1.339558e-03 3.348870e+00 1.436503e-04 9.999997e-01 7.141659e-04 -2.992826e-01 -1.339662e-03 -7.139742e-04 9.999989e-01 2.288898e+00
9.999999e-01 -1.266263e-04 -3.564597e-04 3.565727e+00 1.265818e-04 1.000000e+00 -1.249762e-04 -3.191120e-01 3.564764e-04 1.249325e-04 9.999998e-01 2.471254e+00
9.999998e-01 -2.342883e-05 6.516100e-04 3.861730e+00 2.281578e-05 9.999996e-01 9.407966e-04 -3.443786e-01 -6.516327e-04 -9.407830e-04 9.999994e-01 2.560759e+00
9.999997e-01 -3.206786e-04 -6.709516e-04 4.201580e+00 3.204343e-04 9.999999e-01 -3.641779e-04 -3.731269e-01 6.710692e-04 3.639644e-04 9.999996e-01 2.686179e+00
9.999640e-01 8.476281e-03 -2.655127e-04 4.645404e+00 -8.475874e-03 9.999630e-01 1.499098e-03 -4.110453e-01 2.782088e-04 -1.496795e-03 9.999989e-01 2.982757e+00
9.999565e-01 -9.326029e-03 7.035947e-05 5.561480e+00 9.325940e-03 9.999558e-01 1.174049e-03 -4.829952e-01 -8.130480e-05 -1.173340e-03 9.999992e-01 3.637998e+00
9.999599e-01 8.952588e-03 -2.497372e-04 6.448474e+00 -8.952388e-03 9.999596e-01 7.900171e-04 -5.505080e-01 2.567990e-04 -7.877518e-04 9.999998e-01 4.198794e+00
9.999519e-01 -9.788512e-03 -6.517677e-04 7.144661e+00 9.788952e-03 9.999519e-01 6.752622e-04 -6.052206e-01 6.451272e-04 -6.816076e-04 9.999995e-01 4.274390e+00
9.999549e-01 9.497878e-03 -7.485447e-06 7.663660e+00 -9.497874e-03 9.999548e-01 4.026031e-04 -6.436309e-01 1.130839e-05 -4.025163e-04 1.000000e+00 4.285149e+00
9.999529e-01 -9.704372e-03 -3.961043e-05 8.032546e+00 9.704385e-03 9.999528e-01 3.535567e-04 -6.728678e-01 3.617812e-05 -3.539220e-04 9.999998e-01 4.352231e+00
9.999552e-01 9.467006e-03 -4.227747e-05 8.374689e+00 -9.466989e-03 9.999551e-01 3.991940e-04 -7.006462e-01 4.605417e-05 -3.987784e-04 1.000000e+00 4.422262e+00
9.999539e-01 -9.597725e-03 1.659788e-04 8.756792e+00 9.597695e-03 9.999539e-01 1.820601e-04 -7.299516e-01 -1.677179e-04 -1.804561e-04 9.999999e-01 4.456187e+00
9.999547e-01 9.514371e-03 -3.758649e-04 9.100303e+00 -9.514244e-03 9.999547e-01 3.362204e-04 -7.566533e-01 3.790462e-04 -3.326317e-04 1.000000e+00 4.472714e+00
9.999541e-01 -9.545198e-03 8.279884e-04 9.453807e+00 9.545061e-03 9.999544e-01 1.691829e-04 -7.837930e-01 -8.295649e-04 -1.612692e-04 9.999995e-01 4.450941e+00
9.999550e-01 9.374863e-03 -1.423598e-03 9.895225e+00 -9.374078e-03 9.999559e-01 5.569608e-04 -8.167605e-01 1.428756e-03 -5.435936e-04 9.999989e-01 4.377509e+00
9.999535e-01 -9.536213e-03 1.399577e-03 1.032385e+01 9.536034e-03 9.999545e-01 1.338881e-04 -8.487686e-01 -1.400790e-03 -1.205327e-04 9.999989e-01 4.379999e+00
9.999544e-01 9.443548e-03 -1.411441e-03 1.072781e+01 -9.442880e-03 9.999553e-01 4.792942e-04 -8.784906e-01 1.415904e-03 -4.659471e-04 9.999990e-01 4.367869e+00
9.999527e-01 -9.621271e-03 1.399796e-03 1.110535e+01 9.621107e-03 9.999537e-01 1.240838e-04 -9.073203e-01 -1.400925e-03 -1.106074e-04 9.999989e-01 4.411771e+00
9.999540e-01 9.514099e-03 -1.197243e-03 1.144068e+01 -9.513598e-03 9.999547e-01 4.230495e-04 -9.325446e-01 1.201213e-03 -4.116429e-04 9.999993e-01 4.430722e+00
9.999525e-01 -9.651307e-03 1.345186e-03 1.177845e+01 9.651051e-03 9.999534e-01 1.966119e-04 -9.588818e-01 -1.347021e-03 -1.836170e-04 9.999990e-01 4.466478e+00
9.999538e-01 9.527276e-03 -1.254091e-03 1.209736e+01 -9.526845e-03 9.999546e-01 3.489392e-04 -9.835939e-01 1.257357e-03 -3.369786e-04 9.999993e-01 4.475305e+00
9.999518e-01 -9.721333e-03 1.371316e-03 1.245849e+01 9.720954e-03 9.999527e-01 2.830392e-04 -1.011477e+00 -1.374002e-03 -2.696918e-04 9.999989e-01 4.512342e+00
9.999539e-01 9.516078e-03 -1.310130e-03 1.280564e+01 -9.515635e-03 9.999547e-01 3.438542e-04 -1.038041e+00 1.313342e-03 -3.313749e-04 9.999992e-01 4.564486e+00
9.999514e-01 -9.798797e-03 1.096444e-03 1.319452e+01 9.798388e-03 9.999519e-01 3.780646e-04 -1.068121e+00 -1.100096e-03 -3.672996e-04 9.999992e-01 4.632251e+00
9.999533e-01 9.581437e-03 -1.276301e-03 1.360653e+01 -9.581015e-03 9.999540e-01 3.363849e-04 -1.099585e+00 1.279465e-03 -3.241443e-04 9.999992e-01 4.724782e+00
9.999509e-01 -9.847030e-03 1.100830e-03 1.399757e+01 9.846575e-03 9.999514e-01 4.185917e-04 -1.129447e+00 -1.104898e-03 -4.077283e-04 9.999992e-01 4.837491e+00
9.999526e-01 9.590550e-03 -1.699198e-03 1.435535e+01 -9.590076e-03 9.999540e-01 2.868514e-04 -1.157035e+00 1.701870e-03 -2.705459e-04 9.999986e-01 4.918649e+00
9.999510e-01 -9.734938e-03 1.804378e-03 1.468311e+01 9.734229e-03 9.999525e-01 4.012773e-04 -1.182514e+00 -1.808198e-03 -3.836899e-04 9.999982e-01 5.040371e+00
9.999524e-01 9.562399e-03 -1.946365e-03 1.503162e+01 -9.561929e-03 9.999543e-01 2.510828e-04 -1.211148e+00 1.948676e-03 -2.324635e-04 9.999982e-01 5.130065e+00
9.999506e-01 -9.731341e-03 2.043287e-03 1.537360e+01 9.730500e-03 9.999526e-01 4.207182e-04 -1.237083e+00 -2.047283e-03 -4.008115e-04 9.999977e-01 5.159971e+00
9.999522e-01 9.558522e-03 -2.034172e-03 1.570336e+01 -9.558258e-03 9.999543e-01 1.399083e-04 -1.262949e+00 2.035416e-03 -1.204622e-04 9.999980e-01 5.201093e+00
9.999497e-01 -9.781359e-03 2.217996e-03 1.610311e+01 9.779952e-03 9.999520e-01 6.439877e-04 -1.293934e+00 -2.224188e-03 -6.222595e-04 9.999972e-01 5.322374e+00
9.999525e-01 9.493374e-03 -2.224608e-03 1.643596e+01 -9.493079e-03 9.999549e-01 1.429117e-04 -1.321904e+00 2.225864e-03 -1.217905e-04 9.999976e-01 5.465514e+00
9.999518e-01 -9.677872e-03 1.660570e-03 1.668132e+01 9.677359e-03 9.999531e-01 3.166175e-04 -1.341633e+00 -1.663556e-03 -3.005283e-04 9.999985e-01 5.501777e+00
9.999527e-01 9.620491e-03 -1.462784e-03 1.688135e+01 -9.620506e-03 9.999537e-01 -3.146395e-06 -1.357804e+00 1.462686e-03 1.721498e-05 9.999990e-01 5.529991e+00
9.999528e-01 -9.567496e-03 1.693183e-03 1.711396e+01 9.566979e-03 9.999542e-01 3.132676e-04 -1.377132e+00 -1.696102e-03 -2.970502e-04 9.999984e-01 5.504705e+00
9.999532e-01 9.572878e-03 -1.384489e-03 1.744518e+01 -9.572714e-03 9.999542e-01 1.253076e-04 -1.401335e+00 1.385624e-03 -1.120525e-04 9.999991e-01 5.510463e+00
9.999520e-01 -9.641775e-03 1.743388e-03 1.773411e+01 9.641086e-03 9.999534e-01 4.028796e-04 -1.423903e+00 -1.747191e-03 -3.860479e-04 9.999983e-01 5.558078e+00
9.999527e-01 9.624560e-03 -1.427136e-03 1.805564e+01 -9.624404e-03 9.999537e-01 1.158696e-04 -1.449161e+00 1.428184e-03 -1.021330e-04 9.999991e-01 5.576796e+00
9.999534e-01 -9.481162e-03 1.805640e-03 1.826329e+01 9.481206e-03 9.999551e-01 -1.585280e-05 -1.465564e+00 -1.805408e-03 3.297588e-05 9.999983e-01 5.561813e+00
9.999550e-01 9.483582e-03 3.128937e-04 1.859636e+01 -9.483812e-03 9.999548e-01 7.406954e-04 -1.492149e+00 -3.058559e-04 -7.436337e-04 9.999998e-01 5.815862e+00
9.998428e-01 -1.734616e-02 3.684264e-03 1.886949e+01 1.734570e-02 9.998495e-01 1.565129e-04 -1.521032e+00 -3.686424e-03 -9.257786e-05 9.999931e-01 6.117895e+00
9.998376e-01 1.742688e-02 -4.592737e-03 1.923958e+01 -1.742388e-02 9.998480e-01 6.918657e-04 -1.548208e+00 4.604095e-03 -6.117344e-04 9.999893e-01 6.049716e+00
9.998445e-01 -1.651059e-02 6.192527e-03 1.965110e+01 1.650912e-02 9.998637e-01 2.891771e-04 -1.577678e+00 -6.196456e-03 -1.868945e-04 9.999807e-01 6.108135e+00
9.998481e-01 1.629914e-02 -6.172807e-03 1.996157e+01 -1.629740e-02 9.998671e-01 3.317136e-04 -1.603320e+00 6.177393e-03 -2.310670e-04 9.999810e-01 6.247280e+00
9.998439e-01 -1.647182e-02 6.388021e-03 2.021820e+01 1.647017e-02 9.998643e-01 3.110757e-04 -1.624426e+00 -6.392277e-03 -2.058107e-04 9.999794e-01 6.308892e+00
9.998439e-01 1.649114e-02 -6.342519e-03 2.045363e+01 -1.649043e-02 9.998640e-01 1.643472e-04 -1.642353e+00 6.344366e-03 -5.973535e-05 9.999800e-01 6.304221e+00
9.998450e-01 -1.653554e-02 6.049607e-03 2.072542e+01 1.653330e-02 9.998632e-01 4.197832e-04 -1.663726e+00 -6.055719e-03 -3.196935e-04 9.999815e-01 6.321667e+00
9.998449e-01 1.651643e-02 -6.116579e-03 2.098935e+01 -1.651690e-02 9.998636e-01 -2.720762e-05 -1.683153e+00 6.115294e-03 1.282256e-04 9.999814e-01 6.321876e+00
9.998413e-01 -1.653558e-02 6.624377e-03 2.118430e+01 1.653355e-02 9.998632e-01 3.608190e-04 -1.698816e+00 -6.629436e-03 -2.512326e-04 9.999779e-01 6.337201e+00
9.998454e-01 1.641552e-02 -6.294466e-03 2.144103e+01 -1.641408e-02 9.998652e-01 2.805704e-04 -1.719157e+00 6.298222e-03 -1.772139e-04 9.999803e-01 6.427611e+00
9.998464e-01 -1.624417e-02 6.580588e-03 2.168621e+01 1.624042e-02 9.998679e-01 6.238108e-04 -1.741601e+00 -6.589851e-03 -5.168386e-04 9.999781e-01 6.558165e+00
9.998476e-01 1.614044e-02 -6.658952e-03 2.195515e+01 -1.614106e-02 9.998697e-01 -3.946414e-05 -1.763854e+00 6.657447e-03 1.469357e-04 9.999779e-01 6.636163e+00
9.998453e-01 -1.636994e-02 6.435660e-03 2.233588e+01 1.636597e-02 9.998658e-01 6.684156e-04 -1.792286e+00 -6.445737e-03 -5.629814e-04 9.999790e-01 6.687462e+00
9.998477e-01 1.595930e-02 -7.056735e-03 2.290480e+01 -1.595702e-02 9.998726e-01 3.786096e-04 -1.834868e+00 7.061877e-03 -2.659525e-04 9.999751e-01 6.817619e+00
9.998473e-01 -1.680063e-02 4.804582e-03 2.372109e+01 1.679444e-02 9.998581e-01 1.325688e-03 -1.894581e+00 -4.826171e-03 -1.244790e-03 9.999875e-01 6.964995e+00
9.998530e-01 1.618018e-02 -5.666818e-03 2.443545e+01 -1.617919e-02 9.998691e-01 2.214040e-04 -1.948634e+00 5.669658e-03 -1.296923e-04 9.999840e-01 7.214288e+00
9.998448e-01 -1.687867e-02 5.051317e-03 2.517894e+01 1.687215e-02 9.998568e-01 1.331436e-03 -2.005916e+00 -5.073065e-03 -1.245997e-03 9.999863e-01 7.492596e+00
9.998538e-01 1.618120e-02 -5.534045e-03 2.591005e+01 -1.617970e-02 9.998691e-01 3.153828e-04 -2.062175e+00 5.538422e-03 -2.258032e-04 9.999847e-01 7.786578e+00
9.998447e-01 -1.685517e-02 5.137440e-03 2.662222e+01 1.684897e-02 9.998573e-01 1.247157e-03 -2.117671e+00 -5.157727e-03 -1.160397e-03 9.999859e-01 8.076812e+00
9.998540e-01 1.619578e-02 -5.439480e-03 2.733412e+01 -1.619428e-02 9.998688e-01 3.212859e-04 -2.173441e+00 5.443969e-03 -2.331565e-04 9.999853e-01 8.358310e+00
9.998432e-01 -1.689475e-02 5.295759e-03 2.803838e+01 1.688796e-02 9.998565e-01 1.323899e-03 -2.228399e+00 -5.317365e-03 -1.234251e-03 9.999850e-01 8.670104e+00
9.997514e-01 2.170891e-02 -5.081841e-03 2.900193e+01 -2.170231e-02 9.997636e-01 1.349894e-03 -2.301776e+00 5.109943e-03 -1.239277e-03 9.999863e-01 9.171887e+00
9.997493e-01 -2.228640e-02 2.170668e-03 2.991994e+01 2.228563e-02 9.997516e-01 3.808773e-04 -2.368902e+00 -2.178617e-03 -3.324005e-04 9.999975e-01 9.597471e+00
9.997578e-01 2.184840e-02 -2.625648e-03 3.053968e+01 -2.184611e-02 9.997609e-01 8.969623e-04 -2.417475e+00 2.644617e-03 -8.393916e-04 9.999963e-01 9.817349e+00
9.997459e-01 -2.244168e-02 2.117942e-03 3.122797e+01 2.244040e-02 9.997480e-01 6.288705e-04 -2.471000e+00 -2.131521e-03 -5.811765e-04 9.999975e-01 1.008073e+01
9.997581e-01 2.186034e-02 -2.440199e-03 3.186777e+01 -2.185852e-02 9.997608e-01 7.723346e-04 -2.520908e+00 2.456498e-03 -7.188156e-04 9.999968e-01 1.033964e+01
9.997495e-01 -2.229682e-02 1.929740e-03 3.246245e+01 2.229607e-02 9.997513e-01 4.127079e-04 -2.566611e+00 -1.938462e-03 -3.695718e-04 9.999980e-01 1.053803e+01
9.997560e-01 2.182178e-02 -3.431660e-03 3.290770e+01 -2.182022e-02 9.997618e-01 4.909166e-04 -2.601330e+00 3.441555e-03 -4.159244e-04 9.999941e-01 1.067232e+01
9.997532e-01 -2.195308e-02 3.420710e-03 3.323040e+01 2.195260e-02 9.997590e-01 1.794685e-04 -2.625628e+00 -3.423825e-03 -1.043235e-04 9.999940e-01 1.065708e+01
9.997522e-01 2.191768e-02 -3.903767e-03 3.367005e+01 -2.191597e-02 9.997597e-01 4.812886e-04 -2.656735e+00 3.913377e-03 -3.956218e-04 9.999924e-01 1.063283e+01
9.997512e-01 -2.207378e-02 3.196985e-03 3.402421e+01 2.207312e-02 9.997563e-01 2.435692e-04 -2.684212e+00 -3.201583e-03 -1.729338e-04 9.999948e-01 1.067737e+01
9.997509e-01 2.210840e-02 -3.054595e-03 3.427638e+01 -2.210740e-02 9.997555e-01 3.598335e-04 -2.704635e+00 3.061804e-03 -2.922221e-04 9.999954e-01 1.064929e+01
9.997513e-01 -2.206846e-02 3.217745e-03 3.461457e+01 2.206771e-02 9.997564e-01 2.663684e-04 -2.729440e+00 -3.222839e-03 -1.952864e-04 9.999947e-01 1.069736e+01
9.997537e-01 2.187385e-02 -3.762380e-03 3.510285e+01 -2.187179e-02 9.997606e-01 5.894936e-04 -2.766248e+00 3.774374e-03 -5.070659e-04 9.999928e-01 1.081102e+01
9.997567e-01 -2.194233e-02 2.265712e-03 3.558553e+01 2.194162e-02 9.997592e-01 3.377172e-04 -2.802613e+00 -2.272577e-03 -2.879141e-04 9.999973e-01 1.089446e+01
9.997601e-01 2.175714e-02 -2.530125e-03 3.603443e+01 -2.175608e-02 9.997632e-01 4.453622e-04 -2.835185e+00 2.539215e-03 -3.902175e-04 9.999968e-01 1.103420e+01
9.997562e-01 -2.194233e-02 2.482736e-03 3.638227e+01 2.194166e-02 9.997592e-01 2.945535e-04 -2.863176e+00 -2.488601e-03 -2.399985e-04 9.999968e-01 1.121491e+01
9.997614e-01 2.169439e-02 -2.533391e-03 3.672800e+01 -2.169335e-02 9.997646e-01 4.367883e-04 -2.891685e+00 2.542270e-03 -3.817342e-04 9.999968e-01 1.137398e+01
9.997560e-01 -2.196627e-02 2.319706e-03 3.713988e+01 2.196566e-02 9.997587e-01 2.889674e-04 -2.923586e+00 -2.325494e-03 -2.379352e-04 9.999972e-01 1.151185e+01
9.997599e-01 2.163458e-02 -3.476588e-03 3.756296e+01 -2.163278e-02 9.997658e-01 5.558916e-04 -2.955928e+00 3.487800e-03 -4.805578e-04 9.999939e-01 1.160721e+01
9.997558e-01 -2.190224e-02 2.932432e-03 3.800242e+01 2.190167e-02 9.997601e-01 2.259535e-04 -2.988831e+00 -2.936678e-03 -1.616651e-04 9.999956e-01 1.165636e+01
9.997598e-01 2.169715e-02 -3.101693e-03 3.842006e+01 -2.169572e-02 9.997645e-01 4.924656e-04 -3.020128e+00 3.111648e-03 -4.250619e-04 9.999952e-01 1.170121e+01
9.997570e-01 -2.189365e-02 2.557447e-03 3.885491e+01 2.189297e-02 9.997603e-01 2.955100e-04 -3.052817e+00 -2.563304e-03 -2.394399e-04 9.999966e-01 1.168403e+01
9.997633e-01 2.152156e-02 -3.182506e-03 3.939111e+01 -2.151936e-02 9.997682e-01 7.256556e-04 -3.090345e+00 3.197385e-03 -6.570066e-04 9.999948e-01 1.171227e+01
9.997543e-01 -2.201149e-02 2.621106e-03 4.000973e+01 2.201003e-02 9.997576e-01 5.856989e-04 -3.135452e+00 -2.633363e-03 -5.278560e-04 9.999963e-01 1.187805e+01
9.997620e-01 2.159608e-02 -3.080815e-03 4.042678e+01 -2.159552e-02 9.997668e-01 2.161505e-04 -3.168639e+00 3.084765e-03 -1.495758e-04 9.999953e-01 1.204517e+01
9.997576e-01 -2.180951e-02 3.000897e-03 4.069692e+01 2.180840e-02 9.997621e-01 4.025095e-04 -3.190760e+00 -3.008962e-03 -3.369587e-04 9.999953e-01 1.213226e+01
9.997616e-01 2.164473e-02 -2.865243e-03 4.088400e+01 -2.164458e-02 9.997657e-01 8.528680e-05 -3.207570e+00 2.866419e-03 -2.325804e-05 9.999960e-01 1.222365e+01
9.997585e-01 -2.171840e-02 3.353878e-03 4.105725e+01 2.171733e-02 9.997641e-01 3.572221e-04 -3.223270e+00 -3.360846e-03 -2.842900e-04 9.999942e-01 1.229882e+01
9.997631e-01 2.156641e-02 -2.940092e-03 4.132891e+01 -2.156585e-02 9.997674e-01 2.223757e-04 -3.245249e+00 2.944204e-03 -1.589261e-04 9.999958e-01 1.236058e+01
9.997544e-01 -2.200254e-02 2.633057e-03 4.182525e+01 2.200044e-02 9.997576e-01 8.228810e-04 -3.283823e+00 -2.650524e-03 -7.647418e-04 9.999961e-01 1.244960e+01
9.997649e-01 2.151014e-02 -2.721556e-03 4.232271e+01 -2.150931e-02 9.997686e-01 3.317500e-04 -3.322507e+00 2.728062e-03 -2.731421e-04 9.999963e-01 1.264290e+01
9.997564e-01 -2.197914e-02 2.033468e-03 4.279454e+01 2.197759e-02 9.997582e-01 7.802268e-04 -3.360096e+00 -2.050126e-03 -7.353370e-04 9.999975e-01 1.280131e+01
9.997630e-01 2.166151e-02 -2.157767e-03 4.336557e+01 -2.166032e-02 9.997652e-01 5.762653e-04 -3.402459e+00 2.169744e-03 -5.293999e-04 9.999976e-01 1.296318e+01
9.997781e-01 -2.091465e-02 2.501685e-03 4.374965e+01 2.091526e-02 9.997812e-01 -2.170735e-04 -3.432093e+00 -2.496598e-03 2.693578e-04 9.999967e-01 1.319415e+01
9.997855e-01 2.059667e-02 -2.152171e-03 4.406390e+01 -2.059483e-02 9.997875e-01 8.737160e-04 -3.457268e+00 2.169710e-03 -8.292142e-04 9.999974e-01 1.325897e+01
9.997782e-01 -2.106098e-02 1.197535e-04 4.458813e+01 2.106097e-02 9.997782e-01 8.881445e-05 -3.495649e+00 -1.215980e-04 -8.626335e-05 9.999999e-01 1.324968e+01
9.997833e-01 2.076262e-02 -1.508931e-03 4.502430e+01 -2.076166e-02 9.997842e-01 6.516031e-04 -3.525899e+00 1.522135e-03 -6.201433e-04 9.999987e-01 1.320834e+01
9.997773e-01 -2.110380e-02 -9.752002e-05 4.545401e+01 2.110382e-02 9.997773e-01 2.305056e-04 -3.557766e+00 9.263294e-05 -2.325029e-04 9.999999e-01 1.317720e+01
9.997756e-01 2.118282e-02 3.487501e-04 4.576115e+01 -2.118288e-02 9.997756e-01 1.704718e-04 -3.578177e+00 -3.450598e-04 -1.778305e-04 1.000000e+00 1.323387e+01
9.997706e-01 -2.141263e-02 -4.412741e-04 4.606016e+01 2.141290e-02 9.997705e-01 6.131356e-04 -3.603638e+00 4.280432e-04 -6.224344e-04 9.999996e-01 1.323742e+01
9.997697e-01 2.145537e-02 -3.695475e-04 4.643673e+01 -2.145545e-02 9.997698e-01 -2.230196e-04 -3.627000e+00 3.646785e-04 2.308875e-04 1.000000e+00 1.318822e+01
9.997656e-01 -2.165124e-02 2.306413e-04 4.673216e+01 2.165100e-02 9.997651e-01 9.743364e-04 -3.651618e+00 -2.516836e-04 -9.691047e-04 9.999994e-01 1.319079e+01
9.997635e-01 2.174559e-02 -2.793601e-04 4.704818e+01 -2.174576e-02 9.997633e-01 -6.503493e-04 -3.671958e+00 2.651529e-04 6.562607e-04 9.999998e-01 1.316187e+01
9.997603e-01 -2.189229e-02 1.360550e-04 4.731893e+01 2.189212e-02 9.997597e-01 1.168541e-03 -3.694202e+00 -1.616052e-04 -1.165273e-03 9.999992e-01 1.320682e+01
9.997643e-01 2.170748e-02 -4.751007e-04 4.772839e+01 -2.170749e-02 9.997644e-01 -2.587494e-05 -3.726508e+00 4.744282e-04 3.617224e-05 1.000000e+00 1.315872e+01
9.997677e-01 -2.154782e-02 -3.929327e-04 4.817311e+01 2.154802e-02 9.997677e-01 5.057072e-04 -3.753525e+00 3.819435e-04 -5.140467e-04 9.999997e-01 1.311766e+01
9.997748e-01 2.121540e-02 -4.949063e-04 4.854747e+01 -2.121533e-02 9.997749e-01 1.593663e-04 -3.781421e+00 4.981772e-04 -1.488408e-04 1.000000e+00 1.315843e+01
9.997706e-01 -2.141893e-02 -3.985783e-05 4.885068e+01 2.141894e-02 9.997705e-01 3.430009e-04 -3.804419e+00 3.250083e-05 -3.437659e-04 9.999998e-01 1.317664e+01
9.997735e-01 2.128154e-02 -2.755847e-04 4.911751e+01 -2.128153e-02 9.997735e-01 6.583663e-05 -3.824596e+00 2.769247e-04 -5.996690e-05 1.000000e+00 1.320629e+01
9.997699e-01 -2.144814e-02 -3.160032e-04 4.939190e+01 2.144824e-02 9.997699e-01 3.165463e-04 -3.845295e+00 3.091399e-04 -3.232411e-04 9.999998e-01 1.322536e+01
9.997731e-01 2.130226e-02 1.501844e-04 4.968085e+01 -2.130228e-02 9.997731e-01 1.106109e-04 -3.867124e+00 -1.477926e-04 -1.137952e-04 1.000000e+00 1.324603e+01
9.997662e-01 -2.162246e-02 -3.314694e-04 5.010816e+01 2.162266e-02 9.997660e-01 6.232679e-04 -3.899845e+00 3.179140e-04 -6.302791e-04 9.999997e-01 1.334089e+01
9.997769e-01 2.111876e-02 4.181435e-04 5.062751e+01 -2.111897e-02 9.997768e-01 5.045631e-04 -3.940982e+00 -4.073929e-04 -5.132916e-04 9.999999e-01 1.357543e+01
9.997660e-01 -2.162928e-02 -4.513036e-04 5.120660e+01 2.162962e-02 9.997658e-01 7.524530e-04 -3.987032e+00 4.349217e-04 -7.620279e-04 9.999995e-01 1.383105e+01
9.997759e-01 2.116373e-02 3.881746e-04 5.179625e+01 -2.116389e-02 9.997759e-01 4.185725e-04 -4.032419e+00 -3.792276e-04 -4.267046e-04 9.999999e-01 1.407963e+01
9.997651e-01 -2.166139e-02 -6.998940e-04 5.226606e+01 2.166177e-02 9.997652e-01 5.344474e-04 -4.068683e+00 6.881516e-04 -5.494722e-04 9.999995e-01 1.427028e+01
9.997689e-01 2.148637e-02 6.616219e-04 5.260922e+01 -2.148636e-02 9.997691e-01 -2.418595e-05 -4.095312e+00 -6.619873e-04 9.953803e-06 9.999999e-01 1.437522e+01
9.997643e-01 -2.170771e-02 -4.354500e-04 5.293649e+01 2.170796e-02 9.997642e-01 5.853895e-04 -4.121432e+00 4.226386e-04 -5.946934e-04 9.999996e-01 1.444787e+01
9.997702e-01 2.142702e-02 6.354644e-04 5.325125e+01 -2.142703e-02 9.997704e-01 -3.776237e-06 -4.147022e+00 -6.353980e-04 -9.851567e-06 9.999999e-01 1.454147e+01
9.997648e-01 -2.167907e-02 -6.701365e-04 5.361417e+01 2.167953e-02 9.997647e-01 6.864833e-04 -4.176114e+00 6.550953e-04 -7.008391e-04 9.999994e-01 1.462654e+01
9.997704e-01 2.142151e-02 4.666684e-04 5.398901e+01 -2.142153e-02 9.997705e-01 4.330429e-05 -4.206020e+00 -4.656322e-04 -5.330207e-05 1.000000e+00 1.473931e+01
9.997685e-01 -2.149601e-02 -9.627456e-04 5.445780e+01 2.149704e-02 9.997683e-01 1.079736e-03 -4.243701e+00 9.393113e-04 -1.100171e-03 9.999989e-01 1.485342e+01
9.997815e-01 2.088302e-02 8.880049e-04 5.499858e+01 -2.088310e-02 9.997819e-01 8.051923e-05 -4.284819e+00 -8.861283e-04 -9.905713e-05 9.999997e-01 1.497753e+01
9.997757e-01 -2.115095e-02 -1.073452e-03 5.542426e+01 2.115179e-02 9.997760e-01 7.770386e-04 -4.317778e+00 1.056775e-03 -7.995585e-04 9.999990e-01 1.496300e+01
9.997855e-01 2.069188e-02 8.786745e-04 5.604924e+01 -2.069229e-02 9.997858e-01 4.658319e-04 -4.364867e+00 -8.688458e-04 -4.839252e-04 9.999996e-01 1.511467e+01
9.997704e-01 -2.141525e-02 -6.757821e-04 5.675032e+01 2.141597e-02 9.997701e-01 1.082616e-03 -4.420311e+00 6.524409e-04 -1.096828e-03 9.999991e-01 1.551846e+01
9.997900e-01 2.049093e-02 3.226200e-04 5.751184e+01 -2.049115e-02 9.997898e-01 6.885858e-04 -4.481174e+00 -3.084409e-04 -6.950638e-04 9.999998e-01 1.588021e+01
9.997703e-01 -2.143351e-02 7.561185e-05 5.822773e+01 2.143340e-02 9.997695e-01 1.261894e-03 -4.538439e+00 -1.026425e-04 -1.259972e-03 9.999991e-01 1.631456e+01
9.997867e-01 2.064602e-02 5.050416e-04 5.885141e+01 -2.064618e-02 9.997868e-01 3.315134e-04 -4.588859e+00 -4.980880e-04 -3.418820e-04 9.999999e-01 1.665883e+01
9.997690e-01 -2.149448e-02 -1.676997e-05 5.951551e+01 2.149448e-02 9.997681e-01 1.327538e-03 -4.639991e+00 -1.176980e-05 -1.327579e-03 9.999990e-01 1.708194e+01
9.997856e-01 2.070649e-02 2.177707e-04 6.011410e+01 -2.070656e-02 9.997856e-01 3.014311e-04 -4.687561e+00 -2.114810e-04 -3.058882e-04 1.000000e+00 1.745782e+01
9.997687e-01 -2.149684e-02 5.792264e-04 6.066396e+01 2.149618e-02 9.997683e-01 1.120193e-03 -4.730765e+00 -6.031738e-04 -1.107470e-03 9.999991e-01 1.789642e+01
9.997825e-01 2.068377e-02 2.682899e-03 6.122053e+01 -2.068532e-02 9.997859e-01 5.508005e-04 -4.785612e+00 -2.670931e-03 -6.061900e-04 9.999963e-01 1.851155e+01
9.997616e-01 -2.173803e-02 -2.033424e-03 6.195828e+01 2.174157e-02 9.997621e-01 1.738033e-03 -4.847291e+00 1.995158e-03 -1.781815e-03 9.999963e-01 1.902895e+01
9.997615e-01 2.142099e-02 4.257784e-03 6.235510e+01 -2.141941e-02 9.997705e-01 -4.181770e-04 -4.883880e+00 -4.265764e-03 3.268649e-04 9.999909e-01 1.957834e+01
9.997556e-01 -2.198093e-02 -2.362917e-03 6.283272e+01 2.198520e-02 9.997567e-01 1.795701e-03 -4.931930e+00 2.322870e-03 -1.847198e-03 9.999955e-01 2.012121e+01
9.997669e-01 2.139834e-02 2.872096e-03 6.332112e+01 -2.139735e-02 9.997710e-01 -3.749180e-04 -4.973232e+00 -2.879460e-03 3.133620e-04 9.999959e-01 2.044499e+01
9.997611e-01 -2.182156e-02 -1.224793e-03 6.376074e+01 2.182345e-02 9.997606e-01 1.548499e-03 -5.012839e+00 1.190709e-03 -1.574844e-03 9.999980e-01 2.090628e+01
9.997697e-01 2.130939e-02 2.552492e-03 6.426561e+01 -2.130917e-02 9.997729e-01 -1.135372e-04 -5.059708e+00 -2.554331e-03 5.910589e-05 9.999968e-01 2.142027e+01
9.997683e-01 -2.149423e-02 -1.150020e-03 6.465592e+01 2.149552e-02 9.997683e-01 1.116315e-03 -5.095831e+00 1.125759e-03 -1.140762e-03 9.999986e-01 2.187171e+01
9.997805e-01 2.090561e-02 1.396380e-03 6.527849e+01 -2.090582e-02 9.997814e-01 1.372663e-04 -5.146052e+00 -1.393205e-03 -1.664425e-04 9.999991e-01 2.221952e+01
9.997699e-01 -2.142095e-02 -1.095119e-03 6.596394e+01 2.142257e-02 9.997694e-01 1.490621e-03 -5.199606e+00 1.062936e-03 -1.513724e-03 9.999982e-01 2.260361e+01
9.997818e-01 2.087199e-02 8.438838e-04 6.654854e+01 -2.087172e-02 9.997821e-01 -3.215568e-04 -5.245929e+00 -8.504115e-04 3.038591e-04 9.999997e-01 2.284122e+01
9.997697e-01 -2.142740e-02 -1.198182e-03 6.712947e+01 2.142922e-02 9.997692e-01 1.525401e-03 -5.292003e+00 1.165221e-03 -1.550711e-03 9.999980e-01 2.308820e+01
9.997792e-01 2.098949e-02 9.539347e-04 6.775238e+01 -2.098919e-02 9.997797e-01 -3.205194e-04 -5.340867e+00 -9.604520e-04 3.004119e-04 9.999996e-01 2.333847e+01
9.997635e-01 -2.171401e-02 -1.234737e-03 6.848846e+01 2.171639e-02 9.997623e-01 1.949906e-03 -5.398532e+00 1.192103e-03 -1.976245e-03 9.999972e-01 2.366037e+01
9.997801e-01 2.094975e-02 8.890759e-04 6.926427e+01 -2.094945e-02 9.997805e-01 -3.477155e-04 -5.458121e+00 -8.961653e-04 3.289986e-04 9.999996e-01 2.398951e+01
9.997621e-01 -2.177079e-02 -1.351462e-03 7.003898e+01 2.177364e-02 9.997606e-01 2.137604e-03 -5.518066e+00 1.304602e-03 -2.166507e-03 9.999967e-01 2.432084e+01
9.997768e-01 2.108282e-02 1.392011e-03 7.083899e+01 -2.108216e-02 9.997776e-01 -4.885826e-04 -5.580083e+00 -1.402002e-03 4.591119e-04 9.999990e-01 2.469590e+01
9.997590e-01 -2.187325e-02 -1.861775e-03 7.168566e+01 2.187735e-02 9.997582e-01 2.210971e-03 -5.644907e+00 1.812964e-03 -2.251154e-03 9.999957e-01 2.503876e+01
9.997783e-01 2.101552e-02 1.270826e-03 7.249396e+01 -2.101476e-02 9.997790e-01 -6.045193e-04 -5.705146e+00 -1.283249e-03 5.776638e-04 9.999991e-01 2.534350e+01
9.997635e-01 -2.165407e-02 -1.993354e-03 7.319913e+01 2.165836e-02 9.997631e-01 2.155482e-03 -5.759044e+00 1.946207e-03 -2.198129e-03 9.999956e-01 2.559915e+01
9.997759e-01 2.111266e-02 1.548256e-03 7.383901e+01 -2.111128e-02 9.997767e-01 -8.996852e-04 -5.808831e+00 -1.566905e-03 8.667822e-04 9.999985e-01 2.585483e+01
9.997638e-01 -2.167610e-02 -1.592680e-03 7.444953e+01 2.167973e-02 9.997623e-01 2.296576e-03 -5.857973e+00 1.542520e-03 -2.330546e-03 9.999960e-01 2.616924e+01
9.997748e-01 2.116283e-02 1.584303e-03 7.506789e+01 -2.116138e-02 9.997756e-01 -9.271795e-04 -5.908778e+00 -1.603569e-03 8.934287e-04 9.999984e-01 2.647839e+01
9.997618e-01 -2.176633e-02 -1.593187e-03 7.575564e+01 2.177017e-02 9.997600e-01 2.435646e-03 -5.963509e+00 1.539790e-03 -2.469733e-03 9.999957e-01 2.684092e+01
9.997752e-01 2.112879e-02 1.787118e-03 7.642773e+01 -2.112726e-02 9.997764e-01 -8.711711e-04 -6.018312e+00 -1.805125e-03 8.332020e-04 9.999981e-01 2.724051e+01
9.997607e-01 -2.180462e-02 -1.738402e-03 7.717336e+01 2.180901e-02 9.997589e-01 2.550157e-03 -6.078995e+00 1.682378e-03 -2.587443e-03 9.999951e-01 2.767433e+01
9.997792e-01 2.096324e-02 1.466708e-03 7.803198e+01 -2.096229e-02 9.997800e-01 -6.630553e-04 -6.147562e+00 -1.480285e-03 6.321466e-04 9.999988e-01 2.809543e+01
9.997582e-01 -2.189708e-02 -2.015540e-03 7.890309e+01 2.190259e-02 9.997563e-01 2.750315e-03 -6.214144e+00 1.954825e-03 -2.793778e-03 9.999941e-01 2.847738e+01
9.997756e-01 2.110370e-02 1.817633e-03 7.971882e+01 -2.110225e-02 9.997770e-01 -8.109780e-04 -6.276880e+00 -1.834342e-03 7.724228e-04 9.999981e-01 2.886971e+01
9.997690e-01 -2.142532e-02 -1.681357e-03 8.029970e+01 2.142939e-02 9.997674e-01 2.441633e-03 -6.324171e+00 1.628653e-03 -2.477083e-03 9.999955e-01 2.918218e+01
9.997769e-01 2.102252e-02 2.073145e-03 8.067679e+01 -2.101907e-02 9.997777e-01 -1.671694e-03 -6.356426e+00 -2.107827e-03 1.627728e-03 9.999966e-01 2.936563e+01
9.997746e-01 -2.113556e-02 -2.026524e-03 8.082286e+01 2.113965e-02 9.997745e-01 2.021597e-03 -6.371331e+00 1.983339e-03 -2.063963e-03 9.999958e-01 2.948963e+01
9.997750e-01 2.106445e-02 2.497533e-03 8.105255e+01 -2.106034e-02 9.997768e-01 -1.657484e-03 -6.391561e+00 -2.531889e-03 1.604495e-03 9.999956e-01 2.962986e+01
9.997684e-01 -2.136689e-02 -2.566741e-03 8.145143e+01 2.137325e-02 9.997685e-01 2.473932e-03 -6.424960e+00 2.513287e-03 -2.528202e-03 9.999935e-01 2.986807e+01
9.997740e-01 2.103940e-02 3.062205e-03 8.178451e+01 -2.103437e-02 9.997774e-01 -1.667332e-03 -6.454087e+00 -3.096603e-03 1.602526e-03 9.999940e-01 3.013234e+01
9.997680e-01 -2.138506e-02 -2.577186e-03 8.225016e+01 2.139187e-02 9.997677e-01 2.642567e-03 -6.493989e+00 2.520076e-03 -2.697067e-03 9.999931e-01 3.042306e+01
9.997801e-01 2.066671e-02 3.558786e-03 8.285718e+01 -2.066234e-02 9.997857e-01 -1.261153e-03 -6.544209e+00 -3.584088e-03 1.187325e-03 9.999930e-01 3.089515e+01
9.997699e-01 -2.115717e-02 -3.550508e-03 8.368654e+01 2.116721e-02 9.997720e-01 2.814677e-03 -6.607230e+00 3.490148e-03 -2.889165e-03 9.999896e-01 3.128773e+01
9.997931e-01 2.023123e-02 2.118136e-03 8.442940e+01 -2.022875e-02 9.997947e-01 -1.187510e-03 -6.663681e+00 -2.141725e-03 1.144399e-03 9.999972e-01 3.158959e+01
9.997861e-01 -2.054844e-02 -2.357999e-03 8.494265e+01 2.055336e-02 9.997866e-01 2.079753e-03 -6.702999e+00 2.314761e-03 -2.127754e-03 9.999950e-01 3.179363e+01
9.997935e-01 2.018142e-02 2.367647e-03 8.543333e+01 -2.017878e-02 9.997957e-01 -1.132517e-03 -6.741907e+00 -2.390019e-03 1.084489e-03 9.999967e-01 3.202786e+01
9.997874e-01 -2.045110e-02 -2.615514e-03 8.573687e+01 2.045550e-02 9.997894e-01 1.665973e-03 -6.767176e+00 2.580892e-03 -1.719103e-03 9.999951e-01 3.221017e+01
9.997876e-01 2.036390e-02 3.172110e-03 8.596499e+01 -2.035974e-02 9.997918e-01 -1.339357e-03 -6.787025e+00 -3.198724e-03 1.274471e-03 9.999942e-01 3.233249e+01
9.997877e-01 -2.050739e-02 -1.994126e-03 8.631066e+01 2.051207e-02 9.997868e-01 2.355878e-03 -6.818680e+00 1.945388e-03 -2.396263e-03 9.999951e-01 3.266195e+01
9.997874e-01 2.041519e-02 2.888104e-03 8.664461e+01 -2.041042e-02 9.997903e-01 -1.670637e-03 -6.850524e+00 -2.921604e-03 1.611316e-03 9.999945e-01 3.303020e+01
9.997817e-01 -2.069192e-02 -2.886222e-03 8.697184e+01 2.069850e-02 9.997832e-01 2.267568e-03 -6.878248e+00 2.838676e-03 -2.326795e-03 9.999932e-01 3.320065e+01
9.997905e-01 2.029965e-02 2.610347e-03 8.748442e+01 -2.029632e-02 9.997932e-01 -1.294336e-03 -6.918472e+00 -2.636082e-03 1.241066e-03 9.999959e-01 3.338338e+01
9.997774e-01 -2.096002e-02 -2.415340e-03 8.821814e+01 2.096713e-02 9.997758e-01 2.955381e-03 -6.976952e+00 2.352854e-03 -3.005347e-03 9.999926e-01 3.379088e+01
9.997898e-01 2.040728e-02 1.980312e-03 8.877363e+01 -2.040371e-02 9.997902e-01 -1.806591e-03 -7.020812e+00 -2.016765e-03 1.765786e-03 9.999965e-01 3.410433e+01
9.997849e-01 -2.063821e-02 -2.074314e-03 8.907015e+01 2.064299e-02 9.997842e-01 2.310754e-03 -7.044387e+00 2.026177e-03 -2.353058e-03 9.999951e-01 3.420803e+01
9.997910e-01 2.031842e-02 2.251228e-03 8.948184e+01 -2.031529e-02 9.997926e-01 -1.406422e-03 -7.077093e+00 -2.279338e-03 1.360374e-03 9.999966e-01 3.438374e+01
9.997810e-01 -2.081189e-02 -2.177609e-03 9.000275e+01 2.081727e-02 9.997802e-01 2.475046e-03 -7.118818e+00 2.125621e-03 -2.519817e-03 9.999945e-01 3.465666e+01
9.997913e-01 2.033184e-02 1.985504e-03 9.057497e+01 -2.032915e-02 9.997924e-01 -1.364545e-03 -7.163771e+00 -2.012836e-03 1.323877e-03 9.999972e-01 3.489520e+01
9.997796e-01 -2.074638e-02 -3.222806e-03 9.102498e+01 2.075325e-02 9.997824e-01 2.114006e-03 -7.197788e+00 3.178247e-03 -2.180404e-03 9.999925e-01 3.504438e+01
9.997840e-01 2.056611e-02 3.005954e-03 9.133216e+01 -2.056113e-02 9.997872e-01 -1.678786e-03 -7.221402e+00 -3.039840e-03 1.616598e-03 9.999942e-01 3.509148e+01
9.997767e-01 -2.085471e-02 -3.396983e-03 9.175440e+01 2.086296e-02 9.997794e-01 2.410799e-03 -7.253136e+00 3.345957e-03 -2.481112e-03 9.999912e-01 3.508949e+01
9.997872e-01 2.053682e-02 1.939368e-03 9.223922e+01 -2.053337e-02 9.997876e-01 -1.783601e-03 -7.287224e+00 -1.975585e-03 1.743380e-03 9.999966e-01 3.507801e+01
9.997778e-01 -2.101558e-02 -1.632937e-03 9.279566e+01 2.102047e-02 9.997744e-01 3.039289e-03 -7.329614e+00 1.568697e-03 -3.072919e-03 9.999939e-01 3.532541e+01
9.997895e-01 2.033412e-02 2.742043e-03 9.347189e+01 -2.033148e-02 9.997928e-01 -9.869577e-04 -7.385453e+00 -2.761544e-03 9.309801e-04 9.999959e-01 3.587600e+01
9.997775e-01 -2.094987e-02 -2.467321e-03 9.414204e+01 2.095668e-02 9.997766e-01 2.766697e-03 -7.441818e+00 2.408809e-03 -2.817768e-03 9.999930e-01 3.642266e+01
9.997903e-01 2.036259e-02 2.166339e-03 9.510432e+01 -2.036164e-02 9.997926e-01 -4.602693e-04 -7.515585e+00 -2.175262e-03 4.160421e-04 9.999976e-01 3.685084e+01
9.998048e-01 -1.928381e-02 -4.297891e-03 9.620424e+01 1.929880e-02 9.998077e-01 3.475271e-03 -7.600302e+00 4.230048e-03 -3.557516e-03 9.999846e-01 3.745974e+01
9.997423e-01 2.179227e-02 6.358930e-03 9.711086e+01 -2.178711e-02 9.997622e-01 -8.797091e-04 -7.669995e+00 -6.376589e-03 7.409187e-04 9.999795e-01 3.805160e+01
9.997203e-01 -2.226034e-02 -7.988654e-03 9.805106e+01 2.228001e-02 9.997489e-01 2.381676e-03 -7.744212e+00 7.933632e-03 -2.558976e-03 9.999652e-01 3.816009e+01
9.997416e-01 2.197449e-02 5.814021e-03 9.943148e+01 -2.197984e-02 9.997580e-01 8.579862e-04 -7.837577e+00 -5.793760e-03 -9.855773e-04 9.999828e-01 3.818472e+01
9.997224e-01 -2.276725e-02 -6.063421e-03 1.001263e+02 2.277184e-02 9.997404e-01 6.892084e-04 -7.892641e+00 6.046156e-03 -8.270707e-04 9.999813e-01 3.864071e+01
9.997284e-01 2.234392e-02 6.619514e-03 1.007870e+02 -2.235402e-02 9.997491e-01 1.455790e-03 -7.946517e+00 -6.585324e-03 -1.603389e-03 9.999771e-01 3.913307e+01
9.997306e-01 -2.209703e-02 -7.099927e-03 1.013022e+02 2.209442e-02 9.997558e-01 -4.463933e-04 -7.990185e+00 7.108058e-03 2.894263e-04 9.999746e-01 3.944677e+01
9.997419e-01 2.152491e-02 7.273515e-03 1.018976e+02 -2.153563e-02 9.997671e-01 1.399749e-03 -8.035188e+00 -7.241691e-03 -1.556050e-03 9.999727e-01 3.974705e+01
9.997319e-01 -2.222878e-02 -6.489099e-03 1.025255e+02 2.222982e-02 9.997529e-01 8.753320e-05 -8.085542e+00 6.485550e-03 -2.317390e-04 9.999788e-01 4.027220e+01
9.997419e-01 2.166547e-02 6.835446e-03 1.030805e+02 -2.167683e-02 9.997638e-01 1.592420e-03 -8.136232e+00 -6.799330e-03 -1.740202e-03 9.999755e-01 4.082492e+01
9.997293e-01 -2.228339e-02 -6.692990e-03 1.035631e+02 2.228135e-02 9.997517e-01 -3.790151e-04 -8.184053e+00 6.699774e-03 2.298062e-04 9.999774e-01 4.138096e+01
9.997381e-01 2.157005e-02 7.647725e-03 1.040687e+02 -2.158361e-02 9.997656e-01 1.694651e-03 -8.231022e+00 -7.609379e-03 -1.859295e-03 9.999694e-01 4.189404e+01
9.997294e-01 -2.238328e-02 -6.341465e-03 1.047020e+02 2.238479e-02 9.997494e-01 1.662863e-04 -8.283114e+00 6.336154e-03 -3.081707e-04 9.999798e-01 4.236528e+01
9.997399e-01 2.174206e-02 6.882400e-03 1.053982e+02 -2.175186e-02 9.997625e-01 1.352775e-03 -8.339212e+00 -6.851354e-03 -1.502151e-03 9.999755e-01 4.281377e+01
9.997828e-01 -2.047665e-02 -3.880571e-03 1.059153e+02 2.047862e-02 9.997902e-01 4.679814e-04 -8.385412e+00 3.870175e-03 -5.473253e-04 9.999923e-01 4.337056e+01
9.997812e-01 1.969211e-02 7.048648e-03 1.062690e+02 -1.969652e-02 9.998059e-01 5.579502e-04 -8.423854e+00 -7.036293e-03 -6.966854e-04 9.999751e-01 4.398666e+01
9.997738e-01 -2.055233e-02 -5.469428e-03 1.069285e+02 2.055897e-02 9.997880e-01 1.161120e-03 -8.479367e+00 5.444406e-03 -1.273280e-03 9.999843e-01 4.463780e+01
9.997847e-01 2.016066e-02 4.904301e-03 1.076777e+02 -2.016337e-02 9.997966e-01 5.047136e-04 -8.540715e+00 -4.893128e-03 -6.035159e-04 9.999879e-01 4.512380e+01
9.997793e-01 -2.087529e-02 -2.360867e-03 1.083979e+02 2.087786e-02 9.997815e-01 1.070503e-03 -8.599859e+00 2.338006e-03 -1.119532e-03 9.999965e-01 4.574899e+01
9.997585e-01 2.120517e-02 5.767428e-03 1.091082e+02 -2.121375e-02 9.997739e-01 1.429779e-03 -8.660818e+00 -5.735807e-03 -1.551806e-03 9.999824e-01 4.646038e+01
9.997493e-01 -2.188351e-02 -4.729390e-03 1.098069e+02 2.188636e-02 9.997603e-01 5.502922e-04 -8.719232e+00 4.716217e-03 -6.536391e-04 9.999886e-01 4.706224e+01
9.997559e-01 2.105045e-02 6.713582e-03 1.104642e+02 -2.106108e-02 9.997770e-01 1.515744e-03 -8.775788e+00 -6.680180e-03 -1.656794e-03 9.999764e-01 4.766444e+01
9.998021e-01 -1.911084e-02 -5.529629e-03 1.111286e+02 1.911551e-02 9.998170e-01 7.928489e-04 -8.839805e+00 5.513467e-03 -8.983689e-04 9.999843e-01 4.828704e+01
9.998167e-01 1.825918e-02 5.766172e-03 1.120318e+02 -1.827032e-02 9.998313e-01 1.884400e-03 -8.918535e+00 -5.730793e-03 -1.989429e-03 9.999817e-01 4.892578e+01
9.998334e-01 -1.794250e-02 -3.365976e-03 1.126844e+02 1.794302e-02 9.998390e-01 1.226568e-04 -8.983886e+00 3.363236e-03 -1.830069e-04 9.999942e-01 4.977296e+01
9.998039e-01 1.867157e-02 6.591005e-03 1.132055e+02 -1.868449e-02 9.998236e-01 1.904736e-03 -9.036233e+00 -6.554280e-03 -2.027538e-03 9.999766e-01 5.051348e+01
9.998588e-01 -1.651080e-02 -3.126791e-03 1.136074e+02 1.650949e-02 9.998636e-01 -4.423696e-04 -9.080544e+00 3.133671e-03 3.907110e-04 9.999949e-01 5.122496e+01
9.998472e-01 1.593733e-02 7.183656e-03 1.139333e+02 -1.594967e-02 9.998714e-01 1.663340e-03 -9.117394e+00 -7.156226e-03 -1.777689e-03 9.999729e-01 5.187135e+01
9.998877e-01 -1.493314e-02 -1.275299e-03 1.142581e+02 1.493280e-02 9.998885e-01 -2.770423e-04 -9.157900e+00 1.279298e-03 2.579932e-04 9.999991e-01 5.276706e+01
9.998729e-01 1.353662e-02 8.419601e-03 1.145677e+02 -1.355173e-02 9.999067e-01 1.741247e-03 -9.200090e+00 -8.395249e-03 -1.855152e-03 9.999631e-01 5.377686e+01
9.998937e-01 -1.456104e-02 -7.998116e-04 1.148893e+02 1.456106e-02 9.998940e-01 1.390763e-05 -9.244053e+00 7.995299e-04 -2.552610e-05 9.999996e-01 5.484120e+01
9.998722e-01 1.330433e-02 8.867866e-03 1.151995e+02 -1.331766e-02 9.999103e-01 1.446339e-03 -9.288126e+00 -8.847834e-03 -1.564279e-03 9.999597e-01 5.593877e+01
9.998901e-01 -1.453458e-02 -2.924741e-03 1.155770e+02 1.453525e-02 9.998943e-01 2.080629e-04 -9.333495e+00 2.921415e-03 -2.505254e-04 9.999956e-01 5.687517e+01
9.998794e-01 1.328737e-02 8.034515e-03 1.160158e+02 -1.330071e-02 9.999102e-01 1.609311e-03 -9.381576e+00 -8.012418e-03 -1.716009e-03 9.999665e-01 5.777774e+01
9.998996e-01 -1.404719e-02 -1.875844e-03 1.164694e+02 1.404790e-02 9.999013e-01 3.678221e-04 -9.431744e+00 1.870500e-03 -3.941101e-04 9.999981e-01 5.876252e+01
9.999034e-01 1.286321e-02 5.263865e-03 1.170131e+02 -1.287519e-02 9.999146e-01 2.248291e-03 -9.490296e+00 -5.234503e-03 -2.315874e-03 9.999837e-01 5.964776e+01
9.998943e-01 -1.395990e-02 -4.071337e-03 1.176166e+02 1.395602e-02 9.999021e-01 -9.802782e-04 -9.540815e+00 4.084632e-03 9.233820e-04 9.999911e-01 5.999670e+01
9.998699e-01 1.280284e-02 9.814345e-03 1.179425e+02 -1.282727e-02 9.999148e-01 2.429944e-03 -9.573024e+00 -9.782407e-03 -2.555547e-03 9.999490e-01 6.067352e+01
9.999060e-01 -1.337198e-02 -3.043847e-03 1.181898e+02 1.336907e-02 9.999102e-01 -9.737300e-04 -9.610469e+00 3.056604e-03 9.329725e-04 9.999948e-01 6.161035e+01
9.998888e-01 1.287660e-02 7.528126e-03 1.184162e+02 -1.289435e-02 9.999142e-01 2.314204e-03 -9.647591e+00 -7.497691e-03 -2.411044e-03 9.999691e-01 6.246721e+01
9.999045e-01 -1.359574e-02 -2.474732e-03 1.187793e+02 1.359401e-02 9.999073e-01 -7.146572e-04 -9.689965e+00 2.484229e-03 6.809752e-04 9.999966e-01 6.327337e+01
9.998861e-01 1.296295e-02 7.731698e-03 1.190727e+02 -1.297767e-02 9.999141e-01 1.857749e-03 -9.728816e+00 -7.706962e-03 -1.957905e-03 9.999685e-01 6.402288e+01
