9.999807e-01 -5.812754e-03 -2.208537e-03 9.910024e-01 5.809274e-03 9.999819e-01 -1.578649e-03 -6.657593e-02 2.217674e-03 1.565788e-03 9.999964e-01 -4.225156e-01
9.999733e-01 7.262253e-03 7.805293e-04 2.364987e+00 -7.262228e-03 9.999736e-01 -3.478197e-05 -1.428691e-01 -7.807616e-04 2.911282e-05 9.999996e-01 -1.077911e+00
9.999815e-01 -5.752403e-03 -1.955780e-03 3.430850e+00 5.749077e-03 9.999820e-01 -1.701801e-03 -2.042240e-01 1.965535e-03 1.690526e-03 9.999967e-01 -1.752242e+00
9.999704e-01 7.691426e-03 -2.328279e-04 4.575776e+00 -7.691472e-03 9.999704e-01 -1.983894e-04 -2.683210e-01 2.312944e-04 2.001741e-04 9.999999e-01 -2.499753e+00
9.999816e-01 -6.003619e-03 -8.950162e-04 5.624757e+00 6.002312e-03 9.999809e-01 -1.456764e-03 -3.226424e-01 9.037458e-04 1.451365e-03 9.999986e-01 -3.246060e+00
9.999673e-01 8.088609e-03 -1.047575e-04 6.757490e+00 -8.088651e-03 9.999672e-01 -4.098181e-04 -3.839726e-01 1.014383e-04 4.106515e-04 9.999998e-01 -4.004857e+00
9.999756e-01 -6.615266e-03 -2.245395e-03 7.954881e+00 6.612097e-03 9.999771e-01 -1.415840e-03 -4.496987e-01 2.254711e-03 1.400959e-03 9.999966e-01 -4.726056e+00
9.999627e-01 8.446312e-03 1.815483e-03 8.869009e+00 -8.446102e-03 9.999643e-01 -1.234050e-04 -4.973506e-01 -1.816462e-03 1.080658e-04 9.999982e-01 -5.440880e+00
9.999722e-01 -7.395993e-03 -9.842476e-04 9.738306e+00 7.395212e-03 9.999723e-01 -7.947803e-04 -5.474998e-01 9.900996e-04 7.874805e-04 9.999993e-01 -5.721803e+00
9.999645e-01 8.142967e-03 2.182003e-03 1.052556e+01 -8.143620e-03 9.999668e-01 2.904331e-04 -6.041456e-01 -2.179567e-03 -3.081932e-04 9.999975e-01 -5.602911e+00
9.999732e-01 -7.325826e-03 3.804631e-05 1.129977e+01 7.325842e-03 9.999731e-01 -4.260282e-04 -6.632258e-01 -3.492356e-05 4.262965e-04 1.000000e+00 -5.249016e+00
9.999664e-01 8.159592e-03 7.633555e-04 1.213785e+01 -8.159674e-03 9.999667e-01 1.050730e-04 -7.219760e-01 -7.624734e-04 -1.112993e-04 9.999996e-01 -5.054184e+00
9.999720e-01 -7.427098e-03 8.824319e-04 1.285728e+01 7.427505e-03 9.999723e-01 -4.591549e-04 -7.735990e-01 -8.789968e-04 4.656974e-04 9.999996e-01 -4.853489e+00
9.999687e-01 7.899720e-03 5.065691e-04 1.342528e+01 -7.899993e-03 9.999686e-01 5.389532e-04 -8.152661e-01 -5.022960e-04 -5.429393e-04 9.999996e-01 -4.590851e+00
9.999762e-01 -6.894848e-03 1.716523e-05 1.407794e+01 6.894867e-03 9.999748e-01 -1.710793e-03 -8.647203e-01 -5.368857e-06 1.710871e-03 9.999986e-01 -4.712607e+00
9.999654e-01 8.212557e-03 1.317102e-03 1.505088e+01 -8.214191e-03 9.999655e-01 1.240243e-03 -9.244683e-01 -1.306871e-03 -1.251021e-03 9.999983e-01 -4.723397e+00
9.999717e-01 -7.498837e-03 5.274864e-04 1.564826e+01 7.499663e-03 9.999706e-01 -1.581599e-03 -9.704654e-01 -5.156108e-04 1.585512e-03 9.999987e-01 -4.483871e+00
9.999639e-01 8.344662e-03 1.624344e-03 1.637114e+01 -8.346880e-03 9.999642e-01 1.363413e-03 -1.023851e+00 -1.612908e-03 -1.376923e-03 9.999977e-01 -4.183568e+00
9.999714e-01 -7.552088e-03 2.590489e-04 1.703060e+01 7.552494e-03 9.999702e-01 -1.605130e-03 -1.072595e+00 -2.469196e-04 1.607042e-03 9.999988e-01 -3.919631e+00
9.999755e-01 6.952908e-03 -8.547242e-04 1.772403e+01 -6.952450e-03 9.999757e-01 5.377776e-04 -1.120274e+00 8.584429e-04 -5.318234e-04 9.999994e-01 -4.082749e+00
9.999809e-01 -5.989605e-03 1.536716e-03 1.860800e+01 5.991296e-03 9.999814e-01 -1.098307e-03 -1.176356e+00 -1.530109e-03 1.107495e-03 9.999983e-01 -4.134527e+00
9.999779e-01 6.641212e-03 1.545631e-04 1.915436e+01 -6.641359e-03 9.999775e-01 9.734668e-04 -1.217169e+00 -1.480940e-04 -9.744733e-04 9.999994e-01 -3.924935e+00
9.999799e-01 -5.802897e-03 2.570693e-03 1.970627e+01 5.805627e-03 9.999826e-01 -1.055617e-03 -1.262612e+00 -2.564523e-03 1.070522e-03 9.999962e-01 -3.511629e+00
9.999745e-01 6.982726e-03 -1.497746e-03 2.047524e+01 -6.982144e-03 9.999755e-01 3.930117e-04 -1.313597e+00 1.500455e-03 -3.825458e-04 9.999987e-01 -3.554417e+00
9.999754e-01 -5.341073e-03 4.549594e-03 2.134314e+01 5.344950e-03 9.999854e-01 -8.403850e-04 -1.365158e+00 -4.545040e-03 8.646833e-04 9.999894e-01 -3.565619e+00
9.999716e-01 6.521978e-03 -3.766913e-03 2.197101e+01 -6.521861e-03 9.999787e-01 4.324761e-05 -1.406194e+00 3.767116e-03 -1.868082e-05 9.999928e-01 -3.708271e+00
9.999828e-01 -3.049210e-03 5.002908e-03 2.292371e+01 3.054699e-03 9.999947e-01 -1.089923e-03 -1.448348e+00 -4.999560e-03 1.105188e-03 9.999870e-01 -4.560872e+00
9.999624e-01 5.792351e-03 -6.458640e-03 2.407196e+01 -5.794025e-03 9.999832e-01 -2.405101e-04 -1.505107e+00 6.457139e-03 2.779206e-04 9.999790e-01 -5.412719e+00
9.999826e-01 -3.615264e-03 4.654670e-03 2.537988e+01 3.622030e-03 9.999924e-01 -1.445877e-03 -1.573485e+00 -4.649408e-03 1.462713e-03 9.999882e-01 -6.200413e+00
9.999804e-01 5.235962e-03 -3.431512e-03 2.663577e+01 -5.232964e-03 9.999859e-01 8.821301e-04 -1.641362e+00 3.436084e-03 -8.641580e-04 9.999936e-01 -6.550150e+00
9.999788e-01 -3.798476e-03 5.290243e-03 2.780253e+01 3.804630e-03 9.999921e-01 -1.153741e-03 -1.717221e+00 -5.285821e-03 1.173847e-03 9.999854e-01 -6.394957e+00
9.999840e-01 4.766221e-03 -3.056945e-03 2.885258e+01 -4.762413e-03 9.999879e-01 1.251850e-03 -1.790581e+00 3.062876e-03 -1.237274e-03 9.999944e-01 -6.086568e+00
9.999798e-01 -3.334534e-03 5.420140e-03 2.981779e+01 3.343440e-03 9.999931e-01 -1.634966e-03 -1.857347e+00 -5.414653e-03 1.653057e-03 9.999841e-01 -5.856744e+00
9.999797e-01 4.697606e-03 -4.307032e-03 3.082442e+01 -4.692189e-03 9.999882e-01 1.267049e-03 -1.920620e+00 4.312935e-03 -1.246816e-03 9.999898e-01 -5.817099e+00
9.999768e-01 -3.409028e-03 5.901034e-03 3.180977e+01 3.418067e-03 9.999930e-01 -1.522448e-03 -1.983499e+00 -5.895805e-03 1.542585e-03 9.999815e-01 -5.756637e+00
9.999829e-01 4.471224e-03 -3.759351e-03 3.278478e+01 -4.465704e-03 9.999889e-01 1.475406e-03 -2.049108e+00 3.765909e-03 -1.458595e-03 9.999917e-01 -5.556686e+00
9.999734e-01 -3.177814e-03 6.560976e-03 3.365297e+01 3.187386e-03 9.999939e-01 -1.449084e-03 -2.112008e+00 -6.556333e-03 1.469960e-03 9.999775e-01 -5.178330e+00
9.999834e-01 4.529871e-03 -3.557126e-03 3.451815e+01 -4.524854e-03 9.999888e-01 1.417119e-03 -2.177390e+00 3.563509e-03 -1.401002e-03 9.999926e-01 -4.734586e+00
9.999764e-01 -3.003889e-03 6.185739e-03 3.519493e+01 3.013853e-03 9.999942e-01 -1.602059e-03 -2.231081e+00 -6.180894e-03 1.620666e-03 9.999797e-01 -4.344573e+00
9.999849e-01 4.339366e-03 -3.368712e-03 3.601455e+01 -4.334585e-03 9.999896e-01 1.425133e-03 -2.290412e+00 3.374865e-03 -1.410512e-03 9.999932e-01 -4.055028e+00
9.999766e-01 -3.323365e-03 5.980337e-03 3.699970e+01 3.331085e-03 9.999936e-01 -1.281467e-03 -2.365710e+00 -5.976044e-03 1.301361e-03 9.999814e-01 -3.538993e+00
9.999850e-01 4.001382e-03 -3.747311e-03 3.782852e+01 -3.996466e-03 9.999911e-01 1.318498e-03 -2.431003e+00 3.752558e-03 -1.303504e-03 9.999920e-01 -3.084320e+00
9.999802e-01 -3.327595e-03 5.334790e-03 3.857975e+01 3.334714e-03 9.999936e-01 -1.326084e-03 -2.486981e+00 -5.330347e-03 1.343850e-03 9.999850e-01 -2.768936e+00
9.999859e-01 4.109112e-03 -3.369292e-03 3.934145e+01 -4.104461e-03 9.999906e-01 1.385949e-03 -2.544365e+00 3.374960e-03 -1.372103e-03 9.999933e-01 -2.410736e+00
9.999785e-01 -3.163011e-03 5.738934e-03 4.008701e+01 3.170732e-03 9.999941e-01 -1.336770e-03 -2.603468e+00 -5.734676e-03 1.354940e-03 9.999827e-01 -1.970497e+00
9.999856e-01 3.864809e-03 -3.712402e-03 4.069388e+01 -3.859765e-03 9.999916e-01 1.364729e-03 -2.651334e+00 3.717650e-03 -1.350383e-03 9.999921e-01 -1.589713e+00
9.999760e-01 -2.374830e-03 6.514286e-03 4.149309e+01 2.385001e-03 9.999959e-01 -1.553963e-03 -2.711111e+00 -6.510575e-03 1.569465e-03 9.999777e-01 -1.290024e+00
9.999841e-01 4.211598e-03 -3.744890e-03 4.249562e+01 -4.207028e-03 9.999904e-01 1.227385e-03 -2.779388e+00 3.750029e-03 -1.211613e-03 9.999921e-01 -1.058029e+00
9.999776e-01 -2.053181e-03 6.366990e-03 4.349435e+01 2.063511e-03 9.999966e-01 -1.616283e-03 -2.841936e+00 -6.363655e-03 1.629387e-03 9.999785e-01 -9.793527e-01
9.999849e-01 4.537571e-03 -3.113293e-03 4.434084e+01 -4.534477e-03 9.999892e-01 9.999789e-04 -2.894754e+00 3.117803e-03 -9.858491e-04 9.999946e-01 -9.378449e-01
9.999705e-01 -1.508445e-03 7.525050e-03 4.501969e+01 1.518427e-03 9.999980e-01 -1.321031e-03 -2.946428e+00 -7.523049e-03 1.332421e-03 9.999709e-01 -5.720168e-01
9.999857e-01 4.070248e-03 -3.480459e-03 4.573491e+01 -4.066726e-03 9.999912e-01 1.018233e-03 -3.003538e+00 3.484580e-03 -1.004067e-03 9.999933e-01 -1.131978e-01
9.999731e-01 -1.788214e-03 7.120339e-03 4.651176e+01 1.797210e-03 9.999976e-01 -1.257245e-03 -3.063297e+00 -7.118081e-03 1.270010e-03 9.999740e-01 2.885376e-01
9.999864e-01 3.423546e-03 -3.927431e-03 4.715683e+01 -3.420387e-03 9.999938e-01 8.107357e-04 -3.116672e+00 3.930189e-03 -7.972939e-04 9.999919e-01 6.022766e-01
9.999717e-01 -1.362755e-03 7.396509e-03 4.782586e+01 1.371511e-03 9.999984e-01 -1.178881e-03 -3.167572e+00 -7.394898e-03 1.188995e-03 9.999721e-01 8.553776e-01
9.999892e-01 1.426863e-03 -4.411898e-03 4.847305e+01 -1.424721e-03 9.999989e-01 4.886078e-04 -3.214821e+00 4.412598e-03 -4.823194e-04 9.999900e-01 9.041548e-01
9.999749e-01 5.480420e-04 7.069651e-03 4.914044e+01 -5.394438e-04 9.999991e-01 -1.218085e-03 -3.258047e+00 -7.070321e-03 1.214243e-03 9.999744e-01 8.571905e-01
9.999879e-01 1.670070e-03 -4.632806e-03 4.979386e+01 -1.667557e-03 9.999985e-01 5.461179e-04 -3.298929e+00 4.633720e-03 -5.383886e-04 9.999890e-01 7.313067e-01
9.999678e-01 7.442067e-04 7.995284e-03 5.042500e+01 -7.350174e-04 9.999991e-01 -1.152232e-03 -3.338486e+00 -7.996143e-03 1.146321e-03 9.999675e-01 7.162124e-01
9.999856e-01 1.200028e-03 -5.223216e-03 5.103166e+01 -1.196752e-03 9.999991e-01 6.303297e-04 -3.383125e+00 5.223977e-03 -6.240726e-04 9.999861e-01 7.616785e-01
9.999674e-01 3.818671e-04 8.064312e-03 5.160016e+01 -3.716725e-04 9.999991e-01 -1.265644e-03 -3.420558e+00 -8.064798e-03 1.262609e-03 9.999668e-01 7.174060e-01
9.999874e-01 -1.587129e-03 -4.760472e-03 5.214211e+01 1.590867e-03 9.999984e-01 7.816167e-04 -3.456426e+00 4.759234e-03 -7.891832e-04 9.999883e-01 6.815869e-01
9.999530e-01 4.781526e-03 8.431914e-03 5.262600e+01 -4.770453e-03 9.999877e-01 -1.332834e-03 -3.485668e+00 -8.438194e-03 1.292550e-03 9.999637e-01 5.824901e-01
9.999553e-01 -8.843077e-03 -3.342221e-03 5.306047e+01 8.847568e-03 9.999600e-01 1.331166e-03 -3.513559e+00 3.330326e-03 -1.360680e-03 9.999934e-01 5.451683e-01
9.999181e-01 1.095011e-02 6.625719e-03 5.364008e+01 -1.093685e-02 9.999381e-01 -2.033406e-03 -3.547385e+00 -6.647586e-03 1.960778e-03 9.999761e-01 4.137063e-01
9.999305e-01 -1.150572e-02 -2.572690e-03 5.417470e+01 1.151001e-02 9.999324e-01 1.657832e-03 -3.580175e+00 2.553453e-03 -1.687332e-03 9.999952e-01 3.629523e-01
9.999253e-01 1.013295e-02 6.831810e-03 5.471679e+01 -1.011950e-02 9.999468e-01 -2.000918e-03 -3.613770e+00 -6.851734e-03 1.931637e-03 9.999748e-01 3.254627e-01
9.999682e-01 -7.352576e-03 -3.088067e-03 5.529114e+01 7.357225e-03 9.999718e-01 1.496871e-03 -3.649235e+00 3.076986e-03 -1.519546e-03 9.999940e-01 3.025653e-01
9.999343e-01 9.500742e-03 6.416256e-03 5.592006e+01 -9.488058e-03 9.999530e-01 -2.004520e-03 -3.691755e+00 -6.435012e-03 1.943514e-03 9.999775e-01 4.101549e-01
9.999670e-01 -7.529594e-03 -3.040612e-03 5.657008e+01 7.534788e-03 9.999702e-01 1.700573e-03 -3.737457e+00 3.027730e-03 -1.723431e-03 9.999938e-01 7.167181e-01
9.999456e-01 8.788437e-03 5.611761e-03 5.705525e+01 -8.777502e-03 9.999595e-01 -1.970260e-03 -3.773472e+00 -5.628863e-03 1.920899e-03 9.999824e-01 9.151095e-01
9.999605e-01 -7.884502e-03 -4.113061e-03 5.751433e+01 7.890069e-03 9.999680e-01 1.339011e-03 -3.799436e+00 4.102385e-03 -1.371414e-03 9.999905e-01 7.541457e-01
9.999526e-01 8.260640e-03 5.156571e-03 5.780790e+01 -8.252142e-03 9.999646e-01 -1.667242e-03 -3.821680e+00 -5.170174e-03 1.624613e-03 9.999854e-01 7.926034e-01
9.999622e-01 -7.857479e-03 -3.735536e-03 5.811961e+01 7.862618e-03 9.999682e-01 1.363096e-03 -3.845866e+00 3.724721e-03 -1.392419e-03 9.999920e-01 8.810710e-01
9.999538e-01 8.232461e-03 4.960935e-03 5.837083e+01 -8.224057e-03 9.999647e-01 -1.712146e-03 -3.866780e+00 -4.974869e-03 1.671271e-03 9.999863e-01 9.569402e-01
9.999624e-01 -7.861554e-03 -3.652801e-03 5.862722e+01 7.866681e-03 9.999681e-01 1.391435e-03 -3.887553e+00 3.641760e-03 -1.420121e-03 9.999923e-01 1.031400e+00
9.999538e-01 8.498322e-03 4.499271e-03 5.907542e+01 -8.489828e-03 9.999621e-01 -1.903761e-03 -3.921977e+00 -4.515293e-03 1.865478e-03 9.999882e-01 1.052966e+00
9.999610e-01 -8.167102e-03 -3.372885e-03 5.939977e+01 8.172320e-03 9.999654e-01 1.536223e-03 -3.948218e+00 3.360236e-03 -1.563731e-03 9.999930e-01 1.138442e+00
9.999534e-01 8.508055e-03 4.560401e-03 5.978837e+01 -8.499617e-03 9.999621e-01 -1.866518e-03 -3.979946e+00 -4.576123e-03 1.827673e-03 9.999880e-01 1.271497e+00
9.999608e-01 -8.148328e-03 -3.462749e-03 6.021581e+01 8.153806e-03 9.999655e-01 1.570763e-03 -4.014929e+00 3.449845e-03 -1.598939e-03 9.999927e-01 1.424443e+00
9.999522e-01 8.552871e-03 4.745736e-03 6.071597e+01 -8.543918e-03 9.999617e-01 -1.903861e-03 -4.054448e+00 -4.761852e-03 1.863226e-03 9.999870e-01 1.594922e+00
9.999607e-01 -8.178447e-03 -3.409713e-03 6.111841e+01 8.183862e-03 9.999653e-01 1.577026e-03 -4.087381e+00 3.396711e-03 -1.604873e-03 9.999928e-01 1.747321e+00
9.999515e-01 8.645028e-03 4.718038e-03 6.149768e+01 -8.636136e-03 9.999609e-01 -1.901815e-03 -4.117754e+00 -4.734310e-03 1.860981e-03 9.999872e-01 1.893547e+00
9.999604e-01 -8.261486e-03 -3.305130e-03 6.180590e+01 8.266654e-03 9.999646e-01 1.552681e-03 -4.143990e+00 3.292201e-03 -1.579945e-03 9.999932e-01 2.020214e+00
9.999522e-01 8.727274e-03 4.417468e-03 6.210260e+01 -8.718791e-03 9.999601e-01 -1.935935e-03 -4.168442e+00 -4.434202e-03 1.897331e-03 9.999885e-01 2.108686e+00
9.999693e-01 -7.725357e-03 -1.317077e-03 6.219352e+01 7.727281e-03 9.999691e-01 1.461731e-03 -4.177880e+00 1.305760e-03 -1.471868e-03 9.999980e-01 2.084702e+00
9.999515e-01 9.104588e-03 3.745051e-03 6.226564e+01 -9.097538e-03 9.999568e-01 -1.895426e-03 -4.186160e+00 -3.762162e-03 1.861267e-03 9.999913e-01 2.012859e+00
9.999597e-01 -8.657626e-03 -2.383557e-03 6.256502e+01 8.661259e-03 9.999613e-01 1.517648e-03 -4.208785e+00 2.370341e-03 -1.538235e-03 9.999959e-01 2.056482e+00
9.999535e-01 8.998814e-03 3.465608e-03 6.288949e+01 -8.992569e-03 9.999579e-01 -1.813476e-03 -4.236020e+00 -3.481797e-03 1.782231e-03 9.999924e-01 2.182327e+00
9.999592e-01 -8.699016e-03 -2.442123e-03 6.327811e+01 8.702657e-03 9.999610e-01 1.483972e-03 -4.265502e+00 2.429135e-03 -1.505169e-03 9.999958e-01 2.259403e+00
9.999511e-01 9.073662e-03 3.935280e-03 6.359396e+01 -9.066811e-03 9.999574e-01 -1.755212e-03 -4.290685e+00 -3.951055e-03 1.719449e-03 9.999908e-01 2.379628e+00
9.999582e-01 -8.685305e-03 -2.847915e-03 6.382877e+01 8.689568e-03 9.999611e-01 1.487731e-03 -4.309464e+00 2.834899e-03 -1.512420e-03 9.999947e-01 2.442613e+00
9.999521e-01 8.977366e-03 3.895519e-03 6.413599e+01 -8.970660e-03 9.999583e-01 -1.735716e-03 -4.334355e+00 -3.910955e-03 1.700692e-03 9.999910e-01 2.546659e+00
9.999592e-01 -8.591496e-03 -2.792212e-03 6.442359e+01 8.595531e-03 9.999620e-01 1.436405e-03 -4.357696e+00 2.779782e-03 -1.460351e-03 9.999950e-01 2.646944e+00
9.999435e-01 9.332293e-03 5.082563e-03 6.475609e+01 -9.323239e-03 9.999549e-01 -1.802314e-03 -4.386034e+00 -5.099170e-03 1.754830e-03 9.999856e-01 2.863978e+00
9.999592e-01 -8.425043e-03 -3.257323e-03 6.510269e+01 8.429909e-03 9.999634e-01 1.483175e-03 -4.416229e+00 3.244725e-03 -1.510578e-03 9.999935e-01 3.097442e+00
9.999485e-01 9.095547e-03 4.508151e-03 6.550708e+01 -9.087462e-03 9.999571e-01 -1.810745e-03 -4.448020e+00 -4.524444e-03 1.769688e-03 9.999883e-01 3.268523e+00
9.999569e-01 -8.663645e-03 -3.331856e-03 6.591263e+01 8.668487e-03 9.999614e-01 1.441597e-03 -4.480482e+00 3.319255e-03 -1.470421e-03 9.999933e-01 3.403940e+00
9.999459e-01 9.094075e-03 5.043934e-03 6.629461e+01 -9.085569e-03 9.999573e-01 -1.706823e-03 -4.511425e+00 -5.059258e-03 1.660907e-03 9.999859e-01 3.603882e+00
9.999603e-01 -8.441173e-03 -2.860012e-03 6.666710e+01 8.445819e-03 9.999630e-01 1.616126e-03 -4.543363e+00 2.846281e-03 -1.640221e-03 9.999945e-01 3.914919e+00
9.999460e-01 9.087331e-03 5.044228e-03 6.703038e+01 -9.079029e-03 9.999574e-01 -1.666300e-03 -4.575013e+00 -5.059173e-03 1.620417e-03 9.999860e-01 4.234702e+00
9.999583e-01 -8.534813e-03 -3.238450e-03 6.746144e+01 8.539590e-03 9.999625e-01 1.464073e-03 -4.609167e+00 3.225851e-03 -1.491672e-03 9.999936e-01 4.459726e+00
9.999465e-01 9.091479e-03 4.929948e-03 6.791335e+01 -9.083255e-03 9.999573e-01 -1.688080e-03 -4.644287e+00 -4.945103e-03 1.643214e-03 9.999865e-01 4.670557e+00
9.999602e-01 -8.481911e-03 -2.777288e-03 6.834529e+01 8.486498e-03 9.999626e-01 1.643880e-03 -4.678536e+00 2.763259e-03 -1.667389e-03 9.999947e-01 4.966020e+00
9.999474e-01 9.040131e-03 4.847530e-03 6.875683e+01 -9.031667e-03 9.999577e-01 -1.765178e-03 -4.713143e+00 -4.863300e-03 1.721308e-03 9.999868e-01 5.261880e+00
9.999587e-01 -8.522240e-03 -3.153157e-03 6.915472e+01 8.527425e-03 9.999623e-01 1.634493e-03 -4.746032e+00 3.139127e-03 -1.661318e-03 9.999936e-01 5.508802e+00
9.999450e-01 9.149865e-03 5.130522e-03 6.964093e+01 -9.140724e-03 9.999566e-01 -1.802417e-03 -4.786405e+00 -5.146809e-03 1.755425e-03 9.999853e-01 5.817344e+00
9.999576e-01 -8.627028e-03 -3.207515e-03 7.009439e+01 8.632485e-03 9.999613e-01 1.691286e-03 -4.824192e+00 3.192819e-03 -1.718907e-03 9.999933e-01 6.115629e+00
9.999438e-01 9.266010e-03 5.158714e-03 7.059189e+01 -9.256739e-03 9.999555e-01 -1.818159e-03 -4.865966e+00 -5.175351e-03 1.770307e-03 9.999851e-01 6.438333e+00
9.999582e-01 -8.668084e-03 -2.897893e-03 7.110430e+01 8.673183e-03 9.999609e-01 1.751708e-03 -4.909038e+00 2.882615e-03 -1.776773e-03 9.999942e-01 6.803853e+00
9.999480e-01 9.122273e-03 4.569233e-03 7.152793e+01 -9.113724e-03 9.999567e-01 -1.888239e-03 -4.944074e+00 -4.586279e-03 1.846502e-03 9.999879e-01 7.068731e+00
9.999596e-01 -8.557241e-03 -2.766314e-03 7.197602e+01 8.562100e-03 9.999618e-01 1.749271e-03 -4.981008e+00 2.751259e-03 -1.772890e-03 9.999945e-01 7.327294e+00
9.999436e-01 9.179733e-03 5.334732e-03 7.233132e+01 -9.170482e-03 9.999564e-01 -1.756097e-03 -5.013796e+00 -5.350640e-03 1.707080e-03 9.999843e-01 7.704967e+00
9.999588e-01 -8.475380e-03 -3.262366e-03 7.256127e+01 8.481119e-03 9.999625e-01 1.749334e-03 -5.037977e+00 3.247438e-03 -1.776934e-03 9.999930e-01 8.023987e+00
9.999483e-01 8.985014e-03 4.765073e-03 7.277599e+01 -8.976221e-03 9.999580e-01 -1.863624e-03 -5.059509e+00 -4.781638e-03 1.820759e-03 9.999870e-01 8.251992e+00
9.999571e-01 -8.596650e-03 -3.445765e-03 7.302158e+01 8.602591e-03 9.999615e-01 1.712836e-03 -5.081761e+00 3.430928e-03 -1.742410e-03 9.999925e-01 8.423951e+00
9.999476e-01 8.971403e-03 4.938356e-03 7.321760e+01 -8.962229e-03 9.999581e-01 -1.876701e-03 -5.100468e+00 -4.955006e-03 1.832348e-03 9.999861e-01 8.608335e+00
9.999563e-01 -8.623654e-03 -3.604648e-03 7.339655e+01 8.630103e-03 9.999612e-01 1.777247e-03 -5.117140e+00 3.589203e-03 -1.808282e-03 9.999918e-01 8.743892e+00
9.999448e-01 8.995008e-03 5.434304e-03 7.361205e+01 -8.984707e-03 9.999578e-01 -1.917014e-03 -5.135954e+00 -5.451339e-03 1.868087e-03 9.999835e-01 8.922962e+00
9.999585e-01 -8.438666e-03 -3.444394e-03 7.387107e+01 8.445113e-03 9.999626e-01 1.861323e-03 -5.160320e+00 3.428579e-03 -1.890339e-03 9.999922e-01 9.182022e+00
9.999489e-01 8.878998e-03 4.841208e-03 7.422464e+01 -8.869191e-03 9.999586e-01 -2.043518e-03 -5.189828e+00 -4.859174e-03 2.000480e-03 9.999863e-01 9.403669e+00
9.999592e-01 -8.425976e-03 -3.254865e-03 7.470895e+01 8.431977e-03 9.999628e-01 1.834271e-03 -5.227901e+00 3.239309e-03 -1.861645e-03 9.999929e-01 9.616652e+00
9.999478e-01 8.969688e-03 4.888453e-03 7.529063e+01 -8.959232e-03 9.999575e-01 -2.156718e-03 -5.271696e+00 -4.907612e-03 2.112813e-03 9.999858e-01 9.828908e+00
9.999608e-01 -8.447007e-03 -2.671340e-03 7.585690e+01 8.452577e-03 9.999621e-01 2.080599e-03 -5.317494e+00 2.653686e-03 -2.103101e-03 9.999942e-01 1.019315e+01
9.999483e-01 9.048776e-03 4.631563e-03 7.645086e+01 -9.038960e-03 9.999569e-01 -2.136154e-03 -5.366667e+00 -4.650715e-03 2.094183e-03 9.999871e-01 1.060218e+01
9.999608e-01 -8.454588e-03 -2.627065e-03 7.695083e+01 8.459975e-03 9.999621e-01 2.046146e-03 -5.409650e+00 2.609689e-03 -2.068295e-03 9.999944e-01 1.096913e+01
9.999525e-01 8.927382e-03 3.902199e-03 7.726462e+01 -8.918606e-03 9.999577e-01 -2.260824e-03 -5.439818e+00 -3.922239e-03 2.225918e-03 9.999899e-01 1.122767e+01
9.999609e-01 -8.497042e-03 -2.447246e-03 7.769992e+01 8.502402e-03 9.999615e-01 2.188212e-03 -5.477961e+00 2.428581e-03 -2.208938e-03 9.999945e-01 1.151802e+01
9.999520e-01 8.923262e-03 4.038767e-03 7.821170e+01 -8.913893e-03 9.999576e-01 -2.332127e-03 -5.520281e+00 -4.059429e-03 2.296018e-03 9.999892e-01 1.182121e+01
9.999613e-01 -8.428185e-03 -2.512588e-03 7.882049e+01 8.433704e-03 9.999620e-01 2.193803e-03 -5.568200e+00 2.494025e-03 -2.214913e-03 9.999943e-01 1.212146e+01
9.999510e-01 9.096109e-03 3.900260e-03 7.947275e+01 -9.086074e-03 9.999554e-01 -2.583276e-03 -5.617955e+00 -3.923607e-03 2.547716e-03 9.999892e-01 1.234676e+01
9.999602e-01 -8.581644e-03 -2.433841e-03 8.018499e+01 8.587424e-03 9.999603e-01 2.374192e-03 -5.671138e+00 2.413393e-03 -2.395002e-03 9.999941e-01 1.260778e+01
9.999474e-01 9.315240e-03 4.296180e-03 8.093912e+01 -9.304080e-03 9.999533e-01 -2.610530e-03 -5.729477e+00 -4.320321e-03 2.570424e-03 9.999875e-01 1.295971e+01
9.999592e-01 -8.757123e-03 -2.228542e-03 8.168890e+01 8.762927e-03 9.999582e-01 2.607768e-03 -5.787035e+00 2.205636e-03 -2.627194e-03 9.999940e-01 1.335237e+01
9.999487e-01 9.290230e-03 4.046193e-03 8.237719e+01 -9.279370e-03 9.999533e-01 -2.694646e-03 -5.844098e+00 -4.071062e-03 2.656965e-03 9.999883e-01 1.377155e+01
9.999597e-01 -8.600214e-03 -2.556276e-03 8.321794e+01 8.606512e-03 9.999599e-01 2.462788e-03 -5.907427e+00 2.535016e-03 -2.484694e-03 9.999936e-01 1.407822e+01
9.999519e-01 9.077496e-03 3.708647e-03 8.421038e+01 -9.068570e-03 9.999560e-01 -2.416661e-03 -5.980837e+00 -3.730445e-03 2.382917e-03 9.999903e-01 1.444326e+01
9.999614e-01 -8.552749e-03 -2.009892e-03 8.495636e+01 8.557499e-03 9.999606e-01 2.366510e-03 -6.039780e+00 1.989597e-03 -2.383623e-03 9.999951e-01 1.482120e+01
9.999542e-01 9.078002e-03 3.043434e-03 8.579960e+01 -9.069910e-03 9.999553e-01 -2.662341e-03 -6.099266e+00 -3.067491e-03 2.634619e-03 9.999919e-01 1.499449e+01
9.999598e-01 -8.303618e-03 -3.388611e-03 8.668897e+01 8.310813e-03 9.999632e-01 2.114610e-03 -6.161148e+00 3.370952e-03 -2.142691e-03 9.999919e-01 1.504926e+01
9.999486e-01 8.965875e-03 4.731037e-03 8.754825e+01 -8.954371e-03 9.999569e-01 -2.447246e-03 -6.223769e+00 -4.752799e-03 2.404761e-03 9.999859e-01 1.529086e+01
9.999558e-01 -8.336087e-03 -4.348531e-03 8.831817e+01 8.343987e-03 9.999636e-01 1.801554e-03 -6.279203e+00 4.333379e-03 -1.837762e-03 9.999888e-01 1.534335e+01
9.999449e-01 8.790687e-03 5.735545e-03 8.883117e+01 -8.778262e-03 9.999591e-01 -2.188018e-03 -6.312448e+00 -5.754569e-03 2.137553e-03 9.999813e-01 1.531187e+01
9.999551e-01 -8.482115e-03 -4.226151e-03 8.901393e+01 8.490487e-03 9.999620e-01 1.966857e-03 -6.328606e+00 4.209332e-03 -2.002656e-03 9.999890e-01 1.540902e+01
9.999432e-01 8.924946e-03 5.833512e-03 8.906566e+01 -8.911799e-03 9.999577e-01 -2.275801e-03 -6.337311e+00 -5.853602e-03 2.223689e-03 9.999805e-01 1.549702e+01
9.999542e-01 -8.546528e-03 -4.304841e-03 8.915789e+01 8.554879e-03 9.999616e-01 1.925150e-03 -6.346609e+00 4.288247e-03 -1.961894e-03 9.999888e-01 1.551311e+01
9.999461e-01 8.819647e-03 5.482826e-03 8.937373e+01 -8.807970e-03 9.999589e-01 -2.150309e-03 -6.364501e+00 -5.501591e-03 2.101905e-03 9.999828e-01 1.560696e+01
9.999545e-01 -8.928386e-03 -3.343534e-03 8.955602e+01 8.935301e-03 9.999580e-01 2.058706e-03 -6.381556e+00 3.325037e-03 -2.088493e-03 9.999922e-01 1.579734e+01
9.999416e-01 9.478393e-03 5.200738e-03 8.972676e+01 -9.466576e-03 9.999526e-01 -2.292294e-03 -6.396658e+00 -5.222244e-03 2.242931e-03 9.999839e-01 1.596257e+01
9.999503e-01 -9.147209e-03 -3.964770e-03 8.993915e+01 9.155276e-03 9.999560e-01 2.021064e-03 -6.415555e+00 3.946134e-03 -2.057266e-03 9.999900e-01 1.607793e+01
9.999396e-01 9.516912e-03 5.506866e-03 9.006881e+01 -9.504315e-03 9.999522e-01 -2.309223e-03 -6.427566e+00 -5.528605e-03 2.256749e-03 9.999823e-01 1.611306e+01
9.999500e-01 -9.151152e-03 -4.027319e-03 9.019775e+01 9.159437e-03 9.999560e-01 2.043433e-03 -6.442151e+00 4.008468e-03 -2.080223e-03 9.999897e-01 1.625250e+01
9.999408e-01 9.515806e-03 5.278421e-03 9.046517e+01 -9.504547e-03 9.999525e-01 -2.154229e-03 -6.465746e+00 -5.298696e-03 2.103937e-03 9.999838e-01 1.643983e+01
9.999510e-01 -9.209049e-03 -3.624763e-03 9.074416e+01 9.216047e-03 9.999557e-01 1.918568e-03 -6.490640e+00 3.606960e-03 -1.951885e-03 9.999915e-01 1.661042e+01
9.999414e-01 9.660072e-03 4.892659e-03 9.099359e+01 -9.648899e-03 9.999508e-01 -2.302288e-03 -6.512202e+00 -4.914685e-03 2.254948e-03 9.999855e-01 1.671502e+01
9.999503e-01 -9.311741e-03 -3.558304e-03 9.123769e+01 9.319124e-03 9.999544e-01 2.063679e-03 -6.533987e+00 3.538951e-03 -2.096741e-03 9.999914e-01 1.685325e+01
9.999425e-01 9.640092e-03 4.700034e-03 9.143979e+01 -9.629261e-03 9.999509e-01 -2.321692e-03 -6.552551e+00 -4.722212e-03 2.276305e-03 9.999864e-01 1.695306e+01
9.999508e-01 -9.336982e-03 -3.357630e-03 9.157680e+01 9.343931e-03 9.999542e-01 2.059741e-03 -6.568189e+00 3.338271e-03 -2.091018e-03 9.999921e-01 1.709518e+01
9.999454e-01 9.548638e-03 4.244999e-03 9.177880e+01 -9.538753e-03 9.999518e-01 -2.342886e-03 -6.587107e+00 -4.267192e-03 2.302271e-03 9.999883e-01 1.721147e+01
9.999522e-01 -9.253741e-03 -3.151459e-03 9.205643e+01 9.260248e-03 9.999550e-01 2.056241e-03 -6.609790e+00 3.132316e-03 -2.085331e-03 9.999928e-01 1.730400e+01
9.999438e-01 9.511665e-03 4.685925e-03 9.235558e+01 -9.501508e-03 9.999525e-01 -2.185115e-03 -6.635250e+00 -4.706513e-03 2.140474e-03 9.999867e-01 1.751028e+01
9.999564e-01 -9.043581e-03 -2.338597e-03 9.268086e+01 9.048767e-03 9.999566e-01 2.216057e-03 -6.668676e+00 2.318481e-03 -2.237126e-03 9.999947e-01 1.790521e+01
9.999461e-01 9.553395e-03 4.058436e-03 9.278657e+01 -9.543722e-03 9.999516e-01 -2.396215e-03 -6.687114e+00 -4.081159e-03 2.357358e-03 9.999890e-01 1.817207e+01
9.999552e-01 -9.123495e-03 -2.510682e-03 9.293730e+01 9.128879e-03 9.999560e-01 2.141014e-03 -6.703318e+00 2.491066e-03 -2.163843e-03 9.999945e-01 1.829227e+01
9.999485e-01 9.465203e-03 3.673400e-03 9.326213e+01 -9.456424e-03 9.999524e-01 -2.400000e-03 -6.729380e+00 -3.695970e-03 2.365143e-03 9.999905e-01 1.842101e+01
9.999586e-01 -8.955643e-03 -1.594353e-03 9.365603e+01 8.959407e-03 9.999571e-01 2.368958e-03 -6.764097e+00 1.573096e-03 -2.383149e-03 9.999958e-01 1.871209e+01
9.999407e-01 9.832324e-03 4.692957e-03 9.403832e+01 -9.821788e-03 9.999492e-01 -2.262928e-03 -6.805439e+00 -4.714996e-03 2.216705e-03 9.999865e-01 1.925205e+01
9.999587e-01 -8.755902e-03 -2.450547e-03 9.440631e+01 8.761258e-03 9.999592e-01 2.183333e-03 -6.837935e+00 2.431358e-03 -2.204718e-03 9.999945e-01 1.960006e+01
9.999466e-01 9.362681e-03 4.383403e-03 9.488565e+01 -9.352408e-03 9.999535e-01 -2.358363e-03 -6.876868e+00 -4.405308e-03 2.317246e-03 9.999877e-01 1.988691e+01
9.999593e-01 -8.746623e-03 -2.209298e-03 9.539126e+01 8.751532e-03 9.999592e-01 2.221574e-03 -6.915744e+00 2.189805e-03 -2.240823e-03 9.999950e-01 2.015815e+01
9.999456e-01 9.436654e-03 4.450158e-03 9.588750e+01 -9.426224e-03 9.999528e-01 -2.359008e-03 -6.956749e+00 -4.472238e-03 2.316936e-03 9.999874e-01 2.050590e+01
9.999574e-01 -8.856519e-03 -2.584558e-03 9.630088e+01 8.862015e-03 9.999585e-01 2.122256e-03 -6.991598e+00 2.565684e-03 -2.145075e-03 9.999943e-01 2.076498e+01
9.999479e-01 9.349777e-03 4.084927e-03 9.659142e+01 -9.339899e-03 9.999534e-01 -2.430791e-03 -7.016530e+00 -4.107494e-03 2.392516e-03 9.999888e-01 2.093081e+01
9.999578e-01 -8.837676e-03 -2.505513e-03 9.700132e+01 8.843269e-03 9.999584e-01 2.229615e-03 -7.050898e+00 2.485734e-03 -2.251682e-03 9.999943e-01 2.116811e+01
9.999469e-01 9.356785e-03 4.309120e-03 9.744265e+01 -9.346201e-03 9.999533e-01 -2.469956e-03 -7.085792e+00 -4.332059e-03 2.429556e-03 9.999878e-01 2.139583e+01
9.999580e-01 -8.816107e-03 -2.488725e-03 9.779211e+01 8.821844e-03 9.999584e-01 2.303514e-03 -7.115794e+00 2.468343e-03 -2.325378e-03 9.999942e-01 2.164272e+01
9.999457e-01 9.366838e-03 4.568504e-03 9.818108e+01 -9.355821e-03 9.999533e-01 -2.427066e-03 -7.150995e+00 -4.591054e-03 2.384196e-03 9.999867e-01 2.196710e+01
9.999586e-01 -8.672478e-03 -2.739626e-03 9.864833e+01 8.678685e-03 9.999598e-01 2.261897e-03 -7.190103e+00 2.719930e-03 -2.285585e-03 9.999936e-01 2.227020e+01
9.999418e-01 9.434555e-03 5.231758e-03 9.933768e+01 -9.422231e-03 9.999528e-01 -2.375432e-03 -7.245372e+00 -5.253953e-03 2.326003e-03 9.999836e-01 2.267989e+01
9.999567e-01 -8.763240e-03 -3.142236e-03 1.000371e+02 8.770601e-03 9.999588e-01 2.336360e-03 -7.302742e+00 3.121663e-03 -2.363823e-03 9.999922e-01 2.311770e+01
9.999413e-01 9.585510e-03 5.048964e-03 1.007756e+02 -9.572504e-03 9.999508e-01 -2.594070e-03 -7.360527e+00 -5.073612e-03 2.545591e-03 9.999840e-01 2.345298e+01
9.999547e-01 -8.973909e-03 -3.176334e-03 1.014405e+02 8.981633e-03 9.999567e-01 2.425620e-03 -7.408896e+00 3.154461e-03 -2.454043e-03 9.999919e-01 2.371319e+01
9.999401e-01 9.564161e-03 5.315407e-03 1.018962e+02 -9.550296e-03 9.999509e-01 -2.627757e-03 -7.446513e+00 -5.340309e-03 2.576841e-03 9.999825e-01 2.399125e+01
9.999522e-01 -9.104799e-03 -3.555829e-03 1.022524e+02 9.113298e-03 9.999556e-01 2.380858e-03 -7.478497e+00 3.534026e-03 -2.413154e-03 9.999907e-01 2.422893e+01
9.999414e-01 9.441175e-03 5.300238e-03 1.025717e+02 -9.427903e-03 9.999524e-01 -2.523539e-03 -7.506534e+00 -5.323842e-03 2.473426e-03 9.999829e-01 2.446691e+01
9.999548e-01 -8.911427e-03 -3.321496e-03 1.029704e+02 8.919372e-03 9.999574e-01 2.384837e-03 -7.541526e+00 3.300134e-03 -2.414360e-03 9.999915e-01 2.473504e+01
9.999370e-01 9.649348e-03 5.731828e-03 1.033746e+02 -9.635013e-03 9.999504e-01 -2.523364e-03 -7.579677e+00 -5.755924e-03 2.467983e-03 9.999805e-01 2.511789e+01
9.999547e-01 -8.834384e-03 -3.540587e-03 1.038157e+02 8.842936e-03 9.999580e-01 2.406812e-03 -7.618548e+00 3.519208e-03 -2.438017e-03 9.999907e-01 2.545606e+01
9.999413e-01 9.377099e-03 5.426400e-03 1.042291e+02 -9.362908e-03 9.999527e-01 -2.634776e-03 -7.652639e+00 -5.450883e-03 2.583819e-03 9.999819e-01 2.569015e+01
9.999520e-01 -8.974894e-03 -3.925115e-03 1.045955e+02 8.984428e-03 9.999567e-01 2.417760e-03 -7.681822e+00 3.903279e-03 -2.452914e-03 9.999893e-01 2.586655e+01
9.999398e-01 9.415842e-03 5.631617e-03 1.048407e+02 -9.401361e-03 9.999524e-01 -2.592478e-03 -7.704235e+00 -5.655792e-03 2.539382e-03 9.999809e-01 2.608975e+01
9.999516e-01 -8.871530e-03 -4.264450e-03 1.050933e+02 8.881632e-03 9.999578e-01 2.355649e-03 -7.725925e+00 4.243405e-03 -2.393415e-03 9.999880e-01 2.624586e+01
9.999350e-01 9.473387e-03 6.347571e-03 1.055293e+02 -9.456770e-03 9.999518e-01 -2.642758e-03 -7.759525e+00 -6.372334e-03 2.582563e-03 9.999765e-01 2.646712e+01
9.999512e-01 -8.855700e-03 -4.384524e-03 1.059162e+02 8.866201e-03 9.999579e-01 2.381162e-03 -7.792625e+00 4.363285e-03 -2.419925e-03 9.999875e-01 2.670583e+01
9.999372e-01 9.434848e-03 6.044583e-03 1.063586e+02 -9.418686e-03 9.999520e-01 -2.696868e-03 -7.827774e+00 -6.069771e-03 2.639771e-03 9.999782e-01 2.689912e+01
9.999509e-01 -8.874680e-03 -4.403276e-03 1.068633e+02 8.885604e-03 9.999575e-01 2.467218e-03 -7.867832e+00 4.381227e-03 -2.506228e-03 9.999872e-01 2.713136e+01
9.999378e-01 9.437678e-03 5.947744e-03 1.073331e+02 -9.421361e-03 9.999518e-01 -2.765747e-03 -7.904282e+00 -5.973593e-03 2.709544e-03 9.999786e-01 2.731626e+01
9.999506e-01 -8.991924e-03 -4.225299e-03 1.077792e+02 9.002912e-03 9.999561e-01 2.588559e-03 -7.939375e+00 4.201871e-03 -2.626476e-03 9.999876e-01 2.755139e+01
9.999384e-01 9.361316e-03 5.959567e-03 1.081391e+02 -9.345247e-03 9.999526e-01 -2.718699e-03 -7.970013e+00 -5.984769e-03 2.662843e-03 9.999786e-01 2.780750e+01
9.999496e-01 -8.991251e-03 -4.455885e-03 1.084793e+02 9.002860e-03 9.999561e-01 2.592124e-03 -7.999142e+00 4.432417e-03 -2.632114e-03 9.999866e-01 2.802893e+01
9.999357e-01 9.550313e-03 6.117546e-03 1.089595e+02 -9.533300e-03 9.999506e-01 -2.804345e-03 -8.036699e+00 -6.144061e-03 2.745849e-03 9.999775e-01 2.825282e+01
9.999492e-01 -9.061511e-03 -4.419628e-03 1.094236e+02 9.072687e-03 9.999557e-01 2.515165e-03 -8.073071e+00 4.396675e-03 -2.555140e-03 9.999870e-01 2.845255e+01
9.999363e-01 9.510022e-03 6.080388e-03 1.097652e+02 -9.493608e-03 9.999512e-01 -2.722829e-03 -8.101250e+00 -6.106020e-03 2.664936e-03 9.999779e-01 2.865412e+01
9.999486e-01 -9.052056e-03 -4.559262e-03 1.101148e+02 9.063601e-03 9.999558e-01 2.517691e-03 -8.130373e+00 4.536304e-03 -2.558890e-03 9.999863e-01 2.884487e+01
9.999344e-01 9.619901e-03 6.223944e-03 1.105044e+02 -9.602360e-03 9.999499e-01 -2.842256e-03 -8.161462e+00 -6.251009e-03 2.782309e-03 9.999767e-01 2.900769e+01
9.999480e-01 -9.112393e-03 -4.573192e-03 1.109017e+02 9.124341e-03 9.999550e-01 2.598397e-03 -8.193851e+00 4.549344e-03 -2.639994e-03 9.999861e-01 2.920874e+01
9.999332e-01 9.722600e-03 6.244167e-03 1.112773e+02 -9.704859e-03 9.999488e-01 -2.865398e-03 -8.223852e+00 -6.271742e-03 2.804612e-03 9.999765e-01 2.936563e+01
9.999469e-01 -9.167255e-03 -4.707602e-03 1.116386e+02 9.179181e-03 9.999547e-01 2.517839e-03 -8.253037e+00 4.684343e-03 -2.560922e-03 9.999857e-01 2.951105e+01
9.999332e-01 9.788163e-03 6.139805e-03 1.120597e+02 -9.770419e-03 9.999480e-01 -2.913566e-03 -8.286410e+00 -6.168040e-03 2.853387e-03 9.999770e-01 2.966857e+01
9.999466e-01 -9.276359e-03 -4.562033e-03 1.124615e+02 9.288255e-03 9.999535e-01 2.593203e-03 -8.317525e+00 4.537801e-03 -2.635443e-03 9.999861e-01 2.981181e+01
9.999305e-01 9.994974e-03 6.247759e-03 1.128948e+02 -9.976865e-03 9.999460e-01 -2.923124e-03 -8.351998e+00 -6.276673e-03 2.860592e-03 9.999763e-01 2.998982e+01
9.999451e-01 -9.438760e-03 -4.557979e-03 1.133194e+02 9.450685e-03 9.999520e-01 2.601634e-03 -8.386119e+00 4.533240e-03 -2.644572e-03 9.999861e-01 3.017836e+01
9.999300e-01 1.001296e-02 6.307719e-03 1.137651e+02 -9.994773e-03 9.999458e-01 -2.908245e-03 -8.421669e+00 -6.336534e-03 2.845001e-03 9.999760e-01 3.038752e+01
9.999557e-01 -8.752849e-03 -3.472708e-03 1.145055e+02 8.761837e-03 9.999583e-01 2.580936e-03 -8.477069e+00 3.450009e-03 -2.611254e-03 9.999905e-01 3.069086e+01
9.999265e-01 1.004062e-02 6.794906e-03 1.153464e+02 -1.002536e-02 9.999472e-01 -2.276479e-03 -8.540298e+00 -6.817441e-03 2.208195e-03 9.999744e-01 3.116898e+01
9.999605e-01 -8.355961e-03 -3.017021e-03 1.158512e+02 8.361051e-03 9.999636e-01 1.678255e-03 -8.583707e+00 3.002925e-03 -1.703419e-03 9.999939e-01 3.157156e+01
9.999458e-01 9.116778e-03 5.019151e-03 1.163460e+02 -9.106739e-03 9.999565e-01 -2.019572e-03 -8.624451e+00 -5.037382e-03 1.973759e-03 9.999855e-01 3.182805e+01
9.999592e-01 -8.461374e-03 -3.177014e-03 1.168718e+02 8.466672e-03 9.999628e-01 1.657676e-03 -8.664141e+00 3.162907e-03 -1.684512e-03 9.999935e-01 3.203080e+01
9.999501e-01 8.885628e-03 4.561525e-03 1.172991e+02 -8.875675e-03 9.999582e-01 -2.197617e-03 -8.696756e+00 -4.580899e-03 2.157026e-03 9.999873e-01 3.212950e+01
9.999615e-01 -8.390479e-03 -2.586401e-03 1.177660e+02 8.395935e-03 9.999625e-01 2.105528e-03 -8.734541e+00 2.568676e-03 -2.127168e-03 9.999943e-01 3.241280e+01
9.999484e-01 9.108064e-03 4.508630e-03 1.182310e+02 -9.097156e-03 9.999557e-01 -2.434255e-03 -8.774667e+00 -4.530639e-03 2.393118e-03 9.999870e-01 3.267229e+01
9.999595e-01 -8.555206e-03 -2.800144e-03 1.187830e+02 8.561279e-03 9.999610e-01 2.163839e-03 -8.815357e+00 2.781561e-03 -2.187729e-03 9.999936e-01 3.284475e+01
9.999473e-01 9.156346e-03 4.647535e-03 1.192143e+02 -9.145110e-03 9.999552e-01 -2.433279e-03 -8.852934e+00 -4.669645e-03 2.390653e-03 9.999863e-01 3.311580e+01
9.999565e-01 -8.778908e-03 -3.147530e-03 1.196078e+02 8.785736e-03 9.999591e-01 2.161869e-03 -8.883937e+00 3.128461e-03 -2.189433e-03 9.999926e-01 3.329317e+01
9.999479e-01 9.111235e-03 4.596034e-03 1.199008e+02 -9.100391e-03 9.999558e-01 -2.375016e-03 -8.907770e+00 -4.617509e-03 2.333071e-03 9.999867e-01 3.344127e+01
9.999572e-01 -8.663180e-03 -3.241745e-03 1.201885e+02 8.669912e-03 9.999603e-01 2.067889e-03 -8.932660e+00 3.223740e-03 -2.095911e-03 9.999925e-01 3.358149e+01
9.999409e-01 9.473075e-03 5.332704e-03 1.202765e+02 -9.457803e-03 9.999511e-01 -2.882008e-03 -8.942117e+00 -5.359784e-03 2.831407e-03 9.999817e-01 3.351248e+01
9.999506e-01 -9.014587e-03 -4.190641e-03 1.206629e+02 9.025522e-03 9.999559e-01 2.597686e-03 -8.970294e+00 4.167079e-03 -2.635386e-03 9.999877e-01 3.357895e+01
9.999390e-01 9.711539e-03 5.262340e-03 1.210655e+02 -9.694806e-03 9.999479e-01 -3.196153e-03 -8.997483e+00 -5.293144e-03 3.144946e-03 9.999811e-01 3.344411e+01
9.999560e-01 -8.305632e-03 -4.370240e-03 1.218980e+02 8.314000e-03 9.999636e-01 1.899677e-03 -9.048049e+00 4.354342e-03 -1.935933e-03 9.999886e-01 3.310739e+01
9.999404e-01 9.891562e-03 4.624588e-03 1.228968e+02 -9.877938e-03 9.999468e-01 -2.959854e-03 -9.107337e+00 -4.653658e-03 2.914002e-03 9.999850e-01 3.274358e+01
9.999503e-01 -9.109031e-03 -4.045827e-03 1.235547e+02 9.118352e-03 9.999558e-01 2.291140e-03 -9.150246e+00 4.024817e-03 -2.327923e-03 9.999891e-01 3.264869e+01
9.999366e-01 9.929353e-03 5.320270e-03 1.242490e+02 -9.914403e-03 9.999468e-01 -2.829183e-03 -9.196668e+00 -5.348119e-03 2.776261e-03 9.999819e-01 3.264522e+01
9.999533e-01 -8.659583e-03 -4.280260e-03 1.253776e+02 8.667552e-03 9.999607e-01 1.846536e-03 -9.271641e+00 4.264141e-03 -1.883555e-03 9.999890e-01 3.258606e+01
9.999365e-01 9.608414e-03 5.895545e-03 1.263450e+02 -9.594455e-03 9.999511e-01 -2.391578e-03 -9.335872e+00 -5.918276e-03 2.334866e-03 9.999799e-01 3.271389e+01
9.999505e-01 -8.905223e-03 -4.433162e-03 1.271558e+02 8.913482e-03 9.999586e-01 1.846404e-03 -9.395277e+00 4.416576e-03 -1.885833e-03 9.999884e-01 3.291712e+01
9.999302e-01 1.017833e-02 6.003039e-03 1.282823e+02 -1.016271e-02 9.999449e-01 -2.627060e-03 -9.474138e+00 -6.029487e-03 2.565874e-03 9.999786e-01 3.304847e+01
9.999369e-01 -9.604981e-03 -5.832019e-03 1.294908e+02 9.620075e-03 9.999504e-01 2.565301e-03 -9.557300e+00 5.807130e-03 -2.621250e-03 9.999796e-01 3.321962e+01
9.999260e-01 1.017142e-02 6.670034e-03 1.301366e+02 -1.015180e-02 9.999441e-01 -2.969090e-03 -9.603156e+00 -6.699901e-03 2.901163e-03 9.999734e-01 3.333626e+01
9.999389e-01 -9.868045e-03 -4.974437e-03 1.304777e+02 9.880589e-03 9.999481e-01 2.503327e-03 -9.634166e+00 4.949516e-03 -2.552331e-03 9.999844e-01 3.351560e+01
9.999235e-01 1.061442e-02 6.356010e-03 1.309793e+02 -1.059521e-02 9.999392e-01 -3.047518e-03 -9.671016e+00 -6.388012e-03 2.979947e-03 9.999753e-01 3.362089e+01
9.999403e-01 -9.599400e-03 -5.228312e-03 1.317040e+02 9.610824e-03 9.999515e-01 2.163924e-03 -9.720766e+00 5.207326e-03 -2.214049e-03 9.999839e-01 3.363047e+01
9.999310e-01 1.034605e-02 5.562351e-03 1.325362e+02 -1.033004e-02 9.999424e-01 -2.898767e-03 -9.775884e+00 -5.592062e-03 2.841114e-03 9.999804e-01 3.362965e+01
9.999470e-01 -8.896651e-03 -5.189649e-03 1.333244e+02 8.905989e-03 9.999588e-01 1.778732e-03 -9.827492e+00 5.173651e-03 -1.824863e-03 9.999849e-01 3.340446e+01
9.999249e-01 1.042020e-02 6.449578e-03 1.341228e+02 -1.040360e-02 9.999425e-01 -2.602507e-03 -9.871485e+00 -6.476367e-03 2.535218e-03 9.999759e-01 3.315956e+01
9.999368e-01 -1.004454e-02 -5.050584e-03 1.347250e+02 1.005656e-02 9.999466e-01 2.359024e-03 -9.914785e+00 5.026660e-03 -2.409672e-03 9.999844e-01 3.333669e+01
9.999213e-01 1.086732e-02 6.262241e-03 1.354116e+02 -1.084862e-02 9.999366e-01 -3.013664e-03 -9.963278e+00 -6.294635e-03 2.945496e-03 9.999759e-01 3.335757e+01
9.999327e-01 -9.266830e-03 -6.974623e-03 1.368849e+02 9.281065e-03 9.999549e-01 2.011100e-03 -1.005606e+01 6.955713e-03 -2.075703e-03 9.999736e-01 3.320733e+01
9.999197e-01 1.046955e-02 7.136282e-03 1.382205e+02 -1.044970e-02 9.999414e-01 -2.812501e-03 -1.014361e+01 -7.165351e-03 2.737709e-03 9.999707e-01 3.314999e+01
