9.999997e-01 -1.214085e-04 8.212733e-04 1.021819e+00 1.226649e-04 9.999988e-01 -1.529904e-03 -6.856406e-02 -8.210868e-04 1.530004e-03 9.999986e-01 1.187442e-01
9.999994e-01 2.232030e-04 1.072979e-03 1.945672e+00 -2.237866e-04 9.999998e-01 5.437798e-04 -1.368316e-01 -1.072857e-03 -5.440194e-04 9.999992e-01 4.927605e-01
9.999998e-01 -1.712032e-04 6.714789e-04 2.908160e+00 1.722916e-04 9.999987e-01 -1.621148e-03 -2.071120e-01 -6.712010e-04 1.621263e-03 9.999986e-01 8.092372e-01
1.000000e+00 8.407868e-05 2.865075e-04 3.897354e+00 -8.421745e-05 9.999999e-01 4.844238e-04 -2.777386e-01 -2.864661e-04 -4.844479e-04 9.999997e-01 1.019955e+00
9.999999e-01 -1.918780e-05 3.194843e-04 4.722818e+00 1.959896e-05 9.999992e-01 -1.287029e-03 -3.365837e-01 -3.194600e-04 1.287035e-03 9.999992e-01 1.214459e+00
9.999997e-01 -1.717735e-04 7.448306e-04 5.643364e+00 1.718470e-04 1.000000e+00 -9.856098e-05 -4.003548e-01 -7.448129e-04 9.868874e-05 9.999996e-01 1.335246e+00
9.999999e-01 3.527827e-04 -1.193503e-04 6.594381e+00 -3.528930e-04 9.999995e-01 -9.250783e-04 -4.652830e-01 1.190231e-04 9.251207e-04 9.999997e-01 1.479423e+00
9.999993e-01 -3.645073e-04 1.112357e-03 7.452632e+00 3.646592e-04 9.999999e-01 -1.363941e-04 -5.259533e-01 -1.112306e-03 1.367993e-04 9.999993e-01 1.707789e+00
9.999995e-01 6.251256e-04 7.519738e-04 8.187821e+00 -6.246862e-04 9.999996e-01 -5.845372e-04 -5.842895e-01 -7.523400e-04 5.840677e-04 9.999996e-01 2.057356e+00
9.999992e-01 -5.664586e-04 1.159304e-03 8.912006e+00 5.666173e-04 9.999998e-01 -1.365223e-04 -6.407596e-01 -1.159225e-03 1.371785e-04 9.999992e-01 2.527761e+00
9.999991e-01 5.405608e-04 1.248615e-03 9.742041e+00 -5.396715e-04 9.999996e-01 -7.125233e-04 -7.048400e-01 -1.249001e-03 7.118494e-04 9.999991e-01 3.081261e+00
9.999994e-01 -4.280269e-04 1.037653e-03 1.059828e+01 4.282084e-04 9.999999e-01 -1.746623e-04 -7.715056e-01 -1.037576e-03 1.751058e-04 9.999993e-01 3.620402e+00
1.000000e+00 -2.205099e-04 2.032493e-04 1.149914e+01 2.206941e-04 9.999996e-01 -9.064811e-04 -8.344152e-01 -2.030512e-04 9.065267e-04 9.999997e-01 3.841306e+00
9.999997e-01 2.327159e-04 -6.955451e-04 1.226665e+01 -2.325945e-04 1.000000e+00 1.745884e-04 -8.853710e-01 6.955876e-04 -1.744275e-04 9.999996e-01 4.112869e+00
9.999969e-01 -2.477189e-04 2.493594e-03 1.289457e+01 2.506163e-04 9.999993e-01 -1.161682e-03 -9.341344e-01 -2.493306e-03 1.162305e-03 9.999963e-01 4.554843e+00
9.999999e-01 3.961726e-04 2.021038e-04 1.363652e+01 -3.962428e-04 9.999999e-01 3.476729e-04 -9.936325e-01 -2.019637e-04 -3.477541e-04 9.999998e-01 4.984472e+00
9.999989e-01 -1.790399e-04 1.505343e-03 1.433774e+01 1.810561e-04 9.999991e-01 -1.339309e-03 -1.046354e+00 -1.505104e-03 1.339581e-03 9.999981e-01 5.307235e+00
9.999999e-01 1.626732e-04 -4.339265e-04 1.511622e+01 -1.624815e-04 9.999999e-01 4.418722e-04 -1.101549e+00 4.340009e-04 -4.418029e-04 9.999997e-01 5.579155e+00
9.999986e-01 2.757131e-05 1.647254e-03 1.583359e+01 -2.568972e-05 9.999993e-01 -1.142292e-03 -1.153934e+00 -1.647287e-03 1.142250e-03 9.999981e-01 5.955058e+00
9.999999e-01 -2.020147e-04 2.565358e-04 1.657450e+01 2.019970e-04 1.000000e+00 6.928618e-05 -1.208100e+00 -2.565469e-04 -6.923582e-05 9.999999e-01 6.269945e+00
9.999994e-01 2.857387e-04 1.034708e-03 1.741088e+01 -2.847415e-04 9.999995e-01 -9.637562e-04 -1.269572e+00 -1.034986e-03 9.634626e-04 9.999991e-01 6.489199e+00
9.999998e-01 -2.008591e-04 5.567698e-04 1.797251e+01 2.006779e-04 9.999999e-01 3.254649e-04 -1.313060e+00 -5.568320e-04 -3.253547e-04 9.999997e-01 6.887173e+00
9.999995e-01 1.197639e-04 1.017355e-03 1.854430e+01 -1.186628e-04 9.999994e-01 -1.082289e-03 -1.359016e+00 -1.017487e-03 1.082169e-03 9.999990e-01 7.325765e+00
9.999987e-01 1.540743e-03 -4.250243e-04 1.899126e+01 -1.540703e-03 9.999988e-01 9.382187e-05 -1.380963e+00 4.251717e-04 -9.316871e-05 9.999998e-01 6.741131e+00
9.999551e-01 -8.466666e-03 4.248076e-03 1.965523e+01 8.476463e-03 9.999614e-01 -2.293677e-03 -1.412383e+00 -4.228496e-03 2.329585e-03 9.999884e-01 6.054903e+00
9.999372e-01 1.096392e-02 -2.330452e-03 1.998422e+01 -1.096130e-02 9.999393e-01 1.132217e-03 -1.429325e+00 2.342728e-03 -1.106603e-03 9.999965e-01 5.333632e+00
9.999311e-01 -7.173595e-03 9.290707e-03 2.036483e+01 7.206055e-03 9.999680e-01 -3.465091e-03 -1.433696e+00 -9.265557e-03 3.531804e-03 9.999509e-01 3.477747e+00
9.999554e-01 8.676177e-03 -3.731613e-03 2.103807e+01 -8.670359e-03 9.999612e-01 1.572281e-03 -1.459939e+00 3.745115e-03 -1.539859e-03 9.999917e-01 2.134982e+00
9.999584e-01 -7.915008e-03 4.543698e-03 2.176539e+01 7.926759e-03 9.999653e-01 -2.573868e-03 -1.491686e+00 -4.523174e-03 2.609780e-03 9.999865e-01 1.459881e+00
9.999572e-01 8.394864e-03 -3.888314e-03 2.254264e+01 -8.388314e-03 9.999634e-01 1.697633e-03 -1.528604e+00 3.902428e-03 -1.664946e-03 9.999909e-01 9.019806e-01
9.999606e-01 -7.949934e-03 3.953963e-03 2.340766e+01 7.960865e-03 9.999645e-01 -2.756674e-03 -1.567518e+00 -3.931913e-03 2.788045e-03 9.999885e-01 2.715411e-01
9.999644e-01 7.693386e-03 -3.458772e-03 2.436256e+01 -7.687638e-03 9.999691e-01 1.672190e-03 -1.618021e+00 3.471535e-03 -1.645544e-03 9.999925e-01 -1.415072e-01
9.999664e-01 -7.561054e-03 3.152185e-03 2.536385e+01 7.570188e-03 9.999672e-01 -2.895964e-03 -1.671899e+00 -3.130190e-03 2.919733e-03 9.999909e-01 -4.519225e-01
9.999634e-01 8.004696e-03 -3.029125e-03 2.629308e+01 -7.997924e-03 9.999655e-01 2.241421e-03 -1.718185e+00 3.046968e-03 -2.217116e-03 9.999928e-01 -9.123964e-01
9.999672e-01 -7.422615e-03 3.247134e-03 2.717973e+01 7.432471e-03 9.999678e-01 -3.033636e-03 -1.759984e+00 -3.224517e-03 3.057674e-03 9.999902e-01 -1.464642e+00
9.999618e-01 7.902961e-03 -3.727581e-03 2.814227e+01 -7.895008e-03 9.999665e-01 2.143487e-03 -1.808935e+00 3.744401e-03 -2.113979e-03 9.999907e-01 -1.895816e+00
9.999649e-01 -7.525672e-03 3.670068e-03 2.906944e+01 7.536866e-03 9.999670e-01 -3.045634e-03 -1.859747e+00 -3.647032e-03 3.073192e-03 9.999887e-01 -2.132959e+00
9.999610e-01 7.929966e-03 -3.883467e-03 2.985692e+01 -7.921394e-03 9.999662e-01 2.217821e-03 -1.901599e+00 3.900929e-03 -2.186975e-03 9.999899e-01 -2.407162e+00
9.999616e-01 -7.543153e-03 4.453145e-03 3.036382e+01 7.556103e-03 9.999673e-01 -2.898419e-03 -1.922883e+00 -4.431142e-03 2.931960e-03 9.999860e-01 -2.999767e+00
9.999616e-01 8.334398e-03 -2.695573e-03 3.091392e+01 -8.328720e-03 9.999631e-01 2.110687e-03 -1.946234e+00 2.713070e-03 -2.088159e-03 9.999940e-01 -3.619647e+00
9.999602e-01 -7.980597e-03 3.993003e-03 3.176667e+01 7.992602e-03 9.999636e-01 -2.999658e-03 -1.996627e+00 -3.968924e-03 3.031457e-03 9.999876e-01 -3.678147e+00
9.999640e-01 7.828185e-03 -3.260826e-03 3.244083e+01 -7.820933e-03 9.999669e-01 2.230730e-03 -2.042777e+00 3.278186e-03 -2.205151e-03 9.999921e-01 -3.496023e+00
9.999620e-01 -8.000696e-03 3.458175e-03 3.303165e+01 8.010731e-03 9.999637e-01 -2.897744e-03 -2.080697e+00 -3.434871e-03 2.925340e-03 9.999899e-01 -3.503255e+00
9.999623e-01 7.957135e-03 -3.474335e-03 3.349586e+01 -7.949239e-03 9.999658e-01 2.280651e-03 -2.103669e+00 3.492369e-03 -2.252950e-03 9.999913e-01 -3.755486e+00
9.999610e-01 -7.972854e-03 3.807696e-03 3.389714e+01 7.983664e-03 9.999641e-01 -2.832346e-03 -2.125155e+00 -3.784983e-03 2.862638e-03 9.999888e-01 -3.937186e+00
9.999598e-01 8.388813e-03 -3.160092e-03 3.420648e+01 -8.381359e-03 9.999621e-01 2.364574e-03 -2.141328e+00 3.179814e-03 -2.337997e-03 9.999921e-01 -4.179489e+00
9.999673e-01 -6.955581e-03 4.120959e-03 3.464708e+01 6.968644e-03 9.999707e-01 -3.164243e-03 -2.157701e+00 -4.098836e-03 3.192862e-03 9.999866e-01 -4.873198e+00
9.999650e-01 7.826131e-03 -2.958106e-03 3.541420e+01 -7.820185e-03 9.999674e-01 2.016218e-03 -2.188080e+00 2.973795e-03 -1.993018e-03 9.999935e-01 -5.763287e+00
9.999679e-01 -7.124069e-03 3.653505e-03 3.630171e+01 7.135164e-03 9.999699e-01 -3.032834e-03 -2.230436e+00 -3.631795e-03 3.058810e-03 9.999888e-01 -6.469968e+00
9.999711e-01 7.344567e-03 -1.939705e-03 3.714908e+01 -7.340424e-03 9.999708e-01 2.134403e-03 -2.283586e+00 1.955331e-03 -2.120108e-03 9.999957e-01 -6.743436e+00
9.999702e-01 -6.718751e-03 3.806310e-03 3.786931e+01 6.728496e-03 9.999741e-01 -2.553302e-03 -2.334953e+00 -3.789063e-03 2.578841e-03 9.999896e-01 -6.725756e+00
9.999717e-01 7.403565e-03 -1.364466e-03 3.859709e+01 -7.401597e-03 9.999716e-01 1.441635e-03 -2.389108e+00 1.375107e-03 -1.431499e-03 9.999979e-01 -6.738806e+00
9.999710e-01 -6.929831e-03 3.167427e-03 3.951766e+01 6.937428e-03 9.999731e-01 -2.393757e-03 -2.455382e+00 -3.150761e-03 2.415666e-03 9.999922e-01 -6.766034e+00
9.999703e-01 7.598235e-03 -1.270749e-03 4.035342e+01 -7.596697e-03 9.999704e-01 1.210729e-03 -2.512984e+00 1.279918e-03 -1.201044e-03 9.999984e-01 -6.908210e+00
9.999728e-01 -6.888763e-03 2.637704e-03 4.124556e+01 6.894652e-03 9.999737e-01 -2.230080e-03 -2.573224e+00 -2.622280e-03 2.248210e-03 9.999941e-01 -7.035929e+00
9.999704e-01 7.661289e-03 -7.404498e-04 4.199472e+01 -7.660439e-03 9.999700e-01 1.143931e-03 -2.625619e+00 7.491990e-04 -1.138230e-03 9.999990e-01 -7.154989e+00
9.999759e-01 -6.517767e-03 2.373244e-03 4.271722e+01 6.523168e-03 9.999761e-01 -2.275305e-03 -2.672815e+00 -2.358365e-03 2.290736e-03 9.999947e-01 -7.463947e+00
9.999694e-01 7.739497e-03 -1.157049e-03 4.345135e+01 -7.738189e-03 9.999694e-01 1.129998e-03 -2.716621e+00 1.165767e-03 -1.121015e-03 9.999986e-01 -7.791841e+00
9.999745e-01 -6.528479e-03 2.883713e-03 4.407582e+01 6.534776e-03 9.999763e-01 -2.179691e-03 -2.755301e+00 -2.869422e-03 2.198485e-03 9.999936e-01 -8.199712e+00
9.999689e-01 7.837205e-03 -8.747940e-04 4.465359e+01 -7.836178e-03 9.999686e-01 1.171621e-03 -2.787602e+00 8.839569e-04 -1.164735e-03 9.999988e-01 -8.672030e+00
9.999756e-01 -6.432940e-03 2.729834e-03 4.535046e+01 6.439619e-03 9.999763e-01 -2.445065e-03 -2.826898e+00 -2.714048e-03 2.462590e-03 9.999934e-01 -9.232606e+00
9.999681e-01 7.936689e-03 -9.322944e-04 4.598508e+01 -7.935579e-03 9.999678e-01 1.187471e-03 -2.859726e+00 9.416974e-04 -1.180040e-03 9.999988e-01 -9.861323e+00
9.999741e-01 -6.369041e-03 3.348955e-03 4.657063e+01 6.377076e-03 9.999768e-01 -2.394265e-03 -2.890175e+00 -3.333636e-03 2.415566e-03 9.999916e-01 -1.046967e+01
9.999689e-01 7.735469e-03 -1.557552e-03 4.722833e+01 -7.733736e-03 9.999695e-01 1.115403e-03 -2.926810e+00 1.566142e-03 -1.103329e-03 9.999981e-01 -1.101140e+01
9.999738e-01 -6.297207e-03 3.561276e-03 4.788655e+01 6.305772e-03 9.999772e-01 -2.399132e-03 -2.965597e+00 -3.546097e-03 2.421532e-03 9.999909e-01 -1.151766e+01
9.999690e-01 7.618160e-03 -2.006579e-03 4.867750e+01 -7.616018e-03 9.999704e-01 1.073185e-03 -3.009658e+00 2.014705e-03 -1.057875e-03 9.999973e-01 -1.203397e+01
9.999721e-01 -6.548338e-03 3.581646e-03 4.946485e+01 6.556411e-03 9.999760e-01 -2.246950e-03 -3.052039e+00 -3.566856e-03 2.270377e-03 9.999912e-01 -1.266673e+01
9.999679e-01 7.732888e-03 -2.121419e-03 5.020945e+01 -7.730344e-03 9.999694e-01 1.204480e-03 -3.092597e+00 2.130677e-03 -1.188048e-03 9.999969e-01 -1.317569e+01
9.999676e-01 -7.101573e-03 3.787208e-03 5.102921e+01 7.109620e-03 9.999725e-01 -2.115758e-03 -3.143288e+00 -3.772088e-03 2.142622e-03 9.999907e-01 -1.349256e+01
9.999668e-01 7.681582e-03 -2.732997e-03 5.178142e+01 -7.677442e-03 9.999694e-01 1.521990e-03 -3.191659e+00 2.744614e-03 -1.500964e-03 9.999950e-01 -1.357795e+01
9.999740e-01 -6.212238e-03 3.656743e-03 5.212022e+01 6.221286e-03 9.999776e-01 -2.468395e-03 -3.207396e+00 -3.641336e-03 2.491087e-03 9.999904e-01 -1.410114e+01
9.999934e-01 3.634163e-03 -9.887934e-05 5.256117e+01 -3.634056e-03 9.999928e-01 1.060845e-03 -3.227512e+00 1.027442e-04 -1.060485e-03 9.999993e-01 -1.470042e+01
9.999928e-01 -3.588137e-03 1.205925e-03 5.290030e+01 3.590129e-03 9.999922e-01 -1.654648e-03 -3.252996e+00 -1.199989e-03 1.658972e-03 9.999980e-01 -1.461677e+01
9.999931e-01 3.690314e-03 -3.534758e-04 5.327105e+01 -3.689933e-03 9.999926e-01 1.073683e-03 -3.280445e+00 3.574459e-04 -1.072378e-03 9.999993e-01 -1.453034e+01
9.999925e-01 -3.589551e-03 1.484599e-03 5.356299e+01 3.591919e-03 9.999923e-01 -1.595592e-03 -3.303248e+00 -1.478870e-03 1.600920e-03 9.999977e-01 -1.444296e+01
9.999939e-01 3.475700e-03 -4.016138e-04 5.395360e+01 -3.475323e-03 9.999935e-01 9.340474e-04 -3.332448e+00 4.048683e-04 -9.326529e-04 9.999994e-01 -1.431682e+01
9.999929e-01 -3.484644e-03 1.425359e-03 5.441271e+01 3.486962e-03 9.999926e-01 -1.627341e-03 -3.366129e+00 -1.419689e-03 1.632307e-03 9.999978e-01 -1.422189e+01
9.999940e-01 3.452151e-03 -3.255896e-04 5.483301e+01 -3.451829e-03 9.999936e-01 9.839805e-04 -3.397023e+00 3.289953e-04 -9.828579e-04 9.999994e-01 -1.412580e+01
9.999928e-01 -3.456239e-03 1.548033e-03 5.531684e+01 3.458804e-03 9.999926e-01 -1.657639e-03 -3.432218e+00 -1.542303e-03 1.662988e-03 9.999975e-01 -1.404309e+01
9.999943e-01 3.324884e-03 -5.382194e-04 5.584366e+01 -3.324417e-03 9.999941e-01 8.658036e-04 -3.469388e+00 5.411061e-04 -8.640167e-04 9.999994e-01 -1.396926e+01
9.999937e-01 -3.337919e-03 1.216011e-03 5.632076e+01 3.339834e-03 9.999932e-01 -1.576160e-03 -3.502065e+00 -1.210753e-03 1.580218e-03 9.999981e-01 -1.392458e+01
9.999943e-01 3.370152e-03 -1.046950e-04 5.669866e+01 -3.370048e-03 9.999938e-01 9.728004e-04 -3.530009e+00 1.079842e-04 -9.724494e-04 9.999994e-01 -1.383705e+01
9.999938e-01 -3.335129e-03 1.137468e-03 5.711221e+01 3.336967e-03 9.999931e-01 -1.618147e-03 -3.559759e+00 -1.132075e-03 1.621940e-03 9.999981e-01 -1.376615e+01
9.999936e-01 3.552915e-03 3.441560e-04 5.744502e+01 -3.553304e-03 9.999930e-01 1.136900e-03 -3.585547e+00 -3.401028e-04 -1.138123e-03 9.999992e-01 -1.368352e+01
9.999937e-01 -3.526058e-03 3.726994e-04 5.780751e+01 3.526715e-03 9.999922e-01 -1.780292e-03 -3.612228e+00 -3.664307e-04 1.781603e-03 9.999984e-01 -1.362217e+01
9.999933e-01 3.635696e-03 5.040057e-04 5.814208e+01 -3.636294e-03 9.999927e-01 1.192485e-03 -3.637689e+00 -4.996548e-04 -1.194318e-03 9.999991e-01 -1.355114e+01
9.999932e-01 -3.681841e-03 2.293564e-04 5.853200e+01 3.682264e-03 9.999915e-01 -1.873722e-03 -3.664955e+00 -2.224674e-04 1.874562e-03 9.999983e-01 -1.350159e+01
9.999920e-01 3.862492e-03 1.068546e-03 5.896006e+01 -3.863775e-03 9.999918e-01 1.201514e-03 -3.694221e+00 -1.063885e-03 -1.205641e-03 9.999986e-01 -1.348589e+01
9.999928e-01 -3.804207e-03 -1.297076e-04 5.933527e+01 3.803965e-03 9.999911e-01 -1.811008e-03 -3.722990e+00 1.365840e-04 1.810510e-03 9.999985e-01 -1.339709e+01
9.999917e-01 3.938664e-03 1.050652e-03 5.966472e+01 -3.940023e-03 9.999914e-01 1.295367e-03 -3.748062e+00 -1.045529e-03 -1.299504e-03 9.999985e-01 -1.332686e+01
9.999928e-01 -3.798992e-03 -1.366410e-04 5.996361e+01 3.798737e-03 9.999911e-01 -1.819817e-03 -3.769236e+00 1.435411e-04 1.819293e-03 9.999984e-01 -1.332919e+01
9.999922e-01 3.829440e-03 9.991703e-04 6.027094e+01 -3.830675e-03 9.999919e-01 1.237990e-03 -3.791389e+00 -9.944091e-04 -1.241816e-03 9.999986e-01 -1.330038e+01
9.999929e-01 -3.778157e-03 -1.906531e-05 6.062313e+01 3.778118e-03 9.999914e-01 -1.722670e-03 -3.817551e+00 2.556133e-05 1.722594e-03 9.999986e-01 -1.320613e+01
9.999927e-01 3.712464e-03 8.565174e-04 6.097049e+01 -3.713386e-03 9.999925e-01 1.078083e-03 -3.842612e+00 -8.524962e-04 -1.081264e-03 9.999990e-01 -1.311923e+01
9.999928e-01 -3.800354e-03 1.704044e-04 6.139036e+01 3.800627e-03 9.999914e-01 -1.638553e-03 -3.874996e+00 -1.641884e-04 1.639197e-03 9.999987e-01 -1.294291e+01
9.999928e-01 3.723815e-03 7.827010e-04 6.182434e+01 -3.724522e-03 9.999927e-01 9.045787e-04 -3.907983e+00 -7.793141e-04 -9.074956e-04 9.999992e-01 -1.271175e+01
9.999930e-01 -3.737143e-03 2.415398e-04 6.227770e+01 3.737527e-03 9.999917e-01 -1.612822e-03 -3.941312e+00 -2.355232e-04 1.613722e-03 9.999988e-01 -1.255309e+01
9.999927e-01 3.685507e-03 9.972123e-04 6.275059e+01 -3.686398e-03 9.999928e-01 8.937016e-04 -3.976062e+00 -9.938986e-04 -8.973796e-04 9.999990e-01 -1.245610e+01
9.999929e-01 -3.741809e-03 3.655330e-04 6.319432e+01 3.742339e-03 9.999919e-01 -1.463701e-03 -4.009418e+00 -3.600661e-04 1.465067e-03 9.999990e-01 -1.225607e+01
9.999918e-01 3.726584e-03 1.553536e-03 6.370368e+01 -3.727561e-03 9.999929e-01 6.268141e-04 -4.049772e+00 -1.551176e-03 -6.326083e-04 9.999985e-01 -1.189296e+01
9.999930e-01 -3.736778e-03 2.834682e-04 6.412958e+01 3.737146e-03 9.999922e-01 -1.310935e-03 -4.083924e+00 -2.785806e-04 1.311994e-03 9.999992e-01 -1.156849e+01
9.999926e-01 3.692504e-03 1.089303e-03 6.461120e+01 -3.693077e-03 9.999930e-01 5.248542e-04 -4.120213e+00 -1.087344e-03 -5.288818e-04 9.999992e-01 -1.135584e+01
9.999932e-01 -3.677612e-03 4.076491e-04 6.507859e+01 3.678080e-03 9.999926e-01 -1.155734e-03 -4.156836e+00 -4.034094e-04 1.157234e-03 9.999993e-01 -1.110055e+01
9.999927e-01 3.539724e-03 1.427589e-03 6.568184e+01 -3.540226e-03 9.999937e-01 3.492943e-04 -4.203097e+00 -1.426330e-03 -3.543545e-04 9.999988e-01 -1.073925e+01
9.999939e-01 -3.470131e-03 2.706046e-04 6.619874e+01 3.470389e-03 9.999935e-01 -9.590566e-04 -4.244672e+00 -2.672888e-04 9.599988e-04 9.999996e-01 -1.042417e+01
9.999923e-01 3.644343e-03 1.441455e-03 6.663972e+01 -3.644834e-03 9.999933e-01 3.386046e-04 -4.279986e+00 -1.440197e-03 -3.438648e-04 9.999988e-01 -1.018091e+01
9.999940e-01 -3.471867e-03 8.167674e-05 6.713133e+01 3.471944e-03 9.999935e-01 -9.776783e-04 -4.318394e+00 -7.829612e-05 9.779649e-04 9.999996e-01 -9.880921e+00
9.999927e-01 3.557194e-03 1.399436e-03 6.765401e+01 -3.557706e-03 9.999936e-01 3.645369e-04 -4.358691e+00 -1.398116e-03 -3.695220e-04 9.999989e-01 -9.549229e+00
9.999940e-01 -3.452168e-03 3.243158e-04 6.820553e+01 3.452503e-03 9.999935e-01 -1.041148e-03 -4.402001e+00 -3.207341e-04 1.042271e-03 9.999995e-01 -9.185073e+00
9.999928e-01 3.548319e-03 1.316099e-03 6.876241e+01 -3.548900e-03 9.999936e-01 4.400421e-04 -4.446283e+00 -1.314514e-03 -4.447188e-04 9.999989e-01 -8.783259e+00
9.999939e-01 -3.484233e-03 2.258177e-04 6.922722e+01 3.484475e-03 9.999933e-01 -1.081986e-03 -4.483340e+00 -2.220612e-04 1.082776e-03 9.999995e-01 -8.482556e+00
9.999931e-01 3.486046e-03 1.253902e-03 6.973876e+01 -3.486539e-03 9.999938e-01 3.917670e-04 -4.522930e+00 -1.252514e-03 -3.961453e-04 9.999990e-01 -8.144622e+00
9.999940e-01 -3.448732e-03 3.409684e-04 7.012507e+01 3.449032e-03 9.999937e-01 -8.854028e-04 -4.555047e+00 -3.379280e-04 8.865829e-04 9.999996e-01 -7.823193e+00
9.999928e-01 3.595223e-03 1.219835e-03 7.037236e+01 -3.595822e-03 9.999934e-01 4.896219e-04 -4.578892e+00 -1.218051e-03 -4.940140e-04 9.999990e-01 -7.531406e+00
9.999937e-01 -3.495879e-03 5.683337e-04 7.051554e+01 3.496395e-03 9.999935e-01 -9.112927e-04 -4.594913e+00 -5.651597e-04 9.132836e-04 9.999995e-01 -7.346385e+00
9.999932e-01 3.611979e-03 7.150303e-04 7.073317e+01 -3.612352e-03 9.999933e-01 5.221718e-04 -4.614343e+00 -7.131238e-04 -5.247606e-04 9.999995e-01 -7.199146e+00
9.999933e-01 -3.566577e-03 8.659148e-04 7.099292e+01 3.567361e-03 9.999932e-01 -9.062849e-04 -4.638099e+00 -8.626924e-04 9.093774e-04 9.999993e-01 -7.012137e+00
9.999929e-01 3.657248e-03 9.235788e-04 7.118449e+01 -3.657720e-03 9.999932e-01 5.107671e-04 -4.657536e+00 -9.216884e-04 -5.141512e-04 9.999993e-01 -6.867572e+00
9.999939e-01 -3.450195e-03 5.025528e-04 7.136746e+01 3.450607e-03 9.999937e-01 -8.227745e-04 -4.675076e+00 -4.997270e-04 8.245132e-04 9.999996e-01 -6.722888e+00
9.999932e-01 3.535158e-03 1.057264e-03 7.162536e+01 -3.535427e-03 9.999937e-01 2.536496e-04 -4.697920e+00 -1.056344e-03 -2.573953e-04 9.999993e-01 -6.545651e+00
9.999937e-01 -3.508695e-03 4.625322e-04 7.197713e+01 3.509055e-03 9.999935e-01 -7.812587e-04 -4.727822e+00 -4.598044e-04 7.828866e-04 9.999997e-01 -6.293901e+00
9.999936e-01 3.496565e-03 7.650396e-04 7.249552e+01 -3.496542e-03 9.999939e-01 -3.055261e-05 -4.766421e+00 -7.651252e-04 2.786770e-05 9.999996e-01 -6.077604e+00
9.999942e-01 -3.338069e-03 6.016447e-04 7.309872e+01 3.338428e-03 9.999942e-01 -5.985198e-04 -4.810975e+00 -5.996601e-04 6.005347e-04 9.999997e-01 -5.785232e+00
9.999930e-01 3.371008e-03 1.628021e-03 7.366893e+01 -3.371026e-03 9.999943e-01 8.615543e-06 -4.857026e+00 -1.627966e-03 -1.411343e-05 9.999986e-01 -5.334340e+00
9.999942e-01 -3.393597e-03 4.153953e-04 7.426460e+01 3.393888e-03 9.999940e-01 -7.040377e-04 -4.904772e+00 -4.130207e-04 7.054534e-04 9.999998e-01 -4.913878e+00
9.999930e-01 3.454526e-03 1.402592e-03 7.481558e+01 -3.454668e-03 9.999940e-01 9.910742e-05 -4.949873e+00 -1.402224e-03 -1.039622e-04 9.999989e-01 -4.528243e+00
9.999938e-01 -3.493517e-03 5.177297e-04 7.517087e+01 3.493819e-03 9.999937e-01 -5.853268e-04 -4.982572e+00 -5.156991e-04 5.871421e-04 9.999998e-01 -4.200316e+00
9.999931e-01 3.534699e-03 1.179865e-03 7.554168e+01 -3.534820e-03 9.999937e-01 1.013268e-04 -5.014900e+00 -1.179482e-03 -1.055068e-04 9.999992e-01 -3.917184e+00
9.999940e-01 -3.416748e-03 5.076369e-04 7.602613e+01 3.417101e-03 9.999939e-01 -6.974622e-04 -5.054918e+00 -5.052686e-04 6.992028e-04 9.999997e-01 -3.608295e+00
9.999927e-01 3.571980e-03 1.352228e-03 7.658341e+01 -3.572130e-03 9.999936e-01 1.089760e-04 -5.099604e+00 -1.351812e-03 -1.138157e-04 9.999990e-01 -3.288123e+00
9.999938e-01 -3.507499e-03 -3.199408e-04 7.726306e+01 3.507188e-03 9.999934e-01 -9.640405e-04 -5.148325e+00 3.233020e-04 9.629227e-04 9.999996e-01 -3.074503e+00
9.999919e-01 3.591206e-03 1.813986e-03 7.802963e+01 -3.591537e-03 9.999935e-01 1.796439e-04 -5.204547e+00 -1.813311e-03 -1.861678e-04 9.999982e-01 -2.756018e+00
9.999938e-01 -3.525755e-03 -2.182165e-04 7.881621e+01 3.525529e-03 9.999933e-01 -1.021779e-03 -5.263841e+00 2.217992e-04 1.021014e-03 9.999996e-01 -2.392838e+00
9.999915e-01 3.693763e-03 1.814566e-03 7.958753e+01 -3.694480e-03 9.999931e-01 3.928824e-04 -5.323230e+00 -1.813084e-03 -3.995934e-04 9.999982e-01 -1.973523e+00
9.999938e-01 -3.532976e-03 7.570048e-05 8.026460e+01 3.533055e-03 9.999932e-01 -1.083936e-03 -5.376639e+00 -7.188919e-05 1.084207e-03 9.999995e-01 -1.570178e+00
9.999925e-01 3.559001e-03 1.523000e-03 8.101429e+01 -3.559343e-03 9.999936e-01 2.223204e-04 -5.433193e+00 -1.522180e-03 -2.277502e-04 9.999987e-01 -1.205101e+00
9.999943e-01 -3.343336e-03 -5.069436e-04 8.196348e+01 3.342907e-03 9.999941e-01 -8.429222e-04 -5.500306e+00 5.097398e-04 8.412334e-04 9.999996e-01 -8.493888e-01
9.999913e-01 3.429017e-03 2.380146e-03 8.270280e+01 -3.428969e-03 9.999941e-01 -2.383639e-05 -5.558714e+00 -2.380195e-03 1.566398e-05 9.999971e-01 -4.227406e-01
9.999939e-01 -3.394755e-03 -8.202461e-04 8.356195e+01 3.393978e-03 9.999938e-01 -9.452499e-04 -5.622745e+00 8.234306e-04 9.424712e-04 9.999993e-01 -7.098862e-02
9.999897e-01 3.672647e-03 2.653553e-03 8.440985e+01 -3.673289e-03 9.999932e-01 2.373878e-04 -5.686911e+00 -2.652644e-03 -2.471436e-04 9.999964e-01 3.863000e-01
9.999937e-01 -3.481985e-03 -6.158257e-04 8.521029e+01 3.481417e-03 9.999935e-01 -9.195739e-04 -5.749804e+00 6.190040e-04 9.174352e-04 9.999995e-01 8.868103e-01
9.999891e-01 3.752222e-03 2.790735e-03 8.589855e+01 -3.753609e-03 9.999928e-01 4.924019e-04 -5.806171e+00 -2.788848e-03 -5.028829e-04 9.999959e-01 1.442483e+00
9.999930e-01 -3.680474e-03 -6.153573e-04 8.632831e+01 3.680023e-03 9.999930e-01 -7.296516e-04 -5.843557e+00 6.180183e-04 7.273931e-04 9.999996e-01 1.732661e+00
9.999913e-01 3.795651e-03 1.741031e-03 8.662023e+01 -3.796133e-03 9.999928e-01 2.740243e-04 -5.866686e+00 -1.739958e-03 -2.806421e-04 9.999983e-01 1.843532e+00
9.999928e-01 -3.754110e-03 -5.901111e-04 8.686082e+01 3.753655e-03 9.999927e-01 -7.685382e-04 -5.886915e+00 5.929716e-04 7.663288e-04 9.999996e-01 1.960502e+00
9.999912e-01 3.913130e-03 1.540196e-03 8.709307e+01 -3.913610e-03 9.999923e-01 3.094693e-04 -5.904917e+00 -1.538953e-03 -3.155054e-04 9.999987e-01 2.038979e+00
9.999927e-01 -3.817124e-03 -2.661877e-04 8.734152e+01 3.816896e-03 9.999924e-01 -8.461745e-04 -5.925012e+00 2.693950e-04 8.451636e-04 9.999997e-01 2.133925e+00
9.999905e-01 4.018737e-03 1.664863e-03 8.755159e+01 -4.019703e-03 9.999918e-01 5.780271e-04 -5.944619e+00 -1.662505e-03 -5.847251e-04 9.999983e-01 2.344012e+00
9.999930e-01 -3.748464e-03 -1.682240e-04 8.771214e+01 3.748294e-03 9.999925e-01 -9.898100e-04 -5.961185e+00 1.719121e-04 9.891838e-04 9.999996e-01 2.628914e+00
9.999910e-01 3.899798e-03 1.693105e-03 8.786684e+01 -3.900985e-03 9.999921e-01 6.990696e-04 -5.977015e+00 -1.690345e-03 -7.056794e-04 9.999982e-01 2.812728e+00
9.999929e-01 -3.757456e-03 -3.400552e-04 8.806892e+01 3.757061e-03 9.999923e-01 -1.151596e-03 -5.995384e+00 3.443585e-04 1.150321e-03 9.999994e-01 2.941109e+00
9.999911e-01 3.884772e-03 1.638205e-03 8.830121e+01 -3.886028e-03 9.999922e-01 7.655180e-04 -6.016646e+00 -1.635197e-03 -7.718886e-04 9.999983e-01 3.120115e+00
9.999924e-01 -3.883423e-03 -4.194783e-04 8.860432e+01 3.882837e-03 9.999915e-01 -1.386227e-03 -6.040638e+00 4.248366e-04 1.384599e-03 9.999990e-01 3.253170e+00
9.999912e-01 3.958173e-03 1.413198e-03 8.893929e+01 -3.959453e-03 9.999918e-01 9.051477e-04 -6.066708e+00 -1.409582e-03 -9.107467e-04 9.999985e-01 3.379851e+00
9.999919e-01 -4.016683e-03 -3.378381e-04 8.927354e+01 4.016149e-03 9.999907e-01 -1.561172e-03 -6.092805e+00 3.440841e-04 1.559814e-03 9.999988e-01 3.501561e+00
9.999912e-01 4.064232e-03 1.034461e-03 8.958635e+01 -4.065239e-03 9.999913e-01 9.749685e-04 -6.116003e+00 -1.030467e-03 -9.791768e-04 9.999989e-01 3.577903e+00
9.999920e-01 -4.004474e-03 -9.004289e-05 8.985408e+01 4.004327e-03 9.999908e-01 -1.567368e-03 -6.137091e+00 9.629680e-05 1.567007e-03 9.999989e-01 3.632820e+00
9.999912e-01 4.031722e-03 1.182691e-03 9.011451e+01 -4.032943e-03 9.999913e-01 1.033243e-03 -6.159253e+00 -1.178493e-03 -1.038015e-03 9.999987e-01 3.784197e+00
9.999922e-01 -3.956662e-03 -2.125407e-05 9.030071e+01 3.956624e-03 9.999910e-01 -1.529805e-03 -6.176779e+00 2.728483e-05 1.529720e-03 9.999989e-01 3.892664e+00
9.999918e-01 3.958482e-03 8.841378e-04 9.062092e+01 -3.959310e-03 9.999917e-01 9.382536e-04 -6.201134e+00 -8.803943e-04 -9.417583e-04 9.999991e-01 4.003033e+00
9.999916e-01 -4.093745e-03 1.324273e-05 9.094331e+01 4.093759e-03 9.999905e-01 -1.517662e-03 -6.226761e+00 -7.051823e-06 1.517716e-03 9.999989e-01 4.192498e+00
9.999909e-01 4.137368e-03 9.997600e-04 9.122802e+01 -4.138338e-03 9.999910e-01 9.711732e-04 -6.250478e+00 -9.957106e-04 -9.753136e-04 9.999989e-01 4.350343e+00
9.999930e-01 -3.442848e-03 1.448455e-03 9.125037e+01 3.444623e-03 9.999933e-01 -1.225595e-03 -6.258673e+00 -1.444249e-03 1.230587e-03 9.999983e-01 4.417289e+00
9.999936e-01 3.522433e-03 5.917008e-04 9.140733e+01 -3.522791e-03 9.999936e-01 6.074817e-04 -6.273984e+00 -5.895345e-04 -6.095742e-04 9.999995e-01 4.466844e+00
9.999935e-01 -3.575758e-03 5.623336e-04 9.174865e+01 3.576399e-03 9.999929e-01 -1.146086e-03 -6.301472e+00 -5.582543e-04 1.148101e-03 9.999993e-01 4.643730e+00
9.999937e-01 3.518595e-03 4.062967e-04 9.219266e+01 -3.518771e-03 9.999937e-01 4.365423e-04 -6.336612e+00 -4.047352e-04 -4.379814e-04 9.999997e-01 4.864714e+00
9.999933e-01 -3.582308e-03 7.445330e-04 9.265713e+01 3.583130e-03 9.999930e-01 -1.107021e-03 -6.372661e+00 -7.405851e-04 1.109693e-03 9.999992e-01 5.118918e+00
9.999937e-01 3.501031e-03 5.702843e-04 9.313974e+01 -3.501262e-03 9.999938e-01 4.065370e-04 -6.411323e+00 -5.688343e-04 -4.085434e-04 9.999997e-01 5.437358e+00
9.999930e-01 -3.671691e-03 6.771816e-04 9.365775e+01 3.672510e-03 9.999925e-01 -1.213751e-03 -6.450184e+00 -6.727433e-04 1.216242e-03 9.999991e-01 5.718464e+00
9.999936e-01 3.578876e-03 1.582020e-04 9.415982e+01 -3.578935e-03 9.999935e-01 3.819626e-04 -6.487755e+00 -1.568106e-04 -3.825388e-04 9.999998e-01 5.966911e+00
9.999926e-01 -3.644665e-03 1.216356e-03 9.468189e+01 3.646087e-03 9.999927e-01 -1.170676e-03 -6.527826e+00 -1.212104e-03 1.175115e-03 9.999987e-01 6.264164e+00
9.999933e-01 3.639551e-03 -4.395174e-04 9.514621e+01 -3.639307e-03 9.999932e-01 5.499276e-04 -6.562558e+00 4.415395e-04 -5.483370e-04 9.999997e-01 6.417935e+00
9.999925e-01 -3.533274e-03 1.599792e-03 9.553146e+01 3.535177e-03 9.999930e-01 -1.189307e-03 -6.590104e+00 -1.595603e-03 1.194967e-03 9.999981e-01 6.513444e+00
9.999937e-01 3.546125e-03 -2.489796e-04 9.601863e+01 -3.546020e-03 9.999936e-01 4.181439e-04 -6.628074e+00 2.504847e-04 -4.172710e-04 9.999998e-01 6.762404e+00
9.999921e-01 -3.564005e-03 1.734123e-03 9.653597e+01 3.565776e-03 9.999931e-01 -1.020086e-03 -6.668047e+00 -1.730499e-03 1.026275e-03 9.999981e-01 7.048689e+00
9.999940e-01 3.447806e-03 -2.293941e-04 9.698197e+01 -3.447727e-03 9.999940e-01 3.385662e-04 -6.704156e+00 2.305841e-04 -3.377861e-04 9.999998e-01 7.334064e+00
9.999927e-01 -3.563327e-03 1.411756e-03 9.748587e+01 3.564740e-03 9.999931e-01 -1.001023e-03 -6.744040e+00 -1.408203e-03 1.006061e-03 9.999986e-01 7.641302e+00
9.999943e-01 3.363834e-03 -9.232226e-05 9.807832e+01 -3.363827e-03 9.999943e-01 5.173075e-05 -6.788768e+00 9.252008e-05 -5.143288e-05 9.999999e-01 7.931456e+00
9.999919e-01 -3.542559e-03 1.930465e-03 9.881923e+01 3.544419e-03 9.999933e-01 -9.616529e-04 -6.844472e+00 -1.927070e-03 9.685006e-04 9.999978e-01 8.334118e+00
9.999943e-01 3.359703e-03 -1.314680e-04 9.964525e+01 -3.359694e-03 9.999944e-01 6.152882e-05 -6.907058e+00 1.316986e-04 -6.109994e-05 9.999999e-01 8.795780e+00
9.999925e-01 -3.642384e-03 1.338666e-03 1.006358e+02 3.644024e-03 9.999926e-01 -1.226010e-03 -6.977095e+00 -1.334215e-03 1.230892e-03 9.999985e-01 9.057455e+00
9.999936e-01 3.586056e-03 3.622721e-06 1.013431e+02 -3.586056e-03 9.999933e-01 7.203981e-04 -7.029931e+00 -1.014389e-06 -7.204198e-04 9.999996e-01 9.377983e+00
9.999922e-01 -3.707215e-03 1.337955e-03 1.018413e+02 3.709121e-03 9.999921e-01 -1.426306e-03 -7.069141e+00 -1.332682e-03 1.431271e-03 9.999982e-01 9.677976e+00
9.999939e-01 3.478949e-03 -2.512796e-04 1.023335e+02 -3.478777e-03 9.999937e-01 6.751700e-04 -7.107457e+00 2.536520e-04 -6.743052e-04 9.999996e-01 9.949862e+00
9.999930e-01 -3.543790e-03 1.172225e-03 1.027587e+02 3.545310e-03 9.999929e-01 -1.298329e-03 -7.140383e+00 -1.167641e-03 1.302490e-03 9.999986e-01 1.015854e+01
9.999940e-01 3.449268e-03 -9.593112e-05 1.031530e+02 -3.449206e-03 9.999939e-01 6.179087e-04 -7.170614e+00 9.808720e-05 -6.175877e-04 9.999997e-01 1.032296e+01
9.999926e-01 -3.622937e-03 1.278050e-03 1.036482e+02 3.624715e-03 9.999925e-01 -1.393023e-03 -7.207535e+00 -1.273019e-03 1.397659e-03 9.999983e-01 1.054141e+01
9.999938e-01 3.464773e-03 -5.776445e-04 1.042309e+02 -3.464527e-03 9.999939e-01 4.231020e-04 -7.249657e+00 5.791325e-04 -4.211119e-04 9.999996e-01 1.068563e+01
9.999930e-01 -3.421795e-03 1.540544e-03 1.047142e+02 3.423097e-03 9.999938e-01 -8.444179e-04 -7.285921e+00 -1.537671e-03 8.496993e-04 9.999986e-01 1.085021e+01
9.999943e-01 3.331608e-03 -5.312279e-04 1.050593e+02 -3.331517e-03 9.999944e-01 1.682017e-04 -7.311740e+00 5.318110e-04 -1.664448e-04 9.999997e-01 1.093380e+01
9.999940e-01 -3.085329e-03 1.588377e-03 1.052007e+02 3.086190e-03 9.999951e-01 -5.406815e-04 -7.327781e+00 -1.586727e-03 5.455943e-04 9.999987e-01 1.113530e+01
9.999956e-01 2.956080e-03 -3.259273e-04 1.054969e+02 -2.956105e-03 9.999956e-01 -8.205898e-05 -7.351871e+00 3.257093e-04 8.300813e-05 9.999998e-01 1.126428e+01
9.999942e-01 -3.076467e-03 1.431078e-03 1.060330e+02 3.077592e-03 9.999950e-01 -7.854830e-04 -7.389234e+00 -1.428681e-03 7.898969e-04 9.999988e-01 1.133155e+01
9.999953e-01 3.026949e-03 -3.729247e-04 1.064271e+02 -3.026892e-03 9.999954e-01 1.493379e-04 -7.420367e+00 3.734012e-04 -1.482225e-04 9.999998e-01 1.155119e+01
9.999942e-01 -2.976140e-03 1.646273e-03 1.068582e+02 2.977632e-03 9.999952e-01 -9.054065e-04 -7.453798e+00 -1.643597e-03 9.103175e-04 9.999983e-01 1.174061e+01
9.999955e-01 3.014240e-03 -2.550094e-05 1.073928e+02 -3.014229e-03 9.999954e-01 3.380866e-04 -7.494310e+00 2.654630e-05 -3.380224e-04 9.999998e-01 1.197244e+01
9.999944e-01 -2.977055e-03 1.543385e-03 1.078645e+02 2.978381e-03 9.999952e-01 -8.587746e-04 -7.531382e+00 -1.540848e-03 8.633809e-04 9.999985e-01 1.220293e+01
9.999954e-01 3.047074e-03 -7.788745e-05 1.082728e+02 -3.047049e-03 9.999953e-01 3.041816e-04 -7.563593e+00 7.884064e-05 -3.039572e-04 9.999999e-01 1.242786e+01
9.999943e-01 -2.976637e-03 1.570682e-03 1.086389e+02 2.977914e-03 9.999952e-01 -8.126895e-04 -7.593498e+00 -1.568282e-03 8.173767e-04 9.999985e-01 1.264538e+01
9.999957e-01 2.922221e-03 4.552124e-05 1.090732e+02 -2.922226e-03 9.999957e-01 1.519067e-04 -7.627741e+00 -4.505015e-05 -1.520535e-04 9.999999e-01 1.289798e+01
9.999946e-01 -2.955697e-03 1.403378e-03 1.095979e+02 2.956940e-03 9.999952e-01 -8.863084e-04 -7.667216e+00 -1.400778e-03 8.904679e-04 9.999987e-01 1.309951e+01
9.999956e-01 2.961845e-03 -2.748921e-04 1.101088e+02 -2.961780e-03 9.999956e-01 2.318262e-04 -7.704361e+00 2.756047e-04 -2.310256e-04 9.999998e-01 1.322677e+01
9.999949e-01 -2.830224e-03 1.476842e-03 1.104608e+02 2.831263e-03 9.999957e-01 -7.038745e-04 -7.731986e+00 -1.474871e-03 7.080670e-04 9.999988e-01 1.337472e+01
9.999958e-01 2.836824e-03 -5.561445e-04 1.108323e+02 -2.836827e-03 9.999960e-01 -7.802667e-06 -7.758663e+00 5.561476e-04 9.365624e-06 9.999997e-01 1.342333e+01
9.999949e-01 -2.767466e-03 1.604418e-03 1.112967e+02 2.768544e-03 9.999959e-01 -6.715319e-04 -7.791216e+00 -1.602580e-03 6.759852e-04 9.999986e-01 1.347959e+01
9.999959e-01 2.748936e-03 -7.396971e-04 1.117481e+02 -2.748977e-03 9.999962e-01 -5.763071e-05 -7.822709e+00 7.395635e-04 5.964906e-05 9.999996e-01 1.352165e+01
9.999951e-01 -2.718124e-03 1.558484e-03 1.122149e+02 2.719199e-03 9.999961e-01 -6.895540e-04 -7.853011e+00 -1.556632e-03 6.938034e-04 9.999986e-01 1.353091e+01
9.999960e-01 2.666370e-03 -9.187509e-04 1.127109e+02 -2.666486e-03 9.999964e-01 -1.272217e-04 -7.886550e+00 9.184361e-04 1.296560e-04 9.999995e-01 1.355193e+01
9.999947e-01 -2.667834e-03 1.882547e-03 1.132513e+02 2.669116e-03 9.999962e-01 -6.798757e-04 -7.925363e+00 -1.880754e-03 6.849120e-04 9.999981e-01 1.365429e+01
9.999958e-01 2.691905e-03 -1.039411e-03 1.137375e+02 -2.691962e-03 9.999964e-01 -5.519575e-05 -7.959727e+00 1.039286e-03 5.797844e-05 9.999994e-01 1.374890e+01
9.999947e-01 -2.766824e-03 1.717550e-03 1.142361e+02 2.768153e-03 9.999959e-01 -7.733070e-04 -7.994956e+00 -1.715431e-03 7.780726e-04 9.999983e-01 1.384772e+01
9.999956e-01 2.667190e-03 -1.261452e-03 1.147321e+02 -2.667142e-03 9.999964e-01 3.850841e-05 -8.029738e+00 1.261578e-03 -3.515905e-05 9.999991e-01 1.397358e+01
9.999936e-01 -2.739765e-03 2.291969e-03 1.151833e+02 2.741586e-03 9.999959e-01 -7.927898e-04 -8.063860e+00 -2.289816e-03 7.990838e-04 9.999972e-01 1.416311e+01
9.999971e-01 2.267747e-03 -8.065513e-04 1.157789e+02 -2.267817e-03 9.999974e-01 -8.949413e-05 -8.109569e+00 8.063745e-04 9.130752e-05 9.999996e-01 1.446942e+01
9.999963e-01 -2.446013e-03 1.211042e-03 1.163892e+02 2.447051e-03 9.999966e-01 -8.583286e-04 -8.155672e+00 -1.208966e-03 8.613045e-04 9.999990e-01 1.484632e+01
9.999969e-01 2.482983e-03 5.686273e-05 1.169370e+02 -2.482980e-03 9.999969e-01 -5.445702e-06 -8.198842e+00 -5.684766e-05 5.288869e-06 9.999999e-01 1.523537e+01
9.999960e-01 -2.683600e-03 8.610553e-04 1.175192e+02 2.684349e-03 9.999960e-01 -8.727442e-04 -8.240583e+00 -8.587383e-04 8.750678e-04 9.999993e-01 1.546331e+01
9.999969e-01 2.492306e-03 -2.653834e-04 1.182220e+02 -2.492334e-03 9.999969e-01 -1.163858e-04 -8.286181e+00 2.651210e-04 1.170311e-04 9.999999e-01 1.550293e+01
9.999973e-01 -2.082417e-03 1.058221e-03 1.188366e+02 2.083064e-03 9.999976e-01 -6.127907e-04 -8.324487e+00 -1.056971e-03 6.150093e-04 9.999993e-01 1.556835e+01
9.999973e-01 2.242002e-03 6.204358e-04 1.193073e+02 -2.241882e-03 9.999975e-01 -1.906646e-04 -8.351492e+00 -6.208330e-04 1.892572e-04 9.999997e-01 1.544809e+01
9.999976e-01 -2.165946e-03 4.515134e-04 1.198572e+02 2.166279e-03 9.999974e-01 -7.439499e-04 -8.386830e+00 -4.499297e-04 7.449423e-04 9.999997e-01 1.536006e+01
9.999977e-01 2.092703e-03 4.539861e-04 1.204965e+02 -2.092687e-03 9.999978e-01 -3.175452e-05 -8.427256e+00 -4.540226e-04 3.078828e-05 9.999998e-01 1.535147e+01
9.999972e-01 -2.242146e-03 7.562613e-04 1.210300e+02 2.242694e-03 9.999972e-01 -7.286346e-04 -8.468014e+00 -7.546545e-04 7.303449e-04 9.999995e-01 1.554947e+01
9.999974e-01 2.266635e-03 3.125180e-04 1.215083e+02 -2.266675e-03 9.999974e-01 1.367819e-04 -8.503453e+00 -3.121780e-04 -1.375062e-04 9.999998e-01 1.570848e+01
9.999970e-01 -2.252387e-03 9.204100e-04 1.218688e+02 2.252966e-03 9.999973e-01 -6.316023e-04 -8.530472e+00 -9.190142e-04 6.336904e-04 9.999995e-01 1.582147e+01
9.999972e-01 2.348534e-03 2.968976e-04 1.221481e+02 -2.348558e-03 9.999972e-01 8.751388e-05 -8.550543e+00 -2.966618e-04 -8.822726e-05 9.999999e-01 1.582735e+01
9.999973e-01 -2.231678e-03 7.082142e-04 1.224905e+02 2.232129e-03 9.999973e-01 -6.393362e-04 -8.574189e+00 -7.068150e-04 6.409317e-04 9.999996e-01 1.582776e+01
9.999975e-01 2.179988e-03 5.156942e-04 1.229265e+02 -2.179974e-03 9.999976e-01 -2.371677e-05 -8.605484e+00 -5.157150e-04 2.257606e-05 9.999998e-01 1.591967e+01
9.999971e-01 -2.299843e-03 7.707080e-04 1.235590e+02 2.300684e-03 9.999968e-01 -1.094653e-03 -8.649648e+00 -7.682177e-04 1.096439e-03 9.999992e-01 1.595345e+01
9.999971e-01 2.401571e-03 1.608562e-05 1.244615e+02 -2.401566e-03 9.999971e-01 -1.291494e-04 -8.701586e+00 -1.636590e-05 1.290937e-04 9.999999e-01 1.562003e+01
9.999973e-01 -2.302654e-03 3.660058e-04 1.251969e+02 2.302944e-03 9.999970e-01 -8.023188e-04 -8.743055e+00 -3.641870e-04 8.031764e-04 9.999997e-01 1.535520e+01
9.999968e-01 2.488927e-03 -4.632066e-04 1.261436e+02 -2.489107e-03 9.999968e-01 -3.936469e-04 -8.791861e+00 4.622552e-04 3.947818e-04 9.999997e-01 1.489954e+01
9.999971e-01 -2.404238e-03 9.068809e-05 1.269299e+02 2.404285e-03 9.999970e-01 -5.425372e-04 -8.834058e+00 -8.941320e-05 5.427707e-04 9.999999e-01 1.461692e+01
9.999972e-01 2.270384e-03 7.021275e-04 1.278556e+02 -2.269759e-03 9.999970e-01 -8.855798e-04 -8.888311e+00 -7.041062e-04 8.839666e-04 9.999993e-01 1.448029e+01
9.999967e-01 -2.253208e-03 -1.267457e-03 1.289994e+02 2.252784e-03 9.999974e-01 -3.340503e-04 -8.961732e+00 1.268177e-03 3.312111e-04 9.999992e-01 1.465057e+01
9.999963e-01 2.128781e-03 1.712289e-03 1.299129e+02 -2.127764e-03 9.999976e-01 -5.936571e-04 -9.023936e+00 -1.713519e-03 5.899943e-04 9.999983e-01 1.488489e+01
9.999978e-01 -1.979825e-03 -6.883679e-04 1.306633e+02 1.979747e-03 9.999980e-01 -1.093272e-04 -9.076463e+00 6.885530e-04 1.079816e-04 9.999999e-01 1.515311e+01
9.999970e-01 1.803803e-03 1.676016e-03 1.314587e+02 -1.802105e-03 9.999979e-01 -1.012027e-03 -9.131684e+00 -1.677808e-03 1.008986e-03 9.999980e-01 1.538445e+01
9.999971e-01 -1.852193e-03 -1.562749e-03 1.322303e+02 1.852509e-03 9.999983e-01 2.023857e-04 -9.181615e+00 1.562341e-03 -2.052625e-04 9.999989e-01 1.539853e+01
9.999951e-01 1.989759e-03 2.416005e-03 1.327304e+02 -1.987322e-03 9.999975e-01 -1.009825e-03 -9.217443e+00 -2.417979e-03 1.005001e-03 9.999965e-01 1.557112e+01
9.999971e-01 -2.119017e-03 -1.125054e-03 1.334951e+02 2.118771e-03 9.999977e-01 -2.168654e-04 -9.269841e+00 1.125481e-03 2.144989e-04 9.999994e-01 1.575810e+01
9.999979e-01 1.967754e-03 5.738422e-04 1.345571e+02 -1.967164e-03 9.999975e-01 -1.021243e-03 -9.336255e+00 -5.758201e-04 1.020094e-03 9.999992e-01 1.581152e+01
9.999968e-01 -2.034288e-03 -1.506233e-03 1.355497e+02 2.033815e-03 9.999979e-01 -3.133772e-04 -9.392770e+00 1.506837e-03 3.103308e-04 9.999989e-01 1.570549e+01
9.999983e-01 1.804930e-03 4.036929e-04 1.367646e+02 -1.804401e-03 9.999975e-01 -1.299888e-03 -9.462712e+00 -4.060081e-04 1.299139e-03 9.999990e-01 1.554512e+01
9.999970e-01 -1.496833e-03 -1.954410e-03 1.379639e+02 1.497270e-03 9.999989e-01 2.237632e-04 -9.535723e+00 1.954043e-03 -2.266705e-04 9.999982e-01 1.556735e+01
9.999954e-01 1.652110e-03 2.537187e-03 1.386497e+02 -1.649659e-03 9.999982e-01 -9.667386e-04 -9.582647e+00 -2.538749e-03 9.625303e-04 9.999962e-01 1.575073e+01
9.999971e-01 -1.827403e-03 -1.582108e-03 1.397546e+02 1.826290e-03 9.999981e-01 -7.026989e-04 -9.653430e+00 1.583359e-03 6.998260e-04 9.999986e-01 1.561152e+01
9.999963e-01 1.688595e-03 -2.114355e-03 1.414179e+02 -1.691262e-03 9.999978e-01 -1.261413e-03 -9.747718e+00 2.112250e-03 1.264966e-03 9.999969e-01 1.529795e+01
9.999983e-01 -1.859021e-03 1.077127e-04 1.429139e+02 1.859076e-03 9.999981e-01 -5.369149e-04 -9.834779e+00 -1.067438e-04 5.371331e-04 9.999999e-01 1.510947e+01
