9.999970e-01 -2.181324e-04 2.424387e-03 6.821201e-01 2.196896e-04 9.999998e-01 -6.420591e-04 -5.304634e-02 -2.424247e-03 6.425894e-04 9.999970e-01 4.071738e-01
9.999996e-01 -2.267043e-04 8.192955e-04 1.548464e+00 2.267854e-04 1.000000e+00 -9.891370e-05 -1.228387e-01 -8.192724e-04 9.909981e-05 9.999996e-01 9.768109e-01
9.999968e-01 -2.129988e-04 2.510825e-03 2.518423e+00 2.151272e-04 9.999996e-01 -8.474659e-04 -1.963652e-01 -2.510644e-03 8.480031e-04 9.999966e-01 1.529117e+00
9.999995e-01 -1.573319e-04 9.536577e-04 3.542996e+00 1.575301e-04 1.000000e+00 -2.077616e-04 -2.723815e-01 -9.536237e-04 2.079118e-04 9.999994e-01 2.081170e+00
9.999967e-01 -1.124922e-04 2.556428e-03 4.386483e+00 1.136960e-04 9.999999e-01 -4.707335e-04 -3.355276e-01 -2.556376e-03 4.710226e-04 9.999967e-01 2.611527e+00
9.999998e-01 -1.976035e-04 6.010469e-04 5.129457e+00 1.977101e-04 1.000000e+00 -1.772023e-04 -3.940460e-01 -6.010099e-04 1.773211e-04 9.999997e-01 3.106348e+00
9.999965e-01 -1.760440e-04 2.650897e-03 5.964490e+00 1.776035e-04 9.999998e-01 -5.880854e-04 -4.580883e-01 -2.650795e-03 5.885542e-04 9.999964e-01 3.622873e+00
9.999996e-01 -1.561399e-04 8.947410e-04 6.736032e+00 1.561197e-04 1.000000e+00 2.262780e-05 -5.195701e-01 -8.947419e-04 -2.248823e-05 9.999995e-01 4.194543e+00
9.999976e-01 1.458150e-05 2.190049e-03 7.489773e+00 -1.318989e-05 9.999998e-01 -6.354484e-04 -5.796807e-01 -2.190061e-03 6.354181e-04 9.999975e-01 4.711262e+00
9.999996e-01 -1.161361e-04 8.540315e-04 8.139504e+00 1.160362e-04 1.000000e+00 1.170537e-04 -6.305473e-01 -8.540418e-04 -1.169548e-04 9.999995e-01 5.144035e+00
9.999981e-01 -5.418494e-05 1.935066e-03 8.871933e+00 5.600041e-05 9.999996e-01 -9.381636e-04 -6.860713e-01 -1.935018e-03 9.382705e-04 9.999978e-01 5.544652e+00
9.999999e-01 -1.613482e-04 4.072180e-04 9.644350e+00 1.612944e-04 1.000000e+00 1.323638e-04 -7.433392e-01 -4.072356e-04 -1.322985e-04 9.999998e-01 5.908991e+00
9.999968e-01 -2.005845e-05 2.548592e-03 1.032559e+01 2.238360e-05 9.999996e-01 -9.123120e-04 -7.953291e-01 -2.548577e-03 9.123666e-04 9.999964e-01 6.321866e+00
9.999999e-01 -1.758658e-04 -4.502940e-04 1.085600e+01 1.761146e-04 9.999998e-01 5.525350e-04 -8.372100e-01 4.502010e-04 -5.526147e-04 9.999996e-01 6.666569e+00
9.999931e-01 -2.207376e-04 3.720227e-03 1.154156e+01 2.242782e-04 9.999995e-01 -9.513240e-04 -8.901022e-01 -3.720020e-03 9.521523e-04 9.999927e-01 7.125990e+00
9.999999e-01 9.287328e-05 -5.065467e-04 1.216469e+01 -9.266062e-05 9.999999e-01 4.197705e-04 -9.398017e-01 5.065905e-04 -4.197242e-04 9.999997e-01 7.602564e+00
9.999972e-01 -2.159002e-04 2.363417e-03 1.272885e+01 2.188255e-04 9.999992e-01 -1.237558e-03 -9.805370e-01 -2.363153e-03 1.238073e-03 9.999965e-01 7.829247e+00
9.999995e-01 2.192627e-04 -9.328993e-04 1.339488e+01 -2.189858e-04 9.999999e-01 2.968822e-04 -1.026817e+00 9.329696e-04 -2.966786e-04 9.999994e-01 8.023026e+00
9.999956e-01 -9.748333e-05 2.971599e-03 1.395248e+01 1.000079e-04 9.999996e-01 -8.494324e-04 -1.068445e+00 -2.971521e-03 8.497267e-04 9.999953e-01 8.309717e+00
9.999997e-01 -4.438588e-04 7.008430e-04 1.457360e+01 4.434635e-04 9.999997e-01 5.642451e-04 -1.118050e+00 -7.010874e-04 -5.639350e-04 9.999995e-01 8.804999e+00
9.999979e-01 3.814627e-04 2.003841e-03 1.526384e+01 -3.789092e-04 9.999991e-01 -1.274511e-03 -1.172779e+00 -2.004331e-03 1.273750e-03 9.999973e-01 9.241031e+00
9.999998e-01 -4.407640e-04 -4.766616e-04 1.584979e+01 4.410234e-04 9.999998e-01 5.440498e-04 -1.216130e+00 4.764280e-04 -5.442609e-04 9.999996e-01 9.494702e+00
9.999974e-01 4.660360e-04 2.245845e-03 1.634846e+01 -4.634120e-04 9.999992e-01 -1.168789e-03 -1.253671e+00 -2.246395e-03 1.167746e-03 9.999969e-01 9.751388e+00
9.999999e-01 4.196657e-04 -1.345194e-04 1.681410e+01 -4.196610e-04 9.999999e-01 3.416274e-05 -1.279860e+00 1.345404e-04 -3.410748e-05 9.999999e-01 9.505792e+00
9.999992e-01 -8.788206e-04 8.617610e-04 1.737966e+01 8.795559e-04 9.999992e-01 -8.532998e-04 -1.309347e+00 -8.610172e-04 8.540584e-04 9.999994e-01 9.231728e+00
9.999971e-01 1.629331e-03 1.765861e-03 1.768124e+01 -1.629749e-03 9.999986e-01 2.356523e-04 -1.329389e+00 -1.765468e-03 -2.385309e-04 9.999983e-01 9.042641e+00
9.999903e-01 -2.318256e-04 4.390335e-03 1.782338e+01 2.353580e-04 9.999996e-01 -8.041212e-04 -1.328823e+00 -4.390155e-03 8.051481e-04 9.999901e-01 8.173179e+00
9.999976e-01 4.205667e-04 -2.165714e-03 1.834220e+01 -4.211341e-04 9.999999e-01 -2.615522e-04 -1.352812e+00 2.165612e-03 2.624621e-04 9.999975e-01 7.698260e+00
9.999943e-01 -3.876143e-04 3.361770e-03 1.917264e+01 3.914172e-04 9.999993e-01 -1.130651e-03 -1.403292e+00 -3.361337e-03 1.131962e-03 9.999938e-01 7.672240e+00
9.999953e-01 7.025247e-04 -2.991610e-03 2.001139e+01 -7.036329e-04 9.999997e-01 -3.694380e-04 -1.452805e+00 2.991358e-03 3.715394e-04 9.999954e-01 7.541324e+00
9.999953e-01 1.185866e-04 3.055506e-03 2.078652e+01 -1.149954e-04 9.999993e-01 -1.175514e-03 -1.492294e+00 -3.055651e-03 1.175159e-03 9.999947e-01 7.204051e+00
9.999949e-01 -7.658088e-04 -3.107279e-03 2.155292e+01 7.653002e-04 9.999997e-01 -1.648946e-04 -1.534009e+00 3.107412e-03 1.625137e-04 9.999951e-01 6.948413e+00
9.999924e-01 8.881924e-04 3.791275e-03 2.221231e+01 -8.852188e-04 9.999993e-01 -7.859663e-04 -1.576402e+00 -3.791978e-03 7.826064e-04 9.999926e-01 6.924113e+00
9.999969e-01 -5.266879e-04 -2.453268e-03 2.259931e+01 5.269342e-04 9.999999e-01 9.972580e-05 -1.596832e+00 2.453223e-03 -1.010204e-04 9.999969e-01 6.708557e+00
9.999948e-01 9.013118e-04 3.108770e-03 2.310860e+01 -8.981024e-04 9.999991e-01 -1.033652e-03 -1.626268e+00 -3.109707e-03 1.030857e-03 9.999947e-01 6.598586e+00
9.999970e-01 -7.928888e-04 -2.310387e-03 2.375834e+01 7.929103e-04 9.999997e-01 8.358909e-06 -1.667962e+00 2.310388e-03 -1.019324e-05 9.999972e-01 6.611963e+00
9.999948e-01 7.515181e-04 3.128731e-03 2.438222e+01 -7.482695e-04 9.999992e-01 -1.039380e-03 -1.709410e+00 -3.129518e-03 1.037036e-03 9.999947e-01 6.666248e+00
9.999974e-01 -6.706584e-04 -2.190371e-03 2.499606e+01 6.706753e-04 9.999998e-01 6.912076e-06 -1.750165e+00 2.190375e-03 -8.383713e-06 9.999975e-01 6.728360e+00
9.999956e-01 1.312565e-03 2.663415e-03 2.549112e+01 -1.309750e-03 9.999986e-01 -1.058559e-03 -1.777255e+00 -2.664809e-03 1.055068e-03 9.999960e-01 6.543971e+00
9.999990e-01 -7.732166e-04 -1.188431e-03 2.591295e+01 7.733397e-04 9.999997e-01 1.030126e-04 -1.799163e+00 1.188360e-03 -1.039344e-04 9.999992e-01 6.214314e+00
9.999980e-01 7.184154e-04 1.881512e-03 2.660512e+01 -7.164103e-04 9.999992e-01 -1.066202e-03 -1.841130e+00 -1.882285e-03 1.064855e-03 9.999978e-01 6.160739e+00
9.999991e-01 -7.837196e-04 -1.124654e-03 2.729343e+01 7.837529e-04 9.999997e-01 2.901128e-05 -1.886638e+00 1.124640e-03 -2.989573e-05 9.999993e-01 6.250034e+00
9.999982e-01 9.760590e-04 1.638278e-03 2.789574e+01 -9.741557e-04 9.999989e-01 -1.162266e-03 -1.926124e+00 -1.639419e-03 1.160671e-03 9.999981e-01 6.297760e+00
9.999986e-01 -5.046173e-04 -1.578853e-03 2.852881e+01 5.043896e-04 9.999999e-01 -1.447495e-04 -1.963476e+00 1.578934e-03 1.439496e-04 9.999986e-01 6.185574e+00
9.999981e-01 7.822126e-04 1.813289e-03 2.900168e+01 -7.809959e-04 9.999995e-01 -6.717052e-04 -1.991546e+00 -1.813822e-03 6.702911e-04 9.999982e-01 6.058875e+00
1.000000e+00 -1.239138e-04 -8.190932e-05 2.926620e+01 1.238984e-04 1.000000e+00 -1.895296e-04 -2.004036e+00 8.194188e-05 1.895160e-04 9.999999e-01 5.740679e+00
9.999970e-01 6.699412e-04 2.370316e-03 2.963278e+01 -6.679671e-04 9.999994e-01 -8.336081e-04 -2.021911e+00 -2.370883e-03 8.320258e-04 9.999969e-01 5.315937e+00
9.999975e-01 -2.441123e-04 -2.239746e-03 3.020512e+01 2.441369e-04 1.000000e+00 1.062269e-05 -2.053887e+00 2.239752e-03 -1.117307e-05 9.999974e-01 5.028240e+00
9.999951e-01 4.367632e-04 3.092668e-03 3.053943e+01 -4.363016e-04 9.999999e-01 -1.499950e-04 -2.073837e+00 -3.092743e-03 1.486485e-04 9.999953e-01 4.971181e+00
9.999999e-01 -3.169938e-04 1.362850e-05 3.061427e+01 3.169880e-04 9.999999e-01 4.374567e-04 -2.090071e+00 -1.375746e-05 -4.374559e-04 9.999998e-01 5.415573e+00
9.999888e-01 7.213964e-04 4.681263e-03 3.071389e+01 -7.217175e-04 9.999997e-01 6.686717e-05 -2.111800e+00 -4.681224e-03 -7.024145e-05 9.999891e-01 5.999589e+00
9.999995e-01 -5.959774e-04 7.875437e-04 3.091485e+01 5.956755e-04 9.999997e-01 3.838873e-04 -2.142292e+00 -7.877616e-04 -3.834215e-04 9.999995e-01 6.694974e+00
9.999869e-01 6.930414e-04 5.080206e-03 3.113916e+01 -6.936415e-04 9.999998e-01 1.163176e-04 -2.173896e+00 -5.080135e-03 -1.198365e-04 9.999872e-01 7.429272e+00
9.999996e-01 -7.627729e-04 4.366603e-04 3.143381e+01 7.626887e-04 9.999997e-01 1.936016e-04 -2.209002e+00 -4.367960e-04 -1.932719e-04 9.999998e-01 8.126216e+00
9.999833e-01 8.118997e-04 5.720264e-03 3.181924e+01 -8.125649e-04 9.999997e-01 1.139335e-04 -2.250880e+00 -5.720182e-03 -1.185763e-04 9.999837e-01 8.920200e+00
9.999995e-01 -8.275605e-04 5.999154e-04 3.221932e+01 8.274398e-04 9.999996e-01 2.017425e-04 -2.296352e+00 -6.000691e-04 -2.012494e-04 9.999997e-01 9.765710e+00
9.999803e-01 8.964738e-04 6.212941e-03 3.271521e+01 -8.963642e-04 9.999996e-01 -2.046236e-05 -2.349642e+00 -6.212970e-03 1.489622e-05 9.999808e-01 1.068292e+01
9.999995e-01 -9.395964e-04 -4.207392e-04 3.326012e+01 9.396036e-04 9.999996e-01 1.636269e-05 -2.403095e+00 4.207380e-04 -1.676134e-05 9.999998e-01 1.147778e+01
9.999772e-01 1.178865e-03 6.656338e-03 3.366433e+01 -1.181381e-03 9.999992e-01 3.741374e-04 -2.449177e+00 -6.655907e-03 -3.819892e-04 9.999779e-01 1.228892e+01
9.999995e-01 -8.932157e-04 -3.308740e-04 3.407467e+01 8.931615e-04 9.999996e-01 -1.647844e-04 -2.494939e+00 3.310367e-04 1.644856e-04 9.999998e-01 1.311270e+01
9.999793e-01 1.287547e-03 6.307329e-03 3.443919e+01 -1.290229e-03 9.999991e-01 4.211781e-04 -2.536409e+00 -6.306797e-03 -4.293041e-04 9.999801e-01 1.388999e+01
9.999994e-01 -7.643411e-04 -7.485299e-04 3.461589e+01 7.644459e-04 9.999997e-01 1.393704e-04 -2.565512e+00 7.484399e-04 -1.399457e-04 9.999996e-01 1.464658e+01
9.999790e-01 1.369453e-03 6.336565e-03 3.473609e+01 -1.371628e-03 9.999990e-01 3.388591e-04 -2.592214e+00 -6.336112e-03 -3.475403e-04 9.999800e-01 1.536560e+01
9.999991e-01 -6.899095e-04 -1.117138e-03 3.484325e+01 6.900977e-04 9.999997e-01 1.678833e-04 -2.617204e+00 1.117040e-03 -1.686571e-04 9.999993e-01 1.605273e+01
9.999804e-01 1.312275e-03 6.116983e-03 3.493421e+01 -1.314427e-03 9.999991e-01 3.477728e-04 -2.640651e+00 -6.116539e-03 -3.558034e-04 9.999813e-01 1.673701e+01
9.999994e-01 -8.205024e-04 -7.719718e-04 3.506131e+01 8.205264e-04 9.999997e-01 3.035815e-05 -2.667302e+00 7.719654e-04 -3.099451e-05 9.999996e-01 1.744169e+01
9.999853e-01 1.307253e-03 5.256355e-03 3.517313e+01 -1.309098e-03 9.999991e-01 3.475519e-04 -2.689479e+00 -5.255915e-03 -3.544250e-04 9.999862e-01 1.803507e+01
9.999995e-01 -7.962682e-04 -6.097859e-04 3.524751e+01 7.962020e-04 9.999997e-01 -1.093207e-04 -2.710465e+00 6.098925e-04 1.088323e-04 9.999997e-01 1.863346e+01
9.999923e-01 1.169743e-03 3.748739e-03 3.529560e+01 -1.170581e-03 9.999993e-01 2.212889e-04 -2.724417e+00 -3.748497e-03 -2.256726e-04 9.999930e-01 1.902319e+01
9.999981e-01 -8.234988e-04 -1.785870e-03 3.544857e+01 8.227322e-04 9.999996e-01 -4.301543e-04 -2.742120e+00 1.786244e-03 4.286813e-04 9.999982e-01 1.930398e+01
9.999934e-01 1.534176e-03 3.286902e-03 3.571733e+01 -1.533006e-03 9.999988e-01 -3.582786e-04 -2.759047e+00 -3.287468e-03 3.532404e-04 9.999946e-01 1.921600e+01
9.999965e-01 -1.260959e-03 -2.326166e-03 3.600146e+01 1.261049e-03 9.999992e-01 3.718391e-05 -2.774436e+00 2.326137e-03 -4.012018e-05 9.999972e-01 1.899530e+01
9.999943e-01 1.408603e-03 3.064051e-03 3.635915e+01 -1.406714e-03 9.999988e-01 -6.186411e-04 -2.802941e+00 -3.064939e-03 6.143304e-04 9.999952e-01 1.914327e+01
9.999960e-01 -1.352589e-03 -2.474265e-03 3.674274e+01 1.352895e-03 9.999991e-01 1.218124e-04 -2.831660e+00 2.474119e-03 -1.251624e-04 9.999968e-01 1.925716e+01
9.999938e-01 1.468409e-03 3.214646e-03 3.716800e+01 -1.465868e-03 9.999986e-01 -7.927217e-04 -2.864852e+00 -3.215827e-03 7.880076e-04 9.999946e-01 1.941269e+01
9.999956e-01 -1.360978e-03 -2.648991e-03 3.757283e+01 1.361443e-03 9.999991e-01 1.736230e-04 -2.895169e+00 2.648773e-03 -1.772319e-04 9.999964e-01 1.951928e+01
9.999945e-01 1.380103e-03 3.010541e-03 3.801537e+01 -1.377433e-03 9.999987e-01 -8.888629e-04 -2.928663e+00 -3.011785e-03 8.847145e-04 9.999952e-01 1.960931e+01
9.999963e-01 -1.253878e-03 -2.394746e-03 3.848431e+01 1.254354e-03 9.999992e-01 1.970305e-04 -2.963838e+00 2.394518e-03 -2.000370e-04 9.999970e-01 1.974188e+01
9.999933e-01 1.368060e-03 3.396696e-03 3.887464e+01 -1.365595e-03 9.999988e-01 -7.280038e-04 -2.995288e+00 -3.397709e-03 7.233638e-04 9.999941e-01 1.993272e+01
9.999973e-01 -1.349248e-03 -1.901912e-03 3.936104e+01 1.349334e-03 9.999991e-01 4.385161e-05 -3.034913e+00 1.901872e-03 -4.642127e-05 9.999981e-01 2.020091e+01
9.999930e-01 1.370762e-03 3.472054e-03 3.990173e+01 -1.368178e-03 9.999988e-01 -7.465327e-04 -3.078495e+00 -3.473094e-03 7.417806e-04 9.999938e-01 2.047054e+01
9.999968e-01 -1.317635e-03 -2.171925e-03 4.034325e+01 1.318016e-03 9.999991e-01 1.739796e-04 -3.114605e+00 2.171715e-03 -1.768452e-04 9.999975e-01 2.070005e+01
9.999938e-01 1.486546e-03 3.188449e-03 4.074298e+01 -1.483880e-03 9.999985e-01 -8.386440e-04 -3.145637e+00 -3.189713e-03 8.339112e-04 9.999947e-01 2.086345e+01
9.999949e-01 -1.350741e-03 -2.893806e-03 4.111037e+01 1.351344e-03 9.999991e-01 2.064316e-04 -3.173330e+00 2.893546e-03 -2.103448e-04 9.999957e-01 2.092939e+01
9.999933e-01 1.500922e-03 3.336717e-03 4.149829e+01 -1.498090e-03 9.999985e-01 -8.513337e-04 -3.201885e+00 -3.338012e-03 8.463331e-04 9.999942e-01 2.100495e+01
9.999959e-01 -1.211505e-03 -2.589628e-03 4.175865e+01 1.212223e-03 9.999992e-01 2.757060e-04 -3.221726e+00 2.589314e-03 -2.788479e-04 9.999965e-01 2.102479e+01
9.999910e-01 1.542151e-03 3.941450e-03 4.198235e+01 -1.538432e-03 9.999984e-01 -9.467032e-04 -3.236312e+00 -3.942925e-03 9.406350e-04 9.999919e-01 2.093629e+01
9.999920e-01 -1.535650e-03 -3.697802e-03 4.237569e+01 1.536884e-03 9.999988e-01 3.308391e-04 -3.265599e+00 3.697311e-03 -3.365235e-04 9.999930e-01 2.098986e+01
9.999900e-01 1.630352e-03 4.161994e-03 4.278761e+01 -1.626645e-03 9.999983e-01 -8.941495e-04 -3.298766e+00 -4.163466e-03 8.873745e-04 9.999910e-01 2.112878e+01
9.999927e-01 -1.322167e-03 -3.589794e-03 4.315913e+01 1.322901e-03 9.999991e-01 2.019647e-04 -3.326006e+00 3.589546e-03 -2.067162e-04 9.999934e-01 2.123234e+01
9.999897e-01 1.596578e-03 4.240960e-03 4.342636e+01 -1.593683e-03 9.999985e-01 -6.861298e-04 -3.347161e+00 -4.242071e-03 6.793681e-04 9.999909e-01 2.132132e+01
9.999915e-01 -1.347165e-03 -3.908401e-03 4.367200e+01 1.347762e-03 9.999991e-01 1.499584e-04 -3.365710e+00 3.908217e-03 -1.552288e-04 9.999923e-01 2.134897e+01
9.999896e-01 1.526681e-03 4.301831e-03 4.403610e+01 -1.523714e-03 9.999986e-01 -6.930966e-04 -3.392802e+00 -4.302906e-03 6.865388e-04 9.999906e-01 2.144428e+01
9.999933e-01 -1.249121e-03 -3.434752e-03 4.438384e+01 1.249242e-03 9.999992e-01 3.295370e-05 -3.419196e+00 3.434730e-03 -3.724860e-05 9.999940e-01 2.157869e+01
9.999899e-01 1.328250e-03 4.293325e-03 4.480586e+01 -1.325289e-03 9.999989e-01 -6.924243e-04 -3.451249e+00 -4.294262e-03 6.867317e-04 9.999906e-01 2.172773e+01
9.999951e-01 -1.306812e-03 -2.849330e-03 4.526708e+01 1.306984e-03 9.999991e-01 5.842332e-05 -3.488121e+00 2.849274e-03 -6.215147e-05 9.999958e-01 2.198024e+01
9.999902e-01 1.400921e-03 4.199271e-03 4.572088e+01 -1.397691e-03 9.999987e-01 -7.721945e-04 -3.523480e+00 -4.200370e-03 7.663221e-04 9.999910e-01 2.220582e+01
9.999944e-01 -1.333860e-03 -3.068881e-03 4.612467e+01 1.334891e-03 9.999991e-01 3.337185e-04 -3.555814e+00 3.068456e-03 -3.378178e-04 9.999951e-01 2.242897e+01
9.999895e-01 1.500327e-03 4.339430e-03 4.645162e+01 -1.496969e-03 9.999986e-01 -7.771047e-04 -3.581787e+00 -4.340613e-03 7.706050e-04 9.999904e-01 2.263410e+01
9.999966e-01 -1.265228e-03 -2.297120e-03 4.677845e+01 1.266176e-03 9.999991e-01 4.107196e-04 -3.609388e+00 2.296621e-03 -4.136313e-04 9.999972e-01 2.292036e+01
9.999873e-01 1.298549e-03 4.879328e-03 4.717549e+01 -1.294792e-03 9.999989e-01 -7.730393e-04 -3.642864e+00 -4.880349e-03 7.667163e-04 9.999879e-01 2.328796e+01
9.999964e-01 -1.250923e-03 -2.389728e-03 4.763358e+01 1.251616e-03 9.999992e-01 2.881942e-04 -3.680696e+00 2.389389e-03 -2.911888e-04 9.999970e-01 2.365587e+01
9.999896e-01 1.322482e-03 4.360156e-03 4.807104e+01 -1.318889e-03 9.999988e-01 -8.269110e-04 -3.714856e+00 -4.361268e-03 8.211565e-04 9.999903e-01 2.394264e+01
9.999971e-01 -1.237070e-03 -2.071189e-03 4.850914e+01 1.237732e-03 9.999992e-01 3.178429e-04 -3.749726e+00 2.070818e-03 -3.204104e-04 9.999977e-01 2.426700e+01
9.999897e-01 1.365391e-03 4.331718e-03 4.889912e+01 -1.362340e-03 9.999988e-01 -7.074888e-04 -3.781818e+00 -4.332703e-03 7.015850e-04 9.999905e-01 2.458479e+01
9.999977e-01 -1.216254e-03 -1.741929e-03 4.930894e+01 1.216834e-03 9.999992e-01 3.316397e-04 -3.816043e+00 1.741548e-03 -3.337634e-04 9.999983e-01 2.495308e+01
9.999891e-01 1.334995e-03 4.475031e-03 4.973810e+01 -1.331882e-03 9.999989e-01 -6.986946e-04 -3.852145e+00 -4.475983e-03 6.927317e-04 9.999898e-01 2.535032e+01
9.999973e-01 -1.250436e-03 -1.965567e-03 5.018086e+01 1.251025e-03 9.999992e-01 2.981838e-04 -3.889515e+00 1.965218e-03 -3.006469e-04 9.999979e-01 2.572853e+01
9.999910e-01 1.263828e-03 4.049950e-03 5.063101e+01 -1.260749e-03 9.999989e-01 -7.629584e-04 -3.925482e+00 -4.050935e-03 7.578505e-04 9.999916e-01 2.603968e+01
9.999973e-01 -1.190682e-03 -1.984120e-03 5.110673e+01 1.191394e-03 9.999992e-01 3.572087e-04 -3.963300e+00 1.983718e-03 -3.595766e-04 9.999979e-01 2.635564e+01
9.999896e-01 1.236631e-03 4.392343e-03 5.158627e+01 -1.233201e-03 9.999989e-01 -7.837916e-04 -4.002122e+00 -4.393333e-03 7.783718e-04 9.999901e-01 2.671094e+01
9.999977e-01 -1.184287e-03 -1.799045e-03 5.204594e+01 1.184925e-03 9.999992e-01 3.530196e-04 -4.039620e+00 1.798652e-03 -3.551556e-04 9.999982e-01 2.705997e+01
9.999908e-01 1.345564e-03 4.079968e-03 5.246904e+01 -1.342208e-03 9.999988e-01 -8.252065e-04 -4.075793e+00 -4.081099e-03 8.197278e-04 9.999914e-01 2.740691e+01
9.999977e-01 -1.142963e-03 -1.799445e-03 5.280150e+01 1.143959e-03 9.999992e-01 5.525044e-04 -4.105115e+00 1.798838e-03 -5.545668e-04 9.999981e-01 2.773893e+01
9.999912e-01 1.356724e-03 3.961937e-03 5.312472e+01 -1.353427e-03 9.999987e-01 -8.349642e-04 -4.133163e+00 -3.963091e-03 8.295998e-04 9.999919e-01 2.804023e+01
9.999965e-01 -1.177041e-03 -2.349510e-03 5.342674e+01 1.178083e-03 9.999992e-01 4.417789e-04 -4.158178e+00 2.349014e-03 -4.445505e-04 9.999970e-01 2.827145e+01
9.999927e-01 1.447222e-03 3.545095e-03 5.369012e+01 -1.444339e-03 9.999986e-01 -8.158622e-04 -4.179902e+00 -3.546297e-03 8.107411e-04 9.999935e-01 2.844981e+01
9.999954e-01 -1.186495e-03 -2.804949e-03 5.392610e+01 1.187481e-03 9.999992e-01 3.495835e-04 -4.197347e+00 2.804558e-03 -3.529179e-04 9.999959e-01 2.852359e+01
9.999927e-01 1.571876e-03 3.471544e-03 5.411000e+01 -1.569505e-03 9.999985e-01 -6.855285e-04 -4.211473e+00 -3.472643e-03 6.800802e-04 9.999938e-01 2.860141e+01
9.999963e-01 -1.336667e-03 -2.386500e-03 5.437271e+01 1.337265e-03 9.999991e-01 2.486051e-04 -4.231744e+00 2.386192e-03 -2.518009e-04 9.999970e-01 2.871882e+01
9.999927e-01 1.546652e-03 3.485484e-03 5.471215e+01 -1.544290e-03 9.999986e-01 -6.805504e-04 -4.258514e+00 -3.486559e-03 6.751682e-04 9.999938e-01 2.890018e+01
9.999964e-01 -1.406145e-03 -2.282582e-03 5.514714e+01 1.406178e-03 9.999990e-01 1.233581e-05 -4.290101e+00 2.282590e-03 -1.555093e-05 9.999973e-01 2.906448e+01
9.999919e-01 1.437938e-03 3.754172e-03 5.571570e+01 -1.435628e-03 9.999988e-01 -6.182111e-04 -4.331987e+00 -3.755084e-03 6.128219e-04 9.999929e-01 2.930209e+01
9.999984e-01 -1.414973e-03 -1.095507e-03 5.626519e+01 1.415136e-03 9.999990e-01 1.480328e-04 -4.375266e+00 1.095324e-03 -1.495884e-04 9.999993e-01 2.969402e+01
9.999924e-01 1.397848e-03 3.650632e-03 5.679060e+01 -1.395470e-03 9.999988e-01 -6.540561e-04 -4.417136e+00 -3.651570e-03 6.489623e-04 9.999932e-01 3.007000e+01
9.999979e-01 -1.242920e-03 -1.611754e-03 5.720140e+01 1.243423e-03 9.999992e-01 3.103677e-04 -4.452298e+00 1.611395e-03 -3.123768e-04 9.999986e-01 3.040998e+01
9.999916e-01 1.520518e-03 3.803919e-03 5.748379e+01 -1.518834e-03 9.999987e-01 -4.456710e-04 -4.478165e+00 -3.804620e-03 4.398954e-04 9.999928e-01 3.068259e+01
9.999974e-01 -1.333145e-03 -1.827847e-03 5.784492e+01 1.333414e-03 9.999991e-01 1.456636e-04 -4.509058e+00 1.827679e-03 -1.481061e-04 9.999982e-01 3.097096e+01
9.999915e-01 1.435137e-03 3.872243e-03 5.834520e+01 -1.432605e-03 9.999988e-01 -6.566830e-04 -4.548827e+00 -3.873210e-03 6.511357e-04 9.999924e-01 3.129443e+01
9.999973e-01 -1.331342e-03 -1.910178e-03 5.885005e+01 1.331726e-03 9.999991e-01 1.992783e-04 -4.589469e+00 1.909939e-03 -2.018273e-04 9.999981e-01 3.162010e+01
9.999917e-01 1.444604e-03 3.814608e-03 5.935195e+01 -1.442312e-03 9.999988e-01 -6.038762e-04 -4.630116e+00 -3.815504e-03 5.983750e-04 9.999926e-01 3.193383e+01
9.999973e-01 -1.360781e-03 -1.897330e-03 5.986522e+01 1.360946e-03 9.999991e-01 8.512246e-05 -4.671515e+00 1.897241e-03 -8.771022e-05 9.999981e-01 3.225173e+01
9.999913e-01 1.388524e-03 3.944887e-03 6.051885e+01 -1.385511e-03 9.999987e-01 -7.666364e-04 -4.723362e+00 -3.945976e-03 7.611698e-04 9.999920e-01 3.261469e+01
9.999977e-01 -1.366865e-03 -1.664248e-03 6.117558e+01 1.367251e-03 9.999990e-01 2.302956e-04 -4.775736e+00 1.663961e-03 -2.325765e-04 9.999985e-01 3.301441e+01
9.999908e-01 1.427139e-03 4.033309e-03 6.173485e+01 -1.424606e-03 9.999988e-01 -6.308857e-04 -4.821009e+00 -4.034234e-03 6.251400e-04 9.999918e-01 3.338861e+01
9.999971e-01 -1.526796e-03 -1.866546e-03 6.236349e+01 1.527036e-03 9.999988e-01 1.265478e-04 -4.871001e+00 1.866380e-03 -1.294037e-04 9.999982e-01 3.375832e+01
9.999902e-01 1.418373e-03 4.190406e-03 6.307139e+01 -1.415966e-03 9.999988e-01 -5.773501e-04 -4.926757e+00 -4.191250e-03 5.714170e-04 9.999912e-01 3.417175e+01
9.999975e-01 -1.471146e-03 -1.667321e-03 6.371682e+01 1.471107e-03 9.999989e-01 -2.530765e-05 -4.978511e+00 1.667387e-03 2.284864e-05 9.999985e-01 3.457071e+01
9.999928e-01 1.454689e-03 3.518123e-03 6.444415e+01 -1.452182e-03 9.999987e-01 -7.152881e-04 -5.034440e+00 -3.519189e-03 7.101802e-04 9.999937e-01 3.490900e+01
9.999977e-01 -1.536328e-03 -1.471570e-03 6.520740e+01 1.536341e-03 9.999988e-01 7.527001e-06 -5.092767e+00 1.471587e-03 -9.794098e-06 9.999988e-01 3.527623e+01
9.999934e-01 1.460955e-03 3.320288e-03 6.589418e+01 -1.459061e-03 9.999988e-01 -5.730540e-04 -5.145374e+00 -3.321152e-03 5.682120e-04 9.999944e-01 3.561286e+01
9.999983e-01 -1.556194e-03 -1.035033e-03 6.656750e+01 1.556244e-03 9.999988e-01 4.625056e-05 -5.197776e+00 1.034990e-03 -4.786763e-05 9.999994e-01 3.599008e+01
9.999937e-01 1.555642e-03 3.196882e-03 6.689113e+01 -1.554741e-03 9.999988e-01 -2.844346e-04 -5.227331e+00 -3.197352e-03 2.794688e-04 9.999949e-01 3.630436e+01
9.999974e-01 -1.270218e-03 -1.915998e-03 6.696796e+01 1.270485e-03 9.999992e-01 1.374984e-04 -5.237903e+00 1.915853e-03 -1.399387e-04 9.999981e-01 3.644799e+01
9.999931e-01 1.495970e-03 3.413228e-03 6.707614e+01 -1.495061e-03 9.999988e-01 -2.691419e-04 -5.251310e+00 -3.413658e-03 2.640435e-04 9.999942e-01 3.664368e+01
9.999974e-01 -1.217442e-03 -1.939145e-03 6.723743e+01 1.217677e-03 9.999993e-01 1.197777e-04 -5.268661e+00 1.939029e-03 -1.221451e-04 9.999980e-01 3.685786e+01
9.999933e-01 1.444558e-03 3.371809e-03 6.744545e+01 -1.443130e-03 9.999989e-01 -4.262852e-04 -5.287571e+00 -3.372452e-03 4.214228e-04 9.999943e-01 3.704523e+01
9.999988e-01 -9.616633e-04 -1.245681e-03 6.758668e+01 9.619751e-04 9.999995e-01 2.489265e-04 -5.303455e+00 1.245473e-03 -2.501309e-04 9.999991e-01 3.729897e+01
9.999936e-01 1.252067e-03 3.364813e-03 6.778198e+01 -1.250113e-03 9.999990e-01 -5.829944e-04 -5.321523e+00 -3.365572e-03 5.787907e-04 9.999943e-01 3.755700e+01
9.999975e-01 -1.002429e-03 -2.015569e-03 6.801084e+01 1.003109e-03 9.999994e-01 3.360978e-04 -5.341943e+00 2.015264e-03 -3.381253e-04 9.999978e-01 3.775750e+01
9.999936e-01 1.274870e-03 3.352608e-03 6.823756e+01 -1.272940e-03 9.999990e-01 -5.781167e-04 -5.362557e+00 -3.353374e-03 5.738518e-04 9.999943e-01 3.796659e+01
9.999978e-01 -9.906041e-04 -1.843047e-03 6.844948e+01 9.911602e-04 9.999995e-01 3.002551e-04 -5.383205e+00 1.842781e-03 -3.020878e-04 9.999982e-01 3.819698e+01
9.999951e-01 1.186699e-03 2.913680e-03 6.868951e+01 -1.184875e-03 9.999991e-01 -6.278831e-04 -5.405020e+00 -2.914455e-03 6.244342e-04 9.999957e-01 3.838908e+01
9.999973e-01 -9.733382e-04 -2.107557e-03 6.892783e+01 9.738532e-04 9.999995e-01 2.427901e-04 -5.424974e+00 2.107352e-03 -2.448485e-04 9.999977e-01 3.852258e+01
9.999957e-01 1.138502e-03 2.720645e-03 6.927763e+01 -1.136261e-03 9.999990e-01 -8.253999e-04 -5.451245e+00 -2.721614e-03 8.223116e-04 9.999961e-01 3.861708e+01
9.999977e-01 -9.604383e-04 -1.940041e-03 6.954966e+01 9.612469e-04 9.999995e-01 4.153252e-04 -5.473769e+00 1.939674e-03 -4.171958e-04 9.999979e-01 3.876080e+01
9.999952e-01 1.197113e-03 2.860755e-03 6.972927e+01 -1.194628e-03 9.999989e-01 -8.706243e-04 -5.489306e+00 -2.861827e-03 8.672093e-04 9.999956e-01 3.884223e+01
9.999977e-01 -9.175152e-04 -1.922287e-03 6.993296e+01 9.185886e-04 9.999994e-01 5.569964e-04 -5.507500e+00 1.921808e-03 -5.587677e-04 9.999979e-01 3.896880e+01
9.999960e-01 1.123881e-03 2.611602e-03 7.019188e+01 -1.121256e-03 9.999989e-01 -1.006956e-03 -5.528321e+00 -2.612764e-03 1.004031e-03 9.999962e-01 3.909523e+01
9.999982e-01 -8.881982e-04 -1.657829e-03 7.038295e+01 8.893280e-04 9.999994e-01 6.801731e-04 -5.544647e+00 1.657257e-03 -6.816531e-04 9.999983e-01 3.920594e+01
9.999964e-01 1.089149e-03 2.441492e-03 7.065782e+01 -1.086347e-03 9.999987e-01 -1.149181e-03 -5.566112e+00 -2.442774e-03 1.146532e-03 9.999965e-01 3.933475e+01
9.999988e-01 -9.564001e-04 -1.226027e-03 7.101607e+01 9.572699e-04 9.999993e-01 7.079973e-04 -5.594732e+00 1.225383e-03 -7.091770e-04 9.999989e-01 3.955306e+01
9.999958e-01 1.260385e-03 2.614566e-03 7.115450e+01 -1.258056e-03 9.999988e-01 -8.927045e-04 -5.609906e+00 -2.615722e-03 8.894183e-04 9.999963e-01 3.973902e+01
9.999986e-01 -8.981858e-04 -1.378918e-03 7.130084e+01 8.990576e-04 9.999994e-01 6.308921e-04 -5.623882e+00 1.378384e-03 -6.321379e-04 9.999988e-01 3.986477e+01
9.999965e-01 1.087175e-03 2.406557e-03 7.166142e+01 -1.084270e-03 9.999987e-01 -1.208750e-03 -5.651819e+00 -2.407902e-03 1.206144e-03 9.999965e-01 4.003299e+01
9.999981e-01 -8.751430e-04 -1.765328e-03 7.202650e+01 8.762995e-04 9.999994e-01 6.537567e-04 -5.679400e+00 1.764789e-03 -6.553094e-04 9.999981e-01 4.016752e+01
9.999954e-01 1.069556e-03 2.845910e-03 7.237663e+01 -1.066506e-03 9.999989e-01 -1.073426e-03 -5.707734e+00 -2.847088e-03 1.070393e-03 9.999955e-01 4.036147e+01
9.999987e-01 -8.919173e-04 -1.361456e-03 7.275116e+01 8.927659e-04 9.999994e-01 6.219225e-04 -5.737568e+00 1.360934e-03 -6.231442e-04 9.999988e-01 4.059781e+01
9.999945e-01 9.121547e-04 3.188243e-03 7.324197e+01 -9.081146e-04 9.999988e-01 -1.268779e-03 -5.775541e+00 -3.189431e-03 1.265884e-03 9.999942e-01 4.088553e+01
9.999987e-01 -8.388311e-04 -1.372545e-03 7.373719e+01 8.397306e-04 9.999994e-01 6.539583e-04 -5.813638e+00 1.372030e-03 -6.551173e-04 9.999987e-01 4.116922e+01
9.999948e-01 8.058494e-04 3.132526e-03 7.423619e+01 -8.015632e-04 9.999987e-01 -1.369714e-03 -5.852426e+00 -3.133660e-03 1.367203e-03 9.999943e-01 4.145127e+01
9.999980e-01 -6.818190e-04 -1.902983e-03 7.466433e+01 6.833371e-04 9.999994e-01 7.964826e-04 -5.885962e+00 1.902474e-03 -7.977887e-04 9.999978e-01 4.166095e+01
9.999968e-01 8.392904e-04 2.367616e-03 7.501747e+01 -8.360143e-04 9.999987e-01 -1.384906e-03 -5.912854e+00 -2.368810e-03 1.382930e-03 9.999963e-01 4.175451e+01
9.999986e-01 -6.910792e-04 -1.514441e-03 7.545931e+01 6.921399e-04 9.999995e-01 6.990326e-04 -5.946561e+00 1.513992e-03 -7.000873e-04 9.999985e-01 4.193361e+01
9.999956e-01 8.498022e-04 2.845538e-03 7.591948e+01 -8.457626e-04 9.999986e-01 -1.420998e-03 -5.981258e+00 -2.846777e-03 1.418592e-03 9.999950e-01 4.215072e+01
9.999976e-01 -6.473824e-04 -2.080435e-03 7.625521e+01 6.493337e-04 9.999994e-01 9.367029e-04 -6.007398e+00 2.079862e-03 -9.380591e-04 9.999973e-01 4.230354e+01
9.999934e-01 9.149579e-04 3.524055e-03 7.653362e+01 -9.104238e-04 9.999988e-01 -1.288396e-03 -6.032577e+00 -3.525265e-03 1.285186e-03 9.999931e-01 4.254837e+01
9.999971e-01 -8.406587e-04 -2.252707e-03 7.687514e+01 8.424971e-04 9.999993e-01 8.146174e-04 -6.061819e+00 2.252056e-03 -8.165206e-04 9.999970e-01 4.279019e+01
9.999891e-01 8.573295e-04 4.595620e-03 7.741836e+01 -8.505629e-04 9.999986e-01 -1.474461e-03 -6.104816e+00 -4.596913e-03 1.470543e-03 9.999884e-01 4.315674e+01
9.999965e-01 -8.463632e-04 -2.494796e-03 7.800324e+01 8.483526e-04 9.999993e-01 7.958651e-04 -6.151515e+00 2.494156e-03 -7.979865e-04 9.999965e-01 4.350980e+01
9.999923e-01 7.430390e-04 3.844255e-03 7.866893e+01 -7.369168e-04 9.999985e-01 -1.594098e-03 -6.203290e+00 -3.845469e-03 1.591261e-03 9.999914e-01 4.379373e+01
9.999974e-01 -7.628222e-04 -2.154930e-03 7.926117e+01 7.649070e-04 9.999992e-01 9.661055e-04 -6.250215e+00 2.154227e-03 -9.677592e-04 9.999971e-01 4.410993e+01
9.999933e-01 8.570541e-04 3.546776e-03 7.967341e+01 -8.518461e-04 9.999986e-01 -1.470037e-03 -6.284215e+00 -3.548066e-03 1.467014e-03 9.999927e-01 4.436660e+01
9.999973e-01 -8.087596e-04 -2.156677e-03 8.000583e+01 8.110581e-04 9.999991e-01 1.064396e-03 -6.312932e+00 2.155851e-03 -1.066150e-03 9.999970e-01 4.460323e+01
9.999938e-01 9.636462e-04 3.382793e-03 8.034560e+01 -9.586543e-04 9.999984e-01 -1.477427e-03 -6.340347e+00 -3.384247e-03 1.474183e-03 9.999933e-01 4.480755e+01
9.999972e-01 -8.172053e-04 -2.210936e-03 8.068293e+01 8.193564e-04 9.999992e-01 9.714946e-04 -6.367963e+00 2.210176e-03 -9.733115e-04 9.999970e-01 4.500507e+01
9.999902e-01 1.008114e-03 4.303810e-03 8.104265e+01 -1.002461e-03 9.999986e-01 -1.315799e-03 -6.400037e+00 -4.305167e-03 1.311480e-03 9.999900e-01 4.533523e+01
9.999951e-01 -9.631927e-04 -2.973410e-03 8.141437e+01 9.655251e-04 9.999992e-01 7.825423e-04 -6.431098e+00 2.972690e-03 -7.854176e-04 9.999952e-01 4.556012e+01
9.999915e-01 1.237824e-03 3.925508e-03 8.161777e+01 -1.234017e-03 9.999988e-01 -9.724774e-04 -6.451010e+00 -3.926744e-03 9.676331e-04 9.999919e-01 4.575690e+01
9.999949e-01 -1.011866e-03 -3.041346e-03 8.180836e+01 1.013863e-03 9.999993e-01 6.546318e-04 -6.467708e+00 3.040718e-03 -6.577201e-04 9.999951e-01 4.587720e+01
9.999887e-01 1.384674e-03 4.555952e-03 8.197515e+01 -1.381365e-03 9.999988e-01 -7.296766e-04 -6.485512e+00 -4.556993e-03 7.233830e-04 9.999895e-01 4.611431e+01
9.999950e-01 -1.193078e-03 -2.919683e-03 8.216979e+01 1.194628e-03 9.999991e-01 5.287117e-04 -6.505487e+00 2.919087e-03 -5.322052e-04 9.999955e-01 4.636687e+01
9.999844e-01 1.597901e-03 5.356761e-03 8.240441e+01 -1.594284e-03 9.999985e-01 -6.796713e-04 -6.529626e+00 -5.357877e-03 6.711286e-04 9.999855e-01 4.671059e+01
9.999947e-01 -1.300494e-03 -2.987267e-03 8.260999e+01 1.301977e-03 9.999990e-01 4.939700e-04 -6.554279e+00 2.986660e-03 -4.978650e-04 9.999953e-01 4.707390e+01
9.999880e-01 1.479274e-03 4.672831e-03 8.294256e+01 -1.475305e-03 9.999985e-01 -8.532120e-04 -6.583369e+00 -4.674124e-03 8.463162e-04 9.999888e-01 4.734939e+01
9.999958e-01 -1.420748e-03 -2.544133e-03 8.339334e+01 1.421869e-03 9.999989e-01 4.381983e-04 -6.621437e+00 2.543546e-03 -4.418222e-04 9.999966e-01 4.770993e+01
9.999874e-01 1.492729e-03 4.787725e-03 8.379670e+01 -1.488656e-03 9.999985e-01 -8.543980e-04 -6.656335e+00 -4.789032e-03 8.472683e-04 9.999883e-01 4.805621e+01
9.999950e-01 -1.447082e-03 -2.826262e-03 8.423136e+01 1.448217e-03 9.999989e-01 3.989916e-04 -6.690976e+00 2.825720e-03 -4.030910e-04 9.999958e-01 4.835631e+01
9.999873e-01 1.594919e-03 4.779495e-03 8.463267e+01 -1.590949e-03 9.999984e-01 -8.346417e-04 -6.723669e+00 -4.780857e-03 8.270355e-04 9.999883e-01 4.866024e+01
9.999948e-01 -1.449855e-03 -2.892617e-03 8.498832e+01 1.450930e-03 9.999989e-01 3.688885e-04 -6.753849e+00 2.892117e-03 -3.730920e-04 9.999957e-01 4.895276e+01
9.999892e-01 1.585339e-03 4.374018e-03 8.544483e+01 -1.580932e-03 9.999982e-01 -1.011224e-03 -6.789438e+00 -4.375652e-03 1.004306e-03 9.999900e-01 4.919610e+01
9.999943e-01 -1.502560e-03 -3.021996e-03 8.592778e+01 1.503803e-03 9.999988e-01 4.085431e-04 -6.825724e+00 3.021417e-03 -4.130938e-04 9.999953e-01 4.942835e+01
9.999890e-01 1.648320e-03 4.401318e-03 8.628900e+01 -1.644478e-03 9.999983e-01 -8.769205e-04 -6.854451e+00 -4.402795e-03 8.696815e-04 9.999900e-01 4.965006e+01
9.999921e-01 -1.426270e-03 -3.700586e-03 8.662808e+01 1.427232e-03 9.999989e-01 2.567541e-04 -6.879709e+00 3.700255e-03 -2.620423e-04 9.999930e-01 4.975802e+01
9.999897e-01 1.641010e-03 4.243705e-03 8.701712e+01 -1.636873e-03 9.999982e-01 -9.786702e-04 -6.907810e+00 -4.245343e-03 9.717223e-04 9.999906e-01 4.983289e+01
9.999923e-01 -1.428613e-03 -3.640306e-03 8.739284e+01 1.429702e-03 9.999989e-01 2.960120e-04 -6.934562e+00 3.639918e-03 -3.012230e-04 9.999932e-01 4.990675e+01
9.999890e-01 1.637752e-03 4.401582e-03 8.778230e+01 -1.633376e-03 9.999982e-01 -9.978831e-04 -6.963056e+00 -4.403247e-03 9.906915e-04 9.999899e-01 5.000875e+01
9.999925e-01 -1.589634e-03 -3.521532e-03 8.818121e+01 1.590790e-03 9.999987e-01 3.249927e-04 -6.993060e+00 3.521051e-03 -3.306012e-04 9.999937e-01 5.013695e+01
9.999890e-01 1.764157e-03 4.340914e-03 8.861704e+01 -1.759445e-03 9.999979e-01 -1.089649e-03 -7.024785e+00 -4.342866e-03 1.082008e-03 9.999901e-01 5.027123e+01
9.999928e-01 -1.606714e-03 -3.433890e-03 8.907613e+01 1.607801e-03 9.999987e-01 3.130575e-04 -7.057675e+00 3.433422e-03 -3.185853e-04 9.999940e-01 5.040250e+01
9.999891e-01 1.728103e-03 4.342882e-03 8.952753e+01 -1.723722e-03 9.999980e-01 -1.012810e-03 -7.090993e+00 -4.344664e-03 1.005322e-03 9.999902e-01 5.053606e+01
9.999944e-01 -1.568425e-03 -2.942447e-03 8.997277e+01 1.569567e-03 9.999987e-01 3.854367e-04 -7.125417e+00 2.941879e-03 -3.900621e-04 9.999955e-01 5.076191e+01
9.999889e-01 1.646347e-03 4.417706e-03 9.037920e+01 -1.642071e-03 9.999982e-01 -9.719139e-04 -7.157849e+00 -4.419338e-03 9.646581e-04 9.999899e-01 5.098104e+01
9.999928e-01 -1.575192e-03 -3.452771e-03 9.083658e+01 1.575995e-03 9.999987e-01 2.292640e-04 -7.193527e+00 3.452445e-03 -2.347132e-04 9.999939e-01 5.116251e+01
9.999866e-01 1.761254e-03 4.876557e-03 9.140262e+01 -1.756483e-03 9.999980e-01 -9.830418e-04 -7.234256e+00 -4.878319e-03 9.744723e-04 9.999877e-01 5.136341e+01
9.999941e-01 -1.546938e-03 -3.053673e-03 9.181543e+01 1.548290e-03 9.999987e-01 4.397794e-04 -7.267865e+00 3.053029e-03 -4.445142e-04 9.999951e-01 5.165308e+01
9.999859e-01 1.561916e-03 5.080908e-03 9.221256e+01 -1.557200e-03 9.999984e-01 -9.324375e-04 -7.299954e+00 -5.082397e-03 9.245217e-04 9.999868e-01 5.194040e+01
9.999907e-01 -1.427502e-03 -4.072483e-03 9.265844e+01 1.428597e-03 9.999989e-01 2.655297e-04 -7.332820e+00 4.072140e-03 -2.713547e-04 9.999916e-01 5.211614e+01
9.999819e-01 1.745399e-03 5.750433e-03 9.295137e+01 -1.743227e-03 9.999984e-01 -3.830223e-04 -7.358234e+00 -5.751133e-03 3.730005e-04 9.999835e-01 5.239857e+01
9.999889e-01 -1.513370e-03 -4.452747e-03 9.314509e+01 1.513566e-03 9.999989e-01 4.038389e-05 -7.375917e+00 4.452722e-03 -4.713249e-05 9.999900e-01 5.254903e+01
9.999856e-01 1.685526e-03 5.094053e-03 9.347464e+01 -1.682068e-03 9.999984e-01 -6.832603e-04 -7.400052e+00 -5.095237e-03 6.746914e-04 9.999869e-01 5.255792e+01
9.999914e-01 -1.472556e-03 -3.864113e-03 9.374326e+01 1.474297e-03 9.999988e-01 4.471454e-04 -7.423966e+00 3.863491e-03 -4.528481e-04 9.999923e-01 5.276308e+01
9.999863e-01 1.594589e-03 4.985432e-03 9.402256e+01 -1.589979e-03 9.999983e-01 -9.289584e-04 -7.449340e+00 -4.986946e-03 9.210286e-04 9.999872e-01 5.296822e+01
9.999915e-01 -1.425924e-03 -3.859802e-03 9.440713e+01 1.427365e-03 9.999989e-01 3.700166e-04 -7.479092e+00 3.859311e-03 -3.755325e-04 9.999924e-01 5.314554e+01
9.999886e-01 1.649756e-03 4.478059e-03 9.467568e+01 -1.646091e-03 9.999983e-01 -8.224228e-04 -7.499696e+00 -4.479450e-03 8.150518e-04 9.999897e-01 5.324881e+01
9.999919e-01 -1.565228e-03 -3.716576e-03 9.493577e+01 1.566591e-03 9.999987e-01 3.632136e-04 -7.519801e+00 3.716044e-03 -3.690427e-04 9.999929e-01 5.334865e+01
9.999865e-01 1.758012e-03 4.889603e-03 9.512363e+01 -1.755588e-03 9.999983e-01 -5.003399e-04 -7.538588e+00 -4.890516e-03 4.917588e-04 9.999880e-01 5.355407e+01
9.999938e-01 -1.397225e-03 -3.224392e-03 9.519266e+01 1.398327e-03 9.999990e-01 3.389820e-04 -7.549663e+00 3.223957e-03 -3.434984e-04 9.999946e-01 5.375275e+01
9.999832e-01 1.929699e-03 5.469247e-03 9.534792e+01 -1.925578e-03 9.999979e-01 -7.589463e-04 -7.565417e+00 -5.470742e-03 7.484118e-04 9.999849e-01 5.398998e+01
9.999869e-01 -1.578692e-03 -4.876573e-03 9.568307e+01 1.579243e-03 9.999987e-01 1.087923e-04 -7.589395e+00 4.876437e-03 -1.165020e-04 9.999880e-01 5.402224e+01
9.999836e-01 1.926308e-03 5.399751e-03 9.620147e+01 -1.921022e-03 9.999977e-01 -9.843582e-04 -7.621476e+00 -5.401676e-03 9.739788e-04 9.999850e-01 5.400616e+01
9.999860e-01 -1.670378e-03 -5.011303e-03 9.674649e+01 1.670251e-03 9.999986e-01 -2.999550e-05 -7.654165e+00 5.011388e-03 2.161493e-05 9.999873e-01 5.392425e+01
9.999854e-01 1.837496e-03 5.080991e-03 9.721605e+01 -1.833684e-03 9.999980e-01 -7.550801e-04 -7.684810e+00 -5.082411e-03 7.457621e-04 9.999869e-01 5.387795e+01
9.999871e-01 -1.683639e-03 -4.786317e-03 9.785280e+01 1.681544e-03 9.999985e-01 -4.421804e-04 -7.727987e+00 4.787096e-03 4.341161e-04 9.999884e-01 5.393353e+01
9.999830e-01 1.581277e-03 5.613498e-03 9.876961e+01 -1.576631e-03 9.999984e-01 -8.322536e-04 -7.791252e+00 -5.614847e-03 8.233993e-04 9.999840e-01 5.412353e+01
9.999880e-01 -1.561311e-03 -4.653154e-03 9.959761e+01 1.559924e-03 9.999987e-01 -3.020990e-04 -7.849331e+00 4.653662e-03 2.948264e-04 9.999890e-01 5.433597e+01
9.999834e-01 1.550790e-03 5.551949e-03 1.004597e+02 -1.545656e-03 9.999984e-01 -9.293275e-04 -7.906603e+00 -5.553423e-03 9.207411e-04 9.999843e-01 5.448934e+01
9.999886e-01 -1.616559e-03 -4.487747e-03 1.012505e+02 1.616587e-03 9.999987e-01 2.253445e-06 -7.963969e+00 4.487780e-03 -9.518878e-06 9.999898e-01 5.473377e+01
9.999831e-01 1.689825e-03 5.563063e-03 1.017802e+02 -1.685207e-03 9.999982e-01 -8.350027e-04 -8.002272e+00 -5.564507e-03 8.256244e-04 9.999843e-01 5.488479e+01
9.999878e-01 -1.510266e-03 -4.698607e-03 1.021519e+02 1.513171e-03 9.999987e-01 6.141726e-04 -8.033476e+00 4.697716e-03 -6.212857e-04 9.999887e-01 5.509965e+01
9.999775e-01 1.427563e-03 6.553004e-03 1.026616e+02 -1.419054e-03 9.999981e-01 -1.303273e-03 -8.071961e+00 -6.554895e-03 1.293956e-03 9.999778e-01 5.534417e+01
9.999790e-01 -1.277045e-03 -6.357545e-03 1.034861e+02 1.276127e-03 9.999992e-01 -1.489047e-04 -8.125670e+00 6.357773e-03 1.407776e-04 9.999797e-01 5.539249e+01
9.999781e-01 1.476796e-03 6.445775e-03 1.042509e+02 -1.469172e-03 9.999982e-01 -1.187761e-03 -8.174443e+00 -6.447561e-03 1.178276e-03 9.999786e-01 5.538572e+01
9.999795e-01 -1.530356e-03 -6.220366e-03 1.049974e+02 1.531463e-03 9.999988e-01 1.727436e-04 -8.224594e+00 6.220137e-03 -1.822774e-04 9.999805e-01 5.547677e+01
9.999751e-01 1.522216e-03 6.891666e-03 1.056015e+02 -1.516826e-03 9.999985e-01 -7.876275e-04 -8.269783e+00 -6.892897e-03 7.771656e-04 9.999760e-01 5.569026e+01
9.999818e-01 -1.323158e-03 -5.877211e-03 1.060318e+02 1.325002e-03 9.999991e-01 3.093994e-04 -8.302831e+00 5.876839e-03 -3.171923e-04 9.999826e-01 5.587917e+01
9.999805e-01 1.510983e-03 6.059332e-03 1.065462e+02 -1.503276e-03 9.999981e-01 -1.276765e-03 -8.339042e+00 -6.061293e-03 1.267643e-03 9.999809e-01 5.590323e+01
9.999804e-01 -1.497681e-03 -6.070402e-03 1.073766e+02 1.497291e-03 9.999989e-01 -6.928943e-05 -8.393362e+00 6.070542e-03 6.018748e-05 9.999815e-01 5.587828e+01
9.999806e-01 1.615015e-03 6.019593e-03 1.082780e+02 -1.606125e-03 9.999976e-01 -1.481833e-03 -8.451665e+00 -6.022015e-03 1.472148e-03 9.999809e-01 5.583689e+01
9.999799e-01 -1.761056e-03 -6.086946e-03 1.089346e+02 1.765988e-03 9.999981e-01 8.045399e-04 -8.497295e+00 6.085561e-03 -8.152848e-04 9.999811e-01 5.593763e+01
