9.999988e-01 1.472915e-04 1.539304e-03 3.742401e-01 -1.466851e-04 9.999999e-01 -3.940671e-04 -3.091262e-02 -1.539362e-03 3.938404e-04 9.999988e-01 2.595935e-01
9.999994e-01 -7.256434e-05 1.058360e-03 8.899171e-01 7.261109e-05 1.000000e+00 -4.412486e-05 -7.218196e-02 -1.058356e-03 4.420208e-05 9.999993e-01 6.219572e-01
9.999997e-01 1.132619e-04 7.131009e-04 1.363651e+00 -1.129461e-04 9.999999e-01 -4.429604e-04 -1.107461e-01 -7.131516e-04 4.428794e-04 9.999997e-01 9.379569e-01
9.999990e-01 -2.919207e-04 1.378122e-03 1.939074e+00 2.920004e-04 1.000000e+00 -5.762057e-05 -1.577422e-01 -1.378104e-03 5.802322e-05 9.999989e-01 1.298165e+00
9.999999e-01 3.167312e-04 1.562133e-04 2.374907e+00 -3.166507e-04 9.999998e-01 -5.150016e-04 -1.922935e-01 -1.563774e-04 5.149519e-04 1.000000e+00 1.550039e+00
9.999995e-01 -1.494967e-04 9.689565e-04 2.713285e+00 1.495125e-04 1.000000e+00 -1.620969e-05 -2.195565e-01 -9.689529e-04 1.635474e-05 9.999994e-01 1.743284e+00
9.999999e-01 2.768284e-04 -1.857950e-04 3.033850e+00 -2.769194e-04 9.999998e-01 -4.901272e-04 -2.441089e-01 1.856581e-04 4.901785e-04 1.000000e+00 1.877260e+00
9.999995e-01 -1.550346e-04 1.033564e-03 3.420832e+00 1.550688e-04 1.000000e+00 -3.292862e-05 -2.749388e-01 -1.033558e-03 3.308896e-05 9.999994e-01 2.055214e+00
9.999999e-01 3.155641e-04 -6.532050e-05 3.762554e+00 -3.155957e-04 9.999998e-01 -4.842838e-04 -3.021053e-01 6.516630e-05 4.843044e-04 1.000000e+00 2.234841e+00
9.999993e-01 -1.971650e-04 1.165001e-03 4.181025e+00 1.974086e-04 1.000000e+00 -2.089436e-04 -3.342632e-01 -1.164959e-03 2.091734e-04 9.999992e-01 2.410006e+00
9.999996e-01 3.613410e-04 -7.630732e-04 4.610844e+00 -3.617869e-04 9.999998e-01 -5.842006e-04 -3.646460e-01 7.628604e-04 5.844766e-04 9.999996e-01 2.468992e+00
9.999966e-01 8.892638e-05 2.589107e-03 4.921518e+00 -8.961659e-05 1.000000e+00 2.664740e-04 -3.884271e-01 -2.589082e-03 -2.667053e-04 9.999965e-01 2.686946e+00
9.999983e-01 -6.204931e-05 1.852160e-03 5.000424e+00 6.265554e-05 9.999999e-01 -3.272641e-04 -4.044553e-01 -1.852142e-03 3.273797e-04 9.999983e-01 3.138952e+00
9.999996e-01 3.245125e-04 8.285161e-04 5.131799e+00 -3.248489e-04 9.999999e-01 4.059779e-04 -4.222880e-01 -8.283819e-04 -4.062470e-04 9.999995e-01 3.502659e+00
9.999994e-01 2.924665e-05 1.135572e-03 5.412145e+00 -2.834360e-05 9.999997e-01 -7.952567e-04 -4.458355e-01 -1.135598e-03 7.952241e-04 9.999991e-01 3.755943e+00
9.999999e-01 1.118508e-04 4.146478e-04 5.588878e+00 -1.120214e-04 9.999999e-01 4.114455e-04 -4.626414e-01 -4.145989e-04 -4.114922e-04 9.999997e-01 3.904898e+00
9.999968e-01 5.714157e-04 2.468008e-03 5.736402e+00 -5.706487e-04 9.999998e-01 -3.114631e-04 -4.815697e-01 -2.468188e-03 3.100539e-04 9.999970e-01 4.230709e+00
9.999919e-01 -7.705652e-04 3.960418e-03 6.295196e+00 7.700022e-04 9.999997e-01 1.436834e-04 -5.379094e-01 -3.960524e-03 -1.406329e-04 9.999920e-01 5.112509e+00
9.999992e-01 7.819695e-04 9.703127e-04 6.855932e+00 -7.817817e-04 9.999997e-01 -1.938950e-04 -5.996361e-01 -9.704682e-04 1.931365e-04 9.999996e-01 5.936457e+00
9.999997e-01 -6.626425e-04 -2.779598e-04 7.327325e+00 6.624814e-04 9.999996e-01 -5.792867e-04 -6.330087e-01 2.783478e-04 5.791021e-04 9.999997e-01 6.025913e+00
9.999992e-01 8.975938e-04 8.385334e-04 7.772810e+00 -8.972992e-04 9.999995e-01 -3.515931e-04 -6.622162e-01 -8.388530e-04 3.508408e-04 9.999997e-01 6.019248e+00
9.999994e-01 -9.094450e-04 -5.511351e-04 8.314036e+00 9.091994e-04 9.999995e-01 -4.458121e-04 -7.002866e-01 5.515446e-04 4.453103e-04 9.999996e-01 6.068037e+00
9.999991e-01 1.020024e-03 8.523224e-04 8.831943e+00 -1.019747e-03 9.999994e-01 -3.256634e-04 -7.375361e-01 -8.526585e-04 3.247945e-04 9.999997e-01 6.156728e+00
9.999994e-01 -9.755066e-04 -4.635793e-04 9.287661e+00 9.753235e-04 9.999994e-01 -3.952320e-04 -7.716385e-01 4.639691e-04 3.947790e-04 9.999997e-01 6.246022e+00
9.999991e-01 1.087163e-03 8.238095e-04 9.708157e+00 -1.086938e-03 9.999994e-01 -2.742578e-04 -8.027485e-01 -8.241116e-04 2.733628e-04 9.999997e-01 6.334706e+00
9.999996e-01 -8.072020e-04 -3.052909e-04 1.003525e+01 8.070745e-04 9.999996e-01 -4.177070e-04 -8.253930e-01 3.056324e-04 4.174597e-04 9.999998e-01 6.360106e+00
9.999993e-01 9.799480e-04 5.927591e-04 1.043573e+01 -9.798179e-04 9.999995e-01 -2.197585e-04 -8.541894e-01 -5.929787e-04 2.191784e-04 9.999999e-01 6.393561e+00
9.999996e-01 -8.291152e-04 -1.699661e-04 1.087682e+01 8.290144e-04 9.999995e-01 -5.925952e-04 -8.850330e-01 1.704619e-04 5.924532e-04 9.999997e-01 6.428414e+00
9.999995e-01 9.217137e-04 3.747754e-04 1.138231e+01 -9.215908e-04 9.999995e-01 -3.280361e-04 -9.196798e-01 -3.750821e-04 3.276916e-04 1.000000e+00 6.430429e+00
9.999997e-01 -7.463848e-04 -8.636563e-05 1.187979e+01 7.463364e-04 9.999996e-01 -5.603506e-04 -9.537018e-01 8.678845e-05 5.602849e-04 9.999997e-01 6.456549e+00
9.999995e-01 8.265006e-04 5.338126e-04 1.230307e+01 -8.264598e-04 9.999997e-01 -7.655708e-05 -9.838714e-01 -5.338803e-04 7.611702e-05 1.000000e+00 6.506123e+00
9.999997e-01 -7.056437e-04 -5.854623e-05 1.267198e+01 7.056113e-04 9.999996e-01 -5.522347e-04 -1.010920e+00 5.894060e-05 5.521920e-04 9.999997e-01 6.561198e+00
9.999996e-01 8.061138e-04 4.516736e-04 1.306919e+01 -8.060551e-04 9.999997e-01 -1.302523e-04 -1.039058e+00 -4.517832e-04 1.298895e-04 1.000000e+00 6.595100e+00
9.999997e-01 -7.278855e-04 -1.524875e-05 1.349402e+01 7.278779e-04 9.999996e-01 -5.000405e-04 -1.070701e+00 1.561751e-05 5.000279e-04 9.999998e-01 6.692253e+00
9.999994e-01 8.917698e-04 5.625090e-04 1.381283e+01 -8.917929e-04 9.999996e-01 4.070511e-05 -1.095017e+00 -5.624773e-04 -4.120534e-05 9.999999e-01 6.796129e+00
9.999997e-01 -7.080059e-04 -1.364511e-04 1.417962e+01 7.079086e-04 9.999995e-01 -7.125246e-04 -1.122749e+00 1.369604e-04 7.124264e-04 9.999996e-01 6.886251e+00
9.999995e-01 8.035532e-04 6.519978e-04 1.460880e+01 -8.035753e-04 9.999997e-01 3.348447e-05 -1.153763e+00 -6.519757e-04 -3.400685e-05 9.999999e-01 6.989767e+00
9.999997e-01 -7.284288e-04 3.132164e-05 1.504534e+01 7.284503e-04 9.999995e-01 -6.915428e-04 -1.186379e+00 -3.081287e-05 6.915639e-04 9.999997e-01 7.133501e+00
9.999994e-01 8.940192e-04 7.008545e-04 1.536088e+01 -8.941418e-04 9.999996e-01 1.744656e-04 -1.211784e+00 -7.007033e-04 -1.750905e-04 9.999998e-01 7.262219e+00
9.999998e-01 -6.616105e-04 2.005415e-04 1.560915e+01 6.617086e-04 9.999997e-01 -4.891459e-04 -1.231921e+00 -2.002126e-04 4.892768e-04 9.999998e-01 7.407870e+00
9.999992e-01 8.367397e-04 9.240995e-04 1.586078e+01 -8.368302e-04 9.999996e-01 9.742988e-05 -1.254105e+00 -9.240229e-04 -9.820140e-05 9.999997e-01 7.580396e+00
9.999997e-01 -6.364136e-04 -3.906879e-04 1.618485e+01 6.361589e-04 9.999996e-01 -6.520019e-04 -1.278058e+00 3.911081e-04 6.517514e-04 9.999996e-01 7.652658e+00
9.999992e-01 8.165224e-04 9.490958e-04 1.650664e+01 -8.165727e-04 9.999997e-01 5.252321e-05 -1.300519e+00 -9.490580e-04 -5.329635e-05 9.999996e-01 7.673142e+00
9.999997e-01 -6.618789e-04 -3.727281e-04 1.696453e+01 6.615827e-04 9.999995e-01 -7.943808e-04 -1.332521e+00 3.732592e-04 7.941320e-04 9.999995e-01 7.761302e+00
9.999992e-01 7.769556e-04 9.651553e-04 1.734600e+01 -7.771901e-04 9.999997e-01 2.425765e-04 -1.361146e+00 -9.649721e-04 -2.433245e-04 9.999996e-01 7.887630e+00
9.999997e-01 -5.746426e-04 -4.835858e-04 1.760293e+01 5.743107e-04 9.999996e-01 -6.864369e-04 -1.381784e+00 4.839857e-04 6.861570e-04 9.999995e-01 7.973633e+00
9.999989e-01 8.499833e-04 1.216318e-03 1.777145e+01 -8.503838e-04 9.999996e-01 3.287033e-04 -1.396087e+00 -1.216044e-03 -3.297353e-04 9.999993e-01 8.048831e+00
9.999997e-01 -6.113382e-04 -5.543112e-04 1.803279e+01 6.109114e-04 9.999995e-01 -7.699215e-04 -1.416911e+00 5.547874e-04 7.695805e-04 9.999995e-01 8.152240e+00
9.999990e-01 8.921085e-04 1.139273e-03 1.827862e+01 -8.925044e-04 9.999995e-01 3.469378e-04 -1.436957e+00 -1.138969e-03 -3.479521e-04 9.999994e-01 8.254143e+00
9.999998e-01 -5.493680e-04 -3.361915e-04 1.850282e+01 5.491294e-04 9.999996e-01 -7.094450e-04 -1.453952e+00 3.365870e-04 7.092580e-04 9.999996e-01 8.318572e+00
9.999991e-01 7.351252e-04 1.146345e-03 1.875504e+01 -7.355342e-04 9.999997e-01 3.563616e-04 -1.474412e+00 -1.146088e-03 -3.572022e-04 9.999994e-01 8.420175e+00
9.999980e-01 -2.608031e-04 1.969335e-03 1.886248e+01 2.619614e-04 9.999998e-01 -5.879223e-04 -1.488966e+00 -1.969175e-03 5.884348e-04 9.999978e-01 8.695395e+00
9.999990e-01 6.123140e-04 1.257636e-03 1.894662e+01 -6.132783e-04 9.999995e-01 7.664296e-04 -1.503003e+00 -1.257173e-03 -7.671979e-04 9.999990e-01 9.006689e+00
9.999997e-01 -1.672550e-04 7.552075e-04 1.907514e+01 1.680992e-04 9.999994e-01 -1.117779e-03 -1.513917e+00 -7.550133e-04 1.117903e-03 9.999990e-01 9.115449e+00
9.999972e-01 5.717019e-04 2.286565e-03 1.932915e+01 -5.719720e-04 9.999998e-01 1.174278e-04 -1.527301e+00 -2.286504e-03 -1.187330e-04 9.999975e-01 8.802594e+00
9.999994e-01 -6.681385e-04 8.266605e-04 1.972372e+01 6.690517e-04 9.999992e-01 -1.104816e-03 -1.551277e+00 -8.259142e-04 1.105366e-03 9.999989e-01 8.619139e+00
9.999989e-01 1.045782e-03 1.020777e-03 1.996666e+01 -1.046657e-03 9.999991e-01 8.575738e-04 -1.572976e+00 -1.019886e-03 -8.586388e-04 9.999992e-01 8.864614e+00
9.999996e-01 -8.156558e-04 3.162361e-04 2.020435e+01 8.160154e-04 9.999990e-01 -1.138579e-03 -1.593081e+00 -3.152994e-04 1.138834e-03 9.999992e-01 9.019067e+00
9.999991e-01 1.152919e-03 6.202388e-04 2.039031e+01 -1.153484e-03 9.999989e-01 9.110271e-04 -1.608126e+00 -6.191955e-04 -9.117393e-04 9.999995e-01 9.117767e+00
9.999995e-01 -9.876808e-04 1.724847e-05 2.064580e+01 9.877038e-04 9.999986e-01 -1.381414e-03 -1.627847e+00 -1.587620e-05 1.381428e-03 9.999989e-01 9.200443e+00
9.999992e-01 1.180328e-03 4.949707e-04 2.099308e+01 -1.180750e-03 9.999989e-01 8.519657e-04 -1.653613e+00 -4.939725e-04 -8.525468e-04 9.999996e-01 9.288535e+00
9.999995e-01 -9.555575e-04 1.254713e-04 2.119260e+01 9.557100e-04 9.999988e-01 -1.220174e-03 -1.667591e+00 -1.242972e-04 1.220290e-03 9.999991e-01 9.289209e+00
9.999993e-01 1.057702e-03 4.397401e-04 2.148092e+01 -1.058042e-03 9.999991e-01 7.736943e-04 -1.689373e+00 -4.389294e-04 -7.741564e-04 9.999997e-01 9.354033e+00
9.999996e-01 -8.494498e-04 -4.535319e-05 2.174091e+01 8.493968e-04 9.999990e-01 -1.157114e-03 -1.709568e+00 4.634411e-05 1.157073e-03 9.999992e-01 9.429003e+00
9.999992e-01 9.832466e-04 8.137440e-04 2.197391e+01 -9.838925e-04 9.999992e-01 7.935121e-04 -1.728779e+00 -8.129713e-04 -7.943094e-04 9.999995e-01 9.559886e+00
9.999996e-01 -8.537104e-04 -2.766123e-04 2.235632e+01 8.533008e-04 9.999985e-01 -1.477997e-03 -1.757403e+00 2.778818e-04 1.477757e-03 9.999988e-01 9.671842e+00
9.999990e-01 9.920759e-04 1.004716e-03 2.293596e+01 -9.927301e-04 9.999993e-01 6.506793e-04 -1.798067e+00 -1.004078e-03 -6.516732e-04 9.999994e-01 9.801804e+00
9.999995e-01 -9.291070e-04 3.004634e-04 2.356010e+01 9.295314e-04 9.999986e-01 -1.414953e-03 -1.843218e+00 -2.991399e-04 1.415228e-03 9.999989e-01 1.002071e+01
9.999986e-01 8.968702e-04 1.415188e-03 2.418518e+01 -8.978845e-04 9.999993e-01 7.161413e-04 -1.889874e+00 -1.414553e-03 -7.174079e-04 9.999988e-01 1.029629e+01
9.999995e-01 -9.112912e-04 2.940928e-04 2.492970e+01 9.117583e-04 9.999983e-01 -1.591584e-03 -1.944907e+00 -2.926332e-04 1.591848e-03 9.999986e-01 1.061045e+01
9.999983e-01 7.945760e-04 1.666974e-03 2.573018e+01 -7.957240e-04 9.999994e-01 6.880260e-04 -2.002369e+00 -1.666435e-03 -6.893480e-04 9.999985e-01 1.092816e+01
9.999996e-01 -8.396323e-04 -9.062235e-05 2.649230e+01 8.394730e-04 9.999981e-01 -1.745467e-03 -2.056205e+00 9.209681e-05 1.745387e-03 9.999984e-01 1.116384e+01
9.999979e-01 7.615822e-04 1.884587e-03 2.725456e+01 -7.633062e-04 9.999993e-01 9.141502e-04 -2.111469e+00 -1.883899e-03 -9.155835e-04 9.999979e-01 1.145516e+01
9.999996e-01 -7.959553e-04 4.861739e-04 2.788299e+01 7.966897e-04 9.999985e-01 -1.511878e-03 -2.159757e+00 -4.849603e-04 1.512261e-03 9.999986e-01 1.181460e+01
9.999953e-01 7.071615e-04 2.996688e-03 2.857729e+01 -7.100269e-04 9.999993e-01 9.551716e-04 -2.214400e+00 -2.996020e-03 -9.572913e-04 9.999952e-01 1.234618e+01
9.999992e-01 -1.117250e-03 6.373039e-04 2.916856e+01 1.118025e-03 9.999986e-01 -1.216337e-03 -2.264540e+00 -6.359339e-04 1.217045e-03 9.999990e-01 1.285669e+01
9.999989e-01 1.083432e-03 9.791124e-04 2.963773e+01 -1.084076e-03 9.999992e-01 6.576043e-04 -2.301501e+00 -9.784095e-04 -6.586614e-04 9.999994e-01 1.309485e+01
9.999988e-01 -1.145036e-03 1.061637e-03 3.032844e+01 1.146582e-03 9.999983e-01 -1.457039e-03 -2.353104e+00 -1.059957e-03 1.458250e-03 9.999983e-01 1.343186e+01
9.999990e-01 1.110726e-03 9.138915e-04 3.098869e+01 -1.111319e-03 9.999992e-01 6.488551e-04 -2.401868e+00 -9.131808e-04 -6.498663e-04 9.999995e-01 1.373813e+01
9.999990e-01 -1.145133e-03 7.674047e-04 3.161740e+01 1.146206e-03 9.999984e-01 -1.398089e-03 -2.448174e+00 -7.657915e-04 1.398964e-03 9.999986e-01 1.400516e+01
9.999989e-01 1.213712e-03 8.248032e-04 3.205574e+01 -1.214414e-03 9.999989e-01 8.498868e-04 -2.482112e+00 -8.237818e-04 -8.508836e-04 9.999994e-01 1.423797e+01
9.999994e-01 -1.048702e-03 -9.716753e-05 3.239842e+01 1.048557e-03 9.999984e-01 -1.482824e-03 -2.507428e+00 9.873356e-05 1.482718e-03 9.999988e-01 1.434646e+01
9.999991e-01 1.203521e-03 5.089478e-04 3.277544e+01 -1.203951e-03 9.999989e-01 8.449242e-04 -2.535387e+00 -5.079416e-04 -8.455322e-04 9.999996e-01 1.441034e+01
9.999995e-01 -1.000945e-03 8.589316e-05 3.299946e+01 1.001046e-03 9.999988e-01 -1.179150e-03 -2.552778e+00 -8.470153e-05 1.179232e-03 9.999992e-01 1.446682e+01
9.999988e-01 1.159334e-03 1.008637e-03 3.321077e+01 -1.160157e-03 9.999990e-01 8.154142e-04 -2.570357e+00 -1.007702e-03 -8.165793e-04 9.999993e-01 1.456993e+01
9.999995e-01 -9.239919e-04 2.782815e-04 3.357285e+01 9.243532e-04 9.999987e-01 -1.300107e-03 -2.598690e+00 -2.770683e-04 1.300359e-03 9.999990e-01 1.475443e+01
9.999987e-01 9.988605e-04 1.282456e-03 3.393084e+01 -9.999960e-04 9.999991e-01 8.848677e-04 -2.627807e+00 -1.281582e-03 -8.861448e-04 9.999989e-01 1.497495e+01
9.999994e-01 -1.081624e-03 2.693272e-04 3.434747e+01 1.081996e-03 9.999985e-01 -1.384908e-03 -2.660633e+00 -2.678171e-04 1.385194e-03 9.999989e-01 1.521055e+01
9.999977e-01 1.096887e-03 1.857067e-03 3.481029e+01 -1.098526e-03 9.999990e-01 8.816963e-04 -2.697781e+00 -1.856110e-03 -8.837300e-04 9.999980e-01 1.551641e+01
9.999996e-01 -8.976236e-04 -1.048980e-04 3.508849e+01 8.975020e-04 9.999989e-01 -1.155545e-03 -2.722689e+00 1.059474e-04 1.155446e-03 9.999992e-01 1.577075e+01
9.999976e-01 1.084806e-03 1.929465e-03 3.537441e+01 -1.086620e-03 9.999990e-01 9.389621e-04 -2.748737e+00 -1.928457e-03 -9.410520e-04 9.999978e-01 1.604162e+01
9.999994e-01 -1.023705e-03 -4.632220e-04 3.577036e+01 1.023032e-03 9.999984e-01 -1.451447e-03 -2.780924e+00 4.647197e-04 1.450967e-03 9.999987e-01 1.628249e+01
9.999977e-01 1.153856e-03 1.781991e-03 3.614498e+01 -1.155520e-03 9.999989e-01 9.331490e-04 -2.810258e+00 -1.780924e-03 -9.352016e-04 9.999981e-01 1.648208e+01
9.999991e-01 -1.103434e-03 -7.548968e-04 3.648993e+01 1.102334e-03 9.999983e-01 -1.456534e-03 -2.836932e+00 7.565154e-04 1.455696e-03 9.999986e-01 1.662791e+01
9.999978e-01 1.161745e-03 1.754131e-03 3.689332e+01 -1.163179e-03 9.999990e-01 8.167413e-04 -2.867916e+00 -1.753193e-03 -8.187754e-04 9.999982e-01 1.677905e+01
9.999991e-01 -1.018066e-03 -8.670568e-04 3.726537e+01 1.016825e-03 9.999985e-01 -1.430579e-03 -2.894868e+00 8.685249e-04 1.429692e-03 9.999985e-01 1.686339e+01
9.999976e-01 1.132377e-03 1.885880e-03 3.762795e+01 -1.134125e-03 9.999989e-01 9.257421e-04 -2.921633e+00 -1.884843e-03 -9.278741e-04 9.999979e-01 1.700506e+01
9.999994e-01 -1.021249e-03 -4.370812e-04 3.799292e+01 1.020723e-03 9.999988e-01 -1.202531e-03 -2.951552e+00 4.383219e-04 1.202079e-03 9.999991e-01 1.723237e+01
9.999981e-01 1.100535e-03 1.607283e-03 3.834925e+01 -1.101597e-03 9.999992e-01 6.597081e-04 -2.979867e+00 -1.606569e-03 -6.614727e-04 9.999986e-01 1.739500e+01
9.999991e-01 -9.851693e-04 -8.729019e-04 3.861765e+01 9.842601e-04 9.999990e-01 -1.041821e-03 -3.001302e+00 8.739407e-04 1.040956e-03 9.999990e-01 1.751545e+01
9.999975e-01 1.261650e-03 1.869120e-03 3.873792e+01 -1.263284e-03 9.999988e-01 8.730415e-04 -3.013768e+00 -1.868030e-03 -8.753957e-04 9.999980e-01 1.767262e+01
9.999993e-01 -1.018741e-03 -5.777415e-04 3.884075e+01 1.018175e-03 9.999990e-01 -9.796765e-04 -3.025342e+00 5.787525e-04 9.790828e-04 9.999993e-01 1.785417e+01
9.999983e-01 1.137391e-03 1.459113e-03 3.905881e+01 -1.138272e-03 9.999992e-01 6.025502e-04 -3.043494e+00 -1.458441e-03 -6.042052e-04 9.999989e-01 1.798871e+01
9.999992e-01 -1.163427e-03 -3.817129e-04 3.956543e+01 1.162916e-03 9.999984e-01 -1.337157e-03 -3.082351e+00 3.832817e-04 1.336707e-03 9.999989e-01 1.818355e+01
9.999983e-01 1.145070e-03 1.422861e-03 4.015157e+01 -1.145939e-03 9.999992e-01 6.102844e-04 -3.125251e+00 -1.422175e-03 -6.119090e-04 9.999989e-01 1.837719e+01
9.999995e-01 -1.019701e-03 -1.970384e-04 4.050632e+01 1.019490e-03 9.999989e-01 -1.068773e-03 -3.153546e+00 1.981420e-04 1.068566e-03 9.999993e-01 1.857602e+01
9.999973e-01 1.431914e-03 1.820718e-03 4.094723e+01 -1.432579e-03 9.999989e-01 3.639571e-04 -3.187715e+00 -1.820209e-03 -3.665594e-04 9.999984e-01 1.879397e+01
9.999990e-01 -1.330089e-03 4.152156e-04 4.131098e+01 1.330339e-03 9.999989e-01 -6.021016e-04 -3.220522e+00 -4.143999e-04 6.026483e-04 9.999996e-01 1.897801e+01
9.999989e-01 1.456840e-03 -1.079332e-04 4.158983e+01 -1.456827e-03 9.999989e-01 1.216437e-04 -3.241216e+00 1.080959e-04 -1.214812e-04 1.000000e+00 1.901743e+01
9.999990e-01 -1.292812e-03 5.117019e-04 4.201324e+01 1.293291e-03 9.999987e-01 -9.362612e-04 -3.269350e+00 -5.104763e-04 9.369169e-04 9.999993e-01 1.900207e+01
9.999991e-01 1.368173e-03 1.796653e-05 4.253656e+01 -1.368175e-03 9.999991e-01 7.275583e-05 -3.304000e+00 -1.788149e-05 -7.277505e-05 1.000000e+00 1.903439e+01
9.999986e-01 -1.447643e-03 8.212105e-04 4.304741e+01 1.448268e-03 9.999987e-01 -7.610752e-04 -3.341876e+00 -8.200930e-04 7.622581e-04 9.999993e-01 1.917257e+01
9.999987e-01 1.590407e-03 1.626366e-04 4.346185e+01 -1.590424e-03 9.999987e-01 1.054511e-04 -3.371925e+00 -1.624834e-04 -1.057042e-04 1.000000e+00 1.931528e+01
9.999988e-01 -1.491322e-03 3.301575e-04 4.381418e+01 1.491570e-03 9.999986e-01 -7.491571e-04 -3.396526e+00 -3.290251e-04 7.496432e-04 9.999996e-01 1.936188e+01
9.999987e-01 1.631428e-03 1.807568e-04 4.414570e+01 -1.631461e-03 9.999987e-01 1.786572e-04 -3.419857e+00 -1.804799e-04 -1.789463e-04 1.000000e+00 1.941427e+01
9.999988e-01 -1.516306e-03 4.273109e-04 4.443572e+01 1.516581e-03 9.999986e-01 -6.434401e-04 -3.441986e+00 -4.263198e-04 6.440817e-04 9.999996e-01 1.950554e+01
9.999987e-01 1.568451e-03 3.504710e-04 4.469144e+01 -1.568550e-03 9.999987e-01 2.808418e-04 -3.462566e+00 -3.500450e-04 -2.813855e-04 1.000000e+00 1.963252e+01
9.999987e-01 -1.506317e-03 5.726996e-04 4.495771e+01 1.506693e-03 9.999986e-01 -6.557806e-04 -3.486540e+00 -5.716960e-04 6.566370e-04 9.999995e-01 1.977783e+01
9.999978e-01 1.567647e-03 1.379886e-03 4.548011e+01 -1.568136e-03 9.999987e-01 3.532115e-04 -3.529244e+00 -1.379346e-03 -3.553689e-04 9.999991e-01 2.010113e+01
9.999982e-01 -1.694941e-03 7.924919e-04 4.600252e+01 1.695449e-03 9.999984e-01 -6.401413e-04 -3.574498e+00 -7.913902e-04 6.414780e-04 9.999994e-01 2.040800e+01
9.999984e-01 1.788344e-03 -3.354701e-05 4.634908e+01 -1.788340e-03 9.999984e-01 1.115572e-04 -3.600096e+00 3.373094e-05 -1.114913e-04 1.000000e+00 2.053209e+01
9.999983e-01 -1.677136e-03 7.037242e-04 4.664833e+01 1.677568e-03 9.999984e-01 -6.125520e-04 -3.621778e+00 -7.026801e-04 6.137256e-04 9.999995e-01 2.060848e+01
9.999979e-01 2.035569e-03 2.392465e-04 4.688025e+01 -2.035627e-03 9.999979e-01 2.394395e-04 -3.639491e+00 -2.387742e-04 -2.399201e-04 1.000000e+00 2.073138e+01
9.999984e-01 -1.742787e-03 4.667626e-04 4.708909e+01 1.743090e-03 9.999983e-01 -6.482813e-04 -3.654794e+00 -4.656162e-04 6.490880e-04 9.999996e-01 2.079060e+01
9.999978e-01 2.000171e-03 5.631387e-04 4.731127e+01 -2.000318e-03 9.999980e-01 2.603810e-04 -3.671455e+00 -5.626326e-04 -2.615009e-04 9.999999e-01 2.087692e+01
9.999982e-01 -1.806948e-03 5.858277e-04 4.762379e+01 1.807344e-03 9.999981e-01 -6.748582e-04 -3.696223e+00 -5.845912e-04 6.759098e-04 9.999995e-01 2.104947e+01
9.999979e-01 1.868769e-03 7.964476e-04 4.814869e+01 -1.868825e-03 9.999983e-01 6.905916e-05 -3.735500e+00 -7.963332e-04 -7.054141e-05 9.999998e-01 2.128240e+01
9.999978e-01 -1.767131e-03 1.130199e-03 4.861515e+01 1.767664e-03 9.999983e-01 -4.708850e-04 -3.772565e+00 -1.129348e-03 4.728757e-04 9.999992e-01 2.160579e+01
9.999979e-01 1.809971e-03 9.568083e-04 4.910983e+01 -1.809954e-03 9.999984e-01 -1.906467e-05 -3.812683e+00 -9.568577e-04 1.733896e-05 9.999996e-01 2.193089e+01
9.999984e-01 -1.683291e-03 5.375518e-04 4.955659e+01 1.683573e-03 9.999984e-01 -5.223077e-04 -3.847111e+00 -5.366552e-04 5.232057e-04 9.999996e-01 2.217307e+01
9.999981e-01 1.936112e-03 2.871278e-04 4.982109e+01 -1.936133e-03 9.999981e-01 6.874044e-05 -3.867608e+00 -2.870109e-04 -6.929002e-05 1.000000e+00 2.229154e+01
9.999983e-01 -1.787737e-03 5.342629e-04 5.010615e+01 1.788024e-03 9.999983e-01 -5.358174e-04 -3.888927e+00 -5.332872e-04 5.367654e-04 9.999996e-01 2.238992e+01
9.999980e-01 1.940621e-03 4.449975e-04 5.043842e+01 -1.940655e-03 9.999981e-01 7.269144e-05 -3.915628e+00 -4.448725e-04 -7.354859e-05 1.000000e+00 2.254972e+01
9.999983e-01 -1.811544e-03 1.794480e-04 5.077915e+01 1.811657e-03 9.999982e-01 -6.302805e-04 -3.941979e+00 -1.782890e-04 6.305982e-04 9.999997e-01 2.263785e+01
9.999972e-01 1.983777e-03 1.324671e-03 5.111473e+01 -1.984009e-03 9.999980e-01 1.736407e-04 -3.967532e+00 -1.324341e-03 -1.762620e-04 9.999992e-01 2.282919e+01
9.999982e-01 -1.668563e-03 9.200913e-04 5.141363e+01 1.668878e-03 9.999985e-01 -3.411831e-04 -3.998495e+00 -9.195033e-04 3.427116e-04 9.999994e-01 2.323259e+01
9.999973e-01 1.765408e-03 1.528756e-03 5.170212e+01 -1.765580e-03 9.999984e-01 1.110894e-04 -4.025880e+00 -1.528575e-03 -1.137818e-04 9.999989e-01 2.357424e+01
9.999983e-01 -1.540254e-03 -1.033882e-03 5.199050e+01 1.539586e-03 9.999986e-01 -6.469899e-04 -4.046825e+00 1.034895e-03 6.453906e-04 9.999992e-01 2.361547e+01
9.999965e-01 1.707768e-03 2.017283e-03 5.244719e+01 -1.707974e-03 9.999985e-01 9.985083e-05 -4.078610e+00 -2.017127e-03 -1.032894e-04 9.999981e-01 2.374234e+01
9.999974e-01 -2.166894e-03 6.690093e-04 5.329024e+01 2.167516e-03 9.999972e-01 -9.289488e-04 -4.142399e+00 -6.669766e-04 9.303898e-04 9.999992e-01 2.418394e+01
9.999935e-01 1.789210e-03 3.124221e-03 5.439567e+01 -1.788733e-03 9.999984e-01 -1.557980e-04 -4.226166e+00 -3.124514e-03 1.502153e-04 9.999952e-01 2.482090e+01
9.999940e-01 -1.988800e-03 2.826774e-03 5.534191e+01 1.990835e-03 9.999978e-01 -7.169441e-04 -4.300688e+00 -2.825323e-03 7.225606e-04 9.999956e-01 2.565078e+01
9.999975e-01 1.699103e-03 1.463694e-03 5.618965e+01 -1.699032e-03 9.999986e-01 -5.027213e-05 -4.370745e+00 -1.463796e-03 4.779203e-05 9.999990e-01 2.633430e+01
9.999921e-01 -1.545821e-03 3.656911e-03 5.695618e+01 1.548042e-03 9.999986e-01 -6.043802e-04 -4.430945e+00 -3.655952e-03 6.100295e-04 9.999930e-01 2.702031e+01
9.999991e-01 1.141903e-03 -6.316511e-04 5.765437e+01 -1.141922e-03 9.999993e-01 -2.836894e-05 -4.486633e+00 6.315982e-04 2.909723e-05 9.999999e-01 2.750211e+01
9.999782e-01 -8.000765e-04 6.560525e-03 5.844020e+01 8.033246e-04 9.999996e-01 -4.923734e-04 -4.553879e+00 -6.560107e-03 4.976258e-04 9.999783e-01 2.834086e+01
9.999981e-01 7.864271e-04 -1.778790e-03 5.894876e+01 -7.854385e-04 9.999995e-01 5.568029e-04 -4.607861e+00 1.779206e-03 -5.553977e-04 9.999984e-01 2.914971e+01
9.999901e-01 -6.458654e-04 4.394134e-03 5.945884e+01 6.501056e-04 9.999993e-01 -9.634335e-04 -4.650611e+00 -4.393487e-03 9.662735e-04 9.999898e-01 2.953293e+01
9.999991e-01 6.045834e-04 -1.222780e-03 5.993146e+01 -6.037494e-04 9.999996e-01 6.829834e-04 -4.688521e+00 1.223171e-03 -6.822374e-04 9.999991e-01 2.996629e+01
9.999910e-01 -7.460504e-04 4.175498e-03 6.053197e+01 7.507722e-04 9.999991e-01 -1.129195e-03 -4.738484e+00 -4.174630e-03 1.132313e-03 9.999905e-01 3.042680e+01
9.999964e-01 7.496507e-04 -2.596041e-03 6.108886e+01 -7.481499e-04 9.999996e-01 5.793663e-04 -4.780347e+00 2.596452e-03 -5.774147e-04 9.999966e-01 3.067864e+01
9.999824e-01 -9.946202e-04 5.847052e-03 6.177913e+01 1.000867e-03 9.999989e-01 -1.065322e-03 -4.836647e+00 -5.845963e-03 1.071148e-03 9.999822e-01 3.122837e+01
9.999973e-01 5.449483e-04 -2.237805e-03 6.265317e+01 -5.439108e-04 9.999997e-01 4.645797e-04 -4.906122e+00 2.238035e-03 -4.633540e-04 9.999975e-01 3.182717e+01
9.999853e-01 -9.363900e-04 5.341858e-03 6.335453e+01 9.413630e-04 9.999991e-01 -9.283542e-04 -4.961863e+00 -5.340961e-03 9.333617e-04 9.999852e-01 3.229567e+01
9.999931e-01 9.400239e-04 -3.590041e-03 6.401736e+01 -9.390656e-04 9.999995e-01 2.688701e-04 -5.012571e+00 3.590269e-03 -2.654896e-04 9.999936e-01 3.260631e+01
9.999851e-01 -9.220241e-04 5.380817e-03 6.456033e+01 9.266503e-04 9.999992e-01 -8.571649e-04 -5.053389e+00 -5.379999e-03 8.621308e-04 9.999851e-01 3.286853e+01
9.999954e-01 8.181347e-04 -2.920196e-03 6.513286e+01 -8.169793e-04 9.999996e-01 3.971521e-04 -5.099356e+00 2.920496e-03 -3.947570e-04 9.999958e-01 3.325222e+01
9.999899e-01 -7.108872e-04 4.426294e-03 6.556462e+01 7.138789e-04 9.999995e-01 -6.741461e-04 -5.136216e+00 -4.425789e-03 6.772915e-04 9.999899e-01 3.354468e+01
9.999961e-01 6.495324e-04 -2.711410e-03 6.614817e+01 -6.494777e-04 9.999998e-01 2.141728e-05 -5.181331e+00 2.711399e-03 -1.964855e-05 9.999964e-01 3.381975e+01
9.999855e-01 -7.531452e-04 5.335305e-03 6.687308e+01 7.560580e-04 9.999996e-01 -5.437855e-04 -5.238191e+00 -5.334869e-03 5.478037e-04 9.999855e-01 3.428408e+01
9.999956e-01 5.909176e-04 -2.896359e-03 6.759568e+01 -5.916431e-04 9.999998e-01 -2.492953e-04 -5.293405e+00 2.896187e-03 2.510156e-04 9.999959e-01 3.466815e+01
9.999880e-01 -7.355768e-04 4.846468e-03 6.834907e+01 7.386150e-04 9.999995e-01 -6.249216e-04 -5.348618e+00 -4.845981e-03 6.284859e-04 9.999880e-01 3.499065e+01
9.999956e-01 5.736307e-04 -2.913857e-03 6.923731e+01 -5.749899e-04 9.999997e-01 -4.653186e-04 -5.412800e+00 2.913565e-03 4.670000e-04 9.999957e-01 3.532714e+01
9.999885e-01 -8.197667e-04 4.730564e-03 7.014151e+01 8.218541e-04 9.999996e-01 -4.391159e-04 -5.479909e+00 -4.730177e-03 4.429906e-04 9.999886e-01 3.568595e+01
9.999977e-01 4.756642e-04 -2.081449e-03 7.110193e+01 -4.766033e-04 9.999998e-01 -4.501873e-04 -5.553168e+00 2.081209e-03 4.511864e-04 9.999978e-01 3.617352e+01
9.999891e-01 -5.686490e-04 4.628232e-03 7.186421e+01 5.697946e-04 9.999998e-01 -2.459931e-04 -5.612418e+00 -4.628066e-03 2.486193e-04 9.999892e-01 3.661028e+01
9.999961e-01 5.463582e-04 -2.730974e-03 7.248798e+01 -5.472633e-04 9.999998e-01 -3.302669e-04 -5.660262e+00 2.730768e-03 3.317684e-04 9.999963e-01 3.693804e+01
9.999869e-01 -5.329988e-04 5.089405e-03 7.301957e+01 5.334105e-04 9.999999e-01 -7.932512e-05 -5.701929e+00 -5.089336e-03 8.203049e-05 9.999869e-01 3.728826e+01
9.999949e-01 6.368228e-04 -3.117881e-03 7.349835e+01 -6.377209e-04 9.999998e-01 -2.866975e-04 -5.741360e+00 3.117671e-03 2.886927e-04 9.999952e-01 3.760458e+01
9.999837e-01 -5.525000e-04 5.674366e-03 7.404678e+01 5.528137e-04 9.999998e-01 -5.351718e-05 -5.785962e+00 -5.674309e-03 5.664478e-05 9.999838e-01 3.800053e+01
9.999957e-01 5.144541e-04 -2.897817e-03 7.458651e+01 -5.152797e-04 9.999998e-01 -2.837615e-04 -5.830752e+00 2.897644e-03 2.852619e-04 9.999959e-01 3.841347e+01
9.999828e-01 -6.633345e-04 5.829638e-03 7.530641e+01 6.651181e-04 9.999997e-01 -3.038267e-04 -5.886765e+00 -5.829408e-03 3.076904e-04 9.999829e-01 3.887250e+01
9.999951e-01 5.602172e-04 -3.093360e-03 7.605987e+01 -5.612942e-04 9.999998e-01 -3.469322e-04 -5.944874e+00 3.093138e-03 3.486753e-04 9.999953e-01 3.930641e+01
9.999849e-01 -5.813404e-04 5.468213e-03 7.674705e+01 5.823673e-04 9.999998e-01 -1.859858e-04 -5.998636e+00 -5.468077e-03 1.891589e-04 9.999849e-01 3.970621e+01
9.999955e-01 5.574737e-04 -2.960424e-03 7.738651e+01 -5.579381e-04 9.999998e-01 -1.556124e-04 -6.049009e+00 2.960309e-03 1.572720e-04 9.999957e-01 4.011501e+01
9.999846e-01 -5.760122e-04 5.514024e-03 7.774373e+01 5.759406e-04 9.999998e-01 1.480994e-05 -6.083480e+00 -5.514004e-03 -1.164261e-05 9.999847e-01 4.049410e+01
9.999918e-01 8.087364e-04 -3.964618e-03 7.803799e+01 -8.096818e-04 9.999996e-01 -2.365533e-04 -6.109877e+00 3.964398e-03 2.397701e-04 9.999922e-01 4.072646e+01
9.999841e-01 -5.486294e-04 5.603778e-03 7.814622e+01 5.472080e-04 9.999998e-01 2.553998e-04 -6.124165e+00 -5.603889e-03 -2.523379e-04 9.999842e-01 4.096463e+01
9.999914e-01 7.990088e-04 -4.059074e-03 7.831250e+01 -8.011292e-04 9.999995e-01 -5.204755e-04 -6.140068e+00 4.058628e-03 5.237315e-04 9.999917e-01 4.113251e+01
9.999833e-01 -6.199485e-04 5.747087e-03 7.865964e+01 6.194136e-04 9.999998e-01 9.508097e-05 -6.167541e+00 -5.747117e-03 -9.152828e-05 9.999834e-01 4.136613e+01
9.999906e-01 8.645298e-04 -4.252248e-03 7.893327e+01 -8.660902e-04 9.999996e-01 -3.648077e-04 -6.191193e+00 4.251902e-03 3.684958e-04 9.999910e-01 4.159144e+01
9.999835e-01 -6.973935e-04 5.700402e-03 7.935027e+01 6.974324e-04 9.999998e-01 -4.609800e-06 -6.226113e+00 -5.700369e-03 8.576592e-06 9.999837e-01 4.186372e+01
9.999972e-01 1.149787e-03 -2.067757e-03 7.961416e+01 -1.149783e-03 9.999993e-01 3.576816e-06 -6.256528e+00 2.067731e-03 -1.190596e-06 9.999980e-01 4.238867e+01
9.999841e-01 -1.060939e-03 5.538229e-03 8.015017e+01 1.062308e-03 9.999994e-01 -2.439394e-04 -6.304775e+00 -5.537937e-03 2.498100e-04 9.999845e-01 4.293434e+01
9.999976e-01 1.154984e-03 -1.876733e-03 8.063572e+01 -1.155004e-03 9.999993e-01 -8.910978e-06 -6.347394e+00 1.876692e-03 1.108737e-05 9.999983e-01 4.347693e+01
9.999899e-01 -7.252268e-04 4.445150e-03 8.076047e+01 7.246996e-04 9.999997e-01 1.205175e-04 -6.367122e+00 -4.445206e-03 -1.173037e-04 9.999900e-01 4.388728e+01
9.999992e-01 7.318310e-04 -1.053244e-03 8.118460e+01 -7.322329e-04 9.999997e-01 -3.798976e-04 -6.403547e+00 1.052935e-03 3.806773e-04 9.999995e-01 4.434502e+01
9.999891e-01 -4.289890e-04 4.656231e-03 8.147239e+01 4.277714e-04 9.999999e-01 2.627877e-04 -6.435840e+00 -4.656312e-03 -2.608018e-04 9.999890e-01 4.490265e+01
9.999969e-01 3.902790e-04 -2.456307e-03 8.200858e+01 -3.921154e-04 9.999996e-01 -7.466196e-04 -6.481674e+00 2.455984e-03 7.475893e-04 9.999968e-01 4.530899e+01
9.999747e-01 -3.169666e-04 7.104194e-03 8.248634e+01 3.134396e-04 9.999998e-01 4.977814e-04 -6.528421e+00 -7.104319e-03 -4.955510e-04 9.999745e-01 4.599019e+01
9.999980e-01 1.233284e-04 -1.984112e-03 8.302810e+01 -1.249153e-04 9.999997e-01 -7.989639e-04 -6.579716e+00 1.983981e-03 7.992190e-04 9.999978e-01 4.664949e+01
9.999934e-01 -6.558567e-05 3.618581e-03 8.338271e+01 6.423559e-05 9.999999e-01 3.736215e-04 -6.608022e+00 -3.618573e-03 -3.733956e-04 9.999933e-01 4.688360e+01
9.999969e-01 1.439573e-04 -2.493764e-03 8.388810e+01 -1.465660e-04 9.999994e-01 -1.045318e-03 -6.645317e+00 2.493580e-03 1.045689e-03 9.999964e-01 4.708528e+01
9.999893e-01 -2.566639e-04 4.621887e-03 8.457024e+01 2.549637e-04 9.999999e-01 3.687651e-04 -6.696547e+00 -4.621949e-03 -3.675918e-04 9.999892e-01 4.742943e+01
9.999964e-01 2.276556e-04 -2.682180e-03 8.508106e+01 -2.301945e-04 9.999995e-01 -9.457283e-04 -6.736802e+00 2.681931e-03 9.463514e-04 9.999961e-01 4.772509e+01
9.999941e-01 -3.810232e-05 3.425808e-03 8.538657e+01 3.660708e-05 9.999999e-01 4.369788e-04 -6.760518e+00 -3.425791e-03 -4.368600e-04 9.999939e-01 4.785132e+01
9.999978e-01 1.561538e-04 -2.098662e-03 8.579202e+01 -1.581152e-04 9.999996e-01 -9.337056e-04 -6.791166e+00 2.098482e-03 9.340445e-04 9.999975e-01 4.806385e+01
9.999924e-01 -1.626257e-04 3.895675e-03 8.633461e+01 1.617358e-04 1.000000e+00 2.291621e-04 -6.832807e+00 -3.895679e-03 -2.285396e-04 9.999923e-01 4.834957e+01
9.999970e-01 1.639298e-04 -2.452080e-03 8.690106e+01 -1.661916e-04 9.999996e-01 -9.215831e-04 -6.875204e+00 2.451895e-03 9.219971e-04 9.999967e-01 4.859848e+01
9.999946e-01 -1.203631e-04 3.279226e-03 8.739770e+01 1.197617e-04 1.000000e+00 1.840760e-04 -6.911944e+00 -3.279215e-03 -1.836917e-04 9.999945e-01 4.874868e+01
9.999961e-01 2.277712e-04 -2.785904e-03 8.785373e+01 -2.303970e-04 9.999995e-01 -9.416615e-04 -6.943755e+00 2.785655e-03 9.423091e-04 9.999958e-01 4.880947e+01
9.999944e-01 -6.079623e-05 3.343604e-03 8.829969e+01 6.032641e-05 1.000000e+00 1.411041e-04 -6.974974e+00 -3.343579e-03 -1.409111e-04 9.999943e-01 4.886565e+01
9.999959e-01 2.343845e-04 -2.853399e-03 8.880948e+01 -2.374709e-04 9.999994e-01 -1.080809e-03 -7.009354e+00 2.853111e-03 1.081492e-03 9.999954e-01 4.889289e+01
9.999900e-01 -1.459601e-04 4.458676e-03 8.942269e+01 1.445922e-04 9.999999e-01 3.075027e-04 -7.052488e+00 -4.458687e-03 -3.068647e-04 9.999899e-01 4.911967e+01
9.999979e-01 -5.375850e-05 -2.044331e-03 9.013754e+01 5.150152e-05 9.999994e-01 -1.103215e-03 -7.107624e+00 2.044356e-03 1.103117e-03 9.999974e-01 4.951641e+01
9.999907e-01 -8.742346e-05 4.319459e-03 9.088516e+01 8.591347e-05 9.999999e-01 3.501652e-04 -7.163641e+00 -4.319455e-03 -3.498008e-04 9.999905e-01 4.989239e+01
9.999999e-01 1.411302e-05 -4.690884e-04 9.243482e+01 -1.510587e-05 9.999978e-01 -2.112848e-03 -7.277919e+00 4.690232e-04 2.112865e-03 9.999978e-01 5.054571e+01
9.999841e-01 3.654934e-04 5.631018e-03 9.406714e+01 -3.675062e-04 9.999999e-01 3.567303e-04 -7.402006e+00 -5.630852e-03 -3.588042e-04 9.999840e-01 5.125571e+01
9.999905e-01 -6.869561e-04 -4.296167e-03 9.521404e+01 6.797375e-04 9.999984e-01 -1.681047e-03 -7.469898e+00 4.297280e-03 1.678121e-03 9.999895e-01 5.114766e+01
9.999590e-01 -6.783739e-05 9.060004e-03 9.720025e+01 7.517063e-05 9.999997e-01 -8.088618e-04 -7.609846e+00 -9.059910e-03 8.094990e-04 9.999585e-01 5.166833e+01
9.999823e-01 -7.034474e-04 -5.911516e-03 9.940047e+01 6.901550e-04 9.999972e-01 -2.249959e-03 -7.772522e+00 5.913046e-03 2.245850e-03 9.999801e-01 5.216815e+01
9.999512e-01 1.107054e-04 9.874293e-03 1.003994e+02 -1.255587e-04 9.999989e-01 1.503832e-03 -7.849160e+00 -9.874079e-03 -1.505009e-03 9.999500e-01 5.274630e+01
9.999837e-01 -2.258873e-04 -5.707484e-03 1.011389e+02 2.141791e-04 9.999979e-01 -2.051543e-03 -7.910567e+00 5.707899e-03 2.050299e-03 9.999817e-01 5.340517e+01
9.999618e-01 -3.303949e-04 8.737490e-03 1.017032e+02 3.130492e-04 9.999980e-01 1.986743e-03 -7.960590e+00 -8.738092e-03 -1.983943e-03 9.999598e-01 5.387352e+01
9.999859e-01 -3.153900e-04 -5.304580e-03 1.026530e+02 3.001994e-04 9.999959e-01 -2.863838e-03 -8.034636e+00 5.305424e-03 2.862216e-03 9.999819e-01 5.448926e+01
9.999468e-01 -4.258365e-04 1.030275e-02 1.039660e+02 4.070884e-04 9.999983e-01 1.821954e-03 -8.137157e+00 -1.030347e-02 -1.817674e-03 9.999452e-01 5.535833e+01
9.999885e-01 -3.677196e-04 -4.791238e-03 1.052433e+02 3.547695e-04 9.999963e-01 -2.702962e-03 -8.238240e+00 4.792176e-03 2.701242e-03 9.999850e-01 5.627896e+01
9.999485e-01 -2.271122e-04 1.014256e-02 1.063184e+02 2.065500e-04 9.999979e-01 2.028545e-03 -8.325567e+00 -1.014297e-02 -2.026357e-03 9.999464e-01 5.717764e+01
9.999882e-01 -4.649127e-04 -4.837663e-03 1.073549e+02 4.513659e-04 9.999960e-01 -2.800520e-03 -8.411728e+00 4.838906e-03 2.798314e-03 9.999845e-01 5.806274e+01
9.999433e-01 -4.292486e-05 1.065259e-02 1.084566e+02 1.885986e-05 9.999974e-01 2.259386e-03 -8.501688e+00 -1.065262e-02 -2.259069e-03 9.999406e-01 5.901572e+01
9.999905e-01 -8.777102e-04 -4.266799e-03 1.095772e+02 8.661351e-04 9.999959e-01 -2.713364e-03 -8.597113e+00 4.269124e-03 2.709654e-03 9.999873e-01 6.006309e+01
9.999444e-01 -2.822981e-06 1.054143e-02 1.106659e+02 -2.476156e-05 9.999966e-01 2.616877e-03 -8.692826e+00 -1.054136e-02 -2.617004e-03 9.999409e-01 6.113706e+01
9.999870e-01 -1.079118e-03 -4.983398e-03 1.117650e+02 1.063148e-03 9.999943e-01 -3.205856e-03 -8.785363e+00 4.986788e-03 3.200528e-03 9.999825e-01 6.207906e+01
9.999584e-01 3.686604e-04 9.109319e-03 1.130441e+02 -3.875905e-04 9.999978e-01 2.076699e-03 -8.885108e+00 -9.108492e-03 -2.080156e-03 9.999563e-01 6.287416e+01
9.999905e-01 -1.125209e-03 -4.212351e-03 1.145610e+02 1.110984e-03 9.999937e-01 -3.377195e-03 -9.005422e+00 4.216082e-03 3.372494e-03 9.999855e-01 6.374037e+01
9.999440e-01 5.634420e-04 1.056543e-02 1.159992e+02 -5.934382e-04 9.999958e-01 2.836425e-03 -9.120868e+00 -1.056375e-02 -2.842548e-03 9.999401e-01 6.473635e+01
9.999795e-01 -1.191361e-03 -6.297176e-03 1.173204e+02 1.166585e-03 9.999916e-01 -3.936190e-03 -9.223138e+00 6.301769e-03 3.928775e-03 9.999725e-01 6.553556e+01
9.999416e-01 6.921427e-04 1.078157e-02 1.187933e+02 -7.189820e-04 9.999967e-01 2.485950e-03 -9.334669e+00 -1.077977e-02 -2.493569e-03 9.999387e-01 6.627477e+01
9.999838e-01 -1.343722e-03 -5.536635e-03 1.203080e+02 1.325709e-03 9.999938e-01 -3.255218e-03 -9.453378e+00 5.540931e-03 3.247838e-03 9.999795e-01 6.723812e+01
9.999325e-01 6.139278e-04 1.160161e-02 1.217809e+02 -6.372611e-04 9.999978e-01 2.007875e-03 -9.574546e+00 -1.160031e-02 -2.015145e-03 9.999306e-01 6.830364e+01
9.999762e-01 -1.116566e-03 -6.803884e-03 1.234021e+02 1.091553e-03 9.999926e-01 -3.678557e-03 -9.695369e+00 6.807897e-03 3.671055e-03 9.999702e-01 6.907571e+01
9.999424e-01 5.051495e-04 1.072213e-02 1.248311e+02 -5.328278e-04 9.999965e-01 2.579001e-03 -9.804671e+00 -1.072075e-02 -2.584578e-03 9.999391e-01 6.985720e+01
9.999758e-01 -1.176386e-03 -6.861275e-03 1.261594e+02 1.151609e-03 9.999928e-01 -3.613538e-03 -9.910429e+00 6.865431e-03 3.605562e-03 9.999700e-01 7.062383e+01
9.999315e-01 4.456307e-04 1.169421e-02 1.277095e+02 -4.759794e-04 9.999965e-01 2.592803e-03 -1.003397e+01 -1.169297e-02 -2.598204e-03 9.999282e-01 7.156331e+01
9.999754e-01 -1.245644e-03 -6.909268e-03 1.291336e+02 1.221619e-03 9.999932e-01 -3.479753e-03 -1.014611e+01 6.913510e-03 3.471240e-03 9.999702e-01 7.239441e+01
9.999305e-01 4.974393e-04 1.177786e-02 1.305491e+02 -5.259716e-04 9.999969e-01 2.419832e-03 -1.025948e+01 -1.177657e-02 -2.425872e-03 9.999276e-01 7.331177e+01
9.999819e-01 -1.169689e-03 -5.900582e-03 1.318586e+02 1.150380e-03 9.999940e-01 -3.274232e-03 -1.036730e+01 5.904329e-03 3.267398e-03 9.999773e-01 7.431816e+01
9.999239e-01 6.815371e-04 1.231924e-02 1.331166e+02 -7.147443e-04 9.999961e-01 2.691629e-03 -1.047255e+01 -1.231731e-02 -2.700243e-03 9.999204e-01 7.538695e+01
9.999869e-01 -1.553491e-03 -4.885587e-03 1.342895e+02 1.538796e-03 9.999943e-01 -3.009462e-03 -1.057787e+01 4.890186e-03 3.001918e-03 9.999836e-01 7.661578e+01
9.999317e-01 5.814599e-04 1.167054e-02 1.355075e+02 -6.095746e-04 9.999969e-01 2.405923e-03 -1.068336e+01 -1.166906e-02 -2.412886e-03 9.999289e-01 7.777072e+01
9.999850e-01 -1.391886e-03 -5.294244e-03 1.368119e+02 1.374501e-03 9.999937e-01 -3.285374e-03 -1.079191e+01 5.298734e-03 3.278061e-03 9.999807e-01 7.884472e+01
9.999398e-01 8.977135e-04 1.093560e-02 1.380756e+02 -9.220956e-04 9.999971e-01 2.225101e-03 -1.089779e+01 -1.093353e-02 -2.235064e-03 9.999376e-01 7.984228e+01
9.999884e-01 -1.671431e-03 -4.522393e-03 1.398711e+02 1.654526e-03 9.999916e-01 -3.738442e-03 -1.104135e+01 4.528553e-03 3.730930e-03 9.999829e-01 8.103169e+01
9.999256e-01 7.298565e-04 1.217510e-02 1.416874e+02 -7.641081e-04 9.999958e-01 2.809148e-03 -1.119104e+01 -1.217295e-02 -2.818256e-03 9.999218e-01 8.240031e+01
9.999883e-01 -1.744973e-03 -4.503224e-03 1.431758e+02 1.731416e-03 9.999940e-01 -3.011624e-03 -1.132262e+01 4.508400e-03 3.003805e-03 9.999854e-01 8.373920e+01
9.999100e-01 1.038717e-03 1.337678e-02 1.445156e+02 -1.079587e-03 9.999948e-01 3.048712e-03 -1.144528e+01 -1.337350e-02 -3.062893e-03 9.999058e-01 8.522299e+01
9.999852e-01 -2.093904e-03 -5.030349e-03 1.458613e+02 2.076584e-03 9.999919e-01 -3.445211e-03 -1.157076e+01 5.037469e-03 3.434728e-03 9.999815e-01 8.668559e+01
9.999572e-01 1.486225e-03 9.135413e-03 1.473344e+02 -1.506174e-03 9.999965e-01 2.177677e-03 -1.168792e+01 -9.132091e-03 -2.191358e-03 9.999558e-01 8.747926e+01
9.999886e-01 -2.046985e-03 -4.315029e-03 1.487648e+02 2.033756e-03 9.999932e-01 -3.066951e-03 -1.180513e+01 4.321224e-03 3.058155e-03 9.999861e-01 8.842222e+01
