9.999997e-01 3.263344e-04 6.700576e-04 4.548039e-01 -3.264675e-04 9.999999e-01 1.984889e-04 -2.969382e-02 -6.699929e-04 -1.987081e-04 9.999999e-01 7.198887e-02
1.000000e+00 -1.048309e-04 2.286451e-06 8.687181e-01 1.048307e-04 1.000000e+00 9.588952e-05 -5.683662e-02 -2.296323e-06 -9.588876e-05 9.999999e-01 1.335931e-01
9.999997e-01 2.140984e-04 6.999136e-04 1.416430e+00 -2.142491e-04 1.000000e+00 2.152118e-04 -9.286218e-02 -6.998677e-04 -2.153623e-04 9.999998e-01 2.499093e-01
1.000000e+00 1.730810e-04 -1.237629e-04 1.996560e+00 -1.730723e-04 1.000000e+00 7.076964e-05 -1.318128e-01 1.237754e-04 -7.074763e-05 9.999999e-01 4.238079e-01
9.999997e-01 -2.856175e-05 7.823273e-04 2.513045e+00 2.823731e-05 9.999999e-01 4.146960e-04 -1.668722e-01 -7.823394e-04 -4.146744e-04 9.999997e-01 5.781903e-01
1.000000e+00 2.054442e-04 -9.153624e-05 2.994483e+00 -2.054463e-04 1.000000e+00 -2.330461e-05 -1.989797e-01 9.153190e-05 2.332409e-05 9.999999e-01 7.048188e-01
9.999997e-01 2.730085e-05 7.358120e-04 3.380085e+00 -2.757515e-05 9.999999e-01 3.727525e-04 -2.259204e-01 -7.358023e-04 -3.727734e-04 9.999998e-01 8.401990e-01
1.000000e+00 1.330977e-04 -2.595990e-04 3.798955e+00 -1.331201e-04 1.000000e+00 -8.630467e-05 -2.560787e-01 2.595880e-04 8.633996e-05 9.999999e-01 1.012173e+00
9.999999e-01 1.190232e-04 5.019570e-04 4.247416e+00 -1.192859e-04 9.999999e-01 5.231374e-04 -2.876946e-01 -5.018953e-04 -5.231980e-04 9.999998e-01 1.195727e+00
1.000000e+00 5.278935e-05 -2.234410e-04 4.742279e+00 -5.285294e-05 1.000000e+00 -2.846674e-04 -3.220715e-01 2.234266e-04 2.846800e-04 9.999998e-01 1.335724e+00
9.999985e-01 9.181766e-05 1.737380e-03 5.294522e+00 -9.273233e-05 9.999999e-01 5.263860e-04 -3.590401e-01 -1.737332e-03 -5.265471e-04 9.999985e-01 1.401088e+00
9.999999e-01 5.938081e-05 -3.669092e-04 5.612833e+00 -5.964908e-05 9.999997e-01 -7.312335e-04 -3.871824e-01 3.668666e-04 7.312561e-04 9.999996e-01 1.831947e+00
9.999947e-01 -8.714140e-05 3.243660e-03 5.635256e+00 8.722386e-05 1.000000e+00 -2.528525e-05 -4.067272e-01 -3.243659e-03 2.556731e-05 9.999948e-01 2.586316e+00
9.999981e-01 3.479874e-04 -1.933609e-03 5.818970e+00 -3.492990e-04 9.999997e-01 -6.780206e-04 -4.255796e-01 1.933374e-03 6.786953e-04 9.999978e-01 2.918852e+00
9.999933e-01 -3.619683e-04 3.636559e-03 6.336043e+00 3.592388e-04 9.999997e-01 7.511880e-04 -4.628646e-01 -3.636831e-03 -7.498773e-04 9.999932e-01 3.282429e+00
9.999964e-01 9.851607e-04 -2.476716e-03 6.772571e+00 -9.851108e-04 9.999995e-01 2.138796e-05 -4.973197e-01 2.476738e-03 -1.894730e-05 9.999968e-01 3.627215e+00
9.999938e-01 -1.380155e-03 3.242162e-03 7.084094e+00 1.379686e-03 9.999990e-01 1.469667e-04 -5.253493e-01 -3.242364e-03 -1.424934e-04 9.999948e-01 4.048541e+00
9.999986e-01 6.674673e-04 -1.561513e-03 7.669813e+00 -6.667300e-04 9.999997e-01 4.726637e-04 -5.813436e-01 1.561830e-03 -4.716211e-04 9.999986e-01 4.856744e+00
9.999928e-01 -7.129135e-04 3.736169e-03 8.352450e+00 7.113412e-04 9.999997e-01 4.221338e-04 -6.457426e-01 -3.736471e-03 -4.194740e-04 9.999930e-01 5.720129e+00
9.999955e-01 1.054036e-03 -2.803336e-03 8.947475e+00 -1.054418e-03 9.999994e-01 -1.350846e-04 -6.862029e-01 2.803194e-03 1.380408e-04 9.999960e-01 5.859068e+00
9.999922e-01 -9.107307e-04 3.833243e-03 9.467895e+00 9.099042e-04 9.999996e-01 2.173592e-04 -7.177472e-01 -3.833442e-03 -2.138706e-04 9.999927e-01 5.859127e+00
9.999955e-01 1.059821e-03 -2.821282e-03 1.008610e+01 -1.059634e-03 9.999994e-01 6.764188e-05 -7.574399e-01 2.821355e-03 -6.465106e-05 9.999959e-01 5.879543e+00
9.999926e-01 -8.025238e-04 3.759947e-03 1.068476e+01 8.011928e-04 9.999996e-01 3.554767e-04 -7.958027e-01 -3.760233e-03 -3.524626e-04 9.999930e-01 5.925489e+00
9.999942e-01 1.036147e-03 -3.256917e-03 1.115742e+01 -1.036335e-03 9.999995e-01 -5.614030e-05 -8.279137e-01 3.256860e-03 5.951629e-05 9.999946e-01 6.019167e+00
9.999920e-01 -5.996036e-04 3.959515e-03 1.155023e+01 5.985785e-04 9.999998e-01 2.600615e-04 -8.563198e-01 -3.959673e-03 -2.576904e-04 9.999922e-01 6.151230e+00
9.999948e-01 8.472854e-04 -3.113357e-03 1.180796e+01 -8.480158e-04 9.999996e-01 -2.333131e-04 -8.750470e-01 3.113161e-03 2.359531e-04 9.999950e-01 6.222313e+00
9.999926e-01 -6.381004e-04 3.800970e-03 1.227448e+01 6.369237e-04 9.999997e-01 3.107688e-04 -9.046689e-01 -3.801170e-03 -3.083467e-04 9.999928e-01 6.243720e+00
9.999946e-01 9.194566e-04 -3.148344e-03 1.287094e+01 -9.195892e-04 9.999996e-01 -4.068976e-05 -9.438383e-01 3.148308e-03 4.358583e-05 9.999949e-01 6.303276e+00
9.999918e-01 -5.863455e-04 4.017255e-03 1.338796e+01 5.856602e-04 9.999998e-01 1.717578e-04 -9.771864e-01 -4.017358e-03 -1.694047e-04 9.999920e-01 6.326381e+00
9.999948e-01 9.189070e-04 -3.076893e-03 1.382930e+01 -9.190472e-04 9.999996e-01 -4.418240e-05 -1.005486e+00 3.076854e-03 4.701112e-05 9.999952e-01 6.330980e+00
9.999932e-01 -6.758495e-04 3.616427e-03 1.422489e+01 6.752855e-04 9.999998e-01 1.571691e-04 -1.032795e+00 -3.616536e-03 -1.547271e-04 9.999935e-01 6.408934e+00
9.999950e-01 9.433648e-04 -3.011167e-03 1.465604e+01 -9.432477e-04 9.999996e-01 4.031564e-05 -1.063547e+00 3.011207e-03 -3.747399e-05 9.999954e-01 6.536937e+00
9.999925e-01 -7.864107e-04 3.792529e-03 1.517540e+01 7.856717e-04 9.999997e-01 1.963484e-04 -1.098096e+00 -3.792686e-03 -1.933684e-04 9.999929e-01 6.579983e+00
9.999945e-01 1.074218e-03 -3.143164e-03 1.564896e+01 -1.074406e-03 9.999994e-01 -5.809714e-05 -1.130828e+00 3.143103e-03 6.147507e-05 9.999950e-01 6.684996e+00
9.999924e-01 -7.118955e-04 3.843986e-03 1.614479e+01 7.108963e-04 9.999997e-01 2.612905e-04 -1.165403e+00 -3.844174e-03 -2.585570e-04 9.999927e-01 6.802769e+00
9.999951e-01 9.133886e-04 -3.007816e-03 1.662404e+01 -9.133314e-04 9.999996e-01 2.038177e-05 -1.197981e+00 3.007837e-03 -1.763328e-05 9.999954e-01 6.879559e+00
9.999925e-01 -5.657611e-04 3.841940e-03 1.712683e+01 5.648967e-04 9.999998e-01 2.260686e-04 -1.231064e+00 -3.842071e-03 -2.238978e-04 9.999927e-01 6.938635e+00
9.999946e-01 9.999406e-04 -3.129583e-03 1.760449e+01 -9.999512e-04 9.999995e-01 -1.817354e-06 -1.263922e+00 3.129583e-03 4.948081e-06 9.999950e-01 7.067892e+00
9.999919e-01 -7.044593e-04 3.964068e-03 1.798866e+01 7.035968e-04 9.999997e-01 2.189854e-04 -1.291963e+00 -3.964224e-03 -2.161958e-04 9.999922e-01 7.187263e+00
9.999936e-01 9.957335e-04 -3.432087e-03 1.832328e+01 -9.960330e-04 9.999995e-01 -8.555004e-05 -1.316518e+00 3.432004e-03 8.896931e-05 9.999940e-01 7.315659e+00
9.999908e-01 -8.190452e-04 4.216319e-03 1.869006e+01 8.176722e-04 9.999996e-01 3.273608e-04 -1.344611e+00 -4.216589e-03 -3.239116e-04 9.999912e-01 7.482778e+00
9.999941e-01 9.673910e-04 -3.295145e-03 1.915633e+01 -9.676663e-04 9.999995e-01 -8.193180e-05 -1.377511e+00 3.295069e-03 8.512131e-05 9.999945e-01 7.625411e+00
9.999911e-01 -8.588152e-04 4.124726e-03 1.960190e+01 8.574137e-04 9.999996e-01 3.415339e-04 -1.409152e+00 -4.125021e-03 -3.379957e-04 9.999915e-01 7.759379e+00
9.999943e-01 1.145177e-03 -3.182709e-03 2.019076e+01 -1.145409e-03 9.999993e-01 -7.112498e-05 -1.449460e+00 3.182629e-03 7.477152e-05 9.999948e-01 7.907575e+00
9.999917e-01 -9.063870e-04 3.975233e-03 2.059678e+01 9.050880e-04 9.999995e-01 3.285771e-04 -1.480957e+00 -3.975533e-03 -3.249779e-04 9.999921e-01 8.161201e+00
9.999939e-01 1.223196e-03 -3.267205e-03 2.091340e+01 -1.223804e-03 9.999992e-01 -1.841047e-04 -1.504971e+00 3.266982e-03 1.881035e-04 9.999945e-01 8.278606e+00
9.999899e-01 -1.101811e-03 4.349491e-03 2.126624e+01 1.099695e-03 9.999993e-01 4.889497e-04 -1.529875e+00 -4.350031e-03 -4.841632e-04 9.999905e-01 8.355236e+00
9.999926e-01 1.361732e-03 -3.595385e-03 2.171486e+01 -1.363036e-03 9.999990e-01 -3.604267e-04 -1.560873e+00 3.594895e-03 3.653262e-04 9.999934e-01 8.431055e+00
9.999890e-01 -1.248846e-03 4.511446e-03 2.221546e+01 1.246405e-03 9.999991e-01 5.437371e-04 -1.597047e+00 -4.512125e-03 -5.381096e-04 9.999898e-01 8.564228e+00
9.999922e-01 1.696594e-03 -3.569921e-03 2.261257e+01 -1.698184e-03 9.999985e-01 -4.423282e-04 -1.625612e+00 3.569169e-03 4.483887e-04 9.999934e-01 8.725565e+00
9.999889e-01 -1.534263e-03 4.457475e-03 2.291860e+01 1.532089e-03 9.999987e-01 4.912155e-04 -1.647196e+00 -4.458227e-03 -4.843823e-04 9.999900e-01 8.759675e+00
9.999958e-01 1.455169e-03 -2.522699e-03 2.310588e+01 -1.457122e-03 9.999986e-01 -7.722611e-04 -1.666917e+00 2.521576e-03 7.759352e-04 9.999964e-01 9.111880e+00
9.999884e-01 -1.641775e-03 4.525040e-03 2.344361e+01 1.638171e-03 9.999983e-01 8.000349e-04 -1.702718e+00 -4.526351e-03 -7.926144e-04 9.999895e-01 9.811324e+00
9.999936e-01 1.950393e-03 -2.992823e-03 2.380046e+01 -1.951192e-03 9.999981e-01 -2.641674e-04 -1.740988e+00 2.992307e-03 2.700068e-04 9.999954e-01 1.046052e+01
9.999899e-01 -2.220047e-03 3.909119e-03 2.422433e+01 2.220539e-03 9.999975e-01 -1.216022e-04 -1.771384e+00 -3.908845e-03 1.302798e-04 9.999925e-01 1.049799e+01
9.999944e-01 3.142926e-03 -1.122128e-03 2.478138e+01 -3.143024e-03 9.999951e-01 -8.505216e-05 -1.810050e+00 1.121861e-03 8.858009e-05 9.999993e-01 1.065047e+01
9.999926e-01 -2.788942e-03 2.655720e-03 2.502604e+01 2.790304e-03 9.999960e-01 -5.090555e-04 -1.831684e+00 -2.654295e-03 5.164605e-04 9.999964e-01 1.092516e+01
9.999930e-01 3.304914e-03 -1.759695e-03 2.528545e+01 -3.304240e-03 9.999945e-01 3.857345e-04 -1.850922e+00 1.760966e-03 -3.799159e-04 9.999983e-01 1.103850e+01
9.999926e-01 -3.024067e-03 2.361519e-03 2.565171e+01 3.024407e-03 9.999954e-01 -1.403634e-04 -1.875075e+00 -2.361089e-03 1.475031e-04 9.999973e-01 1.110911e+01
9.999932e-01 3.232937e-03 -1.782516e-03 2.589436e+01 -3.232425e-03 9.999947e-01 2.898590e-04 -1.895658e+00 1.783449e-03 -2.840937e-04 9.999983e-01 1.133261e+01
9.999926e-01 -2.900934e-03 2.519790e-03 2.621665e+01 2.901247e-03 9.999958e-01 -1.207006e-04 -1.918462e+00 -2.519435e-03 1.280087e-04 9.999969e-01 1.143993e+01
9.999929e-01 3.167968e-03 -2.024703e-03 2.647724e+01 -3.167383e-03 9.999949e-01 2.920128e-04 -1.937550e+00 2.025624e-03 -2.855962e-04 9.999978e-01 1.154941e+01
9.999923e-01 -2.947388e-03 2.591682e-03 2.676961e+01 2.947623e-03 9.999957e-01 -8.666791e-05 -1.960018e+00 -2.591422e-03 9.430500e-05 9.999967e-01 1.170344e+01
9.999935e-01 3.183666e-03 -1.691851e-03 2.711150e+01 -3.183091e-03 9.999949e-01 3.424571e-04 -1.983822e+00 1.692939e-03 -3.370680e-04 9.999984e-01 1.178485e+01
9.999930e-01 -2.932911e-03 2.338006e-03 2.744288e+01 2.933246e-03 9.999957e-01 -1.394489e-04 -2.007153e+00 -2.337593e-03 1.463043e-04 9.999974e-01 1.187586e+01
9.999939e-01 3.083177e-03 -1.671365e-03 2.787661e+01 -3.082437e-03 9.999952e-01 4.450931e-04 -2.037573e+00 1.672736e-03 -4.399369e-04 9.999984e-01 1.200128e+01
9.999922e-01 -2.877668e-03 2.707858e-03 2.847089e+01 2.877822e-03 9.999959e-01 -5.293471e-05 -2.078255e+00 -2.707701e-03 6.072537e-05 9.999964e-01 1.213601e+01
9.999933e-01 3.206786e-03 -1.778433e-03 2.919223e+01 -3.205859e-03 9.999947e-01 5.236828e-04 -2.127204e+00 1.780110e-03 -5.179761e-04 9.999982e-01 1.228573e+01
9.999921e-01 -2.832597e-03 2.786006e-03 2.998610e+01 2.832478e-03 9.999960e-01 4.655026e-05 -2.181978e+00 -2.786133e-03 -3.866036e-05 9.999962e-01 1.250113e+01
9.999939e-01 3.128440e-03 -1.575175e-03 3.088146e+01 -3.127501e-03 9.999949e-01 5.982057e-04 -2.243153e+00 1.577045e-03 -5.932738e-04 9.999985e-01 1.274069e+01
9.999936e-01 -2.715684e-03 2.339992e-03 3.171731e+01 2.715616e-03 9.999963e-01 3.258886e-05 -2.301183e+00 -2.340079e-03 -2.623602e-05 9.999974e-01 1.300626e+01
9.999947e-01 2.997811e-03 -1.283377e-03 3.252264e+01 -2.997156e-03 9.999954e-01 5.121605e-04 -2.357516e+00 1.284913e-03 -5.083093e-04 9.999989e-01 1.323700e+01
9.999941e-01 -2.639746e-03 2.219660e-03 3.335671e+01 2.639836e-03 9.999965e-01 -3.763510e-05 -2.415622e+00 -2.219560e-03 4.349243e-05 9.999976e-01 1.347840e+01
9.999951e-01 2.953852e-03 -1.020437e-03 3.414176e+01 -2.953230e-03 9.999955e-01 6.111205e-04 -2.471739e+00 1.022244e-03 -6.081018e-04 9.999992e-01 1.379363e+01
9.999949e-01 -2.706916e-03 1.691453e-03 3.486657e+01 2.707422e-03 9.999963e-01 -2.966976e-04 -2.527918e+00 -1.690650e-03 3.012735e-04 9.999986e-01 1.426635e+01
9.999956e-01 2.944825e-03 2.504252e-04 3.539374e+01 -2.945021e-03 9.999954e-01 7.861169e-04 -2.573815e+00 -2.481017e-04 -7.868488e-04 9.999996e-01 1.478862e+01
9.999961e-01 -2.688882e-03 7.083192e-04 3.604902e+01 2.689205e-03 9.999963e-01 -4.553488e-04 -2.621161e+00 -7.070996e-04 4.572497e-04 9.999997e-01 1.502854e+01
9.999955e-01 2.987159e-03 2.713353e-04 3.679953e+01 -2.987431e-03 9.999950e-01 1.005900e-03 -2.673755e+00 -2.683216e-04 -1.006704e-03 9.999994e-01 1.529292e+01
9.999958e-01 -2.766072e-03 9.009655e-04 3.753240e+01 2.766419e-03 9.999961e-01 -3.833927e-04 -2.723857e+00 -8.999092e-04 3.858812e-04 9.999996e-01 1.550242e+01
9.999951e-01 3.109364e-03 -2.172599e-04 3.821143e+01 -3.109189e-03 9.999948e-01 8.024424e-04 -2.770302e+00 2.197616e-04 -8.017606e-04 9.999996e-01 1.571154e+01
9.999953e-01 -2.888285e-03 1.003108e-03 3.873780e+01 2.888496e-03 9.999958e-01 -2.086963e-04 -2.808930e+00 -1.002509e-03 2.115905e-04 9.999996e-01 1.596872e+01
9.999957e-01 2.912647e-03 -2.436787e-04 3.925811e+01 -2.912498e-03 9.999956e-01 6.123826e-04 -2.845926e+00 2.454692e-04 -6.116679e-04 9.999997e-01 1.616664e+01
9.999959e-01 -2.766657e-03 7.374934e-04 3.984195e+01 2.766656e-03 9.999962e-01 2.313347e-06 -2.885830e+00 -7.375049e-04 -2.754353e-07 9.999998e-01 1.632694e+01
9.999952e-01 3.107694e-03 -9.468444e-05 4.026580e+01 -3.107672e-03 9.999951e-01 2.384574e-04 -2.917753e+00 9.543304e-05 -2.381595e-04 9.999999e-01 1.654019e+01
9.999952e-01 -3.018908e-03 7.060219e-04 4.059310e+01 3.018941e-03 9.999954e-01 -4.617570e-05 -2.942685e+00 -7.058873e-04 4.830439e-05 9.999998e-01 1.674379e+01
9.999948e-01 3.196414e-03 2.889849e-04 4.094580e+01 -3.196518e-03 9.999948e-01 3.603876e-04 -2.970397e+00 -2.878233e-04 -3.613069e-04 9.999998e-01 1.700556e+01
9.999951e-01 -3.031439e-03 8.192278e-04 4.141540e+01 3.031422e-03 9.999954e-01 2.232349e-05 -3.004677e+00 -8.193000e-04 -1.984256e-05 9.999998e-01 1.720471e+01
9.999944e-01 3.342806e-03 -1.205795e-04 4.188600e+01 -3.342768e-03 9.999944e-01 3.188897e-04 -3.036615e+00 1.216532e-04 -3.184822e-04 9.999998e-01 1.735661e+01
9.999950e-01 -3.012719e-03 9.947268e-04 4.235852e+01 3.012551e-03 9.999954e-01 1.708284e-04 -3.071237e+00 -9.952454e-04 -1.678336e-04 9.999996e-01 1.762693e+01
9.999947e-01 3.237461e-03 -2.085745e-04 4.271407e+01 -3.237434e-03 9.999948e-01 1.340110e-04 -3.098422e+00 2.090157e-04 -1.333323e-04 9.999999e-01 1.787256e+01
9.999948e-01 -3.080165e-03 9.534367e-04 4.306896e+01 3.079973e-03 9.999952e-01 2.025117e-04 -3.126598e+00 -9.540645e-04 -1.995769e-04 9.999996e-01 1.811847e+01
9.999945e-01 3.315067e-03 -2.754290e-04 4.349458e+01 -3.315054e-03 9.999945e-01 4.671043e-05 -3.158225e+00 2.755910e-04 -4.579430e-05 9.999999e-01 1.831384e+01
9.999946e-01 -3.099678e-03 1.075732e-03 4.391095e+01 3.099310e-03 9.999951e-01 3.434908e-04 -3.188010e+00 -1.076801e-03 -3.401578e-04 9.999995e-01 1.845744e+01
9.999946e-01 3.280132e-03 -3.642731e-04 4.436404e+01 -3.280160e-03 9.999946e-01 -7.582022e-05 -3.218832e+00 3.640313e-04 7.701755e-05 9.999998e-01 1.857633e+01
9.999944e-01 -3.141831e-03 1.188678e-03 4.490720e+01 3.141086e-03 9.999949e-01 6.281308e-04 -3.256732e+00 -1.190654e-03 -6.243964e-04 9.999992e-01 1.875355e+01
9.999943e-01 3.350760e-03 -2.953665e-04 4.543392e+01 -3.350805e-03 9.999944e-01 -1.527548e-04 -3.292289e+00 2.948620e-04 1.537466e-04 9.999998e-01 1.885414e+01
9.999947e-01 -3.081958e-03 1.050476e-03 4.598077e+01 3.081496e-03 9.999952e-01 4.414648e-04 -3.328361e+00 -1.051840e-03 -4.382284e-04 9.999995e-01 1.895864e+01
9.999944e-01 3.345545e-03 -1.096770e-05 4.656582e+01 -3.345545e-03 9.999944e-01 1.124741e-05 -3.368603e+00 1.101442e-05 -1.120760e-05 9.999999e-01 1.913660e+01
9.999954e-01 -2.960409e-03 6.316064e-04 4.707932e+01 2.960190e-03 9.999956e-01 3.480382e-04 -3.403989e+00 -6.326432e-04 -3.461699e-04 9.999998e-01 1.926825e+01
9.999947e-01 3.251816e-03 2.147154e-04 4.746115e+01 -3.251813e-03 9.999947e-01 -1.325131e-05 -3.431736e+00 -2.147481e-04 1.255615e-05 9.999999e-01 1.941361e+01
9.999953e-01 -3.001778e-03 5.782180e-04 4.772826e+01 3.001677e-03 9.999955e-01 1.766265e-04 -3.452031e+00 -5.787550e-04 -1.748932e-04 9.999999e-01 1.951581e+01
9.999947e-01 3.255290e-03 -2.936955e-04 4.796040e+01 -3.255333e-03 9.999947e-01 -1.460372e-04 -3.470397e+00 2.932279e-04 1.469956e-04 9.999998e-01 1.962994e+01
9.999946e-01 -3.102896e-03 1.037009e-03 4.828231e+01 3.102565e-03 9.999951e-01 3.213370e-04 -3.494022e+00 -1.038011e-03 -3.181210e-04 9.999995e-01 1.974138e+01
9.999946e-01 3.278534e-03 5.689998e-05 4.888204e+01 -3.278528e-03 9.999946e-01 -1.081959e-04 -3.532346e+00 -5.724481e-05 1.080120e-04 9.999999e-01 1.977304e+01
9.999952e-01 -2.966063e-03 8.878937e-04 4.953475e+01 2.965590e-03 9.999955e-01 5.337535e-04 -3.576316e+00 -8.894825e-04 -5.311210e-04 9.999996e-01 1.992776e+01
9.999949e-01 3.201552e-03 -4.325480e-05 5.002582e+01 -3.201556e-03 9.999949e-01 -7.954617e-05 -3.611030e+00 4.300966e-05 7.968752e-05 9.999999e-01 2.006998e+01
9.999955e-01 -2.965550e-03 4.735610e-04 5.059012e+01 2.965424e-03 9.999956e-01 2.660745e-04 -3.647133e+00 -4.743578e-04 -2.646722e-04 1.000000e+00 2.001598e+01
9.999921e-01 3.448792e-03 1.987805e-03 5.115866e+01 -3.448038e-03 9.999940e-01 -3.827089e-04 -3.683830e+00 -1.989102e-03 3.758551e-04 9.999979e-01 1.992957e+01
9.999944e-01 -3.185669e-03 -9.948950e-04 5.158571e+01 3.186207e-03 9.999948e-01 5.389985e-04 -3.710938e+00 9.931626e-04 -5.421687e-04 9.999995e-01 1.991185e+01
9.999918e-01 3.442082e-03 2.115740e-03 5.208294e+01 -3.441320e-03 9.999940e-01 -3.636302e-04 -3.742833e+00 -2.116969e-03 3.563497e-04 9.999976e-01 1.990517e+01
9.999948e-01 -3.129078e-03 -8.026751e-04 5.266233e+01 3.129611e-03 9.999949e-01 6.639698e-04 -3.778834e+00 8.005830e-04 -6.664817e-04 9.999996e-01 1.988078e+01
9.999921e-01 3.494240e-03 1.873128e-03 5.319819e+01 -3.493557e-03 9.999938e-01 -3.678629e-04 -3.813015e+00 -1.874391e-03 3.613195e-04 9.999981e-01 1.987490e+01
9.999940e-01 -3.305528e-03 -9.943520e-04 5.355880e+01 3.306105e-03 9.999944e-01 5.788222e-04 -3.835446e+00 9.924225e-04 -5.821096e-04 9.999994e-01 1.991023e+01
9.999914e-01 3.614202e-03 2.017069e-03 5.400918e+01 -3.613374e-03 9.999934e-01 -4.136842e-04 -3.863550e+00 -2.018540e-03 4.063956e-04 9.999978e-01 1.987182e+01
9.999935e-01 -3.320566e-03 -1.374855e-03 5.441134e+01 3.321328e-03 9.999943e-01 5.523119e-04 -3.888756e+00 1.373002e-03 -5.568780e-04 9.999990e-01 1.990069e+01
9.999909e-01 3.620123e-03 2.269134e-03 5.475296e+01 -3.619402e-03 9.999934e-01 -3.219462e-04 -3.911622e+00 -2.270274e-03 3.137338e-04 9.999973e-01 1.992798e+01
9.999929e-01 -3.415099e-03 -1.566586e-03 5.507595e+01 3.415861e-03 9.999940e-01 4.836339e-04 -3.932685e+00 1.564914e-03 -4.889851e-04 9.999988e-01 1.995557e+01
9.999905e-01 3.702104e-03 2.281871e-03 5.544422e+01 -3.701285e-03 9.999931e-01 -3.629962e-04 -3.958425e+00 -2.283188e-03 3.545505e-04 9.999972e-01 1.997087e+01
9.999927e-01 -3.452461e-03 -1.607851e-03 5.600898e+01 3.453529e-03 9.999938e-01 6.617891e-04 -3.995371e+00 1.605545e-03 -6.673406e-04 9.999986e-01 1.999655e+01
9.999880e-01 3.756654e-03 3.138960e-03 5.651995e+01 -3.754947e-03 9.999928e-01 -5.495442e-04 -4.027822e+00 -3.140991e-03 5.377546e-04 9.999948e-01 2.000012e+01
9.999914e-01 -3.466070e-03 -2.277444e-03 5.696260e+01 3.467976e-03 9.999936e-01 8.333270e-04 -4.056343e+00 2.274530e-03 -8.412215e-04 9.999972e-01 2.006071e+01
9.999877e-01 3.790349e-03 3.208316e-03 5.738059e+01 -3.788705e-03 9.999927e-01 -5.184689e-04 -4.084681e+00 -3.210247e-03 5.063107e-04 9.999946e-01 2.016003e+01
9.999909e-01 -3.518357e-03 -2.418557e-03 5.773341e+01 3.520205e-03 9.999935e-01 7.603149e-04 -4.107982e+00 2.415855e-03 -7.688254e-04 9.999969e-01 2.020884e+01
9.999873e-01 3.807887e-03 3.307931e-03 5.808118e+01 -3.806249e-03 9.999926e-01 -5.013101e-04 -4.130638e+00 -3.309804e-03 4.887166e-04 9.999943e-01 2.023468e+01
9.999909e-01 -3.570504e-03 -2.343687e-03 5.846680e+01 3.572290e-03 9.999933e-01 7.583102e-04 -4.155269e+00 2.340952e-03 -7.666793e-04 9.999971e-01 2.026450e+01
9.999881e-01 3.750619e-03 3.104692e-03 5.896600e+01 -3.749324e-03 9.999929e-01 -4.229509e-04 -4.189607e+00 -3.106244e-03 4.113091e-04 9.999950e-01 2.039991e+01
9.999916e-01 -3.443512e-03 -2.226515e-03 5.952191e+01 3.445181e-03 9.999938e-01 7.461120e-04 -4.229104e+00 2.223920e-03 -7.537802e-04 9.999973e-01 2.058653e+01
9.999877e-01 3.761031e-03 3.238844e-03 6.013430e+01 -3.759747e-03 9.999929e-01 -4.025704e-04 -4.272241e+00 -3.240323e-03 3.903920e-04 9.999946e-01 2.079497e+01
9.999916e-01 -3.403134e-03 -2.268072e-03 6.081574e+01 3.404794e-03 9.999939e-01 7.281716e-04 -4.321184e+00 2.265568e-03 -7.358917e-04 9.999973e-01 2.103812e+01
9.999871e-01 3.842923e-03 3.317644e-03 6.128797e+01 -3.841974e-03 9.999926e-01 -2.925010e-04 -4.356438e+00 -3.318731e-03 2.797548e-04 9.999944e-01 2.123121e+01
9.999900e-01 -3.723421e-03 -2.488159e-03 6.154886e+01 3.724594e-03 9.999930e-01 4.668840e-04 -4.376656e+00 2.486391e-03 -4.761505e-04 9.999969e-01 2.138328e+01
9.999874e-01 3.773589e-03 3.317272e-03 6.192359e+01 -3.772889e-03 9.999929e-01 -2.174143e-04 -4.405923e+00 -3.318057e-03 2.048997e-04 9.999944e-01 2.162664e+01
9.999902e-01 -3.602473e-03 -2.556060e-03 6.235313e+01 3.603905e-03 9.999934e-01 5.558704e-04 -4.438049e+00 2.554029e-03 -5.650807e-04 9.999967e-01 2.183749e+01
9.999863e-01 3.633623e-03 3.770560e-03 6.286927e+01 -3.632651e-03 9.999934e-01 -2.646794e-04 -4.473860e+00 -3.771484e-03 2.509826e-04 9.999928e-01 2.190169e+01
9.999904e-01 -3.263292e-03 -2.910638e-03 6.339085e+01 3.265109e-03 9.999945e-01 6.194068e-04 -4.508384e+00 2.908589e-03 -6.289084e-04 9.999957e-01 2.202604e+01
9.999890e-01 3.116660e-03 3.517592e-03 6.382128e+01 -3.115167e-03 9.999951e-01 -4.297411e-04 -4.544873e+00 -3.518901e-03 4.187825e-04 9.999936e-01 2.238758e+01
9.999920e-01 -2.798712e-03 -2.853730e-03 6.427886e+01 2.800900e-03 9.999958e-01 7.628276e-04 -4.578777e+00 2.851570e-03 -7.708185e-04 9.999957e-01 2.264526e+01
9.999878e-01 2.982641e-03 3.942208e-03 6.474523e+01 -2.980805e-03 9.999954e-01 -4.716623e-04 -4.610007e+00 -3.943584e-03 4.599098e-04 9.999920e-01 2.269184e+01
9.999916e-01 -2.808519e-03 -2.996024e-03 6.527334e+01 2.810587e-03 9.999958e-01 6.859299e-04 -4.647742e+00 2.994072e-03 -6.943488e-04 9.999954e-01 2.289148e+01
9.999875e-01 3.032920e-03 3.977688e-03 6.592389e+01 -3.031197e-03 9.999953e-01 -4.391737e-04 -4.697488e+00 -3.978988e-03 4.271153e-04 9.999919e-01 2.324294e+01
9.999916e-01 -2.691398e-03 -3.078195e-03 6.672532e+01 2.693653e-03 9.999961e-01 7.284715e-04 -4.756360e+00 3.076209e-03 -7.367612e-04 9.999951e-01 2.357679e+01
9.999820e-01 2.406004e-03 5.491747e-03 6.739659e+01 -2.406096e-03 9.999971e-01 1.017525e-05 -4.820723e+00 -5.491694e-03 -2.338447e-05 9.999848e-01 2.459264e+01
9.999877e-01 -2.232445e-03 -4.436841e-03 6.788512e+01 2.233168e-03 9.999975e-01 1.578624e-04 -4.866718e+00 4.436464e-03 -1.677729e-04 9.999902e-01 2.512201e+01
9.999805e-01 2.667679e-03 5.650497e-03 6.865986e+01 -2.668161e-03 9.999964e-01 7.787508e-05 -4.923790e+00 -5.650256e-03 -9.294567e-05 9.999839e-01 2.545172e+01
9.999865e-01 -2.263143e-03 -4.671428e-03 6.924526e+01 2.263561e-03 9.999974e-01 8.395838e-05 -4.970543e+00 4.671212e-03 -9.453561e-05 9.999892e-01 2.583360e+01
9.999816e-01 2.519785e-03 5.512571e-03 6.986541e+01 -2.519973e-03 9.999968e-01 2.707987e-05 -5.016252e+00 -5.512471e-03 -4.096654e-05 9.999847e-01 2.612892e+01
9.999867e-01 -2.602199e-03 -4.464119e-03 7.054317e+01 2.604261e-03 9.999965e-01 4.561462e-04 -5.071036e+00 4.462903e-03 -4.677702e-04 9.999900e-01 2.662973e+01
9.999805e-01 3.164047e-03 5.381250e-03 7.129067e+01 -3.162915e-03 9.999950e-01 -2.189383e-04 -5.127274e+00 -5.381901e-03 2.019180e-04 9.999854e-01 2.693999e+01
9.999866e-01 -3.249652e-03 -4.024634e-03 7.191336e+01 3.251921e-03 9.999946e-01 5.573478e-04 -5.172209e+00 4.022787e-03 -5.704326e-04 9.999918e-01 2.715569e+01
9.999796e-01 3.522457e-03 5.328294e-03 7.261094e+01 -3.521895e-03 9.999938e-01 -1.149399e-04 -5.222210e+00 -5.328651e-03 9.617636e-05 9.999857e-01 2.745252e+01
9.999857e-01 -3.386928e-03 -4.148180e-03 7.316921e+01 3.389043e-03 9.999941e-01 5.027584e-04 -5.267384e+00 4.146438e-03 -5.168141e-04 9.999914e-01 2.785497e+01
9.999792e-01 3.739636e-03 5.254233e-03 7.376451e+01 -3.738754e-03 9.999930e-01 -1.776568e-04 -5.311902e+00 -5.254846e-03 1.580134e-04 9.999861e-01 2.811847e+01
9.999845e-01 -3.372731e-03 -4.419817e-03 7.453411e+01 3.375084e-03 9.999942e-01 5.247553e-04 -5.366360e+00 4.418007e-03 -5.396691e-04 9.999902e-01 2.837295e+01
9.999781e-01 3.872416e-03 5.374994e-03 7.524863e+01 -3.870508e-03 9.999924e-01 -3.654215e-04 -5.418699e+00 -5.376354e-03 3.446142e-04 9.999854e-01 2.862716e+01
9.999849e-01 -3.538037e-03 -4.199121e-03 7.597518e+01 3.540688e-03 9.999935e-01 6.240875e-04 -5.472617e+00 4.196871e-03 -6.389505e-04 9.999911e-01 2.888107e+01
9.999788e-01 3.965239e-03 5.155516e-03 7.669598e+01 -3.963859e-03 9.999921e-01 -2.779149e-04 -5.523563e+00 -5.156562e-03 2.574780e-04 9.999866e-01 2.911177e+01
9.999848e-01 -3.582903e-03 -4.179930e-03 7.734392e+01 3.585659e-03 9.999934e-01 6.519191e-04 -5.569786e+00 4.177551e-03 -6.669017e-04 9.999912e-01 2.931490e+01
9.999777e-01 4.079188e-03 5.286733e-03 7.803815e+01 -4.077514e-03 9.999916e-01 -3.274544e-04 -5.619466e+00 -5.288010e-03 3.058952e-04 9.999859e-01 2.951089e+01
9.999841e-01 -3.731084e-03 -4.234935e-03 7.886274e+01 3.733831e-03 9.999928e-01 6.407048e-04 -5.676884e+00 4.232499e-03 -6.565119e-04 9.999909e-01 2.969725e+01
9.999776e-01 4.152417e-03 5.252387e-03 7.965139e+01 -4.150604e-03 9.999913e-01 -3.559942e-04 -5.735719e+00 -5.253804e-03 3.341905e-04 9.999860e-01 3.007792e+01
9.999840e-01 -3.887130e-03 -4.116137e-03 8.043779e+01 3.890166e-03 9.999922e-01 7.296235e-04 -5.793033e+00 4.113254e-03 -7.456291e-04 9.999914e-01 3.035535e+01
9.999773e-01 4.305233e-03 5.189692e-03 8.131741e+01 -4.303374e-03 9.999907e-01 -3.693645e-04 -5.853959e+00 -5.191219e-03 3.470278e-04 9.999864e-01 3.057687e+01
9.999834e-01 -4.127254e-03 -4.009617e-03 8.224624e+01 4.130595e-03 9.999911e-01 8.253032e-04 -5.918011e+00 4.006160e-03 -8.418566e-04 9.999917e-01 3.079866e+01
9.999770e-01 4.416004e-03 5.138342e-03 8.330293e+01 -4.414320e-03 9.999902e-01 -3.390881e-04 -5.991416e+00 -5.139773e-03 3.164031e-04 9.999866e-01 3.104202e+01
9.999856e-01 -3.920412e-03 -3.678464e-03 8.425135e+01 3.923285e-03 9.999920e-01 7.742407e-04 -6.059284e+00 3.675383e-03 -7.886662e-04 9.999930e-01 3.132374e+01
9.999781e-01 4.445780e-03 4.902375e-03 8.509421e+01 -4.443579e-03 9.999900e-01 -4.597167e-04 -6.117031e+00 -4.904354e-03 4.379277e-04 9.999878e-01 3.148841e+01
9.999838e-01 -4.093456e-03 -3.958305e-03 8.579042e+01 4.096497e-03 9.999913e-01 7.601688e-04 -6.167576e+00 3.955143e-03 -7.763768e-04 9.999920e-01 3.176734e+01
9.999769e-01 4.482519e-03 5.104978e-03 8.639128e+01 -4.480398e-03 9.999899e-01 -4.268885e-04 -6.213523e+00 -5.106823e-03 4.040115e-04 9.999868e-01 3.208940e+01
9.999833e-01 -4.185566e-03 -3.991040e-03 8.699322e+01 4.188405e-03 9.999910e-01 7.030722e-04 -6.259530e+00 3.988045e-03 -7.197817e-04 9.999919e-01 3.237343e+01
9.999764e-01 4.457034e-03 5.223109e-03 8.764283e+01 -4.454876e-03 9.999900e-01 -4.247451e-04 -6.309335e+00 -5.224934e-03 4.014721e-04 9.999862e-01 3.271143e+01
9.999839e-01 -4.079930e-03 -3.951842e-03 8.822904e+01 4.082548e-03 9.999915e-01 6.546988e-04 -6.356607e+00 3.949120e-03 -6.708270e-04 9.999921e-01 3.311987e+01
9.999780e-01 4.361482e-03 4.996553e-03 8.898208e+01 -4.360393e-03 9.999905e-01 -2.288209e-04 -6.412259e+00 -4.997487e-03 2.070343e-04 9.999874e-01 3.346577e+01
9.999852e-01 -4.045438e-03 -3.638749e-03 8.980303e+01 4.048420e-03 9.999915e-01 8.123234e-04 -6.471607e+00 3.635416e-03 -8.270479e-04 9.999931e-01 3.382733e+01
9.999773e-01 4.680902e-03 4.855667e-03 9.047545e+01 -4.677744e-03 9.999888e-01 -6.616041e-04 -6.522540e+00 -4.858693e-03 6.388809e-04 9.999879e-01 3.414599e+01
9.999848e-01 -4.139590e-03 -3.631180e-03 9.116950e+01 4.142608e-03 9.999911e-01 8.238423e-04 -6.576517e+00 3.627720e-03 -8.388778e-04 9.999932e-01 3.452187e+01
9.999790e-01 4.203954e-03 4.935662e-03 9.187466e+01 -4.201429e-03 9.999910e-01 -5.219146e-04 -6.632101e+00 -4.937795e-03 5.011723e-04 9.999876e-01 3.482798e+01
9.999846e-01 -3.807341e-03 -4.048571e-03 9.250655e+01 3.810206e-03 9.999925e-01 7.000538e-04 -6.681064e+00 4.045858e-03 -7.154744e-04 9.999917e-01 3.517477e+01
9.999802e-01 3.990686e-03 4.874724e-03 9.264467e+01 -3.988123e-03 9.999919e-01 -5.355064e-04 -6.695498e+00 -4.876805e-03 5.160603e-04 9.999879e-01 3.537669e+01
9.999830e-01 -3.742747e-03 -4.474862e-03 9.284425e+01 3.745941e-03 9.999927e-01 7.054916e-04 -6.713471e+00 4.472172e-03 -7.222477e-04 9.999898e-01 3.558677e+01
9.999787e-01 3.981575e-03 5.169797e-03 9.325189e+01 -3.979403e-03 9.999920e-01 -4.303790e-04 -6.743325e+00 -5.171452e-03 4.098028e-04 9.999864e-01 3.576142e+01
9.999840e-01 -3.646831e-03 -4.324481e-03 9.363148e+01 3.649738e-03 9.999931e-01 6.645294e-04 -6.773486e+00 4.322011e-03 -6.803075e-04 9.999905e-01 3.602011e+01
9.999801e-01 3.800452e-03 5.034203e-03 9.401719e+01 -3.798079e-03 9.999927e-01 -4.809367e-04 -6.807031e+00 -5.035976e-03 4.618124e-04 9.999871e-01 3.634317e+01
9.999832e-01 -3.599461e-03 -4.548007e-03 9.452567e+01 3.602465e-03 9.999933e-01 6.523539e-04 -6.849566e+00 4.545610e-03 -6.687325e-04 9.999895e-01 3.674546e+01
9.999757e-01 3.945171e-03 5.745954e-03 9.516754e+01 -3.943231e-03 9.999922e-01 -3.490250e-04 -6.902084e+00 -5.747269e-03 3.263645e-04 9.999833e-01 3.721793e+01
9.999837e-01 -3.464793e-03 -4.535269e-03 9.575037e+01 3.468278e-03 9.999937e-01 7.605690e-04 -6.948586e+00 4.532588e-03 -7.762919e-04 9.999895e-01 3.764267e+01
9.999798e-01 3.607341e-03 5.227578e-03 9.626404e+01 -3.604872e-03 9.999934e-01 -4.816239e-04 -6.987082e+00 -5.229263e-03 4.627752e-04 9.999861e-01 3.782846e+01
9.999874e-01 -3.173603e-03 -3.877786e-03 9.702908e+01 3.177049e-03 9.999946e-01 8.825814e-04 -7.041402e+00 3.874946e-03 -8.948960e-04 9.999922e-01 3.810308e+01
9.999807e-01 3.629166e-03 5.036575e-03 9.754909e+01 -3.626545e-03 9.999933e-01 -5.296225e-04 -7.080841e+00 -5.038445e-03 5.113528e-04 9.999871e-01 3.836950e+01
9.999832e-01 -3.535746e-03 -4.591848e-03 9.806352e+01 3.539227e-03 9.999935e-01 7.499771e-04 -7.119524e+00 4.589149e-03 -7.662219e-04 9.999893e-01 3.862687e+01
9.999785e-01 3.698330e-03 5.408189e-03 9.877283e+01 -3.696663e-03 9.999931e-01 -3.182259e-04 -7.173815e+00 -5.409311e-03 2.982328e-04 9.999852e-01 3.911997e+01
9.999876e-01 -3.320445e-03 -3.707695e-03 9.939186e+01 3.324657e-03 9.999938e-01 1.130206e-03 -7.221468e+00 3.703901e-03 -1.142524e-03 9.999926e-01 3.948839e+01
9.999836e-01 3.570458e-03 4.471778e-03 9.984883e+01 -3.566731e-03 9.999933e-01 -8.412793e-04 -7.252516e+00 -4.474733e-03 8.253219e-04 9.999895e-01 3.958865e+01
9.999870e-01 -3.388666e-03 -3.805996e-03 1.004314e+02 3.393085e-03 9.999936e-01 1.155134e-03 -7.293539e+00 3.802039e-03 -1.168039e-03 9.999922e-01 3.978705e+01
9.999806e-01 3.694236e-03 5.005849e-03 1.011161e+02 -3.689963e-03 9.999928e-01 -8.626275e-04 -7.344771e+00 -5.008981e-03 8.441456e-04 9.999870e-01 4.014133e+01
9.999872e-01 -3.303785e-03 -3.841526e-03 1.016832e+02 3.308584e-03 9.999938e-01 1.243319e-03 -7.387711e+00 3.837376e-03 -1.256019e-03 9.999919e-01 4.042225e+01
9.999839e-01 3.450835e-03 4.501181e-03 1.020491e+02 -3.446320e-03 9.999936e-01 -1.010394e-03 -7.414326e+00 -4.504620e-03 9.948712e-04 9.999893e-01 4.054370e+01
9.999863e-01 -3.372285e-03 -3.997248e-03 1.024541e+02 3.377320e-03 9.999935e-01 1.253314e-03 -7.445519e+00 3.992976e-03 -1.266803e-03 9.999913e-01 4.081757e+01
9.999811e-01 3.606722e-03 4.971466e-03 1.030575e+02 -3.602839e-03 9.999932e-01 -7.900701e-04 -7.489756e+00 -4.974262e-03 7.721501e-04 9.999872e-01 4.106950e+01
9.999865e-01 -3.312236e-03 -3.998563e-03 1.037337e+02 3.317094e-03 9.999938e-01 1.208873e-03 -7.536908e+00 3.994515e-03 -1.222126e-03 9.999914e-01 4.124466e+01
9.999811e-01 3.694017e-03 4.919854e-03 1.042939e+02 -3.689726e-03 9.999928e-01 -8.810706e-04 -7.576645e+00 -4.923054e-03 8.629074e-04 9.999874e-01 4.138194e+01
9.999858e-01 -3.483781e-03 -4.020736e-03 1.047985e+02 3.488709e-03 9.999932e-01 1.219218e-03 -7.612174e+00 4.016442e-03 -1.233234e-03 9.999913e-01 4.155667e+01
9.999799e-01 3.589984e-03 5.220776e-03 1.053588e+02 -3.585357e-03 9.999932e-01 -8.954294e-04 -7.649830e+00 -5.223936e-03 8.766995e-04 9.999859e-01 4.164831e+01
9.999858e-01 -3.369301e-03 -4.139171e-03 1.060195e+02 3.374518e-03 9.999935e-01 1.253969e-03 -7.691992e+00 4.134900e-03 -1.267925e-03 9.999907e-01 4.169017e+01
9.999804e-01 3.609466e-03 5.120128e-03 1.066468e+02 -3.605033e-03 9.999931e-01 -8.749002e-04 -7.738270e+00 -5.123231e-03 8.564313e-04 9.999864e-01 4.203015e+01
9.999878e-01 -3.283780e-03 -3.686734e-03 1.072877e+02 3.288514e-03 9.999938e-01 1.278625e-03 -7.790390e+00 3.682493e-03 -1.290740e-03 9.999925e-01 4.250222e+01
9.999811e-01 3.663997e-03 4.932143e-03 1.079838e+02 -3.659922e-03 9.999930e-01 -8.350806e-04 -7.845494e+00 -4.935148e-03 8.170202e-04 9.999874e-01 4.300112e+01
9.999859e-01 -4.359447e-03 -3.016740e-03 1.096297e+02 4.364618e-03 9.999890e-01 1.709400e-03 -7.968201e+00 3.009235e-03 -1.722549e-03 9.999941e-01 4.405655e+01
9.999566e-01 3.784532e-03 8.511445e-03 1.115308e+02 -3.788067e-03 9.999927e-01 3.991502e-04 -8.116959e+00 -8.509853e-03 -4.313680e-04 9.999636e-01 4.514943e+01
9.999756e-01 -3.431373e-03 -6.092741e-03 1.127088e+02 3.437120e-03 9.999937e-01 9.328299e-04 -8.183277e+00 6.089481e-03 -9.537555e-04 9.999811e-01 4.507440e+01
9.999662e-01 2.589008e-03 7.803092e-03 1.143942e+02 -2.588191e-03 9.999966e-01 -1.148097e-04 -8.299989e+00 -7.803342e-03 9.461701e-05 9.999695e-01 4.568903e+01
9.999907e-01 -3.845503e-03 -1.947855e-03 1.165119e+02 3.852735e-03 9.999857e-01 3.722260e-03 -8.459506e+00 1.933491e-03 -3.729737e-03 9.999913e-01 4.669852e+01
9.999865e-01 4.130632e-03 3.154357e-03 1.174178e+02 -4.121554e-03 9.999874e-01 -2.879447e-03 -8.523309e+00 -3.166190e-03 2.866415e-03 9.999908e-01 4.702000e+01
9.999906e-01 -3.860952e-03 -1.993024e-03 1.181045e+02 3.867376e-03 9.999873e-01 3.229197e-03 -8.569081e+00 1.980509e-03 -3.236882e-03 9.999929e-01 4.714268e+01
9.999865e-01 4.122646e-03 3.159504e-03 1.186565e+02 -4.113253e-03 9.999871e-01 -2.973745e-03 -8.604275e+00 -3.171701e-03 2.960717e-03 9.999905e-01 4.716956e+01
9.999898e-01 -3.975437e-03 -2.149127e-03 1.193738e+02 3.982720e-03 9.999863e-01 3.394845e-03 -8.650977e+00 2.135579e-03 -3.403377e-03 9.999920e-01 4.724850e+01
9.999861e-01 4.260886e-03 3.092818e-03 1.201819e+02 -4.251539e-03 9.999864e-01 -3.022461e-03 -8.704830e+00 -3.105632e-03 3.009278e-03 9.999906e-01 4.739863e+01
9.999906e-01 -3.801034e-03 -2.082665e-03 1.209084e+02 3.808198e-03 9.999868e-01 3.446251e-03 -8.754892e+00 2.069516e-03 -3.454158e-03 9.999920e-01 4.762140e+01
9.999863e-01 4.176002e-03 3.163100e-03 1.215934e+02 -4.166554e-03 9.999869e-01 -2.987888e-03 -8.804828e+00 -3.175514e-03 2.974675e-03 9.999904e-01 4.792397e+01
9.999896e-01 -3.926595e-03 -2.324862e-03 1.222959e+02 3.934548e-03 9.999864e-01 3.426002e-03 -8.854910e+00 2.311355e-03 -3.435122e-03 9.999915e-01 4.816722e+01
9.999858e-01 4.006947e-03 3.523856e-03 1.230625e+02 -3.996611e-03 9.999877e-01 -2.935473e-03 -8.907299e+00 -3.535552e-03 2.921356e-03 9.999894e-01 4.832619e+01
9.999906e-01 -3.812434e-03 -2.056742e-03 1.239647e+02 3.819814e-03 9.999862e-01 3.595811e-03 -8.967480e+00 2.042983e-03 -3.603641e-03 9.999915e-01 4.846473e+01
9.999870e-01 4.060965e-03 3.089114e-03 1.247270e+02 -4.052166e-03 9.999877e-01 -2.849336e-03 -9.018696e+00 -3.100625e-03 2.836790e-03 9.999911e-01 4.862239e+01
9.999903e-01 -3.917437e-03 -2.027817e-03 1.254567e+02 3.924018e-03 9.999870e-01 3.250915e-03 -9.068470e+00 2.015032e-03 -3.258848e-03 9.999928e-01 4.876916e+01
9.999854e-01 4.283358e-03 3.296344e-03 1.263446e+02 -4.273830e-03 9.999867e-01 -2.892387e-03 -9.127325e+00 -3.308667e-03 2.878265e-03 9.999903e-01 4.885832e+01
9.999869e-01 -4.063840e-03 -3.108786e-03 1.272452e+02 4.074356e-03 9.999860e-01 3.383630e-03 -9.190595e+00 3.094969e-03 -3.396260e-03 9.999895e-01 4.921971e+01
9.999776e-01 4.378163e-03 5.070504e-03 1.281559e+02 -4.365111e-03 9.999871e-01 -2.582486e-03 -9.258891e+00 -5.081722e-03 2.560303e-03 9.999837e-01 4.964339e+01
9.999840e-01 -3.983641e-03 -4.020552e-03 1.289956e+02 3.995568e-03 9.999876e-01 2.962437e-03 -9.317088e+00 4.008678e-03 -2.978462e-03 9.999876e-01 4.983144e+01
9.999799e-01 4.463813e-03 4.502518e-03 1.299912e+02 -4.452012e-03 9.999866e-01 -2.627863e-03 -9.388362e+00 -4.514165e-03 2.607773e-03 9.999863e-01 5.022611e+01
9.999884e-01 -4.325036e-03 -2.142439e-03 1.309073e+02 4.333323e-03 9.999831e-01 3.878164e-03 -9.455072e+00 2.125606e-03 -3.887412e-03 9.999903e-01 5.066827e+01
9.999848e-01 4.655415e-03 2.963699e-03 1.317440e+02 -4.645014e-03 9.999831e-01 -3.507163e-03 -9.514934e+00 -2.979952e-03 3.493351e-03 9.999894e-01 5.096240e+01
9.999885e-01 -4.339856e-03 -2.018121e-03 1.326710e+02 4.347985e-03 9.999824e-01 4.040963e-03 -9.579573e+00 2.000525e-03 -4.049700e-03 9.999899e-01 5.121249e+01
9.999829e-01 4.496781e-03 3.751014e-03 1.336481e+02 -4.484577e-03 9.999846e-01 -3.255915e-03 -9.644529e+00 -3.765574e-03 3.239046e-03 9.999876e-01 5.144883e+01
9.999875e-01 -4.191781e-03 -2.732508e-03 1.344840e+02 4.202114e-03 9.999840e-01 3.786397e-03 -9.701330e+00 2.716569e-03 -3.797841e-03 9.999892e-01 5.161607e+01
9.999814e-01 4.507095e-03 4.097194e-03 1.354601e+02 -4.493983e-03 9.999848e-01 -3.204173e-03 -9.768082e+00 -4.111549e-03 3.185710e-03 9.999864e-01 5.180747e+01
9.999877e-01 -4.075961e-03 -2.820682e-03 1.364121e+02 4.086211e-03 9.999850e-01 3.637253e-03 -9.831473e+00 2.805790e-03 -3.648743e-03 9.999895e-01 5.195186e+01
9.999815e-01 4.474427e-03 4.129958e-03 1.373364e+02 -4.461849e-03 9.999854e-01 -3.050060e-03 -9.896846e+00 -4.143520e-03 3.031586e-03 9.999867e-01 5.224103e+01
9.999876e-01 -3.991791e-03 -2.984360e-03 1.382541e+02 4.002747e-03 9.999852e-01 3.674079e-03 -9.962229e+00 2.969625e-03 -3.685988e-03 9.999889e-01 5.256783e+01
9.999829e-01 4.267009e-03 4.007169e-03 1.390955e+02 -4.254356e-03 9.999860e-01 -3.161131e-03 -1.002492e+01 -4.020577e-03 3.144038e-03 9.999869e-01 5.303324e+01
9.999900e-01 -3.958925e-03 -2.056766e-03 1.399622e+02 3.967242e-03 9.999839e-01 4.054783e-03 -1.009127e+01 2.040656e-03 -4.062911e-03 9.999898e-01 5.355694e+01
9.999853e-01 4.400444e-03 3.174375e-03 1.407516e+02 -4.389030e-03 9.999839e-01 -3.593936e-03 -1.014941e+01 -3.190114e-03 3.579960e-03 9.999884e-01 5.387400e+01
9.999896e-01 -4.052259e-03 -2.088189e-03 1.415334e+02 4.060858e-03 9.999832e-01 4.129920e-03 -1.020524e+01 2.071394e-03 -4.138366e-03 9.999894e-01 5.415043e+01
9.999850e-01 4.409842e-03 3.242567e-03 1.423367e+02 -4.398093e-03 9.999838e-01 -3.622034e-03 -1.026468e+01 -3.258462e-03 3.607728e-03 9.999881e-01 5.450623e+01
9.999893e-01 -4.101594e-03 -2.144548e-03 1.432811e+02 4.110467e-03 9.999829e-01 4.149236e-03 -1.033533e+01 2.127468e-03 -4.158016e-03 9.999892e-01 5.492597e+01
9.999871e-01 4.238591e-03 2.799314e-03 1.441672e+02 -4.228229e-03 9.999842e-01 -3.697526e-03 -1.039792e+01 -2.814917e-03 3.685652e-03 9.999891e-01 5.513346e+01
9.999913e-01 -4.051093e-03 -1.002063e-03 1.451096e+02 4.055262e-03 9.999830e-01 4.192508e-03 -1.046291e+01 9.850365e-04 -4.196545e-03 9.999908e-01 5.544130e+01
9.999861e-01 3.999398e-03 3.429896e-03 1.459166e+02 -3.987701e-03 9.999862e-01 -3.410819e-03 -1.052265e+01 -3.443465e-03 3.397104e-03 9.999882e-01 5.582467e+01
9.999920e-01 -3.655677e-03 -1.648832e-03 1.467270e+02 3.662231e-03 9.999853e-01 3.988438e-03 -1.057844e+01 1.634201e-03 -3.994454e-03 9.999908e-01 5.608098e+01
9.999888e-01 3.915276e-03 2.646041e-03 1.475956e+02 -3.905796e-03 9.999860e-01 -3.579223e-03 -1.063750e+01 -2.659992e-03 3.568858e-03 9.999900e-01 5.621035e+01
9.999920e-01 -3.661039e-03 -1.630523e-03 1.483343e+02 3.667671e-03 9.999849e-01 4.082500e-03 -1.068673e+01 1.615527e-03 -4.088457e-03 9.999904e-01 5.637200e+01
9.999885e-01 3.879290e-03 2.808772e-03 1.490176e+02 -3.869217e-03 9.999861e-01 -3.583304e-03 -1.073383e+01 -2.822608e-03 3.572405e-03 9.999895e-01 5.652365e+01
