9.999992e-01 2.942447e-04 1.205395e-03 8.171119e-01 -2.946998e-04 9.999999e-01 3.773416e-04 -5.598164e-02 -1.205284e-03 -3.776971e-04 9.999993e-01 1.490010e-01
9.999999e-01 3.145980e-04 -2.627089e-04 1.671149e+00 -3.146225e-04 9.999999e-01 -9.342509e-05 -1.163822e-01 2.626797e-04 9.350828e-05 9.999999e-01 3.934953e-01
9.999992e-01 1.146699e-04 1.251582e-03 2.473138e+00 -1.153750e-04 9.999998e-01 5.632891e-04 -1.725498e-01 -1.251518e-03 -5.634337e-04 9.999992e-01 6.317645e-01
1.000000e+00 2.644300e-04 6.967364e-06 3.276292e+00 -2.644288e-04 1.000000e+00 -1.619195e-04 -2.283587e-01 -7.009694e-06 1.619183e-04 9.999999e-01 8.201080e-01
9.999993e-01 1.875724e-04 1.138599e-03 3.895047e+00 -1.880619e-04 9.999999e-01 4.298043e-04 -2.740113e-01 -1.138519e-03 -4.300188e-04 9.999994e-01 1.076486e+00
1.000000e+00 2.029388e-04 1.227459e-05 4.459649e+00 -2.029368e-04 1.000000e+00 -1.597918e-04 -3.178173e-01 -1.230631e-05 1.597900e-04 9.999999e-01 1.432071e+00
9.999993e-01 4.503986e-05 1.139730e-03 5.079060e+00 -4.587166e-05 9.999997e-01 7.297979e-04 -3.620512e-01 -1.139697e-03 -7.298505e-04 9.999992e-01 1.638032e+00
9.999999e-01 1.418375e-04 -3.960520e-04 5.606329e+00 -1.420547e-04 9.999998e-01 -5.484287e-04 -4.019139e-01 3.959751e-04 5.484857e-04 9.999997e-01 1.880614e+00
9.999989e-01 6.302812e-05 1.484190e-03 6.175122e+00 -6.421179e-05 9.999997e-01 7.974701e-04 -4.470235e-01 -1.484140e-03 -7.975653e-04 9.999987e-01 2.243457e+00
9.999999e-01 1.888280e-04 -4.966678e-04 6.854779e+00 -1.891237e-04 9.999998e-01 -5.953630e-04 -4.995110e-01 4.965564e-04 5.954577e-04 9.999996e-01 2.621071e+00
9.999985e-01 8.467924e-05 1.738968e-03 7.758911e+00 -8.662002e-05 9.999994e-01 1.115999e-03 -5.622375e-01 -1.738874e-03 -1.116149e-03 9.999980e-01 2.898052e+00
9.999997e-01 3.085247e-04 -7.308944e-04 8.596896e+00 -3.087289e-04 9.999999e-01 -2.792959e-04 -6.203376e-01 7.308095e-04 2.795224e-04 9.999996e-01 3.183138e+00
9.999987e-01 -4.723626e-05 1.627650e-03 9.338429e+00 4.583699e-05 9.999996e-01 8.597057e-04 -6.707092e-01 -1.627692e-03 -8.596310e-04 9.999984e-01 3.360804e+00
9.999998e-01 2.911605e-04 -5.418190e-04 1.000325e+01 -2.913740e-04 9.999999e-01 -3.941148e-04 -7.155118e-01 5.417057e-04 3.942736e-04 9.999997e-01 3.489558e+00
9.999988e-01 -1.199077e-05 1.577894e-03 1.062748e+01 1.045487e-05 9.999995e-01 9.733883e-04 -7.596687e-01 -1.577907e-03 -9.733717e-04 9.999984e-01 3.730513e+00
9.999999e-01 2.261891e-04 -4.541028e-04 1.136739e+01 -2.264679e-04 9.999998e-01 -6.140819e-04 -8.151032e-01 4.539655e-04 6.141858e-04 9.999996e-01 4.086139e+00
9.999976e-01 -2.975031e-05 2.194403e-03 1.214341e+01 2.728629e-05 9.999994e-01 1.122883e-03 -8.729365e-01 -2.194437e-03 -1.122821e-03 9.999971e-01 4.459007e+00
9.999992e-01 3.832122e-04 -1.169847e-03 1.293970e+01 -3.839989e-04 9.999997e-01 -6.723373e-04 -9.268564e-01 1.169591e-03 6.727872e-04 9.999990e-01 4.652142e+00
9.999978e-01 5.760254e-05 2.084546e-03 1.360813e+01 -6.019522e-05 9.999992e-01 1.243718e-03 -9.736082e-01 -2.084474e-03 -1.243842e-03 9.999972e-01 4.864740e+00
9.999992e-01 2.886128e-04 -1.217309e-03 1.418721e+01 -2.897523e-04 9.999995e-01 -9.360114e-04 -1.014261e+00 1.217040e-03 9.363647e-04 9.999987e-01 5.029758e+00
9.999973e-01 -1.446885e-05 2.310729e-03 1.491522e+01 1.147414e-05 9.999992e-01 1.296010e-03 -1.064932e+00 -2.310748e-03 -1.295982e-03 9.999966e-01 5.155756e+00
9.999985e-01 3.752445e-04 -1.670986e-03 1.563284e+01 -3.768520e-04 9.999995e-01 -9.617749e-04 -1.114160e+00 1.670627e-03 9.624046e-04 9.999980e-01 5.337580e+00
9.999967e-01 -1.760905e-05 2.566564e-03 1.638474e+01 1.374535e-05 9.999989e-01 1.505408e-03 -1.165740e+00 -2.566590e-03 -1.505369e-03 9.999957e-01 5.551006e+00
9.999989e-01 -5.612713e-04 1.408135e-03 1.684273e+01 5.629287e-04 9.999991e-01 -1.176877e-03 -1.190490e+00 -1.407470e-03 1.177670e-03 9.999982e-01 5.271503e+00
9.999945e-01 1.365702e-03 3.038592e-03 1.729616e+01 -1.365643e-03 9.999991e-01 -2.159803e-05 -1.214911e+00 -3.038622e-03 1.744691e-05 9.999955e-01 4.930172e+00
9.999944e-01 -2.065108e-03 2.615779e-03 1.767349e+01 2.065340e-03 9.999979e-01 -8.614947e-05 -1.235510e+00 -2.615592e-03 9.155282e-05 9.999965e-01 4.558746e+00
9.999433e-01 2.204868e-03 1.041915e-02 1.780663e+01 -2.186189e-03 9.999960e-01 -1.803850e-03 -1.238955e+00 -1.042309e-02 1.780969e-03 9.999442e-01 3.457465e+00
9.999981e-01 -1.280087e-03 -1.482479e-03 1.810121e+01 1.280716e-03 9.999991e-01 4.234081e-04 -1.253758e+00 1.481942e-03 -4.253049e-04 9.999987e-01 2.654289e+00
9.999816e-01 1.370415e-03 5.913146e-03 1.857543e+01 -1.366005e-03 9.999988e-01 -7.498568e-04 -1.274638e+00 -5.914173e-03 7.417646e-04 9.999823e-01 2.186782e+00
9.999962e-01 -9.255886e-04 -2.580906e-03 1.913636e+01 9.269881e-04 9.999994e-01 5.410976e-04 -1.302118e+00 2.580411e-03 -5.434870e-04 9.999964e-01 1.785965e+00
9.999784e-01 9.800319e-04 6.497749e-03 1.971047e+01 -9.755691e-04 9.999993e-01 -6.899633e-04 -1.329076e+00 -6.498428e-03 6.836084e-04 9.999788e-01 1.340884e+00
9.999899e-01 -5.659807e-04 -4.466478e-03 2.034501e+01 5.694118e-04 9.999995e-01 7.669603e-04 -1.364425e+00 4.466050e-03 -7.694949e-04 9.999896e-01 1.109553e+00
9.999802e-01 5.699585e-04 6.265427e-03 2.092264e+01 -5.674091e-04 9.999998e-01 -4.086699e-04 -1.397758e+00 -6.265666e-03 4.051058e-04 9.999804e-01 9.898617e-01
9.999949e-01 -6.783889e-04 -3.115418e-03 2.138067e+01 6.807297e-04 9.999995e-01 7.503594e-04 -1.423685e+00 3.114916e-03 -7.524753e-04 9.999948e-01 7.851326e-01
9.999812e-01 9.163159e-04 6.060709e-03 2.179620e+01 -9.122105e-04 9.999994e-01 -6.801064e-04 -1.445832e+00 -6.061337e-03 6.745639e-04 9.999815e-01 5.778805e-01
9.999882e-01 -9.217637e-04 -4.760805e-03 2.237968e+01 9.277484e-04 9.999988e-01 1.255035e-03 -1.482114e+00 4.759651e-03 -1.259436e-03 9.999878e-01 6.109335e-01
9.999821e-01 9.893988e-04 5.896254e-03 2.295469e+01 -9.849439e-04 9.999992e-01 -7.583980e-04 -1.518840e+00 -5.897008e-03 7.525758e-04 9.999824e-01 6.725675e-01
9.999900e-01 -1.133043e-03 -4.314761e-03 2.345796e+01 1.138547e-03 9.999985e-01 1.273307e-03 -1.552643e+00 4.313321e-03 -1.278206e-03 9.999898e-01 8.053381e-01
9.999673e-01 1.051291e-03 8.018072e-03 2.377814e+01 -1.043817e-03 9.999990e-01 -9.362438e-04 -1.568696e+00 -8.019057e-03 9.278426e-04 9.999675e-01 5.618647e-01
9.999938e-01 -9.663407e-04 -3.375969e-03 2.395716e+01 9.675109e-04 9.999995e-01 3.449963e-04 -1.577344e+00 3.375643e-03 -3.482593e-04 9.999941e-01 1.540057e-01
9.999890e-01 1.454984e-03 4.458645e-03 2.449645e+01 -1.454901e-03 9.999989e-01 -2.178532e-05 -1.610530e+00 -4.458681e-03 1.529696e-05 9.999902e-01 1.746998e-01
9.999923e-01 -1.169244e-03 -3.746906e-03 2.493608e+01 1.170534e-03 9.999993e-01 3.422433e-04 -1.645534e+00 3.746513e-03 -3.466253e-04 9.999928e-01 4.734998e-01
9.999893e-01 1.255406e-03 4.457589e-03 2.549246e+01 -1.254974e-03 9.999992e-01 -9.979604e-05 -1.684104e+00 -4.457721e-03 9.419952e-05 9.999902e-01 6.560043e-01
9.999941e-01 -9.057086e-04 -3.317225e-03 2.604526e+01 9.072025e-04 9.999995e-01 4.488970e-04 -1.722528e+00 3.316827e-03 -4.519024e-04 9.999943e-01 8.690222e-01
9.999906e-01 1.252160e-03 4.162825e-03 2.643660e+01 -1.251506e-03 9.999992e-01 -1.595428e-04 -1.751709e+00 -4.163031e-03 1.543302e-04 9.999914e-01 1.115012e+00
9.999966e-01 -1.123928e-03 -2.334570e-03 2.660127e+01 1.124654e-03 9.999993e-01 3.099484e-04 -1.761730e+00 2.334230e-03 -3.125716e-04 9.999971e-01 1.023575e+00
9.999826e-01 8.172776e-04 5.842700e-03 2.691690e+01 -8.146449e-04 9.999996e-01 -4.529438e-04 -1.777593e+00 -5.843078e-03 4.481749e-04 9.999829e-01 7.544712e-01
9.999998e-01 -3.584937e-04 -5.103615e-04 2.727419e+01 3.584745e-04 9.999999e-01 -3.762711e-05 -1.794520e+00 5.103859e-04 3.744546e-05 9.999998e-01 2.250481e-01
9.999861e-01 6.699006e-04 5.228625e-03 2.765559e+01 -6.683020e-04 9.999997e-01 -3.074661e-04 -1.813941e+00 -5.228841e-03 3.039662e-04 9.999864e-01 -2.094835e-01
9.999938e-01 -3.020682e-04 -3.505234e-03 2.810181e+01 3.038526e-04 9.999998e-01 5.085531e-04 -1.841194e+00 3.505092e-03 -5.096137e-04 9.999936e-01 -3.429062e-01
9.999906e-01 4.713897e-04 4.319376e-03 2.851623e+01 -4.704288e-04 9.999999e-01 -2.234554e-04 -1.870189e+00 -4.319493e-03 2.214200e-04 9.999907e-01 -2.027989e-01
9.999933e-01 -3.834175e-04 -3.631735e-03 2.899926e+01 3.854287e-04 9.999998e-01 5.530966e-04 -1.905861e+00 3.631534e-03 -5.544913e-04 9.999932e-01 4.149004e-02
9.999890e-01 4.817842e-04 4.662125e-03 2.948043e+01 -4.816623e-04 9.999999e-01 -2.725163e-05 -1.941906e+00 -4.662149e-03 2.500435e-05 9.999892e-01 3.252609e-01
9.999916e-01 -4.564390e-04 -4.081616e-03 2.992475e+01 4.583192e-04 9.999998e-01 4.597522e-04 -1.975677e+00 4.081417e-03 -4.616175e-04 9.999915e-01 6.096653e-01
9.999870e-01 5.955891e-04 5.056869e-03 3.040054e+01 -5.958779e-04 9.999998e-01 5.562425e-05 -2.011777e+00 -5.056847e-03 -5.863832e-05 9.999873e-01 9.440822e-01
9.999898e-01 -4.961393e-04 -4.493718e-03 3.084844e+01 4.977048e-04 9.999998e-01 3.472977e-04 -2.044525e+00 4.493557e-03 -3.495291e-04 9.999897e-01 1.192275e+00
9.999856e-01 6.064051e-04 5.336054e-03 3.126669e+01 -6.069329e-04 9.999998e-01 9.732140e-05 -2.076486e+00 -5.336006e-03 -1.005602e-04 9.999859e-01 1.465018e+00
9.999888e-01 -4.449552e-04 -4.718143e-03 3.164715e+01 4.461076e-04 9.999999e-01 2.432250e-04 -2.105188e+00 4.718046e-03 -2.453255e-04 9.999887e-01 1.725207e+00
9.999851e-01 5.172365e-04 5.426733e-03 3.200047e+01 -5.181345e-04 9.999999e-01 1.640884e-04 -2.133488e+00 -5.426659e-03 -1.668994e-04 9.999854e-01 2.004686e+00
9.999881e-01 -3.248096e-04 -4.876186e-03 3.229777e+01 3.254791e-04 9.999999e-01 1.365152e-04 -2.157387e+00 4.876154e-03 -1.380990e-04 9.999880e-01 2.255146e+00
9.999852e-01 4.314200e-04 5.423677e-03 3.265561e+01 -4.327177e-04 9.999999e-01 2.381193e-04 -2.184675e+00 -5.423586e-03 -2.404645e-04 9.999854e-01 2.510644e+00
9.999886e-01 -5.741367e-04 -4.729742e-03 3.283345e+01 5.745817e-04 9.999998e-01 9.274692e-05 -2.205162e+00 4.729700e-03 -9.546172e-05 9.999887e-01 2.924482e+00
9.999822e-01 5.482660e-04 5.942926e-03 3.294094e+01 -5.486016e-04 9.999998e-01 5.486434e-05 -2.223734e+00 -5.942907e-03 -5.812545e-05 9.999824e-01 3.385484e+00
9.999866e-01 -5.461752e-04 -5.140414e-03 3.310330e+01 5.472292e-04 9.999998e-01 2.036496e-04 -2.242963e+00 5.140314e-03 -2.064580e-04 9.999867e-01 3.726165e+00
9.999841e-01 6.267095e-04 5.600154e-03 3.334234e+01 -6.269090e-04 9.999998e-01 3.388561e-05 -2.263788e+00 -5.600144e-03 -3.739770e-05 9.999844e-01 4.021958e+00
9.999896e-01 -5.666484e-04 -4.535504e-03 3.356133e+01 5.679106e-04 9.999998e-01 2.770229e-04 -2.285598e+00 4.535359e-03 -2.795939e-04 9.999896e-01 4.362144e+00
9.999870e-01 7.304999e-04 5.036568e-03 3.375803e+01 -7.301292e-04 9.999997e-01 -7.541613e-05 -2.304353e+00 -5.036634e-03 7.173592e-05 9.999874e-01 4.636369e+00
9.999904e-01 -6.398557e-04 -4.331986e-03 3.401358e+01 6.415050e-04 9.999997e-01 3.793769e-04 -2.327324e+00 4.331755e-03 -3.821504e-04 9.999904e-01 4.934396e+00
9.999854e-01 7.438473e-04 5.345116e-03 3.433239e+01 -7.437316e-04 9.999997e-01 -2.361351e-05 -2.353364e+00 -5.345145e-03 1.963587e-05 9.999858e-01 5.188405e+00
9.999882e-01 -7.210180e-04 -4.797582e-03 3.465988e+01 7.231127e-04 9.999996e-01 4.349086e-04 -2.380406e+00 4.797280e-03 -4.383707e-04 9.999883e-01 5.496280e+00
9.999691e-01 6.554379e-04 7.836636e-03 3.479278e+01 -6.529089e-04 9.999997e-01 -3.252553e-04 -2.388855e+00 -7.836860e-03 3.201266e-04 9.999693e-01 5.398170e+00
9.999869e-01 -2.030059e-04 -5.111009e-03 3.509936e+01 2.020958e-04 1.000000e+00 -1.785512e-04 -2.405675e+00 5.111059e-03 1.775179e-04 9.999868e-01 5.116005e+00
9.999829e-01 4.279640e-04 5.830533e-03 3.554962e+01 -4.309821e-04 9.999998e-01 5.164024e-04 -2.436281e+00 -5.830324e-03 -5.189084e-04 9.999830e-01 5.203207e+00
9.999861e-01 -1.594585e-04 -5.263759e-03 3.601501e+01 1.586368e-04 1.000000e+00 -1.564880e-04 -2.467038e+00 5.263798e-03 1.556528e-04 9.999860e-01 5.284962e+00
9.999833e-01 4.408061e-04 5.769607e-03 3.644380e+01 -4.435532e-04 9.999998e-01 4.748781e-04 -2.496596e+00 -5.769410e-03 -4.774313e-04 9.999833e-01 5.400225e+00
9.999861e-01 -3.434205e-04 -5.269317e-03 3.690423e+01 3.425415e-04 9.999999e-01 -1.676896e-04 -2.529433e+00 5.269388e-03 1.658844e-04 9.999860e-01 5.576877e+00
9.999809e-01 5.168557e-04 6.153906e-03 3.735549e+01 -5.202068e-04 9.999997e-01 5.429832e-04 -2.561805e+00 -6.153637e-03 -5.461763e-04 9.999810e-01 5.714757e+00
9.999860e-01 -3.060747e-04 -5.278572e-03 3.784147e+01 3.039595e-04 9.999999e-01 -4.014750e-04 -2.594543e+00 5.278708e-03 3.998671e-04 9.999859e-01 5.833521e+00
9.999796e-01 5.722894e-04 6.368875e-03 3.843370e+01 -5.767606e-04 9.999996e-01 7.002549e-04 -2.633654e+00 -6.368486e-03 -7.039161e-04 9.999796e-01 5.936685e+00
9.999861e-01 -4.115249e-04 -5.261358e-03 3.913617e+01 4.098597e-04 9.999999e-01 -3.175369e-04 -2.680638e+00 5.261502e-03 3.153782e-04 9.999860e-01 6.075570e+00
9.999800e-01 6.516052e-04 6.290434e-03 3.989552e+01 -6.570247e-04 9.999994e-01 8.595283e-04 -2.732131e+00 -6.289885e-03 -8.636464e-04 9.999799e-01 6.252935e+00
9.999851e-01 -3.602243e-04 -5.443860e-03 4.049184e+01 3.576651e-04 9.999998e-01 -4.710499e-04 -2.772850e+00 5.444043e-03 4.690982e-04 9.999850e-01 6.403595e+00
9.999801e-01 5.404363e-04 6.286455e-03 4.105871e+01 -5.462397e-04 9.999994e-01 9.215059e-04 -2.810095e+00 -6.285967e-03 -9.249239e-04 9.999799e-01 6.481154e+00
9.999865e-01 -2.713109e-04 -5.181496e-03 4.153275e+01 2.681444e-04 9.999998e-01 -6.117649e-04 -2.840808e+00 5.181675e-03 6.103696e-04 9.999863e-01 6.519852e+00
9.999810e-01 4.830671e-04 6.145054e-03 4.199917e+01 -4.877305e-04 9.999996e-01 7.574408e-04 -2.870812e+00 -6.144701e-03 -7.604259e-04 9.999809e-01 6.542618e+00
9.999860e-01 -2.806900e-04 -5.291223e-03 4.244400e+01 2.779706e-04 9.999998e-01 -5.146502e-04 -2.899754e+00 5.291381e-03 5.131746e-04 9.999858e-01 6.533948e+00
9.999782e-01 2.355225e-04 6.597068e-03 4.287692e+01 -2.388051e-04 9.999998e-01 4.968119e-04 -2.925757e+00 -6.596965e-03 -4.983789e-04 9.999782e-01 6.475026e+00
9.999821e-01 -4.459371e-05 -5.977823e-03 4.337071e+01 4.315664e-05 1.000000e+00 -2.404987e-04 -2.958103e+00 5.977849e-03 2.402389e-04 9.999820e-01 6.542725e+00
9.999777e-01 4.570534e-04 6.659160e-03 4.389100e+01 -4.601454e-04 9.999998e-01 4.628214e-04 -2.994253e+00 -6.658962e-03 -4.658778e-04 9.999778e-01 6.666249e+00
9.999838e-01 -3.247139e-04 -5.685754e-03 4.430948e+01 3.245953e-04 9.999999e-01 -2.174453e-05 -3.024513e+00 5.685776e-03 1.990114e-05 9.999837e-01 6.792175e+00
9.999796e-01 5.958182e-04 6.354439e-03 4.467895e+01 -5.974818e-04 9.999998e-01 2.599279e-04 -3.050658e+00 -6.354298e-03 -2.637219e-04 9.999799e-01 6.860562e+00
9.999856e-01 -4.092741e-04 -5.342023e-03 4.501663e+01 4.091047e-04 9.999999e-01 -3.276043e-05 -3.073759e+00 5.342051e-03 3.057710e-05 9.999856e-01 6.864048e+00
9.999801e-01 7.216793e-04 6.266333e-03 4.542651e+01 -7.225457e-04 9.999997e-01 1.360302e-04 -3.101365e+00 -6.266248e-03 -1.405578e-04 9.999805e-01 6.930165e+00
9.999862e-01 -6.299726e-04 -5.216837e-03 4.589230e+01 6.307777e-04 9.999998e-01 1.527168e-04 -3.132527e+00 5.216756e-03 -1.560027e-04 9.999863e-01 6.996715e+00
9.999804e-01 8.016736e-04 6.202699e-03 4.641053e+01 -8.024960e-04 9.999997e-01 1.301163e-04 -3.167411e+00 -6.202608e-03 -1.350940e-04 9.999809e-01 7.100084e+00
9.999839e-01 -6.787783e-04 -5.637960e-03 4.694206e+01 6.807671e-04 9.999997e-01 3.508760e-04 -3.204319e+00 5.637736e-03 -3.547058e-04 9.999839e-01 7.295377e+00
9.999801e-01 8.495856e-04 6.249753e-03 4.750737e+01 -8.500516e-04 9.999996e-01 7.193805e-05 -3.242220e+00 -6.249705e-03 -7.725200e-05 9.999806e-01 7.442956e+00
9.999849e-01 -5.261970e-04 -5.474556e-03 4.801515e+01 5.282333e-04 9.999998e-01 3.705496e-04 -3.277330e+00 5.474376e-03 -3.734330e-04 9.999848e-01 7.625588e+00
9.999807e-01 7.060816e-04 6.167340e-03 4.851574e+01 -7.058017e-04 9.999997e-01 -4.751215e-05 -3.313715e+00 -6.167388e-03 4.315547e-05 9.999811e-01 7.879995e+00
9.999851e-01 -5.982685e-04 -5.417477e-03 4.906287e+01 6.018710e-04 9.999996e-01 6.634213e-04 -3.354158e+00 5.417094e-03 -6.666692e-04 9.999850e-01 8.200063e+00
9.999786e-01 8.921960e-04 6.484957e-03 4.958278e+01 -8.907221e-04 9.999996e-01 -2.301343e-04 -3.392315e+00 -6.485176e-03 2.243502e-04 9.999790e-01 8.499122e+00
9.999833e-01 -6.409560e-04 -5.751475e-03 5.013500e+01 6.458124e-04 9.999994e-01 8.426060e-04 -3.432835e+00 5.750948e-03 -8.463033e-04 9.999830e-01 8.814146e+00
9.999791e-01 8.188865e-04 6.408965e-03 5.070487e+01 -8.173457e-04 9.999996e-01 -2.429939e-04 -3.473471e+00 -6.409178e-03 2.377474e-04 9.999795e-01 9.124908e+00
9.999832e-01 -6.977967e-04 -5.754944e-03 5.134607e+01 7.023282e-04 9.999994e-01 7.854693e-04 -3.518276e+00 5.754409e-03 -7.894949e-04 9.999830e-01 9.391306e+00
9.999786e-01 9.647620e-04 6.470944e-03 5.198724e+01 -9.637625e-04 9.999995e-01 -1.575449e-04 -3.564401e+00 -6.471109e-03 1.513018e-04 9.999792e-01 9.694962e+00
9.999828e-01 -7.517367e-04 -5.816831e-03 5.256909e+01 7.554137e-04 9.999995e-01 6.299907e-04 -3.607213e+00 5.816371e-03 -6.343708e-04 9.999828e-01 1.002481e+01
9.999764e-01 9.983118e-04 6.797697e-03 5.319195e+01 -9.970194e-04 9.999995e-01 -1.934727e-04 -3.654416e+00 -6.797903e-03 1.866874e-04 9.999770e-01 1.041255e+01
9.999828e-01 -6.979193e-04 -5.825049e-03 5.380849e+01 7.014193e-04 9.999996e-01 5.988747e-04 -3.700764e+00 5.824645e-03 -6.029469e-04 9.999828e-01 1.076573e+01
9.999757e-01 9.674628e-04 6.901761e-03 5.438788e+01 -9.654626e-04 9.999995e-01 -2.931082e-04 -3.745148e+00 -6.902057e-03 2.864343e-04 9.999762e-01 1.113801e+01
9.999831e-01 -6.907617e-04 -5.774260e-03 5.491057e+01 6.945037e-04 9.999996e-01 6.461121e-04 -3.785855e+00 5.773828e-03 -6.501080e-04 9.999830e-01 1.147791e+01
9.999789e-01 8.912004e-04 6.431692e-03 5.537815e+01 -8.885362e-04 9.999995e-01 -4.170393e-04 -3.821345e+00 -6.432077e-03 4.113123e-04 9.999793e-01 1.172104e+01
9.999828e-01 -7.058495e-04 -5.826440e-03 5.589921e+01 7.107080e-04 9.999994e-01 8.318761e-04 -3.860864e+00 5.825866e-03 -8.359992e-04 9.999826e-01 1.200230e+01
9.999726e-01 7.781409e-04 7.361599e-03 5.636304e+01 -7.750554e-04 9.999996e-01 -4.219443e-04 -3.899082e+00 -7.361941e-03 4.162236e-04 9.999729e-01 1.237151e+01
9.999793e-01 -5.728717e-04 -6.409572e-03 5.673284e+01 5.772473e-04 9.999996e-01 6.808907e-04 -3.928953e+00 6.409196e-03 -6.845730e-04 9.999791e-01 1.267537e+01
9.999744e-01 7.729227e-04 7.116861e-03 5.706351e+01 -7.697275e-04 9.999996e-01 -4.516562e-04 -3.955758e+00 -7.117225e-03 4.461630e-04 9.999747e-01 1.293070e+01
9.999793e-01 -5.552211e-04 -6.408705e-03 5.736724e+01 5.590690e-04 9.999997e-01 5.986918e-04 -3.981011e+00 6.408388e-03 -6.022587e-04 9.999792e-01 1.317972e+01
9.999759e-01 7.355006e-04 6.906560e-03 5.766314e+01 -7.324812e-04 9.999996e-01 -4.396594e-04 -4.005411e+00 -6.906898e-03 4.345862e-04 9.999762e-01 1.341742e+01
9.999804e-01 -5.778651e-04 -6.242104e-03 5.803840e+01 5.819195e-04 9.999996e-01 6.477742e-04 -4.032424e+00 6.241745e-03 -6.513903e-04 9.999802e-01 1.354254e+01
9.999743e-01 8.126275e-04 7.121849e-03 5.814580e+01 -8.075144e-04 9.999994e-01 -7.207516e-04 -4.043734e+00 -7.122448e-03 7.149785e-04 9.999745e-01 1.364677e+01
9.999796e-01 -8.311758e-04 -6.331726e-03 5.828899e+01 8.359104e-04 9.999994e-01 7.451937e-04 -4.058885e+00 6.331121e-03 -7.504676e-04 9.999796e-01 1.377661e+01
9.999742e-01 8.977132e-04 7.122224e-03 5.874361e+01 -8.937135e-04 9.999994e-01 -5.646879e-04 -4.090544e+00 -7.122745e-03 5.583045e-04 9.999746e-01 1.390458e+01
9.999804e-01 -8.783254e-04 -6.199935e-03 5.928693e+01 8.837794e-04 9.999992e-01 8.770550e-04 -4.128095e+00 6.199178e-03 -8.825135e-04 9.999803e-01 1.404758e+01
9.999754e-01 9.938383e-04 6.939884e-03 5.999063e+01 -9.909890e-04 9.999994e-01 -4.139502e-04 -4.177420e+00 -6.940309e-03 4.070590e-04 9.999759e-01 1.426247e+01
9.999777e-01 -4.119080e-04 -6.660329e-03 6.061189e+01 4.148130e-04 9.999998e-01 4.348513e-04 -4.223031e+00 6.660167e-03 -4.376006e-04 9.999776e-01 1.453667e+01
9.999695e-01 8.322340e-04 7.769609e-03 6.123209e+01 -8.310237e-04 9.999996e-01 -1.589601e-04 -4.270252e+00 -7.769756e-03 1.524948e-04 9.999699e-01 1.490188e+01
9.999773e-01 -4.593147e-04 -6.728187e-03 6.176710e+01 4.615484e-04 9.999998e-01 3.305028e-04 -4.311638e+00 6.728052e-03 -3.335969e-04 9.999772e-01 1.520059e+01
9.999705e-01 7.966178e-04 7.640291e-03 6.225029e+01 -7.954708e-04 9.999997e-01 -1.531201e-04 -4.348942e+00 -7.640429e-03 1.470341e-04 9.999709e-01 1.545531e+01
9.999754e-01 -7.039001e-04 -6.977428e-03 6.267368e+01 7.054202e-04 9.999997e-01 2.154569e-04 -4.382884e+00 6.977292e-03 -2.203699e-04 9.999755e-01 1.567771e+01
9.999697e-01 8.937747e-04 7.737755e-03 6.322329e+01 -8.932729e-04 9.999996e-01 -6.825770e-05 -4.424907e+00 -7.737831e-03 6.133988e-05 9.999702e-01 1.594433e+01
9.999780e-01 -5.726378e-04 -6.603835e-03 6.400617e+01 5.750141e-04 9.999998e-01 3.579940e-04 -4.479047e+00 6.603647e-03 -3.617796e-04 9.999780e-01 1.610185e+01
9.999683e-01 8.871223e-04 7.915273e-03 6.482866e+01 -8.872749e-04 9.999996e-01 1.581047e-05 -4.534847e+00 -7.915275e-03 -2.283689e-05 9.999688e-01 1.625764e+01
9.999743e-01 -5.531534e-04 -7.152600e-03 6.557888e+01 5.545520e-04 9.999998e-01 1.935957e-04 -4.588439e+00 7.152510e-03 -1.975533e-04 9.999743e-01 1.648450e+01
9.999650e-01 9.639699e-04 8.309830e-03 6.636904e+01 -9.644181e-04 9.999995e-01 4.997439e-05 -4.645955e+00 -8.309796e-03 -5.799074e-05 9.999656e-01 1.676552e+01
9.999742e-01 -5.308860e-04 -7.168591e-03 6.707370e+01 5.314606e-04 9.999999e-01 7.830353e-05 -4.700277e+00 7.168567e-03 -8.210737e-05 9.999742e-01 1.713130e+01
9.999675e-01 8.986849e-04 8.015855e-03 6.772656e+01 -8.994015e-04 9.999996e-01 8.583237e-05 -4.750704e+00 -8.015793e-03 -9.304304e-05 9.999680e-01 1.747132e+01
9.999753e-01 -5.433337e-04 -7.006170e-03 6.857993e+01 5.449960e-04 9.999998e-01 2.354193e-04 -4.811049e+00 7.006060e-03 -2.392279e-04 9.999753e-01 1.774392e+01
9.999658e-01 1.095205e-03 8.193193e-03 6.966278e+01 -1.097392e-03 9.999994e-01 2.625470e-04 -4.883342e+00 -8.192919e-03 -2.715332e-04 9.999665e-01 1.793423e+01
9.999749e-01 -7.530998e-04 -7.046168e-03 7.060936e+01 7.541044e-04 9.999997e-01 1.399786e-04 -4.950309e+00 7.046080e-03 -1.452845e-04 9.999751e-01 1.819695e+01
9.999647e-01 1.202806e-03 8.314777e-03 7.149981e+01 -1.203837e-03 9.999993e-01 1.190537e-04 -5.014103e+00 -8.314648e-03 -1.290633e-04 9.999655e-01 1.845334e+01
9.999731e-01 -7.945318e-04 -7.296219e-03 7.241998e+01 7.960263e-04 9.999997e-01 2.019745e-04 -5.078252e+00 7.296075e-03 -2.077729e-04 9.999733e-01 1.870677e+01
9.999629e-01 1.284526e-03 8.514406e-03 7.332449e+01 -1.285866e-03 9.999992e-01 1.518954e-04 -5.143736e+00 -8.514223e-03 -1.628424e-04 9.999638e-01 1.902035e+01
9.999720e-01 -8.532298e-04 -7.432258e-03 7.400188e+01 8.526991e-04 9.999996e-01 -7.451553e-05 -5.196978e+00 7.432338e-03 6.818019e-05 9.999723e-01 1.939122e+01
9.999618e-01 1.035382e-03 8.682719e-03 7.452930e+01 -1.038725e-03 9.999994e-01 3.805911e-04 -5.234187e+00 -8.682339e-03 -3.895998e-04 9.999623e-01 1.945919e+01
9.999705e-01 -7.069039e-04 -7.650760e-03 7.481947e+01 7.048252e-04 9.999997e-01 -2.743232e-04 -5.253840e+00 7.650972e-03 2.689269e-04 9.999706e-01 1.950633e+01
9.999672e-01 8.492271e-04 8.057976e-03 7.502620e+01 -8.524285e-04 9.999996e-01 3.939177e-04 -5.270509e+00 -8.057658e-03 -4.007779e-04 9.999676e-01 1.961552e+01
9.999717e-01 -5.516050e-04 -7.503920e-03 7.528270e+01 5.493240e-04 9.999998e-01 -3.059789e-04 -5.289958e+00 7.504107e-03 3.018525e-04 9.999717e-01 1.970768e+01
9.999682e-01 8.093498e-04 7.938075e-03 7.561055e+01 -8.124543e-04 9.999996e-01 3.879185e-04 -5.315419e+00 -7.937778e-03 -3.943598e-04 9.999685e-01 1.989835e+01
9.999769e-01 -7.683923e-04 -6.758120e-03 7.590021e+01 7.671968e-04 9.999997e-01 -1.794238e-04 -5.344155e+00 6.758276e-03 1.742392e-04 9.999770e-01 2.026803e+01
9.999657e-01 1.205981e-03 8.189625e-03 7.621196e+01 -1.208600e-03 9.999992e-01 3.148870e-04 -5.371949e+00 -8.189259e-03 -3.247785e-04 9.999665e-01 2.066212e+01
9.999731e-01 -8.760304e-04 -7.275564e-03 7.661843e+01 8.746561e-04 9.999996e-01 -1.920043e-04 -5.403606e+00 7.275750e-03 1.856399e-04 9.999734e-01 2.088930e+01
9.999693e-01 1.171718e-03 7.748102e-03 7.698852e+01 -1.174909e-03 9.999992e-01 4.074022e-04 -5.431986e+00 -7.747639e-03 -4.164974e-04 9.999700e-01 2.110253e+01
9.999740e-01 -8.439971e-04 -7.164932e-03 7.732200e+01 8.425997e-04 9.999996e-01 -1.979836e-04 -5.458511e+00 7.165117e-03 1.919457e-04 9.999742e-01 2.132962e+01
9.999719e-01 9.880402e-04 7.432540e-03 7.772357e+01 -9.904754e-04 9.999995e-01 3.240135e-04 -5.488684e+00 -7.432236e-03 -3.313706e-04 9.999724e-01 2.153080e+01
9.999782e-01 -7.071473e-04 -6.571275e-03 7.815046e+01 7.069330e-04 9.999997e-01 -3.486361e-05 -5.520953e+00 6.571319e-03 3.022186e-05 9.999783e-01 2.173169e+01
9.999730e-01 9.432904e-04 7.284304e-03 7.854769e+01 -9.452844e-04 9.999995e-01 2.703541e-04 -5.550019e+00 -7.284066e-03 -2.772371e-04 9.999735e-01 2.188297e+01
9.999773e-01 -7.025077e-04 -6.697340e-03 7.892804e+01 7.029261e-04 9.999998e-01 6.019023e-05 -5.578590e+00 6.697317e-03 -6.489208e-05 9.999775e-01 2.206120e+01
9.999723e-01 8.986583e-04 7.388234e-03 7.927969e+01 -9.002288e-04 9.999996e-01 2.093087e-04 -5.605170e+00 -7.388063e-03 -2.159586e-04 9.999728e-01 2.222179e+01
9.999765e-01 -7.856369e-04 -6.803929e-03 7.963996e+01 7.858596e-04 9.999997e-01 3.012006e-05 -5.632537e+00 6.803924e-03 -3.546172e-05 9.999768e-01 2.240416e+01
9.999712e-01 9.802839e-04 7.529206e-03 8.002230e+01 -9.820172e-04 9.999995e-01 2.265783e-04 -5.660199e+00 -7.529001e-03 -2.339702e-04 9.999717e-01 2.252027e+01
9.999752e-01 -7.656135e-04 -7.007432e-03 8.032065e+01 7.650841e-04 9.999997e-01 -7.815266e-05 -5.682024e+00 7.007510e-03 7.279407e-05 9.999753e-01 2.261038e+01
9.999707e-01 9.618142e-04 7.596198e-03 8.070215e+01 -9.643571e-04 9.999995e-01 3.311648e-04 -5.709851e+00 -7.595896e-03 -3.384852e-04 9.999712e-01 2.275669e+01
9.999752e-01 -7.823641e-04 -6.995727e-03 8.103944e+01 7.813168e-04 9.999997e-01 -1.523690e-04 -5.736202e+00 6.995865e-03 1.469040e-04 9.999754e-01 2.293642e+01
9.999687e-01 1.065913e-03 7.838692e-03 8.115404e+01 -1.067009e-03 9.999994e-01 1.357571e-04 -5.750050e+00 -7.838564e-03 -1.441215e-04 9.999694e-01 2.310057e+01
9.999717e-01 -9.624600e-04 -7.457619e-03 8.141277e+01 9.624910e-04 9.999995e-01 6.381114e-07 -5.770779e+00 7.457637e-03 -7.811302e-06 9.999721e-01 2.324807e+01
9.999642e-01 1.138274e-03 8.386945e-03 8.186701e+01 -1.141686e-03 9.999993e-01 4.021210e-04 -5.803015e+00 -8.386503e-03 -4.116866e-04 9.999648e-01 2.339146e+01
9.999702e-01 -1.031505e-03 -7.644699e-03 8.234295e+01 1.031339e-03 9.999995e-01 -2.553974e-05 -5.836285e+00 7.644743e-03 1.765946e-05 9.999707e-01 2.355031e+01
9.999646e-01 1.196055e-03 8.331621e-03 8.283838e+01 -1.199552e-03 9.999992e-01 4.148096e-04 -5.871827e+00 -8.331140e-03 -4.247939e-04 9.999653e-01 2.374585e+01
9.999695e-01 -1.031350e-03 -7.747486e-03 8.331794e+01 1.030953e-03 9.999995e-01 -5.511875e-05 -5.904623e+00 7.747560e-03 4.713461e-05 9.999699e-01 2.389858e+01
9.999628e-01 1.172349e-03 8.542649e-03 8.384582e+01 -1.176547e-03 9.999992e-01 4.864324e-04 -5.941320e+00 -8.542093e-03 -4.964701e-04 9.999635e-01 2.409345e+01
9.999678e-01 -9.061429e-04 -7.972649e-03 8.433203e+01 9.057027e-04 9.999996e-01 -5.875968e-05 -5.975444e+00 7.972721e-03 5.154187e-05 9.999681e-01 2.427668e+01
9.999579e-01 9.159343e-04 9.126260e-03 8.490414e+01 -9.206918e-04 9.999994e-01 5.171625e-04 -6.016424e+00 -9.125803e-03 -5.255482e-04 9.999583e-01 2.451537e+01
9.999629e-01 -5.855290e-04 -8.598120e-03 8.545009e+01 5.857025e-04 9.999998e-01 1.771729e-05 -6.055317e+00 8.598130e-03 -2.274753e-05 9.999629e-01 2.472247e+01
9.999575e-01 8.537181e-04 9.175139e-03 8.585040e+01 -8.558371e-04 9.999996e-01 2.270847e-04 -6.084733e+00 -9.174963e-03 -2.349325e-04 9.999580e-01 2.490712e+01
9.999637e-01 -7.124417e-04 -8.486804e-03 8.638221e+01 7.132663e-04 9.999997e-01 9.420658e-05 -6.123114e+00 8.486756e-03 -1.002514e-04 9.999639e-01 2.514617e+01
9.999546e-01 9.282932e-04 9.480651e-03 8.693641e+01 -9.324591e-04 9.999995e-01 4.350541e-04 -6.162015e+00 -9.480264e-03 -4.438799e-04 9.999551e-01 2.533436e+01
9.999609e-01 -6.865438e-04 -8.811280e-03 8.739335e+01 6.849002e-04 9.999997e-01 -1.894809e-04 -6.196906e+00 8.811430e-03 1.834438e-04 9.999611e-01 2.563566e+01
9.999533e-01 8.805331e-04 9.629324e-03 8.776979e+01 -8.845315e-04 9.999995e-01 4.110337e-04 -6.227180e+00 -9.628980e-03 -4.195372e-04 9.999537e-01 2.593133e+01
9.999600e-01 -8.169923e-04 -8.904061e-03 8.824761e+01 8.156303e-04 9.999997e-01 -1.565179e-04 -6.263746e+00 8.904208e-03 1.492544e-04 9.999602e-01 2.623670e+01
9.999536e-01 8.690264e-04 9.590440e-03 8.891541e+01 -8.747610e-04 9.999994e-01 5.938302e-04 -6.311263e+00 -9.589941e-03 -6.021973e-04 9.999539e-01 2.652954e+01
9.999611e-01 -6.440384e-04 -8.791780e-03 8.966967e+01 6.438310e-04 9.999998e-01 -2.634994e-05 -6.364449e+00 8.791818e-03 2.069383e-05 9.999613e-01 2.677500e+01
9.999517e-01 8.250155e-04 9.791935e-03 9.053291e+01 -8.296715e-04 9.999995e-01 4.715061e-04 -6.423727e+00 -9.791564e-03 -4.796128e-04 9.999520e-01 2.697417e+01
9.999589e-01 -3.153435e-04 -9.062752e-03 9.131993e+01 3.169867e-04 9.999999e-01 1.799431e-04 -6.478778e+00 9.062718e-03 -1.828030e-04 9.999588e-01 2.726391e+01
9.999541e-01 5.493280e-04 9.561955e-03 9.181375e+01 -5.519616e-04 9.999998e-01 2.728509e-04 -6.516439e+00 -9.561826e-03 -2.781217e-04 9.999543e-01 2.760376e+01
9.999613e-01 -4.159207e-04 -8.788139e-03 9.225174e+01 4.166013e-04 9.999999e-01 7.568571e-05 -6.549818e+00 8.788129e-03 -7.933839e-05 9.999613e-01 2.786837e+01
9.999569e-01 6.645439e-04 9.255541e-03 9.266296e+01 -6.670003e-04 9.999997e-01 2.623742e-04 -6.580778e+00 -9.255387e-03 -2.685420e-04 9.999572e-01 2.810192e+01
9.999633e-01 -5.368621e-04 -8.547957e-03 9.305552e+01 5.370395e-04 9.999999e-01 1.853802e-05 -6.611907e+00 8.547968e-03 -2.312232e-05 9.999634e-01 2.836715e+01
9.999588e-01 7.629340e-04 9.045699e-03 9.355668e+01 -7.671794e-04 9.999996e-01 4.659322e-04 -6.649625e+00 -9.045363e-03 -4.728583e-04 9.999591e-01 2.866088e+01
9.999660e-01 -7.409211e-04 -8.215316e-03 9.414376e+01 7.404093e-04 9.999997e-01 -6.525513e-05 -6.690381e+00 8.215385e-03 5.917591e-05 9.999662e-01 2.879959e+01
9.999589e-01 1.145268e-03 8.990671e-03 9.476955e+01 -1.148527e-03 9.999993e-01 3.573860e-04 -6.733292e+00 -8.990278e-03 -3.677031e-04 9.999596e-01 2.893857e+01
9.999653e-01 -9.913573e-04 -8.271353e-03 9.523672e+01 9.910113e-04 9.999995e-01 -4.584407e-05 -6.765674e+00 8.271418e-03 3.765124e-05 9.999657e-01 2.905862e+01
9.999608e-01 1.261259e-03 8.765141e-03 9.562341e+01 -1.263494e-03 9.999992e-01 2.495532e-04 -6.794216e+00 -8.764842e-03 -2.606240e-04 9.999617e-01 2.924429e+01
9.999638e-01 -1.151218e-03 -8.425185e-03 9.590464e+01 1.150549e-03 9.999993e-01 -8.407964e-05 -6.816096e+00 8.425300e-03 7.438880e-05 9.999644e-01 2.942620e+01
9.999589e-01 1.309185e-03 8.974953e-03 9.641904e+01 -1.313901e-03 9.999990e-01 5.196809e-04 -6.852034e+00 -8.974287e-03 -5.314576e-04 9.999597e-01 2.955904e+01
9.999641e-01 -1.143596e-03 -8.391209e-03 9.688013e+01 1.142255e-03 9.999993e-01 -1.644748e-04 -6.885906e+00 8.391414e-03 1.548899e-04 9.999647e-01 2.978246e+01
9.999552e-01 1.219426e-03 9.388829e-03 9.749082e+01 -1.224736e-03 9.999991e-01 5.599187e-04 -6.928613e+00 -9.388161e-03 -5.713984e-04 9.999559e-01 2.997309e+01
9.999627e-01 -9.031748e-04 -8.595180e-03 9.820738e+01 9.022885e-04 9.999996e-01 -1.069139e-04 -6.975720e+00 8.595297e-03 9.916050e-05 9.999630e-01 3.008718e+01
9.999538e-01 1.311175e-03 9.519906e-03 9.883147e+01 -1.315541e-03 9.999990e-01 4.524080e-04 -7.018433e+00 -9.519327e-03 -4.649169e-04 9.999547e-01 3.025696e+01
9.999605e-01 -1.007652e-03 -8.831448e-03 9.936379e+01 1.007339e-03 9.999995e-01 -3.981535e-05 -7.055193e+00 8.831507e-03 3.092358e-05 9.999609e-01 3.044790e+01
9.999533e-01 1.218667e-03 9.585891e-03 9.980205e+01 -1.222248e-03 9.999992e-01 3.677994e-04 -7.088793e+00 -9.585459e-03 -3.795047e-04 9.999541e-01 3.070637e+01
9.999603e-01 -1.097366e-03 -8.847944e-03 1.002950e+02 1.096720e-03 9.999994e-01 -7.774686e-05 -7.124631e+00 8.848048e-03 6.804617e-05 9.999608e-01 3.090194e+01
9.999505e-01 1.157790e-03 9.877693e-03 1.009674e+02 -1.163478e-03 9.999992e-01 5.701675e-04 -7.169178e+00 -9.877048e-03 -5.816380e-04 9.999512e-01 3.099142e+01
9.999602e-01 -7.956944e-04 -8.885688e-03 1.016801e+02 7.956747e-04 9.999997e-01 -5.662418e-06 -7.215871e+00 8.885713e-03 -1.401690e-06 9.999604e-01 3.109780e+01
9.999531e-01 1.032130e-03 9.628246e-03 1.022209e+02 -1.037101e-03 9.999993e-01 5.114371e-04 -7.253101e+00 -9.627736e-03 -5.214049e-04 9.999536e-01 3.125148e+01
9.999622e-01 -9.094017e-04 -8.642428e-03 1.026744e+02 9.083277e-04 9.999996e-01 -1.280991e-04 -7.283377e+00 8.642565e-03 1.202504e-04 9.999625e-01 3.130917e+01
9.999558e-01 1.071091e-03 9.343103e-03 1.032197e+02 -1.076785e-03 9.999992e-01 6.044915e-04 -7.319686e+00 -9.342473e-03 -6.145317e-04 9.999563e-01 3.138969e+01
9.999631e-01 -1.011554e-03 -8.526384e-03 1.037233e+02 1.009843e-03 9.999995e-01 -2.049572e-04 -7.353916e+00 8.526611e-03 1.963458e-04 9.999635e-01 3.146449e+01
9.999552e-01 1.134955e-03 9.392318e-03 1.042651e+02 -1.140939e-03 9.999991e-01 6.318661e-04 -7.390476e+00 -9.391617e-03 -6.425604e-04 9.999558e-01 3.156694e+01
9.999644e-01 -1.131976e-03 -8.365011e-03 1.048715e+02 1.131065e-03 9.999994e-01 -1.135478e-04 -7.430930e+00 8.365158e-03 1.040889e-04 9.999649e-01 3.163253e+01
9.999547e-01 1.232766e-03 9.433501e-03 1.055815e+02 -1.239078e-03 9.999990e-01 6.634094e-04 -7.476916e+00 -9.432699e-03 -6.750748e-04 9.999554e-01 3.165689e+01
9.999616e-01 -1.086136e-03 -8.699809e-03 1.062103e+02 1.085480e-03 9.999994e-01 -8.005615e-05 -7.519392e+00 8.699915e-03 7.061623e-05 9.999621e-01 3.179302e+01
9.999538e-01 1.182293e-03 9.537874e-03 1.068299e+02 -1.187014e-03 9.999992e-01 4.893284e-04 -7.561289e+00 -9.537312e-03 -5.006341e-04 9.999545e-01 3.192320e+01
9.999603e-01 -9.176100e-04 -8.859660e-03 1.074042e+02 9.172982e-04 9.999996e-01 -3.915107e-05 -7.601662e+00 8.859717e-03 3.102928e-05 9.999607e-01 3.209614e+01
9.999545e-01 8.648362e-04 9.501860e-03 1.079416e+02 -8.700471e-04 9.999995e-01 5.443671e-04 -7.640254e+00 -9.501409e-03 -5.526162e-04 9.999548e-01 3.232837e+01
9.999631e-01 -7.739398e-04 -8.555058e-03 1.085783e+02 7.736274e-04 9.999997e-01 -3.972436e-05 -7.683978e+00 8.555111e-03 3.311128e-05 9.999633e-01 3.251456e+01
9.999584e-01 8.928585e-04 9.081360e-03 1.092206e+02 -8.991594e-04 9.999994e-01 6.898539e-04 -7.727541e+00 -9.080763e-03 -6.979977e-04 9.999586e-01 3.268221e+01
9.999623e-01 -7.962579e-04 -8.647714e-03 1.097474e+02 7.935921e-04 9.999996e-01 -3.115902e-04 -7.767719e+00 8.647984e-03 3.047226e-04 9.999625e-01 3.301377e+01
9.999550e-01 6.707671e-04 9.468372e-03 1.103002e+02 -6.783698e-04 9.999995e-01 7.998575e-04 -7.804465e+00 -9.467855e-03 -8.062515e-04 9.999550e-01 3.316792e+01
9.999625e-01 -5.557932e-04 -8.646704e-03 1.109220e+02 5.520333e-04 9.999998e-01 -4.371146e-04 -7.845671e+00 8.646970e-03 4.323319e-04 9.999624e-01 3.325248e+01
9.999641e-01 6.745723e-04 8.452455e-03 1.113317e+02 -6.800640e-04 9.999996e-01 6.469602e-04 -7.877965e+00 -8.452040e-03 -6.526922e-04 9.999642e-01 3.352870e+01
9.999634e-01 -7.186356e-04 -8.528901e-03 1.116601e+02 7.170684e-04 9.999997e-01 -1.866998e-04 -7.906302e+00 8.529058e-03 1.805842e-04 9.999635e-01 3.385736e+01
9.999569e-01 9.012995e-04 9.235461e-03 1.122508e+02 -9.049989e-04 9.999995e-01 3.964792e-04 -7.945393e+00 -9.235125e-03 -4.048274e-04 9.999574e-01 3.391153e+01
9.999631e-01 -5.854330e-04 -8.574438e-03 1.127613e+02 5.812523e-04 9.999997e-01 -4.899475e-04 -7.980506e+00 8.574747e-03 4.849526e-04 9.999630e-01 3.402004e+01
9.999567e-01 6.591793e-04 9.285907e-03 1.132880e+02 -6.657471e-04 9.999995e-01 7.043073e-04 -8.015881e+00 -9.285464e-03 -7.104660e-04 9.999567e-01 3.412233e+01
9.999641e-01 -5.381960e-04 -8.451686e-03 1.138360e+02 5.348111e-04 9.999998e-01 -4.026343e-04 -8.053668e+00 8.451926e-03 3.981070e-04 9.999641e-01 3.423191e+01
9.999573e-01 7.154908e-04 9.208837e-03 1.142679e+02 -7.213366e-04 9.999995e-01 6.315883e-04 -8.082833e+00 -9.208406e-03 -6.382113e-04 9.999575e-01 3.427703e+01
9.999639e-01 -5.913578e-04 -8.473282e-03 1.146491e+02 5.881546e-04 9.999998e-01 -3.804111e-04 -8.110019e+00 8.473531e-03 3.754210e-04 9.999639e-01 3.436051e+01
9.999561e-01 6.610993e-04 9.347112e-03 1.149978e+02 -6.657005e-04 9.999997e-01 4.892493e-04 -8.137101e+00 -9.346811e-03 -4.954574e-04 9.999563e-01 3.444768e+01
9.999635e-01 -5.083499e-04 -8.523404e-03 1.153017e+02 5.025868e-04 9.999996e-01 -6.781616e-04 -8.158449e+00 8.523771e-03 6.738603e-04 9.999633e-01 3.446334e+01
9.999510e-01 2.352545e-04 9.898928e-03 1.158945e+02 -2.456285e-04 9.999994e-01 1.046880e-03 -8.197343e+00 -9.898702e-03 -1.049267e-03 9.999506e-01 3.446383e+01
9.999623e-01 -2.044172e-04 -8.683659e-03 1.166482e+02 2.015238e-04 9.999999e-01 -3.339564e-04 -8.240189e+00 8.683753e-03 3.322012e-04 9.999621e-01 3.432284e+01
9.999473e-01 1.425984e-04 1.026734e-02 1.173362e+02 -1.507769e-04 9.999997e-01 7.958731e-04 -8.280088e+00 -1.026724e-02 -7.973866e-04 9.999471e-01 3.417986e+01
9.999575e-01 -2.854918e-05 -9.215865e-03 1.180484e+02 2.678447e-05 1.000000e+00 -1.915005e-04 -8.321733e+00 9.215896e-03 1.912530e-04 9.999574e-01 3.409820e+01
9.999477e-01 2.581764e-04 1.022603e-02 1.185722e+02 -2.625579e-04 9.999999e-01 4.272130e-04 -8.353742e+00 -1.022594e-02 -4.298830e-04 9.999477e-01 3.405302e+01
9.999600e-01 -2.820954e-04 -8.937033e-03 1.192465e+02 2.816427e-04 1.000000e+00 -5.179303e-05 -8.397318e+00 8.937074e-03 4.928138e-05 9.999600e-01 3.407540e+01
9.999492e-01 7.711194e-04 1.004732e-02 1.202192e+02 -7.768190e-04 9.999995e-01 5.634788e-04 -8.461004e+00 -1.004691e-02 -5.712627e-04 9.999495e-01 3.420766e+01
9.999617e-01 -5.260426e-04 -8.737798e-03 1.211525e+02 5.268424e-04 9.999999e-01 8.934636e-05 -8.521984e+00 8.737776e-03 -9.393879e-05 9.999617e-01 3.433114e+01
9.999497e-01 7.912574e-04 9.998832e-03 1.221085e+02 -7.955026e-04 9.999996e-01 4.207004e-04 -8.583267e+00 -9.998522e-03 -4.286410e-04 9.999500e-01 3.443183e+01
9.999612e-01 -3.923038e-04 -8.801647e-03 1.229717e+02 3.929128e-04 9.999999e-01 6.758079e-05 -8.639490e+00 8.801647e-03 -7.102875e-05 9.999612e-01 3.453821e+01
9.999490e-01 3.856761e-04 1.009273e-02 1.236985e+02 -3.917521e-04 9.999997e-01 6.001486e-04 -8.685910e+00 -1.009252e-02 -6.040796e-04 9.999490e-01 3.454666e+01
9.999543e-01 -2.400417e-05 -9.555553e-03 1.243520e+02 1.985812e-05 9.999999e-01 -4.338685e-04 -8.730407e+00 9.555590e-03 4.336668e-04 9.999542e-01 3.465057e+01
9.999427e-01 1.158194e-04 1.070213e-02 1.250747e+02 -1.245942e-04 9.999997e-01 8.193364e-04 -8.778569e+00 -1.070206e-02 -8.206308e-04 9.999425e-01 3.479644e+01
9.999569e-01 -6.785536e-05 -9.279413e-03 1.260305e+02 6.414297e-05 9.999999e-01 -4.002432e-04 -8.837076e+00 9.279467e-03 3.996387e-04 9.999568e-01 3.478929e+01
9.999414e-01 1.301566e-04 1.082597e-02 1.269729e+02 -1.364784e-04 9.999998e-01 5.833090e-04 -8.893400e+00 -1.082592e-02 -5.847602e-04 9.999413e-01 3.469338e+01
9.999556e-01 1.145333e-04 -9.425690e-03 1.279034e+02 -1.165631e-04 1.000000e+00 -2.146859e-04 -8.949581e+00 9.425693e-03 2.157830e-04 9.999555e-01 3.464272e+01
9.999470e-01 2.506935e-04 1.029226e-02 1.287011e+02 -2.566397e-04 9.999998e-01 5.765163e-04 -9.000762e+00 -1.029214e-02 -5.791351e-04 9.999470e-01 3.473509e+01
9.999573e-01 -3.735604e-05 -9.245375e-03 1.292632e+02 3.505926e-05 1.000000e+00 -2.484614e-04 -9.039447e+00 9.245412e-03 2.481346e-04 9.999571e-01 3.486178e+01
9.999426e-01 -2.949046e-04 1.070661e-02 1.300853e+02 2.906338e-04 9.999999e-01 4.005480e-04 -9.090460e+00 -1.070675e-02 -3.974213e-04 9.999427e-01 3.475994e+01
9.999621e-01 6.020581e-04 -8.689412e-03 1.312105e+02 -6.030496e-04 9.999998e-01 -1.113556e-04 -9.158027e+00 8.689371e-03 1.165995e-04 9.999621e-01 3.466342e+01
9.999510e-01 -2.486892e-04 9.900968e-03 1.321818e+02 2.435678e-04 9.999998e-01 5.185724e-04 -9.219970e+00 -9.901124e-03 -5.161435e-04 9.999509e-01 3.467815e+01
