9.958743e-01 -8.233047e-02 -3.815908e-02 3.577009e-01 8.114521e-02 9.962001e-01 -3.163586e-02 -1.914370e-02 4.061868e-02 2.840891e-02 9.987709e-01 1.690077e-01
9.956583e-01 6.207789e-02 -6.936076e-02 6.543492e-01 -5.564817e-02 9.942884e-01 9.107115e-02 -2.684738e-02 7.461809e-02 -8.681594e-02 9.934259e-01 3.029161e-01
9.940400e-01 -8.354608e-02 7.003179e-02 9.821802e-01 9.082456e-02 9.899759e-01 -1.081600e-01 -3.273109e-02 -6.029342e-02 1.138760e-01 9.916638e-01 4.202158e-01
9.987642e-01 3.754637e-04 -4.969757e-02 1.350986e+00 2.957187e-03 9.977507e-01 6.696810e-02 -5.634365e-02 4.961092e-02 -6.703231e-02 9.965165e-01 5.847426e-01
9.957820e-01 -6.411155e-02 6.563439e-02 1.697546e+00 6.977593e-02 9.936739e-01 -8.799716e-02 -7.037449e-02 -5.957753e-02 9.220569e-02 9.939561e-01 7.440728e-01
9.984997e-01 2.039438e-02 -5.081732e-02 2.029967e+00 -1.735756e-02 9.980774e-01 5.950041e-02 -8.655254e-02 5.193308e-02 -5.852908e-02 9.969339e-01 9.071554e-01
9.946828e-01 -7.019250e-02 7.535958e-02 2.385935e+00 7.556461e-02 9.946119e-01 -7.097341e-02 -1.105697e-01 -6.997172e-02 7.629056e-02 9.946275e-01 1.071952e+00
9.994423e-01 -1.629381e-03 -3.335358e-02 2.767939e+00 3.046789e-03 9.990923e-01 4.248981e-02 -1.347192e-01 3.325407e-02 -4.256775e-02 9.985399e-01 1.212098e+00
9.978796e-01 -4.625439e-02 4.579169e-02 3.138712e+00 4.859478e-02 9.974957e-01 -5.138901e-02 -1.596449e-01 -4.330004e-02 5.350529e-02 9.976284e-01 1.364860e+00
9.980687e-01 -3.044878e-02 -5.414497e-02 3.521662e+00 3.253196e-02 9.987474e-01 3.801803e-02 -1.938537e-01 5.291954e-02 -3.970606e-02 9.978090e-01 1.516484e+00
9.933182e-01 -8.981798e-03 1.150573e-01 3.879239e+00 1.489629e-02 9.986054e-01 -5.064849e-02 -2.102269e-01 -1.144420e-01 5.202401e-02 9.920669e-01 1.665579e+00
9.602420e-01 -1.650348e-01 -2.251639e-01 4.244347e+00 1.837131e-01 9.808585e-01 6.454487e-02 -2.744037e-01 2.102017e-01 -1.033443e-01 9.721805e-01 1.781862e+00
9.900924e-01 1.335484e-01 4.337988e-02 4.445064e+00 -1.341222e-01 9.909083e-01 1.058453e-02 -3.177708e-01 -4.157190e-02 -1.629786e-02 9.990027e-01 1.866288e+00
9.465762e-01 -3.149802e-01 6.914475e-02 4.792821e+00 3.036429e-01 9.427632e-01 1.378354e-01 -3.772922e-01 -1.086026e-01 -1.094764e-01 9.880386e-01 1.997685e+00
9.658881e-01 2.260168e-01 -1.263984e-01 5.162005e+00 -2.260533e-01 9.740108e-01 1.424537e-02 -4.078374e-01 1.263332e-01 1.481332e-02 9.918774e-01 2.104283e+00
9.390118e-01 -3.090918e-01 1.507283e-01 5.508346e+00 3.224332e-01 9.437409e-01 -7.341675e-02 -4.170773e-01 -1.195560e-01 1.175390e-01 9.858452e-01 2.219481e+00
9.616584e-01 2.433001e-01 -1.265629e-01 5.778261e+00 -2.337990e-01 9.685274e-01 8.539670e-02 -4.316842e-01 1.433567e-01 -5.253219e-02 9.882760e-01 2.350030e+00
9.418121e-01 -2.867566e-01 1.753869e-01 6.046955e+00 3.047956e-01 9.485389e-01 -8.586976e-02 -4.578473e-01 -1.417376e-01 1.343304e-01 9.807475e-01 2.341587e+00
9.664078e-01 2.377677e-01 -9.758363e-02 6.410749e+00 -2.174592e-01 9.588272e-01 1.826526e-01 -4.973947e-01 1.369947e-01 -1.552964e-01 9.783229e-01 2.385603e+00
9.514017e-01 -2.711019e-01 1.460771e-01 6.832157e+00 2.940601e-01 9.406359e-01 -1.695072e-01 -5.413549e-01 -9.145166e-02 2.042249e-01 9.746428e-01 2.535875e+00
9.625896e-01 2.542439e-01 -9.370893e-02 7.245502e+00 -2.311498e-01 9.509412e-01 2.056225e-01 -5.813266e-01 1.413900e-01 -1.762693e-01 9.741346e-01 2.677561e+00
9.489788e-01 -2.869783e-01 1.307008e-01 7.642136e+00 3.091250e-01 9.284896e-01 -2.057881e-01 -6.078915e-01 -6.229765e-02 2.356914e-01 9.698290e-01 2.795928e+00
9.613551e-01 2.444307e-01 -1.266884e-01 8.077610e+00 -2.159869e-01 9.549555e-01 2.034939e-01 -6.509769e-01 1.707220e-01 -1.682668e-01 9.708452e-01 2.890151e+00
9.490783e-01 -2.877009e-01 1.283689e-01 8.514205e+00 3.100875e-01 9.250588e-01 -2.193444e-01 -7.053656e-01 -5.564326e-02 2.479806e-01 9.671656e-01 3.003562e+00
9.666671e-01 2.258598e-01 -1.205904e-01 8.913217e+00 -1.942021e-01 9.537284e-01 2.295379e-01 -7.491506e-01 1.668539e-01 -1.984679e-01 9.658004e-01 3.120059e+00
9.615547e-01 -2.346348e-01 1.426850e-01 9.308248e+00 2.629117e-01 9.366197e-01 -2.315621e-01 -7.899730e-01 -7.930906e-02 2.601731e-01 9.622992e-01 3.226376e+00
9.700549e-01 2.213150e-01 -1.000662e-01 9.703249e+00 -1.927060e-01 9.520671e-01 2.375557e-01 -8.322128e-01 1.478444e-01 -2.111587e-01 9.662061e-01 3.346371e+00
9.678186e-01 -2.270881e-01 1.084348e-01 1.008232e+01 2.476376e-01 9.360678e-01 -2.499053e-01 -8.670481e-01 -4.475187e-02 2.687156e-01 9.621793e-01 3.447972e+00
9.762086e-01 2.014690e-01 -8.016829e-02 1.044692e+01 -1.779131e-01 9.555766e-01 2.349900e-01 -8.967245e-01 1.239502e-01 -2.151363e-01 9.686862e-01 3.538204e+00
9.736330e-01 -2.081177e-01 9.341200e-02 1.082926e+01 2.253744e-01 9.409114e-01 -2.527690e-01 -9.413725e-01 -3.528675e-02 2.671569e-01 9.630067e-01 3.633048e+00
9.807215e-01 1.720457e-01 -9.265889e-02 1.120302e+01 -1.443117e-01 9.573786e-01 2.502006e-01 -9.740580e-01 1.317556e-01 -2.320054e-01 9.637500e-01 3.730934e+00
9.775488e-01 -1.929517e-01 8.466357e-02 1.156169e+01 2.091731e-01 9.370679e-01 -2.795539e-01 -1.010077e+00 -2.539517e-02 2.909869e-01 9.563898e-01 3.832254e+00
9.807840e-01 1.905858e-01 -4.171171e-02 1.189767e+01 -1.715456e-01 9.442793e-01 2.809070e-01 -1.037862e+00 9.292445e-02 -2.683536e-01 9.588282e-01 3.927202e+00
9.813389e-01 -1.720091e-01 8.594674e-02 1.225728e+01 1.902210e-01 9.337582e-01 -3.031693e-01 -1.064027e+00 -2.810564e-02 3.138607e-01 9.490529e-01 4.018862e+00
9.907411e-01 1.274011e-01 -4.691597e-02 1.264418e+01 -1.069991e-01 9.454235e-01 3.077751e-01 -1.096471e+00 8.356640e-02 -2.999055e-01 9.503018e-01 4.156874e+00
9.837960e-01 -1.694781e-01 5.850324e-02 1.305719e+01 1.792415e-01 9.373949e-01 -2.986021e-01 -1.130511e+00 -4.234191e-03 3.042497e-01 9.525828e-01 4.332915e+00
9.943496e-01 1.021497e-01 -2.888619e-02 1.347626e+01 -8.696175e-02 9.398881e-01 3.302241e-01 -1.164546e+00 6.088214e-02 -3.258462e-01 9.434606e-01 4.507173e+00
9.853223e-01 -1.524771e-01 7.675120e-02 1.387885e+01 1.687936e-01 9.373457e-01 -3.047813e-01 -1.188544e+00 -2.547029e-02 3.132629e-01 9.493247e-01 4.663986e+00
9.897062e-01 1.427706e-01 -9.906650e-03 1.424831e+01 -1.307207e-01 9.300097e-01 3.435025e-01 -1.205779e+00 5.825539e-02 -3.386716e-01 9.390996e-01 4.810901e+00
9.835123e-01 -1.528868e-01 9.658705e-02 1.459161e+01 1.764508e-01 9.282682e-01 -3.273886e-01 -1.215530e+00 -3.960534e-02 3.390336e-01 9.399401e-01 4.958389e+00
9.861599e-01 1.657958e-01 -6.954854e-04 1.494544e+01 -1.570011e-01 9.351800e-01 3.174727e-01 -1.228205e+00 5.328611e-02 -3.129697e-01 9.482672e-01 5.077196e+00
9.799322e-01 -1.640901e-01 1.131694e-01 1.530087e+01 1.930700e-01 9.225243e-01 -3.341748e-01 -1.254528e+00 -4.956679e-02 3.493183e-01 9.356921e-01 5.174937e+00
9.869247e-01 1.611686e-01 -2.070304e-03 1.568836e+01 -1.530717e-01 9.412109e-01 3.011495e-01 -1.277070e+00 5.048450e-02 -2.968950e-01 9.535748e-01 5.278921e+00
9.619716e-01 -2.657124e-01 6.330518e-02 1.610481e+01 2.719173e-01 9.095695e-01 -3.142361e-01 -1.319020e+00 2.591595e-02 3.195000e-01 9.472317e-01 5.428140e+00
9.752006e-01 2.137882e-01 5.725799e-02 1.645555e+01 -2.210879e-01 9.290772e-01 2.965397e-01 -1.347280e+00 1.019965e-02 -3.018447e-01 9.533026e-01 5.575458e+00
9.692245e-01 -2.343004e-01 7.554579e-02 1.678987e+01 2.461738e-01 9.243476e-01 -2.915134e-01 -1.369509e+00 -1.528869e-03 3.011393e-01 9.535788e-01 5.703023e+00
9.698270e-01 2.301146e-01 8.051669e-02 1.713762e+01 -2.432516e-01 9.353951e-01 2.566412e-01 -1.380775e+00 -1.625800e-02 -2.684834e-01 9.631472e-01 5.832360e+00
9.664741e-01 -2.563850e-01 1.394548e-02 1.749198e+01 2.490249e-01 9.227263e-01 -2.942155e-01 -1.409775e+00 6.256458e-02 2.878245e-01 9.556372e-01 5.971703e+00
9.667131e-01 2.353940e-01 1.002773e-01 1.787324e+01 -2.537430e-01 9.323534e-01 2.575494e-01 -1.446615e+00 -3.286826e-02 -2.744210e-01 9.610479e-01 6.078873e+00
9.656173e-01 -2.599665e-01 8.265558e-04 1.823379e+01 2.485606e-01 9.223105e-01 -2.959071e-01 -1.467364e+00 7.616360e-02 2.859385e-01 9.552163e-01 6.171116e+00
9.713817e-01 2.136270e-01 1.038319e-01 1.859738e+01 -2.316450e-01 9.486847e-01 2.152626e-01 -1.491436e+00 -5.251784e-02 -2.331543e-01 9.710207e-01 6.280474e+00
9.642940e-01 -2.483461e-01 -9.198497e-02 1.887004e+01 2.243360e-01 9.505751e-01 -2.146632e-01 -1.490413e+00 1.407494e-01 1.863628e-01 9.723468e-01 6.364186e+00
9.760009e-01 1.930075e-02 2.169095e-01 1.923709e+01 -6.445955e-02 9.770332e-01 2.031036e-01 -1.536908e+00 -2.080078e-01 -2.122111e-01 9.548295e-01 6.521631e+00
9.234822e-01 -3.573760e-01 -1.395102e-01 1.964568e+01 3.046170e-01 9.041180e-01 -2.996317e-01 -1.598238e+00 2.332148e-01 2.342073e-01 9.437995e-01 6.654266e+00
9.426695e-01 2.354566e-01 2.365044e-01 2.004261e+01 -2.908955e-01 9.270614e-01 2.365100e-01 -1.575196e+00 -1.635663e-01 -2.917488e-01 9.424059e-01 6.813002e+00
8.166232e-01 -5.582613e-01 -1.465293e-01 2.057307e+01 4.943857e-01 8.075836e-01 -3.215455e-01 -1.691553e+00 2.978410e-01 1.901396e-01 9.354878e-01 6.840633e+00
8.921735e-01 3.374076e-01 3.003040e-01 2.095847e+01 -4.167551e-01 8.712777e-01 2.592111e-01 -1.770502e+00 -1.741883e-01 -3.564145e-01 9.179473e-01 6.945514e+00
8.341272e-01 -5.397552e-01 -1.135615e-01 2.140176e+01 4.731516e-01 8.060186e-01 -3.556143e-01 -1.825696e+00 2.834774e-01 2.428957e-01 9.277080e-01 7.024511e+00
8.725158e-01 4.480315e-01 1.948946e-01 2.187622e+01 -4.784798e-01 8.642563e-01 1.553002e-01 -1.886117e+00 -9.885951e-02 -2.287550e-01 9.684514e-01 7.162388e+00
8.302069e-01 -5.544749e-01 -5.756796e-02 2.230987e+01 5.249260e-01 8.123425e-01 -2.540715e-01 -1.901558e+00 1.876411e-01 1.807130e-01 9.654706e-01 7.343802e+00
9.176142e-01 3.800107e-01 1.165163e-01 2.264615e+01 -3.920790e-01 9.135249e-01 1.083806e-01 -1.988596e+00 -6.525477e-02 -1.451351e-01 9.872577e-01 7.517392e+00
8.952294e-01 -4.449942e-01 2.333458e-02 2.300206e+01 4.433281e-01 8.841442e-01 -1.474759e-01 -2.009792e+00 4.499477e-02 1.423696e-01 9.887903e-01 7.659840e+00
9.252717e-01 3.702205e-01 8.251713e-02 2.340074e+01 -3.760389e-01 9.238221e-01 7.174605e-02 -2.017645e+00 -4.966929e-02 -9.741419e-02 9.940038e-01 7.815643e+00
8.790989e-01 -4.725860e-01 -6.202891e-02 2.375434e+01 4.657533e-01 8.793702e-01 -9.890355e-02 -2.073058e+00 1.012868e-01 5.805579e-02 9.931618e-01 7.981502e+00
8.673784e-01 4.709126e-01 1.609224e-01 2.408628e+01 -4.815866e-01 8.757789e-01 3.295055e-02 -2.092191e+00 -1.254156e-01 -1.060786e-01 9.864170e-01 8.118068e+00
8.189716e-01 -5.459373e-01 -1.767428e-01 2.453671e+01 5.388789e-01 8.375513e-01 -9.009690e-02 -2.124192e+00 1.972184e-01 -2.145618e-02 9.801247e-01 8.264726e+00
8.975339e-01 4.121051e-01 1.568510e-01 2.510619e+01 -4.196269e-01 9.075422e-01 1.674553e-02 -2.182564e+00 -1.354480e-01 -8.084855e-02 9.874804e-01 8.460633e+00
8.140455e-01 -5.487532e-01 -1.902627e-01 2.569310e+01 5.464233e-01 8.346332e-01 -6.934725e-02 -2.242982e+00 1.968540e-01 -4.751218e-02 9.792808e-01 8.694459e+00
8.826437e-01 4.229157e-01 2.051400e-01 2.624374e+01 -4.351712e-01 9.001957e-01 1.654578e-02 -2.304023e+00 -1.776687e-01 -1.038750e-01 9.785929e-01 8.892622e+00
8.261850e-01 -5.140543e-01 -2.305787e-01 2.679698e+01 5.184512e-01 8.538708e-01 -4.596871e-02 -2.361088e+00 2.205148e-01 -8.156515e-02 9.719672e-01 9.107882e+00
8.781248e-01 4.123330e-01 2.426487e-01 2.737466e+01 -4.266035e-01 9.044119e-01 6.973852e-03 -2.422351e+00 -2.165788e-01 -1.096387e-01 9.700893e-01 9.326937e+00
8.148373e-01 -5.049549e-01 -2.847117e-01 2.797225e+01 5.117501e-01 8.573146e-01 -5.588865e-02 -2.495691e+00 2.723087e-01 -1.001611e-01 9.569825e-01 9.533426e+00
8.992518e-01 3.567063e-01 2.531934e-01 2.859798e+01 -3.696601e-01 9.291590e-01 3.872756e-03 -2.567324e+00 -2.338754e-01 -9.707806e-02 9.674080e-01 9.759547e+00
8.108643e-01 -4.987381e-01 -3.062016e-01 2.920132e+01 5.049346e-01 8.607219e-01 -6.479832e-02 -2.652612e+00 2.958717e-01 -1.020691e-01 9.497587e-01 9.996455e+00
8.866541e-01 3.286800e-01 3.252905e-01 2.982241e+01 -3.371660e-01 9.409116e-01 -3.169235e-02 -2.714960e+00 -3.164862e-01 -8.157676e-02 9.450830e-01 1.026098e+01
7.215472e-01 -6.113706e-01 -3.249549e-01 3.049832e+01 5.854857e-01 7.893030e-01 -1.849520e-01 -2.854894e+00 3.695621e-01 -5.680476e-02 9.274680e-01 1.044131e+01
7.933078e-01 4.803898e-01 3.740165e-01 3.101328e+01 -5.307886e-01 8.466336e-01 3.840605e-02 -2.897556e+00 -2.982050e-01 -2.289915e-01 9.266266e-01 1.067003e+01
7.044968e-01 -6.036896e-01 -3.731531e-01 3.157454e+01 5.609519e-01 7.957441e-01 -2.283074e-01 -2.952896e+00 4.347612e-01 -4.847904e-02 8.992399e-01 1.086380e+01
8.018975e-01 4.439577e-01 3.998275e-01 3.212839e+01 -4.950715e-01 8.683782e-01 2.869575e-02 -3.008349e+00 -3.344618e-01 -2.209543e-01 9.161412e-01 1.106136e+01
7.057114e-01 -5.883160e-01 -3.947856e-01 3.267118e+01 5.519604e-01 8.058751e-01 -2.142543e-01 -3.076080e+00 4.441972e-01 -6.670426e-02 8.934424e-01 1.127359e+01
7.251004e-01 4.913593e-01 4.824888e-01 3.308538e+01 -5.268741e-01 8.469927e-01 -7.076046e-02 -3.114974e+00 -4.434333e-01 -2.029025e-01 8.730393e-01 1.145698e+01
7.384549e-01 -5.393208e-01 -4.047438e-01 3.347146e+01 5.419232e-01 8.318583e-01 -1.197119e-01 -3.140489e+00 4.012526e-01 -1.309381e-01 9.065602e-01 1.164715e+01
7.182953e-01 5.069823e-01 4.764670e-01 3.382347e+01 -5.178080e-01 8.469564e-01 -1.205810e-01 -3.155688e+00 -4.646792e-01 -1.601058e-01 8.708844e-01 1.179424e+01
7.037115e-01 -5.958436e-01 -3.869890e-01 3.418868e+01 5.952606e-01 7.918167e-01 -1.367150e-01 -3.159940e+00 3.878852e-01 -1.341513e-01 9.118927e-01 1.192691e+01
7.104883e-01 5.863136e-01 3.891565e-01 3.456172e+01 -5.578206e-01 8.063700e-01 -1.964779e-01 -3.183574e+00 -4.290018e-01 -7.748433e-02 8.999743e-01 1.205793e+01
6.398864e-01 -6.214834e-01 -4.519998e-01 3.502461e+01 6.627239e-01 7.440437e-01 -8.482920e-02 -3.222207e+00 3.890276e-01 -2.452699e-01 8.879752e-01 1.220648e+01
7.239180e-01 5.695136e-01 3.893546e-01 3.549466e+01 -5.355898e-01 8.196800e-01 -2.031458e-01 -3.269191e+00 -4.348404e-01 -6.147348e-02 8.984069e-01 1.239603e+01
5.624317e-01 -6.504187e-01 -5.105156e-01 3.601171e+01 6.861031e-01 7.116926e-01 -1.508515e-01 -3.318669e+00 4.614468e-01 -2.654226e-01 8.465327e-01 1.257491e+01
7.268544e-01 5.804301e-01 3.671290e-01 3.654509e+01 -5.236064e-01 8.142484e-01 -2.506711e-01 -3.376760e+00 -4.444311e-01 -1.002978e-02 8.957569e-01 1.274631e+01
6.372199e-01 -6.199058e-01 -4.578948e-01 3.699622e+01 6.795056e-01 7.322452e-01 -4.570597e-02 -3.415683e+00 3.636247e-01 -2.820172e-01 8.878306e-01 1.292198e+01
7.360828e-01 5.930709e-01 3.262653e-01 3.742952e+01 -5.481434e-01 8.050618e-01 -2.267474e-01 -3.437406e+00 -3.971410e-01 -1.193544e-02 9.176801e-01 1.308501e+01
6.484369e-01 -6.453368e-01 -4.038192e-01 3.788633e+01 6.941740e-01 7.189883e-01 -3.432613e-02 -3.471881e+00 3.124932e-01 -2.580624e-01 9.141945e-01 1.326639e+01
6.912860e-01 6.466342e-01 3.224715e-01 3.828891e+01 -5.952056e-01 7.626141e-01 -2.532785e-01 -3.492382e+00 -4.096998e-01 -1.684901e-02 9.120649e-01 1.343228e+01
6.549458e-01 -6.390506e-01 -4.033117e-01 3.866415e+01 6.963130e-01 7.177092e-01 -6.459364e-03 -3.516111e+00 2.935884e-01 -2.766006e-01 9.150398e-01 1.357722e+01
7.005991e-01 6.543693e-01 2.845376e-01 3.906514e+01 -5.761196e-01 7.540147e-01 -3.155125e-01 -3.550942e+00 -4.210072e-01 5.711999e-02 9.052571e-01 1.371255e+01
6.940816e-01 -6.076216e-01 -3.860657e-01 3.943824e+01 6.737189e-01 7.372313e-01 5.091961e-02 -3.584354e+00 2.536799e-01 -2.954421e-01 9.210648e-01 1.381484e+01
7.214830e-01 6.353001e-01 2.754200e-01 3.987613e+01 -5.829786e-01 7.719434e-01 -2.534549e-01 -3.619078e+00 -3.736285e-01 2.229934e-02 9.273104e-01 1.394681e+01
6.882718e-01 -5.939292e-01 -4.165693e-01 4.037954e+01 6.685086e-01 7.422655e-01 4.624084e-02 -3.654069e+00 2.817413e-01 -3.103064e-01 9.079271e-01 1.413032e+01
7.594345e-01 5.765413e-01 3.014290e-01 4.084087e+01 -4.906216e-01 8.118061e-01 -3.166408e-01 -3.698068e+00 -4.272584e-01 9.258030e-02 8.993772e-01 1.428773e+01
7.625523e-01 -5.445830e-01 -3.492039e-01 4.116954e+01 6.075172e-01 7.883341e-01 9.722195e-02 -3.712648e+00 2.223440e-01 -2.862842e-01 9.319895e-01 1.443490e+01
7.456051e-01 6.138385e-01 2.593750e-01 4.147854e+01 -5.262523e-01 7.811613e-01 -3.359250e-01 -3.715303e+00 -4.088174e-01 1.139706e-01 9.054718e-01 1.455600e+01
7.182653e-01 -5.951587e-01 -3.603901e-01 4.181167e+01 6.587773e-01 7.483812e-01 7.705888e-02 -3.730644e+00 2.238470e-01 -2.927655e-01 9.296132e-01 1.467151e+01
7.682435e-01 5.925863e-01 2.421640e-01 4.212626e+01 -5.237282e-01 7.993433e-01 -2.945490e-01 -3.738378e+00 -3.681179e-01 9.945720e-02 9.244445e-01 1.480426e+01
6.835504e-01 -6.119497e-01 -3.978395e-01 4.253220e+01 6.803803e-01 7.315529e-01 4.373801e-02 -3.774921e+00 2.642752e-01 -3.005793e-01 9.164118e-01 1.496683e+01
7.523326e-01 6.031884e-01 2.648762e-01 4.299478e+01 -5.594942e-01 7.972899e-01 -2.264840e-01 -3.823466e+00 -3.477957e-01 2.219455e-02 9.373077e-01 1.517083e+01
7.135075e-01 -6.012479e-01 -3.597333e-01 4.339289e+01 6.595146e-01 7.496672e-01 5.513205e-02 -3.855812e+00 2.365323e-01 -2.765865e-01 9.314248e-01 1.535016e+01
7.144234e-01 6.270370e-01 3.105219e-01 4.371061e+01 -5.526779e-01 7.778507e-01 -2.991580e-01 -3.858150e+00 -4.291229e-01 4.210681e-02 9.022642e-01 1.547591e+01
6.802380e-01 -5.839480e-01 -4.430362e-01 4.405314e+01 6.727757e-01 7.373145e-01 6.115599e-02 -3.876139e+00 2.909452e-01 -3.396646e-01 8.944153e-01 1.560996e+01
7.107195e-01 6.212940e-01 3.299569e-01 4.436404e+01 -5.242240e-01 7.805290e-01 -3.405345e-01 -3.893413e+00 -4.691130e-01 6.905309e-02 8.804345e-01 1.575178e+01
6.919547e-01 -5.627299e-01 -4.522540e-01 4.468648e+01 6.602394e-01 7.466615e-01 8.112030e-02 -3.905084e+00 2.920319e-01 -3.547274e-01 8.881924e-01 1.589891e+01
7.350218e-01 6.126086e-01 2.906091e-01 4.503022e+01 -5.249864e-01 7.854247e-01 -3.278679e-01 -3.923726e+00 -4.291063e-01 8.842417e-02 8.989155e-01 1.603738e+01
7.565345e-01 -5.449117e-01 -3.615616e-01 4.535096e+01 6.311842e-01 7.530628e-01 1.857497e-01 -3.926131e+00 1.710614e-01 -3.687380e-01 9.136576e-01 1.618179e+01
7.719040e-01 6.103432e-01 1.778916e-01 4.562575e+01 -5.269578e-01 7.707982e-01 -3.580303e-01 -3.938119e+00 -3.556399e-01 1.826236e-01 9.166073e-01 1.630369e+01
7.667217e-01 -5.515918e-01 -3.284575e-01 4.595052e+01 6.293877e-01 7.466861e-01 2.152462e-01 -3.945526e+00 1.265267e-01 -3.717610e-01 9.196655e-01 1.643613e+01
7.654497e-01 6.253673e-01 1.516657e-01 4.626052e+01 -5.431213e-01 7.542568e-01 -3.689390e-01 -3.957954e+00 -3.451173e-01 2.000312e-01 9.169960e-01 1.657639e+01
7.804536e-01 -5.659545e-01 -2.656833e-01 4.658694e+01 6.246981e-01 7.231517e-01 2.946250e-01 -3.959227e+00 2.538502e-02 -3.959130e-01 9.179370e-01 1.672385e+01
7.883546e-01 6.087644e-01 8.889841e-02 4.689653e+01 -5.193158e-01 7.359512e-01 -4.343811e-01 -3.963019e+00 -3.298607e-01 2.962799e-01 8.963316e-01 1.687021e+01
7.758703e-01 -5.346698e-01 -3.348932e-01 4.719898e+01 6.271294e-01 7.115044e-01 3.169702e-01 -3.982595e+00 6.880371e-02 -4.559491e-01 8.873423e-01 1.700679e+01
7.881872e-01 5.875234e-01 1.832408e-01 4.751971e+01 -4.310138e-01 7.394945e-01 -5.170832e-01 -3.988138e+00 -4.393041e-01 3.285789e-01 8.360908e-01 1.717121e+01
8.030106e-01 -4.437798e-01 -3.977856e-01 4.781737e+01 5.787162e-01 7.400687e-01 3.426162e-01 -3.988265e+00 1.423426e-01 -5.053294e-01 8.511056e-01 1.730365e+01
8.256685e-01 5.434270e-01 1.515215e-01 4.814200e+01 -3.998833e-01 7.531994e-01 -5.222874e-01 -4.005746e+00 -3.979510e-01 3.706452e-01 8.392004e-01 1.744026e+01
8.458088e-01 -4.034802e-01 -3.490146e-01 4.846570e+01 5.269593e-01 7.338876e-01 4.286290e-01 -4.025777e+00 8.319429e-02 -5.464547e-01 8.333462e-01 1.758951e+01
8.275462e-01 5.223191e-01 2.057916e-01 4.876809e+01 -3.360335e-01 7.545102e-01 -5.637339e-01 -4.023147e+00 -4.497209e-01 3.973628e-01 7.999087e-01 1.773588e+01
8.887951e-01 -3.373164e-01 -3.102592e-01 4.907792e+01 4.501655e-01 7.695604e-01 4.529103e-01 -4.025587e+00 8.598921e-02 -5.422125e-01 8.358298e-01 1.787337e+01
8.766418e-01 4.625748e-01 1.323777e-01 4.937515e+01 -3.144405e-01 7.590467e-01 -5.700661e-01 -4.036947e+00 -3.641791e-01 4.581187e-01 8.108643e-01 1.800403e+01
8.543728e-01 -3.572182e-01 -3.774152e-01 4.977492e+01 5.070333e-01 7.321614e-01 4.548151e-01 -4.063127e+00 1.138607e-01 -5.799438e-01 8.066603e-01 1.816086e+01
9.087634e-01 4.089890e-01 8.292879e-02 5.024839e+01 -3.066001e-01 7.891655e-01 -5.321787e-01 -4.116265e+00 -2.830998e-01 4.581985e-01 8.425608e-01 1.836700e+01
8.490966e-01 -3.963526e-01 -3.491983e-01 5.073148e+01 5.242785e-01 7.131110e-01 4.654080e-01 -4.166172e+00 6.455158e-02 -5.782536e-01 8.132993e-01 1.856270e+01
9.149840e-01 4.029727e-01 2.043068e-02 5.124117e+01 -3.325130e-01 7.817462e-01 -5.275490e-01 -4.219360e+00 -2.285595e-01 4.759054e-01 8.492789e-01 1.875749e+01
8.630615e-01 -4.063298e-01 -3.000346e-01 5.173651e+01 5.044127e-01 7.243006e-01 4.700601e-01 -4.267776e+00 2.631592e-02 -5.570320e-01 8.300739e-01 1.894316e+01
9.182231e-01 3.956133e-01 1.888480e-02 5.212120e+01 -3.162622e-01 7.610825e-01 -5.663318e-01 -4.300652e+00 -2.384213e-01 5.140463e-01 8.239610e-01 1.910903e+01
9.044699e-01 -3.686428e-01 -2.145612e-01 5.249316e+01 4.254020e-01 7.429477e-01 5.167803e-01 -4.333171e+00 -3.109949e-02 -5.586871e-01 8.287952e-01 1.923862e+01
9.195826e-01 3.924040e-01 1.967199e-02 5.285003e+01 -3.092040e-01 7.536816e-01 -5.799628e-01 -4.359338e+00 -2.424062e-01 5.272410e-01 8.144054e-01 1.937746e+01
9.149921e-01 -3.494672e-01 -2.016480e-01 5.321504e+01 4.021379e-01 7.493005e-01 5.261500e-01 -4.393581e+00 -3.277709e-02 -5.625134e-01 8.261381e-01 1.951313e+01
9.270207e-01 3.744316e-01 -2.082787e-02 5.357893e+01 -3.136189e-01 7.436140e-01 -5.904924e-01 -4.422308e+00 -2.056112e-01 5.539307e-01 8.067744e-01 1.963385e+01
9.242690e-01 -3.311248e-01 -1.899556e-01 5.395843e+01 3.796270e-01 7.449704e-01 5.485457e-01 -4.456403e+00 -4.012572e-02 -5.791160e-01 8.142570e-01 1.975832e+01
9.428690e-01 3.329660e-01 -1.147905e-02 5.433505e+01 -2.719179e-01 7.491750e-01 -6.039847e-01 -4.489560e+00 -1.925067e-01 5.725998e-01 7.969133e-01 1.987532e+01
9.548869e-01 -2.700344e-01 -1.235809e-01 5.466121e+01 2.877562e-01 7.384904e-01 6.097772e-01 -4.504781e+00 -7.339742e-02 -6.178295e-01 7.828789e-01 2.002528e+01
9.640353e-01 2.375082e-01 -1.192724e-01 5.514802e+01 -2.629262e-01 7.867494e-01 -5.584757e-01 -4.555481e+00 -3.880519e-02 5.697501e-01 8.209014e-01 2.020708e+01
9.026763e-01 -3.877377e-01 -1.866410e-01 5.578022e+01 4.134445e-01 6.611831e-01 6.260196e-01 -4.639512e+00 -1.193274e-01 -6.422588e-01 7.571423e-01 2.045451e+01
9.467633e-01 2.432649e-01 -2.108592e-01 5.646705e+01 -3.193547e-01 7.923831e-01 -5.197515e-01 -4.752332e+00 4.064391e-02 5.594204e-01 8.278870e-01 2.072469e+01
8.530542e-01 -5.115896e-01 -1.028327e-01 5.713204e+01 4.647201e-01 6.551750e-01 5.956350e-01 -4.832774e+00 -2.373471e-01 -5.558974e-01 7.966457e-01 2.098250e+01
8.892960e-01 3.092889e-01 -3.368873e-01 5.775605e+01 -4.355556e-01 7.973862e-01 -4.176920e-01 -4.923751e+00 1.394417e-01 5.181850e-01 8.438249e-01 2.125667e+01
8.079544e-01 -5.891592e-01 -1.005779e-02 5.833793e+01 5.100079e-01 6.906559e-01 5.127244e-01 -4.999210e+00 -2.951298e-01 -4.193875e-01 8.584942e-01 2.146681e+01
8.578397e-01 3.482892e-01 -3.778965e-01 5.896834e+01 -4.699942e-01 8.291301e-01 -3.027354e-01 -5.104081e+00 2.078858e-01 4.373076e-01 8.749547e-01 2.168826e+01
7.929106e-01 -6.079817e-01 4.063116e-02 5.955510e+01 5.164181e-01 7.058948e-01 4.847936e-01 -5.176771e+00 -3.234269e-01 -3.634154e-01 8.736842e-01 2.189821e+01
8.194005e-01 4.208651e-01 -3.891728e-01 6.020304e+01 -5.249606e-01 8.236279e-01 -2.146008e-01 -5.262202e+00 2.302156e-01 3.801444e-01 8.958187e-01 2.214729e+01
6.882460e-01 -7.030072e-01 1.791602e-01 6.083807e+01 5.714622e-01 6.774805e-01 4.630887e-01 -5.330135e+00 -4.469322e-01 -2.163357e-01 8.680152e-01 2.237895e+01
7.251302e-01 4.815416e-01 -4.922438e-01 6.149669e+01 -6.024499e-01 7.898591e-01 -1.147900e-01 -5.395582e+00 3.335270e-01 3.797899e-01 8.628554e-01 2.267454e+01
6.504552e-01 -7.273400e-01 2.188252e-01 6.202129e+01 6.142262e-01 6.731815e-01 4.117679e-01 -5.491535e+00 -4.468043e-01 -1.334284e-01 8.846257e-01 2.296745e+01
7.189830e-01 5.790963e-01 -3.843317e-01 6.261340e+01 -6.309244e-01 7.757604e-01 -1.140664e-02 -5.585541e+00 2.915437e-01 2.506854e-01 9.231247e-01 2.314805e+01
6.278874e-01 -7.541522e-01 1.923847e-01 6.320951e+01 7.047929e-01 6.558048e-01 2.705310e-01 -5.659818e+00 -3.301883e-01 -3.427167e-02 9.432926e-01 2.342447e+01
6.803969e-01 6.693547e-01 -2.983695e-01 6.375779e+01 -6.671103e-01 7.342413e-01 1.259109e-01 -5.717103e+00 3.033542e-01 1.133759e-01 9.461090e-01 2.372785e+01
5.736499e-01 -8.018866e-01 1.670439e-01 6.431916e+01 7.975595e-01 5.932873e-01 1.091283e-01 -5.792603e+00 -1.866135e-01 7.062602e-02 9.798914e-01 2.396789e+01
6.585907e-01 7.251775e-01 -2.009377e-01 6.495795e+01 -7.002311e-01 6.883746e-01 1.892533e-01 -5.890921e+00 2.755626e-01 1.606234e-02 9.611490e-01 2.417365e+01
5.379930e-01 -8.145028e-01 2.171374e-01 6.559666e+01 8.352362e-01 5.498480e-01 -6.901270e-03 -5.976283e+00 -1.137714e-01 1.850739e-01 9.761166e-01 2.443366e+01
6.346926e-01 7.661214e-01 -1.011106e-01 6.613235e+01 -7.168022e-01 6.325534e-01 2.933783e-01 -6.034952e+00 2.887213e-01 -1.137288e-01 9.506345e-01 2.467970e+01
5.687979e-01 -7.996848e-01 1.922842e-01 6.669653e+01 8.224456e-01 5.550670e-01 -1.244339e-01 -6.108837e+00 -7.222633e-03 2.289211e-01 9.734181e-01 2.488649e+01
6.661460e-01 7.454466e-01 2.363955e-02 6.729278e+01 -7.092082e-01 6.233170e-01 3.293928e-01 -6.189684e+00 2.308099e-01 -2.361891e-01 9.438971e-01 2.509648e+01
5.739393e-01 -8.045081e-01 1.528414e-01 6.790454e+01 8.098551e-01 5.299669e-01 -2.515349e-01 -6.268697e+00 1.213610e-01 2.681452e-01 9.557037e-01 2.530722e+01
6.977661e-01 7.107935e-01 8.885475e-02 6.851054e+01 -6.835668e-01 6.236308e-01 3.792374e-01 -6.352520e+00 2.141469e-01 -3.253572e-01 9.210233e-01 2.553568e+01
5.976688e-01 -7.943460e-01 1.086573e-01 6.910884e+01 7.642558e-01 5.235101e-01 -3.766301e-01 -6.433490e+00 2.422914e-01 3.081421e-01 9.199691e-01 2.576836e+01
7.192204e-01 6.576452e-01 2.241089e-01 6.973701e+01 -6.835025e-01 6.118386e-01 3.980928e-01 -6.517831e+00 1.246854e-01 -4.394955e-01 8.895490e-01 2.599877e+01
6.113275e-01 -7.913560e-01 5.863075e-03 7.037852e+01 6.961691e-01 5.342423e-01 -4.795140e-01 -6.612393e+00 3.763340e-01 2.972219e-01 8.775145e-01 2.623037e+01
7.678062e-01 5.457136e-01 3.356641e-01 7.100804e+01 -6.404714e-01 6.403409e-01 4.239810e-01 -6.695357e+00 1.643275e-02 -5.405185e-01 8.411717e-01 2.648029e+01
6.583804e-01 -7.471639e-01 -9.100179e-02 7.157187e+01 5.942806e-01 5.902060e-01 -5.463400e-01 -6.774094e+00 4.619154e-01 3.056190e-01 8.326050e-01 2.672399e+01
7.408206e-01 4.797432e-01 4.701396e-01 7.209535e+01 -6.596011e-01 6.518381e-01 3.742105e-01 -6.823518e+00 -1.269299e-01 -5.873275e-01 7.993343e-01 2.694845e+01
6.379601e-01 -7.440024e-01 -1.986640e-01 7.263224e+01 5.317812e-01 6.122298e-01 -5.851353e-01 -6.877795e+00 5.569701e-01 2.676472e-01 7.862246e-01 2.716338e+01
7.168080e-01 4.316602e-01 5.475908e-01 7.317050e+01 -6.584067e-01 6.775478e-01 3.277645e-01 -6.934459e+00 -2.295361e-01 -5.954818e-01 7.698798e-01 2.736898e+01
6.069150e-01 -7.329309e-01 -3.073541e-01 7.373674e+01 4.833766e-01 6.473801e-01 -5.892759e-01 -6.994777e+00 6.308734e-01 2.090727e-01 7.471862e-01 2.757541e+01
7.069077e-01 3.563801e-01 6.109622e-01 7.429453e+01 -6.228020e-01 7.230574e-01 2.988406e-01 -7.058737e+00 -3.352599e-01 -5.917612e-01 7.330891e-01 2.781726e+01
5.974906e-01 -6.834647e-01 -4.193816e-01 7.486673e+01 4.036702e-01 7.082638e-01 -5.791483e-01 -7.127452e+00 6.928602e-01 1.767439e-01 6.990753e-01 2.803579e+01
6.954491e-01 2.620441e-01 6.690915e-01 7.547088e+01 -5.587057e-01 7.827413e-01 2.741607e-01 -7.191833e+00 -4.518833e-01 -5.644901e-01 6.907623e-01 2.823152e+01
5.289619e-01 -6.248383e-01 -5.742616e-01 7.609015e+01 3.167750e-01 7.731463e-01 -5.494526e-01 -7.281754e+00 7.873074e-01 1.087278e-01 6.068981e-01 2.844470e+01
6.655557e-01 1.670319e-01 7.274174e-01 7.671190e+01 -4.606363e-01 8.587896e-01 2.242645e-01 -7.367063e+00 -5.872391e-01 -4.843355e-01 6.485133e-01 2.863502e+01
5.532206e-01 -6.406847e-01 -5.324191e-01 7.720503e+01 4.150829e-01 7.661459e-01 -4.906389e-01 -7.420118e+00 7.222556e-01 5.043359e-02 6.897849e-01 2.889162e+01
6.837485e-01 2.427422e-01 6.881600e-01 7.761907e+01 -4.648370e-01 8.718436e-01 1.543221e-01 -7.508800e+00 -5.625074e-01 -4.253998e-01 7.089573e-01 2.914178e+01
6.821722e-01 -5.148290e-01 -5.192227e-01 7.798430e+01 2.974999e-01 8.440965e-01 -4.460882e-01 -7.534672e+00 6.679333e-01 1.498404e-01 7.289807e-01 2.928121e+01
7.134883e-01 2.623527e-01 6.496965e-01 7.837993e+01 -4.791838e-01 8.592104e-01 1.792774e-01 -7.566553e+00 -5.111921e-01 -4.392365e-01 7.387517e-01 2.941571e+01
6.401291e-01 -5.305461e-01 -5.556577e-01 7.882987e+01 3.066306e-01 8.395907e-01 -4.484027e-01 -7.604903e+00 7.044234e-01 1.166540e-01 7.001282e-01 2.960071e+01
6.869752e-01 2.209671e-01 6.922706e-01 7.927921e+01 -4.349449e-01 8.881921e-01 1.481142e-01 -7.652570e+00 -5.821408e-01 -4.028505e-01 7.062745e-01 2.978787e+01
6.099147e-01 -4.433920e-01 -6.568162e-01 7.978603e+01 2.564406e-01 8.946580e-01 -3.658212e-01 -7.704095e+00 7.498281e-01 5.468544e-02 6.593688e-01 2.998896e+01
6.775490e-01 1.372613e-01 7.225557e-01 8.041362e+01 -3.194321e-01 9.398529e-01 1.209948e-01 -7.798106e+00 -6.624881e-01 -3.127875e-01 6.806421e-01 3.019642e+01
5.883749e-01 -3.318043e-01 -7.373743e-01 8.103408e+01 2.209896e-01 9.431953e-01 -2.480849e-01 -7.882645e+00 7.778037e-01 -1.698513e-02 6.282777e-01 3.041273e+01
6.581709e-01 1.109315e-01 7.446511e-01 8.160333e+01 -2.173757e-01 9.749611e-01 4.688964e-02 -7.962427e+00 -7.208044e-01 -1.927306e-01 6.658049e-01 3.060195e+01
6.106729e-01 -2.276733e-01 -7.584481e-01 8.207845e+01 1.954101e-01 9.714844e-01 -1.342865e-01 -8.010140e+00 7.673940e-01 -6.620324e-02 6.377488e-01 3.080357e+01
6.157359e-01 8.431009e-02 7.834291e-01 8.254706e+01 -1.424734e-01 9.897836e-01 5.459611e-03 -8.052107e+00 -7.749650e-01 -1.149796e-01 6.214572e-01 3.097872e+01
6.124721e-01 -1.324684e-01 -7.793138e-01 8.295278e+01 1.190832e-01 9.900699e-01 -7.470380e-02 -8.084463e+00 7.814711e-01 -4.704915e-02 6.221650e-01 3.114368e+01
5.731189e-01 7.702635e-02 8.158441e-01 8.332476e+01 -1.430246e-01 9.896942e-01 7.032714e-03 -8.111868e+00 -8.068945e-01 -1.207165e-01 5.782291e-01 3.125289e+01
6.759575e-01 -7.682342e-02 -7.329254e-01 8.367887e+01 7.024925e-02 9.967396e-01 -3.968666e-02 -8.129260e+00 7.335847e-01 -2.466092e-02 6.791504e-01 3.135738e+01
6.434298e-01 5.649726e-02 7.634175e-01 8.402975e+01 -1.088700e-01 9.938893e-01 1.820525e-02 -8.160933e+00 -7.577239e-01 -9.482717e-02 6.456488e-01 3.142943e+01
6.924748e-01 -8.725007e-02 -7.161467e-01 8.440329e+01 5.885337e-02 9.961833e-01 -6.445956e-02 -8.173542e+00 7.190375e-01 2.489015e-03 6.949668e-01 3.155597e+01
7.220119e-01 -3.912179e-02 6.907737e-01 8.484937e+01 -2.796736e-02 9.959339e-01 8.563660e-02 -8.206986e+00 -6.913152e-01 -8.114985e-02 7.179819e-01 3.171811e+01
6.980478e-01 -6.996099e-03 -7.160169e-01 8.537911e+01 2.959330e-02 9.993797e-01 1.908596e-02 -8.266667e+00 7.154394e-01 -3.451218e-02 6.978219e-01 3.191734e+01
6.899407e-01 -6.841319e-02 7.206257e-01 8.577943e+01 5.341326e-02 9.976215e-01 4.357119e-02 -8.309457e+00 -7.218926e-01 8.429346e-03 6.919538e-01 3.206115e+01
7.261063e-01 1.105022e-01 -6.786449e-01 8.608602e+01 -9.509537e-02 9.936553e-01 6.004888e-02 -8.327388e+00 6.809747e-01 2.093415e-02 7.320077e-01 3.218288e+01
6.696679e-01 -1.402266e-01 7.293020e-01 8.646185e+01 1.182619e-01 9.896168e-01 8.168694e-02 -8.333921e+00 -7.331842e-01 3.154544e-02 6.792981e-01 3.231134e+01
7.118495e-01 1.308725e-01 -6.900309e-01 8.688402e+01 -1.045376e-01 9.912846e-01 8.016597e-02 -8.354952e+00 6.945086e-01 1.506806e-02 7.193266e-01 3.248535e+01
6.806093e-01 -1.710491e-01 7.123996e-01 8.730038e+01 1.396794e-01 9.848239e-01 1.030126e-01 -8.373091e+00 -7.192084e-01 2.939618e-02 6.941723e-01 3.264635e+01
7.671059e-01 1.437098e-01 -6.252167e-01 8.768087e+01 -1.564228e-01 9.870711e-01 3.496237e-02 -8.385734e+00 6.221578e-01 7.097830e-02 7.796677e-01 3.278548e+01
6.738535e-01 -1.282583e-01 7.276478e-01 8.797154e+01 6.541301e-02 9.913072e-01 1.141550e-01 -8.393780e+00 -7.359637e-01 -2.932618e-02 6.763855e-01 3.293127e+01
7.255580e-01 5.140074e-02 -6.862387e-01 8.831082e+01 -1.098406e-01 9.930719e-01 -4.175082e-02 -8.426243e+00 6.793384e-01 1.056695e-01 7.261772e-01 3.307070e+01
6.579642e-01 -1.091873e-01 7.450914e-01 8.867446e+01 7.314792e-02 9.940206e-01 8.107159e-02 -8.452625e+00 -7.494882e-01 1.159629e-03 6.620167e-01 3.320959e+01
6.919139e-01 9.078313e-02 -7.162496e-01 8.911132e+01 -5.994263e-02 9.958612e-01 6.831746e-02 -8.484695e+00 7.194873e-01 -4.335939e-03 6.944921e-01 3.339195e+01
7.148057e-01 -1.694963e-01 6.784717e-01 8.962758e+01 1.702549e-01 9.831710e-01 6.624418e-02 -8.530015e+00 -6.782818e-01 6.816134e-02 7.316337e-01 3.359807e+01
7.239583e-01 1.336826e-01 -6.767668e-01 9.021053e+01 -3.916417e-02 9.874261e-01 1.531525e-01 -8.586277e+00 6.887311e-01 -8.437104e-02 7.200910e-01 3.382875e+01
7.423718e-01 -1.895316e-01 6.426212e-01 9.077398e+01 1.818228e-01 9.801501e-01 7.903470e-02 -8.735816e+00 -6.448447e-01 5.817000e-02 7.620968e-01 3.410099e+01
6.856591e-01 4.469052e-03 -7.279090e-01 9.190378e+01 1.216028e-01 9.852258e-01 1.205936e-01 -8.922676e+00 7.176937e-01 -1.712019e-01 6.749856e-01 3.437358e+01
8.022994e-01 -8.737168e-02 5.904930e-01 9.245880e+01 2.509699e-01 9.469219e-01 -2.008809e-01 -9.103683e+00 -5.415994e-01 3.093626e-01 7.816424e-01 3.461845e+01
6.218458e-01 1.654981e-01 -7.654529e-01 9.267265e+01 1.741562e-01 9.237169e-01 3.411989e-01 -9.291783e+00 7.635296e-01 -3.454815e-01 5.455870e-01 3.459793e+01
8.072440e-01 -1.156676e-01 5.787731e-01 9.333695e+01 4.895365e-01 6.790113e-01 -5.470811e-01 -9.534187e+00 -3.297140e-01 7.249584e-01 6.047512e-01 3.469080e+01
7.799450e-01 2.323678e-01 -5.811116e-01 9.393160e+01 2.620846e-01 7.219149e-01 6.404300e-01 -9.714657e+00 5.683285e-01 -6.518006e-01 5.021540e-01 3.506648e+01
8.938240e-01 9.966819e-02 4.372013e-01 9.437057e+01 2.609299e-01 6.773224e-01 -6.878590e-01 -9.811007e+00 -3.646840e-01 7.289038e-01 5.794005e-01 3.532753e+01
8.742857e-01 8.487415e-02 -4.779338e-01 9.468816e+01 3.349028e-01 6.072500e-01 7.204773e-01 -9.911624e+00 3.513753e-01 -7.899644e-01 5.024854e-01 3.552004e+01
9.507564e-01 1.669580e-01 2.611272e-01 9.517783e+01 7.357835e-02 6.968428e-01 -7.134398e-01 -9.962429e+00 -3.010792e-01 6.975207e-01 6.502432e-01 3.574230e+01
8.826106e-01 -1.042610e-01 -4.583972e-01 9.576383e+01 4.300666e-01 5.728547e-01 6.977680e-01 -1.003655e+01 1.898450e-01 -8.129989e-01 5.504468e-01 3.596812e+01
9.761788e-01 2.165516e-01 -1.343109e-02 9.635544e+01 -1.548544e-01 6.520237e-01 -7.422164e-01 -1.011214e+01 -1.519709e-01 7.266158e-01 6.700258e-01 3.618171e+01
8.900198e-01 -3.600401e-01 -2.797066e-01 9.694164e+01 4.400393e-01 5.178426e-01 7.336241e-01 -1.019506e+01 -1.192901e-01 -7.760220e-01 6.193219e-01 3.646811e+01
9.584371e-01 2.483378e-01 -1.404521e-01 9.745363e+01 -2.780544e-01 7.027830e-01 -6.548143e-01 -1.026582e+01 -6.390787e-02 6.666517e-01 7.426248e-01 3.677524e+01
8.915740e-01 -3.664566e-01 -2.660927e-01 9.800824e+01 4.391955e-01 5.563291e-01 7.054113e-01 -1.034744e+01 -1.104676e-01 -7.457932e-01 6.569546e-01 3.702190e+01
9.356308e-01 3.121594e-01 -1.647770e-01 9.855039e+01 -3.450290e-01 7.102666e-01 -6.135767e-01 -1.042830e+01 -7.449819e-02 6.309341e-01 7.722515e-01 3.726481e+01
8.860221e-01 -4.199235e-01 -1.965429e-01 9.898935e+01 4.326361e-01 5.963874e-01 6.761272e-01 -1.048464e+01 -1.667059e-01 -6.840953e-01 7.100864e-01 3.744791e+01
9.030158e-01 3.462103e-01 -2.543639e-01 9.945919e+01 -4.296074e-01 7.277097e-01 -5.346737e-01 -1.054201e+01 -6.502586e-06 5.920954e-01 8.058680e-01 3.766249e+01
8.056204e-01 -5.606322e-01 -1.914869e-01 1.000417e+02 5.350911e-01 5.498617e-01 6.413499e-01 -1.063617e+01 -2.542701e-01 -6.191475e-01 7.429690e-01 3.792093e+01
8.379001e-01 4.513195e-01 -3.069758e-01 1.006737e+02 -5.430046e-01 7.463337e-01 -3.848792e-01 -1.074116e+01 5.540293e-02 4.891796e-01 8.704217e-01 3.818501e+01
7.415920e-01 -6.506606e-01 -1.633468e-01 1.012478e+02 6.160892e-01 5.642021e-01 5.496454e-01 -1.083858e+01 -2.654720e-01 -5.082488e-01 8.192726e-01 3.841494e+01
7.953979e-01 5.385786e-01 -2.779844e-01 1.017586e+02 -6.046321e-01 7.368722e-01 -3.023894e-01 -1.091797e+01 4.197854e-02 4.085981e-01 9.117486e-01 3.865031e+01
6.811545e-01 -7.124621e-01 -1.686013e-01 1.022877e+02 6.961174e-01 5.588892e-01 4.506256e-01 -1.096803e+01 -2.268242e-01 -4.243118e-01 8.766470e-01 3.888468e+01
7.819172e-01 5.927448e-01 -1.930260e-01 1.027927e+02 -6.232939e-01 7.485976e-01 -2.260674e-01 -1.105078e+01 1.049855e-02 2.970779e-01 9.547956e-01 3.913347e+01
6.227501e-01 -7.681680e-01 -1.486614e-01 1.034134e+02 7.650205e-01 5.579612e-01 3.215943e-01 -1.112068e+01 -1.640911e-01 -3.140018e-01 9.351346e-01 3.943796e+01
7.625335e-01 6.087738e-01 -2.189457e-01 1.040879e+02 -6.402893e-01 7.585856e-01 -1.207376e-01 -1.118290e+01 9.258722e-02 2.322550e-01 9.682383e-01 3.974567e+01
5.382877e-01 -8.412385e-01 -5.063655e-02 1.045793e+02 8.285224e-01 5.172390e-01 2.145098e-01 -1.129513e+01 -1.542627e-01 -1.574214e-01 9.754083e-01 4.002711e+01
6.748626e-01 7.314050e-01 -9.801690e-02 1.051731e+02 -7.343373e-01 6.787295e-01 8.664792e-03 -1.134908e+01 7.286447e-02 6.612983e-02 9.951471e-01 4.029518e+01
4.889336e-01 -8.671533e-01 -9.481061e-02 1.057014e+02 8.722643e-01 4.872450e-01 4.180042e-02 -1.142234e+01 9.948676e-03 -1.031375e-01 9.946173e-01 4.056821e+01
6.640034e-01 7.475070e-01 1.824452e-02 1.062933e+02 -7.471683e-01 6.623622e-01 5.491690e-02 -1.149580e+01 2.896632e-02 -5.009682e-02 9.983243e-01 4.085248e+01
4.654111e-01 -8.757910e-01 -1.279949e-01 1.068538e+02 8.722549e-01 4.783808e-01 -1.016020e-01 -1.155138e+01 1.502125e-01 -6.435741e-02 9.865568e-01 4.115246e+01
6.806291e-01 7.057711e-01 1.965485e-01 1.073262e+02 -7.299071e-01 6.763436e-01 9.896947e-02 -1.161164e+01 -6.308453e-02 -2.108237e-01 9.754864e-01 4.142889e+01
5.297543e-01 -8.178805e-01 -2.245705e-01 1.078664e+02 7.944728e-01 5.712153e-01 -2.062182e-01 -1.168214e+01 2.969400e-01 -6.917013e-02 9.523876e-01 4.170025e+01
6.834996e-01 6.356948e-01 3.587763e-01 1.084022e+02 -6.963692e-01 7.152229e-01 5.938141e-02 -1.173305e+01 -2.188566e-01 -2.904280e-01 9.315328e-01 4.195217e+01
5.350952e-01 -7.558097e-01 -3.773922e-01 1.089127e+02 7.232531e-01 6.407090e-01 -2.576755e-01 -1.178497e+01 4.365523e-01 -1.350691e-01 8.894821e-01 4.220334e+01
7.072218e-01 5.439121e-01 4.516603e-01 1.094553e+02 -6.178517e-01 7.860172e-01 2.088736e-02 -1.184099e+01 -3.436519e-01 -2.938312e-01 8.919454e-01 4.244035e+01
5.346900e-01 -6.724206e-01 -5.118174e-01 1.099938e+02 6.509306e-01 7.139600e-01 -2.579734e-01 -1.190562e+01 5.388839e-01 -1.952219e-01 8.194465e-01 4.270932e+01
6.705624e-01 4.188011e-01 6.123331e-01 1.105501e+02 -5.180820e-01 8.551514e-01 -1.752634e-02 -1.196070e+01 -5.309775e-01 -3.054863e-01 7.904056e-01 4.302060e+01
5.368641e-01 -5.242623e-01 -6.610037e-01 1.109762e+02 5.202473e-01 8.225124e-01 -2.298172e-01 -1.201675e+01 6.641683e-01 -2.205048e-01 7.143235e-01 4.323372e+01
6.116636e-01 3.190453e-01 7.239322e-01 1.112456e+02 -4.509288e-01 8.924748e-01 -1.232582e-02 -1.200705e+01 -6.500238e-01 -3.189027e-01 6.897610e-01 4.337164e+01
4.991087e-01 -3.259610e-01 -8.028946e-01 1.115453e+02 4.067633e-01 9.062579e-01 -1.150656e-01 -1.203291e+01 7.651366e-01 -2.691579e-01 5.849103e-01 4.351184e+01
6.273146e-01 2.898606e-01 7.228121e-01 1.119141e+02 -2.290739e-01 9.557695e-01 -1.844717e-01 -1.208703e+01 -7.443128e-01 -4.985566e-02 6.659676e-01 4.360526e+01
5.120380e-01 -2.287470e-01 -8.279443e-01 1.122985e+02 3.670120e-01 9.297357e-01 -2.989345e-02 -1.211199e+01 7.766075e-01 -2.885590e-01 5.600130e-01 4.374450e+01
6.858158e-01 1.976855e-01 7.004122e-01 1.126127e+02 -6.195981e-02 9.747675e-01 -2.144513e-01 -1.216659e+01 -7.251329e-01 1.036766e-01 6.807594e-01 4.393569e+01
