9.801896e-01 -1.388136e-01 -1.412767e-01 6.288646e-01 1.538142e-01 9.828798e-01 1.014322e-01 -8.461805e-02 1.247779e-01 -1.211532e-01 9.847602e-01 2.165897e-01
9.996713e-01 -2.559192e-02 1.532647e-03 1.314417e+00 2.559271e-02 9.996723e-01 -4.987517e-04 -1.894686e-01 -1.519405e-03 5.378372e-04 9.999986e-01 4.667093e-01
9.810949e-01 -1.454913e-01 -1.276133e-01 1.979498e+00 1.602402e-01 9.804595e-01 1.141147e-01 -2.905603e-01 1.085170e-01 -1.324062e-01 9.852375e-01 7.240058e-01
9.992115e-01 -2.787043e-02 -2.827844e-02 2.613219e+00 2.810710e-02 9.995728e-01 8.006277e-03 -3.920854e-01 2.804318e-02 -8.794736e-03 9.995679e-01 9.697464e-01
9.817685e-01 -1.037987e-01 -1.592369e-01 3.226618e+00 1.227850e-01 9.858151e-01 1.144219e-01 -4.595372e-01 1.451014e-01 -1.318878e-01 9.805873e-01 1.204589e+00
9.967424e-01 -7.985078e-02 1.133502e-02 3.784877e+00 8.015164e-02 9.963555e-01 -2.917919e-02 -5.335423e-01 -8.963773e-03 2.999273e-02 9.995099e-01 1.432676e+00
9.805170e-01 -1.499357e-01 -1.269079e-01 4.403107e+00 1.610305e-01 9.835230e-01 8.216924e-02 -6.076794e-01 1.124967e-01 -1.010045e-01 9.885053e-01 1.640000e+00
9.985785e-01 -5.225381e-02 -1.051588e-02 5.060158e+00 5.221510e-02 9.986281e-01 -3.925559e-03 -6.919655e-01 1.070654e-02 3.370979e-03 9.999369e-01 1.892664e+00
9.815598e-01 -1.356751e-01 -1.346576e-01 5.694434e+00 1.473466e-01 9.857767e-01 8.082874e-02 -7.933944e-01 1.217759e-01 -9.917967e-02 9.875901e-01 2.155796e+00
9.995577e-01 -2.838212e-02 8.878705e-03 6.371790e+00 2.838476e-02 9.995970e-01 -1.666764e-04 -8.935660e-01 -8.870433e-03 4.187155e-04 9.999605e-01 2.422963e+00
9.869730e-01 -8.996364e-02 -1.333826e-01 7.025089e+00 1.011798e-01 9.916599e-01 7.983386e-02 -1.009241e+00 1.250880e-01 -9.228958e-02 9.878440e-01 2.662433e+00
9.981243e-01 -5.227073e-02 3.186915e-02 7.696859e+00 5.263027e-02 9.985583e-01 -1.054746e-02 -1.102421e+00 -3.127191e-02 1.220505e-02 9.994364e-01 2.896874e+00
9.844019e-01 -1.187599e-01 -1.298035e-01 8.369459e+00 1.274055e-01 9.900077e-01 6.043754e-02 -1.198187e+00 1.213290e-01 -7.603261e-02 9.896961e-01 3.124761e+00
9.976187e-01 -5.254120e-02 4.468094e-02 9.006040e+00 5.278379e-02 9.985968e-01 -4.265480e-03 -1.281609e+00 -4.439414e-02 6.613841e-03 9.989922e-01 3.359288e+00
9.666137e-01 -1.126887e-01 -2.301285e-01 9.673988e+00 1.396803e-01 9.846634e-01 1.045352e-01 -1.374252e+00 2.148192e-01 -1.331897e-01 9.675295e-01 3.601201e+00
9.945279e-01 -5.653012e-02 8.785567e-02 1.037418e+01 6.349568e-02 9.948801e-01 -7.862332e-02 -1.494452e+00 -8.296129e-02 8.377161e-02 9.930255e-01 3.844178e+00
9.871037e-01 -8.963988e-02 -1.326312e-01 1.097150e+01 1.089803e-01 9.831750e-01 1.465962e-01 -1.574964e+00 1.172588e-01 -1.591599e-01 9.802645e-01 4.043688e+00
9.997807e-01 6.300632e-03 -1.997105e-02 1.146920e+01 -7.550631e-03 9.979756e-01 -6.314616e-02 -1.627686e+00 1.953276e-02 6.328318e-02 9.978044e-01 4.263159e+00
9.891741e-01 -1.433653e-01 -3.132182e-02 1.191522e+01 1.457957e-01 9.843782e-01 9.870823e-02 -1.696356e+00 1.668117e-02 -1.022063e-01 9.946234e-01 4.417545e+00
9.950864e-01 -2.007370e-02 -9.695382e-02 1.253109e+01 2.206511e-02 9.995660e-01 1.951159e-02 -1.766295e+00 9.652009e-02 -2.155496e-02 9.950976e-01 4.653340e+00
9.894694e-01 -1.413864e-01 3.098788e-02 1.313472e+01 1.405241e-01 9.896686e-01 2.844517e-02 -1.855710e+00 -3.468951e-02 -2.379114e-02 9.991149e-01 4.874837e+00
9.948757e-01 3.221750e-02 -9.583504e-02 1.370320e+01 -2.980302e-02 9.992038e-01 2.652057e-02 -1.932246e+00 9.661319e-02 -2.352845e-02 9.950439e-01 5.104323e+00
9.869953e-01 -1.607289e-01 2.540027e-03 1.428229e+01 1.607469e-01 9.867783e-01 -2.071593e-02 -2.013032e+00 8.231864e-04 2.085478e-02 9.997822e-01 5.300895e+00
9.930777e-01 8.219141e-02 -8.391206e-02 1.492957e+01 -7.637830e-02 9.945984e-01 7.028696e-02 -2.058264e+00 8.923581e-02 -6.339130e-02 9.939912e-01 5.502565e+00
9.312640e-01 -3.631494e-01 -2.949455e-02 1.544219e+01 3.563447e-01 9.246966e-01 -1.339955e-01 -2.284857e+00 7.593386e-02 1.142749e-01 9.905429e-01 5.676806e+00
9.606518e-01 2.770122e-01 -2.030550e-02 1.607019e+01 -2.694889e-01 9.472695e-01 1.733669e-01 -2.329863e+00 6.725957e-02 -1.610731e-01 9.846480e-01 5.868886e+00
8.368464e-01 -5.355780e-01 -1.133324e-01 1.672511e+01 4.850987e-01 8.214301e-01 -2.998866e-01 -2.532407e+00 2.537073e-01 1.959816e-01 9.472190e-01 6.047901e+00
9.808124e-01 1.940111e-01 1.914899e-02 1.737943e+01 -1.933144e-01 9.551496e-01 2.243184e-01 -2.716269e+00 2.523018e-02 -2.237160e-01 9.743277e-01 6.243250e+00
8.716035e-01 -4.652569e-01 -1.544132e-01 1.801424e+01 4.007605e-01 8.576866e-01 -3.221256e-01 -2.867252e+00 2.823092e-01 2.188830e-01 9.340192e-01 6.500574e+00
9.846504e-01 1.329678e-01 1.130620e-01 1.864281e+01 -1.563206e-01 9.599771e-01 2.323956e-01 -3.014670e+00 -7.763570e-02 -2.465023e-01 9.660275e-01 6.741834e+00
8.843502e-01 -4.061970e-01 -2.300627e-01 1.928676e+01 3.275471e-01 8.910669e-01 -3.141858e-01 -3.124071e+00 3.326225e-01 2.024939e-01 9.210638e-01 6.969113e+00
9.662561e-01 1.188925e-01 2.285032e-01 2.002465e+01 -1.648148e-01 9.671085e-01 1.937450e-01 -3.226434e+00 -1.979524e-01 -2.248680e-01 9.540698e-01 7.232967e+00
8.464708e-01 -3.812234e-01 -3.716934e-01 2.067999e+01 2.952405e-01 9.170167e-01 -2.681668e-01 -3.343448e+00 4.430804e-01 1.172564e-01 8.887805e-01 7.475464e+00
9.641069e-01 5.354965e-02 2.600581e-01 2.130470e+01 -9.016111e-02 9.872797e-01 1.309571e-01 -3.479272e+00 -2.497373e-01 -1.497038e-01 9.566713e-01 7.703259e+00
8.435972e-01 -3.623268e-01 -3.963118e-01 2.188841e+01 2.954745e-01 9.294799e-01 -2.208210e-01 -3.609975e+00 4.483732e-01 6.918398e-02 8.911651e-01 7.927285e+00
9.460486e-01 7.475785e-02 3.152830e-01 2.248193e+01 -9.461238e-02 9.943504e-01 4.812318e-02 -3.761752e+00 -3.099041e-01 -7.535655e-02 9.477767e-01 8.142378e+00
8.528664e-01 -3.199371e-01 -4.126248e-01 2.308410e+01 2.844637e-01 9.474077e-01 -1.466254e-01 -3.890369e+00 4.378347e-01 7.675163e-03 8.990228e-01 8.373959e+00
9.350897e-01 7.715913e-02 3.459101e-01 2.367652e+01 -8.101123e-02 9.967076e-01 -3.331286e-03 -4.016660e+00 -3.450282e-01 -2.490758e-02 9.382617e-01 8.601204e+00
8.918030e-01 -2.625496e-01 -3.684496e-01 2.421120e+01 2.415199e-01 9.649143e-01 -1.029981e-01 -4.075574e+00 3.825644e-01 2.866104e-03 9.239245e-01 8.839784e+00
9.675821e-01 5.159949e-02 2.472295e-01 2.477181e+01 -5.173717e-02 9.986430e-01 -5.943887e-03 -4.161871e+00 -2.472007e-01 -7.039809e-03 9.689386e-01 9.047832e+00
8.940408e-01 -2.814293e-01 -3.485521e-01 2.543877e+01 2.877499e-01 9.570773e-01 -3.468481e-02 -4.239864e+00 3.433526e-01 -6.928612e-02 9.366475e-01 9.296590e+00
9.637271e-01 6.945435e-02 2.576941e-01 2.605057e+01 -5.125185e-02 9.957360e-01 -7.670107e-02 -4.335103e+00 -2.619225e-01 6.071155e-02 9.631773e-01 9.534632e+00
8.942139e-01 -2.523357e-01 -3.697407e-01 2.661025e+01 2.808453e-01 9.594420e-01 2.443437e-02 -4.415022e+00 3.485791e-01 -1.256894e-01 9.288137e-01 9.773281e+00
9.643042e-01 1.076483e-01 2.419282e-01 2.718004e+01 -7.545688e-02 9.874670e-01 -1.386188e-01 -4.487736e+00 -2.538182e-01 1.154155e-01 9.603413e-01 9.999459e+00
8.955032e-01 -2.730903e-01 -3.514195e-01 2.770209e+01 3.204086e-01 9.436198e-01 8.318688e-02 -4.551244e+00 3.088889e-01 -1.870919e-01 9.325151e-01 1.020880e+01
9.469057e-01 1.931810e-01 2.570032e-01 2.815611e+01 -1.443826e-01 9.697247e-01 -1.969458e-01 -4.596126e+00 -2.872686e-01 1.493823e-01 9.461298e-01 1.039903e+01
8.635615e-01 -3.476109e-01 -3.652782e-01 2.873615e+01 3.890468e-01 9.201620e-01 4.409665e-02 -4.665597e+00 3.207867e-01 -1.801905e-01 9.298535e-01 1.057311e+01
9.503330e-01 2.198417e-01 2.203106e-01 2.934147e+01 -1.649703e-01 9.560485e-01 -2.423966e-01 -4.750772e+00 -2.639166e-01 1.940127e-01 9.448317e-01 1.079789e+01
7.682703e-01 -4.061449e-01 -4.947799e-01 2.982801e+01 5.022709e-01 8.616570e-01 7.260229e-02 -4.893010e+00 3.968436e-01 -3.042917e-01 8.659803e-01 1.094486e+01
9.637547e-01 2.021424e-01 1.741125e-01 3.015552e+01 -1.640671e-01 9.636888e-01 -2.106796e-01 -5.024994e+00 -2.103777e-01 1.744774e-01 9.619245e-01 1.112401e+01
9.030988e-01 -3.076352e-01 -2.996218e-01 3.056960e+01 3.661113e-01 9.162236e-01 1.627787e-01 -5.069554e+00 2.244442e-01 -2.567001e-01 9.400691e-01 1.126455e+01
9.719286e-01 1.768316e-01 1.551939e-01 3.101470e+01 -1.605199e-01 9.806475e-01 -1.120888e-01 -5.115150e+00 -1.720115e-01 8.403063e-02 9.815044e-01 1.144138e+01
9.064454e-01 -3.248729e-01 -2.698416e-01 3.147131e+01 3.825935e-01 9.022410e-01 1.989556e-01 -5.144164e+00 1.788270e-01 -2.835821e-01 9.421264e-01 1.165413e+01
9.818886e-01 1.324216e-01 1.354961e-01 3.187805e+01 -1.056994e-01 9.764090e-01 -1.882901e-01 -5.191296e+00 -1.572333e-01 1.705580e-01 9.727217e-01 1.185219e+01
9.237663e-01 -2.812065e-01 -2.599593e-01 3.225145e+01 3.433539e-01 9.088055e-01 2.370248e-01 -5.238295e+00 1.695996e-01 -3.082136e-01 9.360771e-01 1.204065e+01
9.635877e-01 2.297775e-01 1.367513e-01 3.265220e+01 -1.893523e-01 9.474713e-01 -2.577668e-01 -5.270540e+00 -1.887970e-01 2.224868e-01 9.564807e-01 1.221193e+01
9.049149e-01 -2.472499e-01 -3.464053e-01 3.298344e+01 3.444830e-01 9.034916e-01 2.550183e-01 -5.303140e+00 2.499211e-01 -3.501006e-01 9.027564e-01 1.233427e+01
9.584856e-01 2.325893e-01 1.649470e-01 3.333972e+01 -1.705702e-01 9.312528e-01 -3.219842e-01 -5.339861e+00 -2.284975e-01 2.804823e-01 9.322653e-01 1.246241e+01
9.011250e-01 -2.195186e-01 -3.738788e-01 3.365199e+01 3.427017e-01 8.888655e-01 3.040948e-01 -5.369143e+00 2.655735e-01 -4.021564e-01 8.762083e-01 1.257562e+01
9.648406e-01 2.174681e-01 1.476146e-01 3.393203e+01 -1.555941e-01 9.252224e-01 -3.460548e-01 -5.400236e+00 -2.118323e-01 3.109198e-01 9.265290e-01 1.266098e+01
8.904074e-01 -2.318299e-01 -3.917010e-01 3.419001e+01 3.664163e-01 8.756186e-01 3.146923e-01 -5.437042e+00 2.700256e-01 -4.237300e-01 8.646035e-01 1.273045e+01
9.623710e-01 2.255070e-01 1.516201e-01 3.446491e+01 -1.647283e-01 9.278896e-01 -3.344927e-01 -5.452478e+00 -2.161171e-01 2.969299e-01 9.301215e-01 1.279133e+01
8.969821e-01 -2.789606e-01 -3.429348e-01 3.477335e+01 3.860940e-01 8.721775e-01 3.003962e-01 -5.498741e+00 2.153013e-01 -4.018550e-01 8.900325e-01 1.282784e+01
9.649461e-01 2.335192e-01 1.197818e-01 3.510269e+01 -1.772240e-01 9.164061e-01 -3.588752e-01 -5.541812e+00 -1.935730e-01 3.250670e-01 9.256678e-01 1.287704e+01
8.724670e-01 -3.491846e-01 -3.418648e-01 3.540537e+01 4.513659e-01 8.439258e-01 2.899277e-01 -5.589488e+00 1.872702e-01 -4.072585e-01 8.939074e-01 1.293795e+01
9.361803e-01 3.450713e-01 6.702389e-02 3.568159e+01 -3.115929e-01 9.028796e-01 -2.961724e-01 -5.633776e+00 -1.627151e-01 2.563866e-01 9.527800e-01 1.297288e+01
8.471879e-01 -4.542914e-01 -2.754852e-01 3.600510e+01 5.146386e-01 8.305044e-01 2.130956e-01 -5.676566e+00 1.319842e-01 -3.223073e-01 9.373890e-01 1.304468e+01
9.325331e-01 3.570972e-01 5.351306e-02 3.632399e+01 -3.321237e-01 9.064211e-01 -2.609491e-01 -5.743111e+00 -1.416896e-01 2.255707e-01 9.638682e-01 1.308506e+01
8.375825e-01 -4.805645e-01 -2.598332e-01 3.667809e+01 5.300009e-01 8.301345e-01 1.731355e-01 -5.815882e+00 1.324937e-01 -2.827271e-01 9.500057e-01 1.314202e+01
9.071190e-01 4.190209e-01 3.945453e-02 3.707092e+01 -3.915365e-01 8.745572e-01 -2.860923e-01 -5.873186e+00 -1.543839e-01 2.440718e-01 9.573894e-01 1.323633e+01
8.131982e-01 -5.392746e-01 -2.188416e-01 3.764001e+01 5.711096e-01 8.117937e-01 1.217575e-01 -5.979246e+00 1.119936e-01 -2.239955e-01 9.681340e-01 1.339970e+01
8.941121e-01 4.477420e-01 -9.521873e-03 3.806909e+01 -4.460321e-01 8.883845e-01 -1.087576e-01 -6.144518e+00 -4.023626e-02 1.014885e-01 9.940227e-01 1.348448e+01
8.854200e-01 -4.645431e-01 -1.520072e-02 3.844778e+01 4.637340e-01 8.807274e-01 9.628170e-02 -6.177653e+00 -3.133930e-02 -9.229881e-02 9.952381e-01 1.358688e+01
9.070010e-01 4.196824e-01 -3.486777e-02 3.881026e+01 -4.205491e-01 8.983020e-01 -1.272473e-01 -6.208978e+00 -2.208165e-02 1.300770e-01 9.912580e-01 1.368176e+01
8.916491e-01 -4.505240e-01 -4.460965e-02 3.917585e+01 4.527265e-01 8.874899e-01 8.602635e-02 -6.246251e+00 8.336885e-04 -9.690126e-02 9.952937e-01 1.377039e+01
9.239426e-01 3.793012e-01 -4.960525e-02 3.955216e+01 -3.825113e-01 9.174153e-01 -1.097004e-01 -6.290897e+00 3.899130e-03 1.203314e-01 9.927261e-01 1.387183e+01
9.038683e-01 -4.248819e-01 -4.997365e-02 3.991393e+01 4.277630e-01 8.993257e-01 9.073215e-02 -6.332718e+00 6.392138e-03 -1.033868e-01 9.946207e-01 1.399133e+01
9.110269e-01 4.110602e-01 -3.254851e-02 4.027692e+01 -4.122566e-01 9.063333e-01 -9.275938e-02 -6.366940e+00 -8.629896e-03 9.792462e-02 9.951564e-01 1.407744e+01
9.058248e-01 -4.234760e-01 -1.222837e-02 4.066693e+01 4.227472e-01 9.016267e-01 9.140183e-02 -6.404967e+00 -2.768105e-02 -8.796354e-02 9.957390e-01 1.416666e+01
9.159118e-01 3.990335e-01 -4.333354e-02 4.106702e+01 -4.013210e-01 9.122692e-01 -8.189100e-02 -6.453773e+00 6.854601e-03 9.239558e-02 9.956988e-01 1.426686e+01
9.126839e-01 -4.083735e-01 1.546337e-02 4.144978e+01 4.060252e-01 9.104313e-01 7.911128e-02 -6.496908e+00 -4.638528e-02 -6.592507e-02 9.967459e-01 1.435540e+01
9.133840e-01 4.024920e-01 -6.107280e-02 4.183256e+01 -4.062688e-01 9.107822e-01 -7.362984e-02 -6.532384e+00 2.598860e-02 9.206427e-02 9.954139e-01 1.444575e+01
8.992844e-01 -4.367789e-01 2.262082e-02 4.221096e+01 4.352940e-01 8.988561e-01 5.076364e-02 -6.566934e+00 -4.250534e-02 -3.580424e-02 9.984545e-01 1.454527e+01
9.090753e-01 4.144269e-01 -4.280502e-02 4.255469e+01 -4.159184e-01 9.087258e-01 -3.505792e-02 -6.602300e+00 2.436908e-02 4.967368e-02 9.984682e-01 1.464004e+01
9.081923e-01 -4.133174e-01 6.599583e-02 4.287186e+01 4.088638e-01 9.098011e-01 7.136208e-02 -6.625892e+00 -8.953825e-02 -3.782718e-02 9.952648e-01 1.473097e+01
9.121382e-01 4.012783e-01 -8.354436e-02 4.319689e+01 -4.078865e-01 9.087329e-01 -8.850363e-02 -6.641454e+00 4.040493e-02 1.148041e-01 9.925661e-01 1.481929e+01
9.218709e-01 -3.816322e-01 6.716402e-02 4.350444e+01 3.717607e-01 9.199397e-01 1.245195e-01 -6.664847e+00 -1.093075e-01 -8.982196e-02 9.899414e-01 1.489151e+01
9.329451e-01 3.448672e-01 -1.033445e-01 4.387060e+01 -3.545817e-01 9.298844e-01 -9.791122e-02 -6.692407e+00 6.233206e-02 1.279898e-01 9.898148e-01 1.500003e+01
9.207855e-01 -3.827826e-01 -7.504379e-02 4.430305e+01 3.892144e-01 9.143350e-01 1.118210e-01 -6.727508e+00 2.581202e-02 -1.321713e-01 9.908908e-01 1.511686e+01
9.432497e-01 3.319254e-01 -1.026951e-02 4.467239e+01 -3.309159e-01 9.368895e-01 -1.128390e-01 -6.760959e+00 -2.783276e-02 1.098337e-01 9.935602e-01 1.525486e+01
9.094236e-01 -4.149801e-01 -2.720824e-02 4.501526e+01 4.157274e-01 9.054413e-01 8.571419e-02 -6.786073e+00 -1.093421e-02 -8.926171e-02 9.959482e-01 1.540839e+01
9.327527e-01 3.569110e-01 5.086132e-02 4.533695e+01 -3.491448e-01 9.294500e-01 -1.192496e-01 -6.794618e+00 -8.983454e-02 9.347240e-02 9.915607e-01 1.558405e+01
9.167847e-01 -3.676843e-01 -1.559299e-01 4.570326e+01 3.846111e-01 9.180062e-01 9.663954e-02 -6.832494e+00 1.076118e-01 -1.485700e-01 9.830293e-01 1.576286e+01
9.380158e-01 3.405273e-01 6.455600e-02 4.608197e+01 -3.263542e-01 9.305024e-01 -1.663072e-01 -6.867738e+00 -1.167017e-01 1.349306e-01 9.839586e-01 1.589295e+01
8.913401e-01 -4.075291e-01 -1.985772e-01 4.647778e+01 4.306508e-01 8.980105e-01 9.009522e-02 -6.894626e+00 1.416079e-01 -1.658229e-01 9.759354e-01 1.604709e+01
9.175048e-01 3.641099e-01 1.600278e-01 4.685792e+01 -3.296703e-01 9.213179e-01 -2.061329e-01 -6.906673e+00 -2.224915e-01 1.363715e-01 9.653499e-01 1.622786e+01
8.896157e-01 -3.821255e-01 -2.501278e-01 4.723032e+01 4.244934e-01 8.938788e-01 1.441744e-01 -6.939017e+00 1.684912e-01 -2.344374e-01 9.574183e-01 1.641845e+01
9.327057e-01 3.244071e-01 1.575435e-01 4.764204e+01 -2.801086e-01 9.268105e-01 -2.501227e-01 -6.958782e+00 -2.271546e-01 1.891616e-01 9.553108e-01 1.658723e+01
8.979503e-01 -3.688051e-01 -2.401419e-01 4.802908e+01 4.102952e-01 8.989138e-01 1.536619e-01 -6.976812e+00 1.591956e-01 -2.365098e-01 9.584988e-01 1.677342e+01
9.477368e-01 3.048286e-01 9.420345e-02 4.841477e+01 -2.778483e-01 9.336764e-01 -2.259393e-01 -6.997938e+00 -1.568283e-01 1.879568e-01 9.695757e-01 1.696892e+01
9.060656e-01 -3.688118e-01 -2.074199e-01 4.882372e+01 4.043411e-01 8.991352e-01 1.675240e-01 -7.032521e+00 1.247137e-01 -2.356561e-01 9.638012e-01 1.716303e+01
9.529960e-01 2.987055e-01 5.072928e-02 4.926163e+01 -2.815656e-01 9.349611e-01 -2.157973e-01 -7.067111e+00 -1.118897e-01 1.913704e-01 9.751195e-01 1.735321e+01
8.977176e-01 -3.938148e-01 -1.975175e-01 4.972894e+01 4.268372e-01 8.884977e-01 1.684693e-01 -7.117742e+00 1.091481e-01 -2.355457e-01 9.657147e-01 1.753871e+01
9.479977e-01 3.128217e-01 5.867534e-02 5.018942e+01 -2.943073e-01 9.317657e-01 -2.125931e-01 -7.163425e+00 -1.211754e-01 1.842692e-01 9.753776e-01 1.772826e+01
9.077861e-01 -3.883645e-01 -1.584218e-01 5.064086e+01 4.130716e-01 8.933294e-01 1.770156e-01 -7.208200e+00 7.277624e-02 -2.261319e-01 9.713743e-01 1.792056e+01
9.544876e-01 2.968198e-01 2.917730e-02 5.110495e+01 -2.864632e-01 9.395984e-01 -1.873332e-01 -7.252198e+00 -8.301910e-02 1.704490e-01 9.818630e-01 1.811961e+01
9.031013e-01 -4.043064e-01 -1.447220e-01 5.157886e+01 4.230938e-01 8.953983e-01 1.387571e-01 -7.299594e+00 7.348340e-02 -1.865427e-01 9.796949e-01 1.832551e+01
9.494857e-01 3.125864e-01 2.768446e-02 5.206317e+01 -3.051806e-01 9.403221e-01 -1.505297e-01 -7.352661e+00 -7.308582e-02 1.344771e-01 9.882178e-01 1.853631e+01
9.080783e-01 -3.896100e-01 -1.536165e-01 5.253331e+01 4.097563e-01 9.023590e-01 1.335967e-01 -7.403951e+00 8.656652e-02 -1.842616e-01 9.790577e-01 1.873861e+01
9.620124e-01 2.729916e-01 -2.741245e-03 5.304149e+01 -2.706799e-01 9.524621e-01 -1.398153e-01 -7.460255e+00 -3.555741e-02 1.352461e-01 9.901738e-01 1.893367e+01
9.121097e-01 -3.947048e-01 -1.107442e-01 5.353446e+01 4.057506e-01 9.077607e-01 1.064753e-01 -7.517895e+00 5.850288e-02 -1.420517e-01 9.881289e-01 1.916305e+01
9.534970e-01 3.013569e-01 -5.233051e-03 5.400737e+01 -3.007688e-01 9.502240e-01 -8.131778e-02 -7.574841e+00 -1.953304e-02 7.911022e-02 9.966745e-01 1.939363e+01
9.134852e-01 -4.013962e-01 -6.652834e-02 5.444014e+01 4.060381e-01 9.098076e-01 8.592514e-02 -7.617716e+00 2.603789e-02 -1.055044e-01 9.940779e-01 1.959442e+01
9.443622e-01 3.288998e-01 -2.171533e-03 5.482353e+01 -3.273617e-01 9.392657e-01 -1.030259e-01 -7.651984e+00 -3.184548e-02 9.800469e-02 9.946763e-01 1.976868e+01
9.129770e-01 -4.041289e-01 -5.615230e-02 5.521118e+01 4.075915e-01 9.096003e-01 8.060025e-02 -7.676037e+00 1.850318e-02 -9.647335e-02 9.951636e-01 1.994447e+01
9.375391e-01 3.478605e-01 -3.657458e-03 5.560000e+01 -3.470498e-01 9.345251e-01 -7.886228e-02 -7.703487e+00 -2.401501e-02 7.520581e-02 9.968788e-01 2.010672e+01
9.057454e-01 -4.196190e-01 -5.954208e-02 5.600610e+01 4.229509e-01 9.039231e-01 6.352605e-02 -7.732853e+00 2.716464e-02 -8.272177e-02 9.962024e-01 2.027922e+01
9.460050e-01 3.220791e-01 -3.659987e-02 5.644982e+01 -3.237724e-01 9.443170e-01 -5.862442e-02 -7.772368e+00 1.568027e-02 6.730904e-02 9.976089e-01 2.045901e+01
9.053826e-01 -4.232782e-01 -3.343804e-02 5.688117e+01 4.243199e-01 9.048260e-01 3.524963e-02 -7.813602e+00 1.533513e-02 -4.610279e-02 9.988190e-01 2.064952e+01
9.375098e-01 3.478221e-01 -9.751630e-03 5.731321e+01 -3.479583e-01 9.370979e-01 -2.779533e-02 -7.852138e+00 -5.295045e-04 2.945155e-02 9.995660e-01 2.083869e+01
8.904780e-01 -4.528281e-01 -4.467476e-02 5.776775e+01 4.544523e-01 8.899881e-01 3.734068e-02 -7.887872e+00 2.285101e-02 -5.355356e-02 9.983035e-01 2.103828e+01
9.275728e-01 3.712337e-01 -4.235836e-02 5.822285e+01 -3.709543e-01 9.285369e-01 1.456591e-02 -7.927354e+00 4.473875e-02 2.202069e-03 9.989963e-01 2.122239e+01
8.726697e-01 -4.882577e-01 -7.220148e-03 5.873303e+01 4.881770e-01 8.719883e-01 3.632575e-02 -7.971041e+00 -1.144052e-02 -3.522503e-02 9.993140e-01 2.140553e+01
9.281250e-01 3.694634e-01 -4.561484e-02 5.924204e+01 -3.675451e-01 9.289010e-01 4.531597e-02 -8.022434e+00 5.911436e-02 -2.529339e-02 9.979307e-01 2.161272e+01
8.792017e-01 -4.759141e-01 -2.258844e-02 5.974158e+01 4.752590e-01 8.793679e-01 -2.899804e-02 -8.074681e+00 3.366405e-02 1.475983e-02 9.993243e-01 2.182394e+01
9.365657e-01 3.499562e-01 -1.937418e-02 6.027872e+01 -3.478175e-01 9.348137e-01 7.173750e-02 -8.134682e+00 4.321632e-02 -6.044824e-02 9.972353e-01 2.205982e+01
9.024348e-01 -4.296104e-01 -3.234891e-02 6.075815e+01 4.279068e-01 9.025156e-01 -4.859442e-02 -8.194797e+00 5.007198e-02 3.001104e-02 9.982947e-01 2.227611e+01
9.423244e-01 3.346550e-01 -5.541822e-03 6.127030e+01 -3.308451e-01 9.338470e-01 1.359092e-01 -8.249964e+00 5.065801e-02 -1.262371e-01 9.907057e-01 2.248102e+01
8.959694e-01 -4.392942e-01 -6.526570e-02 6.180809e+01 4.285293e-01 8.937295e-01 -1.327036e-01 -8.315751e+00 1.166257e-01 9.093016e-02 9.890047e-01 2.268172e+01
9.460097e-01 3.189367e-01 5.783676e-02 6.236511e+01 -3.241114e-01 9.284486e-01 1.814800e-01 -8.390132e+00 4.182226e-03 -1.904274e-01 9.816923e-01 2.288786e+01
8.999208e-01 -4.270527e-01 -8.813917e-02 6.292336e+01 4.099586e-01 8.974769e-01 -1.626932e-01 -8.457391e+00 1.485814e-01 1.102777e-01 9.827322e-01 2.309489e+01
9.609444e-01 2.680060e-01 6.898218e-02 6.352451e+01 -2.765086e-01 9.400491e-01 1.996260e-01 -8.542450e+00 -1.134562e-02 -2.109037e-01 9.774409e-01 2.332341e+01
9.130354e-01 -3.931208e-01 -1.087309e-01 6.411697e+01 3.686271e-01 9.094112e-01 -1.925753e-01 -8.627388e+00 1.745864e-01 1.357470e-01 9.752397e-01 2.354581e+01
9.654302e-01 2.346343e-01 1.135397e-01 6.469606e+01 -2.556280e-01 9.374374e-01 2.363587e-01 -8.702464e+00 -5.097848e-02 -2.572118e-01 9.650094e-01 2.375839e+01
9.143336e-01 -3.809362e-01 -1.374106e-01 6.526910e+01 3.483924e-01 9.129164e-01 -2.126181e-01 -8.775463e+00 2.064383e-01 1.465312e-01 9.674255e-01 2.397924e+01
9.694252e-01 2.010842e-01 1.406409e-01 6.585079e+01 -2.309415e-01 9.413814e-01 2.459005e-01 -8.851404e+00 -8.295005e-02 -2.708621e-01 9.590375e-01 2.419929e+01
9.273285e-01 -3.310741e-01 -1.745044e-01 6.643979e+01 2.901913e-01 9.305402e-01 -2.233471e-01 -8.926912e+00 2.363278e-01 1.564765e-01 9.589914e-01 2.440101e+01
9.768887e-01 1.473817e-01 1.548129e-01 6.704790e+01 -1.837691e-01 9.490075e-01 2.561517e-01 -8.997395e+00 -1.091665e-01 -2.786815e-01 9.541588e-01 2.459061e+01
9.137762e-01 -3.302637e-01 -2.365141e-01 6.768405e+01 2.732639e-01 9.305665e-01 -2.436655e-01 -9.082999e+00 3.005660e-01 1.580250e-01 9.405787e-01 2.481307e+01
9.756214e-01 1.069514e-01 1.916359e-01 6.830419e+01 -1.540716e-01 9.556352e-01 2.510443e-01 -9.167582e+00 -1.562845e-01 -2.744499e-01 9.488162e-01 2.503728e+01
9.172046e-01 -2.988212e-01 -2.635177e-01 6.893590e+01 2.407828e-01 9.427067e-01 -2.309279e-01 -9.253592e+00 3.174261e-01 1.483576e-01 9.366060e-01 2.529434e+01
9.680065e-01 7.622593e-02 2.390667e-01 6.954242e+01 -1.379714e-01 9.574796e-01 2.533706e-01 -9.337541e+00 -2.095882e-01 -2.782488e-01 9.373635e-01 2.554615e+01
9.450412e-01 -1.848235e-01 -2.696988e-01 6.996270e+01 1.231205e-01 9.653417e-01 -2.301232e-01 -9.395619e+00 3.028838e-01 1.842704e-01 9.350433e-01 2.569465e+01
9.555444e-01 1.040976e-01 2.758595e-01 7.027381e+01 -1.512351e-01 9.761924e-01 1.554872e-01 -9.419996e+00 -2.531062e-01 -1.902946e-01 9.485384e-01 2.577367e+01
9.558812e-01 -1.609251e-01 -2.457525e-01 7.058169e+01 1.078655e-01 9.704364e-01 -2.159125e-01 -9.445692e+00 2.732329e-01 1.798785e-01 9.449803e-01 2.584218e+01
9.415525e-01 1.299393e-01 3.107967e-01 7.093648e+01 -1.819015e-01 9.726541e-01 1.444153e-01 -9.469084e+00 -2.835325e-01 -1.925090e-01 9.394410e-01 2.594804e+01
9.681419e-01 -1.706163e-01 -1.832793e-01 7.126627e+01 1.460485e-01 9.792981e-01 -1.401607e-01 -9.483680e+00 2.033989e-01 1.089278e-01 9.730179e-01 2.608555e+01
9.576538e-01 1.341377e-01 2.547670e-01 7.156924e+01 -1.640669e-01 9.813657e-01 1.000175e-01 -9.484732e+00 -2.366035e-01 -1.375809e-01 9.618160e-01 2.621189e+01
9.429136e-01 -2.485795e-01 -2.216354e-01 7.189526e+01 2.108011e-01 9.606899e-01 -1.806594e-01 -9.491426e+00 2.578311e-01 1.236252e-01 9.582485e-01 2.632070e+01
9.522096e-01 1.895562e-01 2.395105e-01 7.224703e+01 -2.141292e-01 9.734509e-01 8.088263e-02 -9.510283e+00 -2.178199e-01 -1.283034e-01 9.675187e-01 2.644748e+01
9.512619e-01 -2.464276e-01 -1.854029e-01 7.258885e+01 2.190125e-01 9.631052e-01 -1.564029e-01 -9.535244e+00 2.171045e-01 1.081746e-01 9.701361e-01 2.656082e+01
9.356374e-01 2.348653e-01 2.634785e-01 7.290706e+01 -2.639561e-01 9.611655e-01 8.054859e-02 -9.553711e+00 -2.343284e-01 -1.449110e-01 9.612964e-01 2.666978e+01
9.398761e-01 -2.789842e-01 -1.969788e-01 7.324203e+01 2.528415e-01 9.561531e-01 -1.477918e-01 -9.581543e+00 2.295735e-01 8.910158e-02 9.692044e-01 2.679219e+01
9.217786e-01 2.713234e-01 2.769618e-01 7.358022e+01 -3.048539e-01 9.485668e-01 8.535260e-02 -9.608276e+00 -2.395586e-01 -1.631091e-01 9.570825e-01 2.690505e+01
9.404299e-01 -3.023369e-01 -1.555118e-01 7.390342e+01 2.776702e-01 9.469467e-01 -1.618367e-01 -9.627982e+00 1.961906e-01 1.090150e-01 9.744871e-01 2.700450e+01
9.003780e-01 3.068768e-01 3.084575e-01 7.420904e+01 -3.503385e-01 9.317234e-01 9.567880e-02 -9.639377e+00 -2.580355e-01 -1.942117e-01 9.464139e-01 2.712436e+01
9.252473e-01 -3.435090e-01 -1.609941e-01 7.451404e+01 3.186535e-01 9.340057e-01 -1.615341e-01 -9.649990e+00 2.058578e-01 9.815766e-02 9.736467e-01 2.723043e+01
9.068070e-01 3.250708e-01 2.683840e-01 7.485480e+01 -3.616975e-01 9.269916e-01 9.930523e-02 -9.666994e+00 -2.165085e-01 -1.871245e-01 9.581797e-01 2.734744e+01
9.050314e-01 -3.920660e-01 -1.649316e-01 7.521419e+01 3.711518e-01 9.173366e-01 -1.440135e-01 -9.683757e+00 2.077606e-01 6.912214e-02 9.757345e-01 2.749155e+01
9.018757e-01 3.314662e-01 2.770386e-01 7.556616e+01 -3.602539e-01 9.309944e-01 5.887661e-02 -9.706276e+00 -2.384058e-01 -1.529036e-01 9.590532e-01 2.764105e+01
9.063780e-01 -3.999811e-01 -1.359928e-01 7.589276e+01 3.903508e-01 9.160071e-01 -9.250553e-02 -9.722138e+00 1.615708e-01 3.076009e-02 9.863817e-01 2.780638e+01
8.859886e-01 4.035637e-01 2.283868e-01 7.618674e+01 -4.173138e-01 9.086655e-01 1.327079e-02 -9.733638e+00 -2.021715e-01 -1.070667e-01 9.734799e-01 2.796356e+01
9.162483e-01 -3.681757e-01 -1.579103e-01 7.647155e+01 3.616018e-01 9.297324e-01 -6.958253e-02 -9.750102e+00 1.724329e-01 6.654234e-03 9.849989e-01 2.811887e+01
8.890342e-01 3.992778e-01 2.240433e-01 7.678766e+01 -4.096901e-01 9.122248e-01 -1.140487e-05 -9.749590e+00 -2.043823e-01 -9.177816e-02 9.745791e-01 2.823567e+01
8.649325e-01 -4.578997e-01 -2.054741e-01 7.717572e+01 4.490696e-01 8.888946e-01 -9.056948e-02 -9.780556e+00 2.241165e-01 -1.393569e-02 9.744628e-01 2.839792e+01
8.935828e-01 4.013893e-01 2.009889e-01 7.758110e+01 -4.077808e-01 9.130206e-01 -1.040246e-02 -9.821348e+00 -1.876824e-01 -7.266393e-02 9.795382e-01 2.856162e+01
8.559139e-01 -4.732275e-01 -2.084878e-01 7.800137e+01 4.723281e-01 8.795549e-01 -5.735276e-02 -9.855679e+00 2.105173e-01 -4.938560e-02 9.763420e-01 2.872126e+01
8.870766e-01 3.981129e-01 2.336689e-01 7.838678e+01 -4.064404e-01 9.135770e-01 -1.353636e-02 -9.883804e+00 -2.188635e-01 -8.296470e-02 9.722219e-01 2.888029e+01
8.518513e-01 -4.824128e-01 -2.040278e-01 7.879179e+01 4.789593e-01 8.750919e-01 -6.937026e-02 -9.906049e+00 2.120081e-01 -3.862787e-02 9.765043e-01 2.905562e+01
8.967123e-01 4.005580e-01 1.883090e-01 7.918295e+01 -4.013758e-01 9.152258e-01 -3.548635e-02 -9.933295e+00 -1.865596e-01 -4.376162e-02 9.814684e-01 2.923560e+01
8.588550e-01 -4.739295e-01 -1.943165e-01 7.959954e+01 4.733976e-01 8.792999e-01 -5.221519e-02 -9.962857e+00 1.956088e-01 -4.714370e-02 9.795483e-01 2.941757e+01
8.605571e-01 4.474484e-01 2.433748e-01 7.992400e+01 -4.502625e-01 8.916473e-01 -4.720968e-02 -9.983360e+00 -2.381284e-01 -6.895591e-02 9.687826e-01 2.954647e+01
8.790461e-01 -4.459826e-01 -1.684561e-01 8.025057e+01 4.433124e-01 8.946613e-01 -5.527453e-02 -1.000490e+01 1.753625e-01 -2.608980e-02 9.841583e-01 2.962886e+01
9.077658e-01 3.824793e-01 1.722523e-01 8.064508e+01 -3.860771e-01 9.223683e-01 -1.346385e-02 -1.002855e+01 -1.640296e-01 -5.428062e-02 9.849608e-01 2.977463e+01
8.640125e-01 -4.812715e-01 -1.478515e-01 8.103636e+01 4.696180e-01 8.762479e-01 -1.079281e-01 -1.005456e+01 1.814972e-01 2.381755e-02 9.831031e-01 2.994707e+01
8.626218e-01 4.540899e-01 2.229034e-01 8.137933e+01 -4.573981e-01 8.883770e-01 -3.966496e-02 -1.008143e+01 -2.160337e-01 -6.773973e-02 9.740332e-01 3.007523e+01
8.614433e-01 -4.838017e-01 -1.544389e-01 8.169045e+01 4.802671e-01 8.749306e-01 -6.196671e-02 -1.010503e+01 1.651029e-01 -2.079109e-02 9.860573e-01 3.015485e+01
8.908460e-01 4.297604e-01 1.473069e-01 8.209202e+01 -4.330911e-01 9.012910e-01 -1.033022e-02 -1.012513e+01 -1.372058e-01 -5.459465e-02 9.890368e-01 3.026115e+01
8.152922e-01 -5.472174e-01 -1.893454e-01 8.255070e+01 5.444485e-01 8.357741e-01 -7.111644e-02 -1.016218e+01 1.971661e-01 -4.510810e-02 9.793319e-01 3.045149e+01
8.908169e-01 4.351604e-01 1.306931e-01 8.300767e+01 -4.388692e-01 8.985509e-01 -4.717729e-04 -1.020813e+01 -1.176397e-01 -5.693694e-02 9.914227e-01 3.063119e+01
8.250588e-01 -5.229087e-01 -2.141132e-01 8.348588e+01 5.173837e-01 8.514477e-01 -8.573701e-02 -1.025501e+01 2.271388e-01 -4.004057e-02 9.730390e-01 3.081356e+01
8.777009e-01 4.383168e-01 1.936995e-01 8.387422e+01 -4.385510e-01 8.976271e-01 -4.402918e-02 -1.029238e+01 -1.931686e-01 -4.630268e-02 9.800723e-01 3.093551e+01
8.723017e-01 -4.664782e-01 -1.465873e-01 8.422654e+01 4.590142e-01 8.845164e-01 -8.328655e-02 -1.031816e+01 1.685102e-01 5.365372e-03 9.856854e-01 3.101393e+01
8.628181e-01 4.587798e-01 2.122877e-01 8.451794e+01 -4.651699e-01 8.849514e-01 -2.186110e-02 -1.034213e+01 -1.978937e-01 -7.988772e-02 9.769626e-01 3.109368e+01
8.739168e-01 -4.628472e-01 -1.484654e-01 8.480791e+01 4.557820e-01 8.864338e-01 -8.060985e-02 -1.035421e+01 1.689147e-01 2.778498e-03 9.856268e-01 3.116201e+01
8.593129e-01 4.745470e-01 1.907525e-01 8.510418e+01 -4.771157e-01 8.781333e-01 -3.524913e-02 -1.036675e+01 -1.842334e-01 -6.072100e-02 9.810050e-01 3.124079e+01
8.548004e-01 -4.958823e-01 -1.530261e-01 8.542303e+01 4.868089e-01 8.683661e-01 -9.464332e-02 -1.038558e+01 1.798146e-01 6.406713e-03 9.836797e-01 3.131930e+01
8.924018e-01 4.284847e-01 1.414914e-01 8.579162e+01 -4.316526e-01 9.019943e-01 -9.069251e-03 -1.041590e+01 -1.315105e-01 -5.298177e-02 9.898978e-01 3.142099e+01
8.485848e-01 -5.021908e-01 -1.664580e-01 8.616455e+01 4.919799e-01 8.647491e-01 -1.008208e-01 -1.044431e+01 1.945756e-01 3.661031e-03 9.808808e-01 3.154021e+01
8.819095e-01 4.355201e-01 1.804381e-01 8.649878e+01 -4.408396e-01 8.975102e-01 -1.165546e-02 -1.045924e+01 -1.670212e-01 -6.926523e-02 9.835172e-01 3.166956e+01
8.568620e-01 -4.932478e-01 -1.499802e-01 8.680938e+01 4.811329e-01 8.695848e-01 -1.110564e-01 -1.046813e+01 1.851988e-01 2.299963e-02 9.824320e-01 3.178271e+01
8.600993e-01 4.755292e-01 1.846649e-01 8.711803e+01 -4.800578e-01 8.769532e-01 -2.230751e-02 -1.048370e+01 -1.725503e-01 -6.946321e-02 9.825483e-01 3.188443e+01
8.456212e-01 -5.145558e-01 -1.419759e-01 8.745399e+01 5.043611e-01 8.573154e-01 -1.031030e-01 -1.051099e+01 1.747703e-01 1.557905e-02 9.844861e-01 3.196085e+01
8.542463e-01 4.930306e-01 1.648757e-01 8.778261e+01 -4.981431e-01 8.670159e-01 -1.169646e-02 -1.054136e+01 -1.487165e-01 -7.214009e-02 9.862449e-01 3.207207e+01
8.025341e-01 -5.646255e-01 -1.927100e-01 8.819056e+01 5.546943e-01 8.250884e-01 -1.074404e-01 -1.057960e+01 2.196663e-01 -2.067049e-02 9.753561e-01 3.219183e+01
8.902385e-01 4.345339e-01 1.365860e-01 8.863705e+01 -4.394261e-01 8.982561e-01 6.379164e-03 -1.062650e+01 -1.199172e-01 -6.569851e-02 9.906076e-01 3.237244e+01
8.079112e-01 -5.650275e-01 -1.674020e-01 8.906207e+01 5.514691e-01 8.250401e-01 -1.232503e-01 -1.065898e+01 2.077532e-01 7.258302e-03 9.781544e-01 3.255267e+01
8.835650e-01 4.431806e-01 1.513398e-01 8.948760e+01 -4.520848e-01 8.915127e-01 2.871123e-02 -1.068908e+01 -1.221971e-01 -9.378674e-02 9.880646e-01 3.273829e+01
8.092498e-01 -5.662473e-01 -1.564572e-01 8.990242e+01 5.483377e-01 8.236401e-01 -1.447159e-01 -1.073096e+01 2.108095e-01 3.132002e-02 9.770254e-01 3.292815e+01
8.514348e-01 4.888366e-01 1.899935e-01 9.029233e+01 -5.061055e-01 8.608280e-01 5.322052e-02 -1.076250e+01 -1.375356e-01 -1.414706e-01 9.803417e-01 3.310601e+01
7.802098e-01 -5.986145e-01 -1.814755e-01 9.070945e+01 5.691829e-01 7.997339e-01 -1.909362e-01 -1.079525e+01 2.594294e-01 4.567762e-02 9.646814e-01 3.327137e+01
8.577873e-01 4.731722e-01 2.007711e-01 9.112647e+01 -4.897110e-01 8.709873e-01 3.955175e-02 -1.082634e+01 -1.561543e-01 -1.322469e-01 9.788393e-01 3.344024e+01
8.089509e-01 -5.683317e-01 -1.503249e-01 9.151854e+01 5.486346e-01 8.217115e-01 -1.542409e-01 -1.085981e+01 2.111838e-01 4.229987e-02 9.765307e-01 3.362623e+01
8.263972e-01 5.171263e-01 2.228182e-01 9.186947e+01 -5.303359e-01 8.477873e-01 -6.509448e-04 -1.089021e+01 -1.892391e-01 -1.176306e-01 9.748597e-01 3.377577e+01
8.078267e-01 -5.676573e-01 -1.586860e-01 9.223598e+01 5.453197e-01 8.219681e-01 -1.643013e-01 -1.092578e+01 2.237017e-01 4.619246e-02 9.735625e-01 3.385829e+01
8.276624e-01 5.267355e-01 1.937127e-01 9.260474e+01 -5.330560e-01 8.457866e-01 -2.227732e-02 -1.095885e+01 -1.755739e-01 -8.482169e-02 9.808053e-01 3.394574e+01
8.170664e-01 -5.619604e-01 -1.288527e-01 9.294677e+01 5.466395e-01 8.261346e-01 -1.367003e-01 -1.098725e+01 1.832699e-01 4.125732e-02 9.821966e-01 3.404095e+01
8.325610e-01 5.305636e-01 1.591989e-01 9.331907e+01 -5.364766e-01 8.438876e-01 -6.825315e-03 -1.101718e+01 -1.379673e-01 -7.972409e-02 9.872229e-01 3.413587e+01
7.847532e-01 -6.026008e-01 -1.450334e-01 9.374630e+01 5.934495e-01 7.980332e-01 -1.046931e-01 -1.104995e+01 1.788297e-01 -3.911665e-03 9.838723e-01 3.426147e+01
8.208709e-01 5.507834e-01 1.510248e-01 9.411876e+01 -5.513534e-01 8.332174e-01 -4.192926e-02 -1.108264e+01 -1.489305e-01 -4.884962e-02 9.876403e-01 3.439722e+01
8.243449e-01 -5.589609e-01 -8.954426e-02 9.448432e+01 5.525000e-01 8.288782e-01 -8.777655e-02 -1.111086e+01 1.232850e-01 2.288502e-02 9.921075e-01 3.448264e+01
8.348026e-01 5.362663e-01 1.245917e-01 9.483152e+01 -5.357283e-01 8.434110e-01 -4.065717e-02 -1.114197e+01 -1.268851e-01 -3.280669e-02 9.913747e-01 3.456970e+01
8.354627e-01 -5.433017e-01 -8.261548e-02 9.517465e+01 5.396688e-01 8.394968e-01 -6.326701e-02 -1.117009e+01 1.037286e-01 8.272304e-03 9.945713e-01 3.465013e+01
8.365119e-01 5.478713e-01 -9.215596e-03 9.553371e+01 -5.462360e-01 8.351077e-01 6.497162e-02 -1.120654e+01 4.329208e-02 -4.931574e-02 9.978445e-01 3.469247e+01
7.832748e-01 -6.137986e-01 9.865003e-02 9.594369e+01 6.214662e-01 7.772090e-01 -9.862086e-02 -1.126220e+01 -1.613826e-02 1.385549e-01 9.902233e-01 3.470615e+01
8.253389e-01 5.620007e-01 -5.450584e-02 9.633746e+01 -5.511631e-01 8.228434e-01 1.383761e-01 -1.128992e+01 1.226172e-01 -8.416568e-02 9.888787e-01 3.486575e+01
7.867014e-01 -6.127922e-01 7.474375e-02 9.673907e+01 6.164205e-01 7.863420e-01 -4.113542e-02 -1.132685e+01 -3.356660e-02 7.843492e-02 9.963540e-01 3.507183e+01
8.415495e-01 5.373292e-01 -5.542287e-02 9.713819e+01 -5.292343e-01 8.406957e-01 1.146376e-01 -1.135788e+01 1.081918e-01 -6.714161e-02 9.918601e-01 3.525672e+01
8.007236e-01 -5.955270e-01 6.472522e-02 9.753895e+01 5.989659e-01 7.975748e-01 -7.151435e-02 -1.138319e+01 -9.034388e-03 9.603147e-02 9.953374e-01 3.542665e+01
8.481707e-01 5.295259e-01 -1.444545e-02 9.792794e+01 -5.258670e-01 8.449678e-01 9.743374e-02 -1.140626e+01 6.379959e-02 -7.504415e-02 9.951371e-01 3.558521e+01
8.065594e-01 -5.848919e-01 8.581077e-02 9.830573e+01 5.911529e-01 7.978723e-01 -1.180598e-01 -1.143032e+01 5.862777e-04 1.459496e-01 9.892919e-01 3.572238e+01
8.588910e-01 5.102832e-01 -4.378663e-02 9.869317e+01 -5.090347e-01 8.599550e-01 3.689121e-02 -1.147834e+01 5.647945e-02 -9.396692e-03 9.983595e-01 3.581837e+01
8.172346e-01 -5.680312e-01 9.730469e-02 9.907483e+01 5.735382e-01 8.181597e-01 -4.085075e-02 -1.151576e+01 -5.640618e-02 8.919264e-02 9.944160e-01 3.594981e+01
8.618152e-01 4.964114e-01 -1.041643e-01 9.942370e+01 -4.911664e-01 8.680088e-01 7.291231e-02 -1.154116e+01 1.266100e-01 -1.167498e-02 9.918838e-01 3.608934e+01
8.186235e-01 -5.616559e-01 1.199924e-01 9.978035e+01 5.715108e-01 8.173048e-01 -7.340533e-02 -1.156794e+01 -5.684174e-02 1.286683e-01 9.900574e-01 3.622155e+01
8.688426e-01 4.836289e-01 -1.059034e-01 1.001551e+02 -4.791124e-01 8.752462e-01 6.629760e-02 -1.160613e+01 1.247549e-01 -6.862616e-03 9.921638e-01 3.631841e+01
8.310069e-01 -5.307455e-01 1.665438e-01 1.005227e+02 5.484787e-01 8.317026e-01 -8.626660e-02 -1.163967e+01 -9.272922e-02 1.630339e-01 9.822532e-01 3.643807e+01
8.674712e-01 4.866531e-01 -1.032587e-01 1.008619e+02 -4.795481e-01 8.732158e-01 8.676292e-02 -1.166032e+01 1.323905e-01 -2.574692e-02 9.908631e-01 3.656311e+01
8.399326e-01 -5.094848e-01 1.869188e-01 1.012038e+02 5.270334e-01 8.479264e-01 -5.706692e-02 -1.167751e+01 -1.294185e-01 1.464448e-01 9.807165e-01 3.667306e+01
8.736342e-01 4.620826e-01 -1.524562e-01 1.015326e+02 -4.508252e-01 8.865671e-01 1.037082e-01 -1.170276e+01 1.830844e-01 -2.187198e-02 9.828538e-01 3.677312e+01
8.341327e-01 -5.001488e-01 2.325380e-01 1.018747e+02 5.262014e-01 8.479718e-01 -6.368718e-02 -1.171759e+01 -1.653325e-01 1.754854e-01 9.704999e-01 3.688552e+01
8.793047e-01 4.437072e-01 -1.730521e-01 1.022261e+02 -4.286448e-01 8.956690e-01 1.184930e-01 -1.173763e+01 2.075736e-01 -3.001367e-02 9.777588e-01 3.700308e+01
8.428796e-01 -4.828640e-01 2.374792e-01 1.025522e+02 5.030670e-01 8.637518e-01 -2.926665e-02 -1.171053e+01 -1.909912e-01 1.441362e-01 9.709517e-01 3.716780e+01
8.855327e-01 3.796522e-01 -2.677609e-01 1.031120e+02 -3.457397e-01 9.235258e-01 1.660245e-01 -1.182539e+01 3.103156e-01 -5.444464e-02 9.490732e-01 3.732573e+01
8.585276e-01 -4.696155e-01 2.058924e-01 1.036902e+02 4.863479e-01 8.729907e-01 -3.678162e-02 -1.190400e+01 -1.624688e-01 1.317134e-01 9.778832e-01 3.753148e+01
9.035156e-01 3.714497e-01 -2.137394e-01 1.042851e+02 -3.220077e-01 9.175281e-01 2.333523e-01 -1.198204e+01 2.827905e-01 -1.420117e-01 9.486106e-01 3.774194e+01
8.601840e-01 -4.812300e-01 1.688233e-01 1.048670e+02 5.027807e-01 8.556622e-01 -1.226938e-01 -1.205855e+01 -8.541171e-02 1.904203e-01 9.779801e-01 3.795704e+01
9.215292e-01 3.711097e-01 -1.142867e-01 1.054286e+02 -3.291767e-01 9.027164e-01 2.770304e-01 -1.212988e+01 2.059771e-01 -2.176712e-01 9.540402e-01 3.817113e+01
8.793288e-01 -4.386198e-01 1.854553e-01 1.058775e+02 4.725974e-01 8.516683e-01 -2.265234e-01 -1.217591e+01 -5.858874e-02 2.868342e-01 9.561870e-01 3.834018e+01
9.360253e-01 3.352203e-01 -1.071628e-01 1.063081e+02 -2.856549e-01 9.015304e-01 3.250294e-01 -1.221224e+01 2.055669e-01 -2.736242e-01 9.396127e-01 3.852193e+01
9.026945e-01 -4.167086e-01 1.072228e-01 1.068168e+02 4.302425e-01 8.707532e-01 -2.380762e-01 -1.226925e+01 5.843883e-03 2.610418e-01 9.653098e-01 3.875543e+01
9.491860e-01 3.128594e-01 -3.412958e-02 1.073298e+02 -2.814919e-01 8.924734e-01 3.524962e-01 -1.232605e+01 1.407414e-01 -3.249772e-01 9.351907e-01 3.898221e+01
9.125439e-01 -4.067509e-01 4.263223e-02 1.078456e+02 4.002160e-01 8.666636e-01 -2.978613e-01 -1.238564e+01 8.420758e-02 2.888736e-01 9.536567e-01 3.919874e+01
9.651008e-01 2.603767e-01 2.800601e-02 1.083553e+02 -2.524637e-01 8.966516e-01 3.637004e-01 -1.244224e+01 6.958740e-02 -3.580780e-01 9.310949e-01 3.941201e+01
9.213888e-01 -3.881854e-01 1.884097e-02 1.088577e+02 3.732523e-01 8.703546e-01 -3.211940e-01 -1.247729e+01 1.082845e-01 3.029770e-01 9.468260e-01 3.960368e+01
9.655731e-01 2.586428e-01 2.779118e-02 1.093320e+02 -2.488263e-01 8.871707e-01 3.886046e-01 -1.252820e+01 7.585421e-02 -3.821414e-01 9.209854e-01 3.982752e+01
9.252149e-01 -3.792012e-01 -1.356613e-02 1.097950e+02 3.531613e-01 8.736532e-01 -3.346749e-01 -1.258257e+01 1.387612e-01 3.048551e-01 9.422360e-01 4.002687e+01
9.674281e-01 2.393691e-01 8.237189e-02 1.102811e+02 -2.524307e-01 8.877598e-01 3.849171e-01 -1.263650e+01 1.901080e-02 -3.931729e-01 9.192680e-01 4.020714e+01
9.237309e-01 -3.769286e-01 -6.816297e-02 1.107666e+02 3.276568e-01 8.697251e-01 -3.690789e-01 -1.268976e+01 1.983994e-01 3.185955e-01 9.268951e-01 4.038931e+01
