9.956149e-01 -8.054184e-02 -4.758108e-02 3.379899e-01 8.091900e-02 9.967023e-01 6.051105e-03 -5.888598e-02 4.693681e-02 -9.874785e-03 9.988492e-01 1.243778e-01
9.996786e-01 -1.263744e-02 2.197554e-02 6.645329e-01 1.249267e-02 9.998994e-01 6.712541e-03 -1.107850e-01 -2.205817e-02 -6.435848e-03 9.997359e-01 2.569207e-01
9.960731e-01 -7.738391e-02 -4.301260e-02 1.016657e+00 7.748249e-02 9.969935e-01 6.269502e-04 -1.651041e-01 4.283477e-02 -3.957216e-03 9.990744e-01 3.926565e-01
9.997022e-01 1.628951e-02 1.817148e-02 1.340332e+00 -1.622153e-02 9.998609e-01 -3.882101e-03 -2.165582e-01 -1.823221e-02 3.586180e-03 9.998272e-01 5.145739e-01
9.970339e-01 -6.928022e-02 -3.352025e-02 1.671313e+00 7.003404e-02 9.973050e-01 2.186147e-02 -2.629456e-01 3.191536e-02 -2.414419e-02 9.991990e-01 6.453575e-01
9.996055e-01 1.767517e-02 2.182592e-02 1.979944e+00 -1.753447e-02 9.998243e-01 -6.621147e-03 -3.081269e-01 -2.193913e-02 6.235838e-03 9.997398e-01 7.751670e-01
9.951261e-01 -7.816318e-02 -6.012152e-02 2.303376e+00 7.979660e-02 9.964910e-01 2.526171e-02 -3.565080e-01 5.793604e-02 -2.993609e-02 9.978715e-01 8.984478e-01
9.979657e-01 4.698011e-02 4.309627e-02 2.599796e+00 -4.641639e-02 9.988242e-01 -1.398973e-02 -3.997451e-01 -4.370285e-02 1.196091e-02 9.989729e-01 1.021454e+00
9.908249e-01 -9.132744e-02 -9.962577e-02 2.921048e+00 9.445387e-02 9.951598e-01 2.711996e-02 -4.523652e-01 9.666678e-02 -3.628119e-02 9.946554e-01 1.135663e+00
9.979976e-01 3.293995e-02 5.399838e-02 3.244515e+00 -3.119533e-02 9.989737e-01 -3.283941e-02 -5.043639e-01 -5.502471e-02 3.108917e-02 9.980008e-01 1.249086e+00
9.915997e-01 -9.597105e-02 -8.671594e-02 3.562559e+00 9.955187e-02 9.943085e-01 3.794883e-02 -5.498603e-01 8.258043e-02 -4.626280e-02 9.955101e-01 1.368166e+00
9.985120e-01 3.143382e-02 4.456058e-02 3.898852e+00 -2.983176e-02 9.989002e-01 -3.617275e-02 -5.993420e-01 -4.564865e-02 3.478963e-02 9.983515e-01 1.504047e+00
9.918627e-01 -8.693173e-02 -9.301196e-02 4.219529e+00 8.848529e-02 9.959965e-01 1.270331e-02 -6.651541e-01 9.153530e-02 -2.083015e-02 9.955840e-01 1.627362e+00
9.921242e-01 3.540958e-02 1.201485e-01 4.507628e+00 -3.603636e-02 9.993458e-01 3.047336e-03 -7.011881e-01 -1.199620e-01 -7.353029e-03 9.927512e-01 1.753449e+00
9.572663e-01 -1.535410e-01 -2.450845e-01 4.788566e+00 1.499133e-01 9.881313e-01 -3.350571e-02 -7.589722e-01 2.473202e-01 -4.667551e-03 9.689227e-01 1.868638e+00
9.903740e-01 -6.872900e-02 1.201481e-01 5.148405e+00 7.722015e-02 9.947263e-01 -6.750229e-02 -8.165802e-01 -1.148752e-01 7.613039e-02 9.904583e-01 1.969903e+00
9.710279e-01 -8.986886e-02 -2.214238e-01 5.443560e+00 1.101332e-01 9.906176e-01 8.091623e-02 -8.902792e-01 2.120745e-01 -1.029581e-01 9.718149e-01 2.111565e+00
9.975113e-01 -1.159076e-03 7.049702e-02 5.746773e+00 9.192786e-03 9.934679e-01 -1.137408e-01 -9.958697e-01 -6.990476e-02 1.141058e-01 9.910061e-01 2.241471e+00
9.930827e-01 -5.664055e-02 -1.028526e-01 6.108856e+00 6.983804e-02 9.891013e-01 1.296195e-01 -1.067850e+00 9.438998e-02 -1.359060e-01 9.862151e-01 2.330133e+00
9.982258e-01 8.280670e-03 5.896281e-02 6.466259e+00 3.283136e-04 9.895015e-01 -1.445224e-01 -1.131824e+00 -5.954060e-02 1.442854e-01 9.877431e-01 2.461479e+00
9.944764e-01 -5.533884e-02 -8.918689e-02 6.799831e+00 6.857296e-02 9.858574e-01 1.529148e-01 -1.182752e+00 7.946350e-02 -1.581861e-01 9.842067e-01 2.590874e+00
9.990335e-01 4.599332e-03 4.371307e-02 7.136982e+00 1.608597e-03 9.900184e-01 -1.409290e-01 -1.233675e+00 -4.392500e-02 1.408632e-01 9.890541e-01 2.717621e+00
9.954070e-01 -5.392463e-02 -7.910113e-02 7.464409e+00 6.583445e-02 9.854565e-01 1.566566e-01 -1.282961e+00 6.950315e-02 -1.611447e-01 9.844805e-01 2.839811e+00
9.998343e-01 -3.452393e-03 1.787384e-02 7.798957e+00 5.890646e-03 9.903846e-01 -1.382156e-01 -1.333618e+00 -1.722488e-02 1.382981e-01 9.902408e-01 2.958753e+00
9.965548e-01 -6.884457e-02 -4.624852e-02 8.123793e+00 7.469675e-02 9.873597e-01 1.397897e-01 -1.382454e+00 3.604024e-02 -1.427628e-01 9.891006e-01 3.074469e+00
9.997680e-01 2.149413e-02 -1.373045e-03 8.444474e+00 -2.151102e-02 9.933039e-01 -1.135102e-01 -1.428384e+00 -1.076026e-03 1.135135e-01 9.935358e-01 3.195426e+00
9.937725e-01 -1.015738e-01 -4.581451e-02 8.776262e+00 1.065716e-01 9.864664e-01 1.246057e-01 -1.478434e+00 3.253787e-02 -1.287123e-01 9.911481e-01 3.311853e+00
9.990841e-01 3.574968e-02 -2.351509e-02 9.093021e+00 -3.806811e-02 9.935366e-01 -1.069384e-01 -1.529804e+00 1.954001e-02 1.077357e-01 9.939875e-01 3.419236e+00
9.921759e-01 -1.213934e-01 -2.916722e-02 9.389867e+00 1.237073e-01 9.874152e-01 9.852736e-02 -1.581964e+00 1.683966e-02 -1.013647e-01 9.947069e-01 3.510858e+00
9.976079e-01 6.245936e-02 -2.961959e-02 9.705494e+00 -6.508460e-02 9.930534e-01 -9.802534e-02 -1.639225e+00 2.329115e-02 9.971869e-02 9.947430e-01 3.607269e+00
9.916024e-01 -1.280347e-01 -1.821789e-02 1.001934e+01 1.292085e-01 9.867948e-01 9.767933e-02 -1.693893e+00 5.471045e-03 -9.921302e-02 9.950512e-01 3.709648e+00
9.960534e-01 8.429185e-02 -2.779447e-02 1.031472e+01 -8.624246e-02 9.931633e-01 -7.866892e-02 -1.743623e+00 2.097323e-02 8.075557e-02 9.965132e-01 3.804287e+00
9.916593e-01 -1.271006e-01 -2.138630e-02 1.060136e+01 1.284044e-01 9.885981e-01 7.865212e-02 -1.790967e+00 1.114580e-02 -8.074227e-02 9.966728e-01 3.890989e+00
9.957375e-01 8.998739e-02 -2.022293e-02 1.089216e+01 -9.100336e-02 9.942342e-01 -5.671630e-02 -1.835939e+00 1.500250e-02 5.831497e-02 9.981854e-01 3.995100e+00
9.884994e-01 -1.511213e-01 -5.595102e-03 1.119720e+01 1.511170e-01 9.857218e-01 7.427157e-02 -1.878476e+00 -5.708736e-03 -7.426299e-02 9.972224e-01 4.110740e+00
9.953990e-01 9.564212e-02 -5.772382e-03 1.150028e+01 -9.581572e-02 9.934166e-01 -6.279129e-02 -1.921240e+00 -2.711838e-04 6.305554e-02 9.980099e-01 4.229614e+00
9.884608e-01 -1.482373e-01 -3.116134e-02 1.182531e+01 1.505384e-01 9.841912e-01 9.330544e-02 -1.967540e+00 1.683743e-02 -9.691982e-02 9.951498e-01 4.360578e+00
9.960886e-01 8.680178e-02 1.652038e-02 1.213961e+01 -8.524339e-02 9.932287e-01 -7.893254e-02 -2.013299e+00 -2.326007e-02 7.721562e-02 9.967430e-01 4.485832e+00
9.913784e-01 -1.306283e-01 1.025907e-02 1.242811e+01 1.291815e-01 9.874953e-01 9.036192e-02 -2.055127e+00 -2.193455e-02 -8.825765e-02 9.958562e-01 4.604843e+00
9.952876e-01 9.605818e-02 -1.324155e-02 1.272216e+01 -9.657339e-02 9.942506e-01 -4.625181e-02 -2.096888e+00 8.722494e-03 4.731271e-02 9.988420e-01 4.728528e+00
9.861178e-01 -1.634496e-01 -2.925637e-02 1.304335e+01 1.648936e-01 9.846798e-01 5.670893e-02 -2.151085e+00 1.953916e-02 -6.074596e-02 9.979621e-01 4.839441e+00
9.936396e-01 1.123867e-01 -7.046074e-03 1.335522e+01 -1.125676e-01 9.930033e-01 -3.567831e-02 -2.200882e+00 2.986949e-03 3.624462e-02 9.993384e-01 4.954376e+00
9.855184e-01 -1.693486e-01 -8.636303e-03 1.368497e+01 1.695677e-01 9.844036e-01 4.686491e-02 -2.254189e+00 5.651469e-04 -4.765075e-02 9.988639e-01 5.080021e+00
9.949446e-01 9.229160e-02 -3.959020e-02 1.404274e+01 -9.348467e-02 9.951859e-01 -2.942187e-02 -2.309629e+00 3.668416e-02 3.297429e-02 9.987827e-01 5.205005e+00
9.838455e-01 -1.761687e-01 3.182345e-02 1.437725e+01 1.749070e-01 9.838181e-01 3.885280e-02 -2.363956e+00 -3.815309e-02 -3.265910e-02 9.987381e-01 5.332499e+00
9.926074e-01 1.128443e-01 -4.468416e-02 1.469339e+01 -1.134684e-01 9.934729e-01 -1.167900e-02 -2.414378e+00 4.307455e-02 1.666299e-02 9.989329e-01 5.448852e+00
9.836740e-01 -1.786663e-01 2.153825e-02 1.500104e+01 1.779021e-01 9.834840e-01 3.331891e-02 -2.465686e+00 -2.713545e-02 -2.894334e-02 9.992127e-01 5.559767e+00
9.912365e-01 1.291775e-01 -2.762772e-02 1.529543e+01 -1.297422e-01 9.913515e-01 -1.972566e-02 -2.513305e+00 2.484063e-02 2.313737e-02 9.994236e-01 5.671485e+00
9.836577e-01 -1.799515e-01 5.908903e-03 1.559531e+01 1.795949e-01 9.829794e-01 3.869379e-02 -2.560343e+00 -1.277131e-02 -3.700033e-02 9.992337e-01 5.785054e+00
9.928555e-01 1.155643e-01 -2.971287e-02 1.590897e+01 -1.162004e-01 9.930110e-01 -2.065196e-02 -2.607345e+00 2.711854e-02 2.395715e-02 9.993451e-01 5.902815e+00
9.833401e-01 -1.786407e-01 3.361160e-02 1.619540e+01 1.778615e-01 9.837400e-01 2.492031e-02 -2.653944e+00 -3.751683e-02 -1.852703e-02 9.991243e-01 6.013827e+00
9.897605e-01 1.360545e-01 -4.316562e-02 1.648061e+01 -1.365186e-01 9.906053e-01 -7.979932e-03 -2.693832e+00 4.167435e-02 1.379122e-02 9.990360e-01 6.129374e+00
9.810224e-01 -1.932274e-01 1.606762e-02 1.678839e+01 1.924682e-01 9.804899e-01 3.994545e-02 -2.730998e+00 -2.347267e-02 -3.609497e-02 9.990727e-01 6.258575e+00
9.885578e-01 1.454098e-01 -4.011732e-02 1.711115e+01 -1.460849e-01 9.891668e-01 -1.442877e-02 -2.769322e+00 3.758461e-02 2.012430e-02 9.990908e-01 6.411046e+00
9.369780e-01 -2.782261e-01 -2.113348e-01 1.727406e+01 2.872547e-01 9.577707e-01 1.265557e-02 -2.917856e+00 1.988891e-01 -7.256499e-02 9.773318e-01 6.464337e+00
9.903576e-01 -1.357605e-01 -2.758321e-02 1.776451e+01 1.337065e-01 9.888116e-01 -6.613656e-02 -3.142304e+00 3.625332e-02 6.181088e-02 9.974292e-01 6.722292e+00
9.990577e-01 2.127428e-02 3.783043e-02 1.813075e+01 -2.315700e-02 9.984785e-01 5.004580e-02 -3.195474e+00 -3.670817e-02 -5.087477e-02 9.980302e-01 6.865756e+00
9.961012e-01 -8.792788e-02 -7.141661e-03 1.846363e+01 8.723809e-02 9.938391e-01 -6.836075e-02 -3.245527e+00 1.310848e-02 6.747130e-02 9.976351e-01 7.019062e+00
9.990397e-01 4.018742e-02 -1.745311e-02 1.882876e+01 -3.837939e-02 9.948473e-01 9.384071e-02 -3.312363e+00 2.113440e-02 -9.308085e-02 9.954343e-01 7.186473e+00
9.959246e-01 -8.813961e-02 1.911855e-02 1.918531e+01 8.940316e-02 9.927349e-01 -8.052586e-02 -3.365421e+00 -1.188213e-02 8.190704e-02 9.965691e-01 7.337181e+00
9.993144e-01 2.561830e-02 -2.672739e-02 1.953111e+01 -2.447761e-02 9.988108e-01 4.216654e-02 -3.430279e+00 2.777584e-02 -4.148350e-02 9.987531e-01 7.444095e+00
9.980072e-01 -3.824429e-02 5.018999e-02 1.981945e+01 4.043685e-02 9.982381e-01 -4.342218e-02 -3.479704e+00 -4.844091e-02 4.536527e-02 9.977953e-01 7.558821e+00
9.964470e-01 6.260353e-03 -8.398958e-02 2.014911e+01 -8.201932e-04 9.979077e-01 6.465047e-02 -3.530829e+00 8.421857e-02 -6.435197e-02 9.943672e-01 7.706840e+00
9.951082e-01 -9.018533e-02 4.032625e-02 2.051946e+01 9.411785e-02 9.895155e-01 -1.095483e-01 -3.607908e+00 -3.002379e-02 1.128079e-01 9.931631e-01 7.835129e+00
9.952289e-01 9.073605e-02 -3.586555e-02 2.079924e+01 -8.482405e-02 9.863022e-01 1.414672e-01 -3.649704e+00 4.821045e-02 -1.377501e-01 9.892930e-01 7.944640e+00
9.925151e-01 -1.143347e-01 4.291066e-02 2.110841e+01 1.182058e-01 9.876978e-01 -1.023736e-01 -3.688578e+00 -3.067790e-02 1.066797e-01 9.938200e-01 8.078525e+00
9.971590e-01 6.455727e-02 -3.881197e-02 2.144299e+01 -5.941183e-02 9.907977e-01 1.216155e-01 -3.730447e+00 4.630597e-02 -1.189642e-01 9.918182e-01 8.226804e+00
9.899860e-01 -1.155711e-01 8.106209e-02 2.177298e+01 1.231264e-01 9.877954e-01 -9.539413e-02 -3.766829e+00 -6.904794e-02 1.044198e-01 9.921335e-01 8.399573e+00
9.939497e-01 8.047011e-02 -7.475610e-02 2.210900e+01 -7.246876e-02 9.919134e-01 1.041928e-01 -3.811705e+00 8.253598e-02 -9.814504e-02 9.917436e-01 8.553477e+00
9.902650e-01 -1.156617e-01 7.744408e-02 2.240531e+01 1.216677e-01 9.895067e-01 -7.793128e-02 -3.851602e+00 -6.761776e-02 8.659515e-02 9.939462e-01 8.691003e+00
9.943156e-01 8.034844e-02 -6.986178e-02 2.270289e+01 -7.247827e-02 9.914297e-01 1.086934e-01 -3.890643e+00 7.799636e-02 -1.030122e-01 9.916174e-01 8.827738e+00
9.861821e-01 -1.311254e-01 1.012476e-01 2.300685e+01 1.397828e-01 9.866349e-01 -8.373938e-02 -3.928073e+00 -8.891400e-02 9.673502e-02 9.913307e-01 8.972902e+00
9.912058e-01 7.275325e-02 -1.105352e-01 2.334388e+01 -6.090355e-02 9.923879e-01 1.070378e-01 -3.973549e+00 1.174811e-01 -9.936463e-02 9.880916e-01 9.122691e+00
9.875385e-01 -1.268958e-01 9.308687e-02 2.365717e+01 1.358467e-01 9.859588e-01 -9.711174e-02 -4.018004e+00 -7.945673e-02 1.085472e-01 9.909107e-01 9.248709e+00
9.650165e-01 6.062136e-02 -2.550847e-01 2.400020e+01 -5.900539e-03 9.776784e-01 2.100244e-01 -4.105654e+00 2.621228e-01 -2.011720e-01 9.438334e-01 9.413430e+00
9.509129e-01 -1.308890e-01 2.804151e-01 2.443269e+01 2.108754e-01 9.372635e-01 -2.776123e-01 -4.185688e+00 -2.264864e-01 3.231179e-01 9.188573e-01 9.527458e+00
9.595195e-01 1.725529e-01 -2.225933e-01 2.474324e+01 -8.927613e-02 9.359281e-01 3.406881e-01 -4.227711e+00 2.671180e-01 -3.070247e-01 9.134462e-01 9.670193e+00
9.570304e-01 -1.384560e-01 2.547993e-01 2.504618e+01 2.134971e-01 9.310269e-01 -2.959859e-01 -4.267264e+00 -1.962439e-01 3.376665e-01 9.205811e-01 9.812428e+00
9.672505e-01 1.758227e-01 -1.830653e-01 2.534232e+01 -1.009622e-01 9.282259e-01 3.580550e-01 -4.307940e+00 2.328801e-01 -3.278462e-01 9.155784e-01 9.952443e+00
9.578313e-01 -1.427133e-01 2.493834e-01 2.562645e+01 2.207376e-01 9.211026e-01 -3.206942e-01 -4.345223e+00 -1.839404e-01 3.622193e-01 9.137631e-01 1.008561e+01
9.567938e-01 2.109400e-01 -2.001248e-01 2.588314e+01 -1.182196e-01 9.110218e-01 3.950488e-01 -4.385535e+00 2.656496e-01 -3.543216e-01 8.965972e-01 1.020690e+01
9.454443e-01 -1.399748e-01 2.941805e-01 2.615796e+01 2.338842e-01 9.202305e-01 -3.138055e-01 -4.417535e+00 -2.267890e-01 3.654899e-01 9.027646e-01 1.033374e+01
9.488987e-01 2.095593e-01 -2.359580e-01 2.646242e+01 -9.936116e-02 9.080584e-01 4.068875e-01 -4.455281e+00 2.995306e-01 -3.626500e-01 8.824774e-01 1.047060e+01
9.453937e-01 -1.524686e-01 2.880694e-01 2.675335e+01 2.510637e-01 9.042730e-01 -3.453364e-01 -4.499245e+00 -2.078404e-01 3.988028e-01 8.931734e-01 1.058728e+01
9.536220e-01 2.127293e-01 -2.129586e-01 2.702941e+01 -1.098478e-01 9.046419e-01 4.117726e-01 -4.542078e+00 2.802473e-01 -3.692824e-01 8.860542e-01 1.069186e+01
9.376335e-01 -1.776519e-01 2.988030e-01 2.734642e+01 2.837322e-01 8.877236e-01 -3.625502e-01 -4.583858e+00 -2.008467e-01 4.247193e-01 8.827650e-01 1.081618e+01
9.517260e-01 2.323511e-01 -2.005758e-01 2.766103e+01 -1.217848e-01 8.856530e-01 4.480930e-01 -4.625779e+00 2.817554e-01 -4.020348e-01 8.711957e-01 1.095460e+01
9.382802e-01 -2.584595e-01 2.298456e-01 2.801526e+01 3.392412e-01 8.172268e-01 -4.658923e-01 -4.681564e+00 -6.742162e-02 5.151106e-01 8.544679e-01 1.113099e+01
9.802336e-01 1.275381e-01 -1.512490e-01 2.835263e+01 -4.201789e-02 8.812484e-01 4.707822e-01 -4.759226e+00 1.933305e-01 -4.551214e-01 8.691881e-01 1.129727e+01
9.696225e-01 -6.398987e-02 2.360880e-01 2.862417e+01 1.635540e-01 8.872948e-01 -4.312283e-01 -4.793463e+00 -1.818853e-01 4.567419e-01 8.708068e-01 1.142979e+01
9.734401e-01 1.581896e-01 -1.655006e-01 2.890756e+01 -6.121604e-02 8.764190e-01 4.776426e-01 -4.832656e+00 2.206059e-01 -4.548252e-01 8.628251e-01 1.155549e+01
9.732634e-01 -9.897548e-02 2.072732e-01 2.920516e+01 1.794956e-01 8.907854e-01 -4.174717e-01 -4.871527e+00 -1.433164e-01 4.435146e-01 8.847345e-01 1.169054e+01
9.831622e-01 1.434460e-01 -1.132053e-01 2.949837e+01 -7.961408e-02 8.938641e-01 4.412126e-01 -4.911890e+00 1.644802e-01 -4.247708e-01 8.902337e-01 1.181599e+01
9.836777e-01 -1.090069e-01 1.431631e-01 2.977581e+01 1.565792e-01 9.105788e-01 -3.825299e-01 -4.953276e+00 -8.866278e-02 3.987025e-01 9.127843e-01 1.194320e+01
9.909195e-01 1.078205e-01 -8.033329e-02 3.008630e+01 -6.412205e-02 9.040955e-01 4.224924e-01 -4.996017e+00 1.181822e-01 -4.135048e-01 9.027994e-01 1.206556e+01
9.880699e-01 -1.191414e-01 9.758607e-02 3.040699e+01 1.479871e-01 9.099259e-01 -3.874721e-01 -5.044561e+00 -4.263210e-02 3.972911e-01 9.167019e-01 1.218902e+01
9.952344e-01 9.730147e-02 6.411860e-03 3.070528e+01 -9.200886e-02 9.152535e-01 3.922313e-01 -5.082094e+00 3.229613e-02 -3.909521e-01 9.198443e-01 1.232134e+01
9.921530e-01 -1.200683e-01 3.487131e-02 3.100661e+01 1.241695e-01 9.135745e-01 -3.872511e-01 -5.122227e+00 1.463908e-02 3.885424e-01 9.213145e-01 1.245948e+01
9.957400e-01 9.129804e-02 1.291092e-02 3.129272e+01 -8.840059e-02 9.054240e-01 4.152022e-01 -5.162969e+00 2.621722e-02 -4.145748e-01 9.096376e-01 1.259614e+01
9.919056e-01 -1.172738e-01 4.868249e-02 3.158347e+01 1.269630e-01 9.103568e-01 -3.938664e-01 -5.202893e+00 1.871830e-03 3.968592e-01 9.178776e-01 1.272452e+01
9.951045e-01 9.830569e-02 1.015714e-02 3.186910e+01 -9.365639e-02 9.052149e-01 4.145050e-01 -5.245261e+00 3.155374e-02 -4.134271e-01 9.099903e-01 1.283703e+01
9.893322e-01 -1.388264e-01 4.414670e-02 3.215570e+01 1.450504e-01 9.106876e-01 -3.867924e-01 -5.284083e+00 1.349320e-02 3.890697e-01 9.211095e-01 1.296626e+01
9.976863e-01 6.443712e-02 2.167909e-02 3.245778e+01 -6.782663e-02 9.215543e-01 3.822791e-01 -5.332164e+00 4.654434e-03 -3.828650e-01 9.237926e-01 1.309410e+01
9.865669e-01 -1.454087e-01 7.444372e-02 3.275101e+01 1.627885e-01 9.131021e-01 -3.738240e-01 -5.370280e+00 -1.361741e-02 3.809210e-01 9.245073e-01 1.323759e+01
9.942024e-01 1.070736e-01 9.847600e-03 3.303091e+01 -1.029551e-01 9.215269e-01 3.744174e-01 -5.411846e+00 3.101532e-02 -3.732606e-01 9.272080e-01 1.336846e+01
9.929620e-01 -1.041919e-01 5.630647e-02 3.327736e+01 1.175232e-01 9.256673e-01 -3.596223e-01 -5.445475e+00 -1.465128e-02 3.637087e-01 9.313975e-01 1.349090e+01
9.926995e-01 1.176104e-01 2.675265e-02 3.352961e+01 -1.189501e-01 9.178924e-01 3.785822e-01 -5.487153e+00 1.996908e-02 -3.790005e-01 9.251810e-01 1.360524e+01
9.916841e-01 -1.258892e-01 2.673056e-02 3.378325e+01 1.271137e-01 9.256645e-01 -3.563526e-01 -5.534355e+00 2.011745e-02 3.567871e-01 9.339691e-01 1.372304e+01
9.951121e-01 9.323016e-02 3.256210e-02 3.405709e+01 -9.867871e-02 9.259724e-01 3.644691e-01 -5.574208e+00 3.827852e-03 -3.659008e-01 9.306460e-01 1.383989e+01
9.907473e-01 -1.354292e-01 8.862416e-03 3.434976e+01 1.299445e-01 9.277257e-01 -3.499135e-01 -5.616282e+00 3.916666e-02 3.478275e-01 9.367401e-01 1.395362e+01
9.922856e-01 1.148104e-01 4.677638e-02 3.461488e+01 -1.239174e-01 9.298786e-01 3.463672e-01 -5.659578e+00 -3.729869e-03 -3.494916e-01 9.369321e-01 1.406744e+01
9.891476e-01 -1.409270e-01 4.155073e-02 3.487917e+01 1.466056e-01 9.280807e-01 -3.423052e-01 -5.700820e+00 9.677652e-03 3.446820e-01 9.386696e-01 1.418825e+01
9.847366e-01 1.623979e-01 6.261678e-02 3.512905e+01 -1.740496e-01 9.204419e-01 3.499905e-01 -5.733967e+00 -7.974383e-04 -3.555469e-01 9.346581e-01 1.431019e+01
9.849710e-01 -1.727189e-01 3.350559e-04 3.539700e+01 1.637341e-01 9.331126e-01 -3.201436e-01 -5.773763e+00 5.498222e-02 3.153871e-01 9.473690e-01 1.443389e+01
9.848902e-01 1.413770e-01 1.000204e-01 3.567349e+01 -1.663348e-01 9.330170e-01 3.190799e-01 -5.810845e+00 -4.821020e-02 -3.308955e-01 9.424351e-01 1.455245e+01
9.848517e-01 -1.731289e-01 -9.661520e-03 3.593602e+01 1.615334e-01 9.362944e-01 -3.118648e-01 -5.847360e+00 6.303885e-02 3.055799e-01 9.500774e-01 1.467159e+01
9.877171e-01 1.351483e-01 7.842187e-02 3.620358e+01 -1.537602e-01 9.299717e-01 3.339318e-01 -5.890769e+00 -2.779984e-02 -3.418884e-01 9.393293e-01 1.479005e+01
9.834888e-01 -1.808838e-01 5.540663e-03 3.649406e+01 1.727073e-01 9.290078e-01 -3.272868e-01 -5.933632e+00 5.405357e-02 3.228399e-01 9.449088e-01 1.490804e+01
9.820820e-01 1.665945e-01 8.809915e-02 3.675061e+01 -1.863424e-01 9.282282e-01 3.219767e-01 -5.976112e+00 -2.813660e-02 -3.326241e-01 9.426397e-01 1.503503e+01
9.821914e-01 -1.877017e-01 8.240848e-03 3.700256e+01 1.815071e-01 9.366210e-01 -2.996601e-01 -6.012029e+00 4.852818e-02 2.958194e-01 9.540104e-01 1.514738e+01
9.836145e-01 1.645808e-01 7.359273e-02 3.726705e+01 -1.794680e-01 9.326826e-01 3.128807e-01 -6.049816e+00 -1.714453e-02 -3.209615e-01 9.469370e-01 1.525831e+01
9.774739e-01 -2.104672e-01 -1.575558e-02 3.755931e+01 1.966134e-01 9.351848e-01 -2.945718e-01 -6.092903e+00 7.673207e-02 2.848385e-01 9.554995e-01 1.537889e+01
9.779212e-01 1.803743e-01 1.055244e-01 3.782623e+01 -2.029601e-01 9.400646e-01 2.740178e-01 -6.134725e+00 -4.977395e-02 -2.893850e-01 9.559178e-01 1.549080e+01
9.801375e-01 -1.967955e-01 -2.453342e-02 3.807907e+01 1.840229e-01 9.486150e-01 -2.574200e-01 -6.172855e+00 7.393187e-02 2.477923e-01 9.659881e-01 1.559986e+01
9.832584e-01 1.595306e-01 8.805143e-02 3.835304e+01 -1.770885e-01 9.504495e-01 2.555101e-01 -6.217678e+00 -4.292677e-02 -2.668253e-01 9.627884e-01 1.571206e+01
9.791845e-01 -2.028674e-01 -6.509359e-03 3.863740e+01 1.951406e-01 9.497432e-01 -2.447611e-01 -6.255602e+00 5.583627e-02 2.383961e-01 9.695616e-01 1.583875e+01
9.857911e-01 1.474372e-01 8.048821e-02 3.892844e+01 -1.628310e-01 9.564383e-01 2.423054e-01 -6.294116e+00 -4.125716e-02 -2.519685e-01 9.668556e-01 1.597247e+01
9.760242e-01 -2.118941e-01 -4.977512e-02 3.921779e+01 1.941610e-01 9.509310e-01 -2.408978e-01 -6.334337e+00 9.837752e-02 2.254577e-01 9.692733e-01 1.610253e+01
9.820798e-01 1.504177e-01 1.135514e-01 3.949251e+01 -1.739388e-01 9.553568e-01 2.388276e-01 -6.372431e+00 -7.255819e-02 -2.542988e-01 9.644000e-01 1.622831e+01
9.729577e-01 -2.122525e-01 -9.111516e-02 3.978833e+01 1.878132e-01 9.565911e-01 -2.228445e-01 -6.415519e+00 1.344593e-01 1.997057e-01 9.705866e-01 1.635700e+01
9.824680e-01 1.486983e-01 1.124530e-01 4.009108e+01 -1.722092e-01 9.549101e-01 2.418484e-01 -6.460700e+00 -7.142013e-02 -2.569737e-01 9.637757e-01 1.648481e+01
9.721513e-01 -2.192902e-01 -8.266512e-02 4.039247e+01 1.945266e-01 9.517860e-01 -2.371980e-01 -6.505217e+00 1.306947e-01 2.145118e-01 9.679378e-01 1.660040e+01
9.811422e-01 1.484171e-01 1.238246e-01 4.068995e+01 -1.755640e-01 9.522735e-01 2.497049e-01 -6.548041e+00 -8.085447e-02 -2.667351e-01 9.603723e-01 1.671910e+01
9.660058e-01 -2.384195e-01 -9.994354e-02 4.099933e+01 2.073059e-01 9.453852e-01 -2.515373e-01 -6.593810e+00 1.544565e-01 2.222676e-01 9.626735e-01 1.683594e+01
9.710779e-01 1.716008e-01 1.660152e-01 4.128860e+01 -2.083305e-01 9.486535e-01 2.380229e-01 -6.637735e+00 -1.166460e-01 -2.657248e-01 9.569661e-01 1.693912e+01
9.768588e-01 -1.857590e-01 -1.060200e-01 4.153742e+01 1.575210e-01 9.601431e-01 -2.308945e-01 -6.674254e+00 1.446851e-01 2.088510e-01 9.671853e-01 1.704191e+01
9.743388e-01 1.659689e-01 1.520476e-01 4.180148e+01 -2.002436e-01 9.476321e-01 2.487888e-01 -6.709480e+00 -1.027940e-01 -2.728512e-01 9.565488e-01 1.714950e+01
9.659086e-01 -2.238895e-01 -1.299763e-01 4.209503e+01 1.888160e-01 9.527432e-01 -2.379681e-01 -6.752758e+00 1.771126e-01 2.053139e-01 9.625369e-01 1.726391e+01
9.691286e-01 1.379408e-01 2.043583e-01 4.239977e+01 -1.784291e-01 9.643957e-01 1.952024e-01 -6.794809e+00 -1.701559e-01 -2.256397e-01 9.592360e-01 1.738622e+01
9.550860e-01 -2.277654e-01 -1.895613e-01 4.271468e+01 1.885896e-01 9.606257e-01 -2.040396e-01 -6.833511e+00 2.285707e-01 1.591261e-01 9.604345e-01 1.753008e+01
9.664358e-01 1.350636e-01 2.185403e-01 4.304738e+01 -1.665316e-01 9.770825e-01 1.325785e-01 -6.881194e+00 -1.956254e-01 -1.645225e-01 9.667797e-01 1.766453e+01
9.350684e-01 -2.730066e-01 -2.260847e-01 4.340173e+01 2.381166e-01 9.562618e-01 -1.698939e-01 -6.936190e+00 2.625783e-01 1.050279e-01 9.591777e-01 1.781071e+01
9.509841e-01 1.460838e-01 2.725601e-01 4.373093e+01 -1.625341e-01 9.859454e-01 3.865791e-02 -6.983352e+00 -2.630821e-01 -8.106336e-02 9.613618e-01 1.794856e+01
9.471180e-01 -2.035010e-01 -2.481022e-01 4.405916e+01 1.937045e-01 9.789996e-01 -6.354823e-02 -7.020851e+00 2.558241e-01 1.212918e-02 9.666473e-01 1.809759e+01
9.485587e-01 1.662757e-01 2.694235e-01 4.437568e+01 -1.706477e-01 9.853052e-01 -7.286167e-03 -7.060104e+00 -2.666759e-01 -3.906513e-02 9.629942e-01 1.823774e+01
9.360910e-01 -2.236256e-01 -2.715235e-01 4.467100e+01 2.209326e-01 9.744327e-01 -4.086242e-02 -7.103056e+00 2.737192e-01 -2.173742e-02 9.615640e-01 1.835854e+01
9.661648e-01 1.095083e-01 2.335244e-01 4.501094e+01 -1.008291e-01 9.937051e-01 -4.882338e-02 -7.148382e+00 -2.374009e-01 2.362538e-02 9.711244e-01 1.849206e+01
9.181386e-01 -3.076942e-01 -2.496909e-01 4.541276e+01 3.092983e-01 9.503638e-01 -3.381257e-02 -7.199419e+00 2.477011e-01 -4.618433e-02 9.677351e-01 1.868674e+01
9.409407e-01 2.574801e-01 2.198517e-01 4.581531e+01 -2.528803e-01 9.662399e-01 -4.931622e-02 -7.259885e+00 -2.251274e-01 -9.192509e-03 9.742860e-01 1.885562e+01
9.244959e-01 -3.146355e-01 -2.152012e-01 4.615902e+01 3.146152e-01 9.485636e-01 -3.527554e-02 -7.307949e+00 2.152310e-01 -3.509347e-02 9.759324e-01 1.902456e+01
9.436199e-01 2.607856e-01 2.038934e-01 4.649119e+01 -2.617456e-01 9.648691e-01 -2.273607e-02 -7.351375e+00 -2.026597e-01 -3.191397e-02 9.787291e-01 1.916970e+01
9.194910e-01 -3.171147e-01 -2.323238e-01 4.682371e+01 3.227173e-01 9.463838e-01 -1.453408e-02 -7.400222e+00 2.244765e-01 -6.161094e-02 9.725299e-01 1.931751e+01
9.431957e-01 2.551176e-01 2.128311e-01 4.715607e+01 -2.472561e-01 9.668846e-01 -6.323539e-02 -7.444945e+00 -2.219156e-01 7.019580e-03 9.750406e-01 1.946279e+01
9.259508e-01 -3.092231e-01 -2.167855e-01 4.748153e+01 3.195666e-01 9.474678e-01 1.348790e-02 -7.491185e+00 2.012265e-01 -8.176653e-02 9.761261e-01 1.960252e+01
9.516758e-01 2.434232e-01 1.872389e-01 4.781505e+01 -2.354535e-01 9.697737e-01 -6.403634e-02 -7.538191e+00 -1.971673e-01 1.685581e-02 9.802249e-01 1.974293e+01
9.312859e-01 -3.024685e-01 -2.030250e-01 4.814888e+01 3.141435e-01 9.489863e-01 2.718339e-02 -7.583437e+00 1.844458e-01 -8.909448e-02 9.787962e-01 1.989214e+01
9.473628e-01 2.596221e-01 1.873504e-01 4.847501e+01 -2.459216e-01 9.647781e-01 -9.341222e-02 -7.630005e+00 -2.050035e-01 4.242176e-02 9.778415e-01 2.003484e+01
9.298365e-01 -2.943426e-01 -2.208309e-01 4.879152e+01 3.153009e-01 9.467109e-01 6.575565e-02 -7.672756e+00 1.897083e-01 -1.307702e-01 9.730930e-01 2.017673e+01
9.496305e-01 2.508951e-01 1.877599e-01 4.911546e+01 -2.335852e-01 9.661388e-01 -1.096079e-01 -7.716807e+00 -2.089022e-01 6.022909e-02 9.760801e-01 2.032360e+01
9.262356e-01 -3.088297e-01 -2.161289e-01 4.944548e+01 3.286488e-01 9.424282e-01 6.179812e-02 -7.764046e+00 1.846009e-01 -1.282701e-01 9.744071e-01 2.046468e+01
9.587150e-01 2.383335e-01 1.551217e-01 4.976301e+01 -2.220045e-01 9.681843e-01 -1.154693e-01 -7.813003e+00 -1.777066e-01 7.626448e-02 9.811239e-01 2.059394e+01
9.322713e-01 -3.047709e-01 -1.948968e-01 5.007333e+01 3.244956e-01 9.426564e-01 7.811148e-02 -7.860194e+00 1.599147e-01 -1.360643e-01 9.777085e-01 2.072933e+01
9.542718e-01 2.510315e-01 1.623227e-01 5.039076e+01 -2.311987e-01 9.639668e-01 -1.315878e-01 -7.903504e+00 -1.895064e-01 8.804176e-02 9.779243e-01 2.087270e+01
9.355541e-01 -2.999098e-01 -1.865276e-01 5.071197e+01 3.185025e-01 9.446561e-01 7.861902e-02 -7.947587e+00 1.526259e-01 -1.329619e-01 9.792990e-01 2.101631e+01
9.546205e-01 2.614885e-01 1.425603e-01 5.102733e+01 -2.417867e-01 9.599316e-01 -1.416708e-01 -7.992527e+00 -1.738934e-01 1.007727e-01 9.795948e-01 2.115074e+01
9.468428e-01 -2.854244e-01 -1.483965e-01 5.132487e+01 3.015832e-01 9.481112e-01 1.006607e-01 -8.034406e+00 1.119654e-01 -1.400638e-01 9.837916e-01 2.127832e+01
9.579352e-01 2.549381e-01 1.317832e-01 5.159658e+01 -2.354033e-01 9.606716e-01 -1.472939e-01 -8.075379e+00 -1.641512e-01 1.100758e-01 9.802743e-01 2.140368e+01
9.470513e-01 -2.878255e-01 -1.423033e-01 5.188476e+01 3.053877e-01 9.443311e-01 1.223808e-01 -8.111842e+00 9.915708e-02 -1.593586e-01 9.822284e-01 2.153782e+01
9.655848e-01 2.397875e-01 1.007375e-01 5.219482e+01 -2.236001e-01 9.631635e-01 -1.493963e-01 -8.155012e+00 -1.328500e-01 1.217299e-01 9.836324e-01 2.167597e+01
9.472405e-01 -2.902130e-01 -1.360577e-01 5.249903e+01 3.062918e-01 9.446668e-01 1.174302e-01 -8.199830e+00 9.444943e-02 -1.529080e-01 9.837167e-01 2.180772e+01
9.629638e-01 2.428312e-01 1.171915e-01 5.279255e+01 -2.220525e-01 9.607675e-01 -1.661884e-01 -8.241171e+00 -1.529495e-01 1.340108e-01 9.791055e-01 2.194210e+01
9.481184e-01 -2.910260e-01 -1.279661e-01 5.309611e+01 3.085005e-01 9.394541e-01 1.491756e-01 -8.281296e+00 7.680426e-02 -1.809138e-01 9.804954e-01 2.207492e+01
9.653588e-01 2.486202e-01 7.918584e-02 5.340224e+01 -2.313581e-01 9.559195e-01 -1.808079e-01 -8.322689e+00 -1.206478e-01 1.562242e-01 9.803255e-01 2.220626e+01
9.493326e-01 -2.961135e-01 -1.052821e-01 5.371460e+01 3.101338e-01 9.368889e-01 1.614189e-01 -8.361774e+00 5.083934e-02 -1.858918e-01 9.812541e-01 2.234384e+01
9.638630e-01 2.623508e-01 4.626144e-02 5.402709e+01 -2.478250e-01 9.467445e-01 -2.055673e-01 -8.405697e+00 -9.772850e-02 1.866740e-01 9.775490e-01 2.247788e+01
9.305849e-01 -3.274560e-01 -1.636590e-01 5.431931e+01 3.550554e-01 9.162213e-01 1.856721e-01 -8.462609e+00 8.914840e-02 -2.308917e-01 9.688868e-01 2.258855e+01
9.788706e-01 1.904813e-01 7.435883e-02 5.461060e+01 -1.709753e-01 9.619053e-01 -2.133210e-01 -8.545975e+00 -1.121598e-01 1.961002e-01 9.741483e-01 2.273128e+01
9.683463e-01 -2.198773e-01 -1.181502e-01 5.489505e+01 2.403542e-01 9.490721e-01 2.036954e-01 -8.591267e+00 6.734511e-02 -2.256456e-01 9.718790e-01 2.284287e+01
9.778830e-01 1.944739e-01 7.697245e-02 5.519911e+01 -1.743885e-01 9.613018e-01 -2.132782e-01 -8.633758e+00 -1.154708e-01 1.951380e-01 9.739546e-01 2.296835e+01
9.679475e-01 -2.213405e-01 -1.186840e-01 5.549751e+01 2.426196e-01 9.462010e-01 2.141009e-01 -8.675953e+00 6.490973e-02 -2.360335e-01 9.695746e-01 2.310232e+01
9.776564e-01 1.973636e-01 7.235745e-02 5.579045e+01 -1.762723e-01 9.572549e-01 -2.293279e-01 -8.720734e+00 -1.145255e-01 2.114493e-01 9.706560e-01 2.322554e+01
9.645797e-01 -2.438057e-01 -1.007215e-01 5.608792e+01 2.606276e-01 9.397664e-01 2.211608e-01 -8.759713e+00 4.073447e-02 -2.395780e-01 9.700222e-01 2.335763e+01
9.839004e-01 1.784232e-01 1.025765e-02 5.638864e+01 -1.706690e-01 9.550706e-01 -2.423066e-01 -8.806224e+00 -5.302992e-02 2.366549e-01 9.701455e-01 2.348202e+01
9.674608e-01 -2.442285e-01 -6.612143e-02 5.668659e+01 2.530209e-01 9.341050e-01 2.518493e-01 -8.850347e+00 2.555859e-04 -2.603844e-01 9.655050e-01 2.361049e+01
9.772177e-01 2.121243e-01 -6.993557e-03 5.697820e+01 -2.064063e-01 9.421709e-01 -2.640278e-01 -8.891915e+00 -4.941759e-02 2.594561e-01 9.644897e-01 2.373847e+01
9.683316e-01 -2.414651e-01 -6.346976e-02 5.724942e+01 2.495643e-01 9.288247e-01 2.738651e-01 -8.931280e+00 -7.176581e-03 -2.810320e-01 9.596716e-01 2.386255e+01
9.777755e-01 2.071712e-01 -3.217412e-02 5.752013e+01 -2.083878e-01 9.435090e-01 -2.576149e-01 -8.972300e+00 -2.301383e-02 2.585942e-01 9.657119e-01 2.397962e+01
9.721608e-01 -2.286455e-01 -5.123192e-02 5.780425e+01 2.335548e-01 9.279644e-01 2.904031e-01 -9.021035e+00 -1.885796e-02 -2.942840e-01 9.555319e-01 2.410460e+01
9.773915e-01 2.105151e-01 -1.972764e-02 5.811486e+01 -2.078118e-01 9.392368e-01 -2.732191e-01 -9.075014e+00 -3.898783e-02 2.711417e-01 9.617495e-01 2.423494e+01
9.785759e-01 -2.050814e-01 -1.819047e-02 5.841580e+01 2.015248e-01 9.360084e-01 2.885754e-01 -9.128238e+00 -4.215503e-02 -2.860588e-01 9.572843e-01 2.436518e+01
9.797435e-01 1.998944e-01 -1.203389e-02 5.870103e+01 -1.961299e-01 9.456856e-01 -2.592529e-01 -9.179259e+00 -4.044292e-02 2.563616e-01 9.657345e-01 2.449809e+01
9.799301e-01 -1.978598e-01 -2.425720e-02 5.899079e+01 1.970889e-01 9.434171e-01 2.666833e-01 -9.227150e+00 -2.988125e-02 -2.661119e-01 9.634789e-01 2.461913e+01
9.858089e-01 1.678652e-01 1.419430e-03 5.927839e+01 -1.615922e-01 9.511937e-01 -2.629042e-01 -9.265875e+00 -4.548261e-02 2.589440e-01 9.648209e-01 2.475344e+01
9.769021e-01 -2.069895e-01 -5.308030e-02 5.957629e+01 2.135835e-01 9.380874e-01 2.727157e-01 -9.306614e+00 -6.655339e-03 -2.777537e-01 9.606293e-01 2.488948e+01
9.729628e-01 2.309406e-01 3.143996e-03 5.985184e+01 -2.227056e-01 9.417019e-01 -2.521903e-01 -9.348036e+00 -6.120169e-02 2.446716e-01 9.676726e-01 2.501489e+01
9.794087e-01 -2.001674e-01 -2.629808e-02 6.009970e+01 2.000459e-01 9.446520e-01 2.600269e-01 -9.385006e+00 -2.720636e-02 -2.599334e-01 9.652432e-01 2.512875e+01
9.808199e-01 1.940083e-01 1.879038e-02 6.036177e+01 -1.833286e-01 9.509579e-01 -2.491383e-01 -9.424127e+00 -6.620377e-02 2.409151e-01 9.682856e-01 2.525706e+01
9.810201e-01 -1.906396e-01 -3.544084e-02 6.063748e+01 1.930815e-01 9.435586e-01 2.691030e-01 -9.457780e+00 -1.786118e-02 -2.708385e-01 9.624591e-01 2.539614e+01
9.832340e-01 1.823386e-01 -1.864598e-03 6.092294e+01 -1.769615e-01 9.516718e-01 -2.510090e-01 -9.498762e+00 -4.399416e-02 2.471306e-01 9.679829e-01 2.553454e+01
9.884486e-01 -1.508060e-01 -1.506633e-02 6.117804e+01 1.489931e-01 9.487077e-01 2.788450e-01 -9.540776e+00 -2.775796e-02 -2.778687e-01 9.602179e-01 2.565528e+01
9.887625e-01 1.457521e-01 -3.324353e-02 6.146029e+01 -1.493892e-01 9.549547e-01 -2.564069e-01 -9.593094e+00 -5.625770e-03 2.584918e-01 9.659971e-01 2.576894e+01
9.749446e-01 -2.095317e-01 -7.469596e-02 6.180168e+01 2.216101e-01 9.439917e-01 2.444757e-01 -9.656675e+00 1.928696e-02 -2.549037e-01 9.667741e-01 2.589259e+01
9.876461e-01 1.411441e-01 -6.806964e-02 6.217640e+01 -1.538202e-01 9.561513e-01 -2.492273e-01 -9.729594e+00 2.990791e-02 2.566189e-01 9.660498e-01 2.599212e+01
9.609037e-01 -2.641506e-01 8.299740e-02 6.253290e+01 2.399882e-01 9.440660e-01 2.261523e-01 -9.779460e+00 -1.380933e-01 -1.973922e-01 9.705496e-01 2.612942e+01
9.749286e-01 1.924060e-01 -1.117769e-01 6.287112e+01 -2.102454e-01 9.610228e-01 -1.795333e-01 -9.816662e+00 7.287682e-02 1.985327e-01 9.773811e-01 2.628320e+01
9.555860e-01 -2.732528e-01 1.104009e-01 6.320556e+01 2.436416e-01 9.432321e-01 2.257250e-01 -9.851374e+00 -1.658137e-01 -1.888015e-01 9.679152e-01 2.644914e+01
8.727439e-01 6.116021e-02 -4.843320e-01 6.350615e+01 -1.131429e-01 9.904485e-01 -7.880699e-02 -1.010071e+01 4.748861e-01 1.235771e-01 8.713277e-01 2.669355e+01
8.043554e-01 -4.753626e-01 3.564307e-01 6.439907e+01 4.424064e-01 8.796233e-01 1.747547e-01 -1.033875e+01 -3.965966e-01 1.712231e-02 9.178333e-01 2.690975e+01
8.444793e-01 1.865431e-01 -5.020523e-01 6.515310e+01 -1.876917e-01 9.810151e-01 4.879918e-02 -1.044526e+01 5.016240e-01 5.302124e-02 8.634594e-01 2.741609e+01
8.006186e-01 -5.950188e-01 7.044428e-02 6.556019e+01 5.984451e-01 7.998968e-01 -4.503872e-02 -1.068893e+01 -2.954929e-02 7.821587e-02 9.964984e-01 2.756212e+01
9.437311e-01 7.433468e-02 -3.222517e-01 6.593527e+01 -4.880021e-02 9.950459e-01 8.661578e-02 -1.101929e+01 3.270938e-01 -6.601604e-02 9.426832e-01 2.796472e+01
9.540504e-01 -2.353499e-01 1.854673e-01 6.626947e+01 2.508609e-01 9.658508e-01 -6.481536e-02 -1.111878e+01 -1.638794e-01 1.083636e-01 9.805105e-01 2.822704e+01
9.467955e-01 2.613772e-01 -1.877778e-01 6.655692e+01 -2.318972e-01 9.586256e-01 1.651081e-01 -1.116299e+01 2.231640e-01 -1.127784e-01 9.682349e-01 2.834151e+01
9.290702e-01 -2.308920e-01 2.889934e-01 6.687233e+01 2.536146e-01 9.663368e-01 -4.327584e-02 -1.120041e+01 -2.692729e-01 1.134993e-01 9.563524e-01 2.847283e+01
9.360993e-01 2.666072e-01 -2.294319e-01 6.717061e+01 -2.343990e-01 9.591771e-01 1.582288e-01 -1.123768e+01 2.622507e-01 -9.433923e-02 9.603774e-01 2.861787e+01
9.189769e-01 -3.673558e-01 1.432865e-01 6.757058e+01 3.811926e-01 9.206239e-01 -8.452085e-02 -1.128332e+01 -1.008637e-01 1.322925e-01 9.860655e-01 2.878752e+01
9.771796e-01 1.534302e-01 -1.468993e-01 6.795166e+01 -1.310271e-01 9.797086e-01 1.516673e-01 -1.133822e+01 1.671888e-01 -1.289584e-01 9.774547e-01 2.896206e+01
9.452341e-01 -2.183593e-01 2.425932e-01 6.824397e+01 2.488410e-01 9.630839e-01 -1.027015e-01 -1.135407e+01 -2.112117e-01 1.574441e-01 9.646766e-01 2.909889e+01
9.595285e-01 1.800307e-01 -2.165506e-01 6.851739e+01 -1.487646e-01 9.769599e-01 1.530307e-01 -1.138659e+01 2.391114e-01 -1.146222e-01 9.642030e-01 2.923139e+01
9.484643e-01 -1.526551e-01 2.776900e-01 6.878642e+01 1.906646e-01 9.748589e-01 -1.153136e-01 -1.141856e+01 -2.531053e-01 1.623165e-01 9.537248e-01 2.936001e+01
9.596892e-01 1.824481e-01 -2.137977e-01 6.905665e+01 -1.587220e-01 9.795727e-01 1.234693e-01 -1.145005e+01 2.319571e-01 -8.455778e-02 9.690438e-01 2.949235e+01
9.568361e-01 -1.305348e-01 2.596634e-01 6.931823e+01 1.538529e-01 9.855024e-01 -7.151437e-02 -1.148301e+01 -2.465638e-01 1.083775e-01 9.630476e-01 2.961823e+01
9.641139e-01 1.715843e-01 -2.025917e-01 6.957184e+01 -1.470102e-01 9.804509e-01 1.307823e-01 -1.151275e+01 2.210714e-01 -9.630600e-02 9.704909e-01 2.974736e+01
9.584917e-01 -1.585048e-01 2.370013e-01 6.984859e+01 1.862347e-01 9.774579e-01 -9.946183e-02 -1.154923e+01 -2.158936e-01 1.394712e-01 9.664045e-01 2.988158e+01
9.678497e-01 2.111692e-01 -1.366555e-01 7.019665e+01 -1.834370e-01 9.643095e-01 1.909399e-01 -1.156325e+01 1.720988e-01 -1.597334e-01 9.720428e-01 3.007218e+01
9.643204e-01 -1.561343e-01 2.137943e-01 7.056100e+01 1.835310e-01 9.762833e-01 -1.148364e-01 -1.159028e+01 -1.907939e-01 1.499770e-01 9.701054e-01 3.021157e+01
9.863743e-01 1.294635e-01 -1.015144e-01 7.082780e+01 -1.104408e-01 9.784117e-01 1.746807e-01 -1.162012e+01 1.219377e-01 -1.610892e-01 9.793781e-01 3.036794e+01
9.662295e-01 -2.443240e-01 8.189087e-02 7.116849e+01 2.514140e-01 9.635231e-01 -9.172875e-02 -1.164918e+01 -5.649221e-02 1.092195e-01 9.924111e-01 3.052987e+01
9.837456e-01 1.756571e-01 -3.727337e-02 7.149935e+01 -1.729783e-01 9.827205e-01 6.587015e-02 -1.171138e+01 4.819988e-02 -5.835198e-02 9.971318e-01 3.072629e+01
9.801660e-01 -1.894393e-01 5.819989e-02 7.178701e+01 1.916995e-01 9.807923e-01 -3.602589e-02 -1.174480e+01 -5.025730e-02 4.646825e-02 9.976547e-01 3.086211e+01
9.920784e-01 8.135978e-02 -9.571435e-02 7.214763e+01 -7.527892e-02 9.950077e-01 6.551856e-02 -1.179527e+01 1.005671e-01 -5.779427e-02 9.932503e-01 3.096779e+01
9.841620e-01 -1.733079e-01 3.727342e-02 7.252372e+01 1.767555e-01 9.753858e-01 -1.318332e-01 -1.185241e+01 -1.350823e-02 1.363335e-01 9.905709e-01 3.115185e+01
9.871582e-01 1.587152e-01 1.811813e-02 7.278302e+01 -1.596290e-01 9.757285e-01 1.499083e-01 -1.188482e+01 6.114356e-03 -1.508754e-01 9.885339e-01 3.127347e+01
9.748669e-01 -2.225999e-01 -9.143962e-03 7.311685e+01 2.199011e-01 9.680108e-01 -1.208245e-01 -1.190874e+01 3.574698e-02 1.157771e-01 9.926318e-01 3.143939e+01
9.858304e-01 1.486928e-01 7.764684e-02 7.347889e+01 -1.588466e-01 9.762629e-01 1.472365e-01 -1.193388e+01 -5.391070e-02 -1.574842e-01 9.860489e-01 3.164268e+01
9.730630e-01 -2.298306e-01 1.805678e-02 7.383622e+01 2.303359e-01 9.659335e-01 -1.179743e-01 -1.196067e+01 9.672441e-03 1.189555e-01 9.928525e-01 3.183923e+01
9.781736e-01 1.590561e-01 1.337076e-01 7.417703e+01 -1.788738e-01 9.720109e-01 1.523123e-01 -1.197594e+01 -1.057391e-01 -1.729047e-01 9.792463e-01 3.202153e+01
9.760457e-01 -2.130761e-01 -4.396824e-02 7.452505e+01 2.093635e-01 9.748364e-01 -7.655621e-02 -1.198787e+01 5.917412e-02 6.551703e-02 9.960953e-01 3.221735e+01
9.832240e-01 1.353114e-01 1.223171e-01 7.488581e+01 -1.449268e-01 9.867139e-01 7.342990e-02 -1.201386e+01 -1.107560e-01 -8.992506e-02 9.897710e-01 3.239424e+01
9.800125e-01 -1.952064e-01 -3.833847e-02 7.520910e+01 1.933548e-01 9.799916e-01 -4.722710e-02 -1.204031e+01 4.679039e-02 3.887025e-02 9.981482e-01 3.256366e+01
9.826426e-01 1.314397e-01 1.309096e-01 7.550523e+01 -1.377955e-01 9.896242e-01 4.069834e-02 -1.207351e+01 -1.242018e-01 -5.803069e-02 9.905586e-01 3.269431e+01
9.735829e-01 -1.854283e-01 -1.332389e-01 7.585242e+01 1.841517e-01 9.826527e-01 -2.195120e-02 -1.209669e+01 1.349979e-01 -3.164812e-03 9.908408e-01 3.287960e+01
9.724744e-01 1.473438e-01 1.805091e-01 7.622679e+01 -1.592956e-01 9.857787e-01 5.352860e-02 -1.212379e+01 -1.700549e-01 -8.080949e-02 9.821157e-01 3.307756e+01
9.715874e-01 -1.341523e-01 -1.949896e-01 7.658840e+01 1.440324e-01 9.888682e-01 3.734087e-02 -1.215251e+01 1.878096e-01 -6.436472e-02 9.800942e-01 3.321707e+01
9.405846e-01 1.792579e-01 2.883873e-01 7.686388e+01 -2.069955e-01 9.759417e-01 6.848927e-02 -1.218369e+01 -2.691719e-01 -1.241148e-01 9.550612e-01 3.334910e+01
9.293211e-01 -1.423959e-01 -3.407132e-01 7.717575e+01 1.452592e-01 9.892435e-01 -1.723423e-02 -1.223885e+01 3.395024e-01 -3.347556e-02 9.400093e-01 3.342282e+01
9.196874e-01 1.208020e-01 3.736067e-01 7.746628e+01 -1.837567e-01 9.732875e-01 1.376407e-01 -1.226449e+01 -3.469995e-01 -1.952391e-01 9.173184e-01 3.351471e+01
8.825596e-01 -1.969611e-01 -4.269600e-01 7.780056e+01 1.618307e-01 9.798011e-01 -1.174759e-01 -1.231258e+01 4.414740e-01 3.458424e-02 8.966073e-01 3.359654e+01
9.216096e-01 1.023895e-01 3.743691e-01 7.815918e+01 -1.705248e-01 9.733091e-01 1.535932e-01 -1.237472e+01 -3.486505e-01 -2.053921e-01 9.144708e-01 3.367920e+01
