9.974100e-01 -7.192022e-02 8.805378e-04 3.094310e-01 7.191866e-02 9.974091e-01 1.696240e-03 -4.151556e-02 -1.000250e-03 -1.628520e-03 9.999983e-01 1.409967e-01
9.986383e-01 -4.720207e-02 2.221620e-02 6.488468e-01 4.767423e-02 9.986374e-01 -2.122585e-02 -7.726141e-02 -2.118402e-02 2.225609e-02 9.995277e-01 3.002501e-01
9.967741e-01 -5.221720e-02 -6.094848e-02 9.795164e-01 5.305695e-02 9.985165e-01 1.224096e-02 -1.260185e-01 6.021887e-02 -1.543521e-02 9.980660e-01 4.420124e-01
9.980892e-01 -1.641481e-02 5.956854e-02 1.278188e+00 1.791647e-02 9.995328e-01 -2.476297e-02 -1.663653e-01 -5.913423e-02 2.578291e-02 9.979169e-01 5.770876e-01
9.943643e-01 -8.842870e-02 -5.848059e-02 1.604242e+00 8.956708e-02 9.958334e-01 1.713483e-02 -2.111303e-01 5.672171e-02 -2.227619e-02 9.981416e-01 7.175049e-01
9.957106e-01 -5.447424e-02 7.478619e-02 1.972368e+00 5.781919e-02 9.973870e-01 -4.331391e-02 -2.564224e-01 -7.223128e-02 4.745219e-02 9.962584e-01 8.939443e-01
9.926291e-01 -5.209661e-02 -1.094231e-01 2.309750e+00 5.457805e-02 9.983131e-01 1.980416e-02 -3.071934e-01 1.082068e-01 -2.563027e-02 9.937981e-01 1.038550e+00
9.940939e-01 -1.864143e-02 1.069106e-01 2.607060e+00 2.152562e-02 9.994331e-01 -2.588723e-02 -3.489087e-01 -1.063674e-01 2.803565e-02 9.939315e-01 1.172257e+00
9.895135e-01 -5.707521e-02 -1.326859e-01 2.917441e+00 6.203726e-02 9.975093e-01 3.356537e-02 -3.934569e-01 1.304397e-01 -4.144485e-02 9.905897e-01 1.308849e+00
9.941180e-01 -2.824798e-02 1.045536e-01 3.238673e+00 3.149505e-02 9.990674e-01 -2.953658e-02 -4.401662e-01 -1.036218e-01 3.265576e-02 9.940804e-01 1.447264e+00
9.851832e-01 -8.835482e-02 -1.469950e-01 3.586355e+00 9.411621e-02 9.950241e-01 3.269862e-02 -4.912478e-01 1.433745e-01 -4.604874e-02 9.885967e-01 1.584979e+00
9.888512e-01 -3.501800e-03 1.488660e-01 3.926836e+00 1.156143e-02 9.985111e-01 -5.330932e-02 -5.352277e-01 -1.484577e-01 5.443608e-02 9.874193e-01 1.737157e+00
9.776905e-01 -1.277189e-01 -1.667606e-01 4.307173e+00 1.322140e-01 9.910906e-01 1.609128e-02 -5.931098e-01 1.632198e-01 -3.778037e-02 9.858662e-01 1.901008e+00
9.859258e-01 6.821299e-02 1.526344e-01 4.648559e+00 -6.237897e-02 9.971389e-01 -4.269539e-02 -6.403150e-01 -1.551101e-01 3.257330e-02 9.873599e-01 2.052929e+00
9.682493e-01 -1.937183e-01 -1.580080e-01 4.990523e+00 1.973033e-01 9.803162e-01 7.173967e-03 -6.884003e-01 1.535081e-01 -3.812168e-02 9.874119e-01 2.200999e+00
9.829130e-01 9.872225e-02 1.553572e-01 5.321470e+00 -9.428977e-02 9.949058e-01 -3.566419e-02 -7.362466e-01 -1.580866e-01 2.040620e-02 9.872143e-01 2.356892e+00
9.780080e-01 -1.565456e-01 -1.378179e-01 5.653868e+00 1.608813e-01 9.867539e-01 2.083357e-02 -7.792802e-01 1.327310e-01 -4.254771e-02 9.902385e-01 2.510720e+00
9.888790e-01 8.973335e-02 1.186011e-01 5.991953e+00 -8.619123e-02 9.956750e-01 -3.467557e-02 -8.233121e-01 -1.211997e-01 2.406757e-02 9.923362e-01 2.662933e+00
9.805293e-01 -1.508073e-01 -1.257752e-01 6.312040e+00 1.565622e-01 9.869694e-01 3.714329e-02 -8.682390e-01 1.185348e-01 -5.611172e-02 9.913633e-01 2.807612e+00
9.891476e-01 5.665439e-02 1.355628e-01 6.637739e+00 -4.761090e-02 9.964765e-01 -6.904956e-02 -9.140734e-01 -1.389972e-01 6.184593e-02 9.883596e-01 2.951394e+00
9.814499e-01 -1.246489e-01 -1.456665e-01 6.964422e+00 1.324366e-01 9.901690e-01 4.501009e-02 -9.631601e-01 1.386240e-01 -6.346673e-02 9.883094e-01 3.098408e+00
9.909191e-01 6.040276e-02 1.201282e-01 7.289719e+00 -5.476629e-02 9.972623e-01 -4.968387e-02 -1.010236e+00 -1.228004e-01 4.265372e-02 9.915143e-01 3.244431e+00
9.842097e-01 -1.257326e-01 -1.245894e-01 7.617988e+00 1.319313e-01 9.903350e-01 4.278593e-02 -1.053811e+00 1.180057e-01 -5.854757e-02 9.912855e-01 3.389834e+00
9.928113e-01 5.292517e-02 1.073525e-01 8.012334e+00 -5.077240e-02 9.984525e-01 -2.269029e-02 -1.086910e+00 -1.083873e-01 1.707663e-02 9.939620e-01 3.577693e+00
9.793568e-01 -1.645060e-01 -1.174650e-01 8.411636e+00 1.625779e-01 9.863563e-01 -2.587784e-02 -1.150445e+00 1.201194e-01 6.246431e-03 9.927399e-01 3.762684e+00
9.908715e-01 5.039530e-02 1.250359e-01 8.808639e+00 -5.600799e-02 9.975556e-01 4.178488e-02 -1.193583e+00 -1.226245e-01 -4.840645e-02 9.912718e-01 3.939493e+00
9.569670e-01 -2.485327e-01 -1.498188e-01 9.275052e+00 2.466455e-01 9.685986e-01 -3.135016e-02 -1.238289e+00 1.529059e-01 -6.951085e-03 9.882164e-01 4.211670e+00
9.881408e-01 5.249620e-02 1.442976e-01 9.708227e+00 -4.692504e-02 9.980257e-01 -4.174704e-02 -1.300959e+00 -1.462043e-01 3.448079e-02 9.886532e-01 4.442058e+00
9.755883e-01 -1.830265e-01 -1.213621e-01 1.011141e+01 1.892163e-01 9.810577e-01 4.150903e-02 -1.351768e+00 1.114660e-01 -6.345943e-02 9.917401e-01 4.658828e+00
9.813629e-01 4.932037e-02 1.857264e-01 1.048145e+01 -3.887754e-02 9.974735e-01 -5.945727e-02 -1.395607e+00 -1.881896e-01 5.112859e-02 9.808009e-01 4.858295e+00
9.710296e-01 -1.381260e-01 -1.949940e-01 1.087639e+01 1.547490e-01 9.852762e-01 7.268753e-02 -1.448274e+00 1.820829e-01 -1.007569e-01 9.781074e-01 5.020254e+00
9.827508e-01 3.074985e-02 1.823606e-01 1.128916e+01 -1.334428e-02 9.953000e-01 -9.591557e-02 -1.507194e+00 -1.844529e-01 9.182765e-02 9.785421e-01 5.187000e+00
9.637531e-01 -1.532226e-01 -2.184095e-01 1.174833e+01 1.705662e-01 9.833438e-01 6.278666e-02 -1.557146e+00 2.051513e-01 -9.776413e-02 9.738354e-01 5.386001e+00
9.770347e-01 1.249821e-02 2.127135e-01 1.216787e+01 1.679480e-02 9.906557e-01 -1.353488e-01 -1.608301e+00 -2.124175e-01 1.358130e-01 9.676949e-01 5.615764e+00
9.730500e-01 -1.250887e-01 -1.937177e-01 1.256860e+01 1.490297e-01 9.821988e-01 1.143489e-01 -1.655435e+00 1.759656e-01 -1.401369e-01 9.743706e-01 5.835082e+00
9.834234e-01 4.218402e-02 1.763490e-01 1.294716e+01 -1.341256e-02 9.868210e-01 -1.612589e-01 -1.701406e+00 -1.808274e-01 1.562205e-01 9.710285e-01 6.030640e+00
9.772474e-01 -1.294215e-01 -1.680407e-01 1.332035e+01 1.516894e-01 9.802067e-01 1.272206e-01 -1.744480e+00 1.482496e-01 -1.498161e-01 9.775364e-01 6.226798e+00
9.933499e-01 4.243028e-02 1.070313e-01 1.370256e+01 -2.482440e-02 9.866820e-01 -1.607555e-01 -1.795874e+00 -1.124267e-01 1.570295e-01 9.811737e-01 6.410495e+00
9.814681e-01 -9.363239e-02 -1.671923e-01 1.409947e+01 1.209478e-01 9.794352e-01 1.614878e-01 -1.864762e+00 1.486336e-01 -1.787167e-01 9.726092e-01 6.547126e+00
9.965929e-01 -9.413748e-03 8.193848e-02 1.450442e+01 2.346118e-02 9.847805e-01 -1.722117e-01 -1.936278e+00 -7.907028e-02 1.735474e-01 9.816461e-01 6.661734e+00
9.785083e-01 -1.659412e-01 -1.224134e-01 1.491102e+01 1.867923e-01 9.647651e-01 1.853024e-01 -1.996013e+00 8.735094e-02 -2.041858e-01 9.750273e-01 6.832282e+00
9.957797e-01 7.942138e-02 4.598950e-02 1.533536e+01 -7.007261e-02 9.815575e-01 -1.778615e-01 -2.064565e+00 -5.926737e-02 1.738883e-01 9.829802e-01 7.022949e+00
9.622426e-01 -2.309935e-01 -1.439832e-01 1.576866e+01 2.580667e-01 9.424127e-01 2.127436e-01 -2.124955e+00 8.654922e-02 -2.418682e-01 9.664415e-01 7.178098e+00
9.804253e-01 3.413638e-02 -1.939095e-01 1.621391e+01 -7.927742e-02 9.699363e-01 -2.300840e-01 -2.240752e+00 1.802256e-01 2.409529e-01 9.536563e-01 7.375099e+00
9.756457e-01 -2.001118e-01 8.983797e-02 1.666369e+01 1.676984e-01 9.444728e-01 2.825746e-01 -2.323502e+00 -1.413960e-01 -2.606270e-01 9.550293e-01 7.503821e+00
9.726371e-01 4.057356e-02 -2.287594e-01 1.708955e+01 -9.149821e-02 9.719538e-01 -2.166422e-01 -2.400793e+00 2.135535e-01 2.316454e-01 9.490707e-01 7.627213e+00
9.723490e-01 -2.106281e-01 1.008629e-01 1.752328e+01 1.854575e-01 9.589275e-01 2.146240e-01 -2.492746e+00 -1.419260e-01 -1.899837e-01 9.714748e-01 7.733572e+00
9.903121e-01 3.854538e-02 -1.334023e-01 1.794680e+01 -6.317676e-02 9.805804e-01 -1.856632e-01 -2.542513e+00 1.236551e-01 1.922925e-01 9.735157e-01 7.912500e+00
9.591020e-01 -2.429846e-01 -1.451961e-01 1.833669e+01 2.713198e-01 9.353625e-01 2.268979e-01 -2.631537e+00 8.067836e-02 -2.570128e-01 9.630346e-01 8.057227e+00
9.810280e-01 1.503215e-02 -1.932824e-01 1.876335e+01 -5.434879e-02 9.783352e-01 -1.997660e-01 -2.798083e+00 1.860920e-01 2.064807e-01 9.605912e-01 8.070498e+00
9.561251e-01 -2.921955e-01 -2.113279e-02 1.918507e+01 2.909276e-01 9.385433e-01 1.857354e-01 -2.910055e+00 -3.443693e-02 -1.837344e-01 9.823726e-01 8.148097e+00
9.828356e-01 1.153624e-01 -1.439642e-01 1.961274e+01 -1.365130e-01 9.796829e-01 -1.469205e-01 -2.982627e+00 1.240901e-01 1.640518e-01 9.786156e-01 8.313656e+00
9.575758e-01 -2.881725e-01 2.295985e-03 2.004238e+01 2.832652e-01 9.426751e-01 1.764212e-01 -3.039108e+00 -5.300404e-02 -1.682864e-01 9.843121e-01 8.497216e+00
9.472699e-01 1.712684e-01 -2.708261e-01 2.052536e+01 -2.004690e-01 9.761006e-01 -8.390289e-02 -3.107790e+00 2.499835e-01 1.337710e-01 9.589648e-01 8.692117e+00
9.246170e-01 -3.784281e-01 4.330842e-02 2.102497e+01 3.713201e-01 9.208589e-01 1.189132e-01 -3.161996e+00 -8.488099e-02 -9.386792e-02 9.919597e-01 8.917769e+00
9.365152e-01 1.765374e-01 -3.029420e-01 2.155094e+01 -1.776634e-01 9.837968e-01 2.407187e-02 -3.218264e+00 3.022830e-01 3.127812e-02 9.527049e-01 9.180637e+00
9.235851e-01 -3.790484e-01 5.755786e-02 2.206376e+01 3.757828e-01 9.247562e-01 6.011052e-02 -3.323769e+00 -7.601176e-02 -3.388797e-02 9.965309e-01 9.415997e+00
9.599916e-01 2.246564e-01 -1.671695e-01 2.252015e+01 -2.062086e-01 9.710267e-01 1.207687e-01 -3.411919e+00 1.894575e-01 -8.146510e-02 9.785036e-01 9.567809e+00
9.254729e-01 -3.750234e-01 -5.345477e-02 2.299625e+01 3.723682e-01 9.265432e-01 -5.347775e-02 -3.486985e+00 6.958356e-02 2.958733e-02 9.971373e-01 9.754371e+00
9.805131e-01 1.945901e-01 -2.699515e-02 2.342620e+01 -1.866416e-01 9.655881e-01 1.811196e-01 -3.576524e+00 6.131028e-02 -1.725518e-01 9.830905e-01 9.925003e+00
9.086747e-01 -3.841786e-01 -1.634535e-01 2.388377e+01 3.641396e-01 9.207831e-01 -1.398606e-01 -3.684030e+00 2.042367e-01 6.756790e-02 9.765869e-01 1.010802e+01
9.823228e-01 1.787447e-01 5.560749e-02 2.437422e+01 -1.865023e-01 9.600376e-01 2.086731e-01 -3.806543e+00 -1.608608e-02 -2.153553e-01 9.764033e-01 1.020074e+01
8.926148e-01 -3.143549e-01 -3.231406e-01 2.474973e+01 2.398870e-01 9.380775e-01 -2.499301e-01 -3.895126e+00 3.816976e-01 1.455741e-01 9.127514e-01 1.030540e+01
9.957662e-01 2.493624e-02 8.847539e-02 2.513672e+01 -4.919155e-02 9.576410e-01 2.837319e-01 -3.993884e+00 -7.765246e-02 -2.868829e-01 9.548132e-01 1.043386e+01
9.201462e-01 -2.062766e-01 -3.328378e-01 2.562359e+01 1.314755e-01 9.634031e-01 -2.335998e-01 -4.109953e+00 3.688431e-01 1.711860e-01 9.135919e-01 1.058532e+01
9.824966e-01 4.438073e-04 1.862800e-01 2.604935e+01 -4.971409e-02 9.643524e-01 2.599091e-01 -4.216394e+00 -1.795242e-01 -2.646206e-01 9.474951e-01 1.067518e+01
8.862255e-01 -1.714600e-01 -4.303555e-01 2.646169e+01 7.429476e-02 9.695639e-01 -2.332944e-01 -4.300192e+00 4.572578e-01 1.747784e-01 8.719907e-01 1.077005e+01
9.889077e-01 -8.727094e-02 1.201887e-01 2.684709e+01 5.718424e-02 9.705074e-01 2.341906e-01 -4.413110e+00 -1.370821e-01 -2.247200e-01 9.647328e-01 1.084162e+01
8.919712e-01 -1.311136e-01 -4.326623e-01 2.723169e+01 5.639479e-02 9.818159e-01 -1.812660e-01 -4.529818e+00 4.485611e-01 1.372842e-01 8.831455e-01 1.089212e+01
9.622001e-01 -1.278145e-01 2.404876e-01 2.761168e+01 9.137417e-02 9.833556e-01 1.570424e-01 -4.635174e+00 -2.565571e-01 -1.291319e-01 9.578640e-01 1.096249e+01
9.315876e-01 -5.137873e-02 -3.598679e-01 2.796805e+01 1.339338e-02 9.941405e-01 -1.072634e-01 -4.706981e+00 3.632703e-01 9.510544e-02 9.268170e-01 1.110174e+01
9.337924e-01 -2.165444e-01 2.848512e-01 2.824053e+01 2.099628e-01 9.762261e-01 5.383364e-02 -4.781871e+00 -2.897366e-01 9.538734e-03 9.570589e-01 1.126363e+01
9.335462e-01 1.616296e-01 -3.199493e-01 2.852961e+01 -1.625041e-01 9.864122e-01 2.415444e-02 -4.828071e+00 3.195060e-01 2.944381e-02 9.471267e-01 1.137043e+01
9.307943e-01 -2.206418e-01 2.914432e-01 2.881765e+01 2.195569e-01 9.749032e-01 3.685784e-02 -4.871401e+00 -2.922612e-01 2.968132e-02 9.558778e-01 1.148886e+01
9.426837e-01 1.510149e-01 -2.975602e-01 2.909750e+01 -1.521769e-01 9.881629e-01 1.939961e-02 -4.916540e+00 2.969676e-01 2.699408e-02 9.545059e-01 1.159759e+01
9.434624e-01 -2.117378e-01 2.550405e-01 2.938677e+01 2.134242e-01 9.767257e-01 2.137665e-02 -4.968103e+00 -2.536308e-01 3.426379e-02 9.666941e-01 1.169765e+01
9.458291e-01 1.518021e-01 -2.869906e-01 2.967700e+01 -1.466847e-01 9.883991e-01 3.938198e-02 -5.020692e+00 2.896394e-01 4.848501e-03 9.571236e-01 1.179269e+01
9.354504e-01 -1.978257e-01 2.929118e-01 2.994203e+01 2.040858e-01 9.789082e-01 9.357656e-03 -5.069435e+00 -2.885849e-01 5.102555e-02 9.560937e-01 1.189443e+01
9.346119e-01 1.672874e-01 -3.138721e-01 3.023279e+01 -1.520504e-01 9.857027e-01 7.260101e-02 -5.120707e+00 3.215298e-01 -2.012939e-02 9.466855e-01 1.198839e+01
9.375998e-01 -1.913576e-01 2.903253e-01 3.054602e+01 2.041080e-01 9.788484e-01 -1.398981e-02 -5.175704e+00 -2.815074e-01 7.237460e-02 9.568257e-01 1.209394e+01
9.385428e-01 1.668848e-01 -3.021376e-01 3.086064e+01 -1.502124e-01 9.855897e-01 7.777594e-02 -5.233544e+00 3.107633e-01 -2.761122e-02 9.500862e-01 1.220212e+01
9.430263e-01 -1.996941e-01 2.661268e-01 3.118061e+01 2.109905e-01 9.773843e-01 -1.424785e-02 -5.286864e+00 -2.572629e-01 6.958633e-02 9.638327e-01 1.231450e+01
9.484314e-01 1.838555e-01 -2.582154e-01 3.146377e+01 -1.699679e-01 9.825674e-01 7.531473e-02 -5.334004e+00 2.675610e-01 -2.754253e-02 9.631472e-01 1.242004e+01
9.525366e-01 -1.850815e-01 2.416996e-01 3.172644e+01 1.923826e-01 9.812968e-01 -6.750590e-03 -5.374494e+00 -2.359296e-01 5.292900e-02 9.703276e-01 1.251820e+01
9.510758e-01 1.852022e-01 -2.472958e-01 3.196477e+01 -1.754536e-01 9.825903e-01 6.109372e-02 -5.414785e+00 2.543051e-01 -1.471583e-02 9.670121e-01 1.261170e+01
9.500093e-01 -1.920750e-01 2.461491e-01 3.221359e+01 1.946802e-01 9.807676e-01 1.394638e-02 -5.452759e+00 -2.440938e-01 3.467119e-02 9.691316e-01 1.271613e+01
9.545031e-01 1.772195e-01 -2.398275e-01 3.246409e+01 -1.746640e-01 9.841065e-01 3.204599e-02 -5.491206e+00 2.416949e-01 1.130121e-02 9.702865e-01 1.281214e+01
9.593158e-01 -2.147010e-01 1.833479e-01 3.276813e+01 2.120990e-01 9.766592e-01 3.392301e-02 -5.539004e+00 -1.863517e-01 6.345048e-03 9.824626e-01 1.292692e+01
9.700651e-01 1.968536e-01 -1.422058e-01 3.305754e+01 -1.985313e-01 9.800915e-01 2.434649e-03 -5.580977e+00 1.398539e-01 2.587051e-02 9.898341e-01 1.305245e+01
9.744166e-01 -1.951587e-01 1.114688e-01 3.332896e+01 1.887797e-01 9.798479e-01 6.527147e-02 -5.616613e+00 -1.219607e-01 -4.255854e-02 9.916221e-01 1.317404e+01
9.848563e-01 1.370345e-01 -1.062062e-01 3.362164e+01 -1.430366e-01 9.883979e-01 -5.108941e-02 -5.662375e+00 9.797290e-02 6.550708e-02 9.930308e-01 1.329181e+01
9.776540e-01 -1.825477e-01 1.042535e-01 3.390676e+01 1.754504e-01 9.817268e-01 7.368611e-02 -5.703979e+00 -1.157996e-01 -5.374819e-02 9.918173e-01 1.341562e+01
9.883259e-01 1.430580e-01 -5.240725e-02 3.417137e+01 -1.468535e-01 9.861067e-01 -7.763739e-02 -5.742391e+00 4.057246e-02 8.442721e-02 9.956033e-01 1.354311e+01
9.869962e-01 -1.370352e-01 8.402252e-02 3.441369e+01 1.271050e-01 9.853254e-01 1.139215e-01 -5.770812e+00 -9.840074e-02 -1.017604e-01 9.899304e-01 1.367757e+01
9.904368e-01 1.132676e-01 -7.877577e-02 3.470718e+01 -1.189036e-01 9.903667e-01 -7.096277e-02 -5.804935e+00 6.997909e-02 7.965084e-02 9.943635e-01 1.382338e+01
9.761551e-01 -1.823051e-01 1.178387e-01 3.500272e+01 1.723903e-01 9.809498e-01 8.954954e-02 -5.848199e+00 -1.319191e-01 -6.709999e-02 9.889868e-01 1.397326e+01
9.881843e-01 1.245212e-01 -8.936712e-02 3.529638e+01 -1.312380e-01 9.886090e-01 -7.368101e-02 -5.888021e+00 7.917427e-02 8.453877e-02 9.932697e-01 1.411340e+01
9.793416e-01 -1.829352e-01 8.616616e-02 3.559235e+01 1.747502e-01 9.800619e-01 9.455741e-02 -5.931170e+00 -1.017460e-01 -7.754645e-02 9.917834e-01 1.425021e+01
9.875003e-01 1.235455e-01 -9.787717e-02 3.589709e+01 -1.307283e-01 9.888934e-01 -7.071094e-02 -5.975926e+00 8.805405e-02 8.262239e-02 9.926832e-01 1.438220e+01
9.698376e-01 -2.020005e-01 1.364207e-01 3.619146e+01 1.919232e-01 9.778508e-01 8.350652e-02 -6.018878e+00 -1.502675e-01 -5.480546e-02 9.871251e-01 1.451887e+01
9.841444e-01 1.330829e-01 -1.172555e-01 3.648593e+01 -1.412342e-01 9.878950e-01 -6.415843e-02 -6.060393e+00 1.072978e-01 7.970164e-02 9.910272e-01 1.465702e+01
9.729318e-01 -1.961327e-01 1.222105e-01 3.678936e+01 1.871445e-01 9.789672e-01 8.124174e-02 -6.102592e+00 -1.355742e-01 -5.617165e-02 9.891736e-01 1.479983e+01
9.866505e-01 1.152845e-01 -1.150239e-01 3.710063e+01 -1.233935e-01 9.901578e-01 -6.604224e-02 -6.149373e+00 1.062782e-01 7.935380e-02 9.911649e-01 1.494456e+01
9.742906e-01 -1.845422e-01 1.292351e-01 3.740377e+01 1.771148e-01 9.819151e-01 6.688150e-02 -6.193443e+00 -1.392403e-01 -4.227257e-02 9.893559e-01 1.508730e+01
9.886581e-01 1.040157e-01 -1.083333e-01 3.771027e+01 -1.106543e-01 9.922133e-01 -5.717033e-02 -6.235937e+00 1.015432e-01 6.850945e-02 9.924694e-01 1.522554e+01
9.765918e-01 -1.701634e-01 1.315775e-01 3.800833e+01 1.623564e-01 9.843847e-01 6.802299e-02 -6.277129e+00 -1.410979e-01 -4.506826e-02 9.889693e-01 1.536197e+01
9.874319e-01 1.076995e-01 -1.156687e-01 3.831343e+01 -1.134044e-01 9.925781e-01 -4.390969e-02 -6.318236e+00 1.100812e-01 5.647516e-02 9.923168e-01 1.550562e+01
9.769451e-01 -1.802795e-01 1.143561e-01 3.862323e+01 1.737698e-01 9.826634e-01 6.462716e-02 -6.364254e+00 -1.240245e-01 -4.326556e-02 9.913355e-01 1.564370e+01
9.880216e-01 9.796423e-02 -1.192334e-01 3.892432e+01 -1.063956e-01 9.920964e-01 -6.651796e-02 -6.410736e+00 1.117747e-01 7.840709e-02 9.906355e-01 1.576998e+01
9.732421e-01 -1.779799e-01 1.453367e-01 3.921097e+01 1.708861e-01 9.834612e-01 6.001721e-02 -6.452352e+00 -1.536149e-01 -3.357525e-02 9.875602e-01 1.589396e+01
9.855295e-01 1.201595e-01 -1.195550e-01 3.948563e+01 -1.272555e-01 9.904219e-01 -5.357769e-02 -6.487629e+00 1.119720e-01 6.801642e-02 9.913809e-01 1.602257e+01
9.735383e-01 -1.778211e-01 1.435364e-01 3.976012e+01 1.712046e-01 9.835677e-01 5.730150e-02 -6.527245e+00 -1.513672e-01 -3.121110e-02 9.879847e-01 1.614791e+01
9.862862e-01 1.229773e-01 -1.100739e-01 4.004698e+01 -1.287512e-01 9.905646e-01 -4.695576e-02 -6.566740e+00 1.032608e-01 6.048396e-02 9.928136e-01 1.628596e+01
9.720095e-01 -1.838490e-01 1.462766e-01 4.032709e+01 1.783238e-01 9.826934e-01 5.014362e-02 -6.603774e+00 -1.529639e-01 -2.265547e-02 9.879720e-01 1.641681e+01
9.817659e-01 1.329744e-01 -1.358442e-01 4.059201e+01 -1.377647e-01 9.901118e-01 -2.645014e-02 -6.642616e+00 1.309838e-01 4.468237e-02 9.903771e-01 1.653462e+01
9.698019e-01 -1.849492e-01 1.589901e-01 4.086696e+01 1.790401e-01 9.825269e-01 5.084730e-02 -6.682601e+00 -1.656163e-01 -2.084621e-02 9.859699e-01 1.665752e+01
9.810626e-01 1.328728e-01 -1.409293e-01 4.114443e+01 -1.387578e-01 9.897849e-01 -3.274388e-02 -6.721993e+00 1.351390e-01 5.167883e-02 9.894780e-01 1.678322e+01
9.693348e-01 -1.777953e-01 1.696427e-01 4.142215e+01 1.713012e-01 9.838296e-01 5.229888e-02 -6.761262e+00 -1.761980e-01 -2.163512e-02 9.841170e-01 1.690576e+01
9.786174e-01 1.406478e-01 -1.500881e-01 4.169926e+01 -1.455693e-01 9.890975e-01 -2.226779e-02 -6.802844e+00 1.453198e-01 4.363983e-02 9.884218e-01 1.702965e+01
9.690479e-01 -1.856623e-01 1.627131e-01 4.198156e+01 1.790403e-01 9.823261e-01 5.458889e-02 -6.846490e+00 -1.699724e-01 -2.376704e-02 9.851622e-01 1.715832e+01
9.800710e-01 1.419138e-01 -1.390015e-01 4.225981e+01 -1.476947e-01 9.885106e-01 -3.214261e-02 -6.885150e+00 1.328430e-01 5.203179e-02 9.897704e-01 1.728416e+01
9.679808e-01 -1.996186e-01 1.522018e-01 4.254377e+01 1.916207e-01 9.792695e-01 6.567130e-02 -6.923262e+00 -1.621558e-01 -3.440353e-02 9.861652e-01 1.740896e+01
9.795157e-01 1.312451e-01 -1.527214e-01 4.281925e+01 -1.376110e-01 9.899744e-01 -3.184109e-02 -6.963568e+00 1.470113e-01 5.220496e-02 9.877562e-01 1.753287e+01
9.717834e-01 -1.815923e-01 1.505362e-01 4.309051e+01 1.738871e-01 9.827502e-01 6.297023e-02 -7.001889e+00 -1.593745e-01 -3.501710e-02 9.865970e-01 1.765616e+01
9.807414e-01 1.225587e-01 -1.520719e-01 4.337496e+01 -1.284298e-01 9.912837e-01 -2.936712e-02 -7.040546e+00 1.471472e-01 4.833208e-02 9.879331e-01 1.778071e+01
9.724166e-01 -1.868193e-01 1.396581e-01 4.365768e+01 1.814498e-01 9.821102e-01 5.035435e-02 -7.081643e+00 -1.465669e-01 -2.362445e-02 9.889186e-01 1.790398e+01
9.829931e-01 1.171806e-01 -1.413980e-01 4.393730e+01 -1.236992e-01 9.915844e-01 -3.819661e-02 -7.121734e+00 1.357322e-01 5.503780e-02 9.892157e-01 1.802203e+01
9.715414e-01 -1.845071e-01 1.485408e-01 4.421412e+01 1.777437e-01 9.823835e-01 5.770486e-02 -7.160135e+00 -1.565710e-01 -2.966046e-02 9.872212e-01 1.813973e+01
9.818066e-01 1.094510e-01 -1.551654e-01 4.449698e+01 -1.150421e-01 9.929800e-01 -2.749586e-02 -7.200627e+00 1.510667e-01 4.484614e-02 9.875058e-01 1.825846e+01
9.726178e-01 -1.770547e-01 1.505528e-01 4.477798e+01 1.719485e-01 9.840130e-01 4.638973e-02 -7.240686e+00 -1.563595e-01 -1.923213e-02 9.875130e-01 1.837908e+01
9.813348e-01 1.194923e-01 -1.506772e-01 4.505170e+01 -1.245351e-01 9.919139e-01 -2.445244e-02 -7.281555e+00 1.465369e-01 4.276059e-02 9.882806e-01 1.850374e+01
9.750167e-01 -1.652695e-01 1.484193e-01 4.533544e+01 1.576695e-01 9.855642e-01 6.167259e-02 -7.318907e+00 -1.564694e-01 -3.673059e-02 9.869996e-01 1.863937e+01
9.814253e-01 1.059594e-01 -1.599285e-01 4.563777e+01 -1.135453e-01 9.927657e-01 -3.903747e-02 -7.361888e+00 1.546351e-01 5.647144e-02 9.863564e-01 1.877424e+01
9.764961e-01 -1.614482e-01 1.427927e-01 4.593581e+01 1.556673e-01 9.865001e-01 5.084439e-02 -7.402849e+00 -1.490738e-01 -2.742117e-02 9.884458e-01 1.891054e+01
9.834966e-01 9.756143e-02 -1.523687e-01 4.622629e+01 -1.024360e-01 9.944390e-01 -2.445696e-02 -7.444717e+00 1.491354e-01 3.966134e-02 9.880211e-01 1.903996e+01
9.749063e-01 -1.674988e-01 1.466350e-01 4.650934e+01 1.635250e-01 9.857745e-01 3.883505e-02 -7.485603e+00 -1.510539e-01 -1.388202e-02 9.884280e-01 1.916363e+01
9.820853e-01 1.138337e-01 -1.501677e-01 4.678056e+01 -1.158104e-01 9.932614e-01 -4.454594e-03 -7.525091e+00 1.486487e-01 2.176573e-02 9.886505e-01 1.928925e+01
9.760906e-01 -1.651172e-01 1.413624e-01 4.705689e+01 1.620339e-01 9.862288e-01 3.313272e-02 -7.563539e+00 -1.448865e-01 -9.435010e-03 9.894033e-01 1.941615e+01
9.839488e-01 9.716476e-02 -1.496791e-01 4.734813e+01 -9.938627e-02 9.950214e-01 -7.415224e-03 -7.605908e+00 1.482134e-01 2.217221e-02 9.887068e-01 1.954470e+01
9.768559e-01 -1.730495e-01 1.257231e-01 4.764722e+01 1.715490e-01 9.849128e-01 2.274896e-02 -7.648992e+00 -1.277630e-01 -6.547579e-04 9.918045e-01 1.967335e+01
9.861359e-01 9.852284e-02 -1.335261e-01 4.794613e+01 -9.962797e-02 9.950235e-01 -1.603433e-03 -7.692806e+00 1.327037e-01 1.488410e-02 9.910440e-01 1.980609e+01
9.790577e-01 -1.589689e-01 1.271805e-01 4.823307e+01 1.589218e-01 9.872344e-01 1.058428e-02 -7.733891e+00 -1.272396e-01 9.849160e-03 9.918231e-01 1.993877e+01
9.769854e-01 1.466870e-01 -1.548629e-01 4.848626e+01 -1.462985e-01 9.891420e-01 1.396645e-02 -7.781178e+00 1.552301e-01 9.011160e-03 9.878372e-01 2.004158e+01
9.740210e-01 -1.754272e-01 1.432072e-01 4.873571e+01 1.767269e-01 9.842529e-01 3.694448e-03 -7.822806e+00 -1.416002e-01 2.171012e-02 9.896858e-01 2.012990e+01
9.723307e-01 1.517863e-01 -1.775782e-01 4.897396e+01 -1.493632e-01 9.884134e-01 2.701490e-02 -7.863756e+00 1.796211e-01 2.561956e-04 9.837358e-01 2.021822e+01
9.673827e-01 -1.799881e-01 1.782555e-01 4.924409e+01 1.815434e-01 9.833528e-01 7.685366e-03 -7.906160e+00 -1.766713e-01 2.492644e-02 9.839542e-01 2.032081e+01
9.751476e-01 1.520841e-01 -1.611135e-01 4.951179e+01 -1.501782e-01 9.883673e-01 2.401446e-02 -7.947863e+00 1.628915e-01 7.780653e-04 9.866437e-01 2.043376e+01
9.656735e-01 -1.734164e-01 1.933943e-01 4.976718e+01 1.762016e-01 9.843499e-01 2.840087e-03 -7.986071e+00 -1.908603e-01 3.133382e-02 9.811170e-01 2.054454e+01
9.727544e-01 1.488355e-01 -1.777550e-01 5.004636e+01 -1.414923e-01 9.884998e-01 5.336921e-02 -8.021438e+00 1.836540e-01 -2.676420e-02 9.826265e-01 2.068499e+01
9.529266e-01 -2.113488e-01 2.173996e-01 5.034596e+01 2.217491e-01 9.748003e-01 -2.432247e-02 -8.070706e+00 -2.067807e-01 7.138572e-02 9.757796e-01 2.081816e+01
9.609637e-01 1.895064e-01 -2.015839e-01 5.060835e+01 -1.784390e-01 9.813208e-01 7.189661e-02 -8.113814e+00 2.114434e-01 -3.311964e-02 9.768290e-01 2.093554e+01
9.519639e-01 -2.363293e-01 1.947130e-01 5.087682e+01 2.492256e-01 9.674328e-01 -4.427536e-02 -8.164747e+00 -1.779082e-01 9.067603e-02 9.798605e-01 2.103786e+01
9.614019e-01 1.893554e-01 -1.996269e-01 5.116850e+01 -1.720772e-01 9.799155e-01 1.007729e-01 -8.215472e+00 2.146994e-01 -6.253202e-02 9.746763e-01 2.114831e+01
9.452921e-01 -2.083042e-01 2.510621e-01 5.143384e+01 2.331196e-01 9.696897e-01 -7.319152e-02 -8.261024e+00 -2.282062e-01 1.277149e-01 9.651999e-01 2.124834e+01
9.447581e-01 2.188935e-01 -2.439627e-01 5.169568e+01 -1.843798e-01 9.703031e-01 1.565763e-01 -8.304617e+00 2.709913e-01 -1.029449e-01 9.570612e-01 2.133922e+01
9.390285e-01 -2.235669e-01 2.612342e-01 5.195517e+01 2.564783e-01 9.614551e-01 -9.910986e-02 -8.349428e+00 -2.290073e-01 1.600679e-01 9.601739e-01 2.142697e+01
9.464696e-01 2.345607e-01 -2.217577e-01 5.220779e+01 -2.026927e-01 9.665360e-01 1.572388e-01 -8.393431e+00 2.512189e-01 -1.038732e-01 9.623406e-01 2.151536e+01
9.341084e-01 -2.171018e-01 2.833873e-01 5.246843e+01 2.494932e-01 9.647902e-01 -8.326394e-02 -8.437935e+00 -2.553326e-01 1.484808e-01 9.553841e-01 2.161853e+01
9.420870e-01 2.511348e-01 -2.222686e-01 5.272851e+01 -2.195329e-01 9.628277e-01 1.573795e-01 -8.481751e+00 2.535298e-01 -9.946994e-02 9.621998e-01 2.172473e+01
9.358770e-01 -2.435045e-01 2.546365e-01 5.302654e+01 2.685228e-01 9.608663e-01 -6.805375e-02 -8.529243e+00 -2.281003e-01 1.320657e-01 9.646393e-01 2.184566e+01
9.504385e-01 2.393160e-01 -1.984804e-01 5.330479e+01 -2.186501e-01 9.683305e-01 1.205333e-01 -8.578292e+00 2.210402e-01 -7.116174e-02 9.726650e-01 2.195979e+01
9.445494e-01 -2.006309e-01 2.599492e-01 5.354111e+01 2.224526e-01 9.732684e-01 -5.712547e-02 -8.617259e+00 -2.415392e-01 1.117842e-01 9.639311e-01 2.206368e+01
9.538337e-01 2.305764e-01 -1.924470e-01 5.378112e+01 -2.159993e-01 9.718717e-01 9.386099e-02 -8.654437e+00 2.086759e-01 -4.795939e-02 9.768082e-01 2.217235e+01
9.401437e-01 -2.139057e-01 2.652812e-01 5.402431e+01 2.284703e-01 9.732314e-01 -2.493625e-02 -8.689192e+00 -2.528461e-01 8.405258e-02 9.638486e-01 2.228169e+01
9.385658e-01 2.116365e-01 -2.725878e-01 5.430373e+01 -1.829052e-01 9.748777e-01 1.271194e-01 -8.733632e+00 2.926429e-01 -6.945220e-02 9.536962e-01 2.239966e+01
9.251078e-01 -2.338597e-01 2.991407e-01 5.460453e+01 2.584345e-01 9.649883e-01 -4.482139e-02 -8.777847e+00 -2.781854e-01 1.187729e-01 9.531558e-01 2.252126e+01
9.370272e-01 2.258624e-01 -2.663947e-01 5.490100e+01 -1.955636e-01 9.712702e-01 1.356070e-01 -8.818317e+00 2.893698e-01 -7.497035e-02 9.542770e-01 2.264563e+01
9.273015e-01 -2.287431e-01 2.962912e-01 5.519004e+01 2.587538e-01 9.636977e-01 -6.582567e-02 -8.861328e+00 -2.704780e-01 1.377067e-01 9.528266e-01 2.277192e+01
9.299946e-01 2.495030e-01 -2.699228e-01 5.547676e+01 -2.055109e-01 9.617806e-01 1.809519e-01 -8.897488e+00 3.047545e-01 -1.128122e-01 9.457262e-01 2.290008e+01
9.148920e-01 -2.532311e-01 3.143989e-01 5.576552e+01 2.886860e-01 9.547844e-01 -7.104146e-02 -8.936518e+00 -2.821933e-01 1.557579e-01 9.466290e-01 2.303491e+01
9.352718e-01 2.507103e-01 -2.498220e-01 5.607375e+01 -2.147303e-01 9.630475e-01 1.625746e-01 -8.970761e+00 2.813495e-01 -9.840713e-02 9.545462e-01 2.316735e+01
9.260341e-01 -2.380312e-01 2.929197e-01 5.632072e+01 2.732658e-01 9.581497e-01 -8.529270e-02 -9.013172e+00 -2.603586e-01 1.590289e-01 9.523251e-01 2.326357e+01
9.261074e-01 2.845656e-01 -2.476841e-01 5.656073e+01 -2.455918e-01 9.531212e-01 1.767619e-01 -9.054566e+00 2.863733e-01 -1.028714e-01 9.525796e-01 2.334628e+01
9.093978e-01 -2.761068e-01 3.110639e-01 5.683036e+01 3.149093e-01 9.456355e-01 -8.127412e-02 -9.095688e+00 -2.717128e-01 1.718674e-01 9.469075e-01 2.345838e+01
9.198571e-01 2.980330e-01 -2.550281e-01 5.708624e+01 -2.552164e-01 9.484586e-01 1.878593e-01 -9.135401e+00 2.978718e-01 -1.077164e-01 9.485091e-01 2.356683e+01
9.157604e-01 -2.587547e-01 3.072927e-01 5.732078e+01 2.984239e-01 9.502589e-01 -8.916826e-02 -9.174880e+00 -2.689350e-01 1.733603e-01 9.474282e-01 2.365921e+01
9.217587e-01 2.914258e-01 -2.557966e-01 5.755887e+01 -2.490163e-01 9.505456e-01 1.856184e-01 -9.217540e+00 2.972403e-01 -1.073978e-01 9.487433e-01 2.374380e+01
9.066456e-01 -2.736960e-01 3.210673e-01 5.782349e+01 3.169454e-01 9.441486e-01 -9.015996e-02 -9.254942e+00 -2.784589e-01 1.835039e-01 9.427550e-01 2.384953e+01
9.198099e-01 2.939570e-01 -2.598826e-01 5.809439e+01 -2.480810e-01 9.488627e-01 1.952323e-01 -9.289919e+00 3.039828e-01 -1.151047e-01 9.456984e-01 2.397722e+01
9.080527e-01 -2.728849e-01 3.177644e-01 5.836390e+01 3.203156e-01 9.412445e-01 -1.070352e-01 -9.324460e+00 -2.698858e-01 1.989785e-01 9.421089e-01 2.409943e+01
9.197991e-01 2.962371e-01 -2.573193e-01 5.865073e+01 -2.422075e-01 9.445680e-01 2.216461e-01 -9.363661e+00 3.087153e-01 -1.415452e-01 9.405636e-01 2.422951e+01
9.172202e-01 -2.777435e-01 2.855970e-01 5.892128e+01 3.223114e-01 9.387083e-01 -1.222366e-01 -9.409655e+00 -2.341419e-01 2.041691e-01 9.505223e-01 2.434033e+01
9.243492e-01 2.980664e-01 -2.381912e-01 5.917651e+01 -2.498275e-01 9.446591e-01 2.126161e-01 -9.457141e+00 2.883832e-01 -1.370248e-01 9.476599e-01 2.442160e+01
9.179372e-01 -2.670838e-01 2.933555e-01 5.941897e+01 3.165886e-01 9.387720e-01 -1.359361e-01 -9.503755e+00 -2.390876e-01 2.176539e-01 9.462895e-01 2.450801e+01
9.146324e-01 3.343781e-01 -2.272418e-01 5.964847e+01 -2.834149e-01 9.311494e-01 2.294273e-01 -9.542796e+00 2.883115e-01 -1.454379e-01 9.464271e-01 2.459446e+01
9.160576e-01 -2.969293e-01 2.695763e-01 5.989434e+01 3.393639e-01 9.321077e-01 -1.265198e-01 -9.589643e+00 -2.137068e-01 2.073839e-01 9.546315e-01 2.467926e+01
9.206157e-01 3.109515e-01 -2.361694e-01 6.014956e+01 -2.609762e-01 9.398966e-01 2.201953e-01 -9.633475e+00 2.904448e-01 -1.410806e-01 9.464344e-01 2.477154e+01
9.166355e-01 -3.119341e-01 2.499529e-01 6.043895e+01 3.508608e-01 9.274666e-01 -1.292366e-01 -9.679342e+00 -1.915097e-01 2.061615e-01 9.595944e-01 2.488509e+01
9.350634e-01 3.060333e-01 -1.788857e-01 6.073552e+01 -2.670177e-01 9.399977e-01 2.123818e-01 -9.726269e+00 2.331480e-01 -1.508248e-01 9.606737e-01 2.500427e+01
9.217654e-01 -3.172265e-01 2.229705e-01 6.102875e+01 3.540654e-01 9.230334e-01 -1.504887e-01 -9.771493e+00 -1.580702e-01 2.176614e-01 9.631393e-01 2.512489e+01
9.380903e-01 3.067435e-01 -1.609195e-01 6.129495e+01 -2.718441e-01 9.398559e-01 2.068135e-01 -9.817824e+00 2.146798e-01 -1.502647e-01 9.650560e-01 2.523469e+01
9.331336e-01 -3.011192e-01 1.964407e-01 6.154837e+01 3.334527e-01 9.291400e-01 -1.597125e-01 -9.866093e+00 -1.344285e-01 2.145367e-01 9.674208e-01 2.532222e+01
9.443648e-01 2.974186e-01 -1.404182e-01 6.181763e+01 -2.616023e-01 9.380040e-01 2.274047e-01 -9.908715e+00 1.993472e-01 -1.780193e-01 9.636233e-01 2.542371e+01
9.284121e-01 -3.146619e-01 1.975825e-01 6.208065e+01 3.509624e-01 9.172524e-01 -1.883434e-01 -9.953091e+00 -1.219685e-01 2.442043e-01 9.620228e-01 2.551779e+01
9.445620e-01 3.068924e-01 -1.167032e-01 6.236456e+01 -2.723948e-01 9.309123e-01 2.433179e-01 -9.996285e+00 1.833129e-01 -1.980394e-01 9.629002e-01 2.562478e+01
9.321395e-01 -3.122699e-01 1.833124e-01 6.265282e+01 3.440967e-01 9.215394e-01 -1.798957e-01 -1.003399e+01 -1.127536e-01 2.307651e-01 9.664544e-01 2.574708e+01
9.461841e-01 3.085301e-01 -9.769820e-02 6.292200e+01 -2.788702e-01 9.304677e-01 2.376163e-01 -1.007397e+01 1.642168e-01 -1.975836e-01 9.664334e-01 2.586345e+01
9.353548e-01 -3.198029e-01 1.511210e-01 6.318637e+01 3.435830e-01 9.229802e-01 -1.733729e-01 -1.011065e+01 -8.403651e-02 2.140878e-01 9.731928e-01 2.597823e+01
9.515279e-01 3.037260e-01 -4.842735e-02 6.346229e+01 -2.871460e-01 9.336941e-01 2.139219e-01 -1.014868e+01 1.101900e-01 -1.896469e-01 9.756496e-01 2.609889e+01
9.415499e-01 -3.220120e-01 9.895485e-02 6.374206e+01 3.347652e-01 9.271920e-01 -1.680685e-01 -1.019109e+01 -3.763011e-02 1.913715e-01 9.807961e-01 2.621957e+01
9.569276e-01 2.881165e-01 -3.575684e-02 6.403695e+01 -2.745390e-01 9.380619e-01 2.113487e-01 -1.023749e+01 9.443518e-02 -1.924287e-01 9.767565e-01 2.634533e+01
9.417457e-01 -3.307971e-01 6.073126e-02 6.434805e+01 3.363254e-01 9.264819e-01 -1.688679e-01 -1.028463e+01 -4.054326e-04 1.794561e-01 9.837659e-01 2.647633e+01
9.631542e-01 2.684711e-01 1.604317e-02 6.464647e+01 -2.668685e-01 9.465916e-01 1.809576e-01 -1.033063e+01 3.339556e-02 -1.785715e-01 9.833600e-01 2.660350e+01
9.443541e-01 -3.289189e-01 2.749961e-03 6.493564e+01 3.238790e-01 9.283597e-01 -1.823472e-01 -1.038010e+01 5.742447e-02 1.730909e-01 9.832304e-01 2.670641e+01
9.700561e-01 2.424061e-01 1.518342e-02 6.525306e+01 -2.403247e-01 9.489230e-01 2.044242e-01 -1.043241e+01 3.514575e-02 -2.019518e-01 9.787646e-01 2.682113e+01
9.441676e-01 -3.286335e-01 2.339942e-02 6.557124e+01 3.259905e-01 9.215624e-01 -2.108383e-01 -1.048674e+01 4.772449e-02 2.066947e-01 9.772408e-01 2.692663e+01
9.646012e-01 2.628230e-01 2.164757e-02 6.587065e+01 -2.611842e-01 9.407867e-01 2.161093e-01 -1.054029e+01 3.643275e-02 -2.141133e-01 9.761292e-01 2.702872e+01
9.386876e-01 -3.447688e-01 -2.066674e-04 6.618939e+01 3.367187e-01 9.168985e-01 -2.142838e-01 -1.058964e+01 7.406785e-02 2.010760e-01 9.767714e-01 2.714250e+01
9.705785e-01 2.333324e-01 5.944346e-02 6.653308e+01 -2.406738e-01 9.476101e-01 2.100269e-01 -1.063915e+01 -7.323144e-03 -2.181540e-01 9.758869e-01 2.727548e+01
9.509612e-01 -3.071405e-01 -3.657191e-02 6.684346e+01 2.941781e-01 9.346236e-01 -1.998446e-01 -1.068694e+01 9.556134e-02 1.792858e-01 9.791448e-01 2.740516e+01
9.761069e-01 2.057509e-01 6.987205e-02 6.716173e+01 -2.154318e-01 9.583332e-01 1.875813e-01 -1.073616e+01 -2.836569e-02 -1.981520e-01 9.797608e-01 2.751677e+01
9.557763e-01 -2.902981e-01 -4.710143e-02 6.747102e+01 2.767284e-01 9.419498e-01 -1.901363e-01 -1.078641e+01 9.956337e-02 1.686934e-01 9.806272e-01 2.762642e+01
9.729122e-01 2.107528e-01 9.500128e-02 6.778369e+01 -2.255618e-01 9.554361e-01 1.904306e-01 -1.083793e+01 -5.063386e-02 -2.067009e-01 9.770931e-01 2.773784e+01
9.418423e-01 -3.307689e-01 -5.937186e-02 6.810228e+01 3.050474e-01 9.156143e-01 -2.619093e-01 -1.089944e+01 1.409931e-01 2.285660e-01 9.632645e-01 2.785501e+01
9.672457e-01 1.712413e-01 1.873827e-01 6.840357e+01 -2.212961e-01 9.304687e-01 2.919864e-01 -1.097075e+01 -1.243536e-01 -3.238896e-01 9.378868e-01 2.798928e+01
9.612503e-01 -2.572233e-01 -9.916662e-02 6.869670e+01 2.156552e-01 9.257077e-01 -3.107379e-01 -1.101186e+01 1.717283e-01 2.773110e-01 9.453084e-01 2.810627e+01
9.682359e-01 1.748256e-01 1.787610e-01 6.899927e+01 -2.252827e-01 9.201215e-01 3.203500e-01 -1.105166e+01 -1.084765e-01 -3.504461e-01 9.302797e-01 2.824506e+01
9.546161e-01 -2.750221e-01 -1.143276e-01 6.931329e+01 2.268073e-01 9.200585e-01 -3.194538e-01 -1.109408e+01 1.930449e-01 2.790254e-01 9.406798e-01 2.838137e+01
9.612712e-01 1.758684e-01 2.121985e-01 6.961126e+01 -2.321909e-01 9.315691e-01 2.797613e-01 -1.114098e+01 -1.484764e-01 -3.181970e-01 9.363255e-01 2.850347e+01
9.629244e-01 -2.433406e-01 -1.164552e-01 6.988700e+01 2.007873e-01 9.347780e-01 -2.930434e-01 -1.118116e+01 1.801691e-01 2.587959e-01 9.489804e-01 2.862474e+01
9.765545e-01 1.509523e-01 1.534762e-01 7.016235e+01 -1.900159e-01 9.395052e-01 2.849981e-01 -1.123047e+01 -1.011705e-01 -3.074790e-01 9.461613e-01 2.872777e+01
9.525359e-01 -2.815254e-01 -1.158389e-01 7.046898e+01 2.329503e-01 9.190283e-01 -3.179954e-01 -1.127968e+01 1.959830e-01 2.759174e-01 9.409890e-01 2.883683e+01
9.668245e-01 1.692348e-01 1.913377e-01 7.076384e+01 -2.181900e-01 9.366297e-01 2.740766e-01 -1.132646e+01 -1.328292e-01 -3.067319e-01 9.424818e-01 2.894456e+01
9.589982e-01 -2.651767e-01 -1.000184e-01 7.104168e+01 2.229886e-01 9.238091e-01 -3.112119e-01 -1.136990e+01 1.749240e-01 2.761487e-01 9.450627e-01 2.904920e+01
9.697617e-01 1.726679e-01 1.724768e-01 7.132889e+01 -2.161337e-01 9.358487e-01 2.783405e-01 -1.141998e+01 -1.133517e-01 -3.072019e-01 9.448695e-01 2.914910e+01
9.527847e-01 -2.840099e-01 -1.074220e-01 7.162862e+01 2.391323e-01 9.198472e-01 -3.109612e-01 -1.147075e+01 1.871278e-01 2.705910e-01 9.443324e-01 2.926029e+01
9.669932e-01 1.718458e-01 1.881315e-01 7.192460e+01 -2.172163e-01 9.419293e-01 2.560983e-01 -1.151988e+01 -1.331971e-01 -2.885105e-01 9.481668e-01 2.937295e+01
9.516613e-01 -2.819225e-01 -1.219027e-01 7.220563e+01 2.365412e-01 9.258716e-01 -2.946353e-01 -1.156630e+01 1.959306e-01 2.515580e-01 9.478026e-01 2.948769e+01
9.581226e-01 1.597273e-01 2.376732e-01 7.248724e+01 -2.127631e-01 9.525834e-01 2.175239e-01 -1.161276e+01 -1.916590e-01 -2.589826e-01 9.466757e-01 2.960344e+01
9.474134e-01 -2.628559e-01 -1.825225e-01 7.275295e+01 2.153239e-01 9.455560e-01 -2.440479e-01 -1.165698e+01 2.367347e-01 1.919128e-01 9.524317e-01 2.970960e+01
9.508134e-01 1.806868e-01 2.516075e-01 7.300824e+01 -2.332999e-01 9.520462e-01 1.979374e-01 -1.169346e+01 -2.037772e-01 -2.469015e-01 9.473724e-01 2.981647e+01
9.481094e-01 -2.418090e-01 -2.064385e-01 7.326991e+01 2.009776e-01 9.589220e-01 -2.001912e-01 -1.173129e+01 2.463664e-01 1.483137e-01 9.577613e-01 2.992812e+01
9.467795e-01 1.908864e-01 2.591741e-01 7.351970e+01 -2.381371e-01 9.571134e-01 1.649988e-01 -1.176888e+01 -2.165629e-01 -2.179364e-01 9.516324e-01 3.003264e+01
9.477246e-01 -2.702320e-01 -1.696838e-01 7.377500e+01 2.332563e-01 9.495841e-01 -2.094793e-01 -1.180584e+01 2.177370e-01 1.589488e-01 9.629776e-01 3.014445e+01
9.546847e-01 1.950039e-01 2.248352e-01 7.404861e+01 -2.363758e-01 9.558319e-01 1.746763e-01 -1.184439e+01 -1.808421e-01 -2.199064e-01 9.586122e-01 3.027195e+01
9.434619e-01 -2.881096e-01 -1.639276e-01 7.433120e+01 2.498314e-01 9.430595e-01 -2.195975e-01 -1.188133e+01 2.178616e-01 1.662276e-01 9.617197e-01 3.039797e+01
9.547043e-01 1.903269e-01 2.287259e-01 7.461038e+01 -2.327243e-01 9.565965e-01 1.753926e-01 -1.192090e+01 -1.854164e-01 -2.206781e-01 9.575604e-01 3.052402e+01
9.464377e-01 -2.657543e-01 -1.833854e-01 7.488401e+01 2.267991e-01 9.514152e-01 -2.082579e-01 -1.195826e+01 2.298211e-01 1.555115e-01 9.607281e-01 3.064596e+01
9.500597e-01 2.076989e-01 2.329117e-01 7.513556e+01 -2.537697e-01 9.485693e-01 1.892545e-01 -1.199364e+01 -1.816249e-01 -2.389090e-01 9.539051e-01 3.076668e+01
9.426972e-01 -3.217981e-01 -8.813494e-02 7.542273e+01 2.931421e-01 9.249811e-01 -2.418217e-01 -1.202162e+01 1.593409e-01 2.021286e-01 9.663097e-01 3.090777e+01
9.555037e-01 2.260758e-01 1.894801e-01 7.569334e+01 -2.606712e-01 9.477994e-01 1.836488e-01 -1.206224e+01 -1.380705e-01 -2.248690e-01 9.645571e-01 3.108237e+01
9.582829e-01 -2.578914e-01 -1.232301e-01 7.596224e+01 2.304412e-01 9.521703e-01 -2.006700e-01 -1.209681e+01 1.690871e-01 1.639014e-01 9.718775e-01 3.121834e+01
9.584004e-01 2.078323e-01 1.956391e-01 7.622962e+01 -2.406806e-01 9.569034e-01 1.625075e-01 -1.213180e+01 -1.534333e-01 -2.028338e-01 9.671177e-01 3.134981e+01
9.551144e-01 -2.577286e-01 -1.460557e-01 7.649481e+01 2.313189e-01 9.568642e-01 -1.757907e-01 -1.216830e+01 1.850617e-01 1.341148e-01 9.735324e-01 3.147841e+01
9.498182e-01 2.241727e-01 2.181563e-01 7.675797e+01 -2.609796e-01 9.523916e-01 1.576066e-01 -1.220170e+01 -1.724390e-01 -2.066320e-01 9.631033e-01 3.161385e+01
9.390163e-01 -2.993429e-01 -1.692398e-01 7.704752e+01 2.673902e-01 9.450712e-01 -1.879971e-01 -1.224264e+01 2.162192e-01 1.312793e-01 9.674787e-01 3.175268e+01
9.436848e-01 2.267408e-01 2.409312e-01 7.733111e+01 -2.556142e-01 9.620167e-01 9.583977e-02 -1.228390e+01 -2.100490e-01 -1.520280e-01 9.657986e-01 3.188022e+01
9.476465e-01 -2.569399e-01 -1.895989e-01 7.759671e+01 2.371407e-01 9.639104e-01 -1.210002e-01 -1.231869e+01 2.138461e-01 6.970380e-02 9.743773e-01 3.201381e+01
9.390203e-01 2.288177e-01 2.566778e-01 7.785895e+01 -2.589721e-01 9.616711e-01 9.012329e-02 -1.234987e+01 -2.262178e-01 -1.511000e-01 9.622860e-01 3.215021e+01
9.431134e-01 -2.539677e-01 -2.145630e-01 7.814049e+01 2.368863e-01 9.661334e-01 -1.023290e-01 -1.238362e+01 2.332847e-01 4.568084e-02 9.713349e-01 3.229338e+01
