9.996268e-01 1.738532e-02 2.106940e-02 2.408688e-01 -1.721734e-02 9.998187e-01 -8.128050e-03 -4.021955e-02 -2.120689e-02 7.762258e-03 9.997451e-01 1.234686e-01
9.998777e-01 -9.233845e-03 1.262503e-02 4.968237e-01 9.148943e-03 9.999353e-01 6.766170e-03 -7.893542e-02 -1.268668e-02 -6.649837e-03 9.998973e-01 2.461387e-01
9.998994e-01 6.784817e-03 1.245839e-02 7.504815e-01 -6.771215e-03 9.999764e-01 -1.133698e-03 -1.140970e-01 -1.246580e-02 1.049226e-03 9.999218e-01 3.696767e-01
9.995270e-01 1.923634e-02 2.399348e-02 1.004689e+00 -1.908097e-02 9.997956e-01 -6.687470e-03 -1.532403e-01 -2.411720e-02 6.226488e-03 9.996896e-01 4.977265e-01
9.997685e-01 1.307087e-02 1.708838e-02 1.251465e+00 -1.310843e-02 9.999119e-01 2.087684e-03 -1.907565e-01 -1.705960e-02 -2.311202e-03 9.998519e-01 6.254809e-01
9.990554e-01 3.002718e-02 3.141172e-02 1.495136e+00 -2.988095e-02 9.995404e-01 -5.114609e-03 -2.297108e-01 -3.155084e-02 4.171166e-03 9.994933e-01 7.518038e-01
9.999610e-01 -7.498826e-03 4.660090e-03 1.741456e+00 7.488508e-03 9.999695e-01 2.227547e-03 -2.690881e-01 -4.676676e-03 -2.192563e-03 9.999868e-01 8.736871e-01
9.992391e-01 2.767731e-02 2.748118e-02 1.995508e+00 -2.783872e-02 9.995973e-01 5.508323e-03 -3.047337e-01 -2.731763e-02 -6.269171e-03 9.996070e-01 1.002085e+00
9.999666e-01 -3.889910e-03 7.183346e-03 2.266282e+00 3.896945e-03 9.999919e-01 -9.654803e-04 -3.456380e-01 -7.179563e-03 9.934399e-04 9.999738e-01 1.133285e+00
9.994134e-01 1.622062e-02 3.016267e-02 2.523090e+00 -1.632975e-02 9.998610e-01 3.375375e-03 -3.849504e-01 -3.010369e-02 -3.865942e-03 9.995392e-01 1.261734e+00
9.999367e-01 -1.121818e-02 8.956577e-04 2.779307e+00 1.123228e-02 9.997802e-01 -1.770357e-02 -4.248523e-01 -6.968959e-04 1.771251e-02 9.998430e-01 1.392251e+00
9.985024e-01 4.483579e-02 3.134843e-02 3.037714e+00 -4.473860e-02 9.989915e-01 -3.795337e-03 -4.662405e-01 -3.148694e-02 2.387168e-03 9.995012e-01 1.527565e+00
9.990016e-01 -4.338928e-02 1.063682e-02 3.286784e+00 4.337307e-02 9.990574e-01 1.750124e-03 -5.011893e-01 -1.070277e-02 -1.287024e-03 9.999420e-01 1.656505e+00
9.989661e-01 3.544726e-02 2.846500e-02 3.539044e+00 -3.535344e-02 9.993677e-01 -3.792571e-03 -5.346119e-01 -2.858139e-02 2.782314e-03 9.995875e-01 1.784452e+00
9.972919e-01 -6.578476e-02 -3.288146e-02 3.804330e+00 6.548186e-02 9.978016e-01 -1.020640e-02 -5.787714e-01 3.348055e-02 8.025627e-03 9.994072e-01 1.924921e+00
9.996100e-01 2.714576e-02 6.550545e-03 4.092564e+00 -2.728562e-02 9.993789e-01 2.229911e-02 -6.171622e-01 -5.941106e-03 -2.246915e-02 9.997298e-01 2.057857e+00
9.825322e-01 -2.541328e-02 -1.843495e-01 4.444686e+00 2.351785e-02 9.996458e-01 -1.246129e-02 -6.643807e-01 1.846009e-01 7.908118e-03 9.827819e-01 2.295665e+00
9.944039e-01 1.026301e-02 1.051452e-01 4.887300e+00 -3.690051e-03 9.980370e-01 -6.251790e-02 -7.131673e-01 -1.055804e-01 6.178004e-02 9.924897e-01 2.620370e+00
9.839991e-01 -3.451149e-02 -1.747992e-01 5.259582e+00 3.384269e-02 9.994040e-01 -6.806345e-03 -7.611657e-01 1.749299e-01 7.817797e-04 9.845807e-01 2.832407e+00
9.772919e-01 5.177374e-02 2.054753e-01 5.525653e+00 -5.122851e-02 9.986551e-01 -7.976142e-03 -8.034703e-01 -2.056119e-01 -2.731193e-03 9.786297e-01 2.961713e+00
9.859114e-01 -3.210836e-02 -1.641578e-01 5.783402e+00 3.194493e-02 9.994830e-01 -3.636072e-03 -8.456566e-01 1.641897e-01 -1.659149e-03 9.864275e-01 3.085721e+00
9.763128e-01 4.826865e-02 2.109112e-01 6.040993e+00 -4.714583e-02 9.988344e-01 -1.035178e-02 -8.871551e-01 -2.111650e-01 1.629722e-04 9.774503e-01 3.207652e+00
9.846805e-01 -3.341114e-02 -1.711374e-01 6.285383e+00 3.304248e-02 9.994414e-01 -5.002951e-03 -9.266392e-01 1.712089e-01 -7.284773e-04 9.852346e-01 3.324314e+00
9.769450e-01 4.727996e-02 2.081900e-01 6.524462e+00 -4.628669e-02 9.988817e-01 -9.642804e-03 -9.654147e-01 -2.084131e-01 -2.159555e-04 9.780408e-01 3.436490e+00
9.844662e-01 -3.560748e-02 -1.719257e-01 6.764097e+00 3.606311e-02 9.993494e-01 -4.734866e-04 -1.004529e+00 1.718307e-01 -5.734025e-03 9.851099e-01 3.550466e+00
9.780281e-01 4.052203e-02 2.044971e-01 7.016394e+00 -3.700846e-02 9.990947e-01 -2.097842e-02 -1.046689e+00 -2.051621e-01 1.294934e-02 9.786422e-01 3.666435e+00
9.820136e-01 -4.395889e-02 -1.836218e-01 7.277579e+00 4.556460e-02 9.989511e-01 4.532571e-03 -1.088397e+00 1.832299e-01 -1.281768e-02 9.829866e-01 3.783487e+00
9.756540e-01 4.339837e-02 2.149788e-01 7.540367e+00 -3.992321e-02 9.989928e-01 -2.048304e-02 -1.132831e+00 -2.156511e-01 1.140170e-02 9.764038e-01 3.899587e+00
9.815299e-01 -4.365533e-02 -1.862613e-01 7.789288e+00 4.254728e-02 9.990450e-01 -9.944126e-03 -1.174754e+00 1.865175e-01 1.835568e-03 9.824500e-01 4.013078e+00
9.763230e-01 5.858570e-02 2.082331e-01 8.033234e+00 -5.719924e-02 9.982823e-01 -1.267870e-02 -1.214356e+00 -2.086182e-01 4.677043e-04 9.779970e-01 4.125654e+00
9.803854e-01 -5.909219e-02 -1.880227e-01 8.282776e+00 6.040992e-02 9.981728e-01 1.280655e-03 -1.252218e+00 1.876034e-01 -1.261395e-02 9.821639e-01 4.239202e+00
9.707152e-01 8.347308e-02 2.252649e-01 8.516988e+00 -7.921393e-02 9.964672e-01 -2.789617e-02 -1.290278e+00 -2.267976e-01 9.235094e-03 9.738980e-01 4.352684e+00
9.788634e-01 -6.276266e-02 -1.946465e-01 8.752188e+00 6.461463e-02 9.979052e-01 3.173538e-03 -1.326481e+00 1.940395e-01 -1.568345e-02 9.808684e-01 4.467131e+00
9.735720e-01 7.380464e-02 2.161260e-01 9.005721e+00 -7.111938e-02 9.972635e-01 -2.018651e-02 -1.364486e+00 -2.170243e-01 4.282255e-03 9.761567e-01 4.589709e+00
9.802911e-01 -6.501554e-02 -1.865539e-01 9.262957e+00 6.464202e-02 9.978757e-01 -8.091053e-03 -1.403050e+00 1.866836e-01 -4.127610e-03 9.824115e-01 4.715833e+00
9.817492e-01 4.347692e-02 1.851436e-01 9.543888e+00 -4.208811e-02 9.990486e-01 -1.142668e-02 -1.442109e+00 -1.854642e-01 3.425766e-03 9.826450e-01 4.854985e+00
9.799549e-01 -5.741251e-02 -1.907673e-01 9.842494e+00 6.056545e-02 9.981065e-01 1.073362e-02 -1.480771e+00 1.897897e-01 -2.207235e-02 9.815767e-01 5.007997e+00
9.796010e-01 5.650105e-02 1.928457e-01 1.013914e+01 -5.121863e-02 9.981659e-01 -3.227239e-02 -1.523682e+00 -1.943154e-01 2.173675e-02 9.806982e-01 5.159034e+00
9.811123e-01 -5.678848e-02 -1.849157e-01 1.040864e+01 5.939352e-02 9.981978e-01 8.574623e-03 -1.562063e+00 1.840954e-01 -1.939543e-02 9.827171e-01 5.300830e+00
9.786418e-01 6.412740e-02 1.953147e-01 1.067436e+01 -6.109162e-02 9.978998e-01 -2.153398e-02 -1.598702e+00 -1.962853e-01 9.141940e-03 9.805041e-01 5.437443e+00
9.843941e-01 -6.475504e-02 -1.636306e-01 1.093346e+01 6.776707e-02 9.976179e-01 1.288716e-02 -1.634524e+00 1.624063e-01 -2.377478e-02 9.864376e-01 5.565066e+00
9.727539e-01 9.293752e-02 2.123971e-01 1.117519e+01 -8.572644e-02 9.953933e-01 -4.293209e-02 -1.671256e+00 -2.154086e-01 2.355429e-02 9.762398e-01 5.688764e+00
9.808363e-01 -8.240422e-02 -1.765495e-01 1.142004e+01 8.707552e-02 9.960231e-01 1.886346e-02 -1.708299e+00 1.742929e-01 -3.387507e-02 9.841111e-01 5.807768e+00
9.752897e-01 9.885670e-02 1.975786e-01 1.166151e+01 -9.250754e-02 9.948620e-01 -4.113354e-02 -1.745083e+00 -2.006297e-01 2.183959e-02 9.794236e-01 5.925169e+00
9.821859e-01 -8.979163e-02 -1.650709e-01 1.190382e+01 9.234688e-02 9.956959e-01 7.855129e-03 -1.777722e+00 1.636550e-01 -2.295894e-02 9.862505e-01 6.047996e+00
9.744327e-01 1.075748e-01 1.972525e-01 1.215041e+01 -1.010352e-01 9.939552e-01 -4.295291e-02 -1.815125e+00 -2.006807e-01 2.192526e-02 9.794112e-01 6.168513e+00
9.841232e-01 -8.583487e-02 -1.553508e-01 1.238470e+01 8.928789e-02 9.958872e-01 1.537458e-02 -1.848663e+00 1.533922e-01 -2.900140e-02 9.877398e-01 6.285613e+00
9.800221e-01 8.949022e-02 1.776180e-01 1.263148e+01 -8.549781e-02 9.958860e-01 -3.002120e-02 -1.881301e+00 -1.795738e-01 1.423546e-02 9.836414e-01 6.408163e+00
9.870134e-01 -6.904404e-02 -1.450433e-01 1.288169e+01 7.058886e-02 9.974902e-01 5.525334e-03 -1.922547e+00 1.442977e-01 -1.569199e-02 9.894100e-01 6.529462e+00
9.762761e-01 7.441944e-02 2.033386e-01 1.311934e+01 -7.246735e-02 9.972252e-01 -1.703948e-02 -1.955639e+00 -2.040424e-01 1.899796e-03 9.789601e-01 6.650095e+00
9.823720e-01 -6.826044e-02 -1.740283e-01 1.336770e+01 6.696161e-02 9.976665e-01 -1.333069e-02 -1.990859e+00 1.745321e-01 1.442509e-03 9.846505e-01 6.775703e+00
9.778348e-01 8.856048e-02 1.897266e-01 1.360965e+01 -8.575887e-02 9.960517e-01 -2.294246e-02 -2.028328e+00 -1.910092e-01 6.163170e-03 9.815688e-01 6.893959e+00
9.881511e-01 -7.554063e-02 -1.336079e-01 1.383640e+01 7.809970e-02 9.968471e-01 1.401015e-02 -2.057221e+00 1.321283e-01 -2.427886e-02 9.909353e-01 7.013456e+00
9.767196e-01 1.272275e-01 1.727191e-01 1.407453e+01 -1.208477e-01 9.915574e-01 -4.700699e-02 -2.090771e+00 -1.772414e-01 2.503992e-02 9.838487e-01 7.143632e+00
9.562784e-01 -2.433567e-01 -1.622012e-01 1.431748e+01 2.408570e-01 9.699218e-01 -3.520729e-02 -2.139061e+00 1.658903e-01 -5.399280e-03 9.861295e-01 7.407316e+00
9.775550e-01 2.019283e-01 -6.009327e-02 1.457566e+01 -2.028461e-01 9.791643e-01 -9.521896e-03 -2.190992e+00 5.691853e-02 2.149783e-02 9.981473e-01 7.658756e+00
9.724224e-01 -2.120081e-01 9.719704e-02 1.483064e+01 2.090703e-01 9.770988e-01 3.959167e-02 -2.218559e+00 -1.033650e-01 -1.817876e-02 9.944774e-01 7.800050e+00
9.712582e-01 2.246953e-01 -7.854573e-02 1.508274e+01 -2.278230e-01 9.731325e-01 -3.331421e-02 -2.250724e+00 6.894994e-02 5.025119e-02 9.963536e-01 7.937329e+00
9.733343e-01 -2.135028e-01 8.388698e-02 1.533270e+01 2.099566e-01 9.764750e-01 4.913977e-02 -2.284423e+00 -9.240510e-02 -3.021674e-02 9.952630e-01 8.069176e+00
9.688913e-01 2.440411e-01 -4.115177e-02 1.558780e+01 -2.455173e-01 9.687352e-01 -3.568400e-02 -2.316494e+00 3.115690e-02 4.467737e-02 9.985154e-01 8.210721e+00
9.773684e-01 -2.012899e-01 6.506472e-02 1.583272e+01 1.966971e-01 9.779136e-01 7.067721e-02 -2.346453e+00 -7.785437e-02 -5.627959e-02 9.953750e-01 8.347307e+00
9.731534e-01 2.278971e-01 -3.217605e-02 1.606528e+01 -2.296017e-01 9.709788e-01 -6.695725e-02 -2.380491e+00 1.598299e-02 7.254733e-02 9.972368e-01 8.468422e+00
9.769115e-01 -2.009193e-01 7.263173e-02 1.630422e+01 1.961395e-01 9.782215e-01 6.791227e-02 -2.412368e+00 -8.469489e-02 -5.209828e-02 9.950441e-01 8.602077e+00
9.723788e-01 2.227656e-01 -6.967653e-02 1.653697e+01 -2.262932e-01 9.728967e-01 -4.757509e-02 -2.446462e+00 5.719007e-02 6.202832e-02 9.964345e-01 8.728880e+00
9.751626e-01 -2.020025e-01 9.084624e-02 1.677853e+01 1.951614e-01 9.775967e-01 7.884629e-02 -2.479876e+00 -1.047382e-01 -5.915823e-02 9.927388e-01 8.853066e+00
9.697400e-01 2.317307e-01 -7.684536e-02 1.703711e+01 -2.365472e-01 9.697116e-01 -6.086670e-02 -2.516673e+00 6.041325e-02 7.720242e-02 9.951834e-01 8.992720e+00
9.618805e-01 -2.688684e-01 4.995745e-02 1.735046e+01 2.646732e-01 9.612350e-01 7.730075e-02 -2.555826e+00 -6.880467e-02 -6.113164e-02 9.957555e-01 9.159357e+00
9.711951e-01 2.259857e-01 -7.556737e-02 1.768326e+01 -2.313376e-01 9.702300e-01 -7.167053e-02 -2.597269e+00 5.712132e-02 8.708763e-02 9.945616e-01 9.343460e+00
9.636398e-01 -2.645852e-01 3.732394e-02 1.801462e+01 2.613536e-01 9.623694e-01 7.442777e-02 -2.633170e+00 -5.561199e-02 -6.196677e-02 9.965277e-01 9.532083e+00
9.714165e-01 2.160420e-01 -9.836526e-02 1.834838e+01 -2.225749e-01 9.730034e-01 -6.103118e-02 -2.670786e+00 8.252453e-02 8.118032e-02 9.932771e-01 9.715971e+00
9.606654e-01 -2.740928e-01 4.466695e-02 1.867762e+01 2.717905e-01 9.609803e-01 5.144652e-02 -2.709621e+00 -5.702526e-02 -3.728279e-02 9.976764e-01 9.894573e+00
9.725890e-01 2.100981e-01 -9.964660e-02 1.902428e+01 -2.164483e-01 9.745830e-01 -5.777648e-02 -2.752453e+00 8.497525e-02 7.776107e-02 9.933440e-01 1.008262e+01
9.585594e-01 -2.782503e-01 6.116159e-02 1.937519e+01 2.751128e-01 9.598381e-01 5.498902e-02 -2.791825e+00 -7.400601e-02 -3.588384e-02 9.966121e-01 1.027811e+01
9.681756e-01 2.235473e-01 -1.125284e-01 1.973296e+01 -2.300565e-01 9.719696e-01 -4.846696e-02 -2.837076e+00 9.853964e-02 7.281238e-02 9.924657e-01 1.047366e+01
9.395331e-01 -3.423776e-01 -7.421726e-03 2.024054e+01 3.413962e-01 9.381054e-01 -5.836800e-02 -2.899848e+00 2.694620e-02 5.230500e-02 9.982676e-01 1.077060e+01
9.638714e-01 2.558850e-01 7.399109e-02 2.066520e+01 -2.584895e-01 9.656106e-01 2.791414e-02 -2.932634e+00 -6.430370e-02 -4.603162e-02 9.968681e-01 1.103954e+01
9.424793e-01 -3.184390e-01 -1.016339e-01 2.102302e+01 3.115693e-01 9.470218e-01 -7.793722e-02 -2.970523e+00 1.210677e-01 4.178828e-02 9.917643e-01 1.123235e+01
9.586046e-01 2.744672e-01 7.579545e-02 2.137529e+01 -2.771552e-01 9.604353e-01 2.736738e-02 -3.018519e+00 -6.528511e-02 -4.724167e-02 9.967477e-01 1.142222e+01
9.420660e-01 -3.268373e-01 -7.542628e-02 2.170978e+01 3.210876e-01 9.437423e-01 -7.907711e-02 -3.062138e+00 9.702827e-02 5.027749e-02 9.940110e-01 1.160163e+01
9.537070e-01 2.910824e-01 7.559046e-02 2.202257e+01 -2.944821e-01 9.548872e-01 3.834843e-02 -3.102429e+00 -6.101775e-02 -5.883328e-02 9.964012e-01 1.177492e+01
9.501054e-01 -3.095868e-01 -3.815522e-02 2.229225e+01 3.064453e-01 9.492284e-01 -7.111066e-02 -3.137965e+00 5.823290e-02 5.587022e-02 9.967385e-01 1.192361e+01
9.340968e-01 3.436585e-01 9.675742e-02 2.253451e+01 -3.484637e-01 9.365672e-01 3.761572e-02 -3.169640e+00 -7.769280e-02 -6.885324e-02 9.945969e-01 1.205840e+01
9.443462e-01 -3.263953e-01 -4.094522e-02 2.279480e+01 3.236897e-01 9.441866e-01 -6.112803e-02 -3.203783e+00 5.861178e-02 4.447256e-02 9.972898e-01 1.219990e+01
9.401750e-01 3.322087e-01 7.555425e-02 2.304132e+01 -3.354572e-01 9.414043e-01 3.501916e-02 -3.241904e+00 -5.949335e-02 -5.826943e-02 9.965265e-01 1.232160e+01
9.565408e-01 -2.914206e-01 -1.018654e-02 2.327868e+01 2.909416e-01 9.561469e-01 -3.370496e-02 -3.272816e+00 1.956209e-02 2.927656e-02 9.993800e-01 1.245118e+01
9.504717e-01 3.000899e-01 8.092929e-02 2.354015e+01 -3.014154e-01 9.534827e-01 4.402988e-03 -3.309517e+00 -7.584331e-02 -2.857831e-02 9.967101e-01 1.260344e+01
9.431787e-01 -3.246829e-01 -7.067565e-02 2.384723e+01 3.242322e-01 9.458048e-01 -1.807813e-02 -3.346677e+00 7.271497e-02 -5.864328e-03 9.973356e-01 1.277375e+01
9.458847e-01 3.122095e-01 8.847207e-02 2.413932e+01 -3.110373e-01 9.500114e-01 -2.709481e-02 -3.384654e+00 -9.250866e-02 -1.889613e-03 9.957100e-01 1.294078e+01
9.428563e-01 -3.181499e-01 -9.900838e-02 2.443454e+01 3.182390e-01 9.478868e-01 -1.531595e-02 -3.422554e+00 9.872145e-02 -1.706750e-02 9.949688e-01 1.310621e+01
9.524067e-01 2.930031e-01 8.408661e-02 2.472925e+01 -2.918709e-01 9.561115e-01 -2.573215e-02 -3.462131e+00 -8.793570e-02 -3.502889e-05 9.961261e-01 1.326529e+01
9.541385e-01 -2.882497e-01 -8.081999e-02 2.500525e+01 2.905463e-01 9.566915e-01 1.800856e-02 -3.494439e+00 7.212877e-02 -4.066453e-02 9.965661e-01 1.341928e+01
9.540079e-01 2.885843e-01 8.116599e-02 2.528248e+01 -2.859575e-01 9.572964e-01 -4.256695e-02 -3.526933e+00 -8.998399e-02 1.739912e-02 9.957912e-01 1.357541e+01
9.575472e-01 -2.785183e-01 -7.437090e-02 2.555257e+01 2.804816e-01 9.597054e-01 1.719616e-02 -3.563353e+00 6.658465e-02 -3.732572e-02 9.970824e-01 1.372272e+01
9.512581e-01 2.946689e-01 9.098474e-02 2.581642e+01 -2.924070e-01 9.555558e-01 -3.756664e-02 -3.596529e+00 -9.801064e-02 9.130926e-03 9.951434e-01 1.386564e+01
9.646847e-01 -2.497097e-01 -8.383678e-02 2.610286e+01 2.512076e-01 9.679030e-01 7.650995e-03 -3.626373e+00 7.923528e-02 -2.844116e-02 9.964502e-01 1.402403e+01
9.476464e-01 3.016043e-01 1.048860e-01 2.637730e+01 -3.004681e-01 9.534138e-01 -2.684959e-02 -3.663614e+00 -1.080976e-01 -6.071031e-03 9.941217e-01 1.417244e+01
9.541528e-01 -2.840517e-01 -9.437778e-02 2.667126e+01 2.848239e-01 9.585643e-01 -5.469959e-03 -3.703645e+00 9.202085e-02 -2.166180e-02 9.955215e-01 1.433177e+01
9.722249e-01 2.294372e-01 4.623185e-02 2.700643e+01 -2.283420e-01 9.731842e-01 -2.779083e-02 -3.746021e+00 -5.136827e-02 1.646220e-02 9.985440e-01 1.450847e+01
9.668250e-01 -2.530910e-01 -3.455914e-02 2.730403e+01 2.530666e-01 9.674352e-01 -5.150524e-03 -3.783366e+00 3.473722e-02 -3.766028e-03 9.993894e-01 1.467239e+01
9.563583e-01 2.856392e-01 6.155497e-02 2.757030e+01 -2.856655e-01 9.582911e-01 -8.559285e-03 -3.814705e+00 -6.143237e-02 -9.398451e-03 9.980669e-01 1.482292e+01
9.703086e-01 -2.411973e-01 -1.803171e-02 2.780792e+01 2.410750e-01 9.704675e-01 -8.706673e-03 -3.849940e+00 1.959915e-02 4.101240e-03 9.997996e-01 1.495086e+01
9.604402e-01 2.706925e-01 6.542270e-02 2.803731e+01 -2.706519e-01 9.626289e-01 -9.650738e-03 -3.878262e+00 -6.559008e-02 -8.437877e-03 9.978109e-01 1.507377e+01
9.670906e-01 -2.529439e-01 -2.748246e-02 2.827767e+01 2.526946e-01 9.674686e-01 -1.224909e-02 -3.913626e+00 2.968668e-02 4.901382e-03 9.995473e-01 1.519947e+01
9.640679e-01 2.635398e-01 3.346436e-02 2.854416e+01 -2.634985e-01 9.646428e-01 -5.716983e-03 -3.945773e+00 -3.378772e-02 -3.306301e-03 9.994235e-01 1.534382e+01
9.544726e-01 -2.944051e-01 -4.804043e-02 2.885936e+01 2.931196e-01 9.555379e-01 -3.206680e-02 -3.986668e+00 5.534501e-02 1.652537e-02 9.983306e-01 1.551302e+01
9.556566e-01 2.888054e-01 5.754909e-02 2.912635e+01 -2.885816e-01 9.573757e-01 -1.234351e-02 -4.022191e+00 -5.866089e-02 -4.811510e-03 9.982663e-01 1.565966e+01
9.685157e-01 -2.485727e-01 -1.374755e-02 2.934852e+01 2.487199e-01 9.685209e-01 1.028462e-02 -4.054888e+00 1.075824e-02 -1.338004e-02 9.998526e-01 1.577282e+01
9.627851e-01 2.671525e-01 4.091847e-02 2.957232e+01 -2.665596e-01 9.636228e-01 -1.941775e-02 -4.085600e+00 -4.461739e-02 7.787856e-03 9.989738e-01 1.588347e+01
9.732428e-01 -2.294873e-01 -1.158382e-02 2.980749e+01 2.296640e-01 9.731146e-01 1.738873e-02 -4.118133e+00 7.281822e-03 -1.958378e-02 9.997817e-01 1.600732e+01
9.653768e-01 2.571658e-01 4.374115e-02 3.005380e+01 -2.560479e-01 9.662114e-01 -2.957780e-02 -4.156360e+00 -4.986951e-02 1.735384e-02 9.986049e-01 1.612978e+01
9.724590e-01 -2.315211e-01 -2.686081e-02 3.028987e+01 2.319912e-01 9.725878e-01 1.591212e-02 -4.193429e+00 2.244043e-02 -2.170529e-02 9.995126e-01 1.624569e+01
9.634189e-01 2.604501e-01 6.316382e-02 3.052000e+01 -2.584665e-01 9.652760e-01 -3.791165e-02 -4.224580e+00 -7.084453e-02 2.019902e-02 9.972828e-01 1.636800e+01
9.779204e-01 -2.086968e-01 -1.083956e-02 3.073848e+01 2.089397e-01 9.774188e-01 3.157096e-02 -4.255169e+00 4.005953e-03 -3.313864e-02 9.994428e-01 1.648207e+01
9.685841e-01 2.440515e-01 4.778613e-02 3.095368e+01 -2.424507e-01 9.694608e-01 -3.692423e-02 -4.285556e+00 -5.533811e-02 2.417841e-02 9.981749e-01 1.659458e+01
9.781561e-01 -2.078690e-01 1.090958e-03 3.118033e+01 2.077168e-01 9.776160e-01 3.347754e-02 -4.315943e+00 -8.025552e-03 -3.251960e-02 9.994389e-01 1.671978e+01
9.655911e-01 2.570683e-01 3.936548e-02 3.141031e+01 -2.552370e-01 9.657773e-01 -4.613363e-02 -4.349627e+00 -4.987770e-02 3.449867e-02 9.981593e-01 1.684259e+01
9.736245e-01 -2.281369e-01 -2.989680e-03 3.163472e+01 2.280069e-01 9.724282e-01 4.895273e-02 -4.379614e+00 -8.260747e-03 -4.834320e-02 9.987966e-01 1.696139e+01
9.611114e-01 2.721053e-01 4.715336e-02 3.185842e+01 -2.689661e-01 9.610468e-01 -6.361073e-02 -4.411091e+00 -6.262532e-02 4.845433e-02 9.968602e-01 1.708127e+01
9.750960e-01 -2.211435e-01 -1.683551e-02 3.208165e+01 2.217444e-01 9.735343e-01 5.532047e-02 -4.443907e+00 4.156119e-03 -5.767590e-02 9.983267e-01 1.720374e+01
9.695848e-01 2.423166e-01 3.446434e-02 3.231185e+01 -2.398900e-01 9.687794e-01 -6.260434e-02 -4.471945e+00 -4.855834e-02 5.243256e-02 9.974432e-01 1.732755e+01
9.759624e-01 -2.179070e-01 -3.753462e-03 3.254899e+01 2.176463e-01 9.736132e-01 6.861026e-02 -4.505091e+00 -1.129630e-02 -6.777792e-02 9.976365e-01 1.745012e+01
9.638686e-01 2.638713e-01 3.645736e-02 3.278408e+01 -2.609285e-01 9.628078e-01 -7.012425e-02 -4.537061e+00 -5.360514e-02 5.807779e-02 9.968718e-01 1.757749e+01
9.815486e-01 -1.907148e-01 1.379833e-02 3.301000e+01 1.890922e-01 9.788485e-01 7.810150e-02 -4.567643e+00 -2.840164e-02 -7.405123e-02 9.968499e-01 1.770304e+01
9.658289e-01 2.574875e-01 2.957415e-02 3.323429e+01 -2.547815e-01 9.641692e-01 -7.391890e-02 -4.596520e+00 -4.754762e-02 6.385806e-02 9.968256e-01 1.782827e+01
9.785694e-01 -2.053597e-01 1.514720e-02 3.346326e+01 2.031376e-01 9.747894e-01 9.230775e-02 -4.625638e+00 -3.372167e-02 -8.725255e-02 9.956153e-01 1.795805e+01
9.742569e-01 2.251355e-01 -1.171698e-02 3.372993e+01 -2.252189e-01 9.696830e-01 -9.482213e-02 -4.660535e+00 -9.986016e-03 9.502000e-02 9.954253e-01 1.810024e+01
9.716368e-01 -2.364506e-01 -3.642206e-03 3.401867e+01 2.359888e-01 9.685184e-01 7.925570e-02 -4.695854e+00 -1.521257e-02 -7.786725e-02 9.968477e-01 1.826039e+01
9.806738e-01 1.942259e-01 -2.356119e-02 3.430269e+01 -1.955820e-01 9.763676e-01 -9.194603e-02 -4.728124e+00 5.146140e-03 9.477720e-02 9.954852e-01 1.841797e+01
9.771797e-01 -2.124055e-01 1.987616e-03 3.460600e+01 2.117177e-01 9.746878e-01 7.182811e-02 -4.767649e+00 -1.719404e-02 -6.976813e-02 9.974151e-01 1.858327e+01
9.793688e-01 1.989330e-01 -3.552927e-02 3.491497e+01 -2.009928e-01 9.771421e-01 -6.924805e-02 -4.805026e+00 2.094148e-02 7.496050e-02 9.969666e-01 1.875307e+01
9.780161e-01 -1.996151e-01 6.031912e-02 3.519165e+01 1.936754e-01 9.767359e-01 9.206927e-02 -4.837892e+00 -7.729432e-02 -7.836287e-02 9.939240e-01 1.890221e+01
9.721974e-01 2.309407e-01 -3.870923e-02 3.543729e+01 -2.335243e-01 9.684045e-01 -8.751623e-02 -4.873932e+00 1.727519e-02 9.412260e-02 9.954107e-01 1.903120e+01
9.751085e-01 -2.163172e-01 4.868730e-02 3.569713e+01 2.106099e-01 9.722676e-01 1.016821e-01 -4.908185e+00 -6.933271e-02 -8.889705e-02 9.936248e-01 1.917004e+01
9.714841e-01 2.313742e-01 -5.181181e-02 3.596387e+01 -2.351571e-01 9.681686e-01 -8.573659e-02 -4.942856e+00 3.032537e-02 9.547565e-02 9.949697e-01 1.931358e+01
9.796414e-01 -1.857126e-01 7.624761e-02 3.622093e+01 1.774565e-01 9.786532e-01 1.036686e-01 -4.982356e+00 -9.387256e-02 -8.802738e-02 9.916850e-01 1.944691e+01
9.708154e-01 2.346930e-01 -4.936151e-02 3.646572e+01 -2.384539e-01 9.665866e-01 -9.407493e-02 -5.017445e+00 2.563348e-02 1.030998e-01 9.943407e-01 1.957372e+01
9.808287e-01 -1.853347e-01 6.021867e-02 3.671619e+01 1.754566e-01 9.743462e-01 1.409412e-01 -5.047696e+00 -8.479515e-02 -1.276734e-01 9.881849e-01 1.970157e+01
9.706516e-01 2.390421e-01 -2.634555e-02 3.696038e+01 -2.404147e-01 9.617785e-01 -1.310835e-01 -5.081774e+00 -5.995864e-03 1.335703e-01 9.910212e-01 1.983562e+01
9.742943e-01 -2.252442e-01 -3.980919e-03 3.725195e+01 2.235340e-01 9.643995e-01 1.413017e-01 -5.113490e+00 -2.798823e-02 -1.385593e-01 9.899586e-01 1.999330e+01
9.757989e-01 1.555754e-01 -1.536638e-01 3.767157e+01 -1.748424e-01 9.771333e-01 -1.209986e-01 -5.156460e+00 1.313257e-01 1.449373e-01 9.806869e-01 2.022753e+01
9.555042e-01 -2.943661e-01 1.898909e-02 3.814085e+01 2.911511e-01 9.514877e-01 9.950990e-02 -5.205384e+00 -4.736027e-02 -8.955340e-02 9.948554e-01 2.047678e+01
9.618591e-01 2.334849e-01 -1.425192e-01 3.856560e+01 -2.514842e-01 9.597682e-01 -1.249029e-01 -5.251804e+00 1.076225e-01 1.559804e-01 9.818796e-01 2.071187e+01
9.354572e-01 -3.515832e-01 3.618296e-02 3.900701e+01 3.428628e-01 9.275516e-01 1.486376e-01 -5.284100e+00 -8.582010e-02 -1.266383e-01 9.882296e-01 2.093807e+01
9.507857e-01 2.688531e-01 -1.540275e-01 3.942688e+01 -2.871336e-01 9.513337e-01 -1.118859e-01 -5.329140e+00 1.164508e-01 1.506060e-01 9.817113e-01 2.117521e+01
9.345500e-01 -3.514593e-01 5.561333e-02 3.984008e+01 3.415965e-01 9.299016e-01 1.363627e-01 -5.369457e+00 -9.964094e-02 -1.084404e-01 9.890968e-01 2.140981e+01
9.424579e-01 2.805592e-01 -1.818227e-01 4.026890e+01 -3.010972e-01 9.486585e-01 -9.688929e-02 -5.417107e+00 1.453046e-01 1.460604e-01 9.785463e-01 2.163762e+01
9.360534e-01 -3.407499e-01 8.771311e-02 4.071061e+01 3.316550e-01 9.377078e-01 1.034848e-01 -5.457262e+00 -1.175118e-01 -6.777678e-02 9.907559e-01 2.185089e+01
9.194852e-01 2.744143e-01 -2.815025e-01 4.113021e+01 -2.985041e-01 9.533131e-01 -4.570966e-02 -5.511081e+00 2.558167e-01 1.260590e-01 9.584711e-01 2.205906e+01
9.093547e-01 -3.469345e-01 2.295877e-01 4.151144e+01 3.341233e-01 9.378501e-01 9.380216e-02 -5.549119e+00 -2.478621e-01 -8.588756e-03 9.687573e-01 2.227256e+01
8.975575e-01 3.184697e-01 -3.049056e-01 4.190095e+01 -3.272245e-01 9.446563e-01 2.342179e-02 -5.580351e+00 2.954902e-01 7.875017e-02 9.520945e-01 2.249501e+01
9.162295e-01 -3.553244e-01 1.851165e-01 4.232603e+01 3.639050e-01 9.313387e-01 -1.346860e-02 -5.644292e+00 -1.676205e-01 7.970523e-02 9.826243e-01 2.270911e+01
9.084707e-01 3.352338e-01 -2.495982e-01 4.273308e+01 -3.153202e-01 9.417271e-01 1.171462e-01 -5.691975e+00 2.743248e-01 -2.772053e-02 9.612374e-01 2.293033e+01
9.034671e-01 -3.774669e-01 2.031403e-01 4.312578e+01 3.976863e-01 9.149548e-01 -6.858020e-02 -5.736488e+00 -1.599775e-01 1.427462e-01 9.767450e-01 2.315670e+01
9.182185e-01 3.153809e-01 -2.396031e-01 4.351429e+01 -2.810082e-01 9.450551e-01 1.670484e-01 -5.777110e+00 2.791221e-01 -8.605659e-02 9.563917e-01 2.337653e+01
9.140255e-01 -3.441694e-01 2.147203e-01 4.388131e+01 3.754681e-01 9.181439e-01 -1.266319e-01 -5.816609e+00 -1.535614e-01 1.963655e-01 9.684315e-01 2.358050e+01
9.214928e-01 3.285963e-01 -2.070641e-01 4.425855e+01 -2.896709e-01 9.365929e-01 1.971912e-01 -5.859093e+00 2.587311e-01 -1.217299e-01 9.582484e-01 2.379207e+01
9.122399e-01 -3.397166e-01 2.289346e-01 4.462558e+01 3.804008e-01 9.098685e-01 -1.656340e-01 -5.904884e+00 -1.520318e-01 2.381849e-01 9.592468e-01 2.398883e+01
9.255826e-01 3.278808e-01 -1.891850e-01 4.497424e+01 -2.855169e-01 9.328244e-01 2.198149e-01 -5.948522e+00 2.485496e-01 -1.494413e-01 9.570216e-01 2.417888e+01
9.126648e-01 -3.369291e-01 2.313478e-01 4.531755e+01 3.794711e-01 9.087978e-01 -1.734597e-01 -5.988524e+00 -1.518048e-01 2.461005e-01 9.572826e-01 2.436283e+01
9.282749e-01 3.065580e-01 -2.105420e-01 4.567473e+01 -2.542268e-01 9.362796e-01 2.423820e-01 -6.032114e+00 2.714304e-01 -1.714718e-01 9.470601e-01 2.455140e+01
9.235933e-01 -3.189571e-01 2.127011e-01 4.603338e+01 3.629207e-01 9.062077e-01 -2.169704e-01 -6.075942e+00 -1.235472e-01 2.775861e-01 9.527235e-01 2.474126e+01
9.381082e-01 2.942630e-01 -1.826534e-01 4.638423e+01 -2.399444e-01 9.325000e-01 2.699450e-01 -6.114468e+00 2.497592e-01 -2.094111e-01 9.453927e-01 2.492970e+01
9.441822e-01 -2.505405e-01 2.138913e-01 4.673271e+01 3.006587e-01 9.207341e-01 -2.487028e-01 -6.157370e+00 -1.346269e-01 2.991292e-01 9.446679e-01 2.513411e+01
9.411019e-01 2.561152e-01 -2.207536e-01 4.712828e+01 -1.640148e-01 9.167102e-01 3.643370e-01 -6.188732e+00 2.956794e-01 -3.066715e-01 9.047244e-01 2.535012e+01
9.486763e-01 -2.341520e-01 2.125704e-01 4.752027e+01 2.952857e-01 8.964927e-01 -3.303139e-01 -6.227521e+00 -1.132242e-01 3.761301e-01 9.196231e-01 2.556483e+01
9.633840e-01 2.228594e-01 -1.490804e-01 4.788281e+01 -1.549378e-01 9.164941e-01 3.688260e-01 -6.265813e+00 2.188277e-01 -3.322230e-01 9.174651e-01 2.576238e+01
9.621775e-01 -1.922835e-01 1.929805e-01 4.820877e+01 2.521800e-01 8.966321e-01 -3.639452e-01 -6.306300e+00 -1.030518e-01 3.988458e-01 9.112093e-01 2.593526e+01
9.706679e-01 1.873052e-01 -1.507333e-01 4.853766e+01 -1.154654e-01 9.130883e-01 3.910721e-01 -6.345478e+00 2.108826e-01 -3.621968e-01 9.079328e-01 2.611407e+01
9.681372e-01 -1.718464e-01 1.821517e-01 4.888918e+01 2.311953e-01 8.928601e-01 -3.864578e-01 -6.388205e+00 -9.622459e-02 4.162569e-01 9.041411e-01 2.630442e+01
9.757240e-01 1.753586e-01 -1.311946e-01 4.923843e+01 -1.079493e-01 9.063202e-01 4.085713e-01 -6.427724e+00 1.905508e-01 -3.844905e-01 9.032482e-01 2.649575e+01
9.741185e-01 -1.636879e-01 1.558829e-01 4.958613e+01 2.147159e-01 8.856096e-01 -4.118163e-01 -6.470227e+00 -7.064197e-02 4.346285e-01 8.978351e-01 2.668300e+01
9.823893e-01 1.477163e-01 -1.144163e-01 4.996114e+01 -8.440069e-02 8.971504e-01 4.335868e-01 -6.507492e+00 1.666965e-01 -4.162944e-01 8.938183e-01 2.688852e+01
9.861984e-01 -1.464995e-01 7.714054e-02 5.038260e+01 1.654727e-01 8.879260e-01 -4.291925e-01 -6.561647e+00 -5.618560e-03 4.360337e-01 8.999129e-01 2.710677e+01
9.870599e-01 6.553688e-02 -1.463475e-01 5.080471e+01 6.839114e-03 8.946289e-01 4.467575e-01 -6.624864e+00 1.602058e-01 -4.419774e-01 8.826041e-01 2.728584e+01
9.926054e-01 -6.093617e-02 1.049827e-01 5.120113e+01 1.027535e-01 8.822471e-01 -4.594364e-01 -6.670279e+00 -6.462434e-02 4.668265e-01 8.819846e-01 2.749424e+01
9.840087e-01 1.315748e-02 -1.776339e-01 5.155320e+01 7.283724e-02 8.803531e-01 4.686930e-01 -6.724646e+00 1.625473e-01 -4.741364e-01 8.653167e-01 2.766209e+01
9.948652e-01 -9.980896e-03 1.007160e-01 5.183078e+01 5.938300e-02 8.633969e-01 -5.010185e-01 -6.779292e+00 -8.195717e-02 5.044267e-01 8.595562e-01 2.779268e+01
9.973801e-01 3.637182e-02 -6.252948e-02 5.208185e+01 -5.438892e-04 8.681477e-01 4.963054e-01 -6.815420e+00 7.233633e-02 -4.949713e-01 8.658931e-01 2.791482e+01
9.961954e-01 7.599359e-03 8.681564e-02 5.233771e+01 3.754122e-02 8.615995e-01 -5.061985e-01 -6.851438e+00 -7.864703e-02 5.075319e-01 8.580362e-01 2.804951e+01
9.965127e-01 -1.144114e-02 -8.265338e-02 5.264226e+01 5.039784e-02 8.719913e-01 4.869200e-01 -6.892192e+00 6.650208e-02 -4.893876e-01 8.695270e-01 2.820549e+01
9.973529e-01 2.646698e-02 6.772512e-02 5.294317e+01 1.191471e-02 8.593279e-01 -5.112864e-01 -6.936817e+00 -7.173022e-02 5.107399e-01 8.567378e-01 2.835807e+01
9.943552e-01 -4.025107e-02 -9.817107e-02 5.326321e+01 8.418301e-02 8.624738e-01 4.990512e-01 -6.979488e+00 6.458259e-02 -5.044986e-01 8.609938e-01 2.852111e+01
9.996526e-01 -1.101445e-02 2.394507e-02 5.361616e+01 2.201403e-02 8.485032e-01 -5.287322e-01 -7.026705e+00 -1.449370e-02 5.290757e-01 8.484509e-01 2.870107e+01
9.989288e-01 -3.227292e-02 -3.316125e-02 5.397153e+01 4.493603e-02 8.475944e-01 5.287384e-01 -7.057277e+00 1.104332e-02 -5.296623e-01 8.481367e-01 2.889221e+01
9.999092e-01 1.906564e-03 -1.334207e-02 5.430756e+01 -8.876276e-03 8.380855e-01 -5.454667e-01 -7.099038e+00 1.014191e-02 5.455357e-01 8.380263e-01 2.907577e+01
9.992904e-01 -3.764848e-02 -1.143414e-03 5.462356e+01 3.238344e-02 8.432492e-01 5.365464e-01 -7.136071e+00 -1.923602e-02 -5.362028e-01 8.438700e-01 2.925257e+01
9.988561e-01 1.383275e-02 -4.577333e-02 5.495236e+01 -3.622365e-02 8.437726e-01 -5.354771e-01 -7.175279e+00 3.121523e-02 5.365227e-01 8.433084e-01 2.944140e+01
9.977241e-01 -6.732187e-02 -3.772448e-03 5.524259e+01 5.917869e-02 8.474819e-01 5.275151e-01 -7.209921e+00 -3.231626e-02 -5.265379e-01 8.495372e-01 2.960555e+01
9.962373e-01 8.222113e-02 -2.740539e-02 5.550925e+01 -8.446648e-02 8.502902e-01 -5.194921e-01 -7.239437e+00 -1.941062e-02 5.198523e-01 8.540357e-01 2.975832e+01
9.983767e-01 -5.601849e-02 1.028633e-02 5.576930e+01 4.206758e-02 8.470373e-01 5.298661e-01 -7.267839e+00 -3.839524e-02 -5.285733e-01 8.480189e-01 2.993797e+01
9.973503e-01 6.720158e-02 -2.786469e-02 5.604078e+01 -7.199514e-02 8.567245e-01 -5.107248e-01 -7.297264e+00 -1.044908e-02 5.113777e-01 8.592926e-01 3.009218e+01
9.981608e-01 -6.061207e-02 1.108825e-03 5.629921e+01 5.150185e-02 8.574995e-01 5.119004e-01 -7.328610e+00 -3.197820e-02 -5.109019e-01 8.590440e-01 3.023774e+01
9.976894e-01 4.295027e-02 -5.264189e-02 5.660209e+01 -6.358393e-02 8.632604e-01 -5.007380e-01 -7.360107e+00 2.393690e-02 5.029283e-01 8.639967e-01 3.040300e+01
9.922578e-01 -1.153279e-01 -4.608587e-02 5.696301e+01 1.229359e-01 8.593655e-01 4.963644e-01 -7.397110e+00 -1.764011e-02 -4.981872e-01 8.668900e-01 3.060715e+01
9.939623e-01 1.010481e-01 -4.275896e-02 5.727648e+01 -1.088025e-01 8.573437e-01 -5.031141e-01 -7.432523e+00 -1.417952e-02 5.047288e-01 8.631616e-01 3.078435e+01
9.970989e-01 -7.376121e-02 1.878586e-02 5.752836e+01 5.375518e-02 8.571313e-01 5.122853e-01 -7.469992e+00 -5.388878e-02 -5.097894e-01 8.586098e-01 3.091257e+01
9.965480e-01 7.128465e-02 -4.255127e-02 5.780110e+01 -8.300143e-02 8.659644e-01 -4.931698e-01 -7.500409e+00 1.692521e-03 4.949993e-01 8.688918e-01 3.106251e+01
9.947489e-01 -1.015788e-01 -1.249915e-02 5.810191e+01 9.481828e-02 8.687267e-01 4.861310e-01 -7.536512e+00 -3.852232e-02 -4.847635e-01 8.737965e-01 3.123548e+01
9.948696e-01 7.948997e-02 -6.257642e-02 5.841527e+01 -9.975992e-02 8.736006e-01 -4.763087e-01 -7.570012e+00 1.680511e-02 4.801077e-01 8.770486e-01 3.141659e+01
9.954610e-01 -9.514142e-02 -2.322634e-03 5.869668e+01 8.460193e-02 8.734832e-01 4.794471e-01 -7.602286e+00 -4.358654e-02 -4.774675e-01 8.775677e-01 3.157702e+01
9.922799e-01 1.240034e-01 -1.972411e-03 5.893722e+01 -1.096921e-01 8.701183e-01 -4.804807e-01 -7.637897e+00 -5.786494e-02 4.769878e-01 8.770031e-01 3.169955e+01
9.966484e-01 -7.961284e-02 -1.880745e-02 5.918111e+01 7.848576e-02 8.657876e-01 4.942183e-01 -7.672261e+00 -2.306291e-02 -4.940381e-01 8.691343e-01 3.181971e+01
9.914088e-01 1.289566e-01 2.188426e-02 5.941779e+01 -1.019532e-01 8.666808e-01 -4.883339e-01 -7.704917e+00 -8.194048e-02 4.819074e-01 8.723824e-01 3.194173e+01
9.905970e-01 -1.052086e-01 -8.745638e-02 5.969616e+01 1.351259e-01 8.524276e-01 5.050821e-01 -7.735785e+00 2.141120e-02 -5.121506e-01 8.586287e-01 3.209300e+01
9.937289e-01 1.109182e-01 -1.414769e-02 6.001998e+01 -1.027827e-01 8.562785e-01 -5.061846e-01 -7.758397e+00 -4.403066e-02 5.044645e-01 8.623091e-01 3.228943e+01
9.827427e-01 -1.325567e-01 -1.290172e-01 6.037091e+01 1.794726e-01 8.521744e-01 4.915163e-01 -7.791088e+00 4.479132e-02 -5.061892e-01 8.612585e-01 3.249775e+01
7.992647e-01 -5.694289e-02 -5.982755e-01 6.065985e+01 -3.676043e-01 7.412271e-01 -5.616490e-01 -7.913689e+00 4.754399e-01 6.688348e-01 5.715041e-01 3.271948e+01
7.197783e-01 -6.665100e-01 1.941226e-01 6.146395e+01 5.645563e-01 7.247284e-01 3.950251e-01 -8.103689e+00 -4.039743e-01 -1.747373e-01 8.979263e-01 3.333054e+01
7.827628e-01 4.614093e-01 -4.175933e-01 6.207809e+01 -5.725982e-01 7.968232e-01 -1.928836e-01 -8.169513e+00 2.437497e-01 3.900952e-01 8.879256e-01 3.363699e+01
7.662571e-01 -5.344756e-01 -3.566312e-01 6.242062e+01 4.564547e-01 8.434380e-01 -2.833046e-01 -8.291200e+00 4.522157e-01 5.429817e-02 8.902542e-01 3.381622e+01
9.327003e-01 3.603516e-01 -1.473049e-02 6.302921e+01 -3.337595e-01 8.779072e-01 3.433418e-01 -8.420679e+00 1.366557e-01 -3.153186e-01 9.390950e-01 3.431037e+01
9.228679e-01 -3.265244e-01 -2.041977e-01 6.324671e+01 2.123119e-01 8.737364e-01 -4.376167e-01 -8.512154e+00 3.213075e-01 3.605088e-01 8.756682e-01 3.462464e+01
9.198969e-01 2.342873e-01 3.144824e-01 6.354258e+01 -3.452154e-01 8.642420e-01 3.659400e-01 -8.538442e+00 -1.860539e-01 -4.451913e-01 8.758932e-01 3.480882e+01
9.453292e-01 -2.881770e-01 -1.526649e-01 6.379104e+01 2.004143e-01 8.826591e-01 -4.251434e-01 -8.561844e+00 2.572677e-01 3.713043e-01 8.921583e-01 3.495690e+01
9.500495e-01 2.383191e-01 2.015194e-01 6.412799e+01 -2.991757e-01 8.793009e-01 3.705723e-01 -8.591863e+00 -8.888176e-02 -4.123518e-01 9.066787e-01 3.515255e+01
9.294258e-01 -3.491913e-01 -1.193025e-01 6.447270e+01 2.631364e-01 8.538303e-01 -4.491469e-01 -8.623276e+00 2.587024e-01 3.860559e-01 8.854568e-01 3.537673e+01
9.463886e-01 2.320312e-01 2.247445e-01 6.477405e+01 -3.070364e-01 8.623379e-01 4.026190e-01 -8.639172e+00 -1.003856e-01 -4.500388e-01 8.873488e-01 3.557176e+01
9.089356e-01 -3.748786e-01 -1.824884e-01 6.511201e+01 2.513676e-01 8.419105e-01 -4.774945e-01 -8.669263e+00 3.326414e-01 3.881401e-01 8.594748e-01 3.578544e+01
9.447201e-01 2.072102e-01 2.541021e-01 6.547576e+01 -3.012553e-01 8.544614e-01 4.232504e-01 -8.692799e+00 -1.294187e-01 -4.764028e-01 8.696501e-01 3.600858e+01
9.237964e-01 -3.185886e-01 -2.123712e-01 6.585631e+01 1.905403e-01 8.636271e-01 -4.667360e-01 -8.715882e+00 3.321064e-01 3.907038e-01 8.585195e-01 3.624322e+01
9.588263e-01 1.524674e-01 2.395953e-01 6.624509e+01 -2.429273e-01 8.773232e-01 4.138723e-01 -8.749244e+00 -1.471005e-01 -4.550359e-01 8.782391e-01 3.647386e+01
9.539900e-01 -2.375168e-01 -1.829994e-01 6.658518e+01 1.270300e-01 8.730091e-01 -4.708699e-01 -8.784309e+00 2.715998e-01 4.259589e-01 8.630136e-01 3.668272e+01
9.728898e-01 1.118772e-01 2.024076e-01 6.692150e+01 -1.930896e-01 8.746387e-01 4.446611e-01 -8.812705e+00 -1.272861e-01 -4.716891e-01 8.725296e-01 3.687574e+01
9.370557e-01 -2.647300e-01 -2.276941e-01 6.734456e+01 1.218092e-01 8.589473e-01 -4.973650e-01 -8.850496e+00 3.272448e-01 4.383236e-01 8.371280e-01 3.711519e+01
9.714211e-01 7.505618e-02 2.251835e-01 6.775452e+01 -1.745036e-01 8.689189e-01 4.631722e-01 -8.885391e+00 -1.609023e-01 -4.892306e-01 8.571838e-01 3.735234e+01
9.368787e-01 -2.391075e-01 -2.551195e-01 6.815609e+01 8.510401e-02 8.636276e-01 -4.968951e-01 -8.915874e+00 3.391396e-01 4.438187e-01 8.294632e-01 3.759152e+01
9.682834e-01 3.192717e-02 2.478061e-01 6.854990e+01 -1.479302e-01 8.725395e-01 4.656087e-01 -8.949210e+00 -2.013550e-01 -4.874993e-01 8.495886e-01 3.782034e+01
9.112466e-01 -1.705314e-01 -3.748982e-01 6.908346e+01 -2.989074e-02 8.804708e-01 -4.731572e-01 -8.978185e+00 4.107751e-01 4.423689e-01 7.972286e-01 3.815783e+01
9.640389e-01 -8.998332e-02 2.500640e-01 6.957551e+01 -1.168634e-02 9.256716e-01 3.781475e-01 -9.026647e+00 -2.655041e-01 -3.674713e-01 8.913319e-01 3.847078e+01
9.428650e-01 -4.553470e-02 -3.300489e-01 6.998185e+01 -8.367028e-02 9.265101e-01 -3.668491e-01 -9.059434e+00 3.224980e-01 3.735045e-01 8.697639e-01 3.871653e+01
9.598979e-01 -1.350338e-01 2.456865e-01 7.037313e+01 3.750828e-02 9.303361e-01 3.647848e-01 -9.091786e+00 -2.778293e-01 -3.409409e-01 8.980926e-01 3.895185e+01
9.244478e-01 1.456472e-02 -3.810304e-01 7.075394e+01 -1.393526e-01 9.430529e-01 -3.020466e-01 -9.119073e+00 3.549326e-01 3.323239e-01 8.738327e-01 3.918694e+01
9.495296e-01 -1.936578e-01 2.467595e-01 7.113632e+01 1.058920e-01 9.383829e-01 3.289747e-01 -9.150186e+00 -2.952634e-01 -2.862414e-01 9.115292e-01 3.941489e+01
9.172498e-01 5.595991e-02 -3.943618e-01 7.153390e+01 -1.723295e-01 9.483745e-01 -2.662486e-01 -9.186159e+00 3.591034e-01 3.121767e-01 8.795398e-01 3.964699e+01
9.417355e-01 -2.358024e-01 2.398573e-01 7.193330e+01 1.559762e-01 9.379542e-01 3.096990e-01 -9.218132e+00 -2.980029e-01 -2.542425e-01 9.200843e-01 3.988355e+01
9.067006e-01 1.043373e-01 -4.086658e-01 7.232947e+01 -2.102766e-01 9.517408e-01 -2.235468e-01 -9.253874e+00 3.656196e-01 2.886229e-01 8.848836e-01 4.011243e+01
9.315797e-01 -2.681625e-01 2.454551e-01 7.272018e+01 1.982585e-01 9.407011e-01 2.752727e-01 -9.293856e+00 -3.047176e-01 -2.077749e-01 9.295036e-01 4.034398e+01
8.932753e-01 1.184444e-01 -4.336243e-01 7.311972e+01 -2.106803e-01 9.624632e-01 -1.711093e-01 -9.327195e+00 3.970805e-01 2.442038e-01 8.846985e-01 4.056842e+01
9.168289e-01 -2.811775e-01 2.834856e-01 7.351255e+01 2.209141e-01 9.486395e-01 2.264509e-01 -9.362825e+00 -3.325984e-01 -1.449909e-01 9.318562e-01 4.079633e+01
8.815840e-01 1.610819e-01 -4.436917e-01 7.390016e+01 -2.264517e-01 9.690672e-01 -9.812458e-02 -9.397739e+00 4.141608e-01 1.869799e-01 8.907913e-01 4.101974e+01
9.014751e-01 -2.942458e-01 3.174304e-01 7.428995e+01 2.529657e-01 9.532606e-01 1.652348e-01 -9.431759e+00 -3.512135e-01 -6.865609e-02 9.337749e-01 4.124755e+01
8.674284e-01 2.074209e-01 -4.522660e-01 7.468445e+01 -2.484879e-01 9.680862e-01 -3.260065e-02 -9.462198e+00 4.310703e-01 1.406614e-01 8.912871e-01 4.148343e+01
9.554576e-01 -2.081824e-01 2.091911e-01 7.511360e+01 1.975602e-01 9.777387e-01 7.068931e-02 -9.478053e+00 -2.192504e-01 -2.621286e-02 9.753165e-01 4.170223e+01
8.483958e-01 2.876071e-01 -4.444172e-01 7.547787e+01 -2.999191e-01 9.529422e-01 4.415395e-02 -9.528926e+00 4.362029e-01 9.582924e-02 8.947311e-01 4.194368e+01
8.735375e-01 -2.673368e-01 4.067721e-01 7.575803e+01 2.519462e-01 9.633508e-01 9.207761e-02 -9.554585e+00 -4.164799e-01 2.205141e-02 9.088775e-01 4.211582e+01
8.588490e-01 2.727364e-01 -4.335817e-01 7.602475e+01 -2.908659e-01 9.564248e-01 2.546684e-02 -9.584175e+00 4.216340e-01 1.042420e-01 9.007543e-01 4.226952e+01
8.580887e-01 -2.832154e-01 4.283376e-01 7.628970e+01 2.640762e-01 9.587785e-01 1.049172e-01 -9.612484e+00 -4.403949e-01 2.308551e-02 8.975073e-01 4.242085e+01
8.384144e-01 2.871960e-01 -4.632275e-01 7.657867e+01 -2.998070e-01 9.527873e-01 4.808486e-02 -9.642876e+00 4.551670e-01 9.856383e-02 8.849339e-01 4.258408e+01
8.415973e-01 -3.134256e-01 4.398620e-01 7.685484e+01 3.001466e-01 9.484711e-01 1.015603e-01 -9.673241e+00 -4.490279e-01 4.655016e-02 8.923043e-01 4.273832e+01
