9.973550e-01 -5.502598e-02 -4.748926e-02 3.646691e-01 5.433471e-02 9.983989e-01 -1.572758e-02 -3.658324e-02 4.827866e-02 1.310566e-02 9.987480e-01 2.031972e-01
9.996805e-01 -2.405535e-02 -7.759820e-03 7.833130e-01 2.405391e-02 9.997106e-01 -2.791423e-04 -7.908973e-02 7.764278e-03 9.239714e-05 9.999698e-01 4.341542e-01
9.973057e-01 -4.220973e-02 -5.999757e-02 1.199887e+00 4.207884e-02 9.991084e-01 -3.444013e-03 -1.190756e-01 6.008947e-02 9.101074e-04 9.981927e-01 6.657390e-01
9.992028e-01 -3.991734e-02 6.140241e-04 1.613731e+00 3.992153e-02 9.991506e-01 -1.021429e-02 -1.630191e-01 -2.057984e-04 1.023066e-02 9.999475e-01 8.940894e-01
9.968137e-01 -4.150459e-02 -6.811652e-02 2.026449e+00 4.129929e-02 9.991370e-01 -4.419969e-03 -2.072763e-01 6.824122e-02 1.592723e-03 9.976677e-01 1.118081e+00
9.985390e-01 -4.811447e-02 2.459256e-02 2.433207e+00 4.871837e-02 9.985101e-01 -2.457677e-02 -2.548277e-01 -2.337346e-02 2.573897e-02 9.993953e-01 1.334662e+00
9.921327e-01 -2.438522e-02 -1.227928e-01 2.853636e+00 2.973308e-02 9.986789e-01 4.190925e-02 -2.994436e-01 1.216086e-01 -4.523054e-02 9.915471e-01 1.567722e+00
9.959855e-01 -5.467332e-02 7.087771e-02 3.237268e+00 5.961707e-02 9.957905e-01 -6.962087e-02 -3.470585e-01 -6.677300e-02 7.356690e-02 9.950523e-01 1.774888e+00
9.936069e-01 -2.838367e-02 -1.092691e-01 3.621881e+00 3.492852e-02 9.976788e-01 5.845601e-02 -3.918337e-01 1.073563e-01 -6.189890e-02 9.922920e-01 1.980026e+00
9.978483e-01 -3.774070e-02 5.361395e-02 4.012701e+00 4.203055e-02 9.958047e-01 -8.128016e-02 -4.393119e-01 -5.032151e-02 8.335869e-02 9.952482e-01 2.185574e+00
9.933274e-01 -4.456389e-02 -1.063709e-01 4.413555e+00 5.097545e-02 9.969946e-01 5.833683e-02 -4.893221e-01 1.034516e-01 -6.336987e-02 9.926138e-01 2.396531e+00
9.974414e-01 -4.255173e-02 5.744599e-02 4.820168e+00 4.792525e-02 9.942599e-01 -9.565757e-02 -5.418283e-01 -5.304592e-02 9.816594e-02 9.937552e-01 2.609098e+00
9.956315e-01 -5.467472e-04 -9.336874e-02 5.223076e+00 8.051561e-03 9.967607e-01 8.002045e-02 -5.883685e-01 9.302260e-02 -8.042265e-02 9.924108e-01 2.832943e+00
9.960557e-01 -7.826481e-02 4.180464e-02 5.615425e+00 8.266179e-02 9.897328e-01 -1.166018e-01 -6.396297e-01 -3.224968e-02 1.195975e-01 9.922985e-01 3.035224e+00
9.949617e-01 -1.037057e-02 -9.971787e-02 6.018456e+00 1.961407e-02 9.955502e-01 9.216832e-02 -6.914004e-01 9.831838e-02 -9.365983e-02 9.907379e-01 3.245765e+00
9.959805e-01 -6.584661e-02 6.072010e-02 6.433907e+00 7.257947e-02 9.905564e-01 -1.163198e-01 -7.398617e-01 -5.248750e-02 1.202593e-01 9.913539e-01 3.469021e+00
9.950740e-01 4.065617e-03 -9.905124e-02 6.817721e+00 5.097850e-03 9.957382e-01 9.208392e-02 -7.865549e-01 9.900356e-02 -9.213527e-02 9.908126e-01 3.681044e+00
9.963418e-01 -3.062888e-02 7.978028e-02 7.193644e+00 4.060419e-02 9.911250e-01 -1.265801e-01 -8.297102e-01 -7.519530e-02 1.293565e-01 9.887428e-01 3.895318e+00
9.913333e-01 -2.676945e-02 -1.286149e-01 7.556583e+00 4.604135e-02 9.877202e-01 1.492953e-01 -8.544203e-01 1.230390e-01 -1.539230e-01 9.803924e-01 4.105786e+00
9.976035e-01 -4.358067e-02 5.373882e-02 7.943725e+00 5.283075e-02 9.813341e-01 -1.849117e-01 -9.019299e-01 -4.467724e-02 1.873077e-01 9.812847e-01 4.311529e+00
9.973686e-01 -1.462813e-02 -7.100648e-02 8.324738e+00 2.580773e-02 9.869114e-01 1.591847e-01 -9.534511e-01 6.774862e-02 -1.605984e-01 9.846920e-01 4.512296e+00
9.980740e-01 -2.921970e-02 5.472124e-02 8.650837e+00 3.908498e-02 9.812106e-01 -1.889396e-01 -9.941932e-01 -4.817240e-02 1.907145e-01 9.804628e-01 4.683394e+00
9.989209e-01 2.911025e-03 -4.635348e-02 8.975302e+00 4.686284e-03 9.866232e-01 1.629502e-01 -1.036960e+00 4.620785e-02 -1.629916e-01 9.855449e-01 4.858821e+00
9.991029e-01 -2.486195e-02 -3.428050e-02 9.483011e+00 2.041343e-02 9.920087e-01 -1.245071e-01 -1.066275e+00 3.710195e-02 1.236956e-01 9.916263e-01 5.164463e+00
9.915723e-01 5.328236e-02 -1.180908e-01 9.949369e+00 -4.285476e-02 9.950961e-01 8.914728e-02 -1.155855e+00 1.222618e-01 -8.333522e-02 9.889931e-01 5.413424e+00
9.975995e-01 -3.793732e-02 5.793019e-02 1.037665e+01 4.001843e-02 9.985789e-01 -3.519653e-02 -1.180273e+00 -5.651269e-02 3.743033e-02 9.976999e-01 5.665485e+00
9.688314e-01 4.183970e-02 -2.441625e-01 1.094674e+01 -1.550208e-02 9.939417e-01 1.088100e-01 -1.220016e+00 2.472359e-01 -1.016336e-01 9.636105e-01 6.055277e+00
9.909601e-01 1.140507e-01 7.064273e-02 1.151169e+01 -1.080562e-01 9.906276e-01 -8.355176e-02 -1.285739e+00 -7.950987e-02 7.516308e-02 9.939963e-01 6.422432e+00
9.820213e-01 -1.388589e-01 -1.278772e-01 1.206885e+01 1.494313e-01 9.857592e-01 7.713094e-02 -1.336385e+00 1.153459e-01 -9.485308e-02 9.887863e-01 6.752133e+00
9.938889e-01 1.045948e-01 3.527865e-02 1.252869e+01 -1.010997e-01 9.908471e-01 -8.944707e-02 -1.391050e+00 -4.431155e-02 8.533380e-02 9.953665e-01 7.012746e+00
9.858037e-01 -1.410441e-01 -9.109253e-02 1.292235e+01 1.472464e-01 9.869376e-01 6.536567e-02 -1.433528e+00 8.068329e-02 -7.785078e-02 9.936949e-01 7.226091e+00
9.971751e-01 7.435499e-02 1.063417e-02 1.331939e+01 -7.284776e-02 9.918762e-01 -1.042822e-01 -1.490242e+00 -1.830177e-02 1.032129e-01 9.944909e-01 7.424181e+00
9.874793e-01 -1.524024e-01 -4.072260e-02 1.370566e+01 1.548245e-01 9.858002e-01 6.501755e-02 -1.536166e+00 3.023561e-02 -7.050835e-02 9.970529e-01 7.632813e+00
9.959843e-01 8.941823e-02 4.408820e-03 1.411079e+01 -8.859540e-02 9.915116e-01 -9.516120e-02 -1.584472e+00 -1.288063e-02 9.438848e-02 9.954521e-01 7.850754e+00
9.880086e-01 -1.498898e-01 -3.704320e-02 1.448833e+01 1.519502e-01 9.865002e-01 6.106055e-02 -1.629340e+00 2.739086e-02 -6.595710e-02 9.974465e-01 8.058942e+00
9.953280e-01 9.627340e-02 -7.310560e-03 1.487281e+01 -9.654497e-02 9.916009e-01 -8.606279e-02 -1.672748e+00 -1.036483e-03 8.636653e-02 9.962629e-01 8.264325e+00
9.834695e-01 -1.799607e-01 -2.005073e-02 1.525368e+01 1.808476e-01 9.817368e-01 5.905141e-02 -1.722970e+00 9.057688e-03 -6.170141e-02 9.980536e-01 8.460291e+00
9.905501e-01 1.340680e-01 -2.891489e-02 1.560310e+01 -1.356899e-01 9.886612e-01 -6.432146e-02 -1.757392e+00 1.996350e-02 6.763711e-02 9.975102e-01 8.660959e+00
9.884513e-01 -1.503942e-01 1.859358e-02 1.593404e+01 1.494260e-01 9.877222e-01 4.557072e-02 -1.793390e+00 -2.521878e-02 -4.226610e-02 9.987881e-01 8.852130e+00
9.870206e-01 1.454229e-01 -6.813429e-02 1.628270e+01 -1.475383e-01 9.886852e-01 -2.709246e-02 -1.824830e+00 6.342343e-02 3.679326e-02 9.973082e-01 9.054555e+00
9.875933e-01 -1.567664e-01 9.156614e-03 1.666054e+01 1.566052e-01 9.875276e-01 1.625132e-02 -1.856097e+00 -1.159000e-02 -1.461574e-02 9.998260e-01 9.281059e+00
9.874510e-01 1.373861e-01 -7.788039e-02 1.701348e+01 -1.396055e-01 9.899216e-01 -2.378208e-02 -1.884729e+00 7.382808e-02 3.435619e-02 9.966790e-01 9.489065e+00
9.949961e-01 -9.713871e-02 2.338846e-02 1.734652e+01 9.697026e-02 9.952532e-01 8.232892e-03 -1.912619e+00 -2.407710e-02 -5.923730e-03 9.996926e-01 9.695069e+00
9.909172e-01 9.913278e-02 -9.086039e-02 1.767601e+01 -1.004015e-01 9.949017e-01 -9.489993e-03 -1.945695e+00 8.945632e-02 1.852633e-02 9.958184e-01 9.885907e+00
9.956446e-01 -9.319092e-02 -2.748160e-03 1.800567e+01 9.321929e-02 9.955576e-01 1.323701e-02 -1.986130e+00 1.502440e-03 -1.343555e-02 9.999086e-01 1.007266e+01
9.951619e-01 8.144338e-02 -5.495180e-02 1.831238e+01 -8.294142e-02 9.962268e-01 -2.555166e-02 -2.028179e+00 5.266339e-02 2.998584e-02 9.981620e-01 1.024705e+01
9.950864e-01 -9.083649e-02 3.939378e-02 1.861642e+01 8.999955e-02 9.956871e-01 2.252508e-02 -2.061466e+00 -4.126992e-02 -1.886899e-02 9.989699e-01 1.042911e+01
9.882397e-01 8.401171e-02 -1.277661e-01 1.897464e+01 -8.311492e-02 9.964635e-01 1.234358e-02 -2.094719e+00 1.283512e-01 -1.579138e-03 9.917275e-01 1.063566e+01
9.947079e-01 -8.241423e-02 6.135343e-02 1.934355e+01 8.208402e-02 9.965942e-01 7.886896e-03 -2.122716e+00 -6.179443e-02 -2.809031e-03 9.980849e-01 1.084947e+01
9.853313e-01 1.360266e-02 -1.701090e-01 1.973816e+01 -1.041462e-02 9.997533e-01 1.961917e-02 -2.156994e+00 1.703339e-01 -1.755975e-02 9.852299e-01 1.107195e+01
9.944558e-01 -4.199900e-02 9.640489e-02 2.016438e+01 4.351811e-02 9.989586e-01 -1.370919e-02 -2.208976e+00 -9.572870e-02 1.782854e-02 9.952478e-01 1.131946e+01
9.754382e-01 -2.915875e-02 -2.183343e-01 2.062338e+01 2.967959e-02 9.995591e-01 -8.947029e-04 -2.251800e+00 2.182641e-01 -5.607334e-03 9.758736e-01 1.157936e+01
9.932872e-01 -1.226161e-02 1.150231e-01 2.105893e+01 2.023681e-02 9.974509e-01 -6.842693e-02 -2.297796e+00 -1.138909e-01 7.029530e-02 9.910032e-01 1.183028e+01
9.858259e-01 -4.856690e-03 -1.677006e-01 2.143016e+01 1.161472e-02 9.991583e-01 3.934048e-02 -2.339428e+00 1.673684e-01 -4.073065e-02 9.850527e-01 1.203877e+01
9.878272e-01 -1.632873e-02 1.546967e-01 2.177639e+01 2.756345e-02 9.971124e-01 -7.076053e-02 -2.380500e+00 -1.530945e-01 7.416315e-02 9.854247e-01 1.222642e+01
9.847789e-01 -3.030456e-02 -1.711491e-01 2.212244e+01 3.967877e-02 9.978783e-01 5.161864e-02 -2.423009e+00 1.692217e-01 -5.762393e-02 9.838920e-01 1.240261e+01
9.869207e-01 6.685452e-04 1.612058e-01 2.241124e+01 1.277652e-02 9.965214e-01 -8.235255e-02 -2.463550e+00 -1.607000e-01 8.333508e-02 9.834789e-01 1.254580e+01
9.873791e-01 7.083058e-03 -1.582155e-01 2.268564e+01 1.783929e-03 9.984386e-01 5.583106e-02 -2.502757e+00 1.583639e-01 -5.540866e-02 9.858249e-01 1.269321e+01
9.869185e-01 -2.675027e-03 1.611980e-01 2.298129e+01 1.642332e-02 9.963290e-01 -8.401683e-02 -2.540724e+00 -1.603815e-01 8.556518e-02 9.833394e-01 1.285275e+01
9.906564e-01 1.447642e-02 -1.356106e-01 2.325007e+01 -3.370549e-03 9.966456e-01 8.176894e-02 -2.574053e+00 1.363394e-01 -8.054784e-02 9.873822e-01 1.299255e+01
9.901174e-01 4.529128e-03 1.401684e-01 2.353376e+01 7.200035e-03 9.965186e-01 -8.305951e-02 -2.606904e+00 -1.400566e-01 8.324788e-02 9.866377e-01 1.314088e+01
9.812915e-01 -3.688891e-02 -1.889604e-01 2.388580e+01 5.435245e-02 9.946289e-01 8.808587e-02 -2.646994e+00 1.846961e-01 -9.670838e-02 9.780260e-01 1.332261e+01
9.890377e-01 5.896496e-03 1.475458e-01 2.426096e+01 8.848478e-03 9.950402e-01 -9.907980e-02 -2.686984e+00 -1.473982e-01 9.929922e-02 9.840800e-01 1.354574e+01
9.806358e-01 -7.846244e-02 -1.794348e-01 2.463704e+01 9.610309e-02 9.911272e-01 9.182050e-02 -2.724899e+00 1.706383e-01 -1.072867e-01 9.794754e-01 1.376948e+01
9.882034e-01 4.712937e-02 1.457154e-01 2.500753e+01 -3.076518e-02 9.931659e-01 -1.125834e-01 -2.763982e+00 -1.500255e-01 1.067723e-01 9.828998e-01 1.398898e+01
9.820412e-01 -7.383279e-02 -1.736192e-01 2.538175e+01 8.963750e-02 9.923393e-01 8.501624e-02 -2.809730e+00 1.660122e-01 -9.905224e-02 9.811364e-01 1.419682e+01
9.951903e-01 2.789962e-02 9.390421e-02 2.578501e+01 -1.813615e-02 9.944885e-01 -1.032650e-01 -2.854621e+00 -9.626773e-02 1.010653e-01 9.902113e-01 1.441160e+01
9.864595e-01 -7.197117e-02 -1.473690e-01 2.618199e+01 8.529765e-02 9.926200e-01 8.619564e-02 -2.906656e+00 1.400778e-01 -9.759875e-02 9.853186e-01 1.461442e+01
9.961718e-01 3.244370e-02 8.117411e-02 2.657999e+01 -2.326746e-02 9.934876e-01 -1.115395e-01 -2.959321e+00 -8.426424e-02 1.092238e-01 9.904392e-01 1.480852e+01
9.963738e-01 -3.348863e-02 -7.821515e-02 2.689378e+01 3.993516e-02 9.958017e-01 8.236535e-02 -3.005954e+00 7.512850e-02 -8.519022e-02 9.935282e-01 1.497206e+01
9.896957e-01 7.309016e-02 1.231273e-01 2.720047e+01 -6.559483e-02 9.958001e-01 -6.387181e-02 -3.039157e+00 -1.272786e-01 5.513715e-02 9.903333e-01 1.513349e+01
9.674652e-01 -1.066217e-01 -2.294401e-01 2.750731e+01 1.106081e-01 9.938537e-01 4.546235e-03 -3.117642e+00 2.275452e-01 -2.977627e-02 9.733122e-01 1.528657e+01
9.452612e-01 1.396747e-01 2.949106e-01 2.774747e+01 -1.305433e-01 9.901541e-01 -5.053094e-02 -3.154415e+00 -2.990648e-01 9.266367e-03 9.541878e-01 1.540967e+01
9.598333e-01 -1.113434e-01 -2.575317e-01 2.798774e+01 1.193812e-01 9.927237e-01 1.573682e-02 -3.190484e+00 2.539056e-01 -4.584916e-02 9.661417e-01 1.553223e+01
9.446646e-01 1.392398e-01 2.970205e-01 2.822964e+01 -1.275968e-01 9.901092e-01 -5.833447e-02 -3.226558e+00 -3.022052e-01 1.720768e-02 9.530876e-01 1.565358e+01
9.647531e-01 -8.998065e-02 -2.472951e-01 2.845597e+01 9.854831e-02 9.948787e-01 2.246248e-02 -3.264415e+00 2.440074e-01 -4.604125e-02 9.686798e-01 1.576682e+01
9.491863e-01 1.164604e-01 2.923737e-01 2.868054e+01 -1.067359e-01 9.930767e-01 -4.905344e-02 -3.300877e+00 -2.960623e-01 1.535409e-02 9.550452e-01 1.587551e+01
9.551054e-01 -1.018364e-01 -2.782136e-01 2.892756e+01 1.116229e-01 9.935589e-01 1.952135e-02 -3.336337e+00 2.744336e-01 -4.969994e-02 9.603208e-01 1.599017e+01
9.402169e-01 1.380111e-01 3.113603e-01 2.918548e+01 -1.289474e-01 9.904094e-01 -4.961808e-02 -3.375666e+00 -3.152220e-01 6.502679e-03 9.489957e-01 1.611796e+01
9.496710e-01 -1.072048e-01 -2.943332e-01 2.945808e+01 1.167760e-01 9.930437e-01 1.508365e-02 -3.420664e+00 2.906687e-01 -4.869553e-02 9.555838e-01 1.624260e+01
9.412162e-01 1.293487e-01 3.120593e-01 2.974052e+01 -1.233773e-01 9.915974e-01 -3.889391e-02 -3.465848e+00 -3.144681e-01 -1.893444e-03 9.492662e-01 1.637186e+01
9.541580e-01 -8.473055e-02 -2.870595e-01 3.002034e+01 9.204919e-02 9.956813e-01 1.206986e-02 -3.511720e+00 2.847971e-01 -3.794013e-02 9.578367e-01 1.650394e+01
9.372329e-01 1.232698e-01 3.261890e-01 3.027610e+01 -1.175500e-01 9.923674e-01 -3.727047e-02 -3.552287e+00 -3.282936e-01 -3.412413e-03 9.445696e-01 1.662533e+01
9.574130e-01 -7.728566e-02 -2.781856e-01 3.050469e+01 8.113509e-02 9.967004e-01 2.333201e-03 -3.589344e+00 2.770873e-01 -2.480443e-02 9.605245e-01 1.673718e+01
9.464794e-01 9.663737e-02 3.079579e-01 3.074012e+01 -9.381071e-02 9.953006e-01 -2.400787e-02 -3.624710e+00 -3.088307e-01 -6.166795e-03 9.510970e-01 1.685180e+01
9.700732e-01 -4.039712e-02 -2.394283e-01 3.095858e+01 4.285661e-02 9.990683e-01 5.072461e-03 -3.657520e+00 2.390003e-01 -1.518172e-02 9.709008e-01 1.696326e+01
9.559180e-01 6.428259e-02 2.865113e-01 3.116853e+01 -6.305378e-02 9.979185e-01 -1.352348e-02 -3.691126e+00 -2.867842e-01 -5.138282e-03 9.579814e-01 1.706050e+01
9.716718e-01 -2.270751e-02 -2.352407e-01 3.138118e+01 2.494662e-02 9.996673e-01 6.546078e-03 -3.725084e+00 2.350137e-01 -1.222908e-02 9.719151e-01 1.716439e+01
9.602747e-01 -7.316580e-02 2.692944e-01 3.165090e+01 7.391681e-02 9.972372e-01 7.364217e-03 -3.778828e+00 -2.690892e-01 1.283371e-02 9.630297e-01 1.732065e+01
9.679676e-01 8.907257e-02 -2.347438e-01 3.188570e+01 -8.676795e-02 9.960247e-01 2.014890e-02 -3.814903e+00 2.356053e-01 8.647828e-04 9.718484e-01 1.743341e+01
9.558234e-01 -5.106062e-02 2.894729e-01 3.211315e+01 5.173228e-02 9.986468e-01 5.335639e-03 -3.853928e+00 -2.893535e-01 9.875153e-03 9.571714e-01 1.754944e+01
9.670500e-01 9.623275e-02 -2.356976e-01 3.233990e+01 -9.490556e-02 9.953412e-01 1.699600e-02 -3.888287e+00 2.362350e-01 5.933052e-03 9.716778e-01 1.766722e+01
9.512636e-01 -4.269209e-02 3.054097e-01 3.255957e+01 4.089786e-02 9.990880e-01 1.227348e-02 -3.919694e+00 -3.056551e-01 8.152763e-04 9.521419e-01 1.778977e+01
9.611917e-01 6.802846e-02 -2.673621e-01 3.278353e+01 -6.875233e-02 9.976115e-01 6.664115e-03 -3.950678e+00 2.671768e-01 1.197631e-02 9.635731e-01 1.790637e+01
9.504938e-01 -3.575072e-02 3.086804e-01 3.302584e+01 3.145883e-02 9.993269e-01 1.887121e-02 -3.985419e+00 -3.091472e-01 -8.226254e-03 9.509786e-01 1.803527e+01
9.575915e-01 5.517400e-02 -2.827972e-01 3.328634e+01 -5.931145e-02 9.982210e-01 -6.083360e-03 -4.019225e+00 2.819584e-01 2.259852e-02 9.591604e-01 1.817664e+01
9.484479e-01 -3.720901e-02 3.147415e-01 3.355208e+01 3.094850e-02 9.992116e-01 2.486666e-02 -4.051767e+00 -3.154186e-01 -1.384396e-02 9.488517e-01 1.832161e+01
9.561170e-01 5.217161e-02 -2.883022e-01 3.382075e+01 -5.696678e-02 9.983419e-01 -8.261725e-03 -4.089014e+00 2.873931e-01 2.432286e-02 9.575038e-01 1.846194e+01
9.459381e-01 -4.382901e-02 3.213724e-01 3.408803e+01 4.040593e-02 9.990333e-01 1.731655e-02 -4.127928e+00 -3.218206e-01 -3.395052e-03 9.467946e-01 1.860435e+01
9.505521e-01 2.781819e-02 -3.093166e-01 3.436076e+01 -3.406396e-02 9.993099e-01 -1.480886e-02 -4.166830e+00 3.086911e-01 2.461318e-02 9.508438e-01 1.874694e+01
9.478283e-01 -4.903444e-02 3.149877e-01 3.465491e+01 4.971619e-02 9.987461e-01 5.874773e-03 -4.205529e+00 -3.148807e-01 1.009169e-02 9.490776e-01 1.890522e+01
9.480512e-01 1.814492e-02 -3.175997e-01 3.496116e+01 -2.051243e-02 9.997811e-01 -4.111924e-03 -4.245528e+00 3.174555e-01 1.041309e-02 9.482160e-01 1.906995e+01
9.458330e-01 -4.467319e-02 3.215656e-01 3.528032e+01 5.097115e-02 9.986375e-01 -1.118880e-02 -4.290820e+00 -3.206276e-01 2.697328e-02 9.468212e-01 1.923338e+01
9.482014e-01 1.523867e-02 -3.173038e-01 3.558308e+01 -1.458052e-02 9.998838e-01 4.448662e-03 -4.334527e+00 3.173346e-01 4.082647e-04 9.483135e-01 1.939113e+01
9.422870e-01 -2.916181e-02 3.335341e-01 3.587589e+01 3.653438e-02 9.992067e-01 -1.585226e-02 -4.374461e+00 -3.328072e-01 2.712282e-02 9.426048e-01 1.954423e+01
9.444682e-01 1.666733e-02 -3.281797e-01 3.617539e+01 -1.416382e-02 9.998495e-01 1.001732e-02 -4.419261e+00 3.282972e-01 -4.812717e-03 9.445622e-01 1.970069e+01
9.481384e-01 -4.071042e-02 3.152402e-01 3.648217e+01 5.418033e-02 9.979494e-01 -3.408063e-02 -4.464702e+00 -3.132062e-01 4.939294e-02 9.483998e-01 1.986161e+01
9.441095e-01 8.871312e-03 -3.295126e-01 3.679798e+01 9.779976e-05 9.996302e-01 2.719260e-02 -4.511923e+00 3.296319e-01 -2.570498e-02 9.437595e-01 2.002902e+01
9.478368e-01 -3.067733e-02 3.172765e-01 3.710407e+01 5.132006e-02 9.970595e-01 -5.690934e-02 -4.552723e+00 -3.145976e-01 7.022339e-02 9.466240e-01 2.019980e+01
9.494793e-01 2.735730e-03 -3.138175e-01 3.740416e+01 1.180817e-02 9.989425e-01 4.443472e-02 -4.595357e+00 3.136071e-01 -4.589541e-02 9.484430e-01 2.035684e+01
9.477415e-01 -1.622471e-02 3.186266e-01 3.769482e+01 3.863646e-02 9.971924e-01 -6.414497e-02 -4.634042e+00 -3.166912e-01 7.310343e-02 9.457074e-01 2.051665e+01
9.502900e-01 -5.551835e-03 -3.113166e-01 3.800195e+01 2.089134e-02 9.987248e-01 4.595968e-02 -4.672528e+00 3.106644e-01 -5.017880e-02 9.491942e-01 2.068625e+01
9.484249e-01 -4.895456e-03 3.169644e-01 3.829578e+01 2.771332e-02 9.973329e-01 -6.752077e-02 -4.708818e+00 -3.157884e-01 7.282247e-02 9.460310e-01 2.084334e+01
9.541757e-01 3.069708e-02 -2.976682e-01 3.855846e+01 -1.454157e-02 9.983059e-01 5.633724e-02 -4.746207e+00 2.988932e-01 -4.942702e-02 9.530056e-01 2.098511e+01
9.487036e-01 -1.193828e-02 3.159416e-01 3.882503e+01 3.138958e-02 9.979063e-01 -5.654904e-02 -4.781201e+00 -3.146050e-01 6.356552e-02 9.470920e-01 2.113250e+01
9.510935e-01 3.405250e-02 -3.070203e-01 3.909023e+01 -1.765194e-02 9.982725e-01 5.603853e-02 -4.818136e+00 3.083981e-01 -4.787833e-02 9.500517e-01 2.127843e+01
9.389581e-01 -2.231099e-02 3.433074e-01 3.935828e+01 4.480045e-02 9.973273e-01 -5.771638e-02 -4.852120e+00 -3.411021e-01 6.957356e-02 9.374481e-01 2.142927e+01
9.387316e-01 2.647206e-02 -3.436309e-01 3.964408e+01 -6.415302e-03 9.982152e-01 5.937334e-02 -4.893732e+00 3.445892e-01 -5.353108e-02 9.372260e-01 2.158527e+01
9.392210e-01 -2.143761e-02 3.426435e-01 3.993665e+01 4.624830e-02 9.968517e-01 -6.440318e-02 -4.935565e+00 -3.401840e-01 7.633546e-02 9.372554e-01 2.174479e+01
9.432997e-01 2.818937e-02 -3.307431e-01 4.021121e+01 -7.167769e-03 9.978850e-01 6.460705e-02 -4.971851e+00 3.318647e-01 -5.857306e-02 9.415067e-01 2.189665e+01
9.395280e-01 -3.019699e-02 3.411383e-01 4.050490e+01 6.177248e-02 9.947097e-01 -8.207758e-02 -5.010034e+00 -3.368550e-01 9.818711e-02 9.364230e-01 2.205819e+01
9.382687e-01 2.695261e-02 -3.448555e-01 4.080532e+01 9.515268e-04 9.967548e-01 8.049133e-02 -5.050454e+00 3.459057e-01 -7.585058e-02 9.351983e-01 2.221471e+01
9.447461e-01 -4.581251e-02 3.245862e-01 4.113756e+01 8.232470e-02 9.916102e-01 -9.965876e-02 -5.094420e+00 -3.172973e-01 1.208736e-01 9.405913e-01 2.238514e+01
9.393304e-01 3.814439e-02 -3.408860e-01 4.147750e+01 -4.571818e-03 9.951016e-01 9.875161e-02 -5.137198e+00 3.429830e-01 -9.120187e-02 9.349036e-01 2.256596e+01
9.479530e-01 -3.729773e-02 3.162184e-01 4.181945e+01 7.490825e-02 9.913652e-01 -1.076279e-01 -5.179903e+00 -3.094736e-01 1.257135e-01 9.425615e-01 2.275165e+01
9.454194e-01 3.627970e-02 -3.238299e-01 4.215051e+01 -2.386412e-03 9.945270e-01 1.044527e-01 -5.221671e+00 3.258471e-01 -9.797877e-02 9.403317e-01 2.293467e+01
9.561439e-01 -5.248541e-02 2.881567e-01 4.248605e+01 9.031145e-02 9.887084e-01 -1.195809e-01 -5.266798e+00 -2.786267e-01 1.403604e-01 9.500874e-01 2.310542e+01
9.501387e-01 3.494491e-02 -3.098633e-01 4.280921e+01 3.708278e-03 9.923644e-01 1.232847e-01 -5.307173e+00 3.118054e-01 -1.182866e-01 9.427543e-01 2.328289e+01
9.553011e-01 -6.465174e-02 2.884790e-01 4.314846e+01 1.080035e-01 9.846686e-01 -1.369785e-01 -5.348164e+00 -2.752002e-01 1.620124e-01 9.476375e-01 2.345642e+01
9.550735e-01 5.533930e-02 -2.911564e-01 4.347646e+01 -1.313369e-02 9.893502e-01 1.449607e-01 -5.385955e+00 2.960776e-01 -1.346242e-01 9.456291e-01 2.363144e+01
9.552214e-01 -5.135393e-02 2.914017e-01 4.380547e+01 9.909742e-02 9.834733e-01 -1.515257e-01 -5.425054e+00 -2.788043e-01 1.736177e-01 9.445237e-01 2.380550e+01
9.508142e-01 5.002885e-02 -3.056949e-01 4.413751e+01 -2.523281e-04 9.869962e-01 1.607429e-01 -5.462305e+00 3.097615e-01 -1.527595e-01 9.384627e-01 2.398175e+01
9.614772e-01 -3.920405e-02 2.720749e-01 4.448878e+01 8.640266e-02 9.827135e-01 -1.637341e-01 -5.502575e+00 -2.609526e-01 1.809345e-01 9.482439e-01 2.417600e+01
9.474470e-01 4.219083e-02 -3.171183e-01 4.483279e+01 1.233445e-02 9.857107e-01 1.679945e-01 -5.539723e+00 3.196746e-01 -1.630773e-01 9.333884e-01 2.437107e+01
9.703544e-01 -4.541992e-02 2.373804e-01 4.516501e+01 8.866029e-02 9.806049e-01 -1.747954e-01 -5.570717e+00 -2.248372e-01 1.906596e-01 9.555612e-01 2.455309e+01
9.596464e-01 3.078375e-02 -2.795195e-01 4.550402e+01 2.195524e-02 9.827543e-01 1.836081e-01 -5.605157e+00 2.803511e-01 -1.823357e-01 9.424208e-01 2.473341e+01
9.774933e-01 -1.662414e-02 2.103106e-01 4.585271e+01 5.835654e-02 9.792992e-01 -1.938239e-01 -5.643470e+00 -2.027348e-01 2.017345e-01 9.582285e-01 2.492221e+01
9.624762e-01 -7.970122e-03 -2.712491e-01 4.620487e+01 5.976714e-02 9.812497e-01 1.832401e-01 -5.680321e+00 2.647026e-01 -1.925759e-01 9.449058e-01 2.510826e+01
9.784693e-01 -1.300868e-04 2.063928e-01 4.657577e+01 4.386985e-02 9.772799e-01 -2.073632e-01 -5.723102e+00 -2.016765e-01 2.119529e-01 9.562440e-01 2.529974e+01
9.647718e-01 -1.963652e-02 -2.623543e-01 4.694863e+01 7.354736e-02 9.775823e-01 1.972906e-01 -5.766834e+00 2.525987e-01 -2.096358e-01 9.445881e-01 2.549352e+01
9.795687e-01 2.012423e-02 2.001008e-01 4.732811e+01 2.627500e-02 9.736460e-01 -2.265465e-01 -5.810199e+00 -1.993864e-01 2.271754e-01 9.532242e-01 2.569406e+01
9.649381e-01 -3.391528e-02 -2.602771e-01 4.770379e+01 9.257602e-02 9.718672e-01 2.165727e-01 -5.848712e+00 2.456096e-01 -2.330746e-01 9.409315e-01 2.589599e+01
9.747986e-01 2.651979e-02 2.215049e-01 4.801576e+01 3.269276e-02 9.652072e-01 -2.594346e-01 -5.887748e+00 -2.206783e-01 2.601380e-01 9.400156e-01 2.605581e+01
9.833217e-01 6.590207e-02 -1.695147e-01 4.822064e+01 -1.839443e-02 9.632994e-01 2.677981e-01 -5.920522e+00 1.809418e-01 -2.602135e-01 9.484455e-01 2.615558e+01
9.743280e-01 1.072481e-02 2.248776e-01 4.841721e+01 4.818511e-02 9.657841e-01 -2.548321e-01 -5.953175e+00 -2.199162e-01 2.591258e-01 9.404736e-01 2.625246e+01
9.814446e-01 7.321511e-02 -1.772174e-01 4.862108e+01 -2.645099e-02 9.670907e-01 2.530530e-01 -5.989408e+00 1.899126e-01 -2.436699e-01 9.510826e-01 2.635638e+01
9.769248e-01 -4.391883e-02 2.090195e-01 4.885024e+01 9.801280e-02 9.616875e-01 -2.560290e-01 -6.023433e+00 -1.897669e-01 2.706076e-01 9.438009e-01 2.646935e+01
9.851771e-01 9.918397e-02 -1.399589e-01 4.906678e+01 -6.152680e-02 9.659197e-01 2.514230e-01 -6.058156e+00 1.601262e-01 -2.390849e-01 9.577045e-01 2.658713e+01
9.798232e-01 -5.567249e-02 1.919562e-01 4.928535e+01 1.037921e-01 9.624984e-01 -2.506473e-01 -6.089713e+00 -1.708034e-01 2.655136e-01 9.488566e-01 2.671154e+01
9.851581e-01 1.054534e-01 -1.354365e-01 4.950901e+01 -6.759475e-02 9.636147e-01 2.586071e-01 -6.124288e+00 1.577795e-01 -2.456141e-01 9.564410e-01 2.682260e+01
9.756524e-01 -4.723369e-02 2.141762e-01 4.971681e+01 1.012906e-01 9.631929e-01 -2.489976e-01 -6.157415e+00 -1.945319e-01 2.646290e-01 9.445257e-01 2.692651e+01
9.820076e-01 1.152461e-01 -1.495971e-01 4.993779e+01 -7.330746e-02 9.627058e-01 2.604295e-01 -6.192032e+00 1.740314e-01 -2.447771e-01 9.538329e-01 2.703067e+01
9.755558e-01 -6.286028e-02 2.105696e-01 5.016575e+01 1.148943e-01 9.627157e-01 -2.449039e-01 -6.227481e+00 -1.873239e-01 2.631106e-01 9.464051e-01 2.713761e+01
9.811859e-01 1.249915e-01 -1.471439e-01 5.039489e+01 -8.329940e-02 9.616297e-01 2.613988e-01 -6.263373e+00 1.741705e-01 -2.442238e-01 9.539493e-01 2.724873e+01
9.744775e-01 -5.941324e-02 2.164802e-01 5.063707e+01 1.094302e-01 9.677266e-01 -2.270028e-01 -6.294348e+00 -1.960066e-01 2.448986e-01 9.495294e-01 2.736747e+01
9.776188e-01 1.512699e-01 -1.462149e-01 5.088577e+01 -1.129469e-01 9.637171e-01 2.418517e-01 -6.336439e+00 1.774946e-01 -2.199242e-01 9.592335e-01 2.748915e+01
9.675517e-01 -6.996952e-02 2.427920e-01 5.111523e+01 1.220987e-01 9.707294e-01 -2.068249e-01 -6.369548e+00 -2.212138e-01 2.297583e-01 9.477740e-01 2.760670e+01
9.679884e-01 1.705189e-01 -1.841785e-01 5.134876e+01 -1.268896e-01 9.655767e-01 2.270696e-01 -6.405773e+00 2.165580e-01 -1.964303e-01 9.563042e-01 2.773305e+01
9.633000e-01 -1.038081e-01 2.475422e-01 5.159205e+01 1.514856e-01 9.715451e-01 -1.820777e-01 -6.442642e+00 -2.215973e-01 2.128945e-01 9.516147e-01 2.785508e+01
9.667565e-01 1.783494e-01 -1.832302e-01 5.184173e+01 -1.373274e-01 9.666193e-01 2.163060e-01 -6.480152e+00 2.156918e-01 -1.839526e-01 9.589778e-01 2.798580e+01
9.560303e-01 -9.789614e-02 2.764462e-01 5.208047e+01 1.483160e-01 9.746019e-01 -1.677902e-01 -6.516896e+00 -2.529989e-01 2.014138e-01 9.462685e-01 2.812001e+01
9.612757e-01 1.557814e-01 -2.273349e-01 5.229367e+01 -1.118476e-01 9.744457e-01 1.947965e-01 -6.545325e+00 2.518711e-01 -1.618262e-01 9.541348e-01 2.824652e+01
9.499996e-01 -1.019314e-01 2.951455e-01 5.251255e+01 1.498646e-01 9.780772e-01 -1.445883e-01 -6.576181e+00 -2.739370e-01 1.815906e-01 9.444487e-01 2.837271e+01
9.500890e-01 1.861587e-01 -2.503514e-01 5.274654e+01 -1.384572e-01 9.707072e-01 1.963595e-01 -6.606298e+00 2.795719e-01 -1.518960e-01 9.480333e-01 2.850228e+01
9.442475e-01 -1.207185e-01 3.063068e-01 5.300434e+01 1.672126e-01 9.772711e-01 -1.303122e-01 -6.635151e+00 -2.836136e-01 1.742652e-01 9.429714e-01 2.864868e+01
9.498639e-01 1.862205e-01 -2.511583e-01 5.327291e+01 -1.480652e-01 9.754119e-01 1.632431e-01 -6.669336e+00 2.753819e-01 -1.178708e-01 9.540813e-01 2.880018e+01
9.522593e-01 -1.479383e-01 2.670517e-01 5.356465e+01 1.826449e-01 9.770002e-01 -1.100524e-01 -6.704317e+00 -2.446285e-01 1.535740e-01 9.573776e-01 2.896401e+01
9.520212e-01 2.000313e-01 -2.316096e-01 5.385356e+01 -1.656542e-01 9.731862e-01 1.595845e-01 -6.739304e+00 2.573211e-01 -1.135606e-01 9.596300e-01 2.912788e+01
9.507334e-01 -1.487396e-01 2.719974e-01 5.413356e+01 1.846604e-01 9.764583e-01 -1.114894e-01 -6.772358e+00 -2.490111e-01 1.562238e-01 9.558178e-01 2.928760e+01
9.497129e-01 1.828848e-01 -2.541626e-01 5.441832e+01 -1.464165e-01 9.768748e-01 1.558132e-01 -6.808388e+00 2.767808e-01 -1.107642e-01 9.545279e-01 2.944559e+01
9.496689e-01 -1.604614e-01 2.690375e-01 5.470322e+01 1.960729e-01 9.742840e-01 -1.110236e-01 -6.843673e+00 -2.443039e-01 1.581866e-01 9.567093e-01 2.960195e+01
9.548752e-01 2.025951e-01 -2.171830e-01 5.495290e+01 -1.734272e-01 9.739583e-01 1.460419e-01 -6.884001e+00 2.411145e-01 -1.017863e-01 9.651442e-01 2.972549e+01
9.485860e-01 -1.429069e-01 2.824222e-01 5.517767e+01 1.712771e-01 9.821043e-01 -7.832843e-02 -6.916900e+00 -2.661743e-01 1.226736e-01 9.560871e-01 2.983362e+01
9.525415e-01 1.873630e-01 -2.399163e-01 5.541868e+01 -1.624528e-01 9.794067e-01 1.198815e-01 -6.953061e+00 2.574369e-01 -7.521699e-02 9.633631e-01 2.996031e+01
9.424092e-01 -1.634563e-01 2.917996e-01 5.567135e+01 1.916529e-01 9.789193e-01 -7.061363e-02 -6.990131e+00 -2.741060e-01 1.224711e-01 9.538694e-01 3.009118e+01
9.439501e-01 2.339900e-01 -2.328236e-01 5.588911e+01 -2.116258e-01 9.703033e-01 1.171574e-01 -7.025759e+00 2.533231e-01 -6.131921e-02 9.654363e-01 3.020368e+01
9.378590e-01 -1.795433e-01 2.969591e-01 5.611067e+01 1.991432e-01 9.792770e-01 -3.685932e-02 -7.059425e+00 -2.841873e-01 9.370615e-02 9.541786e-01 3.031512e+01
9.408997e-01 2.076037e-01 -2.675974e-01 5.636235e+01 -1.895214e-01 9.775554e-01 9.201673e-02 -7.095824e+00 2.806942e-01 -3.586300e-02 9.591270e-01 3.044198e+01
9.310824e-01 -2.163495e-01 2.937321e-01 5.665701e+01 2.388393e-01 9.701273e-01 -4.253075e-02 -7.134396e+00 -2.757560e-01 1.097543e-01 9.549412e-01 3.059870e+01
9.346941e-01 2.026927e-01 -2.919975e-01 5.695592e+01 -1.867647e-01 9.789982e-01 8.173989e-02 -7.177517e+00 3.024330e-01 -2.186688e-02 9.529197e-01 3.075453e+01
9.285023e-01 -2.286788e-01 2.925570e-01 5.725141e+01 2.485801e-01 9.680750e-01 -3.222945e-02 -7.217512e+00 -2.758469e-01 1.026489e-01 9.557048e-01 3.090706e+01
9.379244e-01 2.367986e-01 -2.534251e-01 5.752476e+01 -2.233988e-01 9.713688e-01 8.084270e-02 -7.262788e+00 2.653126e-01 -1.920939e-02 9.639710e-01 3.104259e+01
9.302978e-01 -2.106410e-01 3.002940e-01 5.775506e+01 2.196394e-01 9.755734e-01 3.882003e-03 -7.297012e+00 -2.937765e-01 6.234489e-02 9.538388e-01 3.115488e+01
9.354885e-01 2.582909e-01 -2.411372e-01 5.797483e+01 -2.479738e-01 9.660319e-01 7.274102e-02 -7.332824e+00 2.517345e-01 -8.252605e-03 9.677611e-01 3.125960e+01
9.290909e-01 -1.942195e-01 3.147523e-01 5.819488e+01 1.954882e-01 9.803103e-01 2.786005e-02 -7.365315e+00 -3.139659e-01 3.564576e-02 9.487649e-01 3.136555e+01
9.275859e-01 2.445771e-01 -2.824297e-01 5.841917e+01 -2.420817e-01 9.692453e-01 4.427140e-02 -7.400257e+00 2.845713e-01 2.730561e-02 9.582659e-01 3.146861e+01
9.222696e-01 -2.175751e-01 3.194994e-01 5.865442e+01 2.145934e-01 9.756677e-01 4.497016e-02 -7.437093e+00 -3.215096e-01 2.708778e-02 9.465188e-01 3.158028e+01
9.194032e-01 2.601374e-01 -2.950023e-01 5.889531e+01 -2.614593e-01 9.645542e-01 3.569477e-02 -7.475222e+00 2.938312e-01 4.431330e-02 9.548295e-01 3.170609e+01
9.169802e-01 -2.485949e-01 3.120063e-01 5.913538e+01 2.415924e-01 9.684228e-01 6.156741e-02 -7.514256e+00 -3.174593e-01 1.892218e-02 9.480831e-01 3.182238e+01
9.234415e-01 2.754832e-01 -2.671421e-01 5.936171e+01 -2.809553e-01 9.595460e-01 1.831595e-02 -7.547585e+00 2.613808e-01 5.814135e-02 9.634830e-01 3.193975e+01
9.158225e-01 -2.491659e-01 3.149375e-01 5.957482e+01 2.361375e-01 9.684596e-01 7.953003e-02 -7.580719e+00 -3.248204e-01 1.533109e-03 9.457745e-01 3.205008e+01
9.231864e-01 2.562790e-01 -2.864402e-01 5.978000e+01 -2.664095e-01 9.638527e-01 3.733713e-03 -7.614333e+00 2.770429e-01 7.286355e-02 9.580908e-01 3.214809e+01
9.137182e-01 -2.416979e-01 3.266515e-01 5.999365e+01 2.197432e-01 9.700919e-01 1.031243e-01 -7.645233e+00 -3.418069e-01 -2.244721e-02 9.395021e-01 3.225746e+01
9.255384e-01 2.407797e-01 -2.922392e-01 6.019969e+01 -2.573527e-01 9.661298e-01 -1.904407e-02 -7.677394e+00 2.777555e-01 9.283466e-02 9.561556e-01 3.235810e+01
9.238628e-01 -2.245786e-01 3.099065e-01 6.043138e+01 2.006679e-01 9.737509e-01 1.074321e-01 -7.711528e+00 -3.258986e-01 -3.706434e-02 9.446779e-01 3.248090e+01
9.312633e-01 1.757979e-01 -3.191297e-01 6.070322e+01 -1.972631e-01 9.796907e-01 -3.596145e-02 -7.751405e+00 3.063264e-01 9.644220e-02 9.470285e-01 3.261554e+01
9.234054e-01 -1.926430e-01 3.319808e-01 6.097001e+01 1.730175e-01 9.809798e-01 8.799778e-02 -7.793405e+00 -3.426186e-01 -2.381922e-02 9.391726e-01 3.275415e+01
9.260220e-01 1.475856e-01 -3.474216e-01 6.123581e+01 -1.721104e-01 9.842390e-01 -4.063804e-02 -7.828391e+00 3.359483e-01 9.742669e-02 9.368280e-01 3.289799e+01
9.137357e-01 -1.734488e-01 3.674271e-01 6.149968e+01 1.484154e-01 9.842970e-01 9.556332e-02 -7.867492e+00 -3.782327e-01 -3.278784e-02 9.251297e-01 3.303515e+01
9.187146e-01 1.301908e-01 -3.728456e-01 6.175574e+01 -1.544017e-01 9.873634e-01 -3.568629e-02 -7.902796e+00 3.634881e-01 9.035362e-02 9.272068e-01 3.316750e+01
9.150680e-01 -1.567101e-01 3.716081e-01 6.200318e+01 1.314252e-01 9.869923e-01 9.259374e-02 -7.937527e+00 -3.812846e-01 -3.589097e-02 9.237608e-01 3.329749e+01
9.244499e-01 1.267178e-01 -3.596318e-01 6.225744e+01 -1.490252e-01 9.882182e-01 -3.487330e-02 -7.977358e+00 3.509756e-01 8.583293e-02 9.324423e-01 3.342274e+01
9.156866e-01 -1.198385e-01 3.836103e-01 6.251611e+01 9.289969e-02 9.917726e-01 8.807246e-02 -8.017052e+00 -3.910086e-01 -4.500958e-02 9.192859e-01 3.356039e+01
9.208338e-01 7.255444e-02 -3.831461e-01 6.277612e+01 -9.934330e-02 9.937672e-01 -5.057200e-02 -8.051908e+00 3.770888e-01 8.463150e-02 9.223023e-01 3.369089e+01
8.994153e-01 -8.006490e-02 4.296997e-01 6.300920e+01 3.997920e-02 9.940285e-01 1.015333e-01 -8.087520e+00 -4.352629e-01 -7.414165e-02 8.972454e-01 3.380760e+01
9.191971e-01 8.159591e-02 -3.852515e-01 6.325110e+01 -1.167289e-01 9.907874e-01 -6.866353e-02 -8.123616e+00 3.760996e-01 1.080854e-01 9.202535e-01 3.393469e+01
9.102225e-01 -1.000876e-01 4.018425e-01 6.350121e+01 5.409493e-02 9.907763e-01 1.242426e-01 -8.162576e+00 -4.105711e-01 -9.135084e-02 9.072411e-01 3.406064e+01
9.264819e-01 8.368528e-02 -3.669169e-01 6.374529e+01 -1.190494e-01 9.900672e-01 -7.479363e-02 -8.196166e+00 3.570132e-01 1.129763e-01 9.272420e-01 3.418710e+01
9.234636e-01 -1.125030e-01 3.668215e-01 6.401167e+01 7.533406e-02 9.906017e-01 1.141628e-01 -8.233172e+00 -3.762176e-01 -7.779111e-02 9.232600e-01 3.432817e+01
9.259425e-01 6.335559e-02 -3.723126e-01 6.428816e+01 -9.800518e-02 9.923655e-01 -7.487061e-02 -8.273482e+00 3.647266e-01 1.058145e-01 9.250825e-01 3.447091e+01
9.247006e-01 -8.559302e-02 3.709484e-01 6.453517e+01 4.399747e-02 9.918957e-01 1.191940e-01 -8.310918e+00 -3.781442e-01 -9.389803e-02 9.209724e-01 3.459835e+01
9.370616e-01 7.992167e-02 -3.398941e-01 6.479915e+01 -1.110025e-01 9.911374e-01 -7.297217e-02 -8.349550e+00 3.310497e-01 1.061086e-01 9.376284e-01 3.472972e+01
9.233327e-01 -1.273805e-01 3.622581e-01 6.506408e+01 9.279533e-02 9.894344e-01 1.113946e-01 -8.393842e+00 -3.726201e-01 -6.923848e-02 9.253974e-01 3.484087e+01
8.611444e-01 3.961007e-02 -5.068148e-01 6.532012e+01 -7.496644e-02 9.959547e-01 -4.953903e-02 -8.452187e+00 5.028024e-01 8.065446e-02 8.606303e-01 3.495771e+01
9.045897e-01 -1.667525e-01 3.923152e-01 6.559738e+01 1.570192e-01 9.859479e-01 5.702365e-02 -8.512915e+00 -3.963111e-01 1.001793e-02 9.180617e-01 3.510185e+01
8.658921e-01 1.567577e-01 -4.750346e-01 6.589040e+01 -1.607492e-01 9.864597e-01 3.251063e-02 -8.558470e+00 4.736987e-01 4.821083e-02 8.793663e-01 3.525227e+01
8.876898e-01 -1.574109e-01 4.326993e-01 6.617485e+01 1.640665e-01 9.861999e-01 2.218245e-02 -8.598462e+00 -4.302197e-01 5.130026e-02 9.012654e-01 3.540376e+01
8.826192e-01 1.668003e-01 -4.395008e-01 6.643711e+01 -1.636378e-01 9.854758e-01 4.538731e-02 -8.634501e+00 4.406880e-01 3.185934e-02 8.970947e-01 3.554603e+01
8.727650e-01 -1.881853e-01 4.504083e-01 6.672504e+01 1.838023e-01 9.814835e-01 5.391649e-02 -8.672024e+00 -4.522145e-01 3.572959e-02 8.911933e-01 3.569206e+01
8.814916e-01 1.885237e-01 -4.329335e-01 6.699296e+01 -1.943490e-01 9.804353e-01 3.122471e-02 -8.709148e+00 4.303498e-01 5.661598e-02 9.008849e-01 3.583100e+01
8.692732e-01 -2.082535e-01 4.483243e-01 6.724277e+01 1.969514e-01 9.777438e-01 7.230017e-02 -8.743015e+00 -4.534030e-01 2.544940e-02 8.909422e-01 3.595352e+01
8.883153e-01 2.122119e-01 -4.072617e-01 6.749405e+01 -2.212250e-01 9.748906e-01 2.545253e-02 -8.778205e+00 4.024369e-01 6.748669e-02 9.129567e-01 3.607673e+01
8.691083e-01 -1.937966e-01 4.550755e-01 6.774918e+01 1.765983e-01 9.809865e-01 8.048946e-02 -8.812735e+00 -4.620215e-01 1.041141e-02 8.868077e-01 3.621264e+01
8.676575e-01 2.163588e-01 -4.476152e-01 6.798353e+01 -2.373889e-01 9.713695e-01 9.365405e-03 -8.843348e+00 4.368260e-01 9.813301e-02 8.941772e-01 3.634156e+01
8.566359e-01 -2.223481e-01 4.655495e-01 6.821379e+01 1.972499e-01 9.749598e-01 1.026936e-01 -8.877311e+00 -4.767257e-01 3.858495e-03 8.790437e-01 3.645729e+01
8.786028e-01 2.167248e-01 -4.255437e-01 6.844740e+01 -2.398943e-01 9.707986e-01 -8.829011e-04 -8.910133e+00 4.129259e-01 1.028613e-01 9.049374e-01 3.657445e+01
8.638855e-01 -2.195872e-01 4.533027e-01 6.868273e+01 1.906619e-01 9.755607e-01 1.092219e-01 -8.943887e+00 -4.662080e-01 -7.927713e-03 8.846397e-01 3.669466e+01
8.837662e-01 2.186739e-01 -4.136896e-01 6.891673e+01 -2.534025e-01 9.668877e-01 -3.025308e-02 -8.977814e+00 3.933758e-01 1.315667e-01 9.099152e-01 3.681832e+01
8.743612e-01 -2.253273e-01 4.297909e-01 6.915314e+01 1.811754e-01 9.731978e-01 1.416392e-01 -9.007960e+00 -4.501867e-01 -4.597641e-02 8.917501e-01 3.694518e+01
8.867173e-01 2.171193e-01 -4.081565e-01 6.939746e+01 -2.599097e-01 9.642468e-01 -5.171976e-02 -9.040231e+00 3.823342e-01 1.519447e-01 9.114457e-01 3.707531e+01
8.825138e-01 -2.067279e-01 4.224133e-01 6.963932e+01 1.492841e-01 9.748927e-01 1.652224e-01 -9.068944e+00 -4.459637e-01 -8.275155e-02 8.912175e-01 3.721326e+01
8.924397e-01 1.930408e-01 -4.077826e-01 6.988099e+01 -2.507879e-01 9.635936e-01 -9.269703e-02 -9.099029e+00 3.750423e-01 1.849935e-01 9.083615e-01 3.734379e+01
8.781295e-01 -2.037536e-01 4.328661e-01 7.010031e+01 1.283737e-01 9.719465e-01 1.970791e-01 -9.131004e+00 -4.608782e-01 -1.174925e-01 8.796516e-01 3.745861e+01
8.862310e-01 1.788937e-01 -4.273075e-01 7.036504e+01 -2.449551e-01 9.638862e-01 -1.044999e-01 -9.154142e+00 3.931814e-01 1.972823e-01 8.980468e-01 3.761556e+01
8.867192e-01 -2.903554e-01 3.597539e-01 7.069694e+01 2.399411e-01 9.541947e-01 1.787199e-01 -9.186684e+00 -3.951675e-01 -7.215472e-02 9.157709e-01 3.780393e+01
8.725497e-01 2.029489e-01 -4.443745e-01 7.104224e+01 -2.591076e-01 9.633963e-01 -6.877984e-02 -9.222006e+00 4.141500e-01 1.751547e-01 8.931968e-01 3.799743e+01
8.820741e-01 -2.755185e-01 3.821451e-01 7.141463e+01 2.302309e-01 9.597974e-01 1.605703e-01 -9.265468e+00 -4.110219e-01 -5.365336e-02 9.100453e-01 3.820976e+01
8.696532e-01 1.560867e-01 -4.683378e-01 7.176856e+01 -2.038644e-01 9.775770e-01 -5.274943e-02 -9.307128e+00 4.496027e-01 1.413512e-01 8.819734e-01 3.840675e+01
8.575480e-01 -2.220036e-01 4.640322e-01 7.206859e+01 1.903644e-01 9.749947e-01 1.146593e-01 -9.351844e+00 -4.778837e-01 -9.990710e-03 8.783664e-01 3.855940e+01
8.556006e-01 2.053545e-01 -4.751601e-01 7.235307e+01 -2.439244e-01 9.695840e-01 -2.018990e-02 -9.388308e+00 4.565616e-01 1.331777e-01 8.796676e-01 3.871698e+01
8.599998e-01 -2.778136e-01 4.280421e-01 7.269623e+01 2.549073e-01 9.605414e-01 1.112770e-01 -9.430738e+00 -4.420664e-01 1.341277e-02 8.968821e-01 3.889955e+01
8.550182e-01 2.332373e-01 -4.631892e-01 7.301856e+01 -2.602973e-01 9.655117e-01 5.687590e-03 -9.468010e+00 4.485411e-01 1.157040e-01 8.862411e-01 3.908147e+01
8.553484e-01 -2.766141e-01 4.380226e-01 7.334157e+01 2.563085e-01 9.607423e-01 1.062086e-01 -9.501301e+00 -4.502056e-01 2.142349e-02 8.926679e-01 3.926450e+01
8.494141e-01 2.451633e-01 -4.673230e-01 7.366366e+01 -2.637484e-01 9.642287e-01 2.645247e-02 -9.530004e+00 4.570913e-01 1.007867e-01 8.836908e-01 3.945431e+01
8.577927e-01 -2.726871e-01 4.356989e-01 7.397514e+01 2.653301e-01 9.609138e-01 7.902359e-02 -9.571050e+00 -4.402177e-01 4.781810e-02 8.966169e-01 3.963241e+01
8.580148e-01 2.145626e-01 -4.666620e-01 7.429436e+01 -2.275162e-01 9.733362e-01 2.920576e-02 -9.616828e+00 4.604855e-01 8.111431e-02 8.839533e-01 3.979880e+01
8.615491e-01 -2.555798e-01 4.386481e-01 7.462081e+01 2.569334e-01 9.647198e-01 5.745420e-02 -9.660006e+00 -4.378566e-01 6.320362e-02 8.968205e-01 3.996738e+01
8.543863e-01 2.685665e-01 -4.448550e-01 7.494982e+01 -2.720314e-01 9.605718e-01 5.745145e-02 -9.696538e+00 4.427447e-01 7.192887e-02 8.937579e-01 4.016247e+01
8.712837e-01 -2.317610e-01 4.326103e-01 7.526331e+01 2.340275e-01 9.710017e-01 4.885667e-02 -9.733043e+00 -4.313883e-01 5.867460e-02 9.002564e-01 4.035257e+01
8.689310e-01 2.052831e-01 -4.503529e-01 7.556217e+01 -2.094864e-01 9.769463e-01 4.112619e-02 -9.772612e+00 4.484131e-01 5.860708e-02 8.919029e-01 4.051745e+01
