9.839463e-01 -1.657798e-01 -6.608142e-02 5.072518e-01 1.677393e-01 9.855077e-01 2.525886e-02 -7.032286e-02 6.093634e-02 -3.593781e-02 9.974946e-01 2.658887e-01
9.987327e-01 4.160245e-02 -2.832383e-02 1.107353e+00 -4.184034e-02 9.990934e-01 -7.858510e-03 -1.497509e-01 2.797120e-02 9.033636e-03 9.995678e-01 5.850138e-01
9.841339e-01 -1.641499e-01 -6.734458e-02 1.704345e+00 1.665047e-01 9.855549e-01 3.094703e-02 -2.249149e-01 6.129185e-02 -4.166922e-02 9.972498e-01 9.026869e-01
9.990362e-01 3.589847e-02 -2.525829e-02 2.311634e+00 -3.581422e-02 9.993513e-01 3.779853e-03 -2.988833e-01 2.537756e-02 -2.871589e-03 9.996737e-01 1.237960e+00
9.860566e-01 -1.304238e-01 -1.033543e-01 2.930666e+00 1.347627e-01 9.902185e-01 3.614313e-02 -3.753202e-01 9.762943e-02 -4.956749e-02 9.939878e-01 1.548526e+00
9.998774e-01 8.726971e-03 -1.299706e-02 3.513022e+00 -8.913930e-03 9.998566e-01 -1.439758e-02 -4.538029e-01 1.286950e-02 1.451170e-02 9.998118e-01 1.840837e+00
9.904638e-01 -1.231897e-01 -6.169066e-02 4.072321e+00 1.261742e-01 9.908911e-01 4.706381e-02 -5.254835e-01 5.533100e-02 -5.439880e-02 9.969852e-01 2.134244e+00
9.991201e-01 -7.385465e-03 -4.128541e-02 4.651455e+00 5.298848e-03 9.987138e-01 -5.042443e-02 -6.023832e-01 4.160466e-02 5.016133e-02 9.978741e-01 2.439871e+00
9.905330e-01 -1.028149e-01 -9.095931e-02 5.219779e+00 1.102620e-01 9.905941e-01 8.102870e-02 -6.781325e-01 8.177287e-02 -9.029099e-02 9.925527e-01 2.708310e+00
9.994077e-01 -3.410218e-02 4.617440e-03 5.740436e+00 3.425469e-02 9.986743e-01 -3.842096e-02 -7.464339e-01 -3.301147e-03 3.855642e-02 9.992509e-01 2.986640e+00
9.870876e-01 -1.373768e-01 -8.237506e-02 6.304457e+00 1.443152e-01 9.858576e-01 8.519386e-02 -8.227548e-01 6.950648e-02 -9.598184e-02 9.929534e-01 3.265786e+00
9.872570e-01 7.308623e-02 -1.413578e-01 6.929364e+00 -8.218012e-02 9.948341e-01 -5.959530e-02 -9.202196e-01 1.362719e-01 7.045273e-02 9.881631e-01 3.518568e+00
9.733664e-01 -2.148482e-01 7.998901e-02 7.456388e+00 2.089704e-01 9.749761e-01 7.584878e-02 -9.823631e-01 -9.428327e-02 -5.711338e-02 9.939059e-01 3.835128e+00
9.695982e-01 1.375833e-01 -2.023615e-01 7.997230e+00 -1.440199e-01 9.894225e-01 -1.736207e-02 -1.060659e+00 1.978322e-01 4.597836e-02 9.791569e-01 4.099510e+00
9.472852e-01 -3.025411e-01 1.054495e-01 8.553459e+00 2.958045e-01 9.523059e-01 7.492149e-02 -1.136363e+00 -1.230869e-01 -3.977968e-02 9.915984e-01 4.383415e+00
9.479778e-01 2.369918e-01 -2.125393e-01 9.103685e+00 -2.355093e-01 9.713237e-01 3.264387e-02 -1.208801e+00 2.141807e-01 1.910938e-02 9.766071e-01 4.659682e+00
9.272517e-01 -3.374002e-01 1.623742e-01 9.559265e+00 3.338454e-01 9.413250e-01 4.954281e-02 -1.271471e+00 -1.695626e-01 8.269154e-03 9.854848e-01 4.905423e+00
9.441618e-01 2.510382e-01 -2.133973e-01 1.001058e+01 -2.413472e-01 9.678563e-01 7.075063e-02 -1.333630e+00 2.242989e-01 -1.529712e-02 9.744003e-01 5.137939e+00
9.294791e-01 -3.079590e-01 2.030515e-01 1.046950e+01 3.135137e-01 9.495703e-01 5.044433e-03 -1.393527e+00 -1.943651e-01 5.897065e-02 9.791551e-01 5.377751e+00
9.449605e-01 1.806201e-01 -2.728115e-01 1.100414e+01 -1.525706e-01 9.808661e-01 1.209292e-01 -1.474180e+00 2.894337e-01 -7.265019e-02 9.544370e-01 5.624389e+00
9.576480e-01 -2.009305e-01 2.062456e-01 1.150029e+01 2.158892e-01 9.750028e-01 -5.254939e-02 -1.543694e+00 -1.905313e-01 9.484994e-02 9.770882e-01 5.872331e+00
9.630645e-01 1.302815e-01 -2.356556e-01 1.190847e+01 -9.477013e-02 9.831625e-01 1.562369e-01 -1.601483e+00 2.520425e-01 -1.281330e-01 9.591957e-01 6.082968e+00
9.728639e-01 -1.887002e-01 1.338958e-01 1.236107e+01 2.042423e-01 9.722909e-01 -1.137344e-01 -1.671084e+00 -1.087240e-01 1.379952e-01 9.844473e-01 6.276259e+00
8.357510e-01 -1.043168e-01 -5.391088e-01 1.310609e+01 8.556624e-02 9.945366e-01 -5.979280e-02 -1.809063e+00 5.424008e-01 3.842473e-03 8.401110e-01 6.560369e+00
9.992574e-01 -1.187411e-02 3.665774e-02 1.416517e+01 1.716387e-02 9.889058e-01 -1.475496e-01 -2.008124e+00 -3.449899e-02 1.480692e-01 9.883751e-01 7.149252e+00
8.660115e-01 -3.289039e-01 -3.766248e-01 1.491176e+01 2.972708e-01 9.443077e-01 -1.411130e-01 -2.143338e+00 4.020624e-01 1.024605e-02 9.155549e-01 7.560230e+00
9.696159e-01 7.525470e-02 -2.327698e-01 1.637197e+01 -1.036148e-01 9.882800e-01 -1.121013e-01 -2.408405e+00 2.216056e-01 1.328136e-01 9.660495e-01 8.201397e+00
8.811566e-01 -3.889814e-01 -2.688056e-01 1.785707e+01 3.576105e-01 9.201823e-01 -1.593086e-01 -2.675685e+00 3.093182e-01 4.424816e-02 9.499286e-01 8.915697e+00
9.479833e-01 2.447084e-01 -2.035816e-01 1.910122e+01 -2.457409e-01 9.691168e-01 2.059525e-02 -2.857283e+00 2.023342e-01 3.050433e-02 9.788413e-01 9.413990e+00
9.287827e-01 -3.504895e-01 -1.204980e-01 2.023871e+01 3.235594e-01 9.253483e-01 -1.975845e-01 -3.035382e+00 1.807539e-01 1.445249e-01 9.728518e-01 9.885989e+00
9.724278e-01 2.041265e-01 -1.127678e-01 2.113073e+01 -1.858713e-01 9.704548e-01 1.538490e-01 -3.166673e+00 1.408407e-01 -1.286468e-01 9.816384e-01 1.024239e+01
9.406558e-01 -3.273920e-01 -8.933644e-02 2.200926e+01 2.984692e-01 9.234060e-01 -2.413242e-01 -3.296450e+00 1.615014e-01 2.003389e-01 9.663238e-01 1.060921e+01
9.534091e-01 2.085735e-01 -2.179639e-01 2.304255e+01 -1.818204e-01 9.738060e-01 1.365408e-01 -3.427113e+00 2.407333e-01 -9.054897e-02 9.663583e-01 1.106766e+01
9.709551e-01 -1.997812e-01 -1.316570e-01 2.419551e+01 1.393587e-01 9.195071e-01 -3.675399e-01 -3.565244e+00 1.944871e-01 3.385173e-01 9.206415e-01 1.162492e+01
9.677575e-01 8.722169e-02 -2.363004e-01 2.532857e+01 -2.915259e-02 9.706130e-01 2.388736e-01 -3.719418e+00 2.501912e-01 -2.242830e-01 9.418607e-01 1.212784e+01
9.830759e-01 -7.926143e-02 -1.651644e-01 2.637692e+01 6.406598e-03 9.158828e-01 -4.013945e-01 -3.856383e+00 1.830864e-01 3.935431e-01 9.008902e-01 1.258361e+01
9.722092e-01 -4.462874e-02 -2.298209e-01 2.738648e+01 9.837900e-02 9.686623e-01 2.280683e-01 -3.991921e+00 2.124404e-01 -2.443397e-01 9.461328e-01 1.301622e+01
9.897961e-01 2.909229e-03 -1.424609e-01 2.831193e+01 -5.554253e-02 9.285855e-01 -3.669384e-01 -4.127531e+00 1.312197e-01 3.711069e-01 9.192720e-01 1.339920e+01
9.807216e-01 -6.043541e-02 -1.858300e-01 2.908294e+01 9.992041e-02 9.723422e-01 2.111084e-01 -4.225154e+00 1.679320e-01 -2.256068e-01 9.596356e-01 1.372328e+01
9.960685e-01 -1.461501e-02 -8.737228e-02 2.970731e+01 -1.223820e-02 9.541366e-01 -2.991209e-01 -4.335342e+00 8.773676e-02 2.990142e-01 9.502067e-01 1.400940e+01
9.884535e-01 -9.627631e-02 -1.170072e-01 3.026546e+01 1.287108e-01 9.409667e-01 3.130741e-01 -4.418288e+00 7.995824e-02 -3.245193e-01 9.424935e-01 1.426543e+01
9.827952e-01 1.789478e-01 4.573043e-02 3.069556e+01 -1.520992e-01 9.245966e-01 -3.492662e-01 -4.468999e+00 -1.047826e-01 3.363015e-01 9.359070e-01 1.452679e+01
9.881745e-01 -6.514914e-02 -1.388045e-01 3.107961e+01 1.081080e-01 9.379847e-01 3.293895e-01 -4.513490e+00 1.087371e-01 -3.405002e-01 9.339357e-01 1.474889e+01
9.888510e-01 1.454947e-01 -3.170148e-02 3.149507e+01 -1.474615e-01 9.271915e-01 -3.443412e-01 -4.570723e+00 -2.070646e-02 3.451769e-01 9.383092e-01 1.494437e+01
9.874444e-01 -2.532736e-02 -1.559237e-01 3.189950e+01 7.506923e-02 9.437208e-01 3.221116e-01 -4.617428e+00 1.389902e-01 -3.297723e-01 9.337730e-01 1.513813e+01
9.654127e-01 2.117014e-01 1.521866e-01 3.221696e+01 -1.581826e-01 9.395853e-01 -3.035747e-01 -4.643870e+00 -2.072595e-01 2.690016e-01 9.405752e-01 1.532009e+01
8.383966e-01 -3.836262e-01 -3.871977e-01 3.278214e+01 4.350597e-01 8.989340e-01 5.138994e-02 -4.752855e+00 3.283507e-01 -2.115393e-01 9.205634e-01 1.554168e+01
9.130479e-01 4.060599e-01 -3.819581e-02 3.379723e+01 -4.027870e-01 8.830314e-01 -2.408694e-01 -4.874750e+00 -6.407930e-02 2.353101e-01 9.698057e-01 1.604744e+01
8.609665e-01 -4.733477e-01 -1.862222e-01 3.515360e+01 4.168751e-01 8.663984e-01 -2.748982e-01 -5.026348e+00 2.914651e-01 1.590467e-01 9.432668e-01 1.689211e+01
9.442297e-01 -1.950169e-03 -3.292817e-01 3.655189e+01 -4.799097e-02 9.884902e-01 -1.434707e-01 -5.299769e+00 3.257715e-01 1.512719e-01 9.332683e-01 1.790328e+01
8.465484e-01 -5.260945e-01 -8.112021e-02 3.742135e+01 4.554792e-01 7.947675e-01 -4.011027e-01 -5.494566e+00 2.754896e-01 3.026042e-01 9.124342e-01 1.860630e+01
8.963511e-01 3.439512e-01 -2.797361e-01 3.839698e+01 -2.674493e-01 9.227286e-01 2.775657e-01 -5.637821e+00 3.535896e-01 -1.739810e-01 9.190783e-01 1.919019e+01
9.502527e-01 -2.527068e-01 -1.820965e-01 3.929183e+01 1.453670e-01 8.768451e-01 -4.582699e-01 -5.760413e+00 2.754783e-01 4.090013e-01 8.699596e-01 1.966691e+01
9.448106e-01 9.466540e-02 -3.136420e-01 4.007368e+01 1.960672e-02 9.392894e-01 3.425651e-01 -5.891761e+00 3.270297e-01 -3.298085e-01 8.855946e-01 2.001463e+01
9.940944e-01 6.587181e-02 -8.623999e-02 4.078448e+01 -9.761748e-02 8.899560e-01 -4.454766e-01 -5.994427e+00 4.740546e-02 4.512642e-01 8.911304e-01 2.032997e+01
9.483436e-01 -1.414327e-01 -2.839737e-01 4.143545e+01 2.387413e-01 9.076416e-01 3.452379e-01 -6.098703e+00 2.089184e-01 -3.952004e-01 8.945220e-01 2.061088e+01
9.714140e-01 2.315090e-01 -5.252066e-02 4.196820e+01 -2.343410e-01 8.998115e-01 -3.679995e-01 -6.172642e+00 -3.793650e-02 3.697876e-01 9.283415e-01 2.082758e+01
9.359722e-01 -3.151951e-01 -1.568693e-01 4.242001e+01 3.488659e-01 8.903068e-01 2.926539e-01 -6.249629e+00 4.741874e-02 -3.286423e-01 9.432633e-01 2.105599e+01
9.417314e-01 3.272147e-01 -7.792601e-02 4.286990e+01 -3.360812e-01 9.058054e-01 -2.580041e-01 -6.298597e+00 -1.383694e-02 2.691600e-01 9.629961e-01 2.127589e+01
9.404508e-01 -3.204091e-01 -1.135348e-01 4.331107e+01 3.366088e-01 9.243573e-01 1.796049e-01 -6.353848e+00 4.739971e-02 -2.071263e-01 9.771653e-01 2.154898e+01
9.151444e-01 3.729410e-01 -1.530546e-01 4.379824e+01 -4.014179e-01 8.779492e-01 -2.609004e-01 -6.412457e+00 3.707367e-02 3.002004e-01 9.531554e-01 2.188514e+01
8.606593e-01 -4.950714e-01 -1.190368e-01 4.443058e+01 4.824361e-01 8.676263e-01 -1.203328e-01 -6.504599e+00 1.628528e-01 4.613796e-02 9.855710e-01 2.236178e+01
8.616887e-01 1.899477e-01 -4.705448e-01 4.519037e+01 -3.219806e-01 9.213791e-01 -2.176906e-01 -6.645853e+00 3.922003e-01 3.390877e-01 8.551014e-01 2.296466e+01
8.822836e-01 -4.559940e-01 1.168121e-01 4.594968e+01 4.707039e-01 8.565965e-01 -2.113770e-01 -6.791295e+00 -3.674172e-03 2.414784e-01 9.703992e-01 2.354205e+01
8.107859e-01 1.351489e-01 -5.695270e-01 4.668937e+01 -1.570661e-01 9.875298e-01 1.073973e-02 -6.930829e+00 5.638763e-01 8.074570e-02 8.219025e-01 2.411492e+01
9.725419e-01 -1.866103e-01 1.390641e-01 4.742627e+01 2.303168e-01 8.575332e-01 -4.599901e-01 -7.063191e+00 -3.341319e-02 4.793885e-01 8.769665e-01 2.468561e+01
7.789600e-01 -1.449569e-01 -6.100893e-01 4.821837e+01 1.883898e-01 9.820680e-01 7.196621e-03 -7.212455e+00 5.981060e-01 -1.205405e-01 7.923000e-01 2.527885e+01
9.868330e-01 9.580414e-02 1.303158e-01 4.910636e+01 2.391868e-02 7.104004e-01 -7.033911e-01 -7.378040e+00 -1.599642e-01 6.972466e-01 6.987551e-01 2.605285e+01
6.689880e-01 -6.384521e-01 -3.805706e-01 4.996999e+01 7.246896e-01 6.740543e-01 1.430937e-01 -7.581933e+00 1.651668e-01 -3.715237e-01 9.136138e-01 2.680736e+01
8.962924e-01 2.656042e-01 -3.551259e-01 5.060955e+01 -3.994421e-01 8.313757e-01 -3.863421e-01 -7.736395e+00 1.926289e-01 4.881278e-01 8.512492e-01 2.733663e+01
8.410898e-01 -5.368514e-01 -6.601933e-02 5.123181e+01 5.408641e-01 8.334375e-01 1.133489e-01 -7.849155e+00 -5.828479e-03 -1.310442e-01 9.913594e-01 2.771286e+01
7.923631e-01 2.224918e-01 -5.680300e-01 5.193039e+01 -2.951218e-01 9.547146e-01 -3.772244e-02 -8.025253e+00 5.339136e-01 1.975280e-01 8.221429e-01 2.820659e+01
7.749444e-01 -2.948714e-01 5.590278e-01 5.213450e+01 2.184433e-01 9.549473e-01 2.008937e-01 -8.056148e+00 -5.930798e-01 -3.356559e-02 8.044437e-01 2.834503e+01
7.892646e-01 2.163473e-01 -5.746783e-01 5.234706e+01 -2.987960e-01 9.529196e-01 -5.162459e-02 -8.087801e+00 5.364533e-01 2.124571e-01 8.167495e-01 2.849095e+01
7.754710e-01 -2.806679e-01 5.655709e-01 5.256674e+01 1.907831e-01 9.580549e-01 2.138519e-01 -8.119652e+00 -6.018693e-01 -5.793467e-02 7.964904e-01 2.863333e+01
7.899401e-01 1.930219e-01 -5.820113e-01 5.276957e+01 -2.860122e-01 9.555710e-01 -7.128118e-02 -8.151243e+00 5.423942e-01 2.227703e-01 8.100505e-01 2.876467e+01
7.833923e-01 -2.978012e-01 5.455374e-01 5.297127e+01 2.042667e-01 9.523412e-01 2.265424e-01 -8.183698e+00 -5.870023e-01 -6.603655e-02 8.068875e-01 2.889411e+01
7.893080e-01 1.931547e-01 -5.828242e-01 5.319053e+01 -2.914698e-01 9.533298e-01 -7.878761e-02 -8.218190e+00 5.404055e-01 2.320635e-01 8.087697e-01 2.902922e+01
7.877235e-01 -2.676098e-01 5.548665e-01 5.343144e+01 1.680636e-01 9.599039e-01 2.243638e-01 -8.252408e+00 -5.926604e-01 -8.348382e-02 8.011143e-01 2.917955e+01
7.948570e-01 1.689012e-01 -5.828163e-01 5.367306e+01 -2.765405e-01 9.557675e-01 -1.001687e-01 -8.287361e+00 5.401182e-01 2.407922e-01 8.064065e-01 2.933244e+01
7.947867e-01 -2.589605e-01 5.488658e-01 5.392004e+01 1.619249e-01 9.620927e-01 2.194492e-01 -8.323905e+00 -5.848884e-01 -8.554029e-02 8.065907e-01 2.948588e+01
7.916050e-01 1.671963e-01 -5.877133e-01 5.416478e+01 -2.749615e-01 9.564206e-01 -9.826374e-02 -8.358585e+00 5.456717e-01 2.393847e-01 8.030799e-01 2.964302e+01
7.851018e-01 -2.510183e-01 5.662200e-01 5.440727e+01 1.482857e-01 9.637835e-01 2.216591e-01 -8.393666e+00 -6.013539e-01 -9.006273e-02 7.938906e-01 2.979731e+01
7.988560e-01 1.510023e-01 -5.822606e-01 5.460106e+01 -2.552869e-01 9.615887e-01 -1.008747e-01 -8.422655e+00 5.446629e-01 2.292280e-01 8.067198e-01 2.993329e+01
7.844965e-01 -2.253479e-01 5.777402e-01 5.479030e+01 1.217063e-01 9.694687e-01 2.128803e-01 -8.450237e+00 -6.080731e-01 -9.668925e-02 7.879711e-01 3.006353e+01
8.047158e-01 1.252527e-01 -5.802967e-01 5.496947e+01 -2.366935e-01 9.641290e-01 -1.201304e-01 -8.477980e+00 5.444341e-01 2.340234e-01 8.054964e-01 3.019330e+01
7.854142e-01 -2.288901e-01 5.750948e-01 5.514346e+01 1.114464e-01 9.662245e-01 2.323575e-01 -8.505465e+00 -6.088549e-01 -1.184047e-01 7.843954e-01 3.031649e+01
7.829481e-01 1.017001e-01 -6.137176e-01 5.534754e+01 -2.115471e-01 9.712787e-01 -1.089285e-01 -8.536247e+00 5.850128e-01 2.151157e-01 7.819752e-01 3.045735e+01
7.964328e-01 -1.555123e-01 5.843892e-01 5.562959e+01 7.430598e-02 9.842118e-01 1.606416e-01 -8.571190e+00 -6.001445e-01 -8.451671e-02 7.954141e-01 3.063021e+01
7.793874e-01 5.979802e-02 -6.236821e-01 5.589877e+01 -1.703676e-01 9.781544e-01 -1.191163e-01 -8.613411e+00 6.029345e-01 1.990930e-01 7.725489e-01 3.079188e+01
7.796234e-01 -1.773137e-01 6.006224e-01 5.613282e+01 6.008986e-02 9.758349e-01 2.100844e-01 -8.649049e+00 -6.233591e-01 -1.276955e-01 7.714385e-01 3.093987e+01
7.812949e-01 5.170873e-02 -6.220165e-01 5.634700e+01 -1.664757e-01 9.777251e-01 -1.278257e-01 -8.683068e+00 6.015514e-01 2.034203e-01 7.724999e-01 3.108281e+01
7.917069e-01 -1.735209e-01 5.857396e-01 5.659131e+01 5.936802e-02 9.761277e-01 2.089264e-01 -8.718009e+00 -6.080096e-01 -1.306343e-01 7.831086e-01 3.124244e+01
7.594414e-01 2.152922e-02 -6.502193e-01 5.686121e+01 -1.311686e-01 9.839945e-01 -1.206213e-01 -8.766346e+00 6.372154e-01 1.768932e-01 7.501102e-01 3.141741e+01
7.674937e-01 -1.388944e-01 6.258290e-01 5.710461e+01 2.633137e-02 9.822525e-01 1.857059e-01 -8.801623e+00 -6.405155e-01 -1.260492e-01 7.575299e-01 3.157756e+01
7.619942e-01 1.770846e-02 -6.473417e-01 5.740558e+01 -1.335656e-01 9.824306e-01 -1.303468e-01 -8.845913e+00 6.336600e-01 1.857862e-01 7.509716e-01 3.175740e+01
7.744793e-01 -1.543264e-01 6.134861e-01 5.769661e+01 3.651497e-02 9.790754e-01 2.001953e-01 -8.886293e+00 -6.315445e-01 -1.326457e-01 7.639089e-01 3.192974e+01
7.513542e-01 2.299727e-02 -6.594983e-01 5.799423e+01 -1.342088e-01 9.838309e-01 -1.185947e-01 -8.931060e+00 6.461074e-01 1.776172e-01 7.422919e-01 3.209831e+01
7.630250e-01 -1.738961e-01 6.225377e-01 5.829578e+01 7.536824e-02 9.804968e-01 1.815097e-01 -8.978672e+00 -6.419599e-01 -9.157692e-02 7.612497e-01 3.226367e+01
7.482513e-01 3.148143e-02 -6.626680e-01 5.862582e+01 -1.032799e-01 9.922225e-01 -6.948095e-02 -9.030293e+00 6.553267e-01 1.204296e-01 7.456832e-01 3.243387e+01
7.547266e-01 -1.821415e-01 6.302478e-01 5.895480e+01 1.079469e-01 9.820701e-01 1.545507e-01 -9.078771e+00 -6.470975e-01 -4.861031e-02 7.608560e-01 3.260160e+01
7.375096e-01 7.872966e-02 -6.707318e-01 5.929270e+01 -1.180581e-01 9.929180e-01 -1.326453e-02 -9.128668e+00 6.649374e-01 8.896817e-02 7.415813e-01 3.277923e+01
7.478190e-01 -1.862390e-01 6.372455e-01 5.964673e+01 1.530896e-01 9.823539e-01 1.074455e-01 -9.184471e+00 -6.460111e-01 1.720579e-02 7.631341e-01 3.295477e+01
7.360409e-01 1.311034e-01 -6.641202e-01 5.999391e+01 -1.187359e-01 9.908604e-01 6.401050e-02 -9.233015e+00 6.664424e-01 3.174067e-02 7.448805e-01 3.313446e+01
7.459315e-01 -1.982556e-01 6.358309e-01 6.032896e+01 2.140439e-01 9.753840e-01 5.302211e-02 -9.286318e+00 -6.306912e-01 9.654482e-02 7.700051e-01 3.330414e+01
7.465257e-01 1.684906e-01 -6.436694e-01 6.067834e+01 -1.070441e-01 9.852174e-01 1.337467e-01 -9.339112e+00 6.566894e-01 -3.094425e-02 7.535260e-01 3.348075e+01
7.554987e-01 -2.028176e-01 6.229661e-01 6.103533e+01 2.574358e-01 9.662925e-01 2.389577e-03 -9.391129e+00 -6.024521e-01 1.585684e-01 7.822452e-01 3.366448e+01
7.565395e-01 2.130202e-01 -6.182802e-01 6.140109e+01 -1.117599e-01 9.736649e-01 1.987117e-01 -9.444256e+00 6.443273e-01 -8.123425e-02 7.604231e-01 3.385326e+01
7.646929e-01 -2.000577e-01 6.125534e-01 6.177684e+01 2.911370e-01 9.552969e-01 -5.145021e-02 -9.498046e+00 -5.748773e-01 2.176805e-01 7.887530e-01 3.404749e+01
7.656948e-01 2.615854e-01 -5.876092e-01 6.214203e+01 -1.296361e-01 9.575803e-01 2.573603e-01 -9.549956e+00 6.300047e-01 -1.208840e-01 7.671252e-01 3.424226e+01
7.678483e-01 -2.211031e-01 6.012673e-01 6.250574e+01 3.398650e-01 9.361807e-01 -8.976440e-02 -9.602610e+00 -5.430476e-01 2.732751e-01 7.939899e-01 3.443233e+01
7.774973e-01 3.027968e-01 -5.511914e-01 6.288141e+01 -1.511674e-01 9.407430e-01 3.035637e-01 -9.653172e+00 6.104476e-01 -1.526978e-01 7.771982e-01 3.464627e+01
8.039162e-01 -1.800894e-01 5.668215e-01 6.321847e+01 3.087069e-01 9.409645e-01 -1.388740e-01 -9.698385e+00 -5.083492e-01 2.866247e-01 8.120514e-01 3.482840e+01
8.113576e-01 2.836074e-01 -5.111416e-01 6.350969e+01 -1.346361e-01 9.415756e-01 3.087204e-01 -9.742228e+00 5.688339e-01 -1.816644e-01 8.021384e-01 3.498710e+01
8.031380e-01 -1.898609e-01 5.647320e-01 6.378331e+01 3.311587e-01 9.302144e-01 -1.582253e-01 -9.783093e+00 -4.952810e-01 3.140927e-01 8.099645e-01 3.514231e+01
8.186190e-01 3.015846e-01 -4.887839e-01 6.406357e+01 -1.396205e-01 9.300080e-01 3.399870e-01 -9.823868e+00 5.571078e-01 -2.100755e-01 8.034296e-01 3.530057e+01
8.090583e-01 -2.042648e-01 5.510904e-01 6.434752e+01 3.567661e-01 9.158315e-01 -1.843119e-01 -9.865374e+00 -4.670574e-01 3.457294e-01 8.138357e-01 3.545675e+01
8.318304e-01 3.133867e-01 -4.580906e-01 6.464656e+01 -1.380338e-01 9.162196e-01 3.761490e-01 -9.909857e+00 5.375917e-01 -2.496602e-01 8.053974e-01 3.561797e+01
8.203619e-01 -2.197234e-01 5.279470e-01 6.494028e+01 3.795324e-01 8.997862e-01 -2.152676e-01 -9.954029e+00 -4.277401e-01 3.769703e-01 8.215424e-01 3.577763e+01
8.446819e-01 3.240594e-01 -4.260258e-01 6.523959e+01 -1.381087e-01 9.009066e-01 4.114525e-01 -9.998774e+00 5.171446e-01 -2.887086e-01 8.057350e-01 3.593997e+01
8.351540e-01 -2.285655e-01 5.002756e-01 6.556735e+01 3.982317e-01 8.786658e-01 -2.633591e-01 -1.004820e+01 -3.793802e-01 4.191710e-01 8.248432e-01 3.611021e+01
8.552944e-01 3.329795e-01 -3.969838e-01 6.594831e+01 -1.283316e-01 8.784304e-01 4.603162e-01 -1.010418e+01 5.019985e-01 -3.427603e-01 7.940484e-01 3.630618e+01
8.637532e-01 -2.274035e-01 4.496866e-01 6.637392e+01 3.968966e-01 8.568547e-01 -3.290491e-01 -1.016470e+01 -3.104891e-01 4.626962e-01 8.303666e-01 3.652537e+01
8.804925e-01 3.371367e-01 -3.332743e-01 6.680676e+01 -1.399416e-01 8.565386e-01 4.967472e-01 -1.022546e+01 4.529341e-01 -3.907432e-01 8.013554e-01 3.675720e+01
8.949106e-01 -2.296169e-01 3.826370e-01 6.724778e+01 3.796207e-01 8.424547e-01 -3.823068e-01 -1.028816e+01 -2.345702e-01 4.873873e-01 8.410889e-01 3.698260e+01
9.073965e-01 3.185018e-01 -2.742045e-01 6.769152e+01 -1.356010e-01 8.394192e-01 5.262961e-01 -1.035010e+01 3.977989e-01 -4.403768e-01 8.048753e-01 3.721515e+01
9.133447e-01 -2.093662e-01 3.492380e-01 6.811863e+01 3.545511e-01 8.306864e-01 -4.292479e-01 -1.040915e+01 -2.002372e-01 5.158740e-01 8.329340e-01 3.744258e+01
9.326792e-01 2.682446e-01 -2.411522e-01 6.853444e+01 -9.443741e-02 8.268268e-01 5.544717e-01 -1.046727e+01 3.481251e-01 -4.943704e-01 7.964965e-01 3.766829e+01
9.317873e-01 -2.046797e-01 2.997978e-01 6.897172e+01 3.319440e-01 8.146936e-01 -4.754868e-01 -1.052528e+01 -1.469208e-01 5.425686e-01 8.270633e-01 3.791250e+01
9.555059e-01 2.275645e-01 -1.876774e-01 6.941749e+01 -7.800923e-02 8.085514e-01 5.832315e-01 -1.058545e+01 2.844696e-01 -5.426406e-01 7.903279e-01 3.815979e+01
9.545596e-01 -1.935368e-01 2.266264e-01 6.986459e+01 2.876047e-01 7.975168e-01 -5.303308e-01 -1.064603e+01 -7.809978e-02 5.714111e-01 8.169393e-01 3.840486e+01
9.763170e-01 1.781119e-01 -1.228060e-01 7.031902e+01 -6.861010e-02 7.932433e-01 6.050269e-01 -1.070693e+01 2.051775e-01 -5.822723e-01 7.866772e-01 3.865628e+01
9.729905e-01 -1.753773e-01 1.501074e-01 7.078372e+01 2.301757e-01 7.865422e-01 -5.730363e-01 -1.076889e+01 -1.756822e-02 5.921100e-01 8.056657e-01 3.891538e+01
9.881559e-01 1.382419e-01 -6.661050e-02 7.124419e+01 -6.810631e-02 7.840783e-01 6.169139e-01 -1.083022e+01 1.375113e-01 -6.050705e-01 7.842068e-01 3.917235e+01
9.791906e-01 -1.939340e-01 5.979427e-02 7.171430e+01 1.906414e-01 7.779846e-01 -5.986619e-01 -1.089308e+01 6.958187e-02 5.976033e-01 7.987669e-01 3.943728e+01
9.978557e-01 6.538223e-02 3.000178e-03 7.220017e+01 -5.248635e-02 7.719703e-01 6.334879e-01 -1.095664e+01 3.910285e-02 -6.322870e-01 7.737468e-01 3.970758e+01
9.852514e-01 -1.695134e-01 -2.334678e-02 7.268635e+01 1.196659e-01 7.801043e-01 -6.140989e-01 -1.101886e+01 1.223109e-01 6.022479e-01 7.888837e-01 3.998423e+01
9.984388e-01 -1.540540e-02 5.368968e-02 7.318434e+01 -2.209031e-02 7.739422e-01 6.328708e-01 -1.108286e+01 -5.130228e-02 -6.330687e-01 7.723937e-01 4.026642e+01
9.828498e-01 -1.362367e-01 -1.242818e-01 7.368778e+01 3.379609e-02 7.956063e-01 -6.048707e-01 -1.114781e+01 1.812850e-01 5.902968e-01 7.865656e-01 4.054500e+01
9.883003e-01 -1.040859e-01 1.114831e-01 7.420588e+01 1.357798e-02 7.880817e-01 6.154208e-01 -1.121480e+01 -1.519143e-01 -6.067069e-01 7.802748e-01 4.083647e+01
9.621062e-01 -1.234374e-01 -2.431357e-01 7.473600e+01 -3.924551e-02 8.196982e-01 -5.714497e-01 -1.128286e+01 2.698361e-01 5.593372e-01 7.837923e-01 4.113020e+01
9.659406e-01 -1.754420e-01 1.902069e-01 7.527070e+01 3.476512e-02 8.163843e-01 5.764617e-01 -1.135223e+01 -2.564175e-01 -5.502152e-01 7.946781e-01 4.142687e+01
9.309575e-01 8.562066e-02 -3.549471e-01 7.565103e+01 -2.760472e-01 8.013325e-01 -5.307204e-01 -1.140003e+01 2.389900e-01 5.920602e-01 7.696418e-01 4.164648e+01
9.215354e-01 -2.895657e-01 2.586970e-01 7.583540e+01 8.304340e-02 7.977994e-01 5.971766e-01 -1.143049e+01 -3.793101e-01 -5.288363e-01 7.592469e-01 4.176859e+01
9.316521e-01 7.300522e-02 -3.559420e-01 7.600447e+01 -2.667261e-01 8.026343e-01 -5.335124e-01 -1.145956e+01 2.467421e-01 5.919869e-01 7.672482e-01 4.189264e+01
9.173942e-01 -3.131914e-01 2.455585e-01 7.620979e+01 1.110856e-01 7.940021e-01 5.976794e-01 -1.149628e+01 -3.821619e-01 -5.210296e-01 7.632040e-01 4.203140e+01
9.183418e-01 8.921617e-02 -3.856020e-01 7.644771e+01 -2.865658e-01 8.218886e-01 -4.923202e-01 -1.153360e+01 2.729990e-01 5.626186e-01 7.803409e-01 4.218013e+01
9.257908e-01 -3.068016e-01 2.208713e-01 7.676453e+01 1.247147e-01 7.994186e-01 5.876870e-01 -1.157012e+01 -3.568719e-01 -5.165294e-01 7.783571e-01 4.238751e+01
9.050714e-01 9.439262e-02 -4.146516e-01 7.712491e+01 -3.116182e-01 8.107094e-01 -4.956253e-01 -1.163550e+01 2.893785e-01 5.777892e-01 7.631643e-01 4.258468e+01
9.031844e-01 -3.273990e-01 2.776108e-01 7.739774e+01 1.064968e-01 7.974193e-01 5.939535e-01 -1.167521e+01 -4.158319e-01 -5.068849e-01 7.550837e-01 4.274390e+01
9.134539e-01 1.152200e-01 -3.902902e-01 7.762351e+01 -3.164705e-01 8.040688e-01 -5.033089e-01 -1.170783e+01 2.558289e-01 5.832648e-01 7.709434e-01 4.288881e+01
9.068542e-01 -3.274298e-01 2.653395e-01 7.784247e+01 1.155682e-01 7.986644e-01 5.905753e-01 -1.174140e+01 -4.052891e-01 -5.049009e-01 7.621127e-01 4.303554e+01
9.139201e-01 1.231596e-01 -3.867582e-01 7.805368e+01 -3.201119e-01 8.045468e-01 -5.002328e-01 -1.177313e+01 2.495566e-01 5.809786e-01 7.747163e-01 4.318203e+01
9.101618e-01 -3.212806e-01 2.615035e-01 7.828151e+01 1.144949e-01 8.017759e-01 5.865546e-01 -1.180761e+01 -3.981158e-01 -5.039188e-01 7.665309e-01 4.332953e+01
9.179935e-01 1.303841e-01 -3.745506e-01 7.849626e+01 -3.197239e-01 8.020940e-01 -5.044025e-01 -1.183855e+01 2.346588e-01 5.827909e-01 7.780039e-01 4.347490e+01
9.162405e-01 -3.074912e-01 2.568119e-01 7.872365e+01 1.033551e-01 8.007459e-01 5.900200e-01 -1.187059e+01 -3.870671e-01 -5.140574e-01 7.654567e-01 4.362699e+01
9.237892e-01 1.034432e-01 -3.686639e-01 7.893341e+01 -2.962147e-01 8.031721e-01 -5.168862e-01 -1.190201e+01 2.426322e-01 5.866976e-01 7.726031e-01 4.377292e+01
9.148277e-01 -3.222288e-01 2.434314e-01 7.916529e+01 1.212470e-01 7.941292e-01 5.955317e-01 -1.193903e+01 -3.852134e-01 -5.152936e-01 7.655607e-01 4.392470e+01
9.129293e-01 1.058779e-01 -3.941448e-01 7.940633e+01 -3.077890e-01 8.128168e-01 -4.945653e-01 -1.197716e+01 2.680039e-01 5.728165e-01 7.746322e-01 4.407413e+01
9.062969e-01 -3.349148e-01 2.577945e-01 7.964394e+01 1.298551e-01 8.011142e-01 5.842547e-01 -1.201506e+01 -4.021983e-01 -4.960323e-01 7.695378e-01 4.422801e+01
9.094660e-01 1.025424e-01 -4.029352e-01 7.985833e+01 -3.101182e-01 8.128110e-01 -4.931176e-01 -1.205261e+01 2.769447e-01 5.734312e-01 7.710242e-01 4.436586e+01
8.940719e-01 -3.608298e-01 2.654001e-01 8.008771e+01 1.487375e-01 7.980517e-01 5.839440e-01 -1.209144e+01 -4.225073e-01 -4.826130e-01 7.671846e-01 4.450680e+01
8.971361e-01 1.108903e-01 -4.276101e-01 8.031919e+01 -3.212781e-01 8.281514e-01 -4.592882e-01 -1.213144e+01 3.031953e-01 5.494257e-01 7.785910e-01 4.464084e+01
8.820478e-01 -3.723819e-01 2.886577e-01 8.056104e+01 1.562541e-01 8.091753e-01 5.664098e-01 -1.216917e+01 -4.444953e-01 -4.544966e-01 7.719176e-01 4.479242e+01
8.796538e-01 1.298193e-01 -4.575547e-01 8.082792e+01 -3.472466e-01 8.326904e-01 -4.313311e-01 -1.221025e+01 3.250063e-01 5.383063e-01 7.775585e-01 4.494849e+01
8.658230e-01 -3.854031e-01 3.190844e-01 8.109521e+01 1.577510e-01 8.154628e-01 5.568977e-01 -1.224943e+01 -4.748316e-01 -4.318389e-01 7.668442e-01 4.510641e+01
8.701352e-01 1.281703e-01 -4.758543e-01 8.137962e+01 -3.512968e-01 8.385108e-01 -4.165216e-01 -1.229223e+01 3.456232e-01 5.295962e-01 7.746435e-01 4.527192e+01
8.693265e-01 -3.603538e-01 3.382551e-01 8.166654e+01 1.348857e-01 8.313995e-01 5.390554e-01 -1.233249e+01 -4.754757e-01 -4.229894e-01 7.713642e-01 4.543853e+01
8.723740e-01 1.103197e-01 -4.762283e-01 8.195271e+01 -3.271842e-01 8.555871e-01 -4.011499e-01 -1.237286e+01 3.632000e-01 5.057671e-01 7.824867e-01 4.560438e+01
8.646872e-01 -3.595435e-01 3.507769e-01 8.225498e+01 1.355211e-01 8.394143e-01 5.263247e-01 -1.241590e+01 -4.836837e-01 -4.075685e-01 7.745566e-01 4.577536e+01
8.700559e-01 1.095371e-01 -4.806293e-01 8.255841e+01 -3.191602e-01 8.682305e-01 -3.798849e-01 -1.245869e+01 3.756855e-01 4.839188e-01 7.903689e-01 4.594763e+01
8.747626e-01 -3.084800e-01 3.736715e-01 8.281960e+01 8.599317e-02 8.577610e-01 5.068048e-01 -1.249326e+01 -4.768600e-01 -4.112007e-01 7.768645e-01 4.609701e+01
8.900297e-01 1.206936e-01 -4.396366e-01 8.302290e+01 -3.228711e-01 8.476886e-01 -4.209256e-01 -1.252019e+01 3.218718e-01 5.165822e-01 7.934364e-01 4.624316e+01
8.702947e-01 -3.551193e-01 3.412876e-01 8.327220e+01 1.467790e-01 8.484395e-01 5.085336e-01 -1.256081e+01 -4.701519e-01 -3.924802e-01 7.905165e-01 4.640385e+01
8.710974e-01 1.791526e-01 -4.572678e-01 8.353116e+01 -3.704566e-01 8.509623e-01 -3.723238e-01 -1.259169e+01 3.224149e-01 4.937281e-01 8.076393e-01 4.656249e+01
8.670499e-01 -3.414533e-01 3.628139e-01 8.373694e+01 1.232362e-01 8.525735e-01 5.078692e-01 -1.261908e+01 -4.827391e-01 -3.956362e-01 7.813033e-01 4.670699e+01
8.818091e-01 1.642062e-01 -4.420965e-01 8.393117e+01 -3.571829e-01 8.446595e-01 -3.987113e-01 -1.264449e+01 3.079501e-01 5.094965e-01 8.034800e-01 4.684786e+01
8.599376e-01 -3.930602e-01 3.255931e-01 8.420267e+01 2.007352e-01 8.469648e-01 4.922966e-01 -1.268968e+01 -4.692681e-01 -3.579863e-01 8.072380e-01 4.701515e+01
8.642603e-01 1.583376e-01 -4.774763e-01 8.456008e+01 -3.435990e-01 8.790676e-01 -3.304238e-01 -1.273878e+01 3.674154e-01 4.496324e-01 8.141478e-01 4.721631e+01
8.653845e-01 -3.957870e-01 3.073471e-01 8.493640e+01 2.160213e-01 8.480665e-01 4.838574e-01 -1.279064e+01 -4.521552e-01 -3.523292e-01 8.194021e-01 4.740998e+01
8.748134e-01 1.711206e-01 -4.532322e-01 8.529220e+01 -3.344061e-01 8.902088e-01 -3.093555e-01 -1.284061e+01 3.505342e-01 4.221919e-01 8.359903e-01 4.761008e+01
8.958720e-01 -3.197209e-01 3.085318e-01 8.560080e+01 1.634562e-01 8.828657e-01 4.402616e-01 -1.287992e+01 -4.131529e-01 -3.439866e-01 8.431950e-01 4.778502e+01
9.070410e-01 1.991458e-01 -3.709687e-01 8.583157e+01 -3.374898e-01 8.706881e-01 -3.577749e-01 -1.290830e+01 2.517487e-01 4.497146e-01 8.569594e-01 4.793889e+01
9.044627e-01 -3.071317e-01 2.960020e-01 8.604281e+01 1.483237e-01 8.770901e-01 4.568512e-01 -1.293669e+01 -3.999339e-01 -3.693007e-01 8.388503e-01 4.808233e+01
9.148731e-01 1.721543e-01 -3.651990e-01 8.623342e+01 -3.151414e-01 8.699097e-01 -3.793981e-01 -1.296367e+01 2.523751e-01 4.621904e-01 8.501099e-01 4.821788e+01
9.120325e-01 -3.158758e-01 2.615704e-01 8.643314e+01 1.684703e-01 8.700546e-01 4.632739e-01 -1.299441e+01 -3.739175e-01 -3.784540e-01 8.467339e-01 4.835539e+01
9.184648e-01 1.803613e-01 -3.519836e-01 8.662915e+01 -3.163777e-01 8.691045e-01 -3.802137e-01 -1.302368e+01 2.373347e-01 4.605726e-01 8.553041e-01 4.849531e+01
9.079605e-01 -3.538914e-01 2.244290e-01 8.684005e+01 2.161400e-01 8.543094e-01 4.726933e-01 -1.305978e+01 -3.590139e-01 -3.806789e-01 8.521694e-01 4.863223e+01
9.092414e-01 1.915862e-01 -3.695605e-01 8.708097e+01 -3.310028e-01 8.711069e-01 -3.627807e-01 -1.310079e+01 2.524229e-01 4.521808e-01 8.554620e-01 4.877102e+01
9.064722e-01 -3.523024e-01 2.327898e-01 8.729885e+01 2.124244e-01 8.569069e-01 4.696662e-01 -1.313546e+01 -3.649437e-01 -3.762892e-01 8.516000e-01 4.891080e+01
9.099405e-01 2.078122e-01 -3.589186e-01 8.751648e+01 -3.430152e-01 8.635465e-01 -3.696323e-01 -1.317070e+01 2.331288e-01 4.594579e-01 8.570586e-01 4.905113e+01
9.050098e-01 -3.342900e-01 2.630727e-01 8.771889e+01 1.843712e-01 8.655659e-01 4.656211e-01 -1.320061e+01 -3.833592e-01 -3.728887e-01 8.449792e-01 4.919181e+01
9.139187e-01 1.876445e-01 -3.599198e-01 8.791698e+01 -3.273319e-01 8.650563e-01 -3.801728e-01 -1.323064e+01 2.400136e-01 4.652603e-01 8.520131e-01 4.933392e+01
9.100580e-01 -3.126655e-01 2.720929e-01 8.812042e+01 1.545391e-01 8.650942e-01 4.772102e-01 -1.326021e+01 -3.845931e-01 -3.922400e-01 8.356051e-01 4.947375e+01
9.224458e-01 9.958896e-02 -3.730630e-01 8.836100e+01 -2.556208e-01 8.816378e-01 -3.967024e-01 -1.330228e+01 2.893992e-01 4.612991e-01 8.387200e-01 4.962310e+01
9.103969e-01 -3.304351e-01 2.489778e-01 8.867134e+01 1.747005e-01 8.525193e-01 4.926363e-01 -1.335031e+01 -3.750427e-01 -4.049981e-01 8.338582e-01 4.978379e+01
9.099502e-01 1.282445e-01 -3.943910e-01 8.897216e+01 -2.829635e-01 8.872276e-01 -3.643608e-01 -1.339684e+01 3.031873e-01 4.431484e-01 8.436213e-01 4.994247e+01
8.948760e-01 -3.397710e-01 2.894001e-01 8.926845e+01 1.736138e-01 8.623555e-01 4.756063e-01 -1.344062e+01 -4.111630e-01 -3.753648e-01 8.306902e-01 5.010651e+01
8.993226e-01 1.567015e-01 -4.082447e-01 8.954308e+01 -3.099779e-01 8.869463e-01 -3.424031e-01 -1.348248e+01 3.084360e-01 4.344777e-01 8.462248e-01 5.026514e+01
8.862875e-01 -3.570340e-01 2.949932e-01 8.980482e+01 1.918007e-01 8.627161e-01 4.679033e-01 -1.352138e+01 -4.215528e-01 -3.581169e-01 8.330939e-01 5.041551e+01
8.914807e-01 1.655355e-01 -4.217349e-01 9.008131e+01 -3.192403e-01 8.900279e-01 -3.254779e-01 -1.356263e+01 3.214777e-01 4.247920e-01 8.462883e-01 5.057161e+01
8.801985e-01 -3.640219e-01 3.045299e-01 9.035972e+01 2.048797e-01 8.702177e-01 4.480463e-01 -1.360445e+01 -4.281060e-01 -3.319778e-01 8.405451e-01 5.073056e+01
8.794486e-01 1.923369e-01 -4.354042e-01 9.063598e+01 -3.450471e-01 8.877164e-01 -3.047985e-01 -1.364509e+01 3.278914e-01 4.182895e-01 8.470662e-01 5.089103e+01
8.743895e-01 -3.569049e-01 3.287274e-01 9.089001e+01 1.914180e-01 8.762508e-01 4.422031e-01 -1.368061e+01 -4.458721e-01 -3.237334e-01 8.345027e-01 5.104992e+01
8.879345e-01 2.066975e-01 -4.109121e-01 9.111539e+01 -3.604305e-01 8.676740e-01 -3.423912e-01 -1.371117e+01 2.857663e-01 4.521261e-01 8.449376e-01 5.121301e+01
8.838593e-01 -3.438826e-01 3.170761e-01 9.135296e+01 1.697457e-01 8.674692e-01 4.676361e-01 -1.374162e+01 -4.358657e-01 -3.595022e-01 8.250935e-01 5.137812e+01
8.985923e-01 1.934453e-01 -3.938414e-01 9.158003e+01 -3.513375e-01 8.549048e-01 -3.817064e-01 -1.377215e+01 2.628576e-01 4.813697e-01 8.361753e-01 5.153991e+01
9.040610e-01 -3.103689e-01 2.938445e-01 9.183380e+01 1.393367e-01 8.639764e-01 4.838699e-01 -1.380290e+01 -4.040529e-01 -3.965047e-01 8.243332e-01 5.170803e+01
9.064621e-01 9.549759e-02 -4.113477e-01 9.214492e+01 -2.736608e-01 8.747158e-01 -3.999775e-01 -1.385049e+01 3.216155e-01 4.751341e-01 8.190306e-01 5.189033e+01
9.107685e-01 -2.608237e-01 3.201117e-01 9.243769e+01 6.516602e-02 8.563220e-01 5.123145e-01 -1.388324e+01 -4.077424e-01 -4.457395e-01 7.969080e-01 5.205782e+01
9.160256e-01 8.543153e-02 -3.919169e-01 9.270028e+01 -2.725493e-01 8.494317e-01 -4.518658e-01 -1.391712e+01 2.943030e-01 5.207373e-01 8.013853e-01 5.223387e+01
9.125582e-01 -2.467951e-01 3.260820e-01 9.294427e+01 3.779299e-02 8.448534e-01 5.336613e-01 -1.394721e+01 -4.071965e-01 -4.746734e-01 7.803051e-01 5.240301e+01
9.184671e-01 3.872636e-02 -3.935970e-01 9.320253e+01 -2.537516e-01 8.210547e-01 -5.113505e-01 -1.398303e+01 3.033619e-01 5.695345e-01 7.639385e-01 5.257556e+01
9.239749e-01 -2.093973e-01 3.200358e-01 9.348864e+01 2.447367e-02 8.674556e-01 4.969123e-01 -1.402427e+01 -3.816690e-01 -4.513021e-01 8.066320e-01 5.275492e+01
8.680475e-01 -7.887925e-02 -4.901752e-01 9.384995e+01 -2.352176e-01 8.041247e-01 -5.459451e-01 -1.407778e+01 4.372258e-01 5.892041e-01 6.794646e-01 5.296166e+01
8.890890e-01 -2.400206e-01 3.897573e-01 9.416917e+01 -1.669611e-02 8.339207e-01 5.516316e-01 -1.412916e+01 -4.574296e-01 -4.969571e-01 7.374224e-01 5.315218e+01
8.859935e-01 -2.767702e-02 -4.628712e-01 9.448212e+01 -2.154832e-01 8.593114e-01 -4.638437e-01 -1.417210e+01 4.105883e-01 5.107034e-01 7.553803e-01 5.333055e+01
8.771869e-01 -2.705299e-01 3.966820e-01 9.478590e+01 1.331630e-02 8.395535e-01 5.431137e-01 -1.421589e+01 -4.799643e-01 -4.711299e-01 7.400479e-01 5.350126e+01
8.698135e-01 -7.901465e-03 -4.933175e-01 9.509201e+01 -2.396451e-01 8.672361e-01 -4.364308e-01 -1.425972e+01 4.312712e-01 4.978344e-01 7.524400e-01 5.367102e+01
8.699787e-01 -3.129317e-01 3.810652e-01 9.545433e+01 7.860088e-02 8.509408e-01 5.193474e-01 -1.431913e+01 -4.867842e-01 -4.218691e-01 7.648971e-01 5.387660e+01
8.650997e-01 3.466669e-02 -5.004007e-01 9.573872e+01 -2.614743e-01 8.825117e-01 -3.909019e-01 -1.436545e+01 4.280582e-01 4.690110e-01 7.725250e-01 5.405819e+01
8.559881e-01 -2.594797e-01 4.471627e-01 9.596487e+01 1.597366e-02 8.777871e-01 4.787846e-01 -1.439758e+01 -5.167485e-01 -4.026912e-01 7.555202e-01 5.420908e+01
8.607173e-01 9.092710e-03 -5.090022e-01 9.619633e+01 -2.424951e-01 8.864455e-01 -3.942213e-01 -1.443307e+01 4.476182e-01 4.627436e-01 7.651839e-01 5.435532e+01
8.616229e-01 -2.644400e-01 4.332173e-01 9.642824e+01 2.554639e-02 8.750616e-01 4.833369e-01 -1.446841e+01 -5.069054e-01 -4.053871e-01 7.607287e-01 5.450542e+01
8.561418e-01 1.906955e-02 -5.163891e-01 9.666468e+01 -2.560545e-01 8.836618e-01 -3.918903e-01 -1.450524e+01 4.488401e-01 4.677374e-01 7.614225e-01 5.465645e+01
8.564972e-01 -2.726634e-01 4.382546e-01 9.689672e+01 3.466710e-02 8.775529e-01 4.782249e-01 -1.454056e+01 -5.149860e-01 -3.944053e-01 7.610741e-01 5.480913e+01
8.543241e-01 4.287847e-02 -5.179691e-01 9.712934e+01 -2.764439e-01 8.814163e-01 -3.829936e-01 -1.457412e+01 4.401242e-01 4.703900e-01 7.648686e-01 5.496448e+01
8.513567e-01 -2.494894e-01 4.614614e-01 9.736890e+01 1.424606e-03 8.807623e-01 4.735565e-01 -1.460486e+01 -5.245851e-01 -4.025082e-01 7.501984e-01 5.512646e+01
8.625026e-01 2.194978e-02 -5.055765e-01 9.760007e+01 -2.598460e-01 8.765058e-01 -4.052378e-01 -1.463514e+01 4.342458e-01 4.808907e-01 7.616920e-01 5.528137e+01
8.578114e-01 -2.462640e-01 4.511246e-01 9.783307e+01 -2.670108e-03 8.755880e-01 4.830512e-01 -1.466685e+01 -5.139575e-01 -4.155714e-01 7.504319e-01 5.543962e+01
8.705126e-01 1.593118e-02 -4.918884e-01 9.805713e+01 -2.514232e-01 8.736029e-01 -4.166586e-01 -1.469801e+01 4.230772e-01 4.863786e-01 7.644877e-01 5.559441e+01
8.649188e-01 -2.405665e-01 4.405031e-01 9.827978e+01 -8.214373e-03 8.707486e-01 4.916598e-01 -1.472941e+01 -5.018443e-01 -4.288643e-01 7.511509e-01 5.574672e+01
8.741752e-01 4.024701e-03 -4.855941e-01 9.850423e+01 -2.443689e-01 8.677747e-01 -4.327250e-01 -1.475948e+01 4.196447e-01 4.969416e-01 7.595705e-01 5.589569e+01
8.606869e-01 -3.221632e-01 3.942446e-01 9.886616e+01 1.110590e-01 8.744940e-01 4.721505e-01 -1.482298e+01 -4.968741e-01 -3.625894e-01 7.884447e-01 5.609793e+01
8.347529e-01 3.623281e-02 -5.494315e-01 9.933332e+01 -2.482863e-01 9.153998e-01 -3.168552e-01 -1.488582e+01 4.914688e-01 4.009121e-01 7.731286e-01 5.635475e+01
8.464416e-01 -3.302756e-01 4.176774e-01 9.981161e+01 1.465061e-01 8.985750e-01 4.136411e-01 -1.495121e+01 -5.119300e-01 -2.889308e-01 8.089787e-01 5.660308e+01
8.441609e-01 1.018498e-01 -5.263261e-01 1.002719e+02 -2.766487e-01 9.237218e-01 -2.649596e-01 -1.500555e+01 4.591928e-01 3.692759e-01 8.079463e-01 5.687756e+01
8.524124e-01 -3.536094e-01 3.851667e-01 1.007215e+02 1.958705e-01 8.989513e-01 3.918180e-01 -1.506924e+01 -4.847966e-01 -2.585478e-01 8.355389e-01 5.711313e+01
7.998650e-01 2.384932e-01 -5.507606e-01 1.010617e+02 -4.144941e-01 8.831772e-01 -2.195282e-01 -1.511082e+01 4.340632e-01 4.038799e-01 8.052765e-01 5.730134e+01
7.706199e-01 -4.763180e-01 4.233981e-01 1.014047e+02 3.254879e-01 8.653479e-01 3.810913e-01 -1.516971e+01 -5.479073e-01 -1.558656e-01 8.218902e-01 5.749292e+01
7.645014e-01 2.834011e-01 -5.789832e-01 1.018235e+02 -4.094115e-01 9.072295e-01 -9.652398e-02 -1.522686e+01 4.979156e-01 3.108351e-01 8.096058e-01 5.771850e+01
7.552610e-01 -4.769873e-01 4.495150e-01 1.022331e+02 3.571737e-01 8.745826e-01 3.279210e-01 -1.528339e+01 -5.495521e-01 -8.711111e-02 8.309056e-01 5.793612e+01
7.481997e-01 3.240364e-01 -5.789627e-01 1.026258e+02 -4.206368e-01 9.065052e-01 -3.623649e-02 -1.533894e+01 5.130907e-01 2.706451e-01 8.145485e-01 5.814377e+01
7.172597e-01 -4.961503e-01 4.892579e-01 1.030020e+02 3.950349e-01 8.679411e-01 3.010410e-01 -1.538796e+01 -5.740086e-01 -2.265070e-02 8.185359e-01 5.836437e+01
7.318208e-01 3.619893e-01 -5.774099e-01 1.033818e+02 -4.296950e-01 9.027222e-01 2.132994e-02 -1.543953e+01 5.289619e-01 2.325004e-01 8.161758e-01 5.857912e+01
7.206031e-01 -4.973611e-01 4.830766e-01 1.037688e+02 4.288630e-01 8.671894e-01 2.530991e-01 -1.549381e+01 -5.448005e-01 2.478957e-02 8.381992e-01 5.878146e+01
7.286121e-01 3.998601e-01 -5.560903e-01 1.041249e+02 -4.375347e-01 8.963730e-01 7.126678e-02 -1.554423e+01 5.269610e-01 1.913830e-01 8.280608e-01 5.897213e+01
7.095566e-01 -4.953428e-01 5.011634e-01 1.044675e+02 4.576405e-01 8.647586e-01 2.067792e-01 -1.559335e+01 -5.358119e-01 8.263105e-02 8.402842e-01 5.915927e+01
7.263506e-01 4.368638e-01 -5.306269e-01 1.048112e+02 -4.487854e-01 8.861749e-01 1.152642e-01 -1.564109e+01 5.205829e-01 1.544154e-01 8.397317e-01 5.935282e+01
6.976938e-01 -5.140906e-01 4.989330e-01 1.051605e+02 4.955922e-01 8.492637e-01 1.820424e-01 -1.568995e+01 -5.173119e-01 1.202574e-01 8.473054e-01 5.954822e+01
