9.997568e-01 1.986105e-02 -9.589257e-03 4.298306e-01 -2.000688e-02 9.996819e-01 -1.535868e-02 -5.929786e-02 9.281168e-03 1.554679e-02 9.998362e-01 2.411969e-01
9.873849e-01 -3.969295e-02 -1.532828e-01 9.503344e-01 3.959174e-02 9.992090e-01 -3.713811e-03 -1.320255e-01 1.533090e-01 -2.401775e-03 9.881753e-01 6.249197e-01
9.881841e-01 5.522624e-02 1.429765e-01 1.305215e+00 -5.733265e-02 9.982983e-01 1.065172e-02 -1.843916e-01 -1.421449e-01 -1.872308e-02 9.896689e-01 7.970110e-01
9.911276e-01 -3.580112e-02 -1.280014e-01 1.629189e+00 3.392585e-02 9.992831e-01 -1.680145e-02 -2.293097e-01 1.285112e-01 1.230983e-02 9.916316e-01 9.684819e-01
9.908760e-01 5.331627e-02 1.237824e-01 1.960053e+00 -5.518522e-02 9.984074e-01 1.171696e-02 -2.762570e-01 -1.229605e-01 -1.844101e-02 9.922403e-01 1.119634e+00
9.926224e-01 -3.714535e-02 -1.154169e-01 2.298073e+00 3.617265e-02 9.992903e-01 -1.051148e-02 -3.245815e-01 1.157254e-01 6.258994e-03 9.932614e-01 1.282998e+00
9.897413e-01 4.674414e-02 1.350081e-01 2.593376e+00 -4.956627e-02 9.986155e-01 1.761649e-02 -3.702871e-01 -1.339976e-01 -2.412761e-02 9.906880e-01 1.415227e+00
9.934181e-01 -5.594137e-02 -9.995510e-02 2.861450e+00 5.609516e-02 9.984246e-01 -1.273495e-03 -4.073795e-01 9.986886e-02 -4.341882e-03 9.949910e-01 1.540386e+00
9.896802e-01 4.664934e-02 1.354879e-01 3.154892e+00 -4.839817e-02 9.987816e-01 9.640793e-03 -4.429453e-01 -1.348731e-01 -1.609867e-02 9.907322e-01 1.685247e+00
9.929749e-01 -5.252775e-02 -1.060265e-01 3.456611e+00 5.335428e-02 9.985633e-01 4.972128e-03 -4.839887e-01 1.056130e-01 -1.059416e-02 9.943508e-01 1.834025e+00
9.991116e-01 2.686666e-02 3.246739e-02 3.941011e+00 -2.718559e-02 9.995860e-01 9.422080e-03 -5.539407e-01 -3.220080e-02 -1.029636e-02 9.994285e-01 2.119041e+00
9.993547e-01 -2.949769e-02 2.049522e-02 4.239394e+00 2.932869e-02 9.995337e-01 8.498083e-03 -5.919035e-01 -2.073634e-02 -7.891492e-03 9.997537e-01 2.270103e+00
9.949327e-01 6.019302e-02 8.053348e-02 4.500800e+00 -6.130518e-02 9.980539e-01 1.140700e-02 -6.213664e-01 -7.969014e-02 -1.628633e-02 9.966867e-01 2.425500e+00
9.977553e-01 -6.653665e-02 -7.564109e-03 4.755450e+00 6.659265e-02 9.977527e-01 7.410347e-03 -6.508766e-01 7.054062e-03 -7.897414e-03 9.999438e-01 2.579609e+00
9.962240e-01 6.314249e-02 5.958847e-02 5.043722e+00 -6.350692e-02 9.979724e-01 4.239894e-03 -6.836620e-01 -5.919994e-02 -8.008179e-03 9.982141e-01 2.709402e+00
9.983303e-01 -4.907519e-02 -3.046536e-02 5.333474e+00 4.985405e-02 9.984346e-01 2.535475e-02 -7.188998e-01 2.917340e-02 -2.683122e-02 9.992141e-01 2.889448e+00
9.945609e-01 9.419069e-03 -1.037302e-01 5.628488e+00 -1.183312e-02 9.996727e-01 -2.268170e-02 -7.658166e-01 1.034826e-01 2.378577e-02 9.943469e-01 3.071295e+00
9.975098e-01 4.964937e-04 7.052607e-02 5.961778e+00 -1.654092e-03 9.998649e-01 1.635632e-02 -8.096996e-01 -7.050842e-02 -1.643223e-02 9.973757e-01 3.288860e+00
9.721533e-01 8.685423e-02 -2.176566e-01 6.330836e+00 -7.219803e-02 9.946099e-01 7.442237e-02 -8.627248e-01 2.229473e-01 -5.663560e-02 9.731840e-01 3.551993e+00
9.622273e-01 -7.872621e-02 2.606162e-01 6.642686e+00 9.169323e-02 9.950636e-01 -3.795671e-02 -9.042115e-01 -2.563416e-01 6.041975e-02 9.646959e-01 3.703996e+00
9.749548e-01 8.377583e-02 -2.060212e-01 6.914034e+00 -6.909394e-02 9.945979e-01 7.746674e-02 -9.395218e-01 2.113981e-01 -6.129179e-02 9.754765e-01 3.826356e+00
9.609527e-01 -8.273551e-02 2.640545e-01 7.203134e+00 9.688092e-02 9.944519e-01 -4.098200e-02 -9.746280e-01 -2.591989e-01 6.496364e-02 9.636366e-01 3.957918e+00
9.752183e-01 9.376760e-02 -2.003917e-01 7.515625e+00 -7.974489e-02 9.938403e-01 7.695598e-02 -1.012831e+00 2.063733e-01 -5.906871e-02 9.766889e-01 4.092040e+00
9.624608e-01 -8.679139e-02 2.571703e-01 7.836577e+00 9.972505e-02 9.943021e-01 -3.765824e-02 -1.052294e+00 -2.524365e-01 6.189093e-02 9.656320e-01 4.229506e+00
9.756820e-01 9.710259e-02 -1.965091e-01 8.150848e+00 -8.401757e-02 9.937215e-01 7.388211e-02 -1.090662e+00 2.024494e-01 -5.557527e-02 9.777146e-01 4.372210e+00
9.644673e-01 -9.221034e-02 2.475887e-01 8.450960e+00 1.035507e-01 9.940716e-01 -3.314988e-02 -1.126450e+00 -2.430641e-01 5.760999e-02 9.682979e-01 4.511945e+00
9.793196e-01 9.438383e-02 -1.789547e-01 8.754165e+00 -8.272128e-02 9.939998e-01 7.156515e-02 -1.162919e+00 1.846356e-01 -5.528183e-02 9.812511e-01 4.650935e+00
9.668130e-01 -9.209134e-02 2.383103e-01 9.066157e+00 1.018981e-01 9.943680e-01 -2.913740e-02 -1.198223e+00 -2.342848e-01 5.245382e-02 9.707518e-01 4.793566e+00
9.808420e-01 9.816013e-02 -1.682662e-01 9.369720e+00 -8.791325e-02 9.938508e-01 6.731897e-02 -1.233942e+00 1.738395e-01 -5.123650e-02 9.834403e-01 4.934828e+00
9.668673e-01 -9.794535e-02 2.357422e-01 9.670619e+00 1.063968e-01 9.940491e-01 -2.336928e-02 -1.269117e+00 -2.320504e-01 4.767725e-02 9.715345e-01 5.070772e+00
9.793961e-01 9.892975e-02 -1.760575e-01 9.959972e+00 -8.855457e-02 9.938915e-01 6.586161e-02 -1.303230e+00 1.814976e-01 -4.891396e-02 9.821742e-01 5.209587e+00
9.657353e-01 -9.804049e-02 2.402986e-01 1.026180e+01 1.068211e-01 9.939943e-01 -2.375900e-02 -1.339441e+00 -2.365260e-01 4.861392e-02 9.704081e-01 5.354491e+00
9.783153e-01 1.061060e-01 -1.778787e-01 1.055523e+01 -9.597282e-02 9.932817e-01 6.465880e-02 -1.373374e+00 1.835442e-01 -4.618522e-02 9.819260e-01 5.500366e+00
9.650789e-01 -1.082986e-01 2.385247e-01 1.084127e+01 1.155384e-01 9.931653e-01 -1.654019e-02 -1.406684e+00 -2.351031e-01 4.352139e-02 9.709955e-01 5.640610e+00
9.776189e-01 1.109973e-01 -1.787204e-01 1.114655e+01 -1.025280e-01 9.931539e-01 5.597614e-02 -1.442689e+00 1.837100e-01 -3.639953e-02 9.823064e-01 5.786036e+00
9.682327e-01 -1.068540e-01 2.260699e-01 1.147269e+01 1.127781e-01 9.935296e-01 -1.341531e-02 -1.478812e+00 -2.231736e-01 3.848492e-02 9.740186e-01 5.957529e+00
9.776162e-01 1.249153e-01 -1.693008e-01 1.181298e+01 -1.190045e-01 9.918887e-01 4.466199e-02 -1.515885e+00 1.735065e-01 -2.351477e-02 9.845520e-01 6.136781e+00
9.645764e-01 -1.091400e-01 2.401685e-01 1.214249e+01 1.123879e-01 9.936644e-01 1.736920e-04 -1.555054e+00 -2.386658e-01 2.682455e-02 9.707311e-01 6.302788e+00
9.770506e-01 1.095262e-01 -1.826916e-01 1.245126e+01 -1.032987e-01 9.937078e-01 4.329084e-02 -1.590119e+00 1.862835e-01 -2.342559e-02 9.822168e-01 6.474456e+00
9.663872e-01 -1.032202e-01 2.354600e-01 1.276231e+01 1.065700e-01 9.943040e-01 -1.510692e-03 -1.625698e+00 -2.339628e-01 2.655294e-02 9.718828e-01 6.648290e+00
9.771905e-01 9.891457e-02 -1.879221e-01 1.305394e+01 -9.469057e-02 9.950131e-01 3.134565e-02 -1.662116e+00 1.900854e-01 -1.283628e-02 9.816837e-01 6.801680e+00
9.634907e-01 -1.138562e-01 2.423270e-01 1.334904e+01 1.153512e-01 9.932921e-01 8.057831e-03 -1.699200e+00 -2.416188e-01 2.018911e-02 9.701611e-01 6.943896e+00
9.765351e-01 9.700548e-02 -1.922739e-01 1.363203e+01 -9.248737e-02 9.951880e-01 3.235739e-02 -1.734600e+00 1.944875e-01 -1.381527e-02 9.808078e-01 7.079529e+00
9.644111e-01 -1.110331e-01 2.399644e-01 1.392643e+01 1.129665e-01 9.935823e-01 5.727313e-03 -1.770244e+00 -2.390602e-01 2.158450e-02 9.707648e-01 7.225808e+00
9.759667e-01 1.065703e-01 -1.900837e-01 1.423233e+01 -1.033807e-01 9.942849e-01 2.664660e-02 -1.807648e+00 1.918370e-01 -6.355264e-03 9.814063e-01 7.385866e+00
9.655530e-01 -1.135566e-01 2.341203e-01 1.452149e+01 1.126914e-01 9.934826e-01 1.711511e-02 -1.843954e+00 -2.345379e-01 9.857840e-03 9.720569e-01 7.543892e+00
9.790779e-01 1.053760e-01 -1.740762e-01 1.478049e+01 -1.025597e-01 9.944096e-01 2.512107e-02 -1.875166e+00 1.757501e-01 -6.742340e-03 9.844118e-01 7.679491e+00
9.707232e-01 -1.122992e-01 2.123329e-01 1.505824e+01 1.128691e-01 9.935647e-01 9.474675e-03 -1.907189e+00 -2.120304e-01 1.476859e-02 9.771514e-01 7.826849e+00
9.826388e-01 1.053685e-01 -1.527044e-01 1.537334e+01 -1.028360e-01 9.943988e-01 2.441104e-02 -1.944505e+00 1.544212e-01 -8.283770e-03 9.879704e-01 7.986869e+00
9.748834e-01 -1.054320e-01 1.961793e-01 1.567364e+01 1.047614e-01 9.944013e-01 1.382137e-02 -1.980800e+00 -1.965381e-01 7.077835e-03 9.804706e-01 8.140021e+00
9.850914e-01 1.062283e-01 -1.353169e-01 1.595332e+01 -1.040698e-01 9.943053e-01 2.294686e-02 -2.013244e+00 1.369838e-01 -8.522393e-03 9.905367e-01 8.277794e+00
9.743566e-01 -1.122343e-01 1.950192e-01 1.624642e+01 1.116729e-01 9.936477e-01 1.390647e-02 -2.047924e+00 -1.953411e-01 8.228552e-03 9.807008e-01 8.415306e+00
9.852750e-01 1.147615e-01 -1.267402e-01 1.652185e+01 -1.138528e-01 9.933931e-01 1.441522e-02 -2.080747e+00 1.275571e-01 2.267240e-04 9.918312e-01 8.542674e+00
9.746665e-01 -1.087751e-01 1.954306e-01 1.679931e+01 1.072284e-01 9.940621e-01 1.850930e-02 -2.113893e+00 -1.962834e-01 2.915348e-03 9.805428e-01 8.678526e+00
8.853778e-01 1.603749e-01 -4.363326e-01 1.709527e+01 -2.110318e-01 9.749799e-01 -6.985624e-02 -2.171717e+00 4.142122e-01 1.539291e-01 8.970697e-01 8.838006e+00
8.544675e-01 -4.544285e-01 2.517539e-01 1.758037e+01 4.156798e-01 8.887223e-01 1.933468e-01 -2.269484e+00 -3.116015e-01 -6.055950e-02 9.482810e-01 9.032464e+00
8.747106e-01 4.036928e-01 -2.681673e-01 1.788631e+01 -4.343347e-01 8.984611e-01 -6.419462e-02 -2.306200e+00 2.150229e-01 1.726260e-01 9.612312e-01 9.192896e+00
8.535220e-01 -4.469970e-01 2.677570e-01 1.818101e+01 3.996705e-01 8.913330e-01 2.139835e-01 -2.340958e+00 -3.343106e-01 -7.562497e-02 9.394239e-01 9.347506e+00
8.715831e-01 4.015435e-01 -2.812575e-01 1.848649e+01 -4.403524e-01 8.933898e-01 -8.913128e-02 -2.375015e+00 2.154824e-01 2.015377e-01 9.554841e-01 9.513376e+00
8.591809e-01 -4.401416e-01 2.609281e-01 1.879435e+01 3.840486e-01 8.916964e-01 2.395501e-01 -2.408922e+00 -3.381044e-01 -1.056078e-01 9.351643e-01 9.677260e+00
8.863610e-01 3.839223e-01 -2.587817e-01 1.908737e+01 -4.257550e-01 8.954886e-01 -1.297414e-01 -2.444504e+00 1.819254e-01 2.251753e-01 9.571830e-01 9.826770e+00
8.722255e-01 -4.296377e-01 2.337391e-01 1.935430e+01 3.674645e-01 8.910210e-01 2.665546e-01 -2.475613e+00 -3.227883e-01 -1.466049e-01 9.350479e-01 9.953125e+00
8.886210e-01 3.777447e-01 -2.601191e-01 1.963100e+01 -4.252925e-01 8.909781e-01 -1.590105e-01 -2.505324e+00 1.716950e-01 2.519267e-01 9.523937e-01 1.008466e+01
8.717792e-01 -4.364585e-01 2.224969e-01 1.990731e+01 3.670089e-01 8.826935e-01 2.935245e-01 -2.538341e+00 -3.245078e-01 -1.742302e-01 9.296981e-01 1.021763e+01
8.885326e-01 3.785305e-01 -2.592771e-01 2.018062e+01 -4.304689e-01 8.833156e-01 -1.856074e-01 -2.568733e+00 1.587654e-01 2.765289e-01 9.478003e-01 1.035706e+01
8.799797e-01 -4.406222e-01 1.774478e-01 2.054154e+01 3.807532e-01 8.776538e-01 2.911199e-01 -2.609628e+00 -2.840115e-01 -1.886158e-01 9.400859e-01 1.052328e+01
8.853853e-01 3.742914e-01 -2.756793e-01 2.097578e+01 -4.337150e-01 8.785417e-01 -2.001396e-01 -2.657732e+00 1.672851e-01 2.967668e-01 9.401836e-01 1.076867e+01
8.959793e-01 -4.099505e-01 1.707674e-01 2.142834e+01 3.499947e-01 8.885277e-01 2.966855e-01 -2.706733e+00 -2.733579e-01 -2.060563e-01 9.395830e-01 1.104313e+01
8.908871e-01 3.727222e-01 -2.596124e-01 2.189005e+01 -4.306160e-01 8.749036e-01 -2.216159e-01 -2.753264e+00 1.445346e-01 3.092279e-01 9.399403e-01 1.131013e+01
9.066045e-01 -3.949116e-01 1.487045e-01 2.236842e+01 3.402996e-01 8.925961e-01 2.957504e-01 -2.802103e+00 -2.495283e-01 -2.175245e-01 9.436200e-01 1.159883e+01
8.964768e-01 3.584123e-01 -2.605188e-01 2.285985e+01 -4.185603e-01 8.779242e-01 -2.325005e-01 -2.852955e+00 1.453847e-01 3.174740e-01 9.370558e-01 1.189379e+01
9.087652e-01 -3.944741e-01 1.361465e-01 2.333884e+01 3.402307e-01 8.892871e-01 3.056329e-01 -2.904408e+00 -2.416375e-01 -2.314273e-01 9.423655e-01 1.219769e+01
8.909810e-01 3.633443e-01 -2.722757e-01 2.382320e+01 -4.279767e-01 8.723269e-01 -2.363932e-01 -2.957988e+00 1.516212e-01 3.271494e-01 9.327295e-01 1.250440e+01
9.040565e-01 -4.041486e-01 1.390887e-01 2.429437e+01 3.472096e-01 8.842120e-01 3.124332e-01 -3.010400e+00 -2.492533e-01 -2.341643e-01 9.397020e-01 1.280158e+01
8.201724e-01 3.084465e-01 -4.818486e-01 2.506139e+01 -4.353370e-01 8.829342e-01 -1.758094e-01 -3.097863e+00 3.712127e-01 3.539605e-01 8.584364e-01 1.318249e+01
8.547863e-01 -3.441915e-01 3.884232e-01 2.591367e+01 2.125395e-01 9.149588e-01 3.430413e-01 -3.186022e+00 -4.734631e-01 -2.106717e-01 8.552485e-01 1.379310e+01
8.452867e-01 2.326478e-01 -4.810048e-01 2.635784e+01 -3.716858e-01 9.027507e-01 -2.165429e-01 -3.233474e+00 3.838491e-01 3.618235e-01 8.495550e-01 1.406920e+01
8.425729e-01 -3.596182e-01 4.009310e-01 2.679622e+01 2.154779e-01 9.073299e-01 3.610011e-01 -3.279273e+00 -4.935991e-01 -2.177779e-01 8.419813e-01 1.432708e+01
8.358134e-01 2.469865e-01 -4.903201e-01 2.723415e+01 -3.952851e-01 8.905149e-01 -2.252397e-01 -3.326105e+00 3.810061e-01 3.820746e-01 8.419343e-01 1.460066e+01
8.384445e-01 -3.770231e-01 3.935280e-01 2.763852e+01 2.207644e-01 8.951529e-01 3.872523e-01 -3.370540e+00 -4.982708e-01 -2.378126e-01 8.337693e-01 1.485228e+01
8.661350e-01 2.529799e-01 -4.310585e-01 2.796365e+01 -3.889617e-01 8.827771e-01 -2.634643e-01 -3.407095e+00 3.138773e-01 3.958609e-01 8.630036e-01 1.504781e+01
8.445968e-01 -3.888918e-01 3.679937e-01 2.825871e+01 2.210034e-01 8.792638e-01 4.219629e-01 -3.441700e+00 -4.876613e-01 -2.750606e-01 8.285698e-01 1.518057e+01
8.780168e-01 2.391057e-01 -4.146264e-01 2.856455e+01 -3.807968e-01 8.737816e-01 -3.024890e-01 -3.476339e+00 2.899660e-01 4.234787e-01 8.582456e-01 1.531978e+01
8.543246e-01 -3.618562e-01 3.730811e-01 2.885909e+01 1.735111e-01 8.752110e-01 4.515524e-01 -3.511283e+00 -4.899216e-01 -3.210386e-01 8.105004e-01 1.544549e+01
8.928667e-01 1.757208e-01 -4.146219e-01 2.914769e+01 -3.290273e-01 8.831906e-01 -3.342386e-01 -3.543642e+00 3.074574e-01 4.348524e-01 8.463884e-01 1.556262e+01
8.751679e-01 -3.164474e-01 3.659809e-01 2.951033e+01 1.275306e-01 8.805729e-01 4.564289e-01 -3.581979e+00 -4.667086e-01 -3.527781e-01 8.110059e-01 1.572526e+01
9.112887e-01 1.255819e-01 -3.921508e-01 2.985528e+01 -2.809734e-01 8.858363e-01 -3.692534e-01 -3.623341e+00 3.010098e-01 4.466804e-01 8.425377e-01 1.590052e+01
8.802502e-01 -3.031002e-01 3.650887e-01 3.019128e+01 1.067445e-01 8.761686e-01 4.700364e-01 -3.662110e+00 -4.623473e-01 -3.747784e-01 8.036019e-01 1.605315e+01
8.964003e-01 7.763679e-02 -4.363934e-01 3.059202e+01 -2.505131e-01 9.009532e-01 -3.542972e-01 -3.706350e+00 3.656635e-01 4.269144e-01 8.270637e-01 1.621846e+01
8.711211e-01 -2.496183e-01 4.228932e-01 3.097480e+01 3.815667e-02 8.929731e-01 4.484897e-01 -3.751013e+00 -4.895834e-01 -3.745527e-01 7.874124e-01 1.640243e+01
9.009249e-01 3.900764e-02 -4.322185e-01 3.132880e+01 -2.277002e-01 8.903391e-01 -3.942701e-01 -3.790301e+00 3.694415e-01 4.536240e-01 8.110107e-01 1.656274e+01
8.816051e-01 -2.340057e-01 4.098947e-01 3.173326e+01 1.622381e-02 8.829548e-01 4.691776e-01 -3.838086e+00 -4.717087e-01 -4.069793e-01 7.822140e-01 1.674541e+01
9.152924e-01 3.304561e-02 -4.014325e-01 3.206766e+01 -2.136026e-01 8.847693e-01 -4.141946e-01 -3.876611e+00 3.414878e-01 4.648562e-01 8.168812e-01 1.691808e+01
8.934103e-01 -2.165240e-01 3.936181e-01 3.238752e+01 2.607430e-03 8.786685e-01 4.774253e-01 -3.913139e+00 -4.492338e-01 -4.255103e-01 7.855762e-01 1.706862e+01
9.198775e-01 -2.026458e-03 -3.922008e-01 3.275450e+01 -1.825495e-01 8.828538e-01 -4.327180e-01 -3.957061e+00 3.471329e-01 4.696436e-01 8.117473e-01 1.721254e+01
8.917022e-01 -1.960069e-01 4.079808e-01 3.311634e+01 -2.508152e-02 8.785884e-01 4.769207e-01 -4.001671e+00 -4.519269e-01 -4.355041e-01 7.785231e-01 1.737471e+01
9.064829e-01 -4.421313e-02 -4.199215e-01 3.350021e+01 -1.627566e-01 8.810663e-01 -4.441087e-01 -4.049326e+00 3.896141e-01 4.709220e-01 7.914754e-01 1.754910e+01
9.208375e-01 -1.646525e-01 3.534795e-01 3.392699e+01 -1.571144e-02 8.900802e-01 4.555329e-01 -4.102103e+00 -3.896297e-01 -4.250255e-01 8.170324e-01 1.781108e+01
9.371980e-01 3.726639e-03 -3.487782e-01 3.430504e+01 -1.624872e-01 8.894783e-01 -4.271139e-01 -4.144846e+00 3.086389e-01 4.569622e-01 8.342227e-01 1.804310e+01
9.246008e-01 -1.559483e-01 3.475534e-01 3.462293e+01 -2.523866e-02 8.852811e-01 4.643709e-01 -4.184152e+00 -3.801003e-01 -4.381295e-01 8.145958e-01 1.818611e+01
9.431802e-01 -2.275764e-02 -3.315016e-01 3.493803e+01 -1.331469e-01 8.881713e-01 -4.397995e-01 -4.227154e+00 3.044391e-01 4.589486e-01 8.346754e-01 1.832835e+01
9.268440e-01 -1.509548e-01 3.437625e-01 3.521857e+01 -3.222061e-02 8.802512e-01 4.734127e-01 -4.262235e+00 -3.740612e-01 -4.498560e-01 8.109919e-01 1.843843e+01
9.455102e-01 -1.874169e-02 -3.250529e-01 3.551114e+01 -1.360314e-01 8.842956e-01 -4.466729e-01 -4.299829e+00 2.958143e-01 4.665512e-01 8.335610e-01 1.855842e+01
9.337488e-01 -1.528962e-01 3.236289e-01 3.589467e+01 -1.139049e-02 8.910203e-01 4.538205e-01 -4.345540e+00 -3.577474e-01 -4.274407e-01 8.302477e-01 1.872298e+01
9.205904e-01 -1.730402e-02 -3.901461e-01 3.635668e+01 -1.691602e-01 8.827651e-01 -4.383043e-01 -4.401980e+00 3.519918e-01 4.694959e-01 8.097379e-01 1.900776e+01
9.062339e-01 -1.444360e-01 3.973390e-01 3.668383e+01 -7.439738e-02 8.706842e-01 4.861832e-01 -4.437525e+00 -4.161791e-01 -4.701566e-01 7.782979e-01 1.921812e+01
8.522134e-01 -2.664801e-01 -4.502452e-01 3.693553e+01 -1.193588e-02 8.504432e-01 -5.259315e-01 -4.501798e+00 5.230583e-01 4.535800e-01 7.215783e-01 1.955158e+01
9.539772e-01 5.829383e-02 2.941584e-01 3.733338e+01 -1.974926e-01 8.602899e-01 4.699978e-01 -4.556740e+00 -2.256635e-01 -5.064613e-01 8.322097e-01 1.992363e+01
9.622550e-01 -2.056597e-01 -1.782404e-01 3.768034e+01 9.146336e-02 8.612225e-01 -4.999303e-01 -4.598442e+00 2.563202e-01 4.647579e-01 8.475259e-01 2.007043e+01
9.484797e-01 9.014056e-02 3.037447e-01 3.805235e+01 -2.279738e-01 8.599246e-01 4.566811e-01 -4.644674e+00 -2.200320e-01 -5.023986e-01 8.361708e-01 2.023115e+01
9.611684e-01 -2.128576e-01 -1.756335e-01 3.840402e+01 9.791191e-02 8.580740e-01 -5.041054e-01 -4.689599e+00 2.580093e-01 4.673336e-01 8.455948e-01 2.037802e+01
9.518372e-01 1.003230e-01 2.897257e-01 3.876038e+01 -2.305485e-01 8.571303e-01 4.606246e-01 -4.738424e+00 -2.021214e-01 -5.052355e-01 8.389780e-01 2.053684e+01
9.666330e-01 -2.058587e-01 -1.524563e-01 3.908960e+01 1.015245e-01 8.542767e-01 -5.098080e-01 -4.783239e+00 2.351883e-01 4.773192e-01 8.466716e-01 2.070978e+01
9.567081e-01 1.124725e-01 2.684386e-01 3.941441e+01 -2.319214e-01 8.518471e-01 4.696478e-01 -4.824121e+00 -1.758462e-01 -5.115726e-01 8.410539e-01 2.087189e+01
9.717788e-01 -1.979100e-01 -1.283653e-01 3.973888e+01 1.080882e-01 8.572548e-01 -5.034195e-01 -4.866599e+00 2.096735e-01 4.753376e-01 8.544537e-01 2.102233e+01
9.548933e-01 1.194410e-01 2.718685e-01 4.002453e+01 -2.406407e-01 8.476756e-01 4.727981e-01 -4.901178e+00 -1.739849e-01 -5.168944e-01 8.381822e-01 2.116473e+01
9.618556e-01 -2.444219e-01 -1.228490e-01 4.029471e+01 1.549707e-01 8.569245e-01 -4.915939e-01 -4.931919e+00 2.254286e-01 4.538043e-01 8.621158e-01 2.129440e+01
9.863944e-01 6.302694e-02 1.518337e-01 4.066129e+01 -1.259571e-01 8.832660e-01 4.516370e-01 -5.001579e+00 -1.056443e-01 -4.646168e-01 8.791874e-01 2.152601e+01
9.456968e-01 -1.333228e-01 -2.964502e-01 4.102054e+01 -2.703059e-02 8.765984e-01 -4.804630e-01 -5.062632e+00 3.239245e-01 4.623855e-01 8.253924e-01 2.187872e+01
9.753875e-01 3.397837e-02 2.178634e-01 4.141314e+01 -1.318245e-01 8.818932e-01 4.526440e-01 -5.111796e+00 -1.767521e-01 -4.702231e-01 8.646669e-01 2.216489e+01
9.868514e-01 -1.207685e-01 -1.074213e-01 4.171407e+01 5.827478e-02 8.857628e-01 -4.604654e-01 -5.147766e+00 1.507596e-01 4.481510e-01 8.811539e-01 2.230590e+01
9.776323e-01 4.800716e-02 2.047689e-01 4.199969e+01 -1.379947e-01 8.811521e-01 4.522481e-01 -5.181321e+00 -1.587214e-01 -4.703894e-01 8.680676e-01 2.244228e+01
9.832141e-01 -1.515937e-01 -1.015360e-01 4.230279e+01 8.942460e-02 8.854510e-01 -4.560480e-01 -5.216624e+00 1.590392e-01 4.393130e-01 8.841440e-01 2.257691e+01
9.723524e-01 8.501076e-02 2.174944e-01 4.260089e+01 -1.759471e-01 8.790848e-01 4.430039e-01 -5.251841e+00 -1.535359e-01 -4.690234e-01 8.697378e-01 2.271421e+01
9.791534e-01 -1.794111e-01 -9.523872e-02 4.290439e+01 1.186440e-01 8.857361e-01 -4.487707e-01 -5.287629e+00 1.648709e-01 4.281158e-01 8.885575e-01 2.285259e+01
9.728440e-01 1.051324e-01 2.062075e-01 4.328816e+01 -1.842905e-01 8.908402e-01 4.152598e-01 -5.332286e+00 -1.400407e-01 -4.419851e-01 8.860236e-01 2.302643e+01
9.791590e-01 -1.656533e-01 -1.175025e-01 4.370720e+01 9.872354e-02 8.938203e-01 -4.374230e-01 -5.376682e+00 1.774867e-01 4.167064e-01 8.915460e-01 2.327524e+01
9.808158e-01 1.000680e-01 1.672919e-01 4.410460e+01 -1.634486e-01 8.898264e-01 4.260206e-01 -5.420782e+00 -1.062298e-01 -4.451914e-01 8.891118e-01 2.351729e+01
9.836195e-01 -1.438568e-01 -1.086192e-01 4.454515e+01 7.992737e-02 8.881702e-01 -4.525100e-01 -5.465927e+00 1.615690e-01 4.364160e-01 8.851195e-01 2.376892e+01
9.656287e-01 1.604906e-01 2.044598e-01 4.498834e+01 -2.368314e-01 8.673922e-01 4.376548e-01 -5.510557e+00 -1.071073e-01 -4.710346e-01 8.755881e-01 2.403596e+01
9.748633e-01 -2.124956e-01 -6.698775e-02 4.537118e+01 1.600972e-01 8.771808e-01 -4.526840e-01 -5.558667e+00 1.549538e-01 4.305805e-01 8.891512e-01 2.421861e+01
9.627801e-01 1.513935e-01 2.239068e-01 4.570539e+01 -2.365779e-01 8.726419e-01 4.272318e-01 -5.597999e+00 -1.307103e-01 -4.643017e-01 8.759787e-01 2.436048e+01
9.671152e-01 -2.412016e-01 -8.068526e-02 4.604383e+01 1.827201e-01 8.795732e-01 -4.392770e-01 -5.638926e+00 1.769230e-01 4.100887e-01 8.947209e-01 2.450780e+01
9.574262e-01 1.610421e-01 2.395835e-01 4.638841e+01 -2.497290e-01 8.783731e-01 4.075488e-01 -5.680145e+00 -1.448112e-01 -4.500290e-01 8.811945e-01 2.465291e+01
9.644661e-01 -2.525925e-01 -7.747408e-02 4.674328e+01 1.969715e-01 8.828558e-01 -4.263424e-01 -5.724955e+00 1.760894e-01 3.959326e-01 9.012380e-01 2.480015e+01
9.463930e-01 2.030614e-01 2.512093e-01 4.708298e+01 -2.885971e-01 8.808695e-01 3.752075e-01 -5.766082e+00 -1.450925e-01 -4.275921e-01 8.922518e-01 2.494439e+01
9.512991e-01 -2.998931e-01 -7.137427e-02 4.740441e+01 2.476610e-01 8.813638e-01 -4.023206e-01 -5.805134e+00 1.835600e-01 3.650506e-01 9.127124e-01 2.507823e+01
9.440267e-01 2.251696e-01 2.410646e-01 4.773881e+01 -3.029839e-01 8.808494e-01 3.637377e-01 -5.844362e+00 -1.304389e-01 -4.164168e-01 8.997682e-01 2.522051e+01
9.350908e-01 -3.377470e-01 -1.073885e-01 4.819920e+01 2.606881e-01 8.607542e-01 -4.372001e-01 -5.901586e+00 2.400982e-01 3.808268e-01 8.929299e-01 2.542863e+01
9.604533e-01 2.719865e-01 5.960323e-02 4.884535e+01 -2.740693e-01 8.856786e-01 3.747791e-01 -5.987896e+00 4.914552e-02 -3.762933e-01 9.251962e-01 2.584891e+01
9.560464e-01 -2.498116e-01 -1.535239e-01 4.966026e+01 1.506710e-01 8.677221e-01 -4.736630e-01 -6.095539e+00 2.515426e-01 4.297121e-01 8.672219e-01 2.635941e+01
9.758278e-01 1.875897e-01 1.121164e-01 5.051126e+01 -2.180062e-01 8.714359e-01 4.394005e-01 -6.194382e+00 -1.527525e-02 -4.532214e-01 8.912671e-01 2.683745e+01
9.758620e-01 -1.897571e-01 -1.081010e-01 5.135280e+01 1.089195e-01 8.519305e-01 -5.122022e-01 -6.287492e+00 1.892885e-01 4.880643e-01 8.520347e-01 2.731891e+01
9.918644e-01 1.212331e-01 3.882533e-02 5.209669e+01 -1.249927e-01 8.697103e-01 4.774733e-01 -6.379599e+00 2.411883e-02 -4.784417e-01 8.777880e-01 2.780351e+01
9.916566e-01 -9.718424e-02 -8.469087e-02 5.283292e+01 3.800453e-02 8.481948e-01 -5.283193e-01 -6.465184e+00 1.231787e-01 5.206926e-01 8.448114e-01 2.824543e+01
9.991480e-01 3.314854e-02 2.458250e-02 5.354635e+01 -4.095454e-02 8.698271e-01 4.916538e-01 -6.553598e+00 -5.084872e-03 -4.922417e-01 8.704437e-01 2.868687e+01
9.957324e-01 -5.928120e-02 -7.073035e-02 5.417823e+01 1.566869e-02 8.638765e-01 -5.034600e-01 -6.621328e+00 9.094799e-02 5.002031e-01 8.611186e-01 2.906189e+01
9.933944e-01 7.834280e-02 8.384401e-02 5.470605e+01 -1.091055e-01 8.711940e-01 4.786617e-01 -6.678701e+00 -3.554465e-02 -4.846477e-01 8.739869e-01 2.939701e+01
9.957266e-01 -6.439489e-02 -6.619706e-02 5.522932e+01 1.909136e-02 8.448426e-01 -5.346742e-01 -6.738194e+00 9.035637e-02 5.311255e-01 8.424615e-01 2.968718e+01
9.950154e-01 6.735057e-02 7.353948e-02 5.577647e+01 -9.564751e-02 8.531889e-01 5.127574e-01 -6.796452e+00 -2.820851e-02 -5.172354e-01 8.553782e-01 3.002024e+01
9.986815e-01 -3.463628e-02 -3.789094e-02 5.626632e+01 8.687780e-03 8.414787e-01 -5.402205e-01 -6.854249e+00 5.059563e-02 5.391790e-01 8.406700e-01 3.030536e+01
9.980392e-01 5.499220e-02 2.989053e-02 5.669337e+01 -6.246713e-02 8.451540e-01 5.308602e-01 -6.899408e+00 3.931133e-03 -5.316865e-01 8.469321e-01 3.055602e+01
9.995719e-01 -2.688170e-02 -1.155574e-02 5.717405e+01 1.602717e-02 8.334188e-01 -5.524096e-01 -6.956716e+00 2.448047e-02 5.519878e-01 8.334927e-01 3.083469e+01
9.966433e-01 5.953268e-02 -5.619552e-02 5.769940e+01 -2.069336e-02 8.473361e-01 5.306537e-01 -7.014864e+00 7.920780e-02 -5.277095e-01 8.457238e-01 3.114889e+01
9.979129e-01 2.285667e-02 6.039391e-02 5.820737e+01 1.274847e-02 8.471207e-01 -5.312476e-01 -7.069151e+00 -6.330351e-02 5.309087e-01 8.450613e-01 3.143764e+01
9.962168e-01 4.435413e-02 -7.473129e-02 5.867839e+01 1.153208e-03 8.531200e-01 5.217134e-01 -7.120256e+00 8.689498e-02 -5.198258e-01 8.498414e-01 3.171721e+01
9.959265e-01 3.199006e-02 8.430351e-02 5.912493e+01 1.807986e-02 8.451161e-01 -5.342771e-01 -7.169508e+00 -8.833782e-02 5.336249e-01 8.410951e-01 3.197043e+01
9.940267e-01 5.190931e-02 -9.600106e-02 5.954813e+01 5.447261e-03 8.549469e-01 5.186870e-01 -7.214352e+00 1.090006e-01 -5.161116e-01 8.495573e-01 3.222329e+01
9.944062e-01 3.966704e-02 9.789290e-02 6.001560e+01 1.945017e-02 8.421857e-01 -5.388367e-01 -7.263501e+00 -1.038181e-01 5.377265e-01 8.367031e-01 3.247971e+01
9.897635e-01 5.003822e-02 -1.336574e-01 6.049407e+01 2.961218e-02 8.441361e-01 5.353105e-01 -7.315490e+00 1.396111e-01 -5.337887e-01 8.340134e-01 3.276684e+01
9.929770e-01 5.878774e-02 1.026679e-01 6.100984e+01 8.881828e-03 8.283134e-01 -5.601948e-01 -7.373836e+00 -1.179738e-01 5.571723e-01 8.219739e-01 3.307223e+01
9.768274e-01 2.974604e-02 -2.119511e-01 6.159066e+01 9.033337e-02 8.404682e-01 5.342780e-01 -7.441666e+00 1.940309e-01 -5.410436e-01 8.183054e-01 3.343829e+01
9.867985e-01 1.326202e-01 9.295519e-02 6.217693e+01 -5.960154e-02 8.310667e-01 -5.529701e-01 -7.506242e+00 -1.505870e-01 5.401297e-01 8.279997e-01 3.381030e+01
9.742100e-01 -1.403921e-02 -2.252061e-01 6.277559e+01 1.315013e-01 8.463774e-01 5.160937e-01 -7.573114e+00 1.833639e-01 -5.323985e-01 8.263955e-01 3.418407e+01
9.769047e-01 2.080733e-01 4.860912e-02 6.340550e+01 -1.465203e-01 8.178963e-01 -5.563970e-01 -7.652112e+00 -1.555286e-01 5.364245e-01 8.294936e-01 3.458786e+01
9.554457e-01 -1.188233e-01 -2.701936e-01 6.394738e+01 2.457405e-01 8.273054e-01 5.051508e-01 -7.721506e+00 1.635090e-01 -5.490416e-01 8.196451e-01 3.492331e+01
9.530398e-01 2.559761e-01 1.618378e-01 6.437548e+01 -1.273685e-01 8.236215e-01 -5.526527e-01 -7.768363e+00 -2.747590e-01 5.060869e-01 8.175473e-01 3.516434e+01
9.512023e-01 -9.965608e-02 -2.920322e-01 6.480522e+01 2.394170e-01 8.354104e-01 4.947412e-01 -7.815100e+00 1.946628e-01 -5.405164e-01 8.185037e-01 3.542178e+01
9.464579e-01 2.656803e-01 1.833888e-01 6.524000e+01 -1.242220e-01 8.240532e-01 -5.527254e-01 -7.860671e+00 -2.979704e-01 5.003503e-01 8.129350e-01 3.567938e+01
9.435788e-01 -1.063104e-01 -3.136194e-01 6.569539e+01 2.559085e-01 8.351613e-01 4.868433e-01 -7.909977e+00 2.101663e-01 -5.396328e-01 8.152463e-01 3.595741e+01
9.416315e-01 2.810081e-01 1.853770e-01 6.615613e+01 -1.406081e-01 8.286229e-01 -5.418612e-01 -7.959164e+00 -3.058750e-01 4.841680e-01 8.197694e-01 3.623526e+01
9.308822e-01 -1.243869e-01 -3.434911e-01 6.664306e+01 2.801945e-01 8.464238e-01 4.528329e-01 -8.010187e+00 2.344126e-01 -5.177784e-01 8.227734e-01 3.652470e+01
9.409064e-01 3.006810e-01 1.558399e-01 6.720597e+01 -1.817187e-01 8.365424e-01 -5.168899e-01 -8.079971e+00 -2.857856e-01 4.580259e-01 8.417475e-01 3.687818e+01
8.967699e-01 -2.080458e-01 -3.905391e-01 6.781171e+01 3.731567e-01 8.298977e-01 4.147576e-01 -8.153712e+00 2.378190e-01 -5.176743e-01 8.218609e-01 3.726885e+01
9.122291e-01 3.896094e-01 1.266593e-01 6.840803e+01 -2.819729e-01 8.213889e-01 -4.957939e-01 -8.226838e+00 -2.972025e-01 4.165630e-01 8.591542e-01 3.764780e+01
9.345678e-01 -2.305358e-01 -2.709911e-01 6.883968e+01 3.303794e-01 8.449806e-01 4.205439e-01 -8.275979e+00 1.320319e-01 -4.825566e-01 8.658560e-01 3.795558e+01
9.279230e-01 3.646524e-01 7.737908e-02 6.920002e+01 -2.836282e-01 8.253435e-01 -4.882246e-01 -8.327032e+00 -2.418966e-01 4.310878e-01 8.692809e-01 3.813719e+01
9.469231e-01 -2.663105e-01 -1.800424e-01 6.948141e+01 3.207525e-01 8.198817e-01 4.742486e-01 -8.359477e+00 2.131614e-02 -5.068260e-01 8.617847e-01 3.827716e+01
9.475370e-01 3.146628e-01 5.622251e-02 6.980918e+01 -2.442384e-01 8.261846e-01 -5.077074e-01 -8.398012e+00 -2.062068e-01 4.673398e-01 8.596932e-01 3.842884e+01
9.557239e-01 -2.267440e-01 -1.875604e-01 7.017625e+01 2.908208e-01 8.250390e-01 4.844934e-01 -8.438935e+00 4.488872e-02 -5.175883e-01 8.544514e-01 3.864904e+01
9.493838e-01 3.039263e-01 7.936744e-02 7.053789e+01 -2.229927e-01 8.300538e-01 -5.111605e-01 -8.480896e+00 -2.212344e-01 4.675890e-01 8.558130e-01 3.886450e+01
9.432594e-01 -2.457344e-01 -2.233301e-01 7.093200e+01 3.245803e-01 8.242464e-01 4.639670e-01 -8.527008e+00 7.006643e-02 -5.101297e-01 8.572388e-01 3.907112e+01
9.238021e-01 3.828107e-01 -6.764565e-03 7.149192e+01 -3.260687e-01 7.773661e-01 -5.379417e-01 -8.587114e+00 -2.006713e-01 4.991572e-01 8.429550e-01 3.934158e+01
9.268964e-01 -2.960685e-01 -2.306654e-01 7.199744e+01 3.718977e-01 8.072935e-01 4.582241e-01 -8.642148e+00 5.054895e-02 -5.105101e-01 8.583846e-01 3.964507e+01
9.032623e-01 4.265836e-01 4.629931e-02 7.242971e+01 -3.467525e-01 7.892338e-01 -5.068262e-01 -8.688202e+00 -2.527447e-01 4.417425e-01 8.608041e-01 3.993082e+01
9.096890e-01 -3.288115e-01 -2.536708e-01 7.283518e+01 4.103264e-01 8.058074e-01 4.269737e-01 -8.731840e+00 6.401599e-02 -4.925010e-01 8.679543e-01 4.016080e+01
9.007477e-01 4.310719e-01 5.320348e-02 7.329093e+01 -3.518601e-01 7.960152e-01 -4.924981e-01 -8.780344e+00 -2.546529e-01 4.248963e-01 8.686859e-01 4.044167e+01
9.274597e-01 -2.867953e-01 -2.399311e-01 7.365995e+01 3.674406e-01 8.179818e-01 4.425982e-01 -8.820372e+00 6.932421e-02 -4.986524e-01 8.640254e-01 4.068755e+01
9.414221e-01 3.343722e-01 4.381472e-02 7.394984e+01 -2.656538e-01 8.153534e-01 -5.144191e-01 -8.863410e+00 -2.077319e-01 4.726458e-01 8.564190e-01 4.090868e+01
9.556075e-01 -2.225019e-01 -1.931510e-01 7.423331e+01 2.889248e-01 8.361508e-01 4.662340e-01 -8.898391e+00 5.776550e-02 -5.013428e-01 8.633183e-01 4.117382e+01
9.597981e-01 2.739628e-01 6.109041e-02 7.452565e+01 -2.063551e-01 8.362346e-01 -5.080643e-01 -8.937766e+00 -1.902766e-01 4.750328e-01 8.591500e-01 4.137060e+01
9.717085e-01 -1.947808e-01 -1.335779e-01 7.485480e+01 2.356791e-01 8.365979e-01 4.945294e-01 -8.975521e+00 1.542624e-02 -5.120198e-01 8.588350e-01 4.155000e+01
9.714048e-01 2.366428e-01 1.930963e-02 7.526256e+01 -1.897334e-01 8.225858e-01 -5.360541e-01 -9.021986e+00 -1.427372e-01 5.170618e-01 8.439628e-01 4.175245e+01
9.756026e-01 -1.569788e-01 -1.534833e-01 7.574853e+01 2.124851e-01 8.509979e-01 4.802631e-01 -9.073887e+00 5.522290e-02 -5.011587e-01 8.635915e-01 4.204563e+01
9.565906e-01 2.791421e-01 8.375049e-02 7.614054e+01 -2.043014e-01 8.472394e-01 -4.903534e-01 -9.114102e+00 -2.078350e-01 4.519570e-01 8.674904e-01 4.231980e+01
9.734409e-01 -1.805395e-01 -1.407773e-01 7.644106e+01 2.266121e-01 8.472861e-01 4.803677e-01 -9.146488e+00 3.255341e-02 -4.995113e-01 8.656954e-01 4.246769e+01
9.684383e-01 2.336516e-01 8.679929e-02 7.678327e+01 -1.583793e-01 8.457417e-01 -5.095461e-01 -9.183065e+00 -1.924660e-01 4.797166e-01 8.560542e-01 4.263949e+01
9.744034e-01 -1.355752e-01 -1.793247e-01 7.717906e+01 2.062452e-01 8.565080e-01 4.731352e-01 -9.224942e+00 8.944763e-02 -4.980093e-01 8.625461e-01 4.288346e+01
9.634200e-01 2.481150e-01 1.012955e-01 7.757931e+01 -1.637644e-01 8.442395e-01 -5.103342e-01 -9.268677e+00 -2.121392e-01 4.750775e-01 8.539897e-01 4.313166e+01
9.775390e-01 -1.157138e-01 -1.761469e-01 7.791992e+01 1.900172e-01 8.454347e-01 4.991329e-01 -9.301630e+00 9.116416e-02 -5.213928e-01 8.484330e-01 4.336196e+01
9.638832e-01 2.102146e-01 1.635205e-01 7.822447e+01 -9.667180e-02 8.482725e-01 -5.206616e-01 -9.335411e+00 -2.481606e-01 4.860491e-01 8.379574e-01 4.351322e+01
9.813821e-01 -9.207441e-02 -1.685572e-01 7.854258e+01 1.669333e-01 8.429244e-01 5.114799e-01 -9.371525e+00 9.498680e-02 -5.300950e-01 8.426011e-01 4.365524e+01
9.672557e-01 1.822701e-01 1.766183e-01 7.890752e+01 -6.315709e-02 8.468504e-01 -5.280680e-01 -9.409539e+00 -2.458203e-01 4.996219e-01 8.306325e-01 4.382618e+01
9.796957e-01 -5.453828e-02 -1.929295e-01 7.933676e+01 1.450001e-01 8.573076e-01 4.939621e-01 -9.457821e+00 1.384602e-01 -5.119073e-01 8.478087e-01 4.403221e+01
9.739332e-01 1.864636e-01 1.291719e-01 7.980874e+01 -8.853485e-02 8.367645e-01 -5.403582e-01 -9.507239e+00 -2.088436e-01 5.148365e-01 8.314613e-01 4.433088e+01
9.728483e-01 -6.428375e-02 -2.223370e-01 8.029337e+01 1.679034e-01 8.572086e-01 4.868283e-01 -9.558258e+00 1.592941e-01 -5.109411e-01 8.447274e-01 4.462547e+01
9.731953e-01 8.895050e-02 -2.120817e-01 8.201855e+01 -2.132080e-01 6.946656e-01 -6.870096e-01 -9.825402e+00 8.621605e-02 7.138120e-01 6.950103e-01 4.598046e+01
8.958383e-01 -4.429871e-01 3.515995e-02 8.322665e+01 3.027827e-01 6.663871e-01 6.813596e-01 -1.003696e+01 -3.252636e-01 -5.997421e-01 7.311039e-01 4.657500e+01
6.775037e-01 2.679361e-01 -6.849810e-01 8.396798e+01 -6.414136e-01 6.710046e-01 -3.719429e-01 -1.011834e+01 3.599685e-01 6.913488e-01 6.264660e-01 4.718102e+01
5.892831e-01 -7.423516e-01 3.188407e-01 8.469635e+01 6.070181e-01 6.672446e-01 4.316407e-01 -1.023521e+01 -5.331739e-01 -6.081642e-02 8.438168e-01 4.805708e+01
4.105393e-01 3.504145e-01 -8.418237e-01 8.491044e+01 -4.121021e-01 8.948492e-01 1.715134e-01 -1.034221e+01 8.134061e-01 2.765042e-01 5.117774e-01 4.840241e+01
5.601499e-01 -3.638065e-01 7.442290e-01 8.541068e+01 4.561241e-01 8.854029e-01 8.951210e-02 -1.043559e+01 -6.915076e-01 2.893207e-01 6.618993e-01 4.883848e+01
4.182734e-01 4.585632e-01 -7.840709e-01 8.601116e+01 -4.431497e-01 8.565276e-01 2.645352e-01 -1.051101e+01 7.928845e-01 2.368127e-01 5.614749e-01 4.924571e+01
4.543892e-01 -3.927477e-01 7.995496e-01 8.651350e+01 4.662898e-01 8.696386e-01 1.621807e-01 -1.058065e+01 -7.590153e-01 2.991287e-01 5.782886e-01 4.953584e+01
3.869258e-01 4.176385e-01 -8.221110e-01 8.714123e+01 -3.899456e-01 8.820195e-01 2.645449e-01 -1.066635e+01 8.356022e-01 2.182192e-01 5.041325e-01 4.992006e+01
5.362964e-01 -3.296635e-01 7.769865e-01 8.780012e+01 3.899847e-01 9.131936e-01 1.182766e-01 -1.073997e+01 -7.485306e-01 2.395815e-01 6.183062e-01 5.033391e+01
5.518674e-01 3.926478e-01 -7.357106e-01 8.837262e+01 -3.468829e-01 9.103582e-01 2.256550e-01 -1.079920e+01 7.583632e-01 1.306737e-01 6.385999e-01 5.075480e+01
5.363602e-01 -3.294450e-01 7.770351e-01 8.893755e+01 3.812175e-01 9.159674e-01 1.252080e-01 -1.086780e+01 -7.529880e-01 2.290628e-01 6.168786e-01 5.117136e+01
5.329871e-01 3.291801e-01 -7.794647e-01 8.949704e+01 -3.270173e-01 9.297754e-01 1.690487e-01 -1.093797e+01 7.803746e-01 1.647976e-01 6.032059e-01 5.151943e+01
6.147652e-01 -1.883008e-01 7.659024e-01 9.021995e+01 3.106266e-01 9.504028e-01 -1.566880e-02 -1.102414e+01 -7.249654e-01 2.475424e-01 6.427658e-01 5.193274e+01
5.223201e-01 2.683069e-01 -8.094400e-01 9.096585e+01 -2.304014e-01 9.583117e-01 1.689790e-01 -1.111747e+01 8.210342e-01 9.823496e-02 5.623638e-01 5.239054e+01
5.783471e-01 -1.348764e-01 8.045638e-01 9.158827e+01 2.243665e-01 9.745026e-01 2.082703e-03 -1.119846e+01 -7.843305e-01 1.793127e-01 5.938624e-01 5.280114e+01
4.944263e-01 1.613730e-01 -8.541085e-01 9.219363e+01 -1.208029e-01 9.858366e-01 1.163310e-01 -1.127583e+01 8.607842e-01 4.566168e-02 5.069179e-01 5.316462e+01
6.390695e-01 -1.556165e-02 7.689914e-01 9.291285e+01 1.104096e-01 9.912969e-01 -7.169543e-02 -1.136283e+01 -7.611832e-01 1.307224e-01 6.352258e-01 5.363016e+01
5.227914e-01 6.041505e-02 -8.503171e-01 9.367655e+01 -6.645089e-02 9.973384e-01 3.000562e-02 -1.144796e+01 8.498668e-01 4.081766e-02 5.254146e-01 5.405659e+01
6.335087e-01 1.069781e-02 7.736615e-01 9.445837e+01 2.652488e-02 9.990164e-01 -3.553368e-02 -1.153797e+01 -7.732808e-01 4.303217e-02 6.326018e-01 5.454234e+01
5.258182e-01 -3.744558e-02 -8.497724e-01 9.517229e+01 -8.332561e-02 9.919578e-01 -9.527088e-02 -1.162457e+01 8.465059e-01 1.209030e-01 5.184692e-01 5.499817e+01
6.898554e-01 -5.384927e-02 7.219416e-01 9.615237e+01 7.119402e-02 9.974422e-01 6.368829e-03 -1.176046e+01 -7.204380e-01 4.700435e-02 6.919246e-01 5.561362e+01
6.275011e-01 5.546782e-03 -7.785960e-01 9.729890e+01 -8.587048e-02 9.943677e-01 -6.212245e-02 -1.190196e+01 7.738662e-01 1.058403e-01 6.244430e-01 5.644856e+01
7.288928e-01 1.020581e-01 6.769780e-01 9.802148e+01 -4.693469e-02 9.939491e-01 -9.930937e-02 -1.200400e+01 -6.830170e-01 4.061214e-02 7.292725e-01 5.697683e+01
6.335631e-01 -1.220626e-01 -7.640018e-01 9.873428e+01 6.149843e-03 9.882398e-01 -1.527887e-01 -1.208753e+01 7.736667e-01 9.210282e-02 6.268628e-01 5.746080e+01
6.659114e-01 9.418077e-02 7.400620e-01 9.948639e+01 -1.729133e-01 9.844708e-01 3.030375e-02 -1.217280e+01 -7.257154e-01 -1.481461e-01 6.718555e-01 5.788740e+01
4.942839e-01 -3.427869e-01 -7.988621e-01 1.001893e+02 3.071907e-02 9.252847e-01 -3.780271e-01 -1.226843e+01 8.687577e-01 1.623124e-01 4.678833e-01 5.841687e+01
6.788222e-01 2.042109e-01 7.053355e-01 1.009314e+02 -3.830647e-01 9.179732e-01 1.028910e-01 -1.236654e+01 -6.264677e-01 -3.400338e-01 7.013667e-01 5.900860e+01
6.087967e-01 -4.342060e-01 -6.639517e-01 1.016347e+02 1.169922e-01 8.769091e-01 -4.662009e-01 -1.245287e+01 7.846525e-01 2.061443e-01 5.846580e-01 5.946970e+01
6.602079e-01 2.135936e-01 7.200717e-01 1.023584e+02 -4.733881e-01 8.626516e-01 1.781457e-01 -1.253587e+01 -5.831202e-01 -4.584866e-01 6.706421e-01 5.993139e+01
6.062957e-01 -4.932467e-01 -6.237895e-01 1.030474e+02 1.201009e-01 8.322011e-01 -5.413107e-01 -1.261788e+01 7.861180e-01 2.532766e-01 5.637992e-01 6.037773e+01
7.132819e-01 1.721618e-01 6.794036e-01 1.038234e+02 -4.483319e-01 8.571738e-01 2.534789e-01 -1.271190e+01 -5.387275e-01 -4.854002e-01 6.885922e-01 6.087462e+01
6.612543e-01 -4.557502e-01 -5.958478e-01 1.045933e+02 6.312417e-03 7.976446e-01 -6.030947e-01 -1.279984e+01 7.501353e-01 3.950377e-01 5.303228e-01 6.140495e+01
7.795003e-01 9.945235e-02 6.184565e-01 1.052836e+02 -4.217047e-01 8.133824e-01 4.007172e-01 -1.288303e+01 -4.631893e-01 -5.731651e-01 6.759714e-01 6.188901e+01
6.776205e-01 -4.948466e-01 -5.440196e-01 1.059404e+02 -2.237564e-02 7.255327e-01 -6.878239e-01 -1.297515e+01 7.350713e-01 4.782563e-01 4.805633e-01 6.240332e+01
8.216685e-01 1.124172e-01 5.587693e-01 1.065961e+02 -4.268889e-01 7.709644e-01 4.726307e-01 -1.305939e+01 -3.776594e-01 -6.268781e-01 6.814668e-01 6.289878e+01
5.918668e-01 -7.126694e-01 -3.765583e-01 1.074579e+02 7.347396e-02 5.129301e-01 -8.552803e-01 -1.322625e+01 8.026801e-01 4.785448e-01 3.559490e-01 6.376627e+01
7.735727e-01 1.170528e-01 6.228032e-01 1.080797e+02 -3.431215e-01 9.036323e-01 2.563519e-01 -1.338816e+01 -5.327783e-01 -4.120040e-01 7.391886e-01 6.499890e+01
2.964579e-01 -5.081378e-01 -8.086463e-01 1.089937e+02 -2.919927e-01 7.579410e-01 -5.833230e-01 -1.350069e+01 9.093146e-01 4.090496e-01 7.632516e-02 6.621700e+01
4.631509e-01 -1.919516e-01 8.652432e-01 1.097169e+02 -4.593038e-01 7.829525e-01 4.195536e-01 -1.359862e+01 -7.579783e-01 -5.917262e-01 2.744610e-01 6.672075e+01
4.630697e-01 -4.669827e-01 -7.533218e-01 1.102169e+02 -2.518171e-01 7.455971e-01 -6.169871e-01 -1.365432e+01 8.497968e-01 4.754074e-01 2.276693e-01 6.706856e+01
5.124826e-01 -1.769627e-01 8.402653e-01 1.108448e+02 -4.975935e-01 7.362956e-01 4.585514e-01 -1.372207e+01 -6.998301e-01 -6.531103e-01 2.892831e-01 6.747492e+01
5.242708e-01 -5.347217e-01 -6.627314e-01 1.114739e+02 -2.304440e-01 6.601346e-01 -7.149251e-01 -1.379648e+01 8.197779e-01 5.275369e-01 2.228660e-01 6.786068e+01
5.301193e-01 -1.501696e-01 8.345194e-01 1.120404e+02 -5.834558e-01 6.495430e-01 4.875174e-01 -1.386599e+01 -6.152665e-01 -7.453476e-01 2.567179e-01 6.817641e+01
