9.972187e-01 -3.810857e-03 -7.443377e-02 5.832292e-01 4.030565e-04 9.989531e-01 -4.574445e-02 -7.705708e-02 7.453018e-02 4.558723e-02 9.961763e-01 3.340067e-01
9.952862e-01 4.007212e-03 -9.689840e-02 1.318265e+00 -4.964929e-03 9.999412e-01 -9.644620e-03 -1.712543e-01 9.685403e-02 1.008024e-02 9.952475e-01 7.902853e-01
9.957792e-01 2.856298e-02 -8.722315e-02 2.039319e+00 -3.332470e-02 9.980045e-01 -5.363335e-02 -2.631625e-01 8.551721e-02 5.631368e-02 9.947441e-01 1.225860e+00
9.968645e-01 -2.401556e-04 -7.912655e-02 2.745222e+00 -4.861822e-04 9.999579e-01 -9.159979e-03 -3.529051e-01 7.912537e-02 9.169705e-03 9.968224e-01 1.658196e+00
9.964615e-01 1.552752e-02 -8.260398e-02 3.455743e+00 -1.876216e-02 9.990814e-01 -3.852744e-02 -4.404302e-01 8.192993e-02 3.994096e-02 9.958375e-01 2.101856e+00
9.964324e-01 -3.289426e-02 -7.772057e-02 4.163960e+00 3.416244e-02 9.993031e-01 1.504409e-02 -5.278188e-01 7.717146e-02 -1.764557e-02 9.968616e-01 2.573253e+00
9.941050e-01 6.782908e-02 -8.458398e-02 4.855311e+00 -7.232621e-02 9.960616e-01 -5.128537e-02 -6.167340e-01 8.077230e-02 5.710071e-02 9.950957e-01 3.000863e+00
9.976132e-01 -5.331628e-02 -4.387667e-02 5.507775e+00 5.369027e-02 9.985303e-01 7.389528e-03 -6.940571e-01 4.341811e-02 -9.727672e-03 9.990096e-01 3.382594e+00
9.961935e-01 5.237019e-02 -6.968498e-02 6.120752e+00 -5.545835e-02 9.975284e-01 -4.314439e-02 -7.699185e-01 6.725336e-02 4.684481e-02 9.966357e-01 3.747026e+00
9.993637e-01 -1.306946e-02 -3.318560e-02 6.662440e+00 1.367305e-02 9.997440e-01 1.802775e-02 -8.312129e-01 3.294140e-02 -1.847006e-02 9.992866e-01 4.100040e+00
9.962983e-01 2.220204e-03 -8.593547e-02 7.285195e+00 -5.780909e-03 9.991339e-01 -4.120834e-02 -9.010442e-01 8.576964e-02 4.155262e-02 9.954482e-01 4.512742e+00
9.992232e-01 2.771479e-02 2.801531e-02 7.885097e+00 -2.816819e-02 9.994764e-01 1.591955e-02 -9.692372e-01 -2.755953e-02 -1.669636e-02 9.994807e-01 4.914722e+00
9.983592e-01 5.008153e-03 -5.704391e-02 8.387768e+00 -8.015286e-03 9.985829e-01 -5.261059e-02 -1.023843e+00 5.669968e-02 5.298152e-02 9.969846e-01 5.212391e+00
9.995456e-01 2.853177e-02 9.719579e-03 8.868010e+00 -2.866123e-02 9.994987e-01 1.344626e-02 -1.077335e+00 -9.331150e-03 -1.371877e-02 9.998623e-01 5.487005e+00
9.923887e-01 -2.975607e-02 -1.194960e-01 9.463325e+00 1.926194e-02 9.959312e-01 -8.803397e-02 -1.156408e+00 1.216295e-01 8.506223e-02 9.889240e-01 5.823861e+00
9.985743e-01 5.337403e-02 6.820622e-04 1.009020e+01 -5.325643e-02 9.953469e-01 8.030088e-02 -1.228762e+00 3.607014e-03 -8.022276e-02 9.967704e-01 6.241179e+00
9.995837e-01 -2.672238e-02 -1.088071e-02 1.058563e+01 2.534894e-02 9.934768e-01 -1.111812e-01 -1.283777e+00 1.378084e-02 1.108592e-01 9.937406e-01 6.518665e+00
9.982987e-01 5.747364e-02 -9.817592e-03 1.105248e+01 -5.634923e-02 9.942750e-01 9.078568e-02 -1.336617e+00 1.497910e-02 -9.007806e-02 9.958220e-01 6.786536e+00
9.996498e-01 -1.968738e-02 -1.768896e-02 1.150668e+01 1.747625e-02 9.929223e-01 -1.174731e-01 -1.389758e+00 1.987658e-02 1.171229e-01 9.929185e-01 7.023020e+00
9.978248e-01 2.269252e-02 -6.189238e-02 1.206442e+01 -1.941124e-02 9.983998e-01 5.311244e-02 -1.465125e+00 6.299853e-02 -5.179555e-02 9.966686e-01 7.325494e+00
9.981572e-01 9.538224e-03 -5.992838e-02 1.268388e+01 -1.325538e-02 9.979919e-01 -6.193979e-02 -1.539217e+00 5.921730e-02 6.262006e-02 9.962791e-01 7.698324e+00
9.991665e-01 2.946608e-02 2.824599e-02 1.315012e+01 -3.056643e-02 9.987580e-01 3.934729e-02 -1.590935e+00 -2.705156e-02 -4.017791e-02 9.988263e-01 7.968555e+00
9.993225e-01 1.531602e-02 -3.346734e-02 1.360559e+01 -1.720637e-02 9.982289e-01 -5.694768e-02 -1.639877e+00 3.253592e-02 5.748498e-02 9.978161e-01 8.241437e+00
9.748396e-01 1.426954e-01 1.712474e-01 1.395580e+01 -1.450710e-01 9.894203e-01 1.373290e-03 -1.666706e+00 -1.692398e-01 -2.618182e-02 9.852271e-01 8.526537e+00
9.391865e-01 -1.872574e-01 -2.878600e-01 1.439365e+01 1.656103e-01 9.813073e-01 -9.802736e-02 -1.734767e+00 3.008355e-01 4.439343e-02 9.526422e-01 8.835464e+00
9.022066e-01 2.989071e-01 3.109304e-01 1.476890e+01 -2.894711e-01 9.540657e-01 -7.723366e-02 -1.775392e+00 -3.197338e-01 -2.032470e-02 9.472894e-01 9.088145e+00
8.939573e-01 -3.206430e-01 -3.130949e-01 1.514912e+01 2.961867e-01 9.470239e-01 -1.241743e-01 -1.823670e+00 3.363240e-01 1.827205e-02 9.415691e-01 9.442257e+00
9.226657e-01 2.781140e-01 2.670965e-01 1.554826e+01 -2.638236e-01 9.604803e-01 -8.873971e-02 -1.888436e+00 -2.812207e-01 1.141069e-02 9.595753e-01 9.846329e+00
8.827058e-01 -3.082107e-01 -3.547346e-01 1.600712e+01 2.491483e-01 9.469893e-01 -2.028214e-01 -1.955242e+00 3.984416e-01 9.065011e-02 9.127031e-01 1.026997e+01
9.481930e-01 2.625409e-01 1.788914e-01 1.647823e+01 -2.808014e-01 9.559599e-01 8.538810e-02 -2.017472e+00 -1.485951e-01 -1.311973e-01 9.801565e-01 1.064484e+01
9.369636e-01 -2.443074e-01 -2.498265e-01 1.698283e+01 1.944775e-01 9.585925e-01 -2.080363e-01 -2.076795e+00 2.903066e-01 1.463368e-01 9.456784e-01 1.100364e+01
9.569483e-01 2.207670e-01 1.884456e-01 1.744776e+01 -2.512364e-01 9.551318e-01 1.568551e-01 -2.129058e+00 -1.453619e-01 -1.974466e-01 9.694765e-01 1.129974e+01
9.583752e-01 -1.579852e-01 -2.378186e-01 1.790226e+01 9.407570e-02 9.611754e-01 -2.594066e-01 -2.174165e+00 2.695678e-01 2.262359e-01 9.360291e-01 1.158340e+01
9.797295e-01 1.625344e-01 1.171009e-01 1.837181e+01 -1.857749e-01 9.558836e-01 2.275393e-01 -2.225203e+00 -7.495186e-02 -2.446814e-01 9.667022e-01 1.190136e+01
9.648119e-01 -1.451947e-01 -2.192183e-01 1.881583e+01 8.373443e-02 9.599712e-01 -2.672901e-01 -2.272258e+00 2.492523e-01 2.395285e-01 9.383493e-01 1.217941e+01
9.762420e-01 1.240815e-01 1.776380e-01 1.923072e+01 -1.678404e-01 9.515217e-01 2.577518e-01 -2.313484e+00 -1.370441e-01 -2.814429e-01 9.497414e-01 1.244361e+01
9.630363e-01 -1.344204e-01 -2.334359e-01 1.963066e+01 6.312964e-02 9.550847e-01 -2.895305e-01 -2.353486e+00 2.618698e-01 2.640916e-01 9.282671e-01 1.268710e+01
9.782528e-01 8.066073e-02 1.910895e-01 2.003955e+01 -1.329823e-01 9.509250e-01 2.793871e-01 -2.399293e+00 -1.591762e-01 -2.987227e-01 9.409716e-01 1.293721e+01
9.825531e-01 -9.632435e-02 -1.590943e-01 2.040125e+01 5.178284e-02 9.632899e-01 -2.634222e-01 -2.436882e+00 1.786279e-01 2.505879e-01 9.514714e-01 1.318488e+01
9.784825e-01 6.331717e-03 2.062323e-01 2.077756e+01 -5.996833e-02 9.651080e-01 2.548926e-01 -2.480127e+00 -1.974225e-01 -2.617753e-01 9.447211e-01 1.338335e+01
9.869378e-01 -2.942232e-02 -1.583923e-01 2.119494e+01 -9.572232e-03 9.707345e-01 -2.399647e-01 -2.523614e+00 1.608171e-01 2.383464e-01 9.577729e-01 1.366815e+01
9.795613e-01 -1.747767e-02 2.003850e-01 2.156247e+01 -3.652226e-02 9.642043e-01 2.626332e-01 -2.564239e+00 -1.978023e-01 -2.645838e-01 9.438589e-01 1.388505e+01
9.880488e-01 -5.857396e-02 -1.425786e-01 2.192036e+01 2.492098e-02 9.735195e-01 -2.272420e-01 -2.603606e+00 1.521135e-01 2.209730e-01 9.633444e-01 1.409727e+01
9.741467e-01 -1.430799e-02 2.254625e-01 2.225561e+01 -4.137034e-02 9.698186e-01 2.402921e-01 -2.642181e+00 -2.220958e-01 -2.434072e-01 9.441538e-01 1.430704e+01
9.854485e-01 -5.263947e-02 -1.616178e-01 2.256233e+01 1.464007e-02 9.735896e-01 -2.278357e-01 -2.679191e+00 1.693426e-01 2.221542e-01 9.601930e-01 1.449336e+01
9.710419e-01 -7.275464e-03 2.387982e-01 2.283428e+01 -5.317267e-02 9.678844e-01 2.457079e-01 -2.709640e+00 -2.329167e-01 -2.512902e-01 9.394695e-01 1.464736e+01
9.765806e-01 -6.714220e-02 -2.044071e-01 2.314721e+01 1.847587e-02 9.727208e-01 -2.312422e-01 -2.742106e+00 2.143571e-01 2.220500e-01 9.511808e-01 1.481443e+01
9.809518e-01 8.833863e-02 1.730022e-01 2.354374e+01 -1.210529e-01 9.745310e-01 1.887737e-01 -2.775001e+00 -1.519200e-01 -2.061203e-01 9.666616e-01 1.506822e+01
9.079536e-01 -1.804595e-01 -3.782257e-01 2.427286e+01 4.174036e-02 9.369887e-01 -3.468573e-01 -2.865227e+00 4.169868e-01 2.991430e-01 8.582747e-01 1.555744e+01
9.859154e-01 1.470864e-01 7.960142e-02 2.531638e+01 -1.664748e-01 9.087080e-01 3.827999e-01 -2.949396e+00 -1.602975e-02 -3.906599e-01 9.203955e-01 1.623307e+01
9.582455e-01 -1.771830e-01 -2.244368e-01 2.647876e+01 5.072748e-02 8.777745e-01 -4.763810e-01 -3.087429e+00 2.814115e-01 4.451047e-01 8.501114e-01 1.699389e+01
9.954103e-01 6.521627e-02 7.003637e-02 2.776359e+01 -8.813127e-02 9.099362e-01 4.052764e-01 -3.232781e+00 -3.729797e-02 -4.095886e-01 9.115075e-01 1.784726e+01
9.755100e-01 -5.543600e-02 -2.128545e-01 2.904468e+01 -5.594231e-02 8.733650e-01 -4.838432e-01 -3.373163e+00 2.127220e-01 4.839014e-01 8.488750e-01 1.871053e+01
9.973848e-01 -4.028227e-02 6.000697e-02 3.024734e+01 1.170543e-02 9.093448e-01 4.158786e-01 -3.516220e+00 -7.131951e-02 -4.140885e-01 9.074382e-01 1.949351e+01
9.730887e-01 2.962460e-02 -2.285186e-01 3.139175e+01 -1.385596e-01 8.676123e-01 -4.775462e-01 -3.645576e+00 1.841184e-01 4.963581e-01 8.483685e-01 2.025027e+01
9.959684e-01 -8.819997e-02 1.635933e-02 3.253148e+01 7.331910e-02 9.054682e-01 4.180331e-01 -3.768867e+00 -5.168333e-02 -4.151482e-01 9.082844e-01 2.100122e+01
9.819662e-01 1.351808e-01 -1.321684e-01 3.354279e+01 -1.804204e-01 8.789399e-01 -4.414898e-01 -3.861466e+00 5.648711e-02 4.573739e-01 8.874787e-01 2.167464e+01
9.855626e-01 -1.673224e-01 -2.587733e-02 3.445764e+01 1.653118e-01 9.179487e-01 3.606135e-01 -3.961293e+00 -3.658464e-02 -3.596849e-01 9.323563e-01 2.226605e+01
9.479179e-01 2.757692e-01 -1.593829e-01 3.540176e+01 -3.169788e-01 8.658279e-01 -3.871260e-01 -4.050013e+00 3.124076e-02 4.174846e-01 9.081468e-01 2.291952e+01
9.575293e-01 -2.845077e-01 -4.682893e-02 3.637348e+01 2.838948e-01 9.018688e-01 3.256324e-01 -4.153632e+00 -5.041136e-02 -3.250970e-01 9.443360e-01 2.356769e+01
8.959728e-01 3.757599e-01 -2.367218e-01 3.744374e+01 -4.372361e-01 8.397610e-01 -3.219101e-01 -4.255781e+00 7.782893e-02 3.919259e-01 9.166989e-01 2.430027e+01
9.137237e-01 -3.954553e-01 -9.340251e-02 3.852325e+01 4.055646e-01 8.734101e-01 2.695778e-01 -4.365526e+00 -2.502733e-02 -2.842003e-01 9.584381e-01 2.501307e+01
8.835805e-01 4.091353e-01 -2.278024e-01 3.957335e+01 -4.579227e-01 8.566545e-01 -2.375920e-01 -4.483709e+00 9.794072e-02 3.142474e-01 9.442755e-01 2.571335e+01
8.984707e-01 -4.350336e-01 -5.912819e-02 4.063262e+01 4.378835e-01 8.782114e-01 1.923613e-01 -4.602012e+00 -3.175664e-02 -1.987222e-01 9.795412e-01 2.641211e+01
8.687106e-01 4.592014e-01 -1.856769e-01 4.166296e+01 -4.884458e-01 8.564238e-01 -1.672095e-01 -4.715966e+00 8.223534e-02 2.359497e-01 9.682795e-01 2.710103e+01
8.852741e-01 -4.614196e-01 -5.815155e-02 4.271324e+01 4.650693e-01 8.781990e-01 1.117008e-01 -4.828389e+00 -4.723796e-04 -1.259303e-01 9.920389e-01 2.778212e+01
8.543050e-01 4.794020e-01 -2.008398e-01 4.381475e+01 -4.997287e-01 8.638356e-01 -6.371343e-02 -4.944608e+00 1.429483e-01 1.547961e-01 9.775500e-01 2.848150e+01
8.789162e-01 -4.762380e-01 -2.652389e-02 4.489118e+01 4.768114e-01 8.787146e-01 2.261642e-02 -5.058267e+00 1.253606e-02 -3.252476e-02 9.993923e-01 2.920354e+01
8.570867e-01 4.806236e-01 -1.854815e-01 4.593115e+01 -4.818737e-01 8.752655e-01 4.132922e-02 -5.176472e+00 1.822094e-01 5.395589e-02 9.817783e-01 2.988650e+01
7.152564e-01 -6.517347e-01 2.522894e-01 4.666567e+01 6.583481e-01 7.494827e-01 6.966681e-02 -5.289218e+00 -2.344909e-01 1.162647e-01 9.651407e-01 3.037170e+01
7.145143e-01 6.697997e-01 -2.020834e-01 4.709247e+01 -6.657006e-01 7.397415e-01 9.810860e-02 -5.336126e+00 2.152027e-01 6.442702e-02 9.744419e-01 3.062171e+01
6.830744e-01 -6.967679e-01 2.189149e-01 4.742794e+01 6.958377e-01 7.119246e-01 9.472760e-02 -5.381886e+00 -2.218541e-01 8.762331e-02 9.711348e-01 3.081490e+01
7.085875e-01 6.864798e-01 -1.632462e-01 4.769803e+01 -6.873015e-01 7.238417e-01 6.057998e-02 -5.415628e+00 1.597515e-01 6.927314e-02 9.847237e-01 3.093025e+01
6.900767e-01 -6.995863e-01 1.853998e-01 4.796013e+01 6.894730e-01 7.133576e-01 1.254907e-01 -5.446889e+00 -2.200480e-01 4.123005e-02 9.746173e-01 3.104838e+01
7.132637e-01 6.814659e-01 -1.638875e-01 4.824997e+01 -6.884591e-01 7.250386e-01 1.852659e-02 -5.483818e+00 1.314501e-01 9.961547e-02 9.863051e-01 3.117795e+01
6.926170e-01 -7.042885e-01 1.557536e-01 4.852867e+01 6.865663e-01 7.099115e-01 1.570111e-01 -5.518571e+00 -2.211524e-01 -1.813355e-03 9.752375e-01 3.131369e+01
7.179254e-01 6.754859e-01 -1.682317e-01 4.880484e+01 -6.871280e-01 7.263647e-01 -1.579644e-02 -5.551578e+00 1.115274e-01 1.269373e-01 9.856209e-01 3.144117e+01
7.000209e-01 -7.022397e-01 1.297310e-01 4.908665e+01 6.800671e-01 7.109764e-01 1.789451e-01 -5.584515e+00 -2.178981e-01 -3.703942e-02 9.752684e-01 3.157033e+01
7.110026e-01 6.835883e-01 -1.648706e-01 4.939145e+01 -6.993319e-01 7.119170e-01 -6.410264e-02 -5.622403e+00 7.355446e-02 1.608764e-01 9.842300e-01 3.171044e+01
7.121774e-01 -6.951352e-01 9.792978e-02 4.969171e+01 6.684569e-01 7.141236e-01 2.078290e-01 -5.660631e+00 -2.144033e-01 -8.254923e-02 9.732506e-01 3.184912e+01
7.243154e-01 6.699508e-01 -1.628901e-01 4.997285e+01 -6.874880e-01 7.196846e-01 -9.702805e-02 -5.697701e+00 5.222554e-02 1.822638e-01 9.818617e-01 3.197919e+01
7.273022e-01 -6.826580e-01 7.077795e-02 5.026942e+01 6.551905e-01 7.213198e-01 2.245513e-01 -5.735552e+00 -2.043453e-01 -1.169435e-01 9.718884e-01 3.211643e+01
7.305527e-01 6.653594e-01 -1.535890e-01 5.054776e+01 -6.824364e-01 7.192833e-01 -1.300470e-01 -5.771531e+00 2.394605e-02 1.998209e-01 9.795398e-01 3.224480e+01
7.336708e-01 -6.780627e-01 4.424980e-02 5.081266e+01 6.479642e-01 7.177406e-01 2.549331e-01 -5.805124e+00 -2.046206e-01 -1.583646e-01 9.659456e-01 3.236918e+01
7.542328e-01 6.394996e-01 -1.489066e-01 5.105335e+01 -6.565949e-01 7.331802e-01 -1.770029e-01 -5.836277e+00 -4.017835e-03 2.312727e-01 9.728807e-01 3.247742e+01
7.513581e-01 -6.598095e-01 1.059840e-02 5.130736e+01 6.307223e-01 7.227722e-01 2.824707e-01 -5.869268e+00 -1.940372e-01 -2.055519e-01 9.592173e-01 3.258654e+01
7.625937e-01 6.321985e-01 -1.370255e-01 5.155286e+01 -6.453686e-01 7.290881e-01 -2.278817e-01 -5.900886e+00 -4.416277e-02 2.622130e-01 9.639990e-01 3.269815e+01
7.553896e-01 -6.548700e-01 -2.305963e-02 5.183029e+01 6.292633e-01 7.151367e-01 3.043143e-01 -5.936118e+00 -1.827955e-01 -2.443863e-01 9.522925e-01 3.282315e+01
7.579289e-01 6.379959e-01 -1.360334e-01 5.212943e+01 -6.484032e-01 7.139286e-01 -2.643471e-01 -5.977421e+00 -7.153419e-02 2.885607e-01 9.547857e-01 3.294947e+01
7.641946e-01 -6.438359e-01 -3.849507e-02 5.240418e+01 6.180373e-01 7.138884e-01 3.292311e-01 -6.012587e+00 -1.844897e-01 -2.753880e-01 9.434643e-01 3.306325e+01
7.709230e-01 6.231299e-01 -1.318593e-01 5.266265e+01 -6.308330e-01 7.184311e-01 -2.930982e-01 -6.047376e+00 -8.790634e-02 3.091373e-01 9.469460e-01 3.319853e+01
7.817278e-01 -6.192956e-01 -7.331059e-02 5.288369e+01 6.035706e-01 7.217809e-01 3.387252e-01 -6.077013e+00 -1.568569e-01 -3.090389e-01 9.380249e-01 3.333517e+01
7.812895e-01 6.137807e-01 -1.134019e-01 5.311199e+01 -6.133515e-01 7.212928e-01 -3.217712e-01 -6.107650e+00 -1.157010e-01 3.209516e-01 9.400018e-01 3.347415e+01
7.861278e-01 -6.102450e-01 -9.800057e-02 5.334900e+01 6.012711e-01 7.183835e-01 3.498545e-01 -6.138024e+00 -1.430950e-01 -3.339552e-01 9.316639e-01 3.362165e+01
7.917054e-01 6.013555e-01 -1.075832e-01 5.360705e+01 -5.981174e-01 7.271802e-01 -3.368452e-01 -6.172732e+00 -1.243313e-01 3.310294e-01 9.353937e-01 3.377701e+01
7.882759e-01 -6.050379e-01 -1.120283e-01 5.387349e+01 5.994301e-01 7.139718e-01 3.618394e-01 -6.207340e+00 -1.389415e-01 -3.523823e-01 9.254847e-01 3.392183e+01
7.948536e-01 5.992989e-01 -9.512353e-02 5.415947e+01 -5.872902e-01 7.203522e-01 -3.690298e-01 -6.242783e+00 -1.526367e-01 3.491897e-01 9.245370e-01 3.407775e+01
7.992859e-01 -5.850803e-01 -1.371971e-01 5.445843e+01 5.877959e-01 7.136360e-01 3.810769e-01 -6.282351e+00 -1.250519e-01 -3.852332e-01 9.143070e-01 3.425681e+01
8.049251e-01 5.875453e-01 -8.298239e-02 5.474044e+01 -5.673759e-01 7.211478e-01 -3.975305e-01 -6.317902e+00 -1.737246e-01 3.670644e-01 9.138291e-01 3.442880e+01
8.078921e-01 -5.679605e-01 -1.572613e-01 5.503893e+01 5.789555e-01 7.150394e-01 3.918279e-01 -6.356871e+00 -1.100948e-01 -4.076019e-01 9.064986e-01 3.461781e+01
8.054947e-01 5.862944e-01 -8.623904e-02 5.534439e+01 -5.666198e-01 7.193589e-01 -4.018270e-01 -6.395132e+00 -1.735520e-01 3.725342e-01 9.116458e-01 3.481912e+01
8.045248e-01 -5.735030e-01 -1.543833e-01 5.566227e+01 5.825637e-01 7.114286e-01 3.930506e-01 -6.434498e+00 -1.155830e-01 -4.061569e-01 9.064640e-01 3.500336e+01
8.049022e-01 5.861520e-01 -9.251162e-02 5.601213e+01 -5.678797e-01 7.156236e-01 -4.066886e-01 -6.477907e+00 -1.721778e-01 3.798799e-01 9.088708e-01 3.521618e+01
8.130549e-01 -5.574502e-01 -1.679018e-01 5.636600e+01 5.732948e-01 7.164049e-01 3.976142e-01 -6.518913e+00 -1.013645e-01 -4.195393e-01 9.020598e-01 3.545563e+01
8.040597e-01 5.881969e-01 -8.667434e-02 5.672766e+01 -5.661293e-01 7.129139e-01 -4.138255e-01 -6.565034e+00 -1.816195e-01 3.818092e-01 9.062208e-01 3.568146e+01
8.028178e-01 -5.648507e-01 -1.908593e-01 5.709049e+01 5.898730e-01 7.058704e-01 3.921693e-01 -6.609165e+00 -8.679517e-02 -4.274231e-01 8.998755e-01 3.592236e+01
7.934017e-01 6.032015e-01 -8.161902e-02 5.746378e+01 -5.778398e-01 7.042260e-01 -4.125131e-01 -6.652155e+00 -1.913503e-01 3.744513e-01 9.072879e-01 3.616890e+01
8.099440e-01 -5.543162e-01 -1.916358e-01 5.784149e+01 5.808745e-01 7.129632e-01 3.927699e-01 -6.698664e+00 -8.108943e-02 -4.294379e-01 8.994484e-01 3.639299e+01
8.013290e-01 5.927125e-01 -8.101669e-02 5.822147e+01 -5.651594e-01 7.056635e-01 -4.273571e-01 -6.743203e+00 -1.961293e-01 3.882409e-01 9.004456e-01 3.662008e+01
8.213126e-01 -5.314217e-01 -2.074524e-01 5.859285e+01 5.674862e-01 7.238743e-01 3.923842e-01 -6.789416e+00 -5.835208e-02 -4.399964e-01 8.961016e-01 3.684123e+01
8.147148e-01 5.760351e-01 -6.650893e-02 5.893806e+01 -5.443265e-01 7.202048e-01 -4.301323e-01 -6.832622e+00 -1.998712e-01 3.866377e-01 9.003127e-01 3.705024e+01
8.256041e-01 -5.237798e-01 -2.098393e-01 5.929382e+01 5.623060e-01 7.329066e-01 3.829620e-01 -6.873206e+00 -4.679516e-02 -4.341688e-01 8.996152e-01 3.727691e+01
8.055776e-01 5.909243e-01 -4.304982e-02 5.964712e+01 -5.460034e-01 7.121972e-01 -4.411979e-01 -6.916596e+00 -2.300545e-01 3.789244e-01 8.963767e-01 3.749355e+01
8.107795e-01 -5.425785e-01 -2.196478e-01 5.993648e+01 5.813214e-01 7.024008e-01 4.107294e-01 -6.955177e+00 -6.857216e-02 -4.606968e-01 8.849046e-01 3.767591e+01
8.096942e-01 5.856670e-01 -3.727643e-02 6.020827e+01 -5.317728e-01 7.053517e-01 -4.687182e-01 -6.988671e+00 -2.482197e-01 3.993409e-01 8.825609e-01 3.785534e+01
8.115708e-01 -5.375471e-01 -2.289014e-01 6.050371e+01 5.791386e-01 6.884230e-01 4.366602e-01 -7.026671e+00 -7.714445e-02 -4.869462e-01 8.700184e-01 3.803879e+01
8.083920e-01 5.872702e-01 -4.020052e-02 6.081662e+01 -5.288722e-01 6.946254e-01 -4.876370e-01 -7.066725e+00 -2.584503e-01 4.154627e-01 8.721205e-01 3.823074e+01
8.169810e-01 -5.191651e-01 -2.510171e-01 6.113546e+01 5.741799e-01 6.919861e-01 4.375759e-01 -7.106435e+00 -5.347381e-02 -5.016201e-01 8.634337e-01 3.842548e+01
8.118887e-01 5.829563e-01 -3.160219e-02 6.147120e+01 -5.189850e-01 6.958863e-01 -4.963839e-01 -7.145843e+00 -2.673785e-01 4.194095e-01 8.675278e-01 3.863441e+01
8.210619e-01 -5.091227e-01 -2.581695e-01 6.180398e+01 5.686849e-01 6.902736e-01 4.473476e-01 -7.183031e+00 -4.954721e-02 -5.141171e-01 8.562877e-01 3.883627e+01
8.135359e-01 5.812112e-01 -1.878403e-02 6.216863e+01 -5.063176e-01 6.920787e-01 -5.144606e-01 -7.225655e+00 -2.860102e-01 4.280428e-01 8.573083e-01 3.904836e+01
8.206628e-01 -4.916829e-01 -2.911366e-01 6.254001e+01 5.713632e-01 6.993778e-01 4.294354e-01 -7.267804e+00 -7.531612e-03 -5.187663e-01 8.548828e-01 3.927801e+01
7.931622e-01 6.078132e-01 -3.816900e-02 6.294998e+01 -5.357109e-01 6.665167e-01 -5.184298e-01 -7.316352e+00 -2.896682e-01 4.316464e-01 8.542680e-01 3.952161e+01
8.092647e-01 -4.964254e-01 -3.140898e-01 6.335999e+01 5.870881e-01 7.020735e-01 4.030140e-01 -7.362695e+00 2.044777e-02 -5.105433e-01 8.596088e-01 3.980065e+01
7.891489e-01 6.140877e-01 -1.184504e-02 6.378468e+01 -5.402422e-01 6.848189e-01 -4.890415e-01 -7.412151e+00 -2.922026e-01 3.923257e-01 8.721801e-01 4.007864e+01
8.087048e-01 -4.970385e-01 -3.145619e-01 6.422423e+01 5.864149e-01 7.230623e-01 3.651004e-01 -7.463542e+00 4.597883e-02 -4.797222e-01 8.762148e-01 4.035287e+01
7.820664e-01 6.228076e-01 2.197204e-02 6.464691e+01 -5.369345e-01 6.912935e-01 -4.835439e-01 -7.513049e+00 -3.163439e-01 3.663659e-01 8.750443e-01 4.060964e+01
7.948320e-01 -5.003203e-01 -3.433973e-01 6.507107e+01 6.005873e-01 7.295428e-01 3.272037e-01 -7.561210e+00 8.681629e-02 -4.663119e-01 8.803499e-01 4.088016e+01
7.697694e-01 6.371474e-01 3.870686e-02 6.549608e+01 -5.615324e-01 7.047559e-01 -4.335905e-01 -7.610618e+00 -3.035399e-01 3.120295e-01 9.002784e-01 4.114781e+01
7.844606e-01 -5.213653e-01 -3.358567e-01 6.595213e+01 6.118723e-01 7.389760e-01 2.820048e-01 -7.659665e+00 1.011625e-01 -4.267230e-01 8.987066e-01 4.144164e+01
7.541561e-01 6.513168e-01 8.387542e-02 6.637312e+01 -5.686643e-01 7.115903e-01 -4.126261e-01 -7.705984e+00 -3.284352e-01 2.634875e-01 9.070307e-01 4.170762e+01
7.489939e-01 -5.562929e-01 -3.599255e-01 6.682895e+01 6.473625e-01 7.301503e-01 2.186372e-01 -7.757246e+00 1.411734e-01 -3.967601e-01 9.070013e-01 4.199248e+01
7.161569e-01 6.895176e-01 1.080965e-01 6.730800e+01 -6.130927e-01 6.955161e-01 -3.746662e-01 -7.809521e+00 -3.335217e-01 2.020466e-01 9.208368e-01 4.228766e+01
7.393997e-01 -5.731439e-01 -3.532620e-01 6.778803e+01 6.513104e-01 7.418199e-01 1.596806e-01 -7.862098e+00 1.705368e-01 -3.481510e-01 9.217961e-01 4.258785e+01
7.101877e-01 6.947386e-01 1.138938e-01 6.824165e+01 -6.319977e-01 7.004209e-01 -3.316466e-01 -7.913156e+00 -3.101812e-01 1.635507e-01 9.365035e-01 4.287124e+01
7.223398e-01 -6.042824e-01 -3.362557e-01 6.869227e+01 6.666632e-01 7.377343e-01 1.063402e-01 -7.962995e+00 1.838078e-01 -3.009830e-01 9.357478e-01 4.315854e+01
7.007809e-01 7.013032e-01 1.306907e-01 6.916256e+01 -6.486303e-01 7.026552e-01 -2.924971e-01 -8.015041e+00 -2.969596e-01 1.202063e-01 9.472938e-01 4.345154e+01
6.760540e-01 -6.466235e-01 -3.533115e-01 6.966683e+01 7.013407e-01 7.117368e-01 3.939413e-02 -8.075568e+00 2.259916e-01 -2.744242e-01 9.346759e-01 4.378637e+01
6.773960e-01 7.202738e-01 1.494668e-01 7.021579e+01 -6.887176e-01 6.923676e-01 -2.151632e-01 -8.140891e+00 -2.584623e-01 4.281028e-02 9.650723e-01 4.415755e+01
6.466143e-01 -6.829530e-01 -3.398014e-01 7.079661e+01 7.039742e-01 7.058191e-01 -7.899170e-02 -8.216939e+00 2.937859e-01 -1.881342e-01 9.371741e-01 4.454724e+01
6.408821e-01 7.414219e-01 1.989066e-01 7.135294e+01 -7.374017e-01 6.666197e-01 -1.088901e-01 -8.281629e+00 -2.133285e-01 -7.688829e-02 9.739503e-01 4.490571e+01
6.261232e-01 -7.264047e-01 -2.833829e-01 7.191586e+01 7.075464e-01 6.820290e-01 -1.849718e-01 -8.348835e+00 3.276397e-01 -8.469137e-02 9.409992e-01 4.526629e+01
5.967810e-01 7.415089e-01 3.066220e-01 7.234839e+01 -7.749174e-01 6.317596e-01 -1.956633e-02 -8.398436e+00 -2.082199e-01 -2.259299e-01 9.516303e-01 4.555747e+01
6.128945e-01 -7.671185e-01 -1.894449e-01 7.259341e+01 7.496480e-01 6.402960e-01 -1.674782e-01 -8.429788e+00 2.497764e-01 -3.937050e-02 9.675028e-01 4.567481e+01
6.036956e-01 7.397833e-01 2.971068e-01 7.282177e+01 -7.606307e-01 6.460990e-01 -6.322264e-02 -8.458460e+00 -2.387314e-01 -1.878213e-01 9.527489e-01 4.577761e+01
6.109019e-01 -7.562999e-01 -2.341135e-01 7.306487e+01 7.481621e-01 6.482018e-01 -1.417319e-01 -8.491782e+00 2.589446e-01 -8.857051e-02 9.618227e-01 4.590106e+01
5.954439e-01 7.446349e-01 3.016048e-01 7.329989e+01 -7.518470e-01 6.487894e-01 -1.174670e-01 -8.521075e+00 -2.831480e-01 -1.568156e-01 9.461692e-01 4.603918e+01
6.166621e-01 -7.405865e-01 -2.669447e-01 7.354096e+01 7.458857e-01 6.581040e-01 -1.027310e-01 -8.550066e+00 2.517585e-01 -1.357598e-01 9.582207e-01 4.618341e+01
6.010894e-01 7.437276e-01 2.925079e-01 7.383120e+01 -7.361163e-01 6.577462e-01 -1.596962e-01 -8.579668e+00 -3.111663e-01 -1.193281e-01 9.428342e-01 4.634246e+01
6.299413e-01 -7.150877e-01 -3.030239e-01 7.413346e+01 7.327883e-01 6.765172e-01 -7.311497e-02 -8.620337e+00 2.572845e-01 -1.759941e-01 9.501740e-01 4.650611e+01
6.184128e-01 7.251271e-01 3.029133e-01 7.438834e+01 -7.050216e-01 6.822050e-01 -1.937553e-01 -8.651947e+00 -3.471461e-01 -9.373967e-02 9.331144e-01 4.664767e+01
6.335126e-01 -7.011510e-01 -3.271833e-01 7.465566e+01 7.313099e-01 6.807050e-01 -4.273734e-02 -8.686144e+00 2.526806e-01 -2.121977e-01 9.439940e-01 4.677322e+01
6.268006e-01 7.218380e-01 2.933786e-01 7.491038e+01 -6.874087e-01 6.895618e-01 -2.279779e-01 -8.719029e+00 -3.668657e-01 -5.877433e-02 9.284154e-01 4.689807e+01
6.483748e-01 -6.768669e-01 -3.485130e-01 7.518109e+01 7.226598e-01 6.912010e-01 2.018032e-03 -8.749641e+00 2.395265e-01 -2.531647e-01 9.373018e-01 4.703201e+01
6.241421e-01 7.254591e-01 2.900960e-01 7.546997e+01 -6.702625e-01 6.879532e-01 -2.783320e-01 -8.785352e+00 -4.014909e-01 -2.072175e-02 9.156286e-01 4.715755e+01
6.483944e-01 -6.601389e-01 -3.792114e-01 7.575589e+01 7.209057e-01 6.925025e-01 2.711780e-02 -8.824175e+00 2.447033e-01 -2.909586e-01 9.249126e-01 4.727517e+01
6.321415e-01 7.180635e-01 2.911735e-01 7.601236e+01 -6.472035e-01 6.959289e-01 -3.111443e-01 -8.857587e+00 -4.260573e-01 8.238743e-03 9.046587e-01 4.738498e+01
6.553644e-01 -6.342090e-01 -4.102149e-01 7.628644e+01 7.106419e-01 7.017462e-01 5.040184e-02 -8.894331e+00 2.559014e-01 -3.245474e-01 9.105950e-01 4.751950e+01
6.470694e-01 7.029044e-01 2.953416e-01 7.655358e+01 -6.175460e-01 7.103675e-01 -3.376613e-01 -8.927501e+00 -4.471446e-01 3.610324e-02 8.937328e-01 4.767854e+01
6.637229e-01 -6.087515e-01 -4.346188e-01 7.683586e+01 7.008611e-01 7.091212e-01 7.707680e-02 -8.964737e+00 2.612767e-01 -3.557650e-01 8.973102e-01 4.784847e+01
6.456060e-01 6.973738e-01 3.112278e-01 7.707947e+01 -5.915507e-01 7.144240e-01 -3.737196e-01 -8.996921e+00 -4.829707e-01 5.716855e-02 8.737683e-01 4.800696e+01
6.710885e-01 -5.789693e-01 -4.630710e-01 7.729767e+01 6.865348e-01 7.210746e-01 9.338869e-02 -9.024761e+00 2.798395e-01 -3.805863e-01 8.813874e-01 4.814747e+01
6.457835e-01 6.910816e-01 3.246075e-01 7.755029e+01 -5.728467e-01 7.196210e-01 -3.924186e-01 -9.055414e+00 -5.047876e-01 6.746713e-02 8.606031e-01 4.831927e+01
6.728330e-01 -5.471303e-01 -4.979399e-01 7.781136e+01 6.694676e-01 7.367289e-01 9.509826e-02 -9.089251e+00 3.148155e-01 -3.973398e-01 8.619815e-01 4.848304e+01
6.556197e-01 6.659576e-01 3.558979e-01 7.808483e+01 -5.300482e-01 7.415832e-01 -4.112219e-01 -9.123576e+00 -5.377841e-01 8.096208e-02 8.391862e-01 4.866199e+01
6.766687e-01 -5.213259e-01 -5.199411e-01 7.838299e+01 6.615474e-01 7.404803e-01 1.185072e-01 -9.161317e+00 3.232252e-01 -4.241557e-01 8.459416e-01 4.885140e+01
6.568405e-01 6.613957e-01 3.620998e-01 7.869369e+01 -5.113694e-01 7.436427e-01 -4.306935e-01 -9.198080e+00 -5.541316e-01 9.773019e-02 8.266722e-01 4.906246e+01
6.868773e-01 -4.871318e-01 -5.393534e-01 7.901395e+01 6.413566e-01 7.553503e-01 1.345650e-01 -9.238971e+00 3.418498e-01 -4.383474e-01 8.312581e-01 4.926771e+01
6.718142e-01 6.421802e-01 3.691482e-01 7.932879e+01 -4.763345e-01 7.562014e-01 -4.486257e-01 -9.276277e+00 -5.672488e-01 1.255551e-01 8.139194e-01 4.946623e+01
7.023767e-01 -4.568193e-01 -5.458783e-01 7.967154e+01 6.216511e-01 7.672319e-01 1.578134e-01 -9.316767e+00 3.467230e-01 -4.501902e-01 8.228680e-01 4.967260e+01
6.818062e-01 6.279343e-01 3.752851e-01 8.000817e+01 -4.517606e-01 7.649217e-01 -4.591375e-01 -9.355742e+00 -5.753718e-01 1.435038e-01 8.052043e-01 4.987833e+01
7.305331e-01 -4.097219e-01 -5.463052e-01 8.032143e+01 5.847442e-01 7.885195e-01 1.905552e-01 -9.395494e+00 3.526976e-01 -4.586556e-01 8.156221e-01 5.006224e+01
7.231711e-01 5.715931e-01 3.876919e-01 8.057688e+01 -3.856948e-01 7.998677e-01 -4.598384e-01 -9.429803e+00 -5.729426e-01 1.830110e-01 7.989016e-01 5.018193e+01
7.355873e-01 -3.904867e-01 -5.535624e-01 8.087853e+01 5.771124e-01 7.891465e-01 2.102118e-01 -9.465049e+00 3.547569e-01 -4.740968e-01 8.058409e-01 5.032909e+01
7.088022e-01 5.747628e-01 4.089587e-01 8.117696e+01 -3.704595e-01 7.966654e-01 -4.775815e-01 -9.500914e+00 -6.002992e-01 1.870082e-01 7.776046e-01 5.052034e+01
7.424881e-01 -3.648096e-01 -5.618055e-01 8.145504e+01 5.666628e-01 7.893206e-01 2.363605e-01 -9.533045e+00 3.572180e-01 -4.938490e-01 7.927852e-01 5.065637e+01
7.002364e-01 5.871769e-01 4.060693e-01 8.174070e+01 -3.647821e-01 7.832169e-01 -5.034933e-01 -9.571635e+00 -6.136799e-01 2.044375e-01 7.626286e-01 5.078903e+01
7.191088e-01 -3.606143e-01 -5.940033e-01 8.205793e+01 5.820881e-01 7.794853e-01 2.314653e-01 -9.608230e+00 3.795471e-01 -5.122109e-01 7.704440e-01 5.095376e+01
6.992359e-01 5.946143e-01 3.968665e-01 8.240094e+01 -3.698035e-01 7.759482e-01 -5.110283e-01 -9.647060e+00 -6.118125e-01 2.105667e-01 7.624613e-01 5.117254e+01
7.369151e-01 -3.356365e-01 -5.867745e-01 8.276972e+01 5.507425e-01 8.014226e-01 2.332477e-01 -9.687028e+00 3.919679e-01 -4.950453e-01 7.754297e-01 5.140607e+01
7.240973e-01 5.606108e-01 4.017445e-01 8.314352e+01 -3.466398e-01 7.993921e-01 -4.907272e-01 -9.730354e+00 -5.962583e-01 2.160736e-01 7.731677e-01 5.163050e+01
7.577512e-01 -2.965656e-01 -5.812590e-01 8.349114e+01 5.138296e-01 8.202459e-01 2.513479e-01 -9.771278e+00 4.022341e-01 -4.891271e-01 7.739265e-01 5.182827e+01
7.150391e-01 5.226618e-01 4.642670e-01 8.377478e+01 -2.725461e-01 8.199747e-01 -5.033490e-01 -9.804972e+00 -6.437684e-01 2.333800e-01 7.287634e-01 5.196032e+01
7.569982e-01 -2.332586e-01 -6.103640e-01 8.406179e+01 4.772919e-01 8.353558e-01 2.727145e-01 -9.843614e+00 4.462580e-01 -4.977661e-01 7.436952e-01 5.208686e+01
7.200478e-01 4.851691e-01 4.961272e-01 8.431107e+01 -2.277237e-01 8.405743e-01 -4.915047e-01 -9.875128e+00 -6.554946e-01 2.409269e-01 7.157382e-01 5.219842e+01
7.492320e-01 -2.035251e-01 -6.302610e-01 8.455733e+01 4.661698e-01 8.380246e-01 2.835497e-01 -9.904859e+00 4.704647e-01 -5.062530e-01 7.227522e-01 5.230149e+01
7.157361e-01 4.623495e-01 5.234069e-01 8.483685e+01 -1.813344e-01 8.467988e-01 -5.000498e-01 -9.935822e+00 -6.744180e-01 2.629919e-01 6.899244e-01 5.240973e+01
7.454033e-01 -1.605506e-01 -6.469910e-01 8.513677e+01 4.431898e-01 8.443554e-01 3.010759e-01 -9.968689e+00 4.979524e-01 -5.111627e-01 7.005397e-01 5.255192e+01
7.089332e-01 4.590588e-01 5.354239e-01 8.541684e+01 -1.701924e-01 8.480856e-01 -5.017822e-01 -1.000425e+01 -6.844328e-01 2.646049e-01 6.793644e-01 5.270459e+01
7.489108e-01 -1.521190e-01 -6.449748e-01 8.566734e+01 4.377917e-01 8.442254e-01 3.092278e-01 -1.003574e+01 4.974646e-01 -5.139486e-01 6.988460e-01 5.283594e+01
7.122615e-01 4.339876e-01 5.516688e-01 8.589083e+01 -1.260289e-01 8.522476e-01 -5.077311e-01 -1.006395e+01 -6.905073e-01 2.921110e-01 6.617181e-01 5.294761e+01
7.489438e-01 -1.180003e-01 -6.520422e-01 8.612007e+01 4.233225e-01 8.422392e-01 3.338132e-01 -1.009026e+01 5.097854e-01 -5.260314e-01 6.807420e-01 5.305825e+01
7.282181e-01 3.998557e-01 5.566093e-01 8.640282e+01 -8.188421e-02 8.571038e-01 -5.085943e-01 -1.012221e+01 -6.804362e-01 3.247900e-01 6.569004e-01 5.319341e+01
7.623298e-01 -6.597875e-02 -6.438168e-01 8.669490e+01 3.794812e-01 8.514046e-01 3.620832e-01 -1.015934e+01 5.242587e-01 -5.203431e-01 6.740887e-01 5.331895e+01
7.464723e-01 3.657118e-01 5.559083e-01 8.701844e+01 -3.983802e-02 8.584924e-01 -5.112767e-01 -1.019755e+01 -6.642229e-01 3.595075e-01 6.554101e-01 5.347660e+01
7.644938e-01 -1.642231e-02 -6.444218e-01 8.734408e+01 3.428620e-01 8.569078e-01 3.849085e-01 -1.023542e+01 5.458890e-01 -5.152079e-01 6.607313e-01 5.368933e+01
7.369407e-01 3.471188e-01 5.800232e-01 8.764355e+01 -1.118051e-02 8.642186e-01 -5.029924e-01 -1.027165e+01 -6.758649e-01 3.641905e-01 6.407589e-01 5.388281e+01
7.673408e-01 -3.000877e-03 -6.412324e-01 8.795225e+01 3.293819e-01 8.598264e-01 3.901361e-01 -1.030902e+01 5.501778e-01 -5.105776e-01 6.607683e-01 5.406847e+01
7.393081e-01 3.366804e-01 5.831551e-01 8.826561e+01 -6.667195e-03 8.696458e-01 -4.936313e-01 -1.034619e+01 -6.733343e-01 3.610576e-01 6.451809e-01 5.426526e+01
7.655793e-01 2.075816e-02 -6.430065e-01 8.856739e+01 3.022511e-01 8.707000e-01 3.879764e-01 -1.038055e+01 5.679194e-01 -4.913761e-01 6.603158e-01 5.446713e+01
7.450191e-01 3.093017e-01 5.909983e-01 8.889256e+01 1.010983e-02 8.806595e-01 -4.736420e-01 -1.042087e+01 -6.669665e-01 3.588471e-01 6.529812e-01 5.466228e+01
7.736349e-01 1.531186e-02 -6.334466e-01 8.920798e+01 3.013925e-01 8.704805e-01 3.891353e-01 -1.045882e+01 5.573613e-01 -4.919646e-01 6.688192e-01 5.484923e+01
7.446899e-01 2.819417e-01 6.049346e-01 8.950665e+01 4.499061e-02 8.831221e-01 -4.669812e-01 -1.049553e+01 -6.658925e-01 3.749724e-01 6.449673e-01 5.501875e+01
7.727987e-01 5.574528e-02 -6.321982e-01 8.980607e+01 2.699729e-01 8.726380e-01 4.069612e-01 -1.052940e+01 5.743664e-01 -4.851754e-01 6.593238e-01 5.518374e+01
7.395592e-01 2.696350e-01 6.167246e-01 9.011800e+01 6.833711e-02 8.814435e-01 -4.673194e-01 -1.056764e+01 -6.696135e-01 3.877555e-01 6.334536e-01 5.534752e+01
7.664034e-01 8.677381e-02 -6.364716e-01 9.042952e+01 2.501362e-01 8.723102e-01 4.201271e-01 -1.060358e+01 5.916567e-01 -4.811913e-01 6.468362e-01 5.550234e+01
7.385564e-01 2.305230e-01 6.335563e-01 9.073194e+01 1.159246e-01 8.823096e-01 -4.561703e-01 -1.063971e+01 -6.641505e-01 4.103522e-01 6.249121e-01 5.565028e+01
7.696339e-01 1.354583e-01 -6.239509e-01 9.104559e+01 2.063077e-01 8.720550e-01 4.437985e-01 -1.067515e+01 6.042357e-01 -4.702882e-01 6.432170e-01 5.581002e+01
7.474899e-01 1.952766e-01 6.349220e-01 9.139967e+01 1.536647e-01 8.790571e-01 -4.512714e-01 -1.071765e+01 -6.462554e-01 4.348858e-01 6.270792e-01 5.599580e+01
7.732433e-01 1.771507e-01 -6.088615e-01 9.174258e+01 1.653308e-01 8.706500e-01 4.632863e-01 -1.075682e+01 6.121768e-01 -4.588965e-01 6.439358e-01 5.619554e+01
7.471351e-01 1.648922e-01 6.438942e-01 9.207205e+01 1.834869e-01 8.799288e-01 -4.382443e-01 -1.079510e+01 -6.388440e-01 4.455738e-01 6.271701e-01 5.635462e+01
7.724292e-01 2.065350e-01 -6.005801e-01 9.239656e+01 1.289806e-01 8.749244e-01 4.667669e-01 -1.083697e+01 6.218658e-01 -4.380075e-01 6.491781e-01 5.651835e+01
7.384694e-01 1.298139e-01 6.616731e-01 9.271538e+01 2.123471e-01 8.865904e-01 -4.109335e-01 -1.087415e+01 -6.399778e-01 4.439661e-01 6.271543e-01 5.667629e+01
7.682413e-01 2.444248e-01 -5.916602e-01 9.304142e+01 7.958015e-02 8.806038e-01 4.671231e-01 -1.091151e+01 6.351947e-01 -4.059475e-01 6.570648e-01 5.683949e+01
7.392687e-01 1.030016e-01 6.654867e-01 9.338381e+01 2.301706e-01 8.900664e-01 -3.934507e-01 -1.095021e+01 -6.328534e-01 4.440411e-01 6.342903e-01 5.702186e+01
7.571461e-01 2.562225e-01 -6.008991e-01 9.377855e+01 5.272492e-02 8.928965e-01 4.471643e-01 -1.099662e+01 6.511143e-01 -3.702510e-01 6.625438e-01 5.722954e+01
7.380611e-01 6.753754e-02 6.713453e-01 9.418611e+01 2.385571e-01 9.045957e-01 -3.532667e-01 -1.104220e+01 -6.311548e-01 4.208865e-01 6.515353e-01 5.747227e+01
7.585609e-01 2.738617e-01 -5.912573e-01 9.457778e+01 1.070254e-02 9.020310e-01 4.315385e-01 -1.109018e+01 6.515143e-01 -3.336761e-01 6.813144e-01 5.768023e+01
7.177031e-01 2.579227e-02 6.958714e-01 9.495102e+01 2.656785e-01 9.135797e-01 -3.078753e-01 -1.113682e+01 -6.436748e-01 4.058411e-01 6.488265e-01 5.788365e+01
7.476900e-01 3.009625e-01 -5.919300e-01 9.528358e+01 -2.446313e-02 9.032753e-01 4.283635e-01 -1.117333e+01 6.635971e-01 -3.058026e-01 6.827324e-01 5.807760e+01
7.363560e-01 -2.209791e-02 6.762333e-01 9.561867e+01 2.914597e-01 9.123382e-01 -2.875596e-01 -1.121648e+01 -6.105990e-01 4.088408e-01 6.782464e-01 5.823839e+01
7.752456e-01 2.956975e-01 -5.581731e-01 9.592777e+01 -3.728615e-02 9.035423e-01 4.268735e-01 -1.125471e+01 6.305584e-01 -3.101196e-01 7.114927e-01 5.838684e+01
7.401158e-01 -4.622690e-02 6.708887e-01 9.621674e+01 3.039414e-01 9.129171e-01 -2.724006e-01 -1.129011e+01 -5.998735e-01 4.055188e-01 6.897147e-01 5.854017e+01
7.638025e-01 3.294383e-01 -5.550461e-01 9.648345e+01 -8.639509e-02 9.043799e-01 4.178909e-01 -1.131941e+01 6.396418e-01 -2.712327e-01 7.192295e-01 5.870602e+01
7.428856e-01 -7.583649e-02 6.651089e-01 9.676618e+01 3.105190e-01 9.192418e-01 -2.420176e-01 -1.135638e+01 -5.930421e-01 3.863203e-01 7.064402e-01 5.886902e+01
7.697674e-01 3.282408e-01 -5.474634e-01 9.703597e+01 -1.003988e-01 9.092401e-01 4.039832e-01 -1.139098e+01 6.303794e-01 -2.560084e-01 7.328584e-01 5.900332e+01
7.269886e-01 -1.064477e-01 6.783483e-01 9.730359e+01 3.371209e-01 9.159797e-01 -2.175565e-01 -1.142468e+01 -5.981949e-01 3.868464e-01 7.017926e-01 5.913146e+01
7.576404e-01 3.557259e-01 -5.472112e-01 9.756114e+01 -1.350795e-01 9.057266e-01 4.017621e-01 -1.145650e+01 6.385410e-01 -2.304741e-01 7.342663e-01 5.926538e+01
7.315733e-01 -1.483254e-01 6.654323e-01 9.782438e+01 3.697464e-01 9.063552e-01 -2.044702e-01 -1.148687e+01 -5.727898e-01 3.956260e-01 7.179080e-01 5.938344e+01
7.648311e-01 3.789553e-01 -5.209858e-01 9.811441e+01 -1.663454e-01 8.974376e-01 4.085766e-01 -1.152088e+01 6.223846e-01 -2.258284e-01 7.494257e-01 5.951229e+01
7.186503e-01 -1.940895e-01 6.677358e-01 9.840620e+01 4.053041e-01 8.971931e-01 -1.754230e-01 -1.155463e+01 -5.650402e-01 3.967037e-01 7.234334e-01 5.963884e+01
7.581407e-01 4.096562e-01 -5.073503e-01 9.870186e+01 -2.086059e-01 8.895136e-01 4.065085e-01 -1.158911e+01 6.178237e-01 -2.023543e-01 7.598332e-01 5.976563e+01
7.184607e-01 -2.277099e-01 6.572384e-01 9.899640e+01 4.251238e-01 8.916242e-01 -1.558082e-01 -1.162479e+01 -5.505306e-01 3.913497e-01 7.374019e-01 5.988998e+01
7.381180e-01 4.036699e-01 -5.405852e-01 9.939134e+01 -2.049778e-01 8.975570e-01 3.903529e-01 -1.167027e+01 6.427799e-01 -1.773185e-01 7.452464e-01 6.007423e+01
7.672541e-01 -1.858482e-01 6.138254e-01 9.988291e+01 3.837924e-01 8.998563e-01 -2.072734e-01 -1.172583e+01 -5.138332e-01 3.946128e-01 7.617455e-01 6.038471e+01
7.495537e-01 3.939159e-01 -5.319769e-01 1.003376e+02 -1.948114e-01 8.993410e-01 3.914514e-01 -1.177425e+01 6.326276e-01 -1.897786e-01 7.508437e-01 6.067958e+01
7.610929e-01 -1.666287e-01 6.268751e-01 1.007809e+02 3.698494e-01 9.054253e-01 -2.083667e-01 -1.182279e+01 -5.328687e-01 3.904357e-01 7.507403e-01 6.096173e+01
7.430481e-01 3.876376e-01 -5.455424e-01 1.012172e+02 -1.914159e-01 9.042150e-01 3.817789e-01 -1.187161e+01 6.412795e-01 -1.792545e-01 7.460753e-01 6.124748e+01
7.210108e-01 -1.971631e-01 6.642816e-01 1.015659e+02 3.810640e-01 9.135053e-01 -1.424724e-01 -1.191089e+01 -5.787345e-01 3.558579e-01 7.337790e-01 6.147291e+01
7.444536e-01 3.743465e-01 -5.528594e-01 1.019163e+02 -1.939446e-01 9.135779e-01 3.574364e-01 -1.195056e+01 6.388852e-01 -1.588707e-01 7.527189e-01 6.163832e+01
7.478914e-01 -1.575307e-01 6.448586e-01 1.023187e+02 3.491463e-01 9.195601e-01 -1.802947e-01 -1.199622e+01 -5.645843e-01 3.599907e-01 7.427323e-01 6.188920e+01
7.304555e-01 3.614740e-01 -5.794577e-01 1.027312e+02 -1.679928e-01 9.174798e-01 3.605679e-01 -1.204207e+01 6.619767e-01 -1.660340e-01 7.309032e-01 6.215201e+01
7.413775e-01 -1.626053e-01 6.510906e-01 1.031370e+02 3.426732e-01 9.259100e-01 -1.589523e-01 -1.208772e+01 -5.770048e-01 3.409549e-01 7.421693e-01 6.242090e+01
7.373625e-01 3.523182e-01 -5.763405e-01 1.035172e+02 -1.762190e-01 9.239931e-01 3.393868e-01 -1.212869e+01 6.521069e-01 -1.486889e-01 7.434031e-01 6.266440e+01
7.486278e-01 -1.687714e-01 6.411494e-01 1.039116e+02 3.404252e-01 9.276918e-01 -1.532934e-01 -1.217491e+01 -5.689175e-01 3.330230e-01 7.519499e-01 6.289831e+01
7.483402e-01 3.623583e-01 -5.555928e-01 1.042836e+02 -2.015433e-01 9.222129e-01 3.300054e-01 -1.221726e+01 6.319551e-01 -1.349802e-01 7.631599e-01 6.311771e+01
7.316290e-01 -2.184046e-01 6.457696e-01 1.046729e+02 3.768710e-01 9.189506e-01 -1.161819e-01 -1.226177e+01 -5.680557e-01 3.283738e-01 7.546413e-01 6.335464e+01
7.428059e-01 3.701468e-01 -5.578806e-01 1.050461e+02 -2.062575e-01 9.192597e-01 3.352901e-01 -1.230496e+01 6.369437e-01 -1.339883e-01 7.591770e-01 6.356441e+01
7.248921e-01 -2.127823e-01 6.551757e-01 1.054135e+02 3.677008e-01 9.237904e-01 -1.068067e-01 -1.234628e+01 -5.825184e-01 3.183319e-01 7.478885e-01 6.377758e+01
