9.987595e-01 1.354500e-03 4.977508e-02 6.821385e-03 -1.370945e-03 9.999990e-01 2.962413e-04 -4.833417e-03 -4.977464e-02 -3.641133e-04 9.987605e-01 -3.459449e-02
9.999770e-01 3.062824e-04 6.773142e-03 5.377365e-02 -3.068724e-04 9.999999e-01 8.607104e-05 -1.163203e-02 -6.773104e-03 -8.814699e-05 9.999770e-01 -3.591180e-02
9.987712e-01 1.358120e-03 4.954085e-02 9.949389e-02 -1.374029e-03 9.999990e-01 2.870752e-04 -1.842614e-02 -4.954043e-02 -3.547936e-04 9.987722e-01 -9.064004e-03
9.999758e-01 2.989390e-04 6.953080e-03 1.520977e-01 -2.993861e-04 1.000000e+00 6.325277e-05 -2.560597e-02 -6.953039e-03 -6.533222e-05 9.999757e-01 3.874186e-02
9.988481e-01 1.289672e-03 4.796728e-02 2.110766e-01 -1.305337e-03 9.999991e-01 2.952511e-04 -3.268579e-02 -4.796689e-02 -3.575253e-04 9.988490e-01 6.438745e-02
9.999668e-01 3.728991e-04 8.143754e-03 2.746398e-01 -3.735167e-04 9.999999e-01 7.431075e-05 -3.998058e-02 -8.143693e-03 -7.734932e-05 9.999667e-01 7.366338e-02
9.988734e-01 1.267715e-03 4.743745e-02 3.642721e-01 -1.284078e-03 9.999991e-01 3.144794e-04 -4.789975e-02 -4.743705e-02 -3.750394e-04 9.988743e-01 7.063944e-02
9.999830e-01 3.021236e-04 5.826974e-03 4.255098e-01 -3.025084e-04 1.000000e+00 6.513201e-05 -5.467805e-02 -5.826911e-03 -6.689269e-05 9.999829e-01 4.325006e-02
9.987639e-01 1.321688e-03 4.968896e-02 4.791649e-01 -1.338740e-03 9.999991e-01 3.099050e-04 -6.147868e-02 -4.968855e-02 -3.760436e-04 9.987648e-01 3.839945e-02
9.999776e-01 3.588495e-04 6.684215e-03 5.320368e-01 -3.592681e-04 9.999999e-01 6.137928e-05 -6.845414e-02 -6.684140e-03 -6.377826e-05 9.999776e-01 5.173238e-02
9.992062e-01 9.864268e-04 3.982402e-02 6.168610e-01 -9.975493e-04 9.999995e-01 2.594279e-04 -7.551414e-02 -3.982380e-02 -2.989496e-04 9.992068e-01 3.470192e-02
9.999629e-01 3.981573e-04 8.605568e-03 6.865171e-01 -3.992700e-04 9.999999e-01 1.275343e-04 -8.193687e-02 -8.605456e-03 -1.309643e-04 9.999629e-01 -5.865239e-02
9.990129e-01 1.148288e-03 4.440554e-02 7.221011e-01 -1.166597e-03 9.999992e-01 3.864305e-04 -8.723004e-02 -4.440513e-02 -4.378537e-04 9.990136e-01 -2.483316e-01
9.999741e-01 4.128374e-04 7.184383e-03 8.203164e-01 -4.137628e-04 9.999999e-01 1.272530e-04 -9.469459e-02 -7.184262e-03 -1.302210e-04 9.999741e-01 -3.476732e-01
9.992904e-01 8.818548e-04 3.765639e-02 9.988278e-01 -8.941901e-04 9.999996e-01 3.107494e-04 -1.043674e-01 -3.765617e-02 -3.442023e-04 9.992908e-01 -4.727981e-01
9.999663e-01 4.331606e-04 8.196245e-03 1.120197e+00 -4.336405e-04 9.999999e-01 5.670374e-05 -1.122016e-01 -8.196145e-03 -6.025453e-05 9.999663e-01 -5.720447e-01
9.994036e-01 7.298924e-04 3.452472e-02 1.213848e+00 -7.386785e-04 9.999997e-01 2.417524e-04 -1.189435e-01 -3.452461e-02 -2.671125e-04 9.994039e-01 -6.548847e-01
9.999871e-01 3.677041e-04 5.070701e-03 1.479507e+00 -3.679655e-04 9.999999e-01 5.045520e-05 -1.312827e-01 -5.070603e-03 -5.231877e-05 9.999871e-01 -7.018243e-01
9.993645e-01 7.816751e-04 3.563611e-02 1.741393e+00 -7.927650e-04 9.999996e-01 2.970918e-04 -1.433733e-01 -3.563595e-02 -3.251558e-04 9.993649e-01 -7.239866e-01
9.999922e-01 3.257047e-04 3.918249e-03 1.912571e+00 -3.258819e-04 9.999999e-01 4.435234e-05 -1.522957e-01 -3.918150e-03 -4.562714e-05 9.999922e-01 -8.184666e-01
9.994064e-01 7.260667e-04 3.444438e-02 2.144686e+00 -7.358262e-04 9.999997e-01 2.706919e-04 -1.633603e-01 -3.444426e-02 -2.958781e-04 9.994067e-01 -8.754820e-01
9.999999e-01 2.425060e-04 -1.898521e-04 2.613205e+00 -2.425062e-04 1.000000e+00 4.220636e-06 -1.818438e-01 1.899412e-04 -4.172762e-06 9.999999e-01 -8.266335e-01
9.995148e-01 5.793144e-04 3.114301e-02 3.051767e+00 -5.887214e-04 9.999998e-01 2.929239e-04 -1.990174e-01 -3.114293e-02 -3.111182e-04 9.995150e-01 -8.197604e-01
9.999957e-01 3.518248e-04 2.900453e-03 3.507849e+00 -3.518925e-04 9.999999e-01 2.240764e-05 -2.170215e-01 -2.900354e-03 -2.342626e-05 9.999957e-01 -8.337699e-01
9.993979e-01 7.539164e-04 3.468979e-02 3.835899e+00 -7.659394e-04 9.999997e-01 3.333359e-04 -2.311670e-01 -3.468962e-02 -3.597075e-04 9.993981e-01 -8.802456e-01
9.999903e-01 4.597495e-05 -4.398247e-03 4.313835e+00 -4.601719e-05 1.000000e+00 -9.192944e-06 -2.495887e-01 4.398340e-03 9.397253e-06 9.999903e-01 -9.439362e-01
9.996465e-01 4.777621e-04 2.658493e-02 4.806543e+00 -4.854267e-04 9.999998e-01 2.819058e-04 -2.677756e-01 -2.658489e-02 -2.947133e-04 9.996466e-01 -9.556811e-01
9.999940e-01 -7.916235e-06 -3.456332e-03 5.250395e+00 7.974546e-06 1.000000e+00 1.728323e-05 -2.845767e-01 3.456427e-03 -1.730864e-05 9.999940e-01 -1.030528e+00
9.997222e-01 4.580218e-04 2.356680e-02 5.716875e+00 -4.641972e-04 9.999999e-01 2.566290e-04 -3.017965e-01 -2.356677e-02 -2.674995e-04 9.997223e-01 -1.050734e+00
9.999998e-01 1.363983e-04 5.013205e-04 6.254482e+00 -1.364168e-04 1.000000e+00 3.369110e-05 -3.214577e-01 -5.012196e-04 -3.375736e-05 9.999998e-01 -1.012909e+00
9.998235e-01 2.866224e-04 1.878882e-02 6.735414e+00 -2.914721e-04 9.999999e-01 2.554654e-04 -3.390074e-01 -1.878884e-02 -2.608989e-04 9.998235e-01 -1.042544e+00
9.999527e-01 -2.173967e-04 -9.715607e-03 7.229355e+00 2.173146e-04 1.000000e+00 -9.327506e-06 -3.561406e-01 9.715705e-03 7.217850e-06 9.999527e-01 -1.038716e+00
9.997216e-01 4.346938e-04 2.359408e-02 7.742006e+00 -4.413781e-04 9.999999e-01 2.781654e-04 -3.740762e-01 -2.359406e-02 -2.885040e-04 9.997216e-01 -1.021579e+00
9.999312e-01 -2.783183e-04 -1.172069e-02 8.213171e+00 2.782520e-04 1.000000e+00 -7.139840e-06 -3.907509e-01 1.172079e-02 3.880197e-06 9.999312e-01 -1.010337e+00
9.998409e-01 2.314555e-04 1.783872e-02 8.652266e+00 -2.365124e-04 9.999999e-01 2.814701e-04 -4.058749e-01 -1.783876e-02 -2.856466e-04 9.998409e-01 -1.066247e+00
9.998442e-01 -4.725782e-04 -1.764381e-02 9.156836e+00 4.706136e-04 9.999999e-01 -1.153980e-04 -4.228292e-01 1.764396e-02 1.070787e-04 9.998443e-01 -1.058899e+00
9.998761e-01 1.559257e-04 1.574206e-02 9.638292e+00 -1.595339e-04 1.000000e+00 2.280646e-04 -4.390533e-01 -1.574212e-02 -2.305500e-04 9.998761e-01 -1.065876e+00
9.998633e-01 -3.965047e-04 -1.652555e-02 1.012415e+01 3.951285e-04 9.999999e-01 -8.643950e-05 -4.553739e-01 1.652568e-02 7.990012e-05 9.998634e-01 -1.014230e+00
9.997424e-01 4.035263e-04 2.269375e-02 1.072364e+01 -4.118661e-04 9.999998e-01 3.628996e-04 -4.754658e-01 -2.269370e-02 -3.721551e-04 9.997425e-01 -1.007547e+00
9.997753e-01 -6.014765e-04 -2.118512e-02 1.129450e+01 5.980583e-04 9.999998e-01 -1.676035e-04 -4.946364e-01 2.118532e-02 1.548980e-04 9.997755e-01 -1.004071e+00
9.997500e-01 3.678663e-04 2.235743e-02 1.178740e+01 -3.754009e-04 9.999999e-01 3.328883e-04 -5.111937e-01 -2.235741e-02 -3.412003e-04 9.997500e-01 -1.081872e+00
9.998869e-01 -3.509607e-04 -1.503242e-02 1.229048e+01 3.494439e-04 9.999999e-01 -1.034060e-04 -5.282769e-01 1.503256e-02 9.814349e-05 9.998869e-01 -1.105698e+00
9.998662e-01 1.300956e-04 1.635860e-02 1.278814e+01 -1.349073e-04 9.999999e-01 2.931483e-04 -5.450640e-01 -1.635865e-02 -2.953182e-04 9.998662e-01 -1.182846e+00
9.999918e-01 2.176659e-05 -4.042564e-03 1.328528e+01 -2.173001e-05 1.000000e+00 9.543629e-06 -5.623498e-01 4.042663e-03 -9.453497e-06 9.999918e-01 -1.227043e+00
9.998674e-01 1.357126e-04 1.628341e-02 1.372253e+01 -1.406063e-04 9.999999e-01 2.994999e-04 -5.778476e-01 -1.628346e-02 -3.017520e-04 9.998674e-01 -1.263712e+00
9.999635e-01 -1.008871e-04 -8.541308e-03 1.427143e+01 1.010881e-04 1.000000e+00 2.332181e-05 -5.964825e-01 8.541405e-03 -2.418216e-05 9.999635e-01 -1.368431e+00
9.999266e-01 -2.629580e-05 1.212125e-02 1.479955e+01 2.357091e-05 1.000000e+00 2.250991e-04 -6.142454e-01 -1.212135e-02 -2.247991e-04 9.999266e-01 -1.420713e+00
9.999992e-01 2.165436e-04 1.186693e-03 1.521125e+01 -2.166246e-04 1.000000e+00 6.649654e-05 -6.289948e-01 -1.186579e-03 -6.675129e-05 9.999992e-01 -1.425040e+00
9.999909e-01 -2.854365e-04 4.262616e-03 1.550301e+01 2.844367e-04 9.999999e-01 2.355968e-04 -6.392162e-01 -4.262782e-03 -2.343845e-04 9.999909e-01 -1.491857e+00
9.999998e-01 1.878469e-04 4.874042e-04 1.581432e+01 -1.878735e-04 1.000000e+00 5.060792e-05 -6.500087e-01 -4.872957e-04 -5.069720e-05 9.999998e-01 -1.568815e+00
9.999986e-01 -5.745529e-04 -1.580222e-03 1.617868e+01 5.747034e-04 9.999998e-01 9.351975e-05 -6.628584e-01 1.580069e-03 -9.443001e-05 9.999988e-01 -1.595234e+00
9.999969e-01 2.593585e-04 2.466317e-03 1.666600e+01 -2.598687e-04 9.999999e-01 2.057821e-04 -6.798246e-01 -2.466164e-03 -2.064201e-04 9.999969e-01 -1.789678e+00
9.999939e-01 -3.226532e-04 3.484139e-03 1.721412e+01 3.219645e-04 9.999999e-01 1.987826e-04 -6.985438e-01 -3.484302e-03 -1.976619e-04 9.999940e-01 -2.014924e+00
9.999888e-01 3.710242e-04 4.716849e-03 1.774499e+01 -3.718351e-04 9.999999e-01 1.706027e-04 -7.167179e-01 -4.716686e-03 -1.723524e-04 9.999888e-01 -2.124864e+00
1.000000e+00 -4.114352e-04 -1.135920e-04 1.805277e+01 4.114665e-04 9.999999e-01 2.585310e-04 -7.274214e-01 1.133863e-04 -2.585800e-04 1.000000e+00 -2.207418e+00
9.999981e-01 2.145173e-04 1.902068e-03 1.823265e+01 -2.146416e-04 1.000000e+00 6.405694e-05 -7.341195e-01 -1.901955e-03 -6.446276e-05 9.999981e-01 -2.266866e+00
9.999901e-01 -2.288505e-04 4.453542e-03 1.860751e+01 2.277136e-04 9.999999e-01 2.562255e-04 -7.471553e-01 -4.453699e-03 -2.552111e-04 9.999901e-01 -2.301799e+00
9.999982e-01 8.651420e-05 -1.896739e-03 1.902729e+01 -8.655603e-05 1.000000e+00 -2.087878e-05 -7.614717e-01 1.896837e-03 2.104526e-05 9.999981e-01 -2.268961e+00
9.999958e-01 -2.692321e-04 2.905907e-03 1.942126e+01 2.685919e-04 9.999999e-01 2.214175e-04 -7.749266e-01 -2.906066e-03 -2.206383e-04 9.999958e-01 -2.213121e+00
9.999997e-01 6.708457e-05 -6.681171e-04 1.963296e+01 -6.705167e-05 1.000000e+00 5.238285e-05 -7.823592e-01 6.682200e-04 -5.233570e-05 9.999997e-01 -2.252997e+00
9.999998e-01 -4.828747e-04 4.021188e-04 1.960990e+01 4.828273e-04 9.999999e-01 1.230325e-04 -7.817231e-01 -4.022776e-04 -1.228407e-04 1.000000e+00 -2.404563e+00
9.999990e-01 1.360721e-04 -1.344296e-03 1.997337e+01 -1.360130e-04 1.000000e+00 4.558494e-05 -7.944932e-01 1.344401e-03 -4.539974e-05 9.999990e-01 -2.411274e+00
9.999995e-01 -5.599943e-04 -9.171329e-04 2.039494e+01 5.600406e-04 9.999998e-01 4.795578e-05 -8.090140e-01 9.170065e-04 -4.847166e-05 9.999996e-01 -2.485915e+00
9.999994e-01 1.472334e-04 -1.080139e-03 2.080212e+01 -1.471689e-04 1.000000e+00 6.167008e-05 -8.230813e-01 1.080248e-03 -6.150878e-05 9.999994e-01 -2.552209e+00
9.999998e-01 -4.706960e-04 5.674222e-04 2.123714e+01 4.706246e-04 9.999999e-01 1.295359e-04 -8.380895e-01 -5.675824e-04 -1.292711e-04 9.999999e-01 -2.550984e+00
9.999794e-01 5.176710e-04 6.393924e-03 2.179332e+01 -5.186331e-04 9.999999e-01 1.485039e-04 -8.568147e-01 -6.393747e-03 -1.518146e-04 9.999795e-01 -2.485547e+00
9.999864e-01 -3.216188e-04 5.204505e-03 2.236206e+01 3.209606e-04 9.999999e-01 1.277061e-04 -8.761787e-01 -5.204645e-03 -1.260363e-04 9.999865e-01 -2.430809e+00
9.999658e-01 5.888325e-04 8.245814e-03 2.295110e+01 -5.902708e-04 9.999998e-01 1.717402e-04 -8.964655e-01 -8.245612e-03 -1.765992e-04 9.999659e-01 -2.364560e+00
9.999995e-01 -4.570460e-04 9.338345e-04 2.355697e+01 4.569323e-04 9.999999e-01 1.241903e-04 -9.168739e-01 -9.339909e-04 -1.237658e-04 9.999996e-01 -2.353315e+00
9.999933e-01 4.078582e-04 3.635342e-03 2.413265e+01 -4.084141e-04 9.999999e-01 1.515603e-04 -9.361931e-01 -3.635180e-03 -1.530417e-04 9.999933e-01 -2.352601e+00
9.999981e-01 -5.931208e-04 -1.906931e-03 2.468925e+01 5.933017e-04 9.999998e-01 9.313138e-05 -9.549876e-01 1.906776e-03 -9.426490e-05 9.999982e-01 -2.360425e+00
9.999836e-01 4.966797e-04 5.700132e-03 2.520738e+01 -4.977442e-04 9.999999e-01 1.849596e-04 -9.724762e-01 -5.699939e-03 -1.877914e-04 9.999837e-01 -2.382088e+00
9.999990e-01 -5.462676e-04 -1.339247e-03 2.570048e+01 5.464301e-04 9.999998e-01 1.193253e-04 -9.892251e-01 1.339082e-03 -1.200593e-04 9.999991e-01 -2.406790e+00
9.999588e-01 6.664363e-04 9.047196e-03 2.641827e+01 -6.683413e-04 9.999998e-01 2.072995e-04 -1.012994e+00 -9.046956e-03 -2.133351e-04 9.999590e-01 -2.399452e+00
9.999999e-01 -4.872929e-04 1.501335e-04 2.715642e+01 4.872735e-04 9.999999e-01 1.448321e-04 -1.037463e+00 -1.503039e-04 -1.447613e-04 1.000000e+00 -2.384753e+00
9.999999e-01 2.036543e-04 -7.127194e-05 2.773441e+01 -2.036524e-04 1.000000e+00 5.806939e-05 -1.056978e+00 7.138367e-05 -5.805247e-05 9.999999e-01 -2.408061e+00
9.999957e-01 -3.285174e-04 2.943043e-03 2.839600e+01 3.279462e-04 9.999999e-01 1.953430e-04 -1.079050e+00 -2.943207e-03 -1.943794e-04 9.999957e-01 -2.411911e+00
9.999994e-01 2.669288e-04 1.022833e-03 2.900846e+01 -2.670232e-04 1.000000e+00 8.987421e-05 -1.099438e+00 -1.022709e-03 -9.014487e-05 9.999994e-01 -2.413438e+00
9.999951e-01 -3.667520e-04 3.113364e-03 2.946872e+01 3.661438e-04 9.999999e-01 1.966506e-04 -1.115140e+00 -3.113536e-03 -1.955121e-04 9.999952e-01 -2.483559e+00
9.999952e-01 5.689074e-05 -3.073905e-03 2.997491e+01 -5.688143e-05 1.000000e+00 3.869114e-06 -1.132438e+00 3.074005e-03 -3.691847e-06 9.999952e-01 -2.519551e+00
9.999884e-01 -2.687149e-04 4.818113e-03 3.052021e+01 2.676019e-04 9.999999e-01 2.321244e-04 -1.150825e+00 -4.818275e-03 -2.308347e-04 9.999884e-01 -2.592641e+00
9.999917e-01 -1.695786e-06 -4.058548e-03 3.091743e+01 1.589966e-06 1.000000e+00 -2.550474e-05 -1.164484e+00 4.058648e-03 2.550047e-05 9.999917e-01 -2.667997e+00
9.999990e-01 -4.212096e-04 1.379264e-03 3.125382e+01 4.210631e-04 9.999999e-01 1.082006e-04 -1.176197e+00 -1.379410e-03 -1.076221e-04 9.999991e-01 -2.739603e+00
9.999935e-01 2.964122e-05 -3.589713e-03 3.139930e+01 -2.948940e-05 1.000000e+00 4.298459e-05 -1.181277e+00 3.589814e-03 -4.287608e-05 9.999935e-01 -2.874615e+00
9.999885e-01 -2.806709e-04 4.790672e-03 3.176648e+01 2.798034e-04 9.999999e-01 1.822276e-04 -1.193930e+00 -4.790823e-03 -1.808874e-04 9.999886e-01 -2.947489e+00
9.999805e-01 -1.063270e-04 -6.229800e-03 3.220349e+01 1.061496e-04 1.000000e+00 -2.844354e-05 -1.208955e+00 6.229903e-03 2.778405e-05 9.999805e-01 -3.035458e+00
9.999968e-01 -4.587049e-04 2.505582e-03 3.251165e+01 4.583592e-04 9.999999e-01 1.394458e-04 -1.219467e+00 -2.505746e-03 -1.382993e-04 9.999969e-01 -3.249008e+00
9.999759e-01 -6.814227e-05 -6.941617e-03 3.290308e+01 6.773305e-05 1.000000e+00 -5.886559e-05 -1.232703e+00 6.941721e-03 5.839631e-05 9.999759e-01 -3.444340e+00
9.999639e-01 -1.583604e-04 8.496214e-03 3.348971e+01 1.558714e-04 9.999999e-01 2.938720e-04 -1.252406e+00 -8.496360e-03 -2.925394e-04 9.999639e-01 -3.510140e+00
9.999738e-01 -5.957334e-05 -7.238295e-03 3.394365e+01 5.900821e-05 1.000000e+00 -7.798041e-05 -1.267896e+00 7.238399e-03 7.755356e-05 9.999737e-01 -3.509708e+00
9.999768e-01 -1.991771e-04 6.809761e-03 3.438919e+01 1.974577e-04 9.999999e-01 2.534760e-04 -1.283079e+00 -6.809911e-03 -2.521278e-04 9.999768e-01 -3.470489e+00
9.999841e-01 -7.000659e-05 -5.626950e-03 3.482680e+01 6.993059e-05 1.000000e+00 -1.330741e-05 -1.298116e+00 5.627051e-03 1.291601e-05 9.999841e-01 -3.573903e+00
9.999937e-01 -4.535552e-04 3.536653e-03 3.494290e+01 4.530444e-04 9.999999e-01 1.458410e-04 -1.302197e+00 -3.536819e-03 -1.442401e-04 9.999938e-01 -3.787585e+00
9.999920e-01 9.503035e-05 -3.994650e-03 3.514538e+01 -9.478448e-05 1.000000e+00 6.228751e-05 -1.309444e+00 3.994755e-03 -6.190608e-05 9.999920e-01 -3.864508e+00
9.999928e-01 -4.939590e-04 3.787946e-03 3.537195e+01 4.932235e-04 9.999999e-01 1.956751e-04 -1.317333e+00 -3.788142e-03 -1.938076e-04 9.999929e-01 -4.066277e+00
9.999968e-01 2.447210e-04 -2.491501e-03 3.585446e+01 -2.446168e-04 1.000000e+00 4.298001e-05 -1.333806e+00 2.491612e-03 -4.236812e-05 9.999968e-01 -4.177390e+00
9.999911e-01 -4.621068e-04 4.196971e-03 3.633178e+01 4.613363e-04 9.999999e-01 1.850519e-04 -1.350000e+00 -4.197156e-03 -1.831163e-04 9.999912e-01 -4.237203e+00
9.999955e-01 4.755025e-04 2.942065e-03 3.680828e+01 -4.759488e-04 9.999999e-01 1.502356e-04 -1.366369e+00 -2.941894e-03 -1.516329e-04 9.999956e-01 -4.299691e+00
9.999787e-01 -3.489013e-04 6.523702e-03 3.739781e+01 3.476973e-04 9.999999e-01 1.860278e-04 -1.386395e+00 -6.523866e-03 -1.837579e-04 9.999788e-01 -4.312319e+00
9.999998e-01 3.785986e-04 -4.974050e-04 3.805534e+01 -3.785339e-04 9.999999e-01 1.345892e-04 -1.408277e+00 4.975559e-04 -1.343985e-04 9.999998e-01 -4.321484e+00
9.999799e-01 -3.565896e-04 6.332950e-03 3.867251e+01 3.553156e-04 9.999999e-01 2.026476e-04 -1.428864e+00 -6.333121e-03 -2.003957e-04 9.999800e-01 -4.343523e+00
9.999990e-01 3.455382e-04 -1.324405e-03 3.937253e+01 -3.454225e-04 9.999999e-01 8.930132e-05 -1.452073e+00 1.324535e-03 -8.884140e-05 9.999991e-01 -4.325604e+00
9.999951e-01 -5.574321e-04 3.080509e-03 4.001579e+01 5.569250e-04 9.999998e-01 1.662436e-04 -1.473645e+00 -3.080701e-03 -1.645295e-04 9.999953e-01 -4.370995e+00
9.999990e-01 3.721029e-04 -1.361332e-03 4.044964e+01 -3.719980e-04 9.999999e-01 7.902047e-05 -1.488485e+00 1.361462e-03 -7.851162e-05 9.999990e-01 -4.366767e+00
9.999904e-01 -4.682250e-04 4.370506e-03 4.089180e+01 4.674356e-04 9.999999e-01 1.821607e-04 -1.503599e+00 -4.370691e-03 -1.801183e-04 9.999905e-01 -4.321806e+00
9.999985e-01 5.126858e-04 1.597804e-03 4.141891e+01 -5.129291e-04 9.999999e-01 1.504442e-04 -1.521317e+00 -1.597627e-03 -1.512612e-04 9.999987e-01 -4.299437e+00
9.999208e-01 -1.942085e-04 1.258699e-02 4.188754e+01 1.910967e-04 1.000000e+00 2.486079e-04 -1.537555e+00 -1.258714e-02 -2.461852e-04 9.999208e-01 -4.295355e+00
9.999938e-01 5.928875e-04 3.451465e-03 4.234556e+01 -5.932760e-04 9.999998e-01 1.108147e-04 -1.553974e+00 -3.451299e-03 -1.128593e-04 9.999940e-01 -4.282234e+00
9.999992e-01 -6.941795e-04 -1.117400e-03 4.287821e+01 6.943171e-04 9.999998e-01 1.204620e-04 -1.571873e+00 1.117216e-03 -1.212401e-04 9.999994e-01 -4.181597e+00
9.999506e-01 8.664959e-04 9.895979e-03 4.348816e+01 -8.687046e-04 9.999996e-01 2.186475e-04 -1.592266e+00 -9.895686e-03 -2.272310e-04 9.999510e-01 -4.114833e+00
9.999886e-01 -5.750591e-04 4.753047e-03 4.405990e+01 5.743865e-04 9.999998e-01 1.434046e-04 -1.611931e+00 -4.753228e-03 -1.406753e-04 9.999887e-01 -4.106718e+00
9.999869e-01 7.199822e-04 5.048137e-03 4.460887e+01 -7.208616e-04 9.999997e-01 1.718646e-04 -1.630580e+00 -5.047913e-03 -1.754989e-04 9.999872e-01 -4.109299e+00
9.999676e-01 -4.713648e-04 8.047924e-03 4.514112e+01 4.699161e-04 9.999999e-01 1.822213e-04 -1.648927e+00 -8.048109e-03 -1.784359e-04 9.999676e-01 -4.111123e+00
9.999906e-01 7.928577e-04 4.241685e-03 4.566200e+01 -7.937462e-04 9.999997e-01 2.071363e-04 -1.666758e+00 -4.241419e-03 -2.104986e-04 9.999909e-01 -4.057975e+00
9.999964e-01 -7.229165e-04 2.615586e-03 4.620137e+01 7.226058e-04 9.999997e-01 1.207785e-04 -1.684920e+00 -2.615772e-03 -1.188904e-04 9.999966e-01 -4.035080e+00
9.999993e-01 6.216635e-04 9.688267e-04 4.673709e+01 -6.218117e-04 9.999998e-01 1.498536e-04 -1.702994e+00 -9.686340e-04 -1.504534e-04 9.999995e-01 -4.067690e+00
9.998260e-01 -2.205014e-04 1.865421e-02 4.706349e+01 2.155312e-04 9.999999e-01 2.685976e-04 -1.715204e+00 -1.865437e-02 -2.645328e-04 9.998260e-01 -4.198576e+00
9.999974e-01 7.550318e-04 2.138875e-03 4.756186e+01 -7.552665e-04 9.999997e-01 1.075975e-04 -1.733304e+00 -2.138694e-03 -1.092101e-04 9.999977e-01 -4.249829e+00
9.998790e-01 -3.280346e-04 1.555599e-02 4.806503e+01 3.236263e-04 9.999999e-01 2.860868e-04 -1.751172e+00 -1.555618e-02 -2.810204e-04 9.998790e-01 -4.253140e+00
9.999959e-01 5.379489e-04 -2.809021e-03 4.854108e+01 -5.377495e-04 9.999999e-01 7.279581e-05 -1.767868e+00 2.809158e-03 -7.128243e-05 9.999960e-01 -4.307556e+00
9.999343e-01 -4.427479e-04 1.145934e-02 4.912001e+01 4.395480e-04 9.999999e-01 2.820169e-04 -1.787435e+00 -1.145956e-02 -2.769640e-04 9.999343e-01 -4.349183e+00
9.999780e-01 3.665058e-04 -6.611658e-03 4.972411e+01 -3.662076e-04 9.999999e-01 4.676782e-05 -1.807747e+00 6.611772e-03 -4.434303e-05 9.999781e-01 -4.474857e+00
9.998711e-01 -2.264713e-04 1.605977e-02 5.040262e+01 2.208816e-04 9.999999e-01 3.500192e-04 -1.830552e+00 -1.605994e-02 -3.464293e-04 9.998710e-01 -4.562834e+00
9.999995e-01 5.533543e-04 -7.572001e-04 5.110156e+01 -5.533136e-04 9.999998e-01 5.820638e-05 -1.854174e+00 7.573297e-04 -5.778482e-05 9.999997e-01 -4.614674e+00
9.998656e-01 -2.094172e-04 1.639507e-02 5.174670e+01 2.038775e-04 9.999999e-01 3.397541e-04 -1.876255e+00 -1.639524e-02 -3.363684e-04 9.998656e-01 -4.627531e+00
9.999475e-01 2.183621e-04 -1.023489e-02 5.231752e+01 -2.184550e-04 1.000000e+00 -7.633647e-06 -1.895424e+00 1.023499e-02 9.871653e-06 9.999476e-01 -4.691579e+00
9.999449e-01 -5.695115e-04 1.048585e-02 5.276122e+01 5.670712e-04 9.999998e-01 2.360019e-04 -1.910883e+00 -1.048608e-02 -2.300452e-04 9.999450e-01 -4.826378e+00
9.999131e-01 5.371985e-05 -1.317479e-02 5.324118e+01 -5.562045e-05 1.000000e+00 -1.436497e-04 -1.927167e+00 1.317488e-02 1.443725e-04 9.999132e-01 -4.983493e+00
9.999516e-01 -6.007986e-04 9.822677e-03 5.378580e+01 5.989829e-04 9.999998e-01 1.881010e-04 -1.945429e+00 -9.822885e-03 -1.822108e-04 9.999518e-01 -5.152544e+00
9.999237e-01 5.668380e-05 -1.234458e-02 5.427677e+01 -5.732616e-05 1.000000e+00 -5.142660e-05 -1.962035e+00 1.234468e-02 5.213282e-05 9.999238e-01 -5.406567e+00
9.999586e-01 -6.743469e-04 9.079567e-03 5.463044e+01 6.728606e-04 9.999998e-01 1.670907e-04 -1.974123e+00 -9.079775e-03 -1.609769e-04 9.999588e-01 -5.641381e+00
9.999289e-01 1.231795e-04 -1.191671e-02 5.498490e+01 -1.238947e-04 1.000000e+00 -5.902600e-05 -1.986415e+00 1.191680e-02 6.050066e-05 9.999290e-01 -5.776226e+00
9.999598e-01 -6.604962e-04 8.946618e-03 5.542122e+01 6.591034e-04 9.999998e-01 1.589575e-04 -2.001223e+00 -8.946818e-03 -1.530568e-04 9.999600e-01 -5.951037e+00
9.999151e-01 5.478405e-05 -1.302662e-02 5.590910e+01 -5.597408e-05 1.000000e+00 -9.075783e-05 -2.017496e+00 1.302671e-02 9.148167e-05 9.999151e-01 -6.205286e+00
9.999496e-01 -5.510361e-04 1.003153e-02 5.639247e+01 5.493954e-04 9.999998e-01 1.666036e-04 -2.033822e+00 -1.003172e-02 -1.610863e-04 9.999497e-01 -6.362828e+00
9.999299e-01 4.344546e-05 -1.183346e-02 5.677624e+01 -4.331689e-05 1.000000e+00 1.137070e-05 -2.047166e+00 1.183355e-02 -1.085496e-05 9.999299e-01 -6.538944e+00
9.999748e-01 -6.272403e-04 7.082069e-03 5.709779e+01 6.269810e-04 9.999998e-01 3.923954e-05 -2.058146e+00 -7.082190e-03 -3.480056e-05 9.999750e-01 -6.648456e+00
9.999502e-01 1.645901e-04 -9.967916e-03 5.732820e+01 -1.637421e-04 1.000000e+00 8.617362e-05 -2.066160e+00 9.968028e-03 -8.453483e-05 9.999503e-01 -6.765586e+00
9.999768e-01 -6.415022e-04 6.792426e-03 5.761770e+01 6.416351e-04 9.999998e-01 -1.698306e-05 -2.076419e+00 -6.792511e-03 2.133862e-05 9.999770e-01 -6.787060e+00
9.999950e-01 5.577980e-04 -3.097064e-03 5.834932e+01 -5.568366e-04 9.999998e-01 3.121953e-04 -2.100698e+00 3.097335e-03 -3.104668e-04 9.999951e-01 -6.801515e+00
9.999570e-01 -4.776371e-04 9.268746e-03 5.921064e+01 4.776563e-04 9.999999e-01 4.495502e-07 -2.128857e+00 -9.268843e-03 3.975419e-06 9.999571e-01 -6.750559e+00
9.999765e-01 3.562734e-04 -6.840720e-03 6.002716e+01 -3.543744e-04 9.999999e-01 2.792364e-04 -2.155637e+00 6.840916e-03 -2.768033e-04 9.999765e-01 -6.724379e+00
9.999620e-01 -5.708329e-04 8.708691e-03 6.074984e+01 5.709971e-04 9.999998e-01 -1.603697e-05 -2.179712e+00 -8.708778e-03 2.100668e-05 9.999621e-01 -6.800405e+00
9.999651e-01 2.985485e-04 -8.341448e-03 6.155877e+01 -2.965143e-04 9.999999e-01 2.454519e-04 -2.206383e+00 8.341618e-03 -2.429676e-04 9.999651e-01 -6.828369e+00
9.999425e-01 -5.160315e-04 1.072060e-02 6.246310e+01 5.155648e-04 9.999999e-01 4.656953e-05 -2.236262e+00 -1.072072e-02 -4.104200e-05 9.999426e-01 -6.947620e+00
9.999890e-01 5.610277e-04 -4.637660e-03 6.342293e+01 -5.597278e-04 9.999998e-01 2.822173e-04 -2.267493e+00 4.637915e-03 -2.796161e-04 9.999892e-01 -6.942151e+00
9.999486e-01 -5.619629e-04 1.013065e-02 6.420192e+01 5.616799e-04 9.999998e-01 3.106806e-05 -2.293064e+00 -1.013076e-02 -2.537861e-05 9.999487e-01 -6.963032e+00
9.999997e-01 6.619846e-04 -3.135222e-04 6.464410e+01 -6.618839e-04 9.999997e-01 3.305260e-04 -2.308305e+00 3.138379e-04 -3.303160e-04 9.999999e-01 -7.093226e+00
9.999156e-01 -4.776250e-04 1.298721e-02 6.500572e+01 4.777621e-04 9.999999e-01 -7.223444e-06 -2.321363e+00 -1.298731e-02 1.342529e-05 9.999157e-01 -7.182993e+00
9.999982e-01 5.939348e-04 -1.775286e-03 6.545676e+01 -5.933640e-04 9.999998e-01 3.237073e-04 -2.337380e+00 1.775574e-03 -3.226510e-04 9.999983e-01 -7.227725e+00
9.994691e-01 2.041691e-04 3.258094e-02 6.592097e+01 -2.046289e-04 1.000000e+00 1.087358e-05 -2.355364e+00 -3.258103e-02 -1.753722e-05 9.994691e-01 -7.272575e+00
9.999950e-01 8.230756e-04 3.035451e-03 6.640759e+01 -8.240767e-04 9.999996e-01 3.274864e-04 -2.374754e+00 -3.035086e-03 -3.299839e-04 9.999953e-01 -7.323624e+00
9.996806e-01 -7.489285e-05 2.527607e-02 6.700376e+01 7.325878e-05 1.000000e+00 6.570744e-05 -2.396682e+00 -2.527617e-02 -6.383714e-05 9.996805e-01 -7.400110e+00
9.999674e-01 1.008782e-03 8.000612e-03 6.752621e+01 -1.011254e-03 9.999994e-01 3.044395e-04 -2.416736e+00 -8.000208e-03 -3.125179e-04 9.999679e-01 -7.455382e+00
9.999308e-01 -5.235313e-04 1.176052e-02 6.807598e+01 5.228375e-04 9.999999e-01 6.237494e-05 -2.436461e+00 -1.176064e-02 -5.622412e-05 9.999309e-01 -7.500021e+00
9.999933e-01 6.091186e-04 -3.597679e-03 6.866087e+01 -6.081844e-04 9.999998e-01 2.617594e-04 -2.456251e+00 3.597928e-03 -2.595673e-04 9.999935e-01 -7.526328e+00
9.998921e-01 -4.540559e-04 1.468626e-02 6.938787e+01 4.530857e-04 9.999999e-01 6.963443e-05 -2.480641e+00 -1.468639e-02 -6.297512e-05 9.998922e-01 -7.602563e+00
9.999258e-01 1.110005e-03 1.212694e-02 6.998712e+01 -1.113679e-03 9.999993e-01 2.958555e-04 -2.502277e+00 -1.212652e-02 -3.093366e-04 9.999264e-01 -7.633276e+00
9.997900e-01 -1.709436e-04 2.049666e-02 7.056895e+01 1.690203e-04 1.000000e+00 9.575518e-05 -2.523995e+00 -2.049676e-02 -9.227306e-05 9.997899e-01 -7.650549e+00
9.999989e-01 6.516556e-04 -1.306777e-03 7.095876e+01 -6.513271e-04 9.999998e-01 2.548256e-04 -2.538558e+00 1.307030e-03 -2.539718e-04 9.999991e-01 -7.717698e+00
9.999908e-01 -8.215214e-04 4.220046e-03 7.158273e+01 8.214465e-04 9.999997e-01 2.040191e-05 -2.559537e+00 -4.220148e-03 -1.693746e-05 9.999911e-01 -7.794076e+00
9.999847e-01 4.540594e-04 -5.491558e-03 7.232124e+01 -4.531641e-04 9.999999e-01 1.649903e-04 -2.584130e+00 5.491719e-03 -1.624970e-04 9.999849e-01 -7.886744e+00
9.999941e-01 -8.143869e-04 3.360926e-03 7.308488e+01 8.143730e-04 9.999997e-01 6.639400e-06 -2.609352e+00 -3.361018e-03 -3.904575e-06 9.999944e-01 -7.936694e+00
9.999977e-01 7.881474e-04 1.937667e-03 7.372817e+01 -7.886717e-04 9.999997e-01 2.677930e-04 -2.630836e+00 -1.937368e-03 -2.693183e-04 9.999981e-01 -7.960552e+00
9.999996e-01 -9.135886e-04 4.335997e-04 7.463403e+01 9.135851e-04 9.999996e-01 1.723759e-05 -2.660377e+00 -4.337018e-04 -1.684370e-05 9.999999e-01 -7.941265e+00
9.999916e-01 8.832761e-04 3.980705e-03 7.542558e+01 -8.843306e-04 9.999996e-01 2.621485e-04 -2.686274e+00 -3.980386e-03 -2.656642e-04 9.999920e-01 -7.910263e+00
9.999948e-01 -1.086694e-03 -3.063067e-03 7.594917e+01 1.086486e-03 9.999994e-01 -7.069242e-05 -2.703931e+00 3.063056e-03 6.736184e-05 9.999953e-01 -7.860250e+00
9.999996e-01 6.772800e-04 -5.355213e-04 7.647964e+01 -6.771879e-04 9.999998e-01 1.794485e-04 -2.721652e+00 5.357292e-04 -1.790835e-04 9.999998e-01 -7.847373e+00
9.999991e-01 -9.415169e-04 -1.054394e-03 7.701795e+01 9.415018e-04 9.999996e-01 -1.854943e-05 -2.739674e+00 1.054325e-03 1.755448e-05 9.999995e-01 -7.779963e+00
9.999978e-01 5.751624e-04 -1.984078e-03 7.761132e+01 -5.748150e-04 9.999998e-01 1.775835e-04 -2.759406e+00 1.984266e-03 -1.764404e-04 9.999980e-01 -7.743749e+00
9.999991e-01 -9.929849e-04 -9.951446e-04 7.820961e+01 9.929412e-04 9.999995e-01 -4.822734e-05 -2.779326e+00 9.951051e-04 4.723697e-05 9.999995e-01 -7.744263e+00
9.999967e-01 6.154247e-04 -2.460354e-03 7.876019e+01 -6.149654e-04 9.999998e-01 1.889533e-04 -2.797572e+00 2.460557e-03 -1.874374e-04 9.999969e-01 -7.682760e+00
9.999986e-01 -1.013896e-03 -1.375843e-03 7.930928e+01 1.013818e-03 9.999995e-01 -6.002464e-05 -2.815782e+00 1.375816e-03 5.862751e-05 9.999991e-01 -7.644864e+00
9.999992e-01 6.315979e-04 -9.827164e-04 7.984429e+01 -6.314352e-04 9.999998e-01 1.696716e-04 -2.833803e+00 9.829107e-04 -1.690487e-04 9.999995e-01 -7.672811e+00
9.999988e-01 -9.864604e-04 -1.229457e-03 8.046231e+01 9.864449e-04 9.999995e-01 -1.626674e-05 -2.854512e+00 1.229385e-03 1.505176e-05 9.999993e-01 -7.667371e+00
9.999992e-01 5.695751e-04 -1.064299e-03 8.107233e+01 -5.693920e-04 9.999998e-01 1.757549e-04 -2.874855e+00 1.064487e-03 -1.751465e-04 9.999994e-01 -7.647116e+00
9.999948e-01 -1.053600e-03 -3.063161e-03 8.153064e+01 1.053342e-03 9.999994e-01 -8.706698e-05 -2.890182e+00 3.063163e-03 8.383782e-05 9.999953e-01 -7.616924e+00
9.999996e-01 6.872374e-04 -5.267166e-04 8.196492e+01 -6.871279e-04 9.999997e-01 2.150660e-04 -2.904810e+00 5.269522e-04 -2.147017e-04 9.999998e-01 -7.522565e+00
9.999943e-01 -1.038239e-03 -3.234090e-03 8.247927e+01 1.038036e-03 9.999995e-01 -6.540953e-05 -2.921835e+00 3.234068e-03 6.204992e-05 9.999948e-01 -7.420860e+00
9.999996e-01 7.009653e-04 -4.960427e-04 8.309380e+01 -7.008532e-04 9.999997e-01 2.333119e-04 -2.941929e+00 4.962944e-04 -2.329619e-04 9.999998e-01 -7.335025e+00
9.999922e-01 -1.135649e-03 -3.792402e-03 8.363365e+01 1.135166e-03 9.999993e-01 -1.303736e-04 -2.959679e+00 3.792459e-03 1.260654e-04 9.999928e-01 -7.293518e+00
9.999974e-01 7.899496e-04 -2.085848e-03 8.412213e+01 -7.893624e-04 9.999996e-01 2.840233e-04 -2.975568e+00 2.086160e-03 -2.823739e-04 9.999978e-01 -7.158479e+00
9.999982e-01 -1.109192e-03 -1.599865e-03 8.472014e+01 1.109042e-03 9.999994e-01 -9.663835e-05 -2.995045e+00 1.599883e-03 9.486173e-05 9.999987e-01 -7.022700e+00
9.999905e-01 8.102131e-04 -4.259779e-03 8.532688e+01 -8.089740e-04 9.999996e-01 2.934183e-04 -3.014537e+00 4.260105e-03 -2.899673e-04 9.999909e-01 -6.883830e+00
9.999901e-01 -1.069099e-03 -4.343808e-03 8.583745e+01 1.068801e-03 9.999994e-01 -7.170935e-05 -3.030901e+00 4.343793e-03 6.706384e-05 9.999906e-01 -6.740678e+00
9.999914e-01 7.173464e-04 -4.071483e-03 8.625828e+01 -7.165104e-04 9.999997e-01 2.076403e-04 -3.044749e+00 4.071720e-03 -2.047190e-04 9.999917e-01 -6.658821e+00
9.999715e-01 -9.200064e-04 -7.496426e-03 8.678518e+01 9.204481e-04 9.999996e-01 5.501100e-05 -3.061518e+00 7.496282e-03 -6.191165e-05 9.999719e-01 -6.553315e+00
9.999969e-01 6.814505e-04 -2.351110e-03 8.728518e+01 -6.810385e-04 9.999998e-01 1.775038e-04 -3.077506e+00 2.351322e-03 -1.758998e-04 9.999972e-01 -6.407062e+00
9.999245e-01 -8.397387e-04 -1.226350e-02 8.769785e+01 8.411110e-04 9.999996e-01 1.064683e-04 -3.090843e+00 1.226331e-02 -1.167774e-04 9.999248e-01 -6.308588e+00
9.999992e-01 7.223853e-04 -9.207804e-04 8.812654e+01 -7.222007e-04 9.999997e-01 2.045196e-04 -3.104621e+00 9.210199e-04 -2.038522e-04 9.999995e-01 -6.152719e+00
9.999412e-01 -9.074850e-04 -1.081223e-02 8.858284e+01 9.079110e-04 9.999996e-01 3.417197e-05 -3.119259e+00 1.081210e-02 -4.398873e-05 9.999416e-01 -6.010442e+00
9.999990e-01 7.789905e-04 -1.101816e-03 8.905320e+01 -7.787081e-04 9.999997e-01 2.597537e-04 -3.134302e+00 1.102111e-03 -2.588931e-04 9.999993e-01 -5.850796e+00
9.999703e-01 -1.037275e-03 -7.648913e-03 8.957350e+01 1.036732e-03 9.999995e-01 -7.546259e-05 -3.151238e+00 7.648894e-03 6.752821e-05 9.999708e-01 -5.787635e+00
9.999986e-01 7.632865e-04 1.424910e-03 9.010995e+01 -7.636756e-04 9.999997e-01 2.702094e-04 -3.168781e+00 -1.424609e-03 -2.712948e-04 9.999989e-01 -5.678904e+00
9.999783e-01 -1.135851e-03 -6.502605e-03 9.055311e+01 1.134897e-03 9.999993e-01 -1.508859e-04 -3.183465e+00 6.502678e-03 1.435006e-04 9.999789e-01 -5.583561e+00
9.999995e-01 6.456695e-04 7.265925e-04 9.095877e+01 -6.458314e-04 9.999998e-01 2.181330e-04 -3.197026e+00 -7.263577e-04 -2.185998e-04 9.999997e-01 -5.569602e+00
9.999928e-01 -9.880729e-04 -3.668945e-03 9.150512e+01 9.878814e-04 9.999995e-01 -5.489779e-05 -3.215246e+00 3.668904e-03 5.127066e-05 9.999933e-01 -5.499314e+00
9.999942e-01 7.732803e-04 3.282435e-03 9.217117e+01 -7.742013e-04 9.999997e-01 2.783181e-04 -3.237112e+00 -3.282125e-03 -2.808555e-04 9.999945e-01 -5.398286e+00
9.999968e-01 -9.274151e-04 -2.366939e-03 9.297516e+01 9.273592e-04 9.999996e-01 -2.606356e-05 -3.263282e+00 2.366868e-03 2.386622e-05 9.999972e-01 -5.323880e+00
9.999637e-01 1.022951e-03 8.447735e-03 9.379321e+01 -1.025872e-03 9.999994e-01 3.409766e-04 -3.289896e+00 -8.447288e-03 -3.496281e-04 9.999642e-01 -5.218667e+00
9.999985e-01 -8.905525e-04 -1.519624e-03 9.451138e+01 8.905784e-04 9.999996e-01 1.418082e-05 -3.313363e+00 1.519518e-03 -1.553641e-05 9.999989e-01 -5.138737e+00
9.999930e-01 7.609498e-04 3.637519e-03 9.508110e+01 -7.618598e-04 9.999997e-01 2.478964e-04 -3.332463e+00 -3.637235e-03 -2.506636e-04 9.999933e-01 -5.067417e+00
9.999993e-01 -8.333208e-04 -8.987472e-04 9.562440e+01 8.333435e-04 9.999997e-01 2.114200e-05 -3.350639e+00 8.986360e-04 -2.189322e-05 9.999996e-01 -4.968955e+00
9.999981e-01 5.930417e-04 1.792643e-03 9.608945e+01 -5.934610e-04 9.999998e-01 2.315212e-04 -3.366741e+00 -1.792413e-03 -2.325823e-04 9.999983e-01 -4.959051e+00
9.999989e-01 -8.194420e-04 -1.322728e-03 9.668445e+01 8.194455e-04 9.999997e-01 -3.794898e-07 -3.386641e+00 1.322635e-03 -7.066752e-07 9.999992e-01 -4.900038e+00
9.999907e-01 7.353228e-04 4.224237e-03 9.712720e+01 -7.364827e-04 9.999997e-01 2.722294e-04 -3.401667e+00 -4.223943e-03 -2.753356e-04 9.999910e-01 -4.823152e+00
9.999996e-01 -7.029655e-04 -7.205629e-04 9.771349e+01 7.029461e-04 9.999998e-01 -3.191441e-05 -3.420997e+00 7.204922e-04 3.140561e-05 9.999998e-01 -4.645797e+00
9.999996e-01 3.437667e-04 -7.117492e-04 9.829106e+01 -3.435884e-04 9.999999e-01 2.552898e-04 -3.440422e+00 7.119299e-04 -2.550428e-04 9.999997e-01 -4.587733e+00
9.999981e-01 -6.090466e-04 1.905966e-03 9.872435e+01 6.089021e-04 9.999998e-01 7.812604e-05 -3.455634e+00 -1.906106e-03 -7.696761e-05 9.999982e-01 -4.720970e+00
9.999985e-01 5.109224e-04 1.615142e-03 9.918830e+01 -5.114077e-04 9.999998e-01 2.980151e-04 -3.471584e+00 -1.614896e-03 -2.988384e-04 9.999986e-01 -4.852184e+00
9.999986e-01 -5.903696e-04 1.636441e-03 9.947246e+01 5.901512e-04 9.999998e-01 1.359895e-04 -3.481587e+00 -1.636613e-03 -1.350258e-04 9.999987e-01 -4.911926e+00
9.999998e-01 4.067001e-04 -2.404613e-04 9.981792e+01 -4.066742e-04 9.999999e-01 1.219913e-04 -3.494006e+00 2.406036e-04 -1.218912e-04 9.999999e-01 -4.834568e+00
9.999825e-01 -3.418248e-04 5.922856e-03 1.004228e+02 3.405921e-04 9.999999e-01 2.097159e-04 -3.514091e+00 -5.923019e-03 -2.076972e-04 9.999825e-01 -4.758841e+00
9.999941e-01 2.322867e-04 -3.403350e-03 1.009230e+02 -2.320671e-04 1.000000e+00 6.591227e-05 -3.531094e+00 3.403457e-03 -6.511978e-05 9.999942e-01 -4.692164e+00
9.999936e-01 -4.636923e-04 3.573836e-03 1.014188e+02 4.630287e-04 9.999999e-01 1.874616e-04 -3.547917e+00 -3.574015e-03 -1.858078e-04 9.999936e-01 -4.590431e+00
9.999847e-01 2.038212e-05 -5.512875e-03 1.016748e+02 -2.074480e-05 1.000000e+00 -6.511590e-05 -3.557319e+00 5.512966e-03 6.523154e-05 9.999848e-01 -4.526905e+00
9.999935e-01 -4.820848e-04 3.605265e-03 1.019050e+02 4.813109e-04 9.999999e-01 2.164354e-04 -3.565983e+00 -3.605462e-03 -2.147009e-04 9.999935e-01 -4.477821e+00
9.999845e-01 4.025647e-05 -5.558529e-03 1.022221e+02 -4.076027e-05 1.000000e+00 -8.992291e-05 -3.577333e+00 5.558617e-03 9.015033e-05 9.999845e-01 -4.430926e+00
9.999922e-01 -3.880365e-04 3.948302e-03 1.025948e+02 3.869905e-04 9.999999e-01 2.665364e-04 -3.590335e+00 -3.948497e-03 -2.650086e-04 9.999922e-01 -4.308459e+00
9.999896e-01 1.267243e-04 -4.551674e-03 1.030596e+02 -1.269110e-04 1.000000e+00 -4.000796e-05 -3.606189e+00 4.551761e-03 4.058745e-05 9.999896e-01 -4.188417e+00
9.999878e-01 -3.767373e-04 4.942881e-03 1.034550e+02 3.754424e-04 9.999999e-01 2.635656e-04 -3.620057e+00 -4.943072e-03 -2.617088e-04 9.999878e-01 -4.123556e+00
9.999847e-01 4.301741e-06 -5.519463e-03 1.037532e+02 -4.585837e-06 1.000000e+00 -5.086425e-05 -3.631032e+00 5.519555e-03 5.089101e-05 9.999847e-01 -4.165063e+00
9.999874e-01 -3.764489e-04 5.021891e-03 1.042509e+02 3.752718e-04 9.999999e-01 2.359803e-04 -3.648569e+00 -5.022072e-03 -2.340949e-04 9.999874e-01 -4.191650e+00
9.999800e-01 -1.425243e-05 -6.305692e-03 1.048769e+02 1.404197e-05 1.000000e+00 -3.290655e-05 -3.669676e+00 6.305785e-03 3.281955e-05 9.999801e-01 -4.189452e+00
9.999930e-01 -4.511067e-04 3.738045e-03 1.054721e+02 4.503292e-04 9.999999e-01 2.096881e-04 -3.689485e+00 -3.738232e-03 -2.080054e-04 9.999930e-01 -4.175874e+00
9.999813e-01 2.816408e-05 -6.106910e-03 1.061461e+02 -2.812438e-05 1.000000e+00 7.110054e-06 -3.711717e+00 6.107003e-03 -6.935989e-06 9.999813e-01 -4.144047e+00
9.999931e-01 -5.877981e-04 3.677848e-03 1.068194e+02 5.872458e-04 9.999998e-01 1.520932e-04 -3.734339e+00 -3.678029e-03 -1.499345e-04 9.999933e-01 -4.269501e+00
9.999701e-01 -1.552783e-04 -7.718882e-03 1.073650e+02 1.547649e-04 1.000000e+00 -6.671218e-05 -3.752672e+00 7.718985e-03 6.551771e-05 9.999702e-01 -4.567233e+00
9.999888e-01 -5.148567e-04 4.715080e-03 1.077926e+02 5.138374e-04 9.999998e-01 2.180270e-04 -3.767219e+00 -4.715285e-03 -2.156039e-04 9.999889e-01 -4.856739e+00
9.999611e-01 -7.715384e-05 -8.814700e-03 1.082429e+02 7.570104e-05 1.000000e+00 -1.648037e-04 -3.782426e+00 8.814806e-03 1.641321e-04 9.999611e-01 -4.940626e+00
9.999941e-01 -5.603253e-04 3.407741e-03 1.087557e+02 5.595715e-04 9.999998e-01 2.230389e-04 -3.799344e+00 -3.407959e-03 -2.211328e-04 9.999942e-01 -5.047494e+00
9.999719e-01 -1.142308e-04 -7.482038e-03 1.091834e+02 1.130484e-04 1.000000e+00 -1.580664e-04 -3.813839e+00 7.482149e-03 1.572182e-04 9.999720e-01 -5.246254e+00
9.999963e-01 -6.024473e-04 2.673936e-03 1.096848e+02 6.018058e-04 9.999998e-01 2.418043e-04 -3.830571e+00 -2.674175e-03 -2.401962e-04 9.999964e-01 -5.461735e+00
9.999663e-01 -4.929058e-05 -8.204149e-03 1.103349e+02 4.774910e-05 1.000000e+00 -1.877386e-04 -3.851742e+00 8.204252e-03 1.873426e-04 9.999663e-01 -5.619084e+00
9.999922e-01 -5.336740e-04 3.924851e-03 1.109990e+02 5.326029e-04 9.999998e-01 2.746462e-04 -3.873546e+00 -3.925091e-03 -2.725556e-04 9.999923e-01 -5.719298e+00
9.999735e-01 -2.253175e-04 -7.267916e-03 1.114794e+02 2.243445e-04 1.000000e+00 -1.343086e-04 -3.889851e+00 7.268041e-03 1.326765e-04 9.999735e-01 -6.031499e+00
9.999970e-01 -5.851510e-04 2.397738e-03 1.119223e+02 5.846571e-04 9.999998e-01 2.077788e-04 -3.904721e+00 -2.397954e-03 -2.063783e-04 9.999971e-01 -6.372535e+00
9.999606e-01 -1.917927e-04 -8.864329e-03 1.124874e+02 1.904593e-04 1.000000e+00 -1.509587e-04 -3.923113e+00 8.864453e-03 1.492663e-04 9.999607e-01 -6.628817e+00
9.999956e-01 -4.440014e-04 2.942917e-03 1.130508e+02 4.432891e-04 9.999999e-01 2.435579e-04 -3.941435e+00 -2.943120e-03 -2.422541e-04 9.999957e-01 -6.710511e+00
9.999780e-01 -1.819894e-04 -6.620905e-03 1.135435e+02 1.807782e-04 1.000000e+00 -1.831401e-04 -3.958122e+00 6.621033e-03 1.819410e-04 9.999780e-01 -6.863397e+00
9.999953e-01 -4.955704e-04 3.055447e-03 1.139407e+02 4.946754e-04 9.999998e-01 2.944946e-04 -3.971675e+00 -3.055687e-03 -2.929836e-04 9.999953e-01 -7.097160e+00
9.999839e-01 -1.826645e-04 -5.652079e-03 1.142941e+02 1.818354e-04 1.000000e+00 -1.467652e-04 -3.983961e+00 5.652201e-03 1.457369e-04 9.999840e-01 -7.378613e+00
9.999964e-01 -6.048385e-04 2.640025e-03 1.146299e+02 6.041213e-04 9.999998e-01 2.733752e-04 -3.995678e+00 -2.640285e-03 -2.717811e-04 9.999965e-01 -7.722608e+00
9.999867e-01 -1.496971e-04 -5.149912e-03 1.148752e+02 1.490157e-04 1.000000e+00 -1.322347e-04 -4.004470e+00 5.150027e-03 1.314672e-04 9.999867e-01 -8.033378e+00
9.999966e-01 -5.219079e-04 2.571838e-03 1.151085e+02 5.211851e-04 9.999998e-01 2.826262e-04 -4.012907e+00 -2.572080e-03 -2.812865e-04 9.999967e-01 -8.236575e+00
9.999851e-01 -1.451190e-04 -5.440143e-03 1.154083e+02 1.443995e-04 1.000000e+00 -1.322359e-04 -4.023521e+00 5.440257e-03 1.314501e-04 9.999852e-01 -8.423765e+00
9.999968e-01 -6.230043e-04 2.473679e-03 1.157413e+02 6.223299e-04 9.999998e-01 2.742716e-04 -4.035137e+00 -2.473945e-03 -2.727329e-04 9.999969e-01 -8.744850e+00
9.999895e-01 -3.653150e-05 -4.572170e-03 1.161346e+02 3.608592e-05 1.000000e+00 -9.705069e-05 -4.048814e+00 4.572269e-03 9.688635e-05 9.999895e-01 -9.072295e+00
