9.999729e-01 8.685899e-05 7.364001e-03 8.088603e-01 -8.947938e-05 9.999999e-01 3.555066e-04 -2.674801e-02 -7.363971e-03 -3.561564e-04 9.999729e-01 -2.463730e-02
9.999805e-01 -2.991871e-04 -6.236405e-03 1.734525e+00 2.987846e-04 1.000000e+00 -6.548074e-05 -5.705240e-02 6.236425e-03 6.361666e-05 9.999805e-01 -3.864729e-02
9.999400e-01 2.579010e-04 1.094727e-02 2.709462e+00 -2.621068e-04 9.999999e-01 3.827495e-04 -8.877527e-02 -1.094718e-02 -3.855965e-04 9.999401e-01 -4.306291e-02
9.999798e-01 -3.115722e-04 -6.355059e-03 3.644703e+00 3.109675e-04 9.999999e-01 -9.614335e-05 -1.191424e-01 6.355090e-03 9.416579e-05 9.999797e-01 -3.649727e-02
9.999216e-01 2.569242e-04 1.251697e-02 4.494629e+00 -2.627236e-04 9.999999e-01 4.616843e-04 -1.473474e-01 -1.251685e-02 -4.649373e-04 9.999217e-01 -1.702160e-01
9.999876e-01 -2.319038e-04 -4.980411e-03 5.286352e+00 2.318728e-04 1.000000e+00 -6.810965e-06 -1.737230e-01 4.980416e-03 5.656745e-06 9.999875e-01 -4.102895e-01
9.999760e-01 -7.035166e-05 6.931499e-03 5.997465e+00 6.746050e-05 9.999999e-01 4.173358e-04 -1.978665e-01 -6.931531e-03 -4.168589e-04 9.999760e-01 -7.322411e-01
9.999835e-01 -2.717916e-04 -5.737667e-03 6.862985e+00 2.712592e-04 1.000000e+00 -9.356563e-05 -2.269219e-01 5.737696e-03 9.200845e-05 9.999834e-01 -9.789421e-01
9.999861e-01 -1.102600e-04 5.274635e-03 7.611864e+00 1.086371e-04 9.999999e-01 3.079655e-04 -2.520022e-01 -5.274672e-03 -3.073890e-04 9.999861e-01 -1.067794e+00
9.999631e-01 -2.522855e-04 -8.583166e-03 8.240361e+00 2.508099e-04 1.000000e+00 -1.729927e-04 -2.729225e-01 8.583213e-03 1.708344e-04 9.999630e-01 -1.090121e+00
9.998879e-01 2.240667e-04 1.496811e-02 8.822025e+00 -2.302862e-04 9.999999e-01 4.137880e-04 -2.924479e-01 -1.496802e-02 -4.171894e-04 9.998880e-01 -1.167410e+00
9.999947e-01 -1.613527e-04 -3.259403e-03 9.291089e+00 1.609948e-04 1.000000e+00 -1.100644e-04 -3.090879e-01 3.259426e-03 1.095399e-04 9.999946e-01 -1.322186e+00
9.997646e-01 5.161766e-04 2.168911e-02 9.598478e+00 -5.264057e-04 9.999998e-01 4.659166e-04 -3.207960e-01 -2.168887e-02 -4.772251e-04 9.997648e-01 -1.463047e+00
9.996783e-01 -8.944016e-04 -2.534865e-02 1.000547e+01 8.852696e-04 9.999995e-01 -3.714739e-04 -3.346627e-01 2.534898e-02 3.489149e-04 9.996785e-01 -1.558264e+00
9.996515e-01 6.948592e-04 2.638799e-02 1.057241e+01 -7.103457e-04 9.999996e-01 5.775074e-04 -3.536652e-01 -2.638759e-02 -5.960516e-04 9.996517e-01 -1.536265e+00
9.999969e-01 -1.128965e-04 -2.491477e-03 1.118867e+01 1.121949e-04 1.000000e+00 -2.817537e-04 -3.756074e-01 2.491518e-03 2.814743e-04 9.999968e-01 -1.444108e+00
9.995530e-01 7.707145e-04 2.988513e-02 1.168939e+01 -7.877674e-04 9.999995e-01 5.588484e-04 -3.945304e-01 -2.988470e-02 -5.821421e-04 9.995533e-01 -1.450696e+00
9.999133e-01 -4.315006e-04 -1.315953e-02 1.222465e+01 4.271768e-04 9.999999e-01 -3.313699e-04 -4.136930e-01 1.315968e-02 3.257208e-04 9.999133e-01 -1.448910e+00
9.995327e-01 7.216659e-04 3.056036e-02 1.277759e+01 -7.410553e-04 9.999995e-01 6.231425e-04 -4.333446e-01 -3.055991e-02 -6.454992e-04 9.995328e-01 -1.472095e+00
9.998870e-01 -3.107645e-04 -1.502713e-02 1.351589e+01 3.066075e-04 9.999999e-01 -2.789312e-04 -4.585463e-01 1.502723e-02 2.742934e-04 9.998869e-01 -1.405810e+00
9.995387e-01 6.249528e-04 3.036527e-02 1.430938e+01 -6.441411e-04 9.999996e-01 6.221409e-04 -4.848589e-01 -3.036489e-02 -6.414145e-04 9.995388e-01 -1.339698e+00
9.999920e-01 4.917310e-05 -3.987001e-03 1.485317e+01 -5.027921e-05 1.000000e+00 -2.773038e-04 -5.049381e-01 3.987008e-03 2.775032e-04 9.999919e-01 -1.360294e+00
9.999329e-01 3.452724e-05 1.158710e-02 1.537691e+01 -4.022302e-05 9.999999e-01 4.913377e-04 -5.225622e-01 -1.158710e-02 -4.917720e-04 9.999328e-01 -1.290765e+00
9.998788e-01 5.541057e-04 1.556161e-02 1.567317e+01 -5.531447e-04 9.999998e-01 -6.606919e-05 -5.344886e-01 -1.556162e-02 5.745459e-05 9.998788e-01 -1.483501e+00
9.999238e-01 6.220783e-05 1.234868e-02 1.596949e+01 -6.802367e-05 9.999999e-01 4.705605e-04 -5.468869e-01 -1.234868e-02 -4.713659e-04 9.999237e-01 -1.683939e+00
9.999601e-01 3.755999e-04 8.921753e-03 1.642043e+01 -3.741684e-04 9.999999e-01 -1.621303e-04 -5.637932e-01 -8.921785e-03 1.587869e-04 9.999601e-01 -1.704406e+00
9.999830e-01 -1.789628e-04 5.825954e-03 1.666039e+01 1.751563e-04 9.999998e-01 6.539080e-04 -5.725710e-01 -5.826099e-03 -6.528778e-04 9.999829e-01 -2.032786e+00
9.999972e-01 -3.198521e-05 -2.362212e-03 1.710298e+01 3.149883e-05 1.000000e+00 -2.058477e-04 -5.879516e-01 2.362249e-03 2.057741e-04 9.999971e-01 -2.322374e+00
9.999835e-01 -5.821008e-05 5.747542e-03 1.789338e+01 5.537680e-05 9.999999e-01 4.931468e-04 -6.140726e-01 -5.747600e-03 -4.928218e-04 9.999835e-01 -2.293231e+00
9.999797e-01 3.189059e-04 6.366598e-03 1.869535e+01 -3.179157e-04 9.999999e-01 -1.565765e-04 -6.404144e-01 -6.366615e-03 1.545507e-04 9.999796e-01 -2.182999e+00
9.999392e-01 7.135248e-05 1.103027e-02 1.931814e+01 -7.712287e-05 9.999999e-01 5.227373e-04 -6.620938e-01 -1.103026e-02 -5.235577e-04 9.999391e-01 -2.170039e+00
9.999983e-01 8.114350e-05 -1.866709e-03 1.995409e+01 -8.153315e-05 1.000000e+00 -2.085227e-04 -6.834791e-01 1.866726e-03 2.086761e-04 9.999981e-01 -2.126334e+00
9.999993e-01 -3.762473e-04 1.153085e-03 2.058026e+01 3.758004e-04 9.999999e-01 3.879621e-04 -7.044462e-01 -1.153265e-03 -3.875301e-04 9.999994e-01 -2.110010e+00
9.999850e-01 -7.079839e-07 -5.479735e-03 2.116734e+01 -6.026376e-07 1.000000e+00 -2.391266e-04 -7.237915e-01 5.479769e-03 2.391279e-04 9.999849e-01 -2.085115e+00
9.999992e-01 -4.366977e-04 1.179918e-03 2.172954e+01 4.362652e-04 9.999998e-01 3.669997e-04 -7.422110e-01 -1.180112e-03 -3.664862e-04 9.999993e-01 -2.038638e+00
9.999888e-01 5.985828e-05 -4.733853e-03 2.233563e+01 -6.081872e-05 1.000000e+00 -2.026897e-04 -7.621469e-01 4.733874e-03 2.029769e-04 9.999887e-01 -1.989554e+00
9.999986e-01 -4.199310e-04 1.630297e-03 2.301944e+01 4.193237e-04 9.999998e-01 3.730013e-04 -7.846443e-01 -1.630486e-03 -3.723187e-04 9.999987e-01 -1.971425e+00
9.999956e-01 2.480190e-05 -2.952372e-03 2.375309e+01 -2.535818e-05 1.000000e+00 -1.882938e-04 -8.092373e-01 2.952400e-03 1.883694e-04 9.999955e-01 -2.029953e+00
9.999996e-01 -3.669343e-04 7.596365e-04 2.449289e+01 3.666575e-04 9.999999e-01 3.648322e-04 -8.337154e-01 -7.598029e-04 -3.645552e-04 9.999997e-01 -2.046023e+00
9.999864e-01 9.593091e-05 -5.216327e-03 2.522935e+01 -9.672756e-05 1.000000e+00 -1.524204e-04 -8.575865e-01 5.216345e-03 1.529245e-04 9.999863e-01 -1.973832e+00
9.999975e-01 -2.759245e-04 2.225563e-03 2.595069e+01 2.751389e-04 9.999999e-01 3.533791e-04 -8.808668e-01 -2.225693e-03 -3.527675e-04 9.999976e-01 -1.872574e+00
9.999932e-01 7.334656e-05 -3.693027e-03 2.673434e+01 -7.392466e-05 1.000000e+00 -1.563317e-04 -9.061966e-01 3.693047e-03 1.566053e-04 9.999931e-01 -1.794456e+00
9.999946e-01 -3.326945e-04 3.272304e-03 2.753563e+01 3.315368e-04 9.999999e-01 3.543987e-04 -9.325814e-01 -3.272453e-03 -3.533135e-04 9.999947e-01 -1.815658e+00
9.999978e-01 1.417761e-04 -2.078164e-03 2.818429e+01 -1.420850e-04 1.000000e+00 -1.483957e-04 -9.541494e-01 2.078174e-03 1.486923e-04 9.999977e-01 -1.808912e+00
9.999963e-01 -3.556049e-04 2.711688e-03 2.872633e+01 3.546504e-04 9.999999e-01 3.525545e-04 -9.724709e-01 -2.711845e-03 -3.515932e-04 9.999964e-01 -1.774630e+00
9.999992e-01 1.825494e-04 -1.280267e-03 2.939407e+01 -1.827214e-04 1.000000e+00 -1.340598e-04 -9.946859e-01 1.280274e-03 1.342953e-04 9.999991e-01 -1.724797e+00
9.999954e-01 -3.470726e-04 3.018985e-03 3.004794e+01 3.460091e-04 9.999999e-01 3.528731e-04 -1.016463e+00 -3.019140e-03 -3.518286e-04 9.999955e-01 -1.689820e+00
9.999905e-01 3.759043e-04 4.331640e-03 3.060905e+01 -3.757228e-04 9.999999e-01 -4.277609e-05 -1.035532e+00 -4.331623e-03 4.114996e-05 9.999905e-01 -1.756588e+00
9.999512e-01 -9.736241e-05 9.878759e-03 3.116864e+01 9.354475e-05 9.999999e-01 3.869419e-04 -1.055045e+00 -9.878830e-03 -3.860007e-04 9.999512e-01 -1.733269e+00
9.999998e-01 3.297741e-04 4.881464e-04 3.179983e+01 -3.297209e-04 9.999999e-01 -1.096679e-04 -1.076314e+00 -4.881473e-04 1.095088e-04 9.999998e-01 -1.602756e+00
9.999984e-01 -4.259351e-04 1.750014e-03 3.247162e+01 4.253640e-04 9.999999e-01 3.268581e-04 -1.098403e+00 -1.750188e-03 -3.261150e-04 9.999985e-01 -1.537603e+00
9.999892e-01 1.161932e-04 -4.647440e-03 3.316944e+01 -1.168986e-04 1.000000e+00 -1.514265e-04 -1.121335e+00 4.647458e-03 1.519700e-04 9.999891e-01 -1.510553e+00
9.999972e-01 -4.177425e-04 -2.342670e-03 3.385454e+01 4.185972e-04 9.999998e-01 3.642105e-04 -1.143153e+00 2.342483e-03 -3.651920e-04 9.999973e-01 -1.414338e+00
9.999560e-01 1.478439e-04 -9.377539e-03 3.455267e+01 -1.485882e-04 1.000000e+00 -7.864116e-05 -1.165071e+00 9.377560e-03 8.003300e-05 9.999559e-01 -1.363076e+00
9.999304e-01 -1.746739e-04 -1.179806e-02 3.515304e+01 1.819250e-04 9.999998e-01 6.135024e-04 -1.183777e+00 1.179792e-02 -6.156081e-04 9.999303e-01 -1.298322e+00
9.998861e-01 3.344545e-04 -1.508701e-02 3.566044e+01 -3.331308e-04 9.999999e-01 9.027155e-05 -1.199616e+00 1.508707e-02 -8.523329e-05 9.998861e-01 -1.194006e+00
9.999327e-01 -1.340350e-04 -1.159825e-02 3.616617e+01 1.414498e-04 9.999998e-01 6.384640e-04 -1.215409e+00 1.159814e-02 -6.400637e-04 9.999326e-01 -1.033496e+00
9.998061e-01 3.672516e-04 -1.969017e-02 3.653744e+01 -3.635626e-04 9.999999e-01 1.909443e-04 -1.227529e+00 1.969026e-02 -1.837465e-04 9.998060e-01 -8.464417e-01
9.999507e-01 -1.445375e-04 -9.924574e-03 3.698501e+01 1.506039e-04 9.999998e-01 6.104872e-04 -1.241740e+00 9.924464e-03 -6.119541e-04 9.999507e-01 -6.541897e-01
9.999188e-01 2.939747e-04 -1.274118e-02 3.748612e+01 -2.928798e-04 1.000000e+00 8.781715e-05 -1.257451e+00 1.274122e-02 -8.407603e-05 9.999187e-01 -4.603887e-01
9.999455e-01 -1.576226e-04 -1.043457e-02 3.794553e+01 1.630555e-04 9.999999e-01 5.197960e-04 -1.272120e+00 1.043447e-02 -5.214715e-04 9.999455e-01 -3.012304e-01
9.998569e-01 3.707067e-04 -1.691549e-02 3.835531e+01 -3.672187e-04 9.999999e-01 2.093213e-04 -1.285368e+00 1.691558e-02 -2.030771e-04 9.998568e-01 -1.361854e-01
9.999836e-01 -2.516820e-04 5.717826e-03 3.885183e+01 2.505443e-04 9.999999e-01 1.997211e-04 -1.301486e+00 -5.717888e-03 -1.982878e-04 9.999837e-01 5.423044e-02
9.997534e-01 3.485222e-04 -2.220562e-02 3.937060e+01 -3.428560e-04 9.999999e-01 2.589838e-04 -1.318092e+00 2.220572e-02 -2.513040e-04 9.997533e-01 2.573820e-01
9.999709e-01 -2.740919e-04 7.626555e-03 3.984472e+01 2.728186e-04 9.999999e-01 1.679986e-04 -1.333407e+00 -7.626610e-03 -1.659157e-04 9.999710e-01 4.799569e-01
9.998689e-01 2.566358e-04 -1.618931e-02 4.035634e+01 -2.551265e-04 1.000000e+00 9.530439e-05 -1.349971e+00 1.618935e-02 -9.115892e-05 9.998688e-01 6.981102e-01
9.999089e-01 7.471751e-05 -1.350121e-02 4.075454e+01 -6.494830e-05 9.999997e-01 7.240121e-04 -1.363013e+00 1.350125e-02 -7.230719e-04 9.999087e-01 9.422322e-01
9.998471e-01 2.734904e-04 -1.748508e-02 4.113580e+01 -2.707677e-04 1.000000e+00 1.580861e-04 -1.375601e+00 1.748513e-02 -1.533247e-04 9.998470e-01 1.185748e+00
9.999750e-01 -8.720380e-06 -7.070310e-03 4.164734e+01 1.244596e-05 9.999999e-01 5.268912e-04 -1.391988e+00 7.070305e-03 -5.269690e-04 9.999750e-01 1.358031e+00
9.998929e-01 1.568218e-04 -1.463337e-02 4.216691e+01 -1.559081e-04 1.000000e+00 6.357833e-05 -1.408568e+00 1.463337e-02 -6.128711e-05 9.998928e-01 1.524332e+00
9.999285e-01 1.490903e-04 1.195993e-02 4.259352e+01 -1.529104e-04 9.999999e-01 3.184904e-04 -1.423463e+00 -1.195988e-02 -3.202994e-04 9.999285e-01 1.652125e+00
9.999734e-01 3.429283e-04 -7.279230e-03 4.307639e+01 -3.428984e-04 9.999999e-01 5.354928e-06 -1.440310e+00 7.279229e-03 -2.855727e-06 9.999734e-01 1.784840e+00
9.995846e-01 3.514194e-04 2.881777e-02 4.353446e+01 -3.576365e-04 9.999999e-01 2.105836e-04 -1.457548e+00 -2.881769e-02 -2.208054e-04 9.995848e-01 1.928857e+00
9.999722e-01 6.426920e-04 7.425878e-03 4.406484e+01 -6.430243e-04 9.999998e-01 4.235918e-05 -1.478144e+00 -7.425846e-03 -4.712996e-05 9.999723e-01 1.991638e+00
9.990734e-01 8.804349e-04 4.302992e-02 4.450873e+01 -8.945675e-04 9.999996e-01 3.091835e-04 -1.497050e+00 -4.302964e-02 -3.473933e-04 9.990738e-01 2.025240e+00
9.999591e-01 7.170108e-04 9.018677e-03 4.481991e+01 -7.176410e-04 9.999997e-01 6.661327e-05 -1.511734e+00 -9.018613e-03 -7.307955e-05 9.999592e-01 2.008554e+00
9.990115e-01 9.624048e-04 4.444146e-02 4.509432e+01 -9.816607e-04 9.999994e-01 4.114708e-04 -1.525250e+00 -4.444106e-02 -4.546937e-04 9.990120e-01 1.947756e+00
9.999597e-01 6.900304e-04 8.948187e-03 4.535527e+01 -6.903338e-04 9.999998e-01 3.077703e-05 -1.538324e+00 -8.948140e-03 -3.694975e-05 9.999599e-01 1.884032e+00
9.992922e-01 7.166918e-04 3.761018e-02 4.565657e+01 -7.315199e-04 9.999997e-01 3.805083e-04 -1.552334e+00 -3.760992e-02 -4.077549e-04 9.992925e-01 1.808039e+00
9.999960e-01 4.364224e-04 2.795939e-03 4.604797e+01 -4.363724e-04 9.999999e-01 -1.866629e-05 -1.568721e+00 -2.795914e-03 1.744952e-05 9.999960e-01 1.725159e+00
9.991635e-01 8.190221e-04 4.088617e-02 4.640387e+01 -8.359025e-04 9.999996e-01 3.957836e-04 -1.584277e+00 -4.088587e-02 -4.296328e-04 9.991638e-01 1.657863e+00
9.999989e-01 4.070085e-04 1.455775e-03 4.671216e+01 -4.070365e-04 9.999999e-01 1.845231e-05 -1.597998e+00 -1.455727e-03 -1.904137e-05 9.999988e-01 1.548044e+00
9.992784e-01 7.054901e-04 3.797525e-02 4.701008e+01 -7.195671e-04 9.999997e-01 3.570403e-04 -1.611192e+00 -3.797503e-02 -3.841120e-04 9.992787e-01 1.454127e+00
9.999985e-01 4.024678e-04 1.655637e-03 4.736882e+01 -4.024230e-04 9.999999e-01 -2.789816e-05 -1.626513e+00 -1.655600e-03 2.723541e-05 9.999985e-01 1.398159e+00
9.995568e-01 4.130965e-04 2.976733e-02 4.783645e+01 -4.237162e-04 9.999998e-01 3.504799e-04 -1.644625e+00 -2.976723e-02 -3.629411e-04 9.995569e-01 1.356629e+00
9.999052e-01 8.507138e-04 1.374409e-02 4.813592e+01 -8.507754e-04 9.999996e-01 -1.443027e-06 -1.658186e+00 -1.374404e-02 -1.024659e-05 9.999055e-01 1.310313e+00
9.999044e-01 -9.052373e-05 1.382411e-02 4.849970e+01 8.575123e-05 9.999999e-01 3.459005e-04 -1.672602e+00 -1.382420e-02 -3.446857e-04 9.999045e-01 1.255722e+00
9.999982e-01 2.081897e-04 -1.868308e-03 4.890029e+01 -2.083989e-04 1.000000e+00 -1.111574e-04 -1.687090e+00 1.868342e-03 1.115502e-04 9.999982e-01 1.272843e+00
9.996056e-01 4.074488e-04 2.807999e-02 4.923931e+01 -4.187280e-04 9.999998e-01 3.958397e-04 -1.700569e+00 -2.807989e-02 -4.074452e-04 9.996057e-01 1.208081e+00
9.996112e-01 -5.244697e-04 -2.787735e-02 4.965565e+01 5.177783e-04 9.999998e-01 -2.472036e-04 -1.714634e+00 2.787753e-02 2.326769e-04 9.996112e-01 1.244090e+00
9.992180e-01 6.777491e-04 3.953399e-02 5.007369e+01 -6.951951e-04 9.999997e-01 4.275749e-04 -1.729582e+00 -3.953374e-02 -4.547282e-04 9.992182e-01 1.293928e+00
9.989017e-01 -8.250579e-04 -4.684792e-02 5.042787e+01 8.127713e-04 9.999996e-01 -2.812844e-04 -1.741588e+00 4.684820e-02 2.429025e-04 9.989019e-01 1.333692e+00
9.994999e-01 6.569684e-04 3.161651e-02 5.071130e+01 -6.725695e-04 9.999997e-01 4.828503e-04 -1.751307e+00 -3.161624e-02 -5.038769e-04 9.995000e-01 1.336445e+00
9.988510e-01 -9.372711e-04 -4.791363e-02 5.089162e+01 9.224414e-04 9.999995e-01 -3.315933e-04 -1.757607e+00 4.791398e-02 2.870186e-04 9.988513e-01 1.279275e+00
9.994470e-01 5.201206e-04 3.324853e-02 5.096618e+01 -5.340537e-04 9.999998e-01 4.102098e-04 -1.760141e+00 -3.324837e-02 -4.277433e-04 9.994471e-01 1.135818e+00
9.990965e-01 -9.391560e-04 -4.248783e-02 5.107686e+01 9.258220e-04 9.999995e-01 -3.334759e-04 -1.763814e+00 4.248818e-02 2.938422e-04 9.990968e-01 1.005186e+00
9.992710e-01 3.776481e-04 3.817599e-02 5.100908e+01 -3.902658e-04 9.999999e-01 3.230899e-04 -1.761360e+00 -3.817592e-02 -3.377569e-04 9.992711e-01 7.763425e-01
9.991849e-01 -8.397988e-04 -4.035849e-02 5.106967e+01 8.319177e-04 9.999996e-01 -2.120403e-04 -1.763338e+00 4.035871e-02 1.782963e-04 9.991851e-01 5.653628e-01
9.993291e-01 2.763058e-04 3.662432e-02 5.114337e+01 -2.855724e-04 9.999999e-01 2.478145e-04 -1.765754e+00 -3.662430e-02 -2.581110e-04 9.993292e-01 3.261439e-01
9.993872e-01 -5.319758e-04 -3.499960e-02 5.151892e+01 5.337761e-04 9.999999e-01 4.212846e-05 -1.778564e+00 3.499963e-02 -6.078082e-05 9.993872e-01 1.240545e-01
9.994382e-01 1.405333e-04 3.351619e-02 5.189120e+01 -1.442560e-04 1.000000e+00 1.086851e-04 -1.791408e+00 -3.351623e-02 -1.134628e-04 9.994383e-01 2.919257e-03
9.994202e-01 -5.142098e-04 -3.404348e-02 5.232539e+01 5.185634e-04 9.999999e-01 1.190872e-04 -1.806275e+00 3.404347e-02 -1.366681e-04 9.994203e-01 -1.745934e-01
9.994391e-01 1.755402e-04 3.348931e-02 5.276724e+01 -1.776772e-04 1.000000e+00 6.086710e-05 -1.821348e+00 -3.348935e-02 -6.678711e-05 9.994392e-01 -2.807498e-01
9.993866e-01 -5.307539e-04 -3.501622e-02 5.327050e+01 5.340698e-04 9.999999e-01 8.537519e-05 -1.838328e+00 3.501622e-02 -1.040201e-04 9.993866e-01 -3.463605e-01
9.995249e-01 1.310042e-04 3.082077e-02 5.382373e+01 -1.309781e-04 1.000000e+00 -2.831066e-06 -1.856765e+00 -3.082083e-02 -1.210993e-06 9.995250e-01 -3.829815e-01
9.995271e-01 -3.894783e-04 -3.074739e-02 5.436495e+01 3.953860e-04 9.999999e-01 1.860933e-04 -1.874847e+00 3.074737e-02 -1.981586e-04 9.995271e-01 -4.437123e-01
9.995248e-01 1.550168e-04 3.082345e-02 5.492332e+01 -1.545384e-04 1.000000e+00 -1.786887e-05 -1.893392e+00 -3.082351e-02 1.309308e-05 9.995249e-01 -4.876106e-01
9.997200e-01 -1.013661e-04 -2.366010e-02 5.554121e+01 1.071930e-04 1.000000e+00 2.450570e-04 -1.914142e+00 2.366012e-02 -2.475208e-04 9.997199e-01 -4.849940e-01
9.994492e-01 2.042131e-04 3.318689e-02 5.612072e+01 -2.036983e-04 1.000000e+00 -1.885798e-05 -1.933807e+00 -3.318695e-02 1.208355e-05 9.994493e-01 -4.386423e-01
9.994967e-01 -3.763264e-04 -3.171961e-02 5.662302e+01 3.824149e-04 9.999999e-01 1.859210e-04 -1.950522e+00 3.171959e-02 -1.979536e-04 9.994967e-01 -4.801420e-01
9.996627e-01 7.795777e-06 2.597036e-02 5.702762e+01 -5.361168e-06 1.000000e+00 -9.377278e-05 -1.964174e+00 -2.597042e-02 9.359799e-05 9.996628e-01 -5.642972e-01
9.995533e-01 -3.422689e-04 -2.988452e-02 5.741899e+01 3.486136e-04 9.999999e-01 2.071372e-04 -1.977509e+00 2.988450e-02 -2.174589e-04 9.995532e-01 -5.777553e-01
9.994324e-01 2.083434e-04 3.368706e-02 5.788033e+01 -2.089273e-04 1.000000e+00 1.384599e-05 -1.993192e+00 -3.368711e-02 -2.088024e-05 9.994325e-01 -6.243539e-01
9.994254e-01 -4.193292e-04 -3.389348e-02 5.838869e+01 4.243082e-04 9.999999e-01 1.397462e-04 -2.010102e+00 3.389347e-02 -1.540433e-04 9.994253e-01 -6.012792e-01
9.994671e-01 1.299946e-04 3.264340e-02 5.876163e+01 -1.297738e-04 1.000000e+00 -8.851979e-06 -2.022827e+00 -3.264346e-02 4.607031e-06 9.994672e-01 -6.007358e-01
9.994735e-01 -3.870182e-04 -3.244445e-02 5.909918e+01 3.930905e-04 9.999999e-01 1.808212e-04 -2.034467e+00 3.244443e-02 -1.934757e-04 9.994734e-01 -6.308637e-01
9.995494e-01 7.560653e-05 3.001704e-02 5.949094e+01 -7.392736e-05 1.000000e+00 -5.701348e-05 -2.047850e+00 -3.001710e-02 5.476472e-05 9.995495e-01 -6.407568e-01
9.997468e-01 -8.786113e-05 -2.250140e-02 5.999624e+01 9.502799e-05 9.999999e-01 3.174923e-04 -2.065299e+00 2.250143e-02 -3.195462e-04 9.997467e-01 -7.124430e-01
9.994732e-01 1.516319e-04 3.245333e-02 6.054294e+01 -1.499213e-04 1.000000e+00 -5.510812e-05 -2.084111e+00 -3.245339e-02 5.020962e-05 9.994733e-01 -8.165608e-01
9.998922e-01 2.115476e-04 -1.467913e-02 6.114502e+01 -2.063022e-04 9.999999e-01 3.589383e-04 -2.105158e+00 1.467927e-02 -3.558672e-04 9.998921e-01 -8.163075e-01
9.993890e-01 2.055877e-04 3.495279e-02 6.173425e+01 -2.035837e-04 1.000000e+00 -6.086009e-05 -2.126048e+00 -3.495286e-02 5.370299e-05 9.993891e-01 -8.288477e-01
9.997199e-01 -5.076227e-05 -2.366544e-02 6.221752e+01 5.834315e-05 9.999999e-01 3.197035e-04 -2.142946e+00 2.366548e-02 -3.209906e-04 9.997198e-01 -8.856636e-01
9.997082e-01 -2.060803e-04 2.415662e-02 6.267883e+01 2.099297e-04 1.000000e+00 -1.567627e-04 -2.158514e+00 -2.415665e-02 1.617840e-04 9.997083e-01 -1.018898e+00
9.998582e-01 1.688565e-04 -1.684120e-02 6.320647e+01 -1.619839e-04 9.999999e-01 4.095310e-04 -2.176734e+00 1.684133e-02 -4.067408e-04 9.998580e-01 -1.129520e+00
9.996086e-01 4.247413e-06 2.797750e-02 6.383983e+01 -6.136644e-07 1.000000e+00 -1.298416e-04 -2.198242e+00 -2.797756e-02 1.297695e-04 9.996086e-01 -1.137446e+00
9.999685e-01 4.378345e-04 -7.917924e-03 6.448401e+01 -4.344538e-04 9.999998e-01 4.288744e-04 -2.220787e+00 7.918173e-03 -4.254168e-04 9.999685e-01 -1.094199e+00
9.994910e-01 1.713426e-04 3.190307e-02 6.514882e+01 -1.676621e-04 1.000000e+00 -1.179931e-04 -2.244280e+00 -3.190315e-02 1.125799e-04 9.994910e-01 -1.027629e+00
9.999528e-01 3.831289e-04 -9.706089e-03 6.580280e+01 -3.790152e-04 9.999998e-01 4.258190e-04 -2.267235e+00 9.706317e-03 -4.221160e-04 9.999527e-01 -9.620991e-01
9.995324e-01 1.403587e-04 3.057873e-02 6.647216e+01 -1.368072e-04 1.000000e+00 -1.181813e-04 -2.290603e+00 -3.057881e-02 1.139384e-04 9.995324e-01 -8.892562e-01
9.999091e-01 2.483723e-04 -1.348024e-02 6.718057e+01 -2.425160e-04 9.999999e-01 4.361914e-04 -2.314852e+00 1.348041e-02 -4.328784e-04 9.999090e-01 -8.331578e-01
9.995838e-01 1.168159e-04 2.884890e-02 6.799248e+01 -1.135550e-04 1.000000e+00 -1.146128e-04 -2.342061e+00 -2.884898e-02 1.112848e-04 9.995839e-01 -7.612509e-01
9.999289e-01 3.096072e-04 -1.192195e-02 6.882023e+01 -3.041673e-04 9.999998e-01 4.582548e-04 -2.369888e+00 1.192216e-02 -4.545916e-04 9.999287e-01 -6.985447e-01
9.993068e-01 4.116223e-04 3.722601e-02 6.956743e+01 -4.090957e-04 9.999999e-01 -7.544031e-05 -2.395867e+00 -3.722612e-02 6.015461e-05 9.993070e-01 -6.343326e-01
9.999658e-01 4.066524e-04 -8.256455e-03 7.023707e+01 -4.033236e-04 9.999998e-01 4.050831e-04 -2.419840e+00 8.256693e-03 -4.017349e-04 9.999657e-01 -5.537001e-01
9.990875e-01 6.044519e-04 4.270553e-02 7.085688e+01 -6.019469e-04 9.999998e-01 -7.146925e-05 -2.442801e+00 -4.270565e-02 4.569310e-05 9.990878e-01 -4.829047e-01
9.997936e-01 -5.043740e-06 -2.031508e-02 7.152922e+01 1.300556e-05 9.999999e-01 3.918918e-04 -2.466352e+00 2.031516e-02 -3.920707e-04 9.997935e-01 -4.211826e-01
9.987158e-01 8.128050e-04 5.065622e-02 7.215615e+01 -8.110719e-04 9.999997e-01 -5.472810e-05 -2.489211e+00 -5.065633e-02 1.356743e-05 9.987162e-01 -3.890971e-01
9.998229e-01 1.267439e-04 -1.881843e-02 7.282645e+01 -1.192415e-04 9.999999e-01 3.999206e-04 -2.513492e+00 1.881856e-02 -3.976014e-04 9.998228e-01 -3.583223e-01
9.989543e-01 6.166250e-04 4.571686e-02 7.350346e+01 -6.159295e-04 9.999998e-01 -2.924750e-05 -2.537587e+00 -4.571696e-02 1.053940e-06 9.989545e-01 -3.429571e-01
9.996421e-01 -9.812485e-05 -2.675085e-02 7.422712e+01 1.079756e-04 9.999999e-01 3.668927e-04 -2.562400e+00 2.675090e-02 -3.696453e-04 9.996420e-01 -2.859203e-01
9.988052e-01 6.699047e-04 4.886400e-02 7.497106e+01 -6.707752e-04 9.999998e-01 1.467244e-06 -2.588084e+00 -4.886408e-02 -3.424692e-05 9.988055e-01 -2.461522e-01
9.997746e-01 9.884699e-05 -2.122778e-02 7.559303e+01 -9.206743e-05 9.999999e-01 3.204779e-04 -2.610483e+00 2.122790e-02 -3.184467e-04 9.997745e-01 -2.009099e-01
9.988689e-01 5.707304e-04 4.754639e-02 7.619272e+01 -5.729540e-04 9.999998e-01 3.319357e-05 -2.632057e+00 -4.754645e-02 -6.040263e-05 9.988691e-01 -1.553991e-01
9.999385e-01 5.067225e-04 -1.107687e-02 7.671209e+01 -5.035464e-04 9.999998e-01 2.897872e-04 -2.652237e+00 1.107710e-02 -2.841870e-04 9.999385e-01 -1.421120e-01
9.990735e-01 3.993714e-04 4.303439e-02 7.726692e+01 -4.020535e-04 9.999999e-01 5.373703e-05 -2.673107e+00 -4.303446e-02 -7.099411e-05 9.990737e-01 -1.127538e-01
9.998413e-01 3.267452e-04 -1.780880e-02 7.790778e+01 -3.217858e-04 9.999999e-01 2.815252e-04 -2.695868e+00 1.780899e-02 -2.757453e-04 9.998413e-01 -5.459941e-02
9.991268e-01 3.480903e-04 4.177930e-02 7.851260e+01 -3.511505e-04 9.999999e-01 6.598332e-05 -2.717432e+00 -4.177937e-02 -8.060130e-05 9.991269e-01 7.643528e-03
9.997559e-01 1.577248e-04 -2.209014e-02 7.919417e+01 -1.510293e-04 9.999999e-01 3.049164e-04 -2.741092e+00 2.209028e-02 -3.015011e-04 9.997559e-01 8.023672e-03
9.991120e-01 3.408766e-04 4.213352e-02 7.988692e+01 -3.444611e-04 9.999999e-01 7.789377e-05 -2.764979e+00 -4.213358e-02 -9.234276e-05 9.991120e-01 3.581408e-02
9.998105e-01 2.645257e-04 -1.946190e-02 8.051258e+01 -2.596012e-04 9.999999e-01 2.557397e-04 -2.787016e+00 1.946206e-02 -2.506342e-04 9.998105e-01 6.362759e-02
9.992736e-01 1.985209e-04 3.810858e-02 8.115052e+01 -2.026623e-04 1.000000e+00 1.049007e-04 -2.809142e+00 -3.810865e-02 -1.125525e-04 9.992737e-01 7.120479e-02
9.999400e-01 5.612615e-04 -1.093545e-02 8.176952e+01 -5.586808e-04 9.999998e-01 2.393832e-04 -2.831424e+00 1.093567e-02 -2.332547e-04 9.999401e-01 8.141325e-02
9.991662e-01 2.553199e-04 4.082829e-02 8.229396e+01 -2.598911e-04 1.000000e+00 1.067445e-04 -2.851089e+00 -4.082836e-02 -1.172712e-04 9.991662e-01 7.419173e-02
9.999685e-01 6.705296e-04 -7.902181e-03 8.279308e+01 -6.688830e-04 9.999998e-01 2.115118e-04 -2.870435e+00 7.902419e-03 -2.062147e-04 9.999687e-01 6.210426e-02
9.994292e-01 3.521352e-05 3.378356e-02 8.343875e+01 -4.174586e-05 1.000000e+00 1.927699e-04 -2.893494e+00 -3.378365e-02 -1.940750e-04 9.994292e-01 8.733563e-03
9.999030e-01 4.329610e-04 -1.391886e-02 8.402959e+01 -4.305723e-04 9.999999e-01 1.749116e-04 -2.914333e+00 1.391904e-02 -1.688968e-04 9.999031e-01 -9.250816e-02
9.994488e-01 1.585650e-05 3.319918e-02 8.460403e+01 -2.244734e-05 1.000000e+00 1.982755e-04 -2.934648e+00 -3.319928e-02 -1.989163e-04 9.994488e-01 -1.420518e-01
9.997976e-01 2.690624e-04 -2.011632e-02 8.536402e+01 -2.660159e-04 1.000000e+00 1.543310e-04 -2.960190e+00 2.011646e-02 -1.489438e-04 9.997976e-01 -1.634211e-01
9.993795e-01 4.394928e-05 3.522218e-02 8.605912e+01 -5.218579e-05 1.000000e+00 2.330455e-04 -2.983741e+00 -3.522227e-02 -2.347439e-04 9.993795e-01 -2.151897e-01
9.998835e-01 4.358345e-04 -1.525740e-02 8.668212e+01 -4.338070e-04 9.999999e-01 1.364902e-04 -3.005700e+00 1.525756e-02 -1.298507e-04 9.998835e-01 -3.228113e-01
9.995731e-01 -1.660890e-04 2.921854e-02 8.734185e+01 1.596986e-04 1.000000e+00 2.211965e-04 -3.028264e+00 -2.921868e-02 -2.164407e-04 9.995731e-01 -3.983380e-01
9.999525e-01 5.903524e-04 -9.720712e-03 8.792142e+01 -5.891518e-04 9.999998e-01 1.268523e-04 -3.048788e+00 9.720884e-03 -1.211145e-04 9.999527e-01 -4.358780e-01
9.996868e-01 -2.672889e-04 2.502729e-02 8.847640e+01 2.613349e-04 9.999999e-01 2.413522e-04 -3.068247e+00 -2.502745e-02 -2.347409e-04 9.996868e-01 -4.929380e-01
9.999008e-01 4.049503e-04 -1.407514e-02 8.900569e+01 -4.031675e-04 9.999999e-01 1.298363e-04 -3.086455e+00 1.407529e-02 -1.241440e-04 9.999009e-01 -6.287303e-01
9.996411e-01 -1.964951e-04 2.679097e-02 8.966703e+01 1.891019e-04 9.999999e-01 2.786647e-04 -3.108949e+00 -2.679112e-02 -2.735033e-04 9.996411e-01 -8.005955e-01
9.999655e-01 6.386962e-04 -8.272621e-03 9.035543e+01 -6.374979e-04 9.999998e-01 1.480754e-04 -3.132693e+00 8.272813e-03 -1.427917e-04 9.999657e-01 -9.193076e-01
9.995598e-01 -8.000588e-05 2.966960e-02 9.107607e+01 7.106344e-05 1.000000e+00 3.026187e-04 -3.157758e+00 -2.966972e-02 -3.003819e-04 9.995598e-01 -1.035895e+00
9.999460e-01 5.561852e-04 -1.037408e-02 9.185630e+01 -5.547881e-04 9.999998e-01 1.380381e-04 -3.184387e+00 1.037426e-02 -1.322704e-04 9.999461e-01 -1.143821e+00
9.994242e-01 9.666479e-05 3.393313e-02 9.262152e+01 -1.084066e-04 9.999999e-01 3.443359e-04 -3.211047e+00 -3.393319e-02 -3.478211e-04 9.994241e-01 -1.274450e+00
9.999610e-01 5.638466e-04 -8.811874e-03 9.330303e+01 -5.632316e-04 9.999998e-01 7.286338e-05 -3.235187e+00 8.812013e-03 -6.789265e-05 9.999611e-01 -1.378719e+00
9.994648e-01 2.782664e-05 3.271420e-02 9.389099e+01 -3.888785e-05 9.999999e-01 3.376417e-04 -3.256389e+00 -3.271429e-02 -3.387380e-04 9.994647e-01 -1.475421e+00
9.999574e-01 5.914319e-04 -9.209231e-03 9.441460e+01 -5.911021e-04 9.999998e-01 3.912209e-05 -3.275524e+00 9.209352e-03 -3.367209e-05 9.999576e-01 -1.564778e+00
9.993208e-01 1.777303e-04 3.685247e-02 9.496936e+01 -1.914361e-04 9.999999e-01 3.685292e-04 -3.296024e+00 -3.685250e-02 -3.753385e-04 9.993207e-01 -1.633939e+00
9.999276e-01 5.224774e-04 -1.201384e-02 9.573051e+01 -5.217246e-04 9.999999e-01 6.626958e-05 -3.322570e+00 1.201397e-02 -5.999219e-05 9.999278e-01 -1.715646e+00
9.991559e-01 2.718327e-04 4.108035e-02 9.642024e+01 -2.874464e-04 9.999999e-01 3.743121e-04 -3.347177e+00 -4.108034e-02 -3.858093e-04 9.991558e-01 -1.791138e+00
9.999586e-01 6.253447e-04 -9.075976e-03 9.696103e+01 -6.253250e-04 9.999998e-01 5.678849e-06 -3.367778e+00 9.076074e-03 1.445144e-09 9.999588e-01 -1.867771e+00
9.994271e-01 -2.672480e-05 3.384562e-02 9.750733e+01 1.365150e-05 9.999999e-01 3.866722e-04 -3.387769e+00 -3.384573e-02 -3.859933e-04 9.994270e-01 -1.946747e+00
9.999951e-01 1.062345e-03 2.917327e-03 9.796516e+01 -1.062323e-03 9.999994e-01 -1.142655e-05 -3.406063e+00 -2.917243e-03 8.331948e-06 9.999957e-01 -2.015152e+00
9.994069e-01 2.378557e-05 3.443731e-02 9.851840e+01 -3.858872e-05 9.999999e-01 4.293787e-04 -3.427624e+00 -3.443739e-02 -4.304575e-04 9.994068e-01 -2.090066e+00
9.999787e-01 1.132079e-03 6.413365e-03 9.903472e+01 -1.131819e-03 9.999994e-01 -4.519377e-05 -3.448115e+00 -6.413320e-03 3.793853e-05 9.999794e-01 -2.173750e+00
9.995535e-01 -8.304809e-05 2.988239e-02 9.959449e+01 6.978066e-05 9.999999e-01 4.452571e-04 -3.469687e+00 -2.988252e-02 -4.429775e-04 9.995533e-01 -2.227055e+00
9.999971e-01 8.133798e-04 -2.216475e-03 1.002080e+02 -8.135525e-04 9.999997e-01 -7.387409e-05 -3.491979e+00 2.216503e-03 7.568143e-05 9.999975e-01 -2.280234e+00
9.993411e-01 1.056425e-04 3.629817e-02 1.007075e+02 -1.207800e-04 9.999999e-01 4.150332e-04 -3.511433e+00 -3.629821e-02 -4.191481e-04 9.993409e-01 -2.305772e+00
9.999704e-01 6.458600e-04 -7.650596e-03 1.012373e+02 -6.464252e-04 9.999998e-01 -7.045450e-05 -3.531405e+00 7.650635e-03 7.540213e-05 9.999707e-01 -2.371748e+00
9.994192e-01 5.191044e-05 3.408000e-02 1.017312e+02 -6.695778e-05 9.999999e-01 4.406028e-04 -3.549932e+00 -3.408006e-02 -4.426330e-04 9.994190e-01 -2.430288e+00
9.999584e-01 5.798128e-04 -9.097845e-03 1.022288e+02 -5.807140e-04 9.999998e-01 -9.557721e-05 -3.568436e+00 9.097871e-03 1.008605e-04 9.999586e-01 -2.495188e+00
9.993756e-01 7.160123e-05 3.533359e-02 1.027277e+02 -8.704342e-05 9.999999e-01 4.357152e-04 -3.587192e+00 -3.533363e-02 -4.385228e-04 9.993755e-01 -2.548317e+00
9.998826e-01 4.004122e-04 -1.531207e-02 1.032313e+02 -4.018795e-04 9.999999e-01 -9.223934e-05 -3.605465e+00 1.531211e-02 9.838602e-05 9.998827e-01 -2.639321e+00
9.990929e-01 2.704545e-04 4.258562e-02 1.037539e+02 -2.897254e-04 9.999999e-01 4.465316e-04 -3.624947e+00 -4.258558e-02 -4.584686e-04 9.990927e-01 -2.679351e+00
9.998328e-01 3.124915e-04 -1.828119e-02 1.042203e+02 -3.144383e-04 9.999999e-01 -1.031855e-04 -3.642287e+00 1.828124e-02 1.089203e-04 9.998329e-01 -2.742038e+00
9.989265e-01 3.981848e-04 4.632401e-02 1.046713e+02 -4.188612e-04 9.999998e-01 4.368107e-04 -3.659561e+00 -4.632390e-02 -4.557489e-04 9.989264e-01 -2.778107e+00
9.999194e-01 4.916736e-04 -1.267987e-02 1.051488e+02 -4.933158e-04 9.999999e-01 -1.257378e-04 -3.678282e+00 1.267988e-02 1.319864e-04 9.999196e-01 -2.801823e+00
9.984999e-01 7.347068e-04 5.475075e-02 1.055901e+02 -7.652749e-04 9.999996e-01 5.375017e-04 -3.696484e+00 -5.475040e-02 -5.785984e-04 9.984999e-01 -2.837165e+00
9.999333e-01 5.745637e-04 -1.152495e-02 1.060418e+02 -5.763316e-04 9.999998e-01 -1.493265e-04 -3.715133e+00 1.152493e-02 1.559621e-04 9.999336e-01 -2.872041e+00
9.991375e-01 2.844719e-04 4.152583e-02 1.066978e+02 -3.078239e-04 9.999998e-01 5.561645e-04 -3.739010e+00 -4.152573e-02 -5.684708e-04 9.991373e-01 -2.906724e+00
9.999174e-01 4.594225e-04 -1.283604e-02 1.073664e+02 -4.615884e-04 9.999999e-01 -1.650798e-04 -3.763040e+00 1.283603e-02 1.709943e-04 9.999176e-01 -2.980707e+00
9.990937e-01 3.401672e-04 4.256607e-02 1.079495e+02 -3.648200e-04 9.999998e-01 5.716082e-04 -3.784715e+00 -4.256592e-02 -5.866223e-04 9.990935e-01 -3.070339e+00
9.999248e-01 4.969038e-04 -1.224543e-02 1.085776e+02 -4.991221e-04 9.999999e-01 -1.773502e-04 -3.807745e+00 1.224540e-02 1.834518e-04 9.999250e-01 -3.152658e+00
9.992161e-01 2.306407e-04 3.958877e-02 1.092358e+02 -2.550339e-04 9.999998e-01 6.113464e-04 -3.831241e+00 -3.958868e-02 -6.209667e-04 9.992159e-01 -3.235160e+00
9.999704e-01 6.039483e-04 -7.660517e-03 1.098204e+02 -6.059273e-04 9.999998e-01 -2.547878e-04 -3.852996e+00 7.660414e-03 2.594248e-04 9.999706e-01 -3.270748e+00
9.988697e-01 5.546908e-04 4.753154e-02 1.103981e+02 -5.871158e-04 9.999996e-01 6.684201e-04 -3.875376e+00 -4.753120e-02 -6.955738e-04 9.988695e-01 -3.315569e+00
9.999011e-01 3.945082e-04 -1.405078e-02 1.109666e+02 -3.983354e-04 9.999999e-01 -2.688908e-04 -3.896909e+00 1.405072e-02 2.744636e-04 9.999012e-01 -3.405729e+00
9.992605e-01 2.707218e-04 3.845143e-02 1.115465e+02 -2.977761e-04 9.999997e-01 6.981269e-04 -3.917906e+00 -3.845127e-02 -7.090630e-04 9.992602e-01 -3.509517e+00
9.999988e-01 7.897672e-04 -1.246162e-03 1.120619e+02 -7.901596e-04 9.999996e-01 -3.064322e-04 -3.938115e+00 1.245961e-03 3.074187e-04 9.999992e-01 -3.595396e+00
9.993216e-01 2.770152e-04 3.682909e-02 1.126202e+02 -3.046540e-04 9.999997e-01 7.451226e-04 -3.959531e+00 -3.682891e-02 -7.558394e-04 9.993213e-01 -3.672690e+00
9.999994e-01 7.991300e-04 6.197297e-04 1.131095e+02 -7.989214e-04 9.999996e-01 -3.533117e-04 -3.978858e+00 -6.199771e-04 3.528182e-04 9.999997e-01 -3.743708e+00
9.993954e-01 2.015413e-04 3.477100e-02 1.136687e+02 -2.282009e-04 9.999997e-01 7.630493e-04 -4.000136e+00 -3.477087e-02 -7.705245e-04 9.993950e-01 -3.804822e+00
9.999968e-01 9.063640e-04 2.329179e-03 1.142137e+02 -9.055513e-04 9.999995e-01 -3.544706e-04 -4.021236e+00 -2.329471e-03 3.523619e-04 9.999972e-01 -3.876811e+00
9.998323e-01 -3.650144e-04 1.831720e-02 1.148490e+02 3.504009e-04 9.999996e-01 8.015864e-04 -4.043596e+00 -1.831751e-02 -7.950350e-04 9.998319e-01 -3.993725e+00
9.999937e-01 8.784583e-04 3.403706e-03 1.154366e+02 -8.771272e-04 9.999995e-01 -3.956827e-04 -4.064492e+00 -3.404029e-03 3.926961e-04 9.999941e-01 -4.112066e+00
9.997157e-01 -9.861714e-05 2.384734e-02 1.160440e+02 7.939374e-05 9.999997e-01 8.074992e-04 -4.086562e+00 -2.384743e-02 -8.053775e-04 9.997153e-01 -4.168634e+00
9.999585e-01 4.357656e-04 -9.084225e-03 1.167595e+02 -4.395512e-04 9.999998e-01 -4.135355e-04 -4.110781e+00 9.084062e-03 4.175124e-04 9.999587e-01 -4.223511e+00
9.998108e-01 -2.737264e-04 1.945446e-02 1.174723e+02 2.584634e-04 9.999997e-01 7.876165e-04 -4.134578e+00 -1.945468e-02 -7.824403e-04 9.998104e-01 -4.274166e+00
9.999997e-01 6.839222e-04 -6.656616e-05 1.180911e+02 -6.839595e-04 9.999997e-01 -3.970075e-04 -4.156151e+00 6.631129e-05 3.970539e-04 9.999999e-01 -4.348786e+00
9.996737e-01 -7.417076e-05 2.554735e-02 1.185805e+02 5.507343e-05 9.999997e-01 7.486590e-04 -4.174463e+00 -2.554742e-02 -7.470086e-04 9.996733e-01 -4.433466e+00
9.999891e-01 8.362895e-04 4.577360e-03 1.190911e+02 -8.343701e-04 9.999996e-01 -4.236396e-04 -4.193946e+00 -4.577701e-03 4.198164e-04 9.999894e-01 -4.488300e+00
9.996016e-01 6.266588e-05 2.822969e-02 1.196500e+02 -8.453386e-05 9.999997e-01 7.738474e-04 -4.215062e+00 -2.822964e-02 -7.759260e-04 9.996012e-01 -4.501025e+00
9.999965e-01 7.174547e-04 2.505784e-03 1.202004e+02 -7.162944e-04 9.999996e-01 -4.684248e-04 -4.235838e+00 -2.506114e-03 4.666287e-04 9.999968e-01 -4.506801e+00
9.996258e-01 1.435962e-05 2.735965e-02 1.206518e+02 -3.593275e-05 9.999997e-01 7.884245e-04 -4.253366e+00 -2.735963e-02 -7.891128e-04 9.996253e-01 -4.535882e+00
9.999993e-01 6.075205e-04 -9.287856e-04 1.211694e+02 -6.079799e-04 9.999997e-01 -4.821522e-04 -4.272824e+00 9.284917e-04 4.827165e-04 9.999995e-01 -4.588367e+00
9.995239e-01 1.162729e-04 3.085652e-02 1.216686e+02 -1.419834e-04 9.999996e-01 8.314076e-04 -4.291991e+00 -3.085641e-02 -8.353927e-04 9.995235e-01 -4.694692e+00
9.999986e-01 6.871707e-04 1.479446e-03 1.221610e+02 -6.864311e-04 9.999996e-01 -5.082257e-04 -4.311111e+00 -1.479802e-03 5.072091e-04 9.999988e-01 -4.763410e+00
9.999324e-01 -5.230368e-04 1.162163e-02 1.227755e+02 5.137152e-04 9.999995e-01 8.060549e-04 -4.332342e+00 -1.162204e-02 -8.000297e-04 9.999321e-01 -4.830656e+00
9.999996e-01 6.436748e-04 -3.297364e-04 1.234107e+02 -6.438644e-04 9.999996e-01 -5.398628e-04 -4.353973e+00 3.293794e-04 5.400744e-04 9.999998e-01 -4.850301e+00
9.999832e-01 -7.083463e-04 5.775763e-03 1.240182e+02 7.039402e-04 9.999995e-01 7.668503e-04 -4.374147e+00 -5.776293e-03 -7.627711e-04 9.999830e-01 -4.947383e+00
9.999929e-01 4.756127e-04 -3.703065e-03 1.244372e+02 -4.778001e-04 9.999997e-01 -5.867203e-04 -4.388369e+00 3.702775e-03 5.884850e-04 9.999930e-01 -5.119864e+00
9.998764e-01 -3.711223e-04 1.572640e-02 1.248857e+02 3.583531e-04 9.999996e-01 8.155084e-04 -4.404351e+00 -1.572669e-02 -8.097714e-04 9.998760e-01 -5.192033e+00
9.999015e-01 2.643551e-04 -1.402728e-02 1.254311e+02 -2.735350e-04 9.999997e-01 -6.516972e-04 -4.422381e+00 1.402710e-02 6.554693e-04 9.999014e-01 -5.224977e+00
9.997066e-01 -1.940368e-04 2.422352e-02 1.258917e+02 1.729824e-04 9.999996e-01 8.717417e-04 -4.438513e+00 -2.422367e-02 -8.672950e-04 9.997062e-01 -5.234008e+00
9.998357e-01 5.527871e-05 -1.811900e-02 1.261285e+02 -6.494478e-05 9.999999e-01 -5.322537e-04 -4.446695e+00 1.811896e-02 5.333422e-04 9.998357e-01 -5.449022e+00
9.999108e-01 -6.077745e-04 1.334759e-02 1.262674e+02 5.993660e-04 9.999996e-01 6.348098e-04 -4.451065e+00 -1.334796e-02 -6.267524e-04 9.999107e-01 -5.794869e+00
9.998307e-01 1.560204e-04 -1.839345e-02 1.263860e+02 -1.652459e-04 9.999999e-01 -4.994283e-04 -4.454711e+00 1.839336e-02 5.023825e-04 9.998307e-01 -6.110583e+00
9.999915e-01 -4.378965e-04 4.117464e-03 1.266821e+02 4.349030e-04 9.999996e-01 7.306678e-04 -4.464641e+00 -4.117772e-03 -7.288703e-04 9.999913e-01 -6.238824e+00
9.997846e-01 1.654852e-04 -2.075013e-02 1.270712e+02 -1.757616e-04 9.999999e-01 -4.928747e-04 -4.477340e+00 2.075004e-02 4.964151e-04 9.997846e-01 -6.281416e+00
9.999952e-01 -2.859838e-04 -3.120996e-03 1.274558e+02 2.889772e-04 9.999995e-01 9.550610e-04 -4.489712e+00 3.120728e-03 -9.559579e-04 9.999947e-01 -6.333023e+00
9.998090e-01 1.384323e-04 -1.954064e-02 1.278065e+02 -1.493352e-04 9.999998e-01 -5.559235e-04 -4.501147e+00 1.954055e-02 5.587351e-04 9.998089e-01 -6.426689e+00
1.000000e+00 -2.405872e-04 -4.135174e-04 1.281971e+02 2.410058e-04 9.999995e-01 9.851268e-04 -4.513707e+00 4.132827e-04 -9.852262e-04 9.999994e-01 -6.414238e+00
9.998188e-01 4.494904e-05 -1.902946e-02 1.285391e+02 -5.781023e-05 9.999998e-01 -6.747116e-04 -4.524959e+00 1.902943e-02 6.756894e-04 9.998187e-01 -6.469278e+00
9.999987e-01 -1.591480e-04 -1.691693e-03 1.289030e+02 1.609431e-04 9.999994e-01 1.054366e-03 -4.536875e+00 1.691523e-03 -1.054637e-03 9.999980e-01 -6.508743e+00
9.999558e-01 4.387205e-05 -9.391781e-03 1.293876e+02 -5.137782e-05 9.999997e-01 -7.977412e-04 -4.552753e+00 9.391746e-03 7.981886e-04 9.999556e-01 -6.495413e+00
1.000000e+00 -3.523142e-04 -2.156464e-05 1.299575e+02 3.523465e-04 9.999995e-01 9.801433e-04 -4.571214e+00 2.121573e-05 -9.801511e-04 9.999995e-01 -6.515881e+00
9.999483e-01 5.329500e-05 -1.015814e-02 1.305118e+02 -6.145078e-05 9.999997e-01 -8.014632e-04 -4.589138e+00 1.015810e-02 8.020463e-04 9.999481e-01 -6.525543e+00
9.999970e-01 -2.854396e-04 -2.475439e-03 1.310554e+02 2.880509e-04 9.999994e-01 1.050034e-03 -4.606683e+00 2.475132e-03 -1.050744e-03 9.999964e-01 -6.535434e+00
9.999449e-01 -7.243895e-05 -1.048630e-02 1.314829e+02 6.347085e-05 9.999996e-01 -8.544839e-04 -4.620447e+00 1.048637e-02 8.537717e-04 9.999447e-01 -6.777453e+00
9.999884e-01 -2.381024e-04 -4.830921e-03 1.319157e+02 2.432501e-04 9.999994e-01 1.062721e-03 -4.634429e+00 4.830657e-03 -1.063884e-03 9.999878e-01 -6.933605e+00
9.999748e-01 -1.799415e-04 -7.077416e-03 1.321820e+02 1.735192e-04 9.999996e-01 -9.064770e-04 -4.643041e+00 7.077586e-03 9.052267e-04 9.999745e-01 -7.211314e+00
9.999885e-01 -3.745144e-04 -4.812220e-03 1.325468e+02 3.793451e-04 9.999994e-01 1.000682e-03 -4.654983e+00 4.811832e-03 -1.002496e-03 9.999879e-01 -7.478444e+00
9.999745e-01 -1.395110e-04 -7.127746e-03 1.328348e+02 1.331767e-04 9.999996e-01 -8.876020e-04 -4.664254e+00 7.127879e-03 8.866308e-04 9.999742e-01 -7.799222e+00
