9.995279e-01 3.891497e-04 3.072305e-02 -1.330991e-02 -3.783591e-04 9.999999e-01 -3.570334e-04 -4.174253e-03 -3.072319e-02 3.452401e-04 9.995280e-01 1.413192e-01
9.998718e-01 3.076325e-04 1.601190e-02 1.802567e-02 -3.037089e-04 9.999999e-01 -2.474754e-04 -1.053201e-02 -1.601197e-02 2.425811e-04 9.998717e-01 2.344929e-01
9.996096e-01 3.539306e-04 2.793906e-02 6.610384e-02 -3.444791e-04 9.999999e-01 -3.431042e-04 -1.741198e-02 -2.793919e-02 3.333455e-04 9.996097e-01 3.713334e-01
9.999299e-01 2.809102e-04 1.183711e-02 1.291168e-01 -2.790682e-04 9.999999e-01 -1.572656e-04 -2.423011e-02 -1.183714e-02 1.539515e-04 9.999298e-01 4.902898e-01
9.995405e-01 3.136389e-04 3.030929e-02 1.661181e-01 -3.030340e-04 9.999999e-01 -3.544800e-04 -3.057860e-02 -3.030942e-02 3.451321e-04 9.995406e-01 6.302558e-01
9.998149e-01 4.431023e-04 1.923307e-02 1.938670e-01 -4.378601e-04 9.999999e-01 -2.767733e-04 -3.684757e-02 -1.923316e-02 2.683009e-04 9.998149e-01 6.851540e-01
9.995275e-01 3.167135e-04 3.073706e-02 2.648656e-01 -3.057181e-04 9.999999e-01 -3.624253e-04 -4.433753e-02 -3.073720e-02 3.528570e-04 9.995275e-01 7.421427e-01
9.998388e-01 4.202297e-04 1.794736e-02 3.150024e-01 -4.155660e-04 9.999999e-01 -2.635839e-04 -5.093757e-02 -1.794743e-02 2.560832e-04 9.998388e-01 7.595571e-01
9.994139e-01 4.123526e-04 3.422999e-02 3.519935e-01 -3.998580e-04 9.999999e-01 -3.718642e-04 -5.754434e-02 -3.423017e-02 3.579591e-04 9.994140e-01 8.044524e-01
9.999356e-01 2.934136e-04 1.134544e-02 3.911062e-01 -2.909015e-04 9.999999e-01 -2.230608e-04 -6.373780e-02 -1.134547e-02 2.197460e-04 9.999355e-01 8.498102e-01
9.994411e-01 4.323217e-04 3.342589e-02 4.558818e-01 -4.207141e-04 9.999998e-01 -3.542960e-04 -7.047732e-02 -3.342608e-02 3.400353e-04 9.994412e-01 8.685800e-01
9.999738e-01 1.531524e-04 7.231447e-03 4.883663e-01 -1.516652e-04 1.000000e+00 -2.062108e-04 -7.570949e-02 -7.231427e-03 2.051085e-04 9.999737e-01 8.449436e-01
9.993926e-01 4.610594e-04 3.484538e-02 4.857095e-01 -4.485972e-04 9.999998e-01 -3.654604e-04 -7.975593e-02 -3.484560e-02 3.496070e-04 9.993927e-01 7.735933e-01
9.999500e-01 2.602469e-04 9.992958e-03 4.909873e-01 -2.585007e-04 1.000000e+00 -1.760318e-04 -8.422787e-02 -9.992945e-03 1.734397e-04 9.999500e-01 7.151496e-01
9.993671e-01 5.008140e-04 3.557013e-02 5.727594e-01 -4.881655e-04 9.999998e-01 -3.642783e-04 -9.121964e-02 -3.557037e-02 3.466838e-04 9.993672e-01 6.670374e-01
9.999835e-01 1.661051e-04 5.735201e-03 6.543235e-01 -1.648992e-04 1.000000e+00 -2.107220e-04 -9.787461e-02 -5.735170e-03 2.097726e-04 9.999834e-01 6.570855e-01
9.996194e-01 3.178852e-04 2.758712e-02 7.310940e-01 -3.102531e-04 9.999999e-01 -2.809358e-04 -1.037835e-01 -2.758727e-02 2.722700e-04 9.996194e-01 6.293181e-01
9.999597e-01 3.057961e-04 8.969425e-03 9.106364e-01 -3.040361e-04 9.999999e-01 -1.975708e-04 -1.133022e-01 -8.969414e-03 1.948356e-04 9.999597e-01 6.488969e-01
9.995274e-01 3.314601e-04 3.073987e-02 1.010959e+00 -3.220883e-04 9.999999e-01 -3.098294e-04 -1.203983e-01 -3.074004e-02 2.997822e-04 9.995275e-01 6.206323e-01
9.999709e-01 2.782155e-04 7.624775e-03 1.056013e+00 -2.767294e-04 9.999999e-01 -1.959515e-04 -1.254929e-01 -7.624754e-03 1.938356e-04 9.999708e-01 5.496140e-01
9.996349e-01 2.697556e-04 2.701740e-02 1.218047e+00 -2.630321e-04 9.999999e-01 -2.524172e-04 -1.341652e-01 -2.701754e-02 2.452188e-04 9.996350e-01 5.460790e-01
9.999867e-01 3.273924e-04 5.145593e-03 1.505774e+00 -3.265670e-04 9.999999e-01 -1.612226e-04 -1.468567e-01 -5.145566e-03 1.595398e-04 9.999867e-01 6.259476e-01
9.998169e-01 1.191099e-04 1.913660e-02 1.943207e+00 -1.163805e-04 1.000000e+00 -1.437500e-04 -1.636169e-01 -1.913670e-02 1.414968e-04 9.998169e-01 6.964096e-01
9.998977e-01 4.474634e-04 1.429439e-02 2.229937e+00 -4.436312e-04 9.999999e-01 -2.712464e-04 -1.762045e-01 -1.429443e-02 2.648770e-04 9.998977e-01 7.185749e-01
9.998532e-01 1.237474e-04 1.713243e-02 2.507596e+00 -1.217144e-04 1.000000e+00 -1.197156e-04 -1.885422e-01 -1.713253e-02 1.176130e-04 9.998533e-01 7.526715e-01
9.999916e-01 2.572204e-04 4.088056e-03 2.875333e+00 -2.567389e-04 1.000000e+00 -1.182515e-04 -2.029057e-01 -4.088001e-03 1.172006e-04 9.999916e-01 7.780458e-01
9.999954e-01 -7.522398e-05 3.041238e-03 3.211599e+00 7.528295e-05 1.000000e+00 -1.933660e-05 -2.149502e-01 -3.041323e-03 1.956577e-05 9.999955e-01 7.821055e-01
9.999757e-01 3.798645e-04 6.955260e-03 3.575593e+00 -3.790203e-04 9.999999e-01 -1.226697e-04 -2.283303e-01 -6.955219e-03 1.200303e-04 9.999757e-01 7.540088e-01
9.999674e-01 -7.231490e-05 8.079683e-03 3.928856e+00 7.304530e-05 1.000000e+00 -9.012764e-05 -2.418388e-01 -8.079764e-03 9.071518e-05 9.999674e-01 7.611513e-01
9.999900e-01 3.125714e-04 4.445426e-03 4.320484e+00 -3.124566e-04 1.000000e+00 -2.648962e-05 -2.562764e-01 -4.445346e-03 2.510008e-05 9.999900e-01 8.202488e-01
1.000000e+00 -1.200809e-04 1.177448e-04 4.674672e+00 1.200836e-04 1.000000e+00 -2.491256e-05 -2.688242e-01 -1.178302e-04 2.492699e-05 1.000000e+00 9.443018e-01
9.999989e-01 2.348911e-04 1.469970e-03 5.007737e+00 -2.348524e-04 1.000000e+00 -2.635268e-05 -2.806260e-01 -1.469888e-03 2.600715e-05 9.999988e-01 1.001142e+00
9.999923e-01 -2.656411e-05 3.920238e-03 5.401507e+00 2.673452e-05 1.000000e+00 -4.346401e-05 -2.945328e-01 -3.920326e-03 4.356876e-05 9.999924e-01 1.175522e+00
9.999889e-01 2.403655e-04 4.709914e-03 5.731824e+00 -2.403297e-04 1.000000e+00 -8.140759e-06 -3.067710e-01 -4.709827e-03 7.008473e-06 9.999888e-01 1.311373e+00
9.999876e-01 -1.808478e-04 -4.974735e-03 6.118598e+00 1.806643e-04 1.000000e+00 -3.729708e-05 -3.203757e-01 4.974653e-03 3.639814e-05 9.999877e-01 1.354336e+00
9.999972e-01 2.423742e-04 2.336787e-03 6.510756e+00 -2.423746e-04 1.000000e+00 -2.925202e-08 -3.341807e-01 -2.336698e-03 -5.373888e-07 9.999972e-01 1.454818e+00
9.999888e-01 -1.655680e-04 -4.733372e-03 6.872068e+00 1.654572e-04 1.000000e+00 -2.376655e-05 -3.470274e-01 4.733287e-03 2.298340e-05 9.999889e-01 1.573049e+00
9.999930e-01 2.451210e-04 3.732130e-03 7.254225e+00 -2.450833e-04 1.000000e+00 -1.050941e-05 -3.605468e-01 -3.732043e-03 9.594396e-06 9.999930e-01 1.700099e+00
9.999937e-01 -1.506407e-04 -3.565289e-03 7.660149e+00 1.505217e-04 1.000000e+00 -3.359146e-05 -3.747847e-01 3.565205e-03 3.305487e-05 9.999937e-01 1.771511e+00
9.999948e-01 2.026663e-04 3.201051e-03 7.952852e+00 -2.027599e-04 1.000000e+00 2.899412e-05 -3.855813e-01 -3.200957e-03 -2.964327e-05 9.999948e-01 1.904791e+00
9.999801e-01 -1.688630e-04 -6.311457e-03 8.280808e+00 1.685358e-04 1.000000e+00 -5.234062e-05 -3.974552e-01 6.311377e-03 5.127615e-05 9.999802e-01 1.987738e+00
9.999641e-01 3.191045e-04 8.464628e-03 8.725274e+00 -3.188267e-04 9.999999e-01 -3.414803e-05 -4.127091e-01 -8.464550e-03 3.144780e-05 9.999641e-01 2.040826e+00
9.999734e-01 -1.817642e-04 -7.298958e-03 9.136049e+00 1.816291e-04 1.000000e+00 -1.914855e-05 -4.270041e-01 7.298873e-03 1.782261e-05 9.999734e-01 2.118844e+00
9.999239e-01 3.460026e-04 1.232675e-02 9.550592e+00 -3.454647e-04 9.999999e-01 -4.574779e-05 -4.414698e-01 -1.232668e-02 4.148560e-05 9.999239e-01 2.130121e+00
9.999590e-01 -2.643726e-04 -9.059301e-03 9.840133e+00 2.645933e-04 1.000000e+00 2.318547e-05 -4.520631e-01 9.059205e-03 -2.558127e-05 9.999590e-01 2.122529e+00
9.998936e-01 4.243968e-04 1.458005e-02 1.026439e+01 -4.234042e-04 9.999999e-01 -7.115284e-05 -4.668864e-01 -1.457999e-02 6.497177e-05 9.998936e-01 2.110517e+00
9.998941e-01 -3.642353e-04 -1.454849e-02 1.061535e+01 3.647885e-04 9.999999e-01 3.538261e-05 -4.793925e-01 1.454839e-02 -4.068572e-05 9.998942e-01 2.150193e+00
9.998925e-01 4.314659e-04 1.465250e-02 1.088424e+01 -4.312772e-04 9.999999e-01 -1.602598e-05 -4.894559e-01 -1.465242e-02 9.704735e-06 9.998926e-01 2.272236e+00
9.999409e-01 -3.387838e-04 -1.086798e-02 1.102230e+01 3.391155e-04 9.999999e-01 2.869498e-05 -4.951321e-01 1.086788e-02 -3.237853e-05 9.999410e-01 2.319463e+00
9.999521e-01 2.769058e-04 9.777300e-03 1.127299e+01 -2.769637e-04 1.000000e+00 4.583052e-06 -5.044617e-01 -9.777209e-03 -7.291022e-06 9.999521e-01 2.205369e+00
9.999119e-01 -3.830884e-04 -1.326946e-02 1.163185e+01 3.817496e-04 9.999999e-01 -1.034096e-04 -5.171049e-01 1.326941e-02 9.833517e-05 9.999120e-01 2.126602e+00
9.999115e-01 3.710294e-04 1.329640e-02 1.202590e+01 -3.722016e-04 9.999999e-01 8.570031e-05 -5.313585e-01 -1.329628e-02 -9.064192e-05 9.999115e-01 1.999020e+00
9.999690e-01 -2.047672e-04 -7.878403e-03 1.246490e+01 2.041526e-04 1.000000e+00 -7.879242e-05 -5.467623e-01 7.878330e-03 7.718183e-05 9.999690e-01 1.883672e+00
9.998912e-01 4.251857e-04 1.474085e-02 1.288424e+01 -4.260170e-04 9.999999e-01 5.326639e-05 -5.615905e-01 -1.474074e-02 -5.954067e-05 9.998913e-01 1.962655e+00
9.998999e-01 -3.610650e-04 -1.414473e-02 1.306564e+01 3.607090e-04 9.999999e-01 -2.770982e-05 -5.689632e-01 1.414465e-02 2.260517e-05 9.999000e-01 2.139287e+00
9.999020e-01 3.668044e-04 1.399481e-02 1.318817e+01 -3.676251e-04 9.999999e-01 5.608504e-05 -5.746160e-01 -1.399470e-02 -6.122460e-05 9.999020e-01 2.277731e+00
9.999426e-01 -2.080965e-04 -1.071411e-02 1.356107e+01 2.073307e-04 1.000000e+00 -7.256578e-05 -5.878099e-01 1.071403e-02 7.034048e-05 9.999427e-01 2.399006e+00
9.999285e-01 3.326003e-04 1.194702e-02 1.394273e+01 -3.331022e-04 9.999999e-01 4.003545e-05 -6.012527e-01 -1.194691e-02 -4.401237e-05 9.999286e-01 2.548015e+00
9.999149e-01 -2.474969e-04 -1.304208e-02 1.433980e+01 2.467733e-04 1.000000e+00 -5.708075e-05 -6.152159e-01 1.304200e-02 5.385768e-05 9.999150e-01 2.677580e+00
9.999412e-01 1.798812e-04 1.084401e-02 1.464045e+01 -1.800079e-04 1.000000e+00 1.072287e-05 -6.262603e-01 -1.084392e-02 -1.267447e-05 9.999411e-01 2.694532e+00
9.999440e-01 -1.492148e-04 -1.058086e-02 1.489087e+01 1.493136e-04 1.000000e+00 8.563203e-06 -6.356480e-01 1.058077e-02 -1.014236e-05 9.999441e-01 2.744068e+00
9.999604e-01 1.385994e-04 8.890714e-03 1.523498e+01 -1.383052e-04 1.000000e+00 -3.368843e-05 -6.481769e-01 -8.890629e-03 3.245724e-05 9.999604e-01 2.807265e+00
9.999553e-01 -1.097782e-04 -9.457140e-03 1.572404e+01 1.096697e-04 1.000000e+00 -1.197044e-05 -6.653308e-01 9.457051e-03 1.093297e-05 9.999554e-01 2.821414e+00
9.999491e-01 1.531274e-04 1.008804e-02 1.610437e+01 -1.531370e-04 1.000000e+00 1.990115e-07 -6.788505e-01 -1.008795e-02 -1.744074e-06 9.999490e-01 2.800352e+00
9.999491e-01 -1.077829e-04 -1.009422e-02 1.655415e+01 1.075036e-04 1.000000e+00 -2.819826e-05 -6.947035e-01 1.009414e-02 2.711189e-05 9.999491e-01 2.836752e+00
9.998844e-01 3.324249e-04 1.519630e-02 1.702326e+01 -3.323216e-04 9.999999e-01 -9.314858e-06 -7.109054e-01 -1.519621e-02 4.263520e-06 9.998845e-01 2.979314e+00
9.999803e-01 -9.157577e-05 -6.278400e-03 1.746092e+01 9.103290e-05 1.000000e+00 -8.672711e-05 -7.263295e-01 6.278317e-03 8.615407e-05 9.999804e-01 3.092519e+00
9.998154e-01 4.259653e-04 1.920623e-02 1.792106e+01 -4.249028e-04 9.999999e-01 -5.939632e-05 -7.427804e-01 -1.920616e-02 5.122440e-05 9.998155e-01 3.259054e+00
9.999636e-01 -1.209767e-04 -8.530187e-03 1.844235e+01 1.205180e-04 1.000000e+00 -5.426793e-05 -7.608509e-01 8.530102e-03 5.323812e-05 9.999637e-01 3.378963e+00
9.998527e-01 4.080617e-04 1.715602e-02 1.890402e+01 -4.076746e-04 9.999999e-01 -2.605103e-05 -7.770249e-01 -1.715594e-02 1.905295e-05 9.998528e-01 3.512217e+00
9.998639e-01 -2.727715e-04 -1.649833e-02 1.935579e+01 2.728414e-04 1.000000e+00 1.992453e-06 -7.926844e-01 1.649823e-02 -6.493411e-06 9.998640e-01 3.659343e+00
9.998345e-01 4.110942e-04 1.818684e-02 1.973381e+01 -4.109085e-04 9.999999e-01 -1.394069e-05 -8.060920e-01 -1.818676e-02 6.465088e-06 9.998345e-01 3.805693e+00
9.998547e-01 -2.798625e-04 -1.704545e-02 2.021366e+01 2.793297e-04 1.000000e+00 -3.362699e-05 -8.227139e-01 1.704536e-02 2.886099e-05 9.998548e-01 3.927587e+00
9.997933e-01 5.238937e-04 2.032441e-02 2.083791e+01 -5.229724e-04 9.999999e-01 -5.063920e-05 -8.436535e-01 -2.032434e-02 3.999948e-05 9.997934e-01 4.067966e+00
9.998359e-01 -3.215332e-04 -1.811620e-02 2.138628e+01 3.213885e-04 9.999999e-01 -1.088776e-05 -8.622013e-01 1.811611e-02 5.063808e-06 9.998360e-01 4.221545e+00
9.997694e-01 5.024220e-04 2.146620e-02 2.191250e+01 -5.015069e-04 9.999999e-01 -4.801041e-05 -8.802323e-01 -2.146613e-02 3.723376e-05 9.997695e-01 4.280489e+00
9.997771e-01 -4.063782e-04 -2.111068e-02 2.249391e+01 4.062443e-04 9.999999e-01 -1.062646e-05 -9.001823e-01 2.111059e-02 2.048179e-06 9.997772e-01 4.337751e+00
9.996670e-01 6.500031e-04 2.579414e-02 2.304233e+01 -6.491525e-04 9.999998e-01 -4.134518e-05 -9.187643e-01 -2.579407e-02 2.458696e-05 9.996672e-01 4.432837e+00
9.997743e-01 -5.001155e-04 -2.124279e-02 2.336556e+01 5.007184e-04 9.999999e-01 2.306522e-05 -9.304538e-01 2.124269e-02 -3.369651e-05 9.997744e-01 4.511671e+00
9.997605e-01 5.583570e-04 2.187443e-02 2.385195e+01 -5.569297e-04 9.999998e-01 -7.134007e-05 -9.474335e-01 -2.187437e-02 5.914036e-05 9.997607e-01 4.518213e+00
9.997775e-01 -4.726112e-04 -2.108971e-02 2.435692e+01 4.729107e-04 9.999999e-01 9.215495e-06 -9.649137e-01 2.108961e-02 -1.918683e-05 9.997777e-01 4.540184e+00
9.997446e-01 5.610935e-04 2.258998e-02 2.472594e+01 -5.602750e-04 9.999998e-01 -4.255537e-05 -9.779616e-01 -2.258991e-02 2.988779e-05 9.997447e-01 4.568991e+00
9.996487e-01 -5.611841e-04 -2.649777e-02 2.507460e+01 5.610792e-04 9.999998e-01 -1.139135e-05 -9.903582e-01 2.649768e-02 -3.479830e-06 9.996489e-01 4.621946e+00
9.996685e-01 5.912805e-04 2.574052e-02 2.537302e+01 -5.909164e-04 9.999998e-01 -2.174517e-05 -1.001154e+00 -2.574044e-02 6.527346e-06 9.996686e-01 4.620438e+00
9.996401e-01 -6.135224e-04 -2.681930e-02 2.550191e+01 6.142122e-04 9.999998e-01 1.748626e-05 -1.006282e+00 2.681919e-02 -3.395253e-05 9.996404e-01 4.559626e+00
9.997160e-01 5.555802e-04 2.382289e-02 2.580254e+01 -5.540118e-04 9.999998e-01 -7.242942e-05 -1.017223e+00 -2.382283e-02 5.921057e-05 9.997161e-01 4.611635e+00
9.996154e-01 -6.510571e-04 -2.772700e-02 2.608981e+01 6.508174e-04 9.999998e-01 -1.766493e-05 -1.027599e+00 2.772692e-02 -3.868927e-07 9.996156e-01 4.592761e+00
9.996771e-01 6.119667e-04 2.540317e-02 2.645965e+01 -6.107118e-04 9.999998e-01 -5.715306e-05 -1.040753e+00 -2.540311e-02 4.162045e-05 9.996772e-01 4.579742e+00
9.996816e-01 -5.113696e-04 -2.522902e-02 2.695049e+01 5.114400e-04 9.999999e-01 -3.656809e-06 -1.057801e+00 2.522893e-02 -9.247302e-06 9.996818e-01 4.635600e+00
9.996159e-01 6.660747e-04 2.770358e-02 2.739788e+01 -6.651708e-04 9.999998e-01 -4.183834e-05 -1.073384e+00 -2.770351e-02 2.339453e-05 9.996161e-01 4.738984e+00
9.996547e-01 -5.211544e-04 -2.627381e-02 2.777814e+01 5.211855e-04 9.999999e-01 -5.659487e-06 -1.086709e+00 2.627371e-02 -8.035818e-06 9.996549e-01 4.866397e+00
9.996790e-01 5.049265e-04 2.532801e-02 2.811790e+01 -5.043817e-04 9.999999e-01 -2.789448e-05 -1.099081e+00 -2.532793e-02 1.511041e-05 9.996791e-01 4.917520e+00
9.996395e-01 -5.849907e-04 -2.684222e-02 2.837303e+01 5.851656e-04 9.999998e-01 -1.334507e-06 -1.108608e+00 2.684212e-02 -1.437293e-05 9.996398e-01 4.854363e+00
9.996472e-01 5.477754e-04 2.655431e-02 2.844862e+01 -5.489049e-04 9.999998e-01 3.525110e-05 -1.112070e+00 -2.655419e-02 -4.981459e-05 9.996473e-01 4.771821e+00
9.996360e-01 -5.602459e-04 -2.697420e-02 2.870092e+01 5.590851e-04 9.999998e-01 -5.056803e-05 -1.121579e+00 2.697413e-02 3.546893e-05 9.996362e-01 4.786123e+00
9.995319e-01 7.397632e-04 3.058330e-02 2.912933e+01 -7.404892e-04 9.999997e-01 1.241418e-05 -1.136503e+00 -3.058319e-02 -3.505509e-05 9.995322e-01 4.860986e+00
9.995750e-01 -6.370763e-04 -2.914676e-02 2.950694e+01 6.358931e-04 9.999998e-01 -4.986024e-05 -1.149919e+00 2.914669e-02 3.130500e-05 9.995752e-01 4.943742e+00
9.994646e-01 7.793228e-04 3.270919e-02 2.989126e+01 -7.803358e-04 9.999997e-01 1.820831e-05 -1.163514e+00 -3.270908e-02 -4.372282e-05 9.994648e-01 4.997527e+00
9.996225e-01 -5.682309e-04 -2.747011e-02 3.035025e+01 5.665654e-04 9.999998e-01 -6.840575e-05 -1.179443e+00 2.747005e-02 5.281646e-05 9.996227e-01 5.097634e+00
9.995202e-01 7.576917e-04 3.096488e-02 3.092436e+01 -7.578879e-04 9.999997e-01 -5.398984e-06 -1.198991e+00 -3.096478e-02 -1.807161e-05 9.995204e-01 5.173665e+00
9.995833e-01 -6.152015e-04 -2.886025e-02 3.141812e+01 6.136830e-04 9.999998e-01 -6.147189e-05 -1.216043e+00 2.886019e-02 4.373538e-05 9.995835e-01 5.241071e+00
9.994637e-01 8.165419e-04 3.273652e-02 3.193619e+01 -8.168621e-04 9.999997e-01 -3.589213e-06 -1.233802e+00 -3.273642e-02 -2.315402e-05 9.994639e-01 5.337069e+00
9.996183e-01 -5.782153e-04 -2.762050e-02 3.250083e+01 5.768201e-04 9.999998e-01 -5.847658e-05 -1.252953e+00 2.762044e-02 4.252233e-05 9.996185e-01 5.400509e+00
9.995922e-01 6.712895e-04 2.854644e-02 3.284677e+01 -6.728964e-04 9.999998e-01 4.668814e-05 -1.265382e+00 -2.854630e-02 -6.587797e-05 9.995924e-01 5.514837e+00
9.996785e-01 -5.031708e-04 -2.535367e-02 3.323472e+01 5.014703e-04 9.999999e-01 -7.342751e-05 -1.279056e+00 2.535361e-02 6.068990e-05 9.996786e-01 5.619091e+00
9.995138e-01 7.723224e-04 3.116864e-02 3.373286e+01 -7.739727e-04 9.999997e-01 4.088527e-05 -1.296160e+00 -3.116850e-02 -6.498912e-05 9.995141e-01 5.733045e+00
9.999078e-01 -4.113959e-04 -1.357274e-02 3.412471e+01 4.090318e-04 9.999999e-01 -1.769504e-04 -1.310580e+00 1.357271e-02 1.713825e-04 9.999079e-01 5.875713e+00
9.997610e-01 6.896532e-04 2.184947e-02 3.453660e+01 -6.932098e-04 9.999997e-01 1.552085e-04 -1.325027e+00 -2.184926e-02 -1.703177e-04 9.997612e-01 5.968955e+00
9.997621e-01 -5.755734e-04 -2.180631e-02 3.500141e+01 5.715770e-04 9.999998e-01 -1.894960e-04 -1.341166e+00 2.180632e-02 1.769870e-04 9.997623e-01 6.106469e+00
9.996820e-01 8.091101e-04 2.520199e-02 3.554660e+01 -8.124503e-04 9.999997e-01 1.223027e-04 -1.359685e+00 -2.520179e-02 -1.427392e-04 9.996823e-01 6.261898e+00
9.999021e-01 -5.005504e-04 -1.398587e-02 3.603867e+01 4.975022e-04 9.999999e-01 -2.214259e-04 -1.376779e+00 1.398589e-02 2.144462e-04 9.999022e-01 6.396178e+00
9.996484e-01 8.575873e-04 2.649897e-02 3.650890e+01 -8.610256e-04 9.999996e-01 1.183409e-04 -1.393397e+00 -2.649876e-02 -1.411156e-04 9.996488e-01 6.479606e+00
9.998439e-01 -5.462458e-04 -1.766104e-02 3.703262e+01 5.429785e-04 9.999998e-01 -1.897975e-04 -1.411313e+00 1.766105e-02 1.801784e-04 9.998441e-01 6.592591e+00
9.995883e-01 9.179182e-04 2.867750e-02 3.743725e+01 -9.223752e-04 9.999996e-01 1.421913e-04 -1.425607e+00 -2.867726e-02 -1.685842e-04 9.995886e-01 6.741694e+00
9.996905e-01 -7.121403e-04 -2.487064e-02 3.786922e+01 7.077534e-04 9.999997e-01 -1.851925e-04 -1.440671e+00 2.487067e-02 1.675329e-04 9.996907e-01 6.882038e+00
9.995535e-01 9.169510e-04 2.986301e-02 3.832600e+01 -9.217529e-04 9.999996e-01 1.470352e-04 -1.456470e+00 -2.986277e-02 -1.744958e-04 9.995539e-01 6.917769e+00
9.999086e-01 -5.902037e-04 -1.350831e-02 3.868923e+01 5.865555e-04 9.999998e-01 -2.740333e-04 -1.470068e+00 1.350837e-02 2.660848e-04 9.999088e-01 7.016846e+00
9.995355e-01 9.502716e-04 3.046127e-02 3.908147e+01 -9.541279e-04 9.999995e-01 1.120607e-04 -1.484644e+00 -3.046105e-02 -1.410725e-04 9.995359e-01 7.017311e+00
9.998834e-01 -5.702656e-04 -1.526387e-02 3.951471e+01 5.666538e-04 9.999998e-01 -2.409512e-04 -1.500409e+00 1.526391e-02 2.322737e-04 9.998835e-01 7.136916e+00
9.997788e-01 7.829725e-04 2.101709e-02 3.993239e+01 -7.875559e-04 9.999997e-01 2.097994e-04 -1.515104e+00 -2.101682e-02 -2.263050e-04 9.997790e-01 7.238609e+00
9.999503e-01 -5.065588e-04 -9.960830e-03 4.044559e+01 5.036238e-04 9.999998e-01 -2.971592e-04 -1.532956e+00 9.960881e-03 2.921279e-04 9.999504e-01 7.274376e+00
9.999000e-01 6.667892e-04 1.412118e-02 4.098966e+01 -6.703885e-04 9.999997e-01 2.501525e-04 -1.551633e+00 -1.412091e-02 -2.595940e-04 9.999002e-01 7.238391e+00
9.999643e-01 -4.227253e-04 -8.441491e-03 4.167686e+01 4.201808e-04 9.999999e-01 -3.032077e-04 -1.574807e+00 8.441520e-03 2.996498e-04 9.999644e-01 7.218809e+00
9.999149e-01 6.600841e-04 1.302597e-02 4.228591e+01 -6.632512e-04 9.999998e-01 2.388178e-04 -1.595405e+00 -1.302571e-02 -2.474369e-04 9.999151e-01 7.283070e+00
9.999632e-01 -4.225949e-04 -8.567877e-03 4.286844e+01 4.199504e-04 9.999999e-01 -3.104541e-04 -1.615122e+00 8.567909e-03 3.068445e-04 9.999633e-01 7.388497e+00
9.999173e-01 6.185528e-04 1.284166e-02 4.337939e+01 -6.219800e-04 9.999998e-01 2.628855e-04 -1.632644e+00 -1.284140e-02 -2.708508e-04 9.999174e-01 7.443512e+00
9.998801e-01 -6.660417e-04 -1.547075e-02 4.384247e+01 6.605429e-04 9.999997e-01 -3.605456e-04 -1.648724e+00 1.547088e-02 3.502832e-04 9.998803e-01 7.411719e+00
9.999087e-01 5.546938e-04 1.350194e-02 4.415956e+01 -5.590015e-04 9.999998e-01 3.152726e-04 -1.660178e+00 -1.350167e-02 -3.227913e-04 9.999087e-01 7.304677e+00
9.998717e-01 -6.372931e-04 -1.600931e-02 4.460873e+01 6.304699e-04 9.999997e-01 -4.312486e-04 -1.675722e+00 1.600948e-02 4.210998e-04 9.998718e-01 7.147267e+00
9.999271e-01 5.127559e-04 1.206029e-02 4.494896e+01 -5.171554e-04 9.999998e-01 3.616746e-04 -1.687488e+00 -1.206001e-02 -3.678852e-04 9.999271e-01 6.936762e+00
9.998610e-01 -6.458670e-04 -1.666004e-02 4.525706e+01 6.390747e-04 9.999997e-01 -4.130254e-04 -1.698240e+00 1.666020e-02 4.023209e-04 9.998612e-01 6.736820e+00
9.999187e-01 5.233207e-04 1.273707e-02 4.558446e+01 -5.277176e-04 9.999998e-01 3.418519e-04 -1.709693e+00 -1.273679e-02 -3.485456e-04 9.999188e-01 6.582510e+00
9.998624e-01 -6.446658e-04 -1.657642e-02 4.597541e+01 6.372945e-04 9.999997e-01 -4.499651e-04 -1.723252e+00 1.657661e-02 4.393391e-04 9.998626e-01 6.499637e+00
9.999242e-01 5.478590e-04 1.229482e-02 4.638701e+01 -5.517654e-04 9.999998e-01 3.143373e-04 -1.737430e+00 -1.229455e-02 -3.210973e-04 9.999243e-01 6.405126e+00
9.998804e-01 -6.259256e-04 -1.545815e-02 4.675437e+01 6.197015e-04 9.999997e-01 -4.074346e-04 -1.750306e+00 1.545831e-02 3.978064e-04 9.998805e-01 6.319446e+00
9.998999e-01 5.736047e-04 1.413768e-02 4.713729e+01 -5.785227e-04 9.999998e-01 3.437815e-04 -1.764004e+00 -1.413738e-02 -3.519261e-04 9.998999e-01 6.286069e+00
9.998545e-01 -6.601203e-04 -1.704636e-02 4.745967e+01 6.530244e-04 9.999997e-01 -4.218387e-04 -1.775562e+00 1.704654e-02 4.106456e-04 9.998547e-01 6.269506e+00
9.999501e-01 6.201546e-04 9.968324e-03 4.766021e+01 -6.244790e-04 9.999997e-01 4.307147e-04 -1.783064e+00 -9.967956e-03 -4.369182e-04 9.999502e-01 6.237022e+00
9.999032e-01 -6.465929e-04 -1.389975e-02 4.792749e+01 6.404557e-04 9.999997e-01 -4.459805e-04 -1.792897e+00 1.389994e-02 4.370352e-04 9.999034e-01 6.343735e+00
9.998805e-01 7.710020e-04 1.543684e-02 4.839716e+01 -7.773791e-04 9.999996e-01 4.071200e-04 -1.809317e+00 -1.543643e-02 -4.190716e-04 9.998807e-01 6.435525e+00
9.999493e-01 -4.492795e-04 -1.006148e-02 4.907374e+01 4.441118e-04 9.999998e-01 -5.158477e-04 -1.831768e+00 1.006162e-02 5.113532e-04 9.999493e-01 6.598250e+00
9.999410e-01 6.044628e-04 1.084235e-02 4.960606e+01 -6.097293e-04 9.999997e-01 4.824308e-04 -1.849836e+00 -1.084196e-02 -4.890132e-04 9.999410e-01 6.754269e+00
9.999247e-01 -5.756453e-04 -1.226269e-02 5.004663e+01 5.694328e-04 9.999997e-01 -5.101111e-04 -1.865258e+00 1.226288e-02 5.030899e-04 9.999247e-01 6.837301e+00
9.999383e-01 6.642397e-04 1.108385e-02 5.055319e+01 -6.695750e-04 9.999997e-01 4.776569e-04 -1.882600e+00 -1.108343e-02 -4.850488e-04 9.999384e-01 6.953917e+00
9.999506e-01 -5.706058e-04 -9.926348e-03 5.120406e+01 5.650488e-04 9.999997e-01 -5.626154e-04 -1.904699e+00 9.926569e-03 5.569787e-04 9.999506e-01 6.957607e+00
9.999213e-01 7.477930e-04 1.252288e-02 5.192037e+01 -7.535498e-04 9.999996e-01 4.549943e-04 -1.928618e+00 -1.252244e-02 -4.643950e-04 9.999214e-01 7.009297e+00
9.999542e-01 -6.229186e-04 -9.557165e-03 5.232669e+01 6.182454e-04 9.999997e-01 -4.919204e-04 -1.942856e+00 9.557371e-03 4.859892e-04 9.999543e-01 7.062889e+00
9.999004e-01 7.564399e-04 1.408983e-02 5.265738e+01 -7.633853e-04 9.999996e-01 4.875678e-04 -1.954649e+00 -1.408936e-02 -4.982752e-04 9.999006e-01 7.063199e+00
9.999433e-01 -6.740209e-04 -1.063572e-02 5.290144e+01 6.687970e-04 9.999997e-01 -4.947138e-04 -1.963656e+00 1.063595e-02 4.875726e-04 9.999434e-01 7.074694e+00
9.998169e-01 8.518383e-04 1.911553e-02 5.326525e+01 -8.604877e-04 9.999995e-01 4.442569e-04 -1.976957e+00 -1.911505e-02 -4.606242e-04 9.998171e-01 7.134264e+00
9.999877e-01 -4.602014e-04 4.940850e-03 5.362019e+01 4.637287e-04 9.999996e-01 -7.127820e-04 -1.990865e+00 -4.940619e-03 7.150644e-04 9.999876e-01 7.109680e+00
9.998693e-01 8.853148e-04 1.614275e-02 5.406490e+01 -8.926687e-04 9.999995e-01 4.483584e-04 -2.007744e+00 -1.614225e-02 -4.627098e-04 9.998695e-01 7.111271e+00
9.999649e-01 -4.432785e-04 8.371820e-03 5.454015e+01 4.493807e-04 9.999996e-01 -7.270258e-04 -2.025622e+00 -8.371593e-03 7.307624e-04 9.999647e-01 7.130015e+00
9.998890e-01 9.054352e-04 1.487117e-02 5.499223e+01 -9.124503e-04 9.999995e-01 4.649437e-04 -2.042658e+00 -1.487064e-02 -4.784612e-04 9.998893e-01 7.138642e+00
9.999863e-01 -4.971975e-04 5.223929e-03 5.544564e+01 5.007559e-04 9.999996e-01 -6.798786e-04 -2.059611e+00 -5.223688e-03 6.824851e-04 9.999862e-01 7.153480e+00
9.999975e-01 6.182990e-04 -2.145121e-03 5.592150e+01 -6.169520e-04 9.999996e-01 6.285711e-04 -2.076041e+00 2.145608e-03 -6.272460e-04 9.999974e-01 7.151017e+00
9.999919e-01 -4.586074e-04 4.005141e-03 5.651879e+01 4.614595e-04 9.999996e-01 -7.111897e-04 -2.096235e+00 -4.004914e-03 7.130321e-04 9.999918e-01 7.161601e+00
9.999106e-01 8.103233e-04 1.334123e-02 5.710133e+01 -8.176244e-04 9.999995e-01 5.418038e-04 -2.116664e+00 -1.334068e-02 -5.526633e-04 9.999108e-01 7.165495e+00
9.999300e-01 -3.267203e-04 1.182870e-02 5.759235e+01 3.365624e-04 9.999996e-01 -8.300632e-04 -2.135052e+00 -1.182852e-02 8.339861e-04 9.999297e-01 7.191867e+00
9.999995e-01 6.007047e-04 -7.407696e-04 5.800909e+01 -6.001462e-04 9.999995e-01 7.539961e-04 -2.149915e+00 7.413221e-04 -7.535510e-04 9.999994e-01 7.200025e+00
9.999997e-01 -5.220862e-04 6.784802e-04 5.848518e+01 5.226350e-04 9.999995e-01 -8.086776e-04 -2.166491e+00 -6.781576e-04 8.090319e-04 9.999995e-01 7.240014e+00
9.999940e-01 5.795270e-04 -3.405357e-03 5.911710e+01 -5.770105e-04 9.999996e-01 7.399352e-04 -2.187778e+00 3.405884e-03 -7.379657e-04 9.999939e-01 7.239360e+00
9.999993e-01 -5.660947e-04 -1.086629e-03 5.967622e+01 5.652013e-04 9.999995e-01 -8.223783e-04 -2.206574e+00 1.086994e-03 8.217635e-04 9.999991e-01 7.184986e+00
9.999991e-01 6.757397e-04 1.089940e-03 6.021047e+01 -6.765581e-04 9.999995e-01 7.506214e-04 -2.224865e+00 -1.089332e-03 -7.513580e-04 9.999991e-01 7.211870e+00
9.999992e-01 -5.567281e-04 -1.202464e-03 6.090853e+01 5.557516e-04 9.999995e-01 -8.123131e-04 -2.248329e+00 1.202816e-03 8.116440e-04 9.999990e-01 7.253665e+00
9.999985e-01 6.716712e-04 1.592819e-03 6.154781e+01 -6.728720e-04 9.999995e-01 7.534370e-04 -2.269822e+00 -1.592212e-03 -7.545074e-04 9.999984e-01 7.317318e+00
9.999978e-01 -5.832013e-04 -2.032805e-03 6.199041e+01 5.816100e-04 9.999995e-01 -7.833682e-04 -2.285263e+00 2.033161e-03 7.821840e-04 9.999977e-01 7.447868e+00
9.999928e-01 6.563498e-04 -3.734177e-03 6.232382e+01 -6.533162e-04 9.999995e-01 8.135612e-04 -2.297094e+00 3.734808e-03 -8.111156e-04 9.999926e-01 7.558879e+00
9.999998e-01 -6.213058e-04 4.466744e-04 6.261467e+01 6.216665e-04 9.999995e-01 -8.076168e-04 -2.307768e+00 -4.462723e-04 8.078941e-04 9.999996e-01 7.692626e+00
9.999946e-01 6.291163e-04 -3.216005e-03 6.303437e+01 -6.265800e-04 9.999995e-01 7.896174e-04 -2.322425e+00 3.216600e-03 -7.875979e-04 9.999945e-01 7.779022e+00
9.999999e-01 -5.743067e-04 -1.759890e-04 6.354168e+01 5.741665e-04 9.999995e-01 -7.962412e-04 -2.339530e+00 1.763464e-04 7.961399e-04 9.999997e-01 7.905411e+00
9.999963e-01 6.216674e-04 -2.627015e-03 6.392889e+01 -6.195101e-04 9.999995e-01 8.219357e-04 -2.353011e+00 2.627624e-03 -8.203051e-04 9.999962e-01 8.093606e+00
9.999916e-01 -5.609142e-04 -4.071228e-03 6.424370e+01 5.579407e-04 9.999996e-01 -7.314962e-04 -2.364063e+00 4.071537e-03 7.292184e-04 9.999915e-01 8.253081e+00
9.999997e-01 6.175036e-04 2.917975e-04 6.462441e+01 -6.177169e-04 9.999995e-01 7.310533e-04 -2.377447e+00 -2.912461e-04 -7.312332e-04 9.999996e-01 8.371479e+00
9.999937e-01 -5.709880e-04 -3.525230e-03 6.505601e+01 5.684175e-04 9.999996e-01 -7.301654e-04 -2.392407e+00 3.525546e-03 7.281568e-04 9.999936e-01 8.484891e+00
9.999997e-01 6.296431e-04 4.193731e-04 6.569493e+01 -6.299481e-04 9.999995e-01 7.272778e-04 -2.413527e+00 -4.188152e-04 -7.275416e-04 9.999996e-01 8.603586e+00
9.999940e-01 -6.604326e-04 -3.427382e-03 6.619897e+01 6.578418e-04 9.999995e-01 -7.570215e-04 -2.430712e+00 3.427780e-03 7.547621e-04 9.999939e-01 8.666405e+00
9.999997e-01 6.354861e-04 2.720378e-04 6.658542e+01 -6.356896e-04 9.999995e-01 7.483721e-04 -2.444137e+00 -2.714625e-04 -7.485447e-04 9.999996e-01 8.802313e+00
9.999907e-01 -5.724407e-04 -4.287014e-03 6.690357e+01 5.695657e-04 9.999996e-01 -6.718400e-04 -2.455619e+00 4.287297e-03 6.693918e-04 9.999906e-01 9.062466e+00
9.999995e-01 6.408062e-04 6.904844e-04 6.731297e+01 -6.413051e-04 9.999995e-01 7.224598e-04 -2.469674e+00 -6.899215e-04 -7.229021e-04 9.999994e-01 9.293740e+00
9.999874e-01 -6.333550e-04 -4.993247e-03 6.768858e+01 6.298525e-04 9.999996e-01 -7.030146e-04 -2.482616e+00 4.993590e-03 6.998606e-04 9.999873e-01 9.458668e+00
9.999993e-01 6.758120e-04 9.703876e-04 6.807897e+01 -6.765430e-04 9.999995e-01 7.530587e-04 -2.496012e+00 -9.697787e-04 -7.537145e-04 9.999992e-01 9.664680e+00
9.999865e-01 -6.089618e-04 -5.165843e-03 6.847933e+01 6.053802e-04 9.999996e-01 -6.948847e-04 -2.509800e+00 5.166165e-03 6.917478e-04 9.999865e-01 9.896432e+00
9.999799e-01 8.245740e-04 -6.276076e-03 6.888226e+01 -8.190122e-04 9.999993e-01 8.887319e-04 -2.523366e+00 6.276904e-03 -8.835737e-04 9.999799e-01 1.005245e+01
9.999997e-01 -6.917837e-04 4.475905e-04 6.927202e+01 6.921358e-04 9.999995e-01 -7.866172e-04 -2.536761e+00 -4.471454e-04 7.869265e-04 9.999996e-01 1.028071e+01
9.999548e-01 8.048718e-04 -9.465686e-03 6.955316e+01 -7.959068e-04 9.999992e-01 9.508487e-04 -2.546850e+00 9.466544e-03 -9.432717e-04 9.999547e-01 1.046267e+01
9.999885e-01 -4.721661e-04 -4.774299e-03 6.989633e+01 4.692095e-04 9.999997e-01 -6.204036e-04 -2.558549e+00 4.774491e-03 6.181561e-04 9.999885e-01 1.060720e+01
9.999651e-01 7.586685e-04 -8.312416e-03 7.021101e+01 -7.509544e-04 9.999993e-01 9.311266e-04 -2.569497e+00 8.313215e-03 -9.248516e-04 9.999650e-01 1.078259e+01
9.999756e-01 -4.018908e-04 -6.986172e-03 7.044407e+01 3.981314e-04 9.999998e-01 -5.395485e-04 -2.578277e+00 6.986289e-03 5.367536e-04 9.999755e-01 1.099956e+01
9.999904e-01 6.568595e-04 -4.323292e-03 7.070246e+01 -6.532193e-04 9.999994e-01 8.434170e-04 -2.587983e+00 4.323942e-03 -8.405845e-04 9.999902e-01 1.129423e+01
9.999067e-01 -1.942763e-04 -1.365983e-02 7.098549e+01 1.898132e-04 9.999999e-01 -3.280493e-04 -2.598146e+00 1.365979e-02 3.254255e-04 9.999067e-01 1.151618e+01
9.999718e-01 7.399337e-04 -7.462575e-03 7.129665e+01 -7.328957e-04 9.999993e-01 9.458483e-04 -2.608995e+00 7.463367e-03 -9.403519e-04 9.999716e-01 1.165975e+01
9.999787e-01 -3.669862e-04 -6.524577e-03 7.162268e+01 3.630566e-04 9.999998e-01 -6.035191e-04 -2.620278e+00 6.524699e-03 6.011369e-04 9.999786e-01 1.183168e+01
9.999863e-01 6.694551e-04 -5.184382e-03 7.202617e+01 -6.648710e-04 9.999994e-01 8.859743e-04 -2.633880e+00 5.185068e-03 -8.825146e-04 9.999861e-01 1.204456e+01
9.999989e-01 -6.057694e-04 1.377033e-03 7.243960e+01 6.069106e-04 9.999995e-01 -8.281760e-04 -2.648024e+00 -1.376627e-03 8.290103e-04 9.999988e-01 1.223545e+01
9.999826e-01 6.139035e-04 -5.854626e-03 7.283970e+01 -6.087776e-04 9.999994e-01 8.773424e-04 -2.661684e+00 5.855258e-03 -8.737624e-04 9.999824e-01 1.238966e+01
9.999939e-01 -5.193597e-04 3.455431e-03 7.334860e+01 5.222698e-04 9.999995e-01 -8.412177e-04 -2.678993e+00 -3.455089e-03 8.430167e-04 9.999937e-01 1.256675e+01
9.999910e-01 6.925864e-04 -4.176616e-03 7.389753e+01 -6.890629e-04 9.999994e-01 8.450972e-04 -2.697569e+00 4.177296e-03 -8.422110e-04 9.999909e-01 1.276479e+01
9.999804e-01 -4.439608e-04 6.253510e-03 7.460581e+01 4.495750e-04 9.999995e-01 -8.963055e-04 -2.721130e+00 -6.253205e-03 8.990987e-04 9.999801e-01 1.290359e+01
9.999990e-01 8.137038e-04 1.160547e-03 7.544744e+01 -8.146674e-04 9.999993e-01 8.297237e-04 -2.748833e+00 -1.159774e-03 -8.306677e-04 9.999989e-01 1.297284e+01
9.999834e-01 -4.812675e-04 5.752820e-03 7.604368e+01 4.861874e-04 9.999995e-01 -8.537506e-04 -2.768799e+00 -5.752503e-03 8.565327e-04 9.999831e-01 1.310230e+01
9.999969e-01 6.874956e-04 -2.356532e-03 7.652793e+01 -6.854950e-04 9.999994e-01 8.498660e-04 -2.785511e+00 2.357212e-03 -8.482474e-04 9.999968e-01 1.320874e+01
9.999894e-01 -4.737940e-04 4.597389e-03 7.702871e+01 4.776852e-04 9.999995e-01 -8.452122e-04 -2.802660e+00 -4.597083e-03 8.473986e-04 9.999891e-01 1.336917e+01
9.999941e-01 6.248078e-04 -3.365493e-03 7.749906e+01 -6.219212e-04 9.999994e-01 8.587936e-04 -2.819074e+00 3.366125e-03 -8.566949e-04 9.999939e-01 1.351457e+01
9.999870e-01 -4.737591e-04 5.076390e-03 7.802862e+01 4.781684e-04 9.999995e-01 -8.673006e-04 -2.837307e+00 -5.076074e-03 8.697161e-04 9.999868e-01 1.360658e+01
9.999980e-01 6.900870e-04 -1.846509e-03 7.848009e+01 -6.885023e-04 9.999994e-01 8.589614e-04 -2.852957e+00 1.847198e-03 -8.576877e-04 9.999979e-01 1.375264e+01
9.999939e-01 -4.566913e-04 3.460921e-03 7.903864e+01 4.598376e-04 9.999995e-01 -9.081858e-04 -2.871844e+00 -3.460602e-03 9.097710e-04 9.999937e-01 1.394277e+01
9.999994e-01 6.720833e-04 -8.081045e-04 7.959807e+01 -6.713711e-04 9.999994e-01 8.818652e-04 -2.890829e+00 8.087941e-04 -8.813214e-04 9.999992e-01 1.408012e+01
9.999984e-01 -6.273357e-04 1.683904e-03 7.998608e+01 6.287831e-04 9.999994e-01 -8.588631e-04 -2.904872e+00 -1.683461e-03 8.599199e-04 9.999983e-01 1.403336e+01
9.999987e-01 7.776246e-04 1.416475e-03 8.033598e+01 -7.788867e-04 9.999993e-01 8.903144e-04 -2.917469e+00 -1.415684e-03 -8.914157e-04 9.999985e-01 1.403783e+01
9.999974e-01 -6.208511e-04 2.220866e-03 8.056663e+01 6.226734e-04 9.999995e-01 -8.196456e-04 -2.926187e+00 -2.220454e-03 8.210257e-04 9.999973e-01 1.412787e+01
9.999965e-01 6.905475e-04 -2.526142e-03 8.081804e+01 -6.884007e-04 9.999994e-01 8.508110e-04 -2.935901e+00 2.526825e-03 -8.490684e-04 9.999964e-01 1.432298e+01
9.999794e-01 -4.256897e-04 6.417227e-03 8.132937e+01 4.313676e-04 9.999995e-01 -8.833303e-04 -2.953405e+00 -6.416945e-03 8.860795e-04 9.999791e-01 1.449045e+01
9.999910e-01 6.235599e-04 -4.183101e-03 8.172773e+01 -6.198461e-04 9.999994e-01 8.891735e-04 -2.967497e+00 4.183750e-03 -8.865719e-04 9.999908e-01 1.466961e+01
9.999937e-01 -5.777830e-04 3.508176e-03 8.216575e+01 5.808620e-04 9.999994e-01 -8.765399e-04 -2.982997e+00 -3.507766e-03 8.785714e-04 9.999935e-01 1.478483e+01
9.999882e-01 5.492705e-04 -4.809622e-03 8.249641e+01 -5.450783e-04 9.999995e-01 8.729930e-04 -2.995012e+00 4.810197e-03 -8.703604e-04 9.999880e-01 1.489550e+01
9.999945e-01 -6.307314e-04 3.257601e-03 8.269429e+01 6.335434e-04 9.999994e-01 -8.620644e-04 -3.002991e+00 -3.257153e-03 8.641228e-04 9.999944e-01 1.500490e+01
9.999899e-01 5.889551e-04 -4.442057e-03 8.294725e+01 -5.851342e-04 9.999995e-01 8.615151e-04 -3.012742e+00 4.442660e-03 -8.589065e-04 9.999897e-01 1.510948e+01
9.999960e-01 -5.508513e-04 2.792626e-03 8.323502e+01 5.531747e-04 9.999995e-01 -8.310616e-04 -3.023419e+00 -2.792265e-03 8.326023e-04 9.999958e-01 1.530186e+01
9.999883e-01 5.825857e-04 -4.787725e-03 8.365490e+01 -5.784673e-04 9.999995e-01 8.616383e-04 -3.038125e+00 4.788322e-03 -8.588579e-04 9.999881e-01 1.545663e+01
9.999945e-01 -5.625199e-04 3.283096e-03 8.395355e+01 5.652663e-04 9.999995e-01 -8.354509e-04 -3.049123e+00 -3.282722e-03 8.373013e-04 9.999943e-01 1.561842e+01
9.999945e-01 6.050457e-04 -3.249360e-03 8.426124e+01 -6.022421e-04 9.999994e-01 8.638805e-04 -3.060513e+00 3.249978e-03 -8.619182e-04 9.999943e-01 1.575075e+01
9.999969e-01 -6.307148e-04 2.427467e-03 8.457559e+01 6.328382e-04 9.999994e-01 -8.738010e-04 -3.072292e+00 -2.427012e-03 8.753338e-04 9.999967e-01 1.583110e+01
9.999917e-01 5.832909e-04 -4.024374e-03 8.499181e+01 -5.798407e-04 9.999995e-01 8.585784e-04 -3.087021e+00 4.024970e-03 -8.562370e-04 9.999915e-01 1.587880e+01
9.999997e-01 -6.374040e-04 5.693665e-04 8.542622e+01 6.378940e-04 9.999994e-01 -8.598747e-04 -3.101921e+00 -5.689155e-04 8.602368e-04 9.999995e-01 1.597035e+01
9.999822e-01 5.688741e-04 -5.924464e-03 8.585861e+01 -5.636525e-04 9.999995e-01 8.830737e-04 -3.116487e+00 5.925060e-03 -8.797179e-04 9.999820e-01 1.602095e+01
9.999968e-01 -5.754482e-04 2.470878e-03 8.636458e+01 5.776035e-04 9.999995e-01 -8.714072e-04 -3.133509e+00 -2.470472e-03 8.728309e-04 9.999966e-01 1.612655e+01
9.999742e-01 3.649404e-04 -7.165993e-03 8.678146e+01 -3.591273e-04 9.999996e-01 8.125419e-04 -3.147671e+00 7.166384e-03 -8.099467e-04 9.999739e-01 1.578731e+01
9.999944e-01 -5.077519e-04 3.307574e-03 8.725659e+01 5.106733e-04 9.999995e-01 -8.822643e-04 -3.163729e+00 -3.307221e-03 8.839478e-04 9.999942e-01 1.551240e+01
9.999693e-01 3.816885e-04 -7.819186e-03 8.767718e+01 -3.754665e-04 9.999996e-01 7.972602e-04 -3.178112e+00 7.819585e-03 -7.942992e-04 9.999690e-01 1.543801e+01
9.999984e-01 -4.977905e-04 1.732409e-03 8.812271e+01 4.992753e-04 9.999995e-01 -8.564263e-04 -3.193138e+00 -1.732078e-03 8.572892e-04 9.999982e-01 1.529340e+01
9.999355e-01 4.938849e-04 -1.134191e-02 8.850035e+01 -4.833110e-04 9.999994e-01 9.350508e-04 -3.205858e+00 1.134246e-02 -9.295082e-04 9.999352e-01 1.510281e+01
9.999952e-01 -5.923995e-04 3.067082e-03 8.892514e+01 5.952947e-04 9.999994e-01 -9.429580e-04 -3.220130e+00 -3.066617e-03 9.447786e-04 9.999949e-01 1.480798e+01
9.999455e-01 5.337762e-04 -1.042503e-02 8.952959e+01 -5.241372e-04 9.999994e-01 9.273540e-04 -3.239878e+00 1.042561e-02 -9.218386e-04 9.999452e-01 1.467861e+01
9.999850e-01 -5.906242e-04 5.449452e-03 9.012171e+01 5.959772e-04 9.999993e-01 -9.806363e-04 -3.259483e+00 -5.448965e-03 9.838687e-04 9.999847e-01 1.462253e+01
9.999291e-01 4.299228e-04 -1.189657e-02 9.059114e+01 -4.189681e-04 9.999995e-01 9.233495e-04 -3.275153e+00 1.189705e-02 -9.182991e-04 9.999287e-01 1.436198e+01
9.999902e-01 -5.768354e-04 4.396522e-03 9.102691e+01 5.810562e-04 9.999994e-01 -9.587099e-04 -3.289776e+00 -4.396061e-03 9.612545e-04 9.999899e-01 1.409697e+01
9.999188e-01 4.970277e-04 -1.272998e-02 9.151948e+01 -4.850834e-04 9.999994e-01 9.413829e-04 -3.306070e+00 1.273053e-02 -9.351307e-04 9.999185e-01 1.388769e+01
9.999881e-01 -5.403152e-04 4.852239e-03 9.209000e+01 5.448285e-04 9.999994e-01 -9.287602e-04 -3.324721e+00 -4.851829e-03 9.313922e-04 9.999879e-01 1.376211e+01
9.999384e-01 4.657955e-04 -1.109044e-02 9.260913e+01 -4.559995e-04 9.999995e-01 8.858416e-04 -3.342070e+00 1.109094e-02 -8.807291e-04 9.999380e-01 1.360358e+01
9.999797e-01 -6.549813e-04 6.344687e-03 9.301747e+01 6.610244e-04 9.999993e-01 -9.503375e-04 -3.355767e+00 -6.344155e-03 9.545116e-04 9.999795e-01 1.321370e+01
9.999410e-01 4.550338e-04 -1.084916e-02 9.337635e+01 -4.454156e-04 9.999995e-01 8.889728e-04 -3.367965e+00 1.084966e-02 -8.840874e-04 9.999407e-01 1.280845e+01
9.999855e-01 -6.734037e-04 5.358015e-03 9.373978e+01 6.786048e-04 9.999993e-01 -9.688808e-04 -3.380341e+00 -5.357453e-03 9.725021e-04 9.999852e-01 1.244785e+01
9.999569e-01 4.427064e-04 -9.275038e-03 9.408184e+01 -4.341608e-04 9.999995e-01 9.233905e-04 -3.392205e+00 9.275536e-03 -9.193232e-04 9.999565e-01 1.213359e+01
9.999849e-01 -6.232567e-04 5.472976e-03 9.441267e+01 6.284784e-04 9.999993e-01 -9.523473e-04 -3.403919e+00 -5.472473e-03 9.557719e-04 9.999846e-01 1.203819e+01
9.999416e-01 4.251694e-04 -1.079923e-02 9.471669e+01 -4.151574e-04 9.999995e-01 9.293582e-04 -3.414684e+00 1.079971e-02 -9.248199e-04 9.999412e-01 1.187131e+01
9.999748e-01 -6.485505e-04 7.080849e-03 9.505002e+01 6.553235e-04 9.999993e-01 -9.541956e-04 -3.426399e+00 -7.080319e-03 9.588112e-04 9.999745e-01 1.162529e+01
9.999443e-01 4.397737e-04 -1.054422e-02 9.540909e+01 -4.301151e-04 9.999995e-01 9.182850e-04 -3.438778e+00 1.054471e-02 -9.136980e-04 9.999439e-01 1.127750e+01
9.999742e-01 -6.297861e-04 7.153095e-03 9.568498e+01 6.365747e-04 9.999993e-01 -9.467448e-04 -3.448410e+00 -7.152588e-03 9.512734e-04 9.999740e-01 1.094475e+01
