9.999956e-01 1.661103e-04 2.963152e-03 6.826183e-01 -1.655605e-04 1.000000e+00 -1.858029e-04 -2.350833e-02 -2.963183e-03 1.853110e-04 9.999957e-01 6.523931e-02
9.999995e-01 4.641766e-05 1.036182e-03 1.446306e+00 -4.640040e-05 1.000000e+00 -1.666504e-05 -4.944953e-02 -1.036182e-03 1.661739e-05 9.999994e-01 1.580658e-01
9.999928e-01 1.919907e-04 3.790912e-03 2.273704e+00 -1.911727e-04 1.000000e+00 -2.161298e-04 -7.729335e-02 -3.790955e-03 2.154031e-04 9.999929e-01 2.495583e-01
9.999966e-01 4.192416e-05 -2.591323e-03 3.093708e+00 -4.183018e-05 1.000000e+00 3.631828e-05 -1.046661e-01 2.591326e-03 -3.620937e-05 9.999965e-01 3.789440e-01
9.999887e-01 1.104895e-04 4.762256e-03 3.777246e+00 -1.094463e-04 1.000000e+00 -2.193105e-04 -1.280661e-01 -4.762282e-03 2.187865e-04 9.999887e-01 3.557684e-01
9.999987e-01 1.029992e-05 1.604684e-03 4.344115e+00 -1.040655e-05 1.000000e+00 6.645095e-05 -1.476266e-01 -1.604681e-03 -6.646720e-05 9.999986e-01 1.846116e-01
1.000000e+00 1.904136e-05 1.398137e-04 4.946442e+00 -1.901767e-05 1.000000e+00 -1.695385e-04 -1.685789e-01 -1.398193e-04 1.695355e-04 1.000000e+00 -9.414417e-02
9.999996e-01 -8.884596e-06 8.532612e-04 5.629721e+00 8.873683e-06 1.000000e+00 1.280979e-05 -1.922741e-01 -8.532589e-04 -1.280187e-05 9.999995e-01 -3.356300e-01
9.999993e-01 7.465364e-05 -1.156855e-03 6.245876e+00 -7.480119e-05 1.000000e+00 -1.274924e-04 -2.137996e-01 1.156843e-03 1.275785e-04 9.999994e-01 -2.943835e-01
9.999743e-01 1.023605e-04 -7.172764e-03 6.646691e+00 -1.010097e-04 1.000000e+00 1.886859e-04 -2.279402e-01 7.172785e-03 -1.879562e-04 9.999742e-01 -2.941315e-01
9.999995e-01 1.107177e-04 -1.004009e-03 7.009220e+00 -1.108170e-04 1.000000e+00 -9.881031e-05 -2.410070e-01 1.003997e-03 9.892118e-05 9.999996e-01 -2.883331e-01
9.999997e-01 -1.912663e-05 -8.056521e-04 7.218527e+00 1.923135e-05 1.000000e+00 1.299604e-04 -2.487889e-01 8.056502e-04 -1.299755e-04 9.999996e-01 -3.958419e-01
9.999988e-01 6.031714e-05 -1.531295e-03 7.329011e+00 -6.046268e-05 1.000000e+00 -9.498699e-05 -2.532841e-01 1.531289e-03 9.507911e-05 9.999989e-01 -5.456994e-01
9.999629e-01 1.254680e-04 -8.608336e-03 7.390106e+00 -1.227408e-04 9.999999e-01 3.173367e-04 -2.568074e-01 8.608375e-03 -3.162679e-04 9.999628e-01 -5.249685e-01
9.999869e-01 -3.290499e-05 5.120944e-03 7.691651e+00 3.444779e-05 1.000000e+00 -3.011879e-04 -2.683340e-01 -5.120932e-03 3.013600e-04 9.999869e-01 -3.784897e-01
9.999469e-01 1.642673e-04 1.030734e-02 8.123018e+00 -1.638221e-04 1.000000e+00 -4.403865e-05 -2.845238e-01 -1.030735e-02 4.234808e-05 9.999468e-01 -2.287439e-01
9.998757e-01 2.416617e-04 -1.576502e-02 8.371237e+00 -2.386197e-04 1.000000e+00 1.948438e-04 -2.944406e-01 1.576506e-02 -1.910581e-04 9.998758e-01 -1.922859e-01
9.997720e-01 -4.457168e-05 2.135379e-02 8.663142e+00 5.140650e-05 9.999999e-01 -3.195256e-04 -3.058890e-01 -2.135377e-02 3.205508e-04 9.997718e-01 -1.489055e-01
9.998112e-01 1.955465e-04 -1.943201e-02 8.979470e+00 -1.911164e-04 1.000000e+00 2.298405e-04 -3.177366e-01 1.943205e-02 -2.260837e-04 9.998113e-01 -4.536977e-02
9.997980e-01 -3.800755e-05 2.009777e-02 9.417936e+00 4.433839e-05 9.999999e-01 -3.145552e-04 -3.336406e-01 -2.009775e-02 3.153831e-04 9.997979e-01 1.005480e-01
9.999999e-01 2.683239e-04 -2.794271e-04 1.000932e+01 -2.683555e-04 1.000000e+00 -1.131272e-04 -3.548986e-01 2.793940e-04 1.132019e-04 1.000000e+00 2.192026e-01
9.998747e-01 -7.826423e-05 1.582998e-02 1.048732e+01 8.179792e-05 1.000000e+00 -2.225798e-04 -3.724894e-01 -1.582996e-02 2.238470e-04 9.998746e-01 3.215558e-01
9.999541e-01 2.201581e-04 -9.576207e-03 1.089400e+01 -2.194366e-04 1.000000e+00 7.639520e-05 -3.872100e-01 9.576219e-03 -7.429056e-05 9.999542e-01 4.502131e-01
9.999717e-01 -9.415269e-05 7.525467e-03 1.105627e+01 9.449252e-05 1.000000e+00 -4.480054e-05 -3.930588e-01 -7.525458e-03 4.551061e-05 9.999716e-01 2.133104e-01
9.999979e-01 1.274952e-04 2.044936e-03 1.119686e+01 -1.274675e-04 1.000000e+00 -1.369411e-05 -3.992589e-01 -2.044944e-03 1.343318e-05 9.999980e-01 -4.384201e-02
9.996310e-01 4.594943e-05 2.716178e-02 1.153223e+01 -2.960168e-05 9.999998e-01 -6.022673e-04 -4.134384e-01 -2.716180e-02 6.012413e-04 9.996308e-01 -2.764183e-02
9.996427e-01 -4.921767e-05 -2.673141e-02 1.169107e+01 6.595157e-05 9.999998e-01 6.251206e-04 -4.192327e-01 2.673136e-02 -6.266604e-04 9.996426e-01 -4.502238e-01
9.996236e-01 5.407415e-05 2.743624e-02 1.202804e+01 -3.758632e-05 9.999998e-01 -6.014658e-04 -4.315045e-01 -2.743626e-02 6.002084e-04 9.996233e-01 -7.480086e-01
9.997397e-01 1.736750e-04 -2.281443e-02 1.265404e+01 -1.641158e-04 9.999999e-01 4.208736e-04 -4.532670e-01 2.281449e-02 -4.170200e-04 9.997397e-01 -6.073364e-01
9.995398e-01 7.223247e-05 3.033589e-02 1.328300e+01 -5.342237e-05 9.999998e-01 -6.208705e-04 -4.749608e-01 -3.033592e-02 6.189643e-04 9.995395e-01 -4.505021e-01
9.997916e-01 9.068118e-05 -2.041623e-02 1.369628e+01 -8.261292e-05 9.999999e-01 3.960323e-04 -4.903405e-01 2.041626e-02 -3.942632e-04 9.997916e-01 -3.078782e-01
9.996957e-01 7.307950e-05 2.466758e-02 1.411355e+01 -6.065512e-05 9.999999e-01 -5.044200e-04 -5.054845e-01 -2.466760e-02 5.027704e-04 9.996955e-01 -1.546524e-01
9.996061e-01 8.696781e-06 -2.806360e-02 1.449119e+01 4.746388e-06 9.999999e-01 4.789589e-04 -5.193399e-01 2.806359e-02 -4.789036e-04 9.996061e-01 -4.820096e-02
9.997060e-01 7.461124e-05 2.424757e-02 1.487639e+01 -6.325979e-05 9.999999e-01 -4.689144e-04 -5.333031e-01 -2.424759e-02 4.672427e-04 9.997058e-01 6.452306e-02
9.995451e-01 4.916061e-05 -3.016040e-02 1.522498e+01 -3.141643e-05 9.999998e-01 5.888012e-04 -5.460723e-01 3.016041e-02 -5.875859e-04 9.995450e-01 2.692433e-01
9.997164e-01 9.653065e-05 2.381611e-02 1.556870e+01 -8.552671e-05 9.999999e-01 -4.630551e-04 -5.586284e-01 -2.381614e-02 4.608870e-04 9.997161e-01 4.519465e-01
9.996285e-01 -5.787435e-06 -2.725503e-02 1.599438e+01 1.819289e-05 9.999999e-01 4.549146e-04 -5.738250e-01 2.725501e-02 -4.552416e-04 9.996285e-01 5.682676e-01
9.997000e-01 8.254523e-05 2.449388e-02 1.651190e+01 -6.977484e-05 9.999999e-01 -5.222243e-04 -5.919409e-01 -2.449391e-02 5.203587e-04 9.996997e-01 6.194583e-01
9.996223e-01 -1.587590e-05 -2.748283e-02 1.696843e+01 2.873232e-05 9.999999e-01 4.674036e-04 -6.081120e-01 2.748281e-02 -4.680168e-04 9.996223e-01 7.068584e-01
9.997826e-01 2.121098e-04 2.084895e-02 1.743940e+01 -2.040202e-04 9.999999e-01 -3.901389e-04 -6.245343e-01 -2.084903e-02 3.858006e-04 9.997825e-01 8.302137e-01
9.994810e-01 1.965218e-04 -3.221222e-02 1.783698e+01 -1.739103e-04 9.999997e-01 7.047541e-04 -6.387775e-01 3.221234e-02 -6.987865e-04 9.994809e-01 1.016058e+00
9.997454e-01 1.227141e-04 2.256405e-02 1.835168e+01 -1.107418e-04 9.999999e-01 -5.318424e-04 -6.564572e-01 -2.256410e-02 5.292084e-04 9.997452e-01 1.120429e+00
9.996448e-01 6.258038e-05 -2.665008e-02 1.895672e+01 -4.916859e-05 9.999999e-01 5.039108e-04 -6.773886e-01 2.665011e-02 -5.024217e-04 9.996448e-01 1.138869e+00
9.996815e-01 6.295657e-05 2.523735e-02 1.949348e+01 -4.838057e-05 9.999998e-01 -5.781661e-04 -6.962278e-01 -2.523738e-02 5.767612e-04 9.996812e-01 1.242873e+00
9.995544e-01 1.787715e-04 -2.984952e-02 1.985478e+01 -1.584758e-04 9.999998e-01 6.822967e-04 -7.096383e-01 2.984963e-02 -6.772624e-04 9.995543e-01 1.405133e+00
9.995115e-01 -6.223720e-05 3.125393e-02 2.036821e+01 8.714171e-05 9.999997e-01 -7.954822e-04 -7.279217e-01 -3.125387e-02 7.978172e-04 9.995111e-01 1.424553e+00
9.997146e-01 2.576404e-04 -2.388699e-02 2.087202e+01 -2.425818e-04 9.999998e-01 6.333071e-04 -7.456697e-01 2.388714e-02 -6.273320e-04 9.997146e-01 1.461970e+00
9.997156e-01 -2.218372e-04 2.384529e-02 2.126325e+01 2.392779e-04 9.999997e-01 -7.285591e-04 -7.597665e-01 -2.384512e-02 7.340577e-04 9.997153e-01 1.355961e+00
9.996878e-01 3.552108e-04 -2.498302e-02 2.161111e+01 -3.386163e-04 9.999997e-01 6.684590e-04 -7.726294e-01 2.498324e-02 -6.597908e-04 9.996878e-01 1.455524e+00
9.998215e-01 7.166407e-05 1.889230e-02 2.201131e+01 -6.219197e-05 9.999999e-01 -5.019594e-04 -7.871573e-01 -1.889233e-02 5.006950e-04 9.998213e-01 1.668060e+00
9.995833e-01 2.802970e-04 -2.886461e-02 2.237651e+01 -2.590285e-04 9.999997e-01 7.405756e-04 -8.005826e-01 2.886481e-02 -7.327904e-04 9.995832e-01 1.853116e+00
9.999280e-01 2.847568e-04 1.199845e-02 2.271233e+01 -2.821055e-04 9.999999e-01 -2.226655e-04 -8.129292e-01 -1.199851e-02 2.192649e-04 9.999279e-01 2.017409e+00
9.996095e-01 2.494837e-04 -2.794239e-02 2.312462e+01 -2.303505e-04 9.999997e-01 6.879549e-04 -8.275346e-01 2.794255e-02 -6.812499e-04 9.996094e-01 2.223994e+00
9.999977e-01 5.321468e-04 2.099361e-03 2.350792e+01 -5.326104e-04 9.999998e-01 2.203074e-04 -8.412082e-01 -2.099245e-03 -2.214246e-04 9.999977e-01 2.353925e+00
9.994737e-01 4.488298e-04 -3.243612e-02 2.391430e+01 -4.203940e-04 9.999995e-01 8.834851e-04 -8.553723e-01 3.243651e-02 -8.693846e-04 9.994735e-01 2.428840e+00
9.999586e-01 7.711474e-04 -9.066775e-03 2.406332e+01 -7.646974e-04 9.999995e-01 7.148292e-04 -8.625517e-01 9.067312e-03 -7.078656e-04 9.999585e-01 2.552708e+00
9.995514e-01 4.352042e-04 -2.994567e-02 2.429544e+01 -4.118086e-04 9.999996e-01 7.874321e-04 -8.721110e-01 2.994602e-02 -7.747478e-04 9.995513e-01 2.713457e+00
9.998616e-01 8.013158e-04 -1.661509e-02 2.438583e+01 -7.851321e-04 9.999992e-01 9.805327e-04 -8.776254e-01 1.661584e-02 -9.673511e-04 9.998614e-01 2.843025e+00
9.995914e-01 4.938699e-04 -2.857834e-02 2.452166e+01 -4.721233e-04 9.999996e-01 7.676922e-04 -8.846227e-01 2.857873e-02 -7.538872e-04 9.995914e-01 3.012583e+00
9.998943e-01 7.687077e-04 -1.452023e-02 2.468723e+01 -7.552016e-04 9.999993e-01 9.356034e-04 -8.925200e-01 1.452091e-02 -9.245376e-04 9.998940e-01 3.198717e+00
9.998214e-01 2.886400e-04 -1.889416e-02 2.487100e+01 -2.811705e-04 9.999999e-01 3.979999e-04 -9.009366e-01 1.889430e-02 -3.926177e-04 9.998215e-01 3.422543e+00
9.998593e-01 7.483076e-04 -1.675746e-02 2.502674e+01 -7.321429e-04 9.999993e-01 9.707244e-04 -9.084974e-01 1.675814e-02 -9.583175e-04 9.998590e-01 3.614708e+00
9.999702e-01 5.438684e-05 -7.713962e-03 2.521142e+01 -5.428641e-05 1.000000e+00 1.326611e-05 -9.168947e-01 7.713998e-03 -1.284849e-05 9.999703e-01 3.894896e+00
9.999103e-01 5.352875e-04 -1.338482e-02 2.528351e+01 -5.241741e-04 9.999995e-01 8.337763e-04 -9.233402e-01 1.338522e-02 -8.266839e-04 9.999100e-01 4.273795e+00
9.999504e-01 1.813764e-04 -9.957620e-03 2.540811e+01 -1.800032e-04 1.000000e+00 1.388413e-04 -9.309734e-01 9.957684e-03 -1.370436e-04 9.999505e-01 4.644056e+00
9.998275e-01 5.754674e-04 -1.856600e-02 2.551405e+01 -5.571961e-04 9.999994e-01 9.892655e-04 -9.378537e-01 1.856652e-02 -9.787482e-04 9.998271e-01 4.961840e+00
9.997082e-01 6.813694e-04 -2.414548e-02 2.562359e+01 -6.645132e-04 9.999995e-01 7.061443e-04 -9.444035e-01 2.414600e-02 -6.898951e-04 9.997083e-01 5.189974e+00
9.997711e-01 6.290317e-04 -2.138480e-02 2.573556e+01 -6.057654e-04 9.999992e-01 1.094424e-03 -9.510611e-01 2.138542e-02 -1.081217e-03 9.997706e-01 5.414028e+00
9.997668e-01 6.296349e-04 -2.158435e-02 2.584238e+01 -6.169958e-04 9.999996e-01 5.922493e-04 -9.573833e-01 2.158477e-02 -5.787959e-04 9.997669e-01 5.595826e+00
9.998556e-01 5.084545e-04 -1.698287e-02 2.599306e+01 -4.938846e-04 9.999995e-01 8.620575e-04 -9.647000e-01 1.698324e-02 -8.535433e-04 9.998553e-01 5.735582e+00
9.999989e-01 1.631456e-04 -1.451406e-03 2.614688e+01 -1.632983e-04 1.000000e+00 -1.045670e-04 -9.723410e-01 1.451447e-03 1.048016e-04 9.999990e-01 5.905698e+00
9.996108e-01 6.416373e-04 -2.788925e-02 2.624679e+01 -6.113917e-04 9.999992e-01 1.092978e-03 -9.781337e-01 2.788987e-02 -1.075499e-03 9.996103e-01 6.059116e+00
9.999787e-01 4.185834e-04 -6.509978e-03 2.643297e+01 -4.170874e-04 9.999999e-01 2.313005e-04 -9.864488e-01 6.510137e-03 -2.285828e-04 9.999789e-01 6.197025e+00
9.993178e-01 -1.850064e-04 3.693017e-02 2.685399e+01 2.191709e-04 9.999996e-01 -9.210381e-04 -1.003724e+00 -3.693004e-02 9.285061e-04 9.993173e-01 6.293997e+00
9.999911e-01 4.706244e-04 4.199359e-03 2.727091e+01 -4.705617e-04 9.999999e-01 -1.610613e-05 -1.021390e+00 -4.199308e-03 1.412769e-05 9.999913e-01 6.388074e+00
9.989883e-01 -1.302472e-04 4.497063e-02 2.749617e+01 1.746854e-04 9.999995e-01 -9.842160e-04 -1.033503e+00 -4.497054e-02 9.910781e-04 9.989877e-01 6.401045e+00
9.999970e-01 4.469336e-04 2.400448e-03 2.771993e+01 -4.470357e-04 9.999999e-01 4.174735e-05 -1.045144e+00 -2.400380e-03 -4.282239e-05 9.999972e-01 6.376638e+00
9.989830e-01 -1.443649e-04 4.508701e-02 2.787077e+01 1.876265e-04 9.999995e-01 -9.552714e-04 -1.054477e+00 -4.508689e-02 9.627614e-04 9.989825e-01 6.348701e+00
9.999998e-01 4.595211e-04 5.012407e-04 2.804502e+01 -4.595403e-04 9.999999e-01 3.732807e-05 -1.064544e+00 -5.011825e-04 -3.756032e-05 1.000000e+00 6.306202e+00
9.993081e-01 -2.029363e-04 3.719307e-02 2.832679e+01 2.333861e-04 9.999996e-01 -8.143452e-04 -1.077401e+00 -3.719293e-02 8.224640e-04 9.993077e-01 6.252412e+00
9.999999e-01 4.335892e-04 2.581902e-04 2.862434e+01 -4.335930e-04 9.999999e-01 1.340480e-05 -1.090871e+00 -2.581504e-04 -1.351851e-05 1.000000e+00 6.232713e+00
9.992743e-01 -1.631640e-04 3.808911e-02 2.883827e+01 1.933335e-04 9.999997e-01 -7.883860e-04 -1.101626e+00 -3.808900e-02 7.951795e-04 9.992739e-01 6.212328e+00
9.999827e-01 3.675406e-04 -5.862973e-03 2.911477e+01 -3.669194e-04 9.999999e-01 1.070749e-04 -1.113917e+00 5.863039e-03 -1.049235e-04 9.999829e-01 6.197123e+00
9.993044e-01 -1.599868e-04 3.729136e-02 2.947012e+01 1.888855e-04 9.999997e-01 -7.714168e-04 -1.128751e+00 -3.729125e-02 7.779256e-04 9.993040e-01 6.163179e+00
9.999997e-01 4.115903e-04 6.076939e-04 2.974981e+01 -4.115749e-04 9.999999e-01 -2.571503e-05 -1.141570e+00 -6.076839e-04 2.546342e-05 9.999999e-01 6.140354e+00
9.993648e-01 -1.781694e-04 3.563776e-02 3.008074e+01 2.050823e-04 9.999997e-01 -7.515203e-04 -1.155987e+00 -3.563763e-02 7.583530e-04 9.993644e-01 6.179444e+00
9.999224e-01 4.040148e-04 -1.244793e-02 3.043956e+01 -4.008386e-04 9.999999e-01 2.576628e-04 -1.170449e+00 1.244805e-02 -2.526546e-04 9.999226e-01 6.207747e+00
9.998543e-01 -3.166934e-04 1.706862e-02 3.070479e+01 3.230529e-04 9.999999e-01 -3.698207e-04 -1.180677e+00 -1.706851e-02 3.752823e-04 9.998542e-01 6.298869e+00
9.999386e-01 4.534002e-04 -1.106871e-02 3.093651e+01 -4.511452e-04 9.999999e-01 2.062316e-04 -1.190061e+00 1.106882e-02 -2.012267e-04 9.999388e-01 6.410906e+00
9.999901e-01 -1.585815e-04 4.456616e-03 3.111662e+01 1.587084e-04 1.000000e+00 -2.810526e-05 -1.197430e+00 -4.456626e-03 2.881364e-05 9.999900e-01 6.436735e+00
9.999918e-01 2.534397e-04 4.039729e-03 3.137618e+01 -2.528348e-04 1.000000e+00 -1.502728e-04 -1.207898e+00 -4.039753e-03 1.492489e-04 9.999919e-01 6.558501e+00
9.997903e-01 1.850620e-04 -2.047839e-02 3.156801e+01 -1.728129e-04 9.999998e-01 5.999127e-04 -1.216056e+00 2.047848e-02 -5.962465e-04 9.997900e-01 6.631414e+00
9.999993e-01 3.296628e-04 1.152051e-03 3.169472e+01 -3.296177e-04 9.999999e-01 -3.949366e-05 -1.221866e+00 -1.152047e-03 3.911247e-05 9.999994e-01 6.659434e+00
9.998133e-01 7.289421e-05 -1.932295e-02 3.173961e+01 -6.269496e-05 9.999999e-01 5.284289e-04 -1.224795e+00 1.932297e-02 -5.271174e-04 9.998131e-01 6.621753e+00
9.999882e-01 2.031022e-04 4.858944e-03 3.180171e+01 -2.020650e-04 1.000000e+00 -2.139847e-04 -1.227931e+00 -4.858967e-03 2.129989e-04 9.999883e-01 6.523745e+00
9.998550e-01 4.019192e-05 -1.702731e-02 3.173653e+01 -3.259126e-05 9.999999e-01 4.466482e-04 -1.226576e+00 1.702730e-02 -4.460269e-04 9.998548e-01 6.365961e+00
9.999232e-01 -4.673204e-05 1.239103e-02 3.169763e+01 5.214859e-05 9.999999e-01 -4.368277e-04 -1.226163e+00 -1.239099e-02 4.374388e-04 9.999232e-01 6.218858e+00
9.998891e-01 4.101873e-05 -1.489486e-02 3.163430e+01 -3.459993e-05 9.999999e-01 4.311866e-04 -1.224857e+00 1.489485e-02 -4.306219e-04 9.998889e-01 6.044260e+00
9.998961e-01 -6.975929e-05 1.441433e-02 3.151027e+01 7.637448e-05 9.999999e-01 -4.583956e-04 -1.221314e+00 -1.441428e-02 4.594474e-04 9.998961e-01 5.803881e+00
9.999174e-01 7.039365e-05 -1.285532e-02 3.157475e+01 -6.419231e-05 9.999999e-01 4.827930e-04 -1.224273e+00 1.285533e-02 -4.819264e-04 9.999172e-01 5.611493e+00
9.998941e-01 -3.153120e-05 1.455488e-02 3.178735e+01 3.853435e-05 9.999999e-01 -4.808878e-04 -1.232723e+00 -1.455484e-02 4.813962e-04 9.998941e-01 5.609451e+00
9.998839e-01 -1.682527e-05 -1.523829e-02 3.183287e+01 2.421090e-05 9.999999e-01 4.844804e-04 -1.235209e+00 1.523826e-02 -4.847916e-04 9.998837e-01 5.435142e+00
9.998689e-01 5.615288e-05 1.619357e-02 3.214695e+01 -4.762009e-05 9.999999e-01 -5.273218e-04 -1.246821e+00 -1.619358e-02 5.264800e-04 9.998688e-01 5.392640e+00
9.998637e-01 -3.857211e-05 -1.651103e-02 3.248523e+01 4.617527e-05 9.999999e-01 4.600984e-04 -1.259227e+00 1.651099e-02 -4.607966e-04 9.998635e-01 5.314267e+00
9.998989e-01 5.428339e-05 1.422145e-02 3.280720e+01 -4.665708e-05 9.999999e-01 -5.365992e-04 -1.271159e+00 -1.422145e-02 5.358799e-04 9.998988e-01 5.318491e+00
9.998960e-01 -1.655593e-05 -1.441899e-02 3.317045e+01 2.333175e-05 9.999999e-01 4.697433e-04 -1.284365e+00 1.441896e-02 -4.700294e-04 9.998958e-01 5.281196e+00
9.997562e-01 1.591452e-04 2.208166e-02 3.351946e+01 -1.454589e-04 9.999998e-01 -6.214159e-04 -1.297464e+00 -2.208173e-02 6.180510e-04 9.997561e-01 5.377986e+00
9.999525e-01 2.449817e-05 -9.746958e-03 3.391105e+01 -2.087571e-05 9.999999e-01 3.717358e-04 -1.312279e+00 9.746946e-03 -3.715132e-04 9.999523e-01 5.546973e+00
9.997477e-01 1.162565e-04 2.246367e-02 3.424715e+01 -1.028513e-04 9.999998e-01 -5.979120e-04 -1.325257e+00 -2.246371e-02 5.954493e-04 9.997476e-01 5.650438e+00
9.997440e-01 3.184285e-06 -2.262440e-02 3.459289e+01 8.405609e-06 9.999999e-01 5.121730e-04 -1.337889e+00 2.262438e-02 -5.122307e-04 9.997438e-01 5.748047e+00
9.997863e-01 3.605433e-05 2.067092e-02 3.485704e+01 -2.452290e-05 9.999998e-01 -5.581194e-04 -1.347816e+00 -2.067092e-02 5.574918e-04 9.997863e-01 5.706254e+00
9.998009e-01 1.142048e-05 -1.995462e-02 3.505407e+01 -6.803590e-07 9.999999e-01 5.382272e-04 -1.355622e+00 1.995460e-02 -5.381050e-04 9.998006e-01 5.724254e+00
9.996464e-01 7.380190e-05 2.659097e-02 3.536095e+01 -5.653374e-05 9.999998e-01 -6.501572e-04 -1.367342e+00 -2.659099e-02 6.484226e-04 9.996463e-01 5.749376e+00
9.997660e-01 4.495301e-05 -2.163114e-02 3.566289e+01 -3.284456e-05 9.999998e-01 5.601186e-04 -1.378756e+00 2.163115e-02 -5.592757e-04 9.997658e-01 5.840514e+00
9.996791e-01 2.072731e-05 2.533343e-02 3.585751e+01 -5.538215e-06 9.999998e-01 -5.996437e-04 -1.386651e+00 -2.533342e-02 5.993095e-04 9.996790e-01 5.898908e+00
9.997825e-01 4.306631e-05 -2.085411e-02 3.594229e+01 -3.087430e-05 9.999998e-01 5.849495e-04 -1.391523e+00 2.085411e-02 -5.841771e-04 9.997823e-01 6.012575e+00
9.997549e-01 -2.364647e-05 2.214127e-02 3.600005e+01 3.688345e-05 9.999998e-01 -5.974409e-04 -1.394930e+00 -2.214123e-02 5.981097e-04 9.997548e-01 6.039251e+00
9.999171e-01 1.341236e-04 -1.287385e-02 3.627555e+01 -1.283045e-04 9.999999e-01 4.528209e-04 -1.405773e+00 1.287389e-02 -4.511303e-04 9.999169e-01 6.095275e+00
9.995737e-01 7.722908e-06 2.919543e-02 3.665787e+01 1.523635e-05 9.999997e-01 -7.861815e-04 -1.420380e+00 -2.919541e-02 7.862899e-04 9.995735e-01 6.100493e+00
9.999089e-01 1.205662e-04 -1.349992e-02 3.700763e+01 -1.140108e-04 9.999999e-01 4.863505e-04 -1.434005e+00 1.349997e-02 -4.847657e-04 9.999087e-01 6.155870e+00
9.992534e-01 4.384619e-05 3.863481e-02 3.735322e+01 -4.849274e-06 9.999995e-01 -1.009469e-03 -1.448101e+00 -3.863483e-02 1.008526e-03 9.992530e-01 6.174669e+00
9.995971e-01 1.085375e-04 -2.838341e-02 3.759726e+01 -8.463335e-05 9.999996e-01 8.433870e-04 -1.457519e+00 2.838348e-02 -8.406438e-04 9.995967e-01 6.114415e+00
9.994433e-01 -3.707179e-05 3.336227e-02 3.782404e+01 6.762721e-05 9.999996e-01 -9.147427e-04 -1.466262e+00 -3.336222e-02 9.164885e-04 9.994430e-01 6.053273e+00
9.997565e-01 1.573122e-04 -2.206813e-02 3.814023e+01 -1.415435e-04 9.999997e-01 7.161022e-04 -1.478717e+00 2.206823e-02 -7.128030e-04 9.997561e-01 6.087049e+00
9.995597e-01 2.064881e-05 2.967285e-02 3.858285e+01 6.450461e-06 9.999996e-01 -9.131749e-04 -1.494699e+00 -2.967285e-02 9.129630e-04 9.995593e-01 6.219323e+00
9.998549e-01 1.908068e-04 -1.703643e-02 3.905801e+01 -1.803153e-04 9.999998e-01 6.173620e-04 -1.512043e+00 1.703654e-02 -6.141993e-04 9.998546e-01 6.387185e+00
9.993548e-01 5.395937e-05 3.591753e-02 3.949935e+01 -1.739483e-05 9.999995e-01 -1.018327e-03 -1.528827e+00 -3.591756e-02 1.017044e-03 9.993543e-01 6.502851e+00
9.997723e-01 1.611672e-04 -2.133844e-02 3.999840e+01 -1.466392e-04 9.999998e-01 6.824024e-04 -1.547014e+00 2.133854e-02 -6.791169e-04 9.997720e-01 6.651201e+00
9.993075e-01 7.872420e-05 3.720840e-02 4.044300e+01 -4.046304e-05 9.999995e-01 -1.029047e-03 -1.563706e+00 -3.720846e-02 1.026828e-03 9.993071e-01 6.788559e+00
9.998066e-01 1.540670e-04 -1.966354e-02 4.096326e+01 -1.413430e-04 9.999998e-01 6.484722e-04 -1.582799e+00 1.966364e-02 -6.455665e-04 9.998063e-01 6.899422e+00
9.995081e-01 8.487702e-05 3.136245e-02 4.156468e+01 -5.521859e-05 9.999996e-01 -9.465322e-04 -1.603894e+00 -3.136252e-02 9.443338e-04 9.995077e-01 7.023642e+00
9.999189e-01 1.810146e-04 -1.273496e-02 4.218789e+01 -1.744153e-04 9.999998e-01 5.193117e-04 -1.626130e+00 1.273505e-02 -5.170475e-04 9.999187e-01 7.142412e+00
9.993298e-01 1.263931e-04 3.660507e-02 4.273282e+01 -8.803665e-05 9.999994e-01 -1.049456e-03 -1.646373e+00 -3.660519e-02 1.045529e-03 9.993294e-01 7.270229e+00
9.999443e-01 1.230478e-04 -1.055504e-02 4.316488e+01 -1.181377e-04 9.999999e-01 4.658058e-04 -1.663364e+00 1.055510e-02 -4.645321e-04 9.999441e-01 7.446064e+00
9.992720e-01 1.876475e-04 3.815136e-02 4.357707e+01 -1.466131e-04 9.999994e-01 -1.078362e-03 -1.679879e+00 -3.815155e-02 1.071983e-03 9.992715e-01 7.612167e+00
9.998140e-01 2.645547e-05 -1.928410e-02 4.401261e+01 -1.326679e-05 9.999998e-01 6.840444e-04 -1.696449e+00 1.928413e-02 -6.836606e-04 9.998137e-01 7.744983e+00
9.988852e-01 2.150174e-04 4.720466e-02 4.451357e+01 -1.536599e-04 9.999991e-01 -1.303444e-03 -1.715646e+00 -4.720491e-02 1.294737e-03 9.988845e-01 7.827994e+00
9.999069e-01 7.415642e-05 -1.364188e-02 4.494372e+01 -6.664519e-05 9.999998e-01 5.510573e-04 -1.733111e+00 1.364194e-02 -5.500963e-04 9.999067e-01 7.917819e+00
9.992415e-01 2.005135e-04 3.894147e-02 4.538333e+01 -1.576415e-04 9.999994e-01 -1.104001e-03 -1.750282e+00 -3.894169e-02 1.097024e-03 9.992410e-01 8.035879e+00
9.997551e-01 6.813320e-05 -2.212812e-02 4.590682e+01 -5.183071e-05 9.999997e-01 7.373062e-04 -1.769356e+00 2.212819e-02 -7.359782e-04 9.997548e-01 8.186194e+00
9.991787e-01 1.367745e-04 4.051945e-02 4.642735e+01 -9.153070e-05 9.999994e-01 -1.118445e-03 -1.788386e+00 -4.051960e-02 1.113817e-03 9.991782e-01 8.301218e+00
9.998779e-01 1.433775e-04 -1.562544e-02 4.691150e+01 -1.347151e-04 9.999998e-01 5.554279e-04 -1.806832e+00 1.562554e-02 -5.532547e-04 9.998777e-01 8.432301e+00
9.991286e-01 8.308652e-05 4.173732e-02 4.734223e+01 -3.637595e-05 9.999994e-01 -1.119913e-03 -1.823682e+00 -4.173742e-02 1.117419e-03 9.991281e-01 8.541014e+00
9.999535e-01 1.962815e-04 -9.646375e-03 4.771355e+01 -1.920299e-04 9.999999e-01 4.416717e-04 -1.839083e+00 9.646494e-03 -4.397985e-04 9.999533e-01 8.579392e+00
9.990711e-01 1.002824e-04 4.309137e-02 4.808724e+01 -4.840181e-05 9.999993e-01 -1.205007e-03 -1.854926e+00 -4.309149e-02 1.201802e-03 9.990705e-01 8.734132e+00
9.998878e-01 2.067993e-04 -1.497555e-02 4.847433e+01 -1.983748e-04 9.999998e-01 5.640299e-04 -1.870668e+00 1.497570e-02 -5.609956e-04 9.998876e-01 8.898810e+00
9.994185e-01 5.164481e-05 3.409771e-02 4.870200e+01 -1.929440e-05 9.999995e-01 -9.490836e-04 -1.881936e+00 -3.409778e-02 9.478736e-04 9.994181e-01 9.206910e+00
9.998503e-01 1.957053e-04 -1.730316e-02 4.904536e+01 -1.853980e-04 9.999998e-01 5.972883e-04 -1.895783e+00 1.730332e-02 -5.939908e-04 9.998500e-01 9.443131e+00
9.992203e-01 7.815391e-05 3.948089e-02 4.947013e+01 -3.398068e-05 9.999994e-01 -1.119520e-03 -1.912622e+00 -3.948100e-02 1.117306e-03 9.992198e-01 9.729690e+00
9.997637e-01 2.332508e-04 -2.173845e-02 4.993002e+01 -2.175633e-04 9.999997e-01 7.240082e-04 -1.929728e+00 2.173866e-02 -7.191076e-04 9.997633e-01 9.927557e+00
9.989825e-01 2.746406e-05 4.509867e-02 5.034536e+01 2.803458e-05 9.999992e-01 -1.229972e-03 -1.945904e+00 -4.509871e-02 1.229985e-03 9.989819e-01 1.006207e+01
9.998726e-01 2.611803e-04 -1.595783e-02 5.077728e+01 -2.520263e-04 9.999998e-01 5.756434e-04 -1.962969e+00 1.595803e-02 -5.715484e-04 9.998724e-01 1.015223e+01
9.990185e-01 1.356226e-05 4.429557e-02 5.112714e+01 3.923037e-05 9.999993e-01 -1.190957e-03 -1.977509e+00 -4.429561e-02 1.191526e-03 9.990179e-01 1.029132e+01
9.998560e-01 2.415184e-04 -1.696725e-02 5.147290e+01 -2.312405e-04 9.999998e-01 6.077042e-04 -1.991912e+00 1.696745e-02 -6.036933e-04 9.998558e-01 1.035610e+01
9.994507e-01 -5.029059e-05 3.313953e-02 5.194620e+01 8.135255e-05 9.999996e-01 -9.359621e-04 -2.009143e+00 -3.313952e-02 9.381442e-04 9.994504e-01 1.035168e+01
9.999337e-01 2.651926e-04 -1.151048e-02 5.228222e+01 -2.591867e-04 9.999998e-01 5.232575e-04 -2.022294e+00 1.151068e-02 -5.202396e-04 9.999335e-01 1.034575e+01
9.994874e-01 -4.344425e-05 3.201603e-02 5.252189e+01 7.190259e-05 9.999996e-01 -8.877288e-04 -2.032258e+00 -3.201604e-02 8.895760e-04 9.994871e-01 1.029951e+01
9.999005e-01 2.618520e-04 -1.410428e-02 5.301636e+01 -2.548828e-04 9.999998e-01 4.959035e-04 -2.050390e+00 1.410447e-02 -4.922594e-04 9.999003e-01 1.031008e+01
9.996292e-01 -9.266858e-05 2.722873e-02 5.349093e+01 1.131496e-04 9.999997e-01 -7.506465e-04 -2.067473e+00 -2.722872e-02 7.534494e-04 9.996290e-01 1.035204e+01
9.999366e-01 2.691620e-04 -1.125781e-02 5.399092e+01 -2.646415e-04 9.999999e-01 4.030142e-04 -2.085552e+00 1.125798e-02 -4.000097e-04 9.999365e-01 1.030377e+01
9.997358e-01 -7.188659e-05 2.298614e-02 5.447760e+01 8.714833e-05 9.999998e-01 -6.629580e-04 -2.102966e+00 -2.298615e-02 6.647864e-04 9.997357e-01 1.035071e+01
9.999268e-01 2.244989e-04 -1.209572e-02 5.487041e+01 -2.187737e-04 9.999999e-01 4.746355e-04 -2.117424e+00 1.209589e-02 -4.719549e-04 9.999266e-01 1.043633e+01
9.996143e-01 -5.562930e-05 2.777001e-02 5.514398e+01 7.608984e-05 9.999997e-01 -7.357340e-04 -2.128342e+00 -2.777002e-02 7.375636e-04 9.996142e-01 1.043517e+01
9.998659e-01 2.236335e-04 -1.637472e-02 5.554099e+01 -2.146257e-04 9.999998e-01 5.518464e-04 -2.142863e+00 1.637491e-02 -5.482584e-04 9.998657e-01 1.044936e+01
9.995609e-01 -5.640503e-05 2.963169e-02 5.599281e+01 8.048733e-05 9.999997e-01 -8.115337e-04 -2.159171e+00 -2.963170e-02 8.135627e-04 9.995606e-01 1.039926e+01
9.998886e-01 2.364402e-04 -1.492035e-02 5.650623e+01 -2.289120e-04 9.999998e-01 5.062525e-04 -2.177480e+00 1.492054e-02 -5.027811e-04 9.998885e-01 1.041110e+01
9.994082e-01 -1.476470e-05 3.439801e-02 5.704728e+01 4.621121e-05 9.999996e-01 -9.134052e-04 -2.197110e+00 -3.439805e-02 9.144547e-04 9.994079e-01 1.038130e+01
9.999386e-01 2.423431e-04 -1.107411e-02 5.758273e+01 -2.377125e-04 9.999999e-01 4.194343e-04 -2.216833e+00 1.107428e-02 -4.167766e-04 9.999385e-01 1.033404e+01
9.995935e-01 -2.891991e-05 2.851223e-02 5.813352e+01 5.100826e-05 9.999997e-01 -7.739773e-04 -2.236577e+00 -2.851227e-02 7.751175e-04 9.995932e-01 1.030105e+01
9.999404e-01 2.046887e-04 -1.091095e-02 5.861520e+01 -2.001277e-04 9.999999e-01 4.190868e-04 -2.254116e+00 1.091111e-02 -4.168788e-04 9.999403e-01 1.023721e+01
9.995667e-01 -2.196895e-05 2.943678e-02 5.898572e+01 4.418669e-05 9.999997e-01 -7.541185e-04 -2.268394e+00 -2.943684e-02 7.550929e-04 9.995664e-01 1.024691e+01
9.999667e-01 2.103731e-04 -8.153623e-03 5.934643e+01 -2.074482e-04 9.999999e-01 3.595343e-04 -2.282425e+00 8.153775e-03 -3.578314e-04 9.999666e-01 1.020802e+01
9.995416e-01 -3.332594e-05 3.027674e-02 5.966773e+01 5.602441e-05 9.999997e-01 -7.488605e-04 -2.295082e+00 -3.027678e-02 7.502140e-04 9.995414e-01 1.014709e+01
9.999509e-01 2.598490e-04 -9.900921e-03 6.020449e+01 -2.566948e-04 9.999999e-01 3.198086e-04 -2.314576e+00 9.901083e-03 -3.172519e-04 9.999509e-01 1.018259e+01
9.992560e-01 -4.898357e-05 3.856774e-02 6.064461e+01 8.437785e-05 9.999996e-01 -9.160975e-04 -2.331720e+00 -3.856776e-02 9.186708e-04 9.992556e-01 1.018641e+01
9.998883e-01 2.691143e-04 -1.494019e-02 6.101569e+01 -2.621981e-04 9.999999e-01 4.648586e-04 -2.346345e+00 1.494040e-02 -4.608900e-04 9.998882e-01 1.017786e+01
9.989710e-01 -7.856269e-05 4.535488e-02 6.126670e+01 1.257281e-04 9.999995e-01 -1.037074e-03 -2.357462e+00 -4.535486e-02 1.041710e-03 9.989705e-01 1.011453e+01
9.999786e-01 3.537490e-04 -6.529426e-03 6.145883e+01 -3.519278e-04 9.999999e-01 2.800034e-04 -2.367368e+00 6.529611e-03 -2.777002e-04 9.999786e-01 1.005756e+01
9.994419e-01 -1.503530e-04 3.340458e-02 6.180332e+01 1.770286e-04 9.999997e-01 -7.956188e-04 -2.381363e+00 -3.340454e-02 8.010891e-04 9.994417e-01 9.963680e+00
9.999847e-01 4.168703e-04 5.515444e-03 6.207430e+01 -4.170671e-04 9.999999e-01 3.463126e-05 -2.393744e+00 -5.515340e-03 -3.693179e-05 9.999847e-01 9.838976e+00
9.995648e-01 -1.416263e-04 2.949875e-02 6.238400e+01 1.631856e-04 9.999997e-01 -7.284660e-04 -2.407316e+00 -2.949873e-02 7.329635e-04 9.995646e-01 9.776490e+00
9.999991e-01 3.735976e-04 -1.238968e-03 6.278591e+01 -3.734149e-04 9.999999e-01 1.472346e-04 -2.423333e+00 1.239116e-03 -1.467727e-04 9.999992e-01 9.738689e+00
9.994899e-01 -1.832069e-04 3.193842e-02 6.311588e+01 2.079529e-04 9.999997e-01 -7.715034e-04 -2.437179e+00 -3.193836e-02 7.777523e-04 9.994896e-01 9.717975e+00
9.999997e-01 4.331851e-04 6.655722e-04 6.340891e+01 -4.332518e-04 9.999999e-01 1.010571e-04 -2.450112e+00 -6.654337e-04 -1.013463e-04 9.999997e-01 9.693445e+00
9.996808e-01 -2.477594e-04 2.526392e-02 6.366920e+01 2.623959e-04 9.999998e-01 -5.760540e-04 -2.461129e+00 -2.526387e-02 5.825002e-04 9.996807e-01 9.636010e+00
9.999989e-01 4.786787e-04 1.348278e-03 6.386969e+01 -4.788229e-04 9.999999e-01 1.071491e-04 -2.470209e+00 -1.348130e-03 -1.077954e-04 9.999990e-01 9.545202e+00
9.996330e-01 -2.745230e-04 2.708972e-02 6.416905e+01 2.924170e-04 9.999997e-01 -6.566133e-04 -2.482769e+00 -2.708963e-02 6.642947e-04 9.996329e-01 9.457992e+00
9.999461e-01 4.540887e-04 -1.037032e-02 6.453620e+01 -4.506238e-04 9.999998e-01 3.363739e-04 -2.496783e+00 1.037057e-02 -3.316836e-04 9.999461e-01 9.409867e+00
9.996657e-01 -3.164461e-04 2.585344e-02 6.496833e+01 3.327500e-04 9.999997e-01 -6.263581e-04 -2.512648e+00 -2.585334e-02 6.347524e-04 9.996656e-01 9.383211e+00
9.999943e-01 5.085111e-04 3.338198e-03 6.518095e+01 -5.087641e-04 9.999999e-01 7.515579e-05 -2.522314e+00 -3.338061e-03 -7.685463e-05 9.999944e-01 9.320862e+00
9.997564e-01 -3.316521e-04 2.206896e-02 6.533466e+01 3.434687e-04 9.999998e-01 -5.316863e-04 -2.529957e+00 -2.206888e-02 5.391378e-04 9.997564e-01 9.288558e+00
9.998564e-01 5.370814e-04 1.693622e-02 6.547565e+01 -5.332003e-04 9.999998e-01 -2.336259e-04 -2.538261e+00 -1.693624e-02 2.245610e-04 9.998565e-01 9.253981e+00
9.995844e-01 -2.565282e-04 2.882683e-02 6.559040e+01 2.732716e-04 9.999998e-01 -5.769193e-04 -2.546249e+00 -2.882678e-02 5.845580e-04 9.995843e-01 9.197129e+00
9.999254e-01 5.627404e-04 1.219577e-02 6.585149e+01 -5.597692e-04 9.999998e-01 -2.469549e-04 -2.558686e+00 -1.219580e-02 2.401088e-04 9.999255e-01 9.170551e+00
9.999214e-01 -3.322864e-04 1.253681e-02 6.632080e+01 3.356019e-04 9.999999e-01 -2.624381e-04 -2.576593e+00 -1.253682e-02 2.666258e-04 9.999214e-01 9.163297e+00
9.999741e-01 5.045951e-04 7.178560e-03 6.685909e+01 -5.035242e-04 9.999999e-01 -1.508388e-04 -2.596031e+00 -7.178535e-03 1.472194e-04 9.999742e-01 9.098454e+00
9.998777e-01 -3.205840e-04 1.564179e-02 6.731516e+01 3.256437e-04 9.999999e-01 -3.209875e-04 -2.613307e+00 -1.564178e-02 3.260429e-04 9.998777e-01 9.026840e+00
9.999337e-01 5.561200e-04 1.149912e-02 6.781167e+01 -5.533086e-04 9.999998e-01 -2.475806e-04 -2.632152e+00 -1.149916e-02 2.412006e-04 9.999338e-01 8.966837e+00
9.998119e-01 -3.177914e-04 1.939308e-02 6.825386e+01 3.253668e-04 9.999999e-01 -3.875241e-04 -2.649603e+00 -1.939305e-02 3.937621e-04 9.998119e-01 8.925617e+00
9.998597e-01 5.349585e-04 1.674101e-02 6.858456e+01 -5.291026e-04 9.999998e-01 -3.541543e-04 -2.663916e+00 -1.674109e-02 3.452459e-04 9.998598e-01 8.915907e+00
9.995926e-01 -2.156004e-04 2.854395e-02 6.888660e+01 2.313154e-04 9.999998e-01 -5.472972e-04 -2.678057e+00 -2.854393e-02 5.536778e-04 9.995924e-01 8.884957e+00
9.999991e-01 4.678722e-04 1.218488e-03 6.934359e+01 -4.677979e-04 9.999999e-01 -6.022092e-05 -2.695858e+00 -1.218418e-03 5.964991e-05 9.999992e-01 8.793208e+00
9.998171e-01 -2.452692e-04 1.912839e-02 6.982369e+01 2.517779e-04 9.999999e-01 -3.379188e-04 -2.713594e+00 -1.912841e-02 3.426740e-04 9.998170e-01 8.754909e+00
9.999689e-01 4.401485e-04 7.866495e-03 7.026693e+01 -4.384222e-04 9.999999e-01 -2.210135e-04 -2.730769e+00 -7.866495e-03 2.175569e-04 9.999690e-01 8.711840e+00
9.995041e-01 -1.429950e-04 3.149099e-02 7.060777e+01 1.601333e-04 9.999998e-01 -5.417484e-04 -2.745611e+00 -3.149100e-02 5.465234e-04 9.995039e-01 8.630137e+00
9.999926e-01 4.129659e-04 3.801323e-03 7.101469e+01 -4.122333e-04 9.999999e-01 -1.931684e-04 -2.762325e+00 -3.801308e-03 1.915990e-04 9.999927e-01 8.591621e+00
9.995584e-01 -1.707256e-04 2.971620e-02 7.139417e+01 1.850741e-04 9.999999e-01 -4.801470e-04 -2.778012e+00 -2.971621e-02 4.854356e-04 9.995583e-01 8.548714e+00
9.999523e-01 4.667924e-04 9.749515e-03 7.173836e+01 -4.638338e-04 9.999998e-01 -3.055790e-04 -2.792981e+00 -9.749564e-03 3.010414e-04 9.999524e-01 8.492684e+00
9.999162e-01 -2.440385e-04 1.294930e-02 7.221566e+01 2.460403e-04 1.000000e+00 -1.531030e-04 -2.810871e+00 -1.294935e-02 1.562771e-04 9.999162e-01 8.422200e+00
9.999181e-01 4.403363e-04 1.278333e-02 7.263775e+01 -4.357492e-04 9.999998e-01 -3.615034e-04 -2.827191e+00 -1.278340e-02 3.559026e-04 9.999182e-01 8.339536e+00
9.999544e-01 -1.978316e-04 9.556624e-03 7.317875e+01 1.988915e-04 1.000000e+00 -1.101109e-04 -2.847052e+00 -9.556691e-03 1.120075e-04 9.999544e-01 8.309977e+00
9.999808e-01 3.931065e-04 6.179513e-03 7.376576e+01 -3.916267e-04 9.999999e-01 -2.404460e-04 -2.867735e+00 -6.179519e-03 2.380204e-04 9.999809e-01 8.293167e+00
9.999456e-01 -2.259593e-04 1.043487e-02 7.433805e+01 2.271643e-04 1.000000e+00 -1.144388e-04 -2.887980e+00 -1.043493e-02 1.168039e-04 9.999456e-01 8.266697e+00
9.999853e-01 3.634146e-04 5.392520e-03 7.487157e+01 -3.622586e-04 9.999999e-01 -2.150724e-04 -2.906922e+00 -5.392510e-03 2.131149e-04 9.999854e-01 8.213520e+00
9.997138e-01 -1.701023e-04 2.392778e-02 7.516299e+01 1.786188e-04 9.999999e-01 -3.538517e-04 -2.919269e+00 -2.392780e-02 3.580252e-04 9.997137e-01 8.140636e+00
9.999552e-01 3.672719e-04 9.453985e-03 7.548816e+01 -3.641315e-04 9.999999e-01 -3.337372e-04 -2.933225e+00 -9.454023e-03 3.302790e-04 9.999552e-01 8.113831e+00
9.995017e-01 -1.012496e-04 3.156780e-02 7.575084e+01 1.172299e-04 9.999999e-01 -5.044209e-04 -2.945843e+00 -3.156783e-02 5.078710e-04 9.995015e-01 8.119315e+00
9.999952e-01 2.939213e-04 -3.070127e-03 7.612722e+01 -2.942721e-04 1.000000e+00 -1.143621e-04 -2.961312e+00 3.070173e-03 1.152643e-04 9.999953e-01 8.148221e+00
9.995674e-01 -1.302956e-04 2.941359e-02 7.638511e+01 1.424122e-04 9.999999e-01 -4.098992e-04 -2.972450e+00 -2.941361e-02 4.139114e-04 9.995673e-01 8.099326e+00
9.999674e-01 2.675634e-04 -8.056212e-03 7.667701e+01 -2.675800e-04 1.000000e+00 -1.182040e-06 -2.984233e+00 8.056288e-03 3.336960e-06 9.999675e-01 7.966652e+00
9.995323e-01 -1.279719e-04 3.058259e-02 7.708684e+01 1.424343e-04 9.999999e-01 -4.707730e-04 -3.000173e+00 -3.058260e-02 4.749095e-04 9.995321e-01 7.934570e+00
9.999497e-01 2.661083e-04 -1.002204e-02 7.744317e+01 -2.654858e-04 1.000000e+00 6.328090e-05 -3.014007e+00 1.002213e-02 -6.061770e-05 9.999498e-01 7.806857e+00
9.993901e-01 -1.204644e-04 3.492199e-02 7.780151e+01 1.406297e-04 9.999998e-01 -5.750295e-04 -3.028414e+00 -3.492198e-02 5.795906e-04 9.993899e-01 7.745163e+00
9.995647e-01 2.191334e-04 -2.949903e-02 7.824647e+01 -2.086316e-04 9.999999e-01 3.590251e-04 -3.043959e+00 2.949918e-02 -3.527151e-04 9.995647e-01 7.643557e+00
9.995512e-01 -1.052588e-04 2.995984e-02 7.870392e+01 1.199792e-04 9.999999e-01 -4.895953e-04 -3.059624e+00 -2.995986e-02 4.929708e-04 9.995510e-01 7.543148e+00
9.993761e-01 3.195704e-04 -3.531498e-02 7.896635e+01 -2.978850e-04 9.999998e-01 6.192683e-04 -3.068880e+00 3.531524e-02 -6.083629e-04 9.993760e-01 7.366238e+00
9.991694e-01 -1.935443e-04 4.075213e-02 7.923410e+01 2.246030e-04 9.999997e-01 -7.576005e-04 -3.078916e+00 -4.075205e-02 7.661249e-04 9.991690e-01 7.259197e+00
9.988906e-01 5.712738e-04 -4.708495e-02 7.957031e+01 -5.312329e-04 9.999995e-01 8.628709e-04 -3.091096e+00 4.708550e-02 -8.369013e-04 9.988905e-01 7.277410e+00
9.993536e-01 -2.097077e-04 3.595002e-02 7.982190e+01 2.315358e-04 9.999998e-01 -6.030579e-04 -3.100499e+00 -3.594996e-02 6.109924e-04 9.993534e-01 7.214890e+00
9.993323e-01 2.915474e-04 -3.653381e-02 7.992438e+01 -2.695116e-04 9.999998e-01 6.080395e-04 -3.104426e+00 3.653405e-02 -5.977879e-04 9.993322e-01 7.006224e+00
9.996204e-01 -1.578799e-04 2.755491e-02 7.990431e+01 1.703506e-04 9.999999e-01 -4.502847e-04 -3.103848e+00 -2.755491e-02 4.548084e-04 9.996202e-01 6.627185e+00
9.993296e-01 3.516788e-04 -3.660661e-02 7.986213e+01 -3.302673e-04 9.999998e-01 5.909122e-04 -3.102354e+00 3.660688e-02 -5.784268e-04 9.993296e-01 6.226215e+00
9.997822e-01 6.565371e-06 2.087524e-02 7.992095e+01 -3.954605e-06 1.000000e+00 -1.251766e-04 -3.105156e+00 -2.087532e-02 1.250674e-04 9.997821e-01 6.047553e+00
9.990133e-01 5.949682e-04 -4.440547e-02 8.011512e+01 -5.592274e-04 9.999995e-01 8.172586e-04 -3.113067e+00 4.440601e-02 -7.916202e-04 9.990132e-01 6.040576e+00
9.998862e-01 1.461762e-04 1.509064e-02 8.030957e+01 -1.484247e-04 1.000000e+00 1.477930e-04 -3.120857e+00 -1.509069e-02 -1.500154e-04 9.998861e-01 5.972416e+00
9.989790e-01 6.583151e-04 -4.516936e-02 8.042979e+01 -6.189074e-04 9.999994e-01 8.863950e-04 -3.126550e+00 4.517000e-02 -8.575350e-04 9.989789e-01 5.968003e+00
9.998370e-01 7.352136e-05 1.805919e-02 8.056084e+01 -7.419572e-05 1.000000e+00 3.661254e-05 -3.132623e+00 -1.805927e-02 -3.794594e-05 9.998369e-01 5.982330e+00
9.990949e-01 5.389032e-04 -4.253269e-02 8.072287e+01 -5.096943e-04 9.999996e-01 6.975557e-04 -3.139511e+00 4.253313e-02 -6.752462e-04 9.990948e-01 5.928716e+00
9.998759e-01 2.124655e-04 1.575798e-02 8.090390e+01 -2.157562e-04 1.000000e+00 2.070667e-04 -3.147098e+00 -1.575802e-02 -2.104404e-04 9.998758e-01 5.946389e+00
9.995366e-01 2.537190e-04 -3.043531e-02 8.122402e+01 -2.489588e-04 1.000000e+00 1.601651e-04 -3.158882e+00 3.043544e-02 -1.525142e-04 9.995367e-01 5.971344e+00
9.998615e-01 1.407991e-04 1.664701e-02 8.154676e+01 -1.433211e-04 1.000000e+00 1.502581e-04 -3.170646e+00 -1.664708e-02 -1.526227e-04 9.998614e-01 5.971165e+00
9.994657e-01 3.025058e-04 -3.268266e-02 8.192487e+01 -2.950204e-04 9.999999e-01 2.338295e-04 -3.183883e+00 3.268281e-02 -2.240630e-04 9.994657e-01 5.922227e+00
9.999282e-01 2.236850e-04 1.198728e-02 8.222463e+01 -2.276165e-04 9.999999e-01 3.265533e-04 -3.194746e+00 -1.198729e-02 -3.292580e-04 9.999281e-01 5.832130e+00
9.994516e-01 2.874539e-04 -3.310980e-02 8.237969e+01 -2.771984e-04 9.999999e-01 3.143109e-04 -3.200611e+00 3.310997e-02 -3.049609e-04 9.994516e-01 5.556923e+00
9.999437e-01 2.723614e-04 1.061753e-02 8.253007e+01 -2.765990e-04 9.999999e-01 3.975917e-04 -3.206475e+00 -1.061751e-02 -4.005058e-04 9.999436e-01 5.344752e+00
9.996576e-01 5.298490e-05 -2.616537e-02 8.270201e+01 -5.493676e-05 1.000000e+00 -7.389686e-05 -3.212938e+00 2.616546e-02 7.530872e-05 9.996576e-01 5.147195e+00
9.999504e-01 2.178454e-04 9.963581e-03 8.287039e+01 -2.218705e-04 9.999999e-01 4.028252e-04 -3.219060e+00 -9.963584e-03 -4.050155e-04 9.999503e-01 4.825599e+00
9.997238e-01 4.981476e-05 -2.349991e-02 8.297430e+01 -5.354538e-05 1.000000e+00 -1.581387e-04 -3.222274e+00 2.350000e-02 1.593531e-04 9.997238e-01 4.347050e+00
9.999811e-01 3.294964e-04 6.143159e-03 8.300354e+01 -3.333315e-04 9.999998e-01 6.232135e-04 -3.223149e+00 -6.143045e-03 -6.252492e-04 9.999810e-01 3.881203e+00
