9.992091e-01 9.101090e-05 3.976421e-02 3.453533e-02 -5.862662e-05 9.999997e-01 -8.155735e-04 -7.058794e-03 -3.976428e-02 8.125968e-04 9.992089e-01 1.943718e-01
9.999277e-01 1.534489e-04 1.202287e-02 9.205909e-02 -1.503517e-04 1.000000e+00 -2.585121e-04 -1.507850e-02 -1.202290e-02 2.566861e-04 9.999276e-01 3.063269e-01
9.993379e-01 4.508942e-05 3.638357e-02 1.531685e-01 -1.738735e-05 9.999997e-01 -7.617056e-04 -2.307074e-02 -3.638361e-02 7.605685e-04 9.993377e-01 4.425673e-01
9.999110e-01 1.447022e-04 1.334190e-02 2.103613e-01 -1.408399e-04 9.999999e-01 -2.904259e-04 -3.130231e-02 -1.334192e-02 2.885211e-04 9.999109e-01 6.009097e-01
9.992922e-01 6.132420e-05 3.761809e-02 2.637556e-01 -3.238898e-05 9.999997e-01 -7.697929e-04 -3.941590e-02 -3.761815e-02 7.680296e-04 9.992920e-01 7.426782e-01
9.998868e-01 1.613501e-04 1.504593e-02 3.259514e-01 -1.563288e-04 9.999999e-01 -3.349063e-04 -4.775049e-02 -1.504596e-02 3.325162e-04 9.998866e-01 8.675524e-01
9.993052e-01 7.177389e-05 3.727089e-02 3.828172e-01 -4.391305e-05 9.999997e-01 -7.483421e-04 -5.551965e-02 -3.727097e-02 7.461857e-04 9.993050e-01 9.579135e-01
9.999529e-01 1.712551e-04 9.704469e-03 5.013197e-01 -1.690404e-04 1.000000e+00 -2.290308e-04 -6.450194e-02 -9.704469e-03 2.273793e-04 9.999528e-01 1.028480e+00
9.992121e-01 6.320965e-05 3.968983e-02 5.611743e-01 -3.055080e-05 9.999997e-01 -8.234597e-04 -7.200303e-02 -3.968992e-02 8.215987e-04 9.992118e-01 1.118021e+00
9.999620e-01 1.630171e-04 8.719910e-03 6.051433e-01 -1.613049e-04 1.000000e+00 -1.970410e-04 -7.904848e-02 -8.719895e-03 1.956265e-04 9.999619e-01 1.197894e+00
9.993675e-01 5.303478e-05 3.556218e-02 6.616879e-01 -2.655946e-05 9.999997e-01 -7.449559e-04 -8.577771e-02 -3.556226e-02 7.435408e-04 9.993673e-01 1.234034e+00
9.999556e-01 1.131442e-04 9.424733e-03 6.902853e-01 -1.107032e-04 1.000000e+00 -2.595046e-04 -9.221037e-02 -9.424707e-03 2.584490e-04 9.999555e-01 1.315580e+00
9.992462e-01 6.348082e-05 3.882045e-02 7.167859e-01 -3.406941e-05 9.999997e-01 -7.582935e-04 -9.929880e-02 -3.882055e-02 7.564001e-04 9.992460e-01 1.432778e+00
9.999798e-01 1.608101e-04 6.353136e-03 7.256948e-01 -1.596043e-04 1.000000e+00 -1.902471e-04 -1.045880e-01 -6.353104e-03 1.892285e-04 9.999797e-01 1.432788e+00
9.992552e-01 5.046888e-05 3.858786e-02 7.363368e-01 -2.152671e-05 9.999997e-01 -7.504561e-04 -1.095852e-01 -3.858795e-02 7.490673e-04 9.992550e-01 1.396438e+00
9.999845e-01 1.370382e-04 5.557779e-03 7.758998e-01 -1.357271e-04 1.000000e+00 -2.362061e-04 -1.157203e-01 -5.557742e-03 2.354471e-04 9.999844e-01 1.422508e+00
9.995975e-01 1.958975e-05 2.837008e-02 8.280571e-01 -4.307646e-06 9.999999e-01 -5.387452e-04 -1.218070e-01 -2.837016e-02 5.384071e-04 9.995974e-01 1.493343e+00
9.999727e-01 1.631159e-04 7.385627e-03 9.706106e-01 -1.611409e-04 1.000000e+00 -2.679453e-04 -1.305749e-01 -7.385597e-03 2.667468e-04 9.999726e-01 1.548644e+00
9.995304e-01 2.149943e-05 3.064356e-02 1.098346e+00 -4.956076e-06 9.999999e-01 -5.399560e-04 -1.389429e-01 -3.064365e-02 5.395516e-04 9.995303e-01 1.598904e+00
9.999863e-01 1.654024e-04 5.233915e-03 1.149174e+00 -1.640393e-04 1.000000e+00 -2.607606e-04 -1.445005e-01 -5.233879e-03 2.598973e-04 9.999862e-01 1.594522e+00
9.992456e-01 3.060256e-05 3.883623e-02 1.196285e+00 -4.331185e-06 9.999998e-01 -6.765647e-04 -1.512294e-01 -3.883632e-02 6.758873e-04 9.992454e-01 1.663778e+00
9.999909e-01 2.197312e-04 -4.243427e-03 1.443643e+00 -2.200121e-04 1.000000e+00 -6.588729e-05 -1.629746e-01 4.243496e-03 6.681906e-05 9.999909e-01 1.729205e+00
9.994296e-01 -3.975001e-06 3.377208e-02 1.805654e+00 2.353918e-05 9.999998e-01 -5.789233e-04 -1.780605e-01 -3.377215e-02 5.793893e-04 9.994295e-01 1.819336e+00
9.999997e-01 1.982899e-04 -7.703263e-04 2.137567e+00 -1.983910e-04 1.000000e+00 -1.321187e-04 -1.922988e-01 7.703867e-04 1.322702e-04 9.999996e-01 1.858907e+00
9.993670e-01 5.387209e-05 3.557706e-02 2.404188e+00 -3.197736e-05 9.999998e-01 -6.160078e-04 -2.047493e-01 -3.557718e-02 6.144815e-04 9.993668e-01 1.931914e+00
9.998945e-01 1.507122e-04 -1.452149e-02 2.803688e+00 -1.483066e-04 1.000000e+00 1.666726e-04 -2.204622e-01 1.452161e-02 -1.645027e-04 9.998945e-01 2.029054e+00
9.995105e-01 1.706524e-05 3.128632e-02 3.249996e+00 3.913475e-07 9.999998e-01 -5.579829e-04 -2.371700e-01 -3.128642e-02 5.577233e-04 9.995104e-01 2.121806e+00
9.998859e-01 1.431096e-04 -1.510343e-02 3.602083e+00 -1.407324e-04 1.000000e+00 1.584006e-04 -2.511061e-01 1.510354e-02 -1.562583e-04 9.998859e-01 2.242305e+00
9.993795e-01 3.508943e-05 3.522202e-02 3.915825e+00 -1.400840e-05 9.999998e-01 -5.987902e-04 -2.639771e-01 -3.522213e-02 5.979267e-04 9.993794e-01 2.325790e+00
9.998739e-01 1.295673e-04 -1.587691e-02 4.297191e+00 -1.266104e-04 1.000000e+00 1.871868e-04 -2.789552e-01 1.587702e-02 -1.851544e-04 9.998739e-01 2.438919e+00
9.996896e-01 2.587623e-05 2.491375e-02 4.618954e+00 -1.702564e-05 9.999999e-01 -3.554987e-04 -2.913373e-01 -2.491385e-02 3.549656e-04 9.996896e-01 2.578529e+00
9.999117e-01 1.201543e-04 -1.328394e-02 4.971956e+00 -1.190012e-04 1.000000e+00 8.752066e-05 -3.050520e-01 1.328405e-02 -8.593354e-05 9.999117e-01 2.787424e+00
9.996572e-01 7.522143e-05 2.618430e-02 5.346975e+00 -6.493642e-05 9.999999e-01 -3.936803e-04 -3.196061e-01 -2.618442e-02 3.918464e-04 9.996571e-01 3.024113e+00
9.999411e-01 1.004641e-04 -1.085314e-02 5.683300e+00 -9.978571e-05 1.000000e+00 6.295314e-05 -3.330574e-01 1.085324e-02 -6.186786e-05 9.999410e-01 3.209509e+00
9.998751e-01 2.689241e-05 1.580893e-02 5.988005e+00 -2.428063e-05 1.000000e+00 -1.654652e-04 -3.446367e-01 -1.580903e-02 1.650621e-04 9.998751e-01 3.368689e+00
9.998769e-01 6.914641e-05 -1.568662e-02 6.384548e+00 -6.815397e-05 1.000000e+00 6.373460e-05 -3.589847e-01 1.568672e-02 -6.265907e-05 9.998769e-01 3.492982e+00
9.999140e-01 5.908682e-05 1.311708e-02 6.741077e+00 -5.832426e-05 1.000000e+00 -5.859465e-05 -3.721425e-01 -1.311717e-02 5.782600e-05 9.999140e-01 3.668387e+00
9.998950e-01 1.855714e-05 -1.449023e-02 7.046660e+00 -1.781849e-05 1.000000e+00 5.103300e-05 -3.838189e-01 1.449033e-02 -5.077087e-05 9.998949e-01 3.859394e+00
9.998221e-01 1.337533e-04 1.886300e-02 7.425547e+00 -1.305232e-04 1.000000e+00 -1.725224e-04 -3.976705e-01 -1.886312e-02 1.700311e-04 9.998221e-01 4.033358e+00
9.998504e-01 -2.519598e-05 -1.729698e-02 7.788065e+00 2.645810e-05 1.000000e+00 7.267840e-05 -4.111549e-01 1.729708e-02 -7.312659e-05 9.998503e-01 4.197753e+00
9.997753e-01 1.363774e-04 2.119779e-02 8.128931e+00 -1.325541e-04 1.000000e+00 -1.818173e-04 -4.238528e-01 -2.119791e-02 1.789680e-04 9.997754e-01 4.331795e+00
9.998306e-01 -1.822978e-05 -1.840380e-02 8.503540e+00 1.946760e-05 1.000000e+00 6.702236e-05 -4.374590e-01 1.840389e-02 -6.737070e-05 9.998306e-01 4.477438e+00
9.997435e-01 9.027758e-05 2.264798e-02 8.877202e+00 -8.609179e-05 1.000000e+00 -1.858395e-04 -4.510523e-01 -2.264809e-02 1.838435e-04 9.997435e-01 4.475173e+00
9.998965e-01 1.185860e-05 -1.438728e-02 9.147555e+00 -1.086291e-05 1.000000e+00 6.921054e-05 -4.614887e-01 1.438737e-02 -6.904850e-05 9.998964e-01 4.503684e+00
9.996473e-01 1.678881e-04 2.655859e-02 9.536638e+00 -1.602938e-04 9.999999e-01 -2.881137e-04 -4.760290e-01 -2.655873e-02 2.837564e-04 9.996473e-01 4.637129e+00
9.998665e-01 -5.503717e-07 -1.633610e-02 9.923796e+00 2.071990e-06 1.000000e+00 9.306071e-05 -4.904159e-01 1.633620e-02 -9.308356e-05 9.998665e-01 4.756114e+00
9.997926e-01 1.154491e-04 2.036733e-02 1.031381e+01 -1.111589e-04 1.000000e+00 -2.118225e-04 -5.044705e-01 -2.036745e-02 2.095160e-04 9.997926e-01 4.818812e+00
9.998916e-01 -7.245729e-06 -1.472039e-02 1.048545e+01 9.718717e-06 1.000000e+00 1.678511e-04 -5.129147e-01 1.472048e-02 -1.679774e-04 9.998916e-01 5.090280e+00
9.998116e-01 7.379479e-05 1.941208e-02 1.058461e+01 -6.962727e-05 1.000000e+00 -2.154174e-04 -5.183731e-01 -1.941219e-02 2.140266e-04 9.998116e-01 5.244212e+00
9.998509e-01 -1.452947e-05 -1.726785e-02 1.087035e+01 1.742752e-05 1.000000e+00 1.676147e-04 -5.292130e-01 1.726794e-02 -1.678920e-04 9.998508e-01 5.241531e+00
9.998661e-01 2.510223e-05 1.636588e-02 1.124489e+01 -2.124854e-05 1.000000e+00 -2.357100e-04 -5.431885e-01 -1.636598e-02 2.353321e-04 9.998661e-01 5.314691e+00
9.998924e-01 3.060484e-05 -1.466519e-02 1.160119e+01 -2.741163e-05 1.000000e+00 2.178662e-04 -5.563092e-01 1.466530e-02 -2.174421e-04 9.998924e-01 5.161804e+00
9.997967e-01 8.847489e-05 2.016279e-02 1.204637e+01 -8.216564e-05 9.999999e-01 -3.137969e-04 -5.720632e-01 -2.016291e-02 3.120778e-04 9.997967e-01 5.020424e+00
9.999020e-01 4.630170e-05 -1.399932e-02 1.233599e+01 -4.274963e-05 1.000000e+00 2.539506e-04 -5.833123e-01 1.399943e-02 -2.533286e-04 9.999019e-01 5.150651e+00
9.998704e-01 -4.033512e-05 1.610155e-02 1.222933e+01 4.414102e-05 1.000000e+00 -2.360802e-04 -5.836538e-01 -1.610164e-02 2.367618e-04 9.998704e-01 5.365403e+00
9.998752e-01 1.572078e-05 -1.579271e-02 1.213771e+01 -1.230527e-05 1.000000e+00 2.162970e-04 -5.835310e-01 1.579281e-02 -2.160771e-04 9.998752e-01 5.498576e+00
9.997700e-01 1.520705e-04 2.144589e-02 1.246756e+01 -1.452513e-04 9.999999e-01 -3.195816e-04 -5.961048e-01 -2.144604e-02 3.163945e-04 9.997700e-01 5.708826e+00
9.998254e-01 -1.036905e-05 -1.868643e-02 1.282538e+01 1.456552e-05 1.000000e+00 2.243768e-04 -6.093225e-01 1.868653e-02 -2.246111e-04 9.998253e-01 5.884553e+00
9.998251e-01 6.769109e-05 1.870521e-02 1.308086e+01 -6.322767e-05 1.000000e+00 -2.392676e-04 -6.194733e-01 -1.870532e-02 2.380445e-04 9.998251e-01 6.017421e+00
9.998446e-01 -3.320855e-05 -1.762492e-02 1.327385e+01 3.728946e-05 1.000000e+00 2.311495e-04 -6.274350e-01 1.762501e-02 -2.317723e-04 9.998446e-01 6.050023e+00
9.998275e-01 6.802938e-05 1.857700e-02 1.333221e+01 -6.422425e-05 1.000000e+00 -2.054849e-04 -6.316377e-01 -1.857711e-02 2.042577e-04 9.998275e-01 6.204763e+00
9.998549e-01 1.547506e-06 -1.703267e-02 1.368496e+01 5.827859e-07 1.000000e+00 1.250001e-04 -6.447356e-01 1.703277e-02 -1.249933e-04 9.998549e-01 6.275678e+00
9.998574e-01 2.915776e-05 1.689135e-02 1.417626e+01 -2.513458e-05 1.000000e+00 -2.384564e-04 -6.623873e-01 -1.689145e-02 2.379992e-04 9.998574e-01 6.287025e+00
9.998678e-01 2.388027e-06 -1.625471e-02 1.453269e+01 2.800827e-07 1.000000e+00 1.640720e-04 -6.756027e-01 1.625481e-02 -1.640562e-04 9.998678e-01 6.297004e+00
9.997936e-01 1.406854e-04 2.031831e-02 1.500670e+01 -1.347745e-04 9.999999e-01 -2.923359e-04 -6.924642e-01 -2.031844e-02 2.895386e-04 9.997936e-01 6.355740e+00
9.998760e-01 -3.334851e-07 -1.574734e-02 1.545276e+01 3.068130e-06 1.000000e+00 1.735611e-04 -7.084816e-01 1.574744e-02 -1.735893e-04 9.998759e-01 6.435295e+00
9.995556e-01 1.997972e-04 2.980895e-02 1.587308e+01 -1.862927e-04 9.999999e-01 -4.558455e-04 -7.241304e-01 -2.980913e-02 4.500911e-04 9.995556e-01 6.587144e+00
9.998682e-01 -9.292945e-06 -1.623458e-02 1.634252e+01 1.217386e-05 1.000000e+00 1.772845e-04 -7.413369e-01 1.623468e-02 -1.774601e-04 9.998681e-01 6.724598e+00
9.995838e-01 2.373164e-04 2.884708e-02 1.683569e+01 -2.245477e-04 9.999999e-01 -4.459130e-04 -7.590472e-01 -2.884728e-02 4.392513e-04 9.995838e-01 6.876277e+00
9.997841e-01 -1.644987e-05 -2.077811e-02 1.734885e+01 2.199936e-05 1.000000e+00 2.667974e-04 -7.771897e-01 2.077820e-02 -2.671982e-04 9.997840e-01 7.004176e+00
9.996066e-01 2.111954e-04 2.804770e-02 1.784155e+01 -1.996836e-04 9.999999e-01 -4.132792e-04 -7.945851e-01 -2.804788e-02 4.075173e-04 9.996066e-01 7.063967e+00
9.996886e-01 -4.534890e-05 -2.495290e-02 1.826570e+01 5.355284e-05 9.999999e-01 3.280605e-04 -8.099431e-01 2.495298e-02 -3.292960e-04 9.996885e-01 7.195724e+00
9.995491e-01 2.407195e-04 3.002845e-02 1.873945e+01 -2.266814e-04 9.999999e-01 -4.709335e-04 -8.268009e-01 -3.002866e-02 4.639157e-04 9.995490e-01 7.333708e+00
9.997671e-01 1.262125e-05 -2.157791e-02 1.931092e+01 -7.053133e-06 1.000000e+00 2.580669e-04 -8.467201e-01 2.157801e-02 -2.578560e-04 9.997671e-01 7.464625e+00
9.996351e-01 2.157038e-04 2.701231e-02 1.991380e+01 -2.040259e-04 9.999999e-01 -4.351152e-04 -8.675792e-01 -2.701250e-02 4.294466e-04 9.996351e-01 7.588834e+00
9.997874e-01 9.557151e-06 -2.061647e-02 2.045106e+01 -4.211775e-06 1.000000e+00 2.592614e-04 -8.863763e-01 2.061657e-02 -2.591208e-04 9.997874e-01 7.720095e+00
9.997375e-01 1.355465e-04 2.291386e-02 2.105166e+01 -1.261545e-04 9.999999e-01 -4.113777e-04 -9.073822e-01 -2.291401e-02 4.083803e-04 9.997374e-01 7.778138e+00
9.998556e-01 9.251298e-05 -1.698793e-02 2.161952e+01 -8.827858e-05 1.000000e+00 2.499374e-04 -9.270568e-01 1.698805e-02 -2.484030e-04 9.998556e-01 7.889219e+00
9.997538e-01 5.709598e-05 2.218834e-02 2.203882e+01 -4.919014e-05 9.999999e-01 -3.569039e-04 -9.421047e-01 -2.218845e-02 3.557260e-04 9.997538e-01 7.951281e+00
9.998029e-01 5.951671e-05 -1.985319e-02 2.256556e+01 -5.516484e-05 1.000000e+00 2.196884e-04 -9.607857e-01 1.985331e-02 -2.185512e-04 9.998028e-01 8.003589e+00
9.997978e-01 -2.272984e-05 2.011202e-02 2.306380e+01 2.961096e-05 9.999999e-01 -3.419007e-04 -9.785329e-01 -2.011211e-02 3.424285e-04 9.997977e-01 7.965490e+00
9.998384e-01 1.144938e-04 -1.797308e-02 2.351788e+01 -1.105032e-04 1.000000e+00 2.229549e-04 -9.946461e-01 1.797321e-02 -2.209342e-04 9.998384e-01 7.972980e+00
9.998487e-01 -5.451325e-05 1.739826e-02 2.389559e+01 5.917551e-05 1.000000e+00 -2.675266e-04 -1.008682e+00 -1.739834e-02 2.685170e-04 9.998487e-01 8.087859e+00
9.998776e-01 1.333666e-04 -1.564227e-02 2.420124e+01 -1.300970e-04 1.000000e+00 2.099573e-04 -1.020179e+00 1.564240e-02 -2.078980e-04 9.998776e-01 8.146218e+00
9.998181e-01 -4.115850e-05 1.907666e-02 2.454833e+01 4.669140e-05 1.000000e+00 -2.896522e-04 -1.032954e+00 -1.907674e-02 2.904916e-04 9.998180e-01 8.194563e+00
9.998206e-01 9.264742e-05 -1.894069e-02 2.492589e+01 -8.822144e-05 1.000000e+00 2.344462e-04 -1.046906e+00 1.894081e-02 -2.327346e-04 9.998205e-01 8.259775e+00
9.998098e-01 -3.464762e-05 1.950282e-02 2.528755e+01 4.022878e-05 1.000000e+00 -2.858409e-04 -1.060326e+00 -1.950291e-02 2.865725e-04 9.998098e-01 8.305188e+00
9.998384e-01 1.134254e-04 -1.797570e-02 2.571796e+01 -1.100298e-04 1.000000e+00 1.898161e-04 -1.075920e+00 1.797582e-02 -1.878090e-04 9.998383e-01 8.351317e+00
9.997899e-01 2.720780e-05 2.050049e-02 2.617505e+01 -2.136496e-05 1.000000e+00 -2.852868e-04 -1.092362e+00 -2.050059e-02 2.847902e-04 9.997899e-01 8.438356e+00
9.998738e-01 1.599774e-04 -1.588139e-02 2.661086e+01 -1.572177e-04 1.000000e+00 1.749392e-04 -1.108032e+00 1.588151e-02 -1.724216e-04 9.998738e-01 8.597641e+00
9.998595e-01 -2.678481e-05 1.676518e-02 2.701599e+01 3.073145e-05 1.000000e+00 -2.352208e-04 -1.122791e+00 -1.676527e-02 2.357043e-04 9.998595e-01 8.773304e+00
9.998961e-01 1.035666e-04 -1.441317e-02 2.744380e+01 -1.015470e-04 1.000000e+00 1.407683e-04 -1.138136e+00 1.441328e-02 -1.392914e-04 9.998961e-01 8.753605e+00
9.998796e-01 -5.836315e-05 1.552066e-02 2.771581e+01 6.093643e-05 1.000000e+00 -1.654017e-04 -1.148712e+00 -1.552075e-02 1.663289e-04 9.998796e-01 8.797421e+00
9.999196e-01 1.070962e-04 -1.267775e-02 2.787734e+01 -1.047030e-04 1.000000e+00 1.893383e-04 -1.155059e+00 1.267787e-02 -1.879970e-04 9.999196e-01 8.679567e+00
9.999024e-01 -6.485076e-05 1.397487e-02 2.818088e+01 6.811867e-05 1.000000e+00 -2.334525e-04 -1.166475e+00 -1.397495e-02 2.343830e-04 9.999024e-01 8.656175e+00
9.999545e-01 2.204169e-04 -9.529109e-03 2.865656e+01 -2.193088e-04 1.000000e+00 1.172009e-04 -1.183316e+00 9.529234e-03 -1.151071e-04 9.999545e-01 8.702117e+00
9.998967e-01 -8.394315e-05 1.437912e-02 2.907646e+01 8.726462e-05 1.000000e+00 -2.304492e-04 -1.198381e+00 -1.437920e-02 2.316815e-04 9.998966e-01 8.728456e+00
9.999808e-01 2.409542e-04 -6.183806e-03 2.947317e+01 -2.403357e-04 1.000000e+00 1.005667e-04 -1.212869e+00 6.183930e-03 -9.907986e-05 9.999808e-01 8.786055e+00
9.999218e-01 -1.040937e-04 1.251029e-02 2.988856e+01 1.066743e-04 1.000000e+00 -2.057147e-04 -1.227964e+00 -1.251037e-02 2.070345e-04 9.999218e-01 8.827557e+00
9.999788e-01 2.875364e-04 -6.491849e-03 3.042972e+01 -2.872213e-04 1.000000e+00 4.926775e-05 -1.246874e+00 6.491963e-03 -4.740342e-05 9.999789e-01 8.894304e+00
9.999143e-01 -7.347351e-05 1.309389e-02 3.098253e+01 7.613621e-05 1.000000e+00 -2.029489e-04 -1.266121e+00 -1.309398e-02 2.039298e-04 9.999143e-01 8.981174e+00
9.999866e-01 2.551021e-04 -5.154131e-03 3.145699e+01 -2.548238e-04 1.000000e+00 5.439971e-05 -1.283064e+00 5.154244e-03 -5.308689e-05 9.999867e-01 9.046534e+00
9.999765e-01 -1.329261e-04 6.854562e-03 3.196236e+01 1.339929e-04 1.000000e+00 -1.553686e-04 -1.301034e+00 -6.854640e-03 1.562847e-04 9.999765e-01 9.127445e+00
9.999915e-01 2.310071e-04 -4.109809e-03 3.228676e+01 -2.305795e-04 1.000000e+00 1.042030e-04 -1.313137e+00 4.109933e-03 -1.032558e-04 9.999915e-01 9.176552e+00
9.999446e-01 -7.192719e-05 1.052772e-02 3.268501e+01 7.402011e-05 1.000000e+00 -1.985282e-04 -1.327675e+00 -1.052781e-02 1.992977e-04 9.999446e-01 9.259668e+00
9.999990e-01 2.626235e-04 -1.387248e-03 3.312257e+01 -2.625528e-04 1.000000e+00 5.022388e-05 -1.343396e+00 1.387361e-03 -4.986089e-05 9.999990e-01 9.342614e+00
9.999083e-01 -1.071870e-04 1.354744e-02 3.348946e+01 1.102422e-04 1.000000e+00 -2.248634e-04 -1.357074e+00 -1.354752e-02 2.263375e-04 9.999083e-01 9.482656e+00
9.999864e-01 2.878098e-04 -5.202182e-03 3.385276e+01 -2.873078e-04 1.000000e+00 9.700789e-05 -1.370511e+00 5.202310e-03 -9.551321e-05 9.999864e-01 9.593328e+00
9.999782e-01 -1.734788e-04 6.603635e-03 3.428172e+01 1.746375e-04 1.000000e+00 -1.750769e-04 -1.386181e+00 -6.603704e-03 1.762276e-04 9.999782e-01 9.724085e+00
9.999937e-01 3.530906e-04 -3.521189e-03 3.472077e+01 -3.528374e-04 9.999999e-01 7.214824e-05 -1.401996e+00 3.521314e-03 -7.090663e-05 9.999937e-01 9.905919e+00
9.999100e-01 -1.535386e-04 1.342125e-02 3.511308e+01 1.566253e-04 1.000000e+00 -2.290291e-04 -1.416401e+00 -1.342132e-02 2.311119e-04 9.999100e-01 1.008078e+01
9.999973e-01 3.342143e-04 2.278463e-03 3.556877e+01 -3.340092e-04 9.999999e-01 -8.984469e-05 -1.433168e+00 -2.278393e-03 8.908218e-05 9.999974e-01 1.014503e+01
9.999653e-01 -1.266535e-04 8.331493e-03 3.604996e+01 1.275561e-04 1.000000e+00 -1.079582e-04 -1.450231e+00 -8.331579e-03 1.090184e-04 9.999653e-01 1.022873e+01
9.999952e-01 3.543036e-04 3.050526e-03 3.644284e+01 -3.540984e-04 9.999999e-01 -6.739829e-05 -1.464538e+00 -3.050450e-03 6.631656e-05 9.999953e-01 1.036614e+01
9.999917e-01 -1.664303e-04 4.089895e-03 3.685321e+01 1.666730e-04 1.000000e+00 -5.929340e-05 -1.479442e+00 -4.089985e-03 5.997583e-05 9.999917e-01 1.050212e+01
9.999996e-01 3.228114e-04 -7.386753e-04 3.729925e+01 -3.228348e-04 9.999999e-01 -3.333797e-05 -1.495469e+00 7.387645e-04 3.357522e-05 9.999997e-01 1.058778e+01
9.999099e-01 -1.846570e-04 1.342886e-02 3.769787e+01 1.867951e-04 1.000000e+00 -1.580594e-04 -1.510093e+00 -1.342893e-02 1.605548e-04 9.999099e-01 1.065515e+01
9.999954e-01 3.664442e-04 -2.995265e-03 3.810375e+01 -3.664683e-04 9.999999e-01 -7.921529e-06 -1.524854e+00 2.995361e-03 9.017963e-06 9.999955e-01 1.072984e+01
9.998263e-01 -2.276256e-04 1.863879e-02 3.840071e+01 2.319493e-04 9.999999e-01 -2.298806e-04 -1.536714e+00 -1.863883e-02 2.341652e-04 9.998263e-01 1.085353e+01
9.999537e-01 3.902849e-04 -9.606993e-03 3.876475e+01 -3.894034e-04 9.999999e-01 9.348092e-05 -1.550226e+00 9.607128e-03 -8.973678e-05 9.999538e-01 1.094050e+01
9.999164e-01 -2.520392e-04 1.293371e-02 3.918589e+01 2.544623e-04 1.000000e+00 -1.858048e-04 -1.565438e+00 -1.293376e-02 1.890816e-04 9.999164e-01 1.102887e+01
9.999856e-01 4.025354e-04 -5.350439e-03 3.969538e+01 -4.023407e-04 9.999999e-01 3.721332e-05 -1.583331e+00 5.350553e-03 -3.506126e-05 9.999856e-01 1.097884e+01
9.999274e-01 -1.850166e-04 1.205563e-02 4.037888e+01 1.876133e-04 1.000000e+00 -2.143738e-04 -1.606786e+00 -1.205569e-02 2.166212e-04 9.999273e-01 1.098665e+01
9.999836e-01 3.703730e-04 -5.699997e-03 4.093821e+01 -3.700440e-04 9.999999e-01 5.853806e-05 -1.626300e+00 5.700118e-03 -5.642902e-05 9.999837e-01 1.100495e+01
9.999301e-01 -1.945686e-04 1.182360e-02 4.148162e+01 1.970930e-04 1.000000e+00 -2.124504e-04 -1.645285e+00 -1.182365e-02 2.147671e-04 9.999301e-01 1.102965e+01
9.999890e-01 3.651693e-04 -4.663053e-03 4.195462e+01 -3.648791e-04 9.999999e-01 6.280572e-05 -1.662029e+00 4.663175e-03 -6.110474e-05 9.999891e-01 1.106723e+01
9.999860e-01 -3.555840e-04 5.283694e-03 4.226378e+01 3.561980e-04 9.999999e-01 -1.155189e-04 -1.673895e+00 -5.283752e-03 1.174005e-04 9.999861e-01 1.103907e+01
9.999802e-01 3.211069e-04 -6.283071e-03 4.262645e+01 -3.208740e-04 9.999999e-01 3.786203e-05 -1.687146e+00 6.283182e-03 -3.584636e-05 9.999802e-01 1.090696e+01
9.999903e-01 -3.521268e-04 4.394261e-03 4.302929e+01 3.527942e-04 9.999999e-01 -1.514038e-04 -1.701440e+00 -4.394307e-03 1.529538e-04 9.999904e-01 1.074295e+01
9.999825e-01 2.852225e-04 -5.891270e-03 4.334908e+01 -2.846016e-04 1.000000e+00 1.059944e-04 -1.713086e+00 5.891399e-03 -1.043171e-04 9.999826e-01 1.053386e+01
9.999966e-01 -3.836029e-04 2.594726e-03 4.357196e+01 3.839212e-04 9.999999e-01 -1.226965e-04 -1.721166e+00 -2.594778e-03 1.236935e-04 9.999967e-01 1.027329e+01
9.999886e-01 3.008169e-04 -4.745817e-03 4.379465e+01 -3.003903e-04 1.000000e+00 9.031268e-05 -1.729875e+00 4.745943e-03 -8.888725e-05 9.999887e-01 1.020093e+01
9.999981e-01 -3.867254e-04 1.926371e-03 4.403169e+01 3.869414e-04 9.999999e-01 -1.124293e-04 -1.738757e+00 -1.926427e-03 1.131757e-04 9.999982e-01 1.004804e+01
9.999849e-01 3.396342e-04 -5.468450e-03 4.431079e+01 -3.394397e-04 9.999999e-01 3.624580e-05 -1.749215e+00 5.468561e-03 -3.439025e-05 9.999850e-01 1.001200e+01
9.999975e-01 -3.864935e-04 2.223334e-03 4.456813e+01 3.866872e-04 9.999999e-01 -8.732210e-05 -1.758838e+00 -2.223399e-03 8.818286e-05 9.999976e-01 9.905018e+00
9.999954e-01 3.438365e-04 -3.006301e-03 4.483771e+01 -3.436270e-04 9.999999e-01 6.972575e-05 -1.769052e+00 3.006424e-03 -6.869360e-05 9.999954e-01 9.777348e+00
9.999995e-01 -4.165647e-04 9.272292e-04 4.502280e+01 4.166552e-04 9.999999e-01 -9.887266e-05 -1.776671e+00 -9.272875e-04 9.926021e-05 9.999996e-01 9.776578e+00
9.999874e-01 3.583460e-04 -5.001524e-03 4.498263e+01 -3.577548e-04 9.999999e-01 1.188141e-04 -1.776582e+00 5.001665e-03 -1.170245e-04 9.999874e-01 9.731894e+00
9.999969e-01 -4.020185e-04 2.484875e-03 4.513525e+01 4.023428e-04 9.999999e-01 -1.305665e-04 -1.783290e+00 -2.484922e-03 1.315671e-04 9.999969e-01 9.790893e+00
9.999997e-01 5.643875e-04 -3.219761e-04 4.568541e+01 -5.643869e-04 9.999998e-01 -2.346807e-06 -1.802605e+00 3.220743e-04 2.527308e-06 9.999999e-01 9.927992e+00
9.999842e-01 -2.602302e-04 5.626747e-03 4.643112e+01 2.614366e-04 9.999999e-01 -2.139136e-04 -1.827789e+00 -5.626791e-03 2.153825e-04 9.999842e-01 1.011075e+01
9.999933e-01 4.017216e-04 -3.627782e-03 4.710774e+01 -4.014558e-04 9.999999e-01 7.363570e-05 -1.851036e+00 3.627911e-03 -7.218003e-05 9.999934e-01 1.017694e+01
9.999887e-01 -2.427036e-04 4.763519e-03 4.774513e+01 2.436176e-04 1.000000e+00 -1.915840e-04 -1.873007e+00 -4.763572e-03 1.927435e-04 9.999887e-01 1.030070e+01
9.999932e-01 4.003893e-04 -3.638250e-03 4.843977e+01 -4.001882e-04 9.999999e-01 5.561240e-05 -1.896766e+00 3.638371e-03 -5.415725e-05 9.999933e-01 1.040608e+01
9.999758e-01 -2.531195e-04 6.954584e-03 4.922958e+01 2.549574e-04 9.999999e-01 -2.635820e-04 -1.923634e+00 -6.954617e-03 2.653500e-04 9.999758e-01 1.037339e+01
9.999990e-01 5.113707e-04 -1.251772e-03 5.008521e+01 -5.113597e-04 9.999999e-01 7.941106e-06 -1.952343e+00 1.251875e-03 -7.302191e-06 9.999992e-01 1.046295e+01
9.999957e-01 -4.361613e-04 2.919439e-03 5.067980e+01 4.365747e-04 9.999999e-01 -1.414256e-04 -1.973034e+00 -2.919476e-03 1.427008e-04 9.999958e-01 1.041102e+01
9.999975e-01 5.418733e-04 2.166553e-03 5.100358e+01 -5.419806e-04 9.999999e-01 4.955854e-05 -1.985114e+00 -2.166426e-03 -5.073384e-05 9.999976e-01 1.050649e+01
9.999996e-01 -4.950115e-04 8.497416e-04 5.125714e+01 4.951080e-04 9.999999e-01 -1.150181e-04 -1.994741e+00 -8.497839e-04 1.154400e-04 9.999997e-01 1.049502e+01
9.999623e-01 5.993908e-04 8.652199e-03 5.167887e+01 -5.987607e-04 9.999998e-01 -7.524395e-05 -2.010206e+00 -8.652143e-03 7.005933e-05 9.999625e-01 1.054087e+01
9.998122e-01 -4.009046e-04 1.938049e-02 5.206776e+01 4.110558e-04 9.999998e-01 -5.198717e-04 -2.025951e+00 -1.938038e-02 5.277418e-04 9.998121e-01 1.058820e+01
9.999991e-01 6.001621e-04 1.158664e-03 5.252823e+01 -6.002604e-04 9.999998e-01 8.572716e-05 -2.043441e+00 -1.158514e-03 -8.642377e-05 9.999993e-01 1.063998e+01
9.998027e-01 -3.965394e-04 1.986345e-02 5.301713e+01 4.066486e-04 9.999998e-01 -5.049738e-04 -2.061659e+00 -1.986334e-02 5.129528e-04 9.998026e-01 1.066523e+01
9.999608e-01 6.102874e-04 8.826380e-03 5.336016e+01 -6.096398e-04 9.999998e-01 -7.589199e-05 -2.075861e+00 -8.826327e-03 7.050694e-05 9.999610e-01 1.067824e+01
9.999197e-01 -4.172375e-04 1.267067e-02 5.376936e+01 4.218786e-04 9.999998e-01 -3.637409e-04 -2.091777e+00 -1.267061e-02 3.690584e-04 9.999197e-01 1.071339e+01
9.999824e-01 5.627373e-04 -5.891334e-03 5.426251e+01 -5.616782e-04 9.999998e-01 1.811566e-04 -2.109143e+00 5.891532e-03 -1.778455e-04 9.999826e-01 1.076080e+01
9.999625e-01 -4.467723e-04 8.653538e-03 5.471575e+01 4.493060e-04 9.999999e-01 -2.910286e-04 -2.125394e+00 -8.653504e-03 2.949070e-04 9.999626e-01 1.081152e+01
9.999168e-01 6.251486e-04 1.287674e-02 5.524016e+01 -6.230977e-04 9.999998e-01 -1.631570e-04 -2.144734e+00 -1.287674e-02 1.551189e-04 9.999170e-01 1.086987e+01
9.999468e-01 -4.033340e-04 1.031696e-02 5.566658e+01 4.066461e-04 9.999999e-01 -3.190946e-04 -2.161326e+00 -1.031693e-02 3.232741e-04 9.999468e-01 1.095099e+01
9.999746e-01 5.891888e-04 7.096372e-03 5.608068e+01 -5.890565e-04 9.999998e-01 -2.050956e-05 -2.176998e+00 -7.096287e-03 1.632775e-05 9.999748e-01 1.101656e+01
9.999786e-01 -5.401067e-04 -6.525067e-03 5.652413e+01 5.396090e-04 9.999999e-01 -7.778723e-05 -2.193129e+00 6.525013e-03 7.426574e-05 9.999787e-01 1.107086e+01
9.999852e-01 5.910818e-04 5.387483e-03 5.712531e+01 -5.907947e-04 9.999998e-01 -5.458897e-05 -2.214093e+00 -5.387419e-03 5.140415e-05 9.999855e-01 1.107394e+01
9.999743e-01 -5.661352e-04 -7.161182e-03 5.764451e+01 5.655519e-04 9.999998e-01 -8.324569e-05 -2.232354e+00 7.161133e-03 7.919469e-05 9.999744e-01 1.104975e+01
9.999733e-01 6.612002e-04 7.265043e-03 5.828993e+01 -6.606802e-04 9.999998e-01 -7.374569e-05 -2.254750e+00 -7.264995e-03 6.894273e-05 9.999736e-01 1.104056e+01
9.999923e-01 -4.426572e-04 -3.920013e-03 5.909410e+01 4.421544e-04 9.999999e-01 -1.287221e-04 -2.281945e+00 3.919974e-03 1.269890e-04 9.999923e-01 1.113096e+01
9.999546e-01 6.996086e-04 9.500615e-03 5.973257e+01 -6.990217e-04 9.999998e-01 -6.492961e-05 -2.303842e+00 -9.500563e-03 5.828442e-05 9.999548e-01 1.129717e+01
9.999702e-01 -5.747897e-04 -7.708617e-03 6.020842e+01 5.743329e-04 9.999998e-01 -6.126481e-05 -2.320854e+00 7.708556e-03 5.683682e-05 9.999703e-01 1.143896e+01
9.999860e-01 6.338425e-04 5.249001e-03 6.052062e+01 -6.341108e-04 9.999998e-01 4.973713e-05 -2.332646e+00 -5.248874e-03 -5.306598e-05 9.999862e-01 1.160375e+01
9.999899e-01 -4.730355e-04 -4.481206e-03 6.089260e+01 4.725407e-04 9.999999e-01 -1.111322e-04 -2.346639e+00 4.481163e-03 1.090146e-04 9.999900e-01 1.187365e+01
9.999946e-01 5.798870e-04 3.203001e-03 6.129067e+01 -5.801833e-04 9.999998e-01 9.207442e-05 -2.361294e+00 -3.202852e-03 -9.393335e-05 9.999948e-01 1.207618e+01
9.999862e-01 -5.071768e-04 -5.235876e-03 6.172777e+01 5.066037e-04 9.999999e-01 -1.104721e-04 -2.376966e+00 5.235836e-03 1.078192e-04 9.999863e-01 1.224126e+01
9.999967e-01 5.829275e-04 2.477412e-03 6.208510e+01 -5.832576e-04 9.999998e-01 1.331290e-04 -2.390165e+00 -2.477239e-03 -1.345746e-04 9.999969e-01 1.246385e+01
9.999930e-01 -5.149484e-04 -3.714076e-03 6.233442e+01 5.145489e-04 9.999999e-01 -1.080922e-04 -2.400581e+00 3.714036e-03 1.061815e-04 9.999931e-01 1.272311e+01
9.999971e-01 5.626862e-04 2.316525e-03 6.268239e+01 -5.628275e-04 9.999998e-01 6.098314e-05 -2.413627e+00 -2.316395e-03 -6.228786e-05 9.999973e-01 1.282715e+01
9.999955e-01 -4.588509e-04 -2.985652e-03 6.328230e+01 4.583951e-04 9.999999e-01 -1.528430e-04 -2.434589e+00 2.985627e-03 1.514748e-04 9.999956e-01 1.290046e+01
9.999984e-01 6.086565e-04 1.632015e-03 6.390347e+01 -6.088207e-04 9.999998e-01 1.010799e-04 -2.455964e+00 -1.631858e-03 -1.020744e-04 9.999986e-01 1.306652e+01
9.999942e-01 -5.456396e-04 -3.368270e-03 6.435378e+01 5.451992e-04 9.999998e-01 -1.311978e-04 -2.472091e+00 3.368246e-03 1.293618e-04 9.999944e-01 1.321882e+01
9.999978e-01 6.554814e-04 1.982690e-03 6.471128e+01 -6.557238e-04 9.999998e-01 1.223619e-04 -2.485565e+00 -1.982514e-03 -1.236628e-04 9.999980e-01 1.346145e+01
9.999916e-01 -5.854418e-04 -4.066881e-03 6.499948e+01 5.850274e-04 9.999998e-01 -1.026992e-04 -2.496969e+00 4.066845e-03 1.003202e-04 9.999918e-01 1.370609e+01
9.999986e-01 6.903938e-04 1.456038e-03 6.534316e+01 -6.905919e-04 9.999998e-01 1.365982e-04 -2.510043e+00 -1.455848e-03 -1.376046e-04 9.999989e-01 1.399325e+01
9.999905e-01 -6.148678e-04 -4.333531e-03 6.567731e+01 6.143847e-04 9.999998e-01 -1.124738e-04 -2.522611e+00 4.333504e-03 1.098114e-04 9.999906e-01 1.422938e+01
9.999981e-01 7.091691e-04 1.775389e-03 6.606182e+01 -7.093986e-04 9.999997e-01 1.295154e-04 -2.536655e+00 -1.775201e-03 -1.307756e-04 9.999984e-01 1.445237e+01
9.999927e-01 -6.027050e-04 -3.787373e-03 6.636845e+01 6.023371e-04 9.999998e-01 -9.786914e-05 -2.548842e+00 3.787336e-03 9.558826e-05 9.999929e-01 1.475449e+01
9.999995e-01 7.350677e-04 -5.014488e-04 6.672598e+01 -7.349801e-04 9.999997e-01 1.718781e-04 -2.562209e+00 5.016708e-04 -1.715106e-04 9.999998e-01 1.502413e+01
9.999973e-01 -6.475849e-04 -2.242854e-03 6.705778e+01 6.472920e-04 9.999998e-01 -1.306517e-04 -2.574817e+00 2.242842e-03 1.292007e-04 9.999975e-01 1.527665e+01
9.999975e-01 7.140460e-04 -2.088822e-03 6.737351e+01 -7.136123e-04 9.999997e-01 2.076755e-04 -2.586594e+00 2.089065e-03 -2.061854e-04 9.999978e-01 1.548815e+01
9.999619e-01 -3.899973e-04 -8.728707e-03 6.774540e+01 3.907074e-04 9.999999e-01 7.982191e-05 -2.599947e+00 8.728578e-03 -8.322816e-05 9.999619e-01 1.567907e+01
9.999994e-01 6.059609e-04 7.883042e-04 6.804999e+01 -6.060546e-04 9.999998e-01 1.203241e-04 -2.611634e+00 -7.881346e-04 -1.208028e-04 9.999996e-01 1.593011e+01
9.999672e-01 -4.073392e-04 -8.092821e-03 6.829122e+01 4.080996e-04 9.999999e-01 9.247713e-05 -2.621744e+00 8.092686e-03 -9.577572e-05 9.999673e-01 1.623720e+01
9.999869e-01 8.517146e-04 -5.042209e-03 6.857547e+01 -8.499566e-04 9.999996e-01 3.505232e-04 -2.632897e+00 5.042602e-03 -3.462339e-04 9.999872e-01 1.651689e+01
9.999678e-01 -4.805784e-04 -8.023114e-03 6.880873e+01 4.810858e-04 9.999999e-01 6.147377e-05 -2.642715e+00 8.022986e-03 -6.533060e-05 9.999679e-01 1.681866e+01
9.999856e-01 9.459458e-04 -5.271766e-03 6.909821e+01 -9.439039e-04 9.999995e-01 3.895569e-04 -2.653931e+00 5.272230e-03 -3.845762e-04 9.999860e-01 1.709050e+01
9.999887e-01 -6.334094e-04 -4.729086e-03 6.942056e+01 6.328466e-04 9.999998e-01 -1.202730e-04 -2.665871e+00 4.729063e-03 1.172798e-04 9.999889e-01 1.726935e+01
9.999996e-01 8.044767e-04 -7.606848e-05 6.974487e+01 -8.044579e-04 9.999996e-01 2.320881e-04 -2.678402e+00 7.635306e-05 -2.320277e-04 9.999999e-01 1.755888e+01
9.999947e-01 -6.814660e-04 -3.192692e-03 7.012299e+01 6.809017e-04 9.999998e-01 -1.774672e-04 -2.692369e+00 3.192714e-03 1.752933e-04 9.999949e-01 1.780377e+01
9.999997e-01 6.763517e-04 1.648348e-04 7.048412e+01 -6.763735e-04 9.999998e-01 1.392379e-04 -2.705580e+00 -1.646426e-04 -1.393502e-04 9.999999e-01 1.785749e+01
9.999969e-01 -6.370802e-04 -2.439198e-03 7.096483e+01 6.366147e-04 9.999998e-01 -1.911562e-04 -2.722601e+00 2.439221e-03 1.896037e-04 9.999970e-01 1.792716e+01
9.999951e-01 8.381662e-04 3.008490e-03 7.152762e+01 -8.385340e-04 9.999996e-01 1.213786e-04 -2.742247e+00 -3.008289e-03 -1.239016e-04 9.999954e-01 1.812654e+01
9.999997e-01 -5.905326e-04 -5.559230e-04 7.222940e+01 5.903783e-04 9.999998e-01 -2.757680e-04 -2.766152e+00 5.559877e-04 2.754406e-04 9.999998e-01 1.829415e+01
9.999826e-01 8.243569e-04 5.826692e-03 7.303393e+01 -8.247347e-04 9.999997e-01 6.264662e-05 -2.793325e+00 -5.826540e-03 -6.745186e-05 9.999830e-01 1.834044e+01
9.999997e-01 -5.853764e-04 6.430415e-04 7.361037e+01 5.855118e-04 9.999998e-01 -2.121131e-04 -2.813188e+00 -6.430150e-04 2.124904e-04 9.999998e-01 1.847293e+01
9.999957e-01 7.563383e-04 2.821223e-03 7.414433e+01 -7.566190e-04 9.999997e-01 9.882730e-05 -2.831961e+00 -2.821050e-03 -1.009623e-04 9.999960e-01 1.858062e+01
9.999999e-01 -5.721593e-04 -2.080056e-04 7.457625e+01 5.721267e-04 9.999998e-01 -1.514834e-04 -2.847550e+00 2.079946e-04 1.513653e-04 1.000000e+00 1.876101e+01
9.999989e-01 6.638069e-04 1.299773e-03 7.495416e+01 -6.639586e-04 9.999998e-01 1.171915e-04 -2.861663e+00 -1.299597e-03 -1.180552e-04 9.999991e-01 1.890238e+01
9.999999e-01 -5.618143e-04 2.187322e-04 7.549618e+01 5.618571e-04 9.999998e-01 -2.006277e-04 -2.880830e+00 -2.187170e-04 2.007515e-04 1.000000e+00 1.894099e+01
9.999954e-01 7.177862e-04 2.927402e-03 7.593032e+01 -7.181848e-04 9.999997e-01 1.354854e-04 -2.896436e+00 -2.927207e-03 -1.375880e-04 9.999957e-01 1.903740e+01
9.999975e-01 -5.107111e-04 -2.216031e-03 7.643375e+01 5.102537e-04 9.999998e-01 -2.065182e-04 -2.914372e+00 2.216039e-03 2.053878e-04 9.999976e-01 1.926612e+01
9.999895e-01 5.866521e-04 4.531021e-03 7.694797e+01 -5.872302e-04 9.999998e-01 1.265038e-04 -2.932762e+00 -4.530849e-03 -1.291641e-04 9.999897e-01 1.925769e+01
9.999968e-01 -5.280061e-04 -2.482035e-03 7.723370e+01 5.278165e-04 9.999999e-01 -7.663336e-05 -2.943517e+00 2.481978e-03 7.532392e-05 9.999970e-01 1.909685e+01
9.999780e-01 6.151109e-04 6.595473e-03 7.739858e+01 -6.160869e-04 9.999998e-01 1.461089e-04 -2.949850e+00 -6.595285e-03 -1.501698e-04 9.999782e-01 1.889238e+01
9.999919e-01 -5.252910e-04 -4.015807e-03 7.765997e+01 5.246022e-04 9.999998e-01 -1.723067e-04 -2.960166e+00 4.015800e-03 1.701994e-04 9.999920e-01 1.903106e+01
9.999879e-01 5.934579e-04 4.861382e-03 7.793446e+01 -5.941625e-04 9.999998e-01 1.437111e-04 -2.971121e+00 -4.861199e-03 -1.465987e-04 9.999881e-01 1.918715e+01
9.999998e-01 -3.776020e-04 6.724467e-04 7.835628e+01 3.777768e-04 9.999999e-01 -2.614350e-04 -2.986297e+00 -6.724450e-04 2.616898e-04 9.999998e-01 1.936702e+01
9.999970e-01 5.629740e-04 2.339103e-03 7.877013e+01 -5.634092e-04 9.999998e-01 1.858609e-04 -3.001403e+00 -2.338900e-03 -1.871790e-04 9.999972e-01 1.954836e+01
9.999995e-01 -4.486901e-04 -9.863007e-04 7.929264e+01 4.484495e-04 9.999999e-01 -2.430423e-04 -3.020041e+00 9.863126e-04 2.426007e-04 9.999995e-01 1.964670e+01
9.999998e-01 4.195340e-04 2.225658e-04 7.963727e+01 -4.195675e-04 9.999999e-01 1.552287e-04 -3.033077e+00 -2.224036e-04 -1.553228e-04 9.999999e-01 1.965806e+01
9.999992e-01 -4.706946e-04 -1.218092e-03 7.983328e+01 4.704771e-04 9.999999e-01 -1.779491e-04 -3.041463e+00 1.218079e-03 1.773767e-04 9.999993e-01 1.973336e+01
9.999997e-01 4.578501e-04 5.895148e-04 8.014468e+01 -4.579237e-04 9.999999e-01 1.265603e-04 -3.053522e+00 -5.893597e-04 -1.268310e-04 9.999998e-01 1.982096e+01
9.999998e-01 -4.033483e-04 -6.377659e-04 8.038180e+01 4.032656e-04 9.999999e-01 -1.281489e-04 -3.063297e+00 6.377205e-04 1.278925e-04 9.999998e-01 2.001025e+01
9.999998e-01 4.821583e-04 -3.522880e-04 8.078319e+01 -4.821165e-04 9.999999e-01 1.156593e-04 -3.078058e+00 3.524408e-04 -1.154903e-04 9.999999e-01 2.017838e+01
9.999998e-01 -4.652809e-04 6.343085e-04 8.114509e+01 4.653968e-04 9.999999e-01 -1.842507e-04 -3.091705e+00 -6.343198e-04 1.845466e-04 9.999998e-01 2.022497e+01
9.999995e-01 4.617160e-04 -8.041188e-04 8.144921e+01 -4.616090e-04 9.999999e-01 1.319152e-04 -3.103543e+00 8.042767e-04 -1.315448e-04 9.999996e-01 2.027382e+01
9.999999e-01 -4.416227e-04 3.402485e-04 8.188747e+01 4.416881e-04 9.999999e-01 -1.950736e-04 -3.119518e+00 -3.402594e-04 1.952247e-04 1.000000e+00 2.034426e+01
9.999996e-01 5.102074e-04 -6.660862e-04 8.242870e+01 -5.101190e-04 9.999999e-01 1.313456e-04 -3.138659e+00 6.662502e-04 -1.310065e-04 9.999997e-01 2.043814e+01
9.999987e-01 -4.336462e-04 -1.610252e-03 8.299495e+01 4.333599e-04 9.999999e-01 -1.775187e-04 -3.158226e+00 1.610232e-03 1.768215e-04 9.999987e-01 2.055619e+01
9.999985e-01 4.965382e-04 -1.607879e-03 8.354843e+01 -4.963106e-04 9.999999e-01 1.413108e-04 -3.177214e+00 1.608046e-03 -1.405134e-04 9.999987e-01 2.065393e+01
9.999999e-01 -5.222624e-04 -3.327880e-04 8.411865e+01 5.221818e-04 9.999998e-01 -2.389403e-04 -3.197078e+00 3.328155e-04 2.387673e-04 1.000000e+00 2.062956e+01
9.999964e-01 3.891717e-04 -2.617312e-03 8.464289e+01 -3.887884e-04 9.999999e-01 1.465076e-04 -3.214918e+00 2.617466e-03 -1.454903e-04 9.999965e-01 2.020617e+01
9.999999e-01 -5.291717e-04 2.255919e-04 8.508893e+01 5.292136e-04 9.999998e-01 -1.904172e-04 -3.230089e+00 -2.255885e-04 1.905374e-04 1.000000e+00 1.978044e+01
9.999952e-01 4.333072e-04 -3.063583e-03 8.559176e+01 -4.332392e-04 9.999999e-01 2.249295e-05 -3.247502e+00 3.063690e-03 -2.116641e-05 9.999953e-01 1.958892e+01
9.999988e-01 -5.059541e-04 -1.496248e-03 8.612643e+01 5.057219e-04 9.999999e-01 -1.548473e-04 -3.265664e+00 1.496228e-03 1.540913e-04 9.999989e-01 1.937026e+01
9.999949e-01 4.273881e-04 -3.141348e-03 8.656903e+01 -4.272066e-04 9.999999e-01 5.808506e-05 -3.280921e+00 3.141470e-03 -5.674361e-05 9.999950e-01 1.917006e+01
9.999991e-01 -5.237558e-04 -1.294491e-03 8.701613e+01 5.235596e-04 9.999999e-01 -1.509792e-04 -3.296357e+00 1.294472e-03 1.503022e-04 9.999992e-01 1.896237e+01
9.999951e-01 4.920888e-04 -3.076101e-03 8.765360e+01 -4.920013e-04 9.999999e-01 2.882811e-05 -3.317729e+00 3.076213e-03 -2.731539e-05 9.999952e-01 1.880676e+01
9.999999e-01 -5.358000e-04 7.076123e-06 8.830020e+01 5.358003e-04 9.999998e-01 -1.976037e-04 -3.339666e+00 -7.068150e-06 1.976084e-04 1.000000e+00 1.865323e+01
9.999918e-01 4.019717e-04 -4.010839e-03 8.876889e+01 -4.015182e-04 9.999999e-01 1.135777e-04 -3.355624e+00 4.010982e-03 -1.119672e-04 9.999919e-01 1.831809e+01
9.999991e-01 -5.150225e-04 -1.255740e-03 8.925771e+01 5.147635e-04 9.999998e-01 -2.056211e-04 -3.371947e+00 1.255748e-03 2.049755e-04 9.999992e-01 1.788429e+01
9.999831e-01 4.714477e-04 -5.790801e-03 8.982509e+01 -4.705004e-04 9.999999e-01 1.647479e-04 -3.390766e+00 5.790976e-03 -1.620215e-04 9.999832e-01 1.754812e+01
9.999994e-01 -4.740235e-04 -1.043271e-03 9.040226e+01 4.738352e-04 9.999999e-01 -1.796083e-04 -3.410014e+00 1.043258e-03 1.791148e-04 9.999995e-01 1.736762e+01
9.999947e-01 4.094083e-04 -3.212624e-03 9.092943e+01 -4.092507e-04 9.999999e-01 4.934224e-05 -3.427997e+00 3.212743e-03 -4.802815e-05 9.999948e-01 1.713125e+01
9.999999e-01 -5.349596e-04 -8.016328e-05 9.138949e+01 5.349491e-04 9.999999e-01 -1.163078e-04 -3.443431e+00 8.012700e-05 1.162659e-04 1.000000e+00 1.665758e+01
9.999965e-01 4.172649e-04 -2.575425e-03 9.180059e+01 -4.171261e-04 9.999999e-01 5.397027e-05 -3.457316e+00 2.575546e-03 -5.289676e-05 9.999966e-01 1.615726e+01
9.999993e-01 -5.598748e-04 -1.101852e-03 9.222255e+01 5.597271e-04 9.999998e-01 -1.333164e-04 -3.471511e+00 1.101828e-03 1.327006e-04 9.999994e-01 1.564280e+01
9.999980e-01 4.157831e-04 -1.928453e-03 9.259339e+01 -4.156271e-04 9.999999e-01 8.069370e-05 -3.484295e+00 1.928585e-03 -7.989300e-05 9.999981e-01 1.522946e+01
9.999987e-01 -5.489362e-04 -1.527870e-03 9.295723e+01 5.487440e-04 9.999998e-01 -1.253897e-04 -3.496973e+00 1.527840e-03 1.245522e-04 9.999989e-01 1.491330e+01
9.999973e-01 4.157162e-04 -2.265433e-03 9.337402e+01 -4.155683e-04 9.999999e-01 6.522684e-05 -3.511192e+00 2.265558e-03 -6.428622e-05 9.999974e-01 1.450936e+01
9.999996e-01 -5.623129e-04 -8.322602e-04 9.378838e+01 5.621996e-04 9.999998e-01 -1.349305e-04 -3.525234e+00 8.322372e-04 1.344636e-04 9.999997e-01 1.399977e+01
9.999992e-01 3.976898e-04 -1.110965e-03 9.421292e+01 -3.975904e-04 9.999999e-01 8.858021e-05 -3.539657e+00 1.111099e-03 -8.813946e-05 9.999993e-01 1.345749e+01
9.999997e-01 -5.026399e-04 -7.285962e-04 9.460505e+01 5.025338e-04 9.999999e-01 -1.440726e-04 -3.553124e+00 7.285697e-04 1.437075e-04 9.999998e-01 1.299203e+01
9.999996e-01 3.379563e-04 -7.063392e-04 9.484267e+01 -3.378513e-04 9.999999e-01 1.469490e-04 -3.561448e+00 7.064877e-04 -1.467114e-04 9.999997e-01 1.250839e+01
