1.000000e+00 5.476348e-05 1.949292e-04 5.427692e-01 -5.474138e-05 1.000000e+00 -1.134506e-04 -1.958065e-02 -1.949355e-04 1.134395e-04 1.000000e+00 4.135396e-02
9.999988e-01 5.614672e-05 1.527116e-03 1.106045e+00 -5.611377e-05 1.000000e+00 -2.160536e-05 -3.970139e-02 -1.527117e-03 2.152010e-05 9.999987e-01 1.624321e-01
9.999856e-01 9.415638e-05 5.368051e-03 1.768444e+00 -9.272378e-05 1.000000e+00 -2.671264e-04 -6.269716e-02 -5.368077e-03 2.666244e-04 9.999857e-01 2.706640e-01
9.999941e-01 1.471844e-05 -3.421594e-03 2.315399e+00 -1.453699e-05 1.000000e+00 5.305335e-05 -8.193076e-02 3.421595e-03 -5.300290e-05 9.999940e-01 3.557461e-01
9.999875e-01 1.087478e-04 5.000564e-03 2.840886e+00 -1.076262e-04 1.000000e+00 -2.245687e-04 -1.004113e-01 -5.000589e-03 2.240273e-04 9.999876e-01 3.355901e-01
9.999991e-01 -5.150209e-05 -1.327935e-03 3.286204e+00 5.168160e-05 1.000000e+00 1.351350e-04 -1.160999e-01 1.327929e-03 -1.352031e-04 9.999990e-01 1.378810e-01
9.999923e-01 1.020586e-04 3.934401e-03 3.710602e+00 -1.013065e-04 1.000000e+00 -1.913622e-04 -1.312088e-01 -3.934423e-03 1.909618e-04 9.999923e-01 -8.081860e-02
9.999999e-01 -2.418481e-05 -3.558113e-04 4.280456e+00 2.420273e-05 1.000000e+00 5.032409e-05 -1.510288e-01 3.558124e-04 -5.033234e-05 9.999998e-01 -2.588799e-01
9.999978e-01 9.425050e-07 -2.110671e-03 4.736864e+00 -1.280543e-06 1.000000e+00 -1.601489e-04 -1.673709e-01 2.110668e-03 1.601509e-04 9.999979e-01 -3.094558e-01
9.999608e-01 3.199281e-04 -8.845603e-03 5.127088e+00 -3.164357e-04 9.999999e-01 3.962116e-04 -1.815635e-01 8.845730e-03 -3.933967e-04 9.999607e-01 -2.362926e-01
9.999627e-01 1.707367e-04 -8.633573e-03 5.410039e+00 -1.700659e-04 1.000000e+00 7.843463e-05 -1.921779e-01 8.633587e-03 -7.696385e-05 9.999628e-01 -2.997954e-01
9.999978e-01 1.598951e-04 -2.083973e-03 5.569160e+00 -1.594187e-04 1.000000e+00 2.287493e-04 -1.986642e-01 2.084008e-03 -2.284161e-04 9.999977e-01 -3.637056e-01
9.999923e-01 -4.974079e-05 -3.919648e-03 5.641935e+00 4.926472e-05 1.000000e+00 -1.215486e-04 -2.024058e-01 3.919656e-03 1.213541e-04 9.999924e-01 -4.405089e-01
9.999595e-01 3.015255e-04 -8.992251e-03 5.651428e+00 -2.973697e-04 9.999998e-01 4.634843e-04 -2.045160e-01 8.992386e-03 -4.607910e-04 9.999594e-01 -4.362256e-01
9.999978e-01 -1.377576e-04 2.071240e-03 5.848954e+00 1.384112e-04 9.999999e-01 -3.154590e-04 -2.133968e-01 -2.071192e-03 3.157445e-04 9.999979e-01 -2.348907e-01
9.999916e-01 2.754055e-04 -4.095020e-03 6.138030e+00 -2.742221e-04 9.999999e-01 2.895405e-04 -2.246965e-01 4.095095e-03 -2.884146e-04 9.999915e-01 -9.514973e-02
9.998896e-01 2.832581e-04 -1.485786e-02 6.329592e+00 -2.787972e-04 9.999999e-01 3.023097e-04 -2.330295e-01 1.485795e-02 -2.981345e-04 9.998897e-01 -4.725167e-02
9.999511e-01 4.696821e-05 9.887904e-03 6.577710e+00 -4.504665e-05 1.000000e+00 -1.945530e-04 -2.429627e-01 -9.887921e-03 1.940987e-04 9.999510e-01 -3.969862e-02
9.998602e-01 2.406248e-04 -1.671976e-02 6.829028e+00 -2.350718e-04 9.999999e-01 3.340920e-04 -2.529886e-01 1.671985e-02 -3.301155e-04 9.998603e-01 2.995899e-02
9.998292e-01 -1.287066e-04 1.848335e-02 7.204290e+00 1.369712e-04 9.999999e-01 -4.458723e-04 -2.670182e-01 -1.848330e-02 4.483283e-04 9.998290e-01 1.154880e-01
9.999605e-01 2.388064e-04 -8.884782e-03 7.719214e+00 -2.375175e-04 1.000000e+00 1.461351e-04 -2.855782e-01 8.884823e-03 -1.440196e-04 9.999606e-01 2.540224e-01
9.995131e-01 -1.579984e-04 3.120033e-02 8.053606e+00 1.800887e-04 9.999997e-01 -7.052065e-04 -2.996295e-01 -3.120022e-02 7.104825e-04 9.995128e-01 4.145137e-01
9.997143e-01 2.577669e-04 -2.390210e-02 8.416550e+00 -2.476679e-04 9.999999e-01 4.254776e-04 -3.132128e-01 2.390221e-02 -4.194367e-04 9.997143e-01 5.125161e-01
9.991801e-01 -2.120438e-04 4.048443e-02 8.586790e+00 2.450405e-04 9.999996e-01 -8.100870e-04 -3.208878e-01 -4.048424e-02 8.193436e-04 9.991797e-01 3.842797e-01
9.993091e-01 4.139244e-04 -3.716303e-02 8.723467e+00 -3.822941e-04 9.999996e-01 8.582258e-04 -3.268963e-01 3.716337e-02 -8.434261e-04 9.993089e-01 2.192394e-01
9.992865e-01 -1.652097e-04 3.776890e-02 8.978194e+00 1.961435e-04 9.999996e-01 -8.153247e-04 -3.371464e-01 -3.776875e-02 8.221515e-04 9.992861e-01 2.257491e-01
9.993569e-01 2.437868e-04 -3.585779e-02 9.202644e+00 -2.154063e-04 9.999997e-01 7.953366e-04 -3.456382e-01 3.585797e-02 -7.871016e-04 9.993567e-01 7.021280e-02
9.994500e-01 -1.014628e-04 3.316079e-02 9.437692e+00 1.251678e-04 9.999997e-01 -7.127733e-04 -3.545847e-01 -3.316072e-02 7.165323e-04 9.994497e-01 -4.022809e-02
9.992296e-01 4.225073e-04 -3.924328e-02 9.816874e+00 -3.895455e-04 9.999996e-01 8.475794e-04 -3.692594e-01 3.924362e-02 -8.316398e-04 9.992294e-01 2.071605e-01
9.992185e-01 -2.244265e-04 3.952624e-02 1.030908e+01 2.620710e-04 9.999995e-01 -9.472133e-04 -3.868998e-01 -3.952601e-02 9.568322e-04 9.992180e-01 4.010760e-01
9.992169e-01 3.635358e-04 -3.956691e-02 1.070409e+01 -3.294017e-04 9.999996e-01 8.692092e-04 -4.016369e-01 3.956721e-02 -8.554955e-04 9.992166e-01 5.780062e-01
9.994257e-01 -1.017986e-04 3.388692e-02 1.101353e+01 1.259419e-04 9.999997e-01 -7.103301e-04 -4.139830e-01 -3.388684e-02 7.141903e-04 9.994253e-01 7.877403e-01
9.992981e-01 2.292067e-04 -3.745939e-02 1.132771e+01 -2.000585e-04 9.999997e-01 7.818764e-04 -4.265637e-01 3.745956e-02 -7.738340e-04 9.992979e-01 1.005535e+00
9.994714e-01 -8.304495e-05 3.250938e-02 1.169231e+01 1.075892e-04 9.999997e-01 -7.532410e-04 -4.401414e-01 -3.250931e-02 7.563409e-04 9.994710e-01 1.023612e+00
9.992122e-01 2.736817e-04 -3.968384e-02 1.199493e+01 -2.376038e-04 9.999996e-01 9.138479e-04 -4.519390e-01 3.968408e-02 -9.036994e-04 9.992120e-01 1.194006e+00
9.995181e-01 -2.737345e-05 3.104148e-02 1.224247e+01 4.683011e-05 9.999998e-01 -6.260673e-04 -4.625146e-01 -3.104146e-02 6.272197e-04 9.995178e-01 1.463035e+00
9.993754e-01 1.806305e-04 -3.533680e-02 1.263869e+01 -1.556092e-04 9.999997e-01 7.108300e-04 -4.772342e-01 3.533693e-02 -7.048878e-04 9.993753e-01 1.658771e+00
9.994484e-01 -9.526506e-05 3.320920e-02 1.309962e+01 1.209051e-04 9.999997e-01 -7.700691e-04 -4.940072e-01 -3.320912e-02 7.736600e-04 9.994480e-01 1.717178e+00
9.993386e-01 1.793918e-04 -3.636470e-02 1.359506e+01 -1.543413e-04 9.999997e-01 6.916752e-04 -5.116889e-01 3.636482e-02 -6.856056e-04 9.993384e-01 1.726822e+00
9.997508e-01 2.716460e-04 2.232272e-02 1.402803e+01 -2.658153e-04 9.999999e-01 -2.641657e-04 -5.272362e-01 -2.232280e-02 2.581667e-04 9.997507e-01 1.857402e+00
9.993534e-01 1.988791e-04 -3.595488e-02 1.440012e+01 -1.741111e-04 9.999997e-01 6.919955e-04 -5.413026e-01 3.595502e-02 -6.852885e-04 9.993533e-01 2.062289e+00
9.997865e-01 3.316792e-04 2.066074e-02 1.487624e+01 -3.270632e-04 9.999999e-01 -2.267909e-04 -5.581635e-01 -2.066082e-02 2.199857e-04 9.997864e-01 2.178106e+00
9.995543e-01 5.754584e-06 -2.985363e-02 1.545037e+01 6.775987e-06 9.999999e-01 4.196339e-04 -5.780340e-01 2.985364e-02 -4.196497e-04 9.995543e-01 2.233681e+00
9.997750e-01 2.734136e-04 2.120974e-02 1.595684e+01 -2.680886e-04 9.999999e-01 -2.539035e-04 -5.959527e-01 -2.120982e-02 2.481609e-04 9.997749e-01 2.254701e+00
9.996132e-01 -3.282943e-05 -2.781243e-02 1.644429e+01 4.243926e-05 9.999999e-01 3.449341e-04 -6.133893e-01 2.781243e-02 -3.459817e-04 9.996132e-01 2.314137e+00
9.996116e-01 1.349290e-04 2.786731e-02 1.700332e+01 -1.217234e-04 9.999999e-01 -4.755677e-04 -6.334241e-01 -2.786739e-02 4.719916e-04 9.996114e-01 2.342584e+00
9.995914e-01 5.665146e-05 -2.858298e-02 1.748663e+01 -4.507961e-05 9.999999e-01 4.054969e-04 -6.508956e-01 2.858301e-02 -4.040434e-04 9.995914e-01 2.499925e+00
9.996983e-01 4.577065e-05 2.456271e-02 1.782836e+01 -3.603039e-05 9.999999e-01 -3.969862e-04 -6.638669e-01 -2.456274e-02 3.959820e-04 9.996981e-01 2.561135e+00
9.995115e-01 1.936517e-04 -3.125140e-02 1.807186e+01 -1.758478e-04 9.999998e-01 5.724485e-04 -6.742979e-01 3.125152e-02 -5.666740e-04 9.995115e-01 2.763162e+00
9.995599e-01 -4.782270e-05 2.966438e-02 1.832196e+01 6.387660e-05 9.999999e-01 -5.402343e-04 -6.856515e-01 -2.966436e-02 5.418920e-04 9.995597e-01 3.088781e+00
9.990437e-01 4.712561e-04 -4.372068e-02 1.857563e+01 -4.297935e-04 9.999994e-01 9.577484e-04 -6.962550e-01 4.372112e-02 -9.380423e-04 9.990434e-01 3.239305e+00
9.995460e-01 7.148225e-06 3.012949e-02 1.889277e+01 8.349876e-06 9.999999e-01 -5.142541e-04 -7.083384e-01 -3.012951e-02 5.142729e-04 9.995458e-01 3.398039e+00
9.984294e-01 7.777731e-04 -5.601925e-02 1.914890e+01 -6.958861e-04 9.999987e-01 1.481257e-03 -7.191130e-01 5.602035e-02 -1.439949e-03 9.984287e-01 3.590478e+00
9.996231e-01 1.183925e-04 2.745390e-02 1.951302e+01 -1.083011e-04 9.999999e-01 -3.690593e-04 -7.326018e-01 -2.745397e-02 3.659477e-04 9.996229e-01 3.672426e+00
9.979138e-01 1.008417e-03 -6.455212e-02 1.974925e+01 -8.917376e-04 9.999979e-01 1.836303e-03 -7.424889e-01 6.455386e-02 -1.774909e-03 9.979127e-01 3.748760e+00
9.997777e-01 2.527738e-04 2.108193e-02 1.989325e+01 -2.513414e-04 1.000000e+00 -7.058430e-05 -7.498940e-01 -2.108198e-02 6.527102e-05 9.997777e-01 3.840018e+00
9.978361e-01 1.019201e-03 -6.574195e-02 2.001342e+01 -9.008577e-04 9.999979e-01 1.829734e-03 -7.567496e-01 6.574371e-02 -1.766552e-03 9.978351e-01 3.971620e+00
9.998525e-01 2.939167e-04 1.717174e-02 2.009534e+01 -2.964551e-04 9.999999e-01 1.452942e-04 -7.624327e-01 -1.717174e-02 -1.503620e-04 9.998524e-01 4.078823e+00
9.977116e-01 1.109923e-03 -6.760484e-02 2.017001e+01 -9.847639e-04 9.999977e-01 1.884628e-03 -7.680690e-01 6.760683e-02 -1.813742e-03 9.977105e-01 4.203465e+00
9.996963e-01 1.489069e-04 2.464125e-02 2.028937e+01 -1.475947e-04 1.000000e+00 -5.505168e-05 -7.751677e-01 -2.464131e-02 5.139980e-05 9.996963e-01 4.386456e+00
9.980009e-01 1.080904e-03 -6.319058e-02 2.047894e+01 -9.766710e-04 9.999981e-01 1.680378e-03 -7.843468e-01 6.319233e-02 -1.615304e-03 9.980002e-01 4.594676e+00
9.997542e-01 1.127894e-04 2.216780e-02 2.063493e+01 -1.129312e-04 1.000000e+00 5.172025e-06 -7.923434e-01 -2.216786e-02 -7.672214e-06 9.997542e-01 4.760274e+00
9.985579e-01 9.317270e-04 -5.367674e-02 2.085648e+01 -8.631164e-04 9.999988e-01 1.301396e-03 -8.022890e-01 5.367794e-02 -1.253192e-03 9.985576e-01 4.969159e+00
9.997306e-01 -2.231367e-05 2.320808e-02 2.098381e+01 2.251634e-05 1.000000e+00 -8.439146e-06 -8.100918e-01 -2.320814e-02 8.961571e-06 9.997306e-01 5.264994e+00
9.985130e-01 1.006086e-03 -5.450490e-02 2.104633e+01 -9.313567e-04 9.999986e-01 1.396455e-03 -8.167186e-01 5.450629e-02 -1.343617e-03 9.985126e-01 5.600985e+00
9.996263e-01 -2.683582e-04 2.733339e-02 2.112143e+01 2.748061e-04 9.999999e-01 -2.321071e-04 -8.236374e-01 -2.733339e-02 2.395341e-04 9.996263e-01 5.947153e+00
9.974088e-01 1.620312e-03 -7.192350e-02 2.118529e+01 -1.470434e-03 9.999966e-01 2.136759e-03 -8.294438e-01 7.192678e-02 -2.025466e-03 9.974079e-01 6.156551e+00
9.997750e-01 -2.072769e-04 2.120810e-02 2.123438e+01 2.082024e-04 1.000000e+00 -4.137897e-05 -8.345266e-01 -2.120816e-02 4.578773e-05 9.997750e-01 6.288570e+00
9.978278e-01 1.542493e-03 -6.585810e-02 2.131596e+01 -1.420828e-03 9.999972e-01 1.894185e-03 -8.405569e-01 6.586091e-02 -1.796500e-03 9.978273e-01 6.445516e+00
9.996929e-01 -3.568616e-04 2.477725e-02 2.143584e+01 3.623936e-04 9.999999e-01 -2.187263e-04 -8.474455e-01 -2.477725e-02 2.276409e-04 9.996929e-01 6.580255e+00
9.986949e-01 1.271736e-03 -5.105725e-02 2.160074e+01 -1.204658e-03 9.999984e-01 1.344563e-03 -8.556163e-01 5.105895e-02 -1.281304e-03 9.986949e-01 6.752767e+00
9.998950e-01 -2.933006e-04 1.448347e-02 2.169262e+01 2.923977e-04 1.000000e+00 6.455327e-05 -8.616855e-01 -1.448356e-02 -6.030882e-05 9.998950e-01 6.910599e+00
9.986014e-01 1.466288e-03 -5.284992e-02 2.179258e+01 -1.386943e-03 9.999979e-01 1.538002e-03 -8.679428e-01 5.285214e-02 -1.462554e-03 9.986014e-01 7.036360e+00
9.962407e-01 -1.272122e-03 8.661914e-02 2.222866e+01 1.481655e-03 9.999961e-01 -2.354749e-03 -8.861061e-01 -8.661589e-02 2.474239e-03 9.962386e-01 7.143634e+00
9.992767e-01 1.447841e-03 -3.799911e-02 2.252887e+01 -1.406312e-03 9.999984e-01 1.119633e-03 -9.007405e-01 3.800074e-02 -1.065387e-03 9.992772e-01 7.234823e+00
9.959890e-01 -1.299346e-03 8.946660e-02 2.269053e+01 1.511256e-03 9.999962e-01 -2.300876e-03 -9.111968e-01 -8.946335e-02 2.426857e-03 9.959871e-01 7.285506e+00
9.993361e-01 1.486857e-03 -3.640321e-02 2.285550e+01 -1.449189e-03 9.999984e-01 1.061142e-03 -9.214613e-01 3.640480e-02 -1.007685e-03 9.993367e-01 7.274014e+00
9.963416e-01 -1.345485e-03 8.544949e-02 2.301232e+01 1.534719e-03 9.999965e-01 -2.148905e-03 -9.311639e-01 -8.544637e-02 2.272187e-03 9.963401e-01 7.263979e+00
9.992436e-01 1.521097e-03 -3.885729e-02 2.315443e+01 -1.481590e-03 9.999984e-01 1.045533e-03 -9.404372e-01 3.885888e-02 -9.871738e-04 9.992443e-01 7.255250e+00
9.971485e-01 -1.372947e-03 7.545122e-02 2.343141e+01 1.520098e-03 9.999971e-01 -1.892863e-03 -9.531558e-01 -7.544846e-02 2.002161e-03 9.971476e-01 7.227409e+00
9.993608e-01 1.490959e-03 -3.571924e-02 2.369527e+01 -1.460126e-03 9.999985e-01 8.893099e-04 -9.659624e-01 3.572057e-02 -8.365889e-04 9.993616e-01 7.265877e+00
9.974234e-01 -1.359057e-03 7.172718e-02 2.392654e+01 1.485756e-03 9.999974e-01 -1.713066e-03 -9.772134e-01 -7.172472e-02 1.815224e-03 9.974227e-01 7.256383e+00
9.994079e-01 1.471376e-03 -3.437543e-02 2.414370e+01 -1.445065e-03 9.999986e-01 7.902347e-04 -9.880953e-01 3.437660e-02 -7.400941e-04 9.994088e-01 7.253861e+00
9.979482e-01 -1.344281e-03 6.401246e-02 2.451997e+01 1.442478e-03 9.999979e-01 -1.487825e-03 -1.003580e+00 -6.401037e-02 1.577111e-03 9.979479e-01 7.219397e+00
9.995136e-01 1.428424e-03 -3.115293e-02 2.490239e+01 -1.408851e-03 9.999988e-01 6.502441e-04 -1.019493e+00 3.115387e-02 -6.060398e-04 9.995145e-01 7.226820e+00
9.974334e-01 -1.305374e-03 7.158820e-02 2.514785e+01 1.424315e-03 9.999977e-01 -1.610430e-03 -1.031677e+00 -7.158598e-02 1.708262e-03 9.974329e-01 7.266184e+00
9.986142e-01 1.505091e-03 -5.260627e-02 2.543670e+01 -1.444513e-03 9.999982e-01 1.189550e-03 -1.043960e+00 5.260801e-02 -1.111913e-03 9.986147e-01 7.332872e+00
9.991202e-01 -1.107813e-03 4.192449e-02 2.568642e+01 1.144395e-03 9.999990e-01 -8.485643e-04 -1.054271e+00 -4.192355e-02 8.957977e-04 9.991203e-01 7.490763e+00
9.985871e-01 1.577289e-03 -5.311666e-02 2.587258e+01 -1.513160e-03 9.999981e-01 1.247518e-03 -1.062377e+00 5.311857e-02 -1.165383e-03 9.985876e-01 7.568395e+00
9.995015e-01 -9.376139e-04 3.155626e-02 2.603682e+01 9.525596e-04 9.999994e-01 -4.585757e-04 -1.069925e+00 -3.155586e-02 4.884082e-04 9.995018e-01 7.624721e+00
9.983233e-01 1.739069e-03 -5.785829e-02 2.620429e+01 -1.657712e-03 9.999976e-01 1.454119e-03 -1.077786e+00 5.786073e-02 -1.355770e-03 9.983238e-01 7.731420e+00
9.995401e-01 -9.754661e-04 3.030769e-02 2.632270e+01 9.888390e-04 9.999994e-01 -4.262348e-04 -1.083979e+00 -3.030730e-02 4.560102e-04 9.995404e-01 7.787041e+00
9.981343e-01 1.863413e-03 -6.102863e-02 2.639197e+01 -1.767806e-03 9.999971e-01 1.620553e-03 -1.088548e+00 6.103153e-02 -1.509645e-03 9.981348e-01 7.811049e+00
9.992723e-01 -1.219221e-03 3.812426e-02 2.642615e+01 1.249733e-03 9.999989e-01 -7.765065e-04 -1.091637e+00 -3.812333e-02 8.235887e-04 9.992726e-01 7.797477e+00
9.982555e-01 1.772039e-03 -5.901507e-02 2.653260e+01 -1.685553e-03 9.999974e-01 1.515247e-03 -1.096866e+00 5.901766e-02 -1.413133e-03 9.982560e-01 7.751097e+00
9.990890e-01 -1.285396e-03 4.265625e-02 2.652779e+01 1.329149e-03 9.999986e-01 -9.973534e-04 -1.097304e+00 -4.265497e-02 1.053143e-03 9.990892e-01 7.500720e+00
9.988189e-01 1.444950e-03 -4.856626e-02 2.652845e+01 -1.391120e-03 9.999984e-01 1.142182e-03 -1.098160e+00 4.856789e-02 -1.073273e-03 9.988194e-01 7.318533e+00
9.989685e-01 -1.352788e-03 4.538752e-02 2.648069e+01 1.402551e-03 9.999984e-01 -1.064561e-03 -1.097283e+00 -4.538607e-02 1.127123e-03 9.989688e-01 7.089168e+00
9.987592e-01 1.492250e-03 -4.977787e-02 2.648216e+01 -1.434579e-03 9.999983e-01 1.194276e-03 -1.098064e+00 4.977963e-02 -1.121386e-03 9.987597e-01 6.880259e+00
9.988529e-01 -1.436875e-03 4.786179e-02 2.645098e+01 1.492231e-03 9.999983e-01 -1.120853e-03 -1.097889e+00 -4.786016e-02 1.190991e-03 9.988532e-01 6.674650e+00
9.987904e-01 1.502407e-03 -4.914723e-02 2.660765e+01 -1.446476e-03 9.999983e-01 1.173584e-03 -1.104482e+00 4.914897e-02 -1.101076e-03 9.987909e-01 6.623609e+00
9.988938e-01 -1.435129e-03 4.700049e-02 2.673355e+01 1.488764e-03 9.999983e-01 -1.106152e-03 -1.109779e+00 -4.699888e-02 1.174903e-03 9.988942e-01 6.507197e+00
9.987456e-01 1.532078e-03 -5.004898e-02 2.690939e+01 -1.474929e-03 9.999982e-01 1.178784e-03 -1.116695e+00 5.005075e-02 -1.103489e-03 9.987462e-01 6.381050e+00
9.987032e-01 -1.429693e-03 5.089071e-02 2.725693e+01 1.492743e-03 9.999982e-01 -1.200925e-03 -1.129436e+00 -5.088896e-02 1.275336e-03 9.987034e-01 6.338173e+00
9.986137e-01 1.506213e-03 -5.261540e-02 2.759625e+01 -1.445026e-03 9.999982e-01 1.200940e-03 -1.142019e+00 5.261718e-02 -1.123246e-03 9.986142e-01 6.300354e+00
9.987828e-01 -1.413789e-03 4.930327e-02 2.783261e+01 1.472091e-03 9.999983e-01 -1.146225e-03 -1.151300e+00 -4.930162e-02 1.217411e-03 9.987831e-01 6.251016e+00
9.991355e-01 1.537379e-03 -4.154414e-02 2.818927e+01 -1.497587e-03 9.999984e-01 9.889525e-04 -1.164875e+00 4.154565e-02 -9.258836e-04 9.991363e-01 6.333757e+00
9.987956e-01 -1.428760e-03 4.904352e-02 2.850695e+01 1.484004e-03 9.999983e-01 -1.090018e-03 -1.177374e+00 -4.904194e-02 1.161488e-03 9.987960e-01 6.430269e+00
9.987696e-01 1.570634e-03 -4.956694e-02 2.879611e+01 -1.517046e-03 9.999982e-01 1.118732e-03 -1.188847e+00 4.956866e-02 -1.042162e-03 9.987703e-01 6.605037e+00
9.990044e-01 -1.383140e-03 4.458927e-02 2.904714e+01 1.430165e-03 9.999985e-01 -1.022714e-03 -1.198706e+00 -4.458785e-02 1.085468e-03 9.990048e-01 6.602580e+00
9.988008e-01 1.562058e-03 -4.893426e-02 2.924373e+01 -1.507306e-03 9.999982e-01 1.155785e-03 -1.206386e+00 4.893604e-02 -1.080643e-03 9.988014e-01 6.533762e+00
9.988548e-01 -1.467109e-03 4.782116e-02 2.946628e+01 1.521650e-03 9.999982e-01 -1.104127e-03 -1.215062e+00 -4.781951e-02 1.175632e-03 9.988552e-01 6.497727e+00
9.987309e-01 1.613313e-03 -5.033983e-02 2.967007e+01 -1.555396e-03 9.999981e-01 1.189683e-03 -1.223355e+00 5.034171e-02 -1.109877e-03 9.987315e-01 6.509110e+00
9.986162e-01 -1.514028e-03 5.256748e-02 2.991322e+01 1.577462e-03 9.999981e-01 -1.165250e-03 -1.233057e+00 -5.256567e-02 1.246563e-03 9.986166e-01 6.564761e+00
9.985329e-01 1.612830e-03 -5.412491e-02 2.999962e+01 -1.546753e-03 9.999980e-01 1.262693e-03 -1.237823e+00 5.412690e-02 -1.177124e-03 9.985335e-01 6.626968e+00
9.988442e-01 -1.471247e-03 4.804164e-02 2.992099e+01 1.525437e-03 9.999982e-01 -1.091321e-03 -1.236742e+00 -4.804001e-02 1.163347e-03 9.988446e-01 6.568983e+00
9.986537e-01 1.581790e-03 -5.184791e-02 2.994708e+01 -1.521207e-03 9.999981e-01 1.207936e-03 -1.239328e+00 5.184979e-02 -1.127440e-03 9.986544e-01 6.574086e+00
9.982763e-01 -1.504874e-03 5.866942e-02 3.011087e+01 1.579527e-03 9.999980e-01 -1.226066e-03 -1.246675e+00 -5.866752e-02 1.316625e-03 9.982766e-01 6.592484e+00
9.988386e-01 1.611284e-03 -4.815441e-02 3.033977e+01 -1.560759e-03 9.999982e-01 1.086826e-03 -1.255725e+00 4.815614e-02 -1.010408e-03 9.988394e-01 6.507127e+00
9.981131e-01 -1.503632e-03 6.138295e-02 3.070491e+01 1.587727e-03 9.999979e-01 -1.321246e-03 -1.269918e+00 -6.138089e-02 1.416214e-03 9.981133e-01 6.569831e+00
9.987912e-01 1.628291e-03 -4.912790e-02 3.108667e+01 -1.578850e-03 9.999982e-01 1.045186e-03 -1.284497e+00 4.912957e-02 -9.663589e-04 9.987920e-01 6.624311e+00
9.984061e-01 -1.519270e-03 5.641680e-02 3.132873e+01 1.586333e-03 9.999981e-01 -1.143935e-03 -1.293909e+00 -5.641501e-02 1.231610e-03 9.984066e-01 6.596003e+00
9.983484e-01 1.671416e-03 -5.742503e-02 3.146132e+01 -1.603378e-03 9.999980e-01 1.230883e-03 -1.299351e+00 5.742702e-02 -1.136778e-03 9.983492e-01 6.496153e+00
9.977915e-01 -1.572211e-03 6.640541e-02 3.174157e+01 1.665076e-03 9.999977e-01 -1.343117e-03 -1.310673e+00 -6.640320e-02 1.450723e-03 9.977917e-01 6.524968e+00
9.978488e-01 1.773539e-03 -6.553289e-02 3.208341e+01 -1.687271e-03 9.999976e-01 1.371744e-03 -1.323822e+00 6.553522e-02 -1.258223e-03 9.978496e-01 6.733660e+00
9.975082e-01 -1.606209e-03 7.053186e-02 3.244377e+01 1.709035e-03 9.999976e-01 -1.397535e-03 -1.337718e+00 -7.052950e-02 1.514596e-03 9.975085e-01 6.939486e+00
9.981353e-01 1.769988e-03 -6.101488e-02 3.284620e+01 -1.697612e-03 9.999978e-01 1.238018e-03 -1.353054e+00 6.101699e-02 -1.132132e-03 9.981362e-01 7.092878e+00
9.966845e-01 -1.591898e-03 8.134735e-02 3.328086e+01 1.731010e-03 9.999972e-01 -1.639602e-03 -1.369976e+00 -8.134456e-02 1.774981e-03 9.966844e-01 7.224129e+00
9.977612e-01 1.798186e-03 -6.685268e-02 3.374377e+01 -1.712460e-03 9.999976e-01 1.339598e-03 -1.387398e+00 6.685499e-02 -1.222119e-03 9.977620e-01 7.363621e+00
9.970249e-01 -1.577645e-03 7.706328e-02 3.425025e+01 1.699225e-03 9.999974e-01 -1.512104e-03 -1.405996e+00 -7.706075e-02 1.638555e-03 9.970250e-01 7.509475e+00
9.980625e-01 1.782561e-03 -6.219320e-02 3.480192e+01 -1.712352e-03 9.999978e-01 1.182171e-03 -1.426129e+00 6.219522e-02 -1.073385e-03 9.980635e-01 7.637392e+00
9.970084e-01 -1.589630e-03 7.727696e-02 3.535121e+01 1.708391e-03 9.999975e-01 -1.470726e-03 -1.446281e+00 -7.727447e-02 1.598347e-03 9.970085e-01 7.788659e+00
9.981232e-01 1.842479e-03 -6.120950e-02 3.581880e+01 -1.776786e-03 9.999978e-01 1.127662e-03 -1.464087e+00 6.121149e-02 -1.016791e-03 9.981244e-01 8.010274e+00
9.958027e-01 -1.673479e-03 9.151034e-02 3.619660e+01 1.844997e-03 9.999967e-01 -1.789732e-03 -1.480101e+00 -9.150709e-02 1.951058e-03 9.958024e-01 8.184688e+00
9.985087e-01 1.852811e-03 -5.456073e-02 3.652608e+01 -1.808214e-03 9.999980e-01 8.667418e-04 -1.495333e+00 5.456227e-02 -7.667932e-04 9.985102e-01 8.358044e+00
9.971928e-01 -1.693095e-03 7.485762e-02 3.690793e+01 1.792805e-03 9.999976e-01 -1.264816e-03 -1.510865e+00 -7.485533e-02 1.395472e-03 9.971933e-01 8.549209e+00
9.988452e-01 1.811257e-03 -4.801020e-02 3.735189e+01 -1.783261e-03 9.999982e-01 6.259452e-04 -1.528503e+00 4.801129e-02 -5.396090e-04 9.988467e-01 8.654781e+00
9.965513e-01 -1.666588e-03 8.296254e-02 3.772846e+01 1.790517e-03 9.999974e-01 -1.419418e-03 -1.544639e+00 -8.295999e-02 1.563070e-03 9.965516e-01 8.740008e+00
9.982822e-01 1.831839e-03 -5.856069e-02 3.816448e+01 -1.783759e-03 9.999980e-01 8.732927e-04 -1.561796e+00 5.856220e-02 -7.673356e-04 9.982836e-01 8.834117e+00
9.969798e-01 -1.622893e-03 7.764375e-02 3.861453e+01 1.723801e-03 9.999978e-01 -1.232619e-03 -1.579136e+00 -7.764160e-02 1.362740e-03 9.969803e-01 8.980866e+00
9.983271e-01 1.743027e-03 -5.779187e-02 3.907796e+01 -1.698379e-03 9.999982e-01 8.216778e-04 -1.596876e+00 5.779323e-02 -7.221519e-04 9.983284e-01 9.108559e+00
9.968974e-01 -1.543047e-03 7.869645e-02 3.948100e+01 1.644792e-03 9.999979e-01 -1.228072e-03 -1.612854e+00 -7.869441e-02 1.353703e-03 9.968978e-01 9.266448e+00
9.989598e-01 1.614631e-03 -4.557003e-02 3.983548e+01 -1.597218e-03 9.999986e-01 4.185361e-04 -1.628069e+00 4.557067e-02 -3.453164e-04 9.989612e-01 9.348622e+00
9.967748e-01 -1.498566e-03 8.023507e-02 4.019074e+01 1.601182e-03 9.999980e-01 -1.214625e-03 -1.643368e+00 -8.023311e-02 1.339180e-03 9.967751e-01 9.423684e+00
9.986856e-01 1.624740e-03 -5.122859e-02 4.055498e+01 -1.601414e-03 9.999986e-01 4.963827e-04 -1.658899e+00 5.122934e-02 -4.136929e-04 9.986869e-01 9.602119e+00
9.968110e-01 -1.459524e-03 7.978565e-02 4.093495e+01 1.556057e-03 9.999981e-01 -1.147740e-03 -1.674713e+00 -7.978383e-02 1.268232e-03 9.968113e-01 9.751500e+00
9.979302e-01 1.634474e-03 -6.428642e-02 4.106886e+01 -1.580425e-03 9.999984e-01 8.915962e-04 -1.685174e+00 6.428778e-02 -7.881516e-04 9.979312e-01 1.019520e+01
9.971441e-01 -1.492707e-03 7.550795e-02 4.119936e+01 1.574040e-03 9.999982e-01 -1.017639e-03 -1.695862e+00 -7.550631e-02 1.133586e-03 9.971446e-01 1.070880e+01
9.984726e-01 1.671618e-03 -5.522389e-02 4.153729e+01 -1.645476e-03 9.999985e-01 5.188461e-04 -1.711152e+00 5.522468e-02 -4.271846e-04 9.984740e-01 1.107174e+01
9.972006e-01 -1.462662e-03 7.475810e-02 4.188048e+01 1.537018e-03 9.999984e-01 -9.371018e-04 -1.725834e+00 -7.475661e-02 1.049384e-03 9.972012e-01 1.135216e+01
9.983836e-01 1.596626e-03 -5.681162e-02 4.226603e+01 -1.567728e-03 9.999986e-01 5.532182e-04 -1.741114e+00 5.681243e-02 -4.632594e-04 9.983849e-01 1.155440e+01
9.964742e-01 -1.426731e-03 8.388811e-02 4.266257e+01 1.529675e-03 9.999982e-01 -1.162895e-03 -1.757274e+00 -8.388629e-02 1.287117e-03 9.964744e-01 1.170807e+01
9.985474e-01 1.515306e-03 -5.385918e-02 4.285576e+01 -1.493683e-03 9.999988e-01 4.417384e-04 -1.767757e+00 5.385978e-02 -3.606486e-04 9.985485e-01 1.188224e+01
9.972980e-01 -1.402456e-03 7.344943e-02 4.313296e+01 1.467691e-03 9.999986e-01 -8.341942e-04 -1.780221e+00 -7.344815e-02 9.397416e-04 9.972985e-01 1.209810e+01
9.982117e-01 1.526048e-03 -5.975776e-02 4.355084e+01 -1.494876e-03 9.999987e-01 5.663476e-04 -1.795599e+00 5.975854e-02 -4.760047e-04 9.982128e-01 1.205014e+01
9.974142e-01 -1.408922e-03 7.185411e-02 4.388391e+01 1.464480e-03 9.999987e-01 -7.205241e-04 -1.808187e+00 -7.185300e-02 8.238902e-04 9.974148e-01 1.205817e+01
9.987145e-01 1.486769e-03 -5.066599e-02 4.418654e+01 -1.475209e-03 9.999989e-01 2.655707e-04 -1.820802e+00 5.066632e-02 -1.904867e-04 9.987157e-01 1.212692e+01
9.981730e-01 -1.344390e-03 6.040525e-02 4.458072e+01 1.371322e-03 9.999990e-01 -4.043977e-04 -1.835510e+00 -6.040464e-02 4.864941e-04 9.981738e-01 1.222227e+01
9.989020e-01 1.435038e-03 -4.682576e-02 4.499193e+01 -1.430433e-03 9.999990e-01 1.318503e-04 -1.851172e+00 4.682589e-02 -6.472457e-05 9.989032e-01 1.235551e+01
9.983725e-01 -1.325673e-03 5.701429e-02 4.544446e+01 1.345702e-03 9.999990e-01 -3.129003e-04 -1.867593e+00 -5.701381e-02 3.891155e-04 9.983732e-01 1.236039e+01
9.986907e-01 1.443197e-03 -5.113565e-02 4.579735e+01 -1.432414e-03 9.999989e-01 2.475097e-04 -1.880950e+00 5.113594e-02 -1.739384e-04 9.986918e-01 1.247458e+01
9.981997e-01 -1.340059e-03 5.996240e-02 4.613663e+01 1.364637e-03 9.999990e-01 -3.689382e-04 -1.894407e+00 -5.996183e-02 4.501010e-04 9.982005e-01 1.269251e+01
9.989621e-01 1.428119e-03 -4.552681e-02 4.641563e+01 -1.424668e-03 9.999990e-01 1.082427e-04 -1.905870e+00 4.552691e-02 -4.326990e-05 9.989632e-01 1.276150e+01
9.985724e-01 -1.330217e-03 5.339765e-02 4.676841e+01 1.342810e-03 9.999991e-01 -1.999749e-04 -1.919265e+00 -5.339732e-02 2.713924e-04 9.985732e-01 1.284708e+01
9.989317e-01 1.424779e-03 -4.618807e-02 4.720833e+01 -1.422556e-03 9.999990e-01 8.101239e-05 -1.935080e+00 4.618812e-02 -1.522082e-05 9.989329e-01 1.282018e+01
9.978732e-01 -1.373333e-03 6.517087e-02 4.765047e+01 1.407419e-03 9.999989e-01 -4.771299e-04 -1.951712e+00 -6.517013e-02 5.678378e-04 9.978739e-01 1.281032e+01
9.990291e-01 1.448988e-03 -4.403158e-02 4.814922e+01 -1.451426e-03 9.999989e-01 -2.339051e-05 -1.970334e+00 4.403147e-02 8.727639e-05 9.990302e-01 1.279444e+01
9.979242e-01 -1.358300e-03 6.438436e-02 4.863497e+01 1.387922e-03 9.999990e-01 -4.153612e-04 -1.988441e+00 -6.438370e-02 5.038594e-04 9.979250e-01 1.279119e+01
9.988970e-01 1.480251e-03 -4.693214e-02 4.915420e+01 -1.480512e-03 9.999989e-01 2.920751e-05 -2.007420e+00 4.693210e-02 4.030842e-05 9.988982e-01 1.275186e+01
9.978871e-01 -1.415861e-03 6.495576e-02 4.959555e+01 1.443860e-03 9.999989e-01 -3.841042e-04 -2.023734e+00 -6.495512e-02 4.770795e-04 9.978880e-01 1.266747e+01
9.991677e-01 1.448137e-03 -4.076540e-02 4.995275e+01 -1.456087e-03 9.999989e-01 -1.653337e-04 -2.038151e+00 4.076509e-02 2.245543e-04 9.991688e-01 1.266985e+01
9.976114e-01 -1.348861e-03 6.906265e-02 5.028519e+01 1.382536e-03 9.999989e-01 -4.398038e-04 -2.051905e+00 -6.906196e-02 5.342345e-04 9.976121e-01 1.263523e+01
9.989691e-01 1.413637e-03 -4.537339e-02 5.058204e+01 -1.418616e-03 9.999990e-01 -7.753017e-05 -2.064173e+00 4.537320e-02 1.418180e-04 9.989702e-01 1.261553e+01
9.973832e-01 -1.320536e-03 7.228409e-02 5.099574e+01 1.361482e-03 9.999989e-01 -5.171963e-04 -2.080692e+00 -7.228330e-02 6.142560e-04 9.973839e-01 1.262830e+01
9.990676e-01 1.357524e-03 -4.315282e-02 5.145357e+01 -1.367144e-03 9.999990e-01 -1.933999e-04 -2.098546e+00 4.315248e-02 2.522161e-04 9.990686e-01 1.263389e+01
9.974257e-01 -1.270592e-03 7.169634e-02 5.166455e+01 1.301894e-03 9.999991e-01 -3.898630e-04 -2.108368e+00 -7.169573e-02 4.821998e-04 9.974263e-01 1.259341e+01
9.993976e-01 1.257736e-03 -3.468263e-02 5.186481e+01 -1.275222e-03 9.999991e-01 -4.820428e-04 -2.118463e+00 3.468195e-02 5.259810e-04 9.993984e-01 1.254390e+01
9.968484e-01 -1.179888e-03 7.932144e-02 5.199859e+01 1.223719e-03 9.999991e-01 -5.039732e-04 -2.127048e+00 -7.932073e-02 5.994513e-04 9.968489e-01 1.249853e+01
9.989762e-01 1.215654e-03 -4.522318e-02 5.224803e+01 -1.230482e-03 9.999992e-01 -3.000416e-04 -2.138666e+00 4.522273e-02 3.553815e-04 9.989770e-01 1.242913e+01
9.963070e-01 -1.125515e-03 8.585487e-02 5.251346e+01 1.182604e-03 9.999991e-01 -6.140977e-04 -2.151098e+00 -8.585405e-02 7.133612e-04 9.963074e-01 1.234774e+01
9.985792e-01 1.207126e-03 -5.327361e-02 5.278103e+01 -1.216462e-03 9.999992e-01 -1.428150e-04 -2.163268e+00 5.327334e-02 2.074183e-04 9.985800e-01 1.231720e+01
9.963083e-01 -1.133906e-03 8.584028e-02 5.308492e+01 1.189849e-03 9.999991e-01 -6.005446e-04 -2.176680e+00 -8.583947e-02 7.004634e-04 9.963086e-01 1.236902e+01
9.988980e-01 1.160089e-03 -4.691887e-02 5.334369e+01 -1.178065e-03 9.999992e-01 -3.554678e-04 -2.189127e+00 4.691836e-02 4.103506e-04 9.988987e-01 1.239053e+01
9.969653e-01 -1.072376e-03 7.784009e-02 5.360112e+01 1.101922e-03 9.999993e-01 -3.366177e-04 -2.200747e+00 -7.783962e-02 4.213687e-04 9.969657e-01 1.233424e+01
9.986669e-01 1.123183e-03 -5.160630e-02 5.384345e+01 -1.137322e-03 9.999993e-01 -2.445997e-04 -2.211467e+00 5.160593e-02 3.029678e-04 9.986676e-01 1.230820e+01
9.969158e-01 -1.053484e-03 7.847155e-02 5.404798e+01 1.081738e-03 9.999994e-01 -3.175417e-04 -2.220861e+00 -7.847110e-02 4.014467e-04 9.969162e-01 1.226560e+01
9.983701e-01 1.059405e-03 -5.706253e-02 5.430354e+01 -1.067300e-03 9.999994e-01 -1.078744e-04 -2.231354e+00 5.706231e-02 1.686027e-04 9.983707e-01 1.215849e+01
9.966762e-01 -9.469670e-04 8.145926e-02 5.458192e+01 9.819448e-04 9.999994e-01 -3.893241e-04 -2.243058e+00 -8.145877e-02 4.680172e-04 9.966765e-01 1.208677e+01
9.978741e-01 9.806442e-04 -6.516343e-02 5.493575e+01 -9.788638e-04 9.999995e-01 5.925998e-05 -2.256789e+00 6.516338e-02 4.653436e-06 9.978747e-01 1.206773e+01
9.956994e-01 -8.950995e-04 9.263789e-02 5.509459e+01 9.553872e-04 9.999994e-01 -6.064370e-04 -2.264664e+00 -9.263721e-02 6.923325e-04 9.956996e-01 1.202955e+01
9.980934e-01 9.001306e-04 -6.171471e-02 5.511671e+01 -9.061634e-04 9.999996e-01 -6.975327e-05 -2.268420e+00 6.171454e-02 1.255453e-04 9.980939e-01 1.193663e+01
9.949225e-01 -8.461588e-04 1.006398e-01 5.523920e+01 9.311854e-04 9.999992e-01 -7.978800e-04 -2.276340e+00 -1.006390e-01 8.875416e-04 9.949225e-01 1.191993e+01
9.985184e-01 8.624662e-04 -5.440796e-02 5.534557e+01 -8.779501e-04 9.999996e-01 -2.606712e-04 -2.284280e+00 5.440763e-02 3.080540e-04 9.985188e-01 1.188820e+01
9.951458e-01 -7.606733e-04 9.840819e-02 5.555625e+01 8.360395e-04 9.999994e-01 -7.246107e-04 -2.295129e+00 -9.840750e-02 8.033647e-04 9.951458e-01 1.183600e+01
9.974074e-01 8.631165e-04 -7.195662e-02 5.596802e+01 -8.581887e-04 9.999996e-01 9.941341e-05 -2.311519e+00 7.195660e-02 -3.740168e-05 9.974078e-01 1.181971e+01
9.956719e-01 -7.788185e-04 9.293457e-02 5.645967e+01 8.346587e-04 9.999995e-01 -5.619782e-04 -2.329883e+00 -9.293400e-02 6.371127e-04 9.956720e-01 1.177334e+01
9.980228e-01 8.395674e-04 -6.284793e-02 5.687113e+01 -8.518244e-04 9.999996e-01 -1.682136e-04 -2.346429e+00 6.284768e-02 2.214181e-04 9.980232e-01 1.171760e+01
9.955042e-01 -7.422334e-04 9.471449e-02 5.729455e+01 7.999400e-04 9.999995e-01 -5.712909e-04 -2.363336e+00 -9.471393e-02 6.444865e-04 9.955042e-01 1.163283e+01
9.981928e-01 7.947522e-04 -6.008778e-02 5.770246e+01 -8.126305e-04 9.999996e-01 -2.730786e-04 -2.380067e+00 6.008745e-02 3.214160e-04 9.981931e-01 1.159110e+01
9.949244e-01 -7.142337e-04 1.006229e-01 5.801290e+01 7.864725e-04 9.999995e-01 -6.782375e-04 -2.394155e+00 -1.006222e-01 7.539301e-04 9.949243e-01 1.158861e+01
9.983516e-01 7.813661e-04 -5.739001e-02 5.831910e+01 -8.039127e-04 9.999996e-01 -3.697542e-04 -2.408398e+00 5.738960e-02 4.152830e-04 9.983518e-01 1.155936e+01
9.958541e-01 -6.575256e-04 9.096223e-02 5.869140e+01 6.968757e-04 9.999997e-01 -4.008230e-04 -2.423906e+00 -9.096184e-02 4.625486e-04 9.958542e-01 1.149601e+01
9.973391e-01 7.766050e-04 -7.289876e-02 5.917368e+01 -7.792595e-04 9.999997e-01 -7.950465e-06 -2.441685e+00 7.289864e-02 6.473823e-05 9.973394e-01 1.144613e+01
9.938937e-01 -6.949066e-04 1.103390e-01 5.943409e+01 7.917485e-04 9.999993e-01 -8.338503e-04 -2.453762e+00 -1.103383e-01 9.161173e-04 9.938936e-01 1.143362e+01
9.974197e-01 7.970762e-04 -7.178656e-02 5.974841e+01 -8.049688e-04 9.999997e-01 -8.099104e-05 -2.467842e+00 7.178637e-02 1.385699e-04 9.974201e-01 1.137984e+01
9.949626e-01 -7.005338e-04 1.002435e-01 6.019427e+01 7.641346e-04 9.999995e-01 -5.960520e-04 -2.485399e+00 -1.002430e-01 6.696469e-04 9.949627e-01 1.135290e+01
9.980934e-01 7.294198e-04 -6.171840e-02 6.052795e+01 -7.513691e-04 9.999997e-01 -3.323972e-04 -2.499940e+00 6.171804e-02 3.781387e-04 9.980936e-01 1.131232e+01
9.948951e-01 -5.986638e-04 1.009119e-01 6.086793e+01 6.611369e-04 9.999996e-01 -5.856251e-04 -2.514802e+00 -1.009114e-01 6.493499e-04 9.948951e-01 1.126400e+01
9.975201e-01 6.773279e-04 -7.037940e-02 6.128409e+01 -6.899807e-04 9.999997e-01 -1.554405e-04 -2.531472e+00 7.037918e-02 2.036174e-04 9.975203e-01 1.119775e+01
9.963492e-01 -5.633912e-04 8.536873e-02 6.181490e+01 5.810626e-04 9.999998e-01 -1.821311e-04 -2.550299e+00 -8.536851e-02 2.310686e-04 9.963494e-01 1.109942e+01
9.982325e-01 6.212010e-04 -5.942751e-02 6.228861e+01 -6.501987e-04 9.999997e-01 -4.685810e-04 -2.568533e+00 5.942710e-02 5.063944e-04 9.982326e-01 1.107007e+01
9.968300e-01 -5.313310e-04 7.955881e-02 6.285487e+01 5.354044e-04 9.999999e-01 -2.984181e-05 -2.589188e+00 -7.955869e-02 7.234116e-05 9.968301e-01 1.107371e+01
9.980441e-01 5.904263e-04 -6.251246e-02 6.340765e+01 -6.161018e-04 9.999997e-01 -3.914168e-04 -2.609025e+00 6.251211e-02 4.291672e-04 9.980442e-01 1.101733e+01
9.965755e-01 -5.462464e-04 8.268488e-02 6.386775e+01 5.547225e-04 9.999998e-01 -7.951322e-05 -2.626156e+00 -8.268472e-02 1.251059e-04 9.965757e-01 1.096903e+01
9.984657e-01 5.248603e-04 -5.537136e-02 6.421444e+01 -5.584932e-04 9.999997e-01 -5.918933e-04 -2.640337e+00 5.537093e-02 6.219117e-04 9.984657e-01 1.091706e+01
9.956176e-01 -4.859048e-04 9.351636e-02 6.444290e+01 5.188160e-04 9.999998e-01 -3.275946e-04 -2.651639e+00 -9.351609e-02 3.746746e-04 9.956176e-01 1.090847e+01
9.987157e-01 4.708164e-04 -5.066425e-02 6.468599e+01 -5.096867e-04 9.999996e-01 -7.542481e-04 -2.663936e+00 5.066378e-02 7.791043e-04 9.987155e-01 1.094582e+01
9.964158e-01 -4.308217e-04 8.458898e-02 6.498783e+01 4.408450e-04 9.999999e-01 -9.978729e-05 -2.677562e+00 -8.458883e-02 1.367181e-04 9.964159e-01 1.098468e+01
9.985249e-01 4.078252e-04 -5.429537e-02 6.522331e+01 -4.436972e-04 9.999997e-01 -6.485829e-04 -2.688394e+00 5.429499e-02 6.717188e-04 9.985247e-01 1.095226e+01
9.971242e-01 -3.816402e-04 7.578363e-02 6.548990e+01 3.719275e-04 9.999999e-01 1.423113e-04 -2.699604e+00 -7.578358e-02 -1.137182e-04 9.971242e-01 1.085515e+01
9.988331e-01 3.301165e-04 -4.829587e-02 6.584876e+01 -3.704639e-04 9.999996e-01 -8.264160e-04 -2.714259e+00 4.829548e-02 8.433454e-04 9.988328e-01 1.079843e+01
9.977284e-01 -3.078535e-04 6.736313e-02 6.614514e+01 2.837720e-04 9.999999e-01 3.670955e-04 -2.726184e+00 -6.736314e-02 -3.471480e-04 9.977284e-01 1.068995e+01
9.983013e-01 2.948429e-04 -5.826346e-02 6.644043e+01 -3.310925e-04 9.999998e-01 -6.124652e-04 -2.737401e+00 5.826317e-02 6.307173e-04 9.983011e-01 1.057263e+01
9.980081e-01 -1.513879e-04 6.308520e-02 6.681942e+01 1.256783e-04 9.999999e-01 4.115499e-04 -2.751324e+00 -6.308516e-02 -4.028038e-04 9.980080e-01 1.053393e+01
9.977700e-01 3.759196e-04 -6.674569e-02 6.718088e+01 -4.007430e-04 9.999999e-01 -3.584796e-04 -2.763970e+00 6.674545e-02 3.844300e-04 9.977700e-01 1.040039e+01
9.987756e-01 7.555887e-05 4.946845e-02 6.741423e+01 -1.225622e-04 9.999995e-01 9.471886e-04 -2.772800e+00 -4.946826e-02 -9.520940e-04 9.987752e-01 1.025810e+01
9.984308e-01 1.802695e-04 -5.600054e-02 6.759434e+01 -2.234707e-04 9.999997e-01 -7.651346e-04 -2.780077e+00 5.600028e-02 7.764502e-04 9.984305e-01 1.018843e+01
9.994338e-01 4.191460e-04 3.364206e-02 6.782286e+01 -4.702909e-04 9.999987e-01 1.512442e-03 -2.789317e+00 -3.364129e-02 -1.527410e-03 9.994328e-01 1.017064e+01
9.981816e-01 3.664164e-04 -6.027852e-02 6.804883e+01 -4.024260e-04 9.999997e-01 -5.852071e-04 -2.798470e+00 6.027819e-02 6.084024e-04 9.981815e-01 1.013352e+01
9.986643e-01 -9.634118e-05 5.166803e-02 6.815212e+01 5.114519e-05 9.999996e-01 8.761053e-04 -2.802784e+00 -5.166800e-02 -8.722945e-04 9.986639e-01 9.975334e+00
9.978297e-01 4.397376e-04 -6.584633e-02 6.820811e+01 -4.697870e-04 9.999998e-01 -4.408373e-04 -2.805311e+00 6.584602e-02 4.708160e-04 9.978297e-01 9.719251e+00
9.990312e-01 9.362587e-05 4.400560e-02 6.821885e+01 -1.468731e-04 9.999993e-01 1.206831e-03 -2.806454e+00 -4.400536e-02 -1.212127e-03 9.990305e-01 9.467911e+00
9.975089e-01 6.225220e-04 -7.053877e-02 6.834162e+01 -6.412442e-04 9.999998e-01 -2.427425e-04 -2.812116e+00 7.053851e-02 2.873721e-04 9.975091e-01 9.363319e+00
9.991472e-01 7.560220e-05 4.128894e-02 6.847932e+01 -1.304465e-04 9.999991e-01 1.325663e-03 -2.818725e+00 -4.128870e-02 -1.329920e-03 9.991463e-01 9.364003e+00
9.971611e-01 8.185111e-04 -7.529372e-02 6.858605e+01 -8.257945e-04 9.999997e-01 -6.557493e-05 -2.824282e+00 7.529354e-02 1.275675e-04 9.971614e-01 9.334383e+00
9.990958e-01 -4.950921e-05 4.251423e-02 6.867516e+01 -6.724790e-06 9.999991e-01 1.322607e-03 -2.829288e+00 -4.251416e-02 -1.321699e-03 9.990949e-01 9.308090e+00
9.973051e-01 8.852587e-04 -7.336146e-02 6.876581e+01 -8.994072e-04 9.999996e-01 -1.598034e-04 -2.834512e+00 7.336119e-02 2.253559e-04 9.973055e-01 9.333915e+00
9.991286e-01 -1.471468e-04 4.173720e-02 6.886777e+01 9.044761e-05 9.999991e-01 1.360403e-03 -2.840078e+00 -4.173726e-02 -1.355444e-03 9.991276e-01 9.339292e+00
9.976036e-01 9.010286e-04 -6.918375e-02 6.904802e+01 -9.285169e-04 9.999995e-01 -3.651459e-04 -2.847677e+00 6.918329e-02 4.285104e-04 9.976039e-01 9.275286e+00
9.990814e-01 -2.196685e-04 4.285127e-02 6.923705e+01 1.623582e-04 9.999991e-01 1.340929e-03 -2.855974e+00 -4.285143e-02 -1.332741e-03 9.990805e-01 9.306726e+00
9.977520e-01 8.887762e-04 -6.700884e-02 6.949066e+01 -9.256424e-04 9.999994e-01 -5.191048e-04 -2.865943e+00 6.700824e-02 5.799652e-04 9.977523e-01 9.298199e+00
9.991443e-01 -2.277867e-04 4.135829e-02 6.974820e+01 1.658410e-04 9.999989e-01 1.501234e-03 -2.876235e+00 -4.135848e-02 -1.493092e-03 9.991432e-01 9.345815e+00
9.979658e-01 7.840929e-04 -6.374709e-02 6.994932e+01 -8.347848e-04 9.999994e-01 -7.685571e-04 -2.884270e+00 6.374634e-02 8.202098e-04 9.979659e-01 9.237083e+00
9.991701e-01 -2.636155e-04 4.072929e-02 7.014365e+01 1.984522e-04 9.999987e-01 1.603974e-03 -2.891629e+00 -4.072956e-02 -1.594561e-03 9.991689e-01 8.986771e+00
9.980131e-01 8.299870e-04 -6.300131e-02 7.027483e+01 -8.830230e-04 9.999993e-01 -8.139722e-04 -2.896767e+00 6.300049e-02 8.679874e-04 9.980132e-01 8.706147e+00
9.992110e-01 -3.215856e-04 3.971323e-02 7.038824e+01 2.574484e-04 9.999987e-01 1.620134e-03 -2.901585e+00 -3.971360e-02 -1.608632e-03 9.992097e-01 8.482343e+00
9.982257e-01 7.695655e-04 -5.953868e-02 7.051806e+01 -8.298494e-04 9.999992e-01 -9.877862e-04 -2.905989e+00 5.953777e-02 1.035443e-03 9.982256e-01 8.033008e+00
9.992240e-01 -3.065978e-04 3.938533e-02 7.058763e+01 2.442029e-04 9.999987e-01 1.589036e-03 -2.908161e+00 -3.938567e-02 -1.578186e-03 9.992228e-01 7.568628e+00
9.982904e-01 7.644721e-04 -5.844443e-02 7.062162e+01 -8.250355e-04 9.999991e-01 -1.012124e-03 -2.909232e+00 5.844351e-02 1.058613e-03 9.982902e-01 7.119950e+00
