9.993229e-01 -7.835191e-05 3.679441e-02 2.795722e-02 1.132444e-04 9.999995e-01 -9.462269e-04 -6.457239e-03 -3.679433e-02 9.497525e-04 9.993225e-01 1.449925e-01
9.998635e-01 6.427361e-05 1.651999e-02 1.022101e-01 -5.732605e-05 9.999999e-01 -4.210276e-04 -1.531188e-02 -1.652001e-02 4.200233e-04 9.998633e-01 2.730108e-01
9.994740e-01 -8.918818e-05 3.242893e-02 1.647364e-01 1.164368e-04 9.999996e-01 -8.383699e-04 -2.354034e-02 -3.242886e-02 8.417047e-04 9.994738e-01 4.103467e-01
9.998728e-01 4.912211e-05 1.595166e-02 2.245309e-01 -4.227384e-05 9.999999e-01 -4.296500e-04 -3.217952e-02 -1.595166e-02 4.289210e-04 9.998726e-01 5.907885e-01
9.994270e-01 -9.438878e-05 3.384680e-02 2.926985e-01 1.233108e-04 9.999996e-01 -8.524129e-04 -4.071566e-02 -3.384673e-02 8.560983e-04 9.994268e-01 7.367486e-01
9.998656e-01 7.301044e-05 1.639624e-02 3.666569e-01 -6.552996e-05 9.999999e-01 -4.567655e-04 -4.923306e-02 -1.639624e-02 4.556294e-04 9.998654e-01 8.646840e-01
9.994743e-01 -8.318480e-05 3.242180e-02 4.620270e-01 1.097710e-04 9.999997e-01 -8.182325e-04 -5.779818e-02 -3.242175e-02 8.213617e-04 9.994740e-01 9.401249e-01
9.999075e-01 9.647766e-05 1.359738e-02 5.909918e-01 -9.137659e-05 9.999999e-01 -3.757645e-04 -6.710952e-02 -1.359738e-02 3.744868e-04 9.999074e-01 1.004249e+00
9.993890e-01 -1.558485e-04 3.495092e-02 6.548928e-01 1.864522e-04 9.999996e-01 -8.723663e-04 -7.492187e-02 -3.495082e-02 8.783506e-04 9.993887e-01 1.104188e+00
9.999973e-01 2.152771e-04 -2.309516e-03 8.147050e-01 -2.152659e-04 1.000000e+00 4.992756e-06 -8.525780e-02 2.309562e-03 -4.496271e-06 9.999972e-01 1.318029e+00
9.992267e-01 -1.768745e-04 3.931847e-02 9.831940e-01 2.158270e-04 9.999995e-01 -9.864534e-04 -9.504587e-02 -3.931832e-02 9.941774e-04 9.992263e-01 1.384486e+00
9.999992e-01 1.527226e-04 1.265731e-03 1.088636e+00 -1.525800e-04 1.000000e+00 -1.126049e-04 -1.031977e-01 -1.265697e-03 1.124108e-04 9.999991e-01 1.446397e+00
9.990141e-01 -1.830110e-04 4.439392e-02 1.127288e+00 2.315402e-04 9.999994e-01 -1.088016e-03 -1.105541e-01 -4.439375e-02 1.097223e-03 9.990136e-01 1.569677e+00
9.999997e-01 2.096204e-04 7.476525e-04 1.169770e+00 -2.095716e-04 1.000000e+00 -6.492368e-05 -1.170877e-01 -7.476069e-04 6.476589e-05 9.999996e-01 1.603144e+00
9.992679e-01 -1.909517e-04 3.825815e-02 1.316093e+00 2.274618e-04 9.999995e-01 -9.499663e-04 -1.258810e-01 -3.825801e-02 9.579742e-04 9.992675e-01 1.603164e+00
9.999290e-01 3.071807e-04 -1.191039e-02 1.376579e+00 -3.044295e-04 9.999999e-01 2.327638e-04 -1.319545e-01 1.191053e-02 -2.291226e-04 9.999290e-01 1.651129e+00
9.993087e-01 -9.694253e-05 3.717680e-02 1.485457e+00 1.296821e-04 9.999996e-01 -8.782465e-04 -1.397555e-01 -3.717677e-02 8.824618e-04 9.993084e-01 1.735871e+00
9.999969e-01 1.556694e-04 -2.463983e-03 1.774489e+00 -1.558147e-04 1.000000e+00 -5.898831e-05 -1.531477e-01 2.464043e-03 5.937072e-05 9.999969e-01 1.809459e+00
9.993368e-01 -1.545657e-04 3.641338e-02 1.922171e+00 1.853035e-04 9.999996e-01 -8.407786e-04 -1.621513e-01 -3.641331e-02 8.469699e-04 9.993365e-01 1.886504e+00
9.999908e-01 1.494407e-04 4.287259e-03 1.969967e+00 -1.483942e-04 1.000000e+00 -2.442684e-04 -1.686070e-01 -4.287221e-03 2.436285e-04 9.999907e-01 1.944499e+00
9.998472e-01 -1.119912e-04 1.748196e-02 2.092198e+00 1.176496e-04 9.999999e-01 -3.226866e-04 -1.762998e-01 -1.748200e-02 3.246955e-04 9.998472e-01 2.043633e+00
9.999078e-01 1.882711e-04 1.357279e-02 2.399852e+00 -1.808344e-04 9.999998e-01 -5.490828e-04 -1.906729e-01 -1.357281e-02 5.465762e-04 9.999077e-01 2.248558e+00
9.999651e-01 -9.500699e-05 8.356827e-03 2.838333e+00 9.536090e-05 1.000000e+00 -4.204791e-05 -2.078987e-01 -8.356902e-03 4.284498e-05 9.999652e-01 2.398253e+00
9.997957e-01 1.431927e-04 2.021346e-02 3.285242e+00 -1.283119e-04 9.999997e-01 -7.374402e-04 -2.256532e-01 -2.021348e-02 7.346942e-04 9.997953e-01 2.460795e+00
9.999819e-01 -2.790738e-05 6.018008e-03 3.709552e+00 2.776751e-05 1.000000e+00 2.317496e-05 -2.427545e-01 -6.018091e-03 -2.300572e-05 9.999820e-01 2.590789e+00
9.998663e-01 9.865110e-05 1.634763e-02 4.117158e+00 -8.858952e-05 9.999998e-01 -6.161439e-04 -2.590471e-01 -1.634760e-02 6.146116e-04 9.998661e-01 2.684622e+00
9.999721e-01 2.739358e-05 -7.472931e-03 4.513803e+00 -2.523663e-05 1.000000e+00 2.888614e-04 -2.739790e-01 7.472855e-03 -2.886629e-04 9.999721e-01 2.827956e+00
9.998415e-01 1.109932e-04 1.780218e-02 4.911555e+00 -1.002746e-04 9.999998e-01 -6.029339e-04 -2.894230e-01 -1.780216e-02 6.010515e-04 9.998413e-01 2.963358e+00
9.999559e-01 2.727706e-05 -9.389037e-03 5.294953e+00 -2.425969e-05 9.999999e-01 3.215951e-04 -3.040022e-01 9.388960e-03 -3.213514e-04 9.999559e-01 3.088710e+00
9.996301e-01 4.029570e-05 2.719598e-02 5.616577e+00 -1.946236e-05 9.999997e-01 -7.662728e-04 -3.174225e-01 -2.719592e-02 7.654583e-04 9.996298e-01 3.262510e+00
9.998888e-01 5.989805e-05 -1.491457e-02 6.031099e+00 -5.403409e-05 9.999999e-01 3.936463e-04 -3.331814e-01 1.491451e-02 -3.927948e-04 9.998888e-01 3.451005e+00
9.999034e-01 6.974635e-05 1.390063e-02 6.391147e+00 -6.322459e-05 9.999999e-01 -4.695345e-04 -3.467620e-01 -1.390057e-02 4.686085e-04 9.999032e-01 3.610310e+00
9.999524e-01 9.972798e-05 -9.759659e-03 6.819201e+00 -9.718228e-05 1.000000e+00 2.614250e-04 -3.625238e-01 9.759599e-03 -2.604622e-04 9.999524e-01 3.805668e+00
9.999555e-01 6.065930e-05 9.429737e-03 7.160440e+00 -5.778127e-05 1.000000e+00 -3.053690e-04 -3.756869e-01 -9.429668e-03 3.048088e-04 9.999554e-01 4.023074e+00
9.999887e-01 3.356198e-05 -4.759442e-03 7.575498e+00 -3.289879e-05 1.000000e+00 1.396513e-04 -3.909810e-01 4.759360e-03 -1.394913e-04 9.999887e-01 4.127898e+00
9.999995e-01 1.193735e-04 9.726864e-04 7.974327e+00 -1.192164e-04 1.000000e+00 -1.604917e-04 -4.057741e-01 -9.726190e-04 1.603739e-04 9.999994e-01 4.238781e+00
9.999821e-01 5.272485e-05 -5.988687e-03 8.305904e+00 -5.127535e-05 1.000000e+00 2.423741e-04 -4.186928e-01 5.988613e-03 -2.420609e-04 9.999821e-01 4.442564e+00
9.999913e-01 4.831646e-05 4.154171e-03 8.640130e+00 -4.728973e-05 1.000000e+00 -2.470021e-04 -4.316799e-01 -4.154096e-03 2.468017e-04 9.999913e-01 4.645039e+00
9.999896e-01 3.387471e-05 -4.556391e-03 8.993379e+00 -3.292687e-05 1.000000e+00 2.083334e-04 -4.452454e-01 4.556312e-03 -2.081794e-04 9.999897e-01 4.825368e+00
9.999915e-01 3.748044e-05 4.107325e-03 9.264435e+00 -3.656292e-05 1.000000e+00 -2.232064e-04 -4.564867e-01 -4.107247e-03 2.230525e-04 9.999915e-01 5.042784e+00
9.999894e-01 5.736105e-05 -4.606312e-03 9.610476e+00 -5.667060e-05 1.000000e+00 1.502545e-04 -4.697863e-01 4.606234e-03 -1.499900e-04 9.999895e-01 5.193619e+00
9.999660e-01 4.419606e-05 8.244907e-03 1.003500e+01 -4.161184e-05 9.999999e-01 -3.134765e-04 -4.852525e-01 -8.244834e-03 3.131210e-04 9.999659e-01 5.326839e+00
9.999961e-01 3.642084e-05 -2.785646e-03 1.039091e+01 -3.596341e-05 1.000000e+00 1.646491e-04 -4.987955e-01 2.785565e-03 -1.645465e-04 9.999962e-01 5.436785e+00
9.998794e-01 4.086936e-05 1.552639e-02 1.073702e+01 -3.354558e-05 9.999999e-01 -4.718907e-04 -5.124781e-01 -1.552632e-02 4.713112e-04 9.998793e-01 5.614953e+00
9.999997e-01 2.002941e-05 -7.435472e-04 1.103104e+01 -1.994090e-05 1.000000e+00 1.205597e-04 -5.248619e-01 7.434617e-04 -1.205430e-04 9.999998e-01 5.779602e+00
9.999942e-01 7.070043e-05 3.393778e-03 1.144514e+01 -6.985745e-05 1.000000e+00 -2.481761e-04 -5.401898e-01 -3.393708e-03 2.479358e-04 9.999941e-01 5.866013e+00
9.999910e-01 1.565272e-05 4.244100e-03 1.180132e+01 -1.594203e-05 1.000000e+00 6.786454e-05 -5.537212e-01 -4.244188e-03 -6.792972e-05 9.999911e-01 5.980531e+00
9.999938e-01 4.716112e-05 -3.526614e-03 1.198427e+01 -4.743159e-05 1.000000e+00 -7.693475e-05 -5.626635e-01 3.526699e-03 7.709969e-05 9.999937e-01 6.236866e+00
9.999594e-01 -9.466659e-06 9.009451e-03 1.210929e+01 9.705088e-06 1.000000e+00 -2.654745e-05 -5.694187e-01 -9.009539e-03 2.663568e-05 9.999595e-01 6.408188e+00
9.999657e-01 2.893996e-05 -8.282821e-03 1.233910e+01 -2.900380e-05 1.000000e+00 -7.727228e-06 -5.788460e-01 8.282909e-03 7.965337e-06 9.999656e-01 6.457259e+00
9.999734e-01 -2.016500e-05 7.294858e-03 1.267846e+01 2.050311e-05 1.000000e+00 -4.643236e-05 -5.920241e-01 -7.294945e-03 4.658256e-05 9.999735e-01 6.543911e+00
9.999758e-01 3.855406e-05 -6.952272e-03 1.305897e+01 -3.871296e-05 1.000000e+00 -2.288955e-05 -6.061281e-01 6.952359e-03 2.315627e-05 9.999758e-01 6.398696e+00
9.999497e-01 2.483285e-05 1.003051e-02 1.342377e+01 -2.440574e-05 1.000000e+00 -4.281791e-05 -6.197328e-01 -1.003060e-02 4.257283e-05 9.999498e-01 6.371508e+00
9.999830e-01 6.660099e-05 -5.830610e-03 1.379328e+01 -6.700244e-05 1.000000e+00 -6.885712e-05 -6.336080e-01 5.830695e-03 6.924475e-05 9.999829e-01 6.466057e+00
9.999580e-01 -2.555710e-05 9.172456e-03 1.378193e+01 2.498154e-05 1.000000e+00 6.273675e-05 -6.380819e-01 -9.172547e-03 -6.250309e-05 9.999580e-01 6.779415e+00
9.999741e-01 5.375947e-05 -7.194475e-03 1.380260e+01 -5.458046e-05 1.000000e+00 -1.140816e-04 -6.435479e-01 7.194558e-03 1.144694e-04 9.999740e-01 7.100458e+00
9.999426e-01 -4.606163e-07 1.071972e-02 1.392829e+01 1.517510e-07 1.000000e+00 2.870438e-05 -6.516024e-01 -1.071981e-02 -2.869923e-05 9.999426e-01 7.418433e+00
9.999737e-01 1.001092e-04 -7.246618e-03 1.425923e+01 -1.013094e-04 1.000000e+00 -1.654174e-04 -6.644047e-01 7.246691e-03 1.661453e-04 9.999737e-01 7.615847e+00
9.999765e-01 -4.760338e-05 6.862611e-03 1.448981e+01 4.647676e-05 1.000000e+00 1.641545e-04 -6.744097e-01 -6.862708e-03 -1.638298e-04 9.999765e-01 7.830711e+00
9.999915e-01 1.123992e-04 -4.106453e-03 1.464010e+01 -1.132959e-04 1.000000e+00 -2.184095e-04 -6.825145e-01 4.106518e-03 2.188710e-04 9.999915e-01 8.098483e+00
9.999740e-01 -6.250860e-05 7.221493e-03 1.481499e+01 6.144780e-05 1.000000e+00 1.469511e-04 -6.911857e-01 -7.221592e-03 -1.465017e-04 9.999740e-01 8.351530e+00
9.999666e-01 1.006491e-04 -8.166829e-03 1.506794e+01 -1.018731e-04 1.000000e+00 -1.496016e-04 -7.018654e-01 8.166904e-03 1.504267e-04 9.999666e-01 8.550949e+00
9.999638e-01 -6.453065e-05 8.508523e-03 1.551521e+01 6.409449e-05 1.000000e+00 5.139362e-05 -7.181610e-01 -8.508617e-03 -5.084452e-05 9.999639e-01 8.521252e+00
9.999548e-01 5.059326e-05 -9.502248e-03 1.582281e+01 -5.179412e-05 1.000000e+00 -1.262568e-04 -7.299285e-01 9.502332e-03 1.267414e-04 9.999548e-01 8.477661e+00
9.999606e-01 -3.254852e-05 8.885064e-03 1.615507e+01 3.187554e-05 1.000000e+00 7.575046e-05 -7.428239e-01 -8.885157e-03 -7.546235e-05 9.999606e-01 8.565331e+00
9.999980e-01 1.188211e-04 1.981558e-03 1.656736e+01 -1.181507e-04 9.999999e-01 -3.378044e-04 -7.582736e-01 -1.981508e-03 3.375677e-04 9.999979e-01 8.704891e+00
9.998903e-01 -2.487650e-06 1.481500e-02 1.696888e+01 3.882283e-06 1.000000e+00 -9.419097e-05 -7.739794e-01 -1.481509e-02 9.424007e-05 9.998903e-01 8.883069e+00
9.999914e-01 1.200011e-04 4.133015e-03 1.740143e+01 -1.182856e-04 9.999999e-01 -4.150122e-04 -7.909308e-01 -4.132973e-03 4.145178e-04 9.999913e-01 9.074281e+00
9.999615e-01 3.505498e-05 8.778463e-03 1.784416e+01 -3.578187e-05 1.000000e+00 8.249829e-05 -8.075570e-01 -8.778552e-03 -8.280728e-05 9.999615e-01 9.251080e+00
9.999907e-01 9.379862e-05 -4.296654e-03 1.831868e+01 -9.492370e-05 1.000000e+00 -2.619515e-04 -8.247594e-01 4.296721e-03 2.623550e-04 9.999907e-01 9.415020e+00
9.999481e-01 6.643624e-05 1.018841e-02 1.881437e+01 -6.726774e-05 1.000000e+00 8.114009e-05 -8.426213e-01 -1.018849e-02 -8.181928e-05 9.999482e-01 9.563046e+00
9.999778e-01 6.699623e-05 -6.655815e-03 1.921039e+01 -6.826027e-05 1.000000e+00 -1.898889e-04 -8.574420e-01 6.655895e-03 1.903370e-04 9.999778e-01 9.731457e+00
9.999434e-01 5.875477e-05 1.063921e-02 1.970651e+01 -5.896330e-05 1.000000e+00 1.916077e-05 -8.752734e-01 -1.063930e-02 -1.978506e-05 9.999435e-01 9.833425e+00
9.999849e-01 1.173874e-04 -5.490849e-03 2.021132e+01 -1.185469e-04 1.000000e+00 -2.110965e-04 -8.935227e-01 5.490917e-03 2.117423e-04 9.999848e-01 1.001779e+01
9.999468e-01 8.254859e-05 1.032035e-02 2.075482e+01 -8.269967e-05 1.000000e+00 1.408169e-05 -9.129585e-01 -1.032044e-02 -1.493248e-05 9.999468e-01 1.021725e+01
9.999833e-01 4.981534e-05 -5.775316e-03 2.129702e+01 -5.104537e-05 1.000000e+00 -2.130691e-04 -9.322917e-01 5.775399e-03 2.133584e-04 9.999832e-01 1.030797e+01
9.999205e-01 1.207087e-04 1.260978e-02 2.188866e+01 -1.207026e-04 1.000000e+00 -1.355740e-06 -9.531378e-01 -1.260987e-02 -1.644419e-07 9.999206e-01 1.040381e+01
9.999769e-01 3.955871e-05 -6.795471e-03 2.237937e+01 -4.067554e-05 1.000000e+00 -1.644147e-04 -9.707466e-01 6.795559e-03 1.646853e-04 9.999768e-01 1.053742e+01
9.998791e-01 4.697774e-05 1.555396e-02 2.273704e+01 -4.653125e-05 1.000000e+00 -2.915694e-05 -9.843191e-01 -1.555406e-02 2.843164e-05 9.998791e-01 1.061120e+01
9.998792e-01 1.802211e-06 -1.554174e-02 2.320836e+01 -2.830747e-06 1.000000e+00 -6.624801e-05 -1.001653e+00 1.554183e-02 6.628205e-05 9.998792e-01 1.066455e+01
9.998414e-01 9.399475e-05 1.780871e-02 2.374960e+01 -9.233706e-05 1.000000e+00 -9.398325e-05 -1.020976e+00 -1.780881e-02 9.232592e-05 9.998415e-01 1.069819e+01
9.998521e-01 6.336576e-06 -1.719653e-02 2.412466e+01 -5.857442e-06 1.000000e+00 2.782951e-05 -1.035174e+00 1.719662e-02 -2.772662e-05 9.998521e-01 1.087737e+01
9.998981e-01 4.048142e-05 1.427552e-02 2.446842e+01 -3.938617e-05 1.000000e+00 -7.710064e-05 -1.048148e+00 -1.427562e-02 7.653250e-05 9.998982e-01 1.091477e+01
9.998789e-01 -1.259919e-05 -1.555724e-02 2.462112e+01 1.382370e-05 1.000000e+00 7.851069e-05 -1.055323e+00 1.555733e-02 -7.871821e-05 9.998789e-01 1.102793e+01
9.998510e-01 6.519945e-05 1.726524e-02 2.491672e+01 -6.239682e-05 1.000000e+00 -1.629467e-04 -1.066677e+00 -1.726534e-02 1.618471e-04 9.998510e-01 1.108448e+01
9.998254e-01 -3.397110e-05 -1.868189e-02 2.521474e+01 3.624434e-05 1.000000e+00 1.212666e-04 -1.078297e+00 1.868198e-02 -1.219245e-04 9.998254e-01 1.114821e+01
9.998013e-01 1.013995e-04 1.993731e-02 2.554819e+01 -9.754415e-05 1.000000e+00 -1.944155e-04 -1.091006e+00 -1.993742e-02 1.924340e-04 9.998013e-01 1.121183e+01
9.997694e-01 -1.073000e-04 -2.147336e-02 2.585729e+01 1.099762e-04 1.000000e+00 1.233790e-04 -1.102764e+00 2.147344e-02 -1.257141e-04 9.997693e-01 1.116263e+01
9.997495e-01 1.844451e-04 2.238122e-02 2.625528e+01 -1.801116e-04 1.000000e+00 -1.957009e-04 -1.117688e+00 -2.238135e-02 1.916228e-04 9.997496e-01 1.122723e+01
9.997919e-01 -8.580251e-05 -2.039957e-02 2.657624e+01 8.792348e-05 1.000000e+00 1.030039e-04 -1.130463e+00 2.039966e-02 -1.047780e-04 9.997918e-01 1.143649e+01
9.997753e-01 1.888372e-04 2.119944e-02 2.698023e+01 -1.848868e-04 1.000000e+00 -1.883709e-04 -1.145623e+00 -2.119957e-02 1.844111e-04 9.997753e-01 1.158662e+01
9.998092e-01 -1.317640e-04 -1.953166e-02 2.726544e+01 1.342912e-04 1.000000e+00 1.280007e-04 -1.156850e+00 1.953173e-02 -1.306011e-04 9.998092e-01 1.165718e+01
9.998194e-01 1.211576e-04 1.900568e-02 2.748037e+01 -1.179859e-04 1.000000e+00 -1.680744e-04 -1.165731e+00 -1.900579e-02 1.658036e-04 9.998194e-01 1.165525e+01
9.998189e-01 -1.180759e-04 -1.902910e-02 2.761337e+01 1.211466e-04 1.000000e+00 1.601391e-04 -1.171815e+00 1.902918e-02 -1.624174e-04 9.998188e-01 1.164533e+01
9.998246e-01 1.328285e-04 1.872840e-02 2.789795e+01 -1.295454e-04 1.000000e+00 -1.765910e-04 -1.182482e+00 -1.872852e-02 1.741358e-04 9.998247e-01 1.147268e+01
9.998555e-01 -5.325550e-05 -1.699586e-02 2.829355e+01 5.476145e-05 1.000000e+00 8.805651e-05 -1.197224e+00 1.699595e-02 -8.897648e-05 9.998555e-01 1.152629e+01
9.997686e-01 1.529928e-04 2.151032e-02 2.868144e+01 -1.479269e-04 1.000000e+00 -2.371675e-04 -1.211608e+00 -2.151044e-02 2.339326e-04 9.997687e-01 1.160151e+01
9.998054e-01 -8.141847e-05 -1.972279e-02 2.900574e+01 8.462595e-05 1.000000e+00 1.617193e-04 -1.224015e+00 1.972287e-02 -1.633589e-04 9.998054e-01 1.165505e+01
9.996302e-01 1.588381e-04 2.719488e-02 2.934644e+01 -1.501865e-04 9.999999e-01 -3.202290e-04 -1.237076e+00 -2.719503e-02 3.160282e-04 9.996302e-01 1.172012e+01
9.997556e-01 -5.330593e-05 -2.210772e-02 2.988344e+01 5.626364e-05 1.000000e+00 1.330969e-04 -1.256062e+00 2.210780e-02 -1.343103e-04 9.997555e-01 1.171122e+01
9.996508e-01 1.994442e-04 2.642492e-02 3.033474e+01 -1.920803e-04 9.999999e-01 -2.812657e-04 -1.272542e+00 -2.642507e-02 2.760938e-04 9.996508e-01 1.182568e+01
9.998124e-01 -3.357427e-05 -1.936785e-02 3.079033e+01 3.506035e-05 1.000000e+00 7.631208e-05 -1.289257e+00 1.936794e-02 -7.697879e-05 9.998124e-01 1.199711e+01
9.997215e-01 1.634245e-04 2.360154e-02 3.117416e+01 -1.586001e-04 1.000000e+00 -2.063440e-04 -1.303642e+00 -2.360167e-02 2.025453e-04 9.997215e-01 1.215941e+01
9.998025e-01 -6.444672e-05 -1.987135e-02 3.147651e+01 6.648982e-05 1.000000e+00 1.020796e-04 -1.315425e+00 1.987144e-02 -1.033827e-04 9.998025e-01 1.228884e+01
9.997075e-01 1.499817e-04 2.418780e-02 3.180571e+01 -1.449206e-04 1.000000e+00 -2.110558e-04 -1.328002e+00 -2.418792e-02 2.074908e-04 9.997075e-01 1.235750e+01
9.998803e-01 -1.814752e-05 -1.546868e-02 3.218146e+01 1.853034e-05 1.000000e+00 2.450653e-05 -1.342167e+00 1.546878e-02 -2.479221e-05 9.998803e-01 1.251293e+01
9.996276e-01 1.079634e-04 2.728968e-02 3.249624e+01 -1.003523e-04 1.000000e+00 -2.803216e-04 -1.354916e+00 -2.728980e-02 2.774806e-04 9.996276e-01 1.273766e+01
9.997842e-01 4.465761e-06 -2.077339e-02 3.283736e+01 -1.813904e-06 1.000000e+00 1.275998e-04 -1.367907e+00 2.077349e-02 -1.275366e-04 9.997841e-01 1.287048e+01
9.997720e-01 1.040070e-04 2.135330e-02 3.320463e+01 -1.000083e-04 1.000000e+00 -1.884021e-04 -1.382068e+00 -2.135342e-02 1.862256e-04 9.997720e-01 1.307289e+01
9.998388e-01 5.813949e-05 -1.795520e-02 3.369752e+01 -5.740823e-05 1.000000e+00 4.115517e-05 -1.399935e+00 1.795530e-02 -4.011973e-05 9.998387e-01 1.324964e+01
9.996908e-01 7.270463e-05 2.486563e-02 3.404296e+01 -6.809454e-05 1.000000e+00 -1.863082e-04 -1.413142e+00 -2.486574e-02 1.845594e-04 9.996908e-01 1.342405e+01
9.997920e-01 3.382876e-05 -2.039140e-02 3.447479e+01 -3.338207e-05 1.000000e+00 2.216858e-05 -1.428949e+00 2.039150e-02 -2.148523e-05 9.997920e-01 1.353001e+01
9.997152e-01 1.080392e-04 2.386637e-02 3.493403e+01 -1.042784e-04 1.000000e+00 -1.588853e-04 -1.445693e+00 -2.386648e-02 1.563533e-04 9.997152e-01 1.367645e+01
9.999034e-01 2.275217e-05 -1.389926e-02 3.524348e+01 -2.331790e-05 1.000000e+00 -4.065449e-05 -1.457957e+00 1.389936e-02 4.097269e-05 9.999033e-01 1.387138e+01
9.998198e-01 8.158842e-05 1.898455e-02 3.549509e+01 -7.980556e-05 1.000000e+00 -9.475096e-05 -1.468700e+00 -1.898466e-02 9.322081e-05 9.998198e-01 1.410259e+01
9.999378e-01 5.612796e-05 -1.114995e-02 3.588435e+01 -5.687974e-05 1.000000e+00 -6.725227e-05 -1.483274e+00 1.115004e-02 6.788032e-05 9.999378e-01 1.423945e+01
9.997763e-01 3.384959e-05 2.115368e-02 3.628679e+01 -3.065113e-05 1.000000e+00 -1.516002e-04 -1.498225e+00 -2.115379e-02 1.509199e-04 9.997763e-01 1.430916e+01
9.999949e-01 3.071809e-05 -3.195834e-03 3.662862e+01 -3.158672e-05 1.000000e+00 -2.722647e-04 -1.511914e+00 3.195924e-03 2.723623e-04 9.999948e-01 1.440148e+01
9.998916e-01 5.747617e-05 1.472733e-02 3.692237e+01 -5.799643e-05 1.000000e+00 3.478675e-05 -1.523840e+00 -1.472743e-02 -3.563511e-05 9.998916e-01 1.456224e+01
9.999812e-01 1.948459e-05 -6.125203e-03 3.719272e+01 -2.079907e-05 1.000000e+00 -2.148124e-04 -1.534848e+00 6.125297e-03 2.149338e-04 9.999812e-01 1.469175e+01
9.999063e-01 7.687963e-05 1.369004e-02 3.759471e+01 -7.736005e-05 1.000000e+00 3.444017e-05 -1.549701e+00 -1.369014e-02 -3.549400e-05 9.999063e-01 1.474897e+01
9.999426e-01 6.552928e-06 -1.071001e-02 3.812805e+01 -8.664766e-06 1.000000e+00 -1.972966e-04 -1.568618e+00 1.071011e-02 1.973761e-04 9.999426e-01 1.471335e+01
9.998993e-01 9.119781e-05 1.419070e-02 3.870746e+01 -9.147611e-05 1.000000e+00 1.884210e-05 -1.588881e+00 -1.419080e-02 -2.013631e-05 9.998994e-01 1.465116e+01
9.999733e-01 3.697460e-05 -7.299427e-03 3.924730e+01 -3.866433e-05 1.000000e+00 -2.315839e-04 -1.607934e+00 7.299517e-03 2.318579e-04 9.999733e-01 1.467657e+01
9.998876e-01 1.148508e-04 1.499761e-02 3.976912e+01 -1.150852e-04 1.000000e+00 1.465429e-05 -1.626592e+00 -1.499771e-02 -1.637664e-05 9.998876e-01 1.479851e+01
9.998939e-01 -3.389776e-05 -1.456475e-02 4.016815e+01 3.270603e-05 1.000000e+00 -8.218126e-05 -1.641635e+00 1.456486e-02 8.169421e-05 9.998939e-01 1.492975e+01
9.998982e-01 5.864139e-05 1.426922e-02 4.050972e+01 -5.891896e-05 1.000000e+00 1.891118e-05 -1.654865e+00 -1.426932e-02 -1.974797e-05 9.998982e-01 1.499771e+01
9.998708e-01 -9.019154e-05 -1.607264e-02 4.089747e+01 8.830820e-05 1.000000e+00 -1.179955e-04 -1.669066e+00 1.607275e-02 1.165590e-04 9.998708e-01 1.493702e+01
9.998971e-01 9.820933e-05 1.435001e-02 4.133174e+01 -9.810402e-05 1.000000e+00 -8.163448e-06 -1.684678e+00 -1.435011e-02 6.756834e-06 9.998971e-01 1.484579e+01
9.998505e-01 -1.450363e-04 -1.728803e-02 4.151622e+01 1.451543e-04 1.000000e+00 5.468089e-06 -1.691474e+00 1.728812e-02 -7.978713e-06 9.998505e-01 1.456254e+01
9.999047e-01 1.058155e-04 1.380876e-02 4.175622e+01 -1.058531e-04 1.000000e+00 1.865524e-06 -1.700255e+00 -1.380886e-02 -3.325016e-06 9.999047e-01 1.434352e+01
9.998599e-01 -1.615296e-04 -1.673736e-02 4.204703e+01 1.611363e-04 1.000000e+00 -2.495373e-05 -1.710941e+00 1.673746e-02 2.225122e-05 9.998599e-01 1.417414e+01
9.999101e-01 1.390237e-04 1.341421e-02 4.229850e+01 -1.392541e-04 1.000000e+00 1.610916e-05 -1.720370e+00 -1.341431e-02 -1.797365e-05 9.999101e-01 1.402180e+01
9.998268e-01 -1.239735e-04 -1.860638e-02 4.255198e+01 1.235477e-04 1.000000e+00 -2.413246e-05 -1.729947e+00 1.860648e-02 2.182748e-05 9.998268e-01 1.391642e+01
9.998908e-01 1.468130e-04 1.477982e-02 4.269310e+01 -1.473946e-04 1.000000e+00 3.814005e-05 -1.735365e+00 -1.477991e-02 -4.031231e-05 9.998908e-01 1.369256e+01
9.998520e-01 -1.644958e-04 -1.720284e-02 4.298250e+01 1.630379e-04 1.000000e+00 -8.624966e-05 -1.746101e+00 1.720295e-02 8.343014e-05 9.998520e-01 1.356223e+01
9.998886e-01 1.377585e-04 1.492492e-02 4.328919e+01 -1.380491e-04 1.000000e+00 1.832898e-05 -1.757573e+00 -1.492502e-02 -2.038525e-05 9.998887e-01 1.348033e+01
9.997626e-01 -7.176254e-05 -2.178671e-02 4.347017e+01 7.325824e-05 1.000000e+00 6.777371e-05 -1.765046e+00 2.178680e-02 -6.935571e-05 9.997626e-01 1.345505e+01
9.998755e-01 1.613476e-04 1.578055e-02 4.368016e+01 -1.615558e-04 1.000000e+00 1.181088e-05 -1.773839e+00 -1.578065e-02 -1.435680e-05 9.998755e-01 1.355264e+01
9.998880e-01 -5.001700e-05 -1.496659e-02 4.410410e+01 4.844763e-05 1.000000e+00 -1.053362e-04 -1.789696e+00 1.496670e-02 1.045972e-04 9.998879e-01 1.373332e+01
9.998464e-01 2.410060e-04 1.752873e-02 4.469061e+01 -2.398537e-04 1.000000e+00 -6.793937e-05 -1.810419e+00 -1.752884e-02 6.372664e-05 9.998464e-01 1.392829e+01
9.998525e-01 -1.611244e-04 -1.716981e-02 4.521139e+01 1.607901e-04 1.000000e+00 -2.095021e-05 -1.829286e+00 1.716991e-02 1.818435e-05 9.998525e-01 1.403498e+01
9.998633e-01 1.957507e-04 1.653618e-02 4.572117e+01 -1.944176e-04 1.000000e+00 -8.233121e-05 -1.847700e+00 -1.653630e-02 7.910708e-05 9.998633e-01 1.409038e+01
9.998399e-01 -1.398921e-04 -1.789004e-02 4.622937e+01 1.394569e-04 1.000000e+00 -2.567004e-05 -1.865978e+00 1.789014e-02 2.316899e-05 9.998399e-01 1.413953e+01
9.998184e-01 2.386246e-04 1.905837e-02 4.685719e+01 -2.358988e-04 1.000000e+00 -1.453609e-04 -1.888053e+00 -1.905851e-02 1.408407e-04 9.998184e-01 1.417182e+01
9.999048e-01 -1.000863e-04 -1.379789e-02 4.751346e+01 9.894347e-05 1.000000e+00 -8.363850e-05 -1.910851e+00 1.379800e-02 8.226327e-05 9.999047e-01 1.419972e+01
9.998603e-01 1.988937e-04 1.671880e-02 4.793080e+01 -1.980203e-04 1.000000e+00 -5.399915e-05 -1.926054e+00 -1.671891e-02 5.068301e-05 9.998603e-01 1.426313e+01
9.999087e-01 -1.596711e-04 -1.350813e-02 4.819108e+01 1.593475e-04 1.000000e+00 -2.516638e-05 -1.936191e+00 1.350823e-02 2.300954e-05 9.999087e-01 1.428853e+01
9.999123e-01 1.681898e-04 1.324780e-02 4.831143e+01 -1.685660e-04 1.000000e+00 2.714727e-05 -1.941534e+00 -1.324790e-02 -2.937595e-05 9.999123e-01 1.422222e+01
9.999277e-01 -5.131660e-05 -1.201947e-02 4.864965e+01 4.996916e-05 1.000000e+00 -1.125510e-04 -1.954528e+00 1.201958e-02 1.119402e-04 9.999277e-01 1.436145e+01
9.995935e-01 1.229095e-04 2.851120e-02 4.903569e+01 -1.146922e-04 1.000000e+00 -2.899065e-04 -1.969528e+00 -2.851133e-02 2.865207e-04 9.995935e-01 1.447461e+01
9.999988e-01 -8.416740e-05 -1.525956e-03 4.938327e+01 8.352179e-05 9.999999e-01 -4.243359e-04 -1.984104e+00 1.526091e-03 4.242059e-04 9.999987e-01 1.450026e+01
9.997187e-01 1.668867e-04 2.371820e-02 4.983141e+01 -1.632587e-04 1.000000e+00 -1.549775e-04 -2.001467e+00 -2.371833e-02 1.510638e-04 9.997187e-01 1.457318e+01
9.999998e-01 -1.432028e-04 4.680814e-04 5.017585e+01 1.434172e-04 9.999999e-01 -4.539234e-04 -2.015606e+00 -4.679168e-04 4.539884e-04 9.999997e-01 1.461028e+01
9.997984e-01 2.354327e-04 2.008124e-02 5.051579e+01 -2.341871e-04 1.000000e+00 -6.448022e-05 -2.029576e+00 -2.008136e-02 5.976656e-05 9.997984e-01 1.469685e+01
9.998382e-01 -1.362777e-04 -1.798350e-02 5.104906e+01 1.339010e-04 1.000000e+00 -1.334775e-04 -2.048338e+00 1.798361e-02 1.310458e-04 9.998382e-01 1.473694e+01
9.995219e-01 2.238643e-04 3.091815e-02 5.150770e+01 -2.172012e-04 1.000000e+00 -2.189295e-04 -2.065403e+00 -3.091830e-02 2.121114e-04 9.995219e-01 1.483598e+01
9.999211e-01 -1.619008e-04 -1.255903e-02 5.207314e+01 1.586351e-04 1.000000e+00 -2.611816e-04 -2.085998e+00 1.255917e-02 2.591666e-04 9.999210e-01 1.489385e+01
9.994532e-01 2.592132e-04 3.306416e-02 5.249951e+01 -2.503082e-04 9.999999e-01 -2.735262e-04 -2.102489e+00 -3.306433e-02 2.651026e-04 9.994532e-01 1.496802e+01
9.996809e-01 -1.905538e-04 -2.525926e-02 5.280406e+01 1.922034e-04 1.000000e+00 6.279131e-05 -2.114339e+00 2.525935e-02 -6.762828e-05 9.996809e-01 1.506314e+01
9.996296e-01 2.779394e-04 2.721401e-02 5.325658e+01 -2.721033e-04 9.999999e-01 -2.182321e-04 -2.130836e+00 -2.721417e-02 2.107484e-04 9.996297e-01 1.513479e+01
9.995553e-01 -2.006715e-04 -2.981659e-02 5.386709e+01 2.030858e-04 1.000000e+00 7.787294e-05 -2.152045e+00 2.981667e-02 -8.389573e-05 9.995553e-01 1.505444e+01
9.996533e-01 2.962974e-04 2.633105e-02 5.434668e+01 -2.930916e-04 9.999999e-01 -1.256915e-04 -2.169204e+00 -2.633118e-02 1.179326e-04 9.996533e-01 1.510067e+01
9.996118e-01 -1.504038e-04 -2.785763e-02 5.493477e+01 1.514155e-04 1.000000e+00 3.412916e-05 -2.189947e+00 2.785772e-02 -3.833608e-05 9.996118e-01 1.517314e+01
9.994962e-01 3.233314e-04 3.173891e-02 5.566849e+01 -3.150597e-04 9.999999e-01 -2.656814e-04 -2.215310e+00 -3.173910e-02 2.555500e-04 9.994962e-01 1.527053e+01
9.996006e-01 -1.640652e-04 -2.825897e-02 5.633736e+01 1.657166e-04 1.000000e+00 5.602110e-05 -2.238512e+00 2.825906e-02 -6.068380e-05 9.996006e-01 1.539879e+01
9.996024e-01 2.388682e-04 2.819822e-02 5.676343e+01 -2.349644e-04 1.000000e+00 -1.418290e-04 -2.254314e+00 -2.819835e-02 1.351491e-04 9.996024e-01 1.553107e+01
9.994579e-01 -1.396004e-04 -3.292024e-02 5.706578e+01 1.458000e-04 1.000000e+00 1.858566e-04 -2.266127e+00 3.292032e-02 -1.905577e-04 9.994579e-01 1.569994e+01
9.994830e-01 2.388971e-04 3.215251e-02 5.733254e+01 -2.320882e-04 9.999999e-01 -2.155637e-04 -2.277505e+00 -3.215266e-02 2.079921e-04 9.994830e-01 1.597889e+01
9.994000e-01 -1.476693e-04 -3.463380e-02 5.773721e+01 1.543444e-04 1.000000e+00 1.899974e-04 -2.292527e+00 3.463388e-02 -1.952310e-04 9.994000e-01 1.614009e+01
9.994557e-01 2.186038e-04 3.299111e-02 5.814236e+01 -2.112660e-04 1.000000e+00 -2.259647e-04 -2.307641e+00 -3.299126e-02 2.188740e-04 9.994557e-01 1.629488e+01
9.993052e-01 -1.217300e-04 -3.726969e-02 5.844960e+01 1.326661e-04 9.999999e-01 2.909012e-04 -2.319826e+00 3.726975e-02 -2.956455e-04 9.993051e-01 1.654409e+01
9.994078e-01 2.241798e-04 3.440954e-02 5.880371e+01 -2.152699e-04 9.999999e-01 -2.627006e-04 -2.333535e+00 -3.440969e-02 2.551398e-04 9.994078e-01 1.678762e+01
9.992526e-01 -1.097669e-04 -3.865267e-02 5.915396e+01 1.192374e-04 1.000000e+00 2.426562e-04 -2.346776e+00 3.865275e-02 -2.470858e-04 9.992526e-01 1.686780e+01
9.993012e-01 2.446018e-04 3.737805e-02 5.965295e+01 -2.340328e-04 9.999999e-01 -2.871876e-04 -2.364902e+00 -3.737822e-02 2.782413e-04 9.993012e-01 1.703331e+01
9.992198e-01 -1.412549e-04 -3.949163e-02 6.008912e+01 1.520520e-04 1.000000e+00 2.703453e-04 -2.380909e+00 3.949169e-02 -2.761413e-04 9.992198e-01 1.722691e+01
9.992966e-01 2.072502e-04 3.750194e-02 6.055431e+01 -1.959049e-04 9.999999e-01 -3.062540e-04 -2.397824e+00 -3.750210e-02 2.986938e-04 9.992966e-01 1.736019e+01
9.992224e-01 -8.531867e-05 -3.942769e-02 6.089769e+01 9.778365e-05 9.999999e-01 3.141663e-04 -2.411514e+00 3.942776e-02 -3.177794e-04 9.992223e-01 1.764612e+01
9.993288e-01 2.043819e-04 3.663339e-02 6.119142e+01 -1.952411e-04 9.999999e-01 -2.531516e-04 -2.423962e+00 -3.663354e-02 2.458315e-04 9.993288e-01 1.798147e+01
9.992448e-01 -4.059055e-05 -3.885439e-02 6.162389e+01 5.088375e-05 1.000000e+00 2.638749e-04 -2.440253e+00 3.885448e-02 -2.656548e-04 9.992448e-01 1.824814e+01
9.993293e-01 1.432638e-04 3.661883e-02 6.190890e+01 -1.346519e-04 1.000000e+00 -2.376978e-04 -2.452308e+00 -3.661896e-02 2.326097e-04 9.993293e-01 1.855245e+01
9.992255e-01 -7.098096e-06 -3.934859e-02 6.219583e+01 1.890597e-05 1.000000e+00 2.996593e-04 -2.464640e+00 3.934868e-02 -3.001732e-04 9.992254e-01 1.889002e+01
9.993364e-01 9.716854e-05 3.642567e-02 6.245103e+01 -8.952354e-05 1.000000e+00 -2.115639e-04 -2.476000e+00 -3.642579e-02 2.081646e-04 9.993364e-01 1.924242e+01
9.991287e-01 8.019763e-05 -4.173324e-02 6.276866e+01 -6.630433e-05 9.999999e-01 3.342425e-04 -2.488921e+00 4.173337e-02 -3.311862e-04 9.991287e-01 1.954751e+01
9.994156e-01 1.192123e-04 3.418461e-02 6.301663e+01 -1.159042e-04 1.000000e+00 -9.880803e-05 -2.499598e+00 -3.418472e-02 9.479020e-05 9.994156e-01 1.982407e+01
9.991442e-01 1.446601e-05 -4.136035e-02 6.324407e+01 -3.190214e-06 1.000000e+00 2.726413e-04 -2.509452e+00 4.136045e-02 -2.722781e-04 9.991442e-01 2.006438e+01
9.995112e-01 2.614840e-04 3.126366e-02 6.360257e+01 -2.611198e-04 1.000000e+00 -1.579254e-05 -2.522906e+00 -3.126377e-02 7.623282e-06 9.995112e-01 2.023866e+01
9.989303e-01 2.047261e-04 -4.623952e-02 6.389016e+01 -1.818177e-04 9.999999e-01 4.995920e-04 -2.534324e+00 4.623972e-02 -4.906524e-04 9.989302e-01 2.043924e+01
9.993262e-01 6.218284e-05 3.670507e-02 6.407456e+01 -5.616887e-05 1.000000e+00 -1.649244e-04 -2.543590e+00 -3.670518e-02 1.627535e-04 9.993262e-01 2.076397e+01
9.987962e-01 3.406925e-04 -4.905118e-02 6.434238e+01 -3.124900e-04 9.999998e-01 5.825916e-04 -2.554836e+00 4.905147e-02 -5.665641e-04 9.987960e-01 2.104566e+01
9.995015e-01 1.504823e-04 3.157200e-02 6.456311e+01 -1.528895e-04 1.000000e+00 7.378115e-05 -2.564881e+00 -3.157209e-02 -7.856950e-05 9.995015e-01 2.134279e+01
9.987379e-01 4.826585e-04 -5.022147e-02 6.486821e+01 -4.532217e-04 9.999997e-01 5.974941e-04 -2.576781e+00 5.022185e-02 -5.739804e-04 9.987379e-01 2.152901e+01
9.993266e-01 -4.854294e-05 3.669368e-02 6.516524e+01 5.412986e-05 1.000000e+00 -1.513060e-04 -2.588532e+00 -3.669377e-02 1.531921e-04 9.993266e-01 2.172218e+01
9.989382e-01 3.728339e-04 -4.606741e-02 6.553112e+01 -3.530225e-04 9.999998e-01 4.381537e-04 -2.602380e+00 4.606767e-02 -4.214273e-04 9.989382e-01 2.194731e+01
9.991375e-01 -2.501314e-04 4.152425e-02 6.583282e+01 2.641221e-04 9.999999e-01 -3.314763e-04 -2.614383e+00 -4.152426e-02 3.421597e-04 9.991375e-01 2.216287e+01
9.989471e-01 3.734474e-04 -4.587461e-02 6.622638e+01 -3.560489e-04 9.999999e-01 3.873995e-04 -2.628911e+00 4.587484e-02 -3.706597e-04 9.989471e-01 2.231280e+01
9.991010e-01 -2.518180e-04 4.239272e-02 6.667424e+01 2.679934e-04 9.999999e-01 -3.759115e-04 -2.645189e+00 -4.239271e-02 3.869363e-04 9.991010e-01 2.238118e+01
9.991033e-01 4.450506e-04 -4.233607e-02 6.720925e+01 -4.317371e-04 9.999999e-01 3.235770e-04 -2.664450e+00 4.233631e-02 -3.050105e-04 9.991033e-01 2.260073e+01
9.990241e-01 -2.470199e-04 4.416849e-02 6.791126e+01 2.674294e-04 9.999999e-01 -4.562063e-04 -2.688836e+00 -4.416847e-02 4.675748e-04 9.990240e-01 2.274263e+01
9.993163e-01 4.887054e-04 -3.696748e-02 6.869795e+01 -4.823313e-04 9.999999e-01 1.813010e-04 -2.715810e+00 3.696766e-02 -1.633482e-04 9.993164e-01 2.287770e+01
9.991139e-01 -2.774396e-04 4.208916e-02 6.935599e+01 2.926647e-04 9.999999e-01 -3.556073e-04 -2.738690e+00 -4.208915e-02 3.676120e-04 9.991139e-01 2.301698e+01
9.992723e-01 4.664225e-04 -3.813777e-02 6.990180e+01 -4.588330e-04 9.999999e-01 2.077137e-04 -2.758147e+00 3.813796e-02 -1.900654e-04 9.992724e-01 2.317392e+01
9.991770e-01 -2.919530e-04 4.056158e-02 7.032294e+01 3.030698e-04 9.999999e-01 -2.679605e-04 -2.773874e+00 -4.056160e-02 2.800347e-04 9.991771e-01 2.337754e+01
9.992332e-01 4.141100e-04 -3.914939e-02 7.073772e+01 -4.055004e-04 9.999999e-01 2.278171e-04 -2.789418e+00 3.914957e-02 -2.117690e-04 9.992333e-01 2.354134e+01
9.992259e-01 -3.603527e-04 3.933945e-02 7.122144e+01 3.729726e-04 9.999999e-01 -3.134942e-04 -2.807157e+00 -3.933943e-02 3.279258e-04 9.992259e-01 2.357647e+01
9.992933e-01 4.615858e-04 -3.758437e-02 7.156316e+01 -4.516168e-04 9.999999e-01 2.736939e-04 -2.820294e+00 3.758459e-02 -2.565285e-04 9.992934e-01 2.373088e+01
9.993317e-01 -3.369767e-04 3.655370e-02 7.196556e+01 3.469078e-04 9.999999e-01 -2.653829e-04 -2.835533e+00 -3.655371e-02 2.778880e-04 9.993317e-01 2.394637e+01
9.992901e-01 4.094545e-04 -3.766950e-02 7.240321e+01 -4.003289e-04 9.999999e-01 2.497554e-04 -2.851636e+00 3.766969e-02 -2.344996e-04 9.992902e-01 2.410371e+01
9.992368e-01 -3.206655e-04 3.906068e-02 7.270361e+01 3.313340e-04 9.999999e-01 -2.666903e-04 -2.863710e+00 -3.906069e-02 2.794307e-04 9.992369e-01 2.425927e+01
9.993378e-01 4.456176e-04 -3.638263e-02 7.305068e+01 -4.396611e-04 9.999999e-01 1.716748e-04 -2.877096e+00 3.638280e-02 -1.555668e-04 9.993379e-01 2.443457e+01
9.992739e-01 -3.669914e-04 3.810129e-02 7.324910e+01 3.747628e-04 9.999999e-01 -1.968637e-04 -2.886048e+00 -3.810131e-02 2.110015e-04 9.992739e-01 2.465107e+01
9.992565e-01 4.198766e-04 -3.855199e-02 7.343302e+01 -4.122207e-04 9.999999e-01 2.064939e-04 -2.894816e+00 3.855217e-02 -1.904501e-04 9.992565e-01 2.489265e+01
9.990709e-01 -2.309300e-04 4.309760e-02 7.384426e+01 2.457293e-04 9.999999e-01 -3.381263e-04 -2.910196e+00 -4.309762e-02 3.484042e-04 9.990709e-01 2.510959e+01
9.992269e-01 4.148828e-04 -3.931203e-02 7.425092e+01 -4.067571e-04 9.999999e-01 2.146556e-04 -2.925589e+00 3.931221e-02 -1.985008e-04 9.992269e-01 2.533179e+01
9.992374e-01 -3.386270e-04 3.904677e-02 7.466715e+01 3.481410e-04 9.999999e-01 -2.368935e-04 -2.941243e+00 -3.904678e-02 2.503084e-04 9.992374e-01 2.547704e+01
9.991871e-01 3.064577e-04 -4.031154e-02 7.489147e+01 -2.979645e-04 9.999999e-01 2.166583e-04 -2.950671e+00 4.031170e-02 -2.044724e-04 9.991871e-01 2.557746e+01
9.992233e-01 -3.419609e-04 3.940606e-02 7.503717e+01 3.508028e-04 9.999999e-01 -2.175022e-04 -2.957816e+00 -3.940608e-02 2.311588e-04 9.992233e-01 2.570958e+01
9.991633e-01 3.289475e-04 -4.089678e-02 7.529515e+01 -3.210466e-04 9.999999e-01 1.997207e-04 -2.968325e+00 4.089694e-02 -1.864255e-04 9.991633e-01 2.581081e+01
9.991804e-01 -2.366789e-04 4.047986e-02 7.553422e+01 2.441193e-04 1.000000e+00 -1.788991e-04 -2.978992e+00 -4.047991e-02 1.886362e-04 9.991804e-01 2.609501e+01
9.991111e-01 3.228280e-04 -4.215303e-02 7.582556e+01 -3.142079e-04 9.999999e-01 2.110858e-04 -2.990993e+00 4.215319e-02 -1.976550e-04 9.991111e-01 2.634704e+01
9.991487e-01 -3.354992e-04 4.125327e-02 7.612853e+01 3.470316e-04 9.999999e-01 -2.724276e-04 -3.002786e+00 -4.125327e-02 2.865136e-04 9.991487e-01 2.633646e+01
9.991431e-01 3.608269e-04 -4.138544e-02 7.642884e+01 -3.510416e-04 9.999999e-01 2.436726e-04 -3.014776e+00 4.138563e-02 -2.289375e-04 9.991432e-01 2.643796e+01
9.991499e-01 -3.245185e-04 4.122435e-02 7.679077e+01 3.364099e-04 9.999999e-01 -2.815529e-04 -3.028762e+00 -4.122435e-02 2.951835e-04 9.991499e-01 2.655589e+01
9.990960e-01 3.555542e-04 -4.250771e-02 7.723250e+01 -3.454081e-04 9.999999e-01 2.459969e-04 -3.044978e+00 4.250789e-02 -2.310937e-04 9.990960e-01 2.664734e+01
9.992143e-01 -3.101342e-04 3.963202e-02 7.766611e+01 3.199975e-04 9.999999e-01 -2.425666e-04 -3.060745e+00 -3.963204e-02 2.550600e-04 9.992144e-01 2.678874e+01
9.990200e-01 4.217183e-04 -4.425861e-02 7.809903e+01 -4.080435e-04 9.999999e-01 3.179720e-04 -3.076336e+00 4.425884e-02 -2.996026e-04 9.990200e-01 2.697380e+01
9.992231e-01 -3.289139e-04 3.941039e-02 7.855655e+01 3.403719e-04 9.999999e-01 -2.840608e-04 -3.092564e+00 -3.941039e-02 2.972560e-04 9.992231e-01 2.707696e+01
9.990400e-01 2.831058e-04 -4.380449e-02 7.897655e+01 -2.730452e-04 9.999999e-01 2.356191e-04 -3.107215e+00 4.380465e-02 -2.234340e-04 9.990400e-01 2.685115e+01
9.991575e-01 -2.942029e-04 4.104024e-02 7.947971e+01 3.068821e-04 9.999999e-01 -3.026799e-04 -3.124116e+00 -4.104025e-02 3.150212e-04 9.991575e-01 2.647686e+01
9.989640e-01 2.641553e-04 -4.550630e-02 7.989269e+01 -2.529722e-04 9.999999e-01 2.514730e-04 -3.138532e+00 4.550646e-02 -2.397024e-04 9.989640e-01 2.628970e+01
9.992892e-01 -1.892471e-04 3.769923e-02 8.029475e+01 1.963428e-04 1.000000e+00 -1.845563e-04 -3.152569e+00 -3.769929e-02 1.918289e-04 9.992892e-01 2.610650e+01
9.988006e-01 4.231008e-04 -4.896075e-02 8.068422e+01 -4.034807e-04 9.999998e-01 4.105824e-04 -3.165898e+00 4.896102e-02 -3.903369e-04 9.988006e-01 2.587993e+01
9.991985e-01 -2.947451e-04 4.002879e-02 8.108473e+01 3.065842e-04 9.999999e-01 -2.896609e-04 -3.179578e+00 -4.002880e-02 3.017027e-04 9.991985e-01 2.559303e+01
9.989442e-01 3.198157e-04 -4.593816e-02 8.162107e+01 -3.078943e-04 9.999999e-01 2.665543e-04 -3.197766e+00 4.593834e-02 -2.521305e-04 9.989442e-01 2.540211e+01
9.992020e-01 -2.721466e-04 3.994291e-02 8.217420e+01 2.835434e-04 9.999999e-01 -2.796967e-04 -3.216462e+00 -3.994293e-02 2.908008e-04 9.992020e-01 2.519613e+01
9.989881e-01 2.298269e-04 -4.497455e-02 8.262831e+01 -2.191414e-04 9.999999e-01 2.424873e-04 -3.231934e+00 4.497470e-02 -2.323878e-04 9.989880e-01 2.490716e+01
9.993332e-01 -1.473985e-04 3.651184e-02 8.303408e+01 1.536381e-04 1.000000e+00 -1.681221e-04 -3.245405e+00 -3.651191e-02 1.736214e-04 9.993333e-01 2.447772e+01
9.988423e-01 3.527704e-04 -4.810187e-02 8.350186e+01 -3.344413e-04 9.999999e-01 3.890647e-04 -3.260914e+00 4.810210e-02 -3.725287e-04 9.988423e-01 2.412432e+01
9.992657e-01 -1.992729e-04 3.831476e-02 8.401419e+01 2.084975e-04 1.000000e+00 -2.367964e-04 -3.278141e+00 -3.831480e-02 2.446128e-04 9.992658e-01 2.390300e+01
9.990652e-01 1.839999e-04 -4.322674e-02 8.447958e+01 -1.745430e-04 1.000000e+00 2.225155e-04 -3.293916e+00 4.322687e-02 -2.147643e-04 9.990652e-01 2.356023e+01
9.992639e-01 -1.990843e-04 3.836363e-02 8.492484e+01 2.080562e-04 1.000000e+00 -2.299086e-04 -3.308587e+00 -3.836368e-02 2.377229e-04 9.992639e-01 2.307800e+01
9.991043e-01 1.773519e-04 -4.231368e-02 8.532477e+01 -1.683337e-04 1.000000e+00 2.166571e-04 -3.321876e+00 4.231382e-02 -2.093420e-04 9.991043e-01 2.259861e+01
9.992942e-01 -2.295672e-04 3.756607e-02 8.574274e+01 2.392197e-04 9.999999e-01 -2.524896e-04 -3.335644e+00 -3.756611e-02 2.612997e-04 9.992942e-01 2.208224e+01
9.991040e-01 1.549717e-04 -4.232187e-02 8.608615e+01 -1.446122e-04 1.000000e+00 2.478055e-04 -3.347539e+00 4.232200e-02 -2.414649e-04 9.991039e-01 2.172205e+01
9.993088e-01 -1.713592e-04 3.717482e-02 8.646965e+01 1.807049e-04 1.000000e+00 -2.480750e-04 -3.360669e+00 -3.717487e-02 2.546230e-04 9.993088e-01 2.140006e+01
9.991085e-01 1.313201e-04 -4.221481e-02 8.691481e+01 -1.213187e-04 1.000000e+00 2.394463e-04 -3.375795e+00 4.221494e-02 -2.341132e-04 9.991085e-01 2.107103e+01
9.992858e-01 -1.797909e-04 3.778666e-02 8.734917e+01 1.905492e-04 9.999999e-01 -2.811426e-04 -3.390340e+00 -3.778670e-02 2.881439e-04 9.992859e-01 2.064111e+01
9.991773e-01 1.284444e-04 -4.055478e-02 8.776202e+01 -1.185971e-04 1.000000e+00 2.451860e-04 -3.404464e+00 4.055490e-02 -2.401764e-04 9.991772e-01 2.028317e+01
9.993311e-01 -1.448629e-04 3.656953e-02 8.807234e+01 1.539396e-04 1.000000e+00 -2.454237e-04 -3.414825e+00 -3.656958e-02 2.508908e-04 9.993311e-01 1.980699e+01
