9.990597e-01 -2.377550e-04 4.335558e-02 3.458959e-02 2.914941e-04 9.999992e-01 -1.233179e-03 -7.428383e-03 -4.335525e-02 1.244657e-03 9.990590e-01 1.647593e-01
9.999765e-01 2.253309e-06 6.859864e-03 9.109120e-02 -1.012046e-06 1.000000e+00 -1.809479e-04 -1.591147e-02 -6.859855e-03 1.809369e-04 9.999764e-01 3.138403e-01
9.991032e-01 -2.309957e-04 4.234091e-02 1.506486e-01 2.825421e-04 9.999992e-01 -1.211433e-03 -2.469097e-02 -4.234061e-02 1.222310e-03 9.991026e-01 4.881492e-01
9.999585e-01 1.440520e-05 9.112150e-03 2.135593e-01 -1.235467e-05 1.000000e+00 -2.250869e-04 -3.347659e-02 -9.112134e-03 2.249649e-04 9.999584e-01 6.369741e-01
9.990695e-01 -2.470222e-04 4.312829e-02 2.671753e-01 3.007105e-04 9.999992e-01 -1.238369e-03 -4.228940e-02 -4.312797e-02 1.250186e-03 9.990689e-01 7.960995e-01
9.999777e-01 5.039480e-05 6.679066e-03 3.144387e-01 -4.934994e-05 1.000000e+00 -1.565920e-04 -5.016311e-02 -6.679045e-03 1.562586e-04 9.999776e-01 9.128104e-01
9.991601e-01 -2.504099e-04 4.097494e-02 4.004277e-01 2.992594e-04 9.999993e-01 -1.186053e-03 -5.848432e-02 -4.097464e-02 1.197320e-03 9.991596e-01 9.903901e-01
9.999955e-01 1.028234e-04 3.007361e-03 5.677975e-01 -1.026362e-04 1.000000e+00 -6.233778e-05 -6.896021e-02 -3.007329e-03 6.202823e-05 9.999954e-01 1.074177e+00
9.990926e-01 -3.115960e-04 4.259040e-02 6.200363e-01 3.650527e-04 9.999992e-01 -1.247367e-03 -7.643773e-02 -4.259001e-02 1.261783e-03 9.990919e-01 1.187457e+00
9.999832e-01 7.965276e-05 5.800635e-03 6.701840e-01 -7.898288e-05 1.000000e+00 -1.156736e-04 -8.424321e-02 -5.800598e-03 1.152126e-04 9.999831e-01 1.312962e+00
9.994038e-01 -2.490969e-04 3.452498e-02 7.036509e-01 2.853560e-04 9.999994e-01 -1.045312e-03 -9.097812e-02 -3.452475e-02 1.054542e-03 9.994034e-01 1.440558e+00
9.999930e-01 6.436520e-05 3.746009e-03 7.956340e-01 -6.403251e-05 1.000000e+00 -8.884219e-05 -9.919182e-02 -3.745961e-03 8.860062e-05 9.999929e-01 1.568909e+00
9.990921e-01 -2.737193e-04 4.260143e-02 8.471498e-01 3.265752e-04 9.999992e-01 -1.233762e-03 -1.074951e-01 -4.260111e-02 1.246556e-03 9.990915e-01 1.739878e+00
9.999999e-01 1.009360e-04 4.081527e-04 8.739679e-01 -1.009359e-04 1.000000e+00 1.030547e-06 -1.139393e-01 -4.080920e-04 -1.073056e-06 9.999998e-01 1.819574e+00
9.992185e-01 -2.748421e-04 3.952713e-02 9.454500e-01 3.212358e-04 9.999993e-01 -1.167382e-03 -1.207709e-01 -3.952685e-02 1.179169e-03 9.992179e-01 1.838595e+00
9.999740e-01 7.215119e-05 7.202824e-03 9.725493e-01 -7.101810e-05 1.000000e+00 -1.574854e-04 -1.269074e-01 -7.202768e-03 1.569682e-04 9.999740e-01 1.865674e+00
9.995266e-01 -2.727006e-04 3.076482e-02 9.813568e-01 3.022736e-04 9.999995e-01 -9.566333e-04 -1.320671e-01 -3.076461e-02 9.654815e-04 9.995263e-01 1.911917e+00
9.999528e-01 8.600029e-05 9.716079e-03 1.008697e+00 -8.376440e-05 1.000000e+00 -2.304531e-04 -1.383194e-01 -9.716026e-03 2.296266e-04 9.999527e-01 2.000833e+00
9.994552e-01 -3.033956e-04 3.300332e-02 1.039448e+00 3.355112e-04 9.999995e-01 -9.675939e-04 -1.445446e-01 -3.300309e-02 9.781416e-04 9.994549e-01 2.057898e+00
9.999854e-01 1.654747e-04 5.400014e-03 1.042059e+00 -1.647248e-04 1.000000e+00 -1.391468e-04 -1.487988e-01 -5.399958e-03 1.382534e-04 9.999853e-01 2.037878e+00
9.996715e-01 -3.527090e-04 2.562897e-02 1.081993e+00 3.717031e-04 9.999997e-01 -7.363960e-04 -1.553703e-01 -2.562878e-02 7.456824e-04 9.996713e-01 2.192643e+00
9.999869e-01 3.376316e-04 5.098173e-03 1.319621e+00 -3.367537e-04 9.999999e-01 -1.728489e-04 -1.679812e-01 -5.098149e-03 1.711278e-04 9.999869e-01 2.399662e+00
9.997064e-01 -3.892202e-04 2.422662e-02 1.690926e+00 4.055164e-04 9.999997e-01 -6.677923e-04 -1.835747e-01 -2.422644e-02 6.774226e-04 9.997063e-01 2.469662e+00
9.999540e-01 2.855681e-04 9.580590e-03 1.981725e+00 -2.826688e-04 9.999999e-01 -3.038552e-04 -1.967592e-01 -9.580591e-03 3.011310e-04 9.999540e-01 2.513574e+00
9.997291e-01 -3.461331e-04 2.327350e-02 2.196846e+00 3.605694e-04 9.999997e-01 -6.161481e-04 -2.078624e-01 -2.327337e-02 6.243751e-04 9.997290e-01 2.594888e+00
9.999931e-01 2.898864e-04 3.695974e-03 2.545238e+00 -2.893435e-04 9.999999e-01 -1.470542e-04 -2.225195e-01 -3.695928e-03 1.459816e-04 9.999931e-01 2.625454e+00
9.999079e-01 -3.336581e-04 1.356905e-02 2.846831e+00 3.390154e-04 9.999999e-01 -3.926238e-04 -2.349368e-01 -1.356901e-02 3.971900e-04 9.999079e-01 2.645628e+00
9.999673e-01 3.097425e-04 8.079595e-03 3.200912e+00 -3.077478e-04 9.999999e-01 -2.479565e-04 -2.498692e-01 -8.079581e-03 2.454596e-04 9.999673e-01 2.753855e+00
9.999497e-01 -3.189510e-04 1.002677e-02 3.504109e+00 3.217656e-04 9.999999e-01 -2.792465e-04 -2.629404e-01 -1.002677e-02 2.824610e-04 9.999498e-01 2.907384e+00
9.999993e-01 3.150617e-04 1.125148e-03 3.783157e+00 -3.150376e-04 1.000000e+00 -2.019532e-05 -2.746499e-01 -1.125063e-03 1.983854e-05 9.999993e-01 2.968082e+00
9.999558e-01 -2.960123e-04 9.404061e-03 3.981270e+00 2.980407e-04 9.999999e-01 -2.144570e-04 -2.835262e-01 -9.404088e-03 2.172526e-04 9.999558e-01 3.038672e+00
9.999963e-01 3.342472e-04 -2.680090e-03 4.263028e+00 -3.341690e-04 9.999999e-01 2.906111e-05 -2.952103e-01 2.680192e-03 -2.816771e-05 9.999963e-01 3.194540e+00
9.999994e-01 -8.280786e-05 1.091999e-03 4.513616e+00 8.277475e-05 1.000000e+00 2.894363e-05 -3.057012e-01 -1.092094e-03 -2.885090e-05 9.999995e-01 3.276039e+00
9.999972e-01 1.131395e-04 2.366228e-03 4.747742e+00 -1.128481e-04 1.000000e+00 -1.226406e-04 -3.156850e-01 -2.366149e-03 1.223709e-04 9.999971e-01 3.421122e+00
9.999968e-01 -8.256070e-05 2.554890e-03 5.052690e+00 8.262736e-05 1.000000e+00 -2.659404e-05 -3.276320e-01 -2.554980e-03 2.680738e-05 9.999968e-01 3.504964e+00
9.999997e-01 1.198506e-04 6.555027e-04 5.346827e+00 -1.197968e-04 1.000000e+00 -7.965521e-05 -3.392459e-01 -6.554200e-04 7.957435e-05 9.999997e-01 3.592122e+00
9.999988e-01 -6.194090e-05 -1.570880e-03 5.622422e+00 6.202634e-05 1.000000e+00 5.534020e-05 -3.504821e-01 1.570784e-03 -5.543524e-05 9.999988e-01 3.720104e+00
9.999968e-01 1.022155e-04 2.529940e-03 5.861586e+00 -1.019624e-04 1.000000e+00 -9.953872e-05 -3.606315e-01 -2.529858e-03 9.927813e-05 9.999967e-01 3.845531e+00
9.999994e-01 -1.570633e-05 1.158810e-03 6.133665e+00 1.573090e-05 1.000000e+00 -2.255193e-05 -3.727795e-01 -1.158903e-03 2.257247e-05 9.999994e-01 4.135670e+00
9.999988e-01 3.693946e-05 -1.552207e-03 6.226197e+00 -3.687245e-05 1.000000e+00 4.217744e-05 -3.802255e-01 1.552301e-03 -4.212247e-05 9.999987e-01 4.440401e+00
9.999990e-01 1.946818e-06 1.412268e-03 6.399261e+00 -1.882860e-06 1.000000e+00 -4.640180e-05 -3.892196e-01 -1.412361e-03 4.640141e-05 9.999991e-01 4.683850e+00
9.999999e-01 5.134574e-05 3.388377e-04 6.738255e+00 -5.131752e-05 1.000000e+00 -7.864867e-05 -4.021421e-01 -3.387492e-04 7.862895e-05 9.999999e-01 4.761050e+00
9.999931e-01 -3.147198e-06 3.720684e-03 7.093274e+00 3.355118e-06 1.000000e+00 -5.630179e-05 -4.156783e-01 -3.720777e-03 5.631621e-05 9.999931e-01 4.814089e+00
9.999671e-01 -6.048316e-06 8.109758e-03 7.354319e+00 7.843544e-06 1.000000e+00 -2.211375e-04 -4.263664e-01 -8.109664e-03 2.211915e-04 9.999670e-01 4.855230e+00
9.999671e-01 -2.836835e-05 8.119216e-03 7.646673e+00 2.987380e-05 1.000000e+00 -1.854981e-04 -4.385484e-01 -8.119304e-03 1.857369e-04 9.999671e-01 4.911340e+00
9.999696e-01 3.075586e-05 7.788361e-03 7.986458e+00 -2.905004e-05 1.000000e+00 -2.189195e-04 -4.525028e-01 -7.788274e-03 2.186843e-04 9.999696e-01 5.050856e+00
9.999944e-01 1.171667e-05 -3.365353e-03 8.251918e+00 -1.134429e-05 1.000000e+00 1.111796e-04 -4.632720e-01 3.365259e-03 -1.111384e-04 9.999944e-01 5.146927e+00
9.999747e-01 1.047348e-05 7.103507e-03 8.297993e+00 -9.495581e-06 1.000000e+00 -1.374600e-04 -4.699778e-01 -7.103414e-03 1.373867e-04 9.999747e-01 5.490234e+00
9.999984e-01 -2.659901e-05 -1.815815e-03 8.302944e+00 2.668300e-05 1.000000e+00 4.717614e-05 -4.744203e-01 1.815719e-03 -4.722214e-05 9.999984e-01 5.742421e+00
9.999945e-01 2.255514e-05 3.312735e-03 8.278002e+00 -2.237638e-05 1.000000e+00 -5.348061e-05 -4.755489e-01 -3.312642e-03 5.340382e-05 9.999944e-01 5.741358e+00
9.999909e-01 -2.707385e-05 -4.266145e-03 8.420298e+00 2.731341e-05 1.000000e+00 5.650036e-05 -4.827696e-01 4.266049e-03 -5.661400e-05 9.999910e-01 5.871454e+00
9.999707e-01 5.048082e-05 7.650479e-03 8.710920e+00 -4.928693e-05 1.000000e+00 -1.560190e-04 -4.941961e-01 -7.650392e-03 1.556350e-04 9.999707e-01 5.861700e+00
9.999994e-01 -1.961944e-05 -1.106114e-03 8.934625e+00 1.966810e-05 1.000000e+00 4.556212e-05 -5.035618e-01 1.106019e-03 -4.558148e-05 9.999995e-01 5.913934e+00
9.999453e-01 7.041714e-05 1.045503e-02 9.131509e+00 -6.757082e-05 1.000000e+00 -2.724307e-04 -5.143880e-01 -1.045496e-02 2.717069e-04 9.999452e-01 6.250734e+00
9.999800e-01 -5.255604e-05 -6.332973e-03 9.100489e+00 5.400736e-05 1.000000e+00 2.292792e-04 -5.201747e-01 6.332865e-03 -2.296143e-04 9.999800e-01 6.661799e+00
9.999768e-01 5.079663e-05 6.809092e-03 8.991140e+00 -4.924076e-05 1.000000e+00 -2.284094e-04 -5.229453e-01 -6.809008e-03 2.280664e-04 9.999767e-01 6.988186e+00
9.999988e-01 -3.946169e-05 -1.557550e-03 9.076376e+00 3.965055e-05 1.000000e+00 1.223668e-04 -5.316211e-01 1.557450e-03 -1.224260e-04 9.999988e-01 7.403827e+00
9.999931e-01 6.396706e-05 3.705682e-03 9.153264e+00 -6.344625e-05 1.000000e+00 -1.401830e-04 -5.391864e-01 -3.705595e-03 1.399445e-04 9.999931e-01 7.753658e+00
9.999991e-01 -1.139570e-05 -1.394190e-03 9.396797e+00 1.148747e-05 1.000000e+00 6.710137e-05 -5.499587e-01 1.394094e-03 -6.711495e-05 9.999991e-01 7.989312e+00
9.999984e-01 3.869342e-05 1.755776e-03 9.483354e+00 -3.862345e-05 1.000000e+00 -3.886992e-05 -5.573718e-01 -1.755682e-03 3.879967e-05 9.999984e-01 8.309160e+00
9.999973e-01 -6.527607e-05 -2.318991e-03 9.456010e+00 6.541049e-05 1.000000e+00 5.865732e-05 -5.606246e-01 2.318892e-03 -5.880647e-05 9.999974e-01 8.535487e+00
9.999987e-01 5.980441e-05 1.602593e-03 9.593610e+00 -5.972919e-05 1.000000e+00 -4.587714e-05 -5.681364e-01 -1.602500e-03 4.577899e-05 9.999987e-01 8.718103e+00
1.000000e+00 -3.305303e-06 -2.533903e-04 9.861500e+00 3.305869e-06 1.000000e+00 9.277656e-06 -5.791558e-01 2.532946e-04 -9.276124e-06 1.000000e+00 8.831888e+00
9.999985e-01 2.726343e-05 1.699111e-03 1.011041e+01 -2.717077e-05 1.000000e+00 -5.350629e-05 -5.892492e-01 -1.699016e-03 5.345768e-05 9.999985e-01 8.863411e+00
9.999995e-01 3.256964e-06 1.052864e-03 1.039096e+01 -3.231889e-06 1.000000e+00 -2.551763e-05 -6.002030e-01 -1.052959e-03 2.551658e-05 9.999995e-01 8.878920e+00
9.999925e-01 4.590658e-05 3.852233e-03 1.067800e+01 -4.555966e-05 1.000000e+00 -8.967789e-05 -6.118964e-01 -3.852141e-03 8.949935e-05 9.999925e-01 9.019588e+00
9.999424e-01 -8.088967e-07 1.073629e-02 1.105976e+01 4.079494e-06 1.000000e+00 -3.047768e-04 -6.270318e-01 -1.073638e-02 3.048054e-04 9.999424e-01 9.186670e+00
9.999629e-01 2.106231e-05 8.606879e-03 1.146175e+01 -1.905171e-05 1.000000e+00 -2.334689e-04 -6.431913e-01 -8.606787e-03 2.332939e-04 9.999629e-01 9.347369e+00
9.999781e-01 4.536385e-05 6.625110e-03 1.184263e+01 -4.424777e-05 1.000000e+00 -1.688954e-04 -6.582252e-01 -6.625215e-03 1.686010e-04 9.999781e-01 9.497301e+00
9.999846e-01 2.867468e-05 5.539273e-03 1.219951e+01 -2.786860e-05 1.000000e+00 -1.452498e-04 -6.725156e-01 -5.539179e-03 1.450908e-04 9.999846e-01 9.675677e+00
9.999974e-01 7.999669e-05 2.291910e-03 1.261901e+01 -7.984957e-05 1.000000e+00 -6.513560e-05 -6.885068e-01 -2.292013e-03 6.495483e-05 9.999974e-01 9.861464e+00
9.999938e-01 6.289155e-06 3.497872e-03 1.295389e+01 -5.969122e-06 1.000000e+00 -9.094227e-05 -7.017383e-01 -3.497775e-03 9.091843e-05 9.999938e-01 1.002803e+01
9.999995e-01 1.013688e-04 1.067752e-03 1.337702e+01 -1.012973e-04 1.000000e+00 -6.888549e-05 -7.175783e-01 -1.067857e-03 6.877970e-05 9.999995e-01 1.016087e+01
9.999807e-01 2.939983e-05 6.210996e-03 1.385444e+01 -2.845138e-05 1.000000e+00 -1.524729e-04 -7.352249e-01 -6.210903e-03 1.522909e-04 9.999806e-01 1.031198e+01
9.999999e-01 1.242307e-04 -4.490609e-04 1.435587e+01 -1.242486e-04 1.000000e+00 -3.534755e-05 -7.536839e-01 4.489584e-04 3.540574e-05 1.000000e+00 1.047203e+01
9.999909e-01 -6.868833e-06 4.246121e-03 1.476346e+01 7.270978e-06 1.000000e+00 -9.422135e-05 -7.691857e-01 -4.246022e-03 9.424897e-05 9.999909e-01 1.061960e+01
1.000000e+00 1.171679e-04 -1.354794e-04 1.524855e+01 -1.171795e-04 1.000000e+00 -7.015395e-05 -7.870154e-01 1.353728e-04 7.017222e-05 1.000000e+00 1.071079e+01
9.999757e-01 3.292960e-06 6.965763e-03 1.567061e+01 -2.544389e-06 1.000000e+00 -1.071830e-04 -8.027715e-01 -6.965665e-03 1.071602e-04 9.999757e-01 1.085653e+01
9.999833e-01 1.246951e-05 5.787586e-03 1.596704e+01 -1.132371e-05 1.000000e+00 -1.983619e-04 -8.149032e-01 -5.787687e-03 1.982954e-04 9.999833e-01 1.097828e+01
9.999969e-01 7.314557e-05 -2.473153e-03 1.637564e+01 -7.295402e-05 1.000000e+00 7.670358e-05 -8.302799e-01 2.473257e-03 -7.652531e-05 9.999969e-01 1.106685e+01
9.999927e-01 2.565724e-05 3.826206e-03 1.678038e+01 -2.498683e-05 1.000000e+00 -1.758005e-04 -8.457841e-01 -3.826309e-03 1.757060e-04 9.999927e-01 1.122800e+01
9.999935e-01 3.057119e-05 -3.593657e-03 1.705186e+01 -3.004023e-05 1.000000e+00 1.472233e-04 -8.572346e-01 3.593761e-03 -1.471168e-04 9.999935e-01 1.141449e+01
9.999991e-01 5.082424e-06 1.399237e-03 1.722309e+01 -4.920405e-06 1.000000e+00 -1.172659e-04 -8.656823e-01 -1.399336e-03 1.172613e-04 9.999991e-01 1.158924e+01
9.999999e-01 -1.634644e-05 2.781759e-04 1.728030e+01 1.632928e-05 1.000000e+00 6.913525e-05 -8.688901e-01 -2.780783e-04 -6.913310e-05 9.999999e-01 1.151599e+01
9.999993e-01 1.949601e-05 1.244606e-03 1.746824e+01 -1.933209e-05 1.000000e+00 -1.333799e-04 -8.766788e-01 -1.244708e-03 1.333582e-04 9.999993e-01 1.149786e+01
9.999993e-01 4.303918e-05 1.130086e-03 1.779764e+01 -4.308407e-05 1.000000e+00 4.154150e-05 -8.895953e-01 -1.129986e-03 -4.159257e-05 9.999993e-01 1.161252e+01
9.999997e-01 -4.034109e-05 -8.320566e-04 1.795951e+01 4.029917e-05 1.000000e+00 -4.789676e-05 -8.965768e-01 8.319598e-04 4.786562e-05 9.999997e-01 1.156720e+01
9.999998e-01 4.705849e-05 6.189210e-04 1.817192e+01 -4.708523e-05 1.000000e+00 4.656446e-05 -9.050199e-01 -6.188200e-04 -4.659600e-05 9.999997e-01 1.146651e+01
9.999989e-01 -5.303261e-06 1.486139e-03 1.846009e+01 5.457860e-06 1.000000e+00 -1.054212e-04 -9.161763e-01 -1.486237e-03 1.054316e-04 9.999989e-01 1.145670e+01
9.999987e-01 5.501248e-05 1.597807e-03 1.861231e+01 -5.508262e-05 1.000000e+00 4.515699e-05 -9.250448e-01 -1.597705e-03 -4.524734e-05 9.999987e-01 1.174568e+01
9.999971e-01 -2.554302e-05 2.432309e-03 1.883936e+01 2.587934e-05 1.000000e+00 -1.390978e-04 -9.352865e-01 -2.432404e-03 1.391628e-04 9.999971e-01 1.193284e+01
9.999996e-01 4.824758e-05 8.670569e-04 1.904785e+01 -4.832949e-05 1.000000e+00 9.688357e-05 -9.435785e-01 -8.669533e-04 -9.692784e-05 9.999996e-01 1.188249e+01
9.999996e-01 -7.216913e-05 9.752710e-04 1.900055e+01 7.226090e-05 1.000000e+00 -9.621244e-05 -9.432723e-01 -9.753630e-04 9.628527e-05 9.999996e-01 1.176685e+01
9.999945e-01 4.985510e-05 -3.288810e-03 1.894732e+01 -4.945301e-05 1.000000e+00 1.216977e-04 -9.433436e-01 3.288915e-03 -1.215368e-04 9.999945e-01 1.173701e+01
9.999827e-01 -5.476768e-05 5.894311e-03 1.907073e+01 5.573211e-05 1.000000e+00 -1.638103e-04 -9.488503e-01 -5.894401e-03 1.641383e-04 9.999827e-01 1.167293e+01
9.999973e-01 7.446151e-05 -2.292121e-03 1.934172e+01 -7.430730e-05 1.000000e+00 6.643722e-05 -9.593842e-01 2.292225e-03 -6.626912e-05 9.999973e-01 1.165178e+01
9.999471e-01 -7.559662e-05 1.028738e-02 1.954953e+01 7.792783e-05 1.000000e+00 -2.264128e-04 -9.678994e-01 -1.028747e-02 2.272049e-04 9.999471e-01 1.163266e+01
9.999995e-01 8.154140e-05 -9.383225e-04 1.978032e+01 -8.150122e-05 1.000000e+00 4.056444e-05 -9.778299e-01 9.384251e-04 -4.049034e-05 9.999995e-01 1.173511e+01
9.999111e-01 -1.008013e-04 1.333973e-02 2.004069e+01 1.052039e-04 9.999999e-01 -3.294999e-04 -9.886733e-01 -1.333979e-02 3.308764e-04 9.999110e-01 1.178911e+01
9.999892e-01 1.795906e-04 -4.629658e-03 2.043552e+01 -1.790671e-04 1.000000e+00 1.130123e-04 -1.003555e+00 4.629777e-03 -1.121844e-04 9.999892e-01 1.187189e+01
9.999714e-01 -1.297355e-04 7.563500e-03 2.074261e+01 1.311997e-04 1.000000e+00 -1.933824e-04 -1.015333e+00 -7.563575e-03 1.943716e-04 9.999714e-01 1.186180e+01
9.999982e-01 2.010995e-04 -1.842075e-03 2.109351e+01 -2.010184e-04 1.000000e+00 4.300017e-05 -1.028843e+00 1.842183e-03 -4.263219e-05 9.999982e-01 1.196366e+01
9.999659e-01 -1.399432e-04 8.267682e-03 2.132958e+01 1.414695e-04 1.000000e+00 -1.842954e-04 -1.039676e+00 -8.267756e-03 1.854612e-04 9.999659e-01 1.221406e+01
9.999705e-01 1.499451e-04 -7.668258e-03 2.131336e+01 -1.482666e-04 1.000000e+00 2.191593e-04 -1.043662e+00 7.668391e-03 -2.180182e-04 9.999705e-01 1.247195e+01
9.999015e-01 -9.634969e-05 1.404108e-02 2.163128e+01 1.014405e-04 9.999999e-01 -3.620132e-04 -1.055968e+00 -1.404115e-02 3.634042e-04 9.999014e-01 1.252654e+01
9.999684e-01 1.829088e-04 -7.945338e-03 2.195909e+01 -1.811706e-04 1.000000e+00 2.192019e-04 -1.068804e+00 7.945478e-03 -2.177579e-04 9.999684e-01 1.265166e+01
9.996159e-01 -2.709243e-04 2.771314e-02 2.218776e+01 2.905030e-04 9.999997e-01 -7.025368e-04 -1.079628e+00 -2.771304e-02 7.103202e-04 9.996157e-01 1.281591e+01
9.998218e-01 3.306223e-04 -1.887046e-02 2.241347e+01 -3.208151e-04 9.999998e-01 5.226117e-04 -1.089977e+00 1.887073e-02 -5.164671e-04 9.998217e-01 1.301188e+01
9.997832e-01 -2.531351e-04 2.082501e-02 2.264997e+01 2.649151e-04 9.999998e-01 -5.630166e-04 -1.100559e+00 -2.082496e-02 5.684138e-04 9.997830e-01 1.322626e+01
9.998071e-01 3.735597e-04 -1.963455e-02 2.297646e+01 -3.633427e-04 9.999998e-01 5.237991e-04 -1.114100e+00 1.963484e-02 -5.165663e-04 9.998070e-01 1.347216e+01
9.996665e-01 -2.957782e-04 2.582476e-02 2.321310e+01 3.125879e-04 9.999997e-01 -6.469657e-04 -1.124817e+00 -2.582467e-02 6.548248e-04 9.996663e-01 1.371216e+01
9.999064e-01 3.471010e-04 -1.367580e-02 2.351722e+01 -3.422456e-04 9.999999e-01 3.571994e-04 -1.137252e+00 1.367602e-02 -3.524878e-04 9.999064e-01 1.382857e+01
9.996198e-01 -3.324009e-04 2.757129e-02 2.385642e+01 3.515063e-04 9.999997e-01 -6.881844e-04 -1.150666e+00 -2.757115e-02 6.976166e-04 9.996197e-01 1.393344e+01
9.998587e-01 4.266091e-04 -1.680190e-02 2.404320e+01 -4.188838e-04 9.999998e-01 4.631575e-04 -1.160697e+00 1.680219e-02 -4.560563e-04 9.998587e-01 1.423160e+01
9.997728e-01 -3.464604e-04 2.131514e-02 2.420472e+01 3.586803e-04 9.999998e-01 -5.695864e-04 -1.170301e+00 -2.131503e-02 5.771047e-04 9.997727e-01 1.457353e+01
9.998920e-01 4.217711e-04 -1.468822e-02 2.439798e+01 -4.154716e-04 9.999998e-01 4.317633e-04 -1.180509e+00 1.468850e-02 -4.256165e-04 9.998920e-01 1.488497e+01
9.996552e-01 -4.568170e-04 2.625702e-02 2.460219e+01 4.743889e-04 9.999997e-01 -6.630913e-04 -1.189889e+00 -2.625681e-02 6.753211e-04 9.996551e-01 1.501489e+01
9.999782e-01 4.418754e-04 -6.574685e-03 2.481840e+01 -4.407476e-04 9.999999e-01 1.725983e-04 -1.199608e+00 6.574861e-03 -1.696992e-04 9.999783e-01 1.504601e+01
9.997394e-01 -4.344457e-04 2.282559e-02 2.497493e+01 4.472291e-04 9.999997e-01 -5.550536e-04 -1.208894e+00 -2.282544e-02 5.651197e-04 9.997394e-01 1.527929e+01
9.998706e-01 4.762943e-04 -1.607532e-02 2.522327e+01 -4.698378e-04 9.999998e-01 4.052544e-04 -1.219565e+00 1.607561e-02 -3.976516e-04 9.998707e-01 1.542972e+01
9.997449e-01 -4.145668e-04 2.258527e-02 2.561116e+01 4.276695e-04 9.999997e-01 -5.754258e-04 -1.234034e+00 -2.258513e-02 5.849404e-04 9.997448e-01 1.545574e+01
9.998604e-01 4.513352e-04 -1.669934e-02 2.595087e+01 -4.442899e-04 9.999998e-01 4.254411e-04 -1.246738e+00 1.669963e-02 -4.179647e-04 9.998604e-01 1.539565e+01
9.996742e-01 -3.675666e-04 2.552426e-02 2.641723e+01 3.842667e-04 9.999997e-01 -6.494814e-04 -1.263677e+00 -2.552411e-02 6.590803e-04 9.996740e-01 1.539875e+01
9.997863e-01 4.784194e-04 -2.066426e-02 2.684153e+01 -4.681347e-04 9.999998e-01 5.024102e-04 -1.279404e+00 2.066459e-02 -4.926315e-04 9.997863e-01 1.546067e+01
9.993972e-01 -4.116951e-04 3.471492e-02 2.719556e+01 4.407045e-04 9.999996e-01 -8.280747e-04 -1.293319e+00 -3.471467e-02 8.428770e-04 9.993970e-01 1.551878e+01
9.995840e-01 4.847971e-04 -2.883391e-02 2.744542e+01 -4.642441e-04 9.999996e-01 7.194034e-04 -1.303818e+00 2.883435e-02 -7.057205e-04 9.995839e-01 1.566597e+01
9.995502e-01 -4.678885e-04 2.998907e-02 2.746353e+01 4.884570e-04 9.999997e-01 -6.786293e-04 -1.305824e+00 -2.998884e-02 6.929748e-04 9.995500e-01 1.556321e+01
9.994986e-01 4.647312e-04 -3.165891e-02 2.765674e+01 -4.427162e-04 9.999997e-01 7.023005e-04 -1.313309e+00 3.165932e-02 -6.879348e-04 9.994984e-01 1.537378e+01
9.995734e-01 -4.412474e-04 2.920463e-02 2.793225e+01 4.623848e-04 9.999996e-01 -7.171080e-04 -1.323687e+00 -2.920440e-02 7.303082e-04 9.995732e-01 1.524270e+01
9.994892e-01 4.238318e-04 -3.195337e-02 2.805946e+01 -4.004074e-04 9.999996e-01 7.393913e-04 -1.328224e+00 3.195378e-02 -7.262216e-04 9.994890e-01 1.490525e+01
9.996078e-01 -4.236789e-04 2.800156e-02 2.810363e+01 4.431089e-04 9.999997e-01 -6.877814e-04 -1.330068e+00 -2.800136e-02 6.999218e-04 9.996077e-01 1.458506e+01
9.995114e-01 4.126983e-04 -3.125056e-02 2.812083e+01 -3.906632e-04 9.999997e-01 7.111244e-04 -1.331375e+00 3.125094e-02 -6.985709e-04 9.995113e-01 1.435527e+01
9.996623e-01 -3.520260e-04 2.598620e-02 2.827050e+01 3.686857e-04 9.999997e-01 -6.364105e-04 -1.336445e+00 -2.598607e-02 6.457787e-04 9.996621e-01 1.399642e+01
9.995431e-01 3.451627e-04 -3.022298e-02 2.832317e+01 -3.249338e-04 9.999997e-01 6.741415e-04 -1.338899e+00 3.022330e-02 -6.640153e-04 9.995429e-01 1.376001e+01
9.996131e-01 -3.355492e-04 2.781501e-02 2.836165e+01 3.541251e-04 9.999997e-01 -6.630058e-04 -1.341005e+00 -2.781488e-02 6.726016e-04 9.996129e-01 1.355666e+01
9.995759e-01 2.997410e-04 -2.911637e-02 2.832194e+01 -2.798252e-04 9.999997e-01 6.879848e-04 -1.341284e+00 2.911666e-02 -6.795480e-04 9.995757e-01 1.350482e+01
9.996313e-01 -3.035438e-04 2.715145e-02 2.836415e+01 3.220015e-04 9.999997e-01 -6.755301e-04 -1.343777e+00 -2.715134e-02 6.840263e-04 9.996311e-01 1.335589e+01
9.993960e-01 4.226129e-04 -3.474820e-02 2.840058e+01 -3.935115e-04 9.999996e-01 8.442528e-04 -1.346146e+00 3.474864e-02 -8.300714e-04 9.993957e-01 1.322842e+01
9.995216e-01 -4.101147e-04 3.092693e-02 2.837310e+01 4.339292e-04 9.999996e-01 -7.633978e-04 -1.346970e+00 -3.092671e-02 7.764551e-04 9.995214e-01 1.321307e+01
9.996158e-01 4.967177e-04 -2.771195e-02 2.869757e+01 -4.781374e-04 9.999997e-01 6.770088e-04 -1.359884e+00 2.771238e-02 -6.635010e-04 9.996157e-01 1.333737e+01
9.993502e-01 -2.979588e-04 3.604550e-02 2.917566e+01 3.319815e-04 9.999995e-01 -9.379707e-04 -1.378125e+00 -3.604530e-02 9.493300e-04 9.993498e-01 1.360652e+01
9.993353e-01 3.876378e-04 -3.645018e-02 2.950579e+01 -3.540760e-04 9.999995e-01 9.271337e-04 -1.391384e+00 3.645062e-02 -9.136137e-04 9.993350e-01 1.377167e+01
9.993871e-01 -3.356860e-04 3.500721e-02 2.985535e+01 3.694932e-04 9.999995e-01 -9.593286e-04 -1.404915e+00 -3.500697e-02 9.716779e-04 9.993866e-01 1.383220e+01
9.993684e-01 4.036632e-04 -3.553334e-02 3.022819e+01 -3.715411e-04 9.999995e-01 9.105231e-04 -1.419331e+00 3.553379e-02 -8.967482e-04 9.993680e-01 1.392164e+01
9.992650e-01 -3.088530e-04 3.833376e-02 3.071107e+01 3.487946e-04 9.999994e-01 -1.035325e-03 -1.436669e+00 -3.833352e-02 1.047937e-03 9.992645e-01 1.386390e+01
9.994249e-01 4.378128e-04 -3.390543e-02 3.123674e+01 -4.090420e-04 9.999996e-01 8.554118e-04 -1.455545e+00 3.390589e-02 -8.410534e-04 9.994246e-01 1.391974e+01
9.993272e-01 -3.126149e-04 3.667694e-02 3.172540e+01 3.494482e-04 9.999994e-01 -9.979243e-04 -1.473419e+00 -3.667671e-02 1.010072e-03 9.993267e-01 1.401071e+01
9.996845e-01 3.275045e-04 -2.511484e-02 3.187563e+01 -3.083528e-04 9.999997e-01 7.663224e-04 -1.480738e+00 2.511518e-02 -7.583387e-04 9.996842e-01 1.409266e+01
9.996551e-01 -3.121591e-04 2.626302e-02 3.183267e+01 3.321616e-04 9.999997e-01 -7.573620e-04 -1.481429e+00 -2.626288e-02 7.658267e-04 9.996548e-01 1.410823e+01
9.997760e-01 3.570077e-04 -2.115742e-02 3.211717e+01 -3.436163e-04 9.999997e-01 6.364452e-04 -1.493005e+00 2.115774e-02 -6.290350e-04 9.997759e-01 1.422225e+01
9.990450e-01 -4.060928e-04 4.369292e-02 3.234645e+01 4.596762e-04 9.999992e-01 -1.216383e-03 -1.503214e+00 -4.369248e-02 1.235308e-03 9.990443e-01 1.424250e+01
9.999455e-01 3.224334e-04 -1.043111e-02 3.253115e+01 -3.192204e-04 9.999999e-01 3.094143e-04 -1.512876e+00 1.043130e-02 -3.060699e-04 9.999455e-01 1.424585e+01
9.993317e-01 -3.777933e-04 3.655373e-02 3.281429e+01 4.149901e-04 9.999994e-01 -1.010087e-03 -1.525865e+00 -3.655342e-02 1.024584e-03 9.993312e-01 1.439427e+01
9.998007e-01 3.577842e-04 -1.995907e-02 3.314018e+01 -3.460261e-04 9.999998e-01 5.924117e-04 -1.539201e+00 1.995938e-02 -5.853896e-04 9.998006e-01 1.449203e+01
9.991721e-01 -3.440185e-04 4.068300e-02 3.344704e+01 3.902582e-04 9.999993e-01 -1.128721e-03 -1.552150e+00 -4.068268e-02 1.143666e-03 9.991715e-01 1.456402e+01
9.995840e-01 3.905743e-04 -2.883697e-02 3.379473e+01 -3.674047e-04 9.999996e-01 8.086536e-04 -1.565773e+00 2.883737e-02 -7.977247e-04 9.995838e-01 1.465054e+01
9.993348e-01 -3.254895e-04 3.646810e-02 3.419897e+01 3.629951e-04 9.999994e-01 -1.021913e-03 -1.581059e+00 -3.646784e-02 1.034473e-03 9.993343e-01 1.474286e+01
9.998755e-01 2.658804e-04 -1.577120e-02 3.457879e+01 -2.584676e-04 9.999999e-01 4.718595e-04 -1.596525e+00 1.577142e-02 -4.677267e-04 9.998755e-01 1.483464e+01
9.989237e-01 -2.689643e-04 4.638462e-02 3.484462e+01 3.296590e-04 9.999991e-01 -1.300930e-03 -1.608670e+00 -4.638433e-02 1.314823e-03 9.989228e-01 1.487839e+01
9.993710e-01 3.435910e-04 -3.545850e-02 3.514950e+01 -3.069805e-04 9.999994e-01 1.037836e-03 -1.621038e+00 3.545894e-02 -1.026301e-03 9.993706e-01 1.500338e+01
9.993666e-01 -2.390773e-04 3.558645e-02 3.556586e+01 2.794364e-04 9.999993e-01 -1.129231e-03 -1.636816e+00 -3.558626e-02 1.138462e-03 9.993660e-01 1.509607e+01
9.992423e-01 3.871817e-04 -3.891707e-02 3.609980e+01 -3.448986e-04 9.999993e-01 1.093114e-03 -1.655891e+00 3.891757e-02 -1.078865e-03 9.992418e-01 1.511897e+01
9.993942e-01 -2.415821e-04 3.480460e-02 3.649152e+01 2.796134e-04 9.999994e-01 -1.087935e-03 -1.670417e+00 -3.480442e-02 1.097010e-03 9.993936e-01 1.511473e+01
9.993650e-01 3.361228e-04 -3.562899e-02 3.689466e+01 -2.995995e-04 9.999994e-01 1.030342e-03 -1.685579e+00 3.562942e-02 -1.019015e-03 9.993645e-01 1.516003e+01
9.992913e-01 -1.694834e-04 3.764234e-02 3.746190e+01 2.133716e-04 9.999993e-01 -1.161994e-03 -1.706086e+00 -3.764221e-02 1.169204e-03 9.992906e-01 1.528826e+01
9.995558e-01 3.294858e-04 -2.979752e-02 3.798920e+01 -3.024290e-04 9.999995e-01 9.124170e-04 -1.725546e+00 2.979790e-02 -9.030024e-04 9.995555e-01 1.552142e+01
9.995759e-01 -2.438092e-04 2.912226e-02 3.825891e+01 2.704101e-04 9.999995e-01 -9.095910e-04 -1.737256e+00 -2.912212e-02 9.170825e-04 9.995755e-01 1.576010e+01
9.994106e-01 3.542419e-04 -3.432393e-02 3.843610e+01 -3.189317e-04 9.999994e-01 1.034107e-03 -1.745975e+00 3.432437e-02 -1.022553e-03 9.994102e-01 1.597248e+01
9.994091e-01 -2.304331e-04 3.437230e-02 3.867070e+01 2.664823e-04 9.999994e-01 -1.044298e-03 -1.757290e+00 -3.437213e-02 1.052843e-03 9.994086e-01 1.629650e+01
9.993568e-01 3.454396e-04 -3.585630e-02 3.896746e+01 -3.072178e-04 9.999994e-01 1.071386e-03 -1.769886e+00 3.585674e-02 -1.059683e-03 9.993563e-01 1.653996e+01
9.994421e-01 -2.134580e-04 3.339928e-02 3.929756e+01 2.474864e-04 9.999995e-01 -1.014796e-03 -1.783410e+00 -3.339914e-02 1.022498e-03 9.994416e-01 1.679272e+01
9.993939e-01 3.641174e-04 -3.480808e-02 3.957282e+01 -3.275270e-04 9.999994e-01 1.056809e-03 -1.796049e+00 3.480854e-02 -1.044770e-03 9.993934e-01 1.714655e+01
9.995328e-01 -2.068999e-04 3.056673e-02 3.983287e+01 2.352732e-04 9.999995e-01 -9.247454e-04 -1.807672e+00 -3.056662e-02 9.315072e-04 9.995323e-01 1.742993e+01
9.994617e-01 3.218127e-04 -3.280495e-02 4.013160e+01 -2.918659e-04 9.999995e-01 9.175596e-04 -1.819534e+00 3.280532e-02 -9.074933e-04 9.994613e-01 1.752445e+01
9.994524e-01 -1.936220e-04 3.309172e-02 4.048164e+01 2.248572e-04 9.999995e-01 -9.402723e-04 -1.833586e+00 -3.309162e-02 9.472006e-04 9.994519e-01 1.774380e+01
9.994059e-01 3.261618e-04 -3.446141e-02 4.076646e+01 -2.930540e-04 9.999995e-01 9.656741e-04 -1.846054e+00 3.446180e-02 -9.550036e-04 9.994055e-01 1.803789e+01
9.994681e-01 -2.652265e-04 3.261332e-02 4.087485e+01 2.934656e-04 9.999996e-01 -8.611824e-04 -1.854606e+00 -3.261318e-02 8.702975e-04 9.994677e-01 1.843064e+01
9.994040e-01 3.010225e-04 -3.451625e-02 4.095136e+01 -2.677195e-04 9.999995e-01 9.693776e-04 -1.862170e+00 3.451662e-02 -9.595615e-04 9.994036e-01 1.880939e+01
9.994711e-01 -2.452783e-04 3.252001e-02 4.102265e+01 2.719102e-04 9.999996e-01 -8.146117e-04 -1.870727e+00 -3.251989e-02 8.230257e-04 9.994708e-01 1.927824e+01
9.994028e-01 3.570032e-04 -3.455211e-02 4.119277e+01 -3.257905e-04 9.999995e-01 9.088852e-04 -1.881065e+00 3.455252e-02 -8.970879e-04 9.994024e-01 1.969237e+01
9.994842e-01 -2.780139e-04 3.211578e-02 4.141928e+01 3.050210e-04 9.999996e-01 -8.361244e-04 -1.891588e+00 -3.211563e-02 8.454914e-04 9.994838e-01 1.996892e+01
9.994270e-01 3.652189e-04 -3.384276e-02 4.156468e+01 -3.345249e-04 9.999995e-01 9.125238e-04 -1.900992e+00 3.384317e-02 -9.006820e-04 9.994267e-01 2.035166e+01
9.995014e-01 -2.645393e-04 3.157543e-02 4.171629e+01 2.894672e-04 9.999997e-01 -7.849960e-04 -1.911264e+00 -3.157531e-02 7.937469e-04 9.995011e-01 2.080298e+01
9.992152e-01 5.006795e-04 -3.960442e-02 4.192905e+01 -4.593118e-04 9.999993e-01 1.053537e-03 -1.921897e+00 3.960502e-02 -1.034521e-03 9.992148e-01 2.114180e+01
9.993658e-01 -3.997308e-04 3.560888e-02 4.206308e+01 4.314275e-04 9.999995e-01 -8.825378e-04 -1.930449e+00 -3.560861e-02 8.973430e-04 9.993654e-01 2.148046e+01
9.990029e-01 5.932411e-04 -4.464076e-02 4.218343e+01 -5.415450e-04 9.999992e-01 1.170062e-03 -1.938313e+00 4.464151e-02 -1.144722e-03 9.990024e-01 2.177814e+01
9.994219e-01 -2.694911e-04 3.399752e-02 4.237105e+01 2.954225e-04 9.999997e-01 -7.578074e-04 -1.947926e+00 -3.399740e-02 7.674152e-04 9.994217e-01 2.207782e+01
9.989297e-01 5.914960e-04 -4.624913e-02 4.250697e+01 -5.366969e-04 9.999991e-01 1.197214e-03 -1.956278e+00 4.624989e-02 -1.171113e-03 9.989292e-01 2.238242e+01
9.993783e-01 -3.139356e-04 3.525662e-02 4.259359e+01 3.413789e-04 9.999996e-01 -7.724469e-04 -1.963867e+00 -3.525646e-02 7.840048e-04 9.993780e-01 2.273107e+01
9.988896e-01 6.779884e-04 -4.710648e-02 4.271622e+01 -6.206969e-04 9.999990e-01 1.230767e-03 -1.972768e+00 4.710736e-02 -1.200164e-03 9.988891e-01 2.311745e+01
9.997611e-01 -1.019043e-05 2.185983e-02 4.283736e+01 1.487533e-05 1.000000e+00 -2.142719e-04 -1.980510e+00 -2.185993e-02 2.145480e-04 9.997611e-01 2.338385e+01
9.990140e-01 6.978670e-04 -4.438918e-02 4.300954e+01 -6.502481e-04 9.999992e-01 1.087132e-03 -1.989059e+00 4.439000e-02 -1.057198e-03 9.990137e-01 2.357201e+01
9.996413e-01 -2.049622e-04 2.678258e-02 4.317694e+01 2.165587e-04 9.999999e-01 -4.301781e-04 -1.997754e+00 -2.678259e-02 4.358259e-04 9.996412e-01 2.380909e+01
9.993267e-01 5.153242e-04 -3.668568e-02 4.338089e+01 -4.867346e-04 9.999996e-01 7.881731e-04 -2.007669e+00 3.668617e-02 -7.697883e-04 9.993265e-01 2.408448e+01
9.995143e-01 -3.364027e-04 3.116363e-02 4.369323e+01 3.556878e-04 9.999997e-01 -6.133664e-04 -2.020544e+00 -3.116351e-02 6.241551e-04 9.995141e-01 2.431717e+01
9.993962e-01 4.283785e-04 -3.474100e-02 4.399500e+01 -4.051709e-04 9.999997e-01 6.749847e-04 -2.032655e+00 3.474138e-02 -6.605031e-04 9.993961e-01 2.446216e+01
9.994886e-01 -3.094602e-04 3.197703e-02 4.430884e+01 3.287778e-04 9.999998e-01 -5.989253e-04 -2.045610e+00 -3.197694e-02 6.091344e-04 9.994885e-01 2.468463e+01
9.995446e-01 4.759054e-04 -3.017069e-02 4.473181e+01 -4.608278e-04 9.999998e-01 5.066139e-04 -2.062024e+00 3.017102e-02 -4.924817e-04 9.995446e-01 2.494632e+01
9.994862e-01 -3.002699e-04 3.205154e-02 4.532429e+01 3.202430e-04 9.999998e-01 -6.180939e-04 -2.083343e+00 -3.205145e-02 6.280426e-04 9.994861e-01 2.510578e+01
9.996014e-01 4.930267e-04 -2.822423e-02 4.595056e+01 -4.805813e-04 9.999998e-01 4.476414e-04 -2.105628e+00 2.822454e-02 -4.339010e-04 9.996015e-01 2.526731e+01
9.994223e-01 -3.221128e-04 3.398737e-02 4.650495e+01 3.428624e-04 9.999998e-01 -6.047501e-04 -2.125468e+00 -3.398727e-02 6.160557e-04 9.994221e-01 2.539147e+01
9.995293e-01 4.932594e-04 -3.067173e-02 4.693466e+01 -4.781971e-04 9.999998e-01 4.983351e-04 -2.141693e+00 3.067207e-02 -4.834354e-04 9.995293e-01 2.558903e+01
9.994257e-01 -3.249779e-04 3.388740e-02 4.734344e+01 3.448456e-04 9.999998e-01 -5.805092e-04 -2.157354e+00 -3.388730e-02 5.918637e-04 9.994255e-01 2.578567e+01
9.994530e-01 4.320317e-04 -3.306658e-02 4.763275e+01 -4.135934e-04 9.999998e-01 5.643781e-04 -2.169489e+00 3.306692e-02 -5.503952e-04 9.994529e-01 2.599439e+01
9.994188e-01 -3.301796e-04 3.408925e-02 4.793829e+01 3.501568e-04 9.999998e-01 -5.801250e-04 -2.182010e+00 -3.408915e-02 5.917264e-04 9.994187e-01 2.618560e+01
9.995224e-01 4.466149e-04 -3.089678e-02 4.816897e+01 -4.305821e-04 9.999998e-01 5.254878e-04 -2.192537e+00 3.089711e-02 -5.119352e-04 9.995224e-01 2.643944e+01
9.994770e-01 -2.822613e-04 3.233731e-02 4.857175e+01 3.021101e-04 9.999998e-01 -6.089916e-04 -2.208422e+00 -3.233723e-02 6.184446e-04 9.994769e-01 2.670431e+01
9.994997e-01 4.946707e-04 -3.162181e-02 4.919065e+01 -4.782001e-04 9.999997e-01 5.283471e-04 -2.230508e+00 3.162217e-02 -5.129632e-04 9.994997e-01 2.691538e+01
9.994614e-01 -3.751344e-04 3.281568e-02 4.958799e+01 3.943289e-04 9.999998e-01 -5.785187e-04 -2.245744e+00 -3.281556e-02 5.911493e-04 9.994613e-01 2.708711e+01
9.995939e-01 4.490928e-04 -2.849168e-02 4.989410e+01 -4.357466e-04 9.999998e-01 4.745455e-04 -2.257725e+00 2.849199e-02 -4.619395e-04 9.995939e-01 2.716349e+01
9.994937e-01 -3.491683e-04 3.181845e-02 5.015882e+01 3.669745e-04 9.999998e-01 -5.538517e-04 -2.268798e+00 -3.181835e-02 5.652498e-04 9.994936e-01 2.737741e+01
9.995442e-01 4.454378e-04 -3.018236e-02 5.031465e+01 -4.300354e-04 9.999998e-01 5.167222e-04 -2.278176e+00 3.018268e-02 -5.035092e-04 9.995442e-01 2.770902e+01
9.993673e-01 -2.731490e-04 3.556634e-02 5.069013e+01 2.970478e-04 9.999997e-01 -6.667309e-04 -2.292968e+00 -3.556624e-02 6.768760e-04 9.993671e-01 2.795583e+01
9.995328e-01 4.359214e-04 -3.056044e-02 5.098773e+01 -4.199879e-04 9.999998e-01 5.277131e-04 -2.305905e+00 3.056077e-02 -5.146335e-04 9.995327e-01 2.826494e+01
9.995090e-01 -3.180152e-04 3.133168e-02 5.130916e+01 3.350150e-04 9.999998e-01 -5.374009e-04 -2.319115e+00 -3.133160e-02 5.476356e-04 9.995089e-01 2.848148e+01
9.994818e-01 3.320867e-04 -3.218522e-02 5.155133e+01 -3.153224e-04 9.999998e-01 5.258667e-04 -2.329431e+00 3.218549e-02 -5.154474e-04 9.994817e-01 2.860779e+01
9.995062e-01 -3.400665e-04 3.142225e-02 5.169075e+01 3.564517e-04 9.999998e-01 -5.159239e-04 -2.336669e+00 -3.142217e-02 5.268717e-04 9.995061e-01 2.877083e+01
9.994986e-01 3.587387e-04 -3.165754e-02 5.196587e+01 -3.434357e-04 9.999998e-01 4.887506e-04 -2.348064e+00 3.165781e-02 -4.776352e-04 9.994986e-01 2.887511e+01
9.995089e-01 -2.719499e-04 3.133722e-02 5.223006e+01 2.870395e-04 9.999998e-01 -4.770999e-04 -2.359546e+00 -3.133718e-02 4.858625e-04 9.995088e-01 2.910660e+01
9.994756e-01 3.422981e-04 -3.237796e-02 5.249723e+01 -3.263042e-04 9.999998e-01 4.991832e-04 -2.371006e+00 3.237822e-02 -4.883582e-04 9.994755e-01 2.931625e+01
9.994819e-01 -3.237223e-04 3.218471e-02 5.276343e+01 3.409923e-04 9.999998e-01 -5.311747e-04 -2.382063e+00 -3.218463e-02 5.418763e-04 9.994818e-01 2.939422e+01
9.994883e-01 3.442646e-04 -3.198389e-02 5.299897e+01 -3.279319e-04 9.999998e-01 5.158234e-04 -2.392183e+00 3.198416e-02 -5.050728e-04 9.994882e-01 2.949152e+01
9.994918e-01 -3.252773e-04 3.187565e-02 5.331813e+01 3.436900e-04 9.999998e-01 -5.722375e-04 -2.405035e+00 -3.187555e-02 5.829040e-04 9.994917e-01 2.955260e+01
9.994621e-01 3.962168e-04 -3.278992e-02 5.367324e+01 -3.778859e-04 9.999998e-01 5.651621e-04 -2.418978e+00 3.279023e-02 -5.524692e-04 9.994621e-01 2.971006e+01
9.995270e-01 -2.906868e-04 3.075441e-02 5.402580e+01 3.072728e-04 9.999998e-01 -5.346552e-04 -2.432974e+00 -3.075435e-02 5.438543e-04 9.995269e-01 2.993297e+01
9.993778e-01 4.337567e-04 -3.526632e-02 5.435656e+01 -4.103030e-04 9.999997e-01 6.722137e-04 -2.446413e+00 3.526670e-02 -6.573275e-04 9.993777e-01 3.020743e+01
9.994497e-01 -3.328863e-04 3.316973e-02 5.480574e+01 3.549492e-04 9.999997e-01 -6.593335e-04 -2.463154e+00 -3.316960e-02 6.707462e-04 9.994496e-01 3.037059e+01
9.993020e-01 3.265492e-04 -3.735339e-02 5.518970e+01 -3.028386e-04 9.999997e-01 6.403577e-04 -2.476422e+00 3.735369e-02 -6.286006e-04 9.993019e-01 3.008992e+01
9.994978e-01 -2.063042e-04 3.168864e-02 5.560577e+01 2.242040e-04 9.999998e-01 -5.613829e-04 -2.490282e+00 -3.168862e-02 5.682077e-04 9.994977e-01 2.972344e+01
9.992947e-01 2.930276e-04 -3.754983e-02 5.602894e+01 -2.720741e-04 9.999998e-01 5.630638e-04 -2.505283e+00 3.755009e-02 -5.524522e-04 9.992946e-01 2.959037e+01
9.994969e-01 -2.101533e-04 3.171767e-02 5.644922e+01 2.274857e-04 9.999998e-01 -5.429233e-04 -2.520274e+00 -3.171765e-02 5.498675e-04 9.994968e-01 2.951230e+01
9.991232e-01 4.245780e-04 -4.186267e-02 5.679886e+01 -3.939984e-04 9.999996e-01 7.386650e-04 -2.532648e+00 4.186306e-02 -7.215254e-04 9.991231e-01 2.936262e+01
9.994097e-01 -2.779333e-04 3.435448e-02 5.727852e+01 3.013242e-04 9.999997e-01 -6.757589e-04 -2.549135e+00 -3.435439e-02 6.857138e-04 9.994095e-01 2.917817e+01
9.991937e-01 4.414346e-04 -4.014468e-02 5.788528e+01 -4.133191e-04 9.999997e-01 7.085950e-04 -2.570078e+00 4.014508e-02 -6.914330e-04 9.991936e-01 2.913060e+01
9.993766e-01 -3.186418e-04 3.530376e-02 5.845006e+01 3.435645e-04 9.999997e-01 -6.999450e-04 -2.589709e+00 -3.530363e-02 7.116397e-04 9.993764e-01 2.907689e+01
9.992292e-01 3.052828e-04 -3.925267e-02 5.886913e+01 -2.791882e-04 9.999997e-01 6.702071e-04 -2.604087e+00 3.925296e-02 -6.587336e-04 9.992290e-01 2.880094e+01
9.994684e-01 -2.277571e-04 3.260454e-02 5.928568e+01 2.479912e-04 9.999998e-01 -6.166153e-04 -2.618087e+00 -3.260449e-02 6.243751e-04 9.994682e-01 2.846508e+01
9.991706e-01 3.539829e-04 -4.071727e-02 5.982416e+01 -3.261529e-04 9.999997e-01 6.900802e-04 -2.636089e+00 4.071761e-02 -6.762297e-04 9.991704e-01 2.819593e+01
9.994882e-01 -1.522838e-04 3.199122e-02 6.031051e+01 1.688086e-04 9.999999e-01 -5.139096e-04 -2.652918e+00 -3.199124e-02 5.190489e-04 9.994881e-01 2.810227e+01
9.991945e-01 3.359567e-04 -4.012616e-02 6.075769e+01 -3.103920e-04 9.999997e-01 6.432807e-04 -2.668407e+00 4.012646e-02 -6.303096e-04 9.991944e-01 2.793984e+01
9.993288e-01 -3.204001e-04 3.663301e-02 6.119868e+01 3.446381e-04 9.999997e-01 -6.553866e-04 -2.683115e+00 -3.663289e-02 6.675738e-04 9.993286e-01 2.755579e+01
9.991435e-01 3.638648e-04 -4.137683e-02 6.158462e+01 -3.357133e-04 9.999997e-01 6.872625e-04 -2.695910e+00 4.137717e-02 -6.727851e-04 9.991433e-01 2.713550e+01
9.992960e-01 -3.777662e-04 3.751550e-02 6.197462e+01 4.040787e-04 9.999997e-01 -6.938510e-04 -2.708980e+00 -3.751533e-02 7.085238e-04 9.992958e-01 2.674821e+01
9.991364e-01 3.520802e-04 -4.154886e-02 6.240952e+01 -3.239603e-04 9.999997e-01 6.834692e-04 -2.723605e+00 4.154919e-02 -6.694207e-04 9.991362e-01 2.639092e+01
9.992582e-01 -3.918575e-04 3.850875e-02 6.278361e+01 4.181540e-04 9.999997e-01 -6.748747e-04 -2.736586e+00 -3.850857e-02 6.904787e-04 9.992581e-01 2.610010e+01
9.991131e-01 3.589725e-04 -4.210509e-02 6.319271e+01 -3.307474e-04 9.999997e-01 6.772616e-04 -2.750589e+00 4.210542e-02 -6.627367e-04 9.991129e-01 2.579011e+01
9.992370e-01 -3.765440e-04 3.905617e-02 6.364219e+01 4.041190e-04 9.999997e-01 -6.981956e-04 -2.765772e+00 -3.905599e-02 7.134482e-04 9.992368e-01 2.543647e+01
9.991394e-01 3.695426e-04 -4.147446e-02 6.408348e+01 -3.423647e-04 9.999997e-01 6.623383e-04 -2.780563e+00 4.147479e-02 -6.475709e-04 9.991393e-01 2.502679e+01
9.992320e-01 -3.668378e-04 3.918347e-02 6.446255e+01 3.943717e-04 9.999997e-01 -6.950157e-04 -2.793565e+00 -3.918331e-02 7.099368e-04 9.992318e-01 2.467939e+01
9.991127e-01 3.667882e-04 -4.211338e-02 6.477168e+01 -3.376793e-04 9.999997e-01 6.982619e-04 -2.804092e+00 4.211373e-02 -6.834235e-04 9.991125e-01 2.430473e+01
