9.999834e-01 6.093427e-05 5.768037e-03 3.871215e-01 -6.002625e-05 1.000000e+00 -1.575987e-04 -1.462677e-02 -5.768047e-03 1.572494e-04 9.999835e-01 6.304317e-02
9.999978e-01 4.406228e-05 -2.073537e-03 8.330761e-01 -4.407410e-05 1.000000e+00 -5.662221e-06 -3.127318e-02 2.073538e-03 5.754045e-06 9.999978e-01 2.247652e-01
9.999116e-01 -1.073391e-05 1.329563e-02 1.282997e+00 1.517439e-05 9.999999e-01 -3.338804e-04 -4.826839e-02 -1.329563e-02 3.340522e-04 9.999117e-01 3.791550e-01
9.999163e-01 1.392773e-04 -1.294005e-02 1.713144e+00 -1.367821e-04 1.000000e+00 1.937130e-04 -6.398488e-02 1.294008e-02 -1.919264e-04 9.999162e-01 4.787221e-01
9.999762e-01 1.569800e-04 6.902638e-03 2.054773e+00 -1.565212e-04 1.000000e+00 -6.700522e-05 -7.681811e-02 -6.902649e-03 6.592280e-05 9.999763e-01 5.130575e-01
9.999947e-01 -1.384676e-04 3.257752e-03 2.349291e+00 1.390135e-04 1.000000e+00 -1.673132e-04 -8.796650e-02 -3.257726e-03 1.677656e-04 9.999946e-01 3.961759e-01
9.999992e-01 1.569793e-04 -1.270505e-03 2.601829e+00 -1.567533e-04 1.000000e+00 1.780076e-04 -9.726767e-02 1.270530e-03 -1.778087e-04 9.999993e-01 1.652729e-01
9.999958e-01 -1.209220e-04 2.880626e-03 3.026459e+00 1.216544e-04 1.000000e+00 -2.540854e-04 -1.125935e-01 -2.880592e-03 2.544351e-04 9.999957e-01 1.636026e-02
9.999895e-01 9.458243e-05 -4.575435e-03 3.317582e+00 -9.357047e-05 1.000000e+00 2.213885e-04 -1.241629e-01 4.575453e-03 -2.209585e-04 9.999896e-01 5.040074e-02
9.999110e-01 3.561884e-04 -1.333397e-02 3.525829e+00 -3.516818e-04 9.999999e-01 3.403146e-04 -1.330445e-01 1.333409e-02 -3.355946e-04 9.999109e-01 8.890702e-02
9.999772e-01 2.123709e-04 -6.744798e-03 3.737730e+00 -2.101310e-04 9.999999e-01 3.328116e-04 -1.423054e-01 6.744869e-03 -3.313873e-04 9.999773e-01 1.409299e-01
9.999970e-01 -2.476155e-05 2.453881e-03 3.817836e+00 2.526983e-05 1.000000e+00 -2.070934e-04 -1.463234e-01 -2.453877e-03 2.071553e-04 9.999969e-01 6.204005e-02
1.000000e+00 5.076196e-05 -2.539608e-04 3.826766e+00 -5.073063e-05 1.000000e+00 1.234720e-04 -1.477581e-01 2.539683e-04 -1.234596e-04 1.000000e+00 -6.851125e-02
9.998371e-01 3.732318e-04 -1.804454e-02 3.798861e+00 -3.646859e-04 9.999998e-01 4.768922e-04 -1.498850e-01 1.804471e-02 -4.702334e-04 9.998370e-01 3.732751e-02
9.999044e-01 -2.876545e-04 1.382711e-02 3.900677e+00 2.928137e-04 9.999999e-01 -3.710984e-04 -1.569554e-01 -1.382700e-02 3.751111e-04 9.999044e-01 2.926743e-01
9.999943e-01 2.455226e-04 -3.366743e-03 4.118497e+00 -2.452195e-04 1.000000e+00 9.043375e-05 -1.670545e-01 3.366763e-03 -8.960710e-05 9.999942e-01 4.529820e-01
9.999824e-01 1.568416e-04 -5.931156e-03 4.238556e+00 -1.554603e-04 1.000000e+00 2.333478e-04 -1.732333e-01 5.931196e-03 -2.324223e-04 9.999825e-01 4.588924e-01
9.999434e-01 3.866704e-05 1.063711e-02 4.415734e+00 -3.494330e-05 9.999999e-01 -3.502533e-04 -1.817190e-01 -1.063713e-02 3.498623e-04 9.999433e-01 5.131758e-01
9.998772e-01 1.943370e-04 -1.567162e-02 4.558450e+00 -1.866289e-04 9.999999e-01 4.933143e-04 -1.885272e-01 1.567172e-02 -4.903295e-04 9.998772e-01 5.675019e-01
9.996918e-01 -1.297769e-04 2.482353e-02 4.835444e+00 1.483289e-04 9.999997e-01 -7.455125e-04 -2.009440e-01 -2.482343e-02 7.489653e-04 9.996915e-01 7.825659e-01
9.999978e-01 5.924564e-05 2.083259e-03 5.186453e+00 -5.920093e-05 1.000000e+00 -2.153292e-05 -2.158269e-01 -2.083261e-03 2.140907e-05 9.999979e-01 8.963356e-01
9.995601e-01 -1.478000e-04 2.965850e-02 5.465975e+00 1.735589e-04 9.999996e-01 -8.659441e-04 -2.286770e-01 -2.965835e-02 8.707110e-04 9.995596e-01 9.770146e-01
9.995919e-01 2.865544e-04 -2.856474e-02 5.653977e+00 -2.642407e-04 9.999997e-01 7.849322e-04 -2.378371e-01 2.856496e-02 -7.770643e-04 9.995917e-01 1.164978e+00
9.998522e-01 1.518943e-04 1.719245e-02 5.731790e+00 -1.451239e-04 9.999999e-01 -3.950495e-04 -2.418256e-01 -1.719251e-02 3.924965e-04 9.998520e-01 1.055578e+00
9.999887e-01 -2.581936e-04 4.746687e-03 5.816216e+00 2.589831e-04 1.000000e+00 -1.657118e-04 -2.473683e-01 -4.746648e-03 1.669389e-04 9.999888e-01 9.449805e-01
9.999152e-01 1.725739e-04 1.301868e-02 6.019008e+00 -1.684235e-04 9.999999e-01 -3.198950e-04 -2.569132e-01 -1.301873e-02 3.176756e-04 9.999151e-01 9.907011e-01
9.999710e-01 -1.745967e-04 -7.610982e-03 6.250851e+00 1.759764e-04 1.000000e+00 1.806107e-04 -2.659115e-01 7.610943e-03 -1.819451e-04 9.999711e-01 8.974512e-01
9.999553e-01 1.829593e-04 9.455321e-03 6.507664e+00 -1.805648e-04 1.000000e+00 -2.540932e-04 -2.761161e-01 -9.455360e-03 2.523749e-04 9.999552e-01 8.852154e-01
9.999957e-01 -1.060903e-04 -2.945351e-03 6.836833e+00 1.062687e-04 1.000000e+00 6.039073e-05 -2.898245e-01 2.945337e-03 -6.070374e-05 9.999958e-01 1.084848e+00
9.998846e-01 1.110051e-04 1.518904e-02 7.210667e+00 -1.049292e-04 9.999999e-01 -4.008185e-04 -3.049492e-01 -1.518908e-02 3.991788e-04 9.998845e-01 1.317513e+00
9.999949e-01 -1.282796e-04 3.190993e-03 7.512222e+00 1.286179e-04 1.000000e+00 -1.058365e-04 -3.181760e-01 -3.190990e-03 1.062462e-04 9.999950e-01 1.483184e+00
9.999011e-01 1.095202e-04 1.406579e-02 7.820168e+00 -1.044198e-04 9.999999e-01 -3.633446e-04 -3.312999e-01 -1.406582e-02 3.618401e-04 9.999009e-01 1.640842e+00
9.999033e-01 -4.492421e-05 -1.390800e-02 8.164002e+00 4.911512e-05 1.000000e+00 3.009905e-04 -3.448408e-01 1.390797e-02 -3.016446e-04 9.999033e-01 1.804696e+00
9.999777e-01 2.174254e-04 6.679513e-03 8.385590e+00 -2.168976e-04 1.000000e+00 -7.974050e-05 -3.548038e-01 -6.679519e-03 7.829011e-05 9.999776e-01 2.007611e+00
9.998877e-01 -5.084363e-05 -1.498756e-02 8.568414e+00 5.464840e-05 1.000000e+00 2.534531e-04 -3.631453e-01 1.498754e-02 -2.542438e-04 9.998877e-01 2.092248e+00
9.999570e-01 1.660184e-04 9.269817e-03 8.776147e+00 -1.649105e-04 1.000000e+00 -1.202796e-04 -3.724641e-01 -9.269826e-03 1.187460e-04 9.999569e-01 2.267385e+00
9.998919e-01 -4.313919e-05 -1.470078e-02 9.074887e+00 4.644796e-05 1.000000e+00 2.247336e-04 -3.845590e-01 1.470076e-02 -2.253924e-04 9.998920e-01 2.438123e+00
9.999287e-01 6.154469e-05 1.193860e-02 9.480922e+00 -5.788274e-05 1.000000e+00 -3.070760e-04 -3.994874e-01 -1.193861e-02 3.063633e-04 9.999286e-01 2.408272e+00
9.998187e-01 9.188463e-05 -1.904214e-02 9.835166e+00 -8.395412e-05 9.999999e-01 4.172710e-04 -4.130320e-01 1.904217e-02 -4.155969e-04 9.998187e-01 2.525548e+00
9.999653e-01 2.093995e-04 8.323619e-03 1.018541e+01 -2.082924e-04 1.000000e+00 -1.338756e-04 -4.265556e-01 -8.323639e-03 1.321374e-04 9.999652e-01 2.661331e+00
9.997279e-01 3.013096e-04 -2.332587e-02 1.050996e+01 -2.859362e-04 9.999997e-01 6.624069e-04 -4.395825e-01 2.332606e-02 -6.555572e-04 9.997278e-01 2.854042e+00
9.998268e-01 -1.208379e-04 1.860947e-02 1.095438e+01 1.321078e-04 9.999998e-01 -6.043763e-04 -4.561733e-01 -1.860939e-02 6.067304e-04 9.998265e-01 2.984980e+00
9.998124e-01 2.350498e-04 -1.937026e-02 1.149203e+01 -2.254211e-04 9.999998e-01 4.992720e-04 -4.755433e-01 1.937037e-02 -4.948121e-04 9.998124e-01 2.995894e+00
9.998895e-01 -1.070604e-04 1.486555e-02 1.194419e+01 1.145053e-04 9.999999e-01 -4.999656e-04 -4.919428e-01 -1.486549e-02 5.016129e-04 9.998893e-01 2.966020e+00
9.998387e-01 2.573824e-04 -1.795746e-02 1.236192e+01 -2.479335e-04 9.999998e-01 5.284058e-04 -5.077724e-01 1.795759e-02 -5.238686e-04 9.998387e-01 3.092045e+00
9.997705e-01 -1.435376e-04 2.142218e-02 1.290368e+01 1.587879e-04 9.999997e-01 -7.101927e-04 -5.272456e-01 -2.142207e-02 7.134315e-04 9.997702e-01 3.127880e+00
9.997434e-01 2.560099e-04 -2.265088e-02 1.329616e+01 -2.415391e-04 9.999998e-01 6.415971e-04 -5.418991e-01 2.265104e-02 -6.359616e-04 9.997433e-01 3.151553e+00
9.999307e-01 4.483498e-05 1.177444e-02 1.350997e+01 -4.084608e-05 9.999999e-01 -3.390155e-04 -5.508088e-01 -1.177445e-02 3.385114e-04 9.999305e-01 3.152501e+00
9.996326e-01 4.326894e-04 -2.709953e-02 1.372687e+01 -4.099096e-04 9.999996e-01 8.461488e-04 -5.602522e-01 2.709988e-02 -8.347299e-04 9.996325e-01 3.238814e+00
9.997820e-01 -9.725239e-05 2.087918e-02 1.397912e+01 1.104406e-04 9.999998e-01 -6.304914e-04 -5.718715e-01 -2.087911e-02 6.326602e-04 9.997817e-01 3.529507e+00
9.993722e-01 5.640836e-04 -3.542477e-02 1.420056e+01 -5.245921e-04 9.999992e-01 1.124083e-03 -5.821775e-01 3.542538e-02 -1.104794e-03 9.993718e-01 3.742584e+00
9.999463e-01 2.263853e-04 1.035723e-02 1.439439e+01 -2.250701e-04 1.000000e+00 -1.281404e-04 -5.914604e-01 -1.035726e-02 1.258029e-04 9.999463e-01 3.924400e+00
9.995657e-01 4.169812e-04 -2.946552e-02 1.477103e+01 -3.926843e-04 9.999996e-01 8.303689e-04 -6.060524e-01 2.946586e-02 -8.184382e-04 9.995656e-01 4.133133e+00
9.999995e-01 4.546887e-04 -8.542474e-04 1.504988e+01 -4.543841e-04 9.999998e-01 3.567400e-04 -6.176571e-01 8.544025e-04 -3.563510e-04 9.999995e-01 4.265483e+00
9.991882e-01 7.087868e-04 -4.028060e-02 1.516844e+01 -6.560773e-04 9.999989e-01 1.321763e-03 -6.246053e-01 4.028150e-02 -1.294264e-03 9.991876e-01 4.364623e+00
9.999903e-01 5.033025e-04 -4.378030e-03 1.523694e+01 -5.010778e-04 9.999997e-01 5.092100e-04 -6.302389e-01 4.378270e-03 -5.070103e-04 9.999902e-01 4.479583e+00
9.990255e-01 7.989577e-04 -4.413005e-02 1.528928e+01 -7.353918e-04 9.999987e-01 1.456641e-03 -6.353569e-01 4.413117e-02 -1.422769e-03 9.990248e-01 4.579404e+00
9.999837e-01 5.216275e-04 -5.681152e-03 1.534551e+01 -5.182820e-04 9.999997e-01 5.903076e-04 -6.407525e-01 5.681433e-03 -5.873521e-04 9.999836e-01 4.694401e+00
9.990071e-01 8.589326e-04 -4.454239e-02 1.539514e+01 -7.941347e-04 9.999986e-01 1.472425e-03 -6.460512e-01 4.454362e-02 -1.435592e-03 9.990065e-01 4.815046e+00
9.999992e-01 4.297926e-04 -1.195443e-03 1.546424e+01 -4.292232e-04 9.999998e-01 4.762778e-04 -6.518479e-01 1.195614e-03 -4.757626e-04 9.999991e-01 4.946957e+00
9.991769e-01 7.923077e-04 -4.055704e-02 1.558219e+01 -7.404545e-04 9.999989e-01 1.293539e-03 -6.593451e-01 4.055806e-02 -1.262446e-03 9.991765e-01 5.136726e+00
9.999984e-01 4.101291e-04 -1.762485e-03 1.565564e+01 -4.092837e-04 9.999998e-01 4.797194e-04 -6.653178e-01 1.762639e-03 -4.789952e-04 9.999982e-01 5.280609e+00
9.996948e-01 4.174654e-04 -2.470249e-02 1.576919e+01 -4.017149e-04 9.999997e-01 6.425823e-04 -6.728686e-01 2.470279e-02 -6.324649e-04 9.996947e-01 5.534951e+00
9.999183e-01 6.617207e-04 -1.276461e-02 1.586683e+01 -6.495021e-04 9.999993e-01 9.613055e-04 -6.800376e-01 1.276519e-02 -9.529341e-04 9.999180e-01 5.765182e+00
9.998668e-01 2.082501e-04 -1.632160e-02 1.593387e+01 -2.029795e-04 9.999999e-01 3.246123e-04 -6.869901e-01 1.632171e-02 -3.212584e-04 9.998668e-01 6.073979e+00
9.997598e-01 8.057285e-04 -2.189991e-02 1.598323e+01 -7.777202e-04 9.999989e-01 1.287380e-03 -6.931601e-01 2.190087e-02 -1.270037e-03 9.997592e-01 6.326959e+00
9.996314e-01 5.790808e-04 -2.714139e-02 1.600657e+01 -5.581565e-04 9.999995e-01 7.785340e-04 -6.981575e-01 2.714188e-02 -7.631005e-04 9.996314e-01 6.487914e+00
9.996800e-01 8.445536e-04 -2.528299e-02 1.603241e+01 -8.096486e-04 9.999987e-01 1.390742e-03 -7.030206e-01 2.528407e-02 -1.369824e-03 9.996793e-01 6.619713e+00
9.997440e-01 4.941356e-04 -2.261929e-02 1.606786e+01 -4.801596e-04 9.999997e-01 6.233540e-04 -7.079486e-01 2.261966e-02 -6.123363e-04 9.997440e-01 6.737870e+00
9.997456e-01 7.391276e-04 -2.254182e-02 1.609913e+01 -7.108207e-04 9.999989e-01 1.263691e-03 -7.125764e-01 2.254266e-02 -1.247344e-03 9.997450e-01 6.848419e+00
9.998826e-01 3.575278e-04 -1.532155e-02 1.613552e+01 -3.524361e-04 9.999999e-01 3.351024e-04 -7.171752e-01 1.532174e-02 -3.296661e-04 9.998826e-01 6.961206e+00
9.998874e-01 5.533393e-04 -1.499640e-02 1.617170e+01 -5.409543e-04 9.999995e-01 8.298243e-04 -7.218542e-01 1.499677e-02 -8.216155e-04 9.998871e-01 7.081542e+00
9.997886e-01 5.030307e-04 -2.055692e-02 1.623100e+01 -4.891058e-04 9.999996e-01 6.824700e-04 -7.272257e-01 2.055733e-02 -6.722742e-04 9.997885e-01 7.207269e+00
9.992294e-01 -3.744682e-04 3.924876e-02 1.648963e+01 4.201430e-04 9.999992e-01 -1.155446e-03 -7.394483e-01 -3.924838e-02 1.171049e-03 9.992287e-01 7.329737e+00
9.999602e-01 2.262602e-04 8.920973e-03 1.667399e+01 -2.243910e-04 1.000000e+00 -2.106718e-04 -7.505668e-01 -8.920949e-03 2.086587e-04 9.999603e-01 7.416663e+00
9.990193e-01 -3.851709e-04 4.427452e-02 1.677288e+01 4.386240e-04 9.999992e-01 -1.197574e-03 -7.588786e-01 -4.427409e-02 1.215823e-03 9.990186e-01 7.417924e+00
9.999685e-01 2.453922e-04 7.937284e-03 1.687708e+01 -2.440077e-04 1.000000e+00 -1.755281e-04 -7.670967e-01 -7.937263e-03 1.735830e-04 9.999686e-01 7.400741e+00
9.990285e-01 -4.035514e-04 4.406714e-02 1.695688e+01 4.557693e-04 9.999992e-01 -1.174899e-03 -7.744547e-01 -4.406669e-02 1.193845e-03 9.990278e-01 7.372486e+00
9.999990e-01 2.764714e-04 1.357575e-03 1.705834e+01 -2.763725e-04 1.000000e+00 -7.363396e-05 -7.823213e-01 -1.357539e-03 7.325611e-05 9.999992e-01 7.354666e+00
9.993354e-01 -3.898324e-04 3.644961e-02 1.725200e+01 4.259999e-04 9.999994e-01 -9.844763e-04 -7.922778e-01 -3.644925e-02 9.993521e-04 9.993349e-01 7.304498e+00
9.999962e-01 2.561376e-04 2.732280e-03 1.742291e+01 -2.558381e-04 1.000000e+00 -1.101925e-04 -8.016185e-01 -2.732259e-03 1.094906e-04 9.999964e-01 7.249911e+00
9.991680e-01 -3.927604e-04 4.078275e-02 1.752304e+01 4.365254e-04 9.999993e-01 -1.064208e-03 -8.091512e-01 -4.078235e-02 1.081128e-03 9.991674e-01 7.217537e+00
9.999964e-01 2.692827e-04 -2.659737e-03 1.765973e+01 -2.692375e-04 1.000000e+00 1.752766e-05 -8.172474e-01 2.659783e-03 -1.681373e-05 9.999966e-01 7.166880e+00
9.994584e-01 -3.385335e-04 3.290468e-02 1.793302e+01 3.673174e-04 9.999996e-01 -8.687089e-04 -8.293648e-01 -3.290442e-02 8.803270e-04 9.994580e-01 7.121722e+00
9.999921e-01 2.175796e-04 3.981688e-03 1.819865e+01 -2.168666e-04 1.000000e+00 -1.796054e-04 -8.417782e-01 -3.981691e-03 1.787384e-04 9.999922e-01 7.136047e+00
9.992709e-01 -3.242643e-04 3.817831e-02 1.837134e+01 3.626527e-04 9.999994e-01 -9.985703e-04 -8.517149e-01 -3.817800e-02 1.011690e-03 9.992703e-01 7.164073e+00
9.998406e-01 3.675075e-04 -1.785157e-02 1.864716e+01 -3.597766e-04 9.999998e-01 4.362926e-04 -8.636205e-01 1.785176e-02 -4.298024e-04 9.998407e-01 7.199611e+00
9.993299e-01 -4.033472e-04 3.660136e-02 1.887529e+01 4.377901e-04 9.999995e-01 -9.330091e-04 -8.739614e-01 -3.660099e-02 9.484095e-04 9.993294e-01 7.287544e+00
9.997589e-01 3.708224e-04 -2.195309e-02 1.896675e+01 -3.597704e-04 9.999998e-01 5.073979e-04 -8.794162e-01 2.195330e-02 -4.993793e-04 9.997590e-01 7.302955e+00
9.998608e-01 -3.041788e-05 1.668710e-02 1.909057e+01 3.484830e-05 1.000000e+00 -2.651909e-04 -8.862096e-01 -1.668712e-02 2.657373e-04 9.998606e-01 7.400731e+00
9.992965e-01 6.380854e-04 -3.749723e-02 1.914718e+01 -6.002763e-04 9.999993e-01 1.019574e-03 -8.907781e-01 3.749789e-02 -9.963501e-04 9.992963e-01 7.494047e+00
9.999778e-01 1.532056e-04 6.657665e-03 1.920344e+01 -1.542616e-04 1.000000e+00 1.581615e-04 -8.955052e-01 -6.657673e-03 -1.591830e-04 9.999777e-01 7.574026e+00
9.993076e-01 6.849914e-04 -3.720016e-02 1.921274e+01 -6.477231e-04 9.999993e-01 1.013884e-03 -8.983283e-01 3.720087e-02 -9.890890e-04 9.993074e-01 7.584078e+00
9.999177e-01 -4.524972e-05 1.283092e-02 1.917729e+01 4.735316e-05 1.000000e+00 -1.635958e-04 -8.991846e-01 -1.283095e-02 1.641921e-04 9.999176e-01 7.528472e+00
9.993705e-01 5.957419e-04 -3.547259e-02 1.919227e+01 -5.624409e-04 9.999994e-01 9.487643e-04 -9.016926e-01 3.547317e-02 -9.282180e-04 9.993703e-01 7.479677e+00
9.997492e-01 -2.413161e-04 2.239263e-02 1.906514e+01 2.553146e-04 9.999998e-01 -6.222561e-04 -8.982775e-01 -2.239251e-02 6.278195e-04 9.997490e-01 7.270518e+00
9.995730e-01 3.857844e-04 -2.921781e-02 1.891632e+01 -3.650545e-04 9.999997e-01 7.148408e-04 -8.938515e-01 2.921812e-02 -7.038717e-04 9.995729e-01 7.020832e+00
9.995764e-01 -3.700117e-04 2.910196e-02 1.880414e+01 3.914908e-04 9.999997e-01 -7.323507e-04 -8.906519e-01 -2.910172e-02 7.434358e-04 9.995761e-01 6.760269e+00
9.995986e-01 3.733766e-04 -2.832768e-02 1.873367e+01 -3.534302e-04 9.999997e-01 7.091503e-04 -8.889396e-01 2.832798e-02 -6.988560e-04 9.995985e-01 6.533489e+00
9.995177e-01 -3.833695e-04 3.105273e-02 1.863971e+01 4.062081e-04 9.999997e-01 -7.291566e-04 -8.865346e-01 -3.105248e-02 7.414210e-04 9.995174e-01 6.327095e+00
9.995516e-01 3.957106e-04 -2.993968e-02 1.864269e+01 -3.735369e-04 9.999997e-01 7.462169e-04 -8.875795e-01 2.994001e-02 -7.347010e-04 9.995515e-01 6.144852e+00
9.995629e-01 -3.809538e-04 2.956054e-02 1.863862e+01 4.028059e-04 9.999997e-01 -7.332629e-04 -8.884382e-01 -2.956029e-02 7.448518e-04 9.995626e-01 5.986340e+00
9.996008e-01 3.932286e-04 -2.825149e-02 1.867900e+01 -3.729148e-04 9.999997e-01 7.243139e-04 -8.908294e-01 2.825181e-02 -7.134916e-04 9.996007e-01 5.852352e+00
9.995842e-01 -3.592744e-04 2.883244e-02 1.891006e+01 3.813442e-04 9.999996e-01 -7.599342e-04 -9.000045e-01 -2.883219e-02 7.706156e-04 9.995839e-01 5.839153e+00
9.995695e-01 3.951984e-04 -2.933815e-02 1.917728e+01 -3.740940e-04 9.999997e-01 7.248521e-04 -9.103500e-01 2.933847e-02 -7.135671e-04 9.995694e-01 5.790577e+00
9.994972e-01 -3.762738e-04 3.170348e-02 1.935385e+01 4.013027e-04 9.999996e-01 -7.830913e-04 -9.176456e-01 -3.170321e-02 7.954225e-04 9.994969e-01 5.735395e+00
9.996038e-01 4.159572e-04 -2.814487e-02 1.964663e+01 -3.968998e-04 9.999997e-01 6.827136e-04 -9.291393e-01 2.814518e-02 -6.712746e-04 9.996037e-01 5.783356e+00
9.991946e-01 -3.995388e-04 4.012569e-02 1.986650e+01 4.378127e-04 9.999995e-01 -9.450544e-04 -9.395028e-01 -4.012533e-02 9.618629e-04 9.991941e-01 5.943584e+00
9.997915e-01 3.751450e-04 -2.041549e-02 2.013312e+01 -3.663795e-04 9.999998e-01 4.331123e-04 -9.513078e-01 2.041568e-02 -4.255443e-04 9.997916e-01 6.055395e+00
9.996361e-01 -3.515660e-04 2.697244e-02 2.028047e+01 3.694009e-04 9.999997e-01 -6.562282e-04 -9.576282e-01 -2.697224e-02 6.659552e-04 9.996359e-01 5.994957e+00
9.996614e-01 4.112279e-04 -2.601785e-02 2.041151e+01 -3.950319e-04 9.999997e-01 6.276468e-04 -9.629938e-01 2.601814e-02 -6.171585e-04 9.996614e-01 5.858173e+00
9.994690e-01 -3.932550e-04 3.258085e-02 2.054266e+01 4.196137e-04 9.999996e-01 -8.021746e-04 -9.687827e-01 -3.258056e-02 8.154222e-04 9.994687e-01 5.780714e+00
9.996193e-01 4.125460e-04 -2.758722e-02 2.069636e+01 -3.929258e-04 9.999997e-01 7.166366e-04 -9.757957e-01 2.758754e-02 -7.055262e-04 9.996192e-01 5.802318e+00
9.995284e-01 -3.853290e-04 3.070605e-02 2.087437e+01 4.095858e-04 9.999996e-01 -7.836668e-04 -9.834372e-01 -3.070577e-02 7.958761e-04 9.995281e-01 5.849716e+00
9.995674e-01 4.015414e-04 -2.940819e-02 2.085519e+01 -3.783973e-04 9.999996e-01 7.925691e-04 -9.860961e-01 2.940853e-02 -7.811004e-04 9.995673e-01 5.992370e+00
9.993217e-01 -3.733027e-04 3.682442e-02 2.083528e+01 4.081286e-04 9.999995e-01 -9.382024e-04 -9.885508e-01 -3.682409e-02 9.525971e-04 9.993212e-01 6.076940e+00
9.995408e-01 3.807550e-04 -3.029866e-02 2.077075e+01 -3.560912e-04 9.999996e-01 8.194267e-04 -9.890593e-01 3.029899e-02 -8.082634e-04 9.995407e-01 6.097547e+00
9.990245e-01 -4.094300e-04 4.415832e-02 2.087778e+01 4.595859e-04 9.999993e-01 -1.125662e-03 -9.946470e-01 -4.415786e-02 1.144861e-03 9.990238e-01 6.039770e+00
9.995809e-01 4.161263e-04 -2.894523e-02 2.108312e+01 -3.941104e-04 9.999996e-01 7.663158e-04 -1.003900e+00 2.894557e-02 -7.545891e-04 9.995808e-01 6.081787e+00
9.989115e-01 -4.328110e-04 4.664418e-02 2.131183e+01 4.894016e-04 9.999992e-01 -1.201818e-03 -1.014587e+00 -4.664365e-02 1.223340e-03 9.989107e-01 6.193248e+00
9.996762e-01 4.015542e-04 -2.544102e-02 2.158814e+01 -3.853414e-04 9.999997e-01 6.421816e-04 -1.026165e+00 2.544130e-02 -6.321721e-04 9.996762e-01 6.163290e+00
9.987307e-01 -4.362784e-04 5.036627e-02 2.175481e+01 5.035202e-04 9.999990e-01 -1.322369e-03 -1.034328e+00 -5.036567e-02 1.346053e-03 9.987298e-01 6.108715e+00
9.986831e-01 5.591432e-04 -5.130045e-02 2.182075e+01 -4.909286e-04 9.999990e-01 1.342303e-03 -1.037732e+00 5.130118e-02 -1.315352e-03 9.986825e-01 6.019403e+00
9.980237e-01 -5.133816e-04 6.283657e-02 2.202102e+01 6.133743e-04 9.999986e-01 -1.572030e-03 -1.046843e+00 -6.283570e-02 1.607467e-03 9.980225e-01 6.058354e+00
9.985646e-01 6.576546e-04 -5.355717e-02 2.227349e+01 -5.863160e-04 9.999989e-01 1.347714e-03 -1.058601e+00 5.355802e-02 -1.314380e-03 9.985640e-01 6.328365e+00
9.975066e-01 -6.085756e-04 7.057062e-02 2.260895e+01 7.353443e-04 9.999982e-01 -1.770369e-03 -1.072470e+00 -7.056944e-02 1.817850e-03 9.975051e-01 6.451325e+00
9.988456e-01 6.622936e-04 -4.803127e-02 2.297108e+01 -6.077917e-04 9.999992e-01 1.149316e-03 -1.087648e+00 4.803201e-02 -1.118798e-03 9.988453e-01 6.612141e+00
9.975081e-01 -6.046102e-04 7.054907e-02 2.332878e+01 7.295057e-04 9.999982e-01 -1.744580e-03 -1.102647e+00 -7.054790e-02 1.791700e-03 9.975067e-01 6.761805e+00
9.990051e-01 6.525060e-04 -4.459077e-02 2.366987e+01 -6.074093e-04 9.999993e-01 1.024889e-03 -1.117503e+00 4.459142e-02 -9.967865e-04 9.990049e-01 6.908224e+00
9.980602e-01 -5.449482e-04 6.225414e-02 2.405454e+01 6.383255e-04 9.999987e-01 -1.480056e-03 -1.133215e+00 -6.225326e-02 1.516925e-03 9.980591e-01 7.098675e+00
9.990224e-01 6.361294e-04 -4.420172e-02 2.452706e+01 -5.934020e-04 9.999993e-01 9.797601e-04 -1.151343e+00 4.420233e-02 -9.525744e-04 9.990222e-01 7.228160e+00
9.976539e-01 -5.857847e-04 6.845654e-02 2.497622e+01 6.998994e-04 9.999984e-01 -1.642990e-03 -1.169255e+00 -6.845548e-02 1.687050e-03 9.976526e-01 7.403448e+00
9.990589e-01 6.684574e-04 -4.336888e-02 2.539916e+01 -6.287883e-04 9.999994e-01 9.283246e-04 -1.186640e+00 4.336948e-02 -9.001825e-04 9.990588e-01 7.615477e+00
9.971158e-01 -7.178493e-04 7.589176e-02 2.564297e+01 8.586066e-04 9.999980e-01 -1.822098e-03 -1.199306e+00 -7.589031e-02 1.882005e-03 9.971143e-01 7.825776e+00
9.992956e-01 6.825659e-04 -3.752094e-02 2.588690e+01 -6.560302e-04 9.999995e-01 7.195324e-04 -1.212278e+00 3.752141e-02 -6.944118e-04 9.992957e-01 8.013447e+00
9.971301e-01 -7.526017e-04 7.570382e-02 2.606409e+01 8.891339e-04 9.999980e-01 -1.769817e-03 -1.223144e+00 -7.570233e-02 1.832049e-03 9.971287e-01 8.173897e+00
9.990776e-01 7.118091e-04 -4.293516e-02 2.632044e+01 -6.745953e-04 9.999994e-01 8.812258e-04 -1.235347e+00 4.293575e-02 -8.514501e-04 9.990776e-01 8.248454e+00
9.969223e-01 -6.964290e-04 7.839330e-02 2.662440e+01 8.423269e-04 9.999980e-01 -1.828050e-03 -1.249128e+00 -7.839185e-02 1.888457e-03 9.969207e-01 8.303795e+00
9.986624e-01 7.947223e-04 -5.169984e-02 2.700181e+01 -7.385577e-04 9.999991e-01 1.105455e-03 -1.264873e+00 5.170066e-02 -1.065794e-03 9.986622e-01 8.432547e+00
9.975347e-01 -6.843851e-04 7.017100e-02 2.740612e+01 7.953594e-04 9.999985e-01 -1.553557e-03 -1.280908e+00 -7.016981e-02 1.605538e-03 9.975337e-01 8.570452e+00
9.987990e-01 7.300096e-04 -4.898973e-02 2.776018e+01 -6.814476e-04 9.999993e-01 1.007962e-03 -1.295639e+00 4.899041e-02 -9.733684e-04 9.987989e-01 8.712055e+00
9.973918e-01 -6.623227e-04 7.217496e-02 2.805323e+01 7.812634e-04 9.999984e-01 -1.619731e-03 -1.309231e+00 -7.217375e-02 1.671895e-03 9.973906e-01 8.932717e+00
9.992165e-01 6.130383e-04 -3.957284e-02 2.832639e+01 -5.855845e-04 9.999996e-01 7.053413e-04 -1.322446e+00 3.957323e-02 -6.816159e-04 9.992165e-01 9.095563e+00
9.972315e-01 -6.279397e-04 7.435665e-02 2.853811e+01 7.533897e-04 9.999983e-01 -1.659104e-03 -1.333821e+00 -7.435546e-02 1.710530e-03 9.972302e-01 9.229439e+00
9.992061e-01 5.942283e-04 -3.983479e-02 2.871661e+01 -5.677282e-04 9.999996e-01 6.765606e-04 -1.345015e+00 3.983515e-02 -6.534084e-04 9.992061e-01 9.448311e+00
9.972793e-01 -6.189247e-04 7.371360e-02 2.892622e+01 7.387619e-04 9.999984e-01 -1.598460e-03 -1.356010e+00 -7.371246e-02 1.648568e-03 9.972781e-01 9.550894e+00
9.985871e-01 7.210477e-04 -5.313378e-02 2.905964e+01 -6.639048e-04 9.999992e-01 1.093095e-03 -1.367198e+00 5.313448e-02 -1.056275e-03 9.985869e-01 9.976662e+00
9.973750e-01 -6.676875e-04 7.240568e-02 2.916992e+01 7.825223e-04 9.999985e-01 -1.557636e-03 -1.378913e+00 -7.240449e-02 1.610207e-03 9.973740e-01 1.049496e+01
9.984923e-01 8.047943e-04 -5.488690e-02 2.940636e+01 -7.458037e-04 9.999991e-01 1.095242e-03 -1.392385e+00 5.488769e-02 -1.052656e-03 9.984921e-01 1.092281e+01
9.972687e-01 -6.511663e-04 7.385537e-02 2.970810e+01 7.700012e-04 9.999985e-01 -1.580560e-03 -1.406010e+00 -7.385418e-02 1.633112e-03 9.972676e-01 1.118603e+01
9.984902e-01 7.209665e-04 -5.492522e-02 2.995432e+01 -6.622692e-04 9.999992e-01 1.086872e-03 -1.418223e+00 5.492592e-02 -1.048856e-03 9.984900e-01 1.147085e+01
9.968769e-01 -6.177434e-04 7.896840e-02 3.027960e+01 7.572037e-04 9.999982e-01 -1.736095e-03 -1.432605e+00 -7.896714e-02 1.790468e-03 9.968755e-01 1.170095e+01
9.987092e-01 6.133849e-04 -5.078983e-02 3.038742e+01 -5.633533e-04 9.999993e-01 9.993831e-04 -1.441722e+00 5.079037e-02 -9.694802e-04 9.987090e-01 1.197160e+01
9.966088e-01 -6.330139e-04 8.228253e-02 3.048498e+01 7.857160e-04 9.999980e-01 -1.823458e-03 -1.449956e+00 -8.228117e-02 1.881925e-03 9.966073e-01 1.213592e+01
9.983551e-01 7.039152e-04 -5.732836e-02 3.079427e+01 -6.376042e-04 9.999991e-01 1.174974e-03 -1.462825e+00 5.732908e-02 -1.136488e-03 9.983548e-01 1.213662e+01
9.967850e-01 -6.973127e-04 8.011927e-02 3.086670e+01 8.365477e-04 9.999982e-01 -1.704292e-03 -1.468550e+00 -8.011788e-02 1.765836e-03 9.967837e-01 1.220145e+01
9.975419e-01 8.212785e-04 -7.006722e-02 3.086002e+01 -7.129059e-04 9.999985e-01 1.571690e-03 -1.469957e+00 7.006835e-02 -1.517875e-03 9.975411e-01 1.214435e+01
9.960428e-01 -6.891588e-04 8.887205e-02 3.112337e+01 8.704089e-04 9.999976e-01 -2.000711e-03 -1.481079e+00 -8.887040e-02 2.070148e-03 9.960410e-01 1.215869e+01
9.972151e-01 8.384537e-04 -7.457427e-02 3.143478e+01 -7.129021e-04 9.999983e-01 1.710184e-03 -1.493528e+00 7.457552e-02 -1.652257e-03 9.972141e-01 1.221546e+01
9.963915e-01 -6.528630e-04 8.487375e-02 3.184744e+01 8.185092e-04 9.999978e-01 -1.916893e-03 -1.508824e+00 -8.487225e-02 1.979446e-03 9.963898e-01 1.222034e+01
9.969989e-01 8.575363e-04 -7.741115e-02 3.217003e+01 -7.208479e-04 9.999981e-01 1.793674e-03 -1.521456e+00 7.741249e-02 -1.732489e-03 9.969977e-01 1.230609e+01
9.954014e-01 -7.843224e-04 9.578828e-02 3.226136e+01 9.971314e-04 9.999971e-01 -2.173813e-03 -1.528075e+00 -9.578624e-02 2.259329e-03 9.953993e-01 1.243697e+01
9.961897e-01 1.020386e-03 -8.720663e-02 3.232648e+01 -8.404216e-04 9.999974e-01 2.100354e-03 -1.534184e+00 8.720849e-02 -2.019060e-03 9.961881e-01 1.267360e+01
9.954690e-01 -8.502292e-04 9.508316e-02 3.239364e+01 1.059753e-03 9.999971e-01 -2.153113e-03 -1.537665e+00 -9.508099e-02 2.244121e-03 9.954669e-01 1.257101e+01
9.965294e-01 1.050884e-03 -8.323541e-02 3.259138e+01 -8.888759e-04 9.999976e-01 1.983418e-03 -1.545767e+00 8.323724e-02 -1.902548e-03 9.965280e-01 1.251841e+01
9.944488e-01 -9.168279e-04 1.052174e-01 3.284673e+01 1.182244e-03 9.999963e-01 -2.460203e-03 -1.556592e+00 -1.052147e-01 2.570938e-03 9.944461e-01 1.249856e+01
9.969783e-01 1.074081e-03 -7.767337e-02 3.320319e+01 -9.392749e-04 9.999980e-01 1.772070e-03 -1.571230e+00 7.767505e-02 -1.693758e-03 9.969774e-01 1.246854e+01
9.950061e-01 -9.451852e-04 9.980937e-02 3.362843e+01 1.179390e-03 9.999967e-01 -2.287537e-03 -1.587730e+00 -9.980681e-02 2.393826e-03 9.950039e-01 1.246812e+01
9.968430e-01 1.106597e-03 -7.938982e-02 3.394277e+01 -9.635212e-04 9.999978e-01 1.840481e-03 -1.600190e+00 7.939161e-02 -1.758176e-03 9.968420e-01 1.238993e+01
9.944756e-01 -9.836973e-04 1.049629e-01 3.420733e+01 1.243953e-03 9.999963e-01 -2.414066e-03 -1.611307e+00 -1.049600e-01 2.531298e-03 9.944731e-01 1.229226e+01
9.967663e-01 1.130048e-03 -8.034714e-02 3.436587e+01 -9.819223e-04 9.999977e-01 1.883064e-03 -1.618872e+00 8.034901e-02 -1.798079e-03 9.967653e-01 1.216977e+01
9.944717e-01 -9.725929e-04 1.050002e-01 3.457092e+01 1.231962e-03 9.999963e-01 -2.405340e-03 -1.628207e+00 -1.049974e-01 2.521398e-03 9.944692e-01 1.213574e+01
9.960762e-01 1.174696e-03 -8.849230e-02 3.486283e+01 -9.924522e-04 9.999973e-01 2.103403e-03 -1.639860e+00 8.849446e-02 -2.007324e-03 9.960747e-01 1.217595e+01
9.933271e-01 -9.745540e-04 1.153269e-01 3.518782e+01 1.296677e-03 9.999955e-01 -2.718136e-03 -1.653697e+00 -1.153237e-01 2.849539e-03 9.933238e-01 1.225086e+01
9.964233e-01 1.096587e-03 -8.449556e-02 3.539451e+01 -9.315082e-04 9.999976e-01 1.993106e-03 -1.663487e+00 8.449747e-02 -1.907268e-03 9.964219e-01 1.221889e+01
9.937250e-01 -9.419346e-04 1.118470e-01 3.553912e+01 1.238538e-03 9.999959e-01 -2.582413e-03 -1.671100e+00 -1.118440e-01 2.704733e-03 9.937220e-01 1.217973e+01
9.972514e-01 9.757910e-04 -7.408649e-02 3.566217e+01 -8.560970e-04 9.999983e-01 1.647348e-03 -1.679081e+00 7.408788e-02 -1.579394e-03 9.972505e-01 1.218794e+01
9.935391e-01 -9.057016e-04 1.134861e-01 3.572809e+01 1.208006e-03 9.999959e-01 -2.595055e-03 -1.685174e+00 -1.134832e-01 2.715380e-03 9.935361e-01 1.214335e+01
9.972575e-01 9.641655e-04 -7.400399e-02 3.585567e+01 -8.463678e-04 9.999983e-01 1.623132e-03 -1.693003e+00 7.400534e-02 -1.556045e-03 9.972567e-01 1.203164e+01
9.933070e-01 -8.969684e-04 1.155002e-01 3.596287e+01 1.205089e-03 9.999959e-01 -2.597904e-03 -1.700002e+00 -1.154973e-01 2.719703e-03 9.933040e-01 1.189719e+01
9.970602e-01 9.937771e-04 -7.661670e-02 3.614813e+01 -8.722711e-04 9.999983e-01 1.619357e-03 -1.709807e+00 7.661809e-02 -1.547764e-03 9.970594e-01 1.183473e+01
9.937432e-01 -9.103607e-04 1.116855e-01 3.633781e+01 1.194916e-03 9.999962e-01 -2.480907e-03 -1.719513e+00 -1.116827e-01 2.598838e-03 9.937404e-01 1.180190e+01
9.968797e-01 1.015374e-03 -7.893026e-02 3.642551e+01 -8.868491e-04 9.999982e-01 1.663384e-03 -1.725772e+00 7.893171e-02 -1.588193e-03 9.968788e-01 1.175592e+01
9.938059e-01 -8.882962e-04 1.111263e-01 3.647393e+01 1.164049e-03 9.999964e-01 -2.416576e-03 -1.730802e+00 -1.111237e-01 2.530962e-03 9.938033e-01 1.171184e+01
9.970458e-01 9.488356e-04 -7.680333e-02 3.652689e+01 -8.299618e-04 9.999984e-01 1.579692e-03 -1.736003e+00 7.680462e-02 -1.511280e-03 9.970451e-01 1.165641e+01
9.941549e-01 -8.403681e-04 1.079600e-01 3.666565e+01 1.094719e-03 9.999968e-01 -2.296719e-03 -1.743478e+00 -1.079576e-01 2.401478e-03 9.941525e-01 1.156238e+01
9.970934e-01 8.801008e-04 -7.618483e-02 3.668494e+01 -7.639941e-04 9.999985e-01 1.553166e-03 -1.746868e+00 7.618599e-02 -1.490444e-03 9.970926e-01 1.140458e+01
9.945300e-01 -7.447847e-04 1.044481e-01 3.682021e+01 9.801151e-04 9.999971e-01 -2.201764e-03 -1.754118e+00 -1.044461e-01 2.292089e-03 9.945278e-01 1.131878e+01
9.964821e-01 8.603775e-04 -8.380223e-02 3.699650e+01 -7.149021e-04 9.999982e-01 1.765950e-03 -1.761996e+00 8.380349e-02 -1.699825e-03 9.964809e-01 1.123276e+01
9.943078e-01 -7.573206e-04 1.065426e-01 3.703695e+01 1.004472e-03 9.999969e-01 -2.266082e-03 -1.765983e+00 -1.065404e-01 2.360200e-03 9.943055e-01 1.118905e+01
9.974151e-01 7.739699e-04 -7.185066e-02 3.707114e+01 -6.758704e-04 9.999988e-01 1.389653e-03 -1.770745e+00 7.185155e-02 -1.337498e-03 9.974145e-01 1.113649e+01
9.936997e-01 -7.711508e-04 1.120728e-01 3.710200e+01 1.047290e-03 9.999966e-01 -2.405060e-03 -1.775862e+00 -1.120705e-01 2.507278e-03 9.936970e-01 1.108604e+01
9.980558e-01 7.396933e-04 -6.232356e-02 3.711298e+01 -6.686936e-04 9.999991e-01 1.160096e-03 -1.781241e+00 6.232426e-02 -1.116163e-03 9.980554e-01 1.104703e+01
9.941679e-01 -7.286289e-04 1.078408e-01 3.715952e+01 9.794726e-04 9.999969e-01 -2.273090e-03 -1.787085e+00 -1.078387e-01 2.365458e-03 9.941655e-01 1.099631e+01
9.975856e-01 8.135610e-04 -6.944414e-02 3.738535e+01 -7.253002e-04 9.999989e-01 1.296198e-03 -1.798289e+00 6.944502e-02 -1.242699e-03 9.975851e-01 1.096377e+01
9.954778e-01 -7.267312e-04 9.499080e-02 3.779169e+01 9.135482e-04 9.999977e-01 -1.923191e-03 -1.814085e+00 -9.498909e-02 2.001271e-03 9.954763e-01 1.087895e+01
9.977592e-01 7.924611e-04 -6.690383e-02 3.806510e+01 -7.111509e-04 9.999990e-01 1.239173e-03 -1.825710e+00 6.690464e-02 -1.188815e-03 9.977587e-01 1.076036e+01
9.946469e-01 -7.042382e-04 1.033292e-01 3.841226e+01 9.312467e-04 9.999973e-01 -2.148698e-03 -1.840378e+00 -1.033273e-01 2.233419e-03 9.946449e-01 1.066047e+01
9.979381e-01 7.454697e-04 -6.417978e-02 3.862204e+01 -6.704669e-04 9.999991e-01 1.190206e-03 -1.850635e+00 6.418051e-02 -1.144719e-03 9.979377e-01 1.056450e+01
9.943669e-01 -7.304036e-04 1.059898e-01 3.881083e+01 9.750466e-04 9.999970e-01 -2.256352e-03 -1.860788e+00 -1.059878e-01 2.346985e-03 9.943646e-01 1.053183e+01
9.983245e-01 7.020607e-04 -5.786038e-02 3.896952e+01 -6.446371e-04 9.999993e-01 1.011158e-03 -1.870516e+00 5.786095e-02 -9.721628e-04 9.983242e-01 1.050683e+01
9.952369e-01 -6.716047e-04 9.748285e-02 3.924483e+01 8.715256e-04 9.999976e-01 -2.008238e-03 -1.883044e+00 -9.748117e-02 2.083629e-03 9.952351e-01 1.041012e+01
9.973273e-01 7.952615e-04 -7.305996e-02 3.957508e+01 -6.926883e-04 9.999987e-01 1.429327e-03 -1.896277e+00 7.306091e-02 -1.374897e-03 9.973266e-01 1.032756e+01
9.946776e-01 -7.602614e-04 1.030331e-01 3.987927e+01 9.862078e-04 9.999972e-01 -2.142000e-03 -1.909161e+00 -1.030311e-01 2.232209e-03 9.946756e-01 1.029960e+01
9.982847e-01 7.711058e-04 -5.854172e-02 4.008060e+01 -7.118851e-04 9.999992e-01 1.032501e-03 -1.919813e+00 5.854238e-02 -9.890533e-04 9.982845e-01 1.022725e+01
9.953144e-01 -7.260764e-04 9.668770e-02 4.034498e+01 9.236557e-04 9.999976e-01 -1.998706e-03 -1.931956e+00 -9.668593e-02 2.078645e-03 9.953127e-01 1.016218e+01
9.983304e-01 6.924298e-04 -5.775815e-02 4.056440e+01 -6.362794e-04 9.999993e-01 9.906062e-04 -1.942786e+00 5.775871e-02 -9.522001e-04 9.983301e-01 1.012920e+01
9.946733e-01 -6.691427e-04 1.030753e-01 4.076560e+01 8.928808e-04 9.999973e-01 -2.124473e-03 -1.953487e+00 -1.030735e-01 2.205188e-03 9.946713e-01 1.009331e+01
9.971912e-01 7.906497e-04 -7.489441e-02 4.112763e+01 -6.861358e-04 9.999988e-01 1.421251e-03 -1.968105e+00 7.489536e-02 -1.365869e-03 9.971905e-01 1.000678e+01
9.950735e-01 -6.833812e-04 9.913697e-02 4.150965e+01 8.861248e-04 9.999976e-01 -2.001035e-03 -1.982950e+00 -9.913528e-02 2.079023e-03 9.950718e-01 9.910881e+00
9.970667e-01 8.299920e-04 -7.653404e-02 4.200018e+01 -7.243674e-04 9.999987e-01 1.407897e-03 -2.001467e+00 7.653503e-02 -1.348327e-03 9.970660e-01 9.869479e+00
9.952225e-01 -6.912156e-04 9.762925e-02 4.248302e+01 8.846851e-04 9.999977e-01 -1.938366e-03 -2.019636e+00 -9.762761e-02 2.015475e-03 9.952210e-01 9.851944e+00
9.970249e-01 8.105949e-04 -7.707743e-02 4.295750e+01 -7.040022e-04 9.999988e-01 1.410139e-03 -2.037471e+00 7.707840e-02 -1.351679e-03 9.970241e-01 9.829620e+00
9.945928e-01 -7.162000e-04 1.038484e-01 4.329329e+01 9.352783e-04 9.999974e-01 -2.060883e-03 -2.051086e+00 -1.038466e-01 2.146865e-03 9.945910e-01 9.755340e+00
9.974302e-01 7.457407e-04 -7.164180e-02 4.346173e+01 -6.568464e-04 9.999990e-01 1.264420e-03 -2.059666e+00 7.164259e-02 -1.214112e-03 9.974296e-01 9.672211e+00
9.937659e-01 -7.083578e-04 1.114843e-01 4.363478e+01 9.693585e-04 9.999969e-01 -2.286925e-03 -2.069294e+00 -1.114823e-01 2.380735e-03 9.937636e-01 9.663753e+00
9.980295e-01 6.640606e-04 -6.274381e-02 4.376298e+01 -6.016118e-04 9.999993e-01 1.014248e-03 -2.078356e+00 6.274437e-02 -9.745007e-04 9.980292e-01 9.689789e+00
9.945567e-01 -6.306338e-04 1.041941e-01 4.393164e+01 8.536585e-04 9.999974e-01 -2.095856e-03 -2.088302e+00 -1.041925e-01 2.173392e-03 9.945548e-01 9.722473e+00
9.976006e-01 6.022892e-04 -6.923040e-02 4.399835e+01 -5.228983e-04 9.999992e-01 1.164940e-03 -2.094255e+00 6.923099e-02 -1.125943e-03 9.976000e-01 9.687446e+00
9.946978e-01 -5.621606e-04 1.028391e-01 4.417999e+01 7.754527e-04 9.999976e-01 -2.034032e-03 -2.103669e+00 -1.028376e-01 2.102993e-03 9.946959e-01 9.645000e+00
9.968292e-01 6.345575e-04 -7.956925e-02 4.444540e+01 -5.187962e-04 9.999988e-01 1.475568e-03 -2.114675e+00 7.957003e-02 -1.429607e-03 9.968283e-01 9.503219e+00
9.941075e-01 -5.501615e-04 1.083964e-01 4.458341e+01 7.912189e-04 9.999973e-01 -2.180815e-03 -2.121793e+00 -1.083949e-01 2.253728e-03 9.941053e-01 9.338973e+00
9.958272e-01 6.638727e-04 -9.125781e-02 4.476129e+01 -5.038985e-04 9.999983e-01 1.776069e-03 -2.129690e+00 9.125878e-02 -1.722672e-03 9.958257e-01 9.220225e+00
9.956416e-01 -3.416747e-04 9.326044e-02 4.506132e+01 5.179863e-04 9.999981e-01 -1.866284e-03 -2.141162e+00 -9.325958e-02 1.906457e-03 9.956400e-01 9.156873e+00
9.959219e-01 5.823313e-04 -9.021915e-02 4.530368e+01 -4.201603e-04 9.999983e-01 1.816553e-03 -2.149845e+00 9.022000e-02 -1.771237e-03 9.959203e-01 8.971376e+00
9.968146e-01 -1.197938e-04 7.975196e-02 4.540355e+01 2.332646e-04 9.999990e-01 -1.413430e-03 -2.154024e+00 -7.975166e-02 1.427530e-03 9.968137e-01 8.783250e+00
9.970331e-01 3.405158e-04 -7.697429e-02 4.550927e+01 -2.351610e-04 9.999990e-01 1.377816e-03 -2.159289e+00 7.697463e-02 -1.355626e-03 9.970321e-01 8.700755e+00
9.987045e-01 4.163876e-04 5.088179e-02 4.560799e+01 -3.964642e-04 9.999998e-01 -4.015758e-04 -2.165019e+00 -5.088189e-02 3.808814e-04 9.987046e-01 8.729950e+00
9.978496e-01 1.239069e-04 -6.554700e-02 4.573265e+01 -6.498376e-05 9.999996e-01 9.011381e-04 -2.170940e+00 6.554703e-02 -8.949395e-04 9.978491e-01 8.673718e+00
9.982953e-01 1.804344e-04 5.836290e-02 4.577036e+01 -1.414194e-04 9.999998e-01 -6.725534e-04 -2.173029e+00 -5.836295e-02 6.631519e-04 9.982952e-01 8.480554e+00
9.973918e-01 2.161711e-04 -7.217872e-02 4.575520e+01 -1.388538e-04 9.999994e-01 1.076264e-03 -2.172929e+00 7.217885e-02 -1.063433e-03 9.973911e-01 8.178087e+00
9.987019e-01 3.684655e-04 5.093241e-02 4.574163e+01 -3.527305e-04 9.999999e-01 -3.178531e-04 -2.173429e+00 -5.093246e-02 2.994737e-04 9.987020e-01 7.949457e+00
9.970470e-01 3.945161e-04 -7.679373e-02 4.573833e+01 -2.975659e-04 9.999991e-01 1.273964e-03 -2.175031e+00 7.679410e-02 -1.247349e-03 9.970462e-01 7.825013e+00
9.988167e-01 3.477764e-04 4.863092e-02 4.582936e+01 -3.372726e-04 9.999999e-01 -2.241215e-04 -2.180331e+00 -4.863093e-02 2.074530e-04 9.988168e-01 7.802240e+00
9.963948e-01 6.901655e-04 -8.483594e-02 4.590195e+01 -5.556666e-04 9.999986e-01 1.609044e-03 -2.185090e+00 8.483686e-02 -1.556102e-03 9.963937e-01 7.770483e+00
9.986085e-01 1.838910e-04 5.273326e-02 4.595764e+01 -1.644962e-04 9.999999e-01 -3.720689e-04 -2.189139e+00 -5.273325e-02 3.628754e-04 9.986086e-01 7.703289e+00
9.962463e-01 8.292946e-04 -8.656090e-02 4.600459e+01 -6.847652e-04 9.999983e-01 1.699402e-03 -2.193428e+00 8.656209e-02 -1.633747e-03 9.962451e-01 7.738707e+00
9.984543e-01 2.218546e-05 5.557737e-02 4.607243e+01 6.016498e-06 9.999999e-01 -5.072149e-04 -2.198059e+00 -5.557730e-02 5.067638e-04 9.984542e-01 7.708430e+00
9.964508e-01 8.692397e-04 -8.417372e-02 4.616385e+01 -7.347553e-04 9.999984e-01 1.628703e-03 -2.202925e+00 8.417492e-02 -1.561074e-03 9.964498e-01 7.615826e+00
9.980021e-01 -1.492583e-04 6.317936e-02 4.634706e+01 2.014412e-04 9.999996e-01 -8.195358e-04 -2.210791e+00 -6.317914e-02 8.306239e-04 9.980018e-01 7.581144e+00
9.959747e-01 9.999939e-04 -8.962961e-02 4.651690e+01 -8.423741e-04 9.999980e-01 1.796409e-03 -2.218476e+00 8.963115e-02 -1.713675e-03 9.959736e-01 7.549208e+00
9.979435e-01 -1.975215e-04 6.409763e-02 4.669999e+01 2.485518e-04 9.999997e-01 -7.881211e-04 -2.226719e+00 -6.409737e-02 8.024306e-04 9.979433e-01 7.559877e+00
9.963008e-01 8.486438e-04 -8.593153e-02 4.683477e+01 -7.173653e-04 9.999985e-01 1.558609e-03 -2.232615e+00 8.593265e-02 -1.491198e-03 9.962999e-01 7.415454e+00
9.981427e-01 -1.273458e-04 6.091728e-02 4.692041e+01 1.650743e-04 9.999998e-01 -6.142695e-04 -2.236641e+00 -6.091711e-02 6.231832e-04 9.981426e-01 7.213800e+00
9.961485e-01 9.303320e-04 -8.767832e-02 4.699062e+01 -7.911545e-04 9.999984e-01 1.622129e-03 -2.240374e+00 8.767960e-02 -1.546513e-03 9.961475e-01 7.033016e+00
9.978788e-01 -2.493475e-04 6.509683e-02 4.702881e+01 3.024713e-04 9.999996e-01 -8.061865e-04 -2.242171e+00 -6.509652e-02 8.241651e-04 9.978786e-01 6.711860e+00
9.957623e-01 1.037388e-03 -9.195895e-02 4.710194e+01 -8.806059e-04 9.999981e-01 1.745502e-03 -2.245308e+00 9.196050e-02 -1.657124e-03 9.957613e-01 6.391933e+00
9.970844e-01 -4.724021e-04 7.630468e-02 4.710825e+01 5.730414e-04 9.999990e-01 -1.296999e-03 -2.244296e+00 -7.630391e-02 1.336942e-03 9.970837e-01 5.790448e+00
9.954152e-01 1.158696e-03 -9.564190e-02 4.706280e+01 -9.800537e-04 9.999977e-01 1.914801e-03 -2.241918e+00 9.564380e-02 -1.812287e-03 9.954140e-01 5.224698e+00
9.976454e-01 -3.650188e-04 6.858197e-02 4.711007e+01 4.250536e-04 9.999995e-01 -8.607573e-04 -2.244457e+00 -6.858153e-02 8.878803e-04 9.976451e-01 4.961802e+00
