9.989107e-01 -3.122703e-04 4.666228e-02 4.442725e-02 3.772963e-04 9.999990e-01 -1.384745e-03 -7.839603e-03 -4.666181e-02 1.400842e-03 9.989099e-01 1.529892e-01
9.999947e-01 3.519981e-06 3.255204e-03 1.075252e-01 -3.285852e-06 1.000000e+00 -7.192711e-05 -1.628614e-02 -3.255195e-03 7.191623e-05 9.999946e-01 2.922399e-01
9.988920e-01 -3.234708e-04 4.705961e-02 1.680796e-01 3.896536e-04 9.999989e-01 -1.397196e-03 -2.497350e-02 -4.705913e-02 1.413985e-03 9.988912e-01 4.503832e-01
9.999996e-01 3.871056e-05 -8.999458e-04 2.336293e-01 -3.868136e-05 1.000000e+00 3.242604e-05 -3.374871e-02 8.999663e-04 -3.239131e-05 9.999995e-01 6.334341e-01
9.986881e-01 -3.425381e-04 5.120421e-02 3.054802e-01 4.201333e-04 9.999988e-01 -1.504650e-03 -4.271553e-02 -5.120366e-02 1.524189e-03 9.986872e-01 7.932248e-01
1.000000e+00 4.117631e-05 -2.102634e-04 3.705230e-01 -4.117216e-05 1.000000e+00 1.938915e-05 -5.109590e-02 2.102933e-04 -1.938089e-05 9.999999e-01 9.159937e-01
9.987884e-01 -3.209953e-04 4.921088e-02 4.560466e-01 3.927876e-04 9.999989e-01 -1.449208e-03 -5.971514e-02 -4.921039e-02 1.466782e-03 9.987875e-01 1.030807e+00
9.999883e-01 1.090624e-04 -4.828924e-03 6.027611e-01 -1.083325e-04 1.000000e+00 1.513871e-04 -6.935808e-02 4.828979e-03 -1.508629e-04 9.999882e-01 1.092475e+00
9.987682e-01 -3.594272e-04 4.961898e-02 7.172625e-01 4.332769e-04 9.999988e-01 -1.477592e-03 -7.853328e-02 -4.961843e-02 1.497271e-03 9.987672e-01 1.212745e+00
9.999834e-01 1.007325e-04 -5.755030e-03 8.071373e-01 -9.976324e-05 1.000000e+00 1.686696e-04 -8.714210e-02 5.755093e-03 -1.680936e-04 9.999833e-01 1.353760e+00
9.988382e-01 -2.843049e-04 4.818917e-02 9.805376e-01 3.524604e-04 9.999989e-01 -1.405846e-03 -9.723251e-02 -4.818877e-02 1.421199e-03 9.988373e-01 1.383913e+00
9.999036e-01 9.683351e-05 -1.388391e-02 1.058624e+00 -9.167846e-05 9.999999e-01 3.719064e-04 -1.051458e-01 1.388400e-02 -3.705988e-04 9.999035e-01 1.535745e+00
9.980515e-01 -3.517998e-04 6.239452e-02 1.120591e+00 4.645226e-04 9.999983e-01 -1.792123e-03 -1.137127e-01 -6.239384e-02 1.817616e-03 9.980500e-01 1.687585e+00
9.997861e-01 1.934628e-04 -2.068263e-02 1.244518e+00 -1.812941e-04 9.999998e-01 5.902028e-04 -1.226394e-01 2.068280e-02 -5.863283e-04 9.997858e-01 1.741892e+00
9.979853e-01 -3.769167e-04 6.344436e-02 1.350883e+00 4.947200e-04 9.999982e-01 -1.841104e-03 -1.306136e-01 -6.344362e-02 1.868783e-03 9.979838e-01 1.761854e+00
9.997683e-01 1.683192e-04 -2.152311e-02 1.436623e+00 -1.559443e-04 9.999998e-01 5.766070e-04 -1.382573e-01 2.152327e-02 -5.731186e-04 9.997681e-01 1.822953e+00
9.982263e-01 -3.479476e-04 5.953225e-02 1.470162e+00 4.520170e-04 9.999984e-01 -1.734670e-03 -1.446838e-01 -5.953162e-02 1.758505e-03 9.982250e-01 1.930877e+00
9.992501e-01 5.408714e-04 -3.871571e-02 1.862829e+00 -4.977657e-04 9.999992e-01 1.123000e-03 -1.612708e-01 3.871635e-02 -1.102888e-03 9.992495e-01 2.055153e+00
9.972696e-01 -6.674865e-04 7.384451e-02 2.026412e+00 8.272334e-04 9.999974e-01 -2.132733e-03 -1.713687e-01 -7.384297e-02 2.187999e-03 9.972676e-01 2.184855e+00
9.992767e-01 5.639476e-04 -3.802357e-02 2.141016e+00 -5.228774e-04 9.999993e-01 1.090036e-03 -1.790007e-01 3.802424e-02 -1.069368e-03 9.992762e-01 2.172536e+00
9.973737e-01 -6.606329e-04 7.242488e-02 2.369817e+00 8.133697e-04 9.999975e-01 -2.079438e-03 -1.909349e-01 -7.242340e-02 2.132887e-03 9.973718e-01 2.285863e+00
9.991908e-01 6.874425e-04 -4.021493e-02 2.753248e+00 -6.428423e-04 9.999992e-01 1.121938e-03 -2.076325e-01 4.021574e-02 -1.095181e-03 9.991903e-01 2.428251e+00
9.974488e-01 -6.703718e-04 7.138257e-02 3.196092e+00 8.171167e-04 9.999976e-01 -2.026584e-03 -2.257875e-01 -7.138112e-02 2.079744e-03 9.974470e-01 2.521838e+00
9.991880e-01 6.609817e-04 -4.028355e-02 3.632943e+00 -6.169397e-04 9.999992e-01 1.105690e-03 -2.436766e-01 4.028434e-02 -1.079942e-03 9.991876e-01 2.595360e+00
9.977037e-01 -5.992682e-04 6.772698e-02 4.027540e+00 7.287458e-04 9.999980e-01 -1.887084e-03 -2.603324e-01 -6.772580e-02 1.932109e-03 9.977022e-01 2.736322e+00
9.990846e-01 6.147641e-04 -4.277375e-02 4.451661e+00 -5.658503e-04 9.999992e-01 1.155612e-03 -2.778714e-01 4.277451e-02 -1.130353e-03 9.990840e-01 2.895435e+00
9.988703e-01 -4.524012e-04 4.751871e-02 4.861585e+00 5.176227e-04 9.999989e-01 -1.360272e-03 -2.935461e-01 -4.751813e-02 1.383334e-03 9.988695e-01 3.053613e+00
9.992866e-01 5.395451e-04 -3.776281e-02 5.280845e+00 -5.001482e-04 9.999993e-01 1.052674e-03 -3.100912e-01 3.776344e-02 -1.033038e-03 9.992861e-01 3.236148e+00
9.984518e-01 -4.874263e-04 5.562164e-02 5.743893e+00 5.761684e-04 9.999986e-01 -1.579458e-03 -3.282589e-01 -5.562088e-02 1.609063e-03 9.984507e-01 3.397454e+00
9.994653e-01 4.745602e-04 -3.269274e-02 6.161775e+00 -4.454518e-04 9.999995e-01 8.975953e-04 -3.453662e-01 3.269324e-02 -8.825547e-04 9.994650e-01 3.541930e+00
9.989106e-01 -4.272078e-04 4.666301e-02 6.613299e+00 4.893742e-04 9.999990e-01 -1.320856e-03 -3.625811e-01 -4.666249e-02 1.342255e-03 9.989099e-01 3.622734e+00
9.992133e-01 5.414185e-04 -3.965402e-02 7.076892e+00 -4.987845e-04 9.999993e-01 1.084996e-03 -3.800310e-01 3.965467e-02 -1.064366e-03 9.992128e-01 3.755673e+00
9.988673e-01 -4.075003e-04 4.758236e-02 7.490353e+00 4.724955e-04 9.999990e-01 -1.354742e-03 -3.961247e-01 -4.758185e-02 1.375692e-03 9.988665e-01 3.911600e+00
9.990100e-01 5.337950e-04 -4.448307e-02 7.869305e+00 -4.796185e-04 9.999991e-01 1.228539e-03 -4.107480e-01 4.448378e-02 -1.205990e-03 9.990093e-01 4.042819e+00
9.988603e-01 -4.263115e-04 4.772877e-02 8.267948e+00 4.909143e-04 9.999990e-01 -1.341855e-03 -4.256631e-01 -4.772824e-02 1.363759e-03 9.988595e-01 4.074861e+00
9.988881e-01 5.754840e-04 -4.713998e-02 8.593779e+00 -5.152187e-04 9.999990e-01 1.290538e-03 -4.394497e-01 4.714077e-02 -1.264818e-03 9.988874e-01 4.335031e+00
9.989435e-01 -3.523260e-04 4.595388e-02 9.054002e+00 4.135758e-04 9.999990e-01 -1.323385e-03 -4.566908e-01 -4.595346e-02 1.340995e-03 9.989428e-01 4.503180e+00
9.990520e-01 5.067673e-04 -4.352967e-02 9.450116e+00 -4.547175e-04 9.999992e-01 1.205585e-03 -4.723554e-01 4.353033e-02 -1.184651e-03 9.990513e-01 4.726314e+00
9.987582e-01 -3.478988e-04 4.981891e-02 9.877364e+00 4.179783e-04 9.999989e-01 -1.396302e-03 -4.888785e-01 -4.981846e-02 1.415394e-03 9.987574e-01 4.927500e+00
9.989531e-01 4.896559e-04 -4.574299e-02 1.012719e+01 -4.315705e-04 9.999991e-01 1.279651e-03 -5.015088e-01 4.574366e-02 -1.258573e-03 9.989523e-01 5.290431e+00
9.988592e-01 -3.705401e-04 4.775229e-02 1.036736e+01 4.349296e-04 9.999990e-01 -1.338053e-03 -5.129623e-01 -4.775184e-02 1.357298e-03 9.988584e-01 5.564501e+00
9.991210e-01 4.999825e-04 -4.191452e-02 1.081509e+01 -4.528663e-04 9.999993e-01 1.133548e-03 -5.297312e-01 4.191515e-02 -1.113572e-03 9.991205e-01 5.714636e+00
9.988267e-01 -3.838213e-04 4.842734e-02 1.127377e+01 4.488029e-04 9.999990e-01 -1.331002e-03 -5.466861e-01 -4.842687e-02 1.351177e-03 9.988259e-01 5.775660e+00
9.993437e-01 4.056518e-04 -3.622134e-02 1.153777e+01 -3.683840e-04 9.999994e-01 1.035512e-03 -5.585801e-01 3.622183e-02 -1.021492e-03 9.993432e-01 5.973489e+00
9.986169e-01 -4.053834e-04 5.257633e-02 1.182333e+01 4.817356e-04 9.999988e-01 -1.439581e-03 -5.711002e-01 -5.257578e-02 1.462920e-03 9.986159e-01 6.115802e+00
9.991756e-01 4.939128e-04 -4.059312e-02 1.223788e+01 -4.481547e-04 9.999993e-01 1.136286e-03 -5.870439e-01 4.059374e-02 -1.117160e-03 9.991750e-01 6.223736e+00
9.990281e-01 -3.752112e-04 4.407747e-02 1.255859e+01 4.293489e-04 9.999992e-01 -1.218816e-03 -5.999104e-01 -4.407707e-02 1.236558e-03 9.990274e-01 6.365338e+00
9.992158e-01 4.761148e-04 -3.959139e-02 1.275066e+01 -4.321337e-04 9.999993e-01 1.119382e-03 -6.108177e-01 3.959198e-02 -1.101397e-03 9.992153e-01 6.711585e+00
9.989907e-01 -4.174738e-04 4.491517e-02 1.295634e+01 4.732863e-04 9.999991e-01 -1.232029e-03 -6.205557e-01 -4.491471e-02 1.252046e-03 9.989901e-01 6.894799e+00
9.990677e-01 5.074106e-04 -4.316708e-02 1.328100e+01 -4.568804e-04 9.999992e-01 1.180388e-03 -6.330941e-01 4.316773e-02 -1.159568e-03 9.990671e-01 6.901020e+00
9.990600e-01 -3.955881e-04 4.334733e-02 1.359270e+01 4.477467e-04 9.999992e-01 -1.193609e-03 -6.459277e-01 -4.334691e-02 1.211898e-03 9.990594e-01 7.057580e+00
9.991489e-01 4.775403e-04 -4.124535e-02 1.387841e+01 -4.296669e-04 9.999992e-01 1.169510e-03 -6.568251e-01 4.124597e-02 -1.150795e-03 9.991483e-01 6.942471e+00
9.989218e-01 -3.743383e-04 4.642340e-02 1.427003e+01 4.343399e-04 9.999991e-01 -1.282441e-03 -6.714754e-01 -4.642297e-02 1.301224e-03 9.989211e-01 6.936420e+00
9.993301e-01 4.670651e-04 -3.659430e-02 1.455487e+01 -4.297430e-04 9.999994e-01 1.027695e-03 -6.850132e-01 3.659485e-02 -1.011282e-03 9.993296e-01 7.261762e+00
9.991448e-01 -4.033913e-04 4.134721e-02 1.463777e+01 4.489599e-04 9.999993e-01 -1.092858e-03 -6.942245e-01 -4.134684e-02 1.110489e-03 9.991443e-01 7.696550e+00
9.992234e-01 4.474943e-04 -3.939931e-02 1.455293e+01 -4.054682e-04 9.999993e-01 1.074608e-03 -6.978821e-01 3.939986e-02 -1.057800e-03 9.992229e-01 8.019888e+00
9.987777e-01 -3.632019e-04 4.942756e-02 1.478365e+01 4.293695e-04 9.999990e-01 -1.328102e-03 -7.101785e-01 -4.942712e-02 1.347704e-03 9.987769e-01 8.375998e+00
9.989702e-01 5.116718e-04 -4.536816e-02 1.503372e+01 -4.568865e-04 9.999992e-01 1.217891e-03 -7.224677e-01 4.536884e-02 -1.195912e-03 9.989695e-01 8.710489e+00
9.987626e-01 -3.748588e-04 4.973185e-02 1.531045e+01 4.413381e-04 9.999990e-01 -1.325816e-03 -7.352098e-01 -4.973140e-02 1.346126e-03 9.987618e-01 9.016072e+00
9.990660e-01 4.562100e-04 -4.320602e-02 1.546415e+01 -4.059597e-04 9.999992e-01 1.171761e-03 -7.454794e-01 4.320662e-02 -1.153129e-03 9.990654e-01 9.386910e+00
9.987888e-01 -3.627455e-04 4.920193e-02 1.567000e+01 4.271711e-04 9.999991e-01 -1.298938e-03 -7.560610e-01 -4.920151e-02 1.318385e-03 9.987881e-01 9.669828e+00
9.988595e-01 4.837570e-04 -4.774288e-02 1.592943e+01 -4.246206e-04 9.999991e-01 1.248737e-03 -7.675862e-01 4.774354e-02 -1.227042e-03 9.988588e-01 9.889266e+00
9.987580e-01 -3.409879e-04 4.982432e-02 1.637790e+01 4.085911e-04 9.999990e-01 -1.346687e-03 -7.843858e-01 -4.982391e-02 1.365374e-03 9.987572e-01 9.962312e+00
9.989831e-01 4.747650e-04 -4.508211e-02 1.681761e+01 -4.212791e-04 9.999992e-01 1.195861e-03 -8.006676e-01 4.508274e-02 -1.175655e-03 9.989825e-01 1.002606e+01
9.987836e-01 -3.117188e-04 4.930900e-02 1.724531e+01 3.778849e-04 9.999990e-01 -1.332587e-03 -8.169565e-01 -4.930863e-02 1.349602e-03 9.987827e-01 1.018044e+01
9.991192e-01 4.346159e-04 -4.195845e-02 1.769326e+01 -3.877414e-04 9.999993e-01 1.125248e-03 -8.338612e-01 4.195901e-02 -1.107990e-03 9.991187e-01 1.033538e+01
9.983066e-01 -3.483781e-04 5.817176e-02 1.815890e+01 4.406404e-04 9.999987e-01 -1.573245e-03 -8.517778e-01 -5.817123e-02 1.596216e-03 9.983054e-01 1.047118e+01
9.990977e-01 4.757787e-04 -4.246689e-02 1.864367e+01 -4.287921e-04 9.999993e-01 1.115483e-03 -8.704830e-01 4.246749e-02 -1.096269e-03 9.990972e-01 1.066282e+01
9.987054e-01 -2.998148e-04 5.086749e-02 1.909699e+01 3.698493e-04 9.999990e-01 -1.367432e-03 -8.878361e-01 -5.086712e-02 1.384478e-03 9.987045e-01 1.087710e+01
9.991808e-01 4.394015e-04 -4.046584e-02 1.954968e+01 -3.962579e-04 9.999993e-01 1.074134e-03 -9.051117e-01 4.046638e-02 -1.057222e-03 9.991803e-01 1.105610e+01
9.990052e-01 -2.860303e-04 4.459274e-02 1.994593e+01 3.399985e-04 9.999992e-01 -1.202709e-03 -9.205395e-01 -4.459246e-02 1.216677e-03 9.990046e-01 1.124139e+01
9.991913e-01 4.383986e-04 -4.020660e-02 2.041893e+01 -3.963148e-04 9.999994e-01 1.054598e-03 -9.380863e-01 4.020713e-02 -1.037814e-03 9.991908e-01 1.134885e+01
9.989258e-01 -2.659442e-04 4.633789e-02 2.091378e+01 3.243588e-04 9.999992e-01 -1.253151e-03 -9.565572e-01 -4.633762e-02 1.266837e-03 9.989251e-01 1.152399e+01
9.991872e-01 4.312317e-04 -4.030769e-02 2.147391e+01 -3.898132e-04 9.999994e-01 1.035357e-03 -9.769255e-01 4.030821e-02 -1.018805e-03 9.991867e-01 1.163480e+01
9.987624e-01 -2.315558e-04 4.973604e-02 2.200940e+01 2.974174e-04 9.999991e-01 -1.316866e-03 -9.968426e-01 -4.973579e-02 1.330031e-03 9.987616e-01 1.183297e+01
9.990201e-01 3.995073e-04 -4.425675e-02 2.255528e+01 -3.506148e-04 9.999993e-01 1.112453e-03 -1.016747e+00 4.425726e-02 -1.095848e-03 9.990195e-01 1.193819e+01
9.987469e-01 -2.067883e-04 5.004730e-02 2.314483e+01 2.732279e-04 9.999991e-01 -1.320739e-03 -1.038179e+00 -5.004708e-02 1.332761e-03 9.987460e-01 1.205781e+01
9.989664e-01 4.061957e-04 -4.545280e-02 2.366643e+01 -3.542716e-04 9.999993e-01 1.150374e-03 -1.057504e+00 4.545333e-02 -1.133085e-03 9.989658e-01 1.223182e+01
9.986369e-01 -2.631304e-04 5.219623e-02 2.407489e+01 3.324761e-04 9.999991e-01 -1.319917e-03 -1.073105e+00 -5.219593e-02 1.335475e-03 9.986360e-01 1.236870e+01
9.989167e-01 4.107007e-04 -4.653210e-02 2.454039e+01 -3.579555e-04 9.999993e-01 1.141800e-03 -1.090363e+00 4.653264e-02 -1.123909e-03 9.989161e-01 1.245181e+01
9.988203e-01 -2.635617e-04 4.855956e-02 2.511744e+01 3.266547e-04 9.999991e-01 -1.291402e-03 -1.111146e+00 -4.855927e-02 1.305743e-03 9.988195e-01 1.246658e+01
9.987958e-01 3.806491e-04 -4.905926e-02 2.548745e+01 -3.197583e-04 9.999992e-01 1.248963e-03 -1.125530e+00 4.905980e-02 -1.231774e-03 9.987950e-01 1.256341e+01
9.987974e-01 -2.335623e-04 4.902782e-02 2.581505e+01 2.959368e-04 9.999992e-01 -1.265013e-03 -1.139256e+00 -4.902758e-02 1.278004e-03 9.987967e-01 1.279211e+01
9.989555e-01 3.258197e-04 -4.569247e-02 2.607302e+01 -2.717003e-04 9.999993e-01 1.190581e-03 -1.150292e+00 4.569293e-02 -1.176925e-03 9.989548e-01 1.293908e+01
9.988697e-01 -2.197516e-04 4.753215e-02 2.640921e+01 2.803267e-04 9.999992e-01 -1.267784e-03 -1.163378e+00 -4.753193e-02 1.279678e-03 9.988690e-01 1.300375e+01
9.989025e-01 3.511155e-04 -4.683632e-02 2.677988e+01 -2.943744e-04 9.999992e-01 1.218318e-03 -1.178078e+00 4.683681e-02 -1.203196e-03 9.989018e-01 1.317237e+01
9.988300e-01 -2.366226e-04 4.835941e-02 2.709496e+01 2.974384e-04 9.999992e-01 -1.250431e-03 -1.190670e+00 -4.835917e-02 1.263354e-03 9.988293e-01 1.324681e+01
9.989481e-01 3.559061e-04 -4.585275e-02 2.754384e+01 -3.048673e-04 9.999993e-01 1.120039e-03 -1.207410e+00 4.585322e-02 -1.104885e-03 9.989475e-01 1.330754e+01
9.987001e-01 -1.980756e-04 5.097182e-02 2.791920e+01 2.616946e-04 9.999992e-01 -1.241492e-03 -1.222133e+00 -5.097164e-02 1.253220e-03 9.986994e-01 1.347054e+01
9.989131e-01 3.139369e-04 -4.660845e-02 2.818934e+01 -2.610737e-04 9.999993e-01 1.140229e-03 -1.234202e+00 4.660888e-02 -1.126824e-03 9.989125e-01 1.371241e+01
9.985117e-01 -2.104586e-04 5.453888e-02 2.853445e+01 2.834519e-04 9.999991e-01 -1.330677e-03 -1.248460e+00 -5.453865e-02 1.344158e-03 9.985108e-01 1.392862e+01
9.987307e-01 3.086607e-04 -5.036595e-02 2.885024e+01 -2.472466e-04 9.999992e-01 1.225537e-03 -1.260604e+00 5.036639e-02 -1.211531e-03 9.987300e-01 1.394753e+01
9.986799e-01 -2.071067e-04 5.136554e-02 2.905417e+01 2.704012e-04 9.999992e-01 -1.225332e-03 -1.270048e+00 -5.136535e-02 1.237607e-03 9.986792e-01 1.409204e+01
9.987422e-01 2.762892e-04 -5.013844e-02 2.912098e+01 -2.142944e-04 9.999992e-01 1.241797e-03 -1.276186e+00 5.013884e-02 -1.229494e-03 9.987414e-01 1.430408e+01
9.986985e-01 -1.852762e-04 5.100316e-02 2.947279e+01 2.515947e-04 9.999991e-01 -1.293908e-03 -1.289415e+00 -5.100297e-02 1.305059e-03 9.986977e-01 1.421845e+01
9.989096e-01 3.318725e-04 -4.668391e-02 2.987799e+01 -2.782039e-04 9.999993e-01 1.156059e-03 -1.304783e+00 4.668435e-02 -1.141814e-03 9.989090e-01 1.431588e+01
9.986274e-01 -1.940739e-04 5.237778e-02 3.020785e+01 2.625877e-04 9.999991e-01 -1.301233e-03 -1.318338e+00 -5.237758e-02 1.313203e-03 9.986265e-01 1.452977e+01
9.989673e-01 2.953034e-04 -4.543286e-02 3.051075e+01 -2.431202e-04 9.999993e-01 1.154047e-03 -1.330789e+00 4.543327e-02 -1.141812e-03 9.989667e-01 1.466881e+01
9.985051e-01 -1.999566e-04 5.465914e-02 3.088180e+01 2.759475e-04 9.999990e-01 -1.382765e-03 -1.345339e+00 -5.465891e-02 1.395784e-03 9.985042e-01 1.477215e+01
9.987497e-01 3.664761e-04 -4.998825e-02 3.134970e+01 -3.062218e-04 9.999992e-01 1.212974e-03 -1.362827e+00 4.998876e-02 -1.196152e-03 9.987490e-01 1.489661e+01
9.983994e-01 -1.884764e-04 5.655640e-02 3.179989e+01 2.670476e-04 9.999990e-01 -1.381737e-03 -1.379747e+00 -5.655618e-02 1.394631e-03 9.983985e-01 1.503206e+01
9.988970e-01 3.025585e-04 -4.695372e-02 3.217554e+01 -2.490589e-04 9.999993e-01 1.145207e-03 -1.394322e+00 4.695413e-02 -1.132252e-03 9.988964e-01 1.513439e+01
9.986766e-01 -1.326681e-04 5.142974e-02 3.256358e+01 1.989770e-04 9.999992e-01 -1.284236e-03 -1.409696e+00 -5.142962e-02 1.292773e-03 9.986758e-01 1.535296e+01
9.989023e-01 2.395187e-04 -4.683955e-02 3.283434e+01 -1.851664e-04 9.999993e-01 1.164677e-03 -1.421260e+00 4.683990e-02 -1.154728e-03 9.989017e-01 1.552398e+01
9.987423e-01 -1.042185e-04 5.013870e-02 3.311634e+01 1.674986e-04 9.999992e-01 -1.257946e-03 -1.433536e+00 -5.013863e-02 1.264764e-03 9.987415e-01 1.576185e+01
9.990185e-01 2.756190e-04 -4.429341e-02 3.347938e+01 -2.268508e-04 9.999994e-01 1.105994e-03 -1.448016e+00 4.429379e-02 -1.094863e-03 9.990179e-01 1.597363e+01
9.982793e-01 -2.776192e-04 5.863811e-02 3.371376e+01 3.637352e-04 9.999989e-01 -1.457972e-03 -1.459378e+00 -5.863774e-02 1.476795e-03 9.982783e-01 1.620848e+01
9.988445e-01 4.188701e-04 -4.805600e-02 3.398110e+01 -3.614029e-04 9.999992e-01 1.204466e-03 -1.471720e+00 4.805657e-02 -1.185709e-03 9.988439e-01 1.645407e+01
9.988689e-01 -2.653660e-04 4.754849e-02 3.427948e+01 3.214423e-04 9.999993e-01 -1.171756e-03 -1.485210e+00 -4.754824e-02 1.185717e-03 9.988683e-01 1.675061e+01
9.989689e-01 4.329685e-04 -4.539585e-02 3.466480e+01 -3.842433e-04 9.999993e-01 1.082006e-03 -1.500629e+00 4.539639e-02 -1.063450e-03 9.989684e-01 1.697470e+01
9.985521e-01 -3.221545e-04 5.379253e-02 3.501349e+01 3.911066e-04 9.999991e-01 -1.271337e-03 -1.515026e+00 -5.379217e-02 1.290537e-03 9.985514e-01 1.721236e+01
9.989559e-01 4.556419e-04 -4.568178e-02 3.539417e+01 -4.080261e-04 9.999994e-01 1.051599e-03 -1.530038e+00 4.568233e-02 -1.031864e-03 9.989554e-01 1.740853e+01
9.985390e-01 -3.054171e-04 5.403667e-02 3.590392e+01 3.747602e-04 9.999991e-01 -1.273176e-03 -1.548574e+00 -5.403633e-02 1.291569e-03 9.985382e-01 1.748408e+01
9.992731e-01 3.684159e-04 -3.811961e-02 3.621265e+01 -3.362201e-04 9.999996e-01 8.509392e-04 -1.562061e+00 3.812001e-02 -8.375066e-04 9.992728e-01 1.771006e+01
9.989991e-01 -2.675385e-04 4.473099e-02 3.647485e+01 3.134704e-04 9.999994e-01 -1.019890e-03 -1.574373e+00 -4.473079e-02 1.032894e-03 9.989986e-01 1.799882e+01
9.991988e-01 4.069539e-04 -4.001856e-02 3.679288e+01 -3.711702e-04 9.999995e-01 9.015362e-04 -1.587961e+00 4.001901e-02 -8.859626e-04 9.991985e-01 1.825830e+01
9.986508e-01 -4.122254e-04 5.192833e-02 3.706690e+01 4.731342e-04 9.999992e-01 -1.160699e-03 -1.599701e+00 -5.192791e-02 1.183705e-03 9.986502e-01 1.840757e+01
9.993399e-01 4.231488e-04 -3.632586e-02 3.734090e+01 -3.953598e-04 9.999996e-01 7.720966e-04 -1.611836e+00 3.632628e-02 -7.572277e-04 9.993396e-01 1.856914e+01
9.986915e-01 -4.102170e-04 5.114011e-02 3.768718e+01 4.687232e-04 9.999992e-01 -1.132100e-03 -1.625497e+00 -5.113971e-02 1.154592e-03 9.986909e-01 1.863438e+01
9.989389e-01 5.326288e-04 -4.605086e-02 3.799688e+01 -4.863800e-04 9.999994e-01 1.015435e-03 -1.638307e+00 4.605148e-02 -9.919614e-04 9.989385e-01 1.882337e+01
9.985046e-01 -4.551516e-04 5.466765e-02 3.831257e+01 5.210939e-04 9.999992e-01 -1.192040e-03 -1.650973e+00 -5.466716e-02 1.218747e-03 9.985039e-01 1.892994e+01
9.990014e-01 5.412546e-04 -4.467425e-02 3.876745e+01 -5.005254e-04 9.999994e-01 9.228085e-04 -1.667606e+00 4.467483e-02 -8.995288e-04 9.990011e-01 1.890050e+01
9.986215e-01 -3.916615e-04 5.248842e-02 3.931899e+01 4.516369e-04 9.999993e-01 -1.130835e-03 -1.687373e+00 -5.248804e-02 1.152984e-03 9.986209e-01 1.891343e+01
9.990712e-01 5.247177e-04 -4.308442e-02 3.983764e+01 -4.876637e-04 9.999995e-01 8.704724e-04 -1.706367e+00 4.308496e-02 -8.486557e-04 9.990710e-01 1.901374e+01
9.988509e-01 -3.869204e-04 4.792478e-02 4.035310e+01 4.375144e-04 9.999994e-01 -1.045266e-03 -1.725074e+00 -4.792444e-02 1.065035e-03 9.988504e-01 1.905925e+01
9.991239e-01 5.133002e-04 -4.184550e-02 4.077961e+01 -4.768413e-04 9.999995e-01 8.811828e-04 -1.741102e+00 4.184603e-02 -8.604596e-04 9.991237e-01 1.917015e+01
9.991314e-01 -4.793227e-04 4.166946e-02 4.098262e+01 5.168925e-04 9.999995e-01 -8.909106e-04 -1.750176e+00 -4.166911e-02 9.116779e-04 9.991311e-01 1.920676e+01
9.990887e-01 5.080933e-04 -4.267672e-02 4.128927e+01 -4.722108e-04 9.999995e-01 8.508064e-04 -1.761886e+00 4.267723e-02 -8.298812e-04 9.990885e-01 1.912216e+01
9.991582e-01 -4.432990e-04 4.102239e-02 4.173236e+01 4.821731e-04 9.999994e-01 -9.378073e-04 -1.777756e+00 -4.102205e-02 9.568003e-04 9.991578e-01 1.900662e+01
9.990730e-01 4.617591e-04 -4.304526e-02 4.195903e+01 -4.206387e-04 9.999994e-01 9.642670e-04 -1.786275e+00 4.304578e-02 -9.452690e-04 9.990726e-01 1.882414e+01
9.991601e-01 -4.485757e-04 4.097478e-02 4.213022e+01 4.861438e-04 9.999995e-01 -9.069667e-04 -1.792950e+00 -4.097445e-02 9.261271e-04 9.991598e-01 1.866445e+01
9.990899e-01 4.406362e-04 -4.265095e-02 4.213285e+01 -4.006617e-04 9.999995e-01 9.457234e-04 -1.794234e+00 4.265144e-02 -9.277765e-04 9.990895e-01 1.852715e+01
9.991754e-01 -4.312450e-04 4.060044e-02 4.233801e+01 4.683043e-04 9.999995e-01 -9.033408e-04 -1.802177e+00 -4.060013e-02 9.216119e-04 9.991751e-01 1.838261e+01
9.990534e-01 4.865461e-04 -4.349653e-02 4.265146e+01 -4.493912e-04 9.999995e-01 8.639100e-04 -1.813918e+00 4.349703e-02 -8.435478e-04 9.990532e-01 1.830680e+01
9.991962e-01 -4.104364e-04 4.008546e-02 4.290396e+01 4.447147e-04 9.999995e-01 -8.462835e-04 -1.823550e+00 -4.008519e-02 8.634324e-04 9.991959e-01 1.820458e+01
9.991686e-01 4.369035e-04 -4.076627e-02 4.318653e+01 -4.040171e-04 9.999996e-01 8.148705e-04 -1.834623e+00 4.076671e-02 -7.977253e-04 9.991683e-01 1.815092e+01
9.992784e-01 -4.237178e-04 3.798271e-02 4.346454e+01 4.555077e-04 9.999996e-01 -8.283790e-04 -1.845279e+00 -3.798244e-02 8.450852e-04 9.992781e-01 1.808448e+01
9.990103e-01 5.766840e-04 -4.447435e-02 4.377718e+01 -5.364784e-04 9.999994e-01 9.158832e-04 -1.857038e+00 4.447495e-02 -8.911197e-04 9.990101e-01 1.804218e+01
9.991671e-01 -4.853399e-04 4.080369e-02 4.399718e+01 5.203271e-04 9.999995e-01 -8.469011e-04 -1.866794e+00 -4.080336e-02 8.674295e-04 9.991669e-01 1.818109e+01
9.992088e-01 6.137771e-04 -3.976440e-02 4.443626e+01 -5.836293e-04 9.999995e-01 7.696947e-04 -1.883661e+00 3.976496e-02 -7.458805e-04 9.992087e-01 1.835038e+01
9.990548e-01 -4.235628e-04 4.346691e-02 4.494262e+01 4.642534e-04 9.999995e-01 -9.261000e-04 -1.902858e+00 -4.346660e-02 9.454069e-04 9.990545e-01 1.860406e+01
9.991298e-01 5.974536e-04 -4.170387e-02 4.543451e+01 -5.634818e-04 9.999995e-01 8.262766e-04 -1.921421e+00 4.170445e-02 -8.020607e-04 9.991296e-01 1.882108e+01
9.990932e-01 -4.690881e-04 4.257532e-02 4.592376e+01 5.083186e-04 9.999995e-01 -9.106775e-04 -1.939669e+00 -4.257497e-02 9.314961e-04 9.990929e-01 1.896740e+01
9.991326e-01 6.162342e-04 -4.163599e-02 4.651695e+01 -5.834541e-04 9.999995e-01 7.993809e-04 -1.961151e+00 4.163656e-02 -7.743973e-04 9.991325e-01 1.910485e+01
9.990338e-01 -4.725026e-04 4.394623e-02 4.710904e+01 5.147917e-04 9.999994e-01 -9.510423e-04 -1.982603e+00 -4.394586e-02 9.727492e-04 9.990335e-01 1.920241e+01
9.993515e-01 5.662024e-04 -3.600127e-02 4.766572e+01 -5.422720e-04 9.999996e-01 6.743917e-04 -2.002325e+00 3.600173e-02 -6.544344e-04 9.993515e-01 1.919228e+01
9.992136e-01 -4.238624e-04 3.965027e-02 4.817508e+01 4.570338e-04 9.999996e-01 -8.276084e-04 -2.021158e+00 -3.965001e-02 8.450817e-04 9.992133e-01 1.934896e+01
9.993928e-01 4.776681e-04 -3.483841e-02 4.848694e+01 -4.531977e-04 9.999996e-01 7.102056e-04 -2.033278e+00 3.483883e-02 -6.939881e-04 9.993927e-01 1.940377e+01
9.993322e-01 -4.317266e-04 3.653958e-02 4.875190e+01 4.602113e-04 9.999996e-01 -7.712235e-04 -2.043816e+00 -3.653933e-02 7.875269e-04 9.993320e-01 1.942135e+01
9.995239e-01 4.787920e-04 -3.084937e-02 4.908228e+01 -4.595390e-04 9.999997e-01 6.310892e-04 -2.056988e+00 3.084976e-02 -6.166147e-04 9.995238e-01 1.951384e+01
9.989025e-01 -4.857310e-04 4.683602e-02 4.944006e+01 5.354793e-04 9.999993e-01 -1.049698e-03 -2.071144e+00 -4.683558e-02 1.073629e-03 9.989021e-01 1.956769e+01
9.996704e-01 4.468107e-04 -2.566664e-02 4.978228e+01 -4.352109e-04 9.999998e-01 4.574063e-04 -2.085530e+00 2.566694e-02 -4.460877e-04 9.996704e-01 1.965235e+01
9.990385e-01 -4.283482e-04 4.384129e-02 5.013576e+01 4.701163e-04 9.999994e-01 -9.424711e-04 -2.100347e+00 -4.384096e-02 9.621779e-04 9.990381e-01 1.982920e+01
9.996265e-01 4.054987e-04 -2.732293e-02 5.050865e+01 -3.919283e-04 9.999998e-01 5.019101e-04 -2.115328e+00 2.732322e-02 -4.910165e-04 9.996265e-01 1.993186e+01
9.989394e-01 -3.857835e-04 4.604363e-02 5.094087e+01 4.336443e-04 9.999994e-01 -1.029548e-03 -2.132188e+00 -4.604330e-02 1.048425e-03 9.989389e-01 2.000405e+01
9.992351e-01 4.700756e-04 -3.910121e-02 5.141800e+01 -4.397724e-04 9.999996e-01 7.835100e-04 -2.149655e+00 3.910166e-02 -7.657175e-04 9.992349e-01 2.005993e+01
9.991190e-01 -3.650304e-04 4.196703e-02 5.184546e+01 4.033492e-04 9.999995e-01 -9.046763e-04 -2.165708e+00 -4.196677e-02 9.208092e-04 9.991186e-01 2.014639e+01
9.998572e-01 2.862065e-04 -1.689292e-02 5.234299e+01 -2.834256e-04 9.999999e-01 1.668228e-04 -2.185058e+00 1.689307e-02 -1.620135e-04 9.998573e-01 2.025378e+01
9.989058e-01 -3.460134e-04 4.676764e-02 5.276620e+01 3.953032e-04 9.999994e-01 -1.044754e-03 -2.202264e+00 -4.676735e-02 1.062100e-03 9.989053e-01 2.032644e+01
9.994631e-01 3.913751e-04 -3.276118e-02 5.311455e+01 -3.695259e-04 9.999997e-01 6.728749e-04 -2.216546e+00 3.276153e-02 -6.604100e-04 9.994629e-01 2.049898e+01
9.993280e-01 -2.767308e-04 3.665400e-02 5.361063e+01 3.084425e-04 9.999996e-01 -8.596004e-04 -2.235068e+00 -3.665384e-02 8.703309e-04 9.993277e-01 2.064563e+01
9.993120e-01 4.264272e-04 -3.708353e-02 5.425255e+01 -3.986947e-04 9.999996e-01 7.551386e-04 -2.258030e+00 3.708394e-02 -7.398365e-04 9.993118e-01 2.072533e+01
9.994333e-01 -2.656715e-04 3.366062e-02 5.481371e+01 2.919292e-04 9.999997e-01 -7.752542e-04 -2.278229e+00 -3.366050e-02 7.846439e-04 9.994331e-01 2.080373e+01
9.994441e-01 4.487461e-04 -3.333431e-02 5.547933e+01 -4.283228e-04 9.999997e-01 6.197191e-04 -2.301778e+00 3.333467e-02 -6.050992e-04 9.994440e-01 2.086605e+01
9.993445e-01 -2.582533e-04 3.620328e-02 5.633613e+01 2.886509e-04 9.999996e-01 -8.345020e-04 -2.331507e+00 -3.620315e-02 8.444075e-04 9.993441e-01 2.094277e+01
9.994967e-01 4.824559e-04 -3.171715e-02 5.696559e+01 -4.628017e-04 9.999997e-01 6.269035e-04 -2.354566e+00 3.171754e-02 -6.119117e-04 9.994967e-01 2.121801e+01
9.994627e-01 -3.511313e-04 3.277644e-02 5.733453e+01 3.740700e-04 9.999997e-01 -6.938216e-04 -2.369874e+00 -3.277628e-02 7.057120e-04 9.994625e-01 2.149912e+01
9.993582e-01 4.809849e-04 -3.581544e-02 5.770606e+01 -4.543714e-04 9.999996e-01 7.511137e-04 -2.384639e+00 3.581589e-02 -7.343605e-04 9.993581e-01 2.171019e+01
9.994404e-01 -3.381091e-04 3.345006e-02 5.801331e+01 3.611519e-04 9.999997e-01 -6.829276e-04 -2.397967e+00 -3.344992e-02 6.946284e-04 9.994402e-01 2.197882e+01
9.994139e-01 5.340244e-04 -3.422581e-02 5.855976e+01 -5.124285e-04 9.999997e-01 6.396556e-04 -2.418364e+00 3.422624e-02 -6.217448e-04 9.994139e-01 2.220906e+01
9.994834e-01 -3.654553e-04 3.213806e-02 5.907823e+01 3.859930e-04 9.999997e-01 -6.329440e-04 -2.437650e+00 -3.213792e-02 6.450246e-04 9.994833e-01 2.241045e+01
9.993868e-01 5.137115e-04 -3.501039e-02 5.939615e+01 -4.881504e-04 9.999996e-01 7.385490e-04 -2.451792e+00 3.501085e-02 -7.210082e-04 9.993866e-01 2.275473e+01
9.995207e-01 -3.307862e-04 3.095757e-02 5.977204e+01 3.497720e-04 9.999998e-01 -6.079750e-04 -2.467210e+00 -3.095745e-02 6.185141e-04 9.995206e-01 2.304414e+01
9.994043e-01 4.909105e-04 -3.450721e-02 6.021825e+01 -4.693128e-04 9.999997e-01 6.338924e-04 -2.484041e+00 3.450761e-02 -6.173225e-04 9.994042e-01 2.318516e+01
9.994694e-01 -3.498338e-04 3.257174e-02 6.076672e+01 3.715197e-04 9.999997e-01 -6.598354e-04 -2.504090e+00 -3.257160e-02 6.715888e-04 9.994692e-01 2.331060e+01
9.994704e-01 5.603166e-04 -3.253560e-02 6.133163e+01 -5.404621e-04 9.999997e-01 6.189309e-04 -2.525168e+00 3.253604e-02 -6.010212e-04 9.994703e-01 2.355761e+01
9.995212e-01 -4.213105e-04 3.094198e-02 6.165618e+01 4.391303e-04 9.999997e-01 -5.692192e-04 -2.539499e+00 -3.094183e-02 5.825366e-04 9.995211e-01 2.388827e+01
9.994673e-01 5.285973e-04 -3.262929e-02 6.191035e+01 -5.083861e-04 9.999997e-01 6.276133e-04 -2.551745e+00 3.262971e-02 -6.106930e-04 9.994673e-01 2.423119e+01
9.995348e-01 -4.313904e-04 3.049716e-02 6.206954e+01 4.466870e-04 9.999998e-01 -4.948634e-04 -2.563202e+00 -3.049703e-02 5.082583e-04 9.995348e-01 2.471620e+01
9.994796e-01 5.764965e-04 -3.224996e-02 6.233855e+01 -5.584542e-04 9.999997e-01 5.683550e-04 -2.576731e+00 3.225037e-02 -5.500514e-04 9.994796e-01 2.513897e+01
9.995549e-01 -4.614299e-04 2.983000e-02 6.258159e+01 4.758171e-04 9.999998e-01 -4.753108e-04 -2.589280e+00 -2.982987e-02 4.892953e-04 9.995549e-01 2.553615e+01
9.994875e-01 5.954955e-04 -3.200479e-02 6.282410e+01 -5.773196e-04 9.999997e-01 5.770498e-04 -2.602245e+00 3.200522e-02 -5.582794e-04 9.994875e-01 2.597401e+01
9.995534e-01 -4.784802e-04 2.988272e-02 6.302366e+01 4.922229e-04 9.999998e-01 -4.526343e-04 -2.614723e+00 -2.988259e-02 4.671435e-04 9.995533e-01 2.646673e+01
9.992435e-01 7.269503e-04 -3.888258e-02 6.326374e+01 -6.976340e-04 9.999995e-01 7.674508e-04 -2.626678e+00 3.888321e-02 -7.397467e-04 9.992435e-01 2.683170e+01
9.994328e-01 -5.599677e-04 3.367245e-02 6.344920e+01 5.771318e-04 9.999997e-01 -5.001076e-04 -2.638005e+00 -3.367226e-02 5.192598e-04 9.994328e-01 2.726056e+01
9.991471e-01 7.629160e-04 -4.128328e-02 6.363249e+01 -7.306738e-04 9.999994e-01 7.960077e-04 -2.648563e+00 4.128396e-02 -7.651665e-04 9.991471e-01 2.763096e+01
9.996308e-01 -3.411445e-04 2.717107e-02 6.383497e+01 3.478521e-04 9.999999e-01 -2.422454e-04 -2.659064e+00 -2.717108e-02 2.516099e-04 9.996308e-01 2.794379e+01
9.991329e-01 7.584483e-04 -4.162584e-02 6.400716e+01 -7.255698e-04 9.999994e-01 8.048897e-04 -2.669045e+00 4.162653e-02 -7.739916e-04 9.991329e-01 2.827861e+01
9.996333e-01 -3.220350e-04 2.707786e-02 6.418798e+01 3.282483e-04 9.999999e-01 -2.251164e-04 -2.679173e+00 -2.707789e-02 2.339245e-04 9.996333e-01 2.860805e+01
9.989795e-01 9.636439e-04 -4.515415e-02 6.439074e+01 -9.188189e-04 9.999991e-01 1.013394e-03 -2.689976e+00 4.515518e-02 -9.708732e-04 9.989795e-01 2.895680e+01
9.997276e-01 -3.847590e-04 2.333976e-02 6.453792e+01 3.874918e-04 9.999999e-01 -1.126730e-04 -2.699016e+00 -2.333981e-02 1.216885e-04 9.997276e-01 2.925515e+01
9.990562e-01 1.054467e-03 -4.342268e-02 6.478461e+01 -1.014284e-03 9.999990e-01 9.473504e-04 -2.710528e+00 4.342374e-02 -9.024154e-04 9.990563e-01 2.953155e+01
9.996948e-01 -4.666271e-04 2.470249e-02 6.505248e+01 4.710400e-04 9.999999e-01 -1.729201e-04 -2.722670e+00 -2.470251e-02 1.845053e-04 9.996949e-01 2.980237e+01
9.994386e-01 7.986434e-04 -3.349230e-02 6.539916e+01 -7.825505e-04 9.999996e-01 4.935276e-04 -2.737235e+00 3.349278e-02 -4.670432e-04 9.994388e-01 3.009033e+01
9.995672e-01 -6.706466e-04 2.941282e-02 6.571137e+01 6.819836e-04 9.999997e-01 -3.754943e-04 -2.750408e+00 -2.941266e-02 3.953930e-04 9.995673e-01 3.032600e+01
9.994610e-01 7.705159e-04 -3.281730e-02 6.606721e+01 -7.564936e-04 9.999996e-01 4.396234e-04 -2.764363e+00 3.281773e-02 -4.145624e-04 9.994612e-01 3.047404e+01
9.995611e-01 -5.986549e-04 2.962006e-02 6.650500e+01 6.091967e-04 9.999998e-01 -3.469555e-04 -2.781216e+00 -2.961995e-02 3.648498e-04 9.995612e-01 3.069131e+01
9.995733e-01 7.731763e-04 -2.919630e-02 6.698536e+01 -7.644783e-04 9.999997e-01 3.089937e-04 -2.799916e+00 2.919663e-02 -2.865440e-04 9.995736e-01 3.097058e+01
9.995404e-01 -5.854599e-04 3.030981e-02 6.764892e+01 5.982805e-04 9.999997e-01 -4.139932e-04 -2.823822e+00 -3.030966e-02 4.319388e-04 9.995405e-01 3.115008e+01
9.995986e-01 7.651941e-04 -2.831752e-02 6.840718e+01 -7.580490e-04 9.999997e-01 2.629718e-04 -2.850541e+00 2.831781e-02 -2.414022e-04 9.995989e-01 3.127307e+01
9.994317e-01 -5.882549e-04 3.370379e-02 6.902226e+01 6.041230e-04 9.999997e-01 -4.606963e-04 -2.872677e+00 -3.370361e-02 4.807979e-04 9.994318e-01 3.144688e+01
9.995649e-01 7.902015e-04 -2.948405e-02 6.958365e+01 -7.817078e-04 9.999996e-01 2.995226e-04 -2.893357e+00 2.948438e-02 -2.763464e-04 9.995652e-01 3.166798e+01
9.994610e-01 -5.918793e-04 3.282499e-02 7.001751e+01 6.051804e-04 9.999997e-01 -3.953495e-04 -2.910728e+00 -3.282485e-02 4.150035e-04 9.994611e-01 3.197560e+01
9.994892e-01 7.536081e-04 -3.194911e-02 7.046026e+01 -7.422991e-04 9.999997e-01 3.657554e-04 -2.928093e+00 3.194947e-02 -3.418548e-04 9.994894e-01 3.221464e+01
9.994759e-01 -6.305143e-04 3.236598e-02 7.092682e+01 6.435381e-04 9.999997e-01 -3.920462e-04 -2.945803e+00 -3.236582e-02 4.126716e-04 9.994761e-01 3.237955e+01
9.995354e-01 7.632581e-04 -3.046850e-02 7.126398e+01 -7.528604e-04 9.999997e-01 3.526553e-04 -2.960073e+00 3.046886e-02 -3.295550e-04 9.995356e-01 3.265716e+01
9.995186e-01 -5.694008e-04 3.102049e-02 7.172779e+01 5.819396e-04 9.999998e-01 -3.952560e-04 -2.978736e+00 -3.102035e-02 4.131199e-04 9.995187e-01 3.299566e+01
9.994889e-01 7.869292e-04 -3.195693e-02 7.233336e+01 -7.751847e-04 9.999996e-01 3.798239e-04 -3.001127e+00 3.195732e-02 -3.548593e-04 9.994891e-01 3.326734e+01
9.993616e-01 -6.185447e-04 3.572161e-02 7.278496e+01 6.375070e-04 9.999997e-01 -5.195104e-04 -3.018497e+00 -3.572138e-02 5.419536e-04 9.993617e-01 3.348626e+01
9.995521e-01 6.843079e-04 -2.991720e-02 7.314640e+01 -6.733829e-04 9.999997e-01 3.751688e-04 -3.032426e+00 2.991755e-02 -3.548570e-04 9.995523e-01 3.356649e+01
9.993964e-01 -5.765457e-04 3.473606e-02 7.341509e+01 5.937865e-04 9.999997e-01 -4.860904e-04 -3.044655e+00 -3.473587e-02 5.064249e-04 9.993964e-01 3.386608e+01
9.994690e-01 6.818209e-04 -3.257549e-02 7.364354e+01 -6.689377e-04 9.999997e-01 4.063101e-04 -3.056267e+00 3.257586e-02 -3.843054e-04 9.994691e-01 3.419477e+01
9.992897e-01 -5.244525e-04 3.768232e-02 7.405571e+01 5.462569e-04 9.999997e-01 -5.684042e-04 -3.072661e+00 -3.768211e-02 5.885868e-04 9.992896e-01 3.446754e+01
9.994046e-01 6.776810e-04 -3.449361e-02 7.437902e+01 -6.615719e-04 9.999997e-01 4.783603e-04 -3.086819e+00 3.449403e-02 -4.552575e-04 9.994048e-01 3.478805e+01
9.993832e-01 -5.675110e-04 3.511278e-02 7.482320e+01 5.855345e-04 9.999997e-01 -5.030871e-04 -3.103883e+00 -3.511258e-02 5.233386e-04 9.993833e-01 3.494195e+01
9.993556e-01 6.246874e-04 -3.588604e-02 7.503573e+01 -6.060056e-04 9.999997e-01 5.313948e-04 -3.113941e+00 3.588646e-02 -5.093072e-04 9.993557e-01 3.516790e+01
9.993877e-01 -5.731975e-04 3.498639e-02 7.523455e+01 5.910540e-04 9.999997e-01 -5.001067e-04 -3.123595e+00 -3.498619e-02 5.204813e-04 9.993877e-01 3.539031e+01
9.993599e-01 6.620151e-04 -3.576733e-02 7.556633e+01 -6.440100e-04 9.999997e-01 5.148473e-04 -3.137176e+00 3.576776e-02 -4.914852e-04 9.993600e-01 3.558406e+01
9.993531e-01 -5.658079e-04 3.596076e-02 7.574306e+01 5.833002e-04 9.999997e-01 -4.760005e-04 -3.147752e+00 -3.596058e-02 4.966705e-04 9.993531e-01 3.594546e+01
9.993213e-01 6.649347e-04 -3.682884e-02 7.602006e+01 -6.461569e-04 9.999997e-01 5.217014e-04 -3.160371e+00 3.682927e-02 -4.975521e-04 9.993214e-01 3.622786e+01
9.993196e-01 -5.858140e-04 3.688079e-02 7.642279e+01 6.070299e-04 9.999997e-01 -5.641224e-04 -3.175924e+00 -3.688054e-02 5.861283e-04 9.993196e-01 3.632342e+01
9.993733e-01 6.806302e-04 -3.539107e-02 7.674571e+01 -6.618924e-04 9.999996e-01 5.410967e-04 -3.189122e+00 3.539152e-02 -5.173345e-04 9.993733e-01 3.647726e+01
9.993612e-01 -6.120808e-04 3.573418e-02 7.714259e+01 6.335019e-04 9.999996e-01 -5.881998e-04 -3.204656e+00 -3.573390e-02 6.104637e-04 9.993612e-01 3.657966e+01
9.993015e-01 7.097994e-04 -3.736246e-02 7.757927e+01 -6.878033e-04 9.999996e-01 6.015076e-04 -3.221271e+00 3.736297e-02 -5.753913e-04 9.993016e-01 3.673904e+01
9.994159e-01 -5.253758e-04 3.417010e-02 7.808689e+01 5.447444e-04 9.999997e-01 -5.575884e-04 -3.240314e+00 -3.416990e-02 5.758787e-04 9.994159e-01 3.697483e+01
9.993099e-01 6.706856e-04 -3.713572e-02 7.857427e+01 -6.491325e-04 9.999996e-01 5.923779e-04 -3.258417e+00 3.713620e-02 -5.678650e-04 9.993100e-01 3.715526e+01
9.993985e-01 -6.188205e-04 3.467549e-02 7.908740e+01 6.412648e-04 9.999996e-01 -6.362130e-04 -3.276765e+00 -3.467518e-02 6.580685e-04 9.993985e-01 3.710943e+01
9.992798e-01 6.380920e-04 -3.793808e-02 7.957714e+01 -6.165738e-04 9.999996e-01 5.788288e-04 -3.293245e+00 3.793853e-02 -5.550222e-04 9.992799e-01 3.678784e+01
9.994585e-01 -5.326546e-04 3.290038e-02 8.002771e+01 5.493658e-04 9.999997e-01 -4.989637e-04 -3.307775e+00 -3.290021e-02 5.167699e-04 9.994586e-01 3.637728e+01
9.992173e-01 6.582879e-04 -3.954960e-02 8.049160e+01 -6.374340e-04 9.999997e-01 5.398336e-04 -3.323789e+00 3.955004e-02 -5.142028e-04 9.992174e-01 3.620514e+01
9.995559e-01 -4.150154e-04 2.979664e-02 8.094059e+01 4.259539e-04 9.999998e-01 -3.608316e-04 -3.338921e+00 -2.979659e-02 3.733654e-04 9.995560e-01 3.596227e+01
9.994011e-01 4.836723e-04 -3.459971e-02 8.144617e+01 -4.718604e-04 9.999998e-01 3.494867e-04 -3.356508e+00 3.459998e-02 -3.329531e-04 9.994011e-01 3.585649e+01
9.996751e-01 -2.906605e-04 2.549103e-02 8.190797e+01 2.962103e-04 9.999999e-01 -2.140232e-04 -3.371948e+00 -2.549106e-02 2.215064e-04 9.996751e-01 3.558305e+01
9.995092e-01 4.251251e-04 -3.132058e-02 8.256853e+01 -4.184302e-04 9.999999e-01 2.202398e-04 -3.394241e+00 3.132077e-02 -2.070282e-04 9.995093e-01 3.542876e+01
9.996036e-01 -3.142361e-04 2.815267e-02 8.318525e+01 3.216285e-04 9.999999e-01 -2.581329e-04 -3.415913e+00 -2.815269e-02 2.670873e-04 9.996036e-01 3.543029e+01
9.994318e-01 3.631649e-04 -3.370159e-02 8.369325e+01 -3.556004e-04 9.999999e-01 2.303822e-04 -3.433136e+00 3.370177e-02 -2.182690e-04 9.994319e-01 3.523609e+01
9.997038e-01 -1.605298e-04 2.433974e-02 8.413481e+01 1.617857e-04 1.000000e+00 -4.971442e-05 -3.447812e+00 -2.433983e-02 5.363955e-05 9.997038e-01 3.493328e+01
9.992712e-01 5.412767e-04 -3.816557e-02 8.464303e+01 -5.263902e-04 9.999998e-01 4.000406e-04 -3.464538e+00 3.816588e-02 -3.796610e-04 9.992713e-01 3.468248e+01
9.996021e-01 -2.786109e-04 2.820824e-02 8.519472e+01 2.830982e-04 9.999999e-01 -1.551570e-04 -3.483424e+00 -2.820829e-02 1.630830e-04 9.996021e-01 3.459973e+01
9.993196e-01 4.792433e-04 -3.687729e-02 8.569213e+01 -4.681314e-04 9.999998e-01 3.098978e-04 -3.500237e+00 3.687754e-02 -2.924255e-04 9.993197e-01 3.439833e+01
9.995218e-01 -4.101142e-04 3.092236e-02 8.614889e+01 4.189582e-04 9.999999e-01 -2.795913e-04 -3.515400e+00 -3.092234e-02 2.924147e-04 9.995218e-01 3.408028e+01
9.993447e-01 5.030508e-04 -3.619140e-02 8.656311e+01 -4.910186e-04 9.999998e-01 3.412923e-04 -3.528761e+00 3.619166e-02 -3.233000e-04 9.993448e-01 3.365745e+01
9.996116e-01 -3.560264e-04 2.786874e-02 8.696945e+01 3.618969e-04 9.999999e-01 -2.056754e-04 -3.542101e+00 -2.786876e-02 2.156831e-04 9.996116e-01 3.329114e+01
9.994359e-01 4.195122e-04 -3.357847e-02 8.735511e+01 -4.102606e-04 9.999999e-01 2.823501e-04 -3.555109e+00 3.357868e-02 -2.684168e-04 9.994360e-01 3.297946e+01
9.995614e-01 -4.360660e-04 2.961317e-02 8.770921e+01 4.438168e-04 9.999999e-01 -2.552302e-04 -3.567583e+00 -2.961315e-02 2.682630e-04 9.995615e-01 3.277830e+01
9.994329e-01 4.365472e-04 -3.366843e-02 8.817160e+01 -4.281478e-04 9.999999e-01 2.566246e-04 -3.582932e+00 3.366864e-02 -2.420659e-04 9.994330e-01 3.243788e+01
9.995552e-01 -4.347176e-04 2.982042e-02 8.865001e+01 4.432330e-04 9.999999e-01 -2.790115e-04 -3.598845e+00 -2.982040e-02 2.921069e-04 9.995553e-01 3.209834e+01
9.994646e-01 4.326723e-04 -3.271560e-02 8.909427e+01 -4.242065e-04 9.999999e-01 2.656475e-04 -3.613527e+00 3.271582e-02 -2.516290e-04 9.994646e-01 3.172062e+01
9.995130e-01 -4.480017e-04 3.120414e-02 8.941216e+01 4.556708e-04 9.999999e-01 -2.387214e-04 -3.623880e+00 -3.120412e-02 2.528260e-04 9.995131e-01 3.127130e+01
9.993043e-01 5.544641e-04 -3.728889e-02 8.971085e+01 -5.415496e-04 9.999998e-01 3.563840e-04 -3.633606e+00 3.728918e-02 -3.359442e-04 9.993044e-01 3.089032e+01
