9.999828e-01 1.077314e-04 5.867948e-03 5.422276e-01 -1.065340e-04 1.000000e+00 -2.043881e-04 -1.976832e-02 -5.867970e-03 2.037590e-04 9.999829e-01 9.255897e-02
9.999976e-01 2.140245e-05 -2.208141e-03 1.109583e+00 -2.138392e-05 1.000000e+00 8.412271e-06 -4.048251e-02 2.208143e-03 -8.364593e-06 9.999975e-01 2.577020e-01
9.999749e-01 8.460216e-05 7.084175e-03 1.688095e+00 -8.287822e-05 1.000000e+00 -2.436464e-04 -6.143465e-02 -7.084197e-03 2.430527e-04 9.999750e-01 4.056848e-01
9.999907e-01 4.831327e-05 -4.319944e-03 2.271098e+00 -4.816314e-05 1.000000e+00 3.485308e-05 -8.248774e-02 4.319947e-03 -3.464430e-05 9.999906e-01 5.710050e-01
9.999837e-01 6.383736e-05 5.707359e-03 2.774165e+00 -6.269703e-05 1.000000e+00 -1.999811e-04 -1.007441e-01 -5.707373e-03 1.996196e-04 9.999838e-01 6.217134e-01
9.999974e-01 -3.551415e-05 2.294499e-03 3.229708e+00 3.560621e-05 1.000000e+00 -4.007624e-05 -1.170165e-01 -2.294495e-03 4.015819e-05 9.999973e-01 5.185281e-01
9.999966e-01 7.119657e-05 -2.596531e-03 3.618296e+00 -7.128716e-05 1.000000e+00 -3.479334e-05 -1.311064e-01 2.596526e-03 3.497797e-05 9.999967e-01 3.832308e-01
9.999899e-01 -2.511982e-05 4.491449e-03 4.195215e+00 2.554943e-05 1.000000e+00 -9.559049e-05 -1.513512e-01 -4.491444e-03 9.570461e-05 9.999898e-01 2.363482e-01
9.999463e-01 1.624799e-04 -1.036194e-02 4.666594e+00 -1.610684e-04 1.000000e+00 1.370553e-04 -1.684806e-01 1.036196e-02 -1.353793e-04 9.999464e-01 3.238424e-01
9.999922e-01 2.762003e-04 -3.940668e-03 5.012906e+00 -2.750174e-04 9.999999e-01 3.006948e-04 -1.819041e-01 3.940751e-03 -2.996083e-04 9.999921e-01 4.403753e-01
9.999394e-01 1.363965e-04 -1.100998e-02 5.318024e+00 -1.352872e-04 1.000000e+00 1.014970e-04 -1.937315e-01 1.101000e-02 -1.000018e-04 9.999395e-01 4.484986e-01
1.000000e+00 1.970576e-04 1.615788e-04 5.450489e+00 -1.971007e-04 9.999999e-01 2.669998e-04 -1.991533e-01 -1.615279e-04 -2.670311e-04 9.999999e-01 3.330741e-01
9.999341e-01 1.117822e-04 -1.148387e-02 5.494451e+00 -1.106148e-04 1.000000e+00 1.022876e-04 -2.018456e-01 1.148389e-02 -1.010111e-04 9.999342e-01 2.170758e-01
9.999962e-01 2.248379e-04 -2.729473e-03 5.510832e+00 -2.238681e-04 9.999999e-01 3.555823e-04 -2.051167e-01 2.729548e-03 -3.549693e-04 9.999961e-01 3.104018e-01
9.999424e-01 1.088721e-04 -1.073453e-02 5.646284e+00 -1.078549e-04 1.000000e+00 9.534069e-05 -2.136486e-01 1.073455e-02 -9.417801e-05 9.999425e-01 5.900865e-01
9.998605e-01 -1.475281e-05 1.670299e-02 5.951047e+00 1.920091e-05 1.000000e+00 -2.661430e-04 -2.266693e-01 -1.670299e-02 2.664272e-04 9.998604e-01 7.667948e-01
9.999200e-01 2.121591e-04 -1.264990e-02 6.188765e+00 -2.105119e-04 1.000000e+00 1.315474e-04 -2.372177e-01 1.264993e-02 -1.288744e-04 9.999201e-01 8.406064e-01
9.998971e-01 5.770092e-04 -1.433667e-02 6.322435e+00 -5.642656e-04 9.999994e-01 8.929042e-04 -2.441931e-01 1.433717e-02 -8.847220e-04 9.998967e-01 8.835700e-01
9.999902e-01 -9.885673e-06 -4.421079e-03 6.504798e+00 8.857643e-06 1.000000e+00 -2.325373e-04 -2.530051e-01 4.421090e-03 2.324952e-04 9.999903e-01 1.005092e+00
9.998976e-01 -5.180771e-06 1.430817e-02 6.807177e+00 5.669760e-06 1.000000e+00 -3.413132e-05 -2.661155e-01 -1.430818e-02 3.420964e-05 9.998975e-01 1.188144e+00
9.999595e-01 -8.663449e-05 8.999804e-03 7.263230e+00 9.254731e-05 9.999998e-01 -6.565854e-04 -2.841951e-01 -8.999739e-03 6.573911e-04 9.999594e-01 1.352810e+00
9.999325e-01 7.593979e-05 1.161562e-02 7.597887e+00 -7.634447e-05 1.000000e+00 3.439851e-05 -2.984363e-01 -1.161562e-02 -3.528242e-05 9.999324e-01 1.482643e+00
9.999200e-01 8.023442e-05 -1.264744e-02 7.810681e+00 -8.083363e-05 1.000000e+00 -4.686474e-05 -3.082866e-01 1.264744e-02 4.788278e-05 9.999201e-01 1.637333e+00
9.999642e-01 5.186226e-04 -8.442694e-03 7.915510e+00 -5.118087e-04 9.999995e-01 8.092114e-04 -3.133077e-01 8.443104e-03 -8.048607e-04 9.999639e-01 1.539544e+00
9.993364e-01 -6.740522e-04 3.641843e-02 8.030315e+00 7.316434e-04 9.999985e-01 -1.568073e-03 -3.205946e-01 -3.641731e-02 1.593677e-03 9.993355e-01 1.516843e+00
9.996627e-01 6.580143e-04 -2.596392e-02 8.207617e+00 -6.243915e-04 9.999990e-01 1.303068e-03 -3.293712e-01 2.596475e-02 -1.286416e-03 9.996619e-01 1.624659e+00
9.994208e-01 -6.324414e-04 3.402319e-02 8.339090e+00 6.817209e-04 9.999987e-01 -1.436830e-03 -3.342388e-01 -3.402224e-02 1.459192e-03 9.994201e-01 1.330122e+00
9.994228e-01 7.334484e-04 -3.396292e-02 8.611492e+00 -6.832373e-04 9.999987e-01 1.489991e-03 -3.451847e-01 3.396396e-02 -1.465926e-03 9.994219e-01 1.323894e+00
9.994275e-01 -5.114921e-04 3.382808e-02 9.100949e+00 5.649854e-04 9.999986e-01 -1.571791e-03 -3.636600e-01 -3.382723e-02 1.590003e-03 9.994265e-01 1.544329e+00
9.994062e-01 7.018599e-04 -3.444920e-02 9.543973e+00 -6.489945e-04 9.999986e-01 1.545745e-03 -3.806694e-01 3.445023e-02 -1.522469e-03 9.994052e-01 1.748513e+00
9.991431e-01 -5.917003e-04 4.138596e-02 9.889078e+00 6.641485e-04 9.999983e-01 -1.736823e-03 -3.949154e-01 -4.138486e-02 1.762820e-03 9.991418e-01 1.969774e+00
9.992917e-01 6.934711e-04 -3.762554e-02 1.018337e+01 -6.327062e-04 9.999985e-01 1.626873e-03 -4.073585e-01 3.762661e-02 -1.601914e-03 9.992905e-01 2.173553e+00
9.992831e-01 -5.509618e-04 3.785361e-02 1.052641e+01 6.143274e-04 9.999984e-01 -1.662355e-03 -4.210840e-01 -3.785264e-02 1.684417e-03 9.992820e-01 2.348639e+00
9.991848e-01 7.091261e-04 -4.036397e-02 1.079455e+01 -6.401647e-04 9.999983e-01 1.721387e-03 -4.325773e-01 4.036512e-02 -1.694143e-03 9.991835e-01 2.518311e+00
9.994791e-01 -4.912055e-04 3.227045e-02 1.098051e+01 5.378867e-04 9.999988e-01 -1.437896e-03 -4.420892e-01 -3.226971e-02 1.454505e-03 9.994782e-01 2.770357e+00
9.992662e-01 6.981494e-04 -3.829698e-02 1.123488e+01 -6.359105e-04 9.999985e-01 1.637321e-03 -4.534701e-01 3.829806e-02 -1.611766e-03 9.992650e-01 3.004583e+00
9.992956e-01 -5.322197e-04 3.752326e-02 1.157587e+01 5.940474e-04 9.999985e-01 -1.636588e-03 -4.676834e-01 -3.752233e-02 1.657725e-03 9.992945e-01 3.248426e+00
9.992098e-01 6.669280e-04 -3.974192e-02 1.203144e+01 -6.028155e-04 9.999985e-01 1.625184e-03 -4.847397e-01 3.974294e-02 -1.599942e-03 9.992086e-01 3.350964e+00
9.993572e-01 -4.916555e-04 3.584647e-02 1.251287e+01 5.495740e-04 9.999986e-01 -1.605903e-03 -5.024223e-01 -3.584563e-02 1.624571e-03 9.993561e-01 3.416666e+00
9.985363e-01 1.129824e-03 -5.407340e-02 1.285207e+01 -1.006415e-03 9.999968e-01 2.309429e-03 -5.161973e-01 5.407583e-02 -2.251628e-03 9.985342e-01 3.604187e+00
9.993968e-01 -4.074533e-04 3.472604e-02 1.317441e+01 4.595194e-04 9.999988e-01 -1.491373e-03 -5.296299e-01 -3.472539e-02 1.506430e-03 9.993959e-01 3.828185e+00
9.987945e-01 9.822199e-04 -4.907692e-02 1.364599e+01 -8.861288e-04 9.999976e-01 1.979689e-03 -5.469396e-01 4.907874e-02 -1.933813e-03 9.987929e-01 3.946957e+00
9.991594e-01 -5.618675e-04 4.098958e-02 1.415849e+01 6.330065e-04 9.999983e-01 -1.722582e-03 -5.656744e-01 -4.098853e-02 1.747080e-03 9.991582e-01 4.050854e+00
9.984096e-01 1.140430e-03 -5.636421e-02 1.460713e+01 -1.014195e-03 9.999969e-01 2.268190e-03 -5.824115e-01 5.636662e-02 -2.207417e-03 9.984076e-01 4.177301e+00
9.987273e-01 -7.549716e-04 5.043098e-02 1.503454e+01 8.592174e-04 9.999975e-01 -2.045453e-03 -5.987780e-01 -5.042930e-02 2.086180e-03 9.987256e-01 4.347221e+00
9.986689e-01 9.655681e-04 -5.157052e-02 1.551659e+01 -8.639612e-04 9.999976e-01 1.992506e-03 -6.168023e-01 5.157231e-02 -1.945298e-03 9.986673e-01 4.485892e+00
9.988171e-01 -6.503854e-04 4.862000e-02 1.593866e+01 7.442855e-04 9.999979e-01 -1.913227e-03 -6.330195e-01 -4.861865e-02 1.947151e-03 9.988156e-01 4.674726e+00
9.980380e-01 1.199326e-03 -6.260004e-02 1.625461e+01 -1.050001e-03 9.999965e-01 2.418214e-03 -6.461795e-01 6.260271e-02 -2.347738e-03 9.980357e-01 4.843777e+00
9.984292e-01 -8.235410e-04 5.602155e-02 1.658487e+01 9.472299e-04 9.999972e-01 -2.181365e-03 -6.598055e-01 -5.601958e-02 2.231003e-03 9.984273e-01 5.034474e+00
9.984854e-01 1.074467e-03 -5.500665e-02 1.698731e+01 -9.583635e-04 9.999973e-01 2.137058e-03 -6.755949e-01 5.500878e-02 -2.081104e-03 9.984836e-01 5.240710e+00
9.990206e-01 -6.663190e-04 4.424355e-02 1.722406e+01 7.454641e-04 9.999982e-01 -1.772377e-03 -6.864824e-01 -4.424227e-02 1.803622e-03 9.990193e-01 5.441760e+00
9.978296e-01 1.409644e-03 -6.583457e-02 1.741313e+01 -1.237462e-03 9.999957e-01 2.656070e-03 -6.961972e-01 6.583802e-02 -2.568836e-03 9.978269e-01 5.671769e+00
9.993497e-01 -4.136936e-04 3.605603e-02 1.767101e+01 4.638636e-04 9.999989e-01 -1.383093e-03 -7.079668e-01 -3.605540e-02 1.398918e-03 9.993489e-01 5.892750e+00
9.982922e-01 1.186234e-03 -5.840575e-02 1.807526e+01 -1.055787e-03 9.999969e-01 2.264273e-03 -7.235425e-01 5.840823e-02 -2.198741e-03 9.982903e-01 6.062089e+00
9.998378e-01 9.054820e-05 1.800836e-02 1.831006e+01 -8.151250e-05 9.999999e-01 -5.024943e-04 -7.343458e-01 -1.800838e-02 5.009437e-04 9.998378e-01 6.201681e+00
9.980060e-01 1.245651e-03 -6.310730e-02 1.844745e+01 -1.097030e-03 9.999965e-01 2.389642e-03 -7.423967e-01 6.311003e-02 -2.315645e-03 9.980038e-01 6.334153e+00
9.999146e-01 1.373537e-04 1.306980e-02 1.851089e+01 -1.337473e-04 1.000000e+00 -2.768346e-04 -7.482839e-01 -1.306980e-02 2.750613e-04 9.999146e-01 6.453776e+00
9.979946e-01 1.245271e-03 -6.328652e-02 1.859872e+01 -1.097662e-03 9.999966e-01 2.367113e-03 -7.549521e-01 6.328921e-02 -2.292897e-03 9.979925e-01 6.591499e+00
9.999038e-01 1.218035e-04 1.387229e-02 1.871035e+01 -1.177691e-04 1.000000e+00 -2.916725e-04 -7.623734e-01 -1.387228e-02 2.900088e-04 9.999038e-01 6.741319e+00
9.980800e-01 1.302710e-03 -6.192440e-02 1.883974e+01 -1.159119e-03 9.999966e-01 2.354670e-03 -7.704244e-01 6.192720e-02 -2.278370e-03 9.980780e-01 6.898830e+00
9.998219e-01 6.339741e-06 1.887411e-02 1.898735e+01 2.209617e-06 9.999999e-01 -4.529816e-04 -7.791618e-01 -1.887406e-02 4.529404e-04 9.998219e-01 7.094808e+00
9.982126e-01 1.267217e-03 -5.974936e-02 1.912529e+01 -1.135225e-03 9.999968e-01 2.242974e-03 -7.875579e-01 5.975195e-02 -2.171134e-03 9.982108e-01 7.290308e+00
9.997410e-01 -8.719315e-05 2.275832e-02 1.928790e+01 1.005213e-04 9.999998e-01 -5.845334e-04 -7.967659e-01 -2.275821e-02 5.866673e-04 9.997409e-01 7.512164e+00
9.985134e-01 1.030493e-03 -5.449640e-02 1.941682e+01 -9.249475e-04 9.999976e-01 1.961910e-03 -8.055388e-01 5.449824e-02 -1.908585e-03 9.985120e-01 7.802045e+00
9.996713e-01 -9.685877e-05 2.563789e-02 1.954063e+01 1.128666e-04 9.999998e-01 -6.229724e-04 -8.144852e-01 -2.563776e-02 6.256588e-04 9.996712e-01 8.130128e+00
9.982772e-01 1.084289e-03 -5.866364e-02 1.968698e+01 -9.647397e-04 9.999974e-01 2.066147e-03 -8.238619e-01 5.866566e-02 -2.005989e-03 9.982756e-01 8.434031e+00
9.998448e-01 5.871720e-05 1.761574e-02 1.973253e+01 -5.343174e-05 1.000000e+00 -3.005774e-04 -8.304947e-01 -1.761569e-02 2.995868e-04 9.998449e-01 8.706843e+00
9.977477e-01 1.402188e-03 -6.706359e-02 1.981065e+01 -1.243372e-03 9.999963e-01 2.409806e-03 -8.371822e-01 6.706665e-02 -2.320991e-03 9.977457e-01 8.866415e+00
9.998036e-01 -2.638383e-05 1.982062e-02 1.990551e+01 3.382111e-05 9.999999e-01 -3.749648e-04 -8.440747e-01 -1.982053e-02 3.755585e-04 9.998036e-01 8.994203e+00
9.981482e-01 1.250999e-03 -6.081562e-02 2.007605e+01 -1.126014e-03 9.999972e-01 2.089357e-03 -8.531913e-01 6.081798e-02 -2.017006e-03 9.981468e-01 9.148708e+00
9.994756e-01 -3.007647e-04 3.237949e-02 2.018123e+01 3.265483e-04 9.999996e-01 -7.910573e-04 -8.603213e-01 -3.237916e-02 8.012129e-04 9.994754e-01 9.295247e+00
9.982499e-01 1.279529e-03 -5.912290e-02 2.027613e+01 -1.167412e-03 9.999975e-01 1.930821e-03 -8.673294e-01 5.912514e-02 -1.858418e-03 9.982488e-01 9.428723e+00
9.987489e-01 -7.541596e-04 5.000127e-02 2.041150e+01 8.233770e-04 9.999987e-01 -1.363763e-03 -8.756414e-01 -5.000010e-02 1.403224e-03 9.987483e-01 9.568205e+00
9.999298e-01 5.758398e-04 -1.182988e-02 2.070056e+01 -5.733372e-04 9.999998e-01 2.148188e-04 -8.896520e-01 1.182992e-02 -2.080182e-04 9.999299e-01 9.707057e+00
9.979647e-01 -8.436900e-04 6.376367e-02 2.087294e+01 9.533339e-04 9.999981e-01 -1.689154e-03 -9.007853e-01 -6.376205e-02 1.746501e-03 9.979637e-01 9.816275e+00
9.999077e-01 6.140821e-04 -1.356921e-02 2.106221e+01 -6.107289e-04 9.999998e-01 2.511727e-04 -9.117715e-01 1.356929e-02 -2.428596e-04 9.999078e-01 9.868555e+00
9.978228e-01 -8.295767e-04 6.594699e-02 2.121091e+01 9.416093e-04 9.999982e-01 -1.667785e-03 -9.211832e-01 -6.594541e-02 1.726247e-03 9.978218e-01 9.856891e+00
9.998829e-01 6.161948e-04 -1.529192e-02 2.133136e+01 -6.119163e-04 9.999998e-01 2.844027e-04 -9.295290e-01 1.529202e-02 -2.750093e-04 9.998829e-01 9.827503e+00
9.982485e-01 -7.743663e-04 5.915560e-02 2.148981e+01 8.643410e-04 9.999985e-01 -1.495429e-03 -9.389061e-01 -5.915429e-02 1.543938e-03 9.982477e-01 9.801273e+00
9.997641e-01 6.478198e-04 -2.170910e-02 2.172341e+01 -6.387741e-04 9.999997e-01 4.235692e-04 -9.498776e-01 2.170931e-02 -4.095995e-04 9.997642e-01 9.719882e+00
9.979312e-01 -7.971795e-04 6.428652e-02 2.191960e+01 9.033578e-04 9.999983e-01 -1.622605e-03 -9.603361e-01 -6.428506e-02 1.677319e-03 9.979303e-01 9.698249e+00
9.996321e-01 6.891459e-04 -2.711342e-02 2.213014e+01 -6.740428e-04 9.999996e-01 5.661460e-04 -9.711481e-01 2.711375e-02 -5.476597e-04 9.996321e-01 9.736294e+00
9.982069e-01 -7.907893e-04 5.985299e-02 2.232607e+01 8.814279e-04 9.999985e-01 -1.487979e-03 -9.812028e-01 -5.985167e-02 1.538065e-03 9.982062e-01 9.768745e+00
9.996037e-01 7.069851e-04 -2.814038e-02 2.268840e+01 -6.918483e-04 9.999996e-01 5.476161e-04 -9.966991e-01 2.814071e-02 -5.279280e-04 9.996037e-01 9.824388e+00
9.979700e-01 -8.205467e-04 6.367987e-02 2.301152e+01 9.218283e-04 9.999984e-01 -1.561126e-03 -1.010904e+00 -6.367844e-02 1.616657e-03 9.979693e-01 9.846215e+00
9.997554e-01 6.484624e-04 -2.210476e-02 2.322119e+01 -6.408278e-04 9.999997e-01 3.524454e-04 -1.021908e+00 2.210495e-02 -3.381919e-04 9.997555e-01 9.896792e+00
9.989616e-01 -6.632567e-04 4.555507e-02 2.350780e+01 7.101313e-04 9.999992e-01 -1.012801e-03 -1.034405e+00 -4.555433e-02 1.044097e-03 9.989614e-01 9.949582e+00
9.996248e-01 6.185812e-04 -2.738342e-02 2.378934e+01 -6.049642e-04 9.999997e-01 5.055434e-04 -1.046465e+00 2.738369e-02 -4.887858e-04 9.996248e-01 1.003769e+01
9.996792e-01 -4.260913e-04 2.532547e-02 2.398098e+01 4.387094e-04 9.999998e-01 -4.926995e-04 -1.054822e+00 -2.532522e-02 5.036500e-04 9.996792e-01 1.006570e+01
9.992745e-01 9.414931e-04 -3.807222e-02 2.417297e+01 -9.053288e-04 9.999991e-01 9.671057e-04 -1.063816e+00 3.807306e-02 -9.319343e-04 9.992744e-01 1.015219e+01
9.998429e-01 -2.984300e-04 1.772093e-02 2.436947e+01 3.024441e-04 9.999999e-01 -2.238650e-04 -1.073115e+00 -1.772083e-02 2.291874e-04 9.998430e-01 1.027379e+01
9.990442e-01 9.760118e-04 -4.369953e-02 2.443744e+01 -9.243637e-04 9.999989e-01 1.202075e-03 -1.078300e+00 4.370061e-02 -1.160530e-03 9.990439e-01 1.035489e+01
9.999278e-01 -9.382964e-05 1.201653e-02 2.449664e+01 9.309144e-05 1.000000e+00 6.194589e-05 -1.083099e+00 -1.201649e-02 -6.082495e-05 9.999279e-01 1.040848e+01
9.992020e-01 8.666083e-04 -3.993153e-02 2.456050e+01 -8.272358e-04 9.999992e-01 1.002500e-03 -1.087612e+00 3.993232e-02 -9.686649e-04 9.992018e-01 1.040704e+01
9.997714e-01 -3.943287e-04 2.137856e-02 2.460762e+01 4.020305e-04 9.999999e-01 -3.559913e-04 -1.090743e+00 -2.137837e-02 3.645025e-04 9.997715e-01 1.031380e+01
9.994448e-01 7.389338e-04 -3.330825e-02 2.470341e+01 -7.154893e-04 9.999995e-01 7.157607e-04 -1.094903e+00 3.330871e-02 -6.915294e-04 9.994448e-01 1.017226e+01
9.996625e-01 -5.653111e-04 2.597408e-02 2.465828e+01 5.795289e-04 9.999997e-01 -5.398886e-04 -1.094033e+00 -2.597372e-02 5.547568e-04 9.996626e-01 9.959291e+00
9.996234e-01 6.034324e-04 -2.743592e-02 2.468746e+01 -5.883172e-04 9.999997e-01 5.589735e-04 -1.095883e+00 2.743619e-02 -5.426196e-04 9.996233e-01 9.786718e+00
9.995031e-01 -5.844726e-04 3.151449e-02 2.477714e+01 6.036321e-04 9.999996e-01 -5.984675e-04 -1.099540e+00 -3.151408e-02 6.171910e-04 9.995032e-01 9.591810e+00
9.995696e-01 6.081078e-04 -2.933030e-02 2.493039e+01 -5.910492e-04 9.999997e-01 5.902504e-04 -1.106180e+00 2.933060e-02 -5.726583e-04 9.995695e-01 9.552943e+00
9.995750e-01 -5.880786e-04 2.914590e-02 2.508220e+01 6.051399e-04 9.999997e-01 -5.765813e-04 -1.112691e+00 -2.914550e-02 5.939713e-04 9.995751e-01 9.471629e+00
9.995893e-01 6.139581e-04 -2.864875e-02 2.523646e+01 -5.977243e-04 9.999997e-01 5.751904e-04 -1.119474e+00 2.864905e-02 -5.578279e-04 9.995893e-01 9.443773e+00
9.995266e-01 -5.900170e-04 3.076048e-02 2.543259e+01 6.092889e-04 9.999996e-01 -6.171683e-04 -1.127292e+00 -3.076006e-02 6.356159e-04 9.995267e-01 9.357943e+00
9.995236e-01 6.427207e-04 -3.085589e-02 2.581219e+01 -6.256748e-04 9.999996e-01 5.620665e-04 -1.141267e+00 3.085619e-02 -5.424907e-04 9.995236e-01 9.298274e+00
9.995667e-01 -5.461332e-04 2.942975e-02 2.617610e+01 5.633522e-04 9.999997e-01 -5.768214e-04 -1.155519e+00 -2.942938e-02 5.931485e-04 9.995668e-01 9.423905e+00
9.995811e-01 6.095837e-04 -2.893342e-02 2.651658e+01 -5.945533e-04 9.999997e-01 5.280625e-04 -1.168746e+00 2.893368e-02 -5.106366e-04 9.995811e-01 9.478338e+00
9.995484e-01 -5.390078e-04 3.004690e-02 2.684819e+01 5.570353e-04 9.999997e-01 -5.916341e-04 -1.181676e+00 -3.004652e-02 6.081017e-04 9.995484e-01 9.562314e+00
9.996780e-01 6.223897e-04 -2.536802e-02 2.723270e+01 -6.113314e-04 9.999997e-01 4.436464e-04 -1.196647e+00 2.536824e-02 -4.279930e-04 9.996780e-01 9.715008e+00
9.993000e-01 -6.431408e-04 3.740538e-02 2.756224e+01 6.717399e-04 9.999995e-01 -7.520271e-04 -1.210310e+00 -3.740483e-02 7.766251e-04 9.993000e-01 9.860797e+00
9.994200e-01 6.761130e-04 -3.404701e-02 2.778093e+01 -6.553088e-04 9.999996e-01 6.221817e-04 -1.218859e+00 3.404737e-02 -5.995073e-04 9.994199e-01 9.812143e+00
9.991725e-01 -6.436444e-04 4.066883e-02 2.810837e+01 6.753776e-04 9.999995e-01 -7.665643e-04 -1.231551e+00 -4.066826e-02 7.933946e-04 9.991725e-01 9.804877e+00
9.993893e-01 6.691982e-04 -3.493660e-02 2.838747e+01 -6.476886e-04 9.999996e-01 6.269739e-04 -1.242564e+00 3.493696e-02 -6.039608e-04 9.993892e-01 9.816052e+00
9.988647e-01 -6.639991e-04 4.763283e-02 2.869209e+01 7.088491e-04 9.999993e-01 -9.247048e-04 -1.254919e+00 -4.763214e-02 9.574173e-04 9.988646e-01 9.835670e+00
9.991526e-01 7.205880e-04 -4.115298e-02 2.896877e+01 -6.885486e-04 9.999994e-01 7.927025e-04 -1.265901e+00 4.115348e-02 -7.636928e-04 9.991524e-01 9.864035e+00
9.989972e-01 -6.793932e-04 4.476714e-02 2.918031e+01 7.181071e-04 9.999994e-01 -8.487219e-04 -1.274971e+00 -4.476649e-02 8.800163e-04 9.989972e-01 9.928296e+00
9.990829e-01 7.139099e-04 -4.281261e-02 2.930294e+01 -6.787325e-04 9.999994e-01 8.361788e-04 -1.282287e+00 4.281314e-02 -8.063515e-04 9.990827e-01 1.011178e+01
9.990291e-01 -6.646693e-04 4.404956e-02 2.946263e+01 7.020445e-04 9.999994e-01 -8.330299e-04 -1.289829e+00 -4.404894e-02 8.631437e-04 9.990291e-01 1.018837e+01
9.994903e-01 6.563470e-04 -3.191718e-02 2.974080e+01 -6.390001e-04 9.999996e-01 5.536802e-04 -1.301515e+00 3.191749e-02 -5.330008e-04 9.994903e-01 1.025269e+01
9.989633e-01 -6.502452e-04 4.551885e-02 3.007164e+01 6.917418e-04 9.999994e-01 -8.959017e-04 -1.314896e+00 -4.551819e-02 9.264581e-04 9.989632e-01 1.031157e+01
9.994629e-01 6.472336e-04 -3.276453e-02 3.037864e+01 -6.283509e-04 9.999996e-01 5.865940e-04 -1.327695e+00 3.276486e-02 -5.656892e-04 9.994628e-01 1.041086e+01
9.983566e-01 -7.163876e-04 5.730222e-02 3.070362e+01 7.902191e-04 9.999989e-01 -1.265818e-03 -1.341705e+00 -5.730121e-02 1.309017e-03 9.983562e-01 1.050718e+01
9.989366e-01 7.461592e-04 -4.609914e-02 3.090277e+01 -7.021068e-04 9.999993e-01 9.717791e-04 -1.350054e+00 4.609980e-02 -9.383772e-04 9.989363e-01 1.046164e+01
9.987246e-01 -7.012377e-04 5.048546e-02 3.106047e+01 7.558289e-04 9.999992e-01 -1.062250e-03 -1.356862e+00 -5.048464e-02 1.099051e-03 9.987243e-01 1.042290e+01
9.988965e-01 7.669611e-04 -4.696040e-02 3.130875e+01 -7.215706e-04 9.999993e-01 9.835057e-04 -1.366904e+00 4.696108e-02 -9.485332e-04 9.988962e-01 1.040754e+01
9.986754e-01 -6.208281e-04 5.144878e-02 3.169049e+01 6.794934e-04 9.999991e-01 -1.122791e-03 -1.382174e+00 -5.144800e-02 1.156261e-03 9.986751e-01 1.064061e+01
9.993021e-01 6.086674e-04 -3.734953e-02 3.202952e+01 -5.812213e-04 9.999996e-01 7.456915e-04 -1.396600e+00 3.734993e-02 -7.234608e-04 9.993019e-01 1.085195e+01
9.983481e-01 -5.842319e-04 5.745174e-02 3.242585e+01 6.611019e-04 9.999989e-01 -1.319004e-03 -1.413120e+00 -5.745087e-02 1.354804e-03 9.983475e-01 1.107099e+01
9.994755e-01 5.381092e-04 -3.237828e-02 3.280424e+01 -5.197556e-04 9.999997e-01 5.752540e-04 -1.429304e+00 3.237854e-02 -5.581218e-04 9.994754e-01 1.127012e+01
9.991992e-01 -4.428424e-04 4.001041e-02 3.323668e+01 4.761692e-04 9.999995e-01 -8.234344e-04 -1.446173e+00 -4.001000e-02 8.418250e-04 9.991990e-01 1.149000e+01
9.997284e-01 4.821141e-04 -2.329961e-02 3.368565e+01 -4.746124e-04 9.999998e-01 3.274870e-04 -1.464048e+00 2.329973e-02 -3.163381e-04 9.997284e-01 1.170058e+01
9.994980e-01 -3.577344e-04 3.168115e-02 3.418025e+01 3.774960e-04 9.999997e-01 -6.177936e-04 -1.482651e+00 -3.168090e-02 6.294413e-04 9.994979e-01 1.187446e+01
9.998652e-01 4.010882e-04 -1.641660e-02 3.474369e+01 -3.988149e-04 9.999999e-01 1.417344e-04 -1.503841e+00 1.641663e-02 -1.351665e-04 9.998651e-01 1.205862e+01
9.992236e-01 -3.821303e-04 3.939487e-02 3.512746e+01 4.144214e-04 9.999996e-01 -8.115218e-04 -1.520206e+00 -3.939451e-02 8.272163e-04 9.992235e-01 1.229552e+01
9.999192e-01 2.843951e-04 -1.270521e-02 3.550700e+01 -2.844310e-04 1.000000e+00 -1.032469e-06 -1.536841e+00 1.270518e-02 4.647613e-06 9.999192e-01 1.255394e+01
9.990691e-01 -3.344241e-04 4.313744e-02 3.585456e+01 3.745765e-04 9.999995e-01 -9.227273e-04 -1.552621e+00 -4.313709e-02 9.380252e-04 9.990688e-01 1.277388e+01
9.998658e-01 2.433889e-04 -1.637862e-02 3.619120e+01 -2.413602e-04 1.000000e+00 1.258322e-04 -1.567626e+00 1.637863e-02 -1.218609e-04 9.998658e-01 1.296372e+01
9.990082e-01 -2.976603e-04 4.452666e-02 3.660251e+01 3.409021e-04 9.999995e-01 -9.635561e-04 -1.584795e+00 -4.452634e-02 9.777785e-04 9.990078e-01 1.311597e+01
9.998950e-01 2.264349e-04 -1.448799e-02 3.705306e+01 -2.255156e-04 1.000000e+00 6.508199e-05 -1.602865e+00 1.448800e-02 -6.180676e-05 9.998949e-01 1.320266e+01
9.992649e-01 -2.549470e-04 3.833427e-02 3.746048e+01 2.848177e-04 9.999997e-01 -7.737617e-04 -1.619696e+00 -3.833405e-02 7.841102e-04 9.992648e-01 1.338540e+01
9.997535e-01 3.201310e-04 -2.220045e-02 3.792936e+01 -3.136637e-04 9.999999e-01 2.947950e-04 -1.638050e+00 2.220054e-02 -2.877578e-04 9.997534e-01 1.358897e+01
9.991544e-01 -3.361205e-04 4.111305e-02 3.838935e+01 3.709090e-04 9.999996e-01 -8.385424e-04 -1.656302e+00 -4.111274e-02 8.530816e-04 9.991542e-01 1.379733e+01
9.998616e-01 3.426575e-04 -1.663100e-02 3.869820e+01 -3.410667e-04 9.999999e-01 9.848670e-05 -1.671414e+00 1.663103e-02 -9.279990e-05 9.998616e-01 1.411712e+01
9.991212e-01 -3.976842e-04 4.191171e-02 3.904475e+01 4.343345e-04 9.999995e-01 -8.653612e-04 -1.687142e+00 -4.191135e-02 8.828036e-04 9.991210e-01 1.439235e+01
9.999797e-01 2.412296e-04 -6.366217e-03 3.935958e+01 -2.427003e-04 9.999999e-01 -2.302393e-04 -1.702261e+00 6.366165e-03 2.317804e-04 9.999796e-01 1.460312e+01
9.994939e-01 -2.673171e-04 3.181030e-02 3.980551e+01 2.846284e-04 9.999998e-01 -5.396797e-04 -1.720155e+00 -3.181016e-02 5.484600e-04 9.994939e-01 1.474772e+01
9.999766e-01 2.596537e-04 -6.839227e-03 4.018748e+01 -2.611262e-04 9.999999e-01 -2.144030e-04 -1.736625e+00 6.839180e-03 2.161844e-04 9.999765e-01 1.498996e+01
9.994621e-01 -3.026667e-04 3.279358e-02 4.041923e+01 3.212290e-04 9.999998e-01 -5.607701e-04 -1.750263e+00 -3.279341e-02 5.710022e-04 9.994621e-01 1.536029e+01
9.999010e-01 2.375200e-04 -1.406628e-02 4.057854e+01 -2.370789e-04 1.000000e+00 3.302785e-05 -1.763723e+00 1.406630e-02 -2.968935e-05 9.999010e-01 1.589738e+01
9.994079e-01 -2.146720e-04 3.440642e-02 4.086600e+01 2.375427e-04 9.999998e-01 -6.606345e-04 -1.779730e+00 -3.440628e-02 6.684160e-04 9.994078e-01 1.637519e+01
9.999383e-01 2.355392e-04 -1.110394e-02 4.130360e+01 -2.363766e-04 1.000000e+00 -7.410053e-05 -1.797867e+00 1.110394e-02 7.672095e-05 9.999382e-01 1.663177e+01
9.994789e-01 -2.400944e-04 3.227874e-02 4.165417e+01 2.589915e-04 9.999998e-01 -5.812542e-04 -1.813737e+00 -3.227861e-02 5.893110e-04 9.994788e-01 1.694143e+01
9.999751e-01 1.928012e-04 -7.058262e-03 4.203338e+01 -1.941808e-04 1.000000e+00 -1.947742e-04 -1.830138e+00 7.058246e-03 1.961400e-04 9.999750e-01 1.718331e+01
9.994338e-01 -2.709278e-04 3.364514e-02 4.228905e+01 2.913727e-04 9.999998e-01 -6.027588e-04 -1.843415e+00 -3.364499e-02 6.122207e-04 9.994338e-01 1.746764e+01
9.999609e-01 1.892090e-04 -8.839259e-03 4.256895e+01 -1.904627e-04 1.000000e+00 -1.409984e-04 -1.856910e+00 8.839260e-03 1.426764e-04 9.999608e-01 1.768781e+01
9.995091e-01 -2.381901e-04 3.132997e-02 4.299013e+01 2.548526e-04 9.999998e-01 -5.278467e-04 -1.873372e+00 -3.132987e-02 5.355722e-04 9.995091e-01 1.771519e+01
9.999721e-01 1.153998e-04 -7.462499e-03 4.326684e+01 -1.165491e-04 1.000000e+00 -1.535744e-04 -1.885728e+00 7.462513e-03 1.544397e-04 9.999720e-01 1.783592e+01
9.996981e-01 -1.551240e-04 2.457064e-02 4.352929e+01 1.627519e-04 9.999999e-01 -3.084488e-04 -1.897433e+00 -2.457062e-02 3.123548e-04 9.996981e-01 1.797465e+01
9.999024e-01 1.878030e-04 -1.396805e-02 4.384040e+01 -1.874674e-04 1.000000e+00 2.532543e-05 -1.910676e+00 1.396808e-02 -2.270463e-05 9.999023e-01 1.817398e+01
9.997083e-01 -1.208877e-04 2.415344e-02 4.424185e+01 1.281432e-04 9.999999e-01 -2.988477e-04 -1.926297e+00 -2.415343e-02 3.018559e-04 9.997083e-01 1.834876e+01
9.999560e-01 1.249634e-04 -9.377305e-03 4.470310e+01 -1.262393e-04 1.000000e+00 -1.354753e-04 -1.943621e+00 9.377325e-03 1.366529e-04 9.999559e-01 1.838543e+01
9.998701e-01 -4.089119e-05 1.611940e-02 4.510461e+01 4.172261e-05 1.000000e+00 -5.124759e-05 -1.959005e+00 -1.611943e-02 5.191379e-05 9.998702e-01 1.852866e+01
9.999913e-01 -1.600151e-05 -4.161781e-03 4.527869e+01 1.497763e-05 1.000000e+00 -2.460708e-04 -1.969369e+00 4.161823e-03 2.460060e-04 9.999912e-01 1.883410e+01
9.998058e-01 1.977260e-05 1.970675e-02 4.552886e+01 -1.631650e-05 1.000000e+00 -1.755419e-04 -1.981182e+00 -1.970679e-02 1.751866e-04 9.998059e-01 1.903546e+01
9.999480e-01 -3.482664e-05 -1.019545e-02 4.577226e+01 3.434298e-05 1.000000e+00 -4.762445e-05 -1.991377e+00 1.019549e-02 4.727144e-05 9.999479e-01 1.910614e+01
9.998263e-01 8.424460e-05 1.863542e-02 4.606116e+01 -8.117145e-05 1.000000e+00 -1.656712e-04 -2.003612e+00 -1.863548e-02 1.641302e-04 9.998264e-01 1.929773e+01
1.000000e+00 -1.583017e-04 6.514549e-05 4.640297e+01 1.583250e-04 9.999999e-01 -3.557735e-04 -2.017623e+00 -6.504599e-05 3.557834e-04 9.999998e-01 1.940136e+01
9.998451e-01 1.363440e-04 1.760300e-02 4.684775e+01 -1.334913e-04 1.000000e+00 -1.632426e-04 -2.034730e+00 -1.760306e-02 1.608680e-04 9.998451e-01 1.947285e+01
9.999995e-01 -1.635639e-04 9.451814e-04 4.725946e+01 1.639152e-04 9.999999e-01 -3.714603e-04 -2.051111e+00 -9.450741e-04 3.716144e-04 9.999994e-01 1.963267e+01
9.997727e-01 1.031310e-04 2.131838e-02 4.768823e+01 -9.721484e-05 1.000000e+00 -2.785606e-04 -2.067803e+00 -2.131846e-02 2.764254e-04 9.997728e-01 1.963047e+01
9.999849e-01 -2.340904e-04 5.485130e-03 4.805227e+01 2.367598e-04 9.999999e-01 -4.859815e-04 -2.082151e+00 -5.484965e-03 4.872721e-04 9.999847e-01 1.953846e+01
9.996738e-01 9.056459e-05 2.554169e-02 4.830619e+01 -7.999960e-05 9.999999e-01 -4.146671e-04 -2.093878e+00 -2.554178e-02 4.124893e-04 9.996738e-01 1.956586e+01
9.999998e-01 -1.879825e-04 5.183684e-04 4.857231e+01 1.881463e-04 9.999999e-01 -3.155041e-04 -2.105308e+00 -5.182536e-04 3.156007e-04 9.999997e-01 1.955424e+01
9.995540e-01 5.783700e-05 2.986282e-02 4.884390e+01 -4.112020e-05 9.999998e-01 -5.604100e-04 -2.117324e+00 -2.986291e-02 5.589330e-04 9.995539e-01 1.958304e+01
9.999942e-01 -1.626692e-04 -3.384479e-03 4.914554e+01 1.619763e-04 1.000000e+00 -2.051027e-04 -2.130667e+00 3.384572e-03 2.045523e-04 9.999942e-01 1.970942e+01
9.994396e-01 4.687779e-05 3.347366e-02 4.952274e+01 -2.411180e-05 9.999998e-01 -6.805306e-04 -2.146130e+00 -3.347375e-02 6.793432e-04 9.994395e-01 1.974668e+01
9.999998e-01 -1.852390e-04 6.433421e-04 4.972553e+01 1.854119e-04 9.999999e-01 -2.679799e-04 -2.155950e+00 -6.432273e-04 2.680979e-04 9.999997e-01 1.967953e+01
9.992712e-01 -4.784342e-05 3.817248e-02 4.988023e+01 7.924180e-05 9.999997e-01 -8.210393e-04 -2.164780e+00 -3.817250e-02 8.234670e-04 9.992709e-01 1.967743e+01
9.999969e-01 -1.638344e-04 2.472272e-03 4.998229e+01 1.646494e-04 9.999999e-01 -3.292542e-04 -2.172274e+00 -2.472147e-03 3.296589e-04 9.999968e-01 1.967863e+01
9.992138e-01 -4.026708e-05 3.964695e-02 5.011242e+01 7.474902e-05 9.999996e-01 -8.682582e-04 -2.180371e+00 -3.964697e-02 8.705406e-04 9.992135e-01 1.961620e+01
9.999984e-01 -1.232784e-04 -1.747949e-03 5.031162e+01 1.229435e-04 1.000000e+00 -1.921105e-04 -2.190029e+00 1.748049e-03 1.918938e-04 9.999984e-01 1.949945e+01
9.992279e-01 -5.167312e-06 3.928955e-02 5.057536e+01 4.004443e-05 9.999996e-01 -8.869263e-04 -2.202130e+00 -3.928961e-02 8.878164e-04 9.992276e-01 1.942659e+01
9.999992e-01 -1.694639e-04 -1.202652e-03 5.080967e+01 1.692047e-04 1.000000e+00 -2.163212e-04 -2.213573e+00 1.202770e-03 2.161158e-04 9.999992e-01 1.943561e+01
9.993328e-01 1.673964e-05 3.652462e-02 5.102920e+01 1.284923e-05 9.999997e-01 -8.098970e-04 -2.224101e+00 -3.652470e-02 8.098277e-04 9.993325e-01 1.938734e+01
9.999789e-01 -1.269540e-04 -6.485284e-03 5.131883e+01 1.266201e-04 1.000000e+00 -5.206676e-05 -2.236513e+00 6.485375e-03 5.124268e-05 9.999789e-01 1.932061e+01
9.994734e-01 2.658278e-05 3.244983e-02 5.165214e+01 -4.259087e-06 9.999998e-01 -6.880454e-04 -2.249901e+00 -3.244992e-02 6.875467e-04 9.994732e-01 1.925785e+01
9.999852e-01 -1.046375e-04 -5.427359e-03 5.188608e+01 1.043014e-04 1.000000e+00 -6.242023e-05 -2.260104e+00 5.427453e-03 6.185132e-05 9.999852e-01 1.917282e+01
9.993319e-01 -1.395824e-06 3.654911e-02 5.213844e+01 3.050397e-05 9.999997e-01 -7.958855e-04 -2.271069e+00 -3.654918e-02 7.964706e-04 9.993316e-01 1.905841e+01
9.999749e-01 -9.624079e-05 -7.085696e-03 5.244935e+01 9.597205e-05 1.000000e+00 -3.844795e-05 -2.284061e+00 7.085790e-03 3.776496e-05 9.999748e-01 1.898583e+01
9.997266e-01 3.452298e-05 2.338267e-02 5.285710e+01 -2.472240e-05 9.999999e-01 -4.194823e-04 -2.299527e+00 -2.338277e-02 4.187915e-04 9.997266e-01 1.894566e+01
9.999978e-01 -1.665649e-04 2.100343e-03 5.306175e+01 1.671422e-04 9.999999e-01 -2.740396e-04 -2.308811e+00 -2.100206e-03 2.743880e-04 9.999977e-01 1.891548e+01
9.995634e-01 -8.709327e-06 2.954932e-02 5.315945e+01 2.762780e-05 9.999998e-01 -6.398732e-04 -2.315940e+00 -2.954940e-02 6.404123e-04 9.995632e-01 1.895991e+01
9.998773e-01 -2.682250e-04 1.566166e-02 5.328312e+01 2.781230e-04 9.999998e-01 -6.297152e-04 -2.324589e+00 -1.566139e-02 6.339916e-04 9.998771e-01 1.898629e+01
9.994841e-01 8.735008e-07 3.211742e-02 5.334630e+01 2.200750e-05 9.999997e-01 -7.121148e-04 -2.331318e+00 -3.211751e-02 7.124565e-04 9.994839e-01 1.896661e+01
9.998624e-01 -2.352906e-04 1.658372e-02 5.347299e+01 2.456131e-04 9.999998e-01 -6.203073e-04 -2.339865e+00 -1.658347e-02 6.242929e-04 9.998622e-01 1.894134e+01
9.999401e-01 2.078077e-04 1.094654e-02 5.387576e+01 -2.059305e-04 1.000000e+00 -1.727801e-04 -2.356033e+00 -1.094668e-02 1.705178e-04 9.999401e-01 1.891574e+01
9.999467e-01 -2.800452e-04 1.032148e-02 5.440955e+01 2.847660e-04 9.999999e-01 -4.557247e-04 -2.375785e+00 -1.032125e-02 4.586372e-04 9.999466e-01 1.890255e+01
9.998353e-01 2.025607e-04 1.814796e-02 5.486213e+01 -1.955879e-04 9.999999e-01 -3.861044e-04 -2.393366e+00 -1.814813e-02 3.824937e-04 9.998353e-01 1.882715e+01
9.998563e-01 -3.217622e-04 1.694490e-02 5.527473e+01 3.321929e-04 9.999998e-01 -6.126311e-04 -2.409866e+00 -1.694460e-02 6.181697e-04 9.998562e-01 1.871726e+01
9.999079e-01 2.094108e-04 1.357467e-02 5.572821e+01 -2.055935e-04 9.999999e-01 -2.827600e-04 -2.427448e+00 -1.357483e-02 2.799454e-04 9.999079e-01 1.863892e+01
9.996791e-01 -3.935043e-04 2.532543e-02 5.605479e+01 4.148015e-04 9.999996e-01 -8.356047e-04 -2.441842e+00 -2.532499e-02 8.458392e-04 9.996789e-01 1.864099e+01
9.998284e-01 2.347441e-04 1.852594e-02 5.635813e+01 -2.270335e-04 9.999999e-01 -4.184384e-04 -2.455720e+00 -1.852613e-02 4.141630e-04 9.998283e-01 1.857837e+01
9.997982e-01 -3.661012e-04 2.008427e-02 5.672010e+01 3.797187e-04 9.999997e-01 -6.740865e-04 -2.471111e+00 -2.008391e-02 6.815744e-04 9.997980e-01 1.852872e+01
9.999800e-01 3.197919e-04 6.317702e-03 5.717944e+01 -3.191874e-04 9.999999e-01 -9.711080e-05 -2.488707e+00 -6.317832e-03 9.509479e-05 9.999801e-01 1.847595e+01
9.996514e-01 -4.615758e-04 2.639544e-02 5.763556e+01 4.837701e-04 9.999995e-01 -8.343560e-04 -2.506481e+00 -2.639494e-02 8.468320e-04 9.996512e-01 1.839861e+01
9.999068e-01 3.357752e-04 1.365122e-02 5.798668e+01 -3.315775e-04 9.999999e-01 -3.099618e-04 -2.521508e+00 -1.365142e-02 3.054089e-04 9.999068e-01 1.832313e+01
9.998289e-01 -4.370475e-04 1.848910e-02 5.843771e+01 4.487612e-04 9.999997e-01 -6.292469e-04 -2.539289e+00 -1.848872e-02 6.374339e-04 9.998288e-01 1.827063e+01
9.997620e-01 2.671768e-04 2.181497e-02 5.879669e+01 -2.553619e-04 9.999998e-01 -5.445189e-04 -2.554645e+00 -2.181521e-02 5.388210e-04 9.997619e-01 1.825033e+01
9.997829e-01 -4.252511e-04 2.082780e-02 5.911044e+01 4.391054e-04 9.999997e-01 -6.604647e-04 -2.568621e+00 -2.082741e-02 6.694644e-04 9.997828e-01 1.819555e+01
9.999513e-01 3.578218e-04 9.865771e-03 5.954736e+01 -3.554818e-04 9.999999e-01 -2.392739e-04 -2.585878e+00 -9.865952e-03 2.357576e-04 9.999513e-01 1.812990e+01
9.998492e-01 -4.438210e-04 1.735666e-02 6.002334e+01 4.535176e-04 9.999997e-01 -5.545495e-04 -2.604082e+00 -1.735632e-02 5.623350e-04 9.998492e-01 1.807486e+01
9.999593e-01 3.646042e-04 9.019984e-03 6.051273e+01 -3.625319e-04 9.999999e-01 -2.317560e-04 -2.622745e+00 -9.020162e-03 2.284790e-04 9.999593e-01 1.803880e+01
9.999241e-01 -3.797034e-04 1.231265e-02 6.105594e+01 3.847750e-04 9.999998e-01 -4.092508e-04 -2.642797e+00 -1.231240e-02 4.139549e-04 9.999241e-01 1.801450e+01
9.999222e-01 3.345336e-04 1.247734e-02 6.158948e+01 -3.303979e-04 9.999999e-01 -3.338007e-04 -2.662599e+00 -1.247754e-02 3.296546e-04 9.999221e-01 1.796716e+01
9.998284e-01 -4.491417e-04 1.851812e-02 6.202048e+01 4.597377e-04 9.999997e-01 -5.677496e-04 -2.679616e+00 -1.851777e-02 5.761632e-04 9.998283e-01 1.790951e+01
9.999325e-01 3.132583e-04 1.162036e-02 6.241690e+01 -3.096419e-04 9.999999e-01 -3.133283e-04 -2.695445e+00 -1.162055e-02 3.097114e-04 9.999325e-01 1.784887e+01
9.997047e-01 -4.817436e-04 2.429421e-02 6.273485e+01 4.994654e-04 9.999996e-01 -7.232489e-04 -2.709343e+00 -2.429377e-02 7.351671e-04 9.997046e-01 1.781922e+01
9.998068e-01 2.856819e-04 1.965532e-02 6.298619e+01 -2.747597e-04 9.999998e-01 -5.585865e-04 -2.721814e+00 -1.965557e-02 5.530803e-04 9.998067e-01 1.784195e+01
9.998551e-01 -4.647778e-04 1.701328e-02 6.324207e+01 4.734786e-04 9.999998e-01 -5.071563e-04 -2.734079e+00 -1.701295e-02 5.151360e-04 9.998551e-01 1.787323e+01
9.998953e-01 3.034476e-04 1.447007e-02 6.344867e+01 -2.976632e-04 9.999999e-01 -4.021840e-04 -2.743947e+00 -1.447028e-02 3.978369e-04 9.998952e-01 1.782474e+01
9.998503e-01 -4.532035e-04 1.729066e-02 6.368663e+01 4.621367e-04 9.999998e-01 -5.124146e-04 -2.754968e+00 -1.729035e-02 5.203263e-04 9.998504e-01 1.778614e+01
9.999975e-01 3.699054e-04 2.226023e-03 6.406381e+01 -3.697854e-04 9.999999e-01 -5.621827e-05 -2.769584e+00 -2.226123e-03 5.539710e-05 9.999975e-01 1.769455e+01
9.996074e-01 -4.958049e-04 2.801008e-02 6.432460e+01 5.182960e-04 9.999995e-01 -7.955585e-04 -2.780886e+00 -2.800959e-02 8.097616e-04 9.996073e-01 1.757412e+01
9.999161e-01 4.250298e-04 -1.295079e-02 6.465371e+01 -4.203682e-04 9.999998e-01 3.630061e-04 -2.793561e+00 1.295087e-02 -3.575295e-04 9.999161e-01 1.745537e+01
9.999970e-01 8.335296e-05 -2.423711e-03 6.495452e+01 -8.299234e-05 1.000000e+00 1.471076e-04 -2.804971e+00 2.423802e-03 -1.469081e-04 9.999970e-01 1.737971e+01
9.999821e-01 2.549560e-04 -5.989405e-03 6.529692e+01 -2.545146e-04 1.000000e+00 7.518434e-05 -2.817139e+00 5.989345e-03 -7.365655e-05 9.999821e-01 1.725517e+01
9.999924e-01 1.111124e-04 -3.870665e-03 6.558910e+01 -1.102999e-04 1.000000e+00 2.090259e-04 -2.827844e+00 3.870768e-03 -2.085994e-04 9.999925e-01 1.713167e+01
9.999752e-01 2.832046e-04 -7.046826e-03 6.577181e+01 -2.821248e-04 9.999999e-01 1.548281e-04 -2.835586e+00 7.046789e-03 -1.528341e-04 9.999752e-01 1.708376e+01
9.999824e-01 2.167058e-04 -5.913304e-03 6.601410e+01 -2.150013e-04 9.999999e-01 2.881841e-04 -2.845614e+00 5.913447e-03 -2.869097e-04 9.999825e-01 1.708020e+01
9.999445e-01 3.571547e-04 -1.054064e-02 6.621524e+01 -3.539425e-04 9.999999e-01 3.069934e-04 -2.854213e+00 1.054067e-02 -3.032435e-04 9.999444e-01 1.706524e+01
9.999922e-01 9.407702e-05 -3.917399e-03 6.632657e+01 -9.343365e-05 1.000000e+00 1.634089e-04 -2.858572e+00 3.917497e-03 -1.630437e-04 9.999923e-01 1.685908e+01
9.999349e-01 3.184142e-04 -1.141012e-02 6.642022e+01 -3.143177e-04 9.999999e-01 3.611548e-04 -2.862387e+00 1.141015e-02 -3.575428e-04 9.999349e-01 1.663530e+01
9.999456e-01 2.951965e-04 -1.041842e-02 6.648340e+01 -2.906525e-04 9.999999e-01 4.373043e-04 -2.865266e+00 1.041863e-02 -4.342545e-04 9.999456e-01 1.640681e+01
9.998814e-01 4.280485e-04 -1.539983e-02 6.660608e+01 -4.194801e-04 9.999998e-01 5.598613e-04 -2.871953e+00 1.539998e-02 -5.533329e-04 9.998813e-01 1.645459e+01
9.999142e-01 3.239286e-04 -1.309056e-02 6.675420e+01 -3.173635e-04 9.999998e-01 5.033161e-04 -2.879278e+00 1.309080e-02 -4.991205e-04 9.999142e-01 1.646706e+01
9.997669e-01 6.215510e-04 -2.158388e-02 6.692181e+01 -6.028817e-04 9.999994e-01 8.716178e-04 -2.887065e+00 2.158432e-02 -8.584001e-04 9.997667e-01 1.645301e+01
9.998935e-01 3.676663e-04 -1.458251e-02 6.705362e+01 -3.590114e-04 9.999998e-01 5.959080e-04 -2.893951e+00 1.458281e-02 -5.906113e-04 9.998935e-01 1.647047e+01
9.998163e-01 5.805795e-04 -1.916049e-02 6.717587e+01 -5.660824e-04 9.999995e-01 7.621926e-04 -2.900825e+00 1.916083e-02 -7.512042e-04 9.998162e-01 1.653947e+01
9.998899e-01 3.462468e-04 -1.482952e-02 6.731137e+01 -3.376892e-04 9.999998e-01 5.793734e-04 -2.907938e+00 1.482981e-02 -5.743037e-04 9.998898e-01 1.657458e+01
9.998408e-01 5.822860e-04 -1.783923e-02 6.744378e+01 -5.693481e-04 9.999996e-01 7.304738e-04 -2.914872e+00 1.783955e-02 -7.201989e-04 9.998406e-01 1.659773e+01
9.999422e-01 2.563055e-04 -1.074619e-02 6.760902e+01 -2.520609e-04 9.999999e-01 3.960982e-04 -2.923026e+00 1.074639e-02 -3.933684e-04 9.999421e-01 1.667211e+01
9.998530e-01 5.168047e-04 -1.713956e-02 6.780110e+01 -5.059079e-04 9.999997e-01 6.402434e-04 -2.931568e+00 1.713979e-02 -6.314765e-04 9.998529e-01 1.664458e+01
9.999377e-01 3.097990e-04 -1.115131e-02 6.801374e+01 -3.044965e-04 9.999998e-01 4.769813e-04 -2.941168e+00 1.115155e-02 -4.735578e-04 9.999377e-01 1.672611e+01
9.998356e-01 5.256361e-04 -1.812698e-02 6.823415e+01 -5.138728e-04 9.999997e-01 6.537097e-04 -2.950540e+00 1.812722e-02 -6.442856e-04 9.998355e-01 1.670006e+01
9.999512e-01 2.435380e-04 -9.872457e-03 6.840136e+01 -2.394764e-04 9.999999e-01 4.123749e-04 -2.957394e+00 9.872655e-03 -4.099922e-04 9.999511e-01 1.652281e+01
9.998565e-01 4.599306e-04 -1.694053e-02 6.854949e+01 -4.501082e-04 9.999997e-01 5.837437e-04 -2.964097e+00 1.694070e-02 -5.760332e-04 9.998564e-01 1.642736e+01
9.999864e-01 1.303948e-04 -5.200488e-03 6.862113e+01 -1.294262e-04 1.000000e+00 1.862288e-04 -2.967314e+00 5.200611e-03 -1.855548e-04 9.999864e-01 1.619821e+01
9.998030e-01 4.747298e-04 -1.984437e-02 6.873572e+01 -4.615216e-04 9.999997e-01 6.702566e-04 -2.972013e+00 1.984458e-02 -6.609645e-04 9.998029e-01 1.594470e+01
9.999731e-01 2.839383e-04 -7.319290e-03 6.883896e+01 -2.815592e-04 9.999999e-01 3.258439e-04 -2.975934e+00 7.319481e-03 -3.237758e-04 9.999731e-01 1.562033e+01
9.998843e-01 3.473079e-04 -1.521275e-02 6.890500e+01 -3.401571e-04 9.999998e-01 4.727462e-04 -2.977896e+00 1.521282e-02 -4.675153e-04 9.998842e-01 1.519774e+01
9.999058e-01 4.260031e-04 -1.371493e-02 6.907220e+01 -4.175550e-04 9.999997e-01 6.187329e-04 -2.984656e+00 1.371529e-02 -6.129492e-04 9.999057e-01 1.500308e+01
