9.996988e-01 -2.231528e-04 2.454034e-02 2.194071e-02 2.410562e-04 9.999997e-01 -7.265946e-04 -6.018774e-03 -2.454017e-02 7.322909e-04 9.996987e-01 1.541549e-01
9.997878e-01 -1.151296e-04 2.059800e-02 9.163434e-02 1.286823e-04 9.999998e-01 -6.566336e-04 -1.471493e-02 -2.059791e-02 6.591452e-04 9.997875e-01 3.283895e-01
9.996763e-01 -2.296742e-04 2.543927e-02 1.549402e-01 2.492311e-04 9.999997e-01 -7.655992e-04 -2.328822e-02 -2.543909e-02 7.716916e-04 9.996762e-01 5.002191e-01
9.998601e-01 -1.069318e-04 1.672666e-02 2.109331e-01 1.157771e-04 9.999999e-01 -5.278455e-04 -3.211768e-02 -1.672658e-02 5.297082e-04 9.998599e-01 7.251732e-01
9.994898e-01 -2.770070e-04 3.193778e-02 2.911577e-01 3.074716e-04 9.999995e-01 -9.489681e-04 -4.104983e-02 -3.193752e-02 9.583041e-04 9.994895e-01 8.793663e-01
9.998535e-01 -8.905510e-05 1.711708e-02 3.623750e-01 9.834668e-05 9.999998e-01 -5.419814e-04 -4.947234e-02 -1.711700e-02 5.435851e-04 9.998532e-01 1.008551e+00
9.996376e-01 -2.563254e-04 2.691731e-02 4.569126e-01 2.785136e-04 9.999996e-01 -8.205673e-04 -5.819470e-02 -2.691712e-02 8.277673e-04 9.996374e-01 1.141475e+00
9.998121e-01 -6.353159e-05 1.938309e-02 5.886058e-01 7.497887e-05 9.999998e-01 -5.898492e-04 -6.762914e-02 -1.938301e-02 5.911911e-04 9.998119e-01 1.213063e+00
9.998975e-01 -1.516975e-04 1.431949e-02 8.093999e-01 1.581422e-04 9.999999e-01 -4.489413e-04 -7.900632e-02 -1.431945e-02 4.511605e-04 9.998975e-01 1.312453e+00
9.996612e-01 -1.395493e-04 2.602914e-02 9.181275e-01 1.606709e-04 9.999997e-01 -8.093654e-04 -8.825089e-02 -2.602897e-02 8.132725e-04 9.996608e-01 1.472522e+00
9.999804e-01 -5.248751e-05 6.259835e-03 1.070094e+00 5.383988e-05 1.000000e+00 -2.159060e-04 -9.755896e-02 -6.259867e-03 2.162397e-04 9.999805e-01 1.566192e+00
9.997520e-01 -1.379959e-04 2.226972e-02 1.223028e+00 1.528780e-04 9.999998e-01 -6.665551e-04 -1.074042e-01 -2.226958e-02 6.697934e-04 9.997517e-01 1.721105e+00
9.998342e-01 -1.898961e-04 1.820719e-02 1.257250e+00 2.010252e-04 9.999998e-01 -6.094380e-04 -1.145852e-01 -1.820712e-02 6.129982e-04 9.998341e-01 1.863619e+00
9.998031e-01 -6.312666e-05 1.984203e-02 1.395086e+00 7.445219e-05 9.999998e-01 -5.700291e-04 -1.241721e-01 -1.984194e-02 5.713930e-04 9.998029e-01 1.979522e+00
9.997548e-01 -2.250443e-04 2.214201e-02 1.508121e+00 2.408914e-04 9.999997e-01 -7.130572e-04 -1.321055e-01 -2.214189e-02 7.182176e-04 9.997547e-01 1.985021e+00
9.999749e-01 4.481700e-05 7.078686e-03 1.529593e+00 -4.332307e-05 1.000000e+00 -2.111318e-04 -1.370732e-01 -7.078636e-03 2.108185e-04 9.999748e-01 2.019623e+00
9.998091e-01 -1.596827e-04 1.953837e-02 1.599917e+00 1.712521e-04 9.999998e-01 -5.904955e-04 -1.434765e-01 -1.953833e-02 5.937303e-04 9.998090e-01 2.070300e+00
9.999185e-01 -4.482206e-05 1.276481e-02 1.794027e+00 5.017303e-05 9.999999e-01 -4.188326e-04 -1.546155e-01 -1.276473e-02 4.194373e-04 9.999184e-01 2.217016e+00
9.996756e-01 -2.246280e-04 2.547072e-02 1.954634e+00 2.443132e-04 9.999997e-01 -7.697702e-04 -1.646750e-01 -2.547061e-02 7.757449e-04 9.996754e-01 2.328348e+00
9.999122e-01 -5.709194e-05 1.324905e-02 1.995143e+00 6.312941e-05 9.999999e-01 -4.552188e-04 -1.705676e-01 -1.324895e-02 4.560134e-04 9.999120e-01 2.369337e+00
9.997634e-01 -2.090993e-04 2.175208e-02 2.124628e+00 2.226806e-04 9.999998e-01 -6.219820e-04 -1.792835e-01 -2.175202e-02 6.266805e-04 9.997633e-01 2.439225e+00
9.999593e-01 6.669215e-05 9.015283e-03 2.436167e+00 -6.348919e-05 9.999999e-01 -3.554712e-04 -1.943214e-01 -9.015232e-03 3.548824e-04 9.999592e-01 2.655545e+00
9.998546e-01 -1.525376e-04 1.705144e-02 2.906511e+00 1.603099e-04 9.999999e-01 -4.544985e-04 -2.129981e-01 -1.705145e-02 4.571679e-04 9.998546e-01 2.724961e+00
9.998821e-01 -3.393449e-05 1.535230e-02 3.358680e+00 4.234807e-05 9.999998e-01 -5.476449e-04 -2.310260e-01 -1.535220e-02 5.482284e-04 9.998819e-01 2.735365e+00
9.999154e-01 -3.996765e-05 1.301245e-02 3.749001e+00 4.407535e-05 9.999999e-01 -3.154695e-04 -2.474631e-01 -1.301252e-02 3.160185e-04 9.999154e-01 2.831792e+00
9.999629e-01 1.671202e-05 8.612481e-03 4.190508e+00 -1.360090e-05 9.999999e-01 -3.611632e-04 -2.656723e-01 -8.612406e-03 3.610305e-04 9.999628e-01 3.044223e+00
9.999836e-01 -4.925968e-05 5.728507e-03 4.596492e+00 4.993597e-05 1.000000e+00 -1.181155e-04 -2.818220e-01 -5.728583e-03 1.184018e-04 9.999837e-01 3.184597e+00
9.999896e-01 1.847866e-04 4.554582e-03 4.929525e+00 -1.840254e-04 1.000000e+00 -1.672719e-04 -2.962353e-01 -4.554530e-03 1.664298e-04 9.999895e-01 3.339583e+00
9.999664e-01 -1.765228e-04 8.195293e-03 5.402540e+00 1.788657e-04 9.999999e-01 -2.853051e-04 -3.139558e-01 -8.195326e-03 2.867636e-04 9.999665e-01 3.356300e+00
9.999869e-01 1.711500e-04 5.112665e-03 5.823982e+00 -1.707070e-04 1.000000e+00 -8.683720e-05 -3.302137e-01 -5.112596e-03 8.596102e-05 9.999868e-01 3.434499e+00
9.999584e-01 -1.863832e-04 9.121394e-03 6.119439e+00 1.892999e-04 9.999999e-01 -3.190477e-04 -3.432815e-01 -9.121418e-03 3.207634e-04 9.999584e-01 3.621452e+00
9.999879e-01 2.513016e-04 -4.916104e-03 6.524667e+00 -2.505352e-04 1.000000e+00 1.562382e-04 -3.588532e-01 4.916227e-03 -1.550070e-04 9.999878e-01 3.745125e+00
9.999370e-01 -1.990654e-04 1.122776e-02 6.885979e+00 2.033634e-04 9.999999e-01 -3.817722e-04 -3.734044e-01 -1.122777e-02 3.840337e-04 9.999370e-01 3.935394e+00
9.999790e-01 2.678671e-04 -6.473313e-03 7.294994e+00 -2.665101e-04 9.999999e-01 2.102860e-04 -3.892716e-01 6.473455e-03 -2.085587e-04 9.999789e-01 4.083670e+00
9.999533e-01 -1.737272e-04 9.664074e-03 7.758006e+00 1.772344e-04 9.999999e-01 -3.621913e-04 -4.068268e-01 -9.664095e-03 3.638895e-04 9.999533e-01 4.235553e+00
9.999468e-01 2.656432e-04 -1.031282e-02 8.102281e+00 -2.622858e-04 9.999999e-01 3.267757e-04 -4.211428e-01 1.031299e-02 -3.240557e-04 9.999467e-01 4.462282e+00
9.999644e-01 -1.274799e-04 8.437536e-03 8.450836e+00 1.299648e-04 9.999999e-01 -2.941177e-04 -4.358059e-01 -8.437583e-03 2.952062e-04 9.999644e-01 4.707054e+00
9.999656e-01 2.315959e-04 -8.293111e-03 8.851523e+00 -2.295993e-04 9.999999e-01 2.415371e-04 -4.517930e-01 8.293252e-03 -2.396270e-04 9.999655e-01 4.905284e+00
9.999070e-01 -1.048737e-04 1.364190e-02 9.344267e+00 1.109815e-04 9.999999e-01 -4.470636e-04 -4.704531e-01 -1.364193e-02 4.485384e-04 9.999069e-01 5.081404e+00
9.999022e-01 1.842188e-04 -1.398084e-02 9.647755e+00 -1.781188e-04 9.999999e-01 4.374532e-04 -4.838130e-01 1.398100e-02 -4.349225e-04 9.999021e-01 5.318564e+00
9.998880e-01 -1.300911e-04 1.496838e-02 9.866814e+00 1.375362e-04 9.999999e-01 -4.964493e-04 -4.946192e-01 -1.496840e-02 4.984547e-04 9.998879e-01 5.558651e+00
9.999491e-01 1.814592e-04 -1.008921e-02 1.021112e+01 -1.779986e-04 9.999999e-01 3.437542e-04 -5.081373e-01 1.008935e-02 -3.419431e-04 9.999490e-01 5.654462e+00
9.998578e-01 -1.255794e-04 1.686382e-02 1.058039e+01 1.346767e-04 9.999998e-01 -5.383981e-04 -5.227742e-01 -1.686383e-02 5.405951e-04 9.998577e-01 5.795117e+00
9.999877e-01 1.289962e-04 -4.945152e-03 1.098846e+01 -1.279798e-04 1.000000e+00 2.055744e-04 -5.389270e-01 4.945265e-03 -2.049414e-04 9.999877e-01 5.952265e+00
9.999174e-01 -9.848085e-05 1.285459e-02 1.129970e+01 1.040488e-04 9.999999e-01 -4.325852e-04 -5.519862e-01 -1.285463e-02 4.338894e-04 9.999174e-01 6.096962e+00
9.999891e-01 1.647629e-04 -4.656569e-03 1.173755e+01 -1.637821e-04 1.000000e+00 2.106950e-04 -5.685398e-01 4.656691e-03 -2.099324e-04 9.999891e-01 6.164971e+00
9.999667e-01 -1.024683e-04 8.161162e-03 1.205480e+01 1.051739e-04 9.999999e-01 -3.312597e-04 -5.820681e-01 -8.161215e-03 3.321094e-04 9.999667e-01 6.384266e+00
9.999828e-01 1.500887e-04 -5.851023e-03 1.217545e+01 -1.484159e-04 9.999999e-01 2.860781e-04 -5.916915e-01 5.851154e-03 -2.852072e-04 9.999828e-01 6.759123e+00
9.999811e-01 -1.264635e-04 6.143928e-03 1.233396e+01 1.281976e-04 1.000000e+00 -2.820836e-04 -6.006992e-01 -6.143980e-03 2.828684e-04 9.999812e-01 6.984538e+00
9.999854e-01 1.655087e-04 -5.391450e-03 1.274317e+01 -1.643631e-04 1.000000e+00 2.126585e-04 -6.158447e-01 5.391573e-03 -2.117716e-04 9.999854e-01 6.915577e+00
9.999887e-01 -1.440589e-04 4.767207e-03 1.321256e+01 1.454824e-04 9.999999e-01 -2.985647e-04 -6.329346e-01 -4.767251e-03 2.992572e-04 9.999887e-01 6.836075e+00
9.999953e-01 2.115624e-04 -3.058612e-03 1.367674e+01 -2.109162e-04 1.000000e+00 2.110898e-04 -6.493460e-01 3.058745e-03 -2.104461e-04 9.999952e-01 6.633737e+00
9.999523e-01 -1.723597e-04 9.764138e-03 1.404976e+01 1.754193e-04 9.999999e-01 -3.126423e-04 -6.618816e-01 -9.764172e-03 3.143427e-04 9.999524e-01 6.328806e+00
9.999996e-01 1.367214e-04 8.472598e-04 1.431252e+01 -1.367632e-04 1.000000e+00 5.108340e-05 -6.736526e-01 -8.471640e-04 -5.120166e-05 9.999996e-01 6.473220e+00
9.999992e-01 -1.174764e-04 1.292476e-03 1.436185e+01 1.175730e-04 1.000000e+00 -7.580627e-05 -6.809399e-01 -1.292556e-03 7.596058e-05 9.999992e-01 6.802195e+00
9.999999e-01 1.217663e-04 -4.208022e-04 1.436552e+01 -1.217435e-04 1.000000e+00 5.078445e-05 -6.873544e-01 4.208973e-04 -5.073562e-05 9.999998e-01 7.138550e+00
9.999807e-01 -7.255635e-05 6.209963e-03 1.458999e+01 7.387062e-05 1.000000e+00 -2.116499e-04 -6.993602e-01 -6.210037e-03 2.121070e-04 9.999808e-01 7.462474e+00
9.999851e-01 1.480132e-04 -5.456158e-03 1.493288e+01 -1.471463e-04 1.000000e+00 1.590228e-04 -7.135640e-01 5.456271e-03 -1.582199e-04 9.999850e-01 7.649993e+00
9.999846e-01 -5.257195e-05 5.546332e-03 1.524126e+01 5.353962e-05 1.000000e+00 -1.745916e-04 -7.274451e-01 -5.546412e-03 1.748882e-04 9.999847e-01 7.930880e+00
9.999953e-01 1.440434e-04 -3.055238e-03 1.554392e+01 -1.438062e-04 1.000000e+00 7.736767e-05 -7.410504e-01 3.055338e-03 -7.693035e-05 9.999953e-01 8.213211e+00
9.999952e-01 -1.004460e-04 3.092215e-03 1.583581e+01 1.008099e-04 1.000000e+00 -1.180042e-04 -7.533396e-01 -3.092293e-03 1.183178e-04 9.999953e-01 8.327397e+00
9.999983e-01 1.644502e-04 -1.839048e-03 1.621687e+01 -1.643723e-04 1.000000e+00 4.165771e-05 -7.684386e-01 1.839144e-03 -4.135776e-05 9.999982e-01 8.433477e+00
9.999964e-01 -9.514071e-05 2.681107e-03 1.675803e+01 9.554055e-05 1.000000e+00 -1.495704e-04 -7.878702e-01 -2.681182e-03 1.498285e-04 9.999965e-01 8.368454e+00
9.999950e-01 1.195709e-04 -3.156769e-03 1.714217e+01 -1.193016e-04 1.000000e+00 8.502997e-05 -8.024486e-01 3.156869e-03 -8.465536e-05 9.999949e-01 8.354066e+00
9.999832e-01 -3.591838e-05 5.793821e-03 1.756590e+01 3.709147e-05 1.000000e+00 -2.026267e-04 -8.185769e-01 -5.793903e-03 2.028406e-04 9.999833e-01 8.435137e+00
9.999972e-01 1.082582e-04 2.349454e-03 1.803462e+01 -1.081818e-04 1.000000e+00 -3.197609e-05 -8.360698e-01 -2.349367e-03 3.171941e-05 9.999972e-01 8.526730e+00
9.998883e-01 -1.188833e-04 1.494970e-02 1.843633e+01 1.260393e-04 9.999999e-01 -4.778318e-04 -8.521742e-01 -1.494973e-02 4.796651e-04 9.998882e-01 8.659254e+00
9.999915e-01 1.667643e-04 -4.121897e-03 1.894810e+01 -1.662155e-04 1.000000e+00 1.330790e-04 -8.714785e-01 4.122010e-03 -1.323952e-04 9.999914e-01 8.804712e+00
9.999270e-01 -5.888239e-05 1.208742e-02 1.939829e+01 6.381901e-05 9.999999e-01 -4.081576e-04 -8.892858e-01 -1.208748e-02 4.089017e-04 9.999269e-01 9.059164e+00
9.999611e-01 1.737926e-04 -8.816822e-03 1.979121e+01 -1.714976e-04 1.000000e+00 2.608678e-04 -9.055712e-01 8.816959e-03 -2.593481e-04 9.999610e-01 9.336166e+00
9.998980e-01 -4.570428e-05 1.428191e-02 2.024866e+01 5.210837e-05 9.999999e-01 -4.481474e-04 -9.233939e-01 -1.428198e-02 4.488484e-04 9.998980e-01 9.554204e+00
9.999516e-01 1.844709e-04 -9.837466e-03 2.061600e+01 -1.814744e-04 9.999999e-01 3.053192e-04 -9.390836e-01 9.837613e-03 -3.035216e-04 9.999515e-01 9.858255e+00
9.999223e-01 -2.391886e-05 1.246487e-02 2.112861e+01 2.957618e-05 9.999999e-01 -4.538083e-04 -9.585516e-01 -1.246495e-02 4.541442e-04 9.999223e-01 1.007185e+01
9.999464e-01 1.715131e-04 -1.034603e-02 2.171674e+01 -1.682686e-04 9.999999e-01 3.143113e-04 -9.802918e-01 1.034617e-02 -3.125560e-04 9.999464e-01 1.022592e+01
9.999099e-01 4.249621e-06 1.342933e-02 2.228256e+01 1.901514e-06 9.999999e-01 -4.581469e-04 -1.001391e+00 -1.342942e-02 4.581337e-04 9.999098e-01 1.043849e+01
9.999560e-01 1.267583e-04 -9.381210e-03 2.285992e+01 -1.244358e-04 1.000000e+00 2.479637e-04 -1.022716e+00 9.381333e-03 -2.467880e-04 9.999559e-01 1.057430e+01
9.999378e-01 2.505983e-05 1.115524e-02 2.355420e+01 -2.062975e-05 9.999999e-01 -3.973941e-04 -1.047614e+00 -1.115534e-02 3.971417e-04 9.999378e-01 1.065859e+01
9.999797e-01 1.107567e-04 -6.359685e-03 2.419379e+01 -1.096210e-04 1.000000e+00 1.786491e-04 -1.070482e+00 6.359798e-03 -1.779508e-04 9.999797e-01 1.072200e+01
9.999323e-01 2.593992e-06 1.164260e-02 2.466061e+01 1.523398e-06 9.999999e-01 -3.537847e-04 -1.088060e+00 -1.164269e-02 3.537810e-04 9.999322e-01 1.085274e+01
9.999654e-01 1.164955e-04 -8.310330e-03 2.524791e+01 -1.152031e-04 1.000000e+00 1.557839e-04 -1.109599e+00 8.310441e-03 -1.548236e-04 9.999654e-01 1.097350e+01
9.999620e-01 -3.078731e-05 8.719993e-03 2.580911e+01 3.312481e-05 1.000000e+00 -2.681131e-04 -1.130137e+00 -8.720077e-03 2.683942e-04 9.999620e-01 1.098938e+01
9.999713e-01 1.334929e-04 -7.570843e-03 2.623766e+01 -1.320059e-04 1.000000e+00 1.966889e-04 -1.146787e+00 7.570962e-03 -1.956864e-04 9.999713e-01 1.115405e+01
9.999850e-01 -1.316842e-05 5.481605e-03 2.666736e+01 1.419089e-05 1.000000e+00 -1.868009e-04 -1.163424e+00 -5.481695e-03 1.868784e-04 9.999850e-01 1.128897e+01
9.999938e-01 8.860284e-05 -3.524371e-03 2.708601e+01 -8.829794e-05 1.000000e+00 8.617659e-05 -1.178983e+00 3.524472e-03 -8.586736e-05 9.999937e-01 1.128802e+01
9.999775e-01 -6.457453e-05 6.712577e-03 2.737111e+01 6.577713e-05 1.000000e+00 -1.791933e-04 -1.190381e+00 -6.712658e-03 1.796334e-04 9.999775e-01 1.131883e+01
9.999946e-01 1.526953e-04 -3.261107e-03 2.777247e+01 -1.525330e-04 1.000000e+00 4.948217e-05 -1.206122e+00 3.261207e-03 -4.898698e-05 9.999946e-01 1.147936e+01
9.999947e-01 -9.263457e-05 3.273344e-03 2.814695e+01 9.293152e-05 1.000000e+00 -9.109465e-05 -1.220886e+00 -3.273428e-03 9.140087e-05 9.999947e-01 1.155924e+01
9.999953e-01 1.518368e-04 -3.057538e-03 2.859304e+01 -1.517664e-04 1.000000e+00 2.269378e-05 -1.237471e+00 3.057635e-03 -2.223215e-05 9.999953e-01 1.153386e+01
9.999739e-01 -3.522888e-05 7.228459e-03 2.913333e+01 3.653585e-05 1.000000e+00 -1.809183e-04 -1.256950e+00 -7.228546e-03 1.811802e-04 9.999739e-01 1.152033e+01
9.999899e-01 1.338564e-04 -4.492104e-03 2.961281e+01 -1.336058e-04 1.000000e+00 5.569242e-05 -1.274949e+00 4.492205e-03 -5.509419e-05 9.999898e-01 1.160144e+01
9.999547e-01 -4.825320e-05 9.525627e-03 2.997603e+01 5.025351e-05 1.000000e+00 -2.099370e-04 -1.290093e+00 -9.525710e-03 2.104087e-04 9.999547e-01 1.184335e+01
9.999818e-01 9.733485e-05 -6.020387e-03 3.033105e+01 -9.677528e-05 1.000000e+00 9.293952e-05 -1.303586e+00 6.020490e-03 -9.235772e-05 9.999818e-01 1.184954e+01
9.999843e-01 -6.122409e-05 5.616404e-03 3.063407e+01 6.195413e-05 1.000000e+00 -1.301241e-04 -1.316128e+00 -5.616490e-03 1.304726e-04 9.999843e-01 1.194049e+01
9.999835e-01 7.765503e-05 -5.744457e-03 3.090606e+01 -7.710232e-05 1.000000e+00 9.612485e-05 -1.327022e+00 5.744559e-03 -9.568287e-05 9.999834e-01 1.191308e+01
9.999777e-01 -4.324605e-05 6.689586e-03 3.123584e+01 4.419983e-05 1.000000e+00 -1.426936e-04 -1.339590e+00 -6.689674e-03 1.429886e-04 9.999777e-01 1.186651e+01
9.999971e-01 1.306430e-04 -2.381331e-03 3.165459e+01 -1.306454e-04 1.000000e+00 -1.589011e-06 -1.355430e+00 2.381425e-03 1.897597e-06 9.999971e-01 1.194374e+01
9.999852e-01 -5.270367e-05 5.447163e-03 3.201710e+01 5.321924e-05 1.000000e+00 -9.483278e-05 -1.369538e+00 -5.447252e-03 9.512380e-05 9.999852e-01 1.202064e+01
9.999950e-01 1.311569e-04 -3.161132e-03 3.231392e+01 -1.310892e-04 1.000000e+00 2.105341e-05 -1.382335e+00 3.161229e-03 -2.064144e-05 9.999949e-01 1.221436e+01
9.999648e-01 -5.055330e-05 8.390722e-03 3.273922e+01 5.217276e-05 1.000000e+00 -1.930012e-04 -1.398471e+00 -8.390806e-03 1.934347e-04 9.999648e-01 1.229639e+01
9.999923e-01 1.630618e-04 -3.913031e-03 3.329742e+01 -1.631108e-04 1.000000e+00 -1.267332e-05 -1.419010e+00 3.913123e-03 1.330896e-05 9.999923e-01 1.241072e+01
9.999804e-01 -3.700907e-05 6.260763e-03 3.383998e+01 3.777790e-05 1.000000e+00 -1.229738e-04 -1.439165e+00 -6.260853e-03 1.232105e-04 9.999805e-01 1.251469e+01
9.999944e-01 1.488311e-04 -3.345372e-03 3.431541e+01 -1.488943e-04 1.000000e+00 -1.918681e-05 -1.457330e+00 3.345464e-03 1.968228e-05 9.999943e-01 1.267063e+01
9.999789e-01 -3.063200e-05 6.496171e-03 3.468976e+01 3.129635e-05 1.000000e+00 -1.024483e-04 -1.472918e+00 -6.496262e-03 1.026520e-04 9.999790e-01 1.291765e+01
9.999881e-01 9.179659e-05 -4.878845e-03 3.496450e+01 -9.151867e-05 1.000000e+00 5.680788e-05 -1.484725e+00 4.878945e-03 -5.636323e-05 9.999880e-01 1.305667e+01
9.999697e-01 2.152695e-05 7.786468e-03 3.543983e+01 -2.008531e-05 1.000000e+00 -1.854597e-04 -1.502704e+00 -7.786566e-03 1.853002e-04 9.999697e-01 1.318157e+01
9.999981e-01 1.184729e-04 -1.937447e-03 3.589969e+01 -1.184643e-04 1.000000e+00 3.561552e-06 -1.520408e+00 1.937543e-03 -3.334555e-06 9.999981e-01 1.337896e+01
9.999508e-01 -3.209268e-05 9.927151e-03 3.632128e+01 3.428539e-05 1.000000e+00 -2.208971e-04 -1.536645e+00 -9.927239e-03 2.212291e-04 9.999508e-01 1.352086e+01
9.999960e-01 1.078543e-04 -2.824487e-03 3.667015e+01 -1.077828e-04 1.000000e+00 2.479178e-05 -1.551012e+00 2.824586e-03 -2.448978e-05 9.999959e-01 1.373322e+01
9.999970e-01 -2.187549e-05 2.444648e-03 3.689948e+01 2.187300e-05 1.000000e+00 2.695076e-07 -1.563401e+00 -2.444743e-03 -2.134967e-07 9.999971e-01 1.408863e+01
9.999996e-01 1.538452e-04 8.859213e-04 3.740895e+01 -1.537108e-04 1.000000e+00 -1.496080e-04 -1.582569e+00 -8.858486e-04 1.494692e-04 9.999995e-01 1.424802e+01
9.999590e-01 -1.402043e-04 9.058432e-03 3.775613e+01 1.412267e-04 1.000000e+00 -1.124322e-04 -1.597188e+00 -9.058512e-03 1.137094e-04 9.999590e-01 1.449574e+01
9.999969e-01 2.032111e-04 -2.459901e-03 3.813292e+01 -2.034692e-04 1.000000e+00 -1.054654e-04 -1.612264e+00 2.459975e-03 1.059631e-04 9.999969e-01 1.468948e+01
9.999598e-01 -7.462493e-05 8.973513e-03 3.870455e+01 7.571092e-05 1.000000e+00 -1.208981e-04 -1.632945e+00 -8.973600e-03 1.215752e-04 9.999598e-01 1.478182e+01
9.999999e-01 1.677892e-04 9.761942e-06 3.909192e+01 -1.677859e-04 1.000000e+00 -1.295001e-04 -1.648867e+00 -9.687164e-06 1.294959e-04 9.999999e-01 1.504595e+01
9.999872e-01 -6.268034e-05 5.069991e-03 3.945842e+01 6.295158e-05 1.000000e+00 -5.373019e-05 -1.664186e+00 -5.070084e-03 5.405122e-05 9.999872e-01 1.530095e+01
9.999999e-01 1.884341e-04 -1.849001e-04 3.990417e+01 -1.884518e-04 1.000000e+00 -1.062700e-04 -1.681347e+00 1.849769e-04 1.063023e-04 9.999999e-01 1.547872e+01
9.999614e-01 -1.594070e-04 8.789836e-03 4.024345e+01 1.605052e-04 1.000000e+00 -1.244569e-04 -1.695720e+00 -8.789913e-03 1.258655e-04 9.999614e-01 1.570857e+01
9.999932e-01 1.822779e-04 3.676547e-03 4.063873e+01 -1.814468e-04 1.000000e+00 -2.258254e-04 -1.710979e+00 -3.676491e-03 2.251542e-04 9.999932e-01 1.576644e+01
9.999689e-01 -1.571179e-04 7.884248e-03 4.099949e+01 1.578417e-04 1.000000e+00 -9.144322e-05 -1.725958e+00 -7.884331e-03 9.268742e-05 9.999690e-01 1.598682e+01
9.999935e-01 2.137920e-04 -3.581125e-03 4.129660e+01 -2.139109e-04 1.000000e+00 -3.340350e-05 -1.738643e+00 3.581216e-03 3.416677e-05 9.999935e-01 1.616859e+01
9.999823e-01 -1.160381e-04 5.950895e-03 4.175532e+01 1.165727e-04 1.000000e+00 -8.982888e-05 -1.756046e+00 -5.950982e-03 9.052358e-05 9.999823e-01 1.626358e+01
9.999952e-01 2.099230e-04 -3.086716e-03 4.229016e+01 -2.100925e-04 1.000000e+00 -5.524730e-05 -1.775371e+00 3.086802e-03 5.589298e-05 9.999952e-01 1.623487e+01
9.999927e-01 -1.085790e-04 3.833226e-03 4.284529e+01 1.087145e-04 1.000000e+00 -3.569620e-05 -1.795850e+00 -3.833320e-03 3.611525e-05 9.999927e-01 1.627821e+01
9.999988e-01 2.252081e-04 1.537119e-03 4.338129e+01 -2.249386e-04 1.000000e+00 -1.740786e-04 -1.815626e+00 -1.537060e-03 1.737301e-04 9.999987e-01 1.638865e+01
9.999954e-01 -1.050269e-04 3.046275e-03 4.389798e+01 1.050542e-04 1.000000e+00 -9.504478e-06 -1.834806e+00 -3.046372e-03 9.827040e-06 9.999954e-01 1.651707e+01
9.999995e-01 2.044847e-04 -8.833904e-04 4.431370e+01 -2.045733e-04 1.000000e+00 -1.026392e-04 -1.851092e+00 8.834674e-04 1.028173e-04 9.999995e-01 1.669269e+01
9.999997e-01 -1.799108e-04 7.482166e-04 4.450406e+01 1.798357e-04 1.000000e+00 9.763993e-05 -1.860735e+00 -7.483322e-04 -9.750276e-05 9.999998e-01 1.688230e+01
9.999974e-01 2.053367e-04 -2.248282e-03 4.493839e+01 -2.057283e-04 1.000000e+00 -1.748976e-04 -1.876269e+00 2.248344e-03 1.753571e-04 9.999974e-01 1.675825e+01
9.999997e-01 -1.600608e-04 8.449768e-04 4.542697e+01 1.599922e-04 1.000000e+00 7.877823e-05 -1.893364e+00 -8.450873e-04 -7.864042e-05 9.999997e-01 1.658784e+01
9.999960e-01 1.966651e-04 -2.797086e-03 4.580931e+01 -1.969382e-04 1.000000e+00 -9.810627e-05 -1.906084e+00 2.797164e-03 9.865417e-05 9.999960e-01 1.625288e+01
9.999999e-01 -1.662743e-04 4.109932e-04 4.612745e+01 1.662255e-04 1.000000e+00 1.136516e-04 -1.916946e+00 -4.111100e-04 -1.135807e-04 1.000000e+00 1.598657e+01
9.999970e-01 1.785548e-04 -2.428140e-03 4.648741e+01 -1.789535e-04 1.000000e+00 -1.648703e-04 -1.929961e+00 2.428209e-03 1.653018e-04 9.999970e-01 1.586224e+01
9.999998e-01 -1.663081e-04 7.281861e-04 4.687434e+01 1.662225e-04 1.000000e+00 1.146725e-04 -1.943671e+00 -7.283029e-04 -1.145488e-04 9.999998e-01 1.569084e+01
9.999975e-01 2.106773e-04 -2.228851e-03 4.736521e+01 -2.111400e-04 1.000000e+00 -2.083222e-04 -1.961211e+00 2.228905e-03 2.087897e-04 9.999974e-01 1.560321e+01
9.999993e-01 -1.903205e-04 1.183568e-03 4.770885e+01 1.901369e-04 1.000000e+00 1.534443e-04 -1.974119e+00 -1.183695e-03 -1.532165e-04 9.999993e-01 1.553685e+01
9.999989e-01 2.107353e-04 -1.408654e-03 4.804738e+01 -2.110217e-04 1.000000e+00 -2.046823e-04 -1.987261e+00 1.408708e-03 2.049768e-04 9.999989e-01 1.553473e+01
1.000000e+00 -1.938300e-04 -2.504827e-04 4.845542e+01 1.938643e-04 1.000000e+00 1.452817e-04 -2.002535e+00 2.503568e-04 -1.453276e-04 1.000000e+00 1.552320e+01
9.999955e-01 2.199634e-04 -2.974273e-03 4.868016e+01 -2.203503e-04 1.000000e+00 -1.304392e-04 -2.012264e+00 2.974342e-03 1.310914e-04 9.999955e-01 1.560486e+01
9.999999e-01 -1.848906e-04 -3.825589e-04 4.888355e+01 1.849740e-04 1.000000e+00 2.236352e-04 -2.022243e+00 3.824200e-04 -2.237033e-04 1.000000e+00 1.583335e+01
9.999970e-01 3.022376e-04 2.418299e-03 4.932965e+01 -3.014132e-04 9.999999e-01 -3.403725e-04 -2.039655e+00 -2.418304e-03 3.396400e-04 9.999970e-01 1.601730e+01
9.999958e-01 -1.122676e-04 2.914029e-03 4.995839e+01 1.119223e-04 1.000000e+00 1.179439e-04 -2.062999e+00 -2.914139e-03 -1.176146e-04 9.999958e-01 1.627571e+01
9.999975e-01 2.450926e-04 -2.188382e-03 5.042634e+01 -2.454553e-04 1.000000e+00 -1.664772e-04 -2.081238e+00 2.188439e-03 1.670113e-04 9.999975e-01 1.649163e+01
9.999990e-01 -1.354943e-04 1.449389e-03 5.085291e+01 1.352647e-04 1.000000e+00 1.570276e-04 -2.098075e+00 -1.449508e-03 -1.568288e-04 9.999990e-01 1.670472e+01
9.999960e-01 2.727444e-04 -2.811051e-03 5.131429e+01 -2.731976e-04 9.999999e-01 -1.615792e-04 -2.116049e+00 2.811104e-03 1.623440e-04 9.999960e-01 1.692804e+01
9.999781e-01 -1.577449e-04 6.619207e-03 5.191133e+01 1.580545e-04 1.000000e+00 -4.656778e-05 -2.137803e+00 -6.619298e-03 4.761556e-05 9.999782e-01 1.704394e+01
9.999907e-01 2.653907e-04 -4.296127e-03 5.244504e+01 -2.658248e-04 1.000000e+00 -1.009687e-04 -2.157624e+00 4.296198e-03 1.021072e-04 9.999907e-01 1.718145e+01
9.999892e-01 -1.893083e-04 4.642926e-03 5.283862e+01 1.892031e-04 1.000000e+00 2.263657e-05 -2.172804e+00 -4.643028e-03 -2.175526e-05 9.999893e-01 1.724738e+01
9.999984e-01 2.533093e-04 -1.751607e-03 5.314789e+01 -2.534876e-04 1.000000e+00 -1.027866e-04 -2.185385e+00 1.751679e-03 1.032279e-04 9.999984e-01 1.737851e+01
9.999966e-01 -2.165439e-04 2.596512e-03 5.337992e+01 2.163870e-04 1.000000e+00 5.991931e-05 -2.196217e+00 -2.596623e-03 -5.935465e-05 9.999967e-01 1.758634e+01
9.999928e-01 2.767380e-04 3.771561e-03 5.379848e+01 -2.757644e-04 9.999999e-01 -2.580921e-04 -2.212434e+00 -3.771534e-03 2.570476e-04 9.999928e-01 1.772801e+01
9.998151e-01 -4.079573e-04 1.922701e-02 5.418900e+01 4.161474e-04 9.999998e-01 -4.220844e-04 -2.228252e+00 -1.922693e-02 4.300103e-04 9.998151e-01 1.781962e+01
9.999996e-01 3.324975e-04 8.275433e-04 5.457053e+01 -3.323566e-04 9.999999e-01 -1.676336e-04 -2.243642e+00 -8.275002e-04 1.673558e-04 9.999996e-01 1.786089e+01
9.999116e-01 -3.008635e-04 1.329349e-02 5.507110e+01 3.040543e-04 9.999999e-01 -2.381805e-04 -2.262392e+00 -1.329351e-02 2.422041e-04 9.999117e-01 1.795263e+01
9.999790e-01 2.482362e-04 6.472962e-03 5.551802e+01 -2.459758e-04 9.999999e-01 -3.496336e-04 -2.279787e+00 -6.472949e-03 3.480314e-04 9.999789e-01 1.803324e+01
9.999072e-01 -3.049277e-04 1.362615e-02 5.597488e+01 3.084384e-04 9.999999e-01 -2.557175e-04 -2.297370e+00 -1.362617e-02 2.598992e-04 9.999072e-01 1.806272e+01
9.999867e-01 3.596534e-04 -5.145253e-03 5.650005e+01 -3.598210e-04 9.999999e-01 -3.212637e-05 -2.316246e+00 5.145341e-03 3.397466e-05 9.999867e-01 1.806557e+01
9.998621e-01 -3.200374e-04 1.660565e-02 5.700484e+01 3.256009e-04 9.999999e-01 -3.324769e-04 -2.335003e+00 -1.660564e-02 3.378406e-04 9.998621e-01 1.812975e+01
9.999998e-01 2.557745e-04 4.032662e-04 5.749240e+01 -2.557076e-04 1.000000e+00 -1.597623e-04 -2.353612e+00 -4.032072e-04 1.596565e-04 9.999999e-01 1.824829e+01
9.997904e-01 -2.666419e-04 2.047210e-02 5.800406e+01 2.762709e-04 9.999999e-01 -4.676449e-04 -2.372936e+00 -2.047207e-02 4.732055e-04 9.997904e-01 1.831103e+01
9.999428e-01 3.180846e-04 -1.068939e-02 5.843905e+01 -3.161882e-04 9.999999e-01 1.788487e-04 -2.389688e+00 1.068955e-02 -1.754613e-04 9.999428e-01 1.846838e+01
9.998973e-01 -2.190583e-04 1.433139e-02 5.895965e+01 2.242576e-04 9.999999e-01 -3.613724e-04 -2.409235e+00 -1.433141e-02 3.645519e-04 9.998973e-01 1.860375e+01
9.999241e-01 3.302496e-04 -1.231493e-02 5.965571e+01 -3.279209e-04 9.999999e-01 1.908969e-04 -2.433757e+00 1.231509e-02 -1.868467e-04 9.999241e-01 1.858088e+01
9.999477e-01 -1.823710e-04 1.023000e-02 6.028602e+01 1.849703e-04 1.000000e+00 -2.533903e-04 -2.456288e+00 -1.023006e-02 2.552720e-04 9.999477e-01 1.861243e+01
9.999400e-01 3.352043e-04 -1.094341e-02 6.092717e+01 -3.335520e-04 9.999999e-01 1.525728e-04 -2.479195e+00 1.094356e-02 -1.489162e-04 9.999401e-01 1.863376e+01
9.999265e-01 -1.486660e-04 1.212667e-02 6.160908e+01 1.517169e-04 1.000000e+00 -2.508802e-04 -2.503971e+00 -1.212673e-02 2.527042e-04 9.999265e-01 1.881444e+01
9.999496e-01 3.357586e-04 -1.002915e-02 6.216146e+01 -3.346119e-04 9.999999e-01 1.157496e-04 -2.525446e+00 1.002929e-02 -1.123906e-04 9.999496e-01 1.912525e+01
9.999335e-01 -2.133410e-04 1.153517e-02 6.260376e+01 2.158095e-04 1.000000e+00 -2.129836e-04 -2.542906e+00 -1.153522e-02 2.154615e-04 9.999335e-01 1.935012e+01
9.999137e-01 3.023113e-04 -1.313015e-02 6.295240e+01 -2.992268e-04 9.999999e-01 2.366770e-04 -2.557677e+00 1.313032e-02 -2.327303e-04 9.999137e-01 1.960176e+01
9.999174e-01 -1.913847e-04 1.285117e-02 6.320876e+01 1.942849e-04 1.000000e+00 -2.246261e-04 -2.571207e+00 -1.285123e-02 2.271070e-04 9.999174e-01 2.000435e+01
9.999144e-01 3.201942e-04 -1.307901e-02 6.355192e+01 -3.172992e-04 9.999999e-01 2.232228e-04 -2.586695e+00 1.307918e-02 -2.190564e-04 9.999144e-01 2.034811e+01
9.999382e-01 -2.018046e-04 1.111796e-02 6.397510e+01 2.040408e-04 1.000000e+00 -2.002344e-04 -2.603356e+00 -1.111802e-02 2.024932e-04 9.999382e-01 2.057015e+01
9.999056e-01 3.199956e-04 -1.373556e-02 6.430319e+01 -3.162039e-04 9.999999e-01 2.780284e-04 -2.618212e+00 1.373575e-02 -2.736615e-04 9.999056e-01 2.091758e+01
9.999337e-01 -2.049597e-04 1.151925e-02 6.457920e+01 2.072521e-04 1.000000e+00 -1.980366e-04 -2.632346e+00 -1.151931e-02 2.004135e-04 9.999337e-01 2.133834e+01
9.999259e-01 3.227232e-04 -1.216723e-02 6.496251e+01 -3.204398e-04 9.999999e-01 1.893970e-04 -2.648457e+00 1.216739e-02 -1.854867e-04 9.999259e-01 2.162229e+01
9.999456e-01 -1.486847e-04 1.043632e-02 6.547975e+01 1.506586e-04 1.000000e+00 -1.885968e-04 -2.668207e+00 -1.043639e-02 1.901615e-04 9.999456e-01 2.184712e+01
9.999380e-01 3.282876e-04 -1.112911e-02 6.604494e+01 -3.265011e-04 9.999999e-01 1.621083e-04 -2.689509e+00 1.112926e-02 -1.584672e-04 9.999380e-01 2.207250e+01
9.999484e-01 -2.067588e-04 1.016259e-02 6.657192e+01 2.086397e-04 1.000000e+00 -1.842637e-04 -2.709288e+00 -1.016265e-02 1.863771e-04 9.999484e-01 2.223355e+01
9.999351e-01 3.308260e-04 -1.138073e-02 6.691236e+01 -3.284766e-04 9.999999e-01 2.080823e-04 -2.724447e+00 1.138089e-02 -2.043331e-04 9.999352e-01 2.256411e+01
9.999518e-01 -2.669899e-04 9.815687e-03 6.702691e+01 2.677243e-04 1.000000e+00 -7.375909e-05 -2.736044e+00 -9.815767e-03 7.638606e-05 9.999519e-01 2.311411e+01
9.999317e-01 3.856650e-04 -1.167690e-02 6.727566e+01 -3.838535e-04 9.999999e-01 1.571637e-04 -2.749627e+00 1.167706e-02 -1.526733e-04 9.999318e-01 2.355512e+01
9.999612e-01 -2.889844e-04 8.810753e-03 6.750842e+01 2.893462e-04 1.000000e+00 -4.007791e-05 -2.762674e+00 -8.810841e-03 4.262833e-05 9.999612e-01 2.399014e+01
9.999353e-01 3.972763e-04 -1.136711e-02 6.776701e+01 -3.957616e-04 9.999999e-01 1.352884e-04 -2.776043e+00 1.136727e-02 -1.307835e-04 9.999353e-01 2.438268e+01
9.999546e-01 -2.806153e-04 9.530881e-03 6.801164e+01 2.811482e-04 1.000000e+00 -5.482950e-05 -2.789716e+00 -9.530965e-03 5.750920e-05 9.999546e-01 2.483936e+01
9.998910e-01 4.036838e-04 -1.475562e-02 6.822416e+01 -3.999479e-04 9.999999e-01 2.559689e-04 -2.802038e+00 1.475582e-02 -2.500421e-04 9.998910e-01 2.526471e+01
9.999269e-01 -3.163093e-04 1.208738e-02 6.841291e+01 3.179323e-04 9.999999e-01 -1.325455e-04 -2.813798e+00 -1.208744e-02 1.363813e-04 9.999270e-01 2.568657e+01
9.998796e-01 3.859175e-04 -1.550639e-02 6.863686e+01 -3.819627e-04 9.999999e-01 2.578423e-04 -2.825764e+00 1.550659e-02 -2.518909e-04 9.998797e-01 2.605286e+01
9.999330e-01 -2.922125e-04 1.157943e-02 6.884565e+01 2.930634e-04 1.000000e+00 -7.199068e-05 -2.837901e+00 -1.157951e-02 7.538193e-05 9.999330e-01 2.646831e+01
9.998082e-01 5.074695e-04 -1.957423e-02 6.910479e+01 -5.004832e-04 9.999998e-01 3.616840e-04 -2.850462e+00 1.957451e-02 -3.518206e-04 9.998083e-01 2.679771e+01
9.999069e-01 -3.652626e-04 1.364384e-02 6.924660e+01 3.665134e-04 9.999999e-01 -8.934930e-05 -2.861729e+00 -1.364390e-02 9.434418e-05 9.999070e-01 2.727378e+01
9.998319e-01 4.822183e-04 -1.832586e-02 6.945140e+01 -4.769233e-04 9.999998e-01 2.931781e-04 -2.873761e+00 1.832610e-02 -2.843912e-04 9.998320e-01 2.768982e+01
9.999995e-01 1.634150e-05 -1.086713e-03 6.962918e+01 -1.580156e-05 9.999999e-01 4.989455e-04 -2.884543e+00 1.086622e-03 -4.989256e-04 9.999993e-01 2.804767e+01
9.998495e-01 5.599127e-04 -1.733728e-02 6.989399e+01 -5.559114e-04 9.999998e-01 2.354864e-04 -2.896814e+00 1.733751e-02 -2.258154e-04 9.998496e-01 2.831508e+01
9.999906e-01 -1.811457e-04 4.332876e-03 7.015744e+01 1.800250e-04 1.000000e+00 2.585638e-04 -2.909267e+00 -4.333022e-03 -2.577790e-04 9.999906e-01 2.861057e+01
9.999721e-01 3.247289e-04 -7.461952e-03 7.048148e+01 -3.257420e-04 9.999999e-01 -1.348386e-04 -2.924420e+00 7.462006e-03 1.372631e-04 9.999721e-01 2.900066e+01
9.999845e-01 -2.159381e-04 5.564224e-03 7.095650e+01 2.150553e-04 1.000000e+00 1.588797e-04 -2.942522e+00 -5.564357e-03 -1.576782e-04 9.999846e-01 2.915254e+01
9.999649e-01 2.960846e-04 -8.370298e-03 7.132826e+01 -2.968086e-04 1.000000e+00 -8.549970e-05 -2.957489e+00 8.370372e-03 8.797874e-05 9.999649e-01 2.934467e+01
9.999758e-01 -1.651950e-04 6.959145e-03 7.179465e+01 1.644303e-04 1.000000e+00 1.101552e-04 -2.975656e+00 -6.959262e-03 -1.090058e-04 9.999758e-01 2.956267e+01
9.999795e-01 3.429859e-04 -6.385683e-03 7.233738e+01 -3.441065e-04 9.999999e-01 -1.747154e-04 -2.996636e+00 6.385721e-03 1.769068e-04 9.999795e-01 2.982983e+01
9.999485e-01 -1.489397e-04 1.015229e-02 7.318755e+01 1.494284e-04 1.000000e+00 -4.757842e-05 -3.026413e+00 -1.015238e-02 4.909537e-05 9.999485e-01 2.992551e+01
9.999956e-01 3.529083e-04 -2.936442e-03 7.413768e+01 -3.537085e-04 9.999999e-01 -2.726908e-04 -3.059105e+00 2.936444e-03 2.737260e-04 9.999956e-01 2.997934e+01
9.999454e-01 -1.981949e-04 1.045298e-02 7.483763e+01 1.979135e-04 1.000000e+00 2.775733e-05 -3.083688e+00 -1.045308e-02 -2.568466e-05 9.999454e-01 3.004363e+01
9.999799e-01 3.412576e-04 -6.320539e-03 7.548914e+01 -3.426464e-04 9.999999e-01 -2.189787e-04 -3.107083e+00 6.320563e-03 2.211377e-04 9.999799e-01 3.013984e+01
9.999525e-01 -1.708310e-04 9.745849e-03 7.611258e+01 1.699553e-04 1.000000e+00 9.046821e-05 -3.129807e+00 -9.745963e-03 -8.880519e-05 9.999526e-01 3.028565e+01
9.999531e-01 2.611095e-04 -9.680219e-03 7.658453e+01 -2.624398e-04 1.000000e+00 -1.363686e-04 -3.147871e+00 9.680282e-03 1.389003e-04 9.999531e-01 3.040564e+01
9.999235e-01 -1.091618e-04 1.237540e-02 7.718657e+01 1.088989e-04 1.000000e+00 2.175169e-05 -3.170008e+00 -1.237551e-02 -2.040001e-05 9.999235e-01 3.053312e+01
9.999574e-01 2.903420e-04 -9.225264e-03 7.768539e+01 -2.915355e-04 9.999999e-01 -1.282588e-04 -3.189384e+00 9.225325e-03 1.309405e-04 9.999574e-01 3.078609e+01
9.999467e-01 -1.093805e-04 1.032773e-02 7.823931e+01 1.089847e-04 1.000000e+00 3.867818e-05 -3.210466e+00 -1.032784e-02 -3.754822e-05 9.999467e-01 3.103675e+01
9.999432e-01 2.496465e-04 -1.065522e-02 7.883897e+01 -2.505213e-04 1.000000e+00 -8.095560e-05 -3.232532e+00 1.065530e-02 8.361807e-05 9.999432e-01 3.119967e+01
9.999150e-01 -1.682494e-04 1.303692e-02 7.914927e+01 1.679543e-04 1.000000e+00 2.356790e-05 -3.245464e+00 -1.303702e-02 -2.137396e-05 9.999151e-01 3.136622e+01
9.999679e-01 2.410887e-04 -7.998486e-03 7.943821e+01 -2.424956e-04 1.000000e+00 -1.751887e-04 -3.257615e+00 7.998543e-03 1.771204e-04 9.999679e-01 3.154643e+01
9.999509e-01 -2.174248e-04 9.915765e-03 7.958705e+01 2.158567e-04 1.000000e+00 1.590010e-04 -3.265367e+00 -9.915898e-03 -1.568504e-04 9.999509e-01 3.170351e+01
9.999545e-01 2.936134e-04 -9.526618e-03 7.988471e+01 -2.953650e-04 9.999999e-01 -1.826787e-04 -3.278344e+00 9.526663e-03 1.854819e-04 9.999545e-01 3.192030e+01
9.998876e-01 -1.407022e-04 1.499615e-02 8.038143e+01 1.408722e-04 1.000000e+00 -1.041628e-05 -3.297308e+00 -1.499624e-02 1.252998e-05 9.998876e-01 3.213717e+01
9.999285e-01 3.109392e-04 -1.194711e-02 8.089849e+01 -3.121548e-04 9.999999e-01 -1.000599e-04 -3.317088e+00 1.194717e-02 1.037798e-04 9.999286e-01 3.234582e+01
9.999272e-01 -2.095090e-04 1.206846e-02 8.147745e+01 2.092006e-04 1.000000e+00 2.664957e-05 -3.338441e+00 -1.206856e-02 -2.412058e-05 9.999272e-01 3.240942e+01
9.999146e-01 2.252056e-04 -1.306434e-02 8.190144e+01 -2.265996e-04 1.000000e+00 -1.053827e-04 -3.354009e+00 1.306442e-02 1.083318e-04 9.999146e-01 3.233320e+01
9.999211e-01 -2.104606e-04 1.256555e-02 8.225477e+01 2.097434e-04 1.000000e+00 5.823065e-05 -3.368007e+00 -1.256566e-02 -5.558819e-05 9.999211e-01 3.239953e+01
9.999194e-01 2.592724e-04 -1.269148e-02 8.262940e+01 -2.605293e-04 1.000000e+00 -9.754620e-05 -3.382895e+00 1.269155e-02 1.008426e-04 9.999194e-01 3.251856e+01
9.999245e-01 -1.571097e-04 1.228818e-02 8.302405e+01 1.560471e-04 1.000000e+00 8.725976e-05 -3.398706e+00 -1.228830e-02 -8.533332e-05 9.999245e-01 3.271522e+01
9.999240e-01 2.892979e-04 -1.231851e-02 8.345825e+01 -2.906033e-04 1.000000e+00 -1.043519e-04 -3.416131e+00 1.231858e-02 1.079215e-04 9.999241e-01 3.295318e+01
9.999168e-01 -2.047257e-04 1.290427e-02 8.382022e+01 2.037405e-04 1.000000e+00 7.749961e-05 -3.430778e+00 -1.290438e-02 -7.486172e-05 9.999168e-01 3.312230e+01
9.999185e-01 2.639817e-04 -1.275939e-02 8.417109e+01 -2.654116e-04 1.000000e+00 -1.105354e-04 -3.444986e+00 1.275946e-02 1.139106e-04 9.999185e-01 3.326069e+01
9.999226e-01 -1.882516e-04 1.244508e-02 8.459892e+01 1.873414e-04 1.000000e+00 7.413845e-05 -3.461631e+00 -1.244520e-02 -7.179892e-05 9.999226e-01 3.340049e+01
9.999136e-01 2.709862e-04 -1.313569e-02 8.506770e+01 -2.723542e-04 1.000000e+00 -1.025136e-04 -3.479477e+00 1.313576e-02 1.060801e-04 9.999137e-01 3.353694e+01
9.999458e-01 -1.531470e-04 1.041067e-02 8.551432e+01 1.516405e-04 1.000000e+00 1.452895e-04 -3.496960e+00 -1.041079e-02 -1.437007e-04 9.999459e-01 3.377745e+01
9.999256e-01 3.082027e-04 -1.219355e-02 8.603233e+01 -3.096814e-04 9.999999e-01 -1.195567e-04 -3.516614e+00 1.219361e-02 1.233217e-04 9.999256e-01 3.400366e+01
9.999479e-01 -1.904491e-04 1.020954e-02 8.648564e+01 1.889125e-04 1.000000e+00 1.512689e-04 -3.534150e+00 -1.020967e-02 -1.493301e-04 9.999479e-01 3.421290e+01
9.999199e-01 2.112128e-04 -1.264987e-02 8.706148e+01 -2.142190e-04 9.999999e-01 -2.364585e-04 -3.553252e+00 1.264992e-02 2.391472e-04 9.999199e-01 3.387234e+01
9.999455e-01 -1.829285e-04 1.044612e-02 8.758921e+01 1.806759e-04 1.000000e+00 2.163860e-04 -3.570298e+00 -1.044626e-02 -2.144845e-04 9.999455e-01 3.347951e+01
9.999086e-01 2.258139e-04 -1.351698e-02 8.814212e+01 -2.299096e-04 9.999999e-01 -3.016006e-04 -3.589306e+00 1.351701e-02 3.046785e-04 9.999085e-01 3.331497e+01
9.999555e-01 -1.651702e-04 9.432976e-03 8.874538e+01 1.628494e-04 1.000000e+00 2.465816e-04 -3.608918e+00 -9.433116e-03 -2.450321e-04 9.999555e-01 3.296488e+01
9.999157e-01 2.103404e-04 -1.298264e-02 8.930086e+01 -2.144838e-04 9.999999e-01 -3.179132e-04 -3.627533e+00 1.298268e-02 3.206687e-04 9.999156e-01 3.270592e+01
9.999634e-01 -1.364371e-04 8.564666e-03 8.991715e+01 1.340430e-04 1.000000e+00 2.798635e-04 -3.647445e+00 -8.564803e-03 -2.787029e-04 9.999633e-01 3.232940e+01
9.999318e-01 2.277521e-04 -1.167523e-02 9.066685e+01 -2.320849e-04 9.999999e-01 -3.699365e-04 -3.672640e+00 1.167525e-02 3.726186e-04 9.999317e-01 3.214861e+01
9.999580e-01 -1.208119e-04 9.169097e-03 9.144349e+01 1.182404e-04 1.000000e+00 2.807695e-04 -3.699096e+00 -9.169229e-03 -2.796712e-04 9.999580e-01 3.202671e+01
9.999098e-01 1.636221e-04 -1.342891e-02 9.203152e+01 -1.681212e-04 9.999999e-01 -3.340563e-04 -3.718322e+00 1.342895e-02 3.362816e-04 9.999097e-01 3.170244e+01
9.999745e-01 -5.668268e-05 7.153103e-03 9.255778e+01 5.379651e-05 9.999999e-01 4.033915e-04 -3.734815e+00 -7.153224e-03 -4.029940e-04 9.999744e-01 3.124300e+01
9.999119e-01 1.659240e-04 -1.326669e-02 9.326500e+01 -1.711857e-04 9.999999e-01 -3.956228e-04 -3.757605e+00 1.326672e-02 3.978568e-04 9.999119e-01 3.089302e+01
9.999699e-01 -5.017659e-05 7.766820e-03 9.401938e+01 4.706883e-05 9.999999e-01 4.000547e-04 -3.782268e+00 -7.766938e-03 -3.996747e-04 9.999698e-01 3.061169e+01
9.999380e-01 1.287876e-04 -1.112956e-02 9.476166e+01 -1.342504e-04 9.999999e-01 -4.902753e-04 -3.806756e+00 1.112959e-02 4.917368e-04 9.999379e-01 3.030822e+01
9.999637e-01 -9.153510e-05 8.520479e-03 9.538707e+01 8.744542e-05 9.999999e-01 4.801176e-04 -3.825942e+00 -8.520620e-03 -4.793527e-04 9.999636e-01 2.970893e+01
9.999284e-01 1.481428e-04 -1.196204e-02 9.592792e+01 -1.536621e-04 9.999999e-01 -4.606511e-04 -3.842213e+00 1.196206e-02 4.624539e-04 9.999283e-01 2.910045e+01
9.999676e-01 -1.028324e-04 8.056971e-03 9.653260e+01 9.916281e-05 9.999999e-01 4.556056e-04 -3.860884e+00 -8.057115e-03 -4.547896e-04 9.999675e-01 2.855936e+01
9.999256e-01 1.402561e-04 -1.219633e-02 9.708315e+01 -1.457157e-04 9.999999e-01 -4.469164e-04 -3.878478e+00 1.219636e-02 4.486581e-04 9.999255e-01 2.814779e+01
9.999602e-01 -1.319449e-04 8.927938e-03 9.763954e+01 1.285607e-04 9.999999e-01 3.794100e-04 -3.897088e+00 -8.928086e-03 -3.782447e-04 9.999601e-01 2.787831e+01
9.999249e-01 1.371919e-04 -1.224786e-02 9.817565e+01 -1.418922e-04 9.999999e-01 -3.830544e-04 -3.914441e+00 1.224791e-02 3.847612e-04 9.999249e-01 2.748638e+01
9.999569e-01 -1.174878e-04 9.292732e-03 9.878238e+01 1.140712e-04 9.999999e-01 3.679730e-04 -3.933569e+00 -9.292873e-03 -3.668947e-04 9.999568e-01 2.698362e+01
9.999303e-01 1.447228e-04 -1.180601e-02 9.938727e+01 -1.495402e-04 9.999999e-01 -4.073305e-04 -3.952797e+00 1.180604e-02 4.090652e-04 9.999302e-01 2.650235e+01
9.999645e-01 -1.091283e-04 8.433662e-03 9.984769e+01 1.059084e-04 9.999999e-01 3.820017e-04 -3.967910e+00 -8.433802e-03 -3.810926e-04 9.999644e-01 2.617464e+01
9.999286e-01 1.657710e-04 -1.194369e-02 1.003066e+02 -1.701099e-04 9.999999e-01 -3.624305e-04 -3.982597e+00 1.194372e-02 3.644341e-04 9.999285e-01 2.577342e+01
