9.999849e-01 1.088148e-04 5.488785e-03 5.221280e-01 -1.078747e-04 1.000000e+00 -1.715859e-04 -1.932787e-02 -5.488804e-03 1.709907e-04 9.999850e-01 7.319156e-02
9.999999e-01 7.457729e-05 4.313333e-04 1.107798e+00 -7.454145e-05 1.000000e+00 -8.308096e-05 -4.159406e-02 -4.313383e-04 8.304923e-05 9.999998e-01 3.593732e-01
9.999835e-01 9.495994e-05 5.743633e-03 1.767003e+00 -9.390562e-05 1.000000e+00 -1.838362e-04 -6.563479e-02 -5.743652e-03 1.832934e-04 9.999836e-01 5.559387e-01
9.999986e-01 5.372196e-05 1.691619e-03 2.400207e+00 -5.352254e-05 1.000000e+00 -1.179234e-04 -8.867756e-02 -1.691623e-03 1.178330e-04 9.999985e-01 7.549338e-01
9.999723e-01 -5.298567e-05 7.445451e-03 2.881646e+00 5.422449e-05 1.000000e+00 -1.661863e-04 -1.069253e-01 -7.445446e-03 1.665851e-04 9.999724e-01 8.680598e-01
9.999916e-01 2.776263e-05 4.109620e-03 3.208972e+00 -2.707121e-05 1.000000e+00 -1.682976e-04 -1.198549e-01 -4.109620e-03 1.681853e-04 9.999914e-01 8.867100e-01
1.000000e+00 1.430280e-05 2.181979e-07 3.627889e+00 -1.430282e-05 1.000000e+00 4.921959e-05 -1.348623e-01 -2.225203e-07 -4.921990e-05 1.000000e+00 7.462110e-01
1.000000e+00 9.762250e-05 -2.491618e-04 4.186686e+00 -9.765488e-05 1.000000e+00 -1.299976e-04 -1.554448e-01 2.491541e-04 1.300223e-04 9.999999e-01 8.443514e-01
9.999961e-01 2.553226e-05 -2.797112e-03 4.693131e+00 -2.516230e-05 1.000000e+00 1.323048e-04 -1.743164e-01 2.797110e-03 -1.322342e-04 9.999962e-01 1.004235e+00
9.999963e-01 1.620998e-04 -2.697160e-03 5.073815e+00 -1.621092e-04 1.000000e+00 -3.282802e-06 -1.894628e-01 2.697163e-03 3.720337e-06 9.999963e-01 1.189407e+00
9.999710e-01 1.154951e-04 -7.618885e-03 5.380725e+00 -1.136288e-04 1.000000e+00 2.453958e-04 -2.016925e-01 7.618910e-03 -2.445233e-04 9.999710e-01 1.242100e+00
9.999928e-01 1.620797e-04 -3.796658e-03 5.534710e+00 -1.617589e-04 1.000000e+00 8.479235e-05 -2.091271e-01 3.796674e-03 -8.417723e-05 9.999927e-01 1.299515e+00
9.999648e-01 1.254058e-04 -8.389452e-03 5.610435e+00 -1.230541e-04 1.000000e+00 2.808368e-04 -2.131201e-01 8.389486e-03 -2.797950e-04 9.999649e-01 1.216163e+00
9.999474e-01 3.613483e-04 -1.024773e-02 5.663889e+00 -3.571549e-04 9.999999e-01 4.110265e-04 -2.186746e-01 1.024788e-02 -4.073444e-04 9.999473e-01 1.406828e+00
9.999832e-01 -2.793838e-04 5.781656e-03 5.807606e+00 2.809277e-04 9.999999e-01 -2.662386e-04 -2.282476e-01 -5.781580e-03 2.678579e-04 9.999834e-01 1.742641e+00
9.999976e-01 2.793660e-04 -2.173010e-03 6.065862e+00 -2.790777e-04 1.000000e+00 1.329971e-04 -2.403944e-01 2.173046e-03 -1.323899e-04 9.999975e-01 2.006970e+00
9.998278e-01 -3.678112e-04 1.855238e-02 6.220940e+00 3.798500e-04 9.999997e-01 -6.453933e-04 -2.487885e-01 -1.855214e-02 6.523288e-04 9.998278e-01 2.089867e+00
9.999557e-01 3.800446e-04 -9.403000e-03 6.485280e+00 -3.767160e-04 9.999999e-01 3.557578e-04 -2.600623e-01 9.403135e-03 -3.521994e-04 9.999556e-01 2.148403e+00
9.998458e-01 -3.847823e-04 1.755378e-02 6.766334e+00 3.957791e-04 9.999997e-01 -6.229969e-04 -2.713840e-01 -1.755353e-02 6.298479e-04 9.998458e-01 2.150565e+00
9.998872e-01 4.579762e-04 -1.501566e-02 7.037957e+00 -4.497421e-04 9.999997e-01 5.517393e-04 -2.844200e-01 1.501591e-02 -5.449235e-04 9.998870e-01 2.449606e+00
9.998029e-01 -3.506130e-04 1.984899e-02 7.460577e+00 3.653995e-04 9.999997e-01 -7.413292e-04 -3.013942e-01 -1.984873e-02 7.484356e-04 9.998028e-01 2.708722e+00
9.999976e-01 3.093631e-04 2.170155e-03 7.883658e+00 -3.095486e-04 9.999999e-01 8.514660e-05 -3.183395e-01 -2.170123e-03 -8.581789e-05 9.999975e-01 2.799801e+00
9.999854e-01 -3.310354e-04 5.392370e-03 8.170004e+00 3.328305e-04 9.999999e-01 -3.320007e-04 -3.311286e-01 -5.392265e-03 3.337903e-04 9.999855e-01 3.046563e+00
9.998171e-01 7.128698e-04 -1.911063e-02 8.346472e+00 -6.982451e-04 9.999995e-01 7.719236e-04 -3.384286e-01 1.911118e-02 -7.584382e-04 9.998170e-01 2.959717e+00
9.999744e-01 -3.421892e-04 7.151990e-03 8.461707e+00 3.433920e-04 9.999999e-01 -1.669568e-04 -3.438773e-01 -7.151935e-03 1.694081e-04 9.999745e-01 2.865006e+00
9.998769e-01 6.024915e-04 -1.568144e-02 8.738812e+00 -5.963729e-04 9.999997e-01 3.948573e-04 -3.553257e-01 1.568167e-02 -3.854563e-04 9.998769e-01 2.941548e+00
9.999353e-01 -5.256613e-04 1.136368e-02 8.914849e+00 5.291721e-04 9.999998e-01 -3.059467e-04 -3.624153e-01 -1.136352e-02 3.119399e-04 9.999355e-01 2.837592e+00
9.994735e-01 1.113055e-03 -3.242714e-02 9.014824e+00 -1.076464e-03 9.999988e-01 1.145845e-03 -3.680678e-01 3.242837e-02 -1.110335e-03 9.994733e-01 2.862063e+00
9.996270e-01 -8.971622e-04 2.729463e-02 9.269911e+00 9.233314e-04 9.999991e-01 -9.461821e-04 -3.807950e-01 -2.729376e-02 9.710307e-04 9.996271e-01 3.190033e+00
9.996336e-01 1.065114e-03 -2.704641e-02 9.690924e+00 -1.040544e-03 9.999990e-01 9.224821e-04 -3.980513e-01 2.704736e-02 -8.940006e-04 9.996337e-01 3.476308e+00
9.991283e-01 -1.048928e-03 4.173095e-02 1.003375e+01 1.104378e-03 9.999985e-01 -1.305719e-03 -4.125901e-01 -4.172952e-02 1.350667e-03 9.991281e-01 3.677272e+00
9.990525e-01 1.184394e-03 -4.350444e-02 1.021761e+01 -1.124419e-03 9.999984e-01 1.403052e-03 -4.237562e-01 4.350603e-02 -1.352805e-03 9.990521e-01 4.046961e+00
9.993098e-01 -9.718869e-04 3.713404e-02 1.048549e+01 1.016074e-03 9.999988e-01 -1.171086e-03 -4.356686e-01 -3.713285e-02 1.208008e-03 9.993097e-01 4.251772e+00
9.990475e-01 1.153383e-03 -4.362009e-02 1.068494e+01 -1.091188e-03 9.999984e-01 1.449610e-03 -4.461354e-01 4.362169e-02 -1.400631e-03 9.990470e-01 4.541235e+00
9.992188e-01 -1.039299e-03 3.950509e-02 1.101156e+01 1.091335e-03 9.999986e-01 -1.295638e-03 -4.593264e-01 -3.950369e-02 1.337739e-03 9.992186e-01 4.698746e+00
9.989409e-01 1.248527e-03 -4.599428e-02 1.128932e+01 -1.178061e-03 9.999981e-01 1.559134e-03 -4.716562e-01 4.599613e-02 -1.503299e-03 9.989404e-01 4.945461e+00
9.990987e-01 -1.062558e-03 4.243468e-02 1.160643e+01 1.122571e-03 9.999984e-01 -1.390451e-03 -4.855070e-01 -4.243313e-02 1.436833e-03 9.990984e-01 5.211623e+00
9.989364e-01 1.238207e-03 -4.609267e-02 1.206832e+01 -1.170417e-03 9.999982e-01 1.497687e-03 -5.028962e-01 4.609444e-02 -1.442145e-03 9.989359e-01 5.360301e+00
9.990660e-01 -1.087522e-03 4.319663e-02 1.255595e+01 1.152291e-03 9.999982e-01 -1.474524e-03 -5.207812e-01 -4.319495e-02 1.522922e-03 9.990656e-01 5.401964e+00
9.988925e-01 1.307692e-03 -4.703174e-02 1.292222e+01 -1.232025e-03 9.999979e-01 1.637793e-03 -5.361596e-01 4.703378e-02 -1.578035e-03 9.988920e-01 5.666449e+00
9.996412e-01 -6.242344e-04 2.677875e-02 1.327201e+01 6.454856e-04 9.999995e-01 -7.849496e-04 -5.506257e-01 -2.677824e-02 8.019526e-04 9.996412e-01 5.873690e+00
9.988657e-01 1.296448e-03 -4.759910e-02 1.366550e+01 -1.221773e-03 9.999980e-01 1.597897e-03 -5.660483e-01 4.760107e-02 -1.537928e-03 9.988651e-01 5.999874e+00
9.991066e-01 -9.928306e-04 4.224905e-02 1.427587e+01 1.055238e-03 9.999984e-01 -1.454860e-03 -5.877913e-01 -4.224753e-02 1.498142e-03 9.991062e-01 6.028386e+00
9.987317e-01 1.330462e-03 -5.033141e-02 1.478078e+01 -1.246102e-03 9.999978e-01 1.707428e-03 -6.064137e-01 5.033357e-02 -1.642543e-03 9.987310e-01 6.113078e+00
9.991081e-01 -9.522338e-04 4.221435e-02 1.518246e+01 1.013015e-03 9.999985e-01 -1.418462e-03 -6.218768e-01 -4.221293e-02 1.459960e-03 9.991077e-01 6.206484e+00
9.990366e-01 1.097173e-03 -4.387175e-02 1.571266e+01 -1.036771e-03 9.999985e-01 1.399512e-03 -6.413167e-01 4.387321e-02 -1.352678e-03 9.990361e-01 6.230686e+00
9.990245e-01 -9.491643e-04 4.414982e-02 1.616602e+01 1.013452e-03 9.999985e-01 -1.433758e-03 -6.581653e-01 -4.414838e-02 1.477102e-03 9.990240e-01 6.263280e+00
9.984061e-01 1.344914e-03 -5.642282e-02 1.641239e+01 -1.240735e-03 9.999975e-01 1.881381e-03 -6.691959e-01 5.642520e-02 -1.808376e-03 9.984051e-01 6.430405e+00
9.985096e-01 -1.163372e-03 5.456377e-02 1.666394e+01 1.260884e-03 9.999977e-01 -1.752726e-03 -6.810571e-01 -5.456159e-02 1.818912e-03 9.985088e-01 6.668000e+00
9.983957e-01 1.379797e-03 -5.660414e-02 1.694657e+01 -1.275409e-03 9.999974e-01 1.880269e-03 -6.949275e-01 5.660658e-02 -1.805058e-03 9.983948e-01 7.031329e+00
9.994675e-01 -6.597350e-04 3.262405e-02 1.715678e+01 6.888880e-04 9.999994e-01 -8.823761e-04 -7.054974e-01 -3.262344e-02 9.043796e-04 9.994674e-01 7.251136e+00
9.983050e-01 1.516016e-03 -5.817969e-02 1.739400e+01 -1.403637e-03 9.999971e-01 1.972389e-03 -7.168860e-01 5.818250e-02 -1.887382e-03 9.983041e-01 7.481845e+00
9.994005e-01 -6.957707e-04 3.461537e-02 1.775803e+01 7.291443e-04 9.999993e-01 -9.515160e-04 -7.319630e-01 -3.461466e-02 9.761841e-04 9.994004e-01 7.721287e+00
9.975404e-01 1.855726e-03 -7.006942e-02 1.805362e+01 -1.684974e-03 9.999955e-01 2.495929e-03 -7.447297e-01 7.007371e-02 -2.371724e-03 9.975389e-01 7.857680e+00
9.994437e-01 -7.377095e-04 3.334267e-02 1.829484e+01 7.688639e-04 9.999993e-01 -9.215674e-04 -7.555871e-01 -3.334194e-02 9.466894e-04 9.994437e-01 7.953529e+00
9.970584e-01 2.079015e-03 -7.661695e-02 1.843003e+01 -1.867126e-03 9.999942e-01 2.837093e-03 -7.639260e-01 7.662238e-02 -2.685692e-03 9.970565e-01 8.105227e+00
9.996993e-01 -6.143696e-04 2.451311e-02 1.852523e+01 6.290567e-04 9.999996e-01 -5.914617e-04 -7.708033e-01 -2.451271e-02 6.067023e-04 9.996994e-01 8.210048e+00
9.969447e-01 2.095379e-03 -7.808188e-02 1.858357e+01 -1.878026e-03 9.999942e-01 2.856981e-03 -7.767854e-01 7.808737e-02 -2.701610e-03 9.969428e-01 8.328798e+00
9.996056e-01 -6.650266e-04 2.807572e-02 1.867981e+01 6.838718e-04 9.999995e-01 -6.616487e-04 -7.840822e-01 -2.807523e-02 6.805859e-04 9.996057e-01 8.481423e+00
9.970281e-01 2.124329e-03 -7.700935e-02 1.878402e+01 -1.912489e-03 9.999942e-01 2.824477e-03 -7.915795e-01 7.701485e-02 -2.668801e-03 9.970263e-01 8.634142e+00
9.994693e-01 -7.912726e-04 3.256458e-02 1.889013e+01 8.188153e-04 9.999993e-01 -8.324819e-04 -7.992321e-01 -3.256385e-02 8.587022e-04 9.994694e-01 8.809370e+00
9.972299e-01 2.116744e-03 -7.435028e-02 1.902991e+01 -1.919193e-03 9.999944e-01 2.728364e-03 -8.078532e-01 7.435559e-02 -2.578111e-03 9.972284e-01 8.989570e+00
9.994250e-01 -8.664269e-04 3.389470e-02 1.912361e+01 8.966237e-04 9.999992e-01 -8.757393e-04 -8.155627e-01 -3.389385e-02 9.056240e-04 9.994251e-01 9.221650e+00
9.973411e-01 2.096345e-03 -7.284512e-02 1.927917e+01 -1.908566e-03 9.999947e-01 2.647283e-03 -8.252577e-01 7.285022e-02 -2.501212e-03 9.973397e-01 9.480532e+00
9.994638e-01 -8.509504e-04 3.273321e-02 1.939077e+01 8.768931e-04 9.999993e-01 -7.782356e-04 -8.339244e-01 -3.273246e-02 8.065190e-04 9.994639e-01 9.751567e+00
9.975705e-01 1.946887e-03 -6.963630e-02 1.949682e+01 -1.780653e-03 9.999954e-01 2.449159e-03 -8.425933e-01 6.964068e-02 -2.319208e-03 9.975694e-01 1.004990e+01
9.998078e-01 -5.422290e-04 1.959793e-02 1.953777e+01 5.477316e-04 9.999998e-01 -2.754752e-04 -8.486684e-01 -1.959771e-02 2.861538e-04 9.998080e-01 1.023022e+01
9.971205e-01 2.131107e-03 -7.580303e-02 1.956599e+01 -1.933445e-03 9.999945e-01 2.680847e-03 -8.542288e-01 7.580825e-02 -2.526564e-03 9.971191e-01 1.036896e+01
9.997227e-01 -6.377901e-04 2.353888e-02 1.959760e+01 6.471642e-04 9.999997e-01 -3.906916e-04 -8.595234e-01 -2.353854e-02 4.058136e-04 9.997229e-01 1.047777e+01
9.976792e-01 1.956178e-03 -6.806074e-02 1.968641e+01 -1.801584e-03 9.999957e-01 2.332693e-03 -8.663719e-01 6.806492e-02 -2.204659e-03 9.976784e-01 1.060523e+01
9.996300e-01 -7.743103e-04 2.718970e-02 1.979876e+01 7.897093e-04 9.999995e-01 -5.556864e-04 -8.739424e-01 -2.718917e-02 5.769495e-04 9.996302e-01 1.075443e+01
9.975795e-01 1.972546e-03 -6.950710e-02 1.981420e+01 -1.812875e-03 9.999956e-01 2.360171e-03 -8.784050e-01 6.951136e-02 -2.228447e-03 9.975786e-01 1.087066e+01
9.996265e-01 -7.237331e-04 2.732053e-02 1.987609e+01 7.371452e-04 9.999996e-01 -4.809247e-04 -8.843402e-01 -2.732008e-02 5.008810e-04 9.996267e-01 1.099029e+01
9.999076e-01 7.018838e-04 -1.357249e-02 2.016937e+01 -7.006781e-04 9.999998e-01 9.344981e-05 -8.974416e-01 1.357246e-02 -8.392796e-05 9.999078e-01 1.109617e+01
9.982813e-01 -9.485127e-04 5.859633e-02 2.051060e+01 1.034382e-03 9.999984e-01 -1.435154e-03 -9.131160e-01 -5.859479e-02 1.493295e-03 9.982808e-01 1.119221e+01
9.999215e-01 6.459720e-04 -1.250958e-02 2.067458e+01 -6.455067e-04 9.999998e-01 4.109847e-05 -9.232423e-01 1.250952e-02 -3.301706e-05 9.999217e-01 1.125709e+01
9.982390e-01 -8.889365e-04 5.931423e-02 2.085692e+01 9.723937e-04 9.999986e-01 -1.378216e-03 -9.331867e-01 -5.931284e-02 1.433462e-03 9.982385e-01 1.123509e+01
9.999017e-01 6.236170e-04 -1.400744e-02 2.101843e+01 -6.228844e-04 9.999998e-01 5.656579e-05 -9.424649e-01 1.400739e-02 -4.783217e-05 9.999018e-01 1.121281e+01
9.986282e-01 -7.954003e-04 5.235556e-02 2.122263e+01 8.583719e-04 9.999989e-01 -1.180321e-03 -9.526333e-01 -5.235450e-02 1.223639e-03 9.986279e-01 1.115553e+01
9.999384e-01 5.586585e-04 -1.108576e-02 2.138553e+01 -5.592935e-04 9.999998e-01 -5.429587e-05 -9.617276e-01 1.108566e-02 6.049564e-05 9.999385e-01 1.112453e+01
9.990206e-01 -7.448345e-04 4.424232e-02 2.169064e+01 7.868365e-04 9.999993e-01 -9.319834e-04 -9.750459e-01 -4.424152e-02 9.658791e-04 9.990205e-01 1.110913e+01
9.999165e-01 5.970398e-04 -1.290917e-02 2.200406e+01 -5.973730e-04 9.999998e-01 -2.203593e-05 -9.891873e-01 1.290909e-02 2.974849e-05 9.999166e-01 1.121483e+01
9.988569e-01 -7.607946e-04 4.779427e-02 2.220394e+01 8.098634e-04 9.999992e-01 -1.007334e-03 -9.991675e-01 -4.779340e-02 1.044886e-03 9.988568e-01 1.119707e+01
9.998247e-01 6.185446e-04 -1.871104e-02 2.259230e+01 -6.162655e-04 9.999998e-01 1.275232e-04 -1.014767e+00 1.871105e-02 -1.159672e-04 9.998248e-01 1.114743e+01
9.987538e-01 -7.880676e-04 4.990161e-02 2.295496e+01 8.415313e-04 9.999991e-01 -1.050400e-03 -1.029774e+00 -4.990067e-02 1.091083e-03 9.987537e-01 1.115544e+01
9.997298e-01 6.722233e-04 -2.323292e-02 2.331902e+01 -6.669279e-04 9.999997e-01 2.356400e-04 -1.045165e+00 2.323302e-02 -2.200791e-04 9.997300e-01 1.125645e+01
9.994245e-01 -6.252218e-04 3.391477e-02 2.360908e+01 6.440530e-04 9.999996e-01 -5.443535e-04 -1.057445e+00 -3.391436e-02 5.658807e-04 9.994247e-01 1.137778e+01
9.990911e-01 8.849913e-04 -4.261735e-02 2.379335e+01 -8.504325e-04 9.999993e-01 8.290143e-04 -1.066734e+00 4.261800e-02 -7.920150e-04 9.990910e-01 1.156894e+01
9.993884e-01 -6.475750e-04 3.496321e-02 2.391327e+01 6.686228e-04 9.999996e-01 -5.903364e-04 -1.073438e+00 -3.496276e-02 6.133500e-04 9.993885e-01 1.168354e+01
9.984107e-01 1.240769e-03 -5.634223e-02 2.397109e+01 -1.162204e-03 9.999983e-01 1.427144e-03 -1.078524e+00 5.634385e-02 -1.359392e-03 9.984104e-01 1.179717e+01
9.994898e-01 -5.925964e-04 3.193583e-02 2.404812e+01 6.077876e-04 9.999997e-01 -4.660054e-04 -1.084378e+00 -3.193549e-02 4.851752e-04 9.994899e-01 1.191561e+01
9.980187e-01 1.486686e-03 -6.290104e-02 2.412341e+01 -1.380930e-03 9.999976e-01 1.724732e-03 -1.090027e+00 6.290339e-02 -1.634450e-03 9.980182e-01 1.200201e+01
9.994832e-01 -6.042343e-04 3.213899e-02 2.417613e+01 6.194694e-04 9.999997e-01 -4.641172e-04 -1.094621e+00 -3.213863e-02 4.837837e-04 9.994834e-01 1.204463e+01
9.987459e-01 1.080095e-03 -5.005450e-02 2.423520e+01 -1.027142e-03 9.999989e-01 1.083597e-03 -1.098458e+00 5.005555e-02 -1.030823e-03 9.987458e-01 1.200558e+01
9.995916e-01 -5.304521e-04 2.857310e-02 2.428245e+01 5.387074e-04 9.999998e-01 -2.812624e-04 -1.102166e+00 -2.857287e-02 2.965372e-04 9.995918e-01 1.198174e+01
9.992308e-01 8.198417e-04 -3.920696e-02 2.420948e+01 -7.973164e-04 9.999995e-01 5.901258e-04 -1.100502e+00 3.920736e-02 -5.584087e-04 9.992309e-01 1.180398e+01
9.993857e-01 -7.329489e-04 3.503792e-02 2.415066e+01 7.505639e-04 9.999996e-01 -4.896280e-04 -1.099545e+00 -3.503747e-02 5.156226e-04 9.993860e-01 1.165818e+01
9.993827e-01 7.801088e-04 -3.512284e-02 2.412786e+01 -7.627675e-04 9.999996e-01 5.070971e-04 -1.099425e+00 3.512315e-02 -4.799907e-04 9.993828e-01 1.145339e+01
9.993984e-01 -7.411077e-04 3.467413e-02 2.411593e+01 7.579352e-04 9.999996e-01 -4.722000e-04 -1.099689e+00 -3.467370e-02 4.981938e-04 9.993986e-01 1.124776e+01
9.994263e-01 7.632701e-04 -3.386055e-02 2.418282e+01 -7.465992e-04 9.999996e-01 5.049486e-04 -1.103576e+00 3.386086e-02 -4.793758e-04 9.994264e-01 1.120030e+01
9.994242e-01 -7.455859e-04 3.392237e-02 2.427485e+01 7.618943e-04 9.999996e-01 -4.678714e-04 -1.108992e+00 -3.392194e-02 4.934444e-04 9.994244e-01 1.125196e+01
9.994431e-01 7.758271e-04 -3.336048e-02 2.434595e+01 -7.600218e-04 9.999996e-01 4.864170e-04 -1.112759e+00 3.336077e-02 -4.607886e-04 9.994432e-01 1.117258e+01
9.994257e-01 -7.321623e-04 3.387978e-02 2.455324e+01 7.487641e-04 9.999996e-01 -4.773722e-04 -1.121000e+00 -3.387935e-02 5.024631e-04 9.994259e-01 1.109359e+01
9.994418e-01 7.777030e-04 -3.339783e-02 2.487785e+01 -7.629570e-04 9.999996e-01 4.542350e-04 -1.133216e+00 3.339810e-02 -4.284975e-04 9.994419e-01 1.102829e+01
9.994393e-01 -7.055672e-04 3.347614e-02 2.521835e+01 7.217013e-04 9.999996e-01 -4.699133e-04 -1.146649e+00 -3.347572e-02 4.938068e-04 9.994395e-01 1.109762e+01
9.994490e-01 7.702636e-04 -3.318350e-02 2.549471e+01 -7.554756e-04 9.999996e-01 4.581439e-04 -1.158259e+00 3.318377e-02 -4.328193e-04 9.994491e-01 1.120647e+01
9.992457e-01 -7.136579e-04 3.882737e-02 2.585033e+01 7.372988e-04 9.999996e-01 -5.945864e-04 -1.172263e+00 -3.882686e-02 6.227624e-04 9.992458e-01 1.130262e+01
9.995558e-01 7.354680e-04 -2.979316e-02 2.608845e+01 -7.250608e-04 9.999997e-01 3.600798e-04 -1.184847e+00 2.979335e-02 -3.383152e-04 9.995559e-01 1.162635e+01
9.990527e-01 -7.804152e-04 4.350978e-02 2.631989e+01 8.118414e-04 9.999994e-01 -7.046420e-04 -1.196945e+00 -4.350914e-02 7.392947e-04 9.990528e-01 1.190505e+01
9.991645e-01 8.198034e-04 -4.085983e-02 2.655221e+01 -7.949704e-04 9.999995e-01 6.239819e-04 -1.206621e+00 4.086025e-02 -5.909755e-04 9.991646e-01 1.195237e+01
9.991354e-01 -7.692160e-04 4.156871e-02 2.677179e+01 7.953466e-04 9.999995e-01 -6.121074e-04 -1.215614e+00 -4.156815e-02 6.446369e-04 9.991355e-01 1.193114e+01
9.990734e-01 8.395713e-04 -4.302979e-02 2.695893e+01 -8.117057e-04 9.999994e-01 6.650330e-04 -1.224194e+00 4.303026e-02 -6.294865e-04 9.990735e-01 1.201953e+01
9.989350e-01 -7.912201e-04 4.613278e-02 2.725388e+01 8.252787e-04 9.999994e-01 -7.192566e-04 -1.235827e+00 -4.613212e-02 7.565602e-04 9.989351e-01 1.203287e+01
9.989494e-01 8.468171e-04 -4.581886e-02 2.743585e+01 -8.131566e-04 9.999994e-01 7.532560e-04 -1.244833e+00 4.581940e-02 -7.152039e-04 9.989494e-01 1.219221e+01
9.989636e-01 -8.093081e-04 4.550910e-02 2.747008e+01 8.415439e-04 9.999994e-01 -6.892093e-04 -1.251724e+00 -4.550844e-02 7.267901e-04 9.989638e-01 1.252391e+01
9.988990e-01 8.450082e-04 -4.690390e-02 2.748701e+01 -8.097101e-04 9.999994e-01 7.715333e-04 -1.258694e+00 4.690446e-02 -7.327025e-04 9.988990e-01 1.288728e+01
9.989525e-01 -7.971889e-04 4.575297e-02 2.749148e+01 8.302072e-04 9.999994e-01 -7.026935e-04 -1.264749e+00 -4.575232e-02 7.399391e-04 9.989526e-01 1.321120e+01
9.992867e-01 7.904196e-04 -3.775520e-02 2.765852e+01 -7.701052e-04 9.999996e-01 5.525682e-04 -1.272942e+00 3.775555e-02 -5.230958e-04 9.992868e-01 1.328831e+01
9.987788e-01 -7.635932e-04 4.939975e-02 2.798230e+01 8.062036e-04 9.999993e-01 -8.426662e-04 -1.285947e+00 -4.939901e-02 8.814607e-04 9.987788e-01 1.333375e+01
9.993725e-01 6.999235e-04 -3.541420e-02 2.816247e+01 -6.828163e-04 9.999996e-01 4.951255e-04 -1.296618e+00 3.541447e-02 -4.706307e-04 9.993725e-01 1.359695e+01
9.986955e-01 -7.499498e-04 5.105601e-02 2.841735e+01 7.967437e-04 9.999993e-01 -8.961964e-04 -1.308733e+00 -5.105523e-02 9.357032e-04 9.986955e-01 1.378434e+01
9.992546e-01 7.376134e-04 -3.859536e-02 2.872480e+01 -7.161974e-04 9.999996e-01 5.686872e-04 -1.321202e+00 3.859570e-02 -5.406187e-04 9.992547e-01 1.382090e+01
9.991976e-01 -7.124605e-04 4.004611e-02 2.888344e+01 7.366177e-04 9.999996e-01 -5.885076e-04 -1.329176e+00 -4.004561e-02 6.175314e-04 9.991977e-01 1.394280e+01
9.996732e-01 6.639303e-04 -2.555521e-02 2.916313e+01 -6.585746e-04 9.999998e-01 2.179530e-04 -1.341435e+00 2.555529e-02 -2.010491e-04 9.996733e-01 1.404577e+01
9.996062e-01 -5.925503e-04 2.805722e-02 2.942435e+01 6.007930e-04 9.999998e-01 -2.853877e-04 -1.354265e+00 -2.805698e-02 3.021292e-04 9.996064e-01 1.437454e+01
9.998704e-01 5.790006e-04 -1.608646e-02 2.977342e+01 -5.803647e-04 9.999998e-01 -8.018651e-05 -1.369499e+00 1.608635e-02 8.951473e-05 9.998705e-01 1.464662e+01
9.995452e-01 -5.851898e-04 3.015164e-02 3.014947e+01 5.957829e-04 9.999998e-01 -3.423766e-04 -1.385645e+00 -3.015137e-02 3.601821e-04 9.995454e-01 1.491333e+01
9.999437e-01 5.069747e-04 -1.059937e-02 3.048833e+01 -5.097802e-04 9.999998e-01 -2.620599e-04 -1.400973e+00 1.059917e-02 2.674510e-04 9.999437e-01 1.518299e+01
9.994320e-01 -5.513444e-04 3.369485e-02 3.085168e+01 5.665700e-04 9.999997e-01 -4.423469e-04 -1.416864e+00 -3.369454e-02 4.611837e-04 9.994322e-01 1.538083e+01
9.997061e-01 5.792575e-04 -2.423605e-02 3.123711e+01 -5.756925e-04 9.999998e-01 1.540393e-04 -1.432823e+00 2.423608e-02 -1.400391e-04 9.997062e-01 1.562584e+01
9.992270e-01 -5.458593e-04 3.930855e-02 3.169112e+01 5.705009e-04 9.999996e-01 -6.156829e-04 -1.451190e+00 -3.930814e-02 6.376301e-04 9.992270e-01 1.587341e+01
9.997262e-01 5.803635e-04 -2.339166e-02 3.224468e+01 -5.783224e-04 9.999998e-01 9.399167e-05 -1.472569e+00 2.339166e-02 -8.043565e-05 9.997263e-01 1.611543e+01
9.992224e-01 -5.360380e-04 3.942615e-02 3.269721e+01 5.590229e-04 9.999997e-01 -5.719830e-04 -1.491000e+00 -3.942578e-02 5.935759e-04 9.992224e-01 1.638069e+01
9.999196e-01 3.567455e-04 -1.267486e-02 3.298628e+01 -3.601368e-04 9.999999e-01 -2.653252e-04 -1.505678e+00 1.267471e-02 2.698708e-04 9.999195e-01 1.668163e+01
9.992532e-01 -4.144548e-04 3.863775e-02 3.331936e+01 4.355746e-04 9.999998e-01 -5.382091e-04 -1.521228e+00 -3.863747e-02 5.546346e-04 9.992532e-01 1.693748e+01
9.998829e-01 2.992464e-04 -1.530044e-02 3.355860e+01 -3.019644e-04 9.999999e-01 -1.753641e-04 -1.534778e+00 1.530035e-02 1.799659e-04 9.998828e-01 1.726604e+01
9.990186e-01 -4.283246e-04 4.429034e-02 3.386544e+01 4.611781e-04 9.999996e-01 -7.315731e-04 -1.549834e+00 -4.428997e-02 7.512788e-04 9.990185e-01 1.752066e+01
9.998415e-01 3.347106e-04 -1.780321e-02 3.422970e+01 -3.363406e-04 9.999999e-01 -8.858053e-05 -1.565975e+00 1.780314e-02 9.455641e-05 9.998414e-01 1.773799e+01
9.992801e-01 -3.417610e-04 3.793564e-02 3.469129e+01 3.618009e-04 9.999998e-01 -5.214074e-04 -1.584431e+00 -3.793541e-02 5.347553e-04 9.992801e-01 1.792333e+01
9.997692e-01 3.577421e-04 -2.147839e-02 3.511716e+01 -3.573380e-04 9.999999e-01 2.263919e-05 -1.602031e+00 2.147836e-02 -1.495704e-05 9.997692e-01 1.817077e+01
9.993966e-01 -3.236965e-04 3.473296e-02 3.553744e+01 3.386477e-04 9.999999e-01 -4.245907e-04 -1.619525e+00 -3.473278e-02 4.360949e-04 9.993966e-01 1.845052e+01
9.998928e-01 2.792106e-04 -1.463996e-02 3.593532e+01 -2.822042e-04 9.999999e-01 -2.024394e-04 -1.636710e+00 1.463987e-02 2.065510e-04 9.998927e-01 1.873024e+01
9.993551e-01 -3.515880e-04 3.590535e-02 3.617886e+01 3.679163e-04 9.999998e-01 -4.481636e-04 -1.650949e+00 -3.590515e-02 4.610831e-04 9.993552e-01 1.912805e+01
9.999791e-01 2.094995e-04 -6.457412e-03 3.646086e+01 -2.126201e-04 9.999999e-01 -4.826108e-04 -1.665106e+00 6.457281e-03 4.839753e-04 9.999789e-01 1.936441e+01
9.993672e-01 -3.161272e-04 3.556734e-02 3.668347e+01 3.316800e-04 9.999999e-01 -4.313843e-04 -1.678740e+00 -3.556718e-02 4.429068e-04 9.993673e-01 1.970520e+01
9.998630e-01 3.012722e-04 -1.654863e-02 3.698846e+01 -3.039899e-04 9.999999e-01 -1.617182e-04 -1.694200e+00 1.654855e-02 1.667281e-04 9.998630e-01 2.007423e+01
9.993496e-01 -3.451316e-04 3.605838e-02 3.712597e+01 3.595814e-04 9.999999e-01 -3.942559e-04 -1.707303e+00 -3.605821e-02 4.069640e-04 9.993497e-01 2.058219e+01
9.997727e-01 2.919825e-04 -2.131627e-02 3.725850e+01 -2.922510e-04 1.000000e+00 -9.488230e-06 -1.721045e+00 2.131624e-02 1.571718e-05 9.997727e-01 2.117946e+01
9.993499e-01 -2.157345e-04 3.605210e-02 3.755138e+01 2.316055e-04 9.999999e-01 -4.360542e-04 -1.737466e+00 -3.605198e-02 4.441192e-04 9.993499e-01 2.168282e+01
9.997386e-01 2.593736e-04 -2.286374e-02 3.790663e+01 -2.587526e-04 1.000000e+00 3.011608e-05 -1.753358e+00 2.286373e-02 -2.419083e-05 9.997385e-01 2.200540e+01
9.993181e-01 -2.617697e-04 3.692122e-02 3.813887e+01 2.783027e-04 9.999999e-01 -4.426554e-04 -1.767254e+00 -3.692109e-02 4.526276e-04 9.993182e-01 2.243285e+01
9.998636e-01 2.280075e-04 -1.651580e-02 3.848477e+01 -2.314937e-04 1.000000e+00 -2.091781e-04 -1.783441e+00 1.651574e-02 2.129741e-04 9.998635e-01 2.276345e+01
9.990393e-01 -3.600668e-04 4.382092e-02 3.864475e+01 3.871239e-04 9.999997e-01 -6.089654e-04 -1.795366e+00 -4.382067e-02 6.253434e-04 9.990393e-01 2.311440e+01
9.995929e-01 3.084699e-04 -2.852786e-02 3.883559e+01 -3.037002e-04 9.999999e-01 1.715254e-04 -1.807314e+00 2.852790e-02 -1.627906e-04 9.995929e-01 2.347400e+01
9.990941e-01 -2.912830e-04 4.255470e-02 3.918124e+01 3.151913e-04 9.999998e-01 -5.551187e-04 -1.821219e+00 -4.255452e-02 5.680277e-04 9.990941e-01 2.357184e+01
9.997619e-01 2.006487e-04 -2.182204e-02 3.933311e+01 -2.013622e-04 1.000000e+00 -3.050060e-05 -1.830169e+00 2.182203e-02 3.488846e-05 9.997618e-01 2.373473e+01
9.992455e-01 -2.642752e-04 3.883644e-02 3.943893e+01 2.814944e-04 9.999999e-01 -4.379100e-04 -1.839643e+00 -3.883631e-02 4.485109e-04 9.992456e-01 2.406291e+01
9.996329e-01 3.347982e-04 -2.709183e-02 3.984350e+01 -3.325220e-04 9.999999e-01 8.852121e-05 -1.855918e+00 2.709185e-02 -7.947917e-05 9.996328e-01 2.426196e+01
9.992402e-01 -2.953133e-04 3.897297e-02 4.027435e+01 3.117270e-04 9.999999e-01 -4.150820e-04 -1.872304e+00 -3.897284e-02 4.269147e-04 9.992403e-01 2.438190e+01
9.995131e-01 3.449218e-04 -3.119981e-02 4.070043e+01 -3.392439e-04 9.999999e-01 1.872780e-04 -1.888335e+00 3.119987e-02 -1.766016e-04 9.995130e-01 2.444663e+01
9.993575e-01 -2.552127e-04 3.583905e-02 4.106341e+01 2.666173e-04 9.999999e-01 -3.134397e-04 -1.902657e+00 -3.583896e-02 3.227928e-04 9.993576e-01 2.459813e+01
9.994556e-01 2.939710e-04 -3.299074e-02 4.121817e+01 -2.861482e-04 9.999999e-01 2.418419e-04 -1.912561e+00 3.299081e-02 -2.322692e-04 9.994555e-01 2.492691e+01
9.990558e-01 -2.926495e-04 4.344393e-02 4.128928e+01 3.140131e-04 9.999998e-01 -4.849281e-04 -1.918834e+00 -4.344378e-02 4.981114e-04 9.990558e-01 2.509449e+01
9.995048e-01 2.742989e-04 -3.146559e-02 4.146756e+01 -2.683728e-04 9.999999e-01 1.925595e-04 -1.926763e+00 3.146564e-02 -1.840188e-04 9.995047e-01 2.510734e+01
9.990605e-01 -2.870278e-04 4.333671e-02 4.171597e+01 3.086831e-04 9.999998e-01 -4.930083e-04 -1.937135e+00 -4.333656e-02 5.059217e-04 9.990605e-01 2.515991e+01
9.996752e-01 2.019998e-04 -2.548316e-02 4.200875e+01 -2.020721e-04 1.000000e+00 -2.605282e-07 -1.949183e+00 2.548316e-02 5.410577e-06 9.996752e-01 2.521099e+01
9.990824e-01 -2.280971e-04 4.282926e-02 4.238181e+01 2.495834e-04 9.999998e-01 -4.963260e-04 -1.963689e+00 -4.282915e-02 5.065593e-04 9.990824e-01 2.519437e+01
9.996620e-01 1.686056e-04 -2.599590e-02 4.283537e+01 -1.686858e-04 1.000000e+00 -8.906942e-07 -1.980809e+00 2.599591e-02 5.276128e-06 9.996619e-01 2.521589e+01
9.990322e-01 -2.363734e-04 4.398376e-02 4.322663e+01 2.588885e-04 9.999998e-01 -5.062003e-04 -1.995913e+00 -4.398364e-02 5.170967e-04 9.990322e-01 2.519959e+01
9.997786e-01 1.144161e-04 -2.104099e-02 4.354244e+01 -1.175176e-04 1.000000e+00 -1.461662e-04 -2.008288e+00 2.104098e-02 1.486070e-04 9.997785e-01 2.510879e+01
9.991416e-01 -2.124695e-04 4.142469e-02 4.368809e+01 2.294273e-04 9.999999e-01 -4.046089e-04 -2.015512e+00 -4.142461e-02 4.137651e-04 9.991416e-01 2.507900e+01
9.997472e-01 1.434034e-04 -2.248441e-02 4.396020e+01 -1.461744e-04 1.000000e+00 -1.215954e-04 -2.027107e+00 2.248441e-02 1.248517e-04 9.997471e-01 2.513490e+01
9.989085e-01 -2.500917e-04 4.670838e-02 4.420417e+01 2.774772e-04 9.999998e-01 -5.798252e-04 -2.037842e+00 -4.670824e-02 5.921525e-04 9.989085e-01 2.515127e+01
9.996527e-01 1.679588e-04 -2.635142e-02 4.462484e+01 -1.687570e-04 1.000000e+00 -2.806820e-05 -2.054228e+00 2.635143e-02 3.250568e-05 9.996526e-01 2.520238e+01
9.983442e-01 -3.317188e-04 5.752257e-02 4.490317e+01 3.838091e-04 9.999995e-01 -8.945160e-04 -2.066639e+00 -5.752227e-02 9.151124e-04 9.983439e-01 2.527000e+01
9.995966e-01 1.582062e-04 -2.840049e-02 4.501100e+01 -1.565208e-04 1.000000e+00 6.156660e-05 -2.073775e+00 2.840053e-02 -5.709644e-05 9.995965e-01 2.530948e+01
9.980225e-01 -3.852585e-04 6.285668e-02 4.509097e+01 4.515665e-04 9.999994e-01 -1.040706e-03 -2.079964e+00 -6.285627e-02 1.067032e-03 9.980221e-01 2.529094e+01
9.997229e-01 1.403148e-04 -2.354122e-02 4.515897e+01 -1.430007e-04 1.000000e+00 -1.124119e-04 -2.086321e+00 2.354124e-02 1.157470e-04 9.997228e-01 2.529118e+01
9.983411e-01 -3.188350e-04 5.757584e-02 4.529727e+01 3.693130e-04 9.999996e-01 -8.660842e-04 -2.093815e+00 -5.757557e-02 8.859112e-04 9.983409e-01 2.518385e+01
9.997998e-01 9.707930e-05 -2.000645e-02 4.547798e+01 -1.015344e-04 1.000000e+00 -2.216725e-04 -2.102755e+00 2.000647e-02 2.236591e-04 9.997997e-01 2.508082e+01
9.985057e-01 -2.559269e-04 5.464786e-02 4.564443e+01 2.996289e-04 9.999996e-01 -7.915124e-04 -2.111336e+00 -5.464768e-02 8.067042e-04 9.985055e-01 2.499912e+01
9.996401e-01 9.831168e-05 -2.682702e-02 4.595188e+01 -9.918355e-05 1.000000e+00 -3.117522e-05 -2.124317e+00 2.682706e-02 3.382425e-05 9.996400e-01 2.499818e+01
9.983720e-01 -2.615786e-04 5.703811e-02 4.620341e+01 3.113586e-04 9.999996e-01 -8.638681e-04 -2.135515e+00 -5.703791e-02 8.802217e-04 9.983717e-01 2.497094e+01
9.996578e-01 9.198921e-05 -2.615904e-02 4.638132e+01 -9.294942e-05 1.000000e+00 -3.549893e-05 -2.144072e+00 2.615909e-02 3.791753e-05 9.996577e-01 2.487298e+01
9.990282e-01 -1.454615e-04 4.407538e-02 4.664904e+01 1.656025e-04 9.999999e-01 -4.533227e-04 -2.154994e+00 -4.407536e-02 4.601819e-04 9.990282e-01 2.486651e+01
9.997415e-01 5.447145e-05 -2.273705e-02 4.690011e+01 -5.800037e-05 1.000000e+00 -1.545579e-04 -2.165457e+00 2.273710e-02 1.558359e-04 9.997414e-01 2.480673e+01
9.989382e-01 -1.698707e-04 4.606960e-02 4.724652e+01 1.935065e-04 9.999999e-01 -5.085907e-04 -2.178686e+00 -4.606957e-02 5.169663e-04 9.989382e-01 2.468019e+01
9.997119e-01 1.010092e-04 -2.400142e-02 4.756425e+01 -1.039831e-04 1.000000e+00 -1.226717e-04 -2.191498e+00 2.400146e-02 1.251312e-04 9.997118e-01 2.462821e+01
9.993024e-01 -1.617167e-04 3.734703e-02 4.795613e+01 1.708242e-04 1.000000e+00 -2.406801e-04 -2.206515e+00 -3.734705e-02 2.468930e-04 9.993024e-01 2.463613e+01
9.998756e-01 2.577664e-05 -1.577061e-02 4.808434e+01 -3.135591e-05 9.999999e-01 -3.535520e-04 -2.213980e+00 1.577066e-02 3.540015e-04 9.998755e-01 2.469855e+01
9.992060e-01 -1.854735e-04 3.984210e-02 4.820073e+01 1.992675e-04 9.999999e-01 -3.422548e-04 -2.221304e+00 -3.984209e-02 3.499234e-04 9.992060e-01 2.476534e+01
9.999881e-01 -9.785515e-05 -4.870672e-03 4.831718e+01 9.445065e-05 9.999998e-01 -6.992958e-04 -2.229196e+00 4.870804e-03 6.988262e-04 9.999878e-01 2.481038e+01
9.986636e-01 -1.881642e-04 5.168152e-02 4.836099e+01 2.226973e-04 9.999998e-01 -6.624430e-04 -2.235098e+00 -5.168145e-02 6.730684e-04 9.986635e-01 2.477349e+01
9.998493e-01 -1.991417e-05 -1.735732e-02 4.860013e+01 1.401039e-05 9.999999e-01 -3.402879e-04 -2.246253e+00 1.735740e-02 3.399921e-04 9.998492e-01 2.477059e+01
9.989402e-01 -6.357330e-05 4.602673e-02 4.900567e+01 8.797945e-05 9.999999e-01 -5.282478e-04 -2.262693e+00 -4.602676e-02 5.317389e-04 9.989402e-01 2.477765e+01
9.996962e-01 -4.864317e-05 -2.464591e-02 4.946546e+01 4.605683e-05 1.000000e+00 -1.055365e-04 -2.280035e+00 2.464599e-02 1.043678e-04 9.996962e-01 2.473736e+01
9.987513e-01 -2.393359e-05 4.995891e-02 4.992985e+01 5.720186e-05 9.999998e-01 -6.644966e-04 -2.297534e+00 -4.995896e-02 6.665262e-04 9.987511e-01 2.464202e+01
9.998459e-01 -1.345620e-04 -1.755294e-02 5.033303e+01 1.292564e-04 9.999999e-01 -3.034447e-04 -2.313590e+00 1.755306e-02 3.011274e-04 9.998458e-01 2.456760e+01
9.987047e-01 -2.499320e-05 5.088249e-02 5.070958e+01 5.986219e-05 9.999998e-01 -6.837768e-04 -2.328732e+00 -5.088255e-02 6.859387e-04 9.987045e-01 2.449920e+01
9.999534e-01 -2.353422e-04 -9.647255e-03 5.095844e+01 2.301677e-04 9.999998e-01 -5.375778e-04 -2.340649e+00 9.647462e-03 5.353305e-04 9.999532e-01 2.448686e+01
9.987233e-01 6.382361e-05 5.051605e-02 5.126065e+01 -2.949758e-05 9.999998e-01 -6.802722e-04 -2.354067e+00 -5.051616e-02 6.779155e-04 9.987231e-01 2.440766e+01
9.998072e-01 -1.934656e-04 -1.963221e-02 5.170648e+01 1.887616e-04 1.000000e+00 -2.415181e-04 -2.371337e+00 1.963234e-02 2.377638e-04 9.998072e-01 2.431708e+01
9.992237e-01 1.383322e-04 3.939470e-02 5.209339e+01 -1.248659e-04 9.999999e-01 -3.443178e-04 -2.386274e+00 -3.939483e-02 3.391335e-04 9.992237e-01 2.429306e+01
9.999436e-01 -3.214631e-04 -1.061717e-02 5.250415e+01 3.160548e-04 9.999998e-01 -5.111825e-04 -2.402379e+00 1.061742e-02 5.077960e-04 9.999434e-01 2.424236e+01
9.989923e-01 2.007869e-04 4.488222e-02 5.288108e+01 -1.778804e-04 9.999999e-01 -5.143905e-04 -2.417672e+00 -4.488241e-02 5.058905e-04 9.989922e-01 2.415671e+01
9.999561e-01 -3.893860e-04 -9.362162e-03 5.323117e+01 3.842947e-04 9.999998e-01 -5.457595e-04 -2.432262e+00 9.362464e-03 5.421356e-04 9.999560e-01 2.411420e+01
9.986696e-01 1.568341e-04 5.156595e-02 5.348773e+01 -1.193612e-04 9.999997e-01 -7.298043e-04 -2.444331e+00 -5.156614e-02 7.226807e-04 9.986694e-01 2.409379e+01
9.998926e-01 -3.452951e-04 -1.464850e-02 5.384668e+01 3.399436e-04 9.999999e-01 -3.679304e-04 -2.459296e+00 1.464872e-02 3.629089e-04 9.998926e-01 2.404582e+01
9.991800e-01 2.892289e-04 4.048737e-02 5.431132e+01 -2.721376e-04 9.999999e-01 -4.276916e-04 -2.476916e+00 -4.048758e-02 4.163251e-04 9.991800e-01 2.396476e+01
9.998956e-01 -4.235471e-04 -1.444309e-02 5.474093e+01 4.185908e-04 9.999999e-01 -3.463010e-04 -2.493194e+00 1.444333e-02 3.402167e-04 9.998956e-01 2.385686e+01
9.991263e-01 3.246277e-04 4.179273e-02 5.522452e+01 -3.037941e-04 9.999998e-01 -5.048895e-04 -2.511670e+00 -4.179298e-02 4.917543e-04 9.991262e-01 2.382971e+01
9.998674e-01 -4.152610e-04 -1.627864e-02 5.574160e+01 4.106373e-04 9.999999e-01 -2.874975e-04 -2.531149e+00 1.627885e-02 2.807724e-04 9.998674e-01 2.381070e+01
9.994288e-01 4.031322e-04 3.379347e-02 5.629985e+01 -3.944503e-04 9.999999e-01 -2.636346e-04 -2.551111e+00 -3.379367e-02 2.501566e-04 9.994289e-01 2.374257e+01
9.999570e-01 -5.235605e-04 -9.253950e-03 5.671938e+01 5.192139e-04 9.999998e-01 -4.723131e-04 -2.567156e+00 9.254293e-03 4.674856e-04 9.999570e-01 2.368507e+01
9.993251e-01 3.915318e-04 3.673370e-02 5.698495e+01 -3.792899e-04 9.999999e-01 -3.402852e-04 -2.578209e+00 -3.673393e-02 3.261252e-04 9.993251e-01 2.358291e+01
9.999993e-01 -6.632720e-04 9.493308e-04 5.717822e+01 6.640083e-04 9.999995e-01 -7.732163e-04 -2.587898e+00 -9.487182e-04 7.738437e-04 9.999992e-01 2.353121e+01
9.992693e-01 4.273987e-04 3.822069e-02 5.733899e+01 -4.120524e-04 9.999998e-01 -4.094544e-04 -2.596840e+00 -3.822095e-02 3.934088e-04 9.992693e-01 2.351564e+01
9.999990e-01 -6.773836e-04 1.204414e-03 5.754866e+01 6.783154e-04 9.999995e-01 -7.714091e-04 -2.607631e+00 -1.203791e-03 7.722228e-04 9.999989e-01 2.352440e+01
9.996100e-01 5.006957e-04 2.792470e-02 5.773270e+01 -4.979586e-04 9.999999e-01 -1.050615e-04 -2.616663e+00 -2.792485e-02 9.111779e-05 9.996101e-01 2.350923e+01
9.999728e-01 -6.233902e-04 -7.342783e-03 5.796170e+01 6.198286e-04 9.999997e-01 -4.876747e-04 -2.626275e+00 7.343185e-03 4.831076e-04 9.999729e-01 2.339198e+01
9.993900e-01 4.491218e-04 3.492036e-02 5.825669e+01 -4.379616e-04 9.999999e-01 -3.273142e-04 -2.638267e+00 -3.492060e-02 3.118234e-04 9.993901e-01 2.325940e+01
9.997610e-01 -4.856822e-04 -2.185291e-02 5.846880e+01 4.861087e-04 9.999999e-01 1.408069e-05 -2.645825e+00 2.185300e-02 -2.470281e-05 9.997611e-01 2.297424e+01
9.993767e-01 4.236431e-04 3.529963e-02 5.875548e+01 -4.097720e-04 9.999998e-01 -4.002639e-04 -2.656759e+00 -3.529989e-02 3.855522e-04 9.993767e-01 2.284059e+01
9.995087e-01 -3.767498e-04 -3.133813e-02 5.905730e+01 3.828592e-04 9.999999e-01 1.888611e-04 -2.667960e+00 3.133815e-02 -2.007690e-04 9.995088e-01 2.275597e+01
9.996410e-01 6.019418e-04 2.678703e-02 5.938815e+01 -6.001086e-04 9.999998e-01 -7.657568e-05 -2.679228e+00 -2.678717e-02 6.047566e-05 9.996412e-01 2.254592e+01
9.995855e-01 -4.454288e-04 -2.878384e-02 5.960914e+01 4.499656e-04 9.999999e-01 1.510420e-04 -2.686873e+00 2.878387e-02 -1.639337e-04 9.995856e-01 2.233438e+01
9.997998e-01 7.447541e-04 1.999762e-02 5.977139e+01 -7.471801e-04 9.999997e-01 1.137035e-04 -2.693227e+00 -1.999762e-02 -1.286200e-04 9.998001e-01 2.221488e+01
9.995705e-01 -4.213786e-04 -2.929953e-02 5.991412e+01 4.274354e-04 9.999999e-01 2.003625e-04 -2.699088e+00 2.929955e-02 -2.128026e-04 9.995706e-01 2.208828e+01
9.999596e-01 1.030276e-03 8.936600e-03 6.012782e+01 -1.035096e-03 9.999993e-01 5.344141e-04 -2.707950e+00 -8.936143e-03 -5.436403e-04 9.999600e-01 2.204594e+01
9.999367e-01 -8.916090e-04 -1.121356e-02 6.026597e+01 8.862576e-04 9.999995e-01 -4.824148e-04 -2.712895e+00 1.121408e-02 4.724437e-04 9.999370e-01 2.183583e+01
9.999926e-01 1.298071e-03 -3.648101e-03 6.030409e+01 -1.294396e-03 9.999987e-01 1.010425e-03 -2.714343e+00 3.649308e-03 -1.005693e-03 9.999929e-01 2.154914e+01
9.998410e-01 -6.962663e-04 -1.781533e-02 6.036778e+01 6.924439e-04 9.999997e-01 -2.208634e-04 -2.717550e+00 1.781558e-02 2.084897e-04 9.998412e-01 2.137953e+01
9.999612e-01 1.419692e-03 -8.703535e-03 6.050482e+01 -1.408842e-03 9.999982e-01 1.252844e-03 -2.724706e+00 8.705198e-03 -1.240531e-03 9.999614e-01 2.141087e+01
9.997760e-01 -6.106819e-04 -2.115364e-02 6.066911e+01 6.080066e-04 9.999998e-01 -1.330040e-04 -2.732529e+00 2.115382e-02 1.201103e-04 9.997762e-01 2.140900e+01
9.999116e-01 1.504637e-03 -1.321430e-02 6.078673e+01 -1.484891e-03 9.999978e-01 1.504151e-03 -2.738568e+00 1.321643e-02 -1.484394e-03 9.999116e-01 2.133979e+01
9.997792e-01 -5.713703e-04 -2.100438e-02 6.088658e+01 5.681313e-04 9.999998e-01 -1.602633e-04 -2.743993e+00 2.100457e-02 1.482926e-04 9.997793e-01 2.126309e+01
9.999214e-01 1.464541e-03 -1.245284e-02 6.099607e+01 -1.445681e-03 9.999978e-01 1.523587e-03 -2.750084e+00 1.245495e-02 -1.505462e-03 9.999214e-01 2.125381e+01
9.997504e-01 -5.176371e-04 -2.233577e-02 6.112364e+01 5.141837e-04 9.999999e-01 -1.604299e-04 -2.757157e+00 2.233594e-02 1.489032e-04 9.997505e-01 2.130819e+01
9.999846e-01 1.291208e-03 -5.398257e-03 6.126559e+01 -1.284396e-03 9.999984e-01 1.265431e-03 -2.764226e+00 5.399785e-03 -1.258476e-03 9.999847e-01 2.130991e+01
9.996551e-01 -3.974718e-04 -2.625595e-02 6.143204e+01 3.959717e-04 9.999999e-01 -6.238327e-05 -2.772343e+00 2.625607e-02 5.196339e-05 9.996552e-01 2.134259e+01
9.999936e-01 1.191156e-03 -3.371226e-03 6.162620e+01 -1.187101e-03 9.999986e-01 1.204946e-03 -2.781081e+00 3.372561e-03 -1.200935e-03 9.999937e-01 2.132282e+01
9.997324e-01 -4.404277e-04 -2.312502e-02 6.187016e+01 4.354524e-04 9.999999e-01 -2.202336e-04 -2.791143e+00 2.312521e-02 2.101033e-04 9.997325e-01 2.129440e+01
9.999872e-01 1.191289e-03 -4.918660e-03 6.206336e+01 -1.184914e-03 9.999985e-01 1.299011e-03 -2.799368e+00 4.920106e-03 -1.293165e-03 9.999871e-01 2.120222e+01
9.997468e-01 -4.296689e-04 -2.249595e-02 6.220925e+01 4.241727e-04 9.999999e-01 -2.491319e-04 -2.805685e+00 2.249614e-02 2.395253e-04 9.997468e-01 2.105692e+01
9.999797e-01 1.189121e-03 -6.264234e-03 6.233997e+01 -1.180418e-03 9.999983e-01 1.392973e-03 -2.811598e+00 6.265788e-03 -1.385549e-03 9.999795e-01 2.091460e+01
9.998438e-01 -5.378550e-04 -1.766538e-02 6.246609e+01 5.281435e-04 9.999997e-01 -5.544531e-04 -2.816441e+00 1.766576e-02 5.450354e-04 9.998437e-01 2.065481e+01
9.999982e-01 1.015880e-03 -1.636486e-03 6.261776e+01 -1.013917e-03 9.999988e-01 1.200239e-03 -2.821190e+00 1.637613e-03 -1.198576e-03 9.999980e-01 2.025833e+01
9.997874e-01 -3.443159e-04 -2.061314e-02 6.273332e+01 3.359856e-04 9.999999e-01 -4.076197e-04 -2.824067e+00 2.061337e-02 4.006062e-04 9.997874e-01 1.976929e+01
9.999989e-01 9.446499e-04 -1.173639e-03 6.280099e+01 -9.431925e-04 9.999988e-01 1.242285e-03 -2.825518e+00 1.174723e-03 -1.241175e-03 9.999986e-01 1.930190e+01
9.996387e-01 -1.696198e-04 -2.687907e-02 6.293219e+01 1.653743e-04 1.000000e+00 -1.601914e-04 -2.830909e+00 2.687919e-02 1.556875e-04 9.996386e-01 1.909144e+01
