9.999951e-01 9.878475e-05 3.140834e-03 4.691741e-01 -9.832022e-05 1.000000e+00 -1.480617e-04 -1.789006e-02 -3.140848e-03 1.477517e-04 9.999952e-01 1.242028e-01
1.000000e+00 5.300525e-05 -1.574924e-04 1.000672e+00 -5.300995e-05 1.000000e+00 -2.996649e-05 -3.823952e-02 1.574915e-04 2.997529e-05 9.999999e-01 3.565511e-01
9.999849e-01 5.600070e-05 5.499685e-03 1.504494e+00 -5.491022e-05 1.000000e+00 -1.984350e-04 -5.789185e-02 -5.499698e-03 1.981295e-04 9.999850e-01 6.074380e-01
9.999983e-01 4.221161e-05 -1.826896e-03 2.031204e+00 -4.226681e-05 1.000000e+00 -3.018043e-05 -7.750108e-02 1.826897e-03 3.025800e-05 9.999982e-01 7.761436e-01
9.999988e-01 7.243428e-05 1.539662e-03 2.447770e+00 -7.233067e-05 1.000000e+00 -6.735721e-05 -9.385112e-02 -1.539669e-03 6.724537e-05 9.999989e-01 9.710623e-01
1.000000e+00 -4.434725e-05 1.986694e-05 2.769523e+00 4.434743e-05 1.000000e+00 -8.271264e-06 -1.057191e-01 -1.986488e-05 8.272528e-06 9.999999e-01 8.867882e-01
9.999874e-01 5.603756e-05 5.026890e-03 3.110884e+00 -5.551554e-05 1.000000e+00 -1.039874e-04 -1.176490e-01 -5.026898e-03 1.037066e-04 9.999875e-01 6.968336e-01
9.999900e-01 -2.623421e-05 -4.481190e-03 3.597030e+00 2.627823e-05 1.000000e+00 9.762702e-06 -1.351304e-01 4.481192e-03 -9.879999e-06 9.999899e-01 6.090737e-01
9.999951e-01 9.700948e-05 3.135640e-03 4.013981e+00 -9.689117e-05 1.000000e+00 -3.788738e-05 -1.514114e-01 -3.135646e-03 3.758302e-05 9.999952e-01 7.489601e-01
9.999204e-01 1.844374e-04 -1.261946e-02 4.288263e+00 -1.802992e-04 9.999999e-01 3.290586e-04 -1.632407e-01 1.261952e-02 -3.267568e-04 9.999202e-01 9.144277e-01
9.999666e-01 -3.558229e-05 8.176606e-03 4.606518e+00 3.783646e-05 1.000000e+00 -2.755331e-04 -1.752960e-01 -8.176597e-03 2.758328e-04 9.999666e-01 9.057060e-01
9.999170e-01 1.301500e-04 -1.288368e-02 4.703275e+00 -1.249692e-04 9.999999e-01 4.029285e-04 -1.808596e-01 1.288373e-02 -4.012846e-04 9.999168e-01 9.740806e-01
9.999993e-01 1.299778e-04 1.184614e-03 4.722804e+00 -1.299216e-04 1.000000e+00 -4.752662e-05 -1.834368e-01 -1.184620e-03 4.737224e-05 9.999994e-01 9.455229e-01
9.999167e-01 1.438096e-04 -1.290456e-02 4.702399e+00 -1.382801e-04 9.999999e-01 4.293874e-04 -1.857962e-01 1.290461e-02 -4.275667e-04 9.999165e-01 1.036387e+00
9.999492e-01 -1.118813e-04 1.007475e-02 4.764988e+00 1.148001e-04 1.000000e+00 -2.891379e-04 -1.947734e-01 -1.007472e-02 2.902793e-04 9.999493e-01 1.458084e+00
9.999989e-01 4.088811e-05 -1.495365e-03 4.965302e+00 -4.080147e-05 1.000000e+00 5.795668e-05 -2.063271e-01 1.495366e-03 -5.789513e-05 9.999988e-01 1.776323e+00
9.998841e-01 4.504432e-04 -1.521811e-02 5.102191e+00 -4.423931e-04 9.999998e-01 5.323487e-04 -2.140423e-01 1.521835e-02 -5.255551e-04 9.998842e-01 1.905347e+00
9.997519e-01 -4.086015e-04 2.227231e-02 5.282014e+00 4.248058e-04 9.999996e-01 -7.228236e-04 -2.222949e-01 -2.227200e-02 7.321062e-04 9.997516e-01 1.926824e+00
9.997064e-01 5.490118e-04 -2.422414e-02 5.493830e+00 -5.310899e-04 9.999996e-01 7.462646e-04 -2.318223e-01 2.422454e-02 -7.331808e-04 9.997064e-01 2.034174e+00
9.994432e-01 -5.280432e-04 3.336057e-02 5.787316e+00 5.616119e-04 9.999993e-01 -9.968744e-04 -2.444959e-01 -3.336002e-02 1.015056e-03 9.994428e-01 2.174265e+00
9.997372e-01 5.246717e-04 -2.291695e-02 6.161677e+00 -5.094132e-04 9.999996e-01 6.716509e-04 -2.600989e-01 2.291730e-02 -6.598006e-04 9.997372e-01 2.396243e+00
9.992104e-01 -5.620755e-04 3.972708e-02 6.451800e+00 6.085651e-04 9.999991e-01 -1.158139e-03 -2.739318e-01 -3.972639e-02 1.181401e-03 9.992098e-01 2.659648e+00
9.994278e-01 5.772945e-04 -3.381871e-02 6.695016e+00 -5.440482e-04 9.999994e-01 9.922686e-04 -2.857047e-01 3.381926e-02 -9.733023e-04 9.994276e-01 2.917942e+00
9.992471e-01 -5.286932e-04 3.879464e-02 6.850239e+00 5.721810e-04 9.999992e-01 -1.109879e-03 -2.915650e-01 -3.879402e-02 1.131241e-03 9.992465e-01 2.748765e+00
9.992389e-01 6.807050e-04 -3.900127e-02 6.896854e+00 -6.342529e-04 9.999991e-01 1.203401e-03 -2.938888e-01 3.900205e-02 -1.177749e-03 9.992385e-01 2.562403e+00
9.991543e-01 -6.297487e-04 4.111200e-02 7.005531e+00 6.808864e-04 9.999990e-01 -1.229872e-03 -3.019941e-01 -4.111118e-02 1.256825e-03 9.991537e-01 2.811313e+00
9.996026e-01 5.317277e-04 -2.818429e-02 7.135272e+00 -5.067520e-04 9.999995e-01 8.932918e-04 -3.084986e-01 2.818474e-02 -8.786547e-04 9.996024e-01 2.806855e+00
9.996028e-01 -4.983134e-04 2.817876e-02 7.242177e+00 5.222026e-04 9.999995e-01 -8.404222e-04 -3.129488e-01 -2.817833e-02 8.548037e-04 9.996024e-01 2.667826e+00
9.995847e-01 6.330788e-04 -2.881085e-02 7.551037e+00 -6.095156e-04 9.999995e-01 8.266333e-04 -3.275473e-01 2.881135e-02 -8.087296e-04 9.995846e-01 3.008093e+00
9.995952e-01 -4.647343e-04 2.844588e-02 7.959910e+00 4.894587e-04 9.999995e-01 -8.622154e-04 -3.445305e-01 -2.844546e-02 8.757898e-04 9.995949e-01 3.295672e+00
9.998064e-01 5.354169e-04 -1.966679e-02 8.227071e+00 -5.236221e-04 9.999997e-01 6.048761e-04 -3.576513e-01 1.966710e-02 -5.944614e-04 9.998065e-01 3.595842e+00
9.997928e-01 -4.555273e-04 2.035306e-02 8.511862e+00 4.689379e-04 9.999997e-01 -6.541342e-04 -3.706207e-01 -2.035275e-02 6.635432e-04 9.997925e-01 3.842509e+00
9.997910e-01 5.085797e-04 -2.043902e-02 8.761096e+00 -4.961608e-04 9.999997e-01 6.126759e-04 -3.823783e-01 2.043932e-02 -6.024071e-04 9.997910e-01 4.080551e+00
9.998841e-01 -4.107142e-04 1.521594e-02 8.877052e+00 4.170404e-04 9.999998e-01 -4.125914e-04 -3.913207e-01 -1.521576e-02 4.188896e-04 9.998840e-01 4.404188e+00
9.998294e-01 4.481897e-04 -1.846317e-02 9.018524e+00 -4.381200e-04 9.999998e-01 5.494364e-04 -4.008045e-01 1.846340e-02 -5.412539e-04 9.998295e-01 4.732697e+00
9.999171e-01 -3.375660e-04 1.287055e-02 9.127925e+00 3.418134e-04 9.999999e-01 -3.278117e-04 -4.097775e-01 -1.287044e-02 3.321842e-04 9.999170e-01 5.075788e+00
9.998721e-01 4.467092e-04 -1.598506e-02 9.465536e+00 -4.403858e-04 9.999998e-01 3.990968e-04 -4.238653e-01 1.598524e-02 -3.920065e-04 9.998723e-01 5.278184e+00
9.999135e-01 -3.773332e-04 1.314909e-02 9.852823e+00 3.827586e-04 9.999998e-01 -4.100963e-04 -4.387179e-01 -1.314893e-02 4.150941e-04 9.999134e-01 5.335839e+00
9.998851e-01 4.538930e-04 -1.514948e-02 1.028993e+01 -4.482470e-04 9.999998e-01 3.760815e-04 -4.552563e-01 1.514965e-02 -3.692480e-04 9.998853e-01 5.398897e+00
9.999847e-01 -1.695298e-04 5.526815e-03 1.060001e+01 1.697588e-04 1.000000e+00 -4.097035e-05 -4.687189e-01 -5.526807e-03 4.190833e-05 9.999846e-01 5.634772e+00
9.999258e-01 3.978311e-04 -1.217763e-02 1.093784e+01 -3.947438e-04 9.999999e-01 2.559222e-04 -4.833482e-01 1.217773e-02 -2.510966e-04 9.999259e-01 5.890104e+00
9.999955e-01 -8.032364e-05 2.992642e-03 1.143129e+01 8.037911e-05 1.000000e+00 -1.841137e-05 -5.017439e-01 -2.992641e-03 1.865225e-05 9.999954e-01 6.014324e+00
9.999784e-01 2.802512e-04 -6.568866e-03 1.202386e+01 -2.799859e-04 1.000000e+00 4.131151e-05 -5.233653e-01 6.568878e-03 -3.947185e-05 9.999785e-01 6.105268e+00
9.999997e-01 -9.459078e-05 8.133885e-04 1.249110e+01 9.453925e-05 1.000000e+00 6.342285e-05 -5.409918e-01 -8.133958e-04 -6.334550e-05 9.999996e-01 6.218968e+00
9.999925e-01 2.348341e-04 -3.860262e-03 1.285967e+01 -2.348533e-04 1.000000e+00 -4.518545e-06 -5.559280e-01 3.860262e-03 5.424664e-06 9.999926e-01 6.376014e+00
9.999898e-01 -1.586915e-04 4.523071e-03 1.340620e+01 1.591985e-04 1.000000e+00 -1.117288e-04 -5.755591e-01 -4.523055e-03 1.124481e-04 9.999897e-01 6.309798e+00
9.999969e-01 2.324893e-04 -2.475334e-03 1.383023e+01 -2.325882e-04 1.000000e+00 -3.963779e-05 -5.914302e-01 2.475326e-03 4.021298e-05 9.999970e-01 6.364450e+00
9.999992e-01 -1.604863e-04 1.277439e-03 1.416718e+01 1.604943e-04 1.000000e+00 -6.134149e-06 -6.049770e-01 -1.277440e-03 6.339577e-06 9.999991e-01 6.474131e+00
9.999952e-01 2.578711e-04 -3.076988e-03 1.439393e+01 -2.576751e-04 1.000000e+00 6.411588e-05 -6.167798e-01 3.077006e-03 -6.332313e-05 9.999954e-01 6.765075e+00
9.999941e-01 -1.869193e-04 3.436057e-03 1.459533e+01 1.872621e-04 1.000000e+00 -9.941934e-05 -6.292228e-01 -3.436040e-03 1.000626e-04 9.999940e-01 7.170212e+00
9.999457e-01 4.342417e-04 -1.040828e-02 1.488427e+01 -4.312366e-04 9.999999e-01 2.909716e-04 -6.421171e-01 1.040841e-02 -2.864678e-04 9.999459e-01 7.391452e+00
9.999999e-01 -6.512621e-05 -3.348799e-04 1.523741e+01 6.514923e-05 1.000000e+00 6.866880e-05 -6.573611e-01 3.348721e-04 -6.869015e-05 9.999998e-01 7.676168e+00
9.999306e-01 5.209539e-04 -1.176739e-02 1.573672e+01 -5.174788e-04 9.999998e-01 2.983661e-04 -6.760132e-01 1.176755e-02 -2.922565e-04 9.999308e-01 7.841429e+00
9.999161e-01 2.803466e-04 -1.294948e-02 1.617715e+01 -2.713124e-04 9.999997e-01 6.993993e-04 -6.931065e-01 1.294966e-02 -6.958267e-04 9.999158e-01 8.016953e+00
9.997236e-01 8.177903e-04 -2.349755e-02 1.641074e+01 -7.973641e-04 9.999993e-01 8.786492e-04 -7.043695e-01 2.349826e-02 -8.596710e-04 9.997236e-01 8.189436e+00
9.997909e-01 3.947802e-04 -2.044688e-02 1.654251e+01 -3.750275e-04 9.999995e-01 9.698724e-04 -7.128076e-01 2.044724e-02 -9.620005e-04 9.997904e-01 8.358236e+00
9.997431e-01 7.920371e-04 -2.265372e-02 1.665263e+01 -7.731495e-04 9.999993e-01 8.425041e-04 -7.204425e-01 2.265439e-02 -8.247740e-04 9.997431e-01 8.510775e+00
9.997167e-01 4.870225e-04 -2.379486e-02 1.673127e+01 -4.597567e-04 9.999992e-01 1.151322e-03 -7.272974e-01 2.379538e-02 -1.140055e-03 9.997161e-01 8.671661e+00
9.996588e-01 8.481175e-04 -2.610554e-02 1.679578e+01 -8.228511e-04 9.999992e-01 9.785904e-04 -7.336679e-01 2.610638e-02 -9.567770e-04 9.996588e-01 8.814495e+00
9.997917e-01 4.487623e-04 -2.040610e-02 1.690920e+01 -4.280924e-04 9.999994e-01 1.017275e-03 -7.416033e-01 2.040651e-02 -1.008326e-03 9.997912e-01 8.978961e+00
9.998408e-01 6.866925e-04 -1.783234e-02 1.708144e+01 -6.747224e-04 9.999995e-01 6.772883e-04 -7.516144e-01 1.783283e-02 -6.651503e-04 9.998409e-01 9.211350e+00
9.996727e-01 5.282294e-04 -2.557708e-02 1.716479e+01 -4.979313e-04 9.999992e-01 1.190922e-03 -7.585671e-01 2.557765e-02 -1.177794e-03 9.996720e-01 9.372454e+00
9.999999e-01 2.064259e-04 2.809716e-04 1.727604e+01 -2.064012e-04 1.000000e+00 -8.978048e-05 -7.680961e-01 -2.809472e-04 8.972050e-05 1.000000e+00 9.729253e+00
9.994840e-01 7.075037e-04 -3.211361e-02 1.737641e+01 -6.595874e-04 9.999987e-01 1.502642e-03 -7.772819e-01 3.211458e-02 -1.480683e-03 9.994830e-01 1.007532e+01
9.999897e-01 1.386541e-04 4.530133e-03 1.745251e+01 -1.376136e-04 1.000000e+00 -2.301411e-04 -7.866214e-01 -4.530116e-03 2.295131e-04 9.999898e-01 1.048253e+01
9.994430e-01 6.615967e-04 -3.336601e-02 1.757157e+01 -6.116368e-04 9.999987e-01 1.507496e-03 -7.965161e-01 3.336691e-02 -1.486247e-03 9.994420e-01 1.085037e+01
9.999211e-01 6.177202e-04 -1.254376e-02 1.762170e+01 -6.110993e-04 9.999997e-01 5.317076e-04 -8.039777e-01 1.254414e-02 -5.240026e-04 9.999213e-01 1.112661e+01
9.993152e-01 7.687093e-04 -3.699422e-02 1.769223e+01 -7.085694e-04 9.999984e-01 1.638721e-03 -8.112611e-01 3.699536e-02 -1.611383e-03 9.993140e-01 1.133680e+01
9.999518e-01 5.498005e-04 -9.803022e-03 1.777867e+01 -5.460034e-04 9.999998e-01 3.901032e-04 -8.185692e-01 9.803297e-03 -3.847345e-04 9.999520e-01 1.150927e+01
9.993821e-01 6.741306e-04 -3.514174e-02 1.785666e+01 -6.216045e-04 9.999987e-01 1.505568e-03 -8.251189e-01 3.514264e-02 -1.482791e-03 9.993811e-01 1.163502e+01
9.999882e-01 4.646744e-04 -4.848611e-03 1.791776e+01 -4.635545e-04 9.999999e-01 2.323375e-04 -8.310652e-01 4.848788e-03 -2.300901e-04 9.999883e-01 1.176181e+01
9.994189e-01 5.933515e-04 -3.408139e-02 1.794978e+01 -5.465219e-04 9.999989e-01 1.383319e-03 -8.360581e-01 3.408211e-02 -1.363886e-03 9.994180e-01 1.188255e+01
9.999837e-01 5.448982e-04 -5.694438e-03 1.801828e+01 -5.429307e-04 9.999998e-01 3.472866e-04 -8.421377e-01 5.694701e-03 -3.441922e-04 9.999838e-01 1.199701e+01
9.993987e-01 -7.717876e-04 3.466477e-02 1.824867e+01 8.143208e-04 9.999989e-01 -1.212843e-03 -8.536605e-01 -3.466386e-02 1.240345e-03 9.993982e-01 1.209482e+01
9.999519e-01 4.365602e-04 9.803192e-03 1.852310e+01 -4.349065e-04 9.999999e-01 -1.709448e-04 -8.669080e-01 -9.803197e-03 1.666702e-04 9.999520e-01 1.217986e+01
9.993008e-01 -7.887421e-04 3.737898e-02 1.866279e+01 8.355005e-04 9.999989e-01 -1.235292e-03 -8.757868e-01 -3.737803e-02 1.265661e-03 9.993003e-01 1.219439e+01
9.999376e-01 4.422175e-04 1.116720e-02 1.878496e+01 -4.400625e-04 9.999999e-01 -1.955130e-04 -8.837596e-01 -1.116723e-02 1.905838e-04 9.999377e-01 1.216654e+01
9.994089e-01 -7.783320e-04 3.436830e-02 1.889562e+01 8.179359e-04 9.999990e-01 -1.138267e-03 -8.911372e-01 -3.436744e-02 1.165708e-03 9.994085e-01 1.212438e+01
9.999798e-01 5.059239e-04 6.334351e-03 1.897070e+01 -5.055817e-04 9.999999e-01 -5.573529e-05 -8.966569e-01 -6.334323e-03 5.252910e-05 9.999800e-01 1.200922e+01
9.994834e-01 -7.773800e-04 3.212887e-02 1.912815e+01 8.130374e-04 9.999991e-01 -1.096752e-03 -9.047905e-01 -3.212804e-02 1.122309e-03 9.994830e-01 1.190807e+01
9.999944e-01 5.146626e-04 3.294897e-03 1.936583e+01 -5.146605e-04 9.999999e-01 -1.699719e-06 -9.159787e-01 -3.294849e-03 1.589037e-09 9.999947e-01 1.191247e+01
9.994812e-01 -7.434838e-04 3.219873e-02 1.953902e+01 7.782245e-04 9.999991e-01 -1.066409e-03 -9.253172e-01 -3.219795e-02 1.090915e-03 9.994808e-01 1.193366e+01
9.999998e-01 5.233708e-04 -4.016016e-04 1.972293e+01 -5.233304e-04 9.999999e-01 1.021455e-04 -9.343150e-01 4.016978e-04 -1.019375e-04 1.000000e+00 1.190507e+01
9.992773e-01 -7.728644e-04 3.800348e-02 1.996521e+01 8.207919e-04 9.999989e-01 -1.245535e-03 -9.455915e-01 -3.800251e-02 1.275830e-03 9.992767e-01 1.187327e+01
9.999898e-01 5.516607e-04 -4.486524e-03 2.026090e+01 -5.507325e-04 9.999998e-01 2.082051e-04 -9.584674e-01 4.486675e-03 -2.057342e-04 9.999900e-01 1.187201e+01
9.991361e-01 -8.189261e-04 4.154993e-02 2.046263e+01 8.747140e-04 9.999987e-01 -1.324500e-03 -9.685575e-01 -4.154882e-02 1.359702e-03 9.991355e-01 1.188450e+01
9.997278e-01 7.943851e-04 -2.331748e-02 2.068679e+01 -7.760709e-04 9.999994e-01 7.944793e-04 -9.785360e-01 2.331813e-02 -7.761689e-04 9.997279e-01 1.191118e+01
9.997465e-01 -6.483560e-04 2.250738e-02 2.091544e+01 6.655134e-04 9.999995e-01 -7.548053e-04 -9.886208e-01 -2.250691e-02 7.695947e-04 9.997463e-01 1.201766e+01
9.998624e-01 6.466239e-04 -1.657885e-02 2.093042e+01 -6.374743e-04 9.999996e-01 5.571769e-04 -9.921089e-01 1.657923e-02 -5.465335e-04 9.998625e-01 1.207671e+01
9.999570e-01 -3.664841e-04 9.265151e-03 2.100321e+01 3.694253e-04 9.999999e-01 -3.157058e-04 -9.967060e-01 -9.265065e-03 3.191169e-04 9.999569e-01 1.209284e+01
9.996665e-01 8.546113e-04 -2.581102e-02 2.113216e+01 -8.311728e-04 9.999992e-01 9.188065e-04 -1.003534e+00 2.581182e-02 -8.970486e-04 9.996665e-01 1.215975e+01
9.999998e-01 -1.909415e-04 6.729951e-04 2.121421e+01 1.909034e-04 1.000000e+00 5.733859e-05 -1.009504e+00 -6.730412e-04 -5.720809e-05 9.999997e-01 1.227323e+01
9.996422e-01 8.839500e-04 -2.673321e-02 2.121210e+01 -8.585164e-04 9.999992e-01 9.628621e-04 -1.011857e+00 2.673407e-02 -9.395688e-04 9.996422e-01 1.226490e+01
9.999924e-01 -2.863641e-04 3.890909e-03 2.120598e+01 2.868505e-04 1.000000e+00 -1.243326e-04 -1.013522e+00 -3.890913e-03 1.254499e-04 9.999923e-01 1.219847e+01
9.997112e-01 7.641188e-04 -2.401936e-02 2.117643e+01 -7.441672e-04 9.999994e-01 8.395935e-04 -1.014372e+00 2.402003e-02 -8.214788e-04 9.997112e-01 1.212906e+01
9.998665e-01 -5.510955e-04 1.633068e-02 2.103877e+01 5.618338e-04 9.999996e-01 -6.529352e-04 -1.010064e+00 -1.633036e-02 6.620254e-04 9.998663e-01 1.190098e+01
9.997993e-01 6.252315e-04 -2.002414e-02 2.090108e+01 -6.110799e-04 9.999996e-01 7.128615e-04 -1.005776e+00 2.002462e-02 -7.004842e-04 9.997993e-01 1.167494e+01
9.997644e-01 -6.125923e-04 2.169838e-02 2.090442e+01 6.285835e-04 9.999995e-01 -7.301350e-04 -1.006376e+00 -2.169796e-02 7.436044e-04 9.997642e-01 1.148557e+01
9.998204e-01 6.125782e-04 -1.894170e-02 2.079393e+01 -5.995726e-04 9.999996e-01 6.923106e-04 -1.002786e+00 1.894216e-02 -6.808316e-04 9.998204e-01 1.124456e+01
9.997725e-01 -6.101681e-04 2.132046e-02 2.071512e+01 6.255148e-04 9.999996e-01 -7.131271e-04 -1.000335e+00 -2.132006e-02 7.263034e-04 9.997723e-01 1.100895e+01
9.997724e-01 6.182189e-04 -2.132430e-02 2.072583e+01 -6.025389e-04 9.999995e-01 7.417521e-04 -1.002052e+00 2.132479e-02 -7.287368e-04 9.997724e-01 1.092016e+01
9.997636e-01 -5.904080e-04 2.173354e-02 2.074987e+01 6.063537e-04 9.999996e-01 -7.270849e-04 -1.003611e+00 -2.173314e-02 7.400934e-04 9.997634e-01 1.075623e+01
9.998430e-01 5.946074e-04 -1.771239e-02 2.083648e+01 -5.829427e-04 9.999996e-01 6.637435e-04 -1.007184e+00 1.771282e-02 -6.533162e-04 9.998430e-01 1.060391e+01
9.998117e-01 -5.574516e-04 1.939614e-02 2.116106e+01 5.715550e-04 9.999996e-01 -7.215595e-04 -1.019236e+00 -1.939577e-02 7.325119e-04 9.998115e-01 1.053620e+01
9.998213e-01 6.108251e-04 -1.889469e-02 2.146874e+01 -5.978859e-04 9.999996e-01 6.904693e-04 -1.031437e+00 1.889515e-02 -6.790513e-04 9.998213e-01 1.057450e+01
9.998036e-01 -5.700209e-04 1.981076e-02 2.173778e+01 5.842823e-04 9.999996e-01 -7.140765e-04 -1.042322e+00 -1.981038e-02 7.255135e-04 9.998034e-01 1.060270e+01
9.999210e-01 5.860969e-04 -1.255512e-02 2.202775e+01 -5.797325e-04 9.999997e-01 5.105921e-04 -1.054338e+00 1.255545e-02 -5.032753e-04 9.999211e-01 1.070764e+01
9.996557e-01 -6.088939e-04 2.623225e-02 2.229449e+01 6.325510e-04 9.999994e-01 -8.935246e-04 -1.067843e+00 -2.623173e-02 9.098123e-04 9.996554e-01 1.100149e+01
9.999290e-01 5.291927e-04 -1.190738e-02 2.255241e+01 -5.232262e-04 9.999997e-01 5.042127e-04 -1.080061e+00 1.190769e-02 -4.979487e-04 9.999291e-01 1.119674e+01
9.998789e-01 -5.441775e-04 1.555545e-02 2.266882e+01 5.539001e-04 9.999997e-01 -6.206968e-04 -1.085612e+00 -1.555514e-02 6.292399e-04 9.998787e-01 1.119273e+01
9.998831e-01 5.678796e-04 -1.528253e-02 2.278887e+01 -5.586900e-04 9.999997e-01 6.056023e-04 -1.090782e+00 1.528291e-02 -5.969953e-04 9.998831e-01 1.110716e+01
9.998553e-01 -5.625991e-04 1.699876e-02 2.288322e+01 5.737181e-04 9.999996e-01 -6.492093e-04 -1.094973e+00 -1.699843e-02 6.588700e-04 9.998552e-01 1.101024e+01
9.999546e-01 5.382674e-04 -9.512198e-03 2.299161e+01 -5.336169e-04 9.999997e-01 4.914673e-04 -1.100600e+00 9.512497e-03 -4.863711e-04 9.999547e-01 1.100523e+01
9.999182e-01 -5.203808e-04 1.277605e-02 2.309546e+01 5.274376e-04 9.999997e-01 -5.489441e-04 -1.109175e+00 -1.277579e-02 5.556399e-04 9.999181e-01 1.131983e+01
9.999772e-01 4.945379e-04 -6.730424e-03 2.310481e+01 -4.916420e-04 9.999998e-01 4.319716e-04 -1.112467e+00 6.730672e-03 -4.286549e-04 9.999774e-01 1.139037e+01
9.999560e-01 -5.025256e-04 9.366480e-03 2.306573e+01 5.070573e-04 9.999998e-01 -4.814092e-04 -1.115825e+00 -9.366271e-03 4.861394e-04 9.999559e-01 1.159316e+01
9.999637e-01 5.152121e-04 -8.507481e-03 2.301961e+01 -5.112657e-04 9.999998e-01 4.660953e-04 -1.118958e+00 8.507755e-03 -4.617308e-04 9.999638e-01 1.178749e+01
9.998476e-01 -5.483073e-04 1.745076e-02 2.320180e+01 5.601740e-04 9.999996e-01 -6.751075e-04 -1.127763e+00 -1.745042e-02 6.847821e-04 9.998474e-01 1.188269e+01
9.999795e-01 5.008195e-04 -6.380339e-03 2.344511e+01 -4.983853e-04 9.999998e-01 3.831610e-04 -1.137509e+00 6.380563e-03 -3.799753e-04 9.999797e-01 1.183725e+01
9.998051e-01 -5.491250e-04 1.973651e-02 2.371846e+01 5.640209e-04 9.999996e-01 -7.491587e-04 -1.149637e+00 -1.973613e-02 7.601465e-04 9.998048e-01 1.196588e+01
9.999949e-01 4.057016e-04 3.170559e-03 2.404741e+01 -4.058576e-04 9.999999e-01 4.846645e-05 -1.163612e+00 -3.170509e-03 -4.975490e-05 9.999951e-01 1.205091e+01
9.998170e-01 -5.567429e-04 1.912439e-02 2.422889e+01 5.702269e-04 9.999996e-01 -6.996073e-04 -1.171731e+00 -1.912402e-02 7.103863e-04 9.998168e-01 1.198182e+01
9.999869e-01 4.535823e-04 -5.093155e-03 2.432455e+01 -4.518856e-04 9.999998e-01 3.343203e-04 -1.177443e+00 5.093332e-03 -3.320162e-04 9.999871e-01 1.198095e+01
9.999206e-01 -4.855087e-04 1.259237e-02 2.453790e+01 4.919802e-04 9.999997e-01 -5.108078e-04 -1.187383e+00 -1.259215e-02 5.169642e-04 9.999205e-01 1.207728e+01
9.999865e-01 5.403619e-04 -5.163697e-03 2.476767e+01 -5.389250e-04 9.999998e-01 2.797096e-04 -1.200088e+00 5.163873e-03 -2.769248e-04 9.999867e-01 1.242785e+01
9.999077e-01 -5.663348e-04 1.357366e-02 2.499335e+01 5.732990e-04 9.999997e-01 -5.091655e-04 -1.212121e+00 -1.357339e-02 5.169020e-04 9.999076e-01 1.272777e+01
9.999784e-01 4.680770e-04 6.553878e-03 2.536802e+01 -4.672572e-04 9.999999e-01 -1.266479e-04 -1.228150e+00 -6.553914e-03 1.235812e-04 9.999786e-01 1.293623e+01
9.999068e-01 -5.721050e-04 1.364025e-02 2.562035e+01 5.787773e-04 9.999997e-01 -4.852000e-04 -1.241411e+00 -1.363999e-02 4.930511e-04 9.999068e-01 1.322163e+01
9.999694e-01 4.853529e-04 7.813491e-03 2.591802e+01 -4.838976e-04 9.999999e-01 -1.881596e-04 -1.255502e+00 -7.813562e-03 1.843714e-04 9.999696e-01 1.343962e+01
9.999661e-01 -5.418946e-04 8.217283e-03 2.627383e+01 5.444471e-04 9.999998e-01 -3.083738e-04 -1.271376e+00 -8.217131e-03 3.128388e-04 9.999661e-01 1.371710e+01
9.999678e-01 5.405885e-04 8.006360e-03 2.670643e+01 -5.388414e-04 9.999998e-01 -2.203864e-04 -1.289159e+00 -8.006463e-03 2.160637e-04 9.999680e-01 1.395581e+01
9.998709e-01 -6.414019e-04 1.605270e-02 2.721404e+01 6.503168e-04 9.999996e-01 -5.501357e-04 -1.309019e+00 -1.605235e-02 5.605055e-04 9.998709e-01 1.411533e+01
9.999806e-01 5.437394e-04 6.203913e-03 2.757855e+01 -5.427184e-04 9.999998e-01 -1.662736e-04 -1.325504e+00 -6.203991e-03 1.629021e-04 9.999808e-01 1.439973e+01
9.998628e-01 -6.965252e-04 1.655118e-02 2.784778e+01 7.055930e-04 9.999996e-01 -5.420265e-04 -1.339847e+00 -1.655081e-02 5.536318e-04 9.998628e-01 1.472931e+01
9.998770e-01 5.097504e-04 1.567818e-02 2.802818e+01 -5.022979e-04 9.999998e-01 -4.792828e-04 -1.352708e+00 -1.567842e-02 4.713476e-04 9.998771e-01 1.506416e+01
9.999618e-01 -6.663115e-04 8.714010e-03 2.828208e+01 6.687516e-04 9.999997e-01 -2.771091e-04 -1.366000e+00 -8.713826e-03 2.829271e-04 9.999619e-01 1.530625e+01
9.997428e-01 4.537373e-04 2.267493e-02 2.859644e+01 -4.370914e-04 9.999996e-01 -7.390625e-04 -1.380840e+00 -2.267525e-02 7.289604e-04 9.997427e-01 1.549417e+01
9.999649e-01 -6.506342e-04 8.351080e-03 2.890500e+01 6.526528e-04 9.999998e-01 -2.389929e-04 -1.395535e+00 -8.350919e-03 2.444358e-04 9.999650e-01 1.568782e+01
9.998177e-01 5.414793e-04 1.908345e-02 2.925210e+01 -5.291569e-04 9.999996e-01 -6.507547e-04 -1.411425e+00 -1.908380e-02 6.405371e-04 9.998178e-01 1.592010e+01
9.999981e-01 -6.122458e-04 1.871182e-03 2.957128e+01 6.122478e-04 9.999998e-01 -5.056837e-07 -1.426357e+00 -1.871173e-03 1.652041e-06 9.999981e-01 1.616803e+01
9.997857e-01 4.865710e-04 2.069443e-02 2.989943e+01 -4.716707e-04 9.999996e-01 -7.248859e-04 -1.441822e+00 -2.069479e-02 7.149690e-04 9.997857e-01 1.644410e+01
9.999831e-01 -6.184867e-04 5.789252e-03 3.017099e+01 6.191430e-04 9.999998e-01 -1.115858e-04 -1.456013e+00 -5.789168e-03 1.151689e-04 9.999831e-01 1.672929e+01
9.997548e-01 3.936881e-04 2.213982e-02 3.041206e+01 -3.765082e-04 9.999996e-01 -7.801347e-04 -1.469195e+00 -2.214013e-02 7.716071e-04 9.997547e-01 1.699669e+01
9.999577e-01 -6.045260e-04 9.182447e-03 3.065980e+01 6.065615e-04 9.999998e-01 -2.188916e-04 -1.482864e+00 -9.182294e-03 2.244524e-04 9.999577e-01 1.726099e+01
9.998772e-01 4.506058e-04 1.566783e-02 3.087612e+01 -4.416882e-04 9.999997e-01 -5.726166e-04 -1.495766e+00 -1.566811e-02 5.656257e-04 9.998772e-01 1.757102e+01
9.999791e-01 -5.533751e-04 6.438593e-03 3.109940e+01 5.541568e-04 9.999998e-01 -1.196326e-04 -1.509340e+00 -6.438502e-03 1.231983e-04 9.999792e-01 1.793871e+01
9.999800e-01 5.737268e-04 6.301556e-03 3.119280e+01 -5.722617e-04 9.999998e-01 -2.342970e-04 -1.521240e+00 -6.301714e-03 2.306859e-04 9.999802e-01 1.844614e+01
9.999893e-01 -5.484902e-04 4.586065e-03 3.128282e+01 5.487585e-04 9.999998e-01 -5.725884e-05 -1.534698e+00 -4.586007e-03 5.977503e-05 9.999894e-01 1.907773e+01
9.999461e-01 5.266035e-04 1.037239e-02 3.148000e+01 -5.226405e-04 9.999998e-01 -3.847778e-04 -1.550016e+00 -1.037261e-02 3.793358e-04 9.999462e-01 1.965218e+01
9.999801e-01 -5.323704e-04 6.281474e-03 3.176645e+01 5.332959e-04 9.999998e-01 -1.456713e-04 -1.565365e+00 -6.281366e-03 1.490184e-04 9.999802e-01 2.005584e+01
9.998663e-01 4.442424e-04 1.634408e-02 3.203056e+01 -4.347901e-04 9.999997e-01 -5.818805e-04 -1.579456e+00 -1.634437e-02 5.746965e-04 9.998664e-01 2.038215e+01
9.999969e-01 -5.233357e-04 2.419633e-03 3.227485e+01 5.233482e-04 9.999999e-01 -4.505508e-06 -1.593196e+00 -2.419598e-03 5.771744e-06 9.999970e-01 2.073981e+01
9.997568e-01 3.766216e-04 2.205048e-02 3.241224e+01 -3.602883e-04 9.999997e-01 -7.446947e-04 -1.605229e+00 -2.205079e-02 7.365691e-04 9.997567e-01 2.114330e+01
9.999991e-01 -5.169622e-04 -1.212880e-03 3.250241e+01 5.171279e-04 9.999999e-01 1.362687e-04 -1.615639e+00 1.212846e-03 -1.368960e-04 9.999992e-01 2.152501e+01
9.997696e-01 4.244434e-04 2.146209e-02 3.284929e+01 -4.081220e-04 9.999996e-01 -7.648521e-04 -1.629562e+00 -2.146244e-02 7.559170e-04 9.997695e-01 2.156727e+01
9.999798e-01 -5.042796e-04 -6.327908e-03 3.297843e+01 5.065628e-04 9.999998e-01 3.592067e-04 -1.636589e+00 6.327766e-03 -3.624053e-04 9.999798e-01 2.164131e+01
9.997470e-01 4.339850e-04 2.249087e-02 3.308293e+01 -4.154480e-04 9.999996e-01 -8.288673e-04 -1.645073e+00 -2.249126e-02 8.193141e-04 9.997468e-01 2.189792e+01
9.999265e-01 -4.403545e-04 -1.211503e-02 3.328240e+01 4.469265e-04 9.999998e-01 5.397591e-04 -1.655625e+00 1.211484e-02 -5.451344e-04 9.999264e-01 2.211508e+01
9.997433e-01 4.340826e-04 2.265202e-02 3.358231e+01 -4.150093e-04 9.999996e-01 -8.467131e-04 -1.668716e+00 -2.265242e-02 8.370953e-04 9.997431e-01 2.232349e+01
9.999623e-01 -4.557037e-04 -8.670639e-03 3.399838e+01 4.593147e-04 9.999998e-01 4.144589e-04 -1.684654e+00 8.670493e-03 -4.184263e-04 9.999622e-01 2.237518e+01
9.998360e-01 4.758029e-04 1.810448e-02 3.424010e+01 -4.636892e-04 9.999997e-01 -6.732944e-04 -1.695776e+00 -1.810484e-02 6.647896e-04 9.998360e-01 2.254513e+01
9.999507e-01 -5.111101e-04 -9.915137e-03 3.435178e+01 5.158348e-04 9.999998e-01 4.739421e-04 -1.704096e+00 9.914939e-03 -4.790338e-04 9.999506e-01 2.281508e+01
9.997141e-01 4.501425e-04 2.390765e-02 3.440403e+01 -4.299407e-04 9.999995e-01 -8.501333e-04 -1.711579e+00 -2.390807e-02 8.396118e-04 9.997139e-01 2.310759e+01
9.998741e-01 -4.616041e-04 -1.586200e-02 3.444970e+01 4.721049e-04 9.999997e-01 6.582615e-04 -1.717656e+00 1.586174e-02 -6.656676e-04 9.998739e-01 2.334499e+01
9.996004e-01 4.386107e-04 2.826412e-02 3.466745e+01 -4.103853e-04 9.999994e-01 -1.004429e-03 -1.727079e+00 -2.826459e-02 9.924293e-04 9.996001e-01 2.340525e+01
9.999070e-01 -4.959815e-04 -1.363040e-02 3.503178e+01 5.038511e-04 9.999997e-01 5.739183e-04 -1.740865e+00 1.363016e-02 -5.807332e-04 9.999068e-01 2.339661e+01
9.993497e-01 3.942065e-04 3.605709e-02 3.536562e+01 -3.485340e-04 9.999991e-01 -1.272954e-03 -1.754478e+00 -3.605762e-02 1.259560e-03 9.993490e-01 2.341666e+01
9.999163e-01 -5.024550e-04 -1.292453e-02 3.569432e+01 5.099125e-04 9.999997e-01 5.736953e-04 -1.767979e+00 1.292430e-02 -5.802385e-04 9.999162e-01 2.345914e+01
9.996981e-01 4.800288e-04 2.456482e-02 3.601073e+01 -4.579376e-04 9.999995e-01 -9.049268e-04 -1.780271e+00 -2.456530e-02 8.934052e-04 9.996979e-01 2.348357e+01
9.999987e-01 -6.505933e-04 -1.485732e-03 3.620920e+01 6.509506e-04 9.999998e-01 2.398611e-04 -1.789010e+00 1.485633e-03 -2.408287e-04 9.999988e-01 2.344446e+01
9.996439e-01 4.468965e-04 2.668061e-02 3.629098e+01 -4.207102e-04 9.999994e-01 -9.870885e-04 -1.795525e+00 -2.668109e-02 9.755130e-04 9.996436e-01 2.352795e+01
9.999901e-01 -5.723534e-04 -4.411606e-03 3.651081e+01 5.738872e-04 9.999998e-01 3.463339e-04 -1.804977e+00 4.411468e-03 -3.488632e-04 9.999901e-01 2.349938e+01
9.997049e-01 4.459259e-04 2.428895e-02 3.663229e+01 -4.239219e-04 9.999995e-01 -9.110829e-04 -1.811198e+00 -2.428941e-02 9.005184e-04 9.997047e-01 2.348666e+01
9.999981e-01 -5.875362e-04 1.878219e-03 3.694217e+01 5.873352e-04 9.999998e-01 1.077536e-04 -1.824572e+00 -1.878217e-03 -1.066513e-04 9.999981e-01 2.356707e+01
9.995930e-01 3.717220e-04 2.852721e-02 3.716522e+01 -3.421337e-04 9.999994e-01 -1.042086e-03 -1.835022e+00 -2.852765e-02 1.031903e-03 9.995926e-01 2.360823e+01
9.999891e-01 -6.238036e-04 4.618212e-03 3.719792e+01 6.235268e-04 9.999998e-01 6.147207e-05 -1.839788e+00 -4.618180e-03 -5.859308e-05 9.999892e-01 2.360275e+01
9.996726e-01 3.580342e-04 2.558335e-02 3.725200e+01 -3.341512e-04 9.999995e-01 -9.378270e-04 -1.844556e+00 -2.558374e-02 9.289726e-04 9.996723e-01 2.356582e+01
9.999039e-01 -6.463066e-04 1.384921e-02 3.731661e+01 6.493947e-04 9.999998e-01 -2.184405e-04 -1.850167e+00 -1.384899e-02 2.274116e-04 9.999040e-01 2.351393e+01
9.997807e-01 3.895723e-04 2.093668e-02 3.742648e+01 -3.721339e-04 9.999996e-01 -8.368326e-04 -1.856942e+00 -2.093707e-02 8.288593e-04 9.997805e-01 2.345703e+01
9.998989e-01 -6.452347e-04 1.420294e-02 3.754613e+01 6.476159e-04 9.999998e-01 -1.630014e-04 -1.863122e+00 -1.420275e-02 1.721813e-04 9.998990e-01 2.329086e+01
9.997246e-01 3.879237e-04 2.346647e-02 3.768333e+01 -3.658425e-04 9.999995e-01 -9.452853e-04 -1.870384e+00 -2.346691e-02 9.364415e-04 9.997243e-01 2.316828e+01
9.999596e-01 -6.192499e-04 8.963516e-03 3.784444e+01 6.194942e-04 9.999998e-01 -2.436716e-05 -1.878661e+00 -8.963416e-03 2.991727e-05 9.999597e-01 2.314667e+01
9.997111e-01 3.795403e-04 2.403388e-02 3.797643e+01 -3.559501e-04 9.999995e-01 -9.858497e-04 -1.886154e+00 -2.403433e-02 9.770118e-04 9.997107e-01 2.313059e+01
9.999847e-01 -5.882168e-04 5.491815e-03 3.807627e+01 5.876538e-04 9.999998e-01 1.043341e-04 -1.892071e+00 -5.491789e-03 -1.011071e-04 9.999848e-01 2.305795e+01
9.997692e-01 3.869663e-04 2.148238e-02 3.812853e+01 -3.675210e-04 9.999995e-01 -9.091653e-04 -1.896685e+00 -2.148281e-02 9.010621e-04 9.997689e-01 2.303645e+01
9.999631e-01 -5.767803e-04 8.562284e-03 3.832305e+01 5.766469e-04 9.999998e-01 1.818152e-05 -1.905666e+00 -8.562204e-03 -1.324543e-05 9.999633e-01 2.298133e+01
9.997264e-01 3.606822e-04 2.338932e-02 3.851845e+01 -3.381241e-04 9.999995e-01 -9.684615e-04 -1.914468e+00 -2.338975e-02 9.602901e-04 9.997260e-01 2.286445e+01
9.999960e-01 -4.404412e-04 -2.784605e-03 3.874094e+01 4.415179e-04 9.999998e-01 3.855387e-04 -1.923737e+00 2.784526e-03 -3.867687e-04 9.999960e-01 2.278476e+01
9.998056e-01 3.329000e-04 1.971404e-02 3.901935e+01 -3.160720e-04 9.999996e-01 -8.567814e-04 -1.934364e+00 -1.971441e-02 8.503859e-04 9.998054e-01 2.269278e+01
9.999918e-01 -4.964491e-04 4.010282e-03 3.905984e+01 4.956632e-04 9.999999e-01 1.973480e-04 -1.938217e+00 -4.010287e-03 -1.953607e-04 9.999919e-01 2.264695e+01
9.996021e-01 2.257586e-04 2.820898e-02 3.907201e+01 -1.929186e-04 9.999993e-01 -1.166937e-03 -1.941829e+00 -2.820932e-02 1.161032e-03 9.996014e-01 2.260474e+01
9.998848e-01 -5.929061e-04 1.516702e-02 3.910174e+01 5.950747e-04 9.999998e-01 -1.383588e-04 -1.948013e+00 -1.516684e-02 1.473661e-04 9.998849e-01 2.266756e+01
9.995017e-01 2.136142e-04 3.156390e-02 3.909570e+01 -1.738156e-04 9.999992e-01 -1.263682e-03 -1.952663e+00 -3.156424e-02 1.257568e-03 9.995010e-01 2.264963e+01
9.999491e-01 -4.793453e-04 1.007649e-02 3.917677e+01 4.785107e-04 9.999999e-01 8.542547e-05 -1.958726e+00 -1.007643e-02 -8.060181e-05 9.999492e-01 2.258359e+01
9.997813e-01 3.100097e-04 2.091026e-02 3.947299e+01 -2.885907e-04 9.999994e-01 -1.027432e-03 -1.971407e+00 -2.091066e-02 1.021175e-03 9.997809e-01 2.256644e+01
9.999945e-01 -4.530174e-04 3.279281e-03 3.983514e+01 4.520077e-04 9.999998e-01 3.092653e-04 -1.985399e+00 -3.279322e-03 -3.077838e-04 9.999945e-01 2.249211e+01
9.997050e-01 3.039052e-04 2.428716e-02 4.013728e+01 -2.766697e-04 9.999993e-01 -1.124833e-03 -1.997280e+00 -2.428759e-02 1.117784e-03 9.997044e-01 2.235711e+01
9.999659e-01 -4.852543e-04 8.238156e-03 4.052368e+01 4.840893e-04 9.999999e-01 1.436801e-04 -2.012435e+00 -8.238125e-03 -1.396897e-04 9.999660e-01 2.226053e+01
9.997681e-01 2.946150e-04 2.153614e-02 4.087636e+01 -2.722304e-04 9.999994e-01 -1.042426e-03 -2.026296e+00 -2.153653e-02 1.036324e-03 9.997676e-01 2.217916e+01
9.997215e-01 -6.508824e-04 2.359023e-02 4.099932e+01 6.576227e-04 9.999997e-01 -2.778664e-04 -2.034152e+00 -2.358995e-02 2.932999e-04 9.997216e-01 2.215228e+01
9.997972e-01 3.479793e-04 2.013805e-02 4.122411e+01 -3.270762e-04 9.999994e-01 -1.041400e-03 -2.045165e+00 -2.013850e-02 1.034605e-03 9.997967e-01 2.210904e+01
9.999846e-01 -4.718740e-04 5.511203e-03 4.163774e+01 4.704091e-04 9.999999e-01 2.675823e-04 -2.060861e+00 -5.511229e-03 -2.649883e-04 9.999847e-01 2.202642e+01
9.998758e-01 3.967703e-04 1.575596e-02 4.205737e+01 -3.823110e-04 9.999995e-01 -9.208773e-04 -2.076587e+00 -1.575642e-02 9.147418e-04 9.998755e-01 2.196031e+01
9.998913e-01 -6.033430e-04 1.472509e-02 4.242157e+01 6.032291e-04 9.999998e-01 1.236846e-05 -2.090802e+00 -1.472499e-02 -3.487142e-06 9.998915e-01 2.186708e+01
9.998035e-01 4.081696e-04 1.982257e-02 4.274513e+01 -3.870862e-04 9.999994e-01 -1.067575e-03 -2.104223e+00 -1.982310e-02 1.059695e-03 9.998030e-01 2.178649e+01
9.999305e-01 -5.695065e-04 1.177506e-02 4.317023e+01 5.684480e-04 9.999998e-01 9.350618e-05 -2.120931e+00 -1.177502e-02 -8.680880e-05 9.999306e-01 2.174979e+01
9.997180e-01 3.204297e-04 2.374527e-02 4.350378e+01 -2.922582e-04 9.999992e-01 -1.189994e-03 -2.134924e+00 -2.374574e-02 1.182721e-03 9.997174e-01 2.172690e+01
9.998464e-01 -5.679418e-04 1.751296e-02 4.379896e+01 5.688269e-04 9.999998e-01 -4.537147e-05 -2.147840e+00 -1.751283e-02 5.532371e-05 9.998466e-01 2.166857e+01
9.999294e-01 3.969746e-04 1.187771e-02 4.419532e+01 -3.868092e-04 9.999996e-01 -8.584114e-04 -2.163316e+00 -1.187815e-02 8.537590e-04 9.999291e-01 2.159616e+01
9.999791e-01 -4.670623e-04 6.438590e-03 4.463113e+01 4.650398e-04 9.999998e-01 3.161574e-04 -2.178966e+00 -6.438641e-03 -3.131592e-04 9.999792e-01 2.145495e+01
9.998294e-01 3.390072e-04 1.847034e-02 4.507569e+01 -3.187247e-04 9.999993e-01 -1.101229e-03 -2.195926e+00 -1.847080e-02 1.095157e-03 9.998288e-01 2.141399e+01
9.999722e-01 -4.408893e-04 7.432455e-03 4.557309e+01 4.388057e-04 9.999999e-01 2.824542e-04 -2.214695e+00 -7.432484e-03 -2.791875e-04 9.999723e-01 2.139731e+01
9.999360e-01 3.623292e-04 1.131218e-02 4.605660e+01 -3.525431e-04 9.999996e-01 -8.673931e-04 -2.232233e+00 -1.131258e-02 8.633520e-04 9.999357e-01 2.133534e+01
9.999293e-01 -4.859815e-04 1.187835e-02 4.644720e+01 4.839686e-04 9.999999e-01 1.726495e-04 -2.246970e+00 -1.187834e-02 -1.668912e-04 9.999294e-01 2.125798e+01
9.998295e-01 2.642431e-04 1.846525e-02 4.666026e+01 -2.446688e-04 9.999994e-01 -1.062516e-03 -2.256143e+00 -1.846561e-02 1.057819e-03 9.998290e-01 2.113444e+01
9.998670e-01 -5.286113e-04 1.629643e-02 4.689277e+01 5.282993e-04 9.999999e-01 2.369293e-05 -2.266644e+00 -1.629635e-02 -1.508292e-05 9.998672e-01 2.107873e+01
9.995982e-01 1.802761e-04 2.834583e-02 4.703865e+01 -1.414108e-04 9.999990e-01 -1.373254e-03 -2.275292e+00 -2.834614e-02 1.368696e-03 9.995973e-01 2.106383e+01
9.999591e-01 -4.331520e-04 9.030658e-03 4.723718e+01 4.310150e-04 9.999999e-01 2.390518e-04 -2.285340e+00 -9.030674e-03 -2.351521e-04 9.999592e-01 2.106648e+01
9.997440e-01 1.816576e-04 2.262742e-02 4.740869e+01 -1.544671e-04 9.999993e-01 -1.203591e-03 -2.293766e+00 -2.262771e-02 1.199790e-03 9.997433e-01 2.101228e+01
9.999979e-01 -3.377072e-04 1.983498e-03 4.757070e+01 3.367280e-04 9.999998e-01 4.962229e-04 -2.300627e+00 -1.983581e-03 -4.955564e-04 9.999979e-01 2.081172e+01
9.997524e-01 1.512675e-04 2.225682e-02 4.779434e+01 -1.243184e-04 9.999993e-01 -1.212401e-03 -2.309904e+00 -2.225707e-02 1.209336e-03 9.997516e-01 2.067457e+01
9.999606e-01 -2.090847e-04 -8.862674e-03 4.786768e+01 2.168750e-04 9.999996e-01 8.775430e-04 -2.312541e+00 8.862568e-03 -8.794328e-04 9.999603e-01 2.037469e+01
9.997953e-01 1.162477e-04 2.023736e-02 4.795995e+01 -9.288403e-05 9.999993e-01 -1.155641e-03 -2.316364e+00 -2.023756e-02 1.153527e-03 9.997946e-01 2.014459e+01
9.998614e-01 -4.213015e-05 -1.664413e-02 4.820733e+01 5.828627e-05 9.999995e-01 9.699195e-04 -2.326109e+00 1.664417e-02 -9.707575e-04 9.998610e-01 2.008986e+01
9.997927e-01 1.193791e-04 2.036593e-02 4.851902e+01 -9.634036e-05 9.999994e-01 -1.132436e-03 -2.336977e+00 -2.036613e-02 1.130241e-03 9.997920e-01 1.993158e+01
9.997845e-01 -1.788614e-05 -2.075690e-02 4.862538e+01 4.167145e-05 9.999993e-01 1.145245e-03 -2.340363e+00 2.075694e-02 -1.145866e-03 9.997839e-01 1.965735e+01
9.996325e-01 3.635888e-05 2.711069e-02 4.870252e+01 -6.193962e-07 9.999991e-01 -1.318452e-03 -2.343808e+00 -2.711080e-02 1.317953e-03 9.996316e-01 1.948599e+01
9.991661e-01 4.385644e-04 -4.082695e-02 4.880267e+01 -3.647748e-04 9.999983e-01 1.814695e-03 -2.348986e+00 4.082776e-02 -1.798292e-03 9.991646e-01 1.945130e+01
9.996797e-01 9.356709e-05 2.531237e-02 4.894990e+01 -6.239226e-05 9.999992e-01 -1.232563e-03 -2.354857e+00 -2.531255e-02 1.230591e-03 9.996789e-01 1.931937e+01
9.995329e-01 1.261973e-04 -3.055833e-02 4.902370e+01 -8.463213e-05 9.999991e-01 1.361334e-03 -2.357232e+00 3.055855e-02 -1.358115e-03 9.995320e-01 1.906137e+01
9.996491e-01 2.564599e-05 2.649191e-02 4.905181e+01 7.985884e-06 9.999992e-01 -1.269570e-03 -2.358150e+00 -2.649201e-02 1.269338e-03 9.996482e-01 1.880179e+01
9.991437e-01 4.434890e-04 -4.137153e-02 4.897505e+01 -3.703824e-04 9.999984e-01 1.774616e-03 -2.354845e+00 4.137233e-02 -1.757776e-03 9.991422e-01 1.841314e+01
9.996845e-01 3.598206e-05 2.512205e-02 4.894797e+01 -7.537849e-06 9.999994e-01 -1.132499e-03 -2.354513e+00 -2.512216e-02 1.131955e-03 9.996838e-01 1.819510e+01
9.985571e-01 7.739533e-04 -5.369279e-02 4.907749e+01 -6.548593e-04 9.999973e-01 2.235542e-03 -2.361148e+00 5.369446e-02 -2.197158e-03 9.985550e-01 1.817495e+01
9.997335e-01 9.665456e-05 2.308881e-02 4.918426e+01 -7.312168e-05 9.999995e-01 -1.020242e-03 -2.366703e+00 -2.308898e-02 1.018284e-03 9.997329e-01 1.810188e+01
9.984990e-01 8.053082e-04 -5.476216e-02 4.925983e+01 -6.816183e-04 9.999972e-01 2.277242e-03 -2.371450e+00 5.476393e-02 -2.236499e-03 9.984968e-01 1.805036e+01
9.997203e-01 9.094994e-05 2.365439e-02 4.931904e+01 -6.695375e-05 9.999995e-01 -1.015390e-03 -2.376040e+00 -2.365455e-02 1.013525e-03 9.997197e-01 1.804963e+01
9.985787e-01 7.229582e-04 -5.329066e-02 4.938440e+01 -6.086988e-04 9.999975e-01 2.160210e-03 -2.380830e+00 5.329218e-02 -2.124704e-03 9.985767e-01 1.804694e+01
9.996987e-01 1.378091e-04 2.454944e-02 4.949606e+01 -1.135967e-04 9.999995e-01 -9.878000e-04 -2.386524e+00 -2.454965e-02 9.847158e-04 9.996982e-01 1.799142e+01
9.986564e-01 6.992358e-04 -5.181392e-02 4.966396e+01 -5.936194e-04 9.999977e-01 2.053675e-03 -2.394648e+00 5.181533e-02 -2.020160e-03 9.986546e-01 1.802176e+01
9.996170e-01 3.785740e-05 2.767609e-02 4.984031e+01 -6.799536e-06 9.999994e-01 -1.122394e-03 -2.402641e+00 -2.767621e-02 1.121778e-03 9.996163e-01 1.799685e+01
9.986678e-01 6.818577e-04 -5.159515e-02 5.002978e+01 -5.780628e-04 9.999978e-01 2.026551e-03 -2.411210e+00 5.159651e-02 -1.994028e-03 9.986660e-01 1.800289e+01
9.996904e-01 1.150980e-04 2.488553e-02 5.019850e+01 -9.091495e-05 9.999995e-01 -9.730145e-04 -2.418986e+00 -2.488572e-02 9.704529e-04 9.996899e-01 1.797333e+01
9.987879e-01 5.997472e-04 -4.921637e-02 5.030531e+01 -5.059369e-04 9.999980e-01 1.918456e-03 -2.423833e+00 4.921752e-02 -1.891233e-03 9.987863e-01 1.783175e+01
9.997048e-01 1.193244e-04 2.429862e-02 5.038548e+01 -9.702064e-05 9.999996e-01 -9.191871e-04 -2.427671e+00 -2.429882e-02 9.165603e-04 9.997044e-01 1.766337e+01
9.989933e-01 4.933059e-04 -4.485621e-02 5.044037e+01 -4.190723e-04 9.999985e-01 1.664254e-03 -2.429272e+00 4.485706e-02 -1.643782e-03 9.989920e-01 1.732880e+01
9.996893e-01 8.174542e-05 2.493000e-02 5.055767e+01 -5.890339e-05 9.999996e-01 -9.170758e-04 -2.432460e+00 -2.493016e-02 9.153243e-04 9.996888e-01 1.691544e+01
9.989086e-01 6.065315e-04 -4.670220e-02 5.058192e+01 -5.282503e-04 9.999984e-01 1.688449e-03 -2.432357e+00 4.670325e-02 -1.661938e-03 9.989074e-01 1.648984e+01
9.995391e-01 -5.033044e-05 3.035900e-02 5.055767e+01 8.348460e-05 9.999994e-01 -1.090876e-03 -2.429402e+00 -3.035902e-02 1.092910e-03 9.995385e-01 1.590439e+01
9.984797e-01 7.946962e-04 -5.511305e-02 5.067449e+01 -6.800878e-04 9.999976e-01 2.098197e-03 -2.433561e+00 5.511469e-02 -2.057528e-03 9.984779e-01 1.561842e+01
