9.993630e-01 -3.501362e-04 3.568456e-02 2.322623e-02 3.897849e-04 9.999993e-01 -1.104138e-03 -6.556689e-03 -3.568415e-02 1.117344e-03 9.993626e-01 1.484963e-01
9.999280e-01 -5.236178e-05 1.200148e-02 8.503642e-02 5.674466e-05 9.999999e-01 -3.648540e-04 -1.526084e-02 -1.200145e-02 3.655090e-04 9.999278e-01 3.220971e-01
9.994703e-01 -3.307951e-04 3.254340e-02 1.396350e-01 3.642353e-04 9.999994e-01 -1.021635e-03 -2.382327e-02 -3.254306e-02 1.032947e-03 9.994699e-01 5.165150e-01
9.999096e-01 -5.384228e-05 1.344230e-02 2.116988e-01 5.928705e-05 9.999999e-01 -4.046475e-04 -3.276708e-02 -1.344226e-02 4.054078e-04 9.999095e-01 7.000166e-01
9.994133e-01 -3.635511e-04 3.424904e-02 2.762475e-01 4.002044e-04 9.999994e-01 -1.063352e-03 -4.136038e-02 -3.424865e-02 1.076435e-03 9.994129e-01 8.649334e-01
9.998832e-01 -6.718986e-05 1.528578e-02 3.261102e-01 7.412152e-05 9.999999e-01 -4.529006e-04 -4.930917e-02 -1.528573e-02 4.539803e-04 9.998830e-01 9.979315e-01
9.994437e-01 -3.378665e-04 3.334905e-02 3.811365e-01 3.722132e-04 9.999994e-01 -1.023715e-03 -5.639142e-02 -3.334871e-02 1.035559e-03 9.994433e-01 1.056033e+00
9.999779e-01 4.196785e-05 6.643048e-03 6.124157e-01 -4.060568e-05 1.000000e+00 -2.051674e-04 -6.781740e-02 -6.643021e-03 2.048925e-04 9.999778e-01 1.076449e+00
9.993610e-01 -4.065058e-04 3.574091e-02 7.699414e-01 4.460758e-04 9.999993e-01 -1.099171e-03 -7.772942e-02 -3.574048e-02 1.114413e-03 9.993606e-01 1.171558e+00
9.999567e-01 1.944703e-05 9.300850e-03 8.257257e-01 -1.667334e-05 1.000000e+00 -2.982728e-04 -8.563376e-02 -9.300812e-03 2.981039e-04 9.999566e-01 1.320819e+00
9.994895e-01 -3.565819e-04 3.194631e-02 9.213199e-01 3.887930e-04 9.999994e-01 -1.002091e-03 -9.377991e-02 -3.194598e-02 1.014001e-03 9.994892e-01 1.415278e+00
9.999703e-01 8.367878e-06 7.704050e-03 1.032912e+00 -6.425050e-06 1.000000e+00 -2.521657e-04 -1.021415e-01 -7.704002e-03 2.521076e-04 9.999702e-01 1.498444e+00
9.993567e-01 -3.839969e-04 3.586293e-02 1.080473e+00 4.241879e-04 9.999993e-01 -1.113092e-03 -1.105499e-01 -3.586253e-02 1.127590e-03 9.993562e-01 1.693286e+00
9.999997e-01 1.121970e-04 7.581757e-04 1.203097e+00 -1.121829e-04 1.000000e+00 -1.803053e-05 -1.187356e-01 -7.581205e-04 1.794408e-05 9.999996e-01 1.725604e+00
9.992859e-01 -4.305912e-04 3.778354e-02 1.296404e+00 4.756953e-04 9.999992e-01 -1.184782e-03 -1.255230e-01 -3.778306e-02 1.201911e-03 9.992853e-01 1.706074e+00
9.999740e-01 2.065857e-04 -7.201696e-03 1.325240e+00 -2.051005e-04 1.000000e+00 2.068785e-04 -1.309963e-01 7.201801e-03 -2.053976e-04 9.999740e-01 1.774006e+00
9.990676e-01 -5.068793e-04 4.317038e-02 1.371431e+00 5.655949e-04 9.999989e-01 -1.347899e-03 -1.377334e-01 -4.316971e-02 1.371061e-03 9.990669e-01 1.892445e+00
9.999872e-01 2.113668e-04 -5.058603e-03 1.499814e+00 -2.105625e-04 1.000000e+00 1.593801e-04 -1.459278e-01 5.058705e-03 -1.583146e-04 9.999871e-01 1.906616e+00
9.989027e-01 -5.511268e-04 4.683034e-02 1.574219e+00 6.187869e-04 9.999988e-01 -1.430323e-03 -1.537658e-01 -4.682957e-02 1.457733e-03 9.989019e-01 2.023433e+00
9.999122e-01 3.133765e-04 -1.324941e-02 1.592153e+00 -3.084179e-04 9.999999e-01 3.762259e-04 -1.577724e-01 1.324960e-02 -3.721085e-04 9.999121e-01 1.986129e+00
9.988484e-01 -5.838224e-04 4.797399e-02 1.707206e+00 6.542087e-04 9.999987e-01 -1.451505e-03 -1.661550e-01 -4.797316e-02 1.481221e-03 9.988476e-01 2.075652e+00
9.998298e-01 4.686280e-04 -1.844455e-02 2.004234e+00 -4.592086e-04 9.999998e-01 5.148654e-04 -1.805640e-01 1.844487e-02 -5.063100e-04 9.998297e-01 2.268489e+00
9.988803e-01 -5.902780e-04 4.730636e-02 2.414838e+00 6.576371e-04 9.999988e-01 -1.408361e-03 -1.976105e-01 -4.730556e-02 1.437897e-03 9.988795e-01 2.383319e+00
9.999141e-01 3.882077e-04 -1.310285e-02 2.771509e+00 -3.836767e-04 9.999999e-01 3.482198e-04 -2.125912e-01 1.310306e-02 -3.431649e-04 9.999140e-01 2.404595e+00
9.991933e-01 -4.777858e-04 4.015596e-02 3.204239e+00 5.260580e-04 9.999992e-01 -1.191589e-03 -2.300553e-01 -4.015544e-02 1.211755e-03 9.991928e-01 2.471608e+00
9.998303e-01 4.391465e-04 -1.841304e-02 3.662965e+00 -4.299541e-04 9.999998e-01 5.031142e-04 -2.485682e-01 1.841334e-02 -4.951144e-04 9.998303e-01 2.644030e+00
9.996139e-01 -4.117341e-04 2.778400e-02 4.049426e+00 4.359625e-04 9.999995e-01 -8.660204e-04 -2.641009e-01 -2.778372e-02 8.778013e-04 9.996137e-01 2.823131e+00
9.998787e-01 4.145839e-04 -1.556644e-02 4.483114e+00 -4.076533e-04 9.999998e-01 4.483068e-04 -2.810367e-01 1.556671e-02 -4.419091e-04 9.998787e-01 2.919243e+00
9.995063e-01 -4.418336e-04 3.141608e-02 4.949991e+00 4.731002e-04 9.999994e-01 -9.878585e-04 -2.988404e-01 -3.141571e-02 1.002236e-03 9.995060e-01 2.969492e+00
9.998778e-01 3.868026e-04 -1.562913e-02 5.346385e+00 -3.786840e-04 9.999998e-01 5.223120e-04 -3.146074e-01 1.562942e-02 -5.163321e-04 9.998776e-01 3.059078e+00
9.996362e-01 -3.662233e-04 2.697046e-02 5.705694e+00 3.899293e-04 9.999995e-01 -8.737599e-04 -3.295208e-01 -2.697021e-02 8.839611e-04 9.996359e-01 3.244376e+00
9.998355e-01 3.916181e-04 -1.813098e-02 6.027035e+00 -3.809942e-04 9.999998e-01 5.893173e-04 -3.438400e-01 1.813129e-02 -5.823151e-04 9.998354e-01 3.507772e+00
9.997447e-01 -3.294545e-04 2.259173e-02 6.334375e+00 3.462150e-04 9.999997e-01 -7.380464e-04 -3.573746e-01 -2.259156e-02 7.456821e-04 9.997446e-01 3.753139e+00
9.998254e-01 3.909093e-04 -1.868035e-02 6.668380e+00 -3.798982e-04 9.999998e-01 5.929075e-04 -3.714423e-01 1.868067e-02 -5.857098e-04 9.998253e-01 3.967447e+00
9.997524e-01 -3.321255e-04 2.225039e-02 7.043758e+00 3.485618e-04 9.999997e-01 -7.348931e-04 -3.858623e-01 -2.225022e-02 7.424693e-04 9.997522e-01 4.044436e+00
9.997649e-01 4.384563e-04 -2.167869e-02 7.418435e+00 -4.242510e-04 9.999997e-01 6.597822e-04 -4.011684e-01 2.167906e-02 -6.504324e-04 9.997647e-01 4.257869e+00
9.997956e-01 -3.513050e-04 2.021605e-02 7.751917e+00 3.646038e-04 9.999997e-01 -6.542272e-04 -4.149743e-01 -2.021590e-02 6.614669e-04 9.997955e-01 4.439873e+00
9.998043e-01 4.731790e-04 -1.977349e-02 8.145958e+00 -4.617807e-04 9.999997e-01 5.809230e-04 -4.312468e-01 1.977385e-02 -5.716808e-04 9.998042e-01 4.687285e+00
9.997509e-01 -3.663161e-04 2.231914e-02 8.417923e+00 3.814231e-04 9.999997e-01 -6.726751e-04 -4.449496e-01 -2.231897e-02 6.810231e-04 9.997507e-01 5.035169e+00
9.997556e-01 4.315175e-04 -2.210215e-02 8.531360e+00 -4.164522e-04 9.999997e-01 6.861439e-04 -4.545318e-01 2.210253e-02 -6.767743e-04 9.997554e-01 5.398972e+00
9.997244e-01 -3.320158e-04 2.347359e-02 8.819658e+00 3.499687e-04 9.999996e-01 -7.607701e-04 -4.677665e-01 -2.347342e-02 7.687781e-04 9.997242e-01 5.663055e+00
9.998167e-01 4.124247e-04 -1.913823e-02 9.255194e+00 -4.015788e-04 9.999998e-01 5.704652e-04 -4.843049e-01 1.913855e-02 -5.626776e-04 9.998166e-01 5.782379e+00
9.997179e-01 -3.572410e-04 2.375168e-02 9.577621e+00 3.741382e-04 9.999997e-01 -7.070384e-04 -4.973543e-01 -2.375151e-02 7.157279e-04 9.997177e-01 5.901908e+00
9.999351e-01 3.254741e-04 -1.138489e-02 9.912881e+00 -3.214160e-04 9.999999e-01 3.581290e-04 -5.111789e-01 1.138510e-02 -3.544490e-04 9.999351e-01 6.033765e+00
9.997227e-01 -3.568139e-04 2.354861e-02 1.021388e+01 3.730743e-04 9.999997e-01 -6.861789e-04 -5.241928e-01 -2.354845e-02 6.947765e-04 9.997225e-01 6.176348e+00
9.999172e-01 3.748047e-04 -1.285751e-02 1.060035e+01 -3.699494e-04 9.999999e-01 3.798661e-04 -5.397106e-01 1.285774e-02 -3.750807e-04 9.999172e-01 6.334075e+00
9.998928e-01 -3.258082e-04 1.463818e-02 1.084782e+01 3.318855e-04 9.999999e-01 -4.128564e-04 -5.503993e-01 -1.463813e-02 4.176730e-04 9.998928e-01 6.441232e+00
9.999348e-01 3.674446e-04 -1.140644e-02 1.099508e+01 -3.635112e-04 9.999999e-01 3.467626e-04 -5.599413e-01 1.140666e-02 -3.425962e-04 9.999348e-01 6.738162e+00
9.998987e-01 -3.581586e-04 1.423215e-02 1.105359e+01 3.638721e-04 9.999999e-01 -3.989817e-04 -5.661891e-01 -1.423209e-02 4.041226e-04 9.998987e-01 6.963549e+00
9.999105e-01 3.918710e-04 -1.337082e-02 1.132625e+01 -3.870400e-04 9.999999e-01 3.637649e-04 -5.774742e-01 1.337105e-02 -3.585599e-04 9.999105e-01 7.019140e+00
9.999202e-01 -3.765582e-04 1.262668e-02 1.160363e+01 3.816658e-04 9.999998e-01 -4.022374e-04 -5.890456e-01 -1.262661e-02 4.070271e-04 9.999203e-01 7.085725e+00
9.999258e-01 4.061568e-04 -1.217235e-02 1.195600e+01 -4.019378e-04 9.999999e-01 3.489056e-04 -6.019958e-01 1.217258e-02 -3.439898e-04 9.999258e-01 6.944140e+00
9.998370e-01 -3.968327e-04 1.805470e-02 1.225796e+01 4.055014e-04 9.999998e-01 -4.765716e-04 -6.131889e-01 -1.805459e-02 4.838178e-04 9.998370e-01 6.839434e+00
9.999354e-01 4.310918e-04 -1.135174e-02 1.258991e+01 -4.276442e-04 9.999999e-01 3.059752e-04 -6.264304e-01 1.135196e-02 -3.011035e-04 9.999354e-01 6.930409e+00
9.999176e-01 -3.822300e-04 1.283019e-02 1.261019e+01 3.860722e-04 9.999999e-01 -2.971209e-04 -6.347850e-01 -1.283017e-02 3.020525e-04 9.999177e-01 7.360047e+00
9.999352e-01 4.095025e-04 -1.137382e-02 1.255914e+01 -4.064684e-04 9.999999e-01 2.689112e-04 -6.420934e-01 1.137402e-02 -2.642733e-04 9.999352e-01 7.822160e+00
9.998730e-01 -4.086400e-04 1.593222e-02 1.264840e+01 4.147728e-04 9.999998e-01 -3.817365e-04 -6.510502e-01 -1.593215e-02 3.882989e-04 9.998731e-01 8.180817e+00
9.998734e-01 4.682321e-04 -1.590573e-02 1.288601e+01 -4.622458e-04 9.999998e-01 3.799173e-04 -6.626219e-01 1.590600e-02 -3.725194e-04 9.998734e-01 8.424954e+00
9.998169e-01 -3.888795e-04 1.913560e-02 1.309956e+01 3.981392e-04 9.999998e-01 -4.801796e-04 -6.746077e-01 -1.913550e-02 4.877129e-04 9.998169e-01 8.772894e+00
9.998937e-01 4.522668e-04 -1.457376e-02 1.328019e+01 -4.473213e-04 9.999998e-01 3.424775e-04 -6.861757e-01 1.457401e-02 -3.359245e-04 9.998937e-01 9.153479e+00
9.998578e-01 -4.216390e-04 1.686286e-02 1.335297e+01 4.278913e-04 9.999998e-01 -3.672698e-04 -6.938709e-01 -1.686280e-02 3.744357e-04 9.998578e-01 9.460219e+00
9.998903e-01 4.828820e-04 -1.480443e-02 1.366626e+01 -4.789000e-04 9.999998e-01 2.723946e-04 -7.069214e-01 1.480465e-02 -2.652774e-04 9.998903e-01 9.607078e+00
9.998820e-01 -4.231738e-04 1.535549e-02 1.408978e+01 4.285454e-04 9.999998e-01 -3.466400e-04 -7.230622e-01 -1.535543e-02 3.531823e-04 9.998821e-01 9.648828e+00
9.999047e-01 4.832631e-04 -1.379602e-02 1.446880e+01 -4.796394e-04 9.999998e-01 2.658351e-04 -7.377874e-01 1.379624e-02 -2.591952e-04 9.999047e-01 9.720629e+00
9.998938e-01 -4.287211e-04 1.456876e-02 1.473209e+01 4.330066e-04 9.999999e-01 -2.911277e-04 -7.494029e-01 -1.456872e-02 2.974078e-04 9.998939e-01 9.886218e+00
9.999760e-01 4.730521e-04 -6.907721e-03 1.509204e+01 -4.725818e-04 9.999999e-01 6.944578e-05 -7.639296e-01 6.907846e-03 -6.618226e-05 9.999761e-01 1.005480e+01
9.997564e-01 -4.888022e-04 2.206940e-02 1.543965e+01 5.001798e-04 9.999997e-01 -5.100973e-04 -7.787478e-01 -2.206924e-02 5.210143e-04 9.997564e-01 1.025859e+01
9.999632e-01 4.941961e-04 -8.564591e-03 1.584013e+01 -4.932633e-04 9.999999e-01 1.107969e-04 -7.950693e-01 8.564739e-03 -1.065709e-04 9.999632e-01 1.045531e+01
9.996870e-01 -5.004097e-04 2.501245e-02 1.621591e+01 5.155482e-04 9.999997e-01 -5.988707e-04 -8.110149e-01 -2.501224e-02 6.115811e-04 9.996870e-01 1.068641e+01
9.997935e-01 6.019264e-04 -2.030879e-02 1.658769e+01 -5.935697e-04 9.999997e-01 4.174103e-04 -8.266754e-01 2.030913e-02 -4.052721e-04 9.997936e-01 1.095276e+01
9.996308e-01 -5.050788e-04 2.716753e-02 1.699828e+01 5.220514e-04 9.999997e-01 -6.177170e-04 -8.428541e-01 -2.716731e-02 6.316745e-04 9.996308e-01 1.113286e+01
9.997258e-01 6.326079e-04 -2.340734e-02 1.733298e+01 -6.213081e-04 9.999997e-01 4.899312e-04 -8.576433e-01 2.340774e-02 -4.752563e-04 9.997258e-01 1.142280e+01
9.996091e-01 -4.966599e-04 2.795295e-02 1.780063e+01 5.158100e-04 9.999996e-01 -6.779473e-04 -8.756963e-01 -2.795270e-02 6.921035e-04 9.996091e-01 1.161309e+01
9.997441e-01 6.322857e-04 -2.261084e-02 1.835386e+01 -6.223105e-04 9.999997e-01 4.481146e-04 -8.963025e-01 2.261121e-02 -4.339317e-04 9.997442e-01 1.177068e+01
9.996137e-01 -4.617982e-04 2.778968e-02 1.892016e+01 4.801480e-04 9.999997e-01 -6.537100e-04 -9.174949e-01 -2.778946e-02 6.668034e-04 9.996136e-01 1.197542e+01
9.997180e-01 5.819024e-04 -2.373633e-02 1.938960e+01 -5.707116e-04 9.999997e-01 4.781462e-04 -9.355461e-01 2.373669e-02 -4.644675e-04 9.997181e-01 1.214300e+01
9.996030e-01 -4.486121e-04 2.817445e-02 1.997427e+01 4.681506e-04 9.999997e-01 -6.869580e-04 -9.570456e-01 -2.817423e-02 6.998779e-04 9.996028e-01 1.226174e+01
9.997577e-01 5.731755e-04 -2.200381e-02 2.050370e+01 -5.629021e-04 9.999997e-01 4.729877e-04 -9.765123e-01 2.200417e-02 -4.604898e-04 9.997577e-01 1.235697e+01
9.995622e-01 -5.488376e-04 2.958323e-02 2.089169e+01 5.692087e-04 9.999996e-01 -6.802522e-04 -9.908122e-01 -2.958294e-02 6.967962e-04 9.995622e-01 1.233858e+01
9.996827e-01 6.588648e-04 -2.517770e-02 2.140679e+01 -6.468255e-04 9.999997e-01 4.862300e-04 -1.009982e+00 2.517811e-02 -4.697928e-04 9.996828e-01 1.244773e+01
9.996357e-01 -5.494762e-04 2.698569e-02 2.189477e+01 5.660157e-04 9.999997e-01 -6.053385e-04 -1.028425e+00 -2.698544e-02 6.203950e-04 9.996357e-01 1.256258e+01
9.997300e-01 6.422530e-04 -2.322536e-02 2.227629e+01 -6.311510e-04 9.999997e-01 4.852469e-04 -1.043368e+00 2.322576e-02 -4.704598e-04 9.997301e-01 1.268212e+01
9.997406e-01 -5.859941e-04 2.277067e-02 2.254137e+01 5.971122e-04 9.999997e-01 -4.815565e-04 -1.055272e+00 -2.277048e-02 4.950310e-04 9.997407e-01 1.285896e+01
9.998340e-01 6.241190e-04 -1.820526e-02 2.282148e+01 -6.174873e-04 9.999997e-01 3.697739e-04 -1.066730e+00 1.820558e-02 -3.584737e-04 9.998341e-01 1.293618e+01
9.997300e-01 -6.077551e-04 2.323008e-02 2.306816e+01 6.190011e-04 9.999997e-01 -4.770153e-04 -1.077108e+00 -2.322988e-02 4.912687e-04 9.997301e-01 1.300198e+01
9.997704e-01 6.890661e-04 -2.141283e-02 2.344525e+01 -6.807037e-04 9.999997e-01 3.977186e-04 -1.092176e+00 2.141320e-02 -3.830542e-04 9.997706e-01 1.314309e+01
9.996979e-01 -6.099421e-04 2.457302e-02 2.381285e+01 6.222851e-04 9.999997e-01 -4.947370e-04 -1.106527e+00 -2.457281e-02 5.098817e-04 9.996980e-01 1.322172e+01
9.997306e-01 6.739725e-04 -2.320017e-02 2.423460e+01 -6.645275e-04 9.999997e-01 4.147221e-04 -1.122453e+00 2.320054e-02 -3.991959e-04 9.997307e-01 1.323808e+01
9.995718e-01 -6.006071e-04 2.925771e-02 2.464702e+01 6.177629e-04 9.999996e-01 -5.774038e-04 -1.137995e+00 -2.925745e-02 5.952336e-04 9.995718e-01 1.327582e+01
9.996419e-01 6.804477e-04 -2.675038e-02 2.490266e+01 -6.667279e-04 9.999996e-01 5.217169e-04 -1.150139e+00 2.675082e-02 -5.036975e-04 9.996419e-01 1.351834e+01
9.995120e-01 -6.084861e-04 3.123365e-02 2.517244e+01 6.291119e-04 9.999996e-01 -6.506146e-04 -1.163248e+00 -3.123334e-02 6.699493e-04 9.995120e-01 1.381747e+01
9.995924e-01 6.766426e-04 -2.854020e-02 2.547622e+01 -6.602024e-04 9.999996e-01 5.853757e-04 -1.175674e+00 2.854069e-02 -5.662974e-04 9.995924e-01 1.392791e+01
9.995491e-01 -6.586417e-04 3.002156e-02 2.550096e+01 6.759612e-04 9.999996e-01 -5.668256e-04 -1.178732e+00 -3.002127e-02 5.868662e-04 9.995492e-01 1.394985e+01
9.995401e-01 6.667077e-04 -3.031644e-02 2.555822e+01 -6.486237e-04 9.999996e-01 6.062637e-04 -1.182067e+00 3.031693e-02 -5.863236e-04 9.995401e-01 1.386936e+01
9.994421e-01 -6.121585e-04 3.339389e-02 2.586696e+01 6.355082e-04 9.999996e-01 -6.886736e-04 -1.194090e+00 -3.339355e-02 7.095143e-04 9.994421e-01 1.388562e+01
9.995782e-01 7.063054e-04 -2.903017e-02 2.629220e+01 -6.910709e-04 9.999996e-01 5.347341e-04 -1.210166e+00 2.903064e-02 -5.144493e-04 9.995783e-01 1.396674e+01
9.993277e-01 -6.933500e-04 3.665833e-02 2.654329e+01 7.193870e-04 9.999995e-01 -6.971336e-04 -1.221133e+00 -3.665793e-02 7.230392e-04 9.993277e-01 1.410196e+01
9.995418e-01 7.229910e-04 -3.025969e-02 2.679407e+01 -7.062994e-04 9.999996e-01 5.622189e-04 -1.232273e+00 3.026018e-02 -5.405916e-04 9.995419e-01 1.424911e+01
9.991963e-01 -6.828505e-04 4.007875e-02 2.718746e+01 7.161874e-04 9.999994e-01 -8.174868e-04 -1.247629e+00 -4.007827e-02 8.455365e-04 9.991962e-01 1.437413e+01
9.993682e-01 7.900876e-04 -3.553168e-02 2.762698e+01 -7.669673e-04 9.999995e-01 6.642555e-04 -1.264353e+00 3.553228e-02 -6.365868e-04 9.993683e-01 1.447276e+01
9.992341e-01 -6.630177e-04 3.912704e-02 2.802308e+01 6.933491e-04 9.999995e-01 -7.616937e-04 -1.279966e+00 -3.912661e-02 7.882418e-04 9.992340e-01 1.462818e+01
9.993584e-01 7.552134e-04 -3.580595e-02 2.830623e+01 -7.319325e-04 9.999995e-01 6.632326e-04 -1.292662e+00 3.580653e-02 -6.366023e-04 9.993585e-01 1.485975e+01
9.992285e-01 -6.296397e-04 3.926845e-02 2.865662e+01 6.604380e-04 9.999995e-01 -7.713905e-04 -1.307553e+00 -3.926804e-02 7.967326e-04 9.992285e-01 1.510917e+01
9.992783e-01 6.965294e-04 -3.797896e-02 2.883305e+01 -6.677324e-04 9.999995e-01 7.708520e-04 -1.317200e+00 3.797958e-02 -7.449385e-04 9.992782e-01 1.532958e+01
9.991178e-01 -6.091746e-04 4.199143e-02 2.907491e+01 6.456513e-04 9.999994e-01 -8.551672e-04 -1.328899e+00 -4.199098e-02 8.815274e-04 9.991177e-01 1.558339e+01
9.993049e-01 7.263696e-04 -3.727026e-02 2.935914e+01 -6.999315e-04 9.999995e-01 7.223414e-04 -1.342195e+00 3.727087e-02 -6.957553e-04 9.993049e-01 1.587407e+01
9.986595e-01 -7.501200e-04 5.175584e-02 2.965112e+01 8.077381e-04 9.999991e-01 -1.092402e-03 -1.355288e+00 -5.175507e-02 1.132746e-03 9.986592e-01 1.609331e+01
9.991650e-01 8.069411e-04 -4.084805e-02 2.981094e+01 -7.728053e-04 9.999993e-01 8.514013e-04 -1.365568e+00 4.084881e-02 -8.191255e-04 9.991649e-01 1.639479e+01
9.991154e-01 -7.032494e-04 4.204777e-02 3.009373e+01 7.405312e-04 9.999993e-01 -8.711372e-04 -1.378436e+00 -4.204723e-02 9.015071e-04 9.991153e-01 1.662248e+01
9.992147e-01 8.567893e-04 -3.961258e-02 3.052606e+01 -8.264810e-04 9.999994e-01 7.814255e-04 -1.395503e+00 3.961333e-02 -7.480755e-04 9.992147e-01 1.681702e+01
9.988691e-01 -7.962134e-04 4.753906e-02 3.083066e+01 8.425050e-04 9.999992e-01 -9.537789e-04 -1.408454e+00 -4.753836e-02 9.927550e-04 9.988690e-01 1.700986e+01
9.990812e-01 9.108757e-04 -4.284780e-02 3.125451e+01 -8.778843e-04 9.999993e-01 7.887191e-04 -1.424797e+00 4.284859e-02 -7.503817e-04 9.990812e-01 1.715995e+01
9.985122e-01 -8.491383e-04 5.452271e-02 3.176000e+01 9.110290e-04 9.999990e-01 -1.110333e-03 -1.443463e+00 -5.452181e-02 1.158356e-03 9.985120e-01 1.725864e+01
9.989842e-01 9.648171e-04 -4.505078e-02 3.208761e+01 -9.257562e-04 9.999992e-01 8.878388e-04 -1.457647e+00 4.505170e-02 -8.452336e-04 9.989842e-01 1.752099e+01
9.988629e-01 -8.343163e-04 4.766948e-02 3.231239e+01 8.798177e-04 9.999992e-01 -9.335937e-04 -1.469884e+00 -4.766876e-02 9.744753e-04 9.988628e-01 1.785532e+01
9.991766e-01 9.213986e-04 -4.056075e-02 3.256993e+01 -8.910242e-04 9.999993e-01 7.668714e-04 -1.482850e+00 4.056153e-02 -7.301020e-04 9.991767e-01 1.817368e+01
9.987638e-01 -9.083454e-04 4.970037e-02 3.277279e+01 9.571414e-04 9.999991e-01 -9.580615e-04 -1.493503e+00 -4.969955e-02 1.004450e-03 9.987638e-01 1.841616e+01
9.993414e-01 9.149166e-04 -3.627572e-02 3.312444e+01 -8.931762e-04 9.999994e-01 6.154406e-04 -1.507555e+00 3.627636e-02 -5.826373e-04 9.993416e-01 1.852438e+01
9.988783e-01 -8.910598e-04 4.734286e-02 3.337205e+01 9.331722e-04 9.999992e-01 -8.674771e-04 -1.519868e+00 -4.734215e-02 9.106860e-04 9.988784e-01 1.879831e+01
9.991429e-01 9.792059e-04 -4.138193e-02 3.368835e+01 -9.501979e-04 9.999993e-01 7.205813e-04 -1.533472e+00 4.138270e-02 -6.806453e-04 9.991431e-01 1.902419e+01
9.989486e-01 -8.592746e-04 4.583775e-02 3.408489e+01 8.982939e-04 9.999993e-01 -8.307099e-04 -1.548764e+00 -4.583710e-02 8.710151e-04 9.989486e-01 1.913021e+01
9.992201e-01 9.292704e-04 -3.947448e-02 3.445300e+01 -9.036352e-04 9.999994e-01 6.671804e-04 -1.563186e+00 3.947518e-02 -6.309922e-04 9.992203e-01 1.921381e+01
9.989901e-01 -7.993162e-04 4.492404e-02 3.501155e+01 8.380547e-04 9.999993e-01 -8.435411e-04 -1.583079e+00 -4.492343e-02 8.803408e-04 9.989901e-01 1.920312e+01
9.992620e-01 9.177986e-04 -3.840057e-02 3.557231e+01 -8.944490e-04 9.999994e-01 6.251571e-04 -1.603011e+00 3.840122e-02 -5.903511e-04 9.992622e-01 1.919988e+01
9.990849e-01 -8.064642e-04 4.276383e-02 3.596774e+01 8.385626e-04 9.999994e-01 -7.327246e-04 -1.618230e+00 -4.276331e-02 7.679171e-04 9.990850e-01 1.929286e+01
9.991036e-01 8.890489e-04 -4.232256e-02 3.619066e+01 -8.582952e-04 9.999994e-01 7.447494e-04 -1.628973e+00 4.232330e-02 -7.077592e-04 9.991037e-01 1.949799e+01
9.991219e-01 -8.661044e-04 4.189026e-02 3.617658e+01 8.961760e-04 9.999994e-01 -6.991562e-04 -1.632325e+00 -4.188973e-02 7.360862e-04 9.991220e-01 1.964992e+01
9.990959e-01 9.130877e-04 -4.250258e-02 3.650145e+01 -8.849805e-04 9.999994e-01 6.800518e-04 -1.645235e+00 4.250328e-02 -6.418257e-04 9.990961e-01 1.968650e+01
9.991383e-01 -8.500003e-04 4.149628e-02 3.695968e+01 8.815872e-04 9.999993e-01 -7.429680e-04 -1.661441e+00 -4.149572e-02 7.789133e-04 9.991384e-01 1.955393e+01
9.991012e-01 8.881149e-04 -4.237787e-02 3.715618e+01 -8.550535e-04 9.999993e-01 7.982106e-04 -1.667973e+00 4.237865e-02 -7.612605e-04 9.991013e-01 1.924815e+01
9.991558e-01 -8.801358e-04 4.107374e-02 3.729833e+01 9.102612e-04 9.999993e-01 -7.148140e-04 -1.673035e+00 -4.107319e-02 7.516012e-04 9.991559e-01 1.901045e+01
9.990796e-01 8.895846e-04 -4.288397e-02 3.743930e+01 -8.566822e-04 9.999993e-01 7.855498e-04 -1.678908e+00 4.288474e-02 -7.480915e-04 9.990797e-01 1.890726e+01
9.991348e-01 -8.770404e-04 4.158015e-02 3.764068e+01 9.090009e-04 9.999993e-01 -7.498100e-04 -1.687156e+00 -4.157956e-02 7.869605e-04 9.991349e-01 1.885353e+01
9.990833e-01 9.068268e-04 -4.279838e-02 3.794486e+01 -8.758346e-04 9.999993e-01 7.428265e-04 -1.698525e+00 4.279912e-02 -7.046639e-04 9.990834e-01 1.875233e+01
9.991510e-01 -8.769174e-04 4.119080e-02 3.821603e+01 9.080610e-04 9.999993e-01 -7.374399e-04 -1.708926e+00 -4.119022e-02 7.742204e-04 9.991511e-01 1.868364e+01
9.991403e-01 9.048743e-04 -4.144536e-02 3.844890e+01 -8.750795e-04 9.999993e-01 7.369629e-04 -1.718751e+00 4.144610e-02 -7.000641e-04 9.991404e-01 1.870354e+01
9.991970e-01 -8.817577e-04 4.005924e-02 3.866646e+01 9.095228e-04 9.999994e-01 -6.749453e-04 -1.726723e+00 -4.005872e-02 7.108410e-04 9.991971e-01 1.853339e+01
9.989172e-01 9.984471e-04 -4.651137e-02 3.875270e+01 -9.589034e-04 9.999992e-01 8.724389e-04 -1.730882e+00 4.651230e-02 -8.268971e-04 9.989173e-01 1.845588e+01
9.990463e-01 -9.546722e-04 4.365452e-02 3.886502e+01 9.889145e-04 9.999992e-01 -7.628634e-04 -1.738039e+00 -4.365386e-02 8.053093e-04 9.990464e-01 1.863583e+01
9.991611e-01 1.077829e-03 -4.093691e-02 3.926697e+01 -1.051712e-03 9.999992e-01 6.594503e-04 -1.754101e+00 4.093769e-02 -6.158459e-04 9.991615e-01 1.883165e+01
9.989265e-01 -8.827659e-04 4.631552e-02 3.980069e+01 9.224182e-04 9.999992e-01 -8.348231e-04 -1.774834e+00 -4.631485e-02 8.766521e-04 9.989266e-01 1.910374e+01
9.989213e-01 9.956784e-04 -4.642252e-02 4.017294e+01 -9.575663e-04 9.999992e-01 8.431549e-04 -1.789963e+00 4.642342e-02 -7.977955e-04 9.989215e-01 1.927583e+01
9.989263e-01 -8.672837e-04 4.631938e-02 4.058404e+01 9.069018e-04 9.999992e-01 -8.343705e-04 -1.806273e+00 -4.631872e-02 8.754847e-04 9.989264e-01 1.945624e+01
9.989042e-01 9.996391e-04 -4.678946e-02 4.100339e+01 -9.619964e-04 9.999992e-01 8.269668e-04 -1.822836e+00 4.679035e-02 -7.810520e-04 9.989044e-01 1.964096e+01
9.988514e-01 -8.923651e-04 4.790694e-02 4.155195e+01 9.366740e-04 9.999992e-01 -9.025055e-04 -1.842728e+00 -4.790620e-02 9.463449e-04 9.988514e-01 1.963115e+01
9.990312e-01 1.036989e-03 -4.399328e-02 4.213924e+01 -1.006493e-03 9.999992e-01 7.152886e-04 -1.864295e+00 4.399409e-02 -6.703195e-04 9.990315e-01 1.976720e+01
9.988854e-01 -8.782194e-04 4.719403e-02 4.264667e+01 9.188755e-04 9.999992e-01 -8.398338e-04 -1.883544e+00 -4.719335e-02 8.822660e-04 9.988854e-01 1.995390e+01
9.991599e-01 9.302509e-04 -4.096975e-02 4.293062e+01 -9.016233e-04 9.999993e-01 7.171537e-04 -1.895527e+00 4.097049e-02 -6.796146e-04 9.991601e-01 2.010187e+01
9.989476e-01 -8.759252e-04 4.585877e-02 4.315151e+01 9.141285e-04 9.999993e-01 -8.121548e-04 -1.905996e+00 -4.585812e-02 8.532237e-04 9.989477e-01 2.029241e+01
9.992649e-01 9.254138e-04 -3.832279e-02 4.351553e+01 -9.017694e-04 9.999994e-01 6.341869e-04 -1.920568e+00 3.832345e-02 -5.991652e-04 9.992652e-01 2.042847e+01
9.985892e-01 -9.687438e-04 5.309136e-02 4.385872e+01 1.023414e-03 9.999990e-01 -1.002616e-03 -1.934681e+00 -5.309044e-02 1.055538e-03 9.985892e-01 2.056215e+01
9.995639e-01 8.699114e-04 -2.951377e-02 4.419902e+01 -8.611399e-04 9.999996e-01 3.098124e-04 -1.949250e+00 2.951412e-02 -2.842645e-04 9.995643e-01 2.066496e+01
9.987838e-01 -9.165887e-04 4.929677e-02 4.453315e+01 9.595038e-04 9.999992e-01 -8.469433e-04 -1.963879e+00 -4.929605e-02 8.932166e-04 9.987839e-01 2.085310e+01
9.994288e-01 8.522564e-04 -3.378297e-02 4.482368e+01 -8.378328e-04 9.999996e-01 4.410133e-04 -1.976639e+00 3.378343e-02 -4.124596e-04 9.994290e-01 2.100664e+01
9.987113e-01 -8.896269e-04 5.074457e-02 4.528939e+01 9.379109e-04 9.999991e-01 -9.277622e-04 -1.993837e+00 -5.074380e-02 9.741634e-04 9.987113e-01 2.097687e+01
9.991106e-01 9.539072e-04 -4.215412e-02 4.573217e+01 -9.269376e-04 9.999994e-01 6.592522e-04 -2.010520e+00 4.215482e-02 -6.195944e-04 9.991109e-01 2.107997e+01
9.988691e-01 -8.846342e-04 4.753751e-02 4.614616e+01 9.238537e-04 9.999993e-01 -8.031186e-04 -2.026104e+00 -4.753686e-02 8.461309e-04 9.988692e-01 2.112641e+01
9.994907e-01 8.118218e-04 -3.189970e-02 4.662693e+01 -8.007246e-04 9.999996e-01 3.605518e-04 -2.044362e+00 3.190008e-02 -3.348280e-04 9.994910e-01 2.122467e+01
9.987946e-01 -7.972739e-04 4.908057e-02 4.707036e+01 8.401316e-04 9.999993e-01 -8.526490e-04 -2.061538e+00 -4.907995e-02 8.928582e-04 9.987945e-01 2.131075e+01
9.991094e-01 8.778074e-04 -4.218490e-02 4.745843e+01 -8.505817e-04 9.999994e-01 6.632572e-04 -2.076589e+00 4.218556e-02 -6.267875e-04 9.991096e-01 2.143510e+01
9.990193e-01 -7.791074e-04 4.427133e-02 4.791792e+01 8.143674e-04 9.999994e-01 -7.784912e-04 -2.094038e+00 -4.427080e-02 8.137837e-04 9.990193e-01 2.152690e+01
9.989919e-01 8.793650e-04 -4.488007e-02 4.846356e+01 -8.485459e-04 9.999994e-01 7.056726e-04 -2.114061e+00 4.488076e-02 -6.668811e-04 9.989921e-01 2.155611e+01
9.991137e-01 -7.592495e-04 4.208790e-02 4.897344e+01 7.911507e-04 9.999994e-01 -7.413879e-04 -2.132308e+00 -4.208741e-02 7.740315e-04 9.991137e-01 2.151180e+01
9.990845e-01 9.079321e-04 -4.276909e-02 4.959208e+01 -8.802321e-04 9.999994e-01 6.664154e-04 -2.154665e+00 4.276977e-02 -6.281613e-04 9.990847e-01 2.156166e+01
9.989653e-01 -7.358441e-04 4.547469e-02 5.026093e+01 7.739340e-04 9.999994e-01 -8.200720e-04 -2.178873e+00 -4.547415e-02 8.544207e-04 9.989652e-01 2.168332e+01
9.992111e-01 9.139447e-04 -3.970216e-02 5.075437e+01 -8.897128e-04 9.999994e-01 6.279250e-04 -2.199158e+00 3.970281e-02 -5.921088e-04 9.992113e-01 2.204861e+01
9.991667e-01 -7.917582e-04 4.080897e-02 5.103889e+01 8.191723e-04 9.999994e-01 -6.551229e-04 -2.212977e+00 -4.080853e-02 6.880095e-04 9.991668e-01 2.238450e+01
9.990683e-01 8.924161e-04 -4.314733e-02 5.130461e+01 -8.611219e-04 9.999994e-01 7.437913e-04 -2.225689e+00 4.314807e-02 -7.059459e-04 9.990684e-01 2.267386e+01
9.990994e-01 -7.836890e-04 4.242495e-02 5.145786e+01 8.127282e-04 9.999994e-01 -6.673135e-04 -2.237253e+00 -4.242450e-02 7.011953e-04 9.990995e-01 2.311103e+01
9.990981e-01 9.164579e-04 -4.244980e-02 5.175986e+01 -8.883678e-04 9.999994e-01 6.805080e-04 -2.251674e+00 4.245049e-02 -6.421859e-04 9.990983e-01 2.344363e+01
9.991597e-01 -7.604155e-04 4.097988e-02 5.214316e+01 7.869015e-04 9.999995e-01 -6.302664e-04 -2.267975e+00 -4.097948e-02 6.619868e-04 9.991598e-01 2.373006e+01
9.990567e-01 9.207611e-04 -4.341256e-02 5.250123e+01 -8.904739e-04 9.999993e-01 7.169197e-04 -2.284041e+00 4.341329e-02 -6.775884e-04 9.990569e-01 2.408074e+01
9.991158e-01 -7.752528e-04 4.203657e-02 5.285098e+01 8.035655e-04 9.999995e-01 -6.567043e-04 -2.299549e+00 -4.203613e-02 6.899056e-04 9.991159e-01 2.438258e+01
9.991211e-01 8.900549e-04 -4.190684e-02 5.313057e+01 -8.629827e-04 9.999994e-01 6.640174e-04 -2.312914e+00 4.190751e-02 -6.272716e-04 9.991213e-01 2.468834e+01
9.991670e-01 -7.206300e-04 4.080317e-02 5.362360e+01 7.476055e-04 9.999995e-01 -6.459318e-04 -2.332012e+00 -4.080279e-02 6.759013e-04 9.991670e-01 2.489485e+01
9.992029e-01 8.852800e-04 -3.990874e-02 5.400774e+01 -8.608669e-04 9.999994e-01 6.288231e-04 -2.348540e+00 3.990938e-02 -5.939684e-04 9.992031e-01 2.519782e+01
9.992633e-01 -7.703840e-04 3.837045e-02 5.427923e+01 7.926394e-04 9.999995e-01 -5.648818e-04 -2.361691e+00 -3.837010e-02 5.948824e-04 9.992635e-01 2.551294e+01
9.992274e-01 8.702574e-04 -3.928928e-02 5.441026e+01 -8.452188e-04 9.999994e-01 6.538149e-04 -2.373033e+00 3.928992e-02 -6.201044e-04 9.992276e-01 2.598996e+01
9.992925e-01 -7.737414e-04 3.760430e-02 5.453301e+01 7.938055e-04 9.999996e-01 -5.187122e-04 -2.384533e+00 -3.760398e-02 5.481985e-04 9.992926e-01 2.648619e+01
9.992452e-01 8.727294e-04 -3.883614e-02 5.463147e+01 -8.475970e-04 9.999994e-01 6.635188e-04 -2.395746e+00 3.883679e-02 -6.301032e-04 9.992453e-01 2.700993e+01
9.992997e-01 -7.864711e-04 3.741167e-02 5.474049e+01 8.072955e-04 9.999995e-01 -5.416054e-04 -2.406662e+00 -3.741132e-02 5.714312e-04 9.992998e-01 2.748683e+01
9.992457e-01 8.986074e-04 -3.882198e-02 5.488308e+01 -8.736553e-04 9.999994e-01 6.596092e-04 -2.418520e+00 3.882265e-02 -6.251973e-04 9.992459e-01 2.797422e+01
9.992908e-01 -7.766979e-04 3.764744e-02 5.504375e+01 7.980576e-04 9.999995e-01 -5.524156e-04 -2.431021e+00 -3.764709e-02 5.820715e-04 9.992910e-01 2.847042e+01
9.991625e-01 8.899495e-04 -4.090760e-02 5.518249e+01 -8.599700e-04 9.999993e-01 7.503747e-04 -2.442765e+00 4.090834e-02 -7.145696e-04 9.991626e-01 2.895841e+01
9.993274e-01 -7.844157e-04 3.666401e-02 5.526654e+01 8.027883e-04 9.999996e-01 -4.864701e-04 -2.453221e+00 -3.666371e-02 5.155791e-04 9.993276e-01 2.944729e+01
9.992091e-01 8.563905e-04 -3.975359e-02 5.537613e+01 -8.305647e-04 9.999994e-01 6.660804e-04 -2.463532e+00 3.975424e-02 -6.325383e-04 9.992092e-01 2.988644e+01
9.994015e-01 -6.822417e-04 3.458639e-02 5.557673e+01 6.970682e-04 9.999997e-01 -4.167054e-04 -2.476012e+00 -3.458620e-02 4.405679e-04 9.994017e-01 3.031349e+01
9.992468e-01 8.191235e-04 -3.879401e-02 5.576167e+01 -7.956336e-04 9.999995e-01 6.208604e-04 -2.488293e+00 3.879460e-02 -5.895296e-04 9.992470e-01 3.075991e+01
9.994603e-01 -6.600906e-04 3.284481e-02 5.584098e+01 6.707843e-04 9.999997e-01 -3.146517e-04 -2.498462e+00 -3.284469e-02 3.365164e-04 9.994605e-01 3.123494e+01
9.993388e-01 7.501877e-04 -3.634829e-02 5.592091e+01 -7.309206e-04 9.999996e-01 5.432722e-04 -2.509325e+00 3.634878e-02 -5.163479e-04 9.993390e-01 3.175969e+01
9.998567e-01 -2.228712e-04 1.692798e-02 5.606145e+01 2.182672e-04 9.999999e-01 2.736572e-04 -2.519480e+00 -1.692814e-02 -2.699205e-04 9.998567e-01 3.211290e+01
9.996357e-01 5.123739e-04 -2.698377e-02 5.620692e+01 -5.089424e-04 9.999999e-01 1.339326e-04 -2.530875e+00 2.698394e-02 -1.201532e-04 9.996358e-01 3.256226e+01
9.998264e-01 -2.711749e-04 1.863576e-02 5.646850e+01 2.679233e-04 9.999999e-01 1.768363e-04 -2.543904e+00 -1.863590e-02 -1.718100e-04 9.998264e-01 3.290177e+01
9.997491e-01 4.309873e-04 -2.239455e-02 5.673909e+01 -4.315155e-04 9.999999e-01 -1.887469e-05 -2.557987e+00 2.239464e-02 2.853103e-05 9.997492e-01 3.330647e+01
9.997917e-01 -3.331639e-04 2.040844e-02 5.698981e+01 3.313172e-04 9.999999e-01 9.373784e-05 -2.571335e+00 -2.040857e-02 -8.695403e-05 9.997918e-01 3.369226e+01
9.997412e-01 4.131353e-04 -2.274337e-02 5.727618e+01 -4.138413e-04 9.999999e-01 -2.645710e-05 -2.584857e+00 2.274346e-02 3.585989e-05 9.997413e-01 3.399464e+01
9.997628e-01 -3.014317e-04 2.177810e-02 5.774155e+01 3.010945e-04 1.000000e+00 1.864342e-05 -2.602922e+00 -2.177821e-02 -1.207913e-05 9.997629e-01 3.416964e+01
9.998016e-01 4.670168e-04 -1.990885e-02 5.823017e+01 -4.697970e-04 9.999999e-01 -1.351024e-04 -2.622545e+00 1.990889e-02 1.444263e-04 9.998017e-01 3.447154e+01
9.997476e-01 -2.952562e-04 2.246739e-02 5.897488e+01 2.964890e-04 1.000000e+00 -5.165533e-05 -2.649166e+00 -2.246748e-02 5.830622e-05 9.997476e-01 3.460493e+01
9.998582e-01 4.743524e-04 -1.682979e-02 5.975090e+01 -4.784109e-04 9.999999e-01 -2.372852e-04 -2.676675e+00 1.682978e-02 2.453006e-04 9.998583e-01 3.475110e+01
9.997219e-01 -2.913797e-04 2.358236e-02 6.045419e+01 2.924873e-04 1.000000e+00 -4.363113e-05 -2.701951e+00 -2.358244e-02 5.051912e-05 9.997219e-01 3.493609e+01
9.998145e-01 4.518401e-04 -1.925052e-02 6.103530e+01 -4.546506e-04 9.999999e-01 -1.417628e-04 -2.723463e+00 1.925055e-02 1.504863e-04 9.998146e-01 3.511627e+01
9.997503e-01 -2.940849e-04 2.234730e-02 6.156542e+01 2.933294e-04 1.000000e+00 3.696549e-05 -2.743419e+00 -2.234741e-02 -3.039856e-05 9.997503e-01 3.529477e+01
9.997973e-01 4.471572e-04 -2.012377e-02 6.207083e+01 -4.496177e-04 9.999999e-01 -1.178798e-04 -2.762816e+00 2.012382e-02 1.269014e-04 9.997974e-01 3.548799e+01
9.997380e-01 -2.925936e-04 2.289093e-02 6.262523e+01 2.927448e-04 1.000000e+00 -3.372709e-06 -2.783624e+00 -2.289103e-02 1.007559e-05 9.997380e-01 3.566002e+01
9.997965e-01 4.215521e-04 -2.016403e-02 6.303188e+01 -4.234789e-04 9.999999e-01 -9.141629e-05 -2.800109e+00 2.016409e-02 9.993427e-05 9.997966e-01 3.589056e+01
9.997416e-01 -2.187109e-04 2.273434e-02 6.360899e+01 2.203461e-04 1.000000e+00 -6.954077e-05 -2.822312e+00 -2.273442e-02 7.453477e-05 9.997416e-01 3.617849e+01
9.998009e-01 4.286663e-04 -1.994730e-02 6.423676e+01 -4.305903e-04 9.999999e-01 -9.229389e-05 -2.845659e+00 1.994736e-02 1.008622e-04 9.998010e-01 3.643546e+01
9.997507e-01 -3.038032e-04 2.232973e-02 6.463195e+01 3.042473e-04 1.000000e+00 -1.661014e-05 -2.861780e+00 -2.232982e-02 2.340230e-05 9.997507e-01 3.666332e+01
9.998469e-01 4.292266e-04 -1.748756e-02 6.505037e+01 -4.326682e-04 9.999999e-01 -1.931774e-04 -2.878736e+00 1.748757e-02 2.007117e-04 9.998470e-01 3.690796e+01
9.998132e-01 -3.505272e-04 1.932796e-02 6.524767e+01 3.474818e-04 9.999999e-01 1.607809e-04 -2.889618e+00 -1.932811e-02 -1.540322e-04 9.998132e-01 3.721833e+01
9.998410e-01 3.919518e-04 -1.782480e-02 6.538887e+01 -3.958870e-04 9.999999e-01 -2.173991e-04 -2.899297e+00 1.782481e-02 2.244187e-04 9.998411e-01 3.753352e+01
9.997414e-01 -2.551617e-04 2.274137e-02 6.579093e+01 2.541152e-04 1.000000e+00 4.878881e-05 -2.915909e+00 -2.274148e-02 -4.299473e-05 9.997414e-01 3.781518e+01
9.997992e-01 3.805506e-04 -2.003426e-02 6.618806e+01 -3.834616e-04 9.999999e-01 -1.415967e-04 -2.932224e+00 2.003430e-02 1.492482e-04 9.997992e-01 3.804896e+01
9.997897e-01 -3.181310e-04 2.050970e-02 6.657459e+01 3.162796e-04 9.999999e-01 9.338493e-05 -2.947755e+00 -2.050983e-02 -8.687595e-05 9.997897e-01 3.818046e+01
9.997788e-01 3.250267e-04 -2.102528e-02 6.690317e+01 -3.281441e-04 9.999999e-01 -1.449492e-04 -2.960912e+00 2.102533e-02 1.518140e-04 9.997789e-01 3.823362e+01
9.997860e-01 -2.808654e-04 2.068753e-02 6.720319e+01 2.783713e-04 1.000000e+00 1.233109e-04 -2.973741e+00 -2.068766e-02 -1.175232e-04 9.997860e-01 3.840398e+01
9.997947e-01 3.286233e-04 -2.025571e-02 6.751713e+01 -3.319188e-04 9.999999e-01 -1.594677e-04 -2.986897e+00 2.025575e-02 1.661558e-04 9.997948e-01 3.856598e+01
9.997877e-01 -2.502769e-04 2.060399e-02 6.782012e+01 2.474201e-04 1.000000e+00 1.410679e-04 -3.000223e+00 -2.060412e-02 -1.359376e-04 9.997878e-01 3.879673e+01
9.997754e-01 3.582756e-04 -2.118666e-02 6.819945e+01 -3.614733e-04 9.999999e-01 -1.472294e-04 -3.016083e+00 2.118671e-02 1.548523e-04 9.997755e-01 3.904276e+01
9.997561e-01 -3.046878e-04 2.208541e-02 6.857574e+01 3.027797e-04 1.000000e+00 8.962045e-05 -3.030998e+00 -2.208553e-02 -8.290906e-05 9.997561e-01 3.915537e+01
9.997606e-01 3.152763e-04 -2.187499e-02 6.891983e+01 -3.186253e-04 9.999999e-01 -1.497363e-04 -3.044554e+00 2.187504e-02 1.566680e-04 9.997607e-01 3.918116e+01
9.997639e-01 -2.895620e-04 2.173071e-02 6.924573e+01 2.872651e-04 1.000000e+00 1.086965e-04 -3.057960e+00 -2.173084e-02 -1.024258e-04 9.997639e-01 3.928296e+01
9.997414e-01 3.726262e-04 -2.273360e-02 6.961249e+01 -3.752023e-04 9.999999e-01 -1.091715e-04 -3.072915e+00 2.273366e-02 1.176706e-04 9.997415e-01 3.947368e+01
9.997905e-01 -2.556565e-04 2.046771e-02 7.002007e+01 2.527145e-04 1.000000e+00 1.461963e-04 -3.089715e+00 -2.046784e-02 -1.409907e-04 9.997905e-01 3.973902e+01
9.997122e-01 3.944847e-04 -2.398346e-02 7.050337e+01 -3.963240e-04 9.999999e-01 -7.205091e-05 -3.108436e+00 2.398353e-02 8.153299e-05 9.997123e-01 3.998852e+01
9.997634e-01 -3.076919e-04 2.175416e-02 7.097377e+01 3.059554e-04 9.999999e-01 8.303005e-05 -3.126297e+00 -2.175428e-02 -7.635209e-05 9.997634e-01 4.013824e+01
9.997003e-01 3.210155e-04 -2.447609e-02 7.148268e+01 -3.245791e-04 9.999999e-01 -1.417358e-04 -3.142985e+00 2.447615e-02 1.496353e-04 9.997004e-01 3.981412e+01
9.997472e-01 -2.941199e-04 2.248529e-02 7.201800e+01 2.921171e-04 1.000000e+00 9.224119e-05 -3.160129e+00 -2.248542e-02 -8.564701e-05 9.997472e-01 3.943950e+01
9.997029e-01 3.092148e-04 -2.436879e-02 7.254680e+01 -3.140477e-04 9.999999e-01 -1.946068e-04 -3.178657e+00 2.436883e-02 2.021996e-04 9.997030e-01 3.932370e+01
9.998135e-01 -2.149150e-04 1.931554e-02 7.309258e+01 2.109968e-04 1.000000e+00 2.047544e-04 -3.197367e+00 -1.931569e-02 -2.006381e-04 9.998135e-01 3.919947e+01
9.997042e-01 3.072200e-04 -2.431494e-02 7.358374e+01 -3.118978e-04 9.999999e-01 -1.887027e-04 -3.214372e+00 2.431498e-02 1.962283e-04 9.997043e-01 3.907411e+01
9.998030e-01 -2.526498e-04 1.985086e-02 7.413975e+01 2.495288e-04 1.000000e+00 1.595689e-04 -3.233007e+00 -1.985100e-02 -1.545815e-04 9.998030e-01 3.886987e+01
9.997302e-01 3.813680e-04 -2.322274e-02 7.486871e+01 -3.865862e-04 9.999999e-01 -2.203303e-04 -3.258144e+00 2.322275e-02 2.292460e-04 9.997302e-01 3.884167e+01
9.997860e-01 -2.742710e-04 2.068643e-02 7.561673e+01 2.715153e-04 1.000000e+00 1.358936e-04 -3.283909e+00 -2.068656e-02 -1.302453e-04 9.997861e-01 3.879542e+01
9.997112e-01 2.888713e-04 -2.402821e-02 7.621904e+01 -2.943735e-04 9.999999e-01 -2.255650e-04 -3.303975e+00 2.402824e-02 2.325706e-04 9.997112e-01 3.856888e+01
9.998169e-01 -2.414786e-04 1.913886e-02 7.679350e+01 2.374828e-04 9.999999e-01 2.109159e-04 -3.322267e+00 -1.913901e-02 -2.063296e-04 9.998169e-01 3.820726e+01
9.997015e-01 3.283387e-04 -2.442837e-02 7.747851e+01 -3.342031e-04 9.999999e-01 -2.360892e-04 -3.344816e+00 2.442839e-02 2.441803e-04 9.997015e-01 3.799265e+01
9.998156e-01 -1.961598e-04 1.920725e-02 7.813046e+01 1.910816e-04 9.999999e-01 2.660894e-04 -3.367037e+00 -1.920740e-02 -2.623676e-04 9.998155e-01 3.790645e+01
9.997484e-01 2.659676e-04 -2.242737e-02 7.880454e+01 -2.738232e-04 9.999999e-01 -3.473123e-04 -3.389633e+00 2.242738e-02 3.533636e-04 9.997484e-01 3.769825e+01
9.997987e-01 -2.494918e-04 2.006538e-02 7.936316e+01 2.432748e-04 9.999999e-01 3.121487e-04 -3.406958e+00 -2.006556e-02 -3.072019e-04 9.997987e-01 3.721930e+01
9.997326e-01 2.667663e-04 -2.312043e-02 7.986570e+01 -2.744801e-04 9.999999e-01 -3.305743e-04 -3.422898e+00 2.312044e-02 3.368295e-04 9.997326e-01 3.683606e+01
9.998121e-01 -2.546435e-04 1.938486e-02 8.043108e+01 2.490564e-04 9.999999e-01 2.904966e-04 -3.440877e+00 -1.938503e-02 -2.856115e-04 9.998121e-01 3.645842e+01
9.997409e-01 2.457566e-04 -2.275896e-02 8.097397e+01 -2.533860e-04 9.999999e-01 -3.324590e-04 -3.459099e+00 2.275897e-02 3.381372e-04 9.997409e-01 3.624900e+01
9.998123e-01 -2.712109e-04 1.937530e-02 8.148235e+01 2.651849e-04 9.999999e-01 3.134489e-04 -3.476479e+00 -1.937548e-02 -3.082494e-04 9.998123e-01 3.608297e+01
9.997257e-01 2.717072e-04 -2.341637e-02 8.202094e+01 -2.800814e-04 9.999999e-01 -3.544550e-04 -3.494272e+00 2.341637e-02 3.609138e-04 9.997257e-01 3.582333e+01
9.997980e-01 -2.675921e-04 2.010004e-02 8.260985e+01 2.620118e-04 9.999999e-01 2.801325e-04 -3.513577e+00 -2.010021e-02 -2.748068e-04 9.997980e-01 3.552614e+01
9.997341e-01 2.801955e-04 -2.305580e-02 8.317564e+01 -2.882510e-04 9.999999e-01 -3.461808e-04 -3.531826e+00 2.305580e-02 3.527321e-04 9.997341e-01 3.516817e+01
9.997867e-01 -2.679713e-04 2.065426e-02 8.365037e+01 2.618007e-04 9.999999e-01 3.013348e-04 -3.547303e+00 -2.065443e-02 -2.958606e-04 9.997867e-01 3.483681e+01
9.997447e-01 2.665951e-04 -2.259306e-02 8.403964e+01 -2.735119e-04 9.999999e-01 -3.031703e-04 -3.560176e+00 2.259308e-02 3.092698e-04 9.997446e-01 3.453656e+01
