9.995614e-01 -3.545294e-04 2.961136e-02 5.853401e-02 3.805276e-04 9.999995e-01 -8.723511e-04 -7.793644e-03 -2.961104e-02 8.832361e-04 9.995612e-01 2.165862e-01
9.998506e-01 -1.007819e-04 1.728449e-02 1.300310e-01 1.104568e-04 9.999998e-01 -5.587853e-04 -1.631901e-02 -1.728442e-02 5.606113e-04 9.998504e-01 3.763069e-01
9.996244e-01 -3.384449e-04 2.740386e-02 1.945908e-01 3.610322e-04 9.999996e-01 -8.192964e-04 -2.478060e-02 -2.740358e-02 8.288823e-04 9.996242e-01 5.558613e-01
9.998559e-01 -8.066822e-05 1.697417e-02 2.676542e-01 9.000449e-05 9.999998e-01 -5.492639e-04 -3.378115e-02 -1.697411e-02 5.507125e-04 9.998557e-01 7.538635e-01
9.995320e-01 -3.674994e-04 3.058746e-02 3.447496e-01 3.951404e-04 9.999995e-01 -8.976341e-04 -4.239207e-02 -3.058714e-02 9.093006e-04 9.995318e-01 9.054583e-01
9.998193e-01 -1.099184e-04 1.901170e-02 3.962217e-01 1.214860e-04 9.999998e-01 -6.072884e-04 -5.025491e-02 -1.901160e-02 6.094879e-04 9.998190e-01 1.034581e+00
9.997401e-01 -2.520878e-04 2.279841e-02 5.556944e-01 2.678568e-04 9.999997e-01 -6.886214e-04 -6.015147e-02 -2.279826e-02 6.945496e-04 9.997399e-01 1.122534e+00
9.999898e-01 8.487236e-05 4.524199e-03 8.941586e-01 -8.403205e-05 1.000000e+00 -1.859044e-04 -7.494576e-02 -4.524182e-03 1.855218e-04 9.999897e-01 1.233787e+00
9.995205e-01 -4.111158e-04 3.096099e-02 1.123250e+00 4.397011e-04 9.999995e-01 -9.164671e-04 -8.693447e-02 -3.096064e-02 9.296419e-04 9.995203e-01 1.375876e+00
9.999523e-01 2.732348e-05 9.763884e-03 1.225789e+00 -2.388587e-05 9.999999e-01 -3.521730e-04 -9.623975e-02 -9.763853e-03 3.519222e-04 9.999522e-01 1.564180e+00
9.996438e-01 -3.407739e-04 2.668478e-02 1.388023e+00 3.621242e-04 9.999996e-01 -7.952734e-04 -1.064877e-01 -2.668454e-02 8.046543e-04 9.996437e-01 1.715636e+00
9.999098e-01 -6.194311e-05 1.343177e-02 1.453590e+00 6.816768e-05 9.999999e-01 -4.629454e-04 -1.136772e-01 -1.343170e-02 4.638182e-04 9.999096e-01 1.806467e+00
9.995899e-01 -3.621698e-04 2.863495e-02 1.494166e+00 3.864142e-04 9.999996e-01 -8.411549e-04 -1.214465e-01 -2.863468e-02 8.518761e-04 9.995897e-01 1.978163e+00
9.999937e-01 1.192467e-04 3.532554e-03 1.702615e+00 -1.187052e-04 1.000000e+00 -1.533947e-04 -1.325138e-01 -3.532519e-03 1.529731e-04 9.999937e-01 2.076531e+00
9.993187e-01 -4.667557e-04 3.690360e-02 1.813258e+00 5.071270e-04 9.999993e-01 -1.084622e-03 -1.394102e-01 -3.690313e-02 1.102599e-03 9.993183e-01 2.026483e+00
9.999987e-01 9.480443e-05 1.631515e-03 1.850552e+00 -9.459537e-05 1.000000e+00 -1.279038e-04 -1.459559e-01 -1.631467e-03 1.277478e-04 9.999986e-01 2.136653e+00
9.999293e-01 2.824967e-05 1.189368e-02 1.994007e+00 -2.573663e-05 1.000000e+00 -2.114881e-04 -1.554380e-01 -1.189374e-02 2.111685e-04 9.999293e-01 2.283825e+00
9.996879e-01 -3.590685e-04 2.497936e-02 2.131542e+00 3.826912e-04 9.999995e-01 -9.408961e-04 -1.646096e-01 -2.497895e-02 9.501602e-04 9.996874e-01 2.385741e+00
9.999453e-01 5.989706e-05 1.046211e-02 2.376855e+00 -5.810112e-05 1.000000e+00 -1.720275e-04 -1.772023e-01 -1.046218e-02 1.714119e-04 9.999453e-01 2.536945e+00
9.995853e-01 -4.366786e-04 2.879403e-02 2.405028e+00 4.673006e-04 9.999993e-01 -1.056739e-03 -1.827455e-01 -2.879348e-02 1.069754e-03 9.995847e-01 2.593927e+00
9.999943e-01 1.518526e-04 3.376035e-03 2.606514e+00 -1.520306e-04 1.000000e+00 5.225477e-05 -1.938676e-01 -3.376099e-03 -5.276584e-05 9.999944e-01 2.723476e+00
9.997500e-01 -2.552972e-04 2.235541e-02 3.010684e+00 2.747093e-04 9.999996e-01 -8.652358e-04 -2.109852e-01 -2.235511e-02 8.711588e-04 9.997496e-01 2.903037e+00
9.999903e-01 1.119671e-04 4.400084e-03 3.499367e+00 -1.120156e-04 1.000000e+00 1.056627e-05 -2.302028e-01 -4.400158e-03 -1.105703e-05 9.999904e-01 3.009127e+00
9.996831e-01 -3.174008e-04 2.517229e-02 3.905018e+00 3.411436e-04 9.999995e-01 -9.388844e-04 -2.469478e-01 -2.517190e-02 9.471721e-04 9.996826e-01 3.118669e+00
9.999948e-01 1.783937e-04 3.228824e-03 4.270639e+00 -1.785422e-04 1.000000e+00 4.539736e-05 -2.628704e-01 -3.228894e-03 -4.597146e-05 9.999949e-01 3.273062e+00
9.998328e-01 -2.306575e-04 1.828234e-02 4.771916e+00 2.440638e-04 9.999997e-01 -7.310072e-04 -2.827779e-01 -1.828209e-02 7.353449e-04 9.998325e-01 3.455637e+00
9.999776e-01 2.501316e-04 -6.692808e-03 5.290268e+00 -2.483709e-04 9.999999e-01 2.640837e-04 -3.023303e-01 6.692793e-03 -2.624132e-04 9.999776e-01 3.614488e+00
9.998345e-01 -2.204458e-04 1.819129e-02 5.765657e+00 2.326702e-04 9.999997e-01 -6.698169e-04 -3.210709e-01 -1.819105e-02 6.739363e-04 9.998342e-01 3.811565e+00
9.999881e-01 2.238749e-04 -4.884876e-03 6.311304e+00 -2.229961e-04 1.000000e+00 1.806876e-04 -3.416914e-01 4.884835e-03 -1.795938e-04 9.999881e-01 3.977448e+00
9.997821e-01 -2.873883e-04 2.087125e-02 6.719412e+00 3.011708e-04 9.999997e-01 -6.571605e-04 -3.579672e-01 -2.087097e-02 6.633008e-04 9.997819e-01 4.098351e+00
9.999967e-01 2.459281e-04 -2.575179e-03 7.120388e+00 -2.456815e-04 1.000000e+00 9.661855e-05 -3.741285e-01 2.575118e-03 -9.598321e-05 9.999968e-01 4.227487e+00
9.999295e-01 -2.311670e-04 1.186760e-02 7.548514e+00 2.360717e-04 9.999999e-01 -4.117764e-04 -3.908692e-01 -1.186742e-02 4.145466e-04 9.999294e-01 4.395573e+00
9.999981e-01 2.508128e-04 -1.941546e-03 7.998895e+00 -2.506983e-04 1.000000e+00 5.988816e-05 -4.085632e-01 1.941476e-03 -5.939892e-05 9.999982e-01 4.593916e+00
9.999645e-01 -2.089806e-04 8.417637e-03 8.430478e+00 2.114420e-04 9.999999e-01 -2.913634e-04 -4.251255e-01 -8.417490e-03 2.931305e-04 9.999645e-01 4.724598e+00
9.999910e-01 2.749248e-04 -4.238161e-03 8.852251e+00 -2.744489e-04 1.000000e+00 1.131838e-04 -4.414261e-01 4.238107e-03 -1.120172e-04 9.999911e-01 4.879898e+00
9.999938e-01 -1.797958e-04 3.497780e-03 9.218651e+00 1.803581e-04 1.000000e+00 -1.600400e-04 -4.564946e-01 -3.497666e-03 1.606675e-04 9.999938e-01 5.086920e+00
9.999941e-01 2.782997e-04 -3.440628e-03 9.650041e+00 -2.780191e-04 1.000000e+00 8.244546e-05 -4.734007e-01 3.440565e-03 -8.148601e-05 9.999942e-01 5.277817e+00
9.999924e-01 -2.150100e-04 3.898769e-03 1.002743e+01 2.156160e-04 1.000000e+00 -1.546668e-04 -4.886530e-01 -3.898650e-03 1.555038e-04 9.999923e-01 5.434998e+00
9.999969e-01 3.052336e-04 2.478303e-03 1.041583e+01 -3.050770e-04 1.000000e+00 -6.413555e-05 -5.054027e-01 -2.478409e-03 6.338168e-05 9.999970e-01 5.744980e+00
9.999999e-01 -2.226007e-04 -3.282331e-04 1.071668e+01 2.225921e-04 1.000000e+00 -3.033242e-05 -5.194443e-01 3.283259e-04 3.025692e-05 9.999999e-01 6.037474e+00
9.999974e-01 2.796764e-04 2.270578e-03 1.093575e+01 -2.795239e-04 1.000000e+00 -6.810699e-05 -5.311583e-01 -2.270683e-03 6.747455e-05 9.999975e-01 6.328999e+00
9.999992e-01 -2.251871e-04 1.243836e-03 1.134198e+01 2.252977e-04 1.000000e+00 -8.767736e-05 -5.467722e-01 -1.243730e-03 8.795508e-05 9.999991e-01 6.450907e+00
9.999797e-01 2.856478e-04 6.369302e-03 1.179713e+01 -2.845433e-04 9.999999e-01 -1.745406e-04 -5.643653e-01 -6.369439e-03 1.727271e-04 9.999798e-01 6.629225e+00
9.999934e-01 -3.255042e-04 3.605125e-03 1.209216e+01 3.258910e-04 9.999999e-01 -1.062888e-04 -5.769859e-01 -3.605003e-03 1.074605e-04 9.999934e-01 6.787532e+00
9.999666e-01 3.092750e-04 8.166726e-03 1.244362e+01 -3.073360e-04 9.999999e-01 -2.388588e-04 -5.916978e-01 -8.166887e-03 2.363434e-04 9.999667e-01 6.972809e+00
9.999908e-01 -3.268289e-04 4.264340e-03 1.274777e+01 3.273297e-04 9.999999e-01 -1.163844e-04 -6.061493e-01 -4.264214e-03 1.177767e-04 9.999908e-01 7.262738e+00
9.999992e-01 3.718451e-04 -1.220172e-03 1.302221e+01 -3.718255e-04 9.999999e-01 1.755452e-05 -6.183762e-01 1.220090e-03 -1.709833e-05 9.999993e-01 7.464860e+00
9.999936e-01 -3.240159e-04 3.566767e-03 1.314820e+01 3.242442e-04 9.999999e-01 -6.299103e-05 -6.288988e-01 -3.566658e-03 6.414461e-05 9.999936e-01 7.858418e+00
9.999999e-01 3.459564e-04 -2.727262e-04 1.335988e+01 -3.459690e-04 9.999999e-01 -4.047798e-05 -6.392595e-01 2.726234e-04 4.057482e-05 1.000000e+00 8.061393e+00
9.999979e-01 -2.867676e-04 1.997661e-03 1.374943e+01 2.868885e-04 1.000000e+00 -5.946462e-05 -6.543905e-01 -1.997555e-03 6.003508e-05 9.999979e-01 8.150459e+00
9.999972e-01 3.445390e-04 -2.339829e-03 1.413897e+01 -3.445224e-04 9.999999e-01 8.185986e-06 -6.698497e-01 2.339743e-03 -7.377348e-06 9.999973e-01 8.275897e+00
9.999899e-01 -3.037805e-04 4.467578e-03 1.444954e+01 3.041113e-04 1.000000e+00 -7.302550e-05 -6.814400e-01 -4.467467e-03 7.438088e-05 9.999899e-01 8.184079e+00
1.000000e+00 3.407702e-04 1.558723e-04 1.479602e+01 -3.407649e-04 9.999999e-01 -4.407743e-05 -6.937188e-01 -1.559765e-04 4.402681e-05 1.000000e+00 8.050028e+00
9.999853e-01 -3.222137e-04 5.411291e-03 1.502275e+01 3.227720e-04 9.999999e-01 -1.020114e-04 -7.051272e-01 -5.411169e-03 1.037540e-04 9.999853e-01 8.290463e+00
1.000000e+00 3.018873e-04 -1.880500e-04 1.506895e+01 -3.018882e-04 1.000000e+00 3.521501e-06 -7.123917e-01 1.879614e-04 -3.462222e-06 1.000000e+00 8.606421e+00
9.999974e-01 -2.989839e-04 2.237587e-03 1.508080e+01 2.991122e-04 1.000000e+00 -5.631015e-05 -7.194713e-01 -2.237481e-03 5.697676e-05 9.999974e-01 8.946668e+00
9.999939e-01 3.232205e-04 3.481780e-03 1.521974e+01 -3.228878e-04 9.999999e-01 -9.656964e-05 -7.314493e-01 -3.481901e-03 9.544734e-05 9.999940e-01 9.409269e+00
9.999999e-01 -2.547998e-04 -3.726836e-05 1.553007e+01 2.547998e-04 1.000000e+00 -4.272424e-05 -7.455315e-01 3.736935e-05 4.271220e-05 9.999999e-01 9.688278e+00
1.000000e+00 3.041635e-04 1.392636e-04 1.572057e+01 -3.041710e-04 1.000000e+00 4.204721e-05 -7.562887e-01 -1.393409e-04 -4.208705e-05 1.000000e+00 9.974042e+00
9.999997e-01 -2.358327e-04 6.667109e-04 1.600817e+01 2.358940e-04 1.000000e+00 -8.942957e-05 -7.695093e-01 -6.665996e-04 8.958428e-05 9.999997e-01 1.022975e+01
9.999995e-01 3.082370e-04 9.535948e-04 1.630523e+01 -3.082693e-04 1.000000e+00 3.205270e-05 -7.825385e-01 -9.536751e-04 -3.234413e-05 9.999996e-01 1.044531e+01
9.999997e-01 -2.662839e-04 -7.025405e-04 1.655347e+01 2.662463e-04 1.000000e+00 -5.587495e-05 -7.941672e-01 7.026456e-04 5.568535e-05 9.999997e-01 1.065071e+01
9.999974e-01 3.398516e-04 2.260689e-03 1.700911e+01 -3.397129e-04 9.999999e-01 -6.246547e-05 -8.113976e-01 -2.260800e-03 6.169984e-05 9.999975e-01 1.071673e+01
9.999993e-01 -2.830767e-04 -1.088052e-03 1.735320e+01 2.830759e-04 1.000000e+00 -2.347724e-06 -8.252520e-01 1.088143e-03 2.037174e-06 9.999993e-01 1.081813e+01
9.999885e-01 3.597741e-04 4.791893e-03 1.776608e+01 -3.590126e-04 9.999999e-01 -1.601071e-04 -8.414003e-01 -4.792040e-03 1.583874e-04 9.999886e-01 1.098020e+01
9.999976e-01 -2.943912e-04 2.156746e-03 1.816048e+01 2.945180e-04 1.000000e+00 -5.771057e-05 -8.573657e-01 -2.156638e-03 5.834307e-05 9.999976e-01 1.119746e+01
9.999368e-01 2.637863e-04 1.124375e-02 1.852421e+01 -2.599313e-04 9.999999e-01 -3.444648e-04 -8.727168e-01 -1.124393e-02 3.415230e-04 9.999368e-01 1.141593e+01
9.999998e-01 -2.403415e-04 4.652917e-04 1.896509e+01 2.403601e-04 1.000000e+00 -3.619719e-05 -8.905386e-01 -4.651912e-04 3.630643e-05 9.999998e-01 1.164541e+01
9.999319e-01 2.847773e-04 1.167149e-02 1.939802e+01 -2.807144e-04 9.999999e-01 -3.498923e-04 -9.084826e-01 -1.167168e-02 3.465947e-04 9.999319e-01 1.192542e+01
9.999715e-01 -1.871966e-04 -7.539969e-03 1.978823e+01 1.885358e-04 1.000000e+00 1.766739e-04 -9.249915e-01 7.540028e-03 -1.780930e-04 9.999715e-01 1.221051e+01
9.999262e-01 2.915417e-04 1.214701e-02 2.019291e+01 -2.872192e-04 9.999999e-01 -3.577425e-04 -9.416687e-01 -1.214721e-02 3.542299e-04 9.999262e-01 1.246302e+01
9.999490e-01 -1.697381e-04 -1.009490e-02 2.057796e+01 1.724990e-04 9.999999e-01 2.724491e-04 -9.578402e-01 1.009495e-02 -2.741792e-04 9.999489e-01 1.270968e+01
9.999252e-01 3.121621e-04 1.223116e-02 2.107617e+01 -3.071873e-04 9.999999e-01 -4.087529e-04 -9.770933e-01 -1.223138e-02 4.049677e-04 9.999252e-01 1.291503e+01
9.999703e-01 -1.671841e-04 -7.702039e-03 2.167127e+01 1.685672e-04 1.000000e+00 1.786885e-04 -9.992066e-01 7.702102e-03 -1.799841e-04 9.999703e-01 1.311303e+01
9.999210e-01 3.042860e-04 1.256495e-02 2.218828e+01 -2.995656e-04 9.999999e-01 -3.777035e-04 -1.019047e+00 -1.256516e-02 3.739122e-04 9.999211e-01 1.334015e+01
9.999755e-01 -1.766572e-04 -6.999914e-03 2.268827e+01 1.776909e-04 1.000000e+00 1.467905e-04 -1.038606e+00 6.999981e-03 -1.480333e-04 9.999754e-01 1.358358e+01
9.999492e-01 3.303847e-04 1.007842e-02 2.327882e+01 -3.271010e-04 9.999999e-01 -3.276344e-04 -1.060590e+00 -1.007863e-02 3.243237e-04 9.999492e-01 1.374930e+01
9.999867e-01 -2.144642e-04 -5.154657e-03 2.384550e+01 2.150646e-04 1.000000e+00 1.155801e-04 -1.081419e+00 5.154725e-03 -1.166897e-04 9.999866e-01 1.388311e+01
9.999126e-01 2.390233e-04 1.321891e-02 2.417816e+01 -2.344755e-04 9.999999e-01 -3.457285e-04 -1.095199e+00 -1.321908e-02 3.426014e-04 9.999126e-01 1.405833e+01
9.999486e-01 -1.481531e-04 -1.013252e-02 2.467198e+01 1.500099e-04 1.000000e+00 1.823018e-04 -1.113808e+00 1.013259e-02 -1.838151e-04 9.999486e-01 1.417638e+01
9.999330e-01 2.490789e-04 1.157332e-02 2.523777e+01 -2.453026e-04 9.999999e-01 -3.278747e-04 -1.134610e+00 -1.157349e-02 3.250164e-04 9.999330e-01 1.423295e+01
9.999519e-01 -1.648236e-04 -9.802132e-03 2.568019e+01 1.668437e-04 1.000000e+00 2.050777e-04 -1.151628e+00 9.802192e-03 -2.067059e-04 9.999519e-01 1.436884e+01
9.999738e-01 2.366078e-04 7.240775e-03 2.593676e+01 -2.355535e-04 1.000000e+00 -1.467124e-04 -1.163769e+00 -7.240903e-03 1.450056e-04 9.999738e-01 1.461027e+01
9.999747e-01 -1.689502e-04 -7.109363e-03 2.626754e+01 1.695980e-04 1.000000e+00 9.025540e-05 -1.176832e+00 7.109442e-03 -9.146149e-05 9.999747e-01 1.467810e+01
9.999550e-01 2.098115e-04 9.486998e-03 2.662053e+01 -2.078356e-04 1.000000e+00 -2.094588e-04 -1.190526e+00 -9.487136e-03 2.074803e-04 9.999550e-01 1.473843e+01
9.999735e-01 -1.016535e-04 -7.272656e-03 2.714218e+01 1.020861e-04 1.000000e+00 5.885762e-05 -1.210160e+00 7.272744e-03 -5.960114e-05 9.999735e-01 1.490839e+01
9.999620e-01 1.707404e-04 8.718416e-03 2.754604e+01 -1.694515e-04 1.000000e+00 -1.487935e-04 -1.225945e+00 -8.718535e-03 1.473132e-04 9.999620e-01 1.501895e+01
9.999759e-01 -1.030414e-04 -6.941048e-03 2.799031e+01 1.032100e-04 1.000000e+00 2.366456e-05 -1.242810e+00 6.941140e-03 -2.438302e-05 9.999758e-01 1.508500e+01
9.999429e-01 2.091243e-04 1.068356e-02 2.844291e+01 -2.072002e-04 1.000000e+00 -1.813769e-04 -1.260396e+00 -1.068369e-02 1.791555e-04 9.999430e-01 1.526462e+01
9.999870e-01 -1.326257e-04 -5.085178e-03 2.885315e+01 1.326273e-04 1.000000e+00 -3.906441e-07 -1.276728e+00 5.085273e-03 -2.864457e-07 9.999870e-01 1.545097e+01
9.999660e-01 2.168040e-04 8.251689e-03 2.924531e+01 -2.156581e-04 1.000000e+00 -1.399864e-04 -1.292770e+00 -8.251814e-03 1.382047e-04 9.999660e-01 1.567007e+01
9.999823e-01 -1.812468e-04 -5.938607e-03 2.958797e+01 1.815164e-04 1.000000e+00 4.452866e-05 -1.305619e+00 5.938694e-03 -4.560849e-05 9.999823e-01 1.564455e+01
9.999750e-01 2.042573e-04 7.069680e-03 2.967169e+01 -2.039777e-04 1.000000e+00 -4.054115e-05 -1.309041e+00 -7.069783e-03 3.910073e-05 9.999751e-01 1.547796e+01
9.999649e-01 -2.048843e-04 -8.372823e-03 2.986019e+01 2.051981e-04 1.000000e+00 3.638686e-05 -1.317177e+00 8.372910e-03 -3.810633e-05 9.999649e-01 1.547754e+01
9.999563e-01 2.450171e-04 9.345221e-03 3.021629e+01 -2.440006e-04 1.000000e+00 -1.101109e-04 -1.330589e+00 -9.345343e-03 1.078285e-04 9.999564e-01 1.545360e+01
9.999766e-01 -1.713794e-04 -6.833365e-03 3.060455e+01 1.713643e-04 1.000000e+00 -3.094283e-06 -1.345778e+00 6.833460e-03 1.920558e-06 9.999766e-01 1.556902e+01
9.999646e-01 2.374380e-04 8.412747e-03 3.092666e+01 -2.368694e-04 1.000000e+00 -6.881472e-05 -1.359173e+00 -8.412858e-03 6.682221e-05 9.999647e-01 1.572871e+01
9.999900e-01 -2.076461e-04 -4.466608e-03 3.114795e+01 2.075154e-04 1.000000e+00 -3.015909e-05 -1.369978e+00 4.466709e-03 2.922923e-05 9.999900e-01 1.594572e+01
9.999396e-01 2.422011e-04 1.098756e-02 3.154053e+01 -2.402513e-04 1.000000e+00 -1.789547e-04 -1.385054e+00 -1.098770e-02 1.763068e-04 9.999397e-01 1.602667e+01
9.999723e-01 -1.430786e-04 -7.432508e-03 3.206061e+01 1.429303e-04 1.000000e+00 -2.074785e-05 -1.404648e+00 7.432606e-03 1.968227e-05 9.999723e-01 1.617222e+01
9.999452e-01 2.480518e-04 1.047142e-02 3.250556e+01 -2.468290e-04 1.000000e+00 -1.182591e-04 -1.421928e+00 -1.047154e-02 1.156707e-04 9.999452e-01 1.633253e+01
9.999791e-01 -1.368329e-04 -6.452397e-03 3.298459e+01 1.363989e-04 1.000000e+00 -6.802580e-05 -1.440379e+00 6.452502e-03 6.714161e-05 9.999791e-01 1.651574e+01
9.999681e-01 2.287071e-04 7.983636e-03 3.327005e+01 -2.288273e-04 1.000000e+00 1.388286e-05 -1.454145e+00 -7.983728e-03 -1.570663e-05 9.999682e-01 1.682626e+01
9.999807e-01 -1.803284e-04 -6.197734e-03 3.349800e+01 1.798728e-04 1.000000e+00 -7.438363e-05 -1.465483e+00 6.197843e-03 7.326472e-05 9.999807e-01 1.706852e+01
9.999570e-01 2.773707e-04 9.273228e-03 3.395981e+01 -2.767760e-04 1.000000e+00 -6.562322e-05 -1.482802e+00 -9.273342e-03 6.305646e-05 9.999571e-01 1.714537e+01
9.999876e-01 -1.628330e-04 -4.969526e-03 3.435813e+01 1.623972e-04 1.000000e+00 -8.849233e-05 -1.499339e+00 4.969636e-03 8.768152e-05 9.999876e-01 1.740411e+01
9.998949e-01 1.829809e-04 1.449848e-02 3.474240e+01 -1.804265e-04 1.000000e+00 -1.776329e-04 -1.514629e+00 -1.449861e-02 1.750010e-04 9.998949e-01 1.756713e+01
9.999667e-01 -1.486330e-04 -8.149149e-03 3.496168e+01 1.487080e-04 1.000000e+00 8.344203e-06 -1.526864e+00 8.149244e-03 -9.558447e-06 9.999667e-01 1.789966e+01
9.999399e-01 2.576091e-04 1.096103e-02 3.541633e+01 -2.558956e-04 1.000000e+00 -1.579197e-04 -1.544624e+00 -1.096116e-02 1.551080e-04 9.999400e-01 1.808164e+01
9.999682e-01 -1.382927e-04 -7.969523e-03 3.593021e+01 1.382752e-04 1.000000e+00 -2.999332e-06 -1.563993e+00 7.969620e-03 1.894570e-06 9.999682e-01 1.822548e+01
9.998823e-01 2.057318e-04 1.534024e-02 3.633349e+01 -2.025073e-04 1.000000e+00 -2.118841e-04 -1.579897e+00 -1.534038e-02 2.087553e-04 9.998824e-01 1.841650e+01
9.999697e-01 -1.561926e-04 -7.775071e-03 3.673133e+01 1.558721e-04 1.000000e+00 -4.210411e-05 -1.595755e+00 7.775175e-03 4.088823e-05 9.999697e-01 1.860522e+01
9.998396e-01 2.186925e-04 1.791109e-02 3.726679e+01 -2.135451e-04 9.999999e-01 -2.894176e-04 -1.615351e+00 -1.791125e-02 2.855491e-04 9.998396e-01 1.871520e+01
9.999360e-01 -1.267392e-04 -1.130895e-02 3.762775e+01 1.277319e-04 1.000000e+00 8.686428e-05 -1.630986e+00 1.130903e-02 -8.830593e-05 9.999360e-01 1.900444e+01
9.998447e-01 1.983261e-04 1.762355e-02 3.797444e+01 -1.932925e-04 9.999999e-01 -2.874446e-04 -1.645964e+00 -1.762370e-02 2.839962e-04 9.998447e-01 1.926411e+01
9.998928e-01 -8.292255e-05 -1.464214e-02 3.837827e+01 8.533543e-05 1.000000e+00 1.640152e-04 -1.662582e+00 1.464223e-02 -1.652498e-04 9.998927e-01 1.949843e+01
9.995982e-01 -1.698982e-05 2.834621e-02 3.869241e+01 3.220725e-05 9.999999e-01 -5.364610e-04 -1.676003e+00 -2.834630e-02 5.371612e-04 9.995981e-01 1.967618e+01
9.999248e-01 -5.044051e-05 -1.225854e-02 3.903773e+01 5.138331e-05 1.000000e+00 7.640831e-05 -1.690304e+00 1.225863e-02 -7.703517e-05 9.999248e-01 1.981850e+01
9.997326e-01 4.395442e-05 2.312731e-02 3.930180e+01 -3.535402e-05 9.999999e-01 -3.723780e-04 -1.703553e+00 -2.312742e-02 3.714635e-04 9.997325e-01 2.012120e+01
9.998651e-01 -2.839663e-05 -1.642311e-02 3.957673e+01 3.151368e-05 1.000000e+00 1.893951e-04 -1.715515e+00 1.642321e-02 -1.898898e-04 9.998651e-01 2.028522e+01
9.997562e-01 8.108527e-05 2.208050e-02 3.998257e+01 -7.276475e-05 9.999999e-01 -3.777326e-04 -1.730548e+00 -2.208063e-02 3.760366e-04 9.997562e-01 2.030561e+01
9.998531e-01 -1.410678e-05 -1.713526e-02 4.041521e+01 1.728725e-05 1.000000e+00 1.853237e-04 -1.746372e+00 1.713536e-02 -1.855954e-04 9.998531e-01 2.030237e+01
9.998031e-01 1.352257e-04 1.984726e-02 4.102311e+01 -1.282333e-04 9.999999e-01 -3.536983e-04 -1.768259e+00 -1.984741e-02 3.510863e-04 9.998030e-01 2.033498e+01
9.998804e-01 -1.449250e-05 -1.546250e-02 4.159228e+01 1.656518e-05 1.000000e+00 1.337632e-04 -1.789340e+00 1.546260e-02 -1.340061e-04 9.998804e-01 2.047413e+01
9.997528e-01 1.016285e-04 2.223495e-02 4.211179e+01 -9.333730e-05 9.999999e-01 -3.740327e-04 -1.808211e+00 -2.223508e-02 3.718677e-04 9.997528e-01 2.053068e+01
9.998523e-01 -5.543315e-05 -1.718493e-02 4.233502e+01 5.987821e-05 1.000000e+00 2.580047e-04 -1.819590e+00 1.718502e-02 -2.589983e-04 9.998522e-01 2.079923e+01
9.998616e-01 5.524524e-05 1.664172e-02 4.238917e+01 -5.136354e-05 1.000000e+00 -2.338195e-04 -1.826613e+00 -1.664183e-02 2.329350e-04 9.998615e-01 2.108510e+01
9.998425e-01 -4.304196e-05 -1.774309e-02 4.271408e+01 4.604767e-05 1.000000e+00 1.688568e-04 -1.838845e+00 1.774318e-02 -1.696500e-04 9.998425e-01 2.103147e+01
9.998435e-01 7.009862e-05 1.769188e-02 4.304816e+01 -6.579964e-05 1.000000e+00 -2.437065e-04 -1.851137e+00 -1.769199e-02 2.425070e-04 9.998435e-01 2.092462e+01
9.998324e-01 -4.810735e-05 -1.830492e-02 4.325647e+01 5.251067e-05 1.000000e+00 2.399409e-04 -1.858457e+00 1.830501e-02 -2.408646e-04 9.998324e-01 2.071040e+01
9.998726e-01 5.085232e-05 1.596465e-02 4.352407e+01 -4.722758e-05 1.000000e+00 -2.275722e-04 -1.867973e+00 -1.596476e-02 2.267920e-04 9.998726e-01 2.055269e+01
9.998538e-01 -5.542066e-05 -1.709411e-02 4.374186e+01 5.883799e-05 1.000000e+00 1.992686e-04 -1.876832e+00 1.709420e-02 -2.002480e-04 9.998538e-01 2.051530e+01
9.998808e-01 6.928238e-05 1.544175e-02 4.409627e+01 -6.512450e-05 1.000000e+00 -2.699170e-04 -1.889555e+00 -1.544187e-02 2.688820e-04 9.998808e-01 2.040159e+01
9.998455e-01 -3.675954e-05 -1.757530e-02 4.444941e+01 4.038614e-05 1.000000e+00 2.058541e-04 -1.901910e+00 1.757539e-02 -2.065348e-04 9.998455e-01 2.025144e+01
9.998839e-01 5.460712e-05 1.523806e-02 4.471272e+01 -5.078368e-05 1.000000e+00 -2.514546e-04 -1.911995e+00 -1.523817e-02 2.506544e-04 9.998839e-01 2.019702e+01
9.998840e-01 -3.964697e-05 -1.523035e-02 4.502764e+01 4.246417e-05 1.000000e+00 1.844914e-04 -1.924291e+00 1.523044e-02 -1.851195e-04 9.998839e-01 2.018660e+01
9.999157e-01 4.515413e-05 1.298582e-02 4.533901e+01 -4.209413e-05 1.000000e+00 -2.360960e-04 -1.935915e+00 -1.298593e-02 2.355322e-04 9.999157e-01 2.012369e+01
9.998234e-01 3.272641e-05 -1.879213e-02 4.552125e+01 -2.642691e-05 9.999999e-01 3.353402e-04 -1.944067e+00 1.879224e-02 -3.347871e-04 9.998233e-01 2.017337e+01
9.998697e-01 3.249031e-06 1.614746e-02 4.572833e+01 1.340367e-06 1.000000e+00 -2.843509e-04 -1.954357e+00 -1.614756e-02 2.843382e-04 9.998696e-01 2.039165e+01
9.998999e-01 1.086247e-04 -1.414578e-02 4.622652e+01 -1.066611e-04 1.000000e+00 1.393989e-04 -1.973374e+00 1.414590e-02 -1.378789e-04 9.998999e-01 2.055921e+01
9.998204e-01 3.762316e-05 1.895124e-02 4.673952e+01 -3.120321e-05 9.999999e-01 -3.391799e-04 -1.993681e+00 -1.895135e-02 3.385304e-04 9.998204e-01 2.084740e+01
9.998063e-01 7.639881e-05 -1.967865e-02 4.708376e+01 -6.960625e-05 9.999999e-01 3.457362e-04 -2.009087e+00 1.967877e-02 -3.443023e-04 9.998062e-01 2.114357e+01
9.998080e-01 4.414298e-05 1.959655e-02 4.750138e+01 -3.662921e-05 9.999999e-01 -3.839005e-04 -2.026146e+00 -1.959666e-02 3.831118e-04 9.998080e-01 2.138493e+01
9.998092e-01 4.536434e-05 -1.953169e-02 4.792785e+01 -3.906540e-05 9.999999e-01 3.227569e-04 -2.042894e+00 1.953180e-02 -3.219350e-04 9.998091e-01 2.155469e+01
9.997771e-01 6.692621e-05 2.111292e-02 4.849871e+01 -5.702396e-05 9.999999e-01 -4.697256e-04 -2.063944e+00 -2.111304e-02 4.684197e-04 9.997770e-01 2.166635e+01
9.998103e-01 4.857396e-05 -1.947302e-02 4.903385e+01 -4.222073e-05 9.999999e-01 3.265450e-04 -2.083984e+00 1.947313e-02 -3.256636e-04 9.998103e-01 2.182486e+01
9.998095e-01 3.128915e-05 1.952169e-02 4.938686e+01 -2.406104e-05 9.999999e-01 -3.706146e-04 -2.098525e+00 -1.952180e-02 3.700770e-04 9.998094e-01 2.200277e+01
9.998863e-01 -6.869726e-06 -1.507543e-02 4.964808e+01 1.095630e-05 1.000000e+00 2.708321e-04 -2.108477e+00 1.507553e-02 -2.709692e-04 9.998863e-01 2.197366e+01
9.998626e-01 4.891883e-05 1.658111e-02 4.991460e+01 -4.327358e-05 9.999999e-01 -3.409634e-04 -2.120169e+00 -1.658122e-02 3.402017e-04 9.998625e-01 2.213874e+01
9.999138e-01 2.186138e-05 -1.312419e-02 5.027712e+01 -1.902880e-05 1.000000e+00 2.157684e-04 -2.134843e+00 1.312429e-02 -2.155028e-04 9.999138e-01 2.229725e+01
9.996297e-01 -6.195613e-05 2.721402e-02 5.064342e+01 7.888894e-05 9.999998e-01 -6.212229e-04 -2.150202e+00 -2.721407e-02 6.231425e-04 9.996295e-01 2.250827e+01
9.999844e-01 -6.106325e-05 -5.582059e-03 5.099263e+01 6.091899e-05 1.000000e+00 -2.646364e-05 -2.165180e+00 5.582160e-03 2.612039e-05 9.999844e-01 2.265946e+01
9.996697e-01 -4.594695e-05 2.570164e-02 5.139543e+01 6.042769e-05 9.999998e-01 -5.627381e-04 -2.181295e+00 -2.570171e-02 5.641082e-04 9.996696e-01 2.278110e+01
9.999865e-01 -7.659700e-05 -5.186005e-03 5.174082e+01 7.635359e-05 1.000000e+00 -4.764260e-05 -2.196045e+00 5.186108e-03 4.724318e-05 9.999865e-01 2.293934e+01
9.997336e-01 3.290068e-05 2.308464e-02 5.224400e+01 -2.090356e-05 9.999999e-01 -5.200565e-04 -2.215136e+00 -2.308475e-02 5.194382e-04 9.997334e-01 2.303452e+01
9.999231e-01 -1.096486e-05 -1.239939e-02 5.268169e+01 1.329189e-05 1.000000e+00 1.873692e-04 -2.231968e+00 1.239949e-02 -1.875224e-04 9.999231e-01 2.318852e+01
9.999468e-01 1.907497e-04 1.031440e-02 5.320948e+01 -1.884676e-04 1.000000e+00 -2.224859e-04 -2.251404e+00 -1.031455e-02 2.205329e-04 9.999468e-01 2.326786e+01
9.999828e-01 -3.012670e-04 5.851207e-03 5.372121e+01 3.028306e-04 9.999999e-01 -2.658743e-04 -2.270656e+00 -5.851026e-03 2.676388e-04 9.999828e-01 2.336993e+01
9.998547e-01 2.472984e-04 1.704921e-02 5.413367e+01 -2.394334e-04 9.999999e-01 -4.635158e-04 -2.287534e+00 -1.704943e-02 4.593691e-04 9.998546e-01 2.351417e+01
9.999502e-01 -1.747611e-04 -9.970142e-03 5.454929e+01 1.769283e-04 1.000000e+00 2.161967e-04 -2.304662e+00 9.970204e-03 -2.179528e-04 9.999502e-01 2.378261e+01
9.999068e-01 2.804250e-04 1.365511e-02 5.516838e+01 -2.741411e-04 9.999999e-01 -4.622658e-04 -2.327193e+00 -1.365534e-02 4.584821e-04 9.999067e-01 2.389905e+01
9.998955e-01 -1.725560e-04 -1.445466e-02 5.582052e+01 1.771843e-04 9.999999e-01 3.187146e-04 -2.350308e+00 1.445471e-02 -3.212453e-04 9.998954e-01 2.388596e+01
9.999063e-01 3.052828e-04 1.368687e-02 5.641883e+01 -2.995444e-04 9.999999e-01 -4.215175e-04 -2.372069e+00 -1.368710e-02 4.173810e-04 9.999063e-01 2.395660e+01
9.999050e-01 -1.763640e-04 -1.377603e-02 5.702916e+01 1.802588e-04 9.999999e-01 2.812752e-04 -2.393983e+00 1.377608e-02 -2.837346e-04 9.999050e-01 2.398117e+01
9.998635e-01 3.524257e-04 1.652367e-02 5.763521e+01 -3.449662e-04 9.999998e-01 -4.544612e-04 -2.416621e+00 -1.652393e-02 4.487018e-04 9.998634e-01 2.420319e+01
9.999132e-01 -1.798686e-04 -1.316833e-02 5.821360e+01 1.834728e-04 9.999999e-01 2.722734e-04 -2.438625e+00 1.316838e-02 -2.746686e-04 9.999132e-01 2.445387e+01
9.998848e-01 3.020424e-04 1.517577e-02 5.867081e+01 -2.961082e-04 9.999999e-01 -3.934673e-04 -2.456778e+00 -1.517598e-02 3.889312e-04 9.998848e-01 2.469636e+01
9.998302e-01 -2.028166e-04 -1.842321e-02 5.899836e+01 2.110966e-04 9.999999e-01 4.473283e-04 -2.471127e+00 1.842321e-02 -4.511443e-04 9.998301e-01 2.495198e+01
9.998336e-01 3.207210e-04 1.824259e-02 5.933673e+01 -3.122585e-04 9.999998e-01 -4.668870e-04 -2.486589e+00 -1.824284e-02 4.611157e-04 9.998335e-01 2.527810e+01
9.998465e-01 -1.813602e-04 -1.751611e-02 5.979542e+01 1.880011e-04 9.999999e-01 3.773217e-04 -2.505208e+00 1.751614e-02 -3.805596e-04 9.998465e-01 2.554123e+01
9.998657e-01 3.632935e-04 1.638831e-02 6.033326e+01 -3.568327e-04 9.999999e-01 -3.973264e-04 -2.526224e+00 -1.638855e-02 3.914280e-04 9.998657e-01 2.580747e+01
9.998532e-01 -2.137579e-04 -1.713082e-02 6.071392e+01 2.207528e-04 9.999999e-01 4.062646e-04 -2.543370e+00 1.713083e-02 -4.099894e-04 9.998531e-01 2.616519e+01
9.998748e-01 3.226012e-04 1.582545e-02 6.100308e+01 -3.168840e-04 9.999999e-01 -3.639438e-04 -2.557744e+00 -1.582567e-02 3.588862e-04 9.998748e-01 2.652087e+01
9.998661e-01 -2.116459e-04 -1.636125e-02 6.146923e+01 2.166479e-04 9.999999e-01 3.037748e-04 -2.575663e+00 1.636128e-02 -3.072816e-04 9.998660e-01 2.668407e+01
9.998706e-01 3.329215e-04 1.608368e-02 6.183816e+01 -3.278906e-04 9.999999e-01 -3.156080e-04 -2.591908e+00 -1.608388e-02 3.102963e-04 9.998706e-01 2.698762e+01
9.998678e-01 -1.515813e-04 -1.625734e-02 6.244518e+01 1.556668e-04 1.000000e+00 2.498576e-04 -2.614695e+00 1.625740e-02 -2.523580e-04 9.998678e-01 2.719750e+01
9.998756e-01 2.837665e-04 1.577661e-02 6.305073e+01 -2.786113e-04 9.999999e-01 -3.291308e-04 -2.637138e+00 -1.577680e-02 3.246971e-04 9.998755e-01 2.734021e+01
9.998577e-01 -1.672119e-04 -1.686613e-02 6.338858e+01 1.729668e-04 9.999999e-01 3.395853e-04 -2.652406e+00 1.686617e-02 -3.424570e-04 9.998576e-01 2.764656e+01
9.998811e-01 2.405447e-04 1.542286e-02 6.348112e+01 -2.372541e-04 9.999999e-01 -2.153665e-04 -2.664277e+00 -1.542301e-02 2.116845e-04 9.998811e-01 2.819768e+01
9.998572e-01 -1.318800e-04 -1.689652e-02 6.365439e+01 1.370381e-04 9.999999e-01 3.039543e-04 -2.677495e+00 1.689658e-02 -3.062292e-04 9.998571e-01 2.870274e+01
9.998778e-01 2.104258e-04 1.563413e-02 6.377986e+01 -2.071185e-04 1.000000e+00 -2.133373e-04 -2.689426e+00 -1.563427e-02 2.100759e-04 9.998778e-01 2.920020e+01
9.998522e-01 -1.274111e-04 -1.719080e-02 6.390404e+01 1.329292e-04 9.999999e-01 3.196855e-04 -2.701524e+00 1.719085e-02 -3.219262e-04 9.998521e-01 2.971373e+01
9.998795e-01 2.079342e-04 1.552685e-02 6.401105e+01 -2.051553e-04 1.000000e+00 -1.807415e-04 -2.713810e+00 -1.552699e-02 1.775370e-04 9.998795e-01 3.027268e+01
9.998435e-01 -1.110913e-04 -1.768600e-02 6.420488e+01 1.157977e-04 1.000000e+00 2.649325e-04 -2.726922e+00 1.768607e-02 -2.669418e-04 9.998435e-01 3.073271e+01
9.998905e-01 1.850241e-04 1.480209e-02 6.431887e+01 -1.836098e-04 1.000000e+00 -9.709250e-05 -2.738168e+00 -1.480221e-02 9.436679e-05 9.998905e-01 3.121283e+01
9.998140e-01 -1.001969e-04 -1.928449e-02 6.447162e+01 1.055588e-04 1.000000e+00 2.768808e-04 -2.749791e+00 1.928456e-02 -2.788677e-04 9.998139e-01 3.165421e+01
9.999386e-01 3.269053e-04 1.107940e-02 6.468139e+01 -3.274121e-04 9.999999e-01 4.369742e-05 -2.762091e+00 -1.107948e-02 -4.731956e-05 9.999387e-01 3.203377e+01
9.998610e-01 -1.941723e-04 -1.666693e-02 6.485696e+01 1.967065e-04 1.000000e+00 1.502503e-04 -2.773621e+00 1.666700e-02 -1.535106e-04 9.998610e-01 3.242061e+01
9.999735e-01 4.267169e-04 7.275101e-03 6.500356e+01 -4.282096e-04 9.999999e-01 2.032698e-04 -2.784840e+00 -7.275113e-03 -2.063770e-04 9.999736e-01 3.283486e+01
9.999354e-01 -3.362105e-04 -1.135403e-02 6.510396e+01 3.361993e-04 9.999999e-01 -3.122963e-06 -2.796078e+00 1.135413e-02 -6.971274e-07 9.999355e-01 3.333195e+01
9.999796e-01 8.344970e-04 -6.344338e-03 6.529160e+01 -8.299904e-04 9.999994e-01 7.133361e-04 -2.807529e+00 6.344829e-03 -7.080532e-04 9.999797e-01 3.368378e+01
9.998648e-01 -1.927782e-04 -1.643756e-02 6.545432e+01 1.960533e-04 1.000000e+00 1.974828e-04 -2.817443e+00 1.643762e-02 -2.006814e-04 9.998648e-01 3.395285e+01
9.999798e-01 4.913072e-04 6.338708e-03 6.571421e+01 -4.924782e-04 9.999999e-01 1.827938e-04 -2.830613e+00 -6.338717e-03 -1.859092e-04 9.999799e-01 3.429070e+01
9.999406e-01 -3.139161e-04 -1.088689e-02 6.603691e+01 3.138060e-04 1.000000e+00 -1.203614e-05 -2.845966e+00 1.088699e-02 8.616509e-06 9.999407e-01 3.465783e+01
9.999645e-01 4.372040e-04 8.422902e-03 6.643662e+01 -4.378205e-04 9.999999e-01 7.107364e-05 -2.862987e+00 -8.422970e-03 -7.475631e-05 9.999646e-01 3.494808e+01
9.999442e-01 -3.505376e-04 -1.055381e-02 6.680597e+01 3.501268e-04 9.999999e-01 -4.098668e-05 -2.878664e+00 1.055392e-02 3.728669e-05 9.999443e-01 3.518831e+01
9.999584e-01 4.525401e-04 9.110876e-03 6.723078e+01 -4.529678e-04 9.999999e-01 4.462620e-05 -2.895686e+00 -9.110955e-03 -4.874877e-05 9.999585e-01 3.539343e+01
9.999760e-01 -2.831280e-04 -6.914214e-03 6.781639e+01 2.817623e-04 9.999999e-01 -1.988328e-04 -2.917837e+00 6.914370e-03 1.968774e-04 9.999760e-01 3.562338e+01
9.999532e-01 4.477602e-04 9.670828e-03 6.857765e+01 -4.477350e-04 9.999999e-01 -5.014319e-06 -2.944945e+00 -9.670929e-03 6.866283e-07 9.999533e-01 3.573056e+01
9.999901e-01 -2.542520e-04 -4.443289e-03 6.956807e+01 2.528526e-04 9.999999e-01 -3.160076e-04 -2.978594e+00 4.443468e-03 3.148784e-04 9.999900e-01 3.569967e+01
9.999329e-01 4.268288e-04 1.157895e-02 7.037207e+01 -4.270032e-04 9.999999e-01 1.238773e-05 -3.006739e+00 -1.157904e-02 -1.732863e-05 9.999330e-01 3.580530e+01
9.999782e-01 -2.536625e-04 -6.586545e-03 7.109571e+01 2.519322e-04 9.999999e-01 -2.638892e-04 -3.032595e+00 6.586711e-03 2.622215e-04 9.999782e-01 3.594975e+01
9.999495e-01 4.322592e-04 1.004395e-02 7.161787e+01 -4.335721e-04 9.999999e-01 1.283038e-04 -3.053076e+00 -1.004399e-02 -1.326496e-04 9.999496e-01 3.621622e+01
9.999713e-01 -2.674089e-04 -7.564661e-03 7.216068e+01 2.655515e-04 9.999999e-01 -2.468440e-04 -3.073847e+00 7.564826e-03 2.448256e-04 9.999713e-01 3.642829e+01
9.999574e-01 4.117223e-04 9.228255e-03 7.284683e+01 -4.128136e-04 9.999999e-01 1.160970e-04 -3.098594e+00 -9.228306e-03 -1.198991e-04 9.999575e-01 3.653222e+01
9.999792e-01 -2.448735e-04 -6.431106e-03 7.346590e+01 2.432199e-04 9.999999e-01 -2.582709e-04 -3.121420e+00 6.431268e-03 2.566989e-04 9.999792e-01 3.670804e+01
9.999718e-01 4.570974e-04 7.502888e-03 7.417240e+01 -4.580127e-04 9.999999e-01 1.199642e-04 -3.147512e+00 -7.502932e-03 -1.233948e-04 9.999719e-01 3.694525e+01
9.999803e-01 -2.758397e-04 -6.267044e-03 7.484636e+01 2.743828e-04 9.999999e-01 -2.337051e-04 -3.172124e+00 6.267208e-03 2.319784e-04 9.999803e-01 3.713425e+01
9.999612e-01 3.353870e-04 8.805101e-03 7.524074e+01 -3.366328e-04 9.999999e-01 1.397454e-04 -3.187401e+00 -8.805153e-03 -1.427016e-04 9.999613e-01 3.720925e+01
9.999954e-01 -2.211972e-04 -3.023649e-03 7.573461e+01 2.200950e-04 9.999999e-01 -3.656435e-04 -3.206364e+00 3.023830e-03 3.649738e-04 9.999953e-01 3.739394e+01
9.999862e-01 3.194813e-04 5.243946e-03 7.611722e+01 -3.209224e-04 9.999999e-01 2.735322e-04 -3.221916e+00 -5.243957e-03 -2.752089e-04 9.999863e-01 3.761361e+01
9.999934e-01 -2.168912e-04 -3.607504e-03 7.649234e+01 2.156162e-04 9.999999e-01 -3.544714e-04 -3.237529e+00 3.607680e-03 3.536888e-04 9.999934e-01 3.783266e+01
9.999545e-01 3.760438e-04 9.533943e-03 7.709195e+01 -3.769889e-04 9.999999e-01 9.709045e-05 -3.259825e+00 -9.534006e-03 -1.006777e-04 9.999546e-01 3.804205e+01
9.999741e-01 -2.493946e-04 -7.185448e-03 7.760825e+01 2.478522e-04 9.999999e-01 -2.158731e-04 -3.279514e+00 7.185601e-03 2.140841e-04 9.999741e-01 3.821383e+01
9.999755e-01 3.536400e-04 6.991603e-03 7.817389e+01 -3.546251e-04 9.999999e-01 1.393166e-04 -3.300589e+00 -6.991653e-03 -1.417902e-04 9.999756e-01 3.832682e+01
9.999703e-01 -3.345115e-04 -7.693012e-03 7.851424e+01 3.329858e-04 9.999999e-01 -1.999108e-04 -3.314146e+00 7.693178e-03 1.973408e-04 9.999703e-01 3.839863e+01
9.999739e-01 3.483117e-04 7.223726e-03 7.883769e+01 -3.494213e-04 9.999999e-01 1.520128e-04 -3.327404e+00 -7.223773e-03 -1.545304e-04 9.999739e-01 3.851057e+01
9.999730e-01 -3.226963e-04 -7.333171e-03 7.919286e+01 3.211466e-04 9.999999e-01 -2.128256e-04 -3.341597e+00 7.333339e-03 2.104624e-04 9.999730e-01 3.860471e+01
9.999745e-01 4.072373e-04 7.140246e-03 7.951160e+01 -4.086664e-04 9.999999e-01 1.983504e-04 -3.355665e+00 -7.140265e-03 -2.012608e-04 9.999745e-01 3.884792e+01
9.999743e-01 -3.060128e-04 -7.152610e-03 7.997734e+01 3.042264e-04 9.999999e-01 -2.511840e-04 -3.373828e+00 7.152787e-03 2.489991e-04 9.999743e-01 3.901565e+01
9.999738e-01 3.793411e-04 7.238752e-03 8.032461e+01 -3.809473e-04 9.999999e-01 2.201791e-04 -3.388200e+00 -7.238767e-03 -2.229284e-04 9.999738e-01 3.919529e+01
9.999750e-01 -3.491416e-04 -7.049804e-03 8.066700e+01 3.471560e-04 9.999999e-01 -2.832087e-04 -3.402097e+00 7.050002e-03 2.807518e-04 9.999751e-01 3.929917e+01
9.999745e-01 4.225276e-04 7.135933e-03 8.106838e+01 -4.241445e-04 9.999999e-01 2.247390e-04 -3.418116e+00 -7.135937e-03 -2.277575e-04 9.999746e-01 3.945308e+01
9.999700e-01 -3.324260e-04 -7.738160e-03 8.151034e+01 3.303330e-04 9.999999e-01 -2.720666e-04 -3.435386e+00 7.738350e-03 2.694998e-04 9.999700e-01 3.961818e+01
9.999844e-01 4.794255e-04 5.565482e-03 8.199793e+01 -4.810351e-04 9.999998e-01 2.874455e-04 -3.454764e+00 -5.565444e-03 -2.901158e-04 9.999845e-01 3.988267e+01
9.999700e-01 -2.976537e-04 -7.734230e-03 8.254820e+01 2.955797e-04 9.999999e-01 -2.696054e-04 -3.476053e+00 7.734409e-03 2.673087e-04 9.999700e-01 4.015739e+01
9.999835e-01 4.370038e-04 5.736145e-03 8.301086e+01 -4.386399e-04 9.999999e-01 2.835745e-04 -3.494440e+00 -5.736120e-03 -2.860835e-04 9.999836e-01 4.040730e+01
9.999641e-01 -4.282791e-04 -8.452806e-03 8.346569e+01 4.251637e-04 9.999998e-01 -3.706325e-04 -3.509973e+00 8.453063e-03 3.670230e-04 9.999642e-01 4.021584e+01
9.999842e-01 4.976412e-04 5.612181e-03 8.396314e+01 -4.994812e-04 9.999998e-01 3.260442e-04 -3.525137e+00 -5.612118e-03 -3.288397e-04 9.999843e-01 3.979472e+01
9.999621e-01 -4.455290e-04 -8.693239e-03 8.449640e+01 4.419614e-04 9.999998e-01 -4.125753e-04 -3.543614e+00 8.693521e-03 4.087151e-04 9.999621e-01 3.970113e+01
9.999886e-01 5.377281e-04 4.758509e-03 8.502795e+01 -5.396641e-04 9.999998e-01 4.050679e-04 -3.562505e+00 -4.758390e-03 -4.076288e-04 9.999886e-01 3.970266e+01
9.999514e-01 -4.415181e-04 -9.844494e-03 8.558894e+01 4.372310e-04 9.999998e-01 -4.378642e-04 -3.581177e+00 9.844785e-03 4.335361e-04 9.999514e-01 3.952721e+01
9.999846e-01 5.144378e-04 5.527021e-03 8.621892e+01 -5.164150e-04 9.999998e-01 3.558936e-04 -3.601667e+00 -5.526936e-03 -3.587399e-04 9.999847e-01 3.928139e+01
9.999625e-01 -4.005742e-04 -8.643174e-03 8.699422e+01 3.965222e-04 9.999998e-01 -4.707845e-04 -3.627556e+00 8.643461e-03 4.673371e-04 9.999625e-01 3.913291e+01
9.999796e-01 4.777309e-04 6.370411e-03 8.767316e+01 -4.800628e-04 9.999998e-01 3.641609e-04 -3.650907e+00 -6.370336e-03 -3.672092e-04 9.999797e-01 3.906088e+01
9.999513e-01 -4.490949e-04 -9.858501e-03 8.822603e+01 4.446391e-04 9.999998e-01 -4.543985e-04 -3.668843e+00 9.858803e-03 4.499903e-04 9.999512e-01 3.877897e+01
9.999844e-01 5.198607e-04 5.575010e-03 8.885435e+01 -5.218841e-04 9.999998e-01 3.610815e-04 -3.688522e+00 -5.574920e-03 -3.639829e-04 9.999844e-01 3.840196e+01
9.999424e-01 -4.216827e-04 -1.072125e-02 8.961198e+01 4.168303e-04 9.999998e-01 -4.550394e-04 -3.712630e+00 1.072154e-02 4.505417e-04 9.999424e-01 3.809639e+01
9.999822e-01 5.824778e-04 5.951270e-03 9.034957e+01 -5.851744e-04 9.999997e-01 4.509992e-04 -3.737475e+00 -5.951105e-03 -4.544711e-04 9.999822e-01 3.800677e+01
9.999629e-01 -5.218461e-04 -8.589324e-03 9.105242e+01 5.167838e-04 9.999997e-01 -5.918468e-04 -3.760637e+00 8.589730e-03 5.873835e-04 9.999629e-01 3.777073e+01
9.999811e-01 5.732401e-04 6.129855e-03 9.170118e+01 -5.761672e-04 9.999997e-01 4.753940e-04 -3.780723e+00 -6.129680e-03 -4.789143e-04 9.999812e-01 3.732108e+01
9.999587e-01 -5.018626e-04 -9.067666e-03 9.226932e+01 4.969998e-04 9.999997e-01 -5.387700e-04 -3.797502e+00 9.068033e-03 5.342386e-04 9.999587e-01 3.678950e+01
9.999849e-01 5.415176e-04 5.473315e-03 9.285772e+01 -5.441287e-04 9.999997e-01 4.751595e-04 -3.815522e+00 -5.473156e-03 -4.781280e-04 9.999850e-01 3.633393e+01
9.999674e-01 -5.393609e-04 -8.045864e-03 9.334139e+01 5.352686e-04 9.999997e-01 -5.110438e-04 -3.830848e+00 8.046236e-03 5.067179e-04 9.999674e-01 3.597128e+01
9.999881e-01 5.505704e-04 4.860293e-03 9.389381e+01 -5.527207e-04 9.999998e-01 4.406240e-04 -3.848883e+00 -4.860149e-03 -4.433026e-04 9.999881e-01 3.569667e+01
9.999637e-01 -5.323146e-04 -8.495046e-03 9.446322e+01 5.280056e-04 9.999997e-01 -5.097312e-04 -3.867464e+00 8.495414e-03 5.052248e-04 9.999637e-01 3.543378e+01
9.999855e-01 5.779392e-04 5.354665e-03 9.510898e+01 -5.801247e-04 9.999997e-01 4.061853e-04 -3.887593e+00 -5.354528e-03 -4.092833e-04 9.999856e-01 3.500813e+01
9.999720e-01 -5.343780e-04 -7.456435e-03 9.572464e+01 5.304283e-04 9.999997e-01 -5.319714e-04 -3.907130e+00 7.456816e-03 5.279989e-04 9.999720e-01 3.462083e+01
9.999819e-01 5.616749e-04 5.996103e-03 9.620836e+01 -5.643450e-04 9.999997e-01 4.432318e-04 -3.922994e+00 -5.995952e-03 -4.466051e-04 9.999820e-01 3.432666e+01
