9.999811e-01 3.247345e-04 6.132104e-03 3.031466e-01 -4.013615e-04 9.999218e-01 1.249894e-02 -2.975151e-02 -6.127566e-03 -1.250117e-02 9.999032e-01 1.581612e-01
9.999525e-01 -8.278400e-03 5.137752e-03 5.841503e-01 8.284609e-03 9.999650e-01 -1.188421e-03 -5.755230e-02 -5.127732e-03 1.230932e-03 9.999860e-01 3.074834e-01
9.999585e-01 2.683563e-03 8.704792e-03 8.911593e-01 -2.759801e-03 9.999578e-01 8.757997e-03 -8.906574e-02 -8.680926e-03 -8.781660e-03 9.999239e-01 4.544396e-01
9.999114e-01 1.001153e-02 8.772382e-03 1.219526e+00 -9.984870e-03 9.999454e-01 -3.077774e-03 -1.234158e-01 -8.802712e-03 2.989914e-03 9.999567e-01 6.018698e-01
9.998679e-01 -1.498888e-02 6.290315e-03 1.524844e+00 1.492963e-02 9.998447e-01 9.363245e-03 -1.554400e-01 -6.429690e-03 -9.268101e-03 9.999365e-01 7.430570e-01
9.999382e-01 1.050217e-02 -3.646184e-03 1.866263e+00 -1.057272e-02 9.997461e-01 -1.990087e-02 -1.915369e-01 3.436262e-03 1.993820e-02 9.997952e-01 8.952418e-01
9.998681e-01 -5.217150e-03 1.538161e-02 2.134395e+00 4.808325e-03 9.996373e-01 2.649705e-02 -2.188255e-01 -1.551428e-02 -2.641960e-02 9.995306e-01 1.035070e+00
9.999754e-01 -3.678850e-03 5.968943e-03 2.419655e+00 3.784376e-03 9.998350e-01 -1.776533e-02 -2.478076e-01 -5.902592e-03 1.778749e-02 9.998243e-01 1.171459e+00
9.998604e-01 9.223541e-03 1.393275e-02 2.724469e+00 -9.578454e-03 9.996257e-01 2.562511e-02 -2.789073e-01 -1.369119e-02 -2.575500e-02 9.995746e-01 1.308706e+00
9.999101e-01 -1.307670e-02 2.969164e-03 3.015580e+00 1.313183e-02 9.997260e-01 -1.937683e-02 -3.081502e-01 -2.714952e-03 1.941409e-02 9.998077e-01 1.449052e+00
9.997286e-01 1.340932e-02 1.905121e-02 3.345956e+00 -1.404410e-02 9.993372e-01 3.358571e-02 -3.397655e-01 -1.858824e-02 -3.384416e-02 9.992543e-01 1.609470e+00
9.995874e-01 -2.645595e-02 -1.118144e-02 3.695871e+00 2.625788e-02 9.995019e-01 -1.750476e-02 -3.759352e-01 1.163900e-02 1.720394e-02 9.997842e-01 1.777469e+00
9.990533e-01 3.312878e-02 2.819698e-02 4.008930e+00 -3.391949e-02 9.990311e-01 2.804176e-02 -4.063582e-01 -2.724069e-02 -2.897165e-02 9.992091e-01 1.924576e+00
9.988518e-01 -4.520558e-02 -1.586023e-02 4.305503e+00 4.483109e-02 9.987246e-01 -2.322227e-02 -4.370298e-01 1.688980e-02 2.248458e-02 9.996044e-01 2.066009e+00
9.988088e-01 3.163519e-02 3.715098e-02 4.738819e+00 -3.217090e-02 9.993856e-01 1.391145e-02 -4.822492e-01 -3.668808e-02 -1.509007e-02 9.992129e-01 2.249425e+00
9.996190e-01 3.766059e-03 -2.734331e-02 5.228013e+00 -4.054046e-03 9.999368e-01 -1.048440e-02 -5.314455e-01 2.730212e-02 1.059127e-02 9.995710e-01 2.481279e+00
9.979099e-01 -5.731599e-02 2.984335e-02 5.486840e+00 5.758405e-02 9.983070e-01 -8.200963e-03 -5.600428e-01 -2.932280e-02 9.902315e-03 9.995210e-01 2.690888e+00
9.999283e-01 -1.181535e-02 1.921749e-03 5.882015e+00 1.184497e-02 9.997984e-01 -1.621496e-02 -6.095175e-01 -1.729750e-03 1.623657e-02 9.998666e-01 3.052262e+00
8.434776e-01 2.393069e-01 -4.809134e-01 6.646083e+00 -2.617292e-01 9.649107e-01 2.109950e-02 -6.833079e-01 4.690878e-01 1.080721e-01 8.765143e-01 3.653407e+00
8.276111e-01 -2.478429e-01 5.036207e-01 7.116071e+00 2.320885e-01 9.680444e-01 9.499993e-02 -7.434509e-01 -5.110723e-01 3.826160e-02 8.586856e-01 3.838689e+00
8.312953e-01 2.420515e-01 -5.003591e-01 7.428062e+00 -2.558901e-01 9.657900e-01 4.207115e-02 -7.748748e-01 4.934252e-01 9.306339e-02 8.647954e-01 3.980197e+00
8.183526e-01 -2.604153e-01 5.123309e-01 7.729526e+00 2.407578e-01 9.647976e-01 1.058364e-01 -8.051282e-01 -5.218570e-01 3.673613e-02 8.522415e-01 4.119262e+00
8.293360e-01 2.518580e-01 -4.987679e-01 8.055447e+00 -2.696566e-01 9.622258e-01 3.750906e-02 -8.377845e-01 4.893743e-01 1.033884e-01 8.659237e-01 4.263403e+00
8.178081e-01 -2.655355e-01 5.105690e-01 8.379977e+00 2.409249e-01 9.636729e-01 1.152813e-01 -8.705486e-01 -5.226328e-01 2.873079e-02 8.520735e-01 4.403495e+00
8.330998e-01 2.483502e-01 -4.942336e-01 8.671286e+00 -2.707756e-01 9.622609e-01 2.710162e-02 -8.999901e-01 4.823124e-01 1.112481e-01 8.689067e-01 4.538788e+00
8.193976e-01 -2.752268e-01 5.028298e-01 8.954365e+00 2.470653e-01 9.611024e-01 1.234541e-01 -9.287627e-01 -5.172488e-01 2.307383e-02 8.555239e-01 4.665509e+00
8.300277e-01 2.596882e-01 -4.935747e-01 9.275775e+00 -2.886510e-01 9.572607e-01 1.823639e-02 -9.622031e-01 4.772155e-01 1.273341e-01 8.695123e-01 4.798051e+00
8.152635e-01 -2.871768e-01 5.028667e-01 9.571310e+00 2.495942e-01 9.578308e-01 1.423475e-01 -9.914186e-01 -5.225401e-01 9.461920e-03 8.525621e-01 4.934858e+00
8.297256e-01 2.539688e-01 -4.970466e-01 9.851101e+00 -2.891052e-01 9.572752e-01 6.518727e-03 -1.020042e+00 4.774659e-01 1.382900e-01 8.676995e-01 5.066337e+00
8.162162e-01 -2.936533e-01 4.975529e-01 1.012793e+01 2.526269e-01 9.559057e-01 1.497463e-01 -1.047930e+00 -5.195871e-01 3.469922e-03 8.544103e-01 5.198769e+00
8.295488e-01 2.579768e-01 -4.952745e-01 1.042188e+01 -2.961235e-01 9.551484e-01 1.528871e-03 -1.077816e+00 4.734550e-01 1.453941e-01 8.687353e-01 5.335764e+00
8.163555e-01 -2.931780e-01 4.976046e-01 1.070610e+01 2.475253e-01 9.560440e-01 1.571979e-01 -1.106578e+00 -5.218189e-01 -5.159640e-03 8.530406e-01 5.469401e+00
8.281546e-01 2.518084e-01 -5.007520e-01 1.099768e+01 -2.947282e-01 9.555561e-01 -6.916358e-03 -1.136598e+00 4.767550e-01 1.533135e-01 8.655633e-01 5.609227e+00
8.160308e-01 -2.952550e-01 4.969086e-01 1.126965e+01 2.458456e-01 9.553480e-01 1.639210e-01 -1.164285e+00 -5.231191e-01 -1.160182e-02 8.521805e-01 5.741905e+00
8.288839e-01 2.417664e-01 -5.044805e-01 1.159043e+01 -2.871412e-01 9.578032e-01 -1.276972e-02 -1.196595e+00 4.801057e-01 1.554417e-01 8.633288e-01 5.903820e+00
8.159680e-01 -3.100517e-01 4.879183e-01 1.194474e+01 2.572544e-01 9.505795e-01 1.738353e-01 -1.229724e+00 -5.177030e-01 -1.632489e-02 8.554045e-01 6.110974e+00
8.214468e-01 2.513467e-01 -5.119082e-01 1.231364e+01 -2.977320e-01 9.546066e-01 -9.052041e-03 -1.265316e+00 4.863957e-01 1.598472e-01 8.589926e-01 6.308673e+00
8.117021e-01 -3.038115e-01 4.988369e-01 1.270729e+01 2.508769e-01 9.526228e-01 1.719609e-01 -1.303475e+00 -5.274471e-01 -1.443436e-02 8.494651e-01 6.506691e+00
8.119998e-01 2.547659e-01 -5.251196e-01 1.317085e+01 -2.802328e-01 9.593942e-01 3.212972e-02 -1.343137e+00 5.119823e-01 1.210664e-01 8.504218e-01 6.832691e+00
8.208967e-01 -3.353730e-01 4.622267e-01 1.366065e+01 3.198289e-01 9.405417e-01 1.144153e-01 -1.400688e+00 -4.731152e-01 5.391031e-02 8.793495e-01 7.193470e+00
8.250219e-01 3.213610e-01 -4.648290e-01 1.398621e+01 -3.312622e-01 9.414390e-01 6.291182e-02 -1.432730e+00 4.578256e-01 1.020766e-01 8.831627e-01 7.360951e+00
8.157543e-01 -3.321111e-01 4.735474e-01 1.428822e+01 3.164230e-01 9.415880e-01 1.152756e-01 -1.463432e+00 -4.841709e-01 5.580473e-02 8.731920e-01 7.506467e+00
8.253130e-01 3.241252e-01 -4.623865e-01 1.458927e+01 -3.361357e-01 9.399679e-01 5.893347e-02 -1.492465e+00 4.537303e-01 1.067860e-01 8.847179e-01 7.659242e+00
8.186772e-01 -3.500681e-01 4.552142e-01 1.490580e+01 3.383624e-01 9.345460e-01 1.101572e-01 -1.525853e+00 -4.639812e-01 6.384420e-02 8.835413e-01 7.820557e+00
8.269528e-01 3.451233e-01 -4.438908e-01 1.524103e+01 -3.521662e-01 9.333461e-01 6.959965e-02 -1.558223e+00 4.383242e-01 9.876768e-02 8.933740e-01 7.998730e+00
8.194641e-01 -3.566502e-01 4.486415e-01 1.555767e+01 3.425313e-01 9.323739e-01 1.155471e-01 -1.589162e+00 -4.595115e-01 5.898710e-02 8.862107e-01 8.165916e+00
8.262904e-01 3.402407e-01 -4.488658e-01 1.585811e+01 -3.517144e-01 9.341418e-01 6.063020e-02 -1.620543e+00 4.399331e-01 1.077744e-01 8.915401e-01 8.314959e+00
8.160248e-01 -3.583951e-01 4.534936e-01 1.616681e+01 3.433488e-01 9.317030e-01 1.184949e-01 -1.651587e+00 -4.649893e-01 5.901176e-02 8.833472e-01 8.467552e+00
8.266339e-01 3.502533e-01 -4.404532e-01 1.644803e+01 -3.642111e-01 9.296479e-01 5.572223e-02 -1.679262e+00 4.289832e-01 1.143560e-01 8.960448e-01 8.605687e+00
8.151305e-01 -3.669789e-01 4.482061e-01 1.673775e+01 3.478358e-01 9.287935e-01 1.278785e-01 -1.708949e+00 -4.632196e-01 5.166447e-02 8.847362e-01 8.733404e+00
8.109397e-01 3.707326e-01 -4.526966e-01 1.699410e+01 -3.945385e-01 9.177840e-01 4.485447e-02 -1.733480e+00 4.321066e-01 1.422319e-01 8.905359e-01 8.883634e+00
7.991893e-01 -3.884289e-01 4.587150e-01 1.723628e+01 3.719308e-01 9.190755e-01 1.302603e-01 -1.760593e+00 -4.721906e-01 6.650762e-02 8.789839e-01 9.010694e+00
8.159193e-01 3.523851e-01 -4.583671e-01 1.757534e+01 -3.698453e-01 9.274825e-01 5.468794e-02 -1.797984e+00 4.443987e-01 1.249039e-01 8.870789e-01 9.158184e+00
8.058347e-01 -3.601909e-01 4.699925e-01 1.795058e+01 3.356751e-01 9.317369e-01 1.385225e-01 -1.834724e+00 -4.878039e-01 4.613858e-02 8.717330e-01 9.326045e+00
7.417868e-01 2.213535e-01 -6.330521e-01 1.838362e+01 -2.817410e-01 9.594755e-01 5.357372e-03 -1.904675e+00 6.085839e-01 1.743827e-01 7.740908e-01 9.430357e+00
8.200820e-01 -3.274826e-01 4.692768e-01 1.923624e+01 2.841545e-01 9.448572e-01 1.627916e-01 -2.014055e+00 -4.967109e-01 -1.553023e-04 8.679159e-01 9.730418e+00
8.310885e-01 2.748250e-01 -4.834906e-01 1.958790e+01 -3.090938e-01 9.509866e-01 9.246368e-03 -2.048833e+00 4.623342e-01 1.417594e-01 8.753008e-01 9.918316e+00
8.213845e-01 -3.283516e-01 4.663826e-01 1.994972e+01 2.890772e-01 9.445312e-01 1.558693e-01 -2.084787e+00 -4.916929e-01 6.791951e-03 8.707421e-01 1.010405e+01
8.253998e-01 2.898598e-01 -4.844548e-01 2.031563e+01 -3.227399e-01 9.463466e-01 1.634490e-02 -2.121032e+00 4.631998e-01 1.428618e-01 8.746637e-01 1.030070e+01
8.151776e-01 -3.440789e-01 4.659348e-01 2.067361e+01 3.051461e-01 9.388615e-01 1.594517e-01 -2.155082e+00 -4.923122e-01 1.219678e-02 8.703331e-01 1.049162e+01
8.308976e-01 3.006384e-01 -4.682154e-01 2.100818e+01 -3.337019e-01 9.425885e-01 1.304143e-02 -2.188502e+00 4.452552e-01 1.454082e-01 8.835182e-01 1.064071e+01
8.220649e-01 -3.426719e-01 4.547365e-01 2.130366e+01 3.036390e-01 9.394263e-01 1.590021e-01 -2.219767e+00 -4.816769e-01 7.365660e-03 8.763178e-01 1.077337e+01
8.358575e-01 2.910531e-01 -4.654356e-01 2.159034e+01 -3.241756e-01 9.459506e-01 9.361463e-03 -2.248894e+00 4.430038e-01 1.430580e-01 8.850323e-01 1.092029e+01
8.253107e-01 -3.331049e-01 4.559642e-01 2.189140e+01 2.939734e-01 9.428780e-01 1.567182e-01 -2.278564e+00 -4.821223e-01 4.700156e-03 8.760912e-01 1.107342e+01
8.398750e-01 3.052260e-01 -4.488287e-01 2.219374e+01 -3.438629e-01 9.390071e-01 -4.884971e-03 -2.307778e+00 4.199623e-01 1.584383e-01 8.936046e-01 1.121113e+01
8.276627e-01 -3.618747e-01 4.289768e-01 2.257878e+01 3.275013e-01 9.321408e-01 1.544549e-01 -2.350641e+00 -4.557601e-01 1.265396e-02 8.900126e-01 1.137261e+01
8.282821e-01 3.204602e-01 -4.596238e-01 2.309289e+01 -3.453395e-01 9.379448e-01 3.162457e-02 -2.400825e+00 4.412362e-01 1.325322e-01 8.875506e-01 1.163491e+01
8.199874e-01 -3.940787e-01 4.151176e-01 2.366313e+01 3.677754e-01 9.184694e-01 1.454481e-01 -2.455767e+00 -4.385908e-01 3.340442e-02 8.980657e-01 1.196240e+01
8.301072e-01 3.452769e-01 -4.378423e-01 2.425689e+01 -3.490547e-01 9.341082e-01 7.485144e-02 -2.509464e+00 4.348366e-01 9.069618e-02 8.959305e-01 1.230523e+01
8.143010e-01 -4.050790e-01 4.157221e-01 2.485826e+01 3.924363e-01 9.119314e-01 1.198950e-01 -2.563424e+00 -4.276769e-01 6.551379e-02 9.015543e-01 1.267253e+01
8.253300e-01 3.630635e-01 -4.324527e-01 2.547270e+01 -3.519416e-01 9.296740e-01 1.088276e-01 -2.619336e+00 4.415513e-01 6.237941e-02 8.950650e-01 1.304743e+01
8.094939e-01 -4.113461e-01 4.189440e-01 2.609265e+01 4.153212e-01 9.055410e-01 8.662438e-02 -2.676043e+00 -4.150035e-01 1.038744e-01 9.038706e-01 1.343398e+01
8.098905e-01 3.810783e-01 -4.459336e-01 2.674721e+01 -3.503616e-01 9.239856e-01 1.532883e-01 -2.736341e+00 4.704510e-01 3.209125e-02 8.818425e-01 1.383902e+01
7.951674e-01 -4.203554e-01 4.370472e-01 2.744350e+01 4.374844e-01 8.967601e-01 6.654796e-02 -2.797330e+00 -4.199002e-01 1.382846e-01 8.969732e-01 1.427699e+01
7.836171e-01 4.322562e-01 -4.462049e-01 2.813813e+01 -4.155412e-01 8.986169e-01 1.407595e-01 -2.846100e+00 4.618114e-01 7.511495e-02 8.837919e-01 1.483074e+01
7.653036e-01 -4.712916e-01 4.384000e-01 2.874962e+01 4.758293e-01 8.729114e-01 1.077598e-01 -2.900773e+00 -4.334707e-01 1.261346e-01 8.922965e-01 1.519751e+01
7.733058e-01 4.560265e-01 -4.404974e-01 2.934133e+01 -4.350104e-01 8.870462e-01 1.546443e-01 -2.958086e+00 4.612635e-01 7.203356e-02 8.843344e-01 1.553589e+01
7.550123e-01 -4.789923e-01 4.477976e-01 2.991507e+01 4.906102e-01 8.657523e-01 9.886597e-02 -3.009838e+00 -4.350379e-01 1.450491e-01 8.886521e-01 1.587758e+01
7.636331e-01 4.740636e-01 -4.383244e-01 3.048486e+01 -4.421535e-01 8.786868e-01 1.800274e-01 -3.062254e+00 4.704943e-01 5.633168e-02 8.806032e-01 1.621356e+01
7.486956e-01 -4.823492e-01 4.547462e-01 3.102372e+01 5.101988e-01 8.572598e-01 6.930232e-02 -3.113176e+00 -4.232635e-01 1.801247e-01 8.879205e-01 1.653175e+01
7.411823e-01 5.333351e-01 -4.076794e-01 3.145251e+01 -5.085404e-01 8.425140e-01 1.776425e-01 -3.153928e+00 4.382186e-01 7.565593e-02 8.956790e-01 1.676775e+01
7.314178e-01 -5.100835e-01 4.525957e-01 3.178372e+01 5.333318e-01 8.414753e-01 8.646634e-02 -3.189164e+00 -4.249531e-01 1.781407e-01 8.875137e-01 1.691564e+01
7.422359e-01 5.323097e-01 -4.071023e-01 3.217340e+01 -5.121836e-01 8.423618e-01 1.676145e-01 -3.229093e+00 4.321503e-01 8.410156e-02 8.978715e-01 1.709067e+01
7.451943e-01 -4.920382e-01 4.500932e-01 3.252869e+01 5.077471e-01 8.562126e-01 9.535597e-02 -3.267145e+00 -4.322943e-01 1.574749e-01 8.878756e-01 1.724515e+01
7.613095e-01 5.033989e-01 -4.086532e-01 3.283798e+01 -4.908731e-01 8.592509e-01 1.439842e-01 -3.297486e+00 4.236172e-01 9.098025e-02 9.012609e-01 1.736408e+01
7.158558e-01 -5.265108e-01 4.586249e-01 3.329197e+01 5.482860e-01 8.305644e-01 9.769954e-02 -3.347937e+00 -4.323574e-01 1.815189e-01 8.832428e-01 1.754122e+01
7.169045e-01 5.438629e-01 -4.361893e-01 3.382268e+01 -5.062720e-01 8.362622e-01 2.106042e-01 -3.398309e+00 4.793084e-01 6.984725e-02 8.748628e-01 1.780003e+01
6.907457e-01 -5.368530e-01 4.844164e-01 3.440074e+01 5.822014e-01 8.102177e-01 6.774073e-02 -3.461696e+00 -4.288495e-01 2.352363e-01 8.722109e-01 1.803242e+01
6.664303e-01 6.054976e-01 -4.350211e-01 3.497952e+01 -5.517885e-01 7.929498e-01 2.583798e-01 -3.518675e+00 5.013982e-01 6.784749e-02 8.625524e-01 1.831519e+01
6.581570e-01 -5.705742e-01 4.911969e-01 3.535414e+01 6.102964e-01 7.863703e-01 9.570852e-02 -3.553371e+00 -4.408714e-01 2.367845e-01 8.657744e-01 1.851247e+01
6.951152e-01 5.831219e-01 -4.204566e-01 3.572529e+01 -5.452606e-01 8.088084e-01 2.202723e-01 -3.593477e+00 4.685144e-01 7.614374e-02 8.801685e-01 1.868593e+01
6.873263e-01 -5.552267e-01 4.683010e-01 3.617380e+01 5.931581e-01 8.011706e-01 7.930413e-02 -3.640963e+00 -4.192207e-01 2.232688e-01 8.800028e-01 1.888225e+01
6.937001e-01 6.021152e-01 -3.952688e-01 3.658268e+01 -5.648688e-01 7.952830e-01 2.201096e-01 -3.681338e+00 4.468819e-01 7.058489e-02 8.918041e-01 1.906642e+01
6.777326e-01 -5.686548e-01 4.661654e-01 3.697526e+01 6.034075e-01 7.924098e-01 8.936460e-02 -3.722656e+00 -4.202116e-01 2.207225e-01 8.801725e-01 1.922897e+01
6.762747e-01 6.130159e-01 -4.084899e-01 3.738376e+01 -5.923950e-01 7.821738e-01 1.930604e-01 -3.766473e+00 4.378592e-01 1.114254e-01 8.921120e-01 1.938029e+01
6.772369e-01 -5.747805e-01 4.593230e-01 3.777380e+01 5.889353e-01 7.976807e-01 1.298489e-01 -3.807113e+00 -4.410276e-01 1.825731e-01 8.787272e-01 1.954487e+01
6.781960e-01 5.814635e-01 -4.493891e-01 3.820918e+01 -5.664364e-01 8.032041e-01 1.844258e-01 -3.855253e+00 4.681880e-01 1.294734e-01 8.740920e-01 1.973459e+01
6.730715e-01 -5.935153e-01 4.412645e-01 3.876073e+01 6.050618e-01 7.850017e-01 1.329377e-01 -3.906927e+00 -4.252939e-01 1.775158e-01 8.874757e-01 2.006455e+01
6.853398e-01 5.948970e-01 -4.200083e-01 3.923815e+01 -5.757699e-01 7.957873e-01 1.876474e-01 -3.955342e+00 4.458681e-01 1.132258e-01 8.879086e-01 2.035180e+01
6.841048e-01 -5.680937e-01 4.574606e-01 3.956123e+01 5.829812e-01 8.027926e-01 1.251281e-01 -3.990006e+00 -4.383304e-01 1.810903e-01 8.803821e-01 2.048823e+01
6.869323e-01 5.880618e-01 -4.269747e-01 3.989809e+01 -5.746057e-01 7.992172e-01 1.762958e-01 -4.025723e+00 4.449183e-01 1.242387e-01 8.869118e-01 2.063136e+01
6.819117e-01 -5.788969e-01 4.470735e-01 4.021625e+01 5.880880e-01 7.973689e-01 1.354819e-01 -4.058240e+00 -4.349125e-01 1.705320e-01 8.841775e-01 2.078402e+01
6.921881e-01 5.894515e-01 -4.164404e-01 4.052994e+01 -5.809860e-01 7.974203e-01 1.630220e-01 -4.091387e+00 4.281715e-01 1.291041e-01 8.944280e-01 2.090881e+01
6.813979e-01 -5.951772e-01 4.259824e-01 4.096779e+01 6.078693e-01 7.843644e-01 1.235613e-01 -4.139969e+00 -4.076663e-01 1.747472e-01 8.962541e-01 2.109419e+01
6.887356e-01 6.085724e-01 -3.940596e-01 4.146344e+01 -5.826277e-01 7.880642e-01 1.987457e-01 -4.184350e+00 4.314954e-01 9.270666e-02 8.973391e-01 2.139136e+01
6.777034e-01 -5.920947e-01 4.360527e-01 4.182137e+01 6.067164e-01 7.852883e-01 1.233596e-01 -4.216003e+00 -4.154675e-01 1.809591e-01 8.914260e-01 2.162822e+01
6.694180e-01 6.213295e-01 -4.072213e-01 4.213101e+01 -6.215861e-01 7.686558e-01 1.509931e-01 -4.247799e+00 4.068295e-01 1.520455e-01 9.007619e-01 2.190289e+01
7.570190e-01 -5.714384e-01 3.168285e-01 4.250370e+01 5.752475e-01 8.128373e-01 9.157386e-02 -4.280894e+00 -3.098588e-01 1.129317e-01 9.440518e-01 2.220095e+01
7.700079e-01 5.666764e-01 -2.931991e-01 4.281015e+01 -5.617881e-01 8.200062e-01 1.094712e-01 -4.312232e+00 3.024598e-01 8.042200e-02 9.497634e-01 2.235414e+01
7.675496e-01 -5.597383e-01 3.123470e-01 4.314779e+01 5.597260e-01 8.227489e-01 9.894962e-02 -4.346321e+00 -3.123690e-01 9.888004e-02 9.448006e-01 2.250798e+01
7.753068e-01 5.608262e-01 -2.904710e-01 4.348884e+01 -5.592450e-01 8.233177e-01 9.691730e-02 -4.380077e+00 2.935037e-01 8.730373e-02 9.519631e-01 2.266453e+01
7.662110e-01 -5.660908e-01 3.040754e-01 4.382719e+01 5.655163e-01 8.187438e-01 9.924673e-02 -4.415416e+00 -3.051425e-01 9.591573e-02 9.474640e-01 2.282922e+01
7.685113e-01 5.709517e-01 -2.887986e-01 4.410305e+01 -5.706286e-01 8.157759e-01 9.430125e-02 -4.443034e+00 2.894363e-01 9.232506e-02 9.527344e-01 2.296791e+01
7.598179e-01 -5.801470e-01 2.934388e-01 4.437885e+01 5.765573e-01 8.098573e-01 1.082259e-01 -4.470597e+00 -3.004304e-01 8.695239e-02 9.498319e-01 2.311080e+01
7.639461e-01 5.796729e-01 -2.834884e-01 4.467637e+01 -5.824442e-01 8.085468e-01 8.373054e-02 -4.500355e+00 2.777499e-01 1.011505e-01 9.553134e-01 2.326118e+01
7.717654e-01 -5.655776e-01 2.906891e-01 4.499991e+01 5.600977e-01 8.210358e-01 1.104114e-01 -4.530364e+00 -3.011123e-01 7.760259e-02 9.504257e-01 2.344732e+01
7.798988e-01 5.581026e-01 -2.833361e-01 4.532159e+01 -5.598721e-01 8.244275e-01 8.283989e-02 -4.558062e+00 2.798232e-01 9.402516e-02 9.554362e-01 2.367559e+01
7.757775e-01 -5.606816e-01 2.894916e-01 4.563686e+01 5.553351e-01 8.244945e-01 1.086815e-01 -4.591459e+00 -2.996199e-01 7.645223e-02 9.509904e-01 2.380997e+01
7.827447e-01 5.614332e-01 -2.685209e-01 4.596720e+01 -5.728431e-01 8.186030e-01 4.171365e-02 -4.620962e+00 2.432314e-01 1.211691e-01 9.623703e-01 2.398079e+01
7.945156e-01 -5.726425e-01 2.020534e-01 4.634690e+01 5.600239e-01 8.196249e-01 1.207815e-01 -4.652888e+00 -2.347726e-01 1.719205e-02 9.718982e-01 2.420926e+01
7.936246e-01 5.707298e-01 -2.107784e-01 4.667947e+01 -5.829304e-01 8.125056e-01 5.186802e-03 -4.687249e+00 1.742188e-01 1.187527e-01 9.775202e-01 2.435103e+01
7.887590e-01 -5.850567e-01 1.885944e-01 4.701153e+01 5.696019e-01 8.109898e-01 1.336007e-01 -4.722273e+00 -2.311121e-01 2.045054e-03 9.729249e-01 2.448916e+01
7.930334e-01 5.734393e-01 -2.055856e-01 4.735030e+01 -5.883018e-01 8.085178e-01 -1.414038e-02 -4.756284e+00 1.581109e-01 1.321601e-01 9.785371e-01 2.464373e+01
7.933128e-01 -5.852568e-01 1.677179e-01 4.769636e+01 5.678383e-01 8.106458e-01 1.428742e-01 -4.791472e+00 -2.195779e-01 -1.810722e-02 9.754268e-01 2.479938e+01
7.948485e-01 5.757338e-01 -1.916938e-01 4.801307e+01 -5.911431e-01 8.059927e-01 -3.042355e-02 -4.823111e+00 1.369879e-01 1.375005e-01 9.809832e-01 2.493932e+01
7.862704e-01 -6.034077e-01 1.329583e-01 4.840965e+01 5.895881e-01 7.970604e-01 1.306928e-01 -4.866583e+00 -1.848368e-01 -2.436920e-02 9.824670e-01 2.511922e+01
7.981627e-01 5.788400e-01 -1.669747e-01 4.888133e+01 -5.877725e-01 8.090103e-01 -5.094124e-03 -4.908641e+00 1.321355e-01 1.022090e-01 9.859481e-01 2.540064e+01
7.771906e-01 -6.199550e-01 1.078455e-01 4.934577e+01 6.094825e-01 7.842552e-01 1.160811e-01 -4.951057e+00 -1.565434e-01 -2.448716e-02 9.873674e-01 2.568564e+01
8.008316e-01 5.813310e-01 -1.439547e-01 4.982556e+01 -5.883344e-01 8.085814e-01 -7.664991e-03 -4.995623e+00 1.119432e-01 9.083180e-02 9.895547e-01 2.596839e+01
7.816743e-01 -6.158341e-01 9.865964e-02 5.027540e+01 6.074934e-01 7.876050e-01 1.031023e-01 -5.038138e+00 -1.411987e-01 -2.065732e-02 9.897657e-01 2.623253e+01
7.855021e-01 6.076253e-01 -1.173794e-01 5.056739e+01 -6.137280e-01 7.892225e-01 -2.158062e-02 -5.063816e+00 7.952548e-02 8.899056e-02 9.928527e-01 2.642578e+01
7.747062e-01 -6.250081e-01 9.589143e-02 5.087178e+01 6.171222e-01 7.803899e-01 1.007554e-01 -5.096962e+00 -1.378056e-01 -1.887904e-02 9.902793e-01 2.655556e+01
7.691848e-01 6.286486e-01 -1.146984e-01 5.121784e+01 -6.354460e-01 7.714271e-01 -3.329458e-02 -5.132829e+00 6.755081e-02 9.849423e-02 9.928423e-01 2.669064e+01
7.738224e-01 -6.261544e-01 9.554886e-02 5.159696e+01 6.163755e-01 7.791453e-01 1.140783e-01 -5.172152e+00 -1.458770e-01 -2.938232e-02 9.888662e-01 2.684356e+01
7.621690e-01 6.363518e-01 -1.189743e-01 5.204765e+01 -6.433800e-01 7.649538e-01 -3.012977e-02 -5.212111e+00 7.183666e-02 9.950957e-02 9.924402e-01 2.705463e+01
7.416660e-01 -6.635883e-01 9.788843e-02 5.251553e+01 6.540446e-01 7.478162e-01 1.140024e-01 -5.258866e+00 -1.488531e-01 -2.052825e-02 9.886461e-01 2.728561e+01
7.491432e-01 6.473313e-01 -1.405228e-01 5.285925e+01 -6.578589e-01 7.518840e-01 -4.349841e-02 -5.298916e+00 7.749894e-02 1.250306e-01 9.891215e-01 2.743618e+01
7.493679e-01 -6.550592e-01 9.667044e-02 5.322364e+01 6.407142e-01 7.541850e-01 1.438410e-01 -5.336306e+00 -1.671317e-01 -4.585170e-02 9.848677e-01 2.758478e+01
7.630564e-01 6.202768e-01 -1.816638e-01 5.374306e+01 -6.362314e-01 7.703476e-01 -4.211999e-02 -5.393947e+00 1.138182e-01 1.477200e-01 9.824583e-01 2.780547e+01
8.231577e-01 -5.567750e-01 -1.114138e-01 5.493338e+01 5.503864e-01 8.306224e-01 -8.450514e-02 -5.497523e+00 1.395932e-01 8.240476e-03 9.901746e-01 2.857888e+01
7.978787e-01 5.936651e-01 -1.046490e-01 5.650563e+01 -5.807241e-01 8.035332e-01 1.307439e-01 -5.625086e+00 1.617071e-01 -4.354566e-02 9.858777e-01 2.980951e+01
8.238397e-01 -5.641913e-01 -5.455560e-02 5.803937e+01 5.382317e-01 8.088347e-01 -2.368396e-01 -5.753728e+00 1.777493e-01 1.657544e-01 9.700157e-01 3.099769e+01
8.349461e-01 5.358968e-01 -1.252180e-01 5.967308e+01 -4.668883e-01 8.102228e-01 3.543365e-01 -5.886761e+00 2.913424e-01 -2.373891e-01 9.266964e-01 3.233104e+01
8.383084e-01 -5.332246e-01 1.136244e-01 6.112198e+01 5.291115e-01 7.454609e-01 -4.053751e-01 -6.019671e+00 1.314534e-01 3.999494e-01 9.070614e-01 3.347241e+01
8.259373e-01 5.416906e-01 -1.562013e-01 6.270543e+01 -3.948457e-01 7.535850e-01 5.255535e-01 -6.146764e+00 4.023984e-01 -3.723989e-01 8.362983e-01 3.474242e+01
9.255696e-01 -3.690460e-01 8.441525e-02 6.429780e+01 3.527983e-01 7.599511e-01 -5.459008e-01 -6.270012e+00 1.373110e-01 5.350508e-01 8.335864e-01 3.598602e+01
9.844307e-01 1.680239e-01 5.161536e-02 6.537436e+01 -1.688008e-01 8.218189e-01 5.441691e-01 -6.390806e+00 4.901502e-02 -5.444095e-01 8.373864e-01 3.676257e+01
9.757186e-01 -2.177826e-01 2.332008e-02 6.606395e+01 1.987223e-01 8.354598e-01 -5.123635e-01 -6.452853e+00 9.210078e-02 5.045569e-01 8.584519e-01 3.716478e+01
9.879837e-01 1.265321e-01 8.875711e-02 6.669832e+01 -1.544022e-01 8.338022e-01 5.300319e-01 -6.514807e+00 -6.939753e-03 -5.373672e-01 8.433199e-01 3.753382e+01
9.791526e-01 -2.018883e-01 -2.238937e-02 6.737937e+01 1.609049e-01 8.381767e-01 -5.211232e-01 -6.578597e+00 1.239748e-01 5.066566e-01 8.531877e-01 3.797712e+01
9.870828e-01 1.246355e-01 1.006660e-01 6.794416e+01 -1.592375e-01 8.324010e-01 5.308032e-01 -6.628107e+00 -1.763748e-02 -5.399765e-01 8.414954e-01 3.834907e+01
9.838445e-01 -1.779339e-01 -1.973557e-02 6.845838e+01 1.382292e-01 8.250717e-01 -5.478588e-01 -6.676954e+00 1.137659e-01 5.362799e-01 8.363379e-01 3.867635e+01
9.866158e-01 1.393063e-01 8.475247e-02 6.896576e+01 -1.629595e-01 8.239197e-01 5.427712e-01 -6.722769e+00 5.782321e-03 -5.493180e-01 8.355935e-01 3.906956e+01
9.709619e-01 -2.389830e-01 -1.095617e-02 6.949815e+01 1.948250e-01 8.164704e-01 -5.435249e-01 -6.775752e+00 1.388386e-01 5.256075e-01 8.393215e-01 3.948688e+01
9.866232e-01 1.308587e-01 9.721487e-02 7.007468e+01 -1.629033e-01 8.137611e-01 5.579027e-01 -6.829088e+00 -6.103171e-03 -5.662764e-01 8.241929e-01 3.990075e+01
9.790484e-01 -1.980260e-01 -4.743357e-02 7.061314e+01 1.424839e-01 8.326373e-01 -5.351760e-01 -6.875831e+00 1.454737e-01 5.172048e-01 8.434077e-01 4.025947e+01
9.892751e-01 7.739952e-02 1.238715e-01 7.109569e+01 -1.318769e-01 8.378952e-01 5.296604e-01 -6.925460e+00 -6.279580e-02 -5.403157e-01 8.391161e-01 4.057224e+01
9.823943e-01 -1.668673e-01 -8.400375e-02 7.160711e+01 1.009599e-01 8.525399e-01 -5.128185e-01 -6.971610e+00 1.571891e-01 4.953091e-01 8.543772e-01 4.090087e+01
9.897007e-01 4.757799e-02 1.350149e-01 7.212346e+01 -1.106837e-01 8.524562e-01 5.109478e-01 -7.021314e+00 -9.078430e-02 -5.206293e-01 8.489425e-01 4.121578e+01
9.783983e-01 -1.512282e-01 -1.409496e-01 7.271413e+01 6.523258e-02 8.728212e-01 -4.836607e-01 -7.072895e+00 1.961669e-01 4.640184e-01 8.638318e-01 4.160684e+01
9.861332e-01 -7.295849e-03 1.657955e-01 7.327114e+01 -7.425413e-02 8.740556e-01 4.801179e-01 -7.129101e+00 -1.484173e-01 -4.857713e-01 8.613934e-01 4.196550e+01
9.741233e-01 -1.216974e-01 -1.904559e-01 7.392977e+01 2.151903e-02 8.887720e-01 -4.578440e-01 -7.190124e+00 2.249903e-01 4.418982e-01 8.683924e-01 4.235223e+01
9.800336e-01 -4.575075e-02 1.934971e-01 7.459503e+01 -5.210123e-02 8.800735e-01 4.719706e-01 -7.251937e+00 -1.918846e-01 -4.726285e-01 8.601178e-01 4.275813e+01
9.582075e-01 -1.046926e-01 -2.662289e-01 7.532428e+01 -2.752751e-02 8.925676e-01 -4.500725e-01 -7.320826e+00 2.847465e-01 4.385915e-01 8.523830e-01 4.322112e+01
9.975120e-01 5.337475e-02 -4.605346e-02 7.657299e+01 -2.829452e-02 9.014669e-01 4.319223e-01 -7.420454e+00 6.456948e-02 -4.295447e-01 9.007343e-01 4.408944e+01
9.846677e-01 -1.734639e-01 -1.843336e-02 7.753744e+01 1.477629e-01 8.855719e-01 -4.403730e-01 -7.521511e+00 9.271288e-02 4.308974e-01 8.976256e-01 4.481848e+01
9.922393e-01 9.459493e-02 8.070282e-02 7.809630e+01 -1.212060e-01 8.806773e-01 4.579484e-01 -7.573250e+00 -2.775347e-02 -4.641761e-01 8.853080e-01 4.517279e+01
9.845946e-01 -1.711748e-01 -3.567474e-02 7.866608e+01 1.389256e-01 8.897239e-01 -4.348458e-01 -7.624871e+00 1.061753e-01 4.231907e-01 8.997980e-01 4.552590e+01
9.934417e-01 8.428438e-02 7.726462e-02 7.925171e+01 -1.102742e-01 8.848648e-01 4.526081e-01 -7.679000e+00 -3.022089e-02 -4.581600e-01 8.883559e-01 4.588009e+01
9.853376e-01 -1.596225e-01 -6.025343e-02 7.984011e+01 1.192432e-01 8.968598e-01 -4.259384e-01 -7.731226e+00 1.220282e-01 4.125083e-01 9.027436e-01 4.625350e+01
9.939618e-01 5.339926e-02 9.585674e-02 8.045185e+01 -9.062707e-02 8.920233e-01 4.428107e-01 -7.788350e+00 -6.186063e-02 -4.488241e-01 8.914764e-01 4.664761e+01
9.787076e-01 -1.745249e-01 -1.080394e-01 8.118350e+01 1.109156e-01 8.925629e-01 -4.370687e-01 -7.861121e+00 1.727113e-01 4.157793e-01 8.929157e-01 4.710506e+01
9.952662e-01 4.795920e-02 8.452947e-02 8.205378e+01 -8.028957e-02 8.958327e-01 4.370784e-01 -7.946398e+00 -5.476228e-02 -4.417962e-01 8.954425e-01 4.761755e+01
9.872090e-01 -1.076094e-01 -1.176375e-01 8.296158e+01 4.346863e-02 8.915736e-01 -4.507847e-01 -8.032743e+00 1.533912e-01 4.399053e-01 8.848472e-01 4.807036e+01
9.958396e-01 4.237719e-02 8.067080e-02 8.398819e+01 -7.533890e-02 8.808960e-01 4.672755e-01 -8.124254e+00 -5.126072e-02 -4.714091e-01 8.804237e-01 4.862945e+01
9.881605e-01 -7.630575e-03 -1.532338e-01 8.468752e+01 -6.563410e-02 8.817315e-01 -4.671633e-01 -8.182085e+00 1.386758e-01 4.716897e-01 8.707915e-01 4.916770e+01
9.774842e-01 -1.957201e-01 7.885656e-02 8.512165e+01 1.425801e-01 8.881265e-01 4.369236e-01 -8.242292e+00 -1.555493e-01 -4.158426e-01 8.960354e-01 4.940239e+01
9.772346e-01 1.496363e-01 -1.504044e-01 8.539932e+01 -1.989791e-01 8.924041e-01 -4.049965e-01 -8.269805e+00 7.361931e-02 4.257040e-01 9.018627e-01 4.955313e+01
9.707310e-01 -2.298298e-01 6.971127e-02 8.570335e+01 1.799271e-01 8.881927e-01 4.227766e-01 -8.303748e+00 -1.590837e-01 -3.978594e-01 9.035487e-01 4.971777e+01
9.734395e-01 1.656156e-01 -1.580727e-01 8.612068e+01 -2.145835e-01 9.006878e-01 -3.777767e-01 -8.341281e+00 7.980846e-02 4.016626e-01 9.123036e-01 4.998387e+01
9.701201e-01 -2.287849e-01 8.077401e-02 8.653132e+01 1.744866e-01 8.892000e-01 4.229396e-01 -8.377907e+00 -1.685864e-01 -3.962083e-01 9.025506e-01 5.024260e+01
9.715159e-01 1.324719e-01 -1.964893e-01 8.701882e+01 -2.002782e-01 9.022044e-01 -3.819892e-01 -8.427764e+00 1.266707e-01 4.104611e-01 9.030372e-01 5.053460e+01
9.708833e-01 -2.240721e-01 8.471969e-02 8.769735e+01 1.703507e-01 8.944421e-01 4.134660e-01 -8.487470e+00 -1.684230e-01 -3.869951e-01 9.065696e-01 5.102585e+01
9.750483e-01 1.146230e-01 -1.901116e-01 8.838781e+01 -1.756515e-01 9.220316e-01 -3.449697e-01 -8.549362e+00 1.357475e-01 3.697556e-01 9.191591e-01 5.149345e+01
9.755725e-01 -1.903984e-01 1.095752e-01 8.895551e+01 1.350905e-01 9.133045e-01 3.842207e-01 -8.596717e+00 -1.732305e-01 -3.600326e-01 9.167157e-01 5.192823e+01
9.728855e-01 9.566586e-02 -2.105751e-01 8.938929e+01 -1.641083e-01 9.270840e-01 -3.370216e-01 -8.638363e+00 1.629794e-01 3.624406e-01 9.176462e-01 5.222431e+01
9.700488e-01 -1.945969e-01 1.453870e-01 8.986438e+01 1.264551e-01 9.155765e-01 3.817445e-01 -8.682240e+00 -2.073992e-01 -3.519259e-01 9.127616e-01 5.249009e+01
9.744091e-01 1.060157e-01 -1.982108e-01 9.025818e+01 -1.679395e-01 9.294691e-01 -3.284561e-01 -8.716821e+00 1.494093e-01 3.533380e-01 9.234875e-01 5.275882e+01
9.672735e-01 -1.901612e-01 1.679901e-01 9.057602e+01 1.168913e-01 9.215837e-01 3.701621e-01 -8.746887e+00 -2.252073e-01 -3.384115e-01 9.136516e-01 5.294467e+01
9.687506e-01 1.296502e-01 -2.114549e-01 9.090216e+01 -1.978750e-01 9.180042e-01 -3.436767e-01 -8.777745e+00 1.495588e-01 3.747787e-01 9.149717e-01 5.315351e+01
9.678511e-01 -2.137870e-01 1.325121e-01 9.122407e+01 1.524479e-01 9.176414e-01 3.670069e-01 -8.809918e+00 -2.000599e-01 -3.350069e-01 9.207315e-01 5.336562e+01
9.685404e-01 1.616472e-01 -1.892079e-01 9.158026e+01 -2.185597e-01 9.161058e-01 -3.361275e-01 -8.844455e+00 1.190004e-01 3.669064e-01 9.226151e-01 5.354768e+01
9.610884e-01 -2.567500e-01 1.019241e-01 9.205576e+01 2.047816e-01 9.098347e-01 3.609230e-01 -8.896062e+00 -1.854011e-01 -3.260067e-01 9.270092e-01 5.376736e+01
9.628465e-01 1.755982e-01 -2.051628e-01 9.270082e+01 -2.312893e-01 9.283905e-01 -2.908541e-01 -8.956854e+00 1.393978e-01 3.274999e-01 9.345117e-01 5.413782e+01
9.630916e-01 -2.277508e-01 1.434717e-01 9.318252e+01 1.677413e-01 9.246684e-01 3.418352e-01 -8.998785e+00 -2.105170e-01 -3.051525e-01 9.287435e-01 5.445444e+01
9.645225e-01 1.715544e-01 -2.006624e-01 9.350850e+01 -2.265904e-01 9.279966e-01 -2.957685e-01 -9.031105e+00 1.354736e-01 3.307435e-01 9.339463e-01 5.461322e+01
9.628745e-01 -2.439234e-01 1.156466e-01 9.390753e+01 1.944101e-01 9.238030e-01 3.298377e-01 -9.073164e+00 -1.872898e-01 -2.951094e-01 9.369274e-01 5.480381e+01
9.661745e-01 1.671219e-01 -1.964106e-01 9.438331e+01 -2.175349e-01 9.372000e-01 -2.726436e-01 -9.117320e+00 1.385113e-01 3.061475e-01 9.418537e-01 5.508407e+01
9.598501e-01 -2.548054e-01 1.173112e-01 9.487540e+01 2.050783e-01 9.227537e-01 3.262954e-01 -9.162223e+00 -1.913912e-01 -2.891367e-01 9.379602e-01 5.537803e+01
9.633435e-01 2.034483e-01 -1.748659e-01 9.527822e+01 -2.459483e-01 9.300976e-01 -2.728143e-01 -9.196637e+00 1.071387e-01 3.058219e-01 9.460414e-01 5.564030e+01
9.579227e-01 -2.589258e-01 1.238608e-01 9.559741e+01 2.115484e-01 9.285541e-01 3.050161e-01 -9.227059e+00 -1.939879e-01 -2.659793e-01 9.442583e-01 5.579798e+01
9.555773e-01 2.228018e-01 -1.929545e-01 9.595807e+01 -2.680427e-01 9.291741e-01 -2.545357e-01 -9.261494e+00 1.225773e-01 2.949486e-01 9.476181e-01 5.599009e+01
9.548749e-01 -2.673661e-01 1.293417e-01 9.631503e+01 2.183716e-01 9.271664e-01 3.044282e-01 -9.296656e+00 -2.013150e-01 -2.624463e-01 9.437130e-01 5.615830e+01
9.575762e-01 1.959946e-01 -2.112677e-01 9.676377e+01 -2.471393e-01 9.355776e-01 -2.522233e-01 -9.343128e+00 1.482229e-01 2.937356e-01 9.443248e-01 5.639450e+01
9.436185e-01 -3.082947e-01 1.205759e-01 9.733959e+01 2.582676e-01 9.134727e-01 3.144291e-01 -9.396009e+00 -2.070796e-01 -2.655603e-01 9.415922e-01 5.675156e+01
9.514215e-01 2.068830e-01 -2.280277e-01 9.795793e+01 -2.579825e-01 9.399060e-01 -2.236550e-01 -9.454204e+00 1.680542e-01 2.716173e-01 9.476190e-01 5.711534e+01
9.550918e-01 -2.932387e-01 4.255181e-02 9.938241e+01 2.809005e-01 9.417455e-01 1.849609e-01 -9.612462e+00 -9.431066e-02 -1.647018e-01 9.818242e-01 5.815142e+01
9.963693e-01 5.026261e-02 6.871620e-02 1.007218e+02 -4.122798e-02 9.910330e-01 -1.270968e-01 -9.760469e+00 -7.448824e-02 1.238023e-01 9.895072e-01 5.903425e+01
9.152543e-01 1.534841e-03 -4.028738e-01 1.016322e+02 5.094303e-02 9.915252e-01 1.195105e-01 -9.851513e+00 3.996429e-01 -1.299061e-01 9.074194e-01 5.963856e+01
9.608693e-01 2.533117e-03 2.769904e-01 1.027210e+02 6.918828e-02 9.660685e-01 -2.488464e-01 -9.983167e+00 -2.682221e-01 2.582734e-01 9.280904e-01 6.072283e+01
2.723127e-01 1.012795e-01 -9.568638e-01 1.041182e+02 3.034992e-01 9.346403e-01 1.852997e-01 -1.011432e+01 9.130904e-01 -3.408669e-01 2.237761e-01 6.173787e+01
4.291948e-01 3.715617e-01 8.232459e-01 1.053139e+02 -9.023319e-02 9.245437e-01 -3.702386e-01 -1.023203e+01 -8.986934e-01 8.462037e-02 4.303366e-01 6.241033e+01
3.756779e-01 -9.957078e-02 -9.213858e-01 1.061986e+02 3.712832e-01 9.271074e-01 5.119475e-02 -1.031224e+01 8.491260e-01 -3.613278e-01 3.852627e-01 6.305967e+01
3.987293e-01 3.683134e-01 8.398572e-01 1.067075e+02 -1.107603e-01 9.284431e-01 -3.545778e-01 -1.036002e+01 -9.103555e-01 4.835768e-02 4.109920e-01 6.336729e+01
2.036757e-01 -1.407515e-01 -9.688680e-01 1.076157e+02 3.131635e-01 9.469859e-01 -7.173924e-02 -1.044352e+01 9.276017e-01 -2.888026e-01 2.369562e-01 6.394985e+01
3.687075e-01 3.624547e-01 8.559681e-01 1.088210e+02 -1.709173e-01 9.315806e-01 -3.208500e-01 -1.055150e+01 -9.136969e-01 -2.800000e-02 4.054305e-01 6.469653e+01
-4.240860e-02 -2.486116e-01 -9.676744e-01 1.103352e+02 3.047338e-01 9.191757e-01 -2.495065e-01 -1.068637e+01 9.514930e-01 -3.054643e-01 3.677940e-02 6.570415e+01
1.661354e-01 3.717402e-01 9.133500e-01 1.115398e+02 -3.156809e-01 8.975277e-01 -3.078790e-01 -1.079445e+01 -9.342080e-01 -2.371775e-01 2.664624e-01 6.658196e+01
-1.445564e-01 -3.630237e-01 -9.204984e-01 1.129165e+02 1.983014e-01 9.007686e-01 -3.863842e-01 -1.090936e+01 9.694225e-01 -2.383904e-01 -5.822372e-02 6.769390e+01
7.172584e-02 2.091889e-01 9.752412e-01 1.142981e+02 -4.334825e-01 8.871300e-01 -1.584078e-01 -1.102134e+01 -8.983030e-01 -4.113880e-01 1.543099e-01 6.878960e+01
-9.502234e-02 -4.354886e-01 -8.951650e-01 1.157689e+02 5.775508e-02 8.953076e-01 -4.416886e-01 -1.113190e+01 9.937983e-01 -9.367064e-02 -5.992252e-02 6.990096e+01
-2.634698e-02 4.129081e-02 9.987997e-01 1.169192e+02 -4.544294e-01 8.894473e-01 -4.875734e-02 -1.122345e+01 -8.903930e-01 -4.551686e-01 -4.670501e-03 7.079478e+01
-2.802016e-01 -5.412040e-01 -7.928337e-01 1.183752e+02 -1.595926e-01 8.406887e-01 -5.174678e-01 -1.134673e+01 9.465819e-01 -1.846496e-02 -3.219345e-01 7.199592e+01
5.251901e-02 -1.693620e-01 9.841536e-01 1.200873e+02 -5.214952e-01 8.358077e-01 1.716627e-01 -1.147256e+01 -8.516364e-01 -5.222469e-01 -4.442567e-02 7.339982e+01
-2.070172e-01 -5.140280e-01 -8.324176e-01 1.219651e+02 -1.972124e-01 8.553089e-01 -4.791180e-01 -1.163895e+01 9.582542e-01 6.497733e-02 -2.784363e-01 7.488659e+01
9.490527e-03 -1.932067e-01 9.811122e-01 1.238931e+02 -4.130229e-01 8.927936e-01 1.798097e-01 -1.181017e+01 -9.106712e-01 -4.069283e-01 -7.132569e-02 7.620051e+01
-2.998544e-01 -4.411743e-01 -8.458443e-01 1.256852e+02 -3.140273e-01 8.828762e-01 -3.491657e-01 -1.194822e+01 9.008186e-01 1.609193e-01 -4.032751e-01 7.768965e+01
-1.404012e-01 -2.881753e-01 9.472289e-01 1.271887e+02 -3.183722e-01 9.190351e-01 2.324078e-01 -1.207278e+01 -9.375109e-01 -2.689410e-01 -2.207806e-01 7.870233e+01
-1.867527e-01 -3.650793e-01 -9.120529e-01 1.286413e+02 -3.755722e-01 8.843968e-01 -2.771065e-01 -1.219949e+01 9.077825e-01 2.907913e-01 -3.022771e-01 7.964053e+01
-1.413042e-01 -3.666811e-01 9.195532e-01 1.299442e+02 -2.917798e-01 9.030373e-01 3.152586e-01 -1.231863e+01 -9.459903e-01 -2.237597e-01 -2.345931e-01 8.055744e+01
-2.982585e-01 -2.627728e-01 -9.176014e-01 1.313153e+02 -3.705284e-01 9.178399e-01 -1.424040e-01 -1.242559e+01 8.796310e-01 2.975242e-01 -3.711183e-01 8.133679e+01
-8.041540e-02 -2.889244e-01 9.539686e-01 1.327958e+02 -2.070972e-01 9.410256e-01 2.675471e-01 -1.257330e+01 -9.750098e-01 -1.760493e-01 -1.355084e-01 8.255062e+01
-2.816235e-01 -1.827123e-01 -9.419684e-01 1.341060e+02 -2.236338e-01 9.671660e-01 -1.207393e-01 -1.269285e+01 9.331003e-01 1.766529e-01 -3.132373e-01 8.346661e+01
-1.413505e-01 -2.194130e-01 9.653383e-01 1.354351e+02 -1.028986e-01 9.731033e-01 2.061109e-01 -1.281075e+01 -9.845973e-01 -7.019811e-02 -1.601259e-01 8.438308e+01
-3.469938e-01 -8.776610e-02 -9.337518e-01 1.367198e+02 -2.209648e-01 9.752351e-01 -9.551971e-03 -1.291082e+01 9.114658e-01 2.030118e-01 -3.577937e-01 8.535281e+01
-1.662068e-01 -2.263524e-01 9.597603e-01 1.379606e+02 -5.621873e-02 9.738900e-01 2.199491e-01 -1.300727e+01 -9.844871e-01 -1.739949e-02 -1.745924e-01 8.633458e+01
-3.185579e-01 -7.298979e-02 -9.450891e-01 1.392385e+02 -1.995507e-01 9.798515e-01 -8.412637e-03 -1.311502e+01 9.266609e-01 1.859133e-01 -3.267046e-01 8.734010e+01
-1.587818e-01 -1.950674e-01 9.678518e-01 1.405486e+02 -3.130026e-02 9.807897e-01 1.925401e-01 -1.321907e+01 -9.868174e-01 2.778298e-04 -1.618372e-01 8.834103e+01
-3.808825e-01 -4.505502e-02 -9.235251e-01 1.419450e+02 -1.808940e-01 9.831418e-01 2.664129e-02 -1.333041e+01 9.067557e-01 1.772074e-01 -3.826116e-01 8.947200e+01
-1.278048e-01 -2.029826e-01 9.708058e-01 1.433468e+02 -1.430150e-02 9.791082e-01 2.028358e-01 -1.344059e+01 -9.916962e-01 1.203941e-02 -1.280377e-01 9.050795e+01
-3.938107e-01 -6.975871e-02 -9.165407e-01 1.448291e+02 -2.378511e-01 9.708893e-01 2.830242e-02 -1.356388e+01 8.878851e-01 2.291460e-01 -3.989387e-01 9.164623e+01
-1.806914e-01 -2.540232e-01 9.501699e-01 1.463086e+02 -3.862780e-02 9.671590e-01 2.512194e-01 -1.368490e+01 -9.827810e-01 8.690223e-03 -1.845697e-01 9.273001e+01
-3.301867e-01 -2.379755e-02 -9.436156e-01 1.478445e+02 -3.496327e-01 9.316580e-01 9.884628e-02 -1.379172e+01 8.767746e-01 3.625566e-01 -3.159414e-01 9.377772e+01
-2.595575e-01 -3.151917e-01 9.128440e-01 1.492369e+02 1.069739e-01 9.300387e-01 3.515457e-01 -1.391252e+01 -9.597846e-01 1.888968e-01 -2.076812e-01 9.473586e+01
-4.149260e-01 2.049402e-01 -8.864738e-01 1.504726e+02 -1.658651e-01 9.409385e-01 2.951671e-01 -1.401905e+01 8.946089e-01 2.695076e-01 -3.564274e-01 9.554931e+01
-2.454509e-01 -1.611539e-01 9.559201e-01 1.516997e+02 3.433302e-01 9.077192e-01 2.411846e-01 -1.412440e+01 -9.065750e-01 3.873952e-01 -1.674715e-01 9.640366e+01
-4.202151e-01 3.756992e-01 -8.259960e-01 1.529255e+02 -8.314058e-02 8.904949e-01 4.473328e-01 -1.421774e+01 9.036077e-01 2.566497e-01 -3.429635e-01 9.728049e+01
-1.729648e-01 -9.118839e-02 9.806976e-01 1.542047e+02 4.418450e-01 8.827068e-01 1.600047e-01 -1.431657e+01 -8.802592e-01 4.609915e-01 -1.123861e-01 9.821961e+01
-3.437535e-01 4.831486e-01 -8.052335e-01 1.554994e+02 7.013210e-02 8.683030e-01 4.910516e-01 -1.442326e+01 9.364374e-01 1.123280e-01 -3.323664e-01 9.915566e+01
-1.298376e-01 5.424296e-02 9.900504e-01 1.567465e+02 5.271270e-01 8.494862e-01 2.258700e-02 -1.452935e+01 -8.398091e-01 5.248149e-01 -1.388882e-01 1.001078e+02
