9.573804e-01 7.780615e-02 -2.781529e-01 1.160244e+00 -9.268569e-02 9.948620e-01 -4.072966e-02 -1.023297e-01 2.735547e-01 6.477457e-02 9.596730e-01 7.894416e-01
9.982684e-01 -5.829908e-02 -7.836075e-03 2.737919e+00 5.829929e-02 9.982991e-01 -2.011741e-04 -2.317172e-01 7.834421e-03 -2.560207e-04 9.999692e-01 2.015753e+00
9.525753e-01 5.618799e-02 -2.990706e-01 4.319104e+00 -6.734098e-02 9.973617e-01 -2.710934e-02 -3.600899e-01 2.967584e-01 4.596341e-02 9.538459e-01 3.291907e+00
9.972683e-01 -7.353437e-02 -6.971347e-03 5.880951e+00 7.343108e-02 9.972011e-01 -1.406618e-02 -4.884461e-01 7.986090e-03 1.351583e-02 9.998767e-01 4.571638e+00
9.573284e-01 4.287219e-02 -2.858048e-01 7.368625e+00 -3.944931e-02 9.990643e-01 1.772578e-02 -6.103290e-01 2.862974e-01 -5.694579e-03 9.581240e-01 5.776031e+00
9.990722e-01 -4.236686e-02 7.730782e-03 8.843285e+00 4.266103e-02 9.981641e-01 -4.299417e-02 -7.317178e-01 -5.895158e-03 4.328407e-02 9.990454e-01 6.953462e+00
9.526647e-01 2.657329e-02 -3.028595e-01 1.026833e+01 -2.464858e-02 9.996444e-01 1.017634e-02 -8.467458e-01 3.030223e-01 -2.229572e-03 9.529809e-01 8.110713e+00
9.996579e-01 8.136881e-03 -2.485247e-02 1.175888e+01 -9.579738e-03 9.982414e-01 -5.849998e-02 -9.712182e-01 2.433269e-02 5.871804e-02 9.979780e-01 9.331021e+00
9.843266e-01 -1.502836e-01 -9.228316e-02 1.277533e+01 1.528242e-01 9.880288e-01 2.106938e-02 -1.081411e+00 8.801209e-02 -3.484225e-02 9.955099e-01 1.006224e+01
9.830294e-01 1.731434e-01 -6.061722e-02 1.372223e+01 -1.751824e-01 9.840765e-01 -3.007516e-02 -1.167529e+00 5.444462e-02 4.018383e-02 9.977079e-01 1.061196e+01
9.756697e-01 -2.149085e-01 -4.339523e-02 1.461633e+01 2.154535e-01 9.764793e-01 8.242782e-03 -1.256940e+00 4.060313e-02 -1.739189e-02 9.990240e-01 1.102744e+01
9.777205e-01 2.089652e-01 -1.990122e-02 1.549720e+01 -2.086521e-01 9.778472e-01 1.670904e-02 -1.342350e+00 2.295193e-02 -1.218434e-02 9.996623e-01 1.148285e+01
9.638404e-01 -2.664077e-01 -6.231001e-03 1.616898e+01 2.664702e-01 9.637457e-01 1.370585e-02 -1.405335e+00 2.353782e-03 -1.487063e-02 9.998867e-01 1.187235e+01
9.661548e-01 2.561151e-01 -3.081894e-02 1.680570e+01 -2.553858e-01 9.664974e-01 2.570825e-02 -1.461079e+00 3.637068e-02 -1.696743e-02 9.991943e-01 1.227421e+01
9.655244e-01 -1.703396e-01 -1.968430e-01 1.796124e+01 1.543582e-01 9.835355e-01 -9.397596e-02 -1.551388e+00 2.096099e-01 6.035175e-02 9.759208e-01 1.304363e+01
9.708778e-01 4.954306e-02 2.343963e-01 1.905813e+01 -6.524061e-02 9.960826e-01 5.969245e-02 -1.661759e+00 -2.305207e-01 -7.324623e-02 9.703067e-01 1.383923e+01
9.606048e-01 -1.001589e-01 -2.592426e-01 1.966799e+01 9.295084e-02 9.948690e-01 -3.994694e-02 -1.716676e+00 2.619135e-01 1.427640e-02 9.649858e-01 1.420734e+01
9.658611e-01 5.132251e-02 2.539254e-01 2.026356e+01 -6.355945e-02 9.971673e-01 4.021845e-02 -1.771715e+00 -2.511420e-01 -5.498481e-02 9.663873e-01 1.455082e+01
9.428880e-01 -1.136293e-01 -3.131306e-01 2.085954e+01 1.085963e-01 9.935203e-01 -3.352857e-02 -1.830420e+00 3.149114e-01 -2.391143e-03 9.491181e-01 1.494744e+01
9.760971e-01 2.095600e-01 5.760954e-02 2.182120e+01 -2.103227e-01 9.776037e-01 7.442183e-03 -1.913831e+00 -5.475968e-02 -1.938088e-02 9.983114e-01 1.557770e+01
9.661453e-01 -2.507980e-01 6.052959e-02 2.270392e+01 2.520649e-01 9.676066e-01 -1.416782e-02 -2.005190e+00 -5.501560e-02 2.894557e-02 9.980659e-01 1.623630e+01
9.746337e-01 2.129831e-01 -6.875500e-02 2.323924e+01 -2.092603e-01 9.761667e-01 5.752054e-02 -2.055436e+00 7.936727e-02 -4.167376e-02 9.959740e-01 1.655161e+01
9.713698e-01 -2.256908e-01 7.419340e-02 2.376302e+01 2.273059e-01 9.737230e-01 -1.398697e-02 -2.102842e+00 -6.908711e-02 3.045112e-02 9.971458e-01 1.684978e+01
9.692084e-01 1.780222e-01 -1.701266e-01 2.429526e+01 -1.816308e-01 9.833499e-01 -5.760750e-03 -2.153747e+00 1.662685e-01 3.648361e-02 9.854054e-01 1.720946e+01
9.675507e-01 -2.445542e-01 -6.355426e-02 2.496295e+01 2.442162e-01 9.696316e-01 -1.315427e-02 -2.227314e+00 6.484109e-02 -2.793542e-03 9.978917e-01 1.768411e+01
9.784921e-01 2.049445e-01 2.347003e-02 2.544894e+01 -2.040540e-01 9.783134e-01 -3.556326e-02 -2.273745e+00 -3.024948e-02 3.000921e-02 9.990918e-01 1.795345e+01
9.570834e-01 -2.015726e-01 -2.082310e-01 2.598964e+01 1.859329e-01 9.782139e-01 -9.233869e-02 -2.332837e+00 2.223073e-01 4.965884e-02 9.737112e-01 1.846271e+01
9.265283e-01 7.224916e-02 -3.692225e-01 2.701854e+01 -1.071189e-01 9.914283e-01 -7.480269e-02 -2.466603e+00 3.606533e-01 1.088575e-01 9.263257e-01 1.905945e+01
9.887364e-01 -1.103960e-01 -1.010596e-01 2.837394e+01 9.296714e-02 9.821776e-01 -1.633534e-01 -2.615600e+00 1.172920e-01 1.521183e-01 9.813780e-01 2.010286e+01
9.534151e-01 -4.109508e-02 -2.988492e-01 2.952283e+01 5.195869e-02 9.982426e-01 2.849362e-02 -2.746456e+00 2.971531e-01 -4.269413e-02 9.538748e-01 2.095003e+01
9.974104e-01 5.079127e-02 5.091840e-02 3.051931e+01 -4.656339e-02 9.956230e-01 -8.103500e-02 -2.849057e+00 -5.481145e-02 7.845429e-02 9.954099e-01 2.166736e+01
9.814189e-01 -5.196611e-02 -1.847062e-01 3.127145e+01 6.847714e-02 9.940963e-01 8.416292e-02 -2.920471e+00 1.792422e-01 -9.524731e-02 9.791834e-01 2.219970e+01
9.917545e-01 2.648340e-02 1.253859e-01 3.188773e+01 -1.700712e-02 9.969587e-01 -7.605309e-02 -2.982796e+00 -1.270187e-01 7.329362e-02 9.891888e-01 2.250010e+01
9.859813e-01 -8.614203e-02 -1.429001e-01 3.249556e+01 9.944630e-02 9.910795e-01 8.872334e-02 -3.043764e+00 1.339826e-01 -1.016905e-01 9.857523e-01 2.281969e+01
9.961811e-01 2.658696e-02 8.316515e-02 3.308041e+01 -1.763359e-02 9.941460e-01 -1.065961e-01 -3.108744e+00 -8.551239e-02 1.047226e-01 9.908183e-01 2.309621e+01
9.930650e-01 -5.746653e-02 -1.025644e-01 3.377251e+01 7.040609e-02 9.893539e-01 1.273646e-01 -3.177909e+00 9.415333e-02 -1.337026e-01 9.865387e-01 2.341224e+01
9.973421e-01 3.088983e-02 6.598968e-02 3.435495e+01 -2.271630e-02 9.923678e-01 -1.212032e-01 -3.233170e+00 -6.922999e-02 1.193821e-01 9.904319e-01 2.373533e+01
9.945624e-01 -7.113680e-02 -7.606076e-02 3.493767e+01 8.118528e-02 9.870392e-01 1.384289e-01 -3.287818e+00 6.522757e-02 -1.438513e-01 9.874472e-01 2.405111e+01
9.938071e-01 1.017614e-01 4.463346e-02 3.538834e+01 -9.495056e-02 9.863375e-01 -1.346207e-01 -3.326357e+00 -5.772287e-02 1.295491e-01 9.898915e-01 2.436270e+01
9.794416e-01 -1.254439e-01 -1.579808e-01 3.587386e+01 1.373007e-01 9.882960e-01 6.647841e-02 -3.383240e+00 1.477925e-01 -8.680269e-02 9.852018e-01 2.471241e+01
9.821091e-01 1.223992e-01 1.431087e-01 3.639178e+01 -1.144960e-01 9.914718e-01 -6.224480e-02 -3.429083e+00 -1.495069e-01 4.474590e-02 9.877478e-01 2.502660e+01
9.765994e-01 -1.572414e-01 -1.467271e-01 3.687507e+01 1.659675e-01 9.849041e-01 4.917976e-02 -3.478598e+00 1.367791e-01 -7.238092e-02 9.879536e-01 2.529463e+01
9.791244e-01 1.427946e-01 1.446550e-01 3.738711e+01 -1.351406e-01 9.889175e-01 -6.147500e-02 -3.530059e+00 -1.518301e-01 4.064299e-02 9.875707e-01 2.556138e+01
9.631987e-01 -1.990347e-01 -1.806475e-01 3.789337e+01 2.082554e-01 9.775039e-01 3.340273e-02 -3.583180e+00 1.699353e-01 -6.979435e-02 9.829805e-01 2.583655e+01
9.736589e-01 1.817714e-01 1.376503e-01 3.837733e+01 -1.734695e-01 9.823355e-01 -7.018063e-02 -3.636606e+00 -1.479756e-01 4.445394e-02 9.879915e-01 2.610920e+01
9.721201e-01 -1.503380e-01 -1.799472e-01 3.878684e+01 1.571599e-01 9.872768e-01 2.419100e-02 -3.674742e+00 1.740209e-01 -5.179713e-02 9.833787e-01 2.638727e+01
9.833707e-01 1.325124e-01 1.241876e-01 3.918310e+01 -1.239827e-01 9.895140e-01 -7.409635e-02 -3.720014e+00 -1.327041e-01 5.746713e-02 9.894884e-01 2.665066e+01
9.722492e-01 -1.641616e-01 -1.666810e-01 3.970992e+01 1.757023e-01 9.827958e-01 5.692953e-02 -3.774104e+00 1.544677e-01 -8.463600e-02 9.843660e-01 2.695997e+01
9.720174e-01 1.771496e-01 1.542732e-01 4.016408e+01 -1.693813e-01 9.835842e-01 -6.222708e-02 -3.811412e+00 -1.627642e-01 3.435488e-02 9.860668e-01 2.726147e+01
9.689326e-01 -1.867471e-01 -1.621580e-01 4.052467e+01 1.950454e-01 9.801067e-01 3.671594e-02 -3.847859e+00 1.520756e-01 -6.720353e-02 9.860814e-01 2.747081e+01
9.692984e-01 1.671991e-01 1.802917e-01 4.099088e+01 -1.566061e-01 9.850645e-01 -7.157204e-02 -3.896792e+00 -1.895657e-01 4.113996e-02 9.810059e-01 2.769423e+01
9.606595e-01 -1.943236e-01 -1.984232e-01 4.160466e+01 2.092275e-01 9.762084e-01 5.692897e-02 -3.958695e+00 1.826397e-01 -9.620501e-02 9.784616e-01 2.795866e+01
9.635359e-01 2.078119e-01 1.685611e-01 4.227101e+01 -1.985313e-01 9.775666e-01 -7.034790e-02 -4.019727e+00 -1.793988e-01 3.431816e-02 9.831778e-01 2.829035e+01
9.696342e-01 -1.925533e-01 -1.507741e-01 4.297455e+01 2.019948e-01 9.781152e-01 4.988756e-02 -4.085416e+00 1.378684e-01 -7.882833e-02 9.873086e-01 2.862069e+01
9.623122e-01 2.220087e-01 1.570586e-01 4.375389e+01 -2.123447e-01 9.742304e-01 -7.605843e-02 -4.155448e+00 -1.698969e-01 3.984146e-02 9.846562e-01 2.902595e+01
9.688086e-01 -2.030256e-01 -1.420936e-01 4.451970e+01 2.108466e-01 9.766087e-01 4.217953e-02 -4.225449e+00 1.302063e-01 -7.082393e-02 9.889541e-01 2.940035e+01
9.504340e-01 2.880123e-01 1.171500e-01 4.532415e+01 -2.816541e-01 9.571046e-01 -6.798406e-02 -4.285289e+00 -1.317051e-01 3.161866e-02 9.907846e-01 2.982095e+01
9.548534e-01 -2.735490e-01 -1.158701e-01 4.617676e+01 2.742879e-01 9.615973e-01 -9.831673e-03 -4.370165e+00 1.141098e-01 -2.239405e-02 9.932156e-01 3.032147e+01
9.361033e-01 3.291015e-01 1.241083e-01 4.697932e+01 -3.319501e-01 9.432939e-01 2.418395e-03 -4.425631e+00 -1.162747e-01 -4.346154e-02 9.922658e-01 3.076006e+01
9.508137e-01 -2.857672e-01 -1.195422e-01 4.768173e+01 2.782292e-01 9.575068e-01 -7.595577e-02 -4.486924e+00 1.361681e-01 3.895958e-02 9.899193e-01 3.110802e+01
9.264527e-01 3.540820e-01 1.277159e-01 4.836893e+01 -3.562790e-01 9.343605e-01 -5.987029e-03 -4.549368e+00 -1.214526e-01 -3.995571e-02 9.917928e-01 3.147999e+01
9.326625e-01 -3.510529e-01 -8.308167e-02 4.899425e+01 3.477178e-01 9.361470e-01 -5.216356e-02 -4.609487e+00 9.608882e-02 1.976194e-02 9.951765e-01 3.181745e+01
9.175042e-01 3.873886e-01 9.008966e-02 4.958327e+01 -3.875197e-01 9.217093e-01 -1.674694e-02 -4.668226e+00 -8.952406e-02 -1.954605e-02 9.957929e-01 3.207844e+01
9.251078e-01 -3.743219e-01 -6.370745e-02 5.018412e+01 3.700824e-01 9.264148e-01 -6.924286e-02 -4.732847e+00 8.493864e-02 4.048003e-02 9.955635e-01 3.230519e+01
8.996206e-01 4.278741e-01 8.721502e-02 5.078722e+01 -4.250774e-01 9.038084e-01 -4.939306e-02 -4.786689e+00 -9.995970e-02 7.361970e-03 9.949643e-01 3.257842e+01
9.230495e-01 -3.701649e-01 -1.046786e-01 5.144437e+01 3.688297e-01 9.289266e-01 -3.255673e-02 -4.849702e+00 1.092901e-01 -8.557198e-03 9.939730e-01 3.292175e+01
9.196535e-01 3.837701e-01 8.341449e-02 5.200004e+01 -3.832415e-01 9.233643e-01 -2.290006e-02 -4.906695e+00 -8.581035e-02 -1.090768e-02 9.962518e-01 3.321129e+01
9.259353e-01 -3.690670e-01 -8.020780e-02 5.244018e+01 3.692418e-01 9.292397e-01 -1.318703e-02 -4.949638e+00 7.939917e-02 -1.740583e-02 9.966909e-01 3.342816e+01
9.322691e-01 3.508137e-01 8.834066e-02 5.282329e+01 -3.506153e-01 9.363415e-01 -1.826535e-02 -4.987216e+00 -8.912478e-02 -1.394528e-02 9.959229e-01 3.363500e+01
9.345855e-01 -3.484839e-01 -7.147725e-02 5.316392e+01 3.498018e-01 9.368017e-01 6.426987e-03 -5.019703e+00 6.472030e-02 -3.100953e-02 9.974215e-01 3.382905e+01
9.408677e-01 3.227036e-01 1.031035e-01 5.345697e+01 -3.186909e-01 9.463347e-01 -5.372880e-02 -5.045335e+00 -1.149089e-01 1.769364e-02 9.932185e-01 3.399724e+01
9.437732e-01 -3.033435e-01 -1.314337e-01 5.380663e+01 3.096815e-01 9.503569e-01 3.031591e-02 -5.080426e+00 1.157128e-01 -6.931404e-02 9.908612e-01 3.419512e+01
9.401885e-01 3.096113e-01 1.420791e-01 5.406492e+01 -3.024919e-01 9.505938e-01 -6.978601e-02 -5.106850e+00 -1.566661e-01 2.263431e-02 9.873923e-01 3.430788e+01
9.427165e-01 -3.079388e-01 -1.282940e-01 5.431841e+01 3.150693e-01 9.482637e-01 3.908004e-02 -5.133566e+00 1.096223e-01 -7.726298e-02 9.909658e-01 3.441853e+01
9.376433e-01 3.187954e-01 1.385440e-01 5.457909e+01 -3.098253e-01 9.471918e-01 -8.268002e-02 -5.160927e+00 -1.575858e-01 3.460002e-02 9.868990e-01 3.452797e+01
9.419608e-01 -3.103718e-01 -1.279813e-01 5.481553e+01 3.184863e-01 9.466996e-01 4.823181e-02 -5.186026e+00 1.061901e-01 -8.619286e-02 9.906030e-01 3.463183e+01
9.413911e-01 3.100097e-01 1.329545e-01 5.506034e+01 -2.993502e-01 9.494706e-01 -9.431367e-02 -5.212787e+00 -1.554745e-01 4.898618e-02 9.866246e-01 3.473529e+01
9.392660e-01 -3.179044e-01 -1.292908e-01 5.536092e+01 3.270952e-01 9.432763e-01 5.690801e-02 -5.244902e+00 1.038656e-01 -9.574226e-02 9.899723e-01 3.486243e+01
9.326595e-01 3.356375e-01 1.322638e-01 5.569618e+01 -3.235253e-01 9.403765e-01 -1.049926e-01 -5.279669e+00 -1.596173e-01 5.513179e-02 9.856384e-01 3.499804e+01
9.411887e-01 -3.129512e-01 -1.273788e-01 5.601519e+01 3.229709e-01 9.440306e-01 6.705207e-02 -5.312569e+00 9.926552e-02 -1.042484e-01 9.895850e-01 3.512408e+01
9.362595e-01 3.275123e-01 1.270980e-01 5.633050e+01 -3.139177e-01 9.423555e-01 -1.158522e-01 -5.346184e+00 -1.577145e-01 6.856951e-02 9.851013e-01 3.525466e+01
9.363909e-01 -3.268633e-01 -1.277988e-01 5.666072e+01 3.373628e-01 9.386895e-01 7.105119e-02 -5.383170e+00 9.673940e-02 -1.096463e-01 9.892518e-01 3.538255e+01
9.259735e-01 3.604396e-01 1.125002e-01 5.699389e+01 -3.485444e-01 9.305196e-01 -1.124724e-01 -5.418022e+00 -1.452232e-01 6.493526e-02 9.872658e-01 3.551227e+01
9.287763e-01 -3.505903e-01 -1.202538e-01 5.725127e+01 3.609591e-01 9.292564e-01 7.868299e-02 -5.446174e+00 8.416117e-02 -1.164857e-01 9.896201e-01 3.561185e+01
9.300831e-01 3.505064e-01 1.099572e-01 5.749834e+01 -3.366967e-01 9.330910e-01 -1.263986e-01 -5.473526e+00 -1.469037e-01 8.053903e-02 9.858666e-01 3.570583e+01
9.243099e-01 -3.257991e-01 -1.987615e-01 5.774720e+01 3.362116e-01 9.415713e-01 2.012773e-02 -5.506654e+00 1.805905e-01 -8.543028e-02 9.798411e-01 3.583757e+01
9.532670e-01 2.909650e-01 8.137232e-02 5.799749e+01 -2.783648e-01 9.505337e-01 -1.378364e-01 -5.548628e+00 -1.174527e-01 1.087438e-01 9.871068e-01 3.595644e+01
9.503304e-01 -2.942618e-01 -1.014004e-01 5.829172e+01 3.046538e-01 9.461423e-01 1.095479e-01 -5.580986e+00 6.370350e-02 -1.349988e-01 9.887958e-01 3.608071e+01
9.462622e-01 3.031638e-01 1.126032e-01 5.867009e+01 -2.860274e-01 9.470245e-01 -1.460584e-01 -5.618782e+00 -1.509177e-01 1.060020e-01 9.828467e-01 3.623119e+01
9.428513e-01 -2.987282e-01 -1.476244e-01 5.906592e+01 3.152884e-01 9.431514e-01 1.051600e-01 -5.663829e+00 1.078179e-01 -1.456946e-01 9.834370e-01 3.639392e+01
9.249649e-01 3.542044e-01 1.377651e-01 5.940658e+01 -3.214823e-01 9.225407e-01 -2.134663e-01 -5.691697e+00 -2.027047e-01 1.531598e-01 9.671882e-01 3.657268e+01
9.149880e-01 -3.236303e-01 -2.409571e-01 5.969004e+01 3.590139e-01 9.255656e-01 1.201551e-01 -5.728460e+00 1.841358e-01 -1.964475e-01 9.630692e-01 3.673506e+01
8.979302e-01 3.713232e-01 2.363058e-01 6.000144e+01 -3.310186e-01 9.235804e-01 -1.934578e-01 -5.748992e+00 -2.900828e-01 9.549008e-02 9.522257e-01 3.695833e+01
8.833246e-01 -3.465744e-01 -3.156324e-01 6.036550e+01 3.915570e-01 9.157095e-01 9.032791e-02 -5.785151e+00 2.577223e-01 -2.033770e-01 9.445724e-01 3.722733e+01
9.011279e-01 3.644140e-01 2.348851e-01 6.075445e+01 -3.210381e-01 9.249674e-01 -2.033959e-01 -5.827230e+00 -2.913814e-01 1.078788e-01 9.505047e-01 3.747230e+01
9.043958e-01 -3.111831e-01 -2.919473e-01 6.111916e+01 3.533651e-01 9.297227e-01 1.036758e-01 -5.869625e+00 2.391679e-01 -1.969281e-01 9.507986e-01 3.766654e+01
9.031624e-01 3.520345e-01 2.457019e-01 6.150280e+01 -3.076337e-01 9.299154e-01 -2.015415e-01 -5.910255e+00 -2.994315e-01 1.064386e-01 9.481623e-01 3.782449e+01
9.087910e-01 -2.935899e-01 -2.964858e-01 6.189165e+01 3.389293e-01 9.338612e-01 1.141493e-01 -5.949212e+00 2.433635e-01 -2.042257e-01 9.481909e-01 3.800440e+01
9.065784e-01 3.400412e-01 2.499750e-01 6.227284e+01 -2.929543e-01 9.333950e-01 -2.072476e-01 -5.989589e+00 -3.037982e-01 1.146550e-01 9.458124e-01 3.818272e+01
9.022825e-01 -2.950477e-01 -3.143772e-01 6.268129e+01 3.441534e-01 9.320938e-01 1.129580e-01 -6.031586e+00 2.597011e-01 -2.101141e-01 9.425536e-01 3.838025e+01
9.071242e-01 3.291275e-01 2.622992e-01 6.309660e+01 -2.804485e-01 9.374227e-01 -2.063672e-01 -6.073632e+00 -3.138064e-01 1.136394e-01 9.426621e-01 3.858679e+01
9.032670e-01 -2.820768e-01 -3.233286e-01 6.355271e+01 3.316829e-01 9.370612e-01 1.090993e-01 -6.121868e+00 2.722044e-01 -2.057884e-01 9.399765e-01 3.878470e+01
9.033265e-01 3.328903e-01 2.705279e-01 6.402649e+01 -2.850389e-01 9.371246e-01 -2.013712e-01 -6.170180e+00 -3.205529e-01 1.047930e-01 9.414162e-01 3.900670e+01
8.980815e-01 -2.912736e-01 -3.295591e-01 6.446512e+01 3.429593e-01 9.328760e-01 1.100962e-01 -6.214556e+00 2.753697e-01 -2.119008e-01 9.376937e-01 3.923074e+01
9.033462e-01 3.419261e-01 2.589444e-01 6.489918e+01 -2.965019e-01 9.340637e-01 -1.990270e-01 -6.257320e+00 -3.099231e-01 1.030128e-01 9.451646e-01 3.944779e+01
9.022671e-01 -2.963401e-01 -3.132037e-01 6.533720e+01 3.453415e-01 9.315996e-01 1.134082e-01 -6.299258e+00 2.581730e-01 -2.104868e-01 9.428902e-01 3.968519e+01
9.143588e-01 3.152362e-01 2.541144e-01 6.571782e+01 -2.703776e-01 9.425202e-01 -1.963460e-01 -6.333847e+00 -3.014033e-01 1.108239e-01 9.470344e-01 3.996209e+01
8.791520e-01 -3.178650e-01 -3.550402e-01 6.607446e+01 3.704767e-01 9.245027e-01 8.967501e-02 -6.375131e+00 2.997311e-01 -2.103722e-01 9.305400e-01 4.022403e+01
9.016551e-01 3.326701e-01 2.763128e-01 6.651429e+01 -2.887879e-01 9.387759e-01 -1.878869e-01 -6.417923e+00 -3.219001e-01 8.961349e-02 9.425231e-01 4.049565e+01
8.920161e-01 -2.985158e-01 -3.394048e-01 6.691888e+01 3.509280e-01 9.306333e-01 1.037836e-01 -6.453706e+00 2.848804e-01 -2.116834e-01 9.348974e-01 4.077727e+01
9.012398e-01 3.263253e-01 2.850942e-01 6.733719e+01 -2.805737e-01 9.408464e-01 -1.899647e-01 -6.492365e+00 -3.302201e-01 9.121395e-02 9.394865e-01 4.103608e+01
8.864871e-01 -3.097280e-01 -3.438156e-01 6.776838e+01 3.619488e-01 9.270184e-01 9.813225e-02 -6.534191e+00 2.883290e-01 -2.114367e-01 9.338955e-01 4.129580e+01
8.913091e-01 3.363415e-01 3.040436e-01 6.814834e+01 -2.886465e-01 9.380777e-01 -1.915555e-01 -6.567101e+00 -3.496446e-01 8.297412e-02 9.332010e-01 4.153795e+01
8.898081e-01 -2.924733e-01 -3.502870e-01 6.849675e+01 3.439462e-01 9.343133e-01 9.359275e-02 -6.601180e+00 2.999044e-01 -2.037595e-01 9.319546e-01 4.172722e+01
8.947987e-01 3.305926e-01 3.000732e-01 6.884460e+01 -2.816757e-01 9.394692e-01 -1.950806e-01 -6.635348e+00 -3.464017e-01 9.003463e-02 9.337557e-01 4.191907e+01
8.899048e-01 -2.907915e-01 -3.514396e-01 6.917548e+01 3.444441e-01 9.334875e-01 9.979586e-02 -6.667383e+00 2.990447e-01 -2.098602e-01 9.308764e-01 4.211831e+01
8.919142e-01 3.329394e-01 3.060072e-01 6.951445e+01 -2.821590e-01 9.385539e-01 -1.987534e-01 -6.699058e+00 -3.533771e-01 9.092839e-02 9.310515e-01 4.232024e+01
8.907916e-01 -2.942921e-01 -3.462404e-01 6.983192e+01 3.480562e-01 9.317409e-01 1.035164e-01 -6.727982e+00 2.921423e-01 -2.127228e-01 9.324172e-01 4.255208e+01
9.085725e-01 3.258739e-01 2.613469e-01 7.014413e+01 -2.804765e-01 9.395442e-01 -1.964426e-01 -6.759813e+00 -3.095625e-01 1.051808e-01 9.450440e-01 4.279119e+01
8.989439e-01 -2.971686e-01 -3.218550e-01 7.048909e+01 3.480528e-01 9.306594e-01 1.128370e-01 -6.793243e+00 2.660058e-01 -2.134567e-01 9.400410e-01 4.301721e+01
9.240954e-01 3.117240e-01 2.210788e-01 7.085847e+01 -2.714401e-01 9.426019e-01 -1.944786e-01 -6.831823e+00 -2.690130e-01 1.197072e-01 9.556685e-01 4.327406e+01
9.104322e-01 -2.879087e-01 -2.970215e-01 7.133740e+01 3.371036e-01 9.325372e-01 1.293659e-01 -6.877837e+00 2.397380e-01 -2.179059e-01 9.460669e-01 4.353978e+01
9.259345e-01 3.016794e-01 2.272333e-01 7.186054e+01 -2.605816e-01 9.457941e-01 -1.938321e-01 -6.927358e+00 -2.733910e-01 1.202631e-01 9.543554e-01 4.384175e+01
9.168745e-01 -2.846662e-01 -2.798328e-01 7.242919e+01 3.316980e-01 9.333323e-01 1.373578e-01 -6.980809e+00 2.220758e-01 -2.187599e-01 9.501717e-01 4.418093e+01
9.344430e-01 2.932360e-01 2.020615e-01 7.299910e+01 -2.547030e-01 9.468930e-01 -1.962654e-01 -7.035779e+00 -2.488827e-01 1.319333e-01 9.595057e-01 4.450352e+01
9.236323e-01 -2.729940e-01 -2.690309e-01 7.356993e+01 3.176180e-01 9.380367e-01 1.385857e-01 -7.090255e+00 2.145278e-01 -2.134514e-01 9.531087e-01 4.481983e+01
9.364186e-01 2.911779e-01 1.957947e-01 7.411091e+01 -2.561510e-01 9.486341e-01 -1.856880e-01 -7.140830e+00 -2.398058e-01 1.237287e-01 9.629042e-01 4.512568e+01
9.203541e-01 -2.880241e-01 -2.645570e-01 7.460313e+01 3.311147e-01 9.338530e-01 1.352093e-01 -7.186721e+00 2.081137e-01 -2.120393e-01 9.548444e-01 4.546178e+01
9.500160e-01 2.777490e-01 1.425663e-01 7.508237e+01 -2.507206e-01 9.508487e-01 -1.817306e-01 -7.235361e+00 -1.860344e-01 1.369028e-01 9.729589e-01 4.580966e+01
9.323938e-01 -2.864942e-01 -2.203699e-01 7.564846e+01 3.229954e-01 9.340730e-01 1.522549e-01 -7.288264e+00 1.622214e-01 -2.131400e-01 9.634601e-01 4.615516e+01
9.513007e-01 2.783133e-01 1.325472e-01 7.622036e+01 -2.526858e-01 9.503068e-01 -1.818433e-01 -7.342195e+00 -1.765699e-01 1.394949e-01 9.743533e-01 4.650822e+01
9.356225e-01 -2.867217e-01 -2.059157e-01 7.678305e+01 3.213423e-01 9.332416e-01 1.606214e-01 -7.393374e+00 1.461154e-01 -2.164505e-01 9.652975e-01 4.685727e+01
9.547508e-01 2.726839e-01 1.187204e-01 7.735585e+01 -2.483773e-01 9.506344e-01 -1.860189e-01 -7.446878e+00 -1.635840e-01 1.481143e-01 9.753474e-01 4.720627e+01
9.400288e-01 -2.796282e-01 -1.953302e-01 7.796139e+01 3.129272e-01 9.348644e-01 1.676454e-01 -7.502515e+00 1.357289e-01 -2.187157e-01 9.663027e-01 4.756844e+01
9.577008e-01 2.674316e-01 1.062519e-01 7.853638e+01 -2.453102e-01 9.517453e-01 -1.844011e-01 -7.555664e+00 -1.504394e-01 1.505365e-01 9.770910e-01 4.793226e+01
9.314885e-01 -2.936794e-01 -2.146663e-01 7.915846e+01 3.284616e-01 9.326325e-01 1.493635e-01 -7.615840e+00 1.563397e-01 -2.096401e-01 9.651988e-01 4.831540e+01
9.464715e-01 2.858954e-01 1.498518e-01 7.977755e+01 -2.573168e-01 9.485547e-01 -1.844778e-01 -7.671866e+00 -1.948840e-01 1.360437e-01 9.713457e-01 4.871063e+01
9.217999e-01 -2.941230e-01 -2.525404e-01 8.041244e+01 3.362516e-01 9.308089e-01 1.432818e-01 -7.730924e+00 1.929243e-01 -2.169943e-01 9.569188e-01 4.909922e+01
9.448927e-01 2.855638e-01 1.600974e-01 8.103338e+01 -2.570183e-01 9.499626e-01 -1.775183e-01 -7.787919e+00 -2.027792e-01 1.265879e-01 9.710078e-01 4.947837e+01
9.097539e-01 -3.121763e-01 -2.736672e-01 8.166850e+01 3.545763e-01 9.271510e-01 1.211057e-01 -7.851906e+00 2.159244e-01 -2.072123e-01 9.541696e-01 4.983941e+01
9.362797e-01 3.026649e-01 1.782536e-01 8.235240e+01 -2.758541e-01 9.477411e-01 -1.602849e-01 -7.915506e+00 -2.174508e-01 1.008996e-01 9.708422e-01 5.024005e+01
8.873265e-01 -2.797100e-01 -3.666252e-01 8.318860e+01 3.155015e-01 9.480697e-01 4.028167e-02 -7.992955e+00 3.363189e-01 -1.514138e-01 9.294963e-01 5.083690e+01
9.083963e-01 2.520536e-01 3.335946e-01 8.380939e+01 -2.149077e-01 9.658736e-01 -1.445784e-01 -8.052397e+00 -3.586516e-01 5.964244e-02 9.315642e-01 5.127161e+01
9.139093e-01 -2.300730e-01 -3.344192e-01 8.401227e+01 2.693060e-01 9.600952e-01 7.544227e-02 -8.074969e+00 3.037169e-01 -1.590085e-01 9.393999e-01 5.136150e+01
9.074147e-01 2.533179e-01 3.353038e-01 8.419937e+01 -2.108968e-01 9.646479e-01 -1.580409e-01 -8.094422e+00 -3.634846e-01 7.269414e-02 9.287597e-01 5.145634e+01
9.125481e-01 -2.181782e-01 -3.459107e-01 8.439847e+01 2.628945e-01 9.608486e-01 8.750155e-02 -8.114487e+00 3.132768e-01 -1.707874e-01 9.341783e-01 5.156810e+01
9.103191e-01 2.431641e-01 3.349484e-01 8.463958e+01 -1.971921e-01 9.662825e-01 -1.655703e-01 -8.137954e+00 -3.639154e-01 8.467264e-02 9.275755e-01 5.171571e+01
9.133191e-01 -2.045222e-01 -3.521630e-01 8.490358e+01 2.544816e-01 9.617422e-01 1.014453e-01 -8.163469e+00 3.179421e-01 -1.822709e-01 9.304246e-01 5.186581e+01
9.153498e-01 2.280377e-01 3.318640e-01 8.518003e+01 -1.761831e-01 9.679182e-01 -1.791478e-01 -8.192942e+00 -3.620695e-01 1.055141e-01 9.261601e-01 5.201244e+01
9.172566e-01 -1.811412e-01 -3.547227e-01 8.548138e+01 2.340565e-01 9.657420e-01 1.120712e-01 -8.224548e+00 3.222698e-01 -1.858232e-01 9.282304e-01 5.215585e+01
9.136016e-01 2.133532e-01 3.461397e-01 8.572545e+01 -1.582897e-01 9.707440e-01 -1.805560e-01 -8.250071e+00 -3.745351e-01 1.101659e-01 9.206449e-01 5.225751e+01
9.197040e-01 -1.687646e-01 -3.544898e-01 8.598943e+01 2.218987e-01 9.682977e-01 1.147194e-01 -8.280893e+00 3.238910e-01 -1.841687e-01 9.279959e-01 5.235616e+01
9.108162e-01 2.156035e-01 3.520356e-01 8.624895e+01 -1.568178e-01 9.695555e-01 -1.880701e-01 -8.308278e+00 -3.818665e-01 1.160919e-01 9.168973e-01 5.246838e+01
9.211884e-01 -1.593245e-01 -3.550038e-01 8.650108e+01 2.162762e-01 9.680708e-01 1.267417e-01 -8.335539e+00 3.234757e-01 -1.935319e-01 9.262336e-01 5.256660e+01
9.153706e-01 2.075494e-01 3.449928e-01 8.680771e+01 -1.426962e-01 9.685064e-01 -2.040420e-01 -8.370602e+00 -3.764765e-01 1.375449e-01 9.161588e-01 5.269009e+01
9.282051e-01 -1.155863e-01 -3.536595e-01 8.716459e+01 1.744753e-01 9.747518e-01 1.393458e-01 -8.406827e+00 3.286237e-01 -1.910464e-01 9.249365e-01 5.286256e+01
9.189274e-01 1.717422e-01 3.550735e-01 8.738097e+01 -1.074576e-01 9.751824e-01 -1.935775e-01 -8.429378e+00 -3.795068e-01 1.397283e-01 9.145768e-01 5.295447e+01
9.259739e-01 -1.076655e-01 -3.619122e-01 8.764364e+01 1.684236e-01 9.756238e-01 1.406828e-01 -8.458550e+00 3.379433e-01 -1.912232e-01 9.215356e-01 5.307784e+01
9.196388e-01 1.602961e-01 3.585661e-01 8.788629e+01 -9.875961e-02 9.779703e-01 -1.839036e-01 -8.482009e+00 -3.801460e-01 1.337131e-01 9.152103e-01 5.321018e+01
9.306353e-01 -9.350958e-02 -3.537991e-01 8.813031e+01 1.537722e-01 9.772306e-01 1.462000e-01 -8.506734e+00 3.320721e-01 -1.904634e-01 9.238245e-01 5.333285e+01
9.248682e-01 1.479514e-01 3.503274e-01 8.835811e+01 -8.582002e-02 9.786533e-01 -1.867422e-01 -8.531051e+00 -3.704777e-01 1.426469e-01 9.178226e-01 5.345433e+01
9.296232e-01 -8.253300e-02 -3.591505e-01 8.855944e+01 1.471228e-01 9.766797e-01 1.563704e-01 -8.550950e+00 3.378692e-01 -1.982048e-01 9.200865e-01 5.357794e+01
9.216911e-01 1.393562e-01 3.620295e-01 8.872627e+01 -7.272022e-02 9.787713e-01 -1.916205e-01 -8.567235e+00 -3.810475e-01 1.502881e-01 9.122590e-01 5.370073e+01
9.271344e-01 -9.298727e-02 -3.630084e-01 8.896686e+01 1.570705e-01 9.759496e-01 1.511661e-01 -8.591744e+00 3.402213e-01 -1.971693e-01 9.194420e-01 5.383351e+01
9.201324e-01 1.646256e-01 3.553236e-01 8.930194e+01 -9.520451e-02 9.741621e-01 -2.048029e-01 -8.629166e+00 -3.798585e-01 1.546174e-01 9.120313e-01 5.397042e+01
9.225448e-01 -8.521934e-02 -3.763624e-01 8.965146e+01 1.545513e-01 9.752676e-01 1.580097e-01 -8.665000e+00 3.535885e-01 -2.039383e-01 9.128988e-01 5.413246e+01
9.236326e-01 1.527434e-01 3.515286e-01 9.000556e+01 -8.483120e-02 9.758822e-01 -2.011408e-01 -8.701893e+00 -3.737734e-01 1.559596e-01 9.143141e-01 5.430020e+01
9.253141e-01 -8.010863e-02 -3.706431e-01 9.033617e+01 1.520080e-01 9.738213e-01 1.690135e-01 -8.731885e+00 3.474007e-01 -2.127313e-01 9.132677e-01 5.448543e+01
9.250483e-01 1.530152e-01 3.476666e-01 9.073001e+01 -8.102093e-02 9.736942e-01 -2.129677e-01 -8.772422e+00 -3.711082e-01 1.688372e-01 9.131116e-01 5.468362e+01
9.232181e-01 -7.038217e-02 -3.777760e-01 9.113791e+01 1.442603e-01 9.746595e-01 1.709614e-01 -8.814254e+00 3.561702e-01 -2.123328e-01 9.099766e-01 5.487770e+01
9.181376e-01 1.433046e-01 3.694417e-01 9.156436e+01 -7.031943e-02 9.764423e-01 -2.039990e-01 -8.854323e+00 -3.899724e-01 1.613203e-01 9.065856e-01 5.511495e+01
9.251803e-01 -6.885142e-02 -3.732302e-01 9.191398e+01 1.427211e-01 9.743407e-01 1.740428e-01 -8.886943e+00 3.516702e-01 -2.142889e-01 9.112673e-01 5.530572e+01
9.120208e-01 1.524741e-01 3.807491e-01 9.216686e+01 -6.839532e-02 9.718709e-01 -2.253641e-01 -8.915546e+00 -4.044011e-01 1.794953e-01 8.967950e-01 5.541712e+01
9.136626e-01 -9.230519e-02 -3.958540e-01 9.247302e+01 1.739064e-01 9.690091e-01 1.754365e-01 -8.951183e+00 3.673924e-01 -2.291314e-01 9.013997e-01 5.555532e+01
9.054551e-01 1.560135e-01 3.947289e-01 9.280628e+01 -7.181915e-02 9.729005e-01 -2.197878e-01 -8.983122e+00 -4.183217e-01 1.706590e-01 8.921225e-01 5.574624e+01
9.186465e-01 -7.748390e-02 -3.874078e-01 9.307361e+01 1.516072e-01 9.746452e-01 1.645658e-01 -9.015092e+00 3.648339e-01 -2.099116e-01 9.071015e-01 5.585290e+01
9.082393e-01 1.450944e-01 3.924909e-01 9.330827e+01 -6.190712e-02 9.742302e-01 -2.168939e-01 -9.041072e+00 -4.138465e-01 1.726936e-01 8.938166e-01 5.595739e+01
9.055693e-01 -7.421782e-02 -4.176554e-01 9.364974e+01 1.541045e-01 9.748660e-01 1.608979e-01 -9.080190e+00 3.952165e-01 -2.100668e-01 8.942459e-01 5.612678e+01
9.124024e-01 1.177875e-01 3.919796e-01 9.412283e+01 -3.784363e-02 9.778712e-01 -2.057565e-01 -9.128279e+00 -4.075410e-01 1.728988e-01 8.966696e-01 5.638554e+01
9.104207e-01 -2.895876e-02 -4.126688e-01 9.462946e+01 1.168162e-01 9.749457e-01 1.893011e-01 -9.175906e+00 3.968477e-01 -2.205500e-01 8.909935e-01 5.664845e+01
9.188864e-01 9.065815e-02 3.839647e-01 9.508340e+01 -1.239855e-02 9.793948e-01 -2.015739e-01 -9.217863e+00 -3.943273e-01 1.804629e-01 9.010767e-01 5.691551e+01
9.245567e-01 -2.791120e-02 -3.800209e-01 9.550492e+01 1.122899e-01 9.729832e-01 2.017291e-01 -9.257477e+00 3.641234e-01 -2.291826e-01 9.027122e-01 5.714189e+01
9.161581e-01 9.842577e-02 3.885445e-01 9.584226e+01 -3.634834e-03 9.713810e-01 -2.374988e-01 -9.294059e+00 -4.008007e-01 2.161742e-01 8.902964e-01 5.727664e+01
9.212103e-01 -1.489102e-03 -3.890621e-01 9.613732e+01 9.241701e-02 9.722091e-01 2.151014e-01 -9.326934e+00 3.779293e-01 -2.341096e-01 8.957466e-01 5.740160e+01
9.087877e-01 8.214888e-02 4.090924e-01 9.635254e+01 1.718771e-02 9.722259e-01 -2.334124e-01 -9.350528e+00 -4.169047e-01 2.191537e-01 8.821351e-01 5.749528e+01
9.183807e-01 1.826209e-03 -3.956938e-01 9.660825e+01 9.128270e-02 9.720397e-01 2.163476e-01 -9.379714e+00 3.850252e-01 -2.348095e-01 8.925357e-01 5.759633e+01
9.160597e-01 6.328552e-02 3.960172e-01 9.688871e+01 3.747909e-02 9.696396e-01 -2.416492e-01 -9.414811e+00 -3.992868e-01 2.362074e-01 8.858760e-01 5.770238e+01
9.248741e-01 3.013939e-02 -3.790773e-01 9.715288e+01 6.369837e-02 9.704909e-01 2.325725e-01 -9.443810e+00 3.749006e-01 -2.392469e-01 8.956619e-01 5.783649e+01
9.211997e-01 6.211482e-02 3.841001e-01 9.740945e+01 3.151524e-02 9.720200e-01 -2.327744e-01 -9.468361e+00 -3.878117e-01 2.265367e-01 8.934671e-01 5.799219e+01
9.275912e-01 2.501525e-02 -3.727583e-01 9.767877e+01 6.454859e-02 9.720196e-01 2.258569e-01 -9.497794e+00 3.679782e-01 -2.335639e-01 9.000221e-01 5.812133e+01
9.186050e-01 6.330656e-02 3.900732e-01 9.791266e+01 2.775012e-02 9.743144e-01 -2.234757e-01 -9.519897e+00 -3.942014e-01 2.161105e-01 8.932534e-01 5.825565e+01
9.265660e-01 1.940906e-02 -3.756311e-01 9.811794e+01 6.687920e-02 9.742528e-01 2.153105e-01 -9.540489e+00 3.701386e-01 -2.246213e-01 9.014114e-01 5.839193e+01
9.150354e-01 4.714952e-02 4.006086e-01 9.836980e+01 4.792434e-02 9.734034e-01 -2.240291e-01 -9.568072e+00 -4.005166e-01 2.241934e-01 8.884390e-01 5.850771e+01
9.242832e-01 5.145000e-02 -3.782242e-01 9.861786e+01 3.418694e-02 9.757341e-01 2.162737e-01 -9.595867e+00 3.801734e-01 -2.128285e-01 9.000956e-01 5.863960e+01
9.179787e-01 2.053350e-02 3.960979e-01 9.892359e+01 6.896822e-02 9.751816e-01 -2.103905e-01 -9.627671e+00 -3.905874e-01 2.204522e-01 8.937799e-01 5.878522e+01
9.168194e-01 7.304841e-02 -3.925634e-01 9.932457e+01 2.599129e-02 9.701217e-01 2.412226e-01 -9.662274e+00 3.984552e-01 -2.313608e-01 8.875277e-01 5.902135e+01
9.138943e-01 9.985043e-03 4.058295e-01 9.971463e+01 8.605025e-02 9.722154e-01 -2.176984e-01 -9.698775e+00 -3.967273e-01 2.338751e-01 8.876430e-01 5.925054e+01
9.173167e-01 7.929134e-02 -3.901833e-01 1.000863e+02 2.069259e-02 9.691517e-01 2.455948e-01 -9.734282e+00 3.976203e-01 -2.333621e-01 8.873782e-01 5.946651e+01
9.120401e-01 2.059809e-03 4.100960e-01 1.004144e+02 9.612712e-02 9.710546e-01 -2.186610e-01 -9.765116e+00 -3.986759e-01 2.388489e-01 8.854428e-01 5.966771e+01
9.117630e-01 8.954658e-02 -4.008361e-01 1.007474e+02 1.571849e-02 9.676204e-01 2.519200e-01 -9.796240e+00 4.104157e-01 -2.359919e-01 8.808329e-01 5.986411e+01
9.139719e-01 -1.697709e-03 4.057739e-01 1.011076e+02 1.024687e-01 9.685477e-01 -2.267500e-01 -9.831618e+00 -3.926263e-01 2.488223e-01 8.853995e-01 6.005714e+01
9.140516e-01 1.112114e-01 -3.900535e-01 1.014907e+02 -7.743367e-03 9.662847e-01 2.573597e-01 -9.868679e+00 4.055240e-01 -2.322197e-01 8.840951e-01 6.024940e+01
9.076877e-01 -7.503848e-03 4.195793e-01 1.018393e+02 1.090762e-01 9.696934e-01 -2.186255e-01 -9.901344e+00 -4.052227e-01 2.442098e-01 8.809973e-01 6.043391e+01
9.186481e-01 1.092908e-01 -3.796593e-01 1.021297e+02 -1.119049e-02 9.677885e-01 2.515157e-01 -9.929378e+00 3.949182e-01 -2.268058e-01 8.902800e-01 6.059278e+01
9.093268e-01 -2.592295e-02 4.152744e-01 1.024109e+02 1.312905e-01 9.649453e-01 -2.272516e-01 -9.959439e+00 -3.948261e-01 2.611675e-01 8.808542e-01 6.072908e+01
9.191246e-01 1.170630e-01 -3.761730e-01 1.026988e+02 -1.820810e-02 9.664361e-01 2.562609e-01 -9.990624e+00 3.935458e-01 -2.286863e-01 8.904067e-01 6.085732e+01
9.143618e-01 -2.726062e-02 4.039794e-01 1.030124e+02 1.326803e-01 9.628151e-01 -2.353359e-01 -1.002511e+01 -3.825420e-01 2.687823e-01 8.839784e-01 6.099764e+01
9.256731e-01 1.246256e-01 -3.572084e-01 1.033653e+02 -2.863920e-02 9.645594e-01 2.623070e-01 -1.006273e+01 3.772389e-01 -2.325804e-01 8.964357e-01 6.114082e+01
9.276385e-01 -3.531817e-02 3.718057e-01 1.038616e+02 1.403114e-01 9.555496e-01 -2.593021e-01 -1.011891e+01 -3.461207e-01 2.927072e-01 8.913603e-01 6.137176e+01
9.347765e-01 1.282404e-01 -3.312813e-01 1.042689e+02 -2.417640e-02 9.533697e-01 3.008349e-01 -1.015645e+01 3.544127e-01 -2.732043e-01 8.942879e-01 6.160033e+01
9.267081e-01 -2.412859e-02 3.750065e-01 1.046389e+02 1.360044e-01 9.518197e-01 -2.748493e-01 -1.019483e+01 -3.503068e-01 3.057076e-01 8.853407e-01 6.177246e+01
9.351951e-01 1.281657e-01 -3.301268e-01 1.049858e+02 -2.439244e-02 9.533104e-01 3.010055e-01 -1.023076e+01 3.532919e-01 -2.734463e-01 8.946573e-01 6.193289e+01
9.294532e-01 -3.811669e-02 3.669658e-01 1.053742e+02 1.510641e-01 9.467666e-01 -2.842756e-01 -1.027445e+01 -3.365953e-01 3.196562e-01 8.857334e-01 6.210845e+01
9.196183e-01 1.631645e-01 -3.573227e-01 1.058169e+02 -5.165914e-02 9.519853e-01 3.017537e-01 -1.031872e+01 3.894015e-01 -2.590393e-01 8.838919e-01 6.232369e+01
9.018427e-01 -1.776601e-02 4.316991e-01 1.062902e+02 1.580002e-01 9.435116e-01 -2.912419e-01 -1.036452e+01 -4.021389e-01 3.308629e-01 8.537062e-01 6.257291e+01
8.644149e-01 1.797333e-01 -4.695561e-01 1.067672e+02 -3.209341e-02 9.517412e-01 3.052192e-01 -1.041917e+01 5.017539e-01 -2.487664e-01 8.284674e-01 6.293896e+01
8.544424e-01 -3.339302e-02 5.184719e-01 1.071510e+02 2.075161e-01 9.368085e-01 -2.816502e-01 -1.046287e+01 -4.763037e-01 3.482452e-01 8.073786e-01 6.323074e+01
8.425101e-01 1.945667e-01 -5.023152e-01 1.075911e+02 -1.141740e-02 9.387321e-01 3.444584e-01 -1.050768e+01 5.385595e-01 -2.844746e-01 7.931127e-01 6.351502e+01
8.756847e-01 1.024355e-03 4.828823e-01 1.080439e+02 1.378651e-01 9.578450e-01 -2.520440e-01 -1.053923e+01 -4.627845e-01 2.872837e-01 8.386291e-01 6.382773e+01
8.920218e-01 1.311956e-01 -4.325330e-01 1.083348e+02 1.087638e-02 9.504401e-01 3.107173e-01 -1.056499e+01 4.518614e-01 -2.818711e-01 8.463863e-01 6.403205e+01
9.017300e-01 9.770659e-03 4.321894e-01 1.086298e+02 1.238253e-01 9.520176e-01 -2.798747e-01 -1.059243e+01 -4.141864e-01 3.058874e-01 8.572530e-01 6.420948e+01
9.203278e-01 1.172734e-01 -3.731538e-01 1.089220e+02 3.200027e-03 9.517069e-01 3.069913e-01 -1.062242e+01 3.911349e-01 -2.837267e-01 8.755070e-01 6.435234e+01
9.138532e-01 1.243527e-03 4.060428e-01 1.092501e+02 1.293356e-01 9.470184e-01 -2.939872e-01 -1.066055e+01 -3.848955e-01 3.211770e-01 8.652751e-01 6.448607e+01
9.221245e-01 1.225649e-01 -3.669662e-01 1.095414e+02 2.882662e-03 9.462920e-01 3.233005e-01 -1.069174e+01 3.868824e-01 -2.991812e-01 8.722456e-01 6.462954e+01
9.173705e-01 -1.126149e-02 3.978750e-01 1.097881e+02 1.421969e-01 9.429080e-01 -3.011718e-01 -1.071927e+01 -3.717678e-01 3.328628e-01 8.665975e-01 6.475251e+01
9.225990e-01 1.216334e-01 -3.660825e-01 1.100917e+02 5.122354e-03 9.450429e-01 3.269063e-01 -1.075444e+01 3.857264e-01 -3.034786e-01 8.712725e-01 6.487882e+01
9.094783e-01 1.395653e-02 4.155171e-01 1.102878e+02 1.200132e-01 9.480772e-01 -2.945276e-01 -1.077459e+01 -3.980529e-01 3.177340e-01 8.605807e-01 6.499236e+01
9.183894e-01 1.370362e-01 -3.711900e-01 1.104800e+02 -1.381015e-02 9.486415e-01 3.160515e-01 -1.079507e+01 3.954367e-01 -2.851322e-01 8.731147e-01 6.511503e+01
9.249569e-01 -1.063796e-02 3.799231e-01 1.107118e+02 1.411166e-01 9.377658e-01 -3.173034e-01 -1.082413e+01 -3.529034e-01 3.471055e-01 8.688942e-01 6.521791e+01
9.341301e-01 1.257552e-01 -3.340457e-01 1.110185e+02 -2.889573e-03 9.385126e-01 3.452329e-01 -1.085889e+01 3.569209e-01 -3.215272e-01 8.770561e-01 6.534409e+01
9.178814e-01 -9.643974e-03 3.967377e-01 1.112792e+02 1.461484e-01 9.376601e-01 -3.153320e-01 -1.088707e+01 -3.689641e-01 3.474199e-01 8.620702e-01 6.545264e+01
9.278277e-01 1.319709e-01 -3.488830e-01 1.115213e+02 -3.859948e-03 9.386676e-01 3.448017e-01 -1.091436e+01 3.729890e-01 -3.185699e-01 8.714312e-01 6.555473e+01
9.209434e-01 -2.270886e-02 3.890341e-01 1.117732e+02 1.546976e-01 9.375760e-01 -3.114802e-01 -1.094241e+01 -3.576756e-01 3.470383e-01 8.669676e-01 6.565986e+01
9.191255e-01 1.192158e-01 -3.754941e-01 1.122036e+02 1.926332e-02 9.383764e-01 3.450778e-01 -1.098995e+01 3.934936e-01 -3.244031e-01 8.601891e-01 6.585373e+01
9.271872e-01 -3.669118e-02 3.727971e-01 1.128502e+02 1.531769e-01 9.453224e-01 -2.879279e-01 -1.105008e+01 -3.418490e-01 3.240669e-01 8.821112e-01 6.621306e+01
9.258256e-01 1.279906e-01 -3.556196e-01 1.134482e+02 5.793080e-03 9.359987e-01 3.519558e-01 -1.110352e+01 3.779065e-01 -3.279098e-01 8.658300e-01 6.656963e+01
9.377237e-01 -5.444686e-02 3.430885e-01 1.140495e+02 1.709811e-01 9.320646e-01 -3.194074e-01 -1.116299e+01 -3.023899e-01 3.581776e-01 8.833285e-01 6.690057e+01
9.344637e-01 1.598768e-01 -3.181463e-01 1.146281e+02 -3.114509e-02 9.268001e-01 3.742613e-01 -1.121719e+01 3.546937e-01 -3.398249e-01 8.710403e-01 6.723393e+01
9.267966e-01 -6.088569e-02 3.705956e-01 1.150222e+02 1.898467e-01 9.273652e-01 -3.224160e-01 -1.125429e+01 -3.240469e-01 3.691704e-01 8.710379e-01 6.747569e+01
9.288892e-01 2.093161e-01 -3.055349e-01 1.152864e+02 -8.547692e-02 9.238639e-01 3.730539e-01 -1.127879e+01 3.603588e-01 -3.204096e-01 8.760588e-01 6.764817e+01
9.463975e-01 -1.063780e-01 3.049843e-01 1.156211e+02 2.202579e-01 9.031756e-01 -3.684565e-01 -1.132031e+01 -2.362587e-01 4.158816e-01 8.781939e-01 6.786802e+01
9.502862e-01 1.960537e-01 -2.419072e-01 1.161379e+02 -7.155551e-02 8.935992e-01 4.431255e-01 -1.136658e+01 3.030445e-01 -4.037863e-01 8.632036e-01 6.819356e+01
9.533831e-01 -1.136476e-01 2.795440e-01 1.166337e+02 2.199434e-01 8.959517e-01 -3.858698e-01 -1.141232e+01 -2.066047e-01 4.293656e-01 8.791814e-01 6.848840e+01
9.612976e-01 1.797266e-01 -2.088188e-01 1.170988e+02 -7.223088e-02 8.958223e-01 4.385032e-01 -1.145690e+01 2.658752e-01 -4.064489e-01 8.741336e-01 6.878060e+01
9.691003e-01 -8.066113e-02 2.331059e-01 1.175744e+02 1.703764e-01 9.022594e-01 -3.961059e-01 -1.150172e+01 -1.783716e-01 4.235821e-01 8.881227e-01 6.906033e+01
9.726121e-01 1.433474e-01 -1.829680e-01 1.179877e+02 -4.876145e-02 8.955003e-01 4.423816e-01 -1.154268e+01 2.272622e-01 -4.213439e-01 8.779642e-01 6.932296e+01
9.758194e-01 -1.025233e-01 1.930428e-01 1.184187e+02 1.775655e-01 8.868448e-01 -4.265875e-01 -1.158768e+01 -1.274638e-01 4.505500e-01 8.836050e-01 6.956290e+01
9.806391e-01 1.522828e-01 -1.231132e-01 1.188995e+02 -7.787885e-02 8.801208e-01 4.683186e-01 -1.163273e+01 1.796714e-01 -4.496636e-01 8.749404e-01 6.986327e+01
9.802426e-01 -8.780482e-02 1.772423e-01 1.193632e+02 1.583884e-01 8.851804e-01 -4.374572e-01 -1.167749e+01 -1.184805e-01 4.568873e-01 8.815988e-01 7.011148e+01
9.748227e-01 1.630408e-01 -1.521129e-01 1.198079e+02 -7.238492e-02 8.766175e-01 4.757122e-01 -1.171683e+01 2.109053e-01 -4.527244e-01 8.663483e-01 7.039584e+01
