9.990919e-01 -4.515935e-04 4.260540e-02 3.533508e-02 5.080979e-04 9.999990e-01 -1.315405e-03 -6.895915e-03 -4.260477e-02 1.335858e-03 9.990912e-01 1.377714e-01
9.999792e-01 -8.431927e-06 6.444230e-03 1.077219e-01 9.643023e-06 1.000000e+00 -1.879026e-04 -1.507923e-02 -6.444219e-03 1.879610e-04 9.999791e-01 2.673783e-01
9.992141e-01 -4.579805e-04 3.963626e-02 1.795295e-01 5.072035e-04 9.999991e-01 -1.231820e-03 -2.340769e-02 -3.963567e-02 1.250955e-03 9.992135e-01 4.285730e-01
9.999852e-01 1.226345e-05 5.447170e-03 2.497260e-01 -1.136545e-05 1.000000e+00 -1.648838e-04 -3.179490e-02 -5.447153e-03 1.648194e-04 9.999851e-01 5.969147e-01
9.991402e-01 -4.974395e-04 4.145519e-02 3.177421e-01 5.509784e-04 9.999990e-01 -1.280075e-03 -4.025473e-02 -4.145453e-02 1.301816e-03 9.991396e-01 7.667947e-01
9.999896e-01 6.328293e-05 4.552269e-03 4.110129e-01 -6.265885e-05 1.000000e+00 -1.372194e-04 -4.870618e-02 -4.552250e-03 1.369324e-04 9.999895e-01 8.905428e-01
9.992486e-01 -4.411608e-04 3.875507e-02 5.827228e-01 4.887400e-04 9.999991e-01 -1.218228e-03 -5.896745e-02 -3.875453e-02 1.236254e-03 9.992481e-01 9.928516e-01
9.999962e-01 8.884523e-05 2.748773e-03 8.409978e-01 -8.866684e-05 1.000000e+00 -6.497164e-05 -7.122477e-02 -2.748743e-03 6.472701e-05 9.999961e-01 1.040805e+00
9.993847e-01 -4.433030e-04 3.507052e-02 1.032217e+00 4.830685e-04 9.999993e-01 -1.125411e-03 -8.194732e-02 -3.507003e-02 1.141661e-03 9.993843e-01 1.164294e+00
9.999890e-01 1.108314e-04 4.679200e-03 1.259559e+00 -1.101803e-04 1.000000e+00 -1.393572e-04 -9.442542e-02 -4.679173e-03 1.388392e-04 9.999889e-01 1.331897e+00
9.995537e-01 -4.230074e-04 2.986934e-02 1.568178e+00 4.521144e-04 9.999994e-01 -9.677402e-04 -1.086974e-01 -2.986896e-02 9.808137e-04 9.995534e-01 1.484947e+00
9.999330e-01 1.349594e-05 1.157361e-02 1.743294e+00 -9.580465e-06 9.999999e-01 -3.383400e-04 -1.187900e-01 -1.157356e-02 3.382053e-04 9.999329e-01 1.573851e+00
9.994119e-01 -4.803061e-04 3.428681e-02 1.802273e+00 5.175789e-04 9.999993e-01 -1.078231e-03 -1.257617e-01 -3.428632e-02 1.095344e-03 9.994115e-01 1.637789e+00
9.999842e-01 1.627413e-04 5.618731e-03 2.014167e+00 -1.619094e-04 1.000000e+00 -1.484317e-04 -1.364795e-01 -5.618699e-03 1.475183e-04 9.999841e-01 1.671461e+00
9.994451e-01 -5.017281e-04 3.330450e-02 2.211072e+00 5.370902e-04 9.999993e-01 -1.052858e-03 -1.458563e-01 -3.330401e-02 1.070163e-03 9.994448e-01 1.628991e+00
9.999978e-01 2.418749e-04 -2.094498e-03 2.280489e+00 -2.417341e-04 1.000000e+00 6.722123e-05 -1.514388e-01 2.094577e-03 -6.671635e-05 9.999977e-01 1.622169e+00
9.995776e-01 -4.022413e-04 2.905987e-02 2.523512e+00 4.290546e-04 9.999995e-01 -9.164834e-04 -1.625736e-01 -2.905955e-02 9.285663e-04 9.995773e-01 1.663009e+00
9.999985e-01 1.739594e-04 1.713059e-03 2.800669e+00 -1.738344e-04 1.000000e+00 -7.270676e-05 -1.753784e-01 -1.713005e-03 7.240712e-05 9.999984e-01 1.761605e+00
9.995942e-01 -4.331455e-04 2.848394e-02 3.158589e+00 4.578232e-04 9.999995e-01 -8.598798e-04 -1.902537e-01 -2.848362e-02 8.725732e-04 9.995940e-01 1.819781e+00
9.999967e-01 2.023921e-04 2.555210e-03 3.453266e+00 -2.021406e-04 1.000000e+00 -9.833493e-05 -2.025570e-01 -2.555159e-03 9.781619e-05 9.999966e-01 1.800633e+00
9.997038e-01 -4.570788e-04 2.433300e-02 3.676106e+00 4.748981e-04 9.999996e-01 -7.265708e-04 -2.132410e-01 -2.433273e-02 7.379133e-04 9.997037e-01 1.856624e+00
9.999988e-01 3.497792e-04 1.497088e-03 4.169315e+00 -3.496205e-04 9.999999e-01 -1.056360e-04 -2.331243e-01 -1.497050e-03 1.051104e-04 9.999988e-01 2.038426e+00
9.997555e-01 -4.552095e-04 2.211010e-02 4.759769e+00 4.695199e-04 9.999997e-01 -6.420889e-04 -2.552198e-01 -2.210988e-02 6.523151e-04 9.997554e-01 2.128727e+00
9.999912e-01 3.292161e-04 4.183854e-03 5.345979e+00 -3.283573e-04 9.999999e-01 -2.056832e-04 -2.771527e-01 -4.183844e-03 2.043054e-04 9.999911e-01 2.193769e+00
9.998600e-01 -3.640389e-04 1.672977e-02 5.907065e+00 3.718933e-04 9.999998e-01 -4.664435e-04 -2.986943e-01 -1.672968e-02 4.726021e-04 9.998600e-01 2.354640e+00
9.999977e-01 2.999784e-04 2.093867e-03 6.437949e+00 -2.996825e-04 9.999999e-01 -1.411328e-04 -3.192287e-01 -2.093829e-03 1.405028e-04 9.999977e-01 2.520548e+00
9.999327e-01 -3.216168e-04 1.160096e-02 6.958313e+00 3.254872e-04 9.999999e-01 -3.318455e-04 -3.389279e-01 -1.160093e-02 3.356014e-04 9.999327e-01 2.661634e+00
9.999981e-01 3.910932e-04 -1.892048e-03 7.550332e+00 -3.911462e-04 9.999999e-01 -2.829260e-05 -3.607637e-01 1.892119e-03 2.903035e-05 9.999981e-01 2.785132e+00
9.998786e-01 -3.992792e-04 1.557559e-02 8.067673e+00 4.062494e-04 9.999998e-01 -4.444265e-04 -3.803800e-01 -1.557549e-02 4.507025e-04 9.998787e-01 2.915523e+00
9.999999e-01 3.638804e-04 -1.396041e-04 8.631502e+00 -3.638873e-04 9.999999e-01 -5.822458e-05 -4.014007e-01 1.396662e-04 5.827304e-05 9.999999e-01 3.029352e+00
9.998547e-01 -3.891165e-04 1.704274e-02 9.148374e+00 3.972092e-04 9.999998e-01 -4.715417e-04 -4.208115e-01 -1.704264e-02 4.782451e-04 9.998547e-01 3.104471e+00
9.999695e-01 4.292666e-04 -7.792984e-03 9.662285e+00 -4.282635e-04 9.999999e-01 1.302074e-04 -4.403264e-01 7.793124e-03 -1.268684e-04 9.999695e-01 3.272464e+00
9.999594e-01 -2.503271e-04 9.012993e-03 1.027089e+01 2.527780e-04 9.999999e-01 -2.709442e-04 -4.625048e-01 -9.013009e-03 2.732139e-04 9.999594e-01 3.446564e+00
9.999832e-01 3.089842e-04 -5.779085e-03 1.071996e+01 -3.083130e-04 9.999999e-01 1.168033e-04 -4.795518e-01 5.779206e-03 -1.150220e-04 9.999832e-01 3.558482e+00
9.999580e-01 -2.273677e-04 9.169065e-03 1.128491e+01 2.300673e-04 9.999999e-01 -2.935255e-04 -4.998908e-01 -9.169083e-03 2.956251e-04 9.999580e-01 3.602808e+00
9.999823e-01 3.114003e-04 -5.937409e-03 1.181697e+01 -3.107362e-04 9.999999e-01 1.125385e-04 -5.194535e-01 5.937529e-03 -1.106940e-04 9.999823e-01 3.702919e+00
9.999843e-01 -2.245426e-04 5.610799e-03 1.227813e+01 2.255790e-04 1.000000e+00 -1.843234e-04 -5.369581e-01 -5.610842e-03 1.855886e-04 9.999843e-01 3.809876e+00
9.999956e-01 3.059080e-04 -2.950941e-03 1.277926e+01 -3.058231e-04 1.000000e+00 2.874457e-05 -5.554192e-01 2.951035e-03 -2.784440e-05 9.999956e-01 3.875599e+00
9.999676e-01 -2.232861e-04 8.049511e-03 1.321368e+01 2.251281e-04 9.999999e-01 -2.280991e-04 -5.731609e-01 -8.049546e-03 2.299064e-04 9.999677e-01 4.128254e+00
9.999903e-01 3.096413e-04 -4.380868e-03 1.371027e+01 -3.094004e-04 1.000000e+00 5.534073e-05 -5.920724e-01 4.380971e-03 -5.398719e-05 9.999903e-01 4.291008e+00
9.999794e-01 -2.635131e-04 6.423509e-03 1.397461e+01 2.644247e-04 1.000000e+00 -1.412876e-04 -6.049648e-01 -6.423557e-03 1.429857e-04 9.999794e-01 4.570539e+00
9.999999e-01 3.400199e-04 -2.692163e-04 1.454664e+01 -3.400484e-04 9.999999e-01 -1.109299e-04 -6.258676e-01 2.692648e-04 1.110190e-04 9.999999e-01 4.705767e+00
9.999407e-01 -3.254363e-04 1.089143e-02 1.506439e+01 3.278811e-04 9.999999e-01 -2.228146e-04 -6.452961e-01 -1.089145e-02 2.263750e-04 9.999407e-01 4.854560e+00
9.999963e-01 2.973477e-04 2.677548e-03 1.550891e+01 -2.968350e-04 9.999999e-01 -1.913224e-04 -6.629133e-01 -2.677517e-03 1.905244e-04 9.999963e-01 5.035332e+00
9.999946e-01 -2.717703e-04 3.296291e-03 1.582355e+01 2.717147e-04 1.000000e+00 1.684607e-05 -6.760579e-01 -3.296384e-03 -1.594780e-05 9.999946e-01 5.179522e+00
9.999780e-01 2.820944e-04 6.628829e-03 1.624653e+01 -2.800775e-04 9.999999e-01 -3.049608e-04 -6.924687e-01 -6.628826e-03 3.030950e-04 9.999779e-01 5.315515e+00
9.999942e-01 -2.500710e-04 -3.396344e-03 1.651030e+01 2.507683e-04 9.999999e-01 2.053496e-04 -7.043122e-01 3.396204e-03 -2.061976e-04 9.999943e-01 5.509473e+00
9.999815e-01 3.023405e-04 6.062809e-03 1.669953e+01 -3.006892e-04 9.999999e-01 -2.730268e-04 -7.158451e-01 -6.062803e-03 2.711962e-04 9.999815e-01 5.846432e+00
9.999993e-01 -2.737145e-04 -1.142239e-03 1.696657e+01 2.738435e-04 1.000000e+00 1.141403e-04 -7.284310e-01 1.142119e-03 -1.144505e-04 9.999994e-01 6.096525e+00
9.999893e-01 3.239517e-04 4.602417e-03 1.734977e+01 -3.228477e-04 9.999999e-01 -2.402795e-04 -7.430723e-01 -4.602406e-03 2.387886e-04 9.999893e-01 6.163255e+00
9.999914e-01 -3.006317e-04 -4.135326e-03 1.767160e+01 3.013902e-04 9.999999e-01 1.831962e-04 -7.558202e-01 4.135182e-03 -1.844385e-04 9.999915e-01 6.191596e+00
9.999793e-01 3.546498e-04 6.426846e-03 1.808730e+01 -3.528648e-04 9.999999e-01 -2.786193e-04 -7.706778e-01 -6.426855e-03 2.763432e-04 9.999792e-01 6.089410e+00
9.999985e-01 -3.367950e-04 1.717445e-03 1.852870e+01 3.367150e-04 9.999999e-01 4.591406e-05 -7.862193e-01 -1.717550e-03 -4.533313e-05 9.999986e-01 6.012498e+00
9.999799e-01 3.613884e-04 6.323760e-03 1.889189e+01 -3.597426e-04 9.999999e-01 -2.611276e-04 -8.007681e-01 -6.323764e-03 2.588449e-04 9.999799e-01 6.148353e+00
9.999994e-01 -4.042894e-04 1.036388e-03 1.894583e+01 4.041845e-04 9.999999e-01 9.988494e-05 -8.069227e-01 -1.036518e-03 -9.946339e-05 9.999995e-01 6.375698e+00
9.999999e-01 4.282453e-04 -2.234884e-04 1.893204e+01 -4.282701e-04 9.999999e-01 -1.182260e-04 -8.151850e-01 2.235279e-04 1.183191e-04 9.999999e-01 6.808604e+00
9.999848e-01 -4.183846e-04 5.505310e-03 1.904703e+01 4.184586e-04 9.999999e-01 -1.259951e-05 -8.268416e-01 -5.505394e-03 1.490566e-05 9.999849e-01 7.278380e+00
9.999999e-01 4.617217e-04 -1.005290e-05 1.938346e+01 -4.617217e-04 9.999999e-01 -1.713641e-04 -8.413057e-01 1.006434e-05 1.713662e-04 9.999999e-01 7.520292e+00
9.999935e-01 -4.182948e-04 3.578443e-03 1.966351e+01 4.181358e-04 9.999999e-01 4.472445e-05 -8.545043e-01 -3.578552e-03 -4.322528e-05 9.999937e-01 7.789509e+00
9.999986e-01 4.699104e-04 1.615616e-03 1.991192e+01 -4.695741e-04 9.999999e-01 -2.075364e-04 -8.678771e-01 -1.615622e-03 2.067749e-04 9.999986e-01 8.142541e+00
9.999998e-01 -4.366326e-04 -5.327974e-04 2.011341e+01 4.367289e-04 9.999999e-01 1.839072e-04 -8.783241e-01 5.326261e-04 -1.841373e-04 9.999999e-01 8.371251e+00
9.999979e-01 4.763245e-04 1.961638e-03 2.036057e+01 -4.758330e-04 9.999999e-01 -2.501793e-04 -8.901231e-01 -1.961666e-03 2.492428e-04 9.999980e-01 8.599511e+00
9.999992e-01 -4.118597e-04 -1.205479e-03 2.077467e+01 4.120818e-04 9.999999e-01 1.854040e-04 -9.062358e-01 1.205312e-03 -1.858980e-04 9.999993e-01 8.707994e+00
9.999883e-01 4.360077e-04 4.817093e-03 2.102025e+01 -4.346814e-04 9.999999e-01 -2.760252e-04 -9.165839e-01 -4.817122e-03 2.739255e-04 9.999883e-01 8.802902e+00
9.999999e-01 -3.751373e-04 -1.795062e-04 2.142360e+01 3.751583e-04 9.999999e-01 1.261924e-04 -9.323157e-01 1.793675e-04 -1.262571e-04 1.000000e+00 8.938085e+00
9.999580e-01 3.942747e-04 9.155258e-03 2.184287e+01 -3.906852e-04 9.999998e-01 -3.936694e-04 -9.485819e-01 -9.155320e-03 3.900734e-04 9.999579e-01 9.084724e+00
9.999737e-01 -4.451120e-04 7.240742e-03 2.227746e+01 4.458823e-04 9.999999e-01 -1.050135e-04 -9.659844e-01 -7.240787e-03 1.082419e-04 9.999738e-01 9.266931e+00
9.999816e-01 4.576271e-04 6.042207e-03 2.276354e+01 -4.557309e-04 9.999998e-01 -3.149155e-04 -9.848030e-01 -6.042257e-03 3.121535e-04 9.999816e-01 9.442580e+00
9.999879e-01 -4.155268e-04 4.899247e-03 2.322562e+01 4.156976e-04 9.999999e-01 -3.422081e-05 -1.003074e+00 -4.899326e-03 3.625969e-05 9.999881e-01 9.666156e+00
9.999943e-01 4.867991e-04 3.317671e-03 2.370551e+01 -4.859929e-04 9.999999e-01 -2.432470e-04 -1.021574e+00 -3.317695e-03 2.416306e-04 9.999944e-01 9.853489e+00
9.999897e-01 -4.272152e-04 4.531422e-03 2.418697e+01 4.272405e-04 9.999999e-01 -5.038696e-06 -1.039694e+00 -4.531514e-03 6.977348e-06 9.999898e-01 9.984491e+00
9.999991e-01 5.050902e-04 1.234015e-03 2.459565e+01 -5.048652e-04 9.999999e-01 -1.811052e-04 -1.055954e+00 -1.234013e-03 1.804794e-04 9.999992e-01 1.017355e+01
9.999958e-01 -4.118322e-04 2.891796e-03 2.514529e+01 4.119038e-04 9.999999e-01 -2.482490e-05 -1.076378e+00 -2.891879e-03 2.601864e-05 9.999959e-01 1.030823e+01
9.999956e-01 5.241419e-04 2.918510e-03 2.579166e+01 -5.234540e-04 9.999998e-01 -2.358204e-04 -1.099820e+00 -2.918539e-03 2.342890e-04 9.999956e-01 1.044583e+01
9.999993e-01 -3.953996e-04 1.144332e-03 2.635658e+01 3.953404e-04 9.999999e-01 5.026296e-05 -1.121037e+00 -1.144446e-03 -4.980781e-05 9.999994e-01 1.063721e+01
9.999953e-01 4.935828e-04 3.006975e-03 2.683686e+01 -4.929146e-04 9.999999e-01 -2.223030e-04 -1.139528e+00 -3.006989e-03 2.208171e-04 9.999954e-01 1.081119e+01
9.999985e-01 -3.635032e-04 1.694634e-03 2.743513e+01 3.634877e-04 9.999999e-01 8.258603e-06 -1.161737e+00 -1.694732e-03 -7.639897e-06 9.999986e-01 1.097592e+01
9.999895e-01 4.568478e-04 4.561947e-03 2.795760e+01 -4.558247e-04 9.999999e-01 -2.248731e-04 -1.181112e+00 -4.561954e-03 2.227886e-04 9.999895e-01 1.111262e+01
9.999997e-01 -4.482486e-04 6.414642e-04 2.829021e+01 4.481983e-04 9.999999e-01 7.530130e-05 -1.193559e+00 -6.415930e-04 -7.501105e-05 9.999999e-01 1.110839e+01
9.999954e-01 5.185899e-04 2.977746e-03 2.874938e+01 -5.178995e-04 9.999998e-01 -2.319584e-04 -1.210977e+00 -2.977770e-03 2.304125e-04 9.999955e-01 1.122193e+01
9.999979e-01 -4.456946e-04 -2.018218e-03 2.925496e+01 4.459636e-04 9.999999e-01 1.338240e-04 -1.229756e+00 2.018062e-03 -1.347210e-04 9.999980e-01 1.127017e+01
9.999853e-01 5.277812e-04 5.391482e-03 2.966431e+01 -5.263042e-04 9.999998e-01 -2.749979e-04 -1.246407e+00 -5.391531e-03 2.721536e-04 9.999854e-01 1.149498e+01
9.999754e-01 -4.735112e-04 -7.004174e-03 2.994841e+01 4.755063e-04 9.999998e-01 2.834588e-04 -1.258938e+00 7.003943e-03 -2.867796e-04 9.999755e-01 1.166967e+01
9.999607e-01 5.081376e-04 8.851635e-03 3.020083e+01 -5.051880e-04 9.999998e-01 -3.352286e-04 -1.269405e+00 -8.851708e-03 3.307410e-04 9.999607e-01 1.173240e+01
9.999985e-01 -4.945894e-04 -1.706966e-03 3.054863e+01 4.948094e-04 9.999999e-01 1.296734e-04 -1.283089e+00 1.706806e-03 -1.305151e-04 9.999986e-01 1.180326e+01
9.999950e-01 5.566196e-04 3.114659e-03 3.093177e+01 -5.559929e-04 9.999998e-01 -2.014320e-04 -1.298311e+00 -3.114675e-03 1.996966e-04 9.999951e-01 1.192639e+01
9.999949e-01 -5.331799e-04 -3.161866e-03 3.121193e+01 5.337396e-04 9.999998e-01 1.768295e-04 -1.309706e+00 3.161676e-03 -1.785134e-04 9.999951e-01 1.196012e+01
9.999859e-01 5.730213e-04 5.271316e-03 3.159040e+01 -5.715820e-04 9.999998e-01 -2.741573e-04 -1.323791e+00 -5.271376e-03 2.711377e-04 9.999860e-01 1.194747e+01
9.999998e-01 -5.151752e-04 4.525768e-04 3.198459e+01 5.151224e-04 9.999999e-01 1.122133e-04 -1.339113e+00 -4.527304e-04 -1.119774e-04 1.000000e+00 1.205162e+01
9.999884e-01 5.381544e-04 4.784522e-03 3.222457e+01 -5.369768e-04 9.999998e-01 -2.469658e-04 -1.351304e+00 -4.784558e-03 2.443910e-04 9.999885e-01 1.231856e+01
9.999997e-01 -4.897336e-04 -5.787791e-04 3.256382e+01 4.897911e-04 9.999999e-01 1.028335e-04 -1.365679e+00 5.786325e-04 -1.031143e-04 9.999999e-01 1.252213e+01
9.999967e-01 5.114701e-04 2.489002e-03 3.279237e+01 -5.111162e-04 9.999999e-01 -1.419958e-04 -1.374508e+00 -2.488978e-03 1.407205e-04 9.999968e-01 1.246564e+01
9.999996e-01 -4.965823e-04 -8.139968e-04 3.291318e+01 4.966890e-04 9.999999e-01 1.334462e-04 -1.380457e+00 8.138342e-04 -1.338477e-04 9.999997e-01 1.249017e+01
9.999939e-01 4.943304e-04 3.453086e-03 3.304128e+01 -4.936987e-04 9.999999e-01 -1.831823e-04 -1.386409e+00 -3.453080e-03 1.814737e-04 9.999940e-01 1.249107e+01
9.999997e-01 -4.602989e-04 -6.329309e-04 3.336750e+01 4.603462e-04 9.999999e-01 7.787298e-05 -1.399006e+00 6.327986e-04 -7.816158e-05 9.999999e-01 1.252912e+01
9.999927e-01 5.362653e-04 3.769893e-03 3.377162e+01 -5.355366e-04 9.999998e-01 -1.937415e-04 -1.414676e+00 -3.769900e-03 1.917185e-04 9.999928e-01 1.264474e+01
9.999997e-01 -4.850255e-04 7.203058e-04 3.414628e+01 4.849902e-04 9.999999e-01 4.621391e-05 -1.429206e+00 -7.204247e-04 -4.586180e-05 9.999998e-01 1.274131e+01
9.999644e-01 4.543827e-04 8.417059e-03 3.441773e+01 -4.520052e-04 9.999999e-01 -2.841071e-04 -1.441338e+00 -8.417090e-03 2.802897e-04 9.999645e-01 1.292933e+01
9.999982e-01 -4.447667e-04 1.858844e-03 3.487284e+01 4.448212e-04 9.999999e-01 -3.009311e-05 -1.458507e+00 -1.858927e-03 3.092267e-05 9.999983e-01 1.302271e+01
9.999763e-01 4.809007e-04 6.861462e-03 3.535387e+01 -4.792719e-04 9.999999e-01 -2.387183e-04 -1.476003e+00 -6.861479e-03 2.354214e-04 9.999764e-01 1.305937e+01
9.999976e-01 -4.160482e-04 -2.148609e-03 3.572332e+01 4.162595e-04 9.999999e-01 9.892221e-05 -1.490490e+00 2.148470e-03 -9.981359e-05 9.999977e-01 1.317684e+01
9.999778e-01 4.754532e-04 6.638931e-03 3.608720e+01 -4.738190e-04 9.999999e-01 -2.473997e-04 -1.505174e+00 -6.638950e-03 2.442458e-04 9.999779e-01 1.334284e+01
9.999859e-01 -4.067088e-04 -5.307735e-03 3.642847e+01 4.077219e-04 9.999999e-01 1.902155e-04 -1.519548e+00 5.307559e-03 -1.923741e-04 9.999860e-01 1.353330e+01
9.999796e-01 4.245323e-04 6.365464e-03 3.657218e+01 -4.232502e-04 9.999999e-01 -2.024181e-04 -1.528053e+00 -6.365452e-03 1.997171e-04 9.999797e-01 1.371071e+01
9.999963e-01 -3.577791e-04 -2.719905e-03 3.691745e+01 3.580098e-04 9.999999e-01 8.517059e-05 -1.542323e+00 2.719777e-03 -8.614126e-05 9.999964e-01 1.388572e+01
9.999566e-01 3.875680e-04 9.303120e-03 3.719881e+01 -3.850858e-04 9.999999e-01 -2.683658e-04 -1.555287e+00 -9.303125e-03 2.647689e-04 9.999566e-01 1.413882e+01
9.999799e-01 -5.485656e-04 6.315922e-03 3.742837e+01 5.495312e-04 9.999998e-01 -1.515021e-04 -1.566743e+00 -6.315936e-03 1.549726e-04 9.999801e-01 1.435340e+01
9.999958e-01 5.647532e-04 2.831725e-03 3.770770e+01 -5.644818e-04 9.999998e-01 -9.581975e-05 -1.579673e+00 -2.831680e-03 9.421815e-05 9.999959e-01 1.458643e+01
9.999965e-01 -5.213258e-04 -2.594938e-03 3.794030e+01 5.215623e-04 9.999999e-01 9.135361e-05 -1.591432e+00 2.594792e-03 -9.270393e-05 9.999967e-01 1.483513e+01
9.999925e-01 6.293124e-04 3.822051e-03 3.835196e+01 -6.287174e-04 9.999998e-01 -1.562578e-04 -1.608459e+00 -3.822050e-03 1.538509e-04 9.999926e-01 1.507787e+01
9.999919e-01 -5.885745e-04 3.990452e-03 3.872948e+01 5.888606e-04 9.999998e-01 -7.112377e-05 -1.624658e+00 -3.990508e-03 7.347581e-05 9.999921e-01 1.535997e+01
9.999867e-01 6.005445e-04 5.120946e-03 3.910811e+01 -5.995816e-04 9.999998e-01 -1.890954e-04 -1.639435e+00 -5.120960e-03 1.860197e-04 9.999868e-01 1.548095e+01
9.999959e-01 -5.504178e-04 2.822180e-03 3.958232e+01 5.505685e-04 9.999998e-01 -5.347412e-05 -1.657220e+00 -2.822249e-03 5.503051e-05 9.999961e-01 1.560407e+01
9.999600e-01 5.668434e-04 8.927033e-03 3.994502e+01 -5.642557e-04 9.999998e-01 -2.921226e-04 -1.672451e+00 -8.927098e-03 2.870710e-04 9.999601e-01 1.582915e+01
9.999938e-01 -5.163713e-04 -3.497448e-03 4.023445e+01 5.168017e-04 9.999999e-01 1.228431e-04 -1.685860e+00 3.497285e-03 -1.246470e-04 9.999939e-01 1.609455e+01
9.999759e-01 5.653423e-04 6.910804e-03 4.047031e+01 -5.640210e-04 9.999998e-01 -1.927978e-04 -1.697177e+00 -6.910812e-03 1.888926e-04 9.999760e-01 1.630954e+01
9.999847e-01 -6.486879e-04 5.493922e-03 4.083566e+01 6.495020e-04 9.999998e-01 -1.468510e-04 -1.711328e+00 -5.493925e-03 1.504199e-04 9.999850e-01 1.638432e+01
9.999738e-01 6.107674e-04 7.204887e-03 4.119419e+01 -6.092196e-04 9.999998e-01 -2.166832e-04 -1.725321e+00 -7.204918e-03 2.122855e-04 9.999740e-01 1.645691e+01
9.999742e-01 -6.989544e-04 7.161600e-03 4.149553e+01 7.001672e-04 9.999997e-01 -1.671988e-04 -1.738240e+00 -7.161581e-03 1.722116e-04 9.999744e-01 1.660774e+01
9.999956e-01 6.953377e-04 2.879691e-03 4.180197e+01 -6.950136e-04 9.999998e-01 -1.126642e-04 -1.751693e+00 -2.879669e-03 1.106595e-04 9.999958e-01 1.681609e+01
9.999921e-01 -6.677096e-04 3.918347e-03 4.214923e+01 6.679980e-04 9.999998e-01 -7.295586e-05 -1.765825e+00 -3.918397e-03 7.557557e-05 9.999924e-01 1.697354e+01
9.999968e-01 6.860174e-04 2.430125e-03 4.256596e+01 -6.856992e-04 9.999998e-01 -1.307214e-04 -1.780826e+00 -2.430114e-03 1.290519e-04 9.999970e-01 1.692859e+01
9.999935e-01 -5.891078e-04 3.573781e-03 4.318010e+01 5.894559e-04 9.999998e-01 -9.710102e-05 -1.802527e+00 -3.573823e-03 9.920980e-05 9.999937e-01 1.694681e+01
9.999922e-01 6.299155e-04 3.879992e-03 4.364997e+01 -6.293970e-04 9.999998e-01 -1.341831e-04 -1.819869e+00 -3.879976e-03 1.317373e-04 9.999924e-01 1.700412e+01
9.999980e-01 -5.736531e-04 1.923207e-03 4.413006e+01 5.738030e-04 9.999998e-01 -7.876210e-05 -1.837560e+00 -1.923261e-03 7.986831e-05 9.999982e-01 1.707545e+01
9.999990e-01 6.325368e-04 1.214238e-03 4.444441e+01 -6.325084e-04 9.999998e-01 -2.153101e-05 -1.851417e+00 -1.214152e-03 2.076021e-05 9.999992e-01 1.730888e+01
9.999986e-01 -6.368438e-04 -1.585818e-03 4.457697e+01 6.368682e-04 9.999998e-01 1.655485e-05 -1.858528e+00 1.585707e-03 -1.756195e-05 9.999988e-01 1.739923e+01
9.999994e-01 6.465927e-04 8.719654e-04 4.484245e+01 -6.465614e-04 9.999998e-01 -3.309898e-05 -1.868190e+00 -8.718868e-04 3.253242e-05 9.999996e-01 1.726373e+01
9.999988e-01 -6.127843e-04 -1.458366e-03 4.513624e+01 6.127845e-04 9.999998e-01 1.487917e-06 -1.878539e+00 1.458265e-03 -2.378751e-06 9.999990e-01 1.709916e+01
9.999997e-01 6.349076e-04 -1.905255e-04 4.520456e+01 -6.349035e-04 9.999998e-01 7.577669e-06 -1.879875e+00 1.906301e-04 -7.459470e-06 9.999999e-01 1.673902e+01
9.999980e-01 -6.182044e-04 -1.925224e-03 4.541103e+01 6.182420e-04 9.999998e-01 2.032355e-05 -1.886681e+00 1.925111e-03 -2.151093e-05 9.999982e-01 1.650957e+01
9.999997e-01 6.420294e-04 -1.887543e-04 4.562715e+01 -6.420287e-04 9.999998e-01 -1.036573e-05 -1.894311e+00 1.888474e-04 1.048415e-05 9.999999e-01 1.634394e+01
9.999975e-01 -6.193967e-04 -2.148653e-03 4.584013e+01 6.194574e-04 9.999998e-01 2.882211e-05 -1.901659e+00 2.148535e-03 -3.015021e-05 9.999977e-01 1.615498e+01
9.999987e-01 6.527241e-04 -1.467295e-03 4.602158e+01 -6.527066e-04 9.999998e-01 1.062798e-05 -1.908145e+00 1.467401e-03 -9.673021e-06 9.999989e-01 1.599752e+01
9.999964e-01 -5.674516e-04 -2.655558e-03 4.611114e+01 5.676013e-04 9.999998e-01 5.661677e-05 -1.910809e+00 2.655426e-03 -5.812103e-05 9.999965e-01 1.574323e+01
9.999981e-01 5.637199e-04 1.850071e-03 4.630398e+01 -5.636018e-04 9.999998e-01 -6.293354e-05 -1.918610e+00 -1.850007e-03 6.188794e-05 9.999982e-01 1.569041e+01
9.999930e-01 -5.516188e-04 -3.714271e-03 4.659778e+01 5.517345e-04 9.999998e-01 3.083107e-05 -1.929277e+00 3.714154e-03 -3.287731e-05 9.999932e-01 1.557922e+01
9.999987e-01 6.628435e-04 -1.407524e-03 4.692092e+01 -6.628211e-04 9.999998e-01 1.450115e-05 -1.940901e+00 1.407633e-03 -1.357097e-05 9.999990e-01 1.549103e+01
9.999988e-01 -6.361562e-04 -1.418406e-03 4.712410e+01 6.362057e-04 9.999998e-01 3.633062e-05 -1.950843e+00 1.418283e-03 -3.723014e-05 9.999990e-01 1.567000e+01
9.999957e-01 7.256432e-04 2.808415e-03 4.752919e+01 -7.252720e-04 9.999997e-01 -1.322836e-04 -1.967341e+00 -2.808410e-03 1.302434e-04 9.999960e-01 1.587470e+01
9.999967e-01 -5.664327e-04 2.535159e-03 4.822831e+01 5.667302e-04 9.999998e-01 -1.176922e-04 -1.992806e+00 -2.535192e-03 1.191314e-04 9.999968e-01 1.608716e+01
9.999996e-01 6.626825e-04 -5.276053e-04 4.877018e+01 -6.626830e-04 9.999998e-01 -5.745826e-06 -2.013061e+00 5.277010e-04 6.092692e-06 9.999998e-01 1.622579e+01
9.999996e-01 -5.632592e-04 8.177237e-04 4.932899e+01 5.633216e-04 9.999998e-01 -7.926555e-05 -2.033759e+00 -8.177786e-04 7.972898e-05 9.999997e-01 1.634213e+01
9.999991e-01 6.927612e-04 1.121153e-03 5.003056e+01 -6.926666e-04 9.999998e-01 -8.245862e-05 -2.058855e+00 -1.121110e-03 8.167920e-05 9.999993e-01 1.645629e+01
9.999979e-01 -5.937973e-04 1.976947e-03 5.072917e+01 5.940154e-04 9.999998e-01 -1.110959e-04 -2.083193e+00 -1.976981e-03 1.122729e-04 9.999981e-01 1.642471e+01
9.999975e-01 7.163641e-04 2.099911e-03 5.146614e+01 -7.160845e-04 9.999997e-01 -1.326339e-04 -2.109294e+00 -2.099906e-03 1.311271e-04 9.999977e-01 1.652852e+01
9.999942e-01 -6.121863e-04 3.362827e-03 5.204003e+01 6.125107e-04 9.999998e-01 -9.625331e-05 -2.130548e+00 -3.362868e-03 9.831536e-05 9.999944e-01 1.670086e+01
9.999868e-01 5.994152e-04 5.092470e-03 5.233238e+01 -5.988140e-04 9.999998e-01 -1.190507e-04 -2.142196e+00 -5.092441e-03 1.159969e-04 9.999870e-01 1.677639e+01
9.999902e-01 -5.921797e-04 -4.391608e-03 5.255633e+01 5.925242e-04 9.999998e-01 7.774178e-05 -2.151383e+00 4.391461e-03 -8.034032e-05 9.999904e-01 1.679308e+01
9.999609e-01 6.301700e-04 8.814504e-03 5.290665e+01 -6.282224e-04 9.999998e-01 -2.234087e-04 -2.165596e+00 -8.814543e-03 2.178597e-04 9.999611e-01 1.693135e+01
9.999725e-01 -7.177739e-04 7.390327e-03 5.328832e+01 7.195919e-04 9.999997e-01 -2.437124e-04 -2.181150e+00 -7.390250e-03 2.490266e-04 9.999727e-01 1.708883e+01
9.999433e-01 5.850265e-04 1.062885e-02 5.360910e+01 -5.818666e-04 9.999998e-01 -3.001203e-04 -2.195074e+00 -1.062892e-02 2.939159e-04 9.999434e-01 1.724596e+01
9.999606e-01 -7.183733e-04 8.850115e-03 5.396303e+01 7.207735e-04 9.999997e-01 -2.683454e-04 -2.209862e+00 -8.850019e-03 2.747166e-04 9.999609e-01 1.738805e+01
9.999880e-01 6.684477e-04 4.851273e-03 5.429847e+01 -6.678156e-04 9.999998e-01 -1.313175e-04 -2.224026e+00 -4.851260e-03 1.280733e-04 9.999882e-01 1.755187e+01
9.999204e-01 -7.050456e-04 1.259787e-02 5.485932e+01 7.103009e-04 9.999997e-01 -4.129216e-04 -2.244734e+00 -1.259767e-02 4.218399e-04 9.999206e-01 1.763305e+01
9.999997e-01 6.733425e-04 -2.267912e-04 5.530377e+01 -6.733314e-04 9.999998e-01 3.544020e-05 -2.261918e+00 2.269149e-04 -3.529029e-05 9.999999e-01 1.778305e+01
9.999848e-01 -6.381889e-04 5.486473e-03 5.574273e+01 6.394062e-04 9.999998e-01 -2.206795e-04 -2.278587e+00 -5.486430e-03 2.241871e-04 9.999850e-01 1.789214e+01
9.999583e-01 6.173035e-04 9.101478e-03 5.639724e+01 -6.149084e-04 9.999998e-01 -2.656104e-04 -2.302094e+00 -9.101541e-03 2.599999e-04 9.999585e-01 1.797211e+01
9.999595e-01 -6.418773e-04 8.985401e-03 5.694610e+01 6.446689e-04 9.999997e-01 -3.081274e-04 -2.322617e+00 -8.985301e-03 3.139104e-04 9.999596e-01 1.807707e+01
9.999982e-01 6.828147e-04 -1.723925e-03 5.739247e+01 -6.827213e-04 9.999998e-01 5.298469e-05 -2.340038e+00 1.724060e-03 -5.181043e-05 9.999985e-01 1.826999e+01
9.999921e-01 -5.747243e-04 3.956890e-03 5.799991e+01 5.756608e-04 9.999998e-01 -2.363192e-04 -2.362233e+00 -3.956853e-03 2.385980e-04 9.999922e-01 1.839597e+01
9.999904e-01 6.854853e-04 -4.319272e-03 5.865733e+01 -6.849760e-04 9.999998e-01 1.186579e-04 -2.385498e+00 4.319452e-03 -1.157010e-04 9.999906e-01 1.838711e+01
9.999977e-01 -5.310487e-04 2.122157e-03 5.928168e+01 5.313691e-04 9.999998e-01 -1.519177e-04 -2.408217e+00 -2.122176e-03 1.530479e-04 9.999978e-01 1.849360e+01
9.999991e-01 6.979026e-04 -1.083981e-03 6.008543e+01 -6.979240e-04 9.999998e-01 -2.227255e-05 -2.436304e+00 1.084065e-03 2.302627e-05 9.999994e-01 1.854376e+01
9.999764e-01 -5.544633e-04 6.854890e-03 6.093757e+01 5.562947e-04 9.999998e-01 -2.657174e-04 -2.465974e+00 -6.854841e-03 2.695273e-04 9.999765e-01 1.861818e+01
9.999970e-01 7.151697e-04 -2.327572e-03 6.165947e+01 -7.150603e-04 9.999997e-01 4.648540e-05 -2.491996e+00 2.327704e-03 -4.482368e-05 9.999972e-01 1.880907e+01
9.999903e-01 -6.084987e-04 4.382222e-03 6.214832e+01 6.092633e-04 9.999998e-01 -1.738660e-04 -2.510995e+00 -4.382215e-03 1.765371e-04 9.999904e-01 1.903122e+01
9.999895e-01 7.023788e-04 -4.511238e-03 6.251759e+01 -7.016763e-04 9.999997e-01 1.565768e-04 -2.526961e+00 4.511446e-03 -1.534125e-04 9.999898e-01 1.929981e+01
9.999887e-01 -5.735795e-04 4.737279e-03 6.293114e+01 5.745204e-04 9.999998e-01 -1.979234e-04 -2.544663e+00 -4.737264e-03 2.006456e-04 9.999888e-01 1.960946e+01
9.999863e-01 7.432180e-04 -5.165542e-03 6.358038e+01 -7.425608e-04 9.999997e-01 1.285254e-04 -2.568708e+00 5.165735e-03 -1.246907e-04 9.999866e-01 1.980425e+01
9.999875e-01 -5.951684e-04 4.978013e-03 6.421991e+01 5.960833e-04 9.999998e-01 -1.829300e-04 -2.592358e+00 -4.978002e-03 1.858978e-04 9.999876e-01 1.997857e+01
9.999830e-01 7.469610e-04 -5.774425e-03 6.473290e+01 -7.459330e-04 9.999997e-01 1.796225e-04 -2.612943e+00 5.774657e-03 -1.753148e-04 9.999833e-01 2.025315e+01
9.999910e-01 -5.803961e-04 4.207782e-03 6.532057e+01 5.811690e-04 9.999998e-01 -1.831967e-04 -2.634957e+00 -4.207774e-03 1.856433e-04 9.999912e-01 2.044340e+01
9.999948e-01 6.927648e-04 -3.128445e-03 6.588420e+01 -6.926113e-04 9.999998e-01 4.914249e-05 -2.655589e+00 3.128578e-03 -4.697818e-05 9.999951e-01 2.051802e+01
9.999934e-01 -5.378302e-04 3.618492e-03 6.661609e+01 5.385309e-04 9.999998e-01 -1.935433e-04 -2.681521e+00 -3.618486e-03 1.954935e-04 9.999935e-01 2.059591e+01
9.999922e-01 6.757527e-04 -3.869418e-03 6.708303e+01 -6.750482e-04 9.999998e-01 1.825383e-04 -2.700580e+00 3.869640e-03 -1.799276e-04 9.999925e-01 2.086814e+01
9.999958e-01 -5.419249e-04 2.876307e-03 6.755162e+01 5.424453e-04 9.999998e-01 -1.812348e-04 -2.719683e+00 -2.876308e-03 1.827970e-04 9.999959e-01 2.113555e+01
9.999945e-01 6.436624e-04 -3.249811e-03 6.787462e+01 -6.430122e-04 9.999998e-01 2.001481e-04 -2.734875e+00 3.250039e-03 -1.980600e-04 9.999947e-01 2.146154e+01
9.999976e-01 -5.389155e-04 2.127671e-03 6.805392e+01 5.391765e-04 9.999998e-01 -1.235450e-04 -2.748706e+00 -2.127704e-03 1.246946e-04 9.999978e-01 2.197046e+01
9.999948e-01 6.576664e-04 -3.124119e-03 6.836159e+01 -6.571480e-04 9.999998e-01 1.659801e-04 -2.764330e+00 3.124327e-03 -1.639289e-04 9.999951e-01 2.235916e+01
9.999985e-01 -5.449229e-04 1.676926e-03 6.864843e+01 5.450955e-04 9.999998e-01 -1.042945e-04 -2.779610e+00 -1.676968e-03 1.052112e-04 9.999986e-01 2.276977e+01
9.999949e-01 6.495894e-04 -3.099028e-03 6.887045e+01 -6.490768e-04 9.999998e-01 1.653975e-04 -2.793588e+00 3.099234e-03 -1.633879e-04 9.999951e-01 2.321883e+01
9.999990e-01 -5.457775e-04 1.314927e-03 6.907768e+01 5.458794e-04 9.999998e-01 -7.943800e-05 -2.807541e+00 -1.314983e-03 8.015848e-05 9.999992e-01 2.369626e+01
9.999914e-01 6.195281e-04 -4.083327e-03 6.926272e+01 -6.187073e-04 9.999998e-01 2.015347e-04 -2.820345e+00 4.083550e-03 -1.990093e-04 9.999916e-01 2.413820e+01
9.999994e-01 -5.352919e-04 1.042419e-03 6.940228e+01 5.353253e-04 9.999999e-01 -3.466839e-05 -2.832694e+00 -1.042500e-03 3.522916e-05 9.999995e-01 2.463027e+01
9.999830e-01 6.492233e-04 -5.781668e-03 6.961701e+01 -6.480116e-04 9.999998e-01 2.109245e-04 -2.845217e+00 5.781903e-03 -2.071770e-04 9.999832e-01 2.499842e+01
9.999997e-01 -4.597550e-04 -7.018469e-04 6.992082e+01 4.597605e-04 9.999999e-01 1.192153e-05 -2.859717e+00 7.017417e-04 -1.224148e-05 9.999998e-01 2.531707e+01
9.999657e-01 6.944056e-04 -8.246047e-03 7.015832e+01 -6.918131e-04 9.999997e-01 3.168831e-04 -2.872376e+00 8.246365e-03 -3.111702e-04 9.999659e-01 2.564768e+01
9.999901e-01 -3.413483e-04 -4.441079e-03 7.035002e+01 3.420013e-04 9.999999e-01 1.469274e-04 -2.883816e+00 4.440929e-03 -1.484421e-04 9.999902e-01 2.597996e+01
9.999991e-01 5.012618e-04 -1.200699e-03 7.056202e+01 -5.011824e-04 9.999999e-01 6.409618e-05 -2.896729e+00 1.200831e-03 -6.349699e-05 9.999992e-01 2.638070e+01
9.999111e-01 -1.144453e-04 -1.333468e-02 7.076123e+01 1.208762e-04 9.999999e-01 4.816738e-04 -2.908139e+00 1.333452e-02 -4.832402e-04 9.999110e-01 2.669115e+01
9.999793e-01 6.837698e-04 -6.393807e-03 7.101030e+01 -6.818793e-04 9.999997e-01 2.974377e-04 -2.920410e+00 6.394109e-03 -2.930743e-04 9.999795e-01 2.694238e+01
9.999936e-01 -3.812914e-04 -3.558140e-03 7.129498e+01 3.814847e-04 9.999999e-01 5.440527e-05 -2.934049e+00 3.558019e-03 -5.575970e-05 9.999937e-01 2.723468e+01
9.999996e-01 5.468118e-04 -5.779378e-04 7.161711e+01 -5.467547e-04 9.999998e-01 9.436863e-05 -2.949434e+00 5.780893e-04 -9.405516e-05 9.999998e-01 2.758357e+01
9.999975e-01 -4.511549e-04 -2.193237e-03 7.191613e+01 4.511475e-04 9.999999e-01 -2.666835e-06 -2.963831e+00 2.193138e-03 1.679941e-06 9.999976e-01 2.790493e+01
9.999998e-01 5.683974e-04 -3.399285e-05 7.242110e+01 -5.683946e-04 9.999998e-01 5.673161e-06 -2.982898e+00 3.409603e-05 -5.656375e-06 9.999999e-01 2.802252e+01
9.999986e-01 -4.790700e-04 -1.627658e-03 7.285750e+01 4.790402e-04 9.999999e-01 -1.714521e-05 -2.999796e+00 1.627566e-03 1.636806e-05 9.999987e-01 2.814137e+01
9.999967e-01 6.253715e-04 2.462935e-03 7.340991e+01 -6.252114e-04 9.999998e-01 -6.471711e-05 -3.020965e+00 -2.462875e-03 6.317452e-05 9.999969e-01 2.836593e+01
9.999979e-01 -4.690266e-04 -2.022807e-03 7.413764e+01 4.689704e-04 9.999999e-01 -2.698930e-05 -3.047206e+00 2.022719e-03 2.604318e-05 9.999980e-01 2.850655e+01
9.999915e-01 6.279782e-04 4.059911e-03 7.494191e+01 -6.274083e-04 9.999998e-01 -1.409976e-04 -3.075502e+00 -4.059899e-03 1.384467e-04 9.999917e-01 2.859545e+01
9.999999e-01 -4.958048e-04 3.003019e-04 7.558574e+01 4.958195e-04 9.999999e-01 -5.730713e-05 -3.098868e+00 -3.003734e-04 5.745859e-05 1.000000e+00 2.874637e+01
9.999921e-01 6.621241e-04 3.907090e-03 7.616460e+01 -6.616918e-04 9.999998e-01 -1.112842e-04 -3.120655e+00 -3.907063e-03 1.086955e-04 9.999923e-01 2.896764e+01
9.999998e-01 -5.068985e-04 -5.387238e-04 7.664575e+01 5.068906e-04 9.999999e-01 -9.878726e-06 -3.140003e+00 5.386288e-04 9.608212e-06 9.999999e-01 2.924257e+01
9.999981e-01 6.473379e-04 1.811246e-03 7.710966e+01 -6.472614e-04 9.999998e-01 -4.141343e-05 -3.158883e+00 -1.811173e-03 4.023850e-05 9.999983e-01 2.950761e+01
9.999999e-01 -5.265704e-04 7.863758e-06 7.762109e+01 5.265682e-04 9.999999e-01 -4.085372e-05 -3.178432e+00 -7.942191e-06 4.086041e-05 1.000000e+00 2.967848e+01
9.999975e-01 6.598805e-04 2.100990e-03 7.803956e+01 -6.598122e-04 9.999998e-01 -3.196759e-05 -3.196172e+00 -2.100910e-03 3.057876e-05 9.999977e-01 2.998081e+01
9.999987e-01 -4.775043e-04 -1.573479e-03 7.861890e+01 4.774451e-04 9.999999e-01 -3.633100e-05 -3.219136e+00 1.573396e-03 3.558224e-05 9.999988e-01 3.029545e+01
9.999996e-01 6.315110e-04 5.149342e-04 7.920765e+01 -6.315239e-04 9.999998e-01 2.979772e-05 -3.241395e+00 -5.148153e-04 -3.012538e-05 9.999998e-01 3.050976e+01
9.999981e-01 -5.512493e-04 1.894579e-03 7.959706e+01 5.514961e-04 9.999998e-01 -1.311067e-04 -3.257114e+00 -1.894606e-03 1.321538e-04 9.999982e-01 3.068380e+01
9.999913e-01 5.974284e-04 4.105307e-03 7.996151e+01 -5.972122e-04 9.999998e-01 -5.325422e-05 -3.271688e+00 -4.105238e-03 5.079954e-05 9.999915e-01 3.084024e+01
9.999995e-01 -5.639106e-04 -8.417337e-04 8.016620e+01 5.638886e-04 9.999998e-01 -2.324121e-05 -3.281971e+00 8.416468e-04 2.276909e-05 9.999997e-01 3.106180e+01
9.999989e-01 6.196306e-04 1.284417e-03 8.040390e+01 -6.196243e-04 9.999998e-01 -3.263822e-06 -3.294184e+00 -1.284319e-03 2.465492e-06 9.999991e-01 3.134737e+01
9.999941e-01 -5.081765e-04 3.414941e-03 8.082291e+01 5.087361e-04 9.999999e-01 -1.637703e-04 -3.311874e+00 -3.414958e-03 1.655092e-04 9.999942e-01 3.165660e+01
9.999997e-01 6.086192e-04 2.510472e-04 8.121000e+01 -6.086229e-04 9.999998e-01 2.506575e-05 -3.328103e+00 -2.509320e-04 -2.522100e-05 9.999999e-01 3.190934e+01
9.999999e-01 -5.198327e-04 -8.896335e-06 8.162871e+01 5.198296e-04 9.999999e-01 -5.002039e-05 -3.344846e+00 8.822458e-06 5.001828e-05 1.000000e+00 3.209257e+01
9.999998e-01 5.754409e-04 -8.906605e-05 8.194136e+01 -5.754353e-04 9.999998e-01 3.370353e-05 -3.358072e+00 8.918531e-05 -3.365473e-05 9.999999e-01 3.226248e+01
9.999999e-01 -5.474117e-04 -3.206584e-04 8.221034e+01 5.473948e-04 9.999998e-01 -4.486467e-05 -3.369985e+00 3.205830e-04 4.469165e-05 1.000000e+00 3.242860e+01
9.999998e-01 5.923682e-04 -1.059465e-04 8.255157e+01 -5.923623e-04 9.999998e-01 3.051660e-05 -3.384076e+00 1.060644e-04 -3.045629e-05 9.999999e-01 3.259078e+01
9.999992e-01 -5.175640e-04 -1.156151e-03 8.278504e+01 5.175817e-04 9.999999e-01 1.729781e-05 -3.397026e+00 1.156042e-03 -1.789369e-05 9.999994e-01 3.294713e+01
9.999998e-01 6.058187e-04 6.190651e-05 8.314014e+01 -6.058164e-04 9.999998e-01 4.408980e-06 -3.412568e+00 -6.180393e-05 -4.448932e-06 1.000000e+00 3.320243e+01
9.999999e-01 -5.495871e-04 6.762156e-05 8.351213e+01 5.495874e-04 9.999998e-01 -4.214802e-05 -3.427599e+00 -6.769827e-05 4.218768e-05 1.000000e+00 3.333754e+01
9.999989e-01 6.044178e-04 1.335877e-03 8.390649e+01 -6.043873e-04 9.999998e-01 -2.135117e-05 -3.442966e+00 -1.335790e-03 2.054131e-05 9.999991e-01 3.342665e+01
9.999992e-01 -5.212408e-04 -1.189445e-03 8.437445e+01 5.212037e-04 9.999999e-01 -2.929432e-05 -3.461036e+00 1.189360e-03 2.867685e-05 9.999993e-01 3.356951e+01
9.999995e-01 6.367690e-04 6.302695e-04 8.485508e+01 -6.367715e-04 9.999998e-01 7.869218e-06 -3.479943e+00 -6.301645e-04 -8.272992e-06 9.999998e-01 3.377358e+01
9.999936e-01 -4.638625e-04 -3.574700e-03 8.549641e+01 4.638422e-04 9.999999e-01 -5.762541e-06 -3.503481e+00 3.574602e-03 4.106891e-06 9.999937e-01 3.395474e+01
9.999997e-01 6.767304e-04 -2.019143e-04 8.613556e+01 -6.767161e-04 9.999998e-01 5.810372e-05 -3.526884e+00 2.020535e-04 -5.796949e-05 9.999999e-01 3.414101e+01
9.999994e-01 -5.322855e-04 -9.660414e-04 8.677337e+01 5.322018e-04 9.999999e-01 -8.420758e-05 -3.550435e+00 9.659862e-04 8.369588e-05 9.999996e-01 3.430755e+01
9.999992e-01 5.851646e-04 -1.089264e-03 8.727371e+01 -5.851439e-04 9.999998e-01 1.701552e-05 -3.566125e+00 1.089374e-03 -1.638056e-05 9.999994e-01 3.394006e+01
9.999994e-01 -5.108712e-04 -9.977770e-04 8.781325e+01 5.108175e-04 9.999999e-01 -5.152615e-05 -3.582105e+00 9.977033e-04 5.101891e-05 9.999995e-01 3.346787e+01
9.999948e-01 6.136136e-04 -3.134209e-03 8.833740e+01 -6.135189e-04 9.999998e-01 3.039221e-05 -3.600012e+00 3.134327e-03 -2.847158e-05 9.999950e-01 3.334514e+01
9.999992e-01 -4.662593e-04 -1.185742e-03 8.893654e+01 4.662439e-04 9.999999e-01 -1.114541e-05 -3.620758e+00 1.185647e-03 1.059504e-05 9.999993e-01 3.329451e+01
9.999958e-01 5.440815e-04 -2.843829e-03 8.950987e+01 -5.441819e-04 9.999999e-01 -3.541645e-05 -3.639502e+00 2.843909e-03 3.696143e-05 9.999959e-01 3.306802e+01
9.999983e-01 -4.420177e-04 -1.823143e-03 9.010501e+01 4.420088e-04 9.999999e-01 -3.936925e-06 -3.658350e+00 1.823045e-03 3.133554e-06 9.999984e-01 3.276106e+01
9.999969e-01 5.960761e-04 -2.401419e-03 9.077711e+01 -5.961059e-04 9.999998e-01 -1.274283e-05 -3.681002e+00 2.401511e-03 1.417186e-05 9.999971e-01 3.264519e+01
9.999997e-01 -4.405330e-04 -7.070449e-04 9.146938e+01 4.405260e-04 9.999999e-01 -6.552449e-06 -3.705178e+00 7.069477e-04 6.243453e-06 9.999998e-01 3.266399e+01
9.999965e-01 4.874194e-04 -2.600291e-03 9.201510e+01 -4.876016e-04 9.999999e-01 -7.039766e-05 -3.723290e+00 2.600357e-03 7.166288e-05 9.999966e-01 3.247197e+01
9.999947e-01 -3.848142e-04 -3.246947e-03 9.251173e+01 3.851485e-04 9.999999e-01 1.030817e-04 -3.738494e+00 3.246807e-03 -1.043292e-04 9.999948e-01 3.210247e+01
9.999929e-01 5.664250e-04 -3.700104e-03 9.315010e+01 -5.665366e-04 9.999998e-01 -2.979864e-05 -3.758556e+00 3.700186e-03 3.189225e-05 9.999931e-01 3.178777e+01
9.999862e-01 -3.200794e-04 -5.246136e-03 9.377043e+01 3.212374e-04 9.999999e-01 2.203696e-04 -3.779226e+00 5.245966e-03 -2.220494e-04 9.999863e-01 3.166927e+01
9.999998e-01 4.771713e-04 -1.429584e-04 9.441284e+01 -4.771967e-04 9.999999e-01 -1.949125e-04 -3.800326e+00 1.429653e-04 1.949783e-04 9.999999e-01 3.147885e+01
9.999940e-01 -3.979939e-04 -3.454696e-03 9.491600e+01 3.986426e-04 9.999999e-01 1.877896e-04 -3.814535e+00 3.454521e-03 -1.891632e-04 9.999941e-01 3.092176e+01
9.999998e-01 4.973548e-04 -3.217790e-04 9.541015e+01 -4.974106e-04 9.999999e-01 -1.806391e-04 -3.828740e+00 3.217890e-04 1.807967e-04 9.999999e-01 3.042186e+01
9.999913e-01 -4.098713e-04 -4.156588e-03 9.592090e+01 4.106105e-04 9.999999e-01 1.775635e-04 -3.844047e+00 4.156415e-03 -1.792662e-04 9.999914e-01 3.000505e+01
9.999995e-01 4.815723e-04 -7.782725e-04 9.633822e+01 -4.816606e-04 9.999999e-01 -1.163547e-04 -3.857157e+00 7.783162e-04 1.167271e-04 9.999996e-01 2.968749e+01
9.999961e-01 -4.474748e-04 -2.768863e-03 9.677749e+01 4.477891e-04 9.999999e-01 1.137167e-04 -3.871229e+00 2.768711e-03 -1.149537e-04 9.999962e-01 2.941601e+01
9.999989e-01 5.250938e-04 -1.354437e-03 9.733920e+01 -5.252590e-04 9.999999e-01 -1.233814e-04 -3.888194e+00 1.354472e-03 1.240903e-04 9.999990e-01 2.899031e+01
9.999979e-01 -4.651494e-04 -2.000247e-03 9.787609e+01 4.653470e-04 9.999999e-01 9.951946e-05 -3.904317e+00 2.000101e-03 -1.004476e-04 9.999980e-01 2.854960e+01
9.999998e-01 5.080591e-04 -3.238359e-04 9.837715e+01 -5.080981e-04 9.999999e-01 -1.276122e-04 -3.919795e+00 3.238708e-04 1.277743e-04 9.999999e-01 2.816531e+01
9.999998e-01 -4.826698e-04 -5.617197e-04 9.873325e+01 4.827312e-04 9.999999e-01 1.133622e-04 -3.930999e+00 5.615651e-04 -1.136308e-04 9.999999e-01 2.782188e+01
9.999978e-01 5.390180e-04 -2.015520e-03 9.913168e+01 -5.392678e-04 9.999998e-01 -1.245368e-04 -3.942804e+00 2.015552e-03 1.256210e-04 9.999979e-01 2.740185e+01
