9.999949e-01 8.801943e-05 3.194184e-03 5.303522e-01 -8.749051e-05 1.000000e+00 -1.657317e-04 -1.980866e-02 -3.194199e-03 1.654510e-04 9.999950e-01 1.232571e-01
9.999947e-01 4.154765e-05 3.243755e-03 1.193204e+00 -4.118828e-05 1.000000e+00 -1.108488e-04 -4.396551e-02 -3.243758e-03 1.107151e-04 9.999946e-01 3.044116e-01
9.999920e-01 3.269986e-05 3.994229e-03 1.810396e+00 -3.206491e-05 1.000000e+00 -1.590335e-04 -6.605558e-02 -3.994236e-03 1.589037e-04 9.999921e-01 3.587241e-01
9.999885e-01 6.290370e-05 4.788517e-03 2.522198e+00 -6.189171e-05 1.000000e+00 -2.114825e-04 -9.151252e-02 -4.788528e-03 2.111840e-04 9.999884e-01 5.007526e-01
9.999939e-01 -1.102004e-05 3.494340e-03 3.152043e+00 1.140720e-05 1.000000e+00 -1.107782e-04 -1.137441e-01 -3.494342e-03 1.108171e-04 9.999940e-01 5.199949e-01
9.999841e-01 1.288135e-05 5.637603e-03 3.627912e+00 -1.182533e-05 1.000000e+00 -1.873492e-04 -1.303302e-01 -5.637601e-03 1.872799e-04 9.999840e-01 4.213698e-01
9.999907e-01 5.172958e-05 -4.310901e-03 4.103258e+00 -5.131500e-05 1.000000e+00 9.628291e-05 -1.464980e-01 4.310901e-03 -9.606111e-05 9.999908e-01 2.352117e-01
9.999841e-01 2.214267e-05 5.647669e-03 4.751696e+00 -2.089448e-05 1.000000e+00 -2.210661e-04 -1.690019e-01 -5.647669e-03 2.209448e-04 9.999839e-01 1.373180e-01
9.999697e-01 4.082312e-05 -7.786252e-03 5.227822e+00 -3.929523e-05 1.000000e+00 1.963837e-04 -1.867606e-01 7.786255e-03 -1.960721e-04 9.999698e-01 2.096658e-01
9.999953e-01 2.838711e-04 -3.042259e-03 5.583143e+00 -2.835449e-04 1.000000e+00 1.076217e-04 -2.007097e-01 3.042292e-03 -1.067582e-04 9.999953e-01 3.127751e-01
9.999839e-01 -7.460934e-05 -5.667839e-03 5.848010e+00 7.498562e-05 1.000000e+00 6.617715e-05 -2.104767e-01 5.667831e-03 -6.660143e-05 9.999840e-01 2.240193e-01
9.999614e-01 7.667505e-05 8.784636e-03 5.980301e+00 -7.540241e-05 1.000000e+00 -1.452012e-04 -2.157405e-01 -8.784645e-03 1.445335e-04 9.999613e-01 1.066959e-01
9.999697e-01 -4.446345e-05 -7.788354e-03 6.044499e+00 4.501278e-05 1.000000e+00 7.035784e-05 -2.183728e-01 7.788348e-03 -7.070660e-05 9.999698e-01 -3.183673e-02
9.999990e-01 1.967151e-04 -1.399018e-03 5.988801e+00 -1.964434e-04 1.000000e+00 1.943500e-04 -2.187846e-01 1.399058e-03 -1.940746e-04 9.999989e-01 -1.694297e-02
9.999626e-01 3.484856e-05 -8.646540e-03 6.152868e+00 -3.376464e-05 1.000000e+00 1.255061e-04 -2.283139e-01 8.646543e-03 -1.252099e-04 9.999627e-01 2.282705e-01
9.999426e-01 2.521381e-05 1.071481e-02 6.564912e+00 -2.235301e-05 1.000000e+00 -2.671132e-04 -2.445427e-01 -1.071481e-02 2.668587e-04 9.999425e-01 4.215871e-01
9.996636e-01 4.680197e-04 -2.593016e-02 6.809786e+00 -4.478459e-04 9.999996e-01 7.838082e-04 -2.557258e-01 2.593052e-02 -7.719323e-04 9.996635e-01 5.712852e-01
9.999824e-01 1.074756e-04 5.929723e-03 7.007927e+00 -1.071321e-04 1.000000e+00 -5.825289e-05 -2.647256e-01 -5.929732e-03 5.761708e-05 9.999823e-01 6.179991e-01
9.998881e-01 2.142401e-04 -1.495914e-02 7.218591e+00 -2.087760e-04 9.999999e-01 3.668302e-04 -2.743610e-01 1.495922e-02 -3.636666e-04 9.998881e-01 7.194954e-01
9.997813e-01 -1.737845e-04 2.091106e-02 7.587826e+00 1.855511e-04 9.999998e-01 -5.607582e-04 -2.895687e-01 -2.091096e-02 5.645161e-04 9.997811e-01 8.883989e-01
9.999872e-01 1.004511e-04 -5.058078e-03 8.073428e+00 -1.001516e-04 1.000000e+00 5.945883e-05 -3.087669e-01 5.058085e-03 -5.895194e-05 9.999873e-01 1.103029e+00
9.996724e-01 -2.299335e-04 2.559408e-02 8.487490e+00 2.475268e-04 9.999997e-01 -6.842278e-04 -3.255429e-01 -2.559392e-02 6.903392e-04 9.996721e-01 1.258721e+00
9.998189e-01 2.020507e-04 -1.903075e-02 8.806097e+00 -1.933044e-04 9.999999e-01 4.614258e-04 -3.388419e-01 1.903084e-02 -4.576639e-04 9.998189e-01 1.431675e+00
9.997319e-01 -1.374928e-04 2.315276e-02 9.015916e+00 1.524314e-04 9.999998e-01 -6.434552e-04 -3.459034e-01 -2.315267e-02 6.468123e-04 9.997316e-01 1.269384e+00
9.999849e-01 -1.481023e-05 -5.493353e-03 9.109267e+00 1.563494e-05 1.000000e+00 1.500889e-04 -3.498989e-01 5.493347e-03 -1.501728e-04 9.999850e-01 1.055107e+00
9.995196e-01 -2.093848e-04 3.099289e-02 9.247816e+00 2.378185e-04 9.999996e-01 -9.137428e-04 -3.566141e-01 -3.099268e-02 9.206747e-04 9.995191e-01 9.996426e-01
9.996852e-01 2.410748e-04 -2.508808e-02 9.344701e+00 -2.203161e-04 9.999996e-01 8.301966e-04 -3.574828e-01 2.508827e-02 -8.244082e-04 9.996850e-01 4.524338e-01
9.995778e-01 -2.125207e-04 2.905640e-02 9.671497e+00 2.407211e-04 9.999995e-01 -9.670455e-04 -3.690997e-01 -2.905618e-02 9.736318e-04 9.995772e-01 3.178197e-01
9.996391e-01 3.327980e-04 -2.686266e-02 1.017445e+01 -3.103053e-04 9.999996e-01 8.414860e-04 -3.881839e-01 2.686292e-02 -8.328469e-04 9.996389e-01 4.634921e-01
9.993977e-01 -2.791668e-04 3.470019e-02 1.068142e+01 3.178377e-04 9.999993e-01 -1.108918e-03 -4.077081e-01 -3.469985e-02 1.119279e-03 9.993971e-01 6.804838e-01
9.995305e-01 3.507891e-04 -3.063614e-02 1.105297e+01 -3.213408e-04 9.999995e-01 9.661446e-04 -4.229340e-01 3.063645e-02 -9.558465e-04 9.995302e-01 8.863224e-01
9.992527e-01 -3.197390e-04 3.865101e-02 1.140589e+01 3.657418e-04 9.999992e-01 -1.183143e-03 -4.375722e-01 -3.865059e-02 1.196396e-03 9.992520e-01 1.082478e+00
9.990822e-01 4.721094e-04 -4.283118e-02 1.170299e+01 -4.168408e-04 9.999991e-01 1.299303e-03 -4.506814e-01 4.283175e-02 -1.280257e-03 9.990816e-01 1.277471e+00
9.993450e-01 -2.705864e-04 3.618745e-02 1.199627e+01 3.106361e-04 9.999993e-01 -1.101110e-03 -4.634801e-01 -3.618712e-02 1.111630e-03 9.993443e-01 1.463328e+00
9.990424e-01 4.587218e-04 -4.375059e-02 1.222063e+01 -4.017846e-04 9.999991e-01 1.310190e-03 -4.736047e-01 4.375115e-02 -1.291358e-03 9.990417e-01 1.589950e+00
9.993964e-01 -1.989854e-04 3.473836e-02 1.246067e+01 2.338235e-04 9.999995e-01 -9.988126e-04 -4.848409e-01 -3.473814e-02 1.006333e-03 9.993958e-01 1.794562e+00
9.992712e-01 3.400808e-04 -3.816950e-02 1.278034e+01 -2.983702e-04 9.999994e-01 1.098466e-03 -4.985586e-01 3.816984e-02 -1.086277e-03 9.992708e-01 1.998283e+00
9.993097e-01 -2.290782e-04 3.715030e-02 1.326332e+01 2.720159e-04 9.999993e-01 -1.150732e-03 -5.166663e-01 -3.715000e-02 1.160044e-03 9.993089e-01 2.053832e+00
9.991670e-01 3.649334e-04 -4.080636e-02 1.370605e+01 -3.175275e-04 9.999993e-01 1.168202e-03 -5.331499e-01 4.080675e-02 -1.154272e-03 9.991665e-01 2.101534e+00
9.995579e-01 -2.594647e-05 2.973304e-02 1.410095e+01 5.155086e-05 9.999996e-01 -8.603759e-04 -5.484061e-01 -2.973300e-02 8.615285e-04 9.995574e-01 2.203573e+00
9.992358e-01 3.775549e-04 -3.908590e-02 1.453159e+01 -3.327915e-04 9.999993e-01 1.151757e-03 -5.654541e-01 3.908631e-02 -1.137869e-03 9.992353e-01 2.389506e+00
9.995276e-01 -1.359738e-05 3.073470e-02 1.509869e+01 4.175478e-05 9.999996e-01 -9.155014e-04 -5.863351e-01 -3.073467e-02 9.163525e-04 9.995271e-01 2.522333e+00
9.994337e-01 2.477498e-04 -3.364917e-02 1.578743e+01 -2.171699e-04 9.999996e-01 9.124387e-04 -6.109526e-01 3.364938e-02 -9.046147e-04 9.994334e-01 2.606887e+00
9.997303e-01 8.622872e-05 2.322307e-02 1.624646e+01 -7.207075e-05 9.999998e-01 -6.104868e-04 -6.281542e-01 -2.322312e-02 6.086487e-04 9.997300e-01 2.685349e+00
9.996356e-01 1.414720e-04 -2.699240e-02 1.678215e+01 -1.235083e-04 9.999998e-01 6.671789e-04 -6.482664e-01 2.699248e-02 -6.636023e-04 9.996355e-01 2.827220e+00
9.996226e-01 1.140055e-05 2.747268e-02 1.737017e+01 9.825405e-06 9.999997e-01 -7.724843e-04 -6.700246e-01 -2.747268e-02 7.724630e-04 9.996222e-01 2.968361e+00
9.996965e-01 8.416875e-05 -2.463536e-02 1.790187e+01 -6.904550e-05 9.999998e-01 6.147344e-04 -6.892895e-01 2.463540e-02 -6.128472e-04 9.996964e-01 2.983130e+00
9.998934e-01 2.434987e-04 1.460052e-02 1.823937e+01 -2.389533e-04 9.999999e-01 -3.130604e-04 -7.031584e-01 -1.460060e-02 3.095385e-04 9.998933e-01 3.109851e+00
9.999065e-01 -1.533994e-04 -1.367138e-02 1.859554e+01 1.568016e-04 1.000000e+00 2.477878e-04 -7.184473e-01 1.367134e-02 -2.499086e-04 9.999066e-01 3.337954e+00
9.998707e-01 2.464900e-04 1.607695e-02 1.900315e+01 -2.406863e-04 9.999999e-01 -3.629247e-04 -7.357522e-01 -1.607704e-02 3.590086e-04 9.998706e-01 3.630104e+00
9.998764e-01 -1.398018e-04 -1.572419e-02 1.946909e+01 1.436400e-04 1.000000e+00 2.429679e-04 -7.535634e-01 1.572415e-02 -2.451968e-04 9.998764e-01 3.800486e+00
9.999890e-01 7.676751e-04 -4.625103e-03 1.977837e+01 -7.651518e-04 9.999996e-01 5.473189e-04 -7.673567e-01 4.625521e-03 -5.437736e-04 9.999891e-01 4.020121e+00
9.999688e-01 -3.091178e-04 -7.887947e-03 2.026342e+01 3.080603e-04 9.999999e-01 -1.352848e-04 -7.863040e-01 7.887990e-03 1.328502e-04 9.999690e-01 4.248047e+00
9.996250e-01 1.343698e-03 -2.735206e-02 2.059400e+01 -1.299995e-03 9.999979e-01 1.615513e-03 -8.001298e-01 2.735416e-02 -1.579349e-03 9.996245e-01 4.368339e+00
9.999932e-01 -5.973465e-04 3.633797e-03 2.103624e+01 5.999286e-04 9.999996e-01 -7.095665e-04 -8.162580e-01 -3.633363e-03 7.117411e-04 9.999932e-01 4.397813e+00
9.990208e-01 1.728572e-03 -4.420864e-02 2.125258e+01 -1.624495e-03 9.999958e-01 2.390020e-03 -8.267932e-01 4.421257e-02 -2.315863e-03 9.990194e-01 4.516743e+00
9.999994e-01 -4.382627e-04 -1.008314e-03 2.144267e+01 4.377819e-04 9.999998e-01 -4.769262e-04 -8.367648e-01 1.008539e-03 4.764836e-04 9.999995e-01 4.649322e+00
9.990131e-01 1.672743e-03 -4.438568e-02 2.161451e+01 -1.567889e-03 9.999959e-01 2.397044e-03 -8.465914e-01 4.438948e-02 -2.325086e-03 9.990115e-01 4.816720e+00
9.999994e-01 -4.050413e-04 -1.003559e-03 2.178823e+01 4.045515e-04 9.999998e-01 -4.879938e-04 -8.564355e-01 1.003781e-03 4.875862e-04 9.999995e-01 4.983032e+00
9.992840e-01 1.557599e-03 -3.780184e-02 2.204559e+01 -1.475883e-03 9.999965e-01 2.189493e-03 -8.688574e-01 3.780509e-02 -2.132133e-03 9.992828e-01 5.173991e+00
9.999872e-01 -5.469254e-04 5.034286e-03 2.233562e+01 5.509059e-04 9.999995e-01 -7.893821e-04 -8.821379e-01 -5.033820e-03 7.921439e-04 9.999871e-01 5.369980e+00
9.991249e-01 1.629300e-03 -4.179398e-02 2.250543e+01 -1.529757e-03 9.999959e-01 2.413624e-03 -8.923520e-01 4.179771e-02 -2.347575e-03 9.991232e-01 5.598156e+00
9.999302e-01 -6.422633e-04 1.179488e-02 2.282852e+01 6.554971e-04 9.999992e-01 -1.118201e-03 -9.066282e-01 -1.179411e-02 1.125853e-03 9.999299e-01 5.800894e+00
9.991894e-01 1.494842e-03 -4.022864e-02 2.308096e+01 -1.401391e-03 9.999963e-01 2.351098e-03 -9.195387e-01 4.023196e-02 -2.292815e-03 9.991876e-01 6.076142e+00
9.999409e-01 -5.745374e-04 1.086108e-02 2.322461e+01 5.856353e-04 9.999993e-01 -1.018694e-03 -9.304431e-01 -1.086045e-02 1.024992e-03 9.999406e-01 6.434487e+00
9.991526e-01 1.469248e-03 -4.113205e-02 2.342944e+01 -1.372901e-03 9.999962e-01 2.370520e-03 -9.425434e-01 4.113533e-02 -2.312039e-03 9.991508e-01 6.756018e+00
9.999956e-01 -3.123208e-04 2.939290e-03 2.361911e+01 3.143119e-04 9.999997e-01 -6.771828e-04 -9.538580e-01 -2.939028e-03 6.781015e-04 9.999955e-01 7.027616e+00
9.988593e-01 1.592046e-03 -4.772285e-02 2.381711e+01 -1.469112e-03 9.999955e-01 2.610958e-03 -9.649296e-01 4.772674e-02 -2.537868e-03 9.988571e-01 7.238266e+00
9.999829e-01 -3.382026e-04 5.842139e-03 2.402425e+01 3.428483e-04 9.999996e-01 -7.943513e-04 -9.758296e-01 -5.841811e-03 7.963382e-04 9.999827e-01 7.405019e+00
9.990170e-01 1.465522e-03 -4.430524e-02 2.422923e+01 -1.358821e-03 9.999961e-01 2.438314e-03 -9.864360e-01 4.430859e-02 -2.375712e-03 9.990150e-01 7.562895e+00
9.999543e-01 -4.043393e-04 9.547971e-03 2.438566e+01 4.131107e-04 9.999995e-01 -9.168187e-04 -9.954953e-01 -9.547533e-03 9.207185e-04 9.999541e-01 7.719501e+00
9.988268e-01 1.540763e-03 -4.840082e-02 2.454597e+01 -1.417227e-03 9.999957e-01 2.586555e-03 -1.004690e+00 4.840453e-02 -2.514923e-03 9.988246e-01 7.861308e+00
9.993642e-01 -9.115806e-04 3.564216e-02 2.479947e+01 9.808489e-04 9.999977e-01 -1.926032e-03 -1.016726e+00 -3.564026e-02 1.959765e-03 9.993628e-01 7.989215e+00
9.999930e-01 6.639917e-04 -3.689690e-03 2.513584e+01 -6.605680e-04 9.999994e-01 9.287756e-04 -1.031656e+00 3.690240e-03 -9.263291e-04 9.999927e-01 8.111612e+00
9.988571e-01 -1.026129e-03 4.778573e-02 2.546007e+01 1.135570e-03 9.999968e-01 -2.263193e-03 -1.046074e+00 -4.778319e-02 2.314868e-03 9.988551e-01 8.177808e+00
9.999953e-01 6.362630e-04 2.981216e-03 2.560377e+01 -6.385192e-04 9.999995e-01 7.561652e-04 -1.054493e+00 -2.980790e-03 -7.580627e-04 9.999952e-01 8.155708e+00
9.991010e-01 -1.010962e-03 4.238031e-02 2.579852e+01 1.100871e-03 9.999972e-01 -2.098206e-03 -1.064138e+00 -4.237802e-02 2.142973e-03 9.990994e-01 8.127045e+00
9.999945e-01 6.673277e-04 3.246514e-03 2.593718e+01 -6.697499e-04 9.999995e-01 7.452313e-04 -1.071836e+00 -3.246065e-03 -7.473993e-04 9.999944e-01 8.074799e+00
9.992445e-01 -1.002415e-03 3.885180e-02 2.610996e+01 1.080724e-03 9.999974e-01 -1.994639e-03 -1.080455e+00 -3.884966e-02 2.035118e-03 9.992431e-01 8.009585e+00
9.999978e-01 7.536070e-04 -1.966529e-03 2.635509e+01 -7.519116e-04 9.999993e-01 8.625056e-04 -1.091018e+00 1.967135e-03 -8.610229e-04 9.999976e-01 7.928124e+00
9.992144e-01 -1.047463e-03 3.961572e-02 2.664037e+01 1.127569e-03 9.999974e-01 -1.999805e-03 -1.103502e+00 -3.961349e-02 2.042902e-03 9.992131e-01 7.918252e+00
9.999967e-01 8.008131e-04 -2.437922e-03 2.687517e+01 -7.987138e-04 9.999993e-01 8.618130e-04 -1.114225e+00 2.438575e-03 -8.598610e-04 9.999966e-01 7.902996e+00
9.992837e-01 -1.077607e-03 3.782812e-02 2.712549e+01 1.150992e-03 9.999975e-01 -1.918238e-03 -1.125153e+00 -3.782593e-02 1.960402e-03 9.992825e-01 7.866608e+00
9.999958e-01 8.508073e-04 -2.776498e-03 2.742030e+01 -8.484934e-04 9.999993e-01 8.343611e-04 -1.137423e+00 2.777177e-03 -8.320000e-04 9.999957e-01 7.804668e+00
9.993148e-01 -1.111486e-03 3.699501e-02 2.778520e+01 1.181355e-03 9.999976e-01 -1.866796e-03 -1.152258e+00 -3.699282e-02 1.909220e-03 9.993138e-01 7.807795e+00
9.999982e-01 8.348033e-04 1.711613e-03 2.801783e+01 -8.359479e-04 9.999994e-01 6.682357e-04 -1.163038e+00 -1.711076e-03 -6.696638e-04 9.999982e-01 7.802284e+00
9.998222e-01 -9.470925e-04 1.883401e-02 2.828320e+01 9.712789e-04 9.999987e-01 -1.275088e-03 -1.174174e+00 -1.883276e-02 1.293153e-03 9.998219e-01 7.821197e+00
9.998883e-01 1.032665e-03 -1.491015e-02 2.861256e+01 -1.015765e-03 9.999988e-01 1.141002e-03 -1.187482e+00 1.491129e-02 -1.125728e-03 9.998881e-01 7.923296e+00
9.999082e-01 -8.411771e-04 1.352196e-02 2.884101e+01 8.561720e-04 9.999990e-01 -1.103190e-03 -1.197277e+00 -1.352100e-02 1.114664e-03 9.999081e-01 7.976549e+00
9.995214e-01 1.373738e-03 -3.090312e-02 2.898537e+01 -1.319586e-03 9.999976e-01 1.772645e-03 -1.204797e+00 3.090545e-02 -1.731016e-03 9.995207e-01 8.057663e+00
9.998411e-01 -9.690536e-04 1.779800e-02 2.915003e+01 9.925559e-04 9.999986e-01 -1.311730e-03 -1.213297e+00 -1.779668e-02 1.329185e-03 9.998408e-01 8.187247e+00
9.988588e-01 1.816421e-03 -4.772692e-02 2.924268e+01 -1.697580e-03 9.999954e-01 2.530424e-03 -1.218975e+00 4.773127e-02 -2.446514e-03 9.988571e-01 8.207846e+00
9.998154e-01 -9.707718e-04 1.918898e-02 2.930470e+01 9.973428e-04 9.999986e-01 -1.375194e-03 -1.223204e+00 -1.918759e-02 1.394076e-03 9.998150e-01 8.182823e+00
9.990292e-01 1.675219e-03 -4.402069e-02 2.941108e+01 -1.573588e-03 9.999960e-01 2.343248e-03 -1.228456e+00 4.402441e-02 -2.271701e-03 9.990278e-01 8.125468e+00
9.996625e-01 -1.121718e-03 2.595352e-02 2.944418e+01 1.165436e-03 9.999979e-01 -1.669402e-03 -1.229970e+00 -2.595156e-02 1.699084e-03 9.996619e-01 7.936191e+00
9.993572e-01 1.465853e-03 -3.581809e-02 2.933809e+01 -1.396521e-03 9.999971e-01 1.960586e-03 -1.225850e+00 3.582082e-02 -1.909303e-03 9.993563e-01 7.643588e+00
9.994689e-01 -1.309528e-03 3.256108e-02 2.923169e+01 1.371183e-03 9.999973e-01 -1.871285e-03 -1.221867e+00 -3.255851e-02 1.914936e-03 9.994681e-01 7.360495e+00
9.994019e-01 1.435153e-03 -3.455193e-02 2.917829e+01 -1.368993e-03 9.999972e-01 1.938363e-03 -1.219736e+00 3.455458e-02 -1.889900e-03 9.994009e-01 7.087217e+00
9.993022e-01 -1.376525e-03 3.732612e-02 2.908589e+01 1.449791e-03 9.999971e-01 -1.935878e-03 -1.215875e+00 -3.732331e-02 1.988640e-03 9.993014e-01 6.772749e+00
9.992783e-01 1.455536e-03 -3.795796e-02 2.904054e+01 -1.380821e-03 9.999971e-01 1.994504e-03 -1.214502e+00 3.796072e-02 -1.940649e-03 9.992773e-01 6.546321e+00
9.992323e-01 -1.356650e-03 3.915219e-02 2.927605e+01 1.434946e-03 9.999970e-01 -1.971785e-03 -1.223142e+00 -3.914936e-02 2.026450e-03 9.992314e-01 6.435778e+00
9.992854e-01 1.456146e-03 -3.776892e-02 2.949781e+01 -1.382064e-03 9.999971e-01 1.987461e-03 -1.231395e+00 3.777167e-02 -1.933840e-03 9.992844e-01 6.345310e+00
9.991751e-01 -1.369028e-03 4.058645e-02 2.977349e+01 1.452070e-03 9.999969e-01 -2.016647e-03 -1.241228e+00 -4.058353e-02 2.073916e-03 9.991741e-01 6.238155e+00
9.991318e-01 1.487023e-03 -4.163464e-02 3.012329e+01 -1.404001e-03 9.999970e-01 2.023217e-03 -1.253925e+00 4.163749e-02 -1.963004e-03 9.991308e-01 6.168192e+00
9.991064e-01 -1.337762e-03 4.224436e-02 3.056052e+01 1.425238e-03 9.999969e-01 -2.040682e-03 -1.269863e+00 -4.224147e-02 2.099065e-03 9.991053e-01 6.150964e+00
9.991943e-01 1.455370e-03 -4.010889e-02 3.094281e+01 -1.376369e-03 9.999971e-01 1.997217e-03 -1.283691e+00 4.011165e-02 -1.940401e-03 9.991932e-01 6.106680e+00
9.987402e-01 -1.419068e-03 5.015888e-02 3.128788e+01 1.532816e-03 9.999963e-01 -2.229351e-03 -1.297171e+00 -5.015550e-02 2.303425e-03 9.987389e-01 6.144961e+00
9.990551e-01 1.549167e-03 -4.343385e-02 3.166686e+01 -1.459647e-03 9.999967e-01 2.092699e-03 -1.312272e+00 4.343692e-02 -2.027322e-03 9.990540e-01 6.279845e+00
9.983875e-01 -1.527262e-03 5.674590e-02 3.197670e+01 1.665743e-03 9.999957e-01 -2.393158e-03 -1.325995e+00 -5.674198e-02 2.483821e-03 9.983859e-01 6.479744e+00
9.989247e-01 1.601284e-03 -4.633362e-02 3.220138e+01 -1.502324e-03 9.999965e-01 2.170561e-03 -1.334324e+00 4.633691e-02 -2.098617e-03 9.989236e-01 6.364801e+00
9.988926e-01 -1.457970e-03 4.702586e-02 3.245376e+01 1.561118e-03 9.999965e-01 -2.156791e-03 -1.343288e+00 -4.702252e-02 2.227814e-03 9.988914e-01 6.245830e+00
9.989442e-01 1.583076e-03 -4.591352e-02 3.264564e+01 -1.484294e-03 9.999965e-01 2.185477e-03 -1.350067e+00 4.591679e-02 -2.115019e-03 9.989429e-01 6.105448e+00
9.986468e-01 -1.503417e-03 5.198390e-02 3.289509e+01 1.623146e-03 9.999961e-01 -2.261065e-03 -1.359776e+00 -5.198027e-02 2.342381e-03 9.986455e-01 6.069273e+00
9.989010e-01 1.622498e-03 -4.684131e-02 3.314024e+01 -1.520720e-03 9.999964e-01 2.208375e-03 -1.370497e+00 4.684470e-02 -2.134714e-03 9.988998e-01 6.189561e+00
9.986702e-01 -1.542231e-03 5.153040e-02 3.327249e+01 1.659000e-03 9.999962e-01 -2.223321e-03 -1.377737e+00 -5.152675e-02 2.305852e-03 9.986691e-01 6.295496e+00
9.988686e-01 1.634448e-03 -4.752668e-02 3.339423e+01 -1.531309e-03 9.999964e-01 2.206436e-03 -1.384951e+00 4.753009e-02 -2.131160e-03 9.988674e-01 6.426336e+00
9.987351e-01 -1.555092e-03 5.025740e-02 3.344137e+01 1.666516e-03 9.999962e-01 -2.175253e-03 -1.389098e+00 -5.025380e-02 2.256254e-03 9.987340e-01 6.474982e+00
9.990152e-01 1.646907e-03 -4.433927e-02 3.368890e+01 -1.555339e-03 9.999966e-01 2.099589e-03 -1.399115e+00 4.434255e-02 -2.028557e-03 9.990142e-01 6.491094e+00
9.984518e-01 -1.603190e-03 5.560025e-02 3.400532e+01 1.735564e-03 9.999958e-01 -2.332608e-03 -1.410819e+00 -5.559625e-02 2.425493e-03 9.984505e-01 6.422259e+00
9.992209e-01 1.607704e-03 -3.943308e-02 3.437148e+01 -1.533164e-03 9.999970e-01 1.920444e-03 -1.425575e+00 3.943602e-02 -1.858489e-03 9.992203e-01 6.509598e+00
9.981123e-01 -1.670172e-03 6.139267e-02 3.474640e+01 1.827141e-03 9.999952e-01 -2.500757e-03 -1.440478e+00 -6.138818e-02 2.608208e-03 9.981107e-01 6.546339e+00
9.987587e-01 1.747316e-03 -4.977910e-02 3.504135e+01 -1.637440e-03 9.999961e-01 2.247963e-03 -1.451577e+00 4.978282e-02 -2.163660e-03 9.987576e-01 6.495709e+00
9.985470e-01 -1.653366e-03 5.386283e-02 3.508679e+01 1.776950e-03 9.999959e-01 -2.246616e-03 -1.453618e+00 -5.385888e-02 2.339062e-03 9.985459e-01 6.348764e+00
9.990796e-01 1.681838e-03 -4.286078e-02 3.530187e+01 -1.596639e-03 9.999967e-01 2.021955e-03 -1.462521e+00 4.286402e-02 -1.951659e-03 9.990789e-01 6.308933e+00
9.988528e-01 -1.541985e-03 4.786053e-02 3.571883e+01 1.645386e-03 9.999964e-01 -2.121139e-03 -1.478528e+00 -4.785707e-02 2.197453e-03 9.988519e-01 6.421138e+00
9.993695e-01 1.580620e-03 -3.546911e-02 3.611283e+01 -1.517972e-03 9.999972e-01 1.793132e-03 -1.494975e+00 3.547183e-02 -1.738159e-03 9.993691e-01 6.635738e+00
9.986440e-01 -1.556382e-03 5.203512e-02 3.656446e+01 1.674679e-03 9.999961e-01 -2.229888e-03 -1.512888e+00 -5.203143e-02 2.314005e-03 9.986429e-01 6.807552e+00
9.994367e-01 1.531823e-03 -3.352597e-02 3.692097e+01 -1.475262e-03 9.999974e-01 1.711740e-03 -1.528389e+00 3.352850e-02 -1.661315e-03 9.994363e-01 7.021777e+00
9.984266e-01 -1.557161e-03 5.605235e-02 3.736529e+01 1.690924e-03 9.999958e-01 -2.339048e-03 -1.546218e+00 -5.604846e-02 2.430146e-03 9.984252e-01 7.163422e+00
9.989636e-01 1.676807e-03 -4.548456e-02 3.777412e+01 -1.583761e-03 9.999966e-01 2.081619e-03 -1.563219e+00 4.548788e-02 -2.007424e-03 9.989628e-01 7.398613e+00
9.984571e-01 -1.524601e-03 5.550835e-02 3.823838e+01 1.656795e-03 9.999959e-01 -2.335566e-03 -1.581805e+00 -5.550456e-02 2.423927e-03 9.984556e-01 7.633615e+00
9.992082e-01 1.598429e-03 -3.975381e-02 3.882937e+01 -1.524594e-03 9.999971e-01 1.887537e-03 -1.603756e+00 3.975670e-02 -1.825433e-03 9.992076e-01 7.766124e+00
9.981054e-01 -1.571337e-03 6.150744e-02 3.926770e+01 1.726658e-03 9.999955e-01 -2.472174e-03 -1.621864e+00 -6.150327e-02 2.573691e-03 9.981037e-01 7.981416e+00
9.993723e-01 1.461279e-03 -3.539590e-02 3.958296e+01 -1.402112e-03 9.999976e-01 1.696345e-03 -1.637660e+00 3.539829e-02 -1.645650e-03 9.993718e-01 8.297106e+00
9.975319e-01 -1.612778e-03 7.019552e-02 3.986038e+01 1.807461e-03 9.999947e-01 -2.710005e-03 -1.652228e+00 -7.019077e-02 2.830191e-03 9.975297e-01 8.541459e+00
9.988827e-01 1.595163e-03 -4.723206e-02 4.017462e+01 -1.498690e-03 9.999967e-01 2.077879e-03 -1.666824e+00 4.723522e-02 -2.004771e-03 9.988817e-01 8.755245e+00
9.971711e-01 -1.667889e-03 7.514635e-02 4.051309e+01 1.886088e-03 9.999942e-01 -2.832778e-03 -1.681888e+00 -7.514120e-02 2.966496e-03 9.971686e-01 8.915985e+00
9.988906e-01 1.607439e-03 -4.706434e-02 4.087802e+01 -1.512845e-03 9.999968e-01 2.045449e-03 -1.697463e+00 4.706749e-02 -1.971978e-03 9.988897e-01 9.056136e+00
9.976180e-01 -1.587229e-03 6.896218e-02 4.120468e+01 1.771801e-03 9.999950e-01 -2.615331e-03 -1.712744e+00 -6.895769e-02 2.731288e-03 9.976159e-01 9.301929e+00
9.985936e-01 1.702435e-03 -5.298939e-02 4.162685e+01 -1.587285e-03 9.999963e-01 2.215068e-03 -1.730403e+00 5.299298e-02 -2.127843e-03 9.985925e-01 9.544698e+00
9.973806e-01 -1.680853e-03 7.231264e-02 4.203545e+01 1.879713e-03 9.999946e-01 -2.682034e-03 -1.747444e+00 -7.230776e-02 2.810935e-03 9.973785e-01 9.741409e+00
9.986782e-01 1.717284e-03 -5.137044e-02 4.242865e+01 -1.609875e-03 9.999964e-01 2.132176e-03 -1.763727e+00 5.137393e-02 -2.046657e-03 9.986773e-01 9.901772e+00
9.969901e-01 -1.743587e-03 7.750884e-02 4.281165e+01 1.968620e-03 9.999941e-01 -2.827015e-03 -1.780329e+00 -7.750347e-02 2.971091e-03 9.969878e-01 1.010829e+01
9.987618e-01 1.695142e-03 -4.971980e-02 4.317052e+01 -1.594967e-03 9.999966e-01 2.054383e-03 -1.795602e+00 4.972314e-02 -1.972538e-03 9.987610e-01 1.024155e+01
9.972491e-01 -1.712990e-03 7.410303e-02 4.352552e+01 1.918640e-03 9.999945e-01 -2.704089e-03 -1.811668e+00 -7.409801e-02 2.838827e-03 9.972470e-01 1.047635e+01
9.986595e-01 1.741626e-03 -5.173099e-02 4.388692e+01 -1.635314e-03 9.999965e-01 2.097334e-03 -1.827837e+00 5.173449e-02 -2.009926e-03 9.986588e-01 1.072369e+01
9.977323e-01 -1.643520e-03 6.728786e-02 4.413170e+01 1.812110e-03 9.999954e-01 -2.444545e-03 -1.842076e+00 -6.728356e-02 2.560934e-03 9.977307e-01 1.110010e+01
9.985563e-01 1.722994e-03 -5.368699e-02 4.427267e+01 -1.610512e-03 9.999964e-01 2.138341e-03 -1.856063e+00 5.369051e-02 -2.048791e-03 9.985554e-01 1.164570e+01
9.974774e-01 -1.629815e-03 7.096620e-02 4.454728e+01 1.816496e-03 9.999951e-01 -2.566106e-03 -1.872792e+00 -7.096170e-02 2.688543e-03 9.974755e-01 1.213541e+01
9.984728e-01 1.741014e-03 -5.521730e-02 4.484784e+01 -1.623575e-03 9.999963e-01 2.171630e-03 -1.888602e+00 5.522091e-02 -2.078664e-03 9.984719e-01 1.252176e+01
9.973242e-01 -1.694594e-03 7.308666e-02 4.521680e+01 1.889318e-03 9.999948e-01 -2.595235e-03 -1.904433e+00 -7.308192e-02 2.726375e-03 9.973223e-01 1.275097e+01
9.987589e-01 1.706887e-03 -4.977682e-02 4.563196e+01 -1.611819e-03 9.999968e-01 1.949957e-03 -1.921287e+00 4.978002e-02 -1.867306e-03 9.987584e-01 1.290751e+01
9.974443e-01 -1.735402e-03 7.142759e-02 4.582656e+01 1.917867e-03 9.999951e-01 -2.486034e-03 -1.933835e+00 -7.142296e-02 2.616670e-03 9.974428e-01 1.324730e+01
9.986889e-01 1.724945e-03 -5.116095e-02 4.604180e+01 -1.626629e-03 9.999967e-01 1.963274e-03 -1.946022e+00 5.116421e-02 -1.877481e-03 9.986884e-01 1.350791e+01
9.980239e-01 -1.627003e-03 6.281438e-02 4.645361e+01 1.769050e-03 9.999960e-01 -2.205829e-03 -1.961421e+00 -6.281059e-02 2.312593e-03 9.980229e-01 1.355577e+01
9.989275e-01 1.620518e-03 -4.627369e-02 4.671740e+01 -1.538157e-03 9.999972e-01 1.815424e-03 -1.971862e+00 4.627654e-02 -1.742301e-03 9.989271e-01 1.355924e+01
9.977193e-01 -1.641802e-03 6.747922e-02 4.694086e+01 1.803973e-03 9.999956e-01 -2.342407e-03 -1.982527e+00 -6.747512e-02 2.458796e-03 9.977180e-01 1.366878e+01
9.985483e-01 1.743460e-03 -5.383607e-02 4.738221e+01 -1.637453e-03 9.999966e-01 2.013102e-03 -1.999155e+00 5.383945e-02 -1.922026e-03 9.985477e-01 1.371229e+01
9.980940e-01 -1.598573e-03 6.169082e-02 4.779830e+01 1.733445e-03 9.999962e-01 -2.132803e-03 -2.014844e+00 -6.168723e-02 2.235676e-03 9.980931e-01 1.378188e+01
9.988891e-01 1.639134e-03 -4.709504e-02 4.820812e+01 -1.557269e-03 9.999972e-01 1.774917e-03 -2.030035e+00 4.709787e-02 -1.699606e-03 9.988887e-01 1.377094e+01
9.986354e-01 -1.495698e-03 5.220254e-02 4.858412e+01 1.593910e-03 9.999970e-01 -1.839790e-03 -2.044706e+00 -5.219968e-02 1.920487e-03 9.986349e-01 1.389460e+01
9.989807e-01 1.530404e-03 -4.511356e-02 4.868857e+01 -1.453249e-03 9.999974e-01 1.742993e-03 -2.053273e+00 4.511616e-02 -1.675655e-03 9.989802e-01 1.417827e+01
9.984593e-01 -1.486010e-03 5.546914e-02 4.872462e+01 1.595512e-03 9.999969e-01 -1.929882e-03 -2.057982e+00 -5.546615e-02 2.015411e-03 9.984586e-01 1.429353e+01
9.989184e-01 1.531173e-03 -4.647127e-02 4.882737e+01 -1.450247e-03 9.999974e-01 1.775071e-03 -2.062395e+00 4.647392e-02 -1.705757e-03 9.989180e-01 1.421600e+01
9.985866e-01 -1.456940e-03 5.312930e-02 4.905264e+01 1.557525e-03 9.999971e-01 -1.851866e-03 -2.071993e+00 -5.312650e-02 1.931999e-03 9.985860e-01 1.429180e+01
9.993769e-01 1.407545e-03 -3.526799e-02 4.941172e+01 -1.359914e-03 9.999981e-01 1.374477e-03 -2.086358e+00 3.526992e-02 -1.325660e-03 9.993769e-01 1.438000e+01
9.985817e-01 -1.429296e-03 5.322191e-02 4.982326e+01 1.529813e-03 9.999971e-01 -1.847969e-03 -2.102144e+00 -5.321917e-02 1.926768e-03 9.985811e-01 1.442571e+01
9.994245e-01 1.349218e-03 -3.389353e-02 5.024307e+01 -1.305476e-03 9.999983e-01 1.312679e-03 -2.118027e+00 3.389530e-02 -1.267677e-03 9.994245e-01 1.444694e+01
9.983979e-01 -1.394443e-03 5.656677e-02 5.059358e+01 1.505224e-03 9.999970e-01 -1.915853e-03 -2.131666e+00 -5.656399e-02 1.997930e-03 9.983971e-01 1.442942e+01
9.993401e-01 1.334377e-03 -3.629918e-02 5.087871e+01 -1.284842e-03 9.999982e-01 1.387907e-03 -2.141982e+00 3.630102e-02 -1.340354e-03 9.993399e-01 1.427286e+01
9.980435e-01 -1.483260e-03 6.250652e-02 5.113433e+01 1.617473e-03 9.999965e-01 -2.096639e-03 -2.152812e+00 -6.250325e-02 2.193640e-03 9.980424e-01 1.426841e+01
9.992599e-01 1.377473e-03 -3.844181e-02 5.132177e+01 -1.322552e-03 9.999981e-01 1.454069e-03 -2.161129e+00 3.844380e-02 -1.402153e-03 9.992597e-01 1.424587e+01
9.981506e-01 -1.477544e-03 6.077256e-02 5.149053e+01 1.603244e-03 9.999967e-01 -2.019675e-03 -2.168933e+00 -6.076944e-02 2.113374e-03 9.981497e-01 1.425754e+01
9.992815e-01 1.388913e-03 -3.787495e-02 5.178730e+01 -1.337178e-03 9.999981e-01 1.391220e-03 -2.181391e+00 3.787688e-02 -1.339576e-03 9.992814e-01 1.432420e+01
9.976949e-01 -1.570425e-03 6.784199e-02 5.205620e+01 1.723828e-03 9.999961e-01 -2.202705e-03 -2.192849e+00 -6.783833e-02 2.314576e-03 9.976937e-01 1.434630e+01
9.992789e-01 1.414688e-03 -3.794155e-02 5.220393e+01 -1.362694e-03 9.999981e-01 1.396172e-03 -2.199537e+00 3.794352e-02 -1.343464e-03 9.992789e-01 1.423160e+01
9.977868e-01 -1.609918e-03 6.647559e-02 5.230188e+01 1.756139e-03 9.999962e-01 -2.141259e-03 -2.205260e+00 -6.647196e-02 2.253262e-03 9.977858e-01 1.419495e+01
9.995583e-01 1.348719e-03 -2.968830e-02 5.239343e+01 -1.317291e-03 9.999986e-01 1.078107e-03 -2.211727e+00 2.968979e-02 -1.038524e-03 9.995585e-01 1.420071e+01
9.981513e-01 -1.547705e-03 6.075902e-02 5.258883e+01 1.667278e-03 9.999968e-01 -1.917339e-03 -2.220254e+00 -6.075593e-02 2.015098e-03 9.981507e-01 1.409782e+01
9.995195e-01 1.375666e-03 -3.096523e-02 5.284795e+01 -1.342536e-03 9.999985e-01 1.090655e-03 -2.230160e+00 3.096677e-02 -1.048561e-03 9.995198e-01 1.393712e+01
9.976529e-01 -1.596905e-03 6.845587e-02 5.302676e+01 1.746228e-03 9.999962e-01 -2.121521e-03 -2.238554e+00 -6.845231e-02 2.236083e-03 9.976520e-01 1.384050e+01
9.992978e-01 1.443270e-03 -3.743956e-02 5.328985e+01 -1.397692e-03 9.999983e-01 1.243499e-03 -2.249430e+00 3.744137e-02 -1.190298e-03 9.992980e-01 1.377213e+01
9.971289e-01 -1.679209e-03 7.570418e-02 5.341834e+01 1.858981e-03 9.999956e-01 -2.304277e-03 -2.256923e+00 -7.570007e-02 2.438396e-03 9.971277e-01 1.376155e+01
9.987568e-01 1.627324e-03 -4.982085e-02 5.361808e+01 -1.548474e-03 9.999975e-01 1.621203e-03 -2.265497e+00 4.982345e-02 -1.542044e-03 9.987568e-01 1.368799e+01
9.968930e-01 -1.767690e-03 7.874756e-02 5.374401e+01 1.959306e-03 9.999953e-01 -2.356114e-03 -2.272039e+00 -7.874311e-02 2.503087e-03 9.968919e-01 1.365349e+01
9.980721e-01 1.829749e-03 -6.203798e-02 5.394124e+01 -1.707607e-03 9.999965e-01 2.021774e-03 -2.279513e+00 6.204155e-02 -1.911941e-03 9.980717e-01 1.354022e+01
9.959554e-01 -1.880431e-03 8.982927e-02 5.415025e+01 2.129405e-03 9.999942e-01 -2.675894e-03 -2.287797e+00 -8.982381e-02 2.856357e-03 9.959537e-01 1.338949e+01
9.981621e-01 1.855518e-03 -6.057115e-02 5.435217e+01 -1.741446e-03 9.999966e-01 1.935973e-03 -2.296366e+00 6.057463e-02 -1.826936e-03 9.981619e-01 1.328402e+01
9.969341e-01 -1.826140e-03 7.822477e-02 5.469895e+01 2.012471e-03 9.999953e-01 -2.303244e-03 -2.309281e+00 -7.822029e-02 2.453610e-03 9.969332e-01 1.323152e+01
9.985831e-01 1.716944e-03 -5.318544e-02 5.477982e+01 -1.629245e-03 9.999972e-01 1.692204e-03 -2.313808e+00 5.318829e-02 -1.603156e-03 9.985831e-01 1.315074e+01
9.963733e-01 -1.885222e-03 8.506889e-02 5.483922e+01 2.106748e-03 9.999946e-01 -2.514397e-03 -2.319356e+00 -8.506379e-02 2.684499e-03 9.963720e-01 1.317542e+01
9.990556e-01 1.596496e-03 -4.342089e-02 5.488256e+01 -1.538723e-03 9.999979e-01 1.363883e-03 -2.323884e+00 4.342307e-02 -1.295784e-03 9.990559e-01 1.310067e+01
9.962881e-01 -1.867969e-03 8.606158e-02 5.491091e+01 2.091750e-03 9.999947e-01 -2.510159e-03 -2.328726e+00 -8.605653e-02 2.680864e-03 9.962867e-01 1.307978e+01
9.986539e-01 1.739752e-03 -5.183839e-02 5.515243e+01 -1.660014e-03 9.999974e-01 1.581174e-03 -2.339199e+00 5.184110e-02 -1.492996e-03 9.986542e-01 1.303436e+01
9.969287e-01 -1.770043e-03 7.829480e-02 5.554757e+01 1.952742e-03 9.999955e-01 -2.257006e-03 -2.354348e+00 -7.829055e-02 2.402966e-03 9.969278e-01 1.299176e+01
9.983058e-01 1.786212e-03 -5.815707e-02 5.604323e+01 -1.687845e-03 9.999971e-01 1.740443e-03 -2.372334e+00 5.816011e-02 -1.639336e-03 9.983059e-01 1.294965e+01
9.965267e-01 -1.808356e-03 8.325450e-02 5.646903e+01 2.012007e-03 9.999952e-01 -2.362313e-03 -2.387854e+00 -8.324993e-02 2.521620e-03 9.965256e-01 1.283656e+01
9.985927e-01 1.732282e-03 -5.300532e-02 5.691792e+01 -1.653615e-03 9.999975e-01 1.527909e-03 -2.404653e+00 5.300793e-02 -1.438111e-03 9.985930e-01 1.276249e+01
9.967638e-01 -1.761717e-03 8.036776e-02 5.735703e+01 1.947452e-03 9.999956e-01 -2.232758e-03 -2.420800e+00 -8.036358e-02 2.382047e-03 9.967628e-01 1.266894e+01
9.991553e-01 1.543998e-03 -4.106427e-02 5.759885e+01 -1.499456e-03 9.999983e-01 1.115393e-03 -2.431460e+00 4.106602e-02 -1.052879e-03 9.991558e-01 1.259985e+01
9.966465e-01 -1.740543e-03 8.181005e-02 5.790869e+01 1.929090e-03 9.999957e-01 -2.225732e-03 -2.444571e+00 -8.180592e-02 2.376089e-03 9.966455e-01 1.255118e+01
9.988885e-01 1.582497e-03 -4.710859e-02 5.829654e+01 -1.524957e-03 9.999980e-01 1.257274e-03 -2.459524e+00 4.711058e-02 -1.184041e-03 9.988889e-01 1.246889e+01
9.977554e-01 -1.561160e-03 6.694593e-02 5.872873e+01 1.683045e-03 9.999970e-01 -1.764323e-03 -2.475241e+00 -6.694308e-02 1.873039e-03 9.977551e-01 1.238513e+01
9.991836e-01 1.394543e-03 -4.037365e-02 5.911996e+01 -1.353906e-03 9.999985e-01 1.033771e-03 -2.489982e+00 4.037513e-02 -9.782673e-04 9.991841e-01 1.233143e+01
9.971410e-01 -1.540050e-03 7.554832e-02 5.949885e+01 1.695814e-03 9.999966e-01 -1.997715e-03 -2.504581e+00 -7.554508e-02 2.120122e-03 9.971402e-01 1.222797e+01
9.990091e-01 1.421358e-03 -4.448313e-02 5.995907e+01 -1.373626e-03 9.999984e-01 1.103500e-03 -2.521873e+00 4.448473e-02 -1.041306e-03 9.990095e-01 1.216835e+01
9.965790e-01 -1.612451e-03 8.263089e-02 6.024649e+01 1.796064e-03 9.999961e-01 -2.147844e-03 -2.533890e+00 -8.262720e-02 2.288909e-03 9.965779e-01 1.210508e+01
9.988394e-01 1.484184e-03 -4.814021e-02 6.067347e+01 -1.429697e-03 9.999983e-01 1.166178e-03 -2.550277e+00 4.814196e-02 -1.096001e-03 9.988399e-01 1.203893e+01
9.974603e-01 -1.497320e-03 7.121014e-02 6.115821e+01 1.628408e-03 9.999971e-01 -1.782893e-03 -2.567680e+00 -7.120736e-02 1.894327e-03 9.974598e-01 1.194323e+01
9.987674e-01 1.454991e-03 -4.961244e-02 6.163822e+01 -1.397428e-03 9.999983e-01 1.194850e-03 -2.584619e+00 4.961419e-02 -1.124050e-03 9.987678e-01 1.181910e+01
9.968320e-01 -1.514286e-03 7.952283e-02 6.215002e+01 1.680495e-03 9.999965e-01 -2.023247e-03 -2.603565e+00 -7.951959e-02 2.150478e-03 9.968310e-01 1.176729e+01
9.980788e-01 1.580933e-03 -6.193669e-02 6.273038e+01 -1.487383e-03 9.999977e-01 1.556434e-03 -2.623842e+00 6.193910e-02 -1.461323e-03 9.980788e-01 1.169266e+01
9.964582e-01 -1.545430e-03 8.407628e-02 6.327093e+01 1.730424e-03 9.999962e-01 -2.127524e-03 -2.643151e+00 -8.407277e-02 2.265479e-03 9.964571e-01 1.163416e+01
9.983229e-01 1.469992e-03 -5.787204e-02 6.370703e+01 -1.390644e-03 9.999980e-01 1.411272e-03 -2.659426e+00 5.787410e-02 -1.328429e-03 9.983230e-01 1.158038e+01
9.959363e-01 -1.586981e-03 9.004677e-02 6.396485e+01 1.797433e-03 9.999958e-01 -2.256135e-03 -2.670047e+00 -9.004290e-02 2.408823e-03 9.959350e-01 1.149675e+01
9.986116e-01 1.371833e-03 -5.265701e-02 6.417519e+01 -1.309739e-03 9.999984e-01 1.213629e-03 -2.679559e+00 5.265868e-02 -1.142980e-03 9.986119e-01 1.142745e+01
9.957742e-01 -1.550881e-03 9.182309e-02 6.446590e+01 1.768492e-03 9.999958e-01 -2.288622e-03 -2.692222e+00 -9.181925e-02 2.441342e-03 9.957727e-01 1.141640e+01
9.984361e-01 1.370314e-03 -5.588664e-02 6.472499e+01 -1.301199e-03 9.999983e-01 1.272999e-03 -2.703938e+00 5.588838e-02 -1.198291e-03 9.984363e-01 1.142774e+01
9.960725e-01 -1.534888e-03 8.852838e-02 6.491161e+01 1.731961e-03 9.999962e-01 -2.149382e-03 -2.712693e+00 -8.852483e-02 2.294271e-03 9.960714e-01 1.138993e+01
9.977306e-01 1.525025e-03 -6.731428e-02 6.513701e+01 -1.420051e-03 9.999977e-01 1.607207e-03 -2.721991e+00 6.731666e-02 -1.507972e-03 9.977305e-01 1.131489e+01
9.964177e-01 -1.527377e-03 8.455500e-02 6.534137e+01 1.699039e-03 9.999966e-01 -1.958314e-03 -2.729219e+00 -8.455181e-02 2.094964e-03 9.964169e-01 1.107648e+01
9.975240e-01 1.581035e-03 -7.030864e-02 6.555140e+01 -1.466144e-03 9.999975e-01 1.685602e-03 -2.736072e+00 7.031122e-02 -1.578349e-03 9.975238e-01 1.079793e+01
9.967156e-01 -1.514677e-03 8.096825e-02 6.576097e+01 1.670000e-03 9.999969e-01 -1.850688e-03 -2.743257e+00 -8.096528e-02 1.979829e-03 9.967150e-01 1.056224e+01
9.968597e-01 1.746730e-03 -7.916774e-02 6.606464e+01 -1.603588e-03 9.999970e-01 1.871567e-03 -2.753310e+00 7.917085e-02 -1.738739e-03 9.968595e-01 1.036177e+01
9.971333e-01 -1.387000e-03 7.565255e-02 6.638647e+01 1.516233e-03 9.999975e-01 -1.650892e-03 -2.763795e+00 -7.565016e-02 1.760869e-03 9.971329e-01 1.015889e+01
9.966488e-01 1.798991e-03 -8.177915e-02 6.659568e+01 -1.641680e-03 9.999967e-01 1.990754e-03 -2.770678e+00 8.178255e-02 -1.849830e-03 9.966485e-01 9.949399e+00
9.965466e-01 -1.539909e-03 8.302214e-02 6.672801e+01 1.701059e-03 9.999968e-01 -1.870396e-03 -2.774946e+00 -8.301908e-02 2.005165e-03 9.965460e-01 9.716757e+00
9.949697e-01 2.279295e-03 -1.001493e-01 6.686531e+01 -2.022199e-03 9.999944e-01 2.668525e-03 -2.780797e+00 1.001549e-01 -2.452582e-03 9.949688e-01 9.630069e+00
9.967405e-01 -1.518961e-03 8.066056e-02 6.701284e+01 1.667764e-03 9.999970e-01 -1.777508e-03 -2.786811e+00 -8.065770e-02 1.906240e-03 9.967401e-01 9.529371e+00
9.959480e-01 2.000648e-03 -8.990821e-02 6.706434e+01 -1.813675e-03 9.999960e-01 2.161199e-03 -2.787457e+00 8.991226e-02 -1.989380e-03 9.959477e-01 9.183497e+00
9.966550e-01 -1.572410e-03 8.170929e-02 6.700992e+01 1.723979e-03 9.999969e-01 -1.784508e-03 -2.783680e+00 -8.170631e-02 1.919407e-03 9.966546e-01 8.723493e+00
9.950931e-01 2.293590e-03 -9.891523e-02 6.693730e+01 -2.050777e-03 9.999946e-01 2.556324e-03 -2.779684e+00 9.892065e-02 -2.340930e-03 9.950925e-01 8.283789e+00
9.973070e-01 -1.429959e-03 7.332665e-02 6.692598e+01 1.535759e-03 9.999979e-01 -1.386551e-03 -2.779707e+00 -7.332460e-02 1.495431e-03 9.973070e-01 8.050644e+00
9.950116e-01 2.286100e-03 -9.973230e-02 6.702083e+01 -2.047932e-03 9.999948e-01 2.490340e-03 -2.783957e+00 9.973757e-02 -2.273674e-03 9.950112e-01 7.900596e+00
9.976326e-01 -1.329402e-03 6.875734e-02 6.718796e+01 1.411036e-03 9.999984e-01 -1.138772e-03 -2.790757e+00 -6.875580e-02 1.233098e-03 9.976328e-01 7.765450e+00
9.946785e-01 2.427770e-03 -1.029982e-01 6.727923e+01 -2.165089e-03 9.999941e-01 2.662033e-03 -2.795668e+00 1.030041e-01 -2.424869e-03 9.946779e-01 7.681300e+00
9.973583e-01 -1.465892e-03 7.262527e-02 6.738090e+01 1.563874e-03 9.999979e-01 -1.292349e-03 -2.801320e+00 -7.262332e-02 1.402514e-03 9.973585e-01 7.656662e+00
9.943401e-01 2.543498e-03 -1.062130e-01 6.745289e+01 -2.261170e-03 9.999936e-01 2.778440e-03 -2.806174e+00 1.062195e-01 -2.522551e-03 9.943395e-01 7.637067e+00
9.967183e-01 -1.647470e-03 8.093223e-02 6.760978e+01 1.782356e-03 9.999971e-01 -1.594483e-03 -2.812989e+00 -8.092947e-02 1.733502e-03 9.967184e-01 7.575725e+00
9.943044e-01 2.577876e-03 -1.065454e-01 6.776695e+01 -2.296955e-03 9.999936e-01 2.759228e-03 -2.820042e+00 1.065519e-01 -2.498785e-03 9.943040e-01 7.528847e+00
9.967166e-01 -1.682971e-03 8.095251e-02 6.795522e+01 1.818886e-03 9.999971e-01 -1.605265e-03 -2.827981e+00 -8.094967e-02 1.747240e-03 9.967167e-01 7.468444e+00
9.944164e-01 2.592241e-03 -1.054953e-01 6.816738e+01 -2.317389e-03 9.999936e-01 2.727813e-03 -2.836208e+00 1.055018e-01 -2.468110e-03 9.944160e-01 7.357750e+00
9.968107e-01 -1.702351e-03 7.978552e-02 6.838398e+01 1.833321e-03 9.999971e-01 -1.568332e-03 -2.844291e+00 -7.978272e-02 1.709604e-03 9.968109e-01 7.210963e+00
9.944443e-01 2.633784e-03 -1.052302e-01 6.855415e+01 -2.358162e-03 9.999935e-01 2.743538e-03 -2.850306e+00 1.052368e-01 -2.480149e-03 9.944441e-01 6.988218e+00
9.969492e-01 -1.705301e-03 7.803533e-02 6.866085e+01 1.825269e-03 9.999973e-01 -1.466085e-03 -2.854405e+00 -7.803272e-02 1.604050e-03 9.969496e-01 6.774279e+00
9.951422e-01 2.455543e-03 -9.841658e-02 6.867398e+01 -2.237546e-03 9.999948e-01 2.325334e-03 -2.854215e+00 9.842188e-02 -2.093828e-03 9.951425e-01 6.447929e+00
9.970320e-01 -1.724671e-03 7.696901e-02 6.871914e+01 1.837204e-03 9.999973e-01 -1.391294e-03 -2.854467e+00 -7.696651e-02 1.528575e-03 9.970326e-01 6.037848e+00
9.950023e-01 2.603337e-03 -9.981748e-02 6.875541e+01 -2.378345e-03 9.999944e-01 2.372944e-03 -2.853702e+00 9.982319e-02 -2.123686e-03 9.950029e-01 5.543683e+00
9.967713e-01 -1.817932e-03 8.027345e-02 6.873345e+01 1.944855e-03 9.999970e-01 -1.503006e-03 -2.849776e+00 -8.027058e-02 1.654275e-03 9.967718e-01 4.909306e+00
