9.994460e-01 -4.289581e-04 3.328033e-02 3.440379e-02 4.625723e-04 9.999994e-01 -1.002338e-03 -8.184219e-03 -3.327988e-02 1.017177e-03 9.994457e-01 2.613913e-01
9.999336e-01 -5.167933e-05 1.152428e-02 9.359705e-02 5.619430e-05 9.999999e-01 -3.914546e-04 -1.653516e-02 -1.152425e-02 3.920765e-04 9.999334e-01 4.454561e-01
9.995396e-01 -3.971296e-04 3.033823e-02 1.520899e-01 4.253530e-04 9.999995e-01 -9.238442e-04 -2.542146e-02 -3.033786e-02 9.363232e-04 9.995394e-01 6.788549e-01
9.999330e-01 -4.884252e-05 1.157133e-02 2.340207e-01 5.340189e-05 9.999999e-01 -3.937128e-04 -3.448435e-02 -1.157129e-02 3.943043e-04 9.999329e-01 8.917157e-01
9.995146e-01 -4.276392e-04 3.115129e-02 3.216381e-01 4.567721e-04 9.999995e-01 -9.280970e-04 -4.398544e-02 -3.115090e-02 9.418757e-04 9.995143e-01 1.122340e+00
9.998884e-01 -6.653968e-05 1.494194e-02 3.827958e-01 7.416180e-05 9.999999e-01 -5.095586e-04 -5.232098e-02 -1.494188e-02 5.106095e-04 9.998881e-01 1.301304e+00
9.995829e-01 -3.868587e-04 2.887825e-02 5.032199e-01 4.119709e-04 9.999995e-01 -8.636445e-04 -6.103912e-02 -2.887793e-02 8.751817e-04 9.995827e-01 1.406745e+00
9.999519e-01 3.298256e-05 9.808668e-03 7.570204e-01 -2.968999e-05 9.999999e-01 -3.358140e-04 -7.298771e-02 -9.808646e-03 3.355060e-04 9.999517e-01 1.464671e+00
9.995775e-01 -4.111856e-04 2.906156e-02 9.393050e-01 4.369605e-04 9.999995e-01 -8.805652e-04 -8.278246e-02 -2.906122e-02 8.928927e-04 9.995773e-01 1.533191e+00
9.999422e-01 1.989072e-05 1.075313e-02 1.073162e+00 -1.578859e-05 9.999999e-01 -3.815498e-04 -9.295082e-02 -1.075310e-02 3.813571e-04 9.999420e-01 1.730044e+00
9.994959e-01 -4.328175e-04 3.174581e-02 1.200839e+00 4.632334e-04 9.999994e-01 -9.507659e-04 -1.017208e-01 -3.174542e-02 9.649933e-04 9.994956e-01 1.829922e+00
9.997442e-01 5.493275e-04 -2.261210e-02 1.366938e+00 -5.322181e-04 9.999996e-01 7.626451e-04 -1.111444e-01 2.261255e-02 -7.504164e-04 9.997439e-01 1.940548e+00
9.977188e-01 -9.600729e-04 6.749994e-02 1.415590e+00 1.105487e-03 9.999971e-01 -2.116969e-03 -1.189224e-01 -6.749776e-02 2.186761e-03 9.977171e-01 2.092146e+00
9.996184e-01 6.629792e-04 -2.761394e-02 1.578559e+00 -6.382231e-04 9.999994e-01 9.052950e-04 -1.288814e-01 2.761458e-02 -8.873269e-04 9.996182e-01 2.194413e+00
9.977450e-01 -9.927093e-04 6.711154e-02 1.771409e+00 1.134957e-03 9.999972e-01 -2.081488e-03 -1.385390e-01 -6.710934e-02 2.152964e-03 9.977434e-01 2.213275e+00
9.990521e-01 9.145014e-04 -4.351972e-02 1.860972e+00 -8.553657e-04 9.999987e-01 1.377416e-03 -1.457444e-01 4.352098e-02 -1.338887e-03 9.990515e-01 2.309227e+00
9.971729e-01 -1.082992e-03 7.513363e-02 2.057211e+00 1.260707e-03 9.999965e-01 -2.317940e-03 -1.564025e-01 -7.513092e-02 2.406110e-03 9.971709e-01 2.431312e+00
9.990571e-01 9.246409e-04 -4.340544e-02 2.381439e+00 -8.657126e-04 9.999987e-01 1.376387e-03 -1.704676e-01 4.340672e-02 -1.337514e-03 9.990565e-01 2.511703e+00
9.971326e-01 -1.134200e-03 7.566529e-02 2.623980e+00 1.313780e-03 9.999964e-01 -2.323611e-03 -1.822352e-01 -7.566245e-02 2.416357e-03 9.971307e-01 2.620453e+00
9.990313e-01 9.535772e-04 -4.399539e-02 2.827956e+00 -8.932976e-04 9.999986e-01 1.389756e-03 -1.924090e-01 4.399672e-02 -1.349110e-03 9.990307e-01 2.685082e+00
9.973102e-01 -1.115140e-03 7.328854e-02 3.113672e+00 1.282440e-03 9.999967e-01 -2.235738e-03 -2.056789e-01 -7.328587e-02 2.323715e-03 9.973084e-01 2.800095e+00
9.989677e-01 1.063842e-03 -4.541270e-02 3.563315e+00 -1.001650e-03 9.999985e-01 1.392194e-03 -2.243968e-01 4.541418e-02 -1.345271e-03 9.989673e-01 2.992836e+00
9.977413e-01 -1.072347e-03 6.716518e-02 4.131871e+00 1.210607e-03 9.999972e-01 -2.017851e-03 -2.456190e-01 -6.716290e-02 2.094606e-03 9.977399e-01 3.078919e+00
9.992354e-01 9.602083e-04 -3.908508e-02 4.633364e+00 -9.151091e-04 9.999989e-01 1.171722e-03 -2.651054e-01 3.908624e-02 -1.135061e-03 9.992351e-01 3.186075e+00
9.979501e-01 -9.995621e-04 6.398985e-02 5.124664e+00 1.122978e-03 9.999976e-01 -1.892762e-03 -2.841106e-01 -6.398788e-02 1.960743e-03 9.979488e-01 3.270636e+00
9.988876e-01 1.046965e-03 -4.714239e-02 5.673284e+00 -9.819354e-04 9.999985e-01 1.402533e-03 -3.052751e-01 4.714387e-02 -1.354684e-03 9.988871e-01 3.457005e+00
9.983054e-01 -9.681426e-04 5.818495e-02 6.135759e+00 1.071363e-03 9.999979e-01 -1.742855e-03 -3.237848e-01 -5.818322e-02 1.802241e-03 9.983044e-01 3.684005e+00
9.989497e-01 1.034159e-03 -4.580754e-02 6.650857e+00 -9.729070e-04 9.999986e-01 1.359404e-03 -3.436040e-01 4.580896e-02 -1.313412e-03 9.989493e-01 3.848651e+00
9.982356e-01 -9.662312e-04 5.936999e-02 7.254855e+00 1.073326e-03 9.999979e-01 -1.772012e-03 -3.660673e-01 -5.936823e-02 1.832611e-03 9.982346e-01 4.006275e+00
9.990329e-01 9.983929e-04 -4.395799e-02 7.744227e+00 -9.403541e-04 9.999987e-01 1.340955e-03 -3.851855e-01 4.395935e-02 -1.298324e-03 9.990324e-01 4.188842e+00
9.986835e-01 -9.147909e-04 5.128812e-02 8.149818e+00 9.958592e-04 9.999983e-01 -1.555134e-03 -4.013778e-01 -5.128669e-02 1.604165e-03 9.986828e-01 4.375204e+00
9.992912e-01 9.520198e-04 -3.763122e-02 8.663673e+00 -9.104121e-04 9.999990e-01 1.122756e-03 -4.216075e-01 3.763233e-02 -1.087702e-03 9.992910e-01 4.600463e+00
9.989551e-01 -8.655189e-04 4.569555e-02 9.121230e+00 9.289872e-04 9.999986e-01 -1.367746e-03 -4.405103e-01 -4.569438e-02 1.408769e-03 9.989546e-01 4.888972e+00
9.991733e-01 9.643137e-04 -4.064226e-02 9.531614e+00 -9.161291e-04 9.999989e-01 1.204152e-03 -4.571178e-01 4.064345e-02 -1.165925e-03 9.991730e-01 5.101733e+00
9.990887e-01 -8.219620e-04 4.267561e-02 9.978724e+00 8.775514e-04 9.999988e-01 -1.283913e-03 -4.753146e-01 -4.267459e-02 1.320196e-03 9.990882e-01 5.357604e+00
9.990314e-01 1.008588e-03 -4.399025e-02 1.058829e+01 -9.536860e-04 9.999987e-01 1.268987e-03 -4.976132e-01 4.399155e-02 -1.225807e-03 9.990311e-01 5.485472e+00
9.990493e-01 -8.167063e-04 4.358698e-02 1.107799e+01 8.731948e-04 9.999988e-01 -1.276998e-03 -5.167630e-01 -4.358597e-02 1.313846e-03 9.990489e-01 5.705083e+00
9.991433e-01 9.461071e-04 -4.137211e-02 1.160367e+01 -8.991256e-04 9.999989e-01 1.154142e-03 -5.365346e-01 4.137324e-02 -1.115957e-03 9.991431e-01 5.850858e+00
9.989869e-01 -7.844061e-04 4.499529e-02 1.212914e+01 8.432167e-04 9.999988e-01 -1.288101e-03 -5.568591e-01 -4.499431e-02 1.324739e-03 9.989864e-01 6.068095e+00
9.990742e-01 9.063508e-04 -4.301022e-02 1.228632e+01 -8.526038e-04 9.999988e-01 1.267927e-03 -5.692844e-01 4.301140e-02 -1.230085e-03 9.990737e-01 6.501941e+00
9.990359e-01 -8.004720e-04 4.389476e-02 1.251230e+01 8.578788e-04 9.999988e-01 -1.289033e-03 -5.819065e-01 -4.389376e-02 1.325449e-03 9.990354e-01 6.824756e+00
9.992728e-01 8.746528e-04 -3.811917e-02 1.286502e+01 -8.330852e-04 9.999990e-01 1.106300e-03 -5.970312e-01 3.812018e-02 -1.073742e-03 9.992725e-01 7.068008e+00
9.989449e-01 -7.841900e-04 4.591866e-02 1.333045e+01 8.455593e-04 9.999988e-01 -1.317096e-03 -6.151593e-01 -4.591766e-02 1.354535e-03 9.989444e-01 7.262266e+00
9.992017e-01 8.634294e-04 -3.993912e-02 1.363734e+01 -8.174865e-04 9.999990e-01 1.166604e-03 -6.290200e-01 3.994018e-02 -1.133025e-03 9.992014e-01 7.508847e+00
9.988383e-01 -7.741404e-04 4.818177e-02 1.400396e+01 8.410587e-04 9.999987e-01 -1.368640e-03 -6.450339e-01 -4.818074e-02 1.407576e-03 9.988377e-01 7.780421e+00
9.991515e-01 8.603709e-04 -4.117619e-02 1.441750e+01 -8.124734e-04 9.999990e-01 1.179918e-03 -6.608584e-01 4.117725e-02 -1.145465e-03 9.991511e-01 7.872520e+00
9.990812e-01 -7.662372e-04 4.285018e-02 1.471215e+01 8.187687e-04 9.999989e-01 -1.208427e-03 -6.734318e-01 -4.284930e-02 1.242404e-03 9.990809e-01 8.022141e+00
9.990890e-01 8.618426e-04 -4.266483e-02 1.484048e+01 -8.095896e-04 9.999989e-01 1.241960e-03 -6.835641e-01 4.266594e-02 -1.206290e-03 9.990886e-01 8.367280e+00
9.990107e-01 -7.696609e-04 4.446351e-02 1.510889e+01 8.269718e-04 9.999989e-01 -1.270593e-03 -6.959028e-01 -4.446257e-02 1.306108e-03 9.990103e-01 8.559466e+00
9.990591e-01 8.514900e-04 -4.336125e-02 1.546986e+01 -7.981164e-04 9.999989e-01 1.248169e-03 -7.098220e-01 4.336235e-02 -1.212390e-03 9.990586e-01 8.586412e+00
9.990903e-01 -7.513131e-04 4.263830e-02 1.601542e+01 8.072577e-04 9.999988e-01 -1.294902e-03 -7.294623e-01 -4.263736e-02 1.328147e-03 9.990898e-01 8.577321e+00
9.991504e-01 8.570682e-04 -4.120387e-02 1.655064e+01 -8.076681e-04 9.999989e-01 1.215514e-03 -7.484179e-01 4.120495e-02 -1.181205e-03 9.991499e-01 8.498644e+00
9.988760e-01 -7.811520e-04 4.739392e-02 1.696933e+01 8.459025e-04 9.999987e-01 -1.346204e-03 -7.621599e-01 -4.739290e-02 1.384784e-03 9.988754e-01 8.292486e+00
9.991363e-01 8.445621e-04 -4.154463e-02 1.718018e+01 -7.944801e-04 9.999989e-01 1.221959e-03 -7.740861e-01 4.154570e-02 -1.187900e-03 9.991358e-01 8.584047e+00
9.988448e-01 -8.163725e-04 4.804627e-02 1.726014e+01 8.822271e-04 9.999987e-01 -1.349488e-03 -7.840839e-01 -4.804519e-02 1.390319e-03 9.988443e-01 8.989388e+00
9.989158e-01 8.982255e-04 -4.654399e-02 1.725181e+01 -8.373982e-04 9.999988e-01 1.326326e-03 -7.936532e-01 4.654521e-02 -1.285915e-03 9.989153e-01 9.476259e+00
9.987771e-01 -7.876330e-04 4.943470e-02 1.745251e+01 8.575250e-04 9.999987e-01 -1.392659e-03 -8.053199e-01 -4.943362e-02 1.433350e-03 9.987765e-01 9.782639e+00
9.989237e-01 9.267988e-04 -4.637380e-02 1.782769e+01 -8.676333e-04 9.999988e-01 1.295918e-03 -8.214403e-01 4.637503e-02 -1.254290e-03 9.989232e-01 1.004559e+01
9.988935e-01 -7.767857e-04 4.702386e-02 1.813247e+01 8.382331e-04 9.999988e-01 -1.287052e-03 -8.362642e-01 -4.702289e-02 1.325047e-03 9.988930e-01 1.037061e+01
9.990798e-01 9.032947e-04 -4.288027e-02 1.846645e+01 -8.537843e-04 9.999989e-01 1.172882e-03 -8.512970e-01 4.288137e-02 -1.135195e-03 9.990795e-01 1.065637e+01
9.990361e-01 -7.993629e-04 4.389034e-02 1.882804e+01 8.524672e-04 9.999989e-01 -1.191258e-03 -8.660618e-01 -4.388943e-02 1.227528e-03 9.990357e-01 1.080984e+01
9.991430e-01 9.184547e-04 -4.138027e-02 1.917056e+01 -8.735278e-04 9.999990e-01 1.103738e-03 -8.810370e-01 4.138133e-02 -1.066648e-03 9.991428e-01 1.105564e+01
9.989951e-01 -7.982901e-04 4.481306e-02 1.967001e+01 8.541211e-04 9.999989e-01 -1.226760e-03 -8.996986e-01 -4.481212e-02 1.263806e-03 9.989947e-01 1.116599e+01
9.990864e-01 9.026635e-04 -4.272604e-02 2.013617e+01 -8.538038e-04 9.999990e-01 1.161755e-03 -9.169098e-01 4.272713e-02 -1.124217e-03 9.990861e-01 1.119962e+01
9.989772e-01 -7.572317e-04 4.521137e-02 2.054243e+01 8.140582e-04 9.999989e-01 -1.238540e-03 -9.336336e-01 -4.521047e-02 1.274081e-03 9.989767e-01 1.142753e+01
9.993554e-01 8.202146e-04 -3.588871e-02 2.102125e+01 -7.856584e-04 9.999992e-01 9.769188e-04 -9.518723e-01 3.588957e-02 -9.480953e-04 9.993552e-01 1.158816e+01
9.988087e-01 -7.742034e-04 4.879268e-02 2.147653e+01 8.406385e-04 9.999987e-01 -1.341102e-03 -9.700257e-01 -4.879167e-02 1.380524e-03 9.988081e-01 1.180844e+01
9.993294e-01 8.214082e-04 -3.660659e-02 2.196140e+01 -7.862547e-04 9.999992e-01 9.746456e-04 -9.893471e-01 3.660745e-02 -9.452124e-04 9.993292e-01 1.204566e+01
9.988881e-01 -7.255435e-04 4.713992e-02 2.240183e+01 7.868285e-04 9.999989e-01 -1.281555e-03 -1.007422e+00 -4.713903e-02 1.317223e-03 9.988875e-01 1.230750e+01
9.991406e-01 8.584019e-04 -4.144097e-02 2.283620e+01 -8.135207e-04 9.999991e-01 1.099827e-03 -1.025239e+00 4.144197e-02 -1.065171e-03 9.991403e-01 1.256297e+01
9.989395e-01 -7.155445e-04 4.603787e-02 2.333141e+01 7.738488e-04 9.999989e-01 -1.248666e-03 -1.044309e+00 -4.603702e-02 1.282971e-03 9.989390e-01 1.274723e+01
9.991055e-01 8.779038e-04 -4.227688e-02 2.371281e+01 -8.301639e-04 9.999990e-01 1.146723e-03 -1.061160e+00 4.227793e-02 -1.110603e-03 9.991052e-01 1.305997e+01
9.988713e-01 -7.192422e-04 4.749409e-02 2.428758e+01 7.838701e-04 9.999988e-01 -1.342179e-03 -1.082622e+00 -4.749316e-02 1.377895e-03 9.988707e-01 1.322949e+01
9.990163e-01 8.999666e-04 -4.433532e-02 2.498167e+01 -8.484803e-04 9.999989e-01 1.180058e-03 -1.107712e+00 4.433642e-02 -1.141282e-03 9.990159e-01 1.335557e+01
9.987526e-01 -6.848557e-04 4.992792e-02 2.559178e+01 7.532986e-04 9.999988e-01 -1.352061e-03 -1.130881e+00 -4.992702e-02 1.387988e-03 9.987520e-01 1.360220e+01
9.989955e-01 8.509673e-04 -4.480130e-02 2.608116e+01 -7.986946e-04 9.999990e-01 1.184616e-03 -1.150314e+00 4.480235e-02 -1.147646e-03 9.989951e-01 1.384471e+01
9.988305e-01 -6.712008e-04 4.834520e-02 2.669429e+01 7.364248e-04 9.999988e-01 -1.331363e-03 -1.173068e+00 -4.834434e-02 1.365411e-03 9.988299e-01 1.399698e+01
9.990862e-01 8.248104e-04 -4.273114e-02 2.733715e+01 -7.771821e-04 9.999991e-01 1.131161e-03 -1.195959e+00 4.273213e-02 -1.096920e-03 9.990859e-01 1.406158e+01
9.988941e-01 -7.028594e-04 4.701280e-02 2.776738e+01 7.621026e-04 9.999989e-01 -1.242272e-03 -1.212321e+00 -4.701196e-02 1.276729e-03 9.988936e-01 1.415830e+01
9.990138e-01 8.352112e-04 -4.439217e-02 2.830072e+01 -7.859953e-04 9.999991e-01 1.126063e-03 -1.232404e+00 4.439316e-02 -1.090063e-03 9.990135e-01 1.428865e+01
9.989890e-01 -7.030384e-04 4.494990e-02 2.888817e+01 7.574233e-04 9.999990e-01 -1.192917e-03 -1.253878e+00 -4.494911e-02 1.225760e-03 9.989886e-01 1.433483e+01
9.990806e-01 8.284878e-04 -4.286306e-02 2.935694e+01 -7.815617e-04 9.999991e-01 1.111495e-03 -1.271919e+00 4.286403e-02 -1.076975e-03 9.990803e-01 1.447273e+01
9.990480e-01 -7.071004e-04 4.361869e-02 2.975622e+01 7.572737e-04 9.999991e-01 -1.133795e-03 -1.288035e+00 -4.361794e-02 1.165750e-03 9.990477e-01 1.464560e+01
9.991139e-01 8.242890e-04 -4.207828e-02 3.014248e+01 -7.787955e-04 9.999991e-01 1.097500e-03 -1.303400e+00 4.207923e-02 -1.063759e-03 9.991136e-01 1.476733e+01
9.988415e-01 -7.217806e-04 4.811645e-02 3.050670e+01 7.831215e-04 9.999989e-01 -1.256037e-03 -1.319408e+00 -4.811558e-02 1.292266e-03 9.988410e-01 1.504477e+01
9.990261e-01 8.638527e-04 -4.411350e-02 3.093017e+01 -8.149136e-04 9.999990e-01 1.127318e-03 -1.337128e+00 4.411453e-02 -1.090274e-03 9.990258e-01 1.531619e+01
9.989471e-01 -7.499312e-04 4.587115e-02 3.133525e+01 8.052200e-04 9.999990e-01 -1.186876e-03 -1.353149e+00 -4.587031e-02 1.222566e-03 9.989467e-01 1.545311e+01
9.990213e-01 8.600192e-04 -4.422149e-02 3.176459e+01 -8.112510e-04 9.999990e-01 1.120708e-03 -1.369868e+00 4.422251e-02 -1.083739e-03 9.990211e-01 1.556862e+01
9.987802e-01 -6.925021e-04 4.937334e-02 3.233244e+01 7.560647e-04 9.999989e-01 -1.268756e-03 -1.391018e+00 -4.937250e-02 1.304541e-03 9.987797e-01 1.571305e+01
9.990628e-01 8.239280e-04 -4.327598e-02 3.277145e+01 -7.768739e-04 9.999991e-01 1.104064e-03 -1.408550e+00 4.327694e-02 -1.069411e-03 9.990625e-01 1.591722e+01
9.988683e-01 -6.872623e-04 4.755825e-02 3.316230e+01 7.461023e-04 9.999990e-01 -1.219515e-03 -1.425211e+00 -4.755746e-02 1.253621e-03 9.988678e-01 1.617907e+01
9.990114e-01 7.761034e-04 -4.444654e-02 3.349624e+01 -7.253882e-04 9.999991e-01 1.157112e-03 -1.438410e+00 4.444749e-02 -1.123730e-03 9.990110e-01 1.625518e+01
9.989001e-01 -6.692080e-04 4.688490e-02 3.379034e+01 7.251551e-04 9.999990e-01 -1.176324e-03 -1.450679e+00 -4.688416e-02 1.209032e-03 9.988997e-01 1.636443e+01
9.989155e-01 7.364715e-04 -4.655304e-02 3.399016e+01 -6.818036e-04 9.999991e-01 1.190141e-03 -1.459814e+00 4.655396e-02 -1.157113e-03 9.989150e-01 1.644405e+01
9.988476e-01 -6.417267e-04 4.799070e-02 3.438940e+01 7.014269e-04 9.999990e-01 -1.227202e-03 -1.473765e+00 -4.798996e-02 1.259453e-03 9.988471e-01 1.631964e+01
9.989233e-01 7.468569e-04 -4.638588e-02 3.488915e+01 -6.938568e-04 9.999991e-01 1.158640e-03 -1.491271e+00 4.638680e-02 -1.125210e-03 9.989229e-01 1.623044e+01
9.987803e-01 -6.220402e-04 4.937219e-02 3.528279e+01 6.837039e-04 9.999990e-01 -1.232113e-03 -1.506872e+00 -4.937147e-02 1.264369e-03 9.987798e-01 1.636796e+01
9.990558e-01 6.958493e-04 -4.344016e-02 3.559276e+01 -6.486372e-04 9.999992e-01 1.100869e-03 -1.520279e+00 4.344099e-02 -1.071655e-03 9.990554e-01 1.656874e+01
9.987319e-01 -5.700560e-04 5.034162e-02 3.605250e+01 6.360478e-04 9.999990e-01 -1.294903e-03 -1.538275e+00 -5.034093e-02 1.325284e-03 9.987313e-01 1.676079e+01
9.990061e-01 7.022856e-04 -4.456705e-02 3.662387e+01 -6.540152e-04 9.999992e-01 1.097623e-03 -1.559035e+00 4.456788e-02 -1.067387e-03 9.990057e-01 1.684752e+01
9.988420e-01 -5.649408e-04 4.810785e-02 3.705064e+01 6.229139e-04 9.999991e-01 -1.190119e-03 -1.575753e+00 -4.810723e-02 1.218710e-03 9.988415e-01 1.699660e+01
9.990040e-01 6.933522e-04 -4.461487e-02 3.749774e+01 -6.464918e-04 9.999992e-01 1.064705e-03 -1.593255e+00 4.461567e-02 -1.034804e-03 9.990036e-01 1.715979e+01
9.988822e-01 -5.501181e-04 4.726638e-02 3.792480e+01 6.045927e-04 9.999992e-01 -1.138251e-03 -1.610332e+00 -4.726581e-02 1.165558e-03 9.988817e-01 1.735321e+01
9.989520e-01 6.541779e-04 -4.576368e-02 3.826902e+01 -6.049320e-04 9.999992e-01 1.089888e-03 -1.624506e+00 4.576446e-02 -1.061065e-03 9.989516e-01 1.749925e+01
9.987856e-01 -5.119989e-04 4.926489e-02 3.872116e+01 5.715996e-04 9.999991e-01 -1.195757e-03 -1.642136e+00 -4.926432e-02 1.222467e-03 9.987851e-01 1.766388e+01
9.989240e-01 6.678781e-04 -4.637154e-02 3.914678e+01 -6.171257e-04 9.999992e-01 1.108736e-03 -1.659507e+00 4.637234e-02 -1.078929e-03 9.989236e-01 1.789081e+01
9.985998e-01 -5.431400e-04 5.289841e-02 3.951110e+01 6.116656e-04 9.999990e-01 -1.279274e-03 -1.675324e+00 -5.289776e-02 1.309841e-03 9.985991e-01 1.816468e+01
9.988829e-01 6.374404e-04 -4.724874e-02 3.979242e+01 -5.838086e-04 9.999992e-01 1.148842e-03 -1.688326e+00 4.724953e-02 -1.119977e-03 9.988824e-01 1.840688e+01
9.988577e-01 -4.953174e-04 4.778160e-02 4.015141e+01 5.506489e-04 9.999992e-01 -1.144892e-03 -1.704173e+00 -4.778109e-02 1.169898e-03 9.988572e-01 1.866872e+01
9.989737e-01 6.561560e-04 -4.528928e-02 4.062132e+01 -6.089748e-04 9.999993e-01 1.055519e-03 -1.722824e+00 4.529003e-02 -1.026859e-03 9.989733e-01 1.888687e+01
9.985831e-01 -5.614826e-04 5.321314e-02 4.103893e+01 6.285980e-04 9.999990e-01 -1.244564e-03 -1.738927e+00 -5.321249e-02 1.276252e-03 9.985825e-01 1.903841e+01
9.988371e-01 6.735184e-04 -4.820730e-02 4.149309e+01 -6.225158e-04 9.999992e-01 1.072947e-03 -1.756305e+00 4.820808e-02 -1.041692e-03 9.988367e-01 1.918304e+01
9.985598e-01 -5.323831e-04 5.364772e-02 4.199670e+01 5.993950e-04 9.999991e-01 -1.233064e-03 -1.775036e+00 -5.364710e-02 1.263447e-03 9.985592e-01 1.930531e+01
9.990122e-01 6.236661e-04 -4.443130e-02 4.239182e+01 -5.800302e-04 9.999993e-01 9.949340e-04 -1.791474e+00 4.443199e-02 -9.681824e-04 9.990119e-01 1.956191e+01
9.987620e-01 -5.195862e-04 4.974290e-02 4.266863e+01 5.767622e-04 9.999992e-01 -1.135123e-03 -1.805155e+00 -4.974236e-02 1.162411e-03 9.987615e-01 1.986784e+01
9.988812e-01 6.637711e-04 -4.728451e-02 4.306488e+01 -6.141069e-04 9.999992e-01 1.064800e-03 -1.821676e+00 4.728528e-02 -1.034574e-03 9.988808e-01 2.009225e+01
9.984789e-01 -6.456411e-04 5.513156e-02 4.327713e+01 7.153016e-04 9.999990e-01 -1.243844e-03 -1.833866e+00 -5.513080e-02 1.281390e-03 9.984784e-01 2.041332e+01
9.991114e-01 6.578290e-04 -4.214168e-02 4.361705e+01 -6.201990e-04 9.999994e-01 9.059551e-04 -1.848167e+00 4.214235e-02 -8.790165e-04 9.991112e-01 2.059539e+01
9.986312e-01 -6.388162e-04 5.230152e-02 4.385108e+01 6.999711e-04 9.999991e-01 -1.151005e-03 -1.861500e+00 -5.230083e-02 1.186041e-03 9.986307e-01 2.095509e+01
9.989745e-01 7.188143e-04 -4.526957e-02 4.423119e+01 -6.756373e-04 9.999993e-01 9.690199e-04 -1.876867e+00 4.527033e-02 -9.374430e-04 9.989743e-01 2.112686e+01
9.987735e-01 -6.223199e-04 4.950982e-02 4.461351e+01 6.761933e-04 9.999992e-01 -1.071436e-03 -1.891253e+00 -4.950921e-02 1.103603e-03 9.987731e-01 2.116743e+01
9.989101e-01 7.382713e-04 -4.666907e-02 4.510345e+01 -6.939669e-04 9.999993e-01 9.654765e-04 -1.909195e+00 4.666985e-02 -9.320401e-04 9.989099e-01 2.118441e+01
9.987489e-01 -5.836982e-04 5.000295e-02 4.578439e+01 6.399016e-04 9.999992e-01 -1.108042e-03 -1.932921e+00 -5.000236e-02 1.138656e-03 9.987485e-01 2.115494e+01
9.989673e-01 7.314361e-04 -4.542884e-02 4.643268e+01 -6.897800e-04 9.999993e-01 9.325722e-04 -1.955899e+00 4.542959e-02 -9.002758e-04 9.989671e-01 2.118849e+01
9.987538e-01 -6.106947e-04 4.990630e-02 4.698716e+01 6.662640e-04 9.999992e-01 -1.096885e-03 -1.975831e+00 -4.990569e-02 1.128772e-03 9.987534e-01 2.122297e+01
9.989759e-01 6.977668e-04 -4.523807e-02 4.723981e+01 -6.536980e-04 9.999993e-01 9.888882e-04 -1.988558e+00 4.523882e-02 -9.583062e-04 9.989757e-01 2.150610e+01
9.989972e-01 -6.600481e-04 4.476950e-02 4.738037e+01 7.036654e-04 9.999993e-01 -9.585577e-04 -1.996784e+00 -4.476893e-02 9.891019e-04 9.989969e-01 2.168066e+01
9.989496e-01 7.272594e-04 -4.581564e-02 4.778722e+01 -6.848028e-04 9.999993e-01 9.423210e-04 -2.010235e+00 4.581639e-02 -9.099592e-04 9.989494e-01 2.146204e+01
9.989738e-01 -6.523850e-04 4.528837e-02 4.824941e+01 6.978461e-04 9.999993e-01 -9.880580e-04 -2.027232e+00 -4.528779e-02 1.018651e-03 9.989735e-01 2.145422e+01
9.989366e-01 7.197406e-04 -4.609892e-02 4.854137e+01 -6.735012e-04 9.999993e-01 1.018522e-03 -2.036547e+00 4.609971e-02 -9.863939e-04 9.989363e-01 2.118335e+01
9.990153e-01 -6.596872e-04 4.436252e-02 4.885956e+01 7.035112e-04 9.999993e-01 -9.723027e-04 -2.046884e+00 -4.436195e-02 1.002558e-03 9.990151e-01 2.095074e+01
9.989591e-01 6.955172e-04 -4.560884e-02 4.913299e+01 -6.512904e-04 9.999993e-01 9.844995e-04 -2.056956e+00 4.560959e-02 -9.537728e-04 9.989588e-01 2.085795e+01
9.990091e-01 -6.438819e-04 4.450306e-02 4.945833e+01 6.877956e-04 9.999993e-01 -9.715004e-04 -2.068149e+00 -4.450250e-02 1.001149e-03 9.990088e-01 2.069283e+01
9.989458e-01 7.063371e-04 -4.589924e-02 4.986600e+01 -6.634248e-04 9.999993e-01 9.500996e-04 -2.083304e+00 4.589997e-02 -9.186500e-04 9.989456e-01 2.069168e+01
9.990277e-01 -6.625650e-04 4.408344e-02 5.016218e+01 7.052638e-04 9.999993e-01 -9.530926e-04 -2.094370e+00 -4.408288e-02 9.832592e-04 9.990275e-01 2.064010e+01
9.990217e-01 7.193411e-04 -4.421543e-02 5.051459e+01 -6.790964e-04 9.999993e-01 9.251568e-04 -2.107891e+00 4.421616e-02 -8.942279e-04 9.990215e-01 2.064673e+01
9.990553e-01 -6.600876e-04 4.345193e-02 5.098686e+01 7.034136e-04 9.999993e-01 -9.818674e-04 -2.124301e+00 -4.345134e-02 1.011507e-03 9.990551e-01 2.052826e+01
9.989352e-01 7.178244e-04 -4.612984e-02 5.127321e+01 -6.721062e-04 9.999993e-01 1.006528e-03 -2.135802e+00 4.613063e-02 -9.744550e-04 9.989349e-01 2.057928e+01
9.990233e-01 -6.626126e-04 4.418204e-02 5.146676e+01 7.044890e-04 9.999993e-01 -9.322982e-04 -2.146064e+00 -4.418149e-02 9.625162e-04 9.990231e-01 2.081076e+01
9.991080e-01 7.790407e-04 -4.221885e-02 5.194785e+01 -7.441092e-04 9.999994e-01 8.430446e-04 -2.164695e+00 4.221958e-02 -8.108799e-04 9.991080e-01 2.096744e+01
9.988572e-01 -5.831577e-04 4.779179e-02 5.258813e+01 6.335024e-04 9.999993e-01 -1.038322e-03 -2.188967e+00 -4.779125e-02 1.067414e-03 9.988568e-01 2.123663e+01
9.988431e-01 7.193699e-04 -4.808280e-02 5.300180e+01 -6.697086e-04 9.999992e-01 1.048882e-03 -2.205814e+00 4.808361e-02 -1.015469e-03 9.988427e-01 2.144572e+01
9.988762e-01 -5.710474e-04 4.739238e-02 5.343041e+01 6.201693e-04 9.999993e-01 -1.021840e-03 -2.223466e+00 -4.739186e-02 1.050086e-03 9.988759e-01 2.168719e+01
9.988248e-01 7.501106e-04 -4.846066e-02 5.398125e+01 -7.006287e-04 9.999992e-01 1.038004e-03 -2.244673e+00 4.846150e-02 -1.002834e-03 9.988245e-01 2.190972e+01
9.986592e-01 -6.000374e-04 5.176368e-02 5.465877e+01 6.633668e-04 9.999991e-01 -1.206302e-03 -2.268754e+00 -5.176300e-02 1.239026e-03 9.986587e-01 2.195670e+01
9.988623e-01 8.013891e-04 -4.767935e-02 5.534158e+01 -7.533785e-04 9.999992e-01 1.024860e-03 -2.293849e+00 4.768023e-02 -9.877764e-04 9.988621e-01 2.215429e+01
9.987740e-01 -6.814305e-04 4.949782e-02 5.579196e+01 7.368481e-04 9.999991e-01 -1.101399e-03 -2.311014e+00 -4.949712e-02 1.136524e-03 9.987737e-01 2.225959e+01
9.990379e-01 7.599438e-04 -4.384762e-02 5.612087e+01 -7.175224e-04 9.999993e-01 9.831489e-04 -2.324647e+00 4.384843e-02 -9.507441e-04 9.990377e-01 2.244064e+01
9.989964e-01 -6.997232e-04 4.478616e-02 5.635378e+01 7.450760e-04 9.999992e-01 -9.960169e-04 -2.335753e+00 -4.478552e-02 1.028389e-03 9.989962e-01 2.264044e+01
9.991895e-01 7.837812e-04 -4.024580e-02 5.674835e+01 -7.495989e-04 9.999993e-01 8.643629e-04 -2.351825e+00 4.024655e-02 -8.334968e-04 9.991894e-01 2.283783e+01
9.985765e-01 -7.930280e-04 5.333363e-02 5.718319e+01 8.581848e-04 9.999989e-01 -1.198835e-03 -2.368815e+00 -5.333272e-02 1.242902e-03 9.985761e-01 2.300109e+01
9.994788e-01 6.948230e-04 -3.227392e-02 5.755894e+01 -6.763547e-04 9.999996e-01 5.830751e-04 -2.384489e+00 3.227441e-02 -5.609453e-04 9.994788e-01 2.315281e+01
9.990232e-01 -6.704161e-04 4.418456e-02 5.796159e+01 7.106566e-04 9.999993e-01 -8.950877e-04 -2.400772e+00 -4.418403e-02 9.256162e-04 9.990230e-01 2.334660e+01
9.994801e-01 6.691918e-04 -3.223266e-02 5.833249e+01 -6.513826e-04 9.999996e-01 5.629367e-04 -2.416313e+00 3.223312e-02 -5.416511e-04 9.994802e-01 2.355949e+01
9.989479e-01 -6.430126e-04 4.585560e-02 5.883451e+01 6.877930e-04 9.999993e-01 -9.608335e-04 -2.435410e+00 -4.585505e-02 9.913646e-04 9.989477e-01 2.370558e+01
9.991606e-01 7.306935e-04 -4.095659e-02 5.937755e+01 -6.993600e-04 9.999995e-01 7.792995e-04 -2.454922e+00 4.095723e-02 -7.500047e-04 9.991606e-01 2.375332e+01
9.991070e-01 -6.132731e-04 4.224826e-02 5.988495e+01 6.505895e-04 9.999994e-01 -8.695780e-04 -2.474192e+00 -4.224780e-02 8.962906e-04 9.991068e-01 2.390102e+01
9.995098e-01 6.142731e-04 -3.130133e-02 6.046617e+01 -5.976229e-04 9.999997e-01 5.412020e-04 -2.495358e+00 3.130176e-02 -5.222331e-04 9.995098e-01 2.400246e+01
9.985292e-01 -6.512529e-04 5.421404e-02 6.104147e+01 7.192553e-04 9.999990e-01 -1.234876e-03 -2.516832e+00 -5.421328e-02 1.272056e-03 9.985286e-01 2.410595e+01
9.988197e-01 7.510645e-04 -4.856537e-02 6.147264e+01 -6.993209e-04 9.999992e-01 1.082369e-03 -2.533292e+00 4.856624e-02 -1.047132e-03 9.988194e-01 2.423434e+01
9.987300e-01 -6.211507e-04 5.037853e-02 6.198138e+01 6.817858e-04 9.999991e-01 -1.186463e-03 -2.552691e+00 -5.037785e-02 1.219306e-03 9.987295e-01 2.436879e+01
9.986986e-01 7.861879e-04 -5.099489e-02 6.265843e+01 -7.298692e-04 9.999991e-01 1.122957e-03 -2.576761e+00 5.099583e-02 -1.084279e-03 9.986982e-01 2.439703e+01
9.987720e-01 -6.464968e-04 4.953992e-02 6.322860e+01 7.036239e-04 9.999991e-01 -1.135772e-03 -2.597566e+00 -4.953924e-02 1.169238e-03 9.987716e-01 2.446258e+01
9.987819e-01 8.413805e-04 -4.933536e-02 6.398963e+01 -7.909694e-04 9.999991e-01 1.041264e-03 -2.624390e+00 4.933629e-02 -1.000975e-03 9.987817e-01 2.451324e+01
9.985296e-01 -6.023779e-04 5.420592e-02 6.484655e+01 6.711190e-04 9.999990e-01 -1.250000e-03 -2.654689e+00 -5.420522e-02 1.284543e-03 9.985290e-01 2.466243e+01
9.988639e-01 7.799474e-04 -4.764661e-02 6.547160e+01 -7.317486e-04 9.999992e-01 1.028964e-03 -2.678592e+00 4.764748e-02 -9.929326e-04 9.988637e-01 2.494584e+01
9.987604e-01 -5.969292e-04 4.977441e-02 6.604198e+01 6.537542e-04 9.999992e-01 -1.125429e-03 -2.700225e+00 -4.977380e-02 1.156577e-03 9.987599e-01 2.515653e+01
9.986744e-01 7.449369e-04 -5.146602e-02 6.644885e+01 -6.852133e-04 9.999991e-01 1.178028e-03 -2.717210e+00 5.146695e-02 -1.141204e-03 9.986740e-01 2.539961e+01
9.985882e-01 -5.729834e-04 5.311727e-02 6.677211e+01 6.381871e-04 9.999991e-01 -1.210636e-03 -2.733673e+00 -5.311662e-02 1.242829e-03 9.985876e-01 2.580699e+01
9.986220e-01 7.789809e-04 -5.247271e-02 6.732392e+01 -7.187129e-04 9.999991e-01 1.167367e-03 -2.755448e+00 5.247367e-02 -1.128048e-03 9.986216e-01 2.606652e+01
9.986581e-01 -5.650903e-04 5.178593e-02 6.783077e+01 6.247648e-04 9.999992e-01 -1.136197e-03 -2.776212e+00 -5.178535e-02 1.167029e-03 9.986576e-01 2.636193e+01
9.985937e-01 7.655725e-04 -5.300958e-02 6.819107e+01 -7.026588e-04 9.999990e-01 1.205411e-03 -2.793784e+00 5.301055e-02 -1.166471e-03 9.985932e-01 2.677257e+01
9.986758e-01 -5.794227e-04 5.144228e-02 6.859662e+01 6.385137e-04 9.999992e-01 -1.132309e-03 -2.811835e+00 -5.144168e-02 1.163659e-03 9.986754e-01 2.710881e+01
9.987420e-01 7.116422e-04 -5.013750e-02 6.893484e+01 -6.572768e-04 9.999992e-01 1.100751e-03 -2.827206e+00 5.013835e-02 -1.066415e-03 9.987417e-01 2.740277e+01
9.987762e-01 -5.597108e-04 4.945546e-02 6.924017e+01 6.120666e-04 9.999993e-01 -1.043559e-03 -2.842466e+00 -4.945494e-02 1.072555e-03 9.987758e-01 2.775551e+01
9.987724e-01 8.024881e-04 -4.952739e-02 6.986129e+01 -7.521363e-04 9.999992e-01 1.035220e-03 -2.866523e+00 4.952828e-02 -9.967001e-04 9.987722e-01 2.803328e+01
9.987834e-01 -5.887216e-04 4.931066e-02 7.045622e+01 6.405711e-04 9.999993e-01 -1.035740e-03 -2.889308e+00 -4.931011e-02 1.066070e-03 9.987830e-01 2.825762e+01
9.987354e-01 7.581314e-04 -5.026914e-02 7.067221e+01 -7.034150e-04 9.999991e-01 1.106098e-03 -2.904000e+00 5.027003e-02 -1.069342e-03 9.987350e-01 2.876002e+01
9.987558e-01 -6.032567e-04 4.986518e-02 7.069192e+01 6.536339e-04 9.999993e-01 -9.940156e-04 -2.917105e+00 -4.986465e-02 1.025375e-03 9.987555e-01 2.943003e+01
9.987010e-01 7.598407e-04 -5.094797e-02 7.082350e+01 -7.034629e-04 9.999991e-01 1.124445e-03 -2.931045e+00 5.094888e-02 -1.087147e-03 9.987006e-01 3.001194e+01
9.987871e-01 -6.109486e-04 4.923395e-02 7.101934e+01 6.617525e-04 9.999993e-01 -1.015644e-03 -2.944934e+00 -4.923339e-02 1.046996e-03 9.987868e-01 3.048863e+01
9.986975e-01 7.761037e-04 -5.101534e-02 7.122792e+01 -7.193558e-04 9.999991e-01 1.130668e-03 -2.959518e+00 5.101627e-02 -1.092500e-03 9.986972e-01 3.099092e+01
9.987577e-01 -6.314607e-04 4.982628e-02 7.137653e+01 6.826442e-04 9.999993e-01 -1.010277e-03 -2.973265e+00 -4.982570e-02 1.043038e-03 9.987574e-01 3.153395e+01
9.986329e-01 7.782635e-04 -5.226541e-02 7.156895e+01 -7.191046e-04 9.999991e-01 1.150639e-03 -2.987207e+00 5.226635e-02 -1.111484e-03 9.986325e-01 3.202171e+01
9.987410e-01 -6.641016e-04 5.016025e-02 7.166913e+01 7.146240e-04 9.999993e-01 -9.893390e-04 -2.999252e+00 -5.015966e-02 1.023942e-03 9.987407e-01 3.253908e+01
9.985788e-01 7.636990e-04 -5.328805e-02 7.177517e+01 -7.022326e-04 9.999991e-01 1.172138e-03 -3.010992e+00 5.328899e-02 -1.133055e-03 9.985784e-01 3.302636e+01
9.987751e-01 -6.115654e-04 4.947699e-02 7.197031e+01 6.598020e-04 9.999993e-01 -9.586511e-04 -3.024677e+00 -4.947647e-02 9.901247e-04 9.987749e-01 3.350042e+01
9.986132e-01 7.341242e-04 -5.264069e-02 7.215333e+01 -6.763933e-04 9.999992e-01 1.114455e-03 -3.037217e+00 5.264157e-02 -1.077307e-03 9.986128e-01 3.391737e+01
9.989243e-01 -5.342240e-04 4.636958e-02 7.231573e+01 5.734929e-04 9.999995e-01 -8.336197e-04 -3.049681e+00 -4.636921e-02 8.593183e-04 9.989241e-01 3.436227e+01
9.987435e-01 6.827686e-04 -5.010780e-02 7.247062e+01 -6.310793e-04 9.999993e-01 1.047325e-03 -3.063061e+00 5.010858e-02 -1.014390e-03 9.987432e-01 3.487752e+01
9.991435e-01 -4.353285e-04 4.137890e-02 7.263088e+01 4.638886e-04 9.999997e-01 -6.806658e-04 -3.075849e+00 -4.137869e-02 6.992807e-04 9.991433e-01 3.534651e+01
9.987883e-01 7.213367e-04 -4.920648e-02 7.279660e+01 -6.709568e-04 9.999992e-01 1.040306e-03 -3.089149e+00 4.920729e-02 -1.006033e-03 9.987880e-01 3.583778e+01
9.991014e-01 -5.096863e-04 4.238189e-02 7.303850e+01 5.425839e-04 9.999996e-01 -7.647719e-04 -3.102386e+00 -4.238158e-02 7.870831e-04 9.991012e-01 3.619558e+01
9.990093e-01 6.681345e-04 -4.449532e-02 7.337810e+01 -6.302412e-04 9.999994e-01 8.655931e-04 -3.118959e+00 4.449597e-02 -8.366954e-04 9.990092e-01 3.658084e+01
9.990555e-01 -4.972062e-04 4.345020e-02 7.376048e+01 5.326270e-04 9.999995e-01 -8.036836e-04 -3.136753e+00 -4.344988e-02 8.260699e-04 9.990553e-01 3.695705e+01
9.989876e-01 6.495697e-04 -4.497989e-02 7.422269e+01 -6.120274e-04 9.999995e-01 8.483589e-04 -3.155697e+00 4.498052e-02 -8.199737e-04 9.989875e-01 3.721054e+01
9.990278e-01 -4.794194e-04 4.408229e-02 7.465425e+01 5.152891e-04 9.999995e-01 -8.023895e-04 -3.174371e+00 -4.408198e-02 8.243272e-04 9.990276e-01 3.752467e+01
9.990519e-01 6.713654e-04 -4.352988e-02 7.518270e+01 -6.375863e-04 9.999995e-01 7.898219e-04 -3.195667e+00 4.353049e-02 -7.613215e-04 9.990518e-01 3.780395e+01
9.989180e-01 -4.641930e-04 4.650498e-02 7.601837e+01 5.086071e-04 9.999994e-01 -9.432586e-04 -3.225193e+00 -4.650462e-02 9.658934e-04 9.989177e-01 3.791273e+01
9.991255e-01 6.815208e-04 -4.180491e-02 7.698155e+01 -6.523547e-04 9.999995e-01 7.112515e-04 -3.258374e+00 4.180547e-02 -6.833604e-04 9.991255e-01 3.796767e+01
9.989024e-01 -4.468945e-04 4.683802e-02 7.784134e+01 4.895853e-04 9.999995e-01 -9.000351e-04 -3.288560e+00 -4.683769e-02 9.219811e-04 9.989021e-01 3.810499e+01
9.990542e-01 6.290424e-04 -4.347691e-02 7.846498e+01 -5.959043e-04 9.999995e-01 7.751004e-04 -3.311726e+00 4.347748e-02 -7.484617e-04 9.990541e-01 3.828506e+01
9.989109e-01 -4.016146e-04 4.665795e-02 7.908263e+01 4.414981e-04 9.999995e-01 -8.445519e-04 -3.335233e+00 -4.665769e-02 8.642341e-04 9.989106e-01 3.852911e+01
9.989868e-01 5.927265e-04 -4.499952e-02 7.957313e+01 -5.568133e-04 9.999995e-01 8.105570e-04 -3.355369e+00 4.500008e-02 -7.846819e-04 9.989866e-01 3.881574e+01
9.988643e-01 -3.736946e-04 4.764420e-02 8.023393e+01 4.168156e-04 9.999995e-01 -8.951777e-04 -3.379968e+00 -4.764395e-02 9.140226e-04 9.988640e-01 3.901684e+01
9.990167e-01 5.545858e-04 -4.433126e-02 8.077887e+01 -5.195569e-04 9.999995e-01 8.016278e-04 -3.400700e+00 4.433178e-02 -7.778095e-04 9.990165e-01 3.921240e+01
9.988298e-01 -3.250986e-04 4.836285e-02 8.142752e+01 3.727151e-04 9.999995e-01 -9.755969e-04 -3.425563e+00 -4.836261e-02 9.924835e-04 9.988294e-01 3.950264e+01
9.988441e-01 5.154307e-04 -4.806340e-02 8.215971e+01 -4.712853e-04 9.999995e-01 9.297596e-04 -3.451955e+00 4.806395e-02 -9.060358e-04 9.988438e-01 3.963934e+01
9.987554e-01 -4.471413e-04 4.987480e-02 8.247205e+01 4.960843e-04 9.999994e-01 -9.689884e-04 -3.464221e+00 -4.987444e-02 9.925271e-04 9.987551e-01 3.965037e+01
9.989296e-01 5.174733e-04 -4.625222e-02 8.278297e+01 -4.768034e-04 9.999995e-01 8.902836e-04 -3.475712e+00 4.625276e-02 -8.672800e-04 9.989293e-01 3.960857e+01
9.988297e-01 -3.980102e-04 4.836544e-02 8.314340e+01 4.439882e-04 9.999995e-01 -9.399443e-04 -3.490728e+00 -4.836514e-02 9.603205e-04 9.988293e-01 3.982383e+01
9.988569e-01 5.170566e-04 -4.779716e-02 8.349574e+01 -4.733925e-04 9.999995e-01 9.247948e-04 -3.505817e+00 4.779771e-02 -9.011133e-04 9.988566e-01 4.004393e+01
9.985710e-01 -3.207608e-04 5.344193e-02 8.408922e+01 3.815134e-04 9.999993e-01 -1.126640e-03 -3.528315e+00 -5.344163e-02 1.145422e-03 9.985704e-01 4.028513e+01
9.987415e-01 5.138700e-04 -5.015101e-02 8.461124e+01 -4.629903e-04 9.999994e-01 1.026092e-03 -3.548576e+00 5.015160e-02 -1.001584e-03 9.987411e-01 4.050099e+01
9.986986e-01 -3.686929e-04 5.099981e-02 8.516439e+01 4.240170e-04 9.999993e-01 -1.074018e-03 -3.569368e+00 -5.099948e-02 1.094248e-03 9.986981e-01 4.062045e+01
9.986948e-01 4.593951e-04 -5.107334e-02 8.561860e+01 -4.072743e-04 9.999994e-01 1.030863e-03 -3.586518e+00 5.107388e-02 -1.008719e-03 9.986943e-01 4.067978e+01
9.986891e-01 -3.793380e-04 5.118647e-02 8.597687e+01 4.337776e-04 9.999994e-01 -1.052492e-03 -3.601130e+00 -5.118614e-02 1.073319e-03 9.986886e-01 4.080822e+01
9.987127e-01 4.790393e-04 -5.072057e-02 8.643393e+01 -4.285096e-04 9.999994e-01 1.007059e-03 -3.618640e+00 5.072112e-02 -9.840308e-04 9.987123e-01 4.091384e+01
9.986874e-01 -3.169617e-04 5.121921e-02 8.673077e+01 3.682166e-04 9.999994e-01 -9.913074e-04 -3.633831e+00 -5.121897e-02 1.008869e-03 9.986870e-01 4.128975e+01
9.986806e-01 4.645411e-04 -5.134897e-02 8.720302e+01 -4.148127e-04 9.999994e-01 9.790445e-04 -3.652442e+00 5.134950e-02 -9.564551e-04 9.986802e-01 4.147151e+01
9.986393e-01 -3.556544e-04 5.214853e-02 8.767067e+01 4.101104e-04 9.999994e-01 -1.033592e-03 -3.670098e+00 -5.214823e-02 1.053575e-03 9.986389e-01 4.153379e+01
9.987020e-01 4.475558e-04 -5.093074e-02 8.804474e+01 -3.974981e-04 9.999994e-01 9.929342e-04 -3.685016e+00 5.093125e-02 -9.714031e-04 9.987016e-01 4.163782e+01
9.987033e-01 -3.401463e-04 5.090815e-02 8.851989e+01 3.933297e-04 9.999994e-01 -1.034722e-03 -3.703136e+00 -5.090787e-02 1.053407e-03 9.987029e-01 4.173280e+01
9.986905e-01 5.001550e-04 -5.115695e-02 8.907357e+01 -4.492288e-04 9.999994e-01 1.006935e-03 -3.724197e+00 5.115752e-02 -9.826373e-04 9.986901e-01 4.189917e+01
9.988037e-01 -3.121512e-04 4.889851e-02 8.965946e+01 3.601199e-04 9.999995e-01 -9.722238e-04 -3.746265e+00 -4.889828e-02 9.886726e-04 9.988033e-01 4.210405e+01
9.986549e-01 4.982792e-04 -5.184694e-02 9.019829e+01 -4.446882e-04 9.999994e-01 1.045122e-03 -3.767044e+00 5.184753e-02 -1.020663e-03 9.986544e-01 4.234478e+01
9.986938e-01 -2.902241e-04 5.109476e-02 9.074290e+01 3.433030e-04 9.999994e-01 -1.030103e-03 -3.788288e+00 -5.109453e-02 1.046301e-03 9.986933e-01 4.257932e+01
9.986111e-01 3.869162e-04 -5.268382e-02 9.132287e+01 -3.355491e-04 9.999995e-01 9.838013e-04 -3.805867e+00 5.268428e-02 -9.647594e-04 9.986107e-01 4.214542e+01
9.986927e-01 -2.596159e-04 5.111577e-02 9.195530e+01 3.100667e-04 9.999995e-01 -9.791062e-04 -3.823480e+00 -5.111558e-02 9.936781e-04 9.986923e-01 4.151924e+01
9.985623e-01 3.403775e-04 -5.360192e-02 9.256563e+01 -2.922885e-04 9.999995e-01 9.049420e-04 -3.843421e+00 5.360230e-02 -8.879762e-04 9.985619e-01 4.129725e+01
9.987250e-01 -2.107669e-04 5.048229e-02 9.325745e+01 2.602739e-04 9.999995e-01 -9.741520e-04 -3.865289e+00 -5.048216e-02 9.860517e-04 9.987245e-01 4.098411e+01
9.985480e-01 3.093725e-04 -5.386745e-02 9.387168e+01 -2.606378e-04 9.999996e-01 9.116931e-04 -3.884461e+00 5.386781e-02 -8.963319e-04 9.985476e-01 4.065281e+01
9.987457e-01 -1.875609e-04 5.007054e-02 9.454844e+01 2.355135e-04 9.999995e-01 -9.518464e-04 -3.906055e+00 -5.007044e-02 9.624474e-04 9.987453e-01 4.038660e+01
9.986391e-01 3.504984e-04 -5.215087e-02 9.540218e+01 -3.049991e-04 9.999996e-01 8.803630e-04 -3.934771e+00 5.215126e-02 -8.632614e-04 9.986388e-01 4.030090e+01
9.987832e-01 -1.664230e-04 4.931615e-02 9.621577e+01 2.120420e-04 9.999996e-01 -9.198458e-04 -3.962181e+00 -4.931607e-02 9.291862e-04 9.987828e-01 4.022525e+01
9.986109e-01 2.542160e-04 -5.268917e-02 9.679909e+01 -2.076905e-04 9.999996e-01 8.884455e-04 -3.980091e+00 5.268947e-02 -8.762708e-04 9.986105e-01 3.985623e+01
9.988324e-01 -1.306433e-04 4.830954e-02 9.741742e+01 1.738300e-04 9.999996e-01 -8.898035e-04 -3.998456e+00 -4.830950e-02 8.971648e-04 9.988321e-01 3.941860e+01
9.985991e-01 2.707269e-04 -5.291215e-02 9.822343e+01 -2.267238e-04 9.999996e-01 8.375820e-04 -4.023185e+00 5.291245e-02 -8.244147e-04 9.985988e-01 3.903085e+01
9.988304e-01 -6.572431e-05 4.835213e-02 9.902126e+01 1.046466e-04 9.999997e-01 -8.024893e-04 -4.049774e+00 -4.835216e-02 8.066132e-04 9.988301e-01 3.893659e+01
9.986630e-01 1.716861e-04 -5.169255e-02 9.975419e+01 -1.346161e-04 9.999997e-01 7.205583e-04 -4.072504e+00 5.169276e-02 -7.126388e-04 9.986627e-01 3.855736e+01
9.987871e-01 -6.311839e-05 4.923828e-02 1.004553e+02 1.005942e-04 9.999997e-01 -7.586773e-04 -4.092711e+00 -4.923831e-02 7.627128e-04 9.987868e-01 3.797769e+01
9.986614e-01 1.900060e-04 -5.172279e-02 1.010927e+02 -1.518998e-04 9.999997e-01 7.406235e-04 -4.110442e+00 5.172302e-02 -7.317780e-04 9.986611e-01 3.735686e+01
9.988524e-01 -8.499359e-05 4.789611e-02 1.016935e+02 1.205408e-04 9.999997e-01 -7.393313e-04 -4.127938e+00 -4.789613e-02 7.442588e-04 9.988521e-01 3.687030e+01
9.987177e-01 1.242599e-04 -5.062402e-02 1.021730e+02 -8.638741e-05 9.999997e-01 7.502534e-04 -4.142999e+00 5.062420e-02 -7.449207e-04 9.987174e-01 3.655651e+01
9.988761e-01 -8.161898e-05 4.739756e-02 1.026922e+02 1.171299e-04 9.999997e-01 -7.464814e-04 -4.160376e+00 -4.739758e-02 7.511967e-04 9.988759e-01 3.640356e+01
9.986903e-01 1.626683e-04 -5.116141e-02 1.033373e+02 -1.266957e-04 9.999997e-01 7.063151e-04 -4.180318e+00 5.116161e-02 -6.989107e-04 9.986901e-01 3.604527e+01
9.988434e-01 -7.174583e-05 4.808304e-02 1.040204e+02 1.073738e-04 9.999997e-01 -7.384295e-04 -4.200604e+00 -4.808307e-02 7.427409e-04 9.988431e-01 3.554755e+01
9.987578e-01 1.530872e-04 -4.982652e-02 1.045999e+02 -1.180360e-04 9.999997e-01 7.063597e-04 -4.217897e+00 4.982672e-02 -6.996035e-04 9.987576e-01 3.508536e+01
9.988375e-01 -7.495361e-05 4.820432e-02 1.050490e+02 1.092418e-04 9.999997e-01 -7.087194e-04 -4.230988e+00 -4.820436e-02 7.131640e-04 9.988373e-01 3.463494e+01
9.987090e-01 1.481945e-04 -5.079671e-02 1.054807e+02 -1.114149e-04 9.999997e-01 7.268396e-04 -4.243892e+00 5.079691e-02 -7.202442e-04 9.987087e-01 3.425382e+01
