9.999949e-01 7.823535e-05 3.181859e-03 4.970671e-01 -7.775419e-05 1.000000e+00 -1.513474e-04 -1.911069e-02 -3.181871e-03 1.510988e-04 9.999950e-01 1.559729e-01
9.999988e-01 4.740476e-05 -1.543485e-03 9.982475e-01 -4.734755e-05 1.000000e+00 3.709372e-05 -4.008999e-02 1.543488e-03 -3.702014e-05 9.999987e-01 4.894179e-01
9.999365e-01 -7.207828e-05 1.127171e-02 1.460500e+00 7.618495e-05 9.999999e-01 -3.639073e-04 -5.910747e-02 -1.127169e-02 3.647425e-04 9.999365e-01 7.522639e-01
9.999762e-01 1.434875e-04 -6.902589e-03 2.021074e+00 -1.427281e-04 1.000000e+00 1.105109e-04 -8.006044e-02 6.902606e-03 -1.095227e-04 9.999761e-01 9.501863e-01
9.997393e-01 -2.872635e-04 2.283169e-02 2.426345e+00 3.010586e-04 9.999998e-01 -6.007742e-04 -9.628791e-02 -2.283152e-02 6.074909e-04 9.997392e-01 1.074694e+00
9.999363e-01 1.954690e-04 -1.128327e-02 2.645462e+00 -1.921930e-04 9.999999e-01 2.914179e-04 -1.042278e-01 1.128333e-02 -2.892305e-04 9.999362e-01 9.498008e-01
9.997405e-01 -2.451616e-04 2.278045e-02 2.972031e+00 2.592718e-04 9.999998e-01 -6.164502e-04 -1.153111e-01 -2.278030e-02 6.221963e-04 9.997404e-01 7.847232e-01
9.997904e-01 3.167061e-04 -2.047036e-02 3.480495e+00 -3.070217e-04 9.999998e-01 4.762331e-04 -1.345519e-01 2.047051e-02 -4.698482e-04 9.997902e-01 9.157213e-01
9.998622e-01 -1.953435e-04 1.659793e-02 3.860295e+00 2.018086e-04 9.999999e-01 -3.878380e-04 -1.511530e-01 -1.659786e-02 3.911339e-04 9.998623e-01 1.194238e+00
9.997950e-01 3.215313e-04 -2.024348e-02 4.221152e+00 -3.125496e-04 9.999999e-01 4.468449e-04 -1.660885e-01 2.024363e-02 -4.404259e-04 9.997949e-01 1.369781e+00
9.999476e-01 -5.172848e-05 1.023786e-02 4.487124e+00 5.349451e-05 1.000000e+00 -1.722275e-04 -1.768540e-01 -1.023786e-02 1.727658e-04 9.999477e-01 1.409218e+00
9.999270e-01 8.971397e-05 -1.208546e-02 4.516418e+00 -8.706382e-05 1.000000e+00 2.198090e-04 -1.796611e-01 1.208548e-02 -2.187404e-04 9.999268e-01 1.419019e+00
9.999847e-01 3.207103e-04 -5.526943e-03 4.474736e+00 -3.185673e-04 9.999999e-01 3.886162e-04 -1.799593e-01 5.527064e-03 -3.868499e-04 9.999848e-01 1.356941e+00
9.999518e-01 1.611792e-05 -9.820267e-03 4.452462e+00 -1.479541e-05 1.000000e+00 1.347430e-04 -1.814092e-01 9.820270e-03 -1.345908e-04 9.999517e-01 1.362853e+00
9.999877e-01 5.147160e-05 4.959765e-03 4.496868e+00 -5.161648e-05 1.000000e+00 2.907956e-05 -1.900338e-01 -4.959764e-03 -2.933565e-05 9.999878e-01 1.728057e+00
9.999970e-01 -1.344854e-04 2.462575e-03 4.651113e+00 1.351431e-04 1.000000e+00 -2.669020e-04 -2.004390e-01 -2.462537e-03 2.672344e-04 9.999968e-01 2.010804e+00
9.999999e-01 2.699057e-04 -4.043133e-04 4.815258e+00 -2.698200e-04 9.999999e-01 2.119867e-04 -2.093300e-01 4.043692e-04 -2.118780e-04 1.000000e+00 2.136396e+00
9.999993e-01 -6.867110e-05 -1.215124e-03 4.933152e+00 6.850799e-05 1.000000e+00 -1.342883e-04 -2.146056e-01 1.215134e-03 1.342054e-04 9.999992e-01 2.055034e+00
9.999962e-01 1.257790e-04 2.751942e-03 4.999467e+00 -1.260374e-04 1.000000e+00 9.371410e-05 -2.190497e-01 -2.751932e-03 -9.406101e-05 9.999963e-01 2.063143e+00
9.999462e-01 -1.952342e-04 1.037023e-02 5.308988e+00 2.002672e-04 9.999999e-01 -4.842903e-04 -2.332380e-01 -1.037013e-02 4.863414e-04 9.999460e-01 2.273432e+00
9.998994e-01 -4.981162e-05 1.418099e-02 5.585735e+00 5.393243e-05 1.000000e+00 -2.902056e-04 -2.486164e-01 -1.418098e-02 2.909409e-04 9.998995e-01 2.633688e+00
9.999871e-01 -1.464038e-04 5.082952e-03 5.828951e+00 1.480053e-04 9.999999e-01 -3.147027e-04 -2.610750e-01 -5.082899e-03 3.154512e-04 9.999869e-01 2.857556e+00
9.999405e-01 -3.571928e-06 1.090434e-02 6.072886e+00 6.208357e-06 1.000000e+00 -2.417451e-04 -2.727184e-01 -1.090434e-02 2.417983e-04 9.999406e-01 3.031361e+00
9.999291e-01 1.209978e-04 -1.190980e-02 6.116396e+00 -1.185101e-04 1.000000e+00 2.095845e-04 -2.733035e-01 1.190983e-02 -2.081581e-04 9.999290e-01 2.765701e+00
9.997690e-01 -1.590832e-04 2.149028e-02 6.139290e+00 1.673845e-04 9.999999e-01 -3.844838e-04 -2.743424e-01 -2.149023e-02 3.879920e-04 9.997691e-01 2.529413e+00
9.999860e-01 -1.199314e-04 5.281118e-03 6.385621e+00 1.222828e-04 9.999999e-01 -4.449161e-04 -2.850264e-01 -5.281052e-03 4.455558e-04 9.999859e-01 2.557728e+00
9.998419e-01 -6.292082e-05 1.778095e-02 6.360051e+00 6.711839e-05 1.000000e+00 -2.354755e-04 -2.831819e-01 -1.778095e-02 2.366316e-04 9.998420e-01 2.169997e+00
9.998320e-01 8.313761e-05 -1.833154e-02 6.392229e+00 -7.773853e-05 1.000000e+00 2.952356e-04 -2.828712e-01 1.833158e-02 -2.937609e-04 9.998318e-01 1.813142e+00
9.998919e-01 1.170706e-04 1.470464e-02 6.657253e+00 -1.146579e-04 1.000000e+00 -1.649191e-04 -2.966381e-01 -1.470467e-02 1.632152e-04 9.998920e-01 2.128577e+00
9.999289e-01 -7.527937e-05 -1.192458e-02 6.882709e+00 7.627327e-05 1.000000e+00 8.289286e-05 -3.109594e-01 1.192459e-02 -8.379647e-05 9.999288e-01 2.561622e+00
9.997405e-01 4.663741e-05 2.278164e-02 7.125735e+00 -3.715053e-05 9.999999e-01 -4.168503e-04 -3.237294e-01 -2.278167e-02 4.158958e-04 9.997405e-01 2.844611e+00
9.997930e-01 -8.304312e-06 -2.034519e-02 7.372622e+00 1.478180e-05 9.999999e-01 3.182279e-04 -3.370775e-01 2.034520e-02 -3.184628e-04 9.997929e-01 3.174959e+00
9.997303e-01 3.562207e-05 2.322326e-02 7.674575e+00 -2.542368e-05 9.999999e-01 -4.394413e-04 -3.507510e-01 -2.322328e-02 4.387324e-04 9.997303e-01 3.416668e+00
9.995580e-01 1.207123e-04 -2.972801e-02 7.867296e+00 -1.008993e-04 9.999998e-01 6.679764e-04 -3.614762e-01 2.972810e-02 -6.646816e-04 9.995577e-01 3.675547e+00
9.997082e-01 -6.019902e-05 2.415806e-02 8.032959e+00 7.226505e-05 9.999999e-01 -4.985899e-04 -3.712192e-01 -2.415804e-02 5.001902e-04 9.997081e-01 3.926444e+00
9.995413e-01 2.031921e-04 -3.028518e-02 8.197849e+00 -1.815945e-04 9.999997e-01 7.158887e-04 -3.822881e-01 3.028533e-02 -7.100607e-04 9.995409e-01 4.261568e+00
9.996269e-01 -9.737549e-05 2.731222e-02 8.508776e+00 1.147751e-04 9.999998e-01 -6.354960e-04 -3.965270e-01 -2.731217e-02 6.383936e-04 9.996268e-01 4.505442e+00
9.995472e-01 1.998699e-04 -3.008985e-02 8.943584e+00 -1.803161e-04 9.999998e-01 6.525584e-04 -4.131645e-01 3.008999e-02 -6.468372e-04 9.995469e-01 4.585801e+00
9.996599e-01 -1.024492e-04 2.607863e-02 9.386055e+00 1.184950e-04 9.999998e-01 -6.137412e-04 -4.300566e-01 -2.607857e-02 6.166226e-04 9.996598e-01 4.698475e+00
9.993585e-01 4.047459e-04 -3.581151e-02 9.769351e+00 -3.718057e-04 9.999995e-01 9.264755e-04 -4.460207e-01 3.581188e-02 -9.125661e-04 9.993580e-01 4.910563e+00
9.998222e-01 1.068081e-04 1.885650e-02 1.012223e+01 -1.017134e-04 1.000000e+00 -2.711401e-04 -4.612221e-01 -1.885654e-02 2.691738e-04 9.998223e-01 5.130100e+00
9.994585e-01 3.613425e-04 -3.290281e-02 1.060712e+01 -3.367653e-04 9.999997e-01 7.525030e-04 -4.802778e-01 3.290308e-02 -7.410148e-04 9.994582e-01 5.330737e+00
9.995602e-01 -1.567793e-04 2.965311e-02 1.122525e+01 1.781575e-04 9.999997e-01 -7.183022e-04 -5.026718e-01 -2.965300e-02 7.232691e-04 9.995601e-01 5.388754e+00
9.992634e-01 4.513527e-04 -3.837284e-02 1.173801e+01 -4.149647e-04 9.999995e-01 9.562343e-04 -5.219122e-01 3.837326e-02 -9.396064e-04 9.992629e-01 5.513887e+00
9.996471e-01 1.086812e-05 2.656431e-02 1.222595e+01 3.368762e-06 9.999999e-01 -5.358959e-04 -5.406039e-01 -2.656432e-02 5.357960e-04 9.996471e-01 5.671884e+00
9.995647e-01 1.566221e-04 -2.950256e-02 1.280513e+01 -1.404068e-04 9.999998e-01 5.516964e-04 -5.621913e-01 2.950265e-02 -5.473136e-04 9.995645e-01 5.795277e+00
9.994514e-01 -7.063406e-05 3.311789e-02 1.332795e+01 9.392035e-05 9.999997e-01 -7.015785e-04 -5.809693e-01 -3.311784e-02 7.043038e-04 9.994513e-01 5.794171e+00
9.989468e-01 5.591792e-04 -4.587935e-02 1.372907e+01 -5.069518e-04 9.999992e-01 1.149990e-03 -5.974136e-01 4.587996e-02 -1.125520e-03 9.989462e-01 5.979143e+00
9.996790e-01 4.333306e-05 2.533728e-02 1.390006e+01 -3.436716e-05 9.999999e-01 -3.542978e-04 -6.064809e-01 -2.533729e-02 3.533129e-04 9.996790e-01 6.115445e+00
9.996202e-01 1.616347e-04 -2.755682e-02 1.427254e+01 -1.512362e-04 9.999999e-01 3.794305e-04 -6.227565e-01 2.755689e-02 -3.751184e-04 9.996201e-01 6.378490e+00
9.997367e-01 1.048409e-04 2.294761e-02 1.463240e+01 -9.905966e-05 1.000000e+00 -2.530671e-04 -6.399200e-01 -2.294764e-02 2.507269e-04 9.997367e-01 6.748456e+00
9.991140e-01 5.680369e-04 -4.208159e-02 1.500766e+01 -5.266647e-04 9.999994e-01 9.942222e-04 -6.563714e-01 4.208212e-02 -9.711780e-04 9.991136e-01 7.007739e+00
9.996381e-01 -3.678317e-07 2.690189e-02 1.558368e+01 1.229234e-05 9.999999e-01 -4.430947e-04 -6.779177e-01 -2.690188e-02 4.432645e-04 9.996381e-01 7.192421e+00
9.983070e-01 1.032964e-03 -5.815522e-02 1.602292e+01 -9.316598e-04 9.999980e-01 1.769043e-03 -6.958540e-01 5.815693e-02 -1.711867e-03 9.983059e-01 7.400655e+00
9.996297e-01 -8.610425e-06 2.721228e-02 1.644697e+01 2.044344e-05 9.999999e-01 -4.345648e-04 -7.128427e-01 -2.721227e-02 4.349594e-04 9.996297e-01 7.560110e+00
9.975542e-01 1.314472e-03 -6.988529e-02 1.672041e+01 -1.160338e-03 9.999968e-01 2.246082e-03 -7.260359e-01 6.988801e-02 -2.159497e-03 9.975524e-01 7.750142e+00
9.998155e-01 4.081169e-05 1.920608e-02 1.678424e+01 -3.868717e-05 1.000000e+00 -1.109949e-04 -7.325013e-01 -1.920606e-02 1.102302e-04 9.998156e-01 7.873480e+00
9.975420e-01 1.310851e-03 -7.005836e-02 1.685054e+01 -1.159552e-03 9.999969e-01 2.200237e-03 -7.392473e-01 7.006101e-02 -2.113591e-03 9.975404e-01 8.019352e+00
9.998261e-01 7.463930e-05 1.864984e-02 1.694373e+01 -7.440859e-05 1.000000e+00 -1.307710e-05 -7.468892e-01 -1.864981e-02 1.168561e-05 9.998262e-01 8.169421e+00
9.980211e-01 1.262756e-03 -6.286644e-02 1.714012e+01 -1.142804e-03 9.999975e-01 1.943960e-03 -7.582920e-01 6.286871e-02 -1.868268e-03 9.980200e-01 8.403397e+00
9.997871e-01 -5.107598e-05 2.063465e-02 1.728800e+01 5.289594e-05 1.000000e+00 -8.767061e-05 -7.681645e-01 -2.063462e-02 8.874161e-05 9.997872e-01 8.629506e+00
9.981406e-01 1.223407e-03 -6.094183e-02 1.742146e+01 -1.113300e-03 9.999977e-01 1.840657e-03 -7.782781e-01 6.094391e-02 -1.769386e-03 9.981395e-01 8.906455e+00
9.995795e-01 -2.416603e-04 2.899489e-02 1.759555e+01 2.540782e-04 9.999999e-01 -4.246160e-04 -7.892929e-01 -2.899474e-02 4.318024e-04 9.995796e-01 9.189653e+00
9.979850e-01 1.233604e-03 -6.343819e-02 1.772933e+01 -1.114379e-03 9.999975e-01 1.914734e-03 -7.998960e-01 6.344035e-02 -1.840179e-03 9.979838e-01 9.511616e+00
9.993826e-01 -3.625356e-04 3.513191e-02 1.783421e+01 3.841579e-04 9.999997e-01 -6.087284e-04 -8.106157e-01 -3.513163e-02 6.218465e-04 9.993826e-01 9.898492e+00
9.979026e-01 1.211892e-03 -6.472181e-02 1.791752e+01 -1.090648e-03 9.999976e-01 1.908613e-03 -8.206195e-01 6.472392e-02 -1.834019e-03 9.979014e-01 1.027428e+01
9.999040e-01 1.743065e-04 1.385760e-02 1.799191e+01 -1.784205e-04 9.999999e-01 2.955913e-04 -8.285740e-01 -1.385749e-02 -2.980379e-04 9.999040e-01 1.049058e+01
9.978349e-01 1.263080e-03 -6.575673e-02 1.808410e+01 -1.142542e-03 9.999976e-01 1.870650e-03 -8.367385e-01 6.575888e-02 -1.791467e-03 9.978338e-01 1.068159e+01
9.998575e-01 8.318031e-05 1.688056e-02 1.817113e+01 -8.696616e-05 1.000000e+00 2.234796e-04 -8.441857e-01 -1.688048e-02 -2.249186e-04 9.998576e-01 1.082386e+01
9.978636e-01 1.241335e-03 -6.531940e-02 1.823143e+01 -1.126437e-03 9.999978e-01 1.795809e-03 -8.504301e-01 6.532141e-02 -1.718392e-03 9.978627e-01 1.093960e+01
9.997311e-01 -6.625996e-05 2.319031e-02 1.827809e+01 6.566557e-05 1.000000e+00 2.633884e-05 -8.561188e-01 -2.319024e-02 -2.481191e-05 9.997312e-01 1.105553e+01
9.983179e-01 1.110808e-03 -5.796680e-02 1.832551e+01 -1.032095e-03 9.999985e-01 1.387811e-03 -8.618763e-01 5.796819e-02 -1.325646e-03 9.983175e-01 1.117243e+01
9.997865e-01 -7.169809e-05 2.066230e-02 1.837104e+01 6.671833e-05 1.000000e+00 2.416277e-04 -8.675001e-01 -2.066225e-02 -2.402006e-04 9.997866e-01 1.129449e+01
9.997802e-01 -3.772247e-04 2.095960e-02 1.860382e+01 4.104889e-04 9.999987e-01 -1.582719e-03 -8.796837e-01 -2.095904e-02 1.590977e-03 9.997790e-01 1.144567e+01
9.996772e-01 -9.838442e-05 2.540696e-02 1.883068e+01 9.563134e-05 1.000000e+00 1.095270e-04 -8.914541e-01 -2.540690e-02 -1.070649e-04 9.996773e-01 1.156305e+01
9.996808e-01 -4.327913e-04 2.525956e-02 1.896454e+01 4.750740e-04 9.999985e-01 -1.667905e-03 -8.999098e-01 -2.525886e-02 1.679376e-03 9.996794e-01 1.160513e+01
9.997151e-01 -1.760877e-05 2.387059e-02 1.911106e+01 1.364245e-05 1.000000e+00 1.662812e-04 -9.080356e-01 -2.387054e-02 -1.659110e-04 9.997151e-01 1.159763e+01
9.997146e-01 -4.780221e-04 2.388297e-02 1.922078e+01 5.167723e-04 9.999986e-01 -1.616319e-03 -9.148821e-01 -2.388222e-02 1.628203e-03 9.997134e-01 1.157639e+01
9.997292e-01 4.558150e-05 2.327049e-02 1.928850e+01 -4.947541e-05 1.000000e+00 1.667235e-04 -9.201360e-01 -2.327043e-02 -1.678322e-04 9.997293e-01 1.151590e+01
9.998898e-01 -4.127019e-04 1.484005e-02 1.950162e+01 4.328982e-04 9.999990e-01 -1.357695e-03 -9.293856e-01 -1.483952e-02 1.363972e-03 9.998889e-01 1.143775e+01
9.997046e-01 4.991236e-05 2.430389e-02 1.978287e+01 -5.271343e-05 1.000000e+00 1.145857e-04 -9.415567e-01 -2.430384e-02 -1.158353e-04 9.997047e-01 1.143846e+01
9.999582e-01 -3.746548e-04 9.140361e-03 1.999334e+01 3.853795e-04 9.999992e-01 -1.171537e-03 -9.525852e-01 -9.139958e-03 1.175013e-03 9.999574e-01 1.156661e+01
9.995912e-01 1.910088e-06 2.859008e-02 2.018419e+01 -1.678297e-06 1.000000e+00 -8.148889e-06 -9.615132e-01 -2.859004e-02 8.095367e-06 9.995913e-01 1.154959e+01
9.999575e-01 -3.815918e-04 9.211200e-03 2.040831e+01 3.925112e-04 9.999992e-01 -1.183629e-03 -9.714581e-01 -9.210777e-03 1.187196e-03 9.999568e-01 1.150984e+01
9.997472e-01 6.452870e-05 2.248310e-02 2.075833e+01 -6.848465e-05 1.000000e+00 1.751653e-04 -9.856198e-01 -2.248306e-02 -1.766628e-04 9.997473e-01 1.154000e+01
9.998658e-01 -4.616741e-04 1.637711e-02 2.097139e+01 4.846238e-04 9.999989e-01 -1.397366e-03 -9.956707e-01 -1.637648e-02 1.405117e-03 9.998648e-01 1.156263e+01
9.999687e-01 3.033030e-04 7.901613e-03 2.116989e+01 -3.083054e-04 9.999998e-01 6.318474e-04 -1.004887e+00 -7.901393e-03 -6.342656e-04 9.999687e-01 1.160423e+01
9.998376e-01 -5.825473e-05 -1.801853e-02 2.133953e+01 5.211308e-05 9.999999e-01 -3.413363e-04 -1.013950e+00 1.801852e-02 3.403438e-04 9.998375e-01 1.176871e+01
9.999988e-01 4.737850e-04 1.446208e-03 2.140880e+01 -4.751172e-04 9.999995e-01 9.207362e-04 -1.019481e+00 -1.445742e-03 -9.214242e-04 9.999986e-01 1.187414e+01
9.996426e-01 2.067696e-04 -2.673380e-02 2.151190e+01 -2.058681e-04 1.000000e+00 3.646158e-05 -1.025636e+00 2.673377e-02 -3.094291e-05 9.996425e-01 1.192110e+01
9.999902e-01 3.547739e-04 4.420841e-03 2.161516e+01 -3.582912e-04 9.999996e-01 7.947470e-04 -1.032327e+00 -4.420524e-03 -7.963252e-04 9.999900e-01 1.202238e+01
9.992555e-01 5.332687e-04 -3.857770e-02 2.162369e+01 -5.124251e-04 9.999997e-01 5.501778e-04 -1.035703e+00 3.857795e-02 -5.299978e-04 9.992554e-01 1.206161e+01
9.999829e-01 3.238052e-04 5.831914e-03 2.163263e+01 -3.282536e-04 9.999997e-01 7.617557e-04 -1.038602e+00 -5.831626e-03 -7.636594e-04 9.999828e-01 1.205963e+01
9.994321e-01 4.058382e-04 -3.369540e-02 2.170015e+01 -3.962408e-04 9.999999e-01 2.914907e-04 -1.043032e+00 3.369548e-02 -2.779713e-04 9.994320e-01 1.204029e+01
9.999407e-01 1.675754e-04 1.089030e-02 2.172783e+01 -1.735821e-04 9.999998e-01 5.505676e-04 -1.044837e+00 -1.089016e-02 -5.524277e-04 9.999406e-01 1.190526e+01
9.995630e-01 3.594471e-04 -2.955903e-02 2.169065e+01 -3.559681e-04 9.999999e-01 1.229376e-04 -1.043681e+00 2.955903e-02 -1.123593e-04 9.995629e-01 1.169935e+01
9.996419e-01 -3.112846e-04 2.675897e-02 2.152005e+01 3.136418e-04 9.999999e-01 -8.391905e-05 -1.036912e+00 -2.675889e-02 9.227926e-05 9.996420e-01 1.138197e+01
9.996390e-01 3.225755e-04 -2.686545e-02 2.144259e+01 -3.206587e-04 9.999999e-01 7.563171e-05 -1.033821e+00 2.686542e-02 -6.698730e-05 9.996390e-01 1.112082e+01
9.993043e-01 -4.142852e-04 3.729340e-02 2.143662e+01 4.274154e-04 9.999998e-01 -3.441232e-04 -1.034176e+00 -3.729321e-02 3.598211e-04 9.993044e-01 1.096752e+01
9.993779e-01 3.961776e-04 -3.526458e-02 2.135116e+01 -3.849789e-04 9.999999e-01 3.243381e-04 -1.031972e+00 3.526466e-02 -3.105578e-04 9.993779e-01 1.082545e+01
9.993391e-01 -3.874278e-04 3.634825e-02 2.149870e+01 3.997254e-04 9.999999e-01 -3.310784e-04 -1.038864e+00 -3.634807e-02 3.453865e-04 9.993392e-01 1.084950e+01
9.993685e-01 4.123436e-04 -3.553082e-02 2.171240e+01 -4.016177e-04 9.999999e-01 3.089959e-04 -1.046445e+00 3.553090e-02 -2.945285e-04 9.993684e-01 1.072637e+01
9.993080e-01 -3.964067e-04 3.719411e-02 2.179009e+01 4.092468e-04 9.999999e-01 -3.376233e-04 -1.048486e+00 -3.719393e-02 3.526088e-04 9.993081e-01 1.047894e+01
9.992767e-01 4.290825e-04 -3.802394e-02 2.212745e+01 -4.179602e-04 9.999999e-01 3.004427e-04 -1.060661e+00 3.802402e-02 -2.843305e-04 9.992767e-01 1.041559e+01
9.992422e-01 -3.806760e-04 3.892044e-02 2.251000e+01 3.951944e-04 9.999999e-01 -3.653515e-04 -1.074455e+00 -3.892025e-02 3.804534e-04 9.992423e-01 1.037478e+01
9.992579e-01 4.128872e-04 -3.851454e-02 2.279932e+01 -4.002588e-04 9.999999e-01 3.355812e-04 -1.084841e+00 3.851463e-02 -3.199139e-04 9.992579e-01 1.028876e+01
9.991377e-01 -3.955392e-04 4.151770e-02 2.308725e+01 4.131452e-04 9.999998e-01 -4.154978e-04 -1.096472e+00 -4.151748e-02 4.322900e-04 9.991378e-01 1.035944e+01
9.993756e-01 4.145810e-04 -3.532958e-02 2.337602e+01 -4.065361e-04 9.999999e-01 2.348787e-04 -1.110210e+00 3.532963e-02 -2.203669e-04 9.993756e-01 1.061704e+01
9.985964e-01 -5.331459e-04 5.296227e-02 2.364725e+01 5.735405e-04 9.999996e-01 -7.475205e-04 -1.124003e+00 -5.296180e-02 7.768449e-04 9.985963e-01 1.088038e+01
9.989719e-01 5.143537e-04 -4.533068e-02 2.381911e+01 -4.912755e-04 9.999997e-01 5.202367e-04 -1.130716e+00 4.533089e-02 -4.974296e-04 9.989718e-01 1.081558e+01
9.989782e-01 -4.481084e-04 4.519153e-02 2.401179e+01 4.715689e-04 9.999998e-01 -5.084872e-04 -1.137284e+00 -4.519125e-02 5.292762e-04 9.989783e-01 1.065107e+01
9.991518e-01 4.404835e-04 -4.117621e-02 2.420060e+01 -4.252565e-04 9.999998e-01 3.785499e-04 -1.144237e+00 4.117633e-02 -3.607161e-04 9.991517e-01 1.056214e+01
9.987211e-01 -4.970741e-04 5.055690e-02 2.440270e+01 5.283842e-04 9.999997e-01 -6.059526e-04 -1.153629e+00 -5.055655e-02 6.318889e-04 9.987211e-01 1.064469e+01
9.989191e-01 5.177889e-04 -4.647873e-02 2.456304e+01 -4.942440e-04 9.999997e-01 5.180540e-04 -1.163817e+00 4.647895e-02 -4.945199e-04 9.989191e-01 1.092067e+01
9.989042e-01 -4.865191e-04 4.679975e-02 2.454155e+01 5.107431e-04 9.999997e-01 -5.056652e-04 -1.168942e+00 -4.679945e-02 5.290115e-04 9.989043e-01 1.118162e+01
9.991566e-01 4.752726e-04 -4.106005e-02 2.454137e+01 -4.596526e-04 9.999998e-01 3.898483e-04 -1.174129e+00 4.106019e-02 -3.706439e-04 9.991565e-01 1.140421e+01
9.990304e-01 -4.955285e-04 4.402368e-02 2.458810e+01 5.153004e-04 9.999998e-01 -4.377844e-04 -1.178949e+00 -4.402341e-02 4.600431e-04 9.990305e-01 1.150426e+01
9.995458e-01 3.439782e-04 -3.013416e-02 2.470960e+01 -3.421540e-04 9.999999e-01 6.567955e-05 -1.184318e+00 3.013414e-02 -5.533696e-05 9.995458e-01 1.142032e+01
9.989144e-01 -4.777352e-04 4.658072e-02 2.497110e+01 5.026836e-04 9.999997e-01 -5.238933e-04 -1.195551e+00 -4.658042e-02 5.467377e-04 9.989145e-01 1.148235e+01
9.995186e-01 3.268627e-04 -3.102203e-02 2.517220e+01 -3.243792e-04 9.999999e-01 8.507884e-05 -1.206646e+00 3.102202e-02 -7.497283e-05 9.995186e-01 1.167610e+01
9.986526e-01 -4.900151e-04 5.189125e-02 2.538109e+01 5.271922e-04 9.999996e-01 -7.027657e-04 -1.217442e+00 -5.189086e-02 7.291734e-04 9.986526e-01 1.181853e+01
9.992202e-01 3.978311e-04 -3.948138e-02 2.564001e+01 -3.847996e-04 9.999999e-01 3.376580e-04 -1.228313e+00 3.948148e-02 -3.222002e-04 9.992202e-01 1.188243e+01
9.990343e-01 -4.309596e-04 4.393418e-02 2.565691e+01 4.508400e-04 9.999998e-01 -4.426067e-04 -1.230370e+00 -4.393395e-02 4.619846e-04 9.990344e-01 1.183008e+01
9.995018e-01 3.125346e-04 -3.155876e-02 2.582301e+01 -3.093892e-04 9.999999e-01 1.045413e-04 -1.240515e+00 3.155877e-02 -9.472324e-05 9.995018e-01 1.204178e+01
9.992159e-01 -2.993856e-04 3.959119e-02 2.607948e+01 3.139743e-04 9.999999e-01 -3.622755e-04 -1.254636e+00 -3.959104e-02 3.744201e-04 9.992160e-01 1.239403e+01
9.994376e-01 3.007993e-04 -3.353304e-02 2.629853e+01 -2.946949e-04 9.999999e-01 1.869757e-04 -1.268108e+00 3.353306e-02 -1.769866e-04 9.994375e-01 1.277452e+01
9.984071e-01 -4.489286e-04 5.641862e-02 2.662810e+01 5.004120e-04 9.999995e-01 -8.984069e-04 -1.283227e+00 -5.641816e-02 9.252064e-04 9.984069e-01 1.299524e+01
9.993876e-01 2.627037e-04 -3.499201e-02 2.687488e+01 -2.544339e-04 9.999999e-01 2.407815e-04 -1.297208e+00 3.499204e-02 -2.317290e-04 9.993875e-01 1.332332e+01
9.989117e-01 -2.822771e-04 4.663972e-02 2.722737e+01 3.110949e-04 9.999998e-01 -6.106306e-04 -1.313168e+00 -4.663951e-02 6.244736e-04 9.989117e-01 1.360029e+01
9.995727e-01 1.829926e-04 -2.923151e-02 2.759510e+01 -1.809342e-04 1.000000e+00 7.305520e-05 -1.329568e+00 2.923151e-02 -6.773322e-05 9.995726e-01 1.385881e+01
9.990749e-01 -1.849936e-04 4.300472e-02 2.804851e+01 2.076900e-04 9.999998e-01 -5.233033e-04 -1.348269e+00 -4.300459e-02 5.317491e-04 9.990748e-01 1.410445e+01
9.997135e-01 9.829612e-05 -2.393520e-02 2.855475e+01 -1.007483e-04 1.000000e+00 -1.012523e-04 -1.368913e+00 2.393517e-02 1.036364e-04 9.997134e-01 1.436199e+01
9.990016e-01 -2.010556e-04 4.467422e-02 2.891221e+01 2.259582e-04 9.999998e-01 -5.523824e-04 -1.385614e+00 -4.467409e-02 5.619238e-04 9.990016e-01 1.465740e+01
9.999640e-01 -2.071910e-04 -8.480795e-03 2.908480e+01 2.021258e-04 9.999998e-01 -5.981189e-04 -1.398612e+00 8.480904e-03 5.963847e-04 9.999638e-01 1.499672e+01
9.990464e-01 -7.981019e-05 4.366157e-02 2.931065e+01 1.040197e-04 9.999998e-01 -5.522125e-04 -1.413049e+00 -4.366151e-02 5.562261e-04 9.990463e-01 1.533248e+01
9.999532e-01 -2.668460e-04 -9.675986e-03 2.952901e+01 2.616392e-04 9.999998e-01 -5.393852e-04 -1.426387e+00 9.676122e-03 5.368296e-04 9.999529e-01 1.561051e+01
9.992492e-01 -1.214744e-05 3.874370e-02 2.978542e+01 2.782315e-05 9.999999e-01 -4.040627e-04 -1.440364e+00 -3.874369e-02 4.048361e-04 9.992492e-01 1.586935e+01
9.999866e-01 -2.954103e-04 -5.173861e-03 3.006265e+01 2.918898e-04 9.999997e-01 -6.811711e-04 -1.454600e+00 5.174061e-03 6.796528e-04 9.999863e-01 1.608749e+01
9.994739e-01 1.010245e-04 3.243318e-02 3.037139e+01 -9.435742e-05 1.000000e+00 -2.070939e-04 -1.469969e+00 -3.243320e-02 2.039237e-04 9.994740e-01 1.634967e+01
9.998905e-01 -2.010288e-04 -1.479846e-02 3.074304e+01 1.958627e-04 9.999999e-01 -3.505452e-04 -1.487546e+00 1.479854e-02 3.476093e-04 9.998903e-01 1.668599e+01
9.993086e-01 3.600072e-05 3.717911e-02 3.115307e+01 -2.231399e-05 9.999999e-01 -3.685445e-04 -1.505046e+00 -3.717912e-02 3.674592e-04 9.993086e-01 1.691086e+01
9.999448e-01 -2.259127e-04 -1.050198e-02 3.149306e+01 2.207258e-04 9.999999e-01 -4.950536e-04 -1.521396e+00 1.050210e-02 4.927090e-04 9.999446e-01 1.719210e+01
9.992326e-01 -2.277130e-05 3.916906e-02 3.176669e+01 4.037082e-05 9.999999e-01 -4.485310e-04 -1.537253e+00 -3.916905e-02 4.497674e-04 9.992326e-01 1.756632e+01
9.999885e-01 -3.112130e-04 -4.784883e-03 3.201361e+01 3.080168e-04 9.999997e-01 -6.686982e-04 -1.551235e+00 4.785105e-03 6.672173e-04 9.999882e-01 1.783424e+01
9.992750e-01 2.228160e-05 3.807127e-02 3.222389e+01 -6.144022e-06 9.999999e-01 -4.239944e-04 -1.565402e+00 -3.807130e-02 4.234526e-04 9.992750e-01 1.818470e+01
9.999436e-01 -2.536756e-04 -1.062071e-02 3.249365e+01 2.487637e-04 9.999999e-01 -4.638011e-04 -1.580140e+00 1.062085e-02 4.611332e-04 9.999434e-01 1.848507e+01
9.995222e-01 1.403011e-04 3.090743e-02 3.260256e+01 -1.351194e-04 1.000000e+00 -1.697404e-04 -1.593925e+00 -3.090747e-02 1.654828e-04 9.995223e-01 1.900212e+01
9.999336e-01 -2.956054e-04 -1.151747e-02 3.271612e+01 2.904973e-04 9.999999e-01 -4.451777e-04 -1.609150e+00 1.151762e-02 4.418026e-04 9.999335e-01 1.960199e+01
9.996350e-01 2.234745e-04 2.701543e-02 3.286930e+01 -2.226478e-04 1.000000e+00 -3.360674e-05 -1.624549e+00 -2.701546e-02 2.757935e-05 9.996351e-01 2.018055e+01
9.999825e-01 -3.269714e-04 -5.900766e-03 3.319355e+01 3.230886e-04 9.999997e-01 -6.589665e-04 -1.641599e+00 5.901009e-03 6.570487e-04 9.999823e-01 2.055979e+01
9.996521e-01 1.993862e-04 2.637433e-02 3.357923e+01 -1.991317e-04 1.000000e+00 -1.227826e-05 -1.658951e+00 -2.637436e-02 7.021968e-06 9.996522e-01 2.084909e+01
9.999929e-01 -3.744488e-04 -3.737042e-03 3.389735e+01 3.717437e-04 9.999997e-01 -7.245353e-04 -1.675044e+00 3.737345e-03 7.231409e-04 9.999927e-01 2.117672e+01
9.995529e-01 1.640411e-04 2.990037e-02 3.402122e+01 -1.610872e-04 1.000000e+00 -1.012024e-04 -1.688126e+00 -2.990042e-02 9.634064e-05 9.995530e-01 2.161750e+01
9.999481e-01 -3.593254e-04 -1.018226e-02 3.412924e+01 3.543019e-04 9.999998e-01 -4.951661e-04 -1.699797e+00 1.018247e-02 4.915326e-04 9.999479e-01 2.202433e+01
9.993487e-01 1.058413e-04 3.608654e-02 3.433186e+01 -9.430568e-05 9.999999e-01 -3.213689e-04 -1.710128e+00 -3.608661e-02 3.177567e-04 9.993487e-01 2.215057e+01
9.998843e-01 -3.329729e-04 -1.520760e-02 3.444833e+01 3.284016e-04 9.999999e-01 -3.030919e-04 -1.718152e+00 1.520774e-02 2.980623e-04 9.998842e-01 2.230535e+01
9.993582e-01 1.707549e-04 3.582105e-02 3.452019e+01 -1.588802e-04 9.999999e-01 -3.343492e-04 -1.724672e+00 -3.582115e-02 3.284437e-04 9.993583e-01 2.243355e+01
9.998095e-01 -2.556301e-04 -1.951691e-02 3.491881e+01 2.520800e-04 1.000000e+00 -1.843628e-04 -1.741468e+00 1.951700e-02 1.794074e-04 9.998094e-01 2.264546e+01
9.993891e-01 1.027905e-04 3.494842e-02 3.513115e+01 -9.320124e-05 1.000000e+00 -2.760167e-04 -1.753628e+00 -3.494850e-02 2.725913e-04 9.993892e-01 2.291968e+01
9.998496e-01 -2.616616e-04 -1.733773e-02 3.540429e+01 2.574246e-04 9.999999e-01 -2.466239e-04 -1.764590e+00 1.733784e-02 2.421231e-04 9.998496e-01 2.293841e+01
9.996179e-01 2.147537e-04 2.764143e-02 3.572478e+01 -2.126818e-04 1.000000e+00 -7.789931e-05 -1.779144e+00 -2.764149e-02 7.199127e-05 9.996180e-01 2.319076e+01
9.998711e-01 -3.528414e-04 -1.605280e-02 3.578348e+01 3.489806e-04 9.999999e-01 -2.433192e-04 -1.789279e+00 1.605294e-02 2.376852e-04 9.998710e-01 2.360163e+01
9.995678e-01 2.618373e-04 2.939521e-02 3.572640e+01 -2.575869e-04 1.000000e+00 -1.483866e-04 -1.792662e+00 -2.939530e-02 1.407513e-04 9.995679e-01 2.377351e+01
9.998669e-01 -3.764044e-04 -1.630888e-02 3.585618e+01 3.727502e-04 9.999999e-01 -2.271172e-04 -1.798577e+00 1.630902e-02 2.210072e-04 9.998669e-01 2.375186e+01
9.996541e-01 2.946937e-04 2.629884e-02 3.597026e+01 -2.930205e-04 1.000000e+00 -6.748546e-05 -1.803540e+00 -2.629891e-02 5.975670e-05 9.996542e-01 2.370072e+01
9.999894e-01 -5.465195e-04 -4.571213e-03 3.617427e+01 5.438484e-04 9.999997e-01 -5.856076e-04 -1.812621e+00 4.571586e-03 5.831145e-04 9.999893e-01 2.372988e+01
9.993383e-01 2.474568e-04 3.637179e-02 3.641114e+01 -2.320773e-04 9.999999e-01 -4.270707e-04 -1.823163e+00 -3.637195e-02 4.183479e-04 9.993383e-01 2.375068e+01
9.999195e-01 -4.765067e-04 -1.268125e-02 3.667547e+01 4.726979e-04 9.999998e-01 -3.033708e-04 -1.835551e+00 1.268145e-02 2.973511e-04 9.999195e-01 2.390169e+01
9.992311e-01 2.420783e-04 3.920763e-02 3.692818e+01 -2.226568e-04 9.999999e-01 -4.997232e-04 -1.844729e+00 -3.920781e-02 4.906101e-04 9.992310e-01 2.374265e+01
9.998719e-01 -4.595335e-04 -1.600063e-02 3.716948e+01 4.563009e-04 9.999999e-01 -2.057092e-04 -1.855380e+00 1.600079e-02 1.983807e-04 9.998719e-01 2.379702e+01
9.990733e-01 1.620161e-04 4.304175e-02 3.722657e+01 -1.347659e-04 9.999998e-01 -6.360207e-04 -1.860591e+00 -4.304191e-02 6.296319e-04 9.990732e-01 2.383432e+01
9.997899e-01 -3.885010e-04 -2.049471e-02 3.729865e+01 3.881671e-04 9.999999e-01 -2.029250e-05 -1.864246e+00 2.049478e-02 1.233167e-05 9.997899e-01 2.372649e+01
9.988842e-01 1.492914e-04 4.722637e-02 3.737798e+01 -1.113963e-04 9.999997e-01 -8.050540e-04 -1.869618e+00 -4.722655e-02 7.988961e-04 9.988840e-01 2.374531e+01
9.998242e-01 -4.314323e-04 -1.874503e-02 3.763950e+01 4.301705e-04 9.999999e-01 -7.137480e-05 -1.880603e+00 1.874513e-02 6.329735e-05 9.998242e-01 2.374871e+01
9.987350e-01 1.261134e-04 5.028347e-02 3.791667e+01 -7.987643e-05 9.999996e-01 -9.215458e-04 -1.892149e+00 -5.028364e-02 9.163650e-04 9.987346e-01 2.375950e+01
9.997675e-01 -3.904513e-04 -2.155713e-02 3.790900e+01 3.923163e-04 9.999999e-01 8.224902e-05 -1.893640e+00 2.155717e-02 -9.068862e-05 9.997675e-01 2.364214e+01
9.981223e-01 -1.310914e-05 6.125258e-02 3.789987e+01 9.324632e-05 9.999991e-01 -1.305460e-03 -1.896380e+00 -6.125259e-02 1.308722e-03 9.981215e-01 2.358168e+01
9.997494e-01 -3.931645e-04 -2.238280e-02 3.792179e+01 3.958792e-04 9.999999e-01 1.168169e-04 -1.899998e+00 2.238283e-02 -1.256503e-04 9.997494e-01 2.352857e+01
9.981539e-01 6.605351e-05 6.073490e-02 3.801157e+01 1.243204e-05 9.999992e-01 -1.291900e-03 -1.904821e+00 -6.073502e-02 1.290272e-03 9.981532e-01 2.339021e+01
9.998136e-01 -4.709155e-04 -1.930207e-02 3.812157e+01 4.719881e-04 9.999999e-01 5.096006e-05 -1.910270e+00 1.930213e-02 -6.006280e-05 9.998136e-01 2.324742e+01
9.980709e-01 8.065690e-05 6.208470e-02 3.818381e+01 5.896471e-06 9.999990e-01 -1.393950e-03 -1.915694e+00 -6.208484e-02 1.391629e-03 9.980700e-01 2.321957e+01
9.996792e-01 -4.251695e-04 -2.532306e-02 3.833589e+01 4.314607e-04 9.999999e-01 2.429240e-04 -1.924009e+00 2.532304e-02 -2.537740e-04 9.996792e-01 2.325091e+01
9.981422e-01 9.295601e-05 6.092790e-02 3.846205e+01 -9.490683e-06 9.999991e-01 -1.370212e-03 -1.930583e+00 -6.092806e-02 1.367090e-03 9.981413e-01 2.320235e+01
9.995248e-01 -3.495128e-04 -3.082157e-02 3.855744e+01 3.632230e-04 9.999998e-01 4.391783e-04 -1.935792e+00 3.082151e-02 -4.501669e-04 9.995247e-01 2.313187e+01
9.979705e-01 5.722582e-05 6.367914e-02 3.860710e+01 3.580986e-05 9.999989e-01 -1.459887e-03 -1.939415e+00 -6.367924e-02 1.459207e-03 9.979694e-01 2.303485e+01
9.995655e-01 -3.574539e-04 -2.947133e-02 3.872228e+01 3.694575e-04 9.999999e-01 4.017959e-04 -1.945436e+00 2.947127e-02 -4.125121e-04 9.995655e-01 2.296752e+01
9.978993e-01 7.182430e-05 6.478447e-02 3.887209e+01 2.525883e-05 9.999989e-01 -1.497760e-03 -1.952085e+00 -6.478460e-02 1.496252e-03 9.978982e-01 2.284817e+01
9.993908e-01 -2.762076e-04 -3.489907e-02 3.905163e+01 2.974085e-04 9.999998e-01 6.022470e-04 -1.959432e+00 3.489899e-02 -6.122618e-04 9.993906e-01 2.272495e+01
9.987815e-01 1.876689e-04 4.935136e-02 3.938787e+01 -1.367824e-04 9.999995e-01 -1.034517e-03 -1.971513e+00 -4.935162e-02 1.026508e-03 9.987810e-01 2.264361e+01
9.997546e-01 -4.734503e-04 -2.214750e-02 3.947139e+01 4.786528e-04 9.999999e-01 2.295078e-04 -1.975727e+00 2.214749e-02 -2.400549e-04 9.997546e-01 2.253886e+01
9.984635e-01 1.275486e-04 5.541371e-02 3.949430e+01 -5.668244e-05 9.999992e-01 -1.280461e-03 -1.979431e+00 -5.541392e-02 1.275355e-03 9.984627e-01 2.251808e+01
9.999164e-01 -6.207991e-04 -1.290835e-02 3.954370e+01 6.206465e-04 9.999998e-01 -1.599639e-05 -1.985648e+00 1.290846e-02 7.980936e-06 9.999166e-01 2.258541e+01
9.985286e-01 2.215007e-04 5.422809e-02 3.959474e+01 -1.518393e-04 9.999992e-01 -1.288756e-03 -1.990839e+00 -5.422843e-02 1.278629e-03 9.985278e-01 2.257229e+01
9.999501e-01 -6.630768e-04 -9.960624e-03 3.965655e+01 6.625917e-04 9.999998e-01 -5.225872e-05 -1.995984e+00 9.960756e-03 4.565360e-05 9.999503e-01 2.253198e+01
9.991770e-01 4.542800e-04 4.056038e-02 4.005540e+01 -4.165669e-04 9.999995e-01 -9.383098e-04 -2.011701e+00 -4.056089e-02 9.206442e-04 9.991767e-01 2.254258e+01
9.999239e-01 -7.194339e-04 -1.230857e-02 4.047331e+01 7.202970e-04 9.999997e-01 6.546496e-05 -2.026924e+00 1.230862e-02 -7.432854e-05 9.999242e-01 2.245724e+01
9.988622e-01 4.401349e-04 4.768967e-02 4.080547e+01 -3.836068e-04 9.999992e-01 -1.194533e-03 -2.039694e+00 -4.769026e-02 1.174883e-03 9.988615e-01 2.236481e+01
9.998225e-01 -6.421030e-04 -1.882600e-02 4.129887e+01 6.473514e-04 9.999998e-01 2.725325e-04 -2.057341e+00 1.882592e-02 -2.846739e-04 9.998227e-01 2.226165e+01
9.985169e-01 3.438213e-04 5.444177e-02 4.163343e+01 -2.682901e-04 9.999990e-01 -1.394731e-03 -2.070249e+00 -5.444229e-02 1.378059e-03 9.985160e-01 2.219659e+01
9.999339e-01 -7.524498e-04 -1.146930e-02 4.182040e+01 7.534913e-04 9.999997e-01 8.620273e-05 -2.079023e+00 1.146934e-02 -9.484186e-05 9.999342e-01 2.215371e+01
9.982182e-01 3.456029e-04 5.966933e-02 4.201159e+01 -2.513859e-04 9.999987e-01 -1.586539e-03 -2.088221e+00 -5.966990e-02 1.568715e-03 9.982170e-01 2.210160e+01
9.997769e-01 -6.500056e-04 -2.110815e-02 4.233299e+01 6.584972e-04 9.999997e-01 3.951788e-04 -2.100749e+00 2.110799e-02 -4.089931e-04 9.997771e-01 2.200747e+01
9.988770e-01 4.849476e-04 4.737723e-02 4.271337e+01 -4.269743e-04 9.999991e-01 -1.233839e-03 -2.114503e+00 -4.737789e-02 1.212228e-03 9.988763e-01 2.189858e+01
9.998846e-01 -8.027378e-04 -1.516400e-02 4.302766e+01 8.065356e-04 9.999996e-01 2.440928e-04 -2.126937e+00 1.516389e-02 -2.562978e-04 9.998850e-01 2.186637e+01
9.986596e-01 5.642113e-04 5.175807e-02 4.338756e+01 -4.928525e-04 9.999989e-01 -1.391524e-03 -2.140135e+00 -5.175889e-02 1.364152e-03 9.986587e-01 2.170475e+01
9.998832e-01 -8.626136e-04 -1.525797e-02 4.375053e+01 8.665604e-04 9.999996e-01 2.517991e-04 -2.154005e+00 1.525785e-02 -2.649944e-04 9.998835e-01 2.163403e+01
9.983216e-01 5.044405e-04 5.791338e-02 4.398675e+01 -4.118398e-04 9.999986e-01 -1.610944e-03 -2.164261e+00 -5.791420e-02 1.584392e-03 9.983203e-01 2.158301e+01
9.998948e-01 -8.685984e-04 -1.447373e-02 4.425471e+01 8.726909e-04 9.999996e-01 2.761455e-04 -2.175489e+00 1.447358e-02 -2.887502e-04 9.998952e-01 2.152360e+01
9.989849e-01 6.530731e-04 4.504420e-02 4.465494e+01 -5.964575e-04 9.999990e-01 -1.270412e-03 -2.190538e+00 -4.504508e-02 1.242258e-03 9.989842e-01 2.146616e+01
9.998589e-01 -8.755029e-04 -1.676804e-02 4.505175e+01 8.822765e-04 9.999995e-01 3.963025e-04 -2.204592e+00 1.676777e-02 -4.110433e-04 9.998593e-01 2.131763e+01
9.988679e-01 6.778125e-04 4.756779e-02 4.547140e+01 -6.113998e-04 9.999988e-01 -1.410798e-03 -2.220613e+00 -4.756877e-02 1.380121e-03 9.988670e-01 2.129010e+01
9.996610e-01 -7.846071e-04 -2.602243e-02 4.598636e+01 8.032507e-04 9.999994e-01 7.058184e-04 -2.238984e+00 2.602195e-02 -7.264842e-04 9.996611e-01 2.124374e+01
9.989158e-01 6.533148e-04 4.654950e-02 4.648885e+01 -5.893565e-04 9.999989e-01 -1.387795e-03 -2.256698e+00 -4.655044e-02 1.358858e-03 9.989150e-01 2.117749e+01
9.999113e-01 -9.283101e-04 -1.328432e-02 4.684412e+01 9.330816e-04 9.999995e-01 3.526285e-04 -2.270121e+00 1.328407e-02 -3.649951e-04 9.999117e-01 2.109477e+01
9.989571e-01 6.359419e-04 4.565511e-02 4.708393e+01 -5.735392e-04 9.999989e-01 -1.380020e-03 -2.279593e+00 -4.565601e-02 1.352398e-03 9.989563e-01 2.098634e+01
9.999795e-01 -9.836756e-04 -6.315708e-03 4.725350e+01 9.848320e-04 9.999995e-01 1.792050e-04 -2.287422e+00 6.315608e-03 -1.854237e-04 9.999800e-01 2.090751e+01
9.987802e-01 5.997817e-04 4.937615e-02 4.745887e+01 -5.235980e-04 9.999987e-01 -1.555947e-03 -2.297112e+00 -4.937709e-02 1.528198e-03 9.987791e-01 2.089089e+01
9.999514e-01 -9.557538e-04 -9.806130e-03 4.767426e+01 9.589234e-04 9.999995e-01 3.179896e-04 -2.307347e+00 9.805894e-03 -3.273798e-04 9.999519e-01 2.090775e+01
9.991610e-01 6.468336e-04 4.095076e-02 4.791226e+01 -5.932783e-04 9.999990e-01 -1.320065e-03 -2.317286e+00 -4.095164e-02 1.294664e-03 9.991603e-01 2.085762e+01
9.998564e-01 -8.518220e-04 -1.692274e-02 4.813928e+01 8.614975e-04 9.999995e-01 5.641404e-04 -2.325952e+00 1.692232e-02 -5.786404e-04 9.998566e-01 2.071829e+01
9.993140e-01 6.851415e-04 3.702967e-02 4.845808e+01 -6.410242e-04 9.999991e-01 -1.203408e-03 -2.337296e+00 -3.703053e-02 1.178848e-03 9.993135e-01 2.056979e+01
9.998453e-01 -8.312204e-04 -1.756256e-02 4.859253e+01 8.424296e-04 9.999994e-01 6.305378e-04 -2.341217e+00 1.756210e-02 -6.452376e-04 9.998456e-01 2.024656e+01
9.995935e-01 7.523132e-04 2.850367e-02 4.865363e+01 -7.250874e-04 9.999993e-01 -9.656866e-04 -2.342072e+00 -2.850444e-02 9.446284e-04 9.995932e-01 1.988420e+01
9.995573e-01 -5.421102e-04 -2.974525e-02 4.895575e+01 5.697358e-04 9.999994e-01 9.200824e-04 -2.352692e+00 2.974480e-02 -9.366241e-04 9.995571e-01 1.976872e+01
9.996109e-01 7.511838e-04 2.788618e-02 4.926984e+01 -7.261434e-04 9.999993e-01 -9.082641e-04 -2.362773e+00 -2.788691e-02 8.876634e-04 9.996107e-01 1.957661e+01
9.993304e-01 -4.254281e-04 -3.658278e-02 4.946731e+01 4.685644e-04 9.999992e-01 1.170424e-03 -2.368255e+00 3.658232e-02 -1.186784e-03 9.993299e-01 1.928244e+01
9.997921e-01 9.622033e-04 2.037175e-02 4.966045e+01 -9.513297e-04 9.999994e-01 -5.437068e-04 -2.375177e+00 -2.037233e-02 5.242156e-04 9.997923e-01 1.914128e+01
9.988996e-01 -2.012745e-04 -4.689772e-02 4.981038e+01 2.728216e-04 9.999988e-01 1.519087e-03 -2.381901e+00 4.689743e-02 -1.530212e-03 9.988985e-01 1.909329e+01
9.998864e-01 1.084373e-03 1.504201e-02 4.991517e+01 -1.080557e-03 9.999994e-01 -2.621255e-04 -2.387557e+00 -1.504236e-02 2.458441e-04 9.998868e-01 1.906684e+01
9.996285e-01 -6.851758e-04 -2.724359e-02 4.995717e+01 7.032204e-04 9.999995e-01 6.525819e-04 -2.388575e+00 2.724321e-02 -6.714999e-04 9.996286e-01 1.882408e+01
9.999078e-01 1.080657e-03 1.354419e-02 5.000598e+01 -1.078555e-03 9.999994e-01 -1.628461e-04 -2.389779e+00 -1.354443e-02 1.482251e-04 9.999083e-01 1.857403e+01
9.992423e-01 -3.438944e-04 -3.891814e-02 5.000731e+01 3.867038e-04 9.999993e-01 1.092337e-03 -2.389491e+00 3.891782e-02 -1.106561e-03 9.992418e-01 1.830613e+01
9.998967e-01 1.020191e-03 1.434567e-02 5.001373e+01 -1.018626e-03 9.999995e-01 -1.167535e-04 -2.389959e+00 -1.434586e-02 1.021308e-04 9.998971e-01 1.809369e+01
9.990069e-01 -2.139508e-04 -4.455391e-02 5.014359e+01 2.685085e-04 9.999992e-01 1.218444e-03 -2.395927e+00 4.455369e-02 -1.229200e-03 9.990062e-01 1.801580e+01
9.999557e-01 1.126518e-03 9.358392e-03 5.026196e+01 -1.128056e-03 9.999994e-01 1.585817e-04 -2.401882e+00 -9.358288e-03 -1.691292e-04 9.999562e-01 1.796797e+01
9.990811e-01 -2.199011e-04 -4.285646e-02 5.036918e+01 2.686225e-04 9.999993e-01 1.130992e-03 -2.407392e+00 4.285626e-02 -1.141468e-03 9.990806e-01 1.791672e+01
9.999618e-01 1.123907e-03 8.673326e-03 5.043372e+01 -1.125986e-03 9.999993e-01 2.344082e-04 -2.412141e+00 -8.673142e-03 -2.441631e-04 9.999624e-01 1.792370e+01
9.990389e-01 -1.918086e-04 -4.383047e-02 5.050967e+01 2.402405e-04 9.999994e-01 1.099624e-03 -2.417130e+00 4.383032e-02 -1.109100e-03 9.990384e-01 1.790989e+01
9.999341e-01 1.068982e-03 1.143744e-02 5.060064e+01 -1.071236e-03 9.999994e-01 1.906515e-04 -2.422390e+00 -1.143732e-02 -2.028889e-04 9.999346e-01 1.788327e+01
9.990940e-01 -2.035038e-04 -4.255519e-02 5.072601e+01 2.461218e-04 9.999995e-01 9.961511e-04 -2.429397e+00 4.255506e-02 -1.005725e-03 9.990936e-01 1.793189e+01
9.999379e-01 1.058351e-03 1.109659e-02 5.087458e+01 -1.061087e-03 9.999994e-01 2.403371e-04 -2.436994e+00 -1.109642e-02 -2.520944e-04 9.999384e-01 1.795057e+01
9.990989e-01 -1.635190e-04 -4.244095e-02 5.106666e+01 2.052125e-04 9.999995e-01 9.779531e-04 -2.445342e+00 4.244086e-02 -9.857834e-04 9.990985e-01 1.791301e+01
9.999137e-01 9.545048e-04 1.310979e-02 5.121816e+01 -9.566465e-04 9.999995e-01 1.568526e-04 -2.452216e+00 -1.310972e-02 -1.693783e-04 9.999141e-01 1.785683e+01
9.991170e-01 -1.287284e-04 -4.201332e-02 5.134449e+01 1.698192e-04 9.999995e-01 9.743990e-04 -2.457002e+00 4.201327e-02 -9.806754e-04 9.991165e-01 1.766728e+01
9.999512e-01 9.904506e-04 9.837740e-03 5.140759e+01 -9.936386e-04 9.999995e-01 3.188764e-04 -2.460660e+00 -9.837514e-03 -3.286339e-04 9.999516e-01 1.755473e+01
9.992855e-01 -2.377583e-04 -3.779250e-02 5.151869e+01 2.638196e-04 9.999997e-01 6.845276e-04 -2.465150e+00 3.779242e-02 -6.940110e-04 9.992853e-01 1.738620e+01
9.999536e-01 9.873317e-04 9.587349e-03 5.165007e+01 -9.912155e-04 9.999994e-01 4.000784e-04 -2.468943e+00 -9.587046e-03 -4.095609e-04 9.999540e-01 1.707617e+01
9.994219e-01 -2.437712e-04 -3.399508e-02 5.171791e+01 2.588783e-04 9.999999e-01 4.399122e-04 -2.468899e+00 3.399506e-02 -4.484604e-04 9.994219e-01 1.660460e+01
9.999067e-01 8.684117e-04 1.363300e-02 5.173191e+01 -8.727148e-04 9.999996e-01 3.095086e-04 -2.465642e+00 -1.363282e-02 -3.213755e-04 9.999071e-01 1.598193e+01
9.991703e-01 -1.013800e-04 -4.072541e-02 5.181066e+01 1.317074e-04 9.999997e-01 7.419376e-04 -2.467690e+00 4.072542e-02 -7.466878e-04 9.991701e-01 1.568132e+01
