9.992913e-01 -4.486252e-04 3.763771e-02 4.061865e-02 4.936165e-04 9.999992e-01 -1.186095e-03 -7.549892e-03 -3.763715e-02 1.203832e-03 9.992908e-01 1.999952e-01
9.999827e-01 -5.987626e-05 5.878337e-03 9.520400e-02 6.099994e-05 1.000000e+00 -1.909741e-04 -1.546213e-02 -5.878317e-03 1.913296e-04 9.999826e-01 3.798537e-01
9.990988e-01 -4.612913e-04 4.244254e-02 1.604266e-01 5.179583e-04 9.999990e-01 -1.324159e-03 -2.374721e-02 -4.244190e-02 1.344949e-03 9.990981e-01 5.459548e-01
9.999876e-01 -5.917557e-05 4.987040e-03 2.206547e-01 6.007656e-05 1.000000e+00 -1.805106e-04 -3.278160e-02 -4.987011e-03 1.808079e-04 9.999874e-01 7.632549e-01
9.990643e-01 -4.619747e-04 4.324731e-02 2.824359e-01 5.206254e-04 9.999990e-01 -1.344918e-03 -4.153792e-02 -4.324666e-02 1.366175e-03 9.990636e-01 9.589990e-01
9.999708e-01 -7.489824e-05 7.646046e-03 3.576247e-01 7.683832e-05 1.000000e+00 -2.534340e-04 -5.017104e-02 -7.645999e-03 2.540137e-04 9.999706e-01 1.122036e+00
9.990360e-01 -4.698750e-04 4.389509e-02 4.304427e-01 5.296698e-04 9.999989e-01 -1.350601e-03 -5.800241e-02 -4.389444e-02 1.372550e-03 9.990353e-01 1.237619e+00
9.999978e-01 8.337120e-06 2.089586e-03 5.733678e-01 -8.158269e-06 1.000000e+00 -8.552703e-05 -6.710649e-02 -2.089550e-03 8.550907e-05 9.999977e-01 1.315100e+00
9.991820e-01 -4.374309e-04 4.043758e-02 7.832424e-01 4.887270e-04 9.999991e-01 -1.258654e-03 -7.783507e-02 -4.043703e-02 1.277388e-03 9.991814e-01 1.393203e+00
1.000000e+00 -6.246811e-06 -1.662534e-04 8.741233e-01 6.243394e-06 1.000000e+00 -2.203986e-05 -8.643287e-02 1.662977e-04 2.203784e-05 9.999999e-01 1.567243e+00
9.993597e-01 -3.418071e-04 3.577784e-02 1.092528e+00 3.822059e-04 9.999993e-01 -1.122331e-03 -9.778677e-02 -3.577748e-02 1.135288e-03 9.993592e-01 1.692637e+00
9.999873e-01 -1.249598e-04 5.041738e-03 1.189328e+00 1.258846e-04 1.000000e+00 -1.830311e-04 -1.057688e-01 -5.041664e-03 1.836622e-04 9.999872e-01 1.803861e+00
9.995623e-01 -3.104629e-04 2.958249e-02 1.205286e+00 3.377210e-04 9.999995e-01 -9.164465e-04 -1.115334e-01 -2.958224e-02 9.260373e-04 9.995620e-01 1.916599e+00
9.998950e-01 -1.395018e-04 1.449181e-02 1.251929e+00 1.465211e-04 9.999999e-01 -4.832725e-04 -1.181308e-01 -1.449168e-02 4.853436e-04 9.998948e-01 2.008222e+00
9.995956e-01 -3.154601e-04 2.843589e-02 1.380900e+00 3.410053e-04 9.999995e-01 -8.935166e-04 -1.256585e-01 -2.843565e-02 9.028536e-04 9.995953e-01 2.014531e+00
9.999470e-01 -8.979881e-05 1.029650e-02 1.384685e+00 9.333736e-05 9.999999e-01 -3.431248e-04 -1.286960e-01 -1.029641e-02 3.440660e-04 9.999468e-01 1.954879e+00
9.999356e-01 -5.783087e-05 1.134678e-02 1.464409e+00 6.127217e-05 1.000000e+00 -3.029943e-04 -1.363244e-01 -1.134683e-02 3.036718e-04 9.999357e-01 2.112147e+00
9.996496e-01 -3.371084e-04 2.646601e-02 1.608759e+00 3.612584e-04 9.999995e-01 -9.076856e-04 -1.451693e-01 -2.646562e-02 9.169268e-04 9.996492e-01 2.192997e+00
9.998989e-01 -9.809288e-05 1.421694e-02 1.698557e+00 1.036476e-04 9.999999e-01 -3.900366e-04 -1.530040e-01 -1.421697e-02 3.914727e-04 9.998989e-01 2.305868e+00
9.995906e-01 -3.675805e-04 2.860992e-02 1.723854e+00 3.956128e-04 9.999994e-01 -9.741244e-04 -1.577369e-01 -2.860947e-02 9.850419e-04 9.995901e-01 2.317727e+00
9.999524e-01 -3.118641e-05 9.754623e-03 1.859193e+00 3.356408e-05 1.000000e+00 -2.436894e-04 -1.657912e-01 -9.754691e-03 2.440074e-04 9.999525e-01 2.339725e+00
9.998381e-01 -1.531094e-04 1.799081e-02 2.243264e+00 1.649905e-04 9.999998e-01 -6.588545e-04 -1.827644e-01 -1.799062e-02 6.617139e-04 9.998379e-01 2.544569e+00
9.999592e-01 -3.937491e-05 9.040504e-03 2.731974e+00 4.133662e-05 1.000000e+00 -2.169338e-04 -2.021887e-01 -9.040576e-03 2.173009e-04 9.999592e-01 2.703581e+00
9.997349e-01 -2.229924e-04 2.302288e-02 3.215959e+00 2.417845e-04 9.999996e-01 -8.134053e-04 -2.206827e-01 -2.302261e-02 8.187538e-04 9.997345e-01 2.730555e+00
9.999623e-01 -1.808213e-07 8.680846e-03 3.637115e+00 1.959220e-06 1.000000e+00 -2.050099e-04 -2.380132e-01 -8.680929e-03 2.050216e-04 9.999624e-01 2.846576e+00
9.999466e-01 -1.175715e-04 1.033575e-02 4.137587e+00 1.216800e-04 9.999999e-01 -3.967453e-04 -2.573886e-01 -1.033562e-02 3.979793e-04 9.999464e-01 2.979146e+00
9.999707e-01 5.835254e-05 7.660256e-03 4.664514e+00 -5.667653e-05 1.000000e+00 -2.191976e-04 -2.775486e-01 -7.660354e-03 2.187596e-04 9.999707e-01 3.111865e+00
9.999675e-01 -1.257726e-04 8.057642e-03 5.105304e+00 1.282297e-04 9.999999e-01 -3.042410e-04 -2.949016e-01 -8.057517e-03 3.052618e-04 9.999674e-01 3.215052e+00
9.999869e-01 8.469052e-05 5.124369e-03 5.723782e+00 -8.380439e-05 1.000000e+00 -1.734377e-04 -3.174034e-01 -5.124471e-03 1.730086e-04 9.999869e-01 3.321540e+00
9.999512e-01 -1.979071e-04 9.871473e-03 6.193034e+00 2.008748e-04 9.999999e-01 -2.994892e-04 -3.350665e-01 -9.871325e-03 3.014549e-04 9.999512e-01 3.383732e+00
9.999629e-01 6.488439e-05 8.611709e-03 6.572375e+00 -6.238494e-05 1.000000e+00 -2.906939e-04 -3.509207e-01 -8.611816e-03 2.901485e-04 9.999629e-01 3.548054e+00
9.999888e-01 -1.315013e-04 4.732139e-03 7.044259e+00 1.322115e-04 1.000000e+00 -1.494256e-04 -3.691958e-01 -4.732030e-03 1.500469e-04 9.999887e-01 3.683384e+00
9.999998e-01 1.630886e-04 6.350145e-04 7.466111e+00 -1.630283e-04 1.000000e+00 -9.763312e-05 -3.863773e-01 -6.351201e-04 9.753225e-05 9.999999e-01 3.916557e+00
1.000000e+00 -3.889386e-05 4.439812e-05 7.902596e+00 3.889474e-05 1.000000e+00 1.842900e-05 -4.039783e-01 -4.430918e-05 -1.842996e-05 9.999999e-01 4.134246e+00
9.999924e-01 9.234764e-05 3.893741e-03 8.344047e+00 -9.157720e-05 1.000000e+00 -1.984763e-04 -4.215591e-01 -3.893849e-03 1.981209e-04 9.999925e-01 4.335879e+00
9.999922e-01 3.030645e-06 -3.953954e-03 8.770914e+00 -2.504715e-06 1.000000e+00 1.325844e-04 -4.389967e-01 3.954044e-03 -1.325761e-04 9.999921e-01 4.561206e+00
9.999911e-01 6.426244e-05 4.232256e-03 9.270270e+00 -6.326967e-05 1.000000e+00 -2.351072e-04 -4.576868e-01 -4.232361e-03 2.348400e-04 9.999911e-01 4.653614e+00
9.999996e-01 2.598920e-06 -8.639714e-04 9.625214e+00 -2.514133e-06 1.000000e+00 9.614204e-05 -4.742885e-01 8.640616e-04 -9.614254e-05 9.999996e-01 4.987492e+00
9.999783e-01 3.041124e-05 6.586511e-03 9.993597e+00 -2.838668e-05 1.000000e+00 -3.077333e-04 -4.903763e-01 -6.586610e-03 3.075424e-04 9.999783e-01 5.252145e+00
9.999998e-01 2.781939e-05 -6.240172e-04 1.022965e+01 -2.775269e-05 1.000000e+00 1.040733e-04 -5.056734e-01 6.241106e-04 -1.040587e-04 9.999997e-01 5.719446e+00
9.999892e-01 -8.286503e-07 4.656323e-03 1.051061e+01 2.076834e-06 1.000000e+00 -2.684317e-04 -5.195209e-01 -4.656414e-03 2.684412e-04 9.999892e-01 6.007057e+00
9.999984e-01 3.182725e-05 1.790409e-03 1.097604e+01 -3.187060e-05 1.000000e+00 2.517733e-05 -5.372943e-01 -1.790318e-03 -2.523709e-05 9.999983e-01 6.160097e+00
9.999826e-01 -3.883925e-05 5.901181e-03 1.140430e+01 4.039440e-05 1.000000e+00 -2.637144e-04 -5.537697e-01 -5.901262e-03 2.639509e-04 9.999826e-01 6.277694e+00
9.999806e-01 -5.057571e-05 6.218980e-03 1.169848e+01 5.113064e-05 1.000000e+00 -8.877940e-05 -5.666690e-01 -6.218884e-03 8.909289e-05 9.999806e-01 6.432247e+00
9.999913e-01 3.765532e-06 4.183685e-03 1.204637e+01 -2.906790e-06 1.000000e+00 -2.057085e-04 -5.808224e-01 -4.183778e-03 2.056973e-04 9.999913e-01 6.551399e+00
9.999908e-01 -2.203495e-05 4.285953e-03 1.233786e+01 2.220345e-05 1.000000e+00 -3.882636e-05 -5.948352e-01 -4.285859e-03 3.891837e-05 9.999907e-01 6.821418e+00
9.999987e-01 3.347362e-05 -1.644075e-03 1.250532e+01 -3.353278e-05 1.000000e+00 -3.480243e-05 -6.052388e-01 1.643981e-03 3.486030e-05 9.999987e-01 7.095706e+00
9.999844e-01 -3.136379e-05 5.586705e-03 1.261192e+01 3.172136e-05 1.000000e+00 -6.357469e-05 -6.155243e-01 -5.586610e-03 6.374811e-05 9.999843e-01 7.471750e+00
9.999730e-01 -8.235623e-05 7.351612e-03 1.282952e+01 8.463469e-05 9.999999e-01 -3.098776e-04 -6.270847e-01 -7.351680e-03 3.104942e-04 9.999730e-01 7.703528e+00
9.999996e-01 9.800227e-05 -8.716639e-04 1.316877e+01 -9.789681e-05 1.000000e+00 1.187628e-04 -6.408700e-01 8.717690e-04 -1.186803e-04 9.999995e-01 7.848751e+00
9.999994e-01 -6.933619e-05 1.159520e-03 1.357292e+01 6.955065e-05 1.000000e+00 -1.866061e-04 -6.563722e-01 -1.159601e-03 1.866894e-04 9.999994e-01 7.895224e+00
9.999997e-01 1.214552e-04 7.862705e-04 1.405590e+01 -1.215255e-04 1.000000e+00 9.190324e-05 -6.718420e-01 -7.861658e-04 -9.200158e-05 9.999996e-01 7.611432e+00
9.999498e-01 -1.697582e-04 1.001729e-02 1.437144e+01 1.732184e-04 9.999999e-01 -3.447568e-04 -6.816688e-01 -1.001733e-02 3.464775e-04 9.999498e-01 7.359414e+00
9.999977e-01 1.210943e-04 -2.132182e-03 1.443450e+01 -1.207442e-04 1.000000e+00 1.633622e-04 -6.885610e-01 2.132295e-03 -1.631072e-04 9.999976e-01 7.561150e+00
9.999547e-01 -1.861447e-04 9.521534e-03 1.443098e+01 1.892859e-04 9.999999e-01 -3.292144e-04 -6.942659e-01 -9.521566e-03 3.310047e-04 9.999547e-01 7.833393e+00
9.999771e-01 1.682207e-04 -6.756241e-03 1.436036e+01 -1.666074e-04 1.000000e+00 2.390403e-04 -7.001840e-01 6.756376e-03 -2.379120e-04 9.999771e-01 8.193233e+00
9.999190e-01 -1.658428e-04 1.273233e-02 1.453598e+01 1.711567e-04 9.999999e-01 -4.164315e-04 -7.120429e-01 -1.273235e-02 4.185798e-04 9.999189e-01 8.546807e+00
9.999725e-01 1.988554e-04 -7.408865e-03 1.473433e+01 -1.969500e-04 9.999999e-01 2.576254e-04 -7.248364e-01 7.409011e-03 -2.561620e-04 9.999725e-01 8.931198e+00
9.999699e-01 -1.342485e-04 7.766062e-03 1.502611e+01 1.364900e-04 9.999999e-01 -2.883568e-04 -7.389040e-01 -7.766117e-03 2.894110e-04 9.999699e-01 9.220922e+00
9.999891e-01 1.784604e-04 -4.659670e-03 1.530974e+01 -1.777025e-04 1.000000e+00 1.626007e-04 -7.524807e-01 4.659794e-03 -1.617737e-04 9.999891e-01 9.494717e+00
9.999589e-01 -1.384665e-04 9.072468e-03 1.554899e+01 1.412307e-04 9.999999e-01 -3.042718e-04 -7.655666e-01 -9.072521e-03 3.055435e-04 9.999589e-01 9.826493e+00
9.999707e-01 1.601754e-04 -7.643099e-03 1.582521e+01 -1.584065e-04 1.000000e+00 2.317575e-04 -7.777639e-01 7.643231e-03 -2.305429e-04 9.999707e-01 9.991119e+00
9.999701e-01 -1.332739e-04 7.731871e-03 1.622832e+01 1.355634e-04 9.999999e-01 -2.958642e-04 -7.931652e-01 -7.731926e-03 2.969064e-04 9.999701e-01 1.003253e+01
9.999748e-01 1.709394e-04 -7.086693e-03 1.666231e+01 -1.693673e-04 1.000000e+00 2.221281e-04 -8.096957e-01 7.086826e-03 -2.209251e-04 9.999748e-01 1.009515e+01
9.998979e-01 -1.724021e-04 1.429045e-02 1.700775e+01 1.787038e-04 9.999999e-01 -4.398401e-04 -8.238673e-01 -1.429047e-02 4.423518e-04 9.998979e-01 1.025608e+01
9.999723e-01 1.861007e-04 -7.441547e-03 1.741334e+01 -1.844559e-04 1.000000e+00 2.214241e-04 -8.400679e-01 7.441683e-03 -2.200482e-04 9.999722e-01 1.044100e+01
9.997533e-01 -2.604813e-04 2.221034e-02 1.781523e+01 2.753142e-04 9.999997e-01 -6.648771e-04 -8.561381e-01 -2.221025e-02 6.708308e-04 9.997532e-01 1.058985e+01
9.999405e-01 2.616636e-04 -1.090510e-02 1.825770e+01 -2.583736e-04 9.999999e-01 3.028943e-04 -8.741746e-01 1.090527e-02 -3.000616e-04 9.999404e-01 1.082670e+01
9.996192e-01 -3.061311e-04 2.759493e-02 1.870002e+01 3.290511e-04 9.999996e-01 -8.261308e-04 -8.927999e-01 -2.759476e-02 8.348993e-04 9.996189e-01 1.109756e+01
9.998947e-01 3.057524e-04 -1.450739e-02 1.913584e+01 -2.996983e-04 9.999999e-01 4.193190e-04 -9.105202e-01 1.450761e-02 -4.149299e-04 9.998946e-01 1.131723e+01
9.997916e-01 -2.406641e-04 2.041694e-02 1.960084e+01 2.535967e-04 9.999998e-01 -6.309508e-04 -9.286354e-01 -2.041688e-02 6.360000e-04 9.997914e-01 1.150073e+01
9.998679e-01 3.334458e-04 -1.624913e-02 2.003104e+01 -3.258133e-04 9.999998e-01 4.722118e-04 -9.461938e-01 1.624938e-02 -4.668581e-04 9.998678e-01 1.173061e+01
9.997198e-01 -2.525677e-04 2.367316e-02 2.054587e+01 2.697976e-04 9.999997e-01 -7.247304e-04 -9.658472e-01 -2.367307e-02 7.309173e-04 9.997195e-01 1.191408e+01
9.998675e-01 3.705153e-04 -1.626954e-02 2.118577e+01 -3.632415e-04 9.999998e-01 4.498825e-04 -9.895940e-01 1.626980e-02 -4.439160e-04 9.998675e-01 1.211952e+01
9.997753e-01 -2.601197e-04 2.119622e-02 2.176508e+01 2.739600e-04 9.999998e-01 -6.501709e-04 -1.011321e+00 -2.119615e-02 6.558347e-04 9.997752e-01 1.230010e+01
9.998641e-01 3.542126e-04 -1.648090e-02 2.226463e+01 -3.468469e-04 9.999998e-01 4.496262e-04 -1.030901e+00 1.648115e-02 -4.438517e-04 9.998640e-01 1.251587e+01
9.997597e-01 -2.534135e-04 2.192163e-02 2.283729e+01 2.681405e-04 9.999997e-01 -6.689769e-04 -1.052283e+00 -2.192156e-02 6.746972e-04 9.997595e-01 1.266877e+01
9.998663e-01 3.312052e-04 -1.634564e-02 2.335261e+01 -3.236501e-04 9.999998e-01 4.647010e-04 -1.071457e+00 1.634589e-02 -4.593515e-04 9.998662e-01 1.278782e+01
9.997097e-01 -2.777281e-04 2.409215e-02 2.379633e+01 2.946134e-04 9.999997e-01 -6.974157e-04 -1.088572e+00 -2.409205e-02 7.043141e-04 9.997096e-01 1.294577e+01
9.998071e-01 3.399156e-04 -1.963693e-02 2.422738e+01 -3.294952e-04 9.999998e-01 5.337592e-04 -1.105314e+00 1.963721e-02 -5.271889e-04 9.998070e-01 1.307931e+01
9.997792e-01 -2.422849e-04 2.101478e-02 2.486291e+01 2.562934e-04 9.999997e-01 -6.640313e-04 -1.128324e+00 -2.101472e-02 6.692736e-04 9.997790e-01 1.314747e+01
9.997783e-01 3.243613e-04 -2.105138e-02 2.520656e+01 -3.107125e-04 9.999997e-01 6.515028e-04 -1.143687e+00 2.105168e-02 -6.448204e-04 9.997781e-01 1.340748e+01
9.998133e-01 -2.386851e-04 1.932351e-02 2.551985e+01 2.505856e-04 9.999998e-01 -6.135647e-04 -1.157709e+00 -1.932345e-02 6.182953e-04 9.998132e-01 1.362959e+01
9.999127e-01 2.180882e-04 -1.320904e-02 2.584849e+01 -2.121727e-04 9.999999e-01 4.490441e-04 -1.170719e+00 1.320923e-02 -4.462053e-04 9.999126e-01 1.370299e+01
9.998751e-01 -1.944534e-04 1.580653e-02 2.616496e+01 2.031985e-04 9.999998e-01 -5.518086e-04 -1.183521e+00 -1.580651e-02 5.549545e-04 9.998750e-01 1.379497e+01
9.999377e-01 2.776644e-04 -1.115244e-02 2.659578e+01 -2.735525e-04 9.999999e-01 3.699883e-04 -1.201588e+00 1.115264e-02 -3.669175e-04 9.999377e-01 1.406785e+01
9.998834e-01 -2.267349e-04 1.526935e-02 2.696597e+01 2.344637e-04 9.999998e-01 -5.045390e-04 -1.216888e+00 -1.526933e-02 5.080633e-04 9.998833e-01 1.425369e+01
9.998963e-01 2.865617e-04 -1.439548e-02 2.740073e+01 -2.806310e-04 9.999999e-01 4.138203e-04 -1.233866e+00 1.439570e-02 -4.097406e-04 9.998962e-01 1.437524e+01
9.997906e-01 -2.206021e-04 2.046337e-02 2.784509e+01 2.327028e-04 9.999998e-01 -5.890771e-04 -1.251107e+00 -2.046334e-02 5.937186e-04 9.997905e-01 1.451749e+01
9.998685e-01 2.676962e-04 -1.621097e-02 2.807812e+01 -2.601572e-04 9.999999e-01 4.670048e-04 -1.264008e+00 1.621119e-02 -4.627289e-04 9.998684e-01 1.483792e+01
9.997990e-01 -2.206094e-04 2.005008e-02 2.830545e+01 2.324543e-04 9.999998e-01 -5.885604e-04 -1.277522e+00 -2.005004e-02 5.931058e-04 9.997989e-01 1.521302e+01
9.998847e-01 2.459889e-04 -1.518060e-02 2.864174e+01 -2.395590e-04 9.999999e-01 4.251987e-04 -1.291198e+00 1.518080e-02 -4.215160e-04 9.998846e-01 1.535497e+01
9.998592e-01 -2.294910e-04 1.678344e-02 2.881037e+01 2.369794e-04 9.999999e-01 -4.443464e-04 -1.298600e+00 -1.678343e-02 4.482641e-04 9.998591e-01 1.536740e+01
9.999331e-01 1.806862e-04 -1.156011e-02 2.890585e+01 -1.771002e-04 9.999999e-01 3.109999e-04 -1.304121e+00 1.156026e-02 -3.089348e-04 9.999331e-01 1.542212e+01
9.999123e-01 -1.630492e-04 1.324509e-02 2.922008e+01 1.680448e-04 9.999999e-01 -3.762463e-04 -1.315603e+00 -1.324513e-02 3.784420e-04 9.999123e-01 1.536241e+01
9.999390e-01 2.044510e-04 -1.104024e-02 2.954856e+01 -2.010495e-04 9.999999e-01 3.089747e-04 -1.328431e+00 1.104040e-02 -3.067392e-04 9.999389e-01 1.540843e+01
9.998459e-01 -1.906677e-04 1.755405e-02 2.987129e+01 1.994310e-04 9.999999e-01 -4.976214e-04 -1.342396e+00 -1.755405e-02 5.010485e-04 9.998458e-01 1.561709e+01
9.999260e-01 1.744437e-04 -1.216346e-02 3.008597e+01 -1.699222e-04 9.999999e-01 3.725400e-04 -1.352912e+00 1.216363e-02 -3.704485e-04 9.999259e-01 1.578891e+01
9.996882e-01 -2.210416e-04 2.496977e-02 3.051515e+01 2.399489e-04 9.999997e-01 -7.543176e-04 -1.369639e+00 -2.496969e-02 7.600768e-04 9.996880e-01 1.592087e+01
9.998353e-01 2.718264e-04 -1.814414e-02 3.095818e+01 -2.620996e-04 9.999998e-01 5.383063e-04 -1.386478e+00 1.814439e-02 -5.334651e-04 9.998352e-01 1.603017e+01
9.997373e-01 -2.024838e-04 2.291934e-02 3.139068e+01 2.183386e-04 9.999997e-01 -6.893809e-04 -1.402755e+00 -2.291929e-02 6.942071e-04 9.997371e-01 1.610179e+01
9.998836e-01 2.247724e-04 -1.525267e-02 3.175860e+01 -2.176466e-04 9.999999e-01 4.686575e-04 -1.417666e+00 1.525287e-02 -4.652863e-04 9.998835e-01 1.626145e+01
9.998572e-01 -1.478555e-04 1.690275e-02 3.204656e+01 1.565524e-04 9.999999e-01 -5.133685e-04 -1.431588e+00 -1.690277e-02 5.159444e-04 9.998571e-01 1.653758e+01
9.998652e-01 1.712921e-04 -1.641726e-02 3.220700e+01 -1.629596e-04 9.999999e-01 5.087099e-04 -1.441241e+00 1.641745e-02 -5.059689e-04 9.998650e-01 1.675451e+01
9.997731e-01 -1.385975e-04 2.130459e-02 3.252597e+01 1.524134e-04 9.999998e-01 -6.469963e-04 -1.454596e+00 -2.130460e-02 6.500996e-04 9.997729e-01 1.689477e+01
9.999044e-01 1.662636e-04 -1.382505e-02 3.285551e+01 -1.602926e-04 9.999999e-01 4.327985e-04 -1.469170e+00 1.382522e-02 -4.305440e-04 9.999043e-01 1.714406e+01
9.996273e-01 -2.710379e-04 2.729924e-02 3.307173e+01 2.932558e-04 9.999996e-01 -8.099664e-04 -1.482553e+00 -2.729911e-02 8.176732e-04 9.996270e-01 1.751958e+01
9.999114e-01 2.356934e-04 -1.330693e-02 3.321082e+01 -2.301516e-04 9.999999e-01 4.177699e-04 -1.494541e+00 1.330712e-02 -4.146733e-04 9.999113e-01 1.791701e+01
9.998961e-01 -1.684308e-04 1.442001e-02 3.351420e+01 1.753996e-04 9.999999e-01 -4.822060e-04 -1.509095e+00 -1.442002e-02 4.846881e-04 9.998960e-01 1.820307e+01
9.999341e-01 2.566032e-04 -1.147477e-02 3.390602e+01 -2.525319e-04 9.999999e-01 3.559969e-04 -1.526018e+00 1.147496e-02 -3.530787e-04 9.999340e-01 1.847684e+01
9.998259e-01 -2.502621e-04 1.865873e-02 3.420894e+01 2.607061e-04 9.999998e-01 -5.574614e-04 -1.540799e+00 -1.865869e-02 5.622318e-04 9.998258e-01 1.879615e+01
9.999391e-01 2.593945e-04 -1.102736e-02 3.465246e+01 -2.561782e-04 9.999999e-01 2.928118e-04 -1.557295e+00 1.102754e-02 -2.899720e-04 9.999391e-01 1.886479e+01
9.998623e-01 -1.875782e-04 1.659671e-02 3.517481e+01 1.959303e-04 9.999999e-01 -5.017880e-04 -1.576931e+00 -1.659671e-02 5.049737e-04 9.998622e-01 1.902243e+01
9.999975e-01 1.506552e-04 -2.224207e-03 3.543323e+01 -1.504701e-04 1.000000e+00 8.200621e-05 -1.591621e+00 2.224319e-03 -8.167432e-05 9.999975e-01 1.940533e+01
9.999903e-01 -8.062884e-05 4.415655e-03 3.562767e+01 8.132634e-05 1.000000e+00 -1.584582e-04 -1.604587e+00 -4.415742e-03 1.588188e-04 9.999903e-01 1.980169e+01
9.999997e-01 1.347310e-04 6.472213e-04 3.594841e+01 -1.347231e-04 1.000000e+00 -7.551834e-06 -1.619645e+00 -6.471223e-04 7.461647e-06 9.999997e-01 2.009958e+01
9.998847e-01 -3.037211e-04 1.518629e-02 3.622569e+01 3.103881e-04 9.999999e-01 -4.368562e-04 -1.632815e+00 -1.518626e-02 4.415224e-04 9.998846e-01 2.032617e+01
9.999952e-01 1.806272e-04 3.085628e-03 3.656138e+01 -1.802902e-04 1.000000e+00 -1.084851e-04 -1.646646e+00 -3.085547e-03 1.079252e-04 9.999952e-01 2.042553e+01
9.999449e-01 -2.709784e-04 1.050251e-02 3.681071e+01 2.738570e-04 9.999999e-01 -2.729462e-04 -1.659791e+00 -1.050254e-02 2.758104e-04 9.999449e-01 2.070332e+01
9.999961e-01 2.746689e-04 -2.743441e-03 3.713839e+01 -2.745514e-04 1.000000e+00 4.202992e-05 -1.674082e+00 2.743552e-03 -4.127953e-05 9.999962e-01 2.091599e+01
9.999602e-01 -2.854614e-04 8.917523e-03 3.748938e+01 2.875134e-04 9.999999e-01 -2.291901e-04 -1.686907e+00 -8.917557e-03 2.317479e-04 9.999603e-01 2.089496e+01
9.999999e-01 2.724696e-04 1.320109e-04 3.793974e+01 -2.724602e-04 1.000000e+00 -4.635821e-05 -1.702885e+00 -1.319238e-04 4.631925e-05 9.999999e-01 2.086238e+01
9.999957e-01 -1.903648e-04 2.950297e-03 3.849046e+01 1.906672e-04 1.000000e+00 -1.033259e-04 -1.722939e+00 -2.950377e-03 1.038910e-04 9.999957e-01 2.091067e+01
9.999962e-01 2.580206e-04 2.712620e-03 3.902147e+01 -2.576976e-04 1.000000e+00 -1.182481e-04 -1.742714e+00 -2.712551e-03 1.175456e-04 9.999963e-01 2.103405e+01
1.000000e+00 -2.045281e-04 3.284602e-04 3.944089e+01 2.045270e-04 1.000000e+00 -6.641831e-06 -1.758702e+00 -3.285585e-04 6.712020e-06 1.000000e+00 2.111552e+01
9.999987e-01 2.455859e-04 1.531469e-03 3.957012e+01 -2.455286e-04 1.000000e+00 -3.543945e-05 -1.769871e+00 -1.531378e-03 3.506040e-05 9.999988e-01 2.150727e+01
9.999995e-01 -2.402568e-04 1.033561e-03 3.969638e+01 2.402840e-04 1.000000e+00 -2.936188e-05 -1.778708e+00 -1.033654e-03 2.961322e-05 9.999995e-01 2.174887e+01
9.999984e-01 2.307658e-04 -1.719531e-03 3.972030e+01 -2.306814e-04 1.000000e+00 4.737184e-05 -1.779275e+00 1.719641e-03 -4.697808e-05 9.999985e-01 2.151436e+01
1.000000e+00 -1.987959e-04 -1.835725e-04 4.006379e+01 1.987789e-04 1.000000e+00 -7.475894e-05 -1.790472e+00 1.834877e-04 7.472546e-05 1.000000e+00 2.130421e+01
9.999982e-01 2.333063e-04 -1.875879e-03 4.037377e+01 -2.331897e-04 1.000000e+00 6.062776e-05 -1.800124e+00 1.875993e-03 -6.019320e-05 9.999982e-01 2.103462e+01
9.999999e-01 -2.617809e-04 5.459320e-04 4.039734e+01 2.617953e-04 1.000000e+00 -3.228361e-05 -1.801298e+00 -5.460232e-04 3.242955e-05 9.999999e-01 2.087816e+01
9.999957e-01 2.703163e-04 -2.891090e-03 4.072276e+01 -2.703029e-04 1.000000e+00 3.887174e-06 -1.812597e+00 2.891191e-03 -3.108677e-06 9.999958e-01 2.075262e+01
9.999991e-01 -2.746236e-04 1.382254e-03 4.102230e+01 2.746572e-04 1.000000e+00 -2.651179e-05 -1.823066e+00 -1.382347e-03 2.689444e-05 9.999991e-01 2.062310e+01
9.999897e-01 3.028307e-04 -4.512663e-03 4.134268e+01 -3.027836e-04 1.000000e+00 1.039048e-05 -1.833789e+00 4.512766e-03 -9.027005e-06 9.999898e-01 2.045334e+01
1.000000e+00 -2.027446e-04 -2.516681e-04 4.146459e+01 2.027602e-04 1.000000e+00 7.489752e-05 -1.838187e+00 2.515531e-04 -7.494552e-05 1.000000e+00 2.031352e+01
9.999993e-01 1.894639e-04 -1.146973e-03 4.160709e+01 -1.895280e-04 1.000000e+00 -5.852626e-05 -1.843735e+00 1.147062e-03 5.874060e-05 9.999993e-01 2.020875e+01
9.999992e-01 -2.002314e-04 -1.312318e-03 4.187351e+01 2.002876e-04 1.000000e+00 4.523286e-05 -1.854248e+00 1.312210e-03 -4.549263e-05 9.999992e-01 2.021347e+01
9.999806e-01 3.723058e-04 -6.205155e-03 4.211776e+01 -3.714457e-04 9.999999e-01 1.392411e-04 -1.863046e+00 6.205306e-03 -1.369365e-04 9.999807e-01 2.011745e+01
9.999937e-01 -3.497706e-04 3.541397e-03 4.227160e+01 3.500208e-04 9.999999e-01 -7.093337e-05 -1.873066e+00 -3.541472e-03 7.217553e-05 9.999938e-01 2.040599e+01
9.999993e-01 4.243620e-04 -1.025746e-03 4.265579e+01 -4.244138e-04 9.999999e-01 -5.338716e-05 -1.889895e+00 1.025823e-03 5.381948e-05 9.999994e-01 2.068532e+01
9.999876e-01 -2.784333e-04 4.989084e-03 4.321992e+01 2.790155e-04 1.000000e+00 -1.166492e-04 -1.912864e+00 -4.989152e-03 1.180428e-04 9.999876e-01 2.102809e+01
9.999931e-01 3.727016e-04 -3.693192e-03 4.353944e+01 -3.724974e-04 9.999999e-01 5.511296e-05 -1.928982e+00 3.693312e-03 -5.373986e-05 9.999931e-01 2.140257e+01
9.999907e-01 -3.011510e-04 4.324082e-03 4.395503e+01 3.017047e-04 9.999999e-01 -1.281594e-04 -1.946015e+00 -4.324143e-03 1.294658e-04 9.999907e-01 2.162103e+01
9.999801e-01 4.454206e-04 -6.277890e-03 4.448045e+01 -4.445547e-04 9.999999e-01 1.388027e-04 -1.966541e+00 6.278051e-03 -1.360120e-04 9.999802e-01 2.185018e+01
9.999582e-01 -3.523829e-04 9.145921e-03 4.509964e+01 3.553798e-04 9.999999e-01 -3.264061e-04 -1.989390e+00 -9.145905e-03 3.296457e-04 9.999582e-01 2.201441e+01
9.999928e-01 3.983470e-04 -3.764145e-03 4.561953e+01 -3.979549e-04 9.999999e-01 1.040370e-04 -2.008337e+00 3.764286e-03 -1.025412e-04 9.999929e-01 2.209633e+01
9.999760e-01 -3.213773e-04 6.934588e-03 4.607515e+01 3.231192e-04 9.999999e-01 -2.505396e-04 -2.026546e+00 -6.934607e-03 2.527773e-04 9.999760e-01 2.231505e+01
9.999987e-01 3.125843e-04 -1.518625e-03 4.641991e+01 -3.124507e-04 9.999999e-01 8.604374e-05 -2.039580e+00 1.518751e-03 -8.557212e-05 9.999988e-01 2.235416e+01
9.999770e-01 -3.377175e-04 6.775756e-03 4.666544e+01 3.394240e-04 9.999999e-01 -2.511932e-04 -2.049629e+00 -6.775771e-03 2.534903e-04 9.999771e-01 2.241713e+01
9.999894e-01 3.773194e-04 -4.583823e-03 4.696077e+01 -3.765997e-04 9.999999e-01 1.571480e-04 -2.063690e+00 4.583981e-03 -1.554230e-04 9.999894e-01 2.269315e+01
9.996613e-01 -5.701377e-04 2.602030e-02 4.723551e+01 5.910048e-04 9.999995e-01 -7.943985e-04 -2.076699e+00 -2.601994e-02 8.095105e-04 9.996611e-01 2.288117e+01
9.999147e-01 4.869450e-04 -1.305015e-02 4.758397e+01 -4.816768e-04 9.999998e-01 4.065646e-04 -2.090807e+00 1.305044e-02 -4.002469e-04 9.999147e-01 2.298057e+01
9.995834e-01 -5.658033e-04 2.885942e-02 4.795969e+01 5.907498e-04 9.999995e-01 -8.560128e-04 -2.106561e+00 -2.885902e-02 8.727078e-04 9.995832e-01 2.317132e+01
9.999623e-01 3.893310e-04 -8.671409e-03 4.821877e+01 -3.871729e-04 9.999999e-01 2.501381e-04 -2.119298e+00 8.671604e-03 -2.467743e-04 9.999623e-01 2.337645e+01
9.997740e-01 -4.208501e-04 2.125985e-02 4.873820e+01 4.349521e-04 9.999997e-01 -6.588632e-04 -2.138428e+00 -2.125966e-02 6.679643e-04 9.997738e-01 2.343689e+01
9.999284e-01 4.068169e-04 -1.195101e-02 4.919894e+01 -4.027706e-04 9.999999e-01 3.406719e-04 -2.155934e+00 1.195124e-02 -3.358370e-04 9.999285e-01 2.358387e+01
9.997856e-01 -3.975024e-04 2.070724e-02 4.974241e+01 4.112665e-04 9.999997e-01 -6.606149e-04 -2.175946e+00 -2.070707e-02 6.689924e-04 9.997854e-01 2.368562e+01
9.999902e-01 2.652807e-04 -4.404738e-03 5.032225e+01 -2.646049e-04 1.000000e+00 1.531729e-04 -2.196545e+00 4.404876e-03 -1.520089e-04 9.999902e-01 2.369023e+01
9.997086e-01 -3.259677e-04 2.413839e-02 5.073575e+01 3.448428e-04 9.999996e-01 -7.779472e-04 -2.213285e+00 -2.413822e-02 7.860475e-04 9.997084e-01 2.384145e+01
9.999585e-01 2.393242e-04 -9.105166e-03 5.106563e+01 -2.362520e-04 9.999999e-01 3.380753e-04 -2.227544e+00 9.105343e-03 -3.359131e-04 9.999585e-01 2.402196e+01
9.998960e-01 -1.837413e-04 1.442808e-02 5.158103e+01 1.918738e-04 9.999998e-01 -5.625349e-04 -2.247223e+00 -1.442807e-02 5.652477e-04 9.998958e-01 2.419071e+01
9.998768e-01 2.960749e-04 -1.569086e-02 5.219664e+01 -2.880398e-04 9.999998e-01 5.140977e-04 -2.269868e+00 1.569111e-02 -5.095177e-04 9.998767e-01 2.431621e+01
9.999104e-01 -1.771289e-04 1.338843e-02 5.279089e+01 1.844847e-04 9.999998e-01 -5.484659e-04 -2.291260e+00 -1.338843e-02 5.508897e-04 9.999103e-01 2.436132e+01
9.999070e-01 2.958102e-04 -1.363209e-02 5.346160e+01 -2.898591e-04 9.999999e-01 4.382429e-04 -2.315025e+00 1.363232e-02 -4.342537e-04 9.999069e-01 2.438093e+01
9.998609e-01 -1.226421e-04 1.668025e-02 5.428292e+01 1.330572e-04 9.999998e-01 -6.235168e-04 -2.344473e+00 -1.668027e-02 6.256525e-04 9.998607e-01 2.456677e+01
9.999062e-01 2.800568e-04 -1.369181e-02 5.484623e+01 -2.735690e-04 9.999998e-01 4.754323e-04 -2.367769e+00 1.369204e-02 -4.716450e-04 9.999061e-01 2.493473e+01
9.998834e-01 -1.793747e-04 1.527439e-02 5.528961e+01 1.881977e-04 9.999998e-01 -5.764397e-04 -2.386339e+00 -1.527438e-02 5.792501e-04 9.998832e-01 2.521410e+01
9.998559e-01 2.902670e-04 -1.697020e-02 5.571720e+01 -2.802019e-04 9.999998e-01 5.952526e-04 -2.404371e+00 1.697046e-02 -5.904146e-04 9.998558e-01 2.547772e+01
9.998323e-01 -1.879427e-04 1.831444e-02 5.591559e+01 1.995392e-04 9.999998e-01 -6.315670e-04 -2.419397e+00 -1.831441e-02 6.351185e-04 9.998321e-01 2.599554e+01
9.998414e-01 3.349935e-04 -1.780214e-02 5.644327e+01 -3.249669e-04 9.999998e-01 5.658968e-04 -2.440886e+00 1.780242e-02 -5.600249e-04 9.998413e-01 2.628423e+01
9.998597e-01 -2.016046e-04 1.675188e-02 5.691893e+01 2.110379e-04 9.999998e-01 -5.615747e-04 -2.460642e+00 -1.675186e-02 5.650342e-04 9.998596e-01 2.656543e+01
9.998220e-01 3.305923e-04 -1.886083e-02 5.722081e+01 -3.187077e-04 9.999997e-01 6.329201e-04 -2.477077e+00 1.886113e-02 -6.267993e-04 9.998219e-01 2.700430e+01
9.998540e-01 -2.076046e-04 1.708766e-02 5.747309e+01 2.171515e-04 9.999998e-01 -5.570600e-04 -2.492621e+00 -1.708764e-02 5.606923e-04 9.998539e-01 2.746843e+01
9.998699e-01 2.974547e-04 -1.612133e-02 5.791619e+01 -2.900671e-04 9.999999e-01 4.603464e-04 -2.510263e+00 1.612156e-02 -4.556132e-04 9.998699e-01 2.766030e+01
9.998834e-01 -1.587868e-04 1.527269e-02 5.837332e+01 1.660285e-04 9.999999e-01 -4.731388e-04 -2.529137e+00 -1.527271e-02 4.756223e-04 9.998833e-01 2.792329e+01
9.998733e-01 3.135810e-04 -1.591193e-02 5.878092e+01 -3.057988e-04 9.999998e-01 4.912754e-04 -2.548248e+00 1.591218e-02 -4.863502e-04 9.998732e-01 2.832328e+01
9.998762e-01 -2.091467e-04 1.573975e-02 5.925266e+01 2.173829e-04 9.999998e-01 -5.218000e-04 -2.567148e+00 -1.573973e-02 5.251599e-04 9.998760e-01 2.853805e+01
9.998628e-01 3.211705e-04 -1.655513e-02 5.946341e+01 -3.120416e-04 9.999998e-01 5.537810e-04 -2.581693e+00 1.655540e-02 -5.485420e-04 9.998628e-01 2.901431e+01
9.998738e-01 -2.256756e-04 1.588838e-02 5.951508e+01 2.331321e-04 9.999999e-01 -4.676874e-04 -2.594976e+00 -1.588837e-02 4.713353e-04 9.998737e-01 2.964057e+01
9.998526e-01 3.404417e-04 -1.715974e-02 5.967053e+01 -3.308697e-04 9.999998e-01 5.604320e-04 -2.609640e+00 1.716003e-02 -5.546746e-04 9.998526e-01 3.020946e+01
9.998772e-01 -2.720255e-04 1.567392e-02 5.975506e+01 2.792049e-04 9.999999e-01 -4.560926e-04 -2.622131e+00 -1.567390e-02 4.604157e-04 9.998771e-01 3.075497e+01
9.998549e-01 3.622593e-04 -1.702821e-02 5.984526e+01 -3.525603e-04 9.999998e-01 5.723647e-04 -2.635565e+00 1.702851e-02 -5.662810e-04 9.998548e-01 3.134924e+01
9.998829e-01 -2.816825e-04 1.530160e-02 5.992857e+01 2.884139e-04 9.999999e-01 -4.379448e-04 -2.648714e+00 -1.530157e-02 4.423096e-04 9.998829e-01 3.193871e+01
9.998077e-01 3.884089e-04 -1.960306e-02 6.002975e+01 -3.756998e-04 9.999997e-01 6.518126e-04 -2.661396e+00 1.960340e-02 -6.443253e-04 9.998076e-01 3.247707e+01
9.998905e-01 -2.466081e-04 1.480007e-02 6.017808e+01 2.530726e-04 9.999999e-01 -4.351552e-04 -2.673823e+00 -1.480006e-02 4.388560e-04 9.998904e-01 3.292423e+01
9.997605e-01 3.698107e-04 -2.187888e-02 6.024723e+01 -3.546865e-04 9.999997e-01 6.949791e-04 -2.684548e+00 2.187923e-02 -6.870553e-04 9.997603e-01 3.338643e+01
9.999168e-01 -1.127806e-04 1.290362e-02 6.044812e+01 1.172069e-04 9.999999e-01 -3.425509e-04 -2.697784e+00 -1.290368e-02 3.440377e-04 9.999167e-01 3.379767e+01
9.996513e-01 4.772654e-04 -2.640099e-02 6.063710e+01 -4.545205e-04 9.999995e-01 8.673798e-04 -2.710254e+00 2.640149e-02 -8.550803e-04 9.996510e-01 3.417803e+01
9.999442e-01 -4.349440e-05 1.057357e-02 6.078211e+01 4.625561e-05 1.000000e+00 -2.612170e-04 -2.721188e+00 -1.057366e-02 2.616943e-04 9.999441e-01 3.452943e+01
9.998329e-01 2.395748e-04 -1.827815e-02 6.084553e+01 -2.291151e-04 9.999998e-01 5.741608e-04 -2.732597e+00 1.827838e-02 -5.698798e-04 9.998327e-01 3.503228e+01
9.999993e-01 1.792738e-04 1.219361e-03 6.097311e+01 -1.794053e-04 1.000000e+00 1.049732e-04 -2.743828e+00 -1.219441e-03 -1.051891e-04 9.999993e-01 3.542805e+01
9.996940e-01 4.987458e-04 -2.473043e-02 6.119634e+01 -4.782887e-04 9.999995e-01 8.329804e-04 -2.755481e+00 2.473093e-02 -8.209000e-04 9.996938e-01 3.566133e+01
9.999590e-01 -4.724916e-06 9.062520e-03 6.148330e+01 6.657772e-06 1.000000e+00 -2.135880e-04 -2.769624e+00 -9.062618e-03 2.136423e-04 9.999590e-01 3.596521e+01
9.998132e-01 3.555041e-04 -1.932136e-02 6.176978e+01 -3.436519e-04 9.999998e-01 6.165769e-04 -2.783937e+00 1.932167e-02 -6.098246e-04 9.998131e-01 3.629218e+01
9.998670e-01 -2.214460e-04 1.631205e-02 6.212680e+01 2.297202e-04 9.999998e-01 -5.055550e-04 -2.800624e+00 -1.631204e-02 5.092377e-04 9.998669e-01 3.662419e+01
9.998126e-01 2.948265e-04 -1.935250e-02 6.257467e+01 -2.849732e-04 9.999998e-01 5.117470e-04 -2.816752e+00 1.935275e-02 -5.061389e-04 9.998125e-01 3.659589e+01
9.998518e-01 -1.846004e-04 1.721791e-02 6.292200e+01 1.921932e-04 9.999999e-01 -4.394988e-04 -2.832826e+00 -1.721792e-02 4.427456e-04 9.998517e-01 3.690102e+01
9.998766e-01 3.167003e-04 -1.570404e-02 6.339896e+01 -3.111869e-04 9.999999e-01 3.533355e-04 -2.852809e+00 1.570425e-02 -3.484076e-04 9.998766e-01 3.720609e+01
9.998630e-01 -1.694242e-04 1.655728e-02 6.413917e+01 1.771297e-04 9.999999e-01 -4.640955e-04 -2.879738e+00 -1.655730e-02 4.669674e-04 9.998629e-01 3.737115e+01
9.999285e-01 3.205852e-04 -1.194741e-02 6.499109e+01 -3.180453e-04 9.999999e-01 2.142387e-04 -2.909750e+00 1.194757e-02 -2.104262e-04 9.999286e-01 3.750098e+01
9.998348e-01 -1.875368e-04 1.817884e-02 6.572015e+01 1.960042e-04 9.999999e-01 -4.641690e-04 -2.935927e+00 -1.817885e-02 4.676581e-04 9.998347e-01 3.766935e+01
9.998984e-01 3.281166e-04 -1.424347e-02 6.638979e+01 -3.240724e-04 9.999999e-01 2.860251e-04 -2.960479e+00 1.424366e-02 -2.813828e-04 9.998985e-01 3.784691e+01
9.998542e-01 -1.767063e-04 1.707912e-02 6.694093e+01 1.834382e-04 9.999999e-01 -3.927712e-04 -2.982096e+00 -1.707915e-02 3.958496e-04 9.998541e-01 3.810216e+01
9.998775e-01 3.256697e-04 -1.564536e-02 6.744596e+01 -3.204615e-04 9.999999e-01 3.352017e-04 -3.002816e+00 1.564556e-02 -3.301496e-04 9.998775e-01 3.838939e+01
9.998437e-01 -1.636464e-04 1.768060e-02 6.800390e+01 1.713138e-04 9.999999e-01 -4.323159e-04 -3.025080e+00 -1.768063e-02 4.352800e-04 9.998436e-01 3.867933e+01
9.999011e-01 3.160095e-04 -1.405580e-02 6.856350e+01 -3.120537e-04 9.999999e-01 2.834088e-04 -3.047258e+00 1.405599e-02 -2.789972e-04 9.999011e-01 3.897293e+01
9.998825e-01 -1.153725e-04 1.533228e-02 6.930644e+01 1.217314e-04 9.999999e-01 -4.140058e-04 -3.075303e+00 -1.533233e-02 4.158263e-04 9.998824e-01 3.925600e+01
9.998847e-01 2.508407e-04 -1.517687e-02 6.997614e+01 -2.453187e-04 9.999999e-01 3.655065e-04 -3.099980e+00 1.517706e-02 -3.617439e-04 9.998847e-01 3.943016e+01
9.998599e-01 -2.254620e-04 1.674215e-02 7.030534e+01 2.325884e-04 9.999999e-01 -4.238843e-04 -3.112417e+00 -1.674215e-02 4.277216e-04 9.998598e-01 3.940117e+01
9.999298e-01 3.282781e-04 -1.184262e-02 7.083586e+01 -3.257137e-04 9.999999e-01 2.182146e-04 -3.132782e+00 1.184279e-02 -2.143446e-04 9.999298e-01 3.958776e+01
9.998602e-01 -2.732149e-04 1.671978e-02 7.120329e+01 2.796106e-04 9.999999e-01 -3.803706e-04 -3.147826e+00 -1.671977e-02 3.849951e-04 9.998602e-01 3.979236e+01
9.998944e-01 3.314224e-04 -1.452546e-02 7.152334e+01 -3.276739e-04 9.999999e-01 2.602277e-04 -3.162195e+00 1.452564e-02 -2.554432e-04 9.998944e-01 4.003483e+01
9.997989e-01 -1.841616e-04 2.005686e-02 7.206596e+01 1.937782e-04 9.999999e-01 -4.776737e-04 -3.184418e+00 -2.005687e-02 4.814668e-04 9.997988e-01 4.038569e+01
9.998762e-01 3.026556e-04 -1.573072e-02 7.248417e+01 -2.975736e-04 9.999999e-01 3.252061e-04 -3.202698e+00 1.573092e-02 -3.204874e-04 9.998762e-01 4.071640e+01
9.998710e-01 -1.955616e-04 1.606127e-02 7.293339e+01 2.012667e-04 9.999999e-01 -3.537811e-04 -3.221083e+00 -1.606130e-02 3.569707e-04 9.998710e-01 4.094300e+01
9.998653e-01 2.599187e-04 -1.640824e-02 7.322343e+01 -2.542913e-04 9.999999e-01 3.448563e-04 -3.234410e+00 1.640842e-02 -3.406400e-04 9.998653e-01 4.118052e+01
9.998727e-01 -2.162584e-04 1.595930e-02 7.352363e+01 2.219792e-04 9.999999e-01 -3.568834e-04 -3.247623e+00 -1.595932e-02 3.603832e-04 9.998726e-01 4.137161e+01
9.998763e-01 2.824461e-04 -1.572153e-02 7.395369e+01 -2.775048e-04 9.999999e-01 3.162827e-04 -3.264730e+00 1.572172e-02 -3.118834e-04 9.998763e-01 4.154026e+01
9.998683e-01 -2.021369e-04 1.623368e-02 7.416541e+01 2.073680e-04 9.999999e-01 -3.207377e-04 -3.277894e+00 -1.623371e-02 3.240645e-04 9.998682e-01 4.192257e+01
9.998763e-01 3.195097e-04 -1.571906e-02 7.450144e+01 -3.146679e-04 9.999999e-01 3.102957e-04 -3.294389e+00 1.571926e-02 -3.053137e-04 9.998764e-01 4.229239e+01
9.998700e-01 -2.243848e-04 1.612508e-02 7.493483e+01 2.299107e-04 9.999999e-01 -3.410237e-04 -3.311891e+00 -1.612510e-02 3.446893e-04 9.998700e-01 4.249898e+01
9.998771e-01 2.662417e-04 -1.567041e-02 7.533786e+01 -2.618125e-04 9.999999e-01 2.844981e-04 -3.327892e+00 1.567058e-02 -2.803630e-04 9.998771e-01 4.262278e+01
9.998729e-01 -1.699341e-04 1.594481e-02 7.570448e+01 1.748615e-04 9.999999e-01 -3.078237e-04 -3.344153e+00 -1.594485e-02 3.105754e-04 9.998729e-01 4.289494e+01
9.998603e-01 2.761531e-04 -1.671156e-02 7.610716e+01 -2.710121e-04 9.999999e-01 3.097053e-04 -3.361749e+00 1.671175e-02 -3.051355e-04 9.998603e-01 4.318286e+01
9.999001e-01 -1.279448e-04 1.413681e-02 7.660679e+01 1.315524e-04 1.000000e+00 -2.544746e-04 -3.382675e+00 -1.413687e-02 2.563115e-04 9.999001e-01 4.351082e+01
9.998569e-01 3.014156e-04 -1.691061e-02 7.712169e+01 -2.958060e-04 9.999999e-01 3.340413e-04 -3.404568e+00 1.691081e-02 -3.289938e-04 9.998569e-01 4.388267e+01
9.998728e-01 -1.559917e-04 1.595499e-02 7.765249e+01 1.613588e-04 9.999999e-01 -3.352878e-04 -3.426013e+00 -1.595503e-02 3.378222e-04 9.998727e-01 4.416222e+01
9.998167e-01 1.779104e-04 -1.913965e-02 7.810750e+01 -1.726986e-04 9.999999e-01 2.737955e-04 -3.441044e+00 1.913979e-02 -2.704425e-04 9.998167e-01 4.397049e+01
9.998972e-01 -4.612864e-05 1.434330e-02 7.862863e+01 4.897235e-05 1.000000e+00 -1.981149e-04 -3.455607e+00 -1.434339e-02 1.987995e-04 9.998972e-01 4.348728e+01
9.998012e-01 1.363510e-04 -1.993768e-02 7.910587e+01 -1.312448e-04 1.000000e+00 2.572647e-04 -3.471570e+00 1.993782e-02 -2.545994e-04 9.998011e-01 4.334724e+01
9.998933e-01 -6.757740e-06 1.461368e-02 7.966249e+01 9.137914e-06 1.000000e+00 -1.630063e-04 -3.491469e+00 -1.461378e-02 1.631250e-04 9.998932e-01 4.339416e+01
9.997906e-01 1.558615e-04 -2.046189e-02 8.019230e+01 -1.507396e-04 1.000000e+00 2.517104e-04 -3.509934e+00 2.046202e-02 -2.485758e-04 9.997906e-01 4.336009e+01
9.998663e-01 -4.149464e-05 1.635454e-02 8.084364e+01 4.565844e-05 1.000000e+00 -2.543986e-04 -3.532108e+00 -1.635463e-02 2.551140e-04 9.998663e-01 4.329591e+01
9.997903e-01 2.194198e-04 -2.047398e-02 8.157584e+01 -2.136446e-04 9.999999e-01 2.841194e-04 -3.557681e+00 2.047414e-02 -2.796882e-04 9.997903e-01 4.335275e+01
9.998404e-01 -5.982179e-05 1.786990e-02 8.236428e+01 6.540624e-05 9.999999e-01 -3.120815e-04 -3.585126e+00 -1.786998e-02 3.132030e-04 9.998403e-01 4.340100e+01
9.997757e-01 1.232822e-04 -2.117439e-02 8.300769e+01 -1.180287e-04 1.000000e+00 2.492194e-04 -3.606324e+00 2.117452e-02 -2.466669e-04 9.997757e-01 4.323947e+01
9.998931e-01 5.305629e-06 1.462640e-02 8.360514e+01 -2.243121e-06 1.000000e+00 -2.095928e-04 -3.624359e+00 -1.462650e-02 2.095402e-04 9.998931e-01 4.287736e+01
9.997901e-01 1.461410e-04 -2.048650e-02 8.436210e+01 -1.410900e-04 1.000000e+00 2.478569e-04 -3.648881e+00 2.048664e-02 -2.449170e-04 9.997901e-01 4.270754e+01
9.999328e-01 1.063939e-04 1.159924e-02 8.504068e+01 -1.062618e-04 1.000000e+00 -1.224593e-05 -3.672362e+00 -1.159934e-02 1.101514e-05 9.999328e-01 4.274486e+01
9.998720e-01 5.326175e-05 -1.599578e-02 8.576566e+01 -5.270980e-05 1.000000e+00 3.475114e-05 -3.696755e+00 1.599588e-02 -3.390610e-05 9.998720e-01 4.265884e+01
9.999121e-01 7.513311e-07 1.326483e-02 8.639174e+01 4.108350e-07 1.000000e+00 -8.781909e-05 -3.715086e+00 -1.326493e-02 8.781941e-05 9.999121e-01 4.219607e+01
9.998622e-01 7.830761e-05 -1.659935e-02 8.698432e+01 -7.746403e-05 1.000000e+00 5.129350e-05 -3.732788e+00 1.659945e-02 -5.000313e-05 9.998622e-01 4.179675e+01
9.999204e-01 -2.662041e-05 1.262213e-02 8.753692e+01 2.739920e-05 1.000000e+00 -6.174632e-05 -3.749179e+00 -1.262223e-02 6.208984e-05 9.999204e-01 4.140035e+01
9.998656e-01 3.843151e-05 -1.639418e-02 8.803885e+01 -3.751400e-05 1.000000e+00 5.610215e-05 -3.765517e+00 1.639429e-02 -5.548216e-05 9.998656e-01 4.121083e+01
9.999071e-01 -4.670741e-05 1.363609e-02 8.853946e+01 4.785936e-05 1.000000e+00 -8.435418e-05 -3.782063e+00 -1.363618e-02 8.500157e-05 9.999071e-01 4.102979e+01
9.998427e-01 8.600964e-05 -1.773522e-02 8.913934e+01 -8.499626e-05 1.000000e+00 5.773551e-05 -3.800933e+00 1.773532e-02 -5.622157e-05 9.998427e-01 4.075960e+01
9.998901e-01 -6.138176e-05 1.482762e-02 8.972825e+01 6.291901e-05 1.000000e+00 -1.033933e-04 -3.818901e+00 -1.482771e-02 1.043175e-04 9.998901e-01 4.039481e+01
9.998624e-01 8.819631e-05 -1.658525e-02 9.034920e+01 -8.817015e-05 1.000000e+00 2.140126e-06 -3.838228e+00 1.658535e-02 -6.800871e-07 9.998624e-01 4.004613e+01
9.998828e-01 -6.434471e-05 1.531277e-02 9.077101e+01 6.446417e-05 1.000000e+00 -7.486920e-06 -3.850242e+00 -1.531287e-02 8.475800e-06 9.998828e-01 3.960432e+01
9.998443e-01 9.401254e-05 -1.764522e-02 9.124331e+01 -9.467645e-05 1.000000e+00 -3.694764e-05 -3.864995e+00 1.764532e-02 3.860989e-05 9.998443e-01 3.930695e+01
