9.999771e-01 1.116990e-04 6.765496e-03 5.838547e-01 -1.102819e-04 1.000000e+00 -2.098341e-04 -2.235689e-02 -6.765520e-03 2.090828e-04 9.999772e-01 2.177086e-01
9.999941e-01 3.578141e-05 -3.427873e-03 1.088408e+00 -3.551296e-05 1.000000e+00 7.837205e-05 -4.447322e-02 3.427877e-03 -7.824941e-05 9.999940e-01 6.173823e-01
9.999392e-01 1.319538e-05 1.102628e-02 1.549374e+00 -9.648550e-06 9.999999e-01 -3.217256e-04 -6.464170e-02 -1.102628e-02 3.215992e-04 9.999393e-01 9.786855e-01
9.999776e-01 7.866448e-05 -6.690236e-03 2.129045e+00 -7.786306e-05 1.000000e+00 1.200477e-04 -8.702128e-02 6.690248e-03 -1.195237e-04 9.999775e-01 1.233283e+00
9.998618e-01 -8.187139e-05 1.662667e-02 2.610023e+00 8.925392e-05 9.999999e-01 -4.432764e-04 -1.071919e-01 -1.662663e-02 4.446988e-04 9.998618e-01 1.532773e+00
9.999427e-01 6.196914e-05 -1.070892e-02 2.899687e+00 -5.908550e-05 1.000000e+00 2.695896e-04 -1.197722e-01 1.070894e-02 -2.689410e-04 9.999425e-01 1.683509e+00
9.999239e-01 -4.561706e-05 1.234053e-02 3.219916e+00 4.975778e-05 9.999999e-01 -3.352320e-04 -1.322949e-01 -1.234052e-02 3.358202e-04 9.999239e-01 1.702779e+00
9.999442e-01 9.478846e-05 -1.055977e-02 3.691082e+00 -9.224370e-05 1.000000e+00 2.414729e-04 -1.500816e-01 1.055979e-02 -2.404850e-04 9.999441e-01 1.770754e+00
9.999666e-01 1.176195e-05 8.171893e-03 4.217061e+00 -9.978413e-06 1.000000e+00 -2.182946e-04 -1.704201e-01 -8.171899e-03 2.182055e-04 9.999667e-01 1.964198e+00
9.998238e-01 3.006174e-04 -1.876997e-02 4.587770e+00 -2.895600e-04 9.999998e-01 5.918122e-04 -1.862636e-01 1.877014e-02 -5.862725e-04 9.998236e-01 2.196573e+00
9.999060e-01 -1.490283e-04 1.371117e-02 4.963900e+00 1.555694e-04 9.999999e-01 -4.759974e-04 -2.013580e-01 -1.371110e-02 4.780853e-04 9.999060e-01 2.326235e+00
9.996886e-01 4.778510e-04 -2.494835e-02 5.114718e+00 -4.560110e-04 9.999995e-01 8.810864e-04 -2.109516e-01 2.494876e-02 -8.694349e-04 9.996883e-01 2.576334e+00
9.999799e-01 -1.972318e-05 6.336446e-03 5.159419e+00 2.105780e-05 1.000000e+00 -2.105629e-04 -2.150631e-01 -6.336441e-03 2.106916e-04 9.999800e-01 2.614987e+00
9.998572e-01 2.382171e-04 -1.689567e-02 5.193125e+00 -2.285750e-04 9.999998e-01 5.726125e-04 -2.229721e-01 1.689580e-02 -5.686683e-04 9.998570e-01 2.942809e+00
9.998793e-01 -1.716683e-04 1.553851e-02 5.217265e+00 1.791513e-04 9.999999e-01 -4.801877e-04 -2.346184e-01 -1.553843e-02 4.829129e-04 9.998793e-01 3.496558e+00
9.999000e-01 1.846979e-04 -1.414216e-02 5.406174e+00 -1.784175e-04 9.999999e-01 4.453490e-04 -2.468055e-01 1.414224e-02 -4.427807e-04 9.998998e-01 3.850636e+00
9.996548e-01 -2.680801e-04 2.627032e-02 5.670758e+00 2.909765e-04 9.999996e-01 -8.677502e-04 -2.585898e-01 -2.627008e-02 8.750943e-04 9.996546e-01 3.979856e+00
9.996773e-01 4.622469e-04 -2.539820e-02 5.961502e+00 -4.399011e-04 9.999995e-01 8.853976e-04 -2.705212e-01 2.539860e-02 -8.739387e-04 9.996769e-01 4.024822e+00
9.996403e-01 -4.032601e-04 2.681496e-02 6.219709e+00 4.283634e-04 9.999995e-01 -9.304333e-04 -2.823558e-01 -2.681457e-02 9.415848e-04 9.996401e-01 4.197888e+00
9.998484e-01 3.859267e-04 -1.740610e-02 6.501088e+00 -3.745422e-04 9.999997e-01 6.573075e-04 -2.972186e-01 1.740634e-02 -6.506881e-04 9.998482e-01 4.533121e+00
9.995271e-01 -4.466817e-04 3.074696e-02 6.924622e+00 4.788036e-04 9.999993e-01 -1.037366e-03 -3.151905e-01 -3.074648e-02 1.051597e-03 9.995268e-01 4.797366e+00
9.999669e-01 2.976652e-04 -8.130221e-03 7.296425e+00 -2.946779e-04 9.999999e-01 3.686215e-04 -3.308854e-01 8.130334e-03 -3.662131e-04 9.999668e-01 4.961192e+00
9.999321e-01 -2.631535e-04 1.164598e-02 7.727454e+00 2.691359e-04 9.999998e-01 -5.121312e-04 -3.475829e-01 -1.164585e-02 5.152304e-04 9.999322e-01 5.121803e+00
9.999348e-01 2.831391e-04 -1.141180e-02 7.936181e+00 -2.782719e-04 9.999999e-01 4.280838e-04 -3.558432e-01 1.141193e-02 -4.248800e-04 9.999347e-01 5.118698e+00
9.999626e-01 2.832307e-04 -8.639811e-03 8.073085e+00 -2.797630e-04 9.999999e-01 4.025733e-04 -3.625210e-01 8.639921e-03 -4.001416e-04 9.999627e-01 5.116716e+00
9.999298e-01 -2.698682e-04 1.184285e-02 8.421407e+00 2.763501e-04 9.999998e-01 -5.456913e-04 -3.760562e-01 -1.184269e-02 5.489262e-04 9.999296e-01 5.193530e+00
9.998153e-01 4.361521e-04 -1.921164e-02 8.636860e+00 -4.220234e-04 9.999996e-01 7.394699e-04 -3.857145e-01 1.921195e-02 -7.312260e-04 9.998153e-01 5.271166e+00
9.999209e-01 -2.671381e-04 1.257350e-02 8.796477e+00 2.735310e-04 9.999998e-01 -5.067253e-04 -3.949628e-01 -1.257337e-02 5.101249e-04 9.999207e-01 5.472287e+00
9.998849e-01 3.980118e-04 -1.516987e-02 8.943735e+00 -3.884137e-04 9.999997e-01 6.356499e-04 -4.090203e-01 1.517011e-02 -6.296849e-04 9.998848e-01 5.992886e+00
9.998418e-01 -2.921811e-04 1.778506e-02 9.294552e+00 3.048087e-04 9.999997e-01 -7.073066e-04 -4.266992e-01 -1.778485e-02 7.126162e-04 9.998415e-01 6.403371e+00
9.999355e-01 3.269992e-04 -1.134962e-02 9.605564e+00 -3.210871e-04 9.999998e-01 5.227261e-04 -4.426826e-01 1.134979e-02 -5.190486e-04 9.999356e-01 6.776228e+00
9.999361e-01 -2.599173e-04 1.129792e-02 9.853678e+00 2.659360e-04 9.999998e-01 -5.312281e-04 -4.567257e-01 -1.129778e-02 5.341992e-04 9.999359e-01 7.137186e+00
9.999021e-01 3.485199e-04 -1.398566e-02 1.023524e+01 -3.401224e-04 9.999998e-01 6.028122e-04 -4.727304e-01 1.398586e-02 -5.979968e-04 9.999021e-01 7.339255e+00
9.999357e-01 -2.667777e-04 1.133725e-02 1.057047e+01 2.726737e-04 9.999998e-01 -5.185068e-04 -4.877021e-01 -1.133711e-02 5.215652e-04 9.999355e-01 7.582370e+00
9.999016e-01 3.307850e-04 -1.402776e-02 1.084293e+01 -3.223172e-04 9.999998e-01 6.059022e-04 -5.015560e-01 1.402796e-02 -6.013216e-04 9.999015e-01 7.892867e+00
9.999489e-01 -2.209091e-04 1.010747e-02 1.114009e+01 2.254982e-04 9.999999e-01 -4.528961e-04 -5.160278e-01 -1.010736e-02 4.551526e-04 9.999487e-01 8.190331e+00
9.999224e-01 3.256633e-04 -1.245100e-02 1.149822e+01 -3.190945e-04 9.999998e-01 5.295585e-04 -5.321526e-01 1.245117e-02 -5.255449e-04 9.999224e-01 8.464146e+00
9.999351e-01 -2.290058e-04 1.139116e-02 1.208460e+01 2.352934e-04 9.999998e-01 -5.506294e-04 -5.540465e-01 -1.139103e-02 5.532744e-04 9.999349e-01 8.592575e+00
9.999198e-01 2.988694e-04 -1.265971e-02 1.265292e+01 -2.924537e-04 9.999998e-01 5.086283e-04 -5.745240e-01 1.265985e-02 -5.048856e-04 9.999198e-01 8.607106e+00
9.999623e-01 -1.790944e-04 8.685112e-03 1.305675e+01 1.825686e-04 9.999999e-01 -3.992227e-04 -5.912207e-01 -8.685040e-03 4.007937e-04 9.999621e-01 8.818441e+00
9.998109e-01 5.543497e-04 -1.943877e-02 1.346364e+01 -5.387243e-04 9.999995e-01 8.090559e-04 -6.084634e-01 1.943921e-02 -7.984313e-04 9.998108e-01 9.062373e+00
9.999522e-01 -2.191667e-04 9.777531e-03 1.401709e+01 2.240587e-04 9.999999e-01 -4.992387e-04 -6.292205e-01 -9.777422e-03 5.014061e-04 9.999520e-01 9.199670e+00
9.999415e-01 3.636707e-04 -1.080845e-02 1.477107e+01 -3.588274e-04 9.999998e-01 4.500423e-04 -6.557931e-01 1.080861e-02 -4.461382e-04 9.999416e-01 9.226182e+00
9.999665e-01 -2.307319e-04 8.176742e-03 1.537986e+01 2.340764e-04 9.999999e-01 -4.080648e-04 -6.786706e-01 -8.176649e-03 4.099656e-04 9.999664e-01 9.401881e+00
9.999155e-01 4.120996e-04 -1.299697e-02 1.577090e+01 -4.045022e-04 9.999997e-01 5.871740e-04 -6.953906e-01 1.299721e-02 -5.818676e-04 9.999155e-01 9.637771e+00
9.999264e-01 -3.088868e-04 1.213125e-02 1.637640e+01 3.163339e-04 9.999998e-01 -6.119601e-04 -7.178828e-01 -1.213106e-02 6.157531e-04 9.999261e-01 9.745453e+00
9.999924e-01 3.855559e-04 -3.870121e-03 1.696407e+01 -3.841118e-04 9.999999e-01 3.738932e-04 -7.397637e-01 3.870266e-03 -3.724043e-04 9.999925e-01 9.911728e+00
9.999882e-01 -1.733049e-04 -4.854194e-03 1.715308e+01 1.730524e-04 1.000000e+00 -5.242987e-05 -7.519034e-01 4.854200e-03 5.158979e-05 9.999881e-01 1.025965e+01
9.999962e-01 2.439099e-04 2.758929e-03 1.735503e+01 -2.443009e-04 1.000000e+00 1.413798e-04 -7.642657e-01 -2.758891e-03 -1.420538e-04 9.999963e-01 1.059476e+01
9.999999e-01 -2.112064e-04 2.663946e-04 1.751997e+01 2.112695e-04 9.999999e-01 -2.366395e-04 -7.781062e-01 -2.663473e-04 2.366964e-04 9.999998e-01 1.108194e+01
9.999123e-01 5.782741e-04 -1.322747e-02 1.774021e+01 -5.684511e-04 9.999996e-01 7.463705e-04 -7.917488e-01 1.322790e-02 -7.387865e-04 9.999123e-01 1.146862e+01
9.999840e-01 9.788207e-06 -5.648183e-03 1.807698e+01 -9.704454e-06 1.000000e+00 1.484923e-05 -8.077610e-01 5.648177e-03 -1.479349e-05 9.999839e-01 1.178279e+01
9.998265e-01 6.383649e-04 -1.861778e-02 1.836117e+01 -6.204096e-04 9.999993e-01 9.701778e-04 -8.218430e-01 1.861840e-02 -9.584596e-04 9.998263e-01 1.205656e+01
9.999607e-01 -2.639970e-04 8.865069e-03 1.898601e+01 2.697618e-04 9.999998e-01 -6.490910e-04 -8.451534e-01 -8.864905e-03 6.514577e-04 9.999604e-01 1.225464e+01
9.998010e-01 6.418119e-04 -1.994075e-02 1.953536e+01 -6.211268e-04 9.999993e-01 1.043505e-03 -8.662652e-01 1.994142e-02 -1.030913e-03 9.998007e-01 1.246250e+01
9.997526e-01 5.099345e-04 -2.223807e-02 1.971847e+01 -4.941157e-04 9.999996e-01 7.168248e-04 -8.767504e-01 2.223841e-02 -7.056582e-04 9.997523e-01 1.263890e+01
9.997452e-01 7.002154e-04 -2.256182e-02 1.989480e+01 -6.738052e-04 9.999991e-01 1.178158e-03 -8.872426e-01 2.256264e-02 -1.162657e-03 9.997449e-01 1.282903e+01
9.997832e-01 5.144927e-04 -2.081580e-02 2.008054e+01 -5.003547e-04 9.999996e-01 6.843906e-04 -8.980905e-01 2.081612e-02 -6.738256e-04 9.997830e-01 1.303076e+01
9.997241e-01 7.115245e-04 -2.347846e-02 2.025632e+01 -6.825603e-04 9.999990e-01 1.241648e-03 -9.090756e-01 2.347935e-02 -1.225282e-03 9.997237e-01 1.327177e+01
9.998740e-01 4.377837e-04 -1.586893e-02 2.051207e+01 -4.300476e-04 9.999998e-01 4.908899e-04 -9.224199e-01 1.586911e-02 -4.840020e-04 9.998739e-01 1.352152e+01
9.998290e-01 5.633769e-04 -1.848307e-02 2.079615e+01 -5.449460e-04 9.999993e-01 1.002211e-03 -9.367551e-01 1.848365e-02 -9.919692e-04 9.998288e-01 1.379832e+01
9.999149e-01 3.816805e-04 -1.303855e-02 2.098408e+01 -3.762810e-04 9.999998e-01 4.165434e-04 -9.490850e-01 1.303867e-02 -4.115999e-04 9.999148e-01 1.414315e+01
9.999959e-01 8.726082e-06 2.849218e-03 2.126279e+01 -8.848107e-06 1.000000e+00 4.267183e-05 -9.652847e-01 -2.849179e-03 -4.269881e-05 9.999960e-01 1.459636e+01
9.997406e-01 5.941990e-04 -2.276747e-02 2.148155e+01 -5.760133e-04 9.999995e-01 8.052921e-04 -9.792010e-01 2.276790e-02 -7.919669e-04 9.997404e-01 1.501305e+01
9.999862e-01 -2.444905e-05 5.258745e-03 2.172160e+01 2.450680e-05 1.000000e+00 -1.100859e-05 -9.945363e-01 -5.258703e-03 1.113525e-05 9.999863e-01 1.547949e+01
9.998509e-01 3.717044e-04 -1.726516e-02 2.186187e+01 -3.624890e-04 9.999998e-01 5.368554e-04 -1.007996e+00 1.726531e-02 -5.305148e-04 9.998507e-01 1.599167e+01
9.996646e-01 8.067672e-04 -2.588677e-02 2.200430e+01 -7.724440e-04 9.999988e-01 1.335892e-03 -1.018777e+00 2.588786e-02 -1.315450e-03 9.996641e-01 1.628861e+01
9.997311e-01 5.225562e-04 -2.318356e-02 2.208064e+01 -5.046183e-04 9.999996e-01 7.795516e-04 -1.026915e+00 2.318390e-02 -7.676408e-04 9.997308e-01 1.651038e+01
9.998112e-01 6.795405e-04 -1.941915e-02 2.225465e+01 -6.585839e-04 9.999992e-01 1.085584e-03 -1.037823e+00 1.941993e-02 -1.072592e-03 9.998109e-01 1.674097e+01
9.998231e-01 4.103005e-04 -1.880293e-02 2.248924e+01 -4.002966e-04 9.999998e-01 5.357563e-04 -1.049668e+00 1.880308e-02 -5.281322e-04 9.998230e-01 1.690589e+01
9.999976e-01 2.543399e-04 -2.201203e-03 2.269279e+01 -2.534349e-04 9.999999e-01 4.118124e-04 -1.060903e+00 2.201367e-03 -4.112562e-04 9.999976e-01 1.711352e+01
9.993355e-01 7.921970e-04 -3.644187e-02 2.279439e+01 -7.492734e-04 9.999990e-01 1.191483e-03 -1.068567e+00 3.644271e-02 -1.163383e-03 9.993350e-01 1.726380e+01
9.999983e-01 2.769204e-04 -1.840238e-03 2.289288e+01 -2.760709e-04 9.999999e-01 4.624522e-04 -1.076003e+00 1.840432e-03 -4.619462e-04 9.999983e-01 1.739911e+01
9.996129e-01 -4.950225e-04 2.781823e-02 2.335067e+01 5.305516e-04 9.999991e-01 -1.269782e-03 -1.094012e+00 -2.781764e-02 1.284052e-03 9.996121e-01 1.746234e+01
9.998806e-01 7.623323e-05 1.545212e-02 2.373737e+01 -7.479201e-05 1.000000e+00 -9.390927e-05 -1.110123e+00 -1.545207e-02 9.273965e-05 9.998807e-01 1.755431e+01
9.996236e-01 -4.637552e-04 2.743195e-02 2.402844e+01 4.980725e-04 9.999991e-01 -1.244147e-03 -1.122999e+00 -2.743140e-02 1.257344e-03 9.996228e-01 1.760047e+01
9.998445e-01 5.315068e-05 1.763552e-02 2.431191e+01 -5.063266e-05 1.000000e+00 -1.432712e-04 -1.135036e+00 -1.763547e-02 1.423535e-04 9.998446e-01 1.759331e+01
9.996228e-01 -5.063204e-04 2.746063e-02 2.450300e+01 5.400356e-04 9.999991e-01 -1.220336e-03 -1.144161e+00 -2.746004e-02 1.234708e-03 9.996220e-01 1.758373e+01
9.999515e-01 1.897003e-04 9.848322e-03 2.472222e+01 -1.904324e-04 1.000000e+00 7.333870e-05 -1.153386e+00 -9.848262e-03 -7.521291e-05 9.999516e-01 1.749760e+01
9.997071e-01 -5.014774e-04 2.419443e-02 2.504070e+01 5.290201e-04 9.999992e-01 -1.131976e-03 -1.166659e+00 -2.419389e-02 1.144446e-03 9.997065e-01 1.752468e+01
9.999466e-01 1.819596e-04 1.033069e-02 2.537619e+01 -1.825128e-04 1.000000e+00 5.256142e-05 -1.180430e+00 -1.033064e-02 -5.444626e-05 9.999467e-01 1.754133e+01
9.997598e-01 -4.671487e-04 2.191266e-02 2.570860e+01 4.903607e-04 9.999993e-01 -1.053914e-03 -1.194362e+00 -2.191219e-02 1.064408e-03 9.997592e-01 1.760908e+01
9.999712e-01 1.978646e-04 7.584189e-03 2.606239e+01 -1.989751e-04 1.000000e+00 1.456264e-04 -1.208384e+00 -7.584126e-03 -1.471333e-04 9.999713e-01 1.761950e+01
9.996752e-01 -4.964946e-04 2.547851e-02 2.649627e+01 5.268262e-04 9.999992e-01 -1.183763e-03 -1.224999e+00 -2.547793e-02 1.196804e-03 9.996746e-01 1.760558e+01
9.999806e-01 2.207792e-04 6.231498e-03 2.693139e+01 -2.219519e-04 1.000000e+00 1.874472e-04 -1.241666e+00 -6.231428e-03 -1.888284e-04 9.999807e-01 1.761821e+01
9.997000e-01 -4.929778e-04 2.448785e-02 2.730837e+01 5.212530e-04 9.999992e-01 -1.148284e-03 -1.256926e+00 -2.448729e-02 1.160706e-03 9.996994e-01 1.768212e+01
9.999849e-01 4.119933e-04 -5.471961e-03 2.764459e+01 -4.088938e-04 9.999998e-01 5.675808e-04 -1.270710e+00 5.472216e-03 -5.653365e-04 9.999850e-01 1.777555e+01
9.999317e-01 -4.534089e-04 1.168111e-02 2.787836e+01 4.623684e-04 9.999996e-01 -7.643032e-04 -1.282343e+00 -1.168078e-02 7.696536e-04 9.999314e-01 1.799882e+01
9.998409e-01 6.773044e-04 -1.782606e-02 2.793609e+01 -6.596883e-04 9.999993e-01 9.940910e-04 -1.288340e+00 1.782675e-02 -9.821748e-04 9.998407e-01 1.815112e+01
9.999991e-01 -1.670496e-04 -1.345413e-03 2.804063e+01 1.666892e-04 1.000000e+00 -2.681967e-04 -1.296484e+00 1.345433e-03 2.679739e-04 9.999990e-01 1.837577e+01
9.997934e-01 7.203346e-04 -2.031207e-02 2.817654e+01 -6.985709e-04 9.999992e-01 1.078554e-03 -1.304990e+00 2.031285e-02 -1.064143e-03 9.997932e-01 1.854715e+01
9.999695e-01 1.738559e-05 -7.811442e-03 2.826488e+01 -1.725547e-05 1.000000e+00 1.668767e-05 -1.311239e+00 7.811413e-03 -1.655045e-05 9.999694e-01 1.864264e+01
9.998410e-01 6.509388e-04 -1.782110e-02 2.836453e+01 -6.337991e-04 9.999993e-01 9.674078e-04 -1.317498e+00 1.782175e-02 -9.559610e-04 9.998408e-01 1.871170e+01
9.999811e-01 -1.478747e-05 -6.150815e-03 2.846444e+01 1.432166e-05 1.000000e+00 -7.583798e-05 -1.322999e+00 6.150782e-03 7.575052e-05 9.999810e-01 1.871380e+01
9.999265e-01 4.640875e-04 -1.211843e-02 2.858131e+01 -4.553131e-04 9.999996e-01 7.268301e-04 -1.327839e+00 1.211880e-02 -7.212611e-04 9.999264e-01 1.861900e+01
9.999977e-01 -1.933200e-04 2.129478e-03 2.848225e+01 1.942383e-04 9.999999e-01 -4.308246e-04 -1.324153e+00 -2.129431e-03 4.312394e-04 9.999975e-01 1.839084e+01
9.999927e-01 2.498380e-04 -3.809288e-03 2.852767e+01 -2.480703e-04 9.999999e-01 4.646162e-04 -1.324959e+00 3.809440e-03 -4.636699e-04 9.999927e-01 1.813955e+01
9.999877e-01 -2.473794e-04 4.957532e-03 2.864011e+01 2.498243e-04 9.999998e-01 -4.924665e-04 -1.328708e+00 -4.957446e-03 4.937011e-04 9.999875e-01 1.796939e+01
9.999959e-01 2.363499e-04 -2.859353e-03 2.867934e+01 -2.350204e-04 9.999999e-01 4.654195e-04 -1.329288e+00 2.859499e-03 -4.647477e-04 9.999959e-01 1.770827e+01
9.999890e-01 -2.621924e-04 4.687463e-03 2.875841e+01 2.644615e-04 9.999998e-01 -4.833651e-04 -1.333144e+00 -4.687372e-03 4.846016e-04 9.999888e-01 1.765498e+01
9.999974e-01 2.652177e-04 -2.277977e-03 2.899012e+01 -2.642584e-04 9.999999e-01 4.215560e-04 -1.343539e+00 2.278125e-03 -4.209550e-04 9.999974e-01 1.776172e+01
9.999949e-01 -2.522316e-04 3.196111e-03 2.924472e+01 2.536689e-04 9.999999e-01 -4.491688e-04 -1.354293e+00 -3.196034e-03 4.499794e-04 9.999947e-01 1.782707e+01
9.999964e-01 2.703890e-04 -2.682026e-03 2.948247e+01 -2.692339e-04 9.999999e-01 4.311718e-04 -1.362266e+00 2.682179e-03 -4.304503e-04 9.999964e-01 1.766100e+01
9.999934e-01 -2.550130e-04 3.636752e-03 2.985497e+01 2.567776e-04 9.999998e-01 -4.846465e-04 -1.375811e+00 -3.636664e-03 4.855793e-04 9.999932e-01 1.762234e+01
9.999978e-01 2.925612e-04 -2.065533e-03 3.027847e+01 -2.917315e-04 9.999999e-01 4.021730e-04 -1.390990e+00 2.065687e-03 -4.015716e-04 9.999979e-01 1.759054e+01
9.999856e-01 -2.688025e-04 5.362354e-03 3.065982e+01 2.715750e-04 9.999998e-01 -5.162230e-04 -1.405732e+00 -5.362250e-03 5.176739e-04 9.999854e-01 1.767174e+01
9.999999e-01 2.800811e-04 2.138454e-04 3.101799e+01 -2.801533e-04 9.999999e-01 3.360113e-04 -1.420300e+00 -2.137162e-04 -3.360733e-04 1.000000e+00 1.782405e+01
9.999935e-01 -2.435767e-04 3.582676e-03 3.133289e+01 2.452151e-04 9.999999e-01 -4.567702e-04 -1.435762e+00 -3.582599e-03 4.576479e-04 9.999934e-01 1.814845e+01
9.999457e-01 1.419472e-04 1.042367e-02 3.160557e+01 -1.424871e-04 1.000000e+00 5.101548e-05 -1.450206e+00 -1.042363e-02 -5.249998e-05 9.999458e-01 1.846531e+01
9.999999e-01 -2.118756e-04 3.893839e-04 3.189193e+01 2.120202e-04 9.999999e-01 -3.703820e-04 -1.462981e+00 -3.893378e-04 3.704665e-04 9.999998e-01 1.862917e+01
9.999994e-01 2.296577e-04 1.070351e-03 3.220067e+01 -2.299742e-04 9.999999e-01 2.953097e-04 -1.474345e+00 -1.070251e-03 -2.955577e-04 9.999995e-01 1.859293e+01
9.999970e-01 -2.371702e-04 2.434327e-03 3.249096e+01 2.381610e-04 9.999999e-01 -4.065694e-04 -1.485612e+00 -2.434262e-03 4.071499e-04 9.999969e-01 1.861755e+01
9.999823e-01 1.938684e-04 5.952096e-03 3.279248e+01 -1.949796e-04 1.000000e+00 1.860647e-04 -1.497774e+00 -5.952028e-03 -1.872239e-04 9.999824e-01 1.866978e+01
9.999947e-01 -1.840486e-04 -3.254167e-03 3.298111e+01 1.831798e-04 9.999999e-01 -2.673546e-04 -1.509335e+00 3.254185e-03 2.667590e-04 9.999946e-01 1.898324e+01
9.999709e-01 1.667587e-04 7.629512e-03 3.306758e+01 -1.679620e-04 1.000000e+00 1.570261e-04 -1.519348e+00 -7.629455e-03 -1.583049e-04 9.999710e-01 1.936507e+01
9.999801e-01 -1.715668e-04 -6.305544e-03 3.311161e+01 1.703355e-04 1.000000e+00 -1.958468e-04 -1.528021e+00 6.305547e-03 1.947708e-04 9.999800e-01 1.973061e+01
9.999654e-01 1.605678e-04 8.316260e-03 3.321991e+01 -1.617555e-04 1.000000e+00 1.421155e-04 -1.537126e+00 -8.316206e-03 -1.434578e-04 9.999655e-01 2.001741e+01
9.999906e-01 -2.777720e-04 4.318061e-03 3.343628e+01 2.798660e-04 9.999998e-01 -4.842589e-04 -1.547658e+00 -4.317955e-03 4.854648e-04 9.999905e-01 2.015594e+01
9.999680e-01 2.059801e-04 7.994091e-03 3.379764e+01 -2.070145e-04 1.000000e+00 1.285353e-04 -1.562119e+00 -7.994037e-03 -1.301880e-04 9.999681e-01 2.024953e+01
9.999894e-01 -2.976741e-04 4.601557e-03 3.410094e+01 2.999632e-04 9.999998e-01 -4.967086e-04 -1.576260e+00 -4.601435e-03 4.980854e-04 9.999892e-01 2.047884e+01
9.998806e-01 1.249690e-04 1.545424e-02 3.445880e+01 -1.232299e-04 1.000000e+00 -1.135035e-04 -1.591468e+00 -1.545423e-02 1.115837e-04 9.998807e-01 2.063814e+01
9.999878e-01 -2.020186e-04 -4.926638e-03 3.471499e+01 2.009694e-04 1.000000e+00 -2.135060e-04 -1.602779e+00 4.926657e-03 2.125151e-04 9.999877e-01 2.076161e+01
9.999495e-01 1.615826e-04 1.004386e-02 3.482529e+01 -1.625478e-04 1.000000e+00 9.526164e-05 -1.610907e+00 -1.004382e-02 -9.689120e-05 9.999497e-01 2.095727e+01
9.999663e-01 -1.610603e-04 -8.204689e-03 3.499675e+01 1.598138e-04 1.000000e+00 -1.526041e-04 -1.622260e+00 8.204691e-03 1.512895e-04 9.999662e-01 2.127984e+01
9.999243e-01 2.223792e-04 1.229900e-02 3.528567e+01 -2.225568e-04 1.000000e+00 1.305075e-05 -1.637785e+00 -1.229898e-02 -1.578872e-05 9.999245e-01 2.166543e+01
9.999915e-01 -2.546476e-04 -4.105662e-03 3.560279e+01 2.535652e-04 9.999999e-01 -2.641994e-04 -1.653616e+00 4.105707e-03 2.631578e-04 9.999914e-01 2.200652e+01
9.998890e-01 2.288514e-04 1.489642e-02 3.600719e+01 -2.275321e-04 1.000000e+00 -9.027716e-05 -1.671336e+00 -1.489642e-02 8.687606e-05 9.998891e-01 2.229940e+01
9.999986e-01 -3.485356e-04 1.609796e-03 3.627543e+01 3.492041e-04 9.999999e-01 -4.148713e-04 -1.686559e+00 -1.609670e-03 4.154345e-04 9.999985e-01 2.267193e+01
9.999695e-01 3.478337e-04 7.802291e-03 3.666871e+01 -3.486154e-04 9.999999e-01 9.880678e-05 -1.703828e+00 -7.802238e-03 -1.015254e-04 9.999697e-01 2.295311e+01
9.999662e-01 -4.154988e-04 8.206417e-03 3.707099e+01 4.203533e-04 9.999997e-01 -5.898135e-04 -1.721712e+00 -8.206186e-03 5.932447e-04 9.999661e-01 2.324795e+01
9.999906e-01 3.969112e-04 4.316879e-03 3.755245e+01 -3.976598e-04 9.999999e-01 1.725215e-04 -1.741640e+00 -4.316795e-03 -1.742380e-04 9.999908e-01 2.352606e+01
9.999369e-01 -4.452277e-04 1.122864e-02 3.807183e+01 4.527900e-04 9.999997e-01 -6.709373e-04 -1.762925e+00 -1.122835e-02 6.759806e-04 9.999366e-01 2.380683e+01
9.999720e-01 3.636101e-04 7.469975e-03 3.844530e+01 -3.643633e-04 9.999999e-01 9.944915e-05 -1.780058e+00 -7.469926e-03 -1.021696e-04 9.999722e-01 2.410827e+01
9.998220e-01 -6.057123e-04 1.885765e-02 3.872413e+01 6.234165e-04 9.999994e-01 -9.329670e-04 -1.795852e+00 -1.885708e-02 9.445584e-04 9.998216e-01 2.447349e+01
9.999623e-01 4.136893e-04 8.675626e-03 3.899801e+01 -4.140947e-04 9.999999e-01 4.492342e-05 -1.812030e+00 -8.675600e-03 -4.851549e-05 9.999625e-01 2.486431e+01
9.998163e-01 -6.568800e-04 1.915709e-02 3.925606e+01 6.747510e-04 9.999993e-01 -9.264172e-04 -1.827448e+00 -1.915647e-02 9.391744e-04 9.998160e-01 2.522971e+01
9.999859e-01 4.544433e-04 5.288988e-03 3.955227e+01 -4.552394e-04 9.999999e-01 1.493053e-04 -1.843051e+00 -5.288918e-03 -1.517120e-04 9.999861e-01 2.554830e+01
9.997038e-01 -7.073828e-04 2.432728e-02 3.993047e+01 7.336996e-04 9.999992e-01 -1.072872e-03 -1.859645e+00 -2.432650e-02 1.090404e-03 9.997034e-01 2.575097e+01
9.999975e-01 5.373335e-04 2.171612e-03 4.031742e+01 -5.378482e-04 9.999998e-01 2.364452e-04 -1.876518e+00 -2.171489e-03 -2.376135e-04 9.999977e-01 2.596313e+01
9.999162e-01 -5.770021e-04 1.293444e-02 4.062438e+01 5.860195e-04 9.999996e-01 -6.933819e-04 -1.893852e+00 -1.293403e-02 7.009045e-04 9.999160e-01 2.640318e+01
9.999955e-01 4.837239e-04 2.956140e-03 4.101473e+01 -4.843306e-04 9.999999e-01 2.045461e-04 -1.912009e+00 -2.956048e-03 -2.059777e-04 9.999957e-01 2.674040e+01
9.998747e-01 -5.854908e-04 1.581964e-02 4.135414e+01 5.979974e-04 9.999995e-01 -7.858590e-04 -1.929868e+00 -1.581917e-02 7.952214e-04 9.998745e-01 2.714819e+01
9.999540e-01 3.773452e-04 9.579494e-03 4.170129e+01 -3.770439e-04 9.999999e-01 -3.325747e-05 -1.946821e+00 -9.579518e-03 2.964339e-05 9.999542e-01 2.747155e+01
9.998210e-01 -5.963072e-04 1.891132e-02 4.195912e+01 6.129441e-04 9.999994e-01 -8.739526e-04 -1.962373e+00 -1.891078e-02 8.853883e-04 9.998207e-01 2.784969e+01
9.999855e-01 4.278934e-04 5.371068e-03 4.223316e+01 -4.284021e-04 9.999999e-01 9.356817e-05 -1.978805e+00 -5.371044e-03 -9.586828e-05 9.999857e-01 2.826478e+01
9.998126e-01 -6.178366e-04 1.934714e-02 4.250616e+01 6.348490e-04 9.999994e-01 -8.731953e-04 -1.994411e+00 -1.934657e-02 8.853146e-04 9.998123e-01 2.862918e+01
9.999628e-01 6.855772e-04 -8.600759e-03 4.261282e+01 -6.805276e-04 9.999996e-01 5.900205e-04 -2.010197e+00 8.601140e-03 -5.841458e-04 9.999629e-01 2.928688e+01
9.997352e-01 -7.298912e-04 2.299807e-02 4.277425e+01 7.532561e-04 9.999992e-01 -1.007304e-03 -2.027112e+00 -2.299729e-02 1.024361e-03 9.997349e-01 2.993536e+01
9.999815e-01 7.239736e-04 -6.040615e-03 4.305041e+01 -7.210092e-04 9.999996e-01 4.929195e-04 -2.046361e+00 6.040946e-03 -4.885553e-04 9.999817e-01 3.053794e+01
9.998256e-01 -6.959377e-04 1.866050e-02 4.332384e+01 7.119518e-04 9.999994e-01 -8.515505e-04 -2.064257e+00 -1.865987e-02 8.646876e-04 9.998254e-01 3.107982e+01
9.999961e-01 6.274623e-04 -2.739287e-03 4.359816e+01 -6.264637e-04 9.999997e-01 3.653749e-04 -2.080764e+00 2.739489e-03 -3.636576e-04 9.999963e-01 3.153147e+01
9.997247e-01 -7.812880e-04 2.345030e-02 4.381611e+01 8.048661e-04 9.999992e-01 -9.960257e-04 -2.096388e+00 -2.344948e-02 1.014626e-03 9.997244e-01 3.199917e+01
9.999998e-01 6.096230e-04 2.627492e-04 4.405878e+01 -6.096862e-04 9.999998e-01 2.406140e-04 -2.112017e+00 -2.626330e-04 -2.407742e-04 1.000000e+00 3.242327e+01
9.998027e-01 -7.671352e-04 1.985087e-02 4.425897e+01 7.842056e-04 9.999993e-01 -8.521591e-04 -2.126216e+00 -1.985017e-02 8.675581e-04 9.998025e-01 3.283188e+01
9.999997e-01 6.571428e-04 4.916477e-04 4.456757e+01 -6.572520e-04 9.999998e-01 2.219467e-04 -2.141187e+00 -4.915361e-04 -2.222697e-04 1.000000e+00 3.309548e+01
9.999330e-01 -7.289208e-04 1.155636e-02 4.474550e+01 7.353538e-04 9.999996e-01 -5.524176e-04 -2.153547e+00 -1.155592e-02 5.608785e-04 9.999330e-01 3.346747e+01
9.999917e-01 6.257782e-04 4.018830e-03 4.494748e+01 -6.261637e-04 9.999998e-01 9.464272e-05 -2.164760e+00 -4.018807e-03 -9.715824e-05 9.999920e-01 3.369555e+01
9.999836e-01 -5.844024e-04 5.694355e-03 4.540620e+01 5.867279e-04 9.999997e-01 -4.067097e-04 -2.183533e+00 -5.694078e-03 4.100438e-04 9.999836e-01 3.394381e+01
9.999942e-01 6.032368e-04 3.339476e-03 4.571060e+01 -6.037040e-04 9.999998e-01 1.388539e-04 -2.200544e+00 -3.339430e-03 -1.408689e-04 9.999945e-01 3.438872e+01
9.999525e-01 -6.554888e-04 9.728812e-03 4.617260e+01 6.605933e-04 9.999996e-01 -5.214649e-04 -2.217701e+00 -9.728427e-03 5.278666e-04 9.999524e-01 3.445385e+01
9.999942e-01 6.877078e-04 -3.336182e-03 4.645827e+01 -6.865713e-04 9.999997e-01 3.417996e-04 -2.231871e+00 3.336375e-03 -3.395069e-04 9.999945e-01 3.475465e+01
9.999163e-01 -7.611654e-04 1.291439e-02 4.658819e+01 7.689385e-04 9.999995e-01 -5.969359e-04 -2.244560e+00 -1.291389e-02 6.068160e-04 9.999163e-01 3.521549e+01
9.999997e-01 6.920436e-04 -3.595657e-04 4.668951e+01 -6.919565e-04 9.999997e-01 2.425266e-04 -2.256717e+00 3.596909e-04 -2.422774e-04 1.000000e+00 3.567253e+01
9.999435e-01 -7.523416e-04 1.060157e-02 4.688862e+01 7.578004e-04 9.999996e-01 -5.108834e-04 -2.268313e+00 -1.060114e-02 5.188880e-04 9.999436e-01 3.595324e+01
9.999996e-01 7.006566e-04 5.474308e-04 4.713707e+01 -7.007578e-04 9.999997e-01 1.844441e-04 -2.281790e+00 -5.473459e-04 -1.848273e-04 9.999999e-01 3.626698e+01
9.998875e-01 -8.025775e-04 1.497540e-02 4.748989e+01 8.122380e-04 9.999995e-01 -6.390114e-04 -2.297383e+00 -1.497483e-02 6.511027e-04 9.998876e-01 3.651477e+01
9.999993e-01 7.105908e-04 9.909709e-04 4.785301e+01 -7.107489e-04 9.999997e-01 1.590394e-04 -2.313005e+00 -9.909049e-04 -1.597431e-04 9.999996e-01 3.672928e+01
9.998690e-01 -8.174270e-04 1.616594e-02 4.822868e+01 8.282957e-04 9.999994e-01 -6.656327e-04 -2.329345e+00 -1.616534e-02 6.789351e-04 9.998690e-01 3.697643e+01
9.999981e-01 7.131915e-04 1.804169e-03 4.856134e+01 -7.134383e-04 9.999997e-01 1.360579e-04 -2.343482e+00 -1.804122e-03 -1.373442e-04 9.999985e-01 3.713112e+01
9.998547e-01 -8.912639e-04 1.702041e-02 4.886645e+01 9.027465e-04 9.999994e-01 -6.669526e-04 -2.355150e+00 -1.701975e-02 6.822202e-04 9.998548e-01 3.712361e+01
9.999997e-01 7.289285e-04 3.440576e-04 4.899933e+01 -7.289904e-04 9.999997e-01 1.792856e-04 -2.363900e+00 -3.439802e-04 -1.795357e-04 1.000000e+00 3.730324e+01
9.998097e-01 -9.201840e-04 1.948572e-02 4.925054e+01 9.349238e-04 9.999993e-01 -7.473333e-04 -2.375405e+00 -1.948497e-02 7.654080e-04 9.998098e-01 3.744509e+01
9.999962e-01 7.400172e-04 2.668055e-03 4.955372e+01 -7.401806e-04 9.999997e-01 6.015748e-05 -2.388880e+00 -2.668067e-03 -6.213132e-05 9.999965e-01 3.762603e+01
9.999028e-01 -8.422727e-04 1.391415e-02 4.984438e+01 8.501751e-04 9.999995e-01 -5.620198e-04 -2.403861e+00 -1.391361e-02 5.737938e-04 9.999029e-01 3.795068e+01
9.999100e-01 5.966377e-04 1.340524e-02 5.019104e+01 -5.926739e-04 9.999998e-01 -2.996817e-04 -2.418898e+00 -1.340547e-02 2.917106e-04 9.999102e-01 3.812773e+01
9.998841e-01 -8.992656e-04 1.519851e-02 5.029325e+01 9.077235e-04 9.999994e-01 -5.495838e-04 -2.426706e+00 -1.519795e-02 5.633151e-04 9.998843e-01 3.827139e+01
9.999064e-01 5.680770e-04 1.367140e-02 5.043136e+01 -5.636219e-04 9.999998e-01 -3.297468e-04 -2.434464e+00 -1.367165e-02 3.220115e-04 9.999066e-01 3.833387e+01
9.996716e-01 -9.993233e-04 2.560557e-02 5.050577e+01 1.021364e-03 9.999991e-01 -8.476822e-04 -2.441086e+00 -2.560463e-02 8.735552e-04 9.996717e-01 3.840993e+01
9.999660e-01 6.769557e-04 8.222832e-03 5.068408e+01 -6.754864e-04 9.999998e-01 -1.815220e-04 -2.448776e+00 -8.223023e-03 1.759626e-04 9.999663e-01 3.831097e+01
9.996202e-01 -1.015764e-03 2.753722e-02 5.091768e+01 1.040021e-03 9.999991e-01 -8.665415e-04 -2.457707e+00 -2.753624e-02 8.948503e-04 9.996203e-01 3.816296e+01
9.999632e-01 6.761606e-04 8.551312e-03 5.114031e+01 -6.740853e-04 9.999997e-01 -2.456405e-04 -2.467397e+00 -8.551552e-03 2.398686e-04 9.999635e-01 3.812988e+01
9.998003e-01 -9.454184e-04 1.996241e-02 5.147057e+01 9.579461e-04 9.999994e-01 -6.179729e-04 -2.481094e+00 -1.996174e-02 6.369708e-04 9.998005e-01 3.820804e+01
9.999279e-01 6.126036e-04 1.199140e-02 5.165960e+01 -6.084163e-04 9.999998e-01 -3.528985e-04 -2.489572e+00 -1.199170e-02 3.455789e-04 9.999281e-01 3.818648e+01
9.998867e-01 -8.576519e-04 1.502723e-02 5.188414e+01 8.644846e-04 9.999995e-01 -4.481411e-04 -2.498868e+00 -1.502676e-02 4.610794e-04 9.998869e-01 3.815031e+01
9.999597e-01 6.326230e-04 8.963255e-03 5.215902e+01 -6.301838e-04 9.999998e-01 -2.750524e-04 -2.509840e+00 -8.963509e-03 2.693945e-04 9.999599e-01 3.814385e+01
9.998618e-01 -8.431827e-04 1.660285e-02 5.251728e+01 8.514410e-04 9.999995e-01 -4.902778e-04 -2.523180e+00 -1.660235e-02 5.043445e-04 9.998620e-01 3.809006e+01
9.998948e-01 5.515211e-04 1.449903e-02 5.287213e+01 -5.449558e-04 9.999997e-01 -4.568305e-04 -2.536236e+00 -1.449936e-02 4.488829e-04 9.998949e-01 3.799299e+01
9.999803e-01 -7.006331e-04 6.237815e-03 5.327146e+01 7.017108e-04 9.999997e-01 -1.704067e-04 -2.550650e+00 -6.237608e-03 1.747786e-04 9.999805e-01 3.791776e+01
9.999555e-01 5.764209e-04 9.416127e-03 5.367668e+01 -5.737526e-04 9.999998e-01 -2.861893e-04 -2.565491e+00 -9.416377e-03 2.807759e-04 9.999557e-01 3.791046e+01
9.999653e-01 -7.377795e-04 8.295045e-03 5.393518e+01 7.394159e-04 9.999997e-01 -1.940723e-04 -2.575997e+00 -8.294811e-03 2.001970e-04 9.999655e-01 3.795389e+01
9.998591e-01 4.683815e-04 1.677909e-02 5.403924e+01 -4.588335e-04 9.999997e-01 -5.729606e-04 -2.583173e+00 -1.677945e-02 5.651831e-04 9.998591e-01 3.805598e+01
9.997107e-01 -9.501002e-04 2.403440e-02 5.410698e+01 9.661621e-04 9.999993e-01 -6.566298e-04 -2.590324e+00 -2.403366e-02 6.796588e-04 9.997108e-01 3.817183e+01
9.998379e-01 4.982209e-04 1.800031e-02 5.418933e+01 -4.870061e-04 9.999997e-01 -6.274973e-04 -2.597033e+00 -1.800071e-02 6.186314e-04 9.998379e-01 3.821612e+01
9.998562e-01 -8.164499e-04 1.693826e-02 5.447635e+01 8.239202e-04 9.999996e-01 -4.339706e-04 -2.609197e+00 -1.693780e-02 4.478616e-04 9.998564e-01 3.825695e+01
9.999524e-01 5.977846e-04 9.747151e-03 5.488766e+01 -5.939962e-04 9.999997e-01 -3.917266e-04 -2.625162e+00 -9.747477e-03 3.859204e-04 9.999525e-01 3.829899e+01
9.999221e-01 -7.893408e-04 1.245520e-02 5.539858e+01 7.928077e-04 9.999996e-01 -2.732840e-04 -2.643198e+00 -1.245489e-02 2.831349e-04 9.999223e-01 3.823708e+01
9.999416e-01 6.242699e-04 1.079124e-02 5.590093e+01 -6.194971e-04 9.999997e-01 -4.457794e-04 -2.660933e+00 -1.079162e-02 4.390705e-04 9.999417e-01 3.816361e+01
9.997898e-01 -8.864319e-04 2.048051e-02 5.634691e+01 8.968824e-04 9.999995e-01 -5.009910e-04 -2.677154e+00 -2.047996e-02 5.192519e-04 9.997901e-01 3.808304e+01
9.999217e-01 5.875985e-04 1.250567e-02 5.679282e+01 -5.811921e-04 9.999997e-01 -5.160623e-04 -2.693498e+00 -1.250606e-02 5.087561e-04 9.999217e-01 3.801547e+01
9.996279e-01 -9.834910e-04 2.725964e-02 5.707590e+01 1.002406e-03 9.999993e-01 -6.801423e-04 -2.705481e+00 -2.725886e-02 7.072118e-04 9.996281e-01 3.802121e+01
9.999536e-01 6.887166e-04 9.609279e-03 5.742213e+01 -6.844192e-04 9.999997e-01 -4.507260e-04 -2.719239e+00 -9.609685e-03 4.441308e-04 9.999538e-01 3.798580e+01
9.997006e-01 -9.765911e-04 2.444907e-02 5.786204e+01 9.908650e-04 9.999993e-01 -5.716212e-04 -2.735721e+00 -2.444840e-02 5.956731e-04 9.997009e-01 3.794877e+01
9.999944e-01 8.342696e-04 -3.269241e-03 5.839971e+01 -8.345441e-04 9.999996e-01 -8.186118e-05 -2.754822e+00 3.269072e-03 8.459160e-05 9.999947e-01 3.792522e+01
9.994954e-01 -1.123665e-03 3.174213e-02 5.880639e+01 1.147765e-03 9.999991e-01 -7.409698e-04 -2.769919e+00 -3.174117e-02 7.770257e-04 9.994958e-01 3.788961e+01
9.999995e-01 8.930702e-04 -6.190608e-04 5.932218e+01 -8.932147e-04 9.999996e-01 -2.288930e-04 -2.788958e+00 6.187562e-04 2.294484e-04 9.999998e-01 3.788586e+01
9.994680e-01 -1.147564e-03 3.259208e-02 5.980729e+01 1.172071e-03 9.999990e-01 -7.327521e-04 -2.806557e+00 -3.259111e-02 7.705598e-04 9.994684e-01 3.781618e+01
9.999984e-01 8.475170e-04 1.582049e-03 6.027798e+01 -8.470012e-04 9.999996e-01 -3.284527e-04 -2.823917e+00 -1.582426e-03 3.271148e-04 9.999987e-01 3.776190e+01
9.994245e-01 -1.131349e-03 3.389987e-02 6.072624e+01 1.157117e-03 9.999991e-01 -7.404404e-04 -2.840940e+00 -3.389890e-02 7.792377e-04 9.994249e-01 3.776159e+01
9.999788e-01 9.275799e-04 -6.456383e-03 6.123393e+01 -9.282474e-04 9.999996e-01 -9.991590e-05 -2.859363e+00 6.456188e-03 1.059096e-04 9.999792e-01 3.772699e+01
9.994616e-01 -1.139922e-03 3.278879e-02 6.173746e+01 1.162584e-03 9.999991e-01 -6.720134e-04 -2.876712e+00 -3.278790e-02 7.097685e-04 9.994620e-01 3.759051e+01
9.999256e-01 1.019985e-03 -1.216385e-02 6.234153e+01 -1.019514e-03 9.999995e-01 4.520396e-05 -2.898067e+00 1.216380e-02 -3.279672e-05 9.999261e-01 3.759994e+01
9.995411e-01 -1.087910e-03 3.027089e-02 6.297541e+01 1.106160e-03 9.999992e-01 -5.860413e-04 -2.920134e+00 -3.027013e-02 6.192540e-04 9.995415e-01 3.758966e+01
9.999123e-01 1.013510e-03 -1.321090e-02 6.361571e+01 -1.012776e-03 9.999995e-01 6.252066e-05 -2.941960e+00 1.321086e-02 -4.913283e-05 9.999128e-01 3.753625e+01
9.994262e-01 -1.162642e-03 3.384882e-02 6.418521e+01 1.185638e-03 9.999991e-01 -6.592201e-04 -2.961543e+00 -3.384792e-02 6.989715e-04 9.994267e-01 3.746011e+01
9.999307e-01 9.724611e-04 -1.173858e-02 6.462347e+01 -9.725178e-04 9.999995e-01 1.169883e-06 -2.977322e+00 1.173848e-02 1.024883e-05 9.999311e-01 3.740124e+01
9.991068e-01 -1.257198e-03 4.223661e-02 6.499547e+01 1.295798e-03 9.999988e-01 -8.864467e-04 -2.991095e+00 -4.223535e-02 9.403823e-04 9.991072e-01 3.731750e+01
9.999992e-01 8.561867e-04 -9.707571e-04 6.521553e+01 -8.565493e-04 9.999996e-01 -3.693446e-04 -3.001062e+00 9.703449e-04 3.701784e-04 9.999995e-01 3.730057e+01
9.994589e-01 -1.136645e-03 3.287117e-02 6.557807e+01 1.156581e-03 9.999992e-01 -5.873913e-04 -3.015668e+00 -3.287039e-02 6.250889e-04 9.994594e-01 3.732501e+01
9.999410e-01 9.283875e-04 -1.083245e-02 6.586481e+01 -9.290409e-04 9.999996e-01 -5.492708e-05 -3.026740e+00 1.083230e-02 6.499025e-05 9.999414e-01 3.728361e+01
9.994706e-01 -1.099888e-03 3.251417e-02 6.613060e+01 1.119105e-03 9.999992e-01 -5.727138e-04 -3.036458e+00 -3.251342e-02 6.087946e-04 9.994711e-01 3.714854e+01
9.999131e-01 9.185240e-04 -1.315565e-02 6.641421e+01 -9.181015e-04 9.999996e-01 3.846591e-05 -3.046009e+00 1.315559e-02 -2.638175e-05 9.999135e-01 3.695799e+01
9.995611e-01 -1.055552e-03 2.960201e-02 6.658965e+01 1.069371e-03 9.999993e-01 -4.508792e-04 -3.050836e+00 -2.960142e-02 4.823341e-04 9.995616e-01 3.663466e+01
9.998522e-01 9.098595e-04 -1.717200e-02 6.683591e+01 -9.079374e-04 9.999996e-01 1.199718e-04 -3.059408e+00 1.717201e-02 -1.043604e-04 9.998526e-01 3.648207e+01
9.998870e-01 -7.623138e-04 1.500685e-02 6.721649e+01 7.640811e-04 9.999997e-01 -1.117608e-04 -3.072043e+00 -1.500667e-02 1.232119e-04 9.998874e-01 3.634943e+01
9.998878e-01 8.902674e-04 -1.495598e-02 6.759344e+01 -8.891873e-04 9.999996e-01 7.913862e-05 -3.084355e+00 1.495596e-02 -6.582850e-05 9.998882e-01 3.620009e+01
9.999155e-01 -7.694816e-04 1.297475e-02 6.786860e+01 7.699699e-04 9.999997e-01 -3.232622e-05 -3.092632e+00 -1.297463e-02 4.231096e-05 9.999158e-01 3.597449e+01
9.998967e-01 8.821811e-04 -1.434862e-02 6.801578e+01 -8.806992e-04 9.999996e-01 1.098853e-04 -3.096990e+00 1.434862e-02 -9.723459e-05 9.998971e-01 3.575605e+01
9.999875e-01 -3.556910e-04 -4.968618e-03 6.822584e+01 3.585142e-04 9.999998e-01 5.665271e-04 -3.106236e+00 4.968507e-03 -5.683040e-04 9.999875e-01 3.578817e+01
9.998412e-01 1.005300e-03 -1.779880e-02 6.840679e+01 -1.000031e-03 9.999995e-01 3.051215e-04 -3.112911e+00 1.779900e-02 -2.872711e-04 9.998416e-01 3.565195e+01
9.999049e-01 -8.408911e-04 1.375702e-02 6.847688e+01 8.435928e-04 9.999996e-01 -1.903114e-04 -3.114023e+00 -1.375677e-02 2.018960e-04 9.999053e-01 3.535505e+01
9.998619e-01 9.425293e-04 -1.659814e-02 6.851869e+01 -9.383218e-04 9.999995e-01 2.615142e-04 -3.113601e+00 1.659829e-02 -2.459012e-04 9.998622e-01 3.498711e+01
9.999989e-01 -4.394295e-04 -1.379072e-03 6.855710e+01 4.400159e-04 9.999998e-01 4.221511e-04 -3.113930e+00 1.378980e-03 -4.227601e-04 9.999989e-01 3.468697e+01
9.997862e-01 1.032791e-03 -2.065473e-02 6.864714e+01 -1.023772e-03 9.999994e-01 4.474291e-04 -3.118040e+00 2.065509e-02 -4.261852e-04 9.997866e-01 3.458688e+01
9.999812e-01 -3.492423e-04 -6.113474e-03 6.880912e+01 3.527336e-04 9.999998e-01 5.694343e-04 -3.125989e+00 6.113369e-03 -5.715826e-04 9.999811e-01 3.461556e+01
9.997183e-01 1.139450e-03 -2.371115e-02 6.901447e+01 -1.125739e-03 9.999992e-01 5.917649e-04 -3.134137e+00 2.371171e-02 -5.649032e-04 9.997187e-01 3.452788e+01
9.999698e-01 -3.167928e-04 -7.760550e-03 6.913964e+01 3.219642e-04 9.999997e-01 6.647037e-04 -3.140180e+00 7.760435e-03 -6.671848e-04 9.999696e-01 3.447657e+01
9.997647e-01 1.121323e-03 -2.166611e-02 6.929778e+01 -1.110223e-03 9.999992e-01 5.244771e-04 -3.148160e+00 2.166659e-02 -5.002971e-04 9.997652e-01 3.452483e+01
9.999486e-01 -3.047557e-04 -1.012576e-02 6.939911e+01 3.120238e-04 9.999997e-01 7.159264e-04 -3.153767e+00 1.012563e-02 -7.190516e-04 9.999484e-01 3.450227e+01
9.997759e-01 1.135268e-03 -2.114259e-02 6.950515e+01 -1.124017e-03 9.999992e-01 5.441623e-04 -3.159354e+00 2.114309e-02 -5.202734e-04 9.997764e-01 3.446359e+01
9.999632e-01 -3.128223e-04 -8.572001e-03 6.967850e+01 3.184383e-04 9.999997e-01 6.534861e-04 -3.168172e+00 8.571894e-03 -6.561941e-04 9.999630e-01 3.454850e+01
9.998526e-01 1.023138e-03 -1.714016e-02 6.990762e+01 -1.017543e-03 9.999994e-01 3.352827e-04 -3.177945e+00 1.714039e-02 -3.177902e-04 9.998531e-01 3.455399e+01
9.999482e-01 -2.573455e-04 -1.016988e-02 7.014312e+01 2.649150e-04 9.999997e-01 7.427249e-04 -3.188166e+00 1.016979e-02 -7.453828e-04 9.999480e-01 3.458879e+01
9.999036e-01 9.101691e-04 -1.386230e-02 7.037621e+01 -9.081132e-04 9.999996e-01 1.547707e-04 -3.197007e+00 1.386233e-02 -1.421651e-04 9.999040e-01 3.449503e+01
9.999133e-01 -1.873912e-04 -1.316259e-02 7.056092e+01 1.991985e-04 9.999996e-01 8.955577e-04 -3.204211e+00 1.316251e-02 -8.981042e-04 9.999129e-01 3.437827e+01
9.999070e-01 9.018006e-04 -1.361370e-02 7.069171e+01 -8.997445e-04 9.999996e-01 1.573111e-04 -3.209761e+00 1.361373e-02 -1.450456e-04 9.999074e-01 3.426852e+01
9.999391e-01 -2.389581e-04 -1.102936e-02 7.080251e+01 2.472375e-04 9.999997e-01 7.491221e-04 -3.212969e+00 1.102928e-02 -7.518054e-04 9.999388e-01 3.399823e+01
9.999288e-01 8.619822e-04 -1.190226e-02 7.091091e+01 -8.609118e-04 9.999996e-01 9.521596e-05 -3.214750e+00 1.190224e-02 -8.496049e-05 9.999292e-01 3.359327e+01
9.999396e-01 -1.918774e-04 -1.098192e-02 7.098681e+01 2.006332e-04 9.999997e-01 7.960317e-04 -3.215143e+00 1.098186e-02 -7.981890e-04 9.999393e-01 3.316175e+01
9.999323e-01 8.422671e-04 -1.160975e-02 7.104326e+01 -8.413577e-04 9.999996e-01 8.336094e-05 -3.214520e+00 1.160972e-02 -7.358556e-05 9.999327e-01 3.268918e+01
9.998756e-01 -1.052768e-04 -1.576821e-02 7.118567e+01 1.211051e-04 9.999995e-01 1.002753e-03 -3.219013e+00 1.576820e-02 -1.004540e-03 9.998751e-01 3.243563e+01
