9.991998e-01 -4.681051e-04 3.999526e-02 4.248448e-02 5.187029e-04 9.999991e-01 -1.254728e-03 -7.429266e-03 -3.999464e-02 1.274469e-03 9.991992e-01 1.845754e-01
9.999854e-01 -2.573143e-05 5.407640e-03 1.134926e-01 2.664591e-05 1.000000e+00 -1.690343e-04 -1.607322e-02 -5.407627e-03 1.691761e-04 9.999853e-01 3.787850e-01
9.991519e-01 -4.684543e-04 4.117300e-02 1.938350e-01 5.217586e-04 9.999990e-01 -1.283905e-03 -2.458296e-02 -4.117238e-02 1.304298e-03 9.991513e-01 5.505145e-01
9.999977e-01 1.687283e-05 2.126108e-03 3.059571e-01 -1.670769e-05 1.000000e+00 -7.767942e-05 -3.389469e-02 -2.126092e-03 7.764364e-05 9.999976e-01 7.304200e-01
9.988807e-01 -5.447420e-04 4.729759e-02 4.007908e-01 6.141502e-04 9.999988e-01 -1.452959e-03 -4.297741e-02 -4.729676e-02 1.480380e-03 9.988799e-01 9.006214e-01
1.000000e+00 4.875280e-05 -1.223145e-04 5.056426e-01 -4.875306e-05 1.000000e+00 -2.756573e-06 -5.170809e-02 1.223413e-04 2.762148e-06 9.999999e-01 1.040382e+00
9.990341e-01 -4.751220e-04 4.393910e-02 6.920395e-01 5.356278e-04 9.999989e-01 -1.365275e-03 -6.242056e-02 -4.393844e-02 1.387492e-03 9.990334e-01 1.164745e+00
9.999963e-01 1.133728e-04 -2.716817e-03 1.060764e+00 -1.131574e-04 1.000000e+00 7.937440e-05 -7.779895e-02 2.716861e-03 -7.906733e-05 9.999962e-01 1.215306e+00
9.989569e-01 -5.459716e-04 4.566030e-02 1.281565e+00 6.108589e-04 9.999988e-01 -1.407150e-03 -8.927766e-02 -4.565952e-02 1.433575e-03 9.989561e-01 1.334601e+00
9.999906e-01 1.060262e-04 -4.324493e-03 1.404783e+00 -1.055668e-04 1.000000e+00 1.064107e-04 -9.867743e-02 4.324547e-03 -1.059541e-04 9.999905e-01 1.506843e+00
9.992134e-01 -4.282857e-04 3.965427e-02 1.701655e+00 4.774186e-04 9.999991e-01 -1.229576e-03 -1.124502e-01 -3.965375e-02 1.247541e-03 9.992128e-01 1.649118e+00
9.999838e-01 3.958875e-05 -5.692459e-03 1.950933e+00 -3.866460e-05 1.000000e+00 1.624004e-04 -1.253809e-01 5.692514e-03 -1.621788e-04 9.999837e-01 1.842038e+00
9.992128e-01 -4.302350e-04 3.966972e-02 2.009820e+00 4.800802e-04 9.999991e-01 -1.246995e-03 -1.346068e-01 -3.966920e-02 1.265059e-03 9.992122e-01 2.106463e+00
9.999331e-01 2.153453e-04 -1.156057e-02 2.299935e+00 -2.112133e-04 9.999999e-01 3.586060e-04 -1.485682e-01 1.156070e-02 -3.561416e-04 9.999330e-01 2.285990e+00
9.990025e-01 -5.294431e-04 4.465086e-02 2.573436e+00 5.915089e-04 9.999989e-01 -1.376834e-03 -1.605589e-01 -4.465014e-02 1.401873e-03 9.990018e-01 2.343467e+00
9.999905e-01 1.094386e-04 -4.346848e-03 2.642697e+00 -1.090003e-04 1.000000e+00 1.009441e-04 -1.682090e-01 4.346919e-03 -1.004709e-04 9.999905e-01 2.493412e+00
9.993497e-01 -3.966362e-04 3.605628e-02 2.906358e+00 4.370918e-04 9.999993e-01 -1.114152e-03 -1.813357e-01 -3.605588e-02 1.129189e-03 9.993492e-01 2.664368e+00
9.999538e-01 1.853041e-04 -9.604348e-03 3.311352e+00 -1.827804e-04 9.999999e-01 2.635708e-04 -1.988167e-01 9.604461e-03 -2.618049e-04 9.999538e-01 2.871721e+00
9.991503e-01 -4.621388e-04 4.121345e-02 3.624778e+00 5.146966e-04 9.999991e-01 -1.264673e-03 -2.145273e-01 -4.121289e-02 1.284812e-03 9.991497e-01 3.135160e+00
9.999049e-01 1.957943e-04 -1.379130e-02 3.888262e+00 -1.904808e-04 9.999999e-01 3.865280e-04 -2.262284e-01 1.379144e-02 -3.838661e-04 9.999047e-01 3.220777e+00
9.987656e-01 -5.115640e-04 4.966952e-02 4.161649e+00 5.870165e-04 9.999987e-01 -1.504530e-03 -2.396302e-01 -4.966876e-02 1.531832e-03 9.987647e-01 3.365364e+00
9.997325e-01 3.738267e-04 -2.312391e-02 4.536569e+00 -3.585473e-04 9.999997e-01 6.648640e-04 -2.572764e-01 2.312423e-02 -6.563972e-04 9.997323e-01 3.666400e+00
9.991001e-01 -4.194944e-04 4.241230e-02 5.197316e+00 4.728932e-04 9.999991e-01 -1.249036e-03 -2.813682e-01 -4.241182e-02 1.267971e-03 9.990995e-01 3.774290e+00
9.998965e-01 2.539657e-04 -1.438184e-02 5.754966e+00 -2.487098e-04 9.999999e-01 3.671705e-04 -3.026532e-01 1.438201e-02 -3.635578e-04 9.998964e-01 3.896374e+00
9.992592e-01 -3.545919e-04 3.848229e-02 6.229825e+00 3.977416e-04 9.999993e-01 -1.113664e-03 -3.217429e-01 -3.848195e-02 1.128147e-03 9.992587e-01 4.067270e+00
9.997189e-01 3.511866e-04 -2.370383e-02 6.764410e+00 -3.362331e-04 9.999997e-01 6.347794e-04 -3.436464e-01 2.370412e-02 -6.266332e-04 9.997187e-01 4.358302e+00
9.994532e-01 -3.348814e-04 3.306321e-02 7.253302e+00 3.668533e-04 9.999995e-01 -9.609649e-04 -3.630621e-01 -3.306295e-02 9.725711e-04 9.994529e-01 4.584133e+00
9.997952e-01 3.092696e-04 -2.023589e-02 7.790617e+00 -2.984947e-04 9.999998e-01 5.354222e-04 -3.840193e-01 2.023613e-02 -5.292745e-04 9.997950e-01 4.793464e+00
9.994396e-01 -3.233981e-04 3.347251e-02 8.353431e+00 3.568481e-04 9.999994e-01 -9.933935e-04 -4.056565e-01 -3.347226e-02 1.004784e-03 9.994392e-01 4.996655e+00
9.996962e-01 3.596632e-04 -2.464615e-02 8.954943e+00 -3.423645e-04 9.999997e-01 7.060457e-04 -4.273822e-01 2.464648e-02 -6.973955e-04 9.996959e-01 5.083975e+00
9.994144e-01 -3.299822e-04 3.421698e-02 9.387223e+00 3.647050e-04 9.999994e-01 -1.008580e-03 -4.452377e-01 -3.421671e-02 1.020470e-03 9.994140e-01 5.323958e+00
9.996168e-01 4.101815e-04 -2.767857e-02 9.989671e+00 -3.890142e-04 9.999996e-01 7.700863e-04 -4.676767e-01 2.767895e-02 -7.590262e-04 9.996165e-01 5.505451e+00
9.993834e-01 -3.282057e-04 3.510965e-02 1.049340e+01 3.634681e-04 9.999994e-01 -9.980069e-04 -4.881988e-01 -3.510938e-02 1.010155e-03 9.993830e-01 5.792999e+00
9.995716e-01 4.106186e-04 -2.926353e-02 1.099721e+01 -3.877224e-04 9.999996e-01 7.880363e-04 -5.076815e-01 2.926393e-02 -7.763549e-04 9.995713e-01 5.985851e+00
9.995192e-01 -2.944896e-04 3.100512e-02 1.158496e+01 3.225893e-04 9.999995e-01 -9.013358e-04 -5.296619e-01 -3.100492e-02 9.109068e-04 9.995189e-01 6.145853e+00
9.995645e-01 4.237587e-04 -2.950599e-02 1.217601e+01 -4.004679e-04 9.999996e-01 7.952188e-04 -5.519545e-01 2.950639e-02 -7.830586e-04 9.995642e-01 6.334354e+00
9.994916e-01 -2.939898e-04 3.188101e-02 1.269364e+01 3.229949e-04 9.999995e-01 -9.046850e-04 -5.726519e-01 -3.188082e-02 9.145249e-04 9.994913e-01 6.591014e+00
9.995709e-01 4.125341e-04 -2.928896e-02 1.315870e+01 -3.896226e-04 9.999996e-01 7.879108e-04 -5.916971e-01 2.928936e-02 -7.761634e-04 9.995706e-01 6.840230e+00
9.994338e-01 -3.096043e-04 3.364441e-02 1.375492e+01 3.424794e-04 9.999995e-01 -9.714147e-04 -6.136344e-01 -3.364418e-02 9.823896e-04 9.994335e-01 6.947577e+00
9.995162e-01 4.461125e-04 -3.109730e-02 1.424092e+01 -4.190586e-04 9.999995e-01 8.764419e-04 -6.335944e-01 3.109776e-02 -8.629887e-04 9.995159e-01 7.214122e+00
9.994847e-01 -3.079338e-04 3.209917e-02 1.463941e+01 3.377389e-04 9.999995e-01 -9.231523e-04 -6.518499e-01 -3.209895e-02 9.335201e-04 9.994843e-01 7.550975e+00
9.995407e-01 4.131146e-04 -3.030213e-02 1.516219e+01 -3.886462e-04 9.999996e-01 8.133186e-04 -6.719350e-01 3.030254e-02 -8.011706e-04 9.995404e-01 7.741885e+00
9.994358e-01 -3.221566e-04 3.358533e-02 1.573076e+01 3.548174e-04 9.999995e-01 -9.665557e-04 -6.928243e-01 -3.358508e-02 9.779295e-04 9.994355e-01 7.838610e+00
9.997162e-01 3.350965e-04 -2.381779e-02 1.616467e+01 -3.187816e-04 9.999997e-01 6.887225e-04 -7.100437e-01 2.381810e-02 -6.809368e-04 9.997160e-01 8.008089e+00
9.995438e-01 -2.952565e-04 3.020273e-02 1.649387e+01 3.217349e-04 9.999996e-01 -8.718779e-04 -7.245737e-01 -3.020254e-02 8.811999e-04 9.995435e-01 8.218978e+00
9.997132e-01 3.483355e-04 -2.394532e-02 1.695087e+01 -3.320659e-04 9.999997e-01 6.833580e-04 -7.415639e-01 2.394564e-02 -6.752130e-04 9.997130e-01 8.271502e+00
9.995699e-01 -2.723408e-04 2.932559e-02 1.746169e+01 2.977262e-04 9.999996e-01 -8.613227e-04 -7.607289e-01 -2.932543e-02 8.696857e-04 9.995696e-01 8.396127e+00
9.997046e-01 3.731537e-04 -2.429936e-02 1.774345e+01 -3.558006e-04 9.999997e-01 7.183924e-04 -7.769389e-01 2.429970e-02 -7.095369e-04 9.997044e-01 8.838806e+00
9.996554e-01 -3.156610e-04 2.624970e-02 1.806069e+01 3.363361e-04 9.999996e-01 -7.832749e-04 -7.906990e-01 -2.624953e-02 7.918362e-04 9.996552e-01 8.998267e+00
9.996949e-01 3.596941e-04 -2.469552e-02 1.852357e+01 -3.421927e-04 9.999997e-01 7.128466e-04 -8.067382e-01 2.469586e-02 -7.041810e-04 9.996947e-01 8.874624e+00
9.997107e-01 -2.910109e-04 2.405333e-02 1.916699e+01 3.099701e-04 9.999996e-01 -7.845485e-04 -8.291862e-01 -2.405318e-02 7.917798e-04 9.997104e-01 8.820745e+00
9.997478e-01 3.629237e-04 -2.245176e-02 1.977663e+01 -3.478597e-04 9.999997e-01 6.747858e-04 -8.490355e-01 2.245209e-02 -6.668081e-04 9.997476e-01 8.563215e+00
9.996565e-01 -3.111980e-04 2.620786e-02 2.024252e+01 3.315390e-04 9.999996e-01 -7.718545e-04 -8.652211e-01 -2.620770e-02 7.802808e-04 9.996563e-01 8.459455e+00
9.997660e-01 3.960607e-04 -2.162712e-02 2.054079e+01 -3.824415e-04 9.999997e-01 6.337916e-04 -8.810832e-01 2.162745e-02 -6.253747e-04 9.997658e-01 8.837400e+00
9.997046e-01 -3.068564e-04 2.430170e-02 2.059722e+01 3.228791e-04 9.999997e-01 -6.554638e-04 -8.940091e-01 -2.430158e-02 6.631192e-04 9.997045e-01 9.418976e+00
9.997202e-01 3.520939e-04 -2.365011e-02 2.060594e+01 -3.371094e-04 9.999997e-01 6.375083e-04 -9.038509e-01 2.365042e-02 -6.293597e-04 9.997200e-01 9.880315e+00
9.995559e-01 -2.764474e-04 2.979729e-02 2.094379e+01 3.015000e-04 9.999996e-01 -8.363249e-04 -9.202940e-01 -2.979713e-02 8.449400e-04 9.995557e-01 1.022386e+01
9.996446e-01 3.956668e-04 -2.665629e-02 2.142149e+01 -3.769817e-04 9.999997e-01 7.059270e-04 -9.399202e-01 2.665665e-02 -6.956296e-04 9.996443e-01 1.048067e+01
9.996170e-01 -2.540706e-04 2.767344e-02 2.192224e+01 2.749629e-04 9.999997e-01 -7.512076e-04 -9.603021e-01 -2.767333e-02 7.585316e-04 9.996168e-01 1.073402e+01
9.997078e-01 3.832599e-04 -2.417034e-02 2.249634e+01 -3.688070e-04 9.999998e-01 6.023483e-04 -9.821466e-01 2.417065e-02 -5.932606e-04 9.997076e-01 1.092685e+01
9.996043e-01 -2.794447e-04 2.812721e-02 2.295469e+01 3.003011e-04 9.999997e-01 -7.373319e-04 -1.000546e+00 -2.812709e-02 7.454893e-04 9.996042e-01 1.114890e+01
9.996156e-01 3.628485e-04 -2.772021e-02 2.347256e+01 -3.438750e-04 9.999997e-01 6.891706e-04 -1.020402e+00 2.772054e-02 -6.793759e-04 9.996154e-01 1.127367e+01
9.995644e-01 -2.595465e-04 2.951424e-02 2.412623e+01 2.830424e-04 9.999996e-01 -7.919626e-04 -1.043789e+00 -2.951411e-02 7.999739e-04 9.995641e-01 1.129316e+01
9.996506e-01 3.552923e-04 -2.642798e-02 2.473453e+01 -3.379980e-04 9.999997e-01 6.587961e-04 -1.065629e+00 2.642830e-02 -6.496358e-04 9.996504e-01 1.134111e+01
9.995738e-01 -2.680601e-04 2.919257e-02 2.526666e+01 2.910856e-04 9.999996e-01 -7.845509e-04 -1.085373e+00 -2.919244e-02 7.927166e-04 9.995736e-01 1.142898e+01
9.997633e-01 3.411302e-04 -2.175110e-02 2.584659e+01 -3.291684e-04 9.999998e-01 5.534423e-04 -1.106638e+00 2.175137e-02 -5.461540e-04 9.997632e-01 1.155733e+01
9.994962e-01 -2.974139e-04 3.173685e-02 2.636644e+01 3.248124e-04 9.999996e-01 -8.582007e-04 -1.126528e+00 -3.173667e-02 8.680795e-04 9.994960e-01 1.174811e+01
9.997528e-01 3.561373e-04 -2.223032e-02 2.690864e+01 -3.440664e-04 9.999998e-01 5.467385e-04 -1.147941e+00 2.223060e-02 -5.389571e-04 9.997527e-01 1.200699e+01
9.995039e-01 -2.804580e-04 3.149500e-02 2.741442e+01 3.069965e-04 9.999996e-01 -8.378408e-04 -1.168652e+00 -3.149484e-02 8.470965e-04 9.995036e-01 1.230620e+01
9.996239e-01 3.891387e-04 -2.741938e-02 2.788614e+01 -3.707494e-04 9.999997e-01 6.756867e-04 -1.188023e+00 2.741973e-02 -6.652694e-04 9.996237e-01 1.256888e+01
9.995059e-01 -2.504409e-04 3.143234e-02 2.834974e+01 2.760747e-04 9.999996e-01 -8.112347e-04 -1.207872e+00 -3.143221e-02 8.195141e-04 9.995056e-01 1.288407e+01
9.995917e-01 4.116177e-04 -2.856806e-02 2.889024e+01 -3.912121e-04 9.999997e-01 7.198063e-04 -1.229180e+00 2.856844e-02 -7.083388e-04 9.995915e-01 1.311931e+01
9.994662e-01 -2.682414e-04 3.267048e-02 2.943540e+01 2.972570e-04 9.999996e-01 -8.833232e-04 -1.250579e+00 -3.267032e-02 8.925658e-04 9.994659e-01 1.336030e+01
9.995979e-01 4.407767e-04 -2.834981e-02 3.011040e+01 -4.209288e-04 9.999997e-01 7.060094e-04 -1.276022e+00 2.835021e-02 -6.937949e-04 9.995977e-01 1.359566e+01
9.994816e-01 -2.476283e-04 3.219652e-02 3.075982e+01 2.748412e-04 9.999996e-01 -8.408402e-04 -1.301162e+00 -3.219639e-02 8.492558e-04 9.994813e-01 1.387827e+01
9.996167e-01 3.836946e-04 -2.768265e-02 3.136423e+01 -3.657911e-04 9.999997e-01 6.517380e-04 -1.324050e+00 2.768299e-02 -6.413647e-04 9.996165e-01 1.407464e+01
9.994339e-01 -2.184804e-04 3.364474e-02 3.216055e+01 2.488063e-04 9.999996e-01 -8.972217e-04 -1.352620e+00 -3.364462e-02 9.050874e-04 9.994335e-01 1.421924e+01
9.996132e-01 3.615076e-04 -2.780856e-02 3.288987e+01 -3.430606e-04 9.999997e-01 6.680582e-04 -1.378951e+00 2.780889e-02 -6.582624e-04 9.996130e-01 1.435976e+01
9.993530e-01 -2.704748e-04 3.596684e-02 3.349298e+01 3.031512e-04 9.999995e-01 -9.031124e-04 -1.400739e+00 -3.596667e-02 9.134341e-04 9.993526e-01 1.444872e+01
9.995126e-01 3.767400e-04 -3.121383e-02 3.414123e+01 -3.551207e-04 9.999997e-01 6.981001e-04 -1.424302e+00 3.121417e-02 -6.866778e-04 9.995124e-01 1.455815e+01
9.994308e-01 -2.409898e-04 3.373393e-02 3.486248e+01 2.694838e-04 9.999996e-01 -8.401739e-04 -1.450240e+00 -3.373380e-02 8.487891e-04 9.994306e-01 1.464682e+01
9.994636e-01 3.683115e-04 -3.274476e-02 3.547079e+01 -3.429894e-04 9.999996e-01 7.788732e-04 -1.472878e+00 3.274513e-02 -7.672270e-04 9.994634e-01 1.479054e+01
9.995065e-01 -2.513591e-04 3.141385e-02 3.593881e+01 2.750630e-04 9.999997e-01 -7.503033e-04 -1.491524e+00 -3.141374e-02 7.585764e-04 9.995062e-01 1.498693e+01
9.995836e-01 3.410940e-04 -2.885251e-02 3.653020e+01 -3.232119e-04 9.999998e-01 6.243756e-04 -1.512416e+00 2.885281e-02 -6.147928e-04 9.995834e-01 1.497566e+01
9.992848e-01 -3.162935e-04 3.781282e-02 3.691118e+01 3.492853e-04 9.999996e-01 -8.659447e-04 -1.527819e+00 -3.781262e-02 8.785355e-04 9.992845e-01 1.512927e+01
9.993780e-01 4.305687e-04 -3.526208e-02 3.735848e+01 -4.037699e-04 9.999996e-01 7.670554e-04 -1.546209e+00 3.526249e-02 -7.523431e-04 9.993777e-01 1.536390e+01
9.992581e-01 -3.298550e-04 3.851206e-02 3.776644e+01 3.631903e-04 9.999996e-01 -8.586324e-04 -1.563065e+00 -3.851185e-02 8.719852e-04 9.992578e-01 1.557579e+01
9.992865e-01 4.131830e-04 -3.776605e-02 3.831654e+01 -3.835251e-04 9.999996e-01 7.924972e-04 -1.583121e+00 3.776645e-02 -7.774502e-04 9.992862e-01 1.559226e+01
9.990710e-01 -2.761509e-04 4.309511e-02 3.895666e+01 3.186145e-04 9.999995e-01 -9.785207e-04 -1.606449e+00 -4.309491e-02 9.913450e-04 9.990706e-01 1.569757e+01
9.992882e-01 3.928834e-04 -3.772194e-02 3.952068e+01 -3.626129e-04 9.999996e-01 8.092487e-04 -1.627482e+00 3.772234e-02 -7.949968e-04 9.992879e-01 1.582617e+01
9.990321e-01 -2.916831e-04 4.398571e-02 3.998661e+01 3.357332e-04 9.999994e-01 -9.941197e-04 -1.646327e+00 -4.398549e-02 1.007928e-03 9.990317e-01 1.605596e+01
9.992110e-01 3.784479e-04 -3.971249e-02 4.048966e+01 -3.450451e-04 9.999996e-01 8.479190e-04 -1.664529e+00 3.971289e-02 -8.335501e-04 9.992107e-01 1.607242e+01
9.990829e-01 -2.912754e-04 4.281665e-02 4.082023e+01 3.305581e-04 9.999995e-01 -9.104284e-04 -1.678164e+00 -4.281645e-02 9.237495e-04 9.990826e-01 1.620415e+01
9.991207e-01 3.597378e-04 -4.192305e-02 4.113646e+01 -3.228891e-04 9.999996e-01 8.856817e-04 -1.690702e+00 4.192344e-02 -8.713690e-04 9.991204e-01 1.624151e+01
9.989105e-01 -2.666025e-04 4.666598e-02 4.162373e+01 3.153544e-04 9.999994e-01 -1.037379e-03 -1.708571e+00 -4.666577e-02 1.050968e-03 9.989101e-01 1.628726e+01
9.990131e-01 3.769828e-04 -4.441514e-02 4.214083e+01 -3.352938e-04 9.999995e-01 9.460239e-04 -1.727793e+00 4.441556e-02 -9.302008e-04 9.990126e-01 1.636056e+01
9.987628e-01 -2.692366e-04 4.972833e-02 4.258748e+01 3.241300e-04 9.999993e-01 -1.095841e-03 -1.745076e+00 -4.972809e-02 1.110606e-03 9.987622e-01 1.650656e+01
9.990145e-01 3.795335e-04 -4.438350e-02 4.304421e+01 -3.383783e-04 9.999995e-01 9.347287e-04 -1.762983e+00 4.438393e-02 -9.187918e-04 9.990141e-01 1.667752e+01
9.987450e-01 -2.495913e-04 5.008485e-02 4.358990e+01 3.058871e-04 9.999993e-01 -1.116383e-03 -1.783586e+00 -5.008463e-02 1.130305e-03 9.987444e-01 1.683694e+01
9.989940e-01 3.862144e-04 -4.484203e-02 4.433103e+01 -3.464962e-04 9.999995e-01 8.934600e-04 -1.809954e+00 4.484245e-02 -8.770262e-04 9.989936e-01 1.692280e+01
9.988565e-01 -2.343903e-04 4.780892e-02 4.490584e+01 2.822598e-04 9.999995e-01 -9.945570e-04 -1.831606e+00 -4.780876e-02 1.006917e-03 9.988561e-01 1.707510e+01
9.989828e-01 3.770939e-04 -4.509151e-02 4.538735e+01 -3.371016e-04 9.999995e-01 8.944676e-04 -1.850910e+00 4.509192e-02 -8.783599e-04 9.989824e-01 1.729588e+01
9.988988e-01 -2.221960e-04 4.691753e-02 4.589729e+01 2.675100e-04 9.999995e-01 -9.595866e-04 -1.871078e+00 -4.691739e-02 9.710835e-04 9.988984e-01 1.750658e+01
9.989594e-01 3.347836e-04 -4.560635e-02 4.625760e+01 -2.929535e-04 9.999995e-01 9.238341e-04 -1.886977e+00 4.560673e-02 -9.095148e-04 9.989590e-01 1.775194e+01
9.988689e-01 -2.110804e-04 4.754959e-02 4.664313e+01 2.583804e-04 9.999995e-01 -9.886460e-04 -1.903668e+00 -4.754945e-02 9.998164e-04 9.988685e-01 1.799291e+01
9.991421e-01 3.517816e-04 -4.140990e-02 4.721487e+01 -3.193037e-04 9.999996e-01 7.908644e-04 -1.925299e+00 4.141026e-02 -7.769663e-04 9.991419e-01 1.818435e+01
9.988784e-01 -2.308313e-04 4.735002e-02 4.761736e+01 2.769096e-04 9.999995e-01 -9.666257e-04 -1.943205e+00 -4.734987e-02 9.786558e-04 9.988780e-01 1.850614e+01
9.990402e-01 3.517723e-04 -4.380050e-02 4.801240e+01 -3.144613e-04 9.999996e-01 8.586794e-04 -1.960529e+00 4.380088e-02 -8.440843e-04 9.990399e-01 1.878959e+01
9.989998e-01 -2.082826e-04 4.471443e-02 4.843116e+01 2.476488e-04 9.999996e-01 -8.748967e-04 -1.978674e+00 -4.471433e-02 8.850979e-04 9.989995e-01 1.906150e+01
9.991116e-01 3.702435e-04 -4.214023e-02 4.900299e+01 -3.380813e-04 9.999996e-01 7.702921e-04 -2.000612e+00 4.214059e-02 -7.553636e-04 9.991113e-01 1.926893e+01
9.987901e-01 -2.886359e-04 4.917582e-02 4.938249e+01 3.361014e-04 9.999995e-01 -9.569932e-04 -2.017188e+00 -4.917561e-02 9.723661e-04 9.987897e-01 1.955399e+01
9.989805e-01 3.794960e-04 -4.514041e-02 4.986333e+01 -3.438112e-04 9.999996e-01 7.982415e-04 -2.035573e+00 4.514079e-02 -7.819106e-04 9.989803e-01 1.969110e+01
9.987146e-01 -2.593397e-04 5.068596e-02 5.049618e+01 3.101059e-04 9.999995e-01 -9.937594e-04 -2.058035e+00 -5.068577e-02 1.008203e-03 9.987142e-01 1.974725e+01
9.990794e-01 3.675646e-04 -4.289651e-02 5.091881e+01 -3.345958e-04 9.999996e-01 7.756919e-04 -2.076236e+00 4.289688e-02 -7.606275e-04 9.990792e-01 2.005330e+01
9.988840e-01 -2.515397e-04 4.723149e-02 5.118856e+01 2.948439e-04 9.999995e-01 -9.099282e-04 -2.091577e+00 -4.723134e-02 9.228414e-04 9.988836e-01 2.045794e+01
9.990688e-01 3.984919e-04 -4.314349e-02 5.160738e+01 -3.646686e-04 9.999996e-01 7.917881e-04 -2.110234e+00 4.314389e-02 -7.753204e-04 9.990685e-01 2.079144e+01
9.987129e-01 -3.545491e-04 5.072036e-02 5.188288e+01 4.062954e-04 9.999994e-01 -1.009961e-03 -2.124161e+00 -5.072007e-02 1.029271e-03 9.987124e-01 2.109519e+01
9.991026e-01 4.324524e-04 -4.235172e-02 5.233325e+01 -3.993949e-04 9.999996e-01 7.889541e-04 -2.141781e+00 4.235214e-02 -7.713337e-04 9.991024e-01 2.127189e+01
9.986526e-01 -3.954763e-04 5.189255e-02 5.259898e+01 4.498562e-04 9.999994e-01 -1.036297e-03 -2.157224e+00 -5.189221e-02 1.058247e-03 9.986522e-01 2.168856e+01
9.988293e-01 5.010090e-04 -4.837035e-02 5.297600e+01 -4.576555e-04 9.999995e-01 9.073067e-04 -2.173600e+00 4.837087e-02 -8.841103e-04 9.988290e-01 2.193918e+01
9.986778e-01 -4.080384e-04 5.140492e-02 5.338944e+01 4.597797e-04 9.999994e-01 -9.947629e-04 -2.188887e+00 -5.140458e-02 1.017085e-03 9.986775e-01 2.195521e+01
9.988688e-01 5.081385e-04 -4.754785e-02 5.397352e+01 -4.682144e-04 9.999995e-01 8.507482e-04 -2.209091e+00 4.754836e-02 -8.275259e-04 9.988685e-01 2.188582e+01
9.986972e-01 -3.492907e-04 5.102715e-02 5.464682e+01 3.997417e-04 9.999994e-01 -9.785465e-04 -2.233491e+00 -5.102687e-02 9.976721e-04 9.986968e-01 2.198429e+01
9.988809e-01 4.943511e-04 -4.729331e-02 5.524928e+01 -4.553868e-04 9.999995e-01 8.346074e-04 -2.255977e+00 4.729380e-02 -8.121393e-04 9.988806e-01 2.212935e+01
9.984170e-01 -4.033725e-04 5.624436e-02 5.581599e+01 4.650971e-04 9.999993e-01 -1.084389e-03 -2.276731e+00 -5.624398e-02 1.108834e-03 9.984165e-01 2.223766e+01
9.984992e-01 5.590357e-04 -5.476276e-02 5.631846e+01 -5.026122e-04 9.999993e-01 1.044051e-03 -2.296380e+00 5.476341e-02 -1.014962e-03 9.984988e-01 2.241859e+01
9.985242e-01 -4.425390e-04 5.430705e-02 5.659487e+01 4.980568e-04 9.999994e-01 -1.008804e-03 -2.309909e+00 -5.430667e-02 1.034366e-03 9.985238e-01 2.267979e+01
9.984893e-01 5.029440e-04 -5.494352e-02 5.699877e+01 -4.498254e-04 9.999994e-01 9.791047e-04 -2.324706e+00 5.494408e-02 -9.529132e-04 9.984889e-01 2.264086e+01
9.985296e-01 -4.118708e-04 5.420901e-02 5.758070e+01 4.695866e-04 9.999993e-01 -1.051995e-03 -2.344107e+00 -5.420864e-02 1.075907e-03 9.985291e-01 2.246880e+01
9.984754e-01 5.110071e-04 -5.519596e-02 5.811508e+01 -4.556138e-04 9.999994e-01 1.016113e-03 -2.360213e+00 5.519654e-02 -9.894183e-04 9.984750e-01 2.210532e+01
9.985730e-01 -4.409876e-04 5.340354e-02 5.857300e+01 4.973743e-04 9.999993e-01 -1.042613e-03 -2.375350e+00 -5.340314e-02 1.067690e-03 9.985725e-01 2.192834e+01
9.984981e-01 5.069463e-04 -5.478267e-02 5.903133e+01 -4.520485e-04 9.999994e-01 1.014446e-03 -2.391795e+00 5.478325e-02 -9.881604e-04 9.984977e-01 2.188796e+01
9.985945e-01 -4.339123e-04 5.299927e-02 5.945114e+01 4.887701e-04 9.999994e-01 -1.022150e-03 -2.407225e+00 -5.299889e-02 1.046621e-03 9.985941e-01 2.188235e+01
9.985059e-01 5.169066e-04 -5.464054e-02 5.987789e+01 -4.613101e-04 9.999994e-01 1.030060e-03 -2.423480e+00 5.464113e-02 -1.003317e-03 9.985055e-01 2.194471e+01
9.985614e-01 -4.320588e-04 5.361855e-02 6.029842e+01 4.889194e-04 9.999993e-01 -1.047392e-03 -2.439413e+00 -5.361816e-02 1.072103e-03 9.985610e-01 2.198577e+01
9.985553e-01 5.099784e-04 -5.373021e-02 6.075063e+01 -4.564882e-04 9.999994e-01 1.007758e-03 -2.456539e+00 5.373079e-02 -9.817772e-04 9.985549e-01 2.203127e+01
9.986120e-01 -4.200812e-04 5.266937e-02 6.120742e+01 4.743402e-04 9.999994e-01 -1.017726e-03 -2.473895e+00 -5.266901e-02 1.041299e-03 9.986115e-01 2.210279e+01
9.984192e-01 5.411360e-04 -5.620194e-02 6.154218e+01 -4.805466e-04 9.999993e-01 1.091533e-03 -2.487424e+00 5.620259e-02 -1.062803e-03 9.984188e-01 2.220274e+01
9.985328e-01 -4.585508e-04 5.414912e-02 6.177080e+01 5.141332e-04 9.999994e-01 -1.012582e-03 -2.499125e+00 -5.414871e-02 1.038939e-03 9.985324e-01 2.245114e+01
9.985920e-01 6.451896e-04 -5.304325e-02 6.229951e+01 -5.948284e-04 9.999994e-01 9.651736e-04 -2.520617e+00 5.304394e-02 -9.322657e-04 9.985917e-01 2.273475e+01
9.982937e-01 -4.471528e-04 5.839136e-02 6.280532e+01 5.123452e-04 9.999993e-01 -1.101542e-03 -2.542755e+00 -5.839092e-02 1.129582e-03 9.982932e-01 2.314119e+01
9.982671e-01 6.353254e-04 -5.884135e-02 6.313719e+01 -5.680891e-04 9.999992e-01 1.159352e-03 -2.560188e+00 5.884213e-02 -1.123919e-03 9.982666e-01 2.356869e+01
9.983185e-01 -4.686565e-04 5.796589e-02 6.358146e+01 5.338510e-04 9.999992e-01 -1.109260e-03 -2.578922e+00 -5.796543e-02 1.138342e-03 9.983180e-01 2.383429e+01
9.983299e-01 6.478852e-04 -5.776579e-02 6.413311e+01 -5.862928e-04 9.999992e-01 1.083146e-03 -2.600352e+00 5.776655e-02 -1.047472e-03 9.983295e-01 2.406490e+01
9.979476e-01 -4.880192e-04 6.403434e-02 6.473445e+01 5.712491e-04 9.999990e-01 -1.281500e-03 -2.622869e+00 -6.403375e-02 1.315453e-03 9.979469e-01 2.425543e+01
9.982342e-01 6.781664e-04 -5.939649e-02 6.534002e+01 -6.126712e-04 9.999992e-01 1.120842e-03 -2.646164e+00 5.939730e-02 -1.082475e-03 9.982338e-01 2.450376e+01
9.981431e-01 -4.959737e-04 6.091088e-02 6.588484e+01 5.683757e-04 9.999992e-01 -1.171368e-03 -2.667231e+00 -6.091034e-02 1.203816e-03 9.981426e-01 2.470805e+01
9.985261e-01 6.002722e-04 -5.426999e-02 6.633179e+01 -5.460040e-04 9.999993e-01 1.014745e-03 -2.684414e+00 5.427066e-02 -9.836202e-04 9.985257e-01 2.486035e+01
9.984860e-01 -4.955602e-04 5.500450e-02 6.665190e+01 5.528498e-04 9.999993e-01 -1.026372e-03 -2.698909e+00 -5.500405e-02 1.055230e-03 9.984856e-01 2.510193e+01
9.987573e-01 5.992741e-04 -4.983324e-02 6.716765e+01 -5.568319e-04 9.999995e-01 8.655161e-04 -2.718516e+00 4.983383e-02 -8.366945e-04 9.987571e-01 2.525123e+01
9.977601e-01 -6.543103e-04 6.689164e-02 6.760224e+01 7.444984e-04 9.999988e-01 -1.323385e-03 -2.735985e+00 -6.689079e-02 1.370224e-03 9.977594e-01 2.543785e+01
9.984816e-01 7.019608e-04 -5.508070e-02 6.807597e+01 -6.489092e-04 9.999993e-01 9.809942e-04 -2.754784e+00 5.508145e-02 -9.437650e-04 9.984814e-01 2.563872e+01
9.978521e-01 -6.320433e-04 6.550484e-02 6.857743e+01 7.144018e-04 9.999990e-01 -1.233908e-03 -2.774087e+00 -6.550409e-02 1.278057e-03 9.978515e-01 2.582463e+01
9.986022e-01 6.391420e-04 -5.285108e-02 6.904268e+01 -5.924792e-04 9.999994e-01 8.985253e-04 -2.792120e+00 5.285172e-02 -8.659588e-04 9.986019e-01 2.598609e+01
9.978690e-01 -5.614565e-04 6.524804e-02 6.967461e+01 6.448904e-04 9.999990e-01 -1.257701e-03 -2.815061e+00 -6.524736e-02 1.297102e-03 9.978683e-01 2.609400e+01
9.981962e-01 6.888404e-04 -6.003100e-02 7.031009e+01 -6.259529e-04 9.999992e-01 1.066338e-03 -2.838131e+00 6.003179e-02 -1.026841e-03 9.981959e-01 2.622661e+01
9.981022e-01 -5.211759e-04 6.157800e-02 7.101252e+01 5.955104e-04 9.999991e-01 -1.188852e-03 -2.862974e+00 -6.157742e-02 1.223269e-03 9.981016e-01 2.626485e+01
9.991099e-01 4.129496e-04 -4.218049e-02 7.160151e+01 -3.863952e-04 9.999997e-01 6.376321e-04 -2.884371e+00 4.218084e-02 -6.207689e-04 9.991097e-01 2.634026e+01
9.980815e-01 -4.108875e-04 6.191264e-02 7.221864e+01 4.881447e-04 9.999991e-01 -1.232761e-03 -2.906958e+00 -6.191217e-02 1.260621e-03 9.980809e-01 2.644142e+01
9.985250e-01 5.320204e-04 -5.428960e-02 7.275378e+01 -4.788248e-04 9.999994e-01 9.927996e-04 -2.927802e+00 5.429019e-02 -9.653428e-04 9.985247e-01 2.667798e+01
9.982782e-01 -3.754210e-04 5.865638e-02 7.340516e+01 4.452107e-04 9.999992e-01 -1.176785e-03 -2.951859e+00 -5.865599e-02 1.200876e-03 9.982776e-01 2.684087e+01
9.983663e-01 5.509441e-04 -5.713499e-02 7.419968e+01 -4.899128e-04 9.999993e-01 1.082148e-03 -2.979968e+00 5.713564e-02 -1.052392e-03 9.983658e-01 2.691175e+01
9.984555e-01 -3.618151e-04 5.555776e-02 7.486033e+01 4.219157e-04 9.999993e-01 -1.070087e-03 -3.004150e+00 -5.555744e-02 1.091878e-03 9.984550e-01 2.704142e+01
9.984694e-01 5.635353e-04 -5.530255e-02 7.563639e+01 -5.095433e-04 9.999994e-01 9.903488e-04 -3.031617e+00 5.530317e-02 -9.606567e-04 9.984691e-01 2.711716e+01
9.981799e-01 -3.017807e-04 6.030721e-02 7.659782e+01 3.742230e-04 9.999992e-01 -1.189972e-03 -3.065588e+00 -6.030691e-02 1.210378e-03 9.981792e-01 2.730796e+01
9.985024e-01 5.366093e-04 -5.470480e-02 7.734343e+01 -4.837003e-04 9.999994e-01 9.803570e-04 -3.093901e+00 5.470539e-02 -9.524308e-04 9.985020e-01 2.761807e+01
9.983490e-01 -3.457186e-04 5.743886e-02 7.793199e+01 4.087411e-04 9.999993e-01 -1.085510e-03 -3.116742e+00 -5.743854e-02 1.107198e-03 9.983485e-01 2.787342e+01
9.982372e-01 4.948619e-04 -5.934727e-02 7.830225e+01 -4.271533e-04 9.999992e-01 1.153523e-03 -3.133374e+00 5.934790e-02 -1.126142e-03 9.982367e-01 2.815918e+01
9.980920e-01 -3.188485e-04 6.174390e-02 7.871657e+01 3.950705e-04 9.999992e-01 -1.222323e-03 -3.152168e+00 -6.174356e-02 1.244387e-03 9.980913e-01 2.852404e+01
9.981692e-01 5.398837e-04 -6.048075e-02 7.928738e+01 -4.704843e-04 9.999992e-01 1.161651e-03 -3.175325e+00 6.048143e-02 -1.131072e-03 9.981686e-01 2.882556e+01
9.981541e-01 -2.897341e-04 6.073157e-02 7.992401e+01 3.606855e-04 9.999993e-01 -1.157361e-03 -3.200275e+00 -6.073129e-02 1.177132e-03 9.981535e-01 2.910424e+01
9.980710e-01 5.084372e-04 -6.208040e-02 8.034911e+01 -4.333698e-04 9.999992e-01 1.222610e-03 -3.219863e+00 6.208107e-02 -1.193351e-03 9.980703e-01 2.948871e+01
9.981409e-01 -2.849412e-04 6.094854e-02 8.087841e+01 3.564668e-04 9.999993e-01 -1.162712e-03 -3.241828e+00 -6.094827e-02 1.182279e-03 9.981403e-01 2.979994e+01
9.982013e-01 4.503392e-04 -5.994939e-02 8.135279e+01 -3.842510e-04 9.999993e-01 1.113877e-03 -3.261103e+00 5.994995e-02 -1.088841e-03 9.982007e-01 3.003988e+01
9.982016e-01 -2.210252e-04 5.994658e-02 8.203938e+01 2.890629e-04 9.999993e-01 -1.126345e-03 -3.286815e+00 -5.994639e-02 1.141650e-03 9.982010e-01 3.024866e+01
9.982075e-01 4.794221e-04 -5.984490e-02 8.270629e+01 -4.130635e-04 9.999993e-01 1.121164e-03 -3.312601e+00 5.984550e-02 -1.094437e-03 9.982070e-01 3.051889e+01
9.981763e-01 -2.457234e-04 6.036639e-02 8.340018e+01 3.153695e-04 9.999993e-01 -1.144239e-03 -3.338660e+00 -6.036617e-02 1.161193e-03 9.981757e-01 3.072596e+01
9.981725e-01 4.688872e-04 -6.042712e-02 8.377426e+01 -3.983559e-04 9.999992e-01 1.179210e-03 -3.357237e+00 6.042773e-02 -1.152986e-03 9.981719e-01 3.115276e+01
9.982228e-01 -2.877250e-04 5.959219e-02 8.382568e+01 3.511581e-04 9.999994e-01 -1.054025e-03 -3.371917e+00 -5.959195e-02 1.073081e-03 9.982223e-01 3.184370e+01
9.981641e-01 4.866477e-04 -6.056440e-02 8.399130e+01 -4.164355e-04 9.999992e-01 1.171870e-03 -3.387818e+00 6.056503e-02 -1.144500e-03 9.981635e-01 3.246083e+01
9.982463e-01 -3.124970e-04 5.919662e-02 8.419003e+01 3.767585e-04 9.999994e-01 -1.074444e-03 -3.402894e+00 -5.919634e-02 1.094865e-03 9.982458e-01 3.297371e+01
9.981772e-01 4.967797e-04 -6.034826e-02 8.431025e+01 -4.247050e-04 9.999992e-01 1.207087e-03 -3.418009e+00 6.034891e-02 -1.179260e-03 9.981766e-01 3.361279e+01
9.982567e-01 -2.984323e-04 5.902164e-02 8.452374e+01 3.632363e-04 9.999993e-01 -1.087285e-03 -3.434325e+00 -5.902137e-02 1.106831e-03 9.982562e-01 3.418146e+01
9.981702e-01 4.876493e-04 -6.046449e-02 8.482034e+01 -4.179420e-04 9.999992e-01 1.165462e-03 -3.451079e+00 6.046511e-02 -1.138062e-03 9.981696e-01 3.463126e+01
9.983331e-01 -3.126176e-04 5.771482e-02 8.504682e+01 3.718051e-04 9.999994e-01 -1.014822e-03 -3.465912e+00 -5.771457e-02 1.034591e-03 9.983326e-01 3.509194e+01
9.982303e-01 4.809923e-04 -5.946292e-02 8.526990e+01 -4.157108e-04 9.999993e-01 1.110173e-03 -3.480941e+00 5.946351e-02 -1.083491e-03 9.982298e-01 3.557137e+01
9.983749e-01 -3.454451e-04 5.698671e-02 8.542859e+01 4.012257e-04 9.999995e-01 -9.674393e-04 -3.494580e+00 -5.698644e-02 9.887344e-04 9.983745e-01 3.606634e+01
9.981624e-01 5.021927e-04 -6.059334e-02 8.558340e+01 -4.323544e-04 9.999992e-01 1.165636e-03 -3.508397e+00 6.059398e-02 -1.137299e-03 9.981618e-01 3.658109e+01
9.983548e-01 -3.401926e-04 5.733868e-02 8.582399e+01 3.977296e-04 9.999994e-01 -9.920898e-04 -3.522643e+00 -5.733841e-02 1.013266e-03 9.983543e-01 3.697990e+01
9.982464e-01 5.136234e-04 -5.919311e-02 8.603814e+01 -4.489856e-04 9.999993e-01 1.105232e-03 -3.538257e+00 5.919373e-02 -1.076720e-03 9.982459e-01 3.750421e+01
9.987155e-01 -2.545337e-04 5.066882e-02 8.621519e+01 2.930091e-04 9.999997e-01 -7.519706e-04 -3.551756e+00 -5.066871e-02 7.658538e-04 9.987153e-01 3.796487e+01
9.984361e-01 4.719977e-04 -5.590219e-02 8.641876e+01 -4.164746e-04 9.999994e-01 1.004820e-03 -3.566661e+00 5.590273e-02 -9.799691e-04 9.984357e-01 3.847195e+01
9.986527e-01 -2.626408e-04 5.189162e-02 8.676593e+01 3.048045e-04 9.999996e-01 -8.046650e-04 -3.584367e+00 -5.189149e-02 8.194004e-04 9.986525e-01 3.890484e+01
9.985172e-01 4.549445e-04 -5.443417e-02 8.721378e+01 -4.055647e-04 9.999995e-01 9.181445e-04 -3.604159e+00 5.443466e-02 -8.947090e-04 9.985169e-01 3.925067e+01
9.986011e-01 -2.808572e-04 5.287549e-02 8.763114e+01 3.256604e-04 9.999996e-01 -8.387630e-04 -3.623200e+00 -5.287533e-02 8.548118e-04 9.986008e-01 3.960246e+01
9.985436e-01 4.557402e-04 -5.394826e-02 8.818023e+01 -4.091673e-04 9.999995e-01 8.742854e-04 -3.644642e+00 5.394874e-02 -8.509407e-04 9.985433e-01 3.981308e+01
9.985688e-01 -2.571615e-04 5.348199e-02 8.865219e+01 3.016550e-04 9.999996e-01 -8.239049e-04 -3.665280e+00 -5.348186e-02 8.388614e-04 9.985685e-01 4.015320e+01
9.986111e-01 4.872338e-04 -5.268400e-02 8.928677e+01 -4.450418e-04 9.999996e-01 8.125334e-04 -3.690410e+00 5.268447e-02 -7.879608e-04 9.986108e-01 4.045265e+01
9.984632e-01 -2.683633e-04 5.541874e-02 9.018011e+01 3.211085e-04 9.999995e-01 -9.428941e-04 -3.722096e+00 -5.541856e-02 9.592431e-04 9.984628e-01 4.058654e+01
9.988218e-01 4.718333e-04 -4.852497e-02 9.119185e+01 -4.398688e-04 9.999997e-01 6.693510e-04 -3.756873e+00 4.852536e-02 -6.472203e-04 9.988217e-01 4.065921e+01
9.984849e-01 -2.665148e-04 5.502706e-02 9.209069e+01 3.157111e-04 9.999996e-01 -8.853877e-04 -3.788312e+00 -5.502690e-02 9.014215e-04 9.984845e-01 4.079120e+01
9.986796e-01 4.738970e-04 -5.136836e-02 9.292361e+01 -4.357106e-04 9.999996e-01 7.545306e-04 -3.818028e+00 5.136880e-02 -7.311551e-04 9.986794e-01 4.093077e+01
9.985277e-01 -2.601361e-04 5.424467e-02 9.363849e+01 3.048619e-04 9.999996e-01 -8.162862e-04 -3.844442e+00 -5.424454e-02 8.316241e-04 9.985274e-01 4.111493e+01
9.986801e-01 4.742702e-04 -5.135943e-02 9.428907e+01 -4.367976e-04 9.999996e-01 7.407895e-04 -3.869205e+00 5.135986e-02 -7.173805e-04 9.986799e-01 4.134121e+01
9.985658e-01 -2.780637e-04 5.353914e-02 9.504214e+01 3.215722e-04 9.999996e-01 -8.040778e-04 -3.896607e+00 -5.353899e-02 8.201438e-04 9.985655e-01 4.148192e+01
9.986912e-01 4.843994e-04 -5.114209e-02 9.563119e+01 -4.462437e-04 9.999996e-01 7.574408e-04 -3.919818e+00 5.114254e-02 -7.336300e-04 9.986910e-01 4.175075e+01
9.985634e-01 -2.321156e-04 5.358422e-02 9.641748e+01 2.788076e-04 9.999996e-01 -8.639434e-04 -3.949082e+00 -5.358410e-02 8.776445e-04 9.985630e-01 4.201648e+01
9.986980e-01 4.623195e-04 -5.100877e-02 9.707542e+01 -4.224347e-04 9.999996e-01 7.926508e-04 -3.974613e+00 5.100922e-02 -7.700734e-04 9.986978e-01 4.231718e+01
9.985427e-01 -3.084974e-04 5.396805e-02 9.740230e+01 3.550029e-04 9.999996e-01 -8.521795e-04 -3.990815e+00 -5.396787e-02 8.700989e-04 9.985423e-01 4.268068e+01
9.987861e-01 4.693127e-04 -4.925424e-02 9.779525e+01 -4.356487e-04 9.999997e-01 6.941562e-04 -4.009486e+00 4.925465e-02 -6.718585e-04 9.987860e-01 4.308096e+01
9.986016e-01 -3.614087e-04 5.286576e-02 9.816014e+01 4.040495e-04 9.999996e-01 -7.959427e-04 -4.025623e+00 -5.286555e-02 8.161925e-04 9.986014e-01 4.337109e+01
9.987015e-01 4.671989e-04 -5.094199e-02 9.846927e+01 -4.305490e-04 9.999996e-01 7.303655e-04 -4.040360e+00 5.094241e-02 -7.074864e-04 9.987013e-01 4.366495e+01
9.984468e-01 -2.828163e-04 5.571357e-02 9.896002e+01 3.312007e-04 9.999996e-01 -8.592594e-04 -4.061153e+00 -5.571341e-02 8.763797e-04 9.984465e-01 4.400926e+01
9.986555e-01 4.575275e-04 -5.183549e-02 9.946960e+01 -4.193732e-04 9.999996e-01 7.468904e-04 -4.081876e+00 5.183591e-02 -7.241502e-04 9.986553e-01 4.427567e+01
9.985776e-01 -2.681497e-04 5.331764e-02 1.001753e+02 3.108080e-04 9.999996e-01 -7.918308e-04 -4.107984e+00 -5.331751e-02 8.072786e-04 9.985773e-01 4.442994e+01
9.985995e-01 3.994057e-04 -5.290318e-02 1.008312e+02 -3.606309e-04 9.999997e-01 7.424361e-04 -4.131880e+00 5.290356e-02 -7.223202e-04 9.985993e-01 4.452279e+01
9.985692e-01 -2.463547e-04 5.347460e-02 1.013722e+02 2.875699e-04 9.999997e-01 -7.630923e-04 -4.152875e+00 -5.347450e-02 7.773807e-04 9.985690e-01 4.470985e+01
9.986556e-01 4.069477e-04 -5.183389e-02 1.019030e+02 -3.698040e-04 9.999997e-01 7.261324e-04 -4.173637e+00 5.183427e-02 -7.059902e-04 9.986554e-01 4.491447e+01
9.985710e-01 -2.384030e-04 5.344174e-02 1.023257e+02 2.781050e-04 9.999997e-01 -7.355086e-04 -4.192299e+00 -5.344165e-02 7.493224e-04 9.985707e-01 4.523402e+01
9.986405e-01 4.174638e-04 -5.212406e-02 1.028775e+02 -3.816702e-04 9.999997e-01 6.966046e-04 -4.214313e+00 5.212443e-02 -6.757657e-04 9.986403e-01 4.549007e+01
9.985179e-01 -2.675369e-04 5.442506e-02 1.035100e+02 3.097574e-04 9.999997e-01 -7.673629e-04 -4.237614e+00 -5.442494e-02 7.830866e-04 9.985176e-01 4.561946e+01
9.986373e-01 4.048769e-04 -5.218553e-02 1.039719e+02 -3.689357e-04 9.999997e-01 6.983035e-04 -4.256264e+00 5.218590e-02 -6.781011e-04 9.986371e-01 4.584169e+01
9.986251e-01 -2.853953e-04 5.241998e-02 1.044288e+02 3.233361e-04 9.999997e-01 -7.153494e-04 -4.274538e+00 -5.241986e-02 7.313176e-04 9.986249e-01 4.602207e+01
9.986025e-01 4.225003e-04 -5.284690e-02 1.048880e+02 -3.844857e-04 9.999997e-01 7.294507e-04 -4.293078e+00 5.284729e-02 -7.081148e-04 9.986023e-01 4.623265e+01
9.986717e-01 -2.234957e-04 5.152582e-02 1.054755e+02 2.593093e-04 9.999997e-01 -6.884210e-04 -4.316444e+00 -5.152576e-02 7.008702e-04 9.986715e-01 4.651852e+01
9.985480e-01 4.171540e-04 -5.386705e-02 1.059404e+02 -3.756031e-04 9.999996e-01 7.814354e-04 -4.337108e+00 5.386745e-02 -7.600705e-04 9.985478e-01 4.690057e+01
9.986393e-01 -2.344015e-04 5.214956e-02 1.064423e+02 2.723171e-04 9.999997e-01 -7.199945e-04 -4.358024e+00 -5.214947e-02 7.332184e-04 9.986391e-01 4.720593e+01
9.985346e-01 2.925239e-04 -5.411486e-02 1.070744e+02 -2.580721e-04 9.999998e-01 6.435836e-04 -4.378158e+00 5.411514e-02 -6.286774e-04 9.985345e-01 4.692427e+01
9.986539e-01 -2.079901e-04 5.186889e-02 1.077358e+02 2.455830e-04 9.999997e-01 -7.184386e-04 -4.398409e+00 -5.186883e-02 7.302121e-04 9.986537e-01 4.657531e+01
9.985677e-01 3.090492e-04 -5.350083e-02 1.083997e+02 -2.732940e-04 9.999997e-01 6.755794e-04 -4.421411e+00 5.350113e-02 -6.599927e-04 9.985675e-01 4.653697e+01
9.987632e-01 -1.573811e-04 4.971998e-02 1.090957e+02 1.900694e-04 9.999998e-01 -6.527654e-04 -4.444587e+00 -4.971997e-02 6.614108e-04 9.987630e-01 4.641565e+01
9.986247e-01 2.319860e-04 -5.242713e-02 1.097816e+02 -2.010450e-04 9.999998e-01 5.953988e-04 -4.466542e+00 5.242736e-02 -5.840421e-04 9.986245e-01 4.617655e+01
9.988127e-01 -1.211167e-04 4.871599e-02 1.104600e+02 1.497900e-04 9.999998e-01 -5.849764e-04 -4.488733e+00 -4.871601e-02 5.915815e-04 9.988126e-01 4.601556e+01
9.986808e-01 2.848454e-04 -5.134660e-02 1.113198e+02 -2.562341e-04 9.999998e-01 5.637554e-04 -4.517993e+00 5.134685e-02 -5.498573e-04 9.986807e-01 4.599628e+01
9.987769e-01 -1.057312e-04 4.944503e-02 1.121204e+02 1.332003e-04 9.999998e-01 -5.522971e-04 -4.546515e+00 -4.944506e-02 5.582101e-04 9.987767e-01 4.612573e+01
9.986533e-01 1.886727e-04 -5.187932e-02 1.128433e+02 -1.627144e-04 9.999999e-01 5.045380e-04 -4.570537e+00 5.187951e-02 -4.954194e-04 9.986532e-01 4.599279e+01
9.988765e-01 -8.772155e-05 4.738927e-02 1.135480e+02 1.130058e-04 9.999999e-01 -5.309113e-04 -4.591786e+00 -4.738931e-02 5.356726e-04 9.988764e-01 4.561555e+01
9.987045e-01 2.553583e-04 -5.088401e-02 1.144542e+02 -2.292372e-04 9.999998e-01 5.191359e-04 -4.621691e+00 5.088423e-02 -5.068013e-04 9.987044e-01 4.549495e+01
9.989087e-01 -7.499479e-05 4.670742e-02 1.153330e+02 9.753040e-05 9.999999e-01 -4.802525e-04 -4.650607e+00 -4.670747e-02 4.842862e-04 9.989085e-01 4.536783e+01
9.987543e-01 2.241733e-04 -4.989615e-02 1.162033e+02 -2.013219e-04 9.999999e-01 4.629577e-04 -4.678906e+00 4.989635e-02 -4.523382e-04 9.987542e-01 4.517870e+01
9.988384e-01 -1.591025e-04 4.818700e-02 1.169687e+02 1.859822e-04 9.999998e-01 -5.533819e-04 -4.701781e+00 -4.818700e-02 5.617035e-04 9.988382e-01 4.471606e+01
9.987300e-01 2.282515e-04 -5.038005e-02 1.176494e+02 -2.039080e-04 9.999999e-01 4.882896e-04 -4.722050e+00 5.038025e-02 -4.773989e-04 9.987299e-01 4.428659e+01
9.988820e-01 -1.816095e-04 4.727291e-02 1.183146e+02 2.065126e-04 9.999998e-01 -5.219573e-04 -4.742367e+00 -4.727291e-02 5.311387e-04 9.988819e-01 4.393670e+01
9.987352e-01 2.152736e-04 -5.027725e-02 1.188685e+02 -1.880386e-04 9.999998e-01 5.463805e-04 -4.761043e+00 5.027746e-02 -5.362378e-04 9.987351e-01 4.383474e+01
9.988318e-01 -1.370243e-04 4.832336e-02 1.194713e+02 1.640109e-04 9.999998e-01 -5.545383e-04 -4.782301e+00 -4.832337e-02 5.618185e-04 9.988316e-01 4.383021e+01
9.987066e-01 1.930795e-04 -5.084379e-02 1.201305e+02 -1.661243e-04 9.999998e-01 5.343381e-04 -4.804035e+00 5.084398e-02 -5.252030e-04 9.987064e-01 4.366789e+01
9.988246e-01 -1.331749e-04 4.847082e-02 1.208221e+02 1.614083e-04 9.999998e-01 -5.786140e-04 -4.826278e+00 -4.847084e-02 5.857600e-04 9.988245e-01 4.343526e+01
9.987135e-01 1.774366e-04 -5.070758e-02 1.215270e+02 -1.517439e-04 9.999999e-01 5.104860e-04 -4.848466e+00 5.070776e-02 -5.021371e-04 9.987134e-01 4.313795e+01
9.987826e-01 -1.273657e-04 4.932912e-02 1.221076e+02 1.564050e-04 9.999998e-01 -5.848689e-04 -4.867924e+00 -4.932913e-02 5.918747e-04 9.987825e-01 4.297772e+01
9.986692e-01 1.663148e-04 -5.157280e-02 1.226183e+02 -1.388617e-04 9.999998e-01 5.358557e-04 -4.884828e+00 5.157298e-02 -5.279835e-04 9.986690e-01 4.279741e+01
