9.999497e-01 3.320148e-05 1.003270e-02 5.196737e-01 -3.012326e-05 1.000000e+00 -3.069714e-04 -1.960579e-02 -1.003271e-02 3.066533e-04 9.999497e-01 1.349630e-01
9.999895e-01 6.255302e-05 -4.585968e-03 1.023919e+00 -6.202947e-05 1.000000e+00 1.143032e-04 -3.979795e-02 4.585977e-03 -1.140171e-04 9.999894e-01 3.817126e-01
9.998806e-01 -5.209254e-05 1.545560e-02 1.526788e+00 5.918115e-05 9.999999e-01 -4.581872e-04 -5.994833e-02 -1.545558e-02 4.590468e-04 9.998806e-01 6.252983e-01
9.999896e-01 -4.805102e-05 4.566852e-03 2.010275e+00 4.877427e-05 1.000000e+00 -1.582566e-04 -7.973575e-02 -4.566840e-03 1.584781e-04 9.999895e-01 8.617269e-01
9.999636e-01 -7.110878e-05 8.531844e-03 2.394940e+00 7.309730e-05 1.000000e+00 -2.327591e-04 -9.621884e-02 -8.531833e-03 2.333740e-04 9.999637e-01 1.088223e+00
9.999870e-01 7.814056e-05 -5.107645e-03 2.718672e+00 -7.758132e-05 1.000000e+00 1.096887e-04 -1.085291e-01 5.107660e-03 -1.092907e-04 9.999868e-01 1.112891e+00
9.999499e-01 -6.578513e-05 1.000541e-02 3.131703e+00 6.839640e-05 1.000000e+00 -2.606453e-04 -1.234405e-01 -1.000540e-02 2.613163e-04 9.999500e-01 1.093622e+00
9.999826e-01 9.943523e-05 -5.890508e-03 3.557942e+00 -9.861383e-05 1.000000e+00 1.397337e-04 -1.388568e-01 5.890529e-03 -1.391502e-04 9.999825e-01 1.083695e+00
9.999891e-01 -1.443562e-05 4.675740e-03 3.960251e+00 1.497490e-05 1.000000e+00 -1.153009e-04 -1.562894e-01 -4.675745e-03 1.153694e-04 9.999892e-01 1.341635e+00
9.999533e-01 1.583881e-04 -9.659963e-03 4.275645e+00 -1.560119e-04 1.000000e+00 2.467407e-04 -1.703261e-01 9.660008e-03 -2.452219e-04 9.999532e-01 1.551571e+00
9.999776e-01 -7.000850e-05 6.690452e-03 4.651601e+00 7.163614e-05 1.000000e+00 -2.430395e-04 -1.851091e-01 -6.690441e-03 2.435131e-04 9.999777e-01 1.653731e+00
9.998923e-01 2.792560e-04 -1.467661e-02 4.753675e+00 -2.719483e-04 9.999998e-01 4.999083e-04 -1.905001e-01 1.467675e-02 -4.958628e-04 9.998921e-01 1.690110e+00
9.998835e-01 -2.762183e-04 1.525837e-02 4.733866e+00 2.847046e-04 9.999998e-01 -5.540051e-04 -1.925533e-01 -1.525822e-02 5.582844e-04 9.998835e-01 1.736077e+00
9.997988e-01 3.441881e-04 -2.005373e-02 4.720361e+00 -3.303510e-04 9.999997e-01 6.933085e-04 -1.981447e-01 2.005397e-02 -6.865440e-04 9.997986e-01 1.999218e+00
9.998142e-01 -3.090688e-04 1.927406e-02 4.760806e+00 3.216025e-04 9.999997e-01 -6.471918e-04 -2.083765e-01 -1.927386e-02 6.532699e-04 9.998141e-01 2.443626e+00
9.999676e-01 1.659060e-04 -8.051448e-03 4.953362e+00 -1.632187e-04 9.999999e-01 3.344168e-04 -2.204274e-01 8.051509e-03 -3.330915e-04 9.999674e-01 2.761597e+00
9.997568e-01 -2.995558e-04 2.204890e-02 5.246255e+00 3.168579e-04 9.999996e-01 -7.812289e-04 -2.334738e-01 -2.204867e-02 7.880251e-04 9.997567e-01 2.920879e+00
9.999704e-01 1.841569e-04 -7.697376e-03 5.538745e+00 -1.814250e-04 9.999999e-01 3.556068e-04 -2.462071e-01 7.697450e-03 -3.541995e-04 9.999702e-01 3.042217e+00
9.999260e-01 -1.840171e-04 1.216500e-02 5.759703e+00 1.896985e-04 9.999999e-01 -4.658771e-04 -2.572543e-01 -1.216492e-02 4.681501e-04 9.999260e-01 3.225772e+00
9.999199e-01 -3.892136e-05 1.265772e-02 6.010303e+00 4.269937e-05 1.000000e+00 -2.982038e-04 -2.710456e-01 -1.265770e-02 2.987205e-04 9.999197e-01 3.497279e+00
9.999784e-01 -1.343695e-04 6.577189e-03 6.303700e+00 1.361550e-04 1.000000e+00 -2.710195e-04 -2.860622e-01 -6.577166e-03 2.719091e-04 9.999784e-01 3.803345e+00
9.998292e-01 -9.575691e-05 1.848234e-02 6.609748e+00 1.047401e-04 9.999999e-01 -4.850722e-04 -3.001212e-01 -1.848227e-02 4.869252e-04 9.998290e-01 3.984853e+00
9.999979e-01 -9.248699e-05 2.027328e-03 6.893461e+00 9.275808e-05 1.000000e+00 -1.336396e-04 -3.136251e-01 -2.027334e-03 1.338275e-04 9.999980e-01 4.197509e+00
9.999957e-01 8.748046e-05 2.916508e-03 7.122152e+00 -8.727244e-05 1.000000e+00 -7.144547e-05 -3.215396e-01 -2.916495e-03 7.119052e-05 9.999956e-01 4.097686e+00
9.996752e-01 -4.073237e-04 2.548308e-02 7.234888e+00 4.270804e-04 9.999996e-01 -7.698500e-04 -3.267664e-01 -2.548278e-02 7.804835e-04 9.996751e-01 3.992211e+00
9.999994e-01 1.241485e-04 -1.070624e-03 7.379759e+00 -1.241007e-04 1.000000e+00 4.460078e-05 -3.363029e-01 1.070654e-03 -4.446816e-05 9.999993e-01 4.181865e+00
9.999022e-01 -2.554449e-04 1.398175e-02 7.580902e+00 2.608993e-04 9.999999e-01 -3.882947e-04 -3.444738e-01 -1.398168e-02 3.919048e-04 9.999023e-01 4.163902e+00
9.999422e-01 2.469302e-04 -1.074567e-02 7.838298e+00 -2.437028e-04 9.999999e-01 3.016499e-04 -3.548782e-01 1.074577e-02 -2.990141e-04 9.999421e-01 4.199690e+00
9.999299e-01 -1.623697e-04 1.184298e-02 8.114646e+00 1.662723e-04 9.999999e-01 -3.285480e-04 -3.700565e-01 -1.184295e-02 3.304945e-04 9.999299e-01 4.568778e+00
9.999967e-01 1.256271e-04 -2.564057e-03 8.469926e+00 -1.254425e-04 1.000000e+00 7.214493e-05 -3.871974e-01 2.564093e-03 -7.182340e-05 9.999966e-01 4.928563e+00
9.999575e-01 -1.572531e-04 9.213976e-03 8.763099e+00 1.595943e-04 1.000000e+00 -2.533691e-04 -4.015778e-01 -9.213963e-03 2.548293e-04 9.999576e-01 5.223379e+00
9.999896e-01 1.542864e-04 -4.562083e-03 9.027546e+00 -1.538338e-04 1.000000e+00 9.955229e-05 -4.148498e-01 4.562126e-03 -9.884984e-05 9.999895e-01 5.501190e+00
9.999688e-01 -1.469787e-04 7.895176e-03 9.241388e+00 1.486532e-04 1.000000e+00 -2.115121e-04 -4.270878e-01 -7.895173e-03 2.126796e-04 9.999689e-01 5.809622e+00
9.999672e-01 1.761775e-04 -8.092940e-03 9.510932e+00 -1.744982e-04 1.000000e+00 2.082026e-04 -4.390974e-01 8.093005e-03 -2.067839e-04 9.999671e-01 5.957177e+00
9.999829e-01 -1.650703e-04 5.845776e-03 9.718366e+00 1.660088e-04 1.000000e+00 -1.600619e-04 -4.498476e-01 -5.845777e-03 1.610300e-04 9.999830e-01 6.169540e+00
9.999554e-01 2.064732e-04 -9.446780e-03 9.822824e+00 -2.036022e-04 9.999999e-01 3.048683e-04 -4.607083e-01 9.446869e-03 -3.029317e-04 9.999552e-01 6.577754e+00
9.999488e-01 -1.671795e-04 1.011673e-02 1.015046e+01 1.708684e-04 9.999999e-01 -3.637770e-04 -4.750624e-01 -1.011669e-02 3.654874e-04 9.999489e-01 6.775042e+00
9.999329e-01 2.250459e-04 -1.158018e-02 1.063531e+01 -2.211232e-04 9.999999e-01 3.400111e-04 -4.931842e-01 1.158028e-02 -3.374280e-04 9.999328e-01 6.833165e+00
9.999583e-01 -1.414540e-04 9.126482e-03 1.116522e+01 1.447353e-04 9.999999e-01 -3.588850e-04 -5.122842e-01 -9.126458e-03 3.601913e-04 9.999584e-01 6.851195e+00
9.998618e-01 3.458071e-04 -1.661848e-02 1.156450e+01 -3.363359e-04 9.999998e-01 5.727096e-04 -5.286271e-01 1.661870e-02 -5.670414e-04 9.998616e-01 7.032012e+00
9.999235e-01 -1.879279e-04 1.236376e-02 1.197748e+01 1.934378e-04 9.999999e-01 -4.444603e-04 -5.455957e-01 -1.236370e-02 4.468183e-04 9.999236e-01 7.227171e+00
9.998714e-01 3.715214e-04 -1.603003e-02 1.253886e+01 -3.631610e-04 9.999998e-01 5.244488e-04 -5.665588e-01 1.603024e-02 -5.185603e-04 9.998713e-01 7.345709e+00
9.998932e-01 -2.218044e-04 1.461044e-02 1.318163e+01 2.297123e-04 9.999998e-01 -5.395754e-04 -5.898872e-01 -1.461034e-02 5.428743e-04 9.998932e-01 7.423775e+00
9.998626e-01 3.687151e-04 -1.657070e-02 1.379040e+01 -3.599249e-04 9.999998e-01 5.334440e-04 -6.123011e-01 1.657091e-02 -5.274069e-04 9.998625e-01 7.546367e+00
9.998889e-01 -2.303509e-04 1.490759e-02 1.420167e+01 2.381484e-04 9.999998e-01 -5.212854e-04 -6.285095e-01 -1.490749e-02 5.247780e-04 9.998888e-01 7.654998e+00
9.999257e-01 3.293906e-04 -1.218528e-02 1.476933e+01 -3.245855e-04 9.999999e-01 3.962999e-04 -6.496576e-01 1.218544e-02 -3.923156e-04 9.999256e-01 7.745626e+00
9.997832e-01 -3.216772e-04 2.082007e-02 1.517477e+01 3.345163e-04 9.999998e-01 -6.131909e-04 -6.658963e-01 -2.081989e-02 6.200230e-04 9.997831e-01 7.914752e+00
9.998158e-01 3.662145e-04 -1.918941e-02 1.543024e+01 -3.556378e-04 9.999998e-01 5.545808e-04 -6.793688e-01 1.918964e-02 -5.476545e-04 9.998156e-01 8.216811e+00
9.997534e-01 -3.842030e-04 2.220149e-02 1.555003e+01 3.977613e-04 9.999997e-01 -6.062822e-04 -6.896917e-01 -2.220128e-02 6.149640e-04 9.997534e-01 8.554606e+00
9.997917e-01 4.570768e-04 -2.040629e-02 1.575553e+01 -4.457908e-04 9.999997e-01 5.576069e-04 -7.042844e-01 2.040657e-02 -5.483942e-04 9.997915e-01 9.012334e+00
9.998432e-01 -3.413654e-04 1.770427e-02 1.598953e+01 3.503838e-04 9.999998e-01 -5.062960e-04 -7.174680e-01 -1.770412e-02 5.124203e-04 9.998432e-01 9.344071e+00
9.994171e-01 8.685454e-04 -3.412827e-02 1.625379e+01 -8.297541e-04 9.999990e-01 1.150777e-03 -7.311445e-01 3.412926e-02 -1.121789e-03 9.994167e-01 9.644328e+00
9.997280e-01 -5.080511e-04 2.331822e-02 1.661547e+01 5.257046e-04 9.999996e-01 -7.509432e-04 -7.478530e-01 -2.331785e-02 7.629977e-04 9.997279e-01 9.949379e+00
9.989090e-01 1.258352e-03 -4.668248e-02 1.703558e+01 -1.180226e-03 9.999979e-01 1.701105e-03 -7.647735e-01 4.668454e-02 -1.644153e-03 9.989082e-01 1.012063e+01
9.999307e-01 -2.500115e-04 1.176586e-02 1.732852e+01 2.525628e-04 9.999999e-01 -2.153527e-04 -7.780941e-01 -1.176583e-02 2.183094e-04 9.999309e-01 1.027539e+01
9.984855e-01 1.505530e-03 -5.499514e-02 1.749807e+01 -1.392879e-03 9.999969e-01 2.086661e-03 -7.882632e-01 5.499813e-02 -2.006899e-03 9.984843e-01 1.045650e+01
9.999630e-01 -2.288556e-04 8.603997e-03 1.763784e+01 2.298183e-04 1.000000e+00 -1.109054e-04 -7.974316e-01 -8.603981e-03 1.128783e-04 9.999631e-01 1.062088e+01
9.984851e-01 1.509665e-03 -5.500251e-02 1.776936e+01 -1.396869e-03 9.999968e-01 2.089134e-03 -8.064883e-01 5.500550e-02 -2.009137e-03 9.984839e-01 1.079594e+01
9.999627e-01 -2.360751e-04 8.628718e-03 1.791476e+01 2.369709e-04 1.000000e+00 -1.027932e-04 -8.161625e-01 -8.628693e-03 1.048333e-04 9.999629e-01 1.099075e+01
9.986475e-01 1.493052e-03 -5.197094e-02 1.811615e+01 -1.390692e-03 9.999970e-01 2.005673e-03 -8.276987e-01 5.197378e-02 -1.930684e-03 9.986465e-01 1.120922e+01
9.996413e-01 -6.952876e-04 2.677381e-02 1.836808e+01 7.190036e-04 9.999994e-01 -8.761777e-04 -8.412283e-01 -2.677318e-02 8.951128e-04 9.996412e-01 1.151181e+01
9.978022e-01 1.893411e-03 -6.623542e-02 1.852495e+01 -1.721764e-03 9.999950e-01 2.648458e-03 -8.519244e-01 6.624010e-02 -2.528594e-03 9.978004e-01 1.177082e+01
9.989971e-01 -1.072648e-03 4.476223e-02 1.889171e+01 1.149505e-03 9.999979e-01 -1.691288e-03 -8.679022e-01 -4.476031e-02 1.741045e-03 9.989963e-01 1.199214e+01
9.974362e-01 1.907571e-03 -7.153651e-02 1.907512e+01 -1.705705e-03 9.999944e-01 2.882848e-03 -8.795499e-01 7.154159e-02 -2.753435e-03 9.974337e-01 1.229000e+01
9.990401e-01 -9.235957e-04 4.379480e-02 1.933314e+01 9.939011e-04 9.999983e-01 -1.583595e-03 -8.934030e-01 -4.379324e-02 1.625601e-03 9.990394e-01 1.259584e+01
9.973179e-01 1.829945e-03 -7.316836e-02 1.948161e+01 -1.620960e-03 9.999944e-01 2.915495e-03 -9.050043e-01 7.317326e-02 -2.789071e-03 9.973152e-01 1.294814e+01
9.996531e-01 -4.864024e-04 2.633328e-02 1.958059e+01 5.086691e-04 9.999995e-01 -8.388918e-04 -9.142094e-01 -2.633283e-02 8.519939e-04 9.996530e-01 1.320378e+01
9.972483e-01 1.859828e-03 -7.411022e-02 1.968688e+01 -1.647917e-03 9.999944e-01 2.920453e-03 -9.230991e-01 7.411520e-02 -2.790288e-03 9.972457e-01 1.341759e+01
9.995043e-01 -5.711118e-04 3.147817e-02 1.985964e+01 6.036831e-04 9.999993e-01 -1.025250e-03 -9.333093e-01 -3.147753e-02 1.043742e-03 9.995040e-01 1.358842e+01
9.974616e-01 1.772033e-03 -7.118425e-02 2.005567e+01 -1.580826e-03 9.999950e-01 2.742328e-03 -9.438151e-01 7.118872e-02 -2.622835e-03 9.974593e-01 1.373397e+01
9.993246e-01 -6.880524e-04 3.674050e-02 2.021206e+01 7.328142e-04 9.999990e-01 -1.204885e-03 -9.529926e-01 -3.673959e-02 1.230993e-03 9.993242e-01 1.388088e+01
9.989070e-01 1.241300e-03 -4.672625e-02 2.032833e+01 -1.163547e-03 9.999979e-01 1.691168e-03 -9.609052e-01 4.672821e-02 -1.634949e-03 9.989062e-01 1.400624e+01
9.987246e-01 -9.653204e-04 5.048087e-02 2.049588e+01 1.047632e-03 9.999982e-01 -1.604120e-03 -9.704784e-01 -5.047919e-02 1.654957e-03 9.987238e-01 1.413879e+01
9.997103e-01 7.776191e-04 -2.405801e-02 2.094450e+01 -7.584335e-04 9.999994e-01 8.065661e-04 -9.879706e-01 2.405858e-02 -7.880837e-04 9.997101e-01 1.419770e+01
9.972957e-01 -1.196289e-03 7.348359e-02 2.118344e+01 1.365675e-03 9.999965e-01 -2.254897e-03 -9.991135e-01 -7.348061e-02 2.349151e-03 9.972940e-01 1.424977e+01
9.995917e-01 8.490640e-04 -2.856133e-02 2.139090e+01 -8.234296e-04 9.999992e-01 9.092600e-04 -1.008928e+00 2.856205e-02 -8.853684e-04 9.995915e-01 1.426815e+01
9.971690e-01 -1.226711e-03 7.518356e-02 2.158473e+01 1.399883e-03 9.999965e-01 -2.250669e-03 -1.017871e+00 -7.518051e-02 2.349543e-03 9.971673e-01 1.424801e+01
9.996369e-01 8.363751e-04 -2.693349e-02 2.168058e+01 -8.139243e-04 9.999993e-01 8.445102e-04 -1.024040e+00 2.693416e-02 -8.222799e-04 9.996368e-01 1.422908e+01
9.976093e-01 -1.161410e-03 6.909596e-02 2.181085e+01 1.306478e-03 9.999970e-01 -2.054359e-03 -1.030594e+00 -6.909335e-02 2.139718e-03 9.976080e-01 1.415842e+01
9.994620e-01 9.151296e-04 -3.278512e-02 2.204768e+01 -8.836403e-04 9.999991e-01 9.749513e-04 -1.040652e+00 3.278597e-02 -9.454549e-04 9.994618e-01 1.412630e+01
9.973271e-01 -1.236852e-03 7.305502e-02 2.228643e+01 1.397338e-03 9.999967e-01 -2.145720e-03 -1.051248e+00 -7.305212e-02 2.242066e-03 9.973257e-01 1.413612e+01
9.992868e-01 9.960601e-04 -3.774835e-02 2.252715e+01 -9.547520e-04 9.999989e-01 1.112313e-03 -1.061682e+00 3.774941e-02 -1.075478e-03 9.992866e-01 1.414146e+01
9.974986e-01 -1.223829e-03 7.067501e-02 2.276413e+01 1.372363e-03 9.999970e-01 -2.053130e-03 -1.071459e+00 -7.067228e-02 2.144985e-03 9.974974e-01 1.409824e+01
9.993340e-01 9.971552e-04 -3.647799e-02 2.309076e+01 -9.598319e-04 9.999990e-01 1.040672e-03 -1.084552e+00 3.647899e-02 -1.004965e-03 9.993338e-01 1.409548e+01
9.970807e-01 -1.297925e-03 7.634342e-02 2.329491e+01 1.469604e-03 9.999965e-01 -2.192640e-03 -1.093763e+00 -7.634032e-02 2.298433e-03 9.970793e-01 1.408131e+01
9.992822e-01 1.010653e-03 -3.786846e-02 2.354710e+01 -9.712501e-04 9.999990e-01 1.058909e-03 -1.104603e+00 3.786949e-02 -1.021368e-03 9.992821e-01 1.408622e+01
9.984895e-01 -1.033718e-03 5.493375e-02 2.382684e+01 1.119095e-03 9.999982e-01 -1.523446e-03 -1.115673e+00 -5.493209e-02 1.582620e-03 9.984889e-01 1.409492e+01
9.989796e-01 1.019601e-03 -4.515200e-02 2.413898e+01 -9.626605e-04 9.999987e-01 1.282811e-03 -1.128220e+00 4.515326e-02 -1.238035e-03 9.989792e-01 1.417326e+01
9.991257e-01 -7.914831e-04 4.180004e-02 2.428770e+01 8.405453e-04 9.999990e-01 -1.156173e-03 -1.135266e+00 -4.179909e-02 1.190296e-03 9.991254e-01 1.420900e+01
9.983897e-01 1.303040e-03 -5.671232e-02 2.440322e+01 -1.205625e-03 9.999977e-01 1.751895e-03 -1.141489e+00 5.671448e-02 -1.680700e-03 9.983889e-01 1.425139e+01
9.988276e-01 -9.235592e-04 4.840007e-02 2.458315e+01 9.930751e-04 9.999985e-01 -1.412250e-03 -1.149718e+00 -4.839870e-02 1.458658e-03 9.988271e-01 1.429924e+01
9.969497e-01 1.830337e-03 -7.802591e-02 2.465853e+01 -1.628511e-03 9.999952e-01 2.650205e-03 -1.155332e+00 7.803038e-02 -2.515054e-03 9.969477e-01 1.436959e+01
9.987065e-01 -1.006565e-03 5.083549e-02 2.468374e+01 1.085015e-03 9.999983e-01 -1.515640e-03 -1.158477e+00 -5.083388e-02 1.568835e-03 9.987060e-01 1.436483e+01
9.977301e-01 1.508623e-03 -6.732235e-02 2.476123e+01 -1.368387e-03 9.999968e-01 2.129118e-03 -1.162012e+00 6.732534e-02 -2.032161e-03 9.977289e-01 1.427190e+01
9.987932e-01 -9.335112e-04 4.910416e-02 2.478119e+01 1.004382e-03 9.999985e-01 -1.418626e-03 -1.162631e+00 -4.910276e-02 1.466232e-03 9.987928e-01 1.408209e+01
9.981663e-01 1.309384e-03 -6.051755e-02 2.470988e+01 -1.201780e-03 9.999976e-01 1.814432e-03 -1.160053e+00 6.051978e-02 -1.738375e-03 9.981654e-01 1.388334e+01
9.983424e-01 -1.156294e-03 5.754210e-02 2.459812e+01 1.255943e-03 9.999978e-01 -1.695628e-03 -1.155550e+00 -5.754001e-02 1.765086e-03 9.983417e-01 1.362740e+01
9.983770e-01 1.248176e-03 -5.693663e-02 2.449345e+01 -1.151311e-03 9.999978e-01 1.734044e-03 -1.150811e+00 5.693867e-02 -1.665677e-03 9.983762e-01 1.332565e+01
9.982247e-01 -1.182376e-03 5.954800e-02 2.437743e+01 1.286930e-03 9.999977e-01 -1.717474e-03 -1.145584e+00 -5.954583e-02 1.791058e-03 9.982241e-01 1.302515e+01
9.982275e-01 1.269194e-03 -5.949980e-02 2.424818e+01 -1.165243e-03 9.999977e-01 1.781760e-03 -1.141144e+00 5.950193e-02 -1.709269e-03 9.982266e-01 1.282830e+01
9.981970e-01 -1.161894e-03 6.001158e-02 2.438482e+01 1.267070e-03 9.999977e-01 -1.714575e-03 -1.145665e+00 -6.000945e-02 1.787521e-03 9.981963e-01 1.264984e+01
9.983063e-01 1.271222e-03 -5.816239e-02 2.454785e+01 -1.171121e-03 9.999978e-01 1.755117e-03 -1.150684e+00 5.816450e-02 -1.684028e-03 9.983055e-01 1.245010e+01
9.983052e-01 -1.141616e-03 5.818442e-02 2.471966e+01 1.242610e-03 9.999978e-01 -1.699609e-03 -1.155987e+00 -5.818235e-02 1.769028e-03 9.983045e-01 1.225087e+01
9.984067e-01 1.261186e-03 -5.641363e-02 2.511368e+01 -1.168531e-03 9.999979e-01 1.675385e-03 -1.169629e+00 5.641562e-02 -1.606793e-03 9.984060e-01 1.217193e+01
9.981876e-01 -1.137511e-03 6.016833e-02 2.549385e+01 1.243239e-03 9.999977e-01 -1.719792e-03 -1.183782e+00 -6.016623e-02 1.791477e-03 9.981869e-01 1.220336e+01
9.984697e-01 1.219082e-03 -5.528759e-02 2.586063e+01 -1.130345e-03 9.999980e-01 1.636252e-03 -1.196764e+00 5.528947e-02 -1.571252e-03 9.984690e-01 1.215171e+01
9.978147e-01 -1.180901e-03 6.606419e-02 2.618999e+01 1.306709e-03 9.999974e-01 -1.861159e-03 -1.209959e+00 -6.606182e-02 1.943418e-03 9.978137e-01 1.222697e+01
9.982689e-01 1.300926e-03 -5.880136e-02 2.651312e+01 -1.202374e-03 9.999978e-01 1.711373e-03 -1.225184e+00 5.880346e-02 -1.637708e-03 9.982681e-01 1.250799e+01
9.971951e-01 -1.304673e-03 7.483486e-02 2.683485e+01 1.464253e-03 9.999968e-01 -2.077601e-03 -1.239818e+00 -7.483191e-02 2.181350e-03 9.971939e-01 1.272476e+01
9.978737e-01 1.382822e-03 -6.516224e-02 2.705983e+01 -1.262785e-03 9.999974e-01 1.883284e-03 -1.248554e+00 6.516469e-02 -1.796993e-03 9.978728e-01 1.269798e+01
9.973432e-01 -1.294325e-03 7.283466e-02 2.724845e+01 1.443058e-03 9.999970e-01 -1.989474e-03 -1.255612e+00 -7.283187e-02 2.089292e-03 9.973421e-01 1.261879e+01
9.978183e-01 1.384518e-03 -6.600609e-02 2.743645e+01 -1.262127e-03 9.999974e-01 1.895903e-03 -1.262387e+00 6.600855e-02 -1.808458e-03 9.978173e-01 1.252719e+01
9.972554e-01 -1.301751e-03 7.402687e-02 2.768528e+01 1.453612e-03 9.999969e-01 -1.997591e-03 -1.272589e+00 -7.402405e-02 2.099714e-03 9.972543e-01 1.255681e+01
9.977503e-01 1.430912e-03 -6.702475e-02 2.794488e+01 -1.305662e-03 9.999973e-01 1.912470e-03 -1.283991e+00 6.702732e-02 -1.820655e-03 9.977494e-01 1.269462e+01
9.973688e-01 -1.354550e-03 7.248233e-02 2.797718e+01 1.499032e-03 9.999970e-01 -1.938976e-03 -1.289302e+00 -7.247949e-02 2.042527e-03 9.973679e-01 1.285935e+01
9.977695e-01 1.443731e-03 -6.673826e-02 2.799335e+01 -1.320243e-03 9.999973e-01 1.894397e-03 -1.294373e+00 6.674083e-02 -1.802059e-03 9.977686e-01 1.303833e+01
9.973510e-01 -1.359226e-03 7.272661e-02 2.802160e+01 1.503709e-03 9.999970e-01 -1.931947e-03 -1.299904e+00 -7.272377e-02 2.036188e-03 9.973501e-01 1.321602e+01
9.980693e-01 1.400608e-03 -6.209418e-02 2.819546e+01 -1.295254e-03 9.999977e-01 1.736908e-03 -1.309226e+00 6.209648e-02 -1.653126e-03 9.980687e-01 1.336549e+01
9.967745e-01 -1.430001e-03 8.024003e-02 2.842792e+01 1.607396e-03 9.999964e-01 -2.146253e-03 -1.318660e+00 -8.023669e-02 2.268307e-03 9.967734e-01 1.336308e+01
9.981524e-01 1.382097e-03 -6.074454e-02 2.866615e+01 -1.283551e-03 9.999978e-01 1.661286e-03 -1.331726e+00 6.074671e-02 -1.580247e-03 9.981519e-01 1.361665e+01
9.965674e-01 -1.446790e-03 8.277280e-02 2.894912e+01 1.635226e-03 9.999962e-01 -2.208796e-03 -1.344421e+00 -8.276931e-02 2.336566e-03 9.965661e-01 1.374515e+01
9.980795e-01 1.402983e-03 -6.193078e-02 2.922113e+01 -1.300599e-03 9.999977e-01 1.693487e-03 -1.355554e+00 6.193303e-02 -1.609687e-03 9.980789e-01 1.377196e+01
9.971485e-01 -1.412021e-03 7.545175e-02 2.927992e+01 1.564176e-03 9.999969e-01 -1.957538e-03 -1.361789e+00 -7.544877e-02 2.069975e-03 9.971476e-01 1.391475e+01
9.981073e-01 1.410730e-03 -6.148039e-02 2.949978e+01 -1.311123e-03 9.999978e-01 1.660452e-03 -1.373048e+00 6.148261e-02 -1.576701e-03 9.981068e-01 1.408626e+01
9.974458e-01 -1.305330e-03 7.141482e-02 2.974110e+01 1.442337e-03 9.999972e-01 -1.866927e-03 -1.387745e+00 -7.141221e-02 1.965162e-03 9.974451e-01 1.447898e+01
9.982574e-01 1.342579e-03 -5.899432e-02 3.000434e+01 -1.250850e-03 9.999980e-01 1.591795e-03 -1.402132e+00 5.899636e-02 -1.515228e-03 9.982569e-01 1.480737e+01
9.968811e-01 -1.359110e-03 7.890604e-02 3.029820e+01 1.529457e-03 9.999966e-01 -2.098456e-03 -1.417611e+00 -7.890295e-02 2.212594e-03 9.968799e-01 1.513246e+01
9.986755e-01 1.239821e-03 -5.143624e-02 3.056464e+01 -1.173863e-03 9.999984e-01 1.312511e-03 -1.431587e+00 5.143782e-02 -1.250393e-03 9.986753e-01 1.538426e+01
9.975423e-01 -1.242746e-03 7.005558e-02 3.093144e+01 1.372050e-03 9.999974e-01 -1.797643e-03 -1.448338e+00 -7.005320e-02 1.889344e-03 9.975416e-01 1.565707e+01
9.983072e-01 1.315610e-03 -5.814699e-02 3.135735e+01 -1.230144e-03 9.999981e-01 1.505592e-03 -1.466599e+00 5.814889e-02 -1.431514e-03 9.983068e-01 1.592995e+01
9.971309e-01 -1.311645e-03 7.568543e-02 3.173893e+01 1.463042e-03 9.999970e-01 -1.944936e-03 -1.484085e+00 -7.568269e-02 2.050086e-03 9.971299e-01 1.623231e+01
9.984337e-01 1.296802e-03 -5.593325e-02 3.223478e+01 -1.219602e-03 9.999983e-01 1.414333e-03 -1.504464e+00 5.593502e-02 -1.343901e-03 9.984334e-01 1.648338e+01
9.967148e-01 -1.343962e-03 8.097982e-02 3.266966e+01 1.517902e-03 9.999967e-01 -2.086414e-03 -1.523103e+00 -8.097679e-02 2.202479e-03 9.967137e-01 1.673468e+01
9.989251e-01 1.085308e-03 -4.634064e-02 3.294652e+01 -1.037510e-03 9.999989e-01 1.055484e-03 -1.538280e+00 4.634177e-02 -1.006271e-03 9.989250e-01 1.703851e+01
9.968622e-01 -1.260109e-03 7.914651e-02 3.318983e+01 1.423735e-03 9.999970e-01 -2.010987e-03 -1.552431e+00 -7.914378e-02 2.117360e-03 9.968611e-01 1.732980e+01
9.988186e-01 1.067578e-03 -4.858255e-02 3.338956e+01 -1.014545e-03 9.999989e-01 1.116251e-03 -1.565818e+00 4.858373e-02 -1.065643e-03 9.988185e-01 1.764479e+01
9.965716e-01 -1.244145e-03 8.272598e-02 3.370602e+01 1.423850e-03 9.999968e-01 -2.113325e-03 -1.581146e+00 -8.272313e-02 2.223870e-03 9.965702e-01 1.785935e+01
9.987039e-01 1.096710e-03 -5.088528e-02 3.406107e+01 -1.038248e-03 9.999988e-01 1.175314e-03 -1.597334e+00 5.088656e-02 -1.120959e-03 9.987037e-01 1.806969e+01
9.970723e-01 -1.178640e-03 7.645580e-02 3.445461e+01 1.326878e-03 9.999973e-01 -1.888099e-03 -1.614703e+00 -7.645342e-02 1.984019e-03 9.970713e-01 1.831002e+01
9.982586e-01 1.203988e-03 -5.897686e-02 3.484627e+01 -1.121287e-03 9.999983e-01 1.435334e-03 -1.632502e+00 5.897855e-02 -1.366705e-03 9.982582e-01 1.861061e+01
9.969489e-01 -1.244186e-03 7.804693e-02 3.522483e+01 1.397880e-03 9.999972e-01 -1.914642e-03 -1.649637e+00 -7.804438e-02 2.017901e-03 9.969479e-01 1.889111e+01
9.986494e-01 1.150992e-03 -5.194347e-02 3.549743e+01 -1.091904e-03 9.999987e-01 1.165889e-03 -1.665761e+00 5.194481e-02 -1.107597e-03 9.986493e-01 1.928274e+01
9.969404e-01 -1.295064e-03 7.815431e-02 3.572266e+01 1.447654e-03 9.999972e-01 -1.895801e-03 -1.680358e+00 -7.815169e-02 2.003142e-03 9.969396e-01 1.965921e+01
9.988156e-01 1.125245e-03 -4.864264e-02 3.591680e+01 -1.076247e-03 9.999989e-01 1.033488e-03 -1.694890e+00 4.864381e-02 -9.799130e-04 9.988156e-01 2.006914e+01
9.969880e-01 -1.279575e-03 7.754511e-02 3.618748e+01 1.428869e-03 9.999972e-01 -1.869810e-03 -1.710553e+00 -7.754257e-02 1.974981e-03 9.969872e-01 2.042806e+01
9.985981e-01 1.173058e-03 -5.291943e-02 3.645738e+01 -1.112829e-03 9.999987e-01 1.167564e-03 -1.725922e+00 5.292080e-02 -1.107038e-03 9.985980e-01 2.078155e+01
9.977925e-01 -1.128017e-03 6.639899e-02 3.656140e+01 1.228092e-03 9.999982e-01 -1.466389e-03 -1.740706e+00 -6.639728e-02 1.544697e-03 9.977922e-01 2.136894e+01
9.985846e-01 1.170786e-03 -5.317246e-02 3.668314e+01 -1.111656e-03 9.999987e-01 1.141588e-03 -1.757363e+00 5.317380e-02 -1.080864e-03 9.985846e-01 2.203899e+01
9.973431e-01 -1.140289e-03 7.283917e-02 3.694660e+01 1.264580e-03 9.999978e-01 -1.660284e-03 -1.776425e+00 -7.283719e-02 1.747985e-03 9.973424e-01 2.263005e+01
9.984908e-01 1.156591e-03 -5.490630e-02 3.724642e+01 -1.093790e-03 9.999987e-01 1.173824e-03 -1.794631e+00 5.490766e-02 -1.111998e-03 9.984907e-01 2.312735e+01
9.970642e-01 -1.180246e-03 7.656083e-02 3.755706e+01 1.319646e-03 9.999976e-01 -1.770208e-03 -1.812403e+00 -7.655862e-02 1.866045e-03 9.970634e-01 2.356651e+01
9.985467e-01 1.088786e-03 -5.388228e-02 3.780517e+01 -1.029443e-03 9.999988e-01 1.129079e-03 -1.827999e+00 5.388352e-02 -1.071970e-03 9.985466e-01 2.397733e+01
9.968607e-01 -1.205048e-03 7.916608e-02 3.792982e+01 1.353004e-03 9.999974e-01 -1.815326e-03 -1.840743e+00 -7.916377e-02 1.916741e-03 9.968599e-01 2.439495e+01
9.982523e-01 1.111397e-03 -5.908539e-02 3.810183e+01 -1.037414e-03 9.999986e-01 1.282785e-03 -1.852882e+00 5.908681e-02 -1.219248e-03 9.982520e-01 2.472282e+01
9.971256e-01 -1.114938e-03 7.575771e-02 3.846747e+01 1.246457e-03 9.999978e-01 -1.688792e-03 -1.867092e+00 -7.575574e-02 1.778368e-03 9.971249e-01 2.478900e+01
9.986719e-01 9.307856e-04 -5.151243e-02 3.858290e+01 -8.792417e-04 9.999991e-01 1.023248e-03 -1.874687e+00 5.151341e-02 -9.765989e-04 9.986717e-01 2.490654e+01
9.973565e-01 -1.019294e-03 7.265733e-02 3.868186e+01 1.137863e-03 9.999981e-01 -1.590527e-03 -1.883392e+00 -7.265565e-02 1.668998e-03 9.973558e-01 2.514001e+01
9.982073e-01 1.075940e-03 -5.984047e-02 3.904843e+01 -1.000514e-03 9.999987e-01 1.290386e-03 -1.898360e+00 5.984186e-02 -1.228203e-03 9.982070e-01 2.529034e+01
9.974240e-01 -1.004762e-03 7.172488e-02 3.936076e+01 1.119080e-03 9.999982e-01 -1.553671e-03 -1.913338e+00 -7.172327e-02 1.629936e-03 9.974233e-01 2.557745e+01
9.983315e-01 1.042289e-03 -5.773313e-02 3.976680e+01 -9.741046e-04 9.999988e-01 1.209133e-03 -1.929734e+00 5.773441e-02 -1.150879e-03 9.983312e-01 2.574708e+01
9.978866e-01 -9.383381e-04 6.497347e-02 4.001663e+01 1.027542e-03 9.999986e-01 -1.339530e-03 -1.942898e+00 -6.497220e-02 1.403464e-03 9.978862e-01 2.604282e+01
9.985029e-01 9.010563e-04 -5.469173e-02 4.010948e+01 -8.411388e-04 9.999990e-01 1.118541e-03 -1.954769e+00 5.469277e-02 -1.070865e-03 9.985026e-01 2.649824e+01
9.976911e-01 -9.230908e-04 6.790967e-02 4.017134e+01 1.021520e-03 9.999985e-01 -1.414711e-03 -1.961916e+00 -6.790835e-02 1.480817e-03 9.976905e-01 2.672510e+01
9.984820e-01 8.762576e-04 -5.507160e-02 4.021221e+01 -8.163896e-04 9.999991e-01 1.109563e-03 -1.965312e+00 5.507260e-02 -1.062920e-03 9.984817e-01 2.672989e+01
9.978599e-01 -8.533473e-04 6.538294e-02 4.044115e+01 9.421748e-04 9.999987e-01 -1.327765e-03 -1.975056e+00 -6.538181e-02 1.386527e-03 9.978594e-01 2.680630e+01
9.989603e-01 7.231443e-04 -4.558190e-02 4.064050e+01 -6.879072e-04 9.999995e-01 7.887088e-04 -1.984775e+00 4.558253e-02 -7.565343e-04 9.989602e-01 2.691655e+01
9.976431e-01 -8.472376e-04 6.861202e-02 4.097689e+01 9.477786e-04 9.999985e-01 -1.432830e-03 -1.998102e+00 -6.861079e-02 1.494484e-03 9.976425e-01 2.695373e+01
9.990252e-01 6.693754e-04 -4.413670e-02 4.135868e+01 -6.376353e-04 9.999995e-01 7.331782e-04 -2.012912e+00 4.413726e-02 -7.043222e-04 9.990252e-01 2.699947e+01
9.979183e-01 -7.724141e-04 6.448669e-02 4.169617e+01 8.571872e-04 9.999988e-01 -1.286942e-03 -2.025873e+00 -6.448570e-02 1.339542e-03 9.979178e-01 2.700963e+01
9.992115e-01 5.438545e-04 -3.969933e-02 4.188364e+01 -5.207305e-04 9.999997e-01 5.927832e-04 -2.033557e+00 3.969973e-02 -5.716450e-04 9.992114e-01 2.696126e+01
9.975555e-01 -8.184751e-04 6.987465e-02 4.200678e+01 9.228555e-04 9.999985e-01 -1.461572e-03 -2.039558e+00 -6.987344e-02 1.522485e-03 9.975548e-01 2.691414e+01
9.990743e-01 6.134356e-04 -4.301230e-02 4.219302e+01 -5.840550e-04 9.999996e-01 6.956028e-04 -2.047611e+00 4.301280e-02 -6.698393e-04 9.990742e-01 2.689640e+01
9.978485e-01 -8.020151e-04 6.555757e-02 4.224353e+01 8.895396e-04 9.999988e-01 -1.305920e-03 -2.051136e+00 -6.555654e-02 1.361429e-03 9.978480e-01 2.686994e+01
9.993450e-01 5.655676e-04 -3.618285e-02 4.248283e+01 -5.496645e-04 9.999997e-01 4.494218e-04 -2.061397e+00 3.618319e-02 -4.292411e-04 9.993450e-01 2.688351e+01
9.975559e-01 -8.469996e-04 6.986822e-02 4.269514e+01 9.504897e-04 9.999985e-01 -1.448009e-03 -2.071819e+00 -6.986698e-02 1.510881e-03 9.975552e-01 2.697995e+01
9.992854e-01 5.463361e-04 -3.779269e-02 4.275265e+01 -5.267141e-04 9.999997e-01 5.291077e-04 -2.075837e+00 3.779307e-02 -5.088258e-04 9.992854e-01 2.692348e+01
9.971156e-01 -8.993308e-04 7.589358e-02 4.276172e+01 1.026041e-03 9.999981e-01 -1.630618e-03 -2.078587e+00 -7.589207e-02 1.703787e-03 9.971146e-01 2.685633e+01
9.993300e-01 5.529987e-04 -3.659528e-02 4.275343e+01 -5.354084e-04 9.999997e-01 4.904131e-04 -2.081070e+00 3.659564e-02 -4.704933e-04 9.993300e-01 2.680143e+01
9.972107e-01 -8.793724e-04 7.463316e-02 4.282254e+01 1.000685e-03 9.999982e-01 -1.588098e-03 -2.085403e+00 -7.463173e-02 1.658355e-03 9.972098e-01 2.671088e+01
9.994896e-01 4.873570e-04 -3.194143e-02 4.295843e+01 -4.758635e-04 9.999998e-01 3.673587e-04 -2.091287e+00 3.194170e-02 -3.519738e-04 9.994896e-01 2.656338e+01
9.975431e-01 -8.363239e-04 7.005113e-02 4.296472e+01 9.420324e-04 9.999985e-01 -1.476028e-03 -2.093433e+00 -7.004988e-02 1.538395e-03 9.975424e-01 2.645356e+01
9.993672e-01 5.342618e-04 -3.556324e-02 4.308910e+01 -5.181417e-04 9.999998e-01 4.624231e-04 -2.099260e+00 3.556358e-02 -4.437061e-04 9.993673e-01 2.636500e+01
9.974074e-01 -8.318990e-04 7.195704e-02 4.321649e+01 9.452641e-04 9.999984e-01 -1.541451e-03 -2.105899e+00 -7.195574e-02 1.605476e-03 9.974066e-01 2.633924e+01
9.993698e-01 5.345217e-04 -3.549065e-02 4.334458e+01 -5.181113e-04 9.999998e-01 4.715018e-04 -2.112209e+00 3.549099e-02 -4.528190e-04 9.993698e-01 2.627567e+01
9.973871e-01 -8.697013e-04 7.223761e-02 4.338842e+01 9.843009e-04 9.999983e-01 -1.550879e-03 -2.116078e+00 -7.223623e-02 1.617933e-03 9.973863e-01 2.622402e+01
9.990514e-01 6.764017e-04 -4.353927e-02 4.366513e+01 -6.458520e-04 9.999995e-01 7.156524e-04 -2.127266e+00 4.353984e-02 -6.868561e-04 9.990514e-01 2.621502e+01
9.975301e-01 -8.619662e-04 7.023641e-02 4.388783e+01 9.659904e-04 9.999985e-01 -1.447145e-03 -2.135232e+00 -7.023515e-02 1.511421e-03 9.975294e-01 2.606418e+01
9.991715e-01 6.720501e-04 -4.068969e-02 4.408233e+01 -6.480686e-04 9.999996e-01 6.024847e-04 -2.143200e+00 4.069018e-02 -5.756183e-04 9.991716e-01 2.598562e+01
9.981997e-01 -8.098013e-04 5.997382e-02 4.440424e+01 8.781465e-04 9.999990e-01 -1.113287e-03 -2.154545e+00 -5.997296e-02 1.163952e-03 9.981994e-01 2.588277e+01
9.995342e-01 5.288179e-04 -3.051241e-02 4.444719e+01 -5.202623e-04 9.999998e-01 2.882273e-04 -2.157657e+00 3.051266e-02 -2.722211e-04 9.995343e-01 2.580972e+01
9.979069e-01 -8.539099e-04 6.466281e-02 4.444781e+01 9.394718e-04 9.999987e-01 -1.292856e-03 -2.160472e+00 -6.466172e-02 1.350902e-03 9.979064e-01 2.577813e+01
9.996774e-01 4.002141e-04 -2.539340e-02 4.449501e+01 -3.969310e-04 9.999999e-01 1.341910e-04 -2.166333e+00 2.539355e-02 -1.240708e-04 9.996775e-01 2.585227e+01
9.975533e-01 -8.093408e-04 6.990694e-02 4.450360e+01 9.118772e-04 9.999986e-01 -1.434907e-03 -2.169362e+00 -6.990577e-02 1.495145e-03 9.975525e-01 2.577655e+01
9.996812e-01 3.722022e-04 -2.524128e-02 4.459638e+01 -3.691495e-04 9.999999e-01 1.254453e-04 -2.175504e+00 2.524142e-02 -1.160900e-04 9.996813e-01 2.576952e+01
9.982239e-01 -6.050940e-04 5.957179e-02 4.486375e+01 6.737768e-04 9.999991e-01 -1.132926e-03 -2.186033e+00 -5.957115e-02 1.171054e-03 9.982234e-01 2.569199e+01
9.993990e-01 4.270538e-04 -3.465920e-02 4.531738e+01 -4.132404e-04 9.999998e-01 4.055943e-04 -2.202110e+00 3.465946e-02 -3.910304e-04 9.993991e-01 2.561366e+01
9.977155e-01 -6.289851e-04 6.755421e-02 4.567100e+01 7.234251e-04 9.999988e-01 -1.373593e-03 -2.215031e+00 -6.755336e-02 1.419328e-03 9.977147e-01 2.550566e+01
9.993551e-01 4.407960e-04 -3.590271e-02 4.614457e+01 -4.258480e-04 9.999998e-01 4.238739e-04 -2.231834e+00 3.590298e-02 -4.083138e-04 9.993552e-01 2.539882e+01
9.972695e-01 -7.182402e-04 7.384582e-02 4.650972e+01 8.342224e-04 9.999985e-01 -1.539824e-03 -2.245842e+00 -7.384468e-02 1.597226e-03 9.972685e-01 2.537063e+01
9.994455e-01 3.391967e-04 -3.329257e-02 4.671110e+01 -3.278219e-04 9.999999e-01 3.469853e-04 -2.254712e+00 3.329277e-02 -3.358811e-04 9.994456e-01 2.532990e+01
9.969613e-01 -6.613361e-04 7.789626e-02 4.696238e+01 7.935627e-04 9.999983e-01 -1.666585e-03 -2.265375e+00 -7.789510e-02 1.723339e-03 9.969601e-01 2.527794e+01
9.993515e-01 3.292530e-04 -3.600408e-02 4.721974e+01 -3.138766e-04 9.999999e-01 4.325923e-04 -2.275826e+00 3.600429e-02 -4.210131e-04 9.993515e-01 2.520273e+01
9.981908e-01 -4.267460e-04 6.012562e-02 4.766712e+01 4.964749e-04 9.999992e-01 -1.144864e-03 -2.291576e+00 -6.012516e-02 1.172645e-03 9.981902e-01 2.511501e+01
9.995688e-01 1.583236e-04 -2.935865e-02 4.805367e+01 -1.514034e-04 1.000000e+00 2.377659e-04 -2.305757e+00 2.935876e-02 -2.332205e-04 9.995689e-01 2.505178e+01
9.973772e-01 -4.780176e-04 7.237907e-02 4.829895e+01 5.880365e-04 9.999987e-01 -1.498804e-03 -2.315601e+00 -7.237833e-02 1.537437e-03 9.973761e-01 2.494905e+01
9.994162e-01 1.865600e-04 -3.416292e-02 4.868914e+01 -1.745752e-04 9.999999e-01 3.536430e-04 -2.330259e+00 3.416306e-02 -3.474745e-04 9.994162e-01 2.489395e+01
9.975018e-01 -4.511843e-04 7.064141e-02 4.907511e+01 5.550332e-04 9.999988e-01 -1.450535e-03 -2.344808e+00 -7.064074e-02 1.486122e-03 9.975007e-01 2.484438e+01
9.995595e-01 1.193685e-04 -2.967472e-02 4.936670e+01 -1.124028e-04 1.000000e+00 2.362233e-04 -2.356170e+00 2.967481e-02 -2.327855e-04 9.995596e-01 2.476211e+01
9.980560e-01 -3.175870e-04 6.232351e-02 4.975949e+01 3.943945e-04 9.999992e-01 -1.220188e-03 -2.370514e+00 -6.232313e-02 1.242398e-03 9.980553e-01 2.467472e+01
9.995923e-01 5.144683e-05 -2.855040e-02 5.014566e+01 -4.529860e-05 1.000000e+00 2.157989e-04 -2.384403e+00 2.855046e-02 -2.144192e-04 9.995923e-01 2.456860e+01
9.983163e-01 -2.406118e-04 5.800570e-02 5.063637e+01 3.059989e-04 9.999993e-01 -1.118468e-03 -2.402158e+00 -5.800545e-02 1.134337e-03 9.983156e-01 2.452715e+01
9.996882e-01 3.989358e-06 -2.496628e-02 5.111185e+01 -1.515871e-06 1.000000e+00 9.886405e-05 -2.419839e+00 2.496633e-02 -9.879688e-05 9.996883e-01 2.450936e+01
9.987991e-01 -1.406248e-04 4.899518e-02 5.160695e+01 1.815682e-04 9.999996e-01 -8.313284e-04 -2.437211e+00 -4.899509e-02 8.392276e-04 9.987987e-01 2.443787e+01
9.997671e-01 -1.154873e-04 -2.157837e-02 5.202595e+01 1.156962e-04 1.000000e+00 8.162101e-06 -2.452307e+00 2.157841e-02 -1.065812e-05 9.997672e-01 2.437462e+01
9.985535e-01 -1.567272e-04 5.376840e-02 5.231368e+01 2.097175e-04 9.999995e-01 -9.799966e-04 -2.463076e+00 -5.376826e-02 9.898566e-04 9.985530e-01 2.427553e+01
9.999046e-01 -2.634598e-04 -1.380232e-02 5.244672e+01 2.605538e-04 9.999999e-01 -2.127754e-04 -2.469387e+00 1.380242e-02 2.091576e-04 9.999047e-01 2.419246e+01
9.985062e-01 -1.212837e-04 5.464001e-02 5.264991e+01 1.779965e-04 9.999995e-01 -1.033181e-03 -2.478388e+00 -5.463989e-02 1.041365e-03 9.985056e-01 2.415494e+01
9.998326e-01 -2.331026e-04 -1.828936e-02 5.286890e+01 2.317519e-04 1.000000e+00 -7.630493e-05 -2.488291e+00 1.828941e-02 7.205258e-05 9.998327e-01 2.416580e+01
9.988284e-01 -5.104389e-05 4.839363e-02 5.307503e+01 9.197527e-05 9.999996e-01 -8.437014e-04 -2.496930e+00 -4.839360e-02 8.471650e-04 9.988280e-01 2.412239e+01
9.998168e-01 -2.039505e-04 -1.913699e-02 5.327594e+01 2.031175e-04 1.000000e+00 -4.579536e-05 -2.504701e+00 1.913703e-02 4.189909e-05 9.998169e-01 2.398707e+01
9.991186e-01 -4.075673e-06 4.197983e-02 5.349661e+01 2.983277e-05 9.999998e-01 -6.130813e-04 -2.511911e+00 -4.197985e-02 6.137941e-04 9.991183e-01 2.375805e+01
9.997796e-01 -1.972439e-04 -2.098946e-02 5.373248e+01 1.973931e-04 1.000000e+00 4.736442e-06 -2.519889e+00 2.098948e-02 -8.879255e-06 9.997797e-01 2.356781e+01
9.992931e-01 3.202769e-05 3.759618e-02 5.387230e+01 -1.425445e-05 9.999999e-01 -4.731767e-04 -2.524317e+00 -3.759621e-02 4.723070e-04 9.992929e-01 2.333281e+01
9.996974e-01 -1.330889e-04 -2.459539e-02 5.423555e+01 1.343277e-04 1.000000e+00 4.845282e-05 -2.536973e+00 2.459541e-02 -5.174259e-05 9.996975e-01 2.321728e+01
9.996169e-01 2.009740e-04 2.768092e-02 5.462043e+01 -1.949098e-04 1.000000e+00 -2.219997e-04 -2.549329e+00 -2.768099e-02 2.165200e-04 9.996168e-01 2.305903e+01
9.995231e-01 -1.785878e-05 -3.087765e-02 5.481523e+01 2.720476e-05 1.000000e+00 3.020521e-04 -2.555251e+00 3.087766e-02 -3.027487e-04 9.995231e-01 2.286112e+01
9.992939e-01 7.460545e-06 3.757621e-02 5.491445e+01 1.152362e-05 9.999999e-01 -5.051694e-04 -2.558304e+00 -3.757623e-02 5.052464e-04 9.992936e-01 2.266348e+01
9.985081e-01 5.392205e-04 -5.459895e-02 5.502444e+01 -4.766844e-04 9.999992e-01 1.158272e-03 -2.562735e+00 5.459955e-02 -1.130519e-03 9.985077e-01 2.255374e+01
9.992992e-01 7.791737e-06 3.743455e-02 5.519720e+01 1.039753e-05 9.999999e-01 -4.858659e-04 -2.569202e+00 -3.743457e-02 4.859155e-04 9.992990e-01 2.245018e+01
9.987069e-01 4.360872e-04 -5.083383e-02 5.524816e+01 -3.902761e-04 9.999995e-01 9.109940e-04 -2.569714e+00 5.083422e-02 -8.899775e-04 9.987067e-01 2.216157e+01
9.990708e-01 -1.765232e-04 4.309993e-02 5.526125e+01 2.051021e-04 9.999998e-01 -6.588063e-04 -2.568393e+00 -4.309983e-02 6.670349e-04 9.990706e-01 2.181661e+01
9.983847e-01 6.288948e-04 -5.681004e-02 5.529354e+01 -5.652594e-04 9.999992e-01 1.136098e-03 -2.567927e+00 5.681074e-02 -1.102151e-03 9.983844e-01 2.148410e+01
9.993848e-01 -5.575883e-06 3.507376e-02 5.534050e+01 1.379829e-05 1.000000e+00 -2.343604e-04 -2.569027e+00 -3.507379e-02 2.347011e-04 9.993847e-01 2.124132e+01
9.980726e-01 7.687103e-04 -6.205014e-02 5.552256e+01 -6.915237e-04 9.999990e-01 1.265309e-03 -2.576194e+00 6.205108e-02 -1.219962e-03 9.980722e-01 2.114765e+01
9.995388e-01 8.243310e-05 3.037033e-02 5.568990e+01 -8.257302e-05 1.000000e+00 3.162711e-06 -2.582820e+00 -3.037036e-02 -5.667916e-06 9.995387e-01 2.103320e+01
9.979673e-01 8.515363e-04 -6.372071e-02 5.582545e+01 -7.678726e-04 9.999988e-01 1.337362e-03 -2.589244e+00 6.372181e-02 -1.285715e-03 9.979669e-01 2.099328e+01
9.994721e-01 -2.683104e-05 3.249065e-02 5.588630e+01 2.914968e-05 1.000000e+00 -7.105964e-05 -2.593503e+00 -3.249069e-02 7.197046e-05 9.994720e-01 2.096904e+01
9.978652e-01 9.215150e-04 -6.529969e-02 5.598441e+01 -8.350933e-04 9.999987e-01 1.350662e-03 -2.598766e+00 6.530089e-02 -1.293249e-03 9.978648e-01 2.092582e+01
9.994180e-01 -6.392147e-05 3.411593e-02 5.611190e+01 6.660540e-05 1.000000e+00 -7.768912e-05 -2.605136e+00 -3.411597e-02 7.991758e-05 9.994179e-01 2.090857e+01
9.985904e-01 6.796430e-04 -5.307143e-02 5.628742e+01 -6.366869e-04 9.999995e-01 8.262035e-04 -2.613343e+00 5.307201e-02 -7.912502e-04 9.985904e-01 2.094041e+01
9.997115e-01 9.384156e-05 2.402079e-02 5.649085e+01 -1.013950e-04 9.999999e-01 3.130233e-04 -2.621250e+00 -2.402081e-02 -3.153671e-04 9.997114e-01 2.083755e+01
9.987733e-01 6.466653e-04 -4.951138e-02 5.675958e+01 -6.137272e-04 9.999996e-01 6.803627e-04 -2.632066e+00 4.951186e-02 -6.491429e-04 9.987733e-01 2.083477e+01
9.997056e-01 4.546846e-05 2.426769e-02 5.698530e+01 -5.295268e-05 1.000000e+00 3.075596e-04 -2.641485e+00 -2.426773e-02 -3.087526e-04 9.997055e-01 2.081960e+01
9.987341e-01 6.881902e-04 -5.029386e-02 5.718062e+01 -6.535823e-04 9.999995e-01 7.044602e-04 -2.647425e+00 5.029437e-02 -6.706987e-04 9.987342e-01 2.055941e+01
9.997158e-01 1.831104e-05 2.384479e-02 5.727267e+01 -2.681503e-05 9.999999e-01 3.561250e-04 -2.650905e+00 -2.384484e-02 -3.566616e-04 9.997156e-01 2.038220e+01
9.990593e-01 5.327412e-04 -4.336043e-02 5.733257e+01 -5.181120e-04 9.999998e-01 3.485172e-04 -2.651371e+00 4.336067e-02 -3.257252e-04 9.990594e-01 2.003751e+01
9.998500e-01 1.510855e-04 1.732402e-02 5.749536e+01 -1.626589e-04 9.999998e-01 6.663909e-04 -2.655485e+00 -1.732398e-02 -6.691072e-04 9.998497e-01 1.969773e+01
9.992072e-01 5.267934e-04 -3.980626e-02 5.755791e+01 -5.205737e-04 9.999999e-01 1.665047e-04 -2.654554e+00 3.980640e-02 -1.456521e-04 9.992074e-01 1.920834e+01
9.997991e-01 3.603391e-05 2.004615e-02 5.760031e+01 -4.769621e-05 9.999998e-01 5.810819e-04 -2.652507e+00 -2.004619e-02 -5.819196e-04 9.997989e-01 1.867287e+01
9.990597e-01 6.300150e-04 -4.334926e-02 5.770170e+01 -6.148282e-04 9.999997e-01 3.635715e-04 -2.654034e+00 4.334955e-02 -3.365788e-04 9.990599e-01 1.828664e+01
