9.991131e-01 -4.852730e-04 4.210416e-02 3.602978e-02 5.412550e-04 9.999990e-01 -1.318218e-03 -7.436616e-03 -4.210348e-02 1.339838e-03 9.991125e-01 1.875805e-01
9.999778e-01 -4.252250e-05 6.665936e-03 1.077377e-01 4.382871e-05 1.000000e+00 -1.958055e-04 -1.588625e-02 -6.665918e-03 1.960935e-04 9.999777e-01 3.612547e-01
9.992112e-01 -4.688580e-04 3.970849e-02 1.711814e-01 5.190540e-04 9.999991e-01 -1.253814e-03 -2.411284e-02 -3.970788e-02 1.273436e-03 9.992106e-01 5.436121e-01
9.999747e-01 -3.889268e-05 7.113126e-03 2.410210e-01 4.037220e-05 1.000000e+00 -2.078506e-04 -3.257122e-02 -7.113100e-03 2.081324e-04 9.999746e-01 7.266100e-01
9.992746e-01 -4.733444e-04 3.807986e-02 3.265731e-01 5.189119e-04 9.999992e-01 -1.186756e-03 -4.119693e-02 -3.807929e-02 1.205656e-03 9.992741e-01 9.077603e-01
9.999499e-01 -3.671417e-05 1.000880e-02 3.950527e-01 3.976168e-05 1.000000e+00 -3.042773e-04 -4.918146e-02 -1.000876e-02 3.046596e-04 9.999498e-01 1.061329e+00
9.993513e-01 -4.640912e-04 3.601172e-02 4.917248e-01 5.045631e-04 9.999993e-01 -1.114775e-03 -5.728090e-02 -3.601121e-02 1.132223e-03 9.993508e-01 1.183246e+00
9.999684e-01 2.909662e-05 7.952454e-03 6.845849e-01 -2.721245e-05 1.000000e+00 -2.370201e-04 -6.734342e-02 -7.952425e-03 2.367955e-04 9.999683e-01 1.244427e+00
9.994537e-01 -4.717808e-04 3.304679e-02 8.823557e-01 5.064252e-04 9.999993e-01 -1.039985e-03 -7.793294e-02 -3.304632e-02 1.056153e-03 9.994534e-01 1.357270e+00
9.999181e-01 -2.665437e-05 1.279967e-02 9.793224e-01 3.166670e-05 9.999999e-01 -3.913783e-04 -8.651129e-02 -1.279961e-02 3.917506e-04 9.999179e-01 1.513076e+00
9.995850e-01 -4.037876e-04 2.880417e-02 1.121998e+00 4.301872e-04 9.999995e-01 -9.103367e-04 -9.581783e-02 -2.880384e-02 9.223511e-04 9.995848e-01 1.640372e+00
9.999792e-01 2.944701e-06 6.441593e-03 1.280920e+00 -1.553769e-06 1.000000e+00 -2.158827e-04 -1.062535e-01 -6.441543e-03 2.158670e-04 9.999791e-01 1.834845e+00
9.993466e-01 -4.708609e-04 3.613955e-02 1.345762e+00 5.122981e-04 9.999992e-01 -1.137345e-03 -1.159199e-01 -3.613904e-02 1.155118e-03 9.993462e-01 2.096601e+00
9.999958e-01 1.072663e-04 2.910130e-03 1.497527e+00 -1.070171e-04 1.000000e+00 -8.562781e-05 -1.260785e-01 -2.910082e-03 8.531457e-05 9.999957e-01 2.255199e+00
9.993215e-01 -5.134690e-04 3.682811e-02 1.698016e+00 5.561093e-04 9.999992e-01 -1.147600e-03 -1.360098e-01 -3.682755e-02 1.167303e-03 9.993210e-01 2.312624e+00
9.999106e-01 3.399209e-04 -1.336271e-02 1.771529e+00 -3.346672e-04 9.999999e-01 3.953450e-04 -1.428884e-01 1.336291e-02 -3.908392e-04 9.999105e-01 2.432247e+00
9.986620e-01 -7.370623e-04 5.170680e-02 1.883603e+00 8.200016e-04 9.999984e-01 -1.582845e-03 -1.516700e-01 -5.170561e-02 1.623129e-03 9.986611e-01 2.590504e+00
9.998570e-01 4.000392e-04 -1.690711e-02 2.028695e+00 -3.916037e-04 9.999998e-01 5.021936e-04 -1.597759e-01 1.690738e-02 -4.955027e-04 9.998569e-01 2.630448e+00
9.986256e-01 -7.231405e-04 5.240617e-02 2.257222e+00 8.072285e-04 9.999984e-01 -1.583410e-03 -1.704152e-01 -5.240501e-02 1.623539e-03 9.986247e-01 2.680684e+00
9.999461e-01 2.948191e-04 -1.037829e-02 2.308136e+00 -2.920058e-04 9.999999e-01 2.725048e-04 -1.766434e-01 1.037845e-02 -2.694616e-04 9.999460e-01 2.771560e+00
9.989000e-01 -6.554355e-04 4.688709e-02 2.487645e+00 7.219672e-04 9.999988e-01 -1.402075e-03 -1.863218e-01 -4.688619e-02 1.434386e-03 9.988993e-01 2.848774e+00
9.998170e-01 5.236497e-04 -1.912149e-02 2.913992e+00 -5.133897e-04 9.999997e-01 5.414167e-04 -2.036332e-01 1.912184e-02 -5.315030e-04 9.998169e-01 2.976478e+00
9.992695e-01 -5.595803e-04 3.821217e-02 3.559189e+00 6.027898e-04 9.999992e-01 -1.119293e-03 -2.275009e-01 -3.821159e-02 1.141511e-03 9.992691e-01 3.115056e+00
9.999826e-01 3.152629e-04 -5.880811e-03 4.030516e+00 -3.146133e-04 9.999999e-01 1.111829e-04 -2.456819e-01 5.880927e-03 -1.093331e-04 9.999826e-01 3.178101e+00
9.994752e-01 -4.614608e-04 3.239039e-02 4.565287e+00 4.917138e-04 9.999995e-01 -9.260897e-04 -2.658339e-01 -3.239003e-02 9.415329e-04 9.994749e-01 3.248460e+00
9.999619e-01 3.192051e-04 -8.720327e-03 5.121384e+00 -3.174693e-04 9.999999e-01 2.002814e-04 -2.868366e-01 8.720474e-03 -1.975078e-04 9.999619e-01 3.359396e+00
9.997292e-01 -3.767510e-04 2.326717e-02 5.617313e+00 3.925948e-04 9.999997e-01 -6.764442e-04 -3.066511e-01 -2.326699e-02 6.853980e-04 9.997291e-01 3.584649e+00
9.999351e-01 3.165947e-04 -1.138737e-02 6.107601e+00 -3.133509e-04 9.999999e-01 2.865165e-04 -3.256410e-01 1.138754e-02 -2.829321e-04 9.999350e-01 3.745868e+00
9.996143e-01 -3.488512e-04 2.776918e-02 6.737748e+00 3.712293e-04 9.999996e-01 -8.007591e-04 -3.482881e-01 -2.776897e-02 8.107615e-04 9.996141e-01 3.799990e+00
9.999731e-01 2.337825e-04 -7.333160e-03 7.258412e+00 -2.324255e-04 1.000000e+00 1.857049e-04 -3.679842e-01 7.333290e-03 -1.839980e-04 9.999730e-01 3.902230e+00
9.996774e-01 -3.062762e-04 2.539626e-02 7.770994e+00 3.249192e-04 9.999997e-01 -7.300183e-04 -3.873311e-01 -2.539611e-02 7.380372e-04 9.996773e-01 3.997439e+00
9.998490e-01 3.378257e-04 -1.737023e-02 8.271487e+00 -3.297088e-04 9.999998e-01 4.700580e-04 -4.066024e-01 1.737047e-02 -4.642625e-04 9.998489e-01 4.159366e+00
9.996010e-01 -3.229470e-04 2.824532e-02 8.774223e+00 3.459962e-04 9.999996e-01 -8.112056e-04 -4.261610e-01 -2.824513e-02 8.206573e-04 9.996008e-01 4.353289e+00
9.997026e-01 4.018379e-04 -2.438050e-02 9.169144e+00 -3.852248e-04 9.999997e-01 6.860302e-04 -4.429867e-01 2.438086e-02 -6.764368e-04 9.997024e-01 4.593967e+00
9.996148e-01 -3.308267e-04 2.775211e-02 9.681238e+00 3.535850e-04 9.999996e-01 -8.152081e-04 -4.616307e-01 -2.775192e-02 8.247095e-04 9.996146e-01 4.639373e+00
9.997093e-01 4.305870e-04 -2.410653e-02 1.021401e+01 -4.148007e-04 9.999997e-01 6.597814e-04 -4.821327e-01 2.410690e-02 -6.495927e-04 9.997091e-01 4.847019e+00
9.996343e-01 -3.236387e-04 2.704093e-02 1.078783e+01 3.452399e-04 9.999996e-01 -7.942290e-04 -5.036027e-01 -2.704075e-02 8.032768e-04 9.996341e-01 5.011696e+00
9.997604e-01 4.082659e-04 -2.188380e-02 1.121904e+01 -3.946107e-04 9.999997e-01 6.282219e-04 -5.215041e-01 2.188414e-02 -6.194384e-04 9.997603e-01 5.255569e+00
9.996048e-01 -3.230326e-04 2.811067e-02 1.169514e+01 3.459651e-04 9.999996e-01 -8.109876e-04 -5.398189e-01 -2.811049e-02 8.203951e-04 9.996046e-01 5.419399e+00
9.996393e-01 4.182072e-04 -2.685324e-02 1.195578e+01 -3.973319e-04 9.999996e-01 7.826503e-04 -5.546592e-01 2.685365e-02 -7.717009e-04 9.996390e-01 5.794583e+00
9.994595e-01 -3.541261e-04 3.287344e-02 1.235859e+01 3.861908e-04 9.999995e-01 -9.691010e-04 -5.717723e-01 -3.287317e-02 9.812752e-04 9.994591e-01 6.037907e+00
9.995586e-01 4.498636e-04 -2.970561e-02 1.296642e+01 -4.264469e-04 9.999996e-01 7.945634e-04 -5.939081e-01 2.970605e-02 -7.815474e-04 9.995583e-01 6.134942e+00
9.993807e-01 -3.636482e-04 3.518584e-02 1.347984e+01 3.978249e-04 9.999995e-01 -9.643705e-04 -6.129399e-01 -3.518556e-02 9.777738e-04 9.993804e-01 6.232647e+00
9.997018e-01 3.391055e-04 -2.441676e-02 1.390648e+01 -3.226946e-04 9.999997e-01 6.759829e-04 -6.292133e-01 2.441708e-02 -6.679048e-04 9.997016e-01 6.322804e+00
9.994279e-01 -3.357863e-04 3.381889e-02 1.423684e+01 3.670545e-04 9.999995e-01 -9.184242e-04 -6.445356e-01 -3.381866e-02 9.303149e-04 9.994276e-01 6.590560e+00
9.997292e-01 3.014600e-04 -2.326786e-02 1.451274e+01 -2.866223e-04 9.999998e-01 6.409458e-04 -6.579623e-01 2.326814e-02 -6.341058e-04 9.997290e-01 6.835755e+00
9.996251e-01 -2.825693e-04 2.738009e-02 1.473895e+01 3.030106e-04 9.999997e-01 -7.424922e-04 -6.683748e-01 -2.737996e-02 7.505130e-04 9.996249e-01 6.971809e+00
9.997407e-01 3.118179e-04 -2.276683e-02 1.488802e+01 -2.976908e-04 9.999998e-01 6.238127e-04 -6.803267e-01 2.276711e-02 -6.168761e-04 9.997405e-01 7.364581e+00
9.994825e-01 -3.119143e-04 3.216652e-02 1.523467e+01 3.404176e-04 9.999996e-01 -8.807005e-04 -6.955395e-01 -3.216632e-02 8.911975e-04 9.994822e-01 7.599267e+00
9.995895e-01 3.804304e-04 -2.864677e-02 1.555742e+01 -3.578751e-04 9.999996e-01 7.924164e-04 -7.089175e-01 2.864715e-02 -7.818418e-04 9.995892e-01 7.733464e+00
9.995614e-01 -2.882752e-04 2.961549e-02 1.602057e+01 3.135731e-04 9.999996e-01 -8.496292e-04 -7.270818e-01 -2.961532e-02 8.585459e-04 9.995611e-01 7.882243e+00
9.996441e-01 3.609015e-04 -2.667418e-02 1.649319e+01 -3.407362e-04 9.999997e-01 7.604569e-04 -7.425457e-01 2.667454e-02 -7.511000e-04 9.996438e-01 7.687230e+00
9.993115e-01 -3.718900e-04 3.709932e-02 1.686573e+01 4.105094e-04 9.999994e-01 -1.033409e-03 -7.560992e-01 -3.709901e-02 1.047930e-03 9.993111e-01 7.660570e+00
9.997158e-01 2.865339e-04 -2.383781e-02 1.705600e+01 -2.703776e-04 9.999997e-01 6.808943e-04 -7.675040e-01 2.383809e-02 -6.742583e-04 9.997155e-01 7.911454e+00
9.994779e-01 -3.134252e-04 3.231044e-02 1.706078e+01 3.423947e-04 9.999995e-01 -8.911259e-04 -7.763769e-01 -3.231024e-02 9.017263e-04 9.994775e-01 8.321800e+00
9.995788e-01 3.177713e-04 -2.901972e-02 1.703326e+01 -2.953948e-04 9.999997e-01 7.752934e-04 -7.848787e-01 2.902005e-02 -7.663973e-04 9.995785e-01 8.751378e+00
9.992338e-01 -3.556804e-04 3.913861e-02 1.719674e+01 3.971455e-04 9.999994e-01 -1.051719e-03 -7.966435e-01 -3.913830e-02 1.066460e-03 9.992333e-01 9.101611e+00
9.993155e-01 4.593967e-04 -3.698904e-02 1.743049e+01 -4.226039e-04 9.999994e-01 1.002451e-03 -8.107254e-01 3.698957e-02 -9.861359e-04 9.993151e-01 9.484202e+00
9.992749e-01 -3.673601e-04 3.807450e-02 1.761344e+01 4.062108e-04 9.999994e-01 -1.012705e-03 -8.229465e-01 -3.807420e-02 1.027439e-03 9.992745e-01 9.835116e+00
9.995245e-01 3.983307e-04 -3.083105e-02 1.779627e+01 -3.733475e-04 9.999996e-01 8.160118e-04 -8.367359e-01 3.083146e-02 -8.041159e-04 9.995242e-01 1.027695e+01
9.993532e-01 -3.381112e-04 3.595917e-02 1.802154e+01 3.728494e-04 9.999995e-01 -9.593981e-04 -8.500919e-01 -3.595892e-02 9.721877e-04 9.993529e-01 1.063236e+01
9.994237e-01 4.238060e-04 -3.394238e-02 1.839507e+01 -3.944173e-04 9.999995e-01 8.724685e-04 -8.657778e-01 3.394283e-02 -8.585809e-04 9.994233e-01 1.083360e+01
9.993937e-01 -3.274962e-04 3.481523e-02 1.889704e+01 3.598919e-04 9.999995e-01 -9.242964e-04 -8.845999e-01 -3.481500e-02 9.362686e-04 9.993934e-01 1.090649e+01
9.994372e-01 3.940081e-04 -3.354203e-02 1.920811e+01 -3.643915e-04 9.999995e-01 8.890136e-04 -8.978761e-01 3.354246e-02 -8.762936e-04 9.994368e-01 1.105844e+01
9.991910e-01 -3.378002e-04 4.021490e-02 1.959777e+01 3.806790e-04 9.999994e-01 -1.058637e-03 -9.134005e-01 -4.021462e-02 1.073093e-03 9.991906e-01 1.121038e+01
9.995122e-01 3.652379e-04 -3.122648e-02 2.000027e+01 -3.399536e-04 9.999996e-01 8.149449e-04 -9.296596e-01 3.122687e-02 -8.039346e-04 9.995119e-01 1.139903e+01
9.988584e-01 -4.185743e-04 4.776854e-02 2.038361e+01 4.805493e-04 9.999991e-01 -1.285967e-03 -9.460904e-01 -4.776805e-02 1.307456e-03 9.988577e-01 1.162692e+01
9.994992e-01 4.209480e-04 -3.164110e-02 2.085362e+01 -3.952592e-04 9.999996e-01 8.180591e-04 -9.652827e-01 3.164153e-02 -8.051457e-04 9.994989e-01 1.186115e+01
9.989818e-01 -3.976121e-04 4.511476e-02 2.130716e+01 4.522863e-04 9.999992e-01 -1.201736e-03 -9.841036e-01 -4.511434e-02 1.220920e-03 9.989811e-01 1.212135e+01
9.992898e-01 5.113197e-04 -3.767803e-02 2.177491e+01 -4.748090e-04 9.999994e-01 9.778989e-04 -1.003247e+00 3.767861e-02 -9.593173e-04 9.992894e-01 1.238185e+01
9.989768e-01 -3.912483e-04 4.522461e-02 2.225569e+01 4.452657e-04 9.999992e-01 -1.184404e-03 -1.022766e+00 -4.522421e-02 1.203332e-03 9.989762e-01 1.264218e+01
9.991450e-01 5.298985e-04 -4.133931e-02 2.265302e+01 -4.860425e-04 9.999993e-01 1.070864e-03 -1.040155e+00 4.133994e-02 -1.049858e-03 9.991445e-01 1.292805e+01
9.989075e-01 -3.727143e-04 4.673153e-02 2.318063e+01 4.317112e-04 9.999991e-01 -1.252425e-03 -1.060957e+00 -4.673112e-02 1.271234e-03 9.989068e-01 1.316601e+01
9.991743e-01 5.480777e-04 -4.062425e-02 2.378752e+01 -5.060477e-04 9.999993e-01 1.044820e-03 -1.084521e+00 4.062490e-02 -1.023402e-03 9.991739e-01 1.342588e+01
9.989243e-01 -3.745962e-04 4.637105e-02 2.435246e+01 4.313593e-04 9.999992e-01 -1.214152e-03 -1.106676e+00 -4.637065e-02 1.232851e-03 9.989236e-01 1.367977e+01
9.991926e-01 5.025326e-04 -4.017109e-02 2.480768e+01 -4.613402e-04 9.999994e-01 1.034626e-03 -1.125299e+00 4.017168e-02 -1.015261e-03 9.991922e-01 1.392351e+01
9.989522e-01 -3.531943e-04 4.576566e-02 2.535289e+01 4.089684e-04 9.999992e-01 -1.209378e-03 -1.146285e+00 -4.576530e-02 1.226830e-03 9.989515e-01 1.411418e+01
9.992589e-01 4.924225e-04 -3.848738e-02 2.593359e+01 -4.548200e-04 9.999994e-01 9.856966e-04 -1.167981e+00 3.848794e-02 -9.674641e-04 9.992585e-01 1.428886e+01
9.988524e-01 -4.115667e-04 4.789255e-02 2.633895e+01 4.716716e-04 9.999991e-01 -1.243747e-03 -1.185305e+00 -4.789209e-02 1.264913e-03 9.988518e-01 1.455459e+01
9.990441e-01 5.512350e-04 -4.371026e-02 2.680868e+01 -5.032322e-04 9.999993e-01 1.109143e-03 -1.203973e+00 4.371094e-02 -1.086089e-03 9.990436e-01 1.476004e+01
9.988605e-01 -4.181195e-04 4.772377e-02 2.734211e+01 4.782266e-04 9.999991e-01 -1.248115e-03 -1.224108e+00 -4.772331e-02 1.269519e-03 9.988598e-01 1.490229e+01
9.990108e-01 5.608340e-04 -4.446391e-02 2.780970e+01 -5.099305e-04 9.999992e-01 1.156105e-03 -1.242786e+00 4.446463e-02 -1.132290e-03 9.990103e-01 1.511524e+01
9.989105e-01 -4.548311e-04 4.666585e-02 2.811958e+01 5.123630e-04 9.999991e-01 -1.220944e-03 -1.257538e+00 -4.666536e-02 1.243526e-03 9.989099e-01 1.539609e+01
9.992505e-01 4.790450e-04 -3.870490e-02 2.848822e+01 -4.393888e-04 9.999994e-01 1.033012e-03 -1.272823e+00 3.870547e-02 -1.015234e-03 9.992501e-01 1.557131e+01
9.989654e-01 -4.283135e-04 4.547576e-02 2.875144e+01 4.832283e-04 9.999992e-01 -1.196628e-03 -1.285855e+00 -4.547531e-02 1.217368e-03 9.989648e-01 1.581630e+01
9.991167e-01 5.462654e-04 -4.201736e-02 2.915047e+01 -5.006881e-04 9.999993e-01 1.095179e-03 -1.302856e+00 4.201802e-02 -1.073176e-03 9.991162e-01 1.606362e+01
9.990220e-01 -4.542752e-04 4.421476e-02 2.947237e+01 5.043456e-04 9.999992e-01 -1.121340e-03 -1.315896e+00 -4.421432e-02 1.142546e-03 9.990215e-01 1.614727e+01
9.991168e-01 5.619516e-04 -4.201560e-02 2.993379e+01 -5.190129e-04 9.999993e-01 1.032810e-03 -1.333748e+00 4.201625e-02 -1.010094e-03 9.991164e-01 1.626854e+01
9.988602e-01 -4.880195e-04 4.772990e-02 3.026712e+01 5.438449e-04 9.999992e-01 -1.156679e-03 -1.348443e+00 -4.772939e-02 1.181322e-03 9.988597e-01 1.648211e+01
9.990615e-01 5.853652e-04 -4.330909e-02 3.054511e+01 -5.400203e-04 9.999993e-01 1.058638e-03 -1.362910e+00 4.330978e-02 -1.034259e-03 9.990611e-01 1.680444e+01
9.987562e-01 -5.295093e-04 4.985829e-02 3.082853e+01 5.902591e-04 9.999991e-01 -1.203782e-03 -1.377904e+00 -4.985770e-02 1.231717e-03 9.987556e-01 1.714872e+01
9.990744e-01 5.781484e-04 -4.301005e-02 3.117958e+01 -5.338373e-04 9.999993e-01 1.041668e-03 -1.391441e+00 4.301072e-02 -1.017747e-03 9.990740e-01 1.722183e+01
9.989901e-01 -5.202548e-04 4.492796e-02 3.136105e+01 5.675381e-04 9.999993e-01 -1.039728e-03 -1.399463e+00 -4.492749e-02 1.064180e-03 9.989897e-01 1.726334e+01
9.991347e-01 5.360327e-04 -4.158583e-02 3.142736e+01 -4.953826e-04 9.999994e-01 9.877344e-04 -1.405748e+00 4.158643e-02 -9.662817e-04 9.991344e-01 1.743008e+01
9.990508e-01 -4.611796e-04 4.355823e-02 3.167982e+01 5.060020e-04 9.999994e-01 -1.018058e-03 -1.417363e+00 -4.355783e-02 1.039136e-03 9.990504e-01 1.759940e+01
9.992502e-01 5.419443e-04 -3.871251e-02 3.208618e+01 -5.076081e-04 9.999995e-01 8.967101e-04 -1.432643e+00 3.871308e-02 -8.763898e-04 9.992499e-01 1.766336e+01
9.988745e-01 -5.203204e-04 4.742906e-02 3.240955e+01 5.730764e-04 9.999992e-01 -1.098773e-03 -1.446684e+00 -4.742855e-02 1.124720e-03 9.988741e-01 1.786416e+01
9.992531e-01 5.185336e-04 -3.863784e-02 3.256134e+01 -4.842956e-04 9.999995e-01 8.954093e-04 -1.457873e+00 3.863839e-02 -8.760312e-04 9.992528e-01 1.820404e+01
9.989752e-01 -4.680008e-04 4.526031e-02 3.293706e+01 5.158404e-04 9.999993e-01 -1.045370e-03 -1.472664e+00 -4.525989e-02 1.067649e-03 9.989747e-01 1.830732e+01
9.992190e-01 5.565188e-04 -3.951006e-02 3.340717e+01 -5.221268e-04 9.999995e-01 8.807068e-04 -1.490544e+00 3.951063e-02 -8.593925e-04 9.992187e-01 1.843186e+01
9.989514e-01 -4.558642e-04 4.578085e-02 3.387262e+01 5.042542e-04 9.999993e-01 -1.045503e-03 -1.508314e+00 -4.578044e-02 1.067495e-03 9.989510e-01 1.856531e+01
9.991176e-01 5.939777e-04 -4.199400e-02 3.437907e+01 -5.559781e-04 9.999994e-01 9.164892e-04 -1.528156e+00 4.199462e-02 -8.923356e-04 9.991174e-01 1.876785e+01
9.989887e-01 -4.989398e-04 4.495923e-02 3.470722e+01 5.435007e-04 9.999994e-01 -9.789788e-04 -1.542919e+00 -4.495881e-02 1.002427e-03 9.989884e-01 1.900794e+01
9.990058e-01 5.827548e-04 -4.457633e-02 3.486348e+01 -5.383267e-04 9.999993e-01 1.008610e-03 -1.554285e+00 4.457699e-02 -9.836135e-04 9.990054e-01 1.934620e+01
9.987816e-01 -5.035704e-04 4.934796e-02 3.517953e+01 5.587587e-04 9.999992e-01 -1.104615e-03 -1.567991e+00 -4.934747e-02 1.130845e-03 9.987811e-01 1.952853e+01
9.991668e-01 5.671437e-04 -4.080834e-02 3.553023e+01 -5.309048e-04 9.999995e-01 8.987888e-04 -1.583994e+00 4.080892e-02 -8.763774e-04 9.991665e-01 1.982500e+01
9.984599e-01 -6.372731e-04 5.547443e-02 3.573910e+01 7.088484e-04 9.999989e-01 -1.270620e-03 -1.598073e+00 -5.547366e-02 1.307989e-03 9.984593e-01 2.023864e+01
9.990821e-01 6.525264e-04 -4.282971e-02 3.593341e+01 -6.123417e-04 9.999994e-01 9.512883e-04 -1.611147e+00 4.283040e-02 -9.241916e-04 9.990819e-01 2.060887e+01
9.989923e-01 -5.507846e-04 4.487855e-02 3.621184e+01 5.965386e-04 9.999993e-01 -1.006180e-03 -1.625454e+00 -4.487806e-02 1.031941e-03 9.989920e-01 2.091482e+01
9.991657e-01 6.820175e-04 -4.083380e-02 3.669677e+01 -6.466402e-04 9.999994e-01 8.795046e-04 -1.644821e+00 4.083447e-02 -8.523688e-04 9.991655e-01 2.114208e+01
9.987447e-01 -6.653714e-04 5.008621e-02 3.701881e+01 7.203414e-04 9.999992e-01 -1.079519e-03 -1.659562e+00 -5.008555e-02 1.114246e-03 9.987444e-01 2.141027e+01
9.993595e-01 6.593752e-04 -3.577916e-02 3.745746e+01 -6.356216e-04 9.999996e-01 6.751819e-04 -1.677311e+00 3.577969e-02 -6.520103e-04 9.993594e-01 2.161253e+01
9.988456e-01 -6.498527e-04 4.803240e-02 3.796743e+01 6.988056e-04 9.999993e-01 -1.002437e-03 -1.696469e+00 -4.803181e-02 1.034848e-03 9.988453e-01 2.176048e+01
9.995124e-01 6.027075e-04 -3.121840e-02 3.820583e+01 -5.864220e-04 9.999997e-01 5.307186e-04 -1.711053e+00 3.121881e-02 -5.121554e-04 9.995124e-01 2.215244e+01
9.993177e-01 -5.454771e-04 3.693058e-02 3.840044e+01 5.710539e-04 9.999996e-01 -6.820981e-04 -1.725214e+00 -3.693029e-02 7.027250e-04 9.993176e-01 2.260361e+01
9.994760e-01 6.349229e-04 -3.236129e-02 3.878942e+01 -6.173508e-04 9.999997e-01 5.528935e-04 -1.741723e+00 3.236173e-02 -5.326283e-04 9.994760e-01 2.283780e+01
9.989777e-01 -7.190266e-04 4.520193e-02 3.908731e+01 7.594616e-04 9.999993e-01 -8.774386e-04 -1.755647e+00 -4.520137e-02 9.108736e-04 9.989775e-01 2.308984e+01
9.996436e-01 6.137160e-04 -2.668826e-02 3.938907e+01 -6.042824e-04 9.999998e-01 3.614221e-04 -1.768879e+00 2.668858e-02 -3.451688e-04 9.996437e-01 2.323312e+01
9.992346e-01 -6.660737e-04 3.911255e-02 3.962333e+01 6.929890e-04 9.999995e-01 -6.746738e-04 -1.782135e+00 -3.911218e-02 7.012649e-04 9.992346e-01 2.355398e+01
9.994161e-01 7.080196e-04 -3.415833e-02 3.993419e+01 -6.895318e-04 9.999996e-01 5.529212e-04 -1.796190e+00 3.415880e-02 -5.290479e-04 9.994162e-01 2.377796e+01
9.990599e-01 -6.856519e-04 4.334609e-02 4.037521e+01 7.197497e-04 9.999994e-01 -7.711115e-04 -1.812829e+00 -4.334564e-02 8.015878e-04 9.990599e-01 2.387087e+01
9.994091e-01 7.121770e-04 -3.436331e-02 4.083741e+01 -6.939439e-04 9.999996e-01 5.424250e-04 -1.829355e+00 3.436378e-02 -5.182611e-04 9.994092e-01 2.387323e+01
9.991406e-01 -6.099183e-04 4.144641e-02 4.149807e+01 6.414893e-04 9.999995e-01 -7.485112e-04 -1.852459e+00 -4.144603e-02 7.744583e-04 9.991405e-01 2.389120e+01
9.993315e-01 7.379534e-04 -3.654884e-02 4.204082e+01 -7.167851e-04 9.999996e-01 5.921886e-04 -1.873427e+00 3.654936e-02 -5.655979e-04 9.993316e-01 2.409452e+01
9.989539e-01 -7.170796e-04 4.572347e-02 4.241981e+01 7.549727e-04 9.999994e-01 -8.115493e-04 -1.888246e+00 -4.572296e-02 8.452232e-04 9.989538e-01 2.420350e+01
9.991221e-01 8.012422e-04 -4.188355e-02 4.273351e+01 -7.711646e-04 9.999994e-01 7.341969e-04 -1.902687e+00 4.188421e-02 -7.012560e-04 9.991222e-01 2.446274e+01
9.990823e-01 -7.746748e-04 4.282495e-02 4.281866e+01 8.060680e-04 9.999994e-01 -7.158675e-04 -1.910764e+00 -4.282447e-02 7.497333e-04 9.990824e-01 2.471474e+01
9.990625e-01 8.110073e-04 -4.328237e-02 4.316723e+01 -7.812042e-04 9.999994e-01 7.054051e-04 -1.923282e+00 4.328301e-02 -6.709341e-04 9.990626e-01 2.463443e+01
9.990549e-01 -7.716928e-04 4.346156e-02 4.349639e+01 8.036017e-04 9.999994e-01 -7.167934e-04 -1.935164e+00 -4.346108e-02 7.510446e-04 9.990549e-01 2.454583e+01
9.990457e-01 8.142073e-04 -4.366749e-02 4.365050e+01 -7.819677e-04 9.999994e-01 7.552978e-04 -1.939627e+00 4.366818e-02 -7.204332e-04 9.990458e-01 2.429028e+01
9.991007e-01 -7.924689e-04 4.239339e-02 4.383832e+01 8.222125e-04 9.999994e-01 -6.842510e-04 -1.945397e+00 -4.239292e-02 7.184949e-04 9.991008e-01 2.406968e+01
9.990537e-01 8.162311e-04 -4.348512e-02 4.411789e+01 -7.864365e-04 9.999994e-01 7.021951e-04 -1.955385e+00 4.348577e-02 -6.673351e-04 9.990538e-01 2.396719e+01
9.991076e-01 -7.896726e-04 4.223045e-02 4.442575e+01 8.191173e-04 9.999994e-01 -6.800160e-04 -1.965914e+00 -4.222999e-02 7.140037e-04 9.991077e-01 2.382539e+01
9.990472e-01 8.456953e-04 -4.363300e-02 4.484554e+01 -8.176366e-04 9.999994e-01 6.608271e-04 -1.980425e+00 4.363364e-02 -6.245243e-04 9.990474e-01 2.372481e+01
9.991021e-01 -8.283481e-04 4.236117e-02 4.508728e+01 8.564643e-04 9.999994e-01 -6.456562e-04 -1.989948e+00 -4.236071e-02 6.813602e-04 9.991022e-01 2.370995e+01
9.990804e-01 8.488513e-04 -4.286582e-02 4.523358e+01 -8.206180e-04 9.999994e-01 6.761581e-04 -1.998009e+00 4.286647e-02 -6.403626e-04 9.990806e-01 2.384964e+01
9.990797e-01 -7.899090e-04 4.288614e-02 4.564297e+01 8.201839e-04 9.999994e-01 -6.884188e-04 -2.013633e+00 -4.288567e-02 7.229627e-04 9.990798e-01 2.389412e+01
9.989786e-01 8.732558e-04 -4.517592e-02 4.597670e+01 -8.405926e-04 9.999994e-01 7.419407e-04 -2.027409e+00 4.517664e-02 -7.032111e-04 9.989787e-01 2.402361e+01
9.990724e-01 -8.209831e-04 4.305516e-02 4.617324e+01 8.509078e-04 9.999994e-01 -6.767822e-04 -2.037291e+00 -4.305468e-02 7.127933e-04 9.990725e-01 2.418568e+01
9.991628e-01 9.282734e-04 -4.089921e-02 4.657221e+01 -9.039128e-04 9.999994e-01 6.140327e-04 -2.054242e+00 4.089985e-02 -5.765521e-04 9.991630e-01 2.442526e+01
9.988141e-01 -7.782217e-04 4.868059e-02 4.713417e+01 8.192156e-04 9.999993e-01 -8.222192e-04 -2.076860e+00 -4.868002e-02 8.611270e-04 9.988141e-01 2.473095e+01
9.989913e-01 8.810263e-04 -4.489446e-02 4.749687e+01 -8.486735e-04 9.999994e-01 7.396199e-04 -2.093173e+00 4.489518e-02 -7.007758e-04 9.989914e-01 2.501714e+01
9.989531e-01 -7.815431e-04 4.574108e-02 4.791922e+01 8.170421e-04 9.999994e-01 -7.574636e-04 -2.110223e+00 -4.574056e-02 7.940459e-04 9.989531e-01 2.519780e+01
9.989690e-01 9.166924e-04 -4.538800e-02 4.839616e+01 -8.841135e-04 9.999993e-01 7.377797e-04 -2.129591e+00 4.538875e-02 -6.968936e-04 9.989691e-01 2.544531e+01
9.987871e-01 -8.031712e-04 4.923215e-02 4.899621e+01 8.472208e-04 9.999993e-01 -8.739335e-04 -2.151360e+00 -4.923151e-02 9.145869e-04 9.987870e-01 2.553299e+01
9.990786e-01 9.180254e-04 -4.290607e-02 4.957016e+01 -8.893532e-04 9.999994e-01 6.872582e-04 -2.172851e+00 4.290677e-02 -6.484691e-04 9.990788e-01 2.570083e+01
9.989250e-01 -8.088351e-04 4.634957e-02 5.002532e+01 8.457629e-04 9.999993e-01 -7.771876e-04 -2.190913e+00 -4.634900e-02 8.155558e-04 9.989250e-01 2.589900e+01
9.993441e-01 8.009642e-04 -3.620219e-02 5.038937e+01 -7.818109e-04 9.999995e-01 5.431236e-04 -2.205267e+00 3.620270e-02 -5.144668e-04 9.993443e-01 2.602475e+01
9.990728e-01 -8.065865e-04 4.304559e-02 5.060404e+01 8.375732e-04 9.999994e-01 -7.019016e-04 -2.216083e+00 -4.304510e-02 7.373075e-04 9.990729e-01 2.622231e+01
9.994284e-01 7.835096e-04 -3.379578e-02 5.105965e+01 -7.682531e-04 9.999996e-01 4.643108e-04 -2.233297e+00 3.379623e-02 -4.380845e-04 9.994286e-01 2.631089e+01
9.983659e-01 -9.292093e-04 5.713835e-02 5.143173e+01 9.949426e-04 9.999989e-01 -1.122045e-03 -2.248813e+00 -5.713734e-02 1.177064e-03 9.983657e-01 2.645759e+01
9.992688e-01 8.320566e-04 -3.822384e-02 5.165337e+01 -8.098228e-04 9.999995e-01 5.970596e-04 -2.262492e+00 3.822442e-02 -5.656713e-04 9.992690e-01 2.679784e+01
9.981099e-01 -9.644543e-04 6.144755e-02 5.194693e+01 1.042128e-03 9.999987e-01 -1.232090e-03 -2.276615e+00 -6.144638e-02 1.293800e-03 9.981096e-01 2.702225e+01
9.992273e-01 7.763236e-04 -3.929507e-02 5.216546e+01 -7.527966e-04 9.999995e-01 6.134261e-04 -2.288192e+00 3.929562e-02 -5.833737e-04 9.992274e-01 2.722048e+01
9.982863e-01 -8.076295e-04 5.851423e-02 5.264230e+01 8.766641e-04 9.999989e-01 -1.154192e-03 -2.306508e+00 -5.851333e-02 1.203514e-03 9.982859e-01 2.732927e+01
9.989648e-01 8.022542e-04 -4.548033e-02 5.319841e+01 -7.669586e-04 9.999994e-01 7.934214e-04 -2.326450e+00 4.548103e-02 -7.577213e-04 9.989649e-01 2.738659e+01
9.980035e-01 -8.180711e-04 6.315399e-02 5.373612e+01 9.000855e-04 9.999988e-01 -1.270260e-03 -2.346280e+00 -6.315297e-02 1.324571e-03 9.980030e-01 2.745524e+01
9.990528e-01 7.328827e-04 -4.350584e-02 5.429784e+01 -7.018903e-04 9.999995e-01 7.275549e-04 -2.367197e+00 4.350644e-02 -6.963321e-04 9.990529e-01 2.756989e+01
9.972765e-01 -8.339454e-04 7.374952e-02 5.480460e+01 9.560542e-04 9.999982e-01 -1.620489e-03 -2.386771e+00 -7.374814e-02 1.686587e-03 9.972755e-01 2.767724e+01
9.982060e-01 8.664449e-04 -5.986633e-02 5.523872e+01 -7.910150e-04 9.999989e-01 1.283590e-03 -2.403754e+00 5.986747e-02 -1.233935e-03 9.982055e-01 2.781514e+01
9.979245e-01 -7.234666e-04 6.439117e-02 5.580563e+01 8.163357e-04 9.999987e-01 -1.416027e-03 -2.424680e+00 -6.439015e-02 1.465655e-03 9.979238e-01 2.792674e+01
9.981106e-01 9.113242e-04 -6.143526e-02 5.653154e+01 -8.331675e-04 9.999988e-01 1.297716e-03 -2.450673e+00 6.143646e-02 -1.244081e-03 9.981102e-01 2.803983e+01
9.980588e-01 -7.347997e-04 6.227562e-02 5.712287e+01 8.189123e-04 9.999988e-01 -1.325201e-03 -2.472502e+00 -6.227466e-02 1.373629e-03 9.980581e-01 2.813669e+01
9.980999e-01 9.360158e-04 -6.160748e-02 5.789341e+01 -8.596730e-04 9.999988e-01 1.265608e-03 -2.499232e+00 6.160869e-02 -1.210243e-03 9.980996e-01 2.811626e+01
9.978928e-01 -7.125785e-04 6.488149e-02 5.873522e+01 8.038484e-04 9.999987e-01 -1.380683e-03 -2.528757e+00 -6.488051e-02 1.429931e-03 9.978920e-01 2.820947e+01
9.982102e-01 9.290730e-04 -5.979427e-02 5.932244e+01 -8.564417e-04 9.999989e-01 1.240233e-03 -2.552599e+00 5.979545e-02 -1.186805e-03 9.982099e-01 2.854793e+01
9.981442e-01 -7.524391e-04 6.089054e-02 5.971985e+01 8.289039e-04 9.999989e-01 -1.230589e-03 -2.570517e+00 -6.088964e-02 1.278781e-03 9.981437e-01 2.886853e+01
9.981033e-01 9.364233e-04 -6.155243e-02 6.015595e+01 -8.585079e-04 9.999988e-01 1.292205e-03 -2.589252e+00 6.155366e-02 -1.236913e-03 9.981030e-01 2.915210e+01
9.980122e-01 -7.272738e-04 6.301844e-02 6.063191e+01 8.108285e-04 9.999988e-01 -1.300375e-03 -2.609862e+00 -6.301752e-02 1.348890e-03 9.980115e-01 2.949471e+01
9.980260e-01 9.315731e-04 -6.279426e-02 6.121874e+01 -8.516034e-04 9.999988e-01 1.300205e-03 -2.632465e+00 6.279549e-02 -1.244165e-03 9.980256e-01 2.969658e+01
9.980334e-01 -6.954347e-04 6.268110e-02 6.177191e+01 7.751234e-04 9.999989e-01 -1.247089e-03 -2.654909e+00 -6.268026e-02 1.293225e-03 9.980329e-01 2.998229e+01
9.980311e-01 9.239740e-04 -6.271288e-02 6.234064e+01 -8.453601e-04 9.999988e-01 1.280009e-03 -2.677635e+00 6.271409e-02 -1.224477e-03 9.980308e-01 3.024978e+01
9.979823e-01 -7.119977e-04 6.348910e-02 6.283175e+01 7.940850e-04 9.999989e-01 -1.267773e-03 -2.698364e+00 -6.348822e-02 1.315633e-03 9.979818e-01 3.055720e+01
9.981493e-01 8.592617e-04 -6.080293e-02 6.331213e+01 -7.875283e-04 9.999990e-01 1.203654e-03 -2.716953e+00 6.080399e-02 -1.153545e-03 9.981490e-01 3.071050e+01
9.980922e-01 -6.726979e-04 6.173874e-02 6.377236e+01 7.479652e-04 9.999990e-01 -1.196085e-03 -2.736481e+00 -6.173797e-02 1.239984e-03 9.980917e-01 3.099876e+01
9.980237e-01 9.088920e-04 -6.283104e-02 6.434370e+01 -8.311518e-04 9.999989e-01 1.263350e-03 -2.759337e+00 6.283221e-02 -1.208634e-03 9.980233e-01 3.127713e+01
9.980702e-01 -7.059124e-04 6.209245e-02 6.478239e+01 7.811642e-04 9.999990e-01 -1.187725e-03 -2.778707e+00 -6.209164e-02 1.233940e-03 9.980697e-01 3.159687e+01
9.980111e-01 8.885404e-04 -6.303119e-02 6.501780e+01 -8.098307e-04 9.999989e-01 1.274214e-03 -2.793957e+00 6.303234e-02 -1.220638e-03 9.980107e-01 3.205749e+01
9.980645e-01 -7.179252e-04 6.218417e-02 6.515463e+01 7.906245e-04 9.999990e-01 -1.144560e-03 -2.808893e+00 -6.218338e-02 1.191512e-03 9.980641e-01 3.263758e+01
9.980422e-01 9.088454e-04 -6.253662e-02 6.533266e+01 -8.327024e-04 9.999989e-01 1.243561e-03 -2.824443e+00 6.253777e-02 -1.189054e-03 9.980419e-01 3.319150e+01
9.980929e-01 -7.628704e-04 6.172677e-02 6.543229e+01 8.332952e-04 9.999990e-01 -1.115238e-03 -2.838094e+00 -6.172596e-02 1.164550e-03 9.980925e-01 3.375248e+01
9.980538e-01 9.327389e-04 -6.235014e-02 6.555564e+01 -8.572809e-04 9.999989e-01 1.236907e-03 -2.852605e+00 6.235132e-02 -1.181050e-03 9.980535e-01 3.433034e+01
9.981275e-01 -7.800908e-04 6.116416e-02 6.563483e+01 8.469980e-04 9.999991e-01 -1.068038e-03 -2.866930e+00 -6.116336e-02 1.117847e-03 9.981272e-01 3.496149e+01
9.979249e-01 9.654164e-04 -6.438045e-02 6.587109e+01 -8.863161e-04 9.999988e-01 1.257124e-03 -2.882209e+00 6.438168e-02 -1.197457e-03 9.979246e-01 3.541854e+01
9.980776e-01 -8.103048e-04 6.197198e-02 6.597846e+01 8.772668e-04 9.999991e-01 -1.053379e-03 -2.895770e+00 -6.197116e-02 1.105723e-03 9.980774e-01 3.597150e+01
9.979147e-01 9.266128e-04 -6.453866e-02 6.609855e+01 -8.496349e-04 9.999989e-01 1.220114e-03 -2.908126e+00 6.453981e-02 -1.162738e-03 9.979144e-01 3.643794e+01
9.981472e-01 -7.431381e-04 6.084168e-02 6.631910e+01 8.051200e-04 9.999992e-01 -9.942927e-04 -2.922848e+00 -6.084098e-02 1.041438e-03 9.981470e-01 3.688772e+01
9.978178e-01 9.579436e-04 -6.602007e-02 6.654761e+01 -8.778571e-04 9.999988e-01 1.242002e-03 -2.937313e+00 6.602128e-02 -1.181338e-03 9.978175e-01 3.731199e+01
9.982482e-01 -7.070970e-04 5.916245e-02 6.670745e+01 7.623711e-04 9.999993e-01 -9.117715e-04 -2.950468e+00 -5.916185e-02 9.552807e-04 9.982480e-01 3.776319e+01
9.980563e-01 8.652934e-04 -6.231223e-02 6.684916e+01 -7.974122e-04 9.999991e-01 1.114168e-03 -2.964046e+00 6.231323e-02 -1.062316e-03 9.980560e-01 3.826512e+01
9.986512e-01 -5.814930e-04 5.191842e-02 6.695907e+01 6.177676e-04 9.999996e-01 -6.827107e-04 -2.975999e+00 -5.191809e-02 7.138660e-04 9.986511e-01 3.871496e+01
9.975210e-01 1.176325e-03 -7.035923e-02 6.715602e+01 -1.075899e-03 9.999983e-01 1.465153e-03 -2.988101e+00 7.036094e-02 -1.385824e-03 9.975206e-01 3.903561e+01
9.984726e-01 -6.808102e-04 5.524544e-02 6.737947e+01 7.268654e-04 9.999994e-01 -8.136198e-04 -3.000998e+00 -5.524494e-02 8.525358e-04 9.984725e-01 3.936516e+01
9.981049e-01 9.422318e-04 -6.152704e-02 6.764973e+01 -8.755438e-04 9.999990e-01 1.110772e-03 -3.016476e+00 6.152812e-02 -1.054800e-03 9.981048e-01 3.978097e+01
9.982312e-01 -7.741857e-04 5.944721e-02 6.794843e+01 8.329024e-04 9.999992e-01 -9.629959e-04 -3.032671e+00 -5.944651e-02 1.010809e-03 9.982310e-01 4.018683e+01
9.981111e-01 9.264387e-04 -6.142595e-02 6.835331e+01 -8.626081e-04 9.999991e-01 1.065598e-03 -3.050049e+00 6.142697e-02 -1.010601e-03 9.981110e-01 4.043959e+01
9.982064e-01 -7.607730e-04 5.986180e-02 6.873644e+01 8.192035e-04 9.999992e-01 -9.516111e-04 -3.067629e+00 -5.986113e-02 9.989460e-04 9.982063e-01 4.075465e+01
9.983423e-01 9.506738e-04 -5.754581e-02 6.923645e+01 -9.001896e-04 9.999992e-01 9.031407e-04 -3.088679e+00 5.754672e-02 -8.498439e-04 9.983424e-01 4.107469e+01
9.980718e-01 -7.231142e-04 6.206744e-02 6.998688e+01 7.893225e-04 9.999991e-01 -1.042257e-03 -3.116197e+00 -6.206673e-02 1.089241e-03 9.980714e-01 4.128399e+01
9.984453e-01 9.309800e-04 -5.573052e-02 7.086666e+01 -8.864144e-04 9.999993e-01 8.243110e-04 -3.147134e+00 5.573134e-02 -7.736315e-04 9.984455e-01 4.141715e+01
9.980561e-01 -7.297204e-04 6.231918e-02 7.159823e+01 7.931219e-04 9.999992e-01 -9.926905e-04 -3.173654e+00 -6.231850e-02 1.040190e-03 9.980558e-01 4.160057e+01
9.983134e-01 9.304324e-04 -5.804564e-02 7.223604e+01 -8.806689e-04 9.999992e-01 8.828284e-04 -3.197488e+00 5.804651e-02 -8.302228e-04 9.983135e-01 4.179315e+01
9.981210e-01 -7.254424e-04 6.126969e-02 7.274116e+01 7.827561e-04 9.999993e-01 -9.114917e-04 -3.218330e+00 -6.126908e-02 9.577409e-04 9.981209e-01 4.208887e+01
9.982390e-01 9.160936e-04 -5.931258e-02 7.309692e+01 -8.630497e-04 9.999992e-01 9.198614e-04 -3.236366e+00 5.931347e-02 -8.670542e-04 9.982390e-01 4.250129e+01
9.980670e-01 -6.983269e-04 6.214385e-02 7.366715e+01 7.590484e-04 9.999993e-01 -9.535626e-04 -3.258972e+00 -6.214324e-02 9.988921e-04 9.980668e-01 4.276240e+01
9.982972e-01 8.745580e-04 -5.832551e-02 7.413313e+01 -8.242262e-04 9.999993e-01 8.869361e-04 -3.278415e+00 5.832634e-02 -8.373547e-04 9.982972e-01 4.304586e+01
9.981971e-01 -6.672347e-04 6.001804e-02 7.468096e+01 7.238324e-04 9.999993e-01 -9.213328e-04 -3.301123e+00 -6.001748e-02 9.631172e-04 9.981969e-01 4.337498e+01
9.982625e-01 9.022592e-04 -5.891543e-02 7.533893e+01 -8.497771e-04 9.999992e-01 9.157917e-04 -3.326421e+00 5.891630e-02 -8.641379e-04 9.982625e-01 4.365140e+01
9.980770e-01 -7.257623e-04 6.198278e-02 7.568005e+01 7.864403e-04 9.999992e-01 -9.546133e-04 -3.343573e+00 -6.198213e-02 1.001526e-03 9.980768e-01 4.404055e+01
9.983622e-01 8.318298e-04 -5.720236e-02 7.594050e+01 -7.855119e-04 9.999993e-01 8.321360e-04 -3.357714e+00 5.720311e-02 -7.858423e-04 9.983622e-01 4.438593e+01
9.982441e-01 -7.693367e-04 5.922968e-02 7.607610e+01 8.207297e-04 9.999993e-01 -8.434256e-04 -3.367706e+00 -5.922909e-02 8.905587e-04 9.982441e-01 4.469055e+01
9.983079e-01 8.685085e-04 -5.814141e-02 7.628832e+01 -8.210488e-04 9.999993e-01 8.401010e-04 -3.380402e+00 5.814220e-02 -7.909448e-04 9.983080e-01 4.502218e+01
9.979553e-01 -7.159514e-04 6.391314e-02 7.667783e+01 7.790275e-04 9.999992e-01 -9.620424e-04 -3.398230e+00 -6.391250e-02 1.009868e-03 9.979550e-01 4.537243e+01
9.981547e-01 8.806455e-04 -6.071473e-02 7.704421e+01 -8.266131e-04 9.999992e-01 9.149904e-04 -3.415390e+00 6.071558e-02 -8.631166e-04 9.981547e-01 4.570845e+01
9.980981e-01 -7.203044e-04 6.164322e-02 7.753163e+01 7.768626e-04 9.999993e-01 -8.936022e-04 -3.434733e+00 -6.164263e-02 9.397934e-04 9.980979e-01 4.589805e+01
9.980903e-01 8.265700e-04 -6.176519e-02 7.787250e+01 -7.708935e-04 9.999993e-01 9.251883e-04 -3.449108e+00 6.176600e-02 -8.758093e-04 9.980902e-01 4.607037e+01
9.980916e-01 -7.233177e-04 6.174802e-02 7.818413e+01 7.796282e-04 9.999993e-01 -8.879066e-04 -3.462852e+00 -6.174743e-02 9.343551e-04 9.980914e-01 4.626424e+01
9.981222e-01 8.348861e-04 -6.124729e-02 7.858730e+01 -7.811879e-04 9.999993e-01 9.006246e-04 -3.479147e+00 6.124809e-02 -8.510900e-04 9.981222e-01 4.642211e+01
9.980596e-01 -7.018470e-04 6.226325e-02 7.881818e+01 7.571236e-04 9.999993e-01 -8.642535e-04 -3.492988e+00 -6.226270e-02 9.097199e-04 9.980594e-01 4.679356e+01
9.980825e-01 8.790578e-04 -6.188991e-02 7.929521e+01 -8.250106e-04 9.999993e-01 8.987707e-04 -3.512813e+00 6.189075e-02 -8.459898e-04 9.980825e-01 4.705655e+01
9.979312e-01 -7.365400e-04 6.428830e-02 7.977816e+01 7.970070e-04 9.999993e-01 -9.149716e-04 -3.531337e+00 -6.428768e-02 9.643193e-04 9.979310e-01 4.718984e+01
9.980424e-01 8.311265e-04 -6.253395e-02 8.014099e+01 -7.758890e-04 9.999993e-01 9.075402e-04 -3.545955e+00 6.253476e-02 -8.572465e-04 9.980424e-01 4.730401e+01
9.979992e-01 -6.850267e-04 6.322436e-02 8.055840e+01 7.426517e-04 9.999993e-01 -8.879934e-04 -3.563173e+00 -6.322380e-02 9.331728e-04 9.979990e-01 4.750682e+01
9.980170e-01 8.399205e-04 -6.293890e-02 8.093137e+01 -7.829967e-04 9.999993e-01 9.290318e-04 -3.580015e+00 6.293973e-02 -8.779108e-04 9.980169e-01 4.778876e+01
9.981473e-01 -6.786112e-04 6.084150e-02 8.137164e+01 7.301647e-04 9.999994e-01 -8.251663e-04 -3.598842e+00 -6.084099e-02 8.680643e-04 9.981471e-01 4.807002e+01
9.980347e-01 8.772702e-04 -6.265662e-02 8.186119e+01 -8.207644e-04 9.999992e-01 9.275076e-04 -3.619590e+00 6.265748e-02 -8.742607e-04 9.980347e-01 4.838426e+01
9.981080e-01 -6.840861e-04 6.148283e-02 8.235918e+01 7.372528e-04 9.999994e-01 -8.421127e-04 -3.640335e+00 -6.148231e-02 8.858502e-04 9.981078e-01 4.866928e+01
9.979563e-01 7.632631e-04 -6.389477e-02 8.287114e+01 -7.113573e-04 9.999994e-01 8.350525e-04 -3.656767e+00 6.389546e-02 -7.878961e-04 9.979563e-01 4.844076e+01
9.980961e-01 -6.461943e-04 6.167592e-02 8.344690e+01 7.004464e-04 9.999994e-01 -8.580690e-04 -3.674728e+00 -6.167542e-02 8.996384e-04 9.980959e-01 4.817096e+01
9.979611e-01 7.811492e-04 -6.381870e-02 8.401078e+01 -7.274190e-04 9.999994e-01 8.650937e-04 -3.694570e+00 6.381943e-02 -8.169092e-04 9.979611e-01 4.814131e+01
9.982723e-01 -6.045038e-04 5.875560e-02 8.455744e+01 6.498266e-04 9.999995e-01 -7.523306e-04 -3.713208e+00 -5.875521e-02 7.892141e-04 9.982721e-01 4.807053e+01
9.980577e-01 7.411533e-04 -6.229127e-02 8.514825e+01 -6.934517e-04 9.999994e-01 7.873421e-04 -3.732881e+00 6.229191e-02 -7.426191e-04 9.980577e-01 4.794210e+01
9.982768e-01 -5.960627e-04 5.867905e-02 8.581934e+01 6.424966e-04 9.999995e-01 -7.725118e-04 -3.754406e+00 -5.867866e-02 8.088841e-04 9.982766e-01 4.773227e+01
9.980748e-01 7.936721e-04 -6.201583e-02 8.656533e+01 -7.441030e-04 9.999994e-01 8.223332e-04 -3.780051e+00 6.201654e-02 -7.746061e-04 9.980748e-01 4.772348e+01
9.981604e-01 -6.382809e-04 6.062633e-02 8.729610e+01 6.890206e-04 9.999994e-01 -8.160770e-04 -3.805365e+00 -6.062587e-02 8.563509e-04 9.981602e-01 4.770710e+01
9.979969e-01 7.275018e-04 -6.325780e-02 8.789655e+01 -6.788411e-04 9.999995e-01 7.906788e-04 -3.824266e+00 6.325843e-02 -7.461553e-04 9.979969e-01 4.744541e+01
9.982470e-01 -5.960123e-04 5.918431e-02 8.853091e+01 6.416626e-04 9.999995e-01 -7.523789e-04 -3.842548e+00 -5.918392e-02 7.890387e-04 9.982468e-01 4.701681e+01
9.980023e-01 7.444491e-04 -6.317201e-02 8.927276e+01 -6.968396e-04 9.999995e-01 7.756230e-04 -3.865969e+00 6.317265e-02 -7.300551e-04 9.980023e-01 4.677305e+01
9.982742e-01 -5.428100e-04 5.872347e-02 8.998868e+01 5.831529e-04 9.999996e-01 -6.699185e-04 -3.890347e+00 -5.872318e-02 7.030095e-04 9.982741e-01 4.673727e+01
9.981174e-01 7.057871e-04 -6.132757e-02 9.067233e+01 -6.641197e-04 9.999995e-01 6.997485e-04 -3.913984e+00 6.132813e-02 -6.577046e-04 9.981174e-01 4.670914e+01
9.982438e-01 -6.011896e-04 5.923755e-02 9.127933e+01 6.427827e-04 9.999996e-01 -6.831424e-04 -3.930834e+00 -5.923721e-02 7.200220e-04 9.982437e-01 4.619897e+01
9.980825e-01 7.127547e-04 -6.189204e-02 9.180803e+01 -6.693388e-04 9.999995e-01 7.221525e-04 -3.945427e+00 6.189262e-02 -6.793433e-04 9.980826e-01 4.573646e+01
9.982522e-01 -6.392495e-04 5.909612e-02 9.235326e+01 6.827233e-04 9.999995e-01 -7.155122e-04 -3.962250e+00 -5.909572e-02 7.546103e-04 9.982521e-01 4.544892e+01
9.981165e-01 6.903461e-04 -6.134203e-02 9.286000e+01 -6.457190e-04 9.999995e-01 7.472779e-04 -3.977751e+00 6.134262e-02 -7.062629e-04 9.981165e-01 4.514818e+01
9.982651e-01 -6.450791e-04 5.887718e-02 9.336153e+01 6.887251e-04 9.999995e-01 -7.210693e-04 -3.993722e+00 -5.887678e-02 7.603709e-04 9.982650e-01 4.491328e+01
9.980975e-01 7.172837e-04 -6.165047e-02 9.395532e+01 -6.735709e-04 9.999995e-01 7.297678e-04 -4.011870e+00 6.165106e-02 -6.868557e-04 9.980975e-01 4.459450e+01
9.982371e-01 -6.338958e-04 5.935038e-02 9.460286e+01 6.795956e-04 9.999995e-01 -7.498728e-04 -4.031927e+00 -5.934997e-02 7.888875e-04 9.982370e-01 4.428275e+01
9.981221e-01 7.146154e-04 -6.125013e-02 9.518791e+01 -6.707186e-04 9.999995e-01 7.371832e-04 -4.049552e+00 6.125073e-02 -6.947195e-04 9.981221e-01 4.392569e+01
9.981943e-01 -6.364800e-04 6.006515e-02 9.568387e+01 6.823225e-04 9.999995e-01 -7.427589e-04 -4.064676e+00 -6.006474e-02 7.824040e-04 9.981942e-01 4.360923e+01
9.980166e-01 7.344232e-04 -6.294641e-02 9.612594e+01 -6.866477e-04 9.999995e-01 7.805619e-04 -4.077743e+00 6.294705e-02 -7.357940e-04 9.980166e-01 4.328397e+01
