9.991787e-01 -4.860573e-04 4.051745e-02 3.435411e-02 5.381481e-04 9.999990e-01 -1.274742e-03 -6.800499e-03 -4.051680e-02 1.295499e-03 9.991781e-01 1.614962e-01
9.999846e-01 -3.157903e-05 5.546331e-03 9.742472e-02 3.248426e-05 1.000000e+00 -1.631209e-04 -1.455536e-02 -5.546317e-03 1.632988e-04 9.999845e-01 3.230793e-01
9.992244e-01 -4.822082e-04 3.937574e-02 1.588896e-01 5.318616e-04 9.999991e-01 -1.250547e-03 -2.331263e-02 -3.937512e-02 1.270520e-03 9.992238e-01 5.423252e-01
9.999734e-01 -5.613010e-05 7.299264e-03 2.163569e-01 5.773227e-05 1.000000e+00 -2.192838e-04 -3.178787e-02 -7.299234e-03 2.196993e-04 9.999732e-01 7.460712e-01
9.992221e-01 -4.702221e-04 3.943397e-02 2.898663e-01 5.190935e-04 9.999991e-01 -1.229092e-03 -3.942324e-02 -3.943338e-02 1.248606e-03 9.992215e-01 8.814918e-01
9.999599e-01 -5.460921e-05 8.955691e-03 3.598510e-01 5.712068e-05 1.000000e+00 -2.801697e-04 -4.776347e-02 -8.955648e-03 2.806697e-04 9.999598e-01 1.052948e+00
9.994504e-01 -3.573246e-04 3.314805e-02 5.744556e-01 3.919690e-04 9.999994e-01 -1.038651e-03 -5.869748e-02 -3.314769e-02 1.051074e-03 9.994500e-01 1.147686e+00
9.999916e-01 1.846145e-05 4.103184e-03 9.068290e-01 -1.805144e-05 1.000000e+00 -9.992800e-05 -7.244659e-02 -4.103151e-03 9.985245e-05 9.999915e-01 1.181305e+00
9.995135e-01 -3.751496e-04 3.118844e-02 1.122079e+00 4.064997e-04 9.999994e-01 -9.988543e-04 -8.302771e-02 -3.118808e-02 1.011047e-03 9.995131e-01 1.275603e+00
9.999609e-01 -1.772672e-05 8.847624e-03 1.339590e+00 2.010961e-05 1.000000e+00 -2.692146e-04 -9.560548e-02 -8.847578e-03 2.693811e-04 9.999607e-01 1.485657e+00
9.996509e-01 -3.493192e-04 2.641904e-02 1.606131e+00 3.714249e-04 9.999996e-01 -8.318406e-04 -1.083152e-01 -2.641878e-02 8.413639e-04 9.996507e-01 1.621008e+00
9.999233e-01 -9.079795e-05 1.238464e-02 1.762511e+00 9.579759e-05 9.999999e-01 -4.030809e-04 -1.181535e-01 -1.238456e-02 4.042352e-04 9.999231e-01 1.768875e+00
9.995736e-01 -3.765960e-04 2.919696e-02 1.832943e+00 4.037577e-04 9.999995e-01 -9.244140e-04 -1.271646e-01 -2.919665e-02 9.358096e-04 9.995733e-01 1.998012e+00
9.999856e-01 6.938192e-05 5.362156e-03 2.118570e+00 -6.854120e-05 1.000000e+00 -1.568944e-04 -1.395540e-01 -5.362112e-03 1.565232e-04 9.999855e-01 2.044597e+00
9.995636e-01 -4.301412e-04 2.953755e-02 2.400258e+00 4.579002e-04 9.999995e-01 -9.330427e-04 -1.509912e-01 -2.953719e-02 9.461622e-04 9.995633e-01 2.039193e+00
9.997290e-01 6.214211e-04 -2.326985e-02 2.480350e+00 -6.023731e-04 9.999995e-01 8.255464e-04 -1.572280e-01 2.327041e-02 -8.113070e-04 9.997288e-01 2.105335e+00
9.992467e-01 -5.491725e-04 3.880514e-02 2.585649e+00 5.966722e-04 9.999991e-01 -1.212499e-03 -1.639607e-01 -3.880450e-02 1.234741e-03 9.992462e-01 2.142928e+00
9.997207e-01 5.989181e-04 -2.362336e-02 2.779326e+00 -5.806824e-04 9.999995e-01 7.787648e-04 -1.735463e-01 2.362388e-02 -7.648312e-04 9.997205e-01 2.212309e+00
9.984769e-01 -8.913501e-04 5.516446e-02 2.972910e+00 9.882786e-04 9.999980e-01 -1.729837e-03 -1.837002e-01 -5.516287e-02 1.781722e-03 9.984759e-01 2.322196e+00
9.998435e-01 5.153699e-04 -1.768518e-02 3.044244e+00 -5.057766e-04 9.999997e-01 5.468785e-04 -1.897826e-01 1.768553e-02 -5.378499e-04 9.998434e-01 2.377576e+00
9.987070e-01 -8.099925e-04 5.083074e-02 3.322936e+00 8.898142e-04 9.999984e-01 -1.547747e-03 -2.016159e-01 -5.082947e-02 1.590978e-03 9.987062e-01 2.394139e+00
9.997311e-01 6.935497e-04 -2.317668e-02 3.816130e+00 -6.774912e-04 9.999995e-01 7.006822e-04 -2.211473e-01 2.317723e-02 -6.847937e-04 9.997311e-01 2.540291e+00
9.989467e-01 -7.850903e-04 4.587906e-02 4.421377e+00 8.489200e-04 9.999987e-01 -1.371810e-03 -2.431841e-01 -4.587800e-02 1.409314e-03 9.989461e-01 2.595143e+00
9.998863e-01 5.667204e-04 -1.506913e-02 4.882106e+00 -5.603902e-04 9.999998e-01 4.242396e-04 -2.607534e-01 1.506944e-02 -4.157487e-04 9.998863e-01 2.635429e+00
9.991493e-01 -6.969028e-04 4.123351e-02 5.399460e+00 7.476117e-04 9.999990e-01 -1.214413e-03 -2.802264e-01 -4.123269e-02 1.244209e-03 9.991489e-01 2.696883e+00
9.997824e-01 6.129908e-04 -2.084987e-02 5.945262e+00 -6.004084e-04 9.999996e-01 6.096825e-04 -3.007345e-01 2.085031e-02 -5.970335e-04 9.997823e-01 2.791654e+00
9.994671e-01 -6.054511e-04 3.263638e-02 6.518885e+00 6.391759e-04 9.999993e-01 -1.022959e-03 -3.217856e-01 -3.263582e-02 1.043276e-03 9.994668e-01 2.903994e+00
9.998524e-01 5.595952e-04 -1.716860e-02 7.072658e+00 -5.504841e-04 9.999997e-01 5.353389e-04 -3.418707e-01 1.716898e-02 -5.258110e-04 9.998524e-01 2.929957e+00
9.993845e-01 -6.315169e-04 3.507377e-02 7.669019e+00 6.697004e-04 9.999992e-01 -1.076955e-03 -3.636020e-01 -3.507314e-02 1.099783e-03 9.993842e-01 3.009778e+00
9.998398e-01 5.244931e-04 -1.788929e-02 8.135825e+00 -5.142760e-04 9.999997e-01 5.756555e-04 -3.808913e-01 1.788967e-02 -5.663655e-04 9.998397e-01 3.034962e+00
9.994872e-01 -5.779325e-04 3.201512e-02 8.562260e+00 6.097411e-04 9.999993e-01 -9.838316e-04 -3.974384e-01 -3.201461e-02 1.002850e-03 9.994870e-01 3.135903e+00
9.998174e-01 5.178879e-04 -1.910199e-02 9.019583e+00 -5.065051e-04 9.999997e-01 6.006607e-04 -4.146757e-01 1.910237e-02 -5.908780e-04 9.998173e-01 3.202568e+00
9.996029e-01 -4.950329e-04 2.817640e-02 9.547760e+00 5.201594e-04 9.999995e-01 -8.844759e-04 -4.347227e-01 -2.817603e-02 8.987832e-04 9.996027e-01 3.364022e+00
9.997045e-01 5.632376e-04 -2.429981e-02 1.003379e+01 -5.451693e-04 9.999996e-01 7.501200e-04 -4.528826e-01 2.430030e-02 -7.366532e-04 9.997044e-01 3.457105e+00
9.995503e-01 -4.981223e-04 2.998416e-02 1.054317e+01 5.260755e-04 9.999994e-01 -9.244231e-04 -4.713307e-01 -2.998376e-02 9.397837e-04 9.995500e-01 3.508598e+00
9.995472e-01 6.015483e-04 -3.008300e-02 1.107150e+01 -5.758243e-04 9.999995e-01 8.637121e-04 -4.908384e-01 3.008359e-02 -8.460008e-04 9.995470e-01 3.587127e+00
9.995599e-01 -4.772543e-04 2.966245e-02 1.158748e+01 5.043648e-04 9.999995e-01 -9.065330e-04 -5.101065e-01 -2.966209e-02 9.210971e-04 9.995596e-01 3.684632e+00
9.996511e-01 5.739415e-04 -2.640641e-02 1.217482e+01 -5.540787e-04 9.999996e-01 7.594558e-04 -5.315509e-01 2.640692e-02 -7.445619e-04 9.996509e-01 3.775008e+00
9.995417e-01 -4.658296e-04 3.027020e-02 1.260198e+01 4.923545e-04 9.999995e-01 -8.688635e-04 -5.501441e-01 -3.026987e-02 8.833713e-04 9.995415e-01 4.072584e+00
9.995896e-01 5.643577e-04 -2.863934e-02 1.300752e+01 -5.416313e-04 9.999995e-01 8.012408e-04 -5.673158e-01 2.863987e-02 -7.854024e-04 9.995894e-01 4.301679e+00
9.994208e-01 -4.752891e-04 3.402812e-02 1.334801e+01 5.079321e-04 9.999994e-01 -9.506916e-04 -5.845942e-01 -3.402774e-02 9.674273e-04 9.994205e-01 4.685066e+00
9.995713e-01 5.347019e-04 -2.927213e-02 1.379008e+01 -5.117405e-04 9.999996e-01 7.918476e-04 -6.014281e-01 2.927262e-02 -7.765308e-04 9.995711e-01 4.798494e+00
9.993573e-01 -4.565579e-04 3.584575e-02 1.433210e+01 4.920905e-04 9.999994e-01 -9.824816e-04 -6.213585e-01 -3.584536e-02 9.994919e-04 9.993569e-01 4.893359e+00
9.996568e-01 4.698810e-04 -2.619313e-02 1.470808e+01 -4.511467e-04 9.999996e-01 7.210868e-04 -6.374088e-01 2.619355e-02 -7.090247e-04 9.996566e-01 5.116996e+00
9.993937e-01 -4.537951e-04 3.481360e-02 1.498439e+01 4.872217e-04 9.999994e-01 -9.517206e-04 -6.520380e-01 -3.481323e-02 9.681080e-04 9.993934e-01 5.437524e+00
9.996385e-01 4.716155e-04 -2.688126e-02 1.515542e+01 -4.519525e-04 9.999996e-01 7.374940e-04 -6.648218e-01 2.688168e-02 -7.250807e-04 9.996383e-01 5.833557e+00
9.995163e-01 -4.360716e-04 3.109709e-02 1.543888e+01 4.623357e-04 9.999995e-01 -8.374424e-04 -6.763572e-01 -3.109680e-02 8.514170e-04 9.995161e-01 5.914318e+00
9.996035e-01 4.887997e-04 -2.815055e-02 1.561678e+01 -4.674954e-04 9.999996e-01 7.633236e-04 -6.885135e-01 2.815100e-02 -7.498631e-04 9.996033e-01 6.264744e+00
9.993219e-01 -5.320609e-04 3.681810e-02 1.575515e+01 5.688183e-04 9.999994e-01 -9.879198e-04 -6.986992e-01 -3.681763e-02 1.008195e-03 9.993216e-01 6.565210e+00
9.994615e-01 5.977153e-04 -3.280747e-02 1.610376e+01 -5.687486e-04 9.999994e-01 8.922081e-04 -7.125438e-01 3.280807e-02 -8.730709e-04 9.994612e-01 6.668993e+00
9.994389e-01 -5.290688e-04 3.349148e-02 1.640401e+01 5.593910e-04 9.999994e-01 -8.960493e-04 -7.258505e-01 -3.349107e-02 9.142839e-04 9.994387e-01 6.848607e+00
9.995210e-01 5.679260e-04 -3.094286e-02 1.662600e+01 -5.414770e-04 9.999995e-01 8.630931e-04 -7.336369e-01 3.094342e-02 -8.459272e-04 9.995207e-01 6.733976e+00
9.992706e-01 -5.563551e-04 3.818313e-02 1.690137e+01 5.957633e-04 9.999993e-01 -1.020749e-03 -7.445636e-01 -3.818262e-02 1.042755e-03 9.992703e-01 6.776237e+00
9.995348e-01 5.872296e-04 -3.049288e-02 1.704978e+01 -5.625405e-04 9.999995e-01 8.181895e-04 -7.581239e-01 3.049343e-02 -8.006579e-04 9.995346e-01 7.252019e+00
9.993311e-01 -5.514977e-04 3.656686e-02 1.712527e+01 5.871112e-04 9.999994e-01 -9.632366e-04 -7.704067e-01 -3.656639e-02 9.840636e-04 9.993308e-01 7.756459e+00
9.994214e-01 6.014930e-04 -3.400705e-02 1.712805e+01 -5.713651e-04 9.999994e-01 8.955936e-04 -7.804871e-01 3.400765e-02 -8.756475e-04 9.994211e-01 8.223252e+00
9.992723e-01 -5.392933e-04 3.814077e-02 1.725617e+01 5.780118e-04 9.999993e-01 -1.004165e-03 -7.932275e-01 -3.814029e-02 1.025482e-03 9.992719e-01 8.682867e+00
9.994638e-01 6.165820e-04 -3.273602e-02 1.749392e+01 -5.888774e-04 9.999995e-01 8.558881e-04 -8.081199e-01 3.273662e-02 -8.361541e-04 9.994636e-01 9.102641e+00
9.994845e-01 -5.487987e-04 3.210223e-02 1.769698e+01 5.752818e-04 9.999995e-01 -8.157780e-04 -8.199907e-01 -3.210185e-02 8.338278e-04 9.994843e-01 9.392035e+00
9.995775e-01 6.297955e-04 -2.905965e-02 1.783857e+01 -6.084125e-04 9.999995e-01 7.446107e-04 -8.332549e-01 2.906019e-02 -7.266182e-04 9.995773e-01 9.861593e+00
9.995197e-01 -5.621454e-04 3.098577e-02 1.803984e+01 5.866564e-04 9.999995e-01 -7.820031e-04 -8.453849e-01 -3.098541e-02 7.998081e-04 9.995196e-01 1.017301e+01
9.995049e-01 5.956614e-04 -3.145660e-02 1.824791e+01 -5.706009e-04 9.999995e-01 8.055872e-04 -8.559892e-01 3.145715e-02 -7.872416e-04 9.995047e-01 1.036825e+01
9.995081e-01 -5.235460e-04 3.135783e-02 1.859019e+01 5.488899e-04 9.999995e-01 -7.996607e-04 -8.705131e-01 -3.135748e-02 8.164818e-04 9.995080e-01 1.054021e+01
9.995475e-01 5.787861e-04 -3.007193e-02 1.894717e+01 -5.560206e-04 9.999996e-01 7.653360e-04 -8.844787e-01 3.007244e-02 -7.482715e-04 9.995474e-01 1.060111e+01
9.995155e-01 -5.205857e-04 3.112226e-02 1.926243e+01 5.452344e-04 9.999995e-01 -7.835630e-04 -8.977355e-01 -3.112193e-02 8.001548e-04 9.995153e-01 1.073201e+01
9.996919e-01 5.541193e-04 -2.481579e-02 1.961838e+01 -5.388204e-04 9.999997e-01 6.231151e-04 -9.127421e-01 2.481622e-02 -6.095543e-04 9.996918e-01 1.093204e+01
9.992791e-01 -5.701508e-04 3.796095e-02 2.006273e+01 6.084269e-04 9.999993e-01 -9.967975e-04 -9.308213e-01 -3.796044e-02 1.019178e-03 9.992788e-01 1.115535e+01
9.997214e-01 5.549171e-04 -2.359548e-02 2.049818e+01 -5.412873e-04 9.999997e-01 5.839552e-04 -9.493651e-01 2.359589e-02 -5.710231e-04 9.997213e-01 1.142155e+01
9.994948e-01 -4.856366e-04 3.178128e-02 2.095215e+01 5.122362e-04 9.999995e-01 -8.288721e-04 -9.681112e-01 -3.178095e-02 8.447354e-04 9.994946e-01 1.168151e+01
9.996755e-01 5.432087e-04 -2.546837e-02 2.131495e+01 -5.271000e-04 9.999997e-01 6.391377e-04 -9.843971e-01 2.546879e-02 -6.255084e-04 9.996754e-01 1.195920e+01
9.995850e-01 -4.388873e-04 2.880358e-02 2.173406e+01 4.604046e-04 9.999996e-01 -7.404654e-04 -1.002243e+00 -2.880333e-02 7.534220e-04 9.995849e-01 1.221700e+01
9.997062e-01 5.511855e-04 -2.423290e-02 2.216109e+01 -5.365241e-04 9.999997e-01 6.114474e-04 -1.020380e+00 2.423332e-02 -5.982687e-04 9.997061e-01 1.248433e+01
9.996301e-01 -4.273681e-04 2.719531e-02 2.270830e+01 4.475420e-04 9.999996e-01 -7.357948e-04 -1.041414e+00 -2.719508e-02 7.476963e-04 9.996299e-01 1.267128e+01
9.997421e-01 5.540716e-04 -2.270341e-02 2.325897e+01 -5.410861e-04 9.999997e-01 5.780233e-04 -1.062830e+00 2.270382e-02 -5.655922e-04 9.997420e-01 1.289316e+01
9.996489e-01 -4.168073e-04 2.649584e-02 2.382253e+01 4.356934e-04 9.999997e-01 -7.070895e-04 -1.084660e+00 -2.649563e-02 7.183879e-04 9.996487e-01 1.311384e+01
9.997217e-01 5.462401e-04 -2.358361e-02 2.425837e+01 -5.318098e-04 9.999997e-01 6.180687e-04 -1.103822e+00 2.358403e-02 -6.053572e-04 9.997216e-01 1.343283e+01
9.995823e-01 -4.216062e-04 2.889944e-02 2.493814e+01 4.455641e-04 9.999996e-01 -8.226313e-04 -1.128579e+00 -2.889918e-02 8.351668e-04 9.995821e-01 1.356364e+01
9.997385e-01 5.359139e-04 -2.285883e-02 2.554490e+01 -5.217284e-04 9.999997e-01 6.264509e-04 -1.151021e+00 2.285925e-02 -6.143636e-04 9.997384e-01 1.371480e+01
9.995377e-01 -4.583693e-04 3.040049e-02 2.604805e+01 4.838696e-04 9.999995e-01 -8.315151e-04 -1.170105e+00 -3.040019e-02 8.458432e-04 9.995375e-01 1.387291e+01
9.995798e-01 5.498912e-04 -2.897933e-02 2.651712e+01 -5.275792e-04 9.999996e-01 7.775078e-04 -1.188414e+00 2.897984e-02 -7.618948e-04 9.995796e-01 1.400620e+01
9.995168e-01 -4.121701e-04 3.108027e-02 2.701730e+01 4.388568e-04 9.999995e-01 -8.518766e-04 -1.208496e+00 -3.108000e-02 8.651074e-04 9.995166e-01 1.423458e+01
9.995450e-01 4.928112e-04 -3.015642e-02 2.741078e+01 -4.684662e-04 9.999996e-01 8.142900e-04 -1.224288e+00 3.015690e-02 -7.997948e-04 9.995448e-01 1.437185e+01
9.995322e-01 -4.016729e-04 3.058214e-02 2.772091e+01 4.270548e-04 9.999996e-01 -8.234885e-04 -1.239347e+00 -3.058189e-02 8.361661e-04 9.995320e-01 1.466631e+01
9.996761e-01 4.166109e-04 -2.544450e-02 2.797347e+01 -3.985597e-04 9.999997e-01 7.144280e-04 -1.250734e+00 2.544489e-02 -7.040580e-04 9.996759e-01 1.480995e+01
9.996291e-01 -3.624335e-04 2.723302e-02 2.837610e+01 3.839268e-04 9.999996e-01 -7.840773e-04 -1.266004e+00 -2.723282e-02 7.942446e-04 9.996289e-01 1.485691e+01
9.996902e-01 4.512499e-04 -2.488338e-02 2.889208e+01 -4.343922e-04 9.999997e-01 6.827932e-04 -1.285624e+00 2.488377e-02 -6.717751e-04 9.996901e-01 1.499819e+01
9.995995e-01 -3.551919e-04 2.829884e-02 2.931092e+01 3.776036e-04 9.999996e-01 -7.866871e-04 -1.303283e+00 -2.829865e-02 7.970604e-04 9.995993e-01 1.524551e+01
9.996413e-01 4.366630e-04 -2.677775e-02 2.978185e+01 -4.178473e-04 9.999997e-01 7.081820e-04 -1.321592e+00 2.677814e-02 -6.967416e-04 9.996411e-01 1.536210e+01
9.995125e-01 -3.352507e-04 3.121996e-02 3.024715e+01 3.610830e-04 9.999996e-01 -8.218496e-04 -1.339467e+00 -3.121977e-02 8.327246e-04 9.995123e-01 1.548820e+01
9.996395e-01 3.884489e-04 -2.684396e-02 3.041602e+01 -3.695202e-04 9.999997e-01 7.100248e-04 -1.352133e+00 2.684432e-02 -6.998520e-04 9.996393e-01 1.588527e+01
9.993834e-01 -3.656966e-04 3.510951e-02 3.080306e+01 3.982708e-04 9.999995e-01 -9.208504e-04 -1.369017e+00 -3.510925e-02 9.342684e-04 9.993831e-01 1.615024e+01
9.995957e-01 3.872062e-04 -2.843005e-02 3.119527e+01 -3.663698e-04 9.999997e-01 7.380393e-04 -1.382934e+00 2.843042e-02 -7.273276e-04 9.995954e-01 1.612680e+01
9.995349e-01 -3.624569e-04 3.049391e-02 3.128057e+01 3.855000e-04 9.999996e-01 -7.498454e-04 -1.390342e+00 -3.049372e-02 7.612547e-04 9.995347e-01 1.633079e+01
9.995464e-01 3.819229e-04 -3.011205e-02 3.138052e+01 -3.591625e-04 9.999996e-01 7.611977e-04 -1.397750e+00 3.011242e-02 -7.500399e-04 9.995462e-01 1.649118e+01
9.995004e-01 -3.157699e-04 3.160668e-02 3.169679e+01 3.411469e-04 9.999996e-01 -7.975682e-04 -1.411095e+00 -3.160651e-02 8.079549e-04 9.995001e-01 1.662520e+01
9.996039e-01 3.750192e-04 -2.814045e-02 3.198986e+01 -3.549907e-04 9.999997e-01 7.166558e-04 -1.424029e+00 2.814080e-02 -7.063849e-04 9.996037e-01 1.679920e+01
9.994356e-01 -3.577718e-04 3.359250e-02 3.220823e+01 3.862728e-04 9.999996e-01 -8.420008e-04 -1.435792e+00 -3.359228e-02 8.545041e-04 9.994353e-01 1.705109e+01
9.995443e-01 3.974667e-04 -3.018130e-02 3.229376e+01 -3.743206e-04 9.999996e-01 7.724833e-04 -1.446574e+00 3.018169e-02 -7.608364e-04 9.995441e-01 1.746812e+01
9.993465e-01 -3.889958e-04 3.614418e-02 3.245583e+01 4.227171e-04 9.999995e-01 -9.253809e-04 -1.459094e+00 -3.614389e-02 9.400577e-04 9.993462e-01 1.786558e+01
9.995304e-01 4.677594e-04 -3.063840e-02 3.288896e+01 -4.442696e-04 9.999996e-01 7.734171e-04 -1.476135e+00 3.063884e-02 -7.594447e-04 9.995302e-01 1.802490e+01
9.993267e-01 -3.920045e-04 3.668976e-02 3.327988e+01 4.260794e-04 9.999995e-01 -9.209671e-04 -1.492280e+00 -3.668948e-02 9.359823e-04 9.993263e-01 1.822550e+01
9.993871e-01 4.640994e-04 -3.500086e-02 3.355770e+01 -4.332340e-04 9.999995e-01 8.893672e-04 -1.505282e+00 3.500135e-02 -8.736612e-04 9.993868e-01 1.843356e+01
9.993336e-01 -3.545353e-04 3.650117e-02 3.379468e+01 3.883803e-04 9.999995e-01 -9.201959e-04 -1.519726e+00 -3.650092e-02 9.337616e-04 9.993332e-01 1.882181e+01
9.993553e-01 4.164304e-04 -3.589979e-02 3.389165e+01 -3.833816e-04 9.999995e-01 9.274063e-04 -1.529857e+00 3.590025e-02 -9.130476e-04 9.993549e-01 1.917985e+01
9.992669e-01 -3.232204e-04 3.828317e-02 3.423120e+01 3.609980e-04 9.999995e-01 -9.799320e-04 -1.544189e+00 -3.828292e-02 9.930364e-04 9.992665e-01 1.933336e+01
9.993866e-01 4.335372e-04 -3.501565e-02 3.466148e+01 -4.027122e-04 9.999995e-01 8.873106e-04 -1.561492e+00 3.501612e-02 -8.726677e-04 9.993863e-01 1.951447e+01
9.988949e-01 -4.702194e-04 4.699781e-02 3.488522e+01 5.274547e-04 9.999991e-01 -1.205475e-03 -1.576222e+00 -4.699729e-02 1.228935e-03 9.988943e-01 1.993954e+01
9.991205e-01 5.540410e-04 -4.192643e-02 3.513196e+01 -5.091343e-04 9.999993e-01 1.081703e-03 -1.589833e+00 4.192710e-02 -1.059408e-03 9.991200e-01 2.026199e+01
9.990923e-01 -4.453666e-04 4.259550e-02 3.539536e+01 4.915622e-04 9.999993e-01 -1.074095e-03 -1.603973e+00 -4.259509e-02 1.094061e-03 9.990919e-01 2.057196e+01
9.991986e-01 5.824956e-04 -4.002162e-02 3.573515e+01 -5.427018e-04 9.999993e-01 1.005110e-03 -1.620809e+00 4.002227e-02 -9.825875e-04 9.991982e-01 2.092995e+01
9.986919e-01 -6.007111e-04 5.112906e-02 3.610188e+01 6.661212e-04 9.999990e-01 -1.262321e-03 -1.636222e+00 -5.112835e-02 1.294731e-03 9.986913e-01 2.114026e+01
9.991072e-01 6.603488e-04 -4.223966e-02 3.652674e+01 -6.181174e-04 9.999993e-01 1.012804e-03 -1.653259e+00 4.224039e-02 -9.857935e-04 9.991069e-01 2.133373e+01
9.988018e-01 -5.406405e-04 4.893532e-02 3.704629e+01 5.996503e-04 9.999991e-01 -1.191242e-03 -1.673102e+00 -4.893473e-02 1.219161e-03 9.988013e-01 2.151778e+01
9.991581e-01 6.393276e-04 -4.101867e-02 3.738203e+01 -5.993230e-04 9.999993e-01 9.875134e-04 -1.689830e+00 4.101937e-02 -9.621012e-04 9.991578e-01 2.188007e+01
9.987249e-01 -6.179960e-04 5.048077e-02 3.755895e+01 6.801939e-04 9.999990e-01 -1.214982e-03 -1.703043e+00 -5.048006e-02 1.247772e-03 9.987244e-01 2.229270e+01
9.991482e-01 6.439078e-04 -4.125972e-02 3.774747e+01 -6.032611e-04 9.999993e-01 9.975310e-04 -1.717222e+00 4.126043e-02 -9.717935e-04 9.991479e-01 2.274166e+01
9.983914e-01 -7.312444e-04 5.669419e-02 3.800194e+01 8.114911e-04 9.999987e-01 -1.392458e-03 -1.731311e+00 -5.669319e-02 1.436228e-03 9.983907e-01 2.307179e+01
9.992683e-01 6.569054e-04 -3.824017e-02 3.834268e+01 -6.235805e-04 9.999994e-01 8.833221e-04 -1.745318e+00 3.824082e-02 -8.588326e-04 9.992681e-01 2.318337e+01
9.987674e-01 -6.703214e-04 4.963226e-02 3.867971e+01 7.283992e-04 9.999991e-01 -1.152129e-03 -1.759564e+00 -4.963154e-02 1.186863e-03 9.987670e-01 2.334844e+01
9.990336e-01 6.901676e-04 -4.394660e-02 3.875309e+01 -6.455522e-04 9.999993e-01 1.029346e-03 -1.769626e+00 4.394738e-02 -9.999839e-04 9.990333e-01 2.373785e+01
9.987268e-01 -6.312833e-04 5.044305e-02 3.914409e+01 6.918782e-04 9.999991e-01 -1.183845e-03 -1.784074e+00 -5.044235e-02 1.217241e-03 9.987263e-01 2.376640e+01
9.989160e-01 7.393222e-04 -4.654319e-02 3.967427e+01 -6.909455e-04 9.999992e-01 1.055419e-03 -1.802611e+00 4.654403e-02 -1.022119e-03 9.989157e-01 2.373407e+01
9.985779e-01 -6.182380e-04 5.330847e-02 4.026303e+01 6.847026e-04 9.999990e-01 -1.228579e-03 -1.823330e+00 -5.330776e-02 1.263335e-03 9.985774e-01 2.374895e+01
9.988010e-01 7.595229e-04 -4.894816e-02 4.081889e+01 -7.068202e-04 9.999992e-01 1.093952e-03 -1.844029e+00 4.894905e-02 -1.058046e-03 9.988007e-01 2.386849e+01
9.985807e-01 -6.263148e-04 5.325598e-02 4.135593e+01 6.919763e-04 9.999990e-01 -1.214552e-03 -1.863652e+00 -5.325527e-02 1.249683e-03 9.985802e-01 2.394104e+01
9.986906e-01 7.294618e-04 -5.115135e-02 4.150220e+01 -6.684816e-04 9.999990e-01 1.209200e-03 -1.874552e+00 5.115229e-02 -1.173426e-03 9.986901e-01 2.426480e+01
9.986967e-01 -6.665262e-04 5.103523e-02 4.165074e+01 7.275798e-04 9.999990e-01 -1.177779e-03 -1.883382e+00 -5.103449e-02 1.213379e-03 9.986962e-01 2.443603e+01
9.986192e-01 7.162532e-04 -5.252609e-02 4.187708e+01 -6.531631e-04 9.999990e-01 1.218227e-03 -1.893277e+00 5.252701e-02 -1.182240e-03 9.986187e-01 2.451177e+01
9.986791e-01 -6.348831e-04 5.137900e-02 4.222115e+01 6.981775e-04 9.999990e-01 -1.214018e-03 -1.906137e+00 -5.137828e-02 1.248289e-03 9.986785e-01 2.449367e+01
9.986056e-01 7.293399e-04 -5.278492e-02 4.256320e+01 -6.652765e-04 9.999990e-01 1.231182e-03 -1.916183e+00 5.278586e-02 -1.194352e-03 9.986051e-01 2.419607e+01
9.987084e-01 -6.577422e-04 5.080540e-02 4.277002e+01 7.178757e-04 9.999991e-01 -1.165411e-03 -1.922359e+00 -5.080469e-02 1.200380e-03 9.987079e-01 2.397180e+01
9.986587e-01 6.825009e-04 -5.177191e-02 4.287059e+01 -6.215267e-04 9.999991e-01 1.193790e-03 -1.927464e+00 5.177278e-02 -1.160014e-03 9.986582e-01 2.397842e+01
9.987196e-01 -6.408726e-04 5.058566e-02 4.304463e+01 6.998961e-04 9.999991e-01 -1.149143e-03 -1.934140e+00 -5.058498e-02 1.183079e-03 9.987191e-01 2.390422e+01
9.985339e-01 7.113624e-04 -5.412448e-02 4.322935e+01 -6.464143e-04 9.999990e-01 1.217427e-03 -1.941255e+00 5.412539e-02 -1.180658e-03 9.985334e-01 2.384318e+01
9.985622e-01 -6.306119e-04 5.360250e-02 4.351600e+01 6.961811e-04 9.999990e-01 -1.204628e-03 -1.952408e+00 -5.360179e-02 1.240215e-03 9.985617e-01 2.385229e+01
9.985001e-01 6.996662e-04 -5.474465e-02 4.380767e+01 -6.338111e-04 9.999991e-01 1.220259e-03 -1.964052e+00 5.474555e-02 -1.183733e-03 9.984996e-01 2.389165e+01
9.986060e-01 -6.556913e-04 5.278065e-02 4.403354e+01 7.192379e-04 9.999990e-01 -1.185033e-03 -1.973498e+00 -5.277992e-02 1.221346e-03 9.986055e-01 2.392955e+01
9.984076e-01 7.838794e-04 -5.640467e-02 4.435132e+01 -7.132893e-04 9.999989e-01 1.271571e-03 -1.986392e+00 5.640570e-02 -1.229316e-03 9.984071e-01 2.402363e+01
9.984992e-01 -6.839447e-04 5.476224e-02 4.461904e+01 7.506096e-04 9.999990e-01 -1.196833e-03 -1.998892e+00 -5.476147e-02 1.236145e-03 9.984988e-01 2.422871e+01
9.986100e-01 8.166029e-04 -5.270102e-02 4.502546e+01 -7.576226e-04 9.999991e-01 1.139072e-03 -2.015738e+00 5.270200e-02 -1.097563e-03 9.986096e-01 2.444037e+01
9.983927e-01 -6.579135e-04 5.667154e-02 4.545427e+01 7.286008e-04 9.999990e-01 -1.226702e-03 -2.034937e+00 -5.667077e-02 1.266024e-03 9.983922e-01 2.478838e+01
9.984642e-01 7.879928e-04 -5.539389e-02 4.579357e+01 -7.218875e-04 9.999990e-01 1.213321e-03 -2.050450e+00 5.539489e-02 -1.171472e-03 9.984638e-01 2.506020e+01
9.985038e-01 -6.720825e-04 5.467903e-02 4.618106e+01 7.373054e-04 9.999990e-01 -1.172709e-03 -2.066217e+00 -5.467829e-02 1.211272e-03 9.985033e-01 2.521138e+01
9.984824e-01 7.962875e-04 -5.506543e-02 4.654220e+01 -7.308275e-04 9.999990e-01 1.208848e-03 -2.081768e+00 5.506644e-02 -1.166772e-03 9.984820e-01 2.542789e+01
9.983728e-01 -6.599290e-04 5.702102e-02 4.705858e+01 7.345596e-04 9.999989e-01 -1.287917e-03 -2.101232e+00 -5.702021e-02 1.327709e-03 9.983722e-01 2.554751e+01
9.985642e-01 8.041605e-04 -5.356161e-02 4.762966e+01 -7.430498e-04 9.999991e-01 1.160799e-03 -2.122576e+00 5.356259e-02 -1.119336e-03 9.985638e-01 2.570120e+01
9.983529e-01 -6.534429e-04 5.736901e-02 4.813413e+01 7.271456e-04 9.999989e-01 -1.263887e-03 -2.142251e+00 -5.736822e-02 1.303524e-03 9.983523e-01 2.590638e+01
9.986324e-01 7.286914e-04 -5.227622e-02 4.847777e+01 -6.687073e-04 9.999991e-01 1.164878e-03 -2.155680e+00 5.227713e-02 -1.128330e-03 9.986319e-01 2.599832e+01
9.985067e-01 -6.485929e-04 5.462630e-02 4.874432e+01 7.156863e-04 9.999990e-01 -1.208714e-03 -2.167401e+00 -5.462556e-02 1.246007e-03 9.985062e-01 2.614747e+01
9.987153e-01 7.483290e-04 -5.066730e-02 4.909063e+01 -6.928282e-04 9.999991e-01 1.112901e-03 -2.183105e+00 5.066819e-02 -1.076370e-03 9.987149e-01 2.641325e+01
9.978114e-01 -8.077263e-04 6.612030e-02 4.940539e+01 9.084044e-04 9.999985e-01 -1.492634e-03 -2.197492e+00 -6.611909e-02 1.549434e-03 9.978106e-01 2.664005e+01
9.990280e-01 6.958253e-04 -4.407345e-02 4.975993e+01 -6.583866e-04 9.999994e-01 8.639114e-04 -2.212823e+00 4.407412e-02 -8.340570e-04 9.990279e-01 2.681275e+01
9.986327e-01 -6.401163e-04 5.227261e-02 5.012378e+01 6.958251e-04 9.999992e-01 -1.047592e-03 -2.227751e+00 -5.227199e-02 1.082535e-03 9.986324e-01 2.698094e+01
9.994587e-01 5.116208e-04 -3.289409e-02 5.042437e+01 -4.953327e-04 9.999998e-01 5.032332e-04 -2.241636e+00 3.289443e-02 -4.866700e-04 9.994587e-01 2.718420e+01
9.988824e-01 -5.189501e-04 4.726334e-02 5.096024e+01 5.623730e-04 9.999994e-01 -9.055052e-04 -2.261742e+00 -4.726294e-02 9.310756e-04 9.988821e-01 2.732032e+01
9.994709e-01 4.633019e-04 -3.252234e-02 5.143608e+01 -4.474849e-04 9.999998e-01 4.935338e-04 -2.280067e+00 3.252266e-02 -4.787221e-04 9.994708e-01 2.746896e+01
9.993509e-01 -3.814280e-04 3.602303e-02 5.188864e+01 4.038068e-04 9.999997e-01 -6.140363e-04 -2.298230e+00 -3.602288e-02 6.281870e-04 9.993508e-01 2.767344e+01
9.997088e-01 3.542576e-04 -2.412582e-02 5.244931e+01 -3.476015e-04 9.999999e-01 2.799669e-04 -2.318939e+00 2.412601e-02 -2.715020e-04 9.997088e-01 2.779244e+01
9.992131e-01 -3.391706e-04 3.966428e-02 5.298394e+01 3.691286e-04 9.999997e-01 -7.480372e-04 -2.339340e+00 -3.966412e-02 7.620926e-04 9.992128e-01 2.795012e+01
9.994814e-01 3.894947e-04 -3.219687e-02 5.348918e+01 -3.730031e-04 9.999998e-01 5.181267e-04 -2.358350e+00 3.219717e-02 -5.058512e-04 9.994814e-01 2.808715e+01
9.994323e-01 -2.853345e-04 3.369045e-02 5.403688e+01 3.064492e-04 9.999998e-01 -6.216462e-04 -2.379051e+00 -3.369036e-02 6.316206e-04 9.994322e-01 2.822085e+01
9.994000e-01 4.320696e-04 -3.463263e-02 5.472043e+01 -4.122225e-04 9.999997e-01 5.801309e-04 -2.403424e+00 3.463297e-02 -5.655092e-04 9.993999e-01 2.827479e+01
9.994638e-01 -3.062920e-04 3.274457e-02 5.531423e+01 3.257005e-04 9.999998e-01 -5.874762e-04 -2.425003e+00 -3.274448e-02 5.978290e-04 9.994636e-01 2.834233e+01
9.994825e-01 4.586794e-04 -3.216203e-02 5.601621e+01 -4.427964e-04 9.999998e-01 5.008753e-04 -2.450261e+00 3.216235e-02 -4.863777e-04 9.994825e-01 2.843635e+01
9.994330e-01 -2.922502e-04 3.366913e-02 5.668733e+01 3.113079e-04 9.999998e-01 -5.608699e-04 -2.475344e+00 -3.366905e-02 5.710362e-04 9.994329e-01 2.863091e+01
9.995809e-01 4.100438e-04 -2.894448e-02 5.717000e+01 -3.981676e-04 9.999998e-01 4.159734e-04 -2.496433e+00 2.894474e-02 -4.042771e-04 9.995809e-01 2.899604e+01
9.995590e-01 -2.914327e-04 2.969671e-02 5.759132e+01 3.046449e-04 9.999999e-01 -4.404732e-04 -2.515179e+00 -2.969668e-02 4.493287e-04 9.995589e-01 2.931433e+01
9.995192e-01 3.935893e-04 -3.100177e-02 5.792999e+01 -3.784805e-04 9.999998e-01 4.931259e-04 -2.531433e+00 3.100205e-02 -4.811580e-04 9.995192e-01 2.963187e+01
9.995138e-01 -2.443478e-04 3.118003e-02 5.834020e+01 2.595879e-04 9.999998e-01 -4.848186e-04 -2.551008e+00 -3.118000e-02 4.926796e-04 9.995137e-01 3.003115e+01
9.995931e-01 3.824117e-04 -2.851826e-02 5.886733e+01 -3.719336e-04 9.999999e-01 3.726208e-04 -2.572814e+00 2.851850e-02 -3.618650e-04 9.995932e-01 3.033350e+01
9.996277e-01 -2.413832e-04 2.728440e-02 5.935489e+01 2.505060e-04 9.999999e-01 -3.310408e-04 -2.593063e+00 -2.728441e-02 3.377553e-04 9.996277e-01 3.060736e+01
9.995902e-01 3.674688e-04 -2.862225e-02 5.975269e+01 -3.566313e-04 9.999999e-01 3.836459e-04 -2.611341e+00 2.862249e-02 -3.732838e-04 9.995902e-01 3.093586e+01
9.996229e-01 -2.324296e-04 2.746194e-02 6.011670e+01 2.410985e-04 9.999999e-01 -3.124574e-04 -2.629602e+00 -2.746196e-02 3.189634e-04 9.996228e-01 3.133828e+01
9.996713e-01 3.412386e-04 -2.563368e-02 6.058357e+01 -3.352889e-04 9.999999e-01 2.362887e-04 -2.648972e+00 2.563386e-02 -2.276190e-04 9.996713e-01 3.159622e+01
9.996070e-01 -2.000479e-04 2.803287e-02 6.113760e+01 2.096146e-04 9.999999e-01 -3.384248e-04 -2.671539e+00 -2.803290e-02 3.441707e-04 9.996070e-01 3.188627e+01
9.995749e-01 3.199087e-04 -2.915256e-02 6.138230e+01 -3.086871e-04 9.999999e-01 3.893277e-04 -2.687016e+00 2.915278e-02 -3.801659e-04 9.995748e-01 3.233367e+01
9.996217e-01 -2.115377e-04 2.750308e-02 6.167010e+01 2.203508e-04 9.999999e-01 -3.175090e-04 -2.702610e+00 -2.750311e-02 3.234520e-04 9.996217e-01 3.271272e+01
9.995933e-01 3.460284e-04 -2.851400e-02 6.190787e+01 -3.352824e-04 9.999999e-01 3.815507e-04 -2.718965e+00 2.851423e-02 -3.718380e-04 9.995933e-01 3.321681e+01
9.996100e-01 -2.233759e-04 2.792778e-02 6.195215e+01 2.315390e-04 9.999999e-01 -2.891549e-04 -2.733876e+00 -2.792781e-02 2.955113e-04 9.996100e-01 3.390218e+01
9.995935e-01 3.411266e-04 -2.850505e-02 6.203120e+01 -3.302718e-04 9.999999e-01 3.854105e-04 -2.748874e+00 2.850528e-02 -3.758421e-04 9.995935e-01 3.455463e+01
9.996303e-01 -2.529998e-04 2.718912e-02 6.211769e+01 2.605883e-04 9.999999e-01 -2.756575e-04 -2.762643e+00 -2.718915e-02 2.826435e-04 9.996303e-01 3.513628e+01
9.995840e-01 3.596918e-04 -2.883748e-02 6.224188e+01 -3.484953e-04 9.999999e-01 3.931917e-04 -2.777323e+00 2.883772e-02 -3.829811e-04 9.995840e-01 3.571710e+01
9.996318e-01 -2.587568e-04 2.713585e-02 6.233135e+01 2.656985e-04 9.999999e-01 -2.523033e-04 -2.791972e+00 -2.713589e-02 2.594231e-04 9.996318e-01 3.634376e+01
9.995457e-01 3.697305e-04 -3.013713e-02 6.250543e+01 -3.574916e-04 9.999999e-01 4.114029e-04 -2.807083e+00 3.013738e-02 -4.004449e-04 9.995456e-01 3.688117e+01
9.996103e-01 -2.683532e-04 2.791500e-02 6.265684e+01 2.765132e-04 9.999999e-01 -2.885511e-04 -2.821077e+00 -2.791502e-02 2.961602e-04 9.996103e-01 3.738404e+01
9.995289e-01 3.517849e-04 -3.068928e-02 6.277991e+01 -3.385386e-04 9.999998e-01 4.367308e-04 -2.834524e+00 3.068953e-02 -4.261381e-04 9.995288e-01 3.790011e+01
9.996295e-01 -2.333583e-04 2.721807e-02 6.295969e+01 2.402671e-04 9.999999e-01 -2.506531e-04 -2.849484e+00 -2.721811e-02 2.571026e-04 9.996295e-01 3.842205e+01
9.993000e-01 5.051530e-04 -3.740654e-02 6.314593e+01 -4.815447e-04 9.999997e-01 6.400630e-04 -2.862508e+00 3.740695e-02 -6.216046e-04 9.992999e-01 3.881588e+01
9.995547e-01 -3.013326e-04 2.983926e-02 6.323763e+01 3.108287e-04 9.999999e-01 -3.136874e-04 -2.874968e+00 -2.983926e-02 3.228253e-04 9.995547e-01 3.931640e+01
9.994016e-01 4.536668e-04 -3.458621e-02 6.336087e+01 -4.350981e-04 9.999998e-01 5.443303e-04 -2.888879e+00 3.458655e-02 -5.289587e-04 9.994015e-01 3.985517e+01
9.997029e-01 -2.129626e-04 2.437593e-02 6.343444e+01 2.165390e-04 1.000000e+00 -1.441797e-04 -2.900881e+00 -2.437600e-02 1.494178e-04 9.997029e-01 4.034854e+01
9.990886e-01 7.822136e-04 -4.267602e-02 6.364927e+01 -7.449407e-04 9.999993e-01 8.892295e-04 -2.913386e+00 4.267678e-02 -8.566304e-04 9.990885e-01 4.066309e+01
9.996722e-01 -2.872240e-04 2.560159e-02 6.391668e+01 2.920929e-04 9.999999e-01 -1.865303e-04 -2.927483e+00 -2.560163e-02 1.939497e-04 9.996723e-01 4.097706e+01
9.995414e-01 4.852102e-04 -3.027628e-02 6.431293e+01 -4.739998e-04 9.999998e-01 3.773685e-04 -2.945828e+00 3.027656e-02 -3.628469e-04 9.995414e-01 4.132133e+01
9.996294e-01 -3.388616e-04 2.722354e-02 6.468263e+01 3.453429e-04 9.999999e-01 -2.334574e-04 -2.963139e+00 -2.722356e-02 2.427748e-04 9.996294e-01 4.164121e+01
9.995220e-01 4.692561e-04 -3.090997e-02 6.505921e+01 -4.580421e-04 9.999998e-01 3.698021e-04 -2.979899e+00 3.091023e-02 -3.554696e-04 9.995220e-01 4.191264e+01
9.995507e-01 -3.583554e-04 2.997222e-02 6.546535e+01 3.681444e-04 9.999999e-01 -3.211600e-04 -2.997645e+00 -2.997220e-02 3.320523e-04 9.995507e-01 4.217573e+01
9.995564e-01 5.134055e-04 -2.977769e-02 6.595000e+01 -5.038636e-04 9.999998e-01 3.278626e-04 -3.018817e+00 2.977795e-02 -3.127157e-04 9.995564e-01 4.251773e+01
9.995120e-01 -3.410025e-04 3.123527e-02 6.664362e+01 3.534967e-04 9.999999e-01 -3.945523e-04 -3.044744e+00 -3.123523e-02 4.054039e-04 9.995120e-01 4.272077e+01
9.995961e-01 4.988761e-04 -2.841196e-02 6.750048e+01 -4.919098e-04 9.999998e-01 2.520959e-04 -3.074765e+00 2.841218e-02 -2.380203e-04 9.995962e-01 4.280193e+01
9.994019e-01 -3.347629e-04 3.458196e-02 6.828357e+01 3.509445e-04 9.999998e-01 -4.619155e-04 -3.102935e+00 -3.458190e-02 4.737781e-04 9.994018e-01 4.298108e+01
9.995492e-01 5.277025e-04 -3.001822e-02 6.900452e+01 -5.185946e-04 9.999998e-01 3.111186e-04 -3.129782e+00 3.001848e-02 -2.954134e-04 9.995492e-01 4.321940e+01
9.994379e-01 -3.527667e-04 3.352311e-02 6.951476e+01 3.659266e-04 9.999999e-01 -3.864930e-04 -3.151454e+00 -3.352307e-02 3.985452e-04 9.994379e-01 4.356308e+01
9.995219e-01 5.223153e-04 -3.091353e-02 7.002606e+01 -5.127283e-04 9.999998e-01 3.179741e-04 -3.173238e+00 3.091379e-02 -3.019742e-04 9.995220e-01 4.390386e+01
9.994367e-01 -3.298980e-04 3.356063e-02 7.059937e+01 3.429903e-04 9.999999e-01 -3.844180e-04 -3.197027e+00 -3.356060e-02 3.957148e-04 9.994367e-01 4.425768e+01
9.995229e-01 4.996474e-04 -3.088190e-02 7.115576e+01 -4.904827e-04 9.999998e-01 3.042656e-04 -3.219792e+00 3.088215e-02 -2.889757e-04 9.995229e-01 4.457751e+01
9.995191e-01 -3.232892e-04 3.100794e-02 7.174853e+01 3.333281e-04 9.999999e-01 -3.186552e-04 -3.244134e+00 -3.100793e-02 3.288402e-04 9.995191e-01 4.490649e+01
9.994841e-01 5.188692e-04 -3.211279e-02 7.252988e+01 -5.081118e-04 9.999998e-01 3.430755e-04 -3.272496e+00 3.211307e-02 -3.265840e-04 9.994841e-01 4.506988e+01
9.994007e-01 -4.365151e-04 3.461499e-02 7.305926e+01 4.508590e-04 9.999998e-01 -4.066444e-04 -3.291667e+00 -3.461491e-02 4.220096e-04 9.994007e-01 4.507132e+01
9.995914e-01 4.994755e-04 -2.857619e-02 7.356363e+01 -4.930415e-04 9.999999e-01 2.321170e-04 -3.310289e+00 2.857640e-02 -2.179353e-04 9.995915e-01 4.514773e+01
9.995329e-01 -4.790962e-04 3.055791e-02 7.378671e+01 4.866578e-04 9.999999e-01 -2.400879e-04 -3.320528e+00 -3.055789e-02 2.548494e-04 9.995330e-01 4.528698e+01
9.995922e-01 5.774739e-04 -2.854761e-02 7.415285e+01 -5.731044e-04 9.999998e-01 1.611630e-04 -3.337598e+00 2.854780e-02 -1.447388e-04 9.995924e-01 4.561201e+01
9.993963e-01 -4.391352e-04 3.473977e-02 7.470504e+01 4.514555e-04 9.999998e-01 -3.468660e-04 -3.359871e+00 -3.473971e-02 3.623425e-04 9.993964e-01 4.591477e+01
9.995121e-01 5.774940e-04 -3.122576e-02 7.509945e+01 -5.694302e-04 9.999998e-01 2.670565e-04 -3.378780e+00 3.122600e-02 -2.491477e-04 9.995123e-01 4.631337e+01
9.995104e-01 -4.750221e-04 3.128641e-02 7.548064e+01 4.827741e-04 9.999999e-01 -2.402942e-04 -3.395905e+00 -3.128639e-02 2.552833e-04 9.995105e-01 4.658851e+01
9.994929e-01 5.244526e-04 -3.183805e-02 7.582389e+01 -5.167707e-04 9.999998e-01 2.494371e-04 -3.410276e+00 3.183828e-02 -2.328599e-04 9.994930e-01 4.674915e+01
9.995165e-01 -4.819450e-04 3.109131e-02 7.616290e+01 4.894034e-04 9.999999e-01 -2.323467e-04 -3.424586e+00 -3.109129e-02 2.474530e-04 9.995166e-01 4.691225e+01
9.995100e-01 5.831070e-04 -3.129339e-02 7.659255e+01 -5.754937e-04 9.999998e-01 2.522200e-04 -3.442482e+00 3.129363e-02 -2.340896e-04 9.995102e-01 4.714585e+01
9.994965e-01 -4.796809e-04 3.172823e-02 7.684468e+01 4.870703e-04 9.999999e-01 -2.252399e-04 -3.457537e+00 -3.172822e-02 2.405828e-04 9.994966e-01 4.755082e+01
9.994726e-01 5.833342e-04 -3.246525e-02 7.718445e+01 -5.745206e-04 9.999998e-01 2.807335e-04 -3.474030e+00 3.246550e-02 -2.619358e-04 9.994728e-01 4.787824e+01
9.994461e-01 -4.841288e-04 3.327648e-02 7.764998e+01 4.938853e-04 9.999998e-01 -2.850411e-04 -3.492417e+00 -3.327643e-02 3.013203e-04 9.994462e-01 4.805934e+01
9.994625e-01 5.470640e-04 -3.277779e-02 7.803665e+01 -5.384018e-04 9.999998e-01 2.730245e-04 -3.508236e+00 3.277803e-02 -2.552324e-04 9.994626e-01 4.821970e+01
9.994584e-01 -4.513972e-04 3.290488e-02 7.843242e+01 4.604531e-04 9.999999e-01 -2.677042e-04 -3.525009e+00 -3.290485e-02 2.827127e-04 9.994585e-01 4.844070e+01
9.994234e-01 5.704873e-04 -3.394866e-02 7.883965e+01 -5.600851e-04 9.999998e-01 3.158512e-04 -3.543163e+00 3.394893e-02 -2.966572e-04 9.994235e-01 4.873974e+01
9.995160e-01 -4.290762e-04 3.110681e-02 7.936600e+01 4.361465e-04 9.999999e-01 -2.205765e-04 -3.564342e+00 -3.110681e-02 2.340392e-04 9.995161e-01 4.899784e+01
9.993773e-01 6.464113e-04 -3.527707e-02 7.990989e+01 -6.334092e-04 9.999997e-01 3.796826e-04 -3.586019e+00 3.527740e-02 -3.571036e-04 9.993774e-01 4.925959e+01
9.994642e-01 -5.182644e-04 3.272963e-02 8.035135e+01 5.275083e-04 9.999998e-01 -2.738656e-04 -3.605129e+00 -3.272958e-02 2.909864e-04 9.994643e-01 4.956279e+01
9.993594e-01 5.566680e-04 -3.578114e-02 8.079211e+01 -5.478847e-04 9.999998e-01 2.552163e-04 -3.619459e+00 3.578137e-02 -2.354511e-04 9.993596e-01 4.937462e+01
9.995166e-01 -4.095188e-04 3.108856e-02 8.133328e+01 4.153724e-04 9.999999e-01 -1.818973e-04 -3.635182e+00 -3.108858e-02 1.947251e-04 9.995167e-01 4.901493e+01
9.993500e-01 5.520316e-04 -3.604319e-02 8.190324e+01 -5.432205e-04 9.999998e-01 2.541901e-04 -3.654559e+00 3.604343e-02 -2.344477e-04 9.993501e-01 4.894749e+01
9.995572e-01 -3.194321e-04 2.975409e-02 8.255377e+01 3.222202e-04 9.999999e-01 -8.897955e-05 -3.677379e+00 -2.975416e-02 9.852985e-05 9.995573e-01 4.898067e+01
9.993963e-01 4.534313e-04 -3.473872e-02 8.315324e+01 -4.481661e-04 9.999999e-01 1.592903e-04 -3.697229e+00 3.473889e-02 -1.436276e-04 9.993964e-01 4.887005e+01
9.995873e-01 -3.046162e-04 2.872731e-02 8.380544e+01 3.070970e-04 9.999999e-01 -8.201831e-05 -3.717549e+00 -2.872739e-02 9.080886e-05 9.995873e-01 4.863244e+01
9.994715e-01 4.357086e-04 -3.250392e-02 8.457902e+01 -4.332491e-04 9.999999e-01 8.264422e-05 -3.742491e+00 3.250406e-02 -6.852047e-05 9.994715e-01 4.845699e+01
9.995584e-01 -3.041833e-04 2.971431e-02 8.537216e+01 3.072972e-04 9.999999e-01 -1.002967e-04 -3.768875e+00 -2.971438e-02 1.093858e-04 9.995585e-01 4.835729e+01
9.994513e-01 3.708731e-04 -3.311848e-02 8.604489e+01 -3.690412e-04 9.999999e-01 6.136333e-05 -3.789782e+00 3.311860e-02 -4.910981e-05 9.994514e-01 4.809095e+01
9.995923e-01 -2.851173e-04 2.855083e-02 8.666616e+01 2.866566e-04 1.000000e+00 -4.989056e-05 -3.807378e+00 -2.855091e-02 5.805683e-05 9.995924e-01 4.765516e+01
9.994111e-01 4.625949e-04 -3.430947e-02 8.747121e+01 -4.587614e-04 9.999999e-01 1.195450e-04 -3.832851e+00 3.430962e-02 -1.037370e-04 9.994112e-01 4.744850e+01
9.995975e-01 -2.546336e-04 2.836835e-02 8.822145e+01 2.539136e-04 1.000000e+00 2.891227e-05 -3.858515e+00 -2.836845e-02 -2.169521e-05 9.995976e-01 4.746525e+01
9.994353e-01 4.533516e-04 -3.359679e-02 8.896724e+01 -4.511095e-04 9.999999e-01 7.425517e-05 -3.883282e+00 3.359692e-02 -5.905961e-05 9.994354e-01 4.737367e+01
9.995213e-01 -3.812633e-04 3.093856e-02 8.959515e+01 3.841418e-04 9.999999e-01 -8.715971e-05 -3.900668e+00 -3.093862e-02 9.900508e-05 9.995213e-01 4.687741e+01
9.994124e-01 4.692731e-04 -3.427039e-02 9.032777e+01 -4.683079e-04 9.999999e-01 3.613145e-05 -3.922667e+00 3.427050e-02 -2.006333e-05 9.994125e-01 4.650521e+01
9.995368e-01 -4.113043e-04 3.043263e-02 9.088662e+01 4.120847e-04 9.999999e-01 -1.943633e-05 -3.938350e+00 -3.043272e-02 3.197046e-05 9.995369e-01 4.607251e+01
9.994415e-01 4.307162e-04 -3.341252e-02 9.135969e+01 -4.295010e-04 9.999999e-01 4.348490e-05 -3.952308e+00 3.341263e-02 -2.911211e-05 9.994416e-01 4.574164e+01
9.995488e-01 -4.047458e-04 3.003494e-02 9.189548e+01 4.058803e-04 9.999999e-01 -3.174348e-05 -3.969263e+00 -3.003503e-02 4.392206e-05 9.995489e-01 4.552337e+01
9.994360e-01 4.503562e-04 -3.357621e-02 9.250440e+01 -4.499788e-04 9.999999e-01 1.873456e-05 -3.987698e+00 3.357631e-02 -3.617625e-06 9.994361e-01 4.521004e+01
9.995347e-01 -3.933309e-04 3.050068e-02 9.316922e+01 3.952034e-04 9.999999e-01 -5.542562e-05 -4.007399e+00 -3.050075e-02 6.745611e-05 9.995348e-01 4.482307e+01
9.994607e-01 4.571208e-04 -3.283422e-02 9.378066e+01 -4.554712e-04 9.999999e-01 5.765838e-05 -4.023581e+00 3.283434e-02 -4.267447e-05 9.994608e-01 4.424348e+01
9.995223e-01 -4.136955e-04 3.090487e-02 9.424326e+01 4.153796e-04 9.999999e-01 -4.813441e-05 -4.036213e+00 -3.090495e-02 6.095099e-05 9.995224e-01 4.379954e+01
9.994086e-01 4.962422e-04 -3.438171e-02 9.468311e+01 -4.931937e-04 9.999999e-01 9.708618e-05 -4.047690e+00 3.438185e-02 -8.007413e-05 9.994087e-01 4.333279e+01
