9.999568e-01 2.462717e-05 9.291082e-03 5.095803e-01 -2.204392e-05 1.000000e+00 -2.781396e-04 -1.898796e-02 -9.291089e-03 2.779223e-04 9.999569e-01 1.086919e-01
9.999930e-01 7.741188e-05 -3.753565e-03 9.459597e-01 -7.706390e-05 1.000000e+00 9.284723e-05 -3.871286e-02 3.753574e-03 -9.255688e-05 9.999929e-01 4.805051e-01
9.999419e-01 -1.050600e-04 1.077901e-02 1.225733e+00 1.083770e-04 9.999999e-01 -3.071441e-04 -5.391321e-02 -1.077898e-02 3.082940e-04 9.999420e-01 8.400067e-01
9.999655e-01 1.498601e-04 -8.302893e-03 1.637497e+00 -1.485103e-04 1.000000e+00 1.631774e-04 -7.106362e-02 8.302920e-03 -1.619383e-04 9.999654e-01 1.084914e+00
9.999255e-01 -1.833379e-04 1.220734e-02 1.849180e+00 1.861453e-04 1.000000e+00 -2.288428e-04 -8.339242e-02 -1.220731e-02 2.310977e-04 9.999256e-01 1.372385e+00
9.999861e-01 1.273922e-04 -5.266738e-03 2.052150e+00 -1.272390e-04 1.000000e+00 2.942518e-05 -9.272760e-02 5.266745e-03 -2.875427e-05 9.999860e-01 1.461226e+00
9.999557e-01 -1.512783e-04 9.415577e-03 2.240577e+00 1.525410e-04 1.000000e+00 -1.333901e-04 -9.885638e-02 -9.415560e-03 1.348201e-04 9.999558e-01 1.301116e+00
9.999633e-01 1.911825e-04 -8.567573e-03 2.594677e+00 -1.903306e-04 1.000000e+00 1.002393e-04 -1.133077e-01 8.567596e-03 -9.860463e-05 9.999632e-01 1.422405e+00
9.999705e-01 -1.273456e-04 7.684515e-03 2.932172e+00 1.280150e-04 1.000000e+00 -8.661050e-05 -1.289196e-01 -7.684508e-03 8.759132e-05 9.999706e-01 1.695493e+00
9.998800e-01 3.581579e-04 -1.548496e-02 3.303293e+00 -3.530908e-04 9.999999e-01 3.299584e-04 -1.447100e-01 1.548508e-02 -3.244508e-04 9.998799e-01 1.908995e+00
9.999785e-01 -1.130288e-04 6.549214e-03 3.598644e+00 1.133832e-04 1.000000e+00 -5.374298e-05 -1.578310e-01 -6.549211e-03 5.448399e-05 9.999787e-01 2.084105e+00
9.998800e-01 3.045086e-04 -1.548984e-02 3.652080e+00 -2.991879e-04 9.999999e-01 3.458086e-04 -1.636448e-01 1.548995e-02 -3.411323e-04 9.998799e-01 2.257057e+00
9.999982e-01 -3.266584e-05 1.897813e-03 3.663041e+00 3.245704e-05 1.000000e+00 1.100422e-04 -1.664092e-01 -1.897817e-03 -1.099809e-04 9.999983e-01 2.283355e+00
9.999744e-01 9.331578e-05 -7.158881e-03 3.638805e+00 -9.310740e-05 1.000000e+00 2.943951e-05 -1.699430e-01 7.158883e-03 -2.877171e-05 9.999743e-01 2.443533e+00
9.999899e-01 -6.425498e-05 4.498708e-03 3.676296e+00 6.391442e-05 1.000000e+00 7.584215e-05 -1.802061e-01 -4.498712e-03 -7.555435e-05 9.999900e-01 2.892063e+00
9.999876e-01 -5.876682e-05 4.978002e-03 3.802075e+00 6.041753e-05 9.999999e-01 -3.314477e-04 -1.916754e-01 -4.977982e-03 3.317449e-04 9.999875e-01 3.270478e+00
9.999899e-01 -1.222146e-05 4.487346e-03 4.076914e+00 1.213606e-05 1.000000e+00 1.905314e-05 -2.043030e-01 -4.487347e-03 -1.899894e-05 9.999900e-01 3.453782e+00
9.999689e-01 2.368341e-04 -7.882643e-03 4.321700e+00 -2.359834e-04 1.000000e+00 1.088441e-04 -2.143820e-01 7.882669e-03 -1.069800e-04 9.999688e-01 3.479624e+00
9.997242e-01 -4.209204e-04 2.348154e-02 4.490685e+00 4.342416e-04 9.999997e-01 -5.622081e-04 -2.220440e-01 -2.348130e-02 5.722493e-04 9.997242e-01 3.497370e+00
9.999603e-01 2.959712e-04 -8.903991e-03 4.753621e+00 -2.945301e-04 9.999999e-01 1.631512e-04 -2.347395e-01 8.904042e-03 -1.605218e-04 9.999602e-01 3.691465e+00
9.997839e-01 -3.801424e-04 2.078311e-02 5.028752e+00 3.906970e-04 9.999998e-01 -5.037884e-04 -2.494704e-01 -2.078292e-02 5.117991e-04 9.997840e-01 4.026887e+00
9.999802e-01 2.684385e-04 -6.292823e-03 5.320855e+00 -2.678246e-04 1.000000e+00 9.839512e-05 -2.634147e-01 6.292856e-03 -9.670749e-05 9.999801e-01 4.265519e+00
9.998252e-01 -3.647898e-04 1.869104e-02 5.619650e+00 3.737572e-04 9.999998e-01 -4.762811e-04 -2.773370e-01 -1.869087e-02 4.831835e-04 9.998253e-01 4.506778e+00
9.996930e-01 6.012262e-04 -2.476880e-02 5.752052e+00 -5.852052e-04 9.999996e-01 6.540677e-04 -2.806646e-01 2.476919e-02 -6.393718e-04 9.996929e-01 4.265361e+00
9.995726e-01 -6.014331e-04 2.922931e-02 5.863428e+00 6.218918e-04 9.999996e-01 -6.908510e-04 -2.837149e-01 -2.922889e-02 7.087329e-04 9.995726e-01 4.008139e+00
9.999895e-01 2.896381e-04 -4.564216e-03 6.023371e+00 -2.897518e-04 1.000000e+00 -2.424529e-05 -2.915589e-01 4.564218e-03 2.556773e-05 9.999895e-01 4.027219e+00
9.998247e-01 -3.861942e-04 1.872151e-02 6.122587e+00 3.926832e-04 9.999999e-01 -3.429326e-04 -2.926395e-01 -1.872138e-02 3.502240e-04 9.998248e-01 3.615302e+00
9.998902e-01 3.622527e-04 -1.481505e-02 6.203170e+00 -3.579722e-04 9.999999e-01 2.915792e-04 -2.926509e-01 1.481517e-02 -2.862436e-04 9.998901e-01 3.162058e+00
9.997187e-01 -3.589057e-04 2.371335e-02 6.516411e+00 3.718993e-04 9.999998e-01 -5.435374e-04 -3.072278e-01 -2.371317e-02 5.522034e-04 9.997188e-01 3.392242e+00
9.998599e-01 3.186489e-04 -1.673660e-02 6.782411e+00 -3.123465e-04 9.999999e-01 3.791746e-04 -3.227644e-01 1.673673e-02 -3.738937e-04 9.998598e-01 3.792378e+00
9.994192e-01 -4.446560e-04 3.407438e-02 7.112939e+00 4.749147e-04 9.999995e-01 -8.799302e-04 -3.379970e-01 -3.407398e-02 8.956015e-04 9.994190e-01 4.028149e+00
9.994776e-01 5.387566e-04 -3.231529e-02 7.481288e+00 -5.127171e-04 9.999995e-01 8.140767e-04 -3.546587e-01 3.231573e-02 -7.970827e-04 9.994773e-01 4.312777e+00
9.995083e-01 -4.603129e-04 3.135080e-02 7.824035e+00 4.851520e-04 9.999996e-01 -7.846941e-04 -3.697288e-01 -3.135044e-02 7.995181e-04 9.995082e-01 4.532089e+00
9.993851e-01 5.535211e-04 -3.505891e-02 8.054406e+00 -5.206912e-04 9.999994e-01 9.455441e-04 -3.823401e-01 3.505943e-02 -9.267078e-04 9.993847e-01 4.832268e+00
9.994746e-01 -5.172338e-04 3.240880e-02 8.219020e+00 5.453398e-04 9.999995e-01 -8.583988e-04 -3.925201e-01 -3.240835e-02 8.756215e-04 9.994744e-01 5.095762e+00
9.993245e-01 6.074423e-04 -3.674362e-02 8.373521e+00 -5.700686e-04 9.999993e-01 1.027616e-03 -4.034220e-01 3.674423e-02 -1.005976e-03 9.993241e-01 5.422933e+00
9.993625e-01 -5.117723e-04 3.569777e-02 8.719837e+00 5.471861e-04 9.999994e-01 -9.822824e-04 -4.186396e-01 -3.569726e-02 1.001189e-03 9.993622e-01 5.636335e+00
9.993348e-01 6.108550e-04 -3.646213e-02 9.197156e+00 -5.753826e-04 9.999994e-01 9.833410e-04 -4.370758e-01 3.646272e-02 -9.617072e-04 9.993345e-01 5.752033e+00
9.994099e-01 -4.731921e-04 3.434686e-02 9.729850e+00 5.057801e-04 9.999994e-01 -9.401075e-04 -4.574369e-01 -3.434641e-02 9.569245e-04 9.994096e-01 5.913797e+00
9.990966e-01 7.690163e-04 -4.248927e-02 1.021956e+01 -7.184142e-04 9.999990e-01 1.206194e-03 -4.767359e-01 4.249017e-02 -1.174579e-03 9.990961e-01 6.113136e+00
9.993552e-01 -4.833101e-04 3.590282e-02 1.065544e+01 5.172711e-04 9.999994e-01 -9.366331e-04 -4.954457e-01 -3.590236e-02 9.546005e-04 9.993549e-01 6.386345e+00
9.991395e-01 7.480590e-04 -4.147017e-02 1.126269e+01 -7.035022e-04 9.999992e-01 1.089013e-03 -5.180788e-01 4.147096e-02 -1.058901e-03 9.991390e-01 6.542883e+00
9.992788e-01 -4.799919e-04 3.796992e-02 1.196096e+01 5.175295e-04 9.999994e-01 -9.787925e-04 -5.436657e-01 -3.796944e-02 9.977369e-04 9.992785e-01 6.702477e+00
9.991513e-01 6.991863e-04 -4.118373e-02 1.255600e+01 -6.556950e-04 9.999992e-01 1.069528e-03 -5.657770e-01 4.118446e-02 -1.041616e-03 9.991509e-01 6.848891e+00
9.992962e-01 -4.477537e-04 3.750959e-02 1.311049e+01 4.829647e-04 9.999995e-01 -9.296656e-04 -5.872085e-01 -3.750917e-02 9.471269e-04 9.992959e-01 7.042813e+00
9.993474e-01 5.885174e-04 -3.611802e-02 1.378213e+01 -5.580145e-04 9.999995e-01 8.546089e-04 -6.116256e-01 3.611851e-02 -8.338965e-04 9.993471e-01 7.132524e+00
9.993164e-01 -4.592339e-04 3.696709e-02 1.435270e+01 4.938530e-04 9.999994e-01 -9.273581e-04 -6.319659e-01 -3.696665e-02 9.449803e-04 9.993162e-01 7.133570e+00
9.991133e-01 6.707838e-04 -4.209794e-02 1.478063e+01 -6.255884e-04 9.999992e-01 1.086743e-03 -6.483972e-01 4.209865e-02 -1.059443e-03 9.991128e-01 7.224096e+00
9.991424e-01 -5.369911e-04 4.140180e-02 1.523392e+01 5.824539e-04 9.999992e-01 -1.086032e-03 -6.661105e-01 -4.140120e-02 1.109215e-03 9.991421e-01 7.332406e+00
9.993518e-01 6.593077e-04 -3.599313e-02 1.575971e+01 -6.269051e-04 9.999994e-01 9.115211e-04 -6.876057e-01 3.599372e-02 -8.883658e-04 9.993515e-01 7.609211e+00
9.992544e-01 -5.149117e-04 3.860423e-02 1.627819e+01 5.544614e-04 9.999993e-01 -1.013793e-03 -7.087607e-01 -3.860369e-02 1.034441e-03 9.992542e-01 7.888120e+00
9.991935e-01 7.392063e-04 -4.014770e-02 1.684377e+01 -6.979370e-04 9.999992e-01 1.041941e-03 -7.313224e-01 4.014845e-02 -1.013080e-03 9.991931e-01 8.147737e+00
9.995339e-01 -3.068398e-04 3.052820e-02 1.749384e+01 3.288967e-04 9.999997e-01 -7.174913e-04 -7.560470e-01 -3.052798e-02 7.271973e-04 9.995337e-01 8.388836e+00
9.989220e-01 9.272078e-04 -4.641032e-02 1.813829e+01 -8.656797e-04 9.999987e-01 1.345825e-03 -7.800084e-01 4.641152e-02 -1.304197e-03 9.989215e-01 8.585699e+00
9.998622e-01 -3.756790e-05 1.660242e-02 1.853237e+01 3.903135e-05 1.000000e+00 -8.782341e-05 -7.964256e-01 -1.660242e-02 8.845894e-05 9.998623e-01 8.762891e+00
9.983992e-01 1.213046e-03 -5.654649e-02 1.881322e+01 -1.113643e-03 9.999978e-01 1.789378e-03 -8.104381e-01 5.654853e-02 -1.723540e-03 9.983983e-01 8.995675e+00
9.999365e-01 7.073505e-05 1.126723e-02 1.905252e+01 -7.260998e-05 1.000000e+00 1.659937e-04 -8.228886e-01 -1.126722e-02 -1.668020e-04 9.999366e-01 9.190766e+00
9.981744e-01 1.244169e-03 -6.038475e-02 1.915846e+01 -1.133236e-03 9.999976e-01 1.871311e-03 -8.313449e-01 6.038693e-02 -1.799463e-03 9.981733e-01 9.371522e+00
9.998920e-01 5.620520e-05 1.469620e-02 1.937300e+01 -5.821158e-05 1.000000e+00 1.360896e-04 -8.435302e-01 -1.469618e-02 -1.369315e-04 9.998921e-01 9.605121e+00
9.982970e-01 1.234441e-03 -5.832349e-02 1.960641e+01 -1.132667e-03 9.999978e-01 1.778015e-03 -8.565089e-01 5.832553e-02 -1.708925e-03 9.982961e-01 9.861719e+00
9.996919e-01 -2.203709e-04 2.481961e-02 1.990531e+01 2.278949e-04 9.999999e-01 -3.003277e-04 -8.708663e-01 -2.481953e-02 3.058901e-04 9.996920e-01 1.009613e+01
9.979026e-01 1.405267e-03 -6.471798e-02 2.008636e+01 -1.275503e-03 9.999971e-01 2.046344e-03 -8.822548e-01 6.472064e-02 -1.959502e-03 9.979014e-01 1.035031e+01
9.990591e-01 -6.334311e-04 4.336548e-02 2.034430e+01 6.789018e-04 9.999992e-01 -1.033834e-03 -8.969966e-01 -4.336477e-02 1.062301e-03 9.990588e-01 1.071858e+01
9.974268e-01 1.493407e-03 -7.167715e-02 2.053422e+01 -1.333550e-03 9.999965e-01 2.278040e-03 -9.095126e-01 7.168027e-02 -2.176592e-03 9.974252e-01 1.105641e+01
9.989011e-01 -6.687421e-04 4.686322e-02 2.073293e+01 7.211349e-04 9.999991e-01 -1.101105e-03 -9.240157e-01 -4.686241e-02 1.133687e-03 9.989008e-01 1.150296e+01
9.967816e-01 1.674181e-03 -8.014746e-02 2.092925e+01 -1.472945e-03 9.999956e-01 2.569879e-03 -9.365436e-01 8.015138e-02 -2.443554e-03 9.967796e-01 1.181957e+01
9.993877e-01 -3.627172e-04 3.498593e-02 2.104512e+01 3.814812e-04 9.999998e-01 -5.296716e-04 -9.469740e-01 -3.498569e-02 5.426916e-04 9.993878e-01 1.212516e+01
9.963463e-01 1.854525e-03 -8.538554e-02 2.120074e+01 -1.627374e-03 9.999949e-01 2.729815e-03 -9.577935e-01 8.539013e-02 -2.580884e-03 9.963442e-01 1.237322e+01
9.991913e-01 -5.156183e-04 4.020657e-02 2.138467e+01 5.444872e-04 9.999996e-01 -7.070845e-04 -9.688872e-01 -4.020614e-02 7.284021e-04 9.991912e-01 1.257901e+01
9.964484e-01 1.826127e-03 -8.418630e-02 2.153891e+01 -1.612124e-03 9.999953e-01 2.609920e-03 -9.784071e-01 8.419062e-02 -2.464929e-03 9.964465e-01 1.273293e+01
9.987827e-01 -7.390039e-04 4.932083e-02 2.166492e+01 7.905986e-04 9.999992e-01 -1.026622e-03 -9.870078e-01 -4.931998e-02 1.064362e-03 9.987826e-01 1.290515e+01
9.960307e-01 1.918829e-03 -8.898958e-02 2.174049e+01 -1.684740e-03 9.999949e-01 2.705550e-03 -9.936729e-01 8.899426e-02 -2.544884e-03 9.960288e-01 1.303511e+01
9.982678e-01 -9.181854e-04 5.882718e-02 2.184412e+01 9.959881e-04 9.999987e-01 -1.293274e-03 -1.001465e+00 -5.882586e-02 1.349623e-03 9.982674e-01 1.317801e+01
9.992996e-01 8.326634e-04 -3.741186e-02 2.219912e+01 -8.074769e-04 9.999994e-01 6.883036e-04 -1.016622e+00 3.741236e-02 -6.576095e-04 9.992996e-01 1.332058e+01
9.968495e-01 -1.175027e-03 7.930773e-02 2.253651e+01 1.332031e-03 9.999973e-01 -1.926822e-03 -1.031005e+00 -7.930519e-02 2.026390e-03 9.968484e-01 1.342072e+01
9.993750e-01 8.001571e-04 -3.534086e-02 2.275072e+01 -7.792722e-04 9.999995e-01 6.047082e-04 -1.041201e+00 3.534127e-02 -5.767875e-04 9.993750e-01 1.347124e+01
9.966533e-01 -1.172263e-03 8.173657e-02 2.292788e+01 1.336158e-03 9.999972e-01 -1.950494e-03 -1.049510e+00 -8.173401e-02 2.053176e-03 9.966522e-01 1.344406e+01
9.993623e-01 7.756898e-04 -3.569948e-02 2.306434e+01 -7.543979e-04 9.999995e-01 6.098726e-04 -1.056380e+00 3.569989e-02 -5.825497e-04 9.993623e-01 1.339704e+01
9.969038e-01 -1.105449e-03 7.862303e-02 2.320204e+01 1.255094e-03 9.999975e-01 -1.853946e-03 -1.062780e+00 -7.862075e-02 1.946883e-03 9.969028e-01 1.329891e+01
9.992101e-01 8.003087e-04 -3.972995e-02 2.342116e+01 -7.731542e-04 9.999995e-01 6.988276e-04 -1.071972e+00 3.973045e-02 -6.675560e-04 9.992101e-01 1.324092e+01
9.972711e-01 -1.068550e-03 7.381828e-02 2.375144e+01 1.196896e-03 9.999978e-01 -1.694458e-03 -1.085107e+00 -7.381628e-02 1.778185e-03 9.972704e-01 1.323878e+01
9.993078e-01 7.720575e-04 -3.719401e-02 2.396493e+01 -7.501484e-04 9.999995e-01 6.029943e-04 -1.094810e+00 3.719443e-02 -5.746738e-04 9.993078e-01 1.325303e+01
9.976168e-01 -1.016687e-03 6.898981e-02 2.424354e+01 1.125117e-03 9.999982e-01 -1.532855e-03 -1.106196e+00 -6.898810e-02 1.606822e-03 9.976163e-01 1.325332e+01
9.993265e-01 8.007723e-04 -3.668651e-02 2.465093e+01 -7.807904e-04 9.999995e-01 5.589860e-04 -1.121456e+00 3.668692e-02 -5.299633e-04 9.993266e-01 1.320948e+01
9.973829e-01 -1.053472e-03 7.229259e-02 2.500112e+01 1.172996e-03 9.999980e-01 -1.610906e-03 -1.135351e+00 -7.229073e-02 1.691487e-03 9.973823e-01 1.322108e+01
9.994713e-01 7.140409e-04 -3.250526e-02 2.523946e+01 -7.009636e-04 9.999997e-01 4.137045e-04 -1.145729e+00 3.250553e-02 -3.906992e-04 9.994714e-01 1.322466e+01
9.986544e-01 -7.845380e-04 5.185342e-02 2.560829e+01 8.362305e-04 9.999992e-01 -9.752125e-04 -1.160164e+00 -5.185260e-02 1.017260e-03 9.986543e-01 1.327927e+01
9.986454e-01 9.108866e-04 -5.202466e-02 2.586615e+01 -8.601995e-04 9.999991e-01 9.966710e-04 -1.171631e+00 5.202551e-02 -9.505678e-04 9.986452e-01 1.342681e+01
9.990434e-01 -6.552018e-04 4.372582e-02 2.597452e+01 6.870488e-04 9.999995e-01 -7.133139e-04 -1.177038e+00 -4.372532e-02 7.426717e-04 9.990434e-01 1.343665e+01
9.980378e-01 1.227699e-03 -6.260249e-02 2.619351e+01 -1.138947e-03 9.999983e-01 1.453374e-03 -1.187432e+00 6.260415e-02 -1.379219e-03 9.980374e-01 1.355220e+01
9.992675e-01 -5.498887e-04 3.826399e-02 2.635607e+01 5.688779e-04 9.999997e-01 -4.853877e-04 -1.196369e+00 -3.826369e-02 5.067979e-04 9.992676e-01 1.368188e+01
9.977450e-01 1.362938e-03 -6.710446e-02 2.637701e+01 -1.255149e-03 9.999979e-01 1.648411e-03 -1.199320e+00 6.710655e-02 -1.560466e-03 9.977445e-01 1.367128e+01
9.993122e-01 -5.574471e-04 3.707875e-02 2.641493e+01 5.738905e-04 9.999997e-01 -4.328370e-04 -1.203201e+00 -3.707848e-02 4.538166e-04 9.993124e-01 1.369075e+01
9.982007e-01 1.200018e-03 -5.994866e-02 2.645752e+01 -1.124289e-03 9.999985e-01 1.296945e-03 -1.205708e+00 5.995010e-02 -1.227210e-03 9.982005e-01 1.359883e+01
9.991749e-01 -7.054522e-04 4.060822e-02 2.643484e+01 7.309315e-04 9.999995e-01 -6.126062e-04 -1.205426e+00 -4.060774e-02 6.417805e-04 9.991751e-01 1.345161e+01
9.987198e-01 9.872200e-04 -5.057386e-02 2.634433e+01 -9.416720e-04 9.999991e-01 9.244365e-04 -1.202054e+00 5.057470e-02 -8.756270e-04 9.987198e-01 1.324710e+01
9.987913e-01 -9.183774e-04 4.914282e-02 2.621357e+01 9.622343e-04 9.999992e-01 -8.687946e-04 -1.196558e+00 -4.914196e-02 9.150294e-04 9.987915e-01 1.296838e+01
9.987462e-01 9.964065e-04 -5.004982e-02 2.628961e+01 -9.518785e-04 9.999991e-01 9.134951e-04 -1.198369e+00 5.005065e-02 -8.647064e-04 9.987462e-01 1.274335e+01
9.983878e-01 -1.004228e-03 5.675281e-02 2.635765e+01 1.062762e-03 9.999989e-01 -1.001219e-03 -1.199787e+00 -5.675172e-02 1.059917e-03 9.983879e-01 1.250911e+01
9.986789e-01 9.949290e-04 -5.137522e-02 2.632692e+01 -9.486448e-04 9.999991e-01 9.252768e-04 -1.199297e+00 5.137606e-02 -8.753156e-04 9.986789e-01 1.237904e+01
9.985822e-01 -9.650524e-04 5.322291e-02 2.644923e+01 1.014919e-03 9.999991e-01 -9.099217e-04 -1.204470e+00 -5.322196e-02 9.626465e-04 9.985823e-01 1.232727e+01
9.986551e-01 1.018268e-03 -5.183519e-02 2.667926e+01 -9.716982e-04 9.999991e-01 9.236030e-04 -1.212783e+00 5.183606e-02 -8.719907e-04 9.986551e-01 1.224333e+01
9.986294e-01 -9.530828e-04 5.232959e-02 2.688183e+01 1.001002e-03 9.999991e-01 -8.895277e-04 -1.218770e+00 -5.232867e-02 9.406885e-04 9.986296e-01 1.200706e+01
9.986680e-01 1.031041e-03 -5.158624e-02 2.729684e+01 -9.872200e-04 9.999991e-01 8.749420e-04 -1.233413e+00 5.158707e-02 -8.228476e-04 9.986681e-01 1.195476e+01
9.984582e-01 -9.603802e-04 5.550034e-02 2.772508e+01 1.014869e-03 9.999990e-01 -9.536094e-04 -1.248922e+00 -5.549934e-02 1.008463e-03 9.984583e-01 1.196460e+01
9.986041e-01 1.016450e-03 -5.280890e-02 2.808521e+01 -9.696207e-04 9.999991e-01 9.123799e-04 -1.261389e+00 5.280975e-02 -8.598997e-04 9.986041e-01 1.187968e+01
9.983202e-01 -9.713406e-04 5.792890e-02 2.836205e+01 1.030689e-03 9.999990e-01 -9.946444e-04 -1.273366e+00 -5.792785e-02 1.052678e-03 9.983203e-01 1.201424e+01
9.988648e-01 9.741342e-04 -4.762595e-02 2.870545e+01 -9.394863e-04 9.999993e-01 7.498759e-04 -1.288197e+00 4.762662e-02 -7.042787e-04 9.988649e-01 1.219908e+01
9.978252e-01 -1.070763e-03 6.590758e-02 2.902110e+01 1.153784e-03 9.999986e-01 -1.221620e-03 -1.302193e+00 -6.590616e-02 1.295005e-03 9.978251e-01 1.236798e+01
9.983494e-01 1.091237e-03 -5.742149e-02 2.929375e+01 -1.034064e-03 9.999989e-01 1.025379e-03 -1.312503e+00 5.742253e-02 -9.643073e-04 9.983494e-01 1.235545e+01
9.983340e-01 -9.953715e-04 5.769004e-02 2.950782e+01 1.054125e-03 9.999990e-01 -9.880208e-04 -1.319996e+00 -5.768897e-02 1.047185e-03 9.983342e-01 1.224598e+01
9.986234e-01 1.019041e-03 -5.244329e-02 2.978169e+01 -9.743547e-04 9.999991e-01 8.776415e-04 -1.329916e+00 5.244411e-02 -8.253331e-04 9.986234e-01 1.219858e+01
9.981028e-01 -1.028712e-03 6.156014e-02 3.000340e+01 1.095819e-03 9.999988e-01 -1.056371e-03 -1.339029e+00 -6.155896e-02 1.121824e-03 9.981029e-01 1.220607e+01
9.985006e-01 1.068409e-03 -5.472948e-02 3.024949e+01 -1.018764e-03 9.999990e-01 9.349868e-04 -1.350337e+00 5.473041e-02 -8.778267e-04 9.985007e-01 1.236067e+01
9.982657e-01 -1.025670e-03 5.886096e-02 3.032217e+01 1.085068e-03 9.999989e-01 -9.771748e-04 -1.360643e+00 -5.885987e-02 1.039346e-03 9.982658e-01 1.276212e+01
9.983087e-01 1.093422e-03 -5.812490e-02 3.032952e+01 -1.035556e-03 9.999989e-01 1.025650e-03 -1.368047e+00 5.812594e-02 -9.637222e-04 9.983087e-01 1.309736e+01
9.979837e-01 -1.072426e-03 6.346162e-02 3.035593e+01 1.143986e-03 9.999988e-01 -1.091290e-03 -1.375073e+00 -6.346035e-02 1.161687e-03 9.979838e-01 1.337658e+01
9.983150e-01 1.083947e-03 -5.801626e-02 3.047836e+01 -1.026577e-03 9.999990e-01 1.018659e-03 -1.381062e+00 5.801729e-02 -9.573828e-04 9.983150e-01 1.340721e+01
9.976300e-01 -1.096879e-03 6.879761e-02 3.066062e+01 1.185121e-03 9.999985e-01 -1.241831e-03 -1.391636e+00 -6.879612e-02 1.320419e-03 9.976300e-01 1.361406e+01
9.985138e-01 1.025963e-03 -5.449023e-02 3.092391e+01 -9.785256e-04 9.999991e-01 8.972402e-04 -1.403955e+00 5.449109e-02 -8.425849e-04 9.985138e-01 1.377083e+01
9.971981e-01 -1.121803e-03 7.479776e-02 3.126067e+01 1.232324e-03 9.999982e-01 -1.431470e-03 -1.418413e+00 -7.479601e-02 1.519633e-03 9.971978e-01 1.391754e+01
9.983357e-01 1.069906e-03 -5.765978e-02 3.156196e+01 -1.014554e-03 9.999990e-01 9.892453e-04 -1.430650e+00 5.766077e-02 -9.290983e-04 9.983357e-01 1.397424e+01
9.979791e-01 -1.066150e-03 6.353343e-02 3.169622e+01 1.136946e-03 9.999988e-01 -1.078166e-03 -1.436939e+00 -6.353219e-02 1.148219e-03 9.979792e-01 1.398987e+01
9.985110e-01 1.062855e-03 -5.454087e-02 3.191926e+01 -1.015788e-03 9.999991e-01 8.906660e-04 -1.448370e+00 5.454176e-02 -8.339362e-04 9.985110e-01 1.417885e+01
9.983925e-01 -9.581835e-04 5.667076e-02 3.210855e+01 1.010493e-03 9.999991e-01 -8.943968e-04 -1.462365e+00 -5.666984e-02 9.502228e-04 9.983926e-01 1.462510e+01
9.988818e-01 9.597700e-04 -4.726835e-02 3.236660e+01 -9.291701e-04 9.999993e-01 6.693331e-04 -1.477125e+00 4.726895e-02 -6.246628e-04 9.988819e-01 1.498872e+01
9.979242e-01 -9.839548e-04 6.439210e-02 3.273931e+01 1.058174e-03 9.999988e-01 -1.118528e-03 -1.493978e+00 -6.439092e-02 1.184343e-03 9.979241e-01 1.526483e+01
9.988648e-01 9.075293e-04 -4.762753e-02 3.308344e+01 -8.768052e-04 9.999994e-01 6.659786e-04 -1.510549e+00 4.762810e-02 -6.234611e-04 9.988648e-01 1.557590e+01
9.979678e-01 -9.222489e-04 6.371307e-02 3.347922e+01 9.948022e-04 9.999989e-01 -1.107040e-03 -1.528095e+00 -6.371198e-02 1.168170e-03 9.979677e-01 1.584683e+01
9.987489e-01 9.269806e-04 -4.999753e-02 3.386493e+01 -8.907348e-04 9.999993e-01 7.472285e-04 -1.545615e+00 4.999819e-02 -7.017577e-04 9.987490e-01 1.614654e+01
9.977835e-01 -9.218851e-04 6.653763e-02 3.433874e+01 1.003484e-03 9.999988e-01 -1.192948e-03 -1.565122e+00 -6.653645e-02 1.257072e-03 9.977833e-01 1.638938e+01
9.989144e-01 8.747968e-04 -4.657462e-02 3.489167e+01 -8.468643e-04 9.999994e-01 6.194645e-04 -1.586713e+00 4.657513e-02 -5.793484e-04 9.989145e-01 1.659220e+01
9.974258e-01 -9.321740e-04 7.170025e-02 3.530001e+01 1.030706e-03 9.999986e-01 -1.337238e-03 -1.604765e+00 -7.169891e-02 1.407696e-03 9.974254e-01 1.685606e+01
9.988923e-01 7.720281e-04 -4.704932e-02 3.562378e+01 -7.443309e-04 9.999995e-01 6.062023e-04 -1.622077e+00 4.704977e-02 -5.705095e-04 9.988923e-01 1.723464e+01
9.968437e-01 -9.460398e-04 7.938335e-02 3.589522e+01 1.074946e-03 9.999982e-01 -1.581126e-03 -1.638981e+00 -7.938172e-02 1.661468e-03 9.968430e-01 1.765105e+01
9.983871e-01 8.297705e-04 -5.676770e-02 3.611195e+01 -7.774408e-04 9.999993e-01 9.439011e-04 -1.653683e+00 5.676845e-02 -8.982442e-04 9.983869e-01 1.804977e+01
9.963873e-01 -9.830748e-04 8.491972e-02 3.639161e+01 1.136695e-03 9.999978e-01 -1.760672e-03 -1.668512e+00 -8.491781e-02 1.850838e-03 9.963863e-01 1.832712e+01
9.985520e-01 8.186786e-04 -5.378941e-02 3.675596e+01 -7.746260e-04 9.999993e-01 8.398278e-04 -1.684652e+00 5.379008e-02 -7.969443e-04 9.985518e-01 1.851436e+01
9.972018e-01 -8.557983e-04 7.475250e-02 3.712395e+01 9.642070e-04 9.999985e-01 -1.414158e-03 -1.701333e+00 -7.475119e-02 1.482277e-03 9.972012e-01 1.876895e+01
9.982305e-01 8.819756e-04 -5.945677e-02 3.746574e+01 -8.235797e-04 9.999992e-01 1.006657e-03 -1.719604e+00 5.945762e-02 -9.559073e-04 9.982303e-01 1.918444e+01
9.970443e-01 -8.993094e-04 7.682395e-02 3.786783e+01 1.014874e-03 9.999984e-01 -1.465252e-03 -1.738319e+00 -7.682253e-02 1.538887e-03 9.970437e-01 1.952629e+01
9.986857e-01 7.525249e-04 -5.124728e-02 3.816609e+01 -7.173108e-04 9.999995e-01 7.055307e-04 -1.754982e+00 5.124781e-02 -6.678427e-04 9.986856e-01 1.990247e+01
9.968205e-01 -9.256846e-04 7.967495e-02 3.844220e+01 1.052371e-03 9.999982e-01 -1.548059e-03 -1.771133e+00 -7.967341e-02 1.626985e-03 9.968198e-01 2.028036e+01
9.989039e-01 6.639767e-04 -4.680356e-02 3.865845e+01 -6.388823e-04 9.999996e-01 5.511229e-04 -1.784524e+00 4.680394e-02 -5.206166e-04 9.989039e-01 2.056499e+01
9.974989e-01 -7.845690e-04 7.067759e-02 3.888526e+01 8.755072e-04 9.999988e-01 -1.255692e-03 -1.799055e+00 -7.067656e-02 1.314430e-03 9.974985e-01 2.093197e+01
9.988585e-01 6.614504e-04 -4.776233e-02 3.919028e+01 -6.344406e-04 9.999996e-01 5.806614e-04 -1.814952e+00 4.776273e-02 -5.496961e-04 9.988585e-01 2.125575e+01
9.979372e-01 -6.549799e-04 6.419459e-02 3.929445e+01 7.223051e-04 9.999992e-01 -1.025566e-03 -1.830585e+00 -6.419391e-02 1.069818e-03 9.979370e-01 2.186667e+01
9.983232e-01 7.711651e-04 -5.788018e-02 3.940562e+01 -7.196052e-04 9.999993e-01 9.116401e-04 -1.846975e+00 5.788088e-02 -8.684605e-04 9.983230e-01 2.254222e+01
9.971975e-01 -7.225383e-04 7.481113e-02 3.968636e+01 8.274193e-04 9.999987e-01 -1.370960e-03 -1.865909e+00 -7.481009e-02 1.429018e-03 9.971969e-01 2.310211e+01
9.979163e-01 8.531702e-04 -6.451543e-02 4.006920e+01 -7.824397e-04 9.999991e-01 1.121592e-03 -1.885304e+00 6.451636e-02 -1.068775e-03 9.979160e-01 2.354436e+01
9.962075e-01 -8.805284e-04 8.700470e-02 4.041835e+01 1.037593e-03 9.999979e-01 -1.760041e-03 -1.903054e+00 -8.700301e-02 1.843642e-03 9.962064e-01 2.390709e+01
9.981054e-01 7.394273e-04 -6.152235e-02 4.065337e+01 -6.778785e-04 9.999992e-01 1.021295e-03 -1.917927e+00 6.152310e-02 -9.776552e-04 9.981051e-01 2.428281e+01
9.963378e-01 -7.995271e-04 8.550066e-02 4.084395e+01 9.490562e-04 9.999981e-01 -1.708233e-03 -1.933122e+00 -8.549917e-02 1.783122e-03 9.963367e-01 2.474676e+01
9.981480e-01 6.520567e-04 -6.082832e-02 4.099714e+01 -5.927151e-04 9.999993e-01 9.935942e-04 -1.945932e+00 6.082897e-02 -9.557005e-04 9.981477e-01 2.512691e+01
9.965146e-01 -7.163525e-04 8.341527e-02 4.131248e+01 8.548348e-04 9.999983e-01 -1.624452e-03 -1.958960e+00 -8.341401e-02 1.690097e-03 9.965136e-01 2.521206e+01
9.979455e-01 6.050873e-04 -6.406482e-02 4.142203e+01 -5.354630e-04 9.999992e-01 1.103940e-03 -1.968315e+00 6.406549e-02 -1.067368e-03 9.979450e-01 2.547437e+01
9.969951e-01 -5.978002e-04 7.746197e-02 4.162460e+01 7.119410e-04 9.999987e-01 -1.445902e-03 -1.978845e+00 -7.746106e-02 1.496706e-03 9.969943e-01 2.565349e+01
9.977196e-01 6.517620e-04 -6.749135e-02 4.197452e+01 -5.718413e-04 9.999991e-01 1.203471e-03 -1.993371e+00 6.749213e-02 -1.162133e-03 9.977190e-01 2.580940e+01
9.968538e-01 -5.854807e-04 7.926027e-02 4.236146e+01 7.069150e-04 9.999986e-01 -1.504046e-03 -2.010827e+00 -7.925934e-02 1.555345e-03 9.968529e-01 2.611033e+01
9.978523e-01 6.075603e-04 -6.550128e-02 4.281572e+01 -5.339767e-04 9.999992e-01 1.140889e-03 -2.027815e+00 6.550198e-02 -1.103463e-03 9.978517e-01 2.617447e+01
9.975614e-01 -4.943954e-04 6.979285e-02 4.309058e+01 5.798166e-04 9.999991e-01 -1.203674e-03 -2.040835e+00 -6.979225e-02 1.241206e-03 9.975609e-01 2.641420e+01
9.980741e-01 5.000017e-04 -6.203074e-02 4.322133e+01 -4.367845e-04 9.999994e-01 1.032679e-03 -2.052694e+00 6.203127e-02 -1.003596e-03 9.980736e-01 2.681913e+01
9.970495e-01 -5.381880e-04 7.675964e-02 4.321627e+01 6.487047e-04 9.999988e-01 -1.414851e-03 -2.057059e+00 -7.675885e-02 1.460472e-03 9.970487e-01 2.697056e+01
9.975560e-01 5.733460e-04 -6.986935e-02 4.327281e+01 -4.858564e-04 9.999991e-01 1.269172e-03 -2.060886e+00 6.987007e-02 -1.232124e-03 9.975553e-01 2.698543e+01
9.967945e-01 -5.318837e-04 8.000232e-02 4.351259e+01 6.555602e-04 9.999986e-01 -1.519656e-03 -2.069236e+00 -8.000146e-02 1.567232e-03 9.967936e-01 2.688536e+01
9.979911e-01 4.686496e-04 -6.335308e-02 4.383190e+01 -4.011919e-04 9.999993e-01 1.077500e-03 -2.082892e+00 6.335360e-02 -1.049920e-03 9.979905e-01 2.703637e+01
9.960763e-01 -5.598179e-04 8.849735e-02 4.420837e+01 7.228571e-04 9.999981e-01 -1.810272e-03 -2.097244e+00 -8.849623e-02 1.867140e-03 9.960749e-01 2.704396e+01
9.978275e-01 4.522731e-04 -6.587914e-02 4.457467e+01 -3.755337e-04 9.999992e-01 1.177224e-03 -2.111317e+00 6.587968e-02 -1.149927e-03 9.978268e-01 2.707372e+01
9.961031e-01 -5.229589e-04 8.819555e-02 4.489260e+01 6.845679e-04 9.999981e-01 -1.802160e-03 -2.122715e+00 -8.819451e-02 1.855514e-03 9.961016e-01 2.698746e+01
9.979979e-01 3.386982e-04 -6.324666e-02 4.508915e+01 -2.702586e-04 9.999994e-01 1.090650e-03 -2.130049e+00 6.324705e-02 -1.071374e-03 9.979972e-01 2.687597e+01
9.952954e-01 -5.579687e-04 9.688558e-02 4.524641e+01 7.646847e-04 9.999975e-01 -2.096495e-03 -2.137721e+00 -9.688424e-02 2.160720e-03 9.952934e-01 2.687483e+01
9.974802e-01 4.481520e-04 -7.094361e-02 4.547597e+01 -3.525412e-04 9.999990e-01 1.360208e-03 -2.146592e+00 7.094422e-02 -1.331771e-03 9.974793e-01 2.680184e+01
9.949874e-01 -5.906464e-04 9.999877e-02 4.563967e+01 8.146538e-04 9.999972e-01 -2.199286e-03 -2.153484e+00 -9.999727e-02 2.269727e-03 9.949852e-01 2.674553e+01
9.972706e-01 5.089617e-04 -7.383123e-02 4.593398e+01 -4.027110e-04 9.999989e-01 1.453971e-03 -2.165995e+00 7.383196e-02 -1.420271e-03 9.972696e-01 2.683025e+01
9.944694e-01 -6.480075e-04 1.050253e-01 4.618951e+01 9.002335e-04 9.999968e-01 -2.354191e-03 -2.176144e+00 -1.050235e-01 2.435719e-03 9.944668e-01 2.679763e+01
9.973065e-01 4.806682e-04 -7.334504e-02 4.621486e+01 -3.733062e-04 9.999988e-01 1.477484e-03 -2.178455e+00 7.334574e-02 -1.446126e-03 9.973054e-01 2.668654e+01
9.946367e-01 -6.472272e-04 1.034287e-01 4.629006e+01 8.944166e-04 9.999969e-01 -2.343595e-03 -2.183056e+00 -1.034269e-01 2.423536e-03 9.946342e-01 2.664661e+01
9.977227e-01 4.089960e-04 -6.744745e-02 4.629333e+01 -3.218301e-04 9.999991e-01 1.303198e-03 -2.185505e+00 6.744801e-02 -1.278525e-03 9.977219e-01 2.658452e+01
9.947619e-01 -5.919636e-04 1.022176e-01 4.644633e+01 8.337684e-04 9.999970e-01 -2.322889e-03 -2.192080e+00 -1.022160e-01 2.395949e-03 9.947594e-01 2.647361e+01
9.981724e-01 3.059668e-04 -6.042860e-02 4.659953e+01 -2.382396e-04 9.999993e-01 1.127962e-03 -2.198248e+00 6.042900e-02 -1.111506e-03 9.981718e-01 2.631246e+01
9.949417e-01 -5.566820e-04 1.004528e-01 4.672018e+01 7.931871e-04 9.999970e-01 -2.314476e-03 -2.204096e+00 -1.004513e-01 2.382448e-03 9.949392e-01 2.622634e+01
9.978336e-01 3.481409e-04 -6.578735e-02 4.696898e+01 -2.642785e-04 9.999991e-01 1.283426e-03 -2.215462e+00 6.578783e-02 -1.263262e-03 9.978328e-01 2.631006e+01
9.949103e-01 -5.289171e-04 1.007638e-01 4.718217e+01 7.671112e-04 9.999970e-01 -2.325166e-03 -2.224196e+00 -1.007624e-01 2.390630e-03 9.949077e-01 2.624170e+01
9.979971e-01 2.720507e-04 -6.325930e-02 4.727954e+01 -1.959869e-04 9.999993e-01 1.208591e-03 -2.229673e+00 6.325967e-02 -1.193774e-03 9.979963e-01 2.618925e+01
9.959239e-01 -4.235152e-04 9.019662e-02 4.736164e+01 6.050640e-04 9.999978e-01 -1.985493e-03 -2.233515e+00 -9.019568e-02 2.031977e-03 9.959221e-01 2.608558e+01
9.980863e-01 2.780575e-04 -6.183546e-02 4.768995e+01 -2.070689e-04 9.999993e-01 1.154401e-03 -2.245374e+00 6.183584e-02 -1.139390e-03 9.980856e-01 2.598886e+01
9.950781e-01 -4.888726e-04 9.909298e-02 4.789682e+01 7.145658e-04 9.999972e-01 -2.242126e-03 -2.253312e+00 -9.909171e-02 2.301902e-03 9.950757e-01 2.585238e+01
9.971810e-01 4.676712e-04 -7.503189e-02 4.814990e+01 -3.498405e-04 9.999987e-01 1.583516e-03 -2.262152e+00 7.503263e-02 -1.552805e-03 9.971798e-01 2.570547e+01
9.960220e-01 -4.431458e-04 8.910722e-02 4.854614e+01 6.194395e-04 9.999979e-01 -1.950819e-03 -2.276168e+00 -8.910627e-02 1.998258e-03 9.960202e-01 2.565708e+01
9.978894e-01 2.923897e-04 -6.493556e-02 4.857316e+01 -2.082907e-04 9.999991e-01 1.301849e-03 -2.277603e+00 6.493598e-02 -1.285578e-03 9.978885e-01 2.550725e+01
9.947851e-01 -5.675183e-04 1.019924e-01 4.860463e+01 8.192504e-04 9.999967e-01 -2.426292e-03 -2.283220e+00 -1.019908e-01 2.497199e-03 9.947823e-01 2.560911e+01
9.981599e-01 2.311837e-04 -6.063547e-02 4.872058e+01 -1.569831e-04 9.999992e-01 1.228438e-03 -2.289541e+00 6.063581e-02 -1.216661e-03 9.981592e-01 2.557504e+01
9.944538e-01 -5.690605e-04 1.051730e-01 4.871925e+01 8.424532e-04 9.999964e-01 -2.555071e-03 -2.293323e+00 -1.051713e-01 2.629505e-03 9.944507e-01 2.557424e+01
9.982900e-01 2.380128e-04 -5.845409e-02 4.879889e+01 -1.676019e-04 9.999993e-01 1.209406e-03 -2.298389e+00 5.845444e-02 -1.197544e-03 9.982893e-01 2.551180e+01
9.960518e-01 -3.233539e-04 8.877363e-02 4.919964e+01 5.135428e-04 9.999976e-01 -2.119598e-03 -2.313508e+00 -8.877283e-02 2.156821e-03 9.960496e-01 2.548639e+01
9.982302e-01 1.599753e-04 -5.946679e-02 4.966569e+01 -8.545542e-05 9.999992e-01 1.255628e-03 -2.330206e+00 5.946704e-02 -1.248326e-03 9.982294e-01 2.542566e+01
9.960508e-01 -2.668807e-04 8.878528e-02 5.009956e+01 4.582098e-04 9.999976e-01 -2.134618e-03 -2.345622e+00 -8.878460e-02 2.166873e-03 9.960485e-01 2.533859e+01
9.981562e-01 1.828268e-04 -6.069658e-02 5.062080e+01 -1.048288e-04 9.999992e-01 1.288180e-03 -2.363476e+00 6.069687e-02 -1.279444e-03 9.981554e-01 2.520898e+01
9.950251e-01 -3.630805e-04 9.962454e-02 5.097604e+01 6.099382e-04 9.999968e-01 -2.447460e-03 -2.376244e+00 -9.962343e-02 2.496052e-03 9.950221e-01 2.507907e+01
9.985784e-01 -1.003472e-05 -5.330245e-02 5.113221e+01 6.842405e-05 9.999994e-01 1.093548e-03 -2.383722e+00 5.330251e-02 -1.095643e-03 9.985778e-01 2.502892e+01
9.952491e-01 -2.283961e-04 9.736149e-02 5.144632e+01 4.676481e-04 9.999969e-01 -2.434577e-03 -2.396281e+00 -9.736073e-02 2.468544e-03 9.952461e-01 2.498444e+01
9.982064e-01 3.695762e-05 -5.986520e-02 5.173937e+01 4.302990e-05 9.999991e-01 1.334778e-03 -2.406996e+00 5.986530e-02 -1.334962e-03 9.982055e-01 2.485104e+01
9.966720e-01 -3.303128e-05 8.151690e-02 5.223610e+01 1.962132e-04 9.999980e-01 -1.993847e-03 -2.424228e+00 -8.151677e-02 2.003209e-03 9.966700e-01 2.477519e+01
9.986024e-01 -1.702260e-04 -5.284919e-02 5.260916e+01 2.316307e-04 9.999993e-01 1.155694e-03 -2.437279e+00 5.284905e-02 -1.166323e-03 9.986018e-01 2.465831e+01
9.956089e-01 -3.565994e-05 9.361100e-02 5.294269e+01 2.615113e-04 9.999971e-01 -2.400430e-03 -2.449457e+00 -9.361074e-02 2.414372e-03 9.956060e-01 2.452418e+01
9.980701e-01 -6.491234e-05 -6.209558e-02 5.342356e+01 1.547300e-04 9.999989e-01 1.441571e-03 -2.466581e+00 6.209551e-02 -1.448400e-03 9.980691e-01 2.444870e+01
9.950727e-01 -8.761198e-05 9.914890e-02 5.382056e+01 3.459751e-04 9.999966e-01 -2.588655e-03 -2.481409e+00 -9.914843e-02 2.610206e-03 9.950693e-01 2.439663e+01
9.979805e-01 -4.128048e-05 -6.352062e-02 5.423899e+01 1.380215e-04 9.999988e-01 1.518532e-03 -2.496432e+00 6.352057e-02 -1.524235e-03 9.979793e-01 2.429929e+01
9.960249e-01 2.682537e-05 8.907568e-02 5.471650e+01 1.795125e-04 9.999973e-01 -2.308466e-03 -2.512929e+00 -8.907559e-02 2.315282e-03 9.960222e-01 2.418434e+01
9.979009e-01 -6.471698e-05 -6.475775e-02 5.526780e+01 1.670582e-04 9.999987e-01 1.574888e-03 -2.531537e+00 6.475766e-02 -1.582403e-03 9.978997e-01 2.407091e+01
9.957461e-01 1.876412e-05 9.213998e-02 5.577395e+01 2.059956e-04 9.999970e-01 -2.429862e-03 -2.549565e+00 -9.213984e-02 2.438509e-03 9.957431e-01 2.402793e+01
9.975716e-01 -2.090816e-06 -6.964798e-02 5.631669e+01 1.240456e-04 9.999985e-01 1.746627e-03 -2.568531e+00 6.964795e-02 -1.751027e-03 9.975701e-01 2.398174e+01
9.958508e-01 2.056728e-05 9.100152e-02 5.686671e+01 1.989076e-04 9.999971e-01 -2.402749e-03 -2.587061e+00 -9.100139e-02 2.410883e-03 9.958479e-01 2.386662e+01
9.979364e-01 -1.168083e-04 -6.420868e-02 5.735828e+01 2.196731e-04 9.999987e-01 1.594909e-03 -2.604278e+00 6.420849e-02 -1.605725e-03 9.979352e-01 2.379737e+01
9.955524e-01 6.851068e-06 9.421010e-02 5.767591e+01 2.311937e-04 9.999968e-01 -2.515876e-03 -2.615678e+00 -9.420989e-02 2.526470e-03 9.955492e-01 2.368147e+01
9.985411e-01 -3.071193e-04 -5.399522e-02 5.782740e+01 3.790223e-04 9.999991e-01 1.321328e-03 -2.622320e+00 5.399484e-02 -1.339868e-03 9.985403e-01 2.358601e+01
9.949803e-01 -6.953392e-06 1.000716e-01 5.794444e+01 2.831460e-04 9.999962e-01 -2.745795e-03 -2.628833e+00 -1.000713e-01 2.760349e-03 9.949765e-01 2.355474e+01
9.977444e-01 -1.233778e-04 -6.712619e-02 5.826168e+01 2.408742e-04 9.999985e-01 1.742214e-03 -2.641537e+00 6.712594e-02 -1.754455e-03 9.977430e-01 2.355181e+01
9.952505e-01 -4.891862e-07 9.734776e-02 5.846938e+01 2.624785e-04 9.999964e-01 -2.678516e-03 -2.649953e+00 -9.734748e-02 2.691348e-03 9.952468e-01 2.348597e+01
9.974475e-01 -3.671766e-05 -7.140291e-02 5.870799e+01 1.743337e-04 9.999981e-01 1.921012e-03 -2.657597e+00 7.140277e-02 -1.928559e-03 9.974457e-01 2.324461e+01
9.953065e-01 -3.138924e-05 9.677330e-02 5.901979e+01 2.922858e-04 9.999964e-01 -2.681833e-03 -2.668315e+00 -9.677294e-02 2.697534e-03 9.953028e-01 2.307501e+01
9.972488e-01 2.746378e-05 -7.412614e-02 5.925519e+01 1.238357e-04 9.999979e-01 2.036439e-03 -2.675572e+00 7.412610e-02 -2.040017e-03 9.972468e-01 2.281936e+01
9.962316e-01 2.696333e-05 8.673412e-02 5.948623e+01 1.816293e-04 9.999971e-01 -2.397134e-03 -2.682899e+00 -8.673400e-02 2.403856e-03 9.962286e-01 2.261122e+01
9.964466e-01 2.084102e-04 -8.422577e-02 5.985061e+01 -1.933721e-05 9.999975e-01 2.245580e-03 -2.694436e+00 8.422609e-02 -2.235973e-03 9.964442e-01 2.244101e+01
9.967927e-01 1.716000e-04 8.002742e-02 6.025903e+01 -1.072931e-06 9.999977e-01 -2.130961e-03 -2.706481e+00 -8.002766e-02 2.124043e-03 9.967904e-01 2.216457e+01
9.961649e-01 2.846074e-04 -8.749371e-02 6.048445e+01 -7.669718e-05 9.999972e-01 2.379578e-03 -2.713090e+00 8.749420e-02 -2.363744e-03 9.961622e-01 2.194768e+01
9.957207e-01 -6.324968e-05 9.241456e-02 6.064054e+01 2.988076e-04 9.999967e-01 -2.535148e-03 -2.717999e+00 -9.241416e-02 2.551915e-03 9.957174e-01 2.177223e+01
9.944327e-01 6.983197e-04 -1.053705e-01 6.077504e+01 -3.844768e-04 9.999954e-01 2.998703e-03 -2.723165e+00 1.053721e-01 -2.941498e-03 9.944285e-01 2.167571e+01
9.968538e-01 2.327570e-04 7.926329e-02 6.089790e+01 -8.014816e-05 9.999981e-01 -1.928579e-03 -2.728916e+00 -7.926366e-02 1.916161e-03 9.968519e-01 2.163369e+01
9.965939e-01 6.314438e-05 -8.246503e-02 6.098760e+01 1.009254e-04 9.999980e-01 1.985334e-03 -2.730289e+00 8.246506e-02 -1.986896e-03 9.965920e-01 2.133086e+01
9.975670e-01 4.097489e-04 6.971478e-02 6.099720e+01 -3.032417e-04 9.999988e-01 -1.538403e-03 -2.728168e+00 -6.971540e-02 1.513522e-03 9.975658e-01 2.092388e+01
9.957922e-01 3.704089e-04 -9.163841e-02 6.108497e+01 -1.552451e-04 9.999972e-01 2.355026e-03 -2.729998e+00 9.163910e-02 -2.330892e-03 9.957895e-01 2.063672e+01
9.977400e-01 4.335287e-04 6.719280e-02 6.121279e+01 -3.428965e-04 9.999990e-01 -1.360436e-03 -2.734190e+00 -6.719339e-02 1.334324e-03 9.977391e-01 2.044387e+01
9.959115e-01 3.330819e-04 -9.033267e-02 6.141104e+01 -1.365926e-04 9.999976e-01 2.181293e-03 -2.741471e+00 9.033325e-02 -2.160038e-03 9.959092e-01 2.032947e+01
9.980518e-01 5.001259e-04 6.239052e-02 6.159744e+01 -4.323879e-04 9.999993e-01 -1.099278e-03 -2.748109e+00 -6.239110e-02 1.070162e-03 9.980512e-01 2.017617e+01
9.955231e-01 5.048244e-04 -9.451592e-02 6.177964e+01 -2.856077e-04 9.999972e-01 2.332827e-03 -2.755510e+00 9.451691e-02 -2.295391e-03 9.955206e-01 2.010081e+01
9.980226e-01 4.301138e-04 6.285650e-02 6.187446e+01 -3.643807e-04 9.999994e-01 -1.057290e-03 -2.760723e+00 -6.285699e-02 1.032297e-03 9.980220e-01 2.007475e+01
9.952882e-01 6.063586e-04 -9.695816e-02 6.199742e+01 -3.787928e-04 9.999971e-01 2.365397e-03 -2.767311e+00 9.695940e-02 -2.317527e-03 9.952856e-01 2.009168e+01
9.979205e-01 3.789703e-04 6.445692e-02 6.212938e+01 -3.136633e-04 9.999994e-01 -1.023365e-03 -2.773700e+00 -6.445735e-02 1.001021e-03 9.979200e-01 2.006412e+01
9.957549e-01 5.046921e-04 -9.204254e-02 6.231827e+01 -3.155169e-04 9.999978e-01 2.069798e-03 -2.782247e+00 9.204347e-02 -2.031973e-03 9.957529e-01 2.008018e+01
9.979321e-01 3.564083e-04 6.427705e-02 6.252004e+01 -2.950352e-04 9.999995e-01 -9.643664e-04 -2.791386e+00 -6.427745e-02 9.434103e-04 9.979316e-01 2.010858e+01
9.959080e-01 5.154121e-04 -9.037046e-02 6.281568e+01 -3.394628e-04 9.999980e-01 1.962296e-03 -2.802532e+00 9.037138e-02 -1.923591e-03 9.959063e-01 2.006293e+01
9.977690e-01 2.303859e-04 6.676129e-02 6.305066e+01 -1.598472e-04 9.999994e-01 -1.061971e-03 -2.810784e+00 -6.676158e-02 1.048932e-03 9.977684e-01 1.992614e+01
9.958745e-01 5.799542e-04 -9.073875e-02 6.327066e+01 -4.011994e-04 9.999979e-01 1.988183e-03 -2.817182e+00 9.073980e-02 -1.943579e-03 9.958727e-01 1.965454e+01
9.979773e-01 2.455764e-04 6.357213e-02 6.344352e+01 -1.889387e-04 9.999996e-01 -8.969787e-04 -2.822978e+00 -6.357241e-02 8.831552e-04 9.979769e-01 1.945965e+01
9.962266e-01 5.009277e-04 -8.678802e-02 6.357884e+01 -3.528143e-04 9.999985e-01 1.721904e-03 -2.826801e+00 8.678884e-02 -1.684789e-03 9.962253e-01 1.920533e+01
9.977812e-01 1.363031e-04 6.657972e-02 6.370079e+01 -7.060512e-05 9.999995e-01 -9.891528e-04 -2.827802e+00 -6.657992e-02 9.822592e-04 9.977806e-01 1.872731e+01
9.961304e-01 6.495213e-04 -8.788460e-02 6.381152e+01 -4.965601e-04 9.999983e-01 1.762294e-03 -2.827693e+00 8.788569e-02 -1.711836e-03 9.961291e-01 1.818717e+01
9.976058e-01 2.760127e-05 6.915746e-02 6.381940e+01 4.626657e-05 9.999994e-01 -1.066548e-03 -2.823342e+00 -6.915755e-02 1.067197e-03 9.976052e-01 1.757016e+01
9.955991e-01 8.061801e-04 -9.370995e-02 6.400243e+01 -6.181303e-04 9.999977e-01 2.035700e-03 -2.827677e+00 9.371148e-02 -1.968818e-03 9.955974e-01 1.720990e+01
