9.993283e-01 -4.662530e-04 3.664465e-02 3.263142e-02 5.091010e-04 9.999992e-01 -1.159962e-03 -7.337643e-03 -3.664408e-02 1.177838e-03 9.993278e-01 2.145300e-01
9.999748e-01 -5.998484e-05 7.103872e-03 8.536225e-02 6.155067e-05 1.000000e+00 -2.201990e-04 -1.497420e-02 -7.103850e-03 2.206309e-04 9.999746e-01 3.932238e-01
9.992692e-01 -4.771271e-04 3.822105e-02 1.415878e-01 5.237766e-04 9.999991e-01 -1.210514e-03 -2.330241e-02 -3.822045e-02 1.229649e-03 9.992687e-01 5.961361e-01
9.999877e-01 -2.279631e-05 4.951390e-03 2.071031e-01 2.355838e-05 1.000000e+00 -1.538492e-04 -3.161644e-02 -4.951369e-03 1.539639e-04 9.999876e-01 7.945507e-01
9.992415e-01 -4.880793e-04 3.893803e-02 2.630456e-01 5.363552e-04 9.999991e-01 -1.229377e-03 -3.926777e-02 -3.893741e-02 1.249330e-03 9.992410e-01 9.675411e-01
9.999474e-01 -7.890372e-05 1.025388e-02 3.154923e-01 8.199553e-05 1.000000e+00 -3.010994e-04 -4.651816e-02 -1.025383e-02 3.019240e-04 9.999473e-01 1.101973e+00
9.994520e-01 -4.033574e-04 3.309782e-02 4.151204e-01 4.387945e-04 9.999993e-01 -1.063424e-03 -5.393247e-02 -3.309740e-02 1.077365e-03 9.994516e-01 1.184102e+00
9.999649e-01 -3.811644e-05 8.372364e-03 6.295544e-01 4.007353e-05 1.000000e+00 -2.335736e-04 -6.460033e-02 -8.372320e-03 2.339003e-04 9.999648e-01 1.264562e+00
9.994863e-01 -4.216487e-04 3.204734e-02 7.979354e-01 4.550652e-04 9.999994e-01 -1.035441e-03 -7.384030e-02 -3.204692e-02 1.049493e-03 9.994859e-01 1.349362e+00
9.999579e-01 -6.547210e-05 9.173412e-03 8.974395e-01 6.796922e-05 1.000000e+00 -2.718793e-04 -8.220829e-02 -9.173353e-03 2.724905e-04 9.999578e-01 1.504401e+00
9.997653e-01 -2.606055e-04 2.166454e-02 1.174385e+00 2.762062e-04 9.999997e-01 -7.171239e-04 -9.525563e-02 -2.166439e-02 7.229404e-04 9.997651e-01 1.661498e+00
9.998123e-01 -2.398847e-04 1.937193e-02 1.250956e+00 2.514970e-04 9.999998e-01 -5.969916e-04 -1.023516e-01 -1.937173e-02 6.017504e-04 9.998121e-01 1.772296e+00
9.997651e-01 -2.827882e-04 2.167161e-02 1.297019e+00 2.981673e-04 9.999997e-01 -7.064326e-04 -1.097246e-01 -2.167146e-02 7.127297e-04 9.997650e-01 1.935893e+00
9.999252e-01 -6.502223e-05 1.223143e-02 1.502889e+00 6.946996e-05 9.999999e-01 -3.631738e-04 -1.205001e-01 -1.223135e-02 3.639950e-04 9.999250e-01 2.051450e+00
9.997417e-01 -3.210869e-04 2.272426e-02 1.636684e+00 3.382763e-04 9.999997e-01 -7.526117e-04 -1.282048e-01 -2.272407e-02 7.601058e-04 9.997416e-01 2.109440e+00
9.999185e-01 3.443622e-04 -1.276183e-02 1.628432e+00 -3.382370e-04 9.999998e-01 4.820763e-04 -1.310938e-01 1.276205e-02 -4.777220e-04 9.999184e-01 2.125214e+00
9.995538e-01 -3.280850e-04 2.986680e-02 1.738491e+00 3.564987e-04 9.999995e-01 -9.460431e-04 -1.393083e-01 -2.986654e-02 9.562700e-04 9.995535e-01 2.253799e+00
9.999754e-01 -7.900055e-05 7.018272e-03 1.851825e+00 8.058127e-05 1.000000e+00 -2.248644e-04 -1.473697e-01 -7.018192e-03 2.254228e-04 9.999753e-01 2.361741e+00
9.995095e-01 -3.620214e-04 3.131605e-02 1.962984e+00 3.934603e-04 9.999994e-01 -9.977870e-04 -1.567320e-01 -3.131573e-02 1.009621e-03 9.995091e-01 2.564061e+00
9.999738e-01 1.053904e-04 -7.237151e-03 2.039873e+00 -1.038947e-04 1.000000e+00 2.069467e-04 -1.627024e-01 7.237240e-03 -2.061912e-04 9.999737e-01 2.648697e+00
9.991525e-01 -4.794848e-04 4.116024e-02 2.215782e+00 5.326239e-04 9.999990e-01 -1.280092e-03 -1.729002e-01 -4.115965e-02 1.300932e-03 9.991518e-01 2.786821e+00
9.998775e-01 3.271330e-04 -1.564599e-02 2.660731e+00 -3.195451e-04 9.999998e-01 4.874103e-04 -1.908061e-01 1.564622e-02 -4.823530e-04 9.998774e-01 2.933310e+00
9.992849e-01 -4.386768e-04 3.780793e-02 3.225815e+00 4.830671e-04 9.999992e-01 -1.164995e-03 -2.116495e-01 -3.780746e-02 1.182428e-03 9.992844e-01 3.003469e+00
9.999555e-01 2.226540e-04 -9.427992e-03 3.739783e+00 -2.200722e-04 9.999999e-01 2.747774e-04 -2.311161e-01 9.428127e-03 -2.726925e-04 9.999554e-01 3.083840e+00
9.993635e-01 -3.999029e-04 3.567174e-02 4.191976e+00 4.387632e-04 9.999993e-01 -1.081592e-03 -2.487756e-01 -3.567136e-02 1.096557e-03 9.993631e-01 3.173407e+00
9.998370e-01 3.372686e-04 -1.805146e-02 4.739446e+00 -3.273292e-04 9.999998e-01 5.535065e-04 -2.696069e-01 1.805172e-02 -5.475097e-04 9.998368e-01 3.313527e+00
9.995020e-01 -3.967655e-04 3.155429e-02 5.196989e+00 4.280745e-04 9.999994e-01 -9.855093e-04 -2.870698e-01 -3.155396e-02 9.985284e-04 9.995016e-01 3.419217e+00
9.997012e-01 4.337165e-04 -2.443923e-02 5.707798e+00 -4.159952e-04 9.999996e-01 7.301454e-04 -3.065416e-01 2.443961e-02 -7.197628e-04 9.997010e-01 3.572605e+00
9.994685e-01 -3.847158e-04 3.259787e-02 6.291972e+00 4.198263e-04 9.999993e-01 -1.070275e-03 -3.275436e-01 -3.259751e-02 1.083394e-03 9.994681e-01 3.661015e+00
9.998547e-01 2.926213e-04 -1.704333e-02 6.763698e+00 -2.821954e-04 9.999998e-01 6.140589e-04 -3.454325e-01 1.704359e-02 -6.091624e-04 9.998545e-01 3.746281e+00
9.995605e-01 -3.129807e-04 2.964385e-02 7.199950e+00 3.421802e-04 9.999995e-01 -9.799811e-04 -3.625113e-01 -2.964361e-02 9.896963e-04 9.995601e-01 3.894647e+00
9.998319e-01 2.866076e-04 -1.833053e-02 7.651786e+00 -2.752481e-04 9.999998e-01 6.221530e-04 -3.806045e-01 1.833078e-02 -6.170054e-04 9.998317e-01 4.083649e+00
9.996203e-01 -2.843613e-04 2.755445e-02 8.078576e+00 3.096014e-04 9.999995e-01 -9.117891e-04 -3.979853e-01 -2.755426e-02 9.199761e-04 9.996200e-01 4.289128e+00
9.997201e-01 3.403250e-04 -2.365596e-02 8.492587e+00 -3.223465e-04 9.999997e-01 7.637494e-04 -4.141329e-01 2.365630e-02 -7.559125e-04 9.997198e-01 4.421386e+00
9.996255e-01 -2.925613e-04 2.736506e-02 8.902725e+00 3.169095e-04 9.999996e-01 -8.854676e-04 -4.295465e-01 -2.736487e-02 8.938106e-04 9.996252e-01 4.484336e+00
9.996570e-01 3.600363e-04 -2.618742e-02 9.300977e+00 -3.388064e-04 9.999996e-01 8.150708e-04 -4.456827e-01 2.618778e-02 -8.059211e-04 9.996566e-01 4.648892e+00
9.996944e-01 -2.633036e-04 2.472104e-02 9.696062e+00 2.832658e-04 9.999996e-01 -8.040496e-04 -4.616367e-01 -2.472091e-02 8.108088e-04 9.996941e-01 4.806566e+00
9.997199e-01 3.677861e-04 -2.366340e-02 1.020200e+01 -3.506418e-04 9.999997e-01 7.285968e-04 -4.813860e-01 2.366375e-02 -7.200977e-04 9.997196e-01 4.993891e+00
9.996201e-01 -3.063487e-04 2.756115e-02 1.057295e+01 3.298088e-04 9.999996e-01 -8.467050e-04 -4.973244e-01 -2.756096e-02 8.554757e-04 9.996198e-01 5.216933e+00
9.996290e-01 3.698579e-04 -2.723539e-02 1.068112e+01 -3.465547e-04 9.999996e-01 8.602880e-04 -5.093954e-01 2.723578e-02 -8.505326e-04 9.996286e-01 5.656024e+00
9.996010e-01 -2.967940e-04 2.824491e-02 1.088209e+01 3.222117e-04 9.999995e-01 -8.953994e-04 -5.229158e-01 -2.824472e-02 9.041454e-04 9.996007e-01 6.041022e+00
9.996726e-01 3.599848e-04 -2.558354e-02 1.132908e+01 -3.401839e-04 9.999996e-01 7.782642e-04 -5.402604e-01 2.558389e-02 -7.693087e-04 9.996723e-01 6.174601e+00
9.996081e-01 -3.065347e-04 2.799417e-02 1.170261e+01 3.307677e-04 9.999996e-01 -8.610625e-04 -5.543750e-01 -2.799398e-02 8.699870e-04 9.996078e-01 6.210675e+00
9.997664e-01 3.084701e-04 -2.161012e-02 1.195549e+01 -2.936603e-04 9.999997e-01 6.884241e-04 -5.670773e-01 2.161041e-02 -6.819196e-04 9.997662e-01 6.448018e+00
9.993900e-01 -4.220386e-04 3.492203e-02 1.209917e+01 4.587237e-04 9.999994e-01 -1.042519e-03 -5.782902e-01 -3.492165e-02 1.057905e-03 9.993896e-01 6.772455e+00
9.995393e-01 4.197164e-04 -3.034624e-02 1.222157e+01 -3.911509e-04 9.999995e-01 9.472011e-04 -5.873700e-01 3.034670e-02 -9.348972e-04 9.995389e-01 7.013196e+00
9.994672e-01 -3.794701e-04 3.263913e-02 1.233615e+01 4.118648e-04 9.999994e-01 -9.858335e-04 -5.975544e-01 -3.263882e-02 9.987536e-04 9.994668e-01 7.346973e+00
9.994724e-01 4.178337e-04 -3.247525e-02 1.237073e+01 -3.855739e-04 9.999994e-01 9.995762e-04 -6.064450e-01 3.247573e-02 -9.865297e-04 9.994720e-01 7.715912e+00
9.994324e-01 -3.921646e-04 3.368568e-02 1.250997e+01 4.263917e-04 9.999994e-01 -1.008934e-03 -6.148117e-01 -3.368535e-02 1.022727e-03 9.994320e-01 7.876728e+00
9.994730e-01 4.088580e-04 -3.245714e-02 1.258529e+01 -3.766509e-04 9.999994e-01 9.983587e-04 -6.193236e-01 3.245762e-02 -9.856100e-04 9.994726e-01 7.903362e+00
9.994662e-01 -3.485883e-04 3.266867e-02 1.298313e+01 3.827516e-04 9.999994e-01 -1.039543e-03 -6.347497e-01 -3.266838e-02 1.051495e-03 9.994658e-01 7.958701e+00
9.994900e-01 3.890911e-04 -3.193119e-02 1.328258e+01 -3.574883e-04 9.999994e-01 9.953728e-04 -6.456929e-01 3.193164e-02 -9.834525e-04 9.994895e-01 7.873723e+00
9.992161e-01 -3.798213e-04 3.958560e-02 1.359558e+01 4.267371e-04 9.999992e-01 -1.176765e-03 -6.572857e-01 -3.958521e-02 1.192737e-03 9.992156e-01 7.863909e+00
9.993726e-01 4.072292e-04 -3.541503e-02 1.367626e+01 -3.688207e-04 9.999993e-01 1.091008e-03 -6.668848e-01 3.541553e-02 -1.077264e-03 9.993720e-01 8.215371e+00
9.993283e-01 -3.908071e-04 3.664476e-02 1.349297e+01 4.328070e-04 9.999993e-01 -1.138248e-03 -6.694382e-01 -3.664437e-02 1.153346e-03 9.993278e-01 8.526859e+00
9.993492e-01 4.549620e-04 -3.606718e-02 1.341433e+01 -4.145056e-04 9.999993e-01 1.129124e-03 -6.802174e-01 3.606776e-02 -1.113441e-03 9.993487e-01 9.105134e+00
9.992513e-01 -3.982491e-04 3.868807e-02 1.348798e+01 4.449807e-04 9.999992e-01 -1.199338e-03 -6.913359e-01 -3.868765e-02 1.215658e-03 9.992507e-01 9.546358e+00
9.992933e-01 4.943158e-04 -3.758503e-02 1.366715e+01 -4.504246e-04 9.999992e-01 1.176202e-03 -7.044699e-01 3.758567e-02 -1.158444e-03 9.992927e-01 9.945094e+00
9.992830e-01 -3.943615e-04 3.786120e-02 1.387947e+01 4.389039e-04 9.999992e-01 -1.168196e-03 -7.179820e-01 -3.786079e-02 1.183978e-03 9.992824e-01 1.031576e+01
9.993911e-01 4.693298e-04 -3.488728e-02 1.403324e+01 -4.309803e-04 9.999993e-01 1.106708e-03 -7.300903e-01 3.488786e-02 -1.091001e-03 9.993906e-01 1.069755e+01
9.992761e-01 -3.990460e-04 3.804112e-02 1.418905e+01 4.439170e-04 9.999992e-01 -1.171136e-03 -7.417692e-01 -3.804071e-02 1.187178e-03 9.992756e-01 1.105417e+01
9.993046e-01 4.813660e-04 -3.728425e-02 1.444306e+01 -4.384343e-04 9.999992e-01 1.159598e-03 -7.548626e-01 3.728487e-02 -1.142447e-03 9.993040e-01 1.132005e+01
9.992446e-01 -3.968639e-04 3.886040e-02 1.485249e+01 4.441683e-04 9.999992e-01 -1.208698e-03 -7.703251e-01 -3.885998e-02 1.225048e-03 9.992440e-01 1.136284e+01
9.993306e-01 4.647419e-04 -3.657884e-02 1.519074e+01 -4.227568e-04 9.999992e-01 1.155479e-03 -7.829842e-01 3.657944e-02 -1.139244e-03 9.993300e-01 1.137045e+01
9.992520e-01 -3.854644e-04 3.866954e-02 1.548442e+01 4.327203e-04 9.999992e-01 -1.213719e-03 -7.963926e-01 -3.866912e-02 1.229547e-03 9.992514e-01 1.158591e+01
9.995688e-01 3.980969e-04 -2.935939e-02 1.586167e+01 -3.700207e-04 9.999995e-01 9.616671e-04 -8.120053e-01 2.935984e-02 -9.503913e-04 9.995684e-01 1.178305e+01
9.991616e-01 -3.969873e-04 4.093937e-02 1.626746e+01 4.502468e-04 9.999991e-01 -1.291758e-03 -8.287603e-01 -4.093891e-02 1.309111e-03 9.991609e-01 1.199906e+01
9.995603e-01 4.149478e-04 -2.964830e-02 1.671208e+01 -3.863975e-04 9.999995e-01 9.686346e-04 -8.467917e-01 2.964877e-02 -9.567552e-04 9.995598e-01 1.221522e+01
9.991083e-01 -4.005486e-04 4.221870e-02 1.714441e+01 4.570545e-04 9.999990e-01 -1.328801e-03 -8.650697e-01 -4.221822e-02 1.346915e-03 9.991076e-01 1.248163e+01
9.992014e-01 4.942018e-04 -3.995417e-02 1.743975e+01 -4.442742e-04 9.999991e-01 1.258449e-03 -8.793123e-01 3.995485e-02 -1.239696e-03 9.992006e-01 1.275057e+01
9.990295e-01 -3.830473e-04 4.404501e-02 1.771728e+01 4.430295e-04 9.999990e-01 -1.352120e-03 -8.942436e-01 -4.404454e-02 1.370324e-03 9.990287e-01 1.309750e+01
9.992091e-01 5.061752e-04 -3.976104e-02 1.809208e+01 -4.576534e-04 9.999991e-01 1.229384e-03 -9.109303e-01 3.976172e-02 -1.210217e-03 9.992084e-01 1.337495e+01
9.990379e-01 -3.800900e-04 4.385360e-02 1.851673e+01 4.405409e-04 9.999990e-01 -1.368848e-03 -9.289560e-01 -4.385312e-02 1.386853e-03 9.990371e-01 1.364150e+01
9.992065e-01 5.315273e-04 -3.982601e-02 1.912631e+01 -4.838246e-04 9.999992e-01 1.207361e-03 -9.518580e-01 3.982671e-02 -1.187136e-03 9.992058e-01 1.382277e+01
9.990458e-01 -3.821665e-04 4.367334e-02 1.958986e+01 4.403664e-04 9.999990e-01 -1.323039e-03 -9.714067e-01 -4.367289e-02 1.341012e-03 9.990451e-01 1.410745e+01
9.992790e-01 4.977792e-04 -3.796332e-02 2.014352e+01 -4.551624e-04 9.999993e-01 1.131165e-03 -9.919862e-01 3.796395e-02 -1.113073e-03 9.992784e-01 1.423373e+01
9.990882e-01 -3.624059e-04 4.269242e-02 2.070492e+01 4.183330e-04 9.999991e-01 -1.301111e-03 -1.013277e+00 -4.269200e-02 1.317787e-03 9.990875e-01 1.439383e+01
9.992982e-01 4.953152e-04 -3.745333e-02 2.131359e+01 -4.534190e-04 9.999993e-01 1.127062e-03 -1.035359e+00 3.745395e-02 -1.109291e-03 9.992977e-01 1.449175e+01
9.990174e-01 -4.211971e-04 4.431894e-02 2.168081e+01 4.798746e-04 9.999990e-01 -1.313389e-03 -1.051455e+00 -4.431843e-02 1.333368e-03 9.990166e-01 1.475003e+01
9.993037e-01 5.088713e-04 -3.730769e-02 2.209719e+01 -4.675797e-04 9.999993e-01 1.115454e-03 -1.068814e+00 3.730832e-02 -1.097236e-03 9.993031e-01 1.498826e+01
9.991946e-01 -3.755564e-04 4.012609e-02 2.258689e+01 4.248326e-04 9.999992e-01 -1.219553e-03 -1.088134e+00 -4.012569e-02 1.235621e-03 9.991939e-01 1.518332e+01
9.992137e-01 4.884230e-04 -3.964495e-02 2.295811e+01 -4.408918e-04 9.999992e-01 1.207609e-03 -1.104392e+00 3.964560e-02 -1.189183e-03 9.992130e-01 1.542118e+01
9.992293e-01 -3.829466e-04 3.925254e-02 2.330900e+01 4.299127e-04 9.999992e-01 -1.188119e-03 -1.119999e+00 -3.925215e-02 1.204081e-03 9.992287e-01 1.565286e+01
9.994829e-01 3.798912e-04 -3.215161e-02 2.361115e+01 -3.470903e-04 9.999994e-01 1.025711e-03 -1.132778e+00 3.215208e-02 -1.014024e-03 9.994824e-01 1.578561e+01
9.993721e-01 -3.385049e-04 3.543204e-02 2.391837e+01 3.782276e-04 9.999993e-01 -1.114445e-03 -1.144947e+00 -3.543173e-02 1.127149e-03 9.993715e-01 1.584697e+01
9.994110e-01 4.187166e-04 -3.431410e-02 2.436901e+01 -3.825419e-04 9.999994e-01 1.060727e-03 -1.162041e+00 3.431461e-02 -1.046978e-03 9.994105e-01 1.591391e+01
9.993497e-01 -3.448406e-04 3.605743e-02 2.471926e+01 3.845538e-04 9.999993e-01 -1.094504e-03 -1.175867e+00 -3.605712e-02 1.107661e-03 9.993492e-01 1.598310e+01
9.994526e-01 4.237830e-04 -3.307987e-02 2.515516e+01 -3.914621e-04 9.999994e-01 9.834700e-04 -1.192465e+00 3.308036e-02 -9.699847e-04 9.994522e-01 1.606241e+01
9.993448e-01 -3.219714e-04 3.619358e-02 2.560794e+01 3.612174e-04 9.999994e-01 -1.077849e-03 -1.209555e+00 -3.619330e-02 1.090219e-03 9.993443e-01 1.612843e+01
9.995709e-01 3.589123e-04 -2.928897e-02 2.591677e+01 -3.328224e-04 9.999995e-01 8.955852e-04 -1.223964e+00 2.928937e-02 -8.854555e-04 9.995705e-01 1.638314e+01
9.994113e-01 -3.293639e-04 3.430610e-02 2.613641e+01 3.645981e-04 9.999994e-01 -1.020850e-03 -1.236988e+00 -3.430584e-02 1.032760e-03 9.994109e-01 1.671284e+01
9.995530e-01 3.551850e-04 -2.989167e-02 2.639234e+01 -3.278649e-04 9.999995e-01 9.188047e-04 -1.248371e+00 2.989207e-02 -9.085962e-04 9.995527e-01 1.686526e+01
9.995367e-01 -3.349323e-04 3.043658e-02 2.653418e+01 3.631619e-04 9.999995e-01 -9.220202e-04 -1.255114e+00 -3.043635e-02 9.326491e-04 9.995363e-01 1.689636e+01
9.995376e-01 3.437227e-04 -3.040545e-02 2.658522e+01 -3.155137e-04 9.999995e-01 9.324942e-04 -1.259698e+00 3.040584e-02 -9.224722e-04 9.995371e-01 1.697302e+01
9.994694e-01 -3.271938e-04 3.257117e-02 2.672504e+01 3.587160e-04 9.999995e-01 -9.620109e-04 -1.265755e+00 -3.257093e-02 9.731869e-04 9.994690e-01 1.696410e+01
9.995438e-01 3.811416e-04 -3.019928e-02 2.699614e+01 -3.533515e-04 9.999995e-01 9.254905e-04 -1.276981e+00 3.019971e-02 -9.143999e-04 9.995434e-01 1.704260e+01
9.994148e-01 -3.675706e-04 3.420405e-02 2.710120e+01 4.026081e-04 9.999994e-01 -1.017537e-03 -1.286571e+00 -3.420375e-02 1.030715e-03 9.994144e-01 1.736147e+01
9.995071e-01 3.756272e-04 -3.139060e-02 2.717960e+01 -3.456122e-04 9.999995e-01 9.615367e-04 -1.294879e+00 3.139103e-02 -9.502164e-04 9.995067e-01 1.764200e+01
9.992778e-01 -3.550326e-04 3.799687e-02 2.746197e+01 3.985469e-04 9.999993e-01 -1.137683e-03 -1.308184e+00 -3.799654e-02 1.152007e-03 9.992773e-01 1.787775e+01
9.994710e-01 4.356455e-04 -3.251787e-02 2.786088e+01 -4.038767e-04 9.999994e-01 9.834652e-04 -1.324485e+00 3.251837e-02 -9.698144e-04 9.994706e-01 1.806810e+01
9.993309e-01 -3.990079e-04 3.657458e-02 2.807880e+01 4.379070e-04 9.999993e-01 -1.055601e-03 -1.335167e+00 -3.657423e-02 1.070913e-03 9.993304e-01 1.825176e+01
9.993881e-01 4.566328e-04 -3.497473e-02 2.827856e+01 -4.208294e-04 9.999994e-01 1.030992e-03 -1.346673e+00 3.497527e-02 -1.015645e-03 9.993876e-01 1.851260e+01
9.993607e-01 -3.766403e-04 3.575202e-02 2.852385e+01 4.138444e-04 9.999994e-01 -1.033271e-03 -1.359593e+00 -3.575170e-02 1.047409e-03 9.993602e-01 1.878317e+01
9.994168e-01 4.020133e-04 -3.414351e-02 2.852149e+01 -3.676559e-04 9.999994e-01 1.012478e-03 -1.367117e+00 3.414399e-02 -9.993376e-04 9.994164e-01 1.912950e+01
9.992972e-01 -3.436267e-04 3.748409e-02 2.876377e+01 3.847498e-04 9.999993e-01 -1.089921e-03 -1.379796e+00 -3.748379e-02 1.103579e-03 9.992967e-01 1.939996e+01
9.994513e-01 4.432257e-04 -3.311888e-02 2.909121e+01 -4.109621e-04 9.999994e-01 9.809159e-04 -1.395604e+00 3.311939e-02 -9.667697e-04 9.994509e-01 1.971468e+01
9.991299e-01 -4.538513e-04 4.170470e-02 2.932984e+01 5.037954e-04 9.999992e-01 -1.187106e-03 -1.408802e+00 -4.170422e-02 1.207087e-03 9.991293e-01 2.002807e+01
9.993248e-01 4.963452e-04 -3.673669e-02 2.947161e+01 -4.575096e-04 9.999993e-01 1.065476e-03 -1.420790e+00 3.673729e-02 -1.047952e-03 9.993243e-01 2.042197e+01
9.992840e-01 -4.160931e-04 3.783472e-02 2.962141e+01 4.572947e-04 9.999993e-01 -1.080390e-03 -1.433054e+00 -3.783434e-02 1.096921e-03 9.992835e-01 2.081458e+01
9.993818e-01 5.292951e-04 -3.515230e-02 3.000778e+01 -4.945781e-04 9.999994e-01 9.962466e-04 -1.450057e+00 3.515290e-02 -9.782478e-04 9.993814e-01 2.107888e+01
9.991411e-01 -4.950219e-04 4.143607e-02 3.022722e+01 5.429325e-04 9.999992e-01 -1.145053e-03 -1.463020e+00 -4.143557e-02 1.166569e-03 9.991406e-01 2.140941e+01
9.993907e-01 5.191425e-04 -3.489790e-02 3.048210e+01 -4.858940e-04 9.999994e-01 9.611511e-04 -1.476167e+00 3.489847e-02 -9.436115e-04 9.993904e-01 2.168713e+01
9.991445e-01 -4.148575e-04 4.135468e-02 3.100658e+01 4.626695e-04 9.999992e-01 -1.146628e-03 -1.496019e+00 -4.135427e-02 1.164783e-03 9.991439e-01 2.185608e+01
9.994540e-01 4.581636e-04 -3.303803e-02 3.126486e+01 -4.278532e-04 9.999995e-01 9.244376e-04 -1.510798e+00 3.303853e-02 -9.098001e-04 9.994536e-01 2.223523e+01
9.992954e-01 -3.843851e-04 3.753183e-02 3.149670e+01 4.242117e-04 9.999994e-01 -1.053234e-03 -1.524891e+00 -3.753150e-02 1.068416e-03 9.992949e-01 2.261050e+01
9.993731e-01 4.824012e-04 -3.539823e-02 3.184475e+01 -4.476193e-04 9.999994e-01 9.904464e-04 -1.540532e+00 3.539878e-02 -9.739833e-04 9.993727e-01 2.285954e+01
9.990882e-01 -4.538779e-04 4.269289e-02 3.218851e+01 5.038701e-04 9.999992e-01 -1.160264e-03 -1.554453e+00 -4.269242e-02 1.180721e-03 9.990876e-01 2.299324e+01
9.994881e-01 4.237536e-04 -3.198856e-02 3.242015e+01 -3.956901e-04 9.999995e-01 8.835567e-04 -1.566352e+00 3.198901e-02 -8.704496e-04 9.994878e-01 2.322111e+01
9.992767e-01 -4.294900e-04 3.802521e-02 3.252592e+01 4.683158e-04 9.999994e-01 -1.012205e-03 -1.576299e+00 -3.802485e-02 1.029283e-03 9.992763e-01 2.356054e+01
9.994364e-01 4.491298e-04 -3.356535e-02 3.272118e+01 -4.190254e-04 9.999995e-01 9.038535e-04 -1.587437e+00 3.356583e-02 -8.892820e-04 9.994361e-01 2.380968e+01
9.992441e-01 -4.065609e-04 3.887328e-02 3.304147e+01 4.468897e-04 9.999994e-01 -1.028811e-03 -1.600808e+00 -3.887293e-02 1.045408e-03 9.992437e-01 2.395381e+01
9.993395e-01 4.595575e-04 -3.633603e-02 3.338788e+01 -4.250320e-04 9.999995e-01 9.578295e-04 -1.613213e+00 3.633654e-02 -9.417556e-04 9.993391e-01 2.389556e+01
9.991840e-01 -3.563228e-04 4.038944e-02 3.387086e+01 4.004073e-04 9.999993e-01 -1.083453e-03 -1.631405e+00 -4.038912e-02 1.098744e-03 9.991835e-01 2.399803e+01
9.993954e-01 4.469181e-04 -3.476536e-02 3.433853e+01 -4.154475e-04 9.999995e-01 9.123840e-04 -1.649490e+00 3.476584e-02 -8.973919e-04 9.993950e-01 2.415789e+01
9.992095e-01 -3.855621e-04 3.975247e-02 3.468415e+01 4.272580e-04 9.999994e-01 -1.040452e-03 -1.663843e+00 -3.975214e-02 1.056617e-03 9.992091e-01 2.432166e+01
9.992488e-01 4.450939e-04 -3.874957e-02 3.477234e+01 -4.050096e-04 9.999994e-01 1.042232e-03 -1.673686e+00 3.875011e-02 -1.025758e-03 9.992483e-01 2.467306e+01
9.992456e-01 -4.174534e-04 3.883461e-02 3.477324e+01 4.583849e-04 9.999993e-01 -1.045149e-03 -1.680744e+00 -3.883425e-02 1.062165e-03 9.992452e-01 2.498551e+01
9.992204e-01 4.162863e-04 -3.947554e-02 3.473226e+01 -3.741151e-04 9.999994e-01 1.075610e-03 -1.680827e+00 3.947606e-02 -1.060006e-03 9.992199e-01 2.495397e+01
9.992369e-01 -3.714902e-04 3.905896e-02 3.503130e+01 4.148716e-04 9.999993e-01 -1.102617e-03 -1.691600e+00 -3.905862e-02 1.117983e-03 9.992364e-01 2.486954e+01
9.992020e-01 4.107796e-04 -3.993948e-02 3.501628e+01 -3.658257e-04 9.999993e-01 1.132796e-03 -1.689247e+00 3.994002e-02 -1.117284e-03 9.992014e-01 2.451642e+01
9.992318e-01 -3.908725e-04 3.918792e-02 3.492848e+01 4.344350e-04 9.999993e-01 -1.103175e-03 -1.685748e+00 -3.918756e-02 1.119355e-03 9.992313e-01 2.429205e+01
9.991901e-01 4.087077e-04 -4.023592e-02 3.501007e+01 -3.632796e-04 9.999993e-01 1.136292e-03 -1.689131e+00 4.023645e-02 -1.120758e-03 9.991895e-01 2.419448e+01
9.992589e-01 -4.020035e-04 3.849067e-02 3.497682e+01 4.443612e-04 9.999993e-01 -1.091972e-03 -1.688568e+00 -3.849030e-02 1.108269e-03 9.992584e-01 2.408483e+01
9.991880e-01 4.161164e-04 -4.028645e-02 3.511417e+01 -3.702087e-04 9.999993e-01 1.146927e-03 -1.694203e+00 4.028700e-02 -1.131084e-03 9.991874e-01 2.403734e+01
9.992697e-01 -3.942375e-04 3.821008e-02 3.517040e+01 4.367987e-04 9.999993e-01 -1.105584e-03 -1.697052e+00 -3.820972e-02 1.121469e-03 9.992692e-01 2.397974e+01
9.992494e-01 3.969842e-04 -3.873613e-02 3.513612e+01 -3.533375e-04 9.999993e-01 1.133550e-03 -1.697163e+00 3.873665e-02 -1.119015e-03 9.992488e-01 2.393256e+01
9.992944e-01 -3.457926e-04 3.755766e-02 3.552666e+01 3.898315e-04 9.999992e-01 -1.165307e-03 -1.711142e+00 -3.755732e-02 1.179129e-03 9.992938e-01 2.388661e+01
9.991614e-01 4.013686e-04 -4.094205e-02 3.569646e+01 -3.518541e-04 9.999992e-01 1.216522e-03 -1.717832e+00 4.094261e-02 -1.201099e-03 9.991607e-01 2.384633e+01
9.992276e-01 -3.827820e-04 3.929476e-02 3.568396e+01 4.292123e-04 9.999992e-01 -1.173214e-03 -1.722935e+00 -3.929437e-02 1.189177e-03 9.992270e-01 2.408553e+01
9.992597e-01 4.813244e-04 -3.846771e-02 3.597975e+01 -4.376286e-04 9.999992e-01 1.144263e-03 -1.737508e+00 3.846832e-02 -1.126584e-03 9.992591e-01 2.437151e+01
9.991443e-01 -3.500612e-04 4.136004e-02 3.645817e+01 4.018740e-04 9.999991e-01 -1.244467e-03 -1.757023e+00 -4.135967e-02 1.260027e-03 9.991436e-01 2.462093e+01
9.991852e-01 4.307491e-04 -4.035790e-02 3.672833e+01 -3.811870e-04 9.999992e-01 1.235695e-03 -1.769906e+00 4.035850e-02 -1.219307e-03 9.991845e-01 2.484181e+01
9.992092e-01 -3.511273e-04 3.975978e-02 3.702044e+01 3.998554e-04 9.999992e-01 -1.217669e-03 -1.783284e+00 -3.975942e-02 1.232607e-03 9.992086e-01 2.504897e+01
9.993322e-01 4.458277e-04 -3.653589e-02 3.743339e+01 -4.058600e-04 9.999993e-01 1.101279e-03 -1.800153e+00 3.653645e-02 -1.085718e-03 9.993317e-01 2.525315e+01
9.991855e-01 -3.446797e-04 4.035305e-02 3.796700e+01 3.951824e-04 9.999991e-01 -1.243601e-03 -1.819463e+00 -4.035269e-02 1.258538e-03 9.991848e-01 2.529879e+01
9.992426e-01 4.256493e-04 -3.890932e-02 3.836510e+01 -3.794409e-04 9.999992e-01 1.194908e-03 -1.834790e+00 3.890989e-02 -1.179242e-03 9.992420e-01 2.536532e+01
9.991721e-01 -3.351924e-04 4.068340e-02 3.866573e+01 3.863580e-04 9.999991e-01 -1.249849e-03 -1.849135e+00 -4.068305e-02 1.264536e-03 9.991714e-01 2.563356e+01
9.993294e-01 3.902127e-04 -3.661286e-02 3.897276e+01 -3.481237e-04 9.999993e-01 1.155872e-03 -1.861693e+00 3.661339e-02 -1.142354e-03 9.993288e-01 2.575199e+01
9.993225e-01 -3.647494e-04 3.680331e-02 3.908637e+01 4.073626e-04 9.999993e-01 -1.150428e-03 -1.868814e+00 -3.680296e-02 1.164644e-03 9.993219e-01 2.588557e+01
9.993384e-01 4.345128e-04 -3.636585e-02 3.934080e+01 -3.932185e-04 9.999993e-01 1.142604e-03 -1.880680e+00 3.636642e-02 -1.127551e-03 9.993378e-01 2.605953e+01
9.987912e-01 -4.856615e-04 4.915346e-02 3.963381e+01 5.589701e-04 9.999988e-01 -1.477731e-03 -1.893728e+00 -4.915277e-02 1.503423e-03 9.987902e-01 2.624005e+01
9.995976e-01 3.114915e-04 -2.836215e-02 3.983952e+01 -2.868274e-04 9.999996e-01 8.735912e-04 -1.904342e+00 2.836251e-02 -8.651075e-04 9.995973e-01 2.639046e+01
9.990685e-01 -3.976996e-04 4.315105e-02 4.009261e+01 4.527661e-04 9.999991e-01 -1.266419e-03 -1.916000e+00 -4.315061e-02 1.284779e-03 9.990678e-01 2.653904e+01
9.996093e-01 2.658158e-04 -2.794735e-02 4.028776e+01 -2.424626e-04 9.999996e-01 8.389091e-04 -1.927571e+00 2.794766e-02 -8.318080e-04 9.996090e-01 2.680332e+01
9.990612e-01 -3.272019e-04 4.332135e-02 4.070637e+01 3.829701e-04 9.999991e-01 -1.279074e-03 -1.943804e+00 -4.332099e-02 1.294467e-03 9.990604e-01 2.691119e+01
9.994281e-01 3.242478e-04 -3.381162e-02 4.111029e+01 -2.900834e-04 9.999994e-01 1.015258e-03 -1.959196e+00 3.381203e-02 -1.004872e-03 9.994276e-01 2.700361e+01
9.992145e-01 -2.630695e-04 3.962807e-02 4.158421e+01 3.109687e-04 9.999992e-01 -1.202620e-03 -1.977319e+00 -3.962782e-02 1.214001e-03 9.992138e-01 2.714822e+01
9.996738e-01 1.751334e-04 -2.553883e-02 4.211523e+01 -1.549776e-04 9.999997e-01 7.910937e-04 -1.996754e+00 2.553906e-02 -7.868806e-04 9.996735e-01 2.721741e+01
9.991999e-01 -1.809739e-04 3.999564e-02 4.271560e+01 2.309701e-04 9.999992e-01 -1.245486e-03 -2.018585e+00 -3.999548e-02 1.253730e-03 9.991991e-01 2.731786e+01
9.996228e-01 1.185500e-04 -2.746250e-02 4.302547e+01 -9.380494e-05 9.999996e-01 9.022384e-04 -2.032441e+00 2.746269e-02 -8.993249e-04 9.996224e-01 2.751845e+01
9.995649e-01 -3.940421e-05 2.949891e-02 4.354984e+01 6.972633e-05 9.999995e-01 -1.026965e-03 -2.051898e+00 -2.949896e-02 1.028577e-03 9.995643e-01 2.758886e+01
9.995569e-01 1.738081e-04 -2.976275e-02 4.417879e+01 -1.453750e-04 9.999995e-01 9.573967e-04 -2.074788e+00 2.976300e-02 -9.526487e-04 9.995565e-01 2.767412e+01
9.995690e-01 -9.202146e-05 2.935918e-02 4.459029e+01 1.206466e-04 9.999995e-01 -9.733153e-04 -2.091303e+00 -2.935917e-02 9.764407e-04 9.995685e-01 2.782136e+01
9.995905e-01 1.935328e-04 -2.861156e-02 4.514921e+01 -1.677841e-04 9.999996e-01 9.022431e-04 -2.111818e+00 2.861183e-02 -8.970760e-04 9.995901e-01 2.787486e+01
9.994015e-01 -5.440075e-05 3.459288e-02 4.582283e+01 9.313294e-05 9.999994e-01 -1.118121e-03 -2.136630e+00 -3.459290e-02 1.120677e-03 9.994009e-01 2.804316e+01
9.995406e-01 1.928796e-04 -3.030718e-02 4.632316e+01 -1.638467e-04 9.999995e-01 9.603416e-04 -2.158203e+00 3.030745e-02 -9.549375e-04 9.995401e-01 2.839232e+01
9.994163e-01 -8.807758e-05 3.416232e-02 4.678469e+01 1.261763e-04 9.999994e-01 -1.113148e-03 -2.177156e+00 -3.416230e-02 1.116812e-03 9.994157e-01 2.863934e+01
9.994123e-01 1.910235e-04 -3.427710e-02 4.700368e+01 -1.525441e-04 9.999994e-01 1.125130e-03 -2.191132e+00 3.427740e-02 -1.119243e-03 9.994117e-01 2.902308e+01
9.993953e-01 -8.189482e-05 3.477340e-02 4.721790e+01 1.215937e-04 9.999993e-01 -1.139604e-03 -2.205660e+00 -3.477339e-02 1.143146e-03 9.993946e-01 2.944789e+01
9.994059e-01 2.219512e-04 -3.446353e-02 4.758136e+01 -1.830129e-04 9.999993e-01 1.132912e-03 -2.223588e+00 3.446386e-02 -1.125935e-03 9.994053e-01 2.981916e+01
9.994209e-01 -7.987544e-05 3.402882e-02 4.799035e+01 1.180582e-04 9.999994e-01 -1.120138e-03 -2.241948e+00 -3.402881e-02 1.123510e-03 9.994203e-01 3.012377e+01
9.993656e-01 2.172468e-04 -3.561321e-02 4.831738e+01 -1.754523e-04 9.999993e-01 1.176611e-03 -2.258801e+00 3.561354e-02 -1.169619e-03 9.993649e-01 3.050171e+01
9.994123e-01 -9.216657e-05 3.428096e-02 4.855265e+01 1.304951e-04 9.999994e-01 -1.115908e-03 -2.274064e+00 -3.428094e-02 1.119729e-03 9.994117e-01 3.093801e+01
9.994408e-01 1.741664e-04 -3.343592e-02 4.885917e+01 -1.379675e-04 9.999994e-01 1.084856e-03 -2.288462e+00 3.343619e-02 -1.079640e-03 9.994402e-01 3.117935e+01
9.994437e-01 -5.995270e-05 3.335163e-02 4.934083e+01 9.692262e-05 9.999994e-01 -1.106950e-03 -2.307407e+00 -3.335165e-02 1.109569e-03 9.994431e-01 3.133890e+01
9.994203e-01 2.338232e-04 -3.404396e-02 4.984770e+01 -1.957457e-04 9.999994e-01 1.121728e-03 -2.328767e+00 3.404430e-02 -1.114417e-03 9.994197e-01 3.164173e+01
9.994385e-01 -1.033381e-04 3.350901e-02 5.027564e+01 1.408770e-04 9.999994e-01 -1.117979e-03 -2.346903e+00 -3.350897e-02 1.122075e-03 9.994378e-01 3.188422e+01
9.994187e-01 2.152681e-04 -3.408869e-02 5.041258e+01 -1.757646e-04 9.999993e-01 1.161756e-03 -2.360953e+00 3.408901e-02 -1.155092e-03 9.994181e-01 3.240069e+01
9.994456e-01 -8.783801e-05 3.329610e-02 5.043868e+01 1.237638e-04 9.999994e-01 -1.076995e-03 -2.375299e+00 -3.329608e-02 1.080522e-03 9.994450e-01 3.306290e+01
9.994187e-01 2.093265e-04 -3.409024e-02 5.048015e+01 -1.698605e-04 9.999993e-01 1.160503e-03 -2.389181e+00 3.409056e-02 -1.154041e-03 9.994180e-01 3.368644e+01
9.994565e-01 -1.233984e-04 3.296596e-02 5.052667e+01 1.590818e-04 9.999994e-01 -1.079888e-03 -2.401664e+00 -3.296590e-02 1.084548e-03 9.994559e-01 3.423299e+01
9.994136e-01 2.226197e-04 -3.423817e-02 5.058469e+01 -1.825382e-04 9.999993e-01 1.173709e-03 -2.414992e+00 3.423850e-02 -1.166774e-03 9.994130e-01 3.481065e+01
9.994484e-01 -1.060502e-04 3.321189e-02 5.063243e+01 1.419318e-04 9.999994e-01 -1.078102e-03 -2.429195e+00 -3.321185e-02 1.082224e-03 9.994478e-01 3.544549e+01
9.993240e-01 2.116712e-04 -3.676127e-02 5.075750e+01 -1.661648e-04 9.999992e-01 1.240867e-03 -2.442595e+00 3.676160e-02 -1.233923e-03 9.993232e-01 3.594721e+01
9.993918e-01 -1.129340e-04 3.487186e-02 5.079817e+01 1.524069e-04 9.999994e-01 -1.129354e-03 -2.455080e+00 -3.487181e-02 1.133985e-03 9.993912e-01 3.649758e+01
9.992995e-01 1.834020e-04 -3.742258e-02 5.084672e+01 -1.369370e-04 9.999992e-01 1.244118e-03 -2.466734e+00 3.742288e-02 -1.238125e-03 9.992987e-01 3.699887e+01
9.993973e-01 -8.149102e-05 3.471356e-02 5.096842e+01 1.200509e-04 9.999994e-01 -1.108789e-03 -2.480099e+00 -3.471354e-02 1.112291e-03 9.993967e-01 3.750383e+01
9.991031e-01 2.865159e-04 -4.234224e-02 5.107184e+01 -2.274690e-04 9.999990e-01 1.399264e-03 -2.492103e+00 4.234269e-02 -1.388380e-03 9.991021e-01 3.795358e+01
9.994081e-01 -6.302239e-05 3.440192e-02 5.116034e+01 1.002710e-04 9.999994e-01 -1.081092e-03 -2.504204e+00 -3.440194e-02 1.083905e-03 9.994075e-01 3.842814e+01
9.990407e-01 3.494158e-04 -4.378994e-02 5.124035e+01 -2.859299e-04 9.999989e-01 1.455980e-03 -2.516311e+00 4.379050e-02 -1.442065e-03 9.990396e-01 3.891196e+01
9.994690e-01 -6.309136e-05 3.258394e-02 5.135635e+01 9.725970e-05 9.999994e-01 -1.047111e-03 -2.528298e+00 -3.258396e-02 1.049727e-03 9.994685e-01 3.934015e+01
9.987880e-01 5.591351e-04 -4.921459e-02 5.149286e+01 -4.775776e-04 9.999985e-01 1.668873e-03 -2.539254e+00 4.921555e-02 -1.643350e-03 9.987868e-01 3.967827e+01
9.992705e-01 -2.255739e-04 3.818927e-02 5.162438e+01 2.733656e-04 9.999992e-01 -1.246282e-03 -2.551745e+00 -3.818905e-02 1.255815e-03 9.992698e-01 4.011415e+01
9.990497e-01 4.363745e-04 -4.358209e-02 5.193898e+01 -3.736203e-04 9.999989e-01 1.447990e-03 -2.567136e+00 4.358277e-02 -1.430333e-03 9.990487e-01 4.041683e+01
9.991373e-01 -2.920863e-04 4.152804e-02 5.220821e+01 3.482516e-04 9.999990e-01 -1.345291e-03 -2.582811e+00 -4.152771e-02 1.358595e-03 9.991365e-01 4.082860e+01
9.990300e-01 4.019748e-04 -4.403260e-02 5.256811e+01 -3.397239e-04 9.999989e-01 1.421166e-03 -2.598217e+00 4.403322e-02 -1.404831e-03 9.990290e-01 4.102822e+01
9.990690e-01 -2.626478e-04 4.314192e-02 5.293648e+01 3.223347e-04 9.999990e-01 -1.376600e-03 -2.614841e+00 -4.314161e-02 1.389227e-03 9.990681e-01 4.129518e+01
9.990611e-01 4.406413e-04 -4.332094e-02 5.340402e+01 -3.806721e-04 9.999990e-01 1.392487e-03 -2.634927e+00 4.332161e-02 -1.374691e-03 9.990602e-01 4.159207e+01
9.989999e-01 -2.350313e-04 4.471343e-02 5.407901e+01 3.000490e-04 9.999989e-01 -1.447439e-03 -2.660141e+00 -4.471314e-02 1.459411e-03 9.989989e-01 4.177418e+01
9.991581e-01 4.278187e-04 -4.102178e-02 5.495418e+01 -3.758414e-04 9.999991e-01 1.274713e-03 -2.690110e+00 4.102239e-02 -1.258225e-03 9.991574e-01 4.177885e+01
9.988715e-01 -2.529118e-04 4.749440e-02 5.562220e+01 3.235477e-04 9.999989e-01 -1.479611e-03 -2.714685e+00 -4.749407e-02 1.493310e-03 9.988705e-01 4.196244e+01
9.990432e-01 4.337232e-04 -4.373218e-02 5.619408e+01 -3.744239e-04 9.999990e-01 1.364092e-03 -2.736480e+00 4.373282e-02 -1.346415e-03 9.990423e-01 4.215887e+01
9.989013e-01 -2.533501e-04 4.686321e-02 5.668638e+01 3.208332e-04 9.999989e-01 -1.432531e-03 -2.756559e+00 -4.686289e-02 1.445995e-03 9.989003e-01 4.241227e+01
9.990312e-01 4.354238e-04 -4.400323e-02 5.703614e+01 -3.756042e-04 9.999990e-01 1.367642e-03 -2.774673e+00 4.400388e-02 -1.349792e-03 9.990304e-01 4.282827e+01
9.989323e-01 -2.375082e-04 4.619933e-02 5.754412e+01 3.028906e-04 9.999990e-01 -1.408276e-03 -2.795775e+00 -4.619904e-02 1.420768e-03 9.989313e-01 4.311970e+01
9.990860e-01 4.234249e-04 -4.274131e-02 5.804626e+01 -3.680265e-04 9.999991e-01 1.303939e-03 -2.816688e+00 4.274192e-02 -1.287019e-03 9.990853e-01 4.342155e+01
9.990022e-01 -2.211073e-04 4.466194e-02 5.863740e+01 2.834065e-04 9.999990e-01 -1.388627e-03 -2.840321e+00 -4.466169e-02 1.399901e-03 9.990012e-01 4.370742e+01
9.990585e-01 4.763073e-04 -4.337911e-02 5.946383e+01 -4.189412e-04 9.999990e-01 1.331463e-03 -2.870362e+00 4.337980e-02 -1.312039e-03 9.990577e-01 4.390924e+01
9.989567e-01 -3.227343e-04 4.566625e-02 5.992144e+01 3.864923e-04 9.999990e-01 -1.387398e-03 -2.888870e+00 -4.566586e-02 1.403603e-03 9.989558e-01 4.412100e+01
9.991785e-01 4.472011e-04 -4.052253e-02 6.036639e+01 -3.985271e-04 9.999992e-01 1.209171e-03 -2.907169e+00 4.052314e-02 -1.192031e-03 9.991778e-01 4.435443e+01
9.990799e-01 -3.378997e-04 4.288642e-02 6.066681e+01 3.917032e-04 9.999991e-01 -1.246211e-03 -2.921373e+00 -4.288606e-02 1.261866e-03 9.990792e-01 4.462528e+01
9.991580e-01 4.542570e-04 -4.102328e-02 6.101475e+01 -4.064413e-04 9.999992e-01 1.173850e-03 -2.937345e+00 4.102388e-02 -1.156190e-03 9.991574e-01 4.490375e+01
9.988820e-01 -2.950093e-04 4.727244e-02 6.153800e+01 3.598592e-04 9.999990e-01 -1.363374e-03 -2.958575e+00 -4.727209e-02 1.378863e-03 9.988812e-01 4.518903e+01
9.990500e-01 4.523098e-04 -4.357476e-02 6.195026e+01 -3.973299e-04 9.999991e-01 1.270334e-03 -2.976587e+00 4.357540e-02 -1.251816e-03 9.990493e-01 4.547901e+01
9.990010e-01 -3.240231e-04 4.468662e-02 6.241380e+01 3.824593e-04 9.999991e-01 -1.299193e-03 -2.994893e+00 -4.468626e-02 1.314989e-03 9.990003e-01 4.563158e+01
9.990024e-01 4.156091e-04 -4.465309e-02 6.274920e+01 -3.584151e-04 9.999991e-01 1.288796e-03 -3.008891e+00 4.465368e-02 -1.271508e-03 9.990017e-01 4.577542e+01
9.990156e-01 -3.681169e-04 4.436053e-02 6.300487e+01 4.260100e-04 9.999991e-01 -1.295661e-03 -3.020305e+00 -4.436011e-02 1.313286e-03 9.990148e-01 4.590406e+01
9.990408e-01 4.569929e-04 -4.378510e-02 6.332582e+01 -4.012264e-04 9.999991e-01 1.282364e-03 -3.034093e+00 4.378574e-02 -1.263569e-03 9.990401e-01 4.607322e+01
9.990191e-01 -3.294831e-04 4.428030e-02 6.357503e+01 3.860892e-04 9.999991e-01 -1.269861e-03 -3.048557e+00 -4.427994e-02 1.285714e-03 9.990184e-01 4.643743e+01
9.990452e-01 4.596665e-04 -4.368417e-02 6.393781e+01 -4.046911e-04 9.999991e-01 1.267254e-03 -3.064900e+00 4.368481e-02 -1.248368e-03 9.990445e-01 4.669770e+01
9.989986e-01 -3.700888e-04 4.473981e-02 6.431575e+01 4.286908e-04 9.999991e-01 -1.300302e-03 -3.079775e+00 -4.473938e-02 1.318182e-03 9.989979e-01 4.677881e+01
9.990564e-01 4.699459e-04 -4.342889e-02 6.469785e+01 -4.151868e-04 9.999991e-01 1.269846e-03 -3.095347e+00 4.342955e-02 -1.250620e-03 9.990557e-01 4.692958e+01
9.990323e-01 -3.892515e-04 4.398076e-02 6.499490e+01 4.461142e-04 9.999991e-01 -1.283141e-03 -3.108372e+00 -4.398032e-02 1.301522e-03 9.990316e-01 4.708582e+01
9.990276e-01 5.113211e-04 -4.408482e-02 6.529544e+01 -4.544124e-04 9.999991e-01 1.300848e-03 -3.123118e+00 4.408555e-02 -1.279553e-03 9.990269e-01 4.737024e+01
9.991366e-01 -3.760062e-04 4.154489e-02 6.575745e+01 4.277590e-04 9.999991e-01 -1.236878e-03 -3.141597e+00 -4.154448e-02 1.253584e-03 9.991359e-01 4.757181e+01
9.990429e-01 5.728905e-04 -4.373627e-02 6.620258e+01 -5.151989e-04 9.999990e-01 1.330286e-03 -3.162159e+00 4.373709e-02 -1.306482e-03 9.990422e-01 4.795995e+01
9.991075e-01 -3.935029e-04 4.223909e-02 6.662577e+01 4.472519e-04 9.999991e-01 -1.263103e-03 -3.181398e+00 -4.223865e-02 1.280870e-03 9.991068e-01 4.830087e+01
9.990290e-01 4.887429e-04 -4.405344e-02 6.709798e+01 -4.351485e-04 9.999992e-01 1.226104e-03 -3.195980e+00 4.405410e-02 -1.205746e-03 9.990284e-01 4.803707e+01
9.991285e-01 -3.633173e-04 4.173841e-02 6.760301e+01 4.149146e-04 9.999992e-01 -1.227603e-03 -3.210375e+00 -4.173802e-02 1.243853e-03 9.991279e-01 4.767152e+01
9.990051e-01 4.699675e-04 -4.459247e-02 6.810505e+01 -4.168736e-04 9.999992e-01 1.199888e-03 -3.226202e+00 4.459310e-02 -1.180108e-03 9.990045e-01 4.745927e+01
9.991541e-01 -3.126010e-04 4.112319e-02 6.870144e+01 3.600906e-04 9.999993e-01 -1.147464e-03 -3.247530e+00 -4.112290e-02 1.161304e-03 9.991535e-01 4.751119e+01
9.989420e-01 5.005812e-04 -4.598474e-02 6.929347e+01 -4.452178e-04 9.999992e-01 1.214135e-03 -3.267270e+00 4.598541e-02 -1.192379e-03 9.989413e-01 4.741538e+01
9.991165e-01 -3.280364e-04 4.202674e-02 6.992330e+01 3.785068e-04 9.999992e-01 -1.193011e-03 -3.287708e+00 -4.202641e-02 1.207867e-03 9.991158e-01 4.725929e+01
9.989542e-01 5.466200e-04 -4.571729e-02 7.067774e+01 -4.907185e-04 9.999991e-01 1.233928e-03 -3.313443e+00 4.571802e-02 -1.210206e-03 9.989536e-01 4.724458e+01
9.990277e-01 -3.697602e-04 4.408527e-02 7.139348e+01 4.243613e-04 9.999992e-01 -1.229228e-03 -3.338816e+00 -4.408487e-02 1.246743e-03 9.990271e-01 4.731201e+01
9.988707e-01 4.780989e-04 -4.750804e-02 7.197025e+01 -4.210964e-04 9.999992e-01 1.209802e-03 -3.356274e+00 4.750868e-02 -1.188433e-03 9.988701e-01 4.701843e+01
9.991344e-01 -2.856976e-04 4.159834e-02 7.260881e+01 3.333333e-04 9.999993e-01 -1.138251e-03 -3.375903e+00 -4.159809e-02 1.151135e-03 9.991338e-01 4.676792e+01
9.989411e-01 4.780702e-04 -4.600339e-02 7.335308e+01 -4.250425e-04 9.999992e-01 1.162416e-03 -3.399689e+00 4.600401e-02 -1.141634e-03 9.989405e-01 4.658646e+01
9.991159e-01 -2.520839e-04 4.204172e-02 7.410663e+01 2.975360e-04 9.999994e-01 -1.074913e-03 -3.426119e+00 -4.204152e-02 1.086474e-03 9.991153e-01 4.666594e+01
9.989956e-01 4.266941e-04 -4.480618e-02 7.485261e+01 -3.789276e-04 9.999994e-01 1.074509e-03 -3.451157e+00 4.480671e-02 -1.056453e-03 9.989951e-01 4.658342e+01
9.990957e-01 -3.076770e-04 4.251861e-02 7.551628e+01 3.559112e-04 9.999993e-01 -1.126908e-03 -3.470560e+00 -4.251833e-02 1.141025e-03 9.990951e-01 4.618443e+01
9.989879e-01 4.478374e-04 -4.497636e-02 7.611197e+01 -3.977922e-04 9.999993e-01 1.121595e-03 -3.486643e+00 4.497693e-02 -1.102571e-03 9.989874e-01 4.568662e+01
9.991277e-01 -3.269813e-04 4.175988e-02 7.675275e+01 3.751187e-04 9.999993e-01 -1.144937e-03 -3.505326e+00 -4.175957e-02 1.159606e-03 9.991271e-01 4.530298e+01
9.990095e-01 3.938035e-04 -4.449439e-02 7.728289e+01 -3.431259e-04 9.999993e-01 1.146547e-03 -3.521868e+00 4.449491e-02 -1.130147e-03 9.990089e-01 4.506697e+01
9.991200e-01 -3.052565e-04 4.194381e-02 7.785429e+01 3.531362e-04 9.999993e-01 -1.134165e-03 -3.541196e+00 -4.194353e-02 1.147982e-03 9.991194e-01 4.498113e+01
9.989754e-01 4.046710e-04 -4.525323e-02 7.848118e+01 -3.540612e-04 9.999993e-01 1.126330e-03 -3.560673e+00 4.525375e-02 -1.109156e-03 9.989749e-01 4.473173e+01
9.990858e-01 -2.892787e-04 4.274979e-02 7.915970e+01 3.395673e-04 9.999993e-01 -1.169138e-03 -3.580649e+00 -4.274952e-02 1.182588e-03 9.990852e-01 4.433965e+01
9.989847e-01 3.982863e-04 -4.504785e-02 7.983128e+01 -3.487396e-04 9.999993e-01 1.107673e-03 -3.601575e+00 4.504836e-02 -1.090841e-03 9.989842e-01 4.406860e+01
9.990660e-01 -3.179850e-04 4.320972e-02 8.030458e+01 3.666238e-04 9.999993e-01 -1.117772e-03 -3.615896e+00 -4.320944e-02 1.132572e-03 9.990655e-01 4.377726e+01
9.989764e-01 3.830047e-04 -4.523270e-02 8.071128e+01 -3.325199e-04 9.999993e-01 1.123583e-03 -3.628829e+00 4.523319e-02 -1.107395e-03 9.989758e-01 4.357349e+01
