9.999462e-01 -3.001699e-06 1.037716e-02 4.685651e-01 6.203259e-06 1.000000e+00 -3.084893e-04 -1.788952e-02 -1.037716e-02 3.085366e-04 9.999462e-01 1.255579e-01
9.999971e-01 4.787546e-05 -2.422489e-03 9.531654e-01 -4.773065e-05 1.000000e+00 5.983231e-05 -3.658687e-02 2.422493e-03 -5.971609e-05 9.999970e-01 2.998002e-01
9.999668e-01 -1.673562e-05 8.149301e-03 1.381902e+00 1.881756e-05 1.000000e+00 -2.553993e-04 -5.455582e-02 -8.149299e-03 2.555438e-04 9.999669e-01 5.423370e-01
1.000000e+00 -2.914768e-06 1.855632e-04 1.791106e+00 2.921477e-06 1.000000e+00 -3.608663e-05 -7.159122e-02 -1.855598e-04 3.608754e-05 9.999999e-01 7.732189e-01
9.999253e-01 -1.463068e-04 1.222351e-02 2.057925e+00 1.501421e-04 9.999999e-01 -3.128514e-04 -8.495020e-02 -1.222346e-02 3.146629e-04 9.999253e-01 1.016288e+00
9.999907e-01 -1.139816e-05 4.305614e-03 2.320222e+00 1.207895e-05 1.000000e+00 -1.580890e-04 -9.462462e-02 -4.305606e-03 1.581398e-04 9.999906e-01 9.605323e-01
9.999967e-01 -1.526626e-06 -2.562269e-03 2.396489e+00 1.874635e-06 1.000000e+00 1.358217e-04 -9.715566e-02 2.562263e-03 -1.358264e-04 9.999968e-01 7.960325e-01
9.999873e-01 3.724089e-05 5.048069e-03 2.792199e+00 -3.615775e-05 1.000000e+00 -2.146529e-04 -1.121711e-01 -5.048070e-03 2.144679e-04 9.999871e-01 8.376657e-01
9.999776e-01 -4.242025e-06 -6.699594e-03 3.111431e+00 5.842407e-06 1.000000e+00 2.388592e-04 -1.260892e-01 6.699587e-03 -2.388933e-04 9.999776e-01 1.021555e+00
9.999954e-01 7.395758e-05 3.019211e-03 3.393851e+00 -7.346741e-05 1.000000e+00 -1.624599e-04 -1.385716e-01 -3.019217e-03 1.622376e-04 9.999953e-01 1.188007e+00
9.999882e-01 -3.576178e-05 -4.860348e-03 3.704797e+00 3.644239e-05 1.000000e+00 1.399472e-04 -1.504632e-01 4.860337e-03 -1.401229e-04 9.999883e-01 1.202638e+00
9.999976e-01 1.449110e-04 -2.190367e-03 3.681155e+00 -1.448083e-04 1.000000e+00 4.705710e-05 -1.519110e-01 2.190379e-03 -4.673950e-05 9.999975e-01 1.226455e+00
9.999946e-01 -6.499262e-05 -3.279087e-03 3.617238e+00 6.523668e-05 1.000000e+00 7.432392e-05 -1.504615e-01 3.279078e-03 -7.453776e-05 9.999947e-01 1.122734e+00
9.999775e-01 2.431295e-04 -6.699375e-03 3.510735e+00 -2.417183e-04 9.999999e-01 2.114490e-04 -1.510180e-01 6.699429e-03 -2.098245e-04 9.999774e-01 1.226534e+00
9.999860e-01 -2.317330e-04 5.281454e-03 3.503301e+00 2.325884e-04 1.000000e+00 -1.613424e-04 -1.601942e-01 -5.281420e-03 1.625682e-04 9.999861e-01 1.657236e+00
1.000000e+00 1.332503e-04 -1.766130e-04 3.571949e+00 -1.332499e-04 1.000000e+00 1.817587e-06 -1.683003e-01 1.766173e-04 -1.793714e-06 9.999999e-01 1.942041e+00
9.998247e-01 -3.343190e-04 1.872033e-02 3.786455e+00 3.456781e-04 9.999998e-01 -6.035465e-04 -1.779456e-01 -1.872013e-02 6.099117e-04 9.998247e-01 2.016808e+00
9.998056e-01 4.588404e-04 -1.971366e-02 3.900467e+00 -4.461196e-04 9.999997e-01 6.496714e-04 -1.831754e-01 1.971396e-02 -6.407501e-04 9.998054e-01 1.989164e+00
9.996752e-01 -4.440203e-04 2.548241e-02 3.985252e+00 4.637864e-04 9.999996e-01 -7.697747e-04 -1.886344e-01 -2.548207e-02 7.813428e-04 9.996751e-01 2.041357e+00
9.999178e-01 3.601476e-04 -1.281884e-02 4.194889e+00 -3.549485e-04 9.999999e-01 4.078573e-04 -2.006486e-01 1.281899e-02 -4.032735e-04 9.999177e-01 2.298931e+00
9.996171e-01 -4.769931e-04 2.766593e-02 4.551720e+00 5.001571e-04 9.999995e-01 -8.303591e-04 -2.161209e-01 -2.766553e-02 8.438783e-04 9.996170e-01 2.509822e+00
9.999724e-01 2.902924e-04 -7.419719e-03 4.859386e+00 -2.885456e-04 9.999999e-01 2.364922e-04 -2.293377e-01 7.419799e-03 -2.343447e-04 9.999723e-01 2.634128e+00
9.997210e-01 -4.805636e-04 2.361504e-02 5.068404e+00 4.982895e-04 9.999996e-01 -7.447418e-04 -2.400736e-01 -2.361469e-02 7.563011e-04 9.997209e-01 2.815345e+00
9.993365e-01 8.527202e-04 -3.641327e-02 5.086644e+00 -8.109377e-04 9.999990e-01 1.162206e-03 -2.408990e-01 3.641424e-02 -1.131906e-03 9.993360e-01 2.671568e+00
9.986790e-01 -9.780190e-04 5.137350e-02 5.125904e+00 1.058327e-03 9.999983e-01 -1.536041e-03 -2.422158e-01 -5.137192e-02 1.588382e-03 9.986784e-01 2.468419e+00
9.987470e-01 1.028053e-03 -5.003301e-02 5.274045e+00 -9.527970e-04 9.999984e-01 1.527950e-03 -2.500568e-01 5.003451e-02 -1.478364e-03 9.987463e-01 2.589377e+00
9.981367e-01 -1.032001e-03 6.100845e-02 5.386056e+00 1.141990e-03 9.999978e-01 -1.768005e-03 -2.530686e-01 -6.100650e-02 1.834382e-03 9.981358e-01 2.363761e+00
9.981710e-01 1.131649e-03 -6.044286e-02 5.525638e+00 -1.021644e-03 9.999978e-01 1.850841e-03 -2.589772e-01 6.044483e-02 -1.785705e-03 9.981698e-01 2.332555e+00
9.984771e-01 -8.823263e-04 5.516030e-02 5.716141e+00 9.731981e-04 9.999982e-01 -1.620574e-03 -2.713376e-01 -5.515879e-02 1.671788e-03 9.984763e-01 2.666611e+00
9.985222e-01 1.032977e-03 -5.433629e-02 6.018741e+00 -9.452787e-04 9.999982e-01 1.639672e-03 -2.860376e-01 5.433790e-02 -1.585886e-03 9.985212e-01 2.951118e+00
9.985421e-01 -9.022963e-04 5.397040e-02 6.232156e+00 9.895654e-04 9.999982e-01 -1.590279e-03 -2.990239e-01 -5.396888e-02 1.641368e-03 9.985414e-01 3.293585e+00
9.983995e-01 1.027349e-03 -5.654491e-02 6.386282e+00 -9.317751e-04 9.999981e-01 1.716575e-03 -3.101144e-01 5.654658e-02 -1.661141e-03 9.983985e-01 3.619186e+00
9.984208e-01 -9.077836e-04 5.616957e-02 6.656243e+00 1.002826e-03 9.999981e-01 -1.663898e-03 -3.231663e-01 -5.616797e-02 1.717598e-03 9.984200e-01 3.852296e+00
9.982434e-01 1.022898e-03 -5.923767e-02 6.837825e+00 -9.169672e-04 9.999979e-01 1.815390e-03 -3.333598e-01 5.923942e-02 -1.757882e-03 9.982422e-01 4.079178e+00
9.984752e-01 -9.036134e-04 5.519475e-02 7.002903e+00 9.955806e-04 9.999982e-01 -1.638757e-03 -3.437829e-01 -5.519318e-02 1.691209e-03 9.984744e-01 4.351610e+00
9.982074e-01 1.037505e-03 -5.984146e-02 7.049575e+00 -9.279210e-04 9.999978e-01 1.858996e-03 -3.536149e-01 5.984328e-02 -1.800135e-03 9.982061e-01 4.762298e+00
9.983486e-01 -8.759929e-04 5.744024e-02 7.354838e+00 9.786784e-04 9.999980e-01 -1.759585e-03 -3.667186e-01 -5.743860e-02 1.812895e-03 9.983475e-01 4.911519e+00
9.983395e-01 1.001621e-03 -5.759532e-02 7.820240e+00 -9.029375e-04 9.999981e-01 1.739395e-03 -3.832457e-01 5.759696e-02 -1.684502e-03 9.983384e-01 4.859698e+00
9.984152e-01 -8.591486e-04 5.627044e-02 8.264878e+00 9.575988e-04 9.999981e-01 -1.722651e-03 -3.997630e-01 -5.626887e-02 1.773805e-03 9.984142e-01 4.887828e+00
9.976249e-01 1.305410e-03 -6.886809e-02 8.581136e+00 -1.156109e-03 9.999969e-01 2.207735e-03 -4.138347e-01 6.887077e-02 -2.122872e-03 9.976232e-01 5.089450e+00
9.981349e-01 -9.738209e-04 6.103881e-02 8.899801e+00 1.089095e-03 9.999977e-01 -1.855291e-03 -4.289236e-01 -6.103687e-02 1.918308e-03 9.981338e-01 5.360203e+00
9.978988e-01 1.245936e-03 -6.478041e-02 9.468092e+00 -1.120912e-03 9.999974e-01 1.966272e-03 -4.496814e-01 6.478270e-02 -1.889527e-03 9.978975e-01 5.427532e+00
9.979708e-01 -9.788790e-04 6.366533e-02 1.013032e+01 1.103739e-03 9.999975e-01 -1.926054e-03 -4.736180e-01 -6.366330e-02 1.992416e-03 9.979695e-01 5.502935e+00
9.976978e-01 1.240337e-03 -6.780551e-02 1.061851e+01 -1.103762e-03 9.999973e-01 2.051643e-03 -4.920737e-01 6.780788e-02 -1.972079e-03 9.976963e-01 5.606085e+00
9.979962e-01 -8.972387e-04 6.326794e-02 1.107846e+01 1.017108e-03 9.999977e-01 -1.862449e-03 -5.096921e-01 -6.326614e-02 1.923067e-03 9.979949e-01 5.691842e+00
9.982534e-01 1.078341e-03 -5.906836e-02 1.163141e+01 -9.773572e-04 9.999980e-01 1.738466e-03 -5.305420e-01 5.907012e-02 -1.677698e-03 9.982523e-01 5.830851e+00
9.979591e-01 -8.948995e-04 6.385025e-02 1.221943e+01 1.016176e-03 9.999977e-01 -1.866946e-03 -5.522751e-01 -6.384845e-02 1.928018e-03 9.979578e-01 5.949856e+00
9.974338e-01 1.254161e-03 -7.158421e-02 1.247321e+01 -1.099581e-03 9.999970e-01 2.198788e-03 -5.642923e-01 7.158676e-02 -2.114433e-03 9.974320e-01 6.135665e+00
9.977069e-01 -1.000811e-03 6.767504e-02 1.262692e+01 1.136440e-03 9.999974e-01 -1.965651e-03 -5.755298e-01 -6.767291e-02 2.038052e-03 9.977056e-01 6.464330e+00
9.976576e-01 1.201964e-03 -6.839471e-02 1.287276e+01 -1.063114e-03 9.999973e-01 2.066488e-03 -5.903588e-01 6.839702e-02 -1.988936e-03 9.976561e-01 6.846524e+00
9.979935e-01 -8.882591e-04 6.330950e-02 1.325783e+01 1.008162e-03 9.999978e-01 -1.861996e-03 -6.071637e-01 -6.330771e-02 1.922086e-03 9.979923e-01 7.089688e+00
9.973581e-01 1.335326e-03 -7.262884e-02 1.365003e+01 -1.174807e-03 9.999968e-01 2.252800e-03 -6.246619e-01 7.263162e-02 -2.161524e-03 9.973564e-01 7.374732e+00
9.978665e-01 -9.104473e-04 6.528051e-02 1.414927e+01 1.039940e-03 9.999976e-01 -1.949680e-03 -6.457234e-01 -6.527858e-02 2.013408e-03 9.978651e-01 7.679950e+00
9.963123e-01 1.740608e-03 -8.578368e-02 1.457752e+01 -1.502190e-03 9.999948e-01 2.843764e-03 -6.634339e-01 8.578819e-02 -2.704413e-03 9.963096e-01 7.896455e+00
9.984592e-01 -7.896528e-04 5.548490e-02 1.485158e+01 8.762983e-04 9.999984e-01 -1.537293e-03 -6.767211e-01 -5.548360e-02 1.583545e-03 9.984584e-01 8.098069e+00
9.950533e-01 2.194705e-03 -9.931814e-02 1.499492e+01 -1.859452e-03 9.999923e-01 3.467987e-03 -6.860174e-01 9.932498e-02 -3.266154e-03 9.950496e-01 8.263464e+00
9.985620e-01 -8.163159e-04 5.360211e-02 1.511409e+01 8.960439e-04 9.999985e-01 -1.463390e-03 -6.943786e-01 -5.360083e-02 1.509315e-03 9.985614e-01 8.407966e+00
9.947811e-01 2.287477e-03 -1.020070e-01 1.521022e+01 -1.933483e-03 9.999918e-01 3.569022e-03 -7.024269e-01 1.020143e-01 -3.353165e-03 9.947772e-01 8.577445e+00
9.985727e-01 -8.498533e-04 5.340223e-02 1.531117e+01 9.275796e-04 9.999985e-01 -1.430723e-03 -7.106155e-01 -5.340092e-02 1.478215e-03 9.985722e-01 8.746459e+00
9.955607e-01 2.192926e-03 -9.409628e-02 1.552196e+01 -1.892784e-03 9.999928e-01 3.278864e-03 -7.228761e-01 9.410278e-02 -3.086202e-03 9.955576e-01 9.002092e+00
9.983274e-01 -1.013656e-03 5.780388e-02 1.572266e+01 1.108025e-03 9.999981e-01 -1.600548e-03 -7.348145e-01 -5.780212e-02 1.661918e-03 9.983268e-01 9.256731e+00
9.953488e-01 2.343362e-03 -9.630858e-02 1.596290e+01 -2.026223e-03 9.999922e-01 3.390616e-03 -7.483547e-01 9.631574e-02 -3.179701e-03 9.953457e-01 9.543183e+00
9.979758e-01 -1.209896e-03 6.358379e-02 1.616272e+01 1.330369e-03 9.999974e-01 -1.852405e-03 -7.603049e-01 -6.358136e-02 1.933243e-03 9.979749e-01 9.808023e+00
9.949688e-01 2.407068e-03 -1.001563e-01 1.628823e+01 -2.062925e-03 9.999916e-01 3.539493e-03 -7.709425e-01 1.001639e-01 -3.315069e-03 9.949653e-01 1.011613e+01
9.977749e-01 -1.246629e-03 6.666152e-02 1.640781e+01 1.378668e-03 9.999972e-01 -1.934778e-03 -7.816396e-01 -6.665888e-02 2.022375e-03 9.977739e-01 1.044511e+01
9.943349e-01 2.536904e-03 -1.062620e-01 1.651700e+01 -2.150192e-03 9.999906e-01 3.753635e-03 -7.913756e-01 1.062704e-01 -3.503884e-03 9.943310e-01 1.071860e+01
9.983012e-01 -1.083736e-03 5.825405e-02 1.657178e+01 1.177843e-03 9.999981e-01 -1.581161e-03 -7.991866e-01 -5.825218e-02 1.647087e-03 9.983006e-01 1.094907e+01
9.937563e-01 2.686753e-03 -1.115397e-01 1.662149e+01 -2.264664e-03 9.999898e-01 3.910727e-03 -8.059978e-01 1.115490e-01 -3.633707e-03 9.937522e-01 1.110928e+01
9.980117e-01 -1.204182e-03 6.301752e-02 1.670231e+01 1.315814e-03 9.999976e-01 -1.729983e-03 -8.136084e-01 -6.301523e-02 1.809460e-03 9.980110e-01 1.127306e+01
9.941685e-01 2.615492e-03 -1.078059e-01 1.677990e+01 -2.227462e-03 9.999906e-01 3.719591e-03 -8.206705e-01 1.078146e-01 -3.457764e-03 9.941649e-01 1.141263e+01
9.976110e-01 -1.325506e-03 6.906871e-02 1.689789e+01 1.460372e-03 9.999971e-01 -1.902191e-03 -8.289664e-01 -6.906593e-02 1.998510e-03 9.976102e-01 1.156424e+01
9.939275e-01 2.665826e-03 -1.100044e-01 1.693280e+01 -2.267175e-03 9.999904e-01 3.748866e-03 -8.343149e-01 1.100133e-01 -3.476699e-03 9.939239e-01 1.167918e+01
9.975264e-01 -1.368731e-03 7.027972e-02 1.701026e+01 1.506000e-03 9.999971e-01 -1.900260e-03 -8.413058e-01 -7.027684e-02 2.001397e-03 9.975256e-01 1.182312e+01
9.988929e-01 1.212781e-03 -4.702735e-02 1.732954e+01 -1.156006e-03 9.999986e-01 1.234415e-03 -8.549229e-01 4.702872e-02 -1.178682e-03 9.988928e-01 1.192032e+01
9.962736e-01 -1.498529e-03 8.623658e-02 1.768990e+01 1.708027e-03 9.999958e-01 -2.355621e-03 -8.695863e-01 -8.623263e-02 2.494135e-03 9.962720e-01 1.198673e+01
9.990972e-01 1.124025e-03 -4.246869e-02 1.786037e+01 -1.079824e-03 9.999989e-01 1.063689e-03 -8.783410e-01 4.246977e-02 -1.016867e-03 9.990971e-01 1.202964e+01
9.967129e-01 -1.399343e-03 8.100243e-02 1.811330e+01 1.579919e-03 9.999964e-01 -2.165229e-03 -8.883969e-01 -8.099905e-02 2.286087e-03 9.967116e-01 1.197069e+01
9.992060e-01 1.060470e-03 -3.982870e-02 1.827325e+01 -1.022668e-03 9.999990e-01 9.694761e-04 -8.954032e-01 3.982964e-02 -9.279721e-04 9.992060e-01 1.189664e+01
9.968938e-01 -1.374717e-03 7.874604e-02 1.840126e+01 1.543402e-03 9.999966e-01 -2.081334e-03 -9.011789e-01 -7.874287e-02 2.196403e-03 9.968926e-01 1.179650e+01
9.990768e-01 1.126501e-03 -4.294504e-02 1.869289e+01 -1.083280e-03 9.999989e-01 1.029682e-03 -9.125374e-01 4.294611e-02 -9.822079e-04 9.990768e-01 1.174099e+01
9.969113e-01 -1.387089e-03 7.852402e-02 1.900263e+01 1.552990e-03 9.999967e-01 -2.051714e-03 -9.248512e-01 -7.852087e-02 2.167321e-03 9.969102e-01 1.172192e+01
9.984804e-01 1.306826e-03 -5.509226e-02 1.938687e+01 -1.230909e-03 9.999982e-01 1.411892e-03 -9.399093e-01 5.509397e-02 -1.341930e-03 9.984802e-01 1.178592e+01
9.964775e-01 -1.466427e-03 8.384821e-02 1.968455e+01 1.655910e-03 9.999962e-01 -2.190336e-03 -9.513505e-01 -8.384465e-02 2.321464e-03 9.964762e-01 1.175102e+01
9.982441e-01 1.376160e-03 -5.921762e-02 2.011503e+01 -1.289128e-03 9.999980e-01 1.507875e-03 -9.672562e-01 5.921954e-02 -1.428886e-03 9.982439e-01 1.174340e+01
9.962971e-01 -1.499873e-03 8.596447e-02 2.047443e+01 1.697848e-03 9.999961e-01 -2.229920e-03 -9.815459e-01 -8.596076e-02 2.367615e-03 9.962958e-01 1.180470e+01
9.983641e-01 1.319508e-03 -5.716160e-02 2.080190e+01 -1.239817e-03 9.999982e-01 1.429564e-03 -9.945552e-01 5.716335e-02 -1.356353e-03 9.983638e-01 1.183313e+01
9.974654e-01 -1.283159e-03 7.114106e-02 2.109976e+01 1.413088e-03 9.999974e-01 -1.776065e-03 -1.006839e+00 -7.113856e-02 1.872090e-03 9.974648e-01 1.192657e+01
9.971296e-01 1.534920e-03 -7.569828e-02 2.121868e+01 -1.386372e-03 9.999970e-01 2.014884e-03 -1.014213e+00 7.570111e-02 -1.904152e-03 9.971286e-01 1.207474e+01
9.980555e-01 -1.112272e-03 6.232101e-02 2.125406e+01 1.206537e-03 9.999982e-01 -1.474973e-03 -1.018109e+00 -6.231923e-02 1.547295e-03 9.980552e-01 1.213635e+01
9.961431e-01 1.946363e-03 -8.772210e-02 2.141184e+01 -1.728667e-03 9.999952e-01 2.557558e-03 -1.026784e+00 8.772663e-02 -2.396049e-03 9.961416e-01 1.225989e+01
9.979392e-01 -1.237629e-03 6.415417e-02 2.149323e+01 1.340330e-03 9.999979e-01 -1.557839e-03 -1.032458e+00 -6.415207e-02 1.640615e-03 9.979389e-01 1.232473e+01
9.956216e-01 2.169146e-03 -9.345018e-02 2.156356e+01 -1.914549e-03 9.999942e-01 2.813979e-03 -1.037758e+00 9.345571e-02 -2.622741e-03 9.956199e-01 1.238083e+01
9.979873e-01 -1.251637e-03 6.340222e-02 2.158448e+01 1.350736e-03 9.999979e-01 -1.520195e-03 -1.041131e+00 -6.340015e-02 1.602772e-03 9.979870e-01 1.240444e+01
9.961049e-01 2.031407e-03 -8.815229e-02 2.160388e+01 -1.814647e-03 9.999951e-01 2.538993e-03 -1.043421e+00 8.815698e-02 -2.369136e-03 9.961037e-01 1.235190e+01
9.977279e-01 -1.363848e-03 6.735861e-02 2.170517e+01 1.479062e-03 9.999975e-01 -1.660637e-03 -1.047749e+00 -6.735614e-02 1.756489e-03 9.977275e-01 1.226498e+01
9.968699e-01 1.788138e-03 -7.903932e-02 2.162205e+01 -1.624973e-03 9.999964e-01 2.128625e-03 -1.045298e+00 7.904279e-02 -1.993523e-03 9.968691e-01 1.212355e+01
9.971176e-01 -1.599241e-03 7.585538e-02 2.150059e+01 1.753425e-03 9.999965e-01 -1.966058e-03 -1.040720e+00 -7.585192e-02 2.093395e-03 9.971170e-01 1.190748e+01
9.972050e-01 1.736312e-03 -7.469344e-02 2.151507e+01 -1.586487e-03 9.999966e-01 2.065158e-03 -1.040922e+00 7.469673e-02 -1.940883e-03 9.972043e-01 1.172306e+01
9.971646e-01 -1.594700e-03 7.523413e-02 2.136340e+01 1.746838e-03 9.999966e-01 -1.956448e-03 -1.034740e+00 -7.523070e-02 2.082320e-03 9.971641e-01 1.145321e+01
9.971619e-01 1.726553e-03 -7.526703e-02 2.117610e+01 -1.575244e-03 9.999966e-01 2.069618e-03 -1.028591e+00 7.527030e-02 -1.945178e-03 9.971612e-01 1.127094e+01
9.971619e-01 -1.600102e-03 7.527072e-02 2.104726e+01 1.751970e-03 9.999966e-01 -1.951647e-03 -1.025181e+00 -7.526729e-02 2.077978e-03 9.971613e-01 1.116016e+01
9.972666e-01 1.761266e-03 -7.386565e-02 2.115659e+01 -1.613522e-03 9.999966e-01 2.059783e-03 -1.028251e+00 7.386898e-02 -1.934967e-03 9.972660e-01 1.096160e+01
9.971734e-01 -1.604005e-03 7.511791e-02 2.135633e+01 1.756674e-03 9.999965e-01 -1.966362e-03 -1.034990e+00 -7.511445e-02 2.092759e-03 9.971728e-01 1.082954e+01
9.972079e-01 1.770200e-03 -7.465424e-02 2.171131e+01 -1.622765e-03 9.999966e-01 2.035500e-03 -1.047321e+00 7.465755e-02 -1.908668e-03 9.972073e-01 1.073850e+01
9.971977e-01 -1.600534e-03 7.479377e-02 2.204880e+01 1.751136e-03 9.999966e-01 -1.948040e-03 -1.060133e+00 -7.479035e-02 2.073553e-03 9.971972e-01 1.075024e+01
9.971670e-01 1.764872e-03 -7.519845e-02 2.231100e+01 -1.615979e-03 9.999966e-01 2.040786e-03 -1.069890e+00 7.520175e-02 -1.913483e-03 9.971664e-01 1.070887e+01
9.968761e-01 -1.631060e-03 7.896511e-02 2.258473e+01 1.795527e-03 9.999964e-01 -2.011833e-03 -1.080796e+00 -7.896149e-02 2.147330e-03 9.968754e-01 1.075771e+01
9.974053e-01 1.762180e-03 -7.196860e-02 2.290606e+01 -1.627507e-03 9.999968e-01 1.929858e-03 -1.095483e+00 7.197173e-02 -1.807719e-03 9.974049e-01 1.099582e+01
9.966524e-01 -1.700217e-03 8.173760e-02 2.315769e+01 1.874286e-03 9.999961e-01 -2.052930e-03 -1.107715e+00 -8.173375e-02 2.199255e-03 9.966519e-01 1.118883e+01
9.970688e-01 1.830323e-03 -7.648819e-02 2.341402e+01 -1.681656e-03 9.999966e-01 2.008016e-03 -1.117321e+00 7.649156e-02 -1.873501e-03 9.970684e-01 1.117259e+01
9.972839e-01 -1.617314e-03 7.363506e-02 2.363678e+01 1.756876e-03 9.999968e-01 -1.830598e-03 -1.125752e+00 -7.363182e-02 1.954992e-03 9.972837e-01 1.113230e+01
9.973043e-01 1.756422e-03 -7.335561e-02 2.380486e+01 -1.618113e-03 9.999968e-01 1.944843e-03 -1.133269e+00 7.335875e-02 -1.820900e-03 9.973039e-01 1.117111e+01
9.971713e-01 -1.624826e-03 7.514523e-02 2.396177e+01 1.768392e-03 9.999967e-01 -1.844021e-03 -1.141277e+00 -7.514195e-02 1.971689e-03 9.971710e-01 1.127543e+01
9.973359e-01 1.756235e-03 -7.292512e-02 2.404379e+01 -1.619556e-03 9.999968e-01 1.933323e-03 -1.149501e+00 7.292824e-02 -1.810064e-03 9.973355e-01 1.154127e+01
9.973693e-01 -1.637609e-03 7.246981e-02 2.395730e+01 1.774531e-03 9.999968e-01 -1.825041e-03 -1.151038e+00 -7.246654e-02 1.948837e-03 9.973690e-01 1.167166e+01
9.973782e-01 1.771231e-03 -7.234411e-02 2.396792e+01 -1.635290e-03 9.999968e-01 1.938263e-03 -1.158525e+00 7.234726e-02 -1.814876e-03 9.973778e-01 1.200043e+01
9.972694e-01 -1.643529e-03 7.383105e-02 2.393056e+01 1.784882e-03 9.999967e-01 -1.848617e-03 -1.165673e+00 -7.382772e-02 1.975347e-03 9.972691e-01 1.236851e+01
9.976574e-01 1.719352e-03 -6.838706e-02 2.400978e+01 -1.597556e-03 9.999970e-01 1.835622e-03 -1.171930e+00 6.838997e-02 -1.722067e-03 9.976571e-01 1.250472e+01
9.972263e-01 -1.619132e-03 7.441214e-02 2.422107e+01 1.763042e-03 9.999967e-01 -1.868320e-03 -1.180901e+00 -7.440883e-02 1.994327e-03 9.972259e-01 1.255887e+01
9.979469e-01 1.642443e-03 -6.402615e-02 2.440535e+01 -1.537672e-03 9.999974e-01 1.685615e-03 -1.190164e+00 6.402871e-02 -1.583701e-03 9.979467e-01 1.267290e+01
9.972084e-01 -1.608805e-03 7.465073e-02 2.469882e+01 1.752663e-03 9.999967e-01 -1.861615e-03 -1.203032e+00 -7.464745e-02 1.987253e-03 9.972081e-01 1.281692e+01
9.978530e-01 1.667151e-03 -6.547147e-02 2.491981e+01 -1.559258e-03 9.999973e-01 1.698999e-03 -1.211669e+00 6.547409e-02 -1.593262e-03 9.978529e-01 1.281109e+01
9.977194e-01 -1.588009e-03 6.748004e-02 2.494104e+01 1.703540e-03 9.999972e-01 -1.654565e-03 -1.215786e+00 -6.747718e-02 1.765744e-03 9.977193e-01 1.291594e+01
9.979359e-01 1.659652e-03 -6.419668e-02 2.508260e+01 -1.555195e-03 9.999974e-01 1.677075e-03 -1.223304e+00 6.419926e-02 -1.573772e-03 9.979358e-01 1.301481e+01
9.978532e-01 -1.529308e-03 6.547205e-02 2.520161e+01 1.637713e-03 9.999974e-01 -1.602111e-03 -1.235647e+00 -6.546939e-02 1.705894e-03 9.978532e-01 1.346283e+01
9.980153e-01 1.643029e-03 -6.295019e-02 2.535421e+01 -1.544315e-03 9.999975e-01 1.616746e-03 -1.247769e+00 6.295265e-02 -1.516320e-03 9.980153e-01 1.385073e+01
9.971490e-01 -1.581230e-03 7.544165e-02 2.557904e+01 1.726438e-03 9.999968e-01 -1.859600e-03 -1.261741e+00 -7.543843e-02 1.984541e-03 9.971486e-01 1.421398e+01
9.982050e-01 1.553932e-03 -5.986870e-02 2.587311e+01 -1.466989e-03 9.999978e-01 1.496149e-03 -1.276603e+00 5.987085e-02 -1.405635e-03 9.982050e-01 1.450759e+01
9.971099e-01 -1.573321e-03 7.595613e-02 2.610979e+01 1.719230e-03 9.999968e-01 -1.855620e-03 -1.290005e+00 -7.595293e-02 1.980841e-03 9.971095e-01 1.480160e+01
9.978062e-01 1.660886e-03 -6.618248e-02 2.641899e+01 -1.553593e-03 9.999974e-01 1.672591e-03 -1.305961e+00 6.618506e-02 -1.566099e-03 9.978060e-01 1.514190e+01
9.971515e-01 -1.541563e-03 7.540924e-02 2.674332e+01 1.685326e-03 9.999969e-01 -1.842853e-03 -1.322477e+00 -7.540613e-02 1.964691e-03 9.971511e-01 1.549546e+01
9.980759e-01 1.586513e-03 -6.198407e-02 2.721237e+01 -1.495213e-03 9.999977e-01 1.519307e-03 -1.342186e+00 6.198631e-02 -1.423702e-03 9.980759e-01 1.576720e+01
9.965294e-01 -1.611216e-03 8.322554e-02 2.751725e+01 1.787713e-03 9.999963e-01 -2.046240e-03 -1.358220e+00 -8.322191e-02 2.187920e-03 9.965287e-01 1.610555e+01
9.986633e-01 1.344256e-03 -5.167110e-02 2.774111e+01 -1.287061e-03 9.999985e-01 1.140165e-03 -1.371830e+00 5.167253e-02 -1.072136e-03 9.986634e-01 1.640553e+01
9.963398e-01 -1.545091e-03 8.546712e-02 2.796447e+01 1.731259e-03 9.999963e-01 -2.104180e-03 -1.385013e+00 -8.546353e-02 2.244442e-03 9.963389e-01 1.666432e+01
9.981701e-01 1.399646e-03 -6.045243e-02 2.813341e+01 -1.315617e-03 9.999981e-01 1.429783e-03 -1.397991e+00 6.045430e-02 -1.347633e-03 9.981700e-01 1.702665e+01
9.961998e-01 -1.559678e-03 8.708389e-02 2.832271e+01 1.752884e-03 9.999962e-01 -2.142207e-03 -1.411351e+00 -8.708020e-02 2.286713e-03 9.961988e-01 1.737644e+01
9.979300e-01 1.459590e-03 -6.429342e-02 2.852823e+01 -1.362573e-03 9.999979e-01 1.552791e-03 -1.425102e+00 6.429553e-02 -1.461971e-03 9.979297e-01 1.773520e+01
9.962816e-01 -1.478722e-03 8.614362e-02 2.886952e+01 1.666312e-03 9.999964e-01 -2.105773e-03 -1.440904e+00 -8.614018e-02 2.241483e-03 9.962806e-01 1.797665e+01
9.975508e-01 1.531901e-03 -6.992879e-02 2.920908e+01 -1.414527e-03 9.999975e-01 1.727975e-03 -1.458158e+00 6.993125e-02 -1.624825e-03 9.975504e-01 1.833338e+01
9.959523e-01 -1.553671e-03 8.987000e-02 2.949441e+01 1.758460e-03 9.999960e-01 -2.199593e-03 -1.473238e+00 -8.986621e-02 2.348721e-03 9.959512e-01 1.863887e+01
9.976926e-01 1.507846e-03 -6.787572e-02 2.980674e+01 -1.400672e-03 9.999977e-01 1.626533e-03 -1.489037e+00 6.787800e-02 -1.527707e-03 9.976924e-01 1.894026e+01
9.958294e-01 -1.593708e-03 9.122080e-02 3.003318e+01 1.804150e-03 9.999959e-01 -2.224540e-03 -1.504256e+00 -9.121687e-02 2.379837e-03 9.958283e-01 1.935227e+01
9.981562e-01 1.419239e-03 -6.068051e-02 3.020889e+01 -1.339377e-03 9.999982e-01 1.356765e-03 -1.518076e+00 6.068232e-02 -1.272988e-03 9.981562e-01 1.973669e+01
9.963513e-01 -1.544898e-03 8.533231e-02 3.040666e+01 1.723032e-03 9.999965e-01 -2.013920e-03 -1.531948e+00 -8.532890e-02 2.153601e-03 9.963506e-01 2.010953e+01
9.980083e-01 1.491057e-03 -6.306568e-02 3.068978e+01 -1.404362e-03 9.999980e-01 1.418978e-03 -1.546800e+00 6.306767e-02 -1.327584e-03 9.980083e-01 2.040733e+01
9.968394e-01 -1.456231e-03 7.942989e-02 3.078657e+01 1.603443e-03 9.999971e-01 -1.789602e-03 -1.560930e+00 -7.942705e-02 1.911306e-03 9.968389e-01 2.093925e+01
9.976308e-01 1.552894e-03 -6.877754e-02 3.084629e+01 -1.447443e-03 9.999977e-01 1.583020e-03 -1.577379e+00 6.877984e-02 -1.479717e-03 9.976307e-01 2.165124e+01
9.965478e-01 -1.458100e-03 8.300840e-02 3.097307e+01 1.617899e-03 9.999970e-01 -1.857856e-03 -1.594789e+00 -8.300544e-02 1.985741e-03 9.965472e-01 2.233610e+01
9.977322e-01 1.509479e-03 -6.729170e-02 3.130162e+01 -1.413453e-03 9.999979e-01 1.474604e-03 -1.612593e+00 6.729379e-02 -1.376145e-03 9.977322e-01 2.275191e+01
9.966402e-01 -1.445293e-03 8.189176e-02 3.158410e+01 1.598369e-03 9.999971e-01 -1.803721e-03 -1.629391e+00 -8.188892e-02 1.928553e-03 9.966397e-01 2.319057e+01
9.975953e-01 1.510214e-03 -6.929095e-02 3.183008e+01 -1.408314e-03 9.999979e-01 1.519436e-03 -1.645155e+00 6.929310e-02 -1.418198e-03 9.975952e-01 2.362888e+01
9.960277e-01 -1.527487e-03 8.903095e-02 3.195310e+01 1.711143e-03 9.999966e-01 -1.986545e-03 -1.658077e+00 -8.902762e-02 2.130998e-03 9.960270e-01 2.406729e+01
9.971365e-01 1.556362e-03 -7.560622e-02 3.204616e+01 -1.430840e-03 9.999975e-01 1.714348e-03 -1.670536e+00 7.560872e-02 -1.601258e-03 9.971362e-01 2.453321e+01
9.957478e-01 -1.539392e-03 9.210860e-02 3.224847e+01 1.736044e-03 9.999964e-01 -2.054908e-03 -1.680842e+00 -9.210511e-02 2.206074e-03 9.957469e-01 2.469621e+01
9.967632e-01 1.586049e-03 -8.037795e-02 3.227324e+01 -1.439335e-03 9.999972e-01 1.883207e-03 -1.683923e+00 8.038073e-02 -1.761420e-03 9.967626e-01 2.473989e+01
9.958762e-01 -1.502531e-03 9.070964e-02 3.232856e+01 1.693505e-03 9.999965e-01 -2.028408e-03 -1.690681e+00 -9.070629e-02 2.173660e-03 9.958754e-01 2.496455e+01
9.966837e-01 1.633725e-03 -8.135701e-02 3.253549e+01 -1.484196e-03 9.999971e-01 1.898373e-03 -1.702288e+00 8.135990e-02 -1.771327e-03 9.966831e-01 2.521693e+01
9.961323e-01 -1.476127e-03 8.785370e-02 3.282322e+01 1.653720e-03 9.999967e-01 -1.948711e-03 -1.715782e+00 -8.785055e-02 2.086459e-03 9.961316e-01 2.545562e+01
9.968505e-01 1.600726e-03 -7.928769e-02 3.316262e+01 -1.459526e-03 9.999972e-01 1.838772e-03 -1.728961e+00 7.929043e-02 -1.717258e-03 9.968500e-01 2.553744e+01
9.966567e-01 -1.434817e-03 8.169021e-02 3.338149e+01 1.584146e-03 9.999972e-01 -1.763209e-03 -1.740493e+00 -8.168747e-02 1.886723e-03 9.966563e-01 2.577516e+01
9.971774e-01 1.479257e-03 -7.506683e-02 3.337744e+01 -1.354130e-03 9.999976e-01 1.717745e-03 -1.746081e+00 7.506921e-02 -1.611246e-03 9.971769e-01 2.602604e+01
9.966284e-01 -1.403593e-03 8.203599e-02 3.334691e+01 1.553502e-03 9.999972e-01 -1.763552e-03 -1.750298e+00 -8.203331e-02 1.885048e-03 9.966279e-01 2.623492e+01
9.969001e-01 1.506191e-03 -7.866290e-02 3.336997e+01 -1.368078e-03 9.999974e-01 1.809619e-03 -1.752437e+00 7.866544e-02 -1.696392e-03 9.968995e-01 2.621549e+01
9.963262e-01 -1.399615e-03 8.562810e-02 3.360427e+01 1.565325e-03 9.999970e-01 -1.868123e-03 -1.760791e+00 -8.562525e-02 1.995295e-03 9.963255e-01 2.616006e+01
9.974157e-01 1.393301e-03 -7.183239e-02 3.384167e+01 -1.282151e-03 9.999979e-01 1.593438e-03 -1.771101e+00 7.183448e-02 -1.497219e-03 9.974153e-01 2.626046e+01
9.964249e-01 -1.342779e-03 8.447225e-02 3.412510e+01 1.503217e-03 9.999972e-01 -1.835715e-03 -1.782424e+00 -8.446957e-02 1.956132e-03 9.964242e-01 2.631790e+01
9.975731e-01 1.329786e-03 -6.961401e-02 3.445681e+01 -1.227320e-03 9.999981e-01 1.514670e-03 -1.794670e+00 6.961592e-02 -1.425555e-03 9.975728e-01 2.632043e+01
9.963202e-01 -1.329772e-03 8.569916e-02 3.464018e+01 1.494537e-03 9.999972e-01 -1.858467e-03 -1.802091e+00 -8.569647e-02 1.979708e-03 9.963194e-01 2.630408e+01
9.977578e-01 1.226265e-03 -6.691687e-02 3.470176e+01 -1.133862e-03 9.999984e-01 1.418831e-03 -1.805116e+00 6.691853e-02 -1.339775e-03 9.977574e-01 2.622138e+01
9.962436e-01 -1.311165e-03 8.658517e-02 3.472948e+01 1.479808e-03 9.999971e-01 -1.883552e-03 -1.810088e+00 -8.658248e-02 2.004606e-03 9.962428e-01 2.634390e+01
9.979041e-01 1.225928e-03 -6.469850e-02 3.481567e+01 -1.141494e-03 9.999984e-01 1.341986e-03 -1.814685e+00 6.470008e-02 -1.265320e-03 9.979039e-01 2.632452e+01
9.964155e-01 -1.303626e-03 8.458366e-02 3.498000e+01 1.463762e-03 9.999973e-01 -1.831234e-03 -1.823111e+00 -8.458107e-02 1.948480e-03 9.964148e-01 2.643311e+01
9.974830e-01 1.340393e-03 -7.089302e-02 3.530549e+01 -1.235149e-03 9.999981e-01 1.528356e-03 -1.836143e+00 7.089497e-02 -1.436946e-03 9.974827e-01 2.653279e+01
9.953172e-01 -1.450689e-03 9.665195e-02 3.550571e+01 1.669215e-03 9.999962e-01 -2.180138e-03 -1.845661e+00 -9.664846e-02 2.331262e-03 9.953159e-01 2.662296e+01
9.972739e-01 1.347952e-03 -7.377664e-02 3.549127e+01 -1.230448e-03 9.999979e-01 1.638120e-03 -1.846951e+00 7.377874e-02 -1.542876e-03 9.972733e-01 2.656332e+01
9.950174e-01 -1.518890e-03 9.968960e-02 3.546360e+01 1.754685e-03 9.999959e-01 -2.277653e-03 -1.849129e+00 -9.968577e-02 2.441228e-03 9.950161e-01 2.658884e+01
9.980612e-01 1.238540e-03 -6.222756e-02 3.546403e+01 -1.163149e-03 9.999985e-01 1.247734e-03 -1.851518e+00 6.222906e-02 -1.172935e-03 9.980611e-01 2.653256e+01
9.956155e-01 -1.454938e-03 9.352899e-02 3.546850e+01 1.655170e-03 9.999965e-01 -2.063316e-03 -1.852875e+00 -9.352571e-02 2.209076e-03 9.956145e-01 2.640369e+01
9.982139e-01 1.196261e-03 -5.972867e-02 3.550072e+01 -1.127995e-03 9.999987e-01 1.176633e-03 -1.853998e+00 5.973005e-02 -1.107158e-03 9.982139e-01 2.618019e+01
9.957949e-01 -1.409550e-03 9.160042e-02 3.554120e+01 1.600673e-03 9.999967e-01 -2.013056e-03 -1.856600e+00 -9.159734e-02 2.151214e-03 9.957939e-01 2.606626e+01
9.982978e-01 1.152421e-03 -5.831123e-02 3.569655e+01 -1.091272e-03 9.999988e-01 1.080504e-03 -1.864084e+00 5.831246e-02 -1.015032e-03 9.982978e-01 2.607216e+01
9.963115e-01 -1.331390e-03 8.579994e-02 3.581799e+01 1.491780e-03 9.999973e-01 -1.805265e-03 -1.869110e+00 -8.579736e-02 1.926601e-03 9.963108e-01 2.597095e+01
9.977795e-01 1.280966e-03 -6.659162e-02 3.592755e+01 -1.193709e-03 9.999984e-01 1.350099e-03 -1.873613e+00 6.659331e-02 -1.267610e-03 9.977793e-01 2.588694e+01
9.962219e-01 -1.384749e-03 8.683360e-02 3.602543e+01 1.550297e-03 9.999971e-01 -1.839090e-03 -1.878389e+00 -8.683086e-02 1.966760e-03 9.962212e-01 2.585862e+01
9.981862e-01 1.223114e-03 -6.018971e-02 3.624284e+01 -1.157524e-03 9.999987e-01 1.124566e-03 -1.886629e+00 6.019107e-02 -1.052856e-03 9.981862e-01 2.577010e+01
9.961014e-01 -1.396928e-03 8.820491e-02 3.647060e+01 1.566872e-03 9.999970e-01 -1.857496e-03 -1.894748e+00 -8.820212e-02 1.988461e-03 9.961007e-01 2.563845e+01
9.978011e-01 1.342688e-03 -6.626493e-02 3.664973e+01 -1.258258e-03 9.999983e-01 1.315837e-03 -1.901354e+00 6.626665e-02 -1.229566e-03 9.978011e-01 2.552611e+01
9.969846e-01 -1.330132e-03 7.758829e-02 3.693679e+01 1.452463e-03 9.999978e-01 -1.520261e-03 -1.911505e+00 -7.758617e-02 1.628372e-03 9.969844e-01 2.546687e+01
9.981600e-01 1.240780e-03 -6.062241e-02 3.703156e+01 -1.173780e-03 9.999987e-01 1.140795e-03 -1.915482e+00 6.062382e-02 -1.067540e-03 9.981600e-01 2.540008e+01
9.960091e-01 -1.462866e-03 8.923972e-02 3.702800e+01 1.639674e-03 9.999968e-01 -1.908004e-03 -1.919168e+00 -8.923672e-02 2.046714e-03 9.960084e-01 2.546272e+01
9.984264e-01 1.104914e-03 -5.606586e-02 3.705249e+01 -1.050286e-03 9.999989e-01 1.003800e-03 -1.924427e+00 5.606698e-02 -9.433363e-04 9.984265e-01 2.556285e+01
9.951783e-01 -1.435190e-03 9.807197e-02 3.704553e+01 1.655235e-03 9.999963e-01 -2.162395e-03 -1.926673e+00 -9.806858e-02 2.314302e-03 9.951771e-01 2.548738e+01
9.982620e-01 1.137565e-03 -5.892056e-02 3.713539e+01 -1.075801e-03 9.999988e-01 1.079945e-03 -1.931927e+00 5.892180e-02 -1.014683e-03 9.982620e-01 2.544523e+01
9.962530e-01 -1.206657e-03 8.647804e-02 3.749643e+01 1.370291e-03 9.999974e-01 -1.832885e-03 -1.945976e+00 -8.647568e-02 1.944519e-03 9.962521e-01 2.545736e+01
9.978877e-01 1.139628e-03 -6.495195e-02 3.797397e+01 -1.060224e-03 9.999986e-01 1.256949e-03 -1.962829e+00 6.495337e-02 -1.185432e-03 9.978875e-01 2.541685e+01
9.953591e-01 -1.280117e-03 9.622197e-02 3.831985e+01 1.489788e-03 9.999967e-01 -2.107235e-03 -1.975477e+00 -9.621903e-02 2.240808e-03 9.953577e-01 2.534655e+01
9.977576e-01 1.149218e-03 -6.692085e-02 3.864462e+01 -1.063218e-03 9.999986e-01 1.320685e-03 -1.986771e+00 6.692236e-02 -1.246573e-03 9.977573e-01 2.521505e+01
9.945873e-01 -1.365051e-03 1.038951e-01 3.885981e+01 1.613863e-03 9.999960e-01 -2.310823e-03 -1.994996e+00 -1.038916e-01 2.465990e-03 9.945856e-01 2.511086e+01
9.977301e-01 1.104098e-03 -6.733016e-02 3.902893e+01 -1.018641e-03 9.999986e-01 1.303521e-03 -2.002210e+00 6.733160e-02 -1.231979e-03 9.977298e-01 2.504843e+01
9.937995e-01 -1.333913e-03 1.111792e-01 3.925217e+01 1.623099e-03 9.999955e-01 -2.510631e-03 -2.011437e+00 -1.111754e-01 2.675520e-03 9.937973e-01 2.496451e+01
9.972255e-01 1.187274e-03 -7.443043e-02 3.964484e+01 -1.078448e-03 9.999983e-01 1.502265e-03 -2.025504e+00 7.443218e-02 -1.417829e-03 9.972250e-01 2.486111e+01
9.946707e-01 -1.251526e-03 1.030957e-01 4.001461e+01 1.492625e-03 9.999963e-01 -2.261496e-03 -2.038790e+00 -1.030925e-01 2.403329e-03 9.946689e-01 2.478586e+01
9.973191e-01 1.086314e-03 -7.316663e-02 4.036765e+01 -9.820183e-04 9.999984e-01 1.461387e-03 -2.051751e+00 7.316820e-02 -1.385621e-03 9.973186e-01 2.474173e+01
9.943025e-01 -1.158937e-03 1.065889e-01 4.078978e+01 1.420222e-03 9.999962e-01 -2.375477e-03 -2.066812e+00 -1.065858e-01 2.513325e-03 9.943004e-01 2.464769e+01
9.973335e-01 1.016713e-03 -7.297165e-02 4.123060e+01 -9.150002e-04 9.999986e-01 1.427258e-03 -2.082888e+00 7.297309e-02 -1.356685e-03 9.973329e-01 2.460347e+01
9.938409e-01 -1.206468e-03 1.108100e-01 4.153254e+01 1.490130e-03 9.999958e-01 -2.477136e-03 -2.094485e+00 -1.108067e-01 2.627003e-03 9.938386e-01 2.454847e+01
9.972124e-01 1.037798e-03 -7.460721e-02 4.186107e+01 -9.307331e-04 9.999985e-01 1.469778e-03 -2.106773e+00 7.460872e-02 -1.396243e-03 9.972119e-01 2.447782e+01
9.947907e-01 -1.099792e-03 1.019327e-01 4.226288e+01 1.331539e-03 9.999967e-01 -2.205535e-03 -2.121103e+00 -1.019301e-01 2.329776e-03 9.947889e-01 2.440149e+01
9.970455e-01 1.045368e-03 -7.680524e-02 4.275353e+01 -9.306971e-04 9.999984e-01 1.528754e-03 -2.137653e+00 7.680681e-02 -1.452757e-03 9.970449e-01 2.427686e+01
9.949292e-01 -1.037355e-03 1.005729e-01 4.325866e+01 1.261714e-03 9.999969e-01 -2.167248e-03 -2.155225e+00 -1.005704e-01 2.283155e-03 9.949274e-01 2.421034e+01
9.972290e-01 9.651770e-04 -7.438587e-02 4.372370e+01 -8.603208e-04 9.999986e-01 1.441620e-03 -2.171833e+00 7.438725e-02 -1.373632e-03 9.972284e-01 2.416766e+01
9.954885e-01 -9.206540e-04 9.487808e-02 4.426886e+01 1.114768e-03 9.999974e-01 -1.992968e-03 -2.190400e+00 -9.487610e-02 2.089747e-03 9.954870e-01 2.409215e+01
9.976714e-01 8.083085e-04 -6.819864e-02 4.466101e+01 -7.247216e-04 9.999990e-01 1.250332e-03 -2.204007e+00 6.819968e-02 -1.197998e-03 9.976709e-01 2.399085e+01
9.955781e-01 -9.199570e-04 9.393313e-02 4.489591e+01 1.107013e-03 9.999975e-01 -1.939308e-03 -2.212480e+00 -9.393122e-02 2.034720e-03 9.955767e-01 2.387965e+01
9.980061e-01 6.869402e-04 -6.311281e-02 4.507326e+01 -6.205718e-04 9.999992e-01 1.071134e-03 -2.219498e+00 6.311360e-02 -1.029835e-03 9.980058e-01 2.378069e+01
9.952894e-01 -9.226871e-04 9.694456e-02 4.529639e+01 1.125296e-03 9.999973e-01 -2.035316e-03 -2.228414e+00 -9.694252e-02 2.134822e-03 9.952877e-01 2.371818e+01
9.978634e-01 7.092506e-04 -6.533038e-02 4.553034e+01 -6.368627e-04 9.999992e-01 1.128799e-03 -2.238255e+00 6.533123e-02 -1.084784e-03 9.978630e-01 2.371104e+01
9.961016e-01 -8.314525e-04 8.821034e-02 4.569016e+01 9.907419e-04 9.999980e-01 -1.762056e-03 -2.244519e+00 -8.820879e-02 1.842583e-03 9.961004e-01 2.361850e+01
9.973432e-01 8.238048e-04 -7.284032e-02 4.587003e+01 -7.253778e-04 9.999988e-01 1.377670e-03 -2.250425e+00 7.284146e-02 -1.321176e-03 9.973426e-01 2.344253e+01
9.960329e-01 -8.547026e-04 8.898204e-02 4.609639e+01 1.015299e-03 9.999979e-01 -1.759602e-03 -2.257427e+00 -8.898045e-02 1.842967e-03 9.960317e-01 2.323375e+01
9.970039e-01 8.810012e-04 -7.734511e-02 4.624307e+01 -7.679563e-04 9.999986e-01 1.491252e-03 -2.261323e+00 7.734642e-02 -1.427389e-03 9.970032e-01 2.297520e+01
9.955435e-01 -9.164091e-04 9.429972e-02 4.641525e+01 1.100313e-03 9.999976e-01 -1.898260e-03 -2.266934e+00 -9.429786e-02 1.993562e-03 9.955421e-01 2.278302e+01
9.957171e-01 1.164255e-03 -9.244461e-02 4.673826e+01 -9.962844e-04 9.999978e-01 1.863079e-03 -2.277664e+00 9.244667e-02 -1.763001e-03 9.957160e-01 2.265859e+01
9.957811e-01 -8.922686e-04 9.175652e-02 4.695924e+01 1.057968e-03 9.999979e-01 -1.757270e-03 -2.283758e+00 -9.175486e-02 1.846935e-03 9.957800e-01 2.242071e+01
9.950078e-01 1.336730e-03 -9.978752e-02 4.715444e+01 -1.131225e-03 9.999971e-01 2.115954e-03 -2.289400e+00 9.979016e-02 -1.992511e-03 9.950065e-01 2.220907e+01
9.969629e-01 -6.298272e-04 7.787578e-02 4.726381e+01 7.244904e-04 9.999990e-01 -1.187357e-03 -2.293951e+00 -7.787506e-02 1.240174e-03 9.969624e-01 2.211323e+01
9.960183e-01 1.120122e-03 -8.914141e-02 4.737936e+01 -9.770093e-04 9.999982e-01 1.649041e-03 -2.299290e+00 8.914319e-02 -1.555386e-03 9.960176e-01 2.207099e+01
9.979303e-01 -3.806540e-04 6.430496e-02 4.746128e+01 4.219932e-04 9.999997e-01 -6.293246e-04 -2.303295e+00 -6.430480e-02 6.551610e-04 9.979301e-01 2.199840e+01
9.980308e-01 4.422817e-04 -6.272287e-02 4.747811e+01 -4.064530e-04 9.999997e-01 5.839325e-04 -2.302349e+00 6.272322e-02 -5.572912e-04 9.980308e-01 2.170699e+01
9.987632e-01 -1.127143e-04 4.972151e-02 4.750498e+01 1.195830e-04 1.000000e+00 -1.352239e-04 -2.302678e+00 -4.972159e-02 1.410051e-04 9.987632e-01 2.148413e+01
9.976075e-01 6.838765e-04 -6.912742e-02 4.748584e+01 -6.268800e-04 9.999994e-01 8.461623e-04 -2.300902e+00 6.912806e-02 -8.008057e-04 9.976074e-01 2.119775e+01
9.989974e-01 -5.685937e-05 4.477015e-02 4.754596e+01 5.143605e-05 1.000000e+00 1.222307e-04 -2.304016e+00 -4.477026e-02 -1.198027e-04 9.989974e-01 2.110507e+01
9.974578e-01 7.489912e-04 -7.125485e-02 4.762144e+01 -6.900349e-04 9.999994e-01 8.519753e-04 -2.307869e+00 7.125555e-02 -8.006434e-04 9.974577e-01 2.102400e+01
9.992386e-01 7.071341e-05 3.901555e-02 4.774723e+01 -8.723706e-05 9.999999e-01 4.217513e-04 -2.313015e+00 -3.901562e-02 -4.248314e-04 9.992386e-01 2.090280e+01
9.973879e-01 8.363739e-04 -7.222649e-02 4.786282e+01 -7.740552e-04 9.999993e-01 8.907767e-04 -2.318731e+00 7.222729e-02 -8.325448e-04 9.973878e-01 2.086787e+01
9.991819e-01 -3.181236e-05 4.044318e-02 4.792915e+01 1.564604e-05 9.999999e-01 3.999940e-04 -2.323132e+00 -4.044329e-02 -3.990317e-04 9.991818e-01 2.085190e+01
9.972850e-01 9.133499e-04 -7.363153e-02 4.798668e+01 -8.510827e-04 9.999993e-01 8.770030e-04 -2.327285e+00 7.363238e-02 -8.119575e-04 9.972851e-01 2.083163e+01
9.992473e-01 -3.166270e-05 3.879354e-02 4.806064e+01 1.039274e-05 9.999998e-01 5.484407e-04 -2.332286e+00 -3.879365e-02 -5.476225e-04 9.992472e-01 2.083975e+01
9.977123e-01 8.026566e-04 -6.759733e-02 4.817108e+01 -7.665113e-04 9.999995e-01 5.606225e-04 -2.338440e+00 6.759785e-02 -5.075278e-04 9.977125e-01 2.086009e+01
9.992461e-01 -6.488323e-05 3.882511e-02 4.832690e+01 4.227421e-05 9.999998e-01 5.831093e-04 -2.344625e+00 -3.882524e-02 -5.810264e-04 9.992459e-01 2.075651e+01
9.978657e-01 8.076635e-04 -6.529442e-02 4.852740e+01 -7.800305e-04 9.999996e-01 4.486733e-04 -2.352208e+00 6.529485e-02 -3.967858e-04 9.978659e-01 2.065536e+01
9.992529e-01 -1.382537e-04 3.864765e-02 4.865769e+01 1.154959e-04 9.999998e-01 5.910486e-04 -2.357795e+00 -3.864782e-02 -5.861415e-04 9.992528e-01 2.057219e+01
9.978978e-01 8.327640e-04 -6.480124e-02 4.873058e+01 -8.078900e-04 9.999996e-01 4.100320e-04 -2.360491e+00 6.480165e-02 -3.568194e-04 9.978980e-01 2.039532e+01
9.993381e-01 -1.464694e-04 3.637800e-02 4.878299e+01 1.210776e-04 9.999997e-01 7.001690e-04 -2.363359e+00 -3.637818e-02 -6.952994e-04 9.993379e-01 2.028286e+01
9.982969e-01 7.719363e-04 -5.833258e-02 4.882812e+01 -7.683995e-04 9.999997e-01 8.304123e-05 -2.362972e+00 5.833272e-02 -3.807855e-05 9.982971e-01 1.992858e+01
9.993601e-01 -2.074277e-04 3.576745e-02 4.891821e+01 1.806469e-04 9.999997e-01 7.519491e-04 -2.363840e+00 -3.576769e-02 -7.450052e-04 9.993599e-01 1.954928e+01
9.984000e-01 8.333835e-04 -5.653846e-02 4.893987e+01 -8.375268e-04 9.999996e-01 -4.960751e-05 -2.361281e+00 5.653849e-02 9.687928e-05 9.984003e-01 1.907453e+01
9.994898e-01 -2.046312e-04 3.193977e-02 4.896405e+01 1.721888e-04 9.999995e-01 1.018458e-03 -2.360015e+00 -3.194005e-02 -1.012437e-03 9.994893e-01 1.869301e+01
9.983278e-01 8.985729e-04 -5.779858e-02 4.911703e+01 -9.008614e-04 9.999996e-01 -1.355421e-05 -2.364834e+00 5.779864e-02 6.559889e-05 9.983282e-01 1.848438e+01
