9.999522e-01 -5.054106e-06 9.776088e-03 3.861681e-01 7.931432e-06 1.000000e+00 -2.942860e-04 -1.608282e-02 -9.776088e-03 2.943490e-04 9.999523e-01 1.815780e-01
9.999976e-01 8.668353e-06 2.189865e-03 9.651372e-01 -8.468479e-06 1.000000e+00 -9.127501e-05 -3.944278e-02 -2.189863e-03 9.125666e-05 9.999975e-01 4.802342e-01
9.999638e-01 -5.470970e-05 8.503874e-03 1.446904e+00 5.676432e-05 1.000000e+00 -2.413695e-04 -5.938958e-02 -8.503864e-03 2.418431e-04 9.999639e-01 7.377681e-01
9.999177e-01 -4.163046e-05 1.283069e-02 2.042435e+00 4.702616e-05 9.999999e-01 -4.202284e-04 -8.245486e-02 -1.283067e-02 4.207975e-04 9.999175e-01 9.467645e-01
9.999898e-01 -1.135696e-04 4.516984e-03 2.540331e+00 1.141415e-04 1.000000e+00 -1.263681e-04 -1.019699e-01 -4.516976e-03 1.268821e-04 9.999899e-01 1.118046e+00
9.999661e-01 4.247982e-05 8.235429e-03 2.900725e+00 -4.044802e-05 1.000000e+00 -2.468808e-04 -1.158740e-01 -8.235431e-03 2.465396e-04 9.999660e-01 1.166212e+00
9.999920e-01 -1.975815e-05 -3.988994e-03 3.347190e+00 2.017129e-05 1.000000e+00 1.035336e-04 -1.303586e-01 3.988983e-03 -1.036134e-04 9.999921e-01 1.001655e+00
9.999602e-01 6.806311e-05 8.923453e-03 3.902412e+00 -6.561179e-05 1.000000e+00 -2.749969e-04 -1.493140e-01 -8.923462e-03 2.744007e-04 9.999600e-01 9.382952e-01
9.999599e-01 -1.065081e-05 -8.950234e-03 4.324772e+00 1.284827e-05 1.000000e+00 2.454640e-04 -1.664983e-01 8.950222e-03 -2.455694e-04 9.999600e-01 1.125045e+00
9.999990e-01 1.964336e-04 1.397871e-03 4.621849e+00 -1.963537e-04 1.000000e+00 -5.724108e-05 -1.789592e-01 -1.397873e-03 5.696675e-05 9.999989e-01 1.234939e+00
9.998836e-01 1.601140e-04 -1.525378e-02 4.891314e+00 -1.525992e-04 9.999999e-01 4.938130e-04 -1.910147e-01 1.525385e-02 -4.914280e-04 9.998836e-01 1.365065e+00
9.999903e-01 1.051575e-04 4.410067e-03 4.922739e+00 -1.045088e-04 1.000000e+00 -1.473177e-04 -1.943889e-01 -4.410077e-03 1.468557e-04 9.999902e-01 1.408807e+00
9.997971e-01 2.560590e-04 -2.014347e-02 4.889803e+00 -2.424154e-04 9.999997e-01 6.797625e-04 -1.946322e-01 2.014364e-02 -6.747418e-04 9.997970e-01 1.340356e+00
9.999832e-01 4.147291e-05 5.796688e-03 4.875190e+00 -4.021782e-05 1.000000e+00 -2.166326e-04 -1.977080e-01 -5.796694e-03 2.163962e-04 9.999831e-01 1.448406e+00
9.998848e-01 1.502426e-04 -1.517915e-02 4.944880e+00 -1.421070e-04 9.999998e-01 5.370537e-04 -2.074460e-01 1.517923e-02 -5.348351e-04 9.998847e-01 1.812640e+00
9.999377e-01 4.876173e-06 1.115867e-02 5.137993e+00 -3.432756e-07 9.999999e-01 -4.062225e-04 -2.196177e-01 -1.115867e-02 4.061938e-04 9.999376e-01 2.123355e+00
9.999810e-01 5.728275e-05 -6.158245e-03 5.281643e+00 -5.576053e-05 1.000000e+00 2.473572e-04 -2.274080e-01 6.158257e-03 -2.470095e-04 9.999811e-01 2.211485e+00
9.999679e-01 3.631133e-04 -8.001643e-03 5.405725e+00 -3.607920e-04 9.999999e-01 2.915391e-04 -2.350959e-01 8.001749e-03 -2.886423e-04 9.999678e-01 2.339591e+00
9.999254e-01 -2.928931e-04 1.221221e-02 5.491295e+00 2.970770e-04 9.999999e-01 -3.407837e-04 -2.416116e-01 -1.221211e-02 3.443857e-04 9.999255e-01 2.450671e+00
9.999977e-01 2.031821e-04 -2.133907e-03 5.699935e+00 -2.030878e-04 1.000000e+00 4.439271e-05 -2.547579e-01 2.133919e-03 -4.395881e-05 9.999976e-01 2.781876e+00
9.997572e-01 -4.081146e-04 2.203347e-02 6.087175e+00 4.225279e-04 9.999997e-01 -6.495026e-04 -2.713036e-01 -2.203320e-02 6.586543e-04 9.997571e-01 2.993174e+00
9.999998e-01 1.807356e-04 5.530116e-04 6.296345e+00 -1.807133e-04 1.000000e+00 -4.032933e-05 -2.845323e-01 -5.530124e-04 4.022969e-05 9.999997e-01 3.310922e+00
9.999999e-01 -1.574998e-04 3.552531e-04 6.484029e+00 1.575151e-04 1.000000e+00 -4.280980e-05 -2.951611e-01 -3.552530e-04 4.286547e-05 1.000000e+00 3.539088e+00
9.997106e-01 -1.214693e-04 2.405463e-02 6.531403e+00 1.393361e-04 9.999997e-01 -7.410815e-04 -2.975719e-01 -2.405453e-02 7.442190e-04 9.997103e-01 3.426148e+00
9.999964e-01 -1.114744e-04 -2.679888e-03 6.543998e+00 1.116592e-04 1.000000e+00 6.880808e-05 -3.006026e-01 2.679869e-03 -6.910721e-05 9.999965e-01 3.427985e+00
9.998923e-01 3.895046e-05 1.467687e-02 6.674941e+00 -3.220753e-05 9.999999e-01 -4.596608e-04 -3.075978e-01 -1.467687e-02 4.591387e-04 9.998921e-01 3.483449e+00
9.999943e-01 -1.094244e-04 -3.367452e-03 6.762782e+00 1.099452e-04 1.000000e+00 1.544936e-04 -3.086632e-01 3.367422e-03 -1.548631e-04 9.999944e-01 3.151839e+00
9.998234e-01 -4.741362e-05 1.879511e-02 6.969716e+00 5.877050e-05 9.999998e-01 -6.036937e-04 -3.169123e-01 -1.879507e-02 6.046917e-04 9.998231e-01 3.100817e+00
9.998142e-01 1.500584e-04 -1.927522e-02 7.373857e+00 -1.392932e-04 9.999998e-01 5.598446e-04 -3.344471e-01 1.927529e-02 -5.570557e-04 9.998142e-01 3.358529e+00
9.998029e-01 -6.992454e-05 1.985456e-02 7.674783e+00 8.142082e-05 9.999998e-01 -5.782162e-04 -3.507746e-01 -1.985450e-02 5.797188e-04 9.998026e-01 3.745049e+00
9.997906e-01 9.701414e-05 -2.046506e-02 7.876919e+00 -8.545717e-05 9.999998e-01 5.655921e-04 -3.626801e-01 2.046509e-02 -5.637248e-04 9.997905e-01 4.037691e+00
9.995480e-01 -1.686661e-04 3.006262e-02 8.042499e+00 1.942762e-04 9.999996e-01 -8.489731e-04 -3.745236e-01 -3.006245e-02 8.544298e-04 9.995476e-01 4.377593e+00
9.995712e-01 1.852619e-04 -2.928010e-02 8.215678e+00 -1.614962e-04 9.999997e-01 8.140296e-04 -3.852557e-01 2.928023e-02 -8.089520e-04 9.995710e-01 4.647119e+00
9.996585e-01 -1.135895e-04 2.613016e-02 8.502156e+00 1.332690e-04 9.999997e-01 -7.513947e-04 -3.977563e-01 -2.613005e-02 7.546205e-04 9.996582e-01 4.792174e+00
9.995031e-01 1.933041e-04 -3.151922e-02 8.669371e+00 -1.647435e-04 9.999996e-01 9.087256e-04 -4.078895e-01 3.151937e-02 -9.030815e-04 9.995028e-01 5.034856e+00
9.996193e-01 -1.175088e-04 2.759087e-02 8.739558e+00 1.381411e-04 9.999997e-01 -7.458902e-04 -4.189157e-01 -2.759076e-02 7.494177e-04 9.996189e-01 5.472395e+00
9.995211e-01 2.260862e-04 -3.094384e-02 9.003443e+00 -1.994741e-04 9.999996e-01 8.630959e-04 -4.326772e-01 3.094401e-02 -8.565101e-04 9.995209e-01 5.763445e+00
9.995496e-01 -1.549271e-04 3.000827e-02 9.426443e+00 1.812550e-04 9.999996e-01 -8.746346e-04 -4.494207e-01 -3.000811e-02 8.796799e-04 9.995492e-01 5.882785e+00
9.994905e-01 2.383061e-04 -3.191826e-02 9.827388e+00 -2.097769e-04 9.999996e-01 8.971663e-04 -4.657049e-01 3.191845e-02 -8.900135e-04 9.994902e-01 6.044112e+00
9.997872e-01 6.973770e-05 2.062698e-02 1.015373e+01 -5.951338e-05 9.999999e-01 -4.962901e-04 -4.809815e-01 -2.062699e-02 4.949570e-04 9.997870e-01 6.305633e+00
9.996081e-01 1.390508e-04 -2.799242e-02 1.046633e+01 -1.177979e-04 9.999997e-01 7.608857e-04 -4.965181e-01 2.799250e-02 -7.572902e-04 9.996079e-01 6.620358e+00
9.997325e-01 5.729613e-05 2.312823e-02 1.092922e+01 -4.254351e-05 9.999998e-01 -6.383534e-04 -5.148665e-01 -2.312825e-02 6.371988e-04 9.997322e-01 6.789860e+00
9.995077e-01 2.697602e-04 -3.137217e-02 1.142939e+01 -2.412758e-04 9.999996e-01 9.117333e-04 -5.342095e-01 3.137239e-02 -9.037153e-04 9.995075e-01 6.949136e+00
9.995839e-01 -9.855835e-05 2.884458e-02 1.195602e+01 1.243601e-04 9.999996e-01 -8.927176e-04 -5.542584e-01 -2.884447e-02 8.959334e-04 9.995834e-01 7.112274e+00
9.993504e-01 3.886525e-04 -3.603575e-02 1.230862e+01 -3.470624e-04 9.999993e-01 1.160380e-03 -5.704944e-01 3.603617e-02 -1.147120e-03 9.993499e-01 7.379806e+00
9.992381e-01 -2.539266e-04 3.902864e-02 1.278667e+01 3.038339e-04 9.999991e-01 -1.272810e-03 -5.910658e-01 -3.902827e-02 1.283699e-03 9.992372e-01 7.691688e+00
9.991603e-01 4.152437e-04 -4.096882e-02 1.315947e+01 -3.603889e-04 9.999990e-01 1.346315e-03 -6.082226e-01 4.096933e-02 -1.330420e-03 9.991596e-01 7.980821e+00
9.997462e-01 1.316396e-04 2.252861e-02 1.342273e+01 -1.174379e-04 9.999998e-01 -6.317050e-04 -6.215105e-01 -2.252868e-02 6.288992e-04 9.997459e-01 8.213719e+00
9.997779e-01 -1.116637e-04 -2.107507e-02 1.354677e+01 1.243253e-04 9.999998e-01 5.994730e-04 -6.338960e-01 2.107499e-02 -6.019603e-04 9.997778e-01 8.642049e+00
9.997229e-01 1.354074e-04 2.353836e-02 1.376389e+01 -1.193517e-04 9.999998e-01 -6.835116e-04 -6.476015e-01 -2.353844e-02 6.805131e-04 9.997226e-01 9.008920e+00
9.994816e-01 7.927099e-05 -3.219497e-02 1.389250e+01 -4.880917e-05 9.999996e-01 9.469519e-04 -6.585981e-01 3.219503e-02 -9.448898e-04 9.994813e-01 9.356748e+00
9.999714e-01 5.972367e-04 7.544394e-03 1.403953e+01 -5.976758e-04 9.999998e-01 5.594461e-05 -6.697299e-01 -7.544354e-03 -6.045174e-05 9.999714e-01 9.674028e+00
9.997126e-01 -1.583398e-04 -2.397471e-02 1.430407e+01 1.711154e-04 9.999998e-01 5.308262e-04 -6.833843e-01 2.397461e-02 -5.347765e-04 9.997125e-01 9.944977e+00
9.999988e-01 8.005389e-04 1.355102e-03 1.470820e+01 -8.009814e-04 9.999996e-01 3.260459e-04 -6.995850e-01 -1.354839e-03 -3.271304e-04 9.999989e-01 1.007833e+01
9.992581e-01 2.405258e-04 -3.851333e-02 1.494123e+01 -1.947058e-04 9.999993e-01 1.193465e-03 -7.111955e-01 3.851359e-02 -1.185081e-03 9.992575e-01 1.022955e+01
9.999899e-01 9.000654e-04 -4.405813e-03 1.510917e+01 -8.975176e-04 9.999994e-01 5.802335e-04 -7.210198e-01 4.406326e-03 -5.762725e-04 9.999900e-01 1.037965e+01
9.991732e-01 3.097827e-04 -4.065458e-02 1.527686e+01 -2.590468e-04 9.999992e-01 1.253238e-03 -7.309867e-01 4.065494e-02 -1.241672e-03 9.991726e-01 1.053881e+01
9.999907e-01 8.772167e-04 -4.221628e-03 1.541563e+01 -8.745736e-04 9.999994e-01 6.278607e-04 -7.403457e-01 4.222161e-03 -6.241616e-04 9.999908e-01 1.071622e+01
9.991979e-01 2.823257e-04 -4.004301e-02 1.556751e+01 -2.359884e-04 9.999993e-01 1.161913e-03 -7.499995e-01 4.004333e-02 -1.151533e-03 9.991974e-01 1.088886e+01
9.999945e-01 8.774934e-04 -3.202660e-03 1.571439e+01 -8.753480e-04 9.999994e-01 6.711830e-04 -7.597484e-01 3.203223e-03 -6.683744e-04 9.999945e-01 1.108206e+01
9.992127e-01 2.983946e-04 -3.967345e-02 1.584832e+01 -2.543412e-04 9.999993e-01 1.115448e-03 -7.687814e-01 3.967379e-02 -1.104481e-03 9.992122e-01 1.124868e+01
9.999673e-01 5.991755e-04 8.068582e-03 1.606514e+01 -6.011501e-04 9.999998e-01 2.423412e-04 -7.814764e-01 -8.068466e-03 -2.471819e-04 9.999673e-01 1.152676e+01
9.990423e-01 4.411087e-04 -4.375172e-02 1.629297e+01 -3.854963e-04 9.999991e-01 1.279528e-03 -7.943889e-01 4.375228e-02 -1.261439e-03 9.990417e-01 1.178802e+01
9.997373e-01 8.040623e-05 2.291887e-02 1.644790e+01 -7.036339e-05 9.999999e-01 -4.389785e-04 -8.057774e-01 -2.291894e-02 4.372525e-04 9.997371e-01 1.211516e+01
9.982992e-01 9.483093e-04 -5.829084e-02 1.652398e+01 -8.340845e-04 9.999977e-01 1.983873e-03 -8.157409e-01 5.829263e-02 -1.931881e-03 9.982978e-01 1.245912e+01
9.996795e-01 -1.097711e-05 2.531734e-02 1.671303e+01 2.482850e-05 9.999999e-01 -5.467746e-04 -8.284703e-01 -2.531737e-02 5.472301e-04 9.996792e-01 1.279016e+01
9.978244e-01 1.127002e-03 -6.591891e-02 1.680778e+01 -9.797978e-04 9.999970e-01 2.265404e-03 -8.379012e-01 6.592131e-02 -2.195891e-03 9.978225e-01 1.306345e+01
9.998698e-01 2.004859e-04 1.613737e-02 1.689555e+01 -1.976324e-04 1.000000e+00 -1.783712e-04 -8.458710e-01 -1.613745e-02 1.751612e-04 9.998697e-01 1.323642e+01
9.981648e-01 1.044384e-03 -6.054759e-02 1.702921e+01 -9.223911e-04 9.999975e-01 2.042758e-03 -8.549277e-01 6.054963e-02 -1.983163e-03 9.981633e-01 1.339613e+01
9.998440e-01 1.149955e-04 1.766010e-02 1.712878e+01 -1.106022e-04 1.000000e+00 -2.496950e-04 -8.625957e-01 -1.766018e-02 2.477055e-04 9.998439e-01 1.353366e+01
9.991852e-01 5.778902e-04 -4.035585e-02 1.726046e+01 -5.272862e-04 9.999991e-01 1.264598e-03 -8.715728e-01 4.035660e-02 -1.242292e-03 9.991847e-01 1.370566e+01
9.999151e-01 1.542583e-04 1.303237e-02 1.738545e+01 -1.511492e-04 1.000000e+00 -2.394741e-04 -8.799113e-01 -1.303247e-02 2.374867e-04 9.999150e-01 1.386392e+01
9.985560e-01 9.796442e-04 -5.371267e-02 1.744332e+01 -8.755288e-04 9.999977e-01 1.961892e-03 -8.861448e-01 5.371453e-02 -1.912034e-03 9.985546e-01 1.399155e+01
9.964128e-01 -1.176580e-03 8.461727e-02 1.769225e+01 1.421934e-03 9.999950e-01 -2.839343e-03 -8.978320e-01 -8.461356e-02 2.949481e-03 9.964094e-01 1.410449e+01
9.990339e-01 8.690992e-04 -4.393876e-02 1.795847e+01 -7.987374e-04 9.999984e-01 1.618910e-03 -9.102876e-01 4.394016e-02 -1.582253e-03 9.990330e-01 1.422808e+01
9.955926e-01 -1.250229e-03 9.377554e-02 1.805293e+01 1.542648e-03 9.999942e-01 -3.045853e-03 -9.167272e-01 -9.377124e-02 3.177094e-03 9.955886e-01 1.424845e+01
9.987157e-01 9.799489e-04 -5.065606e-02 1.825791e+01 -8.901561e-04 9.999980e-01 1.795140e-03 -9.256047e-01 5.065777e-02 -1.747745e-03 9.987146e-01 1.422244e+01
9.951027e-01 -1.324133e-03 9.883771e-02 1.834390e+01 1.644508e-03 9.999937e-01 -3.160023e-03 -9.314224e-01 -9.883295e-02 3.307090e-03 9.950985e-01 1.422130e+01
9.983913e-01 1.083434e-03 -5.668983e-02 1.846520e+01 -9.739204e-04 9.999976e-01 1.959412e-03 -9.372158e-01 5.669186e-02 -1.901051e-03 9.983900e-01 1.414131e+01
9.957341e-01 -1.248108e-03 9.226042e-02 1.875086e+01 1.528811e-03 9.999944e-01 -2.971883e-03 -9.485881e-01 -9.225624e-02 3.100256e-03 9.957304e-01 1.411557e+01
9.985113e-01 1.018002e-03 -5.453655e-02 1.897252e+01 -9.167146e-04 9.999978e-01 1.882231e-03 -9.580742e-01 5.453838e-02 -1.829437e-03 9.985101e-01 1.410257e+01
9.958174e-01 -1.230190e-03 9.135796e-02 1.918277e+01 1.504090e-03 9.999946e-01 -2.929303e-03 -9.671617e-01 -9.135390e-02 3.054463e-03 9.958137e-01 1.409147e+01
9.981463e-01 1.108992e-03 -6.084995e-02 1.943050e+01 -9.848124e-04 9.999974e-01 2.070704e-03 -9.779680e-01 6.085212e-02 -2.006942e-03 9.981449e-01 1.414510e+01
9.955069e-01 -1.254251e-03 9.468038e-02 1.975099e+01 1.548161e-03 9.999942e-01 -3.030835e-03 -9.909180e-01 -9.467606e-02 3.163799e-03 9.955030e-01 1.417059e+01
9.981261e-01 1.088139e-03 -6.118072e-02 2.004513e+01 -9.625146e-04 9.999974e-01 2.082768e-03 -1.002506e+00 6.118285e-02 -2.019980e-03 9.981246e-01 1.415830e+01
9.948841e-01 -1.295593e-03 1.010147e-01 2.021628e+01 1.628362e-03 9.999935e-01 -3.211866e-03 -1.010616e+00 -1.010099e-01 3.359925e-03 9.948796e-01 1.416139e+01
9.967975e-01 1.400501e-03 -7.995497e-02 2.048754e+01 -1.190847e-03 9.999957e-01 2.669772e-03 -1.021962e+00 7.995839e-02 -2.566009e-03 9.967950e-01 1.422353e+01
9.955425e-01 -1.300739e-03 9.430475e-02 2.070809e+01 1.591466e-03 9.999942e-01 -3.007705e-03 -1.031258e+00 -9.430031e-02 3.144383e-03 9.955387e-01 1.426975e+01
9.945336e-01 1.843418e-03 -1.044004e-01 2.075798e+01 -1.488363e-03 9.999928e-01 3.478695e-03 -1.036957e+00 1.044061e-01 -3.304295e-03 9.945294e-01 1.442636e+01
9.953490e-01 -1.208134e-03 9.632667e-02 2.090023e+01 1.503173e-03 9.999944e-01 -2.990392e-03 -1.044621e+00 -9.632254e-02 3.121281e-03 9.953452e-01 1.451652e+01
9.925881e-01 2.228274e-03 -1.215070e-01 2.100108e+01 -1.741635e-03 9.999900e-01 4.111083e-03 -1.051140e+00 1.215150e-01 -3.868993e-03 9.925822e-01 1.459938e+01
9.957411e-01 -1.121182e-03 9.218687e-02 2.108140e+01 1.384018e-03 9.999952e-01 -2.787239e-03 -1.056913e+00 -9.218332e-02 2.902958e-03 9.957377e-01 1.467118e+01
9.925033e-01 2.279436e-03 -1.221968e-01 2.110873e+01 -1.789590e-03 9.999899e-01 4.118270e-03 -1.059984e+00 1.222050e-01 -3.868716e-03 9.924974e-01 1.465604e+01
9.952687e-01 -1.249525e-03 9.715223e-02 2.115954e+01 1.545642e-03 9.999944e-01 -2.972762e-03 -1.063438e+00 -9.714800e-02 3.108861e-03 9.952650e-01 1.462440e+01
9.939789e-01 1.881464e-03 -1.095560e-01 2.127781e+01 -1.507208e-03 9.999927e-01 3.498826e-03 -1.067836e+00 1.095618e-01 -3.312637e-03 9.939746e-01 1.452222e+01
9.947330e-01 -1.352882e-03 1.024909e-01 2.112524e+01 1.686415e-03 9.999936e-01 -3.167685e-03 -1.061560e+00 -1.024860e-01 3.323845e-03 9.947288e-01 1.425560e+01
9.944981e-01 1.705628e-03 -1.047409e-01 2.107136e+01 -1.362161e-03 9.999935e-01 3.350654e-03 -1.059581e+00 1.047459e-01 -3.189547e-03 9.944940e-01 1.407944e+01
9.940429e-01 -1.395324e-03 1.089801e-01 2.118979e+01 1.764769e-03 9.999930e-01 -3.293648e-03 -1.063411e+00 -1.089748e-01 3.466354e-03 9.940384e-01 1.393335e+01
9.943433e-01 1.733774e-03 -1.061999e-01 2.117328e+01 -1.379772e-03 9.999932e-01 3.406738e-03 -1.062006e+00 1.062051e-01 -3.240938e-03 9.943391e-01 1.371327e+01
9.941277e-01 -1.414107e-03 1.082042e-01 2.111574e+01 1.778830e-03 9.999931e-01 -3.274234e-03 -1.060953e+00 -1.081989e-01 3.447485e-03 9.941232e-01 1.362221e+01
9.944448e-01 1.750328e-03 -1.052448e-01 2.130977e+01 -1.402636e-03 9.999933e-01 3.377573e-03 -1.069003e+00 1.052500e-01 -3.211192e-03 9.944407e-01 1.363237e+01
9.936988e-01 -1.411585e-03 1.120748e-01 2.157815e+01 1.801579e-03 9.999927e-01 -3.378563e-03 -1.079515e+00 -1.120692e-01 3.559188e-03 9.936939e-01 1.367043e+01
9.939802e-01 1.783315e-03 -1.095453e-01 2.177433e+01 -1.409955e-03 9.999929e-01 3.485640e-03 -1.086325e+00 1.095507e-01 -3.310205e-03 9.939758e-01 1.357042e+01
9.937697e-01 -1.391679e-03 1.114439e-01 2.208906e+01 1.778200e-03 9.999927e-01 -3.368977e-03 -1.097065e+00 -1.114385e-01 3.546159e-03 9.937649e-01 1.346864e+01
9.940013e-01 1.797725e-03 -1.093538e-01 2.249242e+01 -1.428634e-03 9.999930e-01 3.453450e-03 -1.111880e+00 1.093592e-01 -3.276509e-03 9.939970e-01 1.348752e+01
9.936880e-01 -1.416432e-03 1.121703e-01 2.283268e+01 1.806246e-03 9.999927e-01 -3.373645e-03 -1.124403e+00 -1.121647e-01 3.554960e-03 9.936832e-01 1.348744e+01
9.945038e-01 1.734571e-03 -1.046862e-01 2.311504e+01 -1.393464e-03 9.999935e-01 3.331432e-03 -1.136415e+00 1.046913e-01 -3.167248e-03 9.944998e-01 1.360291e+01
9.930320e-01 -1.424526e-03 1.178360e-01 2.350206e+01 1.854675e-03 9.999920e-01 -3.540830e-03 -1.152535e+00 -1.178300e-01 3.734707e-03 9.930267e-01 1.378573e+01
9.951936e-01 1.577940e-03 -9.791393e-02 2.379603e+01 -1.279351e-03 9.999943e-01 3.112212e-03 -1.165777e+00 9.791831e-02 -2.971989e-03 9.951901e-01 1.394442e+01
9.944993e-01 -1.309554e-03 1.047354e-01 2.396364e+01 1.652197e-03 9.999936e-01 -3.184817e-03 -1.173523e+00 -1.047306e-01 3.340343e-03 9.944949e-01 1.401033e+01
9.948690e-01 1.621867e-03 -1.011586e-01 2.418689e+01 -1.301143e-03 9.999939e-01 3.236413e-03 -1.182168e+00 1.011632e-01 -3.088187e-03 9.948651e-01 1.400673e+01
9.942818e-01 -1.323683e-03 1.067800e-01 2.443960e+01 1.679384e-03 9.999933e-01 -3.241301e-03 -1.191983e+00 -1.067751e-01 3.402093e-03 9.942773e-01 1.401518e+01
9.953073e-01 1.563489e-03 -9.675179e-02 2.461299e+01 -1.267325e-03 9.999943e-01 3.122451e-03 -1.199740e+00 9.675615e-02 -2.985184e-03 9.953037e-01 1.404596e+01
9.944581e-01 -1.296159e-03 1.051256e-01 2.481128e+01 1.641883e-03 9.999935e-01 -3.202193e-03 -1.211396e+00 -1.051208e-01 3.357053e-03 9.944537e-01 1.431507e+01
9.954815e-01 1.513074e-03 -9.494396e-02 2.487268e+01 -1.225723e-03 9.999945e-01 3.084770e-03 -1.219326e+00 9.494813e-02 -2.954458e-03 9.954779e-01 1.458242e+01
9.952471e-01 -1.255466e-03 9.737363e-02 2.486968e+01 1.557164e-03 9.999942e-01 -3.022421e-03 -1.224710e+00 -9.736929e-02 3.159684e-03 9.952432e-01 1.481412e+01
9.959765e-01 1.453448e-03 -8.960265e-02 2.490449e+01 -1.193249e-03 9.999949e-01 2.957421e-03 -1.232828e+00 8.960651e-02 -2.838605e-03 9.959733e-01 1.512989e+01
9.947515e-01 -1.299398e-03 1.023124e-01 2.504858e+01 1.631585e-03 9.999937e-01 -3.163162e-03 -1.241221e+00 -1.023077e-01 3.313493e-03 9.947472e-01 1.526416e+01
9.959640e-01 1.474918e-03 -8.974192e-02 2.532770e+01 -1.215055e-03 9.999949e-01 2.950230e-03 -1.252259e+00 8.974583e-02 -2.829283e-03 9.959608e-01 1.528705e+01
9.939468e-01 -1.377284e-03 1.098536e-01 2.552243e+01 1.761298e-03 9.999927e-01 -3.398725e-03 -1.263298e+00 -1.098482e-01 3.571639e-03 9.939419e-01 1.548275e+01
9.963132e-01 1.450206e-03 -8.577774e-02 2.584540e+01 -1.214565e-03 9.999953e-01 2.799231e-03 -1.277050e+00 8.578141e-02 -2.684730e-03 9.963105e-01 1.560170e+01
9.941194e-01 -1.375566e-03 1.082808e-01 2.608223e+01 1.747181e-03 9.999929e-01 -3.337157e-03 -1.287350e+00 -1.082755e-01 3.506720e-03 9.941146e-01 1.565939e+01
9.944576e-01 1.691295e-03 -1.051249e-01 2.604156e+01 -1.341485e-03 9.999933e-01 3.398187e-03 -1.288875e+00 1.051299e-01 -3.238331e-03 9.944533e-01 1.570484e+01
9.935681e-01 -1.389333e-03 1.132272e-01 2.618848e+01 1.790905e-03 9.999925e-01 -3.444958e-03 -1.299765e+00 -1.132216e-01 3.625582e-03 9.935630e-01 1.600394e+01
9.946082e-01 1.704986e-03 -1.036905e-01 2.642762e+01 -1.366732e-03 9.999935e-01 3.333108e-03 -1.313778e+00 1.036955e-01 -3.173421e-03 9.946041e-01 1.634180e+01
9.940219e-01 -1.376623e-03 1.091723e-01 2.663035e+01 1.749885e-03 9.999929e-01 -3.323283e-03 -1.326798e+00 -1.091669e-01 3.494457e-03 9.940172e-01 1.669160e+01
9.958424e-01 1.538904e-03 -9.107941e-02 2.686437e+01 -1.278043e-03 9.999949e-01 2.922362e-03 -1.340949e+00 9.108345e-02 -2.793810e-03 9.958394e-01 1.703580e+01
9.939041e-01 -1.406563e-03 1.102394e-01 2.706225e+01 1.786499e-03 9.999928e-01 -3.347764e-03 -1.354724e+00 -1.102339e-01 3.524301e-03 9.938993e-01 1.741351e+01
9.962699e-01 1.493958e-03 -8.627917e-02 2.727566e+01 -1.262136e-03 9.999954e-01 2.741379e-03 -1.368871e+00 8.628287e-02 -2.622258e-03 9.962673e-01 1.777222e+01
9.945485e-01 -1.359727e-03 1.042661e-01 2.754039e+01 1.695735e-03 9.999937e-01 -3.134027e-03 -1.383361e+00 -1.042612e-01 3.293751e-03 9.945444e-01 1.807661e+01
9.960326e-01 1.556396e-03 -8.897569e-02 2.786112e+01 -1.311199e-03 9.999952e-01 2.814160e-03 -1.399387e+00 8.897964e-02 -2.686332e-03 9.960299e-01 1.838549e+01
9.936355e-01 -1.468732e-03 1.126337e-01 2.824706e+01 1.862250e-03 9.999925e-01 -3.388648e-03 -1.416813e+00 -1.126279e-01 3.576834e-03 9.936307e-01 1.865659e+01
9.962394e-01 1.534432e-03 -8.662927e-02 2.850886e+01 -1.302769e-03 9.999954e-01 2.730660e-03 -1.431182e+00 8.663305e-02 -2.607534e-03 9.962370e-01 1.894391e+01
9.928368e-01 -1.605631e-03 1.194678e-01 2.866350e+01 2.049010e-03 9.999915e-01 -3.588541e-03 -1.444392e+00 -1.194610e-01 3.807627e-03 9.928315e-01 1.931962e+01
9.962469e-01 1.586229e-03 -8.654261e-02 2.882783e+01 -1.356662e-03 9.999954e-01 2.711397e-03 -1.458511e+00 8.654650e-02 -2.583812e-03 9.962446e-01 1.972752e+01
9.937273e-01 -1.552593e-03 1.118198e-01 2.894882e+01 1.935951e-03 9.999926e-01 -3.319855e-03 -1.471252e+00 -1.118138e-01 3.515509e-03 9.937229e-01 2.013609e+01
9.967373e-01 1.495637e-03 -8.069978e-02 2.918202e+01 -1.299757e-03 9.999961e-01 2.479744e-03 -1.484644e+00 8.070315e-02 -2.366764e-03 9.967355e-01 2.039232e+01
9.938977e-01 -1.494893e-03 1.102960e-01 2.940796e+01 1.865551e-03 9.999930e-01 -3.257458e-03 -1.499050e+00 -1.102903e-01 3.443343e-03 9.938934e-01 2.072648e+01
9.962489e-01 1.559579e-03 -8.652024e-02 2.962743e+01 -1.332873e-03 9.999955e-01 2.677973e-03 -1.512116e+00 8.652401e-02 -2.552607e-03 9.962466e-01 2.099785e+01
9.941349e-01 -1.457790e-03 1.081375e-01 2.987316e+01 1.812764e-03 9.999933e-01 -3.184381e-03 -1.527876e+00 -1.081321e-01 3.361732e-03 9.941307e-01 2.140581e+01
9.963302e-01 1.506484e-03 -8.558007e-02 3.010008e+01 -1.285567e-03 9.999957e-01 2.636456e-03 -1.542036e+00 8.558364e-02 -2.516762e-03 9.963279e-01 2.174726e+01
9.941060e-01 -1.407583e-03 1.084034e-01 3.034037e+01 1.764147e-03 9.999933e-01 -3.193396e-03 -1.557377e+00 -1.083982e-01 3.365814e-03 9.941018e-01 2.213767e+01
9.967872e-01 1.369888e-03 -8.008362e-02 3.053157e+01 -1.178518e-03 9.999963e-01 2.436840e-03 -1.571440e+00 8.008663e-02 -2.334631e-03 9.967853e-01 2.251749e+01
9.940182e-01 -1.414744e-03 1.092056e-01 3.073431e+01 1.775786e-03 9.999933e-01 -3.208898e-03 -1.584149e+00 -1.092003e-01 3.383629e-03 9.940139e-01 2.279597e+01
9.966903e-01 1.385022e-03 -8.128068e-02 3.096182e+01 -1.189060e-03 9.999963e-01 2.459274e-03 -1.597301e+00 8.128374e-02 -2.354487e-03 9.966883e-01 2.306128e+01
9.942125e-01 -1.336270e-03 1.074235e-01 3.120177e+01 1.684053e-03 9.999936e-01 -3.146840e-03 -1.612989e+00 -1.074186e-01 3.309534e-03 9.942083e-01 2.346217e+01
9.961640e-01 1.468218e-03 -8.749407e-02 3.132642e+01 -1.238986e-03 9.999957e-01 2.674221e-03 -1.628114e+00 8.749757e-02 -2.555558e-03 9.961615e-01 2.400088e+01
9.946150e-01 -1.308616e-03 1.036301e-01 3.143290e+01 1.631710e-03 9.999941e-01 -3.033042e-03 -1.644593e+00 -1.036255e-01 3.185803e-03 9.946112e-01 2.464140e+01
9.964176e-01 1.463124e-03 -8.455619e-02 3.164034e+01 -1.249647e-03 9.999959e-01 2.577545e-03 -1.662784e+00 8.455957e-02 -2.462645e-03 9.964155e-01 2.523936e+01
9.941028e-01 -1.357963e-03 1.084328e-01 3.188946e+01 1.713366e-03 9.999935e-01 -3.184525e-03 -1.679343e+00 -1.084277e-01 3.351530e-03 9.940986e-01 2.567948e+01
9.964232e-01 1.433842e-03 -8.449070e-02 3.214237e+01 -1.221698e-03 9.999960e-01 2.562515e-03 -1.695725e+00 8.449398e-02 -2.450127e-03 9.964211e-01 2.610521e+01
9.943703e-01 -1.353480e-03 1.059518e-01 3.246010e+01 1.690529e-03 9.999938e-01 -3.091411e-03 -1.711537e+00 -1.059469e-01 3.253121e-03 9.943664e-01 2.640485e+01
9.966045e-01 1.373129e-03 -8.232568e-02 3.257542e+01 -1.171132e-03 9.999962e-01 2.501878e-03 -1.723639e+00 8.232875e-02 -2.396968e-03 9.966024e-01 2.679732e+01
9.940475e-01 -1.396148e-03 1.089390e-01 3.265222e+01 1.752981e-03 9.999934e-01 -3.179836e-03 -1.734339e+00 -1.089338e-01 3.351875e-03 9.940433e-01 2.715199e+01
9.960105e-01 1.518396e-03 -8.922333e-02 3.288476e+01 -1.279718e-03 9.999954e-01 2.732212e-03 -1.745796e+00 8.922701e-02 -2.607131e-03 9.960080e-01 2.732386e+01
9.943135e-01 -1.407554e-03 1.064835e-01 3.303845e+01 1.745238e-03 9.999937e-01 -3.078114e-03 -1.755266e+00 -1.064784e-01 3.246448e-03 9.943096e-01 2.752230e+01
9.963824e-01 1.461465e-03 -8.497044e-02 3.308155e+01 -1.247162e-03 9.999959e-01 2.575127e-03 -1.762250e+00 8.497379e-02 -2.459839e-03 9.963802e-01 2.773696e+01
9.953175e-01 -1.285441e-03 9.665078e-02 3.332781e+01 1.561218e-03 9.999949e-01 -2.777768e-03 -1.775578e+00 -9.664666e-02 2.915653e-03 9.953144e-01 2.801507e+01
9.967230e-01 1.354663e-03 -8.087865e-02 3.358088e+01 -1.161086e-03 9.999963e-01 2.440416e-03 -1.788267e+00 8.088159e-02 -2.338511e-03 9.967211e-01 2.823555e+01
9.948304e-01 -1.291882e-03 1.015417e-01 3.384444e+01 1.597029e-03 9.999945e-01 -2.923905e-03 -1.798559e+00 -1.015373e-01 3.070953e-03 9.948269e-01 2.823613e+01
9.953732e-01 1.585054e-03 -9.607155e-02 3.401570e+01 -1.310355e-03 9.999949e-01 2.922344e-03 -1.810341e+00 9.607562e-02 -2.782934e-03 9.953702e-01 2.856944e+01
9.944049e-01 -1.397973e-03 1.056260e-01 3.404856e+01 1.728032e-03 9.999939e-01 -3.033328e-03 -1.821439e+00 -1.056210e-01 3.198880e-03 9.944012e-01 2.903506e+01
9.959193e-01 1.544437e-03 -9.023564e-02 3.409588e+01 -1.302849e-03 9.999954e-01 2.736148e-03 -1.828186e+00 9.023939e-02 -2.607418e-03 9.959168e-01 2.924187e+01
9.949460e-01 -1.382264e-03 1.004022e-01 3.404863e+01 1.677347e-03 9.999945e-01 -2.854648e-03 -1.831426e+00 -1.003976e-01 3.008629e-03 9.949428e-01 2.941004e+01
9.961858e-01 1.508355e-03 -8.724456e-02 3.418773e+01 -1.284803e-03 9.999957e-01 2.618457e-03 -1.838060e+00 8.724807e-02 -2.496377e-03 9.961836e-01 2.944380e+01
9.948653e-01 -1.396027e-03 1.011977e-01 3.435795e+01 1.694738e-03 9.999945e-01 -2.865840e-03 -1.847910e+00 -1.011930e-01 3.022627e-03 9.948621e-01 2.964073e+01
9.965363e-01 1.492115e-03 -8.314617e-02 3.463784e+01 -1.291478e-03 9.999961e-01 2.466808e-03 -1.859864e+00 8.314946e-02 -2.350881e-03 9.965344e-01 2.973913e+01
9.940788e-01 -1.517938e-03 1.086513e-01 3.480849e+01 1.864616e-03 9.999935e-01 -3.089213e-03 -1.870185e+00 -1.086458e-01 3.273513e-03 9.940750e-01 2.993396e+01
9.960529e-01 1.588211e-03 -8.874724e-02 3.492091e+01 -1.357087e-03 9.999955e-01 2.664582e-03 -1.877221e+00 8.875101e-02 -2.533626e-03 9.960507e-01 3.002703e+01
9.938565e-01 -1.566851e-03 1.106648e-01 3.503359e+01 1.926883e-03 9.999932e-01 -3.146471e-03 -1.883116e+00 -1.106591e-01 3.340378e-03 9.938527e-01 3.003373e+01
9.966419e-01 1.507082e-03 -8.186954e-02 3.500901e+01 -1.313793e-03 9.999962e-01 2.414768e-03 -1.885906e+00 8.187279e-02 -2.299098e-03 9.966402e-01 3.007374e+01
9.942944e-01 -1.528700e-03 1.066594e-01 3.508693e+01 1.859267e-03 9.999938e-01 -2.999897e-03 -1.891364e+00 -1.066541e-01 3.181088e-03 9.942910e-01 3.012214e+01
9.963140e-01 1.549805e-03 -8.576768e-02 3.513555e+01 -1.337287e-03 9.999959e-01 2.535245e-03 -1.897109e+00 8.577118e-02 -2.411202e-03 9.963120e-01 3.026479e+01
9.943490e-01 -1.483744e-03 1.061496e-01 3.531880e+01 1.812122e-03 9.999939e-01 -2.997154e-03 -1.907134e+00 -1.061444e-01 3.172571e-03 9.943456e-01 3.042883e+01
9.971467e-01 1.368464e-03 -7.547559e-02 3.548789e+01 -1.206251e-03 9.999969e-01 2.194773e-03 -1.915377e+00 7.547827e-02 -2.097466e-03 9.971453e-01 3.047875e+01
9.941988e-01 -1.490722e-03 1.075479e-01 3.544992e+01 1.826713e-03 9.999938e-01 -3.025653e-03 -1.917376e+00 -1.075427e-01 3.204557e-03 9.941952e-01 3.047757e+01
9.971993e-01 1.310749e-03 -7.477864e-02 3.543678e+01 -1.152886e-03 9.999970e-01 2.154217e-03 -1.919828e+00 7.478115e-02 -2.061970e-03 9.971979e-01 3.046864e+01
9.935595e-01 -1.491880e-03 1.133016e-01 3.544459e+01 1.866171e-03 9.999931e-01 -3.197494e-03 -1.924111e+00 -1.132959e-01 3.388339e-03 9.935554e-01 3.052138e+01
9.966972e-01 1.370471e-03 -8.119695e-02 3.542842e+01 -1.183411e-03 9.999965e-01 2.351879e-03 -1.926165e+00 8.119981e-02 -2.248020e-03 9.966954e-01 3.049080e+01
9.930074e-01 -1.500857e-03 1.180423e-01 3.547228e+01 1.902246e-03 9.999928e-01 -3.287779e-03 -1.928047e+00 -1.180365e-01 3.489332e-03 9.930031e-01 3.029890e+01
9.965764e-01 1.416744e-03 -8.266481e-02 3.558340e+01 -1.226192e-03 9.999965e-01 2.355860e-03 -1.933370e+00 8.266776e-02 -2.246429e-03 9.965747e-01 3.021980e+01
9.935466e-01 -1.454842e-03 1.134149e-01 3.581038e+01 1.822967e-03 9.999934e-01 -3.142172e-03 -1.942168e+00 -1.134095e-01 3.328644e-03 9.935427e-01 3.015026e+01
9.968862e-01 1.337206e-03 -7.884307e-02 3.589264e+01 -1.166256e-03 9.999969e-01 2.214267e-03 -1.946701e+00 7.884569e-02 -2.115419e-03 9.968846e-01 3.008864e+01
9.938964e-01 -1.437754e-03 1.103074e-01 3.591190e+01 1.781691e-03 9.999939e-01 -3.019468e-03 -1.948895e+00 -1.103023e-01 3.197570e-03 9.938929e-01 2.999655e+01
9.965283e-01 1.411357e-03 -8.324268e-02 3.589845e+01 -1.220066e-03 9.999965e-01 2.348843e-03 -1.950542e+00 8.324560e-02 -2.239125e-03 9.965266e-01 2.995950e+01
9.931917e-01 -1.461848e-03 1.164822e-01 3.604466e+01 1.848140e-03 9.999931e-01 -3.208369e-03 -1.956659e+00 -1.164767e-01 3.401799e-03 9.931875e-01 2.986950e+01
9.964150e-01 1.362599e-03 -8.459002e-02 3.614924e+01 -1.163958e-03 9.999964e-01 2.397583e-03 -1.961242e+00 8.459289e-02 -2.290525e-03 9.964130e-01 2.977088e+01
9.937962e-01 -1.358785e-03 1.112082e-01 3.634214e+01 1.709384e-03 9.999939e-01 -3.057328e-03 -1.968485e+00 -1.112033e-01 3.228456e-03 9.937924e-01 2.967163e+01
9.963669e-01 1.311702e-03 -8.515490e-02 3.651921e+01 -1.109800e-03 9.999965e-01 2.418328e-03 -1.975634e+00 8.515767e-02 -2.315035e-03 9.963649e-01 2.962215e+01
9.933784e-01 -1.363805e-03 1.148801e-01 3.655144e+01 1.738780e-03 9.999935e-01 -3.163900e-03 -1.981525e+00 -1.148749e-01 3.342698e-03 9.933743e-01 2.976790e+01
9.967781e-01 1.194250e-03 -8.019991e-02 3.652521e+01 -1.019715e-03 9.999970e-01 2.217208e-03 -1.985793e+00 8.020221e-02 -2.128281e-03 9.967764e-01 2.988625e+01
9.926484e-01 -1.417377e-03 1.210249e-01 3.654129e+01 1.834784e-03 9.999927e-01 -3.337551e-03 -1.990515e+00 -1.210191e-01 3.535066e-03 9.926438e-01 2.994303e+01
9.972349e-01 1.143143e-03 -7.430585e-02 3.652228e+01 -9.938183e-04 9.999974e-01 2.046576e-03 -1.993770e+00 7.430790e-02 -1.967068e-03 9.972335e-01 2.993950e+01
9.929461e-01 -1.362041e-03 1.185580e-01 3.657695e+01 1.760509e-03 9.999931e-01 -3.256269e-03 -1.998684e+00 -1.185526e-01 3.442020e-03 9.929417e-01 2.993827e+01
9.959406e-01 1.413647e-03 -9.000294e-02 3.692963e+01 -1.191542e-03 9.999961e-01 2.521473e-03 -2.012550e+00 9.000605e-02 -2.403992e-03 9.959384e-01 2.997163e+01
9.929274e-01 -1.379359e-03 1.187151e-01 3.730655e+01 1.776015e-03 9.999932e-01 -3.235486e-03 -2.026305e+00 -1.187097e-01 3.423440e-03 9.929231e-01 2.992746e+01
9.961750e-01 1.375569e-03 -8.737025e-02 3.759274e+01 -1.167256e-03 9.999964e-01 2.435332e-03 -2.036400e+00 8.737319e-02 -2.324031e-03 9.961730e-01 2.979661e+01
9.931152e-01 -1.336592e-03 1.171335e-01 3.801458e+01 1.723752e-03 9.999934e-01 -3.204022e-03 -2.051744e+00 -1.171284e-01 3.383869e-03 9.931110e-01 2.975541e+01
9.963986e-01 1.275660e-03 -8.478445e-02 3.834371e+01 -1.079948e-03 9.999966e-01 2.354221e-03 -2.063883e+00 8.478707e-02 -2.254177e-03 9.963966e-01 2.969976e+01
9.915529e-01 -1.443347e-03 1.296944e-01 3.842987e+01 1.918757e-03 9.999919e-01 -3.540716e-03 -2.068924e+00 -1.296882e-01 3.759656e-03 9.915477e-01 2.964499e+01
9.965853e-01 1.257700e-03 -8.256095e-02 3.858498e+01 -1.074368e-03 9.999969e-01 2.265000e-03 -2.076509e+00 8.256344e-02 -2.168562e-03 9.965835e-01 2.961278e+01
9.928769e-01 -1.314370e-03 1.191366e-01 3.892793e+01 1.711797e-03 9.999933e-01 -3.233591e-03 -2.088997e+00 -1.191315e-01 3.414493e-03 9.928726e-01 2.952313e+01
9.967496e-01 1.199975e-03 -8.055357e-02 3.920940e+01 -1.027749e-03 9.999971e-01 2.179506e-03 -2.099862e+00 8.055585e-02 -2.089630e-03 9.967479e-01 2.946439e+01
9.934626e-01 -1.298153e-03 1.141498e-01 3.954619e+01 1.659162e-03 9.999939e-01 -3.067608e-03 -2.112436e+00 -1.141450e-01 3.236944e-03 9.934588e-01 2.942392e+01
9.973623e-01 1.145402e-03 -7.257539e-02 3.976430e+01 -1.007175e-03 9.999976e-01 1.941219e-03 -2.121310e+00 7.257735e-02 -1.863000e-03 9.973611e-01 2.934746e+01
9.942843e-01 -1.255985e-03 1.067566e-01 4.014504e+01 1.572020e-03 9.999946e-01 -2.876198e-03 -2.135347e+00 -1.067523e-01 3.027579e-03 9.942810e-01 2.929983e+01
9.977125e-01 1.053722e-03 -6.759257e-02 4.039907e+01 -9.359917e-04 9.999980e-01 1.773471e-03 -2.145585e+00 6.759422e-02 -1.706146e-03 9.977115e-01 2.926684e+01
9.944329e-01 -1.204993e-03 1.053642e-01 4.070990e+01 1.510890e-03 9.999949e-01 -2.823418e-03 -2.157514e+00 -1.053602e-01 2.966891e-03 9.944297e-01 2.921697e+01
9.975066e-01 1.106875e-03 -7.056554e-02 4.105542e+01 -9.780542e-04 9.999978e-01 1.860143e-03 -2.170142e+00 7.056736e-02 -1.786485e-03 9.975054e-01 2.913725e+01
9.951078e-01 -1.172526e-03 9.878724e-02 4.142396e+01 1.437101e-03 9.999956e-01 -2.607061e-03 -2.182915e+00 -9.878367e-02 2.736272e-03 9.951051e-01 2.902248e+01
9.975307e-01 1.114737e-03 -7.022418e-02 4.183128e+01 -9.891635e-04 9.999978e-01 1.823006e-03 -2.197745e+00 7.022598e-02 -1.749039e-03 9.975296e-01 2.898490e+01
9.953939e-01 -1.138240e-03 9.586249e-02 4.230293e+01 1.386047e-03 9.999959e-01 -2.518426e-03 -2.214751e+00 -9.585915e-02 2.639693e-03 9.953914e-01 2.896723e+01
9.975404e-01 1.111231e-03 -7.008598e-02 4.280550e+01 -9.870722e-04 9.999979e-01 1.806207e-03 -2.232462e+00 7.008776e-02 -1.732583e-03 9.975393e-01 2.892429e+01
9.942462e-01 -1.268703e-03 1.071106e-01 4.309511e+01 1.579911e-03 9.999948e-01 -2.820626e-03 -2.243641e+00 -1.071064e-01 2.973620e-03 9.942431e-01 2.887903e+01
9.972696e-01 1.122982e-03 -7.383901e-02 4.330486e+01 -9.837910e-04 9.999977e-01 1.921483e-03 -2.251738e+00 7.384093e-02 -1.843592e-03 9.972683e-01 2.878963e+01
9.936411e-01 -1.295378e-03 1.125854e-01 4.348858e+01 1.640967e-03 9.999942e-01 -2.976912e-03 -2.259322e+00 -1.125808e-01 3.142728e-03 9.936376e-01 2.871014e+01
9.975434e-01 1.058740e-03 -7.004460e-02 4.362152e+01 -9.359424e-04 9.999980e-01 1.786014e-03 -2.265897e+00 7.004629e-02 -1.716067e-03 9.975423e-01 2.866824e+01
9.941944e-01 -1.220447e-03 1.075906e-01 4.383526e+01 1.534040e-03 9.999948e-01 -2.831922e-03 -2.275259e+00 -1.075865e-01 2.980527e-03 9.941912e-01 2.866280e+01
9.970829e-01 1.098220e-03 -7.631939e-02 4.392247e+01 -9.495031e-04 9.999976e-01 1.984944e-03 -2.279415e+00 7.632133e-02 -1.906686e-03 9.970815e-01 2.856813e+01
9.950130e-01 -1.134210e-03 9.973788e-02 4.407234e+01 1.399665e-03 9.999957e-01 -2.591533e-03 -2.284564e+00 -9.973445e-02 2.718207e-03 9.950104e-01 2.839280e+01
9.967652e-01 1.121598e-03 -8.036205e-02 4.424740e+01 -9.531591e-04 9.999973e-01 2.134405e-03 -2.290156e+00 8.036417e-02 -2.050901e-03 9.967635e-01 2.818893e+01
9.945695e-01 -1.139679e-03 1.040674e-01 4.439089e+01 1.433159e-03 9.999952e-01 -2.745305e-03 -2.295207e+00 -1.040637e-01 2.879540e-03 9.945665e-01 2.802917e+01
9.954874e-01 1.338400e-03 -9.488491e-02 4.461363e+01 -1.100417e-03 9.999961e-01 2.560461e-03 -2.302330e+00 9.488791e-02 -2.444492e-03 9.954850e-01 2.786945e+01
9.944394e-01 -1.145521e-03 1.053029e-01 4.486757e+01 1.448343e-03 9.999950e-01 -2.799243e-03 -2.310897e+00 -1.052992e-01 2.936191e-03 9.944362e-01 2.774517e+01
9.958045e-01 1.283136e-03 -9.149779e-02 4.518310e+01 -1.062177e-03 9.999964e-01 2.463631e-03 -2.321512e+00 9.150057e-02 -2.356107e-03 9.958022e-01 2.762597e+01
9.960245e-01 -8.930475e-04 8.907477e-02 4.535936e+01 1.101655e-03 9.999968e-01 -2.292741e-03 -2.327091e+00 -8.907239e-02 2.381755e-03 9.960223e-01 2.746696e+01
9.943555e-01 1.640001e-03 -1.060882e-01 4.546126e+01 -1.325734e-03 9.999945e-01 3.032827e-03 -2.330238e+00 1.060925e-01 -2.875062e-03 9.943521e-01 2.728802e+01
9.963203e-01 -8.563122e-04 8.570217e-02 4.551264e+01 1.043182e-03 9.999972e-01 -2.135626e-03 -2.333368e+00 -8.570004e-02 2.217169e-03 9.963185e-01 2.722773e+01
9.935433e-01 1.896920e-03 -1.134385e-01 4.560052e+01 -1.527530e-03 9.999932e-01 3.343192e-03 -2.337425e+00 1.134440e-01 -3.148324e-03 9.935394e-01 2.713676e+01
9.945953e-01 -1.273278e-03 1.038193e-01 4.565189e+01 1.578236e-03 9.999947e-01 -2.855247e-03 -2.338791e+00 -1.038151e-01 3.003664e-03 9.945921e-01 2.695883e+01
9.937832e-01 1.809648e-03 -1.113184e-01 4.562216e+01 -1.458806e-03 9.999937e-01 3.233119e-03 -2.335896e+00 1.113235e-01 -3.050626e-03 9.937795e-01 2.662923e+01
9.960698e-01 -9.734371e-04 8.856532e-02 4.562148e+01 1.175529e-03 9.999968e-01 -2.229649e-03 -2.336188e+00 -8.856280e-02 2.324996e-03 9.960679e-01 2.646736e+01
9.931907e-01 2.019808e-03 -1.164831e-01 4.565937e+01 -1.625969e-03 9.999926e-01 3.476054e-03 -2.338594e+00 1.164892e-01 -3.262984e-03 9.931866e-01 2.636931e+01
9.962358e-01 -9.949850e-04 8.667753e-02 4.579836e+01 1.188629e-03 9.999969e-01 -2.182435e-03 -2.345316e+00 -8.667502e-02 2.277245e-03 9.962340e-01 2.636081e+01
9.926759e-01 2.179419e-03 -1.207887e-01 4.589480e+01 -1.752108e-03 9.999918e-01 3.643811e-03 -2.350388e+00 1.207956e-01 -3.405486e-03 9.926716e-01 2.631743e+01
9.963475e-01 -9.991491e-04 8.538388e-02 4.595201e+01 1.179863e-03 9.999972e-01 -2.065994e-03 -2.354489e+00 -8.538150e-02 2.159187e-03 9.963460e-01 2.629411e+01
9.929336e-01 2.152711e-03 -1.186525e-01 4.601380e+01 -1.749352e-03 9.999923e-01 3.503587e-03 -2.359072e+00 1.186591e-01 -3.271262e-03 9.929297e-01 2.630579e+01
9.961891e-01 -1.105902e-03 8.721195e-02 4.606593e+01 1.295446e-03 9.999969e-01 -2.116755e-03 -2.363857e+00 -8.720926e-02 2.221664e-03 9.961875e-01 2.635738e+01
9.934105e-01 2.139552e-03 -1.145917e-01 4.620770e+01 -1.769433e-03 9.999929e-01 3.331548e-03 -2.370206e+00 1.145980e-01 -3.106831e-03 9.934071e-01 2.632022e+01
9.959867e-01 -1.201788e-03 8.949254e-02 4.631571e+01 1.404036e-03 9.999966e-01 -2.196972e-03 -2.375738e+00 -8.948952e-02 2.313803e-03 9.959851e-01 2.630484e+01
9.929200e-01 2.297645e-03 -1.187632e-01 4.647967e+01 -1.896431e-03 9.999921e-01 3.491209e-03 -2.383634e+00 1.187702e-01 -3.241263e-03 9.929165e-01 2.632748e+01
9.958389e-01 -1.268078e-03 9.112190e-02 4.666686e+01 1.475389e-03 9.999965e-01 -2.207728e-03 -2.392950e+00 -9.111870e-02 2.332980e-03 9.958373e-01 2.641472e+01
9.927650e-01 2.352628e-03 -1.200511e-01 4.682789e+01 -1.946057e-03 9.999920e-01 3.503808e-03 -2.400814e+00 1.200583e-01 -3.244829e-03 9.927616e-01 2.644110e+01
9.956767e-01 -1.346210e-03 9.287609e-02 4.698315e+01 1.562710e-03 9.999962e-01 -2.258329e-03 -2.407034e+00 -9.287261e-02 2.393702e-03 9.956751e-01 2.634740e+01
9.929481e-01 2.360542e-03 -1.185268e-01 4.703202e+01 -1.968846e-03 9.999922e-01 3.421720e-03 -2.408682e+00 1.185338e-01 -3.164227e-03 9.929450e-01 2.616095e+01
9.954372e-01 -1.448504e-03 9.540694e-02 4.708420e+01 1.682780e-03 9.999958e-01 -2.375091e-03 -2.410381e+00 -9.540300e-02 2.524801e-03 9.954355e-01 2.597513e+01
9.925692e-01 2.443837e-03 -1.216576e-01 4.718020e+01 -2.028651e-03 9.999917e-01 3.536519e-03 -2.412683e+00 1.216652e-01 -3.263437e-03 9.925659e-01 2.570606e+01
9.952665e-01 -1.430677e-03 9.717210e-02 4.720880e+01 1.674022e-03 9.999957e-01 -2.422754e-03 -2.411587e+00 -9.716813e-02 2.573952e-03 9.952646e-01 2.534474e+01
9.925274e-01 2.453563e-03 -1.219980e-01 4.719888e+01 -2.033094e-03 9.999916e-01 3.570923e-03 -2.409254e+00 1.220056e-01 -3.296204e-03 9.925240e-01 2.497564e+01
9.954826e-01 -1.438947e-03 9.493213e-02 4.723152e+01 1.664039e-03 9.999960e-01 -2.291931e-03 -2.410258e+00 -9.492836e-02 2.439546e-03 9.954811e-01 2.477388e+01
