9.992763e-01 -4.842851e-04 3.803444e-02 3.589606e-02 5.299729e-04 9.999992e-01 -1.191148e-03 -6.205928e-03 -3.803383e-02 1.210443e-03 9.992758e-01 1.379305e-01
9.999637e-01 -6.042577e-05 8.515063e-03 9.699553e-02 6.270153e-05 1.000000e+00 -2.669955e-04 -1.403335e-02 -8.515038e-03 2.675200e-04 9.999636e-01 3.090330e-01
9.992385e-01 -4.953289e-04 3.901511e-02 1.642701e-01 5.431614e-04 9.999991e-01 -1.215410e-03 -2.197679e-02 -3.901449e-02 1.235676e-03 9.992380e-01 4.759427e-01
9.999685e-01 -6.366544e-05 7.931593e-03 2.214746e-01 6.564742e-05 1.000000e+00 -2.496217e-04 -2.966491e-02 -7.931559e-03 2.501344e-04 9.999684e-01 6.427870e-01
9.993091e-01 -4.813078e-04 3.716379e-02 2.837496e-01 5.251725e-04 9.999992e-01 -1.170554e-03 -3.842753e-02 -3.716322e-02 1.189263e-03 9.993086e-01 8.654861e-01
9.999040e-01 -1.319985e-04 1.385693e-02 3.478247e-01 1.376451e-04 9.999999e-01 -4.065343e-04 -4.585344e-02 -1.385685e-02 4.084022e-04 9.999038e-01 9.988623e-01
9.996449e-01 -2.887470e-04 2.664513e-02 6.076015e-01 3.118808e-04 9.999996e-01 -8.640723e-04 -5.782262e-02 -2.664490e-02 8.720761e-04 9.996447e-01 1.088395e+00
9.999414e-01 -7.187181e-05 1.082189e-02 9.423727e-01 7.515360e-05 1.000000e+00 -3.028376e-04 -7.172552e-02 -1.082183e-02 3.036326e-04 9.999413e-01 1.143992e+00
9.996414e-01 -3.427254e-04 2.677549e-02 1.259848e+00 3.660052e-04 9.999996e-01 -8.645513e-04 -8.491677e-02 -2.677522e-02 8.740420e-04 9.996412e-01 1.209113e+00
9.999563e-01 -3.039233e-05 9.351957e-03 1.543769e+00 3.288430e-05 1.000000e+00 -2.662900e-04 -9.767177e-02 -9.351907e-03 2.665850e-04 9.999561e-01 1.306908e+00
9.995773e-01 -3.791179e-04 2.907133e-02 1.748507e+00 4.069618e-04 9.999995e-01 -9.518765e-04 -1.092858e-01 -2.907099e-02 9.633060e-04 9.995770e-01 1.491480e+00
9.999729e-01 -3.929282e-05 7.365632e-03 1.909053e+00 4.083674e-05 1.000000e+00 -2.094206e-04 -1.185750e-01 -7.365576e-03 2.097146e-04 9.999728e-01 1.601283e+00
9.993020e-01 -4.879506e-04 3.735406e-02 1.974737e+00 5.331190e-04 9.999991e-01 -1.199253e-03 -1.272684e-01 -3.735349e-02 1.218331e-03 9.993015e-01 1.806363e+00
9.999991e-01 7.937384e-05 1.310129e-03 2.180371e+00 -7.937012e-05 1.000000e+00 -2.564860e-06 -1.377082e-01 -1.310074e-03 2.459504e-06 9.999991e-01 1.891205e+00
9.993114e-01 -5.144872e-04 3.710081e-02 2.446414e+00 5.584111e-04 9.999992e-01 -1.173566e-03 -1.487709e-01 -3.710023e-02 1.193477e-03 9.993109e-01 1.904960e+00
9.999898e-01 3.141627e-05 4.508868e-03 2.510827e+00 -3.079477e-05 1.000000e+00 -1.377831e-04 -1.538648e-01 -4.508811e-03 1.376413e-04 9.999897e-01 1.906694e+00
9.999310e-01 -3.171486e-05 1.174926e-02 2.592443e+00 3.519747e-05 1.000000e+00 -2.962538e-04 -1.608364e-01 -1.174932e-02 2.966485e-04 9.999310e-01 2.012386e+00
9.997336e-01 -3.117190e-04 2.307848e-02 2.917378e+00 3.301008e-04 9.999996e-01 -7.926598e-04 -1.747546e-01 -2.307816e-02 8.000651e-04 9.997333e-01 2.101481e+00
9.999746e-01 -2.400819e-05 7.134277e-03 3.218212e+00 2.506501e-05 1.000000e+00 -1.481444e-04 -1.879157e-01 -7.134341e-03 1.483213e-04 9.999746e-01 2.209119e+00
9.996834e-01 -3.325865e-04 2.515746e-02 3.474465e+00 3.544346e-04 9.999996e-01 -8.639712e-04 -1.983457e-01 -2.515709e-02 8.726124e-04 9.996830e-01 2.215802e+00
9.999858e-01 -4.333408e-05 5.322495e-03 3.612816e+00 4.379733e-05 1.000000e+00 -8.708084e-05 -2.070306e-01 -5.322564e-03 8.731471e-05 9.999859e-01 2.335668e+00
9.998210e-01 -1.209592e-04 1.891665e-02 4.058457e+00 1.337005e-04 9.999998e-01 -6.722385e-04 -2.255829e-01 -1.891649e-02 6.746454e-04 9.998208e-01 2.527599e+00
9.999842e-01 -2.714944e-05 5.626576e-03 4.676494e+00 2.769441e-05 1.000000e+00 -9.695210e-05 -2.480539e-01 -5.626649e-03 9.710850e-05 9.999842e-01 2.590423e+00
9.997245e-01 -2.071188e-04 2.346821e-02 5.253018e+00 2.262676e-04 9.999996e-01 -8.132531e-04 -2.691785e-01 -2.346796e-02 8.183370e-04 9.997242e-01 2.654052e+00
9.999995e-01 9.618920e-05 -1.037388e-03 5.859382e+00 -9.606977e-05 1.000000e+00 1.162508e-04 -2.913645e-01 1.037321e-03 -1.161488e-04 9.999995e-01 2.736782e+00
9.998319e-01 -1.861526e-04 1.833426e-02 6.393702e+00 1.981390e-04 9.999998e-01 -6.518974e-04 -3.128650e-01 -1.833406e-02 6.554182e-04 9.998316e-01 2.966601e+00
9.999894e-01 9.960252e-05 -4.601669e-03 6.860644e+00 -9.873368e-05 1.000000e+00 1.892986e-04 -3.319815e-01 4.601607e-03 -1.888400e-04 9.999895e-01 3.190248e+00
9.998154e-01 -1.893556e-04 1.921011e-02 7.362923e+00 2.021817e-04 9.999998e-01 -6.656740e-04 -3.511994e-01 -1.920990e-02 6.694328e-04 9.998152e-01 3.314259e+00
9.999925e-01 1.202406e-04 -3.880135e-03 7.951912e+00 -1.196953e-04 1.000000e+00 1.410906e-04 -3.730867e-01 3.880069e-03 -1.406228e-04 9.999925e-01 3.450682e+00
9.996316e-01 -3.063440e-04 2.713906e-02 8.527671e+00 3.296168e-04 9.999996e-01 -8.530236e-04 -3.937705e-01 -2.713870e-02 8.616524e-04 9.996312e-01 3.476703e+00
9.999171e-01 2.489069e-04 -1.287299e-02 9.054350e+00 -2.437965e-04 9.999999e-01 3.986663e-04 -4.140392e-01 1.287300e-02 -3.954925e-04 9.999171e-01 3.650546e+00
9.998572e-01 -1.999508e-04 1.689708e-02 9.505357e+00 2.092375e-04 9.999998e-01 -5.477569e-04 -4.329804e-01 -1.689688e-02 5.512118e-04 9.998570e-01 3.912047e+00
9.999829e-01 1.845705e-04 -5.857047e-03 1.010013e+01 -1.834642e-04 1.000000e+00 1.896509e-04 -4.550586e-01 5.856997e-03 -1.885707e-04 9.999829e-01 4.056989e+00
9.998970e-01 -1.725099e-04 1.434621e-02 1.067989e+01 1.792616e-04 9.999999e-01 -4.692444e-04 -4.763660e-01 -1.434604e-02 4.717653e-04 9.998969e-01 4.161335e+00
9.999767e-01 1.892272e-04 -6.829092e-03 1.117913e+01 -1.876548e-04 1.000000e+00 2.310939e-04 -4.954823e-01 6.829049e-03 -2.298045e-04 9.999767e-01 4.300743e+00
9.999548e-01 -1.226662e-04 9.503566e-03 1.174606e+01 1.262686e-04 9.999999e-01 -3.783070e-04 -5.158103e-01 -9.503433e-03 3.794874e-04 9.999547e-01 4.351951e+00
9.999625e-01 2.008096e-04 -8.659204e-03 1.228194e+01 -1.983324e-04 9.999999e-01 2.871116e-04 -5.358971e-01 8.659175e-03 -2.853809e-04 9.999625e-01 4.471864e+00
9.999355e-01 -1.295657e-04 1.135373e-02 1.284068e+01 1.343650e-04 9.999999e-01 -4.218187e-04 -5.571192e-01 -1.135359e-02 4.233146e-04 9.999354e-01 4.633530e+00
9.999950e-01 1.439565e-04 -3.166053e-03 1.325803e+01 -1.433880e-04 1.000000e+00 1.802689e-04 -5.747296e-01 3.165992e-03 -1.798115e-04 9.999950e-01 4.877390e+00
9.999806e-01 -1.146661e-04 6.216098e-03 1.349217e+01 1.163560e-04 1.000000e+00 -2.712674e-04 -5.887022e-01 -6.215979e-03 2.719829e-04 9.999806e-01 5.219780e+00
1.000000e+00 1.457140e-04 6.390747e-05 1.398022e+01 -1.457191e-04 1.000000e+00 5.713035e-05 -6.088359e-01 -6.398653e-05 -5.713713e-05 1.000000e+00 5.482416e+00
9.999832e-01 -1.052980e-04 5.793918e-03 1.450006e+01 1.068668e-04 1.000000e+00 -2.701992e-04 -6.287929e-01 -5.793802e-03 2.708113e-04 9.999831e-01 5.662453e+00
9.999955e-01 1.016072e-04 3.009277e-03 1.506242e+01 -1.015968e-04 1.000000e+00 -4.125427e-06 -6.492072e-01 -3.009365e-03 3.822233e-06 9.999955e-01 5.747948e+00
9.999813e-01 -1.437022e-04 6.102338e-03 1.537415e+01 1.452225e-04 1.000000e+00 -2.484428e-04 -6.641834e-01 -6.102214e-03 2.493218e-04 9.999813e-01 6.020215e+00
9.999927e-01 1.029888e-04 3.824690e-03 1.569996e+01 -1.028488e-04 1.000000e+00 -3.722721e-05 -6.789258e-01 -3.824783e-03 3.683616e-05 9.999928e-01 6.234959e+00
9.999912e-01 -1.329261e-04 4.197606e-03 1.601787e+01 1.336889e-04 1.000000e+00 -1.810532e-04 -6.923012e-01 -4.197493e-03 1.816102e-04 9.999911e-01 6.379353e+00
9.999970e-01 1.564857e-04 -2.444964e-03 1.629732e+01 -1.561636e-04 1.000000e+00 1.326155e-04 -7.049963e-01 2.444896e-03 -1.322307e-04 9.999971e-01 6.551719e+00
9.999824e-01 -1.290716e-04 5.927300e-03 1.646977e+01 1.304232e-04 1.000000e+00 -2.273708e-04 -7.183118e-01 -5.927181e-03 2.281372e-04 9.999823e-01 6.963045e+00
9.999999e-01 8.954319e-05 -5.305182e-04 1.662389e+01 -8.951186e-05 1.000000e+00 6.219438e-05 -7.290524e-01 5.304340e-04 -6.214428e-05 9.999999e-01 7.256348e+00
9.999929e-01 -6.188921e-05 3.747201e-03 1.701941e+01 6.251479e-05 1.000000e+00 -1.663894e-04 -7.442743e-01 -3.747100e-03 1.666199e-04 9.999929e-01 7.343425e+00
9.999953e-01 9.009198e-05 -3.065240e-03 1.742541e+01 -8.973479e-05 1.000000e+00 1.172094e-04 -7.599678e-01 3.065161e-03 -1.169312e-04 9.999954e-01 7.406941e+00
9.999854e-01 -4.742345e-05 5.407233e-03 1.788346e+01 4.849832e-05 1.000000e+00 -1.983477e-04 -7.748573e-01 -5.407134e-03 1.986045e-04 9.999853e-01 7.230977e+00
9.999998e-01 1.332611e-05 6.626093e-04 1.810901e+01 -1.335924e-05 1.000000e+00 4.744298e-05 -7.832358e-01 -6.626990e-04 -4.744920e-05 9.999999e-01 7.191082e+00
9.999714e-01 -4.805084e-05 7.553019e-03 1.835263e+01 5.018215e-05 1.000000e+00 -2.817684e-04 -7.969677e-01 -7.552915e-03 2.821368e-04 9.999714e-01 7.498789e+00
1.000000e+00 -1.381932e-05 1.775418e-04 1.836533e+01 1.380147e-05 1.000000e+00 9.083657e-05 -8.046143e-01 -1.776341e-04 -9.083147e-05 1.000000e+00 7.828031e+00
9.999977e-01 2.981431e-05 2.111767e-03 1.837556e+01 -2.940953e-05 1.000000e+00 -1.908975e-04 -8.162622e-01 -2.111682e-03 1.908323e-04 9.999977e-01 8.344391e+00
9.999768e-01 -8.382725e-05 6.812376e-03 1.861804e+01 8.428181e-05 1.000000e+00 -6.669504e-05 -8.302908e-01 -6.812462e-03 6.727033e-05 9.999769e-01 8.679515e+00
9.999988e-01 9.509774e-05 -1.558341e-03 1.879388e+01 -9.523645e-05 1.000000e+00 -9.007673e-05 -8.439138e-01 1.558424e-03 9.022237e-05 9.999987e-01 9.102581e+00
9.999929e-01 -5.884355e-05 3.777221e-03 1.894145e+01 5.876539e-05 1.000000e+00 2.033558e-05 -8.569624e-01 -3.777314e-03 -2.011079e-05 9.999929e-01 9.533355e+00
9.999995e-01 1.115771e-04 -9.656641e-04 1.920783e+01 -1.116848e-04 1.000000e+00 -1.133059e-04 -8.723304e-01 9.657434e-04 1.134111e-04 9.999995e-01 9.913030e+00
9.999930e-01 -8.037571e-05 3.736309e-03 1.934892e+01 8.017613e-05 1.000000e+00 5.308761e-05 -8.849436e-01 -3.736405e-03 -5.278500e-05 9.999931e-01 1.032906e+01
9.999975e-01 8.864364e-05 -2.215743e-03 1.952713e+01 -8.886459e-05 1.000000e+00 -1.004255e-04 -8.958189e-01 2.215827e-03 1.006195e-04 9.999975e-01 1.058600e+01
9.999893e-01 -3.988714e-05 4.636852e-03 1.998888e+01 3.991882e-05 1.000000e+00 -7.127415e-06 -9.137332e-01 -4.636944e-03 7.315119e-06 9.999893e-01 1.072143e+01
9.999989e-01 2.271925e-05 1.467078e-03 2.029424e+01 -2.249346e-05 1.000000e+00 -1.526881e-04 -9.261747e-01 -1.466989e-03 1.526523e-04 9.999988e-01 1.083194e+01
9.999981e-01 1.223169e-06 1.948713e-03 2.064571e+01 -1.320965e-06 1.000000e+00 4.924785e-05 -9.403643e-01 -1.948806e-03 -4.924764e-05 9.999982e-01 1.095893e+01
9.999664e-01 -3.642731e-05 8.189356e-03 2.101369e+01 3.920571e-05 9.999999e-01 -3.388865e-04 -9.558974e-01 -8.189250e-03 3.391935e-04 9.999663e-01 1.116162e+01
9.999711e-01 -6.347288e-05 7.609782e-03 2.141881e+01 6.439757e-05 1.000000e+00 -1.215162e-04 -9.726026e-01 -7.609868e-03 1.220054e-04 9.999711e-01 1.134928e+01
9.999683e-01 -1.189841e-05 7.962483e-03 2.190516e+01 1.468746e-05 9.999999e-01 -3.499749e-04 -9.924986e-01 -7.962384e-03 3.500780e-04 9.999682e-01 1.158862e+01
9.999681e-01 -6.777777e-05 7.990403e-03 2.236752e+01 6.877987e-05 1.000000e+00 -1.253861e-04 -1.011573e+00 -7.990489e-03 1.259344e-04 9.999681e-01 1.182946e+01
9.999999e-01 1.065333e-04 2.461374e-04 2.284408e+01 -1.064989e-04 1.000000e+00 -1.317592e-04 -1.031057e+00 -2.460567e-04 1.317302e-04 9.999999e-01 1.207851e+01
9.999564e-01 -1.407429e-04 9.338245e-03 2.318917e+01 1.419937e-04 1.000000e+00 -1.334932e-04 -1.046507e+00 -9.338321e-03 1.348162e-04 9.999565e-01 1.232730e+01
9.999932e-01 1.785129e-04 -3.676519e-03 2.356849e+01 -1.786264e-04 1.000000e+00 -3.111343e-05 -1.062912e+00 3.676608e-03 3.176718e-05 9.999932e-01 1.257125e+01
9.999478e-01 -1.155790e-04 1.021903e-02 2.408006e+01 1.175269e-04 1.000000e+00 -1.902150e-04 -1.083395e+00 -1.021910e-02 1.914089e-04 9.999478e-01 1.280624e+01
9.999984e-01 1.695722e-04 -1.759614e-03 2.463338e+01 -1.697161e-04 1.000000e+00 -8.284103e-05 -1.104932e+00 1.759696e-03 8.313675e-05 9.999984e-01 1.302421e+01
9.999430e-01 -1.057440e-04 1.068390e-02 2.523928e+01 1.078054e-04 1.000000e+00 -1.925702e-04 -1.127813e+00 -1.068397e-02 1.937138e-04 9.999430e-01 1.321781e+01
9.999861e-01 1.572975e-04 -5.266854e-03 2.574339e+01 -1.572642e-04 1.000000e+00 6.340635e-06 -1.147262e+00 5.266951e-03 -5.515047e-06 9.999861e-01 1.338311e+01
9.999562e-01 -7.928236e-05 9.366067e-03 2.637094e+01 8.100731e-05 1.000000e+00 -1.840178e-04 -1.170379e+00 -9.366148e-03 1.847712e-04 9.999562e-01 1.350520e+01
9.999956e-01 1.430450e-04 -2.951643e-03 2.692122e+01 -1.430602e-04 1.000000e+00 -5.672271e-06 -1.190925e+00 2.951739e-03 6.091713e-06 9.999956e-01 1.364653e+01
9.999611e-01 -1.547314e-04 8.820426e-03 2.722659e+01 1.560266e-04 1.000000e+00 -1.464048e-04 -1.203159e+00 -8.820500e-03 1.477782e-04 9.999612e-01 1.373069e+01
9.999932e-01 1.829604e-04 -3.661008e-03 2.759290e+01 -1.830064e-04 1.000000e+00 -1.281122e-05 -1.219109e+00 3.661103e-03 1.347832e-05 9.999932e-01 1.396292e+01
9.999743e-01 -1.137206e-04 7.175856e-03 2.814580e+01 1.146830e-04 1.000000e+00 -1.340132e-04 -1.240097e+00 -7.175938e-03 1.348355e-04 9.999743e-01 1.412022e+01
9.999855e-01 1.581425e-04 -5.383257e-03 2.856601e+01 -1.578289e-04 1.000000e+00 5.825652e-05 -1.256678e+00 5.383363e-03 -5.740885e-05 9.999854e-01 1.424886e+01
9.999799e-01 -1.231688e-04 6.340512e-03 2.877215e+01 1.237429e-04 1.000000e+00 -9.048953e-05 -1.269865e+00 -6.340597e-03 9.127513e-05 9.999800e-01 1.459156e+01
9.999909e-01 1.258835e-04 -4.248774e-03 2.898527e+01 -1.256671e-04 1.000000e+00 5.067244e-05 -1.278813e+00 4.248878e-03 -5.014086e-05 9.999909e-01 1.462557e+01
9.999128e-01 -1.814505e-04 1.320378e-02 2.923271e+01 1.853672e-04 9.999999e-01 -2.955782e-04 -1.289934e+00 -1.320382e-02 2.980028e-04 9.999128e-01 1.473892e+01
9.999564e-01 2.023016e-04 -9.331026e-03 2.953586e+01 -2.005184e-04 1.000000e+00 1.917962e-04 -1.303951e+00 9.331162e-03 -1.899196e-04 9.999564e-01 1.496321e+01
9.999368e-01 -1.828544e-04 1.124297e-02 2.977977e+01 1.854566e-04 1.000000e+00 -2.306061e-04 -1.314755e+00 -1.124302e-02 2.326795e-04 9.999368e-01 1.506617e+01
9.999451e-01 2.191100e-04 -1.047636e-02 3.017511e+01 -2.170756e-04 1.000000e+00 1.951084e-04 -1.330111e+00 1.047650e-02 -1.928264e-04 9.999450e-01 1.513206e+01
9.999056e-01 -1.824511e-04 1.374185e-02 3.048559e+01 1.862360e-04 9.999999e-01 -2.743142e-04 -1.343757e+00 -1.374190e-02 2.768504e-04 9.999056e-01 1.530000e+01
9.999800e-01 1.566660e-04 -6.312472e-03 3.068385e+01 -1.561777e-04 1.000000e+00 7.747095e-05 -1.356817e+00 6.312582e-03 -7.648636e-05 9.999800e-01 1.565014e+01
9.998903e-01 -1.945048e-04 1.481272e-02 3.098623e+01 1.991193e-04 9.999999e-01 -3.102023e-04 -1.371778e+00 -1.481275e-02 3.131207e-04 9.998903e-01 1.593486e+01
9.999395e-01 1.514117e-04 -1.099880e-02 3.104164e+01 -1.489406e-04 1.000000e+00 2.252733e-04 -1.376527e+00 1.099893e-02 -2.236244e-04 9.999394e-01 1.601497e+01
9.998402e-01 -2.105510e-04 1.787999e-02 3.120662e+01 2.175723e-04 9.999999e-01 -3.908780e-04 -1.384028e+00 -1.788000e-02 3.947086e-04 9.998401e-01 1.606320e+01
9.998774e-01 2.009377e-04 -1.565329e-02 3.121571e+01 -1.954532e-04 9.999999e-01 3.517465e-04 -1.390364e+00 1.565346e-02 -3.486468e-04 9.998774e-01 1.631936e+01
9.998145e-01 -2.007310e-04 1.926098e-02 3.149805e+01 2.095013e-04 9.999999e-01 -4.534441e-04 -1.401178e+00 -1.926099e-02 4.573980e-04 9.998144e-01 1.633317e+01
9.998826e-01 2.331128e-04 -1.532061e-02 3.184516e+01 -2.278410e-04 9.999999e-01 3.456921e-04 -1.414632e+00 1.532079e-02 -3.421637e-04 9.998825e-01 1.640149e+01
9.997913e-01 -2.524883e-04 2.042805e-02 3.208089e+01 2.621931e-04 9.999999e-01 -4.725052e-04 -1.424636e+00 -2.042802e-02 4.777655e-04 9.997913e-01 1.648034e+01
9.998551e-01 2.548384e-04 -1.702014e-02 3.219021e+01 -2.481643e-04 9.999999e-01 3.940926e-04 -1.435253e+00 1.702034e-02 -3.898145e-04 9.998550e-01 1.684133e+01
9.997283e-01 -2.735094e-04 2.330902e-02 3.250001e+01 2.867459e-04 9.999998e-01 -5.646329e-04 -1.447550e+00 -2.330895e-02 5.711661e-04 9.997282e-01 1.690685e+01
9.998811e-01 2.710852e-04 -1.541493e-02 3.290147e+01 -2.656818e-04 9.999999e-01 3.524135e-04 -1.462672e+00 1.541512e-02 -3.482789e-04 9.998811e-01 1.697330e+01
9.997626e-01 -2.356334e-04 2.178814e-02 3.338045e+01 2.474196e-04 9.999998e-01 -5.383630e-04 -1.480216e+00 -2.178811e-02 5.436289e-04 9.997625e-01 1.702926e+01
9.998303e-01 2.778968e-04 -1.841546e-02 3.369444e+01 -2.695240e-04 9.999999e-01 4.570019e-04 -1.494040e+00 1.841568e-02 -4.519638e-04 9.998303e-01 1.721603e+01
9.997787e-01 -2.395606e-04 2.103819e-02 3.397473e+01 2.504123e-04 9.999998e-01 -5.132939e-04 -1.507058e+00 -2.103817e-02 5.184514e-04 9.997786e-01 1.741546e+01
9.998396e-01 2.201171e-04 -1.790456e-02 3.403692e+01 -2.124644e-04 9.999999e-01 4.291762e-04 -1.515581e+00 1.790475e-02 -4.253061e-04 9.998395e-01 1.772342e+01
9.997488e-01 -2.313884e-04 2.241486e-02 3.426033e+01 2.436043e-04 9.999998e-01 -5.423695e-04 -1.527087e+00 -2.241483e-02 5.476964e-04 9.997487e-01 1.793029e+01
9.998989e-01 2.196991e-04 -1.421549e-02 3.455917e+01 -2.151837e-04 9.999999e-01 3.189842e-04 -1.541775e+00 1.421566e-02 -3.158958e-04 9.998988e-01 1.821926e+01
9.996368e-01 -3.499127e-04 2.694953e-02 3.474760e+01 3.677614e-04 9.999997e-01 -6.574399e-04 -1.554418e+00 -2.694939e-02 6.671150e-04 9.996366e-01 1.856723e+01
9.998369e-01 3.386087e-04 -1.805401e-02 3.484329e+01 -3.308455e-04 9.999999e-01 4.328379e-04 -1.566410e+00 1.805425e-02 -4.267970e-04 9.998369e-01 1.900709e+01
9.998323e-01 -2.858667e-04 1.831266e-02 3.495624e+01 2.936563e-04 9.999999e-01 -4.228167e-04 -1.579499e+00 -1.831264e-02 4.281263e-04 9.998323e-01 1.948529e+01
9.998562e-01 3.487275e-04 -1.695170e-02 3.515436e+01 -3.422468e-04 9.999999e-01 3.850511e-04 -1.593779e+00 1.695193e-02 -3.791970e-04 9.998562e-01 1.991066e+01
9.995820e-01 -4.393675e-04 2.891032e-02 3.545874e+01 4.599350e-04 9.999996e-01 -7.048686e-04 -1.609227e+00 -2.891010e-02 7.178737e-04 9.995818e-01 2.023443e+01
9.998274e-01 4.315394e-04 -1.857371e-02 3.580752e+01 -4.240401e-04 9.999998e-01 4.075482e-04 -1.624124e+00 1.857398e-02 -3.996047e-04 9.998274e-01 2.042773e+01
9.994674e-01 -5.223790e-04 3.263083e-02 3.627786e+01 5.490055e-04 9.999995e-01 -8.071189e-04 -1.642275e+00 -3.263049e-02 8.246064e-04 9.994672e-01 2.057490e+01
9.996641e-01 5.801953e-04 -2.591045e-02 3.664168e+01 -5.641649e-04 9.999996e-01 6.258844e-04 -1.659078e+00 2.591090e-02 -6.110592e-04 9.996640e-01 2.087906e+01
9.995088e-01 -5.814948e-04 3.133446e-02 3.675125e+01 6.059017e-04 9.999995e-01 -7.695110e-04 -1.671251e+00 -3.133410e-02 7.881215e-04 9.995087e-01 2.132065e+01
9.996852e-01 5.703741e-04 -2.507993e-02 3.686938e+01 -5.550152e-04 9.999997e-01 6.192416e-04 -1.683424e+00 2.508037e-02 -6.051298e-04 9.996852e-01 2.174939e+01
9.991394e-01 -7.627086e-04 4.147133e-02 3.698651e+01 8.069702e-04 9.999991e-01 -1.050617e-03 -1.693386e+00 -4.147059e-02 1.083182e-03 9.991392e-01 2.203958e+01
9.998452e-01 5.113810e-04 -1.758673e-02 3.709830e+01 -5.052319e-04 9.999998e-01 3.539220e-04 -1.699827e+00 1.758700e-02 -3.449847e-04 9.998452e-01 2.208648e+01
9.994487e-01 -6.345033e-04 3.319699e-02 3.737318e+01 6.607252e-04 9.999995e-01 -7.790094e-04 -1.713382e+00 -3.319658e-02 8.005169e-04 9.994486e-01 2.232143e+01
9.996855e-01 6.270283e-04 -2.506688e-02 3.763059e+01 -6.131438e-04 9.999997e-01 5.614612e-04 -1.726880e+00 2.506732e-02 -5.459180e-04 9.996856e-01 2.259695e+01
9.994668e-01 -6.699805e-04 3.264475e-02 3.789202e+01 6.942127e-04 9.999995e-01 -7.310617e-04 -1.737394e+00 -3.264434e-02 7.533373e-04 9.994668e-01 2.265118e+01
9.996017e-01 6.872858e-04 -2.821041e-02 3.817852e+01 -6.703792e-04 9.999996e-01 6.086483e-04 -1.749852e+00 2.821092e-02 -5.894971e-04 9.996018e-01 2.279542e+01
9.994349e-01 -6.098693e-04 3.360820e-02 3.876913e+01 6.364272e-04 9.999995e-01 -7.796166e-04 -1.770911e+00 -3.360781e-02 8.005683e-04 9.994348e-01 2.284608e+01
9.996411e-01 6.685590e-04 -2.678084e-02 3.928856e+01 -6.530557e-04 9.999996e-01 5.875232e-04 -1.790064e+00 2.678133e-02 -5.698258e-04 9.996411e-01 2.294655e+01
9.994417e-01 -6.441921e-04 3.340647e-02 3.969798e+01 6.698140e-04 9.999995e-01 -7.558773e-04 -1.805708e+00 -3.340607e-02 7.778344e-04 9.994416e-01 2.303412e+01
9.995703e-01 6.606523e-04 -2.930187e-02 3.989807e+01 -6.410283e-04 9.999996e-01 6.789986e-04 -1.816629e+00 2.930241e-02 -6.599264e-04 9.995703e-01 2.325492e+01
9.995469e-01 -6.611622e-04 3.009353e-02 3.982562e+01 6.822356e-04 9.999995e-01 -6.900977e-04 -1.818384e+00 -3.009316e-02 7.103188e-04 9.995469e-01 2.337446e+01
9.995327e-01 6.720591e-04 -3.055791e-02 3.991162e+01 -6.504284e-04 9.999995e-01 7.176907e-04 -1.821199e+00 3.055848e-02 -6.974825e-04 9.995327e-01 2.321961e+01
9.995393e-01 -6.574204e-04 3.034667e-02 4.009697e+01 6.794307e-04 9.999995e-01 -7.150866e-04 -1.828504e+00 -3.034629e-02 7.353786e-04 9.995392e-01 2.317029e+01
9.995096e-01 6.877064e-04 -3.130536e-02 4.001151e+01 -6.648158e-04 9.999995e-01 7.415060e-04 -1.823503e+00 3.130595e-02 -7.203329e-04 9.995095e-01 2.281823e+01
9.995459e-01 -6.550090e-04 3.012605e-02 4.018015e+01 6.764772e-04 9.999995e-01 -7.025262e-04 -1.828188e+00 -3.012567e-02 7.225898e-04 9.995459e-01 2.259297e+01
9.995205e-01 6.646438e-04 -3.095400e-02 4.004507e+01 -6.425953e-04 9.999995e-01 7.221404e-04 -1.822709e+00 3.095457e-02 -7.019062e-04 9.995205e-01 2.234920e+01
9.995554e-01 -6.523312e-04 2.980905e-02 3.987158e+01 6.736295e-04 9.999995e-01 -7.045558e-04 -1.816162e+00 -2.980868e-02 7.243258e-04 9.995554e-01 2.212279e+01
9.995189e-01 6.654917e-04 -3.100590e-02 4.003264e+01 -6.428790e-04 9.999995e-01 7.391669e-04 -1.821737e+00 3.100648e-02 -7.188812e-04 9.995189e-01 2.200218e+01
9.995681e-01 -6.303967e-04 2.938163e-02 4.029714e+01 6.524905e-04 9.999995e-01 -7.424774e-04 -1.831269e+00 -2.938125e-02 7.613310e-04 9.995680e-01 2.193440e+01
9.995488e-01 6.320868e-04 -3.002764e-02 4.033968e+01 -6.093387e-04 9.999995e-01 7.666110e-04 -1.833172e+00 3.002821e-02 -7.479710e-04 9.995487e-01 2.182934e+01
9.996045e-01 -5.977890e-04 2.811755e-02 4.067298e+01 6.197316e-04 9.999995e-01 -7.717859e-04 -1.844834e+00 -2.811717e-02 7.889090e-04 9.996044e-01 2.175301e+01
9.994602e-01 7.164032e-04 -3.284470e-02 4.094010e+01 -6.879749e-04 9.999994e-01 8.767347e-04 -1.855231e+00 3.284541e-02 -8.536680e-04 9.994600e-01 2.176372e+01
9.995158e-01 -6.702114e-04 3.111073e-02 4.115545e+01 6.958721e-04 9.999994e-01 -8.140925e-04 -1.867076e+00 -3.111026e-02 8.353504e-04 9.995157e-01 2.202079e+01
9.996562e-01 7.395596e-04 -2.620762e-02 4.161751e+01 -7.225119e-04 9.999995e-01 6.598302e-04 -1.885978e+00 2.620819e-02 -6.406710e-04 9.996563e-01 2.224988e+01
9.995111e-01 -6.226386e-04 3.126029e-02 4.211713e+01 6.481693e-04 9.999995e-01 -8.066820e-04 -1.908003e+00 -3.125987e-02 8.265526e-04 9.995110e-01 2.262082e+01
9.995548e-01 7.119144e-04 -2.982520e-02 4.247789e+01 -6.891427e-04 9.999995e-01 7.736712e-04 -1.924867e+00 2.982583e-02 -7.527758e-04 9.995548e-01 2.292016e+01
9.995322e-01 -6.288371e-04 3.057847e-02 4.300164e+01 6.541775e-04 9.999995e-01 -8.188019e-04 -1.944793e+00 -3.057804e-02 8.384256e-04 9.995321e-01 2.304822e+01
9.995346e-01 7.364446e-04 -3.049419e-02 4.359021e+01 -7.126128e-04 9.999994e-01 7.922783e-04 -1.966945e+00 3.049485e-02 -7.701820e-04 9.995346e-01 2.319503e+01
9.994202e-01 -6.380739e-04 3.404360e-02 4.419788e+01 6.702704e-04 9.999993e-01 -9.344265e-04 -1.989489e+00 -3.404309e-02 9.567061e-04 9.994200e-01 2.333709e+01
9.995797e-01 7.278148e-04 -2.897767e-02 4.484598e+01 -7.066593e-04 9.999995e-01 7.401857e-04 -2.013012e+00 2.897829e-02 -7.194002e-04 9.995797e-01 2.345316e+01
9.994690e-01 -6.477577e-04 3.257767e-02 4.532355e+01 6.759434e-04 9.999994e-01 -8.542704e-04 -2.031735e+00 -3.257720e-02 8.758404e-04 9.994689e-01 2.363361e+01
9.996060e-01 6.581216e-04 -2.806050e-02 4.559695e+01 -6.369687e-04 9.999995e-01 7.626488e-04 -2.041443e+00 2.806108e-02 -7.444775e-04 9.996059e-01 2.358632e+01
9.995518e-01 -6.380432e-04 2.993174e-02 4.583211e+01 6.625356e-04 9.999995e-01 -8.084647e-04 -2.049806e+00 -2.993131e-02 8.279361e-04 9.995517e-01 2.351508e+01
9.997212e-01 6.311727e-04 -2.360014e-02 4.617175e+01 -6.160602e-04 9.999996e-01 6.474851e-04 -2.064867e+00 2.360064e-02 -6.327684e-04 9.997212e-01 2.373846e+01
9.992421e-01 -7.287880e-04 3.891997e-02 4.645560e+01 7.705591e-04 9.999991e-01 -1.058345e-03 -2.079236e+00 -3.891926e-02 1.087536e-03 9.992418e-01 2.401130e+01
9.998599e-01 5.591539e-04 -1.672747e-02 4.677862e+01 -5.526118e-04 9.999998e-01 3.955225e-04 -2.093607e+00 1.672779e-02 -3.862262e-04 9.998600e-01 2.417235e+01
9.991317e-01 -8.031530e-04 4.165794e-02 4.700120e+01 8.510928e-04 9.999990e-01 -1.133152e-03 -2.106259e+00 -4.165709e-02 1.167626e-03 9.991313e-01 2.441437e+01
9.995514e-01 7.189184e-04 -2.993898e-02 4.727806e+01 -6.942747e-04 9.999994e-01 8.334023e-04 -2.119332e+00 2.993966e-02 -8.122455e-04 9.995513e-01 2.462880e+01
9.988609e-01 -8.018349e-04 4.771185e-02 4.777361e+01 8.668772e-04 9.999987e-01 -1.342626e-03 -2.137255e+00 -4.771081e-02 1.382459e-03 9.988603e-01 2.465513e+01
9.993764e-01 7.863801e-04 -3.529866e-02 4.827131e+01 -7.520360e-04 9.999992e-01 9.861232e-04 -2.156401e+00 3.529951e-02 -9.589654e-04 9.993763e-01 2.482033e+01
9.990989e-01 -7.408838e-04 4.243713e-02 4.870444e+01 7.917855e-04 9.999990e-01 -1.182745e-03 -2.173348e+00 -4.243631e-02 1.215284e-03 9.990985e-01 2.496813e+01
9.996839e-01 6.379059e-04 -2.513281e-02 4.931778e+01 -6.208468e-04 9.999996e-01 6.864111e-04 -2.194887e+00 2.513334e-02 -6.705933e-04 9.996838e-01 2.499053e+01
9.986244e-01 -7.746159e-04 5.242975e-02 4.985763e+01 8.549459e-04 9.999985e-01 -1.509801e-03 -2.215067e+00 -5.242860e-02 1.552552e-03 9.986235e-01 2.507220e+01
9.989800e-01 8.966105e-04 -4.514531e-02 5.042172e+01 -8.398920e-04 9.999988e-01 1.275221e-03 -2.236956e+00 4.514650e-02 -1.236006e-03 9.989796e-01 2.529171e+01
9.987908e-01 -7.821673e-04 4.915751e-02 5.096249e+01 8.522272e-04 9.999987e-01 -1.404340e-03 -2.257561e+00 -4.915645e-02 1.444538e-03 9.987901e-01 2.544909e+01
9.987996e-01 9.267423e-04 -4.897276e-02 5.159698e+01 -8.605926e-04 9.999987e-01 1.371735e-03 -2.280048e+00 4.897406e-02 -1.327946e-03 9.987991e-01 2.546194e+01
9.988883e-01 -7.662774e-04 4.713544e-02 5.216890e+01 8.302551e-04 9.999988e-01 -1.337830e-03 -2.301159e+00 -4.713445e-02 1.375480e-03 9.988876e-01 2.555344e+01
9.988980e-01 9.699867e-04 -4.692302e-02 5.303556e+01 -9.102447e-04 9.999987e-01 1.294462e-03 -2.331336e+00 4.692431e-02 -1.250327e-03 9.988976e-01 2.558986e+01
9.987522e-01 -7.682111e-04 4.993578e-02 5.388203e+01 8.388519e-04 9.999987e-01 -1.393760e-03 -2.361378e+00 -4.993474e-02 1.433913e-03 9.987515e-01 2.570380e+01
9.990510e-01 9.212262e-04 -4.354461e-02 5.454999e+01 -8.694916e-04 9.999989e-01 1.206920e-03 -2.387503e+00 4.354577e-02 -1.167916e-03 9.990507e-01 2.599518e+01
9.988791e-01 -8.057816e-04 4.732947e-02 5.500617e+01 8.684931e-04 9.999988e-01 -1.304524e-03 -2.406454e+00 -4.732846e-02 1.344170e-03 9.988785e-01 2.624967e+01
9.988657e-01 9.280698e-04 -4.760624e-02 5.531032e+01 -8.643456e-04 9.999987e-01 1.359054e-03 -2.421995e+00 4.760754e-02 -1.316367e-03 9.988652e-01 2.657134e+01
9.988734e-01 -7.715316e-04 4.744997e-02 5.569861e+01 8.346590e-04 9.999988e-01 -1.310674e-03 -2.440743e+00 -4.744900e-02 1.348805e-03 9.988728e-01 2.693857e+01
9.989174e-01 9.476355e-04 -4.650815e-02 5.633384e+01 -8.889002e-04 9.999988e-01 1.283487e-03 -2.464963e+00 4.650941e-02 -1.240759e-03 9.989170e-01 2.714416e+01
9.988745e-01 -7.544072e-04 4.742735e-02 5.694962e+01 8.160691e-04 9.999988e-01 -1.280861e-03 -2.489016e+00 -4.742642e-02 1.318126e-03 9.988739e-01 2.738230e+01
9.988709e-01 9.209573e-04 -4.749580e-02 5.744370e+01 -8.598385e-04 9.999988e-01 1.307161e-03 -2.510161e+00 4.749704e-02 -1.264849e-03 9.988705e-01 2.768324e+01
9.988789e-01 -7.730086e-04 4.733403e-02 5.788567e+01 8.340744e-04 9.999988e-01 -1.270441e-03 -2.529436e+00 -4.733309e-02 1.308500e-03 9.988783e-01 2.796904e+01
9.989800e-01 8.732723e-04 -4.514578e-02 5.825760e+01 -8.189204e-04 9.999989e-01 1.222315e-03 -2.545577e+00 4.514690e-02 -1.184100e-03 9.989796e-01 2.818721e+01
9.989260e-01 -7.235510e-04 4.632881e-02 5.874433e+01 7.814292e-04 9.999989e-01 -1.231270e-03 -2.565934e+00 -4.632797e-02 1.266153e-03 9.989255e-01 2.844957e+01
9.989110e-01 8.783575e-04 -4.664573e-02 5.908324e+01 -8.189024e-04 9.999988e-01 1.293622e-03 -2.583789e+00 4.664691e-02 -1.254017e-03 9.989106e-01 2.884840e+01
9.989728e-01 -7.555341e-04 4.530809e-02 5.935653e+01 8.112180e-04 9.999989e-01 -1.210708e-03 -2.598981e+00 -4.530723e-02 1.246222e-03 9.989724e-01 2.920438e+01
9.989539e-01 9.124298e-04 -4.571753e-02 5.959640e+01 -8.547224e-04 9.999988e-01 1.281710e-03 -2.616041e+00 4.571875e-02 -1.241296e-03 9.989535e-01 2.971580e+01
9.989739e-01 -7.938175e-04 4.528482e-02 5.968004e+01 8.484913e-04 9.999989e-01 -1.188201e-03 -2.630275e+00 -4.528393e-02 1.225408e-03 9.989734e-01 3.029138e+01
9.989639e-01 9.356996e-04 -4.549757e-02 5.977611e+01 -8.782157e-04 9.999988e-01 1.283340e-03 -2.646017e+00 4.549882e-02 -1.242056e-03 9.989636e-01 3.092836e+01
9.990015e-01 -8.007520e-04 4.467109e-02 5.993563e+01 8.546126e-04 9.999989e-01 -1.186709e-03 -2.661640e+00 -4.467019e-02 1.223703e-03 9.990011e-01 3.147537e+01
9.989320e-01 9.348768e-04 -4.619329e-02 6.007827e+01 -8.750780e-04 9.999988e-01 1.314659e-03 -2.676819e+00 4.619456e-02 -1.272835e-03 9.989316e-01 3.202865e+01
9.990042e-01 -7.970292e-04 4.461123e-02 6.024756e+01 8.507398e-04 9.999989e-01 -1.185076e-03 -2.692531e+00 -4.461033e-02 1.221851e-03 9.990038e-01 3.257368e+01
9.989022e-01 9.222211e-04 -4.683305e-02 6.039814e+01 -8.609368e-04 9.999987e-01 1.328646e-03 -2.707159e+00 4.683431e-02 -1.286870e-03 9.989018e-01 3.308601e+01
9.990071e-01 -8.062374e-04 4.454473e-02 6.049228e+01 8.591703e-04 9.999989e-01 -1.169253e-03 -2.720333e+00 -4.454384e-02 1.206366e-03 9.990067e-01 3.360107e+01
9.988458e-01 9.187888e-04 -4.802137e-02 6.058644e+01 -8.547472e-04 9.999987e-01 1.354046e-03 -2.732938e+00 4.802265e-02 -1.311439e-03 9.988453e-01 3.408558e+01
9.990425e-01 -7.564465e-04 4.374520e-02 6.075746e+01 8.066333e-04 9.999990e-01 -1.129690e-03 -2.747337e+00 -4.374440e-02 1.163898e-03 9.990421e-01 3.456113e+01
9.987965e-01 9.291755e-04 -4.903570e-02 6.086778e+01 -8.622944e-04 9.999987e-01 1.384989e-03 -2.760530e+00 4.903701e-02 -1.341042e-03 9.987960e-01 3.505376e+01
9.991893e-01 -6.722496e-04 4.025358e-02 6.097670e+01 7.138291e-04 9.999992e-01 -1.018659e-03 -2.772982e+00 -4.025296e-02 1.046570e-03 9.991890e-01 3.550530e+01
9.988223e-01 9.446481e-04 -4.850756e-02 6.109558e+01 -8.785590e-04 9.999987e-01 1.383679e-03 -2.786202e+00 4.850890e-02 -1.339435e-03 9.988218e-01 3.598480e+01
9.994035e-01 -5.678789e-04 3.453178e-02 6.125338e+01 5.969315e-04 9.999995e-01 -8.311200e-04 -2.798346e+00 -3.453139e-02 8.512401e-04 9.994033e-01 3.634627e+01
9.987379e-01 1.064461e-03 -5.021366e-02 6.146649e+01 -9.918635e-04 9.999984e-01 1.470597e-03 -2.811033e+00 5.021525e-02 -1.418939e-03 9.987374e-01 3.665827e+01
9.991080e-01 -7.812589e-04 4.222224e-02 6.174959e+01 8.301567e-04 9.999990e-01 -1.140658e-03 -2.826244e+00 -4.222140e-02 1.174695e-03 9.991076e-01 3.700063e+01
9.987435e-01 1.070028e-03 -5.010146e-02 6.202310e+01 -9.973715e-04 9.999984e-01 1.475097e-03 -2.841369e+00 5.010306e-02 -1.423276e-03 9.987430e-01 3.735683e+01
9.988584e-01 -9.383116e-04 4.776134e-02 6.227459e+01 1.003479e-03 9.999986e-01 -1.340553e-03 -2.855727e+00 -4.776012e-02 1.386953e-03 9.988579e-01 3.770343e+01
9.987053e-01 1.081931e-03 -5.085703e-02 6.261077e+01 -1.008272e-03 9.999984e-01 1.473912e-03 -2.870674e+00 5.085865e-02 -1.420728e-03 9.987048e-01 3.791382e+01
9.988061e-01 -9.213064e-04 4.884286e-02 6.300248e+01 9.888511e-04 9.999986e-01 -1.358816e-03 -2.887946e+00 -4.884163e-02 1.405494e-03 9.988056e-01 3.816459e+01
9.988207e-01 1.076895e-03 -4.853717e-02 6.342646e+01 -1.011293e-03 9.999985e-01 1.376061e-03 -2.907272e+00 4.853868e-02 -1.325356e-03 9.988204e-01 3.849543e+01
9.987327e-01 -8.961559e-04 5.032289e-02 6.407193e+01 9.692005e-04 9.999985e-01 -1.427197e-03 -2.931563e+00 -5.032164e-02 1.474164e-03 9.987320e-01 3.868738e+01
9.988953e-01 1.090812e-03 -4.697740e-02 6.481533e+01 -1.029995e-03 9.999986e-01 1.318704e-03 -2.958861e+00 4.697887e-02 -1.268863e-03 9.988950e-01 3.888243e+01
9.986784e-01 -9.236606e-04 5.138818e-02 6.540285e+01 9.976493e-04 9.999985e-01 -1.414229e-03 -2.981350e+00 -5.138690e-02 1.463630e-03 9.986778e-01 3.909767e+01
9.988537e-01 1.095093e-03 -4.785446e-02 6.590325e+01 -1.031781e-03 9.999986e-01 1.347632e-03 -3.002019e+00 4.785596e-02 -1.296714e-03 9.988534e-01 3.937309e+01
9.986489e-01 -9.287856e-04 5.195749e-02 6.632517e+01 1.003314e-03 9.999985e-01 -1.408413e-03 -3.021189e+00 -5.195620e-02 1.458643e-03 9.986483e-01 3.971832e+01
9.987993e-01 1.096638e-03 -4.897508e-02 6.669606e+01 -1.030786e-03 9.999985e-01 1.369759e-03 -3.039516e+00 4.897661e-02 -1.317634e-03 9.987990e-01 4.010078e+01
9.987284e-01 -9.419584e-04 5.040554e-02 6.706106e+01 1.010925e-03 9.999986e-01 -1.342825e-03 -3.057051e+00 -5.040431e-02 1.392076e-03 9.987280e-01 4.043814e+01
9.987804e-01 1.068882e-03 -4.935960e-02 6.725667e+01 -1.001774e-03 9.999985e-01 1.384211e-03 -3.070764e+00 4.936111e-02 -1.333078e-03 9.987801e-01 4.083789e+01
9.987148e-01 -8.727961e-04 5.067626e-02 6.778897e+01 9.453527e-04 9.999986e-01 -1.407877e-03 -3.094091e+00 -5.067505e-02 1.453978e-03 9.987142e-01 4.121638e+01
9.987705e-01 1.080728e-03 -4.956100e-02 6.843423e+01 -1.012666e-03 9.999985e-01 1.398317e-03 -3.119014e+00 4.956254e-02 -1.346412e-03 9.987701e-01 4.146829e+01
9.987045e-01 -9.776725e-04 5.087630e-02 6.876926e+01 1.049036e-03 9.999985e-01 -1.376058e-03 -3.133143e+00 -5.087497e-02 1.427649e-03 9.987041e-01 4.160858e+01
9.990268e-01 1.009529e-03 -4.409501e-02 6.908131e+01 -9.558276e-04 9.999988e-01 1.238837e-03 -3.145881e+00 4.409630e-02 -1.195487e-03 9.990265e-01 4.173120e+01
9.988444e-01 -9.815695e-04 4.805119e-02 6.915470e+01 1.044338e-03 9.999986e-01 -1.281264e-03 -3.152745e+00 -4.804996e-02 1.329968e-03 9.988441e-01 4.194397e+01
9.988948e-01 1.055058e-03 -4.698911e-02 6.932168e+01 -9.963924e-04 9.999987e-01 1.271832e-03 -3.164314e+00 4.699049e-02 -1.223609e-03 9.988945e-01 4.226134e+01
9.985825e-01 -9.448723e-04 5.321817e-02 6.962353e+01 1.020790e-03 9.999985e-01 -1.399428e-03 -3.181029e+00 -5.321686e-02 1.451771e-03 9.985820e-01 4.266999e+01
9.987844e-01 1.056638e-03 -4.927920e-02 6.977652e+01 -9.915260e-04 9.999986e-01 1.345646e-03 -3.195232e+00 4.928065e-02 -1.295151e-03 9.987841e-01 4.315707e+01
9.987168e-01 -9.208700e-04 5.063669e-02 7.015903e+01 9.896111e-04 9.999986e-01 -1.332544e-03 -3.212289e+00 -5.063549e-02 1.380947e-03 9.987163e-01 4.341629e+01
9.987195e-01 1.023464e-03 -5.057902e-02 7.032541e+01 -9.549534e-04 9.999986e-01 1.378598e-03 -3.223862e+00 5.058046e-02 -1.328535e-03 9.987191e-01 4.374494e+01
9.987320e-01 -9.522249e-04 5.033414e-02 7.051114e+01 1.020555e-03 9.999986e-01 -1.331901e-03 -3.234229e+00 -5.033289e-02 1.381583e-03 9.987316e-01 4.396597e+01
9.987502e-01 1.038180e-03 -4.996801e-02 7.072964e+01 -9.711410e-04 9.999986e-01 1.365832e-03 -3.246009e+00 4.996945e-02 -1.315601e-03 9.987498e-01 4.421468e+01
9.987455e-01 -9.145022e-04 5.006797e-02 7.084715e+01 9.803195e-04 9.999987e-01 -1.290080e-03 -3.259559e+00 -5.006682e-02 1.337547e-03 9.987450e-01 4.470947e+01
9.987416e-01 1.053197e-03 -5.014034e-02 7.109250e+01 -9.863480e-04 9.999986e-01 1.357890e-03 -3.274855e+00 5.014180e-02 -1.306728e-03 9.987412e-01 4.511679e+01
9.986544e-01 -9.149990e-04 5.185291e-02 7.149328e+01 9.860588e-04 9.999986e-01 -1.344905e-03 -3.291736e+00 -5.185171e-02 1.394228e-03 9.986539e-01 4.532733e+01
9.987015e-01 9.911825e-04 -5.093313e-02 7.182047e+01 -9.237582e-04 9.999987e-01 1.347237e-03 -3.304523e+00 5.093450e-02 -1.298441e-03 9.987011e-01 4.536207e+01
9.986664e-01 -8.601899e-04 5.162166e-02 7.225436e+01 9.302615e-04 9.999987e-01 -1.333455e-03 -3.322050e+00 -5.162054e-02 1.379701e-03 9.986659e-01 4.553319e+01
9.986169e-01 1.008764e-03 -5.256656e-02 7.268435e+01 -9.365470e-04 9.999986e-01 1.398372e-03 -3.340332e+00 5.256799e-02 -1.347209e-03 9.986164e-01 4.577337e+01
9.987133e-01 -8.261194e-04 5.070768e-02 7.314278e+01 8.926505e-04 9.999988e-01 -1.289480e-03 -3.361067e+00 -5.070665e-02 1.333088e-03 9.987127e-01 4.612316e+01
9.986032e-01 1.015873e-03 -5.282504e-02 7.363321e+01 -9.431971e-04 9.999986e-01 1.400638e-03 -3.382275e+00 5.282649e-02 -1.348860e-03 9.986028e-01 4.644247e+01
9.986139e-01 -8.593354e-04 5.262809e-02 7.413250e+01 9.319401e-04 9.999986e-01 -1.355114e-03 -3.402099e+00 -5.262696e-02 1.402285e-03 9.986133e-01 4.662140e+01
9.985070e-01 9.845572e-04 -5.461349e-02 7.464696e+01 -9.113958e-04 9.999987e-01 1.364451e-03 -3.417078e+00 5.461486e-02 -1.312641e-03 9.985066e-01 4.628134e+01
9.986352e-01 -8.330317e-04 5.222156e-02 7.512646e+01 9.031837e-04 9.999987e-01 -1.319826e-03 -3.430175e+00 -5.222049e-02 1.365193e-03 9.986347e-01 4.589675e+01
9.984581e-01 9.893917e-04 -5.550044e-02 7.565585e+01 -9.153442e-04 9.999987e-01 1.359524e-03 -3.448106e+00 5.550181e-02 -1.306628e-03 9.984577e-01 4.581559e+01
9.988144e-01 -7.468724e-04 4.867524e-02 7.617734e+01 8.053780e-04 9.999990e-01 -1.182421e-03 -3.465808e+00 -4.867441e-02 1.220223e-03 9.988140e-01 4.574981e+01
9.982196e-01 1.117292e-03 -5.963441e-02 7.666500e+01 -1.028444e-03 9.999983e-01 1.520489e-03 -3.480646e+00 5.963610e-02 -1.456454e-03 9.982191e-01 4.552702e+01
9.985148e-01 -8.770534e-04 5.447451e-02 7.724797e+01 9.546662e-04 9.999986e-01 -1.398803e-03 -3.499274e+00 -5.447330e-02 1.448733e-03 9.985142e-01 4.535119e+01
9.983380e-01 1.108200e-03 -5.761887e-02 7.798674e+01 -1.025774e-03 9.999984e-01 1.460040e-03 -3.524281e+00 5.762049e-02 -1.398512e-03 9.983375e-01 4.529716e+01
9.984381e-01 -9.293404e-04 5.586300e-02 7.867353e+01 1.010232e-03 9.999985e-01 -1.419866e-03 -3.548224e+00 -5.586169e-02 1.474085e-03 9.984375e-01 4.530368e+01
9.983072e-01 1.046475e-03 -5.815063e-02 7.912698e+01 -9.624395e-04 9.999985e-01 1.473061e-03 -3.561396e+00 5.815218e-02 -1.414604e-03 9.983067e-01 4.499362e+01
9.987413e-01 -7.425377e-04 5.015351e-02 7.965216e+01 8.068152e-04 9.999989e-01 -1.261439e-03 -3.575194e+00 -5.015262e-02 1.300319e-03 9.987408e-01 4.455005e+01
9.984149e-01 9.717480e-04 -5.627205e-02 8.032984e+01 -8.951214e-04 9.999986e-01 1.386850e-03 -3.595688e+00 5.627342e-02 -1.334284e-03 9.984145e-01 4.427838e+01
9.986968e-01 -7.504389e-04 5.103241e-02 8.094637e+01 8.152966e-04 9.999989e-01 -1.250163e-03 -3.616296e+00 -5.103151e-02 1.290143e-03 9.986963e-01 4.420251e+01
9.984231e-01 9.704702e-04 -5.612735e-02 8.149360e+01 -8.949459e-04 9.999987e-01 1.370652e-03 -3.633862e+00 5.612870e-02 -1.318262e-03 9.984226e-01 4.403319e+01
9.986005e-01 -8.056122e-04 5.288251e-02 8.201940e+01 8.760261e-04 9.999988e-01 -1.308404e-03 -3.648138e+00 -5.288149e-02 1.352902e-03 9.985999e-01 4.361368e+01
9.984244e-01 1.009073e-03 -5.610405e-02 8.258136e+01 -9.334097e-04 9.999986e-01 1.374756e-03 -3.662563e+00 5.610545e-02 -1.320224e-03 9.984239e-01 4.309960e+01
9.986572e-01 -8.373937e-04 5.179987e-02 8.308767e+01 9.054563e-04 9.999988e-01 -1.290554e-03 -3.676499e+00 -5.179883e-02 1.335727e-03 9.986567e-01 4.271734e+01
9.984999e-01 9.404456e-04 -5.474368e-02 8.349039e+01 -8.671213e-04 9.999987e-01 1.363092e-03 -3.687772e+00 5.474499e-02 -1.313580e-03 9.984995e-01 4.239159e+01
9.986452e-01 -8.354715e-04 5.203085e-02 8.391842e+01 9.047757e-04 9.999987e-01 -1.308497e-03 -3.700692e+00 -5.202979e-02 1.353803e-03 9.986447e-01 4.214499e+01
9.984611e-01 9.731544e-04 -5.544745e-02 8.444377e+01 -8.989668e-04 9.999987e-01 1.362851e-03 -3.715830e+00 5.544880e-02 -1.310910e-03 9.984606e-01 4.181017e+01
9.985922e-01 -8.339418e-04 5.303814e-02 8.505381e+01 9.070705e-04 9.999987e-01 -1.354790e-03 -3.733626e+00 -5.303704e-02 1.400995e-03 9.985916e-01 4.145268e+01
9.984803e-01 9.796693e-04 -5.510045e-02 8.554082e+01 -9.040889e-04 9.999986e-01 1.396537e-03 -3.746328e+00 5.510184e-02 -1.344602e-03 9.984798e-01 4.099324e+01
9.985263e-01 -8.714893e-04 5.426313e-02 8.589082e+01 9.456351e-04 9.999987e-01 -1.340804e-03 -3.755564e+00 -5.426199e-02 1.390144e-03 9.985258e-01 4.061697e+01
9.984123e-01 1.001737e-03 -5.631879e-02 8.622641e+01 -9.241302e-04 9.999986e-01 1.403958e-03 -3.764076e+00 5.632021e-02 -1.349686e-03 9.984118e-01 4.023524e+01
