9.999835e-01 4.390464e-05 5.738915e-03 4.620377e-01 -4.297705e-05 1.000000e+00 -1.617579e-04 -1.789388e-02 -5.738923e-03 1.615082e-04 9.999836e-01 1.449680e-01
9.999990e-01 1.464043e-05 1.418944e-03 8.405382e-01 -1.455542e-05 1.000000e+00 -5.990934e-05 -3.714090e-02 -1.418944e-03 5.988906e-05 9.999989e-01 5.665481e-01
9.999207e-01 -1.128313e-04 1.259186e-02 1.288377e+00 1.174425e-04 9.999999e-01 -3.654717e-04 -5.632883e-02 -1.259182e-02 3.669211e-04 9.999208e-01 8.403634e-01
9.999653e-01 1.728431e-04 -8.330989e-03 1.799440e+00 -1.717522e-04 1.000000e+00 1.316612e-04 -7.609286e-02 8.331015e-03 -1.302254e-04 9.999652e-01 1.044705e+00
9.998410e-01 -2.282591e-04 1.783288e-02 2.295939e+00 2.357992e-04 9.999999e-01 -4.207212e-04 -9.414988e-02 -1.783279e-02 4.248589e-04 9.998410e-01 1.094723e+00
9.999974e-01 3.977952e-05 2.276216e-03 2.645792e+00 -3.940125e-05 1.000000e+00 -1.662255e-04 -1.060885e-01 -2.276216e-03 1.661356e-04 9.999973e-01 9.879169e-01
9.999993e-01 -3.833739e-05 1.193952e-03 3.006344e+00 3.827438e-05 1.000000e+00 5.278581e-05 -1.181574e-01 -1.193961e-03 -5.274035e-05 9.999994e-01 8.667022e-01
9.999972e-01 7.334092e-05 2.344579e-03 3.454115e+00 -7.297186e-05 1.000000e+00 -1.574925e-04 -1.326595e-01 -2.344584e-03 1.573213e-04 9.999971e-01 7.119413e-01
9.999959e-01 -4.481033e-05 -2.858470e-03 3.884081e+00 4.519691e-05 1.000000e+00 1.351800e-04 -1.494507e-01 2.858457e-03 -1.353090e-04 9.999960e-01 8.092185e-01
9.999798e-01 2.965507e-04 -6.351216e-03 4.204363e+00 -2.955880e-04 9.999999e-01 1.525242e-04 -1.631042e-01 6.351267e-03 -1.506434e-04 9.999797e-01 9.636133e-01
9.999969e-01 -2.024977e-04 2.483208e-03 4.540265e+00 2.027727e-04 1.000000e+00 -1.104812e-04 -1.748237e-01 -2.483191e-03 1.109841e-04 9.999970e-01 8.894834e-01
9.999651e-01 3.255424e-04 -8.343314e-03 4.586015e+00 -3.232611e-04 9.999999e-01 2.747809e-04 -1.770750e-01 8.343408e-03 -2.720740e-04 9.999651e-01 8.153170e-01
9.999537e-01 -3.218735e-04 9.621512e-03 4.621908e+00 3.252396e-04 9.999999e-01 -3.482930e-04 -1.786818e-01 -9.621404e-03 3.514059e-04 9.999538e-01 7.158534e-01
9.999093e-01 3.577606e-04 -1.346592e-02 4.529112e+00 -3.519436e-04 9.999998e-01 4.343433e-04 -1.785046e-01 1.346608e-02 -4.295643e-04 9.999091e-01 7.587299e-01
9.999348e-01 -3.431899e-04 1.141150e-02 4.567850e+00 3.477971e-04 9.999999e-01 -4.017530e-04 -1.876673e-01 -1.141136e-02 4.056954e-04 9.999349e-01 1.131492e+00
9.998590e-01 4.786726e-04 -1.678256e-02 4.760171e+00 -4.698366e-04 9.999997e-01 5.304382e-04 -1.995577e-01 1.678282e-02 -5.224780e-04 9.998589e-01 1.431957e+00
9.998633e-01 -3.016761e-04 1.653238e-02 4.994796e+00 3.102734e-04 9.999998e-01 -5.174699e-04 -2.101891e-01 -1.653222e-02 5.225284e-04 9.998633e-01 1.533820e+00
9.997053e-01 6.169224e-04 -2.426982e-02 5.252814e+00 -5.978373e-04 9.999995e-01 7.936200e-04 -2.207467e-01 2.427030e-02 -7.788763e-04 9.997050e-01 1.567295e+00
9.999461e-01 -2.206211e-04 1.038144e-02 5.404883e+00 2.236887e-04 9.999999e-01 -2.943263e-04 -2.288919e-01 -1.038137e-02 2.966322e-04 9.999462e-01 1.673196e+00
9.999715e-01 3.663438e-05 7.546743e-03 5.697648e+00 -3.485989e-05 1.000000e+00 -2.352636e-04 -2.431011e-01 -7.546748e-03 2.349942e-04 9.999714e-01 1.901624e+00
9.999640e-01 -1.778779e-04 8.481730e-03 6.069016e+00 1.798504e-04 1.000000e+00 -2.318002e-04 -2.598187e-01 -8.481694e-03 2.333170e-04 9.999641e-01 2.170629e+00
9.999644e-01 -1.531507e-06 8.436922e-03 6.352400e+00 3.749351e-06 1.000000e+00 -2.628566e-04 -2.746119e-01 -8.436914e-03 2.628791e-04 9.999643e-01 2.468086e+00
1.000000e+00 -1.153952e-04 -1.632521e-04 6.585409e+00 1.153989e-04 1.000000e+00 2.320827e-05 -2.861620e-01 1.632418e-04 -2.322734e-05 1.000000e+00 2.671176e+00
9.999067e-01 5.023210e-04 -1.365364e-02 6.680481e+00 -4.965511e-04 9.999998e-01 4.259766e-04 -2.889174e-01 1.365386e-02 -4.191568e-04 9.999066e-01 2.488801e+00
9.997372e-01 -5.621036e-04 2.291810e-02 6.684637e+00 5.761909e-04 9.999996e-01 -6.080826e-04 -2.888130e-01 -2.291775e-02 6.211277e-04 9.997373e-01 2.279806e+00
9.999439e-01 4.054789e-04 -1.058539e-02 6.872603e+00 -4.026494e-04 9.999999e-01 2.694357e-04 -2.970255e-01 1.058551e-02 -2.651581e-04 9.999438e-01 2.316349e+00
9.998178e-01 -4.384465e-04 1.908358e-02 6.899851e+00 4.474126e-04 9.999998e-01 -4.655630e-04 -2.947820e-01 -1.908338e-02 4.740162e-04 9.998179e-01 1.876730e+00
9.999254e-01 3.928650e-04 -1.220986e-02 7.087289e+00 -3.892021e-04 9.999999e-01 3.023718e-04 -2.996898e-01 1.220999e-02 -2.975970e-04 9.999253e-01 1.609950e+00
9.999541e-01 -2.730494e-04 9.578570e-03 7.440588e+00 2.755007e-04 9.999999e-01 -2.545954e-04 -3.157578e-01 -9.578509e-03 2.572224e-04 9.999542e-01 1.862795e+00
9.999677e-01 3.132782e-04 -8.025908e-03 7.807622e+00 -3.117144e-04 9.999999e-01 1.960936e-04 -3.320975e-01 8.025979e-03 -1.935853e-04 9.999677e-01 2.107843e+00
9.996509e-01 -4.696020e-04 2.641666e-02 8.108657e+00 4.890701e-04 9.999996e-01 -7.305082e-04 -3.460843e-01 -2.641632e-02 7.431726e-04 9.996509e-01 2.314331e+00
9.997663e-01 4.663972e-04 -2.161239e-02 8.292482e+00 -4.538512e-04 9.999997e-01 5.854050e-04 -3.587550e-01 2.161267e-02 -5.754593e-04 9.997662e-01 2.672327e+00
9.997161e-01 -4.363705e-04 2.382173e-02 8.628766e+00 4.522630e-04 9.999997e-01 -6.617587e-04 -3.723124e-01 -2.382144e-02 6.723444e-04 9.997161e-01 2.783655e+00
9.997453e-01 4.660536e-04 -2.256497e-02 8.959507e+00 -4.526128e-04 9.999997e-01 6.007534e-04 -3.845312e-01 2.256526e-02 -5.903871e-04 9.997451e-01 2.771130e+00
9.998140e-01 -4.464015e-04 1.928070e-02 9.149977e+00 4.566501e-04 9.999998e-01 -5.271488e-04 -3.937452e-01 -1.928047e-02 5.358552e-04 9.998141e-01 2.892100e+00
9.996414e-01 5.731704e-04 -2.677032e-02 9.275899e+00 -5.524677e-04 9.999995e-01 7.807333e-04 -4.034214e-01 2.677077e-02 -7.656635e-04 9.996412e-01 3.173122e+00
9.996808e-01 -4.911457e-04 2.525957e-02 9.625864e+00 5.102101e-04 9.999996e-01 -7.482982e-04 -4.182256e-01 -2.525921e-02 7.609469e-04 9.996807e-01 3.338533e+00
9.996454e-01 5.794873e-04 -2.662229e-02 1.017278e+01 -5.602199e-04 9.999996e-01 7.311834e-04 -4.382315e-01 2.662271e-02 -7.160097e-04 9.996452e-01 3.385833e+00
9.997076e-01 -5.039479e-04 2.417449e-02 1.062937e+01 5.212934e-04 9.999996e-01 -7.112147e-04 -4.553904e-01 -2.417413e-02 7.236087e-04 9.997076e-01 3.454261e+00
9.995576e-01 6.515715e-04 -2.973645e-02 1.098787e+01 -6.257639e-04 9.999994e-01 8.771772e-04 -4.707498e-01 2.973702e-02 -8.581809e-04 9.995573e-01 3.650571e+00
9.997690e-01 -3.716284e-04 2.148798e-02 1.134825e+01 3.836681e-04 9.999998e-01 -5.561799e-04 -4.872756e-01 -2.148778e-02 5.642955e-04 9.997691e-01 3.919126e+00
9.996673e-01 5.470242e-04 -2.578620e-02 1.186942e+01 -5.299646e-04 9.999996e-01 6.684070e-04 -5.072099e-01 2.578657e-02 -6.545186e-04 9.996672e-01 4.063955e+00
9.997146e-01 -3.917139e-04 2.388560e-02 1.253979e+01 4.073048e-04 9.999997e-01 -6.478684e-04 -5.315468e-01 -2.388534e-02 6.574121e-04 9.997146e-01 4.163994e+00
9.993116e-01 8.060314e-04 -3.708937e-02 1.300982e+01 -7.644626e-04 9.999991e-01 1.134941e-03 -5.500591e-01 3.709026e-02 -1.105807e-03 9.993112e-01 4.322950e+00
9.993842e-01 -6.448622e-04 3.508321e-02 1.344109e+01 6.817055e-04 9.999992e-01 -1.038218e-03 -5.683856e-01 -3.508252e-02 1.061495e-03 9.993840e-01 4.556860e+00
9.994610e-01 7.537614e-04 -3.281955e-02 1.395166e+01 -7.226486e-04 9.999993e-01 9.598480e-04 -5.883864e-01 3.282026e-02 -9.356134e-04 9.994607e-01 4.727766e+00
9.992300e-01 -7.019386e-04 3.922842e-02 1.441081e+01 7.469893e-04 9.999991e-01 -1.133774e-03 -6.068003e-01 -3.922760e-02 1.162204e-03 9.992297e-01 4.929577e+00
9.991588e-01 8.073182e-04 -4.100063e-02 1.474652e+01 -7.593452e-04 9.999990e-01 1.185614e-03 -6.206024e-01 4.100155e-02 -1.153483e-03 9.991583e-01 5.038927e+00
9.991499e-01 -7.279907e-04 4.121747e-02 1.492340e+01 7.767430e-04 9.999990e-01 -1.166804e-03 -6.336031e-01 -4.121659e-02 1.197827e-03 9.991496e-01 5.419775e+00
9.992456e-01 7.779638e-04 -3.882833e-02 1.521268e+01 -7.368046e-04 9.999992e-01 1.074329e-03 -6.486665e-01 3.882914e-02 -1.044910e-03 9.992452e-01 5.738167e+00
9.996288e-01 -4.124638e-04 2.723953e-02 1.555072e+01 4.301413e-04 9.999997e-01 -6.431117e-04 -6.644690e-01 -2.723927e-02 6.545896e-04 9.996288e-01 5.997586e+00
9.988853e-01 1.013939e-03 -4.719180e-02 1.577764e+01 -9.464314e-04 9.999985e-01 1.452824e-03 -6.774233e-01 4.719320e-02 -1.406540e-03 9.988847e-01 6.286019e+00
9.994187e-01 -5.607207e-04 3.408667e-02 1.620031e+01 5.941690e-04 9.999994e-01 -9.711524e-04 -6.948392e-01 -3.408611e-02 9.908407e-04 9.994185e-01 6.484461e+00
9.979401e-01 1.504134e-03 -6.413539e-02 1.658754e+01 -1.363036e-03 9.999966e-01 2.243689e-03 -7.111000e-01 6.413854e-02 -2.151648e-03 9.979386e-01 6.649348e+00
9.995842e-01 -4.616131e-04 2.882975e-02 1.687919e+01 4.830861e-04 9.999996e-01 -7.378625e-04 -7.241209e-01 -2.882940e-02 7.514824e-04 9.995842e-01 6.777082e+00
9.972014e-01 1.764164e-03 -7.474103e-02 1.701877e+01 -1.568119e-03 9.999952e-01 2.681596e-03 -7.334212e-01 7.474539e-02 -2.556888e-03 9.971993e-01 6.943622e+00
9.996230e-01 -4.517938e-04 2.745126e-02 1.713813e+01 4.698275e-04 9.999997e-01 -6.504916e-04 -7.421634e-01 -2.745095e-02 6.631428e-04 9.996230e-01 7.111804e+00
9.970610e-01 1.800668e-03 -7.659068e-02 1.727298e+01 -1.597044e-03 9.999950e-01 2.719769e-03 -7.513074e-01 7.659518e-02 -2.589456e-03 9.970588e-01 7.271063e+00
9.995700e-01 -5.053932e-04 2.931906e-02 1.741988e+01 5.265512e-04 9.999996e-01 -7.139367e-04 -7.609589e-01 -2.931867e-02 7.290663e-04 9.995699e-01 7.447401e+00
9.974666e-01 1.739507e-03 -7.111554e-02 1.758989e+01 -1.562089e-03 9.999955e-01 2.550326e-03 -7.716566e-01 7.111963e-02 -2.432774e-03 9.974647e-01 7.662139e+00
9.993717e-01 -6.644283e-04 3.543658e-02 1.784533e+01 6.989585e-04 9.999993e-01 -9.620509e-04 -7.848230e-01 -3.543589e-02 9.862135e-04 9.993716e-01 7.880774e+00
9.973312e-01 1.770238e-03 -7.298891e-02 1.799880e+01 -1.584579e-03 9.999954e-01 2.601496e-03 -7.954075e-01 7.299314e-02 -2.478895e-03 9.973293e-01 8.125269e+00
9.990392e-01 -8.109614e-04 4.381880e-02 1.827086e+01 8.674619e-04 9.999988e-01 -1.270422e-03 -8.096735e-01 -4.381768e-02 1.307211e-03 9.990388e-01 8.404200e+00
9.976300e-01 1.573716e-03 -6.878905e-02 1.845718e+01 -1.413231e-03 9.999962e-01 2.381589e-03 -8.225196e-01 6.879250e-02 -2.278728e-03 9.976283e-01 8.756102e+00
9.992719e-01 -6.210528e-04 3.814835e-02 1.863152e+01 6.589681e-04 9.999993e-01 -9.813385e-04 -8.352145e-01 -3.814767e-02 1.005760e-03 9.992717e-01 9.106364e+00
9.979169e-01 1.422309e-03 -6.449720e-02 1.884799e+01 -1.285206e-03 9.999968e-01 2.167156e-03 -8.494234e-01 6.450003e-02 -2.079747e-03 9.979154e-01 9.485632e+00
9.996000e-01 -4.218404e-04 2.827895e-02 1.898767e+01 4.381510e-04 9.999997e-01 -5.706021e-04 -8.612101e-01 -2.827866e-02 5.827620e-04 9.996000e-01 9.831137e+00
9.970258e-01 1.790799e-03 -7.704810e-02 1.913044e+01 -1.591220e-03 9.999952e-01 2.651627e-03 -8.711865e-01 7.705243e-02 -2.521137e-03 9.970238e-01 1.003257e+01
9.993775e-01 -5.578575e-04 3.527590e-02 1.934857e+01 5.864666e-04 9.999995e-01 -8.006924e-04 -8.831446e-01 -3.527538e-02 8.208795e-04 9.993774e-01 1.022337e+01
9.968502e-01 1.814178e-03 -7.928639e-02 1.947901e+01 -1.607736e-03 9.999951e-01 2.667505e-03 -8.917299e-01 7.929079e-02 -2.531629e-03 9.968482e-01 1.035615e+01
9.991984e-01 -6.675613e-04 4.002726e-02 1.956028e+01 7.054895e-04 9.999993e-01 -9.334687e-04 -8.985467e-01 -4.002655e-02 9.609565e-04 9.991982e-01 1.048109e+01
9.978890e-01 1.446488e-03 -6.492609e-02 1.968141e+01 -1.325178e-03 9.999973e-01 1.911450e-03 -9.066730e-01 6.492862e-02 -1.821374e-03 9.978882e-01 1.063265e+01
9.983787e-01 -9.196756e-04 5.691407e-02 1.995366e+01 1.000598e-03 9.999985e-01 -1.393374e-03 -9.193294e-01 -5.691264e-02 1.448060e-03 9.983782e-01 1.075375e+01
9.997031e-01 5.870529e-04 -2.436012e-02 2.023572e+01 -5.778980e-04 9.999998e-01 3.828152e-04 -9.324024e-01 2.436028e-02 -3.686211e-04 9.997031e-01 1.090216e+01
9.974505e-01 -1.048130e-03 7.135468e-02 2.042392e+01 1.180323e-03 9.999977e-01 -1.810495e-03 -9.422178e-01 -7.135256e-02 1.890098e-03 9.974495e-01 1.098771e+01
9.997280e-01 5.710177e-04 -2.331605e-02 2.058064e+01 -5.626113e-04 9.999998e-01 3.670708e-04 -9.503170e-01 2.331620e-02 -3.538505e-04 9.997280e-01 1.101348e+01
9.975830e-01 -9.969137e-04 6.947805e-02 2.080574e+01 1.120836e-03 9.999978e-01 -1.744666e-03 -9.598484e-01 -6.947611e-02 1.818320e-03 9.975821e-01 1.099790e+01
9.997378e-01 5.253345e-04 -2.289034e-02 2.092613e+01 -5.170982e-04 9.999998e-01 3.657064e-04 -9.659644e-01 2.289049e-02 -3.537716e-04 9.997378e-01 1.095260e+01
9.979890e-01 -9.041406e-04 6.338149e-02 2.108866e+01 1.004322e-03 9.999983e-01 -1.548784e-03 -9.723195e-01 -6.337994e-02 1.609322e-03 9.979883e-01 1.082605e+01
9.994978e-01 6.331492e-04 -3.168249e-02 2.143078e+01 -6.146151e-04 9.999996e-01 5.947167e-04 -9.849946e-01 3.168282e-02 -5.749433e-04 9.994977e-01 1.077297e+01
9.977346e-01 -9.386046e-04 6.726717e-02 2.176158e+01 1.052267e-03 9.999981e-01 -1.654305e-03 -9.976933e-01 -6.726545e-02 1.721338e-03 9.977337e-01 1.074265e+01
9.992901e-01 7.150126e-04 -3.766699e-02 2.203594e+01 -6.858751e-04 9.999995e-01 7.864616e-04 -1.009393e+00 3.766750e-02 -7.600664e-04 9.992899e-01 1.080145e+01
9.974483e-01 -9.782167e-04 7.138595e-02 2.225672e+01 1.107735e-03 9.999978e-01 -1.774783e-03 -1.018237e+00 -7.138402e-02 1.849329e-03 9.974473e-01 1.075114e+01
9.993178e-01 7.061361e-04 -3.692532e-02 2.257474e+01 -6.793317e-04 9.999995e-01 7.384442e-04 -1.030548e+00 3.692580e-02 -7.128540e-04 9.993177e-01 1.072530e+01
9.975647e-01 -9.673515e-04 6.974031e-02 2.296028e+01 1.089641e-03 9.999979e-01 -1.715488e-03 -1.045247e+00 -6.973848e-02 1.787300e-03 9.975638e-01 1.073505e+01
9.994739e-01 6.404951e-04 -3.242674e-02 2.321895e+01 -6.216759e-04 9.999996e-01 5.904351e-04 -1.055761e+00 3.242709e-02 -5.699639e-04 9.994738e-01 1.072012e+01
9.986216e-01 -7.445890e-04 5.248272e-02 2.344603e+01 8.073483e-04 9.999990e-01 -1.174622e-03 -1.065023e+00 -5.248178e-02 1.215373e-03 9.986212e-01 1.072682e+01
9.989978e-01 7.379984e-04 -4.475280e-02 2.376816e+01 -6.957460e-04 9.999993e-01 9.596946e-04 -1.078050e+00 4.475346e-02 -9.275946e-04 9.989975e-01 1.082276e+01
9.996343e-01 -3.189484e-04 2.703945e-02 2.384932e+01 3.272504e-04 9.999999e-01 -3.026170e-04 -1.082810e+00 -2.703933e-02 3.113534e-04 9.996344e-01 1.082631e+01
9.990573e-01 7.919240e-04 -4.340480e-02 2.403532e+01 -7.531616e-04 9.999993e-01 9.093850e-04 -1.091818e+00 4.340547e-02 -8.758352e-04 9.990571e-01 1.092061e+01
9.995300e-01 -3.880539e-04 3.065379e-02 2.428095e+01 4.020616e-04 9.999998e-01 -4.508087e-04 -1.102484e+00 -3.065359e-02 4.629198e-04 9.995301e-01 1.100292e+01
9.981584e-01 1.217825e-03 -6.064910e-02 2.440038e+01 -1.119850e-03 9.999980e-01 1.649396e-03 -1.109365e+00 6.065096e-02 -1.578438e-03 9.981577e-01 1.106478e+01
9.994197e-01 -5.057754e-04 3.405993e-02 2.445390e+01 5.261559e-04 9.999997e-01 -5.894206e-04 -1.113463e+00 -3.405960e-02 6.069974e-04 9.994197e-01 1.107355e+01
9.986706e-01 9.955567e-04 -5.153749e-02 2.454253e+01 -9.331513e-04 9.999988e-01 1.234917e-03 -1.117059e+00 5.153862e-02 -1.185181e-03 9.986702e-01 1.097226e+01
9.993220e-01 -5.923331e-04 3.681170e-02 2.459801e+01 6.185458e-04 9.999996e-01 -7.007018e-04 -1.118425e+00 -3.681124e-02 7.229945e-04 9.993221e-01 1.077887e+01
9.989778e-01 8.628882e-04 -4.519631e-02 2.453991e+01 -8.201646e-04 9.999992e-01 9.638173e-04 -1.114890e+00 4.519707e-02 -9.257616e-04 9.989776e-01 1.049157e+01
9.992039e-01 -6.925556e-04 3.988819e-02 2.450949e+01 7.252479e-04 9.999994e-01 -8.051439e-04 -1.112223e+00 -3.988758e-02 8.334298e-04 9.992039e-01 1.019648e+01
9.991682e-01 7.567158e-04 -4.077263e-02 2.443822e+01 -7.230437e-04 9.999994e-01 8.405835e-04 -1.108326e+00 4.077321e-02 -8.104019e-04 9.991680e-01 9.908991e+00
9.991174e-01 -7.287013e-04 4.199816e-02 2.438322e+01 7.642894e-04 9.999994e-01 -8.313316e-04 -1.105180e+00 -4.199750e-02 8.626946e-04 9.991174e-01 9.641193e+00
9.992464e-01 7.194488e-04 -3.880778e-02 2.438052e+01 -6.885700e-04 9.999994e-01 8.090392e-04 -1.104765e+00 3.880831e-02 -7.817057e-04 9.992463e-01 9.476746e+00
9.992435e-01 -6.843145e-04 3.888272e-02 2.450306e+01 7.156317e-04 9.999994e-01 -7.915230e-04 -1.110303e+00 -3.888212e-02 8.187479e-04 9.992436e-01 9.468084e+00
9.992705e-01 7.368506e-04 -3.818292e-02 2.473741e+01 -7.071839e-04 9.999994e-01 7.904534e-04 -1.117656e+00 3.818345e-02 -7.628724e-04 9.992704e-01 9.297031e+00
9.992537e-01 -6.712302e-04 3.862126e-02 2.492777e+01 7.020058e-04 9.999994e-01 -7.833114e-04 -1.122865e+00 -3.862068e-02 8.098372e-04 9.992537e-01 9.062091e+00
9.992418e-01 7.356094e-04 -3.892768e-02 2.528624e+01 -7.063481e-04 9.999995e-01 7.654249e-04 -1.134529e+00 3.892820e-02 -7.373461e-04 9.992416e-01 8.907986e+00
9.992137e-01 -6.631053e-04 3.964362e-02 2.572533e+01 6.950210e-04 9.999994e-01 -7.912975e-04 -1.149982e+00 -3.964304e-02 8.182264e-04 9.992137e-01 8.864505e+00
9.992922e-01 7.113207e-04 -3.761098e-02 2.610748e+01 -6.843773e-04 9.999995e-01 7.292314e-04 -1.163263e+00 3.761145e-02 -7.029732e-04 9.992921e-01 8.803565e+00
9.990685e-01 -6.933057e-04 4.314795e-02 2.642642e+01 7.309076e-04 9.999994e-01 -8.557040e-04 -1.175691e+00 -4.314730e-02 8.864421e-04 9.990684e-01 8.857378e+00
9.993444e-01 7.078316e-04 -3.619660e-02 2.679381e+01 -6.841231e-04 9.999995e-01 6.673658e-04 -1.190582e+00 3.619703e-02 -6.421634e-04 9.993444e-01 8.983125e+00
9.986861e-01 -8.283517e-04 5.123838e-02 2.711902e+01 8.837013e-04 9.999991e-01 -1.057600e-03 -1.204218e+00 -5.123743e-02 1.101487e-03 9.986860e-01 9.099338e+00
9.989543e-01 8.348193e-04 -4.571319e-02 2.726607e+01 -7.924710e-04 9.999992e-01 9.445025e-04 -1.208372e+00 4.571392e-02 -9.072865e-04 9.989541e-01 8.908863e+00
9.987523e-01 -8.019567e-04 4.993269e-02 2.750692e+01 8.536517e-04 9.999991e-01 -1.013983e-03 -1.215540e+00 -4.993180e-02 1.055341e-03 9.987522e-01 8.700641e+00
9.988832e-01 8.351143e-04 -4.723949e-02 2.773785e+01 -7.904726e-04 9.999992e-01 9.636767e-04 -1.223435e+00 4.724023e-02 -9.252571e-04 9.988830e-01 8.608491e+00
9.984934e-01 -8.374039e-04 5.486650e-02 2.798067e+01 9.006671e-04 9.999990e-01 -1.128328e-03 -1.231816e+00 -5.486547e-02 1.176043e-03 9.984932e-01 8.507961e+00
9.986816e-01 8.885326e-04 -5.132537e-02 2.818846e+01 -8.337809e-04 9.999991e-01 1.088155e-03 -1.242432e+00 5.132626e-02 -1.043924e-03 9.986813e-01 8.685239e+00
9.985289e-01 -8.599439e-04 5.421580e-02 2.824536e+01 9.207403e-04 9.999990e-01 -1.096416e-03 -1.249648e+00 -5.421478e-02 1.144720e-03 9.985287e-01 8.917358e+00
9.987877e-01 8.747053e-04 -4.921659e-02 2.833848e+01 -8.257156e-04 9.999991e-01 1.015709e-03 -1.257281e+00 4.921741e-02 -9.738367e-04 9.987875e-01 9.107264e+00
9.985786e-01 -8.581993e-04 5.329171e-02 2.838599e+01 9.169247e-04 9.999990e-01 -1.077526e-03 -1.263185e+00 -5.329071e-02 1.124857e-03 9.985785e-01 9.265565e+00
9.990650e-01 7.886858e-04 -4.322700e-02 2.855791e+01 -7.529278e-04 9.999994e-01 8.434852e-04 -1.269440e+00 4.322761e-02 -8.101479e-04 9.990648e-01 9.172447e+00
9.986811e-01 -7.959688e-04 5.133595e-02 2.882777e+01 8.499582e-04 9.999991e-01 -1.029870e-03 -1.279180e+00 -5.133506e-02 1.072144e-03 9.986810e-01 9.120379e+00
9.992269e-01 7.182386e-04 -3.930794e-02 2.910158e+01 -6.904799e-04 9.999995e-01 7.197542e-04 -1.292323e+00 3.930841e-02 -6.920547e-04 9.992268e-01 9.316736e+00
9.982872e-01 -8.518679e-04 5.849818e-02 2.944648e+01 9.265000e-04 9.999988e-01 -1.248695e-03 -1.306672e+00 -5.849702e-02 1.300753e-03 9.982868e-01 9.433848e+00
9.988355e-01 8.412724e-04 -4.823787e-02 2.976411e+01 -7.946341e-04 9.999992e-01 9.860060e-04 -1.318920e+00 4.823864e-02 -9.465247e-04 9.988353e-01 9.471826e+00
9.984972e-01 -8.548139e-04 5.479532e-02 2.979342e+01 9.174872e-04 9.999990e-01 -1.118629e-03 -1.320015e+00 -5.479429e-02 1.167221e-03 9.984971e-01 9.347350e+00
9.991287e-01 7.729015e-04 -4.172926e-02 3.005278e+01 -7.406161e-04 9.999994e-01 7.891390e-04 -1.331557e+00 4.172983e-02 -7.575444e-04 9.991285e-01 9.449362e+00
9.990085e-01 -7.122544e-04 4.451373e-02 3.040169e+01 7.511737e-04 9.999994e-01 -8.576064e-04 -1.347117e+00 -4.451307e-02 8.901921e-04 9.990085e-01 9.692828e+00
9.993065e-01 7.161615e-04 -3.722923e-02 3.067986e+01 -6.920287e-04 9.999995e-01 6.611014e-04 -1.361871e+00 3.722967e-02 -6.348776e-04 9.993064e-01 1.001150e+01
9.984015e-01 -8.370307e-04 5.651257e-02 3.104126e+01 9.065134e-04 9.999989e-01 -1.203888e-03 -1.377632e+00 -5.651148e-02 1.253192e-03 9.984013e-01 1.021092e+01
9.990959e-01 7.956778e-04 -4.250644e-02 3.139684e+01 -7.615983e-04 9.999994e-01 8.179364e-04 -1.394036e+00 4.250705e-02 -7.848226e-04 9.990958e-01 1.048386e+01
9.982020e-01 -8.862297e-04 5.993348e-02 3.175198e+01 9.649978e-04 9.999987e-01 -1.285330e-03 -1.409285e+00 -5.993225e-02 1.340853e-03 9.982016e-01 1.065399e+01
9.989834e-01 8.331221e-04 -4.507261e-02 3.214100e+01 -7.935944e-04 9.999993e-01 8.948634e-04 -1.425764e+00 4.507332e-02 -8.581829e-04 9.989832e-01 1.084945e+01
9.981560e-01 -8.669343e-04 6.069395e-02 3.258123e+01 9.484576e-04 9.999987e-01 -1.314392e-03 -1.443653e+00 -6.069273e-02 1.369533e-03 9.981557e-01 1.103315e+01
9.991374e-01 7.641096e-04 -4.151880e-02 3.305225e+01 -7.331861e-04 9.999994e-01 7.600299e-04 -1.463401e+00 4.151935e-02 -7.289321e-04 9.991373e-01 1.128906e+01
9.980869e-01 -8.276606e-04 6.182087e-02 3.344826e+01 9.120539e-04 9.999987e-01 -1.336920e-03 -1.481707e+00 -6.181968e-02 1.390745e-03 9.980865e-01 1.159902e+01
9.993678e-01 6.087119e-04 -3.554679e-02 3.378472e+01 -5.900485e-04 9.999997e-01 5.355240e-04 -1.498772e+00 3.554710e-02 -5.142100e-04 9.993678e-01 1.192331e+01
9.976390e-01 -8.700897e-04 6.867084e-02 3.405825e+01 9.782819e-04 9.999983e-01 -1.541906e-03 -1.512854e+00 -6.866939e-02 1.605444e-03 9.976383e-01 1.214673e+01
9.992109e-01 6.219470e-04 -3.971459e-02 3.428826e+01 -5.958626e-04 9.999996e-01 6.686311e-04 -1.526590e+00 3.971499e-02 -6.444381e-04 9.992107e-01 1.242733e+01
9.978552e-01 -8.258702e-04 6.545521e-02 3.465913e+01 9.210236e-04 9.999986e-01 -1.423555e-03 -1.542569e+00 -6.545395e-02 1.480787e-03 9.978546e-01 1.260198e+01
9.991683e-01 6.415186e-04 -4.077192e-02 3.497343e+01 -6.137253e-04 9.999996e-01 6.941915e-04 -1.558046e+00 4.077236e-02 -6.685905e-04 9.991681e-01 1.285891e+01
9.977739e-01 -8.040740e-04 6.668228e-02 3.533022e+01 9.034125e-04 9.999985e-01 -1.459587e-03 -1.574504e+00 -6.668102e-02 1.516579e-03 9.977733e-01 1.309874e+01
9.987922e-01 7.407010e-04 -4.912910e-02 3.561738e+01 -6.933030e-04 9.999993e-01 9.817974e-04 -1.590561e+00 4.912980e-02 -9.465496e-04 9.987919e-01 1.345643e+01
9.977439e-01 -8.448328e-04 6.712899e-02 3.595258e+01 9.451740e-04 9.999985e-01 -1.463005e-03 -1.606400e+00 -6.712767e-02 1.523152e-03 9.977433e-01 1.371760e+01
9.990229e-01 7.014463e-04 -4.419035e-02 3.627280e+01 -6.671920e-04 9.999995e-01 7.898988e-04 -1.622413e+00 4.419090e-02 -7.596430e-04 9.990227e-01 1.400808e+01
9.972902e-01 -9.140070e-04 7.356259e-02 3.656567e+01 1.040327e-03 9.999980e-01 -1.678880e-03 -1.638616e+00 -7.356093e-02 1.750859e-03 9.972893e-01 1.434798e+01
9.987808e-01 8.031520e-04 -4.935761e-02 3.687921e+01 -7.561991e-04 9.999992e-01 9.699463e-04 -1.654391e+00 4.935838e-02 -9.314393e-04 9.987806e-01 1.463182e+01
9.968361e-01 -9.815333e-04 7.947906e-02 3.712059e+01 1.133941e-03 9.999976e-01 -1.872476e-03 -1.670032e+00 -7.947705e-02 1.956676e-03 9.968349e-01 1.501434e+01
9.985317e-01 8.189414e-04 -5.416452e-02 3.732305e+01 -7.583920e-04 9.999991e-01 1.138423e-03 -1.684518e+00 5.416543e-02 -1.095674e-03 9.985313e-01 1.540416e+01
9.973588e-01 -8.377400e-04 7.262798e-02 3.747177e+01 9.593631e-04 9.999982e-01 -1.639736e-03 -1.700424e+00 -7.262650e-02 1.705081e-03 9.973578e-01 1.595528e+01
9.980566e-01 9.362555e-04 -6.230702e-02 3.759789e+01 -8.504622e-04 9.999987e-01 1.403450e-03 -1.718290e+00 6.230828e-02 -1.347733e-03 9.980559e-01 1.665431e+01
9.972294e-01 -8.481612e-04 7.438347e-02 3.778743e+01 9.758938e-04 9.999981e-01 -1.680890e-03 -1.736539e+00 -7.438193e-02 1.748823e-03 9.972284e-01 1.729146e+01
9.983970e-01 8.456240e-04 -5.659206e-02 3.807193e+01 -7.800371e-04 9.999990e-01 1.181020e-03 -1.755198e+00 5.659304e-02 -1.134983e-03 9.983966e-01 1.780472e+01
9.973216e-01 -8.770563e-04 7.313611e-02 3.840383e+01 9.988357e-04 9.999982e-01 -1.628549e-03 -1.772965e+00 -7.313459e-02 1.697238e-03 9.973207e-01 1.820166e+01
9.986600e-01 7.779116e-04 -5.174618e-02 3.873292e+01 -7.268654e-04 9.999992e-01 1.005283e-03 -1.790201e+00 5.174696e-02 -9.663238e-04 9.986597e-01 1.855667e+01
9.973323e-01 -8.867476e-04 7.299013e-02 3.889470e+01 1.006154e-03 9.999982e-01 -1.599171e-03 -1.804925e+00 -7.298863e-02 1.668344e-03 9.973315e-01 1.902875e+01
9.986325e-01 7.785953e-04 -5.227412e-02 3.905450e+01 -7.264165e-04 9.999992e-01 1.017165e-03 -1.818049e+00 5.227491e-02 -9.778019e-04 9.986322e-01 1.941515e+01
9.973947e-01 -8.362041e-04 7.213264e-02 3.942145e+01 9.514719e-04 9.999983e-01 -1.563652e-03 -1.832902e+00 -7.213126e-02 1.628211e-03 9.973939e-01 1.953092e+01
9.985618e-01 7.064222e-04 -5.360738e-02 3.953864e+01 -6.497057e-04 9.999992e-01 1.075415e-03 -1.840806e+00 5.360815e-02 -1.039039e-03 9.985614e-01 1.967946e+01
9.975596e-01 -7.826422e-04 6.981543e-02 3.969000e+01 8.898181e-04 9.999985e-01 -1.504047e-03 -1.847466e+00 -6.981419e-02 1.562500e-03 9.975589e-01 1.967845e+01
9.981964e-01 8.345842e-04 -6.002650e-02 4.002963e+01 -7.602101e-04 9.999989e-01 1.261844e-03 -1.863330e+00 6.002754e-02 -1.213936e-03 9.981959e-01 1.994897e+01
9.976815e-01 -7.819668e-04 6.805229e-02 4.035930e+01 8.813489e-04 9.999986e-01 -1.430368e-03 -1.876688e+00 -6.805112e-02 1.487030e-03 9.976808e-01 2.006293e+01
9.985109e-01 7.390359e-04 -5.454779e-02 4.077078e+01 -6.812226e-04 9.999992e-01 1.078448e-03 -1.891395e+00 5.454860e-02 -1.039683e-03 9.985105e-01 2.004736e+01
9.982620e-01 -6.658926e-04 5.892820e-02 4.096555e+01 7.342705e-04 9.999991e-01 -1.138716e-03 -1.903196e+00 -5.892744e-02 1.180006e-03 9.982617e-01 2.033290e+01
9.986651e-01 6.265396e-04 -5.164951e-02 4.103418e+01 -5.762559e-04 9.999993e-01 9.884365e-04 -1.912828e+00 5.165014e-02 -9.573542e-04 9.986647e-01 2.069063e+01
9.978405e-01 -6.860936e-04 6.568059e-02 4.111283e+01 7.763326e-04 9.999988e-01 -1.348397e-03 -1.918691e+00 -6.567963e-02 1.396476e-03 9.978399e-01 2.078127e+01
9.982041e-01 7.006994e-04 -5.990057e-02 4.117635e+01 -6.273866e-04 9.999990e-01 1.242703e-03 -1.924267e+00 5.990143e-02 -1.202891e-03 9.982035e-01 2.090404e+01
9.976925e-01 -6.863270e-04 6.789126e-02 4.131708e+01 7.838304e-04 9.999987e-01 -1.409545e-03 -1.931244e+00 -6.789025e-02 1.459508e-03 9.976918e-01 2.097516e+01
9.986771e-01 5.881071e-04 -5.141711e-02 4.165386e+01 -5.391223e-04 9.999994e-01 9.665553e-04 -1.945221e+00 5.141771e-02 -9.375571e-04 9.986767e-01 2.110889e+01
9.973543e-01 -6.969939e-04 7.269058e-02 4.203422e+01 8.135641e-04 9.999984e-01 -1.574056e-03 -1.959390e+00 -7.268943e-02 1.629031e-03 9.973534e-01 2.110960e+01
9.984359e-01 6.020096e-04 -5.590573e-02 4.239705e+01 -5.396608e-04 9.999992e-01 1.130334e-03 -1.974300e+00 5.590643e-02 -1.098396e-03 9.984353e-01 2.125645e+01
9.970655e-01 -6.856159e-04 7.654989e-02 4.270656e+01 8.176034e-04 9.999982e-01 -1.692879e-03 -1.985063e+00 -7.654865e-02 1.750499e-03 9.970644e-01 2.117050e+01
9.984525e-01 5.417778e-04 -5.560916e-02 4.286226e+01 -4.805488e-04 9.999993e-01 1.114419e-03 -1.991051e+00 5.560978e-02 -1.085972e-03 9.984519e-01 2.108616e+01
9.968481e-01 -7.351504e-04 7.933085e-02 4.290363e+01 8.792246e-04 9.999980e-01 -1.781207e-03 -1.994687e+00 -7.932945e-02 1.845344e-03 9.968468e-01 2.107114e+01
9.984708e-01 5.293879e-04 -5.527879e-02 4.299685e+01 -4.688586e-04 9.999993e-01 1.107937e-03 -2.000312e+00 5.527940e-02 -1.080325e-03 9.984703e-01 2.110635e+01
9.969239e-01 -6.530983e-04 7.837242e-02 4.316454e+01 7.940930e-04 9.999981e-01 -1.767888e-03 -2.008264e+00 -7.837118e-02 1.824686e-03 9.969227e-01 2.116141e+01
9.982975e-01 5.635688e-04 -5.832396e-02 4.344591e+01 -4.939003e-04 9.999991e-01 1.208909e-03 -2.020331e+00 5.832466e-02 -1.178046e-03 9.982969e-01 2.126967e+01
9.964410e-01 -7.260334e-04 8.428992e-02 4.370639e+01 8.932452e-04 9.999977e-01 -1.946078e-03 -2.030051e+00 -8.428838e-02 2.014445e-03 9.964395e-01 2.122917e+01
9.983606e-01 5.448001e-04 -5.723505e-02 4.374929e+01 -4.755071e-04 9.999991e-01 1.224274e-03 -2.031639e+00 5.723574e-02 -1.195052e-03 9.983599e-01 2.106182e+01
9.961463e-01 -7.980779e-04 8.770325e-02 4.374525e+01 9.844808e-04 9.999973e-01 -2.082154e-03 -2.032913e+00 -8.770143e-02 2.160473e-03 9.961445e-01 2.096874e+01
9.987226e-01 4.843917e-04 -5.052632e-02 4.376636e+01 -4.338573e-04 9.999994e-01 1.011108e-03 -2.035446e+00 5.052685e-02 -9.878969e-04 9.987221e-01 2.089546e+01
9.967271e-01 -6.796341e-04 8.083779e-02 4.397101e+01 8.346542e-04 9.999979e-01 -1.883901e-03 -2.042616e+00 -8.083641e-02 1.945209e-03 9.967256e-01 2.074303e+01
9.987535e-01 4.129899e-04 -4.991299e-02 4.409986e+01 -3.627424e-04 9.999994e-01 1.015738e-03 -2.046412e+00 4.991346e-02 -9.963678e-04 9.987530e-01 2.050726e+01
9.964185e-01 -6.708074e-04 8.455618e-02 4.420816e+01 8.450935e-04 9.999976e-01 -2.025420e-03 -2.050995e+00 -8.455470e-02 2.089625e-03 9.964167e-01 2.038929e+01
9.987368e-01 3.761346e-04 -5.024535e-02 4.431511e+01 -3.258881e-04 9.999994e-01 1.008189e-03 -2.056446e+00 5.024579e-02 -9.905434e-04 9.987363e-01 2.034623e+01
9.961826e-01 -6.698680e-04 8.729113e-02 4.444016e+01 8.577143e-04 9.999974e-01 -2.114473e-03 -2.062219e+00 -8.728957e-02 2.181274e-03 9.961807e-01 2.028265e+01
9.985901e-01 4.085310e-04 -5.308030e-02 4.457485e+01 -3.503146e-04 9.999993e-01 1.106036e-03 -2.067760e+00 5.308080e-02 -1.085884e-03 9.985896e-01 2.017494e+01
9.971919e-01 -5.414543e-04 7.488730e-02 4.469511e+01 6.713237e-04 9.999983e-01 -1.709051e-03 -2.071829e+00 -7.488634e-02 1.754527e-03 9.971906e-01 2.002414e+01
9.987859e-01 3.508615e-04 -4.925919e-02 4.491850e+01 -3.036915e-04 9.999995e-01 9.650415e-04 -2.080266e+00 4.925959e-02 -9.489123e-04 9.987855e-01 1.995912e+01
9.972083e-01 -5.356285e-04 7.466899e-02 4.509102e+01 6.629268e-04 9.999984e-01 -1.680078e-03 -2.085361e+00 -7.466806e-02 1.724890e-03 9.972070e-01 1.973485e+01
9.984897e-01 4.616984e-04 -5.493706e-02 4.530384e+01 -4.003403e-04 9.999993e-01 1.127852e-03 -2.093165e+00 5.493763e-02 -1.104157e-03 9.984891e-01 1.965054e+01
9.973482e-01 -5.676808e-04 7.277580e-02 4.556321e+01 6.863542e-04 9.999985e-01 -1.605692e-03 -2.102281e+00 -7.277487e-02 1.651386e-03 9.973471e-01 1.956104e+01
9.987043e-01 3.951957e-04 -5.088767e-02 4.565123e+01 -3.443992e-04 9.999994e-01 1.006941e-03 -2.106271e+00 5.088813e-02 -9.881131e-04 9.987038e-01 1.949667e+01
9.967360e-01 -6.656182e-04 8.072721e-02 4.570869e+01 8.207458e-04 9.999979e-01 -1.888479e-03 -2.110557e+00 -8.072587e-02 1.948574e-03 9.967345e-01 1.949500e+01
9.989633e-01 3.240110e-04 -4.552007e-02 4.579586e+01 -2.854242e-04 9.999996e-01 8.541466e-04 -2.115415e+00 4.552042e-02 -8.402709e-04 9.989630e-01 1.944972e+01
9.960316e-01 -7.244001e-04 8.899787e-02 4.577691e+01 9.184977e-04 9.999973e-01 -2.140008e-03 -2.117965e+00 -8.899618e-02 2.213262e-03 9.960296e-01 1.941748e+01
9.984191e-01 5.036570e-04 -5.620483e-02 4.598045e+01 -4.374992e-04 9.999992e-01 1.189344e-03 -2.125873e+00 5.620548e-02 -1.162876e-03 9.984185e-01 1.933769e+01
9.968744e-01 -5.308195e-04 7.900187e-02 4.648641e+01 6.797504e-04 9.999980e-01 -1.858300e-03 -2.143611e+00 -7.900083e-02 1.906196e-03 9.968728e-01 1.929024e+01
9.982863e-01 4.465164e-04 -5.851603e-02 4.701411e+01 -3.725645e-04 9.999991e-01 1.274655e-03 -2.162078e+00 5.851665e-02 -1.250672e-03 9.982856e-01 1.926576e+01
9.960634e-01 -5.551580e-04 8.864187e-02 4.745657e+01 7.495057e-04 9.999974e-01 -2.159257e-03 -2.177063e+00 -8.864054e-02 2.217197e-03 9.960613e-01 1.913084e+01
9.983256e-01 4.154860e-04 -5.784259e-02 4.793641e+01 -3.439923e-04 9.999992e-01 1.245914e-03 -2.193668e+00 5.784316e-02 -1.223933e-03 9.983249e-01 1.903905e+01
9.958648e-01 -6.095945e-04 9.084616e-02 4.833225e+01 8.135409e-04 9.999972e-01 -2.207974e-03 -2.207670e+00 -9.084466e-02 2.272754e-03 9.958625e-01 1.896315e+01
9.985237e-01 3.308009e-04 -5.431519e-02 4.864535e+01 -2.697512e-04 9.999993e-01 1.131268e-03 -2.219848e+00 5.431563e-02 -1.114949e-03 9.985231e-01 1.894931e+01
9.955159e-01 -5.734846e-04 9.459281e-02 4.897739e+01 7.987668e-04 9.999969e-01 -2.343778e-03 -2.233094e+00 -9.459128e-02 2.408829e-03 9.955133e-01 1.895202e+01
9.983222e-01 3.651449e-04 -5.790085e-02 4.932851e+01 -2.920662e-04 9.999992e-01 1.270543e-03 -2.245437e+00 5.790136e-02 -1.251503e-03 9.983215e-01 1.882988e+01
9.963552e-01 -4.577533e-04 8.530120e-02 4.977739e+01 6.373337e-04 9.999976e-01 -2.078061e-03 -2.260755e+00 -8.530014e-02 2.124855e-03 9.963531e-01 1.872176e+01
9.983132e-01 2.917424e-04 -5.805694e-02 5.023093e+01 -2.172384e-04 9.999991e-01 1.289547e-03 -2.276337e+00 5.805736e-02 -1.274762e-03 9.983124e-01 1.863418e+01
9.953492e-01 -4.780702e-04 9.633177e-02 5.055764e+01 7.159308e-04 9.999968e-01 -2.434662e-03 -2.288566e+00 -9.633040e-02 2.492308e-03 9.953463e-01 1.856495e+01
9.980299e-01 3.298620e-04 -6.273753e-02 5.099472e+01 -2.403649e-04 9.999989e-01 1.434022e-03 -2.304184e+00 6.273804e-02 -1.416119e-03 9.980290e-01 1.849918e+01
9.952024e-01 -4.847707e-04 9.783733e-02 5.143854e+01 7.316367e-04 9.999966e-01 -2.487399e-03 -2.320010e+00 -9.783589e-02 2.547049e-03 9.951993e-01 1.843562e+01
9.980643e-01 3.260368e-04 -6.218794e-02 5.184219e+01 -2.371096e-04 9.999989e-01 1.437290e-03 -2.334349e+00 6.218844e-02 -1.419766e-03 9.980634e-01 1.834951e+01
9.957034e-01 -4.244108e-04 9.259915e-02 5.228515e+01 6.440306e-04 9.999971e-01 -2.341892e-03 -2.349590e+00 -9.259798e-02 2.391469e-03 9.957007e-01 1.824314e+01
9.976293e-01 3.831355e-04 -6.881504e-02 5.279765e+01 -2.699377e-04 9.999986e-01 1.654194e-03 -2.366878e+00 6.881568e-02 -1.631699e-03 9.976280e-01 1.813615e+01
9.958285e-01 -3.894463e-04 9.124480e-02 5.334046e+01 6.034564e-04 9.999971e-01 -2.317911e-03 -2.385564e+00 -9.124373e-02 2.363307e-03 9.958258e-01 1.807816e+01
9.976044e-01 3.845073e-04 -6.917524e-02 5.393558e+01 -2.696826e-04 9.999986e-01 1.669185e-03 -2.405852e+00 6.917588e-02 -1.646534e-03 9.976031e-01 1.802258e+01
9.954753e-01 -4.080617e-04 9.502025e-02 5.447700e+01 6.424812e-04 9.999968e-01 -2.436505e-03 -2.424418e+00 -9.501905e-02 2.486532e-03 9.954724e-01 1.795179e+01
9.973904e-01 3.756406e-04 -7.219457e-02 5.496482e+01 -2.480193e-04 9.999984e-01 1.776640e-03 -2.440609e+00 7.219521e-02 -1.754101e-03 9.973890e-01 1.782810e+01
9.948674e-01 -4.592073e-04 1.011865e-01 5.524836e+01 7.275961e-04 9.999963e-01 -2.615566e-03 -2.450319e+00 -1.011850e-01 2.675767e-03 9.948641e-01 1.769263e+01
9.979299e-01 2.263985e-04 -6.430903e-02 5.548213e+01 -1.279350e-04 9.999988e-01 1.535146e-03 -2.459043e+00 6.430939e-02 -1.523743e-03 9.979288e-01 1.758472e+01
9.941182e-01 -4.757357e-04 1.083001e-01 5.568214e+01 7.891720e-04 9.999956e-01 -2.851342e-03 -2.467525e+00 -1.082984e-01 2.920041e-03 9.941142e-01 1.752995e+01
9.972592e-01 3.503589e-04 -7.398549e-02 5.601388e+01 -2.149657e-04 9.999983e-01 1.837890e-03 -2.480340e+00 7.398609e-02 -1.816951e-03 9.972576e-01 1.751160e+01
9.954660e-01 -3.788893e-04 9.511837e-02 5.630476e+01 6.149389e-04 9.999968e-01 -2.452386e-03 -2.490629e+00 -9.511723e-02 2.499761e-03 9.954630e-01 1.742344e+01
9.973139e-01 3.449039e-04 -7.324471e-02 5.652161e+01 -2.119946e-04 9.999983e-01 1.822294e-03 -2.497812e+00 7.324530e-02 -1.801874e-03 9.973123e-01 1.725231e+01
9.961397e-01 -3.354020e-04 8.778284e-02 5.675387e+01 5.295793e-04 9.999975e-01 -2.188789e-03 -2.504305e+00 -8.778197e-02 2.226830e-03 9.961372e-01 1.697755e+01
9.977241e-01 2.974195e-04 -6.742700e-02 5.709313e+01 -1.901728e-04 9.999987e-01 1.596902e-03 -2.515435e+00 6.742747e-02 -1.580447e-03 9.977229e-01 1.681832e+01
9.968275e-01 -2.939628e-04 7.959297e-02 5.729850e+01 4.490226e-04 9.999980e-01 -1.930327e-03 -2.521513e+00 -7.959233e-02 1.959944e-03 9.968256e-01 1.660380e+01
9.971383e-01 4.704322e-04 -7.559672e-02 5.770448e+01 -3.395560e-04 9.999984e-01 1.744020e-03 -2.534070e+00 7.559751e-02 -1.713363e-03 9.971369e-01 1.641858e+01
9.972720e-01 -1.903792e-04 7.381469e-02 5.810821e+01 3.152018e-04 9.999985e-01 -1.679443e-03 -2.545517e+00 -7.381434e-02 1.698130e-03 9.972706e-01 1.613525e+01
9.967725e-01 5.690356e-04 -8.027483e-02 5.832012e+01 -4.173171e-04 9.999981e-01 1.906691e-03 -2.551136e+00 8.027584e-02 -1.867040e-03 9.967709e-01 1.588917e+01
9.971696e-01 -2.239804e-04 7.518571e-02 5.845564e+01 3.519677e-04 9.999985e-01 -1.689096e-03 -2.554118e+00 -7.518530e-02 1.710780e-03 9.971681e-01 1.562559e+01
9.954159e-01 9.730793e-04 -9.563513e-02 5.866087e+01 -7.398147e-04 9.999967e-01 2.474487e-03 -2.562155e+00 9.563730e-02 -2.392394e-03 9.954134e-01 1.557821e+01
9.977323e-01 -6.750839e-05 6.730842e-02 5.883358e+01 1.548162e-04 9.999992e-01 -1.291978e-03 -2.569245e+00 -6.730836e-02 1.299471e-03 9.977314e-01 1.552497e+01
9.973363e-01 3.553627e-04 -7.293911e-02 5.883097e+01 -2.521508e-04 9.999990e-01 1.424182e-03 -2.566818e+00 7.293962e-02 -1.401999e-03 9.973354e-01 1.517700e+01
9.978673e-01 -3.012393e-05 6.527624e-02 5.887095e+01 1.067175e-04 9.999993e-01 -1.169955e-03 -2.565208e+00 -6.527625e-02 1.174428e-03 9.978666e-01 1.477484e+01
9.961536e-01 7.718368e-04 -8.761944e-02 5.885974e+01 -5.946870e-04 9.999977e-01 2.047844e-03 -2.563317e+00 8.762091e-02 -1.987863e-03 9.961519e-01 1.446706e+01
9.981988e-01 5.985494e-05 5.999341e-02 5.894178e+01 -6.144265e-06 9.999996e-01 -8.955270e-04 -2.566347e+00 -5.999353e-02 8.935479e-04 9.981984e-01 1.431262e+01
9.962909e-01 7.407775e-04 -8.604558e-02 5.908279e+01 -5.811423e-04 9.999981e-01 1.880226e-03 -2.571674e+00 8.604689e-02 -1.823249e-03 9.962894e-01 1.419532e+01
9.984777e-01 1.398006e-04 5.515859e-02 5.928810e+01 -1.047200e-04 9.999998e-01 -6.389521e-04 -2.579868e+00 -5.515876e-02 6.322057e-04 9.984774e-01 1.413814e+01
9.960459e-01 8.541224e-04 -8.883531e-02 5.941930e+01 -6.812669e-04 9.999978e-01 1.976055e-03 -2.585957e+00 8.883690e-02 -1.907723e-03 9.960443e-01 1.409758e+01
9.984590e-01 7.149977e-05 5.549543e-02 5.950233e+01 -3.788972e-05 9.999998e-01 -6.067498e-04 -2.590850e+00 -5.549556e-02 6.037145e-04 9.984588e-01 1.407988e+01
9.961361e-01 8.803161e-04 -8.781769e-02 5.961803e+01 -7.179523e-04 9.999980e-01 1.880402e-03 -2.596633e+00 8.781926e-02 -1.810089e-03 9.961348e-01 1.405179e+01
9.983030e-01 -8.541949e-06 5.823510e-02 5.978321e+01 4.691967e-05 9.999998e-01 -6.576998e-04 -2.603565e+00 -5.823517e-02 6.593184e-04 9.983027e-01 1.399967e+01
9.960691e-01 9.397985e-04 -8.857374e-02 5.996752e+01 -7.773425e-04 9.999980e-01 1.868573e-03 -2.612278e+00 8.857541e-02 -1.792378e-03 9.960678e-01 1.404439e+01
9.981575e-01 -1.078489e-04 6.067778e-02 6.019259e+01 1.530430e-04 9.999997e-01 -7.402197e-04 -2.621951e+00 -6.067778e-02 7.481444e-04 9.981572e-01 1.406401e+01
9.961464e-01 9.807287e-04 -8.769960e-02 6.048741e+01 -8.241058e-04 9.999980e-01 1.822057e-03 -2.633653e+00 8.770131e-02 -1.742764e-03 9.961453e-01 1.407692e+01
9.980958e-01 -1.990940e-04 6.168321e-02 6.068691e+01 2.475351e-04 9.999997e-01 -7.777221e-04 -2.640381e+00 -6.168313e-02 7.915122e-04 9.980955e-01 1.391812e+01
9.963308e-01 9.805907e-04 -8.557984e-02 6.081020e+01 -8.321643e-04 9.999981e-01 1.769986e-03 -2.642903e+00 8.558151e-02 -1.692277e-03 9.963297e-01 1.360987e+01
9.984035e-01 -1.533886e-04 5.648477e-02 6.091576e+01 1.859066e-04 9.999998e-01 -5.704836e-04 -2.646998e+00 -5.648477e-02 5.800759e-04 9.984033e-01 1.346827e+01
9.965600e-01 9.566311e-04 -8.286792e-02 6.100110e+01 -8.274863e-04 9.999984e-01 1.592743e-03 -2.649043e+00 8.286941e-02 -1.518694e-03 9.965592e-01 1.321746e+01
9.982673e-01 -2.520859e-04 5.884163e-02 6.111044e+01 2.918557e-04 9.999997e-01 -6.673208e-04 -2.650138e+00 -5.884155e-02 6.833399e-04 9.982671e-01 1.282088e+01
9.966356e-01 1.047657e-03 -8.195251e-02 6.114600e+01 -9.258000e-04 9.999984e-01 1.524881e-03 -2.647627e+00 8.195408e-02 -1.443881e-03 9.966350e-01 1.233344e+01
9.978580e-01 -4.349544e-04 6.541676e-02 6.113448e+01 4.932417e-04 9.999995e-01 -8.748962e-04 -2.641331e+00 -6.541645e-02 9.052904e-04 9.978577e-01 1.166020e+01
9.957609e-01 1.288024e-03 -9.197019e-02 6.125606e+01 -1.111293e-03 9.999974e-01 1.972783e-03 -2.644892e+00 9.197260e-02 -1.862216e-03 9.957598e-01 1.144300e+01
