9.999724e-01 3.111964e-05 7.430545e-03 4.833060e-01 -2.953706e-05 1.000000e+00 -2.130958e-04 -1.877612e-02 -7.430552e-03 2.128700e-04 9.999725e-01 1.697368e-01
9.999988e-01 1.755052e-05 -1.531832e-03 9.606679e-01 -1.751856e-05 1.000000e+00 2.087216e-05 -3.784025e-02 1.531833e-03 -2.084486e-05 9.999987e-01 3.826721e-01
9.999702e-01 -2.708256e-05 7.722414e-03 1.420095e+00 2.883392e-05 1.000000e+00 -2.266797e-04 -5.678864e-02 -7.722410e-03 2.268952e-04 9.999703e-01 6.188000e-01
9.999880e-01 8.908361e-05 -4.893660e-03 1.965644e+00 -8.873639e-05 1.000000e+00 7.116591e-05 -7.783426e-02 4.893668e-03 -7.073041e-05 9.999879e-01 8.312400e-01
9.997360e-01 -2.648025e-04 2.297713e-02 2.413099e+00 2.790294e-04 9.999998e-01 -6.159741e-04 -9.524259e-02 -2.297697e-02 6.222224e-04 9.997359e-01 9.457191e-01
9.998939e-01 2.385781e-04 -1.456428e-02 2.848325e+00 -2.330320e-04 9.999999e-01 3.824943e-04 -1.106427e-01 1.456438e-02 -3.790594e-04 9.998938e-01 9.262633e-01
9.998857e-01 -2.332411e-04 1.511554e-02 3.165236e+00 2.395935e-04 9.999999e-01 -4.184482e-04 -1.220886e-01 -1.511544e-02 4.220216e-04 9.998858e-01 8.684314e-01
9.999075e-01 2.677779e-04 -1.360212e-02 3.630632e+00 -2.629433e-04 9.999999e-01 3.572198e-04 -1.385319e-01 1.360222e-02 -3.536099e-04 9.999073e-01 8.357526e-01
9.999361e-01 -2.080916e-04 1.130011e-02 4.022821e+00 2.115882e-04 9.999999e-01 -3.082333e-04 -1.554237e-01 -1.130005e-02 3.106043e-04 9.999362e-01 1.061786e+00
9.998298e-01 3.771375e-04 -1.844466e-02 4.330910e+00 -3.679002e-04 9.999998e-01 5.042019e-04 -1.684041e-01 1.844485e-02 -4.973300e-04 9.998297e-01 1.191747e+00
9.999199e-01 -1.950293e-04 1.265757e-02 4.698608e+00 1.998207e-04 9.999999e-01 -3.772748e-04 -1.821043e-01 -1.265749e-02 3.797734e-04 9.999199e-01 1.222038e+00
9.996315e-01 5.620951e-04 -2.713987e-02 4.893685e+00 -5.388294e-04 9.999995e-01 8.645560e-04 -1.907546e-01 2.714034e-02 -8.496132e-04 9.996312e-01 1.267871e+00
9.997036e-01 -4.988277e-04 2.434100e-02 4.945239e+00 5.186429e-04 9.999995e-01 -8.077632e-04 -1.929916e-01 -2.434059e-02 8.201477e-04 9.997035e-01 1.182969e+00
9.994698e-01 6.468598e-04 -3.255340e-02 4.857271e+00 -6.129796e-04 9.999993e-01 1.050725e-03 -1.944250e-01 3.255406e-02 -1.030213e-03 9.994693e-01 1.310993e+00
9.995151e-01 -6.101113e-04 3.113228e-02 4.911433e+00 6.404160e-04 9.999993e-01 -9.634540e-04 -2.049691e-01 -3.113167e-02 9.829240e-04 9.995149e-01 1.728996e+00
9.998453e-01 4.342526e-04 -1.758246e-02 5.160518e+00 -4.237041e-04 9.999997e-01 6.036664e-04 -2.186203e-01 1.758272e-02 -5.961229e-04 9.998451e-01 2.022504e+00
9.999388e-01 -1.630479e-04 1.105814e-02 5.390125e+00 1.671229e-04 9.999999e-01 -3.675832e-04 -2.286927e-01 -1.105808e-02 3.694084e-04 9.999389e-01 2.100182e+00
9.997811e-01 5.197947e-04 -2.091793e-02 5.609736e+00 -5.040223e-04 9.999996e-01 7.592757e-04 -2.382590e-01 2.091831e-02 -7.485659e-04 9.997808e-01 2.151285e+00
9.993174e-01 -7.043550e-04 3.693441e-02 5.856128e+00 7.497992e-04 9.999990e-01 -1.216567e-03 -2.485883e-01 -3.693352e-02 1.243430e-03 9.993171e-01 2.208050e+00
9.996718e-01 6.186549e-04 -2.561148e-02 6.148236e+00 -5.954325e-04 9.999994e-01 9.143345e-04 -2.624472e-01 2.561203e-02 -8.987841e-04 9.996715e-01 2.424289e+00
9.989859e-01 -7.763961e-04 4.501759e-02 6.555201e+00 8.432167e-04 9.999986e-01 -1.465352e-03 -2.794769e-01 -4.501639e-02 1.501825e-03 9.989852e-01 2.619710e+00
9.992824e-01 7.698057e-04 -3.786892e-02 6.815602e+00 -7.212352e-04 9.999989e-01 1.296239e-03 -2.934944e-01 3.786988e-02 -1.267996e-03 9.992818e-01 2.926421e+00
9.987706e-01 -8.349965e-04 4.956305e-02 7.124690e+00 9.163385e-04 9.999983e-01 -1.618483e-03 -3.065573e-01 -4.956162e-02 1.661910e-03 9.987698e-01 3.072112e+00
9.984043e-01 1.210280e-03 -5.645635e-02 7.184362e+00 -1.103316e-03 9.999975e-01 1.925757e-03 -3.089871e-01 5.645855e-02 -1.860394e-03 9.984031e-01 2.955343e+00
9.987870e-01 -9.246281e-04 4.923133e-02 7.247085e+00 1.002175e-03 9.999983e-01 -1.550485e-03 -3.120658e-01 -4.922982e-02 1.597942e-03 9.987863e-01 2.899107e+00
9.993034e-01 8.209050e-04 -3.731114e-02 7.457948e+00 -7.745552e-04 9.999989e-01 1.256688e-03 -3.215939e-01 3.731213e-02 -1.226913e-03 9.993028e-01 2.977154e+00
9.989455e-01 -8.279817e-04 4.590333e-02 7.570921e+00 8.982069e-04 9.999985e-01 -1.509245e-03 -3.241222e-01 -4.590202e-02 1.548884e-03 9.989448e-01 2.738245e+00
9.989898e-01 9.116884e-04 -4.492749e-02 7.820672e+00 -8.435097e-04 9.999985e-01 1.536463e-03 -3.318145e-01 4.492883e-02 -1.497014e-03 9.989890e-01 2.548237e+00
9.989793e-01 -7.683188e-04 4.516385e-02 8.200952e+00 8.385924e-04 9.999985e-01 -1.537044e-03 -3.489082e-01 -4.516261e-02 1.573349e-03 9.989785e-01 2.821511e+00
9.989293e-01 9.461116e-04 -4.625364e-02 8.639221e+00 -8.748074e-04 9.999984e-01 1.561809e-03 -3.669475e-01 4.625505e-02 -1.519674e-03 9.989284e-01 3.042647e+00
9.989040e-01 -8.405609e-04 4.679922e-02 8.977986e+00 9.151004e-04 9.999983e-01 -1.571350e-03 -3.822106e-01 -4.679783e-02 1.612453e-03 9.989032e-01 3.287545e+00
9.988381e-01 9.497689e-04 -4.818147e-02 9.267711e+00 -8.727666e-04 9.999983e-01 1.619185e-03 -3.954378e-01 4.818293e-02 -1.575252e-03 9.988372e-01 3.481955e+00
9.988858e-01 -8.616984e-04 4.718429e-02 9.552678e+00 9.365410e-04 9.999983e-01 -1.564092e-03 -4.084598e-01 -4.718288e-02 1.606539e-03 9.988851e-01 3.661424e+00
9.986550e-01 1.022121e-03 -5.183841e-02 9.821599e+00 -9.329829e-04 9.999980e-01 1.743713e-03 -4.212946e-01 5.184010e-02 -1.693003e-03 9.986539e-01 3.866574e+00
9.989881e-01 -8.403060e-04 4.496829e-02 1.007802e+01 9.085147e-04 9.999985e-01 -1.496402e-03 -4.336396e-01 -4.496697e-02 1.535742e-03 9.989874e-01 4.071594e+00
9.987344e-01 9.632930e-04 -5.028507e-02 1.021888e+01 -8.787950e-04 9.999982e-01 1.702460e-03 -4.434564e-01 5.028662e-02 -1.656115e-03 9.987334e-01 4.336975e+00
9.988235e-01 -8.225118e-04 4.848621e-02 1.061455e+01 9.032466e-04 9.999982e-01 -1.643222e-03 -4.592227e-01 -4.848478e-02 1.685084e-03 9.988226e-01 4.447333e+00
9.987906e-01 9.370929e-04 -4.915845e-02 1.112674e+01 -8.579422e-04 9.999983e-01 1.631189e-03 -4.775910e-01 4.915990e-02 -1.587041e-03 9.987896e-01 4.439365e+00
9.989034e-01 -7.964562e-04 4.681304e-02 1.164376e+01 8.720138e-04 9.999983e-01 -1.593630e-03 -4.964920e-01 -4.681170e-02 1.632703e-03 9.989025e-01 4.487350e+00
9.984161e-01 1.118233e-03 -5.624955e-02 1.208406e+01 -1.012158e-03 9.999977e-01 1.914248e-03 -5.131834e-01 5.625156e-02 -1.854283e-03 9.984148e-01 4.576143e+00
9.991335e-01 -6.241799e-04 4.161678e-02 1.244712e+01 6.803632e-04 9.999989e-01 -1.335867e-03 -5.288330e-01 -4.161590e-02 1.363024e-03 9.991329e-01 4.770081e+00
9.990445e-01 7.923892e-04 -4.369792e-02 1.302802e+01 -7.331010e-04 9.999988e-01 1.372782e-03 -5.505284e-01 4.369896e-02 -1.339434e-03 9.990437e-01 4.886957e+00
9.991239e-01 -5.924321e-04 4.184707e-02 1.372773e+01 6.498192e-04 9.999989e-01 -1.357763e-03 -5.752688e-01 -4.184622e-02 1.383766e-03 9.991232e-01 4.924585e+00
9.990465e-01 7.516817e-04 -4.365302e-02 1.424773e+01 -6.907984e-04 9.999988e-01 1.409777e-03 -5.953027e-01 4.365403e-02 -1.378277e-03 9.990457e-01 5.079300e+00
9.991661e-01 -5.665669e-04 4.082602e-02 1.475058e+01 6.203924e-04 9.999990e-01 -1.305754e-03 -6.149989e-01 -4.082524e-02 1.329993e-03 9.991655e-01 5.252443e+00
9.992043e-01 6.947843e-04 -3.987758e-02 1.534132e+01 -6.459533e-04 9.999990e-01 1.237396e-03 -6.368819e-01 3.987841e-02 -1.210652e-03 9.992037e-01 5.348821e+00
9.991801e-01 -5.733497e-04 4.048206e-02 1.585308e+01 6.256750e-04 9.999990e-01 -1.279898e-03 -6.560739e-01 -4.048129e-02 1.304177e-03 9.991795e-01 5.437109e+00
9.990988e-01 6.676897e-04 -4.244099e-02 1.610952e+01 -6.119871e-04 9.999989e-01 1.325450e-03 -6.687739e-01 4.244184e-02 -1.298282e-03 9.990980e-01 5.657006e+00
9.992307e-01 -4.985466e-04 3.921407e-02 1.635040e+01 5.444004e-04 9.999992e-01 -1.158653e-03 -6.824119e-01 -3.921347e-02 1.179109e-03 9.992303e-01 5.964508e+00
9.994477e-01 5.227992e-04 -3.322583e-02 1.663431e+01 -4.902171e-04 9.999994e-01 9.887652e-04 -6.983742e-01 3.322633e-02 -9.719309e-04 9.994473e-01 6.339934e+00
9.997416e-01 -2.405414e-04 2.272902e-02 1.684576e+01 2.541812e-04 9.999998e-01 -5.972213e-04 -7.122567e-01 -2.272887e-02 6.028439e-04 9.997416e-01 6.715804e+00
9.994943e-01 5.331254e-04 -3.179517e-02 1.719172e+01 -5.053261e-04 9.999995e-01 8.823530e-04 -7.280196e-01 3.179562e-02 -8.658394e-04 9.994939e-01 6.956457e+00
9.998264e-01 -1.089133e-04 1.863160e-02 1.765850e+01 1.173720e-04 9.999999e-01 -4.529096e-04 -7.457233e-01 -1.863155e-02 4.550173e-04 9.998264e-01 7.067656e+00
9.993340e-01 6.888117e-04 -3.648274e-02 1.817554e+01 -6.475886e-04 9.999991e-01 1.141739e-03 -7.651971e-01 3.648349e-02 -1.117352e-03 9.993335e-01 7.199502e+00
9.999801e-01 1.822866e-04 6.305878e-03 1.850778e+01 -1.831554e-04 1.000000e+00 1.371915e-04 -7.795273e-01 -6.305848e-03 -1.383443e-04 9.999802e-01 7.344473e+00
9.988249e-01 9.720029e-04 -4.845585e-02 1.866907e+01 -8.935064e-04 9.999983e-01 1.641593e-03 -7.897131e-01 4.845735e-02 -1.596367e-03 9.988239e-01 7.534077e+00
9.999755e-01 1.666975e-04 6.992624e-03 1.888994e+01 -1.676494e-04 1.000000e+00 1.355256e-04 -8.016886e-01 -6.992588e-03 -1.366956e-04 9.999756e-01 7.729622e+00
9.986322e-01 1.027779e-03 -5.227525e-02 1.905630e+01 -9.377079e-04 9.999980e-01 1.747518e-03 -8.118733e-01 5.227692e-02 -1.696108e-03 9.986311e-01 7.903811e+00
9.999860e-01 2.086133e-04 5.291811e-03 1.922258e+01 -2.098711e-04 9.999999e-01 2.371080e-04 -8.221592e-01 -5.291739e-03 -2.382167e-04 9.999861e-01 8.084234e+00
9.988013e-01 9.940561e-04 -4.893854e-02 1.940768e+01 -9.151465e-04 9.999982e-01 1.634799e-03 -8.333994e-01 4.894005e-02 -1.588052e-03 9.988004e-01 8.297519e+00
9.998840e-01 -2.894698e-05 1.523258e-02 1.965072e+01 3.154323e-05 1.000000e+00 -1.702199e-04 -8.461238e-01 -1.523254e-02 1.706790e-04 9.998841e-01 8.516570e+00
9.983973e-01 1.174679e-03 -5.658090e-02 1.983710e+01 -1.067170e-03 9.999976e-01 1.930270e-03 -8.574314e-01 5.658300e-02 -1.866793e-03 9.983961e-01 8.737642e+00
9.993969e-01 -4.512120e-04 3.472131e-02 2.012521e+01 4.849741e-04 9.999994e-01 -9.639699e-04 -8.725957e-01 -3.472082e-02 9.802256e-04 9.993967e-01 9.052726e+00
9.985899e-01 9.825735e-04 -5.307841e-02 2.033268e+01 -8.924779e-04 9.999981e-01 1.721076e-03 -8.857583e-01 5.307996e-02 -1.671276e-03 9.985888e-01 9.389612e+00
9.997744e-01 -4.984698e-05 2.124005e-02 2.051052e+01 5.620642e-05 1.000000e+00 -2.988341e-04 -8.984882e-01 -2.123999e-02 2.999585e-04 9.997745e-01 9.732665e+00
9.985167e-01 9.450083e-04 -5.443875e-02 2.066498e+01 -8.528040e-04 9.999982e-01 1.716924e-03 -9.099705e-01 5.444023e-02 -1.667949e-03 9.985155e-01 1.003739e+01
9.998992e-01 1.238488e-04 1.420090e-02 2.079713e+01 -1.243325e-04 1.000000e+00 3.313818e-05 -9.209239e-01 -1.420085e-02 -3.490273e-05 9.998993e-01 1.033642e+01
9.981141e-01 1.175225e-03 -6.137505e-02 2.093467e+01 -1.055761e-03 9.999975e-01 1.978832e-03 -9.308928e-01 6.137717e-02 -1.910300e-03 9.981127e-01 1.054859e+01
9.998318e-01 9.211329e-06 1.834355e-02 2.111810e+01 -7.185319e-06 1.000000e+00 -1.105580e-04 -9.417611e-01 -1.834350e-02 1.104051e-04 9.998318e-01 1.073152e+01
9.982571e-01 1.131319e-03 -5.900336e-02 2.128182e+01 -1.025171e-03 9.999978e-01 1.829241e-03 -9.515050e-01 5.900524e-02 -1.765561e-03 9.982560e-01 1.088278e+01
9.997266e-01 -1.219842e-04 2.338196e-02 2.143616e+01 1.282570e-04 1.000000e+00 -2.668179e-04 -9.608201e-01 -2.338187e-02 2.697412e-04 9.997267e-01 1.103512e+01
9.978752e-01 1.235667e-03 -6.514198e-02 2.152686e+01 -1.108038e-03 9.999974e-01 1.995315e-03 -9.682894e-01 6.514421e-02 -1.918893e-03 9.978739e-01 1.118109e+01
9.996349e-01 -1.658677e-04 2.702045e-02 2.162524e+01 1.744612e-04 9.999999e-01 -3.157220e-04 -9.757186e-01 -2.702033e-02 3.203178e-04 9.996349e-01 1.131073e+01
9.999931e-01 -7.744935e-05 -3.723219e-03 2.199861e+01 7.583328e-05 9.999999e-01 -4.344870e-04 -9.910938e-01 3.723186e-03 4.342045e-04 9.999929e-01 1.143177e+01
9.989001e-01 -3.678844e-04 4.688886e-02 2.229923e+01 4.115545e-04 9.999995e-01 -9.217260e-04 -1.003807e+00 -4.688843e-02 9.400067e-04 9.988998e-01 1.149665e+01
9.999840e-01 -1.032456e-04 -5.647437e-03 2.251350e+01 1.011898e-04 9.999999e-01 -3.644766e-04 -1.013408e+00 5.647415e-03 3.639020e-04 9.999839e-01 1.152156e+01
9.987852e-01 -3.677693e-04 4.927496e-02 2.271606e+01 4.169013e-04 9.999994e-01 -9.868429e-04 -1.022138e+00 -4.927452e-02 1.006184e-03 9.987849e-01 1.150625e+01
9.999944e-01 -1.410042e-04 -3.333627e-03 2.283793e+01 1.396646e-04 9.999999e-01 -4.023066e-04 -1.028011e+00 3.333632e-03 4.018413e-04 9.999943e-01 1.144886e+01
9.991889e-01 -2.230706e-04 4.026762e-02 2.304187e+01 2.536309e-04 9.999997e-01 -7.538411e-04 -1.036115e+00 -4.026739e-02 7.634403e-04 9.991887e-01 1.137284e+01
9.999802e-01 -1.531415e-04 -6.282291e-03 2.330991e+01 1.512479e-04 9.999999e-01 -3.019940e-04 -1.046067e+00 6.282291e-03 3.010402e-04 9.999801e-01 1.129268e+01
9.992624e-01 -1.589322e-04 3.839999e-02 2.370135e+01 1.862682e-04 9.999997e-01 -7.083161e-04 -1.060588e+00 -3.839982e-02 7.149442e-04 9.992623e-01 1.126731e+01
9.999617e-01 -1.393061e-04 -8.754939e-03 2.405781e+01 1.374494e-04 1.000000e+00 -2.127300e-04 -1.074520e+00 8.754928e-03 2.115207e-04 9.999616e-01 1.130413e+01
9.993676e-01 -1.441602e-04 3.555839e-02 2.437798e+01 1.660060e-04 9.999998e-01 -6.114269e-04 -1.087360e+00 -3.555825e-02 6.169410e-04 9.993675e-01 1.135205e+01
9.999864e-01 -1.717321e-04 -5.205683e-03 2.476891e+01 1.699691e-04 9.999999e-01 -3.391776e-04 -1.101822e+00 5.205706e-03 3.382902e-04 9.999863e-01 1.133195e+01
9.992104e-01 -1.681978e-04 3.973147e-02 2.515769e+01 1.979452e-04 9.999997e-01 -7.447885e-04 -1.116379e+00 -3.973130e-02 7.520631e-04 9.992102e-01 1.132270e+01
9.999815e-01 -1.842989e-04 -6.083809e-03 2.548399e+01 1.824421e-04 9.999999e-01 -3.057983e-04 -1.129035e+00 6.083836e-03 3.046845e-04 9.999813e-01 1.132304e+01
9.997441e-01 8.943603e-05 2.262253e-02 2.576600e+01 -8.474648e-05 1.000000e+00 -2.082669e-04 -1.140181e+00 -2.262252e-02 2.062946e-04 9.997442e-01 1.135659e+01
9.998547e-01 -1.388989e-04 -1.704505e-02 2.597899e+01 1.394610e-04 1.000000e+00 3.177586e-05 -1.150878e+00 1.704502e-02 -3.414657e-05 9.998546e-01 1.153802e+01
9.999797e-01 4.266745e-04 6.362792e-03 2.612485e+01 -4.287433e-04 9.999999e-01 3.237374e-04 -1.158105e+00 -6.362626e-03 -3.264606e-04 9.999798e-01 1.160141e+01
9.997333e-01 6.592610e-06 -2.309521e-02 2.632516e+01 -7.258931e-09 1.000000e+00 2.851277e-04 -1.167631e+00 2.309518e-02 -2.850496e-04 9.997331e-01 1.169622e+01
9.999949e-01 4.758065e-04 3.146416e-03 2.649251e+01 -4.772131e-04 9.999998e-01 4.462081e-04 -1.176449e+00 -3.146172e-03 -4.477093e-04 9.999950e-01 1.180812e+01
9.994646e-01 2.694640e-04 -3.271607e-02 2.659532e+01 -2.468700e-04 9.999997e-01 6.946360e-04 -1.182750e+00 3.271621e-02 -6.861855e-04 9.994643e-01 1.186484e+01
9.999942e-01 4.880714e-04 3.360476e-03 2.668315e+01 -4.896367e-04 9.999998e-01 4.648790e-04 -1.187933e+00 -3.360212e-03 -4.665238e-04 9.999943e-01 1.187333e+01
9.996912e-01 4.996169e-05 -2.484841e-02 2.679573e+01 -4.217848e-05 9.999999e-01 3.137347e-04 -1.193043e+00 2.484839e-02 -3.125876e-04 9.996911e-01 1.183069e+01
9.999715e-01 3.644400e-04 7.535018e-03 2.695276e+01 -3.665883e-04 9.999999e-01 2.836578e-04 -1.199244e+00 -7.534873e-03 -2.864142e-04 9.999717e-01 1.177259e+01
9.998581e-01 -1.310240e-04 -1.684328e-02 2.684345e+01 1.301701e-04 1.000000e+00 -5.181953e-05 -1.194323e+00 1.684325e-02 4.962194e-05 9.998580e-01 1.151705e+01
9.998964e-01 1.624251e-04 1.439275e-02 2.668998e+01 -1.633336e-04 1.000000e+00 6.190708e-05 -1.187587e+00 -1.439270e-02 -6.425373e-05 9.998965e-01 1.122654e+01
9.998395e-01 -8.046476e-05 -1.791778e-02 2.671659e+01 8.048156e-05 1.000000e+00 1.892695e-07 -1.187437e+00 1.791774e-02 -1.629035e-06 9.998394e-01 1.099728e+01
9.997766e-01 6.879104e-05 2.113834e-02 2.686976e+01 -6.717626e-05 1.000000e+00 -7.712607e-05 -1.191657e+00 -2.113830e-02 7.568661e-05 9.997767e-01 1.080470e+01
9.997885e-01 -7.640002e-05 -2.056600e-02 2.691049e+01 7.768238e-05 1.000000e+00 6.153153e-05 -1.192889e+00 2.056595e-02 -6.311388e-05 9.997884e-01 1.065378e+01
9.997628e-01 7.907254e-05 2.177882e-02 2.715089e+01 -7.700504e-05 1.000000e+00 -9.579452e-05 -1.201560e+00 -2.177879e-02 9.409249e-05 9.997629e-01 1.058650e+01
9.997698e-01 -6.667348e-05 -2.145553e-02 2.741782e+01 6.795281e-05 1.000000e+00 5.887589e-05 -1.210885e+00 2.145549e-02 -6.031805e-05 9.997697e-01 1.050531e+01
9.997423e-01 7.763386e-05 2.269935e-02 2.770675e+01 -7.527912e-05 1.000000e+00 -1.046135e-04 -1.220675e+00 -2.269932e-02 1.028755e-04 9.997424e-01 1.040537e+01
9.997325e-01 -4.369381e-05 -2.312792e-02 2.810309e+01 4.493299e-05 1.000000e+00 5.303953e-05 -1.234278e+00 2.312788e-02 -5.406232e-05 9.997324e-01 1.032984e+01
9.997259e-01 7.949506e-05 2.341347e-02 2.849968e+01 -7.709774e-05 1.000000e+00 -1.033157e-04 -1.248278e+00 -2.341344e-02 1.014800e-04 9.997260e-01 1.028599e+01
9.997277e-01 -4.176344e-05 -2.333668e-02 2.886997e+01 4.309768e-05 1.000000e+00 5.665046e-05 -1.261776e+00 2.333663e-02 -5.763857e-05 9.997276e-01 1.028103e+01
9.996505e-01 5.297755e-05 2.643543e-02 2.926247e+01 -4.856177e-05 1.000000e+00 -1.677018e-04 -1.276155e+00 -2.643540e-02 1.663572e-04 9.996506e-01 1.030745e+01
9.997970e-01 -5.924374e-05 -2.014844e-02 2.960672e+01 5.872403e-05 1.000000e+00 -2.640813e-05 -1.291602e+00 2.014840e-02 2.522176e-05 9.997969e-01 1.054540e+01
9.995112e-01 -3.714079e-05 3.126413e-02 2.993901e+01 4.630773e-05 1.000000e+00 -2.925011e-04 -1.306751e+00 -3.126408e-02 2.938038e-04 9.995112e-01 1.078020e+01
9.995562e-01 3.454530e-05 -2.979057e-02 3.013756e+01 -2.812194e-05 1.000000e+00 2.160219e-04 -1.314431e+00 2.979054e-02 -2.150861e-04 9.995560e-01 1.076547e+01
9.996236e-01 4.223846e-05 2.743347e-02 3.037275e+01 -3.703200e-05 1.000000e+00 -1.903108e-04 -1.322123e+00 -2.743344e-02 1.892211e-04 9.996237e-01 1.063565e+01
9.996372e-01 -2.276559e-05 -2.693512e-02 3.062234e+01 2.692572e-05 1.000000e+00 1.540717e-04 -1.332056e+00 2.693508e-02 -1.547389e-04 9.996371e-01 1.066601e+01
9.994575e-01 -3.592021e-05 3.293420e-02 3.075240e+01 4.619223e-05 1.000000e+00 -3.111491e-04 -1.336990e+00 -3.293415e-02 3.124994e-04 9.994576e-01 1.058857e+01
9.995241e-01 3.925544e-05 -3.084701e-02 3.097591e+01 -3.125373e-05 1.000000e+00 2.598690e-04 -1.346379e+00 3.084698e-02 -2.587791e-04 9.995240e-01 1.064984e+01
9.994300e-01 -5.048078e-05 3.376021e-02 3.113363e+01 6.123825e-05 9.999999e-01 -3.176237e-04 -1.354839e+00 -3.376016e-02 3.195080e-04 9.994300e-01 1.078163e+01
9.994925e-01 2.957739e-05 -3.185495e-02 3.108771e+01 -2.088707e-05 1.000000e+00 2.731295e-04 -1.357928e+00 3.185492e-02 -2.723234e-04 9.994924e-01 1.093705e+01
9.994894e-01 -3.619191e-05 3.195192e-02 3.108370e+01 4.562796e-05 1.000000e+00 -2.946060e-04 -1.359930e+00 -3.195187e-02 2.959114e-04 9.994895e-01 1.095545e+01
9.996244e-01 -4.771235e-06 -2.740563e-02 3.126474e+01 9.330500e-06 1.000000e+00 1.662200e-04 -1.367146e+00 2.740559e-02 -1.664112e-04 9.996243e-01 1.094351e+01
9.994090e-01 -2.576274e-05 3.437405e-02 3.157350e+01 3.823031e-05 9.999999e-01 -3.620590e-04 -1.378979e+00 -3.437401e-02 3.631571e-04 9.994091e-01 1.096926e+01
9.996865e-01 -3.661125e-05 -2.503806e-02 3.193280e+01 3.886536e-05 1.000000e+00 8.952594e-05 -1.393313e+00 2.503802e-02 -9.046890e-05 9.996864e-01 1.106994e+01
9.991565e-01 -8.949126e-05 4.106482e-02 3.233899e+01 1.128657e-04 9.999998e-01 -5.669021e-04 -1.409441e+00 -4.106472e-02 5.710567e-04 9.991564e-01 1.119204e+01
9.995411e-01 1.797714e-05 -3.029165e-02 3.263600e+01 -1.048952e-05 1.000000e+00 2.473324e-04 -1.421088e+00 3.029162e-02 -2.468991e-04 9.995410e-01 1.124062e+01
9.995845e-01 -7.316942e-06 2.882401e-02 3.260793e+01 1.412243e-05 1.000000e+00 -2.359151e-04 -1.424850e+00 -2.882397e-02 2.362222e-04 9.995846e-01 1.140869e+01
9.996597e-01 -1.944804e-05 -2.608538e-02 3.279576e+01 2.338771e-05 1.000000e+00 1.507118e-04 -1.434071e+00 2.608534e-02 -1.512686e-04 9.996596e-01 1.153651e+01
9.995869e-01 3.559278e-05 2.874156e-02 3.304919e+01 -2.870003e-05 1.000000e+00 -2.402441e-04 -1.447775e+00 -2.874153e-02 2.393180e-04 9.995869e-01 1.184218e+01
9.996996e-01 -5.208280e-05 -2.450874e-02 3.319768e+01 5.475232e-05 1.000000e+00 1.082367e-04 -1.460079e+00 2.450870e-02 -1.095441e-04 9.996995e-01 1.222706e+01
9.992961e-01 -2.770711e-05 3.751369e-02 3.357266e+01 4.638663e-05 9.999999e-01 -4.970785e-04 -1.476467e+00 -3.751364e-02 4.984668e-04 9.992961e-01 1.246213e+01
9.998086e-01 -1.370069e-04 -1.956136e-02 3.389382e+01 1.362611e-04 1.000000e+00 -3.947092e-05 -1.491571e+00 1.956133e-02 3.679982e-05 9.998086e-01 1.270539e+01
9.994295e-01 3.527401e-05 3.377327e-02 3.425571e+01 -2.216531e-05 9.999999e-01 -3.885222e-04 -1.507542e+00 -3.377326e-02 3.875501e-04 9.994295e-01 1.292865e+01
9.998185e-01 -1.497910e-04 -1.905117e-02 3.456041e+01 1.491077e-04 1.000000e+00 -3.729613e-05 -1.522466e+00 1.905115e-02 3.445051e-05 9.998184e-01 1.318964e+01
9.994699e-01 1.012518e-04 3.255624e-02 3.499495e+01 -8.873978e-05 9.999999e-01 -3.857749e-04 -1.540692e+00 -3.255625e-02 3.826796e-04 9.994699e-01 1.342435e+01
9.998790e-01 -2.539881e-04 -1.555175e-02 3.545441e+01 2.520117e-04 1.000000e+00 -1.290650e-04 -1.559504e+00 1.555176e-02 1.251319e-04 9.998790e-01 1.363837e+01
9.994192e-01 1.259218e-04 3.407711e-02 3.578106e+01 -1.109076e-04 9.999999e-01 -4.424917e-04 -1.575868e+00 -3.407714e-02 4.384536e-04 9.994192e-01 1.395128e+01
9.999629e-01 -4.453630e-04 -8.600446e-03 3.596752e+01 4.423932e-04 9.999998e-01 -3.472279e-04 -1.589411e+00 8.600580e-03 3.434118e-04 9.999629e-01 1.431506e+01
9.992444e-01 1.806719e-04 3.886690e-02 3.610864e+01 -1.570644e-04 9.999998e-01 -6.104527e-04 -1.600997e+00 -3.886698e-02 6.038853e-04 9.992443e-01 1.461557e+01
9.998811e-01 -4.300937e-04 -1.541387e-02 3.629814e+01 4.284177e-04 9.999999e-01 -1.120435e-04 -1.614479e+00 1.541391e-02 1.054280e-04 9.998811e-01 1.496585e+01
9.991596e-01 1.862612e-04 4.098849e-02 3.654267e+01 -1.573379e-04 9.999997e-01 -7.088722e-04 -1.629300e+00 -4.098860e-02 7.018260e-04 9.991595e-01 1.530100e+01
9.998898e-01 -4.671011e-04 -1.483773e-02 3.681870e+01 4.656574e-04 9.999999e-01 -1.007591e-04 -1.642981e+00 1.483776e-02 9.383999e-05 9.998898e-01 1.550796e+01
9.993401e-01 2.972598e-04 3.632069e-02 3.712201e+01 -2.767270e-04 9.999998e-01 -5.703466e-04 -1.658020e+00 -3.632084e-02 5.599181e-04 9.993401e-01 1.576130e+01
9.997789e-01 -3.829278e-04 -2.102339e-02 3.741142e+01 3.853413e-04 9.999999e-01 1.107467e-04 -1.675029e+00 2.102334e-02 -1.188222e-04 9.997789e-01 1.617377e+01
9.993559e-01 2.662641e-04 3.588352e-02 3.768785e+01 -2.466031e-04 9.999998e-01 -5.523381e-04 -1.690560e+00 -3.588365e-02 5.431322e-04 9.993559e-01 1.652063e+01
9.999133e-01 -4.804155e-04 -1.315994e-02 3.796587e+01 4.784732e-04 9.999999e-01 -1.507400e-04 -1.705851e+00 1.316000e-02 1.444313e-04 9.999133e-01 1.684100e+01
9.992622e-01 2.343075e-04 3.840491e-02 3.821851e+01 -2.091079e-04 9.999998e-01 -6.601725e-04 -1.721384e+00 -3.840506e-02 6.516537e-04 9.992621e-01 1.721249e+01
9.999151e-01 -4.914711e-04 -1.302251e-02 3.843938e+01 4.897165e-04 9.999999e-01 -1.379248e-04 -1.735268e+00 1.302258e-02 1.315366e-04 9.999151e-01 1.753528e+01
9.993826e-01 3.166743e-04 3.513246e-02 3.867768e+01 -2.968202e-04 9.999998e-01 -5.703376e-04 -1.750715e+00 -3.513264e-02 5.595566e-04 9.993826e-01 1.792684e+01
9.999178e-01 -5.185922e-04 -1.280906e-02 3.893167e+01 5.169941e-04 9.999999e-01 -1.280698e-04 -1.766210e+00 1.280913e-02 1.214378e-04 9.999179e-01 1.830004e+01
9.996016e-01 4.124955e-04 2.822183e-02 3.908498e+01 -4.031160e-04 9.999999e-01 -3.380360e-04 -1.780920e+00 -2.822197e-02 3.265240e-04 9.996017e-01 1.878603e+01
9.998923e-01 -5.008072e-04 -1.466513e-02 3.921125e+01 4.999529e-04 9.999999e-01 -6.192146e-05 -1.796976e+00 1.466517e-02 5.458361e-05 9.998924e-01 1.937908e+01
9.996311e-01 4.762619e-04 2.715578e-02 3.940547e+01 -4.681419e-04 9.999998e-01 -3.053724e-04 -1.814829e+00 -2.715594e-02 2.925463e-04 9.996313e-01 1.998193e+01
9.999410e-01 -5.702611e-04 -1.084623e-02 3.966573e+01 5.681745e-04 9.999998e-01 -1.954623e-04 -1.832229e+00 1.084635e-02 1.892888e-04 9.999411e-01 2.046184e+01
9.995972e-01 4.380713e-04 2.837548e-02 3.992696e+01 -4.281017e-04 9.999998e-01 -3.574188e-04 -1.848480e+00 -2.837565e-02 3.451267e-04 9.995974e-01 2.087849e+01
9.999440e-01 -6.003067e-04 -1.056796e-02 4.022377e+01 5.983616e-04 9.999998e-01 -1.872133e-04 -1.863550e+00 1.056809e-02 1.808799e-04 9.999440e-01 2.117374e+01
9.996497e-01 4.775853e-04 2.646322e-02 4.039110e+01 -4.698685e-04 9.999998e-01 -2.978206e-04 -1.878191e+00 -2.646338e-02 2.852816e-04 9.996498e-01 2.163968e+01
9.999878e-01 -7.204934e-04 -4.895177e-03 4.047551e+01 7.187495e-04 9.999997e-01 -3.579909e-04 -1.889499e+00 4.895455e-03 3.544685e-04 9.999879e-01 2.202616e+01
9.997979e-01 6.270487e-04 2.009531e-02 4.069763e+01 -6.251806e-04 9.999998e-01 -9.924579e-05 -1.902207e+00 -2.009539e-02 8.666218e-05 9.997982e-01 2.229862e+01
9.999948e-01 -8.232781e-04 -3.115777e-03 4.092878e+01 8.220738e-04 9.999996e-01 -3.877707e-04 -1.911950e+00 3.116119e-03 3.852075e-04 9.999950e-01 2.236504e+01
9.997051e-01 6.203023e-04 2.427819e-02 4.102972e+01 -6.138436e-04 9.999998e-01 -2.734836e-04 -1.920070e+00 -2.427838e-02 2.584997e-04 9.997053e-01 2.255010e+01
9.998940e-01 -6.706632e-04 -1.454703e-02 4.128774e+01 6.705745e-04 9.999998e-01 -1.097810e-05 -1.933580e+00 1.454706e-02 1.222260e-06 9.998941e-01 2.281978e+01
9.997205e-01 6.506819e-04 2.363138e-02 4.149598e+01 -6.445428e-04 9.999998e-01 -2.674016e-04 -1.947513e+00 -2.363157e-02 2.520953e-04 9.997208e-01 2.320325e+01
9.999697e-01 -7.922453e-04 -7.739101e-03 4.183593e+01 7.907638e-04 9.999997e-01 -1.944901e-04 -1.960640e+00 7.739281e-03 1.883645e-04 9.999699e-01 2.325879e+01
9.999278e-01 8.024730e-04 1.198990e-02 4.214740e+01 -8.034368e-04 9.999997e-01 7.556642e-05 -1.974355e+00 -1.198986e-02 -8.519421e-05 9.999282e-01 2.346119e+01
9.999959e-01 -9.221286e-04 -2.702947e-03 4.216672e+01 9.212695e-04 9.999995e-01 -3.190709e-04 -1.982069e+00 2.703270e-03 3.165795e-04 9.999962e-01 2.378096e+01
9.999277e-01 8.399883e-04 1.199759e-02 4.216517e+01 -8.407868e-04 9.999996e-01 6.150860e-05 -1.986003e+00 -1.199756e-02 -7.159164e-05 9.999281e-01 2.391476e+01
9.999953e-01 -9.548098e-04 -2.927481e-03 4.209729e+01 9.539156e-04 9.999995e-01 -3.068285e-04 -1.986426e+00 2.927804e-03 3.040345e-04 9.999956e-01 2.394571e+01
9.999205e-01 8.649259e-04 1.257612e-02 4.219343e+01 -8.653547e-04 9.999996e-01 2.865672e-05 -1.992038e+00 -1.257612e-02 -3.953727e-05 9.999210e-01 2.400847e+01
9.999786e-01 -1.084194e-03 6.447044e-03 4.247150e+01 1.087982e-03 9.999992e-01 -5.841675e-04 -2.003071e+00 -6.446371e-03 5.911692e-04 9.999790e-01 2.404879e+01
9.999414e-01 9.174074e-04 1.078488e-02 4.272295e+01 -9.182773e-04 9.999996e-01 7.569730e-05 -2.013487e+00 -1.078484e-02 -8.559630e-05 9.999419e-01 2.411199e+01
9.999761e-01 -1.106666e-03 6.827294e-03 4.306580e+01 1.110639e-03 9.999992e-01 -5.782762e-04 -2.026823e+00 -6.826610e-03 5.858448e-04 9.999764e-01 2.417974e+01
9.999220e-01 9.044910e-04 1.245457e-02 4.328238e+01 -9.046390e-04 9.999996e-01 6.243100e-06 -2.034918e+00 -1.245460e-02 -1.750931e-05 9.999225e-01 2.413727e+01
9.999844e-01 -1.107704e-03 5.477444e-03 4.345677e+01 1.110555e-03 9.999992e-01 -5.175668e-04 -2.041563e+00 -5.476825e-03 5.236414e-04 9.999848e-01 2.408378e+01
9.998319e-01 8.024282e-04 1.832006e-02 4.351520e+01 -7.985433e-04 9.999997e-01 -2.193762e-04 -2.047004e+00 -1.832027e-02 2.047103e-04 9.998322e-01 2.416727e+01
9.999910e-01 -1.025226e-03 4.115306e-03 4.373567e+01 1.027077e-03 9.999994e-01 -4.475517e-04 -2.055563e+00 -4.114799e-03 4.517739e-04 9.999913e-01 2.413970e+01
9.998245e-01 7.537526e-04 1.871911e-02 4.388185e+01 -7.490136e-04 9.999997e-01 -2.601794e-04 -2.062325e+00 -1.871934e-02 2.461133e-04 9.998248e-01 2.416015e+01
9.999898e-01 -9.734554e-04 4.401800e-03 4.418715e+01 9.753922e-04 9.999994e-01 -4.378256e-04 -2.074364e+00 -4.401322e-03 4.421141e-04 9.999901e-01 2.420088e+01
9.998058e-01 7.082550e-04 1.969443e-02 4.450126e+01 -7.023422e-04 9.999997e-01 -3.071542e-04 -2.086066e+00 -1.969470e-02 2.932629e-04 9.998061e-01 2.419488e+01
9.999782e-01 -9.997363e-04 6.527918e-03 4.448312e+01 1.002764e-03 9.999994e-01 -4.605080e-04 -2.087058e+00 -6.527400e-03 4.670432e-04 9.999785e-01 2.412530e+01
9.998061e-01 6.622678e-04 1.967874e-02 4.447480e+01 -6.555653e-04 9.999997e-01 -3.470578e-04 -2.088818e+00 -1.967903e-02 3.340906e-04 9.998064e-01 2.409009e+01
9.998812e-01 -1.070554e-03 1.537521e-02 4.451810e+01 1.081445e-03 9.999992e-01 -6.999991e-04 -2.091574e+00 -1.537439e-02 7.165425e-04 9.998815e-01 2.399438e+01
9.998719e-01 7.179624e-04 1.599326e-02 4.463711e+01 -7.137177e-04 9.999997e-01 -2.711332e-04 -2.096219e+00 -1.599352e-02 2.596847e-04 9.998722e-01 2.387207e+01
9.998770e-01 -1.076548e-03 1.564330e-02 4.471772e+01 1.087016e-03 9.999992e-01 -6.606320e-04 -2.098722e+00 -1.564251e-02 6.775542e-04 9.998773e-01 2.367136e+01
9.998550e-01 6.969456e-04 1.701235e-02 4.482441e+01 -6.907480e-04 9.999997e-01 -3.702017e-04 -2.103721e+00 -1.701267e-02 3.583980e-04 9.998553e-01 2.360226e+01
9.999670e-01 -9.782436e-04 8.060207e-03 4.504440e+01 9.813548e-04 9.999994e-01 -3.819977e-04 -2.112594e+00 -8.059760e-03 3.898938e-04 9.999674e-01 2.360112e+01
9.996890e-01 5.714137e-04 2.493030e-02 4.510845e+01 -5.550339e-04 9.999996e-01 -6.639594e-04 -2.117270e+00 -2.493074e-02 6.499171e-04 9.996891e-01 2.360695e+01
9.999987e-01 -8.481573e-04 1.371110e-03 4.527139e+01 8.483429e-04 9.999996e-01 -1.343044e-04 -2.123210e+00 -1.370923e-03 1.354660e-04 9.999990e-01 2.349018e+01
9.997417e-01 5.795419e-04 2.272116e-02 4.544785e+01 -5.658195e-04 9.999997e-01 -6.104014e-04 -2.130295e+00 -2.272158e-02 5.973891e-04 9.997417e-01 2.345194e+01
9.999912e-01 -8.680976e-04 4.112002e-03 4.564842e+01 8.689251e-04 9.999996e-01 -1.992732e-04 -2.137399e+00 -4.111751e-03 2.028429e-04 9.999914e-01 2.333802e+01
9.998484e-01 6.054564e-04 1.740196e-02 4.579530e+01 -5.978904e-04 9.999997e-01 -4.400196e-04 -2.141857e+00 -1.740230e-02 4.295500e-04 9.998486e-01 2.314870e+01
9.999906e-01 -7.899096e-04 4.248956e-03 4.603807e+01 7.907958e-04 9.999997e-01 -2.067012e-04 -2.150353e+00 -4.248713e-03 2.100577e-04 9.999909e-01 2.304295e+01
9.999672e-01 6.780434e-04 8.073472e-03 4.637594e+01 -6.768961e-04 9.999998e-01 -1.449411e-04 -2.162839e+00 -8.073648e-03 1.394730e-04 9.999675e-01 2.305134e+01
9.998966e-01 -9.337383e-04 1.434975e-02 4.650108e+01 9.410850e-04 9.999994e-01 -5.051703e-04 -2.168179e+00 -1.434919e-02 5.186207e-04 9.998968e-01 2.300901e+01
9.999381e-01 6.025526e-04 1.111338e-02 4.653665e+01 -5.994205e-04 9.999998e-01 -2.852457e-04 -2.174253e+00 -1.111364e-02 2.785682e-04 9.999383e-01 2.317707e+01
9.997386e-01 -1.042665e-03 2.283645e-02 4.657270e+01 1.059907e-03 9.999992e-01 -7.428742e-04 -2.179425e+00 -2.283557e-02 7.668827e-04 9.997389e-01 2.325804e+01
9.997906e-01 5.357452e-04 2.045737e-02 4.656621e+01 -5.236392e-04 9.999997e-01 -5.971710e-04 -2.181674e+00 -2.045777e-02 5.863356e-04 9.997906e-01 2.319329e+01
9.998848e-01 -9.378330e-04 1.514586e-02 4.666771e+01 9.451336e-04 9.999994e-01 -4.747912e-04 -2.186657e+00 -1.514531e-02 4.890493e-04 9.998851e-01 2.313536e+01
9.998415e-01 6.422006e-04 1.779461e-02 4.695723e+01 -6.325394e-04 9.999996e-01 -5.486262e-04 -2.197636e+00 -1.779504e-02 5.372855e-04 9.998416e-01 2.308229e+01
9.999987e-01 -7.723444e-04 -1.408344e-03 4.750645e+01 7.724198e-04 9.999997e-01 5.200472e-05 -2.216192e+00 1.408394e-03 -5.309465e-05 9.999989e-01 2.301471e+01
9.995806e-01 5.008874e-04 2.895686e-02 4.790352e+01 -4.745274e-04 9.999995e-01 -9.172331e-04 -2.230049e+00 -2.895740e-02 9.031097e-04 9.995803e-01 2.293331e+01
9.999995e-01 -7.645265e-04 -5.271475e-04 4.831909e+01 7.645530e-04 9.999997e-01 4.717204e-05 -2.244293e+00 5.272040e-04 -4.757732e-05 9.999998e-01 2.283291e+01
9.994634e-01 4.253834e-04 3.275432e-02 4.868073e+01 -3.913657e-04 9.999994e-01 -1.045024e-03 -2.256667e+00 -3.275484e-02 1.031646e-03 9.994630e-01 2.272264e+01
9.999984e-01 -8.305556e-04 1.532708e-03 4.887820e+01 8.305644e-04 9.999997e-01 -4.001902e-06 -2.265209e+00 -1.532609e-03 5.272515e-06 9.999988e-01 2.272460e+01
9.992035e-01 4.352558e-04 3.990198e-02 4.915300e+01 -3.836331e-04 9.999991e-01 -1.301428e-03 -2.276151e+00 -3.990261e-02 1.285086e-03 9.992028e-01 2.268457e+01
9.999500e-01 -7.177322e-04 -9.970188e-03 4.954541e+01 7.216145e-04 9.999997e-01 3.855990e-04 -2.289740e+00 9.970005e-03 -3.927769e-04 9.999502e-01 2.258973e+01
9.996511e-01 6.370350e-04 2.640854e-02 5.002624e+01 -6.133643e-04 9.999994e-01 -9.044909e-04 -2.305731e+00 -2.640920e-02 8.879797e-04 9.996509e-01 2.248775e+01
9.999958e-01 -9.417056e-04 2.713249e-03 5.044656e+01 9.416576e-04 9.999996e-01 1.971142e-05 -2.320765e+00 -2.713168e-03 -1.715896e-05 9.999963e-01 2.245212e+01
9.995051e-01 6.407993e-04 3.145289e-02 5.084602e+01 -6.064569e-04 9.999992e-01 -1.101460e-03 -2.334754e+00 -3.145367e-02 1.081843e-03 9.995047e-01 2.234850e+01
9.999925e-01 -8.730484e-04 -3.758997e-03 5.131079e+01 8.739642e-04 9.999996e-01 2.413735e-04 -2.350673e+00 3.758884e-03 -2.446596e-04 9.999928e-01 2.225130e+01
9.994670e-01 5.980081e-04 3.264032e-02 5.175850e+01 -5.604001e-04 9.999992e-01 -1.161400e-03 -2.366601e+00 -3.264109e-02 1.142492e-03 9.994665e-01 2.220880e+01
9.999969e-01 -8.567711e-04 -2.306197e-03 5.222125e+01 8.572919e-04 9.999996e-01 2.237706e-04 -2.382903e+00 2.306104e-03 -2.257497e-04 9.999973e-01 2.215057e+01
9.995523e-01 6.303670e-04 2.991578e-02 5.266797e+01 -5.977378e-04 9.999992e-01 -1.099718e-03 -2.398012e+00 -2.991655e-02 1.081346e-03 9.995519e-01 2.203788e+01
9.999918e-01 -8.580184e-04 -3.953986e-03 5.310691e+01 8.592419e-04 9.999996e-01 3.070935e-04 -2.412372e+00 3.953820e-03 -3.104912e-04 9.999921e-01 2.188643e+01
9.995824e-01 6.480797e-04 2.889007e-02 5.360244e+01 -6.164959e-04 9.999992e-01 -1.102225e-03 -2.429209e+00 -2.889086e-02 1.083956e-03 9.995820e-01 2.179898e+01
9.999635e-01 -7.743981e-04 -8.500622e-03 5.415011e+01 7.783398e-04 9.999996e-01 4.600677e-04 -2.448324e+00 8.500362e-03 -4.666701e-04 9.999637e-01 2.178064e+01
9.996770e-01 6.670042e-04 2.540659e-02 5.469851e+01 -6.418318e-04 9.999993e-01 -9.990348e-04 -2.466658e+00 -2.540734e-02 9.824081e-04 9.996767e-01 2.170068e+01
9.999977e-01 -9.263915e-04 1.921802e-03 5.511033e+01 9.260840e-04 9.999996e-01 1.624521e-04 -2.481001e+00 -1.921852e-03 -1.606748e-04 9.999981e-01 2.162851e+01
9.997032e-01 6.444013e-04 2.435722e-02 5.540304e+01 -6.207184e-04 9.999993e-01 -9.799876e-04 -2.491025e+00 -2.435794e-02 9.645804e-04 9.997029e-01 2.150988e+01
9.999799e-01 -9.624177e-04 6.263577e-03 5.563831e+01 9.621798e-04 9.999995e-01 4.150907e-05 -2.499816e+00 -6.263515e-03 -3.548438e-05 9.999803e-01 2.142911e+01
9.994645e-01 5.577287e-04 3.271781e-02 5.587449e+01 -5.162711e-04 9.999991e-01 -1.275660e-03 -2.509489e+00 -3.271859e-02 1.258088e-03 9.994639e-01 2.140108e+01
9.999991e-01 -8.735353e-04 -9.511982e-04 5.613688e+01 8.738163e-04 9.999996e-01 2.914468e-04 -2.519748e+00 9.510414e-04 -2.922805e-04 9.999995e-01 2.136810e+01
9.995420e-01 5.651300e-04 3.025727e-02 5.631620e+01 -5.284578e-04 9.999991e-01 -1.220108e-03 -2.526706e+00 -3.025803e-02 1.203562e-03 9.995414e-01 2.128747e+01
9.999362e-01 -7.258098e-04 -1.126422e-02 5.647088e+01 7.331322e-04 9.999995e-01 6.456137e-04 -2.531431e+00 1.126384e-02 -6.538335e-04 9.999363e-01 2.109528e+01
9.998994e-01 7.614274e-04 1.416639e-02 5.669272e+01 -7.509316e-04 9.999994e-01 -7.464491e-04 -2.536905e+00 -1.416705e-02 7.357387e-04 9.998994e-01 2.080711e+01
9.999989e-01 -8.738519e-04 -1.165154e-03 5.679823e+01 8.742682e-04 9.999996e-01 3.536766e-04 -2.538941e+00 1.164941e-03 -3.546977e-04 9.999992e-01 2.052888e+01
9.999386e-01 7.886190e-04 1.105501e-02 5.693241e+01 -7.811999e-04 9.999995e-01 -6.757360e-04 -2.542146e+00 -1.105563e-02 6.670610e-04 9.999387e-01 2.027245e+01
9.999754e-01 -7.308826e-04 -6.971770e-03 5.722847e+01 7.343606e-04 9.999996e-01 4.957859e-04 -2.551575e+00 6.971501e-03 -5.008963e-04 9.999755e-01 2.012281e+01
9.999819e-01 1.159149e-03 -5.911373e-03 5.750918e+01 -1.159296e-03 9.999993e-01 -2.076905e-05 -2.559798e+00 5.911249e-03 2.762439e-05 9.999826e-01 1.990573e+01
9.999993e-01 -9.135447e-04 -6.809810e-04 5.763255e+01 9.137085e-04 9.999996e-01 2.350552e-04 -2.561578e+00 6.808628e-04 -2.356800e-04 9.999997e-01 1.958405e+01
9.998791e-01 1.385824e-03 -1.549424e-02 5.780074e+01 -1.380109e-03 9.999990e-01 3.797068e-04 -2.566636e+00 1.549465e-02 -3.582745e-04 9.998799e-01 1.940496e+01
9.999660e-01 -7.550619e-04 -8.208793e-03 5.793730e+01 7.594494e-04 9.999996e-01 5.309732e-04 -2.571602e+00 8.208486e-03 -5.371920e-04 9.999661e-01 1.928457e+01
9.997913e-01 1.524543e-03 -2.037436e-02 5.807528e+01 -1.512318e-03 9.999987e-01 6.155846e-04 -2.577213e+00 2.037517e-02 -5.846410e-04 9.997923e-01 1.920127e+01
9.999364e-01 -1.228968e-03 1.120934e-02 5.818532e+01 1.232344e-03 9.999992e-01 -2.940082e-04 -2.579996e+00 -1.120887e-02 3.078005e-04 9.999371e-01 1.899636e+01
9.997133e-01 1.588747e-03 -2.389344e-02 5.822081e+01 -1.571363e-03 9.999985e-01 7.464467e-04 -2.578808e+00 2.389449e-02 -7.086849e-04 9.997143e-01 1.864635e+01
9.999994e-01 -9.319764e-04 -5.284455e-04 5.825247e+01 9.320782e-04 9.999995e-01 1.866482e-04 -2.579134e+00 5.283704e-04 -1.871433e-04 9.999998e-01 1.841835e+01
9.996124e-01 1.679212e-03 -2.779017e-02 5.834217e+01 -1.652923e-03 9.999982e-01 9.690466e-04 -2.583809e+00 2.779165e-02 -9.227336e-04 9.996134e-01 1.837989e+01
9.999990e-01 -9.342272e-04 -1.041810e-03 5.845604e+01 9.343660e-04 9.999996e-01 1.301486e-04 -2.588447e+00 1.041787e-03 -1.311244e-04 9.999994e-01 1.827244e+01
9.994938e-01 1.778494e-03 -3.176768e-02 5.857180e+01 -1.741809e-03 9.999978e-01 1.182487e-03 -2.593582e+00 3.176961e-02 -1.126552e-03 9.994946e-01 1.819525e+01
9.999933e-01 -8.598216e-04 -3.544557e-03 5.868680e+01 8.606975e-04 9.999996e-01 2.449092e-04 -2.598968e+00 3.544444e-03 -2.479608e-04 9.999936e-01 1.813991e+01
9.996140e-01 1.679564e-03 -2.773160e-02 5.876926e+01 -1.651462e-03 9.999981e-01 1.036297e-03 -2.603799e+00 2.773319e-02 -9.900974e-04 9.996149e-01 1.812511e+01
9.999761e-01 -8.017213e-04 -6.856933e-03 5.884759e+01 8.039649e-04 9.999996e-01 3.241345e-04 -2.608576e+00 6.856771e-03 -3.296418e-04 9.999764e-01 1.811283e+01
9.996040e-01 1.720036e-03 -2.809004e-02 5.894730e+01 -1.689193e-03 9.999979e-01 1.121792e-03 -2.613752e+00 2.809182e-02 -1.073896e-03 9.996048e-01 1.807635e+01
9.999870e-01 -8.511778e-04 -5.015976e-03 5.903526e+01 8.522408e-04 9.999996e-01 2.094215e-04 -2.619443e+00 5.015895e-03 -2.136957e-04 9.999873e-01 1.811334e+01
9.997699e-01 1.547194e-03 -2.139554e-02 5.922417e+01 -1.529991e-03 9.999985e-01 8.204908e-04 -2.627557e+00 2.139667e-02 -7.875651e-04 9.997708e-01 1.809363e+01
9.999876e-01 -8.146748e-04 -4.896454e-03 5.946733e+01 8.157657e-04 9.999996e-01 2.204724e-04 -2.637216e+00 4.896371e-03 -2.244660e-04 9.999879e-01 1.806938e+01
9.997177e-01 1.553827e-03 -2.371249e-02 5.957781e+01 -1.532968e-03 9.999984e-01 8.978640e-04 -2.641953e+00 2.371374e-02 -8.612582e-04 9.997185e-01 1.797380e+01
9.999951e-01 -8.334686e-04 -3.016701e-03 5.973525e+01 8.339270e-04 9.999996e-01 1.502150e-04 -2.647443e+00 3.016672e-03 -1.527318e-04 9.999954e-01 1.782511e+01
9.997380e-01 1.538960e-03 -2.283945e-02 5.979445e+01 -1.519331e-03 9.999985e-01 8.768355e-04 -2.648603e+00 2.284067e-02 -8.419035e-04 9.997388e-01 1.758444e+01
9.999833e-01 -1.024029e-03 5.676886e-03 5.978553e+01 1.026002e-03 9.999994e-01 -3.443964e-04 -2.644935e+00 -5.676434e-03 3.502135e-04 9.999838e-01 1.715086e+01
9.995104e-01 1.733747e-03 -3.124267e-02 5.986457e+01 -1.692617e-03 9.999977e-01 1.342905e-03 -2.644773e+00 3.124483e-02 -1.289364e-03 9.995110e-01 1.674174e+01
9.999564e-01 -1.030094e-03 9.277589e-03 5.988842e+01 1.035158e-03 9.999993e-01 -5.409316e-04 -2.641100e+00 -9.276930e-03 5.505103e-04 9.999568e-01 1.620358e+01
9.995541e-01 1.651552e-03 -2.981642e-02 5.985553e+01 -1.612957e-03 9.999978e-01 1.318466e-03 -2.636021e+00 2.981844e-02 -1.269784e-03 9.995546e-01 1.569944e+01
9.999808e-01 -9.792515e-04 6.115685e-03 5.992427e+01 9.816408e-04 9.999994e-01 -3.875474e-04 -2.635950e+00 -6.115209e-03 3.935420e-04 9.999812e-01 1.533363e+01
