9.998822e-01 -6.153086e-03 1.406064e-02 2.721091e-01 5.924677e-03 9.998507e-01 1.622892e-02 -2.252844e-02 -1.415840e-02 -1.614370e-02 9.997695e-01 1.996309e-01
9.999892e-01 4.146567e-03 2.100022e-03 6.084151e-01 -4.139290e-03 9.999855e-01 -3.457748e-03 -5.136159e-02 -2.114326e-03 3.449022e-03 9.999917e-01 4.719339e-01
9.999441e-01 -4.650924e-03 9.494970e-03 9.703978e-01 4.559034e-03 9.999428e-01 9.676626e-03 -8.353782e-02 -9.539436e-03 -9.632801e-03 9.999082e-01 6.444012e-01
9.999824e-01 1.463078e-03 5.752268e-03 1.328589e+00 -1.453933e-03 9.999977e-01 -1.593717e-03 -1.148529e-01 -5.754580e-03 1.585330e-03 9.999821e-01 8.308700e-01
9.999177e-01 -1.190800e-02 4.763732e-03 1.653948e+00 1.182760e-02 9.997929e-01 1.656304e-02 -1.430296e-01 -4.959985e-03 -1.650534e-02 9.998516e-01 9.948599e-01
9.999684e-01 1.724033e-03 7.756312e-03 1.955901e+00 -1.709155e-03 9.999967e-01 -1.924352e-03 -1.695296e-01 -7.759596e-03 1.911042e-03 9.999680e-01 1.146062e+00
9.999376e-01 -8.082478e-03 7.713741e-03 2.237142e+00 8.001824e-03 9.999136e-01 1.043014e-02 -1.955598e-01 -7.797385e-03 -1.036778e-02 9.999160e-01 1.281090e+00
9.999587e-01 4.335787e-03 7.985233e-03 2.531488e+00 -4.250972e-03 9.999347e-01 -1.060805e-02 -2.240148e-01 -8.030695e-03 1.057368e-02 9.999117e-01 1.396494e+00
9.999728e-01 -2.031945e-03 7.088335e-03 2.841165e+00 1.895678e-03 9.998143e-01 1.917822e-02 -2.520867e-01 -7.126000e-03 -1.916427e-02 9.997911e-01 1.511743e+00
9.999657e-01 -2.662331e-03 7.844078e-03 3.140419e+00 2.755180e-03 9.999260e-01 -1.184998e-02 -2.797634e-01 -7.811934e-03 1.187119e-02 9.998989e-01 1.628740e+00
9.999499e-01 4.309697e-03 9.039782e-03 3.459597e+00 -4.473263e-03 9.998252e-01 1.815254e-02 -3.083840e-01 -8.959986e-03 -1.819207e-02 9.997945e-01 1.759196e+00
9.999072e-01 -1.347729e-02 1.991070e-03 3.816451e+00 1.349940e-02 9.998423e-01 -1.154211e-02 -3.428823e-01 -1.835182e-03 1.156793e-02 9.999313e-01 1.913873e+00
9.998447e-01 1.610481e-02 7.159109e-03 4.237114e+00 -1.628919e-02 9.995163e-01 2.649057e-02 -3.784313e-01 -6.729039e-03 -2.660309e-02 9.996235e-01 2.119731e+00
9.998455e-01 -1.726722e-02 -3.284499e-03 4.613379e+00 1.727254e-02 9.998495e-01 1.597565e-03 -4.056754e-01 3.256438e-03 -1.654034e-03 9.999932e-01 2.406334e+00
9.996107e-01 5.453185e-03 2.736254e-02 4.974941e+00 -5.805691e-03 9.999010e-01 1.281999e-02 -4.352913e-01 -2.728994e-02 -1.297387e-02 9.995435e-01 2.555054e+00
9.995914e-01 1.499724e-02 2.433436e-02 5.380793e+00 -1.452564e-02 9.997055e-01 -1.944256e-02 -4.748861e-01 -2.461875e-02 1.908116e-02 9.995147e-01 2.733841e+00
9.979973e-01 -4.530503e-02 -4.414600e-02 5.827035e+00 4.657708e-02 9.985159e-01 2.822470e-02 -5.172300e-01 4.280174e-02 -3.022438e-02 9.986264e-01 2.996430e+00
9.922164e-01 1.103705e-01 -5.766196e-02 6.730977e+00 -1.122195e-01 9.932344e-01 -2.986817e-02 -5.960779e-01 5.397529e-02 3.610650e-02 9.978892e-01 3.528479e+00
9.981660e-01 4.149314e-02 -4.407808e-02 7.506046e+00 -4.145575e-02 9.991388e-01 1.762373e-03 -6.775856e-01 4.411325e-02 6.813452e-05 9.990266e-01 3.971961e+00
9.970200e-01 -4.373651e-02 6.354638e-02 7.831000e+00 4.333219e-02 9.990308e-01 7.727523e-03 -7.080981e-01 -6.382276e-02 -4.950876e-03 9.979489e-01 4.074708e+00
9.973418e-01 3.926499e-02 -6.138083e-02 8.186933e+00 -3.977572e-02 9.991833e-01 -7.120702e-03 -7.435983e-01 6.105110e-02 9.543225e-03 9.980891e-01 4.195887e+00
9.967619e-01 -3.781402e-02 7.096284e-02 8.544030e+00 3.641207e-02 9.991173e-01 2.094730e-02 -7.774541e-01 -7.169229e-02 -1.829555e-02 9.972589e-01 4.307061e+00
9.980007e-01 3.509137e-02 -5.256618e-02 8.881045e+00 -3.567369e-02 9.993116e-01 -1.018047e-02 -8.097927e-01 5.217274e-02 1.203532e-02 9.985656e-01 4.405071e+00
9.966148e-01 -3.914645e-02 7.229405e-02 9.206574e+00 3.810380e-02 9.991497e-01 1.574624e-02 -8.411047e-01 -7.284898e-02 -1.293824e-02 9.972590e-01 4.501964e+00
9.978149e-01 3.915974e-02 -5.321588e-02 9.520767e+00 -3.963869e-02 9.991823e-01 -7.974369e-03 -8.719197e-01 5.286007e-02 1.006633e-02 9.985513e-01 4.590678e+00
9.972763e-01 -3.883295e-02 6.270504e-02 9.874974e+00 3.819205e-02 9.992055e-01 1.138781e-02 -9.077522e-01 -6.309743e-02 -8.961946e-03 9.979670e-01 4.686347e+00
9.981469e-01 3.730751e-02 -4.807124e-02 1.023477e+01 -3.763612e-02 9.992738e-01 -5.948631e-03 -9.421519e-01 4.781439e-02 7.746804e-03 9.988263e-01 4.798152e+00
9.975193e-01 -3.731224e-02 5.969110e-02 1.057244e+01 3.657654e-02 9.992414e-01 1.337095e-02 -9.744380e-01 -6.014470e-02 -1.115446e-02 9.981272e-01 4.904908e+00
9.986562e-01 3.548192e-02 -3.777424e-02 1.088600e+01 -3.560626e-02 9.993625e-01 -2.623748e-03 -1.003682e+00 3.765705e-02 3.965201e-03 9.992830e-01 4.999340e+00
9.976658e-01 -3.935699e-02 5.580241e-02 1.119162e+01 3.863927e-02 9.991568e-01 1.388329e-02 -1.031927e+00 -5.630174e-02 -1.169470e-02 9.983452e-01 5.094576e+00
9.987012e-01 3.256154e-02 -3.918878e-02 1.151118e+01 -3.287344e-02 9.994326e-01 -7.340914e-03 -1.062549e+00 3.892749e-02 8.619629e-03 9.992050e-01 5.199942e+00
9.977899e-01 -3.350689e-02 5.738161e-02 1.182414e+01 3.262637e-02 9.993361e-01 1.621399e-02 -1.092294e+00 -5.788677e-02 -1.430598e-02 9.982205e-01 5.294967e+00
9.987087e-01 3.170926e-02 -3.969323e-02 1.213784e+01 -3.208529e-02 9.994458e-01 -8.872406e-03 -1.121955e+00 3.938986e-02 1.013449e-02 9.991726e-01 5.395175e+00
9.978185e-01 -3.298628e-02 5.718521e-02 1.244022e+01 3.191783e-02 9.993003e-01 1.949783e-02 -1.150050e+00 -5.778834e-02 -1.763005e-02 9.981731e-01 5.496467e+00
9.986327e-01 2.851413e-02 -4.381390e-02 1.280644e+01 -2.926305e-02 9.994348e-01 -1.654808e-02 -1.184161e+00 4.331725e-02 1.780756e-02 9.989027e-01 5.618323e+00
9.984386e-01 -3.087912e-02 4.655009e-02 1.322401e+01 2.976202e-02 9.992566e-01 2.450289e-02 -1.222349e+00 -4.727209e-02 -2.307918e-02 9.986153e-01 5.787983e+00
9.984468e-01 2.853131e-02 -4.785250e-02 1.365292e+01 -2.948736e-02 9.993770e-01 -1.939361e-02 -1.261852e+00 4.726933e-02 2.077451e-02 9.986662e-01 5.953161e+00
9.985349e-01 -1.657012e-02 5.151291e-02 1.409030e+01 1.524214e-02 9.995440e-01 2.606632e-02 -1.301705e+00 -5.192131e-02 -2.524293e-02 9.983320e-01 6.133033e+00
9.990135e-01 1.902401e-02 -4.012533e-02 1.446744e+01 -1.979883e-02 9.996234e-01 -1.900183e-02 -1.336289e+00 3.974870e-02 1.977750e-02 9.990141e-01 6.284999e+00
9.986571e-01 -2.342196e-02 4.621040e-02 1.480149e+01 2.230401e-02 9.994495e-01 2.456161e-02 -1.368334e+00 -4.676021e-02 -2.349792e-02 9.986296e-01 6.412670e+00
9.990871e-01 1.298873e-02 -4.069706e-02 1.508389e+01 -1.355635e-02 9.998142e-01 -1.370285e-02 -1.395324e+00 4.051148e-02 1.424202e-02 9.990777e-01 6.512419e+00
9.982122e-01 -1.466207e-02 5.794254e-02 1.540334e+01 1.342582e-02 9.996751e-01 2.166776e-02 -1.425409e+00 -5.824137e-02 -2.085107e-02 9.980847e-01 6.612470e+00
9.989822e-01 1.653385e-02 -4.196644e-02 1.569767e+01 -1.704081e-02 9.997857e-01 -1.175142e-02 -1.452677e+00 4.176312e-02 1.245457e-02 9.990500e-01 6.721552e+00
9.983384e-01 -7.891523e-03 5.708028e-02 1.599119e+01 6.759286e-03 9.997771e-01 2.000174e-02 -1.478791e+00 -5.722537e-02 -1.958266e-02 9.981691e-01 6.832228e+00
9.985759e-01 1.086957e-02 -5.223082e-02 1.632639e+01 -1.154503e-02 9.998534e-01 -1.264812e-02 -1.509521e+00 5.208565e-02 1.323309e-02 9.985550e-01 6.979689e+00
9.986335e-01 -1.190822e-02 5.088582e-02 1.665734e+01 1.091474e-02 9.997452e-01 1.975715e-02 -1.541032e+00 -5.110809e-02 -1.917471e-02 9.985089e-01 7.120486e+00
9.992641e-01 1.522471e-03 -3.832786e-02 1.693317e+01 -1.967315e-03 9.999311e-01 -1.157140e-02 -1.568782e+00 3.830756e-02 1.163826e-02 9.991983e-01 7.234276e+00
9.983138e-01 -9.601990e-03 5.724793e-02 1.723117e+01 8.814760e-03 9.998633e-01 1.398786e-02 -1.597028e+00 -5.737438e-02 -1.345961e-02 9.982619e-01 7.341743e+00
9.989817e-01 1.256021e-02 -4.333445e-02 1.756453e+01 -1.299582e-02 9.998677e-01 -9.785258e-03 -1.629363e+00 4.320577e-02 1.033843e-02 9.990128e-01 7.445166e+00
9.978022e-01 -9.657621e-03 6.555529e-02 1.786727e+01 8.652821e-03 9.998410e-01 1.559410e-02 -1.658469e+00 -6.569542e-02 -1.499256e-02 9.977270e-01 7.538040e+00
9.987598e-01 3.202800e-03 -4.968465e-02 1.817372e+01 -3.659767e-03 9.999518e-01 -9.109252e-03 -1.687200e+00 4.965304e-02 9.279758e-03 9.987235e-01 7.628501e+00
9.973073e-01 -4.761653e-03 7.318138e-02 1.851825e+01 3.820638e-03 9.999083e-01 1.299320e-02 -1.718588e+00 -7.323649e-02 -1.267858e-02 9.972339e-01 7.746808e+00
9.987335e-01 -8.669823e-03 -4.956059e-02 1.889747e+01 8.190622e-03 9.999178e-01 -9.864108e-03 -1.753236e+00 4.964199e-02 9.445651e-03 9.987225e-01 7.971409e+00
9.981664e-01 4.277075e-02 4.282998e-02 1.932491e+01 -4.256133e-02 9.990771e-01 -5.790024e-03 -1.797599e+00 -4.303805e-02 3.956539e-03 9.990655e-01 8.216637e+00
9.939383e-01 -7.249022e-02 -8.265474e-02 1.973327e+01 7.300402e-02 9.973265e-01 3.206975e-03 -1.839966e+00 8.220125e-02 -9.221693e-03 9.965732e-01 8.414335e+00
9.974455e-01 7.140607e-02 1.891699e-03 2.032618e+01 -7.142000e-02 9.974079e-01 8.759562e-03 -1.901099e+00 -1.261275e-03 -8.872258e-03 9.999598e-01 8.727106e+00
9.966950e-01 -8.056199e-02 -1.042901e-02 2.070453e+01 8.062565e-02 9.967274e-01 5.833687e-03 -1.935292e+00 9.924871e-03 -6.655284e-03 9.999287e-01 8.941697e+00
9.971446e-01 7.478799e-02 1.046299e-02 2.105498e+01 -7.482524e-02 9.971915e-01 3.214396e-03 -1.966831e+00 -1.019317e-02 -3.988077e-03 9.999400e-01 9.109827e+00
9.972250e-01 -7.408785e-02 -7.294361e-03 2.141784e+01 7.412466e-02 9.972369e-01 4.910589e-03 -2.000781e+00 6.910355e-03 -5.437688e-03 9.999614e-01 9.266901e+00
9.980028e-01 5.939069e-02 2.152288e-02 2.174370e+01 -5.953478e-02 9.982075e-01 6.116013e-03 -2.030363e+00 -2.112103e-02 -7.385121e-03 9.997496e-01 9.429518e+00
9.980723e-01 -6.204268e-02 -1.557500e-03 2.207785e+01 6.204526e-02 9.980720e-01 1.656042e-03 -2.059896e+00 1.451712e-03 -1.749521e-03 9.999975e-01 9.573954e+00
9.974560e-01 7.117482e-02 3.957620e-03 2.243139e+01 -7.118849e-02 9.974570e-01 3.424444e-03 -2.093425e+00 -3.703784e-03 -3.697431e-03 9.999862e-01 9.713627e+00
9.972446e-01 -7.351642e-02 9.925447e-03 2.274918e+01 7.343808e-02 9.972674e-01 8.040339e-03 -2.121787e+00 -1.048946e-02 -7.289316e-03 9.999185e-01 9.848976e+00
9.978998e-01 6.477443e-02 4.256535e-04 2.311147e+01 -6.477570e-02 9.978897e-01 4.505840e-03 -2.153975e+00 -1.328524e-04 -4.523909e-03 9.999897e-01 1.001309e+01
9.977975e-01 -5.955098e-02 2.922166e-02 2.349902e+01 5.956927e-02 9.982241e-01 2.450869e-04 -2.188765e+00 -2.918441e-02 1.496128e-03 9.995730e-01 1.017539e+01
9.975326e-01 6.850314e-02 -1.536250e-02 2.392593e+01 -6.852156e-02 9.976494e-01 -6.750798e-04 -2.229299e+00 1.528019e-02 1.726117e-03 9.998817e-01 1.031136e+01
9.970393e-01 -7.115300e-02 2.915263e-02 2.444297e+01 7.095571e-02 9.974494e-01 7.748838e-03 -2.275164e+00 -2.962967e-02 -5.657389e-03 9.995450e-01 1.050973e+01
9.968143e-01 7.487309e-02 -2.748369e-02 2.505984e+01 -7.510030e-02 9.971491e-01 -7.328265e-03 -2.331587e+00 2.685669e-02 9.368994e-03 9.995953e-01 1.075849e+01
9.972291e-01 -7.151789e-02 2.047954e-02 2.568108e+01 7.110918e-02 9.972673e-01 2.003589e-02 -2.385853e+00 -2.185654e-02 -1.852413e-02 9.995896e-01 1.104442e+01
9.967632e-01 7.505489e-02 -2.880728e-02 2.629721e+01 -7.541047e-02 9.970867e-01 -1.146017e-02 -2.439271e+00 2.786325e-02 1.359549e-02 9.995192e-01 1.137003e+01
9.976601e-01 -6.382020e-02 2.451999e-02 2.693146e+01 6.327841e-02 9.977474e-01 2.227177e-02 -2.493385e+00 -2.588619e-02 -2.066811e-02 9.994513e-01 1.171881e+01
9.968576e-01 6.870009e-02 -3.943563e-02 2.756966e+01 -6.926477e-02 9.975118e-01 -1.313405e-02 -2.549441e+00 3.843524e-02 1.582432e-02 9.991357e-01 1.204737e+01
9.980169e-01 -6.163435e-02 1.278700e-02 2.819516e+01 6.127348e-02 9.977580e-01 2.691822e-02 -2.602919e+00 -1.441746e-02 -2.608138e-02 9.995559e-01 1.238496e+01
9.971111e-01 7.244486e-02 -2.283101e-02 2.875932e+01 -7.277813e-02 9.972482e-01 -1.411971e-02 -2.650372e+00 2.174532e-02 1.574056e-02 9.996395e-01 1.269479e+01
9.977833e-01 -5.162733e-02 -4.198891e-02 2.948497e+01 5.196395e-02 9.986247e-01 6.964505e-03 -2.707943e+00 4.157156e-02 -9.131022e-03 9.990939e-01 1.325319e+01
9.954789e-01 8.565779e-02 4.104352e-02 3.005220e+01 -8.526126e-02 9.962943e-01 -1.131952e-02 -2.756970e+00 -4.186100e-02 7.768972e-03 9.990931e-01 1.369175e+01
9.959261e-01 -8.047338e-02 -4.068497e-02 3.055121e+01 8.137227e-02 9.964638e-01 2.094020e-02 -2.798316e+00 3.885593e-02 -2.416557e-02 9.989527e-01 1.396736e+01
9.953497e-01 8.196854e-02 5.059715e-02 3.105858e+01 -8.110335e-02 9.965260e-01 -1.892579e-02 -2.842099e+00 -5.197267e-02 1.473423e-02 9.985397e-01 1.420611e+01
9.957554e-01 -8.249160e-02 -4.082175e-02 3.157384e+01 8.346643e-02 9.962502e-01 2.277838e-02 -2.887240e+00 3.878961e-02 -2.608899e-02 9.989069e-01 1.445492e+01
9.939676e-01 9.802390e-02 4.919139e-02 3.206400e+01 -9.733812e-02 9.951203e-01 -1.615411e-02 -2.929196e+00 -5.053481e-02 1.126852e-02 9.986586e-01 1.467736e+01
9.951647e-01 -9.433485e-02 -2.735377e-02 3.242740e+01 9.477671e-02 9.953805e-01 1.533087e-02 -2.962231e+00 2.578114e-02 -1.784929e-02 9.995083e-01 1.484325e+01
9.945412e-01 9.680061e-02 3.895300e-02 3.275718e+01 -9.627149e-02 9.952384e-01 -1.524203e-02 -2.993414e+00 -4.024293e-02 1.140882e-02 9.991247e-01 1.495774e+01
9.946385e-01 -1.005259e-01 -2.426665e-02 3.313459e+01 1.007691e-01 9.948690e-01 9.012414e-03 -3.029833e+00 2.323612e-02 -1.140947e-02 9.996650e-01 1.510157e+01
9.935081e-01 1.088450e-01 3.308240e-02 3.346661e+01 -1.087475e-01 9.940581e-01 -4.736114e-03 -3.060975e+00 -3.340129e-02 1.107791e-03 9.994413e-01 1.522062e+01
9.935852e-01 -1.124076e-01 -1.237279e-02 3.376058e+01 1.125029e-01 9.936246e-01 7.293293e-03 -3.089118e+00 1.147405e-02 -8.638531e-03 9.998969e-01 1.531367e+01
9.924511e-01 1.222132e-01 1.022970e-02 3.415718e+01 -1.221552e-01 9.924922e-01 -6.115636e-03 -3.126537e+00 -1.090027e-02 4.819911e-03 9.999289e-01 1.543762e+01
9.914306e-01 -1.305872e-01 -3.503006e-03 3.459244e+01 1.306273e-01 9.912969e-01 1.634071e-02 -3.165903e+00 1.338586e-03 -1.665831e-02 9.998604e-01 1.561701e+01
9.925965e-01 1.213189e-01 5.817304e-03 3.503218e+01 -1.212402e-01 9.925462e-01 -1.236522e-02 -3.207672e+00 -7.274038e-03 1.156844e-02 9.999065e-01 1.578425e+01
9.932425e-01 -1.158042e-01 7.660828e-03 3.544586e+01 1.156155e-01 9.930576e-01 2.167356e-02 -3.244807e+00 -1.011758e-02 -2.064144e-02 9.997358e-01 1.593508e+01
9.923576e-01 1.228123e-01 1.198285e-02 3.582236e+01 -1.226253e-01 9.923356e-01 -1.526516e-02 -3.278583e+00 -1.376572e-02 1.367915e-02 9.998116e-01 1.607611e+01
9.919744e-01 -1.261858e-01 7.998985e-03 3.619592e+01 1.259945e-01 9.918068e-01 2.108655e-02 -3.311934e+00 -1.059432e-02 -1.990954e-02 9.997457e-01 1.621815e+01
9.927044e-01 1.205377e-01 2.930222e-03 3.662718e+01 -1.204281e-01 9.924083e-01 -2.495744e-02 -3.352274e+00 -5.916246e-03 2.442254e-02 9.996841e-01 1.638581e+01
9.940920e-01 -1.083781e-01 5.946359e-03 3.707360e+01 1.081541e-01 9.936820e-01 2.997987e-02 -3.393737e+00 -9.158004e-03 -2.915967e-02 9.995329e-01 1.656615e+01
9.930397e-01 1.166588e-01 1.621064e-02 3.747872e+01 -1.162386e-01 9.929112e-01 -2.481948e-02 -3.428510e+00 -1.899109e-02 2.276249e-02 9.995604e-01 1.672257e+01
9.942593e-01 -1.059148e-01 1.518193e-02 3.791672e+01 1.055874e-01 9.941892e-01 2.095462e-02 -3.470696e+00 -1.731317e-02 -1.923136e-02 9.996652e-01 1.689740e+01
9.925868e-01 1.214319e-01 -5.075070e-03 3.832400e+01 -1.215079e-01 9.924038e-01 -1.924607e-02 -3.512234e+00 2.699482e-03 1.972011e-02 9.998018e-01 1.704274e+01
9.942628e-01 -1.064016e-01 -1.096572e-02 3.877258e+01 1.066450e-01 9.939901e-01 2.470804e-02 -3.552187e+00 8.270790e-03 -2.573577e-02 9.996346e-01 1.727903e+01
9.919260e-01 1.233670e-01 2.938401e-02 3.928174e+01 -1.224532e-01 9.919868e-01 -3.110295e-02 -3.595496e+00 -3.298558e-02 2.725372e-02 9.990841e-01 1.759042e+01
9.929138e-01 -1.167212e-01 -2.232612e-02 3.972571e+01 1.175219e-01 9.923143e-01 3.874323e-02 -3.634289e+00 1.763231e-02 -4.109255e-02 9.989998e-01 1.780649e+01
9.925356e-01 1.143850e-01 4.229766e-02 4.004515e+01 -1.129407e-01 9.929816e-01 -3.509931e-02 -3.663693e+00 -4.601559e-02 3.006025e-02 9.984882e-01 1.795005e+01
9.929282e-01 -1.151276e-01 -2.897024e-02 4.029389e+01 1.163259e-01 9.922456e-01 4.378292e-02 -3.686957e+00 2.370491e-02 -4.684334e-02 9.986210e-01 1.804182e+01
9.940482e-01 1.016299e-01 3.923698e-02 4.052693e+01 -1.001252e-01 9.942264e-01 -3.858360e-02 -3.707664e+00 -4.293164e-02 3.442541e-02 9.984847e-01 1.813506e+01
9.934363e-01 -1.082932e-01 -3.683725e-02 4.085074e+01 1.097227e-01 9.931854e-01 3.928931e-02 -3.739127e+00 3.233140e-02 -4.307336e-02 9.985487e-01 1.827566e+01
9.943014e-01 1.033874e-01 2.599690e-02 4.126278e+01 -1.025078e-01 9.941795e-01 -3.315561e-02 -3.777123e+00 -2.927340e-02 3.030184e-02 9.991120e-01 1.845309e+01
9.953633e-01 -9.216028e-02 -2.753983e-02 4.173445e+01 9.329637e-02 9.946968e-01 4.329079e-02 -3.816462e+00 2.340403e-02 -4.565949e-02 9.986829e-01 1.871189e+01
9.954756e-01 8.685097e-02 3.853730e-02 4.211850e+01 -8.518658e-02 9.954404e-01 -4.291465e-02 -3.851594e+00 -4.208871e-02 3.943769e-02 9.983351e-01 1.890791e+01
9.954045e-01 -8.470654e-02 -4.466273e-02 4.247847e+01 8.689507e-02 9.949832e-01 4.957445e-02 -3.884106e+00 4.023933e-02 -5.322765e-02 9.977714e-01 1.905843e+01
9.948636e-01 8.575089e-02 5.378889e-02 4.284911e+01 -8.359834e-02 9.956528e-01 -4.107143e-02 -3.917913e+00 -5.707692e-02 3.636386e-02 9.977072e-01 1.926456e+01
9.939093e-01 -9.873204e-02 -4.895152e-02 4.321027e+01 1.010914e-01 9.937030e-01 4.832053e-02 -3.950776e+00 4.387242e-02 -5.297486e-02 9.976317e-01 1.943918e+01
9.936209e-01 1.024928e-01 4.703973e-02 4.360308e+01 -1.005913e-01 9.940762e-01 -4.115761e-02 -3.985515e+00 -5.097937e-02 3.616334e-02 9.980447e-01 1.963460e+01
9.937483e-01 -1.038279e-01 -4.103683e-02 4.400069e+01 1.056626e-01 9.933652e-01 4.539791e-02 -4.021459e+00 3.605092e-02 -4.945021e-02 9.981258e-01 1.983272e+01
9.936642e-01 1.009416e-01 4.941828e-02 4.435854e+01 -9.916420e-02 9.943758e-01 -3.719201e-02 -4.053125e+00 -5.289450e-02 3.205591e-02 9.980854e-01 2.002630e+01
9.940905e-01 -9.833336e-02 -4.598470e-02 4.466524e+01 1.003609e-01 9.939743e-01 4.407822e-02 -4.080809e+00 4.137318e-02 -4.843286e-02 9.979693e-01 2.017334e+01
9.949529e-01 8.517203e-02 5.305170e-02 4.495245e+01 -8.348090e-02 9.959521e-01 -3.332088e-02 -4.107228e+00 -5.567491e-02 2.872396e-02 9.980356e-01 2.030607e+01
9.950250e-01 -8.708930e-02 -4.838147e-02 4.528573e+01 8.888570e-02 9.953800e-01 3.630567e-02 -4.137497e+00 4.499605e-02 -4.042553e-02 9.981690e-01 2.044758e+01
9.948195e-01 8.214815e-02 5.988104e-02 4.561047e+01 -8.026088e-02 9.962184e-01 -3.327318e-02 -4.167968e+00 -6.238786e-02 2.829477e-02 9.976507e-01 2.059868e+01
9.944178e-01 -8.969777e-02 -5.556559e-02 4.592235e+01 9.183779e-02 9.950777e-01 3.723266e-02 -4.197889e+00 5.195232e-02 -4.212790e-02 9.977607e-01 2.072846e+01
9.936586e-01 1.049372e-01 4.038215e-02 4.630656e+01 -1.037510e-01 9.941376e-01 -3.043325e-02 -4.230914e+00 -4.333894e-02 2.605064e-02 9.987207e-01 2.093358e+01
9.924462e-01 -1.119022e-01 -5.028460e-02 4.674222e+01 1.135791e-01 9.930193e-01 3.181976e-02 -4.269161e+00 4.637280e-02 -3.729074e-02 9.982280e-01 2.125096e+01
9.908848e-01 1.152857e-01 6.968801e-02 4.708588e+01 -1.129267e-01 9.929176e-01 -3.690646e-02 -4.299659e+00 -7.344918e-02 2.870049e-02 9.968858e-01 2.146409e+01
9.935404e-01 -9.905231e-02 -5.537203e-02 4.744429e+01 1.011532e-01 9.942005e-01 3.651494e-02 -4.331981e+00 5.143395e-02 -4.188018e-02 9.977979e-01 2.161193e+01
9.918776e-01 1.096952e-01 6.438702e-02 4.778056e+01 -1.076450e-01 9.935906e-01 -3.450110e-02 -4.362325e+00 -6.775888e-02 2.729000e-02 9.973284e-01 2.173932e+01
9.929597e-01 -1.009959e-01 -6.189443e-02 4.809461e+01 1.035931e-01 9.938034e-01 4.028963e-02 -4.389400e+00 5.744174e-02 -4.641787e-02 9.972693e-01 2.188629e+01
9.907993e-01 1.101136e-01 7.868722e-02 4.840727e+01 -1.068567e-01 9.932790e-01 -4.447989e-02 -4.417220e+00 -8.305615e-02 3.566246e-02 9.959065e-01 2.203282e+01
9.912519e-01 -1.058698e-01 -7.881220e-02 4.872223e+01 1.093873e-01 9.931230e-01 4.172685e-02 -4.446253e+00 7.385252e-02 -4.998293e-02 9.960159e-01 2.216032e+01
9.916106e-01 1.052738e-01 7.500571e-02 4.913104e+01 -1.016772e-01 9.935467e-01 -5.026660e-02 -4.484494e+00 -7.981337e-02 4.221859e-02 9.959153e-01 2.233202e+01
9.930988e-01 -9.480131e-02 -6.904731e-02 4.962771e+01 9.855995e-02 9.937067e-01 5.322480e-02 -4.527659e+00 6.356692e-02 -5.966284e-02 9.961926e-01 2.256878e+01
9.918269e-01 1.052544e-01 7.211656e-02 5.012165e+01 -1.012552e-01 9.932239e-01 -5.704075e-02 -4.570319e+00 -7.763162e-02 4.927245e-02 9.957637e-01 2.280507e+01
9.912056e-01 -1.000434e-01 -8.661933e-02 5.067774e+01 1.044319e-01 9.933876e-01 4.769882e-02 -4.620389e+00 8.127454e-02 -5.632522e-02 9.950990e-01 2.307438e+01
9.903791e-01 1.106541e-01 8.309588e-02 5.120187e+01 -1.065402e-01 9.929255e-01 -5.242285e-02 -4.667448e+00 -8.830876e-02 4.306552e-02 9.951617e-01 2.333606e+01
9.907853e-01 -9.866520e-02 -9.278846e-02 5.161753e+01 1.031068e-01 9.936812e-01 4.434690e-02 -4.706751e+00 8.782658e-02 -5.350544e-02 9.946978e-01 2.352523e+01
9.877646e-01 1.140174e-01 1.064009e-01 5.199193e+01 -1.086530e-01 9.925604e-01 -5.493873e-02 -4.741939e+00 -1.118732e-01 4.270583e-02 9.928043e-01 2.364982e+01
9.915038e-01 -9.102227e-02 -9.292591e-02 5.238706e+01 9.548891e-02 9.944219e-01 4.479964e-02 -4.778161e+00 8.832972e-02 -5.329247e-02 9.946647e-01 2.380800e+01
9.910168e-01 9.703491e-02 9.203168e-02 5.280263e+01 -9.250077e-02 9.943368e-01 -5.232536e-02 -4.817732e+00 -9.658781e-02 4.334239e-02 9.943803e-01 2.396926e+01
9.957733e-01 -7.278498e-02 -5.601672e-02 5.320073e+01 7.553827e-02 9.959525e-01 4.871008e-02 -4.854303e+00 5.224456e-02 -5.273566e-02 9.972410e-01 2.413494e+01
9.935209e-01 8.471132e-02 7.576366e-02 5.361514e+01 -8.121955e-02 9.955376e-01 -4.804433e-02 -4.890553e+00 -7.949541e-02 4.157963e-02 9.959676e-01 2.426557e+01
9.948190e-01 -7.616975e-02 -6.733048e-02 5.400894e+01 7.907772e-02 9.959988e-01 4.163049e-02 -4.929131e+00 6.389002e-02 -4.673921e-02 9.968619e-01 2.440760e+01
9.936875e-01 7.760560e-02 8.100970e-02 5.435907e+01 -7.384053e-02 9.960907e-01 -4.848614e-02 -4.964015e+00 -8.445574e-02 4.219834e-02 9.955332e-01 2.451342e+01
9.960721e-01 -5.617957e-02 -6.844119e-02 5.481974e+01 5.921467e-02 9.973121e-01 4.315366e-02 -5.004304e+00 6.583279e-02 -4.703695e-02 9.967215e-01 2.468502e+01
9.965363e-01 7.062535e-02 4.390143e-02 5.549584e+01 -6.875718e-02 9.967191e-01 -4.270123e-02 -5.062297e+00 -4.677312e-02 3.953487e-02 9.981228e-01 2.503353e+01
9.953091e-01 -4.808416e-02 -8.395069e-02 5.622742e+01 5.183226e-02 9.977274e-01 4.305135e-02 -5.125667e+00 8.168975e-02 -4.720082e-02 9.955395e-01 2.545881e+01
9.979652e-01 6.365211e-02 -3.729624e-03 5.705222e+01 -6.371011e-02 9.978001e-01 -1.832849e-02 -5.190763e+00 2.554831e-03 1.852888e-02 9.998250e-01 2.605000e+01
9.971743e-01 -6.322780e-03 -7.485668e-02 5.784088e+01 7.506115e-03 9.998511e-01 1.553680e-02 -5.259454e+00 7.474725e-02 -1.605486e-02 9.970733e-01 2.670635e+01
9.999593e-01 6.716664e-03 6.014032e-03 5.851149e+01 -6.747080e-03 9.999645e-01 5.046768e-03 -5.315065e+00 -5.979871e-03 -5.087061e-03 9.999691e-01 2.711552e+01
9.995295e-01 8.742953e-03 -2.939917e-02 5.917280e+01 -8.562630e-03 9.999438e-01 6.252925e-03 -5.371360e+00 2.945213e-02 -5.998329e-03 9.995483e-01 2.750835e+01
9.976770e-01 -1.730007e-02 -6.588831e-02 5.991369e+01 1.769738e-02 9.998285e-01 5.451616e-03 -5.434208e+00 6.578274e-02 -6.604923e-03 9.978120e-01 2.803652e+01
9.939962e-01 1.064128e-01 2.545511e-02 6.071979e+01 -1.054265e-01 9.937244e-01 -3.737802e-02 -5.506569e+00 -2.927289e-02 3.446988e-02 9.989770e-01 2.868449e+01
9.964581e-01 -7.458130e-02 -3.884306e-02 6.136491e+01 7.616650e-02 9.962490e-01 4.106795e-02 -5.562135e+00 3.563450e-02 -4.388095e-02 9.984010e-01 2.909330e+01
9.919043e-01 1.051503e-01 -7.119883e-02 6.230736e+01 -1.088546e-01 9.927839e-01 -5.030689e-02 -5.634544e+00 6.539524e-02 5.764985e-02 9.961928e-01 2.975078e+01
9.990259e-01 -4.831409e-03 4.386253e-02 6.331543e+01 3.280124e-03 9.993689e-01 3.537008e-02 -5.728769e+00 -4.400571e-02 -3.519167e-02 9.984112e-01 3.059113e+01
9.923927e-01 1.611986e-03 -1.231022e-01 6.396472e+01 -6.955840e-03 9.990512e-01 -4.299257e-02 -5.784802e+00 1.229161e-01 4.352171e-02 9.914624e-01 3.100610e+01
9.984044e-01 1.855671e-03 5.643840e-02 6.460369e+01 -6.062568e-03 9.972055e-01 7.446006e-02 -5.843197e+00 -5.614250e-02 -7.468332e-02 9.956256e-01 3.148139e+01
9.942040e-01 1.795078e-02 -1.060005e-01 6.522002e+01 -2.538992e-02 9.972760e-01 -6.925331e-02 -5.894871e+00 1.044686e-01 7.154317e-02 9.919516e-01 3.186795e+01
9.946591e-01 -1.713312e-02 1.017828e-01 6.583855e+01 8.743028e-03 9.965682e-01 8.231247e-02 -5.946494e+00 -1.028437e-01 -8.098287e-02 9.913954e-01 3.226662e+01
9.933262e-01 1.466468e-02 -1.144029e-01 6.644952e+01 -2.309125e-02 9.970878e-01 -7.268334e-02 -5.999458e+00 1.130038e-01 7.483988e-02 9.907721e-01 3.258244e+01
9.994196e-01 -9.368500e-03 3.275175e-02 6.710558e+01 6.625385e-03 9.965373e-01 8.288180e-02 -6.055264e+00 -3.341482e-02 -8.261661e-02 9.960210e-01 3.300991e+01
9.995491e-01 1.064793e-02 -2.807464e-02 6.760766e+01 -1.266694e-02 9.972700e-01 -7.274758e-02 -6.098335e+00 2.722338e-02 7.307031e-02 9.969552e-01 3.324970e+01
9.991549e-01 -8.869490e-03 4.013386e-02 6.806981e+01 5.450847e-03 9.964084e-01 8.450216e-02 -6.136932e+00 -4.073921e-02 -8.421189e-02 9.956146e-01 3.347386e+01
9.984403e-01 1.506054e-02 -5.376082e-02 6.856205e+01 -1.874911e-02 9.974557e-01 -6.877957e-02 -6.177128e+00 5.258818e-02 6.968017e-02 9.961824e-01 3.372763e+01
9.993290e-01 -1.190730e-02 3.463842e-02 6.910199e+01 8.920936e-03 9.963302e-01 8.512692e-02 -6.222948e+00 -3.552494e-02 -8.476070e-02 9.957678e-01 3.403559e+01
9.986572e-01 2.293603e-02 -4.645107e-02 6.964309e+01 -2.599589e-02 9.974559e-01 -6.637725e-02 -6.266108e+00 4.481047e-02 6.749556e-02 9.967129e-01 3.434612e+01
9.990993e-01 -2.268594e-02 3.585898e-02 7.022846e+01 1.954306e-02 9.961303e-01 8.568842e-02 -6.314234e+00 -3.766415e-02 -8.491036e-02 9.956764e-01 3.467150e+01
9.978022e-01 3.499210e-02 -5.626996e-02 7.085409e+01 -3.899471e-02 9.966649e-01 -7.168324e-02 -6.366809e+00 5.357396e-02 7.371983e-02 9.958390e-01 3.502746e+01
9.988379e-01 -4.425200e-02 1.909479e-02 7.152649e+01 4.245089e-02 9.953740e-01 8.618839e-02 -6.425992e+00 -2.282047e-02 -8.527755e-02 9.960958e-01 3.540782e+01
9.959383e-01 6.978441e-02 -5.689442e-02 7.217828e+01 -7.343350e-02 9.951933e-01 -6.479115e-02 -6.479770e+00 5.209955e-02 6.870585e-02 9.962757e-01 3.580623e+01
9.965181e-01 -7.486047e-02 3.671073e-02 7.271845e+01 7.158108e-02 9.939156e-01 8.371292e-02 -6.526037e+00 -4.275417e-02 -8.079355e-02 9.958134e-01 3.612117e+01
9.947736e-01 8.628457e-02 -5.459430e-02 7.323675e+01 -8.967040e-02 9.939803e-01 -6.294731e-02 -6.568152e+00 4.883430e-02 6.751372e-02 9.965226e-01 3.641706e+01
9.946343e-01 -9.143228e-02 4.840206e-02 7.374112e+01 8.741317e-02 9.929952e-01 7.949453e-02 -6.611936e+00 -5.533139e-02 -7.483692e-02 9.956594e-01 3.668796e+01
9.931722e-01 1.061259e-01 -4.843912e-02 7.426179e+01 -1.089457e-01 9.922445e-01 -5.984777e-02 -6.653493e+00 4.171207e-02 6.471628e-02 9.970316e-01 3.695581e+01
9.949629e-01 -9.577144e-02 2.960714e-02 7.481422e+01 9.311480e-02 9.923652e-01 8.087534e-02 -6.698526e+00 -3.712666e-02 -7.771101e-02 9.962843e-01 3.726577e+01
9.929083e-01 1.102161e-01 -4.455938e-02 7.538753e+01 -1.127998e-01 9.917830e-01 -6.035579e-02 -6.744779e+00 3.754108e-02 6.495396e-02 9.971819e-01 3.761543e+01
9.938234e-01 -1.095908e-01 1.746055e-02 7.598710e+01 1.080344e-01 9.914240e-01 7.353261e-02 -6.796461e+00 -2.536932e-02 -7.119199e-02 9.971399e-01 3.795142e+01
9.921443e-01 1.227155e-01 -2.430076e-02 7.662797e+01 -1.239190e-01 9.906811e-01 -5.652595e-02 -6.849824e+00 1.713772e-02 5.909314e-02 9.981054e-01 3.830593e+01
9.931476e-01 -1.166621e-01 6.915910e-03 7.728500e+01 1.160060e-01 9.912731e-01 6.261088e-02 -6.907764e+00 -1.415989e-02 -6.137947e-02 9.980140e-01 3.863755e+01
9.903098e-01 1.367631e-01 -2.413206e-02 7.789041e+01 -1.376609e-01 9.896470e-01 -4.060043e-02 -6.955952e+00 1.832961e-02 4.352895e-02 9.988841e-01 3.900330e+01
9.879752e-01 -1.510094e-01 3.318327e-02 7.832921e+01 1.493325e-01 9.876086e-01 4.826059e-02 -6.997801e+00 -4.005991e-02 -4.272482e-02 9.982834e-01 3.922386e+01
9.882985e-01 1.517018e-01 -1.589264e-02 7.871248e+01 -1.522621e-01 9.873758e-01 -4.365057e-02 -7.037844e+00 9.070164e-03 4.555954e-02 9.989205e-01 3.929871e+01
9.873287e-01 -1.557126e-01 3.058837e-02 7.899018e+01 1.538166e-01 9.864653e-01 5.680328e-02 -7.063962e+00 -3.901936e-02 -5.137841e-02 9.979166e-01 3.938736e+01
9.879782e-01 1.523165e-01 -2.643415e-02 7.931852e+01 -1.534319e-01 9.870352e-01 -4.712029e-02 -7.094427e+00 1.891426e-02 5.060956e-02 9.985395e-01 3.948930e+01
9.868669e-01 -1.586271e-01 3.051589e-02 7.972734e+01 1.566382e-01 9.858807e-01 5.919171e-02 -7.130936e+00 -3.947444e-02 -5.363428e-02 9.977800e-01 3.966337e+01
9.866936e-01 1.620070e-01 -1.376291e-02 8.007265e+01 -1.624794e-01 9.856097e-01 -4.662745e-02 -7.160867e+00 6.010908e-03 4.824310e-02 9.988176e-01 3.982500e+01
9.879267e-01 -1.547762e-01 6.718694e-03 8.046707e+01 1.540861e-01 9.861710e-01 6.102661e-02 -7.191415e+00 -1.607126e-02 -5.925447e-02 9.981135e-01 4.002648e+01
9.862538e-01 1.634012e-01 -2.456774e-02 8.100871e+01 -1.642408e-01 9.857154e-01 -3.728490e-02 -7.233962e+00 1.812443e-02 4.080731e-02 9.990027e-01 4.038436e+01
9.882316e-01 -1.520403e-01 1.679643e-02 8.158683e+01 1.512404e-01 9.876230e-01 4.155691e-02 -7.282328e+00 -2.290688e-02 -3.852745e-02 9.989949e-01 4.077573e+01
9.883645e-01 1.514261e-01 -1.434755e-02 8.207867e+01 -1.517251e-01 9.881610e-01 -2.274659e-02 -7.324339e+00 1.073328e-02 2.465870e-02 9.996384e-01 4.106969e+01
9.885000e-01 -1.510837e-01 -6.433804e-03 8.253959e+01 1.512186e-01 9.878085e-01 3.697507e-02 -7.363239e+00 7.690255e-04 -3.752267e-02 9.992954e-01 4.134665e+01
9.832527e-01 1.817081e-01 1.400995e-02 8.302289e+01 -1.807013e-01 9.820183e-01 -5.465473e-02 -7.407569e+00 -2.368921e-02 5.120770e-02 9.984071e-01 4.167511e+01
9.837634e-01 -1.793751e-01 -5.840109e-03 8.333842e+01 1.793284e-01 9.811726e-01 7.170451e-02 -7.433668e+00 -7.131857e-03 -7.158748e-02 9.974088e-01 4.185488e+01
9.823640e-01 1.866503e-01 -1.107400e-02 8.367779e+01 -1.869785e-01 9.805921e-01 -5.897666e-02 -7.460929e+00 -1.489039e-04 6.000705e-02 9.981980e-01 4.203828e+01
9.761949e-01 -2.051655e-01 -7.035997e-02 8.413765e+01 2.088110e-01 9.767262e-01 4.902858e-02 -7.507648e+00 5.866344e-02 -6.255329e-02 9.963160e-01 4.235227e+01
9.667690e-01 2.441823e-01 7.571424e-02 8.458177e+01 -2.383322e-01 9.679940e-01 -7.864819e-02 -7.548530e+00 -9.249538e-02 5.798941e-02 9.940231e-01 4.268361e+01
9.683710e-01 -2.370446e-01 -7.789413e-02 8.493180e+01 2.423678e-01 9.678056e-01 6.789730e-02 -7.579340e+00 5.929168e-02 -8.462871e-02 9.946469e-01 4.286022e+01
9.666252e-01 2.489207e-01 6.061525e-02 8.540075e+01 -2.436898e-01 9.663546e-01 -8.230590e-02 -7.619392e+00 -7.906343e-02 6.478755e-02 9.947621e-01 4.309570e+01
9.673856e-01 -2.338330e-01 -9.740222e-02 8.599815e+01 2.413071e-01 9.676549e-01 7.358557e-02 -7.670277e+00 7.704499e-02 -9.468938e-02 9.925210e-01 4.345719e+01
9.621171e-01 2.571612e-01 9.054682e-02 8.648050e+01 -2.494531e-01 9.643562e-01 -8.826322e-02 -7.711198e+00 -1.100172e-01 6.233228e-02 9.919733e-01 4.375707e+01
9.631393e-01 -2.452101e-01 -1.106107e-01 8.682664e+01 2.536589e-01 9.647593e-01 6.997530e-02 -7.742321e+00 8.955406e-02 -9.545325e-02 9.913973e-01 4.392525e+01
9.622318e-01 2.572665e-01 8.901622e-02 8.724599e+01 -2.495490e-01 9.642421e-01 -8.923316e-02 -7.778478e+00 -1.087898e-01 6.364898e-02 9.920250e-01 4.413485e+01
9.624740e-01 -2.439895e-01 -1.187977e-01 8.773329e+01 2.534931e-01 9.646079e-01 7.261366e-02 -7.820849e+00 9.687622e-02 -1.000031e-01 9.902597e-01 4.440963e+01
9.631640e-01 2.599716e-01 6.877358e-02 8.824451e+01 -2.541033e-01 9.635526e-01 -8.365412e-02 -7.864974e+00 -8.801462e-02 6.309695e-02 9.941189e-01 4.471583e+01
9.641405e-01 -2.511710e-01 -8.570961e-02 8.863777e+01 2.579141e-01 9.628901e-01 7.951617e-02 -7.898966e+00 6.255677e-02 -9.877038e-02 9.931420e-01 4.499216e+01
9.634770e-01 2.575437e-01 7.337045e-02 8.898269e+01 -2.508979e-01 9.639273e-01 -8.885161e-02 -7.929023e+00 -9.360691e-02 6.719790e-02 9.933390e-01 4.514934e+01
9.628012e-01 -2.580365e-01 -8.019371e-02 8.932576e+01 2.647159e-01 9.602726e-01 8.832872e-02 -7.959030e+00 5.421578e-02 -1.062714e-01 9.928580e-01 4.533377e+01
9.605363e-01 2.710743e-01 6.235934e-02 8.970916e+01 -2.638605e-01 9.589255e-01 -1.041133e-01 -7.994485e+00 -8.802037e-02 8.355038e-02 9.926086e-01 4.548723e+01
9.618193e-01 -2.531775e-01 -1.039460e-01 9.014875e+01 2.634764e-01 9.593245e-01 1.013732e-01 -8.028403e+00 7.405256e-02 -1.248899e-01 9.894032e-01 4.575965e+01
9.646287e-01 2.571797e-01 5.788060e-02 9.071043e+01 -2.500507e-01 9.621923e-01 -1.079845e-01 -8.075862e+00 -8.346363e-02 8.969173e-02 9.924663e-01 4.612543e+01
9.611700e-01 -2.522431e-01 -1.119178e-01 9.132856e+01 2.630233e-01 9.601020e-01 9.498901e-02 -8.130957e+00 8.349221e-02 -1.207375e-01 9.891670e-01 4.648924e+01
9.874121e-01 1.530082e-01 4.007192e-02 9.278591e+01 -1.466240e-01 9.804936e-01 -1.308960e-01 -8.275723e+00 -5.931839e-02 1.233727e-01 9.905860e-01 4.732128e+01
9.661670e-01 -8.094534e-02 -2.448861e-01 9.453542e+01 1.189439e-01 9.823182e-01 1.445797e-01 -8.446323e+00 2.288530e-01 -1.688157e-01 9.587113e-01 4.853070e+01
9.723794e-01 1.206007e-01 1.998343e-01 9.519474e+01 -8.739224e-02 9.820079e-01 -1.674012e-01 -8.506066e+00 -2.164275e-01 1.453134e-01 9.654239e-01 4.897438e+01
9.562739e-01 -4.954194e-02 -2.882462e-01 9.650362e+01 6.482569e-02 9.969386e-01 4.371545e-02 -8.659807e+00 2.851980e-01 -6.048961e-02 9.565579e-01 4.978609e+01
9.827250e-01 -1.548774e-01 -1.013147e-01 9.792125e+01 1.434589e-01 9.833340e-01 -1.116868e-01 -8.806017e+00 1.169240e-01 9.522282e-02 9.885654e-01 5.077900e+01
9.742201e-01 2.131447e-01 7.392252e-02 9.874356e+01 -2.202994e-01 9.694203e-01 1.081316e-01 -8.875336e+00 -4.861436e-02 -1.216290e-01 9.913844e-01 5.122206e+01
9.755670e-01 -2.135938e-01 -5.144714e-02 9.936189e+01 2.066831e-01 9.716513e-01 -1.147864e-01 -8.928683e+00 7.450637e-02 1.013485e-01 9.920571e-01 5.158639e+01
9.725511e-01 2.194335e-01 7.741637e-02 9.988965e+01 -2.275038e-01 9.665544e-01 1.183827e-01 -8.973941e+00 -4.885008e-02 -1.327456e-01 9.899455e-01 5.187213e+01
9.734223e-01 -2.231709e-01 -5.141767e-02 1.004513e+02 2.155434e-01 9.686367e-01 -1.236289e-01 -9.021842e+00 7.739544e-02 1.092603e-01 9.909956e-01 5.216461e+01
9.693706e-01 2.427778e-01 3.714278e-02 1.011013e+02 -2.455266e-01 9.616857e-01 1.219724e-01 -9.074773e+00 -6.107543e-03 -1.273560e-01 9.918382e-01 5.260163e+01
9.699834e-01 -2.404667e-01 -3.616643e-02 1.017072e+02 2.353750e-01 9.658012e-01 -1.087508e-01 -9.123695e+00 6.108056e-02 9.697368e-02 9.934110e-01 5.305589e+01
9.673492e-01 2.520252e-01 2.681034e-02 1.022901e+02 -2.533891e-01 9.594366e-01 1.235936e-01 -9.170054e+00 5.425820e-03 -1.263516e-01 9.919706e-01 5.350207e+01
9.679785e-01 -2.493656e-01 -2.888709e-02 1.028317e+02 2.444798e-01 9.625682e-01 -1.170133e-01 -9.213141e+00 5.698493e-02 1.062040e-01 9.927102e-01 5.391624e+01
9.721902e-01 2.277514e-01 5.454890e-02 1.034450e+02 -2.327802e-01 9.652916e-01 1.184291e-01 -9.266777e+00 -2.568328e-02 -1.278334e-01 9.914630e-01 5.425978e+01
9.726214e-01 -2.307211e-01 -2.784661e-02 1.041145e+02 2.258136e-01 9.665814e-01 -1.213619e-01 -9.325435e+00 5.491680e-02 1.117509e-01 9.922177e-01 5.458876e+01
9.694095e-01 2.382350e-01 5.906978e-02 1.046958e+02 -2.438107e-01 9.623961e-01 1.197913e-01 -9.377168e+00 -2.831010e-02 -1.305286e-01 9.910402e-01 5.486671e+01
9.695945e-01 -2.407365e-01 -4.396065e-02 1.052758e+02 2.329583e-01 9.630050e-01 -1.354694e-01 -9.428859e+00 7.494680e-02 1.211093e-01 9.898058e-01 5.516311e+01
9.712565e-01 2.325922e-01 5.061241e-02 1.059255e+02 -2.375213e-01 9.609620e-01 1.419000e-01 -9.485776e+00 -1.563183e-02 -1.498428e-01 9.885862e-01 5.556073e+01
9.705456e-01 -2.365960e-01 -4.542667e-02 1.065816e+02 2.278786e-01 9.627417e-01 -1.456017e-01 -9.542724e+00 7.818296e-02 1.309612e-01 9.882999e-01 5.596929e+01
9.687931e-01 2.337511e-01 8.246344e-02 1.072280e+02 -2.437994e-01 9.586514e-01 1.467969e-01 -9.596578e+00 -4.473981e-02 -1.623203e-01 9.857233e-01 5.638041e+01
9.671390e-01 -2.461922e-01 -6.349537e-02 1.078563e+02 2.342416e-01 9.599064e-01 -1.539825e-01 -9.650967e+00 9.885894e-02 1.340492e-01 9.860313e-01 5.678919e+01
9.723757e-01 2.111631e-01 9.947675e-02 1.085669e+02 -2.230742e-01 9.661383e-01 1.296711e-01 -9.716950e+00 -6.872661e-02 -1.482797e-01 9.865545e-01 5.717880e+01
9.759230e-01 -1.896847e-01 -1.076756e-01 1.093744e+02 1.737155e-01 9.744770e-01 -1.421887e-01 -9.786770e+00 1.318985e-01 1.200602e-01 9.839656e-01 5.765841e+01
9.776151e-01 1.698347e-01 1.241964e-01 1.100211e+02 -1.870200e-01 9.718736e-01 1.431263e-01 -9.840355e+00 -9.639549e-02 -1.631496e-01 9.818809e-01 5.808928e+01
9.742287e-01 -2.036014e-01 -9.708277e-02 1.106774e+02 1.886115e-01 9.713726e-01 -1.444336e-01 -9.896148e+00 1.237104e-01 1.224003e-01 9.847405e-01 5.850585e+01
9.749390e-01 1.982972e-01 1.008572e-01 1.113600e+02 -2.115161e-01 9.667158e-01 1.439493e-01 -9.955956e+00 -6.895560e-02 -1.616747e-01 9.844320e-01 5.893264e+01
9.747637e-01 -2.048962e-01 -8.861886e-02 1.119483e+02 1.900192e-01 9.698861e-01 -1.523606e-01 -1.000610e+01 1.171683e-01 1.316762e-01 9.843439e-01 5.931506e+01
9.740252e-01 2.033464e-01 9.962521e-02 1.125495e+02 -2.172565e-01 9.632405e-01 1.580103e-01 -1.005181e+01 -6.383226e-02 -1.755502e-01 9.823989e-01 5.976233e+01
9.757265e-01 -1.998298e-01 -8.958710e-02 1.131627e+02 1.831213e-01 9.688603e-01 -1.666625e-01 -1.010137e+01 1.201016e-01 1.462117e-01 9.819357e-01 6.020977e+01
9.781192e-01 1.828300e-01 9.927685e-02 1.137457e+02 -1.974379e-01 9.661707e-01 1.659289e-01 -1.014950e+01 -6.558165e-02 -1.818992e-01 9.811278e-01 6.059030e+01
9.780217e-01 -1.794891e-01 -1.061006e-01 1.143247e+02 1.599353e-01 9.722847e-01 -1.705382e-01 -1.019496e+01 1.337698e-01 1.498207e-01 9.796221e-01 6.101801e+01
9.817866e-01 1.568027e-01 1.072745e-01 1.149594e+02 -1.732111e-01 9.707400e-01 1.663182e-01 -1.024976e+01 -7.805660e-02 -1.818701e-01 9.802196e-01 6.142472e+01
9.826465e-01 -1.524577e-01 -1.056532e-01 1.156098e+02 1.331740e-01 9.763563e-01 -1.702741e-01 -1.030263e+01 1.291147e-01 1.532489e-01 9.797164e-01 6.188654e+01
9.867535e-01 1.280678e-01 9.958001e-02 1.162020e+02 -1.437524e-01 9.747530e-01 1.708559e-01 -1.035223e+01 -7.518484e-02 -1.829075e-01 9.802510e-01 6.233729e+01
9.840776e-01 -1.381133e-01 -1.118755e-01 1.168158e+02 1.179187e-01 9.782804e-01 -1.704781e-01 -1.040348e+01 1.329909e-01 1.545714e-01 9.789899e-01 6.275568e+01
9.867743e-01 1.126183e-01 1.165909e-01 1.174490e+02 -1.320498e-01 9.756332e-01 1.752215e-01 -1.045621e+01 -9.401688e-02 -1.882998e-01 9.776011e-01 6.318329e+01
9.876084e-01 -9.897662e-02 -1.217923e-01 1.180728e+02 7.697489e-02 9.817891e-01 -1.736812e-01 -1.050455e+01 1.367648e-01 1.621540e-01 9.772418e-01 6.366006e+01
9.856074e-01 7.421905e-02 1.518868e-01 1.185768e+02 -1.042144e-01 9.741923e-01 2.002213e-01 -1.054019e+01 -1.331068e-01 -2.131683e-01 9.679059e-01 6.408897e+01
9.849163e-01 -1.136630e-01 -1.304633e-01 1.190213e+02 8.826774e-02 9.785452e-01 -1.861669e-01 -1.057607e+01 1.488246e-01 1.718431e-01 9.738179e-01 6.438294e+01
9.853524e-01 7.862174e-02 1.513249e-01 1.194582e+02 -1.085226e-01 9.736015e-01 2.008055e-01 -1.061045e+01 -1.315425e-01 -2.142863e-01 9.678729e-01 6.465996e+01
9.842935e-01 -1.157453e-01 -1.333016e-01 1.198909e+02 8.961518e-02 9.781477e-01 -1.876068e-01 -1.064548e+01 1.521033e-01 1.727142e-01 9.731569e-01 6.493181e+01
9.860889e-01 8.404797e-02 1.434037e-01 1.203705e+02 -1.117589e-01 9.738685e-01 1.977120e-01 -1.068255e+01 -1.230391e-01 -2.109882e-01 9.697141e-01 6.527063e+01
9.859408e-01 -1.233857e-01 -1.126799e-01 1.208231e+02 1.004090e-01 9.764989e-01 -1.907039e-01 -1.071993e+01 1.335620e-01 1.767086e-01 9.751591e-01 6.555906e+01
9.890688e-01 8.380284e-02 1.213255e-01 1.212989e+02 -1.067713e-01 9.745115e-01 1.972993e-01 -1.076179e+01 -1.016989e-01 -2.080967e-01 9.728068e-01 6.583337e+01
