9.992943e-01 -4.934151e-04 3.755869e-02 4.372127e-02 5.377134e-04 9.999992e-01 -1.169351e-03 -6.754866e-03 -3.755808e-02 1.188721e-03 9.992938e-01 1.624950e-01
9.999063e-01 -1.214707e-04 1.369162e-02 1.236242e-01 1.272604e-04 9.999999e-01 -4.219997e-04 -1.496110e-02 -1.369156e-02 4.237027e-04 9.999061e-01 3.214126e-01
9.993357e-01 -4.606235e-04 3.644168e-02 2.114503e-01 5.024595e-04 9.999992e-01 -1.138876e-03 -2.337588e-02 -3.644114e-02 1.156430e-03 9.993352e-01 4.841543e-01
9.999233e-01 -1.148890e-04 1.238112e-02 2.828260e-01 1.196809e-04 9.999999e-01 -3.862897e-04 -3.157780e-02 -1.238105e-02 3.877417e-04 9.999232e-01 6.575602e-01
9.993598e-01 -4.600064e-04 3.577280e-02 3.707872e-01 5.001100e-04 9.999993e-01 -1.112125e-03 -3.948449e-02 -3.577229e-02 1.129304e-03 9.993594e-01 7.990461e-01
9.999304e-01 -7.171876e-05 1.180025e-02 4.774155e-01 7.631089e-05 9.999999e-01 -3.886992e-04 -4.792615e-02 -1.180020e-02 3.895722e-04 9.999302e-01 9.453958e-01
9.993720e-01 -4.415720e-04 3.543136e-02 6.606220e-01 4.800864e-04 9.999993e-01 -1.078516e-03 -5.748441e-02 -3.543089e-02 1.094849e-03 9.993716e-01 1.020621e+00
9.999931e-01 9.049277e-05 3.718200e-03 1.070974e+00 -8.994813e-05 1.000000e+00 -1.466076e-04 -7.332840e-02 -3.718177e-03 1.462714e-04 9.999930e-01 1.036246e+00
9.994077e-01 -4.539499e-04 3.440970e-02 1.435549e+00 4.903958e-04 9.999993e-01 -1.050745e-03 -8.883101e-02 -3.440924e-02 1.066998e-03 9.994074e-01 1.166005e+00
1.000000e+00 1.540712e-04 2.010842e-04 1.836252e+00 -1.540618e-04 1.000000e+00 -4.545549e-05 -1.062298e-01 -2.010484e-04 4.542359e-05 9.999999e-01 1.346741e+00
9.993890e-01 -4.788586e-04 3.494975e-02 2.265851e+00 5.160097e-04 9.999993e-01 -1.053983e-03 -1.237871e-01 -3.494926e-02 1.071374e-03 9.993886e-01 1.486417e+00
9.999979e-01 7.284923e-05 2.031413e-03 2.546431e+00 -7.259873e-05 1.000000e+00 -1.232293e-04 -1.370558e-01 -2.031373e-03 1.230804e-04 9.999978e-01 1.639658e+00
9.990625e-01 -5.835658e-04 4.328717e-02 2.641149e+00 6.409917e-04 9.999989e-01 -1.312764e-03 -1.473398e-01 -4.328642e-02 1.339282e-03 9.990619e-01 1.888016e+00
9.999872e-01 2.521154e-04 -5.043470e-03 3.018398e+00 -2.514776e-04 1.000000e+00 1.270017e-04 -1.631454e-01 5.043558e-03 -1.257332e-04 9.999872e-01 1.989788e+00
9.990492e-01 -6.220634e-04 4.359161e-02 3.386503e+00 6.803808e-04 9.999989e-01 -1.322998e-03 -1.777585e-01 -4.359080e-02 1.351400e-03 9.990486e-01 2.042919e+00
9.999949e-01 1.683113e-04 -3.182756e-03 3.514736e+00 -1.681745e-04 1.000000e+00 4.304385e-05 -1.860096e-01 3.182826e-03 -4.251000e-05 9.999948e-01 2.143253e+00
9.992240e-01 -5.500846e-04 3.938525e-02 3.777113e+00 5.970523e-04 9.999991e-01 -1.180785e-03 -1.985483e-01 -3.938463e-02 1.203385e-03 9.992235e-01 2.283823e+00
9.999522e-01 2.958761e-04 -9.771076e-03 4.060910e+00 -2.935319e-04 9.999999e-01 2.412653e-04 -2.131882e-01 9.771214e-03 -2.383875e-04 9.999521e-01 2.518960e+00
9.993791e-01 -5.738932e-04 3.523048e-02 4.436699e+00 6.103715e-04 9.999993e-01 -1.024692e-03 -2.296882e-01 -3.522994e-02 1.045561e-03 9.993788e-01 2.719218e+00
9.999937e-01 2.500938e-04 -3.537478e-03 4.618774e+00 -2.500050e-04 1.000000e+00 2.530929e-05 -2.377588e-01 3.537556e-03 -2.442671e-05 9.999937e-01 2.718647e+00
9.995287e-01 -5.236234e-04 3.069535e-02 4.998669e+00 5.505269e-04 9.999995e-01 -8.680514e-04 -2.536848e-01 -3.069495e-02 8.845430e-04 9.995285e-01 2.840995e+00
9.999987e-01 3.179631e-04 -1.594814e-03 5.529457e+00 -3.180432e-04 9.999999e-01 -5.057147e-05 -2.741914e-01 1.594873e-03 5.107652e-05 9.999986e-01 2.976179e+00
9.996109e-01 -4.841499e-04 2.789038e-02 6.147571e+00 5.057853e-04 9.999996e-01 -7.687171e-04 -2.973542e-01 -2.789007e-02 7.825268e-04 9.996108e-01 3.113683e+00
9.999960e-01 3.426933e-04 -2.792819e-03 6.856429e+00 -3.427478e-04 9.999999e-01 -1.942998e-05 -3.222964e-01 2.792891e-03 2.038492e-05 9.999960e-01 3.153222e+00
9.995898e-01 -4.773238e-04 2.863642e-02 7.474580e+00 5.002208e-04 9.999996e-01 -7.924559e-04 -3.458642e-01 -2.863611e-02 8.064577e-04 9.995897e-01 3.322980e+00
9.999564e-01 4.249497e-04 -9.322422e-03 8.163153e+00 -4.232628e-04 9.999999e-01 1.827938e-04 -3.717257e-01 9.322580e-03 -1.788423e-04 9.999564e-01 3.516269e+00
9.998870e-01 -3.206847e-04 1.503180e-02 8.694035e+00 3.264570e-04 9.999999e-01 -3.816329e-04 -3.927542e-01 -1.503176e-02 3.864993e-04 9.998870e-01 3.751327e+00
9.998909e-01 6.083996e-04 -1.476031e-02 9.239647e+00 -6.017563e-04 9.999997e-01 4.544341e-04 -4.142805e-01 1.476066e-02 -4.455047e-04 9.998909e-01 3.959086e+00
9.996812e-01 -5.646512e-04 2.524190e-02 9.882994e+00 5.857258e-04 9.999995e-01 -8.275660e-04 -4.381259e-01 -2.524150e-02 8.420894e-04 9.996811e-01 4.129746e+00
9.999636e-01 4.797648e-04 -8.518693e-03 1.051628e+01 -4.773122e-04 9.999998e-01 2.897834e-04 -4.615062e-01 8.518914e-03 -2.857092e-04 9.999636e-01 4.260304e+00
9.998306e-01 -4.765787e-04 1.839890e-02 1.103494e+01 4.886886e-04 9.999997e-01 -6.537646e-04 -4.818125e-01 -1.839867e-02 6.626476e-04 9.998306e-01 4.467020e+00
9.999937e-01 3.933708e-04 -3.514977e-03 1.158396e+01 -3.928079e-04 9.999999e-01 1.604422e-04 -5.035998e-01 3.515125e-03 -1.590629e-04 9.999937e-01 4.701533e+00
9.999230e-01 -3.563522e-04 1.240308e-02 1.224843e+01 3.626271e-04 9.999998e-01 -5.037806e-04 -5.280217e-01 -1.240298e-02 5.082419e-04 9.999230e-01 4.870900e+00
9.999897e-01 3.988518e-04 -4.505277e-03 1.290038e+01 -3.979491e-04 9.999999e-01 2.009462e-04 -5.515507e-01 4.505442e-03 -1.991537e-04 9.999898e-01 4.980923e+00
9.999478e-01 -3.315676e-04 1.021103e-02 1.357962e+01 3.360524e-04 9.999998e-01 -4.376403e-04 -5.760070e-01 -1.021097e-02 4.410514e-04 9.999478e-01 5.091306e+00
9.999800e-01 4.102083e-04 -6.301573e-03 1.417729e+01 -4.085128e-04 9.999999e-01 2.701049e-04 -5.987447e-01 6.301769e-03 -2.675277e-04 9.999800e-01 5.289662e+00
9.999889e-01 -2.693071e-04 4.710648e-03 1.475506e+01 2.706546e-04 9.999999e-01 -2.857234e-04 -6.200803e-01 -4.710657e-03 2.869977e-04 9.999889e-01 5.396559e+00
9.999998e-01 3.317903e-04 -3.885832e-04 1.537680e+01 -3.317501e-04 9.999999e-01 9.966610e-05 -6.426359e-01 3.887025e-04 -9.953966e-05 9.999998e-01 5.486388e+00
9.999692e-01 -2.831763e-04 7.850843e-03 1.597539e+01 2.859681e-04 9.999999e-01 -3.546661e-04 -6.644717e-01 -7.850829e-03 3.569027e-04 9.999692e-01 5.599789e+00
9.999935e-01 3.352138e-04 -3.569516e-03 1.644834e+01 -3.345307e-04 9.999999e-01 1.915478e-04 -6.838713e-01 3.569667e-03 -1.903550e-04 9.999935e-01 5.836884e+00
9.999713e-01 -3.339464e-04 7.571110e-03 1.669348e+01 3.364424e-04 9.999999e-01 -3.285979e-04 -6.977574e-01 -7.571086e-03 3.311382e-04 9.999714e-01 6.146868e+00
9.999998e-01 3.825858e-04 -4.802949e-04 1.725280e+01 -3.825480e-04 9.999999e-01 7.558696e-05 -7.191772e-01 4.804112e-04 -7.540572e-05 9.999998e-01 6.343868e+00
9.999755e-01 -3.200127e-04 6.992973e-03 1.783962e+01 3.221812e-04 9.999999e-01 -3.091994e-04 -7.414974e-01 -6.992961e-03 3.114474e-04 9.999756e-01 6.543535e+00
9.999932e-01 2.747613e-04 3.671548e-03 1.829280e+01 -2.747352e-04 1.000000e+00 -7.201979e-06 -7.591001e-01 -3.671462e-03 6.190676e-06 9.999932e-01 6.692118e+00
9.999470e-01 -3.670707e-04 1.028776e-02 1.864458e+01 3.712121e-04 9.999999e-01 -4.008009e-04 -7.752064e-01 -1.028770e-02 4.046012e-04 9.999471e-01 6.942453e+00
9.999996e-01 2.902740e-04 7.828729e-04 1.903743e+01 -2.903410e-04 1.000000e+00 8.752437e-05 -7.915042e-01 -7.827581e-04 -8.775422e-05 9.999996e-01 7.128381e+00
9.999796e-01 -3.289824e-04 6.383930e-03 1.925381e+01 3.307787e-04 9.999999e-01 -2.805801e-04 -8.026290e-01 -6.383927e-03 2.826887e-04 9.999797e-01 7.318501e+00
9.999988e-01 3.299530e-04 -1.478187e-03 1.937846e+01 -3.297356e-04 9.999999e-01 1.462277e-04 -8.153269e-01 1.478325e-03 -1.457427e-04 9.999988e-01 7.751685e+00
9.999678e-01 -3.388839e-04 8.017386e-03 1.959391e+01 3.416698e-04 9.999999e-01 -3.463148e-04 -8.297422e-01 -8.017358e-03 3.490456e-04 9.999679e-01 8.149902e+00
9.999969e-01 3.593163e-04 -2.441188e-03 2.000607e+01 -3.589017e-04 9.999999e-01 1.695973e-04 -8.459440e-01 2.441339e-03 -1.687233e-04 9.999969e-01 8.293429e+00
9.999933e-01 -3.212182e-04 3.658366e-03 2.037998e+01 3.220364e-04 9.999999e-01 -2.235061e-04 -8.615528e-01 -3.658384e-03 2.246854e-04 9.999934e-01 8.466350e+00
9.999999e-01 3.595740e-04 2.207950e-06 2.083476e+01 -3.595725e-04 9.999999e-01 9.293734e-05 -8.782495e-01 -2.083902e-06 -9.294075e-05 9.999999e-01 8.493772e+00
9.999800e-01 -3.219287e-04 6.327147e-03 2.127161e+01 3.236826e-04 9.999999e-01 -2.764473e-04 -8.955527e-01 -6.327148e-03 2.784924e-04 9.999800e-01 8.645102e+00
9.999936e-01 3.002234e-04 3.567378e-03 2.157368e+01 -3.001087e-04 1.000000e+00 -3.219995e-05 -9.133855e-01 -3.567297e-03 3.112649e-05 9.999936e-01 9.086715e+00
9.999994e-01 -2.527342e-04 -1.072568e-03 2.160220e+01 2.527180e-04 1.000000e+00 -1.364222e-05 -9.264342e-01 1.072480e-03 1.337382e-05 9.999995e-01 9.643502e+00
9.999943e-01 3.073729e-04 3.367205e-03 2.163829e+01 -3.070964e-04 9.999999e-01 -8.212129e-05 -9.410230e-01 -3.367138e-03 8.108412e-05 9.999943e-01 1.026782e+01
9.999984e-01 -2.865468e-04 1.761466e-03 2.188895e+01 2.866999e-04 1.000000e+00 -8.762378e-05 -9.561133e-01 -1.761532e-03 8.813133e-05 9.999985e-01 1.064291e+01
9.999958e-01 2.844694e-04 2.884541e-03 2.206987e+01 -2.843130e-04 1.000000e+00 -5.399887e-05 -9.689361e-01 -2.884464e-03 5.317586e-05 9.999958e-01 1.100827e+01
9.999985e-01 -2.640972e-04 1.737744e-03 2.227527e+01 2.642469e-04 1.000000e+00 -8.695429e-05 -9.832093e-01 -1.737813e-03 8.741604e-05 9.999986e-01 1.141336e+01
9.999818e-01 2.892781e-04 6.026493e-03 2.250873e+01 -2.884927e-04 9.999999e-01 -1.309066e-04 -1.000356e+00 -6.026438e-03 1.291629e-04 9.999818e-01 1.192919e+01
9.999995e-01 -2.843364e-04 -9.640199e-04 2.272284e+01 2.843194e-04 1.000000e+00 -1.587032e-05 -1.013964e+00 9.639319e-04 1.559892e-05 9.999996e-01 1.228887e+01
9.999950e-01 2.965287e-04 3.125951e-03 2.288749e+01 -2.963583e-04 1.000000e+00 -5.436855e-05 -1.025194e+00 -3.125875e-03 5.343920e-05 9.999950e-01 1.258322e+01
9.999988e-01 -2.372691e-04 -1.567438e-03 2.332023e+01 2.372241e-04 1.000000e+00 -2.773344e-05 -1.042984e+00 1.567352e-03 2.736427e-05 9.999988e-01 1.279116e+01
9.999812e-01 2.576311e-04 6.126371e-03 2.369267e+01 -2.569148e-04 1.000000e+00 -1.174146e-04 -1.058152e+00 -6.126308e-03 1.158357e-04 9.999812e-01 1.295630e+01
9.999989e-01 -2.733467e-04 1.507385e-03 2.409911e+01 2.735001e-04 1.000000e+00 -1.027759e-04 -1.073647e+00 -1.507450e-03 1.031907e-04 9.999989e-01 1.305008e+01
9.999856e-01 2.802751e-04 5.352363e-03 2.450175e+01 -2.797339e-04 1.000000e+00 -1.015127e-04 -1.090216e+00 -5.352298e-03 1.000113e-04 9.999856e-01 1.324939e+01
9.999566e-01 -3.521308e-04 9.308365e-03 2.492085e+01 3.552583e-04 9.999999e-01 -3.345414e-04 -1.108142e+00 -9.308340e-03 3.378365e-04 9.999567e-01 1.349872e+01
9.999922e-01 3.050156e-04 3.931118e-03 2.536800e+01 -3.047137e-04 1.000000e+00 -7.689191e-05 -1.128060e+00 -3.931047e-03 7.569071e-05 9.999922e-01 1.382294e+01
9.999632e-01 -3.267309e-04 8.571701e-03 2.584038e+01 3.293471e-04 9.999999e-01 -3.040259e-04 -1.147903e+00 -8.571696e-03 3.068406e-04 9.999633e-01 1.409627e+01
9.999984e-01 3.218575e-04 1.718268e-03 2.630842e+01 -3.218323e-04 9.999999e-01 -1.380578e-05 -1.167004e+00 -1.718178e-03 1.325001e-05 9.999985e-01 1.432973e+01
9.999643e-01 -3.080624e-04 8.453909e-03 2.683449e+01 3.105326e-04 9.999999e-01 -2.911268e-04 -1.187001e+00 -8.453914e-03 2.937444e-04 9.999643e-01 1.449602e+01
9.999888e-01 3.620567e-04 -4.708084e-03 2.721691e+01 -3.612443e-04 9.999999e-01 1.729690e-04 -1.203502e+00 4.708242e-03 -1.712691e-04 9.999888e-01 1.472374e+01
9.999164e-01 -3.194438e-04 1.293072e-02 2.776486e+01 3.252401e-04 9.999998e-01 -4.463151e-04 -1.224528e+00 -1.293068e-02 4.504862e-04 9.999164e-01 1.491724e+01
9.999830e-01 4.032068e-04 -5.816506e-03 2.841341e+01 -4.020509e-04 9.999999e-01 1.995299e-04 -1.248781e+00 5.816682e-03 -1.971907e-04 9.999830e-01 1.511043e+01
9.999090e-01 -3.322064e-04 1.348589e-02 2.895539e+01 3.381385e-04 9.999998e-01 -4.377500e-04 -1.270840e+00 -1.348583e-02 4.422730e-04 9.999090e-01 1.539285e+01
9.999941e-01 3.704052e-04 -3.410345e-03 2.952797e+01 -3.700052e-04 9.999999e-01 1.173025e-04 -1.293027e+00 3.410485e-03 -1.160427e-04 9.999941e-01 1.561213e+01
9.999522e-01 -2.842472e-04 9.773882e-03 3.016221e+01 2.875936e-04 9.999999e-01 -3.412012e-04 -1.316900e+00 -9.773880e-03 3.439987e-04 9.999522e-01 1.579887e+01
9.999976e-01 3.384479e-04 -2.163894e-03 3.072809e+01 -3.382178e-04 9.999999e-01 1.056706e-04 -1.337905e+00 2.164026e-03 -1.049413e-04 9.999976e-01 1.594791e+01
9.999443e-01 -3.243569e-04 1.055569e-02 3.113343e+01 3.280808e-04 9.999999e-01 -3.512655e-04 -1.355735e+00 -1.055567e-02 3.547119e-04 9.999443e-01 1.623023e+01
9.999720e-01 3.956116e-04 -7.468709e-03 3.161497e+01 -3.939559e-04 9.999999e-01 2.228528e-04 -1.375262e+00 7.468893e-03 -2.199071e-04 9.999720e-01 1.644851e+01
9.999384e-01 -3.292343e-04 1.109678e-02 3.218169e+01 3.334919e-04 9.999999e-01 -3.820357e-04 -1.396481e+00 -1.109675e-02 3.857157e-04 9.999384e-01 1.657920e+01
9.999664e-01 3.909398e-04 -8.184491e-03 3.264090e+01 -3.887251e-04 9.999999e-01 2.719092e-04 -1.415500e+00 8.184694e-03 -2.687214e-04 9.999664e-01 1.681999e+01
9.999446e-01 -3.518799e-04 1.052290e-02 3.299347e+01 3.557266e-04 9.999999e-01 -3.638930e-04 -1.431657e+00 -1.052287e-02 3.676190e-04 9.999446e-01 1.708072e+01
9.999998e-01 2.856327e-04 4.471768e-04 3.337362e+01 -2.856572e-04 1.000000e+00 5.986128e-05 -1.447130e+00 -4.470621e-04 -5.999183e-05 9.999998e-01 1.722225e+01
9.999539e-01 -3.187755e-04 9.604211e-03 3.373420e+01 3.221446e-04 9.999999e-01 -3.494908e-04 -1.462123e+00 -9.604196e-03 3.525715e-04 9.999539e-01 1.736846e+01
9.999700e-01 3.629556e-04 -7.731333e-03 3.412983e+01 -3.607878e-04 9.999999e-01 2.814729e-04 -1.478288e+00 7.731532e-03 -2.786779e-04 9.999700e-01 1.752370e+01
9.999464e-01 -3.489702e-04 1.035099e-02 3.439896e+01 3.526584e-04 9.999999e-01 -3.547162e-04 -1.490076e+00 -1.035097e-02 3.583504e-04 9.999464e-01 1.764451e+01
9.999759e-01 4.129032e-04 -6.929644e-03 3.495452e+01 -4.115092e-04 9.999999e-01 2.022401e-04 -1.510889e+00 6.929825e-03 -1.993865e-04 9.999759e-01 1.776216e+01
9.999080e-01 -3.769872e-04 1.356218e-02 3.540299e+01 3.821916e-04 9.999999e-01 -3.813256e-04 -1.528399e+00 -1.356213e-02 3.864767e-04 9.999080e-01 1.790626e+01
9.999894e-01 3.246105e-04 -4.577909e-03 3.562175e+01 -3.239758e-04 9.999999e-01 1.388579e-04 -1.542033e+00 4.578052e-03 -1.373762e-04 9.999895e-01 1.824822e+01
9.999141e-01 -3.469087e-04 1.310409e-02 3.589245e+01 3.519718e-04 9.999999e-01 -3.842489e-04 -1.557306e+00 -1.310406e-02 3.888310e-04 9.999141e-01 1.860094e+01
9.999763e-01 3.192349e-04 -6.872636e-03 3.616326e+01 -3.177320e-04 9.999999e-01 2.194103e-04 -1.568064e+00 6.872804e-03 -2.172243e-04 9.999763e-01 1.865926e+01
9.998924e-01 -3.429107e-04 1.466894e-02 3.651391e+01 3.492280e-04 9.999998e-01 -4.282592e-04 -1.581562e+00 -1.466889e-02 4.333388e-04 9.998924e-01 1.873041e+01
9.999575e-01 3.003464e-04 -9.209160e-03 3.657388e+01 -2.976770e-04 9.999999e-01 2.909550e-04 -1.590713e+00 9.209345e-03 -2.882042e-04 9.999575e-01 1.907001e+01
9.999205e-01 -2.815968e-04 1.260587e-02 3.689942e+01 2.866135e-04 9.999999e-01 -3.963522e-04 -1.603633e+00 -1.260586e-02 3.999366e-04 9.999205e-01 1.914606e+01
9.999728e-01 3.260809e-04 -7.363866e-03 3.735379e+01 -3.244001e-04 9.999999e-01 2.291000e-04 -1.620916e+00 7.364039e-03 -2.267078e-04 9.999728e-01 1.925245e+01
9.998727e-01 -3.969145e-04 1.595336e-02 3.757739e+01 4.041830e-04 9.999998e-01 -4.525419e-04 -1.632501e+00 -1.595328e-02 4.589353e-04 9.998727e-01 1.946370e+01
9.999657e-01 3.778120e-04 -8.272948e-03 3.786484e+01 -3.758024e-04 9.999999e-01 2.441594e-04 -1.646274e+00 8.273138e-03 -2.410449e-04 9.999657e-01 1.970302e+01
9.998194e-01 -4.412340e-04 1.900292e-02 3.823440e+01 4.517984e-04 9.999997e-01 -5.517811e-04 -1.661293e+00 -1.900277e-02 5.602698e-04 9.998193e-01 1.984819e+01
9.999206e-01 4.875506e-04 -1.258449e-02 3.872404e+01 -4.831495e-04 9.999998e-01 3.525547e-04 -1.679925e+00 1.258476e-02 -3.464494e-04 9.999207e-01 1.998727e+01
9.997970e-01 -4.919867e-04 2.014433e-02 3.911248e+01 5.030960e-04 9.999997e-01 -5.465485e-04 -1.694698e+00 -2.014415e-02 5.565750e-04 9.997970e-01 2.007090e+01
9.999189e-01 4.794517e-04 -1.272489e-02 3.942615e+01 -4.750040e-04 9.999998e-01 3.523338e-04 -1.708472e+00 1.272516e-02 -3.462637e-04 9.999189e-01 2.026062e+01
9.998804e-01 -4.276541e-04 1.546514e-02 3.963872e+01 4.341984e-04 9.999998e-01 -4.199786e-04 -1.722887e+00 -1.546506e-02 4.266462e-04 9.998804e-01 2.065713e+01
9.999320e-01 4.214334e-04 -1.165105e-02 3.981889e+01 -4.177530e-04 9.999999e-01 3.180860e-04 -1.733913e+00 1.165128e-02 -3.132000e-04 9.999320e-01 2.090930e+01
9.998521e-01 -4.164517e-04 1.719333e-02 4.015463e+01 4.246039e-04 9.999998e-01 -4.706546e-04 -1.748440e+00 -1.719323e-02 4.778883e-04 9.998521e-01 2.109268e+01
9.999240e-01 4.663630e-04 -1.231345e-02 4.056394e+01 -4.623745e-04 9.999998e-01 3.265446e-04 -1.765411e+00 1.231370e-02 -3.208293e-04 9.999241e-01 2.130082e+01
9.995058e-01 -6.814482e-04 3.142904e-02 4.075601e+01 7.089740e-04 9.999994e-01 -8.647584e-04 -1.778942e+00 -3.142853e-02 8.866164e-04 9.995057e-01 2.167445e+01
9.997939e-01 6.676466e-04 -2.028747e-02 4.094132e+01 -6.563101e-04 9.999996e-01 5.653090e-04 -1.792931e+00 2.028794e-02 -5.518805e-04 9.997940e-01 2.208620e+01
9.997063e-01 -6.088477e-04 2.422706e-02 4.119936e+01 6.256317e-04 9.999996e-01 -6.853175e-04 -1.808727e+00 -2.422673e-02 7.002764e-04 9.997063e-01 2.249117e+01
9.997973e-01 6.846080e-04 -2.011707e-02 4.163025e+01 -6.736311e-04 9.999996e-01 5.522806e-04 -1.827624e+00 2.011754e-02 -5.386201e-04 9.997974e-01 2.278075e+01
9.996271e-01 -6.731952e-04 2.729901e-02 4.183828e+01 6.934453e-04 9.999995e-01 -7.324285e-04 -1.841864e+00 -2.729860e-02 7.510887e-04 9.996271e-01 2.318380e+01
9.997870e-01 6.905937e-04 -2.062558e-02 4.226505e+01 -6.799449e-04 9.999996e-01 5.231569e-04 -1.858655e+00 2.062603e-02 -5.090241e-04 9.997871e-01 2.334089e+01
9.995154e-01 -6.838185e-04 3.112256e-02 4.285407e+01 7.099345e-04 9.999994e-01 -8.281820e-04 -1.880095e+00 -3.112207e-02 8.498786e-04 9.995153e-01 2.345605e+01
9.997803e-01 6.925873e-04 -2.094752e-02 4.322128e+01 -6.812292e-04 9.999996e-01 5.492079e-04 -1.896530e+00 2.094799e-02 -5.348200e-04 9.997804e-01 2.372814e+01
9.996412e-01 -6.852562e-04 2.677898e-02 4.340404e+01 7.045435e-04 9.999995e-01 -7.109180e-04 -1.909680e+00 -2.677857e-02 7.295328e-04 9.996412e-01 2.410875e+01
9.998097e-01 6.883609e-04 -1.949387e-02 4.369540e+01 -6.784031e-04 9.999996e-01 5.172728e-04 -1.924649e+00 1.949431e-02 -5.039526e-04 9.998098e-01 2.441697e+01
9.994180e-01 -8.800197e-04 3.410112e-02 4.376773e+01 9.111755e-04 9.999992e-01 -8.981875e-04 -1.933371e+00 -3.410040e-02 9.287399e-04 9.994180e-01 2.470678e+01
9.999378e-01 6.924721e-04 -1.112718e-02 4.401128e+01 -6.901042e-04 9.999997e-01 2.163653e-04 -1.943976e+00 1.112742e-02 -2.086758e-04 9.999380e-01 2.478075e+01
9.997260e-01 -7.776155e-04 2.339863e-02 4.424750e+01 7.904667e-04 9.999995e-01 -5.401134e-04 -1.957784e+00 -2.339829e-02 5.584642e-04 9.997261e-01 2.510955e+01
9.999299e-01 7.164433e-04 -1.181488e-02 4.443727e+01 -7.138261e-04 9.999997e-01 2.254600e-04 -1.970377e+00 1.181514e-02 -2.170133e-04 9.999301e-01 2.543145e+01
9.997508e-01 -7.579451e-04 2.231327e-02 4.492896e+01 7.696072e-04 9.999996e-01 -5.142104e-04 -1.987888e+00 -2.231297e-02 5.312577e-04 9.997509e-01 2.546528e+01
9.999107e-01 7.470029e-04 -1.333819e-02 4.542170e+01 -7.437158e-04 9.999997e-01 2.511540e-04 -2.004990e+00 1.333847e-02 -2.412146e-04 9.999110e-01 2.544732e+01
9.997944e-01 -6.918737e-04 2.026818e-02 4.603546e+01 7.013291e-04 9.999996e-01 -4.595639e-04 -2.026159e+00 -2.026795e-02 4.736870e-04 9.997945e-01 2.544640e+01
9.998900e-01 7.362589e-04 -1.480687e-02 4.652458e+01 -7.321302e-04 9.999997e-01 2.840367e-04 -2.044195e+00 1.480718e-02 -2.731678e-04 9.998903e-01 2.552871e+01
9.997172e-01 -7.329014e-04 2.376955e-02 4.702702e+01 7.460088e-04 9.999996e-01 -5.427080e-04 -2.062227e+00 -2.376924e-02 5.602898e-04 9.997174e-01 2.557562e+01
9.998807e-01 7.037593e-04 -1.542450e-02 4.731121e+01 -6.986385e-04 9.999997e-01 3.371637e-04 -2.075179e+00 1.542483e-02 -3.263502e-04 9.998809e-01 2.577227e+01
9.998528e-01 -7.282699e-04 1.714267e-02 4.719640e+01 7.348716e-04 9.999997e-01 -3.789982e-04 -2.075581e+00 -1.714249e-02 3.915431e-04 9.998530e-01 2.588516e+01
9.998434e-01 7.553372e-04 -1.767734e-02 4.754597e+01 -7.489009e-04 9.999997e-01 3.705265e-04 -2.089929e+00 1.767771e-02 -3.572328e-04 9.998436e-01 2.599558e+01
9.998459e-01 -7.341180e-04 1.754159e-02 4.792613e+01 7.413961e-04 9.999996e-01 -4.085929e-04 -2.104169e+00 -1.754138e-02 4.215382e-04 9.998461e-01 2.600110e+01
9.998438e-01 7.593993e-04 -1.765410e-02 4.821130e+01 -7.524264e-04 9.999996e-01 4.014213e-04 -2.112927e+00 1.765450e-02 -3.880780e-04 9.998440e-01 2.579789e+01
9.998661e-01 -7.552258e-04 1.634729e-02 4.826253e+01 7.615432e-04 9.999996e-01 -3.804283e-04 -2.113572e+00 -1.634710e-02 3.928296e-04 9.998663e-01 2.556978e+01
9.998498e-01 7.568845e-04 -1.731158e-02 4.840516e+01 -7.503356e-04 9.999996e-01 3.845984e-04 -2.118087e+00 1.731196e-02 -3.715540e-04 9.998500e-01 2.541451e+01
9.998554e-01 -7.671480e-04 1.699377e-02 4.835618e+01 7.737492e-04 9.999996e-01 -3.820694e-04 -2.115763e+00 -1.699357e-02 3.951660e-04 9.998556e-01 2.520627e+01
9.998295e-01 7.710387e-04 -1.844742e-02 4.840685e+01 -7.637252e-04 9.999996e-01 4.033138e-04 -2.116978e+00 1.844783e-02 -3.891592e-04 9.998297e-01 2.503076e+01
9.998600e-01 -7.348676e-04 1.671690e-02 4.872050e+01 7.419877e-04 9.999996e-01 -4.199161e-04 -2.127381e+00 -1.671668e-02 4.322640e-04 9.998602e-01 2.490727e+01
9.998558e-01 7.074634e-04 -1.696184e-02 4.869271e+01 -7.004409e-04 9.999997e-01 4.197577e-04 -2.127684e+00 1.696223e-02 -4.078193e-04 9.998560e-01 2.486224e+01
9.998821e-01 -6.848619e-04 1.534179e-02 4.908463e+01 6.915471e-04 9.999997e-01 -4.306653e-04 -2.142621e+00 -1.534159e-02 4.412271e-04 9.998823e-01 2.490853e+01
9.998243e-01 7.744687e-04 -1.872742e-02 4.951034e+01 -7.657775e-04 9.999996e-01 4.710772e-04 -2.158590e+00 1.872788e-02 -4.566563e-04 9.998245e-01 2.495821e+01
9.998667e-01 -6.993344e-04 1.631719e-02 4.984616e+01 7.062339e-04 9.999997e-01 -4.172744e-04 -2.172939e+00 -1.631699e-02 4.287455e-04 9.998668e-01 2.512344e+01
9.998992e-01 7.773245e-04 -1.417371e-02 5.034388e+01 -7.729204e-04 9.999997e-01 3.159647e-04 -2.192764e+00 1.417405e-02 -3.049806e-04 9.998995e-01 2.531981e+01
9.998049e-01 -6.407738e-04 1.974473e-02 5.103733e+01 6.509647e-04 9.999997e-01 -5.098742e-04 -2.219925e+00 -1.974450e-02 5.226308e-04 9.998050e-01 2.562089e+01
9.998473e-01 7.682769e-04 -1.745734e-02 5.163718e+01 -7.610878e-04 9.999996e-01 4.182589e-04 -2.244034e+00 1.745775e-02 -4.049113e-04 9.998475e-01 2.590022e+01
9.998136e-01 -6.618156e-04 1.930100e-02 5.230048e+01 6.718920e-04 9.999996e-01 -5.157534e-04 -2.268693e+00 -1.930075e-02 5.286284e-04 9.998136e-01 2.605931e+01
9.998839e-01 7.873687e-04 -1.521581e-02 5.298797e+01 -7.822049e-04 9.999996e-01 3.451029e-04 -2.294611e+00 1.521617e-02 -3.331639e-04 9.998841e-01 2.628214e+01
9.998158e-01 -6.766724e-04 1.918230e-02 5.370479e+01 6.866901e-04 9.999996e-01 -5.158251e-04 -2.320836e+00 -1.918204e-02 5.289054e-04 9.998159e-01 2.643600e+01
9.998920e-01 7.368109e-04 -1.467220e-02 5.429832e+01 -7.318104e-04 9.999997e-01 3.459536e-04 -2.342054e+00 1.467255e-02 -3.351819e-04 9.998923e-01 2.650149e+01
9.998129e-01 -6.490803e-04 1.933291e-02 5.492929e+01 6.591750e-04 9.999996e-01 -5.159523e-04 -2.365652e+00 -1.933267e-02 5.286026e-04 9.998130e-01 2.668091e+01
9.998989e-01 6.720645e-04 -1.419973e-02 5.532776e+01 -6.667307e-04 9.999997e-01 3.801212e-04 -2.380970e+00 1.420008e-02 -3.706182e-04 9.998991e-01 2.678989e+01
9.998405e-01 -6.817663e-04 1.785045e-02 5.555121e+01 6.902636e-04 9.999997e-01 -4.700573e-04 -2.390250e+00 -1.785022e-02 4.823068e-04 9.998406e-01 2.685386e+01
9.999236e-01 6.895901e-04 -1.233690e-02 5.597503e+01 -6.858076e-04 9.999997e-01 3.105518e-04 -2.406731e+00 1.233721e-02 -3.020702e-04 9.999238e-01 2.696790e+01
9.994975e-01 -8.497947e-04 3.168809e-02 5.638930e+01 8.776136e-04 9.999992e-01 -8.641059e-04 -2.422593e+00 -3.168743e-02 8.914845e-04 9.994975e-01 2.705329e+01
9.998764e-01 7.290372e-04 -1.570011e-02 5.676067e+01 -7.227769e-04 9.999997e-01 4.041874e-04 -2.438196e+00 1.570050e-02 -3.927926e-04 9.998766e-01 2.722643e+01
9.996292e-01 -8.000160e-04 2.722157e-02 5.712243e+01 8.196103e-04 9.999994e-01 -7.087844e-04 -2.454090e+00 -2.722108e-02 7.308356e-04 9.996292e-01 2.746323e+01
9.999117e-01 7.334246e-04 -1.326239e-02 5.762185e+01 -7.294473e-04 9.999997e-01 3.044560e-04 -2.472741e+00 1.326271e-02 -2.947578e-04 9.999120e-01 2.755881e+01
9.997031e-01 -7.367559e-04 2.435605e-02 5.822409e+01 7.530133e-04 9.999995e-01 -6.584681e-04 -2.494138e+00 -2.435565e-02 6.766160e-04 9.997032e-01 2.761533e+01
9.998388e-01 7.635163e-04 -1.793556e-02 5.871981e+01 -7.554933e-04 9.999996e-01 4.538870e-04 -2.512711e+00 1.793599e-02 -4.402665e-04 9.998390e-01 2.774756e+01
9.995694e-01 -7.752132e-04 2.933393e-02 5.925321e+01 7.992471e-04 9.999994e-01 -8.077270e-04 -2.533005e+00 -2.933339e-02 8.308272e-04 9.995694e-01 2.789920e+01
9.998986e-01 7.008953e-04 -1.422218e-02 5.993670e+01 -6.959452e-04 9.999997e-01 3.527337e-04 -2.557179e+00 1.422252e-02 -3.428029e-04 9.998988e-01 2.797141e+01
9.992720e-01 -8.043056e-04 3.814492e-02 6.049726e+01 8.462787e-04 9.999991e-01 -1.084322e-03 -2.577948e+00 -3.814411e-02 1.115817e-03 9.992717e-01 2.806072e+01
9.995718e-01 8.860648e-04 -2.924622e-02 6.114535e+01 -8.633583e-04 9.999993e-01 7.888754e-04 -2.602372e+00 2.924699e-02 -7.632904e-04 9.995719e-01 2.827194e+01
9.994094e-01 -8.104689e-04 3.435571e-02 6.170905e+01 8.441027e-04 9.999992e-01 -9.646036e-04 -2.623746e+00 -3.435500e-02 9.930366e-04 9.994092e-01 2.843472e+01
9.994073e-01 9.311519e-04 -3.440919e-02 6.236115e+01 -8.996216e-04 9.999992e-01 9.316881e-04 -2.647213e+00 3.441013e-02 -9.001835e-04 9.994074e-01 2.850658e+01
9.994626e-01 -7.775643e-04 3.277293e-02 6.303533e+01 8.080353e-04 9.999993e-01 -9.166414e-04 -2.671920e+00 -3.277229e-02 9.426334e-04 9.994624e-01 2.863457e+01
9.995033e-01 9.754201e-04 -3.149731e-02 6.400818e+01 -9.504718e-04 9.999992e-01 8.069148e-04 -2.705493e+00 3.149816e-02 -7.765795e-04 9.995035e-01 2.868754e+01
9.993174e-01 -7.780518e-04 3.693565e-02 6.497080e+01 8.158951e-04 9.999992e-01 -1.009615e-03 -2.739630e+00 -3.693493e-02 1.039064e-03 9.993172e-01 2.886305e+01
9.995940e-01 9.040946e-04 -2.847697e-02 6.576317e+01 -8.833259e-04 9.999993e-01 7.417471e-04 -2.768798e+00 2.847772e-02 -7.162942e-04 9.995941e-01 2.909275e+01
9.995113e-01 -7.660802e-04 3.125361e-02 6.642452e+01 7.930555e-04 9.999993e-01 -8.508446e-04 -2.793930e+00 -3.125303e-02 8.752174e-04 9.995112e-01 2.932277e+01
9.994992e-01 8.767045e-04 -3.162865e-02 6.695842e+01 -8.499241e-04 9.999993e-01 8.600211e-04 -2.814843e+00 3.162947e-02 -8.327113e-04 9.994993e-01 2.951297e+01
9.993796e-01 -7.611197e-04 3.521393e-02 6.744378e+01 7.955787e-04 9.999992e-01 -9.646692e-04 -2.836502e+00 -3.521327e-02 9.920890e-04 9.993794e-01 2.987454e+01
9.994306e-01 9.258159e-04 -3.372712e-02 6.815020e+01 -8.961966e-04 9.999992e-01 8.931949e-04 -2.863238e+00 3.372801e-02 -8.624629e-04 9.994306e-01 3.009131e+01
9.994204e-01 -7.496236e-04 3.403441e-02 6.878083e+01 7.800626e-04 9.999993e-01 -8.811998e-04 -2.888654e+00 -3.403382e-02 9.072409e-04 9.994203e-01 3.038918e+01
9.994597e-01 9.095763e-04 -3.285381e-02 6.935704e+01 -8.820431e-04 9.999992e-01 8.524167e-04 -2.912861e+00 3.285466e-02 -8.229804e-04 9.994598e-01 3.071430e+01
9.994535e-01 -7.677508e-04 3.305009e-02 6.990833e+01 7.966682e-04 9.999993e-01 -8.619109e-04 -2.935252e+00 -3.304950e-02 8.877726e-04 9.994534e-01 3.097760e+01
9.995547e-01 8.236469e-04 -2.982602e-02 7.027471e+01 -8.013817e-04 9.999994e-01 7.583165e-04 -2.952199e+00 2.982672e-02 -7.340795e-04 9.995548e-01 3.126842e+01
9.993872e-01 -7.154061e-04 3.499650e-02 7.085795e+01 7.479216e-04 9.999993e-01 -9.161300e-04 -2.974697e+00 -3.499592e-02 9.417461e-04 9.993870e-01 3.148009e+01
9.993916e-01 8.718585e-04 -3.486370e-02 7.129704e+01 -8.389186e-04 9.999992e-01 9.593229e-04 -2.995884e+00 3.486460e-02 -9.294942e-04 9.993916e-01 3.189465e+01
9.994382e-01 -7.429818e-04 3.351059e-02 7.168190e+01 7.729553e-04 9.999993e-01 -8.816154e-04 -3.015065e+00 -3.351001e-02 9.070250e-04 9.994380e-01 3.228160e+01
9.994785e-01 8.699816e-04 -3.227770e-02 7.208069e+01 -8.423522e-04 9.999993e-01 8.694549e-04 -3.034739e+00 3.227853e-02 -8.418150e-04 9.994785e-01 3.267739e+01
9.994602e-01 -7.285200e-04 3.284579e-02 7.235319e+01 7.565090e-04 9.999994e-01 -8.398305e-04 -3.053888e+00 -3.284525e-02 8.642281e-04 9.994601e-01 3.323633e+01
9.994679e-01 8.671026e-04 -3.260547e-02 7.261401e+01 -8.386343e-04 9.999993e-01 8.866584e-04 -3.072333e+00 3.260631e-02 -8.588452e-04 9.994679e-01 3.377198e+01
9.994677e-01 -7.287575e-04 3.261835e-02 7.296342e+01 7.564075e-04 9.999994e-01 -8.354660e-04 -3.091767e+00 -3.261782e-02 8.596968e-04 9.994676e-01 3.423321e+01
9.994425e-01 8.453985e-04 -3.337296e-02 7.310127e+01 -8.149942e-04 9.999992e-01 9.245208e-04 -3.108164e+00 3.337381e-02 -8.968094e-04 9.994425e-01 3.483600e+01
9.994748e-01 -7.494740e-04 3.239791e-02 7.319486e+01 7.761615e-04 9.999994e-01 -8.112886e-04 -3.123291e+00 -3.239737e-02 8.360113e-04 9.994748e-01 3.543602e+01
9.994117e-01 8.509020e-04 -3.428544e-02 7.334509e+01 -8.194733e-04 9.999992e-01 9.306085e-04 -3.138868e+00 3.428630e-02 -9.019677e-04 9.994116e-01 3.598194e+01
9.995447e-01 -7.094297e-04 3.016529e-02 7.350071e+01 7.314124e-04 9.999995e-01 -7.178361e-04 -3.153795e+00 -3.016486e-02 7.395753e-04 9.995447e-01 3.648916e+01
9.994153e-01 8.230447e-04 -3.417975e-02 7.368282e+01 -7.927369e-04 9.999993e-01 9.001476e-04 -3.168562e+00 3.418056e-02 -8.725284e-04 9.994153e-01 3.695733e+01
9.996207e-01 -6.322926e-04 2.753483e-02 7.394274e+01 6.495634e-04 9.999996e-01 -6.184287e-04 -3.184327e+00 -2.753452e-02 6.360826e-04 9.996207e-01 3.736599e+01
9.993127e-01 8.766937e-04 -3.705761e-02 7.415587e+01 -8.407241e-04 9.999992e-01 9.861105e-04 -3.198190e+00 3.705854e-02 -9.542802e-04 9.993126e-01 3.773922e+01
9.997197e-01 -5.004461e-04 2.367390e-02 7.437711e+01 5.114038e-04 9.999998e-01 -4.569608e-04 -3.212256e+00 -2.367377e-02 4.689424e-04 9.997197e-01 3.810881e+01
9.996262e-01 6.128372e-04 -2.732978e-02 7.454965e+01 -5.955708e-04 9.999996e-01 6.397805e-04 -3.227906e+00 2.733026e-02 -6.232672e-04 9.996262e-01 3.863406e+01
9.998413e-01 -3.716001e-04 1.781657e-02 7.471158e+01 3.765005e-04 9.999999e-01 -2.718889e-04 -3.241890e+00 -1.781656e-02 2.785564e-04 9.998413e-01 3.908499e+01
9.996296e-01 6.626128e-04 -2.720597e-02 7.496248e+01 -6.453446e-04 9.999996e-01 6.433647e-04 -3.256987e+00 2.720648e-02 -6.255718e-04 9.996296e-01 3.946771e+01
9.997852e-01 -4.626155e-04 2.072506e-02 7.525007e+01 4.706644e-04 9.999998e-01 -3.836569e-04 -3.273392e+00 -2.072498e-02 3.933317e-04 9.997852e-01 3.986728e+01
9.997254e-01 5.946237e-04 -2.342240e-02 7.557417e+01 -5.827127e-04 9.999997e-01 5.152021e-04 -3.291446e+00 2.342280e-02 -5.014148e-04 9.997255e-01 4.029663e+01
9.997292e-01 -4.994290e-04 2.326616e-02 7.588702e+01 5.110477e-04 9.999997e-01 -4.935823e-04 -3.309230e+00 -2.326600e-02 5.053415e-04 9.997292e-01 4.072959e+01
9.996833e-01 5.907767e-04 -2.515556e-02 7.629090e+01 -5.769415e-04 9.999997e-01 5.571018e-04 -3.327235e+00 2.515598e-02 -5.424148e-04 9.996834e-01 4.100033e+01
9.997096e-01 -5.049986e-04 2.409407e-02 7.667744e+01 5.174342e-04 9.999997e-01 -5.100386e-04 -3.345044e+00 -2.409390e-02 5.223603e-04 9.997096e-01 4.129381e+01
9.997333e-01 6.264206e-04 -2.308331e-02 7.722809e+01 -6.158970e-04 9.999997e-01 4.628563e-04 -3.367574e+00 2.308369e-02 -4.485186e-04 9.997334e-01 4.156895e+01
9.997094e-01 -4.933980e-04 2.410500e-02 7.795658e+01 5.063714e-04 9.999997e-01 -5.322425e-04 -3.394373e+00 -2.410483e-02 5.442966e-04 9.997093e-01 4.173172e+01
9.997803e-01 6.445000e-04 -2.094800e-02 7.877223e+01 -6.366259e-04 9.999997e-01 3.823917e-04 -3.423886e+00 2.094834e-02 -3.689743e-04 9.997805e-01 4.191243e+01
9.996537e-01 -5.113899e-04 2.631162e-02 7.943070e+01 5.261528e-04 9.999997e-01 -5.542874e-04 -3.449466e+00 -2.631143e-02 5.679421e-04 9.996537e-01 4.219325e+01
9.997410e-01 6.397949e-04 -2.274477e-02 7.999637e+01 -6.298221e-04 9.999997e-01 4.454754e-04 -3.472377e+00 2.274515e-02 -4.310374e-04 9.997412e-01 4.247730e+01
9.996303e-01 -5.282444e-04 2.718636e-02 8.040101e+01 5.434376e-04 9.999997e-01 -5.515942e-04 -3.491926e+00 -2.718615e-02 5.661671e-04 9.996303e-01 4.287419e+01
9.996973e-01 6.638602e-04 -2.459073e-02 8.088952e+01 -6.520361e-04 9.999997e-01 4.887065e-04 -3.513653e+00 2.459114e-02 -4.725271e-04 9.996974e-01 4.323257e+01
9.996535e-01 -5.431608e-04 2.631943e-02 8.132948e+01 5.568128e-04 9.999997e-01 -5.115052e-04 -3.533790e+00 -2.631924e-02 5.259856e-04 9.996535e-01 4.358068e+01
9.997012e-01 6.250699e-04 -2.443140e-02 8.155683e+01 -6.136030e-04 9.999997e-01 4.767041e-04 -3.549275e+00 2.443179e-02 -4.615731e-04 9.997014e-01 4.402334e+01
9.996997e-01 -5.145200e-04 2.450289e-02 8.196074e+01 5.262722e-04 9.999997e-01 -4.733188e-04 -3.569337e+00 -2.450274e-02 4.860745e-04 9.996997e-01 4.443287e+01
9.996718e-01 6.549609e-04 -2.560653e-02 8.251107e+01 -6.418117e-04 9.999997e-01 5.215905e-04 -3.592593e+00 2.560696e-02 -5.049873e-04 9.996719e-01 4.475945e+01
9.996023e-01 -5.348000e-04 2.819558e-02 8.293342e+01 5.518199e-04 9.999997e-01 -5.959808e-04 -3.612731e+00 -2.819534e-02 6.113053e-04 9.996023e-01 4.514681e+01
9.997646e-01 6.379383e-04 -2.168529e-02 8.346590e+01 -6.296676e-04 9.999997e-01 3.880592e-04 -3.635382e+00 2.168563e-02 -3.743159e-04 9.997647e-01 4.548867e+01
9.997064e-01 -5.897632e-04 2.422407e-02 8.372961e+01 6.007932e-04 9.999997e-01 -4.481961e-04 -3.650420e+00 -2.422390e-02 4.626209e-04 9.997065e-01 4.585859e+01
9.997591e-01 6.284737e-04 -2.193691e-02 8.391080e+01 -6.205492e-04 9.999997e-01 3.678890e-04 -3.663780e+00 2.193723e-02 -3.541900e-04 9.997593e-01 4.624861e+01
9.996156e-01 -5.523418e-04 2.772277e-02 8.428116e+01 5.671430e-04 9.999997e-01 -5.261654e-04 -3.682334e+00 -2.772257e-02 5.416885e-04 9.996155e-01 4.664304e+01
9.996855e-01 6.436790e-04 -2.506555e-02 8.458179e+01 -6.324014e-04 9.999997e-01 4.577096e-04 -3.699618e+00 2.506593e-02 -4.417167e-04 9.996857e-01 4.707014e+01
9.996668e-01 -5.627865e-04 2.580888e-02 8.489238e+01 5.746829e-04 9.999997e-01 -4.536584e-04 -3.716143e+00 -2.580872e-02 4.683417e-04 9.996668e-01 4.743506e+01
9.996800e-01 6.224386e-04 -2.528713e-02 8.513053e+01 -6.110347e-04 9.999997e-01 4.585595e-04 -3.729913e+00 2.528750e-02 -4.429640e-04 9.996801e-01 4.776541e+01
9.996689e-01 -5.758345e-04 2.572817e-02 8.544000e+01 5.878978e-04 9.999997e-01 -4.614455e-04 -3.743999e+00 -2.572799e-02 4.764208e-04 9.996689e-01 4.797519e+01
9.996903e-01 6.284189e-04 -2.487373e-02 8.578806e+01 -6.174600e-04 9.999997e-01 4.481195e-04 -3.759293e+00 2.487410e-02 -4.326247e-04 9.996905e-01 4.819217e+01
9.996754e-01 -5.485093e-04 2.547284e-02 8.595110e+01 5.593934e-04 9.999998e-01 -4.202929e-04 -3.774158e+00 -2.547270e-02 4.344084e-04 9.996755e-01 4.868281e+01
9.996598e-01 6.228301e-04 -2.607078e-02 8.623907e+01 -6.107557e-04 9.999997e-01 4.709649e-04 -3.789790e+00 2.607117e-02 -4.548844e-04 9.996600e-01 4.903146e+01
9.996451e-01 -5.771025e-04 2.663402e-02 8.658276e+01 5.900319e-04 9.999997e-01 -4.777172e-04 -3.804519e+00 -2.663384e-02 4.932652e-04 9.996452e-01 4.920616e+01
9.996818e-01 6.323745e-04 -2.521566e-02 8.702052e+01 -6.216941e-04 9.999997e-01 4.312630e-04 -3.821763e+00 2.521602e-02 -4.154518e-04 9.996819e-01 4.933234e+01
9.996387e-01 -5.347724e-04 2.687714e-02 8.754411e+01 5.479482e-04 9.999997e-01 -4.829849e-04 -3.842350e+00 -2.687697e-02 4.975402e-04 9.996387e-01 4.951903e+01
9.996644e-01 6.789751e-04 -2.589361e-02 8.813429e+01 -6.676597e-04 9.999997e-01 4.455038e-04 -3.866615e+00 2.589400e-02 -4.280686e-04 9.996646e-01 4.982262e+01
9.996922e-01 -5.217445e-04 2.480445e-02 8.872428e+01 5.317509e-04 9.999998e-01 -3.969557e-04 -3.891692e+00 -2.480433e-02 4.100259e-04 9.996923e-01 5.017208e+01
9.996275e-01 6.874358e-04 -2.728031e-02 8.929793e+01 -6.741203e-04 9.999996e-01 4.971692e-04 -3.916549e+00 2.728074e-02 -4.785963e-04 9.996277e-01 5.054937e+01
9.996640e-01 -5.436900e-04 2.591598e-02 8.985858e+01 5.553253e-04 9.999997e-01 -4.418972e-04 -3.940121e+00 -2.591583e-02 4.561431e-04 9.996641e-01 5.086082e+01
9.995885e-01 6.400147e-04 -2.867630e-02 9.048472e+01 -6.280851e-04 9.999997e-01 4.248952e-04 -3.960548e+00 2.867666e-02 -4.067116e-04 9.995886e-01 5.071822e+01
9.996495e-01 -5.454125e-04 2.646938e-02 9.102597e+01 5.577439e-04 9.999997e-01 -4.586186e-04 -3.975803e+00 -2.646922e-02 4.732235e-04 9.996496e-01 5.036761e+01
9.995303e-01 6.732658e-04 -3.063632e-02 9.156426e+01 -6.573913e-04 9.999996e-01 5.281178e-04 -3.995036e+00 3.063676e-02 -5.077322e-04 9.995304e-01 5.039031e+01
9.996379e-01 -5.357632e-04 2.690597e-02 9.219047e+01 5.486088e-04 9.999997e-01 -4.701680e-04 -4.016873e+00 -2.690580e-02 4.847611e-04 9.996379e-01 5.039156e+01
9.995468e-01 6.188978e-04 -3.009576e-02 9.272702e+01 -6.049746e-04 9.999997e-01 4.716224e-04 -4.034863e+00 3.009614e-02 -4.532039e-04 9.995469e-01 5.030215e+01
9.997228e-01 -4.323456e-04 2.354221e-02 9.328552e+01 4.409114e-04 9.999998e-01 -3.587983e-04 -4.052652e+00 -2.354215e-02 3.690815e-04 9.997228e-01 5.013739e+01
9.996294e-01 6.135405e-04 -2.721500e-02 9.405750e+01 -6.034881e-04 9.999997e-01 3.774553e-04 -4.078242e+00 2.721532e-02 -3.608939e-04 9.996295e-01 5.004600e+01
9.997024e-01 -4.502592e-04 2.439292e-02 9.482730e+01 4.592438e-04 9.999998e-01 -3.628621e-04 -4.104456e+00 -2.439285e-02 3.739590e-04 9.997024e-01 5.002029e+01
9.996042e-01 5.383930e-04 -2.812556e-02 9.542044e+01 -5.286054e-04 9.999998e-01 3.553132e-04 -4.123118e+00 2.812584e-02 -3.403077e-04 9.996043e-01 4.983315e+01
9.997858e-01 -3.531053e-04 2.069679e-02 9.599823e+01 3.582133e-04 9.999999e-01 -2.432486e-04 -4.140292e+00 -2.069680e-02 2.506129e-04 9.997858e-01 4.956405e+01
9.996598e-01 5.223816e-04 -2.607304e-02 9.666560e+01 -5.147855e-04 9.999998e-01 2.979262e-04 -4.160476e+00 2.607329e-02 -2.844053e-04 9.996600e-01 4.929729e+01
9.997802e-01 -3.598401e-04 2.096554e-02 9.730159e+01 3.639733e-04 9.999999e-01 -1.934765e-04 -4.182790e+00 -2.096557e-02 2.010674e-04 9.997802e-01 4.932937e+01
9.996404e-01 5.435934e-04 -2.680831e-02 9.787159e+01 -5.350296e-04 9.999998e-01 3.264964e-04 -4.202033e+00 2.680858e-02 -3.120382e-04 9.996405e-01 4.926683e+01
9.997444e-01 -4.090990e-04 2.260546e-02 9.840896e+01 4.157483e-04 9.999999e-01 -2.895863e-04 -4.216215e+00 -2.260544e-02 2.989131e-04 9.997445e-01 4.883458e+01
9.996826e-01 5.116850e-04 -2.518522e-02 9.893026e+01 -5.047815e-04 9.999998e-01 2.803384e-04 -4.230008e+00 2.518545e-02 -2.675388e-04 9.996827e-01 4.841177e+01
9.997876e-01 -3.828408e-04 2.060914e-02 9.947935e+01 3.880146e-04 9.999999e-01 -2.471963e-04 -4.244647e+00 -2.060914e-02 2.551430e-04 9.997876e-01 4.798899e+01
9.997101e-01 4.711275e-04 -2.407059e-02 9.998803e+01 -4.648729e-04 9.999999e-01 2.653025e-04 -4.258636e+00 2.407081e-02 -2.540383e-04 9.997102e-01 4.762175e+01
9.997787e-01 -4.202762e-04 2.103740e-02 1.004805e+02 4.262126e-04 9.999999e-01 -2.778459e-04 -4.273877e+00 -2.103737e-02 2.867534e-04 9.997787e-01 4.740808e+01
9.996924e-01 4.884215e-04 -2.479257e-02 1.010210e+02 -4.818604e-04 9.999998e-01 2.704853e-04 -4.290449e+00 2.479280e-02 -2.584580e-04 9.996925e-01 4.718264e+01
9.997656e-01 -4.059032e-04 2.164976e-02 1.016241e+02 4.123931e-04 9.999999e-01 -2.954491e-04 -4.307608e+00 -2.164973e-02 3.043106e-04 9.997656e-01 4.681566e+01
9.997051e-01 4.785431e-04 -2.427623e-02 1.022320e+02 -4.728855e-04 9.999999e-01 2.386619e-04 -4.325880e+00 2.427644e-02 -2.271141e-04 9.997052e-01 4.653036e+01
9.997434e-01 -4.366670e-04 2.265060e-02 1.026681e+02 4.431558e-04 9.999999e-01 -2.815887e-04 -4.339385e+00 -2.265058e-02 2.915567e-04 9.997434e-01 4.631434e+01
9.996922e-01 4.968619e-04 -2.480090e-02 1.030637e+02 -4.901898e-04 9.999998e-01 2.749766e-04 -4.350509e+00 2.480113e-02 -2.627373e-04 9.996923e-01 4.600871e+01
