9.999831e-01 1.518842e-05 5.812281e-03 4.125833e-01 -1.420047e-05 1.000000e+00 -1.700195e-04 -1.659022e-02 -5.812284e-03 1.699336e-04 9.999832e-01 1.639940e-01
1.000000e+00 2.340879e-05 -1.349535e-04 9.228950e-01 -2.341302e-05 1.000000e+00 -3.140414e-05 -3.616476e-02 1.349540e-04 3.140774e-05 9.999999e-01 3.205251e-01
9.999727e-01 -6.712744e-05 7.384885e-03 1.367581e+00 6.861229e-05 1.000000e+00 -2.008142e-04 -5.349132e-02 -7.384873e-03 2.013150e-04 9.999728e-01 4.570485e-01
9.999948e-01 -2.083459e-06 3.214067e-03 1.838175e+00 2.600566e-06 1.000000e+00 -1.608806e-04 -7.180523e-02 -3.214063e-03 1.608885e-04 9.999947e-01 6.263028e-01
9.999082e-01 -1.944589e-04 1.355162e-02 2.220846e+00 1.989358e-04 9.999999e-01 -3.290172e-04 -8.681828e-02 -1.355156e-02 3.316826e-04 9.999082e-01 7.219233e-01
9.999434e-01 2.005326e-04 -1.063599e-02 2.356495e+00 -1.981985e-04 1.000000e+00 2.205087e-04 -8.992701e-02 1.063604e-02 -2.183879e-04 9.999433e-01 4.901203e-01
9.998819e-01 -2.019393e-04 1.536626e-02 2.612218e+00 2.070900e-04 9.999999e-01 -3.336009e-04 -9.608775e-02 -1.536620e-02 3.367434e-04 9.998820e-01 1.721894e-01
9.999178e-01 2.422097e-04 -1.282206e-02 3.074087e+00 -2.390721e-04 9.999999e-01 2.462369e-04 -1.106812e-01 1.282213e-02 -2.431510e-04 9.999177e-01 -1.279367e-02
9.999386e-01 -2.367068e-04 1.107805e-02 3.398876e+00 2.393413e-04 9.999999e-01 -2.364891e-04 -1.239094e-01 -1.107800e-02 2.391258e-04 9.999387e-01 7.904158e-02
9.998966e-01 2.992378e-04 -1.437419e-02 3.725700e+00 -2.951251e-04 9.999999e-01 2.882351e-04 -1.375130e-01 1.437428e-02 -2.839628e-04 9.998965e-01 2.016633e-01
9.999178e-01 -2.628042e-04 1.281924e-02 4.025458e+00 2.668601e-04 9.999999e-01 -3.146797e-04 -1.482589e-01 -1.281916e-02 3.180745e-04 9.999179e-01 1.631235e-01
9.997410e-01 4.949620e-04 -2.275314e-02 4.079804e+00 -4.812153e-04 9.999997e-01 6.096353e-04 -1.504643e-01 2.275344e-02 -5.985279e-04 9.997408e-01 6.864285e-02
9.998200e-01 -3.847666e-04 1.897132e-02 4.037528e+00 3.947502e-04 9.999998e-01 -5.225030e-04 -1.479110e-01 -1.897112e-02 5.298975e-04 9.998200e-01 -1.572640e-01
9.994525e-01 7.234092e-04 -3.307805e-02 3.971685e+00 -6.904803e-04 9.999993e-01 1.006902e-03 -1.482589e-01 3.307875e-02 -9.835106e-04 9.994522e-01 -1.273647e-01
9.996572e-01 -6.327865e-04 2.617337e-02 3.951547e+00 6.539880e-04 9.999995e-01 -8.014888e-04 -1.531667e-01 -2.617285e-02 8.183307e-04 9.996572e-01 9.103470e-02
9.997898e-01 5.462919e-04 -2.049504e-02 4.114613e+00 -5.334321e-04 9.999997e-01 6.329220e-04 -1.612949e-01 2.049538e-02 -6.218558e-04 9.997897e-01 1.969054e-01
9.999992e-01 -6.848742e-05 1.257415e-03 4.236636e+00 6.839332e-05 1.000000e+00 7.486042e-05 -1.674006e-01 -1.257421e-03 -7.477482e-05 9.999993e-01 2.130263e-01
9.999980e-01 1.158420e-04 1.975683e-03 4.379420e+00 -1.154940e-04 1.000000e+00 -1.762270e-04 -1.736242e-01 -1.975703e-03 1.759989e-04 9.999979e-01 2.019911e-01
9.999790e-01 -2.047584e-04 6.482244e-03 4.447797e+00 2.052984e-04 1.000000e+00 -8.263756e-05 -1.770404e-01 -6.482229e-03 8.396620e-05 9.999791e-01 1.542017e-01
9.998423e-01 -7.277289e-05 1.776075e-02 4.678121e+00 8.445944e-05 9.999998e-01 -6.572489e-04 -1.864105e-01 -1.776069e-02 6.586456e-04 9.998419e-01 1.423240e-01
9.999877e-01 -1.905473e-04 4.964548e-03 5.022295e+00 1.906782e-04 1.000000e+00 -2.589729e-05 -2.006664e-01 -4.964549e-03 2.684332e-05 9.999878e-01 2.603982e-01
9.999373e-01 3.067419e-05 1.119773e-02 5.350371e+00 -2.556583e-05 9.999999e-01 -4.563380e-04 -2.132759e-01 -1.119774e-02 4.560233e-04 9.999371e-01 2.963815e-01
9.999539e-01 -2.905410e-05 -9.602288e-03 5.565252e+00 3.259864e-05 9.999999e-01 3.689795e-04 -2.236204e-01 9.602269e-03 -3.692758e-04 9.999539e-01 4.476957e-01
9.999992e-01 3.169264e-04 -1.249215e-03 5.641156e+00 -3.169943e-04 9.999999e-01 -5.413801e-05 -2.261849e-01 1.249205e-03 5.453421e-05 9.999991e-01 3.274372e-01
9.999590e-01 -3.630571e-04 9.048163e-03 5.669798e+00 3.641059e-04 9.999999e-01 -1.142656e-04 -2.268669e-01 -9.048129e-03 1.175552e-04 9.999592e-01 1.454228e-01
9.999917e-01 3.280750e-04 -4.064398e-03 5.892694e+00 -3.284717e-04 9.999999e-01 -9.693943e-05 -2.352482e-01 4.064374e-03 9.827388e-05 9.999916e-01 1.272584e-01
9.998922e-01 -4.176587e-04 1.467612e-02 6.035795e+00 4.208315e-04 9.999999e-01 -2.131025e-04 -2.383775e-01 -1.467604e-02 2.192555e-04 9.998924e-01 -1.283796e-01
9.998286e-01 5.157863e-04 -1.850932e-02 6.182984e+00 -5.097212e-04 9.999998e-01 3.323947e-04 -2.429700e-01 1.850950e-02 -3.229029e-04 9.998285e-01 -2.690180e-01
9.998484e-01 -4.310046e-04 1.740653e-02 6.491707e+00 4.364604e-04 9.999999e-01 -3.096362e-04 -2.581865e-01 -1.740641e-02 3.171863e-04 9.998485e-01 9.115309e-03
9.998763e-01 4.307315e-04 -1.572239e-02 6.722861e+00 -4.265405e-04 9.999999e-01 2.699120e-04 -2.724543e-01 1.572252e-02 -2.631721e-04 9.998763e-01 3.779327e-01
9.994097e-01 -5.844726e-04 3.435068e-02 7.029105e+00 6.127515e-04 9.999995e-01 -8.127206e-04 -2.869110e-01 -3.435020e-02 8.332891e-04 9.994096e-01 6.024813e-01
9.995428e-01 5.682793e-04 -3.023018e-02 7.295149e+00 -5.476409e-04 9.999996e-01 6.909825e-04 -2.990971e-01 3.023058e-02 -6.741111e-04 9.995426e-01 7.789984e-01
9.996993e-01 -4.526955e-04 2.451820e-02 7.547859e+00 4.657184e-04 9.999998e-01 -5.254471e-04 -3.111922e-01 -2.451796e-02 5.367075e-04 9.996993e-01 9.535742e-01
9.995934e-01 5.250652e-04 -2.851000e-02 7.832296e+00 -5.070249e-04 9.999997e-01 6.399930e-04 -3.239203e-01 2.851034e-02 -6.252773e-04 9.995932e-01 1.112474e+00
9.996802e-01 -5.004333e-04 2.528263e-02 8.070973e+00 5.147073e-04 9.999997e-01 -5.580732e-04 -3.352012e-01 -2.528235e-02 5.709077e-04 9.996803e-01 1.270756e+00
9.994516e-01 6.598270e-04 -3.310754e-02 8.180332e+00 -6.316984e-04 9.999994e-01 8.600658e-04 -3.460988e-01 3.310810e-02 -8.386799e-04 9.994513e-01 1.631477e+00
9.994563e-01 -6.062549e-04 3.296508e-02 8.537887e+00 6.349487e-04 9.999994e-01 -8.599689e-04 -3.611449e-01 -3.296455e-02 8.804324e-04 9.994562e-01 1.772718e+00
9.994016e-01 6.626325e-04 -3.458344e-02 8.989177e+00 -6.341146e-04 9.999994e-01 8.355725e-04 -3.768137e-01 3.458398e-02 -8.131425e-04 9.994014e-01 1.713938e+00
9.994513e-01 -5.938270e-04 3.311708e-02 9.469117e+00 6.228423e-04 9.999994e-01 -8.658334e-04 -3.933963e-01 -3.311656e-02 8.859848e-04 9.994512e-01 1.652837e+00
9.992460e-01 7.607490e-04 -3.881754e-02 9.849923e+00 -7.220967e-04 9.999992e-01 1.009751e-03 -4.078849e-01 3.881829e-02 -9.809599e-04 9.992457e-01 1.695852e+00
9.996098e-01 -4.158054e-04 2.793079e-02 1.023679e+01 4.337004e-04 9.999997e-01 -6.346356e-04 -4.232774e-01 -2.793052e-02 6.465013e-04 9.996098e-01 1.805811e+00
9.994778e-01 5.631981e-04 -3.230709e-02 1.076573e+01 -5.402060e-04 9.999996e-01 7.203993e-04 -4.425893e-01 3.230748e-02 -7.025704e-04 9.994776e-01 1.859515e+00
9.995310e-01 -4.115054e-04 3.061958e-02 1.147206e+01 4.350490e-04 9.999996e-01 -7.622486e-04 -4.664948e-01 -3.061926e-02 7.752119e-04 9.995309e-01 1.785811e+00
9.993539e-01 5.761541e-04 -3.593707e-02 1.194010e+01 -5.442652e-04 9.999994e-01 8.971290e-04 -4.845548e-01 3.593757e-02 -8.769899e-04 9.993536e-01 1.900269e+00
9.994304e-01 -4.232749e-04 3.374361e-02 1.240789e+01 4.518043e-04 9.999995e-01 -8.378552e-04 -5.028003e-01 -3.374325e-02 8.526232e-04 9.994303e-01 2.024891e+00
9.994606e-01 5.102371e-04 -3.283639e-02 1.298009e+01 -4.857820e-04 9.999996e-01 7.527304e-04 -5.224591e-01 3.283677e-02 -7.363728e-04 9.994604e-01 1.961551e+00
9.994406e-01 -4.117685e-04 3.344230e-02 1.352565e+01 4.395756e-04 9.999996e-01 -8.241456e-04 -5.415033e-01 -3.344195e-02 8.383847e-04 9.994404e-01 1.935239e+00
9.994279e-01 4.625092e-04 -3.381658e-02 1.389441e+01 -4.366440e-04 9.999996e-01 7.722453e-04 -5.553997e-01 3.381693e-02 -7.570375e-04 9.994277e-01 1.972911e+00
9.994210e-01 -4.240439e-04 3.402247e-02 1.415634e+01 4.506287e-04 9.999996e-01 -7.737249e-04 -5.663511e-01 -3.402214e-02 7.886082e-04 9.994209e-01 2.038692e+00
9.996258e-01 4.044367e-04 -2.735176e-02 1.429109e+01 -3.888969e-04 9.999998e-01 5.734649e-04 -5.783550e-01 2.735199e-02 -5.626131e-04 9.996256e-01 2.414592e+00
9.997772e-01 -2.466750e-04 2.110468e-02 1.454222e+01 2.548717e-04 9.999999e-01 -3.856962e-04 -5.918177e-01 -2.110459e-02 3.909890e-04 9.997773e-01 2.691728e+00
9.990526e-01 8.433668e-04 -4.351151e-02 1.472168e+01 -7.886502e-04 9.999989e-01 1.274671e-03 -6.029847e-01 4.351254e-02 -1.239148e-03 9.990520e-01 2.945084e+00
9.997003e-01 -3.220689e-04 2.448068e-02 1.503246e+01 3.348061e-04 9.999998e-01 -5.161988e-04 -6.180531e-01 -2.448051e-02 5.242400e-04 9.997003e-01 3.201433e+00
9.989306e-01 9.819480e-04 -4.622382e-02 1.543356e+01 -9.193466e-04 9.999986e-01 1.375552e-03 -6.344911e-01 4.622511e-02 -1.331584e-03 9.989301e-01 3.361890e+00
9.999362e-01 -1.636540e-05 1.129530e-02 1.568391e+01 1.528445e-05 1.000000e+00 9.578267e-05 -6.464612e-01 -1.129530e-02 -9.560452e-05 9.999363e-01 3.499544e+00
9.985486e-01 1.142202e-03 -5.384610e-02 1.580512e+01 -1.055167e-03 9.999981e-01 1.644775e-03 -6.546583e-01 5.384786e-02 -1.585570e-03 9.985478e-01 3.629869e+00
9.999858e-01 1.008405e-04 5.331323e-03 1.588688e+01 -1.028453e-04 9.999999e-01 3.757478e-04 -6.616428e-01 -5.331271e-03 -3.762917e-04 9.999858e-01 3.748763e+00
9.984985e-01 1.178974e-03 -5.476679e-02 1.597218e+01 -1.089531e-03 9.999980e-01 1.662976e-03 -6.687177e-01 5.476862e-02 -1.600807e-03 9.984977e-01 3.864733e+00
9.999276e-01 -4.233843e-05 1.203553e-02 1.614793e+01 4.057400e-05 1.000000e+00 1.468313e-04 -6.794454e-01 -1.203551e-02 -1.463336e-04 9.999277e-01 4.060642e+00
9.987852e-01 1.109910e-03 -4.926410e-02 1.636788e+01 -1.039531e-03 9.999984e-01 1.454209e-03 -6.918535e-01 4.926561e-02 -1.401230e-03 9.987846e-01 4.296616e+00
9.998562e-01 -2.281339e-04 1.695680e-02 1.659058e+01 2.295575e-04 1.000000e+00 -8.202741e-05 -7.036424e-01 -1.695675e-02 8.590661e-05 9.998563e-01 4.486055e+00
9.985473e-01 1.238494e-03 -5.386856e-02 1.671117e+01 -1.150135e-03 9.999979e-01 1.671223e-03 -7.135307e-01 5.387049e-02 -1.606837e-03 9.985465e-01 4.736814e+00
9.995970e-01 -4.635561e-04 2.838490e-02 1.695012e+01 4.793080e-04 9.999997e-01 -5.481508e-04 -7.265169e-01 -2.838461e-02 5.615332e-04 9.995970e-01 4.986820e+00
9.987644e-01 1.074394e-03 -4.968513e-02 1.723132e+01 -1.004467e-03 9.999985e-01 1.432351e-03 -7.411854e-01 4.968655e-02 -1.380672e-03 9.987638e-01 5.269067e+00
9.998113e-01 -2.166077e-04 1.942392e-02 1.739191e+01 2.184991e-04 1.000000e+00 -9.527354e-05 -7.538201e-01 -1.942385e-02 9.949771e-05 9.998114e-01 5.627269e+00
9.989925e-01 8.921108e-04 -4.486943e-02 1.761951e+01 -8.408758e-04 9.999990e-01 1.160722e-03 -7.672753e-01 4.487038e-02 -1.121821e-03 9.989921e-01 5.928301e+00
9.999989e-01 2.804474e-04 -1.484241e-03 1.769230e+01 -2.792502e-04 9.999996e-01 8.071024e-04 -7.757419e-01 1.484513e-03 -8.066892e-04 9.999987e-01 6.162185e+00
9.988578e-01 1.013442e-03 -4.777151e-02 1.775689e+01 -9.543188e-04 9.999988e-01 1.260404e-03 -7.831040e-01 4.777267e-02 -1.213373e-03 9.988574e-01 6.334688e+00
9.999977e-01 1.630723e-04 2.158020e-03 1.787159e+01 -1.645048e-04 9.999998e-01 6.633097e-04 -7.917545e-01 -2.157857e-03 -6.636656e-04 9.999975e-01 6.499152e+00
9.990473e-01 9.433020e-04 -4.363062e-02 1.798996e+01 -8.977365e-04 9.999990e-01 1.063912e-03 -8.000567e-01 4.363152e-02 -1.023727e-03 9.990471e-01 6.641086e+00
9.999518e-01 -1.632679e-05 9.824336e-03 1.813480e+01 1.247865e-05 9.999999e-01 3.916632e-04 -8.091591e-01 -9.824282e-03 -3.915243e-04 9.999518e-01 6.800117e+00
9.993069e-01 7.417485e-04 -3.721732e-02 1.819942e+01 -7.185375e-04 9.999995e-01 6.370091e-04 -8.152567e-01 3.721771e-02 -6.098229e-04 9.993069e-01 6.926149e+00
9.999724e-01 7.560736e-05 7.426896e-03 1.831759e+01 -8.043277e-05 9.999998e-01 6.492854e-04 -8.233075e-01 -7.426781e-03 -6.498677e-04 9.999723e-01 7.061268e+00
9.997715e-01 -3.527775e-04 2.137066e-02 1.872593e+01 3.869822e-04 9.999987e-01 -1.596378e-03 -8.397032e-01 -2.137014e-02 1.604286e-03 9.997703e-01 7.171785e+00
9.997813e-01 -1.005572e-04 2.091462e-02 1.905523e+01 9.482945e-05 1.000000e+00 2.748104e-04 -8.530421e-01 -2.091459e-02 -2.727696e-04 9.997813e-01 7.225496e+00
9.996130e-01 -4.535159e-04 2.781426e-02 1.918621e+01 5.030645e-04 9.999983e-01 -1.774407e-03 -8.601526e-01 -2.781346e-02 1.787715e-03 9.996114e-01 7.242737e+00
9.999255e-01 5.932561e-05 1.220911e-02 1.944010e+01 -6.568533e-05 9.999999e-01 5.204412e-04 -8.701067e-01 -1.220903e-02 -5.212068e-04 9.999254e-01 7.209647e+00
9.994974e-01 -5.324284e-04 3.169687e-02 1.957756e+01 5.916566e-04 9.999981e-01 -1.859211e-03 -8.761255e-01 -3.169587e-02 1.877033e-03 9.994957e-01 7.141233e+00
9.999645e-01 1.399907e-04 8.430129e-03 1.968838e+01 -1.452572e-04 9.999998e-01 6.240424e-04 -8.806810e-01 -8.429995e-03 -6.252470e-04 9.999644e-01 7.020207e+00
9.996628e-01 -5.151251e-04 2.596306e-02 1.993216e+01 5.594575e-04 9.999984e-01 -1.700260e-03 -8.897608e-01 -2.596218e-02 1.714214e-03 9.996614e-01 6.946613e+00
9.999593e-01 1.729448e-04 9.023658e-03 2.027175e+01 -1.783256e-04 9.999998e-01 5.954517e-04 -9.023619e-01 -9.023514e-03 -5.970386e-04 9.999592e-01 6.903022e+00
9.996657e-01 -5.405896e-04 2.584905e-02 2.053964e+01 5.842318e-04 9.999984e-01 -1.680811e-03 -9.126335e-01 -2.584814e-02 1.695353e-03 9.996643e-01 6.865012e+00
9.999893e-01 2.437215e-04 4.611755e-03 2.080581e+01 -2.470656e-04 9.999997e-01 7.245038e-04 -9.227433e-01 -4.611545e-03 -7.256374e-04 9.999892e-01 6.827185e+00
9.995284e-01 -6.061760e-04 3.070329e-02 2.106437e+01 6.624933e-04 9.999981e-01 -1.824095e-03 -9.321355e-01 -3.070215e-02 1.843578e-03 9.995268e-01 6.734665e+00
9.999907e-01 2.522288e-04 4.309121e-03 2.134005e+01 -2.553518e-04 9.999997e-01 7.241621e-04 -9.423863e-01 -4.308912e-03 -7.252574e-04 9.999906e-01 6.674946e+00
9.994522e-01 -6.339018e-04 3.308902e-02 2.159012e+01 6.966514e-04 9.999980e-01 -1.884888e-03 -9.521115e-01 -3.308778e-02 1.906908e-03 9.994505e-01 6.634352e+00
9.999584e-01 4.600925e-04 -9.115156e-03 2.186233e+01 -4.497197e-04 9.999992e-01 1.140009e-03 -9.625963e-01 9.115694e-03 -1.135864e-03 9.999579e-01 6.628335e+00
9.996971e-01 -6.076771e-04 2.460449e-02 2.206667e+01 6.477663e-04 9.999985e-01 -1.621401e-03 -9.709022e-01 -2.460349e-02 1.636849e-03 9.996958e-01 6.639832e+00
9.991535e-01 1.052487e-03 -4.112490e-02 2.211760e+01 -9.613307e-04 9.999970e-01 2.236299e-03 -9.749900e-01 4.112716e-02 -2.194873e-03 9.991516e-01 6.677500e+00
9.998828e-01 -3.393073e-04 1.530635e-02 2.221851e+01 3.580671e-04 9.999992e-01 -1.222881e-03 -9.814669e-01 -1.530594e-02 1.228220e-03 9.998820e-01 6.765724e+00
9.990529e-01 1.089096e-03 -4.349772e-02 2.230231e+01 -9.885427e-04 9.999968e-01 2.333139e-03 -9.873306e-01 4.350015e-02 -2.287931e-03 9.990509e-01 6.837268e+00
9.999326e-01 -2.071319e-04 1.160470e-02 2.235451e+01 2.194066e-04 9.999994e-01 -1.056450e-03 -9.913948e-01 -1.160451e-02 1.058926e-03 9.999320e-01 6.843951e+00
9.992258e-01 9.624551e-04 -3.933024e-02 2.238126e+01 -8.788485e-04 9.999973e-01 2.142999e-03 -9.938424e-01 3.933223e-02 -2.106777e-03 9.992241e-01 6.798880e+00
9.998922e-01 -2.791448e-04 1.467714e-02 2.242922e+01 2.968842e-04 9.999992e-01 -1.206451e-03 -9.961478e-01 -1.467682e-02 1.210681e-03 9.998915e-01 6.697827e+00
9.994146e-01 8.060795e-04 -3.420318e-02 2.248558e+01 -7.410767e-04 9.999979e-01 1.913133e-03 -9.976037e-01 3.420469e-02 -1.886668e-03 9.994132e-01 6.521398e+00
9.997201e-01 -4.789913e-04 2.365183e-02 2.238483e+01 5.170563e-04 9.999986e-01 -1.603283e-03 -9.929114e-01 -2.365107e-02 1.615065e-03 9.997189e-01 6.273252e+00
9.996155e-01 6.063274e-04 -2.772041e-02 2.226145e+01 -5.602684e-04 9.999984e-01 1.669304e-03 -9.861900e-01 2.772142e-02 -1.653134e-03 9.996144e-01 5.915952e+00
9.996854e-01 -5.115566e-04 2.507540e-02 2.228789e+01 5.525466e-04 9.999985e-01 -1.627751e-03 -9.862799e-01 -2.507457e-02 1.641096e-03 9.996841e-01 5.720017e+00
9.997516e-01 5.337145e-04 -2.227925e-02 2.233705e+01 -4.988815e-04 9.999986e-01 1.569015e-03 -9.863767e-01 2.228009e-02 -1.557512e-03 9.997507e-01 5.469235e+00
9.997211e-01 -5.192880e-04 2.361138e-02 2.227386e+01 5.569853e-04 9.999986e-01 -1.590003e-03 -9.828175e-01 -2.361055e-02 1.602713e-03 9.997199e-01 5.215094e+00
9.997096e-01 5.286077e-04 -2.409069e-02 2.224440e+01 -4.903761e-04 9.999986e-01 1.592882e-03 -9.821117e-01 2.409154e-02 -1.580608e-03 9.997086e-01 5.095420e+00
9.996812e-01 -4.880226e-04 2.524547e-02 2.237823e+01 5.290905e-04 9.999985e-01 -1.620071e-03 -9.860978e-01 -2.524468e-02 1.632913e-03 9.996799e-01 4.941494e+00
9.996957e-01 5.473223e-04 -2.466369e-02 2.255075e+01 -5.082067e-04 9.999986e-01 1.592213e-03 -9.909744e-01 2.466456e-02 -1.579196e-03 9.996946e-01 4.753748e+00
9.996929e-01 -4.816071e-04 2.477592e-02 2.292662e+01 5.224148e-04 9.999985e-01 -1.640607e-03 -1.003546e+00 -2.477513e-02 1.653049e-03 9.996916e-01 4.652982e+00
9.996866e-01 5.372826e-04 -2.502934e-02 2.326539e+01 -4.971775e-04 9.999986e-01 1.608530e-03 -1.015614e+00 2.503020e-02 -1.595584e-03 9.996855e-01 4.609715e+00
9.995380e-01 -5.265543e-04 3.038947e-02 2.360402e+01 5.801340e-04 9.999983e-01 -1.754294e-03 -1.026540e+00 -3.038853e-02 1.771116e-03 9.995365e-01 4.484562e+00
9.995353e-01 5.947827e-04 -3.047705e-02 2.388656e+01 -5.418193e-04 9.999983e-01 1.746055e-03 -1.037624e+00 3.047807e-02 -1.728733e-03 9.995340e-01 4.519730e+00
9.991934e-01 -6.032286e-04 4.015208e-02 2.424845e+01 6.848286e-04 9.999977e-01 -2.018539e-03 -1.051702e+00 -4.015081e-02 2.044410e-03 9.991914e-01 4.591589e+00
9.994571e-01 6.131995e-04 -3.294212e-02 2.454056e+01 -5.531045e-04 9.999982e-01 1.833350e-03 -1.064216e+00 3.294322e-02 -1.814136e-03 9.994557e-01 4.722321e+00
9.992261e-01 -6.032706e-04 3.933022e-02 2.472494e+01 6.829723e-04 9.999977e-01 -2.013058e-03 -1.071165e+00 -3.932895e-02 2.038363e-03 9.992241e-01 4.689250e+00
9.992724e-01 6.765234e-04 -3.813348e-02 2.480730e+01 -6.010526e-04 9.999978e-01 1.990561e-03 -1.073035e+00 3.813477e-02 -1.966194e-03 9.992708e-01 4.493314e+00
9.992201e-01 -6.163653e-04 3.948114e-02 2.494064e+01 6.966647e-04 9.999977e-01 -2.020131e-03 -1.077745e+00 -3.947984e-02 2.046062e-03 9.992182e-01 4.408648e+00
9.993802e-01 6.447156e-04 -3.519661e-02 2.507969e+01 -5.771849e-04 9.999980e-01 1.928806e-03 -1.082688e+00 3.519781e-02 -1.907298e-03 9.993786e-01 4.323897e+00
9.992111e-01 -5.994736e-04 3.970825e-02 2.533006e+01 6.806599e-04 9.999977e-01 -2.031070e-03 -1.093366e+00 -3.970698e-02 2.056497e-03 9.992092e-01 4.427443e+00
9.993129e-01 6.309524e-04 -3.705718e-02 2.530805e+01 -5.575454e-04 9.999979e-01 1.991220e-03 -1.095804e+00 3.705839e-02 -1.969193e-03 9.993113e-01 4.503315e+00
9.993227e-01 -5.765072e-04 3.679274e-02 2.529600e+01 6.497132e-04 9.999978e-01 -1.977747e-03 -1.099465e+00 -3.679156e-02 2.000314e-03 9.993209e-01 4.637385e+00
9.993525e-01 6.174544e-04 -3.597395e-02 2.529098e+01 -5.471179e-04 9.999979e-01 1.965025e-03 -1.101729e+00 3.597512e-02 -1.944073e-03 9.993509e-01 4.673077e+00
9.989678e-01 -6.516866e-04 4.541835e-02 2.542271e+01 7.522925e-04 9.999973e-01 -2.198027e-03 -1.107192e+00 -4.541682e-02 2.229929e-03 9.989655e-01 4.639664e+00
9.994957e-01 5.980479e-04 -3.175043e-02 2.565971e+01 -5.405652e-04 9.999982e-01 1.819013e-03 -1.115270e+00 3.175149e-02 -1.800934e-03 9.994943e-01 4.538273e+00
9.989570e-01 -6.673983e-04 4.565569e-02 2.593041e+01 7.681970e-04 9.999973e-01 -2.190284e-03 -1.126064e+00 -4.565413e-02 2.223074e-03 9.989547e-01 4.572763e+00
9.994667e-01 6.439160e-04 -3.264743e-02 2.627674e+01 -5.849715e-04 9.999982e-01 1.815013e-03 -1.139250e+00 3.264857e-02 -1.794949e-03 9.994654e-01 4.616004e+00
9.989802e-01 -6.680072e-04 4.514604e-02 2.649389e+01 7.666511e-04 9.999974e-01 -2.167708e-03 -1.146952e+00 -4.514450e-02 2.200111e-03 9.989779e-01 4.548823e+00
9.989610e-01 7.531068e-04 -4.556770e-02 2.644868e+01 -6.541950e-04 9.999974e-01 2.185533e-03 -1.145742e+00 4.556925e-02 -2.153454e-03 9.989590e-01 4.440667e+00
9.989375e-01 -6.563254e-04 4.608067e-02 2.663009e+01 7.587410e-04 9.999973e-01 -2.205065e-03 -1.152343e+00 -4.607912e-02 2.237687e-03 9.989352e-01 4.380554e+00
9.990293e-01 7.662236e-04 -4.404483e-02 2.688266e+01 -6.715523e-04 9.999974e-01 2.164191e-03 -1.166499e+00 4.404640e-02 -2.132513e-03 9.990273e-01 4.702804e+00
9.985989e-01 -7.567990e-04 5.291144e-02 2.710564e+01 8.841200e-04 9.999968e-01 -2.382933e-03 -1.179634e+00 -5.290949e-02 2.426376e-03 9.985963e-01 5.008609e+00
9.990202e-01 8.203639e-04 -4.424977e-02 2.736637e+01 -7.258151e-04 9.999974e-01 2.152736e-03 -1.194393e+00 4.425145e-02 -2.118511e-03 9.990183e-01 5.347726e+00
9.979429e-01 -8.980883e-04 6.410233e-02 2.768538e+01 1.073769e-03 9.999958e-01 -2.706221e-03 -1.208509e+00 -6.409965e-02 2.769487e-03 9.979396e-01 5.523158e+00
9.986813e-01 9.419124e-04 -5.132977e-02 2.799328e+01 -8.206849e-04 9.999968e-01 2.382767e-03 -1.222948e+00 5.133187e-02 -2.337501e-03 9.986790e-01 5.747056e+00
9.977941e-01 -9.165403e-04 6.637809e-02 2.824510e+01 1.102453e-03 9.999956e-01 -2.764232e-03 -1.236947e+00 -6.637528e-02 2.831314e-03 9.977906e-01 6.037610e+00
9.985711e-01 9.830912e-04 -5.343093e-02 2.861931e+01 -8.545084e-04 9.999967e-01 2.429318e-03 -1.253970e+00 5.343316e-02 -2.380191e-03 9.985687e-01 6.308009e+00
9.973349e-01 -1.005631e-03 7.295257e-02 2.910316e+01 1.224742e-03 9.999949e-01 -2.958789e-03 -1.272728e+00 -7.294924e-02 3.040253e-03 9.973309e-01 6.451360e+00
9.986424e-01 1.018103e-03 -5.208013e-02 2.944888e+01 -8.956328e-04 9.999968e-01 2.374864e-03 -1.288679e+00 5.208239e-02 -2.324997e-03 9.986402e-01 6.691920e+00
9.970088e-01 -1.128034e-03 7.727927e-02 2.974308e+01 1.370978e-03 9.999943e-01 -3.090730e-03 -1.304310e+00 -7.727535e-02 3.187434e-03 9.970046e-01 7.001309e+00
9.988401e-01 1.032466e-03 -4.813900e-02 2.996570e+01 -9.260097e-04 9.999971e-01 2.233676e-03 -1.317424e+00 4.814117e-02 -2.186510e-03 9.988382e-01 7.263623e+00
9.974284e-01 -1.129173e-03 7.166152e-02 3.024110e+01 1.339869e-03 9.999949e-01 -2.892149e-03 -1.331515e+00 -7.165790e-02 2.980729e-03 9.974247e-01 7.504010e+00
9.991629e-01 9.485310e-04 -4.089695e-02 3.051413e+01 -8.683121e-04 9.999977e-01 1.979207e-03 -1.344467e+00 4.089874e-02 -1.942040e-03 9.991615e-01 7.659180e+00
9.975081e-01 -1.124792e-03 7.054333e-02 3.084093e+01 1.328486e-03 9.999951e-01 -2.840646e-03 -1.358439e+00 -7.053979e-02 2.927284e-03 9.975046e-01 7.781658e+00
9.989616e-01 1.040120e-03 -4.554774e-02 3.117575e+01 -9.443776e-04 9.999973e-01 2.123494e-03 -1.373265e+00 4.554982e-02 -2.078275e-03 9.989600e-01 7.954085e+00
9.981380e-01 -1.027749e-03 6.098778e-02 3.143941e+01 1.183300e-03 9.999961e-01 -2.514465e-03 -1.388869e+00 -6.098496e-02 2.581951e-03 9.981352e-01 8.323169e+00
9.990175e-01 9.944424e-04 -4.430731e-02 3.180603e+01 -9.036003e-04 9.999974e-01 2.070253e-03 -1.405249e+00 4.430925e-02 -2.028184e-03 9.990159e-01 8.562388e+00
9.979280e-01 -1.067236e-03 6.433101e-02 3.211218e+01 1.238236e-03 9.999958e-01 -2.618322e-03 -1.420058e+00 -6.432793e-02 2.692555e-03 9.979251e-01 8.800926e+00
9.992914e-01 9.088683e-04 -3.762678e-02 3.240868e+01 -8.409571e-04 9.999980e-01 1.820650e-03 -1.435167e+00 3.762835e-02 -1.787719e-03 9.992903e-01 9.066878e+00
9.977747e-01 -1.093724e-03 6.666720e-02 3.263545e+01 1.275145e-03 9.999956e-01 -2.678798e-03 -1.448614e+00 -6.666396e-02 2.757847e-03 9.977716e-01 9.346116e+00
9.992796e-01 9.281706e-04 -3.793957e-02 3.293647e+01 -8.601274e-04 9.999980e-01 1.809743e-03 -1.463142e+00 3.794116e-02 -1.775807e-03 9.992785e-01 9.560439e+00
9.983757e-01 -9.767426e-04 5.696528e-02 3.316140e+01 1.112129e-03 9.999966e-01 -2.344991e-03 -1.478257e+00 -5.696278e-02 2.404535e-03 9.983733e-01 9.958471e+00
9.992333e-01 9.412720e-04 -3.913914e-02 3.327492e+01 -8.695061e-04 9.999979e-01 1.850590e-03 -1.493139e+00 3.914078e-02 -1.815140e-03 9.992322e-01 1.048728e+01
9.989208e-01 -8.749119e-04 4.643739e-02 3.335316e+01 9.699029e-04 9.999975e-01 -2.023078e-03 -1.509044e+00 -4.643548e-02 2.065935e-03 9.989191e-01 1.112619e+01
9.995326e-01 8.649860e-04 -3.055952e-02 3.359921e+01 -8.177052e-04 9.999984e-01 1.559634e-03 -1.527239e+00 3.056080e-02 -1.533916e-03 9.995318e-01 1.165811e+01
9.987694e-01 -9.214970e-04 4.958637e-02 3.392120e+01 1.027555e-03 9.999972e-01 -2.113400e-03 -1.545375e+00 -4.958426e-02 2.161752e-03 9.987675e-01 1.207350e+01
9.994729e-01 8.543921e-04 -3.245396e-02 3.420458e+01 -8.021327e-04 9.999984e-01 1.623249e-03 -1.561325e+00 3.245527e-02 -1.596361e-03 9.994720e-01 1.243508e+01
9.984544e-01 -1.010594e-03 5.556866e-02 3.444378e+01 1.140277e-03 9.999967e-01 -2.302072e-03 -1.575977e+00 -5.556612e-02 2.361878e-03 9.984521e-01 1.278089e+01
9.990036e-01 1.083391e-03 -4.461745e-02 3.453238e+01 -9.934776e-04 9.999974e-01 2.037341e-03 -1.590467e+00 4.461952e-02 -1.990984e-03 9.990022e-01 1.333542e+01
9.977895e-01 -1.210976e-03 6.644223e-02 3.465435e+01 1.389332e-03 9.999956e-01 -2.638228e-03 -1.602171e+00 -6.643871e-02 2.724707e-03 9.977867e-01 1.369148e+01
9.988863e-01 1.158644e-03 -4.716858e-02 3.487289e+01 -1.059778e-03 9.999972e-01 2.120972e-03 -1.610448e+00 4.717087e-02 -2.068621e-03 9.988848e-01 1.366868e+01
9.978461e-01 -1.248244e-03 6.558688e-02 3.491372e+01 1.421501e-03 9.999956e-01 -2.595039e-03 -1.613958e+00 -6.558332e-02 2.682681e-03 9.978434e-01 1.368915e+01
9.986750e-01 1.277533e-03 -5.144565e-02 3.493921e+01 -1.163155e-03 9.999968e-01 2.253146e-03 -1.619593e+00 5.144833e-02 -2.190321e-03 9.986734e-01 1.387155e+01
9.983265e-01 -1.166963e-03 5.781692e-02 3.519772e+01 1.306034e-03 9.999963e-01 -2.367639e-03 -1.633097e+00 -5.781390e-02 2.439187e-03 9.983243e-01 1.413974e+01
9.988267e-01 1.241543e-03 -4.841204e-02 3.558480e+01 -1.138358e-03 9.999970e-01 2.158894e-03 -1.647513e+00 4.841454e-02 -2.101251e-03 9.988252e-01 1.419867e+01
9.979928e-01 -1.250956e-03 6.331501e-02 3.598308e+01 1.413919e-03 9.999958e-01 -2.529105e-03 -1.661200e+00 -6.331154e-02 2.613550e-03 9.979903e-01 1.414905e+01
9.982802e-01 1.389353e-03 -5.860620e-02 3.625842e+01 -1.246130e-03 9.999961e-01 2.480304e-03 -1.671898e+00 5.860939e-02 -2.403008e-03 9.982782e-01 1.419397e+01
9.975995e-01 -1.361581e-03 6.923378e-02 3.628145e+01 1.550242e-03 9.999952e-01 -2.671335e-03 -1.679401e+00 -6.922977e-02 2.772251e-03 9.975968e-01 1.448888e+01
9.982490e-01 1.437767e-03 -5.913399e-02 3.616396e+01 -1.293375e-03 9.999961e-01 2.479980e-03 -1.676530e+00 5.913729e-02 -2.399155e-03 9.982471e-01 1.440721e+01
9.979564e-01 -1.347900e-03 6.388447e-02 3.620560e+01 1.511482e-03 9.999957e-01 -2.512330e-03 -1.679507e+00 -6.388076e-02 2.603755e-03 9.979540e-01 1.442035e+01
9.986369e-01 1.358277e-03 -5.217746e-02 3.622791e+01 -1.242849e-03 9.999967e-01 2.244590e-03 -1.682369e+00 5.218030e-02 -2.176681e-03 9.986354e-01 1.444526e+01
9.975107e-01 -1.414882e-03 7.050104e-02 3.650151e+01 1.609129e-03 9.999951e-01 -2.698520e-03 -1.692341e+00 -7.049683e-02 2.805247e-03 9.975080e-01 1.441491e+01
9.985999e-01 1.409154e-03 -5.287949e-02 3.682580e+01 -1.291616e-03 9.999966e-01 2.256861e-03 -1.705409e+00 5.288244e-02 -2.185401e-03 9.985984e-01 1.451107e+01
9.974614e-01 -1.464751e-03 7.119475e-02 3.716974e+01 1.661629e-03 9.999950e-01 -2.706198e-03 -1.718016e+00 -7.119038e-02 2.817627e-03 9.974587e-01 1.451359e+01
9.986963e-01 1.415003e-03 -5.102748e-02 3.738234e+01 -1.305167e-03 9.999968e-01 2.185741e-03 -1.725543e+00 5.103036e-02 -2.116291e-03 9.986950e-01 1.442547e+01
9.969594e-01 -1.561716e-03 7.790747e-02 3.738552e+01 1.791284e-03 9.999943e-01 -2.876878e-03 -1.725808e+00 -7.790248e-02 3.007684e-03 9.969564e-01 1.426667e+01
9.984464e-01 1.446455e-03 -5.570169e-02 3.746085e+01 -1.320329e-03 9.999965e-01 2.301044e-03 -1.729746e+00 5.570477e-02 -2.223923e-03 9.984449e-01 1.422853e+01
9.968176e-01 -1.559926e-03 7.970088e-02 3.753261e+01 1.797430e-03 9.999942e-01 -2.908291e-03 -1.732858e+00 -7.969582e-02 3.042291e-03 9.968145e-01 1.414234e+01
9.981058e-01 1.568245e-03 -6.150155e-02 3.763603e+01 -1.418553e-03 9.999959e-01 2.477562e-03 -1.737178e+00 6.150513e-02 -2.385625e-03 9.981040e-01 1.409398e+01
9.965726e-01 -1.640308e-03 8.270587e-02 3.778143e+01 1.894013e-03 9.999937e-01 -2.989190e-03 -1.744618e+00 -8.270039e-02 3.135590e-03 9.965694e-01 1.416778e+01
9.983221e-01 1.558081e-03 -5.788336e-02 3.801569e+01 -1.424822e-03 9.999962e-01 2.343419e-03 -1.753766e+00 5.788674e-02 -2.257013e-03 9.983207e-01 1.417170e+01
9.966197e-01 -1.639810e-03 8.213635e-02 3.796496e+01 1.886320e-03 9.999939e-01 -2.923717e-03 -1.752256e+00 -8.213099e-02 3.068769e-03 9.966167e-01 1.401407e+01
9.987130e-01 1.411980e-03 -5.069808e-02 3.794923e+01 -1.309563e-03 9.999970e-01 2.053311e-03 -1.753700e+00 5.070077e-02 -1.984275e-03 9.987120e-01 1.396843e+01
9.964653e-01 -1.641663e-03 8.398863e-02 3.794671e+01 1.896789e-03 9.999938e-01 -2.957907e-03 -1.755979e+00 -8.398319e-02 3.106760e-03 9.964622e-01 1.395104e+01
9.986540e-01 1.449557e-03 -5.184728e-02 3.796103e+01 -1.343340e-03 9.999969e-01 2.083452e-03 -1.756558e+00 5.185008e-02 -2.010998e-03 9.986529e-01 1.377308e+01
9.966563e-01 -1.615543e-03 8.169262e-02 3.808657e+01 1.855172e-03 9.999942e-01 -2.857472e-03 -1.759639e+00 -8.168746e-02 2.999469e-03 9.966534e-01 1.352241e+01
9.988702e-01 1.392801e-03 -4.750154e-02 3.806376e+01 -1.303715e-03 9.999973e-01 1.906376e-03 -1.759584e+00 4.750399e-02 -1.842293e-03 9.988694e-01 1.338100e+01
9.969256e-01 -1.606191e-03 7.833734e-02 3.821441e+01 1.827408e-03 9.999945e-01 -2.752282e-03 -1.765903e+00 -7.833241e-02 2.886973e-03 9.969230e-01 1.333755e+01
9.988567e-01 1.417159e-03 -4.778359e-02 3.835223e+01 -1.328451e-03 9.999973e-01 1.888178e-03 -1.771437e+00 4.778606e-02 -1.822540e-03 9.988560e-01 1.325905e+01
9.973557e-01 -1.529410e-03 7.265809e-02 3.841903e+01 1.718403e-03 9.999953e-01 -2.538685e-03 -1.773759e+00 -7.265378e-02 2.656826e-03 9.973536e-01 1.311627e+01
9.988159e-01 1.396813e-03 -4.863056e-02 3.850652e+01 -1.305857e-03 9.999973e-01 1.902107e-03 -1.776402e+00 4.863301e-02 -1.836348e-03 9.988151e-01 1.295476e+01
9.973059e-01 -1.516495e-03 7.333914e-02 3.860497e+01 1.708460e-03 9.999953e-01 -2.554828e-03 -1.779834e+00 -7.333483e-02 2.673240e-03 9.973037e-01 1.282183e+01
9.992283e-01 1.265718e-03 -3.925764e-02 3.869925e+01 -1.204038e-03 9.999980e-01 1.594804e-03 -1.782838e+00 3.925949e-02 -1.546304e-03 9.992279e-01 1.264324e+01
9.983292e-01 -1.322494e-03 5.776641e-02 3.883350e+01 1.444487e-03 9.999968e-01 -2.070104e-03 -1.787354e+00 -5.776340e-02 2.150086e-03 9.983279e-01 1.251805e+01
9.991406e-01 1.252675e-03 -4.143125e-02 3.903794e+01 -1.184957e-03 9.999979e-01 1.659004e-03 -1.793639e+00 4.143316e-02 -1.608482e-03 9.991401e-01 1.236626e+01
9.977448e-01 -1.472429e-03 6.710540e-02 3.908298e+01 1.633707e-03 9.999959e-01 -2.348529e-03 -1.796621e+00 -6.710158e-02 2.452861e-03 9.977431e-01 1.232069e+01
9.992445e-01 1.217737e-03 -3.884466e-02 3.906965e+01 -1.159418e-03 9.999982e-01 1.523871e-03 -1.799671e+00 3.884636e-02 -1.477680e-03 9.992442e-01 1.237678e+01
9.967376e-01 -1.607059e-03 8.069450e-02 3.909465e+01 1.831971e-03 9.999946e-01 -2.713224e-03 -1.803043e+00 -8.068961e-02 2.852200e-03 9.967351e-01 1.235073e+01
9.992311e-01 1.264059e-03 -3.918687e-02 3.910558e+01 -1.205564e-03 9.999981e-01 1.516357e-03 -1.804998e+00 3.918862e-02 -1.467947e-03 9.992308e-01 1.225714e+01
9.964617e-01 -1.627292e-03 8.403151e-02 3.913306e+01 1.865976e-03 9.999944e-01 -2.761938e-03 -1.807256e+00 -8.402646e-02 2.908964e-03 9.964592e-01 1.214897e+01
9.984204e-01 1.552187e-03 -5.616364e-02 3.945467e+01 -1.442041e-03 9.999970e-01 2.001683e-03 -1.818626e+00 5.616648e-02 -1.917528e-03 9.984196e-01 1.207057e+01
9.969475e-01 -1.601083e-03 7.805815e-02 3.991543e+01 1.806258e-03 9.999951e-01 -2.557934e-03 -1.834061e+00 -7.805358e-02 2.691116e-03 9.969455e-01 1.197530e+01
9.986104e-01 1.506875e-03 -5.267926e-02 4.022836e+01 -1.409620e-03 9.999972e-01 1.883318e-03 -1.843782e+00 5.268186e-02 -1.806441e-03 9.986098e-01 1.178848e+01
9.967521e-01 -1.588558e-03 8.051507e-02 4.065468e+01 1.806174e-03 9.999949e-01 -2.630015e-03 -1.857761e+00 -8.051038e-02 2.766894e-03 9.967499e-01 1.164535e+01
9.986298e-01 1.428544e-03 -5.231238e-02 4.100281e+01 -1.333290e-03 9.999974e-01 1.855759e-03 -1.869886e+00 5.231480e-02 -1.783466e-03 9.986291e-01 1.158013e+01
9.956133e-01 -1.686590e-03 9.354816e-02 4.121551e+01 1.974951e-03 9.999936e-01 -2.989975e-03 -1.877915e+00 -9.354241e-02 3.161610e-03 9.956102e-01 1.148871e+01
9.986042e-01 1.464880e-03 -5.279717e-02 4.147948e+01 -1.369856e-03 9.999974e-01 1.835972e-03 -1.887558e+00 5.279963e-02 -1.761083e-03 9.986036e-01 1.138623e+01
9.958393e-01 -1.653061e-03 9.111180e-02 4.177363e+01 1.923168e-03 9.999940e-01 -2.876827e-03 -1.897877e+00 -9.110640e-02 3.040078e-03 9.958365e-01 1.126681e+01
9.976540e-01 1.664679e-03 -6.843882e-02 4.219976e+01 -1.510904e-03 9.999962e-01 2.298641e-03 -1.912119e+00 6.844229e-02 -2.189841e-03 9.976527e-01 1.116534e+01
9.950205e-01 -1.779873e-03 9.965463e-02 4.255388e+01 2.098813e-03 9.999930e-01 -3.095678e-03 -1.924693e+00 -9.964833e-02 3.289416e-03 9.950172e-01 1.110640e+01
9.979615e-01 1.672907e-03 -6.379699e-02 4.287280e+01 -1.540806e-03 9.999966e-01 2.119828e-03 -1.935517e+00 6.380022e-02 -2.017205e-03 9.979607e-01 1.096660e+01
9.952062e-01 -1.786845e-03 9.778164e-02 4.322911e+01 2.091187e-03 9.999933e-01 -3.010044e-03 -1.947477e+00 -9.777550e-02 3.200091e-03 9.952033e-01 1.083238e+01
9.978857e-01 1.677424e-03 -6.497192e-02 4.362667e+01 -1.542715e-03 9.999966e-01 2.123513e-03 -1.961308e+00 6.497516e-02 -2.018787e-03 9.978849e-01 1.075430e+01
9.946829e-01 -1.812185e-03 1.029684e-01 4.393930e+01 2.145368e-03 9.999928e-01 -3.125092e-03 -1.972368e+00 -1.029619e-01 3.329378e-03 9.946797e-01 1.065702e+01
9.973071e-01 1.813092e-03 -7.331667e-02 4.431869e+01 -1.644055e-03 9.999958e-01 2.365905e-03 -1.984790e+00 7.332055e-02 -2.238995e-03 9.973060e-01 1.051319e+01
9.950839e-01 -1.783943e-03 9.901867e-02 4.479880e+01 2.091035e-03 9.999933e-01 -2.997624e-03 -2.000593e+00 -9.901256e-02 3.189936e-03 9.950810e-01 1.038240e+01
9.974502e-01 1.779067e-03 -7.134452e-02 4.527577e+01 -1.621361e-03 9.999961e-01 2.268376e-03 -2.017201e+00 7.134818e-02 -2.146914e-03 9.974492e-01 1.032927e+01
9.956878e-01 -1.724066e-03 9.275082e-02 4.578886e+01 1.990858e-03 9.999941e-01 -2.783954e-03 -2.034436e+00 -9.274538e-02 2.956599e-03 9.956854e-01 1.024866e+01
9.972314e-01 1.801491e-03 -7.434015e-02 4.634294e+01 -1.631604e-03 9.999959e-01 2.345994e-03 -2.053031e+00 7.434398e-02 -2.218202e-03 9.972302e-01 1.018560e+01
9.949012e-01 -1.811400e-03 1.008376e-01 4.675409e+01 2.124216e-03 9.999933e-01 -2.994856e-03 -2.066976e+00 -1.008314e-01 3.193784e-03 9.948984e-01 1.009292e+01
9.973876e-01 1.751122e-03 -7.221498e-02 4.704070e+01 -1.592271e-03 9.999962e-01 2.257259e-03 -2.076789e+00 7.221857e-02 -2.136374e-03 9.973866e-01 9.982374e+00
9.946751e-01 -1.857407e-03 1.030428e-01 4.728704e+01 2.181051e-03 9.999930e-01 -3.028249e-03 -2.085291e+00 -1.030364e-01 3.236862e-03 9.946723e-01 9.859727e+00
9.980237e-01 1.625499e-03 -6.281868e-02 4.744810e+01 -1.508439e-03 9.999970e-01 1.910908e-03 -2.092106e+00 6.282151e-02 -1.812371e-03 9.980232e-01 9.803261e+00
9.952144e-01 -1.796416e-03 9.769816e-02 4.772376e+01 2.084515e-03 9.999938e-01 -2.846832e-03 -2.103104e+00 -9.769235e-02 3.036859e-03 9.952120e-01 9.801816e+00
9.975333e-01 1.688791e-03 -7.017490e-02 4.788315e+01 -1.542589e-03 9.999965e-01 2.137600e-03 -2.108527e+00 7.017817e-02 -2.024074e-03 9.975324e-01 9.658504e+00
9.959698e-01 -1.685245e-03 8.967282e-02 4.806299e+01 1.924466e-03 9.999948e-01 -2.581270e-03 -2.113283e+00 -8.966791e-02 2.743436e-03 9.959679e-01 9.406094e+00
9.974431e-01 1.679971e-03 -7.144574e-02 4.835365e+01 -1.528881e-03 9.999965e-01 2.169456e-03 -2.122439e+00 7.144905e-02 -2.054675e-03 9.974422e-01 9.228976e+00
9.960768e-01 -1.649925e-03 8.847640e-02 4.853291e+01 1.882163e-03 9.999950e-01 -2.541456e-03 -2.127100e+00 -8.847167e-02 2.698010e-03 9.960750e-01 8.980997e+00
9.966370e-01 1.830000e-03 -8.192395e-02 4.869316e+01 -1.633174e-03 9.999956e-01 2.469550e-03 -2.130838e+00 8.192802e-02 -2.327447e-03 9.966356e-01 8.725729e+00
9.967051e-01 -1.528439e-03 8.109588e-02 4.898891e+01 1.726138e-03 9.999957e-01 -2.367747e-03 -2.139336e+00 -8.109183e-02 2.499926e-03 9.967035e-01 8.519626e+00
9.961640e-01 2.009617e-03 -8.748340e-02 4.928607e+01 -1.778206e-03 9.999947e-01 2.723105e-03 -2.147323e+00 8.748832e-02 -2.557093e-03 9.961623e-01 8.264915e+00
9.970131e-01 -1.469449e-03 7.721827e-02 4.946390e+01 1.648927e-03 9.999961e-01 -2.260524e-03 -2.150666e+00 -7.721455e-02 2.381097e-03 9.970116e-01 7.934771e+00
9.958684e-01 2.076523e-03 -9.078494e-02 4.954156e+01 -1.819635e-03 9.999941e-01 2.912358e-03 -2.151953e+00 9.079036e-02 -2.735127e-03 9.958663e-01 7.693491e+00
9.974956e-01 -1.361696e-03 7.071491e-02 4.964858e+01 1.508110e-03 9.999968e-01 -2.017082e-03 -2.156063e+00 -7.071185e-02 2.118674e-03 9.974945e-01 7.593719e+00
9.951403e-01 2.337670e-03 -9.844057e-02 4.975617e+01 -2.027626e-03 9.999927e-01 3.249531e-03 -2.159937e+00 9.844735e-02 -3.034136e-03 9.951377e-01 7.462713e+00
9.961922e-01 -1.714582e-03 8.716679e-02 4.973766e+01 1.961210e-03 9.999943e-01 -2.743770e-03 -2.156485e+00 -8.716149e-02 2.904272e-03 9.961899e-01 7.095379e+00
9.955466e-01 2.189382e-03 -9.424640e-02 4.973210e+01 -1.906970e-03 9.999934e-01 3.086526e-03 -2.153244e+00 9.425244e-02 -2.893053e-03 9.955442e-01 6.712012e+00
9.973003e-01 -1.405538e-03 7.341675e-02 4.972909e+01 1.569195e-03 9.999964e-01 -2.171466e-03 -2.151440e+00 -7.341334e-02 2.280806e-03 9.972990e-01 6.419832e+00
9.952749e-01 2.274599e-03 -9.707091e-02 4.973826e+01 -1.969711e-03 9.999928e-01 3.236631e-03 -2.151092e+00 9.707748e-02 -3.030134e-03 9.952722e-01 6.207292e+00
9.974994e-01 -1.378755e-03 7.066078e-02 4.987015e+01 1.529776e-03 9.999967e-01 -2.083156e-03 -2.156023e+00 -7.065758e-02 2.186040e-03 9.974982e-01 6.093879e+00
9.945930e-01 2.495504e-03 -1.038207e-01 5.004838e+01 -2.139574e-03 9.999914e-01 3.539574e-03 -2.162945e+00 1.038285e-01 -3.298301e-03 9.945898e-01 6.010323e+00
9.975119e-01 -1.395617e-03 7.048350e-02 5.013084e+01 1.544606e-03 9.999967e-01 -2.059309e-03 -2.166875e+00 -7.048029e-02 2.163052e-03 9.975108e-01 5.924234e+00
9.945896e-01 2.497223e-03 -1.038528e-01 5.020092e+01 -2.142375e-03 9.999915e-01 3.528281e-03 -2.171318e+00 1.038607e-01 -3.286698e-03 9.945865e-01 5.913363e+00
9.974513e-01 -1.434046e-03 7.133602e-02 5.028115e+01 1.587044e-03 9.999966e-01 -2.088077e-03 -2.176137e+00 -7.133268e-02 2.195966e-03 9.974501e-01 5.902615e+00
9.946079e-01 2.548355e-03 -1.036761e-01 5.040882e+01 -2.193077e-03 9.999913e-01 3.540685e-03 -2.181973e+00 1.036841e-01 -3.294222e-03 9.946049e-01 5.859235e+00
9.971276e-01 -1.573771e-03 7.572264e-02 5.053920e+01 1.750209e-03 9.999959e-01 -2.263714e-03 -2.188021e+00 -7.571867e-02 2.389740e-03 9.971263e-01 5.835188e+00
9.945588e-01 2.591819e-03 -1.041449e-01 5.071664e+01 -2.236072e-03 9.999913e-01 3.532524e-03 -2.195408e+00 1.041531e-01 -3.280425e-03 9.945559e-01 5.789379e+00
9.969959e-01 -1.611405e-03 7.743688e-02 5.094404e+01 1.795346e-03 9.999957e-01 -2.305779e-03 -2.204332e+00 -7.743273e-02 2.437876e-03 9.969945e-01 5.749706e+00
9.945048e-01 2.600932e-03 -1.046593e-01 5.111614e+01 -2.244662e-03 9.999913e-01 3.521761e-03 -2.210477e+00 1.046674e-01 -3.267481e-03 9.945020e-01 5.626897e+00
9.964346e-01 -1.740777e-03 8.435056e-02 5.123860e+01 1.963322e-03 9.999948e-01 -2.555430e-03 -2.211979e+00 -8.434557e-02 2.711924e-03 9.964328e-01 5.270755e+00
9.938461e-01 2.766958e-03 -1.107361e-01 5.132745e+01 -2.362859e-03 9.999901e-01 3.780292e-03 -2.214420e+00 1.107453e-01 -3.495372e-03 9.938427e-01 5.066174e+00
9.961149e-01 -1.812497e-03 8.804438e-02 5.132257e+01 2.062840e-03 9.999941e-01 -2.752455e-03 -2.211762e+00 -8.803877e-02 2.923381e-03 9.961127e-01 4.707924e+00
9.936836e-01 2.820224e-03 -1.121832e-01 5.144450e+01 -2.401172e-03 9.999896e-01 3.870379e-03 -2.212524e+00 1.121929e-01 -3.576559e-03 9.936801e-01 4.279891e+00
9.957281e-01 -1.864483e-03 9.231433e-02 5.150402e+01 2.143438e-03 9.999934e-01 -2.922725e-03 -2.210227e+00 -9.230817e-02 3.108108e-03 9.957256e-01 3.788068e+00
9.936277e-01 2.834193e-03 -1.126764e-01 5.153318e+01 -2.410567e-03 9.999895e-01 3.895754e-03 -2.206139e+00 1.126862e-01 -3.599313e-03 9.936242e-01 3.223748e+00
