9.995036e-01 -4.263877e-04 3.150047e-02 9.665817e-03 4.580941e-04 9.999994e-01 -9.993280e-04 -4.495652e-03 -3.150003e-02 1.013262e-03 9.995033e-01 9.763065e-02
9.998947e-01 -1.312480e-04 1.451230e-02 6.471997e-02 1.377962e-04 9.999999e-01 -4.502167e-04 -1.123648e-02 -1.451223e-02 4.521692e-04 9.998945e-01 2.302883e-01
9.995158e-01 -4.303382e-04 3.111140e-02 1.195223e-01 4.613129e-04 9.999994e-01 -9.884364e-04 -1.813478e-02 -3.111097e-02 1.002310e-03 9.995155e-01 3.727392e-01
9.999173e-01 -1.162008e-04 1.285998e-02 1.721787e-01 1.214007e-04 9.999999e-01 -4.035611e-04 -2.554048e-02 -1.285992e-02 4.050889e-04 9.999171e-01 5.467144e-01
9.993983e-01 -4.609451e-04 3.468247e-02 2.313105e-01 4.993032e-04 9.999993e-01 -1.097328e-03 -3.315016e-02 -3.468196e-02 1.113985e-03 9.993979e-01 7.134045e-01
9.999215e-01 -1.089893e-04 1.252939e-02 2.869485e-01 1.137702e-04 9.999999e-01 -3.808608e-04 -3.970099e-02 -1.252932e-02 3.822560e-04 9.999213e-01 8.290269e-01
9.994010e-01 -4.275942e-04 3.460302e-02 3.987545e-01 4.655392e-04 9.999993e-01 -1.088535e-03 -4.708468e-02 -3.460256e-02 1.103993e-03 9.994006e-01 8.992125e-01
9.999448e-01 2.391783e-04 -1.050436e-02 6.856711e-01 -2.359746e-04 9.999999e-01 3.062105e-04 -5.822788e-02 1.050447e-02 -3.037154e-04 9.999447e-01 8.947114e-01
9.988189e-01 -6.475114e-04 4.858289e-02 9.839159e-01 7.205588e-04 9.999986e-01 -1.486066e-03 -7.047383e-02 -4.858190e-02 1.519318e-03 9.988181e-01 9.459669e-01
9.999716e-01 1.760287e-04 -7.539976e-03 1.119654e+00 -1.745707e-04 1.000000e+00 1.940005e-04 -7.908659e-02 7.540050e-03 -1.926795e-04 9.999715e-01 1.066009e+00
9.988448e-01 -6.026450e-04 4.804821e-02 1.324402e+00 6.735527e-04 9.999987e-01 -1.459587e-03 -8.802814e-02 -4.804731e-02 1.490265e-03 9.988440e-01 1.071209e+00
9.998676e-01 2.610151e-04 -1.626702e-02 1.537622e+00 -2.534998e-04 9.999999e-01 4.640389e-04 -9.676940e-02 1.626718e-02 -4.598548e-04 9.998675e-01 1.059112e+00
9.980702e-01 -7.702087e-04 6.209066e-02 1.592316e+00 8.894151e-04 9.999978e-01 -1.892266e-03 -1.035759e-01 -6.208911e-02 1.943840e-03 9.980688e-01 1.168738e+00
9.996759e-01 4.546916e-04 -2.545135e-02 1.843462e+00 -4.352951e-04 9.999996e-01 7.676200e-04 -1.140820e-01 2.545174e-02 -7.562937e-04 9.996757e-01 1.176526e+00
9.980083e-01 -8.341812e-04 6.307676e-02 2.067446e+00 9.560601e-04 9.999977e-01 -1.902078e-03 -1.226249e-01 -6.307509e-02 1.958597e-03 9.980070e-01 1.107764e+00
9.989458e-01 8.612790e-04 -4.589775e-02 2.153139e+00 -7.959196e-04 9.999986e-01 1.442265e-03 -1.267100e-01 4.589899e-02 -1.404215e-03 9.989450e-01 1.031086e+00
9.975942e-01 -9.389817e-04 6.931707e-02 2.274373e+00 1.086625e-03 9.999972e-01 -2.092301e-03 -1.322967e-01 -6.931497e-02 2.162591e-03 9.975926e-01 9.889811e-01
9.980207e-01 1.202095e-03 -6.287409e-02 2.523010e+00 -1.074910e-03 9.999973e-01 2.056634e-03 -1.426982e-01 6.287645e-02 -1.984981e-03 9.980193e-01 1.015226e+00
9.954329e-01 -1.405311e-03 9.545338e-02 2.712608e+00 1.696589e-03 9.999941e-01 -2.970433e-03 -1.517032e-01 -9.544871e-02 3.118813e-03 9.954296e-01 1.064281e+00
9.983197e-01 1.164879e-03 -5.793380e-02 2.777641e+00 -1.057329e-03 9.999977e-01 1.887025e-03 -1.544711e-01 5.793593e-02 -1.822601e-03 9.983186e-01 9.230661e-01
9.960785e-01 -1.363077e-03 8.846324e-02 2.981865e+00 1.612685e-03 9.999949e-01 -2.750196e-03 -1.639059e-01 -8.845911e-02 2.882076e-03 9.960757e-01 9.703081e-01
9.982365e-01 1.301778e-03 -5.934811e-02 3.443294e+00 -1.190316e-03 9.999975e-01 1.913407e-03 -1.815816e-01 5.935052e-02 -1.839391e-03 9.982354e-01 1.042809e+00
9.964236e-01 -1.345391e-03 8.448837e-02 3.992963e+00 1.570760e-03 9.999954e-01 -2.601045e-03 -2.017716e-01 -8.448455e-02 2.724455e-03 9.964212e-01 1.105367e+00
9.984260e-01 1.264498e-03 -5.607085e-02 4.572568e+00 -1.166412e-03 9.999977e-01 1.782002e-03 -2.224660e-01 5.607305e-02 -1.713797e-03 9.984251e-01 1.124220e+00
9.964843e-01 -1.327438e-03 8.376991e-02 5.115719e+00 1.547287e-03 9.999955e-01 -2.559581e-03 -2.420604e-01 -8.376622e-02 2.680200e-03 9.964819e-01 1.143365e+00
9.979993e-01 1.324813e-03 -6.321151e-02 5.661048e+00 -1.200227e-03 9.999973e-01 2.008854e-03 -2.613712e-01 6.321407e-02 -1.928969e-03 9.979980e-01 1.138192e+00
9.971184e-01 -1.230933e-03 7.585180e-02 6.227305e+00 1.413850e-03 9.999962e-01 -2.357864e-03 -2.809995e-01 -7.584869e-02 2.458315e-03 9.971164e-01 1.127498e+00
9.978952e-01 1.390086e-03 -6.483201e-02 6.774851e+00 -1.257633e-03 9.999970e-01 2.083756e-03 -3.013557e-01 6.483479e-02 -1.997838e-03 9.978939e-01 1.237569e+00
9.972082e-01 -1.221986e-03 7.466130e-02 7.396300e+00 1.403338e-03 9.999962e-01 -2.376591e-03 -3.232897e-01 -7.465819e-02 2.474734e-03 9.972062e-01 1.292201e+00
9.984294e-01 1.205728e-03 -5.601056e-02 7.910451e+00 -1.102476e-03 9.999976e-01 1.874277e-03 -3.417602e-01 5.601277e-02 -1.809585e-03 9.984283e-01 1.307176e+00
9.973568e-01 -1.206009e-03 7.264950e-02 8.330670e+00 1.376796e-03 9.999964e-01 -2.300829e-03 -3.578349e-01 -7.264655e-02 2.394774e-03 9.973550e-01 1.390962e+00
9.980236e-01 1.321047e-03 -6.282621e-02 8.904586e+00 -1.196286e-03 9.999972e-01 2.023363e-03 -3.788006e-01 6.282879e-02 -1.944209e-03 9.980224e-01 1.486426e+00
9.971488e-01 -1.257707e-03 7.544974e-02 9.410340e+00 1.437278e-03 9.999963e-01 -2.325770e-03 -3.978533e-01 -7.544661e-02 2.427583e-03 9.971470e-01 1.604661e+00
9.974732e-01 1.427556e-03 -7.102869e-02 9.835826e+00 -1.270352e-03 9.999966e-01 2.258348e-03 -4.133349e-01 7.103175e-02 -2.162413e-03 9.974716e-01 1.629568e+00
9.972468e-01 -1.235955e-03 7.414372e-02 1.032362e+01 1.409913e-03 9.999964e-01 -2.293948e-03 -4.302683e-01 -7.414070e-02 2.392171e-03 9.972450e-01 1.601196e+00
9.973994e-01 1.458592e-03 -7.205738e-02 1.089090e+01 -1.299773e-03 9.999966e-01 2.250875e-03 -4.509230e-01 7.206051e-02 -2.151366e-03 9.973979e-01 1.676708e+00
9.973391e-01 -1.240378e-03 7.289244e-02 1.140942e+01 1.406253e-03 9.999965e-01 -2.224365e-03 -4.704181e-01 -7.288951e-02 2.320953e-03 9.973374e-01 1.777871e+00
9.974935e-01 1.442283e-03 -7.074370e-02 1.190578e+01 -1.290207e-03 9.999968e-01 2.195298e-03 -4.892679e-01 7.074672e-02 -2.098524e-03 9.974920e-01 1.895644e+00
9.969117e-01 -1.291585e-03 7.851965e-02 1.227055e+01 1.477409e-03 9.999962e-01 -2.308549e-03 -5.041685e-01 -7.851646e-02 2.417428e-03 9.969100e-01 2.047188e+00
9.971260e-01 1.477203e-03 -7.574686e-02 1.245894e+01 -1.305370e-03 9.999965e-01 2.317963e-03 -5.171961e-01 7.575010e-02 -2.212426e-03 9.971243e-01 2.398573e+00
9.969553e-01 -1.274720e-03 7.796441e-02 1.282899e+01 1.459651e-03 9.999963e-01 -2.315062e-03 -5.323061e-01 -7.796125e-02 2.421816e-03 9.969535e-01 2.541894e+00
9.971223e-01 1.477550e-03 -7.579525e-02 1.320988e+01 -1.306186e-03 9.999965e-01 2.310388e-03 -5.485650e-01 7.579848e-02 -2.204739e-03 9.971206e-01 2.753438e+00
9.964417e-01 -1.300248e-03 8.427518e-02 1.372699e+01 1.512187e-03 9.999959e-01 -2.451072e-03 -5.671986e-01 -8.427173e-02 2.569792e-03 9.964396e-01 2.807359e+00
9.970586e-01 1.437198e-03 -7.662937e-02 1.396461e+01 -1.261346e-03 9.999965e-01 2.343161e-03 -5.777433e-01 7.663255e-02 -2.239615e-03 9.970568e-01 2.914146e+00
9.963908e-01 -1.300180e-03 8.487483e-02 1.424197e+01 1.514193e-03 9.999958e-01 -2.457202e-03 -5.892513e-01 -8.487137e-02 2.576853e-03 9.963887e-01 2.996535e+00
9.968487e-01 1.472435e-03 -7.931250e-02 1.443399e+01 -1.285056e-03 9.999963e-01 2.413512e-03 -6.014302e-01 7.931585e-02 -2.303987e-03 9.968468e-01 3.295402e+00
9.966102e-01 -1.289276e-03 8.225905e-02 1.462493e+01 1.489221e-03 9.999961e-01 -2.369391e-03 -6.104347e-01 -8.225575e-02 2.483864e-03 9.966082e-01 3.397864e+00
9.968537e-01 1.490882e-03 -7.924926e-02 1.475222e+01 -1.305374e-03 9.999963e-01 2.392555e-03 -6.225632e-01 7.925262e-02 -2.281580e-03 9.968519e-01 3.797435e+00
9.964956e-01 -1.311315e-03 8.363486e-02 1.498231e+01 1.519209e-03 9.999959e-01 -2.422156e-03 -6.348203e-01 -8.363143e-02 2.540729e-03 9.964936e-01 4.046116e+00
9.967382e-01 1.533740e-03 -8.068806e-02 1.535225e+01 -1.341063e-03 9.999961e-01 2.442046e-03 -6.492543e-01 8.069157e-02 -2.325875e-03 9.967363e-01 4.130797e+00
9.967136e-01 -1.310724e-03 8.099581e-02 1.585326e+01 1.510555e-03 9.999960e-01 -2.405968e-03 -6.668342e-01 -8.099242e-02 2.520412e-03 9.967116e-01 4.077660e+00
9.968929e-01 1.541329e-03 -7.875369e-02 1.631999e+01 -1.354929e-03 9.999962e-01 2.420223e-03 -6.818077e-01 7.875721e-02 -2.305999e-03 9.968911e-01 3.903446e+00
9.963185e-01 -1.364248e-03 8.571865e-02 1.663243e+01 1.582854e-03 9.999957e-01 -2.482377e-03 -6.908951e-01 -8.571498e-02 2.608921e-03 9.963164e-01 3.694182e+00
9.968675e-01 1.533085e-03 -7.907505e-02 1.684379e+01 -1.346050e-03 9.999962e-01 2.418517e-03 -7.030886e-01 7.907854e-02 -2.304504e-03 9.968657e-01 3.957942e+00
9.964484e-01 -1.378959e-03 8.419496e-02 1.683430e+01 1.588722e-03 9.999958e-01 -2.424469e-03 -7.113133e-01 -8.419135e-02 2.549623e-03 9.964464e-01 4.331781e+00
9.967068e-01 1.540019e-03 -8.107516e-02 1.677095e+01 -1.348845e-03 9.999962e-01 2.412688e-03 -7.190562e-01 8.107865e-02 -2.295387e-03 9.967050e-01 4.734391e+00
9.961563e-01 -1.366084e-03 8.758307e-02 1.689016e+01 1.590294e-03 9.999956e-01 -2.490264e-03 -7.317362e-01 -8.757938e-02 2.619977e-03 9.961542e-01 5.170967e+00
9.963573e-01 1.622645e-03 -8.526133e-02 1.727200e+01 -1.412496e-03 9.999958e-01 2.525007e-03 -7.485145e-01 8.526516e-02 -2.395380e-03 9.963553e-01 5.418140e+00
9.963539e-01 -1.378438e-03 8.530559e-02 1.757010e+01 1.588929e-03 9.999959e-01 -2.399655e-03 -7.630475e-01 -8.530202e-02 2.526453e-03 9.963520e-01 5.678615e+00
9.964793e-01 1.610260e-03 -8.382301e-02 1.767228e+01 -1.406562e-03 9.999959e-01 2.489075e-03 -7.753751e-01 8.382676e-02 -2.362412e-03 9.964775e-01 6.116093e+00
9.962726e-01 -1.374758e-03 8.625012e-02 1.793004e+01 1.590114e-03 9.999958e-01 -2.428233e-03 -7.888468e-01 -8.624651e-02 2.556333e-03 9.962706e-01 6.389303e+00
9.963166e-01 1.578176e-03 -8.573622e-02 1.816514e+01 -1.366653e-03 9.999959e-01 2.525744e-03 -7.996999e-01 8.573994e-02 -2.399272e-03 9.963146e-01 6.520901e+00
9.961828e-01 -1.336243e-03 8.728139e-02 1.859035e+01 1.558136e-03 9.999957e-01 -2.474217e-03 -8.153753e-01 -8.727780e-02 2.600772e-03 9.961807e-01 6.544946e+00
9.963848e-01 1.562826e-03 -8.493974e-02 1.896478e+01 -1.354142e-03 9.999959e-01 2.514382e-03 -8.289521e-01 8.494341e-02 -2.390275e-03 9.963828e-01 6.542849e+00
9.963278e-01 -1.364691e-03 8.561027e-02 1.913003e+01 1.577964e-03 9.999958e-01 -2.423600e-03 -8.355891e-01 -8.560669e-02 2.549792e-03 9.963258e-01 6.508086e+00
9.969564e-01 1.509816e-03 -7.794607e-02 1.944384e+01 -1.332918e-03 9.999964e-01 2.321447e-03 -8.494656e-01 7.794938e-02 -2.210489e-03 9.969548e-01 6.709806e+00
9.961112e-01 -1.348298e-03 8.809477e-02 1.986385e+01 1.575753e-03 9.999956e-01 -2.512461e-03 -8.668429e-01 -8.809109e-02 2.641509e-03 9.961090e-01 6.930788e+00
9.973793e-01 1.436055e-03 -7.233594e-02 2.033294e+01 -1.284566e-03 9.999969e-01 2.140682e-03 -8.859323e-01 7.233888e-02 -2.042154e-03 9.973780e-01 7.145198e+00
9.964747e-01 -1.312199e-03 8.388411e-02 2.063667e+01 1.516239e-03 9.999960e-01 -2.368750e-03 -9.025239e-01 -8.388076e-02 2.487590e-03 9.964728e-01 7.521602e+00
9.969670e-01 1.494152e-03 -7.781009e-02 2.096898e+01 -1.319622e-03 9.999965e-01 2.294373e-03 -9.174423e-01 7.781334e-02 -2.184737e-03 9.969655e-01 7.755370e+00
9.965684e-01 -1.260104e-03 8.276425e-02 2.145498e+01 1.459853e-03 9.999962e-01 -2.353017e-03 -9.364337e-01 -8.276106e-02 2.465769e-03 9.965664e-01 7.929395e+00
9.968987e-01 1.492126e-03 -7.868123e-02 2.188475e+01 -1.313433e-03 9.999964e-01 2.322775e-03 -9.535984e-01 7.868451e-02 -2.212231e-03 9.968970e-01 8.093676e+00
9.965021e-01 -1.248948e-03 8.355835e-02 2.241046e+01 1.454977e-03 9.999960e-01 -2.404857e-03 -9.738964e-01 -8.355510e-02 2.518023e-03 9.965001e-01 8.273763e+00
9.970122e-01 1.500354e-03 -7.722902e-02 2.300387e+01 -1.327942e-03 9.999965e-01 2.283757e-03 -9.965496e-01 7.723227e-02 -2.174380e-03 9.970107e-01 8.479113e+00
9.965830e-01 -1.239822e-03 8.258802e-02 2.360349e+01 1.439416e-03 9.999962e-01 -2.357272e-03 -1.019194e+00 -8.258488e-02 2.468099e-03 9.965811e-01 8.659804e+00
9.968299e-01 1.477957e-03 -7.954781e-02 2.408409e+01 -1.296180e-03 9.999964e-01 2.336681e-03 -1.037934e+00 7.955107e-02 -2.226168e-03 9.968282e-01 8.809576e+00
9.963967e-01 -1.211749e-03 8.480732e-02 2.473008e+01 1.423311e-03 9.999960e-01 -2.434228e-03 -1.061450e+00 -8.480412e-02 2.546167e-03 9.963945e-01 8.917033e+00
9.967961e-01 1.457944e-03 -7.997064e-02 2.525587e+01 -1.272805e-03 9.999964e-01 2.365992e-03 -1.081171e+00 7.997389e-02 -2.256627e-03 9.967943e-01 9.037597e+00
9.962829e-01 -1.254769e-03 8.613336e-02 2.567893e+01 1.469432e-03 9.999960e-01 -2.428875e-03 -1.096748e+00 -8.613006e-02 2.546417e-03 9.962807e-01 9.088739e+00
9.965397e-01 1.492325e-03 -8.310455e-02 2.612372e+01 -1.295957e-03 9.999962e-01 2.416775e-03 -1.114003e+00 8.310794e-02 -2.300715e-03 9.965378e-01 9.209680e+00
9.964199e-01 -1.244786e-03 8.453296e-02 2.658961e+01 1.450811e-03 9.999961e-01 -2.375853e-03 -1.132322e+00 -8.452977e-02 2.489991e-03 9.964179e-01 9.351474e+00
9.967069e-01 1.477372e-03 -8.107473e-02 2.704473e+01 -1.290978e-03 9.999964e-01 2.351383e-03 -1.150458e+00 8.107800e-02 -2.238976e-03 9.967052e-01 9.532965e+00
9.966665e-01 -1.275129e-03 8.157424e-02 2.727371e+01 1.464227e-03 9.999964e-01 -2.258354e-03 -1.163319e+00 -8.157116e-02 2.370272e-03 9.966648e-01 9.810579e+00
9.967145e-01 1.480470e-03 -8.098153e-02 2.756816e+01 -1.295857e-03 9.999964e-01 2.332172e-03 -1.174829e+00 8.098479e-02 -2.219572e-03 9.967128e-01 9.840016e+00
9.964434e-01 -1.290265e-03 8.425554e-02 2.785883e+01 1.490715e-03 9.999962e-01 -2.316220e-03 -1.187609e+00 -8.425232e-02 2.433586e-03 9.964416e-01 9.993467e+00
9.965183e-01 1.485009e-03 -8.336083e-02 2.804835e+01 -1.288617e-03 9.999963e-01 2.409652e-03 -1.196346e+00 8.336419e-02 -2.293845e-03 9.965164e-01 1.006922e+01
9.963259e-01 -1.270076e-03 8.563391e-02 2.831489e+01 1.475873e-03 9.999962e-01 -2.339966e-03 -1.207343e+00 -8.563071e-02 2.457757e-03 9.963240e-01 1.013958e+01
9.964931e-01 1.493703e-03 -8.366067e-02 2.871314e+01 -1.300126e-03 9.999964e-01 2.368244e-03 -1.222431e+00 8.366399e-02 -2.251172e-03 9.964914e-01 1.019008e+01
9.961552e-01 -1.274892e-03 8.759731e-02 2.903313e+01 1.487123e-03 9.999961e-01 -2.357608e-03 -1.236150e+00 -8.759406e-02 2.478815e-03 9.961532e-01 1.034525e+01
9.966766e-01 1.466170e-03 -8.144591e-02 2.934843e+01 -1.282390e-03 9.999965e-01 2.308703e-03 -1.250195e+00 8.144910e-02 -2.196588e-03 9.966750e-01 1.054364e+01
9.962795e-01 -1.257056e-03 8.617186e-02 2.970141e+01 1.463961e-03 9.999962e-01 -2.337943e-03 -1.266057e+00 -8.616869e-02 2.455400e-03 9.962776e-01 1.079158e+01
9.966881e-01 1.428000e-03 -8.130644e-02 3.001235e+01 -1.245018e-03 9.999966e-01 2.301151e-03 -1.277329e+00 8.130954e-02 -2.192305e-03 9.966864e-01 1.078042e+01
9.965473e-01 -1.263138e-03 8.301795e-02 3.005089e+01 1.452578e-03 9.999965e-01 -2.221578e-03 -1.281846e+00 -8.301495e-02 2.334500e-03 9.965456e-01 1.088022e+01
9.966706e-01 1.435717e-03 -8.152041e-02 3.017919e+01 -1.252071e-03 9.999966e-01 2.303801e-03 -1.288715e+00 8.152353e-02 -2.194064e-03 9.966689e-01 1.095805e+01
9.966045e-01 -1.250472e-03 8.232874e-02 3.044710e+01 1.439369e-03 9.999965e-01 -2.235133e-03 -1.298594e+00 -8.232575e-02 2.346048e-03 9.966028e-01 1.091766e+01
9.968480e-01 1.464259e-03 -7.932080e-02 3.088029e+01 -1.290990e-03 9.999967e-01 2.235628e-03 -1.314271e+00 7.932390e-02 -2.126181e-03 9.968466e-01 1.093020e+01
9.966250e-01 -1.262908e-03 8.207912e-02 3.117854e+01 1.448150e-03 9.999965e-01 -2.197397e-03 -1.326719e+00 -8.207616e-02 2.308846e-03 9.966235e-01 1.104149e+01
9.970092e-01 1.407295e-03 -7.726985e-02 3.143308e+01 -1.242801e-03 9.999969e-01 2.176840e-03 -1.336828e+00 7.727277e-02 -2.074301e-03 9.970078e-01 1.107864e+01
9.964709e-01 -1.237716e-03 8.393000e-02 3.183267e+01 1.432541e-03 9.999964e-01 -2.261120e-03 -1.352217e+00 -8.392699e-02 2.373376e-03 9.964691e-01 1.117882e+01
9.966573e-01 1.459153e-03 -8.168240e-02 3.229973e+01 -1.278133e-03 9.999966e-01 2.268367e-03 -1.369560e+00 8.168553e-02 -2.156386e-03 9.966558e-01 1.122812e+01
9.963604e-01 -1.238412e-03 8.523158e-02 3.269153e+01 1.436935e-03 9.999964e-01 -2.267926e-03 -1.384456e+00 -8.522856e-02 2.382146e-03 9.963586e-01 1.129226e+01
9.966448e-01 1.451839e-03 -8.183545e-02 3.306830e+01 -1.270476e-03 9.999966e-01 2.268189e-03 -1.399409e+00 8.183856e-02 -2.156611e-03 9.966432e-01 1.140505e+01
9.965460e-01 -1.250644e-03 8.303330e-02 3.324291e+01 1.437197e-03 9.999966e-01 -2.187013e-03 -1.411526e+00 -8.303038e-02 2.298797e-03 9.965444e-01 1.172737e+01
9.966316e-01 1.428100e-03 -8.199591e-02 3.338297e+01 -1.245231e-03 9.999966e-01 2.281292e-03 -1.419444e+00 8.199899e-02 -2.171506e-03 9.966300e-01 1.184690e+01
9.963190e-01 -1.205984e-03 8.571519e-02 3.374706e+01 1.406817e-03 9.999964e-01 -2.282684e-03 -1.434072e+00 -8.571223e-02 2.394870e-03 9.963171e-01 1.196863e+01
9.970238e-01 1.361785e-03 -7.708177e-02 3.406580e+01 -1.199157e-03 9.999970e-01 2.156026e-03 -1.448779e+00 7.708457e-02 -2.057179e-03 9.970224e-01 1.222256e+01
9.962228e-01 -1.252042e-03 8.682567e-02 3.431723e+01 1.458282e-03 9.999963e-01 -2.311973e-03 -1.463725e+00 -8.682255e-02 2.429860e-03 9.962209e-01 1.259336e+01
9.970874e-01 1.382005e-03 -7.625390e-02 3.446622e+01 -1.223135e-03 9.999970e-01 2.130064e-03 -1.475247e+00 7.625671e-02 -2.030594e-03 9.970861e-01 1.292501e+01
9.970490e-01 -1.198705e-03 7.675932e-02 3.474937e+01 1.359925e-03 9.999970e-01 -2.048127e-03 -1.489024e+00 -7.675673e-02 2.146473e-03 9.970476e-01 1.315263e+01
9.971381e-01 1.405878e-03 -7.558864e-02 3.496976e+01 -1.249177e-03 9.999970e-01 2.120284e-03 -1.503330e+00 7.559149e-02 -2.019795e-03 9.971368e-01 1.352842e+01
9.965589e-01 -1.286110e-03 8.287772e-02 3.519988e+01 1.472978e-03 9.999965e-01 -2.193666e-03 -1.515016e+00 -8.287470e-02 2.308197e-03 9.965574e-01 1.374936e+01
9.971469e-01 1.431694e-03 -7.547150e-02 3.563270e+01 -1.280384e-03 9.999971e-01 2.053177e-03 -1.530817e+00 7.547431e-02 -1.950689e-03 9.971458e-01 1.379401e+01
9.958197e-01 -1.380612e-03 9.133113e-02 3.611757e+01 1.607912e-03 9.999958e-01 -2.415235e-03 -1.548221e+00 -9.132751e-02 2.551994e-03 9.958177e-01 1.382581e+01
9.964262e-01 1.598148e-03 -8.445229e-02 3.639685e+01 -1.404069e-03 9.999962e-01 2.357403e-03 -1.562628e+00 8.445583e-02 -2.230404e-03 9.964247e-01 1.413501e+01
9.960994e-01 -1.398274e-03 8.822794e-02 3.655343e+01 1.610164e-03 9.999960e-01 -2.330520e-03 -1.574046e+00 -8.822442e-02 2.463494e-03 9.960976e-01 1.445772e+01
9.965834e-01 1.590690e-03 -8.257636e-02 3.676796e+01 -1.406448e-03 9.999964e-01 2.289267e-03 -1.587733e+00 8.257980e-02 -2.165309e-03 9.965820e-01 1.481671e+01
9.953156e-01 -1.551244e-03 9.666680e-02 3.694195e+01 1.805499e-03 9.999951e-01 -2.542825e-03 -1.597961e+00 -9.666248e-02 2.705448e-03 9.953136e-01 1.503377e+01
9.966433e-01 1.630670e-03 -8.185012e-02 3.722048e+01 -1.450729e-03 9.999964e-01 2.257814e-03 -1.609315e+00 8.185360e-02 -2.131495e-03 9.966420e-01 1.510379e+01
9.954794e-01 -1.550152e-03 9.496515e-02 3.734900e+01 1.792593e-03 9.999953e-01 -2.467713e-03 -1.619855e+00 -9.496098e-02 2.626795e-03 9.954776e-01 1.540806e+01
9.960965e-01 1.759622e-03 -8.825310e-02 3.769891e+01 -1.551059e-03 9.999958e-01 2.431730e-03 -1.633923e+00 8.825711e-02 -2.285355e-03 9.960951e-01 1.552309e+01
9.956636e-01 -1.561476e-03 9.301467e-02 3.795095e+01 1.792280e-03 9.999955e-01 -2.397913e-03 -1.643832e+00 -9.301060e-02 2.554226e-03 9.956619e-01 1.556176e+01
9.958519e-01 1.809925e-03 -9.096996e-02 3.826396e+01 -1.589509e-03 9.999956e-01 2.495316e-03 -1.653630e+00 9.097417e-02 -2.340371e-03 9.958504e-01 1.538702e+01
9.955828e-01 -1.527129e-03 9.387524e-02 3.881236e+01 1.767057e-03 9.999954e-01 -2.472776e-03 -1.672686e+00 -9.387113e-02 2.627739e-03 9.955810e-01 1.535903e+01
9.959765e-01 1.794184e-03 -8.959579e-02 3.926468e+01 -1.579743e-03 9.999957e-01 2.464243e-03 -1.690478e+00 8.959993e-02 -2.312793e-03 9.959751e-01 1.551506e+01
9.955742e-01 -1.544410e-03 9.396668e-02 3.963045e+01 1.780306e-03 9.999955e-01 -2.426670e-03 -1.704798e+00 -9.396260e-02 2.583222e-03 9.955724e-01 1.561294e+01
9.957699e-01 1.793386e-03 -9.186350e-02 3.987686e+01 -1.566604e-03 9.999955e-01 2.540707e-03 -1.717077e+00 9.186775e-02 -2.386049e-03 9.957683e-01 1.582772e+01
9.957803e-01 -1.602150e-03 9.175593e-02 3.979858e+01 1.831139e-03 9.999954e-01 -2.411529e-03 -1.717229e+00 -9.175175e-02 2.569374e-03 9.957787e-01 1.586189e+01
9.957224e-01 1.820280e-03 -9.237672e-02 4.007445e+01 -1.593025e-03 9.999955e-01 2.533735e-03 -1.727457e+00 9.238102e-02 -2.375741e-03 9.957208e-01 1.582240e+01
9.957959e-01 -1.585041e-03 9.158651e-02 4.045760e+01 1.814812e-03 9.999954e-01 -2.425593e-03 -1.741209e+00 -9.158235e-02 2.581611e-03 9.957942e-01 1.578562e+01
9.957080e-01 1.832449e-03 -9.253210e-02 4.058164e+01 -1.600910e-03 9.999954e-01 2.576382e-03 -1.742891e+00 9.253650e-02 -2.417191e-03 9.957063e-01 1.543869e+01
9.958742e-01 -1.602224e-03 9.073071e-02 4.064453e+01 1.827866e-03 9.999954e-01 -2.403932e-03 -1.743449e+00 -9.072654e-02 2.559860e-03 9.958726e-01 1.517335e+01
9.957788e-01 1.823867e-03 -9.176702e-02 4.070697e+01 -1.595656e-03 9.999954e-01 2.560128e-03 -1.744334e+00 9.177137e-02 -2.402895e-03 9.957772e-01 1.493512e+01
9.958653e-01 -1.604763e-03 9.082791e-02 4.088429e+01 1.830392e-03 9.999954e-01 -2.400927e-03 -1.750311e+00 -9.082374e-02 2.557254e-03 9.958638e-01 1.481636e+01
9.956683e-01 1.831682e-03 -9.295844e-02 4.116044e+01 -1.601071e-03 9.999955e-01 2.555295e-03 -1.759704e+00 9.296280e-02 -2.395396e-03 9.956666e-01 1.471485e+01
9.959445e-01 -1.565484e-03 8.995681e-02 4.142418e+01 1.787727e-03 9.999955e-01 -2.390062e-03 -1.768409e+00 -8.995276e-02 2.541190e-03 9.959429e-01 1.459526e+01
9.959390e-01 1.790405e-03 -9.001247e-02 4.174718e+01 -1.571975e-03 9.999956e-01 2.497466e-03 -1.779014e+00 9.001665e-02 -2.345829e-03 9.959374e-01 1.445224e+01
9.960804e-01 -1.565803e-03 8.843880e-02 4.202955e+01 1.782540e-03 9.999956e-01 -2.371799e-03 -1.788703e+00 -8.843479e-02 2.520151e-03 9.960788e-01 1.435703e+01
9.957597e-01 1.830794e-03 -9.197385e-02 4.222919e+01 -1.601771e-03 9.999954e-01 2.563811e-03 -1.795455e+00 9.197822e-02 -2.405622e-03 9.957581e-01 1.425420e+01
9.959674e-01 -1.603300e-03 8.970175e-02 4.243937e+01 1.824676e-03 9.999955e-01 -2.385993e-03 -1.805430e+00 -8.969761e-02 2.540051e-03 9.959659e-01 1.438442e+01
9.961888e-01 1.851251e-03 -8.720299e-02 4.287389e+01 -1.646436e-03 9.999957e-01 2.420551e-03 -1.822668e+00 8.720719e-02 -2.267754e-03 9.961876e-01 1.452855e+01
9.958101e-01 -1.558553e-03 9.143205e-02 4.346171e+01 1.788918e-03 9.999954e-01 -2.437651e-03 -1.845442e+00 -9.142793e-02 2.591005e-03 9.958084e-01 1.475628e+01
9.958873e-01 1.830482e-03 -9.058165e-02 4.386855e+01 -1.607004e-03 9.999955e-01 2.539985e-03 -1.862819e+00 9.058599e-02 -2.383976e-03 9.958857e-01 1.498267e+01
9.960483e-01 -1.571417e-03 8.880006e-02 4.428513e+01 1.790553e-03 9.999955e-01 -2.388171e-03 -1.879108e+00 -8.879601e-02 2.537738e-03 9.960467e-01 1.508246e+01
9.961021e-01 1.844371e-03 -8.818841e-02 4.479240e+01 -1.632110e-03 9.999956e-01 2.478927e-03 -1.898969e+00 8.819269e-02 -2.325334e-03 9.961007e-01 1.526096e+01
9.959766e-01 -1.563040e-03 8.960038e-02 4.541255e+01 1.788427e-03 9.999954e-01 -2.435267e-03 -1.921506e+00 -8.959627e-02 2.585715e-03 9.959749e-01 1.533779e+01
9.962088e-01 1.807365e-03 -8.697469e-02 4.594937e+01 -1.600732e-03 9.999957e-01 2.445443e-03 -1.940121e+00 8.697884e-02 -2.296952e-03 9.962075e-01 1.531543e+01
9.957463e-01 -1.587920e-03 9.212430e-02 4.634997e+01 1.821157e-03 9.999953e-01 -2.447769e-03 -1.955525e+00 -9.212009e-02 2.605133e-03 9.957446e-01 1.541149e+01
9.959147e-01 1.818453e-03 -9.027999e-02 4.661788e+01 -1.594641e-03 9.999955e-01 2.551127e-03 -1.965922e+00 9.028432e-02 -2.396744e-03 9.959131e-01 1.543540e+01
9.957915e-01 -1.604586e-03 9.163373e-02 4.679891e+01 1.836348e-03 9.999953e-01 -2.444984e-03 -1.974469e+00 -9.162947e-02 2.602969e-03 9.957898e-01 1.553489e+01
9.959275e-01 1.853607e-03 -9.013854e-02 4.715365e+01 -1.633363e-03 9.999955e-01 2.517068e-03 -1.987052e+00 9.014290e-02 -2.359591e-03 9.959260e-01 1.550575e+01
9.939519e-01 -1.789888e-03 1.098018e-01 4.745186e+01 2.121284e-03 9.999935e-01 -2.901410e-03 -1.998895e+00 -1.097960e-01 3.116786e-03 9.939493e-01 1.556801e+01
9.956975e-01 1.894472e-03 -9.264303e-02 4.770813e+01 -1.662958e-03 9.999953e-01 2.576091e-03 -2.008627e+00 9.264757e-02 -2.410949e-03 9.956960e-01 1.555861e+01
9.939784e-01 -1.766850e-03 1.095621e-01 4.803522e+01 2.094315e-03 9.999937e-01 -2.873870e-03 -2.022333e+00 -1.095565e-01 3.086025e-03 9.939758e-01 1.568852e+01
9.955407e-01 1.906024e-03 -9.431363e-02 4.839404e+01 -1.666713e-03 9.999952e-01 2.616066e-03 -2.036949e+00 9.431826e-02 -2.447209e-03 9.955390e-01 1.581936e+01
9.942090e-01 -1.697737e-03 1.074510e-01 4.886414e+01 2.014389e-03 9.999939e-01 -2.838496e-03 -2.053655e+00 -1.074457e-01 3.038510e-03 9.942064e-01 1.582477e+01
9.946918e-01 2.013987e-03 -1.028792e-01 4.936166e+01 -1.729622e-03 9.999944e-01 2.853164e-03 -2.072001e+00 1.028845e-01 -2.660080e-03 9.946897e-01 1.592184e+01
9.945870e-01 -1.678331e-03 1.038936e-01 4.984925e+01 1.976522e-03 9.999942e-01 -2.767296e-03 -2.089931e+00 -1.038885e-01 2.957668e-03 9.945846e-01 1.598304e+01
9.959812e-01 1.790336e-03 -8.954413e-02 5.037758e+01 -1.572536e-03 9.999956e-01 2.502780e-03 -2.108790e+00 8.954832e-02 -2.351913e-03 9.959797e-01 1.601401e+01
9.935682e-01 -1.684722e-03 1.132229e-01 5.086125e+01 2.043416e-03 9.999933e-01 -3.052074e-03 -2.126208e+00 -1.132171e-01 3.263808e-03 9.935650e-01 1.602807e+01
9.941067e-01 2.038601e-03 -1.083863e-01 5.135939e+01 -1.716064e-03 9.999938e-01 3.068970e-03 -2.144204e+00 1.083920e-01 -2.864889e-03 9.941041e-01 1.608318e+01
9.938451e-01 -1.649499e-03 1.107664e-01 5.194613e+01 1.995677e-03 9.999935e-01 -3.014527e-03 -2.165536e+00 -1.107608e-01 3.217030e-03 9.938419e-01 1.615155e+01
9.938155e-01 2.065632e-03 -1.110240e-01 5.259689e+01 -1.726825e-03 9.999936e-01 3.147698e-03 -2.188738e+00 1.110299e-01 -2.936515e-03 9.938127e-01 1.619319e+01
9.939117e-01 -1.657664e-03 1.101675e-01 5.313116e+01 1.998901e-03 9.999935e-01 -2.987095e-03 -2.208453e+00 -1.101620e-01 3.189126e-03 9.939086e-01 1.624871e+01
9.939970e-01 2.083376e-03 -1.093867e-01 5.384438e+01 -1.757797e-03 9.999937e-01 3.072721e-03 -2.232950e+00 1.093926e-01 -2.861999e-03 9.939945e-01 1.620991e+01
9.936386e-01 -1.631785e-03 1.126041e-01 5.463441e+01 1.983406e-03 9.999935e-01 -3.010700e-03 -2.260994e+00 -1.125986e-01 3.214890e-03 9.936354e-01 1.630411e+01
9.942895e-01 2.041151e-03 -1.066962e-01 5.530976e+01 -1.733927e-03 9.999941e-01 2.972082e-03 -2.286837e+00 1.067017e-01 -2.770109e-03 9.942872e-01 1.655526e+01
9.939594e-01 -1.652199e-03 1.097367e-01 5.587688e+01 1.983393e-03 9.999938e-01 -2.909017e-03 -2.308545e+00 -1.097313e-01 3.109099e-03 9.939565e-01 1.674475e+01
9.938257e-01 2.012539e-03 -1.109337e-01 5.623769e+01 -1.677371e-03 9.999937e-01 3.114547e-03 -2.323606e+00 1.109394e-01 -2.909242e-03 9.938229e-01 1.689829e+01
9.935094e-01 -1.624990e-03 1.137386e-01 5.659941e+01 1.979620e-03 9.999935e-01 -3.005086e-03 -2.341169e+00 -1.137330e-01 3.210743e-03 9.935062e-01 1.723527e+01
9.937677e-01 2.049474e-03 -1.114512e-01 5.720909e+01 -1.717123e-03 9.999938e-01 3.077907e-03 -2.364498e+00 1.114569e-01 -2.867353e-03 9.937651e-01 1.742577e+01
9.937355e-01 -1.631035e-03 1.117459e-01 5.776794e+01 1.968166e-03 9.999938e-01 -2.906722e-03 -2.386145e+00 -1.117405e-01 3.108451e-03 9.937326e-01 1.760229e+01
9.934949e-01 2.050760e-03 -1.138574e-01 5.817827e+01 -1.700969e-03 9.999935e-01 3.169216e-03 -2.405011e+00 1.138632e-01 -2.954935e-03 9.934920e-01 1.791691e+01
9.934887e-01 -1.629303e-03 1.139194e-01 5.856320e+01 1.979846e-03 9.999936e-01 -2.964066e-03 -2.423501e+00 -1.139139e-01 3.170312e-03 9.934856e-01 1.825633e+01
9.934990e-01 2.025019e-03 -1.138223e-01 5.899275e+01 -1.680849e-03 9.999937e-01 3.119609e-03 -2.440484e+00 1.138280e-01 -2.908013e-03 9.934962e-01 1.839348e+01
9.932039e-01 -1.589735e-03 1.163767e-01 5.962808e+01 1.957008e-03 9.999935e-01 -3.041732e-03 -2.464192e+00 -1.163712e-01 3.248814e-03 9.932005e-01 1.855181e+01
9.931249e-01 2.022454e-03 -1.170417e-01 5.999552e+01 -1.651663e-03 9.999933e-01 3.264901e-03 -2.481574e+00 1.170476e-01 -3.049144e-03 9.931216e-01 1.885458e+01
9.932002e-01 -1.577168e-03 1.164082e-01 6.044934e+01 1.945287e-03 9.999935e-01 -3.048793e-03 -2.501024e+00 -1.164028e-01 3.254512e-03 9.931968e-01 1.911146e+01
9.931596e-01 2.013152e-03 -1.167467e-01 6.065451e+01 -1.642030e-03 9.999933e-01 3.274927e-03 -2.516535e+00 1.167526e-01 -3.060827e-03 9.931563e-01 1.957670e+01
9.932093e-01 -1.577469e-03 1.163313e-01 6.068577e+01 1.940886e-03 9.999936e-01 -3.010789e-03 -2.531358e+00 -1.163259e-01 3.216133e-03 9.932059e-01 2.021857e+01
9.931379e-01 2.007461e-03 -1.169313e-01 6.081211e+01 -1.636847e-03 9.999933e-01 3.265417e-03 -2.546398e+00 1.169372e-01 -3.051614e-03 9.931346e-01 2.076162e+01
9.932197e-01 -1.591640e-03 1.162423e-01 6.089588e+01 1.952843e-03 9.999936e-01 -2.993532e-03 -2.561018e+00 -1.162369e-01 3.200241e-03 9.932164e-01 2.133971e+01
9.930657e-01 2.015610e-03 -1.175431e-01 6.095173e+01 -1.640744e-03 9.999933e-01 3.285830e-03 -2.575273e+00 1.175491e-01 -3.070190e-03 9.930623e-01 2.193103e+01
9.932177e-01 -1.592302e-03 1.162587e-01 6.101787e+01 1.952076e-03 9.999937e-01 -2.980832e-03 -2.590158e+00 -1.162533e-01 3.187564e-03 9.932145e-01 2.254510e+01
9.930221e-01 1.999217e-03 -1.179113e-01 6.113677e+01 -1.625970e-03 9.999934e-01 3.261573e-03 -2.604151e+00 1.179171e-01 -3.047096e-03 9.930187e-01 2.304799e+01
9.932342e-01 -1.594987e-03 1.161179e-01 6.122975e+01 1.952269e-03 9.999937e-01 -2.963248e-03 -2.617548e+00 -1.161126e-01 3.169896e-03 9.932311e-01 2.355776e+01
9.928123e-01 2.000882e-03 -1.196644e-01 6.129794e+01 -1.615164e-03 9.999932e-01 3.320200e-03 -2.629956e+00 1.196703e-01 -3.103060e-03 9.928088e-01 2.404956e+01
9.933254e-01 -1.562333e-03 1.153358e-01 6.142599e+01 1.913510e-03 9.999939e-01 -2.934184e-03 -2.643409e+00 -1.153306e-01 3.135299e-03 9.933223e-01 2.451799e+01
9.927028e-01 2.021383e-03 -1.205690e-01 6.154364e+01 -1.630527e-03 9.999931e-01 3.340304e-03 -2.656414e+00 1.205750e-01 -3.119341e-03 9.926993e-01 2.497545e+01
9.937197e-01 -1.474782e-03 1.118885e-01 6.167356e+01 1.800741e-03 9.999944e-01 -2.812273e-03 -2.668904e+00 -1.118838e-01 2.996096e-03 9.937168e-01 2.538702e+01
9.930225e-01 1.976345e-03 -1.179083e-01 6.183249e+01 -1.606128e-03 9.999935e-01 3.234777e-03 -2.683145e+00 1.179140e-01 -3.022834e-03 9.930192e-01 2.584922e+01
9.945050e-01 -1.362290e-03 1.046809e-01 6.197097e+01 1.639194e-03 9.999954e-01 -2.559257e-03 -2.695684e+00 -1.046771e-01 2.716789e-03 9.945026e-01 2.624994e+01
9.930230e-01 2.026112e-03 -1.179028e-01 6.213557e+01 -1.657086e-03 9.999934e-01 3.227839e-03 -2.708683e+00 1.179087e-01 -3.009946e-03 9.930198e-01 2.663996e+01
9.941770e-01 -1.469645e-03 1.077496e-01 6.236104e+01 1.768246e-03 9.999949e-01 -2.675784e-03 -2.722215e+00 -1.077452e-01 2.850734e-03 9.941745e-01 2.696973e+01
9.935316e-01 1.949351e-03 -1.135385e-01 6.269421e+01 -1.611353e-03 9.999940e-01 3.068617e-03 -2.738520e+00 1.135439e-01 -2.865820e-03 9.935288e-01 2.727313e+01
9.937613e-01 -1.562573e-03 1.115172e-01 6.304082e+01 1.887184e-03 9.999943e-01 -2.805386e-03 -2.755227e+00 -1.115123e-01 2.998341e-03 9.937586e-01 2.756964e+01
9.934928e-01 1.954080e-03 -1.138775e-01 6.345916e+01 -1.616047e-03 9.999940e-01 3.060606e-03 -2.772949e+00 1.138829e-01 -2.856661e-03 9.934900e-01 2.778691e+01
9.936302e-01 -1.553214e-03 1.126798e-01 6.384547e+01 1.882927e-03 9.999943e-01 -2.819764e-03 -2.790655e+00 -1.126749e-01 3.013974e-03 9.936274e-01 2.806746e+01
9.937177e-01 1.965933e-03 -1.118982e-01 6.433819e+01 -1.644095e-03 9.999942e-01 2.968342e-03 -2.811688e+00 1.119034e-01 -2.765725e-03 9.937152e-01 2.835806e+01
9.935329e-01 -1.530241e-03 1.135350e-01 6.498564e+01 1.866924e-03 9.999942e-01 -2.859218e-03 -2.836256e+00 -1.135300e-01 3.052691e-03 9.935299e-01 2.854724e+01
9.939731e-01 1.949484e-03 -1.096061e-01 6.577054e+01 -1.646602e-03 9.999946e-01 2.853791e-03 -2.864215e+00 1.096112e-01 -2.656117e-03 9.939709e-01 2.866650e+01
9.933267e-01 -1.535638e-03 1.153244e-01 6.643180e+01 1.876121e-03 9.999942e-01 -2.843937e-03 -2.888691e+00 -1.153194e-01 3.041324e-03 9.933239e-01 2.884941e+01
9.937348e-01 1.947991e-03 -1.117463e-01 6.699079e+01 -1.633288e-03 9.999944e-01 2.907668e-03 -2.910190e+00 1.117514e-01 -2.706940e-03 9.937325e-01 2.904003e+01
9.933711e-01 -1.538776e-03 1.149413e-01 6.747174e+01 1.872906e-03 9.999943e-01 -2.799050e-03 -2.930061e+00 -1.149364e-01 2.995773e-03 9.933684e-01 2.929030e+01
9.934867e-01 1.939929e-03 -1.139315e-01 6.783021e+01 -1.611356e-03 9.999943e-01 2.975946e-03 -2.947374e+00 1.139367e-01 -2.772981e-03 9.934841e-01 2.960669e+01
9.932810e-01 -1.531037e-03 1.157178e-01 6.828289e+01 1.869836e-03 9.999943e-01 -2.819330e-03 -2.966362e+00 -1.157129e-01 3.016763e-03 9.932782e-01 2.983825e+01
9.936176e-01 1.918048e-03 -1.127840e-01 6.872967e+01 -1.598975e-03 9.999945e-01 2.919420e-03 -2.984136e+00 1.127891e-01 -2.720451e-03 9.936152e-01 3.000965e+01
9.936497e-01 -1.498748e-03 1.125085e-01 6.929671e+01 1.818972e-03 9.999946e-01 -2.743647e-03 -3.007153e+00 -1.125039e-01 2.930877e-03 9.936470e-01 3.026776e+01
9.936078e-01 1.909108e-03 -1.128704e-01 6.981760e+01 -1.587738e-03 9.999944e-01 2.937042e-03 -3.028219e+00 1.128755e-01 -2.739062e-03 9.936053e-01 3.050455e+01
9.935362e-01 -1.560193e-03 1.135053e-01 7.009637e+01 1.885422e-03 9.999944e-01 -2.758044e-03 -3.041709e+00 -1.135004e-01 2.954225e-03 9.935336e-01 3.073669e+01
9.939862e-01 1.881163e-03 -1.094886e-01 7.038000e+01 -1.583159e-03 9.999948e-01 2.808629e-03 -3.055328e+00 1.094934e-01 -2.618404e-03 9.939840e-01 3.098297e+01
9.937006e-01 -1.557765e-03 1.120570e-01 7.068938e+01 1.871781e-03 9.999946e-01 -2.697158e-03 -3.069042e+00 -1.120523e-01 2.889917e-03 9.936982e-01 3.118824e+01
9.938011e-01 1.883351e-03 -1.111563e-01 7.096495e+01 -1.577188e-03 9.999947e-01 2.842187e-03 -3.082524e+00 1.111612e-01 -2.649257e-03 9.937988e-01 3.142866e+01
9.932054e-01 -1.507918e-03 1.163652e-01 7.139711e+01 1.847325e-03 9.999943e-01 -2.808967e-03 -3.100920e+00 -1.163604e-01 3.004848e-03 9.932026e-01 3.169306e+01
9.935176e-01 1.891966e-03 -1.136622e-01 7.168609e+01 -1.569248e-03 9.999945e-01 2.928650e-03 -3.116440e+00 1.136672e-01 -2.731304e-03 9.935151e-01 3.203451e+01
9.934284e-01 -1.518313e-03 1.144455e-01 7.213481e+01 1.847640e-03 9.999945e-01 -2.771587e-03 -3.134333e+00 -1.144408e-01 2.964831e-03 9.934257e-01 3.218054e+01
9.933750e-01 1.847516e-03 -1.149028e-01 7.244181e+01 -1.519716e-03 9.999945e-01 2.940357e-03 -3.147254e+00 1.149077e-01 -2.746260e-03 9.933723e-01 3.229595e+01
9.933987e-01 -1.520824e-03 1.147028e-01 7.278147e+01 1.852521e-03 9.999944e-01 -2.785274e-03 -3.161140e+00 -1.146981e-01 2.979380e-03 9.933960e-01 3.239461e+01
9.934340e-01 1.867753e-03 -1.143912e-01 7.309007e+01 -1.540096e-03 9.999945e-01 2.952638e-03 -3.174901e+00 1.143962e-01 -2.757080e-03 9.934313e-01 3.258294e+01
9.934519e-01 -1.511797e-03 1.142411e-01 7.331980e+01 1.838244e-03 9.999945e-01 -2.752253e-03 -3.188235e+00 -1.142364e-01 2.944237e-03 9.934493e-01 3.289430e+01
9.934454e-01 1.880842e-03 -1.142918e-01 7.368873e+01 -1.555118e-03 9.999945e-01 2.939003e-03 -3.204508e+00 1.142968e-01 -2.742004e-03 9.934428e-01 3.311554e+01
9.933189e-01 -1.518752e-03 1.153922e-01 7.413033e+01 1.854925e-03 9.999943e-01 -2.806007e-03 -3.221071e+00 -1.153873e-01 3.001306e-03 9.933161e-01 3.315999e+01
9.934469e-01 1.861572e-03 -1.142787e-01 7.445841e+01 -1.534311e-03 9.999945e-01 2.951571e-03 -3.234071e+00 1.142836e-01 -2.756893e-03 9.934443e-01 3.322198e+01
9.933913e-01 -1.513796e-03 1.147673e-01 7.481041e+01 1.847314e-03 9.999944e-01 -2.799750e-03 -3.248718e+00 -1.147626e-01 2.993261e-03 9.933885e-01 3.335403e+01
9.934020e-01 1.885060e-03 -1.146686e-01 7.527499e+01 -1.556163e-03 9.999944e-01 2.957659e-03 -3.267095e+00 1.146737e-01 -2.759704e-03 9.933993e-01 3.349907e+01
9.935902e-01 -1.480574e-03 1.130329e-01 7.576614e+01 1.801053e-03 9.999946e-01 -2.733225e-03 -3.287675e+00 -1.130284e-01 2.919287e-03 9.935875e-01 3.375628e+01
9.932465e-01 1.892813e-03 -1.160071e-01 7.619494e+01 -1.553455e-03 9.999942e-01 3.015638e-03 -3.306988e+00 1.160123e-01 -2.815062e-03 9.932437e-01 3.407264e+01
9.933760e-01 -1.471140e-03 1.149000e-01 7.667172e+01 1.805011e-03 9.999944e-01 -2.801792e-03 -3.326672e+00 -1.148953e-01 2.990631e-03 9.933732e-01 3.430425e+01
9.931719e-01 1.834384e-03 -1.166455e-01 7.712852e+01 -1.499282e-03 9.999945e-01 2.960476e-03 -3.339782e+00 1.166504e-01 -2.765379e-03 9.931691e-01 3.399245e+01
9.935025e-01 -1.398525e-03 1.138022e-01 7.763661e+01 1.725956e-03 9.999946e-01 -2.778739e-03 -3.352459e+00 -1.137978e-01 2.957104e-03 9.934996e-01 3.352173e+01
9.932692e-01 1.770722e-03 -1.158148e-01 7.820219e+01 -1.446301e-03 9.999948e-01 2.885148e-03 -3.369653e+00 1.158194e-01 -2.698228e-03 9.932666e-01 3.327265e+01
9.935234e-01 -1.381060e-03 1.136195e-01 7.880367e+01 1.707117e-03 9.999947e-01 -2.772497e-03 -3.388388e+00 -1.136152e-01 2.948505e-03 9.935205e-01 3.305263e+01
9.932212e-01 1.792599e-03 -1.162258e-01 7.940269e+01 -1.464631e-03 9.999947e-01 2.907136e-03 -3.404561e+00 1.162305e-01 -2.717204e-03 9.932185e-01 3.262166e+01
9.937097e-01 -1.347641e-03 1.119792e-01 7.998930e+01 1.662962e-03 9.999949e-01 -2.722553e-03 -3.421672e+00 -1.119750e-01 2.891647e-03 9.937069e-01 3.231645e+01
9.934048e-01 1.768450e-03 -1.146463e-01 8.076951e+01 -1.452318e-03 9.999949e-01 2.840897e-03 -3.446562e+00 1.146508e-01 -2.655661e-03 9.934023e-01 3.213437e+01
9.935979e-01 -1.351684e-03 1.129665e-01 8.150981e+01 1.668912e-03 9.999949e-01 -2.713655e-03 -3.471495e+00 -1.129624e-01 2.884816e-03 9.935951e-01 3.206546e+01
9.932831e-01 1.719769e-03 -1.156967e-01 8.212550e+01 -1.402700e-03 9.999950e-01 2.821858e-03 -3.490025e+00 1.157010e-01 -2.640618e-03 9.932805e-01 3.179128e+01
9.937867e-01 -1.276577e-03 1.112942e-01 8.270884e+01 1.579353e-03 9.999953e-01 -2.632405e-03 -3.504909e+00 -1.112904e-01 2.791825e-03 9.937841e-01 3.130509e+01
9.933384e-01 1.678544e-03 -1.152208e-01 8.342832e+01 -1.370328e-03 9.999953e-01 2.754133e-03 -3.525866e+00 1.152249e-01 -2.577898e-03 9.933360e-01 3.095738e+01
9.938257e-01 -1.240306e-03 1.109460e-01 8.414081e+01 1.534852e-03 9.999955e-01 -2.569517e-03 -3.548072e+00 -1.109424e-01 2.723940e-03 9.938232e-01 3.074597e+01
9.935423e-01 1.609370e-03 -1.134502e-01 8.481232e+01 -1.316476e-03 9.999956e-01 2.656545e-03 -3.568356e+00 1.134541e-01 -2.490038e-03 9.935401e-01 3.045749e+01
9.937735e-01 -1.227893e-03 1.114125e-01 8.544285e+01 1.521678e-03 9.999956e-01 -2.551936e-03 -3.585183e+00 -1.114090e-01 2.705583e-03 9.937710e-01 2.998553e+01
9.934918e-01 1.633013e-03 -1.138914e-01 8.604739e+01 -1.335963e-03 9.999955e-01 2.684435e-03 -3.599151e+00 1.138954e-01 -2.514812e-03 9.934895e-01 2.934637e+01
9.937941e-01 -1.250948e-03 1.112286e-01 8.663520e+01 1.543957e-03 9.999956e-01 -2.548220e-03 -3.614403e+00 -1.112250e-01 2.704141e-03 9.937916e-01 2.886716e+01
9.935581e-01 1.565583e-03 -1.133130e-01 8.709787e+01 -1.268513e-03 9.999956e-01 2.693707e-03 -3.627785e+00 1.133168e-01 -2.532618e-03 9.935556e-01 2.857710e+01
9.938351e-01 -1.257114e-03 1.108620e-01 8.756087e+01 1.549402e-03 9.999955e-01 -2.550412e-03 -3.642246e+00 -1.108584e-01 2.706461e-03 9.938326e-01 2.838175e+01
9.934997e-01 1.622888e-03 -1.138228e-01 8.814564e+01 -1.325196e-03 9.999955e-01 2.690984e-03 -3.657922e+00 1.138268e-01 -2.522657e-03 9.934974e-01 2.794954e+01
9.937390e-01 -1.249180e-03 1.117196e-01 8.874853e+01 1.546275e-03 9.999955e-01 -2.572711e-03 -3.674305e+00 -1.117160e-01 2.729356e-03 9.937365e-01 2.751628e+01
9.935486e-01 1.611070e-03 -1.133953e-01 8.928983e+01 -1.314586e-03 9.999955e-01 2.689314e-03 -3.688665e+00 1.133992e-01 -2.522900e-03 9.935463e-01 2.707714e+01
9.937028e-01 -1.255427e-03 1.120415e-01 8.974879e+01 1.552182e-03 9.999955e-01 -2.561450e-03 -3.700954e+00 -1.120379e-01 2.719232e-03 9.937003e-01 2.669392e+01
9.935958e-01 1.577302e-03 -1.129813e-01 9.013574e+01 -1.281067e-03 9.999955e-01 2.694507e-03 -3.711888e+00 1.129852e-01 -2.532517e-03 9.935934e-01 2.639664e+01
