9.991119e-01 -5.476663e-04 4.213178e-02 3.050352e-02 6.033278e-04 9.999990e-01 -1.308426e-03 -6.769622e-03 -4.213103e-02 1.332683e-03 9.991113e-01 1.731731e-01
9.999943e-01 3.643827e-06 3.390798e-03 9.014708e-02 -3.259249e-06 1.000000e+00 -1.134209e-04 -1.449727e-02 -3.390790e-03 1.134094e-04 9.999941e-01 3.521954e-01
9.992744e-01 -5.098723e-04 3.808372e-02 1.498202e-01 5.556675e-04 9.999991e-01 -1.191915e-03 -2.259888e-02 -3.808309e-02 1.212212e-03 9.992739e-01 5.618297e-01
9.999922e-01 3.255164e-06 3.944091e-03 2.182334e-01 -2.761275e-06 1.000000e+00 -1.252222e-04 -3.147745e-02 -3.944074e-03 1.252102e-04 9.999921e-01 7.962894e-01
9.992683e-01 -5.226325e-04 3.824503e-02 2.759353e-01 5.685168e-04 9.999991e-01 -1.188880e-03 -3.949245e-02 -3.824440e-02 1.209753e-03 9.992678e-01 1.001086e+00
9.999213e-01 -8.906897e-05 1.254774e-02 3.302938e-01 9.378379e-05 9.999999e-01 -3.751581e-04 -4.616766e-02 -1.254768e-02 3.763050e-04 9.999211e-01 1.118415e+00
9.994263e-01 -4.662754e-04 3.386480e-02 3.900400e-01 5.025070e-04 9.999993e-01 -1.061389e-03 -5.226295e-02 -3.386431e-02 1.077798e-03 9.994260e-01 1.203345e+00
9.999903e-01 7.298753e-05 4.403917e-03 6.363654e-01 -7.245077e-05 1.000000e+00 -1.220134e-04 -6.268273e-02 -4.403892e-03 1.216925e-04 9.999902e-01 1.227568e+00
9.998410e-01 -3.246781e-04 1.783020e-02 9.653636e-01 3.345875e-04 9.999998e-01 -5.527948e-04 -7.628915e-02 -1.783005e-02 5.586734e-04 9.998410e-01 1.335229e+00
9.997172e-01 -1.582597e-04 2.377817e-02 1.120113e+00 1.760516e-04 9.999997e-01 -7.461442e-04 -8.499095e-02 -2.377800e-02 7.501186e-04 9.997169e-01 1.420771e+00
9.999280e-01 -2.349150e-04 1.199908e-02 1.361580e+00 2.394066e-04 9.999999e-01 -3.729128e-04 -9.619683e-02 -1.199903e-02 3.757596e-04 9.999280e-01 1.516222e+00
9.999494e-01 3.609216e-05 1.005621e-02 1.557201e+00 -3.304734e-05 1.000000e+00 -3.029212e-04 -1.059340e-01 -1.005618e-02 3.025726e-04 9.999493e-01 1.617091e+00
9.995379e-01 -5.597589e-04 3.039089e-02 1.613406e+00 5.894322e-04 9.999994e-01 -9.674484e-04 -1.135812e-01 -3.039038e-02 9.849159e-04 9.995377e-01 1.801083e+00
9.999926e-01 1.973166e-04 3.840944e-03 1.819219e+00 -1.969255e-04 1.000000e+00 -1.021279e-04 -1.236141e-01 -3.840912e-03 1.013696e-04 9.999925e-01 1.874981e+00
9.994371e-01 -6.366271e-04 3.354254e-02 1.997822e+00 6.727909e-04 9.999992e-01 -1.066882e-03 -1.329365e-01 -3.354189e-02 1.088850e-03 9.994368e-01 1.965736e+00
9.999945e-01 3.148981e-04 -3.310464e-03 2.152309e+00 -3.145406e-04 9.999999e-01 1.083669e-04 -1.404492e-01 3.310555e-03 -1.073264e-04 9.999944e-01 1.993890e+00
9.992222e-01 -7.191494e-04 3.942593e-02 2.281380e+00 7.686667e-04 9.999989e-01 -1.240825e-03 -1.488958e-01 -3.942505e-02 1.270167e-03 9.992218e-01 2.115999e+00
9.999540e-01 4.289499e-04 -9.582382e-03 2.567398e+00 -4.260457e-04 9.999999e-01 3.050534e-04 -1.607717e-01 9.582575e-03 -3.009584e-04 9.999540e-01 2.169631e+00
9.991599e-01 -7.604396e-04 4.097422e-02 2.881695e+00 8.128917e-04 9.999989e-01 -1.263492e-03 -1.741952e-01 -4.097328e-02 1.295740e-03 9.991595e-01 2.277360e+00
9.999823e-01 3.549966e-04 -5.937478e-03 2.971678e+00 -3.540703e-04 9.999999e-01 1.569280e-04 -1.810779e-01 5.937601e-03 -1.548247e-04 9.999823e-01 2.377532e+00
9.995900e-01 -6.221263e-04 2.862691e-02 3.180125e+00 6.466720e-04 9.999994e-01 -8.482092e-04 -1.948258e-01 -2.862643e-02 8.663755e-04 9.995899e-01 2.699309e+00
9.999978e-01 4.231602e-04 -2.067719e-03 3.635543e+00 -4.231239e-04 9.999999e-01 1.758903e-05 -2.129963e-01 2.067797e-03 -1.671603e-05 9.999978e-01 2.837277e+00
9.996518e-01 -6.196126e-04 2.638037e-02 4.209697e+00 6.400735e-04 9.999995e-01 -7.672053e-04 -2.340057e-01 -2.637996e-02 7.838255e-04 9.996518e-01 2.911936e+00
9.999952e-01 3.538699e-04 3.057056e-03 4.701264e+00 -3.533835e-04 9.999999e-01 -1.593286e-04 -2.529727e-01 -3.057037e-03 1.582455e-04 9.999952e-01 3.032580e+00
9.997857e-01 -5.045313e-04 2.069616e-02 5.261557e+00 5.166234e-04 9.999997e-01 -5.789765e-04 -2.739923e-01 -2.069594e-02 5.895467e-04 9.997857e-01 3.146417e+00
9.999999e-01 3.392177e-04 -8.064340e-05 5.766840e+00 -3.392209e-04 9.999999e-01 -5.357892e-05 -2.936338e-01 8.070311e-05 5.360409e-05 9.999999e-01 3.296282e+00
9.999460e-01 -3.722007e-04 1.039044e-02 6.252686e+00 3.755682e-04 9.999999e-01 -3.222451e-04 -3.128288e-01 -1.039040e-02 3.261322e-04 9.999460e-01 3.488326e+00
9.999879e-01 4.298940e-04 -4.898022e-03 6.767956e+00 -4.292500e-04 9.999999e-01 1.323162e-04 -3.324391e-01 4.898157e-03 -1.302143e-04 9.999879e-01 3.616216e+00
9.997939e-01 -5.062188e-04 2.029602e-02 7.359478e+00 5.188091e-04 9.999997e-01 -6.151269e-04 -3.542794e-01 -2.029578e-02 6.255322e-04 9.997939e-01 3.737536e+00
9.999921e-01 3.731660e-04 -3.949589e-03 7.881305e+00 -3.726923e-04 9.999999e-01 1.203721e-04 -3.735955e-01 3.949714e-03 -1.189015e-04 9.999921e-01 3.819970e+00
9.998516e-01 -4.305400e-04 1.722314e-02 8.374776e+00 4.397552e-04 9.999998e-01 -5.313335e-04 -3.926962e-01 -1.722299e-02 5.388310e-04 9.998516e-01 3.975668e+00
9.999981e-01 3.240953e-04 -1.935744e-03 8.827857e+00 -3.239636e-04 9.999999e-01 6.772061e-05 -4.111443e-01 1.935849e-03 -6.709572e-05 9.999980e-01 4.170233e+00
9.999477e-01 -3.264910e-04 1.022008e-02 9.380652e+00 3.300079e-04 9.999999e-01 -3.425568e-04 -4.318238e-01 -1.022005e-02 3.459140e-04 9.999478e-01 4.309238e+00
9.999888e-01 3.516042e-04 -4.725041e-03 9.871497e+00 -3.508865e-04 9.999999e-01 1.524473e-04 -4.503449e-01 4.725178e-03 -1.507900e-04 9.999887e-01 4.430017e+00
9.999561e-01 -3.088614e-04 9.371460e-03 1.042249e+01 3.120059e-04 9.999999e-01 -3.342174e-04 -4.708321e-01 -9.371439e-03 3.371290e-04 9.999561e-01 4.548344e+00
9.999705e-01 3.861399e-04 -7.669994e-03 1.103481e+01 -3.845957e-04 9.999999e-01 2.026397e-04 -4.935147e-01 7.670155e-03 -1.996863e-04 9.999705e-01 4.689419e+00
9.999758e-01 -3.150340e-04 6.952131e-03 1.153890e+01 3.166819e-04 9.999999e-01 -2.361257e-04 -5.124152e-01 -6.952140e-03 2.383240e-04 9.999759e-01 4.777465e+00
9.999941e-01 3.657872e-04 -3.414912e-03 1.204059e+01 -3.654952e-04 9.999999e-01 8.573586e-05 -5.325826e-01 3.415026e-03 -8.448962e-05 9.999941e-01 4.999160e+00
9.999670e-01 -3.276310e-04 8.125684e-03 1.244526e+01 3.295521e-04 9.999999e-01 -2.352503e-04 -5.507024e-01 -8.125691e-03 2.379228e-04 9.999670e-01 5.287508e+00
9.999849e-01 3.650986e-04 -5.481240e-03 1.276666e+01 -3.643613e-04 9.999999e-01 1.352769e-04 -5.675722e-01 5.481373e-03 -1.332801e-04 9.999849e-01 5.642691e+00
9.999409e-01 -3.530009e-04 1.086588e-02 1.306051e+01 3.563751e-04 9.999999e-01 -3.087214e-04 -5.838981e-01 -1.086585e-02 3.125780e-04 9.999410e-01 6.011201e+00
9.999793e-01 3.650724e-04 -6.414165e-03 1.345672e+01 -3.640889e-04 9.999999e-01 1.542814e-04 -6.002993e-01 6.414306e-03 -1.519454e-04 9.999793e-01 6.206143e+00
9.999338e-01 -3.492520e-04 1.150061e-02 1.388013e+01 3.528463e-04 9.999999e-01 -3.106210e-04 -6.171895e-01 -1.150058e-02 3.146609e-04 9.999339e-01 6.376410e+00
9.999998e-01 2.596040e-04 4.409036e-04 1.418685e+01 -2.595898e-04 1.000000e+00 -2.898406e-05 -6.321631e-01 -4.408255e-04 2.886714e-05 9.999998e-01 6.643483e+00
9.999851e-01 -2.748990e-04 5.457112e-03 1.439771e+01 2.755963e-04 1.000000e+00 -1.272867e-04 -6.454122e-01 -5.457162e-03 1.287912e-04 9.999852e-01 6.969918e+00
9.999995e-01 2.203207e-04 9.136426e-04 1.445836e+01 -2.202660e-04 1.000000e+00 -5.838629e-05 -6.548608e-01 -9.135693e-04 5.818253e-05 9.999995e-01 7.316082e+00
9.999886e-01 -2.554903e-04 4.780228e-03 1.458571e+01 2.559560e-04 1.000000e+00 -9.711856e-05 -6.658709e-01 -4.780290e-03 9.834350e-05 9.999886e-01 7.658011e+00
9.999999e-01 2.240091e-04 -3.021546e-04 1.466166e+01 -2.240128e-04 1.000000e+00 -1.710585e-05 -6.762225e-01 3.022374e-04 1.717104e-05 9.999999e-01 8.032790e+00
9.999833e-01 -2.436274e-04 5.781414e-03 1.482536e+01 2.445379e-04 1.000000e+00 -1.570287e-04 -6.895442e-01 -5.781462e-03 1.584424e-04 9.999833e-01 8.442323e+00
9.999895e-01 2.599916e-04 -4.574129e-03 1.509542e+01 -2.594275e-04 1.000000e+00 1.235950e-04 -7.025184e-01 4.574248e-03 -1.224096e-04 9.999895e-01 8.652522e+00
9.999883e-01 -2.378570e-04 4.832594e-03 1.544945e+01 2.385975e-04 1.000000e+00 -1.529541e-04 -7.173618e-01 -4.832645e-03 1.541078e-04 9.999884e-01 8.793176e+00
9.999975e-01 2.651202e-04 -2.227328e-03 1.588685e+01 -2.649933e-04 1.000000e+00 5.661823e-05 -7.325550e-01 2.227430e-03 -5.603038e-05 9.999974e-01 8.734393e+00
9.999467e-01 -3.017947e-04 1.032110e-02 1.623572e+01 3.047487e-04 9.999999e-01 -2.847823e-04 -7.457527e-01 -1.032110e-02 2.879150e-04 9.999468e-01 8.779648e+00
9.999871e-01 3.003618e-04 -5.058666e-03 1.638092e+01 -2.997085e-04 9.999999e-01 1.295919e-04 -7.595912e-01 5.058792e-03 -1.280766e-04 9.999871e-01 9.241876e+00
9.999464e-01 -2.936636e-04 1.035474e-02 1.644540e+01 2.964989e-04 9.999999e-01 -2.724330e-04 -7.730408e-01 -1.035474e-02 2.754912e-04 9.999464e-01 9.779033e+00
9.999644e-01 3.136603e-04 -8.428749e-03 1.645396e+01 -3.120133e-04 9.999999e-01 1.965289e-04 -7.850218e-01 8.428898e-03 -1.938946e-04 9.999644e-01 1.029760e+01
9.998675e-01 -3.494949e-04 1.627496e-02 1.661279e+01 3.563716e-04 9.999998e-01 -4.197274e-04 -7.993397e-01 -1.627490e-02 4.254744e-04 9.998675e-01 1.076136e+01
9.998888e-01 3.707485e-04 -1.490768e-02 1.667794e+01 -3.646948e-04 9.999998e-01 4.086894e-04 -8.108806e-01 1.490792e-02 -4.032098e-04 9.998887e-01 1.120353e+01
9.998628e-01 -3.355407e-04 1.656065e-02 1.684082e+01 3.432768e-04 9.999998e-01 -4.643934e-04 -8.241797e-01 -1.656058e-02 4.700172e-04 9.998628e-01 1.160990e+01
9.999143e-01 3.825619e-04 -1.308077e-02 1.705991e+01 -3.778532e-04 9.999999e-01 3.623129e-04 -8.394891e-01 1.308100e-02 -3.573418e-04 9.999143e-01 1.204563e+01
9.998957e-01 -3.576149e-04 1.444332e-02 1.717120e+01 3.631150e-04 9.999999e-01 -3.782974e-04 -8.507517e-01 -1.444327e-02 3.835051e-04 9.998957e-01 1.241583e+01
9.999029e-01 3.758015e-04 -1.392937e-02 1.741199e+01 -3.707735e-04 9.999999e-01 3.634274e-04 -8.634547e-01 1.392959e-02 -3.582300e-04 9.999028e-01 1.266179e+01
9.998692e-01 -3.279901e-04 1.617336e-02 1.781299e+01 3.353022e-04 9.999998e-01 -4.494961e-04 -8.801118e-01 -1.617330e-02 4.548628e-04 9.998692e-01 1.285659e+01
9.998983e-01 3.502762e-04 -1.425821e-02 1.811977e+01 -3.447421e-04 9.999999e-01 3.904801e-04 -8.940112e-01 1.425843e-02 -3.855275e-04 9.998982e-01 1.306641e+01
9.998389e-01 -3.490759e-04 1.794619e-02 1.833256e+01 3.579383e-04 9.999998e-01 -4.907103e-04 -9.062364e-01 -1.794611e-02 4.970575e-04 9.998389e-01 1.334172e+01
9.999645e-01 3.072272e-04 -8.416223e-03 1.870579e+01 -3.054580e-04 9.999999e-01 2.112994e-04 -9.227630e-01 8.416377e-03 -2.087237e-04 9.999645e-01 1.360170e+01
9.997309e-01 -4.022466e-04 2.319614e-02 1.907963e+01 4.173316e-04 9.999997e-01 -6.455568e-04 -9.400627e-01 -2.319596e-02 6.550662e-04 9.997308e-01 1.389326e+01
9.999423e-01 3.537676e-04 -1.073553e-02 1.953060e+01 -3.509473e-04 9.999999e-01 2.644253e-04 -9.596090e-01 1.073571e-02 -2.606450e-04 9.999423e-01 1.418215e+01
9.997646e-01 -3.786037e-04 2.169249e-02 1.992597e+01 3.912935e-04 9.999998e-01 -5.808223e-04 -9.778610e-01 -2.169236e-02 5.891764e-04 9.997646e-01 1.450504e+01
9.998698e-01 3.960609e-04 -1.613221e-02 2.027730e+01 -3.896139e-04 9.999998e-01 4.026672e-04 -9.941742e-01 1.613246e-02 -3.963321e-04 9.998697e-01 1.478878e+01
9.997140e-01 -4.024333e-04 2.391208e-02 2.057104e+01 4.172921e-04 9.999997e-01 -6.164806e-04 -1.009962e+00 -2.391191e-02 6.262853e-04 9.997139e-01 1.513540e+01
9.998170e-01 4.625922e-04 -1.912321e-02 2.100599e+01 -4.537443e-04 9.999998e-01 4.669239e-04 -1.028210e+00 1.912351e-02 -4.581641e-04 9.998170e-01 1.537538e+01
9.996818e-01 -4.219645e-04 2.522402e-02 2.138459e+01 4.384417e-04 9.999997e-01 -6.477753e-04 -1.045610e+00 -2.522383e-02 6.586311e-04 9.996817e-01 1.567887e+01
9.998583e-01 4.886017e-04 -1.682555e-02 2.194190e+01 -4.819861e-04 9.999998e-01 3.971325e-04 -1.067517e+00 1.682583e-02 -3.889692e-04 9.998583e-01 1.591464e+01
9.997098e-01 -4.217311e-04 2.408935e-02 2.243454e+01 4.364506e-04 9.999997e-01 -6.058599e-04 -1.088359e+00 -2.408918e-02 6.162006e-04 9.997097e-01 1.621124e+01
9.998369e-01 4.776671e-04 -1.804956e-02 2.288144e+01 -4.702266e-04 9.999998e-01 4.163628e-04 -1.107223e+00 1.804985e-02 -4.078102e-04 9.998369e-01 1.646685e+01
9.997626e-01 -3.899836e-04 2.178555e-02 2.347380e+01 4.023648e-04 9.999998e-01 -5.640239e-04 -1.129728e+00 -2.178541e-02 5.726585e-04 9.997626e-01 1.664040e+01
9.998978e-01 4.384975e-04 -1.428993e-02 2.401408e+01 -4.336751e-04 9.999998e-01 3.404301e-04 -1.149779e+00 1.429017e-02 -3.342008e-04 9.998978e-01 1.677564e+01
9.997645e-01 -4.397938e-04 2.169702e-02 2.437604e+01 4.515482e-04 9.999998e-01 -5.369420e-04 -1.165472e+00 -2.169688e-02 5.466156e-04 9.997645e-01 1.700062e+01
9.999024e-01 4.407209e-04 -1.395986e-02 2.475432e+01 -4.362875e-04 9.999999e-01 3.204820e-04 -1.181514e+00 1.396009e-02 -3.143629e-04 9.999024e-01 1.720905e+01
9.998703e-01 -3.862639e-04 1.610214e-02 2.517645e+01 3.928071e-04 9.999998e-01 -4.033138e-04 -1.198812e+00 -1.610207e-02 4.095893e-04 9.998703e-01 1.739161e+01
9.998848e-01 4.406336e-04 -1.517039e-02 2.552785e+01 -4.349469e-04 9.999998e-01 3.780204e-04 -1.215189e+00 1.517065e-02 -3.713812e-04 9.998848e-01 1.766187e+01
9.998645e-01 -4.067154e-04 1.645808e-02 2.574571e+01 4.136182e-04 9.999998e-01 -4.161360e-04 -1.229298e+00 -1.645800e-02 4.228897e-04 9.998645e-01 1.803033e+01
9.999135e-01 3.883591e-04 -1.314480e-02 2.595939e+01 -3.839874e-04 9.999999e-01 3.349561e-04 -1.239731e+00 1.314502e-02 -3.298824e-04 9.999135e-01 1.817895e+01
9.998606e-01 -3.918981e-04 1.669650e-02 2.622737e+01 3.992914e-04 9.999998e-01 -4.395851e-04 -1.252298e+00 -1.669642e-02 4.461933e-04 9.998606e-01 1.836971e+01
9.998746e-01 4.041856e-04 -1.582747e-02 2.643171e+01 -3.974162e-04 9.999998e-01 4.307182e-04 -1.263282e+00 1.582773e-02 -4.243769e-04 9.998746e-01 1.856535e+01
9.998617e-01 -3.998927e-04 1.662584e-02 2.662641e+01 4.072983e-04 9.999998e-01 -4.421606e-04 -1.271732e+00 -1.662575e-02 4.488739e-04 9.998617e-01 1.860377e+01
9.998897e-01 4.153684e-04 -1.484293e-02 2.684581e+01 -4.095111e-04 9.999998e-01 3.975213e-04 -1.283933e+00 1.484319e-02 -3.914018e-04 9.998897e-01 1.885195e+01
9.998624e-01 -3.742291e-04 1.658933e-02 2.715460e+01 3.813859e-04 9.999998e-01 -4.283612e-04 -1.297360e+00 -1.658926e-02 4.346320e-04 9.998624e-01 1.899023e+01
9.999180e-01 3.836620e-04 -1.279637e-02 2.726560e+01 -3.795357e-04 9.999999e-01 3.247295e-04 -1.310248e+00 1.279659e-02 -3.198489e-04 9.999180e-01 1.944996e+01
9.998496e-01 -3.881362e-04 1.733964e-02 2.749923e+01 3.961173e-04 9.999998e-01 -4.569614e-04 -1.324440e+00 -1.733956e-02 4.637640e-04 9.998496e-01 1.979694e+01
9.999179e-01 3.683080e-04 -1.280217e-02 2.772974e+01 -3.637854e-04 9.999999e-01 3.554328e-04 -1.334580e+00 1.280240e-02 -3.507492e-04 9.999179e-01 1.990850e+01
9.999007e-01 -3.671610e-04 1.409272e-02 2.786734e+01 3.723580e-04 9.999999e-01 -3.662894e-04 -1.343187e+00 -1.409268e-02 3.715033e-04 9.999007e-01 2.007906e+01
9.999236e-01 3.478944e-04 -1.235683e-02 2.791119e+01 -3.436941e-04 9.999999e-01 3.418761e-04 -1.348628e+00 1.235704e-02 -3.376057e-04 9.999235e-01 2.021839e+01
9.999098e-01 -3.416565e-04 1.342581e-02 2.815546e+01 3.466522e-04 9.999999e-01 -3.699191e-04 -1.357896e+00 -1.342578e-02 3.745426e-04 9.999099e-01 2.019870e+01
9.999663e-01 3.628677e-04 -8.202847e-03 2.852775e+01 -3.610637e-04 9.999999e-01 2.211509e-04 -1.373115e+00 8.203022e-03 -2.181845e-04 9.999663e-01 2.036350e+01
9.999550e-01 -3.537092e-04 9.481431e-03 2.873068e+01 3.559679e-04 9.999999e-01 -2.367397e-04 -1.383744e+00 -9.481441e-03 2.401069e-04 9.999551e-01 2.054084e+01
9.999858e-01 3.305158e-04 -5.311297e-03 2.881541e+01 -3.298423e-04 9.999999e-01 1.273066e-04 -1.395514e+00 5.311434e-03 -1.255557e-04 9.999858e-01 2.097637e+01
9.998852e-01 -4.124823e-04 1.514895e-02 2.908585e+01 4.185639e-04 9.999998e-01 -3.984240e-04 -1.408840e+00 -1.514888e-02 4.047218e-04 9.998852e-01 2.121432e+01
9.999668e-01 3.966966e-04 -8.128351e-03 2.941734e+01 -3.950808e-04 9.999999e-01 2.001372e-04 -1.423441e+00 8.128525e-03 -1.969219e-04 9.999669e-01 2.142406e+01
9.999365e-01 -3.544643e-04 1.126704e-02 2.979918e+01 3.578770e-04 9.999999e-01 -3.010653e-04 -1.439753e+00 -1.126703e-02 3.050812e-04 9.999365e-01 2.163063e+01
9.999654e-01 3.772819e-04 -8.311021e-03 3.011332e+01 -3.755666e-04 9.999999e-01 2.076907e-04 -1.454307e+00 8.311194e-03 -2.045650e-04 9.999654e-01 2.186417e+01
9.999523e-01 -3.366421e-04 9.765781e-03 3.035598e+01 3.390163e-04 9.999999e-01 -2.416804e-04 -1.468631e+00 -9.765795e-03 2.449824e-04 9.999523e-01 2.220041e+01
9.999719e-01 3.288241e-04 -7.489427e-03 3.043397e+01 -3.275104e-04 9.999999e-01 1.763487e-04 -1.478758e+00 7.489581e-03 -1.738937e-04 9.999719e-01 2.256555e+01
9.999331e-01 -3.248523e-04 1.156231e-02 3.067578e+01 3.281682e-04 9.999999e-01 -2.850682e-04 -1.492185e+00 -1.156231e-02 2.888464e-04 9.999332e-01 2.286036e+01
9.999713e-01 3.382134e-04 -7.562632e-03 3.081140e+01 -3.368840e-04 9.999999e-01 1.767656e-04 -1.505470e+00 7.562788e-03 -1.742156e-04 9.999713e-01 2.330890e+01
9.997631e-01 -5.081233e-04 2.176215e-02 3.097324e+01 5.204652e-04 9.999997e-01 -5.615631e-04 -1.517332e+00 -2.176196e-02 5.727593e-04 9.997631e-01 2.364108e+01
9.999146e-01 4.780973e-04 -1.306014e-02 3.104629e+01 -4.736597e-04 9.999998e-01 3.426972e-04 -1.529402e+00 1.306040e-02 -3.364847e-04 9.999146e-01 2.409603e+01
9.999116e-01 -4.355195e-04 1.328916e-02 3.119021e+01 4.399978e-04 9.999998e-01 -3.342344e-04 -1.542982e+00 -1.328911e-02 3.400549e-04 9.999117e-01 2.453961e+01
9.999378e-01 4.923988e-04 -1.114281e-02 3.148117e+01 -4.893764e-04 9.999998e-01 2.737648e-04 -1.559077e+00 1.114304e-02 -2.682975e-04 9.999378e-01 2.490502e+01
9.998371e-01 -5.204861e-04 1.804610e-02 3.162348e+01 5.286938e-04 9.999998e-01 -4.501765e-04 -1.572830e+00 -1.804596e-02 4.596468e-04 9.998371e-01 2.536662e+01
9.999517e-01 4.824691e-04 -9.808238e-03 3.194599e+01 -4.803717e-04 9.999999e-01 2.159550e-04 -1.587191e+00 9.808439e-03 -2.112358e-04 9.999518e-01 2.558812e+01
9.998777e-01 -4.400157e-04 1.563842e-02 3.242830e+01 4.463012e-04 9.999998e-01 -3.985813e-04 -1.606336e+00 -1.563834e-02 4.055148e-04 9.998777e-01 2.579074e+01
9.999604e-01 4.351466e-04 -8.883454e-03 3.264586e+01 -4.333455e-04 9.999999e-01 2.044191e-04 -1.620668e+00 8.883640e-03 -2.005642e-04 9.999605e-01 2.618255e+01
9.999173e-01 -4.301359e-04 1.285309e-02 3.270601e+01 4.343288e-04 9.999999e-01 -3.236069e-04 -1.633710e+00 -1.285305e-02 3.291655e-04 9.999174e-01 2.670744e+01
9.999531e-01 4.777925e-04 -9.666734e-03 3.292991e+01 -4.756418e-04 9.999999e-01 2.245384e-04 -1.649109e+00 9.666938e-03 -2.199328e-04 9.999532e-01 2.713717e+01
9.997947e-01 -6.090619e-04 2.025515e-02 3.299293e+01 6.193124e-04 9.999997e-01 -4.999147e-04 -1.660808e+00 -2.025494e-02 5.123592e-04 9.997948e-01 2.758206e+01
9.999973e-01 4.405396e-04 -2.278700e-03 3.315014e+01 -4.405910e-04 9.999999e-01 -2.312823e-05 -1.671002e+00 2.278788e-03 2.412930e-05 9.999973e-01 2.780451e+01
9.999504e-01 -4.843724e-04 9.952562e-03 3.325380e+01 4.860621e-04 9.999999e-01 -1.675979e-04 -1.682195e+00 -9.952578e-03 1.724301e-04 9.999505e-01 2.818806e+01
9.999977e-01 4.392495e-04 -2.079615e-03 3.342545e+01 -4.393719e-04 9.999999e-01 -5.959972e-05 -1.694118e+00 2.079687e-03 6.051045e-05 9.999978e-01 2.850467e+01
9.999609e-01 -5.059740e-04 8.837304e-03 3.356098e+01 5.070035e-04 9.999999e-01 -1.145343e-04 -1.705648e+00 -8.837344e-03 1.190133e-04 9.999610e-01 2.886390e+01
9.999948e-01 4.895203e-04 -3.172400e-03 3.391038e+01 -4.897065e-04 9.999999e-01 -5.871114e-05 -1.718836e+00 3.172470e-03 6.026153e-05 9.999949e-01 2.890754e+01
9.999736e-01 -4.426088e-04 7.255142e-03 3.438030e+01 4.431741e-04 9.999999e-01 -7.664458e-05 -1.736704e+00 -7.255206e-03 7.986076e-05 9.999737e-01 2.901746e+01
9.999962e-01 4.534717e-04 -2.690170e-03 3.470486e+01 -4.536026e-04 9.999999e-01 -4.897299e-05 -1.750578e+00 2.690246e-03 5.019022e-05 9.999963e-01 2.918400e+01
9.999688e-01 -4.591421e-04 7.888970e-03 3.504253e+01 4.599138e-04 9.999999e-01 -9.631876e-05 -1.764950e+00 -7.889023e-03 9.994692e-05 9.999689e-01 2.935524e+01
9.999771e-01 4.631339e-04 -6.740826e-03 3.514066e+01 -4.626052e-04 9.999999e-01 7.961573e-05 -1.774184e+00 6.740961e-03 -7.649843e-05 9.999772e-01 2.964286e+01
9.999792e-01 -4.968275e-04 6.433418e-03 3.492495e+01 4.975259e-04 9.999999e-01 -1.073380e-04 -1.772911e+00 -6.433463e-03 1.105394e-04 9.999794e-01 2.979469e+01
9.999725e-01 4.595716e-04 -7.401782e-03 3.491716e+01 -4.586634e-04 9.999999e-01 1.240526e-04 -1.773439e+00 7.401937e-03 -1.206571e-04 9.999725e-01 2.972918e+01
9.999759e-01 -4.874064e-04 6.935588e-03 3.498020e+01 4.883449e-04 9.999999e-01 -1.339920e-04 -1.776616e+00 -6.935621e-03 1.373786e-04 9.999760e-01 2.968048e+01
9.999690e-01 4.948984e-04 -7.852387e-03 3.500246e+01 -4.938349e-04 9.999999e-01 1.370531e-04 -1.774974e+00 7.852552e-03 -1.331740e-04 9.999691e-01 2.934136e+01
9.999792e-01 -5.350815e-04 6.434784e-03 3.498651e+01 5.357891e-04 9.999999e-01 -1.086259e-04 -1.775498e+00 -6.434824e-03 1.120742e-04 9.999793e-01 2.929791e+01
9.999707e-01 4.982941e-04 -7.639609e-03 3.503146e+01 -4.973587e-04 9.999999e-01 1.240023e-04 -1.778089e+00 7.639769e-03 -1.202019e-04 9.999708e-01 2.926114e+01
9.999789e-01 -5.256991e-04 6.478900e-03 3.489514e+01 5.265178e-04 9.999999e-01 -1.250438e-04 -1.773789e+00 -6.478933e-03 1.284553e-04 9.999791e-01 2.914150e+01
9.999705e-01 5.157714e-04 -7.658609e-03 3.515823e+01 -5.149202e-04 9.999999e-01 1.127688e-04 -1.783922e+00 7.658765e-03 -1.088248e-04 9.999706e-01 2.913892e+01
9.999885e-01 -5.028232e-04 4.777366e-03 3.510939e+01 5.031629e-04 9.999999e-01 -7.044304e-05 -1.782406e+00 -4.777429e-03 7.284896e-05 9.999886e-01 2.902025e+01
9.999858e-01 4.765224e-04 -5.298118e-03 3.518196e+01 -4.761755e-04 9.999999e-01 6.624735e-05 -1.785652e+00 5.298247e-03 -6.372646e-05 9.999859e-01 2.895991e+01
9.999927e-01 -4.841237e-04 3.801687e-03 3.542543e+01 4.843341e-04 9.999999e-01 -5.510177e-05 -1.796456e+00 -3.801759e-03 5.694559e-05 9.999928e-01 2.906969e+01
9.999732e-01 5.005052e-04 -7.295095e-03 3.561562e+01 -4.996532e-04 9.999999e-01 1.182607e-04 -1.806418e+00 7.295252e-03 -1.146154e-04 9.999733e-01 2.924107e+01
9.999887e-01 -4.941498e-04 4.734091e-03 3.576118e+01 4.944301e-04 9.999999e-01 -5.856280e-05 -1.816802e+00 -4.734160e-03 6.090576e-05 9.999888e-01 2.951728e+01
9.999992e-01 5.200375e-04 -1.150527e-03 3.612241e+01 -5.201207e-04 9.999999e-01 -7.419744e-05 -1.833073e+00 1.150587e-03 7.479291e-05 9.999993e-01 2.977208e+01
9.999819e-01 -4.617650e-04 5.997990e-03 3.658944e+01 4.622994e-04 9.999999e-01 -8.813306e-05 -1.853645e+00 -5.998048e-03 9.090728e-05 9.999821e-01 3.010510e+01
9.999800e-01 4.932934e-04 -6.295982e-03 3.692395e+01 -4.927142e-04 9.999999e-01 9.314083e-05 -1.868925e+00 6.296126e-03 -9.003973e-05 9.999801e-01 3.033393e+01
9.999819e-01 -4.436669e-04 6.000213e-03 3.734968e+01 4.442775e-04 9.999999e-01 -1.008543e-04 -1.886640e+00 -6.000267e-03 1.035212e-04 9.999821e-01 3.054006e+01
9.999853e-01 5.018223e-04 -5.384446e-03 3.776924e+01 -5.015382e-04 9.999999e-01 5.363577e-05 -1.905051e+00 5.384571e-03 -5.093736e-05 9.999854e-01 3.081254e+01
9.999785e-01 -4.540288e-04 6.547862e-03 3.827095e+01 4.548611e-04 9.999999e-01 -1.260012e-04 -1.924378e+00 -6.547903e-03 1.289798e-04 9.999786e-01 3.095213e+01
9.999914e-01 4.805070e-04 -4.115194e-03 3.873942e+01 -4.804925e-04 9.999999e-01 3.881385e-06 -1.942173e+00 4.115294e-03 -1.906919e-06 9.999915e-01 3.106633e+01
9.999731e-01 -4.448807e-04 7.324960e-03 3.919121e+01 4.458668e-04 9.999999e-01 -1.333360e-04 -1.960262e+00 -7.324999e-03 1.366013e-04 9.999732e-01 3.125839e+01
9.999997e-01 3.978849e-04 -6.632072e-04 3.939958e+01 -3.979064e-04 9.999999e-01 -3.606873e-05 -1.971261e+00 6.632919e-04 3.632971e-05 9.999997e-01 3.147393e+01
9.999974e-01 -4.057739e-04 2.261906e-03 3.959990e+01 4.057993e-04 9.999999e-01 -1.191411e-05 -1.981522e+00 -2.262000e-03 1.283490e-05 9.999975e-01 3.164606e+01
9.999981e-01 3.833728e-04 1.889491e-03 3.986322e+01 -3.831739e-04 9.999999e-01 -1.042849e-04 -1.994832e+00 -1.889431e-03 1.035578e-04 9.999982e-01 3.189770e+01
9.997827e-01 -6.299751e-04 2.083963e-02 4.007600e+01 6.418936e-04 9.999996e-01 -5.653557e-04 -2.006969e+00 -2.083937e-02 5.786127e-04 9.997827e-01 3.214063e+01
9.999735e-01 5.246833e-04 -7.257686e-03 4.039470e+01 -5.234398e-04 9.999998e-01 1.728504e-04 -2.021132e+00 7.257875e-03 -1.690498e-04 9.999736e-01 3.232774e+01
9.997367e-01 -6.710506e-04 2.293724e-02 4.057913e+01 6.852512e-04 9.999996e-01 -6.113725e-04 -2.034544e+00 -2.293692e-02 6.269323e-04 9.997368e-01 3.269828e+01
9.999845e-01 4.928539e-04 -5.543576e-03 4.081132e+01 -4.922748e-04 9.999999e-01 1.053118e-04 -2.047165e+00 5.543727e-03 -1.025841e-04 9.999846e-01 3.293970e+01
9.997939e-01 -5.996968e-04 2.029444e-02 4.118943e+01 6.105333e-04 9.999997e-01 -5.279120e-04 -2.062661e+00 -2.029421e-02 5.401967e-04 9.997940e-01 3.309464e+01
9.999240e-01 6.026047e-04 -1.231382e-02 4.166553e+01 -5.993091e-04 9.999998e-01 2.710909e-04 -2.081046e+00 1.231408e-02 -2.636934e-04 9.999241e-01 3.326129e+01
9.998314e-01 -5.927852e-04 1.835753e-02 4.216261e+01 6.014491e-04 9.999997e-01 -4.665940e-04 -2.099572e+00 -1.835735e-02 4.775594e-04 9.998314e-01 3.336020e+01
9.999995e-01 4.354964e-04 -8.420057e-04 4.270857e+01 -4.355402e-04 9.999999e-01 -5.539183e-05 -2.120088e+00 8.420815e-04 5.575556e-05 9.999996e-01 3.349058e+01
9.997897e-01 -5.328734e-04 2.050300e-02 4.319781e+01 5.442056e-04 9.999997e-01 -5.472780e-04 -2.138920e+00 -2.050280e-02 5.583238e-04 9.997897e-01 3.362304e+01
9.999818e-01 4.172786e-04 -6.006662e-03 4.351732e+01 -4.164689e-04 9.999999e-01 1.355353e-04 -2.153300e+00 6.006818e-03 -1.330343e-04 9.999819e-01 3.382261e+01
9.999779e-01 -3.367150e-04 6.646898e-03 4.410464e+01 3.382388e-04 9.999999e-01 -2.285949e-04 -2.175349e+00 -6.646921e-03 2.308411e-04 9.999779e-01 3.397504e+01
9.999784e-01 4.083978e-04 -6.553924e-03 4.467336e+01 -4.071689e-04 9.999999e-01 1.883692e-04 -2.196890e+00 6.554100e-03 -1.856995e-04 9.999785e-01 3.412318e+01
9.999878e-01 -2.973731e-04 4.940718e-03 4.527796e+01 2.983863e-04 9.999999e-01 -2.049449e-04 -2.219055e+00 -4.940757e-03 2.064196e-04 9.999878e-01 3.421159e+01
9.999890e-01 3.860971e-04 -4.664918e-03 4.597792e+01 -3.855729e-04 9.999999e-01 1.126044e-04 -2.243238e+00 4.665061e-03 -1.108075e-04 9.999891e-01 3.417965e+01
9.999708e-01 -2.818278e-04 7.641632e-03 4.663424e+01 2.835817e-04 9.999999e-01 -2.288428e-04 -2.267951e+00 -7.641667e-03 2.310061e-04 9.999708e-01 3.437044e+01
9.999980e-01 3.209225e-04 -1.972316e-03 4.712921e+01 -3.208228e-04 9.999999e-01 4.927902e-05 -2.289959e+00 1.972432e-03 -4.864914e-05 9.999980e-01 3.473579e+01
9.999921e-01 -2.894949e-04 3.970292e-03 4.746381e+01 2.899525e-04 1.000000e+00 -1.154704e-04 -2.305705e+00 -3.970358e-03 1.166237e-04 9.999922e-01 3.500919e+01
9.999897e-01 3.444573e-04 -4.516131e-03 4.782042e+01 -3.438644e-04 9.999999e-01 1.313613e-04 -2.322628e+00 4.516276e-03 -1.298100e-04 9.999897e-01 3.530048e+01
9.999777e-01 -2.955486e-04 6.682818e-03 4.813063e+01 2.969419e-04 9.999999e-01 -2.079569e-04 -2.339932e+00 -6.682856e-03 2.099397e-04 9.999777e-01 3.569895e+01
9.999838e-01 3.884716e-04 -5.664608e-03 4.871313e+01 -3.877367e-04 9.999999e-01 1.302823e-04 -2.362916e+00 5.664758e-03 -1.280868e-04 9.999839e-01 3.592962e+01
9.999866e-01 -2.945740e-04 5.178512e-03 4.922741e+01 2.952427e-04 9.999999e-01 -1.289651e-04 -2.384191e+00 -5.178574e-03 1.304953e-04 9.999866e-01 3.618458e+01
9.999800e-01 3.785246e-04 -6.307352e-03 4.959465e+01 -3.774273e-04 9.999999e-01 1.746621e-04 -2.403081e+00 6.307517e-03 -1.722810e-04 9.999800e-01 3.657597e+01
9.999890e-01 -2.867132e-04 4.701441e-03 5.004587e+01 2.873431e-04 9.999999e-01 -1.339704e-04 -2.422260e+00 -4.701502e-03 1.353228e-04 9.999890e-01 3.682161e+01
9.999996e-01 2.957841e-04 8.323645e-04 5.047157e+01 -2.957356e-04 1.000000e+00 -5.459168e-05 -2.439811e+00 -8.322807e-04 5.434254e-05 9.999996e-01 3.702450e+01
1.000000e+00 -2.146038e-04 6.038212e-05 5.100600e+01 2.146002e-04 1.000000e+00 6.772141e-06 -2.461042e+00 -6.048345e-05 -6.756199e-06 1.000000e+00 3.722897e+01
9.999994e-01 2.935856e-04 -9.639780e-04 5.128498e+01 -2.935541e-04 1.000000e+00 2.953544e-05 -2.478282e+00 9.640865e-04 -2.925540e-05 9.999995e-01 3.767716e+01
1.000000e+00 -2.200385e-04 -1.911517e-04 5.157799e+01 2.200376e-04 1.000000e+00 1.147064e-05 -2.495361e+00 1.910493e-04 -1.150972e-05 1.000000e+00 3.808986e+01
9.999998e-01 2.803515e-04 -3.849774e-04 5.170051e+01 -2.803365e-04 1.000000e+00 3.090291e-05 -2.510559e+00 3.850859e-04 -3.079793e-05 9.999999e-01 3.864465e+01
1.000000e+00 -2.205626e-04 -1.280754e-04 5.178574e+01 2.205624e-04 1.000000e+00 2.273349e-05 -2.525710e+00 1.279705e-04 -2.275877e-05 1.000000e+00 3.924183e+01
9.999998e-01 2.921692e-04 -3.873665e-04 5.184422e+01 -2.921518e-04 1.000000e+00 3.700642e-05 -2.541202e+00 3.874772e-04 -3.689618e-05 9.999999e-01 3.988589e+01
9.999998e-01 -2.372075e-04 -6.363513e-04 5.190779e+01 2.372258e-04 1.000000e+00 3.350779e-05 -2.555938e+00 6.362434e-04 -3.365578e-05 9.999998e-01 4.048864e+01
9.999998e-01 3.052632e-04 -4.557867e-04 5.196034e+01 -3.052405e-04 1.000000e+00 4.320681e-05 -2.571177e+00 4.558997e-04 -4.307061e-05 9.999998e-01 4.112569e+01
9.999993e-01 -2.465997e-04 -1.237691e-03 5.203740e+01 2.466726e-04 1.000000e+00 6.123795e-05 -2.586510e+00 1.237576e-03 -6.154026e-05 9.999993e-01 4.174617e+01
9.999993e-01 2.967719e-04 -1.113072e-03 5.215319e+01 -2.967110e-04 1.000000e+00 5.218002e-05 -2.601187e+00 1.113187e-03 -5.185264e-05 9.999993e-01 4.228758e+01
9.999997e-01 -2.487169e-04 -8.476653e-04 5.222207e+01 2.487568e-04 1.000000e+00 5.051971e-05 -2.614813e+00 8.475527e-04 -5.072762e-05 9.999997e-01 4.283223e+01
9.999935e-01 3.020814e-04 -3.568382e-03 5.226891e+01 -3.017042e-04 9.999999e-01 1.053909e-04 -2.627541e+00 3.568514e-03 -1.043165e-04 9.999936e-01 4.335327e+01
9.999997e-01 -2.685166e-04 8.461313e-04 5.236378e+01 2.685039e-04 1.000000e+00 1.167318e-05 -2.640471e+00 -8.462343e-04 -1.144305e-05 9.999997e-01 4.383701e+01
9.999624e-01 4.256338e-04 -8.655906e-03 5.248848e+01 -4.233129e-04 9.999999e-01 2.696122e-04 -2.653342e+00 8.656120e-03 -2.659408e-04 9.999625e-01 4.427334e+01
9.999983e-01 -2.731431e-04 1.875977e-03 5.260175e+01 2.731512e-04 1.000000e+00 -5.589877e-06 -2.666686e+00 -1.876076e-03 6.105208e-06 9.999983e-01 4.475018e+01
9.999789e-01 3.717742e-04 -6.481201e-03 5.270662e+01 -3.704702e-04 9.999999e-01 2.019404e-04 -2.681015e+00 6.481376e-03 -1.995379e-04 9.999789e-01 4.528820e+01
9.999883e-01 -1.432998e-04 -4.846379e-03 5.281534e+01 1.443523e-04 1.000000e+00 2.174220e-04 -2.693903e+00 4.846248e-03 -2.181161e-04 9.999883e-01 4.574234e+01
9.999025e-01 6.115056e-04 -1.394637e-02 5.294928e+01 -6.042639e-04 9.999997e-01 5.232541e-04 -2.705439e+00 1.394678e-02 -5.147787e-04 9.999026e-01 4.608637e+01
9.999846e-01 -4.079255e-04 5.543199e-03 5.311248e+01 4.090751e-04 9.999999e-01 -2.067425e-04 -2.719760e+00 -5.543214e-03 2.090097e-04 9.999847e-01 4.654636e+01
9.999448e-01 5.459404e-04 -1.048966e-02 5.335319e+01 -5.417521e-04 9.999998e-01 4.018530e-04 -2.735680e+00 1.048997e-02 -3.961508e-04 9.999448e-01 4.698289e+01
9.999669e-01 -4.740426e-04 8.124033e-03 5.362526e+01 4.765381e-04 9.999998e-01 -3.055667e-04 -2.752114e+00 -8.123987e-03 3.094308e-04 9.999670e-01 4.739860e+01
9.999276e-01 5.622482e-04 -1.201611e-02 5.396530e+01 -5.571745e-04 9.999998e-01 4.253567e-04 -2.767119e+00 1.201645e-02 -4.186336e-04 9.999277e-01 4.759706e+01
9.999511e-01 -5.022317e-04 9.880941e-03 5.429025e+01 5.057648e-04 9.999998e-01 -3.553397e-04 -2.782512e+00 -9.880860e-03 3.603225e-04 9.999512e-01 4.785029e+01
9.999469e-01 5.892533e-04 -1.028715e-02 5.465423e+01 -5.852734e-04 9.999998e-01 3.896201e-04 -2.801138e+00 1.028748e-02 -3.835814e-04 9.999470e-01 4.823662e+01
9.999256e-01 -4.706404e-04 1.219496e-02 5.532092e+01 4.766706e-04 9.999998e-01 -4.917948e-04 -2.826515e+00 -1.219482e-02 4.975740e-04 9.999256e-01 4.845552e+01
9.999533e-01 6.069875e-04 -9.642327e-03 5.606202e+01 -6.033970e-04 9.999997e-01 3.749866e-04 -2.854065e+00 9.642652e-03 -3.691537e-04 9.999534e-01 4.865379e+01
9.998882e-01 -5.173266e-04 1.494434e-02 5.661302e+01 5.253001e-04 9.999997e-01 -5.298034e-04 -2.876330e+00 -1.494417e-02 5.375972e-04 9.998882e-01 4.893257e+01
9.999303e-01 6.057426e-04 -1.178357e-02 5.706650e+01 -6.006317e-04 9.999997e-01 4.370301e-04 -2.896036e+00 1.178393e-02 -4.299248e-04 9.999304e-01 4.922640e+01
9.998954e-01 -4.887105e-04 1.446079e-02 5.754323e+01 4.958441e-04 9.999998e-01 -4.899043e-04 -2.917330e+00 -1.446065e-02 4.970261e-04 9.998954e-01 4.957373e+01
9.999181e-01 5.804398e-04 -1.277798e-02 5.786474e+01 -5.745076e-04 9.999997e-01 4.677084e-04 -2.935304e+00 1.277835e-02 -4.603318e-04 9.999182e-01 4.999306e+01
9.998881e-01 -4.880619e-04 1.495251e-02 5.825061e+01 4.957937e-04 9.999997e-01 -5.135699e-04 -2.954136e+00 -1.495235e-02 5.209286e-04 9.998881e-01 5.035406e+01
9.999285e-01 5.745385e-04 -1.193883e-02 5.864712e+01 -5.693742e-04 9.999997e-01 4.357337e-04 -2.972807e+00 1.193918e-02 -4.289076e-04 9.999286e-01 5.069544e+01
9.999192e-01 -4.297105e-04 1.271043e-02 5.930416e+01 4.359432e-04 9.999998e-01 -4.878041e-04 -2.999579e+00 -1.271032e-02 4.933085e-04 9.999192e-01 5.101996e+01
9.999167e-01 5.880035e-04 -1.289243e-02 5.997544e+01 -5.816191e-04 9.999997e-01 4.987332e-04 -3.026665e+00 1.289282e-02 -4.911959e-04 9.999167e-01 5.134771e+01
9.998618e-01 -4.881845e-04 1.662017e-02 6.037640e+01 4.982453e-04 9.999997e-01 -6.013661e-04 -3.046458e+00 -1.661997e-02 6.095667e-04 9.998617e-01 5.175149e+01
9.999505e-01 5.690683e-04 -9.923698e-03 6.090118e+01 -5.653090e-04 9.999998e-01 3.813488e-04 -3.068973e+00 9.924013e-03 -3.757227e-04 9.999506e-01 5.209031e+01
9.999311e-01 -5.177264e-04 1.173264e-02 6.118562e+01 5.226913e-04 9.999998e-01 -4.203397e-04 -3.084385e+00 -1.173252e-02 4.264460e-04 9.999311e-01 5.243982e+01
9.999389e-01 5.536015e-04 -1.103198e-02 6.137153e+01 -5.492954e-04 9.999998e-01 3.931109e-04 -3.098098e+00 1.103230e-02 -3.870298e-04 9.999390e-01 5.283369e+01
9.998720e-01 -4.900182e-04 1.599521e-02 6.176431e+01 4.986563e-04 9.999997e-01 -5.362296e-04 -3.116424e+00 -1.599504e-02 5.441399e-04 9.998720e-01 5.317183e+01
9.999161e-01 5.803199e-04 -1.293574e-02 6.204696e+01 -5.743856e-04 9.999997e-01 4.622444e-04 -3.134149e+00 1.293610e-02 -4.547783e-04 9.999162e-01 5.364380e+01
9.998973e-01 -5.104812e-04 1.432604e-02 6.242455e+01 5.175958e-04 9.999997e-01 -4.931089e-04 -3.151730e+00 -1.432589e-02 5.004761e-04 9.998973e-01 5.393873e+01
9.998976e-01 5.462224e-04 -1.429447e-02 6.273855e+01 -5.393152e-04 9.999997e-01 4.868656e-04 -3.165606e+00 1.429483e-02 -4.791092e-04 9.998977e-01 5.412573e+01
9.998919e-01 -5.242117e-04 1.469850e-02 6.303291e+01 5.316622e-04 9.999997e-01 -5.031703e-04 -3.178842e+00 -1.469833e-02 5.109333e-04 9.998919e-01 5.430774e+01
9.999043e-01 5.658033e-04 -1.382033e-02 6.335503e+01 -5.591440e-04 9.999997e-01 4.855061e-04 -3.193838e+00 1.382070e-02 -4.777348e-04 9.999043e-01 5.455392e+01
9.998970e-01 -4.996290e-04 1.434968e-02 6.354125e+01 5.064003e-04 9.999998e-01 -4.684391e-04 -3.209203e+00 -1.434954e-02 4.756602e-04 9.998970e-01 5.503037e+01
9.999002e-01 5.639779e-04 -1.411303e-02 6.386584e+01 -5.573013e-04 9.999997e-01 4.768054e-04 -3.225731e+00 1.411339e-02 -4.688953e-04 9.999002e-01 5.536158e+01
9.998829e-01 -5.231463e-04 1.529601e-02 6.417047e+01 5.307558e-04 9.999997e-01 -4.936015e-04 -3.240104e+00 -1.529585e-02 5.016649e-04 9.998829e-01 5.560125e+01
9.999000e-01 5.333278e-04 -1.413010e-02 6.445952e+01 -5.268444e-04 9.999998e-01 4.623549e-04 -3.252350e+00 1.413044e-02 -4.548670e-04 9.999000e-01 5.571038e+01
9.998940e-01 -4.999906e-04 1.455756e-02 6.473890e+01 5.069242e-04 9.999998e-01 -4.727864e-04 -3.266034e+00 -1.455742e-02 4.801186e-04 9.998940e-01 5.594717e+01
9.998862e-01 5.631923e-04 -1.507004e-02 6.515219e+01 -5.559907e-04 9.999997e-01 4.818778e-04 -3.283789e+00 1.507040e-02 -4.734469e-04 9.998863e-01 5.617571e+01
9.999045e-01 -4.683495e-04 1.381670e-02 6.564112e+01 4.746102e-04 9.999998e-01 -4.500466e-04 -3.304645e+00 -1.381659e-02 4.565639e-04 9.999045e-01 5.645189e+01
9.998640e-01 5.696065e-04 -1.647731e-02 6.604415e+01 -5.606344e-04 9.999997e-01 5.489579e-04 -3.324160e+00 1.647771e-02 -5.396482e-04 9.998640e-01 5.682743e+01
9.999009e-01 -4.960206e-04 1.407230e-02 6.640122e+01 5.026059e-04 9.999998e-01 -4.646191e-04 -3.341570e+00 -1.407216e-02 4.716486e-04 9.999009e-01 5.715986e+01
9.998685e-01 5.304684e-04 -1.620521e-02 6.688774e+01 -5.234724e-04 9.999998e-01 4.357828e-04 -3.357938e+00 1.620554e-02 -4.272452e-04 9.998685e-01 5.706206e+01
9.998995e-01 -4.497513e-04 1.416992e-02 6.744413e+01 4.567856e-04 9.999998e-01 -4.933789e-04 -3.373899e+00 -1.416979e-02 4.998047e-04 9.998995e-01 5.674356e+01
9.998522e-01 5.139870e-04 -1.718068e-02 6.796300e+01 -5.052703e-04 9.999997e-01 5.115286e-04 -3.392590e+00 1.718104e-02 -5.027748e-04 9.998522e-01 5.677484e+01
9.999330e-01 -3.829784e-04 1.157768e-02 6.847874e+01 3.877260e-04 9.999998e-01 -4.080550e-04 -3.410250e+00 -1.157762e-02 4.125193e-04 9.999329e-01 5.673472e+01
9.998775e-01 4.821484e-04 -1.564221e-02 6.903793e+01 -4.755485e-04 9.999998e-01 4.254757e-04 -3.428046e+00 1.564251e-02 -4.179876e-04 9.998775e-01 5.657470e+01
9.999258e-01 -3.819820e-04 1.217833e-02 6.966831e+01 3.871622e-04 9.999998e-01 -4.232218e-04 -3.448684e+00 -1.217827e-02 4.279082e-04 9.999258e-01 5.645967e+01
9.998876e-01 4.874019e-04 -1.497863e-02 7.035429e+01 -4.809766e-04 9.999998e-01 4.323837e-04 -3.472418e+00 1.497894e-02 -4.251334e-04 9.998877e-01 5.646098e+01
9.999071e-01 -3.842437e-04 1.363122e-02 7.108664e+01 3.904231e-04 9.999998e-01 -4.508564e-04 -3.498260e+00 -1.363115e-02 4.561392e-04 9.999070e-01 5.650960e+01
9.998715e-01 4.240337e-04 -1.602452e-02 7.166563e+01 -4.174194e-04 9.999998e-01 4.159376e-04 -3.516934e+00 1.602479e-02 -4.091979e-04 9.998715e-01 5.636066e+01
9.999411e-01 -2.901337e-04 1.085662e-02 7.224884e+01 2.943844e-04 9.999999e-01 -3.901742e-04 -3.533459e+00 -1.085660e-02 3.933499e-04 9.999410e-01 5.602851e+01
9.998720e-01 4.230672e-04 -1.599310e-02 7.285179e+01 -4.162654e-04 9.999998e-01 4.284578e-04 -3.551668e+00 1.599337e-02 -4.217483e-04 9.998720e-01 5.578691e+01
9.999376e-01 -2.732027e-04 1.117083e-02 7.349741e+01 2.767036e-04 9.999999e-01 -3.120756e-04 -3.574933e+00 -1.117085e-02 3.151499e-04 9.999376e-01 5.588969e+01
9.998847e-01 4.046886e-04 -1.517890e-02 7.413316e+01 -3.993943e-04 9.999999e-01 3.516508e-04 -3.595850e+00 1.517914e-02 -3.455505e-04 9.998847e-01 5.578607e+01
9.999154e-01 -3.266754e-04 1.300640e-02 7.469648e+01 3.317689e-04 9.999999e-01 -3.896578e-04 -3.611315e+00 -1.300637e-02 3.939426e-04 9.999154e-01 5.539875e+01
9.998499e-01 4.674329e-04 -1.731832e-02 7.521744e+01 -4.599535e-04 9.999998e-01 4.357071e-04 -3.625028e+00 1.731862e-02 -4.276787e-04 9.998499e-01 5.499338e+01
9.999023e-01 -3.920269e-04 1.397779e-02 7.577381e+01 3.983733e-04 9.999998e-01 -4.514319e-04 -3.640750e+00 -1.397771e-02 4.569589e-04 9.999023e-01 5.465979e+01
9.998536e-01 4.189279e-04 -1.710399e-02 7.622766e+01 -4.110862e-04 9.999998e-01 4.618283e-04 -3.654543e+00 1.710428e-02 -4.547321e-04 9.998536e-01 5.444540e+01
9.998982e-01 -4.081104e-04 1.426900e-02 7.666127e+01 4.142615e-04 9.999998e-01 -4.283030e-04 -3.669736e+00 -1.426892e-02 4.341732e-04 9.998982e-01 5.441095e+01
9.998448e-01 4.808016e-04 -1.760958e-02 7.722080e+01 -4.734803e-04 9.999998e-01 4.197793e-04 -3.685555e+00 1.760988e-02 -4.113790e-04 9.998448e-01 5.407469e+01
9.998813e-01 -4.316849e-04 1.540228e-02 7.779239e+01 4.387289e-04 9.999998e-01 -4.541223e-04 -3.702178e+00 -1.540218e-02 4.608286e-04 9.998813e-01 5.375925e+01
9.998570e-01 4.710033e-04 -1.689902e-02 7.828053e+01 -4.640059e-04 9.999998e-01 4.178414e-04 -3.716603e+00 1.689931e-02 -4.099431e-04 9.998571e-01 5.348632e+01
9.998816e-01 -4.341771e-04 1.538712e-02 7.868530e+01 4.409634e-04 9.999998e-01 -4.378152e-04 -3.728410e+00 -1.538702e-02 4.445513e-04 9.998816e-01 5.322582e+01
9.998465e-01 4.668331e-04 -1.751063e-02 7.908386e+01 -4.593864e-04 9.999998e-01 4.291394e-04 -3.740510e+00 1.751093e-02 -4.210320e-04 9.998465e-01 5.301519e+01
