9.999918e-01 7.750417e-06 4.055259e-03 2.641706e-01 -7.313079e-06 1.000000e+00 -1.078639e-04 -1.347021e-02 -4.055260e-03 1.078329e-04 9.999919e-01 2.550031e-01
9.999993e-01 2.002460e-05 1.141518e-03 6.630522e-01 -1.994230e-05 1.000000e+00 -7.209367e-05 -3.117870e-02 -1.141519e-03 7.207130e-05 9.999992e-01 5.352358e-01
9.999974e-01 1.776409e-05 2.267929e-03 1.090821e+00 -1.759943e-05 1.000000e+00 -7.262798e-05 -4.976947e-02 -2.267932e-03 7.258745e-05 9.999975e-01 8.072943e-01
9.998976e-01 -1.487450e-04 1.431080e-02 1.562258e+00 1.550811e-04 9.999999e-01 -4.416408e-04 -6.969152e-02 -1.431073e-02 4.438153e-04 9.998974e-01 1.072040e+00
9.999771e-01 -1.120432e-04 6.766391e-03 1.906581e+00 1.134793e-04 1.000000e+00 -2.118545e-04 -8.475540e-02 -6.766372e-03 2.126172e-04 9.999772e-01 1.251009e+00
9.999725e-01 -2.926091e-05 7.414316e-03 2.149596e+00 3.073217e-05 1.000000e+00 -1.983199e-04 -9.468421e-02 -7.414303e-03 1.985425e-04 9.999724e-01 1.296470e+00
9.999984e-01 -1.950033e-05 -1.784013e-03 2.412610e+00 1.955092e-05 1.000000e+00 2.834095e-05 -1.045606e-01 1.784005e-03 -2.837605e-05 9.999985e-01 1.292008e+00
9.999970e-01 3.658801e-05 2.447987e-03 2.793221e+00 -3.641397e-05 1.000000e+00 -7.113787e-05 -1.190142e-01 -2.447983e-03 7.104877e-05 9.999969e-01 1.329484e+00
9.999886e-01 -3.808097e-05 -4.770410e-03 3.025891e+00 3.866976e-05 1.000000e+00 1.233353e-04 -1.309268e-01 4.770398e-03 -1.235186e-04 9.999887e-01 1.550673e+00
9.999961e-01 1.964073e-04 -2.799471e-03 3.253007e+00 -1.961614e-04 1.000000e+00 8.808719e-05 -1.415506e-01 2.799494e-03 -8.753742e-05 9.999960e-01 1.687226e+00
9.999999e-01 -1.390222e-04 4.589580e-04 3.510367e+00 1.390641e-04 1.000000e+00 -9.128254e-05 -1.525084e-01 -4.589512e-04 9.134608e-05 1.000000e+00 1.786274e+00
9.999411e-01 3.833982e-04 -1.084290e-02 3.623573e+00 -3.786776e-04 9.999998e-01 4.374127e-04 -1.595613e-01 1.084307e-02 -4.332806e-04 9.999410e-01 1.913453e+00
9.999801e-01 -3.070013e-04 6.295124e-03 3.688736e+00 3.091264e-04 9.999999e-01 -3.366203e-04 -1.630441e-01 -6.295024e-03 3.385593e-04 9.999802e-01 1.900971e+00
9.997820e-01 6.431143e-04 -2.086756e-02 3.634480e+00 -6.259787e-04 9.999995e-01 8.276794e-04 -1.656610e-01 2.086808e-02 -8.144359e-04 9.997818e-01 2.037445e+00
9.997949e-01 -6.187590e-04 2.024223e-02 3.655659e+00 6.351699e-04 9.999995e-01 -8.043035e-04 -1.762121e-01 -2.024172e-02 8.169955e-04 9.997949e-01 2.481121e+00
9.997583e-01 6.489203e-04 -2.197427e-02 3.747035e+00 -6.302417e-04 9.999994e-01 8.569349e-04 -1.874977e-01 2.197482e-02 -8.428783e-04 9.997581e-01 2.876204e+00
9.995828e-01 -6.713018e-04 2.887484e-02 3.987082e+00 7.023089e-04 9.999992e-01 -1.063716e-03 -2.002327e-01 -2.887411e-02 1.083551e-03 9.995826e-01 3.130030e+00
9.991277e-01 1.066852e-03 -4.174667e-02 4.166179e+00 -1.003388e-03 9.999983e-01 1.541130e-03 -2.100711e-01 4.174824e-02 -1.497897e-03 9.991269e-01 3.298884e+00
9.995975e-01 -6.415773e-04 2.836355e-02 4.290090e+00 6.697780e-04 9.999993e-01 -9.847668e-04 -2.181393e-01 -2.836290e-02 1.003367e-03 9.995973e-01 3.450873e+00
9.996503e-01 6.807115e-04 -2.643624e-02 4.445694e+00 -6.555559e-04 9.999993e-01 9.602137e-04 -2.299549e-01 2.643687e-02 -9.425470e-04 9.996499e-01 3.780145e+00
9.988171e-01 -8.975793e-04 4.861757e-02 4.785227e+00 9.760171e-04 9.999983e-01 -1.589647e-03 -2.453444e-01 -4.861607e-02 1.635218e-03 9.988163e-01 4.006080e+00
9.994672e-01 7.752085e-04 -3.263098e-02 4.952027e+00 -7.385111e-04 9.999991e-01 1.136656e-03 -2.573285e-01 3.263183e-02 -1.111951e-03 9.994667e-01 4.322730e+00
9.987112e-01 -9.180422e-04 5.074538e-02 5.148001e+00 1.002663e-03 9.999981e-01 -1.642133e-03 -2.691210e-01 -5.074378e-02 1.690897e-03 9.987104e-01 4.581160e+00
9.986220e-01 1.079816e-03 -5.246780e-02 5.195539e+00 -9.892590e-04 9.999980e-01 1.751900e-03 -2.725112e-01 5.246960e-02 -1.697581e-03 9.986210e-01 4.586657e+00
9.974873e-01 -1.179122e-03 7.083636e-02 5.216740e+00 1.338525e-03 9.999967e-01 -2.202887e-03 -2.764214e-01 -7.083353e-02 2.292168e-03 9.974856e-01 4.639307e+00
9.985044e-01 1.083492e-03 -5.466019e-02 5.343004e+00 -9.854762e-04 9.999979e-01 1.820113e-03 -2.851189e-01 5.466206e-02 -1.763524e-03 9.985033e-01 4.824827e+00
9.982594e-01 -1.038306e-03 5.896651e-02 5.491620e+00 1.152394e-03 9.999975e-01 -1.900833e-03 -2.904969e-01 -5.896440e-02 1.965477e-03 9.982583e-01 4.755503e+00
9.984683e-01 1.107954e-03 -5.531600e-02 5.703115e+00 -1.006932e-03 9.999978e-01 1.854110e-03 -2.980565e-01 5.531794e-02 -1.795571e-03 9.984671e-01 4.696239e+00
9.986229e-01 -9.315776e-04 5.245386e-02 5.934877e+00 1.022811e-03 9.999980e-01 -1.712491e-03 -3.127315e-01 -5.245217e-02 1.763783e-03 9.986220e-01 5.070429e+00
9.988322e-01 1.035840e-03 -4.830368e-02 6.260126e+00 -9.580333e-04 9.999982e-01 1.633912e-03 -3.301143e-01 4.830529e-02 -1.585727e-03 9.988313e-01 5.461258e+00
9.985158e-01 -9.808363e-04 5.445356e-02 6.438642e+00 1.077522e-03 9.999979e-01 -1.746234e-03 -3.426347e-01 -5.445175e-02 1.802317e-03 9.985149e-01 5.806343e+00
9.984234e-01 1.111166e-03 -5.612094e-02 6.604529e+00 -1.008668e-03 9.999978e-01 1.854681e-03 -3.551991e-01 5.612288e-02 -1.795149e-03 9.984222e-01 6.167964e+00
9.985945e-01 -9.727925e-04 5.299131e-02 6.813697e+00 1.065804e-03 9.999979e-01 -1.726995e-03 -3.660178e-01 -5.298953e-02 1.781046e-03 9.985936e-01 6.346366e+00
9.985845e-01 1.060454e-03 -5.317773e-02 7.041796e+00 -9.673372e-04 9.999980e-01 1.776751e-03 -3.759023e-01 5.317952e-02 -1.722795e-03 9.985834e-01 6.423020e+00
9.988406e-01 -9.475181e-04 4.813055e-02 7.105902e+00 1.023448e-03 9.999983e-01 -1.552954e-03 -3.858100e-01 -4.812901e-02 1.600412e-03 9.988399e-01 6.791732e+00
9.985378e-01 1.104255e-03 -5.404720e-02 7.181132e+00 -1.007740e-03 9.999978e-01 1.812977e-03 -3.967206e-01 5.404909e-02 -1.755860e-03 9.985366e-01 7.196783e+00
9.987773e-01 -9.347921e-04 4.942792e-02 7.448837e+00 1.015620e-03 9.999982e-01 -1.610168e-03 -4.104250e-01 -4.942634e-02 1.658399e-03 9.987765e-01 7.464495e+00
9.987506e-01 1.037854e-03 -4.996165e-02 7.916521e+00 -9.585988e-04 9.999982e-01 1.610262e-03 -4.278056e-01 4.996324e-02 -1.560356e-03 9.987497e-01 7.500284e+00
9.988637e-01 -9.223026e-04 4.764843e-02 8.290781e+00 9.962454e-04 9.999983e-01 -1.528117e-03 -4.434489e-01 -4.764695e-02 1.573850e-03 9.988631e-01 7.669627e+00
9.983859e-01 1.221952e-03 -5.678142e-02 8.620347e+00 -1.117528e-03 9.999976e-01 1.870782e-03 -4.578006e-01 5.678358e-02 -1.804308e-03 9.983848e-01 7.846637e+00
9.989134e-01 -8.787523e-04 4.659566e-02 8.910545e+00 9.470542e-04 9.999985e-01 -1.443787e-03 -4.725914e-01 -4.659433e-02 1.486346e-03 9.989129e-01 8.131135e+00
9.986591e-01 1.102272e-03 -5.175697e-02 9.385374e+00 -1.019745e-03 9.999982e-01 1.620882e-03 -4.912772e-01 5.175867e-02 -1.565930e-03 9.986583e-01 8.293255e+00
9.988302e-01 -8.647384e-04 4.834746e-02 9.958508e+00 9.375131e-04 9.999985e-01 -1.482588e-03 -5.132183e-01 -4.834611e-02 1.526179e-03 9.988296e-01 8.455699e+00
9.987090e-01 1.027366e-03 -5.078696e-02 1.045778e+01 -9.488447e-04 9.999983e-01 1.570176e-03 -5.327749e-01 5.078849e-02 -1.519959e-03 9.987082e-01 8.619046e+00
9.990924e-01 -6.828994e-04 4.259106e-02 1.082660e+01 7.357737e-04 9.999990e-01 -1.225779e-03 -5.489069e-01 -4.259019e-02 1.256003e-03 9.990919e-01 8.825710e+00
9.992071e-01 7.856789e-04 -3.980594e-02 1.128320e+01 -7.409571e-04 9.999991e-01 1.138235e-03 -5.679595e-01 3.980680e-02 -1.107838e-03 9.992067e-01 9.051603e+00
9.990523e-01 -6.962862e-04 4.351965e-02 1.173517e+01 7.510679e-04 9.999989e-01 -1.242442e-03 -5.860468e-01 -4.351874e-02 1.273950e-03 9.990519e-01 9.228387e+00
9.988742e-01 8.006280e-04 -4.743165e-02 1.195071e+01 -7.374214e-04 9.999988e-01 1.350066e-03 -5.978100e-01 4.743268e-02 -1.313568e-03 9.988735e-01 9.463274e+00
9.990154e-01 -6.990390e-04 4.435993e-02 1.203077e+01 7.525008e-04 9.999990e-01 -1.188496e-03 -6.104568e-01 -4.435906e-02 1.220706e-03 9.990150e-01 9.948142e+00
9.991553e-01 7.624335e-04 -4.108690e-02 1.227843e+01 -7.173699e-04 9.999991e-01 1.111521e-03 -6.269511e-01 4.108771e-02 -1.081107e-03 9.991549e-01 1.040288e+01
9.991497e-01 -6.838454e-04 4.122416e-02 1.253010e+01 7.300342e-04 9.999991e-01 -1.105386e-03 -6.420097e-01 -4.122338e-02 1.134541e-03 9.991494e-01 1.077941e+01
9.986858e-01 9.880744e-04 -5.124112e-02 1.273364e+01 -9.141039e-04 9.999985e-01 1.466991e-03 -6.554018e-01 5.124249e-02 -1.418224e-03 9.986851e-01 1.112991e+01
9.992507e-01 -5.647221e-04 3.869950e-02 1.313304e+01 6.040261e-04 9.999993e-01 -1.003937e-03 -6.726215e-01 -3.869891e-02 1.026560e-03 9.992505e-01 1.136228e+01
9.986100e-01 1.004703e-03 -5.269739e-02 1.350696e+01 -9.254933e-04 9.999984e-01 1.527488e-03 -6.887558e-01 5.269884e-02 -1.476594e-03 9.986093e-01 1.156931e+01
9.998280e-01 -8.098109e-05 1.854841e-02 1.373706e+01 8.260192e-05 1.000000e+00 -8.661939e-05 -7.004359e-01 -1.854840e-02 8.813604e-05 9.998281e-01 1.173024e+01
9.979810e-01 1.296996e-03 -6.350060e-02 1.384219e+01 -1.173982e-03 9.999974e-01 1.974480e-03 -7.084961e-01 6.350299e-02 -1.895944e-03 9.979797e-01 1.187838e+01
9.998780e-01 -6.853264e-05 1.562280e-02 1.391694e+01 6.793772e-05 1.000000e+00 3.860625e-05 -7.153352e-01 -1.562279e-02 -3.754112e-05 9.998781e-01 1.200270e+01
9.981692e-01 1.269598e-03 -6.046947e-02 1.403387e+01 -1.160422e-03 9.999976e-01 1.840551e-03 -7.237659e-01 6.047165e-02 -1.767010e-03 9.981683e-01 1.215488e+01
9.999199e-01 -5.982194e-05 1.265475e-02 1.413565e+01 5.791634e-05 1.000000e+00 1.509379e-04 -7.317674e-01 -1.265474e-02 -1.501943e-04 9.999200e-01 1.230399e+01
9.987550e-01 1.122241e-03 -4.987259e-02 1.437153e+01 -1.051069e-03 9.999984e-01 1.453268e-03 -7.445952e-01 4.987411e-02 -1.399038e-03 9.987544e-01 1.253232e+01
9.998585e-01 -2.159365e-04 1.681789e-02 1.458275e+01 2.164740e-04 1.000000e+00 -3.015032e-05 -7.568020e-01 -1.681786e-02 3.378512e-05 9.998587e-01 1.277222e+01
9.983719e-01 1.344426e-03 -5.702471e-02 1.474763e+01 -1.245474e-03 9.999977e-01 1.770745e-03 -7.673084e-01 5.702692e-02 -1.696837e-03 9.983711e-01 1.297774e+01
9.996250e-01 -4.905019e-04 2.737938e-02 1.495534e+01 5.034602e-04 9.999998e-01 -4.664067e-04 -7.801376e-01 -2.737912e-02 4.800144e-04 9.996251e-01 1.327308e+01
9.981157e-01 1.427311e-03 -6.134402e-02 1.508972e+01 -1.310694e-03 9.999973e-01 1.941222e-03 -7.910630e-01 6.134659e-02 -1.857159e-03 9.981147e-01 1.356757e+01
9.995437e-01 -5.368912e-04 3.020188e-02 1.523270e+01 5.535832e-04 9.999997e-01 -5.443375e-04 -8.031449e-01 -3.020154e-02 5.608063e-04 9.995438e-01 1.391692e+01
9.983134e-01 1.311377e-03 -5.803916e-02 1.541363e+01 -1.211811e-03 9.999977e-01 1.750662e-03 -8.156054e-01 5.804128e-02 -1.677375e-03 9.983127e-01 1.423462e+01
9.999250e-01 -1.274168e-04 1.224568e-02 1.548479e+01 1.247808e-04 1.000000e+00 2.159699e-04 -8.237715e-01 -1.224566e-02 -2.144280e-04 9.999251e-01 1.445330e+01
9.981645e-01 1.405322e-03 -6.054499e-02 1.556016e+01 -1.296384e-03 9.999975e-01 1.838521e-03 -8.317254e-01 6.054737e-02 -1.756655e-03 9.981637e-01 1.464607e+01
9.998851e-01 -2.066542e-04 1.516096e-02 1.565653e+01 2.049590e-04 1.000000e+00 1.133161e-04 -8.397611e-01 -1.516093e-02 -1.101982e-04 9.998852e-01 1.480637e+01
9.982342e-01 1.370882e-03 -5.938551e-02 1.572359e+01 -1.269831e-03 9.999977e-01 1.739305e-03 -8.463948e-01 5.938769e-02 -1.660821e-03 9.982335e-01 1.493806e+01
9.998191e-01 -2.827726e-04 1.901611e-02 1.583248e+01 2.827899e-04 1.000000e+00 1.724432e-06 -8.540680e-01 -1.901605e-02 3.650666e-06 9.998193e-01 1.506016e+01
9.980867e-01 1.408712e-03 -6.181325e-02 1.586222e+01 -1.300658e-03 9.999976e-01 1.788250e-03 -8.592996e-01 6.181555e-02 -1.704428e-03 9.980860e-01 1.517590e+01
9.994737e-01 -5.244116e-04 3.243640e-02 1.600485e+01 5.404913e-04 9.999997e-01 -4.870010e-04 -8.681513e-01 -3.243607e-02 5.042734e-04 9.994738e-01 1.530053e+01
9.999884e-01 2.131451e-04 -4.812482e-03 1.633075e+01 -2.149219e-04 9.999999e-01 -3.689312e-04 -8.817364e-01 4.812338e-03 3.699641e-04 9.999883e-01 1.538856e+01
9.988078e-01 -6.912171e-04 4.881029e-02 1.657402e+01 7.399696e-04 9.999992e-01 -9.807743e-04 -8.924191e-01 -4.880951e-02 1.015720e-03 9.988077e-01 1.544908e+01
9.999994e-01 1.445665e-04 -1.036326e-03 1.669557e+01 -1.450493e-04 9.999999e-01 -4.666368e-04 -8.989968e-01 1.036201e-03 4.667896e-04 9.999993e-01 1.545890e+01
9.990199e-01 -6.132556e-04 4.425821e-02 1.685576e+01 6.516903e-04 9.999994e-01 -8.540156e-04 -9.065873e-01 -4.425760e-02 8.820187e-04 9.990199e-01 1.546985e+01
9.999955e-01 1.630969e-04 -3.001293e-03 1.701098e+01 -1.643070e-04 9.999999e-01 -4.031838e-04 -9.132418e-01 3.001176e-03 4.036777e-04 9.999953e-01 1.542076e+01
9.990463e-01 -6.022647e-04 4.365835e-02 1.713496e+01 6.396155e-04 9.999994e-01 -8.415764e-04 -9.194240e-01 -4.365777e-02 8.686959e-04 9.990463e-01 1.539837e+01
9.999137e-01 2.562064e-04 -1.313424e-02 1.738669e+01 -2.574607e-04 1.000000e+00 -9.384986e-05 -9.295109e-01 1.313417e-02 9.722568e-05 9.999136e-01 1.540316e+01
9.988300e-01 -6.395973e-04 4.835474e-02 1.763726e+01 6.880016e-04 9.999993e-01 -9.844000e-04 -9.398327e-01 -4.835403e-02 1.016514e-03 9.988298e-01 1.541951e+01
9.998470e-01 3.152508e-04 -1.748992e-02 1.781462e+01 -3.144147e-04 9.999999e-01 5.052863e-05 -9.491229e-01 1.748989e-02 -4.501960e-05 9.998469e-01 1.552194e+01
9.988434e-01 -6.445929e-04 4.807809e-02 1.798153e+01 6.923345e-04 9.999993e-01 -9.763640e-04 -9.574132e-01 -4.807739e-02 1.008519e-03 9.988432e-01 1.558203e+01
9.998586e-01 3.144195e-04 -1.681411e-02 1.830728e+01 -3.141956e-04 1.000000e+00 1.593616e-05 -9.696317e-01 1.681408e-02 -1.064894e-05 9.998585e-01 1.556373e+01
9.987475e-01 -6.795598e-04 5.003007e-02 1.857874e+01 7.320985e-04 9.999992e-01 -1.031834e-03 -9.803589e-01 -5.002930e-02 1.067167e-03 9.987473e-01 1.556687e+01
9.998901e-01 2.768990e-04 -1.482113e-02 1.879980e+01 -2.776382e-04 1.000000e+00 -4.782896e-05 -9.903772e-01 1.482109e-02 5.194048e-05 9.998901e-01 1.563609e+01
9.995090e-01 -3.824749e-04 3.133029e-02 1.903095e+01 3.966541e-04 9.999998e-01 -4.463684e-04 -9.993485e-01 -3.133009e-02 4.585748e-04 9.995091e-01 1.563362e+01
9.997280e-01 2.984093e-04 -2.332182e-02 1.927105e+01 -2.933644e-04 9.999999e-01 2.197296e-04 -1.009973e+00 2.332186e-02 -2.128262e-04 9.997279e-01 1.574043e+01
9.998717e-01 -1.529744e-04 1.601459e-02 1.925796e+01 1.531811e-04 1.000000e+00 -1.169688e-05 -1.014446e+00 -1.601457e-02 1.414670e-05 9.998719e-01 1.592113e+01
9.990781e-01 8.751702e-04 -4.291963e-02 1.938221e+01 -8.295956e-04 9.999991e-01 1.079653e-03 -1.021966e+00 4.292051e-02 -1.043050e-03 9.990778e-01 1.602681e+01
9.998621e-01 -2.097161e-04 1.660771e-02 1.951032e+01 2.104214e-04 1.000000e+00 -4.073688e-05 -1.029587e+00 -1.660767e-02 4.422389e-05 9.998622e-01 1.612738e+01
9.989291e-01 9.592322e-04 -4.625716e-02 1.954494e+01 -9.041378e-04 9.999989e-01 1.211948e-03 -1.033701e+00 4.625824e-02 -1.168825e-03 9.989287e-01 1.618044e+01
9.998400e-01 -2.303571e-04 1.788498e-02 1.957803e+01 2.319975e-04 1.000000e+00 -8.967116e-05 -1.036854e+00 -1.788493e-02 9.380392e-05 9.998401e-01 1.617079e+01
9.992230e-01 7.869384e-04 -3.940620e-02 1.967605e+01 -7.525969e-04 9.999993e-01 8.862907e-04 -1.041040e+00 3.940683e-02 -8.559428e-04 9.992228e-01 1.610015e+01
9.997586e-01 -3.500693e-04 2.196971e-02 1.962079e+01 3.567438e-04 9.999999e-01 -2.999073e-04 -1.038816e+00 -2.196957e-02 3.076702e-04 9.997587e-01 1.591968e+01
9.994363e-01 6.575537e-04 -3.356559e-02 1.955292e+01 -6.356732e-04 9.999996e-01 6.625249e-04 -1.035303e+00 3.356597e-02 -6.408124e-04 9.994362e-01 1.568201e+01
9.995239e-01 -5.917271e-04 3.084858e-02 1.946581e+01 6.109576e-04 9.999996e-01 -6.139789e-04 -1.031023e+00 -3.084817e-02 6.325315e-04 9.995240e-01 1.543442e+01
9.995536e-01 6.057723e-04 -2.986969e-02 1.944613e+01 -5.885185e-04 9.999997e-01 5.864111e-04 -1.028893e+00 2.986999e-02 -5.685681e-04 9.995535e-01 1.518519e+01
9.994634e-01 -6.259470e-04 3.275090e-02 1.938584e+01 6.473541e-04 9.999996e-01 -6.430527e-04 -1.024918e+00 -3.275045e-02 6.639068e-04 9.994634e-01 1.489653e+01
9.994822e-01 6.300495e-04 -3.216962e-02 1.926991e+01 -6.098091e-04 9.999996e-01 6.389724e-04 -1.020232e+00 3.216997e-02 -6.190219e-04 9.994821e-01 1.469197e+01
9.994436e-01 -6.346653e-04 3.334885e-02 1.921397e+01 6.566366e-04 9.999996e-01 -6.478997e-04 -1.017334e+00 -3.334838e-02 6.694349e-04 9.994437e-01 1.447866e+01
9.994613e-01 6.400801e-04 -3.281230e-02 1.927929e+01 -6.193361e-04 9.999996e-01 6.423456e-04 -1.020514e+00 3.281266e-02 -6.216754e-04 9.994612e-01 1.444082e+01
9.994912e-01 -5.824867e-04 3.189131e-02 1.949468e+01 6.032939e-04 9.999996e-01 -6.428410e-04 -1.027056e+00 -3.189088e-02 6.617514e-04 9.994912e-01 1.428063e+01
9.994878e-01 6.241742e-04 -3.199599e-02 1.983765e+01 -6.047281e-04 9.999996e-01 6.174238e-04 -1.038932e+00 3.199632e-02 -5.977564e-04 9.994877e-01 1.421325e+01
9.994993e-01 -5.814844e-04 3.163438e-02 2.017941e+01 6.018445e-04 9.999996e-01 -6.341086e-04 -1.051222e+00 -3.163396e-02 6.528278e-04 9.994994e-01 1.418052e+01
9.995281e-01 6.146269e-04 -3.071137e-02 2.049136e+01 -5.962075e-04 9.999996e-01 6.088991e-04 -1.062723e+00 3.071170e-02 -5.902991e-04 9.995280e-01 1.416891e+01
9.992810e-01 -6.364778e-04 3.790839e-02 2.079572e+01 6.670393e-04 9.999995e-01 -7.935676e-04 -1.075623e+00 -3.790782e-02 8.182811e-04 9.992810e-01 1.429690e+01
9.995045e-01 6.176522e-04 -3.147166e-02 2.103616e+01 -5.978922e-04 9.999996e-01 6.372600e-04 -1.089088e+00 3.147200e-02 -6.181253e-04 9.995043e-01 1.458430e+01
9.988940e-01 -7.389065e-04 4.701273e-02 2.128674e+01 7.898165e-04 9.999991e-01 -1.064344e-03 -1.104064e+00 -4.701187e-02 1.100296e-03 9.988938e-01 1.493314e+01
9.991890e-01 7.361950e-04 -4.025941e-02 2.150793e+01 -7.011624e-04 9.999994e-01 8.842743e-04 -1.112994e+00 4.026000e-02 -8.553266e-04 9.991888e-01 1.496130e+01
9.992411e-01 -6.594547e-04 3.894551e-02 2.168483e+01 6.933493e-04 9.999994e-01 -8.568209e-04 -1.118730e+00 -3.894489e-02 8.831713e-04 9.992411e-01 1.483906e+01
9.992924e-01 6.884657e-04 -3.760599e-02 2.189020e+01 -6.580858e-04 9.999994e-01 8.202103e-04 -1.125281e+00 3.760650e-02 -7.948798e-04 9.992922e-01 1.471437e+01
9.990118e-01 -7.196276e-04 4.444009e-02 2.202176e+01 7.632446e-04 9.999992e-01 -9.645296e-04 -1.131701e+00 -4.443933e-02 9.974929e-04 9.990117e-01 1.475068e+01
9.991952e-01 7.270623e-04 -4.010469e-02 2.219408e+01 -6.921351e-04 9.999994e-01 8.847703e-04 -1.141203e+00 4.010527e-02 -8.562982e-04 9.991950e-01 1.491912e+01
9.990485e-01 -7.235910e-04 4.360673e-02 2.221036e+01 7.655617e-04 9.999993e-01 -9.458003e-04 -1.150086e+00 -4.360598e-02 9.782819e-04 9.990484e-01 1.529217e+01
9.990679e-01 7.552154e-04 -4.316015e-02 2.216308e+01 -7.146464e-04 9.999993e-01 9.553778e-04 -1.153786e+00 4.316080e-02 -9.236409e-04 9.990676e-01 1.547968e+01
9.990501e-01 -7.303888e-04 4.357017e-02 2.217914e+01 7.719614e-04 9.999993e-01 -9.373469e-04 -1.158883e+00 -4.356942e-02 9.700888e-04 9.990500e-01 1.564525e+01
9.994588e-01 6.334290e-04 -3.288903e-02 2.225280e+01 -6.115828e-04 9.999996e-01 6.742864e-04 -1.165054e+00 3.288941e-02 -6.538050e-04 9.994587e-01 1.576234e+01
9.990466e-01 -7.018932e-04 4.365058e-02 2.244623e+01 7.442903e-04 9.999993e-01 -9.550488e-04 -1.171243e+00 -4.364984e-02 9.866249e-04 9.990465e-01 1.563176e+01
9.996092e-01 5.414084e-04 -2.795044e-02 2.261635e+01 -5.267511e-04 9.999997e-01 5.317533e-04 -1.181452e+00 2.795069e-02 -5.168205e-04 9.996091e-01 1.581708e+01
9.989470e-01 -7.051035e-04 4.587274e-02 2.282765e+01 7.532968e-04 9.999992e-01 -1.033318e-03 -1.194168e+00 -4.587194e-02 1.066784e-03 9.989469e-01 1.608573e+01
9.993686e-01 6.519761e-04 -3.552539e-02 2.311630e+01 -6.255815e-04 9.999995e-01 7.540828e-04 -1.205122e+00 3.552584e-02 -7.313807e-04 9.993684e-01 1.609992e+01
9.991988e-01 -6.722980e-04 4.001670e-02 2.317148e+01 7.076302e-04 9.999994e-01 -8.687879e-04 -1.210147e+00 -4.001606e-02 8.964069e-04 9.991987e-01 1.619652e+01
9.994079e-01 6.451167e-04 -3.440117e-02 2.332806e+01 -6.202332e-04 9.999995e-01 7.339922e-04 -1.218576e+00 3.440160e-02 -7.122189e-04 9.994077e-01 1.631513e+01
9.993836e-01 -5.918682e-04 3.510036e-02 2.353550e+01 6.180419e-04 9.999995e-01 -7.348452e-04 -1.232931e+00 -3.509988e-02 7.560838e-04 9.993836e-01 1.671516e+01
9.995713e-01 5.884284e-04 -2.927118e-02 2.382018e+01 -5.717165e-04 9.999997e-01 5.792937e-04 -1.248219e+00 2.927148e-02 -5.623086e-04 9.995712e-01 1.704215e+01
9.991995e-01 -6.530835e-04 3.999811e-02 2.407583e+01 6.879545e-04 9.999994e-01 -8.580655e-04 -1.262617e+00 -3.999750e-02 8.848936e-04 9.991995e-01 1.735956e+01
9.996288e-01 5.640607e-04 -2.723955e-02 2.427712e+01 -5.504623e-04 9.999997e-01 5.067020e-04 -1.277011e+00 2.723980e-02 -4.915177e-04 9.996287e-01 1.776102e+01
9.989766e-01 -6.974645e-04 4.522359e-02 2.452777e+01 7.444842e-04 9.999992e-01 -1.022887e-03 -1.291548e+00 -4.522281e-02 1.055507e-03 9.989765e-01 1.807774e+01
9.994895e-01 6.284323e-04 -3.194368e-02 2.479583e+01 -6.076779e-04 9.999996e-01 6.594197e-04 -1.307202e+00 3.194406e-02 -6.396698e-04 9.994894e-01 1.843993e+01
9.990676e-01 -6.472636e-04 4.316904e-02 2.520864e+01 6.904577e-04 9.999993e-01 -9.856837e-04 -1.325882e+00 -4.316835e-02 1.014569e-03 9.990674e-01 1.874355e+01
9.996107e-01 5.352456e-04 -2.789708e-02 2.561955e+01 -5.204229e-04 9.999997e-01 5.385880e-04 -1.344473e+00 2.789734e-02 -5.238583e-04 9.996106e-01 1.904258e+01
9.989168e-01 -6.524444e-04 4.652691e-02 2.588921e+01 7.034411e-04 9.999992e-01 -1.079708e-03 -1.361475e+00 -4.652615e-02 1.111266e-03 9.989166e-01 1.947779e+01
9.998429e-01 3.042096e-04 -1.772075e-02 2.610403e+01 -3.006693e-04 9.999999e-01 2.024423e-04 -1.374446e+00 1.772080e-02 -1.970808e-04 9.998429e-01 1.975124e+01
9.987716e-01 -6.024866e-04 4.954808e-02 2.627668e+01 6.618147e-04 9.999991e-01 -1.180990e-03 -1.387628e+00 -4.954732e-02 1.212329e-03 9.987711e-01 2.009231e+01
9.996664e-01 3.486291e-04 -2.582739e-02 2.640532e+01 -3.364220e-04 9.999998e-01 4.769822e-04 -1.400823e+00 2.582754e-02 -4.681327e-04 9.996662e-01 2.051204e+01
9.987048e-01 -6.050028e-04 5.087509e-02 2.661695e+01 6.684809e-04 9.999990e-01 -1.230720e-03 -1.414767e+00 -5.087429e-02 1.263134e-03 9.987044e-01 2.084536e+01
9.997421e-01 3.396587e-04 -2.270860e-02 2.688379e+01 -3.314315e-04 9.999999e-01 3.660587e-04 -1.430009e+00 2.270872e-02 -3.584367e-04 9.997420e-01 2.115862e+01
9.988212e-01 -5.364884e-04 4.853768e-02 2.711429e+01 5.930825e-04 9.999992e-01 -1.151589e-03 -1.445017e+00 -4.853702e-02 1.179018e-03 9.988208e-01 2.152210e+01
9.993706e-01 5.034513e-04 -3.546959e-02 2.736833e+01 -4.760079e-04 9.999996e-01 7.821559e-04 -1.461945e+00 3.546997e-02 -7.647787e-04 9.993704e-01 2.197882e+01
9.985217e-01 -6.323685e-04 5.435014e-02 2.767510e+01 7.051047e-04 9.999989e-01 -1.319125e-03 -1.478112e+00 -5.434924e-02 1.355496e-03 9.985212e-01 2.230182e+01
9.994460e-01 4.850512e-04 -3.327859e-02 2.790800e+01 -4.620345e-04 9.999996e-01 6.993242e-04 -1.493400e+00 3.327893e-02 -6.835599e-04 9.994458e-01 2.268997e+01
9.985242e-01 -6.617367e-04 5.430517e-02 2.818190e+01 7.341806e-04 9.999989e-01 -1.314076e-03 -1.508030e+00 -5.430424e-02 1.352005e-03 9.985236e-01 2.297611e+01
9.996234e-01 4.519966e-04 -2.743759e-02 2.835792e+01 -4.384274e-04 9.999998e-01 5.005619e-04 -1.519927e+00 2.743782e-02 -4.883431e-04 9.996233e-01 2.324309e+01
9.986426e-01 -6.658350e-04 5.208273e-02 2.853914e+01 7.314587e-04 9.999990e-01 -1.240938e-03 -1.533964e+00 -5.208187e-02 1.277349e-03 9.986421e-01 2.363231e+01
9.996391e-01 4.528199e-04 -2.686128e-02 2.869549e+01 -4.400194e-04 9.999998e-01 4.824513e-04 -1.547438e+00 2.686150e-02 -4.704570e-04 9.996390e-01 2.402394e+01
9.993005e-01 -4.222027e-04 3.739338e-02 2.878083e+01 4.509949e-04 9.999996e-01 -7.615498e-04 -1.563541e+00 -3.739306e-02 7.778807e-04 9.993004e-01 2.465192e+01
9.995547e-01 4.696583e-04 -2.983726e-02 2.885791e+01 -4.534644e-04 9.999997e-01 5.495043e-04 -1.581804e+00 2.983753e-02 -5.357287e-04 9.995545e-01 2.539986e+01
9.990458e-01 -5.037226e-04 4.367215e-02 2.905973e+01 5.447790e-04 9.999994e-01 -9.282090e-04 -1.601012e+00 -4.367168e-02 9.511144e-04 9.990456e-01 2.604539e+01
9.995634e-01 4.528929e-04 -2.954321e-02 2.925702e+01 -4.373317e-04 9.999998e-01 5.331874e-04 -1.618191e+00 2.954346e-02 -5.200339e-04 9.995633e-01 2.659102e+01
9.990926e-01 -4.848249e-04 4.258823e-02 2.948426e+01 5.235477e-04 9.999995e-01 -8.980880e-04 -1.635327e+00 -4.258779e-02 9.195695e-04 9.990924e-01 2.709925e+01
9.995918e-01 4.076764e-04 -2.856822e-02 2.971964e+01 -3.938281e-04 9.999998e-01 4.903728e-04 -1.652165e+00 2.856843e-02 -4.789212e-04 9.995916e-01 2.758236e+01
9.989924e-01 -5.067534e-04 4.487687e-02 2.989170e+01 5.503435e-04 9.999994e-01 -9.589764e-04 -1.668014e+00 -4.487638e-02 9.827074e-04 9.989922e-01 2.809380e+01
9.996729e-01 3.037561e-04 -2.557444e-02 2.999451e+01 -2.939086e-04 9.999999e-01 3.888086e-04 -1.681681e+00 2.557458e-02 -3.811645e-04 9.996727e-01 2.857025e+01
9.991260e-01 -4.234590e-04 4.179796e-02 3.020102e+01 4.593876e-04 9.999995e-01 -8.499768e-04 -1.694160e+00 -4.179761e-02 8.684350e-04 9.991258e-01 2.885062e+01
9.996266e-01 2.859412e-04 -2.732315e-02 3.024697e+01 -2.733636e-04 9.999999e-01 4.640629e-04 -1.701722e+00 2.732331e-02 -4.564202e-04 9.996264e-01 2.911214e+01
9.989640e-01 -4.473413e-04 4.550604e-02 3.031718e+01 4.925754e-04 9.999994e-01 -9.828142e-04 -1.709892e+00 -4.550560e-02 1.004211e-03 9.989637e-01 2.936261e+01
9.991017e-01 4.697303e-04 -4.237493e-02 3.038534e+01 -4.308734e-04 9.999995e-01 9.261062e-04 -1.719462e+00 4.237538e-02 -9.070158e-04 9.991013e-01 2.970927e+01
9.987637e-01 -4.434956e-04 4.970868e-02 3.069961e+01 4.994705e-04 9.999993e-01 -1.113644e-03 -1.735725e+00 -4.970818e-02 1.137095e-03 9.987632e-01 3.004764e+01
9.991470e-01 4.571435e-04 -4.129184e-02 3.102276e+01 -4.205874e-04 9.999995e-01 8.939935e-04 -1.750180e+00 4.129226e-02 -8.758639e-04 9.991466e-01 3.026562e+01
9.990274e-01 -4.155008e-04 4.409195e-02 3.112424e+01 4.563835e-04 9.999995e-01 -9.171516e-04 -1.760799e+00 -4.409158e-02 9.363823e-04 9.990272e-01 3.062819e+01
9.992159e-01 4.302032e-04 -3.959143e-02 3.113429e+01 -3.991343e-04 9.999996e-01 7.926372e-04 -1.773227e+00 3.959179e-02 -7.762132e-04 9.992155e-01 3.116827e+01
9.987644e-01 -4.603094e-04 4.969327e-02 3.111909e+01 5.132287e-04 9.999993e-01 -1.052164e-03 -1.781026e+00 -4.969279e-02 1.076368e-03 9.987641e-01 3.151747e+01
9.990342e-01 4.354349e-04 -4.393811e-02 3.115447e+01 -3.951819e-04 9.999995e-01 9.248092e-04 -1.787120e+00 4.393853e-02 -9.065523e-04 9.990337e-01 3.172278e+01
9.987049e-01 -4.537451e-04 5.087605e-02 3.120046e+01 5.099504e-04 9.999993e-01 -1.091776e-03 -1.795414e+00 -5.087555e-02 1.116306e-03 9.987045e-01 3.203420e+01
9.992876e-01 3.593569e-04 -3.773678e-02 3.137763e+01 -3.318968e-04 9.999997e-01 7.339351e-04 -1.806907e+00 3.773707e-02 -7.208875e-04 9.992873e-01 3.231205e+01
9.983851e-01 -5.101740e-04 5.680625e-02 3.159607e+01 5.836006e-04 9.999990e-01 -1.275998e-03 -1.818379e+00 -5.680558e-02 1.307090e-03 9.983845e-01 3.250298e+01
9.991509e-01 4.033701e-04 -4.119849e-02 3.188791e+01 -3.686634e-04 9.999996e-01 8.500195e-04 -1.832206e+00 4.119886e-02 -8.341094e-04 9.991505e-01 3.272466e+01
9.983532e-01 -5.181537e-04 5.736383e-02 3.198557e+01 5.926644e-04 9.999990e-01 -1.281910e-03 -1.839537e+00 -5.736315e-02 1.313797e-03 9.983526e-01 3.287686e+01
9.991973e-01 3.449775e-04 -4.005850e-02 3.207766e+01 -3.131461e-04 9.999996e-01 8.008916e-04 -1.844752e+00 4.005880e-02 -7.877047e-04 9.991969e-01 3.289873e+01
9.983913e-01 -4.835540e-04 5.669809e-02 3.208686e+01 5.561048e-04 9.999990e-01 -1.263829e-03 -1.852294e+00 -5.669747e-02 1.293326e-03 9.983907e-01 3.319331e+01
9.994198e-01 2.451487e-04 -3.405859e-02 3.218869e+01 -2.244697e-04 9.999998e-01 6.109789e-04 -1.859558e+00 3.405878e-02 -6.029796e-04 9.994196e-01 3.333516e+01
9.984848e-01 -4.671108e-04 5.502689e-02 3.230524e+01 5.350599e-04 9.999991e-01 -1.220109e-03 -1.866418e+00 -5.502632e-02 1.247703e-03 9.984842e-01 3.343248e+01
9.992771e-01 3.429652e-04 -3.801376e-02 3.249812e+01 -3.155952e-04 9.999997e-01 7.259972e-04 -1.879475e+00 3.801405e-02 -7.134758e-04 9.992769e-01 3.377257e+01
9.981350e-01 -5.493472e-04 6.104215e-02 3.270962e+01 6.359590e-04 9.999988e-01 -1.399468e-03 -1.891212e+00 -6.104136e-02 1.435679e-03 9.981343e-01 3.400279e+01
9.992702e-01 3.329407e-04 -3.819711e-02 3.269366e+01 -3.045838e-04 9.999997e-01 7.481932e-04 -1.895615e+00 3.819740e-02 -7.360134e-04 9.992699e-01 3.415024e+01
9.977053e-01 -6.635885e-04 6.770279e-02 3.270113e+01 7.747173e-04 9.999984e-01 -1.615181e-03 -1.899231e+00 -6.770166e-02 1.663926e-03 9.977043e-01 3.420229e+01
9.992723e-01 3.702134e-04 -3.814006e-02 3.270260e+01 -3.422124e-04 9.999997e-01 7.406819e-04 -1.904724e+00 3.814038e-02 -7.270916e-04 9.992720e-01 3.436992e+01
9.976093e-01 -6.675546e-04 6.910252e-02 3.277745e+01 7.839616e-04 9.999983e-01 -1.657452e-03 -1.908744e+00 -6.910136e-02 1.707665e-03 9.976083e-01 3.431681e+01
9.993618e-01 3.217618e-04 -3.571872e-02 3.284444e+01 -2.976954e-04 9.999997e-01 6.790806e-04 -1.911241e+00 3.571900e-02 -6.680148e-04 9.993616e-01 3.417144e+01
9.976930e-01 -6.253994e-04 6.788466e-02 3.290236e+01 7.381486e-04 9.999984e-01 -1.635827e-03 -1.914006e+00 -6.788359e-02 1.682164e-03 9.976919e-01 3.406187e+01
9.994199e-01 2.614490e-04 -3.405681e-02 3.303411e+01 -2.406917e-04 9.999998e-01 6.135729e-04 -1.921814e+00 3.405703e-02 -6.050209e-04 9.994196e-01 3.415899e+01
9.979119e-01 -5.487045e-04 6.458786e-02 3.320787e+01 6.487194e-04 9.999986e-01 -1.527553e-03 -1.929267e+00 -6.458700e-02 1.566264e-03 9.979109e-01 3.415329e+01
9.993840e-01 2.652860e-04 -3.509332e-02 3.330370e+01 -2.426408e-04 9.999998e-01 6.495245e-04 -1.933514e+00 3.509356e-02 -6.406106e-04 9.993837e-01 3.408292e+01
9.985290e-01 -4.114261e-04 5.421964e-02 3.350806e+01 4.770506e-04 9.999992e-01 -1.197417e-03 -1.940771e+00 -5.421917e-02 1.221522e-03 9.985284e-01 3.401474e+01
9.996236e-01 1.400381e-04 -2.743418e-02 3.369171e+01 -1.291796e-04 9.999999e-01 3.975474e-04 -1.947517e+00 2.743431e-02 -3.938552e-04 9.996234e-01 3.392984e+01
9.987645e-01 -3.465157e-04 4.969354e-02 3.395659e+01 3.991646e-04 9.999994e-01 -1.049565e-03 -1.956019e+00 -4.969322e-02 1.068105e-03 9.987640e-01 3.379546e+01
9.996778e-01 1.226230e-04 -2.538014e-02 3.415225e+01 -1.142088e-04 9.999999e-01 3.329458e-04 -1.963140e+00 2.538025e-02 -3.299414e-04 9.996777e-01 3.372160e+01
9.994586e-01 -1.583359e-04 3.290240e-02 3.446484e+01 1.759703e-04 9.999998e-01 -5.330860e-04 -1.975127e+00 -3.290239e-02 5.385887e-04 9.994585e-01 3.377261e+01
9.999663e-01 -1.419537e-04 -8.209487e-03 3.444033e+01 1.403341e-04 1.000000e+00 -1.979657e-04 -1.978388e+00 8.209595e-03 1.968054e-04 9.999662e-01 3.387049e+01
9.994868e-01 -1.409075e-04 3.203231e-02 3.441590e+01 1.579517e-04 9.999998e-01 -5.295896e-04 -1.978911e+00 -3.203231e-02 5.343790e-04 9.994868e-01 3.379953e+01
9.999965e-01 -3.174679e-04 2.619360e-03 3.446862e+01 3.188364e-04 9.999998e-01 -5.216882e-04 -1.986086e+00 -2.619110e-03 5.225198e-04 9.999964e-01 3.398222e+01
9.992155e-01 -1.830277e-04 3.960347e-02 3.445676e+01 2.138833e-04 9.999997e-01 -7.749040e-04 -1.989108e+00 -3.960340e-02 7.827684e-04 9.992152e-01 3.398949e+01
9.999998e-01 -2.887676e-04 5.981221e-04 3.446910e+01 2.890247e-04 9.999999e-01 -4.279102e-04 -1.990907e+00 -5.979106e-04 4.280811e-04 9.999997e-01 3.389882e+01
9.995884e-01 5.245371e-06 2.868825e-02 3.475905e+01 8.361297e-06 9.999999e-01 -4.742151e-04 -2.002100e+00 -2.868834e-02 4.742618e-04 9.995884e-01 3.389378e+01
9.999757e-01 -2.348968e-04 -6.967786e-03 3.524221e+01 2.336136e-04 1.000000e+00 -1.851554e-04 -2.018512e+00 6.967920e-03 1.835211e-04 9.999756e-01 3.383030e+01
9.994349e-01 -1.158257e-05 3.361335e-02 3.561846e+01 3.294602e-05 9.999998e-01 -6.350490e-04 -2.031498e+00 -3.361343e-02 6.357997e-04 9.994348e-01 3.375402e+01
9.999943e-01 -2.927736e-04 -3.354247e-03 3.598701e+01 2.918108e-04 9.999999e-01 -2.879619e-04 -2.044297e+00 3.354423e-03 2.869793e-04 9.999943e-01 3.367775e+01
9.995305e-01 4.366873e-05 3.063977e-02 3.638357e+01 -2.673054e-05 9.999998e-01 -5.532741e-04 -2.057847e+00 -3.063989e-02 5.521975e-04 9.995304e-01 3.360251e+01
9.999517e-01 -5.241455e-04 9.810773e-03 3.651612e+01 5.307407e-04 9.999996e-01 -6.694852e-04 -2.063724e+00 -9.810324e-03 6.746576e-04 9.999516e-01 3.354935e+01
9.994999e-01 8.969641e-05 3.162223e-02 3.674186e+01 -7.048956e-05 9.999998e-01 -6.085523e-04 -2.072609e+00 -3.162238e-02 6.060212e-04 9.994998e-01 3.349629e+01
9.999988e-01 -4.342885e-04 1.436640e-03 3.700768e+01 4.348602e-04 9.999998e-01 -3.964036e-04 -2.081970e+00 -1.436370e-03 3.970256e-04 9.999988e-01 3.339369e+01
9.997424e-01 2.339343e-04 2.269771e-02 3.742440e+01 -2.260436e-04 9.999999e-01 -3.502887e-04 -2.096680e+00 -2.269789e-02 3.450701e-04 9.997424e-01 3.336197e+01
9.999984e-01 -5.179023e-04 1.707824e-03 3.784817e+01 5.185608e-04 9.999998e-01 -3.840133e-04 -2.112030e+00 -1.707527e-03 3.848958e-04 9.999984e-01 3.336991e+01
9.995145e-01 2.273864e-04 3.115865e-02 3.820611e+01 -2.075898e-04 9.999998e-01 -6.386500e-04 -2.124673e+00 -3.115889e-02 6.318742e-04 9.995143e-01 3.329338e+01
9.999911e-01 -5.725163e-04 4.172272e-03 3.857711e+01 5.743769e-04 9.999997e-01 -4.442312e-04 -2.138072e+00 -4.171917e-03 4.466212e-04 9.999911e-01 3.325017e+01
9.995813e-01 2.109404e-04 2.893617e-02 3.893625e+01 -1.942444e-04 9.999998e-01 -5.798803e-04 -2.151082e+00 -2.893639e-02 5.740193e-04 9.995811e-01 3.321272e+01
9.999832e-01 -5.608097e-04 5.765086e-03 3.924749e+01 5.635573e-04 9.999997e-01 -4.745546e-04 -2.162268e+00 -5.764719e-03 4.777930e-04 9.999832e-01 3.314618e+01
9.997017e-01 2.705147e-04 2.442462e-02 3.958947e+01 -2.593970e-04 9.999999e-01 -4.584550e-04 -2.173876e+00 -2.442484e-02 4.519852e-04 9.997016e-01 3.303645e+01
9.999973e-01 -4.771468e-04 -2.260841e-03 4.009774e+01 4.766516e-04 9.999999e-01 -2.206952e-04 -2.190962e+00 2.261046e-03 2.196143e-04 9.999974e-01 3.296513e+01
9.996226e-01 2.490196e-04 2.747213e-02 4.058492e+01 -2.334761e-04 9.999998e-01 -5.690925e-04 -2.207980e+00 -2.747237e-02 5.624662e-04 9.996225e-01 3.293110e+01
9.999693e-01 -4.021536e-04 -7.818708e-03 4.113773e+01 4.018602e-04 9.999999e-01 -3.944963e-05 -2.226856e+00 7.818823e-03 3.630374e-05 9.999694e-01 3.289339e+01
9.994470e-01 1.791155e-04 3.325303e-02 4.159932e+01 -1.539923e-04 9.999997e-01 -7.581569e-04 -2.242862e+00 -3.325326e-02 7.526195e-04 9.994467e-01 3.284162e+01
9.999498e-01 -4.027550e-04 -1.000693e-02 4.204196e+01 4.032498e-04 9.999999e-01 4.713050e-05 -2.257655e+00 1.000701e-02 -5.116611e-05 9.999499e-01 3.274936e+01
9.994297e-01 1.546859e-04 3.376928e-02 4.234814e+01 -1.284800e-04 9.999997e-01 -7.782819e-04 -2.268194e+00 -3.376949e-02 7.735021e-04 9.994294e-01 3.266445e+01
9.999988e-01 -5.389118e-04 -1.423373e-03 4.256909e+01 5.386250e-04 9.999998e-01 -2.041165e-04 -2.276246e+00 1.423582e-03 2.033468e-04 9.999989e-01 3.257683e+01
9.991241e-01 9.061323e-05 4.184737e-02 4.274267e+01 -4.679341e-05 9.999994e-01 -1.048188e-03 -2.283622e+00 -4.184754e-02 1.045315e-03 9.991235e-01 3.254535e+01
9.999583e-01 -4.438690e-04 -9.119128e-03 4.294123e+01 4.442739e-04 9.999999e-01 4.200544e-05 -2.291827e+00 9.119206e-03 -4.605780e-05 9.999584e-01 3.252249e+01
9.993844e-01 1.579653e-04 3.508422e-02 4.308922e+01 -1.284510e-04 9.999996e-01 -8.435909e-04 -2.297678e+00 -3.508444e-02 8.385677e-04 9.993840e-01 3.246050e+01
9.999066e-01 -3.893041e-04 -1.365393e-02 4.321991e+01 3.918729e-04 9.999999e-01 1.851979e-04 -2.301911e+00 1.365395e-02 -1.905339e-04 9.999067e-01 3.230919e+01
9.994691e-01 1.972746e-04 3.258115e-02 4.341695e+01 -1.726689e-04 9.999997e-01 -7.581355e-04 -2.307314e+00 -3.258138e-02 7.521100e-04 9.994688e-01 3.207346e+01
9.999171e-01 -3.904228e-04 -1.286557e-02 4.361564e+01 3.925108e-04 9.999999e-01 1.594768e-04 -2.312876e+00 1.286561e-02 -1.645162e-04 9.999172e-01 3.185371e+01
9.995698e-01 2.089013e-04 2.932995e-02 4.375330e+01 -1.897358e-04 9.999998e-01 -6.563524e-04 -2.316328e+00 -2.933017e-02 6.505078e-04 9.995696e-01 3.161399e+01
9.992280e-01 1.523512e-04 -3.928435e-02 4.405491e+01 -1.141594e-04 9.999995e-01 9.743344e-04 -2.326145e+00 3.928458e-02 -9.691002e-04 9.992276e-01 3.149447e+01
9.994911e-01 1.535215e-04 3.190149e-02 4.429451e+01 -1.301292e-04 9.999997e-01 -7.354534e-04 -2.332531e+00 -3.190169e-02 7.309305e-04 9.994908e-01 3.126577e+01
9.990645e-01 2.341478e-04 -4.324212e-02 4.440878e+01 -1.845963e-04 9.999993e-01 1.149811e-03 -2.334524e+00 4.324245e-02 -1.140756e-03 9.990639e-01 3.099678e+01
9.997049e-01 2.828748e-04 2.429338e-02 4.447309e+01 -2.729743e-04 9.999999e-01 -4.109961e-04 -2.336590e+00 -2.429359e-02 4.042460e-04 9.997048e-01 3.084512e+01
9.983715e-01 6.114922e-04 -5.704211e-02 4.454357e+01 -5.153905e-04 9.999984e-01 1.699385e-03 -2.341251e+00 5.704316e-02 -1.667222e-03 9.983703e-01 3.085242e+01
9.994972e-01 1.164718e-04 3.170873e-02 4.465806e+01 -9.477162e-05 9.999998e-01 -6.859609e-04 -2.346626e+00 -3.170890e-02 6.826135e-04 9.994970e-01 3.082171e+01
9.993206e-01 8.414735e-05 -3.685343e-02 4.462701e+01 -5.502519e-05 9.999997e-01 7.911400e-04 -2.343483e+00 3.685358e-02 -7.885773e-04 9.993203e-01 3.051978e+01
9.995226e-01 1.041171e-04 3.089918e-02 4.459448e+01 -8.417102e-05 9.999998e-01 -6.469223e-04 -2.339878e+00 -3.089934e-02 6.440152e-04 9.995223e-01 3.018459e+01
9.986161e-01 5.331574e-04 -5.258710e-02 4.457028e+01 -4.566283e-04 9.999988e-01 1.467226e-03 -2.337376e+00 5.258792e-02 -1.441185e-03 9.986152e-01 2.989512e+01
9.995747e-01 1.361950e-04 2.916469e-02 4.456016e+01 -1.212006e-04 9.999999e-01 -5.159965e-04 -2.335589e+00 -2.916486e-02 5.122447e-04 9.995745e-01 2.962041e+01
9.984839e-01 5.741178e-04 -5.503982e-02 4.461336e+01 -4.927464e-04 9.999988e-01 1.491915e-03 -2.337840e+00 5.504071e-02 -1.462535e-03 9.984830e-01 2.949609e+01
9.997192e-01 2.421304e-04 2.369859e-02 4.470201e+01 -2.357014e-04 9.999999e-01 -2.741892e-04 -2.342110e+00 -2.369875e-02 2.685288e-04 9.997192e-01 2.942569e+01
9.984530e-01 6.211110e-04 -5.559738e-02 4.477918e+01 -5.380470e-04 9.999987e-01 1.508934e-03 -2.345698e+00 5.559835e-02 -1.476688e-03 9.984521e-01 2.932952e+01
9.997352e-01 2.254406e-04 2.301400e-02 4.483101e+01 -2.205567e-04 1.000000e+00 -2.148555e-04 -2.349623e+00 -2.301414e-02 2.097250e-04 9.997352e-01 2.932105e+01
9.982697e-01 7.162078e-04 -5.879545e-02 4.487730e+01 -6.222414e-04 9.999985e-01 1.616443e-03 -2.353756e+00 5.879662e-02 -1.577063e-03 9.982687e-01 2.933814e+01
9.996657e-01 1.647537e-04 2.585554e-02 4.494253e+01 -1.576979e-04 9.999999e-01 -2.750122e-04 -2.357614e+00 -2.585569e-02 2.708451e-04 9.996657e-01 2.929098e+01
9.984038e-01 6.883195e-04 -5.647329e-02 4.507756e+01 -6.052099e-04 9.999987e-01 1.488714e-03 -2.364486e+00 5.647434e-02 -1.452161e-03 9.984029e-01 2.931566e+01
9.996827e-01 1.524152e-04 2.519108e-02 4.521959e+01 -1.466469e-04 1.000000e+00 -2.308984e-04 -2.372034e+00 -2.519121e-02 2.271330e-04 9.996827e-01 2.936944e+01
9.985322e-01 6.626235e-04 -5.415576e-02 4.540842e+01 -5.889797e-04 9.999989e-01 1.375766e-03 -2.380657e+00 5.415671e-02 -1.341852e-03 9.985315e-01 2.939764e+01
9.996997e-01 1.253233e-04 2.450562e-02 4.557953e+01 -1.201205e-04 1.000000e+00 -2.138459e-04 -2.387623e+00 -2.450574e-02 2.108399e-04 9.996997e-01 2.933806e+01
9.986573e-01 6.333219e-04 -5.179891e-02 4.568043e+01 -5.690366e-04 9.999990e-01 1.255762e-03 -2.389861e+00 5.179975e-02 -1.224602e-03 9.986567e-01 2.908627e+01
9.997594e-01 1.521312e-04 2.193464e-02 4.569223e+01 -1.505142e-04 1.000000e+00 -7.543219e-05 -2.390695e+00 -2.193475e-02 7.211429e-05 9.997595e-01 2.894033e+01
9.989818e-01 5.097383e-04 -4.511133e-02 4.570485e+01 -4.688880e-04 9.999995e-01 9.160900e-04 -2.389007e+00 4.511187e-02 -8.940067e-04 9.989815e-01 2.862206e+01
9.997333e-01 8.572461e-05 2.309620e-02 4.575064e+01 -8.266900e-05 1.000000e+00 -1.333068e-04 -2.387462e+00 -2.309630e-02 1.313635e-04 9.997333e-01 2.822882e+01
9.991406e-01 5.311269e-04 -4.144457e-02 4.570132e+01 -5.014940e-04 9.999996e-01 7.253647e-04 -2.380179e+00 4.144504e-02 -7.039587e-04 9.991405e-01 2.763545e+01
9.998235e-01 1.348730e-04 1.878999e-02 4.565424e+01 -1.368619e-04 1.000000e+00 1.045020e-04 -2.374443e+00 -1.879007e-02 -1.070537e-04 9.998235e-01 2.714521e+01
9.987228e-01 7.293259e-04 -5.051886e-02 4.569149e+01 -6.729198e-04 9.999991e-01 1.133514e-03 -2.375548e+00 5.051973e-02 -1.098072e-03 9.987224e-01 2.695236e+01
