9.998016e-01 -1.980794e-02 -2.102414e-03 2.361055e-01 1.982422e-02 9.997712e-01 8.028153e-03 -2.568853e-02 1.942912e-03 -8.068240e-03 9.999657e-01 3.495214e-01
9.997354e-01 5.959598e-03 -2.221812e-02 4.588775e-01 -5.992641e-03 9.999810e-01 -1.420913e-03 -5.129931e-02 2.220923e-02 1.553684e-03 9.997520e-01 6.925388e-01
9.994229e-01 -2.246706e-02 2.547892e-02 6.989731e-01 2.228868e-02 9.997252e-01 7.263541e-03 -7.413721e-02 -2.563510e-02 -6.691461e-03 9.996491e-01 8.851739e-01
9.998679e-01 2.451719e-03 -1.606865e-02 9.802050e-01 -2.459375e-03 9.999969e-01 -4.566978e-04 -9.896439e-02 1.606747e-02 4.961594e-04 9.998707e-01 1.059679e+00
9.996215e-01 -2.113281e-02 1.761610e-02 1.242547e+00 2.101689e-02 9.997564e-01 6.739663e-03 -1.220421e-01 -1.775423e-02 -6.366880e-03 9.998222e-01 1.229634e+00
9.998716e-01 4.258210e-03 -1.544850e-02 1.451713e+00 -4.267918e-03 9.999907e-01 -5.954636e-04 -1.420119e-01 1.544582e-02 6.613245e-04 9.998804e-01 1.402762e+00
9.996759e-01 -2.256531e-02 1.178613e-02 1.705945e+00 2.248628e-02 9.997241e-01 6.796045e-03 -1.657313e-01 -1.193624e-02 -6.528821e-03 9.999075e-01 1.595549e+00
9.999744e-01 5.210148e-03 -4.907295e-03 1.990111e+00 -5.213205e-03 9.999862e-01 -6.103826e-04 -1.906731e-01 4.904047e-03 6.359553e-04 9.999877e-01 1.718960e+00
9.996676e-01 -2.472743e-02 7.302513e-03 2.299801e+00 2.467445e-02 9.996692e-01 7.257592e-03 -2.177155e-01 -7.479559e-03 -7.075000e-03 9.999471e-01 1.859960e+00
9.999531e-01 7.947788e-03 5.530852e-03 2.554038e+00 -7.942281e-03 9.999679e-01 -1.017002e-03 -2.395158e-01 -5.538756e-03 9.730335e-04 9.999841e-01 1.989616e+00
9.996984e-01 -2.441040e-02 2.688667e-03 2.819127e+00 2.439302e-02 9.996825e-01 6.318009e-03 -2.630713e-01 -2.842041e-03 -6.250526e-03 9.999765e-01 2.111418e+00
9.999790e-01 3.778612e-03 5.262938e-03 3.135753e+00 -3.781673e-03 9.999927e-01 5.716619e-04 -2.898782e-01 -5.260736e-03 -5.915445e-04 9.999859e-01 2.237520e+00
9.996838e-01 -2.111698e-02 -1.365297e-02 3.450727e+00 2.119260e-02 9.997607e-01 5.417909e-03 -3.178859e-01 1.353529e-02 -5.705546e-03 9.998922e-01 2.481838e+00
9.999261e-01 1.210983e-02 -1.042713e-03 3.700180e+00 -1.211071e-02 9.999263e-01 -8.443635e-04 -3.440795e-01 1.032412e-03 8.569383e-04 9.999990e-01 2.775847e+00
9.996896e-01 -2.348498e-02 -8.316665e-03 3.997696e+00 2.343521e-02 9.997072e-01 -6.032247e-03 -3.711191e-01 8.455896e-03 5.835464e-03 9.999473e-01 2.954777e+00
9.999031e-01 1.064880e-02 8.962366e-03 4.415227e+00 -1.077456e-02 9.998425e-01 1.410195e-02 -4.092035e-01 -8.810786e-03 -1.419714e-02 9.998603e-01 3.143016e+00
9.982925e-01 -5.840864e-02 -7.555568e-04 4.766584e+00 5.840784e-02 9.982923e-01 -1.043256e-03 -4.463558e-01 8.152003e-04 9.973341e-04 9.999993e-01 3.511713e+00
9.973975e-01 6.192514e-02 -3.692545e-02 5.236507e+00 -6.145598e-02 9.980156e-01 1.370904e-02 -4.910121e-01 3.770111e-02 -1.140406e-02 9.992239e-01 3.962352e+00
9.993202e-01 -2.984227e-02 2.164799e-02 5.672141e+00 2.996156e-02 9.995375e-01 -5.206905e-03 -5.296735e-01 -2.148259e-02 5.851960e-03 9.997522e-01 4.296228e+00
9.998608e-01 1.661395e-02 -1.519465e-03 6.119116e+00 -1.659460e-02 9.997906e-01 1.197086e-02 -5.677535e-01 1.718028e-03 -1.194397e-02 9.999271e-01 4.423511e+00
9.997949e-01 -1.989037e-02 3.818050e-03 6.554673e+00 1.990216e-02 9.997972e-01 -3.077253e-03 -6.047719e-01 -3.756066e-03 3.152595e-03 9.999881e-01 4.563683e+00
9.999229e-01 5.312912e-03 1.122536e-02 6.959647e+00 -5.437176e-03 9.999240e-01 1.106858e-02 -6.394541e-01 -1.116570e-02 -1.112875e-02 9.998756e-01 4.662053e+00
9.997846e-01 -2.014461e-02 5.002747e-03 7.360981e+00 2.016184e-02 9.997909e-01 -3.419468e-03 -6.730070e-01 -4.932819e-03 3.519581e-03 9.999817e-01 4.764678e+00
9.998608e-01 1.578085e-02 5.410219e-03 7.787660e+00 -1.583164e-02 9.998298e-01 9.476429e-03 -7.093648e-01 -5.259750e-03 -9.560747e-03 9.999404e-01 4.868213e+00
9.995218e-01 -2.987406e-02 7.983368e-03 8.140294e+00 2.989644e-02 9.995494e-01 -2.699014e-03 -7.393907e-01 -7.899143e-03 2.936381e-03 9.999646e-01 4.962644e+00
9.998299e-01 1.591732e-02 9.321794e-03 8.528112e+00 -1.600106e-02 9.998317e-01 8.979238e-03 -7.721843e-01 -9.177294e-03 -9.126852e-03 9.999161e-01 5.055011e+00
9.993216e-01 -3.627020e-02 6.394911e-03 8.974791e+00 3.628283e-02 9.993398e-01 -1.869731e-03 -8.111173e-01 -6.322881e-03 2.100470e-03 9.999779e-01 5.155400e+00
9.995355e-01 2.945065e-02 7.835321e-03 9.407234e+00 -2.950564e-02 9.995401e-01 6.997971e-03 -8.479206e-01 -7.625614e-03 -7.225889e-03 9.999447e-01 5.246198e+00
9.989362e-01 -4.566649e-02 6.407225e-03 9.786228e+00 4.566649e-02 9.989567e-01 1.467322e-04 -8.808152e-01 -6.407252e-03 1.460007e-04 9.999796e-01 5.326436e+00
9.996141e-01 2.576275e-02 1.038644e-02 1.014292e+01 -2.582498e-02 9.996490e-01 5.902992e-03 -9.120231e-01 -1.023071e-02 -6.168924e-03 9.999285e-01 5.385569e+00
9.987148e-01 -5.021371e-02 6.883227e-03 1.058592e+01 5.020038e-02 9.987370e-01 2.095863e-03 -9.512481e-01 -6.979789e-03 -1.747648e-03 9.999742e-01 5.426082e+00
9.993023e-01 3.388060e-02 1.571657e-02 1.103715e+01 -3.391572e-02 9.994227e-01 1.973431e-03 -9.910363e-01 -1.564062e-02 -2.505072e-03 9.998744e-01 5.476583e+00
9.983684e-01 -5.695305e-02 4.111421e-03 1.147631e+01 5.692843e-02 9.983610e-01 5.877016e-03 -1.029250e+00 -4.439415e-03 -5.633390e-03 9.999744e-01 5.538656e+00
9.989381e-01 4.445546e-02 1.209685e-02 1.192680e+01 -4.440249e-02 9.990031e-01 -4.612841e-03 -1.068381e+00 -1.228983e-02 4.070834e-03 9.999161e-01 5.636290e+00
9.980916e-01 -6.091129e-02 -1.015171e-02 1.234912e+01 6.101611e-02 9.980831e-01 1.035623e-02 -1.104671e+00 9.501417e-03 -1.095590e-02 9.998949e-01 5.766336e+00
9.989947e-01 4.088211e-02 1.839026e-02 1.279032e+01 -4.081956e-02 9.991594e-01 -3.764207e-03 -1.142308e+00 -1.852867e-02 3.009763e-03 9.998237e-01 5.942396e+00
9.977116e-01 -6.645833e-02 -1.244200e-02 1.332431e+01 6.659194e-02 9.977235e-01 1.065016e-02 -1.189140e+00 1.170586e-02 -1.145435e-02 9.998660e-01 6.138087e+00
9.977658e-01 6.273598e-02 2.296867e-02 1.389279e+01 -6.252502e-02 9.979954e-01 -9.791240e-03 -1.237651e+00 -2.353687e-02 8.333271e-03 9.996881e-01 6.388363e+00
9.970180e-01 -7.605781e-02 -1.305091e-02 1.435996e+01 7.624524e-02 9.969834e-01 1.452016e-02 -1.277634e+00 1.190714e-02 -1.547195e-02 9.998095e-01 6.604080e+00
9.975461e-01 6.647734e-02 2.196845e-02 1.474812e+01 -6.620916e-02 9.977247e-01 -1.271821e-02 -1.311208e+00 -2.276391e-02 1.123251e-02 9.996777e-01 6.768025e+00
9.959820e-01 -8.942537e-02 -4.795837e-03 1.508992e+01 8.949778e-02 9.958250e-01 1.796408e-02 -1.341469e+00 3.169341e-03 -1.832114e-02 9.998272e-01 6.902946e+00
9.965201e-01 8.250617e-02 1.184774e-02 1.548032e+01 -8.230055e-02 9.964642e-01 -1.690496e-02 -1.375792e+00 -1.320058e-02 1.587109e-02 9.997868e-01 7.003180e+00
9.949951e-01 -9.992355e-02 3.078863e-04 1.581613e+01 9.988948e-02 9.947274e-01 2.322773e-02 -1.404028e+00 -2.627292e-03 -2.308075e-02 9.997302e-01 7.101244e+00
9.958759e-01 9.019134e-02 9.831937e-03 1.617159e+01 -8.995979e-02 9.957049e-01 -2.188604e-02 -1.434455e+00 -1.176361e-02 2.091133e-02 9.997120e-01 7.213859e+00
9.935345e-01 -1.134266e-01 4.864273e-03 1.653304e+01 1.132442e-01 9.931589e-01 2.848115e-02 -1.464872e+00 -8.061550e-03 -2.774617e-02 9.995826e-01 7.361292e+00
9.946115e-01 1.033893e-01 7.654372e-03 1.692293e+01 -1.031343e-01 9.942616e-01 -2.841106e-02 -1.499492e+00 -1.054782e-02 2.746857e-02 9.995669e-01 7.511756e+00
9.931333e-01 -1.169514e-01 -2.934852e-03 1.723117e+01 1.169818e-01 9.925041e-01 3.536893e-02 -1.525261e+00 -1.223630e-03 -3.546941e-02 9.993701e-01 7.624738e+00
9.949059e-01 1.001748e-01 1.128353e-02 1.754626e+01 -9.977444e-02 9.945039e-01 -3.173440e-02 -1.552484e+00 -1.440046e-02 3.044696e-02 9.994325e-01 7.736880e+00
9.938591e-01 -1.105764e-01 -4.121028e-03 1.792108e+01 1.106524e-01 9.932949e-01 3.348695e-02 -1.585049e+00 3.904915e-04 -3.373734e-02 9.994308e-01 7.842058e+00
9.950819e-01 9.811014e-02 1.365088e-02 1.824276e+01 -9.768667e-02 9.947993e-01 -2.883780e-02 -1.611892e+00 -1.640913e-02 2.736249e-02 9.994908e-01 7.922591e+00
9.937932e-01 -1.111829e-01 -3.675855e-03 1.862007e+01 1.112432e-01 9.931548e-01 3.561507e-02 -1.643970e+00 -3.091355e-04 -3.580295e-02 9.993589e-01 8.007818e+00
9.944165e-01 1.048031e-01 1.233551e-02 1.900056e+01 -1.043068e-01 9.939054e-01 -3.566812e-02 -1.676328e+00 -1.599842e-02 3.418231e-02 9.992875e-01 8.116438e+00
9.939349e-01 -1.082667e-01 -1.927953e-02 1.937592e+01 1.083008e-01 9.941179e-01 7.287861e-04 -1.710719e+00 1.908718e-02 -2.812373e-03 9.998140e-01 8.296823e+00
9.947668e-01 1.020216e-01 5.534051e-03 1.986741e+01 -1.020365e-01 9.947776e-01 2.476398e-03 -1.761932e+00 -5.252465e-03 -3.028090e-03 9.999815e-01 8.566491e+00
9.951011e-01 -9.840945e-02 -9.451103e-03 2.044223e+01 9.752567e-02 9.928184e-01 -6.928446e-02 -1.823003e+00 1.620143e-02 6.802330e-02 9.975523e-01 8.911535e+00
9.986006e-01 4.554116e-02 -2.688668e-02 2.120265e+01 -4.307806e-02 9.953635e-01 8.599924e-02 -1.892894e+00 3.067856e-02 -8.472065e-02 9.959322e-01 9.386952e+00
9.973011e-01 -6.341952e-02 3.699250e-02 2.164614e+01 6.610108e-02 9.948804e-01 -7.644340e-02 -1.931695e+00 -3.195515e-02 7.868231e-02 9.963876e-01 9.574003e+00
9.988687e-01 4.367380e-02 -1.881382e-02 2.208010e+01 -4.189904e-02 9.953989e-01 8.617170e-02 -1.968682e+00 2.249074e-02 -8.528591e-02 9.961025e-01 9.733089e+00
9.971962e-01 -6.463083e-02 3.771799e-02 2.254337e+01 6.735280e-02 9.948289e-01 -7.602020e-02 -2.007047e+00 -3.260974e-02 7.834744e-02 9.963927e-01 9.920859e+00
9.990681e-01 4.176972e-02 -1.087625e-02 2.295643e+01 -4.070832e-02 9.956142e-01 8.423346e-02 -2.041268e+00 1.434700e-02 -8.371218e-02 9.963866e-01 1.008653e+01
9.972843e-01 -6.374314e-02 3.689081e-02 2.331237e+01 6.638209e-02 9.949424e-01 -7.538627e-02 -2.070703e+00 -3.189892e-02 7.763042e-02 9.964719e-01 1.020808e+01
9.982501e-01 5.819278e-02 -1.049890e-02 2.370239e+01 -5.723886e-02 9.955034e-01 7.547623e-02 -2.105138e+00 1.484391e-02 -7.474320e-02 9.970922e-01 1.032570e+01
9.967541e-01 -7.406834e-02 3.154542e-02 2.402264e+01 7.608564e-02 9.947491e-01 -6.844924e-02 -2.131690e+00 -2.630990e-02 7.062719e-02 9.971558e-01 1.046946e+01
9.983207e-01 5.608881e-02 -1.448664e-02 2.438216e+01 -5.484859e-02 9.956611e-01 7.517083e-02 -2.162833e+00 1.864007e-02 -7.425000e-02 9.970653e-01 1.062431e+01
9.976985e-01 -6.328169e-02 2.435296e-02 2.477815e+01 6.476270e-02 9.957296e-01 -6.579030e-02 -2.196024e+00 -2.008569e-02 6.721603e-02 9.975363e-01 1.076932e+01
9.986419e-01 4.775092e-02 -2.083538e-02 2.518665e+01 -4.607640e-02 9.961520e-01 7.455365e-02 -2.232222e+00 2.431526e-02 -7.349236e-02 9.969992e-01 1.091442e+01
9.975086e-01 -6.699744e-02 2.208780e-02 2.563882e+01 6.831706e-02 9.954985e-01 -6.569223e-02 -2.271978e+00 -1.758721e-02 6.703752e-02 9.975955e-01 1.109799e+01
9.982591e-01 5.509026e-02 -2.106581e-02 2.613001e+01 -5.327235e-02 9.954633e-01 7.883468e-02 -2.313702e+00 2.531331e-02 -7.757520e-02 9.966650e-01 1.130408e+01
9.970116e-01 -7.093352e-02 3.060075e-02 2.669373e+01 7.289583e-02 9.949735e-01 -6.865847e-02 -2.363219e+00 -2.557680e-02 7.068394e-02 9.971709e-01 1.152599e+01
9.978785e-01 6.076439e-02 -2.336991e-02 2.728938e+01 -5.873828e-02 9.951162e-01 7.933164e-02 -2.415486e+00 2.807637e-02 -7.779061e-02 9.965742e-01 1.179389e+01
9.972138e-01 -6.895777e-02 2.845028e-02 2.789108e+01 7.081351e-02 9.950016e-01 -7.040752e-02 -2.468690e+00 -2.345298e-02 7.222599e-02 9.971126e-01 1.205223e+01
9.982890e-01 5.511589e-02 -1.952791e-02 2.845414e+01 -5.332451e-02 9.951462e-01 8.270732e-02 -2.517863e+00 2.399166e-02 -8.152447e-02 9.963824e-01 1.229066e+01
9.975249e-01 -6.761869e-02 1.928002e-02 2.898468e+01 6.881359e-02 9.951633e-01 -7.010489e-02 -2.563754e+00 -1.444642e-02 7.125809e-02 9.973534e-01 1.249682e+01
9.988780e-01 4.603816e-02 -1.110126e-02 2.946476e+01 -4.500737e-02 9.957846e-01 7.992104e-02 -2.607274e+00 1.473394e-02 -7.933170e-02 9.967393e-01 1.269997e+01
9.990438e-01 -4.342940e-02 5.028930e-03 3.003697e+01 4.369651e-02 9.956263e-01 -8.257705e-02 -2.655729e+00 -1.420714e-03 8.271782e-02 9.965721e-01 1.298472e+01
9.975904e-01 4.133620e-02 -5.571935e-02 3.073892e+01 -3.539476e-02 9.939791e-01 1.036957e-01 -2.721742e+00 5.967030e-02 -1.014736e-01 9.930470e-01 1.356562e+01
9.968908e-01 -5.215796e-02 5.906243e-02 3.122271e+01 5.742636e-02 9.941633e-01 -9.133171e-02 -2.765078e+00 -5.395407e-02 9.443946e-02 9.940676e-01 1.377569e+01
9.980435e-01 3.605058e-02 -5.108385e-02 3.166391e+01 -3.070716e-02 9.943331e-01 1.017779e-01 -2.805194e+00 5.446356e-02 -1.000101e-01 9.934946e-01 1.398747e+01
9.969616e-01 -5.249429e-02 5.754883e-02 3.209502e+01 5.765705e-02 9.940824e-01 -9.206471e-02 -2.844193e+00 -5.237546e-02 9.510306e-02 9.940887e-01 1.415772e+01
9.979109e-01 3.818761e-02 -5.211003e-02 3.258963e+01 -3.263860e-02 9.940970e-01 1.034692e-01 -2.888403e+00 5.575372e-02 -1.015522e-01 9.932666e-01 1.434430e+01
9.974221e-01 -3.343621e-02 6.349180e-02 3.304671e+01 3.947693e-02 9.945591e-01 -9.640411e-02 -2.928188e+00 -5.992301e-02 9.866202e-02 9.933153e-01 1.454040e+01
9.980803e-01 3.000485e-02 -5.417899e-02 3.344793e+01 -2.420925e-02 9.942169e-01 1.046266e-01 -2.962444e+00 5.700502e-02 -1.031141e-01 9.930346e-01 1.468586e+01
9.968643e-01 -3.835029e-02 6.921563e-02 3.388199e+01 4.486592e-02 9.944487e-01 -9.517843e-02 -2.998662e+00 -6.518132e-02 9.798538e-02 9.930511e-01 1.484928e+01
9.972931e-01 4.149121e-02 -6.070385e-02 3.432199e+01 -3.507017e-02 9.940356e-01 1.032637e-01 -3.036154e+00 6.462638e-02 -1.008553e-01 9.927998e-01 1.497910e+01
9.954588e-01 -5.658799e-02 7.654778e-02 3.469537e+01 6.374603e-02 9.934770e-01 -9.455111e-02 -3.068939e+00 -7.069805e-02 9.900133e-02 9.925728e-01 1.510125e+01
9.970236e-01 3.954453e-02 -6.618213e-02 3.520614e+01 -3.227663e-02 9.936818e-01 1.074931e-01 -3.113199e+00 7.001479e-02 -1.050370e-01 9.920005e-01 1.525087e+01
9.949715e-01 -5.302210e-02 8.497248e-02 3.578669e+01 6.114497e-02 9.934984e-01 -9.603250e-02 -3.162206e+00 -7.932823e-02 1.007452e-01 9.917447e-01 1.541988e+01
9.970612e-01 3.844036e-02 -6.626640e-02 3.634538e+01 -3.104224e-02 9.935279e-01 1.092645e-01 -3.211258e+00 7.003774e-02 -1.068863e-01 9.918013e-01 1.562517e+01
9.959153e-01 -3.611198e-02 8.275666e-02 3.693053e+01 4.470219e-02 9.935283e-01 -1.044183e-01 -3.262191e+00 -7.845039e-02 1.076912e-01 9.910844e-01 1.583361e+01
9.970042e-01 3.606669e-02 -6.842421e-02 3.742401e+01 -2.796812e-02 9.928755e-01 1.158274e-01 -3.303865e+00 7.211429e-02 -1.135667e-01 9.909097e-01 1.603682e+01
9.952832e-01 -4.812474e-02 8.423423e-02 3.789446e+01 5.682755e-02 9.929345e-01 -1.041712e-01 -3.343262e+00 -7.862592e-02 1.084666e-01 9.909859e-01 1.621800e+01
9.968704e-01 4.482372e-02 -6.511717e-02 3.842679e+01 -3.732098e-02 9.929863e-01 1.121848e-01 -3.389213e+00 6.968906e-02 -1.094035e-01 9.915514e-01 1.641852e+01
9.958176e-01 -5.037115e-02 7.622322e-02 3.894737e+01 5.792751e-02 9.932583e-01 -1.004112e-01 -3.433643e+00 -7.065158e-02 1.044066e-01 9.920221e-01 1.663036e+01
9.972976e-01 5.011164e-02 -5.372401e-02 3.947557e+01 -4.419115e-02 9.933591e-01 1.062305e-01 -3.479259e+00 5.869067e-02 -1.035693e-01 9.928890e-01 1.681507e+01
9.957386e-01 -5.161808e-02 7.642191e-02 3.998403e+01 5.896990e-02 9.935068e-01 -9.729767e-02 -3.522865e+00 -7.090343e-02 1.013896e-01 9.923170e-01 1.698347e+01
9.966794e-01 5.635321e-02 -5.877499e-02 4.044185e+01 -4.994142e-02 9.931781e-01 1.053713e-01 -3.562275e+00 6.431211e-02 -1.020861e-01 9.926944e-01 1.716082e+01
9.964273e-01 -6.383738e-02 5.529430e-02 4.080923e+01 6.890442e-02 9.930721e-01 -9.518359e-02 -3.594667e+00 -4.883502e-02 9.865353e-02 9.939229e-01 1.730611e+01
9.973290e-01 4.889531e-02 -5.425998e-02 4.126231e+01 -4.295934e-02 9.934766e-01 1.056351e-01 -3.635649e+00 5.907114e-02 -1.030219e-01 9.929234e-01 1.749546e+01
9.970403e-01 -4.880955e-02 5.939955e-02 4.178177e+01 5.435584e-02 9.939296e-01 -9.565215e-02 -3.681099e+00 -5.437030e-02 9.859773e-02 9.936410e-01 1.771307e+01
9.979774e-01 3.764112e-02 -5.122806e-02 4.212739e+01 -3.207966e-02 9.939166e-01 1.053596e-01 -3.711874e+00 5.488234e-02 -1.035031e-01 9.931137e-01 1.790067e+01
9.972096e-01 -4.893356e-02 5.637887e-02 4.247373e+01 5.425864e-02 9.937890e-01 -9.715692e-02 -3.741784e+00 -5.127453e-02 9.994482e-02 9.936710e-01 1.806846e+01
9.980796e-01 4.040478e-02 -4.695236e-02 4.276476e+01 -3.531958e-02 9.938976e-01 1.044989e-01 -3.769293e+00 5.088816e-02 -1.026399e-01 9.934160e-01 1.823189e+01
9.970664e-01 -5.335826e-02 5.487686e-02 4.304454e+01 5.850798e-02 9.935662e-01 -9.696928e-02 -3.793326e+00 -4.934975e-02 9.989552e-02 9.937734e-01 1.838860e+01
9.980636e-01 4.131944e-02 -4.649333e-02 4.333480e+01 -3.621398e-02 9.937331e-01 1.057496e-01 -3.818293e+00 5.057154e-02 -1.038611e-01 9.933052e-01 1.855860e+01
9.977174e-01 -5.082178e-02 4.446498e-02 4.371264e+01 5.511880e-02 9.933123e-01 -1.014523e-01 -3.852796e+00 -3.901169e-02 1.036716e-01 9.938463e-01 1.874606e+01
9.987969e-01 3.994060e-02 -2.844992e-02 4.408396e+01 -3.653909e-02 9.931013e-01 1.114216e-01 -3.885540e+00 3.270397e-02 -1.102480e-01 9.933658e-01 1.890413e+01
9.977588e-01 -5.011333e-02 4.433964e-02 4.442001e+01 5.442192e-02 9.932947e-01 -1.019998e-01 -3.910942e+00 -3.893085e-02 1.041842e-01 9.937959e-01 1.906388e+01
9.980987e-01 4.609842e-02 -4.091408e-02 4.467586e+01 -4.130201e-02 9.929399e-01 1.111962e-01 -3.933436e+00 4.575125e-02 -1.092949e-01 9.929558e-01 1.925316e+01
9.973592e-01 -5.712671e-02 4.484642e-02 4.498318e+01 6.152751e-02 9.926915e-01 -1.038166e-01 -3.961356e+00 -3.858802e-02 1.063017e-01 9.935850e-01 1.942673e+01
9.983933e-01 4.315715e-02 -3.671884e-02 4.530826e+01 -3.883432e-02 9.930345e-01 1.112404e-01 -3.989257e+00 4.126396e-02 -1.096357e-01 9.931149e-01 1.963638e+01
9.984978e-01 -4.451133e-02 3.195010e-02 4.558336e+01 4.758648e-02 9.935416e-01 -1.030082e-01 -4.013011e+00 -2.715879e-02 1.043738e-01 9.941673e-01 1.984324e+01
9.992927e-01 3.115717e-02 -2.105670e-02 4.585609e+01 -2.864770e-02 9.934663e-01 1.104720e-01 -4.036661e+00 2.436118e-02 -1.097906e-01 9.936561e-01 2.000737e+01
9.990014e-01 -3.868888e-02 2.234747e-02 4.611974e+01 4.082165e-02 9.936814e-01 -1.045511e-01 -4.058232e+00 -1.816136e-02 1.053589e-01 9.942685e-01 2.023205e+01
9.994315e-01 2.599510e-02 -2.147097e-02 4.633235e+01 -2.347157e-02 9.936083e-01 1.104156e-01 -4.078896e+00 2.420406e-02 -1.098488e-01 9.936535e-01 2.041418e+01
9.987511e-01 -3.842939e-02 3.192847e-02 4.661058e+01 4.153830e-02 9.937909e-01 -1.032191e-01 -4.102427e+00 -2.776364e-02 1.044164e-01 9.941461e-01 2.054774e+01
9.993401e-01 2.748302e-02 -2.374864e-02 4.690659e+01 -2.468295e-02 9.935055e-01 1.110748e-01 -4.127738e+00 2.664715e-02 -1.104153e-01 9.935282e-01 2.070034e+01
9.986389e-01 -4.002727e-02 3.343995e-02 4.717288e+01 4.332888e-02 9.935622e-01 -1.046745e-01 -4.150422e+00 -2.903491e-02 1.059809e-01 9.939443e-01 2.081709e+01
9.995384e-01 2.794862e-02 -1.191336e-02 4.744326e+01 -2.645253e-02 9.934432e-01 1.112242e-01 -4.171626e+00 1.494388e-02 -1.108577e-01 9.937238e-01 2.094347e+01
9.992064e-01 -3.915728e-02 7.297539e-03 4.768724e+01 3.971037e-02 9.935834e-01 -1.059013e-01 -4.194799e+00 -3.103976e-03 1.061070e-01 9.943500e-01 2.114244e+01
9.993470e-01 3.473931e-02 -9.932596e-03 4.796778e+01 -3.340042e-02 9.930637e-01 1.127337e-01 -4.222223e+00 1.378006e-02 -1.123283e-01 9.935755e-01 2.134182e+01
9.988899e-01 -4.099061e-02 2.321254e-02 4.834864e+01 4.324921e-02 9.933137e-01 -1.070393e-01 -4.253823e+00 -1.866980e-02 1.079243e-01 9.939839e-01 2.150187e+01
9.993940e-01 3.023346e-02 -1.725052e-02 4.869456e+01 -2.805137e-02 9.929541e-01 1.151313e-01 -4.283280e+00 2.060986e-02 -1.145776e-01 9.932004e-01 2.165448e+01
9.986739e-01 -4.441092e-02 2.604141e-02 4.904395e+01 4.696954e-02 9.930770e-01 -1.076658e-01 -4.313352e+00 -2.107966e-02 1.087461e-01 9.938461e-01 2.179376e+01
9.993497e-01 3.224906e-02 -1.612604e-02 4.936616e+01 -3.017386e-02 9.928394e-01 1.155835e-01 -4.340430e+00 1.973810e-02 -1.150218e-01 9.931668e-01 2.192901e+01
9.984987e-01 -4.707691e-02 2.800408e-02 4.967378e+01 4.987272e-02 9.927518e-01 -1.093462e-01 -4.367056e+00 -2.265349e-02 1.105787e-01 9.936092e-01 2.206372e+01
9.991305e-01 3.436557e-02 -2.360670e-02 5.008839e+01 -3.134403e-02 9.924925e-01 1.182207e-01 -4.402525e+00 2.749227e-02 -1.173780e-01 9.927066e-01 2.222470e+01
9.981734e-01 -5.346997e-02 2.812055e-02 5.052203e+01 5.625257e-02 9.923572e-01 -1.098306e-01 -4.441006e+00 -2.203307e-02 1.112118e-01 9.935525e-01 2.242008e+01
9.990878e-01 3.839167e-02 -1.869695e-02 5.092110e+01 -3.591114e-02 9.922928e-01 1.185975e-01 -4.475916e+00 2.310607e-02 -1.178178e-01 9.927663e-01 2.259288e+01
9.977513e-01 -6.172030e-02 2.613496e-02 5.137004e+01 6.424194e-02 9.918238e-01 -1.102661e-01 -4.516578e+00 -1.911570e-02 1.116971e-01 9.935585e-01 2.277367e+01
9.983856e-01 5.661052e-02 -4.619389e-03 5.187354e+01 -5.574394e-02 9.922004e-01 1.114941e-01 -4.561277e+00 1.089517e-02 -1.110566e-01 9.937543e-01 2.301058e+01
9.975750e-01 -6.432067e-02 2.658812e-02 5.232902e+01 6.688188e-02 9.916242e-01 -1.104909e-01 -4.601285e+00 -1.925865e-02 1.120012e-01 9.935215e-01 2.321618e+01
9.983293e-01 5.728407e-02 -7.551297e-03 5.276686e+01 -5.607070e-02 9.920427e-01 1.127265e-01 -4.639944e+00 1.394872e-02 -1.121148e-01 9.935973e-01 2.337994e+01
9.977939e-01 -6.453383e-02 1.558130e-02 5.321311e+01 6.582507e-02 9.922007e-01 -1.058527e-01 -4.677842e+00 -8.628779e-03 1.066448e-01 9.942598e-01 2.353591e+01
9.980483e-01 6.219640e-02 5.586567e-03 5.368309e+01 -6.243274e-02 9.919242e-01 1.104014e-01 -4.717250e+00 1.325193e-03 -1.105346e-01 9.938713e-01 2.371411e+01
9.970912e-01 -7.334400e-02 2.073164e-02 5.416593e+01 7.511827e-02 9.916902e-01 -1.044406e-01 -4.759153e+00 -1.289935e-02 1.056941e-01 9.943151e-01 2.388542e+01
9.982431e-01 5.874211e-02 7.744573e-03 5.465776e+01 -5.923537e-02 9.923755e-01 1.080834e-01 -4.800711e+00 -1.336395e-03 -1.083523e-01 9.941116e-01 2.401581e+01
9.982332e-01 -5.906605e-02 6.461815e-03 5.520109e+01 5.941843e-02 9.921854e-01 -1.097156e-01 -4.849523e+00 6.906974e-05 1.099057e-01 9.939421e-01 2.417542e+01
9.980899e-01 5.959559e-02 1.627655e-02 5.563539e+01 -6.106141e-02 9.916741e-01 1.133750e-01 -4.885755e+00 -9.384306e-03 -1.141523e-01 9.934189e-01 2.432247e+01
9.971608e-01 -7.508464e-02 -5.711693e-03 5.602942e+01 7.404106e-02 9.914646e-01 -1.073125e-01 -4.919604e+00 1.372038e-02 1.065849e-01 9.942090e-01 2.445483e+01
9.987344e-01 4.425463e-02 2.389895e-02 5.650748e+01 -4.668144e-02 9.925029e-01 1.129551e-01 -4.962263e+00 -1.872091e-02 -1.139277e-01 9.933126e-01 2.464133e+01
9.972830e-01 -6.684372e-02 -3.096112e-02 5.695443e+01 6.301401e-02 9.917696e-01 -1.114556e-01 -5.006470e+00 3.815632e-02 1.092018e-01 9.932871e-01 2.486824e+01
9.986050e-01 5.061510e-02 1.503559e-02 5.747796e+01 -5.203999e-02 9.916388e-01 1.180859e-01 -5.053699e+00 -8.932869e-03 -1.187036e-01 9.928895e-01 2.515473e+01
9.979707e-01 -4.206560e-02 -4.780280e-02 5.796916e+01 3.665270e-02 9.933706e-01 -1.089566e-01 -5.096615e+00 5.206914e-02 1.069833e-01 9.928965e-01 2.553491e+01
9.991891e-01 6.535763e-03 3.972830e-02 5.834488e+01 -1.098135e-02 9.935645e-01 1.127341e-01 -5.134286e+00 -3.873575e-02 -1.130789e-01 9.928306e-01 2.576405e+01
9.986478e-01 -1.078091e-02 -5.085749e-02 5.872400e+01 5.452907e-03 9.945873e-01 -1.037613e-01 -5.166807e+00 5.170078e-02 1.033437e-01 9.933012e-01 2.602895e+01
9.997645e-01 -7.652712e-03 2.030627e-02 5.911842e+01 5.380298e-03 9.939513e-01 1.096895e-01 -5.202849e+00 -2.102279e-02 -1.095544e-01 9.937584e-01 2.634121e+01
9.995961e-01 5.811693e-03 -2.781822e-02 5.950942e+01 -8.611751e-03 9.947860e-01 -1.016204e-01 -5.238620e+00 2.708251e-02 1.018189e-01 9.944343e-01 2.664000e+01
9.996826e-01 -2.304200e-02 1.018537e-02 5.997727e+01 2.180803e-02 9.939067e-01 1.080455e-01 -5.282799e+00 -1.261282e-02 -1.077891e-01 9.940937e-01 2.689491e+01
9.997801e-01 1.898411e-02 -8.907244e-03 6.059010e+01 -1.981313e-02 9.943038e-01 -1.047251e-01 -5.333353e+00 6.868320e-03 1.048786e-01 9.944614e-01 2.724616e+01
9.995181e-01 -3.010376e-02 7.575103e-03 6.115122e+01 2.916044e-02 9.942136e-01 1.033874e-01 -5.387102e+00 -1.064354e-02 -1.031166e-01 9.946122e-01 2.765279e+01
9.998876e-01 7.247488e-03 -1.312608e-02 6.168155e+01 -8.517947e-03 9.950035e-01 -9.947595e-02 -5.436440e+00 1.233947e-02 9.957654e-02 9.949535e-01 2.789679e+01
9.999154e-01 -1.300281e-02 2.800176e-05 6.216677e+01 1.294355e-02 9.955593e-01 9.324247e-02 -5.480456e+00 -1.240217e-03 -9.323420e-02 9.956434e-01 2.812360e+01
9.993045e-01 -8.658906e-03 -3.627123e-02 6.250349e+01 4.963048e-03 9.948971e-01 -1.007724e-01 -5.517074e+00 3.695865e-02 1.005223e-01 9.942482e-01 2.837809e+01
9.997536e-01 -1.658925e-02 1.474564e-02 6.293521e+01 1.523747e-02 9.960495e-01 8.748265e-02 -5.561730e+00 -1.613859e-02 -8.723639e-02 9.960568e-01 2.863606e+01
9.995710e-01 -6.658279e-03 -2.852235e-02 6.339117e+01 4.390751e-03 9.968778e-01 -7.883769e-02 -5.604552e+00 2.895815e-02 7.867861e-02 9.964794e-01 2.886388e+01
9.996337e-01 -1.468056e-02 2.273805e-02 6.385600e+01 1.264737e-02 9.961180e-01 8.711517e-02 -5.647316e+00 -2.392860e-02 -8.679565e-02 9.959386e-01 2.906921e+01
9.997070e-01 -6.147410e-03 -2.341271e-02 6.427093e+01 4.269784e-03 9.968322e-01 -7.941907e-02 -5.684844e+00 2.382669e-02 7.929581e-02 9.965664e-01 2.924373e+01
9.994970e-01 -1.977816e-02 2.478883e-02 6.468010e+01 1.754895e-02 9.960427e-01 8.712631e-02 -5.722462e+00 -2.641386e-02 -8.664744e-02 9.958887e-01 2.937934e+01
9.997141e-01 -2.312315e-03 -2.379976e-02 6.508552e+01 4.269564e-04 9.968809e-01 -7.892015e-02 -5.759150e+00 2.390794e-02 7.888740e-02 9.965969e-01 2.951903e+01
9.995763e-01 -1.815935e-02 2.274531e-02 6.547505e+01 1.613342e-02 9.961396e-01 8.628824e-02 -5.794784e+00 -2.422437e-02 -8.588470e-02 9.960105e-01 2.967286e+01
9.997594e-01 -5.000043e-03 -2.135610e-02 6.583914e+01 3.285641e-03 9.968238e-01 -7.957092e-02 -5.828993e+00 2.168606e-02 7.948158e-02 9.966005e-01 2.981456e+01
9.996558e-01 -1.812922e-02 1.896389e-02 6.622583e+01 1.642999e-02 9.961413e-01 8.621261e-02 -5.865090e+00 -2.045361e-02 -8.587133e-02 9.960962e-01 2.996586e+01
9.996848e-01 -7.890188e-03 -2.383327e-02 6.665875e+01 5.993208e-03 9.968849e-01 -7.864227e-02 -5.905638e+00 2.437946e-02 7.847462e-02 9.966181e-01 3.012004e+01
9.997398e-01 -1.895618e-02 1.268762e-02 6.715926e+01 1.786139e-02 9.965173e-01 8.145025e-02 -5.953036e+00 -1.418735e-02 -8.120242e-02 9.965966e-01 3.028931e+01
9.994997e-01 1.189021e-02 -2.930766e-02 6.760050e+01 -1.397705e-02 9.973023e-01 -7.206082e-02 -5.993356e+00 2.837171e-02 7.243439e-02 9.969696e-01 3.049130e+01
9.989284e-01 -3.527130e-02 2.996471e-02 6.800256e+01 3.279067e-02 9.962883e-01 7.958869e-02 -6.030296e+00 -3.266062e-02 -7.852082e-02 9.963772e-01 3.064835e+01
9.993884e-01 1.332653e-02 -3.233130e-02 6.843158e+01 -1.556730e-02 9.974202e-01 -7.007569e-02 -6.068551e+00 3.131395e-02 7.053611e-02 9.970177e-01 3.081497e+01
9.988844e-01 -3.300500e-02 3.377246e-02 6.880304e+01 3.030604e-02 9.965297e-01 7.752538e-02 -6.102363e+00 -3.621391e-02 -7.641536e-02 9.964181e-01 3.096984e+01
9.993383e-01 9.147157e-03 -3.520510e-02 6.919498e+01 -1.158344e-02 9.975054e-01 -6.963333e-02 -6.138279e+00 3.448026e-02 6.999502e-02 9.969513e-01 3.113272e+01
9.988365e-01 -3.309054e-02 3.508170e-02 6.959020e+01 3.029792e-02 9.965437e-01 7.734801e-02 -6.173852e+00 -3.751986e-02 -7.619509e-02 9.963867e-01 3.128787e+01
9.991586e-01 9.780644e-03 -3.983091e-02 6.997784e+01 -1.250864e-02 9.975502e-01 -6.882705e-02 -6.209052e+00 3.906009e-02 6.926735e-02 9.968332e-01 3.143820e+01
9.986669e-01 -3.617570e-02 3.682123e-02 7.044439e+01 3.332120e-02 9.965975e-01 7.538661e-02 -6.251814e+00 -3.942304e-02 -7.405916e-02 9.964742e-01 3.160146e+01
9.992958e-01 1.768776e-02 -3.309282e-02 7.094238e+01 -1.981533e-02 9.976814e-01 -6.510913e-02 -6.296877e+00 3.186439e-02 6.571900e-02 9.973294e-01 3.176392e+01
9.985228e-01 -4.309437e-02 3.309064e-02 7.139213e+01 4.056540e-02 9.964605e-01 7.362688e-02 -6.339508e+00 -3.614635e-02 -7.217577e-02 9.967366e-01 3.187076e+01
9.989341e-01 2.106239e-02 -4.107462e-02 7.179419e+01 -2.370018e-02 9.976150e-01 -6.482762e-02 -6.377677e+00 3.961116e-02 6.573197e-02 9.970509e-01 3.198390e+01
9.980325e-01 -4.605034e-02 4.254921e-02 7.225780e+01 4.287978e-02 9.964360e-01 7.264041e-02 -6.422076e+00 -4.574261e-02 -7.067297e-02 9.964501e-01 3.212087e+01
9.973914e-01 3.740571e-02 -6.173538e-02 7.276080e+01 -4.117191e-02 9.972940e-01 -6.090562e-02 -6.466287e+00 5.929004e-02 6.328848e-02 9.962326e-01 3.228968e+01
9.962766e-01 -5.500827e-02 6.638577e-02 7.308331e+01 5.026419e-02 9.961996e-01 7.113232e-02 -6.494077e+00 -7.004628e-02 -6.753062e-02 9.952552e-01 3.240797e+01
9.972655e-01 3.730747e-02 -6.379390e-02 7.337202e+01 -4.121735e-02 9.972794e-01 -6.111368e-02 -6.519430e+00 6.134028e-02 6.357595e-02 9.960902e-01 3.252264e+01
9.960065e-01 -5.763236e-02 6.818723e-02 7.369753e+01 5.279953e-02 9.961012e-01 7.067283e-02 -6.547824e+00 -7.199435e-02 -6.679033e-02 9.951662e-01 3.265397e+01
9.971403e-01 3.744660e-02 -6.564363e-02 7.399939e+01 -4.144305e-02 9.973005e-01 -6.061572e-02 -6.574087e+00 6.319649e-02 6.316282e-02 9.960004e-01 3.277620e+01
9.965156e-01 -5.578669e-02 6.200356e-02 7.426220e+01 5.147367e-02 9.962804e-01 6.910675e-02 -6.598879e+00 -6.562810e-02 -6.567439e-02 9.956805e-01 3.287482e+01
9.974323e-01 3.581250e-02 -6.201927e-02 7.454420e+01 -3.945336e-02 9.975068e-01 -5.851163e-02 -6.625121e+00 5.976912e-02 6.080824e-02 9.963585e-01 3.298769e+01
9.972829e-01 -5.727004e-02 4.633407e-02 7.491408e+01 5.449858e-02 9.967683e-01 5.901602e-02 -6.659764e+00 -4.956411e-02 -5.633051e-02 9.971811e-01 3.314384e+01
9.984201e-01 4.126490e-02 -3.813958e-02 7.526166e+01 -4.313488e-02 9.978381e-01 -4.958241e-02 -6.692489e+00 3.601104e-02 5.114920e-02 9.980416e-01 3.331454e+01
9.973454e-01 -6.392680e-02 3.486287e-02 7.555977e+01 6.186536e-02 9.964379e-01 5.730864e-02 -6.718745e+00 -3.840216e-02 -5.499969e-02 9.977475e-01 3.348273e+01
9.974647e-01 5.010227e-02 -5.053635e-02 7.579620e+01 -5.261554e-02 9.973777e-01 -4.969251e-02 -6.741992e+00 4.791405e-02 5.222550e-02 9.974853e-01 3.364174e+01
9.961373e-01 -7.071955e-02 5.205060e-02 7.607874e+01 6.765903e-02 9.959988e-01 5.838357e-02 -6.768141e+00 -5.597112e-02 -5.463634e-02 9.969363e-01 3.381794e+01
9.968044e-01 5.616040e-02 -5.680621e-02 7.634415e+01 -5.900807e-02 9.970165e-01 -4.975999e-02 -6.791297e+00 5.384211e-02 5.295298e-02 9.971445e-01 3.403303e+01
9.957539e-01 -7.880518e-02 4.757992e-02 7.661735e+01 7.614909e-02 9.955634e-01 5.527104e-02 -6.818604e+00 -5.172439e-02 -5.141317e-02 9.973370e-01 3.434961e+01
9.960207e-01 6.240799e-02 -6.362381e-02 7.690820e+01 -6.530005e-02 9.968758e-01 -4.443627e-02 -6.845170e+00 6.065178e-02 4.841406e-02 9.969843e-01 3.460783e+01
9.946923e-01 -8.126830e-02 6.310808e-02 7.722219e+01 7.777145e-02 9.953959e-01 5.602235e-02 -6.872346e+00 -6.737030e-02 -5.081698e-02 9.964330e-01 3.481567e+01
9.961069e-01 6.053240e-02 -6.408496e-02 7.761659e+01 -6.336016e-02 9.970617e-01 -4.305165e-02 -6.906654e+00 6.129057e-02 4.694446e-02 9.970155e-01 3.497157e+01
9.942871e-01 -8.066206e-02 6.990488e-02 7.805983e+01 7.676298e-02 9.954314e-01 5.677851e-02 -6.945798e+00 -7.416531e-02 -5.108802e-02 9.959364e-01 3.515241e+01
9.958565e-01 6.722040e-02 -6.124854e-02 7.849412e+01 -7.014464e-02 9.964331e-01 -4.691317e-02 -6.984679e+00 5.787648e-02 5.101502e-02 9.970195e-01 3.535110e+01
9.945186e-01 -8.285544e-02 6.377830e-02 7.887716e+01 7.900179e-02 9.950220e-01 6.074520e-02 -7.015356e+00 -6.849381e-02 -5.537362e-02 9.961135e-01 3.551449e+01
9.956770e-01 6.429922e-02 -6.702971e-02 7.924826e+01 -6.753320e-02 9.966023e-01 -4.715090e-02 -7.046848e+00 6.377012e-02 5.147378e-02 9.966363e-01 3.569049e+01
9.940689e-01 -8.450539e-02 6.845348e-02 7.965043e+01 8.042826e-02 9.949361e-01 6.027772e-02 -7.081468e+00 -7.320056e-02 -5.441460e-02 9.958316e-01 3.588122e+01
9.949450e-01 7.111164e-02 -7.090572e-02 8.005130e+01 -7.455461e-02 9.961016e-01 -4.715186e-02 -7.116327e+00 6.727617e-02 5.219983e-02 9.963680e-01 3.610047e+01
9.925042e-01 -9.429221e-02 7.774595e-02 8.037946e+01 8.973830e-02 9.941486e-01 6.012948e-02 -7.145576e+00 -8.296069e-02 -5.270195e-02 9.951582e-01 3.626933e+01
9.946246e-01 8.171047e-02 -6.360321e-02 8.073282e+01 -8.503625e-02 9.950478e-01 -5.146477e-02 -7.174372e+00 5.908295e-02 5.659668e-02 9.966475e-01 3.641388e+01
9.915065e-01 -1.067126e-01 7.434522e-02 8.110473e+01 1.020058e-01 9.926922e-01 6.447487e-02 -7.206327e+00 -8.068212e-02 -5.634360e-02 9.951460e-01 3.657730e+01
9.932220e-01 9.390447e-02 -6.849837e-02 8.152804e+01 -9.791610e-02 9.935168e-01 -5.776434e-02 -7.243068e+00 6.262988e-02 6.407988e-02 9.959776e-01 3.671708e+01
9.924582e-01 -1.010520e-01 6.939114e-02 8.194842e+01 9.588602e-02 9.926279e-01 7.413347e-02 -7.274259e+00 -7.637083e-02 -6.692072e-02 9.948311e-01 3.699873e+01
9.941945e-01 8.286689e-02 -6.863193e-02 8.245081e+01 -8.708094e-02 9.943399e-01 -6.086898e-02 -7.317239e+00 6.319936e-02 6.649212e-02 9.957835e-01 3.738447e+01
9.934017e-01 -9.283279e-02 6.734287e-02 8.303948e+01 8.783616e-02 9.934040e-01 7.371035e-02 -7.367088e+00 -7.374133e-02 -6.730883e-02 9.950033e-01 3.776668e+01
9.971516e-01 3.323306e-02 -6.770791e-02 8.398463e+01 -3.708553e-02 9.977159e-01 -5.645959e-02 -7.455662e+00 6.567685e-02 5.880973e-02 9.961065e-01 3.867586e+01
9.989882e-01 -3.769361e-02 2.453004e-02 8.497470e+01 3.578057e-02 9.965986e-01 7.423661e-02 -7.551786e+00 -2.724476e-02 -7.328379e-02 9.969388e-01 3.965396e+01
9.987159e-01 5.017082e-02 7.033899e-03 8.590508e+01 -4.943008e-02 9.954285e-01 -8.172389e-02 -7.628369e+00 -1.110198e-02 8.127124e-02 9.966303e-01 4.015668e+01
9.991256e-01 7.432507e-03 -4.114293e-02 8.724261e+01 -1.209225e-02 9.933847e-01 -1.141953e-01 -7.803290e+00 4.002208e-02 1.145930e-01 9.926059e-01 4.117847e+01
9.790019e-01 1.595764e-01 -1.268492e-01 8.955937e+01 -1.530278e-01 9.864074e-01 5.985694e-02 -8.018730e+00 1.346766e-01 -3.918862e-02 9.901144e-01 4.274322e+01
9.917565e-01 -1.096876e-01 6.623944e-02 9.059359e+01 1.164596e-01 9.872036e-01 -1.089322e-01 -8.118334e+00 -5.344324e-02 1.157484e-01 9.918397e-01 4.357920e+01
9.951773e-01 9.426612e-02 -2.713203e-02 9.119114e+01 -9.033062e-02 9.885108e-01 1.211890e-01 -8.169298e+00 3.824425e-02 -1.181537e-01 9.922587e-01 4.396906e+01
9.951058e-01 -8.933925e-02 4.222406e-02 9.179434e+01 9.356815e-02 9.892988e-01 -1.119506e-01 -8.222440e+00 -3.177056e-02 1.153535e-01 9.928162e-01 4.424884e+01
9.967398e-01 7.616885e-02 -2.661059e-02 9.226074e+01 -7.227765e-02 9.895125e-01 1.250638e-01 -8.260715e+00 3.585741e-02 -1.227327e-01 9.917919e-01 4.447923e+01
9.952092e-01 -9.026364e-02 3.756426e-02 9.286261e+01 9.409405e-02 9.886300e-01 -1.172903e-01 -8.311494e+00 -2.655004e-02 1.202629e-01 9.923869e-01 4.483711e+01
9.960144e-01 8.613540e-02 -2.315155e-02 9.355220e+01 -8.240383e-02 9.879925e-01 1.306924e-01 -8.370462e+00 3.413073e-02 -1.282638e-01 9.911527e-01 4.531337e+01
9.944231e-01 -1.020508e-01 2.661306e-02 9.414792e+01 1.045248e-01 9.872727e-01 -1.198631e-01 -8.420366e+00 -1.404215e-02 1.219764e-01 9.924336e-01 4.575703e+01
9.960263e-01 8.710546e-02 -1.855733e-02 9.471717e+01 -8.392074e-02 9.877066e-01 1.318823e-01 -8.470744e+00 2.981680e-02 -1.298009e-01 9.910918e-01 4.608266e+01
9.931906e-01 -1.116585e-01 3.323695e-02 9.519820e+01 1.148774e-01 9.861066e-01 -1.199869e-01 -8.514692e+00 -1.937756e-02 1.229880e-01 9.922189e-01 4.631561e+01
9.950136e-01 9.941820e-02 -8.000175e-03 9.574816e+01 -9.782480e-02 9.884086e-01 1.160981e-01 -8.563663e+00 1.944964e-02 -1.147366e-01 9.932056e-01 4.648526e+01
9.935142e-01 -1.088654e-01 3.282919e-02 9.628887e+01 1.117490e-01 9.881771e-01 -1.049676e-01 -8.611246e+00 -2.101365e-02 1.079554e-01 9.939335e-01 4.668957e+01
9.946653e-01 1.002033e-01 -2.450216e-02 9.670153e+01 -9.674927e-02 9.885966e-01 1.153968e-01 -8.647757e+00 3.578582e-02 -1.124107e-01 9.930173e-01 4.685784e+01
9.930035e-01 -1.156425e-01 2.389057e-02 9.715188e+01 1.175632e-01 9.871639e-01 -1.081035e-01 -8.688537e+00 -1.108249e-02 1.101558e-01 9.938525e-01 4.705535e+01
9.945037e-01 9.747003e-02 -3.823516e-02 9.761368e+01 -9.217055e-02 9.882528e-01 1.219056e-01 -8.732494e+00 4.966808e-02 -1.177114e-01 9.918051e-01 4.745044e+01
9.931751e-01 -1.126295e-01 3.029363e-02 9.818192e+01 1.153873e-01 9.867012e-01 -1.144834e-01 -8.785567e+00 -1.699649e-02 1.171976e-01 9.929631e-01 4.788253e+01
9.947409e-01 1.020409e-01 -8.838545e-03 9.880044e+01 -1.000926e-01 9.867846e-01 1.274268e-01 -8.838637e+00 2.172443e-02 -1.258720e-01 9.918087e-01 4.818620e+01
9.945073e-01 -1.046393e-01 2.404846e-03 9.941592e+01 1.042021e-01 9.876667e-01 -1.168603e-01 -8.891516e+00 9.853051e-03 1.164690e-01 9.931454e-01 4.868035e+01
9.926351e-01 1.196410e-01 -1.901828e-02 1.000229e+02 -1.162819e-01 9.850141e-01 1.273803e-01 -8.952026e+00 3.397312e-02 -1.242307e-01 9.916717e-01 4.931048e+01
9.896371e-01 -1.407038e-01 2.865086e-02 1.005118e+02 1.431132e-01 9.827755e-01 -1.169224e-01 -8.996841e+00 -1.170589e-02 1.198110e-01 9.927276e-01 4.969797e+01
9.880875e-01 1.536515e-01 -8.617383e-03 1.011327e+02 -1.513679e-01 9.804522e-01 1.257027e-01 -9.048827e+00 2.776327e-02 -1.229009e-01 9.920306e-01 5.018635e+01
9.873681e-01 -1.573094e-01 1.892076e-02 1.017357e+02 1.584390e-01 9.794131e-01 -1.250881e-01 -9.105027e+00 1.146355e-03 1.265058e-01 9.919651e-01 5.059503e+01
9.898751e-01 1.418790e-01 -4.198018e-03 1.022213e+02 -1.399592e-01 9.805520e-01 1.375838e-01 -9.146633e+00 2.363656e-02 -1.356032e-01 9.904813e-01 5.092222e+01
9.868444e-01 -1.612597e-01 1.154804e-02 1.026892e+02 1.614053e-01 9.785904e-01 -1.277069e-01 -9.189044e+00 9.293235e-03 1.278908e-01 9.917446e-01 5.121429e+01
9.882933e-01 1.525662e-01 -1.036791e-04 1.031092e+02 -1.510779e-01 9.787465e-01 1.386749e-01 -9.225034e+00 2.125852e-02 -1.370358e-01 9.903380e-01 5.147772e+01
9.858499e-01 -1.671762e-01 1.233013e-02 1.035406e+02 1.673579e-01 9.773900e-01 -1.292289e-01 -9.263442e+00 9.552702e-03 1.294638e-01 9.915380e-01 5.175756e+01
9.874443e-01 1.577830e-01 -7.630785e-03 1.039391e+02 -1.551459e-01 9.777643e-01 1.410915e-01 -9.298554e+00 2.972289e-02 -1.381361e-01 9.899672e-01 5.206601e+01
9.873623e-01 -1.580737e-01 1.133415e-02 1.043202e+02 1.581679e-01 9.784154e-01 -1.329893e-01 -9.331841e+00 9.932646e-03 1.331013e-01 9.910526e-01 5.244081e+01
9.893189e-01 1.455531e-01 -7.894783e-03 1.047223e+02 -1.429417e-01 9.793310e-01 1.431028e-01 -9.370524e+00 2.856061e-02 -1.404458e-01 9.896764e-01 5.289353e+01
9.870888e-01 -1.591178e-01 1.836446e-02 1.052142e+02 1.601436e-01 9.781586e-01 -1.325132e-01 -9.413518e+00 3.121911e-03 1.337433e-01 9.910110e-01 5.319514e+01
9.882207e-01 1.529928e-01 -3.601997e-03 1.057146e+02 -1.508107e-01 9.775850e-01 1.469142e-01 -9.455468e+00 2.599802e-02 -1.446405e-01 9.891428e-01 5.353398e+01
9.870128e-01 -1.599919e-01 1.443236e-02 1.061360e+02 1.604331e-01 9.771704e-01 -1.392808e-01 -9.493856e+00 8.180987e-03 1.397874e-01 9.901477e-01 5.390587e+01
9.857803e-01 1.671755e-01 -1.701575e-02 1.066992e+02 -1.625919e-01 9.744950e-01 1.546718e-01 -9.539685e+00 4.243906e-02 -1.497058e-01 9.878195e-01 5.447848e+01
9.836566e-01 -1.773300e-01 3.120466e-02 1.071140e+02 1.799937e-01 9.729485e-01 -1.448224e-01 -9.581509e+00 -4.679123e-03 1.480722e-01 9.889654e-01 5.495352e+01
9.837985e-01 1.792064e-01 -5.058921e-03 1.074839e+02 -1.761859e-01 9.716647e-01 1.575633e-01 -9.610609e+00 3.315188e-02 -1.541192e-01 9.874960e-01 5.523881e+01
9.828811e-01 -1.792598e-01 4.255095e-02 1.079114e+02 1.835557e-01 9.726508e-01 -1.423295e-01 -9.642261e+00 -1.587321e-02 1.477035e-01 9.889042e-01 5.564646e+01
9.866666e-01 1.627511e-01 -1.099078e-03 1.083482e+02 -1.606349e-01 9.748796e-01 1.542924e-01 -9.677428e+00 2.618267e-02 -1.520586e-01 9.880247e-01 5.595270e+01
9.846139e-01 -1.718873e-01 3.146696e-02 1.087978e+02 1.746253e-01 9.744934e-01 -1.409558e-01 -9.711983e+00 -6.435774e-03 1.442820e-01 9.895156e-01 5.631182e+01
9.839314e-01 1.770459e-01 -2.310262e-02 1.092394e+02 -1.712514e-01 9.724035e-01 1.584436e-01 -9.747771e+00 5.051682e-02 -1.519413e-01 9.870978e-01 5.686975e+01
9.811945e-01 -1.851243e-01 5.464698e-02 1.095846e+02 1.912473e-01 9.706984e-01 -1.454960e-01 -9.782051e+00 -2.611083e-02 1.532110e-01 9.878484e-01 5.726673e+01
