9.999098e-01 -1.173907e-02 6.532036e-03 4.522000e-01 1.174061e-02 9.999311e-01 -1.971796e-04 -3.686505e-02 -6.529271e-03 2.738514e-04 9.999787e-01 1.744563e-01
9.999593e-01 7.539221e-03 -4.964581e-03 7.735965e-01 -7.536357e-03 9.999714e-01 5.954792e-04 -6.432373e-02 4.968930e-03 -5.580395e-04 9.999874e-01 3.604449e-01
9.998628e-01 -1.503542e-02 6.956020e-03 1.172700e+00 1.504095e-02 9.998866e-01 -7.433368e-04 -9.667194e-02 -6.944056e-03 8.478595e-04 9.999756e-01 5.004608e-01
9.999530e-01 7.904344e-03 -5.607878e-03 1.558023e+00 -7.900675e-03 9.999686e-01 6.761122e-04 -1.286843e-01 5.613047e-03 -6.317740e-04 9.999839e-01 6.582469e-01
9.998405e-01 -1.356476e-02 1.161651e-02 1.917785e+00 1.357287e-02 9.999077e-01 -6.194637e-04 -1.575256e-01 -1.160703e-02 7.770338e-04 9.999324e-01 8.072901e-01
9.998651e-01 1.232643e-02 -1.085203e-02 2.302864e+00 -1.231031e-02 9.999230e-01 1.550769e-03 -1.926724e-01 1.087032e-02 -1.416968e-03 9.999398e-01 1.110400e+00
9.997394e-01 -1.806492e-02 1.395989e-02 2.630673e+00 1.808417e-02 9.998357e-01 -1.253605e-03 -2.201430e-01 -1.393495e-02 1.505731e-03 9.999019e-01 1.303339e+00
9.998880e-01 1.133829e-02 -9.765699e-03 2.972231e+00 -1.132757e-02 9.999352e-01 1.153029e-03 -2.481346e-01 9.778142e-03 -1.042277e-03 9.999515e-01 1.421605e+00
9.997449e-01 -1.892652e-02 1.232276e-02 3.336368e+00 1.894257e-02 9.998199e-01 -1.186809e-03 -2.776727e-01 -1.229808e-02 1.419931e-03 9.999235e-01 1.523439e+00
9.997965e-01 1.859893e-02 -7.809588e-03 3.711603e+00 -1.858370e-02 9.998253e-01 2.018301e-03 -3.079418e-01 7.845765e-03 -1.872759e-03 9.999674e-01 1.700963e+00
9.996423e-01 -2.489709e-02 9.764762e-03 4.073792e+00 2.491791e-02 9.996875e-01 -2.016453e-03 -3.378348e-01 -9.711509e-03 2.259048e-03 9.999504e-01 1.835969e+00
9.998163e-01 1.718247e-02 -8.488766e-03 4.434406e+00 -1.716569e-02 9.998506e-01 2.045402e-03 -3.670788e-01 8.522646e-03 -1.899310e-03 9.999618e-01 1.955293e+00
9.996774e-01 -2.375528e-02 8.984254e-03 4.827217e+00 2.377493e-02 9.997152e-01 -2.086373e-03 -3.996764e-01 -8.932136e-03 2.299300e-03 9.999576e-01 2.162094e+00
9.998417e-01 1.779027e-02 -4.207045e-04 5.166290e+00 -1.778937e-02 9.998396e-01 2.056859e-03 -4.278573e-01 4.572336e-04 -2.049049e-03 9.999977e-01 2.294676e+00
9.997536e-01 -2.212435e-02 1.811034e-03 5.518360e+00 2.213040e-02 9.997493e-01 -3.392099e-03 -4.564310e-01 -1.735536e-03 3.431341e-03 9.999927e-01 2.402889e+00
9.998509e-01 1.637658e-02 5.473957e-03 5.801452e+00 -1.639348e-02 9.998609e-01 3.056640e-03 -4.798904e-01 -5.423133e-03 -3.145921e-03 9.999802e-01 2.481999e+00
9.996259e-01 -2.683885e-02 -5.269379e-03 6.233875e+00 2.681782e-02 9.996322e-01 -4.021807e-03 -5.183127e-01 5.375377e-03 3.878989e-03 9.999781e-01 2.549216e+00
9.980853e-01 -3.292808e-02 5.235917e-02 6.825710e+00 3.302699e-02 9.994539e-01 -1.024745e-03 -5.733234e-01 -5.229683e-02 2.752048e-03 9.986277e-01 2.904385e+00
9.970479e-01 4.155776e-02 -6.456278e-02 7.468728e+00 -4.122651e-02 9.991290e-01 6.455132e-03 -6.297935e-01 6.477480e-02 -3.774378e-03 9.978929e-01 3.399465e+00
9.966058e-01 -4.731553e-02 6.736538e-02 7.947995e+00 4.764258e-02 9.988591e-01 -3.255821e-03 -6.681813e-01 -6.713447e-02 6.454230e-03 9.977230e-01 3.519798e+00
9.970078e-01 4.460234e-02 -6.313612e-02 8.413849e+00 -4.424753e-02 9.989960e-01 7.007534e-03 -7.054856e-01 6.338527e-02 -4.192949e-03 9.979804e-01 3.655741e+00
9.964891e-01 -5.280815e-02 6.496714e-02 8.835975e+00 5.320296e-02 9.985742e-01 -4.360885e-03 -7.396770e-01 -6.464421e-02 7.802018e-03 9.978778e-01 3.762088e+00
9.969865e-01 4.738029e-02 -6.142459e-02 9.270888e+00 -4.697856e-02 9.988641e-01 7.968800e-03 -7.740326e-01 6.173237e-02 -5.059147e-03 9.980800e-01 3.883421e+00
9.965104e-01 -5.411319e-02 6.355221e-02 9.686817e+00 5.453820e-02 9.984993e-01 -4.970668e-03 -8.075155e-01 -6.318785e-02 8.419345e-03 9.979660e-01 3.995706e+00
9.971346e-01 4.738866e-02 -5.896493e-02 1.007762e+01 -4.698859e-02 9.988621e-01 8.153872e-03 -8.385411e-01 5.928423e-02 -5.359829e-03 9.982269e-01 4.075591e+00
9.965064e-01 -5.463397e-02 6.316794e-02 1.048599e+01 5.508211e-02 9.984674e-01 -5.373557e-03 -8.714400e-01 -6.277753e-02 8.834206e-03 9.979883e-01 4.160518e+00
9.972299e-01 4.716427e-02 -5.751544e-02 1.095997e+01 -4.675010e-02 9.988702e-01 8.526226e-03 -9.085222e-01 5.785258e-02 -5.813755e-03 9.983083e-01 4.274602e+00
9.968708e-01 -5.250508e-02 5.909099e-02 1.137218e+01 5.292364e-02 9.985832e-01 -5.539728e-03 -9.414451e-01 -5.871639e-02 8.649702e-03 9.982371e-01 4.374659e+00
9.974591e-01 4.747301e-02 -5.311871e-02 1.174096e+01 -4.708982e-02 9.988550e-01 8.442952e-03 -9.712426e-01 5.345869e-02 -5.920149e-03 9.985526e-01 4.452105e+00
9.967420e-01 -5.481335e-02 5.916848e-02 1.210825e+01 5.526061e-02 9.984542e-01 -5.948128e-03 -1.000184e+00 -5.875097e-02 9.198434e-03 9.982302e-01 4.525362e+00
9.972423e-01 4.967837e-02 -5.513482e-02 1.245882e+01 -4.925561e-02 9.987456e-01 9.001270e-03 -1.028324e+00 5.551282e-02 -6.260748e-03 9.984384e-01 4.597238e+00
9.965771e-01 -5.594722e-02 6.086065e-02 1.279832e+01 5.642536e-02 9.983878e-01 -6.164922e-03 -1.055326e+00 -6.041761e-02 9.577903e-03 9.981271e-01 4.674917e+00
9.971929e-01 5.080430e-02 -5.500277e-02 1.314414e+01 -5.036542e-02 9.986872e-01 9.337088e-03 -1.082898e+00 5.540491e-02 -6.540640e-03 9.984426e-01 4.753717e+00
9.966586e-01 -5.681324e-02 5.868549e-02 1.348826e+01 5.729349e-02 9.983360e-01 -6.532197e-03 -1.110513e+00 -5.821671e-02 9.872665e-03 9.982551e-01 4.843069e+00
9.974474e-01 4.925869e-02 -5.169443e-02 1.383758e+01 -4.885421e-02 9.987648e-01 9.059874e-03 -1.138870e+00 5.207684e-02 -6.511256e-03 9.986220e-01 4.937605e+00
9.968494e-01 -5.764028e-02 5.448701e-02 1.424138e+01 5.808315e-02 9.982901e-01 -6.578296e-03 -1.171641e+00 -5.401465e-02 9.722346e-03 9.984927e-01 5.047119e+00
9.974566e-01 4.894735e-02 -5.181241e-02 1.474145e+01 -4.853284e-02 9.987789e-01 9.229027e-03 -1.214136e+00 5.220086e-02 -6.690950e-03 9.986143e-01 5.265813e+00
9.968887e-01 -5.187626e-02 5.934484e-02 1.516362e+01 5.230714e-02 9.986146e-01 -5.729387e-03 -1.247638e+00 -5.896539e-02 8.815719e-03 9.982210e-01 5.446435e+00
9.969668e-01 4.840640e-02 -6.094329e-02 1.551431e+01 -4.792530e-02 9.988073e-01 9.332138e-03 -1.278380e+00 6.132233e-02 -6.383105e-03 9.980977e-01 5.629075e+00
9.960578e-01 -5.509871e-02 6.952010e-02 1.585463e+01 5.564935e-02 9.984323e-01 -6.007457e-03 -1.305304e+00 -6.908010e-02 9.852522e-03 9.975624e-01 5.751377e+00
9.968260e-01 5.086980e-02 -6.123826e-02 1.615777e+01 -5.037496e-02 9.986843e-01 9.598549e-03 -1.329663e+00 6.164594e-02 -6.483208e-03 9.980771e-01 5.804132e+00
9.959167e-01 -5.754439e-02 6.956042e-02 1.644491e+01 5.810487e-02 9.982921e-01 -6.059521e-03 -1.351983e+00 -6.909291e-02 1.007658e-02 9.975592e-01 5.839518e+00
9.968001e-01 5.132727e-02 -6.127907e-02 1.671695e+01 -5.084260e-02 9.986620e-01 9.443482e-03 -1.373807e+00 6.168177e-02 -6.297675e-03 9.980761e-01 5.890665e+00
9.961249e-01 -5.690810e-02 6.705736e-02 1.704453e+01 5.744628e-02 9.983298e-01 -6.123419e-03 -1.399519e+00 -6.659687e-02 9.951884e-03 9.977302e-01 5.968807e+00
9.968954e-01 5.109936e-02 -5.990383e-02 1.735390e+01 -5.062542e-02 9.986734e-01 9.403816e-03 -1.424355e+00 6.030488e-02 -6.341963e-03 9.981600e-01 6.074622e+00
9.962328e-01 -5.781727e-02 6.463306e-02 1.764547e+01 5.834410e-02 9.982767e-01 -6.292081e-03 -1.448243e+00 -6.415786e-02 1.003933e-02 9.978892e-01 6.148935e+00
9.969960e-01 5.220083e-02 -5.721935e-02 1.793469e+01 -5.174697e-02 9.986161e-01 9.386023e-03 -1.470908e+00 5.763010e-02 -6.396899e-03 9.983176e-01 6.219762e+00
9.962156e-01 -5.832310e-02 6.444226e-02 1.825603e+01 5.883795e-02 9.982488e-01 -6.118993e-03 -1.496005e+00 -6.397251e-02 9.887484e-03 9.979026e-01 6.298924e+00
9.968712e-01 5.325615e-02 -5.840921e-02 1.859475e+01 -5.277584e-02 9.985589e-01 9.736432e-03 -1.522432e+00 5.884354e-02 -6.623373e-03 9.982453e-01 6.377902e+00
9.961501e-01 -5.904967e-02 6.479252e-02 1.887068e+01 5.958335e-02 9.982032e-01 -6.333935e-03 -1.544419e+00 -6.430206e-02 1.017010e-02 9.978786e-01 6.394208e+00
9.970359e-01 5.301759e-02 -5.575435e-02 1.913856e+01 -5.256334e-02 9.985716e-01 9.583462e-03 -1.565104e+00 5.618278e-02 -6.624419e-03 9.983986e-01 6.396248e+00
9.963404e-01 -5.701100e-02 6.368264e-02 1.945125e+01 5.751026e-02 9.983267e-01 -6.032989e-03 -1.588991e+00 -6.323211e-02 9.673314e-03 9.979519e-01 6.422298e+00
9.970676e-01 5.139533e-02 -5.669778e-02 1.977942e+01 -5.094682e-02 9.986578e-01 9.328813e-03 -1.614474e+00 5.710111e-02 -6.412885e-03 9.983479e-01 6.544719e+00
9.965171e-01 -5.744030e-02 6.045040e-02 2.005752e+01 5.794641e-02 9.982975e-01 -6.651322e-03 -1.639776e+00 -5.996541e-02 1.013104e-02 9.981489e-01 6.651763e+00
9.966259e-01 6.131915e-02 -5.456080e-02 2.050014e+01 -6.182235e-02 9.980584e-01 -7.581567e-03 -1.678780e+00 5.398994e-02 1.092906e-02 9.984818e-01 6.792067e+00
9.977740e-01 -4.459679e-02 4.958059e-02 2.110277e+01 4.437676e-02 9.989996e-01 5.530267e-03 -1.732921e+00 -4.977760e-02 -3.317735e-03 9.987547e-01 7.078777e+00
9.982398e-01 4.131897e-02 -4.254444e-02 2.152357e+01 -4.157643e-02 9.991219e-01 -5.184390e-03 -1.767324e+00 4.229284e-02 6.944114e-03 9.990812e-01 7.260339e+00
9.976985e-01 -4.832227e-02 4.756837e-02 2.187746e+01 4.805332e-02 9.988217e-01 6.781976e-03 -1.796509e+00 -4.784002e-02 -4.480554e-03 9.988449e-01 7.403967e+00
9.982580e-01 4.174042e-02 -4.169895e-02 2.219726e+01 -4.196982e-02 9.991081e-01 -4.640700e-03 -1.824733e+00 4.146803e-02 6.382717e-03 9.991195e-01 7.568401e+00
9.977227e-01 -4.755324e-02 4.783497e-02 2.252874e+01 4.729284e-02 9.988595e-01 6.561365e-03 -1.853581e+00 -4.809240e-02 -4.284176e-03 9.988336e-01 7.737079e+00
9.982223e-01 4.282451e-02 -4.145126e-02 2.279560e+01 -4.304969e-02 9.990625e-01 -4.554731e-03 -1.876184e+00 4.121732e-02 6.331103e-03 9.991302e-01 7.863608e+00
9.976844e-01 -4.803260e-02 4.815366e-02 2.302036e+01 4.776553e-02 9.988362e-01 6.682467e-03 -1.895025e+00 -4.841856e-02 -4.366913e-03 9.988175e-01 7.939301e+00
9.983592e-01 4.209207e-02 -3.882228e-02 2.330235e+01 -4.231796e-02 9.990916e-01 -5.014828e-03 -1.916636e+00 3.857590e-02 6.649484e-03 9.992336e-01 8.018156e+00
9.978193e-01 -4.914129e-02 4.406501e-02 2.367462e+01 4.888303e-02 9.987805e-01 6.920077e-03 -1.946229e+00 -4.435130e-02 -4.750961e-03 9.990046e-01 8.152286e+00
9.980011e-01 4.840312e-02 -4.063170e-02 2.407745e+01 -4.864227e-02 9.988042e-01 -4.917526e-03 -1.978949e+00 4.034506e-02 6.884119e-03 9.991622e-01 8.313966e+00
9.972291e-01 -5.511365e-02 4.996570e-02 2.446680e+01 5.481665e-02 9.984698e-01 7.296121e-03 -2.010079e+00 -5.029133e-02 -4.536958e-03 9.987242e-01 8.443390e+00
9.979727e-01 4.589512e-02 -4.409153e-02 2.497053e+01 -4.614125e-02 9.989244e-01 -4.580314e-03 -2.050807e+00 4.383386e-02 6.605471e-03 9.990171e-01 8.625485e+00
9.978909e-01 -4.735513e-02 4.439966e-02 2.559286e+01 4.706804e-02 9.988636e-01 7.489858e-03 -2.100915e+00 -4.470385e-02 -5.384262e-03 9.989857e-01 8.879539e+00
9.984128e-01 4.371206e-02 -3.551281e-02 2.620914e+01 -4.391184e-02 9.990236e-01 -4.864901e-03 -2.151690e+00 3.526545e-02 6.416616e-03 9.993575e-01 9.139308e+00
9.984034e-01 -3.962279e-02 4.025773e-02 2.691927e+01 3.954049e-02 9.992139e-01 2.838701e-03 -2.210207e+00 -4.033853e-02 -1.242364e-03 9.991852e-01 9.401909e+00
9.983395e-01 4.324012e-02 -3.805850e-02 2.759885e+01 -4.346574e-02 9.990418e-01 -5.120406e-03 -2.266897e+00 3.780059e-02 6.766149e-03 9.992625e-01 9.682290e+00
9.980475e-01 -4.622861e-02 4.200025e-02 2.824279e+01 4.605399e-02 9.989259e-01 5.116221e-03 -2.320921e+00 -4.219161e-02 -3.171960e-03 9.991044e-01 9.957862e+00
9.984960e-01 4.220412e-02 -3.499408e-02 2.890555e+01 -4.243412e-02 9.990821e-01 -5.855711e-03 -2.376790e+00 3.471479e-02 7.331852e-03 9.993705e-01 1.023807e+01
9.979957e-01 -4.611286e-02 4.333740e-02 2.959808e+01 4.576233e-02 9.989114e-01 9.046536e-03 -2.432918e+00 -4.370735e-02 -7.045191e-03 9.990194e-01 1.056290e+01
9.986821e-01 4.175472e-02 -2.984179e-02 3.037116e+01 -4.204556e-02 9.990735e-01 -9.185550e-03 -2.497475e+00 2.943056e-02 1.042817e-02 9.995125e-01 1.093294e+01
9.987346e-01 -2.952351e-02 4.071326e-02 3.115860e+01 2.918181e-02 9.995339e-01 8.961835e-03 -2.570763e+00 -4.095883e-02 -7.762415e-03 9.991306e-01 1.159739e+01
9.991478e-01 1.781676e-02 -3.723328e-02 3.172252e+01 -1.810414e-02 9.998088e-01 -7.395428e-03 -2.619186e+00 3.709436e-02 8.063208e-03 9.992793e-01 1.187015e+01
9.989826e-01 -2.625366e-02 3.666867e-02 3.228035e+01 2.598422e-02 9.996319e-01 7.805224e-03 -2.666482e+00 -3.686004e-02 -6.844483e-03 9.992969e-01 1.211379e+01
9.993776e-01 2.140919e-02 -2.803564e-02 3.283685e+01 -2.158262e-02 9.997497e-01 -5.898197e-03 -2.712833e+00 2.790231e-02 6.499614e-03 9.995896e-01 1.237485e+01
9.991887e-01 -2.035649e-02 3.475111e-02 3.342799e+01 2.029476e-02 9.997918e-01 2.128467e-03 -2.763218e+00 -3.478716e-02 -1.421482e-03 9.993936e-01 1.265714e+01
9.993347e-01 1.699788e-02 -3.226745e-02 3.384813e+01 -1.702441e-02 9.998549e-01 -5.476279e-04 -2.798872e+00 3.225342e-02 1.096604e-03 9.994792e-01 1.283640e+01
9.989944e-01 -2.108054e-02 3.956898e-02 3.421043e+01 2.104244e-02 9.997776e-01 1.379371e-03 -2.827917e+00 -3.958921e-02 -5.453636e-04 9.992158e-01 1.296472e+01
9.994668e-01 1.473146e-02 -2.913970e-02 3.456068e+01 -1.475030e-02 9.998911e-01 -4.315897e-04 -2.855084e+00 2.913013e-02 8.611856e-04 9.995754e-01 1.310265e+01
9.993600e-01 -1.252546e-02 3.350533e-02 3.491161e+01 1.246549e-02 9.999203e-01 1.998291e-03 -2.883714e+00 -3.352765e-02 -1.579359e-03 9.994364e-01 1.325063e+01
9.996864e-01 8.390558e-03 -2.359371e-02 3.524032e+01 -8.434735e-03 9.999629e-01 -1.773433e-03 -2.909633e+00 2.357791e-02 1.971891e-03 9.997202e-01 1.334787e+01
9.993906e-01 -1.370063e-02 3.210414e-02 3.567878e+01 1.366926e-02 9.999059e-01 1.196520e-03 -2.945759e+00 -3.211746e-02 -7.569590e-04 9.994837e-01 1.351040e+01
9.995097e-01 9.636027e-03 -2.979286e-02 3.616754e+01 -9.647932e-03 9.999534e-01 -2.557813e-04 -2.987264e+00 2.978896e-02 5.431024e-04 9.995562e-01 1.372602e+01
9.991350e-01 -1.524188e-02 3.868908e-02 3.667476e+01 1.520538e-02 9.998836e-01 1.237748e-03 -3.027431e+00 -3.870339e-02 -6.484035e-04 9.992504e-01 1.392571e+01
9.993470e-01 1.417712e-02 -3.323444e-02 3.715810e+01 -1.417024e-02 9.998995e-01 4.428435e-04 -3.065833e+00 3.323734e-02 2.839241e-05 9.994476e-01 1.414182e+01
9.990269e-01 -2.088596e-02 3.884487e-02 3.751439e+01 2.087822e-02 9.997818e-01 6.050017e-04 -3.095324e+00 -3.884899e-02 2.065912e-04 9.992450e-01 1.428888e+01
9.993186e-01 1.418572e-02 -3.407576e-02 3.784980e+01 -1.418118e-02 9.998994e-01 3.748826e-04 -3.124024e+00 3.407761e-02 1.086145e-04 9.994193e-01 1.443044e+01
9.990672e-01 -1.661647e-02 3.985851e-02 3.823937e+01 1.660354e-02 9.998619e-01 6.554553e-04 -3.156751e+00 -3.986385e-02 6.940853e-06 9.992050e-01 1.461133e+01
9.992715e-01 1.497619e-02 -3.510305e-02 3.866313e+01 -1.495376e-02 9.998878e-01 9.012755e-04 -3.190880e+00 3.511256e-02 -3.756892e-04 9.993834e-01 1.481150e+01
9.989199e-01 -2.338444e-02 4.015317e-02 3.905751e+01 2.341069e-02 9.997259e-01 -1.835481e-04 -3.222486e+00 -4.013783e-02 1.123355e-03 9.991934e-01 1.493909e+01
9.992557e-01 2.154506e-02 -3.199718e-02 3.950042e+01 -2.150234e-02 9.997674e-01 1.678818e-03 -3.256621e+00 3.202586e-02 -9.895469e-04 9.994866e-01 1.506667e+01
9.990081e-01 -1.975500e-02 3.990704e-02 3.998638e+01 1.975045e-02 9.998048e-01 5.082510e-04 -3.293727e+00 -3.990925e-02 2.804273e-04 9.992032e-01 1.519434e+01
9.994683e-01 1.485172e-02 -2.902595e-02 4.045063e+01 -1.484080e-02 9.998897e-01 5.916132e-04 -3.331003e+00 2.903148e-02 -1.605232e-04 9.995786e-01 1.532466e+01
9.992037e-01 -1.790647e-02 3.565481e-02 4.100092e+01 1.788250e-02 9.998396e-01 9.911178e-04 -3.373748e+00 -3.566679e-02 -3.527393e-04 9.993636e-01 1.552151e+01
9.990650e-01 1.770753e-02 -3.944081e-02 4.147732e+01 -1.772314e-02 9.998429e-01 -4.612769e-05 -3.415281e+00 3.943374e-02 7.451064e-04 9.992220e-01 1.573342e+01
9.985460e-01 -2.372180e-02 4.840687e-02 4.180334e+01 2.369888e-02 9.997186e-01 1.047564e-03 -3.440564e+00 -4.841805e-02 1.011393e-04 9.988271e-01 1.582713e+01
9.987249e-01 2.417612e-02 -4.431803e-02 4.213282e+01 -2.427561e-02 9.997038e-01 -1.707975e-03 -3.466889e+00 4.426357e-02 2.781651e-03 9.990161e-01 1.590502e+01
9.982943e-01 -2.882048e-02 5.077233e-02 4.238077e+01 2.872180e-02 9.995839e-01 2.672319e-03 -3.486084e+00 -5.082817e-02 -1.209497e-03 9.987066e-01 1.595844e+01
9.986583e-01 2.286018e-02 -4.646573e-02 4.268410e+01 -2.296733e-02 9.997346e-01 -1.773180e-03 -3.510568e+00 4.641281e-02 2.838001e-03 9.989184e-01 1.602899e+01
9.981903e-01 -3.277857e-02 5.041495e-02 4.311343e+01 3.270403e-02 9.994624e-01 2.302920e-03 -3.545815e+00 -5.046328e-02 -6.499894e-04 9.987256e-01 1.612383e+01
9.985864e-01 2.742418e-02 -4.553204e-02 4.354818e+01 -2.747248e-02 9.996225e-01 -4.352335e-04 -3.581266e+00 4.550286e-02 1.685504e-03 9.989629e-01 1.631529e+01
9.986023e-01 -3.323200e-02 4.109877e-02 4.394761e+01 3.316024e-02 9.994471e-01 2.426771e-03 -3.615114e+00 -4.115664e-02 -1.060543e-03 9.991521e-01 1.645557e+01
9.998207e-01 -2.942304e-03 -1.870456e-02 4.426962e+01 2.837600e-03 9.999802e-01 -5.621681e-03 -3.640110e+00 1.872068e-02 5.567607e-03 9.998093e-01 1.650776e+01
9.997142e-01 1.174357e-02 2.082180e-02 4.457901e+01 -1.199687e-02 9.998550e-01 1.208214e-02 -3.665347e+00 -2.067684e-02 -1.232850e-02 9.997101e-01 1.663391e+01
9.997770e-01 -1.640469e-02 -1.329574e-02 4.489429e+01 1.624325e-02 9.997941e-01 -1.215996e-02 -3.691294e+00 1.349243e-02 1.194129e-02 9.998378e-01 1.672481e+01
9.997608e-01 1.410563e-02 1.671502e-02 4.528493e+01 -1.431222e-02 9.998219e-01 1.230549e-02 -3.721829e+00 -1.653841e-02 -1.254179e-02 9.997845e-01 1.681638e+01
9.996770e-01 -2.176397e-02 -1.312492e-02 4.562858e+01 2.159100e-02 9.996800e-01 -1.317983e-02 -3.749289e+00 1.340751e-02 1.289221e-02 9.998271e-01 1.687984e+01
9.998605e-01 1.018646e-02 1.323389e-02 4.610074e+01 -1.034991e-02 9.998703e-01 1.234122e-02 -3.786172e+00 -1.310640e-02 -1.247648e-02 9.998362e-01 1.687942e+01
9.999832e-01 -5.796155e-03 -2.626447e-04 4.656007e+01 5.791771e-03 9.998796e-01 -1.439542e-02 -3.821431e+00 3.459945e-04 1.439366e-02 9.998964e-01 1.693754e+01
9.999853e-01 8.662755e-05 5.426420e-03 4.681765e+01 -1.638926e-04 9.998986e-01 1.424050e-02 -3.842404e+00 -5.424579e-03 -1.424119e-02 9.998838e-01 1.700432e+01
9.999753e-01 -6.861714e-03 1.503792e-03 4.714804e+01 6.882223e-03 9.998771e-01 -1.408796e-02 -3.867392e+00 -1.406998e-03 1.409797e-02 9.998997e-01 1.708333e+01
9.999915e-01 -1.519614e-03 3.820103e-03 4.750984e+01 1.468143e-03 9.999086e-01 1.344147e-02 -3.896463e+00 -3.840121e-03 -1.343576e-02 9.999023e-01 1.716190e+01
9.999949e-01 -2.336413e-03 2.158842e-03 4.789261e+01 2.363150e-03 9.999195e-01 -1.246800e-02 -3.924908e+00 -2.129596e-03 1.247305e-02 9.999200e-01 1.725592e+01
9.999390e-01 -7.488998e-03 8.112269e-03 4.822907e+01 7.394316e-03 9.999049e-01 1.163974e-02 -3.952392e+00 -8.198608e-03 -1.157906e-02 9.998993e-01 1.733338e+01
9.999869e-01 -2.736706e-03 4.317451e-03 4.862058e+01 2.785542e-03 9.999317e-01 -1.134681e-02 -3.981447e+00 -4.286164e-03 1.135870e-02 9.999264e-01 1.746247e+01
9.999256e-01 2.753501e-03 1.188145e-02 4.904152e+01 -2.906475e-03 9.999129e-01 1.287733e-02 -4.012192e+00 -1.184489e-02 -1.291092e-02 9.998464e-01 1.759642e+01
9.999789e-01 -5.877063e-03 -2.781813e-03 4.941094e+01 5.840372e-03 9.998982e-01 -1.301767e-02 -4.041050e+00 2.857973e-03 1.300116e-02 9.999115e-01 1.772005e+01
9.999696e-01 3.731751e-03 6.847428e-03 4.977120e+01 -3.815592e-03 9.999174e-01 1.227288e-02 -4.069880e+00 -6.801001e-03 -1.229865e-02 9.999012e-01 1.786064e+01
9.999866e-01 -4.850803e-03 -1.807663e-03 5.006469e+01 4.829629e-03 9.999218e-01 -1.153723e-02 -4.092488e+00 1.863423e-03 1.152836e-02 9.999319e-01 1.798871e+01
9.999657e-01 1.642123e-03 8.117278e-03 5.032806e+01 -1.737435e-03 9.999295e-01 1.174931e-02 -4.112642e+00 -8.097348e-03 -1.176302e-02 9.998979e-01 1.808974e+01
9.999862e-01 -2.612783e-03 -4.565014e-03 5.061386e+01 2.560814e-03 9.999323e-01 -1.135252e-02 -4.134615e+00 4.594303e-03 1.134069e-02 9.999252e-01 1.817461e+01
9.999495e-01 -2.962049e-03 9.599302e-03 5.101826e+01 2.856744e-03 9.999358e-01 1.096569e-02 -4.167584e+00 -9.631103e-03 -1.093772e-02 9.998937e-01 1.827285e+01
9.999560e-01 -2.764904e-03 -8.963337e-03 5.148404e+01 2.672247e-03 9.999430e-01 -1.033252e-02 -4.205825e+00 8.991331e-03 1.030812e-02 9.999065e-01 1.845188e+01
9.998883e-01 -5.640861e-03 1.383709e-02 5.192923e+01 5.493716e-03 9.999282e-01 1.064948e-02 -4.242712e+00 -1.389610e-02 -1.057228e-02 9.998475e-01 1.863560e+01
9.999751e-01 -2.294330e-03 -6.678513e-03 5.244987e+01 2.223720e-03 9.999418e-01 -1.056037e-02 -4.284821e+00 6.702288e-03 1.054526e-02 9.999220e-01 1.881121e+01
9.999549e-01 -4.277052e-03 8.480846e-03 5.298631e+01 4.188889e-03 9.999373e-01 1.038673e-02 -4.329237e+00 -8.524674e-03 -1.035075e-02 9.999100e-01 1.903773e+01
9.999807e-01 -1.749092e-03 -5.965559e-03 5.340805e+01 1.690697e-03 9.999508e-01 -9.779007e-03 -4.364062e+00 5.982305e-03 9.768744e-03 9.999345e-01 1.924282e+01
9.999425e-01 -3.859284e-03 1.000735e-02 5.377010e+01 3.762241e-03 9.999459e-01 9.698397e-03 -4.393312e+00 -1.004418e-02 -9.660201e-03 9.999028e-01 1.934526e+01
9.999873e-01 -1.149520e-03 -4.904978e-03 5.412416e+01 1.103550e-03 9.999556e-01 -9.363505e-03 -4.421108e+00 4.915458e-03 9.357986e-03 9.999442e-01 1.943526e+01
9.998895e-01 -7.188089e-03 1.300910e-02 5.448358e+01 7.069987e-03 9.999336e-01 9.102081e-03 -4.449712e+00 -1.307359e-02 -9.009114e-03 9.998739e-01 1.951895e+01
9.999661e-01 5.050783e-03 -6.511218e-03 5.484995e+01 -5.106701e-03 9.999500e-01 -8.599457e-03 -4.478526e+00 6.467392e-03 8.632429e-03 9.999419e-01 1.963806e+01
9.998057e-01 -9.846535e-03 1.707751e-02 5.526606e+01 9.692497e-03 9.999118e-01 9.079659e-03 -4.510536e+00 -1.716534e-02 -8.912384e-03 9.998129e-01 1.973269e+01
9.998781e-01 3.954151e-03 -1.510752e-02 5.578681e+01 -4.080849e-03 9.999567e-01 -8.364524e-03 -4.552406e+00 1.507372e-02 8.425169e-03 9.998510e-01 1.984034e+01
9.997202e-01 -7.890476e-03 2.229862e-02 5.625269e+01 7.691146e-03 9.999298e-01 9.011037e-03 -4.589717e+00 -2.236809e-02 -8.837027e-03 9.997107e-01 1.997202e+01
9.997815e-01 5.198169e-03 -2.024938e-02 5.679087e+01 -5.364367e-03 9.999523e-01 -8.161654e-03 -4.633571e+00 2.020592e-02 8.268508e-03 9.997617e-01 2.015609e+01
9.994013e-01 -9.091934e-03 3.338233e-02 5.742235e+01 8.961241e-03 9.999516e-01 4.062731e-03 -4.689456e+00 -3.341758e-02 -3.761166e-03 9.994343e-01 2.054963e+01
9.995614e-01 9.123928e-03 -2.817558e-02 5.810225e+01 -9.275575e-03 9.999432e-01 -5.256008e-03 -4.750960e+00 2.812596e-02 5.515061e-03 9.995893e-01 2.110257e+01
9.992242e-01 -4.004862e-03 3.917711e-02 5.876165e+01 4.062060e-03 9.999908e-01 -1.380359e-03 -4.811402e+00 -3.917115e-02 1.538414e-03 9.992312e-01 2.175344e+01
9.984650e-01 2.278296e-02 -5.048281e-02 5.957083e+01 -2.233200e-02 9.997057e-01 9.479247e-03 -4.890698e+00 5.068385e-02 -8.337303e-03 9.986800e-01 2.286870e+01
9.982350e-01 -3.230040e-02 4.983472e-02 6.010489e+01 3.262888e-02 9.994508e-01 -5.791819e-03 -4.941143e+00 -4.962020e-02 7.407634e-03 9.987406e-01 2.342134e+01
9.983820e-01 3.240164e-02 -4.672755e-02 6.066142e+01 -3.195340e-02 9.994362e-01 1.030819e-02 -4.990670e+00 4.703514e-02 -8.798399e-03 9.988546e-01 2.390248e+01
9.983763e-01 -3.777741e-02 4.263429e-02 6.119341e+01 3.808295e-02 9.992542e-01 -6.377010e-03 -5.038486e+00 -4.236152e-02 7.990281e-03 9.990703e-01 2.438078e+01
9.993037e-01 2.574666e-02 -2.700325e-02 6.184383e+01 -2.555190e-02 9.996451e-01 7.533067e-03 -5.095475e+00 2.718755e-02 -6.837825e-03 9.996070e-01 2.468236e+01
9.994502e-01 -1.399049e-02 3.005750e-02 6.257478e+01 1.433707e-02 9.998328e-01 -1.134604e-02 -5.154032e+00 -2.989367e-02 1.177073e-02 9.994837e-01 2.512915e+01
9.998880e-01 1.234000e-02 -8.466344e-03 6.318260e+01 -1.226039e-02 9.998807e-01 9.393059e-03 -5.206760e+00 8.581172e-03 -9.288194e-03 9.999201e-01 2.560448e+01
9.998250e-01 -1.538560e-02 1.063854e-02 6.386978e+01 1.546178e-02 9.998551e-01 -7.115639e-03 -5.268921e+00 -1.052745e-02 7.278871e-03 9.999180e-01 2.617317e+01
9.999619e-01 8.298798e-03 -2.697591e-03 6.446699e+01 -8.279610e-03 9.999409e-01 7.050284e-03 -5.319859e+00 2.755867e-03 -7.027668e-03 9.999716e-01 2.646003e+01
9.998361e-01 -1.400602e-02 1.147237e-02 6.503585e+01 1.410514e-02 9.998635e-01 -8.604264e-03 -5.369207e+00 -1.135022e-02 8.764659e-03 9.998971e-01 2.676521e+01
9.999300e-01 8.510815e-03 -8.220830e-03 6.555482e+01 -8.466996e-03 9.999498e-01 5.351181e-03 -5.421060e+00 8.265887e-03 -5.281186e-03 9.999520e-01 2.723661e+01
9.997871e-01 -1.745232e-02 1.100239e-02 6.605984e+01 1.749962e-02 9.998380e-01 -4.217035e-03 -5.469196e+00 -1.092694e-02 4.408660e-03 9.999305e-01 2.767412e+01
9.998808e-01 1.024597e-02 -1.154753e-02 6.665790e+01 -1.021225e-02 9.999434e-01 2.975420e-03 -5.522299e+00 1.157728e-02 -2.857125e-03 9.999290e-01 2.798216e+01
9.996453e-01 -4.098807e-03 2.631421e-02 6.729521e+01 4.406183e-03 9.999226e-01 -1.163343e-02 -5.578437e+00 -2.626442e-02 1.174523e-02 9.995859e-01 2.835635e+01
9.996354e-01 -6.361044e-03 -2.624278e-02 6.775863e+01 6.676395e-03 9.999063e-01 1.194691e-02 -5.619134e+00 2.616425e-02 -1.211775e-02 9.995843e-01 2.857483e+01
9.996074e-01 -4.299275e-03 2.768574e-02 6.820600e+01 4.635618e-03 9.999161e-01 -1.209565e-02 -5.658683e+00 -2.763134e-02 1.221923e-02 9.995434e-01 2.874144e+01
9.997145e-01 -7.376359e-03 -2.272845e-02 6.870192e+01 7.653826e-03 9.998969e-01 1.214555e-02 -5.700953e+00 2.263644e-02 -1.231602e-02 9.996680e-01 2.891430e+01
9.997492e-01 -2.962792e-03 2.219764e-02 6.926215e+01 3.226957e-03 9.999243e-01 -1.187389e-02 -5.748989e+00 -2.216071e-02 1.194252e-02 9.996830e-01 2.914840e+01
9.997625e-01 -9.637772e-03 -1.954737e-02 6.984738e+01 9.871838e-03 9.998803e-01 1.191379e-02 -5.799304e+00 1.943013e-02 -1.210391e-02 9.997380e-01 2.939566e+01
9.997885e-01 -2.271252e-03 2.043767e-02 7.045764e+01 2.517662e-03 9.999244e-01 -1.203864e-02 -5.851312e+00 -2.040871e-02 1.208753e-02 9.997186e-01 2.965097e+01
9.998774e-01 -6.899361e-03 -1.405790e-02 7.116055e+01 7.068047e-03 9.999032e-01 1.198586e-02 -5.909670e+00 1.397377e-02 -1.208373e-02 9.998294e-01 2.992358e+01
9.998329e-01 -5.202624e-03 1.752467e-02 7.191017e+01 5.431868e-03 9.999000e-01 -1.305870e-02 -5.972898e+00 -1.745491e-02 1.315169e-02 9.997611e-01 3.019798e+01
9.997634e-01 2.084187e-02 -6.226052e-03 7.262740e+01 -2.082481e-02 9.997792e-01 2.792769e-03 -6.034449e+00 6.282809e-03 -2.662433e-03 9.999768e-01 3.060731e+01
9.995025e-01 -3.091498e-02 6.240538e-03 7.319108e+01 3.092717e-02 9.995199e-01 -1.865763e-03 -6.083291e+00 -6.179787e-03 2.057816e-03 9.999787e-01 3.096764e+01
9.997705e-01 2.142006e-02 -3.390644e-04 7.373379e+01 -2.141938e-02 9.997687e-01 1.921496e-03 -6.128549e+00 3.800684e-04 -1.913773e-03 9.999982e-01 3.116510e+01
9.996002e-01 -2.794639e-02 -4.293592e-03 7.426346e+01 2.793332e-02 9.996051e-01 -3.075721e-03 -6.174503e+00 4.377927e-03 2.954536e-03 9.999860e-01 3.136849e+01
9.998463e-01 1.581673e-02 7.564848e-03 7.475113e+01 -1.583880e-02 9.998705e-01 2.865032e-03 -6.217692e+00 -7.518628e-03 -2.984390e-03 9.999674e-01 3.157206e+01
9.996250e-01 -2.665874e-02 -6.254029e-03 7.528154e+01 2.664347e-02 9.996418e-01 -2.514229e-03 -6.263124e+00 6.318890e-03 2.346636e-03 9.999772e-01 3.180427e+01
9.998349e-01 1.524311e-02 9.892588e-03 7.578625e+01 -1.527177e-02 9.998794e-01 2.827220e-03 -6.307618e+00 -9.848375e-03 -2.977810e-03 9.999472e-01 3.206406e+01
9.995848e-01 -2.846801e-02 -4.440237e-03 7.638804e+01 2.845599e-02 9.995913e-01 -2.749026e-03 -6.359824e+00 4.516757e-03 2.621511e-03 9.999863e-01 3.233156e+01
9.997847e-01 2.016104e-02 4.918093e-03 7.702597e+01 -2.017318e-02 9.997935e-01 2.430947e-03 -6.414375e+00 -4.868144e-03 -2.529616e-03 9.999850e-01 3.261412e+01
9.994162e-01 -3.384941e-02 -4.628607e-03 7.767380e+01 3.383777e-02 9.994240e-01 -2.571382e-03 -6.470042e+00 4.713057e-03 2.413236e-03 9.999859e-01 3.282167e+01
9.996803e-01 2.528167e-02 4.606125e-04 7.831147e+01 -2.528280e-02 9.996769e-01 2.626756e-03 -6.524582e+00 -3.941306e-04 -2.637539e-03 9.999965e-01 3.303540e+01
9.996417e-01 -2.484968e-02 -9.945479e-03 7.869913e+01 2.479545e-02 9.996772e-01 -5.540522e-03 -6.558514e+00 1.008002e-02 5.291911e-03 9.999351e-01 3.310857e+01
9.997237e-01 1.957498e-02 1.301483e-02 7.891180e+01 -1.963655e-02 9.997965e-01 4.618981e-03 -6.577482e+00 -1.292184e-02 -4.873249e-03 9.999047e-01 3.309081e+01
9.996683e-01 -2.481502e-02 -6.893480e-03 7.912118e+01 2.478334e-02 9.996821e-01 -4.645465e-03 -6.595851e+00 7.006640e-03 4.473056e-03 9.999654e-01 3.318455e+01
9.997814e-01 1.859170e-02 9.569189e-03 7.942840e+01 -1.863299e-02 9.998174e-01 4.242798e-03 -6.622693e+00 -9.488637e-03 -4.420150e-03 9.999453e-01 3.327082e+01
9.996212e-01 -2.692102e-02 -5.709501e-03 7.978125e+01 2.689899e-02 9.996305e-01 -3.901217e-03 -6.653654e+00 5.812491e-03 3.746135e-03 9.999760e-01 3.343478e+01
9.997866e-01 1.929942e-02 7.368189e-03 8.012474e+01 -1.933011e-02 9.998047e-01 4.115594e-03 -6.683152e+00 -7.287397e-03 -4.257120e-03 9.999645e-01 3.358643e+01
9.995766e-01 -2.906788e-02 1.271252e-03 8.055076e+01 2.907330e-02 9.995673e-01 -4.463619e-03 -6.719443e+00 -1.140878e-03 4.498663e-03 9.999891e-01 3.371788e+01
9.997835e-01 2.045372e-02 3.833227e-03 8.115087e+01 -2.046375e-02 9.997872e-01 2.592950e-03 -6.771831e+00 -3.779452e-03 -2.670807e-03 9.999894e-01 3.395788e+01
9.994461e-01 -3.276414e-02 -5.826329e-03 8.183029e+01 3.274905e-02 9.994600e-01 -2.668719e-03 -6.829487e+00 5.910697e-03 2.476408e-03 9.999794e-01 3.420841e+01
9.996744e-01 2.551211e-02 5.569564e-04 8.234066e+01 -2.551348e-02 9.996711e-01 2.594526e-03 -6.874398e+00 -4.906570e-04 -2.607867e-03 9.999966e-01 3.444612e+01
9.993664e-01 -3.488396e-02 7.063582e-03 8.278797e+01 3.490194e-02 9.993878e-01 -2.436604e-03 -6.911466e+00 -6.974183e-03 2.681566e-03 9.999720e-01 3.462774e+01
9.996487e-01 2.593608e-02 -5.460995e-03 8.332024e+01 -2.592192e-02 9.996605e-01 2.649706e-03 -6.956314e+00 5.527788e-03 -2.507190e-03 9.999817e-01 3.484598e+01
9.995353e-01 -2.881692e-02 9.931617e-03 8.375839e+01 2.885612e-02 9.995763e-01 -3.825268e-03 -6.992591e+00 -9.817100e-03 4.110051e-03 9.999433e-01 3.506661e+01
9.994744e-01 2.464352e-02 -2.106260e-02 8.410148e+01 -2.455605e-02 9.996888e-01 4.402011e-03 -7.024812e+00 2.116445e-02 -3.882457e-03 9.997685e-01 3.536689e+01
9.992309e-01 -3.257612e-02 2.182520e-02 8.442824e+01 3.266800e-02 9.994588e-01 -3.865944e-03 -7.057303e+00 -2.168738e-02 4.575929e-03 9.997542e-01 3.567211e+01
9.995796e-01 2.458941e-02 -1.536339e-02 8.478502e+01 -2.451885e-02 9.996880e-01 4.765545e-03 -7.092388e+00 1.547570e-02 -4.386822e-03 9.998707e-01 3.599246e+01
9.994993e-01 -2.803530e-02 1.466728e-02 8.515195e+01 2.809860e-02 9.995966e-01 -4.126480e-03 -7.124294e+00 -1.454560e-02 4.536515e-03 9.998838e-01 3.616707e+01
9.997338e-01 2.235856e-02 -5.690627e-03 8.563235e+01 -2.233412e-02 9.997412e-01 4.325297e-03 -7.162435e+00 5.785786e-03 -4.197024e-03 9.999745e-01 3.633351e+01
9.995091e-01 -2.874750e-02 1.245540e-02 8.627935e+01 2.881204e-02 9.995722e-01 -5.032949e-03 -7.217154e+00 -1.230531e-02 5.389315e-03 9.999097e-01 3.662050e+01
9.994233e-01 3.166718e-02 -1.225873e-02 8.681716e+01 -3.162611e-02 9.994935e-01 3.531438e-03 -7.262768e+00 1.236427e-02 -3.141679e-03 9.999187e-01 3.687628e+01
9.990296e-01 -3.954199e-02 1.939827e-02 8.719487e+01 3.960579e-02 9.992111e-01 -2.915167e-03 -7.292197e+00 -1.926762e-02 3.680592e-03 9.998075e-01 3.699006e+01
9.992843e-01 3.539190e-02 -1.335782e-02 8.764742e+01 -3.534444e-02 9.993681e-01 3.773979e-03 -7.328472e+00 1.348287e-02 -3.299126e-03 9.999037e-01 3.718820e+01
9.990166e-01 -3.974930e-02 1.964330e-02 8.816857e+01 3.981127e-02 9.992034e-01 -2.773124e-03 -7.372149e+00 -1.951734e-02 3.552391e-03 9.998031e-01 3.747822e+01
9.992722e-01 3.330560e-02 -1.859554e-02 8.866929e+01 -3.323639e-02 9.994394e-01 4.019656e-03 -7.412493e+00 1.871892e-02 -3.398655e-03 9.998191e-01 3.766439e+01
9.991967e-01 -3.338001e-02 2.217590e-02 8.909263e+01 3.343877e-02 9.994382e-01 -2.283583e-03 -7.446508e+00 -2.208714e-02 3.023254e-03 9.997514e-01 3.782908e+01
9.995109e-01 2.833868e-02 -1.322591e-02 8.943380e+01 -2.830266e-02 9.995952e-01 2.903662e-03 -7.472582e+00 1.330276e-02 -2.527886e-03 9.999084e-01 3.794972e+01
9.993329e-01 -2.979635e-02 2.111652e-02 8.981520e+01 2.984061e-02 9.995531e-01 -1.782863e-03 -7.501438e+00 -2.105389e-02 2.411774e-03 9.997754e-01 3.806630e+01
9.994826e-01 3.088339e-02 -8.986266e-03 9.018203e+01 -3.085709e-02 9.995191e-01 3.052262e-03 -7.528797e+00 9.076130e-03 -2.773366e-03 9.999550e-01 3.814941e+01
9.994068e-01 -2.752030e-02 2.070314e-02 9.070831e+01 2.760838e-02 9.996109e-01 -3.979923e-03 -7.568975e+00 -2.058548e-02 4.549113e-03 9.997777e-01 3.834870e+01
9.997097e-01 2.121174e-02 -1.143095e-02 9.138185e+01 -2.117809e-02 9.997710e-01 3.058178e-03 -7.624328e+00 1.149312e-02 -2.815177e-03 9.999301e-01 3.867610e+01
9.996366e-01 -1.911729e-02 1.900280e-02 9.213933e+01 1.923332e-02 9.997974e-01 -5.941218e-03 -7.685768e+00 -1.888529e-02 6.304517e-03 9.998017e-01 3.900750e+01
9.999818e-01 -2.904979e-03 5.298847e-03 9.310682e+01 2.883725e-03 9.999878e-01 4.011225e-03 -7.772109e+00 -5.310516e-03 -3.995842e-03 9.999780e-01 3.954286e+01
9.992804e-01 -5.391500e-03 -3.754337e-02 9.412146e+01 5.463187e-03 9.999834e-01 1.806668e-03 -7.860163e+00 3.753309e-02 -2.010504e-03 9.992933e-01 4.018155e+01
9.997904e-01 1.167937e-02 1.681578e-02 9.493458e+01 -1.142467e-02 9.998197e-01 -1.516476e-02 -7.936046e+00 -1.698994e-02 1.496950e-02 9.997437e-01 4.023767e+01
9.986579e-01 5.075561e-02 -1.030297e-02 9.622798e+01 -5.176000e-02 9.849701e-01 -1.647872e-01 -8.050193e+00 1.784319e-03 1.650993e-01 9.862753e-01 4.020489e+01
9.959245e-01 6.061476e-02 6.678511e-02 9.818462e+01 -6.879152e-02 9.894047e-01 1.278520e-01 -8.219687e+00 -5.832787e-02 -1.319251e-01 9.895422e-01 4.047878e+01
9.998670e-01 -5.718147e-03 -1.527415e-02 9.934037e+01 3.387699e-03 9.889134e-01 -1.484547e-01 -8.319249e+00 1.595379e-02 1.483832e-01 9.888012e-01 4.125817e+01
9.999742e-01 -2.519596e-03 6.737267e-03 1.002297e+02 1.546585e-03 9.900507e-01 1.407029e-01 -8.393614e+00 -7.024834e-03 -1.406888e-01 9.900290e-01 4.136460e+01
9.998873e-01 1.265905e-02 8.065294e-03 1.010680e+02 -1.139535e-02 9.899374e-01 -1.410466e-01 -8.454863e+00 -9.769565e-03 1.409388e-01 9.899700e-01 4.150429e+01
9.999846e-01 -3.648090e-03 4.179333e-03 1.018818e+02 3.048369e-03 9.907792e-01 1.354524e-01 -8.517521e+00 -4.635023e-03 -1.354376e-01 9.907751e-01 4.179174e+01
9.999950e-01 -3.144385e-03 -2.866910e-04 1.026828e+02 3.074674e-03 9.904119e-01 -1.381116e-01 -8.582309e+00 7.183065e-04 1.381100e-01 9.904166e-01 4.223183e+01
9.999633e-01 -4.710158e-04 8.553982e-03 1.034591e+02 -7.282613e-04 9.902000e-01 1.396548e-01 -8.646365e+00 -8.536018e-03 -1.396559e-01 9.901634e-01 4.272597e+01
9.999354e-01 -5.421981e-03 -9.987064e-03 1.042408e+02 3.943776e-03 9.897877e-01 -1.424951e-01 -8.713562e+00 1.065777e-02 1.424464e-01 9.897451e-01 4.320473e+01
9.999484e-01 1.876980e-03 9.991272e-03 1.050257e+02 -3.303148e-03 9.894701e-01 1.446995e-01 -8.779056e+00 -9.614553e-03 -1.447250e-01 9.894253e-01 4.372427e+01
9.997756e-01 -1.238870e-02 -1.717965e-02 1.058600e+02 9.807035e-03 9.896796e-01 -1.429616e-01 -8.848067e+00 1.877355e-02 1.427610e-01 9.895791e-01 4.417359e+01
9.997619e-01 7.338700e-03 2.055309e-02 1.067972e+02 -1.023153e-02 9.894680e-01 1.443900e-01 -8.922244e+00 -1.927707e-02 -1.445658e-01 9.893075e-01 4.467754e+01
9.998866e-01 -6.021551e-03 -1.380327e-02 1.076195e+02 3.981790e-03 9.896710e-01 -1.433018e-01 -8.989112e+00 1.452368e-02 1.432306e-01 9.895827e-01 4.512328e+01
9.992495e-01 2.017923e-02 3.306560e-02 1.083774e+02 -2.451650e-02 9.903349e-01 1.365126e-01 -9.048378e+00 -2.999138e-02 -1.372208e-01 9.900864e-01 4.552531e+01
9.991016e-01 -3.401758e-02 -2.527395e-02 1.092546e+02 3.026934e-02 9.902169e-01 -1.362138e-01 -9.123409e+00 2.966045e-02 1.353264e-01 9.903570e-01 4.611134e+01
9.994549e-01 1.384112e-02 2.997349e-02 1.102434e+02 -1.770445e-02 9.909945e-01 1.327271e-01 -9.207311e+00 -2.786656e-02 -1.331853e-01 9.906994e-01 4.656009e+01
9.995272e-01 -1.880531e-02 -2.432489e-02 1.112742e+02 1.546263e-02 9.912661e-01 -1.309675e-01 -9.290620e+00 2.657541e-02 1.305294e-01 9.910881e-01 4.700054e+01
9.995406e-01 1.238800e-02 2.766028e-02 1.122874e+02 -1.586957e-02 9.914618e-01 1.294284e-01 -9.373963e+00 -2.582084e-02 -1.298079e-01 9.912030e-01 4.750683e+01
9.989393e-01 -3.165762e-02 -3.343757e-02 1.132921e+02 2.710535e-02 9.913040e-01 -1.287697e-01 -9.457124e+00 3.722343e-02 1.277267e-01 9.911106e-01 4.797317e+01
9.988464e-01 2.661125e-02 3.997124e-02 1.142238e+02 -3.163433e-02 9.909026e-01 1.308103e-01 -9.533089e+00 -3.612667e-02 -1.319238e-01 9.906014e-01 4.846884e+01
9.978891e-01 -4.906754e-02 -4.253992e-02 1.150954e+02 4.312078e-02 9.904544e-01 -1.309224e-01 -9.603832e+00 4.855798e-02 1.288116e-01 9.904795e-01 4.886715e+01
9.978384e-01 3.576767e-02 5.512871e-02 1.160641e+02 -4.264096e-02 9.907244e-01 1.290226e-01 -9.678485e+00 -5.000261e-02 -1.310944e-01 9.901081e-01 4.916305e+01
9.980457e-01 -2.834505e-02 -5.568908e-02 1.170835e+02 2.095775e-02 9.914203e-01 -1.290213e-01 -9.761586e+00 5.886849e-02 1.276020e-01 9.900768e-01 4.959553e+01
9.981208e-01 1.456124e-02 5.952231e-02 1.179646e+02 -2.220206e-02 9.912919e-01 1.297977e-01 -9.830719e+00 -5.711406e-02 -1.308753e-01 9.897524e-01 4.995837e+01
9.987837e-01 -1.632885e-02 -4.652321e-02 1.188391e+02 1.028007e-02 9.917973e-01 -1.274064e-01 -9.898528e+00 4.822208e-02 1.267731e-01 9.907588e-01 5.037980e+01
9.990215e-01 -5.439296e-03 4.389117e-02 1.196291e+02 -2.119931e-04 9.918082e-01 1.277363e-01 -9.964872e+00 -4.422650e-02 -1.276205e-01 9.908366e-01 5.070753e+01
9.989942e-01 -9.044152e-03 -4.391763e-02 1.203991e+02 3.429115e-03 9.919883e-01 -1.262830e-01 -1.002888e+01 4.470799e-02 1.260053e-01 9.910216e-01 5.094007e+01
9.988797e-01 -3.671466e-03 4.717914e-02 1.212231e+02 -2.407640e-03 9.917516e-01 1.281519e-01 -1.009584e+01 -4.726058e-02 -1.281219e-01 9.906318e-01 5.137020e+01
9.990182e-01 -1.563220e-02 -4.145078e-02 1.219115e+02 1.023289e-02 9.917976e-01 -1.274080e-01 -1.015500e+01 4.310254e-02 1.268588e-01 9.909838e-01 5.188701e+01
9.993387e-01 1.628969e-02 3.250928e-02 1.226086e+02 -2.037250e-02 9.913704e-01 1.294980e-01 -1.022118e+01 -3.011934e-02 -1.300746e-01 9.910467e-01 5.243588e+01
9.991653e-01 -2.882307e-02 -2.894482e-02 1.233559e+02 2.488024e-02 9.914122e-01 -1.283854e-01 -1.028433e+01 3.239679e-02 1.275580e-01 9.913018e-01 5.293449e+01
9.993576e-01 1.456320e-02 3.274660e-02 1.241137e+02 -1.868824e-02 9.914138e-01 1.294194e-01 -1.034736e+01 -3.058075e-02 -1.299482e-01 9.910491e-01 5.342024e+01
9.992104e-01 -2.561938e-02 -3.036643e-02 1.248687e+02 2.152397e-02 9.915068e-01 -1.282612e-01 -1.040928e+01 3.339458e-02 1.275063e-01 9.912753e-01 5.386061e+01
9.987885e-01 1.526944e-02 4.678050e-02 1.256871e+02 -2.115718e-02 9.915392e-01 1.280719e-01 -1.047280e+01 -4.442919e-02 -1.289064e-01 9.906610e-01 5.422289e+01
9.992841e-01 -2.531788e-02 -2.811173e-02 1.265134e+02 2.156138e-02 9.917058e-01 -1.267074e-01 -1.053582e+01 3.108662e-02 1.260105e-01 9.915417e-01 5.448541e+01
9.982546e-01 9.642849e-03 5.826462e-02 1.272814e+02 -1.693040e-02 9.918972e-01 1.259101e-01 -1.059603e+01 -5.657846e-02 -1.266767e-01 9.903292e-01 5.473494e+01
9.985601e-01 -2.518475e-02 -4.736438e-02 1.279917e+02 1.899799e-02 9.917452e-01 -1.268092e-01 -1.065421e+01 5.016715e-02 1.257268e-01 9.907956e-01 5.490324e+01
9.977704e-01 1.446839e-02 6.515375e-02 1.286962e+02 -2.267014e-02 9.916486e-01 1.269612e-01 -1.070878e+01 -6.277279e-02 -1.281551e-01 9.897656e-01 5.518104e+01
9.978386e-01 -2.890995e-02 -5.901155e-02 1.293345e+02 2.116943e-02 9.915719e-01 -1.278164e-01 -1.075968e+01 6.220945e-02 1.262909e-01 9.900406e-01 5.534519e+01
9.980677e-01 1.354762e-02 6.064131e-02 1.299489e+02 -2.114985e-02 9.917366e-01 1.265355e-01 -1.080914e+01 -5.842603e-02 -1.275735e-01 9.901068e-01 5.550867e+01
9.980714e-01 -2.281820e-02 -5.773031e-02 1.305380e+02 1.535590e-02 9.918414e-01 -1.265500e-01 -1.085552e+01 6.014704e-02 1.254194e-01 9.902788e-01 5.574439e+01
