9.997712e-01 9.249464e-03 1.928555e-02 6.572912e-01 -9.095707e-03 9.999263e-01 -8.045197e-03 -5.574555e-02 -1.935855e-02 7.867942e-03 9.997817e-01 3.118823e-01
9.998960e-01 -3.968413e-03 -1.386620e-02 1.328247e+00 4.036636e-03 9.999799e-01 4.895582e-03 -1.134347e-01 1.384650e-02 -4.951046e-03 9.998918e-01 8.496701e-01
9.999094e-01 -1.628240e-03 1.335911e-02 1.925505e+00 1.664939e-03 9.999949e-01 -2.736466e-03 -1.663064e-01 -1.335459e-02 2.758461e-03 9.999071e-01 1.377411e+00
9.999795e-01 -1.064585e-06 -6.400480e-03 2.491355e+00 1.155487e-05 9.999987e-01 1.638942e-03 -2.151724e-01 6.400473e-03 -1.638983e-03 9.999781e-01 1.826700e+00
9.998957e-01 -4.570199e-03 1.370227e-02 3.064146e+00 4.584081e-03 9.999890e-01 -9.818693e-04 -2.654058e-01 -1.369763e-02 1.044580e-03 9.999057e-01 2.343408e+00
9.999835e-01 -3.476564e-03 -4.568856e-03 3.746551e+00 3.478343e-03 9.999939e-01 3.813282e-04 -3.246087e-01 4.567507e-03 -3.972145e-04 9.999894e-01 2.816218e+00
9.997192e-01 1.837380e-02 1.496689e-02 4.400055e+00 -1.825677e-02 9.998020e-01 -7.918721e-03 -3.793548e-01 -1.510943e-02 7.643251e-03 9.998567e-01 3.283229e+00
9.998513e-01 -1.663296e-02 -4.541775e-03 4.923290e+00 1.666209e-02 9.998404e-01 6.450957e-03 -4.254374e-01 4.433758e-03 -6.525675e-03 9.999688e-01 3.716548e+00
9.999772e-01 4.797251e-03 4.742856e-03 5.438305e+00 -4.770737e-03 9.999730e-01 -5.585918e-03 -4.713475e-01 -4.769532e-03 5.563166e-03 9.999733e-01 4.042377e+00
9.998344e-01 -1.805284e-02 -2.292176e-03 6.019492e+00 1.806514e-02 9.998219e-01 5.466086e-03 -5.212149e-01 2.193097e-03 -5.506591e-03 9.999823e-01 4.237373e+00
9.998528e-01 1.440027e-02 9.327053e-03 6.683035e+00 -1.433958e-02 9.998758e-01 -6.541855e-03 -5.745885e-01 -9.420107e-03 6.407147e-03 9.999352e-01 4.456434e+00
9.995890e-01 -2.797771e-02 -6.254007e-03 7.354767e+00 2.802024e-02 9.995841e-01 6.819057e-03 -6.318121e-01 6.060633e-03 -6.991494e-03 9.999571e-01 4.693835e+00
9.996159e-01 2.577822e-02 1.017553e-02 8.010214e+00 -2.569498e-02 9.996360e-01 -8.228503e-03 -6.828334e-01 -1.038395e-02 7.963884e-03 9.999145e-01 4.873085e+00
9.995038e-01 -2.780208e-02 -1.480405e-02 8.559638e+00 2.794269e-02 9.995655e-01 9.377555e-03 -7.271666e-01 1.453691e-02 -9.786569e-03 9.998463e-01 5.097062e+00
9.990155e-01 3.419905e-02 2.825680e-02 9.151758e+00 -3.381144e-02 9.993290e-01 -1.408324e-02 -7.782823e-01 -2.871948e-02 1.311398e-02 9.995016e-01 5.546289e+00
9.987823e-01 -3.725139e-02 -3.234612e-02 9.728810e+00 3.776533e-02 9.991676e-01 1.542566e-02 -8.304586e-01 3.174458e-02 -1.662844e-02 9.993576e-01 6.050456e+00
9.990117e-01 2.436806e-02 3.717393e-02 1.029016e+01 -2.375865e-02 9.995774e-01 -1.674815e-02 -8.775857e-01 -3.756635e-02 1.584839e-02 9.991686e-01 6.294819e+00
9.987603e-01 -3.421489e-02 -3.615652e-02 1.086629e+01 3.481267e-02 9.992652e-01 1.603479e-02 -9.270299e-01 3.558134e-02 -1.727362e-02 9.992174e-01 6.525637e+00
9.990453e-01 3.163858e-02 3.012319e-02 1.139901e+01 -3.116320e-02 9.993843e-01 -1.612204e-02 -9.721032e-01 -3.061473e-02 1.516792e-02 9.994163e-01 6.754946e+00
9.991058e-01 -3.923214e-02 -1.576003e-02 1.200851e+01 3.943990e-02 9.991361e-01 1.309566e-02 -1.023995e+00 1.523266e-02 -1.370553e-02 9.997899e-01 7.057352e+00
9.994871e-01 2.773217e-02 1.601448e-02 1.263510e+01 -2.753730e-02 9.995456e-01 -1.226331e-02 -1.079368e+00 -1.634730e-02 1.181602e-02 9.997967e-01 7.457154e+00
9.991172e-01 -4.001483e-02 -1.279254e-02 1.318418e+01 4.016916e-02 9.991203e-01 1.204357e-02 -1.126234e+00 1.229937e-02 -1.254681e-02 9.998455e-01 7.672094e+00
9.994179e-01 3.276136e-02 9.514497e-03 1.368462e+01 -3.264195e-02 9.993896e-01 -1.244564e-02 -1.171012e+00 -9.916437e-03 1.212783e-02 9.998774e-01 7.956885e+00
9.988291e-01 -4.833023e-02 -2.168559e-03 1.431394e+01 4.835177e-02 9.987661e-01 1.132685e-02 -1.224880e+00 1.618465e-03 -1.141844e-02 9.999334e-01 8.054398e+00
9.985204e-01 5.364287e-02 -8.910432e-03 1.503027e+01 -5.378277e-02 9.984199e-01 -1.628299e-02 -1.288205e+00 8.022875e-03 1.673813e-02 9.998278e-01 8.212527e+00
9.970235e-01 -7.568685e-02 1.468432e-02 1.559646e+01 7.546541e-02 9.970342e-01 1.509046e-02 -1.336542e+00 -1.578290e-02 -1.393739e-02 9.997782e-01 8.250827e+00
9.976278e-01 6.317545e-02 -2.734371e-02 1.630253e+01 -6.365356e-02 9.978276e-01 -1.698198e-02 -1.400410e+00 2.621145e-02 1.868222e-02 9.994819e-01 8.243595e+00
9.976872e-01 -6.575319e-02 1.722429e-02 1.701385e+01 6.557733e-02 9.977914e-01 1.058395e-02 -1.464548e+00 -1.788217e-02 -9.429958e-03 9.997955e-01 8.299740e+00
9.983970e-01 5.080337e-02 -2.494795e-02 1.768526e+01 -5.106154e-02 9.986472e-01 -9.822570e-03 -1.522464e+00 2.441518e-02 1.108071e-02 9.996406e-01 8.346387e+00
9.979913e-01 -6.273649e-02 8.805544e-03 1.845016e+01 6.264793e-02 9.979856e-01 9.996789e-03 -1.590124e+00 -9.414964e-03 -9.425064e-03 9.999112e-01 8.514727e+00
9.984980e-01 4.978005e-02 -2.288499e-02 1.919239e+01 -4.999211e-02 9.987109e-01 -8.789292e-03 -1.658841e+00 2.241796e-02 9.920163e-03 9.996996e-01 8.802999e+00
9.981258e-01 -5.975224e-02 1.321130e-02 2.002595e+01 5.965353e-02 9.981891e-01 7.743467e-03 -1.734344e+00 -1.365007e-02 -6.940858e-03 9.998826e-01 9.023210e+00
9.985765e-01 4.803798e-02 -2.318228e-02 2.091818e+01 -4.827612e-02 9.987857e-01 -9.824108e-03 -1.812851e+00 2.268220e-02 1.092928e-02 9.996831e-01 9.167903e+00
9.987962e-01 -4.677739e-02 1.476728e-02 2.184558e+01 4.675886e-02 9.989049e-01 1.597621e-03 -1.893538e+00 -1.482584e-02 -9.052019e-04 9.998896e-01 9.334613e+00
9.987414e-01 3.702754e-02 -3.383126e-02 2.264331e+01 -3.702787e-02 9.993140e-01 6.171899e-04 -1.965180e+00 3.383090e-02 6.362918e-04 9.994275e-01 9.577881e+00
9.982977e-01 -4.257203e-02 3.986716e-02 2.344712e+01 4.282158e-02 9.990680e-01 -5.426431e-03 -2.035877e+00 -3.959899e-02 7.124362e-03 9.991902e-01 9.739926e+00
9.980569e-01 3.448109e-02 -5.189933e-02 2.425755e+01 -3.441099e-02 9.994052e-01 2.243735e-03 -2.106343e+00 5.194583e-02 -4.534610e-04 9.986499e-01 9.844453e+00
9.981086e-01 -4.701335e-02 3.960941e-02 2.505348e+01 4.725572e-02 9.988693e-01 -5.204579e-03 -2.176003e+00 -3.931994e-02 7.066499e-03 9.992016e-01 9.918982e+00
9.983068e-01 3.104879e-02 -4.918878e-02 2.569611e+01 -3.077049e-02 9.995060e-01 6.405217e-03 -2.233228e+00 4.936336e-02 -4.880801e-03 9.987691e-01 9.956547e+00
9.978935e-01 -4.424045e-02 4.744800e-02 2.635684e+01 4.459756e-02 9.989839e-01 -6.493656e-03 -2.288803e+00 -4.711251e-02 8.596035e-03 9.988525e-01 9.893523e+00
9.976913e-01 3.503647e-02 -5.817609e-02 2.714102e+01 -3.475166e-02 9.993786e-01 5.900634e-03 -2.356728e+00 5.834668e-02 -3.865288e-03 9.982890e-01 1.001731e+01
9.976294e-01 -3.359094e-02 6.006027e-02 2.780192e+01 3.430671e-02 9.993516e-01 -1.092596e-02 -2.412247e+00 -5.965432e-02 1.296052e-02 9.981349e-01 1.013192e+01
9.976854e-01 3.189195e-02 -6.005597e-02 2.847948e+01 -3.155076e-02 9.994802e-01 6.621167e-03 -2.469951e+00 6.023592e-02 -4.711021e-03 9.981732e-01 1.025416e+01
9.977586e-01 -2.783417e-02 6.085245e-02 2.916495e+01 2.848732e-02 9.995452e-01 -9.892128e-03 -2.527771e+00 -6.054944e-02 1.160347e-02 9.980977e-01 1.040071e+01
9.977886e-01 2.560262e-02 -6.133846e-02 2.978717e+01 -2.517506e-02 9.996531e-01 7.733487e-03 -2.580237e+00 6.151518e-02 -6.172176e-03 9.980872e-01 1.051756e+01
9.975934e-01 -3.159637e-02 6.171806e-02 3.031788e+01 3.227187e-02 9.994293e-01 -9.978745e-03 -2.625978e+00 -6.136755e-02 1.194648e-02 9.980436e-01 1.056234e+01
9.978505e-01 1.872277e-02 -6.280068e-02 3.096955e+01 -1.809270e-02 9.997803e-01 1.058672e-02 -2.680766e+00 6.298510e-02 -9.427718e-03 9.979700e-01 1.053671e+01
9.983147e-01 -2.752046e-02 5.109183e-02 3.181560e+01 2.835436e-02 9.994751e-01 -1.566900e-02 -2.755382e+00 -5.063380e-02 1.709125e-02 9.985709e-01 1.061850e+01
9.980859e-01 1.724443e-02 -5.938978e-02 3.254579e+01 -1.657437e-02 9.997935e-01 1.175672e-02 -2.821490e+00 5.958026e-02 -1.074986e-02 9.981657e-01 1.072671e+01
9.983782e-01 -2.211419e-02 5.245937e-02 3.306391e+01 2.294101e-02 9.996211e-01 -1.521164e-02 -2.867529e+00 -5.210310e-02 1.639042e-02 9.985071e-01 1.076620e+01
9.982683e-01 1.673001e-02 -5.639633e-02 3.350183e+01 -1.586948e-02 9.997512e-01 1.567224e-02 -2.907112e+00 5.664450e-02 -1.475011e-02 9.982855e-01 1.097784e+01
9.981704e-01 -2.046032e-02 5.689649e-02 3.394638e+01 2.126105e-02 9.996828e-01 -1.350383e-02 -2.950576e+00 -5.660216e-02 1.468879e-02 9.982887e-01 1.138261e+01
9.984343e-01 1.167743e-02 -5.470435e-02 3.435718e+01 -1.081188e-02 9.998121e-01 1.609177e-02 -2.993195e+00 5.488199e-02 -1.547511e-02 9.983730e-01 1.189395e+01
9.982435e-01 -1.475148e-02 5.737780e-02 3.463950e+01 1.559726e-02 9.997758e-01 -1.432089e-02 -3.025117e+00 -5.715368e-02 1.519066e-02 9.982497e-01 1.230521e+01
9.982839e-01 1.170300e-02 -5.737889e-02 3.487608e+01 -1.077522e-02 9.998066e-01 1.645206e-02 -3.055586e+00 5.756034e-02 -1.580554e-02 9.982170e-01 1.273212e+01
9.986144e-01 -1.255493e-02 5.110350e-02 3.504569e+01 1.331417e-02 9.998056e-01 -1.454375e-02 -3.080644e+00 -5.091098e-02 1.520399e-02 9.985874e-01 1.308895e+01
9.980555e-01 1.131927e-02 -6.129489e-02 3.521900e+01 -1.031294e-02 9.998072e-01 1.670937e-02 -3.108184e+00 6.147222e-02 -1.604473e-02 9.979799e-01 1.344035e+01
9.984842e-01 -1.064485e-02 5.400001e-02 3.538194e+01 1.146565e-02 9.998231e-01 -1.491302e-02 -3.136600e+00 -5.383171e-02 1.550955e-02 9.984295e-01 1.386531e+01
9.981297e-01 -9.129269e-03 -6.044610e-02 3.553924e+01 9.950772e-03 9.998620e-01 1.330361e-02 -3.162899e+00 6.031632e-02 -1.388021e-02 9.980829e-01 1.422389e+01
9.983903e-01 1.023299e-02 5.578689e-02 3.569562e+01 -9.533957e-03 9.998729e-01 -1.278216e-02 -3.187714e+00 -5.591060e-02 1.222970e-02 9.983608e-01 1.454933e+01
9.981875e-01 -9.770327e-03 -5.938227e-02 3.585536e+01 1.056717e-02 9.998581e-01 1.311963e-02 -3.212562e+00 5.924567e-02 -1.372334e-02 9.981492e-01 1.485702e+01
9.980714e-01 8.576652e-03 6.148124e-02 3.603530e+01 -7.817845e-03 9.998904e-01 -1.257204e-02 -3.236410e+00 -6.158234e-02 1.206713e-02 9.980290e-01 1.517009e+01
9.985242e-01 -1.021860e-02 -5.333831e-02 3.627783e+01 1.092435e-02 9.998564e-01 1.295682e-02 -3.262480e+00 5.319825e-02 -1.352037e-02 9.984925e-01 1.548320e+01
9.982034e-01 9.161801e-03 5.921129e-02 3.647278e+01 -8.434568e-03 9.998860e-01 -1.252029e-02 -3.286192e+00 -5.931926e-02 1.199837e-02 9.981669e-01 1.583181e+01
9.988567e-01 -1.017503e-02 -4.670865e-02 3.661636e+01 1.080223e-02 9.998546e-01 1.319520e-02 -3.307183e+00 4.656760e-02 -1.368466e-02 9.988215e-01 1.620610e+01
9.985908e-01 1.087563e-02 5.194447e-02 3.680715e+01 -1.025069e-02 9.998720e-01 -1.228224e-02 -3.332917e+00 -5.207141e-02 1.173245e-02 9.985743e-01 1.657688e+01
9.991337e-01 -1.020776e-02 -4.034453e-02 3.708017e+01 1.073285e-02 9.998602e-01 1.282004e-02 -3.362774e+00 4.020803e-02 -1.324194e-02 9.991037e-01 1.695560e+01
9.989333e-01 7.306308e-03 4.559497e-02 3.740945e+01 -6.738954e-03 9.998981e-01 -1.258468e-02 -3.395211e+00 -4.568228e-02 1.226399e-02 9.988806e-01 1.720870e+01
9.990985e-01 -1.255717e-02 -4.055253e-02 3.776391e+01 1.304665e-02 9.998449e-01 1.182816e-02 -3.426659e+00 4.039772e-02 -1.234656e-02 9.991075e-01 1.734216e+01
9.983280e-01 2.616929e-02 5.153938e-02 3.818616e+01 -2.524977e-02 9.995116e-01 -1.841243e-02 -3.461582e+00 -5.199605e-02 1.708027e-02 9.985011e-01 1.753985e+01
9.984011e-01 -3.322667e-02 -4.572912e-02 3.862326e+01 3.401524e-02 9.992839e-01 1.657524e-02 -3.496496e+00 4.514564e-02 -1.810422e-02 9.988165e-01 1.753911e+01
9.986298e-01 3.825327e-02 3.571047e-02 3.912733e+01 -3.744670e-02 9.990342e-01 -2.298876e-02 -3.539990e+00 -3.655538e-02 2.162001e-02 9.990976e-01 1.749713e+01
9.984272e-01 -4.525341e-02 -3.309444e-02 3.951881e+01 4.597657e-02 9.987127e-01 2.142670e-02 -3.571361e+00 3.208221e-02 -2.291456e-02 9.992226e-01 1.756886e+01
9.986665e-01 3.843161e-02 3.447185e-02 3.989591e+01 -3.764407e-02 9.990216e-01 -2.321137e-02 -3.601820e+00 -3.533017e-02 2.188274e-02 9.991360e-01 1.766397e+01
9.984473e-01 -4.525823e-02 -3.247703e-02 4.023269e+01 4.597779e-02 9.987054e-01 2.176185e-02 -3.629622e+00 3.145008e-02 -2.322127e-02 9.992356e-01 1.774426e+01
9.987082e-01 3.925156e-02 3.226982e-02 4.055421e+01 -3.850343e-02 9.989824e-01 -2.348701e-02 -3.656733e+00 -3.315889e-02 2.221416e-02 9.992031e-01 1.779353e+01
9.987515e-01 -4.356159e-02 -2.445156e-02 4.090066e+01 4.411828e-02 9.987682e-01 2.270893e-02 -3.684932e+00 2.343221e-02 -2.375933e-02 9.994432e-01 1.782706e+01
9.988605e-01 3.862515e-02 2.803040e-02 4.138029e+01 -3.797001e-02 9.990016e-01 -2.354044e-02 -3.722476e+00 -2.891167e-02 2.244929e-02 9.993297e-01 1.791506e+01
9.987453e-01 -4.307982e-02 -2.553389e-02 4.187669e+01 4.366851e-02 9.987821e-01 2.296405e-02 -3.762032e+00 2.451350e-02 -2.405025e-02 9.994103e-01 1.805138e+01
9.988588e-01 3.942054e-02 2.696484e-02 4.242003e+01 -3.878662e-02 9.989678e-01 -2.364163e-02 -3.805560e+00 -2.786897e-02 2.256877e-02 9.993567e-01 1.817779e+01
9.989333e-01 -3.974647e-02 -2.350592e-02 4.299062e+01 4.030947e-02 9.988994e-01 2.398336e-02 -3.851104e+00 2.252680e-02 -2.490528e-02 9.994361e-01 1.832823e+01
9.989776e-01 3.598284e-02 2.736819e-02 4.349971e+01 -3.531760e-02 9.990779e-01 -2.441391e-02 -3.891553e+00 -2.822144e-02 2.342235e-02 9.993271e-01 1.846356e+01
9.991328e-01 -3.543800e-02 -2.185825e-02 4.397794e+01 3.597653e-02 9.990459e-01 2.475686e-02 -3.929278e+00 2.096006e-02 -2.552176e-02 9.994546e-01 1.858881e+01
9.992470e-01 3.038760e-02 2.412535e-02 4.434616e+01 -2.977269e-02 9.992326e-01 -2.545086e-02 -3.958722e+00 -2.488023e-02 2.471340e-02 9.993848e-01 1.867289e+01
9.992826e-01 -3.407101e-02 -1.653818e-02 4.472422e+01 3.447772e-02 9.990936e-01 2.496386e-02 -3.988563e+00 1.567264e-02 -2.551614e-02 9.995516e-01 1.872159e+01
9.994982e-01 2.835196e-02 1.412589e-02 4.510027e+01 -2.798792e-02 9.992872e-01 -2.533462e-02 -4.019429e+00 -1.483411e-02 2.492654e-02 9.995791e-01 1.879541e+01
9.993789e-01 -3.332056e-02 -1.146566e-02 4.543165e+01 3.360172e-02 9.991157e-01 2.527151e-02 -4.047015e+00 1.061346e-02 -2.564107e-02 9.996150e-01 1.886037e+01
9.996010e-01 2.490580e-02 1.332428e-02 4.581077e+01 -2.454980e-02 9.993540e-01 -2.624585e-02 -4.078637e+00 -1.396935e-02 2.590826e-02 9.995666e-01 1.895505e+01
9.994283e-01 -3.102456e-02 -1.343587e-02 4.628356e+01 3.137032e-02 9.991608e-01 2.633756e-02 -4.118589e+00 1.260748e-02 -2.674398e-02 9.995629e-01 1.908741e+01
9.995515e-01 2.919963e-02 6.652552e-03 4.673394e+01 -2.901568e-02 9.992343e-01 -2.624653e-02 -4.157930e+00 -7.413847e-03 2.604172e-02 9.996333e-01 1.924945e+01
9.997333e-01 -2.276499e-02 -3.894898e-03 4.714216e+01 2.286391e-02 9.993580e-01 2.758448e-02 -4.191839e+00 3.264437e-03 -2.766616e-02 9.996120e-01 1.936809e+01
9.998646e-01 1.583322e-02 4.476040e-03 4.745331e+01 -1.570190e-02 9.994848e-01 -2.799252e-02 -4.218713e+00 -4.916945e-03 2.791843e-02 9.995980e-01 1.946664e+01
9.997266e-01 -2.281638e-02 -5.108256e-03 4.773795e+01 2.294950e-02 9.993520e-01 2.772731e-02 -4.244082e+00 4.472308e-03 -2.783695e-02 9.996026e-01 1.958552e+01
9.998708e-01 1.448766e-02 6.961418e-03 4.810303e+01 -1.428543e-02 9.994982e-01 -2.827102e-02 -4.276480e+00 -7.367505e-03 2.816791e-02 9.995760e-01 1.973289e+01
9.996783e-01 -2.459961e-02 -6.185042e-03 4.855267e+01 2.476323e-02 9.993029e-01 2.793785e-02 -4.314441e+00 5.493469e-03 -2.808201e-02 9.995906e-01 1.991770e+01
9.998172e-01 1.827023e-02 5.629311e-03 4.897204e+01 -1.810517e-02 9.994413e-01 -2.809563e-02 -4.349163e+00 -6.139478e-03 2.798856e-02 9.995893e-01 2.006627e+01
9.996887e-01 -2.459216e-02 -4.201155e-03 4.940502e+01 2.470093e-02 9.992979e-01 2.817125e-02 -4.385215e+00 3.505412e-03 -2.826624e-02 9.995944e-01 2.023435e+01
9.998515e-01 1.662958e-02 4.511211e-03 4.983824e+01 -1.649574e-02 9.994651e-01 -2.823893e-02 -4.421953e+00 -4.978398e-03 2.816031e-02 9.995909e-01 2.041526e+01
9.996971e-01 -2.447048e-02 -2.631508e-03 5.023390e+01 2.453491e-02 9.993028e-01 2.814123e-02 -4.454709e+00 1.941042e-03 -2.819726e-02 9.996006e-01 2.058158e+01
9.998110e-01 1.791998e-02 7.545067e-03 5.064136e+01 -1.770000e-02 9.994434e-01 -2.827714e-02 -4.490188e+00 -8.047592e-03 2.813824e-02 9.995715e-01 2.079315e+01
9.996570e-01 -2.548144e-02 -6.046915e-03 5.107957e+01 2.564364e-02 9.992658e-01 2.846385e-02 -4.527603e+00 5.317174e-03 -2.860914e-02 9.995766e-01 2.097986e+01
9.997920e-01 1.882907e-02 7.842200e-03 5.160007e+01 -1.860079e-02 9.994284e-01 -2.823004e-02 -4.571716e+00 -8.369260e-03 2.807828e-02 9.995706e-01 2.122725e+01
9.996529e-01 -2.588717e-02 -4.892900e-03 5.205894e+01 2.601656e-02 9.992538e-01 2.854780e-02 -4.610613e+00 4.150224e-03 -2.866518e-02 9.995806e-01 2.144179e+01
9.998143e-01 1.684185e-02 9.367100e-03 5.250978e+01 -1.656849e-02 9.994556e-01 -2.853194e-02 -4.649434e+00 -9.842528e-03 2.837143e-02 9.995489e-01 2.163990e+01
9.997115e-01 -2.238689e-02 -8.698968e-03 5.296413e+01 2.262974e-02 9.993261e-01 2.890044e-02 -4.688625e+00 8.046112e-03 -2.908894e-02 9.995445e-01 2.186603e+01
9.998494e-01 1.345456e-02 1.096314e-02 5.337859e+01 -1.312943e-02 9.994871e-01 -2.920773e-02 -4.724807e+00 -1.135049e-02 2.905938e-02 9.995131e-01 2.203520e+01
9.997370e-01 -2.148858e-02 -8.005496e-03 5.382536e+01 2.171308e-02 9.993407e-01 2.909993e-02 -4.763303e+00 7.374897e-03 -2.926609e-02 9.995445e-01 2.222568e+01
9.997698e-01 2.110450e-02 3.863182e-03 5.433071e+01 -2.098143e-02 9.993438e-01 -2.952405e-02 -4.806913e+00 -4.483734e-03 2.943619e-02 9.995565e-01 2.250108e+01
9.995748e-01 -2.797919e-02 -8.206691e-03 5.485511e+01 2.821391e-02 9.991506e-01 3.003549e-02 -4.853600e+00 7.359349e-03 -3.025425e-02 9.995152e-01 2.285810e+01
9.998124e-01 1.693756e-02 9.393917e-03 5.530060e+01 -1.664646e-02 9.994039e-01 -3.024518e-02 -4.894787e+00 -9.900593e-03 3.008312e-02 9.994983e-01 2.314958e+01
9.996506e-01 -2.563961e-02 -6.424566e-03 5.570816e+01 2.582098e-02 9.992179e-01 2.994718e-02 -4.931960e+00 5.651704e-03 -3.010260e-02 9.995309e-01 2.334728e+01
9.998230e-01 1.666377e-02 8.735127e-03 5.612204e+01 -1.639016e-02 9.994001e-01 -3.051066e-02 -4.968771e+00 -9.238305e-03 3.036208e-02 9.994962e-01 2.351281e+01
9.997011e-01 -2.254689e-02 -9.448847e-03 5.653160e+01 2.282845e-02 9.992638e-01 3.083287e-02 -5.005144e+00 8.746703e-03 -3.103935e-02 9.994800e-01 2.372438e+01
9.998026e-01 1.573170e-02 1.213348e-02 5.685390e+01 -1.534901e-02 9.994011e-01 -3.101302e-02 -5.033576e+00 -1.261410e-02 3.082065e-02 9.994452e-01 2.388665e+01
9.997365e-01 -2.185196e-02 -7.023639e-03 5.715759e+01 2.205931e-02 9.992778e-01 3.094107e-02 -5.060738e+00 6.342439e-03 -3.108784e-02 9.994966e-01 2.403854e+01
9.998184e-01 1.509810e-02 1.162775e-02 5.747038e+01 -1.472808e-02 9.994023e-01 -3.127638e-02 -5.088240e+00 -1.209301e-02 3.109943e-02 9.994430e-01 2.417843e+01
9.997411e-01 -2.152610e-02 -7.369966e-03 5.778594e+01 2.174329e-02 9.992896e-01 3.078139e-02 -5.116481e+00 6.702122e-03 -3.093365e-02 9.994991e-01 2.431652e+01
9.998316e-01 1.426588e-02 1.154016e-02 5.813088e+01 -1.389748e-02 9.994104e-01 -3.139700e-02 -5.146556e+00 -1.198126e-02 3.123133e-02 9.994403e-01 2.445442e+01
9.997161e-01 -2.213881e-02 -8.805680e-03 5.849001e+01 2.240255e-02 9.992660e-01 3.107343e-02 -5.177575e+00 8.111282e-03 -3.126187e-02 9.994784e-01 2.459249e+01
9.998162e-01 1.486213e-02 1.211161e-02 5.884218e+01 -1.447291e-02 9.993954e-01 -3.161362e-02 -5.208059e+00 -1.257413e-02 3.143250e-02 9.994267e-01 2.473453e+01
9.996893e-01 -2.265811e-02 -1.038610e-02 5.922030e+01 2.297048e-02 9.992550e-01 3.101418e-02 -5.241527e+00 9.675631e-03 -3.124311e-02 9.994651e-01 2.487792e+01
9.997822e-01 1.340622e-02 1.599182e-02 5.965911e+01 -1.288995e-02 9.994060e-01 -3.196091e-02 -5.279792e+00 -1.641079e-02 3.174781e-02 9.993611e-01 2.503115e+01
9.996554e-01 -2.277505e-02 -1.305093e-02 6.017250e+01 2.317210e-02 9.992468e-01 3.112561e-02 -5.324601e+00 1.233220e-02 -3.141729e-02 9.994304e-01 2.522948e+01
9.997851e-01 1.170185e-02 1.711346e-02 6.067451e+01 -1.114490e-02 9.994166e-01 -3.228516e-02 -5.368811e+00 -1.748127e-02 3.208748e-02 9.993321e-01 2.541802e+01
9.996298e-01 -2.320961e-02 -1.420037e-02 6.121155e+01 2.365364e-02 9.992097e-01 3.194380e-02 -5.415162e+00 1.344774e-02 -3.226785e-02 9.993889e-01 2.563385e+01
9.997092e-01 1.701654e-02 1.708641e-02 6.174898e+01 -1.645424e-02 9.993354e-01 -3.252729e-02 -5.461086e+00 -1.762854e-02 3.223668e-02 9.993247e-01 2.589067e+01
9.994224e-01 -2.809359e-02 -1.911909e-02 6.224433e+01 2.869949e-02 9.990696e-01 3.219109e-02 -5.506599e+00 1.819693e-02 -3.272120e-02 9.992990e-01 2.617077e+01
9.995413e-01 1.904182e-02 2.354845e-02 6.272913e+01 -1.825642e-02 9.992843e-01 -3.312945e-02 -5.548575e+00 -2.416243e-02 3.268433e-02 9.991735e-01 2.638775e+01
9.992809e-01 -3.000792e-02 -2.317964e-02 6.330089e+01 3.075468e-02 9.989965e-01 3.256111e-02 -5.598868e+00 2.217928e-02 -3.325056e-02 9.992010e-01 2.662936e+01
9.995050e-01 1.959026e-02 2.461463e-02 6.388400e+01 -1.876150e-02 9.992639e-01 -3.346093e-02 -5.648298e+00 -2.525201e-02 3.298255e-02 9.991368e-01 2.685195e+01
9.991546e-01 -2.959317e-02 -2.853514e-02 6.447479e+01 3.051400e-02 9.990093e-01 3.239371e-02 -5.699115e+00 2.754823e-02 -3.323704e-02 9.990679e-01 2.705917e+01
9.993915e-01 1.702484e-02 3.044261e-02 6.505416e+01 -1.599342e-02 9.993003e-01 -3.380928e-02 -5.748367e+00 -3.099690e-02 3.330181e-02 9.989645e-01 2.722734e+01
9.990826e-01 -3.080625e-02 -2.974705e-02 6.577167e+01 3.178793e-02 9.989460e-01 3.311220e-02 -5.809153e+00 2.869562e-02 -3.402741e-02 9.990090e-01 2.748015e+01
9.991597e-01 2.729284e-02 3.057925e-02 6.647983e+01 -2.617303e-02 9.989930e-01 -3.644035e-02 -5.870369e+00 -3.154301e-02 3.560936e-02 9.988678e-01 2.782594e+01
9.988510e-01 -3.714362e-02 -3.028090e-02 6.703722e+01 3.821859e-02 9.986304e-01 3.572999e-02 -5.919013e+00 2.891227e-02 -3.684621e-02 9.989027e-01 2.811039e+01
9.991335e-01 2.804116e-02 3.075587e-02 6.762421e+01 -2.690208e-02 9.989588e-01 -3.684465e-02 -5.969003e+00 -3.175700e-02 3.598531e-02 9.988475e-01 2.836760e+01
9.986657e-01 -4.023419e-02 -3.237413e-02 6.822343e+01 4.139209e-02 9.984968e-01 3.592845e-02 -6.020975e+00 3.087991e-02 -3.722053e-02 9.988299e-01 2.864015e+01
9.989592e-01 3.099627e-02 3.346190e-02 6.886319e+01 -2.974996e-02 9.988678e-01 -3.712214e-02 -6.074677e+00 -3.457466e-02 3.608800e-02 9.987502e-01 2.891351e+01
9.983570e-01 -4.423635e-02 -3.642039e-02 6.957170e+01 4.554545e-02 9.983157e-01 3.593514e-02 -6.135053e+00 3.476940e-02 -3.753487e-02 9.986904e-01 2.916972e+01
9.981575e-01 4.466595e-02 4.106782e-02 7.030908e+01 -4.288090e-02 9.981386e-01 -4.336533e-02 -6.198978e+00 -4.292832e-02 4.152439e-02 9.982147e-01 2.951753e+01
9.973899e-01 -5.391165e-02 -4.803047e-02 7.096511e+01 5.594995e-02 9.975433e-01 4.215481e-02 -6.255401e+00 4.563983e-02 -4.473207e-02 9.979560e-01 2.988493e+01
9.967571e-01 5.934908e-02 5.434050e-02 7.158528e+01 -5.654014e-02 9.970532e-01 -5.184715e-02 -6.309975e+00 -5.725744e-02 4.860658e-02 9.971754e-01 3.026555e+01
9.958565e-01 -6.653349e-02 -6.199239e-02 7.201846e+01 6.964869e-02 9.963416e-01 4.952242e-02 -6.349459e+00 5.847069e-02 -5.363490e-02 9.968474e-01 3.061781e+01
9.962053e-01 6.303138e-02 6.001784e-02 7.230872e+01 -5.981362e-02 9.967489e-01 -5.398087e-02 -6.373776e+00 -6.322520e-02 5.018612e-02 9.967365e-01 3.070883e+01
9.961822e-01 -6.510591e-02 -5.815669e-02 7.256993e+01 6.804637e-02 9.964236e-01 5.009784e-02 -6.395313e+00 5.468703e-02 -5.386392e-02 9.970498e-01 3.078712e+01
9.964365e-01 6.190940e-02 5.728545e-02 7.284824e+01 -5.880317e-02 9.967858e-01 -5.440803e-02 -6.419019e+00 -6.046968e-02 5.084556e-02 9.968741e-01 3.088167e+01
9.961873e-01 -6.504874e-02 -5.813341e-02 7.315224e+01 6.803338e-02 9.963824e-01 5.092724e-02 -6.445019e+00 5.461034e-02 -5.468806e-02 9.970091e-01 3.101282e+01
9.966019e-01 6.246383e-02 5.369259e-02 7.347343e+01 -5.954375e-02 9.967441e-01 -5.436587e-02 -6.472901e+00 -5.691366e-02 5.098406e-02 9.970764e-01 3.117939e+01
9.964481e-01 -6.534595e-02 -5.311425e-02 7.378131e+01 6.805273e-02 9.963846e-01 5.085853e-02 -6.498858e+00 4.959881e-02 -5.429244e-02 9.972926e-01 3.129982e+01
9.967517e-01 6.291384e-02 5.027901e-02 7.406809e+01 -6.016933e-02 9.967073e-01 -5.435267e-02 -6.523402e+00 -5.353298e-02 5.115084e-02 9.972550e-01 3.142814e+01
9.966507e-01 -6.644741e-02 -4.766721e-02 7.434151e+01 6.887644e-02 9.963071e-01 5.126633e-02 -6.546194e+00 4.408465e-02 -5.437775e-02 9.975469e-01 3.149549e+01
9.970085e-01 6.105656e-02 4.739327e-02 7.467442e+01 -5.843647e-02 9.967843e-01 -5.482968e-02 -6.573844e+00 -5.058857e-02 5.189615e-02 9.973702e-01 3.158736e+01
9.968848e-01 -6.408392e-02 -4.597692e-02 7.501668e+01 6.644880e-02 9.964393e-01 5.189722e-02 -6.600948e+00 4.248742e-02 -5.479065e-02 9.975936e-01 3.167071e+01
9.971918e-01 5.947656e-02 4.550785e-02 7.537177e+01 -5.695767e-02 9.968727e-01 -5.477816e-02 -6.630829e+00 -4.862354e-02 5.203230e-02 9.974609e-01 3.180006e+01
9.969379e-01 -6.382872e-02 -4.517452e-02 7.574343e+01 6.616654e-02 9.964370e-01 5.230011e-02 -6.661019e+00 4.167530e-02 -5.512899e-02 9.976092e-01 3.192255e+01
9.971143e-01 6.042343e-02 4.595650e-02 7.610284e+01 -5.786882e-02 9.968068e-01 -5.502273e-02 -6.690005e+00 -4.913439e-02 5.220449e-02 9.974268e-01 3.207156e+01
9.969073e-01 -6.473370e-02 -4.455833e-02 7.643176e+01 6.705130e-02 9.963595e-01 5.264774e-02 -6.717169e+00 4.098802e-02 -5.547259e-02 9.976186e-01 3.218501e+01
9.972847e-01 5.987381e-02 4.287672e-02 7.675670e+01 -5.746132e-02 9.968069e-01 -5.544571e-02 -6.744205e+00 -4.605954e-02 5.283139e-02 9.975406e-01 3.231341e+01
9.971083e-01 -6.319107e-02 -4.221199e-02 7.702899e+01 6.539306e-02 9.964512e-01 5.299793e-02 -6.767285e+00 3.871318e-02 -5.560504e-02 9.977021e-01 3.241390e+01
9.973359e-01 5.926592e-02 4.252875e-02 7.728313e+01 -5.685011e-02 9.968150e-01 -5.592706e-02 -6.788995e+00 -4.570785e-02 5.336028e-02 9.975286e-01 3.249457e+01
9.970873e-01 -6.195392e-02 -4.448100e-02 7.756067e+01 6.429315e-02 9.965098e-01 5.324057e-02 -6.812245e+00 4.102728e-02 -5.594530e-02 9.975906e-01 3.259315e+01
9.973485e-01 5.792169e-02 4.405770e-02 7.785698e+01 -5.540003e-02 9.968672e-01 -5.645095e-02 -6.837773e+00 -4.718939e-02 5.386046e-02 9.974327e-01 3.273229e+01
9.971225e-01 -6.202643e-02 -4.358324e-02 7.811658e+01 6.433411e-02 9.964821e-01 5.370779e-02 -6.862472e+00 4.009860e-02 -5.635711e-02 9.976052e-01 3.287713e+01
9.973143e-01 5.851145e-02 4.405268e-02 7.841706e+01 -5.598221e-02 9.968256e-01 -5.661060e-02 -6.888948e+00 -4.722520e-02 5.399238e-02 9.974239e-01 3.301802e+01
9.972163e-01 -6.190813e-02 -4.155697e-02 7.878018e+01 6.413487e-02 9.964476e-01 5.457892e-02 -6.919253e+00 3.803045e-02 -5.709223e-02 9.976444e-01 3.317870e+01
9.973303e-01 5.793770e-02 4.444567e-02 7.915242e+01 -5.535280e-02 9.968192e-01 -5.733700e-02 -6.950581e+00 -4.762625e-02 5.472373e-02 9.973650e-01 3.335106e+01
9.971748e-01 -6.307996e-02 -4.078367e-02 7.957629e+01 6.528716e-02 9.963349e-01 5.526588e-02 -6.986163e+00 3.714801e-02 -5.777238e-02 9.976385e-01 3.354843e+01
9.973631e-01 5.947940e-02 4.158135e-02 8.002607e+01 -5.704116e-02 9.967117e-01 -5.755126e-02 -7.022910e+00 -4.486772e-02 5.502764e-02 9.974761e-01 3.375697e+01
9.970533e-01 -6.347887e-02 -4.307255e-02 8.043510e+01 6.583105e-02 9.962813e-01 5.558649e-02 -7.057542e+00 3.938379e-02 -5.825819e-02 9.975245e-01 3.396743e+01
9.969155e-01 6.336917e-02 4.630152e-02 8.091336e+01 -6.064473e-02 9.964700e-01 -5.804997e-02 -7.096854e+00 -4.981664e-02 5.506296e-02 9.972393e-01 3.423311e+01
9.968292e-01 -6.741863e-02 -4.226462e-02 8.144013e+01 6.972702e-02 9.960067e-01 5.575637e-02 -7.140791e+00 3.833681e-02 -5.852655e-02 9.975496e-01 3.445541e+01
9.968398e-01 6.718432e-02 4.238692e-02 8.189616e+01 -6.467707e-02 9.962203e-01 -5.798257e-02 -7.178295e+00 -4.612221e-02 5.505786e-02 9.974173e-01 3.463134e+01
9.967077e-01 -6.937111e-02 -4.196835e-02 8.224399e+01 7.165167e-02 9.958831e-01 5.552419e-02 -7.206599e+00 3.794377e-02 -5.834848e-02 9.975750e-01 3.474088e+01
9.969180e-01 6.574503e-02 4.280299e-02 8.265669e+01 -6.317778e-02 9.962688e-01 -5.879630e-02 -7.240325e+00 -4.650883e-02 5.591087e-02 9.973518e-01 3.487890e+01
9.964929e-01 -7.018332e-02 -4.556445e-02 8.306737e+01 7.270968e-02 9.957581e-01 5.638320e-02 -7.274307e+00 4.141399e-02 -5.949843e-02 9.973690e-01 3.503707e+01
9.970176e-01 6.551754e-02 4.078392e-02 8.344776e+01 -6.304879e-02 9.962572e-01 -5.913045e-02 -7.306200e+00 -4.450533e-02 5.638271e-02 9.974167e-01 3.517158e+01
9.966839e-01 -6.888141e-02 -4.331973e-02 8.384673e+01 7.128166e-02 9.958521e-01 5.654684e-02 -7.339680e+00 3.924500e-02 -5.944721e-02 9.974598e-01 3.530273e+01
9.968641e-01 6.448939e-02 4.585982e-02 8.428633e+01 -6.168250e-02 9.962792e-01 -6.019145e-02 -7.376142e+00 -4.957088e-02 5.717393e-02 9.971327e-01 3.543972e+01
9.969200e-01 -6.060312e-02 -4.977696e-02 8.490858e+01 6.341635e-02 9.963564e-01 5.702881e-02 -7.429785e+00 4.613945e-02 -6.000982e-02 9.971310e-01 3.575357e+01
9.973183e-01 5.360674e-02 4.982578e-02 8.548592e+01 -5.060268e-02 9.969321e-01 -5.971404e-02 -7.478813e+00 -5.287398e-02 5.703257e-02 9.969711e-01 3.604569e+01
9.967335e-01 -6.198043e-02 -5.177649e-02 8.621226e+01 6.493903e-02 9.962277e-01 5.756055e-02 -7.538336e+00 4.801353e-02 -6.073483e-02 9.969986e-01 3.626685e+01
9.964576e-01 6.752125e-02 5.013143e-02 8.691447e+01 -6.438301e-02 9.960112e-01 -6.177748e-02 -7.596284e+00 -5.410274e-02 5.833101e-02 9.968301e-01 3.650844e+01
9.960981e-01 -6.731783e-02 -5.706916e-02 8.745412e+01 7.066707e-02 9.957622e-01 5.885468e-02 -7.640639e+00 5.286533e-02 -6.265793e-02 9.966341e-01 3.671245e+01
9.964602e-01 6.496262e-02 5.335696e-02 8.789678e+01 -6.159629e-02 9.961435e-01 -6.248183e-02 -7.677429e+00 -5.721015e-02 5.897405e-02 9.966187e-01 3.691860e+01
9.962669e-01 -6.391253e-02 -5.802997e-02 8.831312e+01 6.737493e-02 9.959334e-01 5.981015e-02 -7.712119e+00 5.397135e-02 -6.349662e-02 9.965217e-01 3.710959e+01
9.962071e-01 5.993650e-02 6.307884e-02 8.879329e+01 -5.591076e-02 9.963978e-01 -6.375985e-02 -7.752397e+00 -6.667314e-02 5.999122e-02 9.959697e-01 3.730387e+01
9.962314e-01 -5.389408e-02 -6.795969e-02 8.929126e+01 5.794078e-02 9.965720e-01 5.905105e-02 -7.791561e+00 6.454420e-02 -6.276613e-02 9.959391e-01 3.748146e+01
9.967025e-01 5.096772e-02 6.313859e-02 8.979161e+01 -4.701662e-02 9.969333e-01 -6.255815e-02 -7.832910e+00 -6.613338e-02 5.938329e-02 9.960421e-01 3.763530e+01
9.965765e-01 -5.030679e-02 -6.560907e-02 9.027689e+01 5.428972e-02 9.966963e-01 6.040736e-02 -7.873319e+00 6.235339e-02 -6.376244e-02 9.960154e-01 3.782236e+01
9.969096e-01 4.672796e-02 6.314853e-02 9.068202e+01 -4.269087e-02 9.970470e-01 -6.383417e-02 -7.906983e+00 -6.594487e-02 6.094102e-02 9.959605e-01 3.796362e+01
9.966604e-01 -4.967538e-02 -6.481008e-02 9.095441e+01 5.364411e-02 9.966949e-01 6.100541e-02 -7.930069e+00 6.156539e-02 -6.427834e-02 9.960312e-01 3.806013e+01
9.967962e-01 4.839109e-02 6.368347e-02 9.120393e+01 -4.428592e-02 9.969431e-01 -6.436732e-02 -7.951202e+00 -6.660358e-02 6.134081e-02 9.958921e-01 3.812255e+01
9.966348e-01 -5.048801e-02 -6.457552e-02 9.158466e+01 5.447868e-02 9.966125e-01 6.160802e-02 -7.982801e+00 6.124629e-02 -6.491868e-02 9.960094e-01 3.825894e+01
9.969015e-01 4.913974e-02 6.142194e-02 9.196613e+01 -4.514620e-02 9.968767e-01 -6.479680e-02 -8.014671e+00 -6.441418e-02 6.182305e-02 9.960063e-01 3.837714e+01
9.968602e-01 -5.149389e-02 -6.015150e-02 9.238266e+01 5.521304e-02 9.965542e-01 6.189756e-02 -8.048801e+00 5.675686e-02 -6.502434e-02 9.962684e-01 3.850408e+01
9.971825e-01 4.619402e-02 5.910244e-02 9.288596e+01 -4.233099e-02 9.969855e-01 -6.502346e-02 -8.091029e+00 -6.192795e-02 6.233837e-02 9.961318e-01 3.867402e+01
9.970934e-01 -4.889180e-02 -5.843313e-02 9.334799e+01 5.255225e-02 9.966389e-01 6.284167e-02 -8.129153e+00 5.516427e-02 -6.572979e-02 9.963115e-01 3.885728e+01
9.971369e-01 4.691559e-02 5.930292e-02 9.376090e+01 -4.302436e-02 9.969395e-01 -6.527217e-02 -8.163386e+00 -6.218368e-02 6.253381e-02 9.961037e-01 3.902910e+01
9.970715e-01 -5.035919e-02 -5.755350e-02 9.414259e+01 5.396745e-02 9.965557e-01 6.296183e-02 -8.195909e+00 5.418454e-02 -6.588345e-02 9.963552e-01 3.921065e+01
9.970863e-01 4.632328e-02 6.060565e-02 9.458347e+01 -4.230495e-02 9.969234e-01 -6.598525e-02 -8.233173e+00 -6.347582e-02 6.322906e-02 9.959783e-01 3.942081e+01
9.967878e-01 -5.051733e-02 -6.214584e-02 9.502911e+01 5.446667e-02 9.964888e-01 6.358852e-02 -8.271536e+00 5.871529e-02 -6.676912e-02 9.960395e-01 3.962066e+01
9.968098e-01 4.804678e-02 6.373170e-02 9.541398e+01 -4.377433e-02 9.968043e-01 -6.682005e-02 -8.303210e+00 -6.673850e-02 6.381705e-02 9.957275e-01 3.976334e+01
9.967307e-01 -4.976480e-02 -6.365068e-02 9.581319e+01 5.384787e-02 9.964878e-01 6.412820e-02 -8.336201e+00 6.023578e-02 -6.734598e-02 9.959098e-01 3.991275e+01
9.968097e-01 4.529261e-02 6.571884e-02 9.622950e+01 -4.082551e-02 9.968638e-01 -6.779334e-02 -8.370616e+00 -6.858324e-02 6.489404e-02 9.955325e-01 4.007021e+01
9.965766e-01 -4.694395e-02 -6.805454e-02 9.665674e+01 5.138857e-02 9.965546e-01 6.510131e-02 -8.405995e+00 6.476393e-02 -6.837565e-02 9.955554e-01 4.023616e+01
9.963504e-01 4.274598e-02 7.388265e-02 9.711203e+01 -3.766319e-02 9.969144e-01 -6.887066e-02 -8.443552e+00 -7.659859e-02 6.583664e-02 9.948859e-01 4.038098e+01
9.959775e-01 -4.640871e-02 -7.664833e-02 9.757715e+01 5.149618e-02 9.965039e-01 6.578845e-02 -8.481596e+00 7.332718e-02 -6.947089e-02 9.948855e-01 4.051837e+01
9.961672e-01 4.525642e-02 7.485097e-02 9.808358e+01 -4.008582e-02 9.967975e-01 -6.919491e-02 -8.522023e+00 -7.774274e-02 6.592922e-02 9.947910e-01 4.064980e+01
9.960814e-01 -4.727114e-02 -7.474761e-02 9.856012e+01 5.225208e-02 9.964407e-01 6.614845e-02 -8.561970e+00 7.135462e-02 -6.979494e-02 9.950062e-01 4.082842e+01
9.961418e-01 4.789848e-02 7.353430e-02 9.904735e+01 -4.281512e-02 9.966826e-01 -6.921466e-02 -8.601727e+00 -7.660560e-02 6.579922e-02 9.948879e-01 4.102222e+01
9.961576e-01 -4.584108e-02 -7.462279e-02 9.952134e+01 5.083023e-02 9.964980e-01 6.639229e-02 -8.639560e+00 7.131795e-02 -6.993026e-02 9.949993e-01 4.117505e+01
9.958727e-01 4.966424e-02 7.596700e-02 1.000008e+02 -4.441338e-02 9.966057e-01 -6.931418e-02 -8.677961e+00 -7.915155e-02 6.565414e-02 9.946981e-01 4.135043e+01
9.962864e-01 -4.416562e-02 -7.391141e-02 1.005085e+02 4.913273e-02 9.965564e-01 6.679266e-02 -8.718426e+00 7.070693e-02 -7.017607e-02 9.950256e-01 4.156763e+01
9.955406e-01 4.974663e-02 8.015152e-02 1.010101e+02 -4.384979e-02 9.963142e-01 -7.372328e-02 -8.760770e+00 -8.352356e-02 6.987987e-02 9.940525e-01 4.177378e+01
9.969205e-01 -3.583483e-02 -6.975185e-02 1.015789e+02 4.081999e-02 9.966115e-01 7.140856e-02 -8.806757e+00 6.695656e-02 -7.403591e-02 9.950054e-01 4.204207e+01
9.949780e-01 5.782802e-02 8.169938e-02 1.022232e+02 -5.136794e-02 9.955443e-01 -7.907511e-02 -8.858820e+00 -8.590807e-02 7.448124e-02 9.935150e-01 4.234786e+01
9.950709e-01 -5.893604e-02 -7.975245e-02 1.028397e+02 6.496237e-02 9.950497e-01 7.520626e-02 -8.910144e+00 7.492527e-02 -8.001645e-02 9.939737e-01 4.262635e+01
9.947980e-01 6.370447e-02 7.948991e-02 1.034678e+02 -5.721337e-02 9.950360e-01 -8.142526e-02 -8.963025e+00 -8.428244e-02 7.645378e-02 9.935045e-01 4.292611e+01
9.944339e-01 -6.290871e-02 -8.452079e-02 1.039268e+02 6.948091e-02 9.945910e-01 7.720864e-02 -9.001855e+00 7.920649e-02 -8.265145e-02 9.934260e-01 4.312203e+01
9.944943e-01 6.160375e-02 8.477121e-02 1.043327e+02 -5.454818e-02 9.950413e-01 -8.317003e-02 -9.034675e+00 -8.947441e-02 7.808799e-02 9.929232e-01 4.325768e+01
9.942473e-01 -6.300766e-02 -8.661571e-02 1.047259e+02 6.985596e-02 9.944675e-01 7.845040e-02 -9.067077e+00 8.119350e-02 -8.404971e-02 9.931483e-01 4.335929e+01
9.941737e-01 6.534865e-02 8.572165e-02 1.051632e+02 -5.817096e-02 9.947904e-01 -8.371481e-02 -9.102137e+00 -9.074569e-02 7.824054e-02 9.927958e-01 4.344244e+01
9.946082e-01 -6.184285e-02 -8.324679e-02 1.055850e+02 6.844652e-02 9.945252e-01 7.896041e-02 -9.135957e+00 7.790786e-02 -8.423260e-02 9.933959e-01 4.355474e+01
9.947004e-01 5.986494e-02 8.359032e-02 1.059682e+02 -5.273915e-02 9.949844e-01 -8.499822e-02 -9.168730e+00 -8.825944e-02 8.013926e-02 9.928685e-01 4.370092e+01
9.941786e-01 -6.131467e-02 -8.859664e-02 1.063298e+02 6.844351e-02 9.944582e-01 7.980219e-02 -9.199653e+00 8.321258e-02 -8.540148e-02 9.928658e-01 4.382480e+01
9.945861e-01 6.148723e-02 8.377188e-02 1.066401e+02 -5.429477e-02 9.948502e-01 -8.558668e-02 -9.226931e+00 -8.860293e-02 8.057494e-02 9.928026e-01 4.394312e+01
9.947951e-01 -5.958172e-02 -8.266083e-02 1.068671e+02 6.628232e-02 9.945210e-01 8.083716e-02 -9.246861e+00 7.739148e-02 -8.589534e-02 9.932939e-01 4.402036e+01
9.946435e-01 6.095840e-02 8.347673e-02 1.071025e+02 -5.369689e-02 9.947923e-01 -8.663117e-02 -9.267535e+00 -8.832287e-02 8.168467e-02 9.927369e-01 4.403559e+01
9.948051e-01 -6.013603e-02 -8.213663e-02 1.074091e+02 6.687338e-02 9.943944e-01 8.190087e-02 -9.294212e+00 7.675098e-02 -8.696814e-02 9.932502e-01 4.408699e+01
9.935179e-01 7.151785e-02 8.835973e-02 1.079156e+02 -6.335662e-02 9.937460e-01 -9.194961e-02 -9.334739e+00 -9.438313e-02 8.575539e-02 9.918355e-01 4.416769e+01
9.944350e-01 -6.000799e-02 -8.659174e-02 1.084238e+02 6.761010e-02 9.938490e-01 8.771020e-02 -9.373323e+00 8.079577e-02 -9.307654e-02 9.923754e-01 4.424489e+01
9.935290e-01 7.288122e-02 8.711213e-02 1.089080e+02 -6.482024e-02 9.936439e-01 -9.203298e-02 -9.409539e+00 -9.326588e-02 8.579078e-02 9.919381e-01 4.431001e+01
9.940484e-01 -6.443779e-02 -8.783810e-02 1.093383e+02 7.213318e-02 9.935539e-01 8.745028e-02 -9.444001e+00 8.163674e-02 -9.326584e-02 9.922888e-01 4.438033e+01
9.941276e-01 6.249549e-02 8.834418e-02 1.099491e+02 -5.355110e-02 9.935229e-01 -1.002225e-01 -9.494543e+00 -9.403538e-02 9.490305e-02 9.910351e-01 4.451239e+01
9.932961e-01 -6.148270e-02 -9.789159e-02 1.107154e+02 7.072038e-02 9.930689e-01 9.387654e-02 -9.560049e+00 9.144127e-02 -1.001701e-01 9.907596e-01 4.481064e+01
9.942355e-01 5.989646e-02 8.892845e-02 1.113943e+02 -5.098825e-02 9.937533e-01 -9.927044e-02 -9.616319e+00 -9.431885e-02 9.416387e-02 9.910787e-01 4.505700e+01
9.941228e-01 -6.155888e-02 -8.905314e-02 1.121509e+02 6.999996e-02 9.930134e-01 9.499692e-02 -9.678717e+00 8.258302e-02 -1.006723e-01 9.914864e-01 4.533838e+01
9.952148e-01 5.617122e-02 7.995135e-02 1.129429e+02 -4.804709e-02 9.938124e-01 -1.001418e-01 -9.747912e+00 -8.508169e-02 9.582119e-02 9.917556e-01 4.569061e+01
9.952545e-01 -4.503837e-02 -8.625554e-02 1.135277e+02 5.328755e-02 9.939680e-01 9.585452e-02 -9.796148e+00 8.141807e-02 -9.999597e-02 9.916512e-01 4.589042e+01
9.955311e-01 4.392554e-02 8.359699e-02 1.139012e+02 -3.545393e-02 9.943299e-01 -1.002546e-01 -9.828249e+00 -8.752669e-02 9.684270e-02 9.914436e-01 4.600176e+01
9.955541e-01 -4.628392e-02 -8.203550e-02 1.143883e+02 5.416176e-02 9.938521e-01 9.656302e-02 -9.868610e+00 7.706180e-02 -1.005769e-01 9.919405e-01 4.611424e+01
9.962481e-01 4.458946e-02 7.417184e-02 1.150248e+02 -3.706414e-02 9.943059e-01 -9.990963e-02 -9.921522e+00 -7.820438e-02 9.678564e-02 9.922280e-01 4.628254e+01
9.957119e-01 -4.670374e-02 -7.985376e-02 1.155956e+02 5.440752e-02 9.937775e-01 9.719132e-02 -9.968962e+00 7.481763e-02 -1.011192e-01 9.920572e-01 4.645077e+01
9.962858e-01 4.346507e-02 7.433354e-02 1.161122e+02 -3.582378e-02 9.942201e-01 -1.012077e-01 -1.001084e+01 -7.830287e-02 9.816891e-02 9.920843e-01 4.656826e+01
9.964942e-01 -4.022952e-02 -7.335511e-02 1.166825e+02 4.744065e-02 9.939188e-01 9.937224e-02 -1.005837e+01 6.891129e-02 -1.025039e-01 9.923429e-01 4.670547e+01
9.970495e-01 3.745786e-02 6.700216e-02 1.171285e+02 -3.048475e-02 9.942940e-01 -1.022254e-01 -1.009582e+01 -7.044895e-02 9.988119e-02 9.925021e-01 4.680431e+01
9.972769e-01 -4.383061e-02 -5.930985e-02 1.177259e+02 4.961693e-02 9.937602e-01 9.989407e-02 -1.014354e+01 5.456131e-02 -1.025648e-01 9.932289e-01 4.690003e+01
9.973922e-01 4.837472e-02 5.355998e-02 1.184489e+02 -4.281892e-02 9.940236e-01 -1.004174e-01 -1.020500e+01 -5.809751e-02 9.786218e-02 9.935026e-01 4.716446e+01
9.975327e-01 -4.426352e-02 -5.449117e-02 1.190959e+02 4.953129e-02 9.938081e-01 9.945908e-02 -1.025777e+01 4.975132e-02 -1.019127e-01 9.935486e-01 4.738332e+01
9.979966e-01 4.190647e-02 4.739919e-02 1.196814e+02 -3.693539e-02 9.941716e-01 -1.012850e-01 -1.030546e+01 -5.136738e-02 9.933140e-02 9.937276e-01 4.748077e+01
