0.999999474298779 -2.2103433589941196e-06 0.0010253766528255368 -0.0003426320618018508 2.0791835396248956e-06 0.9999999918167349 0.00012791484373015076 -0.01873699575662613 -0.0010253769271703333 -0.00012791264453890276 0.9999994661201139 1.042439341545105
0.999998919598508 -0.00011199130174416243 -0.0014656942946301014 -0.003051072359085083 0.00011212337045246276 0.9999999896619493 9.002472636945568e-05 -0.017341917380690575 0.0014656841974913838 -9.018896769097385e-05 0.9999989218173105 0.941846489906311
0.9999714850281806 9.838454691036449e-05 -0.007551122500385587 -0.010364308953285217 -9.638630212737727e-05 0.9999999602443798 0.0002649923007122852 -0.011925713159143925 0.007551148271333469 -0.0002642569196895751 0.9999714547566168 0.6968876123428345
0.9999986842936057 -9.613903301804638e-05 -0.001619311070773631 -0.0032038469798862934 9.640864241651701e-05 0.9999999815050241 0.00016641912474770534 -0.014904044568538666 0.0016192950414507827 -0.0001665750213709821 0.9999986750672878 0.8319327235221863
0.9999999949481081 -9.977905473765635e-05 1.2162386892333452e-05 -0.001304587465710938 9.97779336807967e-05 0.9999999907773043 9.213986572340179e-05 -0.016033172607421875 -1.2171580408868998e-05 -9.213865172008841e-05 0.9999999956811605 0.8881661891937256
0.999998776516983 1.138352226254416e-05 0.0015642362200433179 0.00024343130644410849 -1.1397694796953455e-05 0.9999999998940817 9.051440279659314e-06 -0.019768204540014267 -0.0015642361168403652 -9.069257892402248e-06 0.999998776540811 1.0941230058670044
0.9999996308065455 6.552701090023378e-05 0.0008567922636436418 -0.0002214560518041253 -6.558684527802268e-05 0.9999999954126442 6.980742787788345e-05 -0.020653121173381805 -0.0008567876854411435 -6.986359640706903e-05 0.9999996305169015 1.1554834842681885
0.9999982028833949 7.464578915529599e-05 0.0018943753552448468 0.0007349469233304262 -7.46752978798532e-05 0.9999999970915773 1.5506294124644264e-05 -0.021586734801530838 -0.001894374192255641 -1.5647729301974773e-05 0.9999982055491741 1.197800636291504
0.9999848985627874 -4.4558320970410185e-05 -0.0054955127993594945 -0.007174327969551086 4.581851832463585e-05 0.9999999726867176 0.00022918819257937493 -0.014975924976170063 0.005495502437017954 -0.00022943652776217556 0.9999848732915136 0.8342337012290955
0.9999663184695682 6.751937158445525e-05 -0.008207153437857242 -0.010991385206580162 -6.490763506942655e-05 0.9999999471746717 0.0003184927827380824 -0.01275939866900444 0.008207174508744211 -0.000317949348493425 0.9999662700285419 0.7358950972557068
0.9999883371417807 -7.46106205710833e-05 -0.0048290800025980836 -0.006901645101606846 7.577748676967297e-05 0.9999999679796625 0.00024145071213050839 -0.014086011797189713 0.004829061833181843 -0.00024181383167109244 0.999988310775622 0.7980492115020752
0.9999876729141715 -7.3963600876304e-05 -0.004964730514951073 -0.007050029933452606 7.535414157086215e-05 0.9999999579896132 0.0002798973480317203 -0.014239294454455376 0.004964709604165086 -0.0002802680107191727 0.999987636477766 0.812965989112854
0.9999995785461836 -6.538130944988644e-06 -0.0009180766350587857 -0.0020433422178030014 6.775175287031048e-06 0.9999999666450259 0.0002581938104578074 -0.017791595309972763 0.0009180749163314215 -0.0002581999217711701 0.9999995452355207 1.0003328323364258
0.9999993755669163 2.476025996547066e-05 0.001117252302536388 -0.00011865131091326475 -2.47426652074617e-05 0.9999999995696792 -1.576205970026968e-05 -0.02028936892747879 -0.0011172526923283069 1.5734406058244207e-05 0.9999993757492304 1.107961654663086
0.9999998509640026 0.00012221402445119562 -0.0005321049757537978 -0.0010628026211634278 -0.00012209575251867353 0.9999999678379764 0.00022229861385233716 -0.022158794105052948 0.0005321321266484538 -0.0002222336129644079 0.9999998337237969 1.2491151094436646
0.9999877450452209 -2.831113207772528e-05 -0.004950652265517091 -0.005517325829714537 2.9584289561165034e-05 0.9999999665130529 0.0002570966024472848 -0.019861305132508278 0.004950644821038991 -0.00025723991327018765 0.9999877123962488 1.0900605916976929
0.9999946074807706 6.638782758975677e-05 -0.0032833827123585242 -0.003892189357429743 -6.566202846840115e-05 0.9999999733884757 0.00022115954856322107 -0.02282121032476425 0.003283397307284685 -0.00022094276238697117 0.9999945852285493 1.2543244361877441
0.999999665761031 3.258669572017006e-05 0.0008169552826253864 -0.0004073471063748002 -3.256204377191599e-05 0.9999999990141787 -3.0188677590884876e-05 -0.020612213760614395 -0.0008169562655692652 3.016206576697985e-05 0.9999996658362993 1.122967004776001
0.999998620440531 2.7215261765135253e-05 0.0016608360438470711 0.0005596344126388431 -2.7402371630955907e-05 0.9999999932809637 0.00011263739498716987 -0.019009187817573547 -0.0016608329672316642 -0.00011268275044367663 0.9999986144672666 1.0765126943588257
0.9999984731210119 -2.239794236394742e-05 0.0017473562822520328 0.0005814824253320694 2.2350110956191634e-05 0.9999999993750451 2.7393108182377383e-05 -0.018904859200119972 -0.0017473568947092722 -2.7354012749627745e-05 0.9999984729966545 1.0421534776687622
0.999999819618594 9.021585823882845e-05 0.0005938214197492677 -0.0002425318816676736 -9.024555643953444e-05 0.9999999946785996 4.998540162605945e-05 -0.022766614332795143 -0.000593816907113399 -5.003898235407341e-05 0.9999998224387747 1.2471462488174438
0.999999503094933 -1.7199805229467418e-06 -0.0009968986551613982 -0.0021018250845372677 1.7483299461319345e-06 0.9999999995941473 2.843674728867261e-05 -0.021221738308668137 0.0009968986058461527 -2.8438476066080872e-05 0.9999995026920876 1.1393488645553589
0.9999997231825476 5.385728731648436e-05 0.0007421146952236267 -0.0003125674556940794 -5.390998951466537e-05 0.9999999960266105 7.099642318113069e-05 -0.020713191479444504 -0.0007421108686001542 -7.103641092351989e-05 0.9999997221126049 1.144965410232544
0.9999989636489 6.396278587984107e-05 0.0014382662786280509 0.00042778358329087496 -6.386326520254908e-05 0.9999999955636037 -6.924070999416725e-05 -0.021736178547143936 -0.0014382707010760394 6.914878585569738e-05 0.9999989632973806 1.1732025146484375
0.9999959566327851 5.252949763064892e-05 0.0028432303340562575 0.0014717241283506155 -5.222241892616456e-05 0.9999999927960266 -0.00010807758935289415 -0.020540859550237656 -0.002843235990835176 0.00010792867198990406 0.9999959521720585 1.1161433458328247
0.999991456530376 3.501745877677249e-05 0.0041334779586233 0.002846723422408104 -3.418105302139846e-05 0.999999978928976 -0.00020241962112390105 -0.019716110080480576 -0.0041334849597474245 0.00020227660512875024 0.9999914366564657 1.0669833421707153
0.9999910509014828 5.252129017024582e-05 0.004230290588360256 0.002801569178700447 -5.1770522666944624e-05 0.9999999828919526 -0.00017758352259278153 -0.020878957584500313 -0.0042302998429039635 0.00017736292902555036 0.9999910365126432 1.1371136903762817
0.9999932829689444 5.6064851174075305e-05 0.003664815646785896 0.0021963915787637234 -5.5570145552421656e-05 0.9999999893313863 -0.00013508954818697215 -0.02044001966714859 -0.003664823181462808 0.000134884986447367 0.9999932754159344 1.1192009449005127
0.9999864118202112 -3.308130708328147e-05 0.005212972335096214 0.003910316154360771 3.3894230093954494e-05 0.9999999872803476 -0.00015585405375999087 -0.015356563962996006 -0.005212967112933205 0.00015602862567088671 0.9999864002219969 0.8449220061302185
0.9999881675290716 -2.4278705334159863e-05 0.004864587587217788 0.003417201340198517 2.443635890307204e-05 0.9999999991782038 -3.234897995700644e-05 -0.01568613201379776 -0.004864586797828738 3.246746999683822e-05 0.9999881673005684 0.8786597847938538
0.9999976566140285 -1.4095983399100075e-06 0.0021648936381589733 0.0008852234459482133 1.6051328070890875e-06 0.999999995919964 -9.031885356311033e-05 -0.0192467849701643 -0.0021648935020128234 9.032211685297839e-05 0.9999976525362647 1.0493026971817017
0.9999983651651836 8.00348421219386e-05 0.0018064499395622569 0.0005931676714681089 -8.005154482205345e-05 0.9999999967537954 9.173843409006431e-06 -0.021193204447627068 -0.001806449199471042 -9.31843751959349e-06 0.9999983683258971 1.1688017845153809
0.9999997796316082 -5.563132170824502e-05 0.0006615450788786777 -0.0008048783056437969 5.566665701541431e-05 0.9999999970250983 -5.339500908267038e-05 -0.017651546746492386 -0.0006615421064757181 5.343182331910427e-05 0.9999997797535167 0.9586281776428223
0.9999733733307259 3.8184111173630596e-05 -0.00729734003198059 -0.010184070095419884 -3.6283704569876995e-05 0.9999999653968289 0.0002605567766242391 -0.012741222977638245 0.00729734972859841 -0.00026028506433525443 0.9999733401139371 0.7289354801177979
0.9999523179521821 6.736327297004278e-05 -0.009765105439655196 -0.01226456556469202 -6.362408014353089e-05 0.9999999245457192 0.0003832238671893421 -0.013471834361553192 0.00976513051805016 -0.0003825842984394792 0.9999522467874254 0.7821725010871887
0.9999670319026783 -7.142681491055223e-06 -0.008120040438920697 -0.01027838047593832 9.992152576199454e-06 0.9999999383924535 0.00035087782189757553 -0.014257482253015041 0.008120037432456404 -0.0003509473908063859 0.9999669703685338 0.8143778443336487
0.9999627486557071 3.053561863043221e-05 -0.00863135959737017 -0.011144490912556648 -2.7423132563980993e-05 0.9999999345644585 0.0003607201833924098 -0.01349490974098444 0.008631370047386433 -0.0003604700471622188 0.9999626840599855 0.7793686389923096
0.9999764723490631 -3.701696123422423e-06 -0.006859645371398039 -0.009377525188028812 5.9392624908962465e-06 0.999999946788152 0.0003261723757444337 -0.013092612847685814 0.006859643798992613 -0.00032620544290908705 0.9999764191604521 0.7612903118133545
0.9999896785675781 -6.434141197117153e-05 -0.0045429746306252195 -0.006352545227855444 6.529686480814322e-05 0.9999999757832102 0.00021016635917362744 -0.014474357478320599 0.004542960998208659 -0.00021046083195603666 0.9999896585523308 0.8082591891288757
0.9999952457522079 -0.00010494732751640688 -0.0030817947757569865 -0.0049776178784668446 0.00010553655985987213 0.9999999761836806 0.00019103578881984453 -0.014367850497364998 0.0030817746536644813 -0.00019136012260719483 0.9999952330117816 0.8064643740653992
0.9999643630522214 5.678033540524075e-05 -0.008442120678970873 -0.011175818741321564 -5.385191784054627e-05 0.9999999383077731 0.0003471086580262222 -0.012757891789078712 0.008442139867103675 -0.0003466416637438988 0.9999643044199232 0.7420061230659485
0.9999958927533757 -0.00011347232187617194 -0.0028638436429289467 -0.004607220645993948 0.00011408443135301624 0.9999999706853182 0.00021357458947311752 -0.015031750313937664 0.00286381932417172 -0.00021390043224309336 0.9999958763842397 0.8427651524543762
0.9999915725427854 -0.00011295708533877548 -0.0041039108304191515 -0.005591205321252346 0.00011388123598404303 0.9999999682131968 0.00022495481620249573 -0.015219480730593204 0.004103885289728575 -0.00022542027884314342 0.9999915536199426 0.8548774719238281
0.9999863033496051 -5.0507301215676035e-05 -0.005233599354576627 -0.007074024528264999 5.1892545587604206e-05 0.9999999636609002 0.00026454746713698866 -0.01429913192987442 0.005233585802813728 -0.000264815428515913 0.9999862696319554 0.8048952221870422
0.9999993849113525 -8.502439508870347e-05 -0.0011058696890422176 -0.002476417925208807 8.519860654823161e-05 0.9999999839694759 0.00015748728764683088 -0.015126420184969902 0.0011058562810531804 -0.00015758140933471842 0.9999993761247981 0.8416031002998352
0.9999979678934331 4.857987164906789e-06 0.0020159824910954446 0.0007836667355149984 -4.706840182606746e-06 0.9999999971779908 -7.497909037368097e-05 -0.019105903804302216 -0.002015982849653782 7.496944910078252e-05 0.9999979650942954 1.0287147760391235
0.9999956785113975 -5.643054441625196e-05 0.002939349268688351 0.001515331445261836 5.6677938744932415e-05 0.9999999948588192 -8.408312967994975e-05 -0.014575830660760403 -0.0029393445087198414 8.424936257346386e-05 0.9999956765686059 0.8003414869308472
0.999986411518797 -8.832359257866203e-05 0.005212386852756974 0.0041859024204313755 8.86983140576474e-05 0.9999999934987663 -7.165945053115255e-05 -0.010753126814961433 -0.005212380489649915 7.212080671411175e-05 0.9999864128518051 0.6330844759941101
0.9999948269082127 -7.21510228520985e-05 0.0032157349150742265 0.0017046952852979302 7.243610937897625e-05 0.9999999934570842 -8.853723575865787e-05 -0.013592232018709183 -0.003215728505981822 8.876971307345279e-05 0.99999482559167 0.7555607557296753
0.9999965569359908 -4.311902586987545e-05 0.0026237867506915076 0.0012659879866987467 4.2873701990862596e-05 0.9999999947045504 9.355610455529127e-05 -0.01510087214410305 -0.00262379077084547 -9.344329098439814e-05 0.9999965534892318 0.8565987348556519
0.9999999568180724 -3.290586686736164e-05 0.000292029206191262 -0.0012020288268104196 3.290144766017687e-05 0.9999999993441747 1.5137548774168454e-05 -0.016717880964279175 -0.0002920297041139065 -1.5127939936857172e-05 0.9999999572448978 0.9097385406494141
0.9999969863497015 -8.271131961613537e-05 0.0024536606024785513 0.0009159526089206338 8.273906356677303e-05 0.99999999651434 -1.1205662392669505e-05 -0.013216745108366013 -0.0024536596670908014 1.1408642203281452e-05 0.9999969897075094 0.73836749792099
0.9999988910668005 -3.2073724615263133e-05 0.0014889044446451168 9.70971304923296e-05 3.190997777603146e-05 0.99999999344069 0.0001100016965312728 -0.015583345666527748 -0.0014889079630430527 -0.00010995406363900026 0.9999988855309697 0.8651983141899109
0.9999998481805437 -7.015322305218378e-05 0.0005465504688444942 -0.0008957522222772241 7.01400089509271e-05 0.9999999972474566 2.419640550827993e-05 -0.014699137769639492 -0.000546552164795923 -2.4158066780017915e-05 0.9999998503485483 0.8093799352645874
0.9999984375354389 -4.233795431135251e-05 0.0017672391401609235 -5.20265894010663e-05 4.2197768767122304e-05 0.9999999959605252 7.936181501309847e-05 -0.014597908593714237 -0.001767242493039104 -7.92871174644823e-05 0.9999984352825377 0.8161768913269043
0.9999981511800705 -5.412267075859745e-05 0.0019221621100714902 -1.4894292689859867e-05 5.4287142415334304e-05 0.99999999487014 -8.55138941541484e-05 -0.013367492705583572 -0.001922157471970729 8.561808474257143e-05 0.9999981489883851 0.7320340871810913
0.99999164527493 -7.458272964101856e-05 0.004087030432401723 0.002553969621658325 7.48152909935682e-05 0.9999999955910878 -5.674942333491828e-05 -0.013661911711096764 -0.004087026181855466 5.705472158018813e-05 0.999991646445983 0.7539993524551392
0.9999962630390381 -2.9144406157045114e-05 -0.0027336895512564303 -0.005439919885247946 2.938852760027257e-05 0.999999995584398 8.926095796980152e-05 -0.012622843496501446 0.0027336869377279317 -8.934096351591382e-05 0.9999962594799637 0.7064578533172607
0.9999804730054941 -0.00011570538819140414 -0.006248217343495269 -0.007822750136256218 0.00011779768952411302 0.9999999371178135 0.00033449674663707513 -0.015421108342707157 0.006248178247517782 -0.0003352262404876495 0.9999804237543629 0.8785332441329956
0.9999655555715025 6.579312628245361e-05 -0.008299598896412552 -0.01045897789299488 -6.303404726380723e-05 0.999999942669916 0.00033269636917614685 -0.013923147693276405 0.008299620309730077 -0.0003321617523307402 0.9999655023906 0.7847088575363159
0.9997795357907833 0.0005520517912998902 -0.020989879770635253 -0.026547376066446304 -0.0005397522863692006 0.9999996793183606 0.0005916338775878426 -0.009272215887904167 0.02099019965210812 -0.0005801741078960593 0.9997795131510593 0.5755669474601746
0.9995578149204583 0.000821280777877767 -0.02972373007081717 -0.0372658409178257 -0.0007983888031783995 0.9999993755112438 0.0007820181847908907 -0.0063946787267923355 0.02972435376518507 -0.0007579412947404083 0.9995578464092191 0.4446849822998047
0.9996067790758101 0.0007921436948371524 -0.028029622438624648 -0.034863077104091644 -0.0007704803196782221 0.9999993961135537 0.0007836661312709925 -0.006158069707453251 0.0280302262881003 -0.0007617617048936262 0.9996067857579516 0.44818902015686035
0.9996636731968537 0.0007422001080504892 -0.02592276276892411 -0.03264723718166351 -0.0007251525462056726 0.9999995146166544 0.0006670234181841262 -0.006608795374631882 0.025923245251299836 -0.0006480011229036937 0.9996637261850536 0.4556562304496765
0.9993123256164932 0.0009568539616831035 -0.03706697049196234 -0.04561895877122879 -0.0009191176320199632 0.9999990419104123 0.0010350850380559692 -0.006172929424792528 0.0370679254037032 -0.0010003043304458205 0.9993122476471066 0.4597355127334595
0.9990722906883684 0.001075856467422635 -0.04305113833056873 -0.05263116955757141 -0.001021352885601998 0.9999986489527899 0.0012879949060678002 -0.006197846028953791 0.0430524658640981 -0.00124282961683773 0.9990720397236449 0.48701903223991394
0.9983533173524982 0.0014173349598490808 -0.05734670777710978 -0.06988178938627243 -0.001323662814789249 0.9999977271875378 0.0016713876005587708 -0.004309921059757471 0.05734894635487541 -0.0015927276509645355 0.9983529243562195 0.41480207443237305
0.9984613179186377 0.001359257800269575 -0.055435990461159504 -0.06664283573627472 -0.0012674861766261984 0.9999977677104734 0.001690577671205081 -0.004873429425060749 0.05543816464286515 -0.001617712058038145 0.9984608119043672 0.4630902111530304
0.9995891416863886 0.0006357375029328826 -0.028655604347082777 -0.034743424504995346 -0.0006089539978958317 0.9999993695986734 0.0009433860738895988 -0.008918443694710732 0.028656186028458697 -0.0009255485310489187 0.9995888986789615 0.6144096851348877
0.999643362795214 0.0006457223642993966 -0.026697008486050066 -0.03272010758519173 -0.00062356265200409 0.9999994541596143 0.0008383615522644384 -0.008885730057954788 0.026697535262548328 -0.0008214153039317018 0.9996432197978453 0.5944254994392395
0.9997469575280967 0.0004924258335744975 -0.02248951822766467 -0.02807709202170372 -0.00047716677659672785 0.9999996523252259 0.0006838576566513887 -0.009601404890418053 0.02248984715780312 -0.0006729533606996116 0.9997468449105468 0.6117358207702637
0.999778523051197 0.00043522210041020535 -0.021040803865122644 -0.026064857840538025 -0.0004218288538292549 0.999999705608293 0.0006409709395652838 -0.009954294189810753 0.021041076635603097 -0.0006319533610992465 0.9997784123139307 0.6266918778419495
0.9998691243686056 0.00025703999025413306 -0.016176157294030883 -0.01987128145992756 -0.0002478669188012456 0.9999998073572725 0.0005690759250282142 -0.012029132805764675 0.016176300453082045 -0.0005649919125906991 0.9998689954628007 0.7242008447647095
0.9999815161260014 -5.3450850479794484e-05 -0.006079847806472585 -0.008484958671033382 5.534794266699879e-05 0.9999999498394335 0.00031186172487942095 -0.01388624869287014 0.00607983083222955 -0.0003121924675344101 0.9999814689247568 0.7983624935150146
0.9999813448148628 -6.085377221974674e-05 -0.0061078899038036795 -0.00766186136752367 6.264021793160716e-05 0.9999999553211524 0.00029229077373554347 -0.014978542923927307 0.00610787184391403 -0.000292667920551722 0.9999813039487422 0.8411138653755188
0.9999717244092146 -6.65079033278719e-05 -0.0075197046990269035 -0.009424644522368908 6.918072356095572e-05 0.9999999345296627 0.0003551826259739503 -0.015188589692115784 0.0075196805842575485 -0.00035569280158740757 0.9999716635417933 0.8577409386634827
0.9998578717711213 0.00022208135167445616 -0.016857844974879688 -0.02012099325656891 -0.000211333228687101 0.9999997732831565 0.0006393527210227262 -0.013062635436654091 0.01685798314123877 -0.0006356992281456106 0.9998576920196698 0.7804663181304932
0.9999815636041121 -0.00010618876875602843 -0.006071340529116488 -0.0074047790840268135 0.00010829764130764318 0.9999999339240045 0.0003470210474689153 -0.016095176339149475 0.006071303278208855 -0.0003476721615103815 0.999981509029328 0.9023008346557617
0.999996325849562 -6.840981942699238e-05 -0.0027099091263664736 -0.0037304554134607315 6.888152101352912e-05 0.99999998249445 0.00017397251384948688 -0.017595145851373672 0.002709897177499767 -0.0001741585373107315 0.9999963130562488 0.9670950174331665
0.9999991393988555 -8.351975726826925e-05 -0.0013092845369275048 -0.0027678762562572956 8.365502213248315e-05 0.9999999911698504 0.00010325762222422233 -0.017430957406759262 0.001309275901314782 -0.00010336706158750884 0.9999991375555606 0.9501378536224365
0.9999840214495294 -1.3828714265423097e-05 -0.005653021704735646 -0.007632726803421974 1.505857981538099e-05 0.9999999762299144 0.00021751645909300817 -0.014521992765367031 0.005653018562389875 -0.00021759810997382716 0.9999839978880642 0.8045384287834167
0.9999055728269697 0.00012032640914073858 -0.01374157746129786 -0.016671499237418175 -0.00011255758918710583 0.9999998334175347 0.0005661233891249472 -0.013559422455728054 0.013741643291786556 -0.0005645232128630543 0.9999054198038849 0.8004623651504517
0.9999421367399383 3.39018702267385e-05 -0.010757417098448603 -0.01332846935838461 -2.8579468437622404e-05 0.9999998771191355 0.0004949191126192763 -0.013672394677996635 0.010757432555251417 -0.0004945830337235178 0.9999420148350814 0.8047191500663757
0.9999759494257211 -0.00010554514212081146 -0.006934654306532822 -0.008563200011849403 0.0001080557029796728 0.9999999287639151 0.0003616574763374478 -0.01542655285447836 0.006934615641345459 -0.00036239810721346304 0.9999758895961037 0.8749396800994873
0.9999661320696333 -6.948157190274724e-05 -0.008229816887840007 -0.009949945844709873 7.303815574653386e-05 0.9999999040818018 0.0004318585584100001 -0.015067928470671177 0.008229786092239323 -0.00043244502290203525 0.9999660412294897 0.8689744472503662
0.9999721546555468 -0.00013409182240527753 -0.0074613626721925595 -0.008475656621158123 0.00013698477437274923 0.9999999156499919 0.0003872146438690343 -0.017001911997795105 0.007461310120509301 -0.0003882259548260621 0.9999720886764256 0.949298620223999
0.9998541715602551 9.155291439802707e-05 -0.017077096697622324 -0.019390063360333443 -7.875985831969511e-05 0.9999997157936233 0.0007498063466166336 -0.015278019942343235 0.017077160491158812 -0.0007483520138105791 0.9998538946060183 0.9082107543945312
0.9999616373453185 -7.937383692719842e-05 -0.008758854803202784 -0.009396009147167206 8.4102520141361e-05 0.9999998509291518 0.000539507590515352 -0.018435616046190262 0.00875881067472536 -0.0005402235353344607 0.9999614949557288 1.0452258586883545
0.9999788665419047 -7.793868643397096e-05 -0.006500799576116641 -0.0073076216503977776 8.017572050272302e-05 0.9999999376671546 0.0003438568610659984 -0.021041424944996834 0.006500772371151232 -0.00034437080047129324 0.9999788104591669 1.1355323791503906
0.9999846358958749 -3.28082430725327e-05 -0.005543184627385674 -0.006114168092608452 3.496091173923965e-05 0.9999999240203524 0.0003882486622843091 -0.019886843860149384 0.005543171468459975 -0.0003884364919799477 0.999984561064401 1.1003011465072632
0.9999785062061529 -0.0001371684460316936 -0.006555021779425864 -0.007593637332320213 0.00013924618310739824 0.9999999402148768 0.0003165134178646583 -0.017690271139144897 0.0065549779718794025 -0.0003174193765534757 0.9999784655224971 0.972959578037262
0.9999319642941431 7.0552416008944074e-06 -0.011664764595988673 -0.013527264818549156 -6.568278624040769e-07 0.9999998495579429 0.000548528631862219 -0.015289993956685066 0.011664766711119514 -0.0005484836505871725 0.9999318138669556 0.8795013427734375
0.9999660839640344 1.694648930727028e-05 -0.008235935554033647 -0.010234043933451176 -1.3773904035176636e-05 0.9999999256890119 0.00038526906241439444 -0.013855393044650555 0.008235941470971184 -0.000385142554629056 0.9999660098889859 0.7961623668670654
0.9999954038189791 -6.437165727472526e-05 -0.003031203920310638 -0.0044631436467170715 6.516347118552704e-05 0.9999999637842776 0.00026112289366438156 -0.016950400546193123 0.0030311870016199805 -0.00026131921726561217 0.9999953717981038 0.9341537952423096
0.9999999996966874 5.616855644759145e-06 2.398075125452365e-05 -0.0014640119625255466 -5.617129258554121e-06 0.9999999999191338 1.1409673639491325e-05 -0.019777018576860428 -2.398068716609463e-05 -1.140980833901014e-05 0.9999999996473716 1.0557835102081299
0.9999965687340809 -0.00010084161580639847 -0.0026176995689323173 -0.004122328478842974 0.00010123198339575927 0.9999999837764172 0.00014899413062807455 -0.015643246471881866 0.002617684501654973 -0.00014925861430888923 0.9999965627189505 0.8583234548568726
0.9999896697390076 -8.797254515248814e-05 -0.004544521548195212 -0.006004249211400747 8.926792865830501e-05 0.99999995544847 0.0002848408243638191 -0.015538967214524746 0.00454449628755754 -0.0002852435619091125 0.9999896330410646 0.8680389523506165
0.999986645032293 -5.000853783359945e-05 -0.005167906365747463 -0.006268919445574284 5.198241687855077e-05 0.9999999257572418 0.00038181584467213164 -0.017869310453534126 0.005167886888015726 -0.0003820793857969496 0.9999865733900909 0.9905592203140259
0.9999931210014416 -1.9670260526200904e-06 -0.0037091705174190697 -0.004758987110108137 2.837420220883313e-06 0.9999999724645343 0.00023465481021406895 -0.02015562169253826 0.0037091699537132065 -0.00023466372049939655 0.9999930934717465 1.0803662538528442
0.9999936900256711 -1.185421488925977e-05 -0.0035524313250566053 -0.00475861644372344 1.2588378109934095e-05 0.9999999785701608 0.00020664271176412734 -0.0193885900080204 0.003552428799341463 -0.0002066861272026503 0.9999936687451927 1.0414893627166748
0.9999944755330561 -2.2337995308876248e-05 -0.0033239140154690218 -0.0046143075451254845 2.3105948912004724e-05 0.9999999730523891 0.00023100072789481057 -0.01852566748857498 0.003323908765804304 -0.00023107625392635461 0.9999944491017345 1.0011446475982666
0.9999965867646332 -1.428732836042607e-06 -0.0026127489435246202 -0.0038934717886149883 2.02617025354314e-06 0.9999999738553046 0.00022865975720285273 -0.01910744234919548 0.002612748548521392 -0.00022866427060747185 0.999996560622922 1.0371880531311035
0.9999948339305579 -6.850154170267045e-05 -0.0032136303046613724 -0.004627113696187735 6.91274858949084e-05 0.9999999786630285 0.00019466723834210157 -0.01684649847447872 0.0032136169010862884 -0.00019488838286118708 0.9999948173290357 0.9236710071563721
0.9999941010836745 -5.8051303338873e-05 -0.0034343016612046733 -0.004866454750299454 5.905869266297406e-05 0.9999999552638394 0.0002932309500307339 -0.016140514984726906 0.0034342844851283742 -0.00029343204565221665 0.9999940597762118 0.9030337333679199
0.9999851264388407 -0.0001230306517611576 -0.005452684160530476 -0.006801174022257328 0.0001247007368300697 0.9999999454228158 0.0003059478580509799 -0.01567031256854534 0.005452646221973947 -0.0003066232612493214 0.9999850872044812 0.8771322965621948
0.999982532721888 -4.957141233710305e-05 -0.005910312495400087 -0.007018031552433968 5.209893891339755e-05 0.9999999072674294 0.0004274936644196202 -0.016940731555223465 0.005910290755856906 -0.00042779411827854966 0.9999824425735552 0.955446720123291
0.9999988311436877 2.8571497179944795e-05 -0.0015286905927615923 -0.002790191676467657 -2.8453314680813908e-05 0.9999999966051382 7.733131905882685e-05 -0.0211184024810791 0.001528692797043463 -7.728773235514098e-05 0.9999988285617835 1.1339466571807861
0.9999999899659047 6.722908650768286e-05 0.00012469338488596416 -0.001104871858842671 -6.723753951597879e-05 0.9999999954419909 6.778739759577264e-05 -0.022011036053299904 -0.00012468882703279348 -6.77957809919811e-05 0.999999989928214 1.1928272247314453
0.9999999558954773 5.367771138003845e-05 0.0002921091350542604 -0.0009856472024694085 -5.3663800543713924e-05 0.999999997425805 -4.762968115101834e-05 -0.02232300490140915 -0.0002921116909545925 4.7614003363973435e-05 0.9999999562018325 1.1909456253051758
0.9999999943470895 4.748860118712569e-05 9.513492178745426e-05 -0.0012655555037781596 -4.749479394482188e-05 0.9999999967535551 6.50932724297061e-05 -0.021242916584014893 -9.51318302901496e-05 -6.509779047524692e-05 0.9999999933561061 1.1490612030029297
0.9999999855410354 4.6140105046411696e-05 -0.00016367351559532073 -0.0014479159144684672 -4.614358956693878e-05 0.999999998708843 -2.12857462003104e-05 -0.021692201495170593 0.00016367253325742686 2.129329837606716e-05 0.9999999863789485 1.1605308055877686
0.9999997220412405 2.7682904678867647e-05 -0.0007450846251810177 -0.0022958191111683846 -2.7611448948693678e-05 0.9999999950191567 9.591295366817604e-05 -0.020175300538539886 0.0007450872766190217 -9.589235414223978e-05 0.9999997178247636 1.0928617715835571
0.9999999323645322 5.1431328776639115e-05 0.0003641781843632707 -0.000893176649697125 -5.142731026992629e-05 0.9999999986166334 -1.1043807804296068e-05 -0.021851718425750732 -0.00036417875185718875 1.1025078352862168e-05 0.9999999336261403 1.165127158164978
0.9999990593138255 4.3492581509277305e-05 0.0013709412311921684 -0.00011448969598859549 -4.347392054377102e-05 0.9999999989619627 -1.3641588165746559e-05 -0.02070680633187294 -0.0013709418230769652 1.3581975143138144e-05 0.9999990601665821 1.1197808980941772
0.9999955875505722 0.00012138969314843771 0.0029681886611558315 0.0017759506590664387 -0.00012114059461776473 0.9999999891258726 -8.410238226440815e-05 -0.023827945813536644 -0.0029681988380417463 8.374244302754951e-05 0.9999955913817125 1.2952097654342651
0.9999893533451567 9.626897208036025e-05 0.004613450836429944 0.0031693424098193645 -9.532021321853394e-05 0.9999999742657951 -0.0002058700221384722 -0.022556131705641747 -0.0046134705366018686 0.0002054280751940022 0.9999893367876048 1.2278215885162354
0.9999915073576634 0.00015440215961519304 0.004118418691846797 0.00293921260163188 -0.00015400207757787404 0.9999999833923058 -9.746152289317343e-05 -0.024782320484519005 -0.004118433671718973 9.682645015243796e-05 0.9999915145283635 1.3647704124450684
0.9999936626299127 0.00017845274379797122 0.003555679208081954 0.0027572186663746834 -0.00017792332980909225 0.9999999730400903 -0.00014920827013622178 -0.02730076014995575 -0.0035557057388463657 0.00014857468626375893 0.9999936674210801 1.4841862916946411
0.9999941259866194 0.00015686305082587628 0.0034239430837166226 0.002435179427266121 -0.0001565473222371092 0.9999999834702115 -9.247979571432445e-05 -0.025678496807813644 -0.0034239575337824636 9.194324336551888e-05 0.9999941340134185 1.4043196439743042
0.9999999222946179 0.00010204762774507856 -0.00038078476845733705 -0.0012643520021811128 -0.00010201059481216328 0.99999999006596 9.72723937786663e-05 -0.02441795915365219 0.0003807946910916361 -9.723354213935203e-05 0.9999999227705179 1.3153595924377441
0.9999993426695314 0.00010243116094591074 -0.001142001909900827 -0.0018929493380710483 -0.00010231040165862856 0.9999999891693199 0.00010580142518133708 -0.025146856904029846 0.0011420127348949806 -0.00010568451696073981 0.9999993423186317 1.3472198247909546
0.9999997662205536 9.36884118562237e-05 0.000677333979391368 -0.0002987292828038335 -9.367475965992737e-05 0.9999999954087526 -2.0187478849633907e-05 -0.023918870836496353 -0.000677335867614393 2.012402503248729e-05 0.9999997704055467 1.2791554927825928
0.9999942138908509 0.0002064471636781611 0.003395521224800422 0.002545089228078723 -0.0002063825631191062 0.9999999785154117 -1.9375604304495838e-05 -0.0272834375500679 -0.0033955251518875992 1.867471582163486e-05 0.9999942350134815 1.5051050186157227
0.9999990878559691 9.252670700412419e-05 -0.0013474887896619799 -0.002090548165142536 -9.253781185571063e-05 0.9999999956849303 -8.17880127647267e-06 -0.025880824774503708 0.0013474880270899223 8.303487480323327e-06 0.9999990921031223 1.3846697807312012
0.9999995237948697 0.00012605209129080898 -0.0009677401016020434 -0.0018835446098819375 -0.00012591602629267437 0.9999999821799024 0.00014066040407587768 -0.024418119341135025 0.0009677578148949158 -0.00014053848310459385 0.999999521846759 1.321528673171997
0.9999936366184442 0.00017126383457587152 0.003563339910511175 0.002650459762662649 -0.00017085964527112368 0.9999999789357779 -0.00011373401148968532 -0.026475809514522552 -0.003563359313975121 0.00011312445676368397 0.9999936448164342 1.44525146484375
0.9999955324690885 0.0001255407374645391 0.0029865165975601683 0.0019299262203276157 -0.00012530035323440606 0.9999999888955371 -8.067680570359532e-05 -0.024560339748859406 -0.00298652669262219 8.030223369285728e-05 0.9999955370949739 1.3422479629516602
0.9999999252171397 0.00013232431166214638 0.0003633950900529621 -0.0002620882587507367 -0.00013232677582354703 0.9999999912219841 6.756907943845194e-06 -0.026618795469403267 -0.00036339419275988164 -6.804994339161107e-06 0.9999999339491741 1.4256540536880493
0.9999982707301235 8.672960095364687e-05 0.0018576907005178234 0.0007180154207162559 -8.658760797254594e-05 0.999999993323982 -7.651550142070382e-05 -0.023203212767839432 -0.0018576973242747517 7.635451611064144e-05 0.9999982715638258 1.2464113235473633
0.999995667266268 0.00010199283313351046 0.002941945980737403 0.0017886520363390446 -0.00010165070656254159 0.999999988054209 -0.00011644189943390376 -0.02363271266222 -0.0029419578218327492 0.00011614234403454746 0.9999956656881721 1.2798922061920166
0.9999983055170198 0.00011301596103171645 0.0018374412865817056 0.0007905620150268078 -0.000112986370584325 0.9999999934856912 -1.620795443642325e-05 -0.024363316595554352 -0.0018374431063695924 1.6000321150187657e-05 0.9999983117719853 1.3233797550201416
0.9999976314765884 0.00013241007177023102 0.0021724430454731396 0.0012352861231192946 -0.00013227586759470645 0.9999999893345498 -6.191925817389688e-05 -0.025171412155032158 -0.002172451221036476 6.163174972804422e-05 0.9999976383258208 1.3609765768051147
0.9999944334064952 9.440702056363596e-05 0.003335302585538233 0.0021827733144164085 -9.37344755390961e-05 0.9999999752452791 -0.00020180012217227983 -0.02384551241993904 -0.003335321554322032 0.00020148636599441087 0.9999944175011046 1.2759754657745361
0.9999952669902942 0.00011908036584995949 0.003074380730613464 0.0018470615614205599 -0.00011896187147096706 0.9999999921742099 -3.872535811887763e-05 -0.02358071692287922 -0.0030743853179838183 3.835944074605374e-05 0.9999952733305643 1.2977147102355957
0.9999985246000369 0.00011520473921666659 0.001713921123546477 0.0008191332453861833 -0.00011501944653694153 0.999999987530717 -0.00010820856359362449 -0.02548295632004738 -0.0017139335683144588 0.00010801126968367545 0.9999985253815574 1.3624956607818604
0.9999976140881562 9.55211550049083e-05 0.0021823596641530685 0.0009939399315044284 -9.538681745932243e-05 0.9999999935496935 -6.166009947535053e-05 -0.023292087018489838 -0.0021823655399200994 6.145178401687375e-05 0.9999976167493242 1.2594313621520996
0.9999982862252446 0.00013051117218119065 0.001846757538990983 0.0009784167632460594 -0.00013033507702279353 0.9999999869487678 -9.547372424782938e-05 -0.025835605338215828 -0.0018467699752761856 9.523286334128415e-05 0.9999982901842184 1.3866091966629028
0.9999971182352755 0.00012370654527099956 0.0023975441258671445 0.001373011153191328 -0.00012349505906069765 0.9999999884709738 -8.835735930996585e-05 -0.024778738617897034 -0.0023975550286094646 8.806101983142002e-05 0.9999971219834294 1.3390803337097168
0.9999937612422317 0.0001190342273913393 0.0035303409845305034 0.002324671484529972 -0.00011858573155657228 0.9999999848725039 -0.00012724942539534963 -0.023894045501947403 -0.003530356078162322 0.00012682998344871373 0.999993760230591 1.2994835376739502
0.9999971391310156 0.0004586006531307913 -0.0023476403526030165 -0.0013518870109692216 -0.0004572875913733407 0.9999997387461707 0.000559817514085446 -0.03963271528482437 0.0023478964719505784 -0.0005587423657186303 0.9999970875903218 2.2129101753234863
0.9999997220421701 -3.533933939836478e-05 0.0007447595005410418 -0.00018618965987116098 3.543327384904207e-05 0.9999999914198194 -0.0001261144099149648 -0.02541758492588997 -0.0007447550373509357 0.00012614076412781144 0.9999997147141804 1.2981703281402588
0.9999998640208385 -2.578948660259248e-05 -0.0005208581445113446 -0.002208284568041563 2.5826958979601522e-05 0.9999999970790224 7.19369386965804e-05 -0.01727297157049179 0.0005208562877732129 -7.195038109658829e-05 0.9999998617659254 0.9358923435211182
0.9999997721875526 1.3358650172800364e-05 -0.0006748676829254011 -0.002211319748312235 -1.3286718074061002e-05 0.999999994230875 0.00010659133689670609 -0.019136806949973106 0.0006748691029483862 -0.00010658234583723243 0.9999997665959216 1.0356285572052002
0.9999999741874871 3.8817749840186014e-05 -0.00022387096193869941 -0.0015776947839185596 -3.880517048808203e-05 0.9999999976681819 5.6194260917423624e-05 -0.021295875310897827 0.0002238731427514358 -5.6185572116063175e-05 0.9999999733619984 1.1403144598007202
0.99999676846799 1.825453593215078e-06 -0.0025422529860066397 -0.0038077901117503643 -1.527812192648065e-06 0.9999999931449999 0.00011707974260070605 -0.020300433039665222 0.0025422531823031318 -0.0001170754801686613 0.999996761615801 1.074477195739746
0.9999983951497693 4.08456802950102e-05 -0.0017910972939472233 -0.003038534428924322 -4.0585033665179936e-05 0.9999999885826378 0.00014555953898317777 -0.021032102406024933 0.00179110321897601 -0.0001454866136379456 0.9999983853901486 1.1247961521148682
0.9999992204162971 6.349659280620009e-05 0.0012470505124887097 -3.390770871192217e-05 -6.34455725538737e-05 0.999999997148786 -4.09522564699422e-05 -0.02230950817465782 -0.0012470531092618556 4.0873104710462015e-05 0.999999221593663 1.195580244064331
0.9999995638765741 4.8409878807702604e-05 0.0009326859841908185 -0.0003869362408295274 -4.838755865772279e-05 0.9999999985424347 -2.395359504248013e-05 -0.02150903455913067 -0.0009326871424220009 2.3908454197986932e-05 0.9999995647614454 1.152305245399475
0.9999994098584014 8.535439739658349e-05 0.0010830500799683246 -6.2020611949265e-05 -8.534879865739319e-05 0.9999999963441898 -5.2156360373267996e-06 -0.023162491619586945 -0.0010830505211863702 5.1231959361519204e-06 0.9999994134874887 1.2485294342041016
0.9999994361072909 8.459421805355252e-05 0.0010585976188609173 -4.904565867036581e-05 -8.457150981750435e-05 0.9999999961927911 -2.149598944175386e-05 -0.023271942511200905 -0.001058599433267033 2.1406450121405858e-05 0.9999994394543449 1.2502894401550293
0.9999989299666937 7.242224912471004e-05 0.0014611024897443472 0.00025100092170760036 -7.236429457767864e-05 0.9999999965929539 -3.971776990196034e-05 -0.022543413564562798 -0.00146110536121653 3.961199575164765e-05 0.9999989318004362 1.2130117416381836
0.9999978965290388 7.362793520869945e-05 0.0020497600897360635 0.0008428492001257837 -7.350150154123014e-05 0.9999999953917741 -6.175744033807775e-05 -0.02246928960084915 -0.0020497646273631214 6.160664998870047e-05 0.9999978973325861 1.2148585319519043
0.9999979616178883 6.19286996311614e-05 0.00201814888066899 0.0007835733704268932 -6.174962814468489e-05 0.9999999941514153 -8.879275227666525e-05 -0.022386973723769188 -0.0020181543676853608 8.866795134018543e-05 0.9999979595933897 1.2007840871810913
0.9999982202087405 6.406358137521507e-05 0.0018855967778231486 0.0006222196388989687 -6.393696508908232e-05 0.9999999956974812 -6.720938773342225e-05 -0.02235816791653633 -0.0018856010753844133 6.708870877938565e-05 0.9999982200022605 1.2019716501235962
0.999998832199348 6.221043760869078e-05 0.0015270002623404694 0.00031867920188233256 -6.206792355369057e-05 0.9999999937141882 -9.33766355089962e-05 -0.02259952574968338 -0.0015270060617433908 9.328174872815097e-05 0.9999988297748165 1.2083866596221924
0.9999998075283776 7.388932234462801e-05 0.0006160223826065357 -0.0006653484888374805 -7.393130413738266e-05 0.9999999949464172 6.812729158447307e-05 -0.022263001650571823 -0.0006160173456140073 -6.817282181002664e-05 0.9999998079375297 1.2093669176101685
0.9999996124707793 7.507270988606715e-05 0.0008771672472805425 -0.0001565343700349331 -7.502204856244043e-05 0.9999999955160987 -5.7788364079111304e-05 -0.023421790450811386 -0.0008771715816765023 5.772253480060874e-05 0.9999996136189881 1.250128149986267
