0.9999716851042402 -0.00011026494581671251 0.00752441568680884 0.006768758874386549 0.00011147583438077785 0.9999999809050463 -0.0001605087083448161 -0.012559941038489342 -0.007524397844646442 0.0001613429540743856 0.999971678301704 0.711770236492157
0.9999794776928335 -8.945988695274818e-05 0.006405949585861065 0.005321350414305925 9.064761872334726e-05 0.999999978756682 -0.00018512062214257134 -0.013768503442406654 -0.0064059328889075106 0.000185697507115921 0.9999794645592772 0.7518607378005981
0.9999497153572486 -0.00010737424103569584 0.010027722958379328 0.009299647063016891 0.00010941708023733797 0.9999999733747728 -0.0002031707567282374 -0.011858729645609856 -0.010027700876083121 0.00020425774452685258 0.9999497004819361 0.6666205525398254
0.9999589326243954 -0.0001132600733544585 0.009062021674857501 0.008565923199057579 0.00011489278493225674 0.9999999772626909 -0.00017965039880574546 -0.011171196587383747 -0.009062001121594167 0.00018068418194268102 0.9999589229007853 0.6475348472595215
0.9999856164411914 -9.450139683957313e-05 0.0053626467547338115 0.004313207697123289 9.528545997488601e-05 0.9999999848092108 -0.00014595293381120488 -0.01371719129383564 -0.005362632880514859 0.00014646181675130577 0.99998561025523 0.7567226886749268
0.9999770322329068 -0.00010091803682022261 0.006776785537242216 0.005856328643858433 0.00010185310456085763 0.9999999853411334 -0.00013763603355453945 -0.013111567124724388 -0.006776771547943919 0.00013832310900808837 0.9999770278531923 0.7264116406440735
0.9999866805539864 -0.00010276828147085963 0.005160247406875088 0.004153477028012276 0.00010331021495166154 0.9999999891767589 -0.00010475438784909718 -0.013185317628085613 -0.005160236585596069 0.00010528609884749155 0.9999866803479026 0.7330682277679443
0.999961993765336 -0.00010391805694124605 0.008717810842834335 0.00809544324874878 0.00010533481986269278 0.9999999813214384 -0.00016205461532419057 -0.012244576588273048 -0.008717793839597426 0.00016296674527317915 0.9999619860336741 0.6817106604576111
0.9999516791060408 -0.00011903292492311547 0.009829816080300762 0.009473923593759537 0.00012088978245337188 0.9999999749631467 -0.0001883065759304601 -0.01095789298415184 -0.009829793419510584 0.00018948580111587693 0.9999516684602616 0.631323516368866
0.9999551481508708 -0.00011262238968081493 0.009470427802778616 0.008975028060376644 0.00011438541641405056 0.9999999762306311 -0.0001856198103578184 -0.011076570488512516 -0.009470406672725909 0.00018669476379392885 0.9999551372649268 0.6346213817596436
0.9999815526003585 -0.0001140584945822555 0.006073009932189455 0.005135334562510252 0.00011491098057337286 0.9999999835943519 -0.0001400241499740919 -0.012335961684584618 -0.006072993861614039 0.00014071942241897754 0.9999815493015864 0.6881199479103088
0.9999908201922235 -7.384571860609586e-05 0.004284165974183979 0.0029733465053141117 7.416825485871665e-05 0.9999999944275147 -7.512683115960551e-05 -0.013906946405768394 -0.004284160402515692 7.544389062356691e-05 0.9999908200967973 0.7605817317962646
0.9999942085436155 -5.985941196635095e-05 0.003402836475463614 0.0020582592114806175 6.017679411392708e-05 0.9999999938492786 -9.316756969141035e-05 -0.014653016813099384 -0.0034028308775777795 9.337180190548136e-05 0.9999942059950774 0.7943485975265503
0.9999735666168246 -0.00010915415102999849 0.007270086175454052 0.006406562402844429 0.00011029985137401952 0.9999999815625819 -0.00015719026304868025 -0.012059188447892666 -0.00727006888344272 0.00015798799740285454 0.9999735602195804 0.6782512068748474
0.9999881602068819 -7.635226924584908e-05 0.004865554067755321 0.0032026846893131733 7.684761637221112e-05 0.9999999918839036 -0.00010162005791727801 -0.012031640857458115 -0.0048655462693439925 0.00010199276098925275 0.9999881579583717 0.6710560321807861
0.9999363086525612 -0.00015858739497691076 0.011285100279919002 0.011250264011323452 0.00016097295549983515 0.9999999648924605 -0.00021048226840547786 -0.009329671040177345 -0.011285066503892263 0.00021228545845136172 0.9999362990755395 0.5475623607635498
0.9999909619759476 -7.717704497812403e-05 0.004250883452027118 0.002880531596019864 7.745243353432984e-05 0.9999999949127361 -6.461925737757388e-05 -0.013315897434949875 -0.00425087844327842 6.494791461520177e-05 0.9999909628662795 0.7383314371109009
0.9999868536744747 -0.0001099773310893457 0.005126439623265355 0.0037268884479999542 0.00011079562865872427 0.9999999811676644 -0.0001593392578740925 -0.013256451115012169 -0.0051264220030162065 0.00015990515024918024 0.9999868470273945 0.7245895862579346
0.999967859804044 -7.956289346003863e-05 0.008017046130968644 0.0071542090736329556 8.068943056160205e-05 0.9999999869173767 -0.00014019437458434044 -0.010400397703051567 -0.008017034871814559 0.0001408367595967633 0.9999678531417255 0.6052390336990356
0.9999913510086645 -9.297549554839394e-05 0.004158036005492768 0.002699831500649452 9.33402920163481e-05 0.9999999918122646 -8.753890763696468e-05 -0.013229434378445148 -0.004158027832474553 8.792626280867819e-05 0.9999913514993599 0.7279096841812134
0.9999937976860299 -9.841837473986161e-05 0.0035206396144767033 0.0019156354246661067 9.875739796862137e-05 0.9999999905037491 -9.612220392701572e-05 -0.0131346695125103 -0.003520630120852739 9.646929695443844e-05 0.9999937979093805 0.721880316734314
0.9999939797389533 -7.629666482068425e-05 0.003469101420941451 0.0018106824718415737 7.662864486762876e-05 0.999999992497839 -9.556344847325213e-05 -0.013411030173301697 -0.0034690941037432963 9.58287056971409e-05 0.9999939780833476 0.7341822981834412
0.9999894931822071 -9.186089438158141e-05 0.004583130673312188 0.0030162432231009007 9.242969692122677e-05 0.9999999880532408 -0.00012389620448914062 -0.013302045874297619 -0.004583119237342475 0.00012431852011337942 0.999989489726248 0.7321149706840515
0.9999966449290855 -8.39214883358169e-05 0.0025890322045371856 0.000721920165233314 8.402790250367676e-05 0.999999995629436 -4.099316141622292e-05 -0.014183968305587769 -0.002589028753014537 4.1210574826921096e-05 0.999996647610283 0.771009624004364
0.999990662207967 -8.724411238173187e-05 0.00432063483034245 0.002519694622606039 8.7833754279866e-05 0.9999999868562837 -0.00013628156385258727 -0.013209937140345573 -0.004320622883789177 0.00013665978886170737 0.999990656727351 0.7275341749191284
0.9999938865194083 -7.478779439201499e-05 0.003495901971529553 0.0014451728202402592 7.520017004598813e-05 0.9999999902306974 -0.00011782843259687497 -0.013937962241470814 -0.0034958931252484383 0.00011809060467776228 0.9999938823742203 0.7633332014083862
0.9999954260959925 -6.224861101635195e-05 0.003023890243573147 0.0009055284317582846 6.265002692656192e-05 0.999999989238994 -0.00013265363242298723 -0.014596376568078995 -0.003023881953528681 0.00013284247248318906 0.9999954192349128 0.7915263772010803
0.9999798151563181 -0.00013239764533441178 0.006352302795028813 0.0043085175566375256 0.00013425579688342078 0.999999948329206 -0.0002920906823394863 -0.014998205937445164 -0.0063522637946817175 0.00029293762000851366 0.9999797812617183 0.791700005531311
0.9999803341837437 -6.460944591693943e-05 0.006271129992919719 0.005103007890284061 6.529328265251476e-05 0.9999999919452615 -0.00010884054565265149 -0.007832358591258526 -0.006271122910280058 0.00010924786787765781 0.9999803303477263 0.4483470320701599
0.9999959451699877 -5.785563323712215e-05 0.002847155827963091 0.0006095251301303506 5.797726331195054e-05 0.9999999974103473 -4.263733495540162e-05 -0.013024483807384968 -0.002847153353779933 4.2802232371384166e-05 0.9999959459346568 0.725451648235321
0.9999999299650136 -8.028295888806547e-05 0.00036554700674648063 -0.0017470536986365914 8.030103857675976e-05 0.9999999955534743 -4.9444863338548454e-05 -0.014964211732149124 -0.0003655430355411358 4.9474213679968496e-05 0.9999999319652932 0.8162351846694946
0.9999999284720643 -6.483233235396246e-05 -0.00037262935327738307 -0.0025916127488017082 6.481445685800654e-05 0.9999999967483528 -4.798312594295985e-05 -0.014966392889618874 0.0003726324629236924 4.795897074168388e-05 0.9999999294224898 0.8243054747581482
0.9999999709700419 -7.648617543684777e-05 0.00022849459510929597 -0.0019470482366159558 7.649206128897315e-05 0.9999999967429346 -2.5750633977663118e-05 -0.014350364916026592 -0.00022849262479756612 2.5768111252696594e-05 0.999999973563562 0.8004270792007446
0.9999987214012844 -7.776361813639463e-05 0.0015972315474007512 -0.0006176673341542482 7.787111777309541e-05 0.9999999947073248 -6.724164855243883e-05 -0.013257295824587345 -0.0015972263099932426 6.73659407832919e-05 0.999998722164156 0.7354540824890137
0.9999993380731977 -8.22993683737592e-06 0.0011505587489571895 -0.0013471675338223577 8.247723206594672e-06 0.9999999998465722 -1.5454153130831747e-05 -0.010570158250629902 -0.0011505586215939576 1.5463632391407904e-05 0.9999993379876482 0.6026053428649902
0.9999905430917919 -5.005178268214823e-05 0.004348703462203094 0.0024419394321739674 5.044497005057893e-05 0.999999994650137 -9.030521077438784e-05 -0.010482787154614925 -0.004348698919001342 9.052372698220851e-05 0.9999905402668402 0.5984253883361816
0.999995005114504 -3.093016553830728e-05 0.0031605046065068232 0.001472425414249301 3.110187254027255e-05 0.9999999980431856 -5.4279848807885185e-05 -0.010807235725224018 -0.003160502921437594 5.4377875297690175e-05 0.9999950041196856 0.6184057593345642
0.9999830868363895 -8.429355819866863e-05 0.005815405038504022 0.004742064047604799 8.49709591673398e-05 0.9999999896344582 -0.00011623691044896145 -0.011574596166610718 -0.0058153951802014225 0.00011672908505914572 0.9999830836335276 0.6536505222320557
0.9999967417375301 5.562659928082458e-05 -0.00255214027929261 -0.005584314931184053 -5.560203207485008e-05 0.9999999984071906 9.697070175607367e-06 -0.009383559226989746 0.002552140814642573 -9.555134394338802e-06 0.9999967432376777 0.5414824485778809
0.9999576912817087 -0.0001258442563683205 0.009197815489475413 0.008807200007140636 0.00012717284301220087 0.9999999815655167 -0.00014386116412956805 -0.007511981297284365 -0.009197797215817215 0.00014502478989340006 0.9999576888519771 0.4434294104576111
0.9999941849472369 -9.126067547270032e-06 0.003410276884075836 0.001521931728348136 9.32312082774464e-06 0.9999999982880668 -5.776630119922954e-05 -0.007178482599556446 -0.0034102763510585033 5.779775970858645e-05 0.9999941833203972 0.41212087869644165
0.9999857298371656 0.00010034698389770211 -0.005341353060224352 -0.008500988595187664 -9.950185002276727e-05 0.9999999824901217 0.00015849018327913398 -0.00894482247531414 0.0053413688707097794 -0.00015795644708729387 0.9999857223122477 0.5459930896759033
0.9999733229694616 0.00019481449288456218 -0.007301739294589518 -0.01080306340008974 -0.00019346067357781907 0.9999999639668308 0.00018611637425394473 -0.009321961551904678 0.007301775289651779 -0.00018469880981952417 0.9999733246261967 0.5559529066085815
0.9999988671377844 8.433909041774795e-05 -0.0015028672813455863 -0.0037485421635210514 -8.418842793277839e-05 0.9999999914248046 0.00010031300668104873 -0.008348759263753891 0.0015028757287659463 -0.00010018636900642565 0.9999988656629742 0.5163858532905579
0.9999921106072601 -9.105247690762585e-05 0.003971200408398343 0.002272983081638813 9.131380765711679e-05 0.9999999936775592 -6.562522357786581e-05 -0.012407731264829636 -0.003971194407951509 6.598733126496372e-05 0.9999921125992176 0.6949474811553955
0.9999955620965761 -5.293925571859729e-05 0.0029787555434739343 0.0012005200842395425 5.327730086380487e-05 0.99999999215029 -0.00011340612424190776 -0.013208375312387943 -0.0029787495164557564 0.00011356432101177009 0.9999955570673617 0.7365697622299194
0.9999987039665765 -4.483516881952539e-05 0.0016093647738018191 -0.0004313645185902715 4.490064999120876e-05 0.9999999981656945 -4.065148078709822e-05 -0.012011373415589333 -0.0016093629482337483 4.072368962583705e-05 0.9999987041454016 0.6723557114601135
0.999999998855657 -2.173480416380634e-05 -4.2617889756821e-05 -0.002123668324202299 2.1732764129577977e-05 0.9999999986181756 -4.7867904207759e-05 -0.01158355362713337 4.261893009745423e-05 4.786697794843591e-05 0.9999999979461899 0.6549444198608398
0.9999949145987305 -7.897330931184186e-05 0.003188187556325732 0.0014643494505435228 7.912367926200344e-05 0.9999999957634064 -4.703860937631283e-05 -0.01321390550583601 -0.003188183828024029 4.7290631295742816e-05 0.9999949166108171 0.734846830368042
0.9999853127986146 -8.289482668362048e-05 0.005419161882123886 0.003945993259549141 8.378648869741617e-05 0.9999999829907102 -0.00016431190913159509 -0.013533031567931175 -0.005419148169340562 0.00016476354839528167 0.999985302735041 0.7449777722358704
0.9999746784318293 -0.00010910637159947795 0.007115517617076196 0.005988442804664373 0.00011043051212543745 0.9999999766604314 -0.00018569932221700874 -0.012774080038070679 -0.00711549719002383 0.00018648039027345327 0.9999746671415244 0.7173575162887573
0.9999950800447809 -6.03240047285134e-05 0.003136279204204849 0.0014400233048945665 6.070329847476372e-05 0.9999999908561068 -0.00012084244279919798 -0.010812447406351566 -0.0031362718858269556 0.00012103223075242389 0.9999950745627987 0.6128680109977722
0.9999972038173903 -1.3686134077197569e-05 0.002364776964212001 0.0005949525511823595 1.3728887649651946e-05 0.9999999997426211 -1.8063093537549105e-05 -0.008211979642510414 -0.002364776716389437 1.8095508787099232e-05 0.9999972037479076 0.47711998224258423
0.9999963212407516 -0.00010646318474184861 0.002710381994129381 0.0010753149399533868 0.00010668629574723561 0.9999999909328382 -8.217273358189588e-05 -0.011739835143089294 -0.0027103732211829924 8.246159190320591e-05 0.9999963235317858 0.6689931750297546
0.9999999902707252 -0.00010236550217886377 9.476209001281948e-05 -0.001809651148505509 0.00010236993538647148 0.9999999936660686 -4.677883315928226e-05 -0.014161922037601471 -9.47573008738552e-05 4.678853349318983e-05 0.9999999944159436 0.7755480408668518
0.9998855806809143 0.0003594298147142304 -0.015122709962144347 -0.01968992128968239 -0.00035394497294431314 0.999999870616053 0.0003653639739238793 -0.007929700426757336 0.015122839328213894 -0.0003599695620583686 0.9998855785301473 0.5050196647644043
0.9999921502322449 0.000109967435910692 -0.003960729863884155 -0.007166312076151371 -0.00010952818529008505 0.9999999878281645 0.00011111816964133721 -0.008703259751200676 0.003960742035055 -0.00011068348583509665 0.9999921501050385 0.5162448287010193
0.999999734594059 1.3038769052573118e-06 -0.0007285671632711626 -0.0034280898980796337 -1.2795618841392827e-06 0.999999999442262 3.3374218905174196e-05 -0.011261263862252235 0.0007285672063806864 -3.337327780068606e-05 0.9999997340379897 0.6503382921218872
0.999998655074434 -1.6661292564381164e-05 -0.0016399913793733872 -0.00405923742800951 1.6902407030379523e-05 0.9999999890514725 0.00014700803855917477 -0.016324244439601898 0.001639988912073957 -0.0001470355606461258 0.9999986444075372 0.926694393157959
0.9999993728567009 1.1239005680655897e-05 -0.0011198928025642962 -0.0027520721778273582 -1.1081382689328007e-05 0.999999990032702 0.00014075439056250298 -0.01902761496603489 0.0011198943733413862 -0.0001407418923286139 0.9999993630139531 1.0536035299301147
0.9999994599352834 -0.00018769772083799697 0.001022202870005248 -0.0009391052881255746 0.0001877860098339823 0.999999978646432 -8.627601231712323e-05 -0.015373584814369678 -0.0010221866543666943 8.64679211206922e-05 0.9999994738287328 0.8140283226966858
0.999999632672607 -6.097471659666243e-05 -0.0008549483815852239 -0.002827124670147896 6.109264690649681e-05 0.9999999886238359 0.00013791307759590128 -0.014696233905851841 0.0008549399626483692 -0.00013796525799624948 0.9999996250215538 0.8088726997375488
0.9999963519123677 -1.0971545635293672e-05 -0.002701118579670757 -0.003959507681429386 1.1115963982116588e-05 0.9999999985097067 5.345111919544528e-05 -0.019858701154589653 0.0027011179892039044 -5.348094973792145e-05 0.999996350544039 1.0411642789840698
0.9999983272376737 -2.7970502540295586e-05 -0.001828862899619509 -0.0033102943561971188 2.823176305760006e-05 0.9999999894015057 0.00014282841473485148 -0.017361577600240707 0.001828858885253779 -0.00014287980784090704 0.9999983174288537 0.9408930540084839
0.9999994130972243 -1.7180392346560292e-05 -0.0010832866846354112 -0.002660804893821478 1.72930150480581e-05 0.9999999944471951 0.0001039546125470427 -0.01793063059449196 0.0010832848926391016 -0.0001039732848287308 0.9999994078415234 0.9717177152633667
0.999999445939509 -4.119210872198899e-05 -0.0010518668571869914 -0.0027417782694101334 4.1219137445802074e-05 0.9999999988209068 2.567428976621154e-05 -0.016523880884051323 0.0010518657983686068 -2.5717632585663022e-05 0.9999994464583196 0.887704074382782
0.9999999485186198 -5.8720878846651934e-05 -0.00031545937304264807 -0.0021272185258567333 5.873293621781456e-05 0.9999999975451235 3.8212501173287115e-05 -0.015061097219586372 0.0003154571283965825 -3.823102706129105e-05 0.9999999495125931 0.8241483569145203
0.9999998380225319 -4.744050271477862e-05 -0.0005671898347685464 -0.0022684778086841106 4.749739072224117e-05 0.9999999938434629 0.00010028495318128945 -0.015818854793906212 0.0005671850737080275 -0.00010031187697458232 0.9999998341192959 0.8728415966033936
0.9999975057837059 -3.838234720792679e-05 -0.0022331487103679493 -0.0036534019745886326 3.8936153906014155e-05 0.9999999685022121 0.00024795070264965345 -0.016991306096315384 0.002233139123098745 -0.00024803703442885267 0.9999974757804574 0.9336487054824829
0.9999981985810578 -2.866341200454973e-06 -0.0018981112779587704 -0.0032859770581126213 3.163491734581883e-06 0.9999999877414119 0.00015654765552513918 -0.018774425610899925 0.001898110805971611 -0.0001565533781765663 0.9999981863315593 1.0122694969177246
0.9999645445903144 0.00027979222679687117 -0.008416132044762012 -0.010954287834465504 -0.00027869533555523586 0.9999999525177373 0.00013150449730119237 -0.032991569489240646 0.008416168439081153 -0.00012915429801107294 0.9999645750865238 1.916803240776062
0.9999697130326473 0.0004295418524538739 -0.007771004516927671 -0.00711903627961874 -0.00042805497217545454 0.9999998897601247 0.00019299916883069228 -0.04280722141265869 0.0077710865614736046 -0.00018966690634889796 0.9999697866636365 2.6154754161834717
0.9999708249268923 0.0002523288473824346 -0.007634502287870773 -0.0062931003049016 -0.0002472154389190837 0.999999744514566 0.0006707125536716242 -0.02597086876630783 0.007634669577492234 -0.0006688056187498119 0.9999706318284987 1.5926696062088013
0.9999992441098106 -2.4444436691686293e-05 -0.0012293015402498478 -0.0028097699396312237 2.4587516567466364e-05 0.9999999929260149 0.00011637621735023546 -0.017348170280456543 0.0012292986868027095 -0.00011640635485458179 0.9999992376368589 0.9399561882019043
0.9999979215129917 -2.4073310796556607e-05 -0.0020387226814223554 -0.003515916410833597 2.438295757444217e-05 0.9999999881723068 0.00015185801667775675 -0.01771126314997673 0.0020387190015837366 -0.00015190741113148919 0.9999979102723019 0.9609701633453369
0.9999969598569426 -1.344819852155107e-05 -0.0024657850713580742 -0.003822877537459135 1.3938798103962067e-05 0.9999999801131478 0.00019894575549638858 -0.018007133156061172 0.0024657823468593565 -0.00019897952075310864 0.9999969401576027 0.9815686941146851
0.9999970206813001 0.00021614807169636279 -0.002431441657721968 -0.002448674291372299 -0.00021520005163113762 0.9999999007338997 0.00039015526265014983 -0.02293626219034195 0.00243152574766992 -0.00038963085388300003 0.9999969679305716 1.367127776145935
0.9999999430236286 -4.238057629249653e-05 -0.00033489793393149964 -0.002016130369156599 4.2413011947418487e-05 0.9999999944110087 9.68458505143747e-05 -0.016404075548052788 0.0003348938276768017 -9.686004902652256e-05 0.9999999392321257 0.8987650871276855
0.9999990950705153 -1.8568506850816528e-06 -0.0013453084042806885 -0.002830343320965767 2.0446773357491157e-06 0.9999999902517785 0.000139614691978434 -0.018572550266981125 0.0013453081319226878 -0.00013961731635858655 0.9999990853260994 1.0052056312561035
0.9999992062463812 -2.662674217204854e-05 -0.0012596815566495567 -0.002815494779497385 2.6621790772339572e-05 0.9999999996378489 -3.9474430522410135e-06 -0.01863565854728222 0.0012596816613009102 3.9139049401029065e-06 0.999999206593082 0.9863737225532532
0.9999590373838574 0.00039007550116089515 -0.009042753753862636 -0.010839471593499184 -0.0003865574835026352 0.9999998489292959 0.0003907872791055049 -0.0318264439702034 0.009042904824311204 -0.00038727572730117027 0.9999590371059455 1.9132179021835327
0.9999299944778675 0.0007014144397992655 -0.011811611290398474 -0.01173466444015503 -0.0006978728950863326 0.9999997102923955 0.00030395484375251485 -0.050174690783023834 0.01181182106680132 -0.0002956905618681085 0.99993019428867 2.966482639312744
0.9988242785866646 0.0017634585027626356 -0.0484453374427109 -0.04691554233431816 -0.0016242560857446086 0.9999944392375749 0.0029126081260525388 -0.06143864244222641 0.048450204313263884 -0.00283049607614281 0.9988215886703521 4.171149253845215
0.9993044760262235 0.0020416891358946703 -0.03723433495347579 -0.0282454751431942 -0.0019318118112791921 0.999993673823716 0.002986706492719982 -0.07986558228731155 0.03724019732870734 -0.0029126994387034103 0.9993020984091343 5.042487144470215
0.9992537408541446 0.00221545447603683 -0.038562328125548585 -0.029812661930918694 -0.002104328731656742 0.9999935166377967 0.0029220682678000815 -0.08913333714008331 0.038568551821231124 -0.0028387398325962557 0.9992519243747172 5.530942916870117
0.9997678906864649 0.0011063875823301753 -0.021516055838714906 -0.016642577946186066 -0.0010885282780293535 0.9999990532899397 0.0008417395158157279 -0.06322900950908661 0.021516966759396235 -0.0008181233050224367 0.9997681485303145 3.420077323913574
0.9999513896448448 0.0004921046976781399 -0.009847648466021923 -0.008825251832604408 -0.0004899733638398697 0.9999998560170932 0.0002188421703185491 -0.04332555830478668 0.009847754741388937 -0.00021400644687811766 0.9999514867871311 2.4905948638916016
0.999217401438399 0.0018907278773120356 -0.039509616687427355 -0.0318782776594162 -0.0018168569736127854 0.9999965340131045 0.0019055163382373699 -0.0891772210597992 0.03951308256047505 -0.0018322417612886377 0.9992173733461089 5.168889045715332
0.9997330732271101 0.0016351592147703206 -0.02304579246239982 -0.016130685806274414 -0.0015827893394439489 0.9999961242221942 0.0022904843367501067 -0.06873220950365067 0.023049448448598398 -0.002253396310529219 0.9997317865964267 4.230823516845703
0.9992956743798572 0.0015951883633493465 -0.03749147289440433 -0.029536521062254906 -0.0015261791417216367 0.9999970884079672 0.0018692118167190422 -0.07741714268922806 0.03749434547946922 -0.0018106765790231912 0.9992951993817405 4.446910858154297
0.9999433517022565 0.000613128548587829 -0.010626262740978287 -0.009720763191580772 -0.0006065300011699033 0.9999996212618324 0.000624177498384412 -0.04190562665462494 0.010626641417450653 -0.0006176969926389215 0.999943344866403 2.4833407402038574
0.9997354834684348 0.0013682401964949203 -0.022958462773002716 -0.017803829163312912 -0.001336735435502355 0.9999981439323506 0.0013875410728578618 -0.07103795558214188 0.022960318650012863 -0.0013564846545725312 0.9997354568669011 4.252307415008545
0.9999860150453027 0.00036690741978610196 -0.005275897341786183 -0.004913352429866791 -0.0003634273415784582 0.9999997157892727 0.0006605618376848415 -0.032932791858911514 0.005276138207359036 -0.0006586351944121004 0.9999858641827382 1.8688361644744873
0.9999471140370871 0.0004850189138937183 -0.010272968682603295 -0.008253085426986217 -0.00048293506420525487 0.9999998623071529 0.0002053275402557418 -0.04387257620692253 0.010273066855829559 -0.00020035550452075126 0.9999472105841625 2.2875759601593018
0.9997683605019003 0.0007192747229968502 -0.021510648135629723 -0.02293962985277176 -0.000702003902669403 0.9999994251912718 0.0008104367011080942 -0.0412166565656662 0.021511218697755123 -0.0007951484130172477 0.9997682907599833 2.561857223510742
0.9999766952975027 0.0005884981572804623 -0.006801656548556036 -0.00575009360909462 -0.0005842745615755565 0.9999996352868584 0.0006229361018865146 -0.040242791175842285 0.006802020664650572 -0.0006189475496480902 0.9999766744373634 2.3764796257019043
0.9999635316071668 0.00022886385753841977 -0.008537158605629449 -0.008082801476120949 -0.00022422323098538047 0.9999998266039043 0.0005445329230201299 -0.02674928680062294 0.008537281749224798 -0.0005425988354935936 0.9999634095339881 1.587639570236206
0.9999937587057489 7.450709464228476e-05 -0.0035322794681431763 -0.0044989213347435 -7.309926377910777e-05 0.9999999178517852 0.00039868900217774597 -0.022085297852754593 0.003532308883131942 -0.00039842830681378547 0.9999936820044607 1.2099146842956543
0.9999588324763873 0.00020901841832735957 -0.009071365043967598 -0.008349650539457798 -0.00020748013778957008 0.999999963938113 0.00017051617217092794 -0.03395490348339081 0.009071400357857664 -0.0001686270243731219 0.9999588397831553 1.7461289167404175
0.9999929792032907 0.00018990009403739154 -0.003742389889004483 -0.004617579281330109 -0.0001892106285555082 0.9999999650639451 0.00018458452415960004 -0.025210488587617874 0.00374242481087864 -0.00018387512828598192 0.9999929801985972 1.383643627166748
0.9999978818121468 3.569341453275566e-05 -0.0020579351787145643 -0.0032904427498579025 -3.540151855501901e-05 0.9999999893090373 0.00014187550036859982 -0.02152138203382492 0.0020579402207343027 -0.00014180234581922396 0.9999978723848079 1.1455516815185547
0.9999887908760816 0.00026049903453977184 -0.004727606418201725 -0.004697566851973534 -0.00025812035493299394 0.9999998398049562 0.0005037498828157058 -0.03136398270726204 0.00472773688722073 -0.0005025239447741958 0.9999886979229367 1.713775873184204
0.9999925761997621 0.00012293232728625343 -0.0038512897847682967 -0.0035400385968387127 -0.00012314840775033294 0.9999999908565675 -5.586890910551231e-05 -0.0329824797809124 0.003851282881459268 5.6342774550670926e-05 0.9999925821953177 1.688263177871704
0.9999985550952696 9.403407820932887e-06 -0.0016999173358453932 -0.003054183442145586 -9.319389417677892e-06 0.9999999987347681 4.9432907833467855e-05 -0.020647704601287842 0.001699917798532396 -4.941699421599489e-05 0.9999985539176737 1.0931648015975952
0.9999972487939899 -6.2712804410832795e-06 -0.002345712071500049 -0.0036655543372035027 6.6453309693896484e-06 0.9999999872651884 0.00015945363885016504 -0.01899058371782303 0.002345711041649361 -0.00015946878819342948 0.9999972361008879 1.019542932510376
0.9999950521545052 9.212039028820085e-06 -0.0031457243437781847 -0.004278254229575396 -8.49808884971675e-06 0.9999999742057003 0.00022697220439166793 -0.019927533343434334 0.003145726353513233 -0.00022694434872329883 0.9999950264386177 1.0633854866027832
0.9999955855798103 4.467382615578238e-06 -0.0029713298258988853 -0.004151439759880304 -3.9942823019280695e-06 0.9999999873152989 0.00015922765803357602 -0.020056165754795074 0.0029713304995393273 -0.0001592150868056509 0.9999955729130096 1.0630251169204712
0.9999962753432682 -9.489541157316195e-06 -0.002729324007651601 -0.003976614214479923 9.865909253480826e-06 0.9999999904452659 0.00013788448665468805 -0.01946133002638817 0.002729322673113125 -0.0001379109003452895 0.9999962658821928 1.0329948663711548
0.999997310952957 -3.191257778409081e-05 -0.0023188506726899106 -0.003680888097733259 3.219636727764692e-05 0.9999999919973687 0.00012234646013897403 -0.01789885014295578 0.0023188467497420777 -0.0001224207897115071 0.9999973039778164 0.9570868611335754
0.9999989427445606 -5.11183509984112e-06 -0.0014541264147843673 -0.002887358423322439 5.323473280576073e-06 0.9999999893949797 0.00014553934549519016 -0.018643785268068314 0.0014541256553901925 -0.00014554693262604115 0.9999989321667642 1.0049219131469727
0.9999999038217523 -7.046918238977938e-06 -0.0004385280233755984 -0.0020627519115805626 7.059949424682634e-06 0.9999999995336118 2.9714201335249217e-05 -0.01865999586880207 0.0004385278137775268 -2.9717294463055736e-05 0.9999999034051149 1.0005372762680054
0.9999997435148255 1.0985862541578857e-05 -0.0007161351787115651 -0.0022646598517894745 -1.090363324138439e-05 0.9999999933478763 0.00011482751606110218 -0.019286036491394043 0.0007161364354270526 -0.00011481967813420675 0.9999997369824891 1.0435651540756226
0.9999724031927026 0.0005827504346199073 -0.007406298329234977 -0.006339500192552805 -0.0005758934804832398 0.9999994036495088 0.0009279263579535148 -0.03969626501202583 0.007406834661973724 -0.0009236355112263082 0.999972142460845 2.338831901550293
0.9996883191060425 0.0012050108525570736 -0.02493617035113758 -0.023851744830608368 -0.0011730063608034237 0.9999984695674983 0.0012980441976950376 -0.06112078204751015 0.024937696345357325 -0.0012683893356831412 0.999688202635942 3.751363754272461
0.9994714108056924 0.0010942189283774434 -0.032491563012815465 -0.02650744467973709 -0.0010441504690848343 0.9999982413540718 0.0015578955553529532 -0.062000297009944916 0.03249321055046558 -0.0015231459878354032 0.9994707956185728 3.637300968170166
0.9985675632443699 0.0017066508426912407 -0.053478116824574 -0.052539460361003876 -0.0015471461320736624 0.9999942312476476 0.003023873388958216 -0.05897005647420883 0.053482969018629214 -0.0029368034199757772 0.9985644431936403 3.9670662879943848
0.9990751131914595 0.0017176611797608931 -0.04296472787699523 -0.036965709179639816 -0.0016408325320172283 0.99999699147081 0.0018233809067297827 -0.091502845287323 0.042967730566956665 -0.0017511965625523623 0.999074925839161 5.418601989746094
0.9974330664328921 0.0016008533566919476 -0.0715871165420719 -0.06376925110816956 -0.0013239594511162262 0.9999914590861054 0.003915212154366961 -0.0672050341963768 0.07159277280319304 -0.003810383625341533 0.9974266669078876 4.428192138671875
0.9998669674338254 0.0008965029077372311 -0.01628630459072276 -0.012257288210093975 -0.0008877525734201489 0.9999994577055632 0.0005445033956054338 -0.05722406506538391 0.016286783907627816 -0.0005299727501095071 0.9998672210842949 3.042658805847168
0.9999938967618852 -2.10517656818729e-06 -0.003493770820815706 -0.004565262235701084 2.7898232226458297e-06 0.9999999807964894 0.0001959572344731103 -0.020085621625185013 0.0034937703411984625 -0.0001959657855024185 0.9999938775643649 1.059132695198059
0.9999959836766568 -8.970197892730515e-06 -0.002834175381172615 -0.004059851635247469 9.400210119845839e-06 0.999999988447758 0.00015171064547176626 -0.01930246129631996 0.0028341739875570233 -0.00015173667799685893 0.9999959722087828 1.0224463939666748
0.9999901838359825 3.962507905662679e-05 -0.004430650237963606 -0.005225371103733778 -3.9064369568281404e-05 0.999999991218284 0.00012663888424783762 -0.023798301815986633 0.004430655217130693 -0.0001264645605814552 0.9999901766022813 1.2311053276062012
0.9999979093449606 -1.7728374888271126e-05 -0.0020447472736053584 -0.0034315576776862144 1.787678533106859e-05 0.9999999972075115 7.256305951727219e-05 -0.018873706459999084 0.002044745981470303 -7.259946132101267e-05 0.9999979068694042 0.9992811679840088
0.9999982950488011 -1.9438088287903954e-05 -0.0018464890065352534 -0.0032731671817600727 1.967673859677329e-05 0.9999999914565556 0.00012922737487955035 -0.018102005124092102 0.0018464864788267552 -0.00012926348743468605 0.9999982868878496 0.974238395690918
0.9999965666231474 2.5390968225109045e-06 -0.0026204456625104635 -0.003859712742269039 -1.8972272257232988e-06 0.9999999699981478 0.000244949186960474 -0.019088909029960632 0.0026204462058419422 -0.00024494337437675097 0.9999965366262153 1.0325720310211182
0.9999950124469792 -3.3917897002078053e-06 -0.0031583333677159438 -0.004275860730558634 3.9705315818126684e-06 0.9999999832042992 0.00018323655800593522 -0.020075634121894836 0.0031583326931696517 -0.00018324818436626922 0.9999949956648294 1.0600517988204956
0.9999927440768269 -1.1037825902778365e-05 -0.0038094188354688583 -0.004769574850797653 1.183970487499211e-05 0.9999999777797227 0.00021047654356695295 -0.02020411193370819 0.0038094164276190707 -0.0002105201187600803 0.9999927219873955 1.0594279766082764
0.9999942960315729 -1.3435474156045725e-05 -0.0033775322066087153 -0.004433461464941502 1.401807246251548e-05 0.9999999850290223 0.00017246868818287153 -0.019821759313344955 0.0033775298388451537 -0.00017251505091813623 0.9999942812490202 1.0371931791305542
0.9999962556319222 -2.7761126551736376e-05 -0.0027364121501787506 -0.004078681115061045 2.801589748239625e-05 0.9999999952769411 9.306571743166245e-05 -0.019205642864108086 0.0027364095536453552 -9.314203200162994e-05 0.9999962516866335 1.0085065364837646
0.9999958688009773 -3.9939515303053725e-05 -0.002874158279186205 -0.00415826216340065 4.0372250857961966e-05 0.9999999878594742 0.00015050293406741505 -0.018618144094944 0.0028741522332781737 -0.00015061834854889373 0.9999958582729497 0.9890998601913452
0.9999889135002804 0.0003011164100083167 -0.00469917071795395 -0.007494346238672733 -0.00030253454870901196 0.9999999089127486 -0.00030107696959518176 -0.028911180794239044 0.004699079630703183 0.0003024952931979056 0.999988913512156 1.7114965915679932
0.9999420023071661 0.0001604642205800704 -0.010768763771631704 -0.011985629796981812 -0.00015855593016656292 0.9999999715773982 0.00017805959639330656 -0.03016718104481697 0.010768792037749771 -0.00017634181799097375 0.9999419993287665 1.766442894935608
0.9993858069659973 0.0004372909443842904 -0.0350402284745976 -0.03127962723374367 -0.00037758194437048924 0.9999984656179588 0.0017106120551091861 -0.04083220660686493 0.03504092274466137 -0.0016963308515024326 0.9993844386395281 2.6243724822998047
0.9997945467617594 0.00037301172461581833 -0.02026635457355933 -0.01758435368537903 -0.00034998302966549727 0.9999992891418229 0.001139836710880336 -0.03340324014425278 0.020266765339512768 -0.0011325096475630907 0.999793966597404 2.0876471996307373
0.9999857659122758 8.379092555731457e-05 -0.005334880684690538 -0.006105522625148296 -8.280719984452582e-05 0.9999999795300071 0.0001846156907242991 -0.023710377514362335 0.005334896044605166 -0.0001841712963573582 0.9999857523810661 1.2596992254257202
0.9999858725197502 0.00010032556259182263 -0.00531457389591362 -0.005614792462438345 -0.00010002815818339744 0.9999999934165057 5.622593638058845e-05 -0.027247685939073563 0.005314579501823852 -5.5693535011444906e-05 0.9999858759717303 1.3931267261505127
0.9999990214342361 -3.581670253757524e-05 -0.0013985162615687123 -0.002986408304423094 3.5880091996839124e-05 0.9999999983302119 4.530115936549459e-05 -0.017916692420840263 0.001398514636695337 -4.5351293927455136e-05 0.9999990210495563 0.9456397294998169
0.999997243226064 -4.815831942350719e-05 -0.0023475989965580923 -0.0037211026065051556 4.8437676627381556e-05 0.9999999917535014 0.00011894027459408961 -0.01779499463737011 0.002347593249234884 -0.0001190536589436867 0.9999972373122651 0.9458736181259155
0.9999996437921996 -4.089735065895034e-05 -0.0008430556806906916 -0.0024810745380818844 4.090258446752229e-05 0.9999999991443258 6.190900395616442e-06 -0.017322145402431488 0.0008430554267778861 -6.225381346559705e-06 0.999999644609333 0.9155192971229553
0.9999998669105901 -2.6638468724467674e-05 -0.0005152370276725103 -0.002186352852731943 2.6692581538296703e-05 0.9999999941293111 0.00010501849597203385 -0.01730644516646862 0.0005152342271157935 -0.00010503223500155685 0.9999998617509511 0.9294450879096985
0.9999989659906021 -1.4116634533259527e-05 -0.0014379911150766058 -0.002910226583480835 1.426835017735794e-05 0.9999999943336023 0.00010549506800855397 -0.018685154616832733 0.0014379896176930562 -0.00010551547668644407 0.9999989605256315 0.9862062931060791
0.9999985432773526 -8.101426426911783e-06 -0.0017068618983586954 -0.0031192670576274395 8.277055164247331e-06 0.9999999946727078 0.00010288865390303373 -0.019345279783010483 0.0017068610557208835 -0.00010290263181289187 0.9999985380171239 1.0190751552581787
0.9999987051429449 -8.624775296263992e-06 -0.0016092352366502748 -0.003034878522157669 8.761095888840414e-06 0.9999999963742052 8.470438403088987e-05 -0.019360866397619247 0.0016092345002592394 -8.471837301503661e-05 0.9999987015927173 1.0187184810638428
0.9999988963040176 2.9394662807363842e-06 -0.0014857261208150573 -0.0029061282984912395 -2.799294792733883e-06 0.9999999955453553 9.434751298694314e-05 -0.01990661397576332 0.0014857263915280085 -9.434324987057868e-05 0.9999988918576064 1.0505250692367554
0.9999982881857484 -4.200541734797435e-06 -0.0018502994157714749 -0.0032111797481775284 4.427524789790054e-06 0.9999999924662818 0.00012266960990399883 -0.019663188606500626 0.0018502988865530246 -0.00012267759216294424 0.9999982806706412 1.03804612159729
0.9999966494998355 2.1694799080546404e-05 -0.002588535964390764 -0.0037629525177180767 -2.1232393223037058e-05 0.9999999838142868 0.00017866340350785275 -0.02095954120159149 0.0025885397985601056 -0.000178607844082622 0.999996633774809 1.107900619506836
0.9999963980419546 6.987284094708623e-05 -0.002683099122759664 -0.003412341233342886 -6.984379104157796e-05 0.9999999975012915 1.092069430939826e-05 -0.025110602378845215 0.0026830998791153183 -1.0733257159041666e-05 0.9999964004234393 1.302605152130127
0.999999587838754 -3.505192287673392e-05 -0.0009072451075887154 -0.0025956486351788044 3.5061443232365844e-05 0.9999999993304557 1.047779486831886e-05 -0.017535826191306114 0.0009072447397144169 -1.0509599872615433e-05 0.9999995883981808 0.9333363771438599
0.9999999800296109 -6.759005506886122e-05 -0.0001880754165533103 -0.0020638401620090008 6.759512319836109e-05 0.9999999973525382 2.6941099660492344e-05 -0.014943612739443779 0.00018807359510497813 -2.6953812103420604e-05 0.9999999819509072 0.8149068355560303
0.999999851042059 -6.701086562334718e-05 -0.0005416875516521136 -0.002252640202641487 6.707575553767065e-05 0.9999999905774121 0.00011977486666425536 -0.015210413374006748 0.00054167952033052 -0.00011981118292463026 0.999999846114277 0.836990237236023
0.9999996118967653 -3.8486696084897246e-05 -0.0008801846923088051 -0.002515974920243025 3.8563558545166495e-05 0.9999999954450324 8.730857239917576e-05 -0.016614168882369995 0.000880181328081101 -8.734248156834882e-05 0.9999996088259837 0.9028493762016296
0.9999998728546682 -3.56955612142147e-05 -0.000503007429604235 -0.0022288779728114605 3.572696472725917e-05 0.9999999974134975 6.242266218423707e-05 -0.01683533750474453 0.0005030052000912458 -6.244062517618199e-05 0.9999998715434602 0.9103071689605713
0.9999994828756119 -2.9528643340524106e-05 -0.0010165513111465821 -0.0026211715303361416 2.96123539781931e-05 0.9999999961722157 8.233272291335522e-05 -0.017293352633714676 0.0010165488760818329 -8.236278281435893e-05 0.9999994799222421 0.9307502508163452
0.9999979285905841 -2.161316374968899e-05 -0.00203527575827861 -0.0034336834214627743 2.188120088084635e-05 0.9999999910916437 0.00013167355709884322 -0.01828986220061779 0.0020352728942654975 -0.00013171781862671202 0.9999979201551683 0.9782072901725769
0.9999993756041001 -1.7613026614570986e-05 -0.0011173545502978822 -0.0026809656992554665 1.771533618410633e-05 0.9999999956519908 9.155427407208648e-05 -0.017847338691353798 0.0011173529328917487 -9.157401121746851e-05 0.9999993715681145 0.9574944972991943
0.9999957605247486 0.0001964578284516413 -0.002905225783132921 -0.005940490867942572 -0.00019705286863879357 0.9999999596683377 -0.0002045323682975403 -0.024520298466086388 0.0029051854839754125 0.00020510398426223654 0.999995758905836 1.445037841796875
0.99994794978372 0.0002305283121915771 -0.010200224508917765 -0.008822827599942684 -0.00022324151878416921 0.9999997191052898 0.0007155086063232328 -0.02564830705523491 0.010200386588720032 -0.0007131942503342131 0.999947720367121 1.5964125394821167
