0.9995133812020679 0.030642343809012408 0.005835029040219191 0.003825156483799219 -0.030742150874539714 0.9993677476595746 0.01786127367899839 -0.013569284230470657 -0.00528402854051333 -0.018031963390582918 0.9998234480840424 0.6488709449768066
0.9995384269599509 0.02985946628726104 0.005598687655800533 0.00387003505602479 -0.0299458740405265 0.9994227615393163 0.01604332711989691 -0.01373007521033287 -0.005116410692684188 -0.016203579547958532 0.9998556227533338 0.658556342124939
0.9995312495588237 0.030015196833505845 0.006030681091101968 0.004156688693910837 -0.030084682674211747 0.9994779103779261 0.011782127777546048 -0.013741085305809975 -0.005673889650729705 -0.011958036026887497 0.9999124023386304 0.664604902267456
0.9997819811822498 0.018477645364929362 0.009724542408951658 0.0036083559971302748 -0.018608398827690265 0.9997352775672564 0.013531529129793657 -0.015184452757239342 -0.009471937307922304 -0.013709537165372985 0.9998611558583252 0.6852811574935913
0.9995116371884457 0.031063012122885116 0.003402411310539458 0.0035086744464933872 -0.03110409939085095 0.99943451884502 0.01277409652802154 -0.013899331912398338 -0.0030036853957530196 -0.012873687073897628 0.999912619209882 0.6838548183441162
0.9995358930138835 0.029633891481971396 0.007059111316105906 0.0036809900775551796 -0.029728125274181796 0.9994649389232848 0.013640910188001823 -0.014521269127726555 -0.0066511010081778945 -0.013844433491816176 0.9998820403010895 0.6740310192108154
0.9993028073598396 0.037308814003722636 -0.001396996914334832 0.0036801593378186226 -0.03728191884705077 0.9991781392634819 0.015909259726576485 -0.014137661084532738 0.001989404389497661 -0.015846085182194904 0.9998724637945449 0.6549787521362305
0.9989628267741686 0.04326535618218867 -0.01419083076465388 0.004170023836195469 -0.04306790474422169 0.9989749392198755 0.013936512892005381 -0.013434914872050285 0.014779252494809925 -0.013310888966358854 0.9998021773984193 0.6478338241577148
0.9991763556529537 0.03891655492953668 -0.011494000891704801 0.003926911391317844 -0.038728656732640636 0.9991193893205297 0.0161411595450048 -0.013958197087049484 0.012112037473829319 -0.015682717755171285 0.9998036561805744 0.6480502486228943
0.9991249001298554 0.039072905494676666 -0.014924543433892119 0.004201883915811777 -0.03884892894607955 0.9991323012215292 0.015013506436331177 -0.014105657115578651 0.015498214743915786 -0.014420565591382379 0.9997759012037527 0.6592219471931458
0.9996934772837252 0.023856999349279002 0.006617783497736152 0.004534273408353329 -0.023933841217408835 0.9996440675847974 0.011785982653185995 -0.015468031167984009 -0.006334249833584843 -0.011940758961215176 0.9999086436042426 0.7121790051460266
0.9990628824185345 0.038581249904147935 0.01961744451764823 0.003884518053382635 -0.03881643000978649 0.9991772472701889 0.011752161454944707 -0.013910355046391487 -0.019147891133612305 -0.012502627459915223 0.9997384870913661 0.683090090751648
0.9998034840351075 0.018923512672421212 -0.00590711261087334 0.0034974231384694576 -0.01882950284913517 0.9997012490679926 0.015584044223178814 -0.015457717701792717 0.006200252713820266 -0.015469753715954764 0.9998611121482087 0.6931309700012207
0.9995572298792573 0.02960867368574425 -0.002944594823787791 0.0037414063699543476 -0.029557767627444286 0.9994343005826142 0.016044226121026756 -0.015087518841028214 0.0034179773239693127 -0.015950086567531437 0.999866947233231 0.687639594078064
0.9995710871489795 0.02867936768451502 -0.005927529419884411 0.004018867388367653 -0.028582457390154976 0.999466023694932 0.01583384378417603 -0.015437599271535873 0.006378468887372157 -0.015657629088023213 0.9998570666780301 0.681635856628418
0.999067247121348 0.04089229947042052 -0.013872835809346538 0.003562556579709053 -0.04073287350553887 0.9991028928838543 0.011586304289779446 -0.01317800022661686 0.014334181014393932 -0.011010416664914993 0.9998366376461265 0.6752224564552307
0.9990670124843731 0.04167863352482708 -0.01131353494946297 0.0036548697389662266 -0.041480986080748725 0.9989916470539203 0.017176056307094113 -0.013562487438321114 0.012018001469391273 -0.016690734675229153 0.9997884711361114 0.6469870805740356
0.9989491639165932 0.04211850788223154 -0.01807205589061739 0.004558519460260868 -0.04182418367444292 0.9989909305795834 0.01636637649891161 -0.013953419402241707 0.01874314728922709 -0.015593329134987954 0.9997027270724943 0.656836211681366
0.999306365495539 0.0365662385386188 -0.007049686463478478 0.0042693763971328735 -0.03644516598297942 0.9991977884134431 0.016599081485358304 -0.015034515410661697 0.007650997096431464 -0.01633064079640826 0.9998373729835314 0.6766480803489685
0.9992142343813626 0.03947515511275433 0.003553299662454452 0.004880288615822792 -0.03950488100606206 0.9991812822996757 0.00872522083804258 -0.014709031209349632 -0.003205961067151477 -0.008858737539837172 0.9999556213066838 0.7198878526687622
0.9983298433953 0.05072953264257816 0.027641242811817915 0.004593312740325928 -0.05107685702260175 0.998622541377309 0.012007269873613485 -0.014777932316064835 -0.026994044954563153 -0.013399043659555892 0.9995457904298335 0.6911545991897583
0.9996370756884325 0.025725324716506938 -0.00799528469221265 0.0044129109010100365 -0.025596112916373356 0.9995464887145182 0.015863666097403514 -0.015908198431134224 0.008399756701924038 -0.01565326057752575 0.9998421973094758 0.6868299841880798
0.9996214491233634 0.026927600114345883 -0.00564471474822312 0.003893515793606639 -0.02682809871594182 0.9994951868405206 0.017018360729529673 -0.01566362753510475 0.006100128834263173 -0.016860481449667928 0.9998392433753992 0.7114949226379395
0.9994053724606553 0.034184548358910265 -0.004507565892641533 0.0042515890672802925 -0.03409935562313717 0.9992601483526642 0.01778735113215699 -0.015665119513869286 0.005112283527544525 -0.017623069190953907 0.9998316318207907 0.7048247456550598
0.999072630607029 0.04224156152520901 -0.008338420225844544 0.004195807967334986 -0.04209960896821795 0.9989767897024077 0.01652260756039137 -0.014493141323328018 0.009027829012222963 -0.01615624076892706 0.9998287224257675 0.6826303601264954
0.9987531936261284 0.04899546088459351 -0.009565721839763381 0.004853187594562769 -0.048847143446300194 0.9986910923670433 0.015167682877039639 -0.014193391427397728 0.01029634880654449 -0.014681513526477353 0.9998392062535986 0.6785726547241211
0.9991123808499934 0.04192435376801159 -0.004098657510986987 0.0047347042709589005 -0.04184402802156229 0.9989613535306717 0.018035838519435164 -0.01472252607345581 0.004850541329425744 -0.01784832522403836 0.999828940137016 0.6736675500869751
0.9998768826421701 0.011584249346023092 -0.010584173319884399 0.00417370954528451 -0.011364897561082147 0.9997241321551599 0.02055477292598514 -0.017056969925761223 0.010819365101626722 -0.020431954231102473 0.9997327025685896 0.6991857290267944
0.9998644792566073 0.015837539160455175 0.004493937500067728 0.0036936532706022263 -0.01592529964018232 0.9996688024033795 0.02021559627522851 -0.017539525404572487 -0.0041722838211074595 -0.020284423943845997 0.9997855441008248 0.7282764911651611
0.9994609259692433 0.032034193024626484 -0.007188041316219915 0.004153670277446508 -0.031900786405727355 0.9993295889110991 0.01796420199924159 -0.01573011837899685 0.007758691087991131 -0.01772521379375626 0.9998127922309089 0.7021236419677734
0.9996998262458934 0.024406885440943965 -0.0021357310231171975 0.004263528622686863 -0.024366233104055557 0.9995525983915471 0.01734617344042501 -0.016056625172495842 0.00255814156162143 -0.017288926854467174 0.9998472627956589 0.7080726623535156
0.9995151640771521 0.030984463059601175 0.0030659140125154517 0.004077163524925709 -0.0310310216428559 0.9993817848803174 0.016526455918678164 -0.01591373234987259 -0.0025519552551988567 -0.01661358174324893 0.9998587282341621 0.7066991329193115
0.9999316784477867 0.0036747698961994766 0.01109659870421197 0.004267741460353136 -0.003884304018626688 0.9998134441628674 0.018920598655329704 -0.018270937725901604 -0.0110249997225947 -0.018962408533600622 0.9997594092799137 0.7201727032661438
0.9999876720722507 0.004124102267220563 -0.0027654084707701386 0.0032798652537167072 -0.004079202082832661 0.9998628686888728 0.016050044474249042 -0.017855195328593254 0.0028312212714859805 -0.016038565950466543 0.9998673654982266 0.7445486187934875
0.999814945037724 0.018899556010281614 0.003589214653282547 0.0032627396285533905 -0.01898296119792906 0.9995113946639971 0.024831816707387763 -0.017991334199905396 -0.0031181506331525717 -0.024895355378978034 0.9996851996589643 0.7059116959571838
0.9995658099877711 0.024018647357977048 -0.017067398237119422 0.004447762854397297 -0.023621610507185177 0.9994541562170719 0.023095651916931376 -0.017371129244565964 0.017612808422796288 -0.022682464582014877 0.9995875623375612 0.6942568421363831
0.9990509748172708 0.033855500801856446 -0.02740355418767373 0.004433780908584595 -0.03324785679593558 0.9991975649012792 0.022333972191063475 -0.016590004786849022 0.02813769242738703 -0.02140166724369234 0.9993749240920808 0.6923652291297913
0.9988960595537603 0.03911262627561037 -0.02601662302826249 0.004118387587368488 -0.038650081718674005 0.9990897630396612 0.018050389815540416 -0.015632135793566704 0.026698939887383286 -0.017024918654066367 0.9994985336426021 0.6904579401016235
0.9989892920356072 0.043060001139962605 0.012893048515503835 0.005204848945140839 -0.043217790560774856 0.9989909320372029 0.012220486344086358 -0.014810746535658836 -0.012353824397396792 -0.012765344071642587 0.9998422020566501 0.7452586889266968
0.9977458064951384 0.05105246780278955 0.043554002716288155 0.0056159705854952335 -0.05163241790715052 0.9985904628761886 0.012295563174594897 -0.016218561679124832 -0.0428648928894808 -0.014516645065724674 0.9989754090935415 0.6855353116989136
0.9994973399888322 0.025331896865887504 -0.019062065901284456 0.004369018133729696 -0.02501667337151602 0.9995492453144733 0.016597356557291932 -0.015868620947003365 0.019473916110319314 -0.01611214425342074 0.9996805316694355 0.7003564238548279
0.9998338819826078 0.01458288505785066 -0.010933796366230049 0.003615542547777295 -0.014344386966249444 0.9996641515458119 0.02158292558377327 -0.018047712743282318 0.011244865590622353 -0.021422501664878392 0.9997072718652532 0.7072068452835083
0.9990717534733208 0.042985518312868135 -0.0028065329354721633 0.00519739743322134 -0.042948810776095844 0.9990047183059589 0.012040450795155951 -0.016207491979002953 0.0033213046627681288 -0.011908737036543224 0.9999235725381872 0.7642923593521118
0.996203034851729 0.038923793449299804 0.07787458928123783 0.006427055224776268 -0.03908084972916412 0.9992359300650844 0.0004932052439676417 -0.017828715965151787 -0.0777958902298298 -0.0035347376822657812 0.996963040986408 0.884259819984436
0.9935259298129601 0.0432841498194874 0.10503670388820112 0.006540821865200996 -0.0437622330467381 0.9990394407238011 0.002250074896081724 -0.019432632252573967 -0.10483841732903286 -0.006832148467295072 0.9944658003165643 0.8252513408660889
0.999266691848223 0.02932732428746881 -0.024616795340699493 0.0036975464317947626 -0.02886868007401071 0.9994066952213558 0.018784484488860016 -0.015519354492425919 0.02515308874656668 -0.018060055284119355 0.9995204632870913 0.6866493225097656
0.9991588082153707 0.032058973793902545 -0.02557143259424111 0.0038472122978419065 -0.03159994165251685 0.9993356522296181 0.01815758437571493 -0.014511290937662125 0.026136557791673277 -0.017334254586960078 0.9995080809902023 0.6749643087387085
0.9995185475765577 0.029757035381075648 -0.008785891860119365 0.003836436429992318 -0.029547481231125803 0.9992966906654642 0.023088316914568762 -0.016664860770106316 0.009466752523678231 -0.022817600013601464 0.9996948222964218 0.6647081971168518
0.9980226321341978 0.051545958347726586 -0.035969986460131505 0.004617593251168728 -0.05094587654876638 0.9985497364608923 0.017405214062471468 -0.013711640611290932 0.0368149889393636 -0.01553827506182827 0.9992012903301805 0.6533126831054688
0.9993326139460411 0.0306177388278074 -0.01992186670081757 0.004520081914961338 -0.0302443187482201 0.9993660374027562 0.018783089984584035 -0.01617814041674137 0.020484332725989176 -0.018168031125718985 0.9996250870990514 0.6829833984375
0.999508428740275 0.030548311040123566 -0.007049934023974357 0.0038696937263011932 -0.030459512787532082 0.9994593697669871 0.012376843932235463 -0.015938684344291687 0.007424214294637246 -0.012156022275917769 0.9998985509363111 0.7209911346435547
0.9997025545827419 0.02372676623096871 0.005642953567115508 0.0037428480572998524 -0.02381504954591934 0.9995862605415223 0.01612920183211343 -0.01682484708726406 -0.005257925053199768 -0.016258791493730614 0.9998539923025253 0.7037028074264526
0.9993508072219969 0.03601282883311548 0.001019933419396346 0.004539706744253635 -0.036023059912834866 0.9992662817826331 0.013009121677790031 -0.015818515792489052 -0.0005506898034146093 -0.013037417372622661 0.9999148576198837 0.7124648094177246
0.9990528759037433 0.042232141158694315 0.010478425531166733 0.0046782237477600574 -0.04236273114001698 0.9990232137825946 0.01257049457480574 -0.01552877202630043 -0.009937311448209982 -0.01300248348003958 0.9998660836654741 0.708382248878479
0.9981322428719183 0.037465452126552494 0.04825314120787238 0.006202358286827803 -0.03776220888188054 0.9992729473837855 0.005252828503146768 -0.01681114360690117 -0.048021259040502993 -0.00706516269276598 0.9988213264424672 0.8396368026733398
0.9931172520952674 0.04495750141176019 0.10815242326252893 0.007487831171602011 -0.04471313362178664 0.9989888835383112 -0.00468468233706838 -0.018364915624260902 -0.10825368017977903 -0.00018339490332889685 0.9941232856612121 0.9036449193954468
0.993861322148389 0.0644049586570618 0.08995373053875114 0.0062098512426018715 -0.06436585681761062 0.9979207838495974 -0.0033385082207599654 -0.016287339851260185 -0.08998171377336031 -0.0024719347457794177 0.9959403499833821 0.7950484752655029
0.9987009733873962 0.04744119099087003 0.018592986646456856 0.004740707576274872 -0.04768186452755724 0.9987815542738916 0.012721895983114311 -0.01514715887606144 -0.017966790204240978 -0.013591918172108504 0.9997461948965646 0.6871132850646973
0.9990647166710857 0.035029255005584535 -0.025350408215205966 0.00398833816871047 -0.034392138054528294 0.999092002164976 0.02514661110405344 -0.016172371804714203 0.02620825715231973 -0.024251237158833108 0.9993622990453985 0.6571476459503174
0.9991105446144825 0.02867292350709774 -0.030918976336678717 0.004725177772343159 -0.0279710820509485 0.9993464378235396 0.022897942665247927 -0.01655495911836624 0.03155531982172076 -0.022012738742782475 0.9992595764484775 0.6719492077827454
0.9996073887241883 0.02543040898176242 -0.011762767830312505 0.004561126232147217 -0.025194231771271326 0.9994863010405804 0.01980870307904171 -0.0176249947398901 0.012260468729416508 -0.019504572059865128 0.9997345910666974 0.7172340154647827
0.9995275784857051 0.030470923507020388 -0.004017793814049319 0.004663998726755381 -0.030396566274139704 0.9993860257647821 0.017424702718161256 -0.016942275688052177 0.004546273775822737 -0.017294343777772423 0.9998401057509404 0.7232516407966614
0.999404669604813 0.030287622740674102 0.01652169122133862 0.004209497943520546 -0.03052726508274187 0.9994294702197943 0.01445061046286343 -0.018491828814148903 -0.016074590466405837 -0.014946369622754894 0.9997590777664574 0.7610205411911011
0.9989010522288414 0.0421979854353105 0.020396516401452066 0.005060306750237942 -0.04250083621253371 0.9989890193536841 0.014649850920739043 -0.01666480302810669 -0.019757701722335114 -0.015500620502606262 0.9996846322649385 0.7468521595001221
0.9984509349686655 0.05088204309483295 0.0225110672935109 0.006050674710422754 -0.05109498100812909 0.9986533611608165 0.008987055022779116 -0.015329137444496155 -0.022023473295017304 -0.010123336045943305 0.9997061991862031 0.7547733187675476
0.9975998123571307 0.04353345466683756 0.05384656636952707 0.0059492215514183044 -0.044244198898010206 0.9989477327904505 0.012077997213604504 -0.016946356743574142 -0.053264108449224946 -0.014431405946370065 0.9984761736133317 0.7767304182052612
0.9977619537750598 -0.0021125573227545663 0.06683278163097309 0.005854752846062183 0.0006186604667164486 0.9997496681532317 0.02236556028204328 -0.02255677431821823 -0.06686329978547409 -0.02227415832440961 0.9975134891382356 0.8354678153991699
0.9994203914698023 -0.011145107649935409 0.032166250788965456 0.003318717470392585 0.01034912887278171 0.9996386871965078 0.02480706737236509 -0.021138617768883705 -0.03243110614705927 -0.024459796309737655 0.9991746302416633 0.8230278491973877
0.9999949885784293 0.003105084830543627 0.0006174675881301487 0.0035373393911868334 -0.0031210154522977483 0.9996104836243949 0.02773337863928725 -0.02114950679242611 -0.0005311125810805931 -0.027735166781519154 0.9996151651725916 0.7913259267807007
0.9990460633966105 -0.008060102518481195 0.042918503691612805 0.005559850018471479 0.007016045137550863 0.9996771228705834 0.024421816472575065 -0.022207744419574738 -0.04310148863279849 -0.024097401448784122 0.9987800443145891 0.8883496522903442
0.9972281494096723 -0.032555678437806254 0.06690400456186661 0.002841765061020851 0.031054635788672486 0.9992447943403735 0.02335488342290354 -0.02380390092730522 -0.06761381235363832 -0.02121246768102828 0.9974860418040385 0.924526572227478
0.9969213537079258 -0.0653748213974782 0.043289112354082095 0.0019967295229434967 0.0641261916567203 0.9975017759355965 0.02963171525471307 -0.027224695309996605 -0.04511813454435026 -0.026764523768949184 0.9986230591182336 0.9388515949249268
0.9980005704645946 -0.05560723555148325 0.030044911493717644 0.0019575473852455616 0.05479068886657215 0.9981232127603022 0.027350183958773127 -0.02607988379895687 -0.03150939170898028 -0.02564931779549121 0.9991742944705672 0.9102869033813477
0.9995068592701573 -0.031384316306073294 -0.0010310004395563215 0.002572065219283104 0.03140029426362292 0.999193359047921 0.025033033269869158 -0.02280324138700962 0.00024452415813813397 -0.02505306217876027 0.9996860928728594 0.8451777696609497
0.9995496553900274 -0.029885168595604653 0.0027135046875852217 0.0036601307801902294 0.029805268819322564 0.9992220762360862 0.025824180781836816 -0.021372539922595024 -0.003483153784313825 -0.02573167426455879 0.9996628174435904 0.8549166917800903
0.9992911448835643 0.01290254411659255 0.035365691179653054 0.0041689942590892315 -0.013154940107280508 0.9998895703828354 0.0069133631759590326 -0.01903500221669674 -0.035272585786543485 -0.007373696152420891 0.9993505257400842 0.9292259216308594
0.994843478316314 -0.002821950378890998 0.10138288932337765 0.008217085152864456 0.004467786623057458 0.9998618422956398 -0.016010471693850815 -0.019687330350279808 -0.10132370173946466 0.01638087046612134 0.9947186408973061 1.2197085618972778
0.9968961055910008 0.005870121974076555 0.0785092117238861 0.0015646512620151043 -0.005070321443529456 0.999933242297903 -0.010382812146176168 -0.026555802673101425 -0.07856491900304992 0.009952518053887747 0.9968593185030833 1.091917634010315
0.999505834410271 -0.031047803505912037 -0.004911300976982687 0.0027914540842175484 0.031157635901018412 0.9992229122987455 0.024140697220114846 -0.021531563252210617 0.004157968841610471 -0.02428179224587774 0.9996965068761822 0.8210018873214722
0.9999187726943912 -0.012420106706560512 -0.0028616363745260615 0.0025569135323166847 0.012485300370610446 0.9996335596504634 0.024017986909790116 -0.02069549448788166 0.002562281795196367 -0.02405176438311471 0.9997074308726834 0.7965768575668335
0.999684429717676 0.021731259630148506 -0.01260132274533435 0.003380035050213337 -0.02159593943283028 0.9997086931373507 0.0107770248966997 -0.01698957569897175 0.01283185021961093 -0.010501486585128648 0.9998625217495872 0.7707811594009399
0.9997573173333331 -0.004365369758943036 0.02159282254187217 0.0028929286636412144 0.003924235696187406 0.9997835840291941 0.02043001419333914 -0.019875798374414444 -0.021677334076353715 -0.020340320858014405 0.9995580846227672 0.7632295489311218
0.9999731267953964 0.00589327090811478 0.004360624386723165 0.00358732882887125 -0.005959541783062466 0.9998645144452099 0.01534394391872871 -0.017661096528172493 -0.004269607566796909 -0.01536951890101727 0.9998727660757528 0.7625623941421509
0.9999079879449344 0.002129198821787935 0.013397095069088058 0.0020680828019976616 -0.002337677479955713 0.9998761235617015 0.015565114687167302 -0.018227258697152138 -0.013362294260814441 -0.015595000596417436 0.9997891002848976 0.7627713680267334
0.9999153815833882 -0.007461220176243765 0.010656447176639602 0.002863005269318819 0.0072392571482472 0.9997591530824658 0.020717842160131957 -0.019995199516415596 -0.010808460986118654 -0.02063894428773435 0.9997285687374344 0.7384273409843445
0.9999810724417457 0.005950871823153775 -0.0015626524887084987 0.003453201148658991 -0.005923375250024771 0.9998371330712106 0.017047608559259072 -0.017767522484064102 0.0016638461177243475 -0.017038029712578968 0.9998534578425029 0.7501600384712219
0.9997568643862564 -0.004104636618486576 0.021664811810639447 0.003594661131501198 0.003652607184810342 0.9997756680792309 0.02086317275681206 -0.02063242718577385 -0.02174558744466829 -0.02077896712922209 0.9995475796337705 0.7611200213432312
0.999899418177182 0.01118252646392236 -0.00872379681197171 0.0037545557133853436 -0.011028587940302603 0.9997860593876011 0.01749873430437452 -0.018033381551504135 0.008917610496983126 -0.017400763089467017 0.999808826559822 0.7493299245834351
0.9999755585511652 0.005611113126464553 0.004171056193230544 0.0033287282567471266 -0.00569107517623302 0.9997953595978997 0.019412639950421914 -0.01817932352423668 -0.004061276107768836 -0.019435903271735788 0.999802856417398 0.754970133304596
0.9997848689418585 0.02064595704712552 -0.001990048370972808 0.0031642932444810867 -0.020609141948426432 0.9996427137125505 0.01702081635989231 -0.01641957275569439 0.0023407483974518463 -0.016976141464296768 0.9998531549772315 0.737525999546051
0.9996947978722114 0.024275987684981713 0.004581214812375567 0.004026015289127827 -0.02437448699762924 0.9994421106090362 0.02283313217580243 -0.01780557632446289 -0.004024362165724676 -0.02293782821615589 0.9997287934964589 0.6856077909469604
0.9993850389527097 0.030601788434300076 -0.017119417691992763 0.004957695957273245 -0.030291795167538407 0.9993775104617756 0.01808310616988393 -0.015610888600349426 0.01766213642282478 -0.01755340786986206 0.999689915328316 0.708754301071167
0.9999082509715621 0.012339490445346796 0.005588077893221203 0.003705841489136219 -0.012458472134620965 0.9996850969186319 0.021782871042547784 -0.01805610954761505 -0.005317528661171964 -0.021850491398011828 0.9997471079801147 0.7288112640380859
0.9998338236359038 0.017893316048948362 -0.00348630956466315 0.004113571718335152 -0.017835960509999502 0.9997154262356894 0.015841245502782195 -0.015936365351080894 0.0037687698648170456 -0.015776431382480825 0.9998684416394688 0.7347919940948486
0.9999798884374858 0.003250299402348489 0.0054459410893112955 0.0030927080661058426 -0.0033575394432398 0.9997983290443522 0.01979970123532001 -0.018504666164517403 -0.005380487844075575 -0.01981758799440378 0.9997891345462019 0.7282813787460327
0.9999114069471984 0.012117694570533405 -0.005508151701715388 0.003164333524182439 -0.012014707382499929 0.9997592348723645 0.01836080319421708 -0.017507003620266914 0.005729316136045087 -0.01829299772369569 0.9998162537040962 0.7183669805526733
0.9998619394012501 -0.016581879796162356 0.001069298460026648 0.0035264738835394382 0.016548291181171976 0.9995215860845458 0.026129542858938773 -0.019482435658574104 -0.0015020638315791928 -0.026108240336330503 0.9996579933111056 0.7512202262878418
0.9997711016831939 -0.021394707879479155 -0.0001035080890537479 0.003037561196833849 0.02139225239544009 0.9995560177400822 0.020739791152235877 -0.02036629617214203 -0.00034025963988504294 -0.02073725812011623 0.9997849020409526 0.8031209707260132
0.9998193400929178 0.01754374915504571 -0.0073146457020693495 0.002399576362222433 -0.01743239091411046 0.99973522780879 0.015019521467883636 -0.016573358327150345 0.007576207704360263 -0.01488929627925414 0.9998604452287972 0.7551653385162354
0.9998958477674685 0.014423248016905556 0.0005133556449292657 0.0032550222240388393 -0.014430433250463053 0.99971259971511 0.019143682170896435 -0.0169965960085392 -0.00023709403046301078 -0.019149096258027364 0.9998166111337227 0.7003076076507568
0.999550762727934 0.025376382925153925 -0.015947160237520193 0.0036457860842347145 -0.02510864770903373 0.9995440463352668 0.016770666234395305 -0.015843704342842102 0.016365467919641774 -0.016362720597682033 0.9997321805535787 0.6823791265487671
0.9998971203666638 0.012049289244953592 -0.007782243323435909 0.003970588091760874 -0.011928741371458893 0.9998109451516408 0.015355099617902533 -0.016480254009366035 0.007965790089285685 -0.015260687522988972 0.9998518178233109 0.7154286503791809
0.9999755520196962 0.004652415537776328 0.005220190855452743 0.0030464751180261374 -0.004741829754870909 0.9998399817519709 0.017248940280322415 -0.018229806795716286 -0.005139106291887328 -0.017273271834894674 0.9998375986462192 0.737689733505249
0.9988579195034719 -0.03929022186695533 0.02718703939087998 0.003085669595748186 0.038491680585437144 0.9988293444600478 0.029297289485889874 -0.023026471957564354 -0.02830630973660318 -0.028217354786669452 0.9992009476166138 0.7916468381881714
0.9999893892061072 -0.00047688149946298775 -0.0045819274582064055 0.0028372821398079395 0.0006195452835532231 0.999513425061477 0.031185401801438008 -0.02111039310693741 0.004564826265962686 -0.03118790961111334 0.9995031148802143 0.750421404838562
0.99804954257398 0.03786088293887321 -0.04963531112986397 0.004120532423257828 -0.03732187466227859 0.999234309486397 0.011741908573008907 -0.013348298147320747 0.050041864868953734 -0.009866523619425048 0.998698384634773 0.7313258647918701
0.9999036801178888 -0.012078550542669042 0.006836600287502557 0.002489653415977955 0.011953214913280101 0.9997649771138605 0.01808621546258177 -0.018129916861653328 -0.007053448797562002 -0.018002754047927862 0.9998130573796034 0.770710825920105
0.9998381218155113 -0.01617511822858784 0.007880083421010608 0.002138081006705761 0.016033802980322122 0.9997151635348893 0.01767792296617302 -0.018425894901156425 -0.008163781379917905 -0.017548713591056735 0.999812680118071 0.7705188989639282
0.999736580287319 -0.016041443018923726 0.016414692847794496 0.0022906209342181683 0.015719877067485684 0.9996855826393091 0.01953513061354292 -0.018907874822616577 -0.016722903467997124 -0.01927194772138165 0.9996744152626015 0.7742146849632263
0.9997167239096447 -0.0191662406493005 0.0141112421402337 0.002507546916604042 0.01890468420571133 0.9996512087489589 0.018441088954500126 -0.018684476613998413 -0.01445976661117097 -0.018169096458507755 0.9997303631897112 0.7944740056991577
0.9996539733172796 -0.019324299587739832 0.017846710520962705 0.0019463878124952316 0.019020757776292162 0.9996741401077818 0.017024229009939995 -0.01920795999467373 -0.018169876295434262 -0.016678880214526973 0.9996957890029338 0.7923585176467896
0.9997023101340816 -0.005286261348603473 0.023819037628229164 0.00242442125454545 0.004824486539050446 0.9998001092376052 0.01940272914070418 -0.018542153760790825 -0.02391684431975207 -0.019282038518457303 0.9995279823738592 0.7746737003326416
0.9999278727933357 0.00478781601600163 0.011014809521353473 0.004198960494250059 -0.004970338264540123 0.9998498007613497 0.016603362762574955 -0.016624219715595245 -0.010933661259195345 -0.01665691253763826 0.9998014814532847 0.7562721967697144
0.9996902455766045 -0.013707775915356091 0.020772813445531578 0.0017557712271809578 0.013354065395643714 0.9997650857272119 0.01707168117877534 -0.019308097660541534 -0.021001948395264307 -0.01678899164081228 0.9996384586055538 0.7749596834182739
0.999813104774137 -0.005655964681555036 0.01848690307817095 0.0022567911073565483 0.005303803267425557 0.9998045963997394 0.019043074564124685 -0.01855127140879631 -0.018590997627914715 -0.018941464607452316 0.9996477358178347 0.751513659954071
0.9999518621261783 -0.006035772106233145 0.007735818345222186 0.002666305284947157 0.005909804713279979 0.9998512354307117 0.016204357930209273 -0.017888376489281654 -0.007832473341132542 -0.016157860711154194 0.9998387749525418 0.7559233903884888
0.9997338449425254 -0.013523561730823697 0.018690975216592014 0.0018741819076240063 0.013165984296152709 0.999730438652485 0.019123464362489736 -0.01934872195124626 -0.018944554202939598 -0.01887228946955179 0.9996424063415024 0.7656043767929077
0.9999541121549423 -0.009054841983474088 0.00312784607603852 0.0023951311595737934 0.008987505046297951 0.9997409611832911 0.02091017181545834 -0.01875578798353672 -0.003316374144128404 -0.0208811007603415 0.9997764656629864 0.7454613447189331
0.9997555512524015 -0.01785071669899785 0.013045675656675353 0.0020460812374949455 0.01760747450804294 0.9996732860348713 0.018528303475793727 -0.019175807014107704 -0.013372156948513226 -0.018294072853648834 0.9997432231913201 0.7778253555297852
0.9999960660361132 0.0023474352732042346 0.0015354022063756322 0.0023758327588438988 -0.0023791300649432653 0.9997771210156668 0.020977321891950635 -0.01800457574427128 -0.0014858170921448082 -0.020980892289474844 0.999778772782412 0.7257012128829956
0.9999302165487586 0.01059751122623071 -0.0052206118954548865 0.0038262740708887577 -0.010513338403608035 0.9998183920587498 0.015895050068100512 -0.016342267394065857 0.00538811176241468 -0.015839054797118286 0.9998600365024946 0.728480339050293
0.9999889520413907 -0.000613570710787227 0.0046603997837263685 0.003071440849453211 0.0005182251922379538 0.9997911027763997 0.020432382430857206 -0.01974697783589363 -0.0046719629505618575 -0.020429741558167996 0.9997803750934777 0.7298040390014648
0.9995602368807183 0.026485954752592952 -0.013335180831382286 0.0038353297859430313 -0.02624909595252222 0.9994998837512359 0.017634266158275888 -0.016038229689002037 0.013795572066331583 -0.017276474817196692 0.9997555729323309 0.7126301527023315
0.9997817993073774 0.016113482551079753 -0.013293210815268592 0.0033483016304671764 -0.015884683853681757 0.9997268876885514 0.017141378341057147 -0.01665673218667507 0.013565787576536339 -0.01692647962922974 0.99976470416533 0.7175284624099731
0.9999485198109727 0.009753905105645168 -0.002796258756749637 0.0034531238488852978 -0.009702785187915371 0.9997954359301362 0.017746612433525547 -0.01778661273419857 0.002968785516301235 -0.01771856733651631 0.9998386063180893 0.7284100651741028
0.9996675325716112 -0.020523867325429407 0.015607536390949374 0.003323282115161419 0.020130306415964104 0.9994855429946866 0.024968382170576484 -0.02049926109611988 -0.016111954747516893 -0.024645896506817085 0.9995663983445969 0.7882983684539795
0.9997600112157217 -0.016022482687891644 0.014939880269142343 0.0025977755431085825 0.015650498247059073 0.9995725974538376 0.024691786569770478 -0.021202927455306053 -0.015329118649123213 -0.024452044247966456 0.9995834710785971 0.8016736507415771
0.9996964633234292 -0.024054882630932407 0.005323893334723344 0.0028971517458558083 0.023913260262652353 0.9993955304733467 0.025233502600877016 -0.022139618173241615 -0.005927664146870775 -0.025098531660435467 0.9996674079443882 0.7983545064926147
0.9998681115545051 -0.01130047255432445 -0.01166442525274828 0.0029135586228221655 0.011632245730596704 0.9995181289756285 0.02877847647673625 -0.02123817428946495 0.011333594120622403 -0.02891036438905616 0.9995177539569776 0.7638487219810486
0.9979463571869487 0.04488674338988246 -0.045697357091519696 0.0035111866891384125 -0.04372010461003622 0.9986997579008086 0.026217284789883406 -0.01634853146970272 0.04681474799875048 -0.024165550618953518 0.998611238437209 0.6831837892532349
0.9968848672045615 0.05435031449648417 -0.05715421990261602 0.004655392840504646 -0.053672182612806374 0.9984695669238742 0.013334944335397638 -0.012222855351865292 0.057791507612458874 -0.010225812485267397 0.9982763016354214 0.6673768758773804
0.9999674870228499 -0.004283157135376424 -0.0068322369807142765 0.0028969538398087025 0.004407120310038472 0.9998240484524329 0.0182331957363588 -0.01774761639535427 0.006752939195625273 -0.01826271341124315 0.9998104175847936 0.7369943261146545
0.9999903704401686 -0.0005484244396973244 -0.0043541081255265394 0.0021489737555384636 0.0006276050791057411 0.9998340822478808 0.01820478199273315 -0.01734762452542782 0.004343401754329691 -0.018207339349070283 0.9998247984797279 0.7399682998657227
0.9999920543197398 0.001671890331800965 -0.0036188506607687625 0.002400279976427555 -0.0015987490811130206 0.9997962824571249 0.020120576191762506 -0.018453504890203476 0.003651752834209391 -0.020114630685928846 0.9997910113286709 0.7214486002922058
0.9994223968137266 0.029307399443108298 -0.017203170782979064 0.00365619920194149 -0.028971749041463032 0.9993910542474811 0.019446296500542026 -0.015368601307272911 0.017762615364431415 -0.0189366583110802 0.9996628894119381 0.6887303590774536
0.999598967912196 0.027695187059782057 -0.005905926057488698 0.0045501673594117165 -0.02761418533500054 0.9995290773895427 0.013382085827489166 -0.014888517558574677 0.006273764193614908 -0.013213631844944292 0.9998930141851725 0.7072480916976929
0.9999411995193297 0.004334115663063163 0.009940470072563889 0.0034118746407330036 -0.004506585852970597 0.9998385560253731 0.01739403831911938 -0.018250010907649994 -0.009863477469642896 -0.01743781312310631 0.9997992971020182 0.7332923412322998
0.9998569346111109 0.012826266566941365 -0.011027111862415053 0.003049425082281232 -0.012589696165336148 0.999694672834811 0.021261718090607423 -0.01750943437218666 0.011296453449511171 -0.021119848286711367 0.999713129926685 0.7094162106513977
0.9980796643927681 -0.05582314772297194 0.026846968244445327 0.0038729184307157993 0.05483927438319194 0.9978429416162907 0.03608487012131719 -0.023229097947478294 -0.028803428801863023 -0.03454330680242692 0.9989880491999937 0.8217458724975586
0.9948718015729472 -0.08900504546632163 0.04804373337425655 0.0026906593702733517 0.08778507291340429 0.9957751830422409 0.026936328828928595 -0.02870604768395424 -0.05023822656689751 -0.022580671352506236 0.9984819647207873 0.9949314594268799
0.9953848556254378 -0.08518438098663368 0.04418835171682419 0.0015127849765121937 0.08429417950342415 0.9962059987648012 0.021635603224054577 -0.027698148041963577 -0.04586371652374268 -0.017810930939966406 0.9987889117554725 1.0420353412628174
0.995204403423475 -0.08637224830368188 0.045913289247141865 0.0013165101408958435 0.08546904113012953 0.9961133863123247 0.021287663509391014 -0.027675118297338486 -0.04757350538714609 -0.017261411656059662 0.998718581609864 1.042856216430664
0.9950203617724706 -0.08915914027552793 0.04455476813440588 0.0012054773978888988 0.08821310797389376 0.9958413366522296 0.02277015143311212 -0.028830131515860558 -0.04639964697891678 -0.018726449744397012 0.9987474119316668 1.0330473184585571
0.9960429363179044 -0.07895129538987493 0.040806396158780685 0.001711095217615366 0.0780559298254337 0.9966815434912761 0.023090532322447788 -0.027078555896878242 -0.04249400934594905 -0.019813980420595748 0.9989002279254912 1.0233254432678223
0.996382973497024 -0.07608993828681404 0.03783241225110533 0.0016429638490080833 0.07526981303908842 0.9969059030865797 0.022651172953990963 -0.02662569284439087 -0.03943888145332507 -0.019721604464134467 0.9990273434431466 1.0008931159973145
0.995988114847368 -0.08156702309555815 0.0368034757341562 0.0012318040244281292 0.0807615666956951 0.9964710867749116 0.022867937521420086 -0.02804219350218773 -0.03853886904986616 -0.01980388762226913 0.9990608397927535 0.9881417751312256
0.9974486369804217 -0.06611289699858597 0.02693142098650862 0.002155599184334278 0.06540413221012661 0.9975095729342259 0.026399837014988162 -0.025496607646346092 -0.028609719952115437 -0.024571055228297046 0.9992886205542565 0.9581378698348999
0.9976014916308235 -0.06567765504587925 0.02185656705959218 0.0017327610403299332 0.06514640279090511 0.9975824536245563 0.024190792128721942 -0.025172308087348938 -0.02339252229583439 -0.022708893590053573 0.9994684067305751 0.9389408826828003
0.998353701168066 -0.05581369255702353 0.01321813478422394 0.0018525859341025352 0.055454184024594864 0.9981184714321901 0.026160092890406005 -0.024817079305648804 -0.014653355867862558 -0.025384024681250995 0.9995703729366889 0.9077509641647339
0.9990785549784875 -0.04126609277682205 0.01179620994352752 0.00246539618819952 0.04094461760019224 0.9988150752787169 0.02630558278283966 -0.023540668189525604 -0.012867760942413023 -0.025798352329277113 0.9995843464887909 0.8683943748474121
0.9991301437995467 -0.03864844340338726 0.01566057385897773 0.0037278039380908012 0.038239133941064166 0.9989395359924668 0.02564316802956763 -0.022317953407764435 -0.016635034912337265 -0.025022015379470467 0.9995484852471215 0.9258601665496826
0.9994708646043209 -0.03224575347304712 0.004266402471252033 0.0014389613643288612 0.03216144662930602 0.999310720896073 0.018539807250378307 -0.022803351283073425 -0.004861291783213166 -0.018392783506754752 0.9998190203017104 0.8746597766876221
0.9984910060728049 -0.052366435052232305 0.016536845879377513 0.003416166640818119 0.051876652840399815 0.9982388694420502 0.028774509989470187 -0.023415271192789078 -0.018014540843290638 -0.027873213215878396 0.9994491284218661 0.8715239763259888
0.9989249418362792 -0.04607151722764197 0.005135745099756808 0.001987110823392868 0.04594124991975043 0.998676761564141 0.023111197882652937 -0.02414078637957573 -0.006193717235846122 -0.022850409451543756 0.9997197090458403 0.8796054124832153
0.9992958078181226 -0.037256893036028 0.004451112043928461 0.0037328775506466627 0.03711642199898969 0.998909955757794 0.028306739585384173 -0.022000599652528763 -0.0055008813038049205 -0.028121596847686472 0.9995893737408463 0.8613486289978027
0.9996643796669552 -0.025873182622177845 -0.001306310101456336 0.0024309521540999413 0.02589231648427722 0.999506958870176 0.0177602679363289 -0.021667486056685448 0.000846151381112566 -0.017788130623862662 0.9998414206446684 0.8727294206619263
0.9992927784334114 -0.01957770270989338 0.03210383976157035 0.003368678269907832 0.018736917764715703 0.9994788902262253 0.026284518348867622 -0.021944690495729446 -0.03260170062300175 -0.025664402365079747 0.9991388630054042 0.8191399574279785
0.999811915055529 -0.01934349953882045 0.0014012632114024765 0.003614073386415839 0.019298922189139905 0.9994530871732825 0.026852898207322378 -0.021112164482474327 -0.0019199258666678857 -0.026820804711770802 0.9996384137873453 0.8016048669815063
0.9994246587339218 -0.033914252223565027 -0.00041834280290112844 0.0034097465686500072 0.0339128847541861 0.999044136231163 0.027581336258042415 -0.02172335423529148 -0.0005174574703453279 -0.027579654788382108 0.9996194750401377 0.819668173789978
0.9998071758361268 -0.01776676661209481 -0.00836380001792449 0.002837077248841524 0.01795734043234757 0.9995674522182728 0.023290392664526306 -0.02105831541121006 0.00794638730400524 -0.02343609331826443 0.9996937553364993 0.809877872467041
0.999360494709809 -0.034495478581713104 0.009416133536869169 0.003788167843595147 0.034204558212505135 0.9989799113099642 0.02948194356929637 -0.021694622933864594 -0.01042352199848628 -0.02914101502272013 0.9995209609771035 0.8126640319824219
0.9986633445608896 -0.049711310805137854 0.014153084769500297 0.003347140969708562 0.049325311908533356 0.9984330639133587 0.02642783550933671 -0.023114871233701706 -0.015444670135149371 -0.025694405278535726 0.9995505288387369 0.869844913482666
