0.9927143428947148 -0.09763233388101825 0.07061275233312855 0.0037144843954592943 0.09547924560098855 0.9948756896750051 0.0332577171969003 -0.03006959706544876 -0.07349793922675985 -0.026273360550722585 0.9969492281228725 1.0242329835891724
0.993383196012656 -0.09869707864569943 0.05872574006758537 0.0005285344086587429 0.09755683142410992 0.9949871275652761 0.021983644417807886 -0.029638389125466347 -0.0606010769060153 -0.01610908582773826 0.9980320670357369 1.1027615070343018
0.9932384814041161 -0.10017136226129683 0.05867722932076075 0.0003720121458172798 0.09901205758934162 0.9948352162260223 0.02234960868668521 -0.030204089358448982 -0.060612964867015104 -0.01638873818324929 0.9980267921006883 1.0947009325027466
0.9950216557188746 -0.08864309483921101 0.04554455387634991 0.0003166124224662781 0.08784413980754127 0.9959480592351256 0.019257995930504458 -0.028371058404445648 -0.047067098401561175 -0.01516130083841172 0.9987766633261634 1.047675371170044
0.9961195692415207 -0.07978787128881727 0.03714430466822939 0.0014753276482224464 0.07908889620111877 0.9966684443687671 0.01992381733580122 -0.02694939821958542 -0.03861023532401453 -0.01690880228581673 0.9991112761517024 1.017359733581543
0.9965887473410433 -0.07302352941162293 0.03845039434752155 0.0020604426972568035 0.07227033478100886 0.9971717204176809 0.020629074382609868 -0.0260296817868948 -0.039848053702169414 -0.01777988052581318 0.9990475506524384 1.0241758823394775
0.9953860302096034 -0.08350232572011011 0.04726534103229611 0.0011920435354113579 0.08262453366849933 0.9963753238277323 0.02023364779877011 -0.02800981141626835 -0.048783576125881134 -0.016235013597601006 0.9986774189065537 1.039540410041809
0.9967551552476592 -0.07443187312206098 0.03064403287355916 0.00112600764259696 0.07383931005735975 0.9970688578306919 0.020036193112768802 -0.026269173249602318 -0.032045542240184535 -0.017708444531931294 0.9993295223372477 0.9773355722427368
0.9977475051227679 -0.0642033548471928 0.019438241886998095 0.0019160062074661255 0.06374221788157483 0.9976901358112943 0.023480259035598975 -0.025183888152241707 -0.02090085359093849 -0.022188333222809425 0.9995353081247123 0.9297266006469727
0.9976626511976556 -0.06420974981626346 0.023373969149417556 0.0027194744907319546 0.0635997500795599 0.9976375885982282 0.02596754908978199 -0.025193287059664726 -0.02498612004859075 -0.024420275273746867 0.9993894856163297 0.9310506582260132
0.9984647598714719 -0.05427059618505612 0.011082674971447676 0.0023375735618174076 0.05402964296391175 0.9983186421659838 0.02099253164958208 -0.023671424016356468 -0.012203318237119055 -0.020361510100801842 0.99971820426079 0.9210770130157471
0.9983294956068013 -0.05426400084419755 0.019840272524614684 0.0027623032219707966 0.05385294587098392 0.9983343618605091 0.02069691159538691 -0.024137215688824654 -0.020930323038284147 -0.019593880191307523 0.9995889162233452 0.9451357126235962
0.998016568607669 -0.05971108205731941 0.019937789850383518 0.0022097439505159855 0.05923866762621868 0.9979672084166448 0.023499599634022473 -0.02456480637192726 -0.021300447001046226 -0.022271901684252877 0.9995250138705497 0.9236913919448853
0.9987852643290049 -0.048386309922642874 0.009314546221345707 0.0020590205676853657 0.048199865110239166 0.9986513030768605 0.019296317426995953 -0.02349834516644478 -0.010235661316904858 -0.018823917630466584 0.9997704193275809 0.900558590888977
0.9961905767910552 -0.07742427551099444 0.04012251580226358 0.002765156328678131 0.07653891483933735 0.9967977168933025 0.023153965351892188 -0.02653740905225277 -0.041786711140288695 -0.019994828278772164 0.9989264625657791 0.9668922424316406
0.9990003544648886 -0.04290306189783199 0.0125546429187823 0.0006196941249072552 0.04267224438733581 0.9989249919092523 0.018109116434767165 -0.02290910854935646 -0.01331808311938402 -0.01755527894655232 0.9997571909434482 0.9271658658981323
0.9997250468422093 -0.02191307199902003 -0.008345537245015912 0.002799015026539564 0.022066995557478108 0.9995793127630018 0.018821402798701262 -0.020201286301016808 0.007929591629360544 -0.019000388727878247 0.9997880309369486 0.8340712785720825
0.9996314796907515 -0.027011137319520304 -0.0027024566572984685 0.0031449012458324432 0.027065795749046162 0.9993737390044128 0.022794132771626265 -0.020032212138175964 0.002085068763727963 -0.022858876810675305 0.9997365274106997 0.8251583576202393
0.999653786833952 -0.026285039853378028 0.001184545670646582 0.00281347194686532 0.026253112836903975 0.9994190276725803 0.021734332112280923 -0.020756784826517105 -0.0017551452681492294 -0.02169570938919644 0.9997630797639945 0.8321788311004639
0.9969097442961958 -0.06930865840807789 0.03697663582542215 0.0030174367129802704 0.0683883812104386 0.9973302857896104 0.025599421130759147 -0.025694379583001137 -0.038652180309902924 -0.022991540106887202 0.998988187137768 0.9306870698928833
0.9998236991204179 -0.01563836634864264 0.010392890604122863 0.0011735158041119576 0.015438577400334781 0.9996996419147919 0.019033556769307333 -0.020844224840402603 -0.010687422749077349 -0.01886974969050237 0.9997648281178929 0.8580319881439209
0.9999331809812413 0.005873554138346838 -0.009956652776929498 0.0037666617427021265 -0.0056965541031763515 0.9998268815096818 0.01771316690980578 -0.017942238599061966 0.01005896834103845 -0.01765526472214344 0.9997935330774577 0.7713552713394165
0.9998835564679902 0.002280627630428388 0.015088811833108496 0.003918585367500782 -0.0026351852499027634 0.9997198923216373 0.023520048790616685 -0.018379544839262962 -0.015030944867915765 -0.023557071847443628 0.999609491282647 0.7555484771728516
0.9997744177528352 0.003807071219756331 0.020895449641189782 0.004676725249737501 -0.0040722607504557265 0.9999115234001212 0.012663414390647193 -0.01872151345014572 -0.020845390362382105 -0.012745649468609111 0.9997014644984089 0.8422610759735107
0.9978424792684656 0.009115422673781329 0.06501765634687627 0.0041724396869540215 -0.010130826505788846 0.9998315506265064 0.015304794219640202 -0.018371090292930603 -0.06486719449515134 -0.01593045640508266 0.9977667400936224 0.8059723377227783
0.9996038622517888 -0.012857383709598396 0.025036099046199252 0.003577266586944461 0.012479336669511043 0.999806621379043 0.015198223676210793 -0.02056158520281315 -0.025226666993400898 -0.014879769177218144 0.9995710118554043 0.8072278499603271
0.999095755765081 0.008064251488603794 0.041744923764811113 0.004337424878031015 -0.008614424177258623 0.9998781760476104 0.013016326662999712 -0.019106978550553322 -0.04163487130153764 -0.013364165205212282 0.9990435108542931 0.810579776763916
0.9968937592724837 -0.04173717976660944 0.06678952424374235 0.004063544794917107 0.04026166847580048 0.9989177447761681 0.023288134808080462 -0.023557519540190697 -0.06768922200114619 -0.020526738572513716 0.9974952742887836 0.876213788986206
0.9976140356121252 -0.048438472525131594 0.04919299065031247 0.0022602593526244164 0.04754130526570561 0.9986838117148279 0.019247558608186055 -0.024158870801329613 -0.05006056575112442 -0.01686293563335388 0.9986038159142508 0.935248851776123
0.9988395641485935 -0.036642089804822364 0.03125511711997229 0.002557171508669853 0.036085903950375475 0.9991833607452526 0.018177435075028604 -0.02240302786231041 -0.03189565217286091 -0.01702847217333187 0.9993461354845528 0.9048794507980347
0.9989627804861876 -0.030980270237959448 0.03337043690585815 0.0032485579140484333 0.030389301050231222 0.9993747252022774 0.018073433778637127 -0.02244684286415577 -0.03390949107526197 -0.01704058340713046 0.9992796229945656 0.8970921039581299
0.998174004414565 -0.042181021298450375 0.04323677084625494 0.002615178469568491 0.04134314281038211 0.9989429369639493 0.020093611731085682 -0.022993993014097214 -0.044038635918386894 -0.018269376893012793 0.9988627675583813 0.9056123495101929
0.9992542893088154 -0.03766369747573577 0.008503598672923355 0.0024715615436434746 0.037512534514049546 0.9991466331795372 0.017286270862369387 -0.02151443436741829 -0.00914740686020526 -0.016954388766664944 0.9998144196045996 0.8836425542831421
0.9989092795792478 -0.043330856581013516 0.01739793201571402 0.0026823035441339016 0.04299973860715589 0.9988948680772788 0.01897537901049027 -0.023118190467357635 -0.018200924432128052 -0.018206575648131246 0.9996685685530903 0.8865357637405396
0.9991008152407597 -0.03117988066460575 0.02872935827669053 0.002554109785705805 0.030607307499716 0.9993281833227201 0.020158738664159008 -0.021994417533278465 -0.029338604480570154 -0.019261283930542508 0.999383934846103 0.8702570199966431
0.999282835421431 -0.0311264472270722 0.021562910636672473 0.002911963500082493 0.030632803894757258 0.9992693219450536 0.0228572427256184 -0.022687967866659164 -0.022258619850524828 -0.02218031790783847 0.9995061717367516 0.8407433032989502
0.9996881426546725 -0.024874360754482034 0.002209889749908956 0.0033445600420236588 0.024823890286690863 0.999481514268669 0.020505538428495857 -0.020597897469997406 -0.0027188061139411146 -0.020444285565019617 0.9997872970192463 0.8303241729736328
0.9997814881590803 -0.020895825997554216 -0.0005834297682578756 0.002921872539445758 0.020903489773684298 0.9995581392457514 0.021132211972536438 -0.02089589834213257 0.00014159694921886886 -0.021139790052190056 0.9997765196416912 0.8186759948730469
0.9985283859246563 0.04664011311168342 -0.02767241138083639 0.0032375832088291645 -0.04629149452185226 0.9988419679008003 0.013108039326698542 -0.014592846855521202 0.02825172627706473 -0.011807752071682782 0.9995310985424014 0.7336238622665405
0.9972912316761863 -0.05089935774153365 0.053098536734024634 0.004619379993528128 0.049161302844823875 0.9982274976269101 0.033541456201492625 -0.02448316477239132 -0.05471165803002773 -0.030840206922401053 0.9980258093419171 0.8092199563980103
0.999320372573542 -0.0243896556196439 0.027639422176166568 0.0033529342617839575 0.0238005348005938 0.9994866538107485 0.0214467572700055 -0.02239115908741951 -0.028148312608092852 -0.02077434843618406 0.9993878621157899 0.8880623579025269
0.9995026712645695 0.015042789565283154 0.027715061195756004 0.0034738266840577126 -0.01549247958727724 0.999750631885707 0.01608282065955246 -0.01955440454185009 -0.027466219456410267 -0.016504197230527075 0.9994864772784813 0.806535005569458
0.9993331655839985 0.023952542869801238 0.027559024909009484 0.00466518709436059 -0.024265235206347817 0.9996442821864348 0.011068308468267713 -0.018281588330864906 -0.02728410753984249 -0.011729653960728862 0.9995588990618394 0.8039417266845703
0.9980448309202999 0.02299813621098145 0.05811713348136817 0.004816546104848385 -0.02366307501637086 0.9996618779127854 0.010779087561249364 -0.019177313894033432 -0.05784958387092881 -0.012133242711848282 0.9982515765413325 0.8058469295501709
0.9978895207535347 0.03134234424918833 0.05686969164015326 0.0053623090498149395 -0.032050223842870706 0.9994191969104248 0.011578082679931137 -0.01846214383840561 -0.056473777294445505 -0.013376333723663229 0.9983144725857731 0.810461163520813
0.9970641970304903 0.05974033472522288 0.04789654900785737 0.004970368463546038 -0.059931291948371705 0.9981992232819326 0.0025594696219736974 -0.015171792358160019 -0.04765739444559249 -0.005422457585366531 0.9988490224795699 0.7579525709152222
0.9982281572410838 -0.015122574960311462 0.057548708218685574 0.004808073863387108 0.01363333203187169 0.999564191562556 0.026183185512885454 -0.02115875482559204 -0.057919585191698236 -0.02535221237807845 0.997999292073275 0.7704368829727173
0.9996517615671034 0.021817986174162363 0.014843553317549683 0.004215199500322342 -0.02190086315936103 0.9997453256711941 0.005443894880764985 -0.015811357647180557 -0.01472099822232932 -0.005767085737349189 0.9998750086553 0.8486558198928833
0.9974239218939446 0.010675054675221415 0.07093351282280527 0.0036875035148113966 -0.011809354537348106 0.9998087125934225 0.015590938640567683 -0.019536716863512993 -0.07075351001267188 -0.0163884541663869 0.9973591927640326 0.7680941820144653
0.9969522943773036 -0.055819850096696766 0.05450015661456567 0.0024730414152145386 0.051171025103961376 0.9952133377399289 0.08325826430066585 -0.02989175170660019 -0.05888674660430511 -0.08021568873812701 0.9950365794053141 0.8044682741165161
0.9966372270558777 -0.05996962293876865 0.05583799755500558 -0.004596450366079807 0.056359421626619104 0.9963489493933378 0.06412789281353869 -0.03301412612199783 -0.059479855752043266 -0.06076524802363306 0.9963783073674087 0.8538635969161987
0.9855074702722937 -0.13201007663082082 0.10652870836271636 -0.004209182225167751 0.12670938393993614 0.9904078201657509 0.055109724877621946 -0.04328588396310806 -0.11278190483878925 -0.04081285854299038 0.9927812208732012 0.991324782371521
0.9869583659034189 -0.10471830329348657 0.1222589911973194 -0.0020993584766983986 0.10071808299334863 0.9941709625137797 0.03847031391306209 -0.040697984397411346 -0.12557488495474642 -0.025654906933332628 0.9917523753532653 0.989773154258728
0.9881075507974383 -0.11287217416848443 0.1044190612654954 -0.0008096406236290932 0.10929181445996976 0.9932279286766419 0.039415491735551415 -0.03754352778196335 -0.10816084018319898 -0.02753459633237964 0.9937520207052046 0.9718109369277954
0.9918566514159498 -0.08330619335126269 0.09633515034119802 -0.00048530055209994316 0.0801672403011724 0.996130607484453 0.03601425294447548 -0.03138504549860954 -0.09896260215067745 -0.027998053181902068 0.994697196333432 0.9177110195159912
0.9933805804185861 -0.08035362405385846 0.08208725570174945 -0.0004930724389851093 0.0775248872329937 0.996300266392351 0.03709003971475677 -0.02671787142753601 -0.08476387383045224 -0.030480719938049447 0.9959347425435632 0.8491564989089966
0.9983005940326617 -0.05028527162820488 0.029450219206530587 0.0004368536174297333 0.049647031614430515 0.9985241300056115 0.02201667659781113 -0.02149120159447193 -0.030513869074746774 -0.02051714536222132 0.9993237466108142 0.7669761776924133
0.9976082205912167 -0.04442614131312364 0.052954283838541324 0.0010673850774765015 0.04315014359838695 0.9987557263568555 0.02500128350362532 -0.020857105031609535 -0.05399910477281096 -0.022656500996765395 0.9982839173533342 0.765530526638031
0.9987119194906229 -0.04458265557419622 0.02422578562828935 0.0013179909437894821 0.04431105785735842 0.9989500289659183 0.011634851978103041 -0.021387428045272827 -0.0247190618534983 -0.010546395163425468 0.9996388055343487 0.7848578691482544
0.9965732220725119 -0.05184654560742264 0.06444958305985753 0.0013925191015005112 0.0506567455485774 0.9985166250260392 0.019961054006110576 -0.024852437898516655 -0.06538889185816436 -0.016627845777057927 0.9977213075635779 0.8480002880096436
0.9936642685419121 -0.07698859084688754 0.08187843612623061 0.0010078842751681805 0.07519485318740086 0.996861055096821 0.02477439979854206 -0.029740439727902412 -0.08352877035603909 -0.018460598870657305 0.996334356936538 0.9009522199630737
0.9936856827086151 -0.07015019615424033 0.08756548383601054 0.0005442872643470764 0.06892796033715255 0.9974783452458348 0.016908194740742153 -0.02977481298148632 -0.08853078709507187 -0.010765720837572476 0.9960152604208302 0.8675951957702637
0.9927445393295145 -0.09333601902002134 0.07580677532334577 -0.0034030620008707047 0.09027904594254268 0.9949961697449956 0.042805561046340174 -0.033827729523181915 -0.0794227517474324 -0.035651223629518045 0.9962033009173297 0.887377142906189
0.990694720974332 -0.10268411014038234 0.08933052870250206 -0.001298319548368454 0.09970763016390458 0.9943219267773059 0.03717922023071713 -0.03284808620810509 -0.09264101856461175 -0.02792632189429841 0.99530787308489 0.8709753751754761
0.9998369190837518 0.01673093550469638 0.006797869831714318 0.004795226734131575 -0.016755283622303833 0.9998533512018585 0.00354070065795998 -0.01635315641760826 -0.00673763369792381 -0.003654023474310395 0.9999706257708783 0.7151440382003784
0.9958310455213425 -0.043828818810442705 0.07999727131316062 -0.0006561004556715488 0.04159188985368395 0.9987014859469234 0.029418644866925837 -0.028179757297039032 -0.08118277818767394 -0.025968762178599586 0.996360868318624 0.8328487873077393
0.9987861340561648 0.049230601016662004 -0.0016144165134815125 0.004236146807670593 -0.049205621177495884 0.9987045150297781 0.01296528070164618 -0.013444870710372925 0.0022506136224443897 -0.012870104221565122 0.9999146439349953 0.6548904180526733
0.9988958601696651 0.0464288573797382 -0.007170895224227198 0.004380320198833942 -0.04632957085620942 0.9988357717463864 0.01344142641539417 -0.013718539848923683 0.00778661673542403 -0.013094360702719129 0.9998839464245852 0.6576575040817261
0.9989060287518048 0.04615252007912513 -0.007529316944097844 0.004021074157208204 -0.046055335982653635 0.998859333278927 0.012607075358805493 -0.013632042333483696 0.008102576801463613 -0.012246518359258817 0.9998921797060185 0.6637885570526123
0.9994578663126136 0.03160383071080851 -0.009228832550226237 0.004061467945575714 -0.0314921840264166 0.9994319330651843 0.012002229577669391 -0.013898037374019623 0.009602906387332426 -0.011705086671670886 0.9998853809987046 0.6701014637947083
0.9996491061360044 0.025976359710626513 -0.005185878678832312 0.003388048382475972 -0.02589316870523769 0.999544364072561 0.015511546189269455 -0.01442498154938221 0.005586449309671357 -0.015371824451374656 0.9998662403527517 0.6752385497093201
0.9996209516351553 0.02683700852074529 -0.006142314358948863 0.0035739855375140905 -0.02674250029665018 0.9995300570253562 0.01498345022923684 -0.014517415314912796 0.006541538802940013 -0.014813509933361405 0.9998688754999547 0.6776199340820312
0.9998043431726907 0.017789233580983527 -0.008649771189200642 0.0033256029710173607 -0.01765367702414357 0.9997239594601554 0.015503308319086313 -0.01488259993493557 0.008923175474658273 -0.015347574724060915 0.9998424020262081 0.6919347047805786
0.9991461960505927 0.022750355354471587 0.03448623274403199 0.00470226164907217 -0.023003724557356418 0.9997110958542693 0.006968032889212151 -0.018348241224884987 -0.034317744304070384 -0.007755395354276341 0.999380881480519 0.8114326000213623
0.9971253074007681 0.048329991895140284 0.058355233050170735 0.00462733069434762 -0.048730597034225664 0.9987970313895235 0.005460677628609868 -0.014352884143590927 -0.05802111903102164 -0.008288665205650308 0.9982809463149624 0.7181081771850586
0.9997305657229282 0.018604427171506257 -0.01388060693681327 0.0032672216184437275 -0.018381522077293617 0.999702741533836 0.016017122583487912 -0.015105746686458588 0.014174470199487393 -0.015757660338788587 0.9997753650371725 0.6957105398178101
0.9999156459575324 -0.00696564344523425 0.01096269951812354 0.00312641728669405 0.006757976869682184 0.9997991553325919 0.01886739899574386 -0.019118867814540863 -0.01109192129252825 -0.018791721784594966 0.9997618918894692 0.7489314079284668
0.999804684767453 0.014478173133900481 0.013452688198244463 0.003998605068773031 -0.014650578120480443 0.9998106562726922 0.012806723402366067 -0.01627734862267971 -0.013264723057421265 -0.013001311713585411 0.9998274916283991 0.7918102741241455
0.9997054329483673 0.0016562806662988403 0.024213716523320987 0.002174999564886093 -0.0019565507659457778 0.9999214209575906 0.012382399575727756 -0.018824607133865356 -0.02419130510364375 -0.012426127494402694 0.9996301176499611 0.7727389335632324
0.9998346589026689 0.01737263338478066 0.005370890639537417 0.003368525765836239 -0.017470297190890337 0.9996723874436073 0.018705787843884967 -0.016788512468338013 -0.005044162273939592 -0.018796526064048902 0.9998106055823162 0.7062286138534546
0.9997889280138919 0.020386659568969102 -0.0025462781567992493 0.003395591862499714 -0.020357025007683043 0.9997304044541283 0.011167360602280662 -0.014856310561299324 0.0027732568704322397 -0.011113168837184275 0.9999344011107562 0.7239652872085571
0.999887242464584 0.0019800185549484098 0.014885626728225666 0.0027926084585487843 -0.002232105246591037 0.9998540602690644 0.016937410357960914 -0.017798053100705147 -0.014849917937084605 -0.01696872682283149 0.9997457387992578 0.7224699258804321
0.9999354604763876 0.01104257087401224 -0.002671424782212885 0.003016815986484289 -0.01101606659011935 0.999891877555705 0.009740609580983274 -0.015621250495314598 0.0027786973128897724 -0.00971055233338987 0.9999489907063379 0.73687344789505
0.9998232791548347 -0.0033081233929332446 0.018505857983092157 0.002102197613567114 0.0030012717000182324 0.9998579616650791 0.016584597165307077 -0.017377391457557678 -0.01855809333568289 -0.016526125213430085 0.999691194498168 0.736274778842926
0.999942820433927 0.008037653656253637 0.007053508796701799 0.0026115733198821545 -0.008148972051828862 0.9998404146861349 0.015897780183285 -0.016128141433000565 -0.006924602309270131 -0.01595435000116425 0.9998487428600882 0.7213862538337708
0.9997699054153859 0.020826705029662815 -0.0051365925785662875 0.0023252777755260468 -0.02074085174869543 0.9996530386186065 0.01623636194859728 -0.015028545632958412 0.005472960300367848 -0.016126088744473573 0.9998549874693612 0.6930116415023804
0.9998505527303584 0.01660545704810387 -0.004809469931325492 0.00286958203651011 -0.01653672674460888 0.9997653218354637 0.013994210367356043 -0.014682205393910408 0.005040721512926877 -0.01391258608078511 0.9998905095435069 0.6946440935134888
0.9998714683898265 0.015763486653792503 0.002925609079806925 0.0030557727441191673 -0.01579759873906979 0.9998028623380262 0.01202798132561457 -0.016040915623307228 -0.002735429408974692 -0.01207265294811782 0.9999233813031592 0.7365421652793884
0.9817988029997401 -0.11364481365175126 0.15217084726824734 -0.033884197473526 0.10520637306532414 0.992488969557263 0.062428073601563536 0.02156331017613411 -0.15812251419300596 -0.045282465008225053 0.9863806409637517 1.757194995880127
0.9988261327132583 0.03713313512713779 0.03110445120407214 -0.01033812016248703 -0.035227253120424386 0.9975928262814103 -0.059729336087534814 -0.022245842963457108 -0.033247514894595195 0.058563497398105104 0.9977298830474288 1.219436764717102
0.9997393984349315 0.019458681985423245 0.011937123286269741 0.003180683357641101 -0.01966673662882532 0.9996522544022292 0.017566722486385362 -0.016180768609046936 -0.011591146937808137 -0.017796908830789167 0.9997744322339589 0.7033014297485352
0.9986651905680276 0.03412475313169265 0.038772907698885986 0.005691629368811846 -0.034539042501655445 0.9993526585251653 0.010065706222289252 -0.015802929177880287 -0.03840431864770079 -0.011391449529608863 0.9991973494694731 0.7917076349258423
0.9952421589907245 0.06936591551172176 0.06842086474680958 0.00566949974745512 -0.06986944347770087 0.9975436587268204 0.004990972052058194 -0.014689058065414429 -0.06790659640710095 -0.009747753542675397 0.997644062511913 0.6872847080230713
0.9986936322136675 0.04861486141766292 -0.01573608036370849 0.004647630266845226 -0.04836845920496675 0.9987065133976619 0.015677762953396113 -0.013703111559152603 0.016477898227903045 -0.01489615206779393 0.9997532613217942 0.6535274982452393
0.9990462424880953 0.04199651218572062 -0.011954009145579267 0.004062313586473465 -0.041834765864348894 0.999033688879818 0.013473709521066272 -0.012976350262761116 0.012508306659699457 -0.012960765695651738 0.9998377672488119 0.6675330400466919
0.9994733495347934 0.03229215573833858 0.003200038667241242 0.0035654199309647083 -0.03233968054505377 0.9993469474557418 0.01611904690528966 -0.014324694871902466 -0.0026774301008286767 -0.016214046029968704 0.9998649589216503 0.6750532984733582
0.9996074827518185 0.025284469427429946 0.012065489312340095 0.0038019753992557526 -0.025476723786805443 0.9995464704365137 0.016055839529549896 -0.015015259385108948 -0.011654053872522394 -0.016356926474163657 0.9997982966502069 0.6984831094741821
0.9992870121509857 0.033059874444065315 0.018234912889797658 0.0036518103443086147 -0.03334707643171404 0.9993208634147605 0.015677513751716558 -0.01425912044942379 -0.017704232257098683 -0.016274416908770555 0.9997108099417883 0.6833397150039673
0.9990153221394816 0.044338554606873914 0.001574390650692775 0.004228731617331505 -0.04436142416661194 0.9988085943912338 0.020333612962717355 -0.012823836877942085 -0.0006709519041386676 -0.02038343311566795 0.9997920111092914 0.627644956111908
0.9992844548502535 0.037820737745225146 -0.00041242094800813937 0.004400068894028664 -0.037804893864966126 0.999084296620315 0.020033927387034137 -0.013127192854881287 0.001169741206464097 -0.020004000677294836 0.9997992156740334 0.6367877721786499
0.9991615735856499 0.04061005981801934 -0.005193545169195822 0.004456951282918453 -0.04052878128547868 0.999067277059773 0.014899456227805 -0.01282595843076706 0.00579376883914253 -0.014676476073885567 0.9998755088973282 0.6559687256813049
0.9991554914380422 0.04107339824204133 -0.0011313204916899907 0.004044289700686932 -0.04103755524482253 0.9989038175751501 0.02251848781155296 -0.013568251393735409 0.002054991175742596 -0.022453044128616435 0.999745786598086 0.6378708481788635
0.9994302357831609 0.03366107122414808 -0.0024771125242141288 0.004177290014922619 -0.03360108715462382 0.9992102061220247 0.021211575226930422 -0.014002548530697823 0.003189160460397529 -0.021116255956565404 0.9997719404893969 0.6728461980819702
0.9990936460602614 0.04066891749098598 -0.012566843363567221 0.004082360304892063 -0.0404123909569297 0.9989822232917974 0.02003387641275873 -0.013339884579181671 0.013368809189951246 -0.019507862442840813 0.999720320011429 0.6581870317459106
0.9984715133362475 0.04765392372152365 -0.02799536765193897 0.004699965938925743 -0.04708815962000927 0.9986796857818956 0.020532667390649663 -0.012249499559402466 0.02893686713562049 -0.019183033141756442 0.9993971527675362 0.6312420964241028
0.9993862869661982 0.03007300039372427 -0.017962852536128063 0.004356078803539276 -0.02960519403041806 0.9992295616423026 0.02576461966637584 -0.014260098338127136 0.018723832682891645 -0.02521701384880378 0.9995066384482958 0.6512681245803833
0.9995990074030222 0.025115216870619773 -0.013078619209785163 0.0041677383705973625 -0.02481973669666159 0.9994435254094828 0.02228497671914704 -0.014594245702028275 0.013631033313773957 -0.021951432723316067 0.9996661090245045 0.6828421354293823
0.9997250288271871 0.02248251590167988 -0.006663573756675643 0.003818477038294077 -0.02230354219233922 0.9994179019673551 0.025814903308838403 -0.01543375663459301 0.007240078877642785 -0.02565918365616574 0.999644530596724 0.681142270565033
0.9995369380880206 0.02290601128594056 -0.02003057773987236 0.004103506915271282 -0.022435658456753056 0.999474417211167 0.023399371145611712 -0.015102840960025787 0.02055603627250719 -0.022939136587206692 0.9995255101223766 0.6820348501205444
0.9997732025284417 0.017350485555820312 -0.01234925734611364 0.0038421370554715395 -0.017065703652411425 0.9995942863207739 0.022804045994314896 -0.01489991880953312 0.01273990835411866 -0.02258812532814595 0.9996636791087733 0.6943627595901489
0.9998395743338236 0.014818363624398043 -0.010061893234038935 0.003840738907456398 -0.014579916244661992 0.9996205237560635 0.023371660787194486 -0.015507904812693596 0.010404404752638324 -0.023221209812328038 0.9996762094681432 0.7030857801437378
0.9998871957070207 0.014957758735982467 -0.0013643000939187625 0.003992632497102022 -0.01493514285358592 0.9997713276710987 0.015304701065742646 -0.0157309640198946 0.001592912142306678 -0.015282598612961827 0.9998819454368311 0.7358242273330688
0.9989605254972452 0.044058805162853994 0.011691457817109452 0.003387629985809326 -0.04422022004962569 0.99892473058048 0.013926764645023886 -0.013116434216499329 -0.011065289740005077 -0.014429286965643013 0.9998346638522955 0.6787779331207275
0.9997036112114431 0.02430119016368877 -0.001463518851186293 0.0037060100585222244 -0.024273183324072252 0.9995639815881565 0.016812474028154237 -0.014489680528640747 0.0018714438585013503 -0.01677196673797131 0.9998575892744049 0.6712777614593506
0.9992311251543896 0.03915472596928691 -0.0020164218215784602 0.003450293792411685 -0.03910518753927251 0.9990241745121474 0.020530052309740584 -0.013754354789853096 0.0028183027180937203 -0.020435414715449452 0.9997872028562862 0.6492522954940796
0.999265771786644 0.0358446867861537 -0.013530549317952952 0.004179585725069046 -0.03556558733945005 0.9991604715258686 0.020333252012504605 -0.013541635125875473 0.014248029086262045 -0.019837100831689353 0.9997016970565523 0.6472165584564209
0.9992285010542189 0.03765486870390792 -0.01115856369925265 0.0038002757355570793 -0.037421736902015744 0.9990910545559367 0.02041269981022901 -0.013720599934458733 0.011917058704862383 -0.019979378598887057 0.9997293674503251 0.6614375114440918
0.9993789492901826 0.03336982297201261 -0.011321246860108424 0.003928428515791893 -0.03313976135735145 0.9992519129117298 0.01993416061505635 -0.014129534363746643 0.01197797699232935 -0.019546597071245096 0.9997371947717589 0.664184033870697
0.9989214353388481 0.043728002095117 -0.015614988099405761 0.003925235942006111 -0.04337931111239916 0.9988161608581922 0.022011637283835983 -0.013761330395936966 0.01655902738655936 -0.021310528882947016 0.9996357636513111 0.6493633985519409
0.998590902497138 0.04315481626059031 -0.030884806676840713 0.004358761943876743 -0.04244257926300639 0.9988258525827333 0.02335687645810583 -0.013818405568599701 0.03185650507281919 -0.022013133486409618 0.9992500112777856 0.6287128925323486
0.998931012548142 0.03904597877625853 -0.02474355897901217 0.004571934230625629 -0.0385488390124464 0.999051308950081 0.020260036918091497 -0.013607235625386238 0.02551115795757565 -0.019284543721174965 0.9994885127869804 0.6656440496444702
0.9999952001778967 -0.0018655200647428435 -0.002473753434859097 0.0034853455144912004 0.001925261682548738 0.9997011083050583 0.02437185715311543 -0.017899004742503166 0.002427547861967901 -0.02437650279523697 0.9996999015318806 0.718238115310669
0.9998393416149337 -0.017805347182328287 -0.0020641149999720146 0.0035103987902402878 0.0178470010222402 0.9995917310678331 0.022312681042973126 -0.019306175410747528 0.0016659872534064144 -0.02234593458618478 0.9997489103239582 0.76768958568573
0.9999544774111553 -0.008371885037014444 -0.004577624527047601 0.00289265438914299 0.008482940874298761 0.9996563226237555 0.024804764713124514 -0.02042223885655403 0.00436838866251224 -0.024842467254226768 0.9996818338857699 0.7697172164916992
0.9997998778661131 0.004488711377047355 -0.019495017032010786 0.0036936996039003134 -0.003995758386669741 0.9996731353358282 0.02525185939193058 -0.01933184452354908 0.019601993108359757 -0.025168908558140538 0.9994910144209258 0.7514921426773071
0.9998556818005614 -0.016083647418161144 -0.005471001449681358 0.0037482327315956354 0.016230538121051498 0.9994773421158056 0.027957328724783882 -0.020482033491134644 0.005018486169676191 -0.028042091271030592 0.999594145597958 0.7842549085617065
0.9990189369432081 -0.04357272618239534 0.00791082561406887 0.0029125246219336987 0.04335999527565766 0.998738593376048 0.025320602499307097 -0.02309751883149147 -0.00900413452571394 -0.024952748030366737 0.9996480810401107 0.8531469106674194
0.9992104425970687 -0.03867046420197064 0.009115185317588084 0.0024003488942980766 0.03846499935944649 0.9990236352039569 0.021730626501525723 -0.023024091497063637 -0.009946618985748229 -0.021362853327098846 0.9997223080778367 0.8675425052642822
0.9989343645034364 -0.04448239706872426 0.01230657406169624 0.0025623715482652187 0.04416703264317368 0.9987160612346525 0.02480931799624102 -0.023953137919306755 -0.01339435110830285 -0.024239335448030117 0.9996164494321936 0.867072582244873
0.9984954838333042 -0.051830016130250116 0.017900228837462864 0.0025742421858012676 0.05139975517398624 0.9983965690757618 0.023714047014412327 -0.024384669959545135 -0.01910062649626444 -0.022758301467497445 0.9995585154365724 0.9113806486129761
0.9985784689369827 -0.05189568829466534 0.0121605473517515 0.002423935104161501 0.05159771080692489 0.9983877604866487 0.023654935001789223 -0.02429802529513836 -0.01336853077029045 -0.022993852371380935 0.9996462199889352 0.9003291130065918
0.9986715204010107 -0.05113705080485949 0.006340061112881581 0.0021348283626139164 0.050988253880821066 0.9984623611010109 0.02175112481642395 -0.02433406002819538 -0.007442600763092757 -0.021398960245206728 0.9997433131530841 0.8905833959579468
0.9990253079296816 -0.04413984747833751 0.00032860400795541966 0.002805124968290329 0.04411855402514318 0.9987257803199273 0.024502426718241398 -0.02327960543334484 -0.0014097186724538492 -0.02446404686353771 0.9996997164670615 0.8740513324737549
0.9986438268981177 -0.048872456720852005 0.01794407903323117 0.0030328959692269564 0.04843300235704263 0.9985342311513516 0.02415850785254879 -0.023440726101398468 -0.019098462790630627 -0.02325665911190611 0.999547085697311 0.9218248128890991
0.9967052825866209 -0.07351911529571964 0.03425666869470119 0.0016688010655343533 0.07275530745120859 0.9970837649494738 0.02303542732102569 -0.027311032637953758 -0.0358503124338401 -0.020467177634369303 0.9991475615433782 0.9717901945114136
0.9969587864175968 -0.07197702059438699 0.02987451574682738 0.0015793358907103539 0.07128150171682587 0.9971739492995031 0.023728934898677456 -0.026559671387076378 -0.03149802688655903 -0.02152726979407082 0.9992719604579459 0.9691771268844604
0.9964879354752133 -0.07618263301830654 0.03475630703548229 0.0015143528580665588 0.07536547412783466 0.9968611483243951 0.024246572352699666 -0.0273438673466444 -0.03649437986640367 -0.021541991267430362 0.9991016479069585 0.9851305484771729
0.9970715071004987 -0.07071922390852735 0.029106719123180205 0.001748968381434679 0.07010803230647135 0.9973074648009042 0.021510101313289006 -0.026552626863121986 -0.03054952592848044 -0.019406494329702182 0.9993448426060827 0.9773193597793579
0.9971930838845163 -0.07023219086703189 0.02594981346570442 0.0015627909451723099 0.06971389818405557 0.9973591087206823 0.02036616438775897 -0.026466457173228264 -0.027311643174133357 -0.01849993561888503 0.9994557651688373 0.9702774286270142
0.9979952363674099 -0.06101677070210485 0.016806602305167912 0.002126013394445181 0.060656159625367086 0.9979337655258725 0.021190326162067265 -0.025221295654773712 -0.018064841196625697 -0.020128420614632506 0.999634187188544 0.9369357824325562
0.9981623902458158 -0.057200587575690846 0.019998386928841077 0.002874020952731371 0.05672907627276507 0.9981153589367808 0.02339961879476286 -0.024613646790385246 -0.02129916909174445 -0.022222129409602918 0.9995261489128258 0.9367520809173584
0.9979059277931712 -0.05998092688347041 0.02420842178767456 0.002194862812757492 0.05954264616573561 0.998055482539511 0.018437110956052938 -0.02443450689315796 -0.025267223093014983 -0.016957068821691255 0.9995369053987673 0.9639385938644409
0.9997964829907742 0.00954528035151737 -0.017773019504007618 0.0002971077337861061 -0.009441582031150728 0.9999379658931001 0.005909390350839737 -0.01627947762608528 0.017828323758221087 -0.005740382267800856 0.9998245840563192 0.8461591005325317
0.9998213943507496 -0.006858287976573892 0.01761088539947282 0.002001500688493252 0.006609183546161206 0.9998778372410705 0.01416436680450374 -0.01866808906197548 -0.017705877311676336 -0.014045443394558875 0.9997445810948284 0.7741634845733643
0.9999266780251693 0.00020818174197294754 0.01210765187439553 0.0018295999616384506 -0.0003925823643472608 0.999883944207792 0.01522970763199858 -0.017671719193458557 -0.012103076164200902 -0.015233344210358452 0.9998107124708818 0.7432547807693481
0.9997558975133486 0.02208485865861299 -0.0006359286969842713 0.0025038477033376694 -0.022071342178759466 0.9996198317421865 0.01652415934777513 -0.015403881669044495 0.0010006206607274576 -0.016506089959516086 0.9998632645279761 0.6933724880218506
0.9992822891008584 0.037806598992416306 -0.0023596105558248664 0.003764353459700942 -0.03775266631057932 0.9990913221189129 0.019780451287181047 -0.01573292911052704 0.003105298019608288 -0.01967717305176532 0.9998015633038889 0.6556252241134644
0.9978841671612311 0.06084430451166136 -0.022916359602441646 0.004331923555582762 -0.060443258373921 0.9980128229790464 0.01780499049531193 -0.013636752963066101 0.02395415300275976 -0.016382178667287917 0.9995788226928547 0.6295948028564453
0.9995021986301044 0.022949297333993784 -0.02164912666745734 0.004552479833364487 -0.02252798644318721 0.9995558638316293 0.019508072857696863 -0.016086680814623833 0.022087208071715183 -0.01901065048023295 0.9995752850125474 0.6747685074806213
0.9999631694361977 0.007685358990142079 0.003820344003738583 0.003093576990067959 -0.007786655956057327 0.999598376096279 0.02724801817938403 -0.018776966258883476 -0.0036093988607877603 -0.027276762323902883 0.9996214035708665 0.7180972695350647
0.9999038414474029 -0.006021881400823227 -0.012491789428309474 0.0031200898811221123 0.006219287084050675 0.9998554400458043 0.01582464783105836 -0.017433635890483856 0.012394689463353467 -0.015900816180475733 0.9997967472031011 0.7620728015899658
0.9994593521329812 -0.0266544424475861 0.01924952289615555 0.0015181624330580235 0.026328532434088177 0.9995089479551346 0.016990330705642327 -0.020490476861596107 -0.019692938170533712 -0.016474333231674222 0.9996703379268503 0.8175462484359741
0.9998031091675317 -0.015213069660311364 0.012739914067494154 0.00145709328353405 0.014975743983134556 0.9997163060095869 0.01852119301496399 -0.01901506446301937 -0.013018064029963545 -0.018326756670411042 0.9997472980702949 0.7719130516052246
0.9998050812909396 -0.01050352620871706 0.016717516621807347 0.0022372910752892494 0.010216419365183676 0.9998004268104522 0.017167740823772336 -0.019042441621422768 -0.016894502069380767 -0.01699360134934067 0.9997128554305018 0.7618197202682495
0.9991492248626062 -0.026221751405436273 0.03183152854772428 0.0023805219680070877 0.025641001161284312 0.9994996921609327 0.018517678840710015 -0.022586699575185776 -0.032301168955629164 -0.017685732199492443 0.9993216946312472 0.7992491722106934
0.9997308704838475 0.0014373599631587288 0.023154278178019853 0.0034202593378722668 -0.0016798875132829486 0.9999438986310578 0.01045837312700387 -0.017495067790150642 -0.023137946744504662 -0.010494455052894789 0.9996771988164936 0.7999117374420166
0.9995287207359564 -0.023180149213750483 0.02012503680420564 0.0015406971797347069 0.022827696270914282 0.9995850140976 0.017569743153038057 -0.02019697241485119 -0.020523954465581307 -0.01710205466980808 0.999643079813573 0.8074371814727783
0.9996192579324448 -0.017106006410783022 0.021650028066088994 0.0018388163298368454 0.016611104751228022 0.9996012099308753 0.022836205982465097 -0.021562891080975533 -0.02203203053583398 -0.02246788039411139 0.9995047693638404 0.7731339931488037
0.9999969654230799 0.0024625737428811633 6.982257840476482e-05 0.003950291313230991 -0.0024633872694812694 0.9998626863355986 0.016387196127496034 -0.01814083382487297 -2.9458311907650486e-05 -0.016387318399339643 0.9998657184481757 0.7561547756195068
0.9998915908633265 -0.006612693552666891 0.013155941805322844 0.0022404077462852 0.006402914516043856 0.9998526988894831 0.015924296189067585 -0.018933016806840897 -0.013259306411225226 -0.015838333479108062 0.9997866462331342 0.7686680555343628
0.9997531095927069 0.004121646765943311 0.021834190794478417 0.00282950303517282 -0.004530818554654957 0.9998144291298996 0.018723754614863166 -0.01887466199696064 -0.02175296630204008 -0.018818058656237747 0.9995862589719171 0.7575639486312866
0.999337003391185 0.03637926741604011 0.0014500191030141461 0.003469728399068117 -0.03639628093232532 0.9992355254942616 0.014271486415306865 -0.014756524935364723 -0.000929724379650226 -0.014314799770841307 0.9998971057664378 0.7037279605865479
0.9998093854097517 0.007260755268723932 0.018123859398651042 0.0032440144568681717 -0.0076335041022189175 0.9997590056201169 0.020583009901280605 -0.018362373113632202 -0.017970043452807255 -0.020717435034349842 0.9996238619720427 0.7298981547355652
