0.999996042722597 0.0004191329620002907 -0.0027818818642231266 -0.0034317495301365852 -0.000419378815447905 0.9999999082068141 -8.779392324150589e-05 -0.02335214987397194 0.002781844811538233 8.896023813753122e-05 0.9999961267052593 1.1551116704940796
0.9999935000516013 0.00044619331371627616 -0.0035778158245712947 -0.004270176403224468 -0.00044654273993614054 0.9999998956082312 -9.68664433831729e-05 -0.0231996588408947 0.0035777722299174114 9.846346143758031e-05 0.999993594904896 1.1449310779571533
0.9999762758135649 -0.0005642385701723949 0.006865088846455781 0.0012872647494077682 0.0005745403493950633 0.999998711863587 -0.0014987243088433581 -0.02874647080898285 -0.006864234365223755 0.0015026330233729108 0.9999753118855369 1.373644471168518
0.9999902625099509 -0.0001302937071694762 0.004411111971983675 0.00031435955315828323 0.000131898867492744 0.9999999251984172 -0.00036360122248548665 -0.0277850478887558 -0.004411064267074308 0.00036417950259568914 0.9999902048946888 1.3773820400238037
0.9999994109637592 0.00011376059158007065 -0.0010794121838065666 -0.0029527535662055016 -0.00011365041322735473 0.9999999883261824 0.00010213333753463259 -0.024783223867416382 0.0010794237899546036 -0.00010201060173366312 0.9999994122188867 1.1988441944122314
0.9999909387271587 0.00028357212130785683 -0.004247593486722682 -0.004838329739868641 -0.0002840070587307544 0.9999999544890492 -0.00010179337180875863 -0.022982321679592133 0.004247564427648284 0.00010299879596409123 0.9999909737531042 1.1207178831100464
0.9999694744411441 0.00041368570908967473 -0.007802502805905493 -0.006843863986432552 -0.0004116824194271447 0.999999881885397 0.0002583539777268907 -0.020795142278075218 0.007802608761664442 -0.00025513393809461566 0.9999695266372802 1.013205647468567
0.9999489601602288 0.0006898962304403198 -0.010079737976162803 -0.008292014710605145 -0.000686726747889536 0.999999713673359 0.0003178986840600568 -0.019577642902731895 0.010079954407169084 -0.00031096043288221 0.9999491476183968 0.9548746347427368
0.999919233283496 0.0008149584952889613 -0.012683168074115033 -0.010138478130102158 -0.0008117628555594019 0.9999996374689408 0.00025710513991148917 -0.018439657986164093 0.012683373006090634 -0.0002467886496401588 0.9999195323347527 0.8933010101318359
0.9999321263866472 0.0007348641921385762 -0.01162766504923185 -0.010074136778712273 -0.0007341653623183902 0.999999728428892 6.436896015434946e-05 -0.019059933722019196 0.011627709193937873 -5.5827962276649855e-05 0.9999323943458076 0.9175698757171631
0.9999414380058431 0.0005585017191906076 -0.010807804339290225 -0.00969136506319046 -0.0005583305217658437 0.9999998439557011 1.8857412302227515e-05 -0.01938652992248535 0.010807813184691165 -1.2821980938659393e-05 0.9999415937992387 0.9217183589935303
0.9999612660122473 0.0005281686437329518 -0.008785642439099225 -0.00795595720410347 -0.0005268828484661886 0.9999998501464638 0.0001486657807528164 -0.02055462822318077 0.008785719643143425 -0.00014403101802036743 0.9999613944475148 0.993297815322876
0.9999647192058401 0.0004656533786711439 -0.00838710382175873 -0.007498415652662516 -0.0004636404134908295 0.9999998632488923 0.00024194992059441934 -0.020635806024074554 0.008387215339610985 -0.00023805278412516304 0.9999647983552818 0.9964836835861206
0.9999581833452846 0.0005935796429635177 -0.009125745120557272 -0.007959263399243355 -0.0005924537426113477 0.9999998165512924 0.00012607911782999936 -0.02024771273136139 0.009125818284448873 -0.00012066726377227087 0.9999583515727294 0.9807677268981934
0.9999465100322015 0.0006338051887467408 -0.01032353454018367 -0.008694229647517204 -0.0006321876177688222 0.9999997873773441 0.0001599502481892959 -0.01958204060792923 0.010323633722463582 -0.00015341528174775805 0.9999466981047115 0.9462947845458984
0.9999555380574201 0.0006121376434474129 -0.009409951955271603 -0.00815715454518795 -0.0006117645300187264 0.9999998119676918 4.252928902727069e-05 -0.020045533776283264 0.00940997621967538 -3.677072325704848e-05 0.9999557245175701 0.9743736982345581
0.9999717088719187 0.00043352956951208136 -0.007509561098166487 -0.006915835198014975 -0.00043320174746895666 0.9999999051429566 4.528050061370417e-05 -0.021014045923948288 0.007509580016267663 -4.2026064586811106e-05 0.999971801823326 1.020326852798462
0.9999662529467764 0.0004693666739913835 -0.008201991374607294 -0.007205191999673843 -0.000467879868535515 0.9999998737646287 0.00018319158157975663 -0.020586293190717697 0.008202076323249216 -0.00017934785275762225 0.9999663463228827 1.002418041229248
0.9999709035862442 0.00042748274330474883 -0.007616379678977296 -0.006892979610711336 -0.0004256742442629722 0.999999880823925 0.00023906813561609577 -0.02089514769613743 0.0076164809687895105 -0.00023581908292683756 0.9999709663820305 1.0138312578201294
0.999978860281969 0.000472243423082876 -0.006485057850455052 -0.006593505386263132 -0.0004733794658524665 0.9999998728796979 -0.00017364466421966327 -0.021756131201982498 0.006484975023521908 0.00017671088664169483 0.9999789567146936 1.055123209953308
0.9999779393658607 0.0003708060486797454 -0.006631989481456491 -0.0064367991872131824 -0.0003698816635755936 0.9999999217083614 0.00014060877204359514 -0.021635890007019043 0.006632041100810336 -0.0001381526188227013 0.999977998230307 1.05115807056427
0.9999788198962369 0.0004028414555867045 -0.006495958565959006 -0.006471433211117983 -0.00040198035310631846 0.9999999102459989 0.0001338648177191328 -0.021722134202718735 0.006496011909218756 -0.0001312507347302951 0.9999788920784876 1.0445306301116943
0.9999775933094115 0.0005270403782713402 -0.006673462935924095 -0.006280811037868261 -0.0005266849724916287 0.9999998597881962 5.501388906641272e-05 -0.02139829471707344 0.006673490994766721 -5.149784374439125e-05 0.9999777306849964 1.0383119583129883
0.9999677399303161 0.0005937143496928582 -0.008010405852794627 -0.007655199617147446 -0.0005928426892071491 0.9999998180871398 0.00011119007504322483 -0.021402617916464806 0.008010470410741885 -0.00010643757749624434 0.9999679100025363 1.041512370109558
0.9999789333957078 0.0004078251867329457 -0.006478151233174529 -0.006512627936899662 -0.00040813096157843524 0.9999999156621129 -4.5879031908845174e-05 -0.02173275128006935 0.006478131976196185 4.852199948548068e-05 0.9999790155056829 1.0498394966125488
0.9999802394287494 0.0004008474287051011 -0.006273760703117403 -0.00618852348998189 -0.00040111486992163695 0.9999999186976751 -4.1370329484823904e-05 -0.021638700738549232 0.006273743609855874 4.388601069183087e-05 0.9999803189138954 1.0479573011398315
0.9999736295485427 0.0004947814852364779 -0.007245370852863038 -0.0067394208163022995 -0.000493756302098466 0.9999998678373422 0.00014328297944359505 -0.021243229508399963 0.007245440789060947 -0.00013970175348709934 0.9999737416908466 1.032589077949524
0.9999779485650304 0.00041719122396244947 -0.006627845438478215 -0.006386926863342524 -0.00041762434344761525 0.9999999107492148 -6.396460323254215e-05 -0.021453015506267548 0.006627818161466692 6.673114232097034e-05 0.9999780335454242 1.0393682718276978
0.9999786191067968 0.0005429754437782051 -0.006516633097768866 -0.006098827347159386 -0.0005423898208375587 0.9999998487083411 9.163283598534092e-05 -0.02164677530527115 0.00651668186623642 -8.809632133509787e-05 0.9999787623227265 1.0632652044296265
0.9999746119192838 0.0005276194685881472 -0.007106133588277219 -0.006251344922930002 -0.000525876601824707 0.9999998311906185 0.0002471285787301939 -0.021013129502534866 0.007106262778544585 -0.00024338535522637416 0.9999747205769212 1.0204650163650513
0.9999578721242747 0.0007772097180506092 -0.009146033115330474 -0.00782035756856203 -0.0007774688207424302 0.9999996974641926 -2.4774097455468812e-05 -0.020415514707565308 0.009146011093658665 3.18838093560172e-05 0.9999581738575355 1.0090231895446777
0.9999848450781348 0.00014948269385011936 -0.0055033870464425184 -0.005593295209109783 -0.0001502171075369752 0.9999999798683252 -0.00013303446795342745 -0.022000033408403397 0.005503367049299476 0.0001338591547102333 0.9999848474016231 1.041368842124939
0.9999775680510401 0.0006900586987168048 -0.006662372979657322 -0.00584341399371624 -0.0006893932087916391 0.9999997571477051 0.00010218382822136303 -0.021369416266679764 0.006662441874524286 -9.758854135233116e-05 0.9999778009259733 1.0517810583114624
0.999972354624081 0.0006424005532497165 -0.007407922050112486 -0.006609032396227121 -0.0006421482816559493 0.9999997931590974 3.643277397809479e-05 -0.021125812083482742 0.007407943922285363 -3.167478236524144e-05 0.9999725603053079 1.0357704162597656
0.9999795711243216 0.0005201986558286675 -0.006370771332903342 -0.006102792453020811 -0.000520718726016866 0.999999861227966 -7.997535188170618e-05 -0.021574173122644424 0.006370728845747899 8.329109800739946e-05 0.999979703232304 1.0470737218856812
0.999991169808518 0.00040881476353530396 -0.004182484367084971 -0.004506324417889118 -0.00040894137276815663 0.9999999159508186 -2.941614408427904e-05 -0.022685501724481583 0.004182471989796596 3.1126275232751195e-05 0.9999912529413493 1.10494863986969
0.9999938334604109 0.0004060895795392742 -0.003488285023471197 -0.004014185629785061 -0.0004063426170919359 0.9999999148630011 -7.183082700776478e-05 -0.02310151234269142 0.003488255556738742 7.324782292572623e-05 0.9999939133354397 1.129236102104187
0.9999946909521847 0.0003892539278533276 -0.0032352046031691698 -0.003918464295566082 -0.00038957098198986843 0.999999919376601 -9.737166800399079e-05 -0.023290297016501427 0.0032351664400317452 9.863149288734426e-05 0.9999947619712486 1.1379337310791016
0.9999893437075904 0.00040591925346821774 -0.0045986629385460585 -0.004822480492293835 -0.0004060092619011728 0.9999999174045263 -1.8639201824026403e-05 -0.022527582943439484 0.004598654992706425 2.050610294465285e-05 0.9999894259199733 1.0965672731399536
0.9999864016384657 0.0004494080506838688 -0.005195629948051968 -0.005210081115365028 -0.00044926436591207717 0.9999998986654055 2.88220084914494e-05 -0.02224070206284523 0.005195642374397566 -2.648740516523242e-05 0.9999865022082722 1.083754301071167
0.9999872011200719 0.0004495473181598289 -0.005039395127800355 -0.0051125166937708855 -0.00044979877875576946 0.999999897651477 -4.876571089410224e-05 -0.022255469113588333 0.0050393726895311556 5.103180052177627e-05 0.9999873009786934 1.083113670349121
0.9999902621363838 0.00043484798585153683 -0.00439164429750082 -0.0046199019998312 -0.0004351673344443757 0.9999999027397967 -7.17620245948968e-05 -0.02254798822104931 0.004391612664796748 7.367242592885974e-05 0.9999903541087665 1.1031075716018677
0.9999947998326258 0.00038980042734483713 -0.0032013065041161656 -0.00413159467279911 -0.0003905193598126011 0.9999998986699061 -0.00022395268910433124 -0.023293722420930862 0.0032012188828735594 0.0002252016966794154 0.9999948507276724 1.13552987575531
0.999999979392667 0.00020108897844719055 -2.789065444137176e-05 -0.002092822454869747 -0.00020109813451183508 0.9999999257674709 -0.000328670950014224 -0.025033429265022278 2.782456026539431e-05 0.0003286765519997707 0.9999999455987577 1.2225786447525024
0.9999999566716111 0.0001173484742852693 0.0002699742793346836 -0.0017978278920054436 -0.00011727581073270024 0.9999999569023308 -0.0002691499970824286 -0.025173086673021317 -0.00027000585204093295 0.0002691183239681069 0.9999999273360812 1.2320308685302734
0.999995827896403 0.0002734264465786284 -0.002875661274443263 -0.003661620430648327 -0.0002730639764925807 0.9999999547245669 0.00012643942489919797 -0.023497754707932472 0.002875695716129112 -0.00012565365787817336 0.9999958572840719 1.1527619361877441
0.9999963026202616 0.00036464862152035663 -0.0026947684851426957 -0.004026019014418125 -0.00036552086558307726 0.9999998809697015 -0.0003231951101975434 -0.023810863494873047 0.0026946503117321837 0.0003241789093317268 0.9999963168770832 1.1597023010253906
0.9999992057828377 0.00018197580261252326 -0.0012471240920605478 -0.0027020443230867386 -0.0001822485494094763 0.9999999595018391 -0.0002185904541882692 -0.024514853954315186 0.0012470842633809712 0.00021881756713669064 0.999999198449535 1.199440598487854
0.9999993491403193 9.522830703544037e-05 -0.0011369478912233073 -0.0024124793708324432 -9.543276496433023e-05 0.9999999792862968 -0.00017977762187665341 -0.02407677471637726 0.0011369307477543322 0.00017988600694752766 0.9999993375145302 1.1721508502960205
0.9999921330616692 0.0003399438565784239 -0.0039519935408163075 -0.004698488861322403 -0.0003396838915687346 0.9999999400995068 6.645175818211228e-05 -0.023123420774936676 0.0039520158939568995 -6.510880686482972e-05 0.9999921886350996 1.1285122632980347
0.9999935985040872 0.0003180651961330912 -0.0035639564218773834 -0.0042854538187384605 -0.0003181694003885774 0.9999999489730894 -2.8671429489751842e-05 -0.023057961836457253 0.0035639471206358546 2.98051878274729e-05 0.9999936486761162 1.1200191974639893
0.9999917024696073 0.00037982505541604087 -0.00405594931715816 -0.004554953426122665 -0.00037996977544398937 0.9999999272021136 -3.491041346368203e-05 -0.022762535139918327 0.004055935762043894 3.645126194471809e-05 0.9999917739943661 1.1090480089187622
0.9999921411948582 0.00039205503978983537 -0.003945103467450901 -0.00445085484534502 -0.0003922348382757766 0.9999999220723259 -4.480149688669816e-05 -0.022794993594288826 0.003945085595365518 4.6348551821000865e-05 0.9999922170454415 1.1150078773498535
0.9999915805962319 0.0004368652188648716 -0.0040801820338986165 -0.004585478454828262 -0.00043654067449955453 0.9999999014814704 8.043188648723868e-05 -0.0229200329631567 0.0040802167698187775 -7.865004388155148e-05 0.9999916727879695 1.1217235326766968
0.9999803539072223 0.000544814818185881 -0.006244595775605652 -0.005850424990057945 -0.000543736896161449 0.9999998369825337 0.00017431320692711823 -0.02175680547952652 0.006244689726045609 -0.00017091436522887181 0.9999804871288768 1.0632067918777466
0.9999931083684597 0.00038121171639451885 -0.0036929518293505443 -0.0043251533061265945 -0.0003821401253533879 0.999999895559743 -0.000250697882496004 -0.022888509556651115 0.0036928558746876223 0.00025210737985356186 0.9999931496052152 1.1117982864379883
0.9999907192804369 0.00044136246820796626 -0.004285621561210578 -0.004595560021698475 -0.00044154976081087346 0.9999999016028407 -4.275648925130079e-05 -0.022667255252599716 0.004285602268407964 4.464840761559301e-05 0.9999908157676832 1.11052405834198
0.9999651458460639 0.000632457514462125 -0.008325088020718718 -0.007144056260585785 -0.0006297452133079982 0.9999997477819657 0.0003284158517887618 -0.02072380855679512 0.008325293630054712 -0.0003231617208006931 0.9999652919239126 1.0162160396575928
0.9999300724246096 0.0008401615999384854 -0.011795948007739527 -0.009236088953912258 -0.0008323885717475753 0.9999994332150015 0.0006638515962757592 -0.018795927986502647 0.011796499064592398 -0.0006539863624286415 0.9999302050201591 0.9075018167495728
0.9999003353551303 0.0010231810098031205 -0.014080925300543286 -0.010808242484927177 -0.0010154722455381234 0.9999993306170635 0.0005546003461514956 -0.017747338861227036 0.01408148333155437 -0.0005402462832707544 0.9999007050508251 0.850397527217865
0.9999235180677394 0.0009791163264502238 -0.012328801493032643 -0.01046743243932724 -0.0009759951657643738 0.9999994901309511 0.0002591742159771374 -0.01912633329629898 0.012329048968664609 -0.0002471215431754389 0.9999239638504877 0.914345920085907
0.9998646795717695 0.0007590179722492374 -0.016433089683948784 -0.013417334295809269 -0.0007513730068615626 0.9999996066164284 0.00047138688271685834 -0.017864642664790154 0.01643344101055714 -0.00045897571443417244 0.9998648565470467 0.8240824937820435
0.999889288148442 0.000915282077278708 -0.014851723964590457 -0.014461738057434559 -0.0009008577805128289 0.9999991161013042 0.0009778813164547178 -0.017619164660573006 0.014852605874413675 -0.0009643937623160392 0.9998892288865853 0.8020933866500854
0.9999087708189209 0.0009277221984467733 -0.013475510042947184 -0.0107593834400177 -0.0009213126510372539 0.9999994595044291 0.00048184421649037445 -0.017987234517931938 0.01347594977706952 -0.0004693851003553494 0.999909085094857 0.8659586906433105
0.9998245508972191 0.001193408293809531 -0.018693399899923257 -0.014619787223637104 -0.0011834706373086944 0.999999152454743 0.0005426666068820579 -0.016817091032862663 0.018694031679250264 -0.0005204483066197428 0.9998251158643372 0.7795591354370117
0.9999239466782357 0.0007251723481296798 -0.012311579284808272 -0.01120559312403202 -0.0007168688599150007 0.9999995126340774 0.0006788450819438921 -0.019609570503234863 0.012312065564246166 -0.0006699676657147933 0.9999239792028534 0.9053019881248474
0.9999665192866726 0.0006044697604205067 -0.008160571181351068 -0.007901862263679504 -0.0006055686691877124 0.9999998079061106 -0.00013219050323403237 -0.021883290261030197 0.008160489708593389 0.00013712786363179132 0.9999666932471628 1.0395020246505737
0.9999905599918938 7.982746338962408e-05 -0.0043443704578095405 -0.004483633674681187 -7.968752001234407e-05 0.9999999963005338 3.2385666499269135e-05 -0.02260701358318329 0.004344373027003296 -3.203916867051712e-05 0.9999905626537151 1.0703692436218262
0.9999659562754635 0.00045459338181731576 -0.008238909815968004 -0.007209253963083029 -0.0004515538623985781 0.9999998293110224 0.00037077895840568234 -0.020771730691194534 0.008239076963337515 -0.0003670460241596044 0.9999659908656938 0.9879755973815918
0.9999629193674955 0.0006293630893922603 -0.00858858499044928 -0.008012203499674797 -0.0006286539742726839 0.9999997987620732 8.526426130264856e-05 -0.021120022982358932 0.008588636924279148 -7.986185156228474e-05 0.9999631137886379 1.0062206983566284
0.9999710886961173 0.0004227518268190624 -0.007592302206514579 -0.00647186953574419 -0.0004199247521885673 0.9999998419119448 0.0003739509167803222 -0.020838718861341476 0.007592459094695498 -0.0003707519097491186 0.9999711081365886 0.9997309446334839
0.9999435390341479 0.0007386983782351266 -0.01060061642401865 -0.008885513991117477 -0.0007352661827276728 0.9999996760090032 0.00032766679556435474 -0.019555484876036644 0.010600855036444853 -0.0003198540204079511 0.9999437582013808 0.9372518062591553
0.9999433283027551 0.0007893891222686477 -0.01061682851056853 -0.009062714874744415 -0.0007859288934730513 0.9999996366789571 0.0003300874564127717 -0.01975421793758869 0.010617085220698808 -0.0003217246775128732 0.9999435854060212 0.9489104747772217
0.999948355654244 0.0007194677637674406 -0.010137474562776997 -0.00849691592156887 -0.000714882430006746 0.9999996405346894 0.00045593157780662684 -0.01982874423265457 0.010137798946779268 -0.0004486609290690118 0.9999485105423608 0.9538247585296631
0.9999380557484211 0.0008353377673206625 -0.011098958369231455 -0.009157376363873482 -0.0008317308794944154 0.999999599797935 0.00032958718714847223 -0.0192618016153574 0.011099229244030446 -0.0003203354247109216 0.9999383503473622 0.9236758947372437
0.9999279358987048 0.000864797258282935 -0.011973935654505835 -0.009617654606699944 -0.0008595873863043015 0.9999995336487076 0.0004402407215049278 -0.018810059875249863 0.011974310789414409 -0.0004299163518999464 0.9999282129498344 0.9050904512405396
0.9999224959159845 0.0008670929669256542 -0.012419754866136532 -0.009837647899985313 -0.0008629754736800472 0.9999995708914686 0.0003368830816170847 -0.0184515118598938 0.012420041645664508 -0.0003261390279638293 0.9999228151206745 0.8840770721435547
0.9999258343556883 0.0009741589665862258 -0.012139884776569765 -0.009881103411316872 -0.00097025576560389 0.9999994757049655 0.0003274042507636546 -0.018879814073443413 0.012140197355475038 -0.00031560117541821255 0.9999262552828925 0.9100147485733032
0.9999718131243803 0.0005074036776637937 -0.007491027849870135 -0.00723777711391449 -0.0005075606782961409 0.9999998710094784 -1.9057402503997018e-05 -0.021341651678085327 0.007491017213802428 2.285901651197837e-05 0.9999719416756493 1.0126599073410034
0.9999497377187543 0.0007155914607869186 -0.01000049824037215 -0.008446025662124157 -0.0007105671091111366 0.9999996195522896 0.00050595420677189 -0.020008129999041557 0.010000856492215406 -0.0004988227512349195 0.9999498657659217 0.9697165489196777
0.9999287066611018 0.0006874085107607254 -0.01192095065822481 -0.009567990899085999 -0.0006835267427183929 0.9999997120455172 0.0003296969441756005 -0.018707044422626495 0.011921173862019024 -0.0003215251504061026 0.9999288885892483 0.8994494676589966
0.9999341113545049 0.0008457054803248555 -0.011448044894960416 -0.009925005957484245 -0.0008421121745864096 0.9999995946398225 0.00031869621294608865 -0.019452687352895737 0.011448309777512752 -0.00030903467650303525 0.9999344181999171 0.9234955906867981
0.9999478934984067 0.0007600809480965291 -0.010180008106624372 -0.00895605981349945 -0.0007582122556920272 0.9999996949933375 0.0001874230691050755 -0.020239710807800293 0.010180147458358138 -0.0001796946962351398 0.9999481648103274 0.9670126438140869
0.9999530445627206 0.0005506268118205525 -0.0096749924992245 -0.007953587919473648 -0.0005451641154336683 0.9999996905126 0.0005672484391789396 -0.01991586945950985 0.009675301847135801 -0.0005619473450527648 0.9999530352718313 0.9478665590286255
0.9999308115217448 0.000762623464983032 -0.01173842301655533 -0.009640294127166271 -0.000759307158165042 0.9999996705499931 0.00028697133113493573 -0.018933698534965515 0.011738638000402686 -0.00027803840740319184 0.999931061159988 0.8991570472717285
0.9999251964334712 0.0009750976577645046 -0.012192240238859824 -0.009640485048294067 -0.0009697714879793617 0.9999994317561013 0.0004427535835999772 -0.018668893724679947 0.01219266503867603 -0.0004308967770945896 0.9999255738539856 0.9031195640563965
0.9999289592149884 0.0009236020182069653 -0.011883748673795687 -0.009536586701869965 -0.000918989046837838 0.9999995002573009 0.00039362962289678574 -0.018848206847906113 0.011884106292093183 -0.00038268062427277945 0.9999293082879298 0.9083356857299805
0.9999383687247481 0.0008848851403094702 -0.011066875366505061 -0.009803041815757751 -0.000884169972418738 0.9999996067054938 6.951486916858954e-05 -0.020413188263773918 0.011066932526638538 -5.972558599098934e-05 0.9999387578433514 0.9775028228759766
0.999973734073707 0.0003232955955927227 -0.007240624465091878 -0.006388398818671703 -0.0003208450589105725 0.9999998908645459 0.00033960174342174976 -0.020993007346987724 0.007240733466630944 -0.0003372697048843364 0.9999737286689141 0.9878499507904053
0.9999556306014438 0.0005870271559428612 -0.009401714077086907 -0.007609357126057148 -0.0005833559006107197 0.9999997525347903 0.0003932254462840559 -0.019718270748853683 0.009401942584505137 -0.00038772345372478374 0.9999557255929691 0.9462828636169434
0.9999399309922337 0.0008276844612371664 -0.010929288434276301 -0.008743121288716793 -0.0008230888357014413 0.9999995709589314 0.0004249784954157417 -0.019096195697784424 0.010929635493259728 -0.0004159571920867863 0.9999401832347767 0.9216650724411011
0.9999176262464217 0.0008990292356594873 -0.012803611527812127 -0.00999646820127964 -0.0008942711532893717 0.9999995289464508 0.0003773406698822497 -0.018212439492344856 0.012803944736919499 -0.0003658596864676481 0.9999179592075862 0.8837575912475586
0.9999152236319527 0.0008246147036997326 -0.012994828188636592 -0.010401779785752296 -0.0008208251067574645 0.9999996190320882 0.0002969542425542637 -0.018240388482809067 0.012995068110858772 -0.00028626258661687125 0.9999155195607904 0.873733639717102
0.9999330736164933 0.000848672689740649 -0.011538112607304396 -0.009247936308383942 -0.0008453038800957639 0.9999995986718312 0.000296845965788149 -0.018923895433545113 0.011538359901799014 -0.0002870728876052639 0.9999333897015013 0.908859133720398
0.9999296190492328 0.000925106020982881 -0.011827980677439022 -0.00931139662861824 -0.0009214265322899473 0.9999995253911131 0.00031652913602917064 -0.018771909177303314 0.011828267886783836 -0.0003056082431880263 0.9999299968909824 0.9079288244247437
0.9999179478329202 0.0009685085030775688 -0.012773393945274518 -0.010279403999447823 -0.0009629202637405365 0.9999994379868098 0.00044363344159913305 -0.018530020490288734 0.012773816429219072 -0.0004312972806472152 0.9999183184623075 0.8934347629547119
0.999893088409009 0.0010665401163107327 -0.014583355034897967 -0.011351913213729858 -0.0010580136187253717 0.9999992648487431 0.000592375856971819 -0.01746237277984619 0.014583976106541578 -0.0005768831368928562 0.9998934817503163 0.8442729711532593
0.9998656949019201 0.0012494559964836254 -0.01634108374658963 -0.01262619812041521 -0.0012441271006727514 0.9999991695361238 0.0003362659955910494 -0.016614463180303574 0.016341490325474488 -0.0003158904482100354 0.9998664190316459 0.8030600547790527
0.9998722409483034 0.0012095250771670186 -0.01593859561270747 -0.012591839767992496 -0.0012051264658418956 0.9999992330585339 0.00028557406281192827 -0.016876015812158585 0.01593892879772794 -0.000266329554739249 0.9998729317355026 0.8079572916030884
0.999894893767199 0.0010544043465481319 -0.014459932564019276 -0.011396328918635845 -0.0010489914995076171 0.9999993768792065 0.00038191364583100483 -0.017568953335285187 0.014460326245142792 -0.0003667051579833266 0.9998953767730958 0.8453118801116943
0.9999079366529569 0.0010116824341967236 -0.013531249649560496 -0.010938657447695732 -0.0010068305918226389 0.999999426397174 0.0003653730728802711 -0.018102474510669708 0.013531611529517219 -0.0003517157593194954 0.9999083816957626 0.8696166276931763
0.9999154964661711 0.000979241687684671 -0.012963063392874407 -0.010350549593567848 -0.0009756629812514004 0.9999994841684925 0.00028239067945225773 -0.01822803169488907 0.012963333234843409 -0.0002697192353658809 0.9999159360881176 0.8794914484024048
0.9999183536570228 0.0009806277801493373 -0.012740658891350263 -0.009998835623264313 -0.000976858783842968 0.9999994772580072 0.00030204408352601527 -0.018313797190785408 0.012740948424091982 -0.000289573598181215 0.9999187888925708 0.8842772245407104
0.9999093884643967 0.001014185700781995 -0.013423348618003967 -0.010538768954575062 -0.0010087427918892714 0.9999994062457791 0.00041224515629900525 -0.018096700310707092 0.013423758740976803 -0.00039866709597091964 0.9999098178164921 0.8741697072982788
0.9998884158356863 0.001082905531452501 -0.014899100416182755 -0.011862187646329403 -0.0010757397843239758 0.9999993018520048 0.0004889574821000277 -0.01748507097363472 0.014899619509167681 -0.000472875367119677 0.9998888826901562 0.8384603261947632
0.9999371388604864 0.0008194038685241754 -0.01118243733738907 -0.009502338245511055 -0.0008196570426547458 0.9999996639180763 -1.8057328254567408e-05 -0.019337039440870285 0.01118241878292939 2.7221956667973087e-05 0.9999374744298407 0.919366717338562
0.9999666440496932 0.0007980004918461531 -0.008128590481090691 -0.006594626232981682 -0.0007968801315197242 0.9999996725409586 0.00014106747174530003 -0.020497096702456474 0.00812870039122208 -0.00013458525405408105 0.9999669525123113 1.0008883476257324
0.9999617840336912 0.0008272523154713235 -0.008703225020877486 -0.007004486862570047 -0.0008257200010501074 0.9999996429552817 0.0001796546382675387 -0.0202203169465065 0.008703370533152451 -0.00017246134561855719 0.9999621100814005 0.9860203266143799
0.9999621351628757 0.0008127304975175618 -0.008664162373877064 -0.007096665911376476 -0.0008113458047520665 0.9999996575202451 0.00016333210729854887 -0.020283378660678864 0.008664292151561684 -0.000156296290961173 0.9999624521015684 0.9869166612625122
0.9999526434927231 0.0008466174172540702 -0.009695050843820155 -0.0077765509486198425 -0.0008427484533733712 0.9999995636247815 0.00040314425618455174 -0.019886914640665054 0.009695387922089174 -0.00039495467557664436 0.9999529206236886 0.9690572023391724
0.999934402707277 0.0009072033162993971 -0.011417848509431854 -0.008993533439934254 -0.0009019574909799844 0.9999994853180953 0.00046458177856009507 -0.019002780318260193 0.011418264103002037 -0.0004542528892592164 0.999934706317961 0.9229034185409546
0.9999490837022855 0.0007827050838697479 -0.010060684654191122 -0.008679569698870182 -0.0007825099470572685 0.9999996935668448 2.3332355916964757e-05 -0.019917722791433334 0.010060699833617376 -1.5458582103673545e-05 0.9999493897592466 0.9500868320465088
0.9999565845829492 0.0007564124303140812 -0.009287453334390646 -0.00774437515065074 -0.0007526069489350159 0.9999996314107835 0.00041323247396056684 -0.020195750519633293 0.009287762485315413 -0.00040622473138299877 0.9999567852909865 0.9817755222320557
0.9999746552103534 0.0005682355433472543 -0.007096903923695293 -0.006720215082168579 -0.0005690052468916459 0.999999832452019 -0.00010643760165576324 -0.021379904821515083 0.00709684225299496 0.00011047307958640733 0.9999748109956245 1.0211310386657715
0.99999586752802 0.0005177289714619318 -0.0028278761633186047 -0.0030359700322151184 -0.0005187022860122705 0.999999806490488 -0.0003434631352514836 -0.02302156388759613 0.0028276977952819194 0.0003449285417301739 0.9999959425665086 1.133109211921692
0.9999963853852564 0.0005088706539786347 -0.0026401263377618736 -0.0027701882645487785 -0.0005090232548014728 0.9999998688157957 -5.712895383485266e-05 -0.02327449806034565 0.002640096920170902 5.8472633037228484e-05 0.9999965132285228 1.1541801691055298
0.9999944502663402 0.0005629322085029436 -0.003283678402163037 -0.0032717064023017883 -0.0005634674845631685 0.9999998281158798 -0.00016208826190659768 -0.022898798808455467 0.003283586593047617 0.0001639376083692959 0.9999945955771694 1.1310193538665771
0.9999921363445455 0.0005729823922207198 -0.003924148347135388 -0.0037941066548228264 -0.0005730653760785888 0.9999998355975717 -2.002260412832259e-05 -0.022712457925081253 0.003924136229396258 2.2271240225801732e-05 0.99999230029978 1.1204864978790283
0.9999957482133633 0.0004922106532219568 -0.002874244921512676 -0.0035355323925614357 -0.0004926515604021031 0.9999998669895864 -0.00015269332014225417 -0.023394767194986343 0.002874169381929319 0.0001541086721683971 0.9999958576918614 1.1436299085617065
0.9999980538767806 0.00014581674208665282 0.0019674806552490076 -0.00014316663146018982 -0.0001446393230965215 0.9999998103973214 -0.0005985689494276017 -0.025458145886659622 -0.0019675675635835253 0.0005982832094684901 0.9999978853653061 1.252187967300415
0.9999993477975976 0.00028999288582794787 0.001104675746884048 -0.0004174448549747467 -0.00028968980445518854 0.9999999203613706 -0.0002745124217357145 -0.025220835581421852 -0.0011047552655585602 0.00027419222939695237 0.9999993521670025 1.2580572366714478
0.999999918687747 0.0003375891991391319 0.00022058565639448334 -0.0010768016800284386 -0.0003375283218293459 0.9999999049605346 -0.00027595933331392463 -0.02479781210422516 -0.0002206787963204689 0.00027588485696862703 0.9999999375942052 1.2346857786178589
0.9999981148719771 0.00043095086169443975 -0.0018932865200534396 -0.0025525689125061035 -0.0004311494472208521 0.999999901596784 -0.00010448242216002334 -0.023796387016773224 0.0018932413069580956 0.00010529851463383314 0.9999982022731723 1.1740213632583618
0.9998601919231417 0.0003915868266542299 -0.016716556678217136 -0.01372748613357544 -0.0004094661483658039 0.9999993478323023 -0.0010661484156205077 -0.02120325341820717 0.016716128286544035 0.001072844223537842 0.9998597001881716 0.9684144258499146
0.999996714594574 -0.0008931433695778978 -0.002402726571980004 -0.009232591837644577 0.0008981524946102131 0.9999974240951097 0.0020844964000553182 -0.025776591151952744 0.002400858628646259 -0.002086647566504025 0.999994940877092 1.059090495109558
0.9999996796121043 0.00033229759646290327 -0.0007282540738529866 -0.0019065430387854576 -0.0003323140359429749 0.999999944531622 -2.245293678765847e-05 -0.02456853911280632 0.0007282465724009862 2.26949386444833e-05 0.9999997345708995 1.2182527780532837
0.9999995305544017 0.0003764603797402068 -0.0008928429641836769 -0.0020118970423936844 -0.00037673004164402284 0.9999998834723147 -0.0003018771815706627 -0.02421884983778 0.000892729215344344 0.0003022134006228271 0.9999995558507057 1.1903339624404907
0.9999991700121361 0.0002592617674628649 0.0012620453141602259 -0.0006332220509648323 -0.0002586633376246658 0.9999998540593944 -0.00047431473505301546 -0.025298859924077988 -0.0012621681016531119 0.00047398789652434737 0.9999990911331657 1.2508282661437988
0.9999997719422686 0.0002462482481766108 0.0006288697884578978 -0.0011487910524010658 -0.0002461418875989152 0.9999999553925064 -0.00016920152580369736 -0.025205187499523163 -0.0006289114259849107 0.00016904669601919628 0.9999997879467939 1.2466200590133667
0.9999981367480406 0.0003288733945908125 -0.001902194190318238 -0.0031651202589273453 -0.00032890448115141876 0.9999999457824446 -1.602967749246119e-05 -0.024037718772888184 0.0019021888154514676 1.6655287818349055e-05 0.9999981906985193 1.1803467273712158
0.9999974223096162 0.00033698704654281514 -0.0022453983730778143 -0.0033480310812592506 -0.00033700133977213585 0.9999999431971236 -5.987216434559252e-06 -0.023800943046808243 0.002245396227918344 6.74390326141842e-06 0.9999974790719723 1.1625419855117798
0.9999999237104338 0.00036374823525938527 -0.0001423599234198334 -0.0011936267837882042 -0.0003638042685283256 0.9999998562938179 -0.000393775059679917 -0.024422207847237587 0.00014221666797878459 0.00039382682078679607 0.9999999123374234 1.2060490846633911
0.9999992034354355 0.0004625336340691865 -0.0011743896849043464 -0.0015034331008791924 -0.0004626325904647252 0.9999998894582327 -8.39917187318969e-05 -0.024002987891435623 0.0011743507060903383 8.453496276921239e-05 0.9999993068768894 1.1983815431594849
0.9999992905007389 0.0004996743977113944 -0.0010813526320504064 -0.0015316037461161613 -0.0005001067330275246 0.9999997951160035 -0.0003995762836781381 -0.023812612518668175 0.001081152752459671 0.00040011679191112554 0.9999993355074184 1.1840503215789795
0.9999990490415418 0.0004393045090265958 -0.0013072595611910345 -0.0019275527447462082 -0.0004396082121267879 0.9999998764505211 -0.00023204215589075846 -0.02399853989481926 0.0013071574625144302 0.0002326166172667885 0.9999991186140503 1.1936949491500854
0.9999994333187519 0.00047026942744783596 -0.0009550962467478602 -0.0016580857336521149 -0.0004707650615418601 0.9999997546249045 -0.0005187777822227904 -0.023887723684310913 0.000954852047060409 0.0005192271141845281 0.9999994093302115 1.1821587085723877
0.9999988034762062 0.00044628286825692425 -0.0014811744520355577 -0.00196257047355175 -0.0004464128004023813 0.9999998965390383 -8.7392929709508e-05 -0.023903289809823036 0.0014811352968244886 8.805404037680586e-05 0.9999988992417533 1.1877650022506714
0.9999897916997273 0.0006120221581202648 -0.004476820882504613 -0.003960195928812027 -0.0006116323332187664 0.9999998090416805 8.844485130885389e-05 -0.02239372953772545 0.004476874157827194 -8.570578003548536e-05 0.9999899750758977 1.1071537733078003
0.9999845948349724 0.0006627765521444085 -0.005510972688975049 -0.004720145836472511 -0.0006625160198214574 0.9999997793308016 4.910063113554962e-05 -0.021773608401417732 0.005511004015620134 -4.54487670409795e-05 0.9999848132692565 1.0715066194534302
0.9999959789093034 0.0005405314238637018 -0.00278388056572529 -0.0031614666804671288 -0.0005415049817388123 0.9999997924959004 -0.00034897064511805277 -0.023191500455141068 0.0027836913584589674 0.00035047672707034437 0.9999960641064969 1.1391972303390503
0.9999848528558553 0.0006217274956738121 -0.005468776259286588 -0.004654303193092346 -0.0006200148113171213 0.9999997582208463 0.00031486486336645747 -0.022053930908441544 0.005468970697193471 -0.00031146937178244894 0.99998499656062 1.0915223360061646
0.999977710419563 0.0007093048794667843 -0.006638941981737176 -0.005851605907082558 -0.0007083567302682877 0.999999738578664 0.00014516661661392034 -0.021480940282344818 0.006639043213565592 -0.0001404606416763183 0.9999779514449391 1.045033574104309
0.9999890759537495 0.00059174002133056 -0.0046365738334486935 -0.004768868908286095 -0.0005922084254363067 0.9999998196793641 -9.96514911767449e-05 -0.02263977751135826 0.004636514029603238 0.0001023962206685722 0.9999892460685099 1.0992348194122314
0.9999845118174105 0.0005095596484876516 -0.005542244514628924 -0.004875361919403076 -0.000507586818456056 0.9999998073236147 0.000357363058158251 -0.021967271342873573 0.005542425544563581 -0.0003545443529936694 0.9999845777897701 1.0734710693359375
0.9999860468035598 0.0006432912563206356 -0.005243317132172138 -0.005373447202146053 -0.0006437377657057739 0.9999997893171537 -8.347057884117346e-05 -0.02246920019388199 0.005243262331601631 8.684473541534121e-05 0.9999862502345291 1.089643955230713
0.9998390029551403 -0.0014243586077930508 0.017886849141974925 0.008027059026062489 0.0014780814932385412 0.9999944357054599 -0.002990624218902285 -0.03457514941692352 -0.017882489892929034 0.0030165809579298583 0.9998355448745329 1.6233270168304443
0.9999994945137257 0.00036465033051827486 0.0009370178384452662 -0.00026650726795196533 -0.000364175472878112 0.9999998052162601 -0.0005068961106426387 -0.024894777685403824 -0.0009372024957637114 0.0005065546154992013 0.9999994325267908 1.2347091436386108
0.9999936876732748 0.0005752571000737507 -0.0035062362831791683 -0.003078795038163662 -0.0005745886740387057 0.9999998165602895 0.00019164353090401782 -0.02292059361934662 0.0035063458842980355 -0.0001896276775306177 0.9999938347709367 1.1420034170150757
0.999993828071786 0.0005693942571642021 -0.003466930705331972 -0.0033090300858020782 -0.0005702335337478523 0.9999998083529813 -0.00024109690587153222 -0.02269582450389862 0.0034667927617114147 0.00024307237798609692 0.9999939611136494 1.1150178909301758
0.9999946679891 0.0006080409561186519 -0.0032084699726520264 -0.0028801122680306435 -0.000608223778843237 0.9999998134635724 -5.6005850790622954e-05 -0.022951778024435043 0.003208435320304437 5.7957019897887545e-05 0.999994851278635 1.1401313543319702
0.9999846131454311 0.0006481297540878112 -0.005509391999544328 -0.004771091975271702 -0.0006470234525844166 0.9999997701603992 0.00020258282463299693 -0.021981436759233475 0.005509522033224181 -0.00019901500168734997 0.9999848026645178 1.0819934606552124
0.9999892031902263 0.0005829115386209229 -0.004610175388665483 -0.004325362853705883 -0.0005832228071527404 0.9999998277360896 -6.617362139500104e-05 -0.02229049988090992 0.004610136021131179 6.886166636264278e-05 0.9999893708954798 1.0891469717025757
0.9999965655095732 0.000514540755512802 -0.0025698670917427965 -0.002751726657152176 -0.0005150332752426794 0.9999998491310506 -0.00019099372213618554 -0.02322956919670105 0.0025697684299755613 0.00019231663323527392 0.9999966796467522 1.142769455909729
0.9999996304483272 0.00040064013025920025 0.0007606514936843014 -0.00011180806905031204 -0.00040030739298727 0.9999998241567558 -0.0004375390820896387 -0.024724753573536873 -0.000760826655643717 0.00043723442597993047 0.9999996149843542 1.2311042547225952
0.9999976767821586 0.0005451642553060225 -0.002085479853761807 -0.0020029880106449127 -0.0005452245826197677 0.999999850962953 -2.835888720350235e-05 -0.023538079112768173 0.0020854640826964243 2.949587620245885e-05 0.9999978249824113 1.1743191480636597
0.9999912815162658 0.0006111005857099092 -0.004130792603206032 -0.003755125217139721 -0.0006109534400700193 0.9999998126877363 3.688342057339719e-05 -0.02258068136870861 0.004130814368937834 -3.4359377054750345e-05 0.9999914675596402 1.1145693063735962
0.9999664546153267 0.0006498918761174605 -0.008165003649884695 -0.007358000613749027 -0.0006467817186797527 0.9999997172821569 0.0003835479293723615 -0.021180499345064163 0.008165250606175876 -0.0003782540880158313 0.9999665922451523 1.0318377017974854
