0.7516605311227491 -0.6276309859192711 0.20269630353380974 0.585401713848114 -0.6568125110495645 -0.6843422653620765 0.3166591056133819 -0.12915605306625366 -0.060031419115595064 -0.37115361961471566 -0.9266289545259541 0.04659370332956314
0.7231602050686975 -0.6530092164733172 0.2249850684065587 0.6792708039283752 -0.2702204236830299 0.03228258580448029 0.9622571159925711 0.014898009598255157 -0.6356258651357443 -0.7566616138371768 -0.15311094577382744 0.2254001498222351
0.8304016976839754 -0.5540308378308576 0.059015686186039196 0.5551701784133911 -0.33004715333327095 -0.403799354667973 0.853237925637587 0.008515655994415283 -0.4488896268128451 -0.7280081812055179 -0.5181719705249002 0.16124741733074188
0.963280737653122 -0.23882050970948362 -0.12269875552979102 0.4496476948261261 -0.006554431869617877 -0.47776507228382575 0.8784631893986778 0.13094288110733032 -0.26841620645803693 -0.8454024484514657 -0.4617872240144189 -0.024559196084737778
0.8682307236793625 0.06766716703837503 0.49152473484475967 0.4106670916080475 -0.32867472699676303 -0.6636794760147027 0.671939340231284 -0.08136967569589615 0.37168311004512156 -0.7449501376748987 -0.5539864240984032 -0.004845228046178818
0.8478467416629754 -0.456853339304049 0.2691485259447197 0.7240984439849854 -0.23511154834332287 0.13106199079087083 0.963091539992715 0.259559690952301 -0.4752667277298941 -0.8798339507751866 0.0037089858783104224 0.12301288545131683
0.5707154833834645 -0.755900243357238 0.3207782086096975 1.0223376750946045 -0.5574639262219799 -0.06983283200027668 0.8272589356035968 0.2597746253013611 -0.6029243799910179 -0.6509517629343123 -0.4612417959651502 0.2526402473449707
0.7936419030860211 -0.5780692198128828 0.18965364950594388 0.7228666543960571 -0.3830894543783877 -0.23266959192593156 0.8939280345403032 0.010626405477523804 -0.4726256442577652 -0.7821130596646148 -0.40610855973740184 0.134679913520813
0.9408364976649599 0.29757281612058095 0.16210213992294845 0.4188733398914337 -0.12700355617890596 -0.133847183356593 0.982830111578506 -0.013398990035057068 0.31416043891528367 -0.9452699882116081 -0.08813550934205122 -0.020223557949066162
0.923334467869899 0.19886943820880937 -0.3284880621726196 0.441078245639801 0.2838838887705449 0.22252913642298222 0.9326793238511051 -0.00021073222160339355 0.2585795779637734 -0.9544274356855811 0.1490129922883321 0.01332252100110054
0.7759268696542607 0.5981399557642109 0.20041478554968867 0.3433377742767334 0.18205655287486394 -0.5165170169632955 0.836699218801273 -0.13860005140304565 0.6039808809092071 -0.6127305806843057 -0.5096747305786424 0.001809336245059967
0.8707790191856799 0.30635858331643434 0.3845625022988748 0.40265989303588867 -0.28613564368432404 -0.32029785607288014 0.903070139473382 -0.17488276958465576 0.3998378335767918 -0.8964115694386499 -0.19124854252295326 0.03541427478194237
0.9898856300591043 0.054251357529566877 0.13108481837607697 0.4058053195476532 -0.07924396950178435 -0.5549653549626203 0.8280904830323875 0.015983037650585175 0.11767256562211198 -0.8301025508920038 -0.5450531371366447 0.1695883423089981
0.8145312852820386 -0.07078348478032137 -0.5757851019079467 0.318798691034317 0.5801178621183275 0.0969345508885116 0.8087440626646379 0.023424364626407623 -0.0014322527890549552 -0.9927705631848663 0.12001898818750173 -0.05293501913547516
0.8378328471223375 0.5103746140518677 -0.19378821846099173 0.44834837317466736 0.07044082511399247 0.2509384549293609 0.9654366794331596 0.008190065622329712 0.5413632887813301 -0.8225251638515824 0.17429327121489785 0.00013253465294837952
0.9084050239697085 0.40816767976726426 -0.0905508565393052 0.547195315361023 -0.20867592565043985 0.6303131504245019 0.747769811142354 -0.14626961946487427 0.3622908644729065 -0.6603820694078145 0.657754400915818 -0.06453202664852142
0.885681949712556 -0.24141753638361377 -0.3965918015791948 0.8203414082527161 0.39845824603668456 -0.043232355214815055 0.916167009681067 0.03478261083364487 -0.2383243800343009 -0.9694578570464247 0.05790469145258903 0.34606558084487915
0.9474576936395743 -0.2125575528242636 0.23904645050813683 0.5929238200187683 -0.30727824030993656 -0.3970748266186589 0.8648188625936597 -0.1136949211359024 -0.08890445317984712 -0.8928330576334653 -0.4415259102268744 0.0197104811668396
0.946567061767392 0.09103193080414994 0.3093929300276822 0.6362459659576416 -0.2877897942152962 -0.19456767795226465 0.9377208822681624 0.14190487563610077 0.14556040643857543 -0.9766558279508355 -0.15797329460103188 0.3006255626678467
0.9954860354444954 0.07441024679104802 0.05891237906837794 0.5024182796478271 -0.027538119273166 -0.36756443349252055 0.9295902534010452 0.08460108935832977 0.0908251354080896 -0.9270164520675013 -0.3638561424165936 0.13839119672775269
0.8854791328447789 0.12118472414478948 0.4485988942590134 0.5118362903594971 -0.4544442543883293 0.024337359523030677 0.8904426498011436 -0.015926524996757507 0.0969903343116913 -0.9923315754148901 0.07662192561341913 -0.029462337493896484
0.9167203899009289 -0.11522965036406818 -0.3825517669765274 0.4121962785720825 0.3080211293046013 -0.4059823867747436 0.8604076275409234 -0.14301782846450806 -0.2544537495141441 -0.9065872430746291 -0.33667916486253796 -0.019712384790182114
0.9142223583767746 0.18362186111018525 -0.3612208349008134 0.39027267694473267 0.19910874882443463 0.5728332002874172 0.7951212679774351 -0.054480649530887604 0.3529209339010327 -0.7988398692922805 0.48713620030081467 -0.1610097438097
0.9111488794951342 -0.0203011193380358 -0.4115769477854466 0.34027600288391113 0.3818918898918634 0.4168269584433459 0.8248720331964772 -0.10013554990291595 0.15481054172627354 -0.9087591271995523 0.38754424895994216 -0.11350147426128387
0.8097111268275256 0.41933863242915637 0.4105155325248284 0.5890981554985046 -0.28199123379828683 -0.33544744324266584 0.8988637031735558 -0.09819334745407104 0.5146346618258613 -0.8435817234710594 -0.1533657089214474 -0.14847947657108307
0.9352694020147849 -0.10527471735890262 0.3379177111959507 0.45793962478637695 -0.35389856461613134 -0.26415207612284713 0.8972064905263625 0.050629839301109314 -0.00519149473164468 -0.95871837082899 -0.2843099256400637 0.033069904893636703
0.9205412987995601 0.0590154942505485 0.3861617389679907 0.6106436252593994 -0.3842255172375817 -0.041692581902881 0.9222973926656112 0.08755834400653839 0.07052991640383516 -0.9973860336161898 -0.015704484691736575 0.04781631380319595
0.9168072078094782 -0.044974127285747706 0.3967894549801859 0.5045426487922668 -0.3665204236581231 -0.4892000914970526 0.7914202736351559 -0.021565809845924377 0.15851600155838386 -0.8710112504176741 -0.4649861061319808 -0.041230782866477966
0.9228004119976926 0.17395337319000925 0.3437726335424421 0.5043678283691406 -0.24735009051603124 -0.4166179765154011 0.8747841987404229 0.009279623627662659 0.2953935211520387 -0.8922834110303911 -0.34142785776993934 -0.11583642661571503
0.8543820409257237 -0.3103239295901718 0.4168097729987969 0.3799539804458618 -0.49011212159060275 -0.2146698113164191 0.8448118017519232 0.05929476022720337 -0.17268884275931878 -0.9260755535230841 -0.33550355102943413 0.06401769816875458
0.9390922572480779 -0.1572166245353866 0.30559559117632773 0.47327736020088196 -0.28928396433024284 0.11842178944646631 0.9498900293011163 -0.22678793966770172 -0.18552768084059246 -0.9804382758511605 0.06572873715442273 -0.118986576795578
0.9880073569460402 -0.12207399620577497 0.09454841125503938 0.46449723839759827 -0.14300032136148183 -0.492435651476716 0.8585208426387884 -0.18189987540245056 -0.05824406159440243 -0.8617453618123249 -0.5039866671688177 -0.24223239719867706
0.7565003538843443 0.5263535116413793 0.3881484192363148 0.45728909969329834 -0.06458963229249962 -0.530471995476829 0.8452382157801142 -0.16723918914794922 0.6507959695428217 -0.6644933730276168 -0.36730527253117284 0.013616286218166351
0.5917087548196649 0.7668601284144225 -0.2486087144851875 0.3122658431529999 0.6274617913803624 -0.24448514466216273 0.7392690406051565 -0.12796953320503235 0.5061348138860917 -0.5934244328368501 -0.6258394304330421 0.022614706307649612
0.6050711482365395 0.7436017888260472 -0.284508849117946 0.3987181782722473 0.6364243152159138 -0.23701733213673423 0.7340210318980922 -0.04114793241024017 0.4783858239681343 -0.6252032980731048 -0.6166586085548807 0.15710966289043427
0.9731131401239385 -0.2209179683155597 0.06516185842541514 0.47272711992263794 -0.12600305608624907 -0.27378142703292163 0.9535024698807774 0.043038107454776764 -0.19280572184210212 -0.9360763758834759 -0.294256643319745 0.20866283774375916
0.8922979813155356 0.15434132036628623 -0.4242441153013337 0.33728644251823425 0.35103255461121396 -0.8281107960176439 0.43704536963815216 -0.0528278648853302 -0.28386697261806454 -0.5388981966444268 -0.7931004195623903 0.053720150142908096
0.7541074634458276 0.6529296166671056 -0.07074495921439333 0.4102640748023987 0.39316168415589925 -0.3625321114060345 0.8449818686286583 -0.008637391030788422 0.5260663681390367 -0.6650213409195445 -0.5300950786741698 0.11427992582321167
0.8011631770546691 0.2058513370415291 -0.5619277451504633 0.3617269992828369 0.5593443369917542 -0.5914187022038365 0.5808251297583336 -0.03688108175992966 -0.2127709482211425 -0.7796468083188342 -0.5889646660635349 0.14916087687015533
0.9097947229923766 0.2670620898794762 -0.3177285038589261 0.39928340911865234 0.4091745057230324 -0.4486531467729904 0.7945354477661811 -0.034102726727724075 0.06964040408798026 -0.8528705611286512 -0.5174572640117856 0.10299251973628998
0.8102483985621867 0.03301037500926099 -0.5851562592753836 0.37353765964508057 0.5293692879294083 -0.46970137554729474 0.706504617682072 -0.008516937494277954 -0.25152671751629724 -0.8822079873537347 -0.39804946605258684 0.18295860290527344
0.8688844563125967 0.33618237589446187 -0.36334723298288296 0.3637661933898926 0.4786621746811194 -0.7577032714628983 0.44358570191560803 -0.05970543250441551 -0.12618369192532067 -0.5593452981409389 -0.8192743822064251 0.08549804985523224
0.8238494096704508 0.12574630004403922 -0.5526843748568293 0.38967812061309814 0.40609079614920796 -0.8111989934044047 0.420768889513689 -0.029683146625757217 -0.3954268775242171 -0.571090239038381 -0.7193702269391838 -0.012317627668380737
0.7666537465289865 0.3352307231948598 -0.5475969276386777 0.41166478395462036 0.6404975176352807 -0.45878698365467574 0.615855042629422 -0.08789660036563873 -0.04477681136605438 -0.8228820485678949 -0.5664452059189778 -0.01595550775527954
0.9862036658426582 0.14378076208146173 -0.08203305390985573 0.4940739870071411 0.15529986198279272 -0.6320582368541422 0.7591998011676235 -0.022383272647857666 0.05730865856595092 -0.7614653489687548 -0.6456672827186337 0.15645922720432281
0.9563329778570413 -0.16847908661891137 -0.23883473959024656 0.3642469048500061 0.13265539384297131 -0.4779361560901853 0.8683199739647269 -0.013227894902229309 -0.26044151348709693 -0.8620857428781636 -0.43471644778953883 0.17707349359989166
0.8468447370521428 -0.3822103237242789 -0.36982328180587704 0.49424272775650024 0.2881886723186028 -0.2546507419950925 0.9230927844743397 0.09376798570156097 -0.4469913651004101 -0.8882951469190468 -0.10550095490440392 0.20041470229625702
0.5700757538492857 0.6153747727755081 -0.5443597375859652 0.4014768600463867 0.6133313413462129 0.12209731250079164 0.780331283496016 -0.0028641223907470703 0.5466610472638638 -0.7787208327196443 -0.3078239173501627 0.15187956392765045
0.7603203244109116 -0.642128249228515 -0.09789951905095556 0.5972142815589905 0.15185088025485713 0.029173690712248734 0.9879727759083503 0.046754881739616394 -0.6315491385897944 -0.7660419096322004 0.11968908986846083 0.32771557569503784
0.7935061746971581 0.5528801217189357 -0.25430596085333546 0.32982853055000305 0.6050824700245029 -0.6721564011355639 0.4267094759687598 -0.2360086888074875 0.06498580757773167 -0.49247268291809015 -0.8678983243404312 0.20026306807994843
0.9021619207721174 0.3305414189133839 -0.27721154213252175 0.391413152217865 0.40651005883569663 -0.43626562410580544 0.8027589160445189 -0.013880565762519836 0.14440720471694785 -0.8369078059178915 -0.5279506450602542 0.21912266314029694
0.38931065766711337 -0.7562007822429392 0.5259254593209639 0.6434361338615417 -0.7618555138924309 0.05655535068921344 0.6452733283346839 0.11095224320888519 -0.5177000944354755 -0.6518909949091085 -0.5540981347901406 0.18306419253349304
0.5134275046891852 -0.849784342870551 0.11941008349675686 0.5923681855201721 -0.15302944963564158 0.04625265032897791 0.9871386325545961 0.18445585668087006 -0.8443779870252713 -0.5250973842532556 -0.10629464745479722 0.3104199767112732
0.9721729181539218 -0.22572394393743994 -0.06267789356236983 0.4460490345954895 -0.002060404475242583 -0.27578031029818356 0.9612184846252364 0.11178167164325714 -0.23425535627064473 -0.9343414373692119 -0.26857123165623725 0.32215416431427
0.2439233990573127 -0.734866533949147 -0.6328290074529564 0.44835615158081055 0.7743557520977914 -0.24526243791786922 0.5832833837335393 -0.08670908212661743 -0.5838446236674538 -0.6323112475894687 0.5092228800696792 0.1688237339258194
0.92612592709426 0.126824440671562 -0.3552553003294146 0.41019105911254883 0.27566217305743057 0.4153234954204954 0.8669006635693369 -0.05357212573289871 0.2574900648744575 -0.9007896288257581 0.3496811563280191 0.07496008276939392
0.28404617008963273 0.6828349409771353 -0.6730930222771316 0.33401912450790405 0.9195974105494842 0.004694708440906581 0.39283401357741177 0.02639976143836975 0.27140076596814294 -0.7305575973825793 -0.6265997296029566 0.09596014022827148
0.6052468981449295 0.5983343391245085 -0.5250449608465727 0.3504280149936676 0.6080038336986539 0.07826445678260047 0.7900670939940886 0.08503338694572449 0.5138166311960727 -0.7974150070251764 -0.3164202523185847 0.2200753092765808
0.3804460804154021 0.8526165782239595 -0.3581979207564217 0.35345280170440674 0.8541803681114449 -0.17551400450914584 0.48945963363096634 -0.0976920872926712 0.35445264652637815 -0.4921786309449344 -0.7950619577187782 0.10580682009458542
0.07587651122786007 0.002920500072056742 -0.9971129453192438 0.20641130208969116 0.6410548952439286 -0.7660827852116148 0.04653802194131751 -0.0596727691590786 -0.76373514802429 -0.6427352774523457 -0.05999988992133157 0.05542917549610138
0.1795083613734125 0.44831384322835754 -0.8756662869877153 0.21207699179649353 0.9800117342711041 -0.15908565172690795 0.1194518987106003 -0.0653071179986 -0.08575400216884865 -0.8796058511540521 -0.4679100316594852 -0.09588520228862762
0.9442393706860384 -0.14627422583428107 -0.2949845109544157 0.425537109375 0.3280564643684339 0.49447149321702377 0.8049080062850719 -0.029064778238534927 0.028124136120359938 -0.8567974050219272 0.5148856569328524 -0.06068091839551926
0.9931911114774616 -0.06275248534414535 -0.09815060705516347 0.4589416980743408 0.03464298874358107 -0.6453116353387143 0.7631335116658068 -0.0029885247349739075 -0.11122625325468981 -0.7613376510324489 -0.6387438467079871 0.020279236137866974
0.5927422750686354 0.7735575983051953 -0.22419910225234344 0.31806066632270813 0.8053185765490439 -0.5730248824045717 0.15200156055201844 -0.20771178603172302 -0.01088970208409859 -0.27064945270501706 -0.9626163764132599 0.06342136859893799
0.9355652061853885 0.08292702790445731 0.3432795551998758 0.4493469297885895 -0.2386296504644122 0.8650011577701164 0.4413942534464969 -0.05211862176656723 -0.26033369911427845 -0.4948697860036428 0.8290538342026921 -0.08056166768074036
-0.44764315490475787 0.8809817007182846 0.15325419689663733 0.2793377637863159 0.8057286532522657 0.47171297394955886 -0.3581734322028264 -0.2536180019378662 -0.3878362324425153 -0.03685258752355347 -0.9209912831279207 0.04166330769658089
0.3729325192100397 -0.7641304210802489 -0.5263326283780771 0.40053221583366394 0.42840708498424623 -0.3613664307158599 0.8281797342889892 -0.28713780641555786 -0.8230362723786566 -0.5343397817226425 0.19259359287796812 0.10160332173109055
0.69230561338304 0.6468327116336633 -0.3198755708693227 0.26458948850631714 0.7215953721791638 -0.6183423180295292 0.3113726008875583 -0.34498900175094604 0.0036133817881697505 -0.4463857310606049 -0.894833349053075 -0.09033337980508804
-0.39390898351486003 -0.00830199005752591 -0.9191119570908513 0.2542118430137634 0.7639929168291948 0.5530002261918004 -0.33242378504950076 -0.11075626313686371 0.5110288991251952 -0.8331397402554402 -0.21148909538316354 -0.06966181844472885
0.4975634951828562 0.2834597517213496 -0.8198055485390974 0.2899208068847656 0.8364272921906186 0.09362127196332248 0.5400226312985771 0.00461462140083313 0.22982591920862422 -0.954403282994165 -0.19051094527577805 0.0788373053073883
-0.6741725732056894 0.37436323761965234 -0.636665931125697 0.1541934609413147 0.7128387738537876 0.1042426344467479 -0.6935375661449278 -0.14644873142242432 -0.19326723474983457 -0.9214041672808589 -0.3371381563834312 0.012094810605049133
-0.1734455879844077 0.36180122118121383 -0.9159784409911214 0.15291257202625275 0.9281636240116127 0.37102495526639023 -0.029202219628013004 -0.09029833972454071 0.32928546137109155 -0.855242865460657 -0.40016337414645 -0.08529460430145264
-0.30267161953828847 0.497743575438634 -0.8127983906453277 0.28810369968414307 0.7879442503605986 0.6104715817002755 0.08042578106576626 -0.07774634659290314 0.5362217349658108 -0.6160972172035263 -0.5769666107361215 -0.043889909982681274
-0.29470612557188863 0.7360730302565014 -0.6093806640183277 0.1842876374721527 0.5451121238037798 -0.39427147232868504 -0.7398667302899246 -0.146808922290802 -0.784857357761612 -0.5502240454912734 -0.2850481147642945 0.1500728875398636
-0.3341832516321379 0.45280658294953613 -0.826612214261401 0.18984101712703705 0.9089944514569991 -0.07695348642794317 -0.4096428299713956 -0.000594012439250946 -0.24909966188046223 -0.8882816891978293 -0.38588210516541205 0.0696549266576767
-0.5074630270011072 0.1924785318078206 -0.8399007626023324 0.1590333878993988 0.8517889458050467 -0.03516185376093811 -0.5227037744692703 -0.05655640363693237 -0.13014172286857495 -0.9806710247749754 -0.14610774495419068 -0.03142170608043671
0.42568804229444923 -0.5103085552264286 -0.7472448521804846 0.23133638501167297 0.8985031484907104 0.1405907688703275 0.41584411485643313 -0.03783602640032768 -0.1071530811493509 -0.8484217195305441 0.5183616527377728 -0.04623369872570038
0.42471039282935413 -0.06528819316910878 -0.9029720560767364 0.24252121150493622 0.7094307517294607 0.6436283316309217 0.2871420889082067 -0.09883125871419907 0.5624314097943927 -0.7625483739112616 0.31967309352208967 -0.11867372691631317
0.9929948786313973 0.03407256405667258 0.11313810759607237 0.29269200563430786 -0.10512356770261236 0.6919279212980469 0.7142722080843116 -0.028271600604057312 -0.05394633004469146 -0.7211621260900822 0.6906627117254424 -0.05369218438863754
-0.24440718959867833 -0.17923326744881313 -0.9529640924568451 0.23420563340187073 0.3663682580584821 -0.9269910747575892 0.08038561318397396 -0.14528878033161163 -0.8977969843788013 -0.32948897274323496 0.29222866334591235 0.023633629083633423
0.05912465075061446 -0.7916973386109187 -0.6080457217265871 0.4906296730041504 0.20825164502927856 -0.5859271152454453 0.783147922146736 -0.16015228629112244 -0.9762866013708358 -0.17292986918557185 0.1302295370768236 0.019293081015348434
-0.5801133304420178 0.338552075917636 -0.7408447986827807 0.05082571506500244 0.5584265921110196 -0.4968341615524603 -0.6643158564551481 -0.1892416775226593 -0.5929825166619532 -0.7990859201652369 0.09916363812876862 0.08416669070720673
0.22397046235066714 0.04657116720921772 -0.9734825927458586 0.29660743474960327 0.7805744032405453 -0.606657765707579 0.15056545524241116 0.0174473375082016 -0.5835587656783974 -0.793597808522339 -0.17222568132669996 0.13430912792682648
-0.7458362674943568 -0.14090830856924927 -0.6510553821805325 0.11642977595329285 0.6213230294048293 -0.4995568317966326 -0.6036560816694523 -0.10399900376796722 -0.2401790066206695 -0.8547443011693403 0.4601371799770632 0.006678421050310135
0.12233891924437035 0.5751941047681733 -0.8088169945531928 0.5014774799346924 0.7117951245724764 0.5170697983494688 0.47538039954303235 0.19309712946414948 0.6916508436147336 -0.6338695177043772 -0.3461625991528374 0.25156736373901367
-0.7829909551302061 -0.35165675087615755 -0.5130913113155513 0.3119126558303833 -0.14995890564909442 -0.6938190437667044 0.7043631599701833 -0.3084733486175537 -0.603686583253938 0.6284525949265228 0.4905199742409133 0.023950695991516113
-0.755340228746696 -0.5762120947592445 0.31215502669355183 0.212203249335289 -0.6074264483092221 0.4368209653602545 -0.6634911861631465 -0.19986480474472046 0.24595578613102925 -0.6907728035142224 -0.6799549140889921 -0.14386847615242004
-0.2730814968212333 -0.714064565085149 -0.6446225973262433 0.42527592182159424 0.8166983188990223 0.18202012311564578 -0.5476061821130915 -0.11493006348609924 0.5083604547969737 -0.6760033074406682 0.5334690022183969 0.17214106023311615
0.7515850997884665 -0.24370645779100092 -0.6129657414627048 0.3859787583351135 0.45031329203446174 0.8685892094092817 0.2068108418696755 -0.08925320953130722 0.4820142910672316 -0.4314625681663723 0.7625629649269837 0.1685636192560196
0.1454927420043743 -0.6428715728151202 -0.7520292566717481 0.42285609245300293 0.9859809374624331 0.15697903084079284 0.05656124854515532 -0.08517906069755554 0.08169120506364197 -0.7497157626344126 0.6566984256664171 0.008291292935609818
-0.8593161631307534 -0.4880203343744999 -0.15300942787698313 0.2883451581001282 -0.4243869531847686 0.8473504004090192 -0.31920684969659363 -0.25404077768325806 0.28543203350147894 -0.2093644004210745 -0.935251357704192 -0.10944317281246185
0.6373411259453444 -0.7291133525249278 -0.24937924602616912 0.47875040769577026 -0.014233647248951264 -0.33470840493020104 0.9422142468436108 -0.04643896594643593 -0.7704503179730103 -0.5969623127459058 -0.2237013739259247 -0.10111990571022034
0.3120174828083059 0.8764069954875728 -0.3668185773409171 0.2602670192718506 0.3349334518514206 -0.46277363462216836 -0.8207680219949365 -0.19149331748485565 -0.8890808024318493 0.13323415988039167 -0.4379314848102446 0.04540150240063667
0.6644671475289814 -0.3582012069977159 -0.6558775077406439 0.32961058616638184 0.01111249891389593 -0.8728094775116029 0.48793455333047653 -0.13327357172966003 -0.7472348507815917 -0.3315049189247461 -0.575972713334677 -0.0055334605276584625
0.7280498353742058 -0.27091576340316575 -0.6297206415159593 0.29733532667160034 0.2859040955460536 -0.7148971448139063 0.6381072954346451 -0.16054169833660126 -0.6230588137259472 -0.6446136218515742 -0.4430248222863035 0.06542885303497314
-0.39397370165254647 0.6093576827479222 -0.6880900645135584 0.24308419227600098 -0.8785437060969864 -0.4696525440907538 0.08710593726293725 -0.3175561726093292 -0.27008457727823426 0.6388346439456499 0.7203781082260012 -0.012041576206684113
-0.6652986789744236 0.6736879235733881 0.3217487364175091 0.17973187565803528 -0.16517720626371374 0.28746108502587864 -0.9434418981191471 -0.07857716083526611 -0.7280756542323068 -0.6808162059081154 -0.07996959101481696 0.028990289196372032
-0.4886434652082167 0.7264595689302237 -0.48320188184548674 0.22627997398376465 0.3351526405447328 -0.3550419603512439 -0.8727072326535622 -0.05148836970329285 -0.8055434634116271 -0.5883890728928088 -0.06998590897560264 0.06655122339725494
-0.3663679569170258 0.7209488573446164 -0.5882238223992088 0.2650017738342285 0.8506522732599585 0.0033453499917191296 -0.5257180980631136 -0.08612435311079025 -0.3770480475245947 -0.6929801972112367 -0.6145024134460063 0.01341739110648632
-0.7492366845311357 -0.2673293315693389 -0.6059533142375592 0.25302326679229736 0.5726218955181511 -0.7211918400324125 -0.3898544531538185 -0.044648922979831696 -0.3327890552977836 -0.6390753933248828 0.693422011707629 0.04756028205156326
-0.9225846750156126 0.20638985519360423 0.32594592358165697 0.17738088965415955 -0.3691654191898389 -0.22690838088885767 -0.9012377488525365 -0.10295591503381729 -0.11204646670344774 -0.9517960991491614 0.28553419224974264 0.015927672386169434
-0.752120786186157 -0.653957566490456 0.08157097655783149 0.23602819442749023 0.6386394668011297 -0.7537981125752093 -0.15468689964577198 0.005438849329948425 0.16264671663051242 -0.06424878759893621 0.9845903406297367 0.09025955200195312
-0.4860049232005298 -0.0904420321550507 -0.8692637421660424 0.23015309870243073 0.4911701279286495 -0.8509569641069957 -0.1860756584520375 -0.059008993208408356 -0.7228769743569102 -0.5173900695389022 0.4579916984914998 0.08813142776489258
-0.5423684302956179 0.1986718402118777 -0.8163124314412307 0.20023247599601746 0.09270737108580332 -0.9515512326545016 -0.29318184626620014 -0.09660282731056213 -0.8350100772835181 -0.23469075725414668 0.49767300438586026 0.07013681530952454
0.5159438755331871 0.043958384181019425 -0.8554937625488502 0.31851744651794434 0.18765352375015731 -0.9802253036307798 0.06280532737033119 -0.08451933413743973 -0.8358158124395253 -0.19294044309615138 -0.5139901877408912 0.12840019166469574
0.19561559400280681 -0.929090281064032 -0.31388817915825806 0.30410826206207275 0.9795912239062012 0.20020165570404558 0.017897795934390087 -0.13249850273132324 0.04621226491830219 -0.31098319357437376 0.949291251347764 -0.028176333755254745
-0.21063261111444337 0.06558726370358153 -0.97536260640594 0.20436300337314606 0.915771806138459 -0.3358694990223408 -0.2203489929824653 -0.0757715255022049 -0.3420466374882472 -0.9396222594566173 0.010682102631267412 0.1163197010755539
0.5567319273552948 -0.2994641785514457 -0.7748359612380977 0.3401394486427307 0.8306354752026001 0.2115900649213608 0.5150479121028696 -0.04574490338563919 0.009709191429250974 -0.9303498536524216 0.3665445149101375 0.09137287735939026
-0.29377679741223683 -0.7271042107022075 -0.6204954956172768 0.2568235695362091 0.952091105561293 -0.16488777103797025 -0.2575549449597216 -0.11208316683769226 0.08495716575595541 -0.6664319093060072 0.740709653133713 0.03218207508325577
0.42292163238512326 -0.25680667598517426 -0.8690153186395209 0.23949943482875824 0.7412824074072734 -0.4535306989811495 0.49478308130952375 -0.10285939276218414 -0.5211887233327095 -0.853440235898868 -0.0014416725373241623 0.15111425518989563
-0.6087574696212626 -0.16479230618413204 -0.7760527295247616 0.20765691995620728 0.3198808488470022 -0.9461367789922045 -0.050014377724590386 -0.09816205501556396 -0.7260100451930668 -0.2786910318987174 0.6286817342805414 0.11623461544513702
-0.039716381056384975 -0.399461567537044 -0.9158892209959849 0.20009392499923706 0.9883213851014138 -0.15066052532163732 0.022852699206693194 -0.09997262060642242 -0.14711712621923845 -0.9042852769843465 0.40078010055682245 0.09541274607181549
0.09610991982046341 -0.993450342732889 0.06180048410821099 0.2868778109550476 0.9850162015612433 0.10385890019990246 0.1376822846670065 -0.0988604724407196 -0.14319904320198518 0.04764184477087176 0.9885465536093199 0.03330696374177933
-0.10013796967499822 -0.657106767146661 -0.7471165127337454 0.2544686794281006 0.8925794038922479 -0.39110952529878484 0.22435540325099948 -0.06917645037174225 -0.4396298383603285 -0.644394317006771 0.6256848802973016 0.18316851556301117
-0.6072079268483144 -0.6861778325500809 -0.40057273458068204 0.2519378066062927 0.7307004804339385 -0.6802599042614008 0.0576478147710857 -0.09190142154693604 -0.3120502226664544 -0.2576944795123543 0.9144496780920606 0.10046274960041046
-0.19491306815812254 -0.7093274338402444 -0.6773946320002844 0.2338685542345047 0.9465186668011141 -0.31708181372242267 0.05967861261407015 -0.009015105664730072 -0.25712119566116765 -0.6295345224911121 0.7331950461737033 0.1452212631702423
0.28851975110502226 -0.8144014681348865 -0.5034943911525112 0.22922590374946594 0.8879021758680311 0.03078690380964566 0.45900097237656473 -0.017051301896572113 -0.35831003238970627 -0.5794846117487138 0.7319914654115378 0.15476761758327484
0.7613912180412694 0.31443898570536427 -0.5669316866768109 0.25856465101242065 0.6464655879087073 -0.3026448079276242 0.7003487444725667 0.0031595230102539062 0.04863801742959173 -0.899741209739241 -0.43370508269731584 0.1639658361673355
-0.10216009520163755 -0.6727972116857751 -0.7327395355078359 0.20848700404167175 0.9388085431085492 0.17836204425732716 -0.2946616713363838 -0.09876850992441177 0.3289404723271312 -0.7180048002041448 0.6134062866885294 0.1516922265291214
0.5146970057112786 -0.42890350542043115 -0.7423804788313806 0.2938958704471588 0.8573721360752429 0.25759236504075633 0.4455998134587634 -0.01129353791475296 0.00011222129511062606 -0.8658452266489524 0.5003119335930386 0.2456159144639969
0.34457321089356163 -0.45840433488344223 -0.8192281538708066 0.32494378089904785 0.9371106613539276 0.21966128619173542 0.27124256252549483 0.025594554841518402 0.055613943497162366 -0.8611703577740362 0.5052649841222256 0.2576614022254944
0.42808256371197884 -0.7208874667416237 -0.5450381444822225 0.2635153532028198 0.7716211092242146 -0.022411796471353218 0.635687482320141 0.009202525019645691 -0.4704744227323867 -0.6926896647660994 0.5466578874221577 0.21330876648426056
0.6789123275097165 -0.47803708622210295 -0.5572778443035586 0.32781800627708435 0.7063988959526791 0.21832335592537833 0.673301947163616 -0.01967330276966095 -0.20019653181854985 -0.8507734460205975 0.48590728765276 0.24695292115211487
0.33765631889281605 -0.7273987923741749 0.5973936785440106 0.5857176184654236 0.29914965180936104 0.6846915558085814 0.6646103815219577 0.03667852282524109 -0.8924671961109218 -0.04569978399310021 0.4487915257766049 -0.018118783831596375
0.810902731212156 -0.06628805306099539 0.581414357007159 0.7211641669273376 -0.5719529806365443 0.12027940833562795 0.8114201450983354 0.12027318775653839 -0.1237196364916997 -0.9905244862959288 0.05962125119911316 0.343430757522583
0.6873689276179431 -0.48492209952558946 -0.5407166677078239 0.35835784673690796 0.44489261408231623 -0.30735174527729653 0.8411928831189689 -0.015011049807071686 -0.5741032305085578 -0.8187707017637443 0.004474220931466155 0.21292832493782043
0.8858269363439524 -0.06105466501494239 -0.4599814852006545 0.23467841744422913 0.4575085656840807 0.2803558788105251 0.8438521751717376 0.021641239523887634 0.07743740164275911 -0.9579524565949455 0.27627982143205226 0.21144817769527435
0.5174037084121699 -0.7277730609769532 -0.45015527791815435 0.29152169823646545 0.8018898815870056 0.22867725175780107 0.551977655650007 0.0075315386056900024 -0.2987741962246955 -0.6465702484995236 0.701912311778011 0.22725550830364227
0.8134696702144231 -0.021590872522763038 -0.581206443413133 0.3006170392036438 0.5405238718818024 0.39697986045404776 0.741782268809244 0.014411546289920807 0.21471152639563262 -0.9175733347354808 0.33460145817863224 0.27092909812927246
0.9492256817362454 -0.19499350195866635 -0.24687676951518844 0.3752328157424927 0.26850327872392943 0.09320800679165786 0.9587587062365722 0.03280939906835556 -0.16394082605275528 -0.9763656086035709 0.14083182839585084 0.3286914825439453
-0.18745902627464295 -0.420704887916163 -0.8876184488571717 0.3062964975833893 0.7583484541928907 -0.6363196806938352 0.14143862974784788 -0.16531717777252197 -0.6243130108298367 -0.6466101307937762 0.4383247691648736 0.20986871421337128
-0.41014930777939007 -0.29564215710183617 -0.8627706881160606 0.24036338925361633 0.9119695336134084 -0.1427397292966805 -0.3846257134426313 -0.1172206848859787 -0.009440078867784973 -0.9445745521791723 0.3281612412922745 0.05395960062742233
0.07470735374094697 0.013025419806411365 -0.9971204289030946 0.23926517367362976 0.9313494647607877 -0.3582599798292914 0.06509962628548388 -0.1205267533659935 -0.3563803947845882 -0.9335309985702576 -0.03889587280931711 0.06681106984615326
-0.3403635306516969 -0.3945069220760399 -0.853532047105673 0.24222305417060852 0.7200352077978719 -0.6931407605538636 0.033244331701613505 -0.1417018473148346 -0.6047329712640007 -0.6032579667877589 0.5199787101154356 0.11999999731779099
-0.5407539870574691 -0.43144700564160504 -0.7221070604864236 0.2697697877883911 0.809632335891378 -0.49984934345519755 -0.30764608648003144 -0.10095713287591934 -0.2282117572793336 -0.7510020740119836 0.6196089723924094 0.13868030905723572
-0.23518502359816285 -0.9177503323957699 -0.32003489194552714 0.27027833461761475 0.9700803625260805 -0.2420595406553151 -0.018742172206175495 -0.1057928204536438 -0.06026686416597141 -0.31486744221210217 0.9472203539401002 0.14093932509422302
0.1495238817725933 -0.7402807218020271 -0.6554594279647868 0.2491871863603592 0.9852007226353849 0.1677278228412719 0.03531166328060037 -0.10557806491851807 0.0837982392319262 -0.6510390390546461 0.7544044172248942 0.1034863293170929
0.39653195307613376 -0.9048317319379602 -0.15505465832337273 0.26907646656036377 0.8965870146075479 0.34542524251863016 0.27715181231244007 -0.08303874731063843 -0.19721596138941527 -0.2489195426419881 0.9482325273181424 0.15827889740467072
0.19812480921925302 -0.7876494127217613 -0.5833994880104878 0.21680134534835815 0.9573315018859847 0.027743331943398175 0.287657266602816 -0.13096870481967926 -0.2103876314533716 -0.6154987491228094 0.7595382375889297 0.02400122955441475
0.6392415493176913 -0.672053013541662 -0.373784682157373 0.31185799837112427 0.6654192389790003 0.727040068183797 -0.16920394691586826 -0.08659299463033676 0.38547046322970796 -0.14056132556599865 0.9119512244262868 0.0682864859700203
0.10842273091008359 -0.9231034313406637 0.36895062876907014 0.3330563008785248 0.9927193985405202 0.08095087494845199 -0.08919165659650061 -0.15088734030723572 0.05246624803955016 0.375934849265365 0.9251595980826659 0.03464052826166153
0.8309454443225408 0.4540052690975089 0.32157251777991464 0.5244435667991638 -0.5332369571251648 0.4850250787820062 0.6931154452963832 0.05605483055114746 0.158707328487093 -0.7474154725346587 0.6451217678084369 0.2873440980911255
0.8400712523497231 0.29384433193526593 0.455999780224821 0.24150046706199646 -0.43109682935872473 -0.1486424625352929 0.8899780570600034 -0.21097759902477264 0.3292959378620124 -0.944225040401366 0.0018051001679555423 0.009233161807060242
0.7758461452529417 -0.062676911664518 -0.6278012134747346 0.34651705622673035 0.5710399927155783 -0.35336246347802114 0.7409779322787801 -0.16493019461631775 -0.2682835917747176 -0.9333844728454305 -0.23836388198616498 0.25238436460494995
0.7987932008187704 0.2663463680867759 -0.5394339946023865 0.15884043276309967 0.48313116133968326 0.2503022919335025 0.8390071773205547 -0.1473003327846527 0.35848807967388924 -0.9308106009601629 0.07125953881346592 0.025667957961559296
0.018570131726106914 0.00018662840114180845 -0.9998275428180174 0.12481618672609329 0.8925005344112613 -0.45074470717453496 0.016492574988621 -0.2188168615102768 -0.4506638950296413 -0.8926528855742204 -0.008536954534832053 0.05966661125421524
-0.0854465090545759 0.36402901234344354 -0.9274598494073172 0.2073841392993927 0.9910107345599091 0.12722689608844764 -0.04136473013001257 -0.13137583434581757 0.10293987603167049 -0.9226571384235622 -0.37162775305220125 0.05220409855246544
-0.26104111833217963 0.0366032621517941 -0.9646334722264887 0.1795867383480072 0.940141352474822 -0.21713563837641187 -0.26265253075818684 -0.24635757505893707 -0.21907024422932758 -0.975454927583389 0.0222690894871721 0.1264898180961609
0.3870832806649662 -0.8318322837554516 -0.39777077008226347 0.26280418038368225 0.42841343414850075 -0.2197510927497885 0.8764538702500904 -0.10724698007106781 -0.8164731858859391 -0.5096709810627478 0.27130615140796366 0.1911068856716156
-0.44509909784216106 0.4711170493988149 -0.7615349754711527 0.20694035291671753 0.7270196533689393 -0.3063846690946559 -0.614467947218621 -0.14600887894630432 -0.5228089677075194 -0.8271500228552939 -0.20613981414342347 0.04545234143733978
-0.5916708851916176 -0.3484369953587765 -0.7269919008365331 0.10938534140586853 0.6551693144847566 0.3176445312459881 -0.6854597881182314 -0.16915205121040344 0.4697645505720305 -0.881869384906214 0.04034420641174766 -0.0008317939937114716
0.9411637996785494 0.308572505272009 -0.13781767363002095 0.30662548542022705 0.33723152173072096 -0.8309278484840956 0.44253114168923036 0.051631197333335876 0.022036400019451605 -0.46297075458796244 -0.8860995866551542 0.21672175824642181
0.39178694391420754 -0.6315572290936883 -0.6690578875985751 0.34883180260658264 0.8225336841947287 -0.0853956626130436 0.5622685472013574 -0.1298682540655136 -0.41223940731498665 -0.7706121249931001 0.48602018874755276 0.003820231184363365
-0.17227842505847657 -0.6873411697851132 -0.7056077242900642 0.22694990038871765 0.97052080072387 0.004130340227378015 -0.24098198200675613 -0.09076327085494995 0.16855123737804278 -0.7263229699025349 0.666367333961001 0.09821702539920807
-0.19867101260169634 -0.1515698033233524 -0.9682749730692914 0.214674174785614 0.9473066192606057 0.22360490271147432 -0.22937091487029088 -0.13036832213401794 0.2512767356061017 -0.9628226431715825 0.09915926552384752 0.18144848942756653
0.9939585759037873 0.10536893833666125 0.030720290055924367 0.18266534805297852 0.09833535171461488 -0.7306193932938235 -0.6756666787300735 -0.1782224178314209 -0.04874944092477607 0.6746055803036098 -0.736566903297149 0.1712668538093567
0.6701645761766999 -0.6825245282813914 -0.29161568739038823 0.41114991903305054 0.7233104680973299 0.6886818727526061 0.05039092063839437 0.0435086190700531 0.1664373983776659 -0.2446988893236496 0.9552073314129487 0.41303491592407227
0.9594910673788549 -0.273394258737457 -0.06806225759980239 0.48197290301322937 0.18492108465142737 0.4288549424011766 0.8842441013823179 0.08901789784431458 -0.21255842507773026 -0.8610104631579569 0.4620388492984059 0.29938220977783203
0.4807584844480813 -0.002269007028290082 -0.8768501190273565 0.658633291721344 -0.8563165139560995 -0.21637211640201842 -0.4689404388296924 -0.6107140183448792 -0.18866188686975693 0.9763083318556781 -0.10596571894686552 -0.20883478224277496
0.3716863644792011 -0.9213908875386159 -0.1135256747217836 0.39878469705581665 0.8802104609697459 0.3108941295636254 0.35857270476474284 -0.20217494666576385 -0.2950911568645563 -0.23320307151424374 0.9265730066091179 0.1265544295310974
0.5025604059649363 -0.6038157731359212 -0.6187402932318439 0.5769228935241699 -0.4037175218986676 -0.7967677239211165 0.4496369164443266 -0.15340754389762878 -0.7644901574699031 0.02382658661733203 -0.6441949184073169 0.33944839239120483
0.7093193759348196 0.6154734452071086 -0.34359636372978486 0.2321542501449585 0.7041204739019103 -0.5959397446810012 0.3860960747556139 -0.20812879502773285 0.032869152036330646 -0.5157986612569248 -0.856079061705154 0.0934356153011322
0.9733350004790111 0.21510377337474385 0.07968276803971232 0.29766160249710083 -0.0417737893180113 -0.17534645388139908 0.9836201358437276 -0.10014180839061737 0.22555249359858154 -0.9607205565569864 -0.16168514106217863 0.5598354935646057
-0.2248758398986163 -0.9725239476808221 -0.06023311229881523 0.07513189315795898 -0.07518402193505852 -0.04431379368938573 0.9961845464242675 -0.6102699637413025 -0.971482485418837 0.2285464042074702 -0.06315316023981002 0.04789607226848602
0.9038608589578705 0.4173860048750485 0.09393865327109194 0.7248925566673279 -0.0032977221387936184 -0.2127682876569475 0.9770971194288853 -0.053492218255996704 0.42781382945463053 -0.8834696252288339 -0.19093650417190472 0.1416228711605072
0.8637217759729414 -0.4669297869989759 -0.18963456363026032 0.3694005608558655 0.3046273312668413 0.18395112495437466 0.9345395511551464 -0.2034703493118286 -0.40148086225297275 -0.8649500318753167 0.30112216724030555 0.24325133860111237
0.3269197345120504 -0.6541124404077908 0.6820999944951875 1.3721156120300293 -0.9064812257596527 -0.012945663401659091 0.42204762426101694 0.29051321744918823 -0.26723636453867594 -0.7562865363755031 -0.5971728396078446 1.3053251504898071
