0.9998346876806183 0.0007926626427737899 -0.0181650487622522 -0.012451132759451866 -0.0007918064599555014 0.9999996850455759 5.432567459602066e-05 -0.017849519848823547 0.01816508610302252 -3.993349093739324e-05 0.9998350004136612 0.7531111240386963
0.9998740379279569 0.0006288089749478573 -0.015859157509657693 -0.013389116153120995 -0.0006172603736998314 0.9999995407900555 0.0007330820619741551 -0.018357159569859505 0.015859611195554794 -0.0007232004919476753 0.9998739669147181 0.7567986249923706
0.9999264988000696 0.0002891753132561557 -0.012120782774761463 -0.0103082824498415 -0.00028081971048933254 0.999999721789584 0.0006910579173455162 -0.019380725920200348 0.01212097923952317 -0.0006876033690496572 0.99992630181623 0.8351082801818848
0.9999157321312848 0.00048273687337164827 -0.01297287945939191 -0.010615307837724686 -0.00047364852122063064 0.9999996402817171 0.0007036288190077471 -0.0193728469312191 0.012973214460386087 -0.0006974249405348882 0.9999156010909207 0.8511843085289001
0.9999613252938441 0.0003367078156595606 -0.00878831863477479 -0.008517265319824219 -0.0003313726840206305 0.9999997599478248 0.0006085198744965812 -0.02058275416493416 0.008788521418517511 -0.0006055841314352111 0.9999611968267251 0.9372039437294006
0.9999557652469849 0.00030246510279852883 -0.009400854438718924 -0.009044384583830833 -0.00029509118298800944 0.999999647746869 0.0007857654429167958 -0.020085621625185013 0.009401088793863982 -0.0007829565755190812 0.9999555022642209 0.8960529565811157
0.9998570675878652 0.0008544350550219058 -0.016885328996855718 -0.011983564123511314 -0.0008475258039528579 0.9999995541811193 0.0004163382931172177 -0.018452486023306847 0.016885677203089634 -0.0004019680328476497 0.9998573459884633 0.8204147815704346
0.9998177681959611 0.0008903543917448895 -0.019069286004046778 -0.014828890562057495 -0.0008791099420606394 0.9999994347582668 0.0005980375042390364 -0.017484139651060104 0.01906980769060884 -0.0005811645238716007 0.9998179857766308 0.7157155275344849
0.999837136739968 0.0005925355384428102 -0.018037430450551926 -0.015167935751378536 -0.0005776689577916959 0.9999994891917254 0.0008294063320025638 -0.017428364604711533 0.018037912689610722 -0.000818851588533832 0.9998369683042722 0.6873144507408142
0.9998683843324845 0.0005298652141458171 -0.016215216779360546 -0.012512226589024067 -0.0005178653682999982 0.999999588971415 0.0007442260819825732 -0.017996903508901596 0.016215604453955243 -0.0007357308309605029 0.9998682477568417 0.7435035109519958
0.9997460959717509 0.0010603437469263166 -0.022508204290472504 -0.01670827716588974 -0.0010533828434600588 0.9999993936347354 0.0003211148505944405 -0.01603645086288452 0.02250853113440312 -0.00029732356200366604 0.9997466067083557 0.6319016814231873
0.9999424643847407 0.0004790035770213698 -0.010716271541209318 -0.01054182555526495 -0.00046908618374090906 0.9999994594368501 0.0009279462052384064 -0.019825439900159836 0.01071671023793941 -0.0009228659603613633 0.9999421485466523 0.849551796913147
0.9999761490316277 0.00034571338873519474 -0.006897959852685666 -0.00656446348875761 -0.00034458421458698663 0.9999999270373857 0.0001648846348121858 -0.021737035363912582 0.006898016352218332 -0.00016250377407588552 0.9999761951981299 1.026279091835022
0.9999692032768989 0.0003565169407096362 -0.00783998682624012 -0.007412820588797331 -0.000354306933332696 0.9999998971105722 0.0002832762652357512 -0.0214732363820076 0.007840087012375816 -0.00028048977956527565 0.9999692267070635 1.0151796340942383
0.9999825183658692 0.0003364352383740303 -0.00590336971441663 -0.006341167259961367 -0.0003383261392757217 0.9999998917873036 -0.00031931302047177667 -0.022771671414375305 0.005903261647444915 0.00032130470264257527 0.9999825239798995 1.080285668373108
0.9999860334536715 0.00014953387206674182 -0.005283042420165879 -0.004967642016708851 -0.00014862761136378596 0.9999999741743296 0.00017193362901952387 -0.022226722911000252 0.005283067993629054 -0.00017114602172488597 0.9999860298532243 1.0564687252044678
0.9999587787659661 0.0004940769382237917 -0.009066237193948475 -0.008275855332612991 -0.0004911787044152943 0.9999998275628488 0.0003218971157684651 -0.020987045019865036 0.00906639467253374 -0.0003174307041332758 0.9999588490159932 0.9897149801254272
0.9999848377579788 0.00023224100339937955 -0.005501846805021895 -0.006238636095076799 -0.00023150802780383604 0.99999996424276 0.00013386004701574318 -0.022188179194927216 0.005501877696082672 -0.00013258429569420384 0.9999848557669373 1.024143934249878
0.9999833124379514 0.0002910481977955715 -0.005769760529627432 -0.005891067907214165 -0.0002898043315998452 0.9999999345882253 0.00021641856349163276 -0.022578731179237366 0.0057698231404500295 -0.00021474285039964618 0.9999833313742966 1.075248122215271
0.9999869120623028 0.000317543914387468 -0.005106355839828716 -0.005196252837777138 -0.00031696601801984187 0.9999999432704529 0.00011398085116984018 -0.022519085556268692 0.005106391744073108 -0.0001123608181184185 0.9999869559841282 1.067447304725647
0.9999858740098729 0.0003422023273041562 -0.00530421325717 -0.005365402437746525 -0.00034171482112073154 0.9999999373081547 9.281523318340585e-05 -0.02258133888244629 0.0053042446862278875 -9.10013937919782e-05 0.9999859282545204 1.0776634216308594
0.9999897040897308 0.0002852814325398924 -0.004528833076752666 -0.004873999394476414 -0.00028477975466530185 0.9999999532431836 0.00011141867982056076 -0.022902533411979675 0.00452886465067944 -0.00011012781269131328 0.999989738575772 1.0939881801605225
0.9999917514804513 0.00029403216178137904 -0.004050989526880829 -0.004600508138537407 -0.0002940198848808126 0.9999999567695782 3.6261308756240687e-06 -0.023148633539676666 0.004050990417953944 -2.4350294910657763e-06 0.9999917947016885 1.1086078882217407
0.9999992580268807 0.0001595696148002908 -0.0012076767885388672 -0.002495627850294113 -0.00015965120573452837 0.999999984980041 -6.746413844893144e-05 -0.024370349943637848 0.0012076660051730263 6.765689544778205e-05 0.9999992684824145 1.171778678894043
0.9999959929442229 0.00031177792640735394 -0.002813696860420544 -0.003403174690902233 -0.0003114108441269457 0.9999999429442638 0.0001308997914778947 -0.023606877774000168 0.002813737511548552 -0.00013002305124070813 0.9999960329797425 1.1463621854782104
0.9999783532667451 0.0005124598928660016 -0.006559754781011709 -0.005875273607671261 -0.0005095801611171086 0.9999997730717295 0.00044066375948120014 -0.021569956094026566 0.006559979114920875 -0.0004373114996521468 0.9999783874827817 1.0433814525604248
0.9999710565871018 0.0007182541619020146 -0.007574305184919174 -0.007296046242117882 -0.0007167559051007842 0.9999997230262188 0.00020052046870145545 -0.02167734131217003 0.0075744471116964175 -0.00019508573698640897 0.999971294434249 1.0409150123596191
0.9999986552564072 0.00020104928429958482 -0.0016275947171782953 -0.0028058942407369614 -0.00020133689065983293 0.9999999641477557 -0.00017654445470343584 -0.023917490616440773 0.001627559164689106 0.0001768719121560225 0.9999986598828485 1.1623365879058838
0.9999922019961724 0.00036991122820586897 -0.003931807794082553 -0.005115451291203499 -0.00037017328511266314 0.9999999293129481 -6.59229686721455e-05 -0.023383893072605133 0.003931783130508342 6.737790481215058e-05 0.9999922682409262 1.1361029148101807
0.9999262487906879 0.0006506559015669752 -0.012127391569552145 -0.009510200470685959 -0.0006423748287783696 0.9999995578828211 0.0006867231914748483 -0.019773004576563835 0.012127833028321272 -0.000678882213725995 0.999926224671089 0.9354889392852783
0.9999237931980146 0.0006389885271327119 -0.012328807329024442 -0.010258903726935387 -0.0006336067528232053 0.999999702285741 0.0004404212891766742 -0.018650494515895844 0.012329085082713595 -0.0004325761105007737 0.9999239003738893 0.8585348129272461
0.999923987151334 0.00053990805697437 -0.01231780900437005 -0.010253390297293663 -0.000533224333602984 0.9999997088410487 0.0005458842616013957 -0.01832370087504387 0.012318100145240719 -0.0005392746118858256 0.9999239839066288 0.826661229133606
0.9999825955067295 0.0003596515880053951 -0.0058889162295986215 -0.006496450398117304 -0.0003623114456761893 0.9999998328399415 -0.0004506112567401042 -0.02245514839887619 0.005888753182152983 0.0004527370358321306 0.9999825586554675 1.0507913827896118
0.9999965030169216 0.0002780362118631467 -0.0026299524317683447 -0.0031411489471793175 -0.00027785581218208794 0.9999999590203738 6.89594009843785e-05 -0.023386282846331596 0.002629971497204498 -6.822841226559089e-05 0.9999965392914157 1.1326169967651367
0.999998784493492 0.0003648329079035667 -0.0015158853808723372 -0.002876175567507744 -0.0003649563068747055 0.9999999301125625 -8.112807416808559e-05 -0.024398349225521088 0.0015158556767397807 8.168120748663198e-05 0.9999988477542101 1.1896021366119385
0.9999703419597374 0.0005369507695596668 -0.007682895599768796 -0.006763860117644072 -0.000532778606618869 0.9999997095162402 0.0005450820046040375 -0.021607615053653717 0.007683186050214241 -0.0005409725561275555 0.9999703375604756 1.0519338846206665
0.9998901375565877 0.0008301935286904035 -0.014799445792776703 -0.01089527178555727 -0.0008225874301774435 0.9999995264620215 0.0005200246656229892 -0.018755074590444565 0.014799870505789216 -0.0005077936963598585 0.9998903469773944 0.8536059856414795
0.9997656953665571 0.0011119877967093903 -0.021617535737556846 -0.015006935223937035 -0.0011069155017327595 0.999999356962467 0.0002466023612656881 -0.016241462901234627 0.021617796055486364 -0.00022261579577266202 0.9997662833562206 0.6830323934555054
0.9996603905984291 0.0014984043845330487 -0.026016499628048306 -0.016641223803162575 -0.0014907232221574428 0.999998839374047 0.00031463444456412797 -0.014452282339334488 0.026016940882254896 -0.0002757441915939139 0.999661464072848 0.5639550685882568
0.9996419188529888 0.0006604007970694628 -0.026750662472210814 -0.018404018133878708 -0.0006577277056774017 0.9999997777865504 0.00010872495350024328 -0.013697871938347816 0.026750728329899776 -9.109136929098736e-05 0.9996421310830105 0.5050898790359497
0.9996950739592121 0.0009998842690264876 -0.024673048719882282 -0.01830410584807396 -0.0009778102711913966 0.9999991108827821 0.000906708728596656 -0.014682568609714508 0.024673933386444163 -0.0008823066890339906 0.9996951628102176 0.5515693426132202
0.9997496241177151 0.000798290260567608 -0.022361838232748798 -0.017297910526394844 -0.0007858718639482448 0.9999995320862476 0.0005641211745819938 -0.01580861024558544 0.022362278101776604 -0.0005464063927519128 0.9997497836749719 0.6046652793884277
0.999783131650351 0.000652207912223226 -0.020815001615570535 -0.015993444249033928 -0.0006432158036234066 0.9999996969107143 0.0004386934116574105 -0.016126612201333046 0.020815281426080686 -0.0004252097349496407 0.9997832481372322 0.6210172772407532
0.9997565241603543 0.0007739013457788462 -0.022052062840325248 -0.01630868762731552 -0.0007703118356039395 0.9999996886433569 0.00017126840077916796 -0.0160423181951046 0.02205218851911484 -0.00015423973605609913 0.9997568090248854 0.6176184415817261
0.9998885474821644 0.00019048963399105045 -0.01492837324382728 -0.012981095351278782 -0.00017232116418210595 0.999999243000974 0.0012183197016206653 -0.018219690769910812 0.014928594020337319 -0.0012156114421656694 0.9998878233929033 0.717199981212616
0.9999788133946251 0.00019848976533084952 -0.0065064094315201455 -0.006838680244982243 -0.00019631336891784234 0.9999999245720143 0.00033513732545596095 -0.021069390699267387 0.006506475462083871 -0.00033385292987863957 0.9999787769344319 0.9445114135742188
0.9999765669430994 0.00041126409074768167 -0.006833478363214994 -0.0062930770218372345 -0.0004089043439573478 0.9999998562929568 0.00034671501709878814 -0.021631259471178055 0.00683361997263228 -0.00034391265351900707 0.999976591407097 1.0385258197784424
0.9999559163548002 0.0006319709440045488 -0.009368348827706884 -0.008064113557338715 -0.0006291524787566768 0.9999997559382112 0.0003037938056006032 -0.020392021164298058 0.009368538530109022 -0.0002978862933754542 0.9999560699098566 0.9737082719802856
0.9999619494332823 0.0005690985211426029 -0.008704930353721583 -0.00693799601867795 -0.0005651354701977115 0.999999735557986 0.00045771809932313145 -0.02014780417084694 0.008705188538465695 -0.0004527812179815664 0.9999620066190907 0.9780522584915161
0.999823914816651 0.0011485562761299063 -0.018730194317911866 -0.013036608695983887 -0.0011410312833801536 0.9999992639704937 0.00041243918509682395 -0.017104780301451683 0.018730654241550754 -0.00039099482300676927 0.9998244894553904 0.7834980487823486
0.999935533957714 0.0006071707449256868 -0.01133839814030016 -0.010565098375082016 -0.0005995248815652546 0.9999995906323994 0.0006777204068584861 -0.019187288358807564 0.011338804990731602 -0.0006708790651038762 0.9999354886304727 0.8470165133476257
0.9999511376798267 0.0007464285217051907 -0.009857235783023355 -0.008203218691051006 -0.0007456360464745421 0.9999997184795143 8.40700802137031e-05 -0.01977367512881756 0.009857295760315242 -7.671606203610579e-05 0.9999514127371086 0.949353814125061
0.9999309057689509 0.0009317448904223813 -0.011718171339607866 -0.009027443826198578 -0.0009269194328941247 0.9999994833750129 0.00041721705625687736 -0.018757859244942665 0.011718554025568113 -0.0004063264282325293 0.9999312528321052 0.9178277254104614
0.9999984340269571 -0.0004525347687652377 0.0017108933095483334 -0.0029429951682686806 0.0004556712282823007 0.9999982157150877 -0.001833284040365627 -0.026446310803294182 -0.0017100606320579266 0.0018340607743480618 0.9999968559519129 1.2296377420425415
0.9999578031334422 -0.006409270099573744 -0.006581277180773085 -0.0020950529724359512 0.0064106963014673194 0.9999794321387939 0.0001956330875717758 -0.025633225217461586 0.006579887952678813 -0.0002378154017501986 0.9999783240242582 1.2229477167129517
0.9999499877018434 0.0008358641816780373 -0.009966113894225572 -0.007824800908565521 -0.0008331939854751002 0.9999996158810148 0.00027207646896660324 -0.01955891214311123 0.009966337485027106 -0.00026375915564188737 0.9999503000390779 0.946715235710144
0.9999331654573458 0.0010204761051455795 -0.01151621669521745 -0.008565333671867847 -0.0010146526451565129 0.9999993544205537 0.0005115060954528625 -0.018768496811389923 0.011516731240332699 -0.0004997869494449102 0.9999335553498259 0.9163868427276611
0.9999311007504349 0.0009904787833438953 -0.011696696277287017 -0.00883658230304718 -0.0009870033103799801 0.999999467037379 0.0003029016723320452 -0.01865515485405922 0.011696990061064996 -0.0002913361246879381 0.9999315454303728 0.9095561504364014
0.9999671869578638 0.0006722838912991619 -0.008072982221359876 -0.007095908280462027 -0.0006736866886550617 0.9999997584446689 -0.0001710463372881867 -0.02077541872859001 0.008072865279590757 0.0001764793853977931 0.9999673983191674 0.9942032098770142
0.9999601728929838 0.0008158838243732894 -0.008887460909582406 -0.006858787499368191 -0.0008115829729604558 0.9999995518289027 0.0004875193042514268 -0.020200688391923904 0.008887854685593704 -0.00048028697582085507 0.9999603868971555 0.9933105707168579
0.9999689524971104 0.0007412347883602082 -0.007845037464560618 -0.006845449563115835 -0.0007425717934122699 0.9999997102628144 -0.0001675154288782208 -0.020891718566417694 0.007844911023298071 0.00017333573148190388 0.9999692131889665 1.008102536201477
0.9999843910546838 0.0005634760115154091 -0.0055587895964331335 -0.005109911784529686 -0.0005626965599908624 0.9999998316351206 0.00014178262032373942 -0.021898118779063225 0.005558868551633596 -0.0001386524954629461 0.9999845397584459 1.0695600509643555
0.9999710310977801 0.0007352868185929116 -0.0075760358062221525 -0.006294264458119869 -0.000732351476899258 0.9999996556956362 0.000390217790033437 -0.02087676152586937 0.007576320119757355 -0.0003846581648407045 0.9999712252917778 1.0205693244934082
0.9999243527019932 0.0009925960409751958 -0.012259837951602251 -0.009255895391106606 -0.0009867038561181673 0.9999993947944293 0.0004866479994740493 -0.018605096265673637 0.012260313576757654 -0.0004745143564855788 0.9999247269405458 0.9132422208786011
0.999977927620103 0.00048215183399996094 -0.006626598087489237 -0.007118575740605593 -0.00048627623532302144 0.9999996890689193 -0.0006208039043468048 -0.02202136442065239 0.006626296705332898 0.0006240125588981695 0.9999778511548639 1.0357741117477417
0.999993194440932 0.0003328036838330123 -0.003674277279724587 -0.0042335037142038345 -0.0003319458307763879 0.9999999175086284 0.00023408268202753808 -0.02313699945807457 0.003674354880207314 -0.0002328614279398978 0.9999932224229171 1.1266237497329712
0.9999698037895315 0.0007555731378619665 -0.007734378989911959 -0.0061683435924351215 -0.0007525311381711443 0.9999996383565948 0.0003962115168404555 -0.02079564332962036 0.007734675559603838 -0.00039037919172977745 0.9999700107493598 1.0232269763946533
0.9999287622426588 0.0009374255738080414 -0.0118992299396897 -0.009117862209677696 -0.000933499199583133 0.9999995080031233 0.00033551863642834794 -0.018767710775136948 0.011899538609056013 -0.0003243868132087867 0.9999291453668538 0.921107292175293
0.9999555178545357 0.0007410984264945653 -0.00940282326697478 -0.008385543711483479 -0.0007407257554252638 0.9999997247331268 4.31164267099329e-05 -0.020515915006399155 0.00940285263220501 -3.614959543120794e-05 0.9999557915505987 0.9744153022766113
0.9999795260183552 0.0005534648498186047 -0.006375046726558275 -0.005755078047513962 -0.0005521585381241359 0.9999998262045559 0.00020666835006639283 -0.02173328399658203 0.006375160002271529 -0.00020314408226137755 0.9999796578268118 1.0460031032562256
0.9999823409639205 0.0005356317582852274 -0.00591868726471762 -0.005494816228747368 -0.0005341679134364873 0.9999998263557134 0.00024890396534100323 -0.02202368713915348 0.00591881955783999 -0.0002457379971104215 0.9999824534399987 1.0595805644989014
0.9999891201399778 0.0005025727604593003 -0.004637566419392818 -0.0045688580721616745 -0.0005018036102175209 0.9999998601496851 0.00016701421388154051 -0.02254972979426384 0.004637649707622199 -0.00016468524921839687 0.9999892324840097 1.0867093801498413
0.9999809560660109 0.0006388859826419521 -0.006138349127241756 -0.0055249035358428955 -0.0006375190436834873 0.9999997715525899 0.0002246424647111859 -0.02199234813451767 0.006138491245873605 -0.00022072487216952228 0.999981134924932 1.0702290534973145
0.9999708744293697 0.000682129710984676 -0.007601644033962894 -0.006711653433740139 -0.0006812732859638805 0.9999997612918149 0.00011525199813944848 -0.0213596411049366 0.007601720836200424 -0.00011006984434949076 0.9999711004448868 1.033476710319519
0.9996482042503276 0.0010436045541370388 -0.026502426844154478 -0.015901153907179832 -0.0010702613427317769 0.99999893557538 -0.0009916596014490691 -0.017281096428632736 0.026501363733842632 0.001019675262756033 0.9996482571297791 0.7536779642105103
0.999827748985958 0.0004857161418025987 -0.018553609824005342 -0.018492501229047775 -0.0004371701436357967 0.9999964709456126 0.0026204920503267856 -0.017983587458729744 0.0185548171625955 -0.002611929583642105 0.9998244328800494 0.7097855806350708
0.9999726163210175 0.0006907624051232085 -0.0073681378515259655 -0.00672173174098134 -0.0006903093090921743 0.9999997596861333 6.40369723363113e-05 -0.02141560986638069 0.007368180315193294 -5.894892461883504e-05 0.99997285285345 1.028075098991394
0.9999729226492782 0.0005629964754428371 -0.0073373703211583275 -0.006245356053113937 -0.0005599658662677491 0.9999997570711684 0.0004150853324634179 -0.021187789738178253 0.007337602230278712 -0.0004109654161242765 0.9999729949858333 1.0207228660583496
0.9999774460801321 0.00044834200641969633 -0.006701217837210217 -0.006164051592350006 -0.00044924586159452877 0.9999998901946818 -0.0001333745852944501 -0.02142929658293724 0.006701157303951684 0.0001363820715557511 0.9999775376930814 1.016987681388855
0.9999587072242482 0.000784530751669331 -0.009053637827401682 -0.007220121566206217 -0.000780437043182723 0.9999995916341368 0.0004556858360687188 -0.020279180258512497 0.009053991629756553 -0.00044860122519961213 0.9999589111521077 0.9925121068954468
0.9999707421332309 0.0006703485368659229 -0.0076200728576074055 -0.006842457689344883 -0.0006695537215046202 0.9999997701397717 0.00010685606340374336 -0.021098453551530838 0.0076201427368614745 -0.00010175088888332942 0.9999709611140851 1.008985996246338
0.9999795050234351 0.0006653499382689618 -0.0063676402650906915 -0.00555854756385088 -0.0006640326943415449 0.9999997576945127 0.00020897726451037232 -0.021627793088555336 0.0063677777651865546 -0.00020474466020440767 0.9999797045370259 1.0515631437301636
0.9999844257651717 0.0006163130793576989 -0.005546925751066023 -0.0054300706833601 -0.0006149966112442018 0.99999978232058 0.00023903547946549258 -0.022354288026690483 0.005547071864306868 -0.0002356204161310743 0.9999845871195973 1.0799458026885986
0.9999894958033777 0.0004536177115831968 -0.0045609772941900195 -0.00459484476596117 -0.00045294941628021095 0.999999886531951 0.0001475564683154552 -0.022497154772281647 0.004561043710892312 -0.00014548902635022845 0.9999895878023983 1.0823861360549927
0.9999852696358839 0.0005709489716729365 -0.005397641014364577 -0.005312214605510235 -0.0005692054054586913 0.9999997853347938 0.0003245544210116203 -0.022482356056571007 0.005397825159691786 -0.00032147727376472153 0.999985379961081 1.0881434679031372
0.9988247397402166 -0.006666233267417617 0.048007297538113704 0.022063910961151123 0.007200703278360567 0.9999139142335118 -0.010968773610298606 -0.04857056960463524 -0.047930044389564365 0.011301568751343789 0.9987867567146518 2.349569320678711
0.9992132866747188 -0.03962625280042102 -0.0016024424182239875 0.020354419946670532 0.03962188617613463 0.9992111757939534 -0.0026706374353150067 -0.04497956484556198 0.001707005727005757 0.002605044618158968 0.9999951499252312 2.0461575984954834
0.9999899498047324 0.0005664156031839291 -0.004447410807801326 -0.004519562236964703 -0.000565824063631432 0.9999998309080411 0.00013426473161697914 -0.02278706431388855 0.004447486105418867 -0.00013174693017430032 0.9999901012060513 1.1033636331558228
0.9992871633533985 -0.0038836494485403983 0.037551064220326835 0.015529627911746502 0.004196929010305529 0.9999570158945555 -0.008267535916938214 -0.04396849870681763 -0.03751734191011824 0.00841924166515366 0.9992605092896361 2.080146074295044
0.9997997342715403 -0.016998597063931576 0.010561204875160794 0.017004620283842087 0.017009046867994277 0.999854930267012 -0.0009004140106091857 -0.039251916110515594 -0.010544366989032461 0.0010798697172455355 0.9999438235251988 1.9163533449172974
0.9999997214700537 0.00028644499167874814 -0.0006892090266545541 -0.0019301380962133408 -0.00028642328907945927 0.9999999584819598 3.158763637094369e-05 -0.024636350572109222 0.0006892180461601832 -3.139022205656336e-05 0.9999997619965413 1.2019301652908325
0.9997984669902358 -0.0016526412935235592 0.020007353166512087 0.009516223333775997 0.0017265323646026372 0.9999917512350108 -0.003676485812623319 -0.03528931736946106 -0.020001112218288764 0.0037102882221441637 0.9997930732263253 1.6673917770385742
0.9991370208076763 -0.001203285503355336 0.04151825809879971 0.028541475534439087 0.0013600494370187594 0.9999920523086404 -0.003747743999044147 -0.04431794956326485 -0.041513418518474204 0.0038009766575080877 0.9991307165027804 2.273588180541992
0.9991650403832928 -0.0015212485366265624 0.04082778317203388 0.027883049100637436 0.0016180686874779884 0.999995956655695 -0.002338487969567966 -0.045710403472185135 -0.04082406066984769 0.00240259758407903 0.99916346189964 2.362259864807129
0.9980956060315906 -0.0024304167127272517 0.0616380912669629 0.04021523520350456 0.002765742318762552 0.9999818344887159 -0.00535549829695042 -0.05557726323604584 -0.06162395548695457 0.005515774395760669 0.9980841970209512 2.7984163761138916
0.9969999104619046 -0.0033374887507270517 0.07733071645725785 0.05356912687420845 0.0035920177208113202 0.9999885792815613 -0.003152572780745813 -0.06502345949411392 -0.07731931160872695 0.0034208880840057194 0.9970005123253795 3.389695644378662
0.9993189682794498 -0.036733055344334097 0.0035046086752284046 0.021780043840408325 0.036742493499879396 0.9993212056669403 -0.0026677848084895287 -0.04631991311907768 -0.003404233879703048 0.0027947360238805455 0.9999903002740823 2.1247169971466064
0.9986515766995671 -0.007614614055721323 0.05135217627570354 0.020908668637275696 0.008392996366451555 0.9998528797961298 -0.014959156907338006 -0.048860423266887665 -0.05123071312661234 0.015369984260500682 0.9985685643041095 2.393921136856079
0.9995345692078719 -0.02193262647625396 0.021203887716342473 0.026687122881412506 0.021967239906382597 0.9997577096561422 -0.0014008404621895674 -0.047812651842832565 -0.02116802610848653 0.0018659793563164996 0.9997741909009816 2.364003896713257
0.9999938929290566 2.5565702738871746e-05 0.0034947748117140367 0.0012181708589196205 -2.626640453446401e-05 0.9999999795641162 0.00020045409074883746 -0.026935573667287827 -0.003494769615545529 -0.00020054466173044576 0.999993873164817 1.3339296579360962
0.9999997299862167 0.0003092429076257898 0.0006666305706350276 -0.000772581435739994 -0.0003090365263586579 0.9999999043006264 -0.0003096694421084494 -0.025026589632034302 -0.0006667262699175801 0.0003094633452975183 0.9999997298542229 1.222609281539917
0.9999986361629505 0.00026856642834978184 0.001629584091840962 0.000189242884516716 -0.0002679555464307558 0.9999998937586851 -0.00037507658361272413 -0.025333024561405182 -0.0016296846516902239 0.00037463941597359895 0.9999986018856446 1.255439281463623
0.999997020750533 0.0004754692164148719 -0.0023942470804279247 -0.0029540322721004486 -0.00047484708457260253 0.9999998533544155 0.00026040620862753455 -0.023996815085411072 0.002394370544458128 -0.0002592685315665886 0.9999970998805567 1.1806715726852417
0.999999924414193 0.00027468013094440757 0.00027517709532524887 -0.0015135686844587326 -0.00027458236675285605 0.9999998992002072 -0.00035525216321299446 -0.025067199021577835 -0.0002752746482981643 0.0003551765775828624 0.9999998990367283 1.214978575706482
0.9999999327772368 0.00018445860084338183 0.0003168920107326929 -0.0010662656277418137 -0.00018444662729589083 0.9999999822748045 -3.781312413172066e-05 -0.024956321343779564 -0.00031689898007169093 3.775467192722132e-05 0.9999999490748093 1.2189795970916748
0.9999977863300583 0.0003973128212717313 -0.0020662714016504587 -0.0027492865920066833 -0.0003971458616764509 0.9999999178398817 8.121203329559658e-05 -0.02387969195842743 0.002066303498467426 -8.039124238269369e-05 0.9999978619612646 1.1709634065628052
0.9999968181805511 0.00012032935055098599 0.0025197518967717924 -0.00024418625980615616 -0.0001187560412476833 0.9999997979290761 -0.0006245308716852198 -0.026212256401777267 -0.0025198265369973873 0.0006242296487805588 0.9999966304001074 1.2703937292099
0.9999887661971468 3.653062525620311e-05 0.004739846518709759 0.0020433487370610237 -3.4537237701996105e-05 0.9999999109342925 -0.00042064068472056585 -0.02709028497338295 -0.0047398614628191985 0.0004204722581201541 0.9999886783941071 1.3410321474075317
0.9999998148577907 0.00036173229544202005 0.0004893200695976931 -0.00039780233055353165 -0.00036170579955593636 0.9999999331136947 -5.4235785136811466e-05 -0.024989519268274307 -0.0004893396557039343 5.405878518846579e-05 0.9999998788121671 1.246533751487732
0.9999952281510318 0.0005465998642768297 -0.003040543332124128 -0.0031356168910861015 -0.0005462809784252536 0.9999998452015046 0.00010570742592843587 -0.023397453129291534 0.0030406006411172596 -0.00010404593052214734 0.9999953719503836 1.154887080192566
0.9999942258916001 0.00047279639228418245 -0.003365211290703676 -0.003474010154604912 -0.0004729481304343804 0.9999998871790217 -4.42945850647325e-05 -0.022952493280172348 0.0033651899687172286 4.588589969145177e-05 0.9999943366794429 1.1196194887161255
0.9999999621347668 0.00026991050408221916 5.3654309173561154e-05 -0.0015168674290180206 -0.00026989163736211217 0.9999999018623208 -0.00035133154292176503 -0.024801630526781082 -5.374913198190177e-05 0.0003513170487691598 0.9999999368436792 1.204181432723999
0.9988998399375122 -0.003976166347305875 0.0467257945249795 0.0230666846036911 0.004338891684581512 0.9999612178788527 -0.0076639909440670995 -0.048730745911598206 -0.04669350909667768 0.007858297488631068 0.9988783526380068 2.3179173469543457
0.9996432216833653 -0.01460685172903931 0.022362227641015437 0.02376331016421318 0.014642637747764491 0.9998917576972616 -0.0014373756882071762 -0.043476950377225876 -0.022338811568444635 0.0017643048623092008 0.9997489008376368 2.1867239475250244
0.9999935644155904 0.00018506585806969873 0.003582858918669781 0.001782488077878952 -0.00018552744955238122 0.9999999745334838 0.00012850135284539336 -0.02686421386897564 -0.0035828350462137177 -0.00012916524454137715 0.9999935732840345 1.3587247133255005
0.9999991057461437 0.000489070193900655 -0.001244715734007001 -0.0016261208802461624 -0.0004894003970420543 0.9999998451329096 -0.0002649932230092084 -0.023932086303830147 0.0012445859409545373 0.0002656021504124243 0.9999991902303389 1.1846277713775635
0.99998845203076 0.0001120765333055585 0.0048045024689974585 0.0017654001712799072 -0.00010641162352067375 0.9999992989367209 -0.0011793229552612338 -0.026907429099082947 -0.004804631275165678 0.0011787980815680878 0.9999877629018228 1.3234294652938843
0.9998397214559616 -0.0005357541616041955 0.01789537276345989 0.010427604429423809 0.000570731162634935 0.9999979368991629 -0.0019494777139847294 -0.03362637758255005 -0.017894291402703145 0.0019593787014381718 0.999837964457391 1.667912483215332
0.9999320606594283 -0.00020144466164956503 0.011654762350125795 0.007904940284788609 0.00020788409908673025 0.9999998264225316 -0.0005513067278238371 -0.030695926398038864 -0.0116546492693244 0.0005536921121795219 0.9999319289708946 1.579038143157959
0.9999538379109763 -0.0001289865531144201 0.009607570430534016 0.005580875091254711 0.00013705989358805555 0.9999996380956012 -0.0008396566272144011 -0.029413502663373947 -0.009607458649097874 0.0008409346794912753 0.9999534937021672 1.4813660383224487
0.9999800871959289 5.1602674750444874e-05 0.006310510976618417 0.0033476026728749275 -4.837306026499954e-05 0.9999998677913355 -0.0005119349159467202 -0.02784397453069687 -0.006310536559525151 0.000511619463159267 0.9999799574860766 1.4002957344055176
0.9999982487369092 0.00022211198547639655 0.0018582759160958404 0.00018361955881118774 -0.00022179033874624777 0.9999999603892772 -0.00017329307374503708 -0.025679823011159897 -0.0018583143329568674 0.00017288062261835828 0.9999982583885484 1.27992582321167
0.9999941137012403 0.00022951384174938667 0.003423431942918455 0.0010723406448960304 -0.00022694089124582437 0.9999996915419571 -0.0007519400394050356 -0.02620304375886917 -0.0034236034675805467 0.0007511586965650689 0.9999938573310886 1.2999006509780884
0.9999921598182654 9.815507370419132e-05 0.003958619403555893 0.001535004936158657 -9.698670185593426e-05 0.9999999516847631 -0.00029533718199573175 -0.02678273618221283 -0.0039586482011371256 0.0002949509330586981 0.9999921210231442 1.333133578300476
0.999998798458628 0.00034643626664710895 0.0015109808779542094 0.00038434285670518875 -0.0003457522833176339 0.9999998376626804 -0.00045291276388584204 -0.02511655166745186 -0.001511137538072661 0.0004523897946038163 0.9999987559026337 1.2556095123291016
0.9999992287091807 0.00032162560650389547 0.0011996407851063676 -6.705150008201599e-05 -0.000321234089776761 0.9999998950901255 -0.0003265400403187854 -0.025118976831436157 -0.0011997456828907187 0.00032615442294578744 0.9999992271164959 1.2556549310684204
0.9999997727269474 0.00033388038891735215 0.0005857217254812093 -0.0006520738825201988 -0.00033368970290495144 0.9999998913098068 -0.00032562487143102174 -0.024829406291246414 -0.0005858303815777162 0.0003254293481167024 0.9999997754492266 1.2368366718292236
0.9999994064742302 0.00044561203112221024 -0.000994223870864732 -0.00151769258081913 -0.0004457688146466785 0.9999998882453583 -0.0001574783637673156 -0.023997437208890915 0.000994153585502063 0.0001579214642962573 0.9999994933596017 1.1971856355667114
0.9999195270568871 -0.0006157934379611897 0.012671235487225551 0.005480323918163776 0.0006459617889007116 0.9999969665396204 -0.0023768981729200955 -0.031624406576156616 -0.012669733371237155 0.0023848920308715514 0.9999168916196499 1.5284334421157837
0.999795703510199 -0.0007624544926477549 0.020198264917889064 0.012651360593736172 0.0007866188227144244 0.9999989844215539 -0.0011884387610673602 -0.0347878560423851 -0.02019733827449395 0.0012040843025707144 0.9997952879002873 1.7542088031768799
0.9987818812040558 -0.0030721446680834867 0.04924749440962466 0.027856890112161636 0.0033697228979686833 0.9999765577227077 -0.005960618477594664 -0.04990498349070549 -0.04922802805393033 0.00611930814577135 0.9987688197584758 2.4318320751190186
0.9987560114056302 -0.002070517702622174 0.049821106346210974 0.035032179206609726 0.002168289070131533 0.9999958281010118 -0.0019084818784791597 -0.05051134154200554 -0.049816946952073275 0.0020141343091421193 0.9987563341773407 2.644050121307373
0.9995824021787109 -0.0011391949418876482 0.02887427037211557 0.01841672882437706 0.0011968290285470791 0.9999973259078635 -0.001978832332056727 -0.039177458733320236 -0.0288719388838727 0.0020125635409456283 0.9995810926248452 2.0044100284576416
0.9992878255338744 -0.0015607860471470983 0.037701534275086976 0.02323131635785103 0.0016761966460869168 0.9999940054729324 -0.003029749660293179 -0.043440841138362885 -0.03769657948122315 0.003090787135250598 0.9992844514602937 2.197894811630249
0.9977603468940996 -0.002988252499293858 0.06682335304941156 0.041603609919548035 0.0034126980794734764 0.9999747169492746 -0.006238505753485475 -0.058935776352882385 -0.06680302132077706 0.006452581593314208 0.9977453184722028 2.964527130126953
0.9990652741308805 -0.006912757571681492 0.04267073714554162 0.03301665186882019 0.006964086689205912 0.999975194584331 -0.0010543778330512018 -0.050029803067445755 -0.042662390021820984 0.0013505549913886933 0.9990886329444658 2.5880885124206543
0.9998778775969964 -0.0005685946235515449 0.015617509157348157 0.009139719419181347 0.0005832912010009975 0.9999993913757778 -0.0009364931654235461 -0.03268813341856003 -0.01561696716717494 0.0009454883543008218 0.9998776007033416 1.6445938348770142
0.9997089075259773 -0.0010621594276886892 0.024103361395606714 0.014031452126801014 0.0011168339713921419 0.999996833849179 -0.0022549885804101304 -0.037220586091279984 -0.024100889923349227 0.0022812516230367214 0.9997069285525308 1.8320132493972778
0.999355898149457 -0.0011519311465556612 0.035867281588175176 0.0253206267952919 0.0012513371918496526 0.9999954380949841 -0.002749171593925642 -0.041541725397109985 -0.03586395110865713 0.002792282910836362 0.9993527806370589 2.132629156112671
0.9961996372008235 -0.01752351679921136 0.0853182817450955 0.06007961556315422 0.01911506157088358 0.999657524757698 -0.017873097561809742 -0.06482943892478943 -0.08497586282050372 0.01943603751540928 0.9961934265912472 3.442497491836548
0.9948711034854646 -0.10011381770519112 0.01444683197470081 0.059936974197626114 0.100230865099451 0.9949350486494124 -0.00761726003275646 -0.08231049031019211 -0.01361106649124642 0.009026210361094819 0.9998666243032056 3.7480368614196777
0.9999998798310865 0.00032800048912696495 0.00036435352543347346 -0.0007583051919937134 -0.000327950131574249 0.9999999366661854 -0.000138261839363015 -0.024904543533921242 -0.0003643988523085136 0.00013814233296163456 0.9999999240650831 1.230699896812439
0.9999999150375518 0.00036224543547042526 -0.00019673111991647541 -0.0012063747271895409 -0.00036228560138981523 0.9999999135320097 -0.00020416933208242553 -0.024548280984163284 0.00019665714349692093 0.00020424058758779026 0.9999999598058743 1.2096022367477417
0.9999998168331506 0.0003792354501527625 0.00047171404277952946 -0.0006360458210110664 -0.0003790716200598454 0.9999998678266803 -0.00034734900088533743 -0.024789679795503616 -0.0004718457074862294 0.000347170123856114 0.9999998284172518 1.2274037599563599
0.9999992405091263 0.00031694778878307427 0.0011910185850337609 -0.00024309847503900528 -0.0003166708863724788 0.999999922791296 -0.00023267348771709823 -0.025342674925923347 -0.0011910922384241996 0.000232296150092699 0.999999263668618 1.2556977272033691
0.9999999421942456 0.00031927311895550714 0.00011694520405381096 -0.0010478515177965164 -0.0003192524277598101 0.9999999333909606 -0.00017690664628827995 -0.02476610615849495 -0.00011700167780092768 0.00017686930102174878 0.9999999775139286 1.2228487730026245
0.9999965601302774 0.00022990671624266977 0.0026128280682620646 0.00037388037890195847 -0.000228872530101124 0.9999998953598321 -0.00039610312990989596 -0.026102937757968903 -0.0026129188616251884 0.00039550376279602997 0.9999965081098013 1.2848232984542847
0.9999990100960067 0.00024136845509882326 0.0013861992191530218 -0.00029522087424993515 -0.00024123922495963162 0.9999999665407205 -9.339268487563186e-05 -0.02561962977051735 -0.001386221714819861 9.305818680057207e-05 0.9999990348642996 1.2638636827468872
0.999997034860638 0.00021520769643333746 0.0024256866202441124 0.00036940257996320724 -0.00021397409344271995 0.9999998476655991 -0.0005088063147929439 -0.025875914841890335 -0.0024257957497635318 0.0005082857720157694 0.9999969285755604 1.267305612564087
0.999988538897384 0.00019365522678369538 0.004783782136338526 0.0021411580964922905 -0.00019195738748302736 0.9999999184314499 -0.0003553722764450435 -0.027362965047359467 -0.004783850565831142 0.0003544499211657368 0.9999884945033203 1.355238914489746
0.9999898942192593 3.837103859163898e-05 0.004495551914689956 0.001813831739127636 -3.682326416853086e-05 0.9999999400258278 -0.0003443724550509309 -0.027053233236074448 -0.004495564859001714 0.0003442034340026691 0.9999898356586403 1.3302528858184814
0.9999778945530918 1.739543884604011e-05 0.006649067796637532 0.0030098585411906242 -1.3623185545117971e-05 0.9999998389468555 -0.0005673805353352841 -0.02834838256239891 -0.00664907659561766 0.0005672774116506879 0.9999777337404887 1.3940865993499756
0.9999871052297417 5.421001766128069e-06 0.005078321066508173 0.0019240444526076317 -4.6170297457717315e-06 0.9999999874557421 -0.00015832624155931704 -0.02774035930633545 -0.005078321861091239 0.0001583007532193836 0.9999870927106744 1.3632099628448486
0.9999905240341493 1.5883518154325287e-05 0.004353342350580343 0.0016278009861707687 -1.521284096686454e-05 0.9999999880119028 -0.00015409336077592268 -0.027168769389390945 -0.004353344745936744 0.00015402567388764446 0.9999905122877991 1.3348942995071411
0.9999998823250081 0.00029709473586171913 0.00038351621541804666 -0.0005143666639924049 -0.00029707601628451807 0.9999999546789547 -4.886643698887911e-05 -0.024820752441883087 -0.00038353071599788065 4.875249776906464e-05 0.999999925263689 1.227241039276123
0.9999997385032925 0.00045674685919755935 -0.0005606921195802814 -0.0015743738040328026 -0.00045682525781221315 0.9999998858966466 -0.00013970460786917526 -0.024639945477247238 0.0005606282459625707 0.00013996070965896086 0.9999998330534707 1.2097713947296143
0.999978840357142 -1.2651735114181226e-05 0.006505280771717577 0.0026978636160492897 1.7902538541706512e-05 0.9999996741324283 -0.0008071025560988094 -0.02813168242573738 -0.006505268440609779 0.0008072019391367131 0.9999785147229638 1.3738880157470703
0.9995109274028029 -0.0017978692592686204 0.03121976406885484 0.017513751983642578 0.0019047842710391736 0.9999924222092148 -0.0033951908676614737 -0.04162488505244255 -0.031213423382724047 0.0034529972883897563 0.9995067778711942 1.9951090812683105
