0.999629470747893 -0.0004974649591549546 -0.027215321804112486 -0.040344059467315674 0.0005610467782486787 0.9999971312692628 0.002328664801384967 -0.015832243487238884 0.027214085301542 -0.0023430710315749006 0.9996268821812172 0.7779273390769958
0.9984270652974601 -0.000585895540094188 -0.05606292899873847 -0.08180937170982361 0.0009687913303366776 0.9999763912918574 0.006802815760569223 -0.0077276588417589664 0.05605761968599592 -0.006846428655151696 0.9984040613347935 0.5088857412338257
0.9996340262527896 3.439961418287737e-05 -0.027052030872071454 -0.041535235941410065 3.662881017567813e-05 0.9999965536886024 0.002625122711107545 -0.014513608999550343 0.027052027945557576 -0.002625152868815754 0.9996305799426346 0.6584237813949585
0.9996432912988317 -2.3169294921354802e-05 -0.026707482554952658 -0.03988196700811386 9.349839786903898e-05 0.9999965317397764 0.002632065057727699 -0.014557817950844765 0.026707328943361662 -0.0026336232840495698 0.9996398264420585 0.7007614374160767
0.9995265925758507 -2.8721287138214977e-05 -0.030766701298592835 -0.04645998775959015 0.00011966860056829927 0.9999956292007385 0.0029541934339667206 -0.013923113234341145 0.030766481975279637 -0.0029564767049512137 0.9995222272827943 0.6467654705047607
0.9997188478219249 -0.00019957877855708166 -0.023710450816340416 -0.034853916615247726 0.00024726602609052644 0.9999979527560855 0.0020083184882030403 -0.01609744131565094 0.02371000145751344 -0.002013616634035985 0.999716850502649 0.8169121742248535
0.9996377137918229 -0.00026701992404783723 -0.026914120186585597 -0.039425626397132874 0.0003245870450100601 0.9999976691183056 0.0021345728393139074 -0.016030684113502502 0.0269134874794781 -0.0021425354877542837 0.9996354704257827 0.768622636795044
0.9991794710803082 0.00016103509918307906 -0.040501341204605926 -0.0600542277097702 1.7494308826373144e-05 0.9999902863551098 0.0044075945110938885 -0.010279298759996891 0.04050165756637915 -0.004404686495302177 0.9991697625885471 0.6064090132713318
0.9968048603068085 0.0007078074525183836 -0.07987220716453464 -0.11602361500263214 0.0001465948907237626 0.9999428415943095 0.010690746196401656 0.0017959987744688988 0.07987520878634491 -0.010668296626360846 0.9967477807692525 0.1965789794921875
0.9958565576304621 -0.0007674928812995995 -0.09093474352019236 -0.12826374173164368 0.0015930103935622992 0.9999581771810717 0.00900589843349426 -0.002814175561070442 0.09092402840994242 -0.009113443003912754 0.9958161307261106 0.2759467661380768
0.9973967110664718 0.0003567577533671672 -0.0721087614488695 -0.10728630423545837 0.00012718176293252908 0.9999775028100588 0.006706541475125401 -0.0013749264180660248 0.0721095318150363 -0.006698253329324909 0.9973742270701363 0.42787647247314453
0.9964622386720274 -0.0025024304694044575 -0.08400443287396679 -0.11857890337705612 0.0030904435640817123 0.9999716224223956 0.006870480951055511 -0.004205142147839069 0.08398485613078242 -0.0071057857881719816 0.9964416951076586 0.027440428733825684
0.9937930633022188 5.516444940070341e-05 -0.11124452476088795 -0.16312304139137268 0.0013450245734775315 0.9999208234699845 0.012511502707712284 0.011789383366703987 0.1112364069955922 -0.01258347122187962 0.9937143040183729 -0.38067132234573364
0.9954050438533135 -0.0027673229886436934 -0.09571384745615356 -0.13266082108020782 0.0036788015397106123 0.9999495412197923 0.009347803675658338 -0.005152675788849592 0.09568314946015695 -0.009656963177094175 0.9953649973610594 0.22106587886810303
0.9964364790329029 0.00044952072830341857 -0.08434536847762383 -0.12366816401481628 0.0005192421724818606 0.9999341584907211 0.011463379563632374 -0.0026994720101356506 0.08434496807799283 -0.011466325242570683 0.9963706387411032 0.22260403633117676
0.9910730527907179 -0.0008819651990536605 -0.13331701380346997 -0.18678225576877594 0.0030100428605836418 0.9998712438162997 0.015761834640151295 0.013379985466599464 0.13328594702392446 -0.016022419499990698 0.990948100759723 -0.7338727116584778
0.9944498540744693 -0.0020015327389818743 -0.10519259288543595 -0.14551368355751038 0.002780891018069386 0.9999697593069898 0.0072627210235552 -2.7293339371681213e-05 0.10517487521462485 -0.00751494099878059 0.9944253472661347 -0.11239910125732422
0.9961340394214181 0.0008609850826903373 -0.08784209816856715 -0.1301274448633194 -3.95275770856819e-05 0.9999562605000528 0.009352835095376206 0.006011400371789932 0.08784630865061692 -0.009313205218292776 0.9960905030493076 0.33833056688308716
0.9963416814680569 -0.0024364765620262015 -0.0854243369969442 -0.12046124786138535 0.002951328542015349 0.9999782323728145 0.005901223633980576 -0.00857469066977501 0.08540809931875241 -0.006131750362161064 0.9963271843166049 0.2780161499977112
0.9991855680843648 -0.0012021167465646899 -0.04033305650769631 -0.0589471310377121 0.001342771131936048 0.9999931112268123 0.0034604139358765298 -0.019649725407361984 0.0403286188408757 -0.003511753728267123 0.9991802990892782 0.9518271088600159
0.9997274462658445 -0.0005731387284895616 -0.023338909459760922 -0.03389429301023483 0.0006225614441282437 0.9999975793127845 0.0021103994454778193 -0.017969630658626556 0.023337643411906382 -0.0021243541534060415 0.9997253830524709 0.8916987180709839
0.9989709856767275 0.00029376318568777565 -0.04535287729856527 -0.06592566519975662 -4.563387815566356e-05 0.9999850273433868 0.005472020339466018 -0.01225073728710413 0.04535380572363412 -0.005464319924482816 0.9989560418327456 0.6283077001571655
0.9949785139993198 -0.0014656978764798362 -0.10007801161813856 -0.13927902281284332 0.002503199585647254 0.9999444146949604 0.010242143925339176 -0.00578527245670557 0.10005743686273305 -0.010441228380216057 0.9949268767494284 0.23095712065696716
0.9949429305071926 -0.0029065222035614667 -0.1003997866653112 -0.13985300064086914 0.003725322135055937 0.9999613087684541 0.007968873262301474 0.0004278412088751793 0.10037274036684392 -0.008302595664053818 0.9949152626713943 -0.001208662986755371
0.9968302905823994 -0.003201257893069617 -0.07949291619579155 -0.11001910269260406 0.0036744484952167303 0.9999763880265649 0.005807048958006468 -0.013065449893474579 0.07947244934985381 -0.006080734926531823 0.996818516309307 0.5774990320205688
0.9976718760012999 0.00017794886000811261 -0.06819674603857641 -0.10255668312311172 0.0003301637457065168 0.9999722731967698 0.007439343357155776 -0.0059253196232020855 0.06819617898348769 -0.007444539736468503 0.9976441549972436 0.5381942987442017
0.9960944362866463 -0.0015274244871246317 -0.08828103405162618 -0.12528689205646515 0.0022057682496206057 0.9999687865129034 0.007586869337223966 -0.004067891277372837 0.08826669012270266 -0.007751965837597301 0.9960667138502497 0.10216200351715088
0.997762795730076 0.0005625122318144562 -0.06685123063109157 -0.09981677681207657 4.658290843549261e-05 0.9999585084259538 0.009109295064602013 -0.0036428961902856827 0.0668535809582028 -0.009092029835542777 0.9977213707777007 0.13751494884490967
0.9963642710487545 -0.001044272945428069 -0.08518890110512939 -0.12092939764261246 0.0019344278377554547 0.9999443868695396 0.010367311948668103 -0.006322386674582958 0.08517333718027364 -0.010494410994235297 0.9963108801832185 0.23874661326408386
0.9972145987996663 -0.0008804117361639158 -0.0745806195736917 -0.10594424605369568 0.0015625903442806688 0.999957473247458 0.009089004784660156 -0.008898294530808926 0.07456944583565618 -0.009180227215839444 0.9971735662240696 0.4070255160331726
0.9973981537993303 -0.0007940406221070171 -0.07208531263147558 -0.10506043583154678 0.001385480383696877 0.9999657869006122 0.008155088739276298 -0.0037150057032704353 0.07207637089777424 -0.008233743239227456 0.9973651298448711 0.09694397449493408
0.9988265280558237 -0.00014530919658004612 -0.048430834570408865 -0.07204080373048782 0.000330202889168645 0.9999926885240231 0.003809706622311791 -0.012266013771295547 0.048429926884116875 -0.003821228039974963 0.9988192731411752 0.5294693112373352
0.9997141752073552 -6.042510136912828e-05 -0.023907409694159127 -0.03613773733377457 0.0001025387342868056 0.9999984453985226 0.0017603085938852395 -0.01813986338675022 0.023907266160839474 -0.0017622568895765169 0.999712627246135 0.8628502488136292
0.9992823950608106 0.00034356958936835854 -0.03787580865759954 -0.054798804223537445 -0.0002340835767438938 0.9999957819222969 0.0028950548341650736 -0.013257188722491264 0.03787664354729614 -0.0028841112237542143 0.9992782604340193 0.6050851941108704
0.9979319757533935 0.0005790961042646779 -0.06427625079786711 -0.0959552451968193 -4.987663284647392e-05 0.9999660920989902 0.008234814180986033 -0.0018760133534669876 0.06427884007392934 -0.008214578502631664 0.997898166858109 0.3282744884490967
0.9979442171135807 -0.0009024257911206551 -0.0640821750352916 -0.09165477007627487 0.001388755185479513 0.9999705716207957 0.007545015004207214 -0.008756126277148724 0.06407348038461025 -0.0076184985443608555 0.9979161024812319 0.4748353362083435
0.9978212058199952 0.00025492419644543947 -0.06597557297655555 -0.0956968143582344 0.00038634545311378376 0.9999528126599001 0.009706863074418806 -0.004800773225724697 0.06597493427902447 -0.009711203180282226 0.9977740228025931 0.40702900290489197
0.9994224733113214 -0.00014493987610454933 -0.033980859799506574 -0.05065171420574188 0.00023730126734462114 0.9999962888730513 0.002714024361341862 -0.014631228521466255 0.03398034032186735 -0.0027205206409353457 0.9994187987220636 0.6656719446182251
0.9994510151318827 0.00032317969639573734 -0.03312950205983469 -0.048692844808101654 -0.00023636208476018872 0.999996528229012 0.002624435727423625 -0.012748053297400475 0.033130235206132196 -0.0026151643937479935 0.9994476216542715 0.5861083269119263
0.9996685900418346 3.976494855461571e-05 -0.025743125344824837 -0.03924735635519028 1.4860909170433405e-05 0.999997748945267 0.0021217642546136097 -0.014709485694766045 0.025743151767487118 -0.0021214436470582635 0.9996663391421803 0.6769953370094299
0.9996615115947042 0.00025374434787650747 -0.0260153387446076 -0.03764449805021286 -0.00019654701285438473 0.9999975581864079 0.0022011339107602937 -0.014596132561564445 0.026015833745288628 -0.0021952756153343503 0.9996591204803315 0.7240581512451172
0.9984712197317938 0.0005581750969986179 -0.05527125661558028 -0.08051013946533203 -0.0002855684410331932 0.9999877576733746 0.004939934619190138 -0.002460130490362644 0.05527333731528903 -0.004916598818032435 0.9984591555181879 0.46677806973457336
0.999225240449014 -0.0013297515722890296 -0.039333835439300906 -0.05735433101654053 0.0014275818882292664 0.9999959571712934 0.0024591972309594996 -0.015484211966395378 0.03933040629795743 -0.0025134442154847916 0.9992230990817882 0.7166215181350708
0.9995116517292472 0.00017596059750385435 -0.031247833450338894 -0.046661242842674255 -7.378081664455637e-05 0.9999946472077104 0.0032711026150161106 -0.007453905418515205 0.03124824177234757 -0.0032671996870402738 0.999506314533501 0.510473370552063
0.9997165577053365 -0.00038757462665734864 -0.02380449612365427 -0.03525317460298538 0.00043015318285422033 0.9999983168992702 0.0017835825928957287 -0.012602309696376324 0.02380376478693192 -0.0017933166299267077 0.9997150417981281 0.7467962503433228
0.9987299022597468 -0.0004742876353064562 -0.05038211372575861 -0.07786431163549423 0.0007865034488432831 0.9999806109218138 0.0061773127459055855 0.0032342281192541122 0.0503782070399616 -0.006209092661151498 0.998710910836446 -0.03082364797592163
0.9971461089147153 0.00014843029102445346 -0.07549579753000177 -0.1095719113945961 0.0008185027293533512 0.9999180400119979 0.012776670608811406 0.005238456651568413 0.07549150634027882 -0.012802000898794316 0.9970642613409942 0.048213303089141846
0.9979507653404619 -0.001321448988240352 -0.06397283586771411 -0.09190785884857178 0.001755383108586859 0.999975830276716 0.006727368916174651 -0.0061907535418868065 0.06396239978712571 -0.006825879794114713 0.9979289647958455 0.34509164094924927
0.999545684481037 0.0002177878658377605 -0.03013929667030403 -0.04517842084169388 -0.00012382079414865758 0.9999951263998424 0.0031195905138395935 -0.008793005719780922 0.030139829192383324 -0.0031144413638075474 0.9995408400616982 0.47543197870254517
0.9998182244137389 -4.5005846172080904e-05 -0.019066098306470654 -0.029832683503627777 6.778455533813541e-05 0.9999992847905319 0.0011940785897264197 -0.015296205878257751 0.019066030929699305 -0.0011951539223864678 0.9998175123849798 0.7013500332832336
0.9999582750053979 -0.00020064948213132565 -0.009132797381658734 -0.014821607619524002 0.00020093097974167856 0.9999999793662108 2.9905175276899846e-05 -0.015613950788974762 0.009132791192756586 -3.173898940930177e-05 0.9999582946891666 0.8609194755554199
0.9998843281127154 0.00023793377689819572 -0.015207688256314612 -0.024148056283593178 -0.00021825787166298246 0.9999991370735506 0.0012954596309280354 -0.01385093480348587 0.01520798336680099 -0.0012919905849958877 0.9998835172170022 0.6633070111274719
0.9999626082694757 0.0002865861756569641 -0.008642912198507546 -0.014558752067387104 -0.00028257346881647077 0.9999998517334249 0.0004654947508360268 -0.015697048977017403 0.008643044321412986 -0.0004630350875011346 0.9999625409900942 0.7339329719543457
0.9999797553896622 0.00033077257713045254 -0.00635447876174358 -0.011212877929210663 -0.0003286937243413218 0.9999998921261322 0.0003281892129907727 -0.014810747466981411 0.006354586632253146 -0.00032609389163759336 0.9999797562408486 0.7232614159584045
0.9999768937579567 0.0003680279593977336 -0.0067879677083116695 -0.012740377336740494 -0.00036445412993132487 0.9999997943401479 0.0005277242168943398 -0.013470187783241272 0.006788160529565902 -0.0005252381203057176 0.9999768222321664 0.6578186750411987
0.9999897547520489 -7.766784796332774e-05 -0.0045259649404776146 -0.007851402275264263 7.80457032164265e-05 0.9999999934841923 8.330956305347617e-05 -0.019003938883543015 0.004525958440512821 -8.366194164285847e-05 0.9999897542979498 0.9156315326690674
0.9997596848694906 -0.00016362009798116464 -0.0219213534737213 -0.033144429326057434 0.00020981112058660685 0.9999977628089135 0.0021048411962041203 -0.014444691129028797 0.02192096003714195 -0.00210893471475445 0.9997574825453514 0.7188102602958679
0.9994784489705643 0.00021077525133590786 -0.0322921912726375 -0.04737135022878647 -8.922055569693586e-05 0.9999929060929149 0.0037656079906423123 -0.012711460702121258 0.0322927558918037 -0.003760762906668325 0.9994713775687988 0.6215462684631348
0.9983452165563179 -3.0474163766634754e-05 -0.057505022827957254 -0.08133649826049805 0.00041570607310925856 0.9999775543575073 0.006687149590011733 -0.008140948601067066 0.05750352830548159 -0.006699988992808625 0.9983228207247978 0.6457805037498474
0.996549797784736 -0.0011378005389610516 -0.0829891917368468 -0.1176566407084465 0.001838526434169244 0.9999633004683331 0.008367648237629356 0.0031661689281463623 0.08297662535770203 -0.008491355981901871 0.9965153167502424 -0.17725878953933716
0.9990718265176307 0.00013960309080293445 -0.04307512007763281 -0.06369095295667648 2.1698176042454575e-05 0.9999929903723644 0.0037441601629297295 -0.007512006442993879 0.04307534083341191 -0.003741619584291249 0.9990648203670132 0.5377503037452698
0.9990307793213876 -0.00025852705229135255 -0.044016305300013575 -0.06405346095561981 0.00044631883228004346 0.9999908408656984 0.004256640014515841 -0.0101667745038867 0.04401480169216626 -0.004272159696975147 0.9990217444498005 0.512070894241333
0.9982854883980912 0.0006189545832411505 -0.058529484441676605 -0.08605802804231644 -0.00028581419391184785 0.9999837138005242 0.005700038943541202 -0.0019914917647838593 0.058532059284046534 -0.005673537603225395 0.9982694070274987 0.4033200144767761
0.9992717754597871 -0.0007609416784309497 -0.0381489152821781 -0.0538284108042717 0.0008182998146527305 0.9999985582077625 0.001487940795051181 -0.014024211093783379 0.03814772804320219 -0.0015180744903544499 0.9992709573959325 0.6859831213951111
0.9986905092688387 0.00017486098669682897 -0.051158930012098335 -0.07470399141311646 8.685203010474056e-05 0.9999869226205758 0.0051134180892335205 -0.007238604594022036 0.05115915512469211 -0.005111165372570655 0.99867743382709 0.586231529712677
0.9990455355773004 -0.000740390514703637 -0.04367458832033481 -0.06005578488111496 0.0008164242134104458 0.9999981821828127 0.001723102601080318 -0.013103566132485867 0.043673233159095805 -0.0017571149523663801 0.9990443239678984 0.6745819449424744
0.9910408432364044 0.004721825856739895 -0.13347565844698242 -0.21336078643798828 -0.0017272888894447683 0.9997444052217677 0.02254197641882467 0.038058649748563766 0.13354798205277865 -0.022109468296480344 0.9907956943291982 -1.4869141578674316
0.983712500191014 -0.006146281073476583 -0.1796439261342 -0.23387880623340607 0.008701470723907954 0.9998718293202905 0.013439097400360577 0.0047126468271017075 0.1795383005800853 -0.014783374468003886 0.9836398987760477 -0.08270710706710815
0.9937309013809678 0.0008114894668294776 -0.11179551478218851 -0.16285544633865356 0.0007904654188743478 0.9998976622867017 0.014284261199323096 0.01617501489818096 0.11179566541235338 -0.0142830822455851 0.9936285637785254 -0.6233975291252136
0.997419306197291 -0.0010972563082173317 -0.071788046731395 -0.10545642673969269 0.0015956473457904004 0.9999750212066363 0.0068855553396593066 0.003522472456097603 0.07177869833357767 -0.006982334235892464 0.9973961427006602 -0.21970510482788086
0.9989311193618747 -0.0011221653668635925 -0.04620995039297643 -0.06816991418600082 0.001343966244429843 0.9999877248264246 0.004769061878877063 -0.00743586290627718 0.04620403148174154 -0.004826068934457648 0.9989203654613685 0.270370215177536
0.9983269458014892 0.0002966335610223426 -0.05782059577002633 -0.08620353043079376 0.00011107891395502539 0.9999751564060327 0.007047994906713095 -0.002437945455312729 0.05782124997044933 -0.007042625878225704 0.9983021108224674 0.36975452303886414
0.9967807940174913 -6.931095242392141e-05 -0.08017508262453606 -0.115820974111557 0.0008891950906415704 0.9999476800145867 0.010190513507001026 0.0038373321294784546 0.08017018155118578 -0.010228999434815974 0.9967287040918468 -0.03261178731918335
0.9880860031939163 0.0012846695566728304 -0.15389736812695115 -0.216067373752594 0.002375613928334854 0.999718713690114 0.023597668449393136 0.0187482051551342 0.15388439411043492 -0.023682126634112503 0.9878050162493357 -0.37155860662460327
0.9987448669379974 -0.0006637704171632971 -0.05008243378506883 -0.0756170004606247 0.0009662769927942479 0.9999814356323772 0.00601620307034904 -0.007760481908917427 0.05007751065873484 -0.006057045438477375 0.9987269672572084 0.3397626578807831
0.9930810649362538 -0.00040938345989844065 -0.11743011057756438 -0.16415655612945557 0.0021715533784306467 0.9998869499611988 0.014878563546794631 0.004202855750918388 0.11741074406118403 -0.01503062548512673 0.9929696860813653 -0.1384090781211853
0.9911627530191284 -0.0010689827186564644 -0.13264710439165026 -0.18246272206306458 0.0031150126431150624 0.999879346489457 0.015218053753668182 0.00158022902905941 0.1326148322163678 -0.01549676546133143 0.9910464956481411 0.04044544696807861
0.9927624082102817 -0.00040086830121257384 -0.12009429690508637 -0.1665574461221695 0.002353781306616267 0.9998672924512294 0.016120086842456683 0.0033980514854192734 0.12007189745349482 -0.016286091945362586 0.9926316047008904 -0.05938512086868286
0.9989940350646351 -0.001972310025103761 -0.04479986493778458 -0.061297088861465454 0.0020660818657517745 0.9999957707014993 0.0020469208189055005 -0.020429441705346107 0.044795638303331234 -0.0021374218768722983 0.9989938849746367 0.950886607170105
0.9999978527233183 0.0001246647055473893 -0.0020685761924551242 -0.0039866045117378235 -0.00012565447783852927 0.9999998776928002 -0.00047835691390530244 -0.026443084701895714 0.0020685163052295437 0.0004786158126019878 0.9999977460810594 1.2497222423553467
0.9984788213702864 0.0009174060091168809 -0.05512895465378042 -0.07803724706172943 -0.0004224877818479368 0.9999595138301286 0.008988448402667111 -0.004363102838397026 0.055134968750134704 -0.008951484057275416 0.998438784379941 0.46423444151878357
0.9954000050564471 -0.0014875707922620339 -0.09579466095124008 -0.13439032435417175 0.0024711285102688436 0.9999454386966025 0.010149539582909706 0.001985912211239338 0.0957743361110416 -0.010339572669957078 0.9953493707133652 -0.10565489530563354
0.9919953704026512 0.0002588640665815641 -0.12627398025366054 -0.1753489375114441 0.0021808642891827205 0.9998136245761311 0.019182282004268573 0.008441722020506859 0.1262554114905931 -0.01930412135618069 0.9918099222976179 0.008575081825256348
0.9877984148799067 -0.0029883993288245597 -0.1557092194771882 -0.20619849860668182 0.005543148378928856 0.9998570173580971 0.01597555463259525 0.00017060711979866028 0.15563921442487705 -0.01664374685043419 0.9876737419937749 0.18218275904655457
0.9959769432871849 -0.0011002239702152146 -0.08960311349239632 -0.1230572834610939 0.0021802446642922384 0.9999261427834117 0.01195640044043492 -0.006175843998789787 0.08958334093747407 -0.01210365587347769 0.9959057819598081 0.2972467541694641
0.9925545278607371 -0.00023667060573980773 -0.12180087524387351 -0.16992704570293427 0.002528087905189286 0.9998227165899233 0.018658621661030685 0.004258161410689354 0.12177486602206916 -0.01882762273284194 0.9923791627334467 0.020592153072357178
0.9818292512304367 -0.0011779333771873616 -0.18976283593274873 -0.2557125389575958 0.005716876742159607 0.9997104586044762 0.023373409617411384 0.008102912455797195 0.18968035941708716 -0.024033548006635486 0.981551705118797 -0.1511043906211853
0.9902319908700297 -0.0018444356862187625 -0.13941736733483645 -0.19104334712028503 0.003553996063370834 0.9999215108417808 0.012014211079877813 0.004495700821280479 0.1393842651433757 -0.012392344931033712 0.9901608235117926 -0.16891998052597046
0.9946813925699218 -0.002407221078047807 -0.10297151335122792 -0.14445160329341888 0.003564401694216 0.9999325349436533 0.011055342677700355 0.0013252925127744675 0.10293795371835879 -0.011363575486637781 0.9946228666366143 -0.14357340335845947
0.9988859746698824 -0.0007319804593051589 -0.04718340611280513 -0.07004494220018387 0.0009365325258075797 0.9999902591558595 0.004313293431321986 -0.013399489223957062 0.047179789260093204 -0.004352677107686295 0.9988769302007976 0.6194441318511963
0.9978634178748539 0.0001783560562789913 -0.06533427474329237 -0.09538152813911438 0.00022518597690674607 0.9999809452048576 0.006169158652150041 -0.007278168108314276 0.06533413011887912 -0.006170690100530229 0.9978443636285633 0.24839025735855103
0.9990280430152026 0.0003951246554226015 -0.044077354114338094 -0.06482365727424622 -0.00018047300789968487 0.9999881068851675 0.004873758068675263 -0.00968843512237072 0.0440787556392816 -0.004861066212800928 0.9990162327693014 0.42092418670654297
0.9995223617179065 6.0004955446646324e-05 -0.03090379952795088 -0.04689634591341019 -1.694047784657488e-06 0.9999982198481493 0.0018868751052242031 -0.013444820418953896 0.030903857736351577 -0.001885921508927291 0.9995205825179758 0.5696752667427063
0.9999272287677836 0.00022977281728436925 -0.012061690314083176 -0.019481724128127098 -0.0002239826623646408 0.9999998590459144 0.0004813937247142671 -0.017041979357600212 0.012061799225130999 -0.00047865708359057224 0.9999271392890828 0.7768899202346802
0.999982010450701 0.00019818989556145508 -0.005994955858003563 -0.010133504867553711 -0.00019645685710864132 0.999999938747917 0.00028967027026021233 -0.01770417019724846 0.005995012900520639 -0.00028848730903623663 0.999981988135484 0.8830656409263611
0.9999507692939664 -7.616817868968824e-05 -0.009922357926091786 -0.015923410654067993 8.093690641594116e-05 0.9999998814268443 0.0004802036181518744 -0.017626294866204262 0.009922320173331497 -0.00048098306234360243 0.9999506568914648 0.8722794055938721
0.9997974006022642 -0.0006732235357827632 -0.020117269174181544 -0.028809061273932457 0.0007006658568201456 0.9999988336724048 0.0013571002863053767 -0.017909903079271317 0.020116332079002208 -0.0013709208222475136 0.9997967062157118 0.9471458792686462
0.9999868526903292 -0.00018672777380772713 -0.005124410134717946 -0.009674789384007454 0.00018752748236356667 0.9999999703143692 0.00015557861219724303 -0.024303559213876724 0.00512438093174869 -0.00015653753448821228 0.9999868580216777 1.2197011709213257
0.9999974492148579 -3.7819397553005827e-05 -0.0022583475088296103 -0.005134696140885353 3.708620208113651e-05 0.9999999465968843 -0.0003247011579315941 -0.02386271208524704 0.0022583596682289953 0.000324616576156623 0.9999973972144564 1.172171950340271
0.9999976857833415 -2.97175215947154e-05 -0.002151172896446435 -0.004638366401195526 2.953730538613055e-05 0.9999999960519244 -8.380751137196516e-05 -0.022742921486496925 0.0021511753785049704 8.374377757244552e-05 0.9999976827130505 1.1012386083602905
0.9999989059669209 4.035356235059016e-05 -0.0014786603907895885 -0.0043427906930446625 -4.0767138423492684e-05 0.9999999600620963 -0.00027966738442247415 -0.02248498424887657 0.001478649046159758 0.0002797273592099371 0.9999988676741602 1.0950710773468018
0.9999914077114128 2.8597397819843254e-05 -0.004145320920745918 -0.008086755871772766 -2.704282977542535e-05 0.9999999292944238 0.0003750731033727276 -0.017791474238038063 0.004145331353763363 -0.00037495777942835783 0.9999913377797987 0.8822534084320068
0.9999885900594221 0.00010035202372861046 -0.004775948119590277 -0.009101638570427895 -9.845376416548457e-05 0.9999999160724515 0.00039769579670147437 -0.017805609852075577 0.004775987628334687 -0.0003972210489462331 0.9999885160128654 0.8932726979255676
0.9999714048990378 0.00010416251650227489 -0.007561648921667041 -0.013278987258672714 -0.00010199116574910538 0.9999999534598132 0.0002875381250349083 -0.017719432711601257 0.007561678520441183 -0.0002867586814646862 0.9999713689838383 0.8254313468933105
0.9999942561074906 8.190302124928615e-05 -0.00338836891754839 -0.007560004945844412 -8.212035310760665e-05 0.9999999945800292 -6.400147593972524e-05 -0.02001328393816948 0.003388363657269286 6.427936237409491e-05 0.999994257413456 0.9496389031410217
0.9999905424257636 -0.00020408491501553973 -0.004344353619897669 -0.007053262088447809 0.0002029689706634644 0.9999999462971433 -0.0002573116933023613 -0.022429704666137695 0.004344405900028529 0.0002564274907754912 0.9999905301463198 1.0794219970703125
0.999998668187465 2.5419710482629426e-05 -0.0016318630870036052 -0.004126852843910456 -2.6169928610011046e-05 0.9999998939903031 -0.00045971134138215845 -0.024093367159366608 0.0016318512282810903 0.0004597534348733197 0.9999985628431413 1.177445411682129
0.9999932592498785 -0.0002356839127514844 -0.003664138083954367 -0.0058944132179021835 0.00023509785787131855 0.9999999595046932 -0.0001603733425224272 -0.02902587689459324 0.0036641757329908377 0.00015951083047131674 0.9999932741636278 1.3091717958450317
0.9999991800547822 -0.00022566659886577836 -0.001260541292258946 -0.003232730785384774 0.0002250383589368541 0.9999998504234378 -0.0004985086148905864 -0.032177798449993134 0.0012606536004551407 0.0004982245359970494 0.9999990812619837 1.4443178176879883
0.9999999915300967 5.108115684860021e-05 -0.00011971015707388789 -0.0023405575193464756 -5.114370984721299e-05 0.99999986214079 -0.0005225923093545091 -0.028225257992744446 0.0001196834459510182 0.000522598427349742 0.9999998562833678 1.3200066089630127
0.9999999797387507 6.616307192522046e-05 0.00019011824243183746 -0.0019997218623757362 -6.605485407305306e-05 0.9999998358449238 -0.0005691633171705798 -0.030020730569958687 -0.00019015586881645404 0.0005691507474058594 0.99999981995407 1.3778717517852783
0.9999999990361347 -2.437379575505824e-05 -3.651915646300339e-05 -0.002220466732978821 2.4352204345572994e-05 0.9999998249926318 -0.000591119003132284 -0.030094090849161148 3.6533557885731214e-05 0.0005911181132405642 0.9999998246223223 1.3860161304473877
0.9999999350676256 4.913686769389666e-05 0.00035700183811980806 -0.0018297592177987099 -4.894285433717957e-05 0.9999998511385555 -0.0005434403955159102 -0.0285215824842453 -0.0003570284879348128 0.000543422887540074 0.9999997886110895 1.2957050800323486
0.9999999928568687 -2.105961866261476e-05 -0.00011765523702547379 -0.0028965843375772238 2.1007221509752642e-05 0.9999999006206833 -0.0004453283283735071 -0.027710912749171257 0.00011766460377775195 0.0004453258535828425 0.9999998939199569 1.2803276777267456
0.9999997422087398 -7.545130204270195e-05 0.0007140655119173352 -0.001595228910446167 7.590389251312381e-05 0.9999997962578033 -0.0006338161808999015 -0.029636980965733528 -0.0007140175441759545 0.0006338702178594934 0.999999544193643 1.3574081659317017
0.9999998630759034 -4.6991554620424366e-05 0.0005211909139318192 -0.001989427488297224 4.728641653681066e-05 0.999999838846262 -0.0005657485706661389 -0.02807464636862278 -0.0005211642445350951 0.0005657731384521782 0.9999997041442494 1.290306806564331
0.9999999650920716 -4.9826546491973894e-05 0.0002594863593512136 -0.002277841791510582 4.996655275631896e-05 0.9999998531821452 -0.0005395730083575665 -0.029099024832248688 -0.0002594594361943963 0.0005395859551610547 0.9999998207638828 1.3388917446136475
0.999999386481774 -7.077650926366519e-05 0.0011054531927888892 -0.0011593620292842388 7.15237752520984e-05 0.999999768983439 -0.0006759566689152205 -0.0284125879406929 -0.001105405095557455 0.0006760353203891968 0.9999991605275578 1.299654245376587
0.9999999722806002 -5.3525883130747866e-05 0.00022928972583105545 -0.0023572673089802265 5.364335568758086e-05 0.9999998673063913 -0.0005123568968830031 -0.02644510753452778 -0.00022926227105039056 0.0005123691825510958 0.9999998424583033 1.2160835266113281
0.9999999583737429 -5.551785446704228e-05 -0.00028314356869520315 -0.002918063662946224 5.538628578875201e-05 0.9999998905126766 -0.00046465793279016704 -0.029273273423314095 0.0002831693345060612 0.0004646422311775814 0.9999998519613517 1.3468787670135498
0.9999995298491823 -9.000992333164958e-05 0.0009655048566582675 -0.0012254267930984497 9.066812080311943e-05 0.9999997635381979 -0.0006816911620366404 -0.029507867991924286 -0.0009654432693840183 0.0006817783820499626 0.9999993015485218 1.3469867706298828
0.9999999889087364 -5.273716240735247e-06 0.00014884459966863997 -0.0026821130886673927 5.3406845183666775e-06 0.9999998987699469 -0.00044992396367858286 -0.025563709437847137 -0.00014884221182977887 0.00044992475362040673 0.9999998877068497 1.1812880039215088
0.9999999973342855 -4.162403114778617e-05 -5.999057209941309e-05 -0.0027018478140234947 4.1594782575883844e-05 0.9999998803206406 -0.00048747161797864483 -0.029329558834433556 6.0010855453590265e-05 0.0004874691213843817 0.999999879386269 1.3524061441421509
0.9999985777134234 -0.0014692584426867763 -0.0008281610705728954 -0.0037273745983839035 0.0014662637149720882 0.9999924262770161 -0.0036051989299444366 -0.05205879732966423 0.0008334517672757471 0.003603979499790459 0.999993158321554 2.4412286281585693
0.9999609020504605 -0.004657108732216589 -0.007517027915695385 -0.011644892394542694 0.004641320243922325 0.9999869893227485 -0.0021164431526320034 -0.05279063433408737 0.0075267866199586475 0.002081471470205172 0.999969507014937 2.5831544399261475
0.9999978537884703 -0.00020285439999200713 0.0020618604573353484 0.0006149401888251305 0.000204686924989045 0.9999995842462069 -0.0008886004028873587 -0.031700752675533295 -0.0020616793436074817 0.0008890205316396972 0.9999974795572129 1.429533839225769
0.999999862062599 -6.006413538068626e-05 0.0005217921833675449 -0.0019239410758018494 6.036686585924514e-05 0.999999829874623 -0.0005801780474943086 -0.028463659808039665 -0.0005217572467046634 0.0005802094664247963 0.9999996955631291 1.3053165674209595
0.9999997717706643 -4.210815599225858e-05 0.0006743037317249054 -0.0018405555747449398 4.249622914398518e-05 0.9999998334894996 -0.0005755128527879729 -0.027202000841498375 -0.0006742793856612728 0.0005755413768049529 0.9999996070496397 1.2495964765548706
0.9999999624894915 -2.481180882566065e-05 0.0002727735136862521 -0.002417023293673992 2.4947685908757187e-05 0.9999998756173697 -0.0004981393963729438 -0.026885606348514557 -0.0002727611200184937 0.0004981461827554254 0.9999998387258631 1.239391565322876
0.9999999771320264 -3.304783813093455e-05 0.0002112907648602991 -0.002437545917928219 3.3154530373287296e-05 0.9999998719525082 -0.0005049710333489768 -0.027787618339061737 -0.00021127404960407569 0.0005049780270473936 0.999999850180223 1.2804837226867676
0.9999997673056127 -4.0761990602619245e-05 0.0006809751687631785 -0.0018418594263494015 4.115288493134377e-05 0.999999834405297 -0.000574017263153447 -0.02706252783536911 -0.0006809516579110112 0.0005740451536756128 0.9999996033884219 1.2432854175567627
0.9999999733152498 -8.437478865404446e-06 0.0002308642648814252 -0.00256676459684968 8.544850385076756e-06 0.9999998918100524 -0.0004650880228720356 -0.025596652179956436 -0.00023086031573386892 0.00046508998316188054 0.999999865197402 1.1819504499435425
0.9999999872573864 -1.2167104279419344e-05 -0.00015917659545608296 -0.002999628894031048 1.2099409999975633e-05 0.9999999094987053 -0.0004252718955897397 -0.027072947472333908 0.00015918175537789575 0.0004252699642277734 0.9999998969033077 1.2521148920059204
0.999999799494104 -5.9586025358939797e-05 0.0006304452851087406 -0.0017838086932897568 5.996451599336221e-05 0.999999817990499 -0.0006003525846670021 -0.02884978987276554 -0.0006304093977373746 0.000600390268639151 0.9999996210576866 1.3240160942077637
0.9999996650816014 -6.389111234280101e-05 0.0008159378717393315 -0.0015403907746076584 6.440498522587987e-05 0.9999997996124221 -0.0006297833860244602 -0.028678957372903824 -0.0008158974706744497 0.0006298357255649917 0.9999994688089969 1.3145041465759277
0.9999999057700188 -4.4291342492494096e-05 0.0004318544088048763 -0.002110471483319998 4.45290875360162e-05 0.9999998474684634 -0.0005505272113152942 -0.028116874396800995 -0.00043182995934419187 0.000550546389521898 0.9999997552107497 1.293091893196106
0.9999991452261705 -6.375498916823457e-05 0.001305941127993036 -0.0009674541652202606 6.465331655262442e-05 0.9999997613433831 -0.0006878467311595979 -0.02722831815481186 -0.00130589696266065 0.0006879305766313605 0.9999989106917291 1.2444958686828613
0.9999999840640336 1.209071505742731e-05 0.00017811722848160475 -0.0027556829154491425 -1.2015259942942106e-05 0.999999910200385 -0.0004236211222330961 -0.023966897279024124 -0.00017812233436902746 0.0004236189753574836 0.9999998944096932 1.109329342842102
0.9999999927620742 2.380353473075409e-05 0.00011793745480078908 -0.0028981498908251524 -2.375677648994572e-05 0.9999999211307254 -0.00039645196235256285 -0.02312958426773548 -0.00011794688245720251 0.0003964491576693195 0.9999999144582955 1.0723463296890259
0.9999977638931402 -0.0002839720057499639 -0.002095606981210716 -0.004246764350682497 0.00028293142643764886 0.9999998365536462 -0.0004968324558778284 -0.03720923140645027 0.002095747725200413 0.000496238431834919 0.9999976807917563 1.6898167133331299
0.9999827623039991 -0.00027020759048929083 0.0058653288672867055 0.005494983866810799 0.000274867948545708 0.9999996471892564 -0.0007937688412302769 -0.03169207274913788 -0.005865112315569673 0.0007953673493975939 0.9999824837707433 1.4204941987991333
0.9999991632645426 -0.00022650720499541214 -0.0012736422970199975 -0.006441822275519371 0.00022748587516405956 0.9999996789746527 0.0007683103332806359 -0.018166551366448402 0.0012734678603223764 -0.0007685994260407212 0.9999988937666537 0.7988549470901489
0.9999970487031572 -1.826582532429323e-05 -0.002429454946069136 -0.005944724660366774 1.801914513839292e-05 0.9999999946805294 -0.00010155910443252328 -0.020694082602858543 0.0024294567882065837 0.0001015150280001786 0.9999970437128368 0.9711559414863586
0.9999998555613485 -9.259924156865698e-05 -0.0005294361737660412 -0.0031173944007605314 9.236846791802892e-05 0.9999999007324453 -0.00043589352511206155 -0.02678738720715046 0.0005294764846200371 0.0004358445589439576 0.9999997648470584 1.2286134958267212
0.9999999567236474 -9.150220393819858e-05 0.00027960695676312316 -0.0021107159554958344 9.165881614529086e-05 0.9999998389130159 -0.0005601540893697407 -0.027404339984059334 -0.0002795556563883594 0.0005601796935709576 0.9999998040236538 1.2519798278808594
0.999999995792262 -4.521590777869487e-05 7.981853171953917e-05 -0.002577768173068762 4.525414338405242e-05 0.9999998842100689 -0.0004790948876530989 -0.026339136064052582 -7.979685976709951e-05 0.0004790984977564722 0.9999998820485384 1.2072938680648804
0.99999995143325 -2.6109334017613668e-06 0.0003116515374904868 -0.0025088260881602764 2.755764294964514e-06 0.9999998920133527 -0.0004647210871372561 -0.02485259622335434 -0.00031165029048047324 0.00046472192340544274 0.999999843453803 1.147756814956665
0.9999998327326729 -1.4425697709023524e-05 0.0005782097592072043 -0.0021363142877817154 1.4703399262808189e-05 0.9999998845589738 -0.00048027684638958604 -0.023892546072602272 -0.0005782027641294737 0.0004802852677039089 0.9999997175037727 1.100027084350586
0.9999995033014185 -4.08961419232604e-05 -0.0009958536148566277 -0.004129423294216394 4.0686172466462725e-05 0.9999999769407064 -0.00021086304190994735 -0.02190159261226654 0.0009958622153778348 0.00021082241970264812 0.9999994819060437 1.0183327198028564
0.9999998039707243 -2.6881583000346132e-05 0.0006255684563443473 -0.0019919369369745255 2.7221676868464875e-05 0.9999998518498859 -0.0005436535537135932 -0.02602851204574108 -0.0006255537493981816 0.0005436704761639584 0.9999996565524011 1.197424054145813
0.9999999833939506 -1.2229952401191967e-06 0.00018223776524436174 -0.00266842870041728 1.304449123246228e-06 0.9999999001100903 -0.00044696544385817945 -0.02511933445930481 -0.0001822372004040375 0.00044696567415574226 0.9999998835056377 1.161015510559082
0.9999999901866665 -1.6162227972484144e-05 -0.00013915979706071309 -0.002951462985947728 1.6101765333449475e-05 0.9999999054866716 -0.0004344736826133927 -0.027371056377887726 0.00013916680597096393 0.00043447143763136146 0.9999998959335795 1.2652839422225952
0.9999999940876205 -8.16034428843292e-05 -7.18723666770174e-05 -0.0025208592414855957 8.156522426130652e-05 0.9999998553746127 -0.0005315993490155346 -0.030439376831054688 7.191573661956326e-05 0.0005315934835868113 0.9999998561182372 1.399259328842163
0.9999991433917127 -0.00010745401143044138 0.0013044805388830935 -0.0006625382229685783 0.00010845974410055777 0.9999996969462589 -0.000770937010529862 -0.031706396490335464 -0.0013043973032810443 0.0007710778337642611 0.9999988519926658 1.4460222721099854
0.9999991286843241 -4.9730366182567375e-05 0.0013191502883309735 -0.0010391371324658394 5.0607987249831085e-05 0.9999997774288538 -0.0006652676711961588 -0.025958647951483727 -0.001319116910721284 0.0006653338510789807 0.9999989086301256 1.1873738765716553
0.9999999667499831 2.0368226118104247e-05 0.00025707035519942746 -0.002505307784304023 -2.026531368405172e-05 0.9999999196649424 -0.00040032415060887517 -0.02529415860772133 -0.00025707848844048586 0.0004003189276867035 0.9999998868276969 1.1654534339904785
0.9999999851776932 -4.066599939743512e-05 -0.00016730478102971598 -0.002873001154512167 4.058985535135614e-05 0.9999998956182292 -0.0004550999825385809 -0.027725212275981903 0.00016732327066176238 0.0004550931849160878 0.9999998824465511 1.279085636138916
0.9999999977769198 -6.173144478410912e-05 -2.5206919531944703e-05 -0.0026179547421634197 6.171908353106048e-05 0.9999998779973837 -0.0004900979209967245 -0.027278881520032883 2.523717090938339e-05 0.0004900963641592255 0.9999998795843121 1.255242109298706
0.9999982294414569 -0.0001483503287815028 -0.0018759280720619712 -0.004394628573209047 0.00014770917038845364 0.9999999306377576 -0.0003419158977488121 -0.029716039076447487 0.00187597866527924 0.00034163820058746565 0.9999981819920412 1.3589179515838623
