0.9999681797945629 0.0021729160308902565 0.0076757953510884925 -0.002503426047042012 -0.002171270623000918 0.9999976179937033 -0.00022268992186088158 -0.024159114807844162 -0.007676260953796763 0.00020601660686783368 0.9999705158528062 0.9558826088905334
0.9999766794940322 0.0022694411480862933 0.0064412813139157945 -0.0026749807875603437 -0.0022678794969764504 0.9999973971733901 -0.0002497379274370712 -0.02108783833682537 -0.006441831313906151 0.00023512405359615686 0.9999792235471708 1.0102343559265137
0.9999963770455943 0.0005131670281295419 0.002642452513702002 -0.006607546471059322 -0.0005107112613172495 0.9999994371905356 -0.0009299422668541657 -0.02357013151049614 -0.0026429282422141317 0.0009285893674594891 0.9999960763183491 1.1342812776565552
0.9999985265218535 0.0004809309163745589 0.0016479258403287375 -0.005518529564142227 -0.00047900022968323894 0.9999991987444594 -0.0011717803628493054 -0.019244294613599777 -0.0016484880653227227 0.0011709892794005302 0.9999979556335131 1.1034736633300781
0.9999992524736767 0.0004930004660406077 0.001118929232694155 -0.007647506892681122 -0.0004920742243102415 0.9999995362078065 -0.0008279173445167837 -0.02261992171406746 -0.0011193368773802018 0.0008273661293925394 0.9999990312746521 1.1265888214111328
0.999986905807324 0.001591455938933345 0.004863690151373681 -0.005476680584251881 -0.001586106587777187 0.9999981332598717 -0.001103513780630885 -0.0243149995803833 -0.004865437265687984 0.0010957850000188202 0.9999875633103881 1.0683081150054932
0.999990553399006 0.0016837108366102179 0.004007272210451123 -0.00552745908498764 -0.0016785155437263363 0.9999977469707784 -0.0012994764087123824 -0.021643847227096558 -0.004009451124461001 0.0012927378643840634 0.9999911265258781 1.063094973564148
0.9999987407223715 0.0007652992630468376 0.001390277205992286 -0.005546071566641331 -0.000764023054163241 0.9999992865406547 -0.0009182521193058656 -0.01879771426320076 -0.0013909789517562168 0.0009171887591344584 0.9999986119702048 1.0079392194747925
0.9999999264134507 0.00024614810213152667 0.0002942519409065012 -0.005513857118785381 -0.00024612357800926843 0.9999999662357072 -8.337726694615558e-05 -0.01813345029950142 -0.0002942724541273122 8.330483847017815e-05 0.9999999532320121 1.043022871017456
0.9999997493394054 -2.593070941486543e-05 0.0007075653501172951 -0.006479979492723942 2.575154100702308e-05 0.9999999676066966 0.00025322611222821414 -0.022686947137117386 -0.0007075718935296485 -0.0002532078278562776 0.9999997176138659 1.1703317165374756
0.9999754942155894 0.0011478914546482516 0.006906034571007048 -0.004241808317601681 -0.0011385523682353248 0.9999984323611938 -0.0013560876297854451 -0.026548974215984344 -0.006907580386241243 0.0013481915157784127 0.9999752335497336 1.1115920543670654
0.9999874706874409 0.0012911199884330707 0.004836473644115133 -0.004016915336251259 -0.0012868064654067192 0.9999987716593728 -0.0008948792467606407 -0.022237509489059448 -0.00483762309976079 0.0008886444289838388 0.9999879037837526 1.0437192916870117
0.9999998923719539 6.94181853349842e-05 0.0004587343421272416 -0.0045241545885801315 -6.935106567711738e-05 0.9999999868891032 -0.00014632916197326168 -0.01784217357635498 -0.00045874449401770866 0.00014629733250865064 0.9999998840752834 1.0221972465515137
0.9999999393206427 0.00025594901828485925 0.00023632353062258234 -0.005607718601822853 -0.00025595796678915314 0.9999999665269771 3.783601359018996e-05 -0.01839016005396843 -0.00023631383862158517 -3.789650018472756e-05 0.9999999713598121 1.0484788417816162
0.9999924996232716 0.00047862599598505235 0.0038433857934283677 -0.0014893405605107546 -0.00047665228629297505 0.9999997540802682 -0.0005144336703323053 -0.018426142632961273 -0.003843631069591795 0.0005125978532604325 0.9999924818435595 0.8945417404174805
0.9999981275793476 -0.0005357498301701828 0.0018595187329571712 -0.0022733949590474367 0.0005352038643329807 0.9999998135335822 0.0002940911833405628 -0.016512155532836914 -0.0018596759455209036 -0.0002930954110664792 0.9999982278486584 0.8774701952934265
0.9999997525501244 0.00023018981254997574 -0.0006647648758475574 -0.0069816019386053085 -0.00023042188726495855 0.999999912534055 -0.0003490524835402954 -0.0193101167678833 0.000664684469377513 0.000349205573544582 0.999999718124972 1.1081202030181885
0.9999999520982605 0.00023190676898646653 -0.00020499445648413913 -0.005904496647417545 -0.00023200110886130256 0.9999998671482913 -0.0004603030365222419 -0.018668264150619507 0.00020488768186032076 0.00046035057341414055 0.9999998730491857 1.0894241333007812
0.9999999615662019 0.0002761231741941494 -2.4971738004123682e-05 -0.005748367868363857 -0.00027612771267684867 0.9999999453285151 -0.00018192430681704402 -0.01860892027616501 2.492150312182029e-05 0.00018193119521389857 0.9999999831399794 1.0719808340072632
0.9999981383471427 -7.727971086737735e-05 0.0019280378872739844 -0.002700384007766843 7.860535740313248e-05 0.9999997605850643 -0.0006874961900557017 -0.018156806007027626 -0.0019279842961661283 0.0006876464642836712 0.9999979050072523 1.000276803970337
0.9999981940688405 0.000642639700761097 0.001788539424473783 -0.003654603147879243 -0.0006406999042596547 0.9999992062129082 -0.0010849318811269844 -0.017040282487869263 -0.001789235225053708 0.0010837840047766693 0.9999978120223768 0.9737102389335632
0.9999998440869723 -0.0003041699907876969 0.00046830187718943645 -0.005382729694247246 0.0003040226991953209 0.9999999043105277 0.00031456181319129565 -0.019097207114100456 -0.00046839751264169733 -0.00031441938974626957 0.9999998408720963 1.0733647346496582
0.9999983447992298 0.0014940513440124166 0.0010383686157081722 -0.00797687005251646 -0.001493036925972497 0.9999984081312252 -0.0009770239265324036 -0.0213190708309412 -0.0010398266866721644 0.0009754719866756247 0.9999989836069159 1.2018609046936035
0.9999996185460707 -0.0006250436354245853 0.0006101050457700875 -0.006980611011385918 0.0006244603649708452 0.9999993483056876 0.0009557392177963523 -0.02432575449347496 -0.0006107020268833086 -0.0009553578668063201 0.9999993571669836 1.2839487791061401
0.9999967892218651 -0.000521595430156461 0.0024798153495722013 -0.007501738145947456 0.000520322688251839 0.9999997326070676 0.0005138580477860158 -0.028163615614175797 -0.0024800827124965776 -0.0005125660937127739 0.9999967932277276 1.3935680389404297
0.9999991879021486 -0.00013687630934510768 0.0012670674486231868 -0.006185710430145264 0.00013708723484854633 0.9999999767620414 -0.00016638211023797694 -0.02318502590060234 -0.0012670446454099355 0.00016655567389232108 0.9999991834282037 1.1901631355285645
0.9999988043221877 0.00010222020478664311 0.001543018219165891 -0.0026906707789748907 -0.00010181323098210957 0.9999999600144182 -0.00026382802741014595 -0.01657279208302498 -0.0015430451260223998 0.00026367061228646976 0.999998774744023 0.9294577836990356
0.9999955181276858 1.9938636335073946e-05 0.0029938815928499405 -0.001822516554966569 -1.82356856207019e-05 0.9999998380462181 -0.0005688365295795985 -0.017846044152975082 -0.002993892449804191 0.0005687793846433925 0.9999953565382245 0.9071992635726929
0.9999754936124009 -7.041772807857756e-05 0.007000515408039098 0.0037050857208669186 7.358420117208274e-05 0.9999998951119923 -0.00045206345705504854 -0.015642665326595306 -0.007000482840487392 0.0004525675059468441 0.9999753939085962 0.775301456451416
0.9999716356853225 -0.00039974107345400927 0.007521172242029883 0.0030373965855687857 0.0003995388643319161 0.9999999197814102 2.8387822354164916e-05 -0.012733790092170238 -0.007521182986470635 -2.5382016537013307e-05 0.9999717151811028 0.5440981984138489
0.9999575361461516 -0.0006242787139326773 0.009194355910301972 0.005695680156350136 0.0006250773452231985 0.9999998011121746 -8.398764051108607e-05 -0.014635976403951645 -0.009194301649960315 8.97312576556431e-05 0.9999577274892528 0.6130775213241577
0.9999868653034221 0.0002781456441858633 0.00511779792842765 -0.00019931653514504433 -0.00027354974912326347 0.9999995587542677 -0.0008987000638354862 -0.016617044806480408 -0.0051180456397293414 0.0008972882873434482 0.9999865001501566 0.767744779586792
0.9999467858750395 -0.0007199354882627016 0.010291118067095735 0.0059561701491475105 0.0007209329472684003 0.9999997357833004 -9.321488709767394e-05 -0.015820717439055443 -0.010291048239305227 0.00010062913282782213 0.9999470406976132 0.6323534846305847
0.9999276987981595 -0.00038072546596043533 0.012018827910267652 0.008729378692805767 0.0003874877484892823 0.9999997679489576 -0.0005603171205172892 -0.014616778120398521 -0.012018611794289313 0.0005649337574824938 0.9999276142903484 0.6284273862838745
0.9999427723547748 -0.0006808527360598687 0.010676537594140108 0.006925170309841633 0.0006829004604037825 0.9999997491228182 -0.0001881522311278094 -0.013838826678693295 -0.010676406811679084 0.00019543247605723464 0.999942986446597 0.5669596195220947
0.9999352305858517 -0.0009278384838248487 0.011343445198346246 0.007580512203276157 0.0009292754139522011 0.9999995608539407 -0.00012140482329149623 -0.013200808316469193 -0.011343327572849816 0.00013193814470455415 0.9999356536857266 0.49761196970939636
0.9999390710737603 -0.0010033869982040411 0.010993059386589303 0.006393408868461847 0.0010033450456907813 0.9999994966056959 9.331355961450312e-06 -0.013024996034801006 -0.01099306321570707 1.6990442605676978e-06 0.999939574453501 0.4951660931110382
0.9999409254275743 -0.0006784716874482942 0.010848287017563926 0.006385182961821556 0.000679725673542295 0.9999997627249567 -0.00011190638419716481 -0.01449747383594513 -0.010848208518222833 0.00011927363257516043 0.9999411493411727 0.565122127532959
0.9999551901371312 -0.0009102687931406 0.009422798339026655 0.005418634042143822 0.0009107744495197459 0.9999995840260623 -4.9372100761832235e-05 -0.013564988039433956 -0.009422749477505552 5.795193237493013e-05 0.9999556032313922 0.525173544883728
0.9999912221824002 -0.0006788869573561653 0.004134570189115446 -8.785654790699482e-05 0.0006770726707404032 0.9999996739013504 0.0004401929024784405 -0.013720422983169556 -0.004134867682057904 -0.0004373896340651258 0.9999913557424184 0.6435140371322632
0.9999997933730204 0.0002138351655931085 0.000606241237950917 -0.004847025498747826 -0.00021355919890490404 0.9999998735756087 -0.00045523755897721016 -0.018098799511790276 -0.0006063385071060456 0.00045510799651972845 0.9999997126151219 1.016014575958252
0.9999997740318474 -0.00028420607854285143 0.0006092316136835921 -0.005482489243149757 0.0002841608199967208 0.9999999568606277 7.437318736694138e-05 -0.020429272204637527 -0.0006092527247136531 -7.420005080605737e-05 0.9999998116527171 1.1246514320373535
0.9999930841725307 -0.0008807072585379853 0.003613303451795695 -0.0058908602222800255 0.0008772111972615095 0.9999991457467249 0.0009690233929757759 -0.02892998233437538 -0.003614153791055274 -0.0009658470611301575 0.9999930024914321 1.363017201423645
0.9999927198843342 -0.0007018612732302441 0.0037506758170755884 -0.005893733352422714 0.0006998413135826785 0.9999996093951351 0.0005398441565197836 -0.029274165630340576 -0.003751053247750408 -0.0005372153485012377 0.9999928204738283 1.3629649877548218
0.9999968371137786 -0.000291507627405361 0.002498156468610725 -0.004769207909703255 0.0002907993827475094 0.9999999174280542 0.0002838654671037362 -0.023320231586694717 -0.0024982390112819023 -0.00028313810691048296 0.9999968393123323 1.1673908233642578
0.9999992302584068 5.172387871875953e-05 0.001239680295434603 -0.005250012502074242 -5.158187324304685e-05 0.9999999921051634 -0.00011458177773537452 -0.021136941388249397 -0.0012396862122615042 0.00011451774450515334 0.9999992250315907 1.1209678649902344
0.9999885859956483 0.00042899274572082965 0.004758554785652589 0.0007501782383769751 -0.00042670174219181395 0.9999997925817442 -0.0004824542381129775 -0.016999728977680206 -0.004758760768009748 0.0004804182477608511 0.9999885616317119 0.8119029998779297
0.9999744784302034 -0.0009287982914661825 0.007083771733806109 0.0025314728263765574 0.0009313121707864989 0.9999995045215457 -0.000351588259034841 -0.00939381867647171 -0.007083441669375547 0.0003581764887813153 0.9999748479655474 0.419200599193573
0.9999776911743798 -0.0014263502587139394 0.006525540475410869 0.0010861721821129322 0.001425415008384737 0.9999989731479214 0.00014797012093808014 -0.006599888671189547 -0.006525744831866349 -0.00013866521656698242 0.9999786974862751 0.2561032474040985
0.9999789195071164 -0.0012671757082616318 0.006368265627646685 0.00283947866410017 0.001267271474129633 0.9999991969506521 -1.1002801929517333e-05 -0.006834437604993582 -0.006368246571131798 1.9072891354626448e-05 0.9999797223303251 0.2532028555870056
0.99998391868657 -0.0007762324665270839 0.00561781375711984 0.0009942338801920414 0.0007755399526828645 0.9999996914001873 0.00012544844499144507 -0.01104825921356678 -0.005617909400619443 -0.00012108958860030397 0.9999842120910101 0.4572382867336273
0.9999866114824184 -0.0003311972456269106 0.005164025977361067 0.0012255359906703234 0.00033208187774996345 0.9999999303341802 -0.0001704501712385801 -0.015070698224008083 -0.005163969164977735 0.00017216276860677738 0.9999866518021348 0.7303054332733154
0.9999883043857014 0.00014849605739430388 0.0048341535691544995 0.0016782619059085846 -0.00014499369343275092 0.9999997267871696 -0.0007248464763712103 -0.015461034141480923 -0.0048342598852456784 0.0007241370770657843 0.9999880527070586 0.7525991201400757
0.9999892024453945 0.00024834190334600137 0.004640400728717307 0.00047600059770047665 -0.00024648278954301925 0.9999998891407562 -0.0004012040752955695 -0.015624080784618855 -0.00464049985006968 0.0004000559643564468 0.9999891527993526 0.6931811571121216
0.9999650827050804 -0.00026023381955884637 0.008352583371665199 0.004422502126544714 0.00026670952747762024 0.9999996647482627 -0.0007741895051681537 -0.016088200733065605 -0.008352379101155123 0.0007763901861291524 0.9999648168718883 0.676109254360199
0.9999731030538547 -0.00023431387017690798 0.007330638843608401 0.004760356154292822 0.00023688254894209737 0.9999999108553287 -0.00034953682626102706 -0.01245131529867649 -0.007330556288794478 0.0003512639252024832 0.9999730694164478 0.6065785884857178
0.9999895572177653 -0.00010959690502361577 0.0045687464294032944 0.0018697708146646619 0.0001125533025489389 0.9999997844651672 -0.0006468395266207385 -0.013300774618983269 -0.004568674553069132 0.0006473469993155592 0.9999893540206769 0.7180970907211304
0.9999910090152382 0.00017066376817470317 0.004237070044772477 0.0012567342491820455 -0.00016995555998731084 0.9999999715285524 -0.00016750523090206646 -0.015189960598945618 -0.004237098511210854 0.00016678361125292308 0.9999910095493026 0.8014812469482422
0.9999937536284833 0.00047582633509877506 0.0035023268429644513 0.0006406067404896021 -0.00047377651173671146 0.9999997160223313 -0.0005860811152568011 -0.014283117838203907 -0.0035026047212109823 0.0005844181341817948 0.9999936950879297 0.8009182810783386
0.9999816594414657 0.00019208236605601216 0.00605341928643838 0.0033948575146496296 -0.00018852232811269348 0.9999998089641905 -0.0005886687646906343 -0.013293682597577572 -0.006053531202907672 0.0005875167634797763 0.9999815046209746 0.6992269158363342
0.9999761624439492 -4.211230829303441e-05 0.006904547083330492 0.004550055135041475 4.5561608185159637e-05 0.9999998742554954 -0.0004994127881976005 -0.011688432656228542 -0.006904525183696339 0.0004997154656861761 0.9999760386211466 0.5857099890708923
0.9999791334646609 -0.0005712185084044727 0.006434776195148485 0.002143722726032138 0.0005722418742484887 0.9999998239141986 -0.00015719672161340043 -0.010528341867029667 -0.006434685268398916 0.00016087568985273502 0.9999792842576836 0.4763360321521759
0.999987232834225 -0.0003621672532638968 0.005040139227273515 -0.0019315441604703665 0.0003612731577466905 0.9999999188446356 0.00017830431247275015 -0.01049179956316948 -0.005040203394222273 -0.00017648116901791434 0.9999872825212038 0.46812042593955994
0.9999899309581824 -0.0003942436954901801 0.00447018502503094 -0.0030598624143749475 0.00039268784754718664 0.9999998620247088 0.0003489223664633852 -0.01205088198184967 -0.0044703219686990535 -0.00034716346581386914 0.9999899477989888 0.4655211567878723
0.9999939541462284 -0.0006081142058341383 0.0034237213822839417 -0.0047527821734547615 0.0006071290318192384 0.9999997739997835 0.0002887814409842996 -0.016573183238506317 -0.0034238962206188115 -0.00028670105440589054 0.9999940973511673 0.6045904755592346
0.9999694017228041 0.0002762852823625812 0.007817882359038767 0.0006990605033934116 -0.0002647036957805265 0.9999988661831501 -0.0014824184184359407 -0.017304642125964165 -0.007818283065383338 0.0014803036366326384 0.9999683410743826 0.7279809713363647
0.9999906449324173 -0.00011556639001851184 0.004323967166576253 -0.00330957374535501 0.00011443905777915565 0.9999999594008443 0.0002609636218564148 -0.012842373922467232 -0.004323997149650541 -0.0002604663497956847 0.9999906175589501 0.5115351676940918
0.9999933288597055 -0.0007101645620300345 0.003583001867144226 -0.0039634499698877335 0.0007087721594571619 0.9999996728223471 0.0003898682147558988 -0.010068429633975029 -0.003583277565456066 -0.00038732608191962686 0.9999935050291053 0.42469483613967896
0.9999831584150243 -0.0006803191414800247 0.00576368390684927 -0.00020668841898441315 0.0006775390566058272 0.9999996532048672 0.00048428397870843706 -0.011809051036834717 -0.005764011375692371 -0.00048037070164183647 0.9999832725685214 0.4871489405632019
0.9999802773178007 -0.0018882720922906578 0.005989941896230372 -9.436742402613163e-05 0.001887818619522351 0.9999982147592078 8.135881834353236e-05 -0.004995363764464855 -0.0059900848303278955 -7.004928988785334e-05 0.9999820568274326 0.1931208372116089
0.99998104889319 -0.0019083524364472283 0.005853208133475308 -0.0008184467442333698 0.0019061448566621271 0.9999981100696276 0.00038271263135734206 -0.008336416445672512 -0.005853927421901992 -0.0003715483159507908 0.9999827965948154 0.27631527185440063
0.9999831171813527 -0.0008566118633528703 0.00574730966457803 0.0011502578854560852 0.0008546747731563527 0.9999995771385117 0.000339490544519161 -0.011414458975195885 -0.005747598045890042 -0.0003345727323780329 0.9999834264515535 0.44379478693008423
0.9999670065464761 -0.00014635158302564563 0.008121847061695444 0.00548771396279335 0.00014874204059598436 0.9999999458018538 -0.0002937211167113246 -0.01076885499060154 -0.008121803634955993 0.0002949194859426766 0.9999669741187515 0.5600452423095703
0.9999779726340451 -0.0004592263563323275 0.006621431707638455 0.001675235922448337 0.0004611089062637167 0.999999853704808 -0.00028278779908184524 -0.009280742146074772 -0.006621300875344245 0.00028583477114411634 0.9999780380954384 0.44956594705581665
0.9999858236785171 -0.0007241756108430738 0.0052752262209372364 0.0004738850984722376 0.0007233252114861201 0.9999997250974673 0.0001631123166934036 -0.010777164250612259 -0.005275342892725765 -0.0001592943002388678 0.9999860725943586 0.44841060042381287
0.999958691181785 0.000167763427396864 0.009087782207115688 0.007034153677523136 -0.00016253477194173825 0.9999998208539586 -0.0005760854959992705 -0.012096884660422802 -0.009087877225152762 0.0005745846179797501 0.9999585393105342 0.6868456602096558
0.9999604778520877 0.00020580477465330734 0.008888215693762112 0.007181833498179913 -0.0001988699498768291 0.9999996751638651 -0.0007811036467192719 -0.011929187923669815 -0.008888373561408477 0.0007793051768158986 0.9999601939571765 0.7064052820205688
0.9999906736276507 0.0009312758193908443 0.004217271993310243 0.0006333407945930958 -0.0009314738269031034 0.9999995651662157 4.498765813673158e-05 -0.012731513008475304 -0.004217228263579708 -4.8915517047780637e-05 0.9999911062569732 0.6992694735527039
0.9999620444676053 0.0002093888258337681 0.008710096468270711 0.006549661047756672 -0.00020424236566708758 0.9999998040604015 -0.0005917467488012537 -0.011978751048445702 -0.008710218666774829 0.000589945318030492 0.9999618913015129 0.6404067873954773
0.9999993636841267 0.0008667611603109662 0.0007220501592449821 0.0014227752108126879 -0.0008678865541767755 0.9999984069650963 0.0015597564548394927 -0.005860892590135336 -0.000720697072679277 -0.0015603821199663523 0.9999985229005935 0.5143827795982361
0.9999733918310192 0.00033629208436612707 0.0072871487977690845 0.0048172371461987495 -0.0003321688343479431 0.9999997840716575 -0.0005670277803207632 -0.011424827389419079 -0.007287337911221262 0.0005645921290278926 0.9999732876141719 0.6065893173217773
0.9999559988705669 -0.0005898473243510212 0.00936228620054677 0.007316610775887966 0.0005928682713304597 0.9999997730856238 -0.0003198998499487883 -0.01238471083343029 -0.009362095384038883 0.0003254363764295042 0.9999561216679386 0.6250044703483582
0.9999763479250522 0.0003234502427748057 0.006870150683604137 0.004543345887213945 -0.00031929044733318104 0.9999997650593075 -0.0006065764090933855 -0.012418149970471859 -0.0068703452668129605 0.0006043684888176818 0.9999762162644893 0.6838309168815613
0.9999577252834213 -0.00024623427601726396 0.00919168182036488 0.007692656479775906 0.00025376044418813236 0.9999996335312494 -0.0008176447905896485 -0.012495349161326885 -0.00919147711972768 0.000819942710149436 0.9999574213146825 0.7297134399414062
0.9998597328700712 0.0019670435122940847 -0.01663265838074172 0.0033313697203993797 -0.0018718406960892054 0.9999817885997578 0.005737480391036069 0.03911624848842621 0.016643641350322962 -0.005705541924287375 0.9998452060163873 -0.9411188960075378
0.9999980158831789 0.0003924055774832441 -0.0019530098740508314 -0.003045628545805812 -0.00039083212324744033 0.9999995988292015 0.0008059725102516106 -0.01025213673710823 0.001953325358668622 -0.0008052076121121971 0.9999977680778815 0.7420995831489563
0.9999830797879098 2.9920104185690272e-05 0.005817150735040145 0.004012272227555513 -2.6514297101811764e-05 0.9999998282122723 -0.0005855530871813785 -0.012935686856508255 -0.005817167255534413 0.0005853889418360785 0.9999829087963994 0.7387678027153015
0.9999676988584654 0.00013966239894044793 0.008036276135112142 0.005549341905862093 -0.00013661083855533488 0.999999918365771 -0.00038027086408342985 -0.011032382026314735 -0.00803632858861806 0.0003791607384787477 0.9999676363062707 0.6240475177764893
0.999984256380238 -0.0009706580598462096 0.005526736341926553 0.0005954375956207514 0.0009705899309906807 0.9999995288648432 1.500924561583443e-05 -0.008924748748540878 -0.005526748306931989 -9.64481467126436e-06 0.9999847273634379 0.39522606134414673
0.9999824335590849 -0.0007335704381711271 0.0058817044861579825 0.0018284902907907963 0.0007327411804895072 0.9999997213001816 0.00014314301106193108 -0.008654721081256866 -0.005881807852409357 -0.00013883072946020703 0.9999826923814311 0.37472647428512573
0.99998136790747 -0.0004892566831450278 0.006084773274561844 0.002822054084390402 0.000489240688894095 0.9999998803132919 4.117042667884318e-06 -0.011404640041291714 -0.006084774560586001 -1.1400472901533652e-06 0.9999814875872688 0.4911971688270569
0.9999871844512188 -0.00020586301935827651 0.005058512997037664 0.0013177251676097512 0.00020518281612905858 0.9999999698394456 0.00013498562740951048 -0.015660129487514496 -0.005058540633018936 -0.00013394597755246005 0.9999871965306051 0.7240381240844727
0.999998872483233 -0.000303555217172247 0.0014706755225247998 -0.0018186739180237055 0.0003038365382934803 0.9999999355883084 -0.00019106736234015075 -0.015531931072473526 -0.001470617428301432 0.000191513991868213 0.9999989003027805 0.8441951870918274
0.9999885377374539 0.00021440755207313478 0.0047831394617466475 0.0014089244650676847 -0.00021270750263306806 0.9999999140342052 -0.0003559313148210208 -0.015550501644611359 -0.004783215364922179 0.0003549098253931881 0.9999884973787393 0.7805275321006775
0.9999904067644201 -0.0002573850326378474 0.004372657324206119 0.0014168989146128297 0.00025797423432026995 0.9999999577220623 -0.00013418333819105043 -0.01456213928759098 -0.004372622602556305 0.00013531008386383323 0.9999904308855946 0.7691532969474792
0.999996097043964 -5.514518971982307e-05 0.0027933592405946692 -0.00014723301865160465 5.5801489005456594e-05 0.9999999708605648 -0.00023487244040805682 -0.0145663321018219 -0.002793346207112473 0.0002350273973162002 0.9999960709818263 0.7984989881515503
0.9999974342247764 -0.0001127958205903705 0.0022624811528110253 -0.0005771059077233076 0.00011308266185673493 0.9999999855855121 -0.00012665420315674116 -0.014219461008906364 -0.0022624668341337415 0.00012690972558168528 0.999997432565577 0.8076967597007751
0.9999981470388396 7.010044874969636e-05 0.001923799577564398 -0.001219768775627017 -6.955957512861917e-05 0.9999999580400463 -0.00028121410211639315 -0.014738261699676514 -0.0019238192100766098 0.0002810797623563361 0.999998109955121 0.8321585655212402
0.9999988989535753 6.005065347391461e-05 0.0014827290905586195 -0.0013970148283988237 -5.927896376262702e-05 0.9999998627876949 -0.0005204907257868448 -0.014274818822741508 -0.001482760142918154 0.0005204022580583631 0.9999987653011618 0.8750434517860413
0.9999997057957543 0.00037722902193072316 0.0006679121720544122 -0.003290028078481555 -0.00037704688255840073 0.999999891706669 -0.00027280450537131513 -0.015795927494764328 -0.0006680150095007179 0.00027255259090877554 0.9999997397354821 0.9519497752189636
0.9999992691448706 -0.00023264119321785985 0.0011864180543438927 -0.0022400186862796545 0.00023363202834989811 0.9999996240301713 -0.0008350781946667548 -0.015885580331087112 -0.0011862233346988627 0.00083535476960208 0.9999989475277505 0.9920464158058167
0.9999992393357292 1.6950167012752073e-05 0.0012333047694478383 -0.0020019218791276217 -1.6387449996129722e-05 0.9999998957716972 -0.00045627628241059104 -0.015254965052008629 -0.0012333123748617663 0.00045625572461728623 0.999999135385276 0.9390982389450073
0.9999992884468475 -0.00019333502242842096 0.0011771692180542206 -0.0021371294278651476 0.00019412801472806846 0.9999997543112592 -0.0006735664298081782 -0.015630848705768585 -0.0011770387048561834 0.0006737944720531614 0.9999990802900255 0.9765156507492065
0.9999999347387513 0.0003351574872087652 0.00013487754498466966 -0.004850808531045914 -0.0003351343236752594 0.9999999290980133 -0.0001717234804437853 -0.017948701977729797 -0.000134935089831784 0.00017167826714207908 0.9999999761595468 1.0765979290008545
0.9999999911577787 -0.000132898843740641 4.726529595338939e-06 -0.005090145394206047 0.00013290069221592545 0.999999913842371 -0.000393259019939809 -0.019123496487736702 -4.674265519071776e-06 0.0003932596446215807 0.9999999226624987 1.1335175037384033
0.9999999431578311 -4.566584246020178e-05 0.00033406431325742707 -0.004537859931588173 4.584814693032922e-05 0.9999998500386817 -0.0005457293847151275 -0.018288563936948776 -0.000334039341968594 0.000545744669924404 0.9999997952902157 1.0896751880645752
0.9999999719313325 2.2124444631067755e-06 -0.00023692285525317317 -0.005549614317715168 -2.3095515466694416e-06 0.9999999160012544 -0.0004098684547568175 -0.01894082874059677 0.00023692192854075716 0.00040986899043790294 0.9999998879376989 1.1371142864227295
0.9999997476524736 -0.0002816419135770614 0.0006522061190452787 -0.0037634072359651327 0.000282079575051998 0.9999997350594176 -0.0006710530589115191 -0.017914703115820885 -0.0006520169495817862 0.0006712368635978462 0.9999995621573894 1.0755562782287598
0.999999631640532 -0.0001578344836925318 0.0008436865981555367 -0.003250787267461419 0.0001583343214086358 0.9999998119898157 -0.0005924108166950304 -0.016991237178444862 -0.0008435929366784771 0.0005925441830198978 0.9999994686210328 1.0131170749664307
0.9999998133470409 0.0001693677170282116 0.0005870438313628636 -0.0037906451616436243 -0.00016909329215131813 0.9999998764315542 -0.000467487256469676 -0.016864866018295288 -0.0005871229360721377 0.000467387904037714 0.999999718417563 1.0156009197235107
0.9999993134026975 -0.0001689478702290957 0.0011595907685098257 -0.0025530566927045584 0.00016962400588717316 0.9999998156648467 -0.000583007692095493 -0.016436804085969925 -0.001159492056848577 0.0005832039862353288 0.9999991577252855 0.9988274574279785
0.9999986147627608 -1.4506733184263877e-05 0.0016644104403322586 -0.00175281404517591 1.5723782469188084e-05 0.9999997325432686 -0.0007312086935934376 -0.015406215563416481 -0.0016643993877250628 0.0007312338515236289 0.9999983475345008 0.9485263824462891
0.9999992908693104 0.00013421386031834312 0.001183320546509416 -0.002806915668770671 -0.0001339892324263757 0.9999999729913603 -0.00018990567143729322 -0.01621159166097641 -0.0011833460025227978 0.00018974698455761233 0.9999992818439021 0.937171459197998
0.9999987761798038 6.426726896165478e-06 0.0015644799748662066 -0.0021731017623096704 -5.570323805986697e-06 0.9999998501566837 -0.0005474080576357153 -0.016110990196466446 -0.0015644832584814261 0.000547398673046631 0.9999986263724698 0.9357696771621704
0.9999985173554065 0.00015930664804948477 0.0017146161029143467 -0.0019787808414548635 -0.00015878068402674063 0.9999999403051498 -0.00030688497990075917 -0.0155553687363863 -0.0017146648893780802 0.0003066122769817389 0.9999984829554635 0.8670186996459961
0.9999979802380784 0.0001616310385924303 0.002003345993851613 -0.0016152302268892527 -0.00016096040954786307 0.9999999309631188 -0.00033491118849647675 -0.015544089488685131 -0.0020033999875900864 0.0003345880526639747 0.9999979372175348 0.8567919731140137
0.9999990847895966 5.605063129738982e-05 0.0013517685808090121 -0.0024659878108650446 -5.5963193390817364e-05 0.9999999963396038 -6.472181758313203e-05 -0.0157786775380373 -0.0013517722035597374 6.464610906254382e-05 0.999999084265976 0.9040737152099609
0.9999993814945932 -4.7988664036671734e-05 0.0011111739374323702 -0.002752880798652768 4.799467155989904e-05 0.9999999988337847 -5.379800611933335e-06 -0.016081970185041428 -0.0011111736779670582 5.433127712670556e-06 0.9999993826315787 0.9264245629310608
0.9999997329597439 -7.426128506750668e-05 0.0007270252422907526 -0.002897880272939801 7.448480055483858e-05 0.9999999499736569 -0.00030741616509490354 -0.016172725707292557 -0.0007270023768008679 0.00030747023533258237 0.999999688464751 1.014542579650879
0.9999989600189513 -0.0001429237927026913 0.0014351075937116852 -0.002134580397978425 0.00014391476811948678 0.999999751287844 -0.0006904439077532175 -0.015828333795070648 -0.001435008555921037 0.0006906497228812138 0.9999987318758984 0.978787899017334
0.9999994668256699 3.4212661170363695e-05 0.0010320745465839097 -0.002676508156582713 -3.390402596018447e-05 0.9999999547069537 -0.0002990595382489783 -0.016063302755355835 -0.0010320847314607613 0.0002990243873158891 0.9999994226925948 0.9712152481079102
0.9999998253894073 -1.99925724818459e-05 0.000590611083389058 -0.0033262025099247694 2.0103496039603334e-05 0.9999999821623463 -0.0001878061675683003 -0.01685461401939392 -0.0005906073181255243 0.00018781800812292995 0.9999998079536774 1.02646803855896
0.9999999479662393 0.00030341809901207254 -0.0001095672216714163 -0.005506101064383984 -0.0003034406811923842 0.9999999327138582 -0.0002061456578034807 -0.018660781905055046 0.00010950466597545037 0.0002061788942293272 0.9999999727494956 1.116726040840149
0.9999999923904009 5.2465396978554636e-05 -0.00011165384010432554 -0.005351558327674866 -5.2503257319191584e-05 0.9999999411236135 -0.0003391108630551319 -0.01862996071577072 0.00011163604194450096 0.0003391167226649319 0.9999999362686192 1.155350923538208
0.9999998678800173 -1.5087326960209256e-05 -0.0005138212928311994 -0.005531022325158119 1.5102547265239045e-05 0.9999999994473462 2.9617920144413755e-05 -0.018764585256576538 0.000513820845691989 -2.962567624165552e-05 0.9999998675552203 1.1570167541503906
0.9999996329698965 0.0002361181515745282 -0.0008235947369319121 -0.006782891228795052 -0.00023601983018188422 0.9999999650100688 0.00011947594230062488 -0.019891973584890366 0.0008236229185530425 -0.00011928151375940805 0.9999996537085443 1.2055439949035645
0.9999997452594489 -9.382520806693379e-05 -0.0007075859435791175 -0.006769582629203796 9.395103094494403e-05 0.9999999797821765 0.0001777887802264763 -0.0211334228515625 0.000707569248203973 -0.00017785521336534586 0.9999997338566056 1.2417488098144531
0.9999996281095866 -0.00011033812459288881 -0.0008553398076666239 -0.006462635472416878 0.00011027653649711254 0.9999999913238642 -7.205107105043591e-05 -0.019991442561149597 0.0008553477502256343 7.195672034381574e-05 0.9999996316011603 1.2240498065948486
0.9999996558961433 6.570984265623509e-05 -0.0008269763065587238 -0.006646033376455307 -6.568665339055274e-05 0.999999997448721 2.8068157315849078e-05 -0.01999133825302124 0.0008269781488030774 -2.8013826351476773e-05 0.9999996576611249 1.2130922079086304
0.9999997451318325 -7.730753077196927e-05 -0.0007097603929660306 -0.006133773364126682 7.719523875666652e-05 0.9999999845009429 -0.00015823719220032798 -0.019651925191283226 0.000709772614892019 0.00015818236174770976 0.9999997356005528 1.2204689979553223
0.9999998761404403 -0.00025805192166456886 -0.0004255917171431164 -0.005690315738320351 0.0002580501269909532 0.9999999666959413 -4.271796985541111e-06 -0.0199587419629097 0.00042559280531460594 4.161972459783138e-06 0.9999999094267169 1.1858137845993042
0.999999979873109 0.00019469217971976793 4.846376747266153e-05 -0.0072594014927744865 -0.00019469460008463528 0.9999999797999028 4.9942032936005056e-05 -0.02305746078491211 -4.8454043170436776e-05 -4.995146756465389e-05 0.9999999975785283 1.2713327407836914
0.9999999020874484 -0.00030717056237439076 0.00031854566246036954 -0.004374101758003235 0.0003072680921892617 0.9999999059235999 -0.00030616843505392073 -0.0191983412951231 -0.0003184515865623636 0.0003062662839941674 0.9999999023947703 1.1796870231628418
0.9999999506066137 -0.00026101571061593276 -0.0001750930293880847 -0.004805457778275013 0.0002610045499970358 0.9999999639055854 -6.376090256254529e-05 -0.018923459574580193 0.0001751096656654962 6.371519933583535e-05 0.9999999826384891 1.1614799499511719
0.9999999577518776 -0.00011613705959506604 -0.00026647406273456694 -0.005299431271851063 0.00011612411731809515 0.9999999920774125 -4.858357604467521e-05 -0.019386041909456253 0.00026647970297706937 4.855262992678713e-05 0.9999999633156041 1.149073839187622
0.9999998716987559 -2.610125130466713e-05 0.0005058865450794028 -0.004854992032051086 2.612070071698251e-05 0.9999999989200521 -3.843962519682791e-05 -0.01991911046206951 -0.0005058855412107545 3.845283437601694e-05 0.9999998713005911 1.1164144277572632
0.9999999695415994 6.470264432216906e-05 0.00023818137596480322 -0.0051183998584747314 -6.46938885101233e-05 0.9999999972313841 -3.6768632080793885e-05 -0.01969289965927601 -0.00023818375433309427 3.675322208149831e-05 0.9999999709588494 1.1283235549926758
0.999999991880946 -0.00011410070966744808 5.6737426229692365e-05 -0.005622326396405697 0.00011409796288417874 0.9999999923189143 4.8413074086266126e-05 -0.02039344236254692 -5.674294975999777e-05 -4.8406600068445675e-05 0.9999999972185192 1.1525726318359375
0.9999993550054354 2.4880781110446464e-05 -0.0011355041433954195 -0.008576173335313797 -2.543994916840255e-05 0.999999878433452 -0.000492428563339114 -0.021222662180662155 0.0011354917533488037 0.0004924571328930558 0.9999992340719317 1.2398059368133545
0.9999988196564332 6.614463707127431e-05 -0.0015350278914273087 -0.008188770152628422 -6.618093028690829e-05 0.9999999975317374 -2.3592576306425285e-05 -0.021094096824526787 0.0015350263271160596 2.369413803295063e-05 0.9999988215656871 1.2854633331298828
0.9999998321325202 -0.000436936171074843 -0.0003805544817887465 -0.006379491649568081 0.0004368767073116233 0.9999998923506597 -0.00015632469874324325 -0.021696578711271286 0.00038062274473762097 0.00015615841711245354 0.9999999153704338 1.2579362392425537
0.9999999827447574 -2.590929960957489e-05 -0.0001839543233432197 -0.006113224662840366 2.593214428402735e-05 0.999999991952759 0.00012418536879275585 -0.020885935053229332 0.00018395110430696773 -0.0001241901369799618 0.9999999753694002 1.2006821632385254
0.9999999558324802 -0.00027671899627285085 0.00010845106876046024 -0.00458939466625452 0.0002767261966071126 0.999999959507948 -6.638308828414224e-05 -0.01901295781135559 -0.00010843269490749444 6.641309660394193e-05 0.9999999919158254 1.0595455169677734
0.9999976959277609 -8.141292075458179e-05 0.002145113308374598 -0.0019584952387958765 8.13552158013296e-05 0.9999999963264911 2.6987899543263063e-05 -0.01719251088798046 -0.002145115497658232 -2.6813321205071813e-05 0.9999976988776261 0.9179869890213013
0.9999970283463631 -5.959550637277614e-05 0.002437159580098847 -0.0013488850090652704 5.943994759292477e-05 0.9999999961918233 6.390028339107646e-05 -0.01691311039030552 -0.0024371633789874586 -6.375522886385024e-05 0.9999970280805514 0.9010283350944519
0.9999990927821086 0.00014098789182070474 0.0013396109039163205 -0.0034375691320747137 -0.00014105081493979573 0.9999999889536151 4.687683004896867e-05 -0.017720703035593033 -0.0013396042800530189 -4.70657407311694e-05 0.9999991016221909 0.9963476657867432
0.9999999802414345 -1.990788762740496e-05 0.00019778980349556625 -0.006215299479663372 1.990817135735234e-05 0.9999999998008062 -1.4325336847196644e-06 -0.020515933632850647 -0.00019778977493744814 1.436471289715581e-06 0.9999999804385705 1.122942328453064
0.9999999124620171 2.9360428361600436e-05 0.00041738941422514165 -0.006838655099272728 -2.9471123359480582e-05 0.999999964399068 0.00026520429010295626 -0.02185222879052162 -0.0004173816128541288 -0.0002652165678224232 0.9999998777263731 1.18853759765625
0.9999999379550201 -0.0001638632816847548 0.0003118313334421878 -0.007707931101322174 0.00016374904631420226 0.9999999194952666 0.0003663273261478493 -0.0237362589687109 -0.00031189133593612285 -0.00036627624133561573 0.9999998842827479 1.2633922100067139
0.9999999446304114 -0.00019989481538825848 0.0002660474335047183 -0.008171291090548038 0.00019985266252961806 0.9999999674749405 0.00015845829540242924 -0.02456285059452057 -0.00026607909984321585 -0.0001584051163407135 0.9999999520548647 1.2821953296661377
0.9999996313160023 -0.0003155244451853883 0.0007986314444073258 -0.00641615130007267 0.0003152380924069327 0.99999988599582 0.00035865483709150627 -0.02272184193134308 -0.0007987445177284891 -0.000358402945808136 0.9999996167771885 1.1874682903289795
0.9999952216560424 -0.0009361599096726541 0.0029462297443017703 -0.005846126936376095 0.0009346477715031341 0.9999994308202353 0.000514580167316088 -0.027954373508691788 -0.0029467097966903713 -0.0005118240214102069 0.9999955274587708 1.3363709449768066
0.9999987809992087 -0.000272570710085183 0.0015374346504589264 -0.005394436419010162 0.00027237484945536166 0.9999999547647855 0.00012760238305103923 -0.022025499492883682 -0.0015374693615848973 -0.00012718346897216715 0.9999988100054555 1.1343461275100708
0.9999997172496753 -0.0001397274018754384 0.0007389024445847411 -0.005294492468237877 0.00013961724469325755 0.9999999791333872 0.0001491316535384575 -0.020579129457473755 -0.0007389232669448362 -0.00014902844784802402 0.9999997158914233 1.1018931865692139
0.9999987538745232 -0.0002716097969071093 0.001555145497586841 -0.004942536354064941 0.00027132203826256337 0.9999999460344191 0.00018524446022369473 -0.02116040512919426 -0.001555195727872731 -0.0001848222841396533 0.9999987736027335 1.1017671823501587
0.9999983279580769 -0.0001620278387201176 0.0018214906065870153 -0.004683332517743111 0.00016126945486019225 0.9999999002630356 0.0004164925947499206 -0.021642882376909256 -0.001821557908312042 -0.0004161981475596843 0.9999982543514205 1.1164735555648804
0.9999974593624944 -0.000541156865672141 0.002188245370885392 -0.004511208273470402 0.0005399570287944522 0.9999997035975138 0.0005488636368238148 -0.022353678941726685 -0.002188541743609408 -0.0005476806838915371 0.9999974551622145 1.123192548751831
