0.9999928264719002 0.00012582700536391687 -0.0037856534845387532 -0.007719568908214569 -0.00012530729757497208 0.9999999826931131 0.00013752038025073872 -0.01658989116549492 0.003785670722798499 -0.00013704502373672385 0.9999928249321793 0.7882635593414307
0.9999979475033731 0.00011389498927824135 -0.0020228734445426216 -0.005584025755524635 -0.00011334195936388498 0.9999999561754485 0.0002735008254922791 -0.016633762046694756 0.0020229045062646867 -0.0002732709876930077 0.9999979165879926 0.7934028506278992
0.9999633777728164 0.00032447048187829973 -0.008552065954248185 -0.01522991806268692 -0.00031535325892911306 0.9999993805926434 0.0010674111913204143 -0.012169179506599903 0.008552407000459231 -0.0010646751784760189 0.999962860710968 0.599031388759613
0.9999896529480621 0.00013596691447048117 -0.004547033078045702 -0.009333034977316856 -0.00013471397637723564 0.9999999528778521 0.00027585582888302264 -0.01569485478103161 0.004547070371045628 -0.00027524042568177135 0.9999896241430454 0.7411502599716187
0.9999976088401963 6.278062936757846e-06 -0.002186841209578888 -0.005422635935246944 -6.256606952388742e-06 0.9999999999322285 9.81824578603861e-06 -0.019735604524612427 0.0021868412710702475 -9.804540103128321e-06 0.9999976088117043 0.9256104826927185
0.9999964855761304 -2.8496669766642266e-05 -0.00265104193243374 -0.006017779000103474 2.8794130707556035e-05 0.999999993294709 0.00011216719493342136 -0.018722137436270714 0.00265103871826622 -0.00011224313517826782 0.9999964796913999 0.8727065324783325
0.999996371462739 4.900167215072372e-06 -0.002693888888526525 -0.00617062347009778 -4.806276797579251e-06 0.9999999993808544 3.485958705038296e-05 -0.019239917397499084 0.0026938890576764215 -3.4846512985412264e-05 0.9999963708671473 0.9051696062088013
0.9999993689612029 4.1889323216493966e-05 -0.0011226408511966625 -0.0042957947589457035 -4.180710266108649e-05 0.9999999964424311 7.326188798441814e-05 -0.018071377649903297 0.0011226439160936953 -7.321490739200694e-05 0.9999993671549073 0.8454620242118835
0.9999888500233188 0.00023281426160055794 -0.0047165269595309985 -0.009610235691070557 -0.00023088788229268885 0.9999998897162896 0.00040897211937993976 -0.01365971565246582 0.0047166216539168936 -0.000407878570428883 0.9999887934948299 0.6712096333503723
0.9999956785845752 3.155313959720902e-05 -0.0029396966806275165 -0.006526186130940914 -3.142634089120516e-05 0.9999999985739603 4.3179443688389436e-05 -0.01799779012799263 0.002939698038882407 -4.308687318207331e-05 0.9999956781501415 0.8444265127182007
0.9999984446013152 6.377769479516891e-06 -0.001763733050785447 -0.0049974555149674416 -6.518185988758408e-06 0.999999996810079 -7.960750701227526e-05 -0.020159199833869934 0.0017637325374409494 7.961887953092309e-05 0.9999984414529706 0.939775824546814
0.9999987182059427 1.4122010627656947e-05 -0.0016010581003368849 -0.005006052553653717 -1.4201482615493793e-05 0.9999999986677985 -4.9625808868190675e-05 -0.018988464027643204 0.0016010573973877528 4.96484826569021e-05 0.9999987170742963 0.8920926451683044
0.9999970599244373 4.008881381894201e-05 -0.0024245691098706934 -0.00607580691576004 -3.988479806425931e-05 0.9999999956603327 8.41934528488617e-05 -0.017818398773670197 0.002424572474564526 -8.409650186440842e-05 0.999997057183717 0.8471001982688904
0.999997732773675 2.8898612272386003e-05 -0.002129228118376747 -0.0056151943281292915 -2.8745511399816195e-05 0.9999999969995279 7.193496888312208e-05 -0.018252190202474594 0.0021292301908088325 -7.187360003911733e-05 0.9999977306039151 0.8569228053092957
0.9999957123780489 0.00024777298604006877 -0.0029178475055746137 -0.006973382085561752 -0.0002470019616409256 0.9999999344880008 0.0002646016341146122 -0.014990526251494884 0.0029179128755575864 -0.00026387978554519146 0.9999957080667443 0.7237956523895264
0.9999947632380917 6.960094657566186e-05 -0.003235529647731696 -0.00720758643001318 -6.929462276164102e-05 0.9999999931068381 9.478702008068236e-05 -0.016093796119093895 0.003235536222694987 -9.456231889725251e-05 0.9999947611679372 0.7671917676925659
0.9999975556512548 9.916292115707496e-06 -0.0022110163234723454 -0.005574085284024477 -9.841963399213581e-06 0.9999999993861358 3.362832142314231e-05 -0.019404636695981026 0.0022110166555833403 -3.3606478482066356e-05 0.9999975551349879 0.910672664642334
0.999999427314044 4.940714387888947e-05 -0.0010690792850140346 -0.004369349218904972 -4.9554729961552026e-05 0.9999999892468988 -0.00013802365896813522 -0.019573235884308815 0.00106907245416334 0.00013807655785920054 0.999999419009307 0.9189242124557495
0.9999955861632979 2.5026674477688323e-06 -0.0029711357523432742 -0.0068029072135686874 -2.343848956491803e-06 0.9999999985684127 5.3457279067617925e-05 -0.01714768260717392 0.002971135881875627 -5.345007922248486e-05 0.9999955847375829 0.8128070831298828
0.9999977319017392 2.515030845555387e-05 -0.002129685150231303 -0.005484426394104958 -2.500955549890172e-05 0.999999997501494 6.61175751392131e-05 -0.018675433471798897 0.002129686807787682 -6.606416269909603e-05 0.9999977300322371 0.8806535005569458
0.9999955713067087 0.00021732893178735144 -0.0029681871747840936 -0.00719059444963932 -0.00021619141724025362 0.9999999030749759 0.00038355092213745176 -0.015918433666229248 0.002968270243804674 -0.0003829075269161051 0.9999955213667636 0.7762455940246582
0.9999947724900385 1.950340852601351e-05 -0.00323335927688483 -0.006809699349105358 -1.970138027116585e-05 0.9999999979334501 -6.11960439132269e-05 -0.017730018123984337 0.0032333580766714864 6.125942565096493e-05 0.9999947708077433 0.8281195163726807
0.9999345117678609 0.0033891941210620535 0.010930944093688225 -0.010964739136397839 -0.0034470888661649263 0.9999801092312303 0.005281923915146275 0.0015776585787534714 -0.010912825203325711 -0.005319257946968802 0.9999263051550226 -0.37484651803970337
0.9999575510144182 -0.0033863726403506834 0.0085690518488207 -0.004484502598643303 0.003353105700072948 0.9999867981436894 0.003893612782005926 0.019642021507024765 -0.00858212394522658 -0.0038647145654945804 0.999955704583916 -1.4489498138427734
0.9999936772169679 -0.0009902401165976247 -0.003415399039409448 -0.01551989559084177 0.0009950801419438106 0.9999985027885301 0.001415710496318832 0.0026349257677793503 0.0034139920325078886 -0.0014191001408494575 0.9999931653832402 -0.5307669043540955
0.999998325156381 2.3708832995816314e-05 -0.001830060743349819 -0.005354346241801977 -2.381533234832304e-05 0.9999999980243854 -5.817266600340107e-05 -0.019696274772286415 0.0018300593605283012 5.8216152078103094e-05 0.9999983237454034 0.9415255784988403
0.9999795772626389 0.0034415197533154444 0.005385257600307858 -0.015516870655119419 -0.003465521450282405 0.9999840760721728 0.004453960390559334 -0.0016702115535736084 -0.005369843453189905 -0.004472532154225223 0.9999755803205486 -0.14085519313812256
0.9999870296307778 -0.0033676675174007346 0.003820914250074906 -0.005507550202310085 0.0033567651298640807 0.9999902871365625 0.002856179335840214 0.0004375064745545387 -0.003830495800429768 -0.002843316378420811 0.999988621362211 -0.33558404445648193
0.9999921952832377 -0.0038485348917338107 0.000893393417393756 -0.011939890682697296 0.0038452309754117876 0.9999858693000674 0.0036708853066142306 0.0013215215876698494 -0.0009075083233055108 -0.003667421352352354 0.9999928631991668 -0.4537408947944641
0.9999631155459302 -0.004879039726940566 0.007068417009424792 -0.009495736099779606 0.004853953778758093 0.999981876057211 0.0035618379825689953 0.010219652205705643 -0.007085667250857185 -0.0035273968366667887 0.9999686749049524 -1.1058430671691895
0.9998966805531054 -0.0018811459303049887 -0.01425094764812962 -0.027573034167289734 0.0019243775291702438 0.9999935866866118 0.0030204894919640254 0.005296817049384117 0.014245174270820934 -0.0030476016200838077 0.9998938879372946 -1.0892746448516846
0.9999980149983868 0.00019188104076003776 -0.0019832248870636465 -0.005581771954894066 -0.00019150014311366623 0.9999999631842302 0.00019224784476197198 -0.016704563051462173 0.001983261702766232 -0.00019186767529999067 0.9999980149279367 0.7889630198478699
0.9999967635092463 0.00017770001041483253 -0.0025379900982379962 -0.006612421479076147 -0.00017708713641245068 0.9999999551099642 0.00024170274215312584 -0.014743762090802193 0.002538032934887328 -0.0002412525144856956 0.9999967500877418 0.711442232131958
0.999955593616949 0.0005415604268647151 -0.00940837427398237 -0.018950574100017548 -0.0005314642985583213 0.9999992803501664 0.0010755672218234528 -0.008002351969480515 0.009408949987891163 -0.0010705192447393072 0.9999551618191047 0.47271037101745605
0.9999761325326546 0.0003052407286262221 -0.00690226000181263 -0.012777088209986687 -0.0002988538964741513 0.999999526292726 0.0009263372346526239 -0.01272001676261425 0.006902539488014319 -0.0009242523580329056 0.9999757500590679 0.6278656125068665
0.9999073075922574 0.00044949791879162143 -0.013607871810949294 -0.022373896092176437 -0.000417927964577587 0.999997215121941 0.0023227321366306665 -0.010682310909032822 0.013608877977946986 -0.002316829726828199 0.999904710830086 0.5141090154647827
0.9999081272677591 0.0004344440260401181 -0.013547999198079844 -0.022237563505768776 -0.0004063203144868967 0.999997757283782 0.002078540643846986 -0.01075570285320282 0.013548871823327922 -0.00207284485534413 0.9999060612810189 0.5195374488830566
0.9998969192795061 0.0005080773997376282 -0.014348960683912289 -0.024863893166184425 -0.00047670757619014127 0.9999974893193332 0.0021895444541168404 -0.008186030201613903 0.01435003711630697 -0.002182478496028481 0.9998946510619879 0.49327534437179565
0.9999115888807389 0.00030743930540934046 -0.013293603840564355 -0.021740566939115524 -0.00027424907942969 0.9999968412442993 0.0024984572972388654 -0.010647954419255257 0.013294329973293498 -0.0024945906472172126 0.9999085147192538 0.5189769268035889
0.9996851343091462 0.0005262591783421319 -0.025086954629481798 -0.0395679697394371 -0.00044664797190218535 0.999994847510439 0.003178908328854921 -0.005631481297314167 0.02508849829889512 -0.0031667023622813347 0.999680218494522 0.397882878780365
0.9998779169363148 0.0002076751710030636 -0.015623958977154389 -0.027634404599666595 -0.0001827814473619355 0.9999987117357697 0.00159471556832329 -0.00347968190908432 0.015624270032195253 -0.0015916651107256343 0.9998766667885278 0.18975168466567993
0.9999195938836983 0.00029830337757709354 -0.012677412297261671 -0.024094846099615097 -0.000284346676393417 0.9999993516006345 0.001102699087802594 -0.005999420769512653 0.012677733016097923 -0.001099005643999499 0.999919030358042 0.2815696895122528
0.9998946043071445 9.323773363963693e-05 -0.014517974520712568 -0.025210650637745857 -5.524139404239235e-05 0.9999965726269785 0.002617571906296879 -0.008443228900432587 0.014518168818670551 -0.0026164940323410196 0.9998911824459357 0.3865813910961151
0.9997946840274622 0.0004437195975210994 -0.020258156464650602 -0.031270354986190796 -0.0003858912785313339 0.9999958403398757 0.0028583895583607134 -0.009492983110249043 0.020259340521069355 -0.0028499852394298143 0.9997906964489052 0.4517524242401123
0.9998322551744647 0.00029617635439653875 -0.018313213598691265 -0.0288297887891531 -0.00024872668268989697 0.9999966066388076 0.0025932307855941967 -0.010146385058760643 0.018313919508983117 -0.0025882407996807005 0.9998289360494532 0.4884287118911743
0.9998690426571606 0.0004408387415155889 -0.016177243184711323 -0.025416003540158272 -0.00040264314357396733 0.999997124094328 0.0023642507422603123 -0.009882329031825066 0.016178238913807735 -0.002357427470215047 0.9998663446288062 0.48211848735809326
0.9998913203084087 0.0005364240236708367 -0.014732950185690227 -0.024108633399009705 -0.0005010460429942243 0.9999969827743421 0.0024048690348606227 -0.010119838640093803 0.014734195762578993 -0.002397225788043426 0.9998885721837963 0.47896814346313477
0.9998536019787077 0.0005678177988882794 -0.017101233673382656 -0.02771531231701374 -0.0005127321342500807 0.9999946670529436 0.003225363767275885 -0.009427808225154877 0.017102973892363822 -0.0032161232283627445 0.9998485609508159 0.4182080030441284
0.999877629807918 0.0006109158978797419 -0.015631768660832795 -0.024729181081056595 -0.0005693233457334659 0.9999962865964295 0.002665082415181684 -0.00893138162791729 0.01563333875498383 -0.002655856757700907 0.9998742646674403 0.38872361183166504
0.9998544903476677 0.0005224769929396459 -0.017050664192253734 -0.027628136798739433 -0.00046032633419794996 0.9999932372324771 0.00364877910764142 -0.008590567857027054 0.017052455285711754 -0.0036403993053187706 0.9998479690741119 0.38675546646118164
0.9997901733673822 0.0003490762468727568 -0.020481391158654855 -0.03221629559993744 -0.000297966514329788 0.9999968345478689 0.0024984215414259295 -0.006343401037156582 0.020482198465406345 -0.0024917945373148626 0.9997871125924797 0.434341698884964
0.9998734118468302 0.0004017227968878493 -0.015905939160373563 -0.02810443378984928 -0.0003680363236253124 0.9999976835335 0.0021207255593985634 -0.007139235734939575 0.015906754258601503 -0.0021146031372942277 0.9998712435221487 0.4134017825126648
0.9998605209671826 0.0006397232067392641 -0.01668919906565201 -0.02706628292798996 -0.0005880432731475428 0.9999950179565164 0.0031013331416488224 -0.009507511742413044 0.016691099914119097 -0.003091086599457004 0.999855915803518 0.4217183589935303
0.9999008752009758 0.00027975744387234366 -0.014076985049892587 -0.02302851341664791 -0.00025119135774995347 0.9999979059625606 0.00203100305153059 -0.010951943695545197 0.014077523760381055 -0.002027265711773582 0.9998988516437597 0.5091009736061096
0.9999083081100835 0.0004044127895515102 -0.013535576187451024 -0.022309668362140656 -0.0003743137656477106 0.9999974520542997 0.0022261568034688726 -0.010689771734178066 0.013536441985820744 -0.002220886130451375 0.9999059117752831 0.4992821216583252
0.9999661356531598 0.0003112686025658246 -0.008223786156203049 -0.014942404814064503 -0.00030319540793425666 0.9999994709734258 0.0009829167883412236 -0.012370876967906952 0.008224087756736777 -0.0009803900883077943 0.9999657010197119 0.6050788760185242
0.9999197023164018 0.0003376829194154956 -0.012667868397026265 -0.021016834303736687 -0.0003132824469811418 0.9999980921302349 0.0019281052872210079 -0.0110542681068182 0.01266849531660549 -0.001923981844023255 0.9999179003899656 0.5391900539398193
0.9999176923718484 0.0004028160937511696 -0.012823658641452696 -0.0214947871863842 -0.00037501114918709087 0.9999975739620242 0.0021705844153696863 -0.01075463742017746 0.012824501877105198 -0.0021655967447508397 0.9999154175940801 0.5180361866950989
0.9998821132324174 0.00041215332038959675 -0.015348933758264377 -0.024181382730603218 -0.00037844649174120304 0.9999975108561185 0.002198876945111579 -0.010469626635313034 0.015349801826993883 -0.0021928089764834246 0.9998797803599513 0.5184122323989868
0.9999959931846703 0.0001467165562076673 -0.002827028273142711 -0.006736702751368284 -0.00014623619170682468 0.9999999748363164 0.00017012449252715186 -0.01611189916729927 0.0028270531620839356 -0.0001697103970212153 0.9999959894763578 0.8271327018737793
0.9999105727221043 -0.00035746053169376295 -0.013368574363845922 -0.02201421558856964 0.0003713468143617617 0.9999993941353775 0.0010362578932417957 -0.01377352699637413 0.013368195843002173 -0.0010411296010217775 0.9999100996534923 0.6805877089500427
0.9999037580912558 0.0002845853699261935 -0.01387060078549374 -0.022483622655272484 -0.00025021571930938194 0.9999968946071367 0.0024795499948227105 -0.009805439971387386 0.01387126335548158 -0.002475840715845587 0.9999007242049945 0.46751344203948975
0.9999698801045551 0.0005109150383997976 -0.0077445367521393645 -0.014389119111001492 -0.0005007853652030787 0.9999990167406723 0.0013098594224863831 -0.011304246261715889 0.007745198364128502 -0.0013059416189917816 0.9999691527336171 0.525031566619873
0.9998526588996625 -0.0007626637211857693 -0.017148726930107258 -0.026906317099928856 0.0007762065727329433 0.9999993921387369 0.0007830871682267328 -0.015250183641910553 0.017148119273886715 -0.0007962827418588578 0.9998526431125556 0.7390649318695068
0.9999965773611023 0.0001092391866871088 -0.0026140644370468303 -0.006555025931447744 -0.00010902911730652126 0.9999999908159125 8.050357965196264e-05 -0.01648847386240959 0.002614073207184601 -8.021829497912595e-05 0.9999965800872984 0.7856152653694153
0.9999987743328335 5.184202450705846e-05 -0.001564814760686393 -0.004979306366294622 -5.184941862438864e-05 0.9999999986448459 -4.684667884190852e-06 -0.01912512257695198 0.0015648145157031606 4.765796877943692e-06 0.9999987756656599 0.8983377814292908
0.9999968377471458 0.00020583729666423753 -0.00250641710738724 -0.00624422449618578 -0.00020515482395324288 0.9999999418155727 0.00027254421615766696 -0.01601347140967846 0.0025064730613174714 -0.00027202915074352207 0.9999968217914167 0.7680164575576782
0.999997538249548 6.116587716952744e-05 -0.0022180517530634362 -0.006130316760390997 -6.139543015528489e-05 0.999999992766922 -0.00010342512866539294 -0.0174427293241024 0.002218045410931379 0.00010356105230002171 0.9999975347717931 0.835207998752594
0.9999994010824849 3.723581588791207e-05 -0.0010938227304017225 -0.004394810646772385 -3.74432509401058e-05 0.9999999813206686 -0.00018962242834255573 -0.02075934410095215 0.0010938156492240154 0.00018966327105334054 0.9999993837973946 0.9661531448364258
0.9999921956141035 -0.00013058459943109522 -0.003948627425758389 -0.006572615820914507 0.0001311342057386882 0.9999999817510511 0.00013893062310720982 -0.023496629670262337 0.00394860921150032 -0.00013944733896024904 0.9999921944894045 1.0717180967330933
0.9999942702450094 0.0005269697788617699 -0.0033439168654732787 -0.009387733414769173 -0.0005250512556774332 0.9999996970852937 0.0005745872429820243 -0.019960999488830566 0.0033442186426640543 -0.0005728282229888036 0.9999942440181828 0.8960583806037903
0.9999731855631254 -0.0007861841025233878 -0.0072808014182466334 -0.007473666686564684 0.0007833434562333699 0.9999996159622474 -0.00039299922013109515 -0.0401359423995018 0.007281107591883192 0.0003872853139311971 0.9999734173878428 1.7698285579681396
0.9999963441678872 0.00032995901634489473 -0.002683799155707602 -0.004160343669354916 -0.0003302304426684394 0.9999999404044255 -0.00010069260213087674 -0.035471878945827484 0.0026837657713330975 0.00010157850619885084 0.9999963935350425 1.4511693716049194
0.9999952834103647 1.3177591417511362e-05 -0.0030713162284820524 -0.007162845227867365 -1.3139671131057952e-05 0.999999999837206 1.2366769137157662e-05 -0.015665709972381592 0.0030713163909462915 -1.2326354723000792e-05 0.9999952834207207 0.7439653277397156
0.9999995218207652 -0.00012682402574603542 -0.0009696772182291185 -0.0037711872719228268 0.00012596020907618878 0.9999995952705226 -0.0008908382663242779 -0.027636919170618057 0.0009697898054673885 0.0008907156995987728 0.9999991330662621 1.2799713611602783
0.9999947582106342 -0.0011257950585397813 -0.003035809075241697 -0.006207889877259731 0.001125034784736417 0.9999993353630274 -0.00025213138729902423 -0.02830132469534874 0.003036090905800668 0.0002487146748699341 0.9999953601357469 1.3059310913085938
0.9999899074715333 0.0006498725548261747 -0.0044455169256550735 -0.01133134588599205 -0.0006463441641147752 0.9999994750377889 0.0007950870188669662 -0.022630754858255386 0.004446031297158939 -0.0007922056605072245 0.9999898025559538 0.974682629108429
0.9998792457534275 0.00011383344795709703 -0.015539657444848297 -0.028250236064195633 -8.82175347714493e-05 0.9999986363465836 0.001649097522849128 -0.008802738972008228 0.015539823976598375 -0.001647527517049254 0.999877892306784 0.05896401405334473
0.9999969685033209 -0.00023052883411378125 -0.002451497628931514 -0.004356294870376587 0.0002299926680817559 0.9999999495735389 -0.00021898925087501748 -0.03276912122964859 0.002451547988647852 0.00021842476052935666 0.9999969710969544 1.4900285005569458
0.9999970049570351 -0.00047025056120178726 0.002401862062922507 0.0018607387319207191 0.00047096868274692225 0.9999998445644562 -0.00029842848946728284 -0.027905799448490143 -0.0024017213534231205 0.00029955879747304936 0.9999970709952443 1.2212952375411987
0.9999968717173107 -6.102111310712986e-05 -0.0025005663392120426 -0.005316020920872688 6.0145790427547485e-05 0.9999999368980155 -0.0003501234773639122 -0.027462346479296684 0.002500587546345657 0.0003499719835397103 0.9999968122856864 1.2678914070129395
0.9999974374233409 -0.0002677179891857084 0.0022479932894230023 0.0014006365090608597 0.0002703064716515918 0.9999993007916359 -0.0011512387459794548 -0.04238042235374451 -0.002247683510285146 0.0011518434429762757 0.9999968105826739 1.9151570796966553
0.9999993149477354 -0.0006399944020713654 0.0009800567459771678 0.002010525204241276 0.0006416652445092527 0.9999983398035945 -0.0017054781643257853 -0.07337698340415955 -0.0009789636224124575 0.001706105864335647 0.9999980654146317 3.3026585578918457
0.9999153973187621 -0.0012675379439025703 0.01294571560102232 0.018540997058153152 0.0013085427567067582 0.9999941527354699 -0.003159463676529882 -0.07339431345462799 -0.01294163516390629 0.003176136399811678 0.9999112091765218 3.20913028717041
0.9999992705309435 -0.0005086123175605143 0.001095559716168231 0.0013984069228172302 0.0005101953702740535 0.9999988255811586 -0.0014451771476501102 -0.06337562948465347 -0.0010948233946239064 0.0014457350429331471 0.9999983556046083 2.863593816757202
0.9999981962086466 -7.401671575742737e-05 0.0018979201720453916 0.0020813196897506714 7.514145697989275e-05 0.9999998216171505 -0.000592553313270104 -0.044226206839084625 -0.0018978759746388232 0.0005926948569145199 0.9999980233878425 1.8606457710266113
0.9999913620690108 -0.0005089872542356508 0.00412513264505691 0.005097087472677231 0.0005163768857935119 0.9999982637287103 -0.0017905011803109818 -0.05801869556307793 -0.00412421414042806 0.0017926158372340902 0.9999898886419721 2.598374128341675
0.9999991528953052 -0.0003994247719463336 -0.0012388173892981431 -0.0021334500052034855 0.00039905812268684423 0.999999876509016 -0.0002962002158755942 -0.04586760327219963 0.001238935546019041 0.00029570560482127553 0.9999991887981252 2.0447704792022705
0.9999944436492876 -0.00018036405377564417 -0.003328684328673666 -0.0018089311197400093 0.0001799303004141067 0.999999975283481 -0.00013060675524976712 -0.056584060192108154 0.003328707803164004 0.00013000709838158753 0.9999944513858642 2.3098433017730713
0.9998786446055508 -0.0013830923259697838 0.015517187805287254 0.020911606028676033 0.0014180703346920603 0.9999964781782139 -0.0022433697187242882 -0.057087481021881104 -0.015514030369074902 0.0022651019374117 0.9998770845333543 2.477482795715332
0.9999997353353522 -0.00039284039504206177 -0.0006123770485390555 -0.0012910841032862663 0.00039236265088707215 0.9999996187694791 -0.0007800720779846928 -0.04433347284793854 0.0006126832589055109 0.000779831597645084 0.999999508240831 1.9999523162841797
0.9999989519450685 0.0003074546878201768 0.0014147722005262912 -0.0004509580321609974 -0.0003073990923033871 0.9999999519722305 -3.951372633751596e-05 -0.027716677635908127 -0.001414784281258334 3.907878523470237e-05 0.9999989984286414 1.1771390438079834
0.9999990058566397 -0.0002925488137822729 -0.0013793842554473993 -0.004159442149102688 0.0002927529410617261 0.9999999462276887 0.0001477847606868348 -0.029968371614813805 0.0013793409470182856 -0.00014818843256523265 0.9999990377289073 1.337299108505249
0.9999987903352547 -0.0003408196131993539 -0.0015176198530521322 -0.0045317551121115685 0.00034185782678345023 0.9999997077072121 0.0006838996391375115 -0.031263627111911774 0.0015173863230523164 -0.0006844176220730767 0.9999986145546728 1.417212724685669
0.999901973580075 0.00033274428781662025 0.013997589503561184 0.006534982472658157 -0.0003597244104271941 0.999998082465807 0.0019250098851773133 -0.0004136664792895317 -0.013996922126661406 -0.0019298564579815194 0.9999001759300936 0.06825721263885498
0.9999600144527141 -0.0007116157597059609 0.008914207689876658 0.0006116065196692944 0.0006870542011881675 0.9999959604494519 0.0027580865292304094 -0.00988084264099598 -0.008916134378324931 -0.0027518517017874828 0.999956463982287 0.5234983563423157
0.999997990108681 -0.00030386884939307497 0.0019817775658218678 -0.0028706290759146214 0.00030331812089850693 0.9999999153039792 0.00027819085453976034 -0.016348687931895256 -0.001981861931508075 -0.0002775891863590729 0.999997997581759 0.6360691785812378
0.9999346008993686 0.00047626504904721255 0.011426595985831282 0.005936895497143269 -0.0005053512240847807 0.9999966395714898 0.0025427280366512005 0.0028112540021538734 -0.011425346575079268 -0.002548336188793015 0.9999314813717529 0.16090944409370422
0.9999984291090794 0.00017358396191795314 0.0017639863893262851 4.608556628227234e-05 -0.00017371859301217797 0.9999999820100562 7.616913874340051e-05 -0.028900254517793655 -0.0017639731358513903 -7.647545632363841e-05 0.9999984412739256 1.2311930656433105
0.9999893611682917 -0.0003214550809446835 -0.004601545051653412 -0.006797109264880419 0.0003200056587213585 0.9999998989590071 -0.00031571878862976207 -0.023907020688056946 0.004601646076117487 0.0003142429092953124 0.999989362995819 1.029206395149231
0.9999990627238274 -4.3832135216725244e-05 -0.0013684407955006721 -0.004286438226699829 4.3675453592949304e-05 0.9999999924881101 -0.00011452613148558114 -0.020885903388261795 0.0013684458051459766 0.00011446625687050836 0.9999990571263329 0.9773422479629517
0.9999991875210681 1.194823119556358e-05 -0.0012746820950832493 -0.0043648057617247105 -1.2141857564933251e-05 0.9999999883903843 -0.0001518940634903416 -0.02129332162439823 0.001274680265419292 0.0001519094170880542 0.9999991760565355 0.9927363395690918
0.9999974279859359 -0.0004479426179565222 -0.0022233688231353566 -0.0030243867076933384 0.0004466648113958888 0.9999997348293955 -0.000575179697713001 -0.03939890116453171 0.002223625881062891 0.0005741851177266798 0.9999973628962185 1.8008108139038086
0.9999929066223198 0.0005954649865503841 -0.0037191566912375146 -0.01190392579883337 -0.0005915059064295395 0.9999992573942827 0.0010655194252160043 -0.023380136117339134 0.0037197884088806983 -0.001063311963934492 0.9999925162429268 0.966041088104248
0.9998119099792788 -0.0012315782644780914 0.01935530621211538 0.012633068487048149 0.0011795286734802395 0.9999956584015092 0.0027003500218166555 0.00784139335155487 -0.019358547871540493 -0.0026770119742639173 0.9998090218792761 -0.3831549286842346
0.9998587280760328 -0.001272457769345584 0.016760213047664965 0.005684182047843933 0.001157072598675487 0.9999755779247936 0.006892368023868014 0.010776262730360031 -0.016768573975722602 -0.006872001542511175 0.9998357817769978 -0.7236528992652893
0.9994478605099705 -0.0038746481024006826 0.03299941248151169 0.023537445813417435 0.0037881026392320312 0.9999892211327255 0.002684752644007269 0.02580501139163971 -0.033009459256961936 -0.002558265124537231 0.9994517651588372 -1.8107776641845703
0.9999360189973272 -0.0009210705010714505 0.011274286713964755 0.00044622691348195076 0.0008891782432358717 0.9999955904621148 0.002833446378146299 0.012608559802174568 -0.011276846803445642 -0.0028232402409519453 0.9999324287374188 -0.48568958044052124
0.9999156931087029 -0.002199015636215634 0.012797304605821406 0.004915439523756504 0.0021653954381237405 0.999994169672296 0.002640394669714633 0.0026476457715034485 -0.012803036262506309 -0.0026124608412345057 0.9999146250109627 -0.3591030240058899
0.9999970250299911 1.6239728559534867e-05 -0.002439194014099103 -0.006360921077430248 -1.6432105401483512e-05 0.9999999967564105 -7.88490003219118e-05 -0.017209334298968315 0.002439192725700997 7.888884684163495e-05 0.9999970220532642 0.8186657428741455
0.9999999304261229 0.0003602396995443258 9.682514222935527e-05 -0.004568624310195446 -0.000360421926909788 0.999998151559257 0.0018886434560159624 -0.0120370639488101 -9.614459890267589e-05 -0.0018886782225200503 0.9999982118237951 0.5668089985847473
0.9999252785703534 1.0625867050898483e-05 0.012224449398324094 0.00485557597130537 -3.4854354312432274e-05 0.9999980357077253 0.001981758276162521 -0.009747935459017754 -0.01222440432803261 -0.0019820362716415152 0.999923314795211 0.3395819664001465
0.9996593297865071 -0.0030376062283925735 0.02592291108638117 0.01962273381650448 0.002971050719610602 0.9999921919028352 0.002605569224662598 0.008090563118457794 -0.025930623371077956 -0.0025276633012009673 0.9996605492314993 -0.3919517397880554
0.999139082827797 0.00019332954417264833 -0.04148560942924883 -0.04956096410751343 -0.00023794495912666795 0.9999993986971375 -0.0010705080849304218 -0.0366232767701149 0.041485377522993035 0.0010794577577771106 0.9991385280443968 1.5599874258041382
0.9999901924521111 -0.0007055693316790136 -0.004372318779313072 -0.002363549079746008 0.0007007845587694502 0.9999991540958773 -0.0010957684664588136 -0.06072663143277168 0.004373088221375144 0.0010926936661705435 0.9999898410083774 2.4948956966400146
0.9999925371176571 -0.0008621769055218004 -0.0037659474205824287 -0.001969626173377037 0.0008559572897198849 0.999998267726302 -0.0016528404379900093 -0.07078458368778229 0.0037673659377849113 0.00164960461288894 0.9999915428434942 3.1210553646087646
0.9999956311513858 -0.0006820062787787025 -0.0028762033268366063 -0.0032869542483240366 0.0006791504916349964 0.9999992755960592 -0.0009937615239802927 -0.04347170889377594 0.002876878994902545 0.0009918038074831724 0.9999953699355093 1.9976119995117188
0.9999999864466625 0.00013840921558657063 -8.916032769407238e-05 0.0021095573902130127 -0.00013855206291037806 0.9999987037825324 -0.0016041310985108544 -0.06168663874268532 8.893818559585529e-05 0.001604143430116856 0.9999987094060947 2.5954971313476562
0.9999962549286979 -0.00036398364038064447 0.002712497831858742 0.0026955995708703995 0.0003672703676386417 0.9999991989344146 -0.001211298066476158 -0.03941985219717026 -0.002712054766290257 0.001212289750154457 0.9999955875465181 1.7215936183929443
0.9999997377225626 -7.11140311601815e-05 -0.000720761819526341 -0.003449993673712015 7.08368463205832e-05 0.9999999235362307 -0.0003845902673370299 -0.0272592231631279 0.0007207891141784309 0.00038453910997343665 0.9999996662963071 1.2492016553878784
0.999987243751222 0.0026438406515440723 -0.004303770607664667 -0.02476082183420658 -0.00263301996870694 0.9999933635183004 0.0025179605240787653 -0.022794503718614578 0.004310399132162333 -0.0025065964903971914 0.9999875686394085 0.6161329746246338
0.9998825031358723 -0.000878709168238519 0.015303848958333125 0.00991789624094963 0.0008424548507809667 0.9999968242165366 0.0023752529686885955 -0.0010317517444491386 -0.015305887513183151 -0.002362081082122698 0.9998800679983549 0.1061486005783081
0.9999999298845159 -6.5139967476467876e-06 0.00037441758851587583 -0.002411333378404379 6.6932704887006034e-06 0.9999998853491939 -0.0004788076844827283 -0.02500295266509056 -0.0003744144266368981 0.00047881015698909146 0.9999998152773181 1.1538856029510498
0.9999999847087768 1.093325579195665e-05 0.0001745362717526266 -0.002752751111984253 -1.0859046995371794e-05 0.999999909555329 -0.0004251722179755244 -0.024081522598862648 -0.00017454090448336567 0.0004251703161765437 0.9999998943828319 1.114518404006958
0.9999951439420388 0.0006000304677900239 -0.0030581131075287918 -0.01200170163065195 -0.0005963555498969003 0.9999990992188382 0.0012024647894952995 -0.02307942695915699 0.003058831868348256 -0.0012006352275326984 0.999994600996751 0.9089881181716919
0.9996259646490655 -0.003266574449232813 0.027152537465089895 0.02072133682668209 0.0031672524827293675 0.9999881387090457 0.0037001287719988217 0.010164681822061539 -0.027164302147048354 -0.0036127458513363756 0.9996244538606875 -0.6156201958656311
0.9997168666204185 -0.003243486885860793 0.023572577022324678 0.018090471625328064 0.0031896593482402856 0.999992220130599 0.0023207221974628715 0.007568392902612686 -0.0235799208627672 -0.002244876632882662 0.9997194345720246 -0.5440133213996887
0.9998171744568959 -0.0028929841718789043 0.018901013295873834 0.011210460215806961 0.002867618450937835 0.9999949512960767 0.0013689948055265215 0.008250515908002853 -0.018904878350557618 -0.0013145436238390248 0.999820422650794 -0.7415539622306824
0.9997879065961538 -0.0006108680982255527 0.020585642186900028 0.004382542334496975 0.0005266523583952388 0.9999914719899125 0.004096167079305659 0.010245485231280327 -0.02058796885012955 -0.004084456832280274 0.9997797021099255 -0.7790606617927551
0.9999451120937619 -0.004166643297841885 0.00961310997661654 0.002385389059782028 0.0041410203999170244 0.9999878245670204 0.0026837786357208856 0.0067887622863054276 -0.00962417528110571 -0.0026438232442109496 0.9999501914839619 -0.6531568169593811
0.9997597542042403 -0.0059980697525028985 0.021082149622860914 0.016564058139920235 0.005949223100919906 0.9999794735245346 0.002378922884364037 0.006525762379169464 -0.02109598582603017 -0.0022529289465892588 0.9997749165153071 -0.7045703530311584
0.999656141014153 -0.001118750740027049 -0.02619824668700527 -0.03298690915107727 0.0011029881850811907 0.9999992019140294 -0.0006161074318502835 -0.029146429151296616 0.02619891504919746 0.0005869992212079855 0.9996565771714598 1.2252984046936035
0.9999671760948855 0.0007043303854707845 -0.008071595352135539 -0.011935640126466751 -0.0006973579909859959 0.9999993813474908 0.0008666005239849731 -0.0497986376285553 0.008072200731703926 -0.0008609432872527842 0.9999670486331054 2.004453182220459
0.9999994212397518 0.0001650377672186916 0.0010631475425036587 0.005353102460503578 -0.00016312903994019333 0.9999983753366604 -0.0017951916210964588 -0.06790788471698761 -0.001063442089663697 0.0017950171518729867 0.9999978234998048 2.635084629058838
0.9999989237055387 5.597358705198547e-05 -0.0014661018797476127 -0.0074520353227853775 -5.551725778981884e-05 0.9999999500074698 0.0003112922936167395 -0.022804802283644676 0.0014661192305997653 -0.0003112105646185639 0.9999988768205623 0.9740405082702637
0.9999999674515412 0.0002496860627974288 5.247653442161296e-05 -0.0054234107956290245 -0.0002496690463207869 0.9999999163365532 -0.0003240250823602364 -0.020627886056900024 -5.255743457830735e-05 0.0003240119700474161 0.9999999461269782 0.7143362760543823
0.9999977123332845 -1.0953886830074603e-05 -0.0021389736347175235 -0.005139974411576986 1.0777204793037468e-05 0.9999999965294865 -8.261282458376389e-05 -0.02253969945013523 0.002138974532225718 8.258958343624656e-05 0.9999977089808312 1.0354735851287842
0.9999982036763261 -6.390876504937616e-05 -0.001894349437410975 -0.004972020164132118 6.371102598910887e-05 0.9999999925162004 -0.00010444378619056503 -0.020931802690029144 0.001894356098107436 0.00010432290762947994 0.9999982002642328 0.9787986278533936
0.9999998095884094 3.98442922896351e-05 -0.00061582105962551 -0.003762834705412388 -3.9965447162360336e-05 0.9999999798508052 -0.00019672608427022634 -0.02143724262714386 0.000615813208805609 0.00019675065837531966 0.9999997910316134 1.0004987716674805
0.9999996385139779 5.4951635228954645e-05 -0.0008484999890691873 -0.004101326689124107 -5.510355510760941e-05 0.9999999824572008 -0.00017902289387413325 -0.02221340499818325 0.0008484901365833605 0.00017906958452576594 0.9999996239992154 1.0396941900253296
0.9999999993954046 2.080253275448123e-05 -2.7864779141340892e-05 -0.0029897289350628853 -2.0812987299475512e-05 0.9999999293805859 -0.0003752407805023068 -0.023788470774888992 2.785697121491929e-05 0.00037524136022473227 0.9999999292089531 1.1029233932495117
0.999999978553392 2.938217934437803e-05 -0.00020501195796727043 -0.0032726931385695934 -2.9450074765139593e-05 0.9999999447253554 -0.00033118269743912784 -0.023262016475200653 0.00020500221576589544 0.0003311887279538723 0.999999924144056 1.0811151266098022
0.9999999858987814 2.336630747196178e-05 -0.00016630229230403114 -0.0031710558105260134 -2.3425723588190732e-05 0.9999999358993962 -0.0003572848147125626 -0.024051401764154434 0.00016629393321711814 0.00035728870542594296 0.9999999223455512 1.1161534786224365
0.9999999996437721 8.101998962510101e-07 2.667957566291084e-05 -0.0028627340216189623 -7.988599874949187e-07 0.9999999096709885 -0.0004250380890381318 -0.025421172380447388 -2.6679917618786775e-05 0.0004250380675734758 0.9999999093154076 1.1761198043823242
0.9999999376455438 -1.7987751185999934e-05 0.0003526830714020254 -0.0023658908903598785 1.816267509097226e-05 0.9999998768352295 -0.0004959835106643019 -0.02608364075422287 -0.00035267410633591374 0.0004959898854055559 0.9999998148074869 1.2026176452636719
0.9999999841454114 -3.487432230157693e-06 0.0001780365549882922 -0.0026596577372401953 3.5676145175975703e-06 0.9999998985764015 -0.00045037146775849603 -0.025343772023916245 -0.0001780349662912119 0.0004503720957838399 0.9999998827342562 1.1711468696594238
0.999997354912708 -0.0003577947975942322 -0.002272036634866245 -0.0038841215427964926 0.00035664867355999136 0.9999998089726685 -0.000504832992095249 -0.037698887288570404 0.0022722168274633757 0.0005040213379158124 0.9999972914929218 1.716169834136963
0.9999997760414479 -1.429975668816994e-05 -0.0006691132725159028 -0.0034623185638338327 1.4097779549697594e-05 0.9999999543403947 -0.00030186165955121627 -0.023298004642128944 0.0006691175585127397 0.0003018521589353063 0.9999997305834475 1.0684239864349365
0.9999989204012569 0.000306447090910148 -0.0014371104693580382 -0.007500775158405304 -0.00030528952726569257 0.9999996288791237 0.0008056301379876844 -0.01914069429039955 0.0014373568190284773 -0.0008051905334545811 0.9999986428358689 0.8468708395957947
0.999845886901324 -0.0011591576278945765 0.017517385652496893 0.011103566735982895 0.0011363591794086726 0.9999984944928555 0.0013113732640171064 0.001125822775065899 -0.017518879368269645 -0.0012912651222344114 0.9998456988456088 -0.13690310716629028
0.999999749852076 0.00028558624439617447 -0.0006470983560519621 -0.00521670188754797 -0.0002858728110201637 0.9999998611026925 -0.00044279942605262554 -0.020214123651385307 0.0006469718087466356 0.00044298430311331944 0.9999996925961456 0.8321766257286072
0.9999990970119268 -3.204745891122047e-05 -0.0013434836400248527 -0.0041604796424508095 3.1700890922927004e-05 0.9999999662199903 -0.00025798269582947496 -0.0238203015178442 0.001343491862331807 0.0002579398732458484 0.9999990642478808 1.0920655727386475
0.999998548362515 -5.041987820389728e-05 -0.001703153163485882 -0.004633968695998192 5.005953776716842e-05 0.9999999763566716 -0.00021161450459274188 -0.02235197089612484 0.0017031637927952205 0.00021152893834508387 0.9999985272432169 1.036341667175293
0.9999999737615703 3.7469849865570256e-05 -0.00022599307289307703 -0.0033870756160467863 -3.753601748975486e-05 0.9999999564328417 -0.0002927889377592873 -0.021853521466255188 0.00022598209228966092 0.000292797412956902 0.9999999316008821 1.0181283950805664
0.999999463962434 5.4216243695703046e-05 -0.0010339900598210997 -0.004290746990591288 -5.431642824085655e-05 0.9999999938336065 -9.686337201688192e-05 -0.020310766994953156 0.0010339848018769277 9.691948274136176e-05 0.9999994607408764 0.948081374168396
0.9999987461889662 1.2615039175006743e-05 -0.0015834965604123671 -0.004792023915797472 -1.2866174991489398e-05 0.9999999873425255 -0.0001585856582723684 -0.0242533627897501 0.0015834945398050077 0.0001586058329797649 0.9999987336938145 1.1362981796264648
0.9999998987501324 3.4544099126585785e-05 -0.0004486718517175422 -0.0035362110938876867 -3.4671528711651514e-05 0.9999999590679779 -0.00028401043669234555 -0.023208273574709892 0.0004486620224678178 0.0002840259640753153 0.9999998590158109 1.0802302360534668
0.9999997952015585 -0.000302989404168687 -0.0005637324384314815 -0.0009640543721616268 0.00030257745012913666 0.9999996872596126 -0.0007307034717800528 -0.03713342919945717 0.000563953657539119 0.0007305327494093448 0.9999995741389964 1.5795519351959229
