0.99998149351189 -0.0009919450683910232 0.006002389416833573 0.0020536668598651886 0.0009958382876252621 0.9999992957159329 -0.0006456576051276446 -0.008606726303696632 -0.006001744732569068 0.0006516230654713716 0.999981777057735 0.3421018719673157
0.9999778319413996 -0.001095543556210801 0.006567755331482537 0.0024920417927205563 0.0010999317732765294 0.9999991742475373 -0.0006645707918791058 -0.00909593515098095 -0.00656702184189371 0.0006717801424030513 0.9999782112304089 0.365409791469574
0.9999542410555846 -0.0010814660000892505 0.009505063189724189 0.005387533456087112 0.0010901330373302637 0.9999989947520063 -0.0009067000264444841 -0.009448175318539143 -0.009504073069527608 0.0009170203202134026 0.9999544147954054 0.395969033241272
0.9999289086732859 -0.001108762801121898 0.011872162587433562 0.008195746690034866 0.001117534286225898 0.9999991074855408 -0.0007322193940450909 -0.010385369881987572 -0.011871340133730413 0.0007454348883400277 0.9999292553027221 0.4230285882949829
0.9998920015263052 -0.0011147398041038525 0.014654099729713347 0.011860180646181107 0.001124094137280554 0.9999991696795025 -0.0006301211597578942 -0.01142390351742506 -0.01465338514097578 0.0006465256952276929 0.9998924243679594 0.49736806750297546
0.9998809983264941 -0.001125942699320928 0.015385754406311547 0.0122052738443017 0.0011361584604701143 0.9999991398949315 -0.0006552506009006092 -0.011592787690460682 -0.01538500339831589 0.0006726532800219824 0.9998814175731033 0.5393499732017517
0.9999075497526735 -0.0010088034332649087 0.013560024455655382 0.011166775599122047 0.0010087043373165762 0.9999994911575777 1.414728951568612e-05 -0.013092271983623505 -0.013560031827573926 -4.6792611273296563e-07 0.9999080585416923 0.6696866750717163
0.999911404362492 -0.0007806679450589694 0.01328811436542808 0.010671238414943218 0.0007835011356443102 0.9999996714292952 -0.00020800786562675868 -0.013575899414718151 -0.013287947614269963 0.00021840068973318118 0.9999116874751187 0.701356053352356
0.9999119693025609 -0.0009799650060215975 0.013232283025274485 0.010738296434283257 0.0009797348038000984 0.9999995197746299 2.3879352861588167e-05 -0.013094713911414146 -0.013232300071726644 -1.0913122531906697e-05 0.9999124492252884 0.6648702621459961
0.9999741036643457 -0.0006538961891886493 0.007166897547881704 0.004493088461458683 0.0006505158656422297 0.9999996760865358 0.00047397883047020677 -0.01480700820684433 -0.0071672051593780935 -0.0004693043755929905 0.9999742051291154 0.850165843963623
0.9999605947452098 -0.0003585382120276767 0.008870197695459558 0.006140595301985741 0.0003571674138143692 0.9999999240284614 0.00015612338023320685 -0.014873450621962547 -0.008870252997774598 -0.0001529490825807206 0.9999606468348309 0.7814016342163086
0.9999279174654646 -0.0008733626684767534 0.011974853269592271 0.009841648861765862 0.0008710518355988058 0.9999996009950318 0.0001981879838103665 -0.013027801178395748 -0.011975021581552723 -0.00018774297999667433 0.9999282792334132 0.6923467516899109
0.9999669332429723 -0.0006868205420499035 0.008103128913465565 0.005790431052446365 0.0006836139492998746 0.9999996869404284 0.00039848590157324923 -0.014037702232599258 -0.008103400065006414 -0.0003929333129785427 0.9999670897138556 0.7550007104873657
0.9999788309942717 -0.0006840921602093994 0.006470670849803855 0.004019835498183966 0.0006812773400225228 0.9999996723558683 0.0004372062924656729 -0.014789558947086334 -0.006470967819123593 -0.00043278871581844757 0.999978969413563 0.8096075057983398
0.9999697027452088 -0.0005922636044556505 0.007761624538823989 0.005138635169714689 0.0005901726583332414 0.9999997889422579 0.0002716830376736852 -0.01500716432929039 -0.007761783808648202 -0.0002670941078364081 0.9999698412316471 0.8162072896957397
0.9999614727156472 -0.0007204571487530771 0.008748372754462568 0.0063893599435687065 0.0007186110791643411 0.9999997188667255 0.00021416019072678096 -0.01424161996692419 -0.008748524588244275 -0.0002078652621301995 0.9999617093216929 0.7999854683876038
0.9999436733361136 -0.0008446734815491787 0.010580013317067203 0.008469123393297195 0.0008438078838445571 0.9999996402721133 8.627803271294038e-05 -0.013410151936113834 -0.010580082387907646 -7.734567431106927e-05 0.9999440263706322 0.7457029819488525
0.9999736099506279 -0.0007035674480084437 0.007230794918685805 0.004915512166917324 0.0007012845638089678 0.999999703459197 0.00031824751264012297 -0.014560970477759838 -0.007231016683050375 -0.0003131682692120091 0.9999738068186412 0.8068786263465881
0.9999905270785516 -0.0006442859156748679 0.004304724011979321 0.0010630139149725437 0.0006428890591173745 0.9999997402512553 0.00032586972792887604 -0.016791490837931633 -0.004304932847108712 -0.00032309918102071966 0.9999906815366336 0.9303617477416992
0.999955878417879 -0.002624144473439272 0.009019705278495901 0.01986508071422577 0.002723404351129111 0.9999356775198007 -0.011010172194740004 0.031130488961935043 -0.008990232826165278 0.011034250713124704 0.9998987053821661 -0.9864885210990906
0.9999380348156837 -0.0008488270007910361 0.011099820794562294 0.008568343706429005 0.0008489634744047147 0.9999996396016914 -7.583307233738823e-06 -0.01473289541900158 -0.011099810357289717 1.7006179759729664e-05 0.9999383950628269 0.8310680985450745
0.9999194869915816 -0.000796339687791843 -0.012664334865847688 -0.002110572997480631 0.0008105353993507583 0.9999990489804785 0.0011158272739755816 0.0028145434334874153 0.012663434244275015 -0.00112600232708288 0.9999191815101363 0.5295698642730713
0.999924454814404 -0.0017153160019890688 0.012171374414193182 0.03625258430838585 0.001976292513247032 0.999767705024441 -0.021462298527058513 0.06402140855789185 -0.012131732440968188 0.021484731349863666 0.9996955673537845 -2.541699171066284
0.9998990148864209 0.005528518795210299 0.013091810764611779 0.01984306052327156 -0.005322990122601848 0.9998628582292447 -0.015682171718239137 0.05410103127360344 -0.013176714511595126 0.01561090047296 0.9997913152158822 -1.4209725856781006
0.9996859108532846 0.005673183322424026 -0.024410953124146106 -0.02565060555934906 -0.0058956638892017415 0.9999416525337828 -0.009051666990877262 0.031096991151571274 0.024358177040670576 0.009192742735350767 0.9996610288954239 -0.3230609893798828
0.9999206558546208 0.006373202975531988 0.010865738773674824 0.054404329508543015 -0.005966553573256102 0.9992954073630369 -0.03705521638851381 0.10285115987062454 -0.011094243269485988 0.03698744526153149 0.9992541451799449 -4.445551872253418
0.9999886664995447 0.004625166857848394 -0.001129027900328947 0.005480957217514515 -0.0046366120438065496 0.9999356430330405 -0.010354304460228652 0.014053870923817158 0.0010810648536921476 0.010359421974074794 0.9999457553663326 -0.35966187715530396
0.9999608731631277 0.008080829180110553 -0.003598936314701013 0.019597763195633888 -0.008141451229717461 0.9998195921555174 -0.017160999791652372 0.021175239235162735 0.003459611930481792 0.017189628900497952 0.9998462620540989 -1.4397883415222168
0.9999922452945686 0.003929298596656407 -0.00026450570067404234 0.006384712643921375 -0.003930613921181305 0.9999789058829901 -0.005170886119483595 -0.004932040348649025 0.00024418216558708556 0.005171885690574221 0.9999865958969019 0.0289345383644104
0.999967781335593 0.0054339172290294325 -0.005908369852985892 0.0034615579061210155 -0.005491370796128691 0.9999373721293885 -0.009751751932465903 0.008665786124765873 0.005855009611524166 0.009783882793706424 0.9999349951371479 -0.4927293658256531
0.9999567252089558 0.005210934044080268 -0.007706742228010159 0.004586138762533665 -0.005299360528883228 0.9999198491544978 -0.011498349656852945 0.06192496791481972 0.007646207384426884 0.011538692873743588 0.9999041924501566 -1.3776185512542725
0.999980178194185 0.004046240040063585 -0.004824019098621842 -0.0010590897873044014 -0.004069336583917188 0.9999802592159308 -0.004787658948440521 -0.006697795819491148 0.0048045518513671216 0.004807194605794074 0.9999769033140362 0.11001858115196228
0.9999779430504245 0.005949833324755106 -0.002951761516348484 0.009226660244166851 -0.00598418545821601 0.9999128384521844 -0.01176881569646802 0.013267350383102894 0.00288148174442219 0.011786220000635894 0.9999263883311876 -0.6866557002067566
0.999916072668238 0.00950684924780957 -0.008801558788431517 0.0003449850482866168 -0.009694513115558051 0.9997211908950224 -0.02153037135978385 0.056534502655267715 0.008594418838936487 0.021613891200275587 0.9997294512376853 -1.2683634757995605
0.9996641561852265 -0.004392302426338298 -0.02553982219739699 -0.0015926507767289877 0.0043951071001226095 0.9999903400292427 5.368219684022352e-05 0.052026186138391495 0.025539339695017982 -0.0001659144218820998 0.9996738040982904 -0.7082541584968567
0.9999981863304547 -0.00040315394551420757 0.001861398049200167 -0.003342504845932126 0.0004016077085598548 0.9999995740876003 0.0008309848774276193 -0.0197472982108593 -0.0018617322712396547 -0.0008302358184903974 0.9999979223285597 1.1322979927062988
0.9999926185759104 -0.0005938144207991565 0.003796074041387348 -0.0005033400375396013 0.0005899273635922797 0.9999993006745599 0.0010250054132179894 -0.017827177420258522 -0.003796680049691964 -0.0010227584392671033 0.9999922695630079 1.0553357601165771
0.9999931344003192 -0.0005459522138125938 0.0036651177887633037 -0.00046318722888827324 0.0005430254253977036 0.999999532961469 0.0007994999883335974 -0.01770186237990856 -0.0036655525658006493 -0.0007975042471403569 0.9999929638309277 0.9578124284744263
0.9999905462866319 -0.0002918564863640347 0.004338451008713691 0.0006149664986878633 0.0002883227839529884 0.999999626231963 0.0008151109781520484 -0.016804024577140808 -0.0043386872825654545 -0.0008138523980536217 0.9999902566710029 0.9409459829330444
0.9999862978446031 -0.0004295539677463929 0.005217241266588722 0.001877377973869443 0.00042785241680817467 0.9999998549243039 0.00032725170898521394 -0.016018424183130264 -0.0052173810819638585 -0.0003250150156464621 0.999986336556598 0.8332188129425049
0.999926244171602 -0.0002583863709707847 -0.012142464879799765 -0.01850491762161255 0.00024856900925415747 0.999999641042929 -0.0008100169510530278 -0.0031220847740769386 0.012142669818516543 0.0008069389671167113 0.9999259494678504 0.23855626583099365
0.9996929232162013 -0.000923121769304794 -0.02476301915448394 -0.03448093309998512 0.0009398273111840356 0.9999993385863863 0.0006629867381712058 -0.008948647417128086 0.024762390758395193 -0.0006860561120447045 0.9996931295807427 0.1948566436767578
0.9999276915952614 0.007651607022509748 -0.009277094962585235 0.0027128132060170174 -0.007782311994677602 0.999869799939656 -0.014135727383117837 0.011609933339059353 0.009167726053348342 0.014206902498624035 0.9998570481425859 -0.9062519669532776
0.999636797581327 -0.000618176439679773 -0.026942360313060437 -0.034985121339559555 0.0006404225870222396 0.9999994611250976 0.0008170730839415184 -0.022681940346956253 0.026941840699168662 -0.0008340308171133736 0.9996366547962999 0.5004857778549194
0.9999744466251952 -0.00022240303450926454 -0.007145392468233264 -0.015553617849946022 0.00022922879795754284 0.9999995182271144 0.0009544630413178677 -0.026428937911987305 0.007145176750300201 -0.0009560765812924634 0.9999740158458007 0.8662921786308289
0.9999807247173915 -0.0005099673357680267 -0.006187901663483217 -0.015015434473752975 0.0005183533186791489 0.9999989494102246 0.0013536943097067885 -0.022663461044430733 0.0061872048226564325 -0.0013568757362293303 0.9999799384911274 0.8113388419151306
0.9999815254110384 -7.324557847313037e-05 -0.006078114156407554 -0.013136102817952633 8.027856462997614e-05 0.9999993276101334 0.0011568641377908066 -0.022325579077005386 0.0060780253343622 -0.0011573307074815098 0.9999808589136436 0.890791118144989
0.9999967719742566 -0.0004429437975416597 -0.0025019675975226792 -0.007714355364441872 0.00044564986736890267 0.9999993162846571 0.0010811227564046962 -0.020124360918998718 0.0025014870102697145 -0.001082234268040604 0.9999962856589653 0.8150155544281006
0.9999893645274892 -0.0002388726906707019 -0.004605841046510403 -0.011568895541131496 0.00024434796903344947 0.9999992641868273 0.0011882423464133094 -0.022186655551195145 0.004605553818825433 -0.0011893551367999039 0.9999886870901991 0.8248080015182495
0.9999715195600924 -0.0002720513608416644 -0.007542284583377473 -0.0168292336165905 0.0002793459300269392 0.999999494289013 0.0009661198525606987 -0.024114247411489487 0.007542017934940666 -0.0009681992435437659 0.9999710898599488 0.7362797856330872
0.9999972211848547 -0.0004028977369186121 -0.0023227776437242105 -0.006311533972620964 0.0004050771344385652 0.9999994781485146 0.0009378780375923385 -0.01869172230362892 0.0023223985626403955 -0.0009388163355145009 0.9999968625394803 0.9660745859146118
0.9999928968727533 2.836960214365465e-05 -0.0037690050682890872 -0.00894585158675909 -2.317660585597624e-05 0.9999990504918792 0.001377852744371265 -0.020928096026182175 0.0037690405787223374 -0.0013777556045629577 0.999991948028888 1.111553430557251
0.9999934256379217 -0.00026399680490551123 -0.003616488161340495 -0.009001551195979118 0.0002692606981834105 0.9999989050665136 0.0014551166448633981 -0.020993180572986603 0.003616100055381495 -0.0014560808565270036 0.9999924017955979 1.095942497253418
0.9999961348198344 -0.00030174408523509123 -0.0027639276217793786 -0.008631807751953602 0.00030669150647927784 0.9999983513702653 0.0017897477674705933 -0.020448217168450356 0.00276338301928322 -0.0017905885228991444 0.9999945787388201 0.829597532749176
0.9999999052822282 -0.0003332353513729772 -0.0002799816696002666 -0.0047643184661865234 0.00033348245184195157 0.9999995545706247 0.0008829767871122128 -0.01829488016664982 0.00027968730580829886 -0.000883070072452268 0.9999995709810371 0.8312846422195435
0.9999999881776948 0.0001308019100290113 -8.084225708808026e-05 -0.00478024035692215 -0.0001307519951814054 0.9999998010258068 0.0006171322893299043 -0.018452662974596024 8.092296308474231e-05 -0.0006171217117475689 0.9999998063061146 0.7425987124443054
0.9999914545849912 -0.0013152483759176503 0.003919295689622436 -0.002393153728917241 0.0013170396847354507 0.9999990294163817 -0.0004545027644521815 -0.014555282890796661 -0.00391869410159545 0.000459660748496882 0.9999922162439736 0.4718697965145111
0.999995159210301 -0.0006509765050470673 0.0030426609331904706 -0.0003083058400079608 0.000648626741896346 0.9999994907259682 0.0007731954176292856 -0.0147968465462327 -0.003043162715692957 -0.0007712181235050821 0.9999950721795041 0.682647705078125
0.9999866416921783 -0.0006328796732628185 0.005129902583682395 0.0020182677544653416 0.0006284224005658634 0.9999994237044515 0.0008704458921479423 -0.014412135817110538 -0.005130450514854188 -0.0008672105187674661 0.9999864631200918 0.746785581111908
0.9999918762774909 3.7557259131410306e-05 -0.004030628794049001 -0.009149196557700634 -3.254140160170823e-05 0.9999992250877453 0.0012444938593314232 -0.019503576681017876 0.004030672410443717 -0.0012443525870983513 0.9999911025936973 0.8687456846237183
0.9999963400279305 -0.001007161297945245 0.0025110867892984027 -0.001477702520787716 0.001005106422499529 0.9999991591319656 0.0008194488642039431 -0.017939694225788116 -0.002511909994987462 -0.0008169219555846102 0.9999965114672628 0.9459538459777832
0.9999993673907569 -0.0006141082685661622 0.0009423848049126648 -0.002846712479367852 0.000613346837335158 0.9999994854224133 0.0008080597538946507 -0.01758108288049698 -0.0009428805561589283 -0.0008074812339689356 0.99999922947486 0.9935626983642578
0.9999991162150378 -0.00043741716921200384 0.001255482123903428 -0.0025408423971384764 0.0004364815968723 0.9999996269558705 0.0007453669804224546 -0.017338450998067856 -0.0012558076918677925 -0.0007448183268360401 0.9999989340957824 0.9617684483528137
0.9999906095637757 -0.00048122921197224234 0.0043068785348429756 0.0014228364452719688 0.00047731969997033536 0.9999994731980458 0.0009087186225375099 -0.01463618315756321 -0.004307313567917574 -0.0009066543313031792 0.9999903124669515 0.858173131942749
0.9999997512877824 -0.0005544473764191089 -0.000435904210286258 -0.0031970173586159945 0.0005548246867332604 0.9999994711612961 0.0008659368888805912 -0.015945592895150185 0.000435423863327056 -0.000866178523928425 0.9999995300703017 0.8760329484939575
0.9999968749275668 -0.00041926442885284026 0.0024646201408821274 -0.0016391484532505274 0.00041802174352174333 0.9999997852662326 0.0005047031907515068 -0.018371934071183205 -0.0024648312157399695 -0.0005036713487090682 0.9999968354561181 0.9816285371780396
0.9999797686171004 -0.0006189276035072055 0.006330820255866041 0.002640895079821348 0.0006135890976026258 0.9999994546028702 0.0008451641150702421 -0.016114098951220512 -0.006331339898455156 -0.0008412624939435359 0.9999796029982344 1.002331018447876
0.9999852003339441 -0.0004296725330859797 0.005423513123084205 0.0018293514149263501 0.00042784595715798557 0.9999998513708138 0.00033794405983886473 -0.016215719282627106 -0.005423657522272095 -0.00033561863021632865 0.9999852355406136 0.822205662727356
0.9999764966635043 -0.0007581741495772326 0.006814051111023858 0.003212866373360157 0.0007532012046528241 0.9999994481799702 0.0007323439769941532 -0.014218056574463844 -0.006814602595165926 -0.0007271944129618423 0.9999765159141268 0.7451813220977783
0.9999773281364678 -0.0006700346503316152 0.006700318396803605 0.0037659083027392626 0.0006650476622152851 0.999999500230855 0.0007464915586567047 -0.0147538548335433 -0.006700815223401689 -0.0007420186032160665 0.9999772739836313 0.8752809762954712
0.9999826542752044 -0.000682683783896136 0.00585022149734389 0.0025734836235642433 0.0006800671175256015 0.9999996678396891 0.0004492540783854038 -0.01633240282535553 -0.005850526252606662 -0.00044526774247721193 0.9999827863914482 0.9502398371696472
0.9999795542290982 -0.000580182832539774 0.0063682424306177945 0.002863677218556404 0.0005782786497304204 0.999999787541652 0.0003008495543834848 -0.016212258487939835 -0.006368415625378158 -0.00029716078464848636 0.999979677282439 0.9733738899230957
0.999998288397687 -0.000462020823897005 0.001791574295060616 -0.002301789354532957 0.00046077830109928815 0.9999996531016159 0.0006938876026927125 -0.018242042511701584 -0.001791894264088276 -0.0006930608964731156 0.999998154389067 1.02685546875
0.9999960885303728 -0.00034075105212530557 0.002776114672580378 -0.0019798059947788715 0.0003388196991631985 0.9999997002921893 0.0006961441969258923 -0.01889917626976967 -0.002776351052424661 -0.0006952008716408037 0.9999959042769034 1.0759462118148804
0.9999986883354907 -0.00048806551044842895 0.0015443831633501707 -0.0031658068764954805 0.000486783030008306 0.9999995365039742 0.0008306829225849847 -0.019090622663497925 -0.0015447878752193449 -0.0008299300534919275 0.9999984624220811 1.1007850170135498
0.9999990596611811 -8.66773342757428e-05 0.0013686357415380519 -0.001914831344038248 8.431510877458889e-05 0.9999985070197527 0.0017259343057351166 -0.015905987471342087 -0.0013687832975766805 -0.0017258172861006698 0.9999975739905468 0.9021563529968262
0.9999977672786784 -0.0003508892341030236 0.002083822066181054 -0.00015216961037367582 0.0003486725444398366 0.9999993731341229 0.0010640295192704053 -0.015163704752922058 -0.0020841941164071866 -0.0010633005720470355 0.9999972627596431 0.8115425705909729
0.9999990513936421 -0.0006245831661642916 -0.0012276431421072709 -0.004569997079670429 0.0006257378018648779 0.999999362076669 0.0009403714469672933 -0.017344744876027107 0.001227055018789351 -0.0009411387376461767 0.9999988042962138 0.9418604373931885
0.9999980201132528 -0.0005805331515856329 -0.001903352525062459 -0.005789751186966896 0.000583118120692994 0.999998908121101 0.0013578401464728615 -0.018526405096054077 0.001902562175612418 -0.001358947337450581 0.9999972667559158 1.0132510662078857
0.9999983463455401 -0.00020055256854870516 -0.0018075079121861114 -0.006291337311267853 0.00020231921961054783 0.9999995020087405 0.000977266189143603 -0.01942303776741028 0.0018073110188185813 -0.0009776302666732442 0.9999978889307433 1.014421820640564
0.9999993080035117 -0.0007352999381804321 0.0009183280997675095 -0.00226658140309155 0.0007342883312203176 0.9999991238398444 0.0011014264344180438 -0.016031570732593536 -0.0009191371739541564 -0.001100751354626928 0.9999989717661267 0.9294980764389038
0.9999996444786677 -0.00032392297421304854 -0.0007785348064763753 -0.00447613000869751 0.00032459172072082904 0.9999995783725845 0.0008590080722694597 -0.017796510830521584 0.0007782562257751143 -0.0008592604728262407 0.9999993279941177 0.9328380823135376
0.9999994742101872 -0.0007940296919051388 -0.000648919253580401 -0.003941569477319717 0.0007947812242945279 0.9999990128759839 0.0011586931704485597 -0.016472257673740387 0.0006479985762354774 -0.0011592083100583235 0.9999991181665808 0.9554123878479004
0.9999988291856771 -0.0005373982698082403 -0.001432770175046572 -0.0045158276334404945 0.0005388125224895406 0.9999993678816351 0.0009868725325408334 -0.016698870807886124 0.0014322389257747233 -0.0009876433716085023 0.9999984866249697 0.9093023538589478
0.999998465540967 -0.0005153728058602497 -0.0016743077920655539 -0.00468404870480299 0.0005172679967463084 0.9999992258563292 0.001131689251572405 -0.0170039813965559 0.0016737232540458287 -0.001132553580879149 0.9999979579843429 0.922978401184082
0.9999991537407794 -0.000574979722280044 -0.0011670115869286898 -0.005344708450138569 0.0005761980617053022 0.9999992891186902 0.0010439147034347685 -0.0190571341663599 0.0011664105275356995 -0.0010445862498267013 0.9999987741622727 1.034501552581787
0.9999970369761296 -0.0005057885330273984 -0.0023812217286712416 -0.007146791554987431 0.0005087649739091543 0.9999990899235701 0.0012495240024860952 -0.01970563270151615 0.002380587566665272 -0.0012507317823273086 0.9999963842298861 1.1211411952972412
0.9999968548764004 -0.0004139758601862241 -0.002473633217428893 -0.007368552498519421 0.0004167874679388695 0.9999992676419641 0.001136223455962999 -0.019727695733308792 0.0024731610367611824 -0.001137250861725095 0.9999962950606186 1.0971821546554565
0.9999980333359713 -0.0005441343064027343 -0.0019071554856508325 -0.006916302256286144 0.0005464048585420488 0.9999991424026882 0.001190225028704403 -0.02015247568488121 0.0019065062078089574 -0.0011912647669550078 0.9999974730579747 1.1471903324127197
0.9999993495674108 -0.0004006890880672427 0.0010678543956199168 -0.0032044334802776575 0.0003995696762833051 0.9999993707174024 0.0010482885447662229 -0.017770307138562202 -0.0010682737614187627 -0.001047861180690015 0.9999988803884317 1.0228420495986938
0.9999985768939312 -0.0005276004686830727 0.0016024505789894456 -0.002193675609305501 0.0005259288539610387 0.9999993173534513 0.0010434037915810395 -0.01697620376944542 -0.001602999985411552 -0.0010425595317102342 0.9999981717286637 0.9693603515625
0.9999943783459028 -0.0006707326567120895 -0.0032853301652209415 -0.007727940566837788 0.0006761811550909276 0.9999983975649964 0.0016576026316666985 -0.0191536545753479 0.003284213092475976 -0.001659814791544047 0.9999932294566902 1.1062357425689697
0.9999928549983037 -0.0005454355757731061 -0.003740648656899373 -0.008807753212749958 0.0005512344953002636 0.9999986477667822 0.0015493886337513726 -0.020386191084980965 0.0037397985069884568 -0.0015514395379414379 0.9999918034376518 1.1447486877441406
0.9999978961927555 -0.0006814651300644848 -0.001934739088308326 -0.005946417339146137 0.0006846834789519345 0.9999983823545129 0.0016632789577805563 -0.017790619283914566 0.001933602491975073 -0.001664600142452082 0.9999967451385874 1.0191195011138916
0.9999994420737375 -0.0006089657198664781 -0.0008631413359680586 -0.004253139719367027 0.0006101460247742611 0.9999988783540146 0.001367849604749356 -0.01757378876209259 0.0008623073943098189 -0.0013683754838450975 0.999998691986391 0.9456870555877686
0.9999999037490971 -0.0003694758335333069 -0.0002366208038830081 -0.0036747429985553026 0.00036970366043766244 0.999999467477333 0.0009635166078352761 -0.017477624118328094 0.00023626468177526347 -0.0009636039946732639 0.9999995078230496 0.9232457280158997
0.9999970146240043 -0.00048375452090216236 -0.0023951460587073457 -0.005889892578125 0.0004859119763101207 0.9999994767092024 0.0009002615579364758 -0.01869734562933445 0.002394709299750808 -0.0009014227004721687 0.9999967263968842 0.9932961463928223
0.9999960964873493 -0.000655449338983105 0.002716136268354727 -0.0014574620872735977 0.0006533554462617641 0.9999994887840972 0.0007717241770550141 -0.018323425203561783 -0.0027166407059244003 -0.0007699465621962073 0.9999960135148372 1.0554637908935547
0.9999964510358866 -0.00044248535005412393 0.0026271890580170302 -0.0010457595344632864 0.0004400547631538922 0.9999994747411325 0.000925672331048685 -0.01652902364730835 -0.0026275972745081204 -0.0009245129388121152 0.9999961204966692 0.9813022613525391
0.9999990612270084 -0.0005580922057389718 0.001251430458155984 -0.0016228151507675648 0.0005571612325795597 0.9999995679041428 0.00074415246323111 -0.015579495579004288 -0.0012518452231076783 -0.0007434545161043222 0.9999989400788981 0.8565455675125122
0.9999977298643161 -0.0005750562333290458 0.002051725260041871 -0.0006586234085261822 0.000573626264299978 0.999999592237394 0.0006974797161984627 -0.0153660848736763 -0.0020521255134834534 -0.0006963012093285825 0.9999976519699947 0.8422447443008423
0.9999997927839281 -0.0006089264064382912 -0.0002089036435626441 -0.0035495932679623365 0.000609112815538187 0.99999941539023 0.0008934208282548943 -0.016990117728710175 0.0002083594939011467 -0.0008935478890102463 0.999999579079157 0.9210243821144104
0.9999964288157492 -0.0005271182883940949 -0.0026200194766711205 -0.006477616727352142 0.0005300254291462133 0.9999992445768875 0.0011090169965771056 -0.01826341077685356 0.0026194329143068174 -0.0011104017130205675 0.9999959527814315 0.9801414608955383
0.9999923542912059 -0.0005407537160531398 -0.003872847085808016 -0.008702987805008888 0.0005452364612543735 0.9999991825909862 0.0011565182925507528 -0.020833361893892288 0.0038722185285435186 -0.001158621067588718 0.9999918317270842 1.1078544855117798
0.9999959542333737 -0.0003837282559426383 -0.002818558055071613 -0.0077868616208434105 0.0003872266794093455 0.9999991552728659 0.0012407695407615027 -0.020022355020046234 0.0028180795558272417 -0.0012418559417738918 0.9999952580994755 1.1217505931854248
0.9999892987498014 -0.0006485997402291845 -0.004580579030816157 -0.009450920857489109 0.0006545103912109923 0.9999989550587681 0.0012889908920343028 -0.020064184442162514 0.004579738205222531 -0.0012919751347936958 0.9999886783350214 1.0659000873565674
0.9999946722308064 -0.0005604232107854025 -0.0032158102908453976 -0.00764705054461956 0.000564736521040316 0.9999989420236739 0.0013405313105178376 -0.01983126997947693 0.0032150556237330423 -0.0013423402539923964 0.9999939307515715 1.0407094955444336
0.999995849947533 -0.0004317838130207664 -0.002848447024283709 -0.007047360762953758 0.00043481641389187453 0.9999993392943536 0.0010641172598048947 -0.019326772540807724 0.002847985673690737 -0.0010653513951826953 0.9999953769913176 1.0065912008285522
0.9999956216690937 -0.0005437550586734908 -0.0029087751853989416 -0.0068026091903448105 0.0005472123992666069 0.9999991446947889 0.0011879260418736978 -0.01863010786473751 0.0029081267567137685 -0.0011895125585885233 0.9999950639171375 0.9904451966285706
0.99999595492977 -0.0004280250247279238 -0.0028119243723518234 -0.006858254782855511 0.0004308450776201478 0.9999994048217539 0.0010023615402048778 -0.018754787743091583 0.0028114936629325743 -0.0010035689893565195 0.9999955441664063 0.9859414100646973
0.9999925107220564 -0.0005836175759722004 -0.0038259495974662253 -0.008056335151195526 0.0005882237673793476 0.999999103488374 0.001202919468372052 -0.01923593506217003 0.0038252441225137103 -0.0012051609738598353 0.9999919575148741 1.0263324975967407
0.9999924902133323 -0.0006176804197020944 -0.0038259623413548515 -0.00813751295208931 0.0006225569872894582 0.9999989952598781 0.0012735391754471429 -0.019382137805223465 0.0038251718570445864 -0.001275911491028339 0.9999918700220172 1.0350679159164429
0.9999913278586742 -0.000547399033883552 -0.004128505994084559 -0.008867074735462666 0.0005530169936999542 0.9999989226196588 0.0013597542888102087 -0.020879192277789116 0.004127757217929349 -0.0013620256308021685 0.9999905532086444 1.0905439853668213
0.999991483954112 -0.000587091760371742 -0.0040850143840700575 -0.008712115697562695 0.0005922357246950158 0.9999990331795487 0.0012581322721967293 -0.020261863246560097 0.004084271795504143 -0.0012605408493387052 0.9999908648386082 1.0752387046813965
0.9999925679426043 -0.0005202072291145911 -0.003820136646082051 -0.008437439799308777 0.0005244686604345031 0.9999992412983312 0.0011146009986803228 -0.02022053301334381 0.0038195539242409106 -0.0011165962568511745 0.9999920820789627 1.06644606590271
0.9999933840216362 -0.0005458502299372099 -0.0035963815819484296 -0.007920878939330578 0.0005501272956448224 0.9999991425474507 0.0011883872777712723 -0.019350748509168625 0.0035957298167530478 -0.001190357883100539 0.9999928268618706 1.040241003036499
0.9999948201139282 -0.00047313089097409603 -0.003183691642177536 -0.007585926912724972 0.00047652030509751835 0.9999993204763244 0.0010639432730540138 -0.019512269645929337 0.0031831860943549637 -0.0010654548556617393 0.9999943660502489 1.0364307165145874
0.9999940179217645 -0.0005530971589964624 -0.0034144112550495024 -0.00773770734667778 0.0005568861351136985 0.9999992301642462 0.0011088501917210106 -0.01971849426627159 0.003413795324622846 -0.0011107449967799252 0.999993556102755 1.0338104963302612
0.9999954393393752 -0.0005673797700208842 -0.0029663750010241927 -0.0071395160630345345 0.0005708579738094129 0.999999150469392 0.0011718283441325078 -0.019150739535689354 0.0029657076093014367 -0.0011735163786437634 0.9999949137059074 1.0302050113677979
0.9999964030458667 -0.0006118550573972089 -0.0026114227380735454 -0.006589309312403202 0.0006150450213135491 0.999999065543503 0.0012209143058524025 -0.018696939572691917 0.002610673275219917 -0.0012225160568332411 0.9999958449111379 1.0078381299972534
0.999997058312226 -0.0006129737004983231 -0.002346834066827969 -0.0062461476773023605 0.000616057104928401 0.9999989477794846 0.001313359648853773 -0.018535546958446503 0.0023460265425169747 -0.0013148015691607084 0.999996383721609 0.9985458254814148
0.9999970853686697 -0.0005415457392205623 -0.002352866842339874 -0.006329636089503765 0.0005443265514694166 0.9999991539974504 0.00118140297474093 -0.019045060500502586 0.0023522250680612536 -0.0011826802592811638 0.9999965341463106 1.0062882900238037
0.9999973253646609 -0.0005289629804766746 -0.0022515465106840516 -0.006371011957526207 0.000531757689149265 0.9999990887968674 0.0012408219835348619 -0.0192011259496212 0.002250888110173166 -0.0012420159419580686 0.9999966954440976 1.0117952823638916
0.999996801438961 -0.0005342554810568679 -0.002472181815388764 -0.006319157779216766 0.0005370598732360888 0.9999992129698582 0.0011338546453797005 -0.0186051856726408 0.002471574101648143 -0.001135178728328797 0.9999963013385174 0.9849179983139038
0.9999967984641625 -0.0006039084504415402 -0.002457306657468277 -0.006363837979733944 0.0006071177322979351 0.9999989635648152 0.001305479741176843 -0.018773987889289856 0.00245651572038162 -0.0013069674360821092 0.9999961286758248 0.9968705177307129
0.9999939735056239 -0.0004393510495784326 -0.0034438239050369095 -0.008357076905667782 0.00044307439478792767 0.9999993181263801 0.0010804776053139609 -0.021261874586343765 0.003443346847814296 -0.0010819969640142293 0.9999934863013137 1.096075415611267
0.9999955405165413 -0.00032669997147547907 -0.0029685373770795666 -0.008097534999251366 0.00033012404315972465 0.9999992807612317 0.0011530373520808657 -0.020420417189598083 0.0029681585447223647 -0.0011540121956910591 0.9999949291324959 1.12456214427948
0.9999931566286184 -0.0005956226426482795 -0.003651291497411661 -0.008790664374828339 0.0006015482418541861 0.9999985036360446 0.0016219942615744224 -0.02068282850086689 0.003650319937242234 -0.0016241795896460769 0.9999920185706567 1.1991260051727295
0.9999971278000747 -0.00010796821202623063 -0.0023943129424828886 -0.007868359796702862 0.00011060041387520889 0.9999993897075848 0.0010992506568207193 -0.020778436213731766 0.0023941927971238746 -0.0010995123115554502 0.9999965294507411 1.1468286514282227
0.9999989565693396 -0.0004517106659564885 0.0013721580471660838 -0.002428815234452486 0.00045022279203841897 0.9999993106371304 0.001084446725978194 -0.01671597734093666 -0.0013726469574040607 -0.0010838278176061172 0.9999984705776265 0.9790528416633606
0.9999988461143393 -0.0006955694180788614 -0.0013505381057319283 -0.004680785350501537 0.0006966603202859511 0.9999994313431578 0.0008074513976439024 -0.016418876126408577 0.0013499756992404073 -0.0008083913322466103 0.9999987620337667 0.9133232831954956
0.999999602391879 -0.0006087045038947597 0.0006516862058952437 -0.001758194761350751 0.0006081994128274962 0.9999995147570554 0.0007749704047050693 -0.014942258596420288 -0.0006521576176448392 -0.0007745737414027696 0.999999487362849 0.83689284324646
0.9999997999923974 -0.0005484228898932524 0.0003150357110815055 -0.0023114345967769623 0.0005481464600026963 0.9999994653145097 0.0008768729402304108 -0.01547021884471178 -0.0003155164398284322 -0.0008767000791393524 0.9999995659230796 0.8477163314819336
0.9999991254693588 -0.0005119839312636633 -0.0012193986107337477 -0.004319988191127777 0.0005134146408397053 0.9999991799243566 0.0011732672418725484 -0.016460556536912918 0.0012187969167597307 -0.0011738922729141654 0.9999985682544787 0.8985785245895386
0.9999978756856873 -0.0006380440924920543 -0.001959980573610519 -0.005507064983248711 0.0006406172163528087 0.9999989334968822 0.0013124841639159974 -0.017414327710866928 0.00195914106051785 -0.0013137369730862748 0.9999972179268655 0.9414832592010498
0.9999993025579748 -0.0005341930560822905 -0.0010533381901820064 -0.004380533471703529 0.0005352701439002712 0.9999993339585326 0.0010225303732966972 -0.016616512089967728 0.0010527912599900442 -0.001023093480625677 0.9999989224545658 0.9143083691596985
0.9999973204998521 -0.00042448634409277496 -0.002275698675033403 -0.006044814363121986 0.00042714856796547426 0.9999992249175509 0.001169490657599633 -0.017072545364499092 0.0022752004783656056 -0.0011704595853794045 0.9999967267382139 0.9235917925834656
0.9999940125554949 -0.00032698744545979843 -0.0034449865560098416 -0.007235433906316757 0.00033119398671066947 0.9999992002691303 0.001220562019283928 -0.018192622810602188 0.003444584692491036 -0.0012216956700682221 0.9999933211256893 0.9353442192077637
0.9999998305540959 -0.0005624058936659748 -0.0001503043245721446 -0.0035622126888483763 0.0005625036832940763 0.9999996296581988 0.0006513624730806089 -0.017163125798106194 0.00014993793881439696 -0.0006514469094460926 0.9999997765677443 0.9345263838768005
0.9999943500803806 -0.000599377348749133 0.0033076508448259675 -0.00010726787149906158 0.0005969932293441549 0.9999995613526531 0.0007217295795254868 -0.016798101365566254 -0.0033080819822955887 -0.0007197508566519799 0.9999942692597309 0.9599775671958923
0.9999970107187038 -0.00015519641921214993 0.0024401778066072332 -0.0015955567359924316 0.00015336137129469158 0.9999997053503559 0.000752183150013734 -0.01691296324133873 -0.002440293823741185 -0.0007518066725120883 0.9999967398710762 0.7526521682739258
0.9999823256604333 -0.0008292426300351824 0.005887335850079983 0.002878560684621334 0.0008250984028551022 0.999999410164798 0.0007063162759565578 -0.015095019713044167 -0.005887918085088362 -0.0007014461608758824 0.9999824200424259 0.8786554932594299
0.9999881270066264 -0.001523779441152459 -0.00462860043577856 -0.014769334346055984 0.0015334860282904274 0.9999966312328418 0.0020942644458407265 -0.014212829992175102 0.004625393645994514 -0.0021013374747516434 0.9999870949739486 0.81479811668396
0.9999994752475833 -0.0006330854172930375 -0.0008054237470654836 -0.006296233274042606 0.0006331876711865128 0.999999791509208 0.00012670798392331787 -0.02212311327457428 0.0008053433621651723 -0.0001272179018197198 0.9999996676187819 1.0624336004257202
0.9999947640808768 -0.0006757564667702299 0.003164674395451456 -0.0011816166806966066 0.0006751905026318083 0.9999997558763184 0.00017990299853526913 -0.01869872212409973 -0.0031647951934941428 -0.0001777652984819879 0.9999949762228219 1.1096978187561035
0.9999973744693224 -0.0001295411420907296 -0.002287853481871788 -0.006644890643656254 0.00013251982430856194 0.999999143810384 0.0013018513721919551 -0.018902437761425972 0.002287682879721807 -0.001302151140082701 0.9999965354487236 1.0689064264297485
0.9999956224414279 -0.00023114794354570182 -0.002949859082985017 -0.009592879563570023 0.00023474880837352075 0.9999992277549434 0.0012204026032234642 -0.018399471417069435 0.0029495747114188895 -0.0012210897367441874 0.9999949044614561 0.98344886302948
0.9999989753500907 0.0005101914595545657 -0.001337536333319807 -0.009855150245130062 -0.0005115218820521399 0.9999993746294474 -0.0009945280679871872 -0.01733776368200779 0.0013370280971373967 0.0009952112280466256 0.9999986109542747 0.6600818634033203
0.9999999422983539 -0.00019732904979021868 0.00027652221442007975 -0.003609288251027465 0.0001970309413728869 0.9999993998963869 0.0010776760525033782 -0.017662519589066505 -0.000276734705269522 -0.0010776215068874783 0.9999993810747039 0.9917444586753845
0.9999998172152251 -0.000496446970935272 -0.0003451230524121799 -0.0044939517974853516 0.0004967808780542989 0.9999994080049867 0.0009680900966830049 -0.01813286915421486 0.0003446422427049632 -0.0009682613702638888 0.9999994718456822 1.0342872142791748
0.9999995373486528 -0.0004660909987868637 -0.0008414639990355579 -0.00537093635648489 0.0004669414785599222 0.9999993801232939 0.0010108010109549787 -0.01905791088938713 0.000840992352178855 -0.0010111934577503937 0.9999991351094535 1.0641218423843384
0.999991017059972 -0.0005696132394132948 0.0042001595351228984 0.0004600529791787267 0.0005667414560331183 0.9999996048644932 0.0006848904871865193 -0.01678788661956787 -0.004200547998179782 -0.0006825039303258401 0.9999909447514513 0.9603846073150635
0.9999816391775679 -0.00042876741790342387 0.006044622920067585 0.002851122058928013 0.00042628493093585913 0.9999998242785197 0.00041197583352543154 -0.015764227136969566 -0.0060447984997118774 -0.0004093915376462915 0.9999816462364031 0.8730472326278687
0.9999841843078157 -0.0004347304856865048 0.005607329456836218 0.0029180897399783134 0.00042986517526121887 0.9999995301613215 0.0008688458248947791 -0.014707841910421848 -0.005607704536063398 -0.0008664216878369466 0.9999839013520643 0.828302264213562
0.9999988339785018 -0.00016889728693349898 -0.0015177336208293583 -0.0053769247606396675 0.00017056122627951694 0.9999993845513148 0.0010962690637803271 -0.01771881990134716 0.0015175475298715747 -0.001096526652014565 0.9999982473378622 0.8636558055877686
0.9999773432657876 -0.00037762282581304244 0.0067208895317988435 0.0033265689853578806 0.0003745384584610798 0.9999998239798475 0.00046017520246507477 -0.015656882897019386 -0.006721062121447168 -0.0004576475447930942 0.9999773086838942 0.8811198472976685
0.9999943693432202 -0.0005401733858378428 0.0033120227307101963 -0.0008684264030307531 0.0005380680668368745 0.999999652663933 0.000636517689425818 -0.016676662489771843 -0.0033123654102406902 -0.0006347320117451415 0.9999943126591583 0.8125025033950806
0.9999698652247337 -0.0006534477475330356 0.007735738391993358 0.004759465344250202 0.0006489873816048605 0.9999996217359698 0.0005790883318816099 -0.014275060966610909 -0.0077361138698078665 -0.0005740504845810694 0.999969911051445 0.7825968265533447
