0.9999698978796426 0.0010905283707631369 -0.007682062382575657 -0.013990645296871662 -0.0010852477197910053 0.9999991720079081 0.0006915351654515141 -0.012496057897806168 0.00768281016060606 -0.0006831774080927498 0.9999702534059027 0.6116989850997925
0.9998562833910984 0.0011360071605833815 -0.016915142655940626 -0.025760658085346222 -0.0011129397792642613 0.9999984380304394 0.0013730629007344159 -0.011518074199557304 0.016916676044289845 -0.0013540400336567874 0.9998559859535773 0.5268413424491882
0.99999410136385 0.0005361483667593494 -0.0033926070262990052 -0.007411265280097723 -0.000535094786132234 0.9999998083355968 0.0003114519859850629 -0.013243232853710651 0.003392773360530614 -0.00030963478251195116 0.999994196590773 0.6867956519126892
0.9999945132179575 0.0004100971042052729 -0.0032871498818448845 -0.006643608678132296 -0.0004087882783274544 0.9999998369148372 0.0003988263317383103 -0.01713034324347973 0.0032873129032832365 -0.00039748039512435145 0.9999945177765784 0.8524874448776245
0.9999966506467801 0.0004047028461388234 -0.002556347165023562 -0.006186725106090307 -0.0004037678865479929 0.9999998514176844 0.00036624595955718904 -0.015705255791544914 0.0025564950059778005 -0.0003652125619780006 0.999996665470975 0.7715004086494446
0.9999305204542244 0.0013640996895047655 -0.01170869318844293 -0.02030918374657631 -0.0013532587536787652 0.9999986483900684 0.0009337605591738026 -0.009203209541738033 0.011709951105345773 -0.0009178507903628886 0.9999310149180477 0.46551644802093506
0.9999788679966564 0.0008903871650937707 -0.006439780339552275 -0.011835101991891861 -0.0008868318225380599 0.9999994527935663 0.0005549251177429255 -0.013549300841987133 0.006440270913865468 -0.000549202388928212 0.9999791104254587 0.6684055924415588
0.9999967045083801 0.00041647791289212095 -0.0025332821649838664 -0.005807358305901289 -0.00041619461592698107 0.9999999070790642 0.00011235615022508989 -0.015405166894197464 0.0025333287234438635 -0.00011130144155864824 0.9999967849236157 0.7602843046188354
0.9999978403360749 0.00029416251187835496 -0.002057374929981039 -0.005425854120403528 -0.00029386456540202784 0.999999946291965 0.00014511955102910925 -0.014996187761425972 0.0020574175082151277 -0.00014451464802998215 0.9999978730720946 0.7349015474319458
0.9999908918425201 0.0010313647623724901 -0.004141559938979971 -0.010463045910000801 -0.0010300354334745248 0.9999994173187399 0.0003230931546806232 -0.008865749463438988 0.004141890752665309 -0.0003188242584102817 0.9999913715088172 0.41630667448043823
0.999998721194471 0.0012395154183270636 0.0010105498259580918 -0.007605281658470631 -0.0012389050215519176 0.9999990498908317 -0.0006044268210082214 -0.0014758668839931488 -0.001011298062189327 0.0006031740728099529 0.9999993067283935 0.11945247650146484
0.9999990254117924 0.00020230113126549977 -0.001381394120986449 -0.004704534076154232 -0.0002018445166542017 0.9999999249555426 0.0003306776379495212 -0.016439147293567657 0.001381460913780718 -0.0003303984888463353 0.9999989912007823 0.8052781820297241
0.9999986498067368 2.412686779739912e-05 -0.0016431076038505295 -0.004222989082336426 -2.3804158024796307e-05 0.9999999804260044 0.000196421366318969 -0.019309930503368378 0.0016431123107206861 -0.00019638198831910966 0.9999986308070873 0.9036397933959961
0.9999991773432978 0.0003241270832186275 -0.0012410698454546286 -0.004134146962314844 -0.0003238420889981887 0.9999999211522345 0.00022982999357538275 -0.019101779907941818 0.0012411442417244985 -0.00022942789385285353 0.999999203461589 0.9234166145324707
0.9999986069322331 0.0001843275040944313 -0.0016589626168713363 -0.004721219651401043 -0.00018397226061126715 0.9999999601178637 0.0002142859724507958 -0.016496524214744568 0.0016590020495068278 -0.0002139804708330193 0.9999986009613001 0.8060782551765442
0.9999986402702082 0.0008945502816738711 -0.001385365485360413 -0.0064948564395308495 -0.0008940074176810987 0.9999995233762283 0.0003924258566480438 -0.012268243357539177 0.0013857158697228912 -0.0003911867960348039 0.999998963381672 0.63489830493927
0.9999911602427229 0.0012623318443870993 -0.0040107299494198485 -0.012742572464048862 -0.0012622757859365819 0.9999992031933385 1.650842327812838e-05 -0.005021839402616024 0.004010747592751913 -1.144563004859025e-05 0.9999919568540262 0.28247323632240295
0.9999404893261004 0.0008901000822277455 0.010873156309116875 0.004766388796269894 -0.0008807203414580051 0.9999992359664155 -0.0008674089377813183 0.0035491418093442917 -0.010873920082427128 0.0008577811077535928 0.9999405092672324 -0.03277158737182617
0.9998785462691018 0.0029732164476015117 -0.01529878082538603 -0.027293380349874496 -0.002946810822998264 0.9999941299490964 0.0017482486444721078 -0.004133448004722595 0.015303888942388067 -0.0017029537002367734 0.9998814384375448 0.018480658531188965
0.9999907449837832 0.000464786876232629 0.004277139223610293 0.0009459415450692177 -0.00046413039999722327 0.9999998803600325 -0.0001544761879740607 -0.008736872114241123 -0.0042772105103983556 0.00015248960795573785 0.9999908410666416 0.4282960891723633
0.9999309526286265 0.0006222114411547874 0.011734684832994181 0.010259287431836128 -0.0006154823100502572 0.999999644101911 -0.0005770420929639561 0.008458640426397324 -0.011735039698834547 0.0005697797587955422 0.9999309797152467 -0.26428288221359253
0.9999915853597834 0.004101701440340087 -7.249083788519591e-05 -0.012979140505194664 -0.0041017637431741884 0.9999911993925638 -0.0008812897465428287 0.01674383506178856 6.887541249903727e-05 0.0008815796710972347 0.9999996090366543 -1.0881507396697998
0.9999632102600039 0.0008879325679224897 0.008531688125002766 0.006732252426445484 -0.0008809048701722053 0.999999269674803 -0.0008274397081163114 0.006885120645165443 -0.008532416604760782 0.0008198936612044819 0.9999632621457987 -0.15506720542907715
0.9999904128974887 0.003317724524788335 0.002857764351333279 -0.00566672720015049 -0.003313160835647757 0.9999932311391373 -0.0016002003577806822 0.012532796710729599 -0.0028630540314955903 0.0015907167835694657 0.9999946362564788 -0.6347859501838684
0.999998486314647 0.00048312527813281023 -0.0016715137989392799 -0.004854368511587381 -0.0004830188520764335 0.9999998812936763 6.407356312621575e-05 -0.01494511030614376 0.0016715445560780285 -6.326609346260816e-05 0.9999986009671205 0.7527475357055664
0.9999986735987183 0.00028550367788983904 -0.0016035237616222322 -0.005163487978279591 -0.00028486626562524564 0.9999998803343849 0.0003977215441789315 -0.015632938593626022 0.0016036371206992138 -0.00039726422681475083 0.9999986352636284 0.7652239799499512
0.9998781011813612 0.0005543759020033357 0.015603699731639699 0.006225786171853542 -0.0005819121967304663 0.9999982814588051 0.001760243628626691 0.01381453312933445 -0.01560269707938955 -0.0017691090401958055 0.9998767054477532 -0.41468197107315063
0.9999964728439485 0.0022096281284866024 0.0014737174749324933 -0.00230617867782712 -0.0022068864124986324 0.9999958360463251 -0.001859446792333454 0.009014923125505447 -0.0014778200243769622 0.0018561879067031575 0.999997185303254 -0.09192395210266113
0.9999913527226119 0.0038001960275815382 0.001689079676306895 -0.005342541262507439 -0.003795089026191535 0.9999882488497137 -0.003016531413147241 0.01600777916610241 -0.00170052323837109 0.0030100951206194462 0.9999940237561826 -0.5809016823768616
0.9999938618297272 0.0034554299461243714 -0.0005799196114000045 -0.007049922831356525 -0.003456697720823725 0.9999916065842902 -0.002199545825110941 0.01236691139638424 0.0005723143673816667 0.002201536930723132 0.999997412842357 -0.334669291973114
0.9999839709339765 0.004200842319253824 -0.003796155808830624 -0.017098141834139824 -0.004200358232882684 0.999991169278433 0.00013548382827488292 0.005562169477343559 0.0037966914322350425 -0.00011953644229072722 0.9999927853965784 -0.8987839818000793
0.999997914383314 4.0717860707575805e-05 -0.002041952761018055 -0.004988015629351139 -3.989254103112634e-05 0.9999999175071134 0.0004042206723985587 -0.015640558674931526 0.002041969051572511 -0.00040413837066487695 0.9999978335149382 0.7741702198982239
0.9999993579956822 0.00014958484850311797 -0.0011232241971716567 -0.004424619022756815 -0.00014951189705605957 0.99999998670852 6.503193781062147e-05 -0.01516007911413908 0.0011232339100349096 -6.486396067929819e-05 0.9999993670689249 0.7381648421287537
0.9999916107116833 0.0006159712673779089 -0.004049578453522004 -0.008060645312070847 -0.0006153018524907421 0.9999997968325739 0.00016654861592459684 -0.014515362679958344 0.004049680219941604 -0.00016405550557598041 0.9999917865542234 0.7031161785125732
0.9999981566424464 0.0002793148804042956 -0.0018996565233694192 -0.005676800385117531 -0.0002785088540626378 0.9999998710940324 0.00042455239554166834 -0.014665508642792702 0.0018997748622939434 -0.0004240225417783669 0.9999981055283838 0.7329797148704529
0.9999678105774555 0.0006815290868003562 -0.007994581104352095 -0.014131460338830948 -0.0006750926187894499 0.999999445874756 0.0008077748059222597 -0.01249142549932003 0.007995127196378711 -0.0008023517214238492 0.9999677165653044 0.6057604551315308
0.9999833780461029 0.0004838631895938234 -0.0057453901450210875 -0.011212103068828583 -0.0004801500931619355 0.9999996750118408 0.000647635777705615 -0.013045947067439556 0.0057457016449504175 -0.0006448663631201925 0.9999832853903013 0.6374156475067139
0.9999962271114458 0.0004799153019872753 -0.0027047077802958876 -0.007032883353531361 -0.0004789283229013969 0.9999998185013597 0.0003655474104427122 -0.012631707824766636 0.0027048827211909763 -0.0003642506701119158 0.9999962754585209 0.6518635153770447
0.9999943719149346 0.0003355667637585725 0.0033381931343768093 -0.0013405068311840296 -0.0003368104148783852 0.9999998740884867 0.0003719969827622826 -0.008282003924250603 -0.0033380678842362265 -0.00037311922734615323 0.9999943590265109 0.40769442915916443
0.9999923998951744 0.0012479888468932682 -0.003693599291727264 -0.010481946170330048 -0.0012459409401710958 0.9999990688596337 0.00055669654142984 -0.006599228363484144 0.003694290603542675 -0.0005520903039036189 0.999993023682282 0.40127360820770264
0.9999997356123099 0.0005389851327171931 0.0004881294260684941 -0.004911837633699179 -0.0005393259568839784 0.9999996107084297 0.0006983627288270932 -0.009444596245884895 -0.00048775282891574175 -0.0006986258050583822 0.9999996370095152 0.4530887007713318
0.999991173015908 0.0007931285099854358 -0.004126116507703649 -0.009702363982796669 -0.0007898080825347188 0.9999993630403482 0.0008063014888275991 -0.011121749877929688 0.004126753380232348 -0.0008030355314499195 0.9999911624811862 0.5759050250053406
0.9999995648961096 0.0003372815768838567 0.0008697406102518026 -0.0031684418208897114 -0.00033746436120954827 0.9999999210044058 0.0002100213963113425 -0.010828101076185703 -0.000869669705198399 -0.00021031481138967257 0.9999995997210618 0.5347263216972351
0.9999986799759225 0.0006189791621245749 -0.0015023019700368505 -0.006634144578129053 -0.0006177042688813235 0.999999448869165 0.0008489421665507709 -0.011037544347345829 0.0015028266195828551 -0.0008480130675866302 0.999998511191886 0.5121697783470154
0.9999636121576783 0.0007085817891525 -0.008501310041195987 -0.014845491386950016 -0.000701514743592811 0.9999994059583662 0.0008342421586924829 -0.011896719224750996 0.008501896119865274 -0.0008282480080866016 0.9999635152182325 0.5819671750068665
0.9999894071003896 0.000536883678393732 -0.004571372105490038 -0.009319491684436798 -0.0005350197421654741 0.9999997732551359 0.0004089542176656986 -0.013608600944280624 0.004571590629799566 -0.000406504111329504 0.9999894676012947 0.6785789728164673
0.9999831460141158 0.0006123462133735446 -0.005773449560405987 -0.01097879372537136 -0.0006087799462283079 0.9999996228414298 0.0006194384353438699 -0.012049375101923943 0.005773826693680307 -0.0006159132350242886 0.9999831416459971 0.6073476076126099
0.9999994824222664 0.00037728869575057335 0.0009448854109195353 -0.003549915738403797 -0.00037734525304678666 0.9999999270245045 5.967869001925617e-05 -0.009446414187550545 -0.0009448628258709325 -6.003520715537868e-05 0.9999995518149069 0.5142647624015808
0.9999948113294413 0.0007330373812871837 -0.003136872709063388 -0.008358703926205635 -0.0007305285786574664 0.9999994124839947 0.0008008493374287522 -0.011061514727771282 0.0031374579186015795 -0.0007985536069237916 0.9999947593212407 0.5348008871078491
0.9999989057542588 0.00031089361227506476 0.0014463178927620534 -0.003852505935356021 -0.0003114216669972288 0.9999998849352068 0.0003648919272046162 -0.008781944401562214 -0.0014462042837724456 -0.0003653419426523507 0.9999988875085984 0.46311837434768677
0.9999984550548414 0.000562322050245523 -0.001665437432672879 -0.010690278373658657 -0.0005609082070294431 0.999999482054723 0.0008492774983318061 -0.005635364446789026 0.0016659141375315158 -0.0008483420287203664 0.9999982525214175 0.3499775528907776
0.9999715442651288 0.0009645186559563992 -0.00748200265808023 -0.016300013288855553 -0.0009551440289736484 0.9999987545422631 0.0012564289897208758 -0.008640974760055542 0.007483205188762603 -0.0012492468469470295 0.9999712200970675 0.433056503534317
0.9999982099249253 0.0006671116588273797 -0.0017706238956110589 -0.006544787436723709 -0.000666418046642901 0.9999997009960416 0.0003922942955352828 -0.009311010129749775 0.0017708850702857486 -0.00039111361758119 0.9999983554967508 0.4995741844177246
0.9999996261613191 0.0006924480952433149 -0.0005178733990313432 -0.005396218039095402 -0.0006922504917094013 0.9999996875665151 0.0003816492222277035 -0.008800212293863297 0.0005181375095073351 -0.00038129058143733903 0.9999997930754855 0.4743817150592804
0.9999975953584472 0.0007203733787214406 -0.0020713134766040704 -0.007879962213337421 -0.0007194040200957199 0.9999996313893836 0.00046869921342723367 -0.010298115201294422 0.0020716503515319142 -0.0004672079751316819 0.9999977449882219 0.48183268308639526
0.9999959474320336 0.0006792394375709774 -0.0027647338563411275 -0.007010957226157188 -0.0006783281318564138 0.9999997153063476 0.00033054223579936817 -0.012779230251908302 0.002764957586561285 -0.0003286654995026397 0.9999961234867535 0.6722005605697632
0.9999982975083264 0.0004885842526886438 -0.0017794004260692474 -0.0058850632049143314 -0.0004880645184708977 0.9999998381164965 0.00029250642079714387 -0.012414645403623581 0.0017795430520446845 -0.0002916374605952816 0.9999983740857368 0.6420038342475891
0.9999987196788526 0.0005001994606665112 -0.0015200135378897635 -0.005426495801657438 -0.00049985993713494 0.9999998500401175 0.00022374044341683856 -0.011455035768449306 0.0015201252247978383 -0.00022298036308572344 0.9999988197488329 0.598641574382782
0.9999655931924212 0.0012114722663857356 -0.008206385701215766 -0.012284448370337486 -0.0012018705863042951 0.9999985876092305 0.0011748560072875282 -0.01813371479511261 0.008207797416062177 -0.001164952570648793 0.9999656368831307 0.910207986831665
0.9999996345751706 -0.00043424490645365825 -0.0007363972341663655 -0.0024476326070725918 0.00043419280961341393 0.9999999032246115 -7.090396111727796e-05 -0.02104279398918152 0.0007364279525851997 7.058419682311582e-05 0.9999997263458335 0.9811506867408752
0.9999985881764075 0.000603361686202619 -0.001568311151329045 -0.005381357856094837 -0.0006031811101716406 0.9999998114033192 0.00011561087487982093 -0.010632989928126335 0.001568380610723178 -0.00011466473599630702 0.9999987635163646 0.5828642845153809
0.9999906186981429 0.0008488900145487746 -0.004247575949765873 -0.00928901880979538 -0.000846898206656003 0.9999995306000946 0.00047070481028319564 -0.01019994169473648 0.004247973532567372 -0.0004671031300047928 0.9999908682260719 0.552981436252594
0.999991593058258 0.0007276496769057807 -0.0040353858247736095 -0.008794840425252914 -0.0007254287085621544 0.9999995846295773 0.0005518096244212689 -0.011785423383116722 0.004035785672688617 -0.0005488776006624882 0.9999917055492927 0.6217716336250305
0.9999957845713001 0.0006533261505095383 -0.0028291349510816896 -0.006981843151152134 -0.00065242601562185 0.9999997362649399 0.0003190773341096811 -0.014254018664360046 0.0028293426665060217 -0.0003172301878181386 0.9999959470843288 0.7221817970275879
0.999996719988442 0.0005685643005113139 -0.002497347992202527 -0.005916107911616564 -0.0005679753278090506 0.9999998107259024 0.0002365421460095876 -0.015587231144309044 0.0024974820089390263 -0.0002351229381040902 0.9999968536454599 0.7748121023178101
0.9999996957775612 -8.154617309430405e-06 -0.0007799860815028653 -0.003345353528857231 8.354382951389956e-06 0.9999999671685637 0.00025611145228603496 -0.02000267431139946 0.0007799839674039199 -0.000256117890673606 0.9999996630142616 0.9415012001991272
0.999998942377896 4.380590068796228e-05 -0.001453727667879974 -0.004442774225026369 -4.352230427646165e-05 0.9999999800183091 0.00019511327506708056 -0.017235588282346725 0.0014537361859447877 -0.0001950497991330715 0.9999989243027602 0.8262532949447632
0.9999984789939188 0.000356939074109689 -0.0017072212353452811 -0.004793250001966953 -0.00035658114053382505 0.9999999143836841 0.0002099583643394073 -0.017865611240267754 0.0017072960315234575 -0.00020934928209621534 0.9999985206554752 0.8750545382499695
0.999999874601291 5.251890779628374e-05 -0.0004980353062039305 -0.003007744438946247 -5.2382215375436155e-05 0.9999999609605053 0.0002744723867873207 -0.02137986198067665 0.0004980497017508581 -0.0002744462641761636 0.9999998383128581 1.0115658044815063
0.9999927449964905 7.03829901560934e-05 -0.003808543109691814 -0.0056604137644171715 -6.743501096926947e-05 0.9999996980591894 0.0007741666804466489 -0.02932707592844963 0.0038085964479030697 -0.0007739042347182864 0.9999924478041483 1.369765281677246
0.9999664203954383 -0.0005507710642820691 -0.00817647434830212 -0.008966822177171707 0.0005601226695438597 0.9999991916482819 0.0011414750885527533 -0.03270699083805084 0.008175839047385659 -0.0011460165869100903 0.9999659205702232 1.4695656299591064
0.9999340127200722 -0.0006427717766328903 -0.011469832168680992 -0.010029061697423458 0.0006586727910096373 0.9999988272692445 0.0013826099559188928 -0.045086123049259186 0.01146893001499829 -0.0013900735876156577 0.9999332634429821 1.9347336292266846
0.9999865690330103 -0.0002033443144412429 -0.005178842020969629 -0.005930694751441479 0.00020368586528840847 0.9999999771158935 6.542385363632531e-05 -0.02683444321155548 0.005178828598887791 -6.647783184893994e-05 0.9999865875675739 1.17947256565094
0.9999975963076468 0.00010501493309629834 -0.0021900572577267055 -0.004811620339751244 -0.00010429035732831764 0.9999999397946827 0.00033095944176825997 -0.021763786673545837 0.0021900918815572486 -0.0003307302443896028 0.9999975470545193 1.0291504859924316
0.99999815830843 -7.78819436021146e-05 -0.0019176324336814229 -0.003476362908259034 7.852094362164477e-05 0.9999999414226416 0.0003331503780744256 -0.02767639234662056 0.0019176063749526248 -0.0003333003388223949 0.9999981058465434 1.262581706047058
0.9999858326245578 1.6014553320642678e-05 -0.005322996684575842 -0.007296060211956501 -1.2088918552612695e-05 0.9999997279610723 0.0007375172130148933 -0.024498391896486282 0.005323007047522265 -0.0007374424150582658 0.9999855607830828 1.1157262325286865
0.9999975297035699 -7.272201455851334e-05 -0.0022215531202189882 -0.005301280878484249 7.39147485260798e-05 0.9999998531833599 0.0005368145565258096 -0.020557306706905365 0.002221513755822029 -0.0005369774359749455 0.9999973882625222 0.9600315093994141
0.9999955667362669 0.0012551215536620462 -0.002700218083389757 -0.008053522557020187 -0.00125462339881355 0.9999991956295718 0.0001861728670508431 -0.020304575562477112 0.0027004495809923234 -0.00018278428490810326 0.9999963370742744 0.8261646032333374
0.9999961412312768 0.0002344351538240746 -0.0027681334351978204 -0.004857323598116636 -0.00023235186840432 0.9999996895820626 0.0007528933441213894 -0.03193853050470352 0.0027683090805864915 -0.0007522472579044405 0.9999958852859833 1.5366733074188232
0.9999971385725379 -0.0009038676433602283 -0.002214919867558325 -0.001789118628948927 0.0009049371874896192 0.9999994744173696 0.00048192703945601863 -0.03553628921508789 0.00221448310517749 -0.0004839300238122163 0.9999974309348545 1.5534248352050781
0.9999946382516489 8.412954410210162e-05 -0.003273589799228922 -0.0051329429261386395 -8.172904936066457e-05 0.999999727709082 0.0007334181102615291 -0.029842521995306015 0.0032736506099914032 -0.0007331466304758979 0.9999943728380185 1.3960912227630615
0.9999832554258786 -0.0001958743976193312 -0.00578364081549894 -0.0067278556525707245 0.00020086039751860373 0.9999996087204618 0.0008615184410742574 -0.03283287584781647 0.005783469803072949 -0.0008626657197081698 0.9999829034963014 1.4808272123336792
0.9999729583716973 0.00010736072193914383 -0.007353298513648985 -0.007138551212847233 -9.481190110084163e-05 0.9999985387777315 0.0017068840337864082 -0.05648493394255638 0.007353471021147585 -0.00170614069665137 0.999971507368017 2.636418104171753
0.9999695387742229 -0.0032843421459716774 0.0070805805083963115 0.019147049635648727 0.003282883253849513 0.9999945876374905 0.00021765400704549647 -0.08248476684093475 -0.0070812570359564024 -0.00019440265785909905 0.9999749086884117 3.385895252227783
0.9999081420569029 -0.0005466749147029575 -0.013542842938254845 -0.011413966305553913 0.0005798578696669192 0.9999968394035097 0.0024464153045735265 -0.06620532274246216 0.013541462740915028 -0.0024540435059510974 0.9999052987444899 2.973641872406006
0.9999763043778161 -0.0029181974388287064 0.006234966446832681 0.018196627497673035 0.0029198808667299718 0.9999957031010467 -0.0002609121830594796 -0.08407041430473328 -0.006234178262547519 0.0002791113598157768 0.9999805283695475 3.456470012664795
0.9999056805541247 -0.00031887308715676695 -0.013730561370427564 -0.011755346320569515 0.0003388529143096029 0.9999988872259274 0.0014528336481851828 -0.052562013268470764 0.013730082821864347 -0.0014573492584560132 0.9999046759360832 2.261556625366211
0.999877919761852 -0.0010135725078040383 -0.015592249468336213 -0.01034158281981945 0.001047236946765044 0.9999971381649742 0.0021510361779781195 -0.07760006189346313 0.01559002461475726 -0.0021671023586956667 0.999876119726778 3.34539532661438
0.9997668370731516 -0.0008026846039158064 -0.021578396283615332 -0.016568906605243683 0.0008575136720359187 0.9999964273452392 0.0025317912749142613 -0.08150145411491394 0.02157628696157842 -0.0025497047248842423 0.9997639535644238 3.5544121265411377
0.9999888768405503 -0.0024091495217560097 0.00405489750257878 0.014237268827855587 0.002409709218723539 0.9999970877820469 -0.00013314993925440515 -0.0801500678062439 -0.004054564915720998 0.00014291958209934326 0.9999917700048021 3.3231301307678223
0.9999513951328093 -0.0006592991517533298 -0.009837311450638417 -0.007376875262707472 0.000672107222119468 0.9999989307728725 0.0012987397713811538 -0.04897520691156387 0.009836444674288531 -0.001305288374379263 0.9999507690773728 2.085571527481079
0.9999312990970084 -0.00031099232387543315 -0.011717524053442615 -0.011425205506384373 0.00032375879348383143 0.9999993561114351 0.001087638247910513 -0.03532683849334717 0.011717178261516619 -0.0010913571776309141 0.999930755939179 1.5242359638214111
0.9999638568219058 -0.0013889456999772413 -0.008387841182441964 -0.009199067018926144 0.001403134380263916 0.9999975944251492 0.0016859293656304745 -0.04106595739722252 0.008385479340519305 -0.0016976376991244357 0.999963400211464 1.781588077545166
0.9994309905739591 0.0021163023273122936 0.033663278877940635 0.025047853589057922 -0.0019275117493079094 0.9999822392561253 -0.0056396693840585896 0.01709054224193096 -0.033674616238509265 0.005571573993461848 0.9994173191337162 -0.8400861620903015
0.9999800191915483 0.0004073270055381498 -0.006308351795945989 -0.0061433943919837475 -0.00040479340238176986 0.9999998369075785 0.0004028983966146478 -0.02908848598599434 0.006308514878499048 -0.0004003367671920574 0.9999800209856698 1.31888747215271
0.9999572937370241 -0.0006827044545909804 -0.009216540389669313 -0.009392510168254375 0.0007108528552138332 0.9999950924593799 0.0030511875351020216 -0.03861405327916145 0.009214412099800968 -0.0030576088343359487 0.9999528717083976 1.7778749465942383
0.999999730477354 0.0003564047038084546 -0.0006418885463455852 -0.004674326628446579 -0.00035626836365699576 0.9999999139569099 0.00021250653009060143 -0.023183265700936317 0.0006419642294424255 -0.0002122777882332225 0.9999997714100081 0.937314510345459
0.9999686796454628 -9.085039027949283e-05 -0.007914004947962806 -0.008708477020263672 0.0001012049593644505 0.9999991394531811 0.0013079948216899277 -0.03501347452402115 0.007913879305750987 -0.0013087547913775482 0.9999678283201066 1.578730821609497
0.9999201722308532 -0.0006953297980366459 -0.012616088232601004 -0.009774194099009037 0.0007038663201285456 0.9999995263527044 0.0006722102127464395 -0.045719344168901443 0.012615614849233464 -0.0006810365913034562 0.999920188040594 1.895324468612671
0.9999757619199059 2.992924789491285e-05 -0.0069623758117306435 -0.007672443985939026 -2.1850792002832057e-05 0.9999993265262203 0.0011603747880359792 -0.040350016206502914 0.006962405851897772 -0.0011601945293532201 0.9999750891164276 1.843787431716919
0.9999984231231812 0.0002218141006556017 -0.0017619732279488779 -0.0038131873589009047 -0.00022180590451066572 0.999999975389323 4.847092109238412e-06 -0.022345593199133873 0.0017619742597389007 -4.456268400422448e-06 0.9999984477122201 1.015321135520935
0.9999986139097007 -0.00032082244106569467 -0.0016337844527885884 -0.002272730227559805 0.0003215985353446662 0.9999998355753511 0.0004747880077782999 -0.032519660890102386 0.0016336318615065098 -0.00047531277236633385 0.9999985526613071 1.4671390056610107
0.999990897326409 -1.5010393218466864e-06 -0.004266762481114229 -0.005290540866553783 5.6647323057312104e-06 0.9999995238600775 0.0009758317114696319 -0.03760900720953941 0.004266758984776501 -0.0009758469988593504 0.9999904211993237 1.7454850673675537
0.999981822601797 -0.0005447229351070864 -0.0060048099813398495 -0.006798085756599903 0.0005600356797912034 0.9999965952552976 0.002548693361262773 -0.03305979073047638 0.006003401204766442 -0.002552009940488565 0.9999787229832633 1.519946575164795
0.9997806444183409 0.000872188665407722 0.020926116060542913 0.019515816122293472 -0.0008551245108449687 0.9999992945778582 -0.0008243821063647828 0.0073145609349012375 -0.020926820315526437 0.0008063068387881748 0.999780684980843 -0.23826313018798828
0.9999433194900225 0.002094826427617897 0.01043884617727478 0.007937195710837841 -0.002068248106115246 0.999994593971454 -0.002556242875452084 0.007662031799554825 -0.010444144629705266 0.0025345078624661 0.9999422463886846 -0.21032440662384033
0.9998228526244655 0.001726353657605184 0.018742547130123816 0.016725454479455948 -0.001675455170333803 0.9999948671537303 -0.0027310284079494576 0.009372588247060776 -0.018747165648391784 0.0026991423159400886 0.9998206131156276 -0.4389111399650574
0.999965440466522 0.0011358786132126153 0.0082357545113319 0.0045710364356637 -0.0011235630559292603 0.999998244027183 -0.0014998495292006106 -0.00177023746073246 -0.008237443696574106 0.0014905443055939589 0.9999649607856362 0.10799932479858398
0.9999915999069903 0.0012957286306948706 0.003888599075950884 -0.003046672325581312 -0.0012919368860362993 0.9999986877480588 -0.0009774462864203621 -0.005772087723016739 -0.0038898604782674796 0.0009724142511994165 0.9999919616656844 0.23774051666259766
0.999962540783491 0.0022099419396563835 -0.008368583299946742 -0.017627764493227005 -0.0022039563335815577 0.9999973089055842 0.0007244018697797443 -0.009285081177949905 0.008370161665372149 -0.0007059307420862423 0.9999647204054165 0.29875025153160095
0.9999980218033468 0.0004473056922976326 -0.001938119452134787 -0.00516654783859849 -0.00044723721452889645 0.9999998993498527 3.576532418420072e-05 -0.015565527603030205 0.001938135255095873 -3.489845428815908e-05 0.9999981212051505 0.765318751335144
0.9998646018299833 0.0006229537039836347 0.016443537820408305 0.01392634492367506 -0.0006007298847150167 0.9999988996130357 -0.0013564277802715317 0.002735959365963936 -0.01644436471786355 0.0013463659978531625 0.9998638758189163 -0.03355824947357178
0.9996108978021853 0.0009528980640986302 0.0278773201794733 0.021931316703557968 -0.0009742815878834015 0.9999992415173448 0.0007534853170627106 0.017012666910886765 -0.02787658104030951 -0.0007803524940402115 0.9996110680056961 -0.531709611415863
0.9978777105535496 0.006743218247028157 -0.06476576092411229 -0.07932421565055847 -0.006494270153768919 0.9999706960416819 0.004053580279712226 -0.03271942585706711 0.06479119720746168 -0.003624371060908657 0.997892261067715 1.2053779363632202
0.9997868509865417 -0.0012359928385693821 -0.02060885528402937 -0.015044977888464928 0.0012692104655839585 0.9999979164513937 0.0015988113290628342 -0.07566164433956146 0.02060683622512471 -0.0016246275188155335 0.9997863366170876 3.2041385173797607
0.9999321855152445 -0.0005142855673233872 -0.011634426546313152 -0.009419468231499195 0.0005305636864459335 0.9999988847160728 0.0013960905360732555 -0.05702080950140953 0.011633695581410844 -0.0014021686651509763 0.9999313431681963 2.4914257526397705
0.9999586679134767 -0.0011156321995429515 -0.009023182891918653 -0.005199241917580366 0.0011257356982853214 0.999998745052591 0.0011147252490950393 -0.06091126799583435 0.009021927944917128 -0.001124836894268184 0.9999586689249303 2.6077234745025635
0.9999920040042626 -0.0005828018555445624 -0.0039562949253019505 -0.0035846487153321505 0.0005864884321965224 0.9999993948869267 0.0009307293372971048 -0.04331438988447189 0.003955750100511383 -0.0009330422163973386 0.9999917407025743 1.9513561725616455
0.9999961052129566 -0.00020709578264655623 -0.0027832840771099803 -0.004977256990969181 0.00021174849598474326 0.9999985806702615 0.0016714724157521172 -0.025341186672449112 0.002782933971824007 -0.0016720552619402358 0.9999947297409667 1.1740992069244385
0.9999942364354601 0.0009804475582512922 -0.003250510490142474 -0.006914755329489708 -0.0009805905433218237 0.9999995183223059 -4.239507418444502e-05 -0.018547141924500465 0.0032504673582971107 4.558224968530089e-05 0.9999947161781462 0.8746423125267029
0.9999999809032835 0.00018486297597377857 -6.339647494840698e-05 -0.0033662053756415844 -0.00018478598087912854 0.9999992480134575 0.001212364079358113 -0.019847191870212555 6.362054850678482e-05 -0.001212352341426132 0.9999992630768415 0.9618698358535767
0.9999946817776235 0.0010157885272233224 -0.0030991273187139174 -0.007541744038462639 -0.0010158933627038205 0.9999994834600632 -3.2253411604753866e-05 -0.016364162787795067 0.003099092955245416 3.540162294719411e-05 0.9999951971732565 0.7690266370773315
0.9999999902073569 8.521262316152473e-05 -0.00011101394135376309 -0.002598665188997984 -8.518178984406248e-05 0.9999999578084203 0.00027771787926777217 -0.022733736783266068 0.00011103760173890079 -0.00027770842018195796 0.9999999552743413 1.0800753831863403
0.9999999995773916 2.7897662787079134e-05 -8.1815204039138e-06 -0.002251662779599428 -2.789527063299242e-05 0.9999999569089525 0.00029223953714425563 -0.024149876087903976 8.189672851423816e-06 -0.0002922393087950269 0.9999999572645569 1.13847815990448
0.9999998965682624 0.00011743758116710115 -0.00043939945242154704 -0.0035566026344895363 -0.00011705279828777839 0.999999609789644 0.0008756250350707883 -0.019336678087711334 0.0004395021122494584 -0.0008755735115678975 0.9999995201043443 0.927241325378418
0.9999834193523497 0.0009319969572781606 0.005682640412183805 0.0018146960064768791 -0.0009250896129180909 0.9999988303126031 -0.0012180240694187564 -0.012324737384915352 -0.005683768959997525 0.0012127469221715722 0.9999831118650514 0.5642399787902832
0.9999999641005677 0.0002650220188485717 -3.952458725166001e-05 -0.003349832957610488 -0.0002649939812535632 0.9999997144714435 0.0007076971255746069 -0.016522016376256943 3.971213128721478e-05 -0.0007076866263909486 0.9999997488012613 0.817694365978241
0.9999439776972361 0.003024378297889916 -0.010143697695642774 -0.021320950239896774 -0.00302073361736186 0.9999953674083436 0.00037460681357855195 -0.009249527007341385 0.010144783656750695 -0.00034394441860864005 0.9999484812063043 0.11241436004638672
0.9999717758454286 -0.0011189181310903701 -0.0074293697414747496 -0.008255908265709877 0.001130438191185026 0.9999981650788761 0.0015465925049852846 -0.03900168836116791 0.007427625598772039 -0.0015549472970115624 0.9999712058438821 1.7501392364501953
0.9999762291646228 0.001270980357692232 0.0067768513804087015 0.002857170533388853 -0.0012610493236241383 0.9999981251508209 -0.0014695065316435124 -0.006591193377971649 -0.0067787063887716735 0.0014609256563960973 0.9999759571289308 0.25273171067237854
0.9995532406778741 -0.00031687701886914433 0.02988676361393076 0.027835343033075333 0.0003034313736239865 0.9999998507156841 0.00045442052242988237 0.0032867053523659706 -0.02988690314772616 -0.0004451489240887711 0.9995531876106813 -0.10238748788833618
0.9999220245391495 -0.0007420766984788214 -0.012465719542113115 -0.008182269521057606 0.000760050425781705 0.9999986784222465 0.001437176784877579 -0.05602651834487915 0.012464636572291833 -0.0014465392958011127 0.999921267080157 2.4306070804595947
0.9998898282553768 -0.001450612490128374 -0.014772510783104499 -0.011790264397859573 0.0014804550391348086 0.9999968852665538 0.0020094054016279394 -0.06134376302361488 0.014769549902097745 -0.002031054059958707 0.9998888614316569 2.6728696823120117
0.9999974113544324 0.0007208911707813134 -0.0021581474356499983 -0.004449702799320221 -0.000720806621473773 0.9999997394206983 3.995434679950605e-05 -0.02197098359465599 0.0021581756760172886 -3.8398636410130135e-05 0.9999976703989345 1.0370783805847168
0.9999998852049454 -0.00029473029147137123 -0.0003777885006650488 -0.002441801130771637 0.0002948758689348774 0.9999998822793322 0.0003853434098846211 -0.02284412458539009 0.00037767488381602236 -0.0003854547663615106 0.999999854393142 1.0577601194381714
0.9999997488325786 0.00026789240064861687 -0.0006561771418686519 -0.0033308076672255993 -0.0002678762538274196 0.9999999638162298 2.469517542476753e-05 -0.01842416077852249 0.000656183733775518 -2.4519394947533035e-05 0.9999997844108302 0.883734405040741
0.999999983079466 3.952215989782148e-05 -0.00017966375922215977 -0.002688922453671694 -3.9478430292161884e-05 0.9999999696004186 0.00024339395094434741 -0.021227095276117325 0.00017967337321510407 -0.00024338685398279735 0.999999954240158 1.0046576261520386
0.9999996214863247 8.287879521022714e-05 -0.0008661168007973053 -0.003532444592565298 -8.263640142592432e-05 0.99999995741508 0.000279894736715423 -0.02047676034271717 0.0008661399612523552 -0.0002798230579958051 0.9999995857502261 0.9775933027267456
0.9999999993745902 3.006302663988841e-05 -1.8628858618803493e-05 -0.002470538252964616 -3.0058464524537484e-05 0.9999999695732267 0.00024484696149249246 -0.021792041137814522 1.8636218892713477e-05 -0.0002448464013844768 0.9999999698514652 1.0310795307159424
0.9999998821293284 9.604632627115603e-05 -0.0004759374249540482 -0.0030942633748054504 -9.591235933615111e-05 0.9999999557806984 0.000281494974198762 -0.02171243354678154 0.0004759644404665633 -0.00028144929273743664 0.9999998471220618 1.0355266332626343
0.9999999542150617 6.86583211298909e-05 -0.00029471326595109686 -0.0027172532863914967 -6.856937847750381e-05 0.9999999521095059 0.00030179334976280055 -0.02332407422363758 0.0002947339724618558 -0.0003017731276397354 0.9999999110324284 1.1059218645095825
0.9999999947865852 9.890516667243592e-06 0.00010163172446809439 -0.002133232308551669 -9.918154627232636e-06 0.9999999629736789 0.00027194534615727765 -0.02374955266714096 -0.00010162903102506678 -0.00027194635273867205 0.9999999578583598 1.1181162595748901
0.999999992354549 4.974610554447009e-05 -0.00011320877569758236 -0.0023893241304904222 -4.971107061167192e-05 0.9999999508836209 0.0003094536558431906 -0.024376459419727325 0.00011322416425140192 -0.00030944802574783527 0.9999999457111025 1.1513584852218628
0.9999999977981404 2.452240269837157e-05 -6.166336376838265e-05 -0.0022364570759236813 -2.4503055055147106e-05 0.99999995048229 0.00031374355372813676 -0.024926500394940376 6.167105446072265e-05 -0.0003137420420965203 0.9999999488813045 1.173712968826294
0.9999999999601792 -6.983822913882676e-06 5.555873251406804e-06 -0.0020447333808988333 6.982055203383897e-06 0.9999999493798739 0.00031810611488762027 -0.025583390146493912 -5.558094566941998e-06 -0.00031810607608353934 0.9999999493888146 1.2002413272857666
0.999999994206049 1.670497181396033e-05 -0.00010634305570977667 -0.0021949773654341698 -1.6669312502706386e-05 0.9999999436428498 0.00033531542001046427 -0.025783635675907135 0.00010634865115122518 -0.0003353136454020351 0.9999999381273598 1.212104082107544
0.9999976671305902 0.00018709363421555395 -0.0021519129511823024 -0.003841954981908202 -0.0001853099773950275 0.9999996391764945 0.0008290398622968964 -0.03537634760141373 0.002152067282802274 -0.0008286391573148223 0.9999973409782436 1.679926872253418
0.9999994307628551 -0.0010651833389450553 -6.211618372648625e-05 0.0007104044780135155 0.0010652086095999647 0.999999349341336 0.0004082248433276829 -0.036735162138938904 6.168130900839703e-05 -0.00040829077764463956 0.999999914747025 1.6120127439498901
0.9999997504821337 4.107190209484645e-05 -0.0007052295861573386 -0.003106217598542571 -4.087071892596153e-05 0.9999999584709292 0.000285285338463773 -0.021768681704998016 0.0007052412740812995 -0.00028525644403978997 0.9999997106317114 1.0235607624053955
0.9999997409491751 7.506998290505832e-05 -0.000715867362416359 -0.0032080935779958963 -7.489790263104568e-05 0.9999999682981373 0.00024040388702302795 -0.021172048524022102 0.0007158853868377192 -0.00024035020778219568 0.9999997148699047 0.9996738433837891
0.9999995856482208 0.0002472031179444577 -0.0008761244234755958 -0.003536197589710355 -0.00024711951462382496 0.9999999649028866 9.553099615167799e-05 -0.019392766058444977 0.0008761480082862664 -9.53144491259604e-05 0.9999996116398363 0.9260233044624329
0.9999999965625871 1.5171075701370085e-05 8.151480814811435e-05 -0.0021664449013769627 -1.519338396609671e-05 0.9999999624348473 0.0002736776655835498 -0.023729093372821808 -8.15106531014158e-05 -0.0002736789031285859 0.9999999592279347 1.1177539825439453
0.9999999948947337 3.1822100182252666e-05 9.590561185705448e-05 -0.0022631639149039984 -3.184652673121467e-05 0.9999999670561225 0.0002547028713688895 -0.02281547337770462 -9.589750351726233e-05 -0.0002547059243291952 0.9999999629642797 1.0777835845947266
0.9999999839342456 6.18593137505921e-05 -0.00016824070144372602 -0.0027008845936506987 -6.181548976647651e-05 0.9999999641654006 0.00026047656808541496 -0.021795522421598434 0.00016825680831663778 -0.00026046616401930405 0.9999999519235107 1.035383939743042
0.9999998878500814 3.894816373051294e-05 -0.00047199879774073366 -0.0030230339616537094 -3.882493157763204e-05 0.9999999651617734 0.0002610920849771861 -0.020974617451429367 0.00047200895035440704 -0.000261073730374703 0.9999998545240185 0.9934529066085815
0.9999995221928345 6.755889992959468e-05 -0.0009752178722198702 -0.00365638080984354 -6.729141889016183e-05 0.9999999601133708 0.0002743084439677555 -0.0200952161103487 0.000975236365298432 -0.0002742426891068666 0.9999994868523583 0.9575765132904053
0.9999992972912582 0.00017262968689743213 -0.0011728665656201786 -0.003788453759625554 -0.0001721621321321586 0.9999999056864807 0.0003987320275842137 -0.02371837943792343 0.001172935287988083 -0.00039852982418308864 0.9999992326981003 1.134979248046875
