0.9999898030509589 -0.000223231692842472 -0.004510428107854023 -0.00993424654006958 0.00022848470245127398 0.9999992962688398 0.0011641548721038908 -0.02186269313097 0.0045101650574623856 -0.0011651735651001347 0.9999891503320013 1.185558795928955
0.9999969966845115 -0.0004996363791927897 -0.002399371885640192 -0.0056799957528710365 0.0005008420282215818 0.9999997486214207 0.000501910707240478 -0.01824333891272545 0.0023991205096410523 -0.0005031109061259391 0.9999969955455847 0.878211259841919
0.9999740040453219 -0.0003409757449206808 0.007202428000861241 0.003202914958819747 0.00033844489076185515 0.9999998805624019 0.00035260493145356436 -0.01723203994333744 -0.007202547370349705 -0.0003501581401937754 0.9999740000123275 1.0296871662139893
0.9999981489686497 -0.0008367391614430614 0.00173260695206788 -0.0027108939830213785 0.0008354398923127615 0.9999993694093243 0.0007504806062717249 -0.019133862107992172 -0.0017332338160152621 -0.0007490317281431387 0.9999982174244161 0.9679181575775146
0.9999931044415812 -0.0004597094072841559 0.003685069409054296 -0.00048153207171708345 0.0004578101163779246 0.999999761958921 0.000516228630113745 -0.017820386216044426 -0.0036853058470139705 -0.0005145380083740487 0.999993076861761 1.0480042695999146
0.9999995089938047 -0.00047408662097024357 0.0008702034389479904 -0.0032298604492098093 0.0004733252633716641 0.9999995052419346 0.0008749166137026872 -0.018105557188391685 -0.0008706177946688417 -0.0008745042948412825 0.999999238633157 1.006575345993042
0.9999921729269255 -0.000656685746674672 0.003901646923530269 0.000313223572447896 0.000654344163031367 0.9999996050765027 0.0006013988318886665 -0.016969213262200356 -0.0039020403127191885 -0.000598841104805441 0.9999922077050046 0.9608330130577087
0.9999938773730874 -0.00017664020149452404 0.003494855444475108 -0.00023388850968331099 0.0001746241041012873 0.9999998181891501 0.000577172494948183 -0.01691058836877346 -0.003494956760938274 -0.0005765586751353772 0.9999937264089876 0.9035887718200684
0.9999857333348162 -0.000666673214181679 0.00529987487163308 0.0018580310279503465 0.0006625333758255347 0.999999474107481 0.0007828373310737811 -0.016313692554831505 -0.005300393981148223 -0.0007793148186055295 0.9999856491430553 0.9470670819282532
0.9999992953355394 -0.0006634902043005703 0.0009844334275337996 -0.003188146511092782 0.000662633808721507 0.9999994020003814 0.0008700088017278471 -0.01860489696264267 -0.0009850100811605873 -0.0008693558697920446 0.9999991369873834 1.0793583393096924
0.9999964937360131 -0.0006000207000808653 0.002579242299483049 -0.001216086558997631 0.0006003806199801953 0.99999981014259 -0.00013877281899087835 -0.01824403740465641 -0.0025791585432307826 0.00014032085950758355 0.9999966641200686 1.0381474494934082
0.9999989696997069 -0.0006733158853948646 0.001267771762891906 -0.003074722597375512 0.0006722252388261829 0.9999994038126424 0.0008605158846850156 -0.01898028329014778 -0.001268350406077202 -0.0008596627699191605 0.9999988261328956 1.0772899389266968
0.9999970162956626 -0.00028142884508518577 -0.0024265608538525697 -0.007162933237850666 0.00028443488387119116 0.9999991925448108 0.0012385501698086144 -0.01996977999806404 0.002426210330769547 -0.0012392366728957724 0.9999962888910635 1.1039838790893555
0.9999952275128975 -0.00045301128784810653 -0.0030560975444855532 -0.0076257167384028435 0.000456790024425204 0.9999991319794841 0.001235873436862098 -0.019086463376879692 0.0030555350271129354 -0.0012372635335440516 0.9999945664275615 1.037966251373291
0.9999997337347207 -0.00047295963736918636 0.0005557334511636445 -0.0029046691488474607 0.00047228560654842257 0.9999991535486374 0.001212373009547041 -0.016477733850479126 -0.0005563063842612592 -0.001212110221824141 0.9999991106556129 0.9009577631950378
0.9999950672164137 -0.0006061618627364921 -0.00308190049089579 -0.007582425139844418 0.0006103658999313474 0.9999988843673263 0.0013633479271489635 -0.019015762954950333 0.003081070643107828 -0.001365222289015311 0.9999943215697743 1.0579594373703003
0.9999914113261719 -0.0004928651561351828 -0.0041151376439411734 -0.009206422604620457 0.0004984545608851701 0.999998954585699 0.001357339515204859 -0.02046593837440014 0.004114464356565341 -0.0013593790665857818 0.9999906115917347 1.1272176504135132
0.9999926541783429 -0.00037430335584931864 -0.0038146410513916463 -0.009058613330125809 0.0003792887033305148 0.9999990749138887 0.0013062585679045648 -0.020404450595378876 0.0038141485855546164 -0.0013076958226201406 0.9999918710680616 1.1155192852020264
0.9999976485712518 -0.0007437150602602649 -0.0020370910329947363 -0.006444072350859642 0.0007461187243931625 0.9999990261093457 0.0011794436017392373 -0.019028976559638977 0.002036211879121476 -0.0011809607401246558 0.9999972295826194 1.0608818531036377
0.9999990851558536 -0.0004013667950224938 0.001291739970454307 -0.0031199187505990267 0.00040036199795595476 0.999999617191384 0.0007780278629518177 -0.019106026738882065 -0.001292051750514908 -0.0007775099875821711 0.9999988630396001 1.050716757774353
0.9999923982367431 -0.0007096172279900912 0.0038340464416673483 0.000171197229065001 0.0007069706893960329 0.9999995109517787 0.0006915841581909623 -0.01720971241593361 -0.003834535326667013 -0.0006888683424758774 0.9999924108708202 1.027266263961792
0.9999963238239482 -0.0005875546972341107 -0.00264709615744127 -0.0071179866790771484 0.0005909096634930244 0.9999990230085601 0.0012668100467158755 -0.01983550190925598 0.0026463492510575325 -0.0012683695843987472 0.9999956940278485 1.08054780960083
0.9999977958452896 -0.00043513373499758204 -0.002054011488583064 -0.0070534879341721535 0.00043762421793912314 0.9999991695236308 0.0012122034040139217 -0.020389234647154808 0.0020534823121802948 -0.0012130996173014077 0.9999971557958113 1.1257144212722778
0.9999994086654352 -0.0004965498469521124 -0.0009675262421950376 -0.005327140912413597 0.0004985377164801437 0.9999977633252063 0.0020554329787092294 -0.018284503370523453 0.000966503453222481 -0.002055914111584082 0.9999974195407909 1.0706030130386353
0.9999999962190645 -8.637955348970591e-05 1.0022184205739017e-05 -0.003943326883018017 8.637372840393543e-05 0.9999998282025228 0.0005797710793695756 -0.018495988100767136 -1.007226285091524e-05 -0.0005797702115240817 0.9999998318825118 0.9388300180435181
0.9999995631853158 -0.0006928130889473173 -0.0006274067272375162 -0.0038442315999418497 0.0006939047445534496 0.999998242999319 0.0017414058918844818 -0.016205716878175735 0.0006261991560884017 -0.001741840491717612 0.9999982869316918 0.9508167505264282
0.9999998553157542 -0.00042785073606848374 -0.0003260555454022208 -0.0042997850105166435 0.00042831688935046554 0.9999988844653331 0.0014309481932854979 -0.018454555422067642 0.00032544294943818346 -0.0014310876413467996 0.9999989230369449 0.9765304327011108
0.9999992780571003 -0.00023648153960401574 -0.001178117888607909 -0.005470752716064453 0.0002374164423993255 0.9999996570117241 0.0007934795945548785 -0.019805286079645157 0.001177929841251121 -0.0007937587262657595 0.9999989912136779 1.0286386013031006
0.9999998769179923 -0.00047159983490480676 -0.0001541349934908388 -0.004549862816929817 0.0004717826770259639 0.9999991825975276 0.0011883708943742793 -0.018294353038072586 0.00015357443198292146 -0.001188443466327056 0.9999992820082529 1.0520663261413574
0.999998839095416 -0.0004350964669939403 -0.0014603078048472302 -0.006588438525795937 0.00043680417659423755 0.9999992209666642 0.0011693024315219795 -0.0198884978890419 0.0014597979078619667 -0.0011699389426216968 0.9999982501149384 1.1307049989700317
0.9999991289142207 -0.0004730414690216261 0.0012322347862080351 -0.00311494548805058 0.0004717845334380221 0.9999993683701726 0.001020136564370828 -0.01792476512491703 -0.0012327165747908024 -0.0010195543264306765 0.9999987204585922 1.0566667318344116
0.9999985098546869 -0.0006322444937401792 0.0016064106902105276 -0.0026093272026628256 0.0006306083060018008 0.999999282150049 0.0010188388247694175 -0.017567697912454605 -0.0016070536922856617 -0.001017824290627421 0.9999981907044349 1.0339289903640747
0.9999998006759306 -0.0005632305248558904 -0.00028534097985268844 -0.004939221777021885 0.0005635901256487543 0.9999990451882423 0.0012617403749713265 -0.018683413043618202 0.00028463005671213896 -0.0012619009388347884 0.9999991632955256 1.087057113647461
0.9999948072643403 -0.0006029042287100367 0.0031657464911216135 -0.0006714179180562496 0.0005996832239013613 0.9999993017164869 0.0010183057348700602 -0.01656263694167137 -0.0031663582213667047 -0.0010164020020157077 0.9999944705360048 0.9703261852264404
0.9999913681718396 -0.000548348172197688 0.004118603658308536 0.0003335655201226473 0.0005443760626417559 0.999999385741448 0.0009654902532277669 -0.01641863025724888 -0.0041191305532366496 -0.0009632398500387187 0.9999910524262088 0.9776486158370972
0.999975841808254 -0.0006259409989379281 0.006922716066635839 0.0038250486832112074 0.000621735448335388 0.9999996208947369 0.0006096354766778716 -0.014850311912596226 -0.006923095038037004 -0.0006053166510097426 0.9999758518818572 0.8520714044570923
0.9999832330795342 -0.0005765273855585484 0.0057620461622411405 0.0027433678042143583 0.0005712098549306709 0.9999994095485045 0.0009244576486620101 -0.014672690071165562 -0.005762575735183609 -0.0009211508108017034 0.999982971956063 0.8531756401062012
0.9999985651317805 -0.00037170556934435753 0.0016527460028424102 -0.002850749297067523 0.0003702368653601245 0.9999995364245076 0.0008888618754641963 -0.018380451947450638 -0.0016530756315793558 -0.0008882486925652108 0.999998239176058 1.0301433801651
0.9999529569486286 -0.000801248401339803 0.009666534575190231 0.0064583998173475266 0.0007972097684780998 0.9999995933375169 0.0004216412999330462 -0.014120320789515972 -0.00966686848359079 -0.0004139152088490402 0.9999531890683288 0.722997784614563
0.9999908552415601 -0.0007579869361141112 0.004208905921668819 0.0011053993366658688 0.0007536260292328676 0.9999991777131007 0.0010376034550983696 -0.014621991664171219 -0.0042096889506044516 -0.0010344220254082544 0.9999906042008655 0.7812870740890503
0.9999780125392616 -0.0005577121952783524 0.006607828322200998 0.0032195362728089094 0.0005532965434864173 0.9999996224447065 0.0006700547585194153 -0.01574685052037239 -0.006608199525090766 -0.0006663839371460942 0.9999779435724995 0.9097189903259277
0.999994727484233 -0.000636935466581562 0.00318422941162319 -0.0006746838334947824 0.000633826555573461 0.999999321612936 0.0009772602339733034 -0.017011739313602448 -0.0031848497031862467 -0.0009752368321931865 0.9999944528073589 1.0101959705352783
0.9999935729053466 -0.0005397718240813982 -0.0035444032469449096 -0.008408301509916782 0.0005445979479231031 0.9999989258254997 0.0013607942246505235 -0.020075026899576187 0.0035436649212564836 -0.0013627157534321364 0.999992792696378 1.1066887378692627
0.9999998084384202 -0.0002523859974167227 0.0005651764603741071 -0.003905398538336158 0.0002518095061068784 0.9999994482396611 0.001019858983345052 -0.01852540299296379 -0.0005654335466588877 -0.0010197164711739039 0.9999993202313804 0.9914566278457642
0.9999844210937158 -0.000488011886036679 0.005560522841016309 0.002235023770481348 0.00048445070818939085 0.9999996767204276 0.0006417683007924187 -0.015837348997592926 -0.00556083423397173 -0.0006390645035159707 0.9999843342368834 0.916776180267334
0.999982994502426 -0.0004707542108245446 0.0058128389306862024 0.002506209071725607 0.0004678874226673937 0.9999997682596302 0.0004945321480785912 -0.015822848305106163 -0.005813070386707855 -0.0004918039840876872 0.9999829830259716 0.8845596313476562
0.99997974659982 -0.0007226639235707349 0.006323301907476132 0.003809617832303047 0.0007189483568773614 0.9999995675935581 0.0005898524872279636 -0.01450727041810751 -0.006323725438352402 -0.0005852944131930732 0.9999798337601764 0.840081512928009
0.9999788799890169 -0.0003701752449452831 0.006488647486100455 0.003717905143275857 0.00036651563448611646 0.9999997731177267 0.0005651820807105307 -0.015215031802654266 -0.006488855230356531 -0.0005627919533084539 0.9999787887865503 0.7626579999923706
0.999972058239199 -0.0007094091399531013 0.007441739012656595 0.0047553060576319695 0.0007052326379246089 0.9999995923680193 0.0005638357224274325 -0.01564168557524681 -0.007442135969380702 -0.0005585718106299029 0.9999721509170872 0.8153892755508423
0.9999570564782597 -0.0007534407174290436 0.009236748693139797 0.006724145263433456 0.0007511608275436104 0.9999996865548848 0.0002502949134218353 -0.013956477865576744 -0.009236934380305173 -0.00024334588108462804 0.9999573090017575 0.8448231220245361
0.9999966743292689 -0.0004906341934978701 0.0025319179470345947 -0.0009254054166376591 0.0004888003130395651 0.9999996178167421 0.0007248728329345969 -0.016834460198879242 -0.00253227262677572 -0.0007236328199611315 0.9999965319694292 0.9307306408882141
0.9999995169999933 -0.0006241584854994874 0.0007592272154401598 -0.002913688076660037 0.0006234536216584845 0.9999993748015638 0.0009282790867666067 -0.017409205436706543 -0.0007598061340414091 -0.0009278052954506738 0.9999992809357275 0.9722591042518616
0.9999998514529047 -0.0005328984349689874 0.00011451386968762161 -0.0034748592879623175 0.0005327779493040036 0.9999993072263501 0.001049616347213642 -0.017321955412626266 -0.00011507312926417817 -0.0010495551808315233 0.9999994425958932 0.9679483771324158
0.9999996098861851 -0.0006528792144297659 0.0005949589976241351 -0.0020991622004657984 0.0006521505737868804 0.9999990381846267 0.001224062682431292 -0.01563900150358677 -0.0005957575904659433 -0.001223674202055849 0.9999990738467414 0.8730124235153198
0.9999996843873502 -0.00026858690075167655 0.0007477207210893856 -0.0024728060234338045 0.0002677967987179799 0.999999405961269 0.0010565803253135078 -0.016437320038676262 -0.0007480040605492885 -0.0010563797546279485 0.9999991622755189 0.8546814918518066
0.9999983247925335 4.445552202367756e-05 0.0018298731740888862 -0.0013049624394625425 -4.633621165879109e-05 0.9999994708006391 0.0010277409193213771 -0.016576290130615234 -0.0018298265169620982 -0.0010278239870328187 0.9999977976539596 0.8306769132614136
0.9999992165080882 9.54613609858742e-05 0.0012481467614690687 -0.0018375078216195107 -9.706535682798908e-05 0.999999169541975 0.001285104539275729 -0.017129098996520042 -0.0012480230471072456 -0.0012852246842174925 0.999998395316705 0.8756457567214966
0.9999979339983632 6.682837229833053e-05 0.0020316330804716594 -0.0009824181906878948 -6.897569109578129e-05 0.9999994391122163 0.0010568905366904156 -0.015724025666713715 -0.0020315613106792196 -0.0010570284864486156 0.9999973777212716 0.7989401817321777
0.9999979812947655 9.607745881074966e-05 0.002007031518565844 -0.0009022399317473173 -9.800315656556466e-05 0.9999995349740937 0.0009593992799939318 -0.015700528398156166 -0.002006938408599386 -0.000959594038673729 0.9999975256856918 0.787996232509613
0.9999978932438124 0.00010407428247590829 0.002050043043649393 -0.0007170215249061584 -0.00010614688609381838 0.9999994833845695 0.0010109220706859018 -0.015251418575644493 -0.002049936773576377 -0.0010111375466050159 0.9999973876766312 0.7770777940750122
0.9999976947959577 2.4467250602489116e-05 0.002147045440758178 -0.0008759684860706329 -2.6587033506342555e-05 0.9999995122862249 0.00098727931327944 -0.0156691987067461 -0.002147020237604168 -0.0009873341209682487 0.9999972077338183 0.7958706617355347
0.999997393371669 7.202704139067128e-05 0.0022821178699875674 -0.0002907195594161749 -7.424000038980331e-05 0.9999995271573537 0.0009696254385461 -0.015085863880813122 -0.002282046951653319 -0.0009697923355245191 0.999996925877543 0.7650794982910156
0.9999275312294075 -0.000857152652597175 0.012008229627743727 0.009636260569095612 0.0008587685610256593 0.9999996228845964 -0.00012941106393579772 -0.013516795821487904 -0.012008114174218636 0.0001397139757529764 0.9999278902370831 0.7574496269226074
0.9998914879616617 -0.001164141637897319 0.014685267313235495 0.011674415320158005 0.0011729033435420244 0.9999991392566282 -0.0005880337998028681 -0.012966562062501907 -0.014684570118358147 0.000605194390189142 0.9998919927373103 0.5973377227783203
0.999981914226139 -0.000920969331514588 0.005943318611478754 0.003278047777712345 0.0009157788994338141 0.9999991969997402 0.0008759845218777152 -0.014769691042602062 -0.005944120593871895 -0.0008705259132427422 0.9999819546446826 0.8421485424041748
0.9999979449288516 -9.98790188180239e-05 0.0020248857387073966 -0.0014586139004677534 9.765840456643387e-05 0.9999993938220938 0.0010967307239384291 -0.01607004925608635 -0.0020249940516550136 -0.0010965307229680893 0.9999973485062169 0.8068241477012634
0.9999695457075128 -0.000519766397232801 0.007787008437301657 0.005013046320527792 0.0005180653511437103 0.9999998415023423 0.00022046220122758417 -0.014873107895255089 -0.0077871217919231175 -0.00021642130794679595 0.9999696564876432 0.8336787223815918
0.9999289352878954 -0.0007797641876795841 0.011896064131780473 0.009407807141542435 0.0007827095514022882 0.9999996641734575 -0.00024293770841085448 -0.0139950942248106 -0.011895870702641531 0.0002522316071325857 0.9999292098140959 0.8042511940002441
0.9998559711159506 -0.0007860780363643377 0.01695343932952925 0.014255977235734463 0.0008022724496321528 0.9999992284015856 -0.0009484488124336134 -0.012703316286206245 -0.016952680693502278 0.0009619134857101722 0.9998558302774205 0.7034313678741455
0.9997935580677434 -0.0004996460704769008 0.020312350923673506 0.01727917231619358 0.0005333690826329827 0.9999984885125592 -0.0016548383664266913 -0.012186804786324501 -0.02031149338832313 0.0016653307183750324 0.999792313388103 0.6763110756874084
0.9997287936595506 -0.0006622085320608245 0.02327875872721774 0.01991971582174301 0.0007099034485103892 0.9999976658779691 -0.0020406557052891033 -0.01081594917923212 -0.023277353052135102 0.0020566279376206475 0.9997269302746689 0.5889490842819214
0.9997555061427029 -0.0005741393056021026 0.022104259802250517 0.019074181094765663 0.0006099271158949789 0.9999985141763018 -0.0016123380854308734 -0.011130349710583687 -0.02210330125254871 0.0016254258661032796 0.9997543708654104 0.5926289558410645
0.9997698336255633 -0.00046238221532899563 0.02144914858452073 0.018487900495529175 0.0004985672703866408 0.999998461658297 -0.0016816990565529247 -0.011659512296319008 -0.02144833800066568 0.001692005829440086 0.9997685261665735 0.6285830140113831
0.9999870976208636 -0.0008053556741510894 0.005015575145424403 -0.0007681723218411207 0.0008096944910941855 0.9999992997279109 -0.0008630982091529307 -0.005617856048047543 -0.005014876532117027 0.0008671481566975233 0.9999870494498625 0.326783686876297
0.9999322888018447 -0.0013002669392350823 0.01156404416243618 0.0075516169890761375 0.0013154238585610042 0.9999982856840565 -0.0013031841851377634 -0.011015365831553936 -0.011562329850699231 0.0013183075645678923 0.999932285004134 0.372863233089447
0.9998526713048556 -0.00022472921774584236 0.017163483950610816 0.014482979662716389 0.0002477268198806743 0.9999990744605486 -0.0013378002349369376 -0.013261774554848671 -0.017163167422329 0.0013418549938711186 0.9998518015732173 0.7484004497528076
0.9999593157949974 -0.0005306755665453537 0.00900472866020472 0.00678371824324131 0.0005338829848236124 0.9999997948998505 -0.0003537926166697315 -0.014068537391722202 -0.009004539064236233 0.0003585856943130233 0.9999593940218476 0.778410017490387
0.9999370847211871 -0.0005008630917215303 0.011206057980246814 0.008657858707010746 0.0005100469323156036 0.9999995364268401 -0.0008166995969445811 -0.013779974542558193 -0.011205643730733973 0.0008223638295579086 0.9999368766408766 0.7599248886108398
0.9999323070913394 -0.0004643276719424474 0.011626075640734129 0.009390412829816341 0.00046928660714499733 0.9999998000770685 -0.00042381116458615396 -0.013318601995706558 -0.011625876529163609 0.00042923843716755153 0.9999323250846991 0.7589610815048218
0.99993437086595 -0.0007183442801544191 0.011434069372341532 0.008812997490167618 0.0007241450877143105 0.9999996112044732 -0.0005031945886053962 -0.013979475945234299 -0.011433703459871979 0.0005114414895488533 0.9999345022814216 0.7601714134216309
0.9999314113640411 -0.0005487321363677787 0.011699207689364954 0.009138127788901329 0.0005576686410527624 0.9999995552412567 -0.0007606069781188057 -0.013728491961956024 -0.011698785116548007 0.0007670790903771982 0.9999312726465082 0.7597939968109131
0.9999116367379416 -0.0006565531739845636 0.013277336102564628 0.01084674522280693 0.0006643990689626255 0.9999996072830708 -0.0005865215950255217 -0.013188203796744347 -0.013276945805715139 0.0005952912178089653 0.9999116802690317 0.7430369257926941
0.9999577640309212 -0.000560478549935446 0.009173658925188934 0.006818854250013828 0.000563532067189267 0.9999997866748035 -0.0003302755770365254 -0.013868018984794617 -0.009173471855839842 0.00033543127850526716 0.9999578665623705 0.7756457328796387
0.9999402890232947 -0.00043187557372557743 0.010919334755313885 0.008378305472433567 0.00044045126991608516 0.9999995964760059 -0.0007829754173426871 -0.013762099668383598 -0.010918992201142735 0.0007877380999753983 0.9999400757435403 0.7550060153007507
0.9999871741462285 -0.0005283787495302449 0.005037098265661904 0.003113209269940853 0.0005276068582820365 0.9999998488697281 0.00015456883339064567 -0.01365333329886198 -0.005037179175290776 -0.00015190924332258716 0.9999873017941469 0.75236576795578
0.9999303235995127 -0.00026763902685476783 0.011801538693105391 0.009201698936522007 0.00027859145607294006 0.9999995320692868 -0.0009264167570974937 -0.013177135027945042 -0.011801285225523645 0.0009296400155609216 0.9999299302633495 0.7340828776359558
0.9999775701501077 -0.0006171788621040935 0.006669204370726346 0.004535879008471966 0.0006173295155600137 0.999999809241358 -2.053087177156294e-05 -0.013392148539423943 -0.0066691904272978995 2.4647507970542165e-05 0.9999777603984724 0.7687761783599854
0.9999510843683608 -0.0006946034950208324 0.009866427748899478 0.007885188795626163 0.0006949141629840398 0.9999997581534653 -2.805917121008191e-05 -0.013383535668253899 -0.009866405872739726 3.491411905876788e-05 0.9999513252234624 0.7264940142631531
0.9998802257427468 -0.0010815693598343944 0.015439053609383812 0.012803692370653152 0.0010889265344323355 0.9999992975456535 -0.00046813160748278624 -0.011801528744399548 -0.015438536447350475 0.0004848875325089846 0.9998807011221111 0.6027820706367493
0.9999026577722229 -0.001321283719177473 0.013889895225617637 0.011243452318012714 0.0013256829991845807 0.9999990739967476 -0.0003075227360811187 -0.012242952361702919 -0.01388947603874502 0.00032590639909395276 0.9999034834624732 0.5994877219200134
0.9999139456688746 -0.0011157772128042474 0.013071201096842622 0.010700973682105541 0.0011168470014195388 0.9999993735477962 -7.454388219489195e-05 -0.012523564510047436 -0.013071109733994783 8.913599912093066e-05 0.9999145654230142 0.6436982750892639
0.9999699363531707 -0.0007513289169697044 0.00771763530460302 0.00564975943416357 0.0007474267252596726 0.9999995913945527 0.0005084919060249067 -0.012871099635958672 -0.007718014195808235 -0.0005027082520213604 0.9999700893233193 0.6981230974197388
0.9999902043876062 -0.0005359441303703028 0.004393619546835465 0.002075264463201165 0.0005334996499916819 0.9999997022727118 0.0005575236415215407 -0.014480024576187134 -0.004393917040258248 -0.0005551741857456148 0.9999901925892406 0.7922302484512329
0.999976723470097 -0.0006135304604314711 0.0067952997272411235 0.004092787858098745 0.0006108146872730274 0.9999997327620683 0.0004017228018982741 -0.01491412241011858 -0.006795544380454895 -0.0003975627823076418 0.9999768309918021 0.8183763027191162
0.9999799336877171 -0.0006555313247955817 0.006300992032301485 0.003446886083111167 0.0006529255178565881 0.9999997004810826 0.0004156031921441942 -0.015051293186843395 -0.006301262585946308 -0.00041148077403505413 0.9999800621879397 0.8514572381973267
0.9999729897812686 -0.0006801024878729136 0.007318276335094021 0.004709839820861816 0.0006765361212343012 0.9999996512033099 0.0004897878469744848 -0.013904408551752567 -0.007318606888436716 -0.00048482353941174075 0.9999731011078988 0.806275486946106
0.9999666498720498 -0.0008422756227367139 0.008123405409330873 0.005457516759634018 0.0008392582650211795 0.9999995775695341 0.0003748417233583784 -0.013947024941444397 -0.008123717697802913 -0.00036801158720904475 0.99996693434245 0.7679368257522583
0.9999735268167991 -0.0008130704275277808 0.007230807842302544 0.004533471539616585 0.0008090095716529593 0.9999995134147774 0.000564511932053841 -0.014429796487092972 -0.00723126331185624 -0.0005586471948708387 0.9999736980262163 0.8611477017402649
0.9999861597214663 -0.0006705808375930392 0.005218303062677178 0.002130569890141487 0.0006669571762579667 0.9999995352903656 0.0006961229616515246 -0.015257476828992367 -0.005218767444400162 -0.0006926329424403003 0.9999861422669656 0.8980590105056763
0.999989010520676 -0.0006297043506152679 0.004645676517985663 0.0012606322998180985 0.0006262515102913236 0.9999995266491675 0.0007446546089673612 -0.016167063266038895 -0.0046461432311977885 -0.0007417370636652192 0.9999889315283461 0.9495282769203186
0.9999949135399547 -0.000571704350297371 0.0031378413526471265 -0.0010033538565039635 0.0005693135962990787 0.9999995470465614 0.000762750746363481 -0.01769476756453514 -0.003138275999270985 -0.0007609604509171935 0.9999947860678797 1.0302361249923706
0.9999899217112186 -0.0005630022711268732 0.004454155860970354 0.0001609433675184846 0.0005594721814235602 0.9999995284799768 0.0007937447339142425 -0.0176406092941761 -0.004454600640834567 -0.0007912447580296578 0.9999897651800561 1.0621178150177002
0.9999807888938724 -0.0006419959361120928 0.006165199462030741 0.002349482849240303 0.0006374922900031985 0.9999995285732411 0.0007324321645519594 -0.016640152782201767 -0.006165666774063861 -0.0007284878265965385 0.9999807267436297 1.0155270099639893
0.9999822227239156 -0.0006614186776904856 0.005925939712027393 0.0018963783513754606 0.0006573352620333133 0.9999995452173551 0.0006909959744543032 -0.017142070457339287 -0.005926394054656568 -0.0006870883612946928 0.9999822027231751 1.0390466451644897
0.9999861156012577 -0.0005416596936085775 0.005241680024964047 0.0008802965749055147 0.0005380317133472948 0.9999996147716456 0.0006935260886092025 -0.01771760731935501 -0.005242053660848943 -0.0006906962693318005 0.9999860218083452 1.07297682762146
0.999986011569519 -0.0004432447658813335 0.005270692493717521 0.001053261337801814 0.0004395849054606816 0.9999996615101195 0.000695517618234073 -0.017393719404935837 -0.00527099899418531 -0.0006931909721726588 0.9999858679280821 1.0313465595245361
0.9999921643228799 -0.0005277031521097408 0.0039233687343944645 -0.0003728652372956276 0.0005246364651053039 0.9999995561198267 0.0007826344800319526 -0.01764550432562828 -0.003923779991570933 -0.0007805700052567465 0.9999919972985009 1.0520501136779785
0.9999985898034166 -0.0005192613114826649 0.0015971095355962327 -0.0029960989486426115 0.000517782560501961 0.9999994370585525 0.0009261661828568191 -0.018779462203383446 -0.0015975895587838401 -0.0009253379213156891 0.9999982957272143 1.0936245918273926
0.9999921833919626 -0.00047679671728831347 0.003925024823537346 -0.00010821875184774399 0.0004741945703083215 0.9999996672099271 0.0006638671134616724 -0.017571663483977318 -0.003925340046988464 -0.000662000698813011 0.9999920766989057 1.0003453493118286
0.9999846705403136 -0.0005499726425209023 0.005509647400021983 0.0016767894849181175 0.0005466624124247405 0.9999996692009481 0.0006022941150704413 -0.017013080418109894 -0.005509976822721888 -0.0005992729650877794 0.9999846403957043 0.9930635094642639
0.9999742898185464 -0.0005466024944288407 0.007149890041573703 0.0037181898951530457 0.0005428131671736888 0.9999997112107423 0.0005319138063848668 -0.016003567725419998 -0.007150178722175657 -0.0005280190763259768 0.9999742977397448 0.9385811686515808
0.9999655715309482 -0.0007573658385713796 0.008263301384479393 0.005230668932199478 0.00075402883550125 0.999999632919259 0.0004069420873913179 -0.015061479061841965 -0.008263606555215866 -0.00040069730947792136 0.9999657755385265 0.8534396290779114
0.9999724713053536 -0.0007237338183973057 0.007384635456408635 0.004292608238756657 0.0007187730763707526 0.9999995142767317 0.0006743971867175904 -0.015179778449237347 -0.007385119953570425 -0.0006690707442984873 0.9999725057958397 0.9066840410232544
0.999982113944713 -0.0005309039609244217 0.005957342666598537 0.003007034305483103 0.0005269838488688779 0.9999996436205684 0.0006595807450491503 -0.015079354867339134 -0.005957690717554239 -0.0006564295243840033 0.9999820373494683 0.8698731660842896
0.9999926968345312 -0.0005811028746752516 0.003777379654031027 0.000528565258719027 0.0005784685660675102 0.9999995887738288 0.000698445625361537 -0.015966547653079033 -0.003777783969434356 -0.000696255429105604 0.9999926217611097 0.9071786403656006
0.9999732614118804 -0.0005985799551955318 0.007288220861423345 0.004144123289734125 0.0005954568351209418 0.9999997299735521 0.0004306785122062535 -0.015436189249157906 -0.007288476688935493 -0.00042632717554309796 0.9999733478211781 0.8898677229881287
0.9999689320664956 -0.0007346214455377198 0.007848263064165898 0.004714485723525286 0.0007319047434609881 0.999999671250253 0.00034901981694847545 -0.015211977064609528 -0.007848516881493848 -0.00034326479265941805 0.9999691409998828 0.8545373678207397
0.9999770879323527 -0.00071056575566683 0.006731917010644146 0.0032833050936460495 0.0007068887760454011 0.9999995996924806 0.0005485646145415713 -0.01628945581614971 -0.006732304107037013 -0.0005437933292159206 0.9999771899249628 0.9637143611907959
0.9999886184024303 -0.0004841056732094668 0.004746441540359924 0.0005882036639377475 0.0004811476123992616 0.9999996893490977 0.0006243385967442683 -0.017497697845101357 -0.004746742311730263 -0.0006220477517590759 0.9999885406813523 1.028058648109436
0.9999864896395773 -0.0004984604037817177 0.005174173899446543 0.0013137939386069775 0.0004953357972094514 0.999999694218503 0.0006051490302216737 -0.01679868996143341 -0.005174473960109854 -0.0006025779008867832 0.9999864307674928 0.9791154861450195
0.9999660767230257 -0.0008196607853968391 0.008195947739988657 0.004681572783738375 0.0008165083371396601 0.9999995913951972 0.00038797367665041474 -0.016362706199288368 -0.008196262397893566 -0.00038126845565146137 0.9999663373919492 0.974047064781189
0.9999874605843598 -0.0004455738382295174 0.004987999398341105 0.0010541013907641172 0.00044333002182568804 0.999999800055968 0.0004509395919648838 -0.017157701775431633 -0.004988199327905195 -0.0004487226075637785 0.9999874581790945 0.9931858777999878
0.9999967268836871 -0.0005892590537420984 0.002489778239221546 -0.0011530367191880941 0.0005866761355467743 0.9999992891708882 0.0010380119608050101 -0.017087439075112343 -0.002490388127360488 -0.0010365478697953732 0.9999963617611262 1.003348708152771
0.9999973941455261 -0.0005908021374411979 -0.002205142850592249 -0.0069193001836538315 0.0005936249042247896 0.9999990050541238 0.001279648481218213 -0.019579041749238968 0.0022043846375365867 -0.001280954174353978 0.999996749917105 1.0913195610046387
0.9999994206155249 -0.0003939789594213137 0.0010017730250805826 -0.0037841659504920244 0.00039290141709475074 0.9999993443514149 0.0010756045818964331 -0.019020836800336838 -0.0010021961338434406 -0.0010752103606666756 0.9999989197622113 1.0817365646362305
0.9999988603344037 -0.0006781121151330744 0.0013488861529120737 -0.0030236856546252966 0.000676533059136337 0.9999990858244904 0.0011707489926351673 -0.018656253814697266 -0.0013496788188690728 -0.0011698350922973622 0.9999984049251994 1.1031502485275269
0.9999997023141399 -0.00046150741215765425 -0.0006183708761173321 -0.005950484424829483 0.0004622905087065594 0.9999990906982171 0.0012668426203848535 -0.020416710525751114 0.0006177856565722471 -0.0012671281102506079 0.9999990063631239 1.2016210556030273
0.9999998998881089 -0.00043820541763964064 -9.055266171342358e-05 -0.005377243272960186 0.0004383057135161671 0.9999992872701391 0.0011105617117826668 -0.020240657031536102 9.006594301511126e-05 -0.0011106012903512364 0.9999993792262575 1.1754333972930908
0.9999983887767258 -0.0005174341936061236 0.0017189257715022092 -0.0032204410526901484 0.0005155163823128101 0.9999992444387262 0.001115959155346257 -0.019413217902183533 -0.0017195019081741078 -0.0011150712228917036 0.9999978999624729 1.155407428741455
0.9999945930674676 -0.0005529167731280273 0.003241622876186573 -0.0014558194670826197 0.0005499389058529481 0.9999994260855178 0.0009194540958456107 -0.01890445314347744 -0.0032421293973639736 -0.0009176664298816301 0.999994323226534 1.1278553009033203
0.9999975638127331 -0.0005751043177944131 0.002131108543246163 -0.00267645507119596 0.0005729356098532496 0.9999993175941876 0.001018113916322113 -0.01925511099398136 -0.002131692610674589 -0.0010168904480330654 0.9999972109063259 1.1463124752044678
0.9999857041908027 -0.0005892382103779208 0.005314528422715956 0.001018390990793705 0.0005872113777764657 0.9999997542743893 0.00038292813782922475 -0.018403030931949615 -0.005314752752690852 -0.0003798019120042948 0.9999858044760862 1.0804840326309204
0.9999734602244169 -0.0003651915665340011 0.007276364609219216 0.003508844180032611 0.0003656029343304866 0.9999999316434638 -5.520472948503574e-05 -0.017195995897054672 -0.007276343951530495 5.786352461629313e-05 0.9999735253848032 1.0617519617080688
0.999986755645164 -0.0005956597610075841 0.005112115384843257 0.001096572377718985 0.0005930015487232581 0.9999996882023534 0.000521482846386411 -0.01757192611694336 -0.005112424417245359 -0.0005184444473420886 0.9999867970788079 1.0649322271347046
0.9999947208818157 -0.0005759937484398276 0.0031978805014301246 -0.0007280504796653986 0.0005739942232507518 0.9999996392343778 0.0006261483419342473 -0.017396725714206696 -0.0031982400052753255 -0.0006243094714886822 0.9999946907351822 1.022959589958191
0.9999975443841411 -0.0005180651702548539 0.0021547236869382783 -0.0016018026508390903 0.0005170567784820845 0.9999997565697035 0.0004685219543258697 -0.017579417675733566 -0.002154965887319288 -0.0004674066893278411 0.9999975688235504 0.984826922416687
0.999999077022697 -0.0006771504398535644 0.0011778883802417309 -0.002392505994066596 0.0006764282410773868 0.9999995830800239 0.0006134204213796243 -0.017667720094323158 -0.0011783032670646878 -0.0006126230982412657 0.9999991181467865 1.0016515254974365
0.9999984388712475 -0.00029041888151565834 -0.0017429606826291355 -0.007191002368927002 0.0002913604493243706 0.9999998117641754 0.0005399821316424657 -0.021504176780581474 0.0017428035335347839 -0.0005404891184684798 0.9999983352522925 1.1580250263214111
0.9999885598766022 -0.0001737280396920503 -0.004780160508515407 -0.012164902873337269 0.0001747781703922245 0.9999999606869837 0.0002192683790102427 -0.027926333248615265 0.0047801222275272275 -0.0002201013382607891 0.9999885509279046 1.3945746421813965
0.9999975810007498 -0.0004188938367386469 -0.002159287058834959 -0.007628008723258972 0.00042135718702469193 0.9999992608725278 0.001140487842592309 -0.021036988124251366 0.0021588077195184357 -0.0011413949148741623 0.9999970183789941 1.1835981607437134
0.9999987074845774 -0.0006149121480464233 0.0014855679805690636 -0.0030863319989293814 0.0006139344660388947 0.9999995947399769 0.0006584864111088741 -0.018672142177820206 -0.0014859722898212637 -0.0006575735186201169 0.9999986797408393 1.0924293994903564
0.9999998265173267 -0.0004734933821119296 0.00035038455110556426 -0.0037397367414087057 0.0004732006996427156 0.9999995394865382 0.0008349298230665708 -0.01853170618414879 -0.0003507797234945116 -0.000834763876005986 0.9999995900613444 1.043306827545166
0.9999973882874349 -0.000835024693798783 -0.0021274755157585493 -0.00554416049271822 0.0008375240323096341 0.9999989599376796 0.0011741707944601901 -0.01646721363067627 0.0021264928414433163 -0.0011759495397361708 0.9999970475810793 0.9587723612785339
0.999997764165646 -0.0006334744731538228 -0.0020175167411868745 -0.0056389449164271355 0.0006355114204758982 0.9999992888705598 0.001009149943885376 -0.015365183353424072 0.0020168760357422875 -0.0010104298425232887 0.999997455618058 0.8855632543563843
0.9999982791221412 -0.0004981102740968319 -0.0017870755191484735 -0.0052719721570611 0.0005000783608242444 0.9999992688476033 0.00110101130426322 -0.016386382281780243 0.001786525787481374 -0.001101903087353529 0.999997797065172 0.9188348054885864
0.9999946564522496 -0.0004644148608624306 -0.003235952067717549 -0.00705973245203495 0.00046739653715379456 0.9999994669015969 0.0009207263433204994 -0.01910969242453575 0.003235522743640043 -0.0009222338961661655 0.9999943404225928 1.01792573928833
0.9999874663711626 -0.0006821704433570924 -0.004960014523070832 -0.010136586613953114 0.0006892453398067213 0.9999987474181441 0.0014248168318479705 -0.021576400846242905 0.004959036342316751 -0.001428217640618039 0.9999866839878052 1.1660842895507812
0.999983348482202 -0.0007975259576565088 -0.005715479915985176 -0.011145525611937046 0.0008064695738741904 0.9999984538303407 0.0015626719920189634 -0.022607941180467606 0.005714224807406602 -0.0015672553318108067 0.999982445518708 1.1925954818725586
0.9999828370170278 -0.0007797307518061214 -0.005806693666039472 -0.012013912200927734 0.0007904699182292483 0.9999979811689113 0.0018473806890831634 -0.02407658100128174 0.005805241483772204 -0.00185193899918723 0.9999814345742918 1.2596855163574219
0.9999880619918103 -0.0003835410467014644 -0.004871218546619934 -0.011581589467823505 0.0003907942892506781 0.9999988163661988 0.001488135082948634 -0.02507251873612404 0.004870642019993662 -0.0014900209619695376 0.99998702825779 1.3046844005584717
0.9999947943678426 -0.000555270174127955 -0.0031785078653898493 -0.008865258656442165 0.0005601397796544726 0.9999986705948776 0.001531356230664806 -0.022018462419509888 0.003177653323424358 -0.0015331286676829163 0.9999937759985533 1.1601518392562866
0.9999987501813535 -0.0002706402838980026 -0.001557687249698722 -0.006434658542275429 0.00027281497767163725 0.9999989882921508 0.0013960611244065245 -0.02157379314303398 0.0015573078433952564 -0.0013964843399955453 0.9999978123094917 1.0964725017547607
0.9999971598371452 -0.00019924734735805698 -0.0023749985553338402 -0.007276930846273899 0.00020181955891906614 0.9999993933558136 0.0010828466514490043 -0.021636836230754852 0.0023747813602318767 -0.001083322897149038 0.9999965934066934 1.0999679565429688
0.9999960168418743 -0.00047481227942172374 -0.0027822389697712622 -0.007868516258895397 0.00047856475541404426 0.9999989766458203 0.0013482147777785737 -0.02106468752026558 0.0027815959736235967 -0.0013495408891379987 0.9999952207201932 1.0889732837677002
0.9999971567541607 -0.0002552912027980348 -0.002370930196453151 -0.006737157702445984 0.00025775042546263144 0.9999994291060295 0.0010369919640225217 -0.020185470581054688 0.00237066410797761 -0.0010376001238663127 0.9999966516632294 1.0383210182189941
0.9999970314492178 -0.00042529021676185005 -0.0023992125756364746 -0.007095698267221451 0.0004287271692267314 0.9999988824958035 0.0014322011584147385 -0.02083493582904339 0.002398600793365245 -0.0014332255144687955 0.9999960962818096 1.0779365301132202
0.999998755810488 -0.00028758493928325514 -0.0015510230102871781 -0.006366233341395855 0.00028972205254224363 0.9999990088296036 0.0013778247139814527 -0.021258123219013214 0.001550625231322373 -0.0013782723652764751 0.9999978479610239 1.08294677734375
0.9999928048042336 -0.00020112513508335655 -0.0037881246603215556 -0.009439841844141483 0.00020488562351396892 0.9999994866388874 0.000992342603621042 -0.023996742442250252 0.0037879231306054634 -0.00099311159580472 0.9999923326544633 1.2008349895477295
