0.9997786869258584 0.00221662840872229 -0.02092041412840766 -0.036352429538965225 -0.002118433159238368 0.9999866416079869 0.004714747769433027 -0.0145419305190444 0.020930585509160344 -0.004669385835115753 0.9997700272693548 0.8463045358657837
0.9990102726545336 0.0033517746438551867 -0.04435358765027859 -0.06156311184167862 -0.003360341368200873 0.9999943470052839 -0.0001185890577623721 -0.014146816916763783 0.04435293943588512 0.00026751488233838617 0.9990158883617337 0.9442355632781982
0.9998539912016031 0.001332383448166668 -0.017035874869575345 -0.02288408949971199 -0.0013127481796367344 0.9999984612294466 0.0011637142931373592 -0.020711643621325493 0.017037399168935315 -0.0011411805668881865 0.9998542017396698 0.943958580493927
0.9998352110735276 0.001311201154655227 -0.01810611634466774 -0.0240287184715271 -0.0012805066506027653 0.999997723658664 0.0017067455018573215 -0.018405931070446968 0.01810831301563941 -0.0016832792467023742 0.9998346141091062 0.8492825031280518
0.9997215724031694 0.0020213101685647855 -0.0235094018838637 -0.03165923058986664 -0.0019611391962827155 0.9999947430299094 0.0025822171864827072 -0.01662081480026245 0.023514497757497633 -0.002535393016441372 0.9997202809673638 0.8041257858276367
0.9998617719299401 0.0013819720725890528 -0.016568861949785667 -0.022305160760879517 -0.0013549253033973618 0.9999977315401779 0.0016434998997432743 -0.01850474625825882 0.016571095634950784 -0.0016208231516197267 0.9998613762526126 0.8602349758148193
0.9999617106050088 0.0003841207548237528 -0.008742412433105886 -0.01124013401567936 -0.00037467930371610917 0.9999993449088439 0.0010815716817000013 -0.023027509450912476 0.008742822160159588 -0.0010782546679714343 0.9999611994610326 1.0804951190948486
0.9999544460363579 0.00037406097853491744 -0.00953760612025578 -0.012154119089245796 -0.0003645614985014234 0.9999994358230416 0.0009977216607789427 -0.023081229999661446 0.009537973948098905 -0.0009941991666233658 0.9999540182533309 1.018841028213501
0.9977671166267632 0.004139203625237663 -0.06666069285316546 -0.08862978219985962 -0.003815751546547768 0.9999803255635056 0.004978807692665043 -0.009687905199825764 0.06667998964044809 -0.004713329953901136 0.9977632802936254 0.3664228320121765
0.9987969652842222 0.004001909890939157 -0.04887337574030224 -0.06417020410299301 -0.003779067305716045 0.9999820425972635 0.004651143225412021 -0.013569210655987263 0.04889111155748894 -0.004460851962263644 0.998794152971694 0.5785964727401733
0.9997792165645776 0.0011951516989195687 -0.020978315898460227 -0.025939565151929855 -0.0011368787119534012 0.999995463146949 0.002789478860432003 -0.024302298203110695 0.02098155457332289 -0.002765013188948566 0.9997760394557129 1.0571873188018799
0.9997768056163006 0.0016681629555636499 -0.021060773585498262 -0.027493096888065338 -0.0016176515078462506 0.9999957750581112 0.0024151748439197544 -0.020797692239284515 0.021064713510159563 -0.0023805667983119493 0.9997752801237154 0.9843038320541382
0.9997830221092594 0.0018798034295591443 -0.020745482427320085 -0.028434161096811295 -0.0018397713928906742 0.9999964091092306 0.0019485917648617904 -0.015415379777550697 0.02074907090204113 -0.0019100020184292367 0.9997828904062079 0.7227005958557129
0.999916524746208 0.0006840411211437601 -0.012902543439596452 -0.017377927899360657 -0.0006733897399135797 0.9999994289457625 0.0008298520392638674 -0.029345011338591576 0.012903103724463669 -0.0008210943267832665 0.999916414365912 1.3449808359146118
0.9994633708996987 0.0024061692329204842 -0.03266772994001463 -0.042405497282743454 -0.002305265738886796 0.9999924566125806 0.0031260946577525337 -0.017695512622594833 0.03267500542745626 -0.0030491093057909654 0.9994613784197752 0.7699849605560303
0.9999309324729627 0.000654172560592277 -0.01173466412012352 -0.01495495904237032 -0.0006389654076585127 0.9999989513555891 0.0012996195326785086 -0.02204192616045475 0.011735501990071064 -0.001292031726728047 0.9999303018946161 0.964633584022522
0.9998019403158777 0.001523854335870342 -0.019843336628937544 -0.026087459176778793 -0.0014873841285598917 0.999997177895224 0.0018525361108330124 -0.01905430480837822 0.01984610362414732 -0.0018226545341565226 0.9998013853268003 0.8581571578979492
0.9994096381506355 0.002827712729768016 -0.03424002354458101 -0.0447179414331913 -0.00271737447704997 0.9999909660241423 0.003268600014409517 -0.016878962516784668 0.0342489568829042 -0.0031736273915865436 0.9994082934624928 0.7645571231842041
0.9994590078650275 0.002638348330431272 -0.03278308581482474 -0.04272400215268135 -0.0025292824726960246 0.9999911298865912 0.003367918988311615 -0.018231647089123726 0.03279168076857551 -0.0032831792862753877 0.9994568156784693 0.8302024602890015
0.9998986442119879 0.0007766284625666556 -0.014216122933454898 -0.018267830833792686 -0.000752631198065144 0.9999982831328248 0.0016933037772985152 -0.022795191034674644 0.014217413594169299 -0.0016824326535245762 0.9998975120336375 1.0505226850509644
0.9999646891471375 7.16524537886701e-05 -0.008403292497234545 -0.010401569306850433 -6.214242356548568e-05 0.9999993574039151 0.0011319585132498432 -0.025443483144044876 0.008403368204916748 -0.001131396341867628 0.9999640510264005 1.1554419994354248
0.9999328938020956 0.0005071238528841662 -0.011573708047316774 -0.014912194572389126 -0.0004913284436206381 0.9999989441750584 0.001367569058125578 -0.0224668700248003 0.011574389354396995 -0.001361790793803908 0.9999320872123799 0.9851351976394653
0.9998452051258625 0.0016777142238112684 -0.017514310200663772 -0.02341180294752121 -0.0016423995332478683 0.9999965897448863 0.002030522684106259 -0.018600765615701675 0.017517657109186745 -0.0020014428747042105 0.999844550875697 0.8347185254096985
0.9999619161706971 0.00048321972137210236 -0.008713937510033031 -0.011627079918980598 -0.0004713460597354827 0.9999989578384267 0.0013646079849419393 -0.024845637381076813 0.008714587834192471 -0.0013604487353342401 0.999961101812525 1.1640057563781738
0.999988065820411 -0.00023398842580948226 -0.004879904319766408 -0.005751969292759895 0.00023741643058867968 0.9999997254804464 0.0007019063118515324 -0.02756679616868496 0.0048797387421842765 -0.0007030565046407652 0.9999878468568303 1.2354400157928467
0.9999836700636134 0.0003099329583142173 -0.005706447902831082 -0.008172811008989811 -0.0003063824297664432 0.9999997589632527 0.0006230595825410022 -0.019375108182430267 0.005706639634067064 -0.0006213010526438492 0.999983523988815 0.9176720976829529
0.9999823702268318 0.0007277658682159913 -0.0058931818543411325 -0.009610776789486408 -0.0007249112871659717 0.9999996189064254 0.0004865086120787324 -0.01639750599861145 0.005893533672849858 -0.0004822280009987236 0.9999825167056682 0.8012310862541199
0.9999477654156769 0.0007525355698677945 -0.010193141341617874 -0.014074813574552536 -0.0007429716847270471 0.9999992802945746 0.0009420209170185508 -0.01901833526790142 0.010193842909806365 -0.0009343984955522841 0.9999476048604653 0.8825064301490784
0.9999091906905692 0.00114144658591137 -0.013427861788930427 -0.017463698983192444 -0.0011224510982614933 0.9999983588893899 0.0014220837032012388 -0.021167472004890442 0.013429462984911874 -0.0014068824465499098 0.9999088309469611 0.9347498416900635
0.999825281409055 0.0016113954942016968 -0.018622837051992577 -0.024922672659158707 -0.0015782347360115087 0.9999971431941613 0.0017952099136157675 -0.019927188754081726 0.0186256766433289 -0.0017655050487506733 0.999824968262696 0.8627384305000305
0.9996916577057144 0.00203551539713909 -0.02474765020498689 -0.0325949527323246 -0.0019745444386471476 0.9999949557665341 0.002487893837574539 -0.017954915761947632 0.02475258951827436 -0.0024382613795988807 0.9996906342432064 0.7995078563690186
0.9997717529269166 0.001741854874713069 -0.021293379042220822 -0.02826729789376259 -0.0016963345442486837 0.9999962378153421 0.002155644747054072 -0.017684392631053925 0.02129705375290768 -0.0021190320330168495 0.9997709463695614 0.8053608536720276
0.9994791359994742 0.0026764048575781377 -0.032160434679632185 -0.04288479685783386 -0.002578935000235328 0.9999919564243943 0.00307183671064842 -0.014522543177008629 0.03216839747343839 -0.002987297030872264 0.9994779988876396 0.6732717156410217
0.9997888435789856 0.001582143234901509 -0.02048816921491169 -0.02691054716706276 -0.0015310428385066689 0.999995678930356 0.002509587305268466 -0.019584521651268005 0.020492051210683062 -0.002477689125044259 0.9997869457508326 0.8978500366210938
0.9997849317337911 0.0014028607436569111 -0.020691115479652893 -0.02706754207611084 -0.0013603666483408877 0.9999969370698433 0.0020676686179671696 -0.020635373890399933 0.020693952755346353 -0.002039076424646919 0.9997837778673415 0.8918585777282715
0.9990215735903547 0.003309239034230383 -0.044101524214767665 -0.05753584951162338 -0.0031225191769399603 0.9999858708938804 0.004302079334136552 -0.015661291778087616 0.04411513770851287 -0.0041601622110067505 0.9990177914708712 0.6591283679008484
0.9990939494879086 0.0034311476835388066 -0.04242060021058229 -0.055528976023197174 -0.0032545764478035147 0.9999857541206421 0.004230755005482787 -0.015264881774783134 0.04243451223706608 -0.004088860641396486 0.9990908834484767 0.6464928388595581
0.9997098313637133 0.002048013169478308 -0.024001223235364782 -0.03187605366110802 -0.0019861079248738264 0.9999946403687248 0.002602807932933915 -0.017068911343812943 0.024006425182582353 -0.002554383660031075 0.999708540862821 0.7829266786575317
0.9998348639605323 0.0015340254738963246 -0.01810777664069611 -0.024354759603738785 -0.0015004632276852986 0.9999971316206167 0.0018669120604676535 -0.01746189035475254 0.018110588591381194 -0.00183943371301945 0.9998342978036358 0.8077402710914612
0.9997170863814895 0.002090102500504953 -0.023693430913299132 -0.03242126479744911 -0.0020402800195281844 0.9999956570306294 0.002126776274534522 -0.014041772112250328 0.023697773193863805 -0.002077833346876455 0.9997170090351745 0.6765923500061035
0.9998311764556268 0.001613937056237322 -0.018303382051848918 -0.025088369846343994 -0.0015831356609760678 0.9999973066099892 0.0016971901031635165 -0.01571914367377758 0.01830607191170151 -0.001667926840672074 0.9998310386016319 0.7473858594894409
0.9997057426240603 0.0019518827392413242 -0.024178881658354173 -0.03214571252465248 -0.0018966354093052171 0.9999955387218556 0.0023076634308965135 -0.016961317509412766 0.024183278078056616 -0.002261125860800151 0.9997049846685978 0.7648122310638428
0.9997488335944419 0.0019595513733114385 -0.02232554332974311 -0.030266553163528442 -0.001910382050271119 0.9999957032466539 0.0022234946935456973 -0.015512324869632721 0.022329804454470394 -0.0021802859091360504 0.999748281412066 0.7336837649345398
0.9998981982666568 0.0013652106031236864 -0.014203144127366426 -0.020146362483501434 -0.001348113043385371 0.9999983552560824 0.00121329153647293 -0.014913097955286503 0.014204777165301783 -0.0011940205774362811 0.9998983941483979 0.7286787033081055
0.9999835377741074 0.000490086434624402 -0.005716991872214898 -0.008307566866278648 -0.00048726811562081225 0.9999997590915215 0.0004943548143102797 -0.019563281908631325 0.005717232771531469 -0.0004915609682730617 0.9999835356730883 0.9224339127540588
0.9997928977496131 0.0017939691752989668 -0.020271736088192688 -0.027709878981113434 -0.0017584797846112042 0.9999968902975019 0.0017683733125782516 -0.014781055971980095 0.020274845456337523 -0.0017323596403756325 0.9997929433496706 0.704506516456604
0.9999264743234598 0.0008487597806748415 -0.012096509988014894 -0.018196914345026016 -0.0008366872930358417 0.9999991469323507 0.0010030398520551422 -0.013136673718690872 0.012097351008758389 -0.0009928451066743697 0.999926331465056 0.663965106010437
0.9998467717680952 0.0020344729260193487 -0.017386601301902775 -0.025096047669649124 -0.002004486868461641 0.9999964738714262 0.0017419176524170413 -0.013389119878411293 0.017390083878814327 -0.0017067995274581958 0.9998473242540885 0.6488969326019287
0.999657780925887 0.0019138779619983757 -0.02608942516573349 -0.03658181428909302 -0.0018593644414719513 0.999996037750917 0.0021135861327925658 -0.011955312453210354 0.026093366938852884 -0.002064353073851535 0.9996573786293889 0.545508623123169
0.9997765914322101 0.002093352696329994 -0.021032952685745208 -0.0303175151348114 -0.002052779911142101 0.999995990978546 0.0019504157178921293 -0.011791111901402473 0.021036951272188662 -0.0019068039555646995 0.9997768804987676 0.5839886665344238
0.9999274858698736 0.0012566609585471361 -0.01197680279495727 -0.017827531322836876 -0.0012439782600481917 0.9999986577288792 0.001066329465325429 -0.014136280864477158 0.011978126733448781 -0.0010513532590700114 0.999927706954999 0.7061444520950317
0.9999854801898048 0.0006776241158026757 -0.005346048552289267 -0.009182163514196873 -0.0006752084163315081 0.9999996691438267 0.0004536582766451715 -0.015046626329421997 0.005346354193304688 -0.00045004199263647853 0.9999856068759414 0.7516129016876221
0.999974035364001 0.0008940376962878621 -0.007150475119403558 -0.01168067567050457 -0.0008905058159203037 0.9999994799428602 0.0004971050198595842 -0.014231161214411259 0.007150915831374689 -0.0004907245730282681 0.9999743114661326 0.7234174609184265
0.999993526399521 0.0005430929006297793 -0.003556994398681532 -0.006954376120120287 -0.0005424237949321553 0.9999998350141167 0.000189071855201754 -0.015355801209807396 0.003557096495409938 -0.0001871412328258163 0.9999936560012177 0.773268461227417
0.99999549706411 0.000491678995879628 -0.002960422819185812 -0.006350629031658173 -0.000491174611003591 0.9999998647360352 0.0001711005921478585 -0.014757257886230946 0.002960506545314626 -0.00016964573716624158 0.9999956033009939 0.7429535984992981
0.9999884805737621 0.0006587132964851683 -0.004754452289342516 -0.008236568421125412 -0.0006575285142398239 0.9999997523895456 0.0002507530667490793 -0.016123149544000626 0.004754616286469627 -0.00024762399026778746 0.9999886660889352 0.7795683741569519
0.999854904133434 0.0015835206240135589 -0.016960635092913186 -0.0236816443502903 -0.0015595293093518545 0.9999977648220862 0.0014276621326563693 -0.014776865020394325 0.016962857915307404 -0.0014010043772494484 0.9998551388266603 0.7002289295196533
0.9992683953552033 0.0026392097181589095 -0.0381537497017079 -0.05177420377731323 -0.0025226087909516934 0.9999920010973192 0.0031038985593777675 -0.012006282806396484 0.03816163635281922 -0.0030053807483694504 0.9992670599981931 0.5303537845611572
0.9990472786623295 0.0033290330093702033 -0.04351382006462258 -0.05774502828717232 -0.003155055347282457 0.9999867554009227 0.004066281900056951 -0.013857204467058182 0.0435267805281922 -0.003925119355850209 0.9990445499650619 0.6144036650657654
0.9997053624159743 0.002069425576386608 -0.024184826535027844 -0.032850898802280426 -0.0020078544008005346 0.9999946821409437 0.002569865859994533 -0.015460689552128315 0.024190016069667582 -0.0025205490705353206 0.9997042012290097 0.7272711396217346
0.9997577900399034 0.0013939763556054846 -0.021964017948646 -0.029774300754070282 -0.00135281601828294 0.9999973012781149 0.0018887364315056962 -0.017080090939998627 0.021966591527797567 -0.0018585656854232058 0.9997569777652187 0.7422770261764526
0.9993945206103113 0.002435977877722225 -0.034708186150610464 -0.04722291976213455 -0.0023404591289571644 0.9999933623111574 0.0027924155657776633 -0.012400690466165543 0.03471475803101414 -0.0027094917245793983 0.9993935882471143 0.5507466793060303
0.999322416399554 0.0033136393532532406 -0.03665689397088562 -0.049000196158885956 -0.003197380988806162 0.9999896728548003 0.0032296963574917747 -0.012902597896754742 0.03666721745876826 -0.003110301912314326 0.9993226912193306 0.6044623851776123
0.9994145770838575 0.002762264648878119 -0.034100923833583596 -0.0449984148144722 -0.0026512919239355358 0.9999910434723521 0.0032990341329623206 -0.014820747077465057 0.03410973121307739 -0.0032066912988210267 0.9994129493695214 0.6586412191390991
0.9983515707062367 0.0031902919901473474 -0.057305874964156955 -0.07650046795606613 -0.002952096225483358 0.9999866505235182 0.004240743169599842 -0.011379308998584747 0.0573186391696931 -0.004064580147152038 0.9983476612843654 0.422110915184021
0.9977943700959573 0.00460163548738781 -0.06622099331521068 -0.08840296417474747 -0.004260220464903604 0.9999769012804174 0.00529598217565716 -0.00822916068136692 0.06624383387457568 -0.005002185168071547 0.9977909263052767 0.2966122031211853
0.9930163936403544 0.005659222725351946 -0.11784063458607576 -0.16175015270709991 -0.0046760276598552765 0.9999519292197214 0.00861823735348196 0.002124713733792305 0.11788374241950601 -0.008007024909511863 0.9929951212494801 0.02525937557220459
0.9917416682666073 0.011184577651876271 -0.12776293925280666 -0.15730918943881989 -0.009648846180258732 0.9998736482816823 0.01263278430390499 -0.026089195162057877 0.12788808854290115 -0.011295693632018872 0.9917242782720483 0.5682438015937805
0.9971456101107158 0.00418323750860339 -0.07538655557110074 -0.09905126690864563 -0.0037510101442131422 0.999975711795088 0.005874158901888428 -0.012249470688402653 0.07540929756884132 -0.0055746160274263434 0.997137082600141 0.4053558111190796
0.9989508299507159 0.003281705379096714 -0.04567789126678916 -0.06004276126623154 -0.003077962863820586 0.9999850023356547 0.004530038451235318 -0.015229016542434692 0.045692072456660876 -0.004384690817553365 0.9989459489887577 0.6162037253379822
0.9995700110682096 0.002046987701539268 -0.029250689127763883 -0.040157999843358994 -0.0019756652533766427 0.9999950052921255 0.002467009851758127 -0.013055332936346531 0.029255592967942685 -0.0024081594946802087 0.9995690626704802 0.5982363224029541
0.9992465796558959 0.002452119608506038 -0.038733191908474254 -0.052532345056533813 -0.0023368496028775675 0.9999927063371851 0.0030209942677402427 -0.012294149957597256 0.03874031724091384 -0.002928204545070007 0.9992450217230084 0.5342304110527039
0.9986173795546649 0.003000142610576051 -0.05248169581569169 -0.06983309239149094 -0.0027894853039769937 0.9999877587186945 0.004086708272077547 -0.012889723293483257 0.05249331408011387 -0.0039346609864607885 0.9986135240521271 0.4885958433151245
0.9991674493220825 0.0025972654955280926 -0.04071440073425844 -0.05326150730252266 -0.0024288709998222468 0.9999882934734335 0.004184913590105485 -0.017657632008194923 0.040724793441713945 -0.004082539410240434 0.9991620609646334 0.7246170043945312
0.9997575072651819 0.0016503869346020938 -0.021959118604267195 -0.029072560369968414 -0.0015888386987958098 0.9999947615618179 0.002820007183055746 -0.018865220248699188 0.02196365767579225 -0.002784433854371813 0.9997548922959124 0.8207582831382751
0.9987692154229024 0.0028115491692993853 -0.049519183300899786 -0.06557611376047134 -0.002595682562155725 0.9999868495746245 0.004423020444617926 -0.014877894893288612 0.049530967642032006 -0.004289040578684167 0.9987633790720193 0.5939452052116394
0.9988398412048919 0.0030518001168319524 -0.04805890279472646 -0.06386902183294296 -0.0028478509486335206 0.9999866496907746 0.004311633703612766 -0.014154233038425446 0.04807141943775354 -0.004169766931935987 0.998835197456003 0.5707924365997314
0.9980602741801191 0.0033369435146035817 -0.06216553636449723 -0.08185823261737823 -0.0030210227523241426 0.9999820450588921 0.00517522766318509 -0.013681146316230297 0.06218168962834013 -0.004977385640695469 0.9980524350489549 0.5290965437889099
0.9997686506794089 0.001488149218823205 -0.02145764503800179 -0.0287417471408844 -0.0014224447158935377 0.999994254364527 0.0030769934943185007 -0.02181668020784855 0.021462100775660183 -0.003045759320164301 0.9997650231831774 0.9655346870422363
0.9999940339093282 0.00015600550980054173 -0.003450769194037258 -0.005965224467217922 -0.0001543952310611899 0.9999998790809609 0.00046690489008866437 -0.021375492215156555 0.0034508416165089694 -0.0004663693221847027 0.9999939370775172 1.0100563764572144
0.9999875402827397 9.227682885841063e-05 -0.004991068449030865 -0.007170226890593767 -8.876915919525507e-05 0.9999997489510617 0.0007030062944662598 -0.021105889230966568 0.00499113206721995 -0.0007025544822568921 0.9999872974282659 0.9607315063476562
0.9994465989697262 0.0031107980401530446 -0.033118253930431774 -0.04474732279777527 -0.0029956503701904415 0.9999892969414519 0.003525915682497741 -0.014720974490046501 0.0331288678754158 -0.00342475372747963 0.9994452206975624 0.7054827213287354
0.9995181514267633 0.0018306375870718848 -0.03098570209710734 -0.040446288883686066 -0.0017191553286056173 0.999991955097111 0.003624120033007055 -0.02057962492108345 0.030992087270495502 -0.0035691045210690837 0.9995132575506618 0.8536583185195923
0.998830371689782 0.0022733182725952344 -0.04829824649077195 -0.062278300523757935 -0.002023936788737149 0.999984371107512 0.005211642791742012 -0.021771719679236412 0.0483093393654589 -0.005107794508885879 0.9988193621297736 0.8272125720977783
0.9990614307238769 0.002539462875644218 -0.043241285460347556 -0.05667652189731598 -0.002328758146226349 0.9999851731085782 0.004922443346886585 -0.018528802320361137 0.04325314468863997 -0.004817124797028658 0.9990525315433785 0.753728985786438
0.9986008166666711 0.004757057868644439 -0.05266668162217665 -0.07102149724960327 -0.004525602938770944 0.9999795752218791 0.004513098393636519 -0.011919291689991951 0.05268707498711557 -0.004268435252457833 0.9986019490216297 0.5166898965835571
0.9995345594318608 0.0024036497067405826 -0.03041195438381954 -0.03986634314060211 -0.002283493182722306 0.9999894523516387 0.003985077709940776 -0.01966003328561783 0.030421212340087555 -0.003913777402598668 0.9995295054105218 0.8772632479667664
0.99989504521348 0.0006696231412789014 -0.014472393111756868 -0.018702808767557144 -0.0006379024057184587 0.9999973846368858 0.0021963150750631266 -0.023885324597358704 0.01447382596459355 -0.0021868525869008 0.9998928572790736 1.0769829750061035
0.9997567711361003 0.001272874828424449 -0.022017682829726274 -0.028359342366456985 -0.0012139729058317631 0.999995649461222 0.0026883690990479932 -0.022118305787444115 0.02202100899829901 -0.002660986339681804 0.9997539668910531 0.9533343315124512
0.999892022788289 0.0010094849759432207 -0.014660276410317214 -0.019794709980487823 -0.000981745308209309 0.9999977145313328 0.0018992388635336473 -0.01972373202443123 0.01466216015781329 -0.0018846411314339094 0.9998907286235392 0.917167067527771
0.9998945333688708 0.0012267387094629107 -0.014471256033489551 -0.02004440501332283 -0.001208354287121631 0.9999984519097385 0.0012790848459917723 -0.01622137241065502 0.014472802733572281 -0.0012614635409540352 0.9998944677768599 0.7668283581733704
0.9991573590664139 0.0024182096528009723 -0.04097223554438031 -0.056400950998067856 -0.002289270138593871 0.9999922799770327 0.003193623109925836 -0.010656923055648804 0.04097964208801271 -0.003097135517023782 0.999155181483801 0.44934961199760437
0.9996563691096095 0.0021339856370167667 -0.026126419653165433 -0.03679322823882103 -0.0020780270894760976 0.9999954890434372 0.002168800634583016 -0.011911549605429173 0.026130929987424983 -0.0021137639598995763 0.9996562941831129 0.5973706245422363
0.9999793724105877 0.0006229319756638248 -0.006392707492190747 -0.010141637176275253 -0.0006177158046026804 0.9999994747344793 0.0008178984961901935 -0.018330533057451248 0.0063932136294480415 -0.000813932748463705 0.9999792319508286 0.9216262102127075
0.9999943821647028 -7.094921775040107e-05 -0.0033512095194225293 -0.0051485211588442326 7.265269911956704e-05 0.9999998682274841 0.0005081993702735732 -0.0252884179353714 0.003351173021477437 -0.000508439989710114 0.9999942555475793 1.1483339071273804
0.9999909395406448 -1.2605716978608549e-05 -0.004256838934558487 -0.006208588369190693 1.4940293999995135e-05 0.999999849517994 0.0005483983745407424 -0.024360422044992447 0.004256831381026123 -0.0005484570042247522 0.9999907892483353 1.1013257503509521
0.9999907058405915 4.8883360816380476e-05 -0.004311130113167863 -0.006448983680456877 -4.626392720561716e-05 0.9999998142828762 0.0006076955340778053 -0.024312099441885948 0.004311159018717237 -0.0006074904362489103 0.99999052238673 1.1099944114685059
0.9999916510096852 -0.00015437679476006905 -0.004083390592317133 -0.005530670750886202 0.00015686546270048956 0.9999998021660105 0.0006091479021989421 -0.02771114930510521 0.004083295746183004 -0.000609783359383657 0.9999914773937346 1.243537187576294
0.9999909493112175 -0.00013254832379501976 -0.004252496512899237 -0.005835477262735367 0.00013517403107871743 0.9999998004149949 0.0006171693056790874 -0.027261367067694664 0.0042524138594077325 -0.0006177385469675722 0.9999907676451099 1.2229118347167969
0.9999937921178258 -0.0001472469804896369 -0.0035205175950751228 -0.005113138817250729 0.0001491808833051045 0.9999998381351528 0.0005490671470966246 -0.026486769318580627 0.0035204361767475845 -0.0005495889324769941 0.9999936522204181 1.192687749862671
0.999994409236793 -8.018286048357891e-05 -0.0033429127817580697 -0.005228607915341854 8.189330214978255e-05 0.9999998658161204 0.0005115283260519525 -0.02525459975004196 0.003342871317388662 -0.0005117992283847048 0.9999942816201027 1.143258810043335
0.9999966779092141 -5.404074976068986e-05 -0.0025770623068460973 -0.004364256281405687 5.525161270210524e-05 0.9999998881209644 0.0004697928464331837 -0.02555706724524498 0.0025770366305691975 -0.0004699336725871842 0.9999965690163884 1.1649082899093628
0.9999936894511889 -3.6845242466960325e-06 -0.0035526109023452865 -0.0057274652644991875 5.123126202948782e-06 0.9999999180014449 0.00040493315147199506 -0.02301299013197422 0.0035526091190503104 -0.00040494879659558016 0.9999936074720276 1.060502290725708
0.9999902308617986 0.00031807701779245685 -0.004408742221703097 -0.007081589661538601 -0.0003161577619490323 0.9999998549655508 0.00043601966354630053 -0.020436618477106094 0.004408880270117876 -0.000434621545936125 0.9999901863912843 0.9701488614082336
0.9999915171530375 6.625018358316488e-05 -0.004118401738484207 -0.0065373522229492664 -6.405896427992287e-05 0.9999998563375757 0.0005321853784903612 -0.022803813219070435 0.0041184364042036545 -0.0005319170434933839 0.99999137773575 1.055844783782959
0.9999904565674208 6.158477141732384e-05 -0.004368407192189471 -0.006673650816082954 -5.883611730645146e-05 0.9999998002361692 0.0006293376935869717 -0.026033174246549606 0.004368445077157721 -0.0006290746674271215 0.9999902604289055 1.201268196105957
0.9999937246169758 -4.248934926382084e-05 -0.0035424456697963794 -0.005276206880807877 4.487656887545354e-05 0.9999997719807108 0.0006738134906957132 -0.03047114610671997 0.0035424162321536904 -0.0006739682350650602 0.9999934985058936 1.4013655185699463
0.9999980086843799 -9.185324649141508e-05 -0.001993537121833094 -0.00322319520637393 9.295411715452093e-05 0.9999998432536842 0.0005521341678183883 -0.03290070593357086 0.0019934860940376813 -0.0005523183758281703 0.9999978604765136 1.512895107269287
0.9999997232592859 -0.00022326512185201483 -0.0007096717812296459 -0.0017260133754462004 0.00022356558231650484 0.9999998854057653 0.0004233283436553312 -0.033046331256628036 0.0007095771854511218 -0.0004234868846881672 0.9999996585794799 1.5159783363342285
0.9999999836960431 -0.00015554562907207684 9.172497371955539e-05 -0.0011317976750433445 0.0001555080171832329 0.9999999038933242 0.00040991535611189275 -0.03121008165180683 -9.17887254461058e-05 -0.00040990108545986114 0.9999999117779612 1.4411706924438477
0.9999998796100643 -0.0001865416478934745 0.00045385247697047454 -0.0009686143603175879 0.00018640251150775128 0.999999935628209 0.000306590413736246 -0.028386935591697693 -0.00045390963963618436 -0.00030650577758428444 0.9999998500101126 1.3086307048797607
0.9999999933231959 -7.332921360576348e-05 8.931088721974746e-05 -0.001653037266805768 7.329904526249397e-05 0.9999999402772223 0.0003377466531527245 -0.027307692915201187 -8.933564858232685e-05 -0.0003377401044948915 0.99999993897538 1.2706384658813477
0.9999999478422671 7.693398218730014e-06 -0.0003228874027172476 -0.0021681138314306736 -7.560120878147968e-06 0.9999999147833574 0.00041276642623297547 -0.028560487553477287 0.00032289055077835553 -0.00041276396363621983 0.9999998626837919 1.3382740020751953
0.9999999656709008 -6.500539734608142e-05 -0.0002538355680732131 -0.001735001103952527 6.512007788866972e-05 0.9999998958141998 0.0004518085490720157 -0.031049367040395737 0.00025380617163289456 -0.00045182506335379903 0.9999998657182607 1.444106936454773
0.9999999835378305 -0.00011932394248576346 0.00013669724120931944 -0.0013749299105256796 0.00011927358530607402 0.9999999250520474 0.0003683336961361654 -0.029104406014084816 -0.00013674118199291437 -0.0003683173857025331 0.9999999228220735 1.3488292694091797
0.9999999754333273 -0.0001417694471599883 0.00017039591628315406 -0.001239693257957697 0.00014170534150581194 0.9999999192081919 0.0003761691183292546 -0.029733363538980484 -0.00017044923180450412 -0.00037614496307652296 0.9999999147310092 1.3751049041748047
0.9999999344511453 1.4130601252949535e-05 -0.0003617983288622991 -0.0022094338200986385 -1.3978452280676299e-05 0.9999999114777129 0.00042053438486040724 -0.0287180133163929 0.0003618042392387893 -0.0004205292999141848 0.9999998461263881 1.3462307453155518
0.9999999900864135 -0.0001385404833229936 2.5173544689494034e-05 -0.0012742499820888042 0.0001385298579679722 0.9999999015327905 0.0004215968305323462 -0.031218145042657852 -2.523195043939473e-05 -0.0004215933390652391 0.9999999108111985 1.443509578704834
0.9999999671189089 -0.00011968857762339091 0.00022679688226282692 -0.0013628685846924782 0.0001196116903189311 0.9999999353869751 0.0003389971820359582 -0.028116729110479355 -0.00022683744169933054 -0.00033897004333091445 0.999999916822039 1.3035292625427246
0.9999999038112013 4.378857774604036e-06 -0.0004385868371232185 -0.0021606585942208767 -4.179508833741475e-06 0.9999998966945568 0.0004545254751196414 -0.030019531026482582 0.00043858878211722137 -0.0004545235983218218 0.9999998005240694 1.4047819375991821
0.9999997077459883 -4.532228442106032e-05 -0.0007631866276293926 -0.0018943503964692354 4.5786150100106415e-05 0.9999998142446547 0.0006077946074048454 -0.03600350767374039 0.0007631589392233305 -0.0006078293731519202 0.9999995240658301 1.6733787059783936
0.9999998346868156 -0.0003209844330525559 0.0004770695290721159 -0.00015867268666625023 0.0003207807229947511 0.9999998573776396 0.00042701806574489416 -0.034331079572439194 -0.0004772065271830699 -0.0004268649604447233 0.9999997950300972 1.5655492544174194
0.9999999450515575 -7.382014598797603e-05 -0.0003231833352047667 -0.0016777769196778536 7.397477985543516e-05 0.9999998827897977 0.0004784852382208041 -0.032134756445884705 0.000323147975474244 -0.00047850911934486023 0.9999998333021906 1.4927387237548828
0.9998274878775569 -0.0007260490248235949 -0.01855983128336731 -0.020364470779895782 0.0008048813043012211 0.999990685753385 0.004240350523321115 -0.04062862694263458 0.018556579710159237 -0.004254557472663401 0.9998187596210486 1.893866777420044
0.999857091367033 0.0003973008599801455 -0.016900857820929767 -0.017027802765369415 -0.00037838711638599345 0.9999992986521605 0.0011222826636703728 -0.046388257294893265 0.016901291851417068 -0.001115727212933794 0.999856540452949 1.9800686836242676
0.9999998415500322 -0.0003272188905687951 0.0004580695452535274 -0.0001914207823574543 0.0003270382786551898 0.9999998687833073 0.0003943086767086712 -0.03428109735250473 -0.0004581985103948909 -0.00039415880795489 0.9999998173464629 1.5634982585906982
0.9999999545914137 -2.4491849889030768e-05 -0.0003003619814049673 -0.0019769882783293724 2.4621906765941108e-05 0.9999999059504673 0.00043300440922331264 -0.029759611934423447 0.00030035134807707126 -0.00043301178504589674 0.9999998611449212 1.3895978927612305
0.9999931305593497 -0.0008315864288168094 0.00361210438973692 0.005050194449722767 0.000831336988641103 0.9999996519501546 7.055764030694972e-05 -0.04009115323424339 -0.003612161807320675 -6.755427962940603e-05 0.9999934738404529 1.767228126525879
0.9999855062553918 -0.0012008287221413505 0.00524836065147377 0.008320312015712261 0.001200899647080155 0.9999992788660698 -1.0362352735836e-05 -0.04770983010530472 -0.005248344423292031 1.6664957000646126e-05 0.999986227206702 2.0757625102996826
0.999999928762521 -4.731266347694824e-05 -0.0003744815944519975 -0.0018392468336969614 4.748984701043001e-05 0.9999998869374791 0.0004731487537406973 -0.0315239243209362 0.00037445916618440424 -0.00047316650410840174 0.9999998179468794 1.4677538871765137
0.9999999500506122 -0.00015877404615711484 0.000273293935388939 -0.0011282144114375114 0.00015867655369642162 0.999999923787764 0.00035671587745309804 -0.029352393001317978 -0.0002733505517837889 -0.0003566724942955447 0.9999998990320986 1.3557140827178955
0.999999998298713 -5.5918656231519167e-05 -1.6603548013957682e-05 -0.001762554980814457 5.592472797724986e-05 0.9999999314894413 0.00036591465871980045 -0.027992598712444305 1.6583085420428306e-05 -0.0003659155866461807 0.9999999329153901 1.305084228515625
0.9999999082032548 6.91244902154391e-05 -0.0004228655658014738 -0.0025375699624419212 -6.895767556294892e-05 0.9999999198119801 0.00039448811422650035 -0.026945210993289948 0.0004228928006825133 -0.00039445891818728216 0.9999998327819065 1.2712297439575195
0.9999999957826144 -8.962187199254001e-05 -2.006717020297172e-05 -0.0015648906119167805 8.962980251364609e-05 0.9999999177544302 0.0003955472557565793 -0.029543675482273102 2.0031718867013454e-05 -0.00039554905270490633 0.9999999215698356 1.3723289966583252
0.9999999858729208 -0.00013812771577166946 9.578565821627721e-05 -0.0012684124521911144 0.00013808953151185215 0.9999999110506179 0.00039853486372581936 -0.03042507916688919 -9.584069840658391e-05 -0.0003985216310990171 0.9999999159975316 1.407240867614746
0.9999999908374424 -7.897778594267189e-05 -0.0001099437321169373 -0.001636480912566185 7.902359340711608e-05 0.9999999100570849 0.0004167026441264611 -0.03008526936173439 0.000109910811976048 -0.00041671132845718365 0.9999999071356367 1.3983681201934814
0.9999999666916051 -0.00012510457803515136 0.00022575569396668485 -0.0013309651985764503 0.00012502683923974075 0.9999999329024041 0.00034433047632903406 -0.02838093787431717 -0.0002257987561379663 -0.00034430223933908154 0.9999999152354413 1.3150427341461182
0.9999999476349156 -0.00010644511031619203 0.00030561348866871166 -0.0014311415143311024 0.00010635275933096754 0.9999999486873684 0.0003021826452074053 -0.02665555663406849 -0.00030564563885188405 -0.00030215012654577695 0.9999999076430179 1.238086462020874
0.9999999907436862 6.990643986659966e-05 -0.00011672924878749318 -0.0025094652082771063 -6.987230356724592e-05 0.9999999548046531 0.0002924184557209494 -0.023479728028178215 0.00011674968544506501 -0.00029241029687272584 0.9999999504328635 1.1125227212905884
0.9999998227948674 0.00011473099604755064 -0.0005841635323564037 -0.002820373745635152 -0.00011449168145778058 0.999999909523899 0.0004096875012123503 -0.026729827746748924 0.0005842104833586473 -0.00040962054674855656 0.9999997454545271 1.2665163278579712
0.9999844820388294 -0.001010577733930086 0.0054785412454593585 0.007617475464940071 0.0010115384448883672 0.9999994735010506 -0.00017259083572110273 -0.03985574096441269 -0.005478363944557487 0.0001781299125549043 0.9999849777862794 1.7352137565612793
0.9999999946330582 4.479414587118453e-05 -9.342038209057355e-05 -0.002404935425147414 -4.47662033747572e-05 0.9999999542719029 0.0002990855711422521 -0.023871667683124542 9.343377510133896e-05 -0.0002990813874612532 0.9999999509102253 1.1276004314422607
0.9999999881452208 3.363496606454339e-05 -0.00015026059773846424 -0.002301411936059594 -3.358477287353553e-05 0.9999999436476843 0.00033403097348954616 -0.025470629334449768 0.0001502718243913894 -0.00033402592306163586 0.9999999329225285 1.1996417045593262
0.9999999852561751 -2.260112283372329e-05 -0.0001702258468138964 -0.001973272766917944 2.2667240301974383e-05 0.9999999243086829 0.00038841836298991045 -0.02822333388030529 0.00017021705523814505 -0.00038842221581331343 0.9999999100771642 1.3194026947021484
0.9999999443478187 -0.00015127863041028194 0.00029735355337006655 -0.0011699730530381203 0.000151176693886435 0.9999999298151271 0.00034280511711723687 -0.02875172719359398 -0.0002974053915889603 -0.0003427601451122704 0.9999998970327528 1.3290653228759766
0.9999999916831147 -2.5461879729411997e-05 -0.0001264336328022569 -0.0019519601482897997 2.5509514208845353e-05 0.9999999286977583 0.00037676749221669125 -0.027869591489434242 0.0001264240305786827 -0.00037677071434371164 0.9999999210303937 1.3028985261917114
0.9999999693353656 -0.00010022776125190534 0.0002264589663825503 -0.0014761751517653465 0.00010015458742912023 0.9999999427844876 0.0003231100122686111 -0.027263091877102852 -0.00022649133801875228 -0.0003230873214562131 0.999999922158125 1.2666319608688354
0.9999999805509537 -2.697127997839289e-05 0.00019537308573201598 -0.0019087414257228374 2.6918302081385583e-05 0.9999999628737553 0.0002711602726740826 -0.024324454367160797 -0.00019538039201818028 -0.00027115500828853357 0.9999999441507306 1.1402623653411865
0.9999998662867354 0.00010234254042983805 -0.0005069048389728717 -0.0027411398477852345 -0.00010214260860606261 0.9999999169970862 0.0003944270630226631 -0.026404203847050667 0.0005069451635659372 -0.00039437523369996506 0.9999997937373668 1.2502121925354004
0.9999999829127025 -0.00011385157913702739 0.00014564481722251414 -0.001405435148626566 0.00011379895421530017 0.9999999282629317 0.00036128095643059684 -0.02877439558506012 -0.0001456859391817837 -0.0003612643760293949 0.999999924131826 1.3343443870544434
0.9999999837227779 -9.959968911470065e-05 0.0001504471511373513 -0.0014884097035974264 9.954739306349328e-05 0.999999934642136 0.00034757163259087174 -0.0280810184776783 -0.00015048175933099806 -0.0003475566503116817 0.9999999282798047 1.3041812181472778
0.9999999900016816 -2.355712230859864e-05 -0.00013943349103323735 -0.001965155126526952 2.360997608410442e-05 0.9999999278737461 0.00037907132741949503 -0.027918145060539246 0.0001394245511467983 -0.0003790746156508079 0.9999999184316117 1.3053278923034668
0.9999999267581067 -5.1526023901513026e-05 -0.00037924774270945186 -0.0018198175821453333 5.170817979166514e-05 0.9999998833122103 0.00048031430353040044 -0.0318145677447319 0.000379222949769587 -0.000480333878561737 0.9999998127346423 1.4806506633758545
0.9999999805539184 -0.00016560657034608465 0.00010708233538620264 -0.0011070610489696264 0.00016556183898556705 0.9999998990986348 0.0004176026788760881 -0.031514570116996765 -0.00010715148232886484 -0.0004175849420069829 0.9999999070706835 1.4540388584136963
0.9999999701119502 -0.00013289655452826654 0.00020521843086950114 -0.001287414226680994 0.0001328231769802876 0.999999927264964 0.0003575305164263615 -0.02895706705749035 -0.000205265930516703 -0.00035750324797650864 0.999999915028659 1.3405463695526123
0.9999999372469245 3.4423804051719146e-05 -0.0003525920435333847 -0.002327471971511841 -3.428258802562775e-05 0.9999999192096308 0.0004005064745711573 -0.02770787850022316 0.0003526058020037454 -0.00040049436167037463 0.9999998576366973 1.3022531270980835
0.9999999840667896 -7.173351087157098e-05 0.00016346474830327022 -0.001651484053581953 7.168137515977127e-05 0.999999946574259 0.00031892516300494685 -0.026664767414331436 -0.00016348761719169256 -0.00031891344054549655 0.9999999357830062 1.2424194812774658
0.9999999716629949 -2.6028945416403952e-05 -0.00023663580388749538 -0.002022465458139777 2.612260407833426e-05 0.9999999213307877 0.0003957979639256387 -0.02831687405705452 0.00023662548306794412 -0.00039580413425332545 0.9999998936737285 1.323004961013794
