0.999996769558372 0.0002815659013180496 -0.0025261815975252235 -0.00573221268132329 -0.0002811363054591782 0.999999945961253 0.00017041088346495914 -0.015874242410063744 0.0025262294429075323 -0.00016970013160130012 0.9999967946781966 0.8070608377456665
0.9999938571296297 0.00033445872157296874 -0.003489103089490052 -0.007431225851178169 -0.0003335051444735473 0.9999999068820999 0.00027387973633580693 -0.013892853632569313 0.0034891943660585786 -0.00027271442009814607 0.999993875556006 0.6960605978965759
0.9998500091399248 0.00048750769616250436 -0.017312468314436148 -0.024553053081035614 -0.00046554712536630996 0.999999082016507 0.0012724904782956854 -0.012080240994691849 0.017313072770777475 -0.0012642398464976275 0.9998493182519275 0.5712400674819946
0.9999921596595133 0.00044608372238085723 -0.003934670102425257 -0.0075358860194683075 -0.00044502796327298494 0.9999998647424541 0.0002691935829100563 -0.014247729443013668 0.003934789653106941 -0.000267440434118876 0.9999922229227584 0.7276532053947449
0.9999992771995465 0.00022159374845214045 -0.0011817345703515174 -0.004453670233488083 -0.00022144718695825036 0.9999999677737424 0.00012415174994534438 -0.015095618553459644 0.0011817620435202825 -0.0001238899684120676 0.9999992940446247 0.7608461380004883
0.9999978892089044 0.000247576331843961 -0.0020396773508247618 -0.005166712682694197 -0.00024739375940746627 0.9999999653695312 8.976226523314313e-05 -0.015079830773174763 0.002039699503202143 -8.925747231595417e-05 0.9999979158273482 0.7657961845397949
0.9999977271298415 0.0002320768152607438 -0.002119404516057043 -0.005161565262824297 -0.0002316604562202776 0.9999999538223849 0.00019669433309776337 -0.015818966552615166 0.0021194500663824028 -0.00019620290381997825 0.9999977347153525 0.8006366491317749
0.9999985315932984 0.00029149520929891166 -0.0016887397045752314 -0.005181707441806793 -0.00029124932546799646 0.9999999469513765 0.00014584606454720695 -0.014158327132463455 0.0016887821284190252 -0.00014535400608601984 0.999998563442536 0.7094792723655701
0.999969359653439 0.00043074064640733736 -0.007816278960368505 -0.013128530234098434 -0.0004257531928011425 0.9999997047346312 0.000639738125280542 -0.012502224184572697 0.007816552213705632 -0.000636390717759474 0.9999692477863229 0.6102807521820068
0.99999846273159 0.0002500238573324527 -0.0017355179422220693 -0.004884047899395227 -0.0002497845302196329 0.9999999592659785 0.00013811491565639755 -0.015277177095413208 0.0017355524035514115 -0.00013768119780281505 0.9999984844497227 0.7739277482032776
0.9999989402152416 -9.698107091208581e-06 -0.0014558414544940937 -0.004396551754325628 9.61347198417365e-06 0.9999999982635548 -5.8141824540364525e-05 -0.01835964247584343 0.0014558420158317454 5.812776723150886e-05 0.9999989385720306 0.9303325414657593
0.9999975909954222 0.0002031624389447149 -0.0021855727797598537 -0.005220136139541864 -0.00020300776285748855 0.9999999768739186 7.099303072504277e-05 -0.016404423862695694 0.0021855871523333895 -7.05491714619255e-05 0.9999976091129488 0.8301644921302795
0.9999983086210181 -7.003545827282551e-06 -0.0018392134333858126 -0.0049042776226997375 6.895901225031264e-06 0.9999999982631173 -5.8533855677183714e-05 -0.01841292716562748 0.0018392138401358551 5.852107364008211e-05 0.999998306932434 0.9232214689254761
0.9999971008272607 0.00015317916990353756 -0.0024030965887832947 -0.005412613973021507 -0.0001531920995055194 0.9999999882525892 -5.1963250832260495e-06 -0.01706438884139061 0.0024030957645843694 5.5644454299322885e-06 0.9999971125457227 0.8646552562713623
0.9999980366737794 0.0002552901579974441 -0.0019650637451052097 -0.0051012905314564705 -0.0002551499559309538 0.9999999648861344 7.159770018405829e-05 -0.014949943870306015 0.0019650819542924173 -7.109617368645106e-05 0.999998066697255 0.753436803817749
0.9999974361810156 0.0002860888711361402 -0.0022462823850727697 -0.0055685704573988914 -0.000285698439789661 0.9999999440273645 0.00017413118449140718 -0.01474781520664692 0.0022463320763364257 -0.0001734889786778283 0.9999974619436677 0.7495583295822144
0.9999997664346569 4.594468446946558e-05 -0.0006819235422177676 -0.0037548618856817484 -4.594926092916517e-05 0.9999999989219182 -6.695438409373842e-06 -0.018914517015218735 0.0006819232338627932 6.726770728326579e-06 0.9999997674676997 0.9593097567558289
0.9999987331394318 0.0005998175068924621 -0.0014744281907394764 -0.004660869482904673 -0.0005994575569646108 0.9999997904209161 0.0002445582972801782 -0.014950411394238472 0.0014745745720783317 -0.00024367413033777433 0.9999988831257509 0.7575249075889587
0.9999948204551887 0.00034471272211299814 -0.003200036864493024 -0.007298534270375967 -0.000344438586622134 0.9999999369643366 8.621706825460395e-05 -0.013774041086435318 0.0032000663828968675 -8.511440551469073e-05 0.9999948761522147 0.6916681528091431
0.9999995715479425 6.0315033547933306e-05 -0.0009237240000442903 -0.004031049553304911 -6.0279821615706795e-05 0.9999999974555621 3.814733163863417e-05 -0.015393576584756374 0.0009237262985515195 -3.809163337638663e-05 0.9999995726392852 0.7829480171203613
0.9999579627897167 0.0015315781626423686 0.009040294340980309 0.004903032910078764 -0.0015272286731913152 0.9999987147103481 -0.00048800638518778995 -0.00588589534163475 -0.009041030141506324 0.00047417927402912185 0.9999590166241799 0.292597234249115
0.9999378148453951 0.001307061105099004 -0.011075108734622916 -0.02085019089281559 -0.0012896978577693178 0.9999979283886199 0.0015747691589864145 -0.00421548169106245 0.011077144110818846 -0.0015603876877131905 0.9999374290767458 0.10776245594024658
0.9999881785937733 0.0019371930547444826 0.004459815666168382 0.00011839880608022213 -0.0019370549265704021 0.9999981232846175 -3.529099384987685e-05 -0.0022392095997929573 -0.0044598756618318995 2.6651668752955085e-05 0.9999900543499267 0.05883920192718506
0.9999313606912277 0.0013195307954877017 -0.011641853145861617 -0.021195849403738976 -0.001301388416000494 0.9999979273059776 0.0015658135072262364 -0.00443437322974205 0.011643895155004967 -0.0015505554580446308 0.9999310053615653 0.1254805326461792
0.9999988403887448 0.0008437693555357381 0.0012677832781951947 -0.001912240986712277 -0.0008433170457108209 0.999999580589159 -0.0003572644210016946 -0.009894061833620071 -0.001268084195243408 0.00035619486346508177 0.9999991325434703 0.5206684470176697
0.9999950416988925 0.00022625096271527162 -0.0031409215418829574 -0.007201492786407471 -0.00022581286771928316 0.9999999647275428 0.00013983369463277772 -0.014462298713624477 0.003140953068602967 -0.00013912374079456087 0.9999950575169888 0.7131050825119019
0.9999824283448647 0.0013986818341337188 0.005760789063505309 -0.006550181657075882 -0.0013983009384240241 0.9999990199165435 -7.01458328327966e-05 0.004733921028673649 -0.005760881529153376 6.208928350085054e-05 0.9999834040567512 -0.1841294765472412
0.9999199396284182 0.003623069639979666 -0.012123848394152488 -0.016553226858377457 -0.0036077243769945828 0.9999926635130262 0.001287340259350258 0.0009520743042230606 0.012128423571106647 -0.0012434976910161715 0.9999256747654659 0.01835942268371582
0.9999713648047794 0.005239800758383215 -0.005460225130793942 -0.011108003556728363 -0.005225749073093923 0.9999830056540981 0.0025845598504794006 0.013949100859463215 0.005473674916503996 -0.0025559520746873928 0.9999817528294704 -0.6411584615707397
0.9999766691166211 0.003737536135865592 -0.005717695869906373 -0.012883251532912254 -0.0037245444059023722 0.9999904619938753 0.0022811598463091734 0.008424886502325535 0.005726167251845412 -0.00225981081266792 0.9999810519523332 -0.41649413108825684
0.9998843884542875 0.003014737941474566 -0.014903727068728861 -0.02648691087961197 -0.0029943278747601313 0.9999945487302399 0.0013915855639993792 0.004069420509040356 0.01490784109029078 -0.0013467980352416223 0.9998879649286105 -0.4523979425430298
0.9999999996679619 -1.986925957340181e-05 -1.6410014292928952e-05 -0.0033583377953618765 1.986662293786198e-05 0.999999986897341 -0.00016065688603996038 -0.016244232654571533 1.6413206211285112e-05 0.00016065655997504985 0.9999999869600381 0.8386686444282532
0.9999999994851541 2.4245272018407906e-05 -2.1020426571903253e-05 -0.0032976889051496983 -2.4248255421279043e-05 0.9999999896325128 -0.0001419401142675549 -0.016062337905168533 2.101698497729351e-05 0.00014194062390315024 0.9999999897055726 0.8245146870613098
0.9999999874060308 0.00015322405276641668 -4.1356112814037485e-05 -0.0033802869729697704 -0.0001532293781712976 0.9999999799660403 -0.00012879703717087347 -0.015545912086963654 4.133637718149115e-05 0.00012880337252025762 0.9999999908504976 0.7895951867103577
0.9999988567549747 0.0002090615479188755 -0.0014975920715951552 -0.00530234444886446 -0.00020885144568124334 0.9999999683276622 0.000140448382793887 -0.013407972641289234 0.0014976213865192229 -0.00014013544795777864 0.9999988687454796 0.6805896162986755
0.9999988451565913 0.000338021084102072 -0.0014816974152999252 -0.005781922489404678 -0.0003377807565176193 0.999999929757934 0.0001624447222140258 -0.012800464406609535 0.0014817522209635467 -0.00016194404574193885 0.9999988890916238 0.6421202421188354
0.9999960397628874 0.0003111627301853352 -0.002797076383813311 -0.007154793478548527 -0.0003104148589610149 0.9999999159612243 0.0002678061977016638 -0.012879690155386925 0.0027971594800580736 -0.0002669368830544361 0.9999960523139796 0.6454237699508667
0.9999963598846585 0.00035414049275494847 -0.0026748461532682365 -0.006927527021616697 -0.00035335484342398273 0.9999998942979256 0.00029418445206881035 -0.012745730578899384 0.0026749500531582666 -0.0002932382113598018 0.9999963793202274 0.6395267248153687
0.9999653900433682 0.0006722103439372921 -0.008292577926564444 -0.014491699635982513 -0.0006628150435481096 0.9999991354608272 0.0011356732876457356 -0.010598400607705116 0.008293334168637272 -0.0011301375366429803 0.9999649710852453 0.49881067872047424
0.9999745146920833 0.0006221789271907079 -0.007112162801468757 -0.01354231871664524 -0.0006150662391231839 0.9999993086266983 0.0010022173649689278 -0.011224345304071903 0.007112781442834227 -0.0009978173719244513 0.9999742060176544 0.5254849195480347
0.9998965798417409 0.0005331261961927446 -0.014371687348668205 -0.02186456508934498 -0.0005134570835886743 0.9999989266363084 0.0013722565555560804 -0.011399511247873306 0.014372403508538483 -0.0013647353918936375 0.9998957803264786 0.5074275732040405
0.999979532060834 0.00044591792643645847 -0.006382524312383942 -0.010939255356788635 -0.00044315715644511664 0.9999998076455833 0.00043395913516602864 -0.012795180082321167 0.006382716594834912 -0.0004311217915916316 0.9999795373220748 0.6380696892738342
0.9999551198400338 0.00042002086393454 -0.009464770899365359 -0.015338892117142677 -0.00041222222387322287 0.9999995739802743 0.0008259007858306489 -0.012121202424168587 0.009465113762747846 -0.0008219621303626776 0.9999548669813625 0.5813677310943604
0.9999953273504889 0.00042167113247557455 -0.0030277831238129985 -0.00698449183255434 -0.00042088678528100253 0.9999998777096498 0.0002596824979005927 -0.013115289621055126 0.0030278922541573136 -0.00025840693058978604 0.9999953825365173 0.6628045439720154
0.9999802008662321 0.0003697463050972684 -0.006281812095210636 -0.011364731937646866 -0.0003663511182516604 0.999999786216762 0.0005416209818558459 -0.012446214444935322 0.006282011014621312 -0.0005393089093438476 0.9999801225441994 0.6015576124191284
0.9999719504504877 0.00036354028905630925 -0.007481052780562262 -0.01275196298956871 -0.0003591226386936131 0.9999997603741723 0.0005918467102374456 -0.01225503720343113 0.0074812661480329135 -0.0005891434937890814 0.9999718413869293 0.5850441455841064
0.9999999162673822 0.00019323332485142526 -0.0003607299693299518 -0.003726605325937271 -0.00019323104601451631 0.9999999813107063 6.352134423987663e-06 -0.01475794892758131 0.0003607311900322182 -6.282429662804407e-06 0.9999999349167676 0.7589724659919739
0.9999891995662948 0.00028880125281735303 -0.004638679186759824 -0.009145557880401611 -0.0002871426554843294 0.9999998946137192 0.00035822010870919277 -0.012924623675644398 0.004638782152322855 -0.0003568842771170307 0.9999891771083107 0.6437949538230896
0.9999948359758397 0.0003963049344679742 -0.0031891948909425765 -0.007191082462668419 -0.00039548617329585863 0.999999888679208 0.00025735628688648655 -0.01317779440432787 0.0031892965274852845 -0.0002560936754090897 0.9999948813887445 0.6668740510940552
0.9999633814360003 0.0004181007886782875 -0.008547571515378296 -0.014349980279803276 -0.0004104599295939787 0.9999995146610658 0.0008956563397153469 -0.011674688197672367 0.008547941841531067 -0.0008921151064639476 0.9999630677284589 0.5420476198196411
0.9999623336558886 0.0006057354303607091 -0.008658195773814265 -0.014960726723074913 -0.0005946422025613625 0.999998999183787 0.0012837570156299905 -0.010846604593098164 0.0086589647256599 -0.001278560132591336 0.9999616930732232 0.479861319065094
0.9999408261928973 0.0005317740087854053 -0.010865603023752052 -0.017369791865348816 -0.0005191565804414149 0.9999991877732906 0.001164014262865725 -0.011239076964557171 0.01086621319094991 -0.0011583044344000244 0.9999402900882263 0.50089031457901
0.9999272468525942 0.0005845059107238306 -0.012048209602723405 -0.01900376006960869 -0.0005677273841737052 0.999998864449671 0.0013959888915371665 -0.010723492130637169 0.012049011885133439 -0.0013890472304298332 0.999926443224892 0.4678734838962555
0.9999843437210476 0.0005709722614718757 -0.0055665342415663985 -0.01105765625834465 -0.000566313938869257 0.9999994881997369 0.0008383846295273052 -0.011708417907357216 0.005567010086980613 -0.0008352190976114839 0.9999841552783477 0.561191201210022
0.9999959589341061 0.0004764982052362501 -0.0028026888728556135 -0.00780821219086647 -0.0004743907136569612 0.9999996042957088 0.000752570180538326 -0.011106837540864944 0.00280304636215994 -0.0007512375697780842 0.9999957892777376 0.5259758234024048
0.9999961754687267 0.0003443562899034381 -0.0027441695766236003 -0.006718147080391645 -0.0003439294492170516 0.9999999286859311 0.0001560149567722531 -0.013230469077825546 0.0027442231056573857 -0.00015507055935712547 0.9999962225891996 0.6682306528091431
0.9999998331744018 -3.609088327386449e-05 0.0005764968486971974 -0.002691352041438222 3.6201558215896604e-05 0.9999999809186523 -0.0001919691176080028 -0.016623705625534058 -0.0005764899093618447 0.00019198995566686934 0.9999998153996035 0.8506416082382202
0.9999999767253068 -1.3002691639437556e-05 0.00021536089718224717 -0.0030793643090873957 1.3037953520012242e-05 0.9999999865107075 -0.00016373330989417935 -0.016579430550336838 -0.00021535876530344135 0.00016373611394870428 0.9999999634055431 0.8532485961914062
0.9999999880270493 -4.0257702971365794e-05 -0.00014941625990585805 -0.003268059343099594 4.024524105432571e-05 0.9999999957118723 -8.34060916265403e-05 -0.017018824815750122 0.00014941961700280472 8.340007733452594e-05 0.9999999853591025 0.858626127243042
0.9999999703303517 -0.00010211214429428895 0.00022116149282155182 -0.003047800622880459 0.00010213821601305258 0.9999999878363578 -0.00011787734872682476 -0.020888926461338997 -0.0002211494534225803 0.00011789993426977284 0.999999968596262 1.0772480964660645
0.9999986836788652 4.2851240785168646e-05 -0.0016219754337668854 -0.0047303736209869385 -4.2710824745529605e-05 0.9999999953376327 8.660554166709905e-05 -0.015619191341102123 0.0016219791373595597 -8.653615175790099e-05 0.9999986808467161 0.7913260459899902
0.9999993900218238 0.0002419094553794756 -0.0010776993067521154 -0.004368818365037441 -0.0002418041838232723 0.9999999659818741 9.781097706157531e-05 -0.014212029054760933 0.0010777229314909958 -9.75503251977378e-05 0.9999994144984371 0.7339102029800415
0.9999997344494909 -5.942726414501226e-05 -0.0007263396917220993 -0.0038643046282231808 5.9309312199659406e-05 0.9999999850522564 -0.00016241272232790231 -0.01790802553296089 0.00072634933260871 0.0001623696004915819 0.9999997230263415 0.9162412881851196
0.9999999882469965 -0.00013549128425603758 -7.175038884989922e-05 -0.003166511654853821 0.00013548002254490683 0.9999999785077502 -0.00015693840264686772 -0.019519492983818054 7.177165109354567e-05 0.00015692868005807116 0.9999999851111095 0.997721791267395
0.9999999917444645 -0.00011909567707016802 4.8242000696818366e-05 -0.003098438261076808 0.00011910406737819724 0.9999999777768159 -0.00017395570924313666 -0.018361058086156845 -4.8221282251754966e-05 0.0001739614536255406 0.9999999837060601 0.9429336786270142
0.9999998182502846 -0.00010156054163729774 -0.0005942935755638509 -0.0037665762938559055 0.00010147785144881036 0.9999999851671447 -0.00013916880314029278 -0.017628785222768784 0.0005943077008078063 0.00013910847021122438 0.9999998137235777 0.9061122536659241
0.9999998227695626 7.279623425361728e-05 -0.0005908989350647678 -0.003877354320138693 -7.277518171230599e-05 0.999999996716446 3.5649413136770715e-05 -0.014632094651460648 0.000590901528267549 -3.5606404041236684e-05 0.9999998247837685 0.7486822605133057
0.9999998867681891 0.00014684384706024312 -0.00045265935721350737 -0.00356084480881691 -0.00014683156294342394 0.9999999888511205 2.717077529187249e-05 -0.01638178341090679 0.0004526633420280342 -2.710430753437577e-05 0.9999998971806223 0.8353585600852966
0.9999999178877369 -0.00015315999791372777 0.00037518866491095414 -0.00272879796102643 0.0001532255215197184 0.9999999730150309 -0.00017461923411162523 -0.018886545673012733 -0.00037516191010496735 0.000174676708252094 0.9999999143707906 0.9673282504081726
0.9999999716287756 -0.00017612893512152606 -0.00016037782347979638 -0.003226863918825984 0.00017610767583250758 0.9999999757066997 -0.00013256201009902887 -0.021299775689840317 0.0001604011675893661 0.00013253376257233424 0.9999999783531334 1.0892025232315063
0.9999966839939752 -0.0002574501633153461 -0.002562366185182863 -0.005190743599087 0.0002572543300499686 0.9999999639643603 -7.675602575538315e-05 -0.027247000485658646 0.002562385853697725 7.60965914356274e-05 0.9999967141886245 1.4184645414352417
0.9999988784515003 -0.0006639904145074897 -0.0013424650725134156 -0.003242196748033166 0.0006637533817151109 0.9999997640506374 -0.00017700315690773888 -0.029354143887758255 0.001342582284159162 0.0001761118926583986 0.9999990832282855 1.4209479093551636
0.9999861225417972 -0.0004301551779005394 -0.005250684750072924 -0.006847593002021313 0.00043058316719230824 0.9999999040685129 8.038097455448029e-05 -0.026089144870638847 0.005250649670074518 -8.264071554048036e-05 0.9999862118292203 1.236189365386963
0.9999996425548477 -0.00012475352289924746 -0.0008362575769604842 -0.003777856007218361 0.0001246700823673336 0.9999999872456814 -9.982989187094832e-05 -0.020463356748223305 0.0008362700204252903 9.972559988623746e-05 0.9999996453535659 1.0325764417648315
0.9999999218714254 -0.00019506073163815305 -0.00034381456281248657 -0.0032508037984371185 0.0001950176376977733 0.9999999731252768 -0.00012536971754199738 -0.021789254620671272 0.0003438390082813945 0.00012530265784319427 0.9999999330369876 1.1113686561584473
0.9999995927863801 -0.00028974611330200874 -0.0008546778712469678 -0.003604879602789879 0.00028962000177661974 0.9999999471562426 -0.00014767452811304048 -0.02236931398510933 0.0008547206142031323 0.00014742693617137234 0.9999996238589142 1.118818998336792
0.9999999697284614 2.5794954970295484e-06 -0.00024604150639366036 -0.0033449807669967413 -2.578012749443151e-06 0.9999999999785164 6.026729364193891e-06 -0.016281303018331528 0.00024604152193429576 -6.026094883615145e-06 0.9999999697136276 0.8303685784339905
0.9999998767736799 9.267535242504088e-05 -0.00048771293232224405 -0.003671306185424328 -9.26919391112179e-05 0.9999999951265569 -3.398662335975593e-05 -0.01786268875002861 0.00048770978022310527 3.403182622913596e-05 0.9999998804904955 0.9051817655563354
0.9999999298095221 -0.0001696495538674233 -0.0003340658311143114 -0.0032874385360628366 0.0001696046074818759 0.9999999765629684 -0.00013456723168577282 -0.021882902830839157 0.0003340886525556206 0.0001345105631362753 0.9999999351458382 1.1135178804397583
0.9999998967252245 -0.0002806243005383886 0.0003574906175088601 -0.0024830037727952003 0.00028069449281958804 0.9999999413360668 -0.00019631215933162572 -0.02098849043250084 -0.0003574355065746549 0.000196412484705101 0.9999999168309934 1.0590869188308716
0.9999999361494801 -0.00011579779634204874 -0.0003380708597445051 -0.0034397724084556103 0.00011574916974369967 0.9999999829544315 -0.0001438515439964413 -0.02020791545510292 0.0003380875116736902 0.00014381240339011544 0.9999999325074114 1.0340454578399658
0.9999897353689019 -0.0002457430721724491 -0.004524242165922724 -0.006704706232994795 0.00024723209790114174 0.9999999154605795 0.0003285652497970898 -0.02994552254676819 0.00452416104081202 -0.00032968041507810286 0.9999897115859245 1.5579389333724976
0.9999141603480721 -0.0010452958183009608 -0.013060600754258894 -0.012285208329558372 0.0010429290014313032 0.9999994384721855 -0.000188027688439133 -0.05234364792704582 0.013060789964924747 0.0001743902689050724 0.9999146890377829 2.7192697525024414
0.9999494356998356 -0.0015663813264744605 -0.009933402897297354 -0.010161899961531162 0.001566076769583644 0.999998772962274 -3.843823326617693e-05 -0.0445607490837574 0.009933450917568065 2.287981814344003e-05 0.9999506617975619 2.1272053718566895
0.9999623364416848 -0.0008126849680604393 -0.008640905116323058 -0.008222968317568302 0.000811010152113461 0.9999996516623589 -0.00019732636377997644 -0.045108433812856674 0.0086410624705402 0.00019031106999417994 0.999962647212923 2.2869155406951904
0.9999991155511518 -0.0012147006042787557 0.00054166350770642 0.0006390069611370564 0.0012148659555230046 0.9999992155249953 -0.00030504115076090114 -0.03863837569952011 -0.0005412925491147782 0.00030569892952246846 0.9999998067752515 1.793839693069458
0.9999961564724335 -0.00022331339189389287 -0.0027635432852309567 -0.005087113473564386 0.00022340768395832922 0.9999999744728998 3.38113362968453e-05 -0.02724573388695717 0.002763535664161517 -3.4428603146914225e-05 0.999996180835359 1.3973674774169922
0.9999339571274137 -0.0007982695254451703 -0.011464909475285952 -0.011937389150261879 0.0007962829160143257 0.9999996671529684 -0.00017784113732103495 -0.036670319736003876 0.01146504762438516 0.00016870008063264128 0.9999342599507497 1.9611310958862305
0.9999074492041402 -0.0013909675103698851 -0.013533596545436776 -0.012922203168272972 0.0013947287710448352 0.9999989913229675 0.00026848594473486917 -0.05321290343999863 0.013533209439182658 -0.0002873367926246405 0.999908380642868 2.6837658882141113
0.9999909832025403 -0.0008161598219092309 -0.004167420876469186 -0.005225644446909428 0.0008159969297411064 0.9999996662426516 -4.0787204572800256e-05 -0.039781615138053894 0.004167452774439465 3.7386234162699834e-05 0.9999913154321103 1.9345331192016602
0.999996980872567 -0.00036789465751282523 -0.0024295882926046357 -0.0046150763519108295 0.00036787576076196377 0.9999999322998876 -8.224647860648468e-06 -0.027511175721883774 0.0024295911539252433 7.330836387908195e-06 0.9999970485121861 1.3619457483291626
0.999992306370632 -0.0007160485078818693 -0.0038567439736462697 -0.0053226277232170105 0.0007148073329297257 0.9999996922998893 -0.0003231881854602787 -0.029784515500068665 0.0038569742053436865 0.0003204288700965688 0.9999925105096129 1.4147632122039795
0.9999864758742675 0.00039044713691771695 -0.005186098687499705 -0.007975769229233265 -0.0003931947923208261 0.9999997828828 -0.0005288026174086798 -0.01899118348956108 0.005185891092040517 0.0005308346128119811 0.9999864122817846 1.0782618522644043
0.9999988516407559 8.272193168236046e-05 -0.0015132330460450965 -0.005556401796638966 -8.261924428706612e-05 0.9999999942803319 6.792198927580876e-05 -0.017320401966571808 0.0015132386560280625 -6.779688910627004e-05 0.9999988527555178 0.8115766048431396
0.999999678428317 -4.603659098543541e-05 -0.0008006396787460465 -0.0039821807295084 4.571109768699511e-05 0.9999999163117196 -0.0004065551005685499 -0.0188429057598114 0.0008006583281527663 0.0004065183717133747 0.9999995968444464 0.9317442774772644
0.9999866279616313 -0.0010203009082853415 -0.0050698011777803075 -0.006042159162461758 0.001019931998432522 0.9999994770303321 -7.535104885046934e-05 -0.029162034392356873 0.005069875407171653 7.017918880644398e-05 0.9999871456365012 1.430290699005127
0.999999928399533 -0.00013719417833184976 -0.0003526736256187867 -0.003391833044588566 0.00013713086341850727 0.9999999744791329 -0.00017954626051451544 -0.01776895672082901 0.0003526982493199338 0.00017949788522013329 0.9999999216922238 0.8949564695358276
0.9999992952301278 0.00036182249125217135 -0.001130762456470013 -0.003957672044634819 -0.0003619955043714459 0.9999999228049717 -0.00015280479614257866 -0.01598459668457508 0.0011307070809687574 0.00015321401937611615 0.9999993490132689 0.8345462083816528
0.9999992702042151 -0.00013529519616315328 -0.0012005358165163849 -0.004530424252152443 0.00013520259782152987 0.9999999878793078 -7.721166729281679e-05 -0.01757333241403103 0.0012005462483327322 7.704929538289666e-05 0.9999992763757939 0.8757190704345703
0.9999999064432704 -0.00023466540492663056 -0.0003633807890851623 -0.003296259557828307 0.00023456621757529306 0.9999999352314969 -0.00027297562402358796 -0.020288605242967606 0.0003634448234848791 0.00027289036162764615 0.99999989671935 1.01850163936615
0.9999999548184013 -0.0003002967588542551 -1.360337232938608e-05 -0.0027542917523533106 0.000300294780121134 0.9999999443658962 -0.00014522826623203074 -0.024417579174041748 1.3646983150218154e-05 0.00014522417464868294 0.9999999893618493 1.2306560277938843
0.999999900170214 -0.00033732634611686443 0.00029303668481593507 -0.0025311571080237627 0.00033738045567144825 0.9999999260446947 -0.00018462132504674713 -0.0235087089240551 -0.0002929743855073243 0.00018472017146629137 0.9999999400222322 1.1898386478424072
0.999999587365593 -0.0003805535485431264 -0.0008248925024809815 -0.0035169427283108234 0.00038046133312647027 0.9999999213587575 -0.00011194486628382325 -0.026415247470140457 0.0008249350386265156 0.00011163098039033977 0.9999996535102932 1.3410868644714355
0.9999983298027673 -2.7492416836346178e-05 -0.0018274670565545847 -0.004424415994435549 2.726537141754738e-05 0.9999999919073678 -0.0001242652960808037 -0.01847403310239315 0.001827470458118884 0.00012421526196519978 0.9999983224597396 0.954493522644043
0.9998700160560274 0.00162824364448286 0.016040567781519653 0.01253134198486805 -0.0015957761365038782 0.9999966527135546 -0.002036678719980194 -0.00017927959561347961 -0.016043830298326206 0.0020108168291658444 0.9998692675170279 0.10774749517440796
0.9999433678230597 0.0011655189303730721 0.010578407833864678 0.008347250521183014 -0.0011532071133011736 0.9999986507367199 -0.0011698880685687629 -0.008395450189709663 -0.010579757087497763 0.00115762272009925 0.9999433627209128 0.4696333706378937
0.9999600122108881 0.0022499619989452616 0.008655151656874499 0.0023161075077950954 -0.0022539261110672533 0.9999973594279709 0.000448279122137382 0.0077042607590556145 -0.008654120191333398 -0.00046776926876105924 0.9999624429925481 -0.40134119987487793
0.9999994221749299 0.00045865488672897157 0.0009722579397742546 -0.003468454349786043 -0.0004586745482897599 0.99999989460883 1.99996981408284e-05 -0.01134786568582058 -0.0009722486643475673 -2.044563655584851e-05 0.9999995271571436 0.6158377528190613
0.9999999013852485 0.000382307967688673 -0.0002259869708364031 -0.004902120213955641 -0.0003823146401348251 0.9999999264831216 -2.948333858661854e-05 -0.011624647304415703 0.0002259756825072907 2.956973380655691e-05 0.9999999740303105 0.6218512058258057
0.999999684103992 -2.664649288162852e-05 0.0007944066218237016 -0.002448724117130041 2.6782516050608315e-05 0.9999999849838924 -0.00017121598043108938 -0.017982393503189087 -0.0007944020475894025 0.00017123720255274433 0.9999996698015492 0.9158837795257568
0.99999974316095 -0.00013595102165970044 0.0007037011819882307 -0.0024882738944143057 0.00013607296421305623 0.999999975735604 -0.00017324243072881638 -0.018934743478894234 -0.0007036776124278943 0.0001733381409391484 0.9999997373958188 0.9655027985572815
0.9999862715931588 0.0008122430877324661 0.0051765709093816 0.002949229907244444 -0.0008084282736872425 0.999999400169839 -0.0007389882871365073 -0.012718894518911839 -0.005177168042446379 0.0007347932557207596 0.9999863284115097 0.6742860674858093
0.9999118503963981 0.002345012060924875 0.013068754924836607 0.010649822652339935 -0.0023249182853571117 0.9999960922048551 -0.0015525237471336042 0.00013528671115636826 -0.013072344541731463 0.0015220031054891084 0.9999133949071435 0.06635594367980957
0.9999323678874733 0.0009279938097182669 -0.011593035773240843 -0.016221696510910988 -0.0009315556589014434 0.9999995205469404 -0.0003018442368285674 -0.013726070523262024 0.011592750105341098 0.00031262338054358605 0.9999327529447252 0.6880937814712524
0.9999886406285375 -0.0009160361368425178 -0.00467755189022309 -0.007632011082023382 0.0009156458625216586 0.9999995771345764 -8.557641512589954e-05 -0.02766690030694008 0.004677628303336845 8.129246199659855e-05 0.999989056532616 1.254488468170166
0.9999658156080686 -0.0008062367053055985 -0.008229070279518014 -0.009489011019468307 0.0008037342860199536 0.9999996297589068 -0.00030739753892051135 -0.037791162729263306 0.008229315067957037 0.00030077304479684565 0.9999660933797145 1.8715550899505615
0.9999019151621035 -0.002325370076610525 -0.013811325394918063 -0.0129682756960392 0.0023301701224634663 0.99999723021617 0.0003314621975621193 -0.05267180874943733 0.013810516368256576 -0.0003636124239330616 0.9999045641578236 2.57071590423584
0.9999951006311206 -0.0009088004390442299 -0.0029954624880224575 -0.00478295236825943 0.0009073615223046972 0.9999994723350288 -0.00048168945595191716 -0.031739503145217896 0.0029958986670108817 0.0004789691285744484 0.9999953975792845 1.5073342323303223
0.9999999199983765 -0.0002512420960872912 0.000311256566376096 -0.0026257920544594526 0.0002512911224017579 0.999999956026119 -0.000157481846663242 -0.022104701027274132 -0.00031121698661968543 0.00015756005007635813 0.9999999391594072 1.121453881263733
0.9999998852467419 -0.00040278273305739345 0.00025936956846071976 -0.0024887723848223686 0.000402832869755178 0.9999999001844602 -0.0001932789404467341 -0.025104107335209846 -0.0002592916931517307 0.00019338340085493612 0.9999999476853377 1.266493320465088
0.9999997358649491 -0.0003562125326809572 0.0006335476808775841 -0.002223765477538109 0.00035634597966876066 0.9999999143464694 -0.00021053407537734693 -0.023008327931165695 -0.0006334726317357826 0.00021075978193692738 0.9999997771463448 1.1556686162948608
0.9999999385838044 -0.0002778095190247291 0.0002136685715862442 -0.002646814798936248 0.00027784300628017793 0.9999999491223811 -0.0001567115155340928 -0.02313639223575592 -0.0002136250247645399 0.00015677087222774484 0.9999999648936206 1.1735970973968506
0.9999998450713721 -0.00033576202788519115 0.0004439832117710835 -0.0024148356169462204 0.0003358444960155248 0.9999999263648587 -0.00018568454866167862 -0.023529628291726112 -0.00044392083325771136 0.00018583362921182288 0.9999998842000712 1.1904399394989014
0.9999998023453497 -0.00030961566896709245 0.0005472178720946591 -0.0023588943295180798 0.0003097172636603355 0.9999999348173109 -0.00018558176358306894 -0.022788170725107193 -0.0005471603774036466 0.0001857512097239415 0.999999833055991 1.1534062623977661
0.9999999202570246 -0.0003427590226150945 0.00020494437591695133 -0.0026134701911360025 0.0003427931337610152 0.9999999273971184 -0.00016642904064280257 -0.024590300396084785 -0.00020488731598209355 0.00016649928089612292 0.9999999651495881 1.2502639293670654
0.9999999036435018 -0.00027521816661082895 0.000342005771314902 -0.0025816550478339195 0.00027527085149947926 0.9999999502535517 -0.00015400925966483906 -0.023206092417240143 -0.0003419633681552436 0.00015410338904493372 0.9999999296565975 1.1854321956634521
0.9999999240598489 -0.00021011223511881497 0.00032822727654402623 -0.00254633417353034 0.0002101758337717573 0.9999999591451557 -0.00019374159554919542 -0.018275775015354156 -0.00032818655565467565 0.00019381056627794366 0.9999999273655219 0.9424098134040833
0.9999206917690869 0.002452329601779788 -0.012352985532048603 -0.023701205849647522 -0.0024273435806509685 0.9999949787793524 0.0020372577706577167 -0.00143524631857872 0.01235791953252003 -0.0020071112592149197 0.9999216235931799 -0.1492924690246582
0.9999970992293562 0.00026039657509692096 -0.002394520097451032 -0.005469074007123709 -0.000260422043984471 0.999999966036881 -1.0324535106672238e-05 -0.015475724823772907 0.002394517327652079 1.0948090975703981e-05 0.999997133079344 0.827590823173523
0.9999885631916567 0.0016599572190797674 0.004485312465905822 0.0020529921166598797 -0.001658752578689194 0.9999985872004309 -0.00027228115060972833 -0.00583677040413022 -0.004485758104119876 0.00026483801296334523 0.9999899038665632 0.3434707224369049
0.9999834304653088 0.0011505174813794567 -0.005640487953848597 -0.009326638653874397 -0.0011506945853204493 0.9999993375544556 -2.8153525656092547e-05 -0.011595068499445915 0.0056404518262090555 3.464353811233132e-05 0.9999840919249772 0.5829625129699707
0.9999675615557421 -0.0008369564331065554 -0.008010951266393092 -0.009038113057613373 0.0008387058946531319 0.9999996251678858 0.00021502676686347325 -0.03769335895776749 0.008010768295595475 -0.0002217386237785852 0.9999678886960807 1.9211170673370361
0.9999613870122708 -0.00039331496225449643 -0.008778940017820655 -0.009597637690603733 0.0003969883819841119 0.999999834381999 0.00041669677144452825 -0.02678518556058407 0.008778774670795226 -0.0004201658187304158 0.9999613775421351 1.4363090991973877
0.9999488380141082 -0.00029473235120395066 -0.01011110711426576 -0.01339767687022686 0.00029668660476788816 0.9999999375990323 0.00019177849247568128 -0.026708710938692093 0.010111049959996893 -0.0001947685107473308 0.9999488630594736 1.2048354148864746
0.9999992811688626 -0.0004615642069867266 -0.0011066256100867155 -0.00333677907474339 0.00046145451186615746 0.9999998885917624 -9.937905411141594e-05 -0.021162770688533783 0.0011066713566138084 9.886832529393628e-05 0.9999993827515908 1.0875742435455322
0.9999997014615059 -0.00015056803584475984 -0.0007578958801479381 -0.0034155999310314655 0.00015047156260542384 0.999999980570614 -0.00012734629910696144 -0.020475871860980988 0.0007579150397046154 0.00012723221931181103 0.9999997046883337 1.01802396774292
0.9999999278104774 -0.00013856660678990558 0.00035380550528120214 -0.0027717335615307093 0.00013862485185135847 0.999999976844122 -0.00016460530419439354 -0.01897503435611725 -0.0003537826882900631 0.00016465433854736898 0.9999999238633763 0.9680339694023132
0.9999996992049699 -0.00010980586319253488 0.0007678102906043876 -0.002462126314640045 0.00010991189284266192 0.9999999844304113 -0.00013805271966937146 -0.01746409386396408 -0.0007677951196518476 0.00013813706962618387 0.999999695704356 0.8993046283721924
0.9999998907230186 -0.00015782126880314995 0.000440052721311677 -0.0026721435133367777 0.00015789779724392693 0.9999999724173422 -0.00017387811870427038 -0.01918017864227295 -0.0004400252675085424 0.00017394758305876078 0.9999998880599947 0.9799363017082214
0.9999999673959913 -0.0001257340353113639 0.00022225878750168626 -0.0029268881771713495 0.00012577113779434709 0.9999999781583964 -0.00016692761168141587 -0.01902328059077263 -0.00022223779416497634 0.00016695555997949546 0.9999999613681011 0.973727822303772
0.9999998199928926 -0.00019391720069543363 0.0005678118541910804 -0.002517313463613391 0.00019401331647993637 0.9999999668610665 -0.00016922381282958148 -0.020578596740961075 -0.0005677790199663261 0.00016933394542906067 0.9999998244764843 1.0489953756332397
0.9999997286166319 -0.00023182198083464598 0.0006993033904771353 -0.0023252489045262337 0.00023194458702414938 0.9999999577445421 -0.00017525017183243658 -0.020974107086658478 -0.0006992627340857746 0.0001754123239085635 0.999999740131039 1.067141056060791
0.9999997688416438 -0.00024415834968865945 0.0006345891261484315 -0.0023690522648394108 0.0002442668947367118 0.9999999555504646 -0.00017097588340703925 -0.02159406803548336 -0.0006345473527517106 0.0001711308529998131 0.9999997840319207 1.098922848701477
0.9999998643899803 -0.00028718577271257434 0.00043444718058822013 -0.0024858140386641026 0.00028725832628352356 0.9999999448053624 -0.0001669488724920797 -0.022977812215685844 -0.0004343992112681153 0.00016707364842209423 0.9999998916918548 1.1694968938827515
0.9999998317934184 -0.00030528105383002726 0.0004931699638813102 -0.0024113906547427177 0.0003053693318712476 0.9999999373657608 -0.00017893587119741406 -0.022961532697081566 -0.0004931153072606574 0.00017908644008159225 0.999999862382661 1.1644585132598877
0.9999998576099617 -0.00033172178302239767 0.0004180199935477797 -0.0024425634182989597 0.00033179776521392835 0.9999999284457396 -0.00018171064569507062 -0.023592986166477203 -0.00041795968625728405 0.0001818493179209587 0.9999998961202577 1.1950676441192627
0.9999998818130484 -0.0003446850379533132 0.00034287915325085074 -0.002491125138476491 0.00034474660475596465 0.9999999244619936 -0.00017951541917384973 -0.02406134270131588 -0.00034281725107137195 0.0001796336043813944 0.9999999251040474 1.2192878723144531
0.9999998158348662 -0.0003133805751532886 0.0005197334404836424 -0.0023722355253994465 0.00031348531534704916 0.9999999305709069 -0.00020145753624638865 -0.021924927830696106 -0.000519670271520443 0.00020162042794642093 0.9999998446459941 1.1070034503936768
0.9999999165195452 -0.00017826462019474249 0.00036767190202301956 -0.0027015176601707935 0.0001783234928140022 0.9999999712849788 -0.00016009613811093432 -0.020661544054746628 -0.0003676433519880581 0.00016016168928381422 0.9999999195932961 1.0531878471374512
0.9999998253854488 -0.00022810917393902103 0.000545156194345598 -0.002479732735082507 0.00022820079683283386 0.999999959848359 -0.0001680109417095608 -0.021432150155305862 -0.000545117847619556 0.00016813531745035366 0.9999998372885103 1.09194016456604
0.999999807165435 -0.00030963201233435696 0.0005383280688020562 -0.0023665502667427063 0.00030973150409472575 0.999999934968267 -0.00018474267848721018 -0.02282702922821045 -0.0005382708315463449 0.0001849093800248826 0.9999998380365035 1.155663251876831
0.99999977406145 -0.0002756891882323003 0.0006130844316436415 -0.002345382235944271 0.00027579909765311836 0.9999999459118999 -0.00017919557731998646 -0.022107690572738647 -0.0006130349961998233 0.00017936462496583006 0.9999997960081916 1.1216578483581543
0.9999997881234741 -0.00026062177262672936 0.0005965142904068166 -0.0023724266793578863 0.0002607337509123774 0.9999999484025097 -0.00018765097754779454 -0.02110218070447445 -0.0005964653536977726 0.0001878064691973679 0.999999804478887 1.0710583925247192
0.999999837176791 -0.00021141136804731186 0.0005300487010461029 -0.002507322933524847 0.00021150390283124134 0.9999999624030524 -0.00017452791493468916 -0.020475510507822037 -0.0005300117839326308 0.0001746399938864558 0.9999998442941788 1.0443172454833984
0.9999999497560897 -0.0001693334961242672 0.0002679813152325382 -0.002831278834491968 0.00016938216421852063 0.9999999691659687 -0.00018159775439300716 -0.019248584285378456 -0.00026795055638695423 0.0001816431365239701 0.9999999476041339 0.9819241166114807
0.9999999810740879 -0.00010737774359714367 0.0001622400807326844 -0.003060708986595273 0.00010740546491408327 0.9999999796342721 -0.00017086697007264286 -0.018151775002479553 -0.00016222173011884536 0.0001708843923101284 0.999999972241317 0.926498293876648
