0.9999962922798156 0.0009499340557098666 -0.002552068163629922 -0.008636318147182465 -0.0009539271931538753 0.9999983221092301 -0.0015639058906668799 -0.021619264036417007 0.0025505782740728356 0.0015663345793615112 0.9999955205631942 1.0503478050231934
0.9999564352809511 0.001656815009849082 0.009185995005229418 0.0036708724219352007 -0.0016535113697182828 0.9999985655230968 -0.000367221865925248 -0.01864459365606308 -0.00918659024683116 0.0003520167208245082 0.9999577404289969 1.142037034034729
0.9998652955727695 0.0015490978856345248 0.01633985939104337 0.011994713917374611 -0.0015373900182379613 0.9999985524515529 -0.0007290587978187562 -0.01370470505207777 -0.016340965121747486 0.0007038398536437767 0.9998662297869403 1.043678879737854
0.999851866220934 0.0011725534004092938 0.017171800518253188 0.012951705604791641 -0.00115680472061079 0.9999989012096373 -0.0009270287787300946 -0.012113331817090511 -0.017172868640791043 0.0009070270345528963 0.999852124008648 1.0012317895889282
0.9999674374072658 0.001255609331908528 0.00797167299577703 0.0029302742332220078 -0.0012544815890035079 0.9999992024112964 -0.00014646745029487973 -0.017628096044063568 -0.00797185054355811 0.0001364623639281882 0.9999682149833236 1.0083870887756348
0.999970737203112 0.0010517335964425416 0.007577505784003832 0.002907347632572055 -0.0010482924863275877 0.9999993456229366 -0.0004580792088665412 -0.016938433051109314 -0.007577982602751646 0.00045012236180921856 0.9999711853696244 0.9582709670066833
0.9999511785863581 0.0009762051877455789 0.009832978551009928 0.005350024439394474 -0.0009706460821188337 0.9999993664104152 -0.0005701095957953588 -0.014944677241146564 -0.009833528864882129 0.0005605374201328649 0.999951492577447 0.8903768062591553
0.9999869021555692 0.0007961887888180938 0.005055848170263611 0.0004839967004954815 -0.0007950478669798978 0.9999996580326606 -0.0002276696099540926 -0.01777348294854164 -0.005056027709319664 0.00022364698666941748 0.9999871932009069 0.8615635633468628
0.9999858355677388 0.0010320232246965194 0.005221454965357345 -0.00042109214700758457 -0.0010306759685128391 0.9999994348691928 -0.0002607073899005631 -0.01810665987432003 -0.0052217210706335115 0.00025532206897493296 0.9999863341264729 0.9860172271728516
0.9999980304280535 0.0011946296562988779 0.0015849290199683654 -0.0046600219793617725 -0.001194730184626512 0.9999992843576126 6.24823868769472e-05 -0.020767973735928535 -0.0015848532424136183 -6.437582635403757e-05 0.9999987420471854 1.0892326831817627
0.9999965606845318 0.001069328292657378 0.0023948185963981947 -0.003203987143933773 -0.0010686876388936568 0.9999993928317564 -0.0002687802977792526 -0.02002122811973095 -0.0023951045567173184 0.0002662200603276535 0.999997096296305 1.0225940942764282
0.9999884197417631 0.0010072152757286668 0.0047059430255817205 -0.000553967198356986 -0.0010047592764736034 0.9999993578216144 -0.0005242281518625318 -0.01834941655397415 -0.004706468014129348 0.0005194937412556488 0.9999887895797057 0.9887535572052002
0.9999991952061094 0.0009657638662827372 0.0008227316015403794 -0.005261359736323357 -0.0009659212028969114 0.9999995152840387 0.00019086098985145528 -0.021461009979248047 -0.0008225468761017587 -0.00019165553014591785 0.9999996433423336 1.0545737743377686
0.999998242080835 0.0010168974221765248 0.0015753586489030906 -0.004421642515808344 -0.00101716603214268 0.9999994682848374 0.00016971536637551502 -0.020767055451869965 -0.0015751852281424394 -0.00017131746933572625 0.9999987447201231 0.9925537109375
0.9999978504827399 0.0009458991435445097 0.001845075800551241 -0.003951371181756258 -0.0009458173369900399 0.9999995516927178 -4.520982371641772e-05 -0.019969860091805458 -0.0018451177373238568 4.346462185689918e-05 0.9999982968242305 0.964042067527771
0.9999962448576792 0.0009963659344870638 0.002552944469579277 -0.0032963636331260204 -0.0009960522222167928 0.9999994962331208 -0.00012415101689188727 -0.019213100895285606 -0.0025530668833343723 0.00012160768467502909 0.9999967335251951 0.9759222269058228
0.9999984493716518 0.0010335164984165116 0.0014258674339859081 -0.004747931845486164 -0.0010335319182737967 0.9999994658549656 1.0077571558943697e-05 -0.021104484796524048 -0.0014258562570294284 -1.1551235436627149e-05 0.9999989833997349 1.011808156967163
0.9999991352080477 0.0010562026009849424 0.0007835937864605322 -0.0059245615266263485 -0.0010563311160336816 0.9999994286977623 0.00016361149771203256 -0.02243044786155224 -0.0007834205319022142 -0.00016443909072109495 0.9999996796059765 1.0605499744415283
0.9999986695379535 0.0011105620159602254 0.0011948114210392836 -0.005384446587413549 -0.001110225548721652 0.9999993438715565 -0.00028223339203524417 -0.021765414625406265 -0.0011951240747743554 0.0002809065063688855 0.9999992463847064 1.0778318643569946
0.9999926328272548 0.0010702729782626774 0.0036862999019491535 -0.0014977050013840199 -0.0010682084887885755 0.999999271561497 -0.000561967169688308 -0.01992855593562126 -0.0036868986749827594 0.0005580252927316092 0.9999930476687992 1.0023672580718994
0.9999778838317684 0.00109961168096407 0.00655916926826803 0.0015005171298980713 -0.001095562028692422 0.9999992070732717 -0.0006209643062566887 -0.01780104450881481 -0.006559846886932023 0.0006137645961155449 0.9999782956153804 0.9793758988380432
0.9999982570436273 0.0009535238414651873 0.0016052108868365783 -0.00438748300075531 -0.0009529047336382855 0.9999994713309894 -0.0003864069231404522 -0.020193960517644882 -0.0016055784864250485 0.0003848766365974888 0.9999986369929204 1.009599208831787
0.9999980373429974 0.0009250546131436991 0.001752022864036498 -0.004311252385377884 -0.00092454490480198 0.9999995300599553 -0.0002917131942371631 -0.020038271322846413 -0.0017522918913268387 0.00029009279789217815 0.9999984226584042 1.0031245946884155
0.9999949473032053 0.0010948709579480472 0.002984397032109489 -0.0013694190420210361 -0.001094243876240155 0.9999993788970459 -0.00021174480340014625 -0.018305640667676926 -0.0029846270117274156 0.0002084780753412017 0.9999955242592304 0.8765673041343689
0.9999916494001809 0.001101193093504616 0.003935543631592277 0.00017547514289617538 -0.0010993135759338206 0.9999992806954645 -0.00047970638419615784 -0.016294151544570923 -0.00393606905009508 0.00047537598181722355 0.9999921406581697 0.8042558431625366
0.9999771240893046 0.000881156233527723 0.006706329978134408 0.0027214547153562307 -0.0008749607601787789 0.9999991878326775 -0.0009267025701270108 -0.015228843316435814 -0.00670714110121864 0.0009208135953860972 0.9999770829176892 0.7927746772766113
0.9999906269135114 0.0009133768208644322 0.004232236749732015 0.0007316013798117638 -0.0009113363002574175 0.9999994675850604 -0.00048404105598346027 -0.01615169644355774 -0.004232676608306823 0.0004801795280434642 0.9999909268970147 0.7852789163589478
0.9999923371027931 0.0009863211337672953 0.0037885229726668667 -0.00035834102891385555 -0.0009838302310192129 0.9999992987045776 -0.0006592938867036569 -0.01722610741853714 -0.0037891705912868686 0.0006555615711709537 0.9999926061852937 0.8415546417236328
0.999976791852317 0.0009603047832110458 0.006744892250533401 0.0014758094912394881 -0.0009556855636918719 0.9999993066350648 -0.0006880366945585746 -0.01773941144347191 -0.006745548298790431 0.0006815747303488639 0.9999770162528916 0.911598801612854
0.9999402092291827 0.0009570801076929146 0.01089320725802518 0.0065629989840090275 -0.0009459624580637825 0.9999990265359588 -0.0010257105649360712 -0.015835370868444443 -0.010894178341057568 0.0010153446717967583 0.9999401411851967 0.8901940584182739
0.9999564007268472 0.0011192887012010744 0.009270589960325102 0.004136345814913511 -0.0011115459858439148 0.9999990291789228 -0.0008403015728766403 -0.01702101156115532 -0.009271521500297092 0.0008299602492820295 0.9999566740889598 0.9533904790878296
0.9999220734950307 0.001120719993917278 0.012433459860145652 0.007909605279564857 -0.0011037593349230638 0.9999984511835146 -0.0013708923745791655 -0.01582731306552887 -0.012434976989491748 0.0013570619983416983 0.9999217618043942 0.9535813927650452
0.9998711732770676 0.0009393683782007092 0.016023558799159076 0.011720700189471245 -0.0009206324774136567 0.9999988840135868 -0.001176608440491086 -0.013128961436450481 -0.01602464618584769 0.00116170505324727 0.9998709222474607 0.8418530225753784
0.9999259022442905 0.0009713655257659916 0.012134515645757888 0.007202949840575457 -0.0009594650976536268 0.9999990531296855 -0.0009864919964717638 -0.014853253960609436 -0.012135462400262058 0.0009747762553897632 0.9999258874354559 0.8765844702720642
0.9998386172637864 0.0005959318531081444 0.017955063165192808 0.014726756140589714 -0.0005748562832118678 0.9999991398274144 -0.0011789337067320005 -0.01171843707561493 -0.017955750284888248 0.0011684218663086164 0.999838099805188 0.7081078886985779
0.9997735642016451 0.0006020139072041383 0.021271057867309356 0.017865395173430443 -0.0005766372361795832 0.9999991147910336 -0.001199127452357801 -0.010163894854485989 -0.021271760929381035 0.001186590242956576 0.9997730263367574 0.7132684588432312
0.9998209840715762 0.0005963641348637428 0.018911482225454596 0.01550120860338211 -0.0005772941821843897 0.999999319447157 -0.001013822790169075 -0.010474507696926594 -0.018912073962742765 0.001002723811075797 0.9998206479181085 0.7156126499176025
0.9998908332102009 0.00035209732135124564 0.014771516160721771 0.01126386970281601 -0.00033629130363247177 0.9999993683216843 -0.0010725037955624259 -0.01365105714648962 -0.014771884455588878 0.0010674191813396996 0.9998903200081107 0.5797097086906433
0.9998759162055347 0.0004142611870441191 0.015747399144346357 0.01249297522008419 -0.00039430526217166693 0.9999991153847331 -0.0012703358262797042 -0.012025618925690651 -0.015747911464784 0.0012639689158420008 0.9998751950454002 0.5673632025718689
0.9998864538868564 0.0002521864718116156 0.015067041366863836 0.011302931234240532 -0.00024020456473652707 0.9999996535113036 -0.0007970439383290486 -0.013485967181622982 -0.015067237150003002 0.0007933342649744519 0.9998861680138441 0.6367175579071045
0.9998403272018995 0.0005772847520380114 0.01786020277359066 0.014429928734898567 -0.0005573445474301588 0.9999992158945671 -0.0011214175434084283 -0.012501268647611141 -0.017860836146557108 0.0011112841968995756 0.9998398649681757 0.6965315341949463
0.9999438967905893 0.0009914479662305681 0.010546103649293535 0.006117620039731264 -0.000985168899681923 0.9999993343784914 -0.0006005704065939125 -0.014717817306518555 -0.01054669206388831 0.0005901470193385196 0.9999442079501262 0.8735305070877075
0.9999951542403356 0.0010038722529973146 0.002946818003666725 -0.002366012427955866 -0.0010027062071302497 0.9999994184269592 -0.00039714733446836315 -0.018639516085386276 -0.0029472149750662427 0.0003941906172842692 0.9999955792590524 0.9201111793518066
0.9999318172936807 0.0010005761522830865 0.011634414945339414 0.007315791677683592 -0.0009920945255053866 0.999999237937476 -0.0007347604504350209 -0.01449127122759819 -0.011635141262972142 0.0007231679131042846 0.9999320479492394 0.8485549688339233
0.9999680193059975 0.001137759854513804 0.007916177597398507 0.0032885754480957985 -0.001135360219754579 0.9999993081639876 -0.0003076178109691299 -0.016504324972629547 -0.007916522115897618 0.00029862026000144896 0.999968619259389 0.8905067443847656
0.9998991777134093 0.00046890653833144095 0.014192058860729426 0.011459169909358025 -0.000454202179797236 0.9999993567745269 -0.0010393030897532956 -0.012113566510379314 -0.014192537068049745 0.0010327522407689717 0.9998987475311595 0.605579137802124
0.9998771710342707 0.0003181747881105004 0.015669767366098673 0.012616174295544624 -0.00030236656949955167 0.9999994430300316 -0.0010111943846997165 -0.01154742855578661 -0.01567008037506793 0.0010063321669359494 0.9998767103381337 0.5803999900817871
0.9998155188675432 0.00047809352883369517 0.01920155353618906 0.016350507736206055 -0.00045070024315102655 0.9999988746675141 -0.0014309203319388033 -0.010090194642543793 -0.019202216041808065 0.0014220022092878738 0.9998146092195296 0.6219691038131714
0.9997847806941463 0.0005185246131746202 0.020739417170767088 0.017447343096137047 -0.0004898821751133301 0.9999989193435588 -0.001386119464173043 -0.008783558383584023 -0.020740113495641314 0.0013756612737099354 0.9997839542862487 0.6557971239089966
0.99985715634813 0.0005836905873629099 0.016891601603429836 0.013161957263946533 -0.0005676669551597534 0.9999993843963634 -0.0009533945258784306 -0.011374651454389095 -0.016892147692309265 0.0009436695354726908 0.9998568721742871 0.7702926993370056
0.9999948816202593 0.0008178942058765751 0.0030931832069142906 -0.0022354871034622192 -0.0008171637947270904 0.9999996379440713 -0.00023739220457710616 -0.018499212339520454 -0.003093376248717616 0.00023486335218650745 0.9999951879197166 0.8954819440841675
0.9999975075499108 0.0009442845387290333 0.0020231709458954023 -0.003554185386747122 -0.0009435232549321062 0.9999994837404067 -0.0003772039071362232 -0.019180886447429657 -0.00202352608923145 0.0003752940581381559 0.9999978822460257 0.9288685917854309
0.9999954712758686 0.0009471598964981843 0.0028566266616344527 -0.002043450251221657 -0.0009464098805102348 0.9999995173341955 -0.0002638933766335763 -0.01865319162607193 -0.0028568752320617453 0.00026118864183577364 0.9999958850137344 0.8672014474868774
0.9999933811743087 0.00083514769342143 0.0035412054309273033 -0.0009254615288227797 -0.0008340287967955174 0.999999601817043 -0.00031742986886469415 -0.016687989234924316 -0.0035414691217024587 0.0003144743005469609 0.999993679531213 0.8184061646461487
0.9999893847486407 0.0007826653415769392 0.004540685520741418 0.0005460765678435564 -0.0007811617853904646 0.9999996394839125 -0.00033289384275287943 -0.015905024483799934 -0.004540944428224385 0.0003293432989927836 0.9999896356246356 0.7863181233406067
0.9999933003489562 0.000715232376196545 0.003589944268458248 -0.0004195293877273798 -0.0007143543097553338 0.9999997146236678 -0.00024586684065572875 -0.0158408060669899 -0.00359011909589779 0.00024330070127373847 0.9999935259038661 0.7801638841629028
0.9999691603051648 0.0007320578294221552 0.007819368895130133 0.0043378002010285854 -0.0007285645144948112 0.9999996335309185 -0.0004495906773586028 -0.0142555832862854 -0.007819695155948592 0.000443879897416576 0.9999693271987421 0.7522056102752686
0.9999872782883811 0.0007489865154449143 0.004988214168980262 0.0018383440328761935 -0.0007476914737094287 0.9999996862927623 -0.0002614800896910488 -0.014536055736243725 -0.004988408449202609 0.0002577471180135705 0.9999875245959657 0.7400956153869629
0.9999962857246771 0.0007462722077556356 0.0026213764784842153 -0.0007311266381293535 -0.000745839942810366 0.9999997081043083 -0.00016587368128563002 -0.015478956513106823 -0.0026214995002340562 0.0001639179379023118 0.9999965504296903 0.7528570294380188
0.9999635991608951 0.0005494729209883907 0.008514601147315812 0.005972727667540312 -0.0005453413015084677 0.9999997324472029 -0.0004875534715079671 -0.012573372572660446 -0.008514866766640587 0.00048289236048099305 0.9999636312681149 0.6566175222396851
0.999935673531523 0.00045291160189942653 0.011333299172804326 0.008530953899025917 -0.00044602411940794344 0.9999997143341386 -0.0006102410393571204 -0.011481676250696182 -0.011333572320514336 0.000605146859922602 0.9999355898935359 0.6420634984970093
0.9999041887702995 0.0005168344241296776 0.0138327929857659 0.010363219305872917 -0.0005062922117597564 0.9999995787558634 -0.0007656084455788981 -0.011713601648807526 -0.013833182851583043 0.0007585316563366799 0.9999040292357666 0.6900200247764587
0.9999083384173652 0.0006677522056999605 0.01352290170103184 0.009533783420920372 -0.0006580313573516876 0.999999521930221 -0.0007232800716887193 -0.011928602121770382 -0.013523378208004422 0.0007143152813309967 0.9999082997932971 0.7233859300613403
0.9998543083774803 0.0005259050781885452 0.017061226299392038 0.013625822961330414 -0.0005045503325139934 0.9999990840290638 -0.0012559339136211636 -0.010344181209802628 -0.017061871173827653 0.001247142687169056 0.9998536578855756 0.6078058481216431
0.9999175167139187 0.0006472818340558171 0.012827345590477372 0.008931618183851242 -0.000635919107766724 0.9999994018605072 -0.0008898794954452282 -0.011987093836069107 -0.012827913920767285 0.0008816489410973157 0.9999173302426487 0.7284231185913086
0.9999469077648813 0.0007450900178540445 0.010277474997167583 0.006796087604016066 -0.0007372789546698951 0.9999994365255118 -0.0007637855732760978 -0.01406623050570488 -0.010278038295079048 0.0007561676561703034 0.9999468936594987 0.7576916217803955
0.9998121321123221 0.0005700751465317159 0.019374609553230195 0.015543334186077118 -0.0005426050989389457 0.9999988402324946 -0.0014230647815725226 -0.010323014110326767 -0.019375398337051482 0.0014122846714644457 0.999811281888381 0.5575289130210876
0.9997959618197763 0.000309787203150777 0.020197493922688187 0.01688339374959469 -0.0002833333844151563 0.9999990983935287 -0.001312605928196157 -0.009446488693356514 -0.0201978823410163 0.001306615482161397 0.999795148170324 0.5752763748168945
0.9997762980785823 0.0005969275971605369 0.021142314862135237 0.017399445176124573 -0.0005683708601535546 0.9999989181940113 -0.001356674379681914 -0.010011130943894386 -0.021143101826629995 0.0013443542133326119 0.9997755557908474 0.7009303569793701
0.9995308972619308 0.0005104639772712963 0.03062229327283349 0.027813414111733437 -0.0004505276694005178 0.9999979695781377 -0.0019641447046753273 -0.004262101836502552 -0.03062323372177764 0.0019494271285964914 0.999529097770691 0.5174709558486938
0.9996545625328628 0.0006878819473064842 0.02627322640364027 0.022116951644420624 -0.0006413499811232037 0.9999982110859885 -0.0017794648139665367 -0.005391033366322517 -0.02627440346481883 0.00176199978689032 0.9996532154098834 0.4147442579269409
0.9993338550347222 0.0007826259184332313 0.036486075126169665 0.03354160115122795 -0.0007153041477375097 0.9999980178014485 -0.0018581531556347158 -0.0024050772190093994 -0.03648745704234442 0.0018308167153929633 0.999332433972168 0.5138862133026123
0.9994616391072542 0.0005825484004130906 0.032803850237463066 0.03091612458229065 -0.0005233658584594402 0.9999982201170302 -0.0018126916311963102 -0.003287474624812603 -0.03280484783105888 0.0017945473336711617 0.9994601650684475 0.5608202219009399
0.9999642639473268 0.00023922934199353596 0.008450656637365488 0.0043311892077326775 -0.00023132242347222257 0.9999995346141622 -0.000936622333308155 -0.00934589747339487 -0.008450876772094062 0.0009346340357498301 0.9999638539172313 0.3512800931930542
0.9995432172378343 0.000162660900045512 0.030221356939602997 0.028102880343794823 -0.00012867236487911106 0.9999993571142414 -0.0011265942154851485 -0.004067081958055496 -0.03022152076355209 0.0011221909532002849 0.9995425955756976 0.46018916368484497
0.9996359584816235 0.0006125920684010744 0.02697360267899235 0.02451670542359352 -0.0005774584761604148 0.999998974843241 -0.0013102878217208644 -0.006167521234601736 -0.026974377698748154 0.001294234687053167 0.9996352874445462 0.6968791484832764
0.9997670008831004 0.0004762897649161162 0.021580479449499097 0.019438160583376884 -0.0004551499921913293 0.9999994118190119 -0.0009844796162271033 -0.007074728608131409 -0.02158093565383635 0.0009744278782929923 0.9997666296224409 0.6859659552574158
0.9999988274670933 0.0008531865432337574 0.0012716670792727895 -0.0017353864386677742 -0.000852210550533598 0.9999993420830017 -0.0007678351001286508 -0.013006661087274551 -0.0012723213491962542 0.0007667504717150066 0.9999988966454404 0.711620569229126
0.9999924077531862 0.0009546746963421357 0.0037779666766015493 -0.0008217967115342617 -0.0009517347148350666 0.9999992429682371 -0.0007799128063002055 -0.016010213643312454 -0.003778708379582304 0.0007763112629720752 0.9999925593242207 0.8028404116630554
0.9999897694471637 0.0010297316407656422 0.004404617322382977 -0.00012603867799043655 -0.001026287326817882 0.9999991659080512 -0.0007841667710971004 -0.015473945066332817 -0.004405421129862966 0.0007796383457000719 0.999989992164281 0.7749192118644714
0.9999966596499117 0.0008281004849641283 0.0024484563719397454 -0.0016784337349236012 -0.0008267275934641083 0.9999995005205943 -0.0005616761059059371 -0.01544561330229044 -0.002448920273241906 0.0005596500232670316 0.9999968447856956 0.7523773908615112
0.9999953131318261 0.0010005062225782256 0.00289356210915429 -0.001903054304420948 -0.0009985861071691831 0.9999992803330395 -0.0006649505165717914 -0.016044331714510918 -0.002894225313882779 0.0006620579291139454 0.9999955925598527 0.7808111906051636
0.9999842494858092 0.0009935851196388595 0.005523908843634501 0.0017706251237541437 -0.0009876083710731987 0.9999989241350243 -0.0010846006173323597 -0.01433761790394783 -0.00552498054368858 0.0010791280756999265 0.9999841549107606 0.7894067168235779
0.999856006943494 0.0005830470683640312 0.016959523434572084 0.014073431491851807 -0.000566140368842198 0.9999993380716348 -0.001001669294193229 -0.010882891714572906 -0.016960096228927912 0.0009919235899173134 0.9998556751969242 0.7179789543151855
0.9999931066834608 -0.003021548472585864 -0.0021579690425939163 -0.0017609135247766972 0.003013418939031782 0.9999883885936931 -0.0037605829451326156 0.01556436438113451 0.0021693067691924625 0.0037540541574612053 0.9999906005485872 -0.15044915676116943
0.9997642471527612 0.0004468945711438048 0.021708302566419802 0.01935725286602974 -0.00042560428814315945 0.999999423969066 -0.0009853540106522826 -0.007829641923308372 -0.021708730411124016 0.0009758825639781556 0.9997638614578739 0.7036848664283752
0.9999456213179758 0.0004929103308136647 0.010416882758926917 0.007239283993840218 -0.00048565957472235423 0.9999996380629133 -0.0006985762809062012 -0.012479697354137897 -0.010417223324136436 0.000693479234398119 0.9999454987871923 0.7361465096473694
0.9998634109868554 0.0007313463485445204 0.01651134465297588 0.013159167021512985 -0.0007096817781206777 0.9999988797143464 -0.0013179233004998686 -0.009392369538545609 -0.016512290013946822 0.0013060254862243658 0.9998628098773975 0.634958803653717
0.9999378328096327 0.0003516193165428752 0.011144814033048069 0.007672306150197983 -0.0003395378798540146 0.999999352751453 -0.0010859146849732312 -0.009388614445924759 -0.011145188648162734 0.0010820630901801393 0.9999373049894006 0.44967764616012573
0.9998526804784326 0.0002118404372855186 0.01716311346237741 0.014077264815568924 -0.0001923522024662907 0.9999993349850037 -0.0011371148492015297 -0.007561140228062868 -0.017163342935556474 0.0011336459673103108 0.9998520563093808 0.4232020378112793
0.9995637288801978 0.0003651362049346066 0.029533346960106847 0.02769446186721325 -0.0003213490993941987 0.9999988422388056 -0.0014873653904061397 -0.004122617654502392 -0.029533855858497802 0.0014772259813939856 0.9995626889602919 0.4936647415161133
0.9999974512555896 0.0007276848479448423 0.0021372779619040034 -0.0014283121563494205 -0.000726991850608376 0.9999996829282374 -0.00032500195900859904 -0.012565053068101406 -0.0021375137832346366 0.00032344734700088363 0.9999976632055896 0.6330677270889282
0.9999937459496673 0.0006175174377384723 0.0034823460147399236 0.0005029353778809309 -0.0006114363012824832 0.9999982869444066 -0.0017470700906630492 -0.013620613142848015 -0.003483418895533541 0.001744929931631729 0.9999924104773655 0.7790221571922302
0.9999451178282309 0.0006065320827797975 0.010459132388393237 0.007087890524417162 -0.0006001352226988263 0.9999996309705087 -0.0006147329184069784 -0.012692411430180073 -0.010459501383902288 0.0006084222867842134 0.9999451128202593 0.747173547744751
0.9999709035773019 0.0006671768150537902 0.007599136391163525 0.004021803382784128 -0.0006625871770485791 0.9999995965861422 -0.0006064699376596302 -0.014268295839428902 -0.007599537948248032 0.0006014172012245422 0.9999709422379847 0.7600542902946472
0.9999712376846241 0.0006184646901932596 0.007559186788777903 0.004012148827314377 -0.0006139575103298712 0.9999996323922101 -0.0005985579503349691 -0.01389112789183855 -0.007559554196919272 0.0005938997149214744 0.9999712497984491 0.753648042678833
0.9999865199585463 0.0006393515894712661 0.0051527789338447075 0.0017113348003476858 -0.0006366591734698619 0.9999996599707909 -0.0005241406297288768 -0.01535341888666153 -0.005153112291894084 0.000520853000314366 0.9999865869829752 0.7170493602752686
0.9999779367158745 0.000585347427914867 0.006616906365595783 0.003268427914008498 -0.000582433697687671 0.9999997325864264 -0.0004422646983068503 -0.014009909704327583 -0.006617163474648817 0.0004384010312533859 0.9999780102342678 0.7164429426193237
0.9999839216939147 0.00078697127416356 0.005615783994448251 0.0011155494721606374 -0.0007839425638909706 0.9999995461047873 -0.0005415018707267602 -0.016321321949362755 -0.005616207591887947 0.0005370907121910714 0.9999840847462782 0.8389164209365845
0.9999973138576762 0.0008652133834936627 0.0021502751528570396 -0.0033237868919968605 -0.0008643521191461763 0.9999995458730414 -0.00040143383623582644 -0.018328361213207245 -0.0021506215022868234 0.0003995741630422894 0.9999976075809591 0.9286001920700073
0.9999911394181342 0.0009638436971506763 0.004097815338522216 -0.0006951196119189262 -0.0009607166050717553 0.9999992458898685 -0.0007650119597344934 -0.017182495445013046 -0.004098549600273788 0.00076106834204316 0.9999913112953294 0.9252240657806396
0.9999960640913946 0.0010242900177997677 0.0026120167837325003 -0.003220424521714449 -0.0010227801817193716 0.9999993091630475 -0.0005793048657819075 -0.019288573414087296 -0.0026126083554460686 0.0005766310666901812 0.9999964208806918 0.9763338565826416
0.9999710825805807 0.0011212567232464405 0.00752175418251535 0.0026111076585948467 -0.0011129803765887053 0.9999987707681736 -0.0011044169607338865 -0.016763009130954742 -0.007522983271478208 0.0010960134590427555 0.9999711013210305 0.9678014516830444
0.9999952852359884 0.001150334466598405 0.0028471453087422316 -0.0030408408492803574 -0.0011492960078226487 0.9999992724543544 -0.00036634607695565217 -0.01957908272743225 -0.0028475646578330857 0.0003630721369833243 0.9999958797685832 0.9901866912841797
0.9999947202993964 0.0010756080720405942 0.0030663399366120505 -0.0024053044617176056 -0.0010745073564004833 0.9999993577034444 -0.000360592067659246 -0.019095225259661674 -0.00306672582285116 0.00035729535902197457 0.9999952337550182 0.9849240779876709
0.9999967308756165 0.0011367300888529353 0.002290432881527926 -0.0037862081080675125 -0.0011366431156118956 0.999999353249791 -3.9273749982871896e-05 -0.020123597234487534 -0.0022904760438432884 3.667021682553836e-05 0.9999973761839516 0.9953022003173828
0.9999975871682667 0.0008956507886936047 0.002005858247750225 -0.003768396098166704 -0.0008952397184360622 0.9999995780912115 -0.00020582333665306342 -0.01923895627260208 -0.002006041747294806 0.0002040271160630467 0.9999979670826559 0.9806692600250244
0.9999977002424532 0.0011445696623914635 0.0018136896352662928 -0.003932972904294729 -0.001144462260774027 0.9999993432875826 -6.0253941977035294e-05 -0.019706426188349724 -0.001813757409027814 5.817810406725821e-05 0.9999983534483292 0.9707273244857788
0.9999972504647341 0.0009184006099139026 0.00215768470617688 -0.003574167378246784 -0.0009177575270550931 0.9999995341556969 -0.00029901423129922143 -0.01948225311934948 -0.00215795831588415 0.00029703317776894197 0.9999976274907846 0.9588644504547119
0.9999979648252978 0.0008659308347192319 0.001822226399794304 -0.004346080124378204 -0.0008655154733191873 0.9999995992854526 -0.00022871794866136908 -0.019890472292900085 -0.0018224237235258762 0.00022714031803547333 0.999998313588102 0.9924930334091187
0.999994149051748 0.0008535683577340112 0.0033125946520675235 -0.0018395069055259228 -0.0008522641213289114 0.999999558766038 -0.000395112131876885 -0.018132846802473068 -0.0033129304456517876 0.0003922866145257845 0.999994435286054 0.9132258892059326
0.9999961708176967 0.0008492214307782184 0.002633851344636969 -0.002593408338725567 -0.0008484934835234157 0.9999996015299765 -0.0002774863901256404 -0.018712319433689117 -0.002634085942515406 0.0002752505218771721 0.9999964929080489 0.89299476146698
0.9999957501600254 0.0009746425030049513 0.0027476779067823593 -0.0022323220036923885 -0.000973913403503509 0.9999994901879883 -0.00026667666952248154 -0.017405997961759567 -0.0027479364203998346 0.0002639995358473853 0.9999961895675775 0.8987699747085571
0.9999971954709916 0.0008058156640935679 0.0022270409216452822 -0.0029579228721559048 -0.0008052301672504138 0.9999996410101665 -0.00026378763370519685 -0.018431968986988068 -0.002227252686367466 0.00026199361337131616 0.999997485349247 0.8968589901924133
0.9999964020318406 0.0008040080558783372 0.002559198003194216 -0.00234280526638031 -0.0008036548591942011 0.9999996674038658 -0.0001390360567315544 -0.01808047853410244 -0.002559308938124523 0.00013697884457334215 0.999996715581884 0.8789060115814209
0.9999975170830648 0.0007832833011863829 0.002086215467174023 -0.002949110232293606 -0.0007831086934853496 0.9999996897992454 -8.451146229789115e-05 -0.018200797960162163 -0.0020862810164455877 8.287751899412262e-05 0.999997820279043 0.8837993144989014
0.9999968575141293 0.0009644552707150487 0.0023140414639667875 -0.0029837177135050297 -0.0009643473981403072 0.9999995338777746 -4.7731845127908716e-05 -0.018794819712638855 -0.0023140864205702457 4.550015526629466e-05 0.9999973214632997 0.9339485168457031
0.9999981795468073 0.0007482055075523811 0.0017553038455191791 -0.0039489008486270905 -0.0007481622402102285 0.9999997198063956 -2.5305985745430183e-05 -0.01905689388513565 -0.0017553222877721764 2.399268761975438e-05 0.9999984591328215 0.924242377281189
0.9999918164067919 0.0007572975386332489 0.003974118755570572 -0.0009804624132812023 -0.0007567686945412745 0.9999997045954333 -0.00013457410381163788 -0.017431356012821198 -0.003974219494235322 0.0001315655138493108 0.9999920941037121 0.8593217730522156
0.9999780106198294 0.0006549892867942564 0.006599186756169333 0.002147343475371599 -0.000653116607182839 0.9999997458426642 -0.00028592534810332044 -0.016062701120972633 -0.006599372356977439 0.0002816090223177853 0.9999781842524629 0.8095476627349854
0.9999972722431848 0.0008819728020995624 0.0021627829678598854 -0.0027952692471444607 -0.0008817322671118428 0.9999996049833673 -0.00011216647652533896 -0.017424192279577255 -0.0021628810413062425 0.0001102591750329462 0.9999976548915079 0.9107370376586914
0.9999979145091976 0.0010071544688182992 0.0017766871225164665 -0.004092263989150524 -0.0010068688749541455 0.9999994800449008 -0.0001616322880884802 -0.020199555903673172 -0.0017768489874001913 0.00015984306004163633 0.9999984086276698 1.0201404094696045
0.9999984493793831 0.001003507899639315 0.001447138806371726 -0.004522827919572592 -0.0010033528423071308 0.9999994908234892 -0.00010786953431770492 -0.019795266911387444 -0.001447246317452456 0.00010641737621839503 0.999998947076165 1.003477931022644
0.999998681579464 0.0011572881486528008 0.0011390888790780086 -0.005628223065286875 -0.0011570091346173716 0.9999993005115345 -0.00024557341877277494 -0.02179304137825966 -0.0011393722815056465 0.00024425515876550224 0.9999993210848802 1.1105183362960815
0.9999967875810661 0.0012899664997625703 0.002181928958068804 -0.003801364917308092 -0.0012895444860438177 0.9999991495618888 -0.00019480892704139586 -0.020851831883192062 -0.0021821783994629995 0.00019199460677669312 0.9999976006148736 1.0699936151504517
0.9999978766724977 0.0012631773468582954 0.0016281994614580609 -0.004989348351955414 -0.0012630331361230557 0.9999991983596168 -8.959587428617639e-05 -0.02104197070002556 -0.001628311331706391 8.753921417275317e-05 0.9999986704686626 1.0941119194030762
0.9999984666671287 0.0013601576314886308 0.001103011608576734 -0.0058356826193630695 -0.0013603191237472772 0.9999990641551486 0.0001456732929061602 -0.022950466722249985 -0.001102812437687949 -0.00014717351732537393 0.9999993810721498 1.1634747982025146
0.999998335827841 0.0012823422346484455 0.0012976671151948267 -0.005501535255461931 -0.0012824318704497742 0.9999991753552294 6.824484468690444e-05 -0.02269786037504673 -0.001297578531833787 -6.990890078149437e-05 0.9999991557009933 1.1726628541946411
0.999996963985469 0.0013502019479614148 0.0020613040882857484 -0.004309979733079672 -0.0013502112664189416 0.9999990884594571 3.1290678339808175e-06 -0.021384432911872864 -0.0020612979844500156 -5.912254337604247e-06 0.9999978755055756 1.1263407468795776
0.9999970719864799 0.0013411671064451813 0.002014271396599786 -0.004549950826913118 -0.0013410600381709716 0.9999990992932093 -5.450453101691522e-05 -0.021862804889678955 -0.0020143426820160132 5.180311255090069e-05 0.9999979698679375 1.166087031364441
0.9999954964922902 0.001380669843718603 0.0026647224847349002 -0.003603375982493162 -0.0013798251958924072 0.9999989972283159 -0.000318786435677834 -0.021378591656684875 -0.0026651599514449734 0.000315108148796165 0.9999963988081597 1.1450796127319336
0.9999951231453575 0.0012187628183323784 0.0028754656482111794 -0.0030361786484718323 -0.0012174209435196837 0.9999991492586242 -0.0004683676699653347 -0.02124159410595894 -0.00287603403103504 0.0004648647337017853 0.9999957561555107 1.0826098918914795
0.9999387937340392 0.001447496543931391 0.010968752867584735 0.005945451557636261 -0.0014355127547407925 0.999998364283559 -0.0011003332847280827 -0.01731792651116848 -0.010970327654442148 0.0010845201527913946 0.9999392360174655 1.1070590019226074
0.9999659261852811 0.001433553968189513 0.008129661212712897 0.002427117433398962 -0.0014296360237764107 0.9999988591329478 -0.00048772291585802636 -0.018786288797855377 -0.008130351114971677 0.00047608384074696497 0.9999668348174974 1.1058683395385742
0.9999864721184554 0.0013338143809039377 0.005027575885360262 -0.0007690922357141972 -0.0013317813337249823 0.9999990300669379 -0.0004077053624159784 -0.019765248522162437 -0.00502811481222375 0.0004010042153081219 0.9999872785476095 1.081616997718811
0.9999977154780729 0.0011694956656450625 0.0017892228825244433 -0.004192310851067305 -0.0011690772102837567 0.9999992890391635 -0.00023490347810522824 -0.020942695438861847 -0.0017894963290565349 0.0002328112017670042 0.9999983717495907 1.0420912504196167
0.999997007202059 0.001027255505127942 0.002220435329478016 -0.0034964079968631268 -0.0010265037903591126 0.9999994154613724 -0.00033965700631942165 -0.020348254591226578 -0.0022207829460773928 0.000337376704512676 0.9999974771468504 1.0417691469192505
0.9999780890901291 0.0013587641993594015 0.006478819298658657 0.0009602857753634453 -0.0013533143281610188 0.9999987268405055 -0.0008454925767488545 -0.019270548596978188 -0.0064799598751324634 0.0008367061722507678 0.9999786547935902 1.094050407409668
0.9999990848263508 0.0010732555424625195 0.0008236922976465453 -0.005498987156897783 -0.0010733536022489137 0.9999994169209473 0.00011861622910094848 -0.021136920899152756 -0.0008235645118435121 -0.00011950023364132487 0.9999996537305345 1.0850571393966675
0.9999976996297743 0.001641107581894268 0.0013811231170459803 -0.0060674878768622875 -0.0016408769594913133 0.999998639631949 -0.00016809835000810785 -0.02362304925918579 -0.0013813971056869196 0.0001658317102186869 0.9999990321204717 1.2347897291183472
0.9999753553622395 0.0014989326482921063 0.0068587075370726445 0.001202325918711722 -0.0014918698326657695 0.9999983517973988 -0.0010347593383881338 -0.01966750994324684 -0.006860247267088475 0.001024501538253434 0.9999759434126567 1.1150991916656494
0.9999980482917942 0.001157909521088838 0.0016008304543073362 -0.004532674327492714 -0.001157864270204433 0.9999993292488074 -2.9193615279011174e-05 -0.02101922035217285 -0.0016008631841134863 2.734001391589508e-05 0.9999987182439732 1.0649745464324951
0.9999987012358841 0.0010371511573854747 0.0012336304233425896 -0.004451220855116844 -0.0010368935343735115 0.9999994404901568 -0.0002094544613255808 -0.019797421991825104 -0.0012338469690512084 0.00020817504588387217 0.9999992171420969 0.9790427684783936
0.9999998442598638 0.0005247755134799889 -0.0001899760738711676 -0.004446153528988361 -0.0005248344890240236 0.9999998140630091 -0.0003105200576978623 -0.017353419214487076 0.0001898130852248639 0.0003106197153330831 0.9999999337431903 0.8748666048049927
0.9999998311851258 0.00057590218785765 -7.724241034141473e-05 -0.004221239127218723 -0.000575920851674558 0.9999998049185442 -0.00024182234418142567 -0.017869945615530014 7.710312925576592e-05 0.0002418667888729663 0.9999999677777814 0.8863246440887451
0.9999997462171343 0.0005710111827847418 -0.0004260421297790576 -0.005602785851806402 -0.0005709429306153746 0.999999824163232 0.00016030494490006645 -0.02000301703810692 0.00042613359078137996 -0.00016006165847527645 0.9999998963952089 0.9654057025909424
0.9999996151568401 0.0008701526548076678 0.0001118951692477215 -0.0061012920923531055 -0.0008701800988127606 0.999999591270121 0.0002454509860249836 -0.021157782524824142 -0.00011168154368570772 -0.00024554826051428316 0.9999999636166416 1.0286307334899902
0.9999996309057932 0.0008530540129669701 0.00010240668163089895 -0.00643297890201211 -0.0008530847905850839 0.9999995908597398 0.00030087654154787284 -0.022109508514404297 -0.00010214997579102754 -0.000300963792078638 0.9999999494930879 1.0428365468978882
0.9999989342579683 0.0010382457464006734 -0.0010264154607693703 -0.008471334353089333 -0.0010381573047401422 0.9999994573565819 8.669459355104244e-05 -0.024109968915581703 0.0010265049140847663 -8.56289204486742e-05 0.999999469477534 1.1492528915405273
0.9999989904093057 0.0013252969072209738 -0.0005126094776191473 -0.008072391152381897 -0.0013251531573625743 0.9999990825975205 0.00028066568471387103 -0.0253775492310524 0.0005129809727138559 -0.00027998611528864666 0.9999998292291337 1.1948440074920654
0.9999988983393335 0.001320107675001553 -0.0006787015879588279 -0.007807249668985605 -0.001320002640007496 0.9999991167551833 0.0001551833864132863 -0.02407664805650711 0.0006789058472786053 -0.0001542873275659705 0.999999757641106 1.1526458263397217
0.9999993660049128 0.001052951239954521 -0.00039910331847091836 -0.006384183187037706 -0.001052895154687559 0.9999994358057681 0.0001407122559546083 -0.02342052012681961 0.0003992512564435123 -0.00014029195279349153 0.9999999104582972 1.0950167179107666
0.9999997065765472 0.0007446165452515604 -0.00017998061035836383 -0.005067155230790377 -0.0007445396585287061 0.9999996317150348 0.0004268846350736444 -0.02204788103699684 0.00018029840943640054 -0.0004267505071135028 0.9999998926882384 1.037466049194336
0.9999995674605856 0.0008710571777348699 -0.0003260951319080045 -0.006557550746947527 -0.0008709775868751848 0.9999995908979848 0.00024413501700485204 -0.022593937814235687 0.00032630765406072736 -0.00024385088985575374 0.9999999170300259 1.0741101503372192
0.9999994316082182 0.0010590479563541164 0.00012329098492216793 -0.0056755137629806995 -0.0010590692725062432 0.9999994242290283 0.00017295631907308446 -0.022379904985427856 -0.00012310774489854482 -0.00017308679445984218 0.9999999774427223 1.0612739324569702
0.9999995822671177 0.0009042848352107742 0.0001331710456160656 -0.005179246887564659 -0.0009043165685238296 0.9999995626829682 0.0002384227690172912 -0.021532751619815826 -0.00013295538528370788 -0.0002385430982032589 0.9999999627100274 1.0451445579528809
0.9999973343130908 0.0010512739325524653 0.002055769887730846 -0.0019361544400453568 -0.0010506725120526157 0.9999994049398867 -0.0002936105330794164 -0.019328661262989044 -0.0020560773295239332 0.0002914498094935177 0.9999978437991872 0.9108577966690063
0.9999996662801764 0.0008023481312223137 -0.00015387336399646262 -0.005799662787467241 -0.0008022972390143558 0.9999996235384666 0.000330517874712746 -0.022923912853002548 0.0001541384964681714 -0.0003303943122372869 0.999999933540459 1.081554889678955
