0.9998839483668772 0.0003057197264533834 0.01523142585948504 0.011339617893099785 -0.0002884605877110595 0.9999993139294763 -0.0011353109996959348 -0.010292930528521538 -0.015231762496620992 0.0011307855789452132 0.9998833505640651 0.4286084771156311
0.9998729397084094 0.00028049715567851337 0.01593818559966409 0.011499093845486641 -0.00026192650411572247 0.9999992844691985 -0.0011672427328752314 -0.010495821945369244 -0.01593850160366793 0.0011629197894371674 0.9998722977381628 0.4091562032699585
0.9998043823244782 0.000406019532668492 0.01977453496058536 0.01547599770128727 -0.000379645787082676 0.9999990335365364 -0.0013374584364121988 -0.008477002382278442 -0.019775058883469133 0.0013296894870124555 0.9998035701936772 0.40585148334503174
0.9998217439041484 0.00028124324342593607 0.018878594193041155 0.015131574124097824 -0.00025846646286075656 0.9999992358580289 -0.0012089162277985669 -0.008699336089193821 -0.018878919766635912 0.001203821247646729 0.9998210525903366 0.4190317690372467
0.9998406420487689 0.00031514265912392154 0.017849123020751936 0.014146586880087852 -0.00029463108487904976 0.9999992932948194 -0.0011517822648247503 -0.009294168092310429 -0.0178494733824099 0.00114633981268302 0.999840028307031 0.45903491973876953
0.9998231713075307 0.00032116786668143275 0.018802206459713245 0.015849269926548004 -0.0002988124364322464 0.9999992451897527 -0.0011917764273480455 -0.008673112839460373 -0.01880257502790787 0.0011859473539581526 0.9998225125997082 0.469146728515625
0.9997909631799339 0.00021975464415320984 0.02044459957143508 0.018039211630821228 -0.0001947430544576522 0.99999923027565 -0.0012253665779247281 -0.00898310262709856 -0.020444853114725256 0.0012211289874241589 0.9997902364121752 0.5002805590629578
0.9997359916656222 0.00045952171024668206 0.022972501129679086 0.020327024161815643 -0.00042433947361749833 0.999998729789564 -0.001536344775796093 -0.00820651650428772 -0.022973177933547306 0.0015261910289337596 0.9997349167837327 0.5956352949142456
0.9997847754781184 0.0004127609025453693 0.020742043067302603 0.017573216930031776 -0.0003830876870657243 0.9999988976743395 -0.001434536137566099 -0.008749513886868954 -0.020742612323247152 0.001426281368908099 0.9997838315133248 0.542482316493988
0.9998309507661988 0.0004908074891019353 0.018380125080299507 0.015308286994695663 -0.0004737659145403778 0.9999994539109547 -0.0009315168545925658 -0.009923731908202171 -0.018380572238563007 0.0009226515056139895 0.9998306372973285 0.6637606024742126
0.9997009451935975 0.00042747228225016435 0.02445071464141648 0.022525815293192863 -0.0003842226813250565 0.9999983535007418 -0.0017735187444557735 -0.0066791013814508915 -0.024451432513438266 0.00176359384601116 0.9996994634312792 0.6682711839675903
0.9998826258846804 0.0004695911572272418 0.015313847919493034 0.011850398033857346 -0.00045271529787601375 0.9999992865166207 -0.001105447922189013 -0.010596041567623615 -0.015314356101886107 0.001098385357994613 0.9998821250761462 0.5959276556968689
0.999915730031154 0.0004481359949724418 0.012974282654350768 0.010025345720350742 -0.00043552374236725995 0.9999994299390662 -0.000974905437898532 -0.011629698798060417 -0.012974712148437498 0.0009691726745114987 0.9999153551921246 0.5562695264816284
0.9998937067067571 0.0004974702540705099 0.014571472525717341 0.011596133932471275 -0.0004860521520678709 0.9999995720946018 -0.0007871238267869102 -0.011211667209863663 -0.014571857861195687 0.0007799576652232484 0.99989352064333 0.6669960021972656
0.9998770105967876 0.0004907869217714022 0.01567554809979925 0.012565886601805687 -0.000476710442532139 0.9999994798297698 -0.0009017135598295414 -0.011327242478728294 -0.01567598249506813 0.0008941299611453602 0.9998767244537834 0.6798916459083557
0.9998429952533396 0.0004707060969896745 0.017713364406585927 0.014665000140666962 -0.000450664844750182 0.9999992538899187 -0.0011353945585418723 -0.010344953276216984 -0.017713885627607368 0.0011272335055865516 0.9998424613910913 0.6188198328018188
0.9998979250461818 0.0005618568663764621 0.014276687473006137 0.01130775734782219 -0.0005490817977872039 0.9999994454018448 -0.0008987241969040985 -0.012007280252873898 -0.014277184509542611 0.0008907933904490799 0.9998976790100156 0.6952986121177673
0.9998660469887838 0.0005070571556579596 0.01635943067664751 0.01319512166082859 -0.000493953429331985 0.9999995539764117 -0.0008050198675056255 -0.011299531906843185 -0.016359831571039804 0.0007968312357856353 0.9998658514875627 0.701166033744812
0.9998013267532948 0.0006287522494001542 0.01992264272028473 0.017385568469762802 -0.0006003183306053025 0.9999987928277873 -0.0014331646345960953 -0.00975971482694149 -0.019923519775711798 0.00142091997550599 0.9998004972724157 0.7544763684272766
0.999650353177769 0.0005593131082528014 0.026435933129149852 0.02448597364127636 -0.000519995052698654 0.999998748564158 -0.0014941470019030523 -0.006225145887583494 -0.026436735742279435 0.0014798780237112604 0.9996493930195367 0.658417284488678
0.9997777357316822 -0.009727494599677939 -0.018704410817882745 0.004512733779847622 0.009742680416110282 0.9999522790804487 0.0007209300424761191 0.06355731934309006 0.01869650538310392 -0.0009030009024579873 0.9998247972899201 -2.046853542327881
0.9996756625551785 -0.01137672779434601 -0.02278463867517789 -0.025383807718753815 0.011078376717418877 0.9998517927297011 -0.013178093356389616 0.07932163029909134 0.02293118540703922 0.012921402396648891 0.9996535390303642 -1.7432568073272705
0.9997539232191625 0.0005207457049584553 0.022177056427845933 0.018651507794857025 -0.00048746952134350697 0.9999987473825771 -0.001505857477480286 -0.009564490988850594 -0.022177812817292343 0.0014946762818381374 0.9997529247576391 0.6441739797592163
0.999505821197245 -0.014130961160802806 -0.0280789837688772 -0.022900275886058807 0.013762162055689094 0.9998170459791417 -0.013284482116201249 0.10893383622169495 0.028261569106720487 0.012891489681747493 0.9995174301658832 -2.4138600826263428
0.9984025104565517 -0.005156274898758564 -0.05626579727706584 -0.01721050590276718 0.005193968130143395 0.9999863741258804 0.0005236961313374972 0.08353147655725479 0.056262330285178304 -0.0008151022901179302 0.9984156878771179 -3.032252550125122
0.9997410183890418 -0.007555948829904263 -0.021466340808835502 -0.018136916682124138 0.007387750956255075 0.999941472623599 -0.007903952375624563 0.05684802681207657 0.021524806299931257 0.007743317417467617 0.9997383276383488 -0.9730071425437927
0.9980105864876478 0.007029079586162041 -0.06265350188738487 -0.03977343067526817 -0.007124295179262892 0.9999737814827105 -0.00129644335277377 0.05627971142530441 0.06264274640195679 0.0017402262323099975 0.9980344973676414 -2.055624485015869
0.9991936758174033 0.005963353189175488 -0.03970436531727291 -0.029531564563512802 -0.005980826746005291 0.9999820630697246 -0.00032132577214094094 0.022241029888391495 0.03970173696377252 0.0005585316094230827 0.9992114191323581 -0.7769777178764343
0.9997550133134097 -0.004626747286400952 -0.02164501245672195 -0.0013540666550397873 0.004638509365452339 0.9999891204166569 0.0004932334003172046 0.055499859154224396 0.02164249490170849 -0.0005935131576965825 0.9997655976060393 -1.8008244037628174
0.9996967972977661 0.0041610563998689 -0.024269303290913466 -0.022447505965828896 -0.004193326849667129 0.9999903901136435 -0.0012789410834387613 0.006212239153683186 0.02426374831968659 0.0013803224261587671 0.9997046389946777 0.034353435039520264
0.9998777533236506 0.001645044793240398 -0.015549026853059835 -0.012273620814085007 -0.0016715244069174706 0.9999971747243437 -0.001690132979204804 0.004997174255549908 0.015546202578315464 0.0017159169439542126 0.9998776781258972 0.16140416264533997
0.9992463260524909 -0.005218921254258858 -0.03846482460041842 -0.007448026444762945 0.005225477899143127 0.9999863446524635 6.992374305180669e-05 0.061786361038684845 0.03846393442336178 -0.0002708681341922596 0.9992599523543056 -2.1668176651000977
0.9996443619327945 -0.002484875084237919 -0.02655136628861101 -0.016741866245865822 0.002295444891287364 0.9999717137989041 -0.007162578783763494 0.06072677671909332 0.026568413364883463 0.007099084299984737 0.9996217896851661 -1.3577015399932861
0.9993789290980359 0.004743595561785452 -0.03491782318543292 -0.02318636141717434 -0.004839408559813242 0.9999847522755337 -0.002659951358749882 0.030692890286445618 0.03490467303462609 0.0028272809527739523 0.9993866470404535 -0.7871281504631042
0.9989383273600008 -0.017053620656826318 -0.04279476783085608 -0.051941387355327606 0.016327398459275996 0.9997176723670947 -0.01726243367750535 0.10828201472759247 0.04307707268090346 0.01654537939762355 0.9989347407262562 -2.967615842819214
0.9999878989160604 0.0009824904269543347 0.00482044956451389 -0.000779168913140893 -0.0009823797535431556 0.9999995171441685 -2.5326863847681034e-05 -0.019274700433015823 -0.004820472120332981 2.0591045310021322e-05 0.9999883812447753 0.9475895166397095
0.9999894215448596 0.0010250578225328626 0.0044839775688273395 -0.0011048170272260904 -0.0010250041184404009 0.9999994745812538 -1.4274930453863436e-05 -0.018952859565615654 -0.004483989845490595 9.678683972109598e-06 0.9999899468201612 0.9632733464241028
0.9999789168746298 0.0007350951838395513 0.0064517781512229986 0.002032601274549961 -0.0007339251198237846 0.9999997138002171 -0.00018372098965826827 -0.016968902200460434 -0.0064519113571401615 0.00017898199419289737 0.9999791701857019 0.8210447430610657
0.9999500019179111 0.0006997223203288368 0.009975171830298729 0.0055016689002513885 -0.0006949882941118642 0.9999996442347284 -0.00047803942057089184 -0.015453115105628967 -0.009975502776331585 0.00047108289186288834 0.9999501324692489 0.8126635551452637
0.9999933957686877 0.0006883556498714177 0.003568555100879573 -0.0011688070371747017 -0.0006861239032437387 0.9999995683164361 -0.0006265787506752195 -0.01692650467157364 -0.003568984869416106 0.0006241261416494589 0.9999934363852401 0.7482075691223145
0.9996425975012917 -0.002785559384817307 -0.026587928083704308 -0.005272075533866882 0.0028074412512021176 0.9999957504601544 0.0007857068496080194 0.053709834814071655 0.026585626464155864 -0.0008600700821029039 0.9996461697745669 -1.6573610305786133
0.9997707246501303 -0.0009332744974581592 -0.02139222127938397 -0.031585220247507095 0.0009719907871978017 0.9999979085074122 0.001799504018109145 -0.02879096195101738 0.02139049710650355 -0.001819884478197059 0.9997695407712835 0.4027351140975952
0.9997057137885745 0.002719235754875566 -0.024105841105133745 -0.029827624559402466 -0.002670061503975079 0.9999942890197805 0.00207188305379312 -0.009053390473127365 0.024111337375631814 -0.002006909248822945 0.9997072650157272 0.02904719114303589
0.999988197174099 0.0010465189436759505 -0.004744503198007708 -0.010889137163758278 -0.001051186390676845 0.9999989659576365 -0.0009813719121978582 -0.02022693119943142 0.0047434712676935 0.0009863476864283027 0.9999882632304112 0.8581312298774719
0.999970169510978 0.0009396036916477813 0.007666631143415599 0.003857174888253212 -0.000936768440130317 0.9999994915186361 -0.00037339973107038203 -0.014150775969028473 -0.007666978092842312 0.0003662067342765315 0.9999705412358666 0.8008936643600464
0.9999786021363629 0.0008468734978492095 0.006486761494356929 0.0016018624883145094 -0.0008451072575708172 0.9999996050787763 -0.00027502002678568517 -0.01764081045985222 -0.006486991839769203 0.0002695321327276425 0.9999789229225287 0.8807148337364197
0.9999999651728726 0.0002038081983468434 0.00016767966960848742 -0.005642970558255911 -0.00020383809771696158 0.999999963326953 0.00017831467201834044 -0.019416742026805878 -0.00016764332146712016 -0.00017834884531303148 0.9999999700437024 0.7759186029434204
0.9999967581425779 0.0008905811625109375 0.0023854914645440235 -0.003419188316911459 -0.0008896491260886568 0.9999995275307856 -0.00039174307668273965 -0.019118186086416245 -0.002385839216477383 0.00038961955631081546 0.9999970779796481 0.9471403956413269
0.999943815358512 -0.0003661080485721747 -0.010593964846047578 -0.01908271759748459 0.00037556647148793824 0.9999995326797693 0.0008908367240265777 -0.024962961673736572 0.01059363375277885 -0.000894765410680911 0.9999434855624453 0.5022149085998535
0.999981282513613 -0.0006716062761893584 -0.006081411632161204 -0.012920377776026726 0.0006819853660706018 0.9999983143124921 0.0017047780309624146 -0.02236153557896614 0.00608025644117648 -0.0017088935555410125 0.9999800548833089 0.4423113465309143
0.9999989313620984 0.0004176774913994865 0.0014010068430616877 -0.0029744580388069153 -0.0004177334353715962 0.9999999119637644 3.963887639593549e-05 -0.01736888289451599 -0.001400990163455864 -4.022408143786107e-05 0.9999990178038102 0.720423698425293
0.9999857903604316 -0.00036654523050347256 -0.005318338257109197 -0.013162830844521523 0.00036961041865125703 0.9999997661676908 0.0005753717945604338 -0.021688226610422134 0.0053181261137228205 -0.0005773293319643543 0.9999856920103811 0.5660460591316223
0.9999559827507715 -0.0008334136659736917 -0.00934547926007789 -0.018404526636004448 0.0008407888161145399 0.9999993382150694 0.0007852665728910689 -0.02432633563876152 0.009344818623487263 -0.0007930895820597229 0.9999560217198601 0.46703946590423584
0.9999603384225156 -0.0004872204244945449 -0.008892929673978622 -0.01752065122127533 0.0004928026522976963 0.9999996829258317 0.0006255347969141036 -0.021736634895205498 0.008892622080931051 -0.0006298924465473201 0.9999602614644403 0.48193803429603577
0.9999373893569828 -0.0004938300239602808 -0.011179154612467336 -0.01944831758737564 0.0005039912842836681 0.9999994624439895 0.0009061481764465042 -0.024369046092033386 0.011178701119869893 -0.000911725638416851 0.999937100720657 0.44898146390914917
0.999998547270205 0.00030115210115900685 -0.0016777261073333185 -0.006572806742042303 -0.00030046278320442773 0.9999998703589049 0.0004111013121353264 -0.020516429096460342 0.0016778496938550077 -0.0004105966206605375 0.9999985081142969 0.6518723964691162
0.9999673482836479 -0.0007036209111491798 0.008050297148759558 0.004252383019775152 0.0007075425208176761 0.9999996324180618 -0.00048430085959479265 -0.00939139723777771 -0.008049953425403631 0.0004899809738784607 0.9999674785554249 0.1913878321647644
0.9999893597109483 -0.0008019736758938326 0.004542829857130878 0.0015697478083893657 0.0008011488913885826 0.9999996622671085 0.00018337426985773342 -0.01332569494843483 -0.004542975384205077 -0.00017973283559869011 0.9999896644819717 0.2416878640651703
0.9999866150610772 0.0002119935704270198 0.005169599347665683 0.0015291202580556273 -0.00021068304093503225 0.999999945535566 -0.00025405023430021716 -0.015564152039587498 -0.005169652923122617 0.0002529576869423658 0.9999866052608222 0.570304811000824
0.9999725402842601 0.000353290798918158 0.007402287690658469 0.004125869832932949 -0.00035005209434483186 0.9999998424508878 -0.0004388185625071755 -0.015248342417180538 -0.007402441554995144 0.0004362153263651297 0.9999725064096582 0.6211149096488953
0.9999770949372329 0.0002531830472491889 0.00676354191509272 0.002996782073751092 -0.000249614377677885 0.9999998292048926 -0.0005284721831752643 -0.014673789963126183 -0.006763674560110573 0.0005267718011807037 0.9999769873441662 0.5644283890724182
0.9999394951932806 0.0006067479220632578 0.010983524460123248 0.007384904660284519 -0.0005989618456835609 0.9999995670345784 -0.0007121624554969795 -0.013137726113200188 -0.010983951807726993 0.0007055406541625108 0.9999394256729108 0.7679691910743713
0.999920033487737 0.0004730542794758803 0.012637359278404819 0.009801346808671951 -0.00046200334187370963 0.9999995083865874 -0.0008773707856191488 -0.011787991970777512 -0.012637768109714323 0.0008714621231183797 0.999919760466295 0.6372449398040771
0.999935288613884 -0.0001241238246604961 0.011375551764402806 0.008609029464423656 0.00013246700003911323 0.9999997228163209 -0.0007326798588011963 -0.00961325317621231 -0.01137545766825919 0.0007341393312879741 0.9999350278904525 0.4212104082107544
0.9998368344616619 0.0003618343352054975 0.018060274903708474 0.015988178551197052 -0.00034250370887470684 0.9999993652288973 -0.0010734211718378284 -0.00852218922227621 -0.018060651840203962 0.0010670603153566448 0.9998363237237337 0.5872506499290466
0.9997896948143737 0.000582787532896541 0.020499426862063574 0.016594508662819862 -0.0005662046716906776 0.9999995078074826 -0.0008147374194002993 -0.010853646323084831 -0.02049989159120967 0.0008029592046397938 0.9997895327023906 0.6898243427276611
0.99985535940086 0.0005230292926515738 0.016999609340680583 0.01423325389623642 -0.0005055528973879178 0.9999993393573361 -0.0010323280288665338 -0.011279476806521416 -0.01700013804781211 0.0010235845105652861 0.9998549632727263 0.6377848982810974
0.9998299182873864 0.00034239920950431365 0.018439556942061987 0.01515938900411129 -0.00032257822285449415 0.9999993670585082 -0.0010778802685009303 -0.010718828067183495 -0.01843991433625318 0.0010717487412702767 0.9998293959040748 0.5789827108383179
0.9999726587269906 0.0007855781722846115 0.0073528678357020075 0.003724906826391816 -0.0007829650867477938 0.9999996293094491 -0.000358254989953087 -0.014821723103523254 -0.007353146547363596 0.0003524881560027742 0.9999729031268564 0.7919620871543884
0.9999228035663923 0.0005340442450361503 0.0124137707675841 0.009403332136571407 -0.0005234911900176062 0.9999994988815902 -0.0008533425701478006 -0.013454432599246502 -0.012414220269503668 0.0008467781955130113 0.9999225820541247 0.6782294511795044
0.9998072976960789 0.00041679005534772445 0.019626353703984824 0.01649940013885498 -0.0003944146709815966 0.999999267935643 -0.0011439253670550158 -0.010086201131343842 -0.019626816112947868 0.001135964008162545 0.9998067301609049 0.6489827036857605
0.999978913779748 0.0007331389420579369 0.006452480388719291 0.002061047125607729 -0.0007270053997129564 0.9999992817550426 -0.0009528654404535585 -0.01510518230497837 -0.006453174337018728 0.0009481543600388698 0.9999787285459054 0.7399390339851379
0.9999976136902199 0.0007914673736553287 0.0020362203372890544 -0.002485521137714386 -0.0007914815775302359 0.9999996867593738 6.169801068930066e-06 -0.0184787530452013 -0.002036214816265873 -7.781417230630124e-06 0.9999979268821867 0.7877366542816162
0.9999840169553417 0.0013114554657419188 0.0054996289348042985 -0.00020654662512242794 -0.001311300684337013 0.9999991397408646 -3.174974036049097e-05 -0.018774844706058502 -0.005499665842068798 2.4537565717164376e-05 0.9999848764224055 1.0124634504318237
0.9999876707800536 0.0010861452763736008 0.0048454696698430645 -0.0007895650342106819 -0.0010832573607812484 0.9999992341227218 -0.0005985878881206289 -0.018328174948692322 -0.00484611611221512 0.0005933316173125994 0.9999880814870837 0.9226051568984985
0.9999977593270234 0.0009689087151627667 0.0018821681206216989 -0.0019515873864293098 -0.00096889118467842 0.9999995305725428 -1.0225771054214995e-05 -0.018001452088356018 -0.0018821771449189974 8.402132041453016e-06 0.9999982286677308 0.8334478139877319
0.9999956028808449 0.0009610158426208664 0.0028054709989139355 -0.0008554456289857626 -0.0009603356349712943 0.9999995091597124 -0.0002437945909118858 -0.01662304624915123 -0.0028057039123399554 0.00024109932514488464 0.999996034940475 0.8131442666053772
0.9999945098870777 0.0012907820795949063 0.0030518973321244326 -0.0010318048298358917 -0.0012887586975373823 0.9999989485271037 -0.0006648651789733989 -0.017502054572105408 -0.003052752319195472 0.0006609283695577219 0.999995121926586 0.9185984134674072
0.9999982335411518 0.0011581665469631913 0.0014803934697656858 -0.004726930055767298 -0.0011582133871739205 0.9999993287968387 3.078346427593696e-05 -0.02126184105873108 -0.0014803568237423848 -3.249802143318158e-05 0.9999989037431756 1.0699942111968994
0.9999980376412639 0.0010533577299059501 0.001677841206550229 -0.004314848687499762 -0.0010532688610723942 0.9999994438623463 -5.384890575913733e-05 -0.02098293974995613 -0.0016778969956006851 5.208158219158319e-05 0.9999985909735979 1.0221142768859863
0.9999945888074565 0.0009720687994752116 0.003142839171030617 -0.0020414916798472404 -0.0009714269527857142 0.999999506999175 -0.00020574518830647807 -0.019099973142147064 -0.0031430376200865073 0.00020269103630063938 0.9999950401031309 0.9121952056884766
0.9999894451197008 0.0006045690360731301 0.004554574126473123 1.537916250526905e-05 -0.0006038573823426699 0.9999998052554685 -0.00015762387797404833 -0.016446510329842567 -0.004554668534010687 0.00015487190106318628 0.9999896154507004 0.833264946937561
0.9999855221255303 0.0007978941836430327 0.005321550920750267 0.0011404058896005154 -0.0007952371139496028 0.999999558097435 -0.0005014009045086671 -0.015214240178465843 -0.005321948634008648 0.0004971617504933594 0.999985714744431 0.833427906036377
0.999999508107652 0.0005827433222608806 0.0008026173899366824 -0.0039221313782036304 -0.0005825082410723094 0.9999997873894647 -0.00029309584553904665 -0.018155094236135483 -0.0008027880189385396 0.0002926281701233769 0.9999996349500089 0.8948192596435547
0.9999980622563793 0.0007034465790966419 0.0018386534194472024 -0.0030564824119210243 -0.0007029625099268021 0.9999997180984316 -0.0002639067391019548 -0.018444644287228584 -0.0018388385454207415 0.0002626137232957346 0.99999827485193 0.8897313475608826
0.9999907505885114 0.0009036187447435542 0.004205022067692127 -0.00024093594402074814 -0.0009022631274446953 0.9999995403861683 -0.000324266404354536 -0.017244718968868256 -0.004205313148207088 0.00032046936871936037 0.9999911062808056 0.8607318997383118
0.9999975771795323 0.0010117955534111136 0.0019549692639952423 -0.003718461375683546 -0.0010115118030262125 0.9999994777453327 -0.00014612643109647894 -0.019540835171937943 -0.001955116093076639 0.00014414860257328617 0.999998078369275 0.9759294986724854
0.999988627014078 0.0008798999820919915 0.0046873893075680415 -0.00012189731933176517 -0.0008780539328847165 0.9999995361514457 -0.00039587647626406413 -0.018427688628435135 -0.004687735465033664 0.0003917561933500008 0.9999889357704388 0.8840539455413818
0.9999667303803091 0.0007642279080363596 0.008121212238282377 0.0036176282446831465 -0.0007602685468577799 0.9999995906470462 -0.0004906092918324877 -0.015628943219780922 -0.008121583851152919 0.00048441866722080895 0.9999669020594152 0.8446646928787231
0.999997708899488 0.0010433418064194286 0.0018691264402108255 -0.003704381175339222 -0.00104341432413252 0.9999994549278383 3.782293217410659e-05 -0.019737502560019493 -0.0018690859591556578 -3.977311881929813e-05 0.9999982524663611 0.9644339680671692
0.9999983606144566 0.0009757444680031749 0.0015253495115321017 -0.004381573759019375 -0.0009753762700315235 0.9999994950115141 -0.00024211123214327743 -0.019483059644699097 -0.0015255849799435666 0.00024062304551257098 0.9999988073447982 0.9773015975952148
0.9999987130587255 0.0010651140414248094 0.0011997553798611049 -0.004879146348685026 -0.001065127914207047 0.999999432691434 1.0924121451333556e-05 -0.020770255476236343 -0.0011997430637944527 -1.2202000337940916e-05 0.999999280233587 1.0302354097366333
0.9999987185080325 0.0011504908588100655 0.0011132623575466974 -0.00513607170432806 -0.0011505636076400555 0.9999993360078322 6.470919312027244e-05 -0.021181337535381317 -0.0011131871710140452 -6.598998935031003e-05 0.9999993782296286 1.0299689769744873
0.9999971123029123 0.0010003467319417213 0.0021851069201109124 -0.0031411475501954556 -0.000999363430199509 0.9999993989144086 -0.00045104717668571445 -0.018545279279351234 -0.002185556810243776 0.0004488621582510612 0.9999975109289982 0.9245321750640869
0.9999988221743449 0.0006201471058591417 0.0014039471108993735 -0.003048870712518692 -0.0006196595437775437 0.9999997475675639 -0.0003476878747581674 -0.0179824810475111 -0.0014041623741268576 0.00034681749601624075 0.9999989540222788 0.8851404190063477
0.9999991689425638 0.0005294172793618234 0.0011755133031941438 -0.0032337429001927376 -0.0005291016904278653 0.999999823908695 -0.00026876379979221384 -0.01807747408747673 -0.0011756553843961493 0.00026814161035821894 0.9999992729669827 0.8846285343170166
0.9999994992389284 0.0006486052739053426 0.000762124065240827 -0.004323852714151144 -0.0006484503239869929 0.9999997690412342 -0.0002035427603331093 -0.019017448648810387 -0.0007622559081294111 0.00020304845880979487 0.9999996888685784 0.9534586668014526
0.9999985839825286 0.001018525511686046 0.00133964126533161 -0.004776170011609793 -0.001018358366569159 0.9999994736047856 -0.000125444764594963 -0.021614380180835724 -0.0013397683288439064 0.00012408035207223288 0.999999094812036 1.056563138961792
0.999997294117179 0.001037057691228963 0.0020823711641798338 -0.0030071265064179897 -0.00103739621239168 0.9999994488646137 0.00016149169519030326 -0.01992269977927208 -0.002082202540306831 -0.0001636515021712133 0.9999978188230048 0.9688524007797241
0.999993642864877 0.0006178274706509597 0.003511768649753625 -0.0005107675679028034 -0.0006173263281410825 0.9999997991168893 -0.00014378590277901512 -0.01635461486876011 -0.003511856779179243 0.000141617081466769 0.9999938233842072 0.8190240859985352
0.9999750669044188 0.0005675642647048279 0.0070387101310086415 0.003201031358912587 -0.000564748568047698 0.9999997597229442 -0.00040201132903884925 -0.014759832993149757 -0.007038936607032463 0.00039802620418456764 0.9999751471644597 0.7768921852111816
0.9999940937193587 0.0006075565356415012 0.0033828096982298442 -0.0011295333970338106 -0.0006069269068417387 0.999999798307388 -0.00018714944002607933 -0.016509363427758217 -0.0033829227198075504 0.0001850952164423838 0.9999942607703469 0.8485921621322632
0.9999994416215847 0.000623859305888013 0.0008529689824009648 -0.004388563334941864 -0.0006237028345748983 0.9999997886251 -0.00018369684050609087 -0.018916690722107887 -0.0008530834030881435 0.00018316473876161228 0.9999996193496203 0.9198075532913208
0.9999994268509593 0.0008775220470939619 0.0006133944975432566 -0.005105298012495041 -0.0008775141438616778 0.999999614897883 -1.3153432429043651e-05 -0.020748592913150787 -0.0006134058037506884 1.261516254280534e-05 0.999999811787071 1.0178991556167603
0.9999994863739661 0.001004696900229838 0.00013355127452098454 -0.006585595663636923 -0.00100471627129481 0.9999994847515581 0.00014505803198337403 -0.023244351148605347 -0.00013340546635381127 -0.00014519213861635577 0.9999999805611121 1.1106791496276855
0.9999993699791793 0.0009137949406523028 0.0006519356189897336 -0.0050985789857804775 -0.0009140078282186545 0.9999995290511408 0.00032632374559327896 -0.021711785346269608 -0.0006516371189736595 -0.0003269194142617761 0.9999997342463457 1.031777024269104
0.9999997013521783 0.0007348683057951635 0.00023929924235977456 -0.00550091965124011 -0.0007349235184738817 0.9999997033277217 0.00023072037303743554 -0.02106795459985733 -0.00023912962227667667 -0.00023089617077446187 0.9999999447519895 0.9940337538719177
0.9999996693413745 0.000693890711144523 0.0004240670022617482 -0.0050435313023626804 -0.0006939300613714031 0.9999997549382726 9.265238456795613e-05 -0.02013072744011879 -0.00042400260771013903 -9.29466267725511e-05 0.9999999057913521 0.9594579935073853
0.999999557515533 0.0008000198389228231 0.0004949110989766087 -0.005344790872186422 -0.0008000869498951726 0.9999996707612356 0.00013541895500766436 -0.02049444243311882 -0.0004948025981821176 -0.00013581486699852966 0.9999998683623469 0.9791182279586792
0.9999992220543633 0.0008687135758359735 0.000895113060734984 -0.00486370362341404 -0.0008688547731499141 0.9999996101636418 0.0001573656496328665 -0.020617082715034485 -0.0008949760061111619 -0.00015814325046627442 0.9999995870042452 0.9628599882125854
0.9999995690263604 0.0007943133595837343 0.00048063851279093583 -0.005344117525964975 -0.0007943362462869849 0.9999996833901933 4.7428268979990584e-05 -0.01992866024374962 -0.0004806006877083965 -4.7810037131728205e-05 0.9999998833685827 0.9715651273727417
0.9999987937216853 0.0008240941459342277 0.0013165956146779358 -0.004232616163790226 -0.0008242349408983405 0.9999996546578794 0.0001063996418001387 -0.02050364390015602 -0.0013165074766800773 -0.00010748469756120922 0.9999991276271711 0.9432358741760254
0.9999986471236176 0.0008130871026034397 0.0014299091923210166 -0.00379266869276762 -0.0008131920279952434 0.9999996667094461 7.279919474923854e-05 -0.018446296453475952 -0.0014298495236594589 -7.396188701687986e-05 0.9999989750294643 0.9157610535621643
0.999999667344276 0.0007945975665490331 0.0001841902398350249 -0.00571500463411212 -0.0007946067654780577 0.9999996830562488 4.987474514046177e-05 -0.020299050956964493 -0.00018415055110595848 -5.002108736005026e-05 0.9999999817932325 0.9840184450149536
0.9999995146746049 0.0008900666347584647 0.0004224120502868545 -0.005609236191958189 -0.0008901368891982568 0.9999995900237566 0.00016615846986943635 -0.021670404821634293 -0.00042226398499783566 -0.0001665343937769135 0.9999998969797059 1.0133267641067505
0.9999994811369552 0.000725909372426076 0.000714689725335454 -0.004795731045305729 -0.0007259326908117136 0.9999997359869722 3.236841765406191e-05 -0.019573040306568146 -0.00071466604011031 -3.288721749469442e-05 0.9999997440854084 0.9544264078140259
0.9999992815450033 0.000824379321897925 0.0008702345721580978 -0.004618868697434664 -0.0008244973789698198 0.9999996509474185 0.00013531117141391788 -0.02075234055519104 -0.0008701227206687384 -0.00013602858032276397 0.9999996121912629 0.9774600267410278
0.9999993085837184 0.0007126529791723286 0.0009353917983378292 -0.004362639971077442 -0.0007125961855284042 0.9999997442398583 -6.104829698499064e-05 -0.019548598676919937 -0.00093543506535261 6.038169814773405e-05 0.999999560657548 0.9449864625930786
0.999999296698188 0.00078022527437045 0.0008932254198103164 -0.004660087171941996 -0.0007801929733244179 0.9999996949829209 -3.651012880571035e-05 -0.019919246435165405 -0.0008932536334865725 3.5813214931939845e-05 0.9999996004076 0.967466413974762
0.9999981525236514 0.0008299999153576869 0.0017337962466398666 -0.0035422719083726406 -0.0008298349811532127 0.9999996510936482 -9.584616015555448e-05 -0.019917543977499008 -0.0017338751940121594 9.440721830638656e-05 0.9999984923809081 0.9388885498046875
0.9999966446337757 0.000783924874953069 0.0024690449531123075 -0.0030243610963225365 -0.0007832877434563776 0.9999996596885178 -0.0002590041685905576 -0.01868046075105667 -0.0024692471526784345 0.0002570693268869027 0.9999969183621817 0.938322126865387
0.9999991173917798 0.0009237802606215307 0.0009549061165846885 -0.004732124507427216 -0.0009236356021077675 0.9999995619087483 -0.00015191966997365645 -0.020111773163080215 -0.0009550460386409942 0.00015103755060215883 0.9999995325372519 0.9800671339035034
0.999999072618579 0.0007339077819896523 0.001147232038224518 -0.0039450847543776035 -0.0007338064912564286 0.9999997268292616 -8.870983916821016e-05 -0.019626369699835777 -0.0011472968296755994 8.786791058372697e-05 0.9999993379943883 0.9372518062591553
0.9999988340845399 0.0007194782683151438 0.0013469152098701184 -0.00347715150564909 -0.0007194245806077495 0.9999997404002905 -4.0343830768025455e-05 -0.019164880737662315 -0.0013469438867208194 3.937477982055443e-05 0.9999990920954844 0.9174515604972839
0.9999993187366383 0.0006581181364481022 0.0009640574555618897 -0.0040738871321082115 -0.0006581382196565518 0.9999997832165884 2.0514868667068602e-05 -0.019219135865569115 -0.000964043745363089 -2.114933774849034e-05 0.9999995350860731 0.9326319694519043
0.9999987191088382 0.0008658809626223559 0.001346116949438959 -0.004303849767893553 -0.0008659518077009759 0.9999996237092035 5.2047269495653093e-05 -0.020627856254577637 -0.001346071376167727 -5.321287523450919e-05 0.9999990926297085 0.9717172980308533
0.9999982144925165 0.0010748188651892535 0.0015542767404520409 -0.004411396104842424 -0.0010746610687277927 0.9999994173132851 -0.00010235564235562986 -0.01991344429552555 -0.0015543858485709955 0.00010068513889587152 0.9999987868728324 1.0204119682312012
0.9999991932650799 0.00107626961764174 0.0006746205597039162 -0.0058224680833518505 -0.0010764323279911787 0.9999993916370502 0.00024087127810189167 -0.021599892526865005 -0.0006743609068513789 -0.0002415972671622132 0.999999743434031 1.1012959480285645
0.9999988422339806 0.0012976737166435193 0.0007947160649032695 -0.005838419776409864 -0.0012978996285973998 0.9999991174516215 0.00028381778044960935 -0.02292853780090809 -0.0007943470606538893 -0.0002848489135405057 0.9999996439368586 1.11911940574646
0.999998105947602 0.001071338500848864 0.001624910774705516 -0.003972584847360849 -0.001071684556286403 0.9999994032499353 0.00021211314339247614 -0.020622778683900833 -0.0016246825600628532 -0.00021385413342166348 0.9999986573355932 0.9832727313041687
0.9999931945250786 0.000720719520951298 0.003618213219333157 2.05175019800663e-05 -0.0007192078493664642 0.9999996535564553 -0.0004190787980896797 -0.01639029011130333 -0.0036185140040971434 0.00041647369871140324 0.9999933664310282 0.7269163131713867
0.9999980215501687 0.0005031267352240643 0.0019245153250575652 -0.002174997702240944 -0.000503201216070326 0.9999998726639873 3.821707891620973e-05 -0.016230985522270203 -0.0019244958519633126 -3.9185421757551347e-05 0.999998147388393 0.7107534408569336
0.9999863915706917 0.0010634573581514003 0.005107419296979059 0.0005664542550221086 -0.0010623845670971522 0.9999994130371972 -0.0002127540674521978 -0.015830030664801598 -0.0051076425539924196 0.00020732512876470605 0.9999869344165614 0.8730205297470093
0.9999970688848457 0.0009001340324105943 0.002247661104594571 -0.002959067467600107 -0.000899262365975065 0.9999995200842834 -0.000388790946652288 -0.017712583765387535 -0.002248009989869256 0.0003867685700184245 0.9999973984271954 0.8845469951629639
0.9999946117698292 0.0005796685851710381 0.0032311632023163304 -0.001171141630038619 -0.0005780674864216556 0.9999997096977477 -0.0004964296541282261 -0.018158454447984695 -0.0032314500289776205 0.0004945591488604049 0.999994656556703 0.7737421989440918
0.9999878983358845 0.000953415444955141 0.004826404538616326 0.000969173270277679 -0.0009510335654524686 0.9999994248679537 -0.000495781120816289 -0.014649095013737679 -0.00482687444817431 0.0004911850483230138 0.999988229940888 0.8077755570411682
0.9999786797699578 0.0008149693295861154 0.006478875714500821 0.0027075945399701595 -0.00081182014432873 0.9999995510675467 -0.000488684722929401 -0.014576482586562634 -0.006479271068984276 0.00048341462224105603 0.9999788924555946 0.8146170973777771
0.9999988672853882 0.0005494194728308978 0.0014012730582324098 -0.0031172465533018112 -0.0005491535440278606 0.9999998311358547 -0.00019015427326287128 -0.01742808148264885 -0.0014013772960682045 0.00018938454380626834 0.9999990001370846 0.8692697286605835
0.9999903731235386 0.0008220508159442812 0.004310207965045138 -3.367033787071705e-05 -0.0008189802428304056 0.9999994096573975 -0.0007141121887485179 -0.016752712428569794 -0.004310792457053189 0.000710575338912835 0.9999904560299963 0.8868625164031982
0.999977363477345 0.000964841077581069 0.006658949961745533 0.0028824834153056145 -0.0009580579991876112 0.9999990190697563 -0.0010217555458975458 -0.01575547643005848 -0.006659929261502051 0.0010153527566279426 0.9999773069430183 0.8506606817245483
0.9999952694802033 0.0010347582500726507 0.0028966001759249205 -0.0012218807823956013 -0.0010338057977889018 0.9999994110751311 -0.00033029526671523305 -0.017717137932777405 -0.0028969402457972356 0.0003272991821911876 0.9999957502971988 0.8589057922363281
0.9999869907349289 0.00101716349745593 0.004998373667555631 -0.0005417813081294298 -0.0010148043808189794 0.9999993725152752 -0.00047449038413693585 -0.017923733219504356 -0.004998853165451143 0.00046941183987094925 0.9999873954803404 0.9683882594108582
0.9999793987417678 0.0013231690245509185 0.00628102824267263 0.0008880329551175237 -0.001320928055819863 0.9999990624429184 -0.00036091876631744185 -0.018869364634156227 -0.006281499910382091 0.0003526145445115929 0.999980209015088 1.0739352703094482
0.9999528130269174 0.0013910969110073161 0.009614393841486867 0.004554831422865391 -0.0013821544125313654 0.9999986061224702 -0.0009366975483596169 -0.017261922359466553 -0.009615683477265399 0.0009233647715657904 0.999953341925894 1.1091187000274658
0.9999972232002211 0.001268131998192584 0.0019863114262799715 -0.004224753472954035 -0.0012683097559165202 0.9999991918022096 8.823429239060906e-05 -0.021561577916145325 -0.0019861979282179473 -9.075330554188482e-05 0.9999980233888601 1.0570271015167236
0.999984480585467 0.001234745313901679 0.0054326781815033495 0.0001114357728511095 -0.001233370128432328 0.9999992065089999 -0.0002564751391121384 -0.01852191612124443 -0.005432990552198257 0.0002497706557816848 0.9999852100047677 1.030484914779663
0.9998363735074707 -0.0004789667778434273 -0.0180830529019667 -0.029115695506334305 0.0005010549991061886 0.9999991339556837 0.0012169764871259898 -0.02758137881755829 0.018082454349934763 -0.001225837961587543 0.9998357475935606 0.5748311281204224
0.9999945665329801 0.0004242924283838259 0.00326907945034696 -0.0027901087887585163 -0.00042551864374919805 0.9999998393760275 0.00037440860461817737 -0.017945099622011185 -0.003268920066518371 -0.00037579762453539213 0.999994586454219 0.7080651521682739
0.9999653582111551 0.0012286082641141537 0.008232429736702766 0.003226798726245761 -0.001226279537866427 0.9999992066716866 -0.0002879140363935732 -0.01654452085494995 -0.008232776939247637 0.0002778088024032773 0.9999660715274983 0.9414267539978027
0.9999881449227587 0.0009032581457575257 0.004784781986850444 -0.00047336029820144176 -0.0009014611505312022 0.999999522352097 -0.00037770805096252726 -0.01827024668455124 -0.004785120869283112 0.0003733902781295013 0.9999884815326456 0.9087656736373901
0.9999725733866905 0.000791372317974821 0.00736384439368404 0.002469846047461033 -0.000789195667245264 0.9999996440377035 -0.000298487295185865 -0.016581512987613678 -0.007364077987015754 0.0002926675946004783 0.9999728419817613 0.8609117269515991
0.9999817425069393 0.0013158820359673734 0.005897720513290433 0.0003931350074708462 -0.0013127619591618426 0.9999989963517971 -0.0005328709385546196 -0.018024301156401634 -0.005898415789349371 0.0005251189065315406 0.9999824663169401 0.9880300760269165
0.9998765623618869 0.0007754553909789983 0.015692632293924837 0.011218728497624397 -0.0007636616089774235 0.9999994214864719 -0.000757527338486899 -0.013232632540166378 -0.01569321064418321 0.0007454499702747604 0.9998765761052807 0.8285114765167236
0.9999993701176362 0.00020780104169576457 -0.0011029882401838444 -0.007626137230545282 -0.00020809575251085616 0.9999999426808699 -0.0002670850327225096 -0.018135838210582733 0.001102932676413497 0.0002673143916582095 0.9999993560410564 0.6536610722541809
0.999986540509355 0.00036891954635334754 -0.005175200334338012 -0.011782508343458176 -0.0003687849477227549 0.9999999316353368 2.6962640684676455e-05 -0.020194729790091515 0.005175209927582355 -2.5053741796512767e-05 0.9999866081975876 0.6672348976135254
0.999993383342944 0.000503755407422325 0.0036027074293246 -0.0017243088223040104 -0.0005020059051952305 0.9999997556560988 -0.0004864954406737134 -0.017564088106155396 -0.0036029516237339374 0.00048468364129601143 0.9999933918888488 0.6932010054588318
0.999920505049508 0.0003987208827014126 0.012602563358088117 0.00872807577252388 -0.00039545398641190716 0.9999998875605255 -0.00026171564934000335 -0.012923904694616795 -0.012602666292557236 0.0002567111103484515 0.9999205502947344 0.6199580430984497
0.999890492641428 0.0006309588527151641 0.014785283771650214 0.010118808597326279 -0.0006261458490509698 0.9999997494699899 -0.0003301534988078365 -0.013493860140442848 -0.014785488380765753 0.0003208596005095993 0.9998906372111196 0.81465744972229
