0.9998481975384191 0.0001534276522263192 0.017422925676533547 0.01454282645136118 -0.00013376210377530773 0.9999993527431698 -0.001129876515920007 -0.011963050812482834 -0.01742308775372704 0.001127374470691194 0.9998475709026496 0.5804767608642578
0.9998469682926804 0.0002579120679547842 0.01749209756722379 0.014328508637845516 -0.00023909658352405124 0.9999993906554954 -0.001077739050984194 -0.012137855403125286 -0.017492364870417613 0.001073391821970184 0.9998464207073189 0.6193581819534302
0.9997167212509918 0.0005206819577472736 0.023795086498386974 0.020503412932157516 -0.0004828236404108081 0.9999986086637949 -0.0015967316013845573 -0.009758016094565392 -0.023795884780757826 0.0015847904509669738 0.9997155817064809 0.5242947936058044
0.9997540153940778 0.0005311024999949762 0.022172655085770886 0.01856282912194729 -0.0004983538715671469 0.9999987769442416 -0.001482482188687454 -0.009258260019123554 -0.022173415317374014 0.001471067692385566 0.9997530573161594 0.4940442740917206
0.9997090520818714 0.0005547560323013411 0.02411438225023531 0.020826086401939392 -0.0005162710711209097 0.9999985833202852 -0.0016021303328958103 -0.00921933725476265 -0.02411523687934585 0.0015892146384571357 0.9997079222188278 0.5281683802604675
0.9996418745349782 0.0005024280706226502 0.02675575157286683 0.024124179035425186 -0.0004548743623633899 0.9999983063153015 -0.0017833832575072052 -0.00853469967842102 -0.026756602278869043 0.0017705740771125369 0.9996404099984795 0.5607306957244873
0.9998323686007933 0.0003842438970366127 0.01830538321792374 0.015868663787841797 -0.0003636615944095083 0.9999992980204091 -0.0011277007288996118 -0.011426477693021297 -0.018305803680041078 0.0011208547260012328 0.9998318064736244 0.72459876537323
0.9999652959329606 0.00011319008480173602 0.008330313182048072 0.005356370471417904 -0.00010608982312927163 0.9999996307578813 -0.0008527772571097003 -0.014809045009315014 -0.008330406632075632 0.000851863900818505 0.9999649387119723 0.853130578994751
0.9999903292689755 0.00010271439585802125 0.004396682644774764 0.0008953324286267161 -0.00010039744442709642 0.9999998559930681 -0.0005271946472586897 -0.016915716230869293 -0.004396736162101679 0.0005267481331995662 0.9999901955756991 0.910494327545166
0.9999975020932582 -3.5345543078280644e-05 0.0022348507639031547 -0.0017622995655983686 3.6839984931169444e-05 0.9999997757675537 -0.000668661093526339 -0.018496863543987274 -0.0022348266285876143 0.0006687417551417509 0.9999972791635012 0.9670879244804382
0.9999549878895744 -0.00013575316048123804 0.009487031455651981 0.00660019600763917 0.0001458216950678558 0.9999994269201485 -0.001060610865349602 -0.013709754683077335 -0.009486882037548394 0.0010619465400242374 0.9999544346312744 0.7969743609428406
0.999750773317011 0.000505922367919885 0.022318944746475677 0.02007122151553631 -0.00047564346020731 0.999998959449326 -0.001361933759049558 -0.01023782417178154 -0.022319610555235004 0.0013509784687089498 0.9997499736643357 0.6847406625747681
0.9999640534744821 -1.3193867828564941e-05 0.008478890540898521 0.005621614865958691 1.7967508669782086e-05 0.9999998413951249 -0.0005629270765198735 -0.014438988640904427 -0.008478881768919701 0.0005630591857866565 0.9999638951123694 0.7844246625900269
0.9999733580335785 2.288767793289777e-05 0.007299499928252635 0.004216145258396864 -1.8399480622155194e-05 0.9999998107611169 -0.0006149302311074042 -0.01501378696411848 -0.007299512621228503 0.0006147795411493544 0.9999731692208587 0.8263780474662781
0.999981766603941 -9.534707695168743e-05 0.0060379937558929404 0.00289175845682621 0.00010015588851752871 0.9999996780744266 -0.0007961280307435226 -0.015415922738611698 -0.006037915903627728 0.0007967182552553092 0.9999814542338086 0.858416736125946
0.9999994966183502 0.0009477589485734122 0.00032941770106400473 0.0003291016910225153 -0.0009479243112490389 0.9999994246213437 0.0005021916784037053 -0.007327578961849213 -0.0003289415548669843 -0.000502503688657024 0.999999819643732 0.47076863050460815
0.999997964147856 -0.00012111979377165414 -0.002014207074471415 -0.004554715473204851 0.00012096051377900925 0.9999999895479655 -7.919989282124955e-05 -0.016743384301662445 0.0020142166460935386 7.895609205939257e-05 0.9999979683465553 0.784015417098999
0.9999890428050295 9.471833069469222e-06 0.004681258395460826 0.0013275888049975038 -7.033408180617002e-06 0.9999998643031601 -0.0005209070860825873 -0.016097839921712875 -0.004681262694173819 0.0005208684532009893 0.9999889071762958 0.8670799732208252
0.999963335740824 -0.00024013166957896994 0.008559761145361906 0.0059499782510101795 0.0002509736804521932 0.9999991676673061 -0.0012655737461162793 -0.01401232648640871 -0.008559450116456223 0.0012676756195508882 0.9999625637053758 0.8325940370559692
0.9999995172225135 0.0008016757096874501 0.0005682172086317867 0.004756337963044643 -0.0008013800836321761 0.9999995435355411 -0.000520306324018918 0.0028230883181095123 -0.0005686340662023888 0.0005198507148725641 0.9999997032052224 0.07166576385498047
0.9999649674821839 0.0005978227670518844 -0.008349036848287385 -0.008650097995996475 -0.0006794993171193603 0.9999519110804939 -0.009783343352140266 0.027055945247411728 0.008342786646732641 0.009788673781826998 0.9999172864675158 -0.6832704544067383
0.9955121780051917 -0.010688301358457771 -0.09402799400939238 -0.054543644189834595 0.0012108448594740726 0.9949586482737728 -0.1002787219700826 0.23085178434848785 0.09462577501973668 0.09971483560282106 0.9905063928428813 -11.066302299499512
0.9998746710651986 0.008509288038568685 -0.013350437421201568 0.030112963169813156 -0.008544059442595833 0.999960248395325 -0.002549642602604659 0.07771499454975128 0.013328211076589996 0.0026633899895245525 0.9999076283053656 -3.0482044219970703
0.9956119292782993 0.007995202856800446 -0.09323606067408326 -0.049122270196676254 -0.011297156170619233 0.9993255184254553 -0.03494112886201371 0.15298062562942505 0.09289381325577804 0.03584110705563959 0.9950307304318932 -6.130985736846924
0.9924511019461479 -0.0009793658099776599 -0.12263707061279244 -0.12516139447689056 -0.004716070578455668 0.9989237349509108 -0.046142501341188816 0.14040035009384155 0.12255027100816962 0.046372541383159424 0.9913783427539111 -4.596102714538574
0.9974647562894554 -0.0017523863677785198 -0.07114062905565986 -0.07696601748466492 0.0001784372023291203 0.999755200612752 -0.022124805262880288 0.06231072172522545 0.07116198508039105 0.022056019354669925 0.9972208902192354 -1.405666470527649
0.9969802957196919 0.012366112847303377 -0.0766640019808734 -0.013065405189990997 -0.013862356950817284 0.9997230835924407 -0.019015551324899727 0.16351580619812012 0.07640762400731833 0.020020873743908537 0.9968756389881772 -6.556695938110352
0.993066668925819 0.0008301532521069752 -0.11754957215641203 -0.12037643790245056 -0.005882753988604996 0.9990730844986675 -0.04264229163433411 0.14013370871543884 0.11740521399872773 0.04303815372313345 0.9921510636238902 -4.317671775817871
0.9988863764536015 0.007056309476423998 -0.04664992424395793 -0.0422520786523819 -0.0070343288389902135 0.999975056973946 0.0006353327777315059 0.03041335567831993 0.046653243758382285 -0.0003064743487444432 0.9989110976059354 -1.512107253074646
0.9989997904857393 0.011774091256503461 -0.04313686804268893 0.010789955034852028 -0.012017082906037816 0.9999133293570356 -0.0053780565781460345 0.11406967043876648 0.043069807613666466 0.005891056714364147 0.9990546967623493 -4.841839790344238
0.9956337875453608 -0.0003555327903907808 -0.09334470897975167 -0.07911236584186554 -0.0032477334846687496 0.9992553641161118 -0.038446970132761174 0.1200123131275177 0.09328887031844763 0.03858226122989457 0.9948912482241947 -4.033276557922363
0.994292690147726 -0.002682972722776431 -0.1066529323374028 -0.086703822016716 -0.005135251770655833 0.997321419605176 -0.07296310839025652 0.2356712818145752 0.10656301191337339 0.07309437498251958 0.9916156195007544 -8.0114164352417
0.9917346123738938 0.01180877504186107 -0.1277615413636398 0.012741697020828724 -0.02079051044701078 0.9973863261685215 -0.06919733410625016 0.3237505853176117 0.12661047861435112 0.0712816189776158 0.9893880520306351 -14.081767082214355
0.9950039140610591 -0.0007144788498119577 -0.09983336377757573 -0.07927456498146057 -0.004077058375051534 0.9988494154052716 -0.047783082147907184 0.14621025323867798 0.09975263704874685 0.04795138021496769 0.9938561649138675 -5.116079807281494
0.9926773572947795 -0.00934193086403919 -0.12043418385983516 -0.11077386140823364 0.0013598147209098032 0.9978060890228936 -0.0661903286950778 0.14638781547546387 0.12078830745638365 0.06554187239138926 0.9905122148389959 -6.3118486404418945
0.9998663441372142 0.0016063851614932052 -0.016270015009052962 -0.030439548194408417 -0.0015875067244668739 0.9999980517458498 0.0011731695975750267 -0.033429741859436035 0.016271867873162153 -0.0011471840383462202 0.9998669462907055 1.2704417705535889
0.999742495912378 0.0017804652523479945 -0.022622374110028518 -0.03814345598220825 -0.0017464060637064477 0.9999973118804977 0.0015252205215249793 -0.03617696091532707 0.022625028900524227 -0.001485319919684972 0.9997429179003903 1.359688639640808
0.9997585263221338 0.001671952755779305 -0.021911038774506137 -0.03823297470808029 -0.00164891745400569 0.9999980687949618 0.0010693351097259406 -0.03672944754362106 0.02191278433758122 -0.0010329473991734447 0.999759352495512 1.3303579092025757
0.9999485054950475 0.0006046644821967584 -0.010130189489072523 -0.020301323384046555 -0.0005967952078555223 0.9999995178587684 0.0007798190241027606 -0.026634875684976578 0.010130656133756903 -0.0007737332191664151 0.999948384239509 0.9559828042984009
0.999266805736145 0.0009965809988442174 -0.03827346052023412 -0.06222502514719963 -0.0009324558898857898 0.9999981316966098 0.0016932599632131274 -0.04013568162918091 0.03827507648450352 -0.001656330161032481 0.9992658680704064 0.9449735283851624
0.9993870164095806 0.0004903055652576853 -0.035005014389502216 -0.05348166450858116 -0.0003671559229354569 0.9999937218857126 0.0035243986278930667 -0.03988460823893547 0.035006522656282686 -0.003509385931002525 0.9993809221622666 0.8855203986167908
0.9984768390508351 0.002302651046612092 -0.055124401830861446 -0.07032619416713715 -0.0028207185504287866 0.9999525690074798 -0.009322192993103265 0.017236296087503433 0.05510032146831823 0.009463484215601193 0.9984359754338727 -0.5237069129943848
0.9982392041355398 0.0012738892346309434 -0.05930319159254277 -0.0685395896434784 -0.001966949614667972 0.9999304367479686 -0.011629822622473062 0.025304488837718964 0.05928425116384031 0.011725991268746539 0.9981722690461341 -0.9583312273025513
0.9955338215052256 0.00028353468561867544 -0.09440513676322744 -0.13683860003948212 -5.131444933479561e-05 0.9999969673541182 0.0024622447875549975 -0.06594449281692505 0.09440554859767998 -0.0024464036152285675 0.995530816953108 0.4125797748565674
0.9997395359549202 0.0014159745233162594 -0.02277839469300467 -0.04015575349330902 -0.0013896930706145231 0.9999983504202764 0.001169576801900209 -0.038299307227134705 0.022780013209181205 -0.0011376171919307632 0.9997398545748359 1.2765324115753174
0.9999367616599487 0.001200928021580962 -0.011181701699735643 -0.022243857383728027 -0.0011925286750378574 0.9999990018021688 0.0007578060603630224 -0.028397217392921448 0.011182600608718073 -0.0007444236380530299 0.9999371956663443 1.1217366456985474
0.999524608131492 0.001592620329804135 -0.030789954531835913 -0.05192002281546593 -0.0015434807315653366 0.9999974971753016 0.0016196636577271667 -0.041267029941082 0.03079245697924599 -0.0015713699812489035 0.9995245646754078 1.2676692008972168
0.9963026701120264 0.0007387654191464677 -0.08590950909708567 -0.12558914721012115 -0.0005355344845761609 0.9999970037441533 0.002388661870527737 -0.05484796687960625 0.08591101635100473 -0.0023338226949270726 0.9963000805686839 0.3329252004623413
0.9998542990702236 0.007870886851823298 -0.01514693932639202 0.01379235927015543 -0.007879288603228405 0.9999688353652729 -0.0004950851707901907 0.0506092868745327 0.015142570518199377 0.0006143601428287208 0.9998851559652818 -1.9270869493484497
0.9987145851589015 0.00037773433166393006 -0.05068564597258098 -0.042619213461875916 -0.0018079608435870964 0.9996013791986247 -0.02817470464433288 0.08076666295528412 0.050654799066536506 0.028230126124089837 0.9983171596795012 -2.563699245452881
0.9999998435604376 0.00016600513770838841 -0.0005341548409052907 -0.0032257349230349064 -0.0001659430298723625 0.999999979466829 0.00011631531292261826 -0.015427964739501476 0.0005341741388769374 -0.00011622665545358082 0.9999998505746656 0.7709765434265137
0.999982343666113 0.0001262617259042098 -0.0059410785220013074 -0.011938472278416157 -0.00012502398855990628 0.9999999704053214 0.0002087063936829647 -0.024328749626874924 0.0059411046978064715 -0.00020795993136002528 0.9999823298577015 1.264838457107544
0.999999166077427 0.00017912593231310983 0.0012789676895245275 -0.004460058640688658 -0.00018017896865562378 0.9999996448719675 0.0008232809229419751 -0.022963905707001686 -0.001278819764364371 -0.0008235106794686719 0.9999988432244163 1.0730737447738647
0.9999963212800054 0.00022145644873347605 -0.00270340220796596 -0.005624027922749519 -0.0002217713153457612 0.9999999686608574 -0.00011617128855002633 -0.015973052009940147 0.0027033763963626454 0.00011677039825195356 0.9999963390536658 0.7088934779167175
0.9967947987527094 -0.006883212038961391 -0.07970414400501874 -0.06611119210720062 0.0022060606523449273 0.9982778496096707 -0.05862139775790248 0.12985441088676453 0.07997038499309755 0.05825767220477261 0.9950933529841999 -5.663996696472168
0.9999896274317324 0.00020184073331634139 0.004550196618151932 -0.00016721640713512897 -0.00019948320861673684 0.9999998456495243 -0.000518562799941009 -0.018810778856277466 -0.004550300582922729 0.0005176497332917394 0.9999895133466946 0.8499742746353149
0.9999775244712445 -9.496760140640738e-05 0.00670384468170249 0.0029116636142134666 9.507899850963465e-05 0.9999999953471764 -1.6298198946631442e-05 -0.017159653827548027 -0.0067038431027098225 1.6935227474492764e-05 0.9999775288479499 0.7604762315750122
0.9999486298303318 0.00014919248226587855 0.01013486270479936 0.007001345511525869 -0.00014780491728111293 0.9999999796018577 -0.00013765896449036117 -0.016151512041687965 -0.010134883035749605 0.00013615391038226068 0.99994863148462 0.7854534983634949
0.9999875846256879 9.926488049052021e-06 0.00498302076524454 0.0019405237399041653 -1.0132089274424401e-05 0.9999999990985027 4.1235116271905496e-05 -0.016387086361646652 -0.004983020351432472 -4.128509273375196e-05 0.9999875838247781 0.8268227577209473
0.9999620924743098 0.0003052643811228744 -0.008701748563228645 -0.016458913683891296 -0.00030147448355620103 0.9999998591414192 0.0004368412499712397 -0.02426438219845295 0.008701880689586513 -0.00043420133524619864 0.9999620436504901 0.9222939610481262
0.9999994055219502 0.00012978442575390682 -0.0010826410989555435 -0.006323244422674179 -0.00012921970453241887 0.9999998555823341 0.0005216680737013472 -0.02126295492053032 0.0010827086469944224 -0.0005215278650182063 0.9999992778750753 0.922330379486084
0.999999927112637 -5.4618854249713276e-05 0.0003778776273744155 -0.0034575769677758217 5.479400874342967e-05 0.9999998910702034 -0.0004635269115117946 -0.01840946450829506 -0.00037785226890346175 0.0004635475831565587 0.9999998211756344 0.9704188108444214
0.9999797893487616 7.458748984515779e-05 0.00635730530275365 0.0029778548050671816 -7.149062743173493e-05 0.9999998786845052 -0.0004873603027371438 -0.015680557116866112 -0.006357340882495645 0.0004868959651231689 0.9999796733680254 0.8204922676086426
0.9999637779632109 5.8080170270764705e-05 0.008511133193417258 0.005747038871049881 -5.4280179984133014e-05 0.9999998987549457 -0.00044670321314188035 -0.01487755123525858 -0.008511158276305796 0.0004462250468000525 0.9999636798744259 0.7811688780784607
0.9999708944953757 6.8582870223205e-05 0.007629250193025233 0.005206003785133362 -6.408239935344075e-05 0.9999998238142346 -0.0005901397677488098 -0.014496587216854095 -0.007629289322339055 0.000589633690775434 0.9999707227096933 0.7921218872070312
0.9998893681503271 0.0005294335380405695 0.014865098723786298 0.011325057595968246 -0.0005143889181240611 0.9999993516938103 -0.0010158818827599103 -0.014766939915716648 -0.014865626928590208 0.001008123051817836 0.9998889922506058 0.851710855960846
0.9999374121099263 0.00016921895800248263 0.011186743397780776 0.00828062929213047 -0.00016677001090652764 0.9999999619274024 -0.00021984757753072145 -0.016261901706457138 -0.011186780174250385 0.00021796820441624952 0.999937402260359 0.8393458127975464
0.9999705799638999 0.0002559275749845574 0.007666401224690427 0.004218192771077156 -0.0002550223781438203 0.9999999603952728 -0.0001190505747895498 -0.01726473495364189 -0.007666431389389604 0.00011709196844521651 0.9999706056275968 0.9065581560134888
0.9999798818454109 4.790714238524203e-05 0.006342996874028398 0.0027371596079319715 -4.6872165443213804e-05 0.9999999855652785 -0.00016331700181248387 -0.01751302182674408 -0.006343004606519865 0.0001630164061769091 0.9999798696564912 0.851288914680481
0.9999744286420108 9.370598125827684e-07 0.007151367785701328 0.004227647557854652 -3.515541331682083e-07 0.9999999966482215 -8.187450059008734e-05 -0.016076592728495598 -0.007151367838452829 8.186989285501968e-05 0.9999744252906473 0.7600139379501343
0.9999970884430698 0.00027514715974095213 -0.0023973734426630186 -0.007012153975665569 -0.0002757492744765627 0.9999999305235507 -0.0002508290871359338 -0.020569313317537308 0.0023973042611911185 0.00025148943082023065 0.9999970948384526 1.0555635690689087
0.9999226958796877 0.00024664717727678517 -0.012431469336620963 -0.020646072924137115 -0.00023971002523505867 0.9999998147390657 0.0005595184874712058 -0.025543373078107834 0.012431605037210908 -0.0005564952865583431 0.999922569756876 1.1371257305145264
0.9998129847098516 0.001457953067765572 -0.019283930575221247 -0.03311920911073685 -0.0014383469310696915 0.9999984345722605 0.001030539244415702 -0.03367789462208748 0.019285402865474244 -0.0010026095354580679 0.9998135166171918 1.301591157913208
0.9999980594017376 0.0007221157237236023 -0.001832959803258126 -0.0093169454485178 -0.0007218640480415092 0.9999997299391505 0.00013796348101860261 -0.02647617645561695 0.0018330589338463878 -0.00013664006550343378 0.9999983106107917 1.2745336294174194
0.9999905754849304 0.00020669357000771047 0.004336613781048624 0.0001190677285194397 -0.00020530909174631498 0.9999999278213048 -0.00031969604653544575 -0.020122285932302475 -0.004336679547154674 0.00031880268731859584 0.9999905457429845 1.0699124336242676
0.9999975822900757 0.0002299404126539907 -0.0021869022406432446 -0.008386436849832535 -0.00022967557571093055 0.9999999662614376 0.0001213517774996081 -0.02096308022737503 0.002186930070538101 -0.00012084920607506804 0.9999976013632914 0.8640834093093872
0.9998935898170901 -0.0002040103353204079 -0.014586549368379659 -0.024570709094405174 0.00021277111880487327 0.9999997979291831 0.0005990576300569676 -0.025672582909464836 0.014586424206915726 -0.0006020974806535922 0.9998934311752828 0.7879278659820557
0.9998871894936204 0.0006295413468325843 -0.015007063811468125 -0.029014166444540024 -0.0006073314136413933 0.99999871373789 0.001484476715778263 -0.034076496958732605 0.015007979047921552 -0.0014751949899290218 0.9998862857168503 1.2203409671783447
0.9999958383634333 0.0005478637049277958 -0.0028325079302363226 -0.011072955094277859 -0.0005487061581679045 0.9999998054588022 -0.00029665452922063046 -0.026268765330314636 0.0028323448529473747 0.00029820750919667407 0.9999959444392339 1.2796695232391357
0.999998220548864 -0.00010101912984127505 -0.0018837978237897755 -0.006974667310714722 0.00010078937673250127 0.9999999874717639 -0.00012205725585276125 -0.021161705255508423 0.0018838101303068886 0.00012186717184928885 0.9999982182023053 1.0589048862457275
0.9999997880404057 -0.0001429085719108125 -0.0006352135734421338 -0.0049481382593512535 0.00014269556086602905 0.9999999335823503 -0.0003353703505906042 -0.01964515820145607 0.0006352614585506053 0.0003352796373485087 0.9999997420151888 1.0029672384262085
0.9999995232416395 0.00020894163389714813 -0.0009538657595819652 -0.006430593319237232 -0.00020908907769376275 0.9999999662091686 -0.00015447789217723127 -0.02100837230682373 0.0009538334504868556 0.00015467726144051934 0.9999995331382379 1.0292956829071045
0.999999986096739 -3.293020197306389e-05 -0.00016346902910354107 -0.0044272481463849545 3.292514723200775e-05 0.9999999989798112 -3.092429957989985e-05 -0.019327860325574875 0.00016347004728020282 3.0918916908100143e-05 0.999999986160782 0.9732773900032043
0.9999997887360089 -0.00035739617844792316 -0.0005429511115085299 -0.004852426704019308 0.00035735310047646485 0.9999999329943902 -7.943536505850991e-05 -0.01878749206662178 0.000542979465023665 7.924132301357292e-05 0.9999998494470455 0.9606573581695557
0.9999919552128578 0.0001384843453904036 -0.00400878181643304 -0.008995790034532547 -0.00013858727035708735 0.9999999900742778 -2.539710086812356e-05 -0.021264920011162758 0.004008778259542097 2.595246268324963e-05 0.9999919644793829 1.1059315204620361
0.9999961600524837 0.00047257964451450545 -0.002730668190529487 -0.010240884497761726 -0.00047090262451096707 0.9999997001646691 0.0006147530317486856 -0.02504757046699524 0.002730957891547895 -0.0006134647923117194 0.9999960827572991 1.1606727838516235
0.9999978264986413 -0.00010977217544892887 -0.00208205380869292 -0.007718022912740707 0.0001096714602877352 0.9999999928105859 -4.848709607912049e-05 -0.023390457034111023 0.002082059116258191 4.825864881075429e-05 0.9999978313481179 1.1634914875030518
0.9999988390075131 -9.563715672075221e-05 -0.0015208014862539744 -0.006098135374486446 9.50617860843149e-05 0.9999999238877384 -0.0003784016050076094 -0.020759981125593185 0.001520837559755935 0.0003782565955806259 0.9999987719867786 1.0712541341781616
0.9999992787713583 -1.719133836098102e-06 -0.0012010219849097144 -0.006015024147927761 1.4423549330260971e-06 0.9999999734445177 -0.00023045364794722922 -0.02145504206418991 0.00120102234919666 0.00023045174943747308 0.9999992522183746 1.1036267280578613
0.9999992472356183 -6.332614168610176e-05 -0.0012253644340841998 -0.005813213996589184 6.306861867331958e-05 0.9999999759196072 -0.00021019784523618694 -0.021024562418460846 0.0012253777155954726 0.00021012040496450686 0.999999227149136 1.079168438911438
0.9999984474160547 0.00010398846470335721 -0.0017590769964351892 -0.006780237890779972 -0.00010427189502927996 0.9999999815977897 -0.00016103351316868448 -0.02185114100575447 0.001759060218436484 0.000161216685442558 0.9999984398569471 1.1179611682891846
0.999999049222674 -3.3429592000308815e-05 -0.001378563096234583 -0.006385881453752518 3.294163715489574e-05 0.999999936806428 -0.00035398020908315335 -0.022461652755737305 0.0013785748425322228 0.0003539344604014854 0.9999989871303876 1.1711280345916748
0.9999981938203311 4.195938264649699e-05 -0.001900156700460474 -0.007202894426882267 -4.2554644123216854e-05 0.9999999500379301 -0.00031323033075124834 -0.023392625153064728 0.001900143462573407 0.0003133106254931596 0.9999981456439176 1.212296962738037
0.9999998993979036 -0.00018634944206007582 -0.00040801724012889354 -0.005156293511390686 0.00018629364314250776 0.9999999732915856 -0.00013679000912645255 -0.021544737741351128 0.00040804271997328017 0.0001367139843469623 0.9999999074052083 1.0764691829681396
0.9999999379879104 -0.0003492583158904124 4.519738756422343e-05 -0.00408213771879673 0.00034925871217949346 0.999999938970802 -8.760368570851779e-06 -0.0185262318700552 -4.519432517428948e-05 8.776153608977579e-06 0.999999998940226 0.9400479793548584
0.9999999197891313 -0.0003980587453825137 4.439556586778879e-05 -0.003809165209531784 0.00039805807931842863 0.999999920662218 1.5010768721792195e-05 -0.017799437046051025 -4.4401537513307685e-05 -1.4993095504085807e-05 0.9999999989018553 0.9163843393325806
0.9999989472267491 -0.00018010260157420914 -0.0014398293116473183 -0.005609451327472925 0.00018022340869621454 0.9999999802506802 8.377447489761529e-05 -0.019013838842511177 0.001439814195210794 -8.403387764857481e-05 0.9999989599361546 0.991741418838501
0.9999987691635503 -9.127255105825315e-05 -0.0015663143699777295 -0.006700966507196426 9.116155952780431e-05 0.9999999933290511 -7.093283996759674e-05 -0.021692916750907898 0.0015663208337501839 7.078996500019386e-05 0.9999987708131578 1.0932419300079346
0.9999994868414684 -0.00029668052856325036 -0.0009686575575495481 -0.005525211803615093 0.0002963540756432047 0.9999998992547753 -0.0003371419600003758 -0.020432110875844955 0.0009687574834168185 0.00033685472137802024 0.9999994740187792 1.0325045585632324
0.9999997558630132 -0.0003067131892928902 -0.0006278542296412403 -0.004277924541383982 0.00030649059752340725 0.9999998901635445 -0.000354593305856338 -0.017844054847955704 0.0006279629191236982 0.0003544007878689964 0.9999997400312931 0.9205100536346436
0.9999997093618811 -0.00016537770107745173 -0.0007442622988599321 -0.004365117754787207 0.00016521759052388134 0.9999999631997428 -0.00021518285475898 -0.01755373552441597 0.0007442978579167193 0.00021505982699490447 0.9999996998849398 0.9043827652931213
0.9999998751970873 -0.00011869387407104697 -0.00048530152892689197 -0.004158638417720795 0.00011859128440619546 0.9999999706194859 -0.00021141696859901807 -0.017579765990376472 0.00048532660856753096 0.00021135938968192485 0.9999998598926358 0.9030401110649109
0.9999992898023176 -0.00019313491577452788 -0.001176050068927026 -0.005178099498152733 0.0001928693256418028 0.9999999558759164 -0.0002259415591161469 -0.018471181392669678 0.0011760936542388844 0.00022571457466926033 0.9999992829280664 0.94974684715271
0.9999983090578453 -4.4334570914477356e-07 -0.0018389891934664784 -0.00654197670519352 7.501108031084257e-07 0.9999999860867451 0.00016681111168457115 -0.020860139280557632 0.0018389890939251622 -0.00016681220906229137 0.9999982951449464 1.0599939823150635
0.9999925922381643 8.627455943836264e-05 -0.003848119735282234 -0.009923768229782581 -8.682749335223974e-05 0.9999999859311329 -0.00014352254302460213 -0.024059943854808807 0.00384810729879938 0.00014385560243451915 0.9999925856604052 1.2651777267456055
0.9999962586052022 0.00034655221269946587 -0.002713425355785181 -0.010703912004828453 -0.00034758193329794806 0.9999998677620274 -0.0003790286629460373 -0.026341011747717857 0.002713293643745493 0.000379970382481193 0.9999962468230125 1.2820969820022583
0.9999983437444292 -0.00016954678638417958 -0.0018121154173267025 -0.0065035223960876465 0.00016939898939798516 0.9999999823134311 -8.171364478088256e-05 -0.02019970491528511 0.0018121292395624747 8.140653892183552e-05 0.9999983547789438 1.0254085063934326
0.9999984078347506 -0.0001835462132416147 -0.0017750038736946843 -0.006517478264868259 0.00018322360905516987 0.9999999666690492 -0.00018190934438141107 -0.020295940339565277 0.0017750372033034322 0.00018158383213584916 0.9999984081338524 1.027665376663208
0.9999966335808834 -2.920046117936952e-05 -0.0025946048318399016 -0.007516768760979176 2.8645447753123154e-05 0.9999999767029557 -0.00021394748507856792 -0.020689217373728752 0.00259461101875851 0.00021387244122451375 0.9999966111203779 1.0624470710754395
0.9999987643986004 -0.00024619687402529963 -0.0015526069598921933 -0.00592281948775053 0.00024584621445679545 0.9999999442330203 -0.0002260389241068365 -0.019193070009350777 0.0015526625233845156 0.00022565694226919675 0.999998769158259 0.9777147769927979
0.9999967786905728 0.00017380245313537617 -0.0025322719413601183 -0.008080062456429005 -0.0001750450770259214 0.999999864383663 -0.0004905016583540045 -0.021660245954990387 0.0025321863475511845 0.0004909433400334144 0.9999966734979363 1.1318180561065674
0.9999972515884273 -0.0001710470885516183 -0.002338281096242777 -0.007424524985253811 0.0001709631273802286 0.9999999847339448 -3.610705203445542e-05 -0.021194305270910263 0.002338287236552576 3.570719294850801e-05 0.9999972655651593 1.0732486248016357
0.9999972416527585 -6.549502155258655e-05 -0.002347849500390397 -0.007304774597287178 6.538361366823535e-05 0.9999999967330476 -4.752775724079569e-05 -0.020788997411727905 0.0023478526055515695 4.737411525805293e-05 0.9999972426681164 1.050392746925354
0.9999974750043072 -1.6140194863687016e-05 -0.002247159207637277 -0.007550667971372604 1.6215243577878512e-05 0.9999999993114564 3.337893533738344e-05 -0.02162506803870201 0.0022471586673474893 -3.3415289289625584e-05 0.9999974745774824 1.0845425128936768
0.9999977195873716 -0.0001373530415407171 -0.0021311861014023663 -0.007469361647963524 0.00013700768017673858 0.9999999774606124 -0.00016219639474078932 -0.021608799695968628 0.0021312083315348815 0.0001619040360023044 0.9999977158664569 1.0828088521957397
0.999997665695916 -9.377690233383389e-05 -0.002158658984631531 -0.007293848320841789 9.393037189468736e-05 0.9999999930684978 7.099358903310161e-05 -0.02179829403758049 0.002158652312109916 -7.119618695369703e-05 0.9999976675729292 1.0977847576141357
0.999998542919872 -0.0001915691062947955 -0.0016963075812197444 -0.006462979130446911 0.00019136272939769701 0.9999999742696216 -0.00012182389625029943 -0.020621633157134056 0.0016963308752680388 0.0001214991086944809 0.9999985538487183 1.044994831085205
0.9999990952591691 -0.000248798682843149 -0.0013219606873694542 -0.005814387463033199 0.0002485516828506174 0.9999999516256547 -0.00018700467742813822 -0.019798580557107925 0.001322007149937901 0.0001866759326838629 0.9999991087241987 1.007529854774475
0.9999987232159312 -0.0002490373881104985 -0.0015784634575629717 -0.006051135249435902 0.00024868109629506367 0.9999999435605333 -0.00022591290932384844 -0.019730541855096817 0.0015785196292362141 0.00022552008685875643 0.9999987287074272 1.0072307586669922
0.9999994652029073 -0.0002803378010114284 -0.000995492147910473 -0.005459153093397617 0.0002803887752631214 0.9999999593872042 5.106588334195643e-05 -0.01970105804502964 0.000995477791783311 -5.1344980856207164e-05 0.999999503193706 0.9985120892524719
0.9999987250909834 -0.00020320786341787843 -0.001583831737213811 -0.006326128728687763 0.00020285781800807862 0.9999999549664322 -0.0002211692540662365 -0.020333364605903625 0.00158387660921979 0.00022084767944525717 0.999998721279777 1.029175877571106
0.9999998444456223 -0.000280259071820704 -0.0004822484670244393 -0.004819471389055252 0.00028034779412248345 0.9999999437895364 0.0001839185648271122 -0.019331468269228935 0.0004821968950707603 -0.00018405373351172352 0.9999998668051799 0.9775502681732178
0.9999932909880269 0.00031362159434238063 -0.0036496055171967206 -0.009552999399602413 -0.0003130251913723091 0.9999999375619418 0.0001639857993103589 -0.02357550896704197 0.0036496567188102676 -0.00016284228066221397 0.999993326721847 1.186089038848877
0.9999991690023695 0.00010169946318543622 -0.0012851660555029604 -0.007037759758532047 -0.0001021962297530449 0.9999999200949304 -0.00038647906000925376 -0.02137823961675167 0.0012851266480987417 0.0003866100779715496 0.9999990994906678 1.062859296798706
0.9999991716914283 -0.00020348676018596855 -0.001270908964342928 -0.005651883780956268 0.00020343128104813947 0.9999999783494146 -4.378223590879159e-05 -0.019724685698747635 0.0012709178459323438 4.352365700487845e-05 0.9999991914364331 1.006162405014038
0.9999890667432388 0.00036799268941043595 -0.004661649425547902 -0.010932305827736855 -0.0003682094842158649 0.9999999311690211 -4.5647878351158874e-05 -0.024464711546897888 0.0046616323065964875 4.736384280176043e-05 0.9999891334114108 1.2598888874053955
0.9999985353488486 0.00024116344805094752 -0.0016944439644560035 -0.008023618720471859 -0.00024231832683840017 0.9999997384907854 -0.0006813957654072242 -0.02444833144545555 0.0016942791935910205 0.0006818053622265202 0.9999983322783403 1.2777907848358154
0.9999957550846713 -0.0004551515313695212 -0.0028779592981088165 -0.00928194634616375 0.0004560792965024239 0.9999998442436173 0.00032172102234747957 -0.023994559422135353 0.0028778124180322915 -0.00032303223432102434 0.99999580691414 1.0578913688659668
0.999995106230033 0.0005060290591439884 -0.003087304743040512 -0.011697305366396904 -0.0005075414975455827 0.9999997515787724 -0.0004891257728996988 -0.028004057705402374 0.003087056464233814 0.0004906903145033436 0.9999951146407676 1.3685636520385742
0.9999994914269051 -0.00011164940394608307 0.0010023374387429786 -0.0033712778240442276 0.00011218128387965584 0.9999998529399887 -0.0005305990575585114 -0.02089780941605568 -0.0010022780502707133 0.0005307112312108657 0.9999993568919424 1.1056768894195557
0.9997069407379702 -9.576867373851987e-05 -0.024207921610275792 -0.03590863570570946 0.00011924987238880335 0.999999523856492 0.0009685382061202578 -0.021622594445943832 0.024207817328211614 -0.0009711411585911484 0.9997064761544029 0.6235232353210449
0.9999926418222633 0.0009278045126347455 -0.0037222950067614434 -0.011812055483460426 -0.0009278234123802415 0.999999569566152 -3.35062491378075e-06 -0.02571987733244896 0.0037222902958347643 6.80423271434644e-06 0.9999930722303312 1.2530083656311035
0.9999981965362434 2.7970309998980318e-05 -0.0018989844450244544 -0.007284713909029961 -2.894183139045195e-05 0.9999998687267131 -0.0005115749474555 -0.02304021082818508 0.0018989698868286567 0.0005116289849362444 0.9999980660727052 1.1781460046768188
0.9999928199895135 9.540763813781726e-06 -0.003789443019006963 -0.01041839923709631 -1.0304001904350324e-05 0.9999999796675026 -0.0002013922093264298 -0.025342784821987152 0.00378944102052262 0.0002014298097563392 0.9999927997554702 1.280073642730713
0.999871700948118 0.006423637570431471 -0.014673735839305034 0.025336656719446182 -0.006447112672518519 0.9999780111296577 -0.0015530599996495173 0.06256091594696045 0.014663436885867338 0.0016474639718068184 0.9998911288141106 -2.3393163681030273
0.9998882740985451 -0.0004331545052888855 -0.014941609598947176 -0.015969127416610718 0.00036881766179161973 0.9999906509118922 -0.004308371193683419 -0.008341092616319656 0.014943336098915563 0.004302379107512316 0.9998790858100044 0.5241838097572327
0.9999994989204243 -0.00027477861732072263 -0.0009626295299281781 -0.004951208829879761 0.0002744929700885 0.99999991826507 -0.00029685596291008625 -0.01869201473891735 0.0009627110209187527 0.00029659157912286145 0.9999994926103339 0.9613626003265381
0.9999999585424355 -0.00022278384573293914 -0.00018243487993548145 -0.003977278247475624 0.00022271500832957473 0.9999999040367132 -0.0003772593132437077 -0.017829664051532745 0.00018251890970907375 0.00037721866661765096 0.9999999121964588 0.9107077717781067
0.998306507902663 -0.004840685713812911 -0.05797140709876114 -0.03972578048706055 0.002039430423126755 0.9988315973014796 -0.04828334035383278 0.1032266616821289 0.05813739762613589 0.048083344247201856 0.9971499561265926 -4.60969352722168
0.9997513714391792 0.010470909729984237 -0.019686425650871225 0.045165009796619415 -0.010579920985942608 0.9999292256756611 -0.005441407134598416 0.11143875122070312 0.019628055874486662 0.005648335073255552 0.9997913961089526 -4.436735153198242
0.9999917617790824 -0.00010066333086710563 0.00405786161181464 0.0002907303860411048 0.00010243286512373248 0.9999998997623839 -0.0004358700841737488 -0.017704373225569725 -0.004057817328929767 0.00043628215177087784 0.9999916718535256 0.8629410266876221
0.9999931507036081 7.614165091116656e-05 0.003700371375929007 0.0002300129272043705 -7.619310488974101e-05 0.9999999970025799 1.3764115130675634e-05 -0.016733160242438316 -0.00370037031681499 -1.4045963640548688e-05 0.9999931535076774 0.820499062538147
0.999999569670077 0.000904136106272262 0.0002078402318177871 -0.0020448919385671616 -0.000904352045147846 0.9999990489929746 0.001041230293742012 -0.012794210575520992 -0.00020689862025674986 -0.0010414178064081685 0.9999994363207977 0.69401615858078
0.9999954944480972 2.7024790544106798e-05 -0.003001725031774627 -0.007162830792367458 -2.6697641027851242e-05 0.9999999937001544 0.00010902718608352866 -0.020635537803173065 0.0030017279593010904 -0.0001089465558785203 0.9999954888697781 0.9842487573623657
0.9999994875427027 -0.00018458979362699982 -0.0009954099354190925 -0.005544296931475401 0.00018408490727949003 0.9999998543887154 -0.000507282263155473 -0.02114436961710453 0.0009955034296044397 0.0005070987632493088 0.9999993759116881 1.0976747274398804
0.9999989934617901 -9.95498000134942e-05 -0.0014153322027104604 -0.005822065286338329 9.9199673917852e-05 0.999999964464231 -0.00024744890680436325 -0.020509930327534676 0.001415356785904728 0.0002473082572445892 0.9999989678013647 1.0483789443969727
0.9999795275667809 3.5442429102081853e-06 0.006398783849782238 0.003151331562548876 5.938821713927221e-06 0.9999989018333149 -0.001481990855208791 -0.017153680324554443 -0.00639878207538657 0.0014819985164864463 0.9999784294015291 1.0030924081802368
0.9963151857795916 -0.0008604606741237687 -0.0857631050767532 -0.10153926908969879 7.495161619642713e-05 0.9999580265176696 -0.009161854896396787 -0.0192132368683815 0.08576738871641804 0.0091216670798537 0.996273431454664 0.3974165916442871
0.9999951299674229 9.525242297169298e-05 -0.0031194500176721417 -0.006879453547298908 -9.551517718421197e-05 0.999999991903528 -8.408207222977603e-05 -0.019339218735694885 0.003119441983394494 8.437961756850037e-05 0.9999951309690425 0.9325076937675476
0.9999993541253464 0.00027354263862719604 -0.0011031424728043028 -0.006508205085992813 -0.0002741334430658884 0.9999998190724305 -0.0005354493085131254 -0.021233897656202316 0.0011029958049987142 0.0005357513709242507 0.9999992481850789 1.0722893476486206
0.9993581193839647 0.0013960201706475154 -0.03579665276291517 -0.057292576879262924 -0.0013457132564426036 0.9999980729228675 0.0014294077035444496 -0.03824801370501518 0.03579857926199043 -0.001380318164287805 0.9993580721866354 1.2344306707382202
0.9999991308174938 0.0001803925193699337 0.001306071512647324 -0.005118986126035452 -0.00018144951675419676 0.9999996561179144 0.000809221926241127 -0.02276007831096649 -0.001305925085930724 -0.0008094582089244012 0.9999988196678424 1.0460100173950195
0.9989879696669584 -0.0031792814350990097 -0.04486567318390302 -0.029478926211595535 0.0014334635370774288 0.9992424400512706 -0.03889075960521787 0.07922482490539551 0.04495532941683588 0.0387870876702468 0.9982357337758875 -3.6444902420043945
0.9995188621908354 0.0006113651950811647 -0.031010810330200766 -0.04867701604962349 -0.0005878269149494842 0.999999532205759 0.0007681456769090369 -0.03317377716302872 0.0310112654410539 -0.0007495471040144441 0.9995187539985846 0.9572101831436157
0.9999998434359039 -0.000341879254027264 -0.0004429974527638554 -0.006095645949244499 0.00034158954927823926 0.9999997278816427 -0.0006538755386867034 -0.00474854651838541 0.00044322087869750926 0.0006537241130130498 0.9999996880999696 0.5088557004928589
0.9965466899031086 -0.002754713694512528 -0.08298859196069569 -0.09659700095653534 0.0014225663383613607 0.9998692613924779 -0.016107030374144213 0.007197301834821701 0.08302211240489213 0.015933351026130953 0.9964203215395135 -0.8285188674926758
0.999997116021865 0.0004836545275019826 -0.0023524511154898995 -0.008551315404474735 -0.0004843818755742541 0.9999998350616461 -0.00030862741161097107 -0.025019807741045952 0.002352301458435548 0.00030976600621978185 0.999997185357474 1.271521806716919
0.9999703785109263 0.0011533233650606917 -0.007609989877147498 -0.016127804294228554 -0.0011515226978731099 0.9999993079579077 0.000240996228101125 -0.0275108702480793 0.007610262557294942 -0.00023222601335986756 0.9999710145673663 1.3047159910202026
