0.9965627447938991 -0.0019368149489040695 0.08281874447673893 0.0872272178530693 0.0012973445185843144 0.9999689369876426 0.007774442552609761 0.04727528244256973 -0.08283122953361113 -0.00764027536528834 0.9965343012693002 -2.0084850788116455
0.999983498582035 -0.0003923675147002414 -0.005731370810453858 -0.026861581951379776 0.0004263643387351908 0.9999823164648854 0.0059316920834201715 0.009366940706968307 0.005728942056276137 -0.005934037854215508 0.9999659826302396 -0.5125472545623779
0.9999567606368844 -0.0003987085306729459 0.009290742063804331 -0.006010052748024464 0.000374492609176821 0.9999965289062631 0.002608051132724231 0.0028412267565727234 -0.009291749667002792 -0.0026044590480176167 0.9999534390066335 -0.3186870813369751
0.9999976539928237 0.00018675033045137434 -0.0021580391941261965 -0.010659069754183292 -0.00018229586653979664 0.9999978530490303 0.002064137967146337 -0.006052505690604448 0.002158420039369317 -0.002063739723038933 0.9999955410907039 0.19553855061531067
0.9997371310752236 0.0007868559035991392 -0.02291396096854585 -0.03345378488302231 -0.0007241885152158096 0.9999959755521477 0.0027430695402418433 -0.008549634367227554 0.022916027152966565 -0.0027257544451296887 0.9997336775172821 0.3113256096839905
0.9999504870717888 0.00033767385820236337 -0.009945319565381923 -0.02032783068716526 -0.00031320465957691845 0.9999969206480508 0.002461828031533576 -0.007505812682211399 0.009946120235212373 -0.0024585912187901236 0.9999475136333333 0.2536468207836151
0.9999724594973632 0.0007174482129139684 -0.007386847423366063 -0.01776578277349472 -0.0006926179182950797 0.9999941037943243 0.003363429351969363 -0.0028405236080288887 0.007389216955372192 -0.0033582204585492913 0.9999670603715596 -0.023199856281280518
0.9999956993178372 0.00021400284258468784 -0.0029249869423242703 -0.02483552135527134 -0.00020140432735381658 0.9999907053256123 0.004306820019551732 0.008657930418848991 0.0029258814272497386 -0.004306212392260059 0.9999864477845217 -0.6907143592834473
0.9998797380927362 0.0008346387601602329 -0.015485888083719536 -0.031030409038066864 -0.0007903399513570794 0.9999955792847883 0.0028664915213674393 -0.0020062364637851715 0.015488212109947922 -0.0028539076755951156 0.9998759775575252 -0.09276044368743896
0.9999978467403947 4.431864979365681e-05 0.002074741051578818 -0.014001240022480488 -5.2549937427255356e-05 0.9999921280826499 0.00396749432726813 0.0036126337945461273 -0.002074548885397089 -0.003967594811735299 0.9999899771689373 -0.3435397744178772
0.999941405407336 0.0005025895340522764 -0.010813563508947752 -0.03397321701049805 -0.0004375556542150692 0.9999818102165209 0.006015628075232009 0.010291194543242455 0.01081639020428025 -0.006010544056099769 0.9999234366005721 -0.8404974937438965
0.9997663205919738 0.0007516217610270174 -0.021604149479098615 -0.04342886805534363 -0.0006366373639411605 0.9999855996441507 0.0053287144036262375 0.0025497907772660255 0.021607843549362352 -0.005313715184024293 0.9997524021116877 -0.3374810218811035
0.9997709721197664 7.271169987840797e-05 -0.021400888292444784 -0.039446860551834106 6.455577855132802e-05 0.9999794322323139 0.00641334116433478 0.01515970379114151 0.02140091444888407 -0.006413253881408107 0.9997504043687123 -0.7682539224624634
0.9996229846112388 -0.0002519428647726968 -0.02745587663346205 -0.06276797503232956 0.00042905985863918707 0.999979136995239 0.0064452681786382636 0.015011496841907501 0.02745367998204798 -0.0064546184278973925 0.9996022375707216 -0.5757871866226196
0.9993512860782919 0.0007425371008072006 -0.03600632794826112 -0.0544886440038681 -0.0005084418853908087 0.9999786790156848 0.006510222799191754 0.006735216826200485 0.03601039433987061 -0.006487692401760484 0.9993303564621597 -0.48132169246673584
0.9989951935344649 0.0007600157890012818 -0.044810999442525715 -0.07323700189590454 -0.0003914784069782103 0.9999660360657796 0.00823246375935916 0.011249735951423645 0.04481573428712779 -0.008206649187869607 0.9989615612571953 -0.4799262285232544
0.9999798780881272 -0.0004886359743481887 0.006324923220035549 -0.023066170513629913 0.0004586322107568245 0.999988640491285 0.0047443171149694026 0.020114094018936157 -0.006327169616031198 -0.004741320836719245 0.9999687429121841 -1.1904937028884888
0.999998322915267 0.0005426288109847869 0.0017492057132914888 -0.013176459819078445 -0.0005482602231998362 0.9999946637496554 0.003220540784067362 0.0039396993815898895 -0.0017474488208755114 -0.0032214944028623716 0.9999932841756645 -0.47077929973602295
0.9998902078001858 0.000147419656435335 -0.014817240389021293 -0.0312686488032341 -7.796524350103867e-05 0.999989008820056 0.0046878737720544095 0.000758717767894268 0.014817768614806794 -0.0046862038503255815 0.999879229320597 -0.2565087080001831
0.9997660040794177 0.0011850359576145717 -0.021599369825363493 -0.0311222393065691 -0.0011275857923622719 0.9999957950289181 0.0026717924250790085 -0.011623181402683258 0.021602445170732995 -0.0026468120940118392 0.9997631363219912 0.4536983370780945
0.9999649132175495 0.0007209931646954618 0.008345807490892006 0.001766329281963408 -0.0007383623072850865 0.9999975677676121 0.0020782877479303234 -0.0013991696760058403 -0.008344288760688197 -0.0020843770571753748 0.9999630134246774 -0.11380380392074585
0.9999316424140156 0.0007855775196157177 -0.011665906187266376 -0.02662470005452633 -0.0007297673171948864 0.9999882734294996 0.0047875299634897025 0.007282121106982231 0.011669530362108823 -0.004778689302437641 0.999920489933914 -0.47675371170043945
0.9997548131586328 0.0006404891050038855 -0.022133760183346347 -0.04221777245402336 -0.0004935453068888654 0.9999778084254695 0.006643724078063359 0.0047238413244485855 0.022137524233246247 -0.006631171110879449 0.999732943135576 -0.402485728263855
0.999285822317866 -0.00010637760906300945 -0.03778669075628268 -0.06214490905404091 0.0004355076622480182 0.9999620412891275 0.008702086758800546 0.014207469299435616 0.03778433071503017 -0.008712328316004775 0.9992479370445213 -0.6980161666870117
0.9999577570560363 2.1491848672180903e-05 0.009191498330590653 -0.017526891082525253 -6.27039265238128e-05 0.99998994731094 0.004483452384133906 0.01629379577934742 -0.009191309573635774 -0.004483839332942045 0.999947706139255 -0.9798793792724609
0.9999838467291852 -0.0006028707387719105 -0.005651798614007502 -0.02064182423055172 0.0006430527387674162 0.9999745134832588 0.007110475869760215 0.015702566131949425 0.005647367871506888 -0.00711399541689557 0.9999587483018146 -0.8480774164199829
0.9996080830529465 -0.0001268306922694626 -0.02799400309332668 -0.04450438171625137 0.0003268256493619585 0.9999744582705394 0.007139747301973194 0.01045001856982708 0.027992382538980214 -0.007146098272247089 0.9995825927852459 -0.38124537467956543
0.9997263900627743 0.0006507033719069074 -0.023382078546945798 -0.04068860784173012 -0.0005120651927228752 0.9999822581211537 0.005934747859574066 0.0005511194467544556 0.023385525465384683 -0.005921150905027354 0.9997089862408298 -0.07670032978057861
0.9997399991824785 0.0006589174547949208 -0.022792539621682685 -0.04027217626571655 -0.0005170441861946893 0.9999804604287428 0.006229881702682034 0.0008935937657952309 0.022796199243025818 -0.00621647717824627 0.9997208053809647 -0.15052515268325806
0.999992964249379 -0.000363626871303723 0.0037335274524957344 -0.019608043134212494 0.000348029869068115 0.9999912142666201 0.004177351407395918 0.010307585820555687 -0.003735013647941578 -0.004176022637522706 0.9999843051308258 -0.6031996011734009
0.9999774232826653 0.0009216317230491498 -0.0066560889363580025 -0.01931064762175083 -0.0009025117916406472 0.9999954599707728 0.002874980053620664 0.00034106988459825516 0.006658708390340242 -0.0028689079472573775 0.9999737151394344 -0.23345059156417847
0.9999957303487966 0.00014006124178663002 -0.002918846865709033 -0.02165421098470688 -0.00013269984938989014 0.9999968107923292 0.0025220618391833976 0.0029235128313302994 0.002919190800013277 -0.002521663740319559 0.9999925597408482 -0.3816964626312256
0.9999322406885376 0.0004536985040199163 -0.01163220483259162 -0.020276688039302826 -0.00042627009101214104 0.9999971235335379 0.002360342868978808 -0.00900717917829752 0.011633242256973174 -0.0023552244727585306 0.9999295578150857 0.3211714029312134
0.9999030583648563 0.0007813029460375575 -0.013901922108593243 -0.028850587084889412 -0.0007288965764722921 0.9999926113227057 0.0037743886626632464 0.0038042105734348297 0.013904768332758641 -0.003763889703823282 0.9998962398928749 -0.20281368494033813
0.9997395248427843 0.0003431108322923744 -0.02282027042085171 -0.04526681452989578 -0.00024339159140895228 0.9999904113937985 0.00437239991251957 0.002871922217309475 0.022821551824038333 -0.0043657067490308335 0.9997300222444679 -0.12731200456619263
0.99889720064597 0.0016930513083882625 -0.04692031669662467 -0.06092881038784981 -0.0014707268189004825 0.9999875302204603 0.004772459136303353 -0.010439908131957054 0.04692781162880449 -0.004698189103333674 0.9988872346340604 0.4599877595901489
0.9997212764977256 0.0013575849684150688 -0.02356960502026597 -0.03361715003848076 -0.0012961864074916033 0.9999957275552782 0.002620070988832064 -0.013075010851025581 0.023573061289422027 -0.0025887901118126348 0.9997187649270178 0.614722490310669
0.9999949876604926 0.0003606938774156474 -0.003145560970410429 -0.013298136182129383 -0.00035364312570091333 0.9999974247191201 0.002241760840890157 -0.00666393106803298 0.003146361459117344 -0.0022406371984100685 0.9999925399494308 0.19567304849624634
0.9999912625749342 6.974615023589807e-05 0.004179702054395458 -0.004581628367304802 -7.70837826608629e-05 0.9999984563058856 0.0017554042088229393 -0.006694307550787926 -0.0041795731695283235 -0.0017557110583549529 0.9999897242706047 0.2480272352695465
0.999125921830253 0.0014493887031867235 -0.04177668726974218 -0.055272866040468216 -0.0012599363323044926 0.9999888055166977 0.004560855372224171 -0.008837606757879257 0.04178283005356749 -0.004504232861973467 0.9991165632692911 0.3313753306865692
0.9981687147670657 0.0023821013975564116 -0.060444540309246814 -0.07645948976278305 -0.0020871109004681294 0.9999856051790856 0.004943015547941565 -0.010454029776155949 0.0604554449851587 -0.004807809017609239 0.9981593180169671 0.5831207633018494
0.9982324434385765 0.0021800840392847336 -0.05939053881074755 -0.07538997381925583 -0.0018925541775712572 0.9999862179329431 0.004897160693057057 -0.012347235344350338 0.05940039650822385 -0.004776104872207211 0.9982228116592586 0.636998176574707
0.9988077576199518 0.002110751265263535 -0.04877097545979186 -0.06244664266705513 -0.0019357468754420465 0.9999915189086777 0.003635243423731883 -0.012302998453378677 0.048778234923351295 -0.0035365010691017656 0.9988033725203126 0.665691614151001
0.9995160090995335 0.0010227908719022394 -0.031091822921368074 -0.04091215506196022 -0.0009317307776770979 0.999995235025208 0.0029430943982255682 -0.010105515830218792 0.03109468493970127 -0.002912700758967688 0.9995121993966805 0.5287553668022156
0.9991506825931257 0.0014533311343090606 -0.041180108090014315 -0.053462397307157516 -0.001281583014709622 0.99999037237294 0.004196749504742986 -0.007078956346958876 0.041185810890009465 -0.004140409405264248 0.9991429257074733 0.34529757499694824
0.9997687565136059 0.0007173883485110756 -0.021492297531798172 -0.029648972675204277 -0.0006688162377601641 0.9999972065117853 0.0022670803836352077 -0.00984396692365408 0.02149386387037067 -0.002252181738487321 0.9997664434723434 0.52117919921875
0.9999888826121781 6.487646800169597e-05 -0.004714917082123294 -0.009635440073907375 -6.299742665066924e-05 0.9999999185433548 0.0003986785770545576 -0.012522416189312935 0.004714942562919914 -0.0003983771171471552 0.9999888052434891 0.6420080065727234
0.9999902681381906 7.370774998407275e-05 0.00441114453148902 -0.00450131855905056 -8.201586396713909e-05 0.9999982232520265 0.0018832860081560712 -0.007299869321286678 -0.0044109978812226745 -0.0018836294641067259 0.9999884974527128 0.3151828646659851
0.9990823811183753 0.001357004381971503 -0.04280834355526045 -0.05412225052714348 -0.0012213173020246537 0.9999941481332412 0.0031956350419916424 -0.011703473515808582 0.042812429537292945 -0.0031404200962832736 0.9990781919543302 0.633002758026123
0.997576374703781 0.0026666505123349856 -0.06952888326376755 -0.0873502641916275 -0.0022967064478240486 0.9999827817585749 0.0054001227647965735 -0.008284518495202065 0.0695420863388069 -0.0052273474561592235 0.9975653227063471 0.5413299798965454
0.9996461304527021 0.0011071752627632495 -0.026577961431924174 -0.03514917939901352 -0.0010518840952702952 0.9999972538670894 0.002094229722384726 -0.01068461686372757 0.026580207124652755 -0.002065531703345979 0.9996445499116139 0.6182318329811096
0.9999269038461696 0.00048284374609536745 -0.012081135150726285 -0.017599161714315414 -0.00047014974323142936 0.9999993344984008 0.001053547328939724 -0.01265783328562975 0.012081635809450517 -0.0010477903760930417 0.9999264654020792 0.688307523727417
0.9999879026223268 0.00024644146228715015 -0.0049126241059022045 -0.00807303935289383 -0.00024546777241333547 0.9999999501113602 0.00019880354663437102 -0.016545528545975685 0.004912672854254809 -0.0001975952507368047 0.9999879132277272 0.8183002471923828
0.999991893108724 0.00026040383898608897 -0.004018196942803712 -0.006981681566685438 -0.00025972836618282465 0.9999999520534988 0.0001686243648785658 -0.01594657078385353 0.004018240660577188 -0.00016757935813221798 0.9999919127968749 0.7975342273712158
0.9999836532277367 0.0003836773281905689 -0.0057049162147691165 -0.009885829873383045 -0.0003810205143806089 0.9999998184672793 0.00046678557848981437 -0.013168065808713436 0.005705094274183748 -0.00046460425794161736 0.9999836178869164 0.6889524459838867
0.9999982347710745 0.0001735034531596143 -0.0018709225763185728 -0.0053960769437253475 -0.000173341536145983 0.9999999812174123 8.670574845499281e-05 -0.014328258112072945 0.0018709375849245715 -8.638128680610838e-05 0.9999982460638751 0.728681206703186
0.9994579425273153 0.0011059836655504841 -0.032902855790902526 -0.04361988604068756 -0.0010026823419133578 0.9999945173843938 0.003155919719245019 -0.010251235216856003 0.032906165792851154 -0.0031212179168779498 0.9994535718338939 0.5492227077484131
0.9997533513697616 0.0006963887230534115 -0.02219800593918555 -0.0318424291908741 -0.0006411671330685015 0.9999966826763536 0.0024947025865733586 -0.010889583267271519 0.02219966958396421 -0.002479854639769663 0.9997504813658897 0.5552506446838379
0.9998991363727285 0.00045462627859222234 -0.0141954357459933 -0.0271292757242918 -0.00040959695698896136 0.9999948762822213 0.0031748448210923434 -0.00984974391758442 0.014196806380472911 -0.003168710187442973 0.9998941993852868 0.40812864899635315
0.9999981955929299 0.00019142365847038385 -0.0018900179542024561 -0.010278420522809029 -0.00018697883526917864 0.9999972174275175 0.0023516326535683706 -0.007619987241923809 0.00189046285321643 -0.0023512750169100696 0.999995448817641 0.295958012342453
0.998914106405115 0.0012813080565740112 -0.04657216201267309 -0.06029270216822624 -0.0010835225639827658 0.9999902885590323 0.004271857497225422 -0.010604084469377995 0.0465771832952987 -0.004216756726136732 0.9989057938359296 0.47899097204208374
0.9993744286631938 0.0010162137048975437 -0.03535135985816037 -0.04866666719317436 -0.0008926660193031018 0.9999934398963359 0.0035104574732098505 -0.010288828983902931 0.03535469532456977 -0.0034767044739539973 0.9993687798027852 0.49539774656295776
0.9994683141614343 0.0009388530325914728 -0.032591525620680975 -0.043950483202934265 -0.0008166751170159362 0.99999259064993 0.0037618728041801425 -0.00867887120693922 0.03259481598434877 -0.003733255981683677 0.999461675488721 0.42498183250427246
0.9992088040049067 0.0008911488564514109 -0.03976143675471904 -0.0507502481341362 -0.0007300728193332117 0.999991469729945 0.004065398015311723 -0.009693439118564129 0.039764720453718115 -0.004033152744451291 0.9992009310875254 0.4484992027282715
0.9977563584856909 0.002885134395851538 -0.06688740614564027 -0.0868629664182663 -0.002539018241334546 0.9999829477923029 0.005259040880908997 -0.012351220473647118 0.06690143860743304 -0.005077413134143807 0.9977466699458943 0.6351621747016907
0.9983718947410084 0.0020567998950291495 -0.05700288909730894 -0.0741143599152565 -0.0017597061047362399 0.9999846093150161 0.005261612634844681 -0.005659226793795824 0.05701283386811472 -0.005152737843710977 0.9983601484770114 0.1509038507938385
0.9975743015608745 0.0020335095298385708 -0.06958000937284892 -0.09002107381820679 -0.001504172491652644 0.9999695369757408 0.00765915045146458 -0.009350279346108437 0.06959346471076894 -0.007535911326101861 0.9975469711798218 0.34325769543647766
0.9982129818148338 0.0014797810278162505 -0.059738205400299504 -0.08556108921766281 -0.00099239418003198 0.9999659889559621 0.008187556724472427 0.0010716971009969711 0.059748289432669924 -0.0081136415643489 0.9981805000752296 -0.014384210109710693
0.9996930125825413 0.0009063834097337772 -0.024760029538706967 -0.03848608583211899 -0.0008170112631877901 0.9999931161551886 0.0036194108403981955 -0.006396861746907234 0.02476313966844484 -0.0035980705038015934 0.9996868713764381 0.18325310945510864
0.9978132574294318 0.001996651250029072 -0.06606600246610962 -0.08284315466880798 -0.0016180489494933034 0.9999819653250469 0.005783678954914986 -0.00945648830384016 0.0660763589770448 -0.0056641335120422645 0.997798492871128 0.4883003532886505
0.9976460240151749 0.0025067798633056173 -0.06852829212398724 -0.08662143349647522 -0.0021276581629237627 0.9999820296674513 0.005604766980601306 -0.010788612067699432 0.06854111056479424 -0.005445768713599603 0.997633429554996 0.5578558444976807
0.9985963931084327 0.002012596197529716 -0.0529262990145155 -0.06883744150400162 -0.0017986809203549838 0.999990022038718 0.004089079352478104 -0.013414308428764343 0.05293400058350934 -0.003988142368296389 0.998590049170667 0.6500261425971985
0.9983415323110799 0.0021944470901783773 -0.057527117646664475 -0.07311732321977615 -0.0019433931085603192 0.9999883447574122 0.004419680141875406 -0.012862245552241802 0.057536145908379785 -0.004300552441174877 0.9983341610716875 0.6273527145385742
0.9985863153502686 0.002172977087587605 -0.053109782203949185 -0.06772871315479279 -0.001966581568171956 0.9999903116962577 0.003938155730441248 -0.01430450938642025 0.0531178251824171 -0.003828143701364958 0.9985809140794211 0.7049264311790466
0.9986475766663013 0.0017148456484452842 -0.05196226441299539 -0.06451521068811417 -0.0015091224503123244 0.9999908689710342 0.003998065030263121 -0.01302779745310545 0.05196864600847325 -0.003914240534031831 0.998641045898419 0.6501362323760986
0.9996023151973797 0.00098745276371487 -0.028182199862288912 -0.038563672453165054 -0.0009204103181977476 0.999996716144 0.0023917663060206242 -0.013484987430274487 0.02818446907225184 -0.0023648759493665387 0.9995999415090318 0.6680358648300171
0.9994305779977096 0.0010904328698509906 -0.03372433423094269 -0.04455115646123886 -0.000998182723312423 0.9999957146877855 0.0027521332300482655 -0.01244338322430849 0.033727190728177536 -0.0027169030570493007 0.9994273835768978 0.5583136081695557
0.9998677518135526 0.0005572583275061607 -0.016253256488107718 -0.02464764006435871 -0.0005162459447847642 0.9999966728142681 0.002527419735205405 -0.009636562317609787 0.016254610836199185 -0.0025186948107775013 0.9998647127501868 0.44104379415512085
0.9995570075950916 0.0009184613406685627 -0.029748025082541867 -0.03951634466648102 -0.0008398401023973118 0.9999961220366334 0.002655292883455115 -0.011562464758753777 0.029750348504651976 -0.0026291330244434977 0.9995539027102998 0.5609031915664673
0.9998344772746538 0.0008607516993341936 -0.018173529085784165 -0.025016700848937035 -0.0008346944247551096 0.9999986129105839 0.0014413403919450406 -0.015153612941503525 0.018174744513666005 -0.0014259324739491857 0.999833808879477 0.7738549113273621
0.9999693957323272 0.0003856010437567776 -0.007814020127895857 -0.01381267886608839 -0.00037748231587021475 0.9999993874923145 0.0010404432212521028 -0.010659529827535152 0.00781441653774056 -0.0010374617248351268 0.9999689288009622 0.5741544365882874
0.9995711753548732 0.000985684242439052 -0.029265915776742913 -0.04060566425323486 -0.000899940383986376 0.9999952648686838 0.0029428468386624735 -0.010366222821176052 0.029268677916545405 -0.002915247293929387 0.9995673293111538 0.43538355827331543
0.9998639163075398 0.0008699481082081592 -0.016473981195749072 -0.023909185081720352 -0.0008370345763223019 0.9999976402732531 0.0020046997389084453 -0.011244770139455795 0.016475686306400405 -0.0019906376400951756 0.9998622850785596 0.548326313495636
0.9991301569147754 0.001474292182955792 -0.04167440468699575 -0.05557903274893761 -0.001322127456568931 0.9999923599077094 0.003678600983884949 -0.011371228843927383 0.04167950962337254 -0.0036203023035829745 0.9991244726703403 0.5080159306526184
0.9989792494012012 0.001427117535518194 -0.04514889368913077 -0.05694932863116264 -0.0012552954124069407 0.9999918630702088 0.003833800568664154 -0.01111085806041956 0.04515399759977189 -0.0037732120153148004 0.9989729122312814 0.5586009621620178
0.9994341777333745 0.0008755812271968955 -0.0336237674261525 -0.0601138211786747 -0.0006633265104150014 0.9999797878882634 0.006323275486986675 0.00652938149869442 0.03362862436011908 -0.006297394100604335 0.9994145578543409 -0.4379009008407593
0.9999997240548127 1.8938198797799268e-05 -0.0007426517641428564 -0.01802106946706772 -1.6871507348387587e-05 0.9999961279692523 0.0027827615519369396 -0.0011589443311095238 0.0007427015890638683 -0.0027827482543925867 0.9999958523446496 -0.12218105792999268
0.9999482388015345 -0.0004692464593090449 0.010163637413341168 -0.00582883320748806 0.0004304982701341781 0.9999926329213602 0.003814285548480118 0.00447736494243145 -0.010165352377013494 -0.0038097126881641245 0.9999410741140125 -0.4697805643081665
0.9999741648423554 0.0008115953598584127 -0.0071421957972270115 -0.018312973901629448 -0.0007899443008286276 0.9999950862291392 0.003033728000023458 -0.0037799831479787827 0.007144622861681312 -0.0030280076863169044 0.9999698923135717 -0.05595517158508301
0.999833101694818 0.0006329478867530981 -0.018258371567383254 -0.030641300603747368 -0.0005741201835824643 0.9999946283508361 0.003227019598369469 -0.0077307019382715225 0.018260316025052188 -0.0032159985146315287 0.99982809433033 0.30154651403427124
0.9997629515663293 0.0010707183010484154 -0.021746131557156417 -0.032413825392723083 -0.0010003580531702315 0.9999942308804597 0.0032461499600692904 -0.008410414680838585 0.021749481813294117 -0.003223626547477295 0.999758254916025 0.22329804301261902
0.9997299934994941 0.0008868381280482906 -0.02321968164372439 -0.03167571499943733 -0.0008490895850065396 0.9999983020561168 0.0016355218616058722 -0.013522682711482048 0.023221092661154106 -0.0016153646702206652 0.999729049019085 0.654140055179596
0.9986089154967588 0.0015815269746225686 -0.05270419966962836 -0.06744685769081116 -0.0013204084844239952 0.9999866837762659 0.004988866763186771 -0.009745564311742783 0.0527113878760726 -0.004912335755535214 0.9985977060586527 0.3565077483654022
0.9995644602972847 0.001326076032816453 -0.029481031748443836 -0.038419462740421295 -0.0012574837103504354 0.9999964596662497 0.002345077756625919 -0.01406087912619114 0.029484037127160297 -0.0023069844649689624 0.9995625890245005 0.7425820827484131
0.9999133070605494 0.0004935778300648174 -0.0131580676454041 -0.018208038061857224 -0.0004805096531999738 0.999999388236929 0.000996311317110742 -0.014463815838098526 0.013158551352962199 -0.000989902365432979 0.9999129325194259 0.744408130645752
0.9999578611103354 0.00037363803631999554 -0.009172589506839846 -0.012848149053752422 -0.0003707550009634307 0.9999998813397414 0.00031600827906836575 -0.02020229771733284 0.009172706491130854 -0.00031259417939891545 0.9999578809832474 0.9713799953460693
0.9999878021110065 0.00026012115236547504 -0.004932338814809303 -0.007685138378292322 -0.0002605142237752893 0.9999999629416862 -7.905039384400018e-05 -0.020501382648944855 0.004932318069345604 8.033437401380797e-05 0.9999878328184051 0.9751861095428467
0.9999853923106465 0.000249742498853046 -0.0053993327371582925 -0.008497757837176323 -0.0002495511525766602 0.9999999682100523 3.6112555438102666e-05 -0.01985502988100052 0.005399341584353623 -3.476461820940833e-05 0.9999854228446917 0.963611900806427
0.9999835980301078 0.0002339285815640063 -0.005722669672326871 -0.008345263078808784 -0.0002343098003067936 0.9999999703750744 -6.594518856102581e-05 -0.022024191915988922 0.005722654076328786 6.728498451817314e-05 0.9999836232174273 1.058767318725586
0.999990356138135 8.414052217369566e-05 -0.004390962434188243 -0.006564228795468807 -8.441348981780354e-05 0.9999999945163904 -6.198049688316593e-05 -0.02317212149500847 0.004390957195038547 6.235055561454436e-05 0.9999903577571734 1.0872722864151
0.9999910568650493 0.00019139635578156708 -0.0042248736498569335 -0.006638949736952782 -0.00019151952447255858 0.9999999812468929 -2.8748669281248244e-05 -0.020477421581745148 0.004224868068236891 2.9557557970396444e-05 0.9999910747682487 0.9724345803260803
0.99997151798493 0.00035266834457358456 -0.00753915406087144 -0.011202560737729073 -0.0003500232534292053 0.9999998767321873 0.0003521637862638327 -0.01670304499566555 0.007539277328555929 -0.000349514876697075 0.9999715181627495 0.8232961297035217
0.9996596507039222 0.0009314150753498115 -0.026071348650771653 -0.034065570682287216 -0.0008825212037521058 0.9999978305111007 0.001886830521598421 -0.01179447490721941 0.02607304951166261 -0.0018631798221638565 0.9996583039469602 0.6590115427970886
0.9996630285220246 0.001005628871037827 -0.025938737763194872 -0.033740319311618805 -0.0009555895533409035 0.9999976587919948 0.0019414579920748161 -0.012570683844387531 0.02594062942142311 -0.0019160169892724413 0.9996616490713833 0.698117196559906
0.9998513876482041 0.0008729232361828448 -0.017217451117529328 -0.02341967634856701 -0.0008525435167730008 0.9999989273784735 0.0011909708034395982 -0.01747281476855278 0.017218472275808562 -0.001176115184141973 0.999851059391128 0.8814389109611511
0.9999405000756331 0.00049149538638031 -0.010897464878486925 -0.014834525994956493 -0.0004873562474446072 0.9999998080971554 0.00038247815640416133 -0.022777140140533447 0.01089765077348168 -0.00037714445139294455 0.9999405477175539 1.1050751209259033
0.9999885304631752 7.62034434695975e-05 -0.0047888553052149166 -0.006485527381300926 -7.703198951478649e-05 0.999999982097714 -0.00017283125828903163 -0.0276181697845459 0.004788842049146439 0.00017319817104620937 0.9999885184311975 1.3145148754119873
0.9999926872852342 -1.2085615295568573e-08 -0.0038243138019484514 -0.00547771668061614 -8.959628218945901e-07 0.9999999718109192 -0.00023743916737854523 -0.02806437574326992 0.0038243136970141584 0.00023744085749662577 0.9999926590963486 1.3487756252288818
0.9999972637009285 -0.00011060012745256842 -0.0023367409500588245 -0.0037879948504269123 0.00010972017766952381 0.9999999230307149 -0.000376696226182019 -0.03148290142416954 0.0023367824328521707 0.0003764388077962769 0.9999971988669196 1.49920654296875
0.9999998858945192 -6.120169105447893e-05 -0.0004737776926839271 -0.002190493978559971 6.1019119076765646e-05 0.9999999238877268 -0.00038535854462691825 -0.029160045087337494 0.00047380124121822333 0.0003853295911579503 0.9999998135167278 1.3814399242401123
0.9999999147321997 -7.83587696230726e-05 -0.0004054571454075563 -0.0020442327950149775 7.819438813967065e-05 0.9999999147590917 -0.0004054225541579242 -0.03016604855656624 0.0004054888792585421 0.0004053908151150328 0.9999998356185146 1.4253208637237549
0.9999995745483468 -4.114333137766963e-05 -0.0009215260994008171 -0.0026971884071826935 4.082303234252091e-05 0.9999999387570978 -0.0003475906801191715 -0.02803574688732624 0.0009215403440024202 0.00034755291274638167 0.9999995149850661 1.3378849029541016
0.999999989760949 -6.07136025814276e-05 -0.0001295837971064285 -0.00194465066306293 6.0663537060917546e-05 0.999999923536346 -0.00038632529977569854 -0.028010081499814987 0.00012960724239869563 0.00038631743480861577 0.9999999169803977 1.333480954170227
0.9999997725188323 -0.00010174043632201751 -0.0006667916971742064 -0.0023338543251156807 0.00010145377232292915 0.9999999024314686 -0.00042993509436442057 -0.02893494814634323 0.0006668353739004105 0.00042986734802925126 0.9999996852722741 1.4017997980117798
0.999999896399099 -0.00011722527579994735 -0.0004398409096758636 -0.0020334888249635696 0.00011702686433779348 0.9999998914081586 -0.000451096867456305 -0.030100520700216293 0.0004398937418674294 0.00045104534751979627 0.9999998015257754 1.4471371173858643
0.9999999935329605 -0.00010103210596012578 -5.221678620815533e-05 -0.0017537724925205112 0.00010100960389559524 0.9999999021220459 -0.0004307585851445522 -0.029156463220715523 5.226030154430068e-05 0.00043075330796192785 0.9999999058602199 1.3954873085021973
0.9999999453360732 -0.00010949137356892083 -0.0003119927726072104 -0.0020054765045642853 0.0001093563181185749 0.9999999003348661 -0.00043286424422828975 -0.028798963874578476 0.0003120401364130783 0.00043283010218533836 0.9999998576445179 1.3926303386688232
0.999999992088793 -9.565533653560877e-05 8.168519146450454e-05 -0.001652948441915214 9.569001000542643e-05 0.9999999052882738 -0.0004245784560755377 -0.02889089100062847 -8.164457053285737e-05 0.0004245862691733982 0.9999999065303277 1.3799724578857422
0.9999999685550109 -7.48622414833596e-05 0.00023934414943186172 -0.0016923182411119342 7.495229230050345e-05 0.9999999264078901 -0.0003762530638575703 -0.0263109989464283 -0.00023931596467029542 0.0003762709914189455 0.999999900574 1.2698006629943848
0.9999993826339179 -0.00013593712190997418 -0.0011028385565676991 -0.0026623231824487448 0.0001354327160155555 0.9999998862068038 -0.0004574323542281736 -0.0294621791690588 0.001102900613109877 0.00045728271140391065 0.9999992872511256 1.4484286308288574
0.999999955836822 -0.00011286692417581701 -0.00027493164870065804 -0.001846421044319868 0.00011274187553754837 0.9999998902192826 -0.000454808412517095 -0.030742477625608444 0.00027498295134507455 0.00045477739612159095 0.9999998587809382 1.4647239446640015
0.9999999894371515 -9.240170414204084e-05 0.00011219457247096945 -0.001689976081252098 9.244798296275193e-05 0.9999999106270786 -0.00041255206368623066 -0.02790444903075695 -0.00011215644193008083 0.00041256243149043003 0.9999999086065822 1.3414509296417236
0.9999994907307075 -0.00013834099901745425 -0.0009997000017437799 -0.0024953389074653387 0.00013787123320345348 0.9999998800643547 -0.00046996042287650205 -0.030575672164559364 0.0009997648966385147 0.0004698223536680161 0.9999993898683676 1.4880675077438354
0.9997999826161016 -8.256595897522886e-05 -0.01999969859036017 -0.025811826810240746 0.00011678366923748647 0.9999985315581972 0.001709749403825617 -0.03577294200658798 0.019999528054867582 -0.0017117430624077681 0.9997985241103683 1.7866131067276
0.9996560392666856 7.477846213183305e-05 -0.02622589494801509 -0.03117339126765728 -2.4526800267670374e-05 0.9999981633551371 0.001916425002026259 -0.04129304736852646 0.026225990087674303 -0.0019151225897899892 0.9996542050876329 1.9616127014160156
0.9999999906938107 -0.00010053600732733675 -9.22219574061925e-05 -0.0015754497144371271 0.00010049396584202164 0.99999989108995 -0.000455764248900897 -0.03263085335493088 9.226776808016157e-05 0.00045575497690923124 0.999999891887024 1.5217609405517578
0.9999995341085071 -0.00012731291108463355 -0.0009568564112502618 -0.002455555833876133 0.00012686777867001775 0.9999998837238492 -0.00046524923964051787 -0.030793337151408195 0.0009569155322257598 0.0004651276286374535 0.9999994339843166 1.4894664287567139
0.9999999715950768 -8.403171933848823e-05 -0.0002230437535607174 -0.0018994644051417708 8.394211867994341e-05 0.9999999157966882 -0.00040169682286483806 -0.029671572148799896 0.00022307749005437278 0.0004016780886894384 0.9999998944455678 1.4055874347686768
0.999999373298706 -7.37217205958101e-05 -0.0011171245691961318 -0.0027967547066509724 7.32736536236576e-05 0.9999999168647881 -0.0004011251532115338 -0.02871314436197281 0.001117154047960213 0.00040104304602714343 0.9999992955654061 1.3881072998046875
0.9999995537274728 -0.00011367800938334102 -0.000937881743819777 -0.002477845875546336 0.00011325334401114004 0.9999998910581034 -0.0004528327079162119 -0.03041720949113369 0.0009379331187659807 0.0004527262875856404 0.9999994576600395 1.4683339595794678
0.9999999914678533 -0.00010455302139235298 -7.831321094557184e-05 -0.0017065873835235834 0.00010451822920520854 0.9999998959068525 -0.0004441421215685542 -0.030232559889554977 7.835963919444081e-05 0.00044413393262093706 0.9999998983024032 1.437349796295166
0.9999998053735738 -7.41382977518114e-05 0.000619480691712504 -0.0012492710957303643 7.4385805827003e-05 0.9999999174221655 -0.0003995277386998936 -0.027817435562610626 -0.000619451020250678 0.00039957374151168497 0.9999997283105924 1.3173840045928955
0.9999999667258866 -0.00010139088162804604 -0.00023720901050966608 -0.0020911991596221924 0.00010129503882987388 0.9999999132532518 -0.00040402079642576534 -0.026461608707904816 0.00023724995395730145 0.0004039967548864012 0.9999998902495346 1.3011724948883057
0.9999998873722965 -0.0001172943395662494 -0.0004598884999039817 -0.002068930771201849 0.00011708810940946405 0.9999998925975762 -0.0004484364068614727 -0.02982458472251892 0.00045994104956302237 0.0004483825088801171 0.9999997937036571 1.4375509023666382
0.9999999831915926 -0.00010625583145904927 -0.00014942059001905221 -0.0017960818950086832 0.0001061899174709946 0.9999998970907722 -0.00044106932133047117 -0.029816655442118645 0.00014946744082976372 0.0004410534469566758 0.9999998915656646 1.4245586395263672
0.9999999313047827 -0.0001108480003286078 -0.0003536992376319914 -0.002051830990239978 0.00011069506200054236 0.9999999003941125 -0.0004323868272863712 -0.028643857687711716 0.000353747131616638 0.00043234764482442495 0.9999998439692283 1.388588547706604
0.9999997935529562 -7.33830023373266e-05 0.0006383643000417516 -0.0012328311568126082 7.363773500252296e-05 0.9999999176781449 -0.00039902529623267425 -0.027812901884317398 -0.0006383349658161722 0.00039907222155624307 0.9999997166348763 1.316441297531128
0.9999995786069801 -5.8906317406661015e-05 0.0009161418601712812 -0.0011127388570457697 5.9245513112412354e-05 0.999999929713218 -0.00037022091794575894 -0.025896504521369934 -0.000916119987427715 0.00037027503923183787 0.9999995118101628 1.2325677871704102
0.9999990675422287 -3.51543679817675e-05 0.0013651662329951053 -0.0009315095958299935 3.559283331567079e-05 0.9999999477953614 -0.0003211579437827376 -0.022599907591938972 -0.0013651548716225594 0.00032120623445069626 0.9999990165888822 1.0894092321395874
0.9999999754693393 -8.296993139076955e-05 0.00020537115597675225 -0.0018838986288756132 8.30428430337748e-05 0.9999999335249877 -0.0003550407114858491 -0.023518908768892288 -0.0002053416846212292 0.0003550577573811352 0.9999999158843874 1.1699596643447876
0.9999998272099685 -5.539630797392337e-05 0.0005852446345473104 -0.0016374002443626523 5.55849572797732e-05 0.999999946506421 -0.00032233130136427514 -0.023200366646051407 -0.0005852267472764402 0.000322363776466649 0.9999997767956 1.120230793952942
0.9999998955168768 -4.362566951667125e-05 0.0004550417960081891 -0.001708588213659823 4.376607397517743e-05 0.9999999514414872 -0.0003085474901852466 -0.023472176864743233 -0.00045502831332119923 0.00030856737334014714 0.9999998488676936 1.1321601867675781
0.9999999973444885 -7.066769000343509e-05 -1.7807310294594287e-05 -0.0020578065887093544 7.06613201102589e-05 0.9999999336148937 -0.00035745934847630957 -0.02430272474884987 1.7832569938881058e-05 0.0003574580892390192 0.9999999359528547 1.1987320184707642
0.9999999066916448 -0.00010827127074916732 -0.0004182033401262267 -0.0020760069601237774 0.00010809105895242743 0.9999999013131492 -0.00043091764291900336 -0.029261890798807144 0.00041824995485584314 0.0004308723986688952 0.9999998197079595 1.410372018814087
0.9999999805268996 -5.553047790832768e-05 -0.00018937414278741388 -0.001975720515474677 5.545876151622628e-05 0.9999999267604799 -0.00037868636115954984 -0.028492629528045654 0.00018939515755235517 0.0003786758513299302 0.9999999103670327 1.3483140468597412
0.9999997758037514 -5.4491217247778697e-05 -0.0006674002950136217 -0.0026342635974287987 5.425463553735205e-05 0.9999999356947019 -0.0003544954531876609 -0.02521464228630066 0.0006674195689849998 0.00035445916415134676 0.999999714454869 1.2307651042938232
0.999999807530225 -7.030306249746819e-05 0.0006164389611856048 -0.0013580000959336758 7.053771307046242e-05 0.9999999250682287 -0.00038064152223309805 -0.026179268956184387 -0.0006164121547300148 0.00038068493116567934 0.9999997375574851 1.255549430847168
0.999999474470722 -5.404429905118446e-05 0.0010237858631151544 -0.0012142189079895616 5.439263335502707e-05 0.9999999406470578 -0.00034021658157068794 -0.023257948458194733 -0.0010237674155837747 0.0003402720891859999 0.9999994180574227 1.121822476387024
0.9999997692071675 -0.00010633571139776354 -0.0006710278149659941 -0.002617071382701397 0.0001060812872392457 0.9999999224846006 -0.00037918010697715143 -0.02456466108560562 0.0006710680833374284 0.0003791088359707156 0.999999702972015 1.2319425344467163
0.9999999007952243 -7.870100754413438e-05 0.0004384241019157767 -0.0014570526545867324 7.887423715324067e-05 0.9999999188312821 -0.0003951155324449455 -0.027068691328167915 -0.0004383929703389547 0.00039515007361418586 0.9999998258339963 1.2964704036712646
0.9999999342541319 -8.098134531730493e-05 0.00035345969209312264 -0.0015553896082565188 8.112025737913201e-05 0.9999999194812572 -0.00039301015682679624 -0.026702646166086197 -0.0003534278371417694 0.000393038803729198 0.9999998603046217 1.2861411571502686
0.9999999775056481 -0.00010075515224404724 -0.0001866470008626126 -0.0019754276145249605 0.00010067768219298873 0.9999999088092201 -0.0004150247656742472 -0.02758697420358658 0.00018668879972557758 0.00041500596515109894 0.9999998964586653 1.340904951095581
0.9999998601275496 -0.00011852883259469099 -0.0005154568816981447 -0.002139171352609992 0.00011829894950826631 0.9999998935505169 -0.00044598689826062056 -0.029493842273950577 0.0005155096891344294 0.0004459258578717186 0.9999997676999178 1.4273335933685303
0.9999999832551194 -0.00010699877022783458 -0.00014846219900927857 -0.0017730446998029947 0.00010693270050088599 0.9999998952862746 -0.00044496386100228145 -0.030160050839185715 0.00014850979404917167 0.00044494797808755226 0.9999998899830631 1.4374852180480957
0.9999999522021416 -8.573948997932297e-05 0.0002970596814322898 -0.0015273140743374825 8.586072732641242e-05 0.9999999130265353 -0.00040813583185203204 -0.02790520153939724 -0.00029702466223791485 0.00040816131810432043 0.9999998725903361 1.3338909149169922
0.9999998713088436 -7.705261887263208e-05 0.0005014431074320133 -0.0013850147370249033 7.725145028133313e-05 0.9999999184055802 -0.0003965110921646519 -0.027325935661792755 -0.0005014125142989906 0.0003965497783444637 0.9999997956668609 1.3035808801651
0.9999999682380789 -7.391297809673695e-05 0.0002409579068782728 -0.0016190808964893222 7.40054549301472e-05 0.9999999236096019 -0.0003838020104622533 -0.027488213032484055 -0.0002409295205218096 0.0003838198304714816 0.9999998973176467 1.311726450920105
0.9999999460365714 -6.803756434673476e-05 -0.00032139966399244576 -0.001962271984666586 6.79160374796833e-05 0.9999999262088412 -0.00037811337433704516 -0.030432654544711113 0.00032142536618902894 0.0003780915257411254 0.9999998768662584 1.423997163772583
