0.9999991274899417 0.0001649300619631145 -0.0013106553437907582 -0.00475307647138834 -0.00016473185488305851 0.9999999749807217 0.0001513339756060325 -0.013415256515145302 0.0013106802705210813 -0.00015111793687972157 0.9999991296399202 0.6868127584457397
0.9999549836159579 0.00047989390043693417 -0.009476309590454236 -0.014923128299415112 -0.0004695898482921297 0.999999296189678 0.0010895437225771289 -0.011721078306436539 0.009476825786316454 -0.0010850446964755316 0.9999545051906226 0.5833233594894409
0.9998343079523145 0.0006719330790757018 -0.01819079842814774 -0.02570248767733574 -0.000636312814048831 0.9999978691686319 0.0019638646079788574 -0.01082698442041874 0.018192079252216768 -0.0019519641730929745 0.9998326050336366 0.5277771949768066
0.9999979546426687 0.00021354918609475018 -0.002011245192499282 -0.005326852202415466 -0.0002133019241914121 0.999999969667763 0.00012315341038065695 -0.014146857894957066 0.0020112714308042675 -0.00012272415601834532 0.9999979698609459 0.7195767164230347
0.9999566626692449 0.00039019300319352194 -0.009301641403899698 -0.01438395120203495 -0.0003818289783723545 0.999999521240811 0.0009009577017122912 -0.01235837209969759 0.009301988498044783 -0.0008973670203759385 0.9999563329177996 0.6173969507217407
0.9999526714838791 0.0004906414416395561 -0.009716689931689811 -0.015188753604888916 -0.0004802960143931993 0.999999315400518 0.0010670118243998436 -0.01186173502355814 0.00971720679986869 -0.0010622944368662264 0.9999522225699274 0.5970344543457031
0.9998798778484628 0.0007152537484170454 -0.015482838429009112 -0.02231232263147831 -0.0006889773082836113 0.9999983135696007 0.0017024007235660076 -0.010762874037027359 0.015484029966778553 -0.0016915289031829055 0.9998786844142432 0.5227432250976562
0.9998272392502574 0.001081669356108495 -0.01855590592272326 -0.026325851678848267 -0.001040056184404785 0.9999969231876926 0.0022520875386170362 -0.008887654170393944 0.018558284843761336 -0.0022323992815732165 0.9998252879664056 0.420052707195282
0.9998395802586172 0.0007616917888206275 -0.017895071217826262 -0.025243178009986877 -0.0007254290078518578 0.9999976707040369 0.0020328155978923726 -0.010519357398152351 0.017896577913858215 -0.002019507890380894 0.9998378038896378 0.4947674572467804
0.9999754897342588 0.00042221796081112723 -0.006988681043139944 -0.011621388606727123 -0.0004168561998157188 0.9999996177075822 0.0007686453005592124 -0.012503150850534439 0.00698900290727156 -0.0007657131858372676 0.9999752834553858 0.641849935054779
0.9999762454667348 0.00022763217727778606 -0.006888881320216722 -0.011357765644788742 -0.0002233758094659912 0.999999783704003 0.0006186236292757942 -0.01318872720003128 0.006889020648822918 -0.0006170701247189955 0.9999760800233979 0.6653881669044495
0.9999994856040133 0.00021996016588672303 -0.000990156166577625 -0.003459432628005743 -0.0002199510547955666 0.9999999757674233 9.310554441696458e-06 -0.016497772186994553 0.000990158190534689 -9.092763759133536e-06 0.9999995097519195 0.81947922706604
0.9999997419044448 -9.035824666193542e-05 0.0007127597286955738 -0.0019086501561105251 9.029787629017772e-05 0.9999999923334589 8.473119632268004e-05 -0.01647738739848137 -0.0007127673793935094 -8.466681376412852e-05 0.9999997423970636 0.7899731397628784
0.9999996825658053 0.0002132430969863369 -0.0007677210888065445 -0.0033457910176366568 -0.00021324828541673078 0.9999999772402971 -6.676371823537157e-06 -0.015503429807722569 0.0007677196476432365 6.8400849100947055e-06 0.9999997052798345 0.7748797535896301
0.9999993347715996 0.00021393079747745444 -0.0011334416492410912 -0.004362730775028467 -0.00021382241296832378 0.9999999725564765 9.574456605705527e-05 -0.014015676453709602 0.0011334621008468296 -9.550214713665122e-05 0.9999993530712937 0.7158893942832947
0.9999998718148452 0.00013321100641918457 -0.0004884927028673062 -0.00345779350027442 -0.00013319989480721386 0.999999990869448 2.277919376178007e-05 -0.014096139930188656 0.0004884957328464247 -2.271412366518958e-05 0.9999998804279865 0.715717613697052
0.9999989802633624 0.00021548357832632456 -0.001411750354259996 -0.003902049735188484 -0.00021556874176622363 0.9999999749546737 -6.0172829534193167e-05 -0.01885964162647724 0.0014117373526456218 6.047709742131016e-05 0.9999990016695856 0.9303185939788818
0.9999967280405243 1.5168045059782406e-05 -0.002558061409735115 -0.005626199301332235 -1.4666542794426901e-05 0.9999999806714241 0.0001960664269449266 -0.014330236241221428 0.0025580643342358296 -0.00019602826750638643 0.9999967089344746 0.7171252965927124
0.9999146048295974 0.0006811930573251901 -0.013050633106827976 -0.020550135523080826 -0.0006604265277195105 0.9999985091528673 0.0015954713550212617 -0.007236078381538391 0.013051700474339227 -0.0015867161251657434 0.9999135639877411 0.452395498752594
0.9999806559810517 0.00036421606331858995 -0.006209268102224419 -0.010789303109049797 -0.00035972303044578505 0.9999996727027561 0.0007247025061450138 -0.011903076432645321 0.006209530018241946 -0.0007224548707474204 0.9999804597070449 0.6120004653930664
0.9999903734012718 0.0003006728115993314 -0.00437752220383863 -0.008066451177001 -0.0002922399420418259 0.9999981007960133 0.0019269146796698543 -0.0072051119059324265 0.004378093260885457 -0.0019256168432003132 0.9999885620841731 0.37894943356513977
0.9999995264397026 0.000787083291463316 0.0005723812214968629 -0.006063913460820913 -0.0007880049137024706 0.9999983907093206 0.0016117155533258824 0.005554404109716415 -0.0005711117459864839 -0.0016121658292964365 0.9999985373752865 -0.1408664584159851
0.9999400268705714 0.000518217605940769 -0.01093956638053637 -0.01692252606153488 -0.0004942462662967748 0.9999974713876458 0.0021938411389460614 -0.006419216748327017 0.010940675605716507 -0.0021883027275890034 0.9999377545369827 0.36447012424468994
0.9999996733677615 0.0002777081539542733 -0.0007590405467456499 -0.006407042499631643 -0.0002762471031596217 0.9999981103905762 0.001924292809098023 0.003022284246981144 0.0007595735042591617 -0.001924082497809736 0.9999978604750278 0.026575148105621338
0.9999999371965003 0.0003321821033987648 0.00012353965320939446 -0.004261843394488096 -0.00033231709832975455 0.9999993460197533 0.0010943150424566803 -0.0025924062356352806 -0.00012317606054431738 -0.001094356028068949 0.9999993936060873 0.21436309814453125
0.9999982529563094 -6.12779722467682e-06 -0.0018692369511258218 -0.00397374015301466 5.953442196923654e-06 0.9999999956315505 -9.32815937555715e-05 -0.019292108714580536 0.0018692375145708455 9.327030239441079e-05 0.9999982486243489 0.9779303073883057
0.9999999676922264 0.00025282773251741035 -2.633787751153234e-05 -0.003721899352967739 -0.00025279530255116104 0.9999992188164434 0.001224116431602692 -0.009877080097794533 2.664734751855492e-05 -0.0012241097339625014 0.9999992504223582 0.4745537042617798
0.9999998139540627 0.00039117130211967715 -0.00046805646290765557 -0.005748435854911804 -0.0003898364888490785 0.9999958669667741 0.0028485218766607133 0.008232293650507927 0.0004691687884263526 -0.002848338881216708 0.9999958334144526 -0.3278190493583679
0.9999844404044568 0.0009414783050623344 -0.005498415006755302 -0.01271500438451767 -0.0009204749862787885 0.9999922756697647 0.0038211682251865697 0.016952548176050186 0.005501970082166025 -0.0038160476158765853 0.9999775828016388 -0.6918923854827881
0.9999904480017039 0.0007289724331869286 -0.004309582873443726 -0.011038715951144695 -0.0007168288505493357 0.999995770583195 0.0028186826925051967 0.005029881373047829 0.004311619388402237 -0.0028155665351154028 0.9999867411737697 -0.11344832181930542
0.999970812192602 0.0006040003212388806 0.007616426096270143 0.0028136740438640118 -0.0006093652396954547 0.9999995678738609 0.0007020869575913505 -0.0014698784798383713 -0.007615998744265418 -0.0007067076505262319 0.9999707481358763 0.06191980838775635
0.999997749576579 5.5051319067820964e-05 -0.002120804359137158 -0.005610521882772446 -5.46169090884258e-05 0.9999999775185356 0.0002048900225332813 -0.01496049202978611 0.0021208155909243744 -0.00020477372966509855 0.9999977301018982 0.7410736083984375
0.999999098854395 0.0001777526598442705 -0.0013306744117784822 -0.004605567082762718 -0.00017760832894214525 0.9999999783326305 0.00010858185922779739 -0.014444931410253048 0.0013306936836605563 -0.0001083454225210901 0.9999991087573978 0.729085385799408
0.9999999831978563 0.00012756086607264262 0.00013165300162447144 -0.002568257972598076 -0.00012755474915563915 0.9999999907851733 -4.6469770304556834e-05 -0.015165457502007484 -0.00013165892813545805 4.6452976558167273e-05 0.9999999902540239 0.7633063793182373
0.9999999966128349 8.049447933816666e-05 1.71746672631289e-05 -0.0030226889066398144 -8.049343123183227e-05 0.9999999948987897 -6.1018262747594675e-05 -0.015396458096802235 -1.71795788088073e-05 6.101688009301746e-05 0.9999999979909013 0.7631070613861084
0.9999999653246691 0.00020161860367085813 0.00016941251206313993 -0.0029904968105256557 -0.0002016193127358519 0.9999999796661384 4.168366630876514e-06 -0.014085992239415646 -0.00016941166819806966 -4.202523320588047e-06 0.9999999856410126 0.7215378284454346
0.9999999882291704 0.00010895842475844219 0.0001080264831170457 -0.0032412512227892876 -0.00010896163991128954 0.9999999936209353 2.9757196925680725e-05 -0.014032546430826187 -0.0001080232401306355 -2.9768967318168108e-05 0.9999999937223942 0.7111169695854187
0.9999953695818804 0.00010067529698340681 0.003041492936481678 0.0005690340185537934 -0.00010143775089764763 0.9999999634723303 0.0002505308769043192 -0.011727630160748959 -0.0030414676031125932 -0.00025083823904445505 0.9999953432666557 0.609170138835907
0.9999973773821564 0.00015619634615316236 -0.002284913895642589 -0.005711791571229696 -0.0001556600664896715 0.9999999603005484 0.00023488049176512366 -0.012882161885499954 0.002284950492407357 -0.00023452420591443595 0.9999973619963425 0.6624273657798767
0.9999926031432288 9.024129720497395e-05 0.0038451937970959784 0.0003406764008104801 -9.403813558516073e-05 0.9999995082419816 0.0009872550957809576 -0.009552370756864548 -0.0038451028150105807 -0.00098760938805206 0.9999921198749712 0.4542594850063324
0.9999987974679931 -0.00015740649925912543 0.0015428174751955985 -0.005471137352287769 0.00015498352526728033 0.9999987547851852 0.001570480240562969 -0.005683664232492447 -0.0015430627578532443 -0.0015702392407190636 0.9999975766500898 0.2894529402256012
0.9999997202509204 0.00011075055464280008 -0.0007397515767488942 -0.0050672139041125774 -0.00011019920861487957 0.9999997161833444 0.0007453115890860961 -0.010650995187461376 0.0007398339104669489 -0.0007452298605475358 0.9999994486389678 0.5377554297447205
0.9999977795790762 3.542129960026841e-05 0.0021070316202895798 -0.0010382584296166897 -3.579671919562946e-05 0.9999999834928678 0.00017813719199394324 -0.011903989128768444 -0.0021070252756576827 -0.00017821222127364266 0.9999977643399469 0.610755205154419
0.9999983236761923 0.0002491726236582193 -0.0018139894731629698 -0.005649131257086992 -0.000248410779655878 0.9999998808637854 0.0004201957867115353 -0.012612172402441502 0.0018140939583377559 -0.0004197444677880182 0.9999982664373434 0.650495707988739
0.9999999456535311 7.298133690412539e-05 0.00032150685648146707 -0.0024931486696004868 -7.29345906859193e-05 0.9999999867687339 -0.00014540659200761347 -0.01674731820821762 -0.00032151746419500373 0.00014538313513429849 0.99999993774513 0.8286855816841125
0.9999997999368901 3.9509292749305494e-05 0.0006313202004413212 -0.0020808102563023567 -3.939286824958842e-05 0.999999982217679 -0.00018442571317770092 -0.017629891633987427 -0.0006313274757444752 0.0001844008067674399 0.9999997837109571 0.8701231479644775
0.9999997169366578 7.213549550040107e-05 0.0007489479784194337 -0.001959712477400899 -7.200643329566069e-05 0.999999982555242 -0.00017235019314453364 -0.017802849411964417 -0.0007489603979207996 0.00017229621528586198 0.9999997046861245 0.8684133291244507
0.9999916071557563 0.0003032074769994287 -0.004085790409832469 -0.008247541263699532 -0.0003015500167154618 0.9999998720043124 0.00040627447091871714 -0.01258898712694645 0.004085913072326213 -0.0004050389909539817 0.999991570593363 0.6408529877662659
0.9999999593392856 0.000273022749599203 8.234078478736533e-05 -0.0038859378546476364 -0.0002730809658968364 0.9999997121974598 0.000707835986232471 -0.010858157649636269 -8.214750576225187e-05 -0.0007078584431523966 0.9999997460940735 0.5342547297477722
0.9999749161423522 -8.542625911054527e-05 0.007082357548870705 0.0037520830519497395 8.41128388214854e-05 0.999999979211496 0.00018574724285995054 -0.010234205983579159 -0.0070823732693311835 -0.00018514686640356786 0.9999749025398147 0.5293384194374084
0.9999804077519756 4.5626258552617365e-05 0.00625955513091351 0.0025252695195376873 -4.807342989389994e-05 0.9999999224822204 0.0003907998189018216 -0.009814411401748657 -0.006259536814953116 -0.00039109308053959487 0.9999803324291255 0.48484259843826294
0.999998438276755 5.020758963849676e-05 0.0017666134973389441 -0.0021265128161758184 -5.1013812605215357e-05 0.9999998945828766 0.00045632425610672933 -0.01091768592596054 -0.0017665904001666383 -0.0004564136651444304 0.9999983354210767 0.5615442395210266
0.9999956081550144 0.0002679367561764443 -0.002951589500117535 -0.00762444781139493 -0.00026557893366513694 0.9999996453779867 0.0007991944260709632 -0.010704156011343002 0.002951802586981 -0.0007984070361408722 0.9999953246929167 0.5332417488098145
0.9999901721738105 0.00020077627813115933 -0.004428910100535056 -0.008954932913184166 -0.0001962947890059102 0.9999994683753408 0.0010122832563603736 -0.010820746421813965 0.0044291109884818615 -0.001011403935842765 0.9999896799657134 0.5254142880439758
0.9999911973889212 0.0004647070024746511 -0.0041700350206344185 -0.009244712069630623 -0.00046169720499733525 0.9999996322690199 0.0007227015399567483 -0.009928944520652294 0.00417036933164967 -0.0007207698847823983 0.9999910442151023 0.5406812429428101
0.9999999897669234 0.00014169574380110318 1.9709629322109504e-05 -0.0029121937695890665 -0.00014169391928719154 0.9999999856795644 -9.254028585538852e-05 -0.01489843986928463 -1.9722741604494867e-05 9.253749217379031e-05 0.999999995523913 0.7753825187683105
0.9999998014932732 0.000203712575575355 0.0005962504512810472 -0.002320959698408842 -0.00020366409275978986 0.9999999759497326 -8.137242464366723e-05 -0.015051142312586308 -0.0005962670135272695 8.12509736834758e-05 0.9999998189319474 0.7686487436294556
0.9999994858615067 2.3919455155143792e-05 0.001013757654452498 -0.001861213706433773 -2.3721070443038317e-05 0.9999999805686245 -0.00019570401501937422 -0.015914585441350937 -0.0010137623158872032 0.0001956798669836734 0.9999994669975362 0.813011109828949
0.9999947868036076 9.61659994578983e-05 -0.0032275559960589706 -0.005335624795407057 -9.644784330913007e-05 0.9999999915497155 -8.71687006070763e-05 -0.021895814687013626 0.0032275475861199892 8.747953699450012e-05 0.9999947876283706 1.0698981285095215
0.9999874927323573 -0.0001072240734681296 -0.005000288176895562 -0.006462530232965946 0.00010735786231267466 0.9999999938863424 2.6487822676064735e-05 -0.027376335114240646 0.005000285306193266 -2.7024311635396095e-05 0.9999874981301234 1.2887303829193115
0.9998592247553412 0.0011603430698110789 -0.016738705912010994 -0.022541750222444534 -0.00114255391339386 0.9999987723926002 0.0010722797432801987 -0.016521066427230835 0.016739929575820767 -0.0010530039188920784 0.9998593230752733 0.8745101690292358
0.9999989239293903 0.00019616029083648735 0.0014538435960825737 -0.002656640950590372 -0.00019677364939799986 0.9999998917007648 0.0004217565526534535 -0.010845141485333443 -0.0014537607067443932 -0.0004220421769236778 0.9999988542294479 0.556915819644928
0.9999993039849951 0.00011947045295416393 -0.0011737786571345595 -0.00401610741391778 -0.00011935344368078342 0.9999999879017958 9.975551955944051e-05 -0.014710549265146255 0.0011737905607710523 -9.961535560325407e-05 0.9999993061460094 0.7488341927528381
0.9999987084310558 -1.7629449273371645e-06 0.0016072128396950054 -0.001010265899822116 2.1702088147681115e-06 0.9999999678929038 -0.0002533958981667706 -0.01876632124185562 -0.001607212341369055 0.00025339905887596987 0.9999986763278271 0.9164148569107056
0.9999985222756009 -0.0001918029285942636 0.001708408104349854 -0.0007184713613241911 0.00019168498921664424 0.9999999792342413 6.919813361371894e-05 -0.018238812685012817 -0.001708421341278144 -6.88705551688886e-05 0.9999985382756154 0.8411790132522583
0.9999999677516034 0.0001697182453291776 -0.00018892461416851255 -0.002875393256545067 -0.000169725049076002 0.9999999849487913 -3.599757479131316e-05 -0.014979995787143707 0.00018891850187973902 3.6029638869860494e-05 0.9999999815058325 0.7515233755111694
0.9999995879055209 0.00021187734344264131 -0.0008827778766059942 -0.003952516708523035 -0.00021181601465250927 0.9999999751473139 6.956541871804933e-05 -0.01414416078478098 0.0008827925940027062 -6.937840355887828e-05 0.9999996079318596 0.7192668318748474
0.9999996314348395 0.00017828513524915208 -0.0008398479599402791 -0.003556951880455017 -0.00017836017743299442 0.9999999801085377 -8.927805558079525e-05 -0.016632545739412308 0.000839832026284261 8.942781810716606e-05 0.9999996433423529 0.8614722490310669
0.9999992794887239 -5.692067177709021e-06 0.0012004122761784977 -0.0012108293594792485 5.929467728724018e-06 0.9999999804274405 -0.00019776238121348575 -0.02132697030901909 -0.0012004111270065981 0.00019776935652931292 0.9999992599499298 1.0072978734970093
0.999999827670427 2.0636524414046805e-05 0.0005867139422267077 -0.0018958777654916048 -2.0548401150142252e-05 0.9999999885083153 -0.00015020363674818503 -0.01712370291352272 -0.0005867170351653928 0.0001501915548302112 0.9999998166027919 0.8550378680229187
0.9999288487470138 1.086132710463722e-05 -0.011928844265186382 -0.013360466808080673 -1.0460731411355115e-05 0.9999999993793104 3.364449830726256e-05 -0.0332488939166069 0.011928844623206173 -3.3517320023145914e-05 0.9999288482399858 1.6756402254104614
0.9999395757741047 -0.00021543313119067042 -0.01099083205536581 -0.011212659999728203 0.0002133439372466237 0.9999999589525147 -0.0001912572435578035 -0.03594040870666504 0.010990872807366636 0.00018890085960260653 0.9999395806904522 1.7431210279464722
0.9999237427498185 -0.0011324024886310033 -0.012297412321227743 -0.010175117291510105 0.0011378905320244988 0.9999992561150431 0.0004392886264671248 -0.051056869328022 0.01229690572183387 -0.0004532482365731609 0.9999242874716586 2.051685333251953
0.9999998100300387 0.0002690177445256716 -0.000554589343213345 -0.004165665712207556 -0.00026801346464408444 0.9999983257924698 0.0018101328791217308 -0.003649914637207985 0.0005550753725801236 -0.0018099838978395285 0.9999982079232043 0.26000651717185974
0.9999971070140585 2.987248901839244e-05 -0.0024052174845935557 -0.004632866475731134 -2.9741797129512095e-05 0.9999999980795242 5.43725775110187e-05 -0.019666630774736404 0.0024052191042186182 -5.4300884721437216e-05 0.9999971059820497 0.9702591300010681
0.9999914540449331 -8.353872847558155e-05 -0.0041333834060220155 -0.005944441072642803 8.392050477254306e-05 0.9999999922291061 9.219076186205219e-05 -0.02301308885216713 0.004133375672402909 -9.253684962579556e-05 0.9999914532847178 1.0654487609863281
0.9999995469961199 0.00022847927688843857 -0.0009240155706692146 -0.004201098810881376 -0.00022687075300466172 0.9999984595453085 0.0017405276990835124 -0.007157115265727043 0.0009244118217751848 -0.0017403172785094055 0.999998058377392 0.3678315579891205
0.9999638256086367 0.0003184701058092776 -0.008499767698658242 -0.013675540685653687 -0.00030907879336265043 0.9999993404165222 0.0011061811874840469 -0.012416758574545383 0.008500114377991726 -0.0011035140741086883 0.9999632644813752 0.6315572261810303
0.9999996926696292 0.00013959755947135668 0.0007714746715908584 -0.0019574167672544718 -0.00013952092247852878 0.9999999853276469 -9.939123919897669e-05 -0.016871459782123566 -0.0007714885350459346 9.92835717951811e-05 0.9999996974740607 0.82972651720047
0.9999988802491585 -0.00011432413867659779 -0.0014921227900236511 -0.003105918876826763 0.00011451230848997725 0.9999999855024443 0.00012602397524083582 -0.02957669086754322 0.0014921083608090957 -0.0001261947005506196 0.9999988788431401 1.2311573028564453
0.9998977091975314 -2.4979267127956635e-05 -0.014302815022413823 -0.01494827214628458 1.9647802714067813e-05 0.9999999302810068 -0.0003728966957558911 -0.0400112122297287 0.014302823339922133 0.00037257753296582807 0.9998976399764574 2.103186845779419
0.9999413029437539 -0.000576340908579956 -0.010819357573565934 -0.01083430927246809 0.0005756517753545603 0.999999832080812 -6.680854259778745e-05 -0.05004993826150894 0.010819394261284336 6.057643873758584e-05 0.9999414668060895 2.278811454772949
0.9996883552947209 -0.000870885978208336 -0.02494862412535835 -0.021117158234119415 0.0008496372797975899 0.9999992672895445 -0.0008622858380905607 -0.06674985587596893 0.024949356797886207 0.0008408198301381208 0.9996883627498044 3.318010091781616
0.9994712468624666 -0.0021022477432150765 -0.03244699137998522 -0.02356688492000103 0.002093371427039061 0.9999977616075725 -0.00030753197157167554 -0.09091168642044067 0.03244756525927861 0.00023944575842857138 0.9994734104389541 4.101871490478516
0.99977640911213 -0.0010836644657272975 -0.021117704756455635 -0.017699172720313072 0.001079926345689176 0.9999993991289162 -0.00018841681100451418 -0.06154150515794754 0.02111789624804032 0.00016556911699546994 0.9997769786532018 2.8532445430755615
0.9998836170763143 -0.0010457411648534802 -0.015220339280144345 -0.011454525403678417 0.0010499209303177113 0.9999994132872958 0.0002666291514041852 -0.06397770345211029 0.015220051525098553 -0.00028257827310076533 0.99988412837743 2.5848493576049805
0.9999427349777401 -0.00015688699058663061 -0.010700567821805746 -0.010597970336675644 0.00015403567568379476 0.9999999524151935 -0.0002672875254308673 -0.03610461950302124 0.010700609246556785 0.0002656239500101416 0.9999427115618522 1.7788554430007935
0.9996934382842386 -0.0008389658611944026 -0.02474521343049451 -0.020888620987534523 0.000848239826701454 0.9999995738930938 0.0003642839923312037 -0.06407485902309418 0.02474489726455483 -0.0003851621923574635 0.9996937239522173 2.8552255630493164
0.9995342421973555 -0.0013085607917106379 -0.0304891184459781 -0.02474096789956093 0.0012704895676681344 0.9999983889876253 -0.001268021456005551 -0.07976353168487549 0.03049072861079136 0.0012286947582054823 0.9995342944481568 3.9080612659454346
0.9997862945169856 -0.002008331962603532 -0.020575030953155094 -0.01298660971224308 0.002008093047076739 0.9999979832583694 -3.227240513955296e-05 -0.0932101309299469 0.020575054272336375 -9.05106825079487e-06 0.9997883111237941 3.7285213470458984
0.9996979576927866 -0.0008062550681533649 -0.024563048215493644 -0.020999236032366753 0.0007980005191359506 0.9999996217893786 -0.0003458558533375628 -0.06355644762516022 0.02456331777352252 0.00032615006501013214 0.9996982229883637 3.0022709369659424
0.99998207349937 -0.0004820436272349053 -0.005968275617126099 -0.005970732308924198 0.00048249770214531013 0.999999880812277 7.464180565778387e-05 -0.03888917714357376 0.005968238925174176 -7.752014686244095e-05 0.9999821868987261 1.682390809059143
0.9998206724517921 -0.0006790756113258424 -0.018925162994289882 -0.016702009364962578 0.0006792794315965395 0.9999997692802761 4.3414913701520506e-06 -0.05270727351307869 0.018925155679680596 -1.719618678278217e-05 0.9998209030555378 2.449190139770508
0.9999549898228691 -0.00033076173591933795 -0.009482031692617207 -0.010083580389618874 0.000333894830643579 0.9999998901881644 0.00032884327762285217 -0.03519493341445923 0.009481921882604551 -0.0003319944776948415 0.9999549904556099 1.6437393426895142
0.9999302759096274 -0.0003686135796185196 -0.011802857422041513 -0.012360389344394207 0.0003726790505817467 0.9999998719874638 0.0003422504651322734 -0.038453396409749985 0.011802729752958725 -0.0003466252797281106 0.9999302852805757 1.799225926399231
0.9999429260043563 -0.0007767040290101959 -0.010655583733322191 -0.008985881693661213 0.0007778187938717046 0.9999996924513893 0.00010047413038037066 -0.04856189340353012 0.010655502417550339 -0.00010875650920774264 0.9999432226082896 2.053995132446289
0.9999940628771978 -0.00016215068092458311 -0.003442080404636566 -0.006504967343062162 0.00016382376859672257 0.9999998685837728 0.0004857923531610999 -0.019867775961756706 0.003442001180730492 -0.0004863533635359432 0.9999939580258863 0.9447693824768066
0.9999967399903604 6.24233747428076e-05 -0.0025526676190900425 -0.004633431788533926 -6.306199145683444e-05 0.9999999667374652 -0.000250096488439042 -0.022653454914689064 0.0025526519223150273 0.0002502566494256661 0.9999967106644765 1.1429872512817383
0.9999886674477059 -0.00026071093400125816 -0.004753630819719347 -0.005505373235791922 0.00026092896923013295 0.9999999649343918 4.5246967598158444e-05 -0.036768682301044464 0.0047536188566512086 -4.648681482442195e-05 0.9999887004095304 1.5663641691207886
0.9999990997744591 -3.1788609323811704e-05 -0.0013414319795708154 -0.003569291438907385 3.2059479720776326e-05 0.9999999791032235 0.00020190528077932435 -0.022406645119190216 0.00134142553325112 -0.0002019481046303796 0.9999990798968276 1.0662007331848145
0.9999996150576823 2.1987239962699333e-05 -0.0008771550877960484 -0.002853697631508112 -2.2172060349505758e-05 0.9999999775579709 -0.0002106951756328151 -0.02572888880968094 0.000877150435505523 0.0002107145428628684 0.9999995931031644 1.2307510375976562
0.9999999992582718 3.4765240743969576e-05 -1.6578132887602197e-05 -0.002289609983563423 -3.476637073565491e-05 0.999999997072337 -6.816616121443796e-05 -0.022374456748366356 1.6575763026061798e-05 6.816673752539126e-05 0.9999999975392699 1.0644428730010986
0.9999834812592683 -0.00011389266270865862 -0.005746671824272808 -0.006753384601324797 0.00011337852434969069 0.9999999895412771 -8.97928495002745e-05 -0.027796922251582146 0.005746681990916682 8.913981706411605e-05 0.9999834837137003 1.3529738187789917
0.9999996622255632 1.556706547740213e-05 -0.0008217702998481784 -0.003062628675252199 -1.573067606691262e-05 0.9999999800580192 -0.0001990891938520866 -0.017965786159038544 0.0008217671842259343 0.0001991020536072346 0.9999996425284696 0.8940720558166504
0.9999842689753391 -0.000616668153583328 0.00557508046978841 0.001724214875139296 0.0006100806301516486 0.9999991138898041 0.0011832249283084129 -0.0051902648992836475 -0.005575805186784578 -0.001179805066361732 0.9999837590963785 0.3622366189956665
0.9999762041568175 -0.0003939479823506349 0.006887374326266703 0.004461664706468582 0.0003802918417172524 0.9999979596063546 0.0019839761195117843 -0.003898157738149166 -0.006888141856701207 -0.0019813096968600346 0.9999743136269288 0.2909722328186035
0.9998617350312203 0.00013230581288633337 0.01662808815017519 0.01355584617704153 -0.0001562242084796848 0.999998955107055 0.0014371425799304548 0.008217934519052505 -0.01662788063328592 -0.0014395415833662998 0.9998607109521183 -0.18557381629943848
0.9999628467705588 -2.4401335497069297e-06 0.008620039011841189 0.005348735488951206 -1.3951710078298424e-05 0.9999981919800572 0.0019015367381276513 0.0032229870557785034 -0.008620028066642338 -0.0019015863541820856 0.9999610387837458 -0.0010074973106384277
0.9999829529958018 -8.703468065870028e-05 0.005838333902801169 0.0017259231535717845 7.786112369162174e-05 0.9999987622063963 0.0015714717054137646 0.0005950909107923508 -0.005838463448686853 -0.001570990337290846 0.9999817219999166 0.05307877063751221
0.9999995003741439 8.304437071332572e-05 -0.0009961702138980935 -0.005114958621561527 -8.113715962715114e-05 0.9999981641836082 0.0019144310315380591 -0.003336263820528984 0.0009963273678327742 -0.0019143492486171554 0.9999976712966537 0.25715434551239014
0.9999976354522074 9.917177708810837e-05 0.002172384623579762 -0.0017770499689504504 -0.00010284966288214667 0.9999985616336956 0.0016929714961695177 -0.0022551435977220535 -0.0021722136039030848 -0.001693190922083689 0.9999962072890879 0.2449612021446228
0.9999750597557868 -0.00011783184389739348 0.0070615849543556415 0.003983661998063326 9.982770033251875e-05 0.9999967440479052 0.00254988784439319 0.0014641406014561653 -0.007061862420159752 -0.002549119307780938 0.999971815647778 0.07206004858016968
0.9999442718692146 -0.00019131861287800272 -0.010555403977804306 -0.017100226134061813 0.00021341360459545416 0.9999977886724776 0.0020921531464578873 -0.01619778387248516 0.010554980368511073 -0.002094289221484583 0.9999421014949201 0.7905901074409485
0.9999375940046029 -0.0004358982325625177 -0.011163247243380841 -0.0145201925188303 0.00044848263187105233 0.9999992668125998 0.0011248278054588252 -0.02786463499069214 0.011162748748176278 -0.0011297641319639139 0.9999370563557445 1.3213114738464355
0.9998368344789127 -0.002396501425214683 -0.01790422296850871 -0.011525328271090984 0.002403052840339173 0.9999970533552893 0.0003444093276033245 -0.06990838050842285 0.017903344833680345 -0.0003873779257344595 0.9998396472345497 2.9213404655456543
0.9998669794775067 -0.0007564960519718254 -0.016292669033971464 -0.014802441000938416 0.0007495698315591695 0.9999996260992109 -0.00043121515045665455 -0.04918640851974487 0.016292989154688523 0.00041894529680859045 0.9998671726730723 2.4026622772216797
0.9998775075198126 -0.0017720754695901674 -0.015550874718071369 -0.011599929071962833 0.0017749845467118573 0.9999984097027202 0.00017326825904760639 -0.05975378304719925 0.015550542943126088 -0.0002008495973012467 0.9998790628239064 2.5333774089813232
0.9999801076046071 -0.0012588971733770954 -0.006180580311327539 -0.005177453625947237 0.001260304715451833 0.9999991807619883 0.00022384676870938625 -0.04270929843187332 0.006180293447896818 -0.00023163173037155058 0.9999808749769362 1.8626136779785156
0.9999740869135118 -0.001610783424266059 -0.007016471923165964 -0.003995224833488464 0.0016115942988489088 0.9999986953404156 0.00010991488783503942 -0.05237143859267235 0.007016285719979216 -0.0001212197457504523 0.9999753782171183 2.0662121772766113
0.9999998925904682 -0.00024071140181329973 0.0003960771049871249 -0.0013066077372059226 0.00024074587211536444 0.9999999672376128 -8.698389659400185e-05 -0.01892462745308876 -0.0003960561539950091 8.707924117916729e-05 0.9999999177783608 0.9245951175689697
0.9999999658873148 -5.3818065049454334e-05 -0.0002555953534033802 -0.0031571972649544477 5.4156113522869634e-05 0.9999991236733377 0.0013227696971336918 -0.011887084692716599 0.00025552394051275146 -0.0013227834940614405 0.9999990924752598 0.5990668535232544
0.9999450630794308 -0.0005414143653035059 0.01046793645177145 0.007026356644928455 0.0005311292697255243 0.9999993735541638 0.0009852882719749655 -0.003147304058074951 -0.01046846334340066 -0.0009796743158282674 0.999944724229026 0.1758297085762024
0.9999999474798358 -0.0003071833425487307 -0.00010333788985733858 -0.0038581672124564648 0.00030726193211127946 0.9999996629632606 0.0007613563358269529 -0.014137704856693745 0.00010310397904456316 -0.000761388047640091 0.9999997048288615 0.6804254651069641
0.9999999443467117 -0.00010737572796306068 0.00031587501780088915 -0.0020814319141209126 0.00010737454969907324 0.9999999942283326 3.7471149363713114e-06 -0.016901247203350067 -0.0003158754183269576 -3.7131977900344854e-06 0.999999950104465 0.8340655565261841
0.9999998209164922 -2.2375068312979675e-05 -0.0005980521210901825 -0.0027398737147450447 2.2273185027873284e-05 0.9999999852398944 -0.00017036465554606808 -0.018503282219171524 0.0005980559241836761 0.00017035130451101865 0.9999998066547534 0.9194063544273376
0.9999846309475239 -0.0005859110559013263 0.005513127694812881 0.0032047792337834835 0.0005787186618761023 0.9999989795945484 0.0013060989903510949 -0.008156577125191689 -0.0055138873270258746 -0.001302888366964879 0.999983949635417 0.5217783451080322
0.9999855008204326 -0.0002821042527695337 0.0053775985439009685 0.0024588811211287975 0.0002700133632601082 0.9999974346004628 0.002248974272217114 -0.00440879724919796 -0.005378219193418713 -0.002247489640466197 0.9999830116300095 0.2872258722782135
0.9999992621567145 -0.00047160161858773706 0.0011194989681459562 -0.0020820191130042076 0.00047096753334790743 0.999999728578684 0.0005665969825594387 -0.01342991553246975 -0.0011197658723441353 -0.0005660693168320465 0.99999921284465 0.7127109169960022
0.9999985039148149 0.00014209206125210657 0.0017239425680369473 -0.0012993838172405958 -0.00014496312258073749 0.9999986027238776 0.0016653936427618186 -0.006817136891186237 -0.0017237035199976648 -0.001665641059288875 0.999997127238892 0.41297733783721924
0.9999999329921954 0.00028729849407391965 0.00022688142245347824 -0.004305365961045027 -0.0002878420283742816 0.9999970802780836 0.002399287868185195 0.0012043649330735207 -0.0002261914482314373 -0.0023993530134230217 0.999997095967056 0.07250326871871948
0.9997715913307734 0.0006684601200504035 -0.0213616087643432 -0.02899208664894104 -0.0006157216061922696 0.9999967468153027 0.0024753273955118583 -0.02165142446756363 0.02136319392873243 -0.0024616092052163175 0.9997687504744706 1.0439646244049072
0.9998624560113525 -0.0010477687823376507 -0.016552076592526516 -0.015419485978782177 0.0010434308766211046 0.9999994189838504 -0.0002707101169791643 -0.050050314515829086 0.016552350617112337 0.00025340193464106815 0.9998629683494172 2.373173236846924
0.9999021784492581 -0.0018142240133998146 -0.0138687462900281 -0.011138598434627056 0.0018231065048491923 0.9999981410403231 0.0006278523473641303 -0.05063270404934883 0.013867581443782521 -0.0006530751314493276 0.9999036271950277 2.1543173789978027
0.9999263746423087 -0.00023507559706568073 0.012132189998208314 0.008824087679386139 0.00022270843824091224 0.9999994542775679 0.001020708341115418 -0.003025272861123085 -0.0121324233210228 -0.0010179312500117619 0.9999258813133749 0.11941975355148315
0.9999951237164042 -0.000677730357146948 -0.003048479125124149 -0.004008134361356497 0.0006776901562390786 0.9999997702668934 -1.4220146630956955e-05 -0.028998836874961853 0.0030484880622126237 1.2154152994892257e-05 0.9999953532756095 1.2919604778289795
0.999998086536558 -0.00010365843785754725 -0.0019535040699000454 -0.005046609323471785 0.0001042001192534251 0.9999999561547614 0.0002771873199709481 -0.018590062856674194 0.0019534752514436117 -0.0002773903449401903 0.9999980534926248 0.9041419625282288
0.9999998648466474 7.810916792607556e-06 0.0005198515909846312 -0.0021110696252435446 -7.729629798772837e-06 0.9999999877447141 -0.00015636759453042514 -0.016920825466513634 -0.0005198528059879714 0.00015636355513647186 0.9999998526517386 0.8337907791137695
0.9999994545606804 -0.00016705143235683825 -0.0010310054126952148 -0.004559530410915613 0.00016746563053188403 0.9999999053087364 0.00040166874578752634 -0.01648574136197567 0.0010309382157286924 -0.0004018411846731176 0.9999993878448417 0.7939761281013489
0.9999997361849053 -9.759985666746543e-05 0.0007197946844675463 -0.0017456940840929747 9.772833729879843e-05 0.9999999793000274 -0.00017846320931341763 -0.017228616401553154 -0.0007197772515841666 0.00017853350656983868 0.9999997250232099 0.8619104623794556
0.9999999889647975 -3.018731190663896e-05 -0.0001454617841653706 -0.0025990144349634647 3.015022934472465e-05 0.9999999670520074 -0.0002549253759647901 -0.019807957112789154 0.000145469474884534 0.00025492098744548357 0.9999999569269599 0.9839807748794556
0.9999998782907626 -3.815876747200367e-05 0.0004918967046059336 -0.0017944695428013802 3.831287157142382e-05 0.9999999501939212 -0.0003132798725533322 -0.0222221277654171 -0.0004918847257326772 0.00031329868039954784 0.999999829946662 1.0798277854919434
0.9999987074631452 -1.6993935789034703e-05 -0.001607726110060789 -0.0036943797022104263 1.685987638965056e-05 0.9999999963802597 -8.339799238381288e-05 -0.021954813972115517 0.0016077275215013653 8.337077852535007e-05 0.9999987041299253 1.0501346588134766
0.9999986027132193 9.70754012487053e-05 -0.0016688762612266262 -0.003938040230423212 -9.745796837895127e-05 0.9999999689946043 -0.00022915657215665715 -0.023379068821668625 0.0016688539640162669 0.00022931889724910317 0.9999985811686384 1.116170883178711
0.9999991493152037 3.318170118915541e-05 -0.0013039431902486629 -0.003354802029207349 -3.356978078972559e-05 0.9999999551538734 -0.00029759926217706853 -0.02514706924557686 0.0013039332569220697 0.0002976427821009597 0.9999991055830179 1.1921966075897217
0.9999999592814777 -5.418630117338659e-05 -0.00028018009891645 -0.0023478171788156033 5.4102492678117356e-05 0.9999999537992994 -0.0002991225826595919 -0.024053115397691727 0.00028019629431828483 0.00029910741203801217 0.9999999160123929 1.1725480556488037
0.999998922865145 6.20822238253694e-05 -0.001466429114252865 -0.0035319258458912373 -6.250077400118254e-05 0.9999999573267392 -0.0002853772468334668 -0.02529258280992508 0.0014664113348214405 0.0002854685923983461 0.9999988840721172 1.194905161857605
0.9999999606412173 -7.712951898524833e-05 0.0002697565589028586 -0.0017586631001904607 7.722879763512235e-05 0.999999929291324 -0.0003680394811251363 -0.024836566299200058 -0.00026972815312058273 0.0003680602996142486 0.9999998958891642 1.2125798463821411
0.9999998095293328 -8.27793292947979e-05 0.0006116280574663792 -0.0012578167952597141 8.281291922969144e-05 0.9999999950643471 -5.489377019534086e-05 -0.02473745122551918 -0.0006116235103781162 5.4944410444609406e-05 0.9999998114488788 1.1251407861709595
0.999999570486915 1.946285463851367e-05 -0.0009266321725179522 -0.003457309678196907 -1.9581944857382724e-05 0.9999999915507983 -0.00012851050950401285 -0.01689184084534645 0.0009266296635072839 0.00012852859956717275 0.9999995624188373 0.8338160514831543
0.9999956732606583 0.00013641506548659165 -0.0029385116798302953 -0.006523637101054192 -0.00013546660310800765 0.9999999386707936 0.0003229662647086249 -0.015109227038919926 0.0029385555570778563 -0.0003225667971223216 0.9999956304114029 0.7772202491760254
0.9999997880468071 -4.513030927245706e-05 -0.0006495148927006887 -0.0032232769299298525 4.50768507467252e-05 0.9999999955957709 -8.231971545372904e-05 -0.016255179420113564 0.0006495186049542939 8.229041991992648e-05 0.9999997856769113 0.7965009808540344
0.9999999327459176 2.933853803810974e-05 -0.0003655781862839582 -0.002999810501933098 -2.9343582209587473e-05 0.9999999994743614 -1.379243514159798e-05 -0.016866831108927727 0.0003655777814419132 1.3803161587563667e-05 0.9999999330811769 0.8367718458175659
0.9999999953942231 -1.9773783095714137e-05 -9.391778949272308e-05 -0.0026959648821502924 1.9763491579736803e-05 0.9999999938008455 -0.00010957971304921408 -0.017930807545781136 9.391995571598971e-05 0.00010957785640107253 0.9999999895858676 0.8876581192016602
0.9999996888008391 2.3749203916592988e-05 -0.000788564645320422 -0.00328206829726696 -2.389113378501565e-05 0.9999999835189001 -0.00017997614498327608 -0.018779834732413292 0.0007885603580338423 0.0001799949286782903 0.99999967288714 0.9211028814315796
0.9999999695883744 1.452282946969637e-06 -0.00024661942517448465 -0.002761893905699253 -1.5028856534607533e-06 0.9999999789483579 -0.00020518534305665446 -0.019145937636494637 0.00024661912199556605 0.00020518570745743062 0.9999999485389156 0.9236058592796326
0.9999998928492522 5.957306751689989e-05 0.00045907791686945065 -0.002267407951876521 -5.95075193805434e-05 0.9999999880342935 -0.00014279449607351022 -0.01730549894273281 -0.0004590864180824146 0.0001427671621849379 0.9999998844285923 0.8422691226005554
0.9999999984910608 -2.0325225619949647e-06 -5.489760795824301e-05 -0.002212607767432928 2.0181710004798694e-06 0.9999999658269814 -0.000261422958790425 -0.0246619563549757 5.4898137430288e-05 0.0002614228476031933 0.9999999643221441 1.1528255939483643
