0.9999998144198683 0.0001577055241037227 -0.0005884634196695492 -0.0032363394275307655 -0.00015755897117333392 0.9999999565668003 0.0002490814477987808 -0.013516510836780071 0.0005885026756309698 -0.00024898868388323667 0.999999795834597 0.7051669359207153
0.9999999979812273 9.820486662923487e-06 6.277820960269942e-05 -0.002059608232229948 -9.830031456926301e-06 0.9999999883933886 0.00015204142012325024 -0.01702660508453846 -6.27767157533186e-05 -0.00015204203692808835 0.9999999864711515 0.8069774508476257
0.9999868685372559 0.0002446477717404946 -0.005118876880777002 -0.009119754657149315 -0.00024097268638664405 0.999999712807525 0.0007185520383422105 -0.011846482753753662 0.005119051202829143 -0.000717309093189646 0.999986640301983 0.6192727088928223
0.9999901865170946 0.0001807043502955121 -0.004426535377033361 -0.008262845687568188 -0.00017779981522515783 0.9999997686651835 0.0006565491643131491 -0.012125439941883087 0.004426652994311786 -0.0006557556841070244 0.9999899873137483 0.6374582052230835
0.9999994933030559 7.917443584731394e-05 -0.0010035561970455006 -0.003215494565665722 -7.90889863861393e-05 0.9999999932441338 8.518606200841596e-05 -0.016811668872833252 0.0010035629348240107 -8.510664860249278e-05 0.9999994928090188 0.8133870959281921
0.9999998000437982 0.0001399671217087876 -0.0006167021713215473 -0.003177214879542589 -0.00013983159700727785 0.9999999660686908 0.0002197947708642655 -0.014417394995689392 0.0006167329144374799 -0.00021970849246544426 0.9999997856843221 0.729315996170044
0.9999994924347897 0.00010354726991554849 -0.001002201639356619 -0.003204749897122383 -0.00010327412416263543 0.9999999575135862 0.0002725936190733305 -0.01510454062372446 0.0010022298231017167 -0.000272489979217754 0.999999460642151 0.7744535803794861
0.9999999807191927 7.378350466656575e-05 0.0001819824394928972 -0.002200429793447256 -7.380478981688916e-05 0.9999999904367554 0.0001169587185252093 -0.01556952390819788 -0.00018197380812840053 -0.00011697214744584796 0.9999999766015245 0.7587466835975647
0.9999723480676399 0.00024280549915324377 -0.00743264055233753 -0.012081721797585487 -0.0002355902498997003 0.9999995002335945 0.0009716119570582044 -0.011593732051551342 0.007432872750479695 -0.0009698340324649478 0.9999719055176622 0.61229008436203
0.9999995814013736 0.00011423438496431195 -0.0009078257445939552 -0.003125318791717291 -0.00011398365156907613 0.999999955350134 0.00027623804411712406 -0.015114354901015759 0.000907857259942731 -0.0002761344511909011 0.9999995497723787 0.779236912727356
0.9999999158289375 -2.0050291033436062e-05 0.0004098049580788493 -0.001714767306111753 2.000375780822586e-05 0.9999999933527294 0.00011355347159826822 -0.017230674624443054 -0.0004098072321349182 -0.00011354526440122185 0.9999999095827486 0.8070759773254395
0.9999996999117958 0.00012401906851206357 -0.0007647192878859817 -0.0031585022807121277 -0.00012379448335897916 0.9999999492007235 0.00029372346928845854 -0.01473128329962492 0.0007647556763498564 -0.00029362871311635155 0.999999664465411 0.7583342790603638
0.9999997979983373 0.00012972370057034435 -0.000622233915724658 -0.0028946874663233757 -0.00012963007434105316 0.9999999802720134 0.00015050586801472186 -0.015365618281066418 0.0006222534276273922 -0.00015042517738353338 0.9999997950864478 0.7699342966079712
0.9999998094601187 0.00012050614147806987 -0.0006054403324858517 -0.0028935912996530533 -0.00012036596361061277 0.9999999659456424 0.00023156154403965805 -0.014587346464395523 0.0006054682164561572 -0.00023148862550892053 0.9999997899106055 0.7481897473335266
0.9999997459158617 0.0001630025826159162 -0.0006939728888361712 -0.0035080015659332275 -0.00016278505518547209 0.9999999376102349 0.00031349729269191724 -0.0135364830493927 0.0006940239464077175 -0.0003133842446222213 0.9999997100604967 0.6939147710800171
0.9999928383586539 0.00019701682843858582 -0.0037794729490527494 -0.007359958719462156 -0.00019461278680190023 0.9999997785376666 0.0006364357634739427 -0.012484635226428509 0.003779597500597476 -0.0006356956717860073 0.9999926552399006 0.6541478633880615
0.9999972659713309 8.934883052204393e-05 -0.002336678550833401 -0.004341373220086098 -8.901195636195727e-05 0.9999999856312956 0.00014427155047923654 -0.018541375175118446 0.0023366914077526707 -0.00014406316370748268 0.9999972595557799 0.896731972694397
0.9999998674894052 1.748283507681527e-05 0.0005145051237825801 -0.0016933949664235115 -1.753143509339144e-05 0.9999999953854154 9.445537450436642e-05 -0.01666523888707161 -0.0005145034700606182 -9.446438200121137e-05 0.9999998631813204 0.7915917634963989
0.9999950038899708 0.00021159435321930353 -0.0031539535391544127 -0.006492986809462309 -0.0002097501901485404 0.9999998068700038 0.0005850340271879378 -0.013333441689610481 0.0031540767199279714 -0.0005843695619390098 0.9999948551428952 0.6966775059700012
0.9999996312105695 0.00011217131444287367 -0.0008514671579914417 -0.0030935960821807384 -0.0001120504171753063 0.9999999836356119 0.00014203337595224388 -0.015868429094552994 0.000851483076128178 -0.00014193791632157205 0.99999962741503 0.7894106507301331
0.999986943249286 0.00023165659758067646 -0.005104866910129337 -0.009156429208815098 -0.00022758309571944464 0.9999996552771822 0.000798530808232364 -0.012312428094446659 0.0051050501352953295 -0.0007973586006000204 0.9999866512520946 0.6475867629051208
0.9999813880481723 0.0002471291765837242 -0.006096104036269252 -0.010423562489449978 -0.00024178354612580384 0.9999995856668354 0.0008776143084155781 -0.011992041021585464 0.006096318394552572 -0.0008761240366489055 0.9999810334744879 0.6340311169624329
0.9999865356966398 0.00018223609009107846 -0.005186059722072713 -0.009212024509906769 -0.00017859227225708945 0.9999997368970944 0.0007030722172667904 -0.012572686187922955 0.005186186482737256 -0.0007021365606993469 0.9999863051432338 0.6500053405761719
0.9999946003977133 0.00028628452683041673 -0.00327371602121373 -0.0067842635326087475 -0.0002840340177971651 0.9999997230645224 0.0006878921100818446 -0.01322147436439991 0.0032739120474728654 -0.0006869585490234016 0.9999944047782754 0.7036305069923401
0.9999989508869545 0.0001075149177855079 -0.0014445295195623321 -0.0032477546483278275 -0.00010746192986532533 0.9999999935503419 3.6759350183940214e-05 -0.021365057677030563 0.0014445334624241235 -3.660407968930679e-05 0.9999989559910636 1.0605677366256714
0.9999988169281714 0.00012988839548565785 -0.0015327332651110812 -0.004595155827701092 -0.0001294329600454832 0.9999999474492748 0.00029723485051454514 -0.013888116925954819 0.0015327717919226525 -0.0002970361126609036 0.9999987811893479 0.7079699039459229
0.999999703553788 4.599726655099395e-05 0.0007686199239564293 -0.001246907515451312 -4.61577124359777e-05 0.999999977150839 0.00020872897995912409 -0.026998158544301987 -0.0007686103054315807 -0.0002087643958196312 0.9999996828277624 1.1458516120910645
0.999908078862172 0.0002665408590141961 -0.013555913179534421 -0.02038281410932541 -0.0002371095353451009 0.9999976116461792 0.002172666795916028 -0.008054936304688454 0.013556459907691516 -0.0021692528456368483 0.9999057539272704 0.39865583181381226
0.9998402345588444 0.0006214420010545429 -0.017863906827848032 -0.02631557174026966 -0.0005738279803609697 0.999996269894923 0.002670377817671716 -0.004074102267622948 0.017865499678533063 -0.002659700374005244 0.9998368616505178 0.24853655695915222
0.9999928316082262 6.198427157184644e-05 -0.003785880361569645 -0.008163194172084332 -5.908054935140991e-05 0.9999997040378393 0.000767094337539363 -0.009352919645607471 0.0037859267888760524 -0.0007668651668150836 0.9999925393102518 0.515393853187561
0.9999842833003925 -0.00011007030618114302 0.00560544705872805 0.0025421767495572567 0.00010771289632929518 0.9999999056386 0.0004208571291422409 -0.012545285746455193 -0.005605492853663281 -0.0004202467357192483 0.999984200796467 0.6547031402587891
0.999999510741271 0.00010771487772257132 0.0009833182211689408 -0.001404075650498271 -0.00010769967371772888 0.9999999940800346 -1.551487590806615e-05 -0.015492564998567104 -0.000983319886530692 1.540896526569709e-05 0.9999995164221656 0.7838767766952515
0.9999703375727685 -0.00011319420557691274 0.007701374012139448 0.004510623402893543 0.00010863118343574847 0.9999998183283149 0.0005929102825493625 -0.010863257572054863 -0.007701439727026265 -0.0005920560860182317 0.9999701682028929 0.5799347162246704
0.9999997206269546 0.00010930690037768287 0.000739457919300508 -0.001527395797893405 -0.00010935133725096465 0.9999999922179199 6.005368654750674e-05 -0.01578422635793686 -0.0007394513492636545 -6.0134530482441764e-05 0.9999997247977324 0.8049681186676025
0.9999997703942506 0.00015099438885372412 0.0006606149715812251 -0.0017699061427265406 -0.00015103143443105568 0.999999987025191 5.602788365606429e-05 -0.014873608946800232 -0.0006606065031138206 -5.612764441850461e-05 0.9999997802243437 0.746495246887207
0.9999999536820086 0.00022126069720115386 -0.0002089968535127733 -0.0032104053534567356 -0.00022117717628837962 0.9999998957137408 0.00039956622026983505 -0.012501693330705166 0.00020908524001774816 -0.0003995199764288172 0.9999998983335703 0.6674432158470154
0.9999989538787946 0.00019161726273843007 0.0014337099223651504 -0.0010613282211124897 -0.00019193833349858558 0.9999999565344291 0.00022380977709847574 -0.013006892055273056 -0.0014336669742312682 -0.00022408472685954103 0.999998947191967 0.6861034631729126
0.9999996812430492 -0.00023297579198161886 0.0007636989463175209 0.0006007986376062036 0.00023222848425313316 0.999999494323542 0.0009784797349258933 -0.009434031322598457 -0.000763926522224125 -0.0009783020703799477 0.9999992296703673 0.4708050489425659
0.9999964982699363 -0.0006716297701668559 0.0025597580583688203 -0.0025972523726522923 0.0006676556229779355 0.999998571078278 0.001553086401787998 -0.005470665171742439 -0.0025607974997380093 -0.00155137192643752 0.9999955177706106 0.3250618278980255
0.9999974290491331 -0.0005623192870147744 -0.002196745807719413 -0.01100092101842165 0.0005670634357085638 0.999997507280088 0.0021596001182159976 -0.0047081224620342255 0.0021955259470486837 -0.0021608402602153053 0.9999952552063365 0.26249536871910095
0.9999996421717547 -6.993059528623865e-05 -0.0008430694361001946 -0.002081005834043026 7.091107760664957e-05 0.9999993211808522 0.0011630173917667893 -0.008640168234705925 0.0008429875333099841 -0.0011630767585685282 0.9999989683117039 0.4824824035167694
0.9999607348029687 1.0451440545068414e-05 -0.008861644490406535 -0.016014475375413895 5.377024465578424e-06 0.9999984048161628 0.0017861512302697429 -0.00727511802688241 0.008861649022307861 -0.0017861287459689887 0.999959139625569 0.42284899950027466
0.9999980788687997 -0.0002134208318431287 0.001948514885456247 0.0010885412339121103 0.00021217912926786426 0.9999997743248752 0.0006374403627642997 -0.008780079893767834 -0.0019486504887773785 -0.0006370257039659687 0.9999978984775545 0.46738773584365845
0.9999999085623372 0.0003969670020400766 -0.0001590362107288164 -0.0028915870934724808 -0.00039693806236514414 0.9999999046654804 0.0001819593489442281 -0.013617748394608498 0.00015910842742441922 -0.00018189620478095795 0.999999970799139 0.7108399868011475
0.9999992354705101 0.00012530937555319785 0.0012301853338572018 -0.0010513748275116086 -0.00012537483871327595 0.9999999907287996 5.313709023010674e-05 -0.0169578418135643 -0.0012301786638763117 -5.329128389305403e-05 0.9999992419099596 0.8570311665534973
0.9999996907401314 0.00015307022004610403 0.0007714202158509347 -0.0014924376737326384 -0.00015312956855410324 0.999999985320738 7.687560801266738e-05 -0.01447012834250927 -0.0007714084371608205 -7.699371148295412e-05 0.9999996995004506 0.7547304034233093
0.999999619349417 0.00015806478931450072 0.000858088890098438 -0.0014286276418715715 -0.0001581121498713772 0.9999999859808628 5.512550957391557e-05 -0.014900078997015953 -0.0008580801646667156 -5.5261162869552424e-05 0.9999996303222489 0.7406349778175354
0.9999512664236175 -0.00017618472155695974 0.009870852888529468 0.007617201190441847 0.00016931544652968794 0.9999997429383428 0.0006967463867457255 -0.008728647604584694 -0.009870973107179812 -0.0006950411439380177 0.9999510392052829 0.4412030875682831
0.9999439349440008 -0.0004144187705100515 0.010580889650217829 0.00846319179981947 0.0004029857455160947 0.9999993327414748 0.0010826444908299923 -0.005495881661772728 -0.010581331258227798 -0.0010783198446020705 0.9999434347277429 0.33152779936790466
0.9999700077378797 -0.0002712409880641192 0.007740158462928843 0.00749995606020093 0.00026945597808649086 0.9999999368638772 0.00023165862242181776 -0.0062732272781431675 -0.007740220809558888 -0.00022956604248651873 0.9999700176911563 0.37461334466934204
0.9998352925266899 -0.0002325403528559366 0.018147554740306084 0.016919469460844994 0.00021360733672166142 0.9999994309503145 0.0010452133526201199 -0.005991226527839899 -0.018147787467727598 -0.0010411647473336527 0.9998347732430568 0.270871102809906
0.9999648919368374 -6.514657056356352e-05 0.008379179534624548 0.0054408046416938305 5.813712110179766e-05 0.9999996482158056 0.0008367725738515174 -0.008918428793549538 -0.008379231099825154 -0.0008362560550118037 0.9999645439524274 0.43470489978790283
0.9999772967401961 -0.00018123086721131982 0.006735960179712598 0.005953450687229633 0.00017818241282397412 0.9999998814478072 0.0004531615600747275 -0.008686952292919159 -0.006736041508012266 -0.00045195104219258853 0.9999772104828479 0.4326930046081543
0.9999552837511284 -0.00028981542740803606 0.009452328031683872 0.010397973470389843 0.00028728471606086464 0.9999999225287944 0.0002690908717043467 -0.006704621482640505 -0.009452405286086618 -0.000266363329595262 0.9999552895429298 0.4196191132068634
0.999918737321174 -0.0004096235056334152 0.012741701715745636 0.011290855705738068 0.000401175260478816 0.9999996980255571 0.0006655878645027722 -0.007513273507356644 -0.012741970508511722 -0.0006604221215451509 0.9999185997020867 0.3904379904270172
0.9999993948542683 0.0002683808328537203 -0.0010668940088169917 -0.004172303713858128 -0.00026804827514120177 0.9999999154538409 0.0003118371904520344 -0.012939579784870148 0.0010669776097400891 -0.00031155102264626765 0.9999993822471795 0.6936675310134888
0.9999994555770624 0.00013210660430160778 0.0010350813608852277 -0.0013546552509069443 -0.0001321850055684296 0.9999999884001323 7.567601702821377e-05 -0.014409749768674374 -0.001035071351576784 -7.581279806390668e-05 0.9999994614397133 0.71756911277771
0.9999959145046747 9.478442578447302e-05 0.0028569196474701195 -0.0012852591462433338 -9.688201116154438e-05 0.9999997258681281 0.0007340827913577704 -0.010776270180940628 -0.0028568492846815317 -0.0007343565763871316 0.9999956495568285 0.5671615600585938
0.9999157614644122 0.0005417171983423874 -0.012968288920344836 -0.018838433548808098 -0.0005212432925183566 0.9999986126397045 0.001582094844182382 -0.01647128537297249 0.012969127976642191 -0.0015752019372143773 0.999914656587442 0.7535209059715271
0.9999985162845052 -4.050542229133073e-05 -0.0017221463640573384 -0.0036063487641513348 3.992975368602495e-05 0.9999999433222267 -0.00033430698223958896 -0.02197868376970291 0.0017221598076954075 0.0003342377213430113 0.9999984612241875 1.0328959226608276
0.9999517957479395 -0.0005186145489822106 0.009804958919893332 0.011499003507196903 0.0005180276312270663 0.9999998638768683 6.239886359712607e-05 -0.006961984559893608 -0.00980498994617012 -5.73166160630259e-05 0.9999519282880358 0.4109615683555603
0.9999872029995943 -0.0005069822261454062 0.005033567926506571 0.0028037293814122677 0.0005037073060492818 0.9999996606770792 0.0006518624673278047 -0.00570397125557065 -0.005033896701186427 -0.0006493186805034692 0.9999871190516672 0.38727474212646484
0.9999223616265547 -0.0007814017707272409 0.01243624261769462 0.01306070201098919 0.0007794981481192421 0.999999683722375 0.0001579170250049466 -0.004344025626778603 -0.01243636208103231 -0.00014821073649393134 0.9999226544747183 0.34823083877563477
0.9999999774615789 -0.00019632142676330715 8.083773358696167e-05 -0.005760931875556707 0.00019623207212423688 0.9999993714638067 0.001103886300982436 -0.008164580911397934 -8.105439931111368e-05 -0.0011038704131466138 0.9999993874499601 0.44305992126464844
0.9999998565339049 0.00032331405902118307 -0.00042708335119690086 -0.0028545167297124863 -0.0003232963223662733 0.9999999468745412 4.159811126597398e-05 -0.016491759568452835 0.00042709677776210284 -4.146003082126957e-05 0.9999999079347 0.8173397183418274
0.9999991375683984 0.00014846417474966695 -0.0013049217785146504 -0.003506708424538374 -0.0001483668770558432 0.9999999862066832 7.465857639730117e-05 -0.019193219020962715 0.001304932844639384 -7.446490484030518e-05 0.9999991458022596 0.917019248008728
0.9999997380541628 0.00012121231352005244 -0.0007135819370134371 -0.002900051884353161 -0.00012115113985667223 0.9999999889829372 8.577019657962016e-05 -0.016726434230804443 0.0007135923255558187 -8.56837228474239e-05 0.9999997417221128 0.8231678009033203
0.99999981985375 0.0002375760622351905 -0.0005512259809042452 -0.0027231951244175434 -0.00023747203521645504 0.99999995398511 0.00018877714403994384 -0.016271958127617836 0.0005512708044701634 -0.00018864620927689976 0.9999998302565394 0.8474592566490173
0.9999998689905493 8.6140467911985e-05 -0.0005045777481364648 -0.0026378845795989037 -8.612158723777662e-05 0.9999999955906453 3.7440369093008565e-05 -0.021972302347421646 0.0005045809710425151 -3.7396909151412e-05 0.9999998719997492 1.0549700260162354
0.9999985042468426 0.0001217315318221725 -0.0017253073673228045 -0.003716415725648403 -0.00012161499071931655 0.999999990316448 6.76527743864102e-05 -0.021882396191358566 0.001725315586091559 -6.744284995509438e-05 0.9999985093676842 1.0450029373168945
0.9999556394711779 0.00044777412664600804 -0.009408431756613428 -0.009940078482031822 -0.00044636425124387405 0.9999998888348218 0.00015195163407237918 -0.03679336979985237 0.009408498750733676 -0.00014774530582111655 0.999955728181294 1.7926406860351562
0.9999448035060924 0.0005011534713394179 -0.010494702776189697 -0.012154188007116318 -0.0004989619163230678 0.9999998531646037 0.0002114421365691658 -0.04459771513938904 0.010494807200156584 -0.00020619400869611423 0.9999449067352973 1.8881843090057373
0.9999834719605661 0.0003947328428806518 -0.005735851434114718 -0.007956291548907757 -0.00039442070710206807 0.9999999206732783 5.554946294927169e-05 -0.04975997284054756 0.005735872906305858 -5.32862062470816e-05 0.9999835483259626 1.9675321578979492
0.9999999948750229 9.3644740896548e-05 -3.847877900674832e-05 -0.0021712728776037693 -9.364165174192365e-05 0.9999999923935028 8.027599385824314e-05 -0.01862802915275097 3.848629613870467e-05 -8.027239023040731e-05 0.9999999960375741 0.9174309968948364
0.9999987216814674 2.4649953805069303e-05 -0.0015987582092077746 -0.003487030044198036 -2.469685691747192e-05 0.9999999992652756 -2.9317478899368177e-05 -0.020791850984096527 0.001598757485358627 2.935692572503e-05 0.99999872155552 1.0093399286270142
0.9999948598373208 9.184209362076922e-05 -0.003204974877695417 -0.005848174449056387 -9.116490680583894e-05 0.9999999734914983 0.00021143784542637545 -0.016842106357216835 0.00320499421163073 -0.0002111445773654133 0.9999948417017314 0.8319284319877625
0.999999954019709 0.00010520298762549496 -0.0002844167910351504 -0.0023107954766601324 -0.00010517791564769319 0.999999990582202 8.816576208879918e-05 -0.0186375193297863 0.00028442606365814863 -8.813584366965552e-05 0.9999999556669426 0.9262300729751587
0.9999999307888627 0.00011971766144078575 -0.0003522640364714827 -0.0024226391687989235 -0.00011962987478893555 0.9999999617896685 0.00024921748469618237 -0.016132960096001625 0.000352293858745815 -0.0002491753261449811 0.9999999069003427 0.8283451795578003
0.9999957371298003 0.00016248795700019096 -0.0029153593073689586 -0.004596299026161432 -0.0001622445712296708 0.9999999833338069 8.372027742697665e-05 -0.022832613438367844 0.0029153728623178563 -8.324691931749638e-05 0.9999957468264672 1.1167895793914795
0.9999988291533157 0.0002762645525379269 -0.001505114578623442 -0.004243630450218916 -0.0002759450155356032 0.9999999393481315 0.0002125043104435139 -0.01674293540418148 0.0015051731947436674 -0.0002120887327677655 0.9999988447353444 0.8093595504760742
0.999933761301472 0.0007796558281457202 -0.011483255038534498 -0.013459881767630577 -0.0007739066296899857 0.9999995729739843 0.0005050944240881008 -0.031046148389577866 0.011483643934697358 -0.0004961740000860727 0.9999339376845565 1.5741552114486694
0.9998842182050736 0.0004574980138645673 -0.015209894148085889 -0.016381051391363144 -0.0004616857632063905 0.9999998564799405 -0.00027182044499170265 -0.048078328371047974 0.015209767607847265 0.0002788111647207313 0.9998842859219508 2.0158281326293945
0.9997762935804175 0.0013782250540239664 -0.021106001286439545 -0.01978498324751854 -0.0013772763844494046 0.9999990497852667 5.948381773087821e-05 -0.06771067529916763 0.021106063213294064 -3.04017136770186e-05 0.9997772417750727 3.2152037620544434
0.9996192778749827 0.0009248073973753579 -0.027576149694550182 -0.02742759697139263 -0.0009110732944458269 0.999999454614874 0.00051060298373789 -0.07960277050733566 0.027576606864344787 -0.0004852846923345359 0.999619575264819 3.2414402961730957
0.9996455427557476 0.0015754434917128839 -0.026576433665393962 -0.026613445952534676 -0.0015716309772025431 0.9999987514831143 0.00016434197239139083 -0.07968124002218246 0.02657665939575859 -0.00012251537377664032 0.9996467706972022 3.2941761016845703
0.9998122177332653 0.0008054280616792674 -0.019361832478532112 -0.02063608728349209 -0.0008047008304303474 0.9999996751998779 4.535098590189203e-05 -0.06692184507846832 0.019361862716763233 -2.9761987116832666e-05 0.9998125411227652 2.664304256439209
0.9998500381651995 0.0008447773624581124 -0.017297038251002223 -0.01740841008722782 -0.0008481936576994589 0.9999996222009342 -0.00019017230999530285 -0.05232488736510277 0.01729687106293488 0.00020481502954825277 0.9998503769575904 2.305851459503174
0.999648962086768 0.002297654993721233 -0.02639457103983372 -0.025125613436102867 -0.0023164690868395046 0.9999970842505652 -0.0006822472698280882 -0.08649450540542603 0.02639292651103166 0.0007431499830443437 0.9996513698076372 3.9272751808166504
0.9994459629402822 0.002399453601893387 -0.033196532722323424 -0.03191929683089256 -0.0024132071788939046 0.9999970181804453 -0.0003742476852092991 -0.10038542747497559 0.03319553574629673 0.00045415044920207686 0.9994487731514236 4.446426868438721
0.9997505773920558 0.0005365379782580825 -0.02232700452924636 -0.02324550226330757 -0.0005340106151165477 0.9999998503168139 0.00011915960995251427 -0.07304461300373077 0.022327065120925402 -0.0001072070314294655 0.9997507142631799 2.9388418197631836
0.9998087334876532 0.0009149308844622264 -0.01953610358519151 -0.019517477601766586 -0.00091918002352043 0.9999995558129141 -0.00020852352075248026 -0.053637921810150146 0.019535904122897314 0.00022644083333885756 0.9998091303717174 2.31986403465271
0.9997212135215701 0.0008522112272894496 -0.023595952427975693 -0.02611583285033703 -0.0008537048587701532 0.9999996341773831 -5.322700456714248e-05 -0.04975876957178116 0.02359589843539174 7.335614483305407e-05 0.999721575337805 2.1418423652648926
0.9998496216584887 0.0007424549623447298 -0.01732578511947523 -0.017787761986255646 -0.0007465509314435201 0.9999996948940809 -0.00022994228012164134 -0.05607972294092178 0.017325609111488706 0.0002428422828018478 0.9998498708788944 2.3478126525878906
0.9999099571341064 4.9305896445809846e-05 -0.013419209849986765 -0.015967994928359985 -4.268274384425521e-05 0.9999998771483732 0.0004938435194700771 -0.023612618446350098 0.013419232550812435 -0.0004932262836876617 0.9999098363980525 1.1152926683425903
0.9997431606541495 0.0004451198082787914 -0.022658653834849794 -0.022486738860607147 -0.0004416591998490823 0.9999998900288765 0.0001577320067384107 -0.05793163925409317 0.022658721552692773 -0.0001476840920306232 0.9997432473025293 2.347630023956299
0.9998982697524887 0.0003183321384582176 -0.01426004244834793 -0.015276080928742886 -0.00032156694766298705 0.9999999230855527 -0.00022455196858854156 -0.04747761785984039 0.014259969869436293 0.00022911468318485782 0.9998982952109602 1.9159858226776123
0.9999943747186056 0.00014250337205886843 -0.003351152627705519 -0.0054921600967645645 -0.00014291364272260297 0.9999999823229422 -0.00012218758702131307 -0.02406574785709381 0.0033511351563238253 0.00012266582511109798 0.9999943774073231 1.0985333919525146
0.9999985690143525 0.00012182094601211625 -0.0016873437421102185 -0.0037063220515847206 -0.00012226485148419727 0.9999999579467268 -0.00026297880196475304 -0.020060040056705475 0.001687311634825455 0.00026318472847789375 0.9999985418555596 0.9724587798118591
0.999931231759685 0.0002703170083961058 -0.011724277388165748 -0.013248302042484283 -0.0002733440566315044 0.9999999297236647 -0.0002565846698192848 -0.04066044092178345 0.01172420720502615 0.0002597717864854037 0.9999312353777299 1.7351685762405396
0.9999687592830205 3.990440239544917e-05 -0.007904357381544661 -0.010536961257457733 -3.714986589992219e-05 0.9999999385385688 0.00034862981244064036 -0.01874377205967903 0.007904370807595866 -0.00034832527517858984 0.9999686993059527 0.9197235107421875
0.999969717401881 0.00038546461921731785 -0.007772753452250268 -0.012050527147948742 -0.0003802873936121723 0.9999997048855276 0.0006675405274518514 -0.019487127661705017 0.007773008471653462 -0.0006645644324387843 0.9999695688836808 0.9096331000328064
0.9999996510614372 0.00014636198454450638 -0.0008224689496038283 -0.0024650138802826405 -0.00014660880396969713 0.9999999442398889 -0.0003000434593972392 -0.02281571552157402 0.0008224249887867014 0.0003001639358895094 0.9999996167593012 1.100834846496582
0.9999479616760747 0.0005351053027689214 -0.010187620044871833 -0.01137862354516983 -0.0005352945522072901 0.9999998566042552 -1.5849662450874592e-05 -0.03634549304842949 0.010187610102772044 2.1302215170983546e-05 0.9999481047267452 1.672430157661438
0.999999990444088 0.00013270247510396336 -3.875405375771991e-05 -0.0019299113191664219 -0.00013270518395732607 0.999999988751356 -6.990437654540296e-05 -0.02123687043786049 3.874477683800118e-05 6.990951874123592e-05 0.9999999968057506 1.0398952960968018
0.9999995025167384 9.646434735789432e-05 -0.0009928045656652955 -0.0030032573267817497 -9.639496320229189e-05 0.999999992908579 6.993463649847583e-05 -0.02230720967054367 0.0009928113048239676 -6.983890034759038e-05 0.999999504723998 1.0729079246520996
0.9999995198787625 0.00014890295513518632 0.0009685402182734568 -0.0012473067035898566 -0.00014883009893033273 0.9999999860901824 -7.529433342679929e-05 -0.018418358638882637 -0.0009685514163499912 7.51501493398871e-05 0.9999995281301931 0.8990010023117065
0.9999999695297446 0.00019171450684267458 0.00015551867421006462 -0.0019185221754014492 -0.0001916999171070825 0.9999999772242042 -9.382288243599236e-05 -0.01799831911921501 -0.00015553665787563977 9.379306666023048e-05 0.9999999835056044 0.8782345056533813
0.9999999625073186 7.570719128966802e-05 0.00026316113466989317 -0.0019287727773189545 -7.571908277804787e-05 0.9999999961128102 4.5177430062147194e-05 -0.01911945268511772 -0.0002631577133905962 -4.519735468806423e-05 0.999999964352608 0.9411802291870117
0.9999995276908561 5.821106395347579e-05 0.0009701698494946788 -0.0012974445708096027 -5.825779273485497e-05 0.9999999971444112 4.8137377122305894e-05 -0.015901990234851837 -0.0009701670445963344 -4.8193874340591984e-05 0.9999995282265167 0.8060661554336548
0.9999996608917493 0.00013295717441484843 0.0008127353666083078 -0.0015403397846966982 -0.00013301550823420702 0.999999988581483 7.17210463220174e-05 -0.015256602317094803 -0.0008127258215004102 -7.182912840866816e-05 0.9999996671586022 0.7754019498825073
0.9999999263666781 8.666231984048674e-05 0.00037383991285998004 -0.0017493338091298938 -8.668636896148351e-05 0.9999999941745736 6.431427466499892e-05 -0.017926005646586418 -0.0003738343370579619 -6.434667675394395e-05 0.9999999280536941 0.8964847326278687
0.9999999674227351 0.00011517126668345269 0.00022779400361180575 -0.0018770553870126605 -0.00011517145268856204 0.9999999933674455 8.034321150482807e-07 -0.019352708011865616 -0.0002277939095686552 -8.296674551843751e-07 0.9999999740546229 0.9664605259895325
0.9999966245047299 0.00010891361092460534 -0.0025959809266619554 -0.004130906891077757 -0.00010889784566217453 0.9999999940513209 6.214297854021357e-06 -0.027126800268888474 0.0025959815880409166 -5.931580147394762e-06 0.9999966304165284 1.3213601112365723
0.999941730697528 0.00029827705900896303 -0.010791025921020877 -0.01139820460230112 -0.0002962851727608456 0.9999999387750301 0.00018618547774491379 -0.041858118027448654 0.010791080795197375 -0.00018297740786771879 0.9999417578511958 1.9652965068817139
0.9997686402787882 0.0014590027528075527 -0.021460131082321823 -0.020921975374221802 -0.0014544480331291556 0.9999989163326086 0.00022784759689468262 -0.06450379639863968 0.021460440256948647 -0.00019658223669480945 0.9997696789057979 2.9024453163146973
0.9999183659517241 0.0010582690269296023 -0.01273347945773492 -0.014114444144070148 -0.0010651886535222189 0.9999992886896203 -0.0005366501521502413 -0.049859438091516495 0.012732902480044496 0.0005501699010640509 0.9999187819555714 2.173123359680176
0.9997487279524069 0.0011687145283659987 -0.022385599475908707 -0.022645387798547745 -0.0011552060431487146 0.9999991427947285 0.0006163674281643621 -0.07136094570159912 0.022386300644422936 -0.000590352572464541 0.9997492210686127 2.960681915283203
0.9999075495422358 0.0007958948997202793 -0.013574200519747927 -0.015501103363931179 -0.0007948873924294045 0.9999996809075097 7.961728784822587e-05 -0.05950514227151871 0.013574259555315805 -6.881996633806205e-05 0.999907863126067 2.3657875061035156
0.9999897262441997 0.00040017188875157944 -0.004515226296667346 -0.006749581545591354 -0.0004002446828790762 0.999999919786295 -1.5218331512000418e-05 -0.03242165595293045 0.00451521984453585 1.7025370479815663e-05 0.9999898061979894 1.4078603982925415
0.9999956948853118 0.00010885848266607367 -0.002932296143494005 -0.004848433192819357 -0.00010859057490223011 0.9999999899157631 9.152355281825958e-05 -0.024665754288434982 0.002932306077039124 -9.120473907486243e-05 0.9999956966221235 1.1521060466766357
0.9999996729643862 0.00010537618053220186 -0.0008018522192265385 -0.002973943017423153 -0.00010535745946281487 0.999999994176369 2.338948612563184e-05 -0.02099321410059929 0.0008018546792515595 -2.3304997363754555e-05 0.9999996782429236 1.005629301071167
0.9999999675744393 3.9943668799385366e-05 0.0002515067069893581 -0.0018663759110495448 -3.996043144198824e-05 0.9999999969808562 6.664421660876335e-05 -0.018125709146261215 -0.0002515040442155075 -6.665426476430911e-05 0.9999999661514618 0.9080806970596313
0.9999992095311416 9.769037907182862e-05 -0.0012535524249037793 -0.003355687018483877 -9.762691824391494e-05 0.9999999939499633 5.0685880111318e-05 -0.021146677434444427 0.0012535573688425828 -5.0563459585607666e-05 0.9999992130183203 1.011789321899414
0.9999994502803474 8.09420078776871e-05 -0.0010454125474868912 -0.0030843005515635014 -8.087068601250105e-05 0.9999999943998601 6.826574664370982e-05 -0.020697753876447678 0.0010454180671990373 -6.818116588680594e-05 0.9999994512260462 1.006883144378662
0.9999977055723978 8.718975086932372e-05 -0.002140384985791231 -0.004027566406875849 -8.697699837051978e-05 0.9999999912681663 9.949205461495578e-05 -0.022241583094000816 0.0021403936417892008 -9.930566207621801e-05 0.999997704424087 1.0677132606506348
0.9999976486501752 8.655622760991032e-05 -0.002166841512516639 -0.0041116392239928246 -8.632328301844002e-05 0.9999999904855337 0.0001075975067044107 -0.022668976336717606 0.002166850805134579 -0.00010741020483189108 0.9999976466075489 1.0777630805969238
0.9999971927633805 9.198921390044474e-05 -0.0023677000111523563 -0.00435347855091095 -9.17727426830493e-05 0.9999999915995285 9.153527534137416e-05 -0.022196147590875626 0.002367708411520583 -9.131772805632311e-05 0.9999971928050351 1.0505317449569702
0.9999993352758347 6.70365040701462e-05 -0.0011510664600678535 -0.003207962028682232 -6.692811434411482e-05 0.999999993323223 9.420287267526535e-05 -0.01928369700908661 0.001151072767413697 -9.412577134868235e-05 0.9999993330856891 0.9414801597595215
0.999997480925276 0.00026244521954940945 -0.002229184965228456 -0.004487617406994104 -0.00026238796957450667 0.9999999652389404 2.597443811713799e-05 -0.043006498366594315 0.002229191704606739 -2.5389461368755144e-05 0.9999975150267721 1.7289866209030151
0.9999982177957643 6.941121125037741e-05 0.001886686878744605 -0.0004484602250158787 -6.946634219210067e-05 0.9999999971621912 2.9155519185203447e-05 -0.016356848180294037 -0.0018866848496706474 -2.9286528460441884e-05 0.9999982197797038 0.8275689482688904
0.9999908070282899 0.00022258825380187277 -0.004282092173007125 -0.005662705283612013 -0.0002221320100135397 0.9999999696018049 0.00010702223511785374 -0.02668663114309311 0.004282115864731686 -0.00010607006152402067 0.9999908260743509 1.3285859823226929
0.9997074339766056 0.0017173665120740445 -0.024126688628450757 -0.022621624171733856 -0.0017126306894926075 0.9999985099129756 0.00021695149246783586 -0.06705272942781448 0.024127025262812997 -0.00017556791245149797 0.9997088855401235 3.1252074241638184
0.9998780368781798 0.0011534629567031478 -0.015575008566445066 -0.018418576568365097 -0.0011528850285190749 0.9999993343659334 4.608471667610412e-05 -0.06806197017431259 0.015575051356202331 -2.8122901844879245e-05 0.9998787011354697 2.6311392784118652
0.9999620502309305 0.00017916412365099626 -0.008710108964345502 -0.009434209205210209 -0.0001787098388375402 0.9999999826303755 5.293432039072949e-05 -0.035120654851198196 0.008710118296985302 -5.137572937621921e-05 0.9999620648803568 1.6918561458587646
0.9999787845820906 0.0005383903145927411 -0.006491573121658609 -0.008954420685768127 -0.0005395185181201788 0.9999998396601026 -0.00017204516087592845 -0.03743681684136391 0.006491479453352154 0.00017554383477680723 0.9999789147171397 1.5592734813690186
0.9999986087703213 0.0001330404934939921 -0.00166275604003073 -0.003551333211362362 -0.00013308744715616203 0.9999999907482778 -2.8127841181335714e-05 -0.021820666268467903 0.0016627522825055016 2.834909400565945e-05 0.9999986172246318 1.068366289138794
0.9999986609873134 9.17607498469385e-05 -0.0016338921461828844 -0.0037339627742767334 -9.1557507906179e-05 0.9999999880627628 0.00012446564635824528 -0.019136512652039528 0.0016339035477397662 -0.00012431588460407375 0.9999986574514776 0.9171790480613708
0.9999982233856093 7.601713135785336e-05 -0.0018834667558500935 -0.003898286260664463 -7.581424142612416e-05 0.9999999913164672 0.00010779269858291222 -0.01893928088247776 0.001883474933586676 -0.00010764971347350662 0.9999982204652733 0.9157863259315491
0.9999997018078207 0.00011711310493663196 -0.0007633274462559407 -0.0029581100679934025 -0.00011709090066937145 0.9999999927204827 2.9133408517623572e-05 -0.019050169736146927 0.0007633308526032142 -2.904402113208124e-05 0.9999997082411846 0.9304538369178772
0.9999999935299176 0.00011373564376300713 -2.0899579888462943e-06 -0.0021560899913311005 -0.00011373558633431132 0.9999999931551372 2.745800147003453e-05 -0.01957033947110176 2.0930809280144586e-06 -2.7457763589781728e-05 0.9999999996208451 0.9688515663146973
0.9999995351631525 9.027842742729797e-05 -0.0009599600431632363 -0.0030363406985998154 -9.01959337722926e-05 0.9999999922362891 8.59774123840741e-05 -0.020375296473503113 0.0009599677976159683 -8.589078792612756e-05 0.9999995355421922 0.9936339855194092
0.9999978363821997 0.00013205891587323896 -0.002076003699872685 -0.003950873389840126 -0.00013191546100162574 0.9999999889021892 6.923822953530167e-05 -0.022781850770115852 0.002076012820359118 -6.896422274512601e-05 0.9999978427050258 1.0943039655685425
0.9999958605292882 0.0001329933277104655 -0.002874236779135494 -0.004776810761541128 -0.0001326321460022509 0.9999999832849907 0.0001258520226098055 -0.022008802741765976 0.002874253468571886 -0.00012547028545690858 0.9999958614535389 1.0471254587173462
0.9999993571195429 0.00014223827599136931 -0.0011249572317547682 -0.0032259738072752953 -0.00014222907526144897 0.9999999898513414 8.258734130774114e-06 -0.022537976503372192 0.001124958395046066 -8.098727194614183e-06 0.9999993672013096 1.0795674324035645
0.9999991912781816 8.427076874015474e-05 -0.001268992285402599 -0.0032415976747870445 -8.413698379667239e-05 0.9999999908975591 0.00010547914385840616 -0.02223968878388405 0.0012690011626602107 -0.00010537228937176611 0.9999991892660363 1.0741631984710693
0.9999956241637442 9.57595082404695e-05 -0.0029567690948977053 -0.004819268360733986 -9.522896307955334e-05 0.9999999793422486 0.00017957435026142116 -0.022925378754734993 0.002956786229768977 -0.0001792919944184959 0.9999956126251618 1.0851500034332275
0.9999984780559954 0.00014074299582352161 -0.0017389873783714102 -0.0037558102048933506 -0.0001406649862808007 0.9999999890950174 4.4981403043197824e-05 -0.023274671286344528 0.0017389936902252037 -4.4736719948300046e-05 0.999998486948641 1.1097010374069214
0.9999988180651314 7.812864296346817e-05 -0.001535501304252847 -0.0035635451786220074 -7.789515333155535e-05 0.9999999853959154 0.00015212006480644553 -0.02190728485584259 0.001535513166762487 -0.00015200027690090114 0.9999988095469067 1.0452392101287842
0.9999970194100852 0.0001056865168047753 -0.002439262451144346 -0.0044305650517344475 -0.00010534264887244875 0.9999999844968379 0.00014110014153118536 -0.0202208049595356 0.0024392773257105446 -0.0001408427626016279 0.9999970150402671 0.9629584550857544
0.9999982644925031 0.0001074370619102809 -0.001859964854418249 -0.003870441112667322 -0.00010725635461899274 0.999999989518695 9.725576748688114e-05 -0.02069234475493431 0.0018599752837973025 -9.70561056487632e-05 0.9999982655345239 0.989863395690918
0.9999982391834961 0.00010775553368287333 -0.0018735043774632107 -0.003913866356015205 -0.00010759275123011736 0.9999999904285147 8.698718531322074e-05 -0.0203167162835598 0.0018735137328815682 -8.678545665433627e-05 0.9999982412057419 0.9749427437782288
0.9999981333083396 7.650026754403913e-05 -0.001930680591119053 -0.003841922152787447 -7.61602103496394e-05 0.9999999815754927 0.00017620623220349906 -0.019736776128411293 0.0019306940353711213 -0.00017605886224085734 0.9999981207101434 0.9615708589553833
0.9999975835007217 0.00010584161431427537 -0.0021958575250119617 -0.004239640664309263 -0.00010558274574756105 0.9999999874635405 0.00011800509710332314 -0.020287055522203445 0.002195869987333657 -0.00011777296727732993 0.9999975821393405 0.9685827493667603
0.9999985555671476 0.00010458088655739669 -0.0016964452412146908 -0.003710067830979824 -0.00010436399596663064 0.9999999863700044 0.00012793805944364306 -0.019535262137651443 0.001696458597967831 -0.0001277608268413952 0.9999985528516511 0.9513922929763794
0.9999994897794922 0.00011317450436517499 -0.0010038088896472722 -0.0032412270084023476 -0.00011309879308869704 0.9999999907556831 7.54804389182545e-05 -0.018666189163923264 0.0010038174228290085 -7.536687083267582e-05 0.9999994933350799 0.9063377380371094
0.9999954948778013 0.00017544208389171553 -0.002996572071016348 -0.0046945493668317795 -0.0001754344590848687 0.9999999846074347 2.8073611512688616e-06 -0.024194832891225815 0.002996572517420707 -2.281646503376241e-06 0.9999955102638922 1.1883759498596191
0.9999996562715597 0.00012170914428376377 -0.0008201485515110874 -0.00277904886752367 -0.00012169016576512714 0.9999999923268589 2.3190205092753534e-05 -0.022676952183246613 0.0008201513676779895 -2.3090393108435094e-05 0.9999996634092272 1.104058027267456
