0.9996877965766887 0.0012405745295342016 -0.024955367167844685 -0.03273990750312805 -0.0011825032317577177 0.9999965592240102 0.0023416289730954663 -0.011561287567019463 0.024958186267278155 -0.002311388106188264 0.9996858238583113 0.7115651965141296
0.9999997705180184 4.231995349268854e-05 -0.000676145644071238 -0.0036169281229376793 -4.1436629597806935e-05 0.9999991458381672 0.0013063712877508112 -0.009807106107473373 0.0006762003521055773 -0.001306342970765532 0.9999989181099779 0.45010364055633545
0.999416923989652 0.0013059255340696374 -0.03411900645625104 -0.04285498335957527 -0.0012000567223865392 0.9999944026589231 0.003123221843959058 -0.013238074257969856 0.03412289417568929 -0.003080456025167876 0.9994128970969665 0.784016489982605
0.9993457356167416 0.0014303911515518542 -0.03613937860267199 -0.04503953084349632 -0.0013132667671227037 0.9999938093690075 0.0032644377861018085 -0.013161974027752876 0.0361438243000388 -0.003214841335823645 0.9993414275212218 0.7672752141952515
0.9990340335669345 0.0013599698639289294 -0.04392209303927372 -0.05421382561326027 -0.0011949334544321397 0.9999921285369339 0.0037835166462210743 -0.013310031965374947 0.0439268927767591 -0.0037273779177805703 0.9990277947809247 0.7645555734634399
0.999139394280468 0.0009857788616298056 -0.04146684262028619 -0.05045843869447708 -0.0008393281367999343 0.9999933499837127 0.003549016290608145 -0.017973942682147026 0.04147006541034623 -0.0035111576991342743 0.9991335773791579 1.0034048557281494
0.9992502690180503 0.0016410580023222493 -0.03868083241072831 -0.048179514706134796 -0.0015158827563746889 0.9999935202241758 0.0032652119578486156 -0.01544272992759943 0.0386859401698183 -0.0032041283204275422 0.9992462817518428 0.8665860891342163
0.9997715029336238 0.00042556860945687687 -0.02137196325098325 -0.027404243126511574 -0.00038723614122557985 0.9999983091724048 0.001797693105646055 -0.012072754092514515 0.021372692156433226 -0.0017890063414654448 0.9997699772879242 0.6589838266372681
0.9993369339355946 0.0007142487253793132 -0.03640305373128941 -0.045071545988321304 -0.0006088072857783454 0.9999955878818793 0.0029075024442581877 -0.011666757985949516 0.03640496979663124 -0.002883412133719035 0.9993329595828275 0.6470974683761597
0.9998010267407895 0.0004311278923863685 -0.019942945038375834 -0.026701726019382477 -0.00039136672577078167 0.9999979281992064 0.0019976059123058623 -0.011188018135726452 0.019943764944193268 -0.0019894034370449764 0.9997991240813404 0.5551649332046509
0.9999753860448611 0.00028055322331935325 -0.007010605845385128 -0.010991248302161694 -0.0002722575833629308 0.9999992617432966 0.0011842249236608774 -0.012005829252302647 0.007010932907877836 -0.0011822870845963577 0.999974724189072 0.5668333768844604
0.9999947306801248 -6.295017253362001e-05 0.0032457124426974195 -0.0007475559250451624 5.669647364880345e-05 0.9999981420870079 0.0019268129235537562 -0.009733066894114017 -0.003245827705652081 -0.0019266187501101432 0.9999928763459753 0.3708522915840149
0.9999888916373383 9.036564806210655e-05 0.0047125827289660705 0.00019293505465611815 -9.548346977814457e-05 0.9999994059852477 0.0010857771680282404 0.001447109505534172 -0.0047124818126649684 -0.0010862150805722663 0.9999883062576103 0.1876562535762787
0.9997798415837083 0.0004086444818016617 -0.02097859319742703 -0.030888427048921585 -0.00036942144840390904 0.9999981767409964 0.0018735107356420474 -0.014798440039157867 0.020979320547841816 -0.0018653483242011128 0.9997781696881467 0.7190524339675903
0.9999880085480015 5.809176718837506e-05 0.004896875079904958 0.002334390301257372 -6.314276707846786e-05 0.9999994661898751 0.0010313258239587023 -0.007529634051024914 -0.0048968125543638 -0.0010316226591071725 0.999987478412353 0.3886117935180664
0.9999950645280492 -0.0005717659428938257 0.0030893370242408634 -0.004483038559556007 0.000566103549858533 0.99999815899851 0.00183344657999017 -0.008969427086412907 -0.0030903796390793522 -0.001831688646409869 0.9999935472143753 0.38770347833633423
0.9988774935513186 0.001027830082492133 -0.04735711606461108 -0.05900464951992035 -0.0008287190756508321 0.9999907359033944 0.004223900103160315 -0.011655326001346111 0.04736101879530436 -0.004179913002605379 0.998869091636117 0.46143633127212524
0.9976156798188163 0.0020137079230183094 -0.06898478353986495 -0.08573190867900848 -0.0016215755122045619 0.999982212096246 0.005739859227959562 -0.00966628734022379 0.0689951148451792 -0.005614309530062206 0.9976011997065768 0.6059855222702026
0.9991709817608238 0.0013951350255333515 -0.04068664160841992 -0.05068768933415413 -0.0012967770744158943 0.9999961732392549 0.0024437422255998596 -0.017486251890659332 0.04068989526074927 -0.0023889548146502175 0.9991689673516501 0.9074720144271851
0.9992541472852403 0.0014265390346376629 -0.038589041444818686 -0.046265263110399246 -0.0013131679260485996 0.999994747811359 0.002963096301913484 -0.020372552797198296 0.038593065740431615 -0.0029102123769703114 0.9992507722992641 1.0720651149749756
0.9998554189980157 0.0006899399074780129 -0.016990146651114677 -0.021362891420722008 -0.0006668074366057403 0.9999988431335782 0.0013671500822361488 -0.018529733642935753 0.016991070247185765 -0.001355623262171411 0.999854722355916 0.9355131387710571
0.9999936688918257 0.0003609771546532569 -0.0035400383838633536 -0.006801034323871136 -0.0003590923487089229 0.9999997934570702 0.0005330464347959552 -0.01343201007694006 0.003540230070278786 -0.0005317718593235334 0.999993591974338 0.705490231513977
0.9998968536199647 -0.000340749635376558 0.014358482182346498 0.013198701664805412 0.00032890298232514836 0.9999996036024151 0.0008274163647807817 -0.007809341885149479 -0.014358758432503442 -0.0008226084721665365 0.9998965693368381 0.3534911274909973
0.9999148919683364 -0.00027158482023093857 0.013043583159372199 0.011350526474416256 0.00025826558310391816 0.999999443582341 0.0010228068717658282 -0.008179806172847748 -0.013043853680512594 -0.0010193511140757804 0.999914405739045 0.34742850065231323
0.9999415401057263 -0.00027249571414527876 0.010809353221820712 0.005620560608804226 0.00024842851407994065 0.9999974876000071 0.002227796433107897 -0.008111567236483097 -0.010809933129381763 -0.002224980844804892 0.9999390955483133 0.29577013850212097
0.9999919076541027 0.0002888789752135957 0.004012626975657884 0.0018836726667359471 -0.00029189213432493597 0.9999996758838854 0.0007503539870067472 -0.009712250903248787 -0.004012408913610006 -0.0007515191691349137 0.9999916678621118 0.4977071285247803
0.9999696056913346 -6.361289518953987e-05 0.007796386785937967 0.005835689138621092 5.6427257518094346e-05 0.9999995734774042 0.0009218790452461882 -0.010268447920680046 -0.007796442103997921 -0.0009214110966450543 0.9999691827712041 0.4557034969329834
0.9999505603228128 -0.00017159833906815104 0.009942206198984066 0.007371062878519297 0.00016065991803005278 0.9999993810058216 0.0011009888122545909 -0.008741327561438084 -0.009942388972667823 -0.0010993370656901594 0.9999499689282122 0.3708355724811554
0.9999713239409991 -9.202160974094163e-06 0.007573058233363813 0.005770934280008078 3.9058597359216924e-06 0.999999755429334 0.0006993754476790149 -0.010157059878110886 -0.0075730628169813664 -0.0006993258130441819 0.9999710794132886 0.4811084270477295
0.9998160007599035 0.0006848963657879632 -0.019170173224061803 -0.02641376480460167 -0.0006492177102493072 0.9999980458216038 0.0018673160787815119 -0.011926963925361633 0.019171414680119576 -0.0018545268780763883 0.999814491587925 0.6066040396690369
0.9999631063991352 0.0002797429567786629 -0.008585312135810198 -0.01286177709698677 -0.0002713552826878063 0.9999994848150262 0.0009781288218926507 -0.01249591913074255 0.008585581337435137 -0.000975763065396726 0.9999626671428978 0.6382282972335815
0.9997514523860795 0.0005113680042579727 -0.02228838160765783 -0.02830277942121029 -0.00047589071001653425 0.9999986115356021 0.0015970143706352429 -0.014738498255610466 0.022289167323084967 -0.0015860106027756372 0.9997503076220638 0.7811686992645264
0.9984271351842722 0.0018552889386365505 -0.056034039928257375 -0.06888546049594879 -0.0015826706238165028 0.9999866973088719 0.004909211646628202 -0.012388607487082481 0.05604240253079696 -0.0048128066914280435 0.9984167897277806 0.7387635707855225
0.998991398673024 0.0017608030374077698 -0.04486741523621525 -0.05681917443871498 -0.0015763021955393093 0.9999901580246898 0.004147182796132749 -0.00902701634913683 0.04487427602428637 -0.004072275336916337 0.9989843421820368 0.5807012915611267
0.9991012781060746 0.0008770120224927527 -0.04237767026065609 -0.052932921797037125 -0.0007465639763357155 0.9999949350329688 0.003093953884306245 -0.013592539355158806 0.04238016905390692 -0.0030595356381939837 0.9990968724366227 0.7371540069580078
0.9967827756001045 0.0027213162102296736 -0.08010426146614076 -0.0981450006365776 -0.002182418697767991 0.9999744013042513 0.006814233987188712 -0.01161403488367796 0.08012075458693295 -0.0066174900293439285 0.9967631983124841 0.7188319563865662
0.9979840184938121 0.0021398825054979214 -0.06342964396719394 -0.0781726986169815 -0.0018186315070280248 0.9999852288128408 0.005121985510712943 -0.01324609573930502 0.06343966748323926 -0.0049963045336500755 0.9979731687428389 0.773461639881134
0.9990831523594198 0.0014737860790125464 -0.04278647714123728 -0.053133439272642136 -0.0013220056582593735 0.9999927341291939 0.0035754705786490916 -0.013444229029119015 0.042791435738986854 -0.0035156284520073927 0.9990778415038458 0.7613548636436462
0.9994253512646759 0.0012591207955366833 -0.03387302561480454 -0.04261498898267746 -0.0011579654171377184 0.9999948122405229 0.0030057624879288396 -0.01274009421467781 0.033876634507749886 -0.0029648114380807036 0.9994216245046755 0.7215510010719299
0.9993247945047219 0.0012529142289850245 -0.036720366202285366 -0.0459192655980587 -0.001136764149898912 0.9999942855616178 0.0031838045443708983 -0.012304943054914474 0.03672414540003129 -0.00313991242617673 0.9993205081927384 0.7044628858566284
0.9991672392425212 0.001359928383811521 -0.04077963485944287 -0.05071559175848961 -0.0012178179430685112 0.9999931002199762 0.0035094774394703807 -0.01308130007237196 0.04078412612691518 -0.0034568927133359203 0.9991620013535505 0.7652926445007324
0.998375107343323 0.001634035914431924 -0.05696029287001889 -0.06992819160223007 -0.0013602034235113826 0.999987333631771 0.0048458665548695755 -0.013741771690547466 0.056967489709962175 -0.004760514956523322 0.9983646841778278 0.7918437719345093
0.9993867176237939 0.0015106350979400217 -0.034984376780786294 -0.04446904733777046 -0.0014048173272067019 0.9999943647277049 0.003049098409560737 -0.01365247368812561 0.03498878570937161 -0.002998081792559659 0.9993832079738726 0.8017464876174927
0.9999053975689083 0.0006404757518907666 -0.013739930981441974 -0.018661370500922203 -0.0006222672969024266 0.9999989226645654 0.0013294559488592364 -0.01341464277356863 0.01374076766322591 -0.0013207802693829972 0.999904718882507 0.7442790269851685
0.9999630658066836 0.00031469280190458005 -0.00858882942772806 -0.012175003066658974 -0.0003073424475931964 0.9999995854510777 0.0008571104320024692 -0.01470856461673975 0.008589095593721466 -0.0008544390634618017 0.9999627479915284 0.7770300507545471
0.9999061257176731 0.0005644008768581286 -0.013690186409345575 -0.01801971159875393 -0.0005459361746909024 0.9999989364099872 0.0013524542828756727 -0.015323548577725887 0.013690935174983203 -0.0013448533542013647 0.9999053703543599 0.8300407528877258
0.9999247069666842 0.0005159874238249811 -0.012260267312297667 -0.016023121774196625 -0.000502646014512549 0.9999992782718817 0.0010912390661740805 -0.01551487110555172 0.012260821529352544 -0.001084994328973331 0.9999242446519293 0.8244756460189819
0.9998926625968839 0.0004293221482908196 -0.014645100457388729 -0.019505823031067848 -0.0004121873193669768 0.9999992270830147 0.001173002551939029 -0.015119720250368118 0.014645592733917384 -0.0011668401201918644 0.999892066724007 0.7989224195480347
0.9997829034213714 0.0007508184733615339 -0.020822639072713728 -0.027057388797402382 -0.0007085882682430638 0.9999976775324284 0.002035394903960265 -0.013406929560005665 0.02082411892490421 -0.002020198348929673 0.9997811134791615 0.742054283618927
0.9997274366331566 0.0010578841407676684 -0.023322378181529158 -0.030669808387756348 -0.001007578902160671 0.9999971409814598 0.0021685971645299305 -0.011634941212832928 0.02332460562696561 -0.002144506948181518 0.9997256442956215 0.7003915905952454
0.9999947057661578 6.567264387885298e-05 -0.0032533254923231506 -0.005322710610926151 -6.452571332962048e-05 0.999999935739077 0.0003526446849447364 -0.01704605482518673 0.0032533484423702625 -0.00035243289481322554 0.9999946457431493 0.8515175580978394
0.9999071146895375 0.0006058656982215647 -0.013615980317238326 -0.018676288425922394 -0.0005861745307266773 0.9999987767677115 0.0014501249945754393 -0.01327444426715374 0.013616842242723911 -0.001442008958392268 0.9999062467139108 0.7313781380653381
0.9999904569021186 0.00018210397012199232 -0.00436496767870775 -0.006497832015156746 -0.00018056045145537766 0.99999992103862 0.0003540066060587877 -0.01747867837548256 0.004365031800052291 -0.0003532150872044398 0.9999904108222673 0.8668370246887207
0.9999981928392214 0.00019892227291585967 -0.0018907004577729232 -0.004324040375649929 -0.00019823392058546197 0.9999999140114996 0.0003642530804415409 -0.015715010464191437 0.0018907727532451036 -0.00036387762121326336 0.9999981462840182 0.7850114107131958
0.9999989637532786 0.0003636531204434521 -0.0013929281306215584 -0.004299317952245474 -0.00036331394761389033 0.9999999042965032 0.00024374158444343693 -0.014028634876012802 0.0013930166347012301 -0.0002432352616491406 0.9999990001701317 0.7344833612442017
0.9999970817694669 0.0002231658631215267 -0.002405545582118699 -0.005241336766630411 -0.0002223940450826425 0.999999923713922 0.00032111219062752367 -0.014792447909712791 0.0024056170598882416 -0.0003205762745354864 0.9999970551143705 0.7596520781517029
0.9989389373412553 0.0016883746106171522 -0.04602335118934529 -0.05791480839252472 -0.0014963201536139768 0.9999900305748126 0.004207110288921312 -0.00996650941669941 0.046029995541184615 -0.004133780613371047 0.9989315048432095 0.6238580942153931
0.9982957073937073 0.0018199650483357772 -0.058329823645543025 -0.07143637537956238 -0.001520102232553564 0.999985403597645 0.005184773944691221 -0.010928050614893436 0.05833840834733066 -0.0050872702776439405 0.9982839024008261 0.6469067335128784
0.9971887136029571 0.0020819447416959374 -0.07490216932086781 -0.09238777309656143 -0.0016359264174748912 0.999980568328411 0.0060155390734863284 -0.00998277310281992 0.07491323786645478 -0.005876093232799973 0.9971727424677649 0.5605928897857666
0.9971919125504772 0.0027524552375636675 -0.07483791508377294 -0.09263082593679428 -0.0022870950327555546 0.9999775189829717 0.0063032313118872195 -0.009879563003778458 0.07485358201336759 -0.006114369863298992 0.9971757897888127 0.6115888953208923
0.9971477901861717 0.00176135142734598 -0.07545317864731695 -0.09208104759454727 -0.0012901845878107354 0.9999793679487134 0.006292781628254833 -0.008340754546225071 0.07546270569336826 -0.006177484766546348 0.9971294894502896 0.4849845767021179
0.9953030875087976 0.0025739344594938765 -0.0967736475330597 -0.11787760257720947 -0.0018140086700575851 0.9999668341493961 0.007939771645267376 -0.010023889131844044 0.0967908744045615 -0.007726930996991358 0.9952747465747175 0.6162439584732056
0.9949121313002126 0.0034080894180524 -0.10068880731335894 -0.12286428362131119 -0.0025646003411605406 0.9999605393511317 0.008505443297287456 -0.009364388883113861 0.10071382137898593 -0.008203942168970486 0.9948816118092291 0.6156859993934631
0.9967935484248789 0.0026984184081774096 -0.0799708719261778 -0.09844335168600082 -0.0021458472405842845 0.9999732337644263 0.00699479051411678 -0.007112507708370686 0.0799876062784654 -0.0068007567822052405 0.9967726584076384 0.4831854999065399
0.9960778921826259 0.001806810342511356 -0.0884622413315633 -0.10827835649251938 -0.0011611828839069964 0.9999723196561912 0.007349256814582737 -0.008218380622565746 0.08847307137953148 -0.007217711396472109 0.996052418441354 0.46850699186325073
0.994858565277519 0.003357894181756572 -0.10121837600268288 -0.12281062453985214 -0.00247966344707471 0.9999581945292967 0.008801162587890817 -0.007268509827554226 0.10124369789347684 -0.00850492447781712 0.994825301194376 0.514536440372467
0.9945963790153991 0.0025745221448879975 -0.10378542616948801 -0.12639275193214417 -0.0016904080841853185 0.9999615412249079 0.008605730161691623 -0.006064920220524073 0.1038035903519993 -0.00838378833418457 0.9945624800499977 0.37204667925834656
0.9954051196316496 0.002473934068138859 -0.095721092039987 -0.11714178323745728 -0.0017545012046144403 0.9999695852398495 0.007599363181633596 -0.009094983339309692 0.09573698102940245 -0.007396502245647176 0.9953791851439862 0.4583750367164612
0.9937368767829756 0.002549136869863933 -0.11171625496245476 -0.13597391545772552 -0.0015628737312334258 0.9999590395182257 0.008914971199511559 -0.007914165034890175 0.1117344044926079 -0.008684537236180198 0.9937001568207967 0.4340593218803406
0.995336285867961 0.002794038845753466 -0.09642547060554488 -0.11819774657487869 -0.002037057026353032 0.9999663394142098 0.007947983216933003 -0.00823419913649559 0.0964444318415727 -0.007714491912866562 0.9953084738819831 0.5167606472969055
0.9963977058772487 0.002270473566470891 -0.08477297135490647 -0.10380112379789352 -0.0016600500551045146 0.9999721917760228 0.007270481997210414 -0.00760596664622426 0.08478712140632197 -0.0071035642068732075 0.9963737669264424 0.4932303726673126
0.9953458646187647 0.002314355276408389 -0.09633926274358924 -0.1168489158153534 -0.0015436139610612973 0.9999662129754799 0.008074042569643024 -0.008302692323923111 0.09635469392957967 -0.00788775425148069 0.9953158073147463 0.5046711564064026
0.9945809368952055 0.0027363590309735313 -0.10392916964889633 -0.12651358544826508 -0.0018618858660864285 0.999962054137576 0.008510209514556727 -0.008889969438314438 0.10394851295558359 -0.008270587900118942 0.9945482914520087 0.5380949378013611
0.995008556758463 0.002524122757962905 -0.09975771038743483 -0.12115255743265152 -0.0017196234456794406 0.9999653120616693 0.008149697455337994 -0.010928045958280563 0.09977482083494643 -0.007937473005384443 0.994978382503682 0.6345576047897339
0.9980346089590336 0.001844247308791984 -0.06263799223995528 -0.07592783868312836 -0.001521561363350497 0.9999853279798487 0.005198911044787515 -0.01388574205338955 0.0626466612917739 -0.005093385602727146 0.998022771910589 0.7769660949707031
0.9978896640304259 0.0013455052096189584 -0.06491847223229094 -0.07954603433609009 -0.0010137657149988178 0.9999862620332483 0.005142764222373747 -0.013835460878908634 0.06492450000053088 -0.005066099140633034 0.9978773190824504 0.736828088760376
0.9956468098674593 0.0028579952903592843 -0.09316255612461201 -0.11386775970458984 -0.002161666453268369 0.9999689773620198 0.0075743984382311705 -0.011096008121967316 0.09318131357142383 -0.0073400392694146265 0.9956221003094635 0.6682407855987549
0.9971831370564729 0.002149748817062791 -0.07497446065318254 -0.09186752885580063 -0.0016958821100481775 0.9999798544382922 0.00611675579382886 -0.011003363877534866 0.07498609973909097 -0.005972377884566374 0.997166693962611 0.6366379857063293
0.9994745003209948 0.0011284622629699906 -0.0323952123163066 -0.04129195213317871 -0.0010494862632638674 0.9999964362829658 0.0024547912235898654 -0.014482819475233555 0.03239786700819593 -0.002419502901268364 0.9994721227823364 0.7971048355102539
0.999962017827315 0.0004157054802467809 -0.00870575049483818 -0.011824584566056728 -0.0004090295259390121 0.9999996209661838 0.0007686106528540108 -0.01791892573237419 0.008706066710724917 -0.0007650205503536195 0.9999618088437108 0.9071111679077148
0.9995338489250285 0.0007680620967903445 -0.030520401926151415 -0.0381527915596962 -0.0006878855021084853 0.999996285469803 0.0026373964685340915 -0.0138657595962286 0.03052231424145853 -0.0026151725013316344 0.9995306644651448 0.7356074452400208
0.9977377135734145 0.0021238109119364828 -0.06719333553638823 -0.08199040591716766 -0.0017291002738476498 0.9999809114107755 0.005931865332070402 -0.01303234975785017 0.06720465107072793 -0.005802261738768619 0.9977223404500757 0.760577917098999
0.9986780446846845 0.0015354776448073745 -0.051379036320058975 -0.06357045471668243 -0.0013185080996346269 0.9999900716205533 0.004256547510862413 -0.01317684818059206 0.05138506204303777 -0.004183176869716116 0.9986701539698231 0.7332251071929932
0.9986424364147515 0.0008481965855043141 -0.052082288296133844 -0.06321810185909271 -0.0006315819798238447 0.9999910835242459 0.004175401322933636 -0.017137473449110985 0.05208536546681826 -0.004136838715387993 0.9986340677493589 0.840114176273346
0.9984285051017662 0.001819448916908002 -0.05601080079673048 -0.06931587308645248 -0.0015718343393536806 0.9999887983982347 0.004464573312650838 -0.015007684007287025 0.05601829644912356 -0.004369517558400217 0.9984201809755474 0.8198617696762085
0.9995942981836782 0.0011421531504545353 -0.02845934863731775 -0.03690134733915329 -0.0010670392283393998 0.999995907817959 0.0026543878052954807 -0.01133692916482687 0.02846226389387671 -0.002622943673932645 0.9995914263840594 0.6365397572517395
0.9993037605243623 0.00044528959986214213 -0.03730678114017068 -0.04661766067147255 -0.00034996702043340016 0.9999966578791732 0.002561591998860294 -0.014071973972022533 0.03730779710667663 -0.002546752374352623 0.9993005765671263 0.6558425426483154
0.9991523889462436 0.0012227411446639462 -0.04114618532873974 -0.0505199171602726 -0.001094984989101228 0.9999945104026785 0.003127326714702433 -0.014938406646251678 0.041149783363797855 -0.0030796215027165965 0.9991482428851647 0.8082627058029175
0.9992546309434048 0.000976890185619691 -0.038590519868548806 -0.04735095053911209 -0.0008613487939571553 0.9999950973264949 0.0030105483269620846 -0.014578860253095627 0.03859327164694344 -0.0029750644596488285 0.9992505733673842 0.7710191607475281
0.9997242221901973 0.0006448231481801574 -0.023474747481346866 -0.029428327456116676 -0.0006095781790128755 0.9999986763837704 0.001508524163343951 -0.015191424638032913 0.02347568914109022 -0.0014937984520316827 0.9997232920091119 0.8047374486923218
0.9978404409477666 0.0013364541325936422 -0.06567090908094851 -0.07912257313728333 -0.0009755434713436549 0.9999842473714023 0.005527506127124609 -0.013192112557590008 0.06567726184991461 -0.00545150432462038 0.9978260261070044 0.7136085033416748
0.996024411776652 0.0025347306626455246 -0.08904463086251811 -0.10945986956357956 -0.0018733111140083786 0.9999700392920967 0.007510740551535987 -0.007596770767122507 0.08906100072671765 -0.007314072643213151 0.9959993185193077 0.49772095680236816
0.9964594067090571 0.0026505945255550787 -0.08403347624426453 -0.10333572328090668 -0.0020275947903917258 0.9999698325755956 0.007498186320811568 -0.005384566728025675 0.08405081582233602 -0.0073012524539784835 0.9964347204268844 0.42605090141296387
0.9999160515005293 0.0006166261439990033 -0.012942554762853341 -0.017027251422405243 -0.0006006604882423928 0.9999990539873587 0.0012374293376087402 -0.01703551411628723 0.012943305550313845 -0.0012295513760096873 0.999915475950265 0.8995774984359741
0.9999974919512066 3.633857134502523e-05 -0.0022393683941762167 -0.003994722850620747 -3.55123558304537e-05 0.9999999312930291 0.00036898890183878155 -0.021674536168575287 0.0022393816488455328 -0.000368908451149362 0.9999974245348763 1.0623235702514648
0.9999918521409995 6.704651453979904e-05 -0.0040362304664364294 -0.005721384193748236 -6.510745276255431e-05 0.9999998824194674 0.00048054351612317414 -0.02017020806670189 0.004036262210622142 -0.0004802768120379289 0.9999917389266527 1.0023338794708252
0.9999774756721773 0.00033386614939377935 -0.006703482803344145 -0.008875230327248573 -0.00033157023594817967 0.9999998859987145 0.00034360404116665045 -0.02112599089741707 0.006703596756896626 -0.0003413736263418066 0.9999774723735373 1.0222694873809814
0.9999845167855546 0.00037393694859864034 -0.005552149162237549 -0.00756341265514493 -0.00037261156180165165 0.9999999018406408 0.0002397484789038384 -0.02405695989727974 0.0055522382680567774 -0.00023767597185602945 0.9999845579609454 1.1311039924621582
0.9999915017396755 0.0002993646284856279 -0.0041117914888925 -0.006087954621762037 -0.0002983099454269512 0.9999999224520434 0.0002571129790970577 -0.022966470569372177 0.004111868140562938 -0.0002558842057893699 0.9999915134958237 1.0948092937469482
0.9999983537912871 0.00019688029353369217 -0.0018037884758405778 -0.0038248817436397076 -0.00019662680965276257 0.9999999707700188 0.00014070486550330267 -0.024030890315771103 0.0018038161251310964 -0.0001403499607004342 0.999998363273298 1.152716875076294
0.9999999970579324 6.283719196781706e-05 -4.39957122209843e-05 -0.002132390160113573 -6.283621543460607e-05 0.9999999977794488 2.219713005851219e-05 -0.024059031158685684 4.3997106928612184e-05 -2.219436546915541e-05 0.9999999987858325 1.1618688106536865
0.9999967584375069 0.00010937181528934798 -0.0025438459631829647 -0.004441802389919758 -0.00010863981077387512 0.9999999526579514 0.0002878914489800959 -0.02183452621102333 0.0025438773299624666 -0.0002876141528178948 0.9999967229777451 1.0615153312683105
0.9999992016431783 4.545416090124556e-05 -0.001262793302520112 -0.0033198907040059566 -4.5206337585886654e-05 0.9999999797156759 0.00019627795273013113 -0.01745547354221344 0.001262802198554848 -0.00019622070976995374 0.9999991834136867 0.8664085268974304
0.9999646030522871 0.00012693440130653562 -0.008412878825953997 -0.011457512155175209 -0.0001196970016546555 0.9999996223701736 0.0008607741506786747 -0.01640382409095764 0.008412984910851502 -0.0008597366855303196 0.9999642406294946 0.8543881773948669
0.9998649185096351 0.0006097765529532091 -0.016424765029554297 -0.02191852033138275 -0.0005870049250249086 0.9999988599853479 0.0013912056722335737 -0.015614140778779984 0.016425594629680768 -0.0013813763281332392 0.9998641365908176 0.8469268083572388
0.999984920321039 0.00032105118404735953 -0.005482340436586632 -0.00742127513512969 -0.0003189907024038803 0.9999998781672231 0.00037671006209742696 -0.022155912593007088 0.005482460711869351 -0.0003749555658039452 0.999984900902442 1.0614343881607056
0.9999892932742073 0.00029579888680432073 -0.004617990901875195 -0.006366464775055647 -0.0002948348224566837 0.9999999346032146 0.00020944210144419693 -0.02745508775115013 0.004618052552613893 -0.00020807831447738637 0.9999893150899344 1.3023600578308105
0.9999959690030441 0.00015209909779755377 -0.002835285440246089 -0.00457138242200017 -0.0001519168289139116 0.9999999863804391 6.450115596766452e-05 -0.029299240559339523 0.0028352952121983755 -6.407016839055318e-05 0.9999959784899505 1.3807811737060547
0.9999977434615045 0.00015558002531665486 -0.0021186945873910706 -0.003955184947699308 -0.0001556906265804859 0.9999999865262521 -5.203772117084679e-05 -0.030772503465414047 0.002118686462814337 5.236746463356936e-05 0.9999977542101387 1.4464335441589355
0.9999994049744994 0.00012028360726231354 -0.001084242823659454 -0.003037054557353258 -0.00012040886941983733 0.9999999860847594 -0.00011546508053313719 -0.03126392140984535 0.001084228920015555 0.00011559556428104327 0.9999994055424803 1.4706170558929443
0.9999997313181256 0.00011626240966259401 -0.0007237725668083753 -0.0027514626272022724 -0.00011634045221347495 0.999999987423508 -0.0001077862826819161 -0.029934462159872055 0.0007237600262129024 0.00010787045774941785 0.9999997322676585 1.410081386566162
0.9999998497254698 0.0001132011674099004 -0.0005364089236063639 -0.00254379166290164 -0.00011325230440953628 0.999999989045655 -9.530270376561689e-05 -0.02840854600071907 0.000536398129353032 9.536343899075213e-05 0.9999998515914196 1.351564645767212
0.9999998920585557 0.00011071366383513578 -0.0004512486691467836 -0.002499462105333805 -0.00011075483389798367 0.9999999897068781 -9.121189759566912e-05 -0.028142251074314117 0.000451238566098658 9.126186572152319e-05 0.9999998940275084 1.335569143295288
0.9999997465657102 0.00011508303884585596 -0.0007025840943385971 -0.0026377239264547825 -0.00011513409326414768 0.9999999907347575 -7.262661658294996e-05 -0.027599619701504707 0.0007025757297372476 7.270748955951845e-05 0.9999997505504513 1.3232901096343994
0.9999993143920018 0.00011943269918551868 -0.0011648825506595628 -0.0030547212809324265 -0.00011955783662876341 0.9999999870903172 -0.00010735590056110909 -0.03077058121562004 0.0011648697138163207 0.00010749509779472846 0.999999315761443 1.4568617343902588
0.9999999628130656 0.000109876453506063 -0.0002496017472645071 -0.0023024328984320164 -0.00010989846833440858 0.999999990072618 -8.818781352777944e-05 -0.027263905853033066 0.00024959205502242236 8.821524109806298e-05 0.9999999649609379 1.3017311096191406
0.999999812906338 0.00011237248517474569 -0.000601298356720236 -0.0025586048141121864 -0.00011242590048452758 0.9999999897374685 -8.880022411148839e-05 -0.028064653277397156 0.0006012883718475253 8.886780900674339e-05 0.9999998152773862 1.3426299095153809
0.9999999505812417 0.0001120819309561655 -0.0002937263266755106 -0.002386008854955435 -0.00011211095933681396 0.9999999888335241 -9.881338235064243e-05 -0.028222333639860153 0.00029371524820092444 9.884630740767383e-05 0.9999999519803792 1.33624267578125
0.9999998718699392 0.00010388862106782022 -0.0004954465253617237 -0.0025644467677921057 -0.00010390603109694811 0.9999999939852554 -3.5114466677570776e-05 -0.026421615853905678 0.0004954428743882167 3.516594206042314e-05 0.9999998766498498 1.253772497177124
0.9999992463540982 0.00012039981782218772 -0.0012217999506303307 -0.003031509928405285 -0.00012048106486894865 0.9999999905360528 -6.642444707564403e-05 -0.0285768061876297 0.0012217919415759536 6.657160077424048e-05 0.9999992513960565 1.3723143339157104
0.9999997160063985 0.00011773440789872938 -0.0007443962193701563 -0.0027795815840363503 -0.00011781874457385812 0.9999999866462989 -0.00011325257350254735 -0.030347783118486404 0.0007443828757050273 0.00011334024516757286 0.9999997165240213 1.4263931512832642
0.9999998448131701 3.4569974030956315e-05 0.0005560382656084447 -0.0015584740322083235 -3.4532742434651274e-05 0.999999997161378 -6.69681557977602e-05 -0.030645038932561874 -0.000556040579117469 6.694894387897433e-05 0.9999998431683444 1.3967854976654053
0.9999993492801013 0.00011472926812402352 -0.0011350227174134085 -0.002908425871282816 -0.00011482232061996294 0.9999999900526286 -8.191811370711344e-05 -0.02863367646932602 0.001135013307717684 8.204838634373655e-05 0.9999993525062172 1.3825863599777222
0.9993030744736361 0.0012528081885043686 -0.037306779801820074 -0.044442467391490936 -0.0012020894603121976 0.9999983226595254 0.001381904144769928 -0.04369894787669182 0.037308448486476624 -0.0013360949736984937 0.999302904289662 2.349163055419922
0.9980119027642462 0.0034199752245472584 -0.0629328666942151 -0.07584228366613388 -0.0031666997740841065 0.9999864828961523 0.004123837717916319 -0.050770070403814316 0.06294611944694592 -0.0039163496328055965 0.9980092425684866 2.4157958030700684
0.9999995317695073 0.00012105553415247507 -0.0009601074541710018 -0.0030148886144161224 -0.00012117690116001784 0.9999999846755827 -0.00012635265292562525 -0.031961292028427124 0.0009600921437700231 0.00012646893660953743 0.9999995311142318 1.4882171154022217
0.9999996491184212 0.00011455704789176523 -0.0008298431883193626 -0.0027403831481933594 -0.00011463384544493883 0.9999999891516298 -9.249768402826156e-05 -0.02884502336382866 0.0008298325830552975 9.259277968832149e-05 0.9999996514021698 1.378145456314087
0.9999999644976154 0.0002612797166689657 -5.2322823139196654e-05 -0.0019509816775098443 -0.00026128719491988266 0.999999955644372 -0.0001429694228177571 -0.020579805597662926 5.2285465808098824e-05 0.00014298308902569 0.9999999884110332 0.9730174541473389
0.999999321234925 0.00012246891733842737 -0.001158676423271489 -0.0030520521104335785 -0.0001225602488981302 0.9999999893884464 -7.875336706528028e-05 -0.029487431049346924 0.0011586667661365306 7.889532128107371e-05 0.9999993256331994 1.4005818367004395
0.9999991910599211 0.00012117583750974022 -0.001266173732067947 -0.003156578168272972 -0.00012131942285216051 0.9999999862195447 -0.00011332478987748726 -0.03147035464644432 0.0012661599823931724 0.00011347830967092786 0.9999991919804596 1.4847135543823242
0.9999996892333064 0.00011693967730766278 -0.0007796527449389917 -0.0027779913507401943 -0.00011702357910453667 0.9999999873671352 -0.00010756956564403478 -0.029966454952955246 0.0007796401559394495 0.00010766076996966796 0.999999690285145 1.4146318435668945
0.999999992860463 0.00010827903181302114 -5.054428877758366e-05 -0.002151450142264366 -0.00010828342012780493 0.9999999903679283 -8.682651883818468e-05 -0.026721004396677017 5.053488679934195e-05 8.683199132674031e-05 0.9999999949532152 1.2755887508392334
0.9999999105636245 0.00010927833223535184 -0.00040857188956908353 -0.0023707104846835136 -0.00010931055457392822 0.9999999909173912 -7.884427585774494e-05 -0.026838380843400955 0.0004085632698872129 7.888893002603079e-05 0.9999999134262917 1.2932887077331543
0.9999996087065562 0.00011629374727173302 -0.0008769620849291842 -0.002812755759805441 -0.00011638177299273648 0.9999999881950502 -0.00010032538000504689 -0.029584161937236786 0.0008769504073623038 0.00010042740315067495 0.9999996104360838 1.4052584171295166
0.9999996803308312 0.00011760533970194336 -0.0007908901440323035 -0.0028024669736623764 -0.00011769320050639838 0.9999999869086137 -0.00011104541110679293 -0.03026670590043068 0.0007908770741451594 0.00011113845800129876 0.9999996810807977 1.4253768920898438
0.9999998826605381 0.00011136051605021189 -0.0004714634084181895 -0.0024604927748441696 -0.00011140207098446597 0.999999989912665 -8.811497347216821e-05 -0.027721330523490906 0.0004714535911334625 8.816748513289581e-05 0.9999998849789964 1.3259867429733276
0.9999999888239604 0.00011023834004347546 -0.00010099300740928034 -0.002231820486485958 -0.00011024801394644264 0.9999999893350852 -9.578729024596815e-05 -0.02756040170788765 0.00010098244690032453 9.579842345393496e-05 0.9999999903126038 1.3062520027160645
0.9999997892223423 9.895057821590871e-05 0.0006416884398764886 -0.0016162587562575936 -9.890237894090846e-05 0.9999999922858116 -7.514450174277929e-05 -0.024117132648825645 -0.0006416958705182804 7.508102139075457e-05 0.9999997912946031 1.1576552391052246
0.9999997336157427 9.870970442999648e-05 0.0007232045618703703 -0.0014746333472430706 -9.866466479262735e-05 0.9999999931911697 -6.231327947988085e-05 -0.023079529404640198 -0.0007232107078715926 6.224190814493072e-05 0.9999997365460739 1.121279239654541
0.9999996236777846 8.523233984597554e-05 0.0008633537727079037 -0.0013972923625260592 -8.518848761930377e-05 0.99999999507964 -5.082952898987279e-05 -0.02112308144569397 -0.0008633581007795817 5.0755962059414444e-05 0.9999996260182409 1.0399303436279297
0.9999996935196286 8.395847418569602e-05 0.0007784032525452208 -0.0014117405517026782 -8.391139127391248e-05 0.999999994648165 -6.0518991270880516e-05 -0.019067589193582535 -0.0007784083294615014 6.0453655823104386e-05 0.9999996952128677 0.931593656539917
0.9999995842037536 0.00013451600158188466 0.0009019411093220518 -0.0011462520342320204 -0.00013441145415511808 0.9999999842418631 -0.00011597341970777824 -0.018772076815366745 -0.0009019566953898493 0.00011585214027039942 0.9999995865261149 0.9511349201202393
0.9999999933191386 0.00011006537069382549 -3.531766074777679e-05 -0.0020752428099513054 -0.00011006740578181465 0.9999999922822271 -5.7625620171770395e-05 -0.024141626432538033 3.531131788995744e-05 5.7629507110078396e-05 0.9999999977159755 1.174562692642212
0.9999998438652958 0.00010615690564719892 -0.0005486347557634965 -0.002529434859752655 -0.000106196138030984 0.9999999918064609 -7.148047452564957e-05 -0.02704796940088272 0.0005486271631222464 7.153872625731849e-05 0.9999998469452115 1.295762300491333
0.9999998590214803 0.00011085707087188719 -0.0005192954162819046 -0.0025916704908013344 -0.00011086880909596564 0.9999999935992291 -2.2575403442825425e-05 -0.025984756648540497 0.0005192929103149142 2.2632973924550636e-05 0.9999998649113018 1.2340760231018066
0.9999998796857675 0.00012752210844479427 -0.000473673476120186 -0.0024917053524404764 -0.00012753460491871763 0.99999999152025 -2.6351931615666815e-05 -0.024560969322919846 0.0004736701116496722 2.6412338204791857e-05 0.9999998874695004 1.1856096982955933
0.9999999163920478 0.00010474807490466836 0.0003952767863953133 -0.0018152245320379734 -0.0001047150099958482 0.9999999910170668 -8.366978284851818e-05 -0.025517407804727554 -0.0003952855470932495 8.362838444042046e-05 0.9999999183778113 1.2173062562942505
0.9999997128613114 7.8913260878166e-05 0.0007536909126111468 -0.0015520453453063965 -7.887803730868948e-05 0.999999995795674 -4.6764377871476075e-05 -0.021729078143835068 -0.0007536945997719353 4.670491478368978e-05 0.9999997148815098 1.058627724647522
0.9999999222147676 0.00011640687456194586 -0.00037685527498289935 -0.002308000810444355 -0.00011642070674367072 0.9999999925503067 -3.668249863100795e-05 -0.024716798216104507 0.0003768510020804263 3.672636953510486e-05 0.9999999283172455 1.2067941427230835
0.9999999473547188 0.00011299849631594978 -0.0003041741274012488 -0.002415470778942108 -0.00011302997967980111 0.9999999882571036 -0.00010348921045597528 -0.02861926332116127 0.000304162429704197 0.00010352358580319597 0.9999999483840406 1.3503122329711914
0.9999999266635197 0.00011025395667418413 -0.0003667656210612293 -0.00237344391644001 -0.00011028541552371452 0.9999999902416384 -8.575459551843654e-05 -0.027306508272886276 0.00036675616269873874 8.579503812841487e-05 0.999999929064562 1.3077857494354248
0.9999999282122741 0.00011123853035099184 -0.00036221738823989663 -0.0023603616282343864 -0.00011126821033765164 0.9999999904542016 -8.192058634402675e-05 -0.026702601462602615 0.00036220827205661203 8.196088374367677e-05 0.9999999310437884 1.283613920211792
0.9999993644771207 0.0001181934440008175 -0.0011211938568947543 -0.002996067050844431 -0.00011830780840854622 0.9999999878060987 -0.00010193657496964809 -0.030232399702072144 0.0011211817949881614 0.0001020691561746328 0.9999993662664343 1.436824083328247
0.9999995316691228 0.00011968457781594041 -0.000960383848699536 -0.0029504597187042236 -0.00011979630808056367 0.9999999860636131 -0.0001162824931250405 -0.031057246029376984 0.000960369918094158 0.00011639748910577291 0.999999532070513 1.4589064121246338
0.9999997921881016 0.0001139902571638889 -0.0006345313032049705 -0.00262109050527215 -0.00011405171479600221 0.9999999888090643 -9.6819819853322e-05 -0.028782475739717484 0.0006345202595878078 9.689216911623372e-05 0.9999997939979526 1.3685197830200195
0.9999986313559022 0.00012264336128455842 -0.0016499227037130133 -0.003402545116841793 -0.00012282018270444046 0.9999999867257562 -0.00010706862228408116 -0.0317838229238987 0.0016499095505558123 0.00010727111955316146 0.9999986331447567 1.5101451873779297
0.999999727119471 0.00011757291800671404 -0.0007293405191352089 -0.0027704224921762943 -0.00011765555905883685 0.9999999866638314 -0.00011326741352836792 -0.030327923595905304 0.0007293271922282769 0.00011335319358641928 0.9999997276164132 1.4250164031982422
0.9999997822140095 0.0001130876733713432 -0.0006502177414891522 -0.0026054754853248596 -0.00011314689721544773 0.9999999894541087 -9.104703106097404e-05 -0.028356313705444336 0.0006502074383351166 9.112058135217015e-05 0.99999978446364 1.354435920715332
