0.9999806733980245 0.0003705191605573825 -0.006206089427722143 -0.010283594019711018 -0.00036602525462344 0.9999996700316186 0.0007252324915975114 -0.011667332611978054 0.006206356092442856 -0.0007229468898548088 0.9999804790553904 0.621692955493927
0.9999743258559227 0.00037175096659333354 -0.00715607645376013 -0.011309795081615448 -0.00036511965020543123 0.9999995027949136 0.0009279534293469441 -0.011100678704679012 0.00715641786330683 -0.0009253167808052616 0.9999739643971843 0.5926288962364197
0.9999681366627349 0.0004212591025821008 -0.007971712490222391 -0.01237101573497057 -0.0004139781828464518 0.9999994957235299 0.0009149725407185012 -0.011263471096754074 0.007972093910786746 -0.0009116432715889713 0.9999678067944103 0.601172924041748
0.9999631936333183 0.00044512351744822745 -0.008568152876135436 -0.013083226047456264 -0.0004367879899200089 0.9999994295911494 0.0009746966849768115 -0.011360800825059414 0.008568581849202063 -0.0009709183436611263 0.9999628176700689 0.6004093289375305
0.9998778855802963 0.000645902490557395 -0.015613991720522486 -0.021463928744196892 -0.0006231712436182132 0.9999987390831258 0.001460647034585437 -0.010300131514668465 0.015614915468134316 -0.0014507384778820944 0.9998770273252565 0.5420030355453491
0.9997306684862691 0.0009493247640721269 -0.023188127791829702 -0.030541200190782547 -0.0008975848518014731 0.9999970847439333 0.0022416166194766476 -0.006679866462945938 0.023190188214667902 -0.002220199569231736 0.9997286061149002 0.37000980973243713
0.9998993729891671 0.0006432858847234478 -0.014171452965058265 -0.019980719313025475 -0.000623233229155006 0.9999987984776861 0.0014193743430962254 -0.009491272270679474 0.014172349001221362 -0.0014103993953055954 0.9998985725048981 0.5254805088043213
0.9998234261980603 0.000710550952160348 -0.018777953640268446 -0.025048259645700455 -0.0006757118934004913 0.9999980389334794 0.001861596796428507 -0.009873762726783752 0.018779239574828476 -0.0018485796005960307 0.9998219456055419 0.5003989934921265
0.9997512884825068 0.0008800349442535249 -0.02228422572279697 -0.030281445011496544 -0.0008334845758439818 0.9999974515529853 0.0020981398897315403 -0.005458482075482607 0.022286015369049342 -0.0020790444997510747 0.9997494741648724 0.3329255282878876
0.9998823957157256 0.0007587505738202204 -0.015317278979893814 -0.022243143990635872 -0.0007323661233546456 0.9999982387152101 0.0017280643329822772 -0.00684274360537529 0.015318563171607574 -0.00171664324898637 0.9998811903212868 0.44862642884254456
0.9999088332365628 0.0006431991691080293 -0.01348745751891339 -0.01910853572189808 -0.0006232070277209171 0.9999987010729698 0.0014864270495666837 -0.009397538378834724 0.01348839606833347 -0.001477886058511615 0.999907935274194 0.5029265284538269
0.9999895290972964 0.00035004066190277307 -0.004562802571062911 -0.008274532854557037 -0.00034700482057742246 0.9999997179355689 0.0006661204375398514 -0.012537396512925625 0.004563034453297462 -0.0006645301481700591 0.9999893685016158 0.6696332693099976
0.9998950876678591 0.0006201309783846042 -0.014471665255038612 -0.020211918279528618 -0.0005988746275968392 0.9999987356430557 0.0014731128504561636 -0.010325739160180092 0.014472560480601375 -0.0014642915896111981 0.9998941948242703 0.5506942868232727
0.999911284194385 0.0006659188260598148 -0.013303394035083344 -0.019885124638676643 -0.0006469310531755638 0.9999987660855814 0.0014315402638414346 -0.0067085460759699345 0.013304330909445583 -0.001422806884879732 0.9999104811930016 0.4485005736351013
0.9999726203632229 0.00039327285082460593 -0.007389442494176846 -0.011773746460676193 -0.0003871742837445859 0.9999995833145234 0.0008267205415032705 -0.011689948849380016 0.00738976454184767 -0.0008238369040901732 0.9999723559542892 0.6277064681053162
0.9999439455422973 0.0005093877296316469 -0.010575740987928338 -0.015506074763834476 -0.000498448457650655 0.9999993381063533 0.0010369840837625005 -0.0110519053414464 0.010576262214880663 -0.0010316544943980933 0.999943537589281 0.5900497436523438
0.9999978305233985 0.0002300456371703837 -0.002070272325373537 -0.005361258052289486 -0.00022924119444243726 0.9999998981424982 0.00038879746379972304 -0.013343103229999542 0.0020703615556610603 -0.0003883220286120328 0.9999977814020544 0.7140206694602966
0.9998638089539309 0.0008967646542904788 -0.016479058143361616 -0.021088680252432823 -0.0008649268448048903 0.9999977460065781 0.0019390418552892932 -0.0078422287479043 0.016480759863871975 -0.001924524595385355 0.9998623309033056 0.41010594367980957
0.9999484092853415 0.0006656447986148182 -0.010135861320936326 -0.01919829100370407 -0.0006530194475124841 0.9999990069433445 0.0012488706601749833 0.006746033206582069 0.010136682559710869 -0.0012421873154852478 0.9999478509589171 0.016790270805358887
0.9998849633117163 0.0007510585157064108 -0.01514912717727407 -0.02100265771150589 -0.0007273420102421251 0.9999985014887987 0.0015709849638398331 -0.006196361500769854 0.015150284377772447 -0.0015597856463177178 0.9998840112493096 0.39186936616897583
0.9999045484034051 0.0009506063213823605 -0.013783701600226923 -0.018994668498635292 -0.0009274032920642407 0.99999814248237 0.0016896611919290318 0.0013351906090974808 0.013785282199368237 -0.0016767168608296764 0.99990357265851 0.14148187637329102
0.9999075347421346 0.000838957778018359 -0.013572697438372187 -0.022274823859333992 -0.0008153242525427762 0.999998142150615 0.0017466945014645186 0.010758401826024055 0.013574137625282427 -0.0017354668435130987 0.9999063610871595 -0.21935033798217773
0.9997956215794415 0.0009343663846874684 -0.02019509915889204 -0.026972508057951927 -0.0008961764906216072 0.9999977934029045 0.0019000150051014014 0.0008270135149359703 0.02019682990659606 -0.0018815283099436499 0.9997942527905144 0.1400306224822998
0.9999283673170893 0.0006540642140471868 -0.011951252427415392 -0.021217182278633118 -0.0006381862523533319 0.9999989088124248 0.0013323258861169668 0.009068535640835762 0.011952110813040795 -0.0013246033230416522 0.9999276936224686 -0.10300356149673462
0.999948684969509 0.0006010086029118624 -0.010112676026108587 -0.014223529025912285 -0.0005892385626852114 0.9999991456536474 0.0011668289898232355 -0.006699207704514265 0.010113368660641721 -0.0011608103352715193 0.9999481848044425 0.4199844002723694
0.9999906153658409 0.00022335868601395408 -0.004326579612619794 -0.00629303976893425 -0.00022166719699535665 0.9999998988236759 0.00039142852718941537 -0.022401295602321625 0.004326666603833873 -0.00039046579300058154 0.9999905637017601 1.1374708414077759
0.9998887520527203 -0.0005540188365933527 -0.014905588937797958 -0.015374217182397842 0.0005691061657992544 0.9999993300569666 0.0010079701336814081 -0.03128748759627342 0.014905020517461703 -0.0010163408616424869 0.9998883974797524 1.4915966987609863
0.9997565745485995 0.0010799786944599575 -0.02203690751602656 -0.02896764688193798 -0.0010266016526035457 0.9999965124790485 0.0024333349105260475 0.004919867962598801 0.022039458611709747 -0.0024101194492028195 0.999754196584512 -0.10232484340667725
0.9997139253808538 0.0013936696381413218 -0.02387729223644089 -0.03197358548641205 -0.001321562978609128 0.9999945198997902 0.0030353981092582985 0.011796938255429268 0.023881391728671236 -0.0030029744134511243 0.9997102886705598 -0.38464051485061646
0.9998260433921017 0.000825941567357178 -0.018633324325589253 -0.02812339924275875 -0.0007928062932082467 0.9999980915485864 0.0017855972016423492 0.005608014762401581 0.018634763563746496 -0.0017705139684213611 0.9998247900843482 -0.02349001169204712
0.9999847820490828 0.0003327936617746047 -0.005506806572516788 -0.011371364817023277 -0.000328877157315963 0.9999996923753676 0.0007121018085368275 0.0014436300843954086 0.00550704186145586 -0.0007102799089149989 0.9999845838773652 0.0655587911605835
0.9999018919131542 0.00031144925475458146 -0.014003911876928215 -0.02031533047556877 -0.000296696633968659 0.9999993989141243 0.0010555294868471506 -0.009423906914889812 0.01400423220324663 -0.0010512710173523083 0.9999013832921954 0.5616830587387085
0.9999596362044868 0.00036404660230418887 -0.008977384466652192 -0.013691699132323265 -0.00035579615672928105 0.9999995129471824 0.000920605503640751 -0.011986208148300648 0.008977715237497455 -0.0009173742256177375 0.9999592786977103 0.6325913071632385
0.9999998281035022 0.00013883001728936373 0.0005696658603182321 -0.001861122902482748 -0.00013888968372780604 0.9999999848736636 0.00010470113787110642 -0.015150677412748337 -0.0005696513160404938 -0.00010478024058451762 0.9999998322592256 0.7947781085968018
0.9999995814280659 -7.70911265749501e-06 0.0009149230912016021 -0.001157943857833743 7.636943629020225e-06 0.999999996859547 7.88833526762972e-05 -0.015119338408112526 -0.0009149236964489817 -7.887633244186728e-05 0.9999995783464881 0.7886397242546082
0.9999984416754066 0.00016097030591587878 0.001758048724842178 -0.0007474069716408849 -0.00016134080957823097 0.9999999648068522 0.00021060730616877504 -0.012403670698404312 -0.0017580147614484074 -0.0002108906229787743 0.9999984324533931 0.6763367652893066
0.9999992515969781 0.00010055447675596476 0.0012193007343937726 -0.001256690127775073 -0.00010077230537967767 0.9999999789752182 0.00017859032920146354 -0.013176371343433857 -0.0012192827507011342 -0.00017871306728987747 0.9999992407053185 0.7063143849372864
0.9999838871318023 0.00021126258317094872 0.0056728163103810505 0.006671658717095852 -0.00021298252823801191 0.999999931539383 0.00030258828717631865 -0.011323940940201283 -0.0056727519964333605 -0.0003037916223711441 0.9999838636675278 0.5762752890586853
0.9999369483164534 -0.0001281133152569723 0.011228667710677976 0.010131618939340115 0.00012598974070323496 0.999999974045965 0.00018982796079305248 -0.00890466570854187 -0.011228691738738125 -0.00018840129488722915 0.9999369385050182 0.456605464220047
0.9999573809387412 0.0006017350100166821 -0.009212720613974292 -0.013764303177595139 -0.0005882931700408377 0.9999987586821764 0.0014616925985660935 -0.009014260955154896 0.00921358872967043 -0.001456210521984998 0.9999564936704178 0.4526298940181732
0.9999812423150025 0.00022509100733596134 0.0061208130327840855 0.005301384720951319 -0.0002274417954996401 0.9999999006483206 0.00038337133199864887 -0.008600433357059956 -0.0061207261312317286 -0.0003847562695460602 0.9999811941602897 0.5180355310440063
0.999955459018868 0.0006659348728108204 -0.009414696442811094 -0.013132249936461449 -0.000649806688916409 0.9999983164757309 0.0017160410749831835 -0.0050450838170945644 0.009415823364536152 -0.0017098469081073845 0.9999542082985194 0.3209788203239441
0.9999998341192406 0.0001067384744330321 0.0005660109445619427 -0.001997514860704541 -0.0001068624343859789 0.9999999703139663 0.00021898056275733224 -0.01290738396346569 -0.0005659875541081234 -0.00021904101174009518 0.999999815839545 0.6754297614097595
0.9999998716265281 0.0003186114709232896 0.00039399702793699174 -0.0025001319590955973 -0.00031871334065946394 0.9999999157949071 0.0002585188296419887 -0.013379574753344059 -0.0003939146276958618 -0.0002586443685640127 0.9999998889671723 0.708208441734314
0.9999997022026282 1.0467845973573525e-05 0.0007716767972447455 -0.0014634730760008097 -1.0567679216471819e-05 0.9999999915761393 0.00012936787059986097 -0.014745514839887619 -0.0007716754365413041 -0.00012937598690730118 0.9999996938893907 0.7743373513221741
0.9999990875432163 0.00012134673952803824 0.001345432162329529 -0.0009451656369492412 -0.00012154504470152598 0.9999999817631875 0.00014731064665628795 -0.01330933254212141 -0.0013454142621264658 -0.0001474740428540023 0.9999990840555154 0.714972972869873
0.9999995469009507 3.813612496904333e-06 0.0009519366309518051 -0.0012558482121676207 -3.893139414376739e-06 0.9999999965029224 8.354039990206428e-05 -0.01507225725799799 -0.0009519363090320959 -8.354406807200647e-05 0.9999995434187218 0.7875450253486633
0.9999999928667084 8.156053102822863e-05 8.726088946399455e-05 -0.0024943372700363398 -8.158079681133847e-05 0.9999999696987124 0.00023226525289661454 -0.013826022855937481 -8.724194314251159e-05 -0.0002322723700526917 0.9999999692191942 0.7277021408081055
0.9999998656070236 0.0002847034937770357 -0.0004332780346615299 -0.003384433453902602 -0.00028448992797187845 0.9999998380629926 0.0004928889015584267 -0.01179526373744011 0.00043341829169009924 -0.0004927655720807475 0.9999997846653145 0.6417907476425171
0.9999938060861742 0.00033944155163941346 -0.0035032226192952985 -0.007020471151918173 -0.0003369390948396352 0.9999996876982524 0.0007148954078774107 -0.011391006410121918 0.003503464190439262 -0.0007137106072184926 0.9999936081574899 0.6077051758766174
0.9999988590747616 0.0003234495881522517 -0.0014755438113326273 -0.004633822478353977 -0.00032269855223583416 0.9999998182910348 0.0005091989216990039 -0.01158096268773079 0.0014757082433945995 -0.0005087221848894251 0.9999987817427175 0.6282051205635071
0.9999985252891261 0.0002901627051752734 0.0016926976036238538 -0.0011315306182950735 -0.00029114587035010636 0.9999997890630776 0.0005806099227505504 -0.01056856382638216 -0.001692528775225594 -0.0005811018884358304 0.9999983988321882 0.5653490424156189
0.9999847538349463 0.0003195627817251621 0.0055127105211829714 0.00479725981131196 -0.00032192166261241765 0.9999998570116535 0.0004270165286498044 -0.009885715320706367 -0.005512573274339871 -0.0004287846792218081 0.9999847137229618 0.5067451000213623
0.9999748495847061 0.00035708001020122427 -0.007083268448321109 -0.011280803009867668 -0.00035068629017913605 0.9999995300166348 0.0009038725770412982 -0.0106569929048419 0.007083587874131796 -0.0009013658391361281 0.9999745048362252 0.5479945540428162
0.9999991097665065 0.0002248846978297102 -0.001315253993464519 -0.005810848902910948 -0.00022400715807583928 0.9999997522583798 0.0006673110012268389 -0.006117156706750393 0.0013154037356542328 -0.0006670157808550112 0.9999989124008888 0.4007244110107422
0.999999808965281 0.00021521270484385437 0.0005794418805606191 -0.0018772340845316648 -0.00021523499671306142 0.9999999760993146 3.84091939635525e-05 -0.014674968086183071 -0.0005794336005650373 -3.8533902797320806e-05 0.9999998313859061 0.7782633304595947
0.9999988592985183 -0.00011285519275622849 0.0015062089390494061 -0.0005951117491349578 0.00011265162184752065 0.9999999845100599 0.00013523864928606652 -0.01617945171892643 -0.0015062241781021528 -0.0001350688181393137 0.9999988565219162 0.8151223063468933
0.9999969152884649 6.841302858117682e-05 0.0024828880788676714 -0.0008649749797768891 -6.916534823573312e-05 0.9999999517286492 0.00030291723908113335 -0.011134854517877102 -0.002482867235529575 -0.00030308803448743707 0.999996871749074 0.6049785017967224
0.9999795314880487 -0.00017776706034925278 -0.006395701979839188 -0.008255518972873688 0.00018405867930137803 0.9999994997681823 0.000983150948779214 -0.018251296132802963 0.006395524008651516 -0.0009843080096018832 0.9999790639860402 0.9918298721313477
0.9999654449333721 -0.0001509835606065123 -0.008311807454929241 -0.009948460385203362 0.0001528772014356773 0.9999999625065152 0.00022719051402754237 -0.034816619008779526 0.008311772841257871 -0.00022845334930677468 0.999965430523127 1.6061359643936157
0.9999971658315395 -6.876203045094942e-05 -0.0023798320678647474 -0.004002810921519995 6.928093528609202e-05 0.999999973846604 0.00021796087491455024 -0.017618460580706596 0.0023798170181917396 -0.0002181251341681985 0.9999971444421156 0.872862696647644
0.9999926560651828 0.00031675294729291024 -0.003819356394900082 -0.006554549094289541 -0.0003158068197110299 0.999999919301696 0.00024831966098263965 -0.017053520306944847 0.003819434742668986 -0.00024711165854281923 0.9999926754002124 0.8775575757026672
0.999993645191614 5.707512436390257e-05 0.00356459237762252 0.003037049900740385 -5.748268671484433e-05 0.9999999918231708 0.00011423396647874472 -0.0125948591157794 -0.0035645858285576135 -0.00011443814289068556 0.9999936402956683 0.6640886664390564
0.9999953790265627 3.431841013326622e-05 -0.0030398598270839996 -0.005411768332123756 -3.315186227618926e-05 0.9999999257992161 0.00038380009963096467 -0.020258788019418716 0.0030398727729332455 -0.0003836975490865726 0.9999953059638408 1.0248610973358154
0.9999977518524925 -0.0002819930497912529 0.0021016112581703538 0.0002719124313443899 0.00028166297251290437 0.9999999479529265 0.00015735346870619503 -0.019610369578003883 -0.0021016555213721737 -0.00015676116887834374 0.9999977792325367 0.9233663082122803
0.9999952971045711 0.0002403843748271616 -0.003057447316426911 -0.006609510630369186 -0.00023867272477233817 0.9999998146155298 0.0005601823243062058 -0.012233015149831772 0.0030575814087014782 -0.000559449960545454 0.9999951690941665 0.6616474390029907
0.9999996527196856 1.2361267265980134e-05 0.0008333112906165923 -0.0013943088706582785 -1.245413114504458e-05 0.9999999937136227 0.0001114345056200384 -0.014650761149823666 -0.0008333099079063767 -0.00011144484508912624 0.9999996465872594 0.7589860558509827
0.9999999675152557 0.00018645175982415704 -0.0001737965151272145 -0.002566927345469594 -0.0001864386072126937 0.9999999797557322 7.569135252687517e-05 -0.01917017437517643 0.00017381062439471341 -7.56589476878422e-05 0.9999999820327949 0.9831711649894714
0.9999999832105348 -0.0001804361339389571 3.196454130748383e-05 -0.0019835184793919325 0.00018043578657981902 0.9999999836623897 1.086956511742577e-05 -0.02105637639760971 -3.1966502047567e-05 -1.0863797387778105e-05 0.9999999994300605 1.0306642055511475
0.9999999139693834 4.1496489441578436e-05 -0.00041272177949249665 -0.002542107366025448 -4.1360152858018544e-05 0.9999999445829462 0.0003303383755366926 -0.014545400626957417 0.0004127354645035842 -0.0003303212768815908 0.9999998602686354 0.8009377121925354
0.9997183208194276 -1.1541165479144178e-05 -0.023733497104003253 -0.021655848249793053 4.708911937713069e-05 0.9999988780292905 0.0014972383828037832 -0.04904836416244507 0.023733453195838732 -0.0014979342314013606 0.9997171997082172 2.392106771469116
0.9997481789677197 -0.0001639344730993852 -0.022439959363084277 -0.02121409960091114 0.00019164730079797168 0.999999221698286 0.0012328317542971167 -0.05075538158416748 0.02243973979440138 -0.0012368218589740728 0.9997474322795977 2.388230085372925
0.9999336022389669 -0.0003494960895940314 -0.011518201504017538 -0.012051397934556007 0.0003514103650207494 0.9999999247791139 0.0001641722324464223 -0.03484654799103737 0.011518143260054955 -0.00016820894717267337 0.9999336498396236 1.5298430919647217
0.9999921563688526 0.0005459135042384263 -0.003922904436515545 -0.007642272859811783 -0.0005427104317671911 0.9999995185602616 0.0008175234750494472 -0.0011228704825043678 0.00392334884497852 -0.0008153880615363318 0.999991971205844 0.258783757686615
0.9999935520241278 0.00019540465706226933 -0.0035857673081150713 -0.0070420484989881516 -0.00019435859425095638 0.9999999384591951 0.0002920724953649974 -0.015297059901058674 0.0035858241597698597 -0.0002913736873952781 0.9999935284622943 0.8113527297973633
0.9999998565456943 1.5501754130861673e-05 -0.0005354141262979402 -0.0027878177352249622 -1.5336161322308983e-05 0.9999999520545413 0.00030928258560776174 -0.015531016513705254 0.0005354188950498633 -0.00030927433004242796 0.9999998088379797 0.8171994686126709
0.9999720057728982 0.0007899939010434309 -0.007440670679650623 -0.011081475764513016 -0.0007804362112181772 0.9999988668421826 0.001287335881188873 0.0001473166048526764 0.007441679235691208 -0.00128149287438171 0.9999714891866498 0.19106480479240417
0.9999427648048856 0.0004907843544599545 -0.010687667897076722 -0.01737983338534832 -0.0004798455360079658 0.9999993584955661 0.001026039335253563 -0.009095756337046623 0.010688164604943184 -0.0010208521799612673 0.9999423588378502 0.5445777773857117
0.9999604062204573 0.00022339753073996832 -0.008895846500557436 -0.009429960511624813 -0.00021616964570196927 0.9999996457813037 0.0008134543327899475 -0.027986006811261177 0.0088960250731716 -0.0008114991130721824 0.9999601003075509 1.4048205614089966
0.9999526446030096 -0.0006159125650980632 -0.009712322233098883 -0.010841495357453823 0.0006173908692182708 0.9999997982821797 0.00014921164436852932 -0.03687255457043648 0.009712228372623786 -0.0001552008774574955 0.9999528231535355 1.66585373878479
0.9997504097726289 0.0011302325276154308 -0.022312344876646576 -0.020565789192914963 -0.001086591745385799 0.9999974732820832 0.0019679298332109653 -0.058675169944763184 0.02231451271795457 -0.001943194247393278 0.9997491117866909 3.062602996826172
0.9991106013718072 -0.0008825840963045504 -0.04215717343203689 -0.03749608248472214 0.0009508380811411315 0.9999982695318377 0.0015990122806486002 -0.09263336658477783 0.04215568921758176 -0.0016376747672121796 0.9991097116372893 4.156493663787842
0.9990984033660221 0.0007898453011513549 -0.04244710279708146 -0.03701316937804222 -0.0007013477549572939 0.9999975495954664 0.002099741505439093 -0.0931486040353775 0.04244865725547002 -0.0020680782053143906 0.9990965091269935 4.608903408050537
0.9986712057981264 -8.933859364748848e-05 -0.05153459739177473 -0.046389371156692505 0.00021889998404918978 0.9999968299321476 0.0025084274860783665 -0.10262244194746017 0.05153420992422037 -0.0025163752247260853 0.9986680594988583 4.74916934967041
0.998420088604113 0.0003047368248566527 -0.05618926772277958 -0.0534496083855629 -0.00020911983721768075 0.9999985202411806 0.001707566789965415 -0.12200726568698883 0.05618970493469693 -0.0016931186952151424 0.9984186749096969 5.404839515686035
0.9993860101342071 -0.0009298874201808819 -0.03502482059077243 -0.03392157703638077 0.000932130797514602 0.9999995644272862 4.772225741193893e-05 -0.090544193983078 0.035024760958589446 -8.034067037959781e-05 0.9993864416056334 3.779865026473999
0.9997237497553281 -0.0006196254858988802 -0.023495536584699894 -0.021180665120482445 0.0006492230977914196 0.9999990053706541 0.001252105055978026 -0.05530526489019394 0.02349473737914601 -0.0012670130066957477 0.9997231576759265 2.546980619430542
0.9983013239176303 -0.0015563471215286231 -0.05824126070015835 -0.049474168568849564 0.0017112228577783077 0.9999951312835186 0.002609430127291876 -0.10503159463405609 0.05823691596090505 -0.002704661327321967 0.9982991267282902 4.507883071899414
0.9986971057241067 0.0011884133343492448 -0.05101645511047062 -0.04977598041296005 -0.0010824529560202118 0.9999971995500045 0.002104563552382189 -0.11031599342823029 0.05101881333282779 -0.0020465986159365354 0.9986955953243285 5.00632381439209
0.9993204872088032 -0.0023171110452018654 -0.036785796731404974 -0.03342084214091301 0.0023123074991115472 0.9999973116271821 -0.00017312549735691725 -0.10384321957826614 0.036786098988471086 8.794778272416018e-05 0.9993231585360152 4.415722846984863
0.9993645912136689 -0.0003020488627351633 -0.03564158518950598 -0.032936036586761475 0.0003596277103534227 0.9999986407373667 0.0016090964324423805 -0.07398532330989838 0.03564105071748359 -0.001620891700106221 0.999363341439864 3.2663824558258057
0.9995287523063702 -0.0005898669732103877 -0.030690802691113513 -0.029926756396889687 0.0006156605929343368 0.9999994652071565 0.0008309918382646434 -0.07158724218606949 0.030690296103251472 -0.0008494953530598776 0.999528580923397 3.030953884124756
0.9998676457166406 -0.00015287274315766068 -0.016268610235268856 -0.016047097742557526 0.00016953099392112467 0.9999994627983653 0.0010225762676198838 -0.04034644365310669 0.016268445171705725 -0.0010251989589337032 0.9998671345027748 1.8925223350524902
0.9993836267003608 -0.0009875650512116872 -0.03509118690645265 -0.031692683696746826 0.0010692873436950175 0.9999967598771694 0.0023101644399550615 -0.05951254814863205 0.03508879176903335 -0.002346263078310803 0.9993814445654657 2.686622381210327
0.9996621094554627 0.0015515707584220979 -0.02594724546528903 -0.02489510364830494 -0.0014957678223211665 0.9999965270981415 0.002169900983411335 -0.0672137439250946 0.025950522107966563 -0.00213035673954161 0.9996609585166794 3.4167871475219727
0.9998230099658908 -0.00014575503635740175 -0.01881296091039386 -0.01960812509059906 0.000163218312798778 0.9999995572696014 0.0009267256249482684 -0.045230329036712646 0.018812817506397017 -0.0009296322234868425 0.9998225911037419 2.078399181365967
0.9999400595593271 -0.0003373190597979717 -0.010943651325832686 -0.012998186983168125 0.0003386277039761379 0.9999999357357587 0.00011772746805977306 -0.03294708579778671 0.010943610910828398 -0.00012142623494504038 0.9999401095245165 1.4406042098999023
0.9999999919475756 0.00011354704585166569 -5.6673775122631354e-05 -0.0021902048029005527 -0.00011353483336272418 0.9999999703468186 0.00021544419997767439 -0.016991259530186653 5.669823649452697e-05 -0.0002154377637952117 0.9999999751859395 0.8945602774620056
0.9999491000999453 0.00047459590125599786 -0.010078291920747467 -0.011320937424898148 -0.00046517275203219674 0.9999994525242829 0.0009373182196885353 -0.033030346035957336 0.010078731250512608 -0.0009325823634962758 0.9999487734211763 1.6426283121109009
0.9998816574680841 -0.00011373764889080586 -0.015383696650155102 -0.016551796346902847 0.00012213702047612988 0.9999998439996872 0.000545053345426209 -0.04522895812988281 0.015383632257207586 -0.0005468677613060406 0.9998815153778103 1.9996020793914795
0.9999995170680849 5.569840334421523e-05 -0.0009812039975147116 -0.002992525463923812 -5.54500209511314e-05 0.9999999664161843 0.0002531658062267624 -0.020103197544813156 0.0009812180654933257 -0.0002531112761826953 0.999999486572763 1.0161497592926025
0.9999972907966799 8.811842687162186e-05 -0.0023260770501720707 -0.004525132942944765 -8.798711469506197e-05 0.9999999945299295 5.6554476352968316e-05 -0.02534867636859417 0.0023260820209397536 -5.6349658327190164e-05 0.9999972930799103 1.2451541423797607
0.9999995755063341 -0.00021876710953816535 -0.000895057597657348 -0.00262488448061049 0.00021888633161421081 0.9999999671859607 0.00013310466178768917 -0.02140980213880539 0.0008950284493647676 -0.000133300521159738 0.999999590577439 1.0776519775390625
0.9999620739486421 -0.00029790586417164305 -0.008704132146672573 -0.009414499625563622 0.0003035038050545912 0.999999747974819 0.0006418222021095172 -0.025433514267206192 0.00870393875041433 -0.0006444395975539304 0.9999619123485827 1.2308628559112549
0.9999998913350784 0.00045473842350797906 -0.00010267812524020473 -0.0026003087405115366 -0.0004546793672057882 0.9999997316356388 0.000574452193825296 -0.002741992473602295 0.00010293932317005608 -0.0005744054457774834 0.9999998297309252 0.3162030279636383
0.9999900807423567 0.0005826595524215856 0.004415758682371212 0.004836264066398144 -0.0005856721687912221 0.999999596627307 0.0006809796870144633 -0.0007393797859549522 -0.004415360121855097 -0.000683559119165861 0.9999900186211486 0.22369760274887085
0.9999987734466629 0.0005321095670173126 0.0014730799632525903 0.0005122597794979811 -0.0005329623038444288 0.9999996906165393 0.0005785481899036717 -0.0010073138400912285 -0.0014727716564791854 -0.000579332576374421 0.9999987476579226 0.16339147090911865
0.9999998555531816 0.0005344296122602986 -5.725910798732658e-05 -0.001700898865237832 -0.000534386366629841 0.9999995739866087 0.0007526339164415522 -0.001208956353366375 5.7661313446317617e-05 -0.0007526032092393037 0.9999997151317506 0.21392273902893066
0.9999997920114527 0.0006317657882699611 0.00012980385082720863 -0.0011951203923672438 -0.0006318733780665961 0.9999994555010038 0.000830502094965205 0.0015518050640821457 -0.0001292790973384566 -0.0008305839418279892 0.9999996467085527 0.13453102111816406
0.9999935565452935 0.0003878490891168114 -0.0035688150665139583 -0.00818112213164568 -0.0003853484937728928 0.9999996798140496 0.0007013403858161073 -0.00017999112606048584 0.0035690859380593134 -0.0006999606292506623 0.9999933858184685 0.1987089216709137
0.9999911751549425 0.0004922080904644681 -0.004172210856680705 -0.008971380069851875 -0.0004887810922884886 0.9999995424031025 0.0008223664810701081 0.0008633565157651901 0.00417261372292527 -0.0008203199260335459 0.9999909581440914 0.2064494788646698
0.9999742734947766 0.00032934580076667637 0.007165464390899504 0.007534555625170469 -0.00033311865334414526 0.9999998065218801 0.0005253457577265818 -0.0009389817714691162 -0.007165289984119668 -0.0005277191922646834 0.9999741897328639 0.23682531714439392
0.9999991365040299 0.000676403797110004 0.001126707192433918 0.0004801538889296353 -0.000677501318448453 0.9999992961580844 0.0009739996402831926 0.0004389854148030281 -0.001126047582355098 -0.0009747621448468077 0.9999988909271865 0.14711704850196838
0.9996686506385771 0.0011969719968090947 -0.025712957598947126 -0.028960883617401123 -0.001171216608118498 0.999998797298828 0.0010166870483709568 -0.054155007004737854 0.025714143619869307 -0.0009862347267829785 0.9996688502494016 2.5714762210845947
0.9998999604671609 2.0204137793075183e-05 -0.014144562544080697 -0.013461494818329811 -9.057783980127807e-06 0.9999996894123635 0.0007880946221935207 -0.04075969383120537 0.014144574073726785 -0.0007878876631836655 0.9998996500935999 2.000641345977783
0.9996646224978576 -0.0004192435345420804 -0.025893372918076703 -0.02305576018989086 0.00045036827038116676 0.9999991831189984 0.0011962147621168572 -0.05652524530887604 0.025892850260967354 -0.0012074751321733612 0.9996639947048049 2.6324689388275146
0.9999762331298947 0.0001464571370926544 -0.006892874991895747 -0.008498971350491047 -0.0001438307640394624 0.9999999168770648 0.0003815213955603263 -0.0285215862095356 0.0068929302954710775 -0.0003805209205143627 0.9999761710739767 1.3912723064422607
0.9998419605993255 -0.0005590122077927859 -0.017769111689901314 -0.0184162650257349 0.0005579027555385698 0.9999998421012578 -6.739417394130209e-05 -0.05354645103216171 0.017769146558346896 5.7470086631174894e-05 0.9998421145999887 2.2369301319122314
0.9999948315063575 -0.00014141423778144408 -0.003212002893004408 -0.004952752962708473 0.0001428092821390198 0.9999998955826198 0.00043409706070001184 -0.018811097368597984 0.0032119411701105193 -0.00043455352089949185 0.9999947472847829 0.9820570945739746
0.9999999415597821 0.0001957634736460631 0.00028028038563208333 -0.0025146310217678547 -0.00019584886215382068 0.9999999344131 0.0003046588566453785 -0.011220897547900677 -0.0002802207261733078 -0.00030471373143565864 0.9999999143129396 0.647235095500946
0.9999955663560289 0.00025481319329680445 0.0029668735264578817 0.003346627112478018 -0.0002569541813529512 0.9999997068704115 0.0007212722372534247 -0.005027575418353081 -0.002966688867097454 -0.000722031389947287 0.9999953387030552 0.39882248640060425
0.9999982373660085 0.0005119052543944343 0.0018064379000386833 0.0012627982068806887 -0.0005127599493699279 0.9999997568126818 0.00047270689804781676 -0.0005035568028688431 -0.0018061954795909956 -0.000473632333844734 0.9999982566636313 0.20537713170051575
0.9999998932540938 0.00021439515410717023 0.00040930003512500054 -0.003249051282182336 -0.0002144646580800894 0.9999999625906018 0.0001697754559619262 -0.010209094732999802 -0.000409263620778288 -0.0001698632182311766 0.999999901824883 0.5870155692100525
0.9999998030937989 0.00017486291034532754 -0.0006026900747056874 -0.0034028664231300354 -0.00017472790949236026 0.9999999596375538 0.00022404251496472677 -0.01690548285841942 0.0006027292271058494 -0.00022393716407254115 0.9999997932847914 0.8616472482681274
0.9999887634063822 4.2553713787528044e-05 0.004740385021897298 0.005974891595542431 -4.3568237003502226e-05 0.9999999761713065 0.00021391398941554145 -0.010574044659733772 -0.004740375806105436 -0.00021411811596909512 0.9999887414319469 0.6180509924888611
0.9999931206482405 0.000156105236761133 0.003705979944412722 0.0035790475085377693 -0.00015736103773009513 0.9999999303043219 0.0003385688335368233 -0.006191249005496502 -0.0037059268337540177 -0.00033914968125258236 0.999993075517924 0.4496251940727234
0.9999927757239203 0.0005122634204028015 0.0037664421085989424 0.004539739340543747 -0.0005151352433549765 0.9999995773417856 0.0007615457512947626 -0.0028921375051140785 -0.0037660504046498943 -0.0007634804767502034 0.999992616953701 0.2606143355369568
0.9999999215801221 0.00017989195594806526 0.00035281529736161713 -0.0014136163517832756 -0.00018003208278320014 0.9999999049197734 0.00039717614926776753 -0.007844713516533375 -0.000352743815021511 -0.0003972396361940842 0.9999998588862263 0.4979794919490814
0.9999897907198887 0.00014108637758569655 -0.004516475465169426 -0.007497100625187159 -0.00013686349628986373 0.9999995532501503 0.0009352902669043984 -0.006663222797214985 0.004516605404150439 -0.0009346625776410077 0.9999893632841748 0.4598666727542877
0.999968180602127 0.0007228116373271574 -0.007944515504976211 -0.011719937436282635 -0.0007168142466014981 0.9999994560103435 0.0007577310557891077 -0.0034384634345769882 0.00794505888006704 -0.0007520122033468494 0.9999681547514592 0.32121458649635315
0.9999489958525434 -0.0002532740376161605 -0.010096610607125089 -0.009870177134871483 0.00025848284024668097 0.9999998341895144 0.0005145945635900948 -0.03532810136675835 0.010096478599558326 -0.0005171781177196875 0.9999488955175074 1.696718454360962
0.9995498361828148 7.194361312960347e-05 -0.03000199678395386 -0.02560124360024929 -2.9721978103761168e-05 0.9999990086950232 0.0014077377506248785 -0.06666823476552963 0.030002068320565258 -0.00140621231933398 0.9995488474623943 3.2573935985565186
0.9990441426312742 -0.0005978350396828752 -0.04370862234625247 -0.03903373330831528 0.000674386868925461 0.9999982645567005 0.0017366882097548805 -0.08659198880195618 0.0437075082393519 -0.001764504704501542 0.9990428120189117 3.868828773498535
0.9998839476660415 0.000619141353656005 -0.015221953348927016 -0.01690618507564068 -0.0006034504596047928 0.9999992819193259 0.0010353783729831285 -0.03643476963043213 0.015222583463903889 -0.001026072520161921 0.9998836032898368 1.8013801574707031
0.9998584222124788 -0.0005024332504507205 -0.016819128740850637 -0.016642417758703232 0.0005118998556852062 0.9999997129917895 0.0005585471122018583 -0.046417251229286194 0.016818843280981478 -0.0005670777439126788 0.9998583924404106 2.0719423294067383
0.9999788315757802 0.00017784077313144164 -0.006504211942826453 -0.011424544267356396 -0.00017634144080389756 0.9999999577505766 0.00023108989951629204 -0.017396360635757446 0.006504252765233641 -0.0002299380456019742 0.9999788206879491 0.8340779542922974
0.999999858499428 -6.677826357844504e-05 0.0005277705824697699 -0.0012436893302947283 6.67153663698561e-05 0.9999999906711647 0.00011919198981050997 -0.015514970757067204 -0.0005277785369803971 -0.0001191567625370065 0.9999998536257303 0.815717875957489
0.9999999321242392 8.032299590792508e-05 -0.0003595827210494041 -0.0029716442804783583 -8.027185018620679e-05 0.9999999866608985 0.00014224848915241888 -0.01627068780362606 0.0003595941420777058 -0.00014221961512688084 0.9999999252328142 0.8287738561630249
0.9999999522025627 4.0270902836498344e-05 -0.0003065503659404047 -0.002551293931901455 -4.025881376223116e-05 0.9999999984117814 3.944191858726252e-05 -0.01837373897433281 0.00030655195381520684 -3.9429575347948745e-05 0.999999952235603 0.9210222959518433
0.9999999647471142 3.168118003966123e-05 0.000263632458660553 -0.0019191843457520008 -3.170221354368936e-05 0.9999999963150892 7.977964201675985e-05 -0.01828543096780777 -0.0002636299301758886 -7.978799693679875e-05 0.9999999620665669 0.9366030693054199
0.9999998233612976 -3.489667975853333e-05 -0.0005933461007744695 -0.002644057385623455 3.4981731194241123e-05 0.999999989116071 0.00014333225798932777 -0.019584648311138153 0.0005933410924966265 -0.00014335298894510614 0.9999998136981169 0.9890432357788086
0.9999994186387682 -0.000101866960185694 -0.001073473450264607 -0.002985272090882063 0.00010208342099840154 0.9999999744697439 0.00020159237846113732 -0.019408494234085083 0.0010734528872557644 -0.0002017018451052978 0.9999994035074545 0.9766261577606201
0.9999945908504956 6.653663899073038e-05 -0.003288440759047827 -0.00525994086638093 -6.571842115010148e-05 0.999999966859019 0.0002489237837271018 -0.02058749832212925 0.003288457212617608 -0.0002487063261264101 0.9999945620823767 0.9978891015052795
0.9999961133864589 -4.459816509027673e-06 -0.002788044491494862 -0.004823443479835987 4.697239105189017e-06 0.9999999963636345 8.515084918837378e-05 -0.0223991759121418 0.0027880441015993504 -8.516361435154274e-05 0.9999961097710562 1.0731712579727173
0.9999984573327572 -4.548093210323009e-05 -0.001755922432981462 -0.0037062845658510923 4.587219918701579e-05 0.9999999741307447 0.00022278745772401202 -0.021841369569301605 0.001755912254975818 -0.00022286766206070153 0.9999984335498522 1.0894107818603516
0.9999915647996801 -4.6551610402185146e-05 -0.00410708685496487 -0.005984756629914045 4.723518221897632e-05 0.9999999850498701 0.00016634030363730427 -0.023595623672008514 0.004107079050154379 -0.00016653289951950532 0.9999915520485504 1.1181988716125488
0.9999977240214146 2.6362348585547308e-05 -0.0021333675298355775 -0.00432573864236474 -2.6378207376394696e-05 0.9999999996246741 -7.405552154424615e-06 -0.02318509668111801 0.002133367333807122 7.461809710658568e-06 0.999997724341481 1.1227824687957764
0.9999988607821935 -0.0001939346763664068 -0.0014969380937117068 -0.0033191461116075516 0.0001942253784160923 0.9999999623096084 0.0001940548479393402 -0.02162475511431694 0.0014969004033273915 -0.0001943453702363186 0.9999988607588808 1.0495505332946777
0.9999999522062395 -2.3653978624322955e-06 0.0003091632637635776 -0.0016891518607735634 2.3165486865044915e-06 0.9999999875145699 0.00015800472707107625 -0.01512210350483656 -0.0003091636336475849 -0.00015800400332768356 0.9999999397262895 0.7899553179740906
0.9999916690738478 0.00033838631554696706 -0.00406783451006978 -0.007891727611422539 -0.00033606217612764544 0.9999997799301787 0.0005720155660505339 -0.012666909955441952 0.004068027177101997 -0.000570643755313514 0.9999915627247016 0.6904237270355225
0.9999949339601565 0.00025775185641370777 -0.003172635813125263 -0.007037379778921604 -0.0002560432749095871 0.9999998219974308 0.0005389313018489934 -0.011621708981692791 0.003172774158931468 -0.0005381162395378574 0.9999948219541185 0.6274621486663818
0.9999999524311219 8.898826523087175e-05 0.00029532836383211285 -0.002177143469452858 -8.904114366289921e-05 0.9999999800079428 0.00017904130444004623 -0.01498626358807087 -0.00029531242535280457 -0.000179067592298524 0.9999999403626826 0.7922631502151489
0.9999999017463915 -6.375029920910131e-05 -0.00043868337858156626 -0.0025080321356654167 6.37766184937416e-05 0.9999999961673299 5.998235624138724e-05 -0.018127627670764923 0.00043867955300707994 -6.001032809037964e-05 0.9999999019795003 0.8903957605361938
0.9999986773522139 2.8945393102333757e-05 -0.001626178337949265 -0.003680016379803419 -2.8763534251761e-05 0.9999999933305229 0.00011185532195466735 -0.019891131669282913 0.0016261815647997705 -0.00011180839937315034 0.9999986715153175 0.9812341928482056
0.9999994563779862 6.065402561055229e-05 -0.0010409441970659517 -0.0032143115531653166 -6.060860366384101e-05 0.9999999972099028 4.366682265962765e-05 -0.02110205590724945 0.0010409468427301962 -4.360370874710544e-05 0.9999994572640464 1.0479415655136108
0.9999892303570148 0.00010443234966714549 -0.0046398560181606565 -0.005966035649180412 -0.00010275668536993076 0.9999999294218104 0.0003613826749841734 -0.024363001808524132 0.004639893430729897 -0.0003609020067967629 0.9999891705107075 1.2351059913635254
0.9999597272519795 -0.0002304480853665094 -0.008971664718820611 -0.010990124195814133 0.00023044686321903692 0.9999999734464369 -1.1699898556404289e-06 -0.034260429441928864 0.008971664750212868 -8.975492553713269e-07 0.999959753805524 1.5201033353805542
