0.9999999856528841 0.00016666539463092324 3.0279987990560084e-05 -0.0019504649098962545 -0.00016666818549805683 0.9999999818613995 9.218956770063494e-05 -0.0170422475785017 -3.02646226306418e-05 -9.219461308863583e-05 0.9999999952921029 0.8521832823753357
0.9999995014029428 8.19999417510055e-05 0.0009952235302791185 -0.0009948787046596408 -8.204001921773128e-05 0.999999995825529 4.022905699263136e-05 -0.017968352884054184 -0.0009952202273442567 -4.0310685092091976e-05 0.9999995039557508 0.8295620679855347
0.9999997553613155 0.0001457933006764882 0.0006841210589096701 -0.001437924918718636 -0.00014580179634612024 0.9999999892944281 1.2368515137514569e-05 -0.015008953399956226 -0.0006841192483391164 -1.2468258191004533e-05 0.9999997659126711 0.7647780179977417
0.9999999815121622 0.0001689403140582875 9.184141531326542e-05 -0.0019256297964602709 -0.00016894194558169244 0.999999985571652 1.775710400046378e-05 -0.015095997601747513 -9.183841409741891e-05 -1.777261953956132e-05 0.9999999956249198 0.7738802433013916
0.9999998450724894 0.00015855742377684332 0.0005335864888165065 -0.001551138237118721 -0.00015858514422313182 0.99999998607809 5.190926886189362e-05 -0.01625518873333931 -0.0005335782507880226 -5.199387971000429e-05 0.9999998562954333 0.7910016775131226
0.9999988356240814 9.92902434316243e-05 -0.0015227908356083275 -0.00443468289449811 -9.920379873694822e-05 0.9999999934637565 5.6842708913836944e-05 -0.013903811573982239 0.0015227964695814012 -5.669157609198137e-05 0.9999988389378147 0.710719108581543
0.9999986909631093 0.00016242854221111078 -0.0016098723664804363 -0.003979044035077095 -0.00016222592123226823 0.9999999789044711 0.00012599129984790458 -0.014665791764855385 0.0016098927971024929 -0.00012572997189292653 0.999998696217728 0.745938777923584
0.9999948823038548 0.00010627244775938084 -0.003197510323108874 -0.006572667509317398 -0.00010582408397425292 0.9999999845457251 0.00014039164002901058 -0.013540536165237427 0.0031975251934569016 -0.00014005254794631437 0.9999948780958435 0.6895219087600708
0.999914122174481 0.00026246558560535937 -0.01310264812369844 -0.018141601234674454 -0.0002519403133247227 0.9999996443006522 0.0008049376666837451 -0.010630246251821518 0.013102854731531112 -0.0008015674551135839 0.9999138326313418 0.5532734394073486
0.9999996314517872 0.00014597204053334853 -0.0008460428200391423 -0.0030677802860736847 -0.00014591013942553534 0.9999999866740396 7.32267162480296e-05 -0.01508422289043665 0.0008460534978180013 -7.31032430346223e-05 0.9999996394246323 0.766960084438324
0.9999997947183233 0.0001392352002407203 0.000625441340540641 -0.0016350001096725464 -0.00013921078679114262 0.99999998954666 -3.9077320196618e-05 -0.01625225320458412 -0.0006254467749411923 3.899024399365182e-05 0.9999998036480271 0.8057905435562134
0.9999907690088788 0.00014093933240153723 -0.004294418835656394 -0.007478085346519947 -0.00013958355363191425 0.9999999403285584 0.00031600523983512144 -0.013270932249724865 0.004294463116969769 -0.00031540289255169347 0.9999907290108008 0.700455904006958
0.9999995864521541 9.929138139779095e-05 0.0009040114725162292 -0.0013084119418635964 -9.923520445838776e-05 0.9999999931426076 -6.218648627520805e-05 -0.017144139856100082 -0.0009040176408991942 6.209675079481272e-05 0.9999995894479651 0.8259508609771729
0.9999991858180133 0.0001955686578695904 -0.0012609981010288846 -0.003354721236974001 -0.0001954005462985851 0.99999997200645 0.00013343809781473414 -0.01765502616763115 0.0012610241620387695 -0.000133191589454016 0.9999991960387086 0.8662980198860168
0.9999999699687554 0.0001423744130178207 -0.00019947935998367464 -0.0022422396577894688 -0.00014237601347375704 0.9999999898324635 -8.008988020772749e-06 -0.018821001052856445 0.00019947821768049264 8.03738885629764e-06 0.9999999800719205 0.8767844438552856
0.9999993616803946 8.075530480356873e-05 0.0011269948464268079 -0.0010881578782573342 -8.074635329858375e-05 0.9999999967081066 -7.988307272242498e-06 -0.016677990555763245 -0.0011269954878150498 7.897301449114091e-06 0.9999993649091998 0.7910231351852417
0.9999998725480839 0.00013653367273267245 0.0004860682795631547 -0.0019139081705361605 -0.00013653598743473626 0.9999999906677808 4.72891268446046e-06 -0.015867123380303383 -0.00048606762937124215 -4.795277894262336e-06 0.9999998818576256 0.8049927949905396
0.9999783916526201 0.0002469637756228552 -0.006569264550358259 -0.010717233642935753 -0.0002452440790195741 0.9999999354526414 0.00026258342443827564 -0.012943178415298462 0.006569328974923499 -0.0002609666772099356 0.99997838767306 0.6621444225311279
0.9999415230041078 0.00029301438542052386 -0.01081039845682374 -0.015842920169234276 -0.0002852746307212157 0.9999997019134257 0.0007174896827384415 -0.010396220721304417 0.010810605469187528 -0.0007143637936694917 0.9999413085245352 0.5840076208114624
0.9999999431992111 0.00014917625987504945 0.00030223834646213386 -0.0018014113884419203 -0.00014917893777001155 0.9999999888337698 8.837684722785784e-06 -0.015940360724925995 -0.000302237024714518 -8.882771816276905e-06 0.9999999542869377 0.7928247451782227
0.9999659091432332 0.0002693807441418917 -0.008252756228171813 -0.012578357011079788 -0.0002659450365949949 0.999999877523188 0.00041740489515409973 -0.01247464120388031 0.008252867658241804 -0.0004151958859064946 0.9999658583110684 0.6472396850585938
0.9999502807408617 0.00025276085398444635 -0.00996855848270312 -0.015425319783389568 -0.00024735476809704466 0.9999998216883556 0.0005435428926272486 -0.0055349478498101234 0.009968694091558778 -0.0005410500976055663 0.9999501649596849 0.4308723211288452
0.9999078588277197 0.0004695510946229816 -0.01356662730139209 -0.01838151551783085 -0.00045883152774305833 0.9999995801186293 0.0007932440952297086 -0.010234200395643711 0.013566994073651237 -0.0007869462084578511 0.9999076544298833 0.5392428040504456
0.9999591501068779 0.0002287236985865522 -0.009035806715512506 -0.01401201356202364 -0.00022368707646707817 0.9999998190690951 0.000558413707631921 -0.007083968259394169 0.00903593280310437 -0.0005563697033039317 0.9999590203458995 0.4852566123008728
0.9999994767939661 0.00021014259804082863 -0.0010011253079303193 -0.00280096847563982 -0.00020988418776472258 0.9999999446360753 0.00025821787983265984 -0.020222600549459457 0.0010011795150802222 -0.00025800762435940146 0.9999994655356791 1.0023401975631714
0.9999662871242179 0.0007347626024492858 -0.008178309050435945 -0.008144806139171124 -0.00073017431265475 0.9999995743727819 0.0005640033052100647 -0.036207638680934906 0.008178719978061341 -0.0005580126998471152 0.999966398016127 1.7517189979553223
0.9996595826861487 0.0016697162748742216 -0.026037104126928286 -0.026574285700917244 -0.001653524971309317 0.999998425962083 0.0006433727735478583 -0.06489112228155136 0.02603813739352994 -0.0006001007564620253 0.9996607701016169 2.8124911785125732
0.9998817361257313 0.0003975955263846022 -0.015373863534927581 -0.021069765090942383 -0.00037923740670699234 0.9999992116736529 0.001197009215397096 -0.0004464294761419296 0.015374327340814986 -0.0011910373083116948 0.9998810986757113 0.11530900001525879
0.9998578734356183 0.0005278048473656998 -0.016850945102466455 -0.024489637464284897 -0.0005034280724336109 0.9999988208387742 0.0014508208838593915 0.005884338170289993 0.01685169098278053 -0.001442131444860016 0.9998569601537595 -0.08421927690505981
0.9999490587236441 0.0002118758773395375 -0.010091336200461638 -0.017384685575962067 -0.00020395043546230117 0.9999996699946669 0.0007863935255867953 0.005361014977097511 0.010091499488085043 -0.0007842953332844033 0.9999487719472995 0.07571905851364136
0.9999971736641706 3.254658429759273e-05 -0.0023773103269811584 -0.005867666099220514 -3.117158704919298e-05 0.999999832230265 0.0005784183385041767 -0.013161173090338707 0.0023773287536816476 -0.0005783425991639017 0.9999970069094383 0.686133086681366
0.999999904737036 9.756503160791253e-05 0.00042544915525581255 -0.002167493337765336 -9.756471842891552e-05 0.9999999952402765 -7.568681585535363e-07 -0.015165943652391434 -0.000425449227074658 7.153592594136787e-07 0.9999999094962178 0.7890751361846924
0.9999985557605217 8.792391453315017e-05 0.0016972761283685891 -0.0006966554210521281 -8.775868773315166e-05 0.9999999914036399 -9.742244409765252e-05 -0.01504750456660986 -0.0016972846795408412 9.727335267056625e-05 0.9999985548802615 0.7813094854354858
0.9999991681980096 0.000113241832899976 0.001284826671727283 -0.0007576557109132409 -0.00011330533516044238 0.9999999923631363 4.935208699417078e-05 -0.015278329141438007 -0.0012848210731944481 -4.949762365966972e-05 0.999999173392056 0.7901219129562378
0.9999986490988454 6.556927902098222e-05 0.0016424071219345196 -0.0006546856602653861 -6.543350192365849e-05 0.999999994437667 -8.272317197385359e-05 -0.016133593395352364 -0.0016424125368976485 8.261559177345251e-05 0.9999986478269473 0.8322093486785889
0.9999976852767005 8.741546142795883e-05 0.00214983715160606 1.1243129847571254e-05 -8.756451285537014e-05 0.9999999937693146 6.923746961030766e-05 -0.013906756415963173 -0.002149831085785747 -6.942555878762231e-05 0.9999976867005216 0.7411303520202637
0.9999976686177663 6.937000130686517e-05 0.002158227706958276 -6.960572500247508e-05 -6.930453625710633e-05 0.999999997136131 -3.0407554423103173e-05 -0.014584377408027649 -0.002158229810149485 3.025790856110304e-05 0.9999976705615596 0.7686934471130371
0.9999982672618688 0.0003987005174177726 0.00181838146645818 0.0002124663005815819 -0.0003986313321317745 0.9999999198088632 -3.841000293294737e-05 -0.01534353382885456 -0.0018183966347281465 3.768507255217271e-05 0.9999983460053893 0.7949534058570862
0.9999974742156792 0.00019694383752576935 0.002238922818524195 5.572968802880496e-05 -0.00019697214181319534 0.9999999805238418 1.2421425945460428e-05 -0.013184845447540283 -0.002238920328595286 -1.2862399994536677e-05 0.9999974935320194 0.6965035200119019
0.9999977382648525 0.0005068590778468727 -0.002065565069114497 -0.004151985980570316 -0.0005059387386829517 0.999999772527731 0.0004460610710071717 -0.013500806875526905 0.0020657906893588374 -0.0004450150127494341 0.9999977672327405 0.7057427763938904
0.9995841478870348 0.003921549501464349 -0.02856838711685094 -0.039137326180934906 -0.003789288845115189 0.9999818585894322 0.004682283852264393 0.01829644851386547 0.028586230653917556 -0.00457208284400611 0.9995808739043923 -0.12139171361923218
0.9997889001590863 0.0006771203397839231 -0.020535253266763462 -0.03096473030745983 -0.0006356137170139474 0.9999977422174422 0.002027697023898942 -0.005909961182624102 0.020536579897524616 -0.0020142164887210654 0.9997870732401221 0.3680303990840912
0.9999999174710492 0.0003722959652324953 -0.00016264565410158748 -0.002260439097881317 -0.00037229698085241593 0.9999999306781687 -6.214140088998844e-06 -0.015924405306577682 0.0001626433293274104 6.274692062123171e-06 0.9999999867538877 0.8052935004234314
0.9999998022250071 0.00016515944326771917 -0.0006068544347982859 -0.003146622097119689 -0.00016502426529761078 0.9999999615646429 0.00022279520765808801 -0.015583090484142303 0.0006068912082060785 -0.00022269501788752221 0.9999997910449734 0.7995589971542358
0.9999989941747753 0.00011034213913565506 0.001414027598762187 -0.0008054678328335285 -0.00011016396179178125 0.9999999859833322 -0.000126084245521372 -0.017776545137166977 -0.0014140414913475941 0.00012592834382029486 0.9999989923138488 0.8960215449333191
0.9999973973017272 9.19758857393448e-05 0.002279677654348019 0.00014786595420446247 -9.188177770292689e-05 0.9999999949224694 -4.1385987080984547e-05 -0.016318760812282562 -0.002279681449285705 4.117641853027633e-05 0.9999974006751178 0.8469059467315674
0.9999984377255344 8.324791160365576e-05 0.0017656772853066611 -0.0003538363380357623 -8.315877085882204e-05 0.9999999952642207 -5.05586542666486e-05 -0.017694737762212753 -0.0017656814858471842 5.041174372737458e-05 0.9999984399125564 0.9036641716957092
0.9999989154139824 5.549121981683723e-05 0.0014717647853355934 -0.0007779138395562768 -5.5438336568001354e-05 0.9999999978162802 -3.5972633555853403e-05 -0.015674734488129616 -0.0014717667782869876 3.589100234891966e-05 0.999998916306606 0.8014542460441589
0.9999992619087792 8.732493109179055e-05 0.0012118400280351949 -0.0010690976632758975 -8.739497744807854e-05 0.9999999945135961 5.7748818576078174e-05 -0.013169026002287865 -0.001211834978474948 -5.785468468410298e-05 0.9999992640541395 0.7064886689186096
0.9999992684362587 8.351008318066845e-05 0.0012067116529286483 -0.001089208060875535 -8.34506738596241e-05 0.9999999953036015 -4.928267510350326e-05 -0.015345081686973572 -0.0012067157628617466 4.9181938149493924e-05 0.9999992707088363 0.7960852384567261
0.9999987651209512 0.00011017881597677922 0.0015676789215891588 -0.0005919348914176226 -0.00011014811058349438 0.9999999937401862 -1.9672856957680182e-05 -0.013497602194547653 -0.001567681079307867 1.9500155792866678e-05 0.9999987709971335 0.7200894951820374
0.9999986816251742 9.655178989679766e-05 0.0016209335783097616 -0.00067662209039554 -9.648005415683841e-05 0.9999999943630499 -4.4333952691109586e-05 -0.01476559042930603 -0.0016209378496951255 4.417750648292247e-05 0.9999986853035534 0.7700504064559937
0.9999967559124165 7.903294235758006e-05 0.002545961200871894 0.00038963346742093563 -7.906911895418033e-05 0.9999999967745085 1.410875560909084e-05 -0.012840858660638332 -0.0025459600776034496 -1.4310016748096422e-05 0.9999967589360008 0.6929802894592285
0.9999972107074414 0.0023504344890634644 0.00023245440389745373 -0.006980319041758776 -0.002350882714744297 0.9999953410059381 0.0019471304217463538 0.01593044213950634 -0.00022787671839578894 -0.0019476714636700464 0.9999980773221872 -0.09264141321182251
0.9999912754965717 3.420873453687067e-07 -0.004177191714775593 -0.011276574805378914 3.7564280309745e-06 0.9999995186579357 0.00098115737044478 -0.0029533160850405693 0.004177190039759032 -0.0009811645016539864 0.9999907941574222 0.2782621681690216
0.9999992782066655 0.00016852922781661537 0.0011896150837801265 -0.0007887984393164515 -0.00016859529053531166 0.9999999842514169 5.543278892054585e-05 -0.01620262861251831 -0.0011896057230002617 -5.563331241020339e-05 0.9999992908713278 0.8383187651634216
0.999997646964439 6.435618753084229e-05 0.002168392000195812 -1.1268857633695006e-06 -6.419900913362495e-05 0.9999999953070803 -7.255568076998068e-05 -0.01681138202548027 -0.00216839665942672 7.241630142605783e-05 0.9999976464031337 0.865429162979126
0.999999068049893 0.00013983767572126572 0.0013580665557622947 -0.0006912287790328264 -0.00013993612937203244 0.9999999875880089 7.24007026922071e-05 -0.017138250172138214 -0.0013580564145599997 -7.259067779560746e-05 0.9999990752062565 0.8830831050872803
0.9999901432385657 0.00046012060582520284 -0.004416074585031233 -0.005688329227268696 -0.0004580873875530322 0.9999997886267576 0.00046141346434416184 -0.026886172592639923 0.004416285957433981 -0.00045938596823182505 0.9999901426428532 1.2793912887573242
0.9998448191304277 0.0005721426478006732 -0.017607109667202716 -0.018311405554413795 -0.0005737365999506346 0.999999831759923 -8.547771276747862e-05 -0.05039805546402931 0.017607057799536318 9.556629149710114e-05 0.9998449791756359 2.156046152114868
0.9999999539316692 0.00024495822818422584 0.0001792543604048992 -0.0018024810124188662 -0.00024491442908393943 0.9999999401619193 -0.00024432167315874715 -0.02142573893070221 -0.0001793141982828263 0.00024427775992391616 0.999999954087396 1.040364146232605
0.9999580559461246 0.0009488830800714805 -0.00910966351447738 -0.00901610404253006 -0.000943334377388944 0.9999993669435011 0.0006133782268690283 -0.040339477360248566 0.00911023977176685 -0.0006047590405399822 0.9999583180302084 1.9157943725585938
0.9999952405391797 0.00017722931696240787 -0.003080176741184965 -0.004897297825664282 -0.00017804399493167103 0.9999999492444677 -0.00026421846523658286 -0.029400553554296494 0.0030801297575908325 0.0002647656146712458 0.9999952213385047 1.3358550071716309
0.9999997524224423 0.00023715118431835141 -0.0006625061277523867 -0.0027161058969795704 -0.00023715035673732665 0.9999999718789722 1.3277238639117372e-06 -0.022005189210176468 0.0006625064239933204 -1.1706099706599626e-06 0.9999997805419096 1.0757479667663574
0.9999989098689096 5.9232004541057524e-05 0.0014753821749783965 -0.0006498973234556615 -5.8969943265317435e-05 0.9999999824787567 -0.00017766550751103702 -0.01953977160155773 -0.001475392672612014 0.00017757831062919046 0.9999988958405932 0.9509797692298889
0.9999996580507441 8.352992382102226e-05 0.0008227521781899808 -0.0012943566543981433 -8.357513113543481e-05 0.9999999949999224 5.49122260777701e-05 -0.01573212444782257 -0.0008227475872620949 -5.4980968921759454e-05 0.9999996600316925 0.8067415952682495
0.9999999649135048 0.0001344207652759025 0.00022826310910772766 -0.0019186371937394142 -0.0001344097715597102 0.9999999898064886 -4.8177132009957886e-05 -0.01733993925154209 -0.00022826958278787863 4.8146449527240494e-05 0.9999999727874581 0.863987386226654
0.9999998828085824 0.00021558569430445412 0.0004334808290558639 -0.001441244618035853 -0.00021562911899899735 0.9999999717387824 0.00010013249598566946 -0.02031898684799671 -0.00043345922967149853 -0.00010022595534027261 0.9999999010339218 1.0212302207946777
0.9999999959682473 5.111442072019201e-05 -7.382968081857906e-05 -0.0019222365226596594 -5.11234857197895e-05 0.9999999911550032 -0.00012278592412464593 -0.023790132254362106 7.382340403417153e-05 0.00012278969806023645 0.9999999897363976 1.1176178455352783
0.9999863537212031 0.0003690166094822822 -0.0052111609181340795 -0.006661013700067997 -0.00036616016152939465 0.9999997822168061 0.0005490838521149955 -0.02508789673447609 0.00521136240429224 -0.0005471682396401271 0.9999862710601625 1.19009530544281
0.9997370923574367 0.002227884961931101 -0.022820663734758755 -0.01904520019888878 -0.002190575805283218 0.9999962232919257 0.001659752851092186 -0.0693151205778122 0.022824275286191232 -0.0016093260955450006 0.9997381969931821 3.3383572101593018
0.9991478575688574 0.002316883625835795 -0.0412091102285215 -0.03528153896331787 -0.0022340493526916833 0.9999953908636763 0.002056033777203177 -0.09954110532999039 0.041213683881107244 -0.001962218557550731 0.9991484283925389 4.536464691162109
0.9995074804723721 0.001282343208006968 -0.031355255949644806 -0.0326167494058609 -0.0012993894739771572 0.9999990188825197 -0.0005232790775475835 -0.08456365019083023 0.03135455416308411 0.0005637640419183203 0.9995081661013778 3.502753973007202
0.9999908732671883 0.0003467401462752509 -0.004258304075222404 -0.005905793514102697 -0.00034386890441282436 0.9999997130763525 0.0006749825102477571 -0.023432835936546326 0.0042585368969486025 -0.0006735120515057302 0.9999907055793137 1.1174802780151367
0.9999804502841553 0.0007125229709098566 -0.006212194500669267 -0.007015831768512726 -0.0007089926712008179 0.9999995859470872 0.0005704691460808766 -0.034930042922496796 0.006212598400862817 -0.0005660535931981239 0.9999805414129014 1.687772512435913
0.9996911968067678 0.001209594404545154 -0.024820312416015896 -0.02314230427145958 -0.001179216873131883 0.9999985377839973 0.001238498055370023 -0.06485378742218018 0.02482177420367571 -0.0012088470720183421 0.9996911614164337 2.9008636474609375
0.9999999420565754 0.00015210328245044433 -0.0003045512066773029 -0.0026043811812996864 -0.0001521125786862913 0.9999999879657125 -3.050144663417034e-05 -0.015833551064133644 0.00030454656364209355 3.054777093620177e-05 0.999999953159111 0.8169887661933899
0.9999995013311908 0.00011361581411992779 -0.0009921838622376897 -0.0030795130878686905 -0.0001136432643322911 0.9999999931614447 -2.7610123509009377e-05 -0.021314851939678192 0.0009921807185059252 2.7722864753624478e-05 0.999999507404311 1.0218080282211304
0.9999940522288826 0.00032103911967379536 -0.0034340123386433037 -0.00510812271386385 -0.0003195289019502956 0.9999998520089594 0.00044032185916894636 -0.024449139833450317 0.003434153190982286 -0.0004392219740434597 0.9999940068199998 1.175949215888977
0.9999734135919681 0.0003285425205914969 -0.007284515703760485 -0.009136341512203217 -0.0003287383461249042 0.9999999456356863 -2.568508740993107e-05 -0.03072136826813221 0.00728450686909943 2.8079104180491975e-05 0.9999734672336249 1.37369704246521
0.9997798918159072 0.0013396122573671298 -0.0209373675416279 -0.018559515476226807 -0.0013223326865336024 0.9999987736553764 0.0008391209744351393 -0.07030009478330612 0.02093846596194255 -0.0008112501115709597 0.9997804371542871 3.2462263107299805
0.9985409536000035 0.003018715128089686 -0.0539152236624399 -0.04648231714963913 -0.0028802895687089817 0.9999923539641186 0.0026449849340426075 -0.12843230366706848 0.05392279588073919 -0.002485834321987011 0.9985420134937376 5.8008317947387695
0.9971832871179416 0.003924751045016921 -0.07490052217369239 -0.0638197809457779 -0.0037088425592380686 0.9999885575116424 0.0030214785545825402 -0.17483854293823242 0.07491152367645401 -0.0027351736726680394 0.9971864331434983 7.793176174163818
0.9958870877527274 0.0045243388092088 -0.09048999284855197 -0.08002880960702896 -0.004102202726588051 0.9999798223513375 0.004850445647303742 -0.1807713508605957 0.09051011203275286 -0.004459287894603953 0.9958855528479623 7.588306903839111
0.9971696750049565 0.003863904823033887 -0.07508468212643682 -0.0655469223856926 -0.0036149225217985788 0.9999875091732738 0.0034516420140376265 -0.1802869737148285 0.07509708107290802 -0.0031704474369104096 0.9971711872478962 7.955289840698242
0.9981877928094088 0.001742214870399765 -0.06015060243776363 -0.054924797266721725 -0.0016694718449790933 0.9999978131554896 0.001259582469319387 -0.15084317326545715 0.06015266536105744 -0.0011568801076829668 0.998188518506588 6.478745460510254
0.9984165696760073 0.0038786701782836017 -0.05611870734471869 -0.04747190326452255 -0.0037067092561624874 0.9999881119670071 0.003168001128543977 -0.143893301486969 0.05613032783517631 -0.0029549690875320554 0.998419077569538 6.5887675285339355
0.9967073837859085 0.003341822842857292 -0.08101372307662909 -0.07173153758049011 -0.003129973597775856 0.9999913427705035 0.002741833204749267 -0.17448651790618896 0.08102218444307098 -0.0024792345859956013 0.9967092148786129 7.49911642074585
0.9957795766009881 0.0044040071202412516 -0.09167136709813836 -0.08278435468673706 -0.004123878206550643 0.9999862317351632 0.0032449913167911805 -0.2062990665435791 0.09168439590734248 -0.0028532545265674883 0.9957840280330431 8.919480323791504
0.997570207623746 0.0024802806896381947 -0.06962419887666058 -0.06347877532243729 -0.002437959285423102 0.9999967881709799 0.0006928219446860229 -0.16382244229316711 0.06962569364852889 -0.000521397569065224 0.9975730504221414 6.9770684242248535
0.9983291439780202 0.00288072675849359 -0.057711538685570815 -0.051660798490047455 -0.002711361587396789 0.9999917858228975 0.0030127736513904766 -0.1223224401473999 0.057719743610446045 -0.002851262891250569 0.9983287542175018 5.287460803985596
0.9980296610257063 0.00277194278643036 -0.06268262954042877 -0.05539677292108536 -0.0026094246389730806 0.9999930191416776 0.0026744290916502875 -0.14305931329727173 0.06268960532630108 -0.0025055939618186074 0.9980299270978458 6.286237716674805
0.998645872921161 0.0027662157448440114 -0.051949673223084844 -0.046462152153253555 -0.0026241544660522355 0.9999926295866821 0.0028026033702797082 -0.12045452743768692 0.05195704293809088 -0.002662484322166455 0.9986457714657203 5.3274946212768555
0.9987682484790209 0.002029161375868122 -0.04957689314851643 -0.04529373347759247 -0.0019270753311333945 0.9999959237576703 0.002106857544269569 -0.11110400408506393 0.049580966215039296 -0.0020087240115041864 0.9987680876044392 4.782505989074707
0.9991571704060896 0.0016747494882768357 -0.04101394933736205 -0.03801032900810242 -0.0016065827975722184 0.999997273030678 0.001694940388919721 -0.09341377019882202 0.04101667609412944 -0.0016276195375341212 0.9991571363588563 4.062260627746582
0.999497041233793 0.0017237834964977754 -0.03166533017909137 -0.029048819094896317 -0.0016981459683678855 0.999998208269506 0.0008365154200417678 -0.08339226990938187 0.03166671541482932 -0.0007823223344975284 0.9994981776404605 3.5876498222351074
0.9994863511326768 0.0013866437299508015 -0.03201735652194702 -0.032290901988744736 -0.0013874456989013731 0.9999990374927455 -2.8310798690033013e-06 -0.0863504558801651 0.032017321779309944 4.7251969284602504e-05 0.9994873130126922 3.5604476928710938
0.9998760972551588 0.001089215674128932 -0.015703622098340773 -0.014032482169568539 -0.001074867254827686 0.9999989971839706 0.0009221124865868664 -0.049318235367536545 0.015704610729870512 -0.0009051189251430311 0.9998762653256426 2.3434431552886963
0.9993870800504825 0.0016066166751365098 -0.03496974422310635 -0.032560233026742935 -0.0015653648119231362 0.9999980464009125 0.0012069910371867753 -0.09022679179906845 0.034971615078173035 -0.0011515108412123917 0.9993876425900045 3.93283748626709
0.9996453070679727 0.001107871340227578 -0.026608883442791637 -0.0250718891620636 -0.0010893848249383107 0.9999991551121881 0.0007092359362057536 -0.0674319937825203 0.02660964670343751 -0.0006799970614009121 0.9996456693780625 2.9905519485473633
0.9999640151456862 0.00045718992828245935 -0.00847109149325146 -0.009781908243894577 -0.000455746822279663 0.9999998813061515 0.0001722861476978102 -0.03706100210547447 0.008471169255276523 -0.00016841927497659542 0.999964104818966 1.6836152076721191
0.9999909198884328 0.00042824160679238196 -0.004239899740820063 -0.005625429563224316 -0.00042700280589908076 0.9999998658869803 0.00029307784844055044 -0.029781516641378403 0.004240024680323038 -0.0002912647381749278 0.9999909686369985 1.425581932067871
0.9999531807390728 0.00042385680245162074 -0.009667299272416826 -0.009962430223822594 -0.00041790058721120085 0.999999721636181 0.0006181315879716246 -0.035914935171604156 0.009667558580668853 -0.0006140626774648304 0.999953079518293 1.6661567687988281
0.9999937351772792 0.00018863353852744172 -0.003534688611720263 -0.0054290201514959335 -0.00018850971886294986 0.9999999816067722 3.536299476779408e-05 -0.022598979994654655 0.0035346952173527656 -3.469645006843753e-05 0.9999937523434218 1.053468942642212
0.999998163385141 0.00016054265588807062 -0.0019098304637375808 -0.004590136930346489 -0.00015988740297110432 0.999999928310286 0.00034324253997204034 -0.014926017262041569 0.0019098854318913621 -0.0003429365517347291 0.999998117364307 0.795832633972168
0.9999982085321231 0.0001511909128545371 -0.0018868157972501982 -0.004456940107047558 -0.0001505984804998803 0.9999999393232953 0.0003141233893071664 -0.01500187162309885 0.0018868631753664114 -0.0003138386749731559 0.9999981706246486 0.8030803799629211
0.9999999786227488 0.0001978747235354361 -6.0000800325980945e-05 -0.0021815523505210876 -0.00019785645994150524 0.9999999341446645 0.00030424248264435827 -0.010575232096016407 6.006099827174909e-05 -0.00030423060459454414 0.9999999519182069 0.6321706771850586
0.9999982463215958 0.00028459088482602716 -0.0018510434250352784 -0.004006996285170317 -0.0002840920854919138 0.9999999232696133 0.0002697266291796154 -0.008204101584851742 0.00185112004474406 -0.0002692002893788964 0.9999982504413616 0.5285856127738953
0.9999983051255072 0.0003130969593775642 -0.0018143087960777137 -0.00415043206885457 -0.00031270701825048805 0.9999999279505332 0.00021520513409858117 -0.010242175310850143 0.0018143760454308606 -0.0002146374222590815 0.9999983309837789 0.6041306257247925
0.9999896660417444 0.00020889800607476393 -0.004541384298204893 -0.008063024841248989 -0.0002065902749580984 0.9999998493135528 0.0005086190426028542 -0.009139378555119038 0.004541489863383677 -0.0005076755807240434 0.9999895585131506 0.5692982077598572
0.9999977523220239 0.0002803219592102505 -0.0021016114054841673 -0.004212907515466213 -0.0002797673942231857 0.999999925973415 0.00026416542151852973 -0.009554792195558548 0.0021016853012775674 -0.0002635768654131477 0.9999977567205492 0.556818425655365
0.9999935192192099 0.000290852655316125 -0.0035884431600509 -0.0062998333014547825 -0.00028808933807963715 0.9999996616261991 0.0007705530616174593 -0.01774425432085991 0.0035886660632197817 -0.0007695142756172642 0.9999932646391507 0.9094541072845459
0.9999107887766215 0.0009520333079663651 -0.013323217355247862 -0.0121723348274827 -0.0009393588848540785 0.9999991003710733 0.0009575290750524176 -0.045789994299411774 0.013324116968868928 -0.0009449283701147176 0.9999107835288983 2.1767194271087646
0.9994535074612815 0.0021066988792562795 -0.03298860777865507 -0.026213809847831726 -0.0020522462529174853 0.9999964754976162 0.0016844220559789323 -0.08679883927106857 0.03299204008028584 -0.0016158007851905778 0.999454308349893 4.11393928527832
0.9990571592849907 0.0029233990221156753 -0.04331565790291273 -0.037649527192115784 -0.0028521957721457836 0.9999944780534011 0.0017055327563844653 -0.10510650277137756 0.0433204046689551 -0.0015803799743225632 0.9990599806510391 4.738679885864258
0.998449288694667 0.003168353898744725 -0.0555785879515302 -0.048397377133369446 -0.003025369586985036 0.9999918947733888 0.002656600532627216 -0.1316014677286148 0.05558655452513507 -0.0024843351424713844 0.9984507814784483 5.855215072631836
0.9987329350292207 0.00256363373597083 -0.050258852652905216 -0.04678730294108391 -0.0024426739260468735 0.9999939711157332 0.0024680105910141552 -0.11722881346940994 0.05026487672331104 -0.0023421174723184854 0.9987331759052246 4.991973400115967
0.999306841021319 0.0029444589795915434 -0.037110209502369464 -0.032799504697322845 -0.0028979304688498066 0.9999949461819113 0.0013075204143663613 -0.09836582094430923 0.037113871894346485 -0.0011990712880290183 0.999310323543721 4.262873649597168
0.9997683229066213 0.0012348253119583673 -0.02148896737701957 -0.021775320172309875 -0.0012285116155070059 0.999999198251763 0.0003070098398335421 -0.06756322830915451 0.021489329251799107 -0.0002805392666582911 0.9997690383413699 2.885560989379883
0.9999998947398683 8.769482034954902e-05 0.0004503663737671881 -0.0015072217211127281 -8.771866177529726e-05 0.9999999947525413 5.2918366098080864e-05 -0.017217259854078293 -0.0004503617307373011 -5.295786606350213e-05 0.9999998971848826 0.867875337600708
0.999999706514364 8.345728580943186e-05 0.0007615812938560682 -0.001209450769238174 -8.348938095246997e-05 0.9999999956280903 4.2111072357564856e-05 -0.015429342165589333 -0.0007615777760507022 -4.217464394933903e-05 0.9999997091102528 0.8159213066101074
0.9999943788318005 0.00021927151910537018 -0.0033457771597021095 -0.0066153849475085735 -0.00021758295521127755 0.9999998487957372 0.000505040751083156 -0.014282935298979282 0.003345887394859041 -0.0005043099280822602 0.9999942753381328 0.762569785118103
0.9999977778714233 0.00021354609283840266 -0.0020972959451346198 -0.00521367322653532 -0.00021275760760879075 0.9999999066154757 0.00037616916406174936 -0.014799550175666809 0.0020973760787348673 -0.0003757221124977658 0.9999977299206625 0.78275465965271
0.9999998382011981 0.00012916814538398193 0.0005539974438613111 -0.0015581549378111959 -0.00012927236552145953 0.9999999739549938 0.00018809217750642864 -0.017603982239961624 -0.0005539731339147145 -0.00018816376363340044 0.9999998288540679 0.8903454542160034
0.9999993169415223 6.600106045987289e-05 0.0011669448783548084 -0.0005748096737079322 -6.599665603239876e-05 0.999999997814952 -3.812830337210253e-06 -0.017124520614743233 -0.0011669451274558234 3.7358132730786153e-06 0.999999319112325 0.8853602409362793
0.9999998436648209 0.00012056259985778634 -0.0005460173929589747 -0.002503387862816453 -0.00012044844440085196 0.9999999708852397 0.00020909732654049201 -0.017682859674096107 0.0005460425863791201 -0.00020903152690562627 0.9999998290716428 0.8847948908805847
0.9999993226608198 0.00021626513579775538 0.0011436377452504777 -0.0003170727286487818 -0.00021641550808386003 0.999999967953936 0.0001313638260648215 -0.01120237447321415 -0.0011436092991857067 -0.00013161123803065756 0.9999993374179068 0.6616271734237671
0.9999926225130559 0.00022681477212356172 -0.003834510988398085 -0.0056303818710148335 -0.00022713534117232826 0.9999999707464967 -8.316575355867971e-05 -0.02842046320438385 0.003834492013003763 8.403609296599748e-05 0.999992644777419 1.3193986415863037
0.9999862928752166 0.0003208632944930912 -0.005226003102531326 -0.0061076548881828785 -0.00031903637143057057 0.9999998877132096 0.00035041313011807484 -0.029556766152381897 0.005226114950431575 -0.0003487410418946581 0.9999862829570266 1.4243512153625488
0.9999873086414387 0.0003219019779718433 -0.005027816143068064 -0.006801556795835495 -0.00032137663581177574 0.999999942815039 0.00010529471308605059 -0.030248403549194336 0.0050278497501290076 -0.00010367755411555284 0.9999873549089783 1.3922550678253174
0.9997868218760613 0.0019492496440548209 -0.02055507793199248 -0.017390938475728035 -0.0019166959825916412 0.9999968778310272 0.0016033105463860444 -0.060374677181243896 0.020558139008077778 -0.0015635709203575662 0.9997874364916283 2.9683690071105957
0.9987222849354356 0.003533951685352054 -0.05041139512876112 -0.042622070759534836 -0.003445492337446395 0.9999923686224083 0.0018415426951234944 -0.12027328461408615 0.050417518343281044 -0.0016654976526437675 0.9987268395120228 5.476381778717041
0.9968531404967875 0.004069406484616421 -0.07916600414669886 -0.0684792771935463 -0.0037601853768662666 0.9999847102300848 0.004054665459096948 -0.17807349562644958 0.07918129379862254 -0.0037442271454272893 0.996853200564386 7.845982074737549
0.9997264528111127 0.0015062109306391558 -0.023339898850310493 -0.021580830216407776 -0.0014789741136625632 0.9999982051729394 0.0011841817728921841 -0.06341095268726349 0.02334164058675864 -0.001149338737081966 0.9997268861219979 2.8656277656555176
0.9996142835506434 0.001965784373106339 -0.027702343101843857 -0.026192961260676384 -0.0019407183740518844 0.9999976827797838 0.0009316905362379685 -0.08099496364593506 0.027704110412111092 -0.0008775687216103938 0.9996157822580696 3.458224296569824
0.9999736023350947 0.0003689084790228316 -0.00725662039162752 -0.008461255580186844 -0.0003665128746617548 0.9999998779033383 0.0003314537998166414 -0.031652458012104034 0.007256741781735552 -0.00032878540541023767 0.9999736154513631 1.4605789184570312
0.9999843642353546 0.0003012217987270792 -0.0055839547134076935 -0.007821481674909592 -0.00030155895994535644 0.9999999527586786 -5.9538509986535754e-05 -0.027290042489767075 0.005583936515317223 6.122147063216346e-05 0.9999844078309043 1.2477083206176758
0.9999999556764555 0.00012373700531299485 -0.00027080664710780913 -0.0023337900638580322 -0.0001236838924388679 0.9999999731164112 0.00019613635894068386 -0.017477910965681076 0.00027083090915324293 -0.00019610285582701267 0.9999999440971425 0.872173011302948
0.9999998725437352 0.00015845793584853563 -0.00047937834354325057 -0.0026444140821695328 -0.00015849366145617407 0.9999999846656638 -7.448779644844946e-05 -0.019221341237425804 0.0004793665330098307 7.45637653834041e-05 0.9999998823239792 0.9334012269973755
0.999999974639645 0.00014825142805931956 0.0001695353160975431 -0.001871919259428978 -0.0001482608595802761 0.9999999874625449 5.562038589448204e-05 -0.018802190199494362 -0.00016952706817036363 -5.564551993562314e-05 0.9999999840820744 0.9386903047561646
0.9999999778360656 0.00013722160557333047 -0.00015968124279237567 -0.002196566667407751 -0.00013721775879011613 0.9999999902952119 2.410109494289659e-05 -0.019271381199359894 0.00015968454843364718 -2.4079183306464714e-05 0.999999986960519 0.9537813067436218
0.9999946866516547 0.00028285986394896727 -0.0032475619711838074 -0.004822773393243551 -0.00028180600162857434 0.9999999074926086 0.00032496177026994784 -0.02461746707558632 0.0032476535894024475 -0.00032404486118072314 0.9999946738563619 1.1840815544128418
0.9999905807908024 0.00030550503666488724 -0.004329549208231096 -0.006355164106935263 -0.0003053972199563191 0.9999999530395186 2.556362265089005e-05 -0.02600260265171528 0.004329556814728856 -2.4241149569922593e-05 0.999990627131152 1.2019195556640625
0.9999937081021669 0.00029003568019183234 -0.0035354823408140293 -0.005519152618944645 -0.00028959892743145093 0.9999999503725926 0.00012404544875355592 -0.02327187918126583 0.003535518142963311 -0.0001230207963784131 0.9999937424690938 1.0899021625518799
0.9999973225443083 0.00021204155336885627 -0.002304331268378724 -0.004166808910667896 -0.00021165718506498148 0.9999999636485809 0.00016704512232265957 -0.023387659341096878 0.0023043666051202325 -0.00016655694679702378 0.9999973310731047 1.1247621774673462
0.9999909518626532 0.0002848379087080427 -0.004244415176526455 -0.0061600045301020145 -0.00028411414451058175 0.9999999449979466 0.00017112351275382166 -0.024215959012508392 0.0042444636855384086 -0.00016991606601794845 0.9999909777875762 1.1293827295303345
0.9999930313850178 0.0003084381208234693 -0.003720490199931739 -0.0057068136520683765 -0.00030836739416017063 0.9999999522630137 1.9583664818308175e-05 -0.023937838152050972 0.003720496062675526 -1.8436250479336716e-05 0.999993078760624 1.1119177341461182
0.999815340898069 0.0005302549534186673 -0.019209449095764556 -0.020607102662324905 -0.0005401758436298666 0.9999997234045295 -0.0005112738237409264 -0.0617988146841526 0.019209172677040347 0.0005215558927467632 0.999815350784591 2.590505599975586
0.999999631175314 0.00014737502075553663 -0.0008461263732349589 -0.002875720616430044 -0.0001473484373799495 0.9999999886487242 3.147998842292412e-05 -0.017481863498687744 0.0008461310029942922 -3.135530141340513e-05 0.9999996415395213 0.8543502688407898
0.9999995403284637 0.0001346582351700436 -0.0009493208210359331 -0.0032163236755877733 -0.0001343991904614937 0.9999999537224246 0.0002729322381161854 -0.015174812637269497 0.0009493575296771728 -0.0002728045247071687 0.9999995121488672 0.7818158268928528
0.9999999537861018 0.00014242335605009054 -0.00026859520081731845 -0.002512841485440731 -0.00014239037201217318 0.9999999823204633 0.0001228171622284363 -0.016867833212018013 0.00026861268810110485 -0.0001227789111820114 0.9999999563862805 0.8445299863815308
0.9999999316921687 0.00012996938562392642 -0.00034601100690072 -0.002402575220912695 -0.00012989507366139246 0.9999999684981018 0.0002147814364867978 -0.01763845421373844 0.00034603891101206 -0.00021473647669031465 0.9999999170726555 0.882960855960846
0.999999378808302 0.0001741476171951334 -0.0011009339750793188 -0.0031712395139038563 -0.00017404678065572793 0.9999999806506099 9.16869571249132e-05 -0.018972937017679214 0.001100949920842029 -9.149528615565954e-05 0.999999389768756 0.9261457920074463
0.9999989985617639 0.0002324798950472276 -0.0013960045012734207 -0.003308668965473771 -0.00023230231327517757 0.9999999649065179 0.00012736796319615305 -0.021351845934987068 0.001396034062773478 -0.00012704354057001626 0.9999990174739344 1.0389500856399536
0.9999704501937491 0.0007045814074637826 -0.007655214193681324 -0.008026937954127789 -0.0007016174201588875 0.9999996778694478 0.00038986407447469694 -0.0400257408618927 0.00765548641868126 -0.00038448152243349766 0.9999706224193051 1.907724380493164
0.9998977043340718 0.0009396327365308772 -0.014272279347525627 -0.013676779344677925 -0.000932542657495989 0.9999994384662454 0.0005034196918791623 -0.04832012951374054 0.01427274436278172 -0.0004900586849152735 0.9998980191053687 2.22593092918396
0.9999260276099154 0.0007229878312378442 -0.01214152366263695 -0.01252327486872673 -0.0007175956363156945 0.99999964196887 0.00044846252296060175 -0.04241103678941727 0.01214184354854038 -0.00043971664471738304 0.9999261884181827 1.9297924041748047
0.9999851343563729 0.0003247426979342749 -0.005442941157820983 -0.007048139348626137 -0.0003261887106690735 0.9999999117457273 -0.00026478191621276214 -0.0326748862862587 0.005442854691464333 0.00026655340601767396 0.9999851520308138 1.4882094860076904
