0.9887352677970287 0.0008338336544691898 0.1496725590606856 0.17820356786251068 3.322711605170133e-05 0.9999832346121147 -0.005790456860302932 0.07908980548381805 -0.14967487801998203 0.005730202101928427 0.9887186635608607 -1.5524890422821045
0.998659284186756 0.002172525513412246 0.05171957308881749 0.06203813478350639 -0.0021959931917105518 0.9999975100284056 0.0003969268074190365 0.013659212738275528 -0.05171858197493356 -0.0005099704717528488 0.9986615684047423 -1.1277401447296143
0.9998884896710974 0.00031988397032682917 0.014930033405758306 0.014169896021485329 -0.00032675054513973153 0.9999998419731259 0.00045747984058591744 -0.015533100813627243 -0.014929884705944045 -0.0004623072234127134 0.9998884361841067 0.7239428758621216
0.999975223843544 6.829770269862571e-06 0.007039293459434124 0.005317165516316891 -1.1900654365791853e-05 0.9999997404938773 0.0007203266982748584 -0.009876405820250511 -0.007039286713028504 -0.0007203926235463227 0.9999749644251297 0.5590448975563049
0.9999998944901112 0.0001848446892411907 0.00042053799731638406 -0.0019833892583847046 -0.0001852077015933678 0.9999996101759406 0.0008633342769429836 -0.012165816500782967 -0.0004203782506244221 -0.0008634120727285957 0.9999995389007531 0.6274717450141907
0.9998992026392615 0.0005609355399907733 -0.01418696277182192 -0.018671732395887375 -0.000543108436416461 0.9999990582057544 0.001260405026292878 -0.013404924422502518 0.01418765641659605 -0.0012525729216242634 0.9998985655887703 0.7045507431030273
0.9999625204070222 -3.883649704713296e-05 0.008657729088049054 0.008591852150857449 3.407864383975664e-05 0.9999998483361145 0.0005496966378345127 -0.009768735617399216 -0.008657749123276073 -0.0005493809917622127 0.9999623700723163 0.5957860350608826
0.9997932986754448 -0.0002477374828640152 0.020329745443870326 0.021126700565218925 0.0002323387465045825 0.9999996843559652 0.0007598069996434429 -0.006146474275738001 -0.020329927259581 -0.0007549265589570241 0.9997930406556702 0.4413670599460602
0.9998560824592407 -0.00018747057237556125 0.01696405682744251 0.017107514664530754 0.00017862231168295367 0.9999998472289598 0.0005231024056698614 -0.009438663721084595 -0.0169641523021333 -0.0005199969630120333 0.999855963196614 0.41280609369277954
0.9999034221484188 -0.00014991738717685935 0.01389690255627319 0.013092895038425922 0.0001349229454037902 0.9999994077965116 0.0010799085262989856 -0.009712780825793743 -0.013897056223543668 -0.0010779292200287294 0.9999028502294194 0.4818357527256012
0.9992137724005001 -0.0006704501360579162 0.03964073084311589 0.04478774592280388 0.0006458969549817139 0.9999995915723034 0.0006321964485826117 -0.001769600436091423 -0.039641138508938474 -0.0006060955709416121 0.9992137973356222 0.07149875164031982
0.9985437430158968 -0.0007658517006812556 0.053942624657829855 0.06216356158256531 0.0007389309854603008 0.9999995923074706 0.0005190047124119878 0.0022664936259388924 -0.05394300014646643 -0.0004783890313780299 0.9985439018286243 -0.18020766973495483
0.9958864328546836 -3.976697157105931e-05 0.09061021617103647 0.11919819563627243 0.00017904131635305251 0.9999988151374172 -0.0015289434158536896 0.044118765741586685 -0.09061004800893234 0.001538876976829483 0.9958852599860434 -1.2487423419952393
0.996698054246133 -0.0008866275539664374 0.08119237989831882 0.09018494933843613 0.0009830643948537253 0.9999988580802316 -0.0011477903241309411 0.01603996753692627 -0.08119126952060762 0.001223817720555322 0.9966977877089016 -0.7462661862373352
0.9994869654392884 0.0002410613608679594 0.03202729783143545 0.040666159242391586 -0.0002519922190600891 0.9999999113770411 0.0003372622596868157 0.005730651319026947 -0.03202721369218226 -0.0003451598623426144 0.9994869376073832 -0.03278845548629761
0.9966016811382231 -0.0014604410105045838 0.08235870484971244 0.09277389943599701 0.0014459741198680472 0.9999989268952264 0.00023530244423911772 0.024422578513622284 -0.08235896011553256 -0.00011541425574610251 0.9966027234401066 -0.6851380467414856
0.9995477065190893 -0.0008484601118315961 0.03006097982214473 0.02809605561196804 0.0008066649441681551 0.9999986912173248 0.0014024461863354064 0.0065654367208480835 -0.03006213039850323 -0.0013775627304581284 0.9995470827513966 -0.4129580855369568
0.9999814801569646 -0.00023843026490811672 0.0060813233835364305 0.004397598560899496 0.00023282535088621305 0.999999547529888 0.0009223515466178355 -0.01077378448098898 -0.006081540548442955 -0.0009209185785613442 0.9999810832078422 0.5239859223365784
0.9999946778069732 0.0005568348377135032 -0.003214699471400892 -0.004610125441104174 -0.0005534645456582316 0.9999992964333994 0.0010491947878889447 -0.019100647419691086 0.003215281437855157 -0.001047409981689394 0.9999942824324576 0.9594791531562805
0.9999869956456198 0.00031387684689323814 -0.005090188697126684 -0.006240978837013245 -0.00031058093375305396 0.9999997416357934 0.000648280672194085 -0.024671610444784164 0.00509039086229741 -0.000646691326163953 0.9999868347689372 1.161510944366455
0.9999954364072134 7.216113442173484e-05 -0.0030202578561592773 -0.004367954097688198 -7.151227368690195e-05 0.9999999743426117 0.00021494364626487253 -0.01771390438079834 0.003020273289244699 -0.0002147266798431842 0.9999954159103488 0.9161558151245117
0.9994235811697703 0.000177126789556975 0.03394810786909608 0.04198408126831055 -0.00017493325359929952 0.9999999824153423 -6.758455208215389e-05 0.004451218992471695 -0.03394811924316496 6.160694211062013e-05 0.9994235945806144 -0.03013622760772705
0.9990488446730178 -0.00024185463097326572 0.04360444316633256 0.051075875759124756 0.00020347463289885776 0.9999995880212212 0.0008846216489745901 0.0016763079911470413 -0.04360463915206977 -0.0008749078383147755 0.999048482297377 0.041679978370666504
0.9938335028546038 -0.0015152371444245832 0.11087232594360255 0.1314791738986969 0.0016196020459027483 0.9999983261291647 -0.000851250892352533 0.024246595799922943 -0.11087085051067838 0.0010255707020870803 0.9938342933868674 -1.0891060829162598
0.998248312912761 -0.0018526940924250767 0.059134366416035825 0.061518698930740356 0.001840496429881618 0.9999982722934223 0.0002607356161313464 0.006662366911768913 -0.059134747312537705 -0.00015144229864736043 0.9982499981094476 -0.33506637811660767
0.9993348098342378 2.0480942836059785e-05 0.036468307255736666 0.04181355983018875 -3.9910573562155957e-05 0.9999998576631725 0.00053205336305246 0.00532139278948307 -0.03646829116799898 -0.0005331549174471142 0.9993346684094974 -0.0040662288665771484
0.996295439259891 -0.0011639028529166593 0.08598862157337878 0.1018764078617096 0.0011464239963533676 0.9999993109396833 0.00025265030994703905 0.012664664536714554 -0.08598885638244849 -0.0001531349323427626 0.9962960870784001 -0.6065321564674377
0.9988727552805543 -0.0005594221594323726 0.047464784894501004 0.054311927407979965 0.0005325548574958848 0.9999996907509193 0.0005786911001003809 0.0035649407655000687 -0.047465093948684776 -0.0005527611718580387 0.9988727443030615 -0.062111079692840576
0.9987432800663423 0.0002450172291083027 0.050117865964959506 0.06548425555229187 -0.0002433610826795226 0.9999999696214386 -3.914723165908134e-05 0.010981500148773193 -0.05011787403419706 2.6901296429888108e-05 0.9987433093536161 -0.14132797718048096
0.9981184274310674 -0.001102259272459074 0.06130570811131242 0.06704317778348923 0.0010682728702654035 0.9999992570239908 0.0005871495049848281 0.0018223412334918976 -0.061306309753628246 -0.0005205535158146615 0.9981188633666982 -0.10425013303756714
0.9998687040023191 0.00012455678040097914 0.0162036799009269 0.017566319555044174 -0.00013289197668888477 0.9999998594182055 0.0005133257176465454 -0.00913911685347557 -0.01620361368478581 -0.0005154116590859798 0.9998685799915789 0.5403189063072205
0.9999879399119386 0.00028996755211452735 -0.00490264719261025 -0.00898058246821165 -0.00028331433102079894 0.9999990381817221 0.0013577071186054535 -0.01542468648403883 0.0049030361681642425 -0.0013563017543284366 0.9999870602572237 0.6703718304634094
0.9999873730794147 0.0003320161981451454 -0.005014324179374065 -0.007670282386243343 -0.00032853766337973786 0.9999997048473517 0.0006945273309726185 -0.01624692603945732 0.00501455329370694 -0.0006928711668818458 0.9999871870103191 0.8181182146072388
0.999981717767097 0.0003487158567241578 0.0060367647640608615 0.008389213122427464 -0.0003497007414381274 0.9999999257176224 0.00016209299935567004 -0.01280515268445015 -0.006036707791236485 -0.0001642010970475836 0.9999817654322715 0.7081969976425171
0.9999363270578114 0.001107727002293922 -0.011230083304336714 -0.01629786752164364 -0.001087982246897736 0.9999978520167531 0.0017641588678332643 -0.019005194306373596 0.011232013388720145 -0.0017518284073813597 0.9999353843986456 0.9137489795684814
0.9997469788702594 0.0009949691818767828 -0.02247194419973347 -0.027627581730484962 -0.0009591566459744077 0.9999982529939478 0.0016043776302979104 -0.01964086852967739 0.022473501247409187 -0.0015824175742302216 0.9997461866375401 0.9628716707229614
0.9997554954725298 0.0009073161269022869 -0.022093574856106 -0.027393760159611702 -0.000874925707120352 0.9999985284382702 0.001475678251219101 -0.014499479904770851 0.022094881250722214 -0.0014559872046017938 0.9997548181048075 0.771300733089447
0.9999159811365667 0.0004975310421749799 -0.012953112774888118 -0.016816237941384315 -0.0004835903427167653 0.9999993005684089 0.0010793530808558343 -0.014424508437514305 0.012953640726735036 -0.0010729983945906806 0.9999155223649484 0.7314957976341248
0.9999833457720949 0.0002294183842341544 -0.005766762146326302 -0.008902625180780888 -0.00022342509649753083 0.9999994343403044 0.0010399039849748755 -0.010889092460274696 0.005766997457393371 -0.0010385982267878888 0.9999828313796443 0.59014892578125
0.9996388703801689 0.0009288486575013964 -0.026856397100721165 -0.033826760947704315 -0.0008745815776953261 0.9999975523995427 0.0020323144412721776 -0.01211333554238081 0.02685821907953173 -0.002008092402183063 0.9996372360175367 0.6648479700088501
0.9994046248382547 0.001264304486826328 -0.03447894119708758 -0.04175816476345062 -0.0011945190964735906 0.9999971965183406 0.0020445242937019766 -0.01870362088084221 0.03448142943724625 -0.00200212128103381 0.9994033332615718 0.9312459230422974
0.9992759966647176 0.0013355264130880124 -0.038022346836235905 -0.04617449268698692 -0.001254239665728541 0.9999968770914153 0.002161640644850283 -0.019483225420117378 0.03802511502409937 -0.0021123864742276345 0.9992745510873311 0.9632120132446289
0.9996925221229904 0.000985071132893369 -0.02477682074516287 -0.03002760373055935 -0.0009520993342334209 0.9999986455813927 0.001342513403369658 -0.01935676671564579 0.024778109658175004 -0.0013185106156626421 0.9996921060064066 0.9569103717803955
0.9999357732655072 0.0005175874451019003 -0.011321724566012714 -0.015224658884108067 -0.0005105571241505291 0.9999996750775112 0.0006238399592964118 -0.015381907112896442 0.011322043779060476 -0.0006180195049581322 0.9999357126218447 0.7934733629226685
0.9999490254611625 0.0004638017075006778 -0.010086196867362767 -0.014166516251862049 -0.00045673866197444443 0.999999648899123 0.000702560620310724 -0.013287346810102463 0.010086519174905526 -0.0006979180515454883 0.9999488862143541 0.708737850189209
0.9998998899851788 0.0005358259259665687 -0.014139409400844544 -0.01891573891043663 -0.0005228504752176972 0.9999994388609911 0.0009213604525863448 -0.013266867026686668 0.014139895155488021 -0.0009138754182532513 0.9998996090591854 0.7170944213867188
0.9999994681823787 0.00020021594944108248 -0.0010117057541724375 -0.003155158367007971 -0.00020008335484196073 0.9999999713818586 0.00013115995102326442 -0.014904161915183067 0.0010117319855334223 -0.00013095745578868356 0.9999994796241316 0.7556355595588684
0.9999700181077192 0.0004592629527122378 -0.007729939403881155 -0.011772857047617435 -0.00045381357067830367 0.9999996473069769 0.000706710099427646 -0.013463499955832958 0.007730261243352433 -0.0007031809595195691 0.9999698738450311 0.7216185927391052
0.9996322928132927 0.0010085403157108442 -0.02709726944308622 -0.03357676789164543 -0.0009644413608390154 0.9999981893839568 0.0016404516663738214 -0.014740850776433945 0.02709887484197695 -0.0016137147330899382 0.9996314555410204 0.755353569984436
0.9995322431444442 0.001185013327599064 -0.030559624638549977 -0.037893179804086685 -0.0011248383935740932 0.9999973948400496 0.0019862154219370564 -0.0139363594353199 0.030561898717586244 -0.001950911716970181 0.9995309721515631 0.7590170502662659
0.9998810905309391 0.0006065274942694129 -0.015408988385313153 -0.01992039754986763 -0.0005918888514835907 0.9999993692512674 0.0009545494513102548 -0.014473974704742432 0.015409557626600118 -0.0009453155379039001 0.9998808188540704 0.752578616142273
0.9998793420116444 0.0006486154492022607 -0.015520332353386531 -0.0204873476177454 -0.000633917911830139 0.9999993460295277 0.0009518868617249952 -0.014268504455685616 0.015520939612071865 -0.0009419333922947489 0.9998790992890303 0.7505657076835632
0.9999850599660147 0.00038701358021846894 -0.00545252833599144 -0.00778337474912405 -0.0003855321892930032 0.9999998884896532 0.00027273725908794126 -0.017740614712238312 0.005452633281001213 -0.0002706310591974645 0.9999850976635266 0.8660531640052795
0.9999773562934042 0.00032931886364483197 -0.006721491615768359 -0.009926630184054375 -0.00032667702229453725 0.999999868968665 0.00039413801716777424 -0.014717279002070427 0.00672162053212627 -0.0003919333355557382 0.9999773328459417 0.7518135905265808
0.9999990874446005 0.00024137527659005747 -0.0013292283258007475 -0.0036522482987493277 -0.00024117487819681833 0.9999999595287368 0.0001509211818768712 -0.014933984726667404 0.0013292647006472166 -0.000150600467673361 0.9999991051870271 0.7687206268310547
0.9999938832861154 0.00037614566585833156 -0.0034773416272941993 -0.005823066458106041 -0.00037529719267000394 0.9999998996492345 0.0002446498269522409 -0.015155823901295662 0.0034774333023123664 -0.00024334329394856948 0.9999939241023763 0.7848461270332336
0.9991589143134338 0.0014832734380656244 -0.040978821943876864 -0.051427457481622696 -0.0013606812128772608 0.9999945160848411 0.0030193288792990784 -0.010819236747920513 0.04098307570982146 -0.002961030251850789 0.9991554532730182 0.662494421005249
0.9988356608165051 0.0016880097014969283 -0.04821279191774545 -0.058935534209012985 -0.0015174169221327082 0.9999924594120945 0.003574711853502575 -0.009733512997627258 0.04821846251323857 -0.0034973907701025876 0.998830690422887 0.5895465016365051
0.9996162134385356 0.001259231656889651 -0.027673817344896254 -0.0351148322224617 -0.0011952065617761448 0.9999965713279159 0.0023299814779456874 -0.015339268371462822 0.02767665644688825 -0.002296011334285976 0.9996142911242686 0.8298171162605286
0.999666839032913 0.000804681095853381 -0.025798515970461604 -0.03112090192735195 -0.0007630880605790373 0.9999983933559314 0.001622030261057701 -0.017363164573907852 0.025799779738516913 -0.0016018033243695657 0.9996658469666522 0.8572394847869873
0.9992006330622295 0.0013273312412146934 -0.03995413720525161 -0.04805383086204529 -0.0012193215163487973 0.9999955367452625 0.0027275895208369776 -0.015472196973860264 0.03995757929454366 -0.0026766922367926953 0.999197791818812 0.7901953458786011
0.9994688509535192 0.001291537291117917 -0.03256298366362167 -0.03911067545413971 -0.001233277473974701 0.999997602973403 0.0018091639284928465 -0.019313037395477295 0.03256524221196314 -0.0017680437985595498 0.9994680480239487 0.9577217102050781
0.9998659540330381 0.0008323755250626134 -0.01635179245794687 -0.018711525946855545 -0.0008156436943610444 0.9999991370319898 0.0010298837989251193 -0.02555551379919052 0.016352635596940956 -0.0010164085107456093 0.9998657701025537 1.1914422512054443
0.9998039661332834 0.0007109585782927693 -0.019786961415444528 -0.023921215906739235 -0.0006862248681937466 0.9999989748216144 0.0012567621693846415 -0.016104677692055702 0.01978783463612457 -0.0012429374964477657 0.9998034290333241 0.8009304404258728
0.9997925155790366 0.0010540070180324402 -0.020342439906459935 -0.02571049891412258 -0.0010166984203131414 0.9999977824704076 0.0018442826761732257 -0.018734825775027275 0.02034433868338138 -0.0018232178897318542 0.9997913701168172 0.9490644931793213
0.9988587402884848 0.001179547037228399 -0.04774751949670697 -0.05642859265208244 -0.0010380311337864826 0.9999949955918275 0.0029885251657777445 -0.012486395426094532 0.04775080565463516 -0.0029355510706105337 0.99885496599819 0.48754072189331055
0.9992730929912068 0.0018422962913233556 -0.038077441722915044 -0.04694907367229462 -0.0017091361862588224 0.9999923112688895 0.0035293422335046804 -0.005582848098129034 0.03808365104981185 -0.00346169719636992 0.9992685585843462 0.41737639904022217
0.99997035760172 0.000380588752574811 -0.0076901931113241345 -0.013547290116548538 -0.00035779963381283816 0.9999955416759689 0.0029645585856186243 -0.0038596084341406822 0.007691287103605418 -0.0029617191607131236 0.9999660355843607 0.2871154546737671
0.9988986541076367 0.001381597648191817 -0.04689957366427415 -0.056734662503004074 -0.0012132779884877743 0.9999927218294757 0.003617215033639148 -0.011446605436503887 0.04690422985696298 -0.0035563290083237293 0.9988930602149111 0.5567318797111511
0.9971754623659252 0.0020775633637365146 -0.07507849882471947 -0.0885506421327591 -0.0017382102814735823 0.9999879779549813 0.004585037679859181 -0.012353543192148209 0.07508712193393167 -0.004441584849804038 0.9971670855196241 0.6164616942405701
0.999242128910742 0.001467988500131008 -0.038897465466167624 -0.04801976680755615 -0.0013762052393797924 0.9999962058296752 0.002386291137589835 -0.01572730578482151 0.03890082093050638 -0.002330951740752968 0.9992403578693744 0.8308149576187134
0.999884664826853 0.0007681575414664991 -0.01516795892938797 -0.019165869802236557 -0.0007514709455041215 0.9999991062593176 0.0011057902080582596 -0.01696603186428547 0.015168794794253605 -0.001094264391115114 0.9998843484373242 0.8519729375839233
0.9999557846383064 0.0006012351789109541 -0.009384417118196934 -0.011829191818833351 -0.000594259887886286 0.9999995451283271 0.0007460551750330355 -0.021364839747548103 0.00938486140410806 -0.0007404454052690903 0.999955687076696 1.0266211032867432
0.9998713465762007 0.0007397704727463029 -0.01602320303630015 -0.019346576184034348 -0.0007251716686116317 0.9999993167145869 0.0009168949831705772 -0.0225382037460804 0.0160238703797144 -0.0009051574486093914 0.9998711998392829 1.0604809522628784
0.9999531865180854 0.00016544927770899935 -0.009674574867338075 -0.012835941277444363 -0.0001597027535902348 0.9999998103827579 0.000594751611062668 -0.018457798287272453 0.009674671434096335 -0.000593178712422751 0.9999530233324252 0.9057720899581909
0.9999540834257469 0.00031033961121296904 -0.009577824883588633 -0.012647736817598343 -0.0003041759270240183 0.999999745734392 0.0006449869434745162 -0.014346787706017494 0.009578022613274438 -0.0006420439841207944 0.9999539235696525 0.6703598499298096
0.999741909250808 0.000598704274996484 -0.02271027170114751 -0.027662118896842003 -0.0005702387844131133 0.9999990437715716 0.0012598744663616056 -0.01484406366944313 0.022711004277169062 -0.0012465990266881408 0.9997412946735714 0.6783357262611389
0.9999974754047702 0.00024988121512425974 -0.002233101758510745 -0.005351214203983545 -0.00024795573921138493 0.9999995973246896 0.0008624780632656277 -0.011328109540045261 0.0022333163763622686 -0.0008619221754603579 0.9999971346899581 0.62936931848526
0.9999841041872853 0.0005286467911861607 -0.005613546590415262 -0.008344083093106747 -0.0005251402985933507 0.9999996661107085 0.0006261039359936536 -0.016020838171243668 0.005613875703948879 -0.0006231460840300888 0.9999840479170349 0.8276834487915039
0.9999824322731348 0.000313421259526146 -0.005919198612924013 -0.0075943199917674065 -0.0003102487031501 0.9999998077485102 0.0005368879628198978 -0.020942026749253273 0.005919365747050793 -0.0005350421072254623 0.9999823372635618 1.014502763748169
0.999989432079411 0.0004510702010629177 -0.00457517925016565 -0.006112707778811455 -0.0004495023368321233 0.9999998399049693 0.0003437116308918519 -0.019762195646762848 0.00457533355577664 -0.0003416514448102558 0.9999894747431815 0.9900866150856018
0.9999884839143196 0.00027774350943312145 -0.004791126932523592 -0.006094536744058132 -0.0002746241671487442 0.9999997499264176 0.0006517121060403701 -0.02317952737212181 0.004791306743196788 -0.0006503888416243698 0.9999883101186969 1.1224727630615234
0.9999699047691515 0.000286888274023978 -0.007752886629679918 -0.010710697621107101 -0.0002827920851298945 0.9999998198637036 0.0005294347904511902 -0.01497001200914383 0.007753037121736873 -0.0005272264020131695 0.9999698057680093 0.7836878895759583
0.9999730417927417 0.000595221315458711 -0.007318565389279548 -0.00991116277873516 -0.000589096103448157 0.9999994744644928 0.0008390688405223573 -0.018300604075193405 0.00731906097477259 -0.0008347348823769954 0.9999728669139597 0.9125040769577026
0.999984405332814 0.0004178113591877786 -0.005569068579772459 -0.006345037836581469 -0.00041304237735525487 0.9999995470820999 0.0008574564648087121 -0.01421327143907547 0.00556942431249262 -0.0008551428317346732 0.9999841249957743 0.8320037126541138
0.9994226876202023 -0.0008319077462429208 0.03396467870469825 0.03552417829632759 0.0007785568258944053 0.9999984424400044 0.0015839718539369784 -0.004044895060360432 -0.03396594352112856 -0.001556613974931596 0.9994217786468597 0.11502373218536377
0.9999814232247232 9.933130157837045e-05 0.006094533513711269 0.002543853363022208 -0.00010752162753740545 0.9999990916319652 0.0013435677668979954 -0.012538342736661434 -0.006094394519296793 -0.0013441981019039959 0.999980525553826 0.6145655512809753
0.9999974095514524 0.0006127130139695679 -0.0021921389433923895 -0.0049352399073541164 -0.0006109134145333092 0.9999994759541132 0.0008215085506872461 -0.0165704395622015 0.002192641143591086 -0.0008201672155245749 0.9999972598215227 0.8219608068466187
0.999744984049623 -0.00018534168475029474 0.022581685412720043 0.027084821835160255 0.00018209605784905503 0.9999999727939552 0.00014578447967499602 -0.006146347615867853 -0.02258171181830277 -0.00014163526641411766 0.9997449906005064 0.3268214166164398
0.9996864965676787 -0.000355880788478603 0.02503561321607757 0.02540994994342327 0.0003363657857816556 0.999999636338778 0.0007836966059478424 -0.008737265132367611 -0.025035883014161923 -0.0007750297906600277 0.9996862527265867 0.4669986069202423
0.999993806507062 0.0002819587177739391 -0.0035081970865341993 -0.006608427967876196 -0.00027974210695085104 0.9999997609627553 0.0006323122534168431 -0.016723517328500748 0.0035083745338966403 -0.0006313269467507812 0.9999936463470237 0.7321099042892456
0.9999872538966877 0.0001301864263913466 -0.005047285969279961 -0.007185173686593771 -0.00012775096463106433 0.9999998752685592 0.00048284837906317714 -0.018402207642793655 0.005047348200029669 -0.0004821974289765091 0.9999871457982783 0.9063141345977783
0.9999795407820367 0.0006062832257752246 -0.006367922580963084 -0.008439923636615276 -0.0006020638300704685 0.9999995979809142 0.0006644976707325339 -0.021049119532108307 0.006368322894728002 -0.0006606501797711653 0.9999795037923769 1.035856008529663
0.9999625130689381 0.0004084205368750442 -0.008649025928906663 -0.009902638383209705 -0.00040310327088322815 0.9999997287076065 0.0006165163960413134 -0.026054129004478455 0.008649275380449179 -0.0006130068340917804 0.9999624064223688 1.2172517776489258
0.9999729782366948 0.0002634188264892029 -0.007346659578101052 -0.009039086289703846 -0.00026011756251622515 0.9999998647809168 0.0004503076743602855 -0.024126630276441574 0.007346777204211619 -0.0004483845110708023 0.9999729115411287 1.147064208984375
0.9999573731106568 0.0004185595044891525 -0.009223706932463525 -0.011250574141740799 -0.0004131769642402894 0.9999997432648627 0.000585452820455428 -0.02416788414120674 0.00922394961125629 -0.0005816168411934372 0.9999572893256087 1.1434714794158936
0.9999745440030089 0.00035664465084458394 -0.007126299921222329 -0.008524280972778797 -0.0003527146527562954 0.9999997850424595 0.0005527272457675681 -0.024417348206043243 0.007126495516586006 -0.0005501996251423119 0.9999744548447347 1.1570558547973633
0.9999648766490803 0.0003328524294685432 -0.00837464491484576 -0.009905078448355198 -0.0003279455117943423 0.9999997737699716 0.0005872918754514358 -0.025351690128445625 0.008374838501777155 -0.0005845248205801071 0.9999647595844582 1.1866035461425781
0.9999799102196344 0.00032562073877488755 -0.006330333977514642 -0.007483580149710178 -0.00032248220225324233 0.999999824593706 0.0004968075955398482 -0.02512368932366371 0.006330494637990506 -0.0004947561947423023 0.9999798398237569 1.2022753953933716
0.9999846609082804 0.00027235011406247776 -0.005532067747831688 -0.006686184089630842 -0.0002700470223142887 0.9999998765680574 0.00041705931899217356 -0.02582964301109314 0.005532180651150918 -0.00041555900325848416 0.9999846110255686 1.2391828298568726
0.9999932823331761 0.00023447252734434153 -0.003657910763644199 -0.0051165129989385605 -0.00023348949919209464 0.9999999365164101 0.0002691650604321085 -0.024169445037841797 0.0036579736432388837 -0.00026830916851861925 0.9999932735968856 1.1650092601776123
0.9999903666576386 7.473602240631901e-05 -0.004388736315695876 -0.006050923373550177 -7.395985083573096e-05 0.999999981597391 0.00017701739633705225 -0.024675825610756874 0.004388749464507775 -0.00017669110078460316 0.9999903537826718 1.1694161891937256
0.9999396102064962 0.00041164749071164033 -0.010982098452651273 -0.013887348584830761 -0.0004052624758277623 0.9999997475743203 0.0005836211283612245 -0.021044036373496056 0.010982335926660623 -0.0005791352511930927 0.9999395246213417 1.008692979812622
0.9998799893898903 0.0006799987600354727 -0.015477222598352283 -0.019305074587464333 -0.0006646202871161836 0.9999992803973498 0.000998741536364082 -0.0191116314381361 0.01547789060390821 -0.0009883352006558833 0.9998797218145713 0.9476232528686523
0.9999664342151838 0.0004818689940330591 -0.008179134749056695 -0.01011702511459589 -0.00047751902039951577 0.9999997435259234 0.0005337824209126564 -0.021754784509539604 0.00817938986451886 -0.0005298588116736921 0.9999664078513258 1.0475349426269531
0.999979244602718 0.00033709127325995706 -0.00643402931692844 -0.0076230550184845924 -0.00033471879509562304 0.9999998756010722 0.0003698123422985704 -0.02437649667263031 0.006434153177055423 -0.000367651076155914 0.9999792330371569 1.1515769958496094
0.9999862689257075 0.0002909366930344503 -0.005232333693774505 -0.006885812617838383 -0.00028916216256383965 0.9999999004264958 0.0003399003412717002 -0.028720026835799217 0.005232432062253956 -0.0003383826811487147 0.999986253481454 1.347859263420105
0.9999940321943012 0.0002989634169426133 -0.0034418304226492 -0.0052200364880263805 -0.0002990338516840452 0.9999999550903809 -1.9949731221229147e-05 -0.02929103560745716 0.0034418243038380936 2.0978835973237592e-05 0.9999940766851321 1.3778537511825562
0.9999944548730466 0.0003285289308592494 -0.003313954118515433 -0.004991757217794657 -0.00032871885121307743 0.9999999443608372 -5.6764770547000135e-05 -0.031174108386039734 0.003313935285260422 5.785381496995222e-05 0.9999945072278452 1.47318434715271
0.9999976453805601 0.00024049346169637562 -0.0021567095841151184 -0.0037615092005580664 -0.00024092429300623532 0.9999999510764851 -0.0001995056700217991 -0.031452909111976624 0.002156661498792094 0.00020002480399364286 0.9999976543978777 1.4949305057525635
0.9999982601783894 0.0002145802482113392 -0.0018529963602192142 -0.0035099536180496216 -0.0002148984215857375 0.9999999622014754 -0.00017151010499533048 -0.029959140345454216 0.0018529594874977851 0.00017190801259135861 0.9999982684928873 1.427921175956726
0.9999981217940715 0.00023738929646080945 -0.0019235526119636905 -0.0036287859547883272 -0.0002377062291760611 0.99999995821161 -0.00016453731088549774 -0.02945627085864544 0.0019235134721850514 0.00016499424228855666 0.9999981364346746 1.4034624099731445
0.9999991757601688 0.00023433556896598962 -0.0012623651707095592 -0.0031104821246117353 -0.00023451009427040567 0.9999999629658205 -0.00013810638500354368 -0.02698618918657303 0.0012623327607205932 0.00013840230854594696 0.9999991936800761 1.2955268621444702
0.9999994638540419 0.00024775405450726306 -0.001005439982058566 -0.002708601765334606 -0.00024785311657689183 0.9999999644428716 -9.840268476515224e-05 -0.028288738802075386 0.0010054155666438826 9.865183344003475e-05 0.999999489703547 1.3710598945617676
0.9999995008169329 0.0002183945911162531 -0.00097502291645763 -0.0026922975666821003 -0.000218578755749786 0.9999999582927563 -0.00018877980019624905 -0.02888672798871994 0.000974981647304837 0.00018899282525647622 0.999999506846128 1.3921388387680054
0.9999998898069874 0.00016803877779727084 -0.00043834801471096023 -0.0022240702528506517 -0.00016814608384421064 0.9999999559069993 -0.0002447711045776616 -0.027676284313201904 0.00043830686434562764 0.00024484478410763074 0.9999998739690541 1.336054801940918
0.9999998862274505 0.0002162578752321904 -0.0004251795118546575 -0.002172260545194149 -0.00021630337962894259 0.9999999708839677 -0.00010698089317157737 -0.027037784457206726 0.00042515636401446944 0.00010707284876545155 0.9999999038887308 1.3188366889953613
0.9999996561700696 0.000191607904370622 -0.0008068123409501799 -0.002528069308027625 -0.00019178332790527433 0.9999999579877233 -0.00021735617415296027 -0.028714235872030258 0.0008067706598931253 0.00021751083257514448 0.999999650905009 1.3834254741668701
0.9999998823859342 0.00015392872337847757 -0.00045992832688959993 -0.0023365074303001165 -0.00015395820578359518 0.9999999860961158 -6.406745562608823e-05 -0.023977115750312805 0.0004599184586731552 6.413825783085126e-05 0.9999998921806418 1.1660348176956177
0.9999993017255749 0.00030570013909932744 -0.0011415322105103461 -0.0029468322172760963 -0.00030565875841088075 0.9999999526229918 3.642441150559019e-05 -0.026021268218755722 0.0011415432913756292 -3.607546675320457e-05 0.9999993477885247 1.2697253227233887
0.9999964333905714 0.0003179167775895291 -0.0026518173126057914 -0.004043234512209892 -0.0003180691128337862 0.9999999477901463 -5.702406935421264e-05 -0.03381159156560898 0.002651799045246423 5.786732715164701e-05 0.9999964823004112 1.618039846420288
0.9999997644525238 0.00020513171350166148 -0.0006549930358966421 -0.0024446507450193167 -0.00020524920466229328 0.999999962859349 -0.00017931554533899915 -0.027408123016357422 0.0006549562282647015 0.00017944993990135215 0.9999997694150026 1.325575590133667
0.9999997954185613 0.00023710417340109914 -0.0005940912776700353 -0.002303752116858959 -0.0002371475997138899 0.9999999692139878 -7.302766075906719e-05 -0.02748548984527588 0.0005940739442171943 7.316853313947369e-05 0.9999998208612412 1.341464877128601
0.998721435039218 0.002600517154333367 -0.05048497304876971 -0.055825427174568176 -0.0025327574822072685 0.9999958039986077 0.0014061026685075557 -0.04374147951602936 0.050488417807862715 -0.0012764386816760361 0.9987238308819664 2.307734966278076
0.998049075657816 0.0024715827972657915 -0.06238536572831425 -0.06873945891857147 -0.0021403337570881946 0.9999832586949915 0.005375993038877357 -0.053125351667404175 0.06239760852779163 -0.005231979378977795 0.9980376570259213 2.4843313694000244
0.999998779784656 0.0001946632525927248 -0.0015500114249644202 -0.003210238879546523 -0.00019496926973429447 0.9999999615337322 -0.0001972803039506236 -0.029596105217933655 0.0015499729621156258 0.00019758226782177476 0.9999987792717872 1.4139516353607178
0.999998995403558 0.00027014836008672953 -0.0013914782566103229 -0.0031245662830770016 -0.00027025261676996086 0.9999999606889032 -7.473764519741558e-05 -0.0280810184776783 0.0013914580116574993 7.511362075627058e-05 0.9999990291008017 1.3557932376861572
0.999999147374281 0.00018638375508098288 -0.0012924828072378004 -0.003011690452694893 -0.0001866432336787591 0.9999999624535257 -0.00020064209562833097 -0.028595345094799995 0.0012924453622824175 0.00020088315772633696 0.9999991446151054 1.3688905239105225
0.999999215665003 0.00023329774994566117 -0.0012305452199187258 -0.0030015946831554174 -0.0002334721604191262 0.9999999627211476 -0.00014159256184239412 -0.027828915044665337 0.0012305121408193252 0.00014187974883738042 0.9999992328547097 1.339152455329895
0.9999987651520871 0.000257100131471381 -0.0015503528060908627 -0.003223450854420662 -0.0002572601617975136 0.9999999616016997 -0.00010302333800362077 -0.029143791645765305 0.0015503262592462049 0.00010342205479920501 0.9999987928954557 1.4023025035858154
0.9999987002453382 0.00021748067595365707 -0.0015975637043994517 -0.0033288057893514633 -0.00021781464211646464 0.9999999544637661 -0.00020887615282134703 -0.029217485338449478 0.0015975182051255112 0.00020922385410012572 0.9999987020796393 1.393949270248413
0.9999999679458195 0.00015490770526948512 -0.00020027971156651273 -0.00212391116656363 -0.000154961140885879 0.9999999523978771 -0.00026681695694064946 -0.025799524039030075 0.0002002383700302466 0.0002668479839606512 0.9999999443483728 1.2451848983764648
0.999999975562032 0.00020416249977767237 -8.48151452868276e-05 -0.0018823270220309496 -0.00020417025642346505 0.9999999749752483 -9.14549562594683e-05 -0.02578049525618553 8.479647149186268e-05 9.147227075445684e-05 0.999999992221191 1.2642862796783447
0.9999995655818245 0.00022312138255064102 -0.000905015475438747 -0.0025894036516547203 -0.0002232643905002151 0.9999999626072713 -0.0001579191808989975 -0.028941800817847252 0.0009049802064517756 0.00015812117002455216 0.9999995780041716 1.3992600440979004
0.9999996365243264 0.00018642269202165246 -0.0008319842516764046 -0.002555626444518566 -0.00018663127802523744 0.9999999511745575 -0.0002506384819252662 -0.029087752103805542 0.0008319374863538806 0.0002507936651084624 0.999999622491207 1.3982560634613037
0.9999997440419052 0.00021006107063515833 -0.0006839520967267124 -0.0024054432287812233 -0.0002101722657488122 0.9999999647091355 -0.000162509526807326 -0.028189903125166893 0.000683917935664262 0.00016265323297352983 0.9999997529000609 1.3655211925506592
0.9999997606515949 0.0001839285377432487 -0.0006669835425771021 -0.002412297995761037 -0.0001840843616494546 0.9999999557787788 -0.00023357094966717463 -0.02843526564538479 0.0006669405527190437 0.00023369367500200634 0.9999997502887517 1.3706703186035156
0.9999999442226406 0.00011883983426857593 0.0003121406885002553 -0.001600723247975111 -0.00011876680566727314 0.9999999655765581 -0.00023396864816428053 -0.02463497593998909 -0.00031216848255067036 0.0002339315631616352 0.9999999239134282 1.199432134628296
0.999999694067609 0.0001233540426829863 0.0007724302353167762 -0.0012266761623322964 -0.00012319922337010255 0.9999999723156971 -0.00020047582482643803 -0.022871550172567368 -0.0007724549434360362 0.000200380600689291 0.999999681580437 1.124436616897583
0.9999998646410316 0.00017730249901489094 0.0004891643305303339 -0.0014174887910485268 -0.0001772578810062842 0.9999999801261238 -9.125456534065891e-05 -0.023716358467936516 -0.0004891805004712239 9.116784475584143e-05 0.9999998761954234 1.1719977855682373
0.9999996977283228 -3.763935803858379e-05 0.0007766122209248838 -0.0008127775508910418 3.79908685544351e-05 0.9999998968501689 -0.0004526105890563589 -0.031875982880592346 -0.0007765951048454509 0.0004526399564178 0.9999995960084749 1.430295467376709
0.9999995563285465 0.0001474222873340839 0.0009303813087683224 -0.0010797601426020265 -0.00014736868611282458 0.9999999874777216 -5.768039186704778e-05 -0.021166864782571793 -0.0009303898004931316 5.754325720484736e-05 0.9999995655317022 1.0569026470184326
0.9999999379864382 0.0002104850639149966 -0.00028235289573755735 -0.0021133923437446356 -0.00021049438853419652 0.9999999773017082 -3.299538798860451e-05 -0.024708300828933716 0.0002823459442922792 3.305481964258211e-05 0.9999999595940725 1.2118959426879883
0.9999993120395193 0.0002015216993275018 -0.0011555559236509996 -0.002871179487556219 -0.0002016270160687531 0.999999975530617 -9.102368720652381e-05 -0.027258355170488358 0.0011555375521271345 9.125661587861054e-05 0.9999993282023721 1.3157240152359009
0.9999988351354747 0.000177510771037727 -0.001515987341647319 -0.00337559194304049 -0.00017776034646233113 0.9999999706711937 -0.0001644958089099656 -0.026562359184026718 0.0015159580974073476 0.00016476509972971698 0.9999988373610786 1.264263391494751
0.9999993776331666 0.00025335988444715444 -0.0010865275183863095 -0.0029515870846807957 -0.00025350937228838525 0.9999999584205767 -0.00013744760020912162 -0.02686065062880516 0.0010864926495010156 0.0001377229595754541 0.9999994002828745 1.2941877841949463
0.999999982453656 0.00018680780728588404 1.3983236451291907e-05 -0.0018200038466602564 -0.00018680601493258056 0.9999999743507342 -0.00012807046417637218 -0.02547702193260193 -1.4007160655223032e-05 0.00012806784977652643 0.9999999917012127 1.247256875038147
0.9999998645227793 0.00012389388763907176 0.0005055736618021126 -0.001432082848623395 -0.00012380742915487941 0.9999999777087978 -0.00017103837099975084 -0.023394446820020676 -0.0005055948411409865 0.00017097575405263158 0.9999998575705639 1.147628664970398
0.9999999718303463 0.00021417939333143282 0.00010230588317770353 -0.001766454428434372 -0.00021417854647545235 0.9999999770294244 -8.288570174688978e-06 -0.023702261969447136 -0.00010230765606861012 8.266658215847939e-06 0.9999999947324026 1.1727395057678223
0.9999998879254036 0.00017159599584365914 -0.00044125275533464655 -0.0022564388345927 -0.00017167329327506966 0.9999999699261993 -0.000175145312533275 -0.026327669620513916 0.0004412226878301777 0.0001752210442176098 0.9999998873100562 1.275385856628418
0.999999758505068 0.00020285144725805065 -0.0006647112876913758 -0.0024458360858261585 -0.00020290838072308927 0.9999999757516894 -8.558510070662357e-05 -0.026158925145864487 0.000664693910511708 8.571995552928932e-05 0.999999775417022 1.2715290784835815
0.9999997441181931 0.00021788913323732653 -0.0006813867286206457 -0.0024903654120862484 -0.0002179601401795784 0.9999999708244374 -0.00010413693762292793 -0.026290377601981163 0.0006813640184337278 0.00010428542612306681 0.999999762433784 1.276673436164856
0.9999992977970464 0.0002212339180886508 -0.0011642426583791572 -0.0028796768747270107 -0.00022139214715103552 0.9999999662746314 -0.00013578016594980772 -0.028264425694942474 0.0011642125799365326 0.00013603782478651755 0.9999993130511536 1.3622233867645264
0.9999994202238093 0.00021378242631994463 -0.001055390505759824 -0.002770808292552829 -0.0002139781074391727 0.9999999599383295 -0.00018530167102117582 -0.028812965378165245 0.0010553508492382852 0.00018552739405071063 0.9999994259069208 1.3869599103927612
0.999999611127881 0.00023040990142797854 -0.0008512669168917603 -0.002597385784611106 -0.0002305213063619655 0.9999999648790737 -0.00013077376869497377 -0.027812862768769264 0.0008512367554233233 0.00013096995300244588 0.99999962912136 1.3469964265823364
0.9999994268825473 0.00022846806193738625 -0.0010459621991988537 -0.0027092716190963984 -0.00022863900972856639 0.9999999605255107 -0.0001633192604514601 -0.02945563569664955 0.0010459248446751173 0.00016355831461177986 0.9999994396447918 1.421633005142212
0.9999960164143417 0.0003581751676183053 -0.0027997974921534293 -0.004193550441414118 -0.00035835385492863906 0.9999999337865368 -6.33201128194924e-05 -0.03462986648082733 0.0027997746270771186 6.43231788027318e-05 0.9999960785545943 1.6566731929779053
0.9999979641388832 7.666314577481668e-05 -0.0020163930298095763 -0.003492831951007247 -7.744043772012839e-05 0.9999999227306368 -0.00038541107787975923 -0.034390419721603394 0.0020163633271785245 0.0003855664435951761 0.999997892806505 1.5720274448394775
