0.9992418163329345 0.0010600998793996801 0.03891874458283295 0.05408899858593941 -0.0009910223514933778 0.999997899419798 -0.0017941657366019807 -0.0007741749286651611 -0.03892056482576959 0.0017542360836708313 0.9992407679280334 0.16999992728233337
0.9998749419769972 0.0003166039050867278 0.015811393628133667 0.01990201324224472 -0.0003187215139236511 0.9999999405740545 0.0001314096035970466 -0.005412828177213669 -0.015811351083732984 -0.00013643260108621867 0.9998749834669594 0.23909083008766174
0.9986903562951898 0.0011504108229460428 -0.05114927954453688 -0.06265866756439209 -0.0010215219809231034 0.9999962373666276 0.002545927224000069 -0.018762784078717232 0.051152015950783614 -0.002490342853075128 0.9986877737594693 0.9528828263282776
0.9987384659308747 0.0010952275369111163 -0.05020236196321248 -0.061052337288856506 -0.0009240646411386467 0.9999936818600833 0.0034325419812875763 -0.014052575454115868 0.05020580419216497 -0.003381821485042631 0.9987331678225476 0.7172708511352539
0.998841161535063 0.001115786200695094 -0.048115372225939396 -0.05915265530347824 -0.0009651275284714118 0.9999945593988384 0.003154314755518482 -0.015869975090026855 0.048118629990266226 -0.0031042219439713654 0.9988368041146575 0.8220958709716797
0.9977998924104247 0.001646499726313916 -0.06627717363011164 -0.08049182593822479 -0.0014059043306145459 0.9999922529303454 0.003676616964676918 -0.01927778124809265 0.06628271372505713 -0.003575348646361505 0.9977944772062526 0.9921894073486328
0.9994888139879233 0.0010835310160730357 -0.031952099673605065 -0.03926432877779007 -0.0010514792998587872 0.9999989270935896 0.0010199034032142783 -0.016826078295707703 0.03195317048896328 -0.0009857850714670652 0.9994888809404017 0.8629146814346313
0.999947397983479 0.00031336299054372774 -0.010251978819051927 -0.01371034886687994 -0.00030565446068137243 0.9999996694330812 0.0007534647166410986 -0.010867467150092125 0.01025221153804375 -0.0007502915198207716 0.9999471632147444 0.5734187364578247
0.9994156982075564 0.0008322123020245395 -0.034169717572535514 -0.04379483684897423 -0.0007782291631768338 0.9999984281585405 0.00159312266252492 -0.01118922233581543 0.03417098967943517 -0.001565599927385161 0.9994147749364101 0.6426851749420166
0.9995811277092361 0.0011224800542306043 -0.028919010461287507 -0.03636808693408966 -0.0010830881220285364 0.9999984643271723 0.0013777748065086528 -0.014069879427552223 0.02892051257588846 -0.001345875858087854 0.9995808084244729 0.7355650067329407
0.9999966278623238 0.0012507886140148943 -0.0022759156013088043 -0.0017428429564461112 -0.001250052884158025 0.9999991659810218 0.0003246614353496511 -0.012533176690340042 0.002276319785978745 -0.00032181532568507665 0.9999973573980724 0.6261876821517944
0.9999539655744394 0.0006800659242426105 0.009571010515686248 0.01113690622150898 -0.000683525071042442 0.9999997022600032 0.00035815273560068966 -0.008434578776359558 -0.009570764098542454 -0.0003646782738879258 0.9999541326902581 0.36926186084747314
0.9999236083122577 0.0016304119797090886 0.012252318008077653 0.022236745804548264 -0.0016289441022178611 0.999998664847895 -0.00012978266083193388 -0.005958963185548782 -0.012252513248574454 0.00010981440535767744 0.9999249291121258 0.3984780013561249
0.9987605190621592 0.00014620770749177028 0.04977352896864104 0.06040748208761215 -8.583527634744773e-05 0.9999992581087548 -0.0012150778760540554 0.005163136869668961 -0.049773669695846345 0.0012092994855748837 0.9987597906402532 -0.3545117974281311
0.9999208618426194 0.0011118590968420975 0.012531313628762301 0.020144756883382797 -0.0011175257680609701 0.999999276462889 0.000445207655427009 -0.006013576872646809 -0.012530809553710168 -0.0004591764884013022 0.9999213808939588 0.3340928554534912
0.9978065056256495 -4.031344216388404e-05 0.0661980037913265 0.08259868621826172 0.00015193843887669148 0.9999985752473899 -0.0016811953784797908 0.004171190783381462 -0.06619784170077518 0.0016875657072277193 0.997805090123388 -0.19682228565216064
0.9999661160666448 -0.0009357784641726345 0.00817869410450631 0.004999501630663872 0.0009239032923951207 0.9999985137826491 0.0014556219284873964 -0.0016372427344322205 -0.008180044088841883 -0.0014480162838803356 0.9999654944684571 -0.13900911808013916
0.9981729877988624 0.001356175614043472 -0.060405688609564676 -0.07449536770582199 -0.0011517252370974822 0.9999934909034097 0.00341930984122173 -0.015526420436799526 0.06040993260772644 -0.003343491964386461 0.9981680525361518 0.8001692295074463
0.9976221106148508 0.0012145420197459881 -0.0689104440564178 -0.08174733072519302 -0.0009460361260133199 0.9999918341586391 0.003928947911227519 -0.018862763419747353 0.06891465321699511 -0.0038544135381576162 0.9976151131915847 0.9018628001213074
0.9968935105543966 0.001787314447325541 -0.07874093040850912 -0.09275587648153305 -0.0014639829181248814 0.9999902596888813 0.004163806116902882 -0.027602432295680046 0.07874760547817776 -0.004035595920071867 0.9968864170992717 1.340575933456421
0.9991401935111259 0.0013820806559610849 -0.041436259044590903 -0.0498565137386322 -0.0013010231171911753 0.9999971873210256 0.00198310082603296 -0.014937696047127247 0.041438883302986784 -0.0019274862121677107 0.9991391813693943 0.7676464319229126
0.9999986587357699 0.0009295220804376368 0.0013485234010757578 0.003081497736275196 -0.0009302379494797822 0.9999994267067766 0.0005303239346069724 -0.010320041328668594 -0.0013480296801694285 -0.0005315776709458907 0.9999989501200295 0.5433081388473511
0.9973960571354976 -0.00018673527721056247 0.0721184466034813 0.09244801104068756 0.0002447384272061632 0.9999996536887344 -0.0007954404522652144 0.010588046163320541 -0.07211827309125743 0.0008110193259696896 0.997395757427305 -0.34399622678756714
0.9954075541325157 0.00022711705178446253 0.0957274756471054 0.12631213665008545 -7.49745290911501e-05 0.9999987284858828 -0.0015929235503838017 0.013307129964232445 -0.09572771570836922 0.0015784310127998971 0.9954063054857525 -0.6171193718910217
0.9973702636124664 -0.0009282831350036034 0.07246858320693818 0.08460891246795654 0.001071704298758354 0.9999975434910964 -0.0019402220669598252 0.0028133075684309006 -0.07246660411179535 0.002012784686538248 0.9973688084085597 -0.27692753076553345
0.9998577904165838 0.0012742643545668021 0.016815920837757473 0.027135038748383522 -0.001271653915404677 0.9999991776817656 -0.00016592803402149875 -0.005128635559231043 -0.01681611844589831 0.0001445204058904341 0.9998585886385466 0.3439026176929474
0.9937963332749455 -0.0006074700498176613 0.11121366350144249 0.1415131837129593 0.0008803978467378804 0.9999967204485114 -0.0024049931087778494 0.016089212149381638 -0.1112118378092232 0.00248798560292944 0.9937936088840251 -0.8880100846290588
0.997960474555832 -0.0002274473340775016 0.06383446946602299 0.08145330101251602 0.0003003589295426296 0.9999993134963505 -0.001132603788112473 0.005485301837325096 -0.06383416803571458 0.0011494670667851932 0.9979598577681621 -0.19184982776641846
0.9979308014199644 2.736776473670793e-05 0.06429708258010569 0.08464456349611282 3.106751956068337e-05 0.9999995874372978 -0.0009078326075897701 0.006002429872751236 -0.06429708089887679 0.0009079516725179876 0.9979303888606879 -0.22105807065963745
0.9995928606949803 9.280833794327807e-05 0.028532511880973603 0.03399025648832321 -7.361331096165488e-05 0.9999997702927246 -0.0006737919400625112 -0.0019528055563569069 -0.028532567860358113 0.0006714172402106951 0.9995926379131569 0.04151904582977295
0.9999994742782959 0.000945645061040734 0.000396482723700271 0.00038380903424695134 -0.0009456656749554009 0.9999995515160953 5.180771584315794e-05 -0.002615920267999172 -0.00039643355417354003 -5.2182628709233454e-05 0.999999920058702 0.3075769245624542
0.9976995020447726 0.0015201289174277945 -0.0677745736075634 -0.08241618424654007 -0.001285297742892436 0.9999930196966607 0.0035083568327643044 -0.01809580996632576 0.06777943367515507 -0.003413175358561024 0.9976944916178734 0.9201295971870422
0.9971538472502128 0.0019383656260740915 -0.07536874453511326 -0.09162946790456772 -0.0016032424323865866 0.9999885595827277 0.004506696946174868 -0.018532022833824158 0.07537661791167409 -0.004373035828954657 0.9971455470641366 0.9723736047744751
0.999711602643501 0.0009522783067015417 -0.023995931029842314 -0.027931323274970055 -0.0009049368630688437 0.9999976230558282 0.0019836763766422354 -0.013387560844421387 0.0239977630048349 -0.0019613894870665004 0.9997100881365774 0.6633616089820862
0.9973448173223506 0.0010166968285179939 -0.07281676790277179 -0.09310180693864822 -0.0007646045381892752 0.9999936183170789 0.0034898001399388066 -0.010042828507721424 0.07281985127798211 -0.003424858051864048 0.9973392299549724 0.7990745902061462
0.9958108309562499 0.0021704465543795717 -0.09141158631146194 -0.10986825078725815 -0.0017201473823014425 0.9999859976380359 0.0050045600051808106 -0.019946854561567307 0.09142116846336211 -0.004826353656423834 0.9958006207405059 1.0390124320983887
0.9976996163614847 0.0016354269331336079 -0.06777020651357413 -0.08181026577949524 -0.0013906357670136842 0.9999923385481732 0.0036590951230340814 -0.018893681466579437 0.06777567147811672 -0.003556434127365603 0.9976942468171239 0.973966121673584
0.997728892109753 0.0016048321182032246 -0.06733856520090963 -0.08149479329586029 -0.001389448827346925 0.9999937689498662 0.0032452262475418004 -0.021531295031309128 0.0673433536542468 -0.0031442924981517433 0.9977249050431112 1.0722856521606445
0.9987970197071684 0.0011453083574918912 -0.04902246110554601 -0.059660863131284714 -0.0010047702164342955 0.9999953152313465 0.002891358188176787 -0.016543148085474968 0.049025542943354324 -0.0028386236324017314 0.9987934913459254 0.8444947004318237
0.9979573480855409 0.0014222083271438724 -0.0638679005882375 -0.07812386006116867 -0.0012251372851204512 0.9999943677491627 0.0031246613552702264 -0.017613379284739494 0.06387198478759991 -0.0030400318134378304 0.9979534697398803 0.9179122447967529
0.9976068691560441 0.0016513962491313747 -0.06912168619979916 -0.08370152115821838 -0.0014051046518443753 0.9999924908849699 0.0036116276926798163 -0.019045207649469376 0.06912713138553137 -0.003505861392228915 0.9976016983958607 0.9680682420730591
0.9966216690151762 0.001923348992852318 -0.08210693988973494 -0.09977870434522629 -0.001530699517127162 0.9999870921074036 0.004844850623885315 -0.01808614283800125 0.08211519840074138 -0.004702802061663794 0.9966117487990878 0.9177007079124451
0.9980036500392373 0.001374349270506991 -0.06314131509908849 -0.07709638774394989 -0.0011692869233977787 0.9999939223615995 0.0032845103065955897 -0.017883948981761932 0.06314544541335101 -0.00320412296050239 0.9979991915425601 0.9188282489776611
0.9992354655219454 0.0009764261773073795 -0.03908364152764202 -0.04878740757703781 -0.0008999107500903182 0.9999976442117883 0.001975280110600713 -0.013337444514036179 0.03908547817006756 -0.0019385981516889417 0.9992339902312287 0.6997826099395752
0.9985401879700215 0.0010525640781073576 -0.054003565786490744 -0.06639216840267181 -0.0008753631884969236 0.9999941559019203 0.003304829994773057 -0.010783664882183075 0.05400672872969237 -0.003252732830652587 0.9985352737790739 0.559505820274353
0.9976601151976657 0.0015782852811998818 -0.0683505929700065 -0.08355135470628738 -0.0013168728186025516 0.9999916464867895 0.0038694705864702294 -0.013173828832805157 0.06835612913089782 -0.0037704074330342997 0.9976538596317006 0.7201352715492249
0.9994260345149498 0.0007635650165375428 -0.03386766159905636 -0.0426504984498024 -0.0006893949585309685 0.9999973387988463 0.002201619816595585 -0.013204282149672508 0.03386925255026791 -0.002177007967646034 0.9994239012391065 0.7567309141159058
0.9993224158261883 0.0010590961581300486 -0.03679113402218761 -0.04604848474264145 -0.0009987855404487726 0.9999981273745303 0.001657611195928258 -0.018668556585907936 0.03679282069582226 -0.00161974157213749 0.9993216022795087 0.905913770198822
0.9981995785725178 0.0013770802029139737 -0.0599641975495615 -0.07372468709945679 -0.00117054660977229 0.9999932622185691 0.003479272639343276 -0.016805868595838547 0.05996858476137689 -0.0034028175941819947 0.9981944648584957 0.8781485557556152
0.9985112565358896 0.001336902364590103 -0.05452965489700819 -0.0666910782456398 -0.001202610104063593 0.9999961631539512 0.0024954771715916136 -0.014518942683935165 0.054532781884448725 -0.0024261841323123265 0.9985090331742119 0.7822903394699097
0.9982262700347481 0.0014588783782882582 -0.05951626236913063 -0.07277525961399078 -0.0012826744024126147 0.9999946812623033 0.0029986986313173944 -0.014453718438744545 0.059520320554338646 -0.0029170397634301105 0.998222831997008 0.7682081460952759
0.9985523469074279 0.0010867538867958097 -0.05377759246802702 -0.06677532941102982 -0.0009441490244390085 0.9999959708862745 0.0026770868190589283 -0.00980912335216999 0.05378028512649699 -0.0026224372645808672 0.9985493496840834 0.5589494705200195
0.9998580620637313 0.0004329857849174895 -0.016842453784104552 -0.021893998607993126 -0.00042139461569414905 0.9999996719512606 0.0006917542547156452 -0.017398439347743988 0.01684274777871777 -0.0006845587492046265 0.9998579165194329 0.8823174238204956
0.9997510170960545 0.000559551808842305 -0.022306741518599318 -0.028739338740706444 -0.0005357215722173648 0.9999992794846847 0.0010742590508823783 -0.013759099878370762 0.022307326549845508 -0.0010620413761069096 0.99975059652411 0.7157907485961914
0.9998912855417217 0.0003695984527202175 -0.014740437398761453 -0.020374685525894165 -0.0003581471969494518 0.999999632061202 0.0007794921716923381 -0.011150117963552475 0.0147407200742832 -0.0007741281832869851 0.9998910500135739 0.6159970164299011
0.9998599839924148 0.00013827945998559852 -0.016733000014305 -0.02327117882668972 -0.00012079332232825016 0.9999994456303309 0.001046015298104464 -0.008083002641797066 0.016733135380467883 -0.001043847604554304 0.9998594464036019 0.60207200050354
0.9961170230057212 0.002097439410519673 -0.0880140740230698 -0.10713253915309906 -0.0016351115596717515 0.9999844871193303 0.005324653122716263 -0.014413490891456604 0.08802387680854915 -0.005160064787289314 0.9961049999086362 0.7304331064224243
0.9972001857882463 0.001512620915329036 -0.07476296838578181 -0.09289100021123886 -0.0011816570845672267 0.9999893074130498 0.004470877554047304 -0.00812667328864336 0.07476893171913981 -0.004370015736276139 0.997191310537774 0.6560376286506653
0.9961601972726718 0.0020138463804681705 -0.08752602922803777 -0.10644882917404175 -0.0015872918316562797 0.9999865246023154 0.0049427844808103485 -0.019492950290441513 0.08753480378862229 -0.0047848758122293646 0.996149970179766 1.0232857465744019
0.9939863252741457 0.0025888654161506826 -0.10947366324307105 -0.13292232155799866 -0.0018815581216911632 0.9999766879350968 0.006563788950654603 -0.016910113394260406 0.1094881039521416 -0.006318335398749925 0.9939680245011677 0.8860057592391968
0.9962196973731753 0.0020552028680687574 -0.08684521119134968 -0.10429879277944565 -0.0016099864325729324 0.9999852031858708 0.005196282613521301 -0.016679424792528152 0.08685460557383227 -0.005036819480955679 0.9962082653442152 0.8521707057952881
0.9961378876357225 0.002103147961437045 -0.0877774776653616 -0.10669303685426712 -0.0016752465809416084 0.999986354218131 0.004948224572896146 -0.018288996070623398 0.0877866867214716 -0.0047820650542493666 0.9961278178468279 0.933263897895813
0.9958570476680225 0.001992027128928848 -0.09091079384675597 -0.11053044348955154 -0.001548645805727674 0.9999865624582532 0.004947383055128436 -0.017681784927845 0.09091942755043146 -0.004786097663376855 0.9958467507418288 0.9184342622756958
0.9984395490832969 0.0013789422513521693 -0.05582620661132145 -0.06771839410066605 -0.0012154990495527795 0.9999948758383671 0.0029615636189224527 -0.016133174300193787 0.05583000437401963 -0.0028890855431822323 0.9984361090206628 0.8433679342269897
0.9973701846985927 0.001647656653475033 -0.07245688305363021 -0.0871666744351387 -0.0012770286288986733 0.9999858656045894 0.005161180961890617 -0.015976663678884506 0.07246436277354654 -0.005055078495203456 0.9973581915787484 0.7705923318862915
0.9969295968707681 0.0017159431852190928 -0.07828431785531856 -0.09388214349746704 -0.001368021843087592 0.999988949350108 0.0044977432011701225 -0.016607314348220825 0.07829117063452484 -0.004376838659573482 0.9969209275985851 0.8625242710113525
0.9970716792545256 0.002564400627312992 -0.07642964266554636 -0.09434913098812103 -0.0021931093934077286 0.9999853858948812 0.004941484377618215 -0.010550080798566341 0.07644119766035207 -0.004759395559137192 0.9970627319552982 0.7526299953460693
0.9969119023316952 0.002361082856686865 -0.07849257466247554 -0.09568425267934799 -0.002138504666819218 0.9999934513558519 0.002919596410703976 -0.027546681463718414 0.07849895405156958 -0.00274272367460933 0.9969104230971078 1.3187403678894043
0.9979283070674735 0.001500640558963877 -0.06431828691250596 -0.07880992442369461 -0.001287873067398785 0.9999935615223791 0.0033493725905543426 -0.021480202674865723 0.06432289900501151 -0.003259599929574249 0.9979238145629608 1.075998067855835
0.9961841668444594 0.0020129679743852167 -0.08725281478751555 -0.10523047298192978 -0.0015767174021397504 0.9999859121628196 0.005068474931122498 -0.018075166270136833 0.08726178826178262 -0.004911561444971141 0.9961733066457503 0.9088506102561951
0.9970778012252001 0.0018152251315670573 -0.07637122011361405 -0.09212373942136765 -0.0014576485131997737 0.999987715279113 0.004737568117863019 -0.014870811253786087 0.07637888166720122 -0.004612401606663607 0.9970681983629236 0.772697925567627
0.9966893672156146 0.001938397731543879 -0.08128067355510764 -0.09809915721416473 -0.0015223101762731066 0.9999854208230644 0.005180802355425167 -0.016854191198945045 0.08128953100531976 -0.005039916224810603 0.9966777871475726 0.8441288471221924
0.9968789580136563 0.001860683599789968 -0.07892325972834728 -0.09552326053380966 -0.0014933617885792788 0.999987778998959 0.004712931497225495 -0.01786952093243599 0.0789310644814518 -0.004580361259835462 0.9968695538286613 0.9121533632278442
0.9972280400293587 0.0015601196309545974 -0.07438953021723434 -0.0895686149597168 -0.0012484186200767938 0.9999902469898923 0.004236434354894173 -0.020965926349163055 0.07439541403979653 -0.004131821853782196 0.9972202617366014 1.0494540929794312
0.9982452277106796 0.0013284356277086405 -0.05920051192039484 -0.07216650247573853 -0.0011297617458634664 0.9999936181454341 0.0033892929648510193 -0.017066124826669693 0.05920463656886478 -0.0033164630537727137 0.9982403578705691 0.8773947954177856
0.9985345578839431 0.00135350950372361 -0.05410087544154514 -0.06556884944438934 -0.0011513320675317089 0.9999922381328719 0.003768037749270145 -0.018123812973499298 0.054105555592642476 -0.0037002278352800833 0.9985283657302773 0.8921854496002197
0.9967499144657734 0.0019841194337187028 -0.0805336655228491 -0.0961843803524971 -0.0015736043681731328 0.999985445978476 0.005160581413052734 -0.019472967833280563 0.08054273264401862 -0.0050170809542022235 0.9967385299650722 0.9486061334609985
0.9978435147117535 0.001549553813262096 -0.06561950190815849 -0.0798209011554718 -0.001318341194886461 0.9999927703245451 0.003566689660700225 -0.01845918409526348 0.06562455427802064 -0.003472489254365727 0.9978383434676129 0.9374217987060547
0.9990524628447977 0.0007950395264122681 -0.043514875570269305 -0.05302217975258827 -0.0006965462783599028 0.9999971615033937 0.002278554023538898 -0.022393491119146347 0.04351656359395444 -0.0022460848843096934 0.9990501808195954 1.095633625984192
0.9998383308363805 0.0003899550385342642 -0.01797665501110193 -0.022893738001585007 -0.000373251250970999 0.9999994955270186 0.0009325391208039389 -0.019458578899502754 0.01797700959069397 -0.0009256785490130684 0.9998379719961629 0.9686569571495056
0.9996096531869171 0.0006636598345838652 -0.027930284838420572 -0.03415517881512642 -0.0006236433935441895 0.9999987666988007 0.0014414124306743915 -0.022526418790221214 0.02793120699950209 -0.0014234312423064511 0.9996088342542044 1.1825191974639893
0.9972719317220292 0.0016029820417694765 -0.07379786343781257 -0.08919549733400345 -0.00128625203586678 0.9999897584627487 0.0043391848674422485 -0.018851114436984062 0.07380406326966353 -0.004232424622763623 0.9972637799633055 0.9497321248054504
0.9994408087188513 0.000736829458335523 -0.033429432387602355 -0.041312213987112045 -0.0006743074930581907 0.9999980026268892 0.001881502494437879 -0.018205145373940468 0.033430751963016835 -0.0018579086578998881 0.9994393093122792 0.9183923006057739
0.9983561529465147 0.0013828827131642308 -0.05729816322742581 -0.06982497870922089 -0.0011711947075291275 0.9999923654452115 0.0037279155365324496 -0.020846204832196236 0.05730288105141098 -0.0036546801080389784 0.9983501505666815 1.0492169857025146
0.9998268014241571 0.0016530776737046615 -0.018537380832891904 -0.019825804978609085 -0.0016388790627758314 0.9999983519697415 0.0007811102472881873 -0.013629795983433723 0.018538641518637874 -0.0007505944347800523 0.9998278628737237 0.6843710541725159
0.9998131524403507 0.0007480562219758961 0.01931581267192082 0.024209443479776382 -0.0007549118362334294 0.9999996546295539 0.00034763327299478197 -0.008027805015444756 -0.019315545951577147 -0.00036215005417857075 0.9998133718509323 0.33558544516563416
0.9999987074984839 0.00043647400781514345 0.0015474145541417067 -0.0009690682636573911 -0.0004368874701492077 0.9999998689554949 0.00026686762946736154 -0.013735998421907425 -0.0015472978705777425 -0.0002675433305703768 0.999998767144173 0.6154956221580505
0.9978546364513418 0.0014957244145381748 -0.06545141191018163 -0.07840479165315628 -0.0012506612832025893 0.9999920547342118 0.003785011863093657 -0.020758580416440964 0.06545655321597073 -0.003695034089804328 0.9978485788756528 1.0222339630126953
0.9983546681269793 0.0018881461494415273 -0.05730961117637474 -0.06896618753671646 -0.001717897191171789 0.9999939647735121 0.0030198088999535177 -0.016639912500977516 0.05731496714043786 -0.002916388292052951 0.9983518864714086 0.8165307641029358
0.9992258105620736 0.0008100122898122675 -0.039333489378101216 -0.04909522458910942 -0.0007466556759099821 0.9999984002591457 0.0016254182387943686 -0.019333066418766975 0.039334743063460825 -0.0015947912840641768 0.9992248168599955 0.9532980918884277
0.9968850905522293 0.001994689551068018 -0.07884248504625034 -0.09390600025653839 -0.0015980423278004789 0.999985750359247 0.005093656758373893 -0.017140131443738937 0.07885152183307502 -0.004951796850480649 0.9968740728961504 0.8098644018173218
0.9968017088223882 0.0019099069439857887 -0.07989183653060071 -0.09500562399625778 -0.0015203758402191144 0.9999866607245915 0.004936276955872926 -0.01982593908905983 0.07990019866102581 -0.004799023686742848 0.9967913159862413 0.9677683115005493
0.9967664080766122 0.00207994291929969 -0.08032684213574433 -0.09590155631303787 -0.0017109981271650622 0.9999876708971916 0.0046616026234006175 -0.016859645023941994 0.08033554764521851 -0.004509089826352204 0.9967576776195308 0.8518682718276978
0.9991373929757568 0.0010519728814600568 -0.0415134112145056 -0.05055703595280647 -0.0009611447392371058 0.9999971008593261 0.0022078210372877567 -0.018816007301211357 0.04151561342914498 -0.0021660161585561116 0.999135507434103 0.971365749835968
0.9999455031749002 0.00018391893843497728 -0.010438239991489816 -0.01384422741830349 -0.00017630707063357858 0.9999997179023331 0.0007301445550304557 -0.023690752685070038 0.010438371334298133 -0.0007282644289548727 0.9999452535188159 1.1683968305587769
0.9997735157386853 0.0004977202707810588 -0.021276031162807723 -0.026450442150235176 -0.00046992509016741823 0.9999990297157149 0.0013113878291914126 -0.02406291849911213 0.021276663223314476 -0.0013010926796250338 0.9997727795653975 1.1810070276260376
0.9995665360167272 0.000678532432121158 -0.029432629329694614 -0.035489507019519806 -0.0006353250142178085 0.9999987069169827 0.001477337635345121 -0.025303274393081665 0.029433593692360246 -0.0014579979770417098 0.999565674582842 1.230372667312622
0.9996508710542059 0.0005372467488802248 -0.02641680083768549 -0.031955234706401825 -0.0005005374389914628 0.9999989000256735 0.0013962126324895447 -0.025690121576189995 0.026417521890580335 -0.0013825025764074169 0.9996500403760242 1.2297465801239014
0.9998286009585261 0.0003587165080469846 -0.01851053828993938 -0.02280823327600956 -0.00033892628916886705 0.9999993676950427 0.0010722585907603083 -0.025801600888371468 0.01851091122249166 -0.0010658010986125126 0.9998280903404002 1.2491304874420166
0.999970988894161 0.00013937827528383244 -0.007615900716918439 -0.009801575914025307 -0.00013610117708650105 0.9999998979381177 0.0004308134440995086 -0.025381144136190414 0.007615959985660084 -0.0004297644126729384 0.9999709058047871 1.2200291156768799
0.9999959639893518 5.3237533400635705e-05 -0.0028406285874763263 -0.004753001034259796 -5.277932710454686e-05 0.9999999855855379 0.00016137926254974184 -0.024645697325468063 0.0028406371379640738 -0.00016122868475591887 0.9999959523847891 1.1974947452545166
0.9999805568687347 0.00015480271620160784 -0.0062339329972798205 -0.009207183495163918 -0.00015230755552754401 0.9999999081099741 0.00040072740373101257 -0.02256370149552822 0.006233994458134108 -0.000399770137239362 0.9999804885581186 1.1284563541412354
0.9996902170434755 0.0007245708762957799 -0.024878604153246744 -0.03120400756597519 -0.0006879900508131714 0.9999986697600747 0.0014789008657746189 -0.01773557811975479 0.024879642627230487 -0.0014613264953564598 0.9996893857131899 0.9189932942390442
0.9995150582734761 0.0008377990035483952 -0.031127903517572414 -0.038712210953235626 -0.0007804954501222694 0.999997978586079 0.0018530112272457252 -0.01744028553366661 0.03112939304615466 -0.0018278174377146061 0.9995136917381334 0.8945724964141846
0.9995643432125757 0.0006314475634222558 -0.02950805063006794 -0.036213673651218414 -0.0005801650903761699 0.9999983066695557 0.0017464439553197672 -0.02229609340429306 0.0295091034509677 -0.0017285635642961582 0.9995630169636751 1.1209962368011475
0.9999120227242662 0.0002455832915126206 -0.013262220791163624 -0.016509978100657463 -0.00023511576339870082 0.999999659656136 0.0007908275348942563 -0.024200761690735817 0.013262410491477193 -0.0007876398028764844 0.9999117401508478 1.175173282623291
0.9999781905702462 -0.00012159243182943917 -0.0066033021388501685 -0.008064834401011467 0.0001242263239565922 0.9999999128962078 0.0003984663063573241 -0.027088800445199013 0.006603253113190319 -0.0003992779199850904 0.9999781185733344 1.275212287902832
0.9999859328006572 -0.00012440858027642246 -0.005302709053388019 -0.0066879368387162685 0.0001262199871670515 0.9999999338026756 0.00034126699130653416 -0.028612768277525902 0.005302666245820984 -0.00034193149850440753 0.9999858823071133 1.3287417888641357
0.9999926477846891 -4.6927298528869674e-05 -0.0038343414552929438 -0.005579952150583267 4.708691786647492e-05 0.999999998028683 4.153861590377666e-05 -0.030299445614218712 0.0038343394984392118 -4.171885782410621e-05 0.9999926480230482 1.4000192880630493
0.9999987223167308 -5.631251228803805e-05 -0.0015975587020915067 -0.0033692014403641224 5.6007237757457366e-05 0.9999999801658277 -0.0001911322399480571 -0.030930565670132637 0.001597569433541863 0.0001910425208915324 0.9999987056364923 1.469869613647461
0.9999998761307354 -4.147344901824459e-05 -0.0004960024864446744 -0.002353074960410595 4.140582556355012e-05 0.9999999898476057 -0.00013634641840926383 -0.029160860925912857 0.0004960081361652944 0.00013632586412770049 0.9999998676955849 1.3962147235870361
0.9999996385085994 -2.9631253161203872e-05 -0.0008497674148747181 -0.0027078110724687576 2.954958906150952e-05 0.9999999949444506 -9.611410179391971e-05 -0.027328506112098694 0.0008497702585599596 9.608895677159102e-05 0.9999996343286431 1.3050870895385742
0.9999998332871382 -3.538445517309093e-05 -0.0005763450669208847 -0.002460756804794073 3.530942867592466e-05 0.9999999909024241 -0.00013018600504426304 -0.027697624638676643 0.0005763496682384013 0.0001301656329255484 0.9999998254389687 1.3252222537994385
0.9999999787272205 -7.345139000973211e-05 -0.00019274452503755148 -0.0020524710416793823 7.342170702135912e-05 0.9999999854459677 -0.00015400427709739658 -0.02656775340437889 0.00019275583406056169 0.00015399012218925026 0.9999999695661149 1.2856707572937012
0.9999999990970347 -4.249023890690804e-05 -7.138648614558635e-07 -0.0019184740958735347 4.2490089143797136e-05 0.9999999773615385 -0.00020849823597954967 -0.02874128147959709 7.227239851535015e-07 0.00020849820545910147 0.9999999782639875 1.383086919784546
0.9999999173961582 -6.975885478017788e-05 0.0004004264965522689 -0.001498761703260243 6.98449595248347e-05 0.9999999744434751 -0.00021502262894710356 -0.027772678062319756 -0.000400411486586412 0.00021505057895785266 0.9999998967119398 1.3488693237304688
0.9999999435577837 -7.41258749508593e-05 0.0003277038056612612 -0.0015453571686521173 7.418493072169113e-05 0.999999981011857 -0.00018020233565330086 -0.02706437185406685 -0.000327690441782976 0.00018022663616640186 0.9999999300686646 1.3151426315307617
0.9999999979596478 -4.6850319575957e-05 -4.342524438757966e-05 -0.0019193777116015553 4.684296356467349e-05 0.9999999845580154 -0.0001693803570130013 -0.028260596096515656 4.343317924086366e-05 0.00016937832250026508 0.9999999847122711 1.3601130247116089
0.999999998372863 -5.704370919897304e-05 -5.378375369356839e-07 -0.0018748088041320443 5.7043656816043166e-05 0.9999999936784425 -9.68975555800281e-05 -0.02573482319712639 5.433649295183113e-07 9.689752474214263e-05 0.9999999953052873 1.245178461074829
0.9999998708080031 -0.00010049165165302947 -0.0004982824551592383 -0.0023003313690423965 0.00010038272319580602 0.9999999710625436 -0.00021862804272391307 -0.02927902154624462 0.0004983044110333224 0.00021857799552915007 0.999999851958176 1.4126489162445068
0.9999998984594856 -5.397022775958999e-05 -0.00044740164655645957 -0.0022950777783989906 5.387694318711122e-05 0.9999999768099266 -0.0002085124011406286 -0.030177071690559387 0.0004474128896429628 0.00020848827533507877 0.9999998781771653 1.4456607103347778
0.9999999708621751 -1.2910773210311021e-05 0.00024105800377659543 -0.00173765083309263 1.2950321499823738e-05 0.9999999864582273 -0.00016406046007053218 -0.027096135541796684 -0.00024105588236484994 0.00016406357706881623 0.9999999574876014 1.3035755157470703
0.999999990302885 -0.00012903426051790197 -5.2386920841993114e-05 -0.0018325092969462276 0.00012902189712574416 0.9999999638436982 -0.00023593633100857305 -0.02866651862859726 5.241736281787679e-05 0.0002359295696607597 0.9999999707948286 1.395937204360962
0.6932288009157062 0.041023110385691515 -0.7195491185424767 -0.9639172554016113 -0.035570989354990486 0.9991095007433459 0.02269163371572964 -0.4873436689376831 0.7198392419820407 0.00986458000449356 0.6940707138066378 29.69747543334961
0.42749125867841914 0.05560308188938709 -0.9023078859446719 -1.4493950605392456 0.006266253117549542 0.9979004498287669 0.0644625961578602 -0.6693545579910278 0.9039977642811999 -0.03321128597249261 0.42624529634782554 26.873945236206055
0.9999996242573089 -1.2773947987990587e-05 -0.0008667883633629274 -0.0027246028184890747 1.2687772323614286e-05 0.9999999949768522 -9.942492445818074e-05 -0.029056062921881676 0.0008667896290577352 9.941388948658499e-05 0.9999996193962362 1.37898588180542
0.9999996206779911 -6.52626022134943e-05 -0.0008685532030503064 -0.002683672122657299 6.51558092662934e-05 0.9999999903149862 -0.00012298271399957024 -0.027616675943136215 0.0008685612208102996 0.00012292607606268456 0.9999996152452187 1.3224916458129883
0.9999998600393293 -3.557361476822973e-05 -0.0005278786226199653 -0.00238513620570302 3.5498542972953476e-05 0.9999999892562629 -0.00014222281082335684 -0.028679195791482925 0.0005278836763280595 0.00014220405199578726 0.9999998505584049 1.3703606128692627
0.9999997525614166 -5.975493317455248e-05 -0.0007009325597906829 -0.0025223069824278355 5.966128239647209e-05 0.9999999892919138 -0.00013362897673149706 -0.02813611924648285 0.0007009405372756114 0.00013358712513114184 0.9999997454183891 1.3474196195602417
0.9999997372181942 -7.402830783937669e-05 -0.000721168047150518 -0.0025179977528750896 7.391362717942779e-05 0.9999999846205614 -0.00015904607122392084 -0.028885358944535255 0.0007211798099708794 0.0001589927252833362 0.9999997273104604 1.3850657939910889
0.9999999641865578 -3.6672923475683067e-05 -0.0002651074874304824 -0.0021514142863452435 3.663450503262438e-05 0.9999999888280706 -0.0001449198803529792 -0.02783486805856228 0.00026511279910440257 0.00014491016308131697 0.9999999543581232 1.3350796699523926
0.9999998993056515 -3.7743978296891915e-05 0.0004471734325781596 -0.0015338895609602332 3.7822329501152774e-05 0.9999999839359551 -0.0001752071934043108 -0.02600601129233837 -0.0004471668123782403 0.00017522408890284776 0.9999998846691736 1.2609448432922363
0.9999993176486657 -9.634340455345859e-05 0.0011642251292432748 -0.000766886631026864 9.656651930364593e-05 0.999999976984553 -0.00019158758016632823 -0.02434597723186016 -0.0011642066442483698 0.00019169987460470413 0.9999993039367816 1.2050204277038574
0.9999998652650042 -9.281375567351937e-05 0.0005107402275214503 -0.0013640947872772813 9.292452808328917e-05 0.9999999721669646 -0.00021686655349229385 -0.027190595865249634 -0.0005107200851066899 0.00021691398456739528 0.999999846056647 1.3278002738952637
0.9999998982155459 -5.590248185744077e-05 0.0004477095152739293 -0.0014734253054484725 5.599141743066489e-05 0.9999999787044221 -0.00019863563674652778 -0.027363520115613937 -0.00044769840151461703 0.00019866068441886533 0.9999998800500296 1.3275444507598877
0.9999998230653026 -7.496462027932552e-05 0.0005901268245824405 -0.001320851850323379 7.508675519969757e-05 0.9999999757679934 -0.00020694441665028166 -0.026824839413166046 -0.0005901112967728704 0.00020698869074304815 0.9999998044621504 1.3083345890045166
0.999999872384641 -4.630575417944447e-05 0.00050307701132377 -0.0014400548534467816 4.639386143844813e-05 0.9999999835891656 -0.0001751264644723328 -0.026475653052330017 -0.0005030688937048423 0.00017514978180866236 0.9999998581221112 1.2848947048187256
0.9999996868088231 -4.508082515363552e-05 0.0007901581960261535 -0.0011617534328252077 4.518075308894739e-05 0.9999999909847584 -0.00012644833909924332 -0.024497300386428833 -0.0007901524885072206 0.00012648399943909503 0.9999996798303701 1.1957991123199463
0.9999989782420405 -5.119900638021955e-05 0.0014285984519026476 -0.0006199807394295931 5.140489893648658e-05 0.9999999882984213 -0.00014408571683487495 -0.021974124014377594 -0.0014285910581402549 0.00014415900657318778 0.9999989691723534 1.0893388986587524
0.9999967309536577 -0.0003654468690826408 -0.002530717404992977 -0.00370742566883564 0.0003646125409761304 0.9999998790346144 -0.0003301339903594442 -0.03626176714897156 0.0025308377452969246 0.0003292101798326036 0.9999967432351791 1.7527024745941162
0.9999991080375367 -3.557163424033407e-05 0.0013351624583721753 -0.0005915510701015592 3.570328914921178e-05 0.9999999945034121 -9.85822044210717e-05 -0.02762080729007721 -0.0013351589443032193 9.862978618075822e-05 0.9999991038109779 1.2848936319351196
0.9999993710755443 3.476554607726225e-05 -0.0011209994972224847 -0.0029332591220736504 -3.474059907517632e-05 0.9999999991484863 2.2273713553684474e-05 -0.025245115160942078 0.0011210002706257532 -2.223475535110482e-05 0.999999371431807 1.19071364402771
0.9999999007929243 -6.207030148050291e-05 0.00044109116916766236 -0.0014927448937669396 6.212486335177693e-05 0.9999999904212776 -0.00012368486701996688 -0.02353576198220253 -0.0004410834877855879 0.00012371225747816314 0.9999998950703117 1.1525540351867676
0.9999998874268434 -0.00017572674348998514 -0.0004407566355580447 -0.0020095137879252434 0.0001757058404989671 0.9999999834373358 -4.746351747969176e-05 -0.024787969887256622 0.0004407649688673019 4.738606862146756e-05 0.9999999017403963 1.2205026149749756
0.9999985936861804 5.992314586114816e-06 -0.0016770777422803955 -0.003553232178092003 -5.91702931018661e-06 0.9999999989746821 4.4895707030187255e-05 -0.025671176612377167 0.0016770780095900577 -4.488572057457748e-05 0.9999985926963206 1.2120622396469116
0.9999999777039408 -1.9381818786314943e-05 -0.00021027710988501743 -0.0021882029250264168 1.9350687022696955e-05 0.9999999888530552 -0.00014805215380319102 -0.02518327161669731 0.00021027997706108605 0.00014804808149567004 0.9999999669320478 1.2145881652832031
0.9999999451259199 -3.567533382342614e-05 0.00032935608110764767 -0.0016151267336681485 3.5726045247136383e-05 0.999999987508934 -0.00015396682134660613 -0.0263812355697155 -0.0003293505841758898 0.00015397857948807448 0.999999933909393 1.2757364511489868
0.9999996386954391 -4.245805649280141e-05 0.0008490031240593076 -0.0011290189577266574 4.254752360940816e-05 0.9999999935443591 -0.00010536123549073867 -0.023224253207445145 -0.0008489986451451596 0.00010539732040370912 0.9999996340462857 1.1369335651397705
0.9999997637216147 -0.00010075445173402443 0.0006800038643322718 -0.0012103876797482371 0.00010084907130068027 0.9999999852385502 -0.0001391127763292525 -0.02346523106098175 -0.0006799898380629205 0.00013918132121810913 0.9999997591211611 1.1589183807373047
0.9999998811005567 -3.32594993541132e-05 0.00048651071727176504 -0.001471825293265283 3.33286004036465e-05 0.999999989358831 -0.00014202655408847826 -0.025659235194325447 -0.00048650598836263835 0.00014204275192288812 0.9999998715678816 1.2436939477920532
0.9999999691484898 -5.0694675454985305e-05 0.00024317292097047541 -0.0016677213134244084 5.071494387473578e-05 0.9999999952408544 -8.334438020614418e-05 -0.024823065847158432 -0.00024316869469687453 8.335671013588306e-05 0.9999999669603219 1.2053347826004028
0.9999999873517185 -5.568301578050871e-05 -0.00014898310153071035 -0.002045375294983387 5.5661196122891075e-05 0.9999999877260299 -0.00014645740329110904 -0.02636517956852913 0.00014899125489199486 0.0001464491088610413 0.9999999781771319 1.2731094360351562
0.9999999807663988 -9.180101423727755e-05 -0.00017331986507804523 -0.0019880901090800762 9.1772253205008e-05 0.9999999820204555 -0.00016594258729130327 -0.027424722909927368 0.00017333509565965153 0.00016592667814508633 0.9999999712116406 1.328261137008667
0.9999999521062483 -4.4069645628406966e-05 -0.00030634191267005765 -0.0021917629055678844 4.402108688423825e-05 0.9999999864673271 -0.00015851652717177787 -0.02795715071260929 0.00030634889429161143 0.00015850303407587274 0.9999999405135698 1.3419692516326904
0.9999999954147993 -3.85949359375035e-05 8.764035528053902e-05 -0.0018232673173770308 3.860577196060193e-05 0.9999999916109259 -0.00012364360943440894 -0.026250656694173813 -8.76355825281324e-05 0.00012364699229104872 0.9999999885157127 1.2665116786956787
0.999999992150523 -8.077256190737538e-05 9.578490179881396e-05 -0.001788679393939674 8.079165381206706e-05 0.9999999768694339 -0.00019933349072736166 -0.02721313014626503 -9.576879890653497e-05 0.00019934122778332452 0.9999999755457059 1.3208521604537964
0.9999999452538785 -1.2767222419025729e-05 0.00033064972115341837 -0.0016481914790347219 1.2834186264362473e-05 0.9999999794103291 -0.00020252067763474438 -0.028351912274956703 -0.00033064712871891367 0.0002025249101676323 0.9999999248280657 1.3636465072631836
0.9999999864932627 -9.533716257011628e-05 -0.0001338816614086867 -0.0019163460237905383 9.532906125407994e-05 0.9999999936250856 -6.051609883992266e-05 -0.02547583356499672 0.0001338874299883558 6.0503335209446396e-05 0.9999999892067509 1.2393993139266968
0.9999987143889321 -4.767296989276588e-05 -0.001602793739247981 -0.003363723400980234 4.772558272614796e-05 0.999999998323625 3.278747319485796e-05 -0.02666737511754036 0.0016027921734848754 -3.286392530811497e-05 0.9999987149877797 1.265311598777771
