0.9999998202575016 6.122774493063819e-05 -0.0005964361894990159 -0.002981050405651331 -6.113719592927341e-05 0.9999999866043711 0.00015183379501003454 -0.013996458612382412 0.0005964454779502506 -0.00015179730328287216 0.9999998106051675 0.712468147277832
0.9999996442318436 1.1070320534691694e-05 0.000843453397584479 -0.001275056623853743 -1.1095258447119533e-05 0.9999999995014985 2.956176438221082e-05 -0.0157474335283041 -0.000843453069905809 -2.957111219851071e-05 0.9999996438561706 0.7858966588973999
0.9999998274905624 7.06865932692022e-05 -0.0005831142690399133 -0.0030622030608356 -7.0595191221489e-05 0.9999999852201844 0.00015676718298394786 -0.012912098318338394 0.0005831253417596937 -0.00015672599087680246 0.9999998177008831 0.6699896454811096
0.999999999936733 9.805742210671448e-06 5.511884236203575e-06 -0.001954471692442894 -9.806342881347549e-06 0.9999999940127349 0.00010898791402709772 -0.015690259635448456 -5.510815495813434e-06 -0.00010898796807162916 0.9999999940456267 0.7893187403678894
0.9999997455323973 -2.3164578931980982e-05 0.0007130207169254223 -0.0011227740906178951 2.3046072767517007e-05 0.9999999859214337 0.00016621074255714356 -0.01683659665286541 -0.0007130245570889782 -0.00016619426793456737 0.9999997319876872 0.7965665459632874
0.9999994725498942 5.4436066351491635e-05 -0.0010256396286973818 -0.003396640531718731 -5.433014082493399e-05 0.9999999931881451 0.00010330510758457755 -0.015592019073665142 0.0010256452452345646 -0.00010324932995082485 0.9999994686955621 0.7750950455665588
0.9999981702138453 7.765295034422166e-05 -0.0019114232866355933 -0.004423043690621853 -7.731226088117436e-05 0.9999999811138455 0.0001783118704105283 -0.014056837186217308 0.0019114370969789765 -0.00017816376768214586 0.9999981573312504 0.7079781293869019
0.9999999810784023 8.548140673684549e-05 0.00017474588473535298 -0.0022767954505980015 -8.547210956586075e-05 0.9999999949315688 -5.32107237378967e-05 -0.015032761730253696 -0.00017475043237718407 5.3195786831658505e-05 0.9999999833162473 0.7601059675216675
0.9999530884299033 0.00023668340507063644 -0.009683228824296822 -0.013926043175160885 -0.00023131361584987194 0.9999998188671274 0.0005556615187098462 -0.01174643449485302 0.009683358586206085 -0.0005533955890831114 0.9999529620536222 0.5984054207801819
0.9999998755247864 1.5097503435585559e-05 -0.0004987208410168906 -0.0025560115464031696 -1.497250708185446e-05 0.9999999684785361 0.00025063669143410267 -0.015551446005702019 0.0004987246092847895 -0.00025062919313472294 0.9999998442293738 0.7746549844741821
0.9999999876332482 1.3975738279479849e-05 0.00015664668033891932 -0.0018750595627352595 -1.3990160976731212e-05 0.9999999956636219 9.207079787069435e-05 -0.016810573637485504 -0.00015664539290226583 -9.207298824435206e-05 0.9999999834923927 0.8244856595993042
0.9999995509885021 -5.667452145603442e-06 0.0009476236986833141 -0.0010946776019409299 5.646808983272263e-06 0.9999999997467244 2.1786808842580266e-05 -0.017024077475070953 -0.0009476238219190005 -2.1781448010038105e-05 0.9999995507672295 0.8210755586624146
0.9999999877107026 -1.0337844702633486e-05 -0.0001564344063612877 -0.0021259645000100136 1.035795504101067e-05 0.9999999916832675 0.0001285541814620906 -0.017072049900889397 0.00015643307608710077 -0.000128555800222798 0.9999999795010492 0.8384578824043274
0.9999999993730663 -1.1281525516629859e-05 -3.3564783439372023e-05 -0.001980131957679987 1.1286142196765549e-05 0.9999999904765375 0.0001375483475873032 -0.01645171269774437 3.356323136452599e-05 -0.0001375487263179882 0.9999999899769287 0.8099072575569153
0.9999998153892086 4.1425175340831444e-05 0.0006062223220362899 -0.0014737617457285523 -4.144431242103439e-05 0.9999999986433182 3.155523087990044e-05 -0.01600930653512478 -0.0006062210140328669 -3.158034952177537e-05 0.9999998157493649 0.7935677766799927
0.9999958195411532 0.00010997185799328897 -0.0028894301181501022 -0.005747280083596706 -0.00010931750448057164 0.9999999683461858 0.00022662151436163107 -0.012542817741632462 0.002889454948677613 -0.00022630470168982932 0.9999957999093204 0.6514320373535156
0.9999999376851776 -1.0397800434688854e-05 0.0003528760781354825 -0.00166063301730901 1.0366654918741008e-05 0.9999999960510326 8.82636223121208e-05 -0.017105886712670326 -0.0003528769944895168 -8.825995866745774e-05 0.999999933844001 0.8421703577041626
0.9999994797731174 0.0001027524031189763 -0.0010148376411618341 -0.0037163342349231243 -0.00010277705287364475 0.9999999944247168 -2.4237236734939227e-05 -0.014581169933080673 0.0010148351450695074 2.4341526147980974e-05 0.9999994847584264 0.738797664642334
0.9999650320063059 0.00016771333704896133 -0.008361018889123797 -0.012568127363920212 -0.0001635713674666843 0.9999998635785333 0.0004960718926875164 -0.011847582645714283 0.008361100946373875 -0.0004946869227555922 0.9999649230227095 0.6246953010559082
0.9999999074879588 3.917795329063594e-05 0.0004283563489274949 -0.0017481943359598517 -3.918443189634444e-05 0.9999999991180439 1.5115954849678202e-05 -0.015063099563121796 -0.0004283557563375305 -1.5132738351452283e-05 0.9999999081411688 0.7510446906089783
0.9999882811359037 0.00010662661539343275 -0.0048400642171251155 -0.008240277878940105 -0.00010601416094046722 0.9999999863420279 0.000126794880124767 -0.013898558914661407 0.004840077670728571 -0.00012628027888592219 0.9999882787820228 0.7090874314308167
0.999946579149881 3.673810813406769e-05 -0.010336222557676323 -0.015804393216967583 -3.407124753970339e-05 0.9999999660892817 0.00025818711319977556 -0.005821469705551863 0.010336231692473675 -0.0002578211526273107 0.9999465464926875 0.4249207079410553
0.9999524892467477 0.00021223971638347847 -0.00974547092426973 -0.014091034419834614 -0.00020879664003196064 0.9999999154319837 0.0003543162270251448 -0.012680793181061745 0.009745545300090117 -0.0003522645716097926 0.999952448997689 0.6400225162506104
0.9999733920921557 0.00014677367751851918 -0.007293391885512831 -0.011448871344327927 -0.0001433640190067882 0.9999998802018658 0.00046802031190789153 -0.012180366553366184 0.0072934597048404225 -0.0004669622488936644 0.9999732933392732 0.6497350931167603
0.9999886967136596 -0.00011926548823209633 -0.0047531274609186516 -0.006058026105165482 0.00011968913873572599 0.9999999888904008 8.884654398324499e-05 -0.02631775662302971 0.004753116811786865 -8.941443745741646e-05 0.9999886998789695 1.2729029655456543
0.99980226444124 0.0008202608732629924 -0.01986854776445934 -0.0198467168956995 -0.0008112440541196679 0.999999564275143 0.00046187943076646823 -0.06367148458957672 0.01986891796886443 -0.00044566985954123565 0.9998024942342976 2.845430850982666
0.9997832525259388 0.001118101272710984 -0.020789367912436345 -0.024072419852018356 -0.001102546886411737 0.9999991036711313 0.0007596362925500399 -0.050188057124614716 0.020790198628631226 -0.0007365503904400998 0.9997835891504242 2.172058343887329
0.99984539787337 0.00014785096780959076 -0.017582903387495966 -0.022585466504096985 -0.00013832574053851166 0.9999998430371096 0.0005429472770923492 -0.003023693338036537 0.017582980902913017 -0.0005404311681567702 0.999845261386341 0.17319366335868835
0.9998173052048462 0.0002379090061607838 -0.019112812776368063 -0.025868602097034454 -0.0002321878948781691 0.999999927577479 0.0003015523481537442 0.008114948868751526 0.01911288313418943 -0.0002970594923455246 0.9998172880351476 -0.21722650527954102
0.9999331527376304 4.592265064463337e-05 -0.011562350422518217 -0.017958026379346848 -4.0092475971697814e-05 0.9999998719517368 0.0005044691305602084 -0.005915134213864803 0.01156237210853897 -0.0005039718449233892 0.9999330265390795 0.46617579460144043
0.9999982855600295 -3.2720531533495614e-06 -0.0018517198209810203 -0.005294932518154383 3.5247997129050805e-06 0.9999999906790787 0.00013648962663404102 -0.01020309329032898 0.0018517193571199726 -0.00013649591957226291 0.9999982762506575 0.5472677946090698
0.9999989912026579 4.0719961065585595e-05 -0.0014198364522873595 -0.004473838489502668 -4.067501739213793e-05 0.9999999986708658 3.168298158731074e-05 -0.016447080299258232 0.0014198377405299832 -3.162519775321235e-05 0.9999989915298102 0.8278794884681702
0.999996596018536 0.00025521186891902325 -0.0025966937137412733 -0.005337286740541458 -0.000255133192017334 0.9999999669844256 3.0630083154747604e-05 -0.018870852887630463 0.0025967014451707057 -2.9967476134634144e-05 0.9999966281160927 0.9053791761398315
0.9999981957438219 -8.372409844714344e-05 0.0018977616753712934 -0.00010880298214033246 8.37267247113451e-05 0.9999999964940672 -1.3044278976284748e-06 -0.015995487570762634 -0.0018977615595058186 1.4633189134679348e-06 0.9999981992478398 0.8305480480194092
0.9999988067241771 1.672012711913781e-05 0.0015447558574600963 -0.0005941498093307018 -1.6490840512888374e-05 0.9999999888465652 -0.00014844164323862797 -0.01620309054851532 -0.0015447583221939074 0.00014841599178432724 0.9999987958464847 0.8321021795272827
0.9999978567655604 -4.748348397706986e-05 0.0020698332310738077 4.201271804049611e-05 4.747770062196722e-05 0.9999999988688919 2.8432518854254873e-06 -0.015008211135864258 -0.0020698333637401084 -2.7449748691878048e-06 0.9999978578888613 0.7853091955184937
0.9999959487195157 -1.3593275816027837e-05 0.0028464644348102043 0.0006542361807078123 1.3864309303022544e-05 0.9999999953725722 -9.519788070317776e-05 -0.014115202240645885 -0.0028464631275873465 9.523695929320579e-05 0.999995944280568 0.7497568130493164
0.9999999899546413 -0.0001389123402836323 -2.817940748983892e-05 -0.0016169497976079583 0.00013891523235737694 0.9999999850822783 0.0001026547683097858 -0.018784930929541588 2.8165147055359174e-05 -0.00010265868182752096 0.9999999943339598 0.9371860027313232
0.9999996517803537 5.012542374206272e-05 0.0008330225765433447 -0.0009033287642523646 -5.009229985730329e-05 0.9999999979539851 -3.9784306281986614e-05 -0.018137862905859947 -0.000833024569044179 3.9742564411617446e-05 0.9999996522452373 0.8997565507888794
0.9999779390538092 0.000885108746419231 -0.006583159439305887 -0.01040605828166008 -0.0008739572514889085 0.9999981788268185 0.0016966265849831328 -0.010388352908194065 0.006584649149262243 -0.0016908357558656465 0.9999768914680117 0.6446439623832703
0.9999883751038025 0.0006283411997836572 -0.004780674073103266 -0.006753820925951004 -0.0006237490688177408 0.9999993427542716 0.0009619917482766025 -0.01473420299589634 0.004781275390074947 -0.0009589986242209668 0.9999881097929529 0.7595137357711792
0.9998601247022824 0.00020072604433533722 -0.016723957049440998 -0.024006694555282593 -0.0001814024670007308 0.9999993142775203 0.0011569518720433887 -0.010350543074309826 0.016724177811820458 -0.0011537562759890586 0.999859475487918 0.6109559535980225
0.9999840191475012 0.0005414385747237982 -0.005627458918533437 -0.007301581557840109 -0.0005369826028010217 0.9999995411564041 0.0007933074219734995 -0.017034774646162987 0.005627885863649821 -0.0007902728967073728 0.9999838510543331 0.859245240688324
0.9999391279093551 0.00010014440332987846 -0.011033152177725361 -0.016327768564224243 -9.408703616683902e-05 0.9999998445806604 0.0005495327876920877 -0.015030874870717525 0.01103320549559327 -0.0005484612598944431 0.9999389819217662 0.782084584236145
0.999998234435182 -3.4606738374531914e-05 0.0018788104993482811 -0.0002535744570195675 3.4767480942723e-05 0.9999999957385276 -8.552290477476082e-05 -0.017957210540771484 -0.0018788075316729911 8.558807528676008e-05 0.9999982313769061 0.9097575545310974
0.9999967836667241 -5.290663709643918e-05 0.0025357162883525783 0.00045046379091218114 5.309507096958595e-05 0.9999999958343241 -7.424463176731331e-05 -0.015635650604963303 -0.002535712349755817 7.437902700812241e-05 0.9999967823101431 0.816332221031189
0.999998543504623 -2.5876643686295286e-05 0.001706551795758429 -0.00040711392648518085 2.6021872475915693e-05 0.9999999960422492 -8.507857286114597e-05 -0.016412608325481415 -0.0017065495874564072 8.512285661780069e-05 0.9999985402202368 0.8388309478759766
0.9999992356248478 7.814344774306571e-05 0.0012339543432408815 -0.0010874244617298245 -7.805394425937888e-05 0.9999999943197274 -7.258186074457719e-05 -0.014865843579173088 -0.001233960008028527 7.24854902612804e-05 0.9999992360439841 0.7687989473342896
0.9999987783479491 -8.789780486099842e-05 0.0015606333922916023 -0.0003410846693441272 8.780904932266782e-05 0.9999999945237085 5.693991267950825e-05 -0.01545565016567707 -0.0015606383886384524 -5.6802805384228813e-05 0.9999987805898871 0.7987136244773865
0.9999985173421577 -1.1792987950823454e-06 0.0017220081577649855 -0.0004931199364364147 1.3303450661781666e-06 0.999999996152238 -8.771404624643547e-05 -0.01619480364024639 -0.001722008047698039 8.771620706157353e-05 0.9999985134959704 0.8322960138320923
0.9999966473224692 -1.032371141906132e-05 0.0025894472850134798 0.0004252115613780916 1.0295890850667473e-05 0.9999999998891389 1.0757155093474209e-05 -0.013560551218688488 -0.002589447395780176 -1.0730458361591975e-05 0.9999966473179004 0.7205970883369446
0.9999983734859598 3.949287613641181e-05 0.0018031821171568304 -0.0004479243652895093 -3.9470373739798055e-05 0.999999999142734 -1.251485452312265e-05 -0.013604780659079552 -0.0018031826098586234 1.2443661895450956e-05 0.9999983741874937 0.7193150520324707
0.999967825219247 -8.597372330482163e-05 0.008021292589626533 0.007978692650794983 8.560760912960386e-05 0.9999999952783067 4.598612645146321e-05 -0.010460949502885342 -0.008021296505350961 -4.529796317720002e-05 0.9999678278577105 0.5666931867599487
0.9999994590489958 0.0010238704598835911 0.0001832784694748907 -0.005896350368857384 -0.0010241385894394688 0.9999983967405282 0.0014688963622590558 0.0008754683658480644 -0.00018177421603800102 -0.0014690832702112962 0.9999989043756397 0.30526483058929443
0.9999985444030969 -0.000873070220864397 -0.0014659263544880199 -0.009111186489462852 0.0008732293849898261 0.9999996129097032 0.0001079392644570472 0.0028641680255532265 0.001465831548484693 -0.00010921919730995808 0.9999989197039356 0.09467285871505737
0.9999979926645849 -3.536458976401415e-05 0.0020033512289390687 -1.3360055163502693e-05 3.543438699497254e-05 0.9999999987665166 -3.48047535913227e-05 -0.015590461902320385 -0.002003349995612136 3.4875671249241284e-05 0.9999979926842266 0.8091523051261902
0.999998407576317 -2.4777306524587305e-05 0.0017844413454268656 -0.0004641547566279769 2.4855935830367313e-05 0.9999999987212574 -4.404165846321354e-05 -0.015330442227423191 -0.0017844402519113527 4.4085942289808554e-05 0.9999984069134396 0.7972790002822876
0.9999983136742392 -6.0169353246473365e-05 0.001835491303946904 -0.0002554542734287679 6.0308461655608516e-05 0.9999999953137123 -7.57328520678112e-05 -0.016701992601156235 -0.0018354867385485352 7.58434200144751e-05 0.9999983126166805 0.8588423132896423
0.9999533219584938 4.747418752809681e-05 -0.009661865781221527 -0.009303021244704723 -4.570680440125432e-05 0.9999999821845239 0.0001831443144883428 -0.03926348686218262 0.009661874303718319 -0.00018269415266101605 0.9999533063137427 1.8598356246948242
0.9999068715978 0.0005694351295487359 -0.013635390538380898 -0.015230742283165455 -0.0005584023941119799 0.9999995136749971 0.0008129185297452647 -0.04213438183069229 0.013635846811517851 -0.0008052287892201869 0.9999067032920272 1.8806962966918945
0.9999873338579767 3.9601280370741607e-05 -0.005032946985054698 -0.007040318567305803 -3.7612727058184354e-05 0.9999999212006511 0.0003952011825380538 -0.025522999465465546 0.005032962238934585 -0.0003950068740025008 0.9999872565491379 1.2165510654449463
0.9999870732509551 -4.954396656559106e-05 -0.005084375712368654 -0.005950772203505039 4.8104678394356856e-05 0.9999999587411383 -0.00028320251013495856 -0.03568056970834732 0.005084389533568793 0.0002829542669887015 0.9999870343759233 1.7712044715881348
0.999977264432253 0.000232770245416285 -0.006739171803756619 -0.008396148681640625 -0.00023084496380804652 0.9999999323251617 0.00028646164589353663 -0.03376946598291397 0.006739238027431874 -0.0002848994291542451 0.9999772504927923 1.4956674575805664
0.9999920339704189 -5.84722635789228e-05 -0.003991062101581 -0.0055037303827703 6.019134841780683e-05 0.9999999054738924 0.0004306149180932798 -0.025135435163974762 0.003991036545292442 -0.00043085171521161763 0.9999919429645888 1.2292356491088867
0.999999826698287 -3.359161284197666e-05 -0.000587771213469524 -0.0024763992987573147 3.3616829108558655e-05 0.9999999985151066 4.289167286550246e-05 -0.021667204797267914 0.0005877697717962773 -4.291142443674021e-05 0.9999998263426374 1.0503052473068237
0.9999995331574291 -3.339708232891099e-05 0.000965696411411369 -0.0010372194228693843 3.335956567378805e-05 0.9999999986883098 3.886540794624006e-05 -0.017030129209160805 -0.0009656977081359034 -3.883317458935568e-05 0.9999995329598516 0.8566882014274597
0.9999989765328723 2.3099673509319767e-05 0.001430524244178736 -0.0007110544247552752 -2.303430989035397e-05 0.9999999986900754 -4.570853226153088e-05 -0.01500634104013443 -0.0014305252981570286 4.567553434160458e-05 0.9999989757550339 0.7532557249069214
0.9999995325085709 -9.005756536178771e-05 0.0009627420604412084 -0.0008927830494940281 9.0057373349588e-05 0.9999999959448054 2.427940551581867e-07 -0.01882351189851761 -0.0009627420784025433 -1.5609192047754134e-07 0.9999995365637259 0.9476169347763062
0.9999998835363512 -3.4627883552022764e-05 0.000481381547409872 -0.0014152323128655553 3.4595190709127835e-05 0.9999999970948348 6.792277675220695e-05 -0.018471233546733856 -0.00048138389803338284 -6.790611535523601e-05 0.9999998818291442 0.9163365364074707
0.9999995579611269 -8.71006822264349e-05 -0.0009362109923311325 -0.0027162330225110054 8.724167949053322e-05 0.9999999848596298 0.00015056437039925907 -0.01975533366203308 0.0009361978638971705 -0.00015064598046328291 0.9999995504195731 0.959316074848175
0.9999243232493495 -0.00010445803302075595 -0.01230190484638682 -0.012212228961288929 0.0001031424058415206 0.9999999888941586 -0.0001075793966702708 -0.0429927259683609 0.012301915947295988 0.00010630240734880406 0.9999243229184016 2.083446741104126
0.9980002473868953 0.0015189661071831253 -0.06319176336882157 -0.0600736066699028 -0.0014651575096783177 0.9999985235942638 0.0008978433964879112 -0.15272119641304016 0.06319303386582847 -0.0008034620451599815 0.9980009994582041 6.664808750152588
0.9996624909290784 0.0014453495504634225 -0.025938681426537 -0.02857879176735878 -0.0014263820735970615 0.9999987016684339 0.0007497303695614524 -0.07119397819042206 0.02593973137198073 -0.0007124788585614225 0.9996632546563997 2.904855728149414
0.9999820990093021 8.567486986184884e-05 -0.005982835512250807 -0.009525174275040627 -8.445564907850744e-05 0.9999999756177068 0.00020403879258931577 -0.007678373251110315 0.00598285284737256 -0.00020352985583627054 0.9999820818631723 0.49143093824386597
0.9999088364463634 0.0004762952978597457 -0.013494144629024773 -0.01813730038702488 -0.0004721007154359269 0.9999998392535359 0.0003140283698169922 -0.018730320036411285 0.013494292030124675 -0.00030762914654129843 0.9999089005739042 0.9862697124481201
0.9999442721673154 0.00019023164078533372 -0.010555395383428631 -0.015817906707525253 -0.00017395008969880012 0.9999987938547484 0.0015433827828575252 -0.020593535155057907 0.010555676252327756 -0.00154146066150628 0.9999430991800908 0.963347315788269
0.9999996782484787 -1.4904802847011353e-05 0.0008020478703640036 -0.001220854464918375 1.5045393914341584e-05 0.9999999845245127 -0.000175284371800816 -0.01569349505007267 -0.000802045245372918 0.00017529638252895043 0.9999996629972447 0.8277937173843384
0.9999988511414517 -8.148794666291969e-05 -0.0015136299055946362 -0.003976576030254364 8.16311146385345e-05 0.9999999922007575 9.452431405218109e-05 -0.018304230645298958 0.0015136221911972076 -9.464776475345878e-05 0.9999988499941702 0.9084248542785645
0.9999975946743881 -0.00014510165167858365 -0.002188513410707612 -0.0036996128037571907 0.00014554821587883297 0.9999999686220438 0.0002038912168451743 -0.02210523560643196 0.002188483757084207 -0.00020420926064276378 0.9999975844157939 1.0611705780029297
0.9999990629397963 -0.00010914610849027738 0.0013646269292599885 -0.0005159726133570075 0.00010914544891499589 0.9999999940434798 5.578088712430717e-07 -0.018013978376984596 -0.0013646269820142283 -4.0886552974700356e-07 0.9999990688960829 0.9130364656448364
0.9997676180197245 -0.0007047501988532757 -0.02154560944422618 -0.018195439130067825 0.0006878371362078564 0.9999994494992909 -0.0007923895436770419 -0.0785381942987442 0.02154615602004138 0.0007773855363277632 0.9997675524003005 3.7939093112945557
0.9981257943812806 0.002125217101242246 -0.06115866286152811 -0.05644569545984268 -0.002120351239313256 0.9999977416182824 0.00014446091805384145 -0.15619251132011414 0.061158831752735544 -1.4512321996356864e-05 0.9981280464389491 6.9193902015686035
0.9985859445210841 0.001120818269900639 -0.05314936661278496 -0.046990130096673965 -0.001190220431830023 0.9999984799439118 -0.0012741605823197518 -0.14084452390670776 0.0531478577203072 0.001335618310648665 0.9985857606352447 6.5200958251953125
0.9967309024761516 0.002590921383794221 -0.08075144070206607 -0.076700858771801 -0.002472390374441255 0.9999957146298251 0.0015678035022795055 -0.18639087677001953 0.08075515670787013 -0.0013630291150182707 0.99673303688436 8.054327011108398
0.9983422557084015 0.0014158604155105454 -0.057538993789817056 -0.054465506225824356 -0.0013720923029454614 0.9999987385455468 0.0008001687494326644 -0.14352166652679443 0.057540054134255156 -0.0007198934637577423 0.9983429390362953 6.230258941650391
0.9983557183252816 0.0022363505134364438 -0.05727877812586481 -0.055852167308330536 -0.0021428336892080715 0.9999962692580435 0.0016940288589187003 -0.148233562707901 0.05728235287583246 -0.0015685045028647586 0.9983567858449368 6.336411952972412
0.9991631963924881 0.0005053006129823325 -0.040898064086662585 -0.03744439408183098 -0.0005084532650207213 0.9999998685142578 -6.66839131068718e-05 -0.1060723289847374 0.04089802501372811 8.742286598571126e-05 0.9991633219385202 4.794867038726807
0.9970766870610529 0.0027524087523066332 -0.0763577393943493 -0.0715971291065216 -0.002488258076729132 0.9999905876981078 0.003554305408452414 -0.15624088048934937 0.07636680359356891 -0.0033539172996941476 0.997074150977573 6.411861896514893
0.9970922336359669 0.0011401448852263727 -0.0761956540261949 -0.07182233780622482 -0.0010899192459441617 0.9999991605141499 0.0007007474816244218 -0.1942477822303772 0.0761963890146785 -0.0006156627618872207 0.9970926392569989 8.417228698730469
0.9981229745544896 0.0025109968704215887 -0.061190052796306224 -0.05872107297182083 -0.0024072499911779593 0.999995537624809 0.0017691461074727309 -0.16960445046424866 0.061194222063671866 -0.0016185256211580915 0.9981245651524844 7.298482894897461
0.9991951605629903 0.0016532968628368279 -0.04007864415101759 -0.03829803690314293 -0.001592287232346566 0.9999975246611515 0.0015541212757909006 -0.09592074155807495 0.04008111436662245 -0.001489053744326821 0.999195319739878 4.085513114929199
0.9987680214380763 0.0018579419090152234 -0.049588178072328376 -0.048011042177677155 -0.0018136531570638148 0.9999979153019608 0.0009381119113505173 -0.12042813003063202 0.04958981765338623 -0.0008470204218731273 0.9987693089705494 5.216734409332275
0.9995394881992544 0.0011127982844569154 -0.030324465541063352 -0.030158372595906258 -0.0010909510633673545 0.9999991333396449 0.0007369842175736971 -0.08008842170238495 0.03032525937482426 -0.0007035623197164712 0.9995398359464781 3.446814775466919
0.9990342886565803 0.0015373614920215829 -0.04391043848657885 -0.04127707704901695 -0.0014552819894382311 0.9999971338809669 0.001901153382308153 -0.09899812936782837 0.043913235394035736 -0.0018354153466434236 0.9990336625998814 4.151978015899658
0.9986619365647913 0.0012254922284168682 -0.051699464460077796 -0.0497397743165493 -0.00119271210060788 0.9999990676733088 0.0006648987578386299 -0.10819648206233978 0.05170023108754758 -0.0006023465042661684 0.9986624671450224 4.8224263191223145
0.9994605111002286 0.0011280315436781347 -0.03282398964334587 -0.03135041147470474 -0.0011165233382585853 0.999999308632648 0.0003689307002066134 -0.08411837369203568 0.032824383115378324 -0.00033208291569751324 0.9994610795794062 3.7359228134155273
0.9997217760225653 0.0012223169579973093 -0.023555816426986717 -0.025155222043395042 -0.0011917223250258843 0.9999984281645585 0.0013128085588299807 -0.06824570894241333 0.02355738406928367 -0.001284371311690881 0.9997216612868532 2.78192400932312
0.999963354558949 -0.0002579300321454219 -0.008557044543063014 -0.008894526399672031 0.00025812212487428155 0.9999999664586985 2.1344096099825727e-05 -0.03298171982169151 0.00855703875076521 -2.355207645610962e-05 0.9999633875963247 1.5537325143814087
0.9993978714067723 0.0016239709500917787 -0.03465915962579384 -0.03360147401690483 -0.0015789543877612366 0.9999978740894319 0.0013261672814364408 -0.08593730628490448 0.03466123960066013 -0.0012706435260296204 0.9993983109523328 3.689242124557495
0.9999147686744398 0.0004323910021997894 -0.013048694370036367 -0.014131051488220692 -0.0004232957101411704 0.9999996655637459 0.0006997807785918513 -0.0444609709084034 0.013048992584992076 -0.0006941976789987107 0.9999146172959466 1.9257755279541016
0.9999959113937462 -2.2296049268025763e-05 -0.0028594927307231286 -0.004602434113621712 2.2719312304175543e-05 0.9999999887917034 0.00014798792498455727 -0.025737956166267395 0.0028594893991270194 -0.00014805228562858252 0.9999959006920464 1.2005584239959717
0.999973534901424 -0.00013896636874288377 -0.0072739387610273295 -0.007728970143944025 0.00013832060293309821 0.9999999864481561 -8.928100940390741e-05 -0.03939024358987808 0.007273951069509721 8.827251097806882e-05 0.9999735405718505 1.9014360904693604
0.9998726921562247 0.00023200348098608825 -0.015954486975406135 -0.016161363571882248 -0.00021913822216595313 0.9999996494634584 0.0008081159569006919 -0.048558738082647324 0.015954668868490493 -0.0008045168394893381 0.9998723925051395 2.1469366550445557
0.9999519083973483 0.00036811077259342494 -0.009800274841043462 -0.01175544410943985 -0.0003647127408712103 0.9999998727615975 0.0003485131345806564 -0.0348910391330719 0.00980040188551138 -0.00034492208892690116 0.9999519154197538 1.5081149339675903
0.9999975444338594 7.385785993249451e-05 0.0022148750006615405 0.0011878149816766381 -7.314323996685043e-05 0.9999999452493198 -0.00032272499790100774 -0.007791354786604643 -0.0022148987151733193 0.00032256220229476013 0.9999974950855165 0.5320680737495422
0.9999955426323369 4.705595391234977e-06 0.0029857483677453046 0.001937474007718265 -3.636728769541719e-06 0.9999999359132298 -0.0003579948470912951 -0.00826175231486559 -0.0029857498609772376 0.00035798239301965254 0.9999954785629653 0.5614449977874756
0.9999980294511853 6.244502264287502e-05 0.0019842364691944636 0.0003340108960401267 -6.191455528476469e-05 0.9999999623316196 -0.0002674010985073727 -0.0077802874147892 -0.00198425309231914 0.000267277718461885 0.9999979956491348 0.5391459465026855
0.9999991649204863 0.00021912228830056615 0.0012736340734002473 0.0003907860373146832 -0.000218690197175674 0.99999991849525 -0.0003393878179894602 -0.007865168154239655 -0.0012737083370283199 0.0003391090032870046 0.9999991313357008 0.5378267765045166
0.9999994510814314 0.000363344997504468 0.000982760015909207 -0.00013561418745666742 -0.000362985832597735 0.9999998672819331 -0.00036561920319742685 -0.006282929331064224 -0.0009828927313876707 0.0003652622745396386 0.9999994502525237 0.48969078063964844
0.9999936402978638 0.00012424220898009413 -0.0035642569633068896 -0.006773652043193579 -0.00012490228231039276 0.9999999750926829 -0.00018497041327666605 -0.00275972206145525 0.0035642338933980695 0.00018541442074939128 0.9999936309088403 0.27963531017303467
0.9999950430579319 0.00011125288350451033 -0.0031466620982212963 -0.005761206150054932 -0.00011158915498690419 0.9999999880824743 -0.00010669072712511376 -0.00401208084076643 0.0031466501910698344 0.00010704133162993007 0.9999950435550807 0.3979577124118805
0.9999914269336369 0.00034188071789680664 0.004126642315963893 0.0039879088290035725 -0.00033976624171166487 0.9999998106505761 -0.0005130864578624013 4.890561103820801e-05 -0.004126816948953105 0.0005116799653875645 0.9999913537453626 0.2799525856971741
0.9999592928396246 5.784507101976375e-05 -0.009022711212582175 -0.012476364150643349 -5.914369174734623e-05 0.9999999879317363 -0.0001436612370037216 -0.02654544822871685 0.009022702793599258 0.00014418902541338946 0.9999592841930233 1.2590644359588623
0.999791908744812 0.000518078279841397 -0.02039291061377667 -0.019650379195809364 -0.000516666538681994 0.9999998637530292 7.449571030475564e-05 -0.05838475748896599 0.020392946429913822 -6.394387385842092e-05 0.9997920401999046 2.62623929977417
0.9994922826279737 0.001401837286008371 -0.03183098835013274 -0.030064908787608147 -0.0014040731682284373 0.9999990131420453 -4.789022817858844e-05 -0.08427314460277557 0.031830889803161184 9.255895013840523e-05 0.9994932645531834 3.747572183609009
0.9995156093763696 0.0016987612341802382 -0.031075083640341374 -0.029897097498178482 -0.001679362770244806 0.9999983784020114 0.0006503337864222866 -0.0840388610959053 0.031076138010873895 -0.0005978324322860806 0.9995168414002399 3.6654722690582275
0.9990201743960528 0.00210413357522407 -0.04420705567641061 -0.04263238236308098 -0.0020623533929794444 0.999997382613966 0.0009906884976506156 -0.10800842940807343 0.044209024510410984 -0.0008985472244272051 0.9990218990416191 4.615472316741943
0.9994515859850398 0.0018352295778799115 -0.033062958191688856 -0.03221502900123596 -0.0018102641567532601 0.9999980533526832 0.0007850060682950502 -0.0917007178068161 0.03306433449612536 -0.0007247228718347224 0.9994529626556158 3.9475951194763184
0.9999192809612114 0.0007569902714758044 -0.012683001527334882 -0.014822056517004967 -0.0007477034825012936 0.9999994489226599 0.0007369490337588859 -0.046404868364334106 0.012683552401269267 -0.0007274064235306874 0.9999192959326162 1.9985125064849854
0.9999971970915883 -9.319090227456196e-06 -0.0023676406233204194 -0.005000249948352575 9.471398564123448e-06 0.9999999978867463 6.4317957462896e-05 -0.015285746194422245 0.0023676400189321456 -6.43402020535521e-05 0.9999971950666056 0.7938129305839539
0.9999981639824127 0.0002735559258857951 0.0018966283133779148 0.001521936384961009 -0.0002729001831505988 0.9999999029076905 -0.0003459914733565986 -0.009450014680624008 -0.001896722777247734 0.00034547324789607894 0.9999981415437437 0.5728079080581665
0.9999995345479606 0.00021710137036078483 0.0009400908770301538 -0.0008346013491973281 -0.00021690348953188064 0.9999999543027822 -0.00021058800907902098 -0.008430404588580132 -0.000940136553015969 0.00021038400206869776 0.9999995359408089 0.5251045227050781
0.9999999473078139 -2.672121853690543e-05 -0.0003235279676393237 -0.003324851393699646 2.6700513346651566e-05 0.9999999975953944 -6.400229649194292e-05 -0.012373734265565872 0.0003235296770807179 6.399365475670404e-05 0.9999999456166787 0.697096586227417
0.99999882088342 -4.4502610684796706e-05 -0.001535008562654926 -0.0042158206924796104 4.470226944729245e-05 0.9999999905461644 0.00013003606552122266 -0.01569691114127636 0.0015350027611988084 -0.00013010453055991352 0.9999988134189631 0.7993019223213196
0.9999998722582172 -4.621970381202344e-05 0.0005033361588473229 -0.001163073000498116 4.625838910910787e-05 0.999999995977396 -7.684640413571727e-05 -0.015013688243925571 -0.0005033326050045627 7.686967783910924e-05 0.9999998703736624 0.7904989719390869
0.9999999292301109 0.00012708286988092344 0.00035410410491323315 -0.0003744770074263215 -0.00012695289921139504 0.9999999245826089 -0.0003670391500950252 -0.010552124120295048 -0.00035415072259617817 0.0003669941695769639 0.999999869946264 0.6371461153030396
0.9999968292873672 0.00011109920948230265 -0.0025157647303213964 -0.005102012772113085 -0.00011091143759301689 0.9999999910534905 7.477748668806881e-05 -0.014353740960359573 0.0025157730155337408 -7.449822250726135e-05 0.9999968326630588 0.7283118963241577
0.9999987045578452 -7.002429043567812e-05 0.0016080980162422296 -0.001983016263693571 7.054046962161598e-05 0.9999999460130512 -0.00032093291579556526 -0.008818153291940689 -0.0016080754563262188 0.0003210459360348006 0.9999986555105128 0.4587551951408386
0.9991431108450759 0.002349589393841496 -0.04132219113871838 -0.04315816983580589 -0.002297346645124581 0.9999965007898588 0.0013117188837646389 -0.1187322586774826 0.04132512854446509 -0.0012156634888971002 0.9991450124546812 4.870173454284668
0.9999984912293715 0.0002751709613722582 -0.0017151734379164624 -0.0038592671044170856 -0.00027540283450771456 0.9999999529702651 -0.00013495460683393164 -0.02336752414703369 0.0017151362216634065 0.00013542676684485922 0.9999985199825705 1.126841425895691
0.9994370700255185 0.0017853242293993216 -0.03350157721962869 -0.03266878053545952 -0.0017574332615685946 0.9999980842289283 0.0008619552216897879 -0.0900622308254242 0.03350305190781814 -0.0008025932151380536 0.9994382929210752 3.866929769515991
0.999066910564865 0.0017587081915177798 -0.043153391058795385 -0.04052196815609932 -0.0017527920731798914 0.9999984485581985 0.00017493182771363073 -0.10921064019203186 0.04315363176285897 -9.912967889463374e-05 0.9990684432204745 4.825146675109863
0.9994331472343428 0.0017397035222538812 -0.033620791794819756 -0.03441444784402847 -0.001689062220629636 0.9999973960436647 0.0015345926835464206 -0.10021650046110153 0.03362337398404277 -0.0014769351861913104 0.9994334832215621 4.204592227935791
0.99995455245997 1.2471516370545955e-05 -0.009533774648192283 -0.010550211183726788 -8.70377279904812e-06 0.9999999218544143 0.0003952409513561414 -0.03522074967622757 0.009533778832423873 -0.0003951400088187279 0.9999544744264851 1.5869346857070923
0.9999959723339404 0.00014910692147318137 -0.0028342693984691907 -0.004733877722173929 -0.000148947585878797 0.9999999873152197 5.642851530573832e-05 -0.02394973114132881 0.002834277776399306 -5.6006130445890294e-05 0.999995981858327 1.1343437433242798
0.9999985831480172 7.044429468610152e-06 -0.0016833455778953947 -0.0035643037408590317 -6.617325375096176e-06 0.9999999677889548 0.0002537287934127697 -0.019807133823633194 0.0016833473110476635 -0.0002537172946712179 0.9999985509836328 0.9408986568450928
0.9999995949739704 8.355477563104829e-05 0.0008961420059642205 -0.0011071674525737762 -8.328795467830629e-05 0.9999999521959153 -0.0002977772389822411 -0.01683780550956726 -0.0008961668438353631 0.0002977024805399302 0.9999995541290113 0.8634451627731323
0.9999999555797013 -3.3525041457859296e-05 -0.00029616999613082804 -0.0022227447479963303 3.354999464910055e-05 0.999999995888305 8.424836786705394e-05 -0.018198059871792793 0.00029616717048304187 -8.42583006265017e-05 0.9999999525927716 0.8848930597305298
0.9999999259872077 -1.3142825617052517e-05 -0.0003845163781775286 -0.0022805738262832165 1.3134809698698652e-05 0.9999999996963922 -2.084927187117857e-05 -0.018882662057876587 0.00038451665207913093 2.084421977861235e-05 0.9999999258562285 0.907160222530365
0.9999999793404467 -5.549790357260412e-05 0.0001955481739721614 -0.0016996640479192138 5.549610144079736e-05 0.9999999984175758 9.221208634047411e-06 -0.018754329532384872 -0.00019554868542046887 -9.210356282242043e-06 0.9999999808379401 0.9240448474884033
0.9999994358273631 2.8074811009685897e-05 -0.0010618647560605265 -0.002953058108687401 -2.8045438437569216e-05 0.9999999992237407 2.767619192987678e-05 -0.024032199755311012 0.0010618655322401024 -2.7646395853081487e-05 0.9999994358384748 1.1360299587249756
0.9999962804779986 -4.1674372073652556e-05 -0.002727140153060874 -0.004431380890309811 4.238042056968879e-05 0.9999999656029394 0.00025883975703013657 -0.021382968872785568 0.002727129272270927 -0.0002589543716166047 0.9999962478472434 1.0079920291900635
0.9999703941711721 0.00029291954722336145 -0.007689276902912233 -0.0095984460785985 -0.0002896878596197785 0.9999998692534307 0.0004213953789744926 -0.03231928497552872 0.00768939933250927 -0.0004191554130470054 0.9999703482837102 1.403294563293457
0.9999984345906063 4.4406837429685046e-05 -0.0017688539706585502 -0.0036742649972438812 -4.448727625381205e-05 0.9999999979782357 -4.5435787487364564e-05 -0.02291039004921913 0.0017688519494227161 4.5514407857001365e-05 0.9999984345443845 1.0728610754013062
0.9999979652960742 -3.846823377919189e-05 -0.0020169094939865456 -0.003777200821787119 3.8943103071526916e-05 0.9999999715338935 0.00023540528273913752 -0.02381412498652935 0.0020169003809475355 -0.0002354833484733948 0.9999979383280979 1.1278321743011475
0.9999897352360564 5.657759432021217e-05 -0.004530587323710642 -0.006212677340954542 -5.526357203309357e-05 0.9999999563770758 0.0002901582052464267 -0.02457423508167267 0.004530603542526399 -0.0002899048504020274 0.9999896947402599 1.1177185773849487
0.9999954930739554 5.1345147841660535e-05 -0.003001865328875241 -0.004784378223121166 -5.133355040803148e-05 0.9999999986746697 3.940457282106161e-06 -0.02390410378575325 0.0030018655272201398 -3.786343117578669e-06 0.9999954943843598 1.098210334777832
0.9999989325229973 -3.611454842565609e-05 -0.0014607014085978337 -0.0032410379499197006 3.6501662381763644e-05 0.9999999642230534 0.00026499343480625577 -0.022731143981218338 0.001460691786220164 -0.0002650464699615155 0.9999988980643301 1.0651886463165283
0.9999995089457645 -1.294319411202337e-05 -0.000990929212070703 -0.00284668430685997 1.3082226442558223e-05 0.9999999900725713 0.00014029865428456489 -0.01768634468317032 0.000990927386320608 -0.00014031154895065732 0.9999994991876666 0.8524410128593445
0.9999997575959144 -9.532056447540319e-05 -0.0006897261068148094 -0.0027586566284298897 9.542166202826464e-05 0.9999999847096416 0.0001465449527684162 -0.015584634616971016 0.000689712127521031 -0.00014661073205677746 0.9999997514012063 0.7869398593902588
0.9999999974100646 -4.760934093113718e-05 5.3974265341251184e-05 -0.0018615504959598184 4.7603295321415615e-05 0.999999992594418 0.00011200486746642491 -0.01692463830113411 -5.397959741946149e-05 -0.00011200229782344675 0.9999999922708441 0.8366491198539734
0.9999999959952365 -7.53128421099004e-05 -4.834772760861766e-05 -0.0018896997207775712 7.532062267686178e-05 0.9999999842113245 0.0001609476762409319 -0.01715664379298687 4.833560541834239e-05 -0.00016095131717732303 0.9999999858791713 0.851302444934845
0.9999977971500766 2.3813526344659762e-05 -0.0020988396579615944 -0.003945637959986925 -2.352617496648856e-05 0.999999990347769 0.00013693422070621187 -0.020496949553489685 0.002098842898589782 -0.0001368845413916545 0.9999977880581082 0.9613960981369019
0.9999832199670687 -0.0001267088992007929 -0.005791694842414618 -0.006411305163055658 0.00012581293905655736 0.9999999800635209 -0.00015506147816868456 -0.0355210080742836 0.005791714374617822 0.00015433020608173164 0.9999832159725434 1.731534481048584
0.9999781725560276 -1.6215373188568623e-05 -0.006607128617575616 -0.007525844965130091 1.7268449392335876e-05 0.999999987158221 0.00015932783313610762 -0.03667069971561432 0.006607125949168057 -0.00015943845028291783 0.9999781599945433 1.7131187915802002
0.9999521470516043 0.00020018051337072343 -0.009780773724466228 -0.010005397722125053 -0.00019912700957607583 0.9999999742679571 0.00010868541569961181 -0.04345183074474335 0.009780795229489247 -0.00010673259855892974 0.9999521611821395 2.0344226360321045
0.9999273938748074 0.000609597261363092 -0.012034756745129415 -0.013284874148666859 -0.0006044103175700959 0.9999997228927002 0.0004346293715032662 -0.04965426027774811 0.012035018359085046 -0.000427323883602504 0.9999274852345017 2.1985230445861816
