0.99996634178181 1.800217765140241e-05 -0.008204570642369364 -0.012060192413628101 -1.5193346452735354e-05 0.9999999412616706 0.0003424117659139146 -0.011950514279305935 0.008204576324604033 -0.0003422755860597212 0.9999662833189711 0.6300519704818726
0.9999928182068109 0.00011763152356925666 -0.00378809947405364 -0.00687369704246521 -0.00011694600048817138 0.9999999767471722 0.00018118854388875347 -0.013462775386869907 0.0037881206994540852 -0.00018074423954716107 0.9999928087106861 0.7082566618919373
0.9999988057092031 -7.5551820340386255e-06 -0.0015454847416844454 -0.004157069604843855 7.728350260762268e-06 0.9999999936934428 0.00011204189844314484 -0.012988118454813957 0.001545483885440819 -0.00011205370867994305 0.9999987994610425 0.6793695688247681
0.9999975584304537 0.00011911430449070564 -0.0022065685835833244 -0.004938809666782618 -0.00011856763625960023 0.9999999622498452 0.0002478750172195512 -0.01339902076870203 0.002206598025745295 -0.00024761278439425764 0.9999975348034924 0.6959682106971741
0.9999663834541959 5.05900975069496e-08 -0.00819950983498313 -0.012129213660955429 2.2965638664511117e-06 0.9999999590289806 0.0002862459837937074 -0.012297102250158787 0.008199509513522064 -0.00028625519189049147 0.9999663424844374 0.6468541026115417
0.999955374774982 0.0001714658561620859 -0.00944558405211704 -0.013927426189184189 -0.00016840542105252208 0.9999999330718357 0.0003248013830113501 -0.011998927220702171 0.00944563911228866 -0.00032319620111716333 0.999955336725584 0.6420558094978333
0.9999609676966521 0.00014531901001007988 -0.0088341363788871 -0.012944645248353481 -0.00014206455029810045 0.9999999218200945 0.00036902231500141703 -0.012164534069597721 0.008834189314192638 -0.00036775289359853696 0.9999609101644777 0.6454368829727173
0.9998785236181496 0.00043501376692003447 -0.015580396985068804 -0.02057645656168461 -0.00042644837541909724 0.9999997561262772 0.0005530724811736432 -0.006268725730478764 0.015580633779562803 -0.0005463610609470618 0.9998784652849657 0.3464154601097107
0.9998253648003453 0.00024340881535421098 -0.0186863761603177 -0.024671953171491623 -0.0002304430531214921 0.9999997312316771 0.0006960119056336894 -0.008624749258160591 0.018686540553445145 -0.0006915842118814268 0.9998251521708295 0.4740230441093445
0.9999036751459542 0.0003906045980855925 -0.013873999339132692 -0.01938919723033905 -0.00038271147709667113 0.9999997634226283 0.0005715650559041263 -0.010533172637224197 0.013874219312797333 -0.0005662002612032208 0.9999035880802334 0.5787124037742615
0.9999530654328946 2.511503663683934e-05 -0.009688462240826501 -0.014191091060638428 -2.2244943143384198e-05 0.9999999558421224 0.0002963459391012929 -0.013135820627212524 0.00968846925574369 -0.0002961165109412337 0.9999530218357723 0.6846213340759277
0.9999705624255802 0.0002129721525999966 -0.007670001638266716 -0.011831393465399742 -0.0002095604897236225 0.999999878759418 0.00044560694628357806 -0.01231176033616066 0.007670095610221817 -0.00044398649939643865 0.9999704858191157 0.6668218970298767
0.9999999991734814 3.800484752139575e-05 -1.4445372740568765e-05 -0.002263477537781 -3.800284876774243e-05 0.9999999897087121 0.00013834145926481948 -0.015233991667628288 1.445063023797252e-05 -0.00013834091018516203 0.9999999903264859 0.7764000296592712
0.9999999072655984 1.1096333479991065e-05 -0.00043051790471385185 -0.0024269409477710724 -1.0995725038484473e-05 0.9999999726332635 0.00023369331778432843 -0.017079319804906845 0.00043052048607096786 -0.00023368856225641405 0.9999998800208765 0.8490411043167114
0.9999997129341499 -7.63100061414279e-05 0.0007538623221248195 -0.0011670863023027778 7.628497694195694e-05 0.9999999965381852 3.3229985604004915e-05 -0.016638783738017082 -0.0007538648552954932 -3.3172467694950144e-05 0.9999997152936432 0.8046035766601562
0.9999999084402672 -1.5821010846851097e-05 0.0004276320297284994 -0.001684296759776771 1.5795489325978758e-05 0.9999999980941408 5.96843434920174e-05 -0.014566441997885704 -0.0004276329731801387 -5.967758337017384e-05 0.9999999067843087 0.7499386668205261
0.9999928797384605 0.00017962358535410268 -0.0037693776341061586 -0.007310609798878431 -0.00017854265052072316 0.9999999428474817 0.0002871019947736181 -0.013625181280076504 0.003769428988966398 -0.00028642695585872 0.9999928546568202 0.7415436506271362
0.9999345709489883 8.814426417209672e-05 -0.011438795900404234 -0.016003243625164032 -8.303376917684575e-05 0.9999998965396462 0.0004472427641053167 -0.012127003632485867 0.01143883413882671 -0.00044626369509723435 0.9999344748143544 0.6370641589164734
0.9998998700650836 0.0005700170302201725 -0.014139481051805765 -0.020574325695633888 -0.0005629370392615244 0.9999997141899019 0.0005046999154340752 -0.006972956005483866 0.014139764698146243 -0.0004966897422643924 0.9998999051673029 0.480115681886673
0.999961990704875 0.00031388225905391024 -0.008713129373025312 -0.01316002756357193 -0.0003106583043228543 0.9999998827908051 0.0003713620796631862 -0.012512601912021637 0.008713244915734924 -0.00036864115845593225 0.9999619710102654 0.6787669658660889
0.999827259332788 0.0006607934083747242 -0.018574575288747827 -0.02397782914340496 -0.0006537754273158085 0.9999997126003297 0.00038389705496787326 -0.0031727384775877 0.018574823627064425 -0.00037168713943784657 0.9998274039932562 0.3162251114845276
0.9999237283105221 0.000634382718133335 -0.0123343066344192 -0.0199703611433506 -0.0006373368136079366 0.9999997691535176 -0.0002355731254460768 0.005719972774386406 0.012334154343568262 0.00024341626557424742 0.999923901797107 -0.01580190658569336
0.9997440106012927 0.0006734467074124955 -0.022615475594702433 -0.029080061241984367 -0.0006633650692018214 0.9999996772401072 0.0004532840899740707 -0.0024601295590400696 0.022615773558011868 -0.0004381657375195228 0.9997441346650447 0.2893802225589752
0.99994954971735 0.0008155097723133459 -0.010011641417885684 -0.014625176787376404 -0.0008166131903542043 0.9999996609400196 -0.00010612607233601323 0.0005160216242074966 0.010011551476489656 0.00011429635668460925 0.999949876630512 0.2053067684173584
0.9999938250201391 0.0001594526159842449 -0.003510626219678737 -0.006483683828264475 -0.0001577794945947276 0.999999873855303 0.00047685952757743654 -0.017644206061959267 0.0035107018133309856 -0.0004763026781488054 0.9999937240345743 0.9026196002960205
0.9999073029560546 0.0008841934159159349 -0.013586894315919836 -0.014553670771420002 -0.0008706644150452488 0.9999991193481851 0.0010016218500902882 -0.04370963200926781 0.013587767978041785 -0.0009896993773137817 0.9999071922216168 2.2063539028167725
0.9999986804508241 0.0002488564409691063 -0.0016053557495603122 -0.003593660891056061 -0.00024876910153401186 0.9999999675661416 5.460448676677432e-05 -0.019430844113230705 0.0016053692861706687 -5.420505180600822e-05 0.9999987099248017 0.9741383790969849
0.9996814285149758 0.0008512516880487493 -0.02522532165941175 -0.031600359827280045 -0.00083606372074646 0.9999994628391903 0.0006126326678007012 0.0003811148926615715 0.02522582961395016 -0.0005913475242183517 0.9996816032259438 0.08965063095092773
0.9995490275466131 0.0011106714685897446 -0.030008464464364903 -0.03754260390996933 -0.0010942360857508625 0.9999992422145525 0.0005641078883087752 0.009230855852365494 0.030009068262923978 -0.0005310171464955292 0.9995494854397062 -0.32766878604888916
0.9997980695355102 0.0011832135649626255 -0.02006041272573576 -0.02761734649538994 -0.001179859647085895 0.9999992879402924 0.00017902547737649153 0.0047049131244421005 0.020060610266897445 -0.00015532085519970537 0.9997987536455282 0.07082617282867432
0.9999869651532214 0.00083947966046591 -0.005036347639860047 -0.008688208647072315 -0.0008407518990151059 0.9999996151930508 -0.00025049948987547574 -0.006556494627147913 0.00503613541261177 0.0002547305434953197 0.9999872861454069 0.374910831451416
0.9999807776262963 0.0003786208822487025 -0.006188782120503844 -0.008718759752810001 -0.000375780880601407 0.9999998235706765 0.0004600514596489402 -0.023725617676973343 0.0061889552137107335 -0.00045771699037276675 0.9999807434788528 1.1743190288543701
0.9999576339889652 0.0002818219883894244 -0.009200587131141757 -0.013703104108572006 -0.00028109503513174054 0.99999995726837 8.030466749565144e-05 -0.009500518441200256 0.009200609369606743 -7.771502594436124e-05 0.9999576704779072 0.5392248034477234
0.999999827289105 4.354657443279076e-05 0.0005861104467853585 -0.0017286945367231965 -4.362388373874533e-05 0.999999990350973 0.00013189014500699481 -0.01564381644129753 -0.0005861046977659465 -0.00013191569064211845 0.9999998195397505 0.8094282746315002
0.999997738500255 5.476671135460417e-05 0.0021260279825980905 -7.670163176953793e-05 -5.451996196141209e-05 0.9999999917719758 -0.0001161189981839487 -0.016561690717935562 -0.0021260343245607374 0.00011600282461612378 0.9999977332581286 0.8450927734375
0.9999967899289088 2.3878273408046394e-05 0.002533685399900747 0.00040852618985809386 -2.3790155453480686e-05 0.9999999991111913 -3.4808702546979145e-05 -0.015552293509244919 -0.002533686228820502 3.474831403903553e-05 0.999996789608171 0.8170908689498901
0.9999965385469272 1.5200660350746429e-05 0.0026310954190247203 0.0004814824496861547 -1.5009272652749741e-05 0.9999999972403214 -7.276042083325887e-05 -0.015815909951925278 -0.0026310965177701864 7.272067814795706e-05 0.9999965360154089 0.8271905183792114
0.9999998610994434 2.1558378717014806e-05 0.0005266273161117133 -0.001324717071838677 -2.1597864319457595e-05 0.9999999969563137 7.497269301537736e-05 -0.01569581963121891 -0.0005266256982191156 -7.498405662694888e-05 0.9999998585213725 0.80591881275177
0.9999987956646343 -4.4826757375648404e-05 0.001551341304407422 -0.0003794257063418627 4.490878620146922e-05 0.9999999975955005 -5.284127234567052e-05 -0.018486622720956802 -0.0015513389319743278 5.2910877562022616e-05 0.999998795273253 0.8789168000221252
0.999991578070176 -1.7199584407013856e-05 0.004104082466713298 0.0023016417399048805 1.7309265878452125e-05 0.9999999994940314 -2.6689449738544062e-05 -0.012621135450899601 -0.004104082005589317 2.6760263616474754e-05 0.9999915778619237 0.6773520112037659
0.9999140694224843 0.0003448815636041825 0.013104763548978172 0.01612699218094349 -0.00034031224909540674 0.9999998805269017 -0.0003509041972119975 -0.0111238406971097 -0.013104883003699675 0.00034641433225446214 0.9999140673270728 0.5492128133773804
0.9998870266838908 0.0007368666870521586 -0.015013024236765413 -0.021472152322530746 -0.0007244629046957194 0.9999993917779972 0.0008316231931520936 -0.011813439428806305 0.015013627900940955 -0.0008206528627753755 0.9998869523631814 0.6827104687690735
0.9999999634866084 9.142303746564473e-05 0.0002543002362617464 -0.001609628670848906 -9.143241043648368e-05 0.9999999951412245 3.68465113257637e-05 -0.01601104624569416 -0.0002542968664061732 -3.6869761263948576e-05 0.9999999669868617 0.8128927946090698
0.9999994052952863 9.849042655703228e-05 0.0010861439635921934 -0.0008862377144396305 -9.858544176274804e-05 0.9999999913187857 8.742619274086843e-05 -0.01612013950943947 -0.0010861353435201297 -8.75332187305682e-05 0.9999994063237994 0.8371283411979675
0.9999974007965612 6.45532247156617e-05 0.0022790860016071025 -1.0624644346535206e-06 -6.43827915959116e-05 0.9999999951258198 -7.485463425209866e-05 -0.01915544643998146 -0.002279090822606453 7.470770577060529e-05 0.9999974000785106 0.9683853387832642
0.9999964192052739 2.549594480945679e-05 0.0026759907672743908 0.00044016161700710654 -2.516603715786432e-05 0.9999999920796828 -0.00012331790083332394 -0.01669050008058548 -0.002675993890186089 0.0001232501151741517 0.9999964119266171 0.8546814918518066
0.999998053169046 2.5364674907229438e-05 0.001973072413982227 -0.000215406296774745 -2.515134804111229e-05 0.999999993836157 -0.00010814386420086792 -0.0173849668353796 -0.0019730751448544777 0.00010809402823205124 0.9999980476431709 0.8703042268753052
0.9999986513982453 3.715527853939898e-05 0.0016418956045636678 -0.0005765937967225909 -3.702520966528939e-05 0.9999999961743613 -7.924904839745842e-05 -0.016748640686273575 -0.0016418985428028354 7.91881499930452e-05 0.9999986489482935 0.842255711555481
0.9999982836134715 8.22894872191149e-05 0.0018509453129424795 -0.00026377802714705467 -8.22912656287293e-05 0.9999999966136827 8.846531777678663e-07 -0.01589662954211235 -0.0018509452338769346 -1.0369682917726705e-06 0.999998286998866 0.8262632489204407
0.9999994772970399 7.556605356675677e-06 0.001022422879674323 -0.0011352273868396878 -7.495300614320599e-06 0.9999999981740649 -5.9964079043842595e-05 -0.016851849853992462 -0.0010224233309323262 5.995638433360286e-05 0.9999994755277447 0.8297557830810547
0.9999985757649362 6.263871221227797e-05 0.0016865777452917423 -0.0005243681371212006 -6.264024243826095e-05 0.999999998037735 8.544725975942789e-07 -0.016106942668557167 -0.0016865776884591667 -9.601190194804947e-07 0.9999985777263781 0.8236607313156128
0.999998853898671 4.714780803374336e-05 0.0015132674675178825 -0.0007069866405799985 -4.714327780520077e-05 0.9999999988841671 -3.0293434605956167e-06 -0.01481175608932972 -0.001513267608656233 2.957999600046283e-06 0.9999988550055419 0.7649061679840088
0.9999970518634472 -2.690338599992704e-06 0.0024282209899816813 0.0001728188944980502 2.469807181586499e-06 0.9999999958725274 9.082315388122883e-05 -0.011708871461451054 -0.0024282212243043025 -9.081688888452948e-05 0.9999970477426313 0.6432305574417114
0.9999996645428304 0.00026606432795545017 0.0007746767067563763 -0.0026626624166965485 -0.00026655202472797957 0.9999997663312921 0.0006295136053481134 -0.00892957579344511 -0.0007745090346243254 -0.0006297198858179567 0.9999995017941862 0.5520848631858826
0.9999853498005783 0.00023661436450766958 -0.005407790478357998 -0.009471101686358452 -0.00023430162649169217 0.9999998808320527 0.0004282973598831916 -0.01230593491345644 0.005407891175230335 -0.0004270240311366519 0.9999852860735071 0.6741461157798767
0.9999976025811677 3.7185075569492853e-05 0.002189394708014897 7.313216337934136e-05 -3.716576888902903e-05 0.9999999992701123 -8.858957759485934e-06 -0.01622524857521057 -0.0021893950358378984 8.777565983128822e-06 0.9999976032332936 0.850352942943573
0.9999967497654181 4.633296888931224e-05 0.0025491786629837708 0.0003183522494509816 -4.610187397892194e-05 0.9999999948228535 -9.071334064602537e-05 -0.018425771966576576 -0.00254918285280469 9.059552389291792e-05 0.9999967467243251 0.928607702255249
0.9999978268042544 5.310885298016063e-05 0.0020841224096417336 -9.12030809558928e-05 -5.306646715036033e-05 0.9999999983840423 -2.03927886397953e-05 -0.017884012311697006 -0.0020841234893114935 2.0282147308885206e-05 0.9999978280065993 0.9196025133132935
0.9999969573271913 0.00015511523199083062 -0.0024619658048179514 -0.00397173035889864 -0.0001540647539838301 0.9999998970245028 0.0004268665310109084 -0.025235909968614578 0.0024620317647967853 -0.0004264859300396857 0.9999968782497975 1.2490041255950928
0.9999653215906243 0.0004566916760480651 -0.008315470454024594 -0.01005641184747219 -0.00045194740012653565 0.9999997340472793 0.0005724062524676299 -0.03697269409894943 0.008315729655673423 -0.0005686282470767525 0.9999652620477423 1.722442388534546
0.9999963626299985 0.0005771083537762619 -0.0026347054333826776 -0.005477215629070997 -0.0005769498679920583 0.9999998317092272 6.091278376002502e-05 -0.027580058202147484 0.002634740143262424 -5.9392469245704566e-05 0.9999965273024263 1.3067984580993652
0.9999997950980668 9.105219290491113e-05 -0.0006336507888964445 -0.002580131869763136 -9.09351973707486e-05 0.9999999788150714 0.00018466360348077054 -0.021264856681227684 0.0006336675894986445 -0.00018460594448328882 0.9999997821929918 1.0475151538848877
0.9999652383801753 0.00045952721592017035 -0.00832531476985648 -0.009237561374902725 -0.00045254547720130446 0.9999995443978752 0.0008404800016038851 -0.03382180631160736 0.008325697200260553 -0.0008366832016122233 0.9999649907508511 1.6386127471923828
0.9999997554664994 0.00015196891530707372 -0.0006826217032801746 -0.002812978345900774 -0.00015188794525505827 0.9999999814241493 0.00011866656211666751 -0.024006348103284836 0.0006826397242286238 -0.00011856285109081997 0.9999997599728997 1.163588285446167
0.9999986919706956 4.450292608548708e-05 0.0016168105602710331 -0.0004447320243343711 -4.427960460277686e-05 0.9999999894755326 -0.00013816023896058002 -0.018725093454122543 -0.0016168166917898653 0.00013808846651061234 0.9999986834168137 0.9447453022003174
0.9999999969302983 -3.3832641224630966e-06 -7.828126482305108e-05 -0.0025834962725639343 3.3995621715505546e-06 0.999999978320727 0.00020819939528779924 -0.014934651553630829 7.82805587324258e-05 -0.00020819966077071587 0.9999999752625272 0.7788442969322205
0.9999992280499355 1.5496102092191145e-05 0.0012424409056242087 -0.0008461662800982594 -1.5558110265141113e-05 0.9999999986340325 4.9898698402697934e-05 -0.018022656440734863 -0.0012424401306917502 -4.99179899160021e-05 0.999999226925059 0.9138981103897095
0.999999805595983 0.00012414353947028914 -0.0006110616807740513 -0.00262067886069417 -0.00012401916439233108 0.9999999715886394 0.00020357300188969407 -0.022498799487948418 0.0006110869356859528 -0.00020349717895524298 0.9999997925808061 1.1137173175811768
0.9999992029347434 0.00011094699377531122 0.0012577045131689354 -0.0008743493817746639 -0.00011091134164427031 0.9999999934455829 -2.841669649014375e-05 -0.022001776844263077 -0.001257707657672464 2.8277180145234654e-05 0.9999992086856114 1.0461448431015015
0.9999999965031352 9.474330550268341e-06 -8.309011313915773e-05 -0.002292920835316181 -9.475745491373338e-06 0.9999999998101183 -1.702861766752682e-05 -0.015901047736406326 8.308995178862784e-05 1.7029404948744997e-05 0.9999999964030297 0.8422503471374512
0.9996200734003178 0.0012597345440290761 -0.027534013946794438 -0.02553221955895424 -0.0012118383105854137 0.9999977236952516 0.0017561469826404639 -0.06475384533405304 0.027536163550006168 -0.0017221130027438884 0.9996193245549795 3.0146827697753906
0.999550717691682 0.0021277149806373952 -0.029897083319360886 -0.03143685683608055 -0.002065367528456382 0.9999956281180901 0.0021161289373040526 -0.07527868449687958 0.02990145513208402 -0.0020534297329270388 0.9995507422874119 3.2512481212615967
0.9999593921036672 0.0006768107160685001 -0.008986438166434607 -0.011197663843631744 -0.0006728207841538144 0.9999996737468136 0.0004470105803087375 -0.03107229433953762 0.008986737776131468 -0.00044094616577554233 0.9999595212360459 1.4197089672088623
0.9999746834181029 0.0004193301286881936 -0.007103286922863457 -0.010993896052241325 -0.0004162918078840126 0.9999998212409557 0.00042920762794504766 -0.017336277291178703 0.007103465632776533 -0.0004262397217199461 0.9999746792272812 0.9049310684204102
0.9999678896284558 0.0002614306343936787 -0.008009454790158474 -0.010994870215654373 -0.00025441171301210423 0.9999995827781851 0.0008773358169491188 -0.02242676354944706 0.008009680810898414 -0.0008752699462566104 0.9999675389310537 1.0928304195404053
0.9999803223255811 0.0003328832227277924 -0.006264515175718749 -0.008088107220828533 -0.0003326231318033672 0.9999999437752497 4.2559950828174235e-05 -0.030195124447345734 0.006264528990991539 -4.0475390690341266e-05 0.9999803768265974 1.364074945449829
0.9999797608321682 0.0006709707666537005 0.00632674673664531 0.005733915138989687 -0.0006675861681099719 0.9999996329457781 -0.0005370633267005326 -0.0015804991126060486 -0.006327104768178269 0.000532828808375208 0.9999798417161784 0.3058188855648041
0.9999500052049602 0.000571346375624894 -0.009983018276982593 -0.015928899869322777 -0.000567664444947486 0.9999997698169977 0.0003716490672279588 -0.010211175307631493 0.009983228319409041 -0.0003659634821799122 0.9999500993664893 0.5476936101913452
0.9999795886901939 0.0002443958845417822 -0.0063845496037359195 -0.007536602672189474 -0.00024014203040895052 0.9999997487005032 0.0006670312855204477 -0.028569640591740608 0.006384711019002859 -0.0006654844718331406 0.9999793960855503 1.3736591339111328
0.9999924947543138 0.00012302095316713433 -0.003872376646030474 -0.007403163705021143 -0.0001225688917949467 0.9999999856466085 0.00011697713251382385 -0.012428862042725086 0.003872390981087077 -0.00011650162165758809 0.9999924954795719 0.6725627183914185
0.9997333983622246 0.0014690202219658922 -0.02304287696241607 -0.020968027412891388 -0.0014329451337100803 0.9999977219739242 0.0015819972205895708 -0.07345468550920486 0.023045148456049627 -0.0015485562791296313 0.9997332259688527 3.6726629734039307
0.9988363253283966 0.004206371622462598 -0.04804478787797135 -0.04685449227690697 -0.004067782600123694 0.9999872803582059 0.0029819903616570237 -0.135087251663208 0.0480567201251152 -0.002783084542845552 0.998840731093423 6.177889347076416
0.9976724305049395 0.006261853781429517 -0.06790074077347744 -0.06547347456216812 -0.006007014212272088 0.9999741300244999 0.003956647823426076 -0.1672188639640808 0.06792376013311208 -0.0035395577357994895 0.9976842357882652 7.68098783493042
0.9962997144104011 0.0071765097375834225 -0.0856468141482168 -0.0858781486749649 -0.006712814136669271 0.9999612186671577 0.0057008146838011895 -0.20419591665267944 0.0856844046027009 -0.0051047888966029124 0.9963092511555844 8.771748542785645
0.9971071339345466 0.006480996216645088 -0.07573216057180614 -0.07710203528404236 -0.0060907534098112 0.9999669637355566 0.005382765125191306 -0.17602023482322693 0.07576454434453407 -0.004905927591387237 0.9971136673893971 7.692238807678223
0.9978311990462398 0.005292214579305196 -0.06561166569132547 -0.0683499127626419 -0.005140619824785173 0.99998371392551 0.0024790949076542645 -0.1877322793006897 0.06562371703706436 -0.0021364336148640764 0.9978421535561869 7.868402481079102
0.9989915407452661 0.0028482385392190907 -0.044808359227080874 -0.04370756447315216 -0.0027199086513123704 0.999992024141689 0.0029246794587367885 -0.10691078752279282 0.04481633202670576 -0.0027998553947566453 0.998991319878927 4.813470840454102
0.9984557740486372 0.003767218508419318 -0.05542450120341006 -0.052929122000932693 -0.0035429405122578573 0.9999851362633333 0.004144252034993812 -0.11627350747585297 0.055439289691189074 -0.00394148666276714 0.9984542802960102 4.99696159362793
0.9978466369185203 0.004145240729196609 -0.06545919469177272 -0.06440581381320953 -0.0038357413611720074 0.9999808670873114 0.004853096693730585 -0.1453159749507904 0.06547805952079361 -0.00459156167393121 0.9978434452772567 6.494579315185547
0.9981814800600654 0.004844951315572841 -0.06008543344145099 -0.06131364777684212 -0.004630130137651498 0.9999823839861834 0.0037139752580679745 -0.14671987295150757 0.06010236900493789 -0.003429017943793639 0.9981863288364229 6.301235198974609
0.9986817076603237 0.004556831106351074 -0.05112809477115288 -0.05105575919151306 -0.0043937064272646055 0.9999848944660362 0.0033024511474763593 -0.12239620834589005 0.05114237116609684 -0.0030734557128166778 0.9986866434179896 5.422318935394287
0.9987766240093449 0.003837159585568503 -0.04930042128430882 -0.050385236740112305 -0.003669858665726611 0.9999871983605665 0.003483568911080244 -0.11646718531847 0.04931315716793077 -0.003298381618238443 0.9987779198644867 4.99619197845459
0.9992738494163919 0.001965719986170909 -0.03805141019045778 -0.03519856557250023 -0.001871622656675505 0.9999951025576805 0.0025083638661972663 -0.09143050760030746 0.03805615457685557 -0.002435324534881011 0.9992726346164156 4.155231952667236
0.998653877529876 0.0025074343329471505 -0.05180874122780213 -0.04896004870533943 -0.0023177043656077974 0.9999903878916062 0.0037218773312123568 -0.11001000553369522 0.051817575599568996 -0.0035967898827854454 0.9986500898520573 4.742823600769043
0.9989149911601294 0.002960347245880411 -0.04647662616565747 -0.04651531204581261 -0.002809023725699027 0.9999905405236882 0.0033208807341220947 -0.10265164077281952 0.046486017481248365 -0.00318672360357964 0.998913857633083 4.3493804931640625
0.9996775477111487 0.0026936454966699054 -0.025249651010704605 -0.028009457513689995 -0.00265034775466138 0.99999495989847 0.001748094515950582 -0.07209092378616333 0.025254232496820562 -0.0016806104830105809 0.9996796483321049 3.1468303203582764
0.9998634468545383 0.0010530218416622465 -0.016491779441971943 -0.019190223887562752 -0.0010323528239174005 0.9999986711097753 0.0012617552577005855 -0.04900921881198883 0.016493086182052648 -0.0012445576259730012 0.9998632052358497 2.080244302749634
0.9999387416236865 0.0004612482331068275 -0.011058944348625492 -0.010981881991028786 -0.00045273415547913585 0.99999959923603 0.0007723726845905148 -0.036178186535835266 0.011059296172135117 -0.0007673186084637821 0.9999385497070958 1.7278540134429932
0.999746986036268 0.0011272702260792218 -0.022465377211064654 -0.024748077616095543 -0.0010984585764792052 0.9999985584525255 0.0012947901863216047 -0.05986935272812843 0.02246680440458293 -0.0012697853000530276 0.999746783113173 2.4954655170440674
0.9997725887089906 0.0011637262829316077 -0.02129358136298082 -0.021671272814273834 -0.0011289895878325244 0.999998012519301 0.0016432711153087092 -0.05402987077832222 0.021295451360185718 -0.0016188571852564283 0.9997719155151237 2.4477591514587402
0.9999773873002415 0.0005037527427598027 -0.00670605110007092 -0.009153963066637516 -0.0005009366091383911 0.9999997856527967 0.0004216122320527158 -0.031314827501773834 0.006706262050965899 -0.0004182433917631196 0.999977425306076 1.3731459379196167
0.9999822103815335 0.00027801452288077295 -0.005958324293607834 -0.007411579135805368 -0.0002746362134122767 0.9999998010887202 0.0005678005551585817 -0.03215395659208298 0.005958480965230357 -0.0005661540825810615 0.999982087826648 1.5354561805725098
0.9998401066005296 0.0015937780981570239 -0.01781070196300889 -0.019089678302407265 -0.0015721792817321944 0.9999980118213493 0.0012266236807818125 -0.05008431896567345 0.01781262151810861 -0.0011984259351322719 0.9998406244446814 2.249452590942383
0.9999728092331511 0.0005091943705069468 -0.007356732661504147 -0.009056681767106056 -0.00050560907522001 0.9999997525211446 0.0004892004829005011 -0.027909336611628532 0.007356979939000312 -0.00048546755036660435 0.9999728192143197 1.2941298484802246
0.9999974174307596 0.001298022665254625 -0.0018655479012207193 -0.0025563049130141735 -0.001298383908742953 0.9999991385824151 -0.00019244129904017154 -0.001601087860763073 0.0018652965010370664 0.0001948629994231262 0.9999982413471411 0.22883427143096924
0.9999975950612536 0.0013954330853367307 0.0016919332768975423 0.0020832286681979895 -0.0013949113574002402 0.9999989792146237 -0.0003095028523435156 -0.0015486609190702438 -0.0016923634403169618 0.0003071420110642061 0.9999985207837915 0.23927313089370728
0.9999953301932253 0.0011791954924167186 0.0028194130122028795 0.0026438445784151554 -0.0011779242286648981 0.9999992038621951 -0.0004525146272400612 -0.00297566968947649 -0.002819944370770287 0.00044919145918650234 0.9999959230620789 0.2503511309623718
0.9999986803927519 0.0011333665181485655 -0.001163912836390648 -0.0020610601641237736 -0.0011333785444717637 0.9999993576795465 -9.673141149331742e-06 -0.004453417845070362 0.0011639011255713228 1.0992282220985001e-05 0.9999993226064405 0.34720245003700256
0.9999691076226824 0.0012917353954390142 -0.00775340054199481 -0.010022700764238834 -0.001292172509036445 0.9999991638254265 -5.1367839293022035e-05 -0.002651839517056942 0.007753327705142215 6.138498345026257e-05 0.9999699406189072 0.268077552318573
0.9999717708621414 0.0012167078112073327 -0.00741465447175259 -0.010430686175823212 -0.0012201361584143803 0.9999991508117164 -0.00045786854157224804 -0.001639336347579956 0.0074140910830838465 0.00046690250436120097 0.9999724062470241 0.18707865476608276
0.9999836750695602 0.0012034289136309293 -0.005585817149327683 -0.007707084063440561 -0.0012037952913568101 0.9999992735019563 -6.222905815650304e-05 0.0009472686797380447 0.005585738202994599 6.895222265419811e-05 0.9999843972654364 0.19911229610443115
0.9999619866517395 0.0017664858280248537 -0.008538429558510242 -0.00981902051717043 -0.001767181519738813 0.9999984358004129 -7.393377897973765e-05 -0.001393432728946209 0.00853828559972947 8.901992343264002e-05 0.9999635442127232 0.2324082851409912
0.9999952121034924 0.0017451083368147384 0.0025554582727891056 0.0029558325186371803 -0.0017434726427169142 0.9999982739612145 -0.0006421664392650352 -0.0006921673193573952 -0.0025565745119757967 0.0006377079930503708 0.9999965286216149 0.1761423945426941
0.9999224148173698 0.0009176773624214065 -0.012422649236729363 -0.013013708405196667 -0.0009056546347986749 0.9999991161426188 0.0009733979988189457 -0.04539521411061287 0.012423531522187281 -0.000962071847699713 0.9999223621273191 2.086806535720825
0.9997565361584956 0.001586647497813133 -0.02200797487467534 -0.021883714944124222 -0.0015513976048930733 0.9999974865358323 0.001618668430960782 -0.06266603618860245 0.022010487814634862 -0.0015841312242173403 0.9997564848273935 2.843982696533203
0.9995707522932521 0.0018729562261037237 -0.029237017544152335 -0.026203105226159096 -0.0018220888872089638 0.9999967799566707 0.0017663715285902086 -0.07855993509292603 0.02924023173624111 -0.001712340872899963 0.9995709463248449 3.7185678482055664
0.9994623897570433 0.0023368787317471725 -0.03270275919449997 -0.03344517573714256 -0.0022604960157071694 0.9999946308213847 0.002372443079541295 -0.08258230984210968 0.032708127719319496 -0.0022972431729791037 0.9994623059700156 3.56794810295105
0.9995001177540713 0.0027475544770457503 -0.03149548466039516 -0.03216245025396347 -0.002679669456784978 0.9999939953939189 0.002197395665159677 -0.08334540575742722 0.031501333006714094 -0.002111899737808282 0.9995014786873992 3.6857221126556396
0.9998780354041938 0.0017515983409847019 -0.015519220969538585 -0.01852748915553093 -0.001734391423822936 0.9999978663435939 0.0011221384266583312 -0.05349626764655113 0.015521153392659838 -0.0010950851617447046 0.999878939965159 2.325897455215454
0.9999879526839974 0.0008254993286713469 0.004838702070350742 0.004333022981882095 -0.0008238419913442935 0.999999601301952 -0.00034450008755498493 -0.005847637541592121 -0.004838984525760675 0.0003405096113044077 0.9999882340717635 0.4492465853691101
0.9999943682868002 0.0009086551073998186 0.003230749228795068 0.002968916669487953 -0.0009079320948808234 0.9999995624606465 -0.0002252505868620537 -0.006114818621426821 -0.003230952490311336 0.00022231601740001588 0.9999947557470459 0.4249139726161957
0.9999993848911468 0.0010371354187271192 -0.00039315067191053994 -0.001988779753446579 -0.0010373240130447442 0.9999993468752897 -0.00047979983931882326 -0.004743447061628103 0.0003926527977268642 0.0004802073688224119 0.999999807612313 0.30465906858444214
0.9999997541012913 0.0005799530111430499 -0.0003942738413996817 -0.0028223958797752857 -0.0005800089451481154 0.9999998217459479 -0.00014176634288141799 -0.011349102482199669 0.000394191553301339 0.00014199499037610705 0.9999999122252172 0.6331328749656677
0.999991323358754 0.00027749154686290646 -0.004156465523639481 -0.007956917397677898 -0.00027626035238196374 0.999999917800004 0.00029678309036632717 -0.015556804835796356 0.004156547536776862 -0.0002956322486557001 0.9999913178193838 0.8110752701759338
0.9999882315656802 0.0005097742822501306 0.004824609862427191 0.005090375430881977 -0.0005080341015553942 0.9999998054623028 -0.000361907043298087 -0.009576915763318539 -0.004824793414761937 0.0003594517178820046 0.999988296012992 0.5733509063720703
0.999998870389467 0.0010603512684438814 0.001065305109796224 0.0008292137645184994 -0.001060132724260481 0.9999994169047856 -0.00020569077602904698 -0.0038527967408299446 -0.0010655225930971826 0.000204561178870363 0.9999994114079904 0.3352852761745453
0.999946276918646 0.001227107668236522 -0.010292593614300788 -0.013339117169380188 -0.0012214049113020617 0.9999990970987993 0.0005603317131724628 -0.005162869114428759 0.010293271908447645 -0.0005477301860357076 0.9999468728612846 0.4084307551383972
0.9999987920051736 0.0008108662290910065 0.001326078486257119 -0.00215801689773798 -0.0008100286554047402 0.9999994721943395 -0.0006320321350444223 -0.004687672480940819 -0.0013265902798593957 0.0006309572099796892 0.9999989210250321 0.2594757378101349
0.999988835381759 0.0007852145745231659 0.004659672725145673 0.003709671087563038 -0.0007837311416892758 0.999999641627303 -0.0003201730210310529 -0.006051795557141304 -0.004659922459768673 0.00031651751579672526 0.999989092410178 0.4862235188484192
0.9999819809010732 0.0012768196954559296 -0.005865799573066001 -0.007112562190741301 -0.0012773867520848503 0.9999991798235669 -9.292620405808308e-05 -0.00621489342302084 0.005865676112067864 0.00010041742427663872 0.9999827917319825 0.44117027521133423
0.9995391243381794 0.001411584867886621 -0.030324022579901015 -0.03571147471666336 -0.001374872224982711 0.9999982965717101 0.001231495043855835 -0.032117120921611786 0.030325709284871875 -0.0011892358213676146 0.9995393624437863 1.563456654548645
0.9992251805333511 0.0029444301886619533 -0.039247533921969203 -0.040347758680582047 -0.002829311581653063 0.9999915323052778 0.0029883630496832154 -0.09259591996669769 0.039256000612211524 -0.0028750041055421575 0.9992250501099976 3.9777395725250244
0.9998946878918668 0.001501808889766347 -0.014434600641691945 -0.017311757430434227 -0.0014852931824371046 0.9999982301376442 0.0011548271479235829 -0.051384177058935165 0.014436309424112542 -0.001133265916717798 0.9998951488424042 2.222330093383789
0.9998981139844277 0.0008049725986534107 -0.014251795307955504 -0.015598866157233715 -0.0007913262598416762 0.9999992230909097 0.0009631304831592673 -0.03960871696472168 0.014252559529254047 -0.0009517545337547884 0.9998979741504493 1.904388666152954
0.9999691913069578 0.0006601548601473501 -0.007821804936804885 -0.010350211523473263 -0.0006572161525467066 0.9999997124887648 0.00037827148507478157 -0.03415900468826294 0.007822052405707415 -0.0003731192144781735 0.9999693376690177 1.5205020904541016
0.9999877043240594 0.0003663519234251819 -0.004945400586997729 -0.00893495324999094 -0.0003645179696228042 0.999999864469285 0.0003717365485218868 -0.01938159391283989 0.00494553610314361 -0.0003699292903888071 0.9999877023368701 0.9729236364364624
0.9999995257314283 7.454545226212356e-05 0.0009710715183980486 -0.0007732327794656157 -7.440409704915092e-05 0.9999999866321114 -0.00014560153531783355 -0.01762070320546627 -0.0009710823593491732 0.0001455292145641048 0.9999995179100333 0.9018080234527588
0.9999934027722821 0.0003046530139028633 -0.0036196130253837314 -0.007311839144676924 -0.00030360236605978414 0.999999911627233 0.0002908111576050046 -0.01717647910118103 0.003619701302004154 -0.0002897103159788476 0.999993406893474 0.8772327303886414
0.9999998985060956 6.225006523018789e-05 -0.0004462204923387029 -0.002372473943978548 -6.218279137486766e-05 0.9999999866999498 0.0001507759946498878 -0.018557313829660416 0.0004462298722194501 -0.00015074823211126112 0.9999998890769296 0.9209146499633789
0.9999998752455217 7.958489562048393e-05 -0.0004931279603996201 -0.0024915863759815693 -7.952167906842481e-05 0.999999988618825 0.00012821330780725802 -0.02136870101094246 0.0004931381586299634 -0.00012817407744866713 0.9999998701930727 1.0451157093048096
0.999999475460356 9.127965181884803e-05 -0.0010201701025384874 -0.0030412329360842705 -9.114097187257557e-05 0.9999999866008749 0.00013598372458940608 -0.021639956161379814 0.0010201825014161342 -0.0001358906739659309 0.999999470380554 1.0416896343231201
0.9999986847019986 0.00010581837486478545 -0.0016184550485819076 -0.0035439678467810154 -0.00010528471906598855 0.9999999400691685 0.0003298132612715866 -0.019385717809200287 0.0016184898518898675 -0.0003296424288837523 0.9999986359123038 0.949167013168335
0.9999733815368924 0.00029409420011166444 -0.007290385879651464 -0.00942057091742754 -0.0002905164039938727 0.9999998368617903 0.0004918095282144051 -0.02998238243162632 0.00729052932864077 -0.0004896784603111383 0.9999733038422145 1.322941541671753
0.9999949572691299 0.00011437662941859902 -0.0031736972599328197 -0.0051342761144042015 -0.00011416502710179103 0.9999999912483885 6.68548389959274e-05 -0.02462724782526493 0.0031737048787889993 -6.649217663127387e-05 0.9999949615753735 1.1342880725860596
0.9999960593746355 0.0001302860701991378 -0.002804328928662487 -0.004758326802402735 -0.00012918214016619298 0.9999999141050842 0.0003938296571289542 -0.024450283497571945 0.0028043799983032457 -0.0003934658359810835 0.9999959903106916 1.157433271408081
0.9999880497895349 0.00013802617513022968 -0.004886842221488859 -0.0067736245691776276 -0.0001362251169568096 0.9999999226838407 0.0003688834914001762 -0.025398854166269302 0.004886892759234374 -0.0003682133725116451 0.9999879912769314 1.1573615074157715
0.9999923533612431 0.00013546967854301067 -0.0039083074353352875 -0.005774668883532286 -0.00013470702169001108 0.9999999718364379 0.0001953999541385169 -0.02445252612233162 0.003908333796032402 -0.00019487198353119155 0.9999923434466131 1.124480128288269
0.9999991674531051 -5.933448221069869e-06 -0.0012903712222222337 -0.0031739589758217335 6.294279611725268e-06 0.9999999608837485 0.0002796299051410192 -0.028757672756910324 0.001290369512578185 -0.00027963779429328556 0.9999991283742329 1.2331219911575317
0.9999999896450288 2.943484089961644e-05 -0.00014086707464953978 -0.002000025939196348 -2.9430512287213502e-05 0.9999999990947462 3.073032161568376e-05 -0.016014792025089264 0.00014086797906414684 -3.0726175507300814e-05 0.9999999896060574 0.8219936490058899
0.9999982160614749 0.0003236313262307088 -0.0018609504648295229 -0.003716566599905491 -0.00032367595946150747 0.9999999473364934 -2.3682981991397683e-05 -0.013944726437330246 0.001860942702270475 2.428528466962775e-05 0.9999982681497424 0.7369298338890076
0.9999920212874155 0.00035328086120868475 -0.003979014217372857 -0.00785069353878498 -0.00035266463850580523 0.9999999257130056 0.0001555687501172541 -0.013004705309867859 0.0039790688812458685 -0.0001541642512683305 0.999992071590681 0.6805596351623535
0.9999997926725266 2.4030123563491062e-05 -0.0006434885058791373 -0.0030754520557820797 -2.387483593346345e-05 0.9999999705953643 0.00024132812306854563 -0.015446361154317856 0.0006434942861022088 -0.00024131270985209264 0.9999997638416122 0.805477499961853
0.9999999371679286 3.654573937226519e-05 -0.0003526025353042392 -0.0023087235167622566 -3.648423998145299e-05 0.9999999841231982 0.00017442047859938514 -0.01775631308555603 0.00035260890403139073 -0.00017440760320466903 0.9999999226244713 0.8856316804885864
0.9999994235440386 8.854683233931642e-05 -0.0010700799263514435 -0.0030430606566369534 -8.83974821613825e-05 0.9999999863466746 0.0001396156703361062 -0.022010795772075653 0.0010700922742666473 -0.00013952099748261982 0.9999994177180382 1.06667160987854
0.9999901197949057 0.00039299875758909295 -0.004427851007728784 -0.006206516642123461 -0.0003913098024777313 0.9999998503620875 0.00038229888991229613 -0.03363465145230293 0.004428000588143165 -0.00038056245121762135 0.9999901239427378 1.600852131843567
0.9999315884946731 0.0011551763815001515 -0.011639755068172773 -0.012710862793028355 -0.0011458228279878455 0.9999990153134507 0.0008102235343378185 -0.04597878456115723 0.011640679557753124 -0.0007968310086568836 0.9999319275029561 2.169811248779297
0.9999463774459424 0.0014831911218658323 -0.010249018335078278 -0.013549644500017166 -0.0014778112171128616 0.9999987662728387 0.000532472353278609 -0.04472064971923828 0.010249795448853004 -0.0005172976864910872 0.9999473356614137 1.9822874069213867
0.9999975229506815 0.0003099295929832323 -0.002204095312973066 -0.004544697701931 -0.0003097881537394095 0.9999999499347352 6.451222268558674e-05 -0.028058789670467377 0.00220411519687137 -6.382926026795788e-05 0.9999975688980571 1.3015224933624268
