0.9923625841217051 0.005241705853617673 0.12324376720563217 0.15824094414710999 -0.004472995505796833 0.9999687849107778 -0.006513180119406269 0.031768687069416046 -0.12327406031480033 0.005912167437315857 0.9923550535618268 -0.9209019541740417
0.9975746079508182 0.0028725195265097434 0.06954602938587844 0.09357519447803497 -0.0026673038930504368 0.9999918113515909 -0.003043471653678481 -0.005077110603451729 -0.06955420232964911 0.002850589646800585 0.9975741010456076 -0.29051560163497925
0.9999846310562013 0.0010583268017624052 0.005442205047020733 0.005416924599558115 -0.001058321711860745 0.999999439970143 -3.815088513550507e-06 -0.004045248497277498 -0.005442206036833843 -1.9445738819906122e-06 0.9999851910851838 0.1665985882282257
0.9994424243623177 0.0017990605918456002 -0.03334072233410775 -0.04168952256441116 -0.0017245689692249235 0.9999959526189585 0.0022628759516258564 -0.008893102407455444 0.03334465844244907 -0.0022041158519751853 0.9994414818420675 0.5002667903900146
0.9990568394058419 0.00246222742812868 -0.04335169053799688 -0.05377660691738129 -0.0023613274040215557 0.9999943833476928 0.002378530209767973 -0.010695005767047405 0.04335730352894532 -0.002273919338924071 0.9990570421760406 0.6328638195991516
0.9977250474338951 0.002978328613929549 -0.06734878827194124 -0.08173174411058426 -0.002777720955905638 0.9999914232389167 0.003072086407733057 -0.014616599306464195 0.0673573603203276 -0.002878021416338666 0.9977247631503412 0.9341064691543579
0.9994763485679065 0.0016048849606002749 -0.03231799804487377 -0.03912324458360672 -0.0015691489953481542 0.9999981291986776 0.001131092646860116 -0.014616476371884346 0.03231975285789827 -0.0010797885944119796 0.9994769970498552 0.8179969787597656
0.999424450106405 0.0020734548348946744 -0.03385955278142172 -0.04294200241565704 -0.002027804112302701 0.9999969883170101 0.0013825221126390439 -0.010036789812147617 0.033862317404341355 -0.0013130658618133245 0.9994256447170297 0.6020152568817139
0.9989886981381085 0.002459217964643467 -0.044894690547205914 -0.054836027324199677 -0.0023775520378803167 0.9999954207439571 0.001872361456388496 -0.010623840615153313 0.044899089507852784 -0.001763728470761001 0.9989899704317593 0.6443114280700684
0.9993876301482433 0.0024593035855709463 -0.03490439130757137 -0.042614009231328964 -0.0024210300207270236 0.9999964209261663 0.001138748653699615 -0.013966952450573444 0.03490706691082487 -0.001053546739144527 0.9993900073139372 0.760975182056427
0.9992494297155555 0.0010677227872034803 0.03872256682074508 0.04758099839091301 -0.001028542906393794 0.9999989388289037 -0.0010317172851655617 -0.008801459334790707 -0.03872362731753172 0.0009911150874085315 0.9992494675396413 0.21399369835853577
0.9997398107588024 0.00133086723293736 0.02277146408034391 0.02885041944682598 -0.0013315896882884527 0.9999991132968867 1.656327951940653e-05 -0.011129645630717278 -0.022771421845289838 -4.688121668889347e-05 0.9997406964554836 0.31832653284072876
0.9960313695125388 0.003320011666312473 0.08894092685323181 0.11721289157867432 -0.003169439315637693 0.9999932953047567 -0.0018341210315217607 0.01972942426800728 -0.08894641983464467 0.0015449492125404803 0.9960352140012569 -0.7359381318092346
0.9976700971360484 0.0017949689951796766 0.06819937951957104 0.08482307940721512 -0.0014801589336781436 0.9999880174235749 -0.004666276759830695 0.0032691191881895065 -0.06820693813740063 0.004554458867376775 0.9976607993172562 -0.49395471811294556
0.9996478579623561 0.0025063776555258968 0.02641738333599377 0.03501658886671066 -0.0025461379101598485 0.9999956758523811 0.0014715496192293446 0.004673229530453682 -0.02641358084424389 -0.001538293725946934 0.9996499169206173 -0.19162046909332275
0.9923620291136297 0.0015920571453263384 0.12334937587002903 0.15602537989616394 -0.0010478032558176073 0.9999894290525023 -0.004477040494316718 0.010354526340961456 -0.12335519965456171 0.004313599111724339 0.9923532070693815 -0.913446843624115
0.9999775429966041 0.001086826441690314 0.006613040961651754 0.003527982160449028 -0.0010824952413297428 0.9999991972955493 -0.0006584924522185928 -0.008914969861507416 -0.006613751320343066 0.0006513190790796504 0.999977916794631 0.295051634311676
0.9973842801877228 0.003408692987781879 -0.07220095876463865 -0.08781498670578003 -0.0031884159425273283 0.999989905418353 0.0031659224833933356 -0.013422823511064053 0.07221102158393443 -0.002927434629238458 0.9973850803417385 0.8202299475669861
0.9966667741755754 0.0030726477718114775 -0.08152239011537377 -0.09636243432760239 -0.0028023690929693504 0.9999901922256559 0.003429603470171946 -0.01753692328929901 0.08153212852562833 -0.0031897160008733188 0.9966656097859072 1.0336086750030518
0.9972839614819539 0.0037671773416177857 -0.07355615912850062 -0.08558735996484756 -0.0034940073359808386 0.9999865150543487 0.003842085656870504 -0.036621421575546265 0.07356964104572357 -0.0035746446446352563 0.997283675707202 1.8840022087097168
0.9991484278311474 0.002009536259105858 -0.0412114174297547 -0.04933131858706474 -0.001969981160279318 0.9999975591871367 0.0010003969197157681 -0.018538039177656174 0.04121332717428059 -0.000918359293616109 0.9991499478453839 0.9922773241996765
0.9995564945455082 0.0016812289730645043 0.0297319303281061 0.04146008938550949 -0.0016723538321135301 0.999998549331354 -0.0003233695217599162 -0.007923261262476444 -0.02973243085513598 0.00027350379799285856 0.9995578561299575 0.26344987750053406
0.9949537530198311 0.0015424465903003041 0.10032273027718733 0.12912672758102417 -0.0013020283008357077 0.9999961219236073 -0.0024618814045199106 0.009915297850966454 -0.10032613853855352 0.002318835108878812 0.9949519028222827 -0.6719067692756653
0.9938177583316522 0.0024423512183424506 0.11099683844676031 0.146757110953331 -0.0021801840416636317 0.9999945401327405 -0.0024832443000132177 0.009142933413386345 -0.11100229737349773 0.002225898747772245 0.9938176569937618 -0.8375259041786194
0.9961825021913608 -0.00019739948445125408 0.08729480718349018 0.1051463931798935 0.0004859917071790296 0.9999944872342329 -0.003284708998383046 0.002652171067893505 -0.08729367754780264 0.00331459418135067 0.9961771064050775 -0.4859994053840637
0.9972930401001354 0.002370814230925468 0.0734913015785673 0.09813439846038818 -0.002226623747038505 0.9999954323503488 -0.0020438750274807166 0.00956549309194088 -0.07349581154405067 0.0018747048624453858 0.9972937637261952 -0.522408664226532
0.9898497028081618 0.00113911339568767 0.14211357525326607 0.18428178131580353 -0.00036050338556105365 0.9999847856184009 -0.005504413595455305 0.009774798527359962 -0.14211768323436375 0.00539730973658165 0.9898350535112931 -1.046140193939209
0.9947985157954837 0.00042191166926374964 0.10186135165825277 0.13064701855182648 -0.00012038621065543222 0.9999955933209033 -0.0029662848708887075 0.007496334612369537 -0.10186215429816503 0.0029385930848483065 0.9947941828300056 -0.6503515839576721
0.9938800799031963 0.001321143773438293 0.11045651339213039 0.14469553530216217 -0.0009748892053880361 0.9999944408536058 -0.0031887070924322483 0.009225206449627876 -0.11046011208872275 0.0030615095972436647 0.9938758427471375 -0.7189722657203674
0.9987671861763192 0.0007050852385268109 0.04963477281346382 0.06057799234986305 -0.00057457810353636 0.9999963406971226 -0.002643568112862201 0.0016000615432858467 -0.049636455125650264 0.002611790031916205 0.9987639365112202 -0.29284077882766724
0.9999986883961179 0.0015860612044986736 -0.0003280486236339369 0.00043289107270538807 -0.0015858165872753985 0.9999984653812446 0.0007445944582536488 -0.009292158298194408 0.00032922909258768725 -0.0007440732566918752 0.9999996689815419 0.45229461789131165
0.9986593270668499 0.0023681975031579383 -0.051710154737463716 -0.06324142217636108 -0.0022622727776305204 0.9999952216069302 0.0021068662003117405 -0.013868989422917366 0.051714897121293756 -0.0019870591064335874 0.9986599125887858 0.8993178606033325
0.997466499655622 0.0030606787688839325 -0.0710718953612113 -0.08628442138433456 -0.002810117874638663 0.9999894806127658 0.0036251760428476767 -0.01497071422636509 0.07108224322777035 -0.0034162712545557023 0.9974646077873759 0.916886568069458
0.9993743599828092 0.0026882939888319087 -0.035265587821277124 -0.038985464721918106 -0.002591030653520112 0.9999927136283058 0.002803435472739586 -0.0067651537247002125 0.035272867321825684 -0.002710307312262893 0.9993740436218913 0.35695531964302063
0.9973445172555695 0.003465180698574608 -0.0727454907398462 -0.0903557538986206 -0.0032310433467914153 0.9999892156272188 0.0033360138115580695 -0.007196770515292883 0.07275626611602588 -0.003092111250582239 0.9973449576695457 0.6193784475326538
0.9953038415379246 0.004705599153902194 -0.0966856781351422 -0.11494600027799606 -0.00430633757578151 0.9999813195782952 0.004337735715159017 -0.0176547784358263 0.09670428365141293 -0.003901003852080747 0.9953055127408934 1.0519665479660034
0.9976231044095936 0.00338381986726856 -0.06882362465949392 -0.0843542143702507 -0.003126909169374395 0.9999877372941833 0.0038402734675850076 -0.01206160057336092 0.06883577548928684 -0.003615940315496597 0.9976214517483188 0.7548096776008606
0.9977040435507516 0.003543210489067183 -0.06763199791452103 -0.08315738290548325 -0.0033420285357306173 0.999989648829321 0.0030875685381074602 -0.010304464027285576 0.06764223774939719 -0.002854451548251094 0.9977055576564723 0.6602431535720825
0.9990420616410699 0.0023262154688037163 -0.04369837289365772 -0.053683090955019 -0.0022238061275463342 0.9999946664588579 0.0023920159164334785 -0.007366356439888477 0.04370370417101448 -0.0022925478032272354 0.999041906261345 0.48104703426361084
0.9980944560379883 0.002831444560667561 -0.061639595617852164 -0.0769183412194252 -0.0026782881863632512 0.9999931181331375 0.0025671888820120127 -0.011012166738510132 0.06164644027535783 -0.002397208389983049 0.9980951707093427 0.7623053193092346
0.9973528941771134 0.003057366312505604 -0.07264886088416388 -0.08792457729578018 -0.002835126705656944 0.9999909818126376 0.003162016755140309 -0.014073684811592102 0.07265787316663151 -0.0029476778365474634 0.997352567882729 0.8653713464736938
0.9969841167253339 0.0030367391280892277 -0.07754643262506468 -0.09421074390411377 -0.002772390065561357 0.9999899745438511 0.003516342576078058 -0.013298170641064644 0.07755633340179345 -0.0032907487378854156 0.996982540530181 0.825182318687439
0.9984159297843967 0.0026000240836478905 -0.05620383463361825 -0.06889691203832626 -0.0024742807373743015 0.9999942784152145 0.0023067448205556615 -0.014606260694563389 0.0562095106507014 -0.0021640267093898896 0.9984166504525102 0.8603917360305786
0.9992882006647504 0.001261987615652777 -0.03770277707892824 -0.047324806451797485 -0.001202978619279313 0.9999980159363216 0.0015877549753397988 -0.008988238871097565 0.03770470600133324 -0.001541269177690408 0.9992877361574467 0.5517621040344238
0.9977937153286935 0.0014019933205120822 -0.06637571894368846 -0.08143574744462967 -0.0012098024710283232 0.9999949592853332 0.0029356058839515218 -0.007260478567332029 0.06637950006246943 -0.0028488275928944067 0.9977903818702617 0.43998920917510986
0.9964989101338593 0.0035635287876526313 -0.08352977531760969 -0.10247544944286346 -0.0033057134396658515 0.9999893370176064 0.0032246100141161615 -0.008626667782664299 0.08354037563170039 -0.0029371948637937923 0.9965000644885311 0.6819255948066711
0.9998552203792382 0.0007738390300784145 -0.01699821912850836 -0.021286295726895332 -0.0007554747012831957 0.999999124102161 0.0010867625715596065 -0.014190705493092537 0.016999045219099257 -0.0010737635059681818 0.9998549292240213 0.7483481764793396
0.9999211698934932 0.0007108862366605498 -0.01253589404813579 -0.01705772988498211 -0.0007042864141108446 0.9999996110730537 0.0005308807664114887 -0.014300073496997356 0.012536266568418948 -0.0005220100571572951 0.9999212816647246 0.7843194007873535
0.9968375874130933 0.002228899827909076 -0.07943460408412134 -0.09628910571336746 -0.0019375078612871126 0.9999911096895369 0.0037452109655285106 -0.012218994088470936 0.07944224558590607 -0.003579461893359287 0.9968330437283983 0.7105394601821899
0.9978243955301285 0.0029357857414323845 -0.06586240845136251 -0.07970209419727325 -0.002767193228841582 0.9999926577946258 0.0026508486329580665 -0.012608598917722702 0.06586970719965254 -0.0024628274241214414 0.997825193184914 0.8301053643226624
0.9985514695341304 0.0022187070068239974 -0.05375909253741736 -0.06639203429222107 -0.0021315464475232786 0.9999963193994187 0.0016785998207143093 -0.009792720898985863 0.053762618992853985 -0.0015615783150137942 0.9985525235420496 0.6595230102539062
0.9990059439313623 0.0017782526877599726 -0.04454168617358512 -0.05506117641925812 -0.0017015006182712542 0.9999970018742995 0.001761004843268229 -0.011313887313008308 0.04454468414360677 -0.0016834665991536785 0.9990059744840146 0.6986982822418213
0.9995584027103103 0.0012038240956016672 -0.029690914077541004 -0.037187349051237106 -0.001172667833319525 0.9999987434531895 0.0010667437342952307 -0.013570510782301426 0.0296921609413288 -0.0010314550832727864 0.9995585584041814 0.7777307629585266
0.9998846984084127 0.0006165473317313165 -0.01517266483204489 -0.02010238729417324 -0.0006093607837894409 0.9999996999688027 0.0004782695266119121 -0.01378684677183628 0.015172955155572574 -0.0004689687544400566 0.9998847741115746 0.7333475351333618
0.9998952228591863 0.0006754257019438002 -0.014459844518497769 -0.020181268453598022 -0.0006659257757142912 0.9999995592873311 0.0006617915114769749 -0.011389645747840405 0.014460285136857279 -0.0006520929876768991 0.9998952319760787 0.6591964960098267
0.9998972234351894 0.0004199904271037096 -0.014330602731219536 -0.019218694418668747 -0.0004061730648648821 0.9999994498872107 0.0009670825804734426 -0.012279242277145386 0.014331001013197711 -0.0009611624822152329 0.9998968439677377 0.6591687798500061
0.9969701597811856 0.0034420934421876158 -0.0777087671927202 -0.09599076956510544 -0.0031821196253832675 0.999988919779829 0.003469067923889007 -0.010247528553009033 0.07771984701842181 -0.0032112786092231152 0.9969700662854061 0.7381116151809692
0.9956389359022665 0.004072619590025322 -0.0932015186843923 -0.11357922106981277 -0.00367294650905935 0.9999833114581247 0.004459402334895188 -0.007736006751656532 0.09321812473625382 -0.00409763040278426 0.9956372786540981 0.6184777021408081
0.9973260454914763 0.0035825880485642284 -0.0729926300883056 -0.08933959901332855 -0.003334376687616867 0.9999882384062715 0.0035220705880605768 -0.015291726216673851 0.07300438970664029 -0.003269267807398006 0.9973262610457847 1.0084662437438965
0.9954200613339093 0.004800079137198929 -0.095477016785576 -0.1169770285487175 -0.004374245126782246 0.9999795336182926 0.004668867540730373 -0.009639471769332886 0.09549747365018278 -0.0042298445383597135 0.9954206854097488 0.6772711277008057
0.9961108551080736 0.004194050150656986 -0.08800894431361059 -0.10711798071861267 -0.0038040113449269494 0.9999821889116427 0.004599060465727977 -0.010340739972889423 0.08802666546876636 -0.004246387030586012 0.9961090675039739 0.6846392750740051
0.9968709415703435 0.0032736289058797716 -0.07897853636554154 -0.09662578999996185 -0.0029816689881297085 0.9999882801433018 0.003814344778128758 -0.009499221108853817 0.07899009749773579 -0.003566921617838129 0.9968690192635491 0.646192193031311
0.9980552391708123 0.002827234539515134 -0.06227155296402264 -0.0772114098072052 -0.0026662210198585335 0.999992884864469 0.00266861123243644 -0.013597364537417889 0.06227865468333247 -0.0024973916983913563 0.9980556759046756 0.8521029353141785
0.9990043088512356 0.0020393445994800518 -0.044567162465983766 -0.05506488308310509 -0.0019375302940539644 0.9999954141372742 0.002327591197109123 -0.010671686381101608 0.04457170484763224 -0.0022389234077583517 0.9990036788465544 0.6567670106887817
0.9975604820295985 0.0025182384828556664 -0.06976204675766708 -0.08491968363523483 -0.0022545823498845365 0.999990016899562 0.003857843910982213 -0.011597010307013988 0.06977106528714501 -0.003691148352122711 0.9975562008591495 0.6859101057052612
0.997138213874563 0.003447948953795743 -0.07552148091144682 -0.09148324280977249 -0.003182760205481328 0.9999883410224374 0.0036315088692864383 -0.011387094855308533 0.07553312166540195 -0.0033807495034859428 0.9971375622572214 0.7424523234367371
0.9971453978461244 0.0030538542748143483 -0.07544355193363206 -0.09655027091503143 -0.002762319720334412 0.9999883109434057 0.003968320339572766 0.0007305284962058067 0.07545478874171666 -0.003748593152505807 0.9971421778790225 0.7670712471008301
0.9965591661513861 0.004183597212982238 -0.08277877671247465 -0.0998818576335907 -0.003913213430546898 0.9999864666102707 0.0034283169271538123 -0.014652450568974018 0.08279199913216974 -0.003092589637431587 0.9965620506366041 0.9209924936294556
0.9983393052717361 0.0032281423459605742 -0.05751704657352833 -0.07015497982501984 -0.0030874596842962697 0.9999920215986057 0.002534626566473335 -0.01721963845193386 0.05752476981479419 -0.002352835763040716 0.9983413068793793 0.9526481032371521
0.9947745846876047 0.004509470346147114 -0.10199603098552806 -0.12423431128263474 -0.0040122679813901965 0.9999790507291397 0.005079351188303571 -0.011432149447500706 0.1020167994266096 -0.004643574059475059 0.994771838088868 0.780774712562561
0.9954482713202226 0.004241300247754059 -0.09520898328303479 -0.11571069806814194 -0.00383040710117468 0.9999825476430617 0.004498042989053986 -0.010801441967487335 0.09522639921271867 -0.004112879952114879 0.995447144308265 0.7511017322540283
0.998327998998323 0.0025506847199284074 -0.05774686505312208 -0.07168984413146973 -0.002359758544533429 0.9999915230859951 0.0033742103910036434 -0.009871902875602245 0.05775498208479914 -0.0032323000496208938 0.9983255552577893 0.6032758951187134
0.9965684682201587 0.003317751017646088 -0.08270598936903824 -0.10123094916343689 -0.002989862827225577 0.9999871742396839 0.004088040656179293 -0.009130598977208138 0.0827184917028891 -0.003826732851546929 0.9965656060922843 0.6277197599411011
0.9979856837222272 0.002868079656437379 -0.06337467321069719 -0.07630497217178345 -0.0026752131958990033 0.9999915296403049 0.0031279197558939623 -0.018895749002695084 0.0633831075274384 -0.002952078374155054 0.9979849031490595 1.0773946046829224
0.9991665319019596 0.0022120082749829757 -0.040759643600035346 -0.05061960220336914 -0.0021105632824211912 0.9999945679398136 0.002531721449213216 -0.01177767850458622 0.04076502237999375 -0.0024435855329653635 0.9991657729526676 0.6589615941047668
0.99857647538973 0.0023377789284680425 -0.05328749935871723 -0.06391023844480515 -0.002191932799411227 0.9999936909963038 0.002795245640675157 -0.017275040969252586 0.05329369783404548 -0.0026744639220709293 0.998575299621367 0.9634822607040405
0.9990875936784794 0.0021319435932189547 -0.04265483529755073 -0.05162878707051277 -0.002029503673606883 0.9999949521158181 0.002444761281145221 -0.014040020294487476 0.04265983207403263 -0.002355962520564219 0.9990868771873732 0.8007102012634277
0.9993976048045883 0.0018491846708555398 -0.03465556271227847 -0.04394837096333504 -0.001767012463737114 0.9999955550081023 0.002401589263372338 -0.01130718644708395 0.03465984965063454 -0.002338905746288311 0.9993964300226937 0.6287564039230347
0.9991679293856585 0.002239609927272933 -0.0407238632075792 -0.04955544322729111 -0.0021628904014030425 0.9999958026265798 0.0019278574465191537 -0.018825843930244446 0.0407280099229938 -0.001838172080149542 0.9991685795355638 1.0232782363891602
0.9999064844493945 0.0009723624394870664 -0.01364099949926891 -0.01779470592737198 -0.0009628077595294491 0.9999992865842969 0.0007069880588486487 -0.021007265895605087 0.013641677216199253 -0.0006937882843054205 0.9999067072985087 1.0692788362503052
0.9997405008133394 0.000945088116323686 -0.02276044467811701 -0.028543047606945038 -0.0009187596024377707 0.9999988967671204 0.0011671954998639501 -0.015910454094409943 0.022761522670642437 -0.001145981236477288 0.9997402661755299 0.8619225025177002
0.9986561151120659 0.0026489903000197225 -0.05175854132089022 -0.0640881136059761 -0.002505519861614926 0.9999928379922408 0.002836606149387354 -0.011909008957445621 0.051765684767990386 -0.002703112023962464 0.9986555998270308 0.7084611654281616
0.9996147451195224 0.0013842952558881833 -0.027720841731031082 -0.03454935550689697 -0.0013315455943518919 0.9999972678750167 0.0019212570968875837 -0.014749905094504356 0.027723425581311394 -0.001883605358535675 0.9996138572993528 0.783519983291626
0.9988465083432522 0.0020511825754062673 -0.04797338241708517 -0.05925813689827919 -0.0019077910148706991 0.9999935758121484 0.003034578698374441 -0.014973102137446404 0.04797929870201445 -0.00293955514923585 0.9988440047933349 0.8615551590919495
0.9976131845919837 0.003557880632141166 -0.06895850501314775 -0.08337467163801193 -0.0033242962981286294 0.9999883432362419 0.003501777514139448 -0.013931321911513805 0.06897016008654132 -0.0032641809146735624 0.9976133831001834 0.8408953547477722
0.9998723056527307 0.0010467547117186935 -0.01594605572752821 -0.020035259425640106 -0.0010269718491858247 0.9999986929756031 0.0012487497371837784 -0.015201056376099586 0.0159473420203155 -0.0012322141285634664 0.9998720737828555 0.7724230289459229
0.9998912215674375 0.0015966459229143355 -0.01466273351644921 -0.02012806385755539 -0.0015883807742897355 0.9999985730300838 0.0005753123604392838 -0.014938480220735073 0.01466363116330429 -0.0005519597748464198 0.9998923308344322 0.7213830947875977
0.9985703106589195 0.002445338946510911 -0.05339808037734561 -0.06477271020412445 -0.0023251853812898027 0.999994623708504 0.0023121563593542964 -0.019420139491558075 0.05340344729969613 -0.0021846902581700743 0.998570627920221 1.160092830657959
0.9997860782004879 0.0015207490597302993 -0.02062729160082296 -0.02510972134768963 -0.0014913124853932818 0.9999978477658918 0.0014423767383181026 -0.010196086950600147 0.020629440699130988 -0.001411306444986512 0.9997861943388494 0.5246245265007019
0.999175082683913 0.0016778956939991715 -0.040575100857986254 -0.04933539777994156 -0.0015956600388533394 0.9999966070808293 0.002059052177600676 -0.015632333233952522 0.04057841806473121 -0.0019926095627931135 0.9991743699147282 0.7082338333129883
0.998653776912405 0.002697639214715269 -0.05180112548251994 -0.06396021693944931 -0.002611100046234123 0.9999950803863524 0.0017382058684245018 -0.022632429376244545 0.05180555969330996 -0.0016006079344110483 0.9986559077275331 1.2160990238189697
0.9987360908426417 0.002683746878260332 -0.05018982318211587 -0.05864586681127548 -0.002559484173031717 0.999993498797316 0.0025399613915364407 -0.03111356683075428 0.05019631350135813 -0.002408291052992455 0.9987364668645466 1.5780452489852905
0.9983456929118588 0.00264765626473143 -0.05743576725912564 -0.06729482859373093 -0.002503346251088808 0.999993527172927 0.002584350942837543 -0.01932574063539505 0.05744223796030044 -0.002436294020108021 0.998345858793214 1.0372769832611084
0.999007559725499 0.002031569245272987 -0.04449458773497326 -0.054527509957551956 -0.001927771733307803 0.9999953201069096 0.0023755968563207272 -0.017533540725708008 0.04449920569457202 -0.002287463809803871 0.9990068008786883 1.0138317346572876
0.9995925425545221 0.001293656844179802 -0.028514475645807544 -0.03395168110728264 -0.001235833168560506 0.9999971445219152 0.0020454007908436438 -0.025759078562259674 0.028517040270079404 -0.0020093282422752284 0.9995912869839599 1.338801383972168
0.9988747035085277 0.00219804199506782 -0.04737610475903102 -0.056398507207632065 -0.0020762773202529497 0.999994414342723 0.002619228100760129 -0.022940602153539658 0.047381597305706846 -0.002517914760734874 0.9988736878815145 1.2411327362060547
0.9992715276055182 0.0018767692787854987 -0.038116818518968705 -0.04517534375190735 -0.0017878725440631986 0.9999956023644461 0.0023661706478286483 -0.025851450860500336 0.0381210916514726 -0.002296298944533969 0.9992704885977856 1.3530759811401367
0.999616949511958 0.001573195982767746 -0.027631129235109353 -0.032949306070804596 -0.0015227368499153107 0.9999971347127523 0.0018471163394479064 -0.029233666136860847 0.027633955939992037 -0.0018043338619415374 0.999616480885755 1.4717402458190918
0.9996497803932352 0.001493612917300646 -0.02642131109937055 -0.03135228902101517 -0.0014457996214059152 0.9999972828300221 0.0018286596258493028 -0.030472110956907272 0.026423970617815776 -0.0017898192718097134 0.999649223639854 1.5392521619796753
0.9995982024653586 0.0013339924779581722 -0.028313496641927928 -0.03314570337533951 -0.0012742229627178809 0.9999969220064887 0.002128927755812473 -0.02943604625761509 0.02831624946678136 -0.002091994650312778 0.9995968255124251 1.4961764812469482
0.9999520250023505 0.0008982446598616837 -0.009754017132918512 -0.01249864511191845 -0.0008896582725032815 0.9999992129989768 0.0008845957183475094 -0.030179228633642197 0.009754804039877192 -0.0008758755378375614 0.9999520371698762 1.4752317667007446
0.9998065264732057 0.0011078723706175735 -0.019638794270363715 -0.023825377225875854 -0.0010810301100822562 0.9999984671238543 0.0013773611882566673 -0.026214463636279106 0.01964029010692928 -0.0013558645773979316 0.9998061915370217 1.3428370952606201
0.9994483453119608 0.0014871206926611242 -0.033178208589813546 -0.03945119306445122 -0.0014286451155317247 0.9999973843953535 0.0017861062638362948 -0.0209663026034832 0.03318077796432123 -0.0017377210642985832 0.9994478557179386 1.1174464225769043
0.999028209053071 0.0019745204675516172 -0.04403111155918061 -0.053043168038129807 -0.001878750727915428 0.9999957790954725 0.0022163228423513577 -0.019499225541949272 0.0440353018828774 -0.002131445556984952 0.999027701882146 1.0832159519195557
0.9987237577484241 0.0023254605056694916 -0.050452432471619214 -0.06098715215921402 -0.0022086125832821587 0.9999947486901637 0.0023716286709696477 -0.01835009828209877 0.05045768265907278 -0.002257172021040696 0.9987236491818662 1.0443907976150513
0.9999164753305686 0.0011396413334484015 -0.012874143859835938 -0.016047533601522446 -0.0011284155744147812 0.9999989768493865 0.0008791919423890613 -0.02828524447977543 0.01287513265112533 -0.000864591123734011 0.9999167382544433 1.3844761848449707
0.9999627730894619 0.0010314706219160413 -0.008566709029119792 -0.010690209455788136 -0.001025762249791699 0.9999992489791985 0.0006707107021406547 -0.030599022284150124 0.008567394413728172 -0.0006618983269263283 0.9999630801402443 1.463690996170044
0.9999836365804503 0.0004887369867357795 -0.005699798899614769 -0.007997376844286919 -0.00048616949068434835 0.9999997797441242 0.00045183064261452053 -0.03273816779255867 0.005700018470547356 -0.00044905218079212104 0.9999836539371905 1.5071194171905518
0.99998996195832 0.00035916665663658247 -0.004466204418808462 -0.006776599679142237 -0.00035800289232302906 0.9999999017603581 0.00026136794639056117 -0.032162152230739594 0.004466297854701596 -0.0002597664086685822 0.9999899923023661 1.4821809530258179
0.9999963175012148 0.00033659217378721333 -0.0026928961580582615 -0.00448009604588151 -0.00033600978678827604 0.999999920065493 0.0002167173982899737 -0.03399532288312912 0.0026929688881831225 -0.00021581176076450564 0.9999963506652667 1.6373847723007202
0.9999958379739888 0.0006823109388838235 -0.0028032992139260604 -0.0052917529828846455 -0.0006823082670822567 0.9999997672258644 1.9094508201497266e-06 -0.034552447497844696 0.002803299864229691 3.2713558011967063e-09 0.9999960707472162 1.648367166519165
0.9999989604485985 0.00033183567430383157 -0.001403205903390134 -0.0036857719533145428 -0.0003317711093255071 0.999999943894664 4.6244997642409066e-05 -0.031840626150369644 0.0014032211704027712 -4.5779406389177115e-05 0.9999990144368106 1.5192421674728394
0.9999998840493028 0.00027246469673750443 -0.00039706972922913113 -0.002825890202075243 -0.0002725017628760491 0.9999999585191277 -9.329808122227074e-05 -0.030084341764450073 0.000397044292324926 9.340627260549283e-05 0.9999999168155456 1.4172468185424805
0.9999993961411472 0.0002563461191012561 -0.0010686458759705197 -0.003316143061965704 -0.0002563153983419732 0.9999999667340584 2.888422694958304e-05 -0.03092813678085804 0.0010686532447804903 -2.8610299114201e-05 0.9999994285806834 1.4730304479599
0.9999999005025889 0.00027114176409999625 -0.0003542272658112212 -0.002737725153565407 -0.0002711670740397526 0.9999999606848667 -7.140506039585693e-05 -0.03073732741177082 0.0003542078909906877 7.150110806245343e-05 0.9999999347121785 1.4601032733917236
0.9999999047616667 0.00026974480544121815 0.00034309531827465134 -0.002161211334168911 -0.00026968902259109977 0.9999999504108091 -0.00016262290813345395 -0.029587266966700554 -0.00034313916794554686 0.00016253036360447813 0.9999999279196935 1.399932861328125
0.9999999520532276 0.0002224100260319925 0.00021547000395969642 -0.0020707370713353157 -0.00022240529284031342 0.9999999750261506 -2.1990535914343316e-05 -0.028134748339653015 -0.0002154748894942462 2.1942613190639135e-05 0.9999999765445464 1.3604973554611206
0.9999999677298637 0.00024014689536023718 -8.288389607968788e-05 -0.002408092375844717 -0.00024015030884904384 0.9999999703161626 -4.1176486220905443e-05 -0.02867245115339756 8.287400521404799e-05 4.1196389485376775e-05 0.9999999957173784 1.3700799942016602
0.9999998033642039 0.00021120888558836084 -0.000590476384240048 -0.002856309525668621 -0.0002111789721150644 0.9999999764153709 5.07217869466763e-05 -0.02651941031217575 0.0005904870832059776 -5.05970807770753e-05 0.9999998243824547 1.261420726776123
0.9999988922341796 0.00016718396759430159 -0.0014790469683595982 -0.003542977850884199 -0.00016699060151052365 0.9999999774949684 0.00013085947364660812 -0.02780882455408573 0.0014790688126796007 -0.00013061234174204723 0.9999988976473242 1.3397587537765503
0.9999993995460259 0.00028497078348278516 -0.00105815841941718 -0.003351062536239624 -0.00028496887125402647 0.9999999593944539 1.9578997034757875e-06 -0.03172334283590317 0.0010581589343942918 -1.6563563174578706e-06 0.9999994401483064 1.5028786659240723
0.999999813197047 0.0003368341074195073 -0.0005100476989123545 -0.0030813487246632576 -0.0003369281211455185 0.9999999262659269 -0.00018424869515982424 -0.03320200741291046 0.000509985600059683 0.00018442051015451303 0.9999998529518708 1.547055959701538
0.9999997764481714 0.00026353266471892175 -0.0006145357123837225 -0.0028590476140379906 -0.00026351752050827505 0.9999999649736151 2.4724177240675562e-05 -0.03100419044494629 0.0006145422064870693 -2.4562230786349388e-05 0.9999998108672687 1.4903652667999268
0.999991933186206 0.0006120918291292835 -0.003969748872033425 -0.00463767908513546 -0.0006121712279507334 0.999999812446721 -1.8785911244681634e-05 -0.032953839749097824 0.003969736628791232 2.1215925743882413e-05 0.9999921203394467 1.5924034118652344
0.999962601212768 0.000919100694835588 -0.008599501712755262 -0.010963920503854752 -0.0009108578068402472 0.9999991220633728 0.0009623983268958109 -0.03492168337106705 0.008600378703908689 -0.0009545294110955517 0.9999625604790177 1.6160082817077637
0.9999995981785094 0.000302919571393901 -0.0008437313277021146 -0.00331712793558836 -0.0003030201260358465 0.9999999470025651 -0.0001190532253680826 -0.03174949437379837 0.0008436952194345169 0.0001193088451031988 0.9999996369718224 1.4785594940185547
0.9999998435708021 0.00020545201851436193 -0.0005202382526564088 -0.0026742499321699142 -0.00020541359877970295 0.9999999761718276 7.390262365572656e-05 -0.02826368808746338 0.0005202534237032857 -7.37957480834974e-05 0.9999998619452718 1.36836576461792
0.9999986434619444 0.0002837394975900976 -0.001622518464810457 -0.004037087317556143 -0.0002838590637999966 0.9999999570136874 -7.346193203735697e-05 -0.032026246190071106 0.0016224975510126826 7.392239895586983e-05 0.9999986810177182 1.4820420742034912
0.9999995917298643 0.00024045733925716158 -0.0008710455628861316 -0.003129919059574604 -0.00024044523751200162 0.9999999709950708 1.3998047680981771e-05 -0.030050678178668022 0.0008710489035548168 -1.3788603208745014e-05 0.9999996205417689 1.431675672531128
0.9999990099153705 0.0002572668373519563 -0.001383467402171268 -0.0036018281243741512 -0.00025719620178827495 0.9999999656125654 5.123457396232027e-05 -0.031242528930306435 0.0013834805355541796 -5.0878700674619755e-05 0.9999990416960235 1.4837732315063477
0.9999998180275143 0.00025981047292951686 -0.0005444662124007173 -0.002904768567532301 -0.0002598350220133049 0.9999999652295654 -4.501810053224028e-05 -0.029787776991724968 0.0005444544972954007 4.5159563730469266e-05 0.9999998507649459 1.40939462184906
0.9999999766818217 0.000215172163975775 1.836561715060636e-05 -0.002325155772268772 -0.00021517103083387585 0.9999999749485773 -6.167878364700336e-05 -0.028044141829013824 -1.837888824787024e-05 6.16748304599923e-05 0.9999999979292159 1.3426203727722168
0.9999999217356805 0.0002098175742116278 0.00033541797590360333 -0.00191894278395921 -0.0002098161221900642 0.9999999779790743 -4.364173680520646e-06 -0.027673939242959023 -0.000335418884197724 4.293797239944627e-06 0.9999999437378662 1.3468106985092163
0.9999998978454677 0.00026800224411880805 -0.00036398331160369024 -0.002653865609318018 -0.000268005292584346 0.9999999640519153 -8.326540402763731e-06 -0.03078167885541916 0.00036398106698767364 8.424089006092057e-06 0.9999999337234066 1.477921485900879
0.9999999615241272 0.000269045122622108 -6.757563179066575e-05 -0.0024586962535977364 -0.0002690505650477233 0.9999999605623799 -8.054211281693083e-05 -0.030187683179974556 6.755395966302458e-05 8.05602909799195e-05 0.9999999944732509 1.4380841255187988
0.999999961508564 0.0002565332940952092 -0.00010570496673392748 -0.0024238242767751217 -0.0002565367841997104 0.999999966549768 -3.3005176937206416e-05 -0.02995908632874489 0.0001056964962713099 3.303229287902961e-05 0.9999999938685593 1.43867826461792
0.9999999392937198 0.00023886855233081717 0.00025368163358744365 -0.0021177357994019985 -0.00023884900878554314 0.9999999685059016 -7.706715572079813e-05 -0.028531689196825027 -0.0002537000345178886 7.700655943560831e-05 0.9999999648531404 1.3664252758026123
0.9999999708833158 0.00022698524848796165 8.192108429161852e-05 -0.002255009952932596 -0.00022698085312961011 0.9999999728002081 -5.3658876317475e-05 -0.028109688311815262 -8.193326183675658e-05 5.364028023750464e-05 0.9999999952048303 1.3454101085662842
0.9999996316469516 0.0001534055037739021 0.0008444955371810413 -0.0014579283306375146 -0.00015335988833966538 0.999999986778076 -5.407950011862396e-05 -0.02474191039800644 -0.000844503822108145 5.394996845698981e-05 0.9999996419512835 1.2055325508117676
0.9999999150586579 0.00019818791711369332 0.0003613920677458284 -0.0018706248374655843 -0.00019819942930358268 0.9999999798522498 3.1819590496889295e-05 -0.02658262848854065 -0.00036138575420622724 -3.1891215495672634e-05 0.9999999341916415 1.29867422580719
0.9999850417859828 0.0005508524291097998 -0.005441761285430698 -0.008215012960135937 -0.0005513591978672082 0.9999998438038328 -9.162611577605716e-05 -0.045764047652482986 0.005441709962979997 9.462511035032772e-05 0.9999851893097054 1.94095778465271
0.9999993890665992 0.00011902668671451008 0.0010989536278454015 -0.0011738938046619296 -0.00011901243350060816 0.9999999928330622 -1.303519015981285e-05 -0.02181972749531269 -0.0010989551715047646 1.2904393050625593e-05 0.9999993960653214 1.0707367658615112
0.9999999889072159 0.00014259778672937794 4.302834973746368e-05 -0.002103624865412712 -0.00014260014951639096 0.9999999883248103 5.491426120152778e-05 -0.024821985512971878 -4.302051858299233e-05 -5.492039644148175e-05 0.9999999975664923 1.2133293151855469
0.999999196625499 0.00020265555801690386 -0.0012512709865287752 -0.0033405479043722153 -0.00020249759303018076 0.9999999715127968 0.00012636902536551926 -0.028431037440896034 0.001251296560268916 -0.00012611554448086596 0.9999992091755813 1.364562749862671
0.9999993011666571 0.0002257064749635657 -0.0011604838579593842 -0.0035018092021346092 -0.00022570467909286258 0.99999997452729 1.6784820310656936e-06 -0.028011368587613106 0.001160484207242978 -1.4165542213333146e-06 0.9999993266369723 1.3086435794830322
0.9999994925872306 0.00019383933554249872 -0.00098856036418781 -0.0031700781546533108 -0.00019378709657531722 0.9999999798220123 5.2938988692029106e-05 -0.028338411822915077 0.0009885706058990434 -5.274739158734485e-05 0.9999995099728151 1.3588955402374268
0.9999999646203064 0.00024393767740569914 -0.00010608390653715676 -0.002461788710206747 -0.00024394412205503498 0.9999999684008491 -6.074179488067791e-05 -0.02898348681628704 0.00010606908597263077 6.0767671277096195e-05 0.9999999925283194 1.3809974193572998
0.9999990901695744 0.00015778635214304976 0.0013396878332816258 -0.0011069172760471702 -0.00015757436505835353 0.9999999750493413 -0.00015834025547192387 -0.024280384182929993 -0.0013397127837868402 0.0001581290109494361 0.9999990900820226 1.1665289402008057
0.9999996573823415 0.00013382168665085478 0.0008169008236481972 -0.001294477959163487 -0.00013388042798026512 0.9999999884565685 7.185328092942628e-05 -0.02399550750851631 -0.0008168911986911131 -7.196262334311088e-05 0.9999996637550186 1.1988866329193115
0.9999999529377341 0.0002521082536340691 -0.00017483122640278936 -0.002528628334403038 -0.00025211822454671934 0.9999999665930184 -5.7011952476408556e-05 -0.029327815398573875 0.00017481684737843074 5.70560279316929e-05 0.9999999830918396 1.3963162899017334
0.9999999603934139 0.0001984449697730103 -0.0001995814739630971 -0.0024712015874683857 -0.00019844241708282613 0.9999999802282561 1.2809937500553377e-05 -0.026716364547610283 0.00019958401208468337 -1.2770331563097292e-05 0.9999999800015702 1.2811992168426514
0.999999539016834 0.0001996187010660156 -0.0009392116340328581 -0.00311553617939353 -0.00019956383274248406 0.999999978375258 5.85129063618034e-05 -0.0281378161162138 0.0009392232939930124 -5.8325446714894643e-05 0.9999995572287751 1.3483996391296387
0.9999988800635269 0.0002596789689111252 -0.0014739194432126079 -0.0036177239380776882 -0.00025951784659345215 0.9999999603294878 0.00010950575373740469 -0.03125601261854172 0.001473947821082689 -0.00010912312269796231 0.9999989077843859 1.4942896366119385
0.9999996689796227 0.00025050223903059474 -0.0007741377613569221 -0.003080736380070448 -0.00025051597188240066 0.9999999684652423 -1.7642629159209565e-05 -0.030171461403369904 0.0007741333174265686 1.7836557192796998e-05 0.9999997001996872 1.4316401481628418
0.99999974397099 0.00024456413496079364 -0.000672492630526278 -0.0029549449682235718 -0.0002445666670201502 0.9999999700867901 -3.6829532113503425e-06 -0.02986006997525692 0.0006724917096915987 3.847421549650903e-06 0.9999997738700233 1.4228487014770508
0.9999991891753658 0.0002970782625108245 -0.0012383025144505446 -0.003356573171913624 -0.0002969437503316198 0.9999999499925364 0.00010880870450449785 -0.03233765810728073 0.0012383347772270566 -0.00010844091008703377 0.999999227383476 1.5635089874267578
0.9999964922094353 0.00041876556771894773 -0.0026153784092848567 -0.004862458910793066 -0.00041853716943857517 0.9999999085522481 8.787566843893443e-05 -0.03796229511499405 0.0026154149694185636 -8.6780727113061e-05 0.9999965760309597 1.7894463539123535
0.999998743193754 0.00026902237265398845 -0.0015624461192359042 -0.0038190949708223343 -0.000268922368338468 0.999999961778615 6.421470487191388e-05 -0.030525516718626022 0.0015624633347093135 -6.379444745568555e-05 0.9999987773185506 1.4391252994537354
0.9999957727230092 0.00029342281892300503 -0.002892825463245634 -0.005096138920634985 -0.0002929514172536798 0.9999999437435741 0.0001633778308427543 -0.03096381202340126 0.0028928732392892883 -0.00016252968288008385 0.9999958024254519 1.4350311756134033
