0.9999998539681337 -0.00040873764136859213 -0.0003535495041145163 -0.006185729056596756 0.0004072460704970966 0.9999910605449805 -0.004208679218391593 -0.016186075285077095 0.00035526658919162943 0.004208534622144036 0.9999910809712179 0.8164964914321899
0.9999986176832422 -0.0016568475973701526 -0.00013959815156658066 -0.0057683768682181835 0.0016560746843689099 0.9999842318692984 -0.00536595093242298 -0.015911325812339783 0.00014848651327467217 0.00536571233001429 0.999985593437699 0.7976096868515015
0.9999996603878951 -0.0006418143304713034 -0.0005170091482701485 -0.005707802716642618 0.0006393460046605281 0.9999884651299826 -0.0047603407092023375 -0.01552465558052063 0.0005200584395219175 0.004760008544799691 0.9999885358632231 0.7813332676887512
0.9999989701573772 -0.0012249863341207352 -0.0007477249940546873 -0.0054802787490189075 0.0012211513844126085 0.9999862089174316 -0.0051079119255882655 -0.01572146825492382 0.0007539718044222935 0.005106993579831199 0.999986674982769 0.7799872159957886
0.9999985756205118 -0.0016601274985231513 -0.00030452197945780857 -0.005082365591078997 0.0016586775241982578 0.9999875723383131 -0.004701484637584918 -0.015458454377949238 0.00031232325889241053 0.004700972837123686 0.9999889015926958 0.7462632656097412
0.9999978399223863 -0.0009818713151784032 -0.0018319605021958592 -0.005118683911859989 0.0009707136336654892 0.9999810360565357 -0.006081549337029308 -0.015315956436097622 0.0018378970598463382 0.006079757891374911 0.9999798291357579 0.7493805885314941
0.9999979987150192 -0.001237092507730828 -0.001572312972503257 -0.005950331687927246 0.0012288818125749123 0.9999856606256452 -0.005212330820499834 -0.016568467020988464 0.0015787385619247963 0.005210388202324863 0.9999851796098449 0.8054733276367188
0.9999996258206402 -0.0006425027129532972 -0.000579265779448291 -0.00567845581099391 0.0006397609989008612 0.9999886517882807 -0.004720910984219795 -0.015917986631393433 0.0005822924039325562 0.004720538626098656 0.9999886886613446 0.7960067987442017
0.9999999365610465 4.270747579625238e-05 -0.000353629713664244 -0.0059755947440862656 -4.4172002393899054e-05 0.9999914190784105 -0.004142441113737974 -0.016220128163695335 0.000353449765991797 0.004142456471478404 0.9999913575264762 0.8121955394744873
0.9999999794415065 4.661913170484919e-05 -0.00019734143759846356 -0.0061097475700080395 -4.7349401616504705e-05 0.9999931458819316 -0.003702154398726175 -0.016200270503759384 0.0001971674937734446 0.0037021636666144425 0.999993127530967 0.8206824660301208
0.9999958602473277 0.002408824520388152 0.0015738655079677636 -0.007338370196521282 -0.0024045459563864758 0.9999934240780911 -0.0027147668994940417 -0.01769653894007206 -0.0015803945554257277 0.0027109712290874347 0.9999950764819017 0.8601706027984619
0.9999912527196285 -0.004130680590746897 -0.0006572382258514477 -0.00625171884894371 0.0041270975619842245 0.9999771041361932 -0.005362673690147561 -0.016812264919281006 0.0006793746699409414 0.005359914295057697 0.9999854047778935 0.8411267995834351
0.9999993410148008 -0.0010780115008157294 -0.0003947925638136101 -0.004957931581884623 0.0010760215020160406 0.9999868879245126 -0.005006611306616955 -0.015340710058808327 0.00040018457183235863 0.005006183202046707 0.9999873889115083 0.7741225957870483
0.9999998940180376 0.0004369237314053322 0.00014512603671288128 -0.00665254844352603 -0.00043645432787441834 0.9999947241161374 -0.003218889173281339 -0.016765698790550232 -0.00014653168011333643 0.003218825491250337 0.9999948088319877 0.8429900407791138
0.9999997531622365 0.0006626996709699327 0.00023346222870761189 -0.006628124043345451 -0.0006619472377938672 0.9999946339791983 -0.003208401262885517 -0.0167839378118515 -0.00023558718240568996 0.0032082459312535025 0.999994825814976 0.8361848592758179
0.9999999158778626 -0.00032184966504741024 -0.0002542775272340169 -0.006361076608300209 0.00032081024994974123 0.9999916365654374 -0.0040772392573497985 -0.01658228039741516 0.00025558765868985336 0.004077157339526649 0.9999916556966751 0.8206993341445923
0.9999987168580691 -0.0015144634519140472 -0.0005221902609534502 -0.005277574993669987 0.0015119470458912236 0.9999874034219696 -0.00478612719407311 -0.01591375470161438 0.0005294320978547169 0.004785331528770178 0.9999884100847438 0.7915433645248413
0.9999985062345592 -0.0016833249053938178 -0.0003923594182749843 -0.005821913946419954 0.0016814666407568462 0.999987591516736 -0.004689294455838539 -0.016166504472494125 0.0004002481558359473 0.0046886277118595235 0.9999889282245046 0.8103656768798828
0.9999994705644282 0.0009412732050392365 0.0004157831366775148 -0.006148844957351685 -0.0009399031329201414 0.9999941687173312 -0.0032831560174100714 -0.016226772218942642 -0.00041887105891566734 0.00328276348331771 0.9999945239904809 0.815786600112915
0.9999990578750044 0.0009126014158542368 0.0010253817627657355 -0.007101865019649267 -0.0009095110123126396 0.9999950553087458 -0.0030103401430607115 -0.01716480404138565 -0.001028123933246261 0.0030094047109389577 0.9999949432094463 0.8536138534545898
0.9999957650770821 0.0025897711152664945 0.0013277475178983856 -0.007935401052236557 -0.0025881444030176953 0.9999958999130671 -0.0012254246625993614 -0.01825147494673729 -0.0013309156434132728 0.0012219830707133044 0.9999983677091301 0.933551549911499
0.9999984538627118 0.0005093318827051758 0.0016831082017917127 -0.00896633230149746 -0.0005070615519512303 0.9999989614848801 -0.0013490432697315625 -0.01876366138458252 -0.00168379356460682 0.0013481877444685574 0.9999976736118126 0.9684180021286011
0.939379055679733 0.16520988849183177 0.30045412710556924 -0.003473629243671894 -0.22572181174887956 0.95757022172364 0.17918965977126636 -0.11082285642623901 -0.25810202140056243 -0.23614606330120205 0.9368128859789921 0.8100559115409851
0.9999975762942879 0.00041951667252691403 0.0021613447923390576 -0.008388565853238106 -0.0004149968012660912 0.9999977272120091 -0.0020912552381768417 -0.01722218096256256 -0.0021622171964994935 0.0020903532184143214 0.9999954776098827 0.916743278503418
0.9999935161527711 0.0028423798150019434 0.0022110019007309492 -0.009223699569702148 -0.002840400476756132 0.9999955629873454 -0.0008978478456790869 -0.018593542277812958 -0.0022135441150810376 0.0008915618933178758 0.999997152665867 0.9815726280212402
0.9663353293472136 0.13738430070853344 0.2175352504175797 0.0016162012470886111 -0.17189732143601774 0.9738471989286112 0.14856966050314632 -0.09739353507757187 -0.19143495537266503 -0.18096183867800694 0.9646789470096984 0.8601179122924805
0.9788326865582763 0.20461114224364851 0.004566420354785359 0.09930206835269928 -0.2045734588518528 0.9775086406040957 0.051249951002142455 -0.074765644967556 0.006022595661046279 -0.05109929563195707 0.9986754179048473 1.0011327266693115
0.9923451338840561 0.10996442520791481 0.056204630105781354 0.018932264298200607 -0.1118990011585284 0.9931877102929098 0.0325082399223764 -0.056660398840904236 -0.05224699796503581 -0.03854863566742712 0.9978899006863541 0.8244361281394958
0.9957023842470156 0.09220094901935665 0.008703275517794207 0.037474896758794785 -0.09235137095905717 0.9955481787504127 0.018842719249595234 -0.04522129148244858 -0.006927213493985097 -0.019565499908421803 0.9997845792602237 0.8698962926864624
0.9949289055824461 0.10007234139517067 0.01009947148145915 0.035844624042510986 -0.10020371527978524 0.9948757794591591 0.013468440505822743 -0.04734577611088753 -0.00869990118588298 -0.01441214533716495 0.999858290852327 0.8546196222305298
0.999519856449311 0.03025196781053472 0.006698881036310828 0.010817749425768852 -0.030288815071997308 0.9995262260613326 0.005469103868423006 -0.02619665488600731 -0.006530256126877588 -0.005669379082370664 0.9999626062487222 0.9147690534591675
0.9954692920688334 0.08955157295447139 0.031959416912010805 0.025693003088235855 -0.09029421398322282 0.9956586480583508 0.022601138638776563 -0.04620003700256348 -0.02979670231968135 -0.025384489910124593 0.9992335984157434 0.8373357057571411
0.9967118441362524 0.08020415075144155 0.011523626198013594 0.016360975801944733 -0.08015901751443472 0.9967726957484172 -0.004327230240517575 -0.04251745343208313 -0.01183349777673776 0.0033892790787920595 0.9999242376888834 0.9001631736755371
0.9982049205579858 0.058835516744278865 0.011194576510910171 0.02302538976073265 -0.058946472228961946 0.998212509866792 0.009853860015222739 -0.03424939140677452 -0.01059480936993006 -0.010496052347100285 0.9998887852654121 0.9075124263763428
0.999995143910961 0.002375540259598328 0.002017167065785923 -0.009135005064308643 -0.0023744337629567737 0.9999970293607355 -0.000550757668513498 -0.01881922222673893 -0.0020184694205250707 0.0005459653643986943 0.9999978138491199 0.9849206209182739
0.9999938735574514 0.00315315160417522 0.0015200271463082001 -0.009509366936981678 -0.0031510686630882787 0.9999940958410278 -0.0013707842157943113 -0.018693730235099792 -0.0015243404622752956 0.001365986107855791 0.9999979052318604 1.0071438550949097
0.9999939870714517 0.0028956619094963353 0.001908130773047793 -0.010341404005885124 -0.0028935636682647287 0.999995207007961 -0.001101476465031105 -0.019022034481167793 -0.0019113111308361854 0.0010959485440526341 0.9999975728903295 1.0463579893112183
0.9999965255332947 0.002006597354991696 0.0017095287052241498 -0.009892486967146397 -0.0020042306063018244 0.9999970323641502 -0.0013850352233924816 -0.01867539808154106 -0.0017123028399813071 0.0013816041213803503 0.999997579591589 1.0130754709243774
0.9999872534536587 0.00275753341783539 0.004229531848552346 -0.01053231954574585 -0.002753121021416994 0.9999956602640375 -0.0010487028813026156 -0.0178973488509655 -0.0042324053267414515 0.0010370451009197384 0.9999905055962327 0.9463461637496948
0.9999947279533629 -0.003031601504579311 -0.0011633820512307956 -0.008941613137722015 0.0030288924700498173 0.9999927139591012 -0.0023233250130030927 -0.018720436841249466 0.0011704169703866364 0.002319789005190507 0.9999966243458459 0.9599053859710693
0.9651374979442159 0.14359696449888862 0.2188367470254565 0.0005780509673058987 -0.1776443317714179 0.9733919961819308 0.14474292092687124 -0.10165901482105255 -0.19222929394726793 -0.17857192824086604 0.9649663025167635 0.9323211908340454
0.8107308920999035 0.3354273400545446 0.47979570666985744 0.041428010910749435 -0.4823148265954211 0.8472191669284754 0.22269281810433258 -0.19645169377326965 -0.3317948592747089 -0.4119565301496668 0.8486483303618307 0.9676777124404907
0.8219386639690947 0.3021408277729166 0.4828330486466271 0.015949949622154236 -0.45421144754762954 0.8591862109375796 0.235565311222624 -0.13170669972896576 -0.3436695994547473 -0.4129285351334071 0.8434341890646785 0.7625181674957275
0.9998138387565001 0.01888078744469486 0.003975386328358277 -0.004747951403260231 -0.018872867660307713 0.9998198502281694 -0.002020385111193514 -0.021063461899757385 -0.004012816625259156 0.001944982053715163 0.9999900571243411 0.8236188292503357
0.9999962616496632 -0.0023474733825926126 -0.0014021609809652922 -0.009548931382596493 0.0023460785386401916 0.999996752343391 -0.0009955993979452497 -0.01832929253578186 0.0014044935703143174 0.0009923060962607436 0.999998521362118 0.9842081069946289
0.9999999621430502 0.00018386938433909408 -0.000204709423195903 -0.008974974043667316 -0.00018399064039642085 0.999999807562533 -0.0005924713844014678 -0.017981447279453278 0.0002046004464534517 0.0005925090265901772 0.9999998035358362 0.9460092782974243
0.9999948569595043 0.0020578172636639604 0.002459968017966247 -0.009890152141451836 -0.0020561406730391467 0.9999976522909263 -0.000683884615983174 -0.01907162368297577 -0.0024613695522461352 0.000678823058440784 0.9999967404242787 1.0065703392028809
0.9999908474173529 0.00336967620064237 0.002636354268188989 -0.009609569795429707 -0.003369041786969957 0.9999942947390301 -0.00024504454181178574 -0.019016841426491737 -0.00263716494786052 0.00023616031132657928 0.9999964947885294 0.9898475408554077
0.9999957781090453 0.0022665237249498275 0.0018184153236343354 -0.009007282555103302 -0.0022649145296169296 0.9999970421218053 -0.0008865155462605189 -0.018443478271365166 -0.001820419253501437 0.0008823932482011755 0.9999979537258549 0.9659483432769775
0.9999921293930645 0.0027226076458223814 0.0028859243806520453 -0.009852666407823563 -0.002721488237430125 0.999996220012988 -0.00039174163484406174 -0.01912033185362816 -0.002886980030665583 0.0003838845423435764 0.999995758980487 1.0056973695755005
0.9999845005169417 0.004861306537482715 0.002714115810213298 -0.007145162206143141 -0.0048593909861593945 0.999987939669995 -0.0007119226096452356 -0.01751318946480751 -0.0027175439511174047 0.0006987226253092655 0.9999960633630348 0.8828364610671997
0.9995964105796198 0.02804009427389318 0.004557309453069381 0.0018602589843794703 -0.02801884353442074 0.999596524522852 -0.004661820334249051 -0.02732565440237522 -0.004686188572123589 0.004532248332378948 0.9999787489550565 0.8769209980964661
0.9998957421871172 0.012656276495832447 0.006951504969099768 0.025275707244873047 -0.012788063593644152 0.9997328650911668 0.019252633225929988 -0.017708979547023773 -0.006705981330073373 -0.019339522276113998 0.9997904843978725 0.8003177642822266
0.9998881911716373 0.014409896147897207 0.003995002943505743 0.003822348080575466 -0.014411456743220866 0.9998960839911342 0.00036212391993617265 -0.019954977557063103 -0.003989369630665497 -0.0004196572433943354 0.9999919543765081 0.8138382434844971
0.9999633417144813 0.003737193200070093 0.007703805176177895 -0.010041115805506706 -0.0037460416245103665 0.9999923400468468 0.0011344689412317575 -0.01691613160073757 -0.007699506435778284 -0.0011632861284024787 0.9999696817234154 0.8417088985443115
0.9999914144710204 -0.004023456875333317 0.0009913521171721943 -0.010866271331906319 0.004026032505490698 0.9999884895536396 -0.0026099468376177114 -0.01707402430474758 -0.000980839697718758 0.002613915645691624 0.9999961026916477 0.9087353944778442
0.9999877457551449 -0.00464616911431175 -0.0017092255864124503 -0.0075775994919240475 0.004639054338313655 0.9999806561392098 -0.004143250202661704 -0.015234174206852913 0.0017284427645151202 0.00413527023988742 0.9999899559623853 0.9026548862457275
0.9999968505919248 0.002146489104515569 0.0013005347962577038 -0.00897798128426075 -0.0021448584737594457 0.9999969136340672 -0.0012539156542111232 -0.018116164952516556 -0.0013032222986211596 0.0012511222420408634 0.9999983681510566 0.9604276418685913
0.9999976024419933 0.0015883752829702013 0.0015073732868208073 -0.009010320529341698 -0.001586155166606612 0.9999976573475363 -0.0014728921301381994 -0.017697585746645927 -0.0015097092610230557 0.001470497670866984 0.9999977792048077 0.9491242170333862
0.9999967768631105 0.0018937265559859145 0.0016911721147400839 -0.008416102267801762 -0.0018910177447007156 0.9999969289775231 -0.0016019011866504273 -0.017370836809277534 -0.0016942004839297323 0.0015986979870253025 0.9999972869210529 0.9126165509223938
0.9999935751533291 0.0031149802958280026 0.0017738516904339092 -0.009007581509649754 -0.003113646576497743 0.9999948682231529 -0.0007541434583025708 -0.01811330020427704 -0.001776191729435714 0.0007486154658033491 0.9999981423571869 0.9649304151535034
0.9999915164069769 0.002604043766081584 0.0031915623351465353 -0.010103225708007812 -0.002604475416230363 0.999996599754706 0.00013109856018224815 -0.019662486389279366 -0.00319121009666334 -0.00013940979363667358 0.9999948983585008 1.0226244926452637
0.9999978248711698 0.0007434696018611903 0.0019487190357557315 -0.009400654584169388 -0.0007408158941574427 0.9999987978844573 -0.0013621385580417872 -0.018999159336090088 -0.0019497294017817171 0.0013606919531800037 0.9999971735323397 0.9924595355987549
0.9999908374667352 0.0025860124833825796 0.0034113812470938356 -0.009668899700045586 -0.0025813585154321815 0.9999957326472837 -0.0013679456994858178 -0.018537018448114395 -0.0034149042141822647 0.0013591271676062706 0.9999932455784638 0.9514638185501099
0.999990725604078 -0.0032068624799599216 0.0028748458852344847 -0.01038766372948885 0.0032149986673103473 0.9999908274277693 -0.0028299900872647637 -0.017415449023246765 -0.0028657441264734428 0.002839206466505991 0.9999918631755169 0.8821761608123779
0.999996540075575 -0.002331522140227632 0.0012181302838947105 -0.011301727034151554 0.0023337758499643118 0.9999955617748038 -0.0018520045833765066 -0.018278904259204865 -0.0012138068878682466 0.0018548410186192772 0.9999975431157992 0.9387122392654419
0.9999972410086692 -0.0021589996798252417 0.0009255784311036803 -0.009908043779432774 0.002160947871065966 0.9999954411400312 -0.0021090290308157867 -0.018901251256465912 -0.0009210208185189495 0.002111023338763172 0.9999973476470401 0.9590326547622681
0.9999991217602454 -0.0013109380465845249 -0.00019473103373547277 -0.009631394408643246 0.0013103187141818653 0.9999941889563891 -0.003147239793930177 -0.019218415021896362 0.00019885573853253125 0.0031469818701813372 0.9999950284683937 0.9928139448165894
0.9999901259800554 0.00121811574732254 0.004273656095046471 -0.011232858523726463 -0.001211717901571213 0.999998141898838 -0.0014993127086654317 -0.01957934908568859 -0.004275474490581702 0.0014941194388263166 0.9999897439098976 1.039037823677063
0.9999953323770004 -0.0030392709518185014 0.00031313941647085773 -0.01023965422064066 0.0030403176777481834 0.9999896040756621 -0.003398265589857908 -0.019101891666650772 -0.00030280791120335733 0.0033992017713387773 0.9999941768503889 0.9835641384124756
0.9999982809756129 0.0005722790702842002 0.001763673009638912 -0.009898466989398003 -0.0005680166064354985 0.9999969192645857 -0.0024163647226048083 -0.019744884222745895 -0.0017650504111859314 0.0024153587732571253 0.9999955253095099 1.0310994386672974
0.9999907720540571 0.0027857601365552575 0.0032703741670373123 -0.011077997274696827 -0.002780036875826502 0.9999945986948101 -0.0017532758409952763 -0.020813114941120148 -0.003275240708694581 0.0017441679010784784 0.999993115314617 1.1017497777938843
0.999992853786035 0.002658187048530598 0.0026881998580171305 -0.01168444100767374 -0.002653554235463944 0.9999949906557074 -0.0017254893251460756 -0.021666880697011948 -0.0026927730652749958 0.001718343710311149 0.9999948981210415 1.1562106609344482
0.9999903657821008 0.003113454821493812 0.0030943080090957294 -0.012913109734654427 -0.0031078392599988456 0.999993518160808 -0.0018179580589821765 -0.022371897473931313 -0.0030999480825728144 0.001808323932464908 0.9999935601224844 1.2418304681777954
0.9999918561618732 0.0018390145111963944 0.0035924414482391043 -0.011930042877793312 -0.0018311336555211757 0.9999959127167715 -0.002195791266687362 -0.021384060382843018 -0.00359646485691642 0.002189195144077366 0.9999911363932953 1.1459017992019653
0.9999753858402207 -0.0023851021121285513 0.006598409021627793 -0.013610774651169777 0.0024024799641341864 0.9999936635362412 -0.0026269711435301813 -0.01896856538951397 -0.006592101616625226 0.002642759028312342 0.9999747796924653 1.0056403875350952
0.9999926633027135 -0.0036521153214533297 -0.0011555926725193937 -0.01151164062321186 0.003648697090595137 0.9999890028103985 -0.00294639912537427 -0.01911640539765358 0.0011663405536365679 0.002942161100913667 0.999994991656343 0.9856030941009521
0.999999605853138 0.0008872240636914109 -3.357126007323569e-05 -0.010313920676708221 -0.0008872844120366007 0.9999979090270459 -0.0018424624577538667 -0.020647235214710236 3.1936512847671584e-05 0.001842491518808826 0.9999983021010896 1.0766445398330688
0.9999937685730097 0.0013347677150829585 0.003268212094820275 -0.0113068213686347 -0.0013295631237200897 0.9999978454811049 -0.0015941439860643987 -0.02057022601366043 -0.0032703328653213557 0.0015897887579907682 0.999993388725473 1.0987402200698853
0.9999984991442434 0.0007780226209552902 0.001548027797692777 -0.009388572536408901 -0.0007742656572058265 0.9999967573759011 -0.002426056548357575 -0.019259704276919365 -0.0015499103048948729 0.0024248543224364844 0.9999958589212069 1.0088129043579102
0.9999853623469763 -0.004424240683056616 0.0031146727219743047 -0.008197357878088951 0.00443340907980385 0.9999858420399647 -0.002942890340137868 -0.017388127744197845 -0.0031016085693937713 0.0029566558814564004 0.9999908190629957 0.8441066741943359
0.9999935180812566 -0.003233767037473859 -0.0015832075730452988 -0.005809259135276079 0.0032268732328993746 0.999985385765399 -0.004337688873755649 -0.015771610662341118 0.0015972115109771719 0.00433255194706925 0.9999893388976783 0.7730146646499634
0.9999983706321931 0.0007447124610698192 0.001644425829716671 -0.00799944531172514 -0.0007423216799891296 0.9999986674176783 -0.0014540018539413101 -0.017407121136784554 -0.0016455064516829295 0.001452778791892965 0.9999975908682478 0.8924735188484192
0.9999985786576436 0.0009472450236002218 0.0013947793938625126 -0.007627113722264767 -0.0009444757938587083 0.9999975843698431 -0.0019847468234047193 -0.017710475251078606 -0.0013966560661429232 0.0019834266670247166 0.999997057680916 0.8854060173034668
0.9999992099912172 -0.0012187996511593756 0.0003074806532303263 -0.006663389969617128 0.0012199649634194753 0.9999919650084065 -0.003818586664494449 -0.016754915937781334 -0.0003028240905312547 0.0038189587634013165 0.9999926618988431 0.8437649607658386
0.9999981731298279 0.001582126646197421 0.001072665969704957 -0.007191706448793411 -0.0015790381204637864 0.9999946232016489 -0.0028740574814571 -0.016750764101743698 -0.001077207325120456 0.0028723584504705257 0.999995294579585 0.8650726675987244
0.9999997703141154 -9.983172291545211e-05 0.0006703770161418787 -0.008375548757612705 0.00010140565805048632 0.9999972378039763 -0.0023482123647879144 -0.017713040113449097 -0.0006701407383430021 0.0023482798054591434 0.9999970182422276 0.9266526699066162
0.9999943746575217 -0.0017070500919828284 0.0028873228596012724 -0.007393436506390572 0.001713383538290723 0.9999961286523049 -0.0021924865458267826 -0.016787761822342873 -0.0028835689974108505 0.0021974213037964548 0.999993428163131 0.8202990889549255
0.9999968669689154 -0.0022035388884605106 -0.001187631559064069 -0.005705909803509712 0.00219871141844498 0.9999893779644475 -0.0040508797039102784 -0.015767011791467667 0.0011965452149594671 0.0040482557533084275 0.9999910899127572 0.7598706483840942
0.9999989278013246 -0.001453714545648184 0.0001763808968076154 -0.00612120795994997 0.0014544529799605853 0.9999898629082098 -0.004261296439876681 -0.015964021906256676 -0.00017018440020030693 0.004261548408641252 0.9999909050798564 0.8148639798164368
0.9999997063919809 -0.00044514484877350755 -0.0006237483592632475 -0.005877033807337284 0.0004426017130177454 0.9999916138443288 -0.0040714057447396165 -0.015576092526316643 0.0006255554937069448 0.004071128477249939 0.9999915172606445 0.7958340048789978
0.9999999252943642 8.535940856517985e-05 0.0003769947443879809 -0.006087256595492363 -8.414624436766607e-05 0.9999948224441798 -0.003216831397951224 -0.01600390486419201 -0.00037726737930223093 0.0032167994349439023 0.9999947549216045 0.812739372253418
0.9999999707006761 -0.0002416101814478146 1.4938767972177984e-05 -0.0062544322572648525 0.00024166031622749467 0.999994011239595 -0.003452402820659628 -0.015930574387311935 -1.4104542835545334e-05 0.0034524063296139523 0.9999940403280395 0.826300859451294
0.9999995762956968 -0.0008516795585675945 0.00034935706169484754 -0.00577086815610528 0.0008532733470064003 0.9999891130149395 -0.00458756756789763 -0.015068136155605316 -0.00034544612072861 0.004587863721194842 0.9999894160307166 0.768729567527771
0.9999994942664887 -0.000986802941477079 -0.00019413068148256755 -0.006116234697401524 0.0009861359392582204 0.9999937118100763 -0.0034064462736451777 -0.015188044868409634 0.0001974909519547891 0.0034062531116492204 0.9999941792015908 0.8029104471206665
0.9999976824693786 0.0013346427565137423 0.0016893148269165686 -0.007319880183786154 -0.00133161293380028 0.9999975052989234 -0.0017933775186361094 -0.016532965004444122 -0.0016917041308959933 0.0017911238489560113 0.99999696500164 0.8683431148529053
0.9999966413204352 0.0018495080328664653 0.0018156728463911036 -0.008256933651864529 -0.0018461395966550497 0.9999965751316031 -0.001855126317406838 -0.017877109348773956 -0.001819097698976579 0.0018517681010956917 0.9999966309135553 0.906171441078186
0.999996470439198 0.0012825555337276258 0.0023268348563541246 -0.008928301744163036 -0.0012775437283753734 0.9999968638097172 -0.0021541245905910833 -0.018685489892959595 -0.0023295903433712597 0.002151144354199666 0.9999949727807631 0.950060248374939
0.999994780360259 -0.003153936337337349 0.0007013827893415811 -0.0072721317410469055 0.003156478866814473 0.9999883425618639 -0.0036539542333697303 -0.01696905680000782 -0.0006898502739835123 0.0036561490609971063 0.9999930783163667 0.8738973140716553
0.9999990885804579 -0.0013162047222057467 -0.00030073806373728194 -0.005317630711942911 0.0013148374266789618 0.9999890001454538 -0.0045023094781771 -0.01580728590488434 0.0003066607166583327 0.0045019099530224285 0.9999898193311669 0.7762088179588318
0.9999998412812764 0.00038387239518632176 0.00041240684510481705 -0.005672798492014408 -0.0003823183439708492 0.9999928515425399 -0.0037617411531342612 -0.015250767581164837 -0.0004138479256185533 0.003761582885373445 0.9999928395864096 0.7828787565231323
0.9999993293183882 0.0005653374607357931 0.001010819632255959 -0.007000182289630175 -0.0005630770861608849 0.9999973437043014 -0.0022350679041013297 -0.016517257317900658 -0.0010120805148335949 0.0022344972357092206 0.9999969913530414 0.8571093678474426
0.9999978324766727 0.0016970576825446088 0.0012062492189339451 -0.0075835781171917915 -0.0016944600151522764 0.9999962503980168 -0.0021512775654963247 -0.016943441703915596 -0.0012098955380992929 0.0021492289614822263 0.9999969584792034 0.8782229423522949
0.9999879291463046 0.004516993903266062 0.001933475565767125 -0.009244810789823532 -0.004515414095936744 0.9999894687139302 -0.000820668492204662 -0.019095174968242645 -0.0019371621583587238 0.000811928143211546 0.9999977940852983 0.9892233610153198
0.9999907531793465 0.0033906043052384875 0.002645252019956627 -0.011278974823653698 -0.0033883044772162274 0.9999938782508176 -0.0008734149410024311 -0.02060786820948124 -0.0026481972308464584 0.000864443945428531 0.9999961198865185 1.1099544763565063
0.9999967012832988 8.461633756325299e-05 0.002567150676621332 -0.00974204484373331 -8.283282064173704e-05 0.9999997551651852 -0.0006948440785903253 -0.019239693880081177 -0.002567208843254579 0.0006946291421650017 0.9999964634583015 1.0062991380691528
0.9999953476916413 0.0020933221663524356 0.002218692718881635 -0.007974124513566494 -0.0020912870979263062 0.9999973908272274 -0.0009191610365955321 -0.01769077405333519 -0.0022206110301013554 0.0009145168369176985 0.9999971162686458 0.8991512656211853
0.99999759700862 0.0010875927823869131 0.0019034492180565663 -0.008298096247017384 -0.0010850649735838847 0.9999985288012685 -0.001328544053445788 -0.018345700576901436 -0.0019048913326281016 0.0013264754948903704 0.9999973059222573 0.9133305549621582
0.9999969214457378 0.0015797470865295136 0.0019135041649036427 -0.008158478885889053 -0.001578076224435923 0.999998372557257 -0.0008743902258660259 -0.017769822850823402 -0.0019148823661969778 0.000871367878580276 0.999997786969323 0.910906195640564
0.999998837322833 0.0003771219002571795 0.0014775425727485308 -0.007864875718951225 -0.0003744447023108852 0.9999982886135962 -0.0018117839395500478 -0.01750982366502285 -0.0014782233075043992 0.0018112285750414255 0.9999972671497167 0.8966190814971924
0.9999989066204813 0.0009998580465788642 0.0010895144462672358 -0.007489549461752176 -0.0009975058299529953 0.9999971753698214 -0.002157367492605012 -0.016880767419934273 -0.0010916684300387597 0.002156278336771612 0.9999970793576216 0.8754950761795044
0.9999975837522702 0.0008397104790955095 0.0020315944311447187 -0.007650518324226141 -0.0008361721535645234 0.9999981333464103 -0.0017418725052715063 -0.017259249463677406 -0.0020330533074576058 0.0017401695337853598 0.9999964192457105 0.8742889165878296
0.9999986930368046 0.00112163416464191 0.0011644146527032225 -0.007562239188700914 -0.0011196440791979379 0.9999979139940102 -0.0017083339147027238 -0.01723526418209076 -0.0011663283494106292 0.001707027952001541 0.9999978628645925 0.8874104619026184
0.999998937459185 0.00032026714765925505 0.0014221495895668723 -0.007870631292462349 -0.0003177553530064095 0.9999983900116958 -0.0017660706531443457 -0.017382429912686348 -0.0014227129143333137 0.0017656168809773339 0.9999974292391921 0.8964132070541382
0.9999990747717791 -0.0008925067622201114 0.0010265901153166685 -0.006040317937731743 0.000895935632416563 0.9999940059206996 -0.003344461393698525 -0.01589054986834526 -0.0010235990074442484 0.003345378057972659 0.9999938803266353 0.8148306012153625
0.9999992391356453 -0.0012053188127259965 0.0002625541674366311 -0.005251016467809677 0.0012064686640960913 0.9999894851353528 -0.004424257236541075 -0.015529446303844452 -0.00025721876623555583 0.004424570633657087 0.999990178458376 0.7847229838371277
0.9999997703823297 -0.0005782866318905934 0.00035329854164302166 -0.005329714622348547 0.0005798673791012725 0.9999897488291948 -0.0044906558927247 -0.01519520953297615 -0.0003506980336481426 0.004490859727890138 0.9999898545434318 0.772851824760437
0.999999947308887 -0.0001595407781113252 0.00028271710733324617 -0.005966826342046261 0.00016069522798231657 0.9999916307606601 -0.0040881029437497395 -0.015374545939266682 -0.00028206252208146446 0.0040881481596330635 0.9999916037074301 0.7960362434387207
0.9999991843076055 -0.0010048104691394422 0.0007885049427860848 -0.005992223508656025 0.0010077313621872255 0.9999926000262187 -0.0037127308419379872 -0.01588202454149723 -0.0007847685170511055 0.003713522414651762 0.9999927969188831 0.8167036771774292
0.9999961325789632 -0.0026635880791956237 0.0008000785341696832 -0.0054849060252308846 0.0026672105399777706 0.9999860405695505 -0.004561211896929876 -0.015381601639091969 -0.0007879181758936836 0.004563328234702181 0.9999892775526998 0.7491886615753174
0.9999972145340461 -0.0023235432238044207 -0.0004148144595524244 -0.005152442958205938 0.002321547017574492 0.9999860257584671 -0.004749600744417186 -0.01444845087826252 0.0004258445654604423 0.004748624503294598 0.9999886345462795 0.7472350001335144
0.9999996413641955 0.0008446808463997103 6.152843404238959e-05 -0.00658741919323802 -0.0008444956276539984 0.9999952904887273 -0.002950563929314799 -0.015842817723751068 -6.402042911070594e-05 0.002950510910643405 0.9999956451838933 0.8289080262184143
0.9999980144519337 0.00016397542852764305 0.001986002076839477 -0.007602138444781303 -0.00016020238561849514 0.9999981824921399 -0.0018998283113878258 -0.01713643968105316 -0.00198630999242658 0.0018995063769168428 0.999996223216937 0.8856470584869385
0.999997194285863 0.0018161664746630195 0.0015208417860679917 -0.0075145591981709 -0.001813402429478733 0.99999670529893 -0.001816855226364996 -0.01703672483563423 -0.0015241364869003722 0.0018140922305988942 0.9999971930347346 0.8711057305335999
0.9999949713517892 0.002593790152623528 0.0018246982706055755 -0.008371214382350445 -0.0025923551656575955 0.9999963290925055 -0.0007883503084101388 -0.017978109419345856 -0.0018267363875737904 0.0007836160780861999 0.999998024488055 0.9342516660690308
0.999993418564559 0.0028680076822504975 0.002222016989456621 -0.009296928532421589 -0.0028661145866022797 0.9999955274377221 -0.0008546880885135855 -0.018903832882642746 -0.002224458303351038 0.000848313908133949 0.9999971660703696 0.978917121887207
0.9999980116972648 0.00026322540639359777 0.00197669266786181 -0.009054058231413364 -0.00025966416242655143 0.9999983433001022 -0.0018016580070381826 -0.018458276987075806 -0.001977163635236353 0.0018011411485506638 0.9999964233508654 0.9502830505371094
0.9999884664834294 0.004424323300197683 0.0018687598708054824 -0.009873532690107822 -0.004423121815899698 0.999990008916742 -0.0006465756693331471 -0.01975410059094429 -0.0018716018596691955 0.0006383024594887129 0.9999980448363133 1.0480459928512573
0.999993071709317 0.0026860043941165593 0.002577191059896114 -0.011288194917142391 -0.0026831531679333874 0.9999957852272947 -0.0011091513527038328 -0.020303238183259964 -0.0025801593830286815 0.00110222866982412 0.9999960639270122 1.1126785278320312
0.9999985907172305 -0.0008212626351638024 0.001464271572175832 -0.00865165051072836 0.0008241009041475713 0.9999977809532857 -0.0019388001970822308 -0.018094640225172043 -0.001462676058729899 0.0019400041722910672 0.9999970484769236 0.9552443027496338
0.9999978243841399 0.000977893352762336 0.001842539437067231 -0.0072516780346632 -0.0009745434178455347 0.9999978723336371 -0.001818129072697871 -0.016618546098470688 -0.001844313453092704 0.0018163294824669104 0.9999966497219365 0.8542575836181641
0.999999445530103 -0.00036730664084320394 0.0009869272101169868 -0.006338800769299269 0.00037066021247405563 0.9999941514199352 -0.0033999613130753876 -0.01639203168451786 -0.000985672609625278 0.003400325242548587 0.9999937330992387 0.8314597606658936
0.9999997423775998 -0.0006917885897913322 0.00019150269151101276 -0.006379541475325823 0.0006925950082598175 0.9999907566261189 -0.004243462557455604 -0.016230953857302666 -0.0001885653424015814 0.0042435940980528036 0.9999909781354241 0.8020245432853699
0.9999998519976551 0.0004142470222611014 0.0003527096157102812 -0.006972632836550474 -0.00041333129047705215 0.9999965542951528 -0.002592403337900592 -0.016871865838766098 -0.00035378229574027366 0.0025922571682981937 0.9999965775145738 0.8635560274124146
0.9999985273444614 0.0010436578787413812 0.001362382890636237 -0.007443665526807308 -0.0010403438288328118 0.9999965039904866 -0.002430985710082975 -0.01741098053753376 -0.0013649152451221263 0.002429564783445624 0.99999611710313 0.8580870628356934
0.9999998729206769 -0.00043283848688375207 0.0002584752872068981 -0.006731376983225346 0.0004336408920006765 0.9999950623435484 -0.003112433790379172 -0.016914887353777885 -0.00025712682981237505 0.0031125454803072974 0.9999951229613204 0.838996171951294
0.9999984019321277 0.0013316210234947433 0.001192861534306854 -0.007460101041942835 -0.001329753990194047 0.9999978918883926 -0.0015645999794723611 -0.017516987398266792 -0.0011949424738476328 0.0015630112667504078 0.9999980645522589 0.8891239166259766
0.9999986597114161 -8.996649172539108e-05 0.0016347725842816674 -0.007495124824345112 9.301856158343065e-05 0.9999982528483541 -0.001866988962730005 -0.017239414155483246 -0.0016346017616389887 0.0018671385246203176 0.9999969209306653 0.8804138898849487
0.9999890788814151 0.004185804941602451 0.0020787387737742397 -0.0089823417365551 -0.004181617820913349 0.9999892277964655 -0.0020145380185556086 -0.01912376657128334 -0.00208714884437019 0.0020058235264455763 0.9999958102320639 0.990025520324707
0.9999643616115066 0.0075119794224539444 0.0038530081817732278 -0.01311666239053011 -0.007509037153737889 0.9999715044997525 -0.0007775278293026204 -0.023043327033519745 -0.0038587391614317364 0.0007485677378731839 0.999992274859374 1.2845370769500732
0.999992534205153 0.0016418269977397748 0.0034979905753497907 -0.015553193166851997 -0.001631778313157604 0.9999945397834082 -0.00287362191428243 -0.024131538346409798 -0.0035026894656037793 0.0028678925152502647 0.999989753127015 1.4058319330215454
0.9999830946328915 0.004182215562593417 0.004039742740996894 -0.014585880562663078 -0.0041756222882571884 0.9999899386154082 -0.0016391602904550831 -0.023717187345027924 -0.004046557417267851 0.0016222641400204915 0.9999904967709087 1.3559596538543701
0.999981163703154 0.00461571906033707 0.0040456614344358535 -0.01577623561024666 -0.004610420747562026 0.9999885034117482 -0.0013179775652806644 -0.024852491915225983 -0.004051698337301298 0.0012993005380490738 0.999990947738376 1.4325544834136963
0.9999804803184578 0.004550966460513965 0.0042810847155111435 -0.01605205237865448 -0.004544426640663408 0.9999884942294028 -0.0015360974314426506 -0.024901902303099632 -0.004288026186223078 0.0015166123718778656 0.9999896563056737 1.448454737663269
0.999986923373731 0.0025115851872238542 0.004454775121954217 -0.015354566276073456 -0.0025044062450889477 0.9999955576500303 -0.0016163630670228413 -0.024130605161190033 -0.0044588149658203995 0.0016051853638112097 0.9999887711114802 1.3675386905670166
0.9999822280121422 0.004544221172176567 0.0038592374649138754 -0.014911730773746967 -0.004540909078847295 0.9999893145574443 -0.0008665539051154468 -0.024328742176294327 -0.003863134039856093 0.0008490140582881118 0.999992177654665 1.3755143880844116
0.9999909767560473 0.0011939127392902426 0.004076883473683466 -0.014278301037847996 -0.001186830663120627 0.9999977834664736 -0.0017391075635034227 -0.022678008303046227 -0.0040789507798096244 0.0017342533007950794 0.999990177214769 1.288437008857727
0.9999914125978642 0.001238313303488302 0.0039549096943993145 -0.012196940369904041 -0.001230123291570149 0.999997095541442 -0.002072608348926548 -0.02114797756075859 -0.0039574647460194025 0.002067725524074048 0.9999900314422846 1.1500450372695923
0.999990212665909 0.0021686965617770714 0.0038563360347350323 -0.011716686189174652 -0.0021630561075718343 0.9999965856941736 -0.0014662156289762629 -0.021393846720457077 -0.0038595026448178253 0.0014578598074212698 0.9999914894058431 1.111983060836792
0.9999977798190992 0.0006088441535888969 0.0020173412375197007 -0.011364473029971123 -0.0006047562326084652 0.9999977640221371 -0.0020263811647679695 -0.021359948441386223 -0.002018570477114464 0.0020251566661485224 0.9999959120484974 1.1269209384918213
0.9999960124114109 0.0014530235078410382 0.0024215457795940367 -0.011385777033865452 -0.0014482150277596428 0.9999969786804205 -0.0019862787477621983 -0.02058284729719162 -0.0024244245730439835 0.001982763908311313 0.999995095394359 1.1240689754486084
0.9999949845257496 0.0014416139453411031 0.0028200483290260646 -0.01053865347057581 -0.00143670359286663 0.999997449817374 -0.0017424814301706879 -0.01954924874007702 -0.002822553122917044 0.001738421117233574 0.999994505527849 1.043221354484558
0.9999857042524263 0.004436650412844343 0.002984530766034513 -0.01133605558425188 -0.00443342445995742 0.9999895819262147 -0.0010866400472186377 -0.020888052880764008 -0.0029893207149868837 0.0010733928211871862 0.9999949558820357 1.1159658432006836
0.999989390247818 0.0033257348228017593 0.0031872997483543236 -0.012769647873938084 -0.003322092450971927 0.9999938235793853 -0.0011473904430333623 -0.022134404629468918 -0.0031910959786021977 0.0011367897650721127 0.9999942622912822 1.2149544954299927
0.9999925585578897 0.0013175997067420488 0.0036258460886295883 -0.012743341736495495 -0.001312722692203873 0.9999982310109313 -0.0013471206855514512 -0.021220486611127853 -0.003627614640367722 0.001342350930591871 0.9999925192250191 1.1901534795761108
0.9999925868708814 0.002053231390289056 0.0032573676704408007 -0.012227186933159828 -0.0020481162911708535 0.9999966656346148 -0.0015728761267988342 -0.021259963512420654 -0.003260586287823373 0.0015661929990728556 0.9999934577868743 1.1660311222076416
0.9999955424996851 0.0013023973558905794 0.0026867716478760966 -0.010669475421309471 -0.0012980678889422457 0.999997857403475 -0.001612516113058327 -0.02007231116294861 -0.002688866027930479 0.0016090213132662168 0.9999950905128971 1.053364634513855
0.9999943162038536 0.0024647550804667794 0.0023005526250096755 -0.010605878196656704 -0.0024616241922906863 0.9999960416248774 -0.0013627695741078752 -0.020329128950834274 -0.0023039024117906845 0.00135709873240606 0.9999964251519639 1.07376229763031
0.9999874171228946 0.004423967498279441 0.0023651865583862596 -0.011436189524829388 -0.004421305070133941 0.9999895878432357 -0.0011297196964258228 -0.02107919752597809 -0.0023701597749121906 0.0011192482699793134 0.9999965648070754 1.1518886089324951
