0.9999736926484852 0.0062647134783769915 0.0036561422273431845 -0.012786460109055042 -0.00625952429281169 0.9999793879054235 -0.0014290276142438752 -0.023197952657938004 -0.0036650193151497356 0.0014061043092220738 0.9999922952223638 1.2625025510787964
0.9999894846237538 -0.00010349575340152206 0.004584749780292764 -0.014871743507683277 0.00011517003206422832 0.9999967519543381 -0.002546137591978739 -0.023530248552560806 -0.004584471374387785 0.0025466388441631876 0.9999862485318558 1.3387686014175415
0.9999711285022127 0.00588030450749207 0.004812918128367254 -0.013985210098326206 -0.005878598496928282 0.9999826529803758 -0.00036853499317658005 -0.02286544442176819 -0.004815001736563577 0.0003402311397440814 0.9999883499326622 1.2570472955703735
0.9999919058913461 0.0015212012608341054 0.003724795097365376 -0.01438190694898367 -0.0015139569723471823 0.9999969586938555 -0.001946930231287783 -0.023737195879220963 -0.00372774544184575 0.0019412752931147281 0.9999911676430734 1.3222228288650513
0.9999756749798198 0.005734248544358435 0.003970874247037657 -0.01496113557368517 -0.0057300432184144824 0.9999830111241608 -0.0010696110377939403 -0.0243738554418087 -0.003976940201884599 0.001046831738433446 0.9999915440092194 1.392835259437561
0.9999851304861803 0.0031252117254296635 0.004468988499446549 -0.015365165658295155 -0.003116874396927538 0.9999933915579154 -0.001871345636577594 -0.02442988194525242 -0.004474807317720638 0.0018573885347437009 0.9999882630347721 1.3875856399536133
0.9999902115725654 0.0023431286155568233 0.003753199614550069 -0.014160966500639915 -0.0023360234303691904 0.9999954733826957 -0.0018963672247371902 -0.02351316809654236 -0.003757626057561633 0.00188758110004578 0.9999911586029159 1.3109676837921143
0.9999949256500859 0.0008161313430849987 0.0030793836575063985 -0.012999018654227257 -0.0008082750234407066 0.9999964178901339 -0.002551646211181934 -0.022109931334853172 -0.003081455105265227 0.002549144274338248 0.9999920032169771 1.2248656749725342
0.9999896648157689 0.0033643077505338265 0.003058054120815882 -0.012359688058495522 -0.0033588216316093548 0.9999927438825774 -0.0017973590183823747 -0.022063137963414192 -0.0030640788000921323 0.001787068984014162 0.9999937088829876 1.2008863687515259
0.9999869297677961 0.003919885720639015 0.0032824974507070608 -0.013392085209488869 -0.0039155307542085935 0.9999914470269461 -0.0013321005470072187 -0.0229254812002182 -0.0032876910575074846 0.0013192304164248957 0.9999937253396237 1.2771925926208496
0.9999908809602062 0.002678063268780583 0.0033265558103262997 -0.01367038395255804 -0.00267256479584028 0.9999950571050966 -0.0016562496148846825 -0.02263348177075386 -0.003330974908768093 0.00164734407552846 0.9999930954079903 1.2794603109359741
0.9999885830846911 0.0033497241228887483 0.0034077923311409985 -0.013262811116874218 -0.0033439508354365485 0.9999929666352045 -0.0016984324928117356 -0.02236102893948555 -0.0034134576431866562 0.0016870176119390943 0.9999927511129743 1.2562628984451294
0.9999934507446964 0.0014567508855078727 0.0033130566810414706 -0.012969378381967545 -0.0014507432728765232 0.9999973005647977 -0.001814995061573155 -0.021997351199388504 -0.0033156917333227783 0.0018101767800144427 0.999992864698721 1.2136622667312622
0.9999919651032376 0.0028665023268827413 0.0028023014426193675 -0.011540163308382034 -0.002861018187656217 0.9999939882987746 -0.001959066420639747 -0.021336890757083893 -0.0028079002644736326 0.0019510332443486774 0.9999941545656077 1.1494206190109253
0.9999923100303767 0.0022053540178396712 0.0032428835574096733 -0.011544909328222275 -0.0021967558652732444 0.9999940690585507 -0.0026525669437285873 -0.021292071789503098 -0.0032487141732241076 0.0026454227220942283 0.9999912237589099 1.1528453826904297
0.9999991988759518 -4.627548265402497e-05 0.001264952977347598 -0.010905595496296883 5.047987462668767e-05 0.9999944744761192 -0.0033239237375622278 -0.02045370265841484 -0.0012647921716444524 0.0033239849293546916 0.9999936756924779 1.112591028213501
0.9999980654341596 0.0005216414305791488 0.0018965806484415937 -0.009808177128434181 -0.0005167815411303514 0.9999965844488866 -0.0025620357920120304 -0.01938752271234989 -0.0018979106345891883 0.002561050717714726 0.9999949194643163 1.0172303915023804
0.9999973062757129 0.0018573455477823057 0.0013920161040730868 -0.009429054334759712 -0.0018539979822729195 0.9999953958678632 -0.00240227695259331 -0.019352223724126816 -0.0013964715534494467 0.0023996896864732957 0.9999961456708765 1.0213509798049927
0.9999854042451329 0.003914134673951577 0.003724358529047789 -0.010825222358107567 -0.003911005479616839 0.9999919931889482 -0.0008471092808683658 -0.02056708373129368 -0.0037276444086216296 0.0008325309300537927 0.999992705753104 1.0711524486541748
0.9999857764650338 0.004290904720779175 0.0031678074910787774 -0.011509603820741177 -0.004284737381906443 0.9999889170447481 -0.0019511056454974056 -0.02223009243607521 -0.0031761443908351113 0.0019375046707023255 0.9999930790672802 1.1684616804122925
0.9999961863641604 -0.0004223446368356142 0.002729264029608781 -0.012725898995995522 0.0004276475386003112 0.9999980215399356 -0.0019426872619116111 -0.02203952521085739 -0.0027284381463227756 0.0019438470162542964 0.9999943885262854 1.1999940872192383
0.999992461664805 0.0005046943785844396 0.003849921706694793 -0.010826331563293934 -0.0004981248682058212 0.9999984187214014 -0.0017071690930740425 -0.019506722688674927 -0.00385077721754056 0.0017052384821184346 0.9999911317989475 1.0470619201660156
0.9999950603379997 0.0023125366781595407 0.0021287258424941267 -0.01024260837584734 -0.002308754870283139 0.9999957554086919 -0.0017773056992562448 -0.020173439756035805 -0.0021328268915407505 0.0017723822138104636 0.9999961548479769 1.0596972703933716
0.9999819212115658 -0.0008510899906414751 0.005952553725375148 -0.012748698703944683 0.0008617404885501319 0.9999980322013668 -0.0017868958348173662 -0.018825223669409752 -0.005951021202788731 0.0017919930864610403 0.9999806868672124 1.0521202087402344
0.9999979764703666 -0.002001343500255781 0.00020415525057745194 -0.009937576949596405 0.002001596468161312 0.9999972199085034 -0.0012465098648739028 -0.019228581339120865 -0.0002016599885911057 0.0012469159789527651 0.9999992022665771 0.99284827709198
0.9999881890616875 0.0016465907606378334 0.004572797392545053 -0.01140759140253067 -0.0016412214829109183 0.9999979597261288 -0.0011776823100189807 -0.019930891692638397 -0.00457472722359666 0.0011701634271682215 0.999988851232044 1.0505666732788086
0.9999867654410278 -0.004499460205561828 0.0024947546270568098 -0.012639658525586128 0.004505997229717975 0.9999864133232093 -0.002620907848296525 -0.018547195941209793 -0.0024829280610661653 0.0026321145191753902 0.9999934534992723 1.026390552520752
0.9999927725399558 0.0035334818788878082 0.0014033437439032956 -0.01220706570893526 -0.003531466525862324 0.9999927332995399 -0.0014359987088387368 -0.021252162754535675 -0.0014084076216404541 0.0014310324687595724 0.9999979842649906 1.1442749500274658
0.9999934845062975 0.0012777743185443918 0.003376127625621533 -0.014742598868906498 -0.0012693924682745923 0.9999961100322675 -0.002483659214755022 -0.023712903261184692 -0.0033792880485546376 0.002479357401509151 0.9999912165610061 1.3279166221618652
0.9999929880146894 0.002279453429937136 0.0029711973199072826 -0.013397782109677792 -0.002272374818993116 0.999994577336543 -0.002383612844089382 -0.02272053249180317 -0.002976614542577254 0.002376844456259116 0.9999927451618313 1.2595146894454956
0.9999963867589595 0.0005146461201517792 0.0026384860045947107 -0.013234706595540047 -0.0005077646285690226 0.9999964699151933 -0.0026081281091952535 -0.022162679582834244 -0.002639818953527609 0.002606778955533623 0.9999931180060039 1.2270796298980713
0.9999940541110954 0.0016769845542943538 0.0030132151035216718 -0.013764563947916031 -0.00167016082534815 0.9999960385942201 -0.0022656916569411063 -0.02280552312731743 -0.0030170026968674287 0.002260645631565973 0.9999928935627771 1.2685805559158325
0.9999928275897841 0.0020928318929215525 0.003156710892035812 -0.013639242388308048 -0.002086106800892204 0.999995550927973 -0.0021322013682746146 -0.022443830966949463 -0.003161159186627341 0.002125600839191412 0.9999927444205128 1.24924635887146
0.9999922936006527 0.0023765897497268836 0.003124829670214109 -0.014025731012225151 -0.0023694686005747236 0.9999945921750227 -0.002280622559993557 -0.022859923541545868 -0.0031302328758812444 0.0022732007988196324 0.9999925170721385 1.2720975875854492
0.9999961422231592 0.00029464668154844385 0.0027620141440528297 -0.013604758307337761 -0.00028745249189815047 0.999996566383868 -0.002604724848984278 -0.022213421761989594 -0.002762772133889608 0.002603920852688713 0.9999927933171964 1.2259531021118164
0.9999971429058632 0.000714478584947583 0.0022811620859684526 -0.013189838267862797 -0.0007085224058024899 0.9999963409317727 -0.002610769822560377 -0.02184806391596794 -0.002283019078169189 0.002609146108896049 0.9999939900721759 1.2080388069152832
0.9999987337306453 0.000249379874128717 0.0015717336874540608 -0.011897365562617779 -0.0002456886222364917 0.9999972126095229 -0.002348278153336936 -0.02092454768717289 -0.0015723149197288465 0.0023478890227000807 0.9999960076134955 1.152957558631897
0.9999895569286287 0.0030304490290630286 0.003420878888151341 -0.012721397913992405 -0.003025444754957153 0.99999434714901 -0.0014670903380913192 -0.02190139889717102 -0.003425305492923348 0.001456725337072709 0.9999930725927918 1.2037701606750488
0.9999810528650076 -0.00265285836509324 0.0055548405455039295 -0.012351194396615028 0.0026510694561344716 0.9999964316622572 0.0003293835025522679 -0.020236192271113396 -0.005555694531736824 -0.0003146509935746979 0.9999845175066575 1.0847150087356567
0.9999867490883675 0.003922966822651387 0.0033334635120406005 -0.009268614463508129 -0.003920473827241452 0.9999920305961632 -0.0007540750172451848 -0.018886219710111618 -0.0033363951575981414 0.0007409962686107476 0.9999941596788862 0.9614839553833008
0.9999849852345891 0.002348839992364238 0.004950985363435632 -0.01280207559466362 -0.002346187723575549 0.9999971011159319 -0.0005414451943110159 -0.020782586187124252 -0.004952242779229111 0.0005298211235591456 0.9999875972136018 1.1678811311721802
0.9979386776382978 0.06287157299599797 0.01286705026549 0.006295307539403439 -0.06286820872961216 0.9980216152656727 -0.0006661783753877668 -0.0406729057431221 -0.012883477972025478 -0.0001441232348195392 0.9999169941669347 1.124815821647644
0.9711031780998047 0.23429124145535288 0.04545582098882964 0.0522325336933136 -0.23490092184953523 0.971982203578972 0.008494282783397441 -0.08558209240436554 -0.0421921129916189 -0.018926439260339246 0.9989302355511256 1.1036911010742188
0.9522901456404613 0.22570911580057534 0.20542364411282138 0.027335338294506073 -0.25445476632520114 0.958832282960025 0.12606912805303833 -0.11323954910039902 -0.1685118702360635 -0.1723254136747931 0.9705192947032816 1.0922867059707642
0.9164685943224743 0.29087914578275575 0.2747264788280931 0.04113607108592987 -0.3418020081618792 0.9261087728313857 0.15966818124238652 -0.13665157556533813 -0.20798245800330134 -0.24023293577992022 0.9481726813874496 1.0541563034057617
0.9696228586973098 0.2422993041856055 0.03350461285894923 0.05938049778342247 -0.24233474798758073 0.9701878706472723 -0.00306032134052091 -0.0846787542104721 -0.03324728273787774 -0.00515197438686665 0.999433877427849 0.9763216972351074
0.9999647968909353 0.007037563135526217 0.004569210433307862 -0.01158298272639513 -0.007041087103113013 0.999974925755315 0.0007556143583252958 -0.020275434479117393 -0.004563778180054615 -0.0007877599670040023 0.9999892756239727 1.122316598892212
0.9999672850231641 0.00291612750459194 0.00754487135600231 -0.015078790485858917 -0.0029233419709899836 0.999995280175295 0.0009453564689534037 -0.02058856189250946 -0.00754207896553133 -0.0009673817807391422 0.9999710901907953 1.1333774328231812
0.9999988106097124 0.0005920895310776514 0.0014241520803244985 -0.010984283871948719 -0.0005900636419491713 0.9999988141261918 -0.0014225227972257213 -0.021155741065740585 -0.0014249926523158042 0.0014216807649277167 0.9999979741078198 1.114274024963379
0.9999945202391056 -0.002420095518420618 0.0022589000514916767 -0.010755117051303387 0.0024255229165430115 0.9999941711164562 -0.002403033851862743 -0.020754680037498474 -0.0022530713131708336 0.002408499697652887 0.9999945613846428 1.0677672624588013
0.9999974816989609 0.0002556160378645662 0.002229631399457238 -0.009284883737564087 -0.0002472931713980217 0.9999930042870195 -0.0037323214100710533 -0.019731465727090836 -0.0022305698428067944 0.003731760638342348 0.9999905492156985 0.9947999715805054
0.9999958106077426 0.0005634937920788928 0.0028392325917600395 -0.010498101823031902 -0.0005577348612687622 0.9999977866023256 -0.002028724297230119 -0.020526649430394173 -0.0028403694809565525 0.0020271322591125804 0.9999939114994729 1.0483049154281616
0.9999944295364581 -0.0031017681847351273 0.0012328544853791314 -0.008960027247667313 0.0031064986232328747 0.9999877489990201 -0.0038537667517452947 -0.018748266622424126 -0.001220885890575669 0.0038575751452395815 0.9999918142423173 0.9504824876785278
0.999997674989767 -0.0019468923320994365 0.000927159806716757 -0.0072862859815359116 0.0019510814621367212 0.9999877954211669 -0.004538974536405843 -0.01692851074039936 -0.000918311596401282 0.004540772947554922 0.9999892689848477 0.8503260612487793
0.9999985086773567 -0.0015258637904185914 0.0008089392779803141 -0.006511933635920286 0.001529878884531682 0.9999863983390884 -0.004986241812875765 -0.016382882371544838 -0.0008013199492300187 0.004987471955900695 0.9999872414235234 0.811837911605835
0.9999965191268242 -0.0026333516526523015 0.0001649039387175736 -0.005516160279512405 0.0026343463264242553 0.999976343126125 -0.006354007202943313 -0.015510857105255127 -0.00014816770223705843 0.0063544194995352535 0.9999797994955479 0.7766422033309937
0.9999931557027478 -0.0035953441095938634 0.0008729538324545117 -0.004621061962097883 0.0036013748281905973 0.9999689584201175 -0.007008016519127222 -0.014699280261993408 -0.0008477305036764071 0.007011112388137391 0.999975062517098 0.735895037651062
0.9999942617789994 -0.0029676455451912243 0.001633857090383922 -0.004815277177840471 0.0029790571626451354 0.9999708734812496 -0.007026905974045306 -0.014680483378469944 -0.0016129561356043906 0.007031733005773725 0.9999739762131011 0.728191077709198
0.9999941971655931 -0.003166537654535189 0.0012564531124248735 -0.004996203351765871 0.0031745107845563805 0.9999745108492174 -0.0063953211919009 -0.015080470591783524 -0.0012361700611350384 0.006399272704866725 0.9999787603706536 0.7511529922485352
0.9999936266325635 -0.003301425344806616 0.0013591486106127567 -0.0048928530886769295 0.0033106431581502037 0.9999711498314292 -0.006836603446786846 -0.014844786375761032 -0.0013365388630546134 0.006841059530649697 0.9999757064890955 0.7345750331878662
0.9999973618145289 -0.0018694568856336426 0.0013347265393296537 -0.005152225960046053 0.0018771115938533132 0.9999816664943845 -0.005757006789799864 -0.01524888165295124 -0.0013239395931293186 0.005759497032409793 0.9999825375364748 0.7470773458480835
0.9999992015283026 -0.000645804617914 0.0010862224232950815 -0.006048428826034069 0.0006506537475372172 0.9999897987120823 -0.00446980105486373 -0.016152355819940567 -0.0010833247242650107 0.004470504240544471 0.9999894204437251 0.7991251945495605
0.9999996143273163 -0.0006238063146006231 0.0006182320765092278 -0.00709098856896162 0.0006262293963666197 0.9999920933808991 -0.003926959692960617 -0.017166584730148315 -0.000615777526130032 0.00392734533353962 0.9999920983571167 0.8594719171524048
0.9999903633396776 -0.004389950305527412 -3.954863087470632e-05 -0.006137982942163944 0.004389576242321545 0.9999668876579998 -0.0068523870283090866 -0.016369402408599854 6.962895985543272e-05 0.006852147392452394 0.999976521338336 0.8151831030845642
0.9999994715248698 -0.0009275715490603345 0.0004433520077711216 -0.005295473150908947 0.0009297154219675255 0.999987757427974 -0.004860105287542502 -0.0156200947239995 -0.0004388384846120714 0.004860514910296711 0.9999880913368877 0.7727343440055847
0.9999984339483027 -0.0017694611645424623 -3.328858261395997e-05 -0.005858159624040127 0.0017692811765266574 0.9999869354379525 -0.004795685303600378 -0.015795694664120674 4.177392661529482e-05 0.004795618896446656 0.9999885000810457 0.7977703809738159
0.9999999059895488 -0.00043054298830343146 5.1513389082384766e-05 -0.0062867128290236 0.00043074258271015017 0.9999921475425501 -0.003939456062298651 -0.016029035672545433 -4.981687939033675e-05 0.003939477880958866 0.9999922389860355 0.8203740119934082
0.9999987734905942 0.0013916421342680945 0.0007185746148227539 -0.0068444604985415936 -0.0013898779614720791 0.9999960333746488 -0.0024497906482163056 -0.016435658559203148 -0.000721980996392664 0.0024487889125042184 0.999996741082841 0.8555295467376709
0.9999996460733093 -0.0006293547504967236 0.0005583599684982278 -0.00712923426181078 0.0006315736149494902 0.9999918697352042 -0.003982659696683129 -0.016672208905220032 -0.0005558489230841131 0.00398301093253731 0.9999919132952456 0.864093542098999
0.9999997345577553 0.0002907576436662979 0.0006680901221991863 -0.007142580579966307 -0.00028888566759827756 0.9999960372243913 -0.002800371508298116 -0.0167265385389328 -0.0006689017041290887 0.00280017776330025 0.9999958557789146 0.8630408048629761
0.999995880667044 -0.0028205510911180173 0.0005321094672748888 -0.004641180392354727 0.002823161922141666 0.9999836576449078 -0.004971337835308106 -0.0144269447773695 -0.0005180788589973323 0.004972819587898748 0.9999875012517115 0.7522999048233032
0.9999945337515754 -0.003216079347744859 -0.0007676591683411804 -0.0038120634853839874 0.003211627830898495 0.9999784187372704 -0.005731274411897448 -0.014086282812058926 0.0007860748345593434 0.0057287776477780335 0.9999832814567537 0.7084667682647705
0.9999992269499979 -0.0009892051061362293 -0.0007533741863684231 -0.004851882811635733 0.0009852625205640016 0.9999859125029033 -0.005215750521400253 -0.014579645358026028 0.0007585230202598616 0.0052150042180145115 0.9999861140905077 0.7432653307914734
0.9999996697778744 -0.0006568818034937633 0.00047848765806468156 -0.006446666084229946 0.0006585764275429671 0.9999934814421071 -0.0035501197703435906 -0.015567785128951073 -0.00047615252993781914 0.0035504337187079646 0.9999935838290053 0.7734712958335876
0.9999973847589672 -0.001992757314918835 -0.0011222270314658917 -0.005642430391162634 0.0019867484799427015 0.9999838203213517 -0.005330283856633304 -0.016037393361330032 0.0011328308363390517 0.00532804033380733 0.9999851642301989 0.8232346177101135
0.9999958572314332 -0.0027852466069164645 -0.0007265819360112425 -0.005296666175127029 0.0027807843596417393 0.99997770002392 -0.006071794892491462 -0.014925723895430565 0.0007434771793736537 0.006069749270766779 0.999981302517939 0.7684525847434998
0.999999988195176 1.176200738662442e-05 0.0001532034705164978 -0.006297930143773556 -1.1172195600930707e-05 0.9999925913886112 -0.0038492912428777543 -0.01580439880490303 -0.0001532476108835533 0.003849289485818409 0.9999925797152819 0.8069427013397217
0.9999982780820577 -0.0018557561882058921 -1.3746876071878746e-06 -0.0064803059212863445 0.0018557322185559957 0.9999886177888733 -0.004395514831257605 -0.016273153945803642 9.531675808660373e-06 0.004395504711489668 0.9999903396770784 0.8143925666809082
0.9999977352261143 -0.002052890358994914 -0.0005614123405610429 -0.00524680782109499 0.002049881044890674 0.999983804505745 -0.005309304466491575 -0.01534326747059822 0.0005723026681629357 0.005308141613602185 0.9999857479495725 0.7630021572113037
0.9999997387966846 -0.0007183338126281262 -8.001935225072808e-05 -0.006114494521170855 0.0007180186560378478 0.9999922488432107 -0.0038712662925906023 -0.01575728878378868 8.279959348383795e-05 0.003871207826015251 0.9999925034189985 0.7783078551292419
0.9999971453764246 -0.002333865073026951 -0.000512164839205366 -0.005167246330529451 0.0023313478089162206 0.9999854642124074 -0.004861705594706984 -0.015687545761466026 0.0005235039593688772 0.004860497681991892 0.9999880506815507 0.7592654228210449
0.9999991484367314 -0.0012075920868756228 -0.0004948203346468292 -0.0056710573844611645 0.0012056850438389923 0.9999919143262858 -0.003836353167433367 -0.016766849905252457 0.0004994490834185089 0.003835753303059053 0.9999925187456209 0.7878949642181396
0.9999979885514092 -0.001755410382580438 -0.0009702718815136591 -0.004713642410933971 0.001749945469569602 0.9999827618454236 -0.005604792846496487 -0.014683306217193604 0.000980093867371937 0.00560308364986051 0.9999838223039528 0.7432042360305786
0.9999965638415592 -0.0024143659617524493 -0.0010213432708918273 -0.004550682380795479 0.002408115524417537 0.9999786327938446 -0.006077411897704529 -0.01454097032546997 0.00103599454406097 0.006074931502167946 0.999981010780979 0.7334928512573242
0.9999974110915134 -0.0020685479935840935 -0.0009481136373111741 -0.004520257469266653 0.0020625804946442527 0.9999783262618737 -0.0062524209875140365 -0.014420762658119202 0.0009610265210332502 0.006250449239873256 0.9999800039562421 0.7241357564926147
0.9999958284481658 -0.002831281747300086 -0.0005717778713953347 -0.005124498158693314 0.0028283378118403287 0.9999830687711685 -0.005085535981478456 -0.014872013591229916 0.000586166775692951 0.005083897585927864 0.9999869051111855 0.7475104331970215
0.999995715819039 -0.0028699312274519835 -0.0005760540922898652 -0.005094771273434162 0.0028665020309055524 0.9999786747481821 -0.005867982189475126 -0.01491963304579258 0.0005928825131189932 0.005866305789752091 0.9999826173222746 0.7597750425338745
0.9999847772443597 -0.00540055944329956 -0.0011310337077839736 -0.004167226608842611 0.005393115795914587 0.9999644350896295 -0.00648404641333926 -0.013799353502690792 0.001166010960759882 0.006477847912529987 0.9999783387178254 0.6659783124923706
0.9999997570977216 -0.0004823934880493106 -0.0005030914633648245 -0.00393053749576211 0.0004798920107263266 0.9999875813171691 -0.004960535767050623 -0.014527878724038601 0.000505478145782767 0.004960293132551249 0.9999875699146882 0.6635792255401611
0.9999957068351781 -0.0029029343756381385 -0.00039910302335494167 -0.005123344715684652 0.0029011836404607212 0.9999864627889812 -0.004319418047138731 -0.01544487476348877 0.0004116366077448871 0.004318241632002904 0.9999905916279967 0.7415200471878052
0.9999958593009863 -0.0028598537308537355 -0.00032033969473688445 -0.004948687739670277 0.0028582979124571303 0.999984603880717 -0.004756273180666119 -0.014906784519553185 0.00033393700834942073 0.004755337860089708 0.9999886375594029 0.7290774583816528
0.9999912112280774 0.0008250746215719777 0.0041105618194402106 -0.010172707960009575 -0.000802186692039066 0.9999841845006242 -0.0055666188240762055 -0.014681471511721611 -0.004115089684772031 0.005563272462344622 0.9999760577315818 0.7912557125091553
0.9999855639608698 -0.005347348012580819 -0.0005270095762988448 -0.004779831040650606 0.005346189265302272 0.9999833412066447 -0.0021761363778091346 -0.016538813710212708 0.0005386373554901995 0.002173287470079711 0.9999974933425441 0.7694122791290283
0.9999948624452305 -0.003167699498664572 -0.0004906760950815674 -0.0031344243325293064 0.003165009522827944 0.9999804692409501 -0.005389234766585761 -0.013995547778904438 0.0005077379880732823 0.005387654084583425 0.9999853575855998 0.6033045053482056
0.999998423105674 -0.0017342835762827386 -0.00038216049283858183 -0.004477957263588905 0.001732308416288695 0.9999854459295058 -0.00510950454722901 -0.014576341956853867 0.0003910162606670302 0.005108834470242163 0.9999868733721655 0.7275255918502808
0.9999981750406528 -0.0017799839702341115 -0.0006939541984613812 -0.005337299779057503 0.0017762056630620635 0.9999838006655954 -0.005407725939157754 -0.014887569472193718 0.0007035686223523791 0.005406483464900542 0.9999851373534195 0.7663782238960266
0.9999958441207984 -0.0026515788643441673 -0.0011317555647658735 -0.004572920501232147 0.0026444631797209886 0.9999770146410435 -0.006243156579636355 -0.014426822774112225 0.0011482837729913209 0.006240137747912304 0.999979870860041 0.7308957576751709
0.999996979588129 -0.0023660665969666484 -0.0006652394135776653 -0.004589871037751436 0.0023623481198982153 0.9999818859445014 -0.00553598177726922 -0.014567319303750992 0.0006783258649586207 0.005534393529246196 0.9999844550603194 0.7289704084396362
0.999994708807288 -0.003165529468703886 -0.0007495202529922783 -0.0044021205976605415 0.00316174267828363 0.9999824980976393 -0.005000688116735224 -0.014480642974376678 0.0007653369605593159 0.004998291866958583 0.999987215587154 0.6823680996894836
0.9999984726235921 -0.0010856458794422594 -0.0013697165791907889 -0.00459657097235322 0.0010782976760071322 0.999985085103487 -0.0053541427599197765 -0.014791198074817657 0.0013755088530350106 0.005352657619924311 0.9999847283992886 0.7127987742424011
0.9999996049352009 -0.0008861895054716851 -6.926472736063546e-05 -0.006442645564675331 0.0008858843180151386 0.9999904120117187 -0.004288483835595852 -0.015961192548274994 7.306447262073122e-05 0.004288420780831087 0.9999908020120932 0.8174200057983398
0.9999991897667502 0.0011092516910242844 0.0006245210399443949 -0.0071451133117079735 -0.0011072784538429705 0.9999944221410085 -0.003151130161748245 -0.016977500170469284 -0.0006280129529146537 0.0031504360899063106 0.9999948401627753 0.8666212558746338
0.999996920854724 -0.002479681790471852 -9.72588751777335e-05 -0.006700147874653339 0.0024792085736590084 0.9999863634304719 -0.004596354854516107 -0.01652907393872738 0.0001086550463356104 0.004596099576634565 0.9999894319755398 0.8372607231140137
0.9999993361446557 -0.0010611551951791593 -0.000449065585287708 -0.006609451025724411 0.001059256688081484 0.9999905894688328 -0.004207011890346548 -0.016228923574090004 0.0004535256518656432 0.004206533421774617 0.9999910496554731 0.8314543962478638
0.99999837420389 -0.0017126339855561609 -0.0005643353682598819 -0.005723999347537756 0.0017099548342561347 0.9999874260491415 -0.004714212349607424 -0.015717443078756332 0.0005724019926197601 0.004713239697268228 0.9999887288002374 0.7953092455863953
0.9999996991077148 0.00037224242917482914 -0.0006806027137489463 -0.006324644200503826 -0.0003750542716711623 0.9999913765835806 -0.004135951253215743 -0.016035178676247597 0.0006790572680868838 0.004136205271695022 0.9999912153050032 0.808174729347229
0.9999995006142556 -0.0009956408725693869 8.643200982062205e-05 -0.006302508059889078 0.0009959711699276774 0.999991862049985 -0.003909459711069261 -0.016071107238531113 -8.253888856324257e-05 0.003909543842530753 0.9999923542979092 0.814784586429596
0.9999949375671594 -0.0030939378191314564 -0.0007432286489524774 -0.00524546205997467 0.0030901967283970765 0.9999828097762471 -0.004983054904588369 -0.015116035006940365 0.0007586331347098166 0.004980732955468129 0.9999873083069573 0.7283872365951538
0.9999984700724781 -0.001467650316332509 -0.0009517642840678643 -0.004391690716147423 0.0014634812322040518 0.999989396434999 -0.004366376100374626 -0.014772886410355568 0.0009581625052383539 0.004364976530968443 0.999990014402393 0.6792840957641602
0.9999993781427203 0.00017670126486254707 -0.001101131615858667 -0.005659394897520542 -0.00018143375509836664 0.9999907418272342 -0.004299225698886664 -0.015574939548969269 0.001100361742773007 0.0042994228078257896 0.999990152035286 0.7668560743331909
0.9999997140494425 0.0005667862336227054 0.0005006539704224423 -0.00761760026216507 -0.0005650233898483915 0.9999936654353639 -0.003514233588421927 -0.01695798709988594 -0.0005026426182171584 0.003513949702321365 0.9999936997340971 0.8900941610336304
0.9999971212272281 0.0008179954504058502 0.0022557528010051613 -0.009032000787556171 -0.0008124434569757848 0.9999966415081348 -0.0024610786415196566 -0.018092826008796692 -0.002257758376209584 0.0024592388850297425 0.9999944273200829 0.9213153123855591
0.9999905369959959 -0.004341646444718338 0.00027572560450209995 -0.006819571368396282 0.004342733250804259 0.9999822812907296 -0.004071581081181664 -0.016526853665709496 -0.0002580433534747805 0.004072739954544358 0.9999916730667764 0.8508316278457642
0.999999890193107 -0.00046750427912187084 -3.2458016402925466e-05 -0.006087167654186487 0.0004673762658131321 0.9999925260261175 -0.0038378967326839417 -0.015496527776122093 3.425200695791619e-05 0.003837881141149924 0.9999926347204495 0.7944645881652832
0.9999978775772224 -0.002026864987381917 -0.00036967468604424264 -0.005632353946566582 0.002025072199773227 0.999986490837109 -0.0047871939453485906 -0.015405838377773762 0.0003793726878443259 0.004786435166969452 0.9999884729909422 0.7929695844650269
0.9999999760250706 -1.2876922245432168e-06 -0.00021897077474710908 -0.005809867288917303 3.010829418428375e-07 0.9999898497019628 -0.004505606835425363 -0.015205595642328262 0.00021897435396337278 0.004505606661475392 0.9999898257276644 0.7924618721008301
0.9999997260227781 0.00073565549442465 8.225182437230083e-05 -0.006733223330229521 -0.0007353511451380442 0.9999931013066214 -0.0036409611174799115 -0.016045838594436646 -8.492974999324526e-05 0.003640899635966257 0.9999933682963996 0.8484915494918823
0.9999998702232331 0.00014958838217753677 0.0004870080418109548 -0.007633839268237352 -0.00014802510091328807 0.9999948420346605 -0.003208425259194758 -0.01679430529475212 -0.00048748547298421555 0.003208352753401167 0.9999947344013984 0.887763261795044
0.9999991688279734 -0.001223128294778984 0.0004077996285124699 -0.00696114357560873 0.001224566364203503 0.9999929666412469 -0.003545011319858528 -0.01628316193819046 -0.00040346075666075235 0.003545507751052696 0.999993633276835 0.8532904386520386
0.999999974879331 0.00022116499232272942 -3.643327067790049e-05 -0.006484000012278557 -0.00022129239881116256 0.9999937277196936 -0.0035349046585580975 -0.015930455178022385 3.565124499654274e-05 0.0035349126321647935 0.9999937515413141 0.8316255807876587
0.9999994798407127 0.0007091871579998695 0.0007330565317864316 -0.00726792449131608 -0.000706951715075131 0.999995113304527 -0.0030452563666871807 -0.01648598536849022 -0.000735212606270468 0.003044736547096406 0.9999950945088592 0.8713874816894531
0.9999978468336551 0.0014656113410798633 0.00146911927722247 -0.008053137920796871 -0.001461345691661926 0.999994725995748 -0.0029004222896795518 -0.01744389906525612 -0.0014733624208828303 0.0028982691534615848 0.9999947146055779 0.9085819721221924
0.9999937198712975 0.0030501392287949763 0.0018046796530954443 -0.009978512302041054 -0.0030469153928301103 0.9999937624561516 -0.0017864365029910663 -0.019674748182296753 -0.0018101172763844997 0.0017809265777257645 0.9999967758827879 1.0459473133087158
0.9999966782226203 0.0005599672526920168 0.0025159452301789674 -0.011103959754109383 -0.0005546579960452318 0.9999976191837879 -0.0021104457499174644 -0.020017949864268303 -0.0025171210206843117 0.0021090432503469802 0.9999946080046309 1.0882115364074707
0.9999968022086942 0.0018191337033657848 0.0017567939420418258 -0.010007769800722599 -0.0018158299306456599 0.9999965835416781 -0.0018803368407401477 -0.019473785534501076 -0.0017602085241492135 0.00187714078879341 0.9999966889987238 1.0333678722381592
0.9999938199215902 0.00271993668402956 0.002227568867817154 -0.010567381978034973 -0.002716064314635266 0.9999947984358157 -0.001739567748261293 -0.02010343037545681 -0.002232288795107564 0.001733506777285939 0.9999960059125176 1.0810655355453491
0.9999933290833266 0.002886478528797475 0.002238309752484212 -0.011145721189677715 -0.002882614882742768 0.9999943532017002 -0.0017274536609827 -0.020804600790143013 -0.002243283371102427 0.0017209899522785718 0.9999960029286621 1.124165654182434
0.9999932884586668 0.0029288580489157073 0.0022010970335948573 -0.011470774188637733 -0.002925207788125481 0.9999943441353766 -0.0016597760856602382 -0.020945992320775986 -0.002205945833035896 0.0016533262798193434 0.9999962001503778 1.1505368947982788
0.9999912468096348 0.0032830518700480826 0.002593814667724713 -0.01205090805888176 -0.003278801574920582 0.9999932779655795 -0.0016411836848447745 -0.02113453857600689 -0.002599185323178858 0.0016326647156339688 0.9999952893096957 1.1780275106430054
0.9999827337864529 0.005054859385818283 0.002996752502629961 -0.012961535714566708 -0.005051841300040285 0.9999867254315048 -0.001013834432063953 -0.022152401506900787 -0.003001837512528186 0.0009986778089233622 0.9999949957945702 1.2510573863983154
0.9999861115636173 0.004035832690539316 0.0033895035581291595 -0.014067815616726875 -0.004032409258230797 0.9999913534312448 -0.0010162373350714542 -0.02286682277917862 -0.0033935756144118263 0.0010025553555952703 0.9999937392440554 1.3088291883468628
0.9999863666496043 0.003906372908223625 0.003465078011390678 -0.014102295972406864 -0.0039029615640459613 0.9999918926603869 -0.0009907091029812882 -0.02274041250348091 -0.0034689199980262706 0.0009771715300020685 0.9999935058438371 1.3028284311294556
0.9999921580182191 0.002599429237642886 0.0029877867566781417 -0.013188442215323448 -0.002594613841018389 0.9999953307683238 -0.0016144412551695156 -0.021779943257570267 -0.002991969431810721 0.001606676441877718 0.9999942333382378 1.239576816558838
0.9999938201765683 0.002197843891693679 0.002743918894717116 -0.012076971121132374 -0.002192555242465651 0.9999957359564323 -0.001928929874848501 -0.02094879187643528 -0.002748146681270344 0.0019229017606449499 0.9999943750534985 1.1681410074234009
0.9999808429830771 0.005193976170155275 0.0033669390250112394 -0.012777036055922508 -0.005190415424994193 0.999985962116001 -0.0010654382439352786 -0.02209341898560524 -0.003372425621161547 0.001047942021066376 0.9999937642620328 1.232650876045227
0.9999816999774301 0.004285745538876862 0.004269905786381442 -0.014496254734694958 -0.004281889247879369 0.9999904169171342 -0.0009118653215135859 -0.023325981572270393 -0.004273772890254195 0.0008935653706814571 0.9999904681576772 1.3216575384140015
0.9999902867045126 0.002288251739852805 0.0037670148130616466 -0.013970511965453625 -0.0022831117719619375 0.9999964577051191 -0.0013682024158346005 -0.02292877435684204 -0.003770132260742862 0.0013595886102153927 0.9999919687785235 1.283653974533081
0.9999847835954165 0.00393252849297012 0.0038688237592411035 -0.013991660438477993 -0.003928575332406662 0.9999917538286932 -0.0010288685397008242 -0.023059923201799393 -0.003872837911105523 0.0010136539184348776 0.9999919867840182 1.2974836826324463
0.9999941290567029 0.0018387988610655372 0.002891482470090186 -0.013683618977665901 -0.0018332236033481951 0.999996457892739 -0.001929635508458473 -0.02238810434937477 -0.002895020439724359 0.0019243234457649821 0.9999939578997113 1.2727569341659546
0.999988008712194 0.0038444870465502126 0.003033537731765356 -0.013674010522663593 -0.0038390110635189777 0.999990994878247 -0.0018089102984925156 -0.022302553057670593 -0.0030404647465996646 0.0017972428224146614 0.9999937627267292 1.2901699542999268
0.9999794767536397 0.005146186718348534 0.003816128113297634 -0.014455356635153294 -0.0051420974765873095 0.9999861954660744 -0.0010806066942652842 -0.0231271181255579 -0.0038216364372454154 0.0010609616139661575 0.9999921346967663 1.334967017173767
0.9999910371753437 0.0025455809286457597 0.003383132677885395 -0.01436346024274826 -0.002539904879928402 0.9999953615702628 -0.0016809881499289844 -0.02296242117881775 -0.0033873960768379162 0.0016723802483289407 0.9999928643206029 1.3221797943115234
0.9999915906721701 0.0002566305558070261 0.0040930093697678005 -0.011829501949250698 -0.0002539283128387526 0.9999997494877996 -0.0006607153322421113 -0.020875882357358932 -0.00409317790416196 0.0006596704451065818 0.9999914053278404 1.1371396780014038
0.9999969022044801 0.0006423989131305075 0.0024047671570568137 -0.009144525974988937 -0.0006386230162096525 0.9999985626710359 -0.0015706102333964452 -0.018814312294125557 -0.002405772658922213 0.0015690696283119792 0.9999958751307002 0.975878119468689
0.99999216365969 0.00232905931218633 0.0032012656765417168 -0.009655607864260674 -0.002326755605178169 0.9999970316197057 -0.0007231598239715392 -0.019609317183494568 -0.0032029404560899857 0.0007157055941885022 0.9999946144544665 1.0106430053710938
0.99999931310677 -0.0008201494709726998 0.0008373415274032708 -0.008798791095614433 0.0008221266806497297 0.9999968685409949 -0.002363686934724314 -0.01845562271773815 -0.0008354003287135452 0.002364373711934255 0.999996855916678 0.959027886390686
0.9999982411994858 0.0015791388464855196 0.0010118885504891387 -0.00869555864483118 -0.0015773993994588858 0.9999972809833557 -0.0017175089607066028 -0.017813365906476974 -0.0010145979842663664 0.0017159097875590985 0.9999980131202918 0.942689061164856
0.9999970530595663 0.002080966746769531 0.0012503797750542853 -0.008723719976842403 -0.0020787783084272758 0.9999963098734589 -0.0017489769037461746 -0.017817921936511993 -0.0012540147237722547 0.0017463724872617402 0.9999976888124334 0.9457870721817017
0.9999988980100109 8.858617681331954e-05 0.001481934969336523 -0.007849570363759995 -8.578921206484065e-05 0.9999982153101498 -0.0018873305822139697 -0.017178304493427277 -0.0014820995159428856 0.0018872013683612111 0.9999971209218655 0.9017394185066223
0.9999983447791269 0.001686837612548355 0.0006819221917225462 -0.007693345192819834 -0.0016850134772371551 0.9999950245138651 -0.0026667727866901106 -0.01684213988482952 -0.0006864172114688454 0.0026656193245086506 0.9999962116453386 0.8887336254119873
0.9999793100752077 0.005311898673311165 0.0036281061170305986 -0.010108835063874722 -0.005313442974204541 0.9999857969734923 0.0004161430638499166 -0.019643768668174744 -0.0036258440771544734 -0.0004354121888384274 0.9999933318132448 1.0322598218917847
0.9999945811111898 0.0009853752723460608 0.003141143713530459 -0.01010010577738285 -0.0009840714763458946 0.9999994290282999 -0.0004165890108901063 -0.020004864782094955 -0.003141552416536354 0.0004134956435089881 0.9999949798222825 1.0204044580459595
0.9999980621915285 0.00045710579493450784 0.001914854427855204 -0.009688304737210274 -0.00045506503760429787 0.9999993282255302 -0.0010660507960275059 -0.019435526803135872 -0.001915340439501445 0.0010651773469230238 0.9999975984312264 1.0055315494537354
0.9999880596521852 0.003605585347020194 0.003298531091794222 -0.009883362799882889 -0.00360581591334296 0.9999934969795096 6.395538381340068e-05 -0.019563835114240646 -0.003298279044784202 -7.584851606532143e-05 0.9999945577863641 1.011648416519165
0.9999665128077464 0.006772110496107373 0.004594755983020211 -0.010846561752259731 -0.006767536170755977 0.9999765895272665 -0.0010103720078426092 -0.02159542590379715 -0.0046014907684898375 0.0009792429960100483 0.9999889336216987 1.1078211069107056
0.9999907621919097 -0.0033965043814017507 0.002634252992854627 -0.012003215029835701 0.003399674510496146 0.9999935012253014 -0.0011998834884156284 -0.021910369396209717 -0.002630160463912352 0.0012088280068762378 0.9999958104866159 1.1346608400344849
0.9999950569087032 0.0015031495246458362 0.0027616479981483182 -0.009489553049206734 -0.0015015710014737325 0.9999987081490586 -0.0005735719145185599 -0.019584769383072853 -0.0027625065948614115 0.0005694222687499237 0.9999960221498848 0.9921356439590454
0.9999992402100337 -0.0006027532072647497 0.0010752989939322832 -0.009384166449308395 0.0006049869108724187 0.9999976575940629 -0.0020781716062094023 -0.01930595189332962 -0.0010740438505446464 0.0020788205690520714 0.9999972624636773 0.998010516166687
0.9999910478246843 0.0037550404377973065 0.001950369657386826 -0.009961016476154327 -0.003753613018414038 0.999992685043066 -0.0007350167803112931 -0.019198665395379066 -0.0019531154082493055 0.0007276892673755288 0.999997827901907 1.0338505506515503
