0.9993867367278503 0.002270759684587352 -0.03494272603723213 -0.023784024640917778 -0.002161034393499628 0.9999926163850925 0.003177594317562486 -0.00955992005765438 0.034949683586669555 -0.0031001331829046404 0.9993842648308205 0.48829561471939087
0.9991941755144255 0.0026735557827984448 -0.040048117527841084 -0.02738124132156372 -0.0024816205111377215 0.9999852003077424 0.0048415622605703845 -0.008053228259086609 0.0400604690148057 -0.004738276581262839 0.9991860224989906 0.45558133721351624
0.9991492878247161 0.002803257171055169 -0.04114416591201236 -0.028059013187885284 -0.0026160564874476077 0.9999859841869261 0.004603007512393463 -0.008008614182472229 0.0411564926568914 -0.004491456215705006 0.9991426174141734 0.4494609832763672
0.999098926142553 0.0030312400627619633 -0.04233376152055732 -0.02899814210832119 -0.002828937889064875 0.9999842961195567 0.004837832644336896 -0.007988117635250092 0.04234776134835613 -0.0047137138178622385 0.9990918116023302 0.4416853189468384
0.9992915590296261 0.002532914663501193 -0.037549492612374585 -0.025836199522018433 -0.002359539134010118 0.9999863544320845 0.004660850212608945 -0.008813205175101757 0.03756078576407085 -0.004568948778080434 0.9992838996400616 0.46455276012420654
0.9990175433852287 0.002869823537579988 -0.04422343407522727 -0.02945800870656967 -0.0027046285717946816 0.999989142016818 0.0037948429159748963 -0.009094690904021263 0.04423384442744551 -0.00367150668410734 0.9990144578762798 0.42765259742736816
0.9987158593783665 0.003651843266632924 -0.050530152056837446 -0.03437274694442749 -0.0033387455075907123 0.9999747114088714 0.006279277122413408 -0.005550802685320377 0.05055180515636122 -0.0061025063294083805 0.9987027958366458 0.42078089714050293
0.9993047219814727 0.0022667703087537122 -0.03721470647336962 -0.02509724535048008 -0.0020917923445481464 0.9999865777763838 0.004740113064449787 -0.008162476122379303 0.03722495171681216 -0.004658971929925141 0.9992960507028121 0.47620221972465515
0.9993658495877125 0.002265980108237611 -0.03553539097826976 -0.024354374036192894 -0.0021405025230984286 0.9999913412555134 0.0035687060607124807 -0.00950576737523079 0.03554316990334477 -0.0034903793702444714 0.9993620466703114 0.4721854627132416
0.9993459225742501 0.002320125607744919 -0.03608800425882917 -0.024712765589356422 -0.002176408416284773 0.9999895466112404 0.004021183240245201 -0.009203221648931503 0.03609695666710022 -0.003940010838867116 0.9993405255637156 0.472112238407135
0.9993891118470062 0.0022478285027841653 -0.034876215228641184 -0.02394794672727585 -0.002131062956382132 0.9999920007796504 0.00338481127800027 -0.009591422975063324 0.03488354472137784 -0.003308420126557852 0.99938590777734 0.4801419973373413
0.9993488008028666 0.002281449143925694 -0.036010683465827475 -0.02390880510210991 -0.0021285213456875875 0.9999885561619084 0.004284500216200954 -0.008027810603380203 0.03602004623474672 -0.004205060644670233 0.9993422205301952 0.45922306180000305
0.9993153275473355 0.0023893054719066557 -0.03692109625028794 -0.02529308944940567 -0.002254589794363493 0.9999906505037057 0.0036899498688017325 -0.009157068096101284 0.03692956747404796 -0.0036041815349722407 0.9993113713561166 0.46479493379592896
0.9991814228614173 0.0027158998294548107 -0.04036221124703305 -0.02758866921067238 -0.002541837129688997 0.9999872506543185 0.00436320900523907 -0.008452896028757095 0.0403735466938426 -0.004257043214912464 0.9991755873270857 0.45829206705093384
0.9993349154769898 0.0023656360948699695 -0.03638860363443581 -0.024917714297771454 -0.002220973990238315 0.9999894719145338 0.004015387232427573 -0.009260076098144054 0.036397719477078656 -0.00393189851831222 0.9993296484098274 0.471897691488266
0.9993382965641475 0.002349623514842402 -0.03629667050304633 -0.025220345705747604 -0.0022110825708778997 0.9999901189252943 0.0038565743401003387 -0.009275541640818119 0.03630537335068976 -0.0037737674960786898 0.9993336172393846 0.4732082486152649
0.9994194780417985 0.0018988582620698476 -0.034016190967819424 -0.02383955381810665 -0.0017581504899767916 0.9999897769228174 0.004165928072834498 -0.009322996251285076 0.034023753724614 -0.0041037040772947155 0.9994125993779208 0.5190448760986328
0.9995296087558867 0.0017366346760869073 -0.030619361853342686 -0.021235179156064987 -0.0016322974231763906 0.9999927776934229 0.0034322246597262665 -0.010240815579891205 0.03062510123128439 -0.0033806302658459845 0.9995252245509261 0.5095887780189514
0.9996588490524692 0.00116250002668134 -0.02609279794849334 -0.017774028703570366 -0.0011168522918626725 0.9999978205700991 0.001763943312626927 -0.009707937948405743 0.026094791665217283 -0.0017341997405045488 0.9996579687069018 0.5460135340690613
0.9996117085496263 0.0013831072605909897 -0.02783018405980378 -0.01957216113805771 -0.001315283211032917 0.9999961209396167 0.002455226220578507 -0.01448279432952404 0.02783347194605141 -0.002417668303374507 0.9996096501732079 0.5373492240905762
0.9988889122027623 0.0033281440734033965 -0.047009196285502375 -0.031928900629282 -0.0030724676067993228 0.9999800993314226 0.005510071135955523 -0.006714054848998785 0.047026599081662165 -0.005359514730345573 0.9988792592604312 0.4337415397167206
0.9992780670197163 0.0025001540513186885 -0.0379090227130535 -0.025881517678499222 -0.002329312244910988 0.9999869352531858 0.004550123889097493 -0.008676886558532715 0.03791990345194512 -0.004458537053799453 0.9992708353442198 0.4643799960613251
0.999262739299441 0.002531036774440603 -0.03830889845224153 -0.02617884799838066 -0.0023758979562107877 0.9999887943502066 0.004094665178256556 -0.008838394656777382 0.038318832924286686 -0.0040006283090013115 0.9992575553962322 0.46215832233428955
0.9992956156755246 0.002440264804308207 -0.037447531285243425 -0.025570137426257133 -0.002310942933753315 0.9999912176360449 0.0034963114188016117 -0.00914676208049059 0.03745573433309466 -0.0034073095640345837 0.9992924788104349 0.47500598430633545
0.9990440649703696 0.003013919232087844 -0.043610463633654735 -0.029632847756147385 -0.0027903315571389574 0.999982654949082 0.005186892208858165 -0.007368300575762987 0.04362534008212549 -0.005060246224002354 0.9990351463341374 0.44761934876441956
0.9992762913886494 0.00248987921016196 -0.03795647467910552 -0.02593478560447693 -0.0023296209502449614 0.9999881878288543 0.004265802268239711 -0.008752774447202682 0.03796664766311288 -0.004174290871793981 0.9992702882408455 0.4647570848464966
0.9992602110149859 0.00252626985895781 -0.03837510446742783 -0.026215560734272003 -0.0023677684769790324 0.9999884806012733 0.004175205048452947 -0.00871509313583374 0.038385210103967164 -0.0040812529150891725 0.9992546817603196 0.46259012818336487
0.9995661395510118 0.0015095527939396533 -0.029415198681112417 -0.018655020743608475 -0.0014172376826891134 0.9999940062391183 0.003158943365868 -0.007935584522783756 0.029419790965229082 -0.003115884497266297 0.9995622877856896 0.4922318458557129
0.9995419588248456 0.0017538347448170547 -0.030212524096439458 -0.021430402994155884 -0.0016808950402779934 0.9999956118293113 0.0024394495248772382 -0.011241854168474674 0.03021666991006175 -0.0023875480746421503 0.9995405206762441 0.5133062601089478
0.9996592667186994 0.0012319908505485457 -0.026073600863254554 -0.017283638939261436 -0.0011666994873274143 0.9999961462594802 0.002519182108262149 -0.01011468842625618 0.026076603991670652 -0.0024879036823162687 0.999656851654371 0.5089231133460999
0.9996407605178305 0.0013303408588469035 -0.02676901388793733 -0.02084684930741787 -0.0012734606809648038 0.9999968955184096 0.002141786972766422 -0.012179974466562271 0.026771780090747342 -0.0021069282716689192 0.9996393512882686 0.5731551051139832
0.9996019598160601 0.0016749855276943849 -0.028162321555113414 -0.019863836467266083 -0.0016006256460848005 0.9999951738976954 0.00266273897689517 -0.011061486788094044 0.028166645690118782 -0.002616601765648622 0.9995998166595307 0.5152121782302856
0.9997121965195034 0.000851714218308517 -0.023974960125937788 -0.014808394946157932 -0.0008012974959309878 0.9999974478005764 0.0021124191479443962 -0.008912807330489159 0.023976698114481703 -0.002092600110847391 0.999710327531082 0.5247541666030884
0.9994380061654399 0.002136431372452682 -0.03345306403068283 -0.02308935485780239 -0.0020457148532909922 0.9999941379429065 0.002745747723723539 -0.010248917154967785 0.03345873402848933 -0.002675769200455887 0.999436517932178 0.5079397559165955
0.9994777892205774 0.00188839404713309 -0.03225806600944834 -0.0206749327480793 -0.0017714361417297388 0.9999917555197991 0.003653889219203811 -0.0072819204069674015 0.03226470004111224 -0.0035948380148752863 0.9994728942151978 0.47440457344055176
0.9996373521539198 0.0012030233037211232 -0.026901987168806367 -0.01848088949918747 -0.0011399292394130348 0.9999965641908237 0.0023605439789434377 -0.010060722008347511 0.026904734528128124 -0.00232902157098186 0.999635288952172 0.5315824151039124
0.9995414957168377 0.0014760946085251457 -0.03024267654910522 -0.019995566457509995 -0.0014103656013385718 0.9999965972893364 0.002194602155169069 -0.013230927288532257 0.03024581308243633 -0.0021509426899838195 0.9995401763993916 0.5063180327415466
0.9992306232304504 0.0026059367745669007 -0.03913273172182946 -0.02660822495818138 -0.0024500432142719923 0.9999888735320593 0.004031141318672287 -0.00863214023411274 0.03914280121215033 -0.0039321629683759345 0.9992258899806671 0.45605507493019104
0.9994649899257275 0.0020308023953944172 -0.03264367862842939 -0.022494200617074966 -0.0019310786420567315 0.9999933732702602 0.003086154701910091 -0.010242275893688202 0.0326497296779546 -0.003021466067456282 0.9994622883804869 0.4807574152946472
0.9996770699806906 0.0009982249814037534 -0.025392111013231973 -0.016356229782104492 -0.0009431365908559914 0.9999971760079547 0.0021813916399856456 -0.00841669924557209 0.025394216825741715 -0.0021567389741255667 0.9996751883631029 0.5540366172790527
0.9996488929048466 0.001817328995576131 -0.026434602880251325 -0.021330492570996284 -0.0017507036318196866 0.9999952332945717 0.002543309837324101 -0.012288571335375309 0.026439098904998383 -0.0024961377079268754 0.9996473094775151 0.5699074268341064
0.9995831636924507 0.0016313432567971378 -0.02882425336013796 -0.02089766412973404 -0.0015542772295537893 0.9999951582822997 0.002695855013145423 -0.011046643368899822 0.028828511666137268 -0.0026499304022395043 0.9995808595526319 0.5402834415435791
0.9994634453252668 0.002099791269262315 -0.032686577293631704 -0.022930258885025978 -0.001973821156826377 0.999990502756579 0.003885669399856307 -0.010193883441388607 0.032694425955931604 -0.0038190670679689362 0.9994580977900684 0.4969489574432373
0.9995590688730981 0.001703702668127536 -0.02964397461143742 -0.02179577574133873 -0.0016189016725591614 0.9999945296412294 0.002884414150367542 -0.011230891570448875 0.02964872663234488 -0.002835151642306011 0.999556359053478 0.5416439771652222
0.999565756202619 0.0018415073941496414 -0.029409316170278723 -0.021551068872213364 -0.0017619470816720808 0.9999947186827467 0.0027309612035619235 -0.011527028866112232 0.029414189935599324 -0.002677957641798195 0.9995637218173241 0.5329820513725281
0.9995218568914395 0.001796234602025424 -0.030867962963939337 -0.022072523832321167 -0.0016926840816746493 0.9999928537267658 0.0033804313332253077 -0.010927824303507805 0.030873814420772326 -0.0033265652937365816 0.9995177544928645 0.5369183421134949
0.999373325691977 0.002383626693409795 -0.035316769658955846 -0.02397916093468666 -0.00226625673441389 0.9999917770964575 0.00336300756499813 -0.011641651391983032 0.03532449540716759 -0.0032808631874821064 0.9993705098515634 0.5271198153495789
0.9990785446619317 0.0032516784075477968 -0.042795889799494544 -0.029316268861293793 -0.0030125179950580587 0.9999794912883488 0.005651702223640293 -0.007940320298075676 0.04281338962901729 -0.0055175710443216485 0.9990678505878592 0.44015395641326904
0.9996211793259677 0.001213682123909507 -0.027495905489063836 -0.020185325294733047 -0.0011390160801449506 0.9999956220421797 0.002731032559902121 -0.01208141166716814 0.02749909971854714 -0.0026986797098167855 0.9996181854300636 0.6059204339981079
0.9997647497600738 0.001445177544063031 -0.021641547981675332 -0.01869354583323002 -0.0013945941093195103 0.9999962610306751 0.002352239770969041 -0.012919511646032333 0.021644866468686543 -0.002321505230666757 0.9997630271064322 0.6568966507911682
0.9996972986357731 0.0009710380564455507 -0.02458390094006264 -0.01963440328836441 -0.000927427924607344 0.9999979763422132 0.001785269986015953 -0.012897996231913567 0.024585584755757523 -0.001761929786128078 0.9996961761583596 0.6122769713401794
0.9998158229828736 0.00044305784602712304 -0.019186552916668844 -0.015397930517792702 -0.00040701865043198305 0.999998145787779 0.0018822212468110533 -0.017713868990540504 0.01918735127361931 -0.0018740653000416593 0.9998141494449625 0.7695006132125854
0.9998012484635872 0.001024402989419028 -0.019910152414470906 -0.0179924163967371 -0.0009905940695906768 0.999998050962409 0.001707862632783993 -0.013829069212079048 0.019911863148421947 -0.001687800313555324 0.9998003145808967 0.6939660906791687
0.9998863844619835 0.00037484438736280784 -0.015069096164918359 -0.014477386139333248 -0.0003567351713265168 0.9999992110615111 0.001204415365521327 -0.015679538249969482 0.015069535744668223 -0.0011989028486194503 0.9998857293333072 0.8500281572341919
0.9998140751812116 0.0008640463102842696 -0.019263138205188407 -0.017964137718081474 -0.0008315674054897572 0.9999982194089649 0.001694011378259501 -0.013910360634326935 0.019264567609698177 -0.0016776778216420936 0.9998130134339811 0.7173899412155151
0.9992311607635053 0.0030374228221267245 -0.03908786796203244 -0.026617299765348434 -0.002885886778002138 0.9999881029114326 0.003932644542613008 -0.009360451251268387 0.03909934803449043 -0.003816817809853538 0.999228038480248 0.4530980885028839
0.999050592290148 0.003286371541354406 -0.0434409231807557 -0.02997162938117981 -0.0030503424165429526 0.9999802307263609 0.005498505942132959 -0.007702978327870369 0.0434581345187064 -0.005360775927606788 0.9990408663441189 0.4451213777065277
0.9989747187763819 0.003289710284652577 -0.04515184439080933 -0.03067496418952942 -0.003109328391174137 0.9999869052352746 0.00406465680394527 -0.007810715585947037 0.04516462468132163 -0.0039200974759655135 0.9989718662270596 0.43413856625556946
0.9991715644716427 0.00325663645289841 -0.04056573764032795 -0.02742340788245201 -0.00306136965708554 0.9999834321377106 0.004874778549604551 -0.009381153620779514 0.040580940934297496 -0.00474655339153179 0.99916498010278 0.4454714059829712
0.9982128812233968 0.004806606046444899 -0.05956458929597959 -0.039198439568281174 -0.004492616881749382 0.9999753051710221 0.005404205924549559 -0.004975258372724056 0.05958909424750697 -0.00512694708724358 0.9982098247664797 0.3644435405731201
0.9986326547933186 0.004022324578681239 -0.05212141292628261 -0.034668441861867905 -0.0037044776006217787 0.9999739591276796 0.006193376479753235 -0.005871576257050037 0.052144967409662984 -0.005991825389412299 0.9986215501391644 0.4021192193031311
0.9990873991207837 0.002932401568829705 -0.04261185209665225 -0.029320672154426575 -0.002770448359306863 0.999988715461971 0.003859218133991139 -0.00796878058463335 0.04262268801889735 -0.0037376422724007745 0.9990842489481492 0.45365214347839355
0.9988245678038178 0.0037369692422915 -0.048327195370711805 -0.032896533608436584 -0.003456233429091264 0.9999766730986429 0.0058913248979883615 -0.006985361687839031 0.04834808374693265 -0.005717369976850617 0.9988141841596702 0.422630250453949
0.999469495537173 0.001777827095770112 -0.032520252481893934 -0.02385570853948593 -0.0016542322836195899 0.9999913085281942 0.003827059396133194 -0.011623842641711235 0.03252677368292794 -0.003771233072517033 0.9994637496152083 0.6013416647911072
0.9994886888714486 0.0021862061974230436 -0.03189955047481272 -0.023163646459579468 -0.0020903187590957896 0.9999931976300229 0.0030389572500133326 -0.011307940818369389 0.03190597726944198 -0.002970723168587985 0.9994864598474247 0.5179063081741333
0.9986488641980322 0.004598815880972288 -0.05176192547107409 -0.0345795564353466 -0.004245938591062899 0.999967006165838 0.006925213730399794 -0.006852773949503899 0.05179206542957169 -0.006696078869287017 0.9986354412328431 0.3800852298736572
0.9976959479647485 0.005547751901057758 -0.0676166981119767 -0.044180672615766525 -0.005136624993004206 0.999967259488021 0.006252602314080599 -0.003087666817009449 0.06764917219303669 -0.005890874371526823 0.9976917796096827 0.3310646712779999
0.998383180634523 0.004744757024940894 -0.05664372786873893 -0.037696607410907745 -0.004337003347996176 0.9999638082540844 0.007319329473970375 -0.004553314298391342 0.05667640627327167 -0.007061831402924848 0.9983676254312256 0.3862857222557068
0.998852422889674 0.004051986766966845 -0.04772230810289879 -0.031917162239551544 -0.0037981321732983068 0.9999781588087976 0.0054088905850553795 -0.007466829847544432 0.04774318254391752 -0.005221427832238039 0.9988459967442282 0.4136114716529846
0.9986940336684704 0.004206289850253095 -0.050916934714254784 -0.03388139605522156 -0.003942782791910927 0.9999783164466676 0.005274571105228978 -0.0069297668524086475 0.050938017029089754 -0.005066928278944074 0.998688962920368 0.3941764831542969
0.9989655177036628 0.0034610195182379296 -0.04534220752177275 -0.030381929129362106 -0.003246289587618753 0.9999831696222199 0.0048085420048342405 -0.00786610133945942 0.04535808685302376 -0.004656373717101466 0.998959940208235 0.4297727942466736
0.9991181705290391 0.0032085950396007223 -0.04186390135400433 -0.028243528679013252 -0.003021017225219536 0.9999851165001239 0.004543152337153087 -0.00861560832709074 0.04187785540868685 -0.004412674484425781 0.9991129933747551 0.44019806385040283
0.9994922125611583 0.0022422742611586236 -0.031785047360955 -0.022807540372014046 -0.0021419420639841457 0.9999926170622714 0.00319028292538019 -0.011315438896417618 0.03179196618321903 -0.0031205812098361726 0.9994896361939516 0.5214440226554871
0.9996130286031646 0.0015635889804792719 -0.027773156758079252 -0.020397866144776344 -0.0014991505200743992 0.9999961364977811 0.0023408411370912847 -0.012409167364239693 0.027776709569833503 -0.002298299156128712 0.9996115106512439 0.5604820847511292
0.999711597653623 0.0014016445118614407 -0.023974088293475276 -0.019100680947303772 -0.0013545095601665798 0.9999971180795814 0.0019822049297781915 -0.013930522836744785 0.02397679754872191 -0.0019491601254356533 0.9997106151052481 0.6292782425880432
0.9992443864879462 0.003256727179340364 -0.03873047637723066 -0.026719212532043457 -0.003091739582091267 0.9999858934940519 0.004319022951912117 -0.009786887094378471 0.03874399590497096 -0.004196014892962048 0.9992403595933931 0.46137410402297974
0.9995660218110023 0.0019474722364848712 -0.02939345833370682 -0.021310988813638687 -0.001874573478902386 0.9999950993129473 0.002507453760536548 -0.01176407840102911 0.02939819748214904 -0.002451265382848965 0.9995647739305461 0.5355831980705261
0.9993357049135937 0.002681527357241494 -0.036344989969504964 -0.025405943393707275 -0.002567188591160741 0.9999916095638053 0.003192231935155064 -0.01107771135866642 0.0363532450764504 -0.003096806907570306 0.9993342040375628 0.5154662132263184
0.999776683348286 0.0005248942459279943 -0.021126001020818127 -0.01634085364639759 -0.0004960012789757774 0.9999989346099745 0.0013728662159681346 -0.015573959797620773 0.02112669912296455 -0.0013620811085555639 0.9997758785443972 0.7019115090370178
0.9998110031351708 0.0011270750279071251 -0.01940844434066776 -0.018007639795541763 -0.0010920298708739738 0.9999977544978048 0.0018161690750111952 -0.01492798700928688 0.019410447717774292 -0.0017946312237828142 0.9998099888569658 0.730744481086731
0.9992604156368261 0.0030263069751885014 -0.03833357806687941 -0.026744484901428223 -0.002877834935741881 0.9999881453676874 0.0039277461954047 -0.00983622670173645 0.03834501020211413 -0.0038145235855632093 0.9992572789839537 0.46285733580589294
0.9986029233142886 0.00419488496500685 -0.052674514599451036 -0.034932199865579605 -0.0038790462862969954 0.9999738903850324 0.006096847392900566 -0.006174286361783743 0.052698714861618645 -0.005884002749312106 0.9985931223294001 0.39148861169815063
0.9983584270433968 0.004703112534664139 -0.057081799935885996 -0.03779759630560875 -0.004370689253060822 0.9999727642903727 0.005947079360791201 -0.0053557660430669785 0.057108215056044326 -0.005687829986616609 0.9983517918865853 0.37367039918899536
0.9994356514331436 0.002113230030748296 -0.03352481026411362 -0.02413201704621315 -0.0019948963115168734 0.9999916634169111 0.0035627917964974505 -0.010959291830658913 0.033532059780364984 -0.003493902619712906 0.9994315352295873 0.5573916435241699
0.9998138085271192 0.0008230820420825475 -0.019278765895385196 -0.018822383135557175 -0.0007894483513893695 0.9999981533809797 0.0017521432392940742 -0.015291333198547363 0.01928017245248483 -0.0017365974152107183 0.9998126120326848 0.7525303363800049
0.9997318905119537 0.0010780474871274442 -0.023129740746721267 -0.017637886106967926 -0.0010489331656634163 0.9999986423577377 0.0012708351173113055 -0.013491898775100708 0.023131079365412487 -0.0012462328421761796 0.9997316640334516 0.5863479971885681
0.9997976071346523 0.0010811720091168258 -0.02008919697026846 -0.018171731382608414 -0.0010482302599819117 0.9999980889718754 0.0016502320804421939 -0.014248076826334 0.02009094276398197 -0.001628839981079972 0.9997968298105222 0.6789171695709229
0.9991615604933669 0.003092439572254156 -0.04082416992361215 -0.028036687523126602 -0.0029541837311959354 0.9999896971327268 0.0034465093761151004 -0.00985468178987503 0.04083440743958873 -0.0033230175878662706 0.9991604018990987 0.47621649503707886
0.9996992596567562 0.0010167324674515265 -0.024502173308154598 -0.01852676458656788 -0.000968761783888905 0.9999975910773202 0.0019696040623493707 -0.014229321852326393 0.02450411684471183 -0.001945274953824443 0.9996978364300957 0.6562173366546631
0.9998996666209835 0.0001349799245022308 -0.014164691019085495 -0.014572535641491413 -0.00012477417607133345 0.9999997320156924 0.0007213875162774047 -0.0177908968180418 0.01416478459600306 -0.0007195477493791048 0.9998994155055725 0.9727317690849304
0.9998657462385352 0.0006381762558185488 -0.016373216847144174 -0.016799861565232277 -0.0006198199994098805 0.9999991737875386 0.0011261649117571743 -0.016189755871891975 0.016373922011095204 -0.0011158652726252064 0.9998653156914025 0.8471087217330933
0.9996583105903469 0.001669678403661758 -0.026085901205097812 -0.019727349281311035 -0.0016141957839362593 0.9999963905872171 0.002147832514233929 -0.013061955571174622 0.026089393239876243 -0.0021049908708646596 0.9996573975987018 0.5724126100540161
0.998918997039963 0.0035912007787872197 -0.04634588039557309 -0.0309152752161026 -0.003427246728489761 0.9999875870287159 0.0036165962379603694 -0.008167954161763191 0.04635829302871692 -0.0034538479197571705 0.998918905418258 0.4210212230682373
0.9991146428668866 0.003093932535366821 -0.04195662034102047 -0.02870304509997368 -0.002887056837627985 0.9999833802629849 0.00499040084870576 -0.007988929748535156 0.04197136299657469 -0.0048648514140779585 0.9991069702033556 0.45338863134384155
0.9993145859092498 0.002728174161956639 -0.03691768485111906 -0.025344308465719223 -0.0025902032020795676 0.9999894838762474 0.0037845718764875787 -0.00965841580182314 0.03692762159138401 -0.0036863535720812446 0.9993111435188468 0.4709944427013397
0.9998005136391562 0.0005226194035121241 -0.019966466784045078 -0.01592612825334072 -0.0005027152852594273 0.9999993717531427 0.0010018835569586533 -0.015014090575277805 0.019966977843961998 -0.0009916462468089221 0.9998001482463882 0.6911720633506775
0.9994519216427159 0.0022040870560691437 -0.033030263773268474 -0.023179400712251663 -0.0021453664630553607 0.9999960549972868 0.0018131168198443983 -0.011914949864149094 0.03303412973610203 -0.0017412610695911712 0.9994527073766251 0.551118016242981
0.9985984188631295 0.0038091651681231545 -0.05278909077432446 -0.034255001693964005 -0.0035547613478760748 0.999981616299895 0.004912304348199987 -0.0058307284489274025 0.05280683209412923 -0.0047177667356128935 0.9985936016023791 0.3974694013595581
0.9988978667946452 0.003307779470357145 -0.04681997765999885 -0.03083782270550728 -0.0030882214858943737 0.9999838979125085 0.004760966683328332 -0.007073001004755497 0.046834971988476394 -0.004611129002878344 0.9988919976094299 0.42350295186042786
0.9987348298154423 0.0037544426641874257 -0.05014622492073375 -0.032875627279281616 -0.0035312582947604086 0.9999834658625123 0.004538525801774168 -0.006711428053677082 0.05016243543105912 -0.004355704521545656 0.9987315745032526 0.4061877727508545
0.9989044646270174 0.003498882211625855 -0.04666506585745931 -0.030877992510795593 -0.003249043165275729 0.9999799865207182 0.005428653289233201 -0.00705068651586771 0.04668312614555737 -0.005271089194245868 0.9988958410925458 0.41918298602104187
0.9992551185502182 0.003012918808746869 -0.03847246250815878 -0.025967471301555634 -0.0028447832181502392 0.9999861663828292 0.004424279762258961 -0.009443145245313644 0.03848526029055169 -0.004311538382631284 0.9992498663383168 0.4523957669734955
0.9990543733731688 0.0031932845357174767 -0.043360834607039385 -0.028961192816495895 -0.003010828133755785 0.9999863401630715 0.00427251696482991 -0.008323026821017265 0.043373885667461955 -0.004137924738286373 0.9990503408842651 0.4391201138496399
0.998924201932852 0.003526900135449594 -0.046238509580753186 -0.030740953981876373 -0.0033024608974584137 0.9999823970342298 0.0049294394911469 -0.0074729169718921185 0.04625508128666079 -0.004771435539823007 0.9989182653541049 0.4190041422843933
0.9990877582260109 0.0033180935002931886 -0.04257512910664545 -0.028595948591828346 -0.0031085963060594655 0.999982738522293 0.004985908789938585 -0.008358558639883995 0.042590937908552444 -0.00484901154658818 0.9990808271081429 0.43498724699020386
0.9995646295529255 0.0017552438924782101 -0.02945285156994037 -0.021154098212718964 -0.0016662714399248702 0.9999939753885917 0.003045115106078346 -0.011944357305765152 0.029458019047646628 -0.0029947129075578813 0.999561532277223 0.5545074939727783
0.9997523599043442 0.00105484259471664 -0.022228499112525075 -0.018900662660598755 -0.001015062455300747 0.9999978633673614 0.0018008078532728462 -0.013285326771438122 0.022230351187216887 -0.0017777985861569933 0.9997512945319353 0.6435409188270569
0.9998608790560238 0.0002702435601351524 -0.01667781465702208 -0.01578148454427719 -0.0002490761443853734 0.9999991609290357 0.001271260122539878 -0.01566663198173046 0.016678144213013425 -0.0012669292178600457 0.9998601074130157 0.8552566766738892
0.9998904998041055 0.00013541517946268717 -0.01479763711628638 -0.014619511552155018 -0.00011830518385124834 0.9999993235214293 0.0011571346365787875 -0.016149599105119705 0.014797783799596448 -0.0011552572929297994 0.999889839419927 0.9049996137619019
0.9998973875517755 9.825096440831496e-05 -0.014324968198308285 -0.014354554004967213 -8.298681614903448e-05 0.9999994282153403 0.0010661529819706857 -0.01666204445064068 0.014325064758069902 -0.0010648547979008102 0.9998968239793227 0.9429366588592529
0.9999081004159611 7.981173609349337e-05 -0.013556708768392132 -0.014023857191205025 -6.650114799782453e-05 0.9999995153388604 0.0009822930527879417 -0.016899824142456055 0.013556780596496107 -0.000981301243768816 0.9999076211069338 0.9656473994255066
0.9999294108588141 -0.0001222936147843991 -0.011881007693642271 -0.012744085863232613 0.0001335988460528208 0.9999995391136718 0.0009507490690469877 -0.017273899167776108 0.011880885947307854 -0.0009522692454045359 0.9999289663433054 1.012197494506836
0.9999002609330857 0.00021321115893227635 -0.014121711190539878 -0.015079058706760406 -0.0002011611051392121 0.9999996144983563 0.0008547147762676059 -0.017050303518772125 0.014121887981325004 -0.0008517887887837972 0.9998999183596838 0.9652683734893799
0.9999140442195333 8.92351628220084e-05 -0.013110919480432814 -0.013461668975651264 -7.693608945937639e-05 0.999999556574106 0.0009385800067974687 -0.017157969996333122 0.013110997421051353 -0.0009374906275464129 0.9999136076971591 0.9679522514343262
0.999918212444336 3.065858686669334e-05 -0.012789350342178405 -0.013770845718681812 -1.9744557142440218e-05 0.9999996355790306 0.0008534939710493746 -0.017822759225964546 0.012789371848390005 -0.0008531716458050625 0.9999178486585119 1.0306134223937988
0.999920809215702 0.0001368734268828115 -0.0125839804148169 -0.013581452891230583 -0.0001271166210823849 0.9999996907301908 0.0007761320037520792 -0.01791517063975334 0.012584082754818744 -0.0007744709081798849 0.9999205173692717 1.024282455444336
0.9999459083821649 -0.00016816089618449412 -0.010399616900642988 -0.012031501159071922 0.00017565274934200413 0.9999997257416399 0.0007194878433637218 -0.018470218405127525 0.010399493058740578 -0.0007212756464029631 0.9999456636765636 1.0910742282867432
0.9999493607554433 -0.00030699421739171525 -0.010058910444537158 -0.01210603304207325 0.00031381018435795905 0.9999997222508529 0.000676033568491389 -0.018833987414836884 0.010058700112287069 -0.0006791559232032259 0.9999491793582729 1.1230953931808472
0.9999475983801325 -0.00011833761391019513 -0.010236527243886443 -0.01231024693697691 0.00012394157686634955 0.9999998428158993 0.0005468150168693293 -0.019341997802257538 0.010236460926082764 -0.0005480550942049199 0.9999474558712187 1.1371365785598755
0.9999547479359451 -0.00015026926928468604 -0.009512071252216304 -0.011742407456040382 0.00015513494148351877 0.9999998575132154 0.0005107902690254256 -0.019191376864910126 0.009511993140791371 -0.0005122428093285526 0.9999546287676225 1.1332330703735352
0.9999626902683606 -0.0003648116099589125 -0.00863046833909612 -0.011020109988749027 0.00036983774188693787 0.9999997629561828 0.0005807819066731003 -0.019296927377581596 0.00863025441731455 -0.0005839521107779791 0.9999625881544894 1.168675184249878
0.9999591530418985 -0.00035170880471815496 -0.009031530802996169 -0.011632943525910378 0.0003571363249234585 0.9999997566185802 0.0005993466656167897 -0.019177313894033432 0.009031317809390003 -0.000602547671848066 0.9999590352784102 1.1630825996398926
0.9999539980740073 -0.00027721064063453014 -0.009587746871352746 -0.011673754081130028 0.0002835990018034245 0.9999997387054622 0.0006649515874555515 -0.018628057092428207 0.009587560034471308 -0.0006676400738440963 0.9999538154081504 1.1189088821411133
0.9997727804966015 0.0011441779911060147 -0.021285634470672995 -0.02206220105290413 -0.0010999663771568075 0.9999972137919749 0.002088655609797921 -0.014337433502078056 0.021287964958247144 -0.0020647675442733017 0.9997712534789769 0.8049871921539307
0.9998921508524479 -0.000297195192449116 -0.014683267302708398 -0.009029724635183811 0.0003161913502896666 0.9999991161235229 0.0012914237114855548 -0.013952150009572506 0.014682870519595355 -0.0012959271546542504 0.9998913610418455 0.7459114789962769
0.9999176181874743 0.00012369015607240134 -0.012835168056292713 -0.0136251300573349 -0.00011288297116678352 0.9999996385410144 0.0008427189775021676 -0.017210491001605988 0.01283526765294774 -0.000841200680879732 0.9999172707207789 0.9769093990325928
0.9999288335147514 -0.00012717712229541774 -0.011929448093201104 -0.012670394964516163 0.00013749504899623915 0.9999996172163917 0.0008640961645692481 -0.017885804176330566 0.01192933363354032 -0.0008656749099323716 0.999928468244609 1.0399513244628906
0.999943893946296 -0.00012821451750054505 -0.010592097080206907 -0.01251053437590599 0.00013588467016425473 0.9999997290974418 0.000723422697764679 -0.01846281811594963 0.010592001457488566 -0.0007248214129900391 0.9999436404813244 1.0919795036315918
0.9999419912664269 -5.616798540973066e-05 -0.010770837817482132 -0.012521972879767418 6.267674518912274e-05 0.9999998156531256 0.0006039580620751021 -0.018701210618019104 0.010770801908804226 -0.0006045981082901497 0.9999418104506727 1.0881679058074951
0.9999160776319937 0.0001439701827987585 -0.012954418768720031 -0.013850681483745575 -0.00013365240395979975 0.9999996732008075 0.0007973301157123115 -0.017604323104023933 0.012954529326988946 -0.0007955318126705767 0.9999157701021879 0.996079683303833
0.9999087631019009 2.4604238981545043e-05 -0.01350795568018599 -0.01365036703646183 -1.07632555846292e-05 0.9999994749103196 0.0010247259327213207 -0.017758147791028023 0.013507973799899601 -0.0010244870503264057 0.9999082383249498 1.0115501880645752
0.9999409849498865 3.4248586645013673e-06 -0.010864005049757791 -0.01278611272573471 2.777189870028259e-06 0.9999998370525045 0.0005708653532516905 -0.018788423389196396 0.010864005234628528 -0.0005708618350090324 0.9999408220024959 1.0923752784729004
0.9999270795897189 0.00013599772669169367 -0.012075471328047604 -0.013672229833900928 -0.00012850825549096 0.9999997989250179 0.0006209956138350187 -0.01851189136505127 0.012075553353964187 -0.0006193985328254764 0.9999268960062297 1.06093430519104
0.9999151382724353 0.0002333738886986758 -0.013025428601207251 -0.014228682965040207 -0.00022407869420702442 0.9999997192289537 0.000715073949371466 -0.01785595901310444 0.013025591823632303 -0.0007120945459283403 0.9999149098193317 1.0094845294952393
0.9999123716888592 9.68859032344757e-05 -0.01323780785032412 -0.013835985213518143 -8.497812054809716e-05 0.999999591310236 0.0009000878177120115 -0.017199184745550156 0.013237889645988763 -0.0008988840205053697 0.9999119712680902 0.9789429903030396
0.9999252689228711 -7.954532428037004e-06 -0.012225240539526259 -0.0133810481056571 1.820072275706525e-05 0.9999996487067261 0.0008380066576737334 -0.01777566596865654 0.012225229578930352 -0.0008381665407472626 0.999924917800628 1.0328524112701416
0.9999300990213703 8.188087263518175e-06 -0.011823578310629336 -0.013255798257887363 7.225147194777943e-07 0.9999997160240629 0.0007536254185655211 -0.017977632582187653 0.011823581123768297 -0.0007535812821206094 0.9999298150593674 1.0418729782104492
0.9999306001186039 -3.748001250821495e-05 -0.011781067086512881 -0.013304140418767929 4.637832521386336e-05 0.9999997138864053 0.0007550338788159144 -0.018001152202486992 0.011781035417110208 -0.0007555278657149793 0.9999303157631259 1.0472737550735474
0.9999322831727501 5.990256516826524e-06 -0.011637398035985111 -0.013367746025323868 1.962648308294588e-06 0.9999997664936143 0.0006833804685076507 -0.018364116549491882 0.011637399412202664 -0.000683357032270087 0.9999320496704199 1.065995454788208
0.9999109769716105 0.0002818899961592851 -0.013340115056080296 -0.014997167512774467 -0.00027315486740982236 0.9999997471188463 0.0006566191147143805 -0.017721345648169518 0.013340296776976335 -0.0006529167431329148 0.9999108011125936 1.0036768913269043
0.9998924021516946 0.00014798245421632203 -0.014668408928953639 -0.014983137138187885 -0.00013485635275894365 0.9999995896419295 0.0008958402406571401 -0.01767587848007679 0.01466853547829105 -0.0008937657220458847 0.9998920117941518 0.9626150727272034
0.9999355137602526 0.000240396699406542 -0.011353877330969025 -0.012966957874596119 -0.00023362185499995348 0.9999997938956675 0.0005980212800272985 -0.01849249191582203 0.01135401875322761 -0.0005953302020001577 0.9999353638311338 1.0414013862609863
0.9999095908676459 0.0002945086503908831 -0.013443338705531828 -0.014513087458908558 -0.00028548054387901974 0.9999997324618358 0.0006734813401755762 -0.017651908099651337 0.01344353345500623 -0.0006695826396667492 0.9999094074301594 0.9930529594421387
0.9998939145109378 0.00011169309035330732 -0.014565275440133234 -0.014766177162528038 -9.705962365434647e-05 0.9999994898903 0.001005384786649914 -0.01743868924677372 0.014565380304778764 -0.0010038644297604854 0.9998934152962423 0.9744811058044434
0.9999165861622827 0.0003096471132600677 -0.012912197188370896 -0.014307350851595402 -0.00030167368251407425 0.9999997626344147 0.0006194546822151784 -0.018963390961289406 0.012912385935813796 -0.0006155077410476791 0.999916442228882 1.0526940822601318
0.9999371650262724 0.00010115714351259555 -0.011209628292408824 -0.01277124136686325 -9.490096174797683e-05 0.9999998394584695 0.0005586383830742133 -0.01809782162308693 0.011209683003061027 -0.0005575394765403025 0.9999370140947396 1.029691219329834
0.9999535240714789 -0.0002626154686934495 -0.009637464923203224 -0.012007388286292553 0.0002687755295876623 0.9999997604286832 0.0006378889330371538 -0.018663037568330765 0.009637295094841937 -0.000640449601295314 0.999953355095908 1.1168951988220215
0.9999324254651646 -0.00010344486445945678 -0.011624706555983372 -0.013522839173674583 0.00011167541551215396 0.9999997435743069 0.0007073753754351743 -0.018254395574331284 0.011624630400760106 -0.0007086257688080716 0.9999321806090478 1.0716588497161865
0.9999390131410618 -0.00019896626458788022 -0.011042210417513246 -0.012493660673499107 0.0002084243692657025 0.9999996124277861 0.0008553967264588164 -0.017904633656144142 0.011042035942767904 -0.0008576460242408931 0.999938667061903 1.0592281818389893
0.9999411625211065 -0.00027521180919968467 -0.010844157615863628 -0.012300582602620125 0.00028493549857363365 0.9999995587674227 0.000895140615236109 -0.017842838540673256 0.01084390647779981 -0.0008981778328759407 0.9999407997321046 1.0708081722259521
0.999944935912872 -0.000330835124780872 -0.01048883646179726 -0.012171116657555103 0.00033974181529495114 0.9999995832539129 0.0008473886353149785 -0.018003135919570923 0.010488551744690806 -0.0008509054709731952 0.9999446315882586 1.0888952016830444
0.9999359271489244 -0.00019804013977409304 -0.011318232058213454 -0.012802254408597946 0.00020758387217626557 0.9999996239311081 0.0008420490355174069 -0.018137145787477493 0.011318061042269777 -0.0008443445654717896 0.9999355922140675 1.07600998878479
0.9999382344814248 -0.00016447183570140553 -0.011113063087494775 -0.012694276869297028 0.0001733933046051412 0.9999996634996915 0.0008018324426871875 -0.017962677404284477 0.01111292746909184 -0.0008037098478235807 0.9999379265202154 1.0654921531677246
0.9999313782199228 -0.00016831175170702354 -0.011713689528067707 -0.012837943620979786 0.0001789712972997067 0.9999995708756512 0.0009089652295152631 -0.01747121848165989 0.011713531511908293 -0.0009109992689141896 0.9999309792479938 1.0341689586639404
0.9999400950730233 -0.00028656834902263595 -0.010941852856553918 -0.01224479079246521 0.0002967219359813186 0.9999995269189879 0.0009263465297606083 -0.017735913395881653 0.010941582218575439 -0.0009295377248022073 0.9999397070514663 1.062044382095337
0.9999448817458703 -0.00033583634511016294 -0.010493840297365211 -0.012062285095453262 0.00034520668784510284 0.999999543351831 0.0008911388623278404 -0.017932185903191566 0.010493536228553745 -0.0008947122881613907 0.9999445410558234 1.0818265676498413
0.9999148584422977 3.9644008893122284e-05 -0.013048919291361314 -0.014347358606755733 -2.915905691148843e-05 0.9999996766076464 0.000803700411844374 -0.01768646389245987 0.013048946933346869 -0.0008032514893591333 0.99991453623346 1.0179309844970703
0.9998912591327886 0.0002383494950055482 -0.014744934701965896 -0.014918689616024494 -0.0002252298633129387 0.999999577315238 0.0008914263034895625 -0.01724768616259098 0.01474514094051595 -0.000888008369392784 0.9998908901774137 0.9356143474578857
0.999910094070539 0.00036067465569439565 -0.013404241479418606 -0.014364113099873066 -0.00035155682974087415 0.9999997052532786 0.0006825695212544242 -0.018058352172374725 0.013404483714089442 -0.0006777958015676086 0.9999099261479556 0.9915347099304199
0.9999445237424431 -0.00011814197203954488 -0.01053259132277819 -0.012259620241820812 0.00012520141814968878 0.9999997679862562 0.0006695909485572958 -0.01842471770942211 0.010532509772277123 -0.0006708724975277789 0.9999443065331132 1.0795596837997437
