0.999941599866809 0.00031174316738537733 -0.010802762239536468 -0.013060909695923328 -0.0003091507741686003 0.9999999230169629 0.0002416440912376087 -0.019620923325419426 0.010802836738801405 -0.00023829029688098358 0.9999416192639093 1.0897433757781982
0.9999200642750546 0.00018636891310568372 -0.012642401939448421 -0.013975569978356361 -0.00018040054630761505 0.9999998717545162 0.0004732299585317516 -0.01961023546755314 0.01264248851347049 -0.0004709114343354337 0.9999199696608762 1.0884578227996826
0.999934081866551 0.0002658967028030786 -0.011478729051659508 -0.01336713507771492 -0.0002628688008237751 0.9999999302601581 0.00026529167494911013 -0.01992986910045147 0.011478798791316408 -0.00026225678767628714 0.9999340820272534 1.1089143753051758
0.9999425146210359 0.0001928037570003444 -0.010720554093461674 -0.012785881757736206 -0.0001883261755111634 0.9999998946238363 0.0004186711931770643 -0.019984127953648567 0.010720633685149803 -0.0004166281647530809 0.9999424455609239 1.1185781955718994
0.9999420612067265 0.00012896753858476274 -0.01076371669160847 -0.01301436498761177 -0.00012594996593895657 0.9999999525810263 0.00028102411146657425 -0.019867004826664925 0.010763752424192011 -0.00027965213951799045 0.9999420300339573 1.1144695281982422
0.9999519445037901 7.017815890344211e-05 -0.009803252425360079 -0.012272227555513382 -6.672589646803415e-05 0.999999935652245 0.0003524814332768649 -0.020213201642036438 0.009803276531040829 -0.0003518103638002994 0.9999518848418278 1.1469804048538208
0.9999458588787355 0.00012302486674243223 -0.010405007263357132 -0.013031982816755772 -0.00012068356090519741 0.9999999672599515 0.00022564479709385554 -0.020253701135516167 0.010405034682617782 -0.00022437686710374697 0.9999458409875385 1.135659098625183
0.9999464206731554 0.00012826786103682444 -0.010350813026075642 -0.012733342126011848 -0.0001250547203904945 0.9999999437981928 0.0003110706161023534 -0.020340941846370697 0.010350852344703801 -0.0003097595311193513 0.999946380514861 1.142915964126587
0.999946797999262 9.567533249594873e-06 -0.010315089892262597 -0.012786162085831165 -7.63375706686905e-06 0.9999999823908693 0.0001875099650706705 -0.021109292283654213 0.010315091504630655 -0.00018742124627501 0.9999467804641043 1.1947782039642334
0.9999480452785657 0.0003277761939899599 -0.010188194459404012 -0.012707267887890339 -0.0003272725863920977 0.99999994514084 5.109766744921961e-05 -0.01997428387403488 0.01018821064908718 -4.776069593274653e-05 0.9999480976944184 1.110013484954834
0.9999283258552523 0.00023477937570603603 -0.011970297864191686 -0.013445770367980003 -0.00022948284363669057 0.999999875169839 0.0004438444898053412 -0.01963217929005623 0.011970400575469704 -0.0004410656996380804 0.999928254911877 1.0880300998687744
0.999935834439201 0.00022773079025369144 -0.011325861691988612 -0.013223974034190178 -0.0002249666849989835 0.9999999446025835 0.00024532594764775813 -0.019898025318980217 0.011325916932837063 -0.0002427622646111451 0.99993583027718 1.112964391708374
0.9999464235147476 0.0002654422381254722 -0.010347929284796654 -0.01274950709193945 -0.0002625727275139834 0.9999999267019488 0.0002786604739549193 -0.019923096522688866 0.010348002494573488 -0.00027592846028971513 0.999946419918516 1.112013339996338
0.9999318238064011 0.00029463233438957557 -0.011673085752781157 -0.013710496947169304 -0.00029082867373050403 0.999999904066498 0.0003275449240157692 -0.01938902772963047 0.011673181138266743 -0.0003241277252017934 0.9999318135669706 1.065629482269287
0.9999215293180475 0.00024231161785034737 -0.012525034584261541 -0.013835529796779156 -0.00023772289733313076 0.9999999040865798 0.00036785140377491973 -0.019862573593854904 0.012525122517611413 -0.00036484505071384006 0.9999214910151736 1.0969064235687256
0.9999442185831585 0.00034453047516121507 -0.010556562928716418 -0.01285821944475174 -0.00034205209438647284 0.9999999135160386 0.00023657616079252259 -0.019549723714590073 0.010556643523440129 -0.00023295206977979265 0.999944249951392 1.0818593502044678
0.9999317365533633 0.00024384329786045247 -0.01168172820352733 -0.013408858329057693 -0.0002385394714089179 0.9999998678463443 0.00045541872405678677 -0.01933172531425953 0.011681837710547826 -0.0004526010823342077 0.9999316625749805 1.0727131366729736
0.9999331328759351 0.0002414607301405383 -0.01156163801688055 -0.013440214097499847 -0.00023683063372877784 0.9999998912187016 0.00040183807190065666 -0.01963706500828266 0.011561733787304794 -0.0003990730520859683 0.9999330812872083 1.0882179737091064
0.9999302654128196 0.00012549563184884664 -0.011808834078541967 -0.013395928777754307 -0.00012152162994065542 0.9999999357492108 0.00033724481851530593 -0.020082326605916023 0.011808875642566647 -0.0003357862721221849 0.9999302164169447 1.1171855926513672
0.9999520085529334 0.0002868929583702938 -0.009792766891151692 -0.01256139762699604 -0.0002862757658608989 0.9999999569476704 6.442703612382794e-05 -0.020111165940761566 0.009792784953213257 -6.162051233547245e-05 0.9999520476331715 1.1297820806503296
0.9999336196901839 0.0003431104070697434 -0.011516878419747389 -0.013722855597734451 -0.0003385610433401395 0.9999998638978302 0.000396964407529272 -0.019140781834721565 0.011517013054894708 -0.0003930388905351031 0.999933599760866 1.0584986209869385
0.9999213028729019 0.00018612501978001908 -0.012544059089273456 -0.01400475949048996 -0.00017980554050809374 0.9999998563686502 0.000504908552561567 -0.019191544502973557 0.01254415126366765 -0.000502613326384321 0.9999211927191654 1.064549446105957
0.9999491689673022 0.00021690419790062923 -0.010080299309570523 -0.012577565386891365 -0.0002139623809866231 0.9999999342102253 0.00029291576391074774 -0.02007666788995266 0.010080362181048724 -0.00029074406985864123 0.9999491495902103 1.125199556350708
0.9999323085736854 3.9603544664660535e-05 -0.011635149421443707 -0.013548151589930058 -3.660237126247161e-05 0.999999966008625 0.00025815308544224416 -0.020202644169330597 0.011635159249726228 -0.00025770973663286507 0.9999322760341949 1.1325325965881348
0.9999504087200592 0.00014936675006443497 -0.009957800468015275 -0.012364303693175316 -0.000145707498579621 0.9999999215989115 0.00036820034780035184 -0.020071668550372124 0.0099578546842022 -0.00036673116207628026 0.9999503520867141 1.133147954940796
0.9999588826921904 -0.0001127416519001372 -0.00906753628644513 -0.011882481165230274 0.00011545546829204426 0.9999999487043422 0.00029876637616393394 -0.019818544387817383 0.009067502137905114 -0.00029980098834308865 0.999958844415282 1.1505331993103027
0.9999574845365166 -0.00012341104660645554 -0.009220297669601583 -0.0121163884177804 0.0001263220201443597 0.9999999423673118 0.0003151319095433811 -0.02083936147391796 0.009220258247452267 -0.0003162832381921448 0.9999574424958113 1.20683753490448
0.9999613307860146 8.276191022850316e-05 -0.008793752505556108 -0.011997864581644535 -8.214623357388144e-05 0.999999994149739 7.037413212801854e-05 -0.02063896879553795 0.008793758278407964 -6.964903716833194e-05 0.9999613317345589 1.1723742485046387
0.9999393259156518 0.000229344603330953 -0.011013259663003 -0.013256480917334557 -0.00022597095397264652 0.9999999271690496 0.00030756954246904657 -0.0192243792116642 0.011013329400311547 -0.00030506220417628665 0.9999393049143391 1.0856249332427979
0.999925736273557 -6.487777985186557e-06 -0.012186955965019567 -0.01350433100014925 1.2686248401637303e-05 0.9999998706141174 0.0005085379109915236 -0.020139897242188454 0.012186951088918454 -0.0005086547518218479 0.9999256069795889 1.127244472503662
0.9999409273668872 0.0002579578948199435 -0.010866242882172339 -0.012993303127586842 -0.0002572631901352985 0.9999999647738136 6.53301071505699e-05 -0.02018991857767105 0.010866259351812948 -6.253076362046634e-05 0.9999409585058525 1.120896339416504
0.9999222133921988 0.0003151898300073528 -0.012468673554823501 -0.014118537306785583 -0.000310403014091469 0.9999998773884311 0.000385840758949103 -0.019283253699541092 0.012468793639103101 -0.0003819404318521731 0.9999221886260409 1.068962574005127
0.999929742058511 0.0003145612809831567 -0.01184955686937178 -0.013530045747756958 -0.00030837580557379517 0.9999998152563345 0.0005238240732449597 -0.01925337314605713 0.011849719455012696 -0.000520133153798586 0.9999296543309135 1.0810251235961914
0.9999377092344276 0.00016457875435318975 -0.011160222436787956 -0.01326516643166542 -0.00016031222787471158 0.9999999137322696 0.00038319113048774876 -0.01921180635690689 0.011160284539139831 -0.00038137814109645134 0.9999376493560579 1.089707612991333
0.9999302015001652 0.00022056120827378624 -0.0118128523478629 -0.013746678829193115 -0.00021523802427538883 0.9999998747313319 0.0004518959098948035 -0.019189022481441498 0.011812950538790522 -0.00044932179323780045 0.9999301237133994 1.0869898796081543
0.9999259466576678 0.0003207625534652946 -0.012165455690230167 -0.014024998992681503 -0.0003159260358003811 0.9999998703027271 0.0003994812496558326 -0.018896665424108505 0.012165582251029441 -0.00039560828254417695 0.9999259183072414 1.0533511638641357
0.9999099674658597 0.0005099373194467775 -0.013408837621263851 -0.014981914311647415 -0.0005031799591730875 0.99999974471961 0.000507317103516681 -0.01807895116508007 0.01340909289817443 -0.0005005243701054126 0.9999099687986929 0.9916860461235046
0.999892233307458 0.00017739216722046912 -0.014679587986146419 -0.01508418656885624 -0.00016476555328852953 0.9999996154618919 0.0008613526461741803 -0.01898828335106373 0.01467973513849807 -0.0008588411306118047 0.9998918780389088 1.043266773223877
0.9999347774723314 0.0004240694433392448 -0.011413192650011443 -0.013416598550975323 -0.00042156163272702435 0.9999998864711384 0.00022213396909157336 -0.01903574727475643 0.011413285554513292 -0.00021730811682446125 0.9999348427222813 1.0628966093063354
0.9998899114440806 0.0004846050769373939 -0.014830042153275746 -0.015676338225603104 -0.0004758816460943674 0.9999997116841447 0.0005917501889883636 -0.018001139163970947 0.014830324642685322 -0.0005846276991930432 0.9998898537746274 0.9726240634918213
0.999911154279839 0.0003997312089711868 -0.013323804326125087 -0.014125008136034012 -0.00039133191349811404 0.9999997230858503 0.0006329988598665022 -0.01837477833032608 0.01332405366597467 -0.0006277285907849193 0.9999110338178706 1.0131434202194214
0.9999131813809755 0.0003382936837050824 -0.013172519043811485 -0.014382610097527504 -0.00033160638366913707 0.9999998150443686 0.0005098513847333226 -0.018698882311582565 0.013172689086982993 -0.0005054390287362613 0.999913108621747 1.0325500965118408
0.9999014830556262 0.0005948652734574476 -0.014023919511528182 -0.014954779297113419 -0.0005858783837691599 0.9999996204087591 0.0006449254663326683 -0.017460772767663002 0.014024297831935062 -0.0006366456189488534 0.9999014520204864 0.9577711224555969
0.9998704854540473 0.0005043572396251036 -0.016085954794857454 -0.01637854613363743 -0.0004916360785332356 0.9999995633181706 0.0007947687926984794 -0.017489593476057053 0.01608634861780772 -0.0007867574228443492 0.9998702967889903 0.9456448554992676
0.9998507995574791 0.0005970244401950393 -0.017263319092447865 -0.015317645855247974 -0.0005768705055651318 0.999999146350391 0.0011723987841821928 -0.016161343082785606 0.01726400430635008 -0.001162265162152189 0.9998502904410256 0.7968299388885498
0.9998851491244279 0.00027115621603591023 -0.015153053643639818 -0.01548491045832634 -0.00025530858208277823 0.9999994185056518 0.0010477623233507228 -0.018031444400548935 0.015153328939491669 -0.0010437732822905126 0.9998846369253739 0.9849420785903931
0.999916312346037 0.0004398805078493681 -0.012929609794631158 -0.014452384784817696 -0.0004351160886004208 0.999999836405222 0.00037129976911161414 -0.018439263105392456 0.012929771006945517 -0.0003656428146640506 0.999916340164036 1.0058091878890991
0.9998979488907014 0.0004624126598979673 -0.014278584618240296 -0.01530788466334343 -0.0004544683603119127 0.9999997401428541 0.0005596183822676597 -0.017810124903917313 0.014278839682472722 -0.0005530721076519388 0.9998978992119975 0.9629426002502441
0.9999013418263375 0.000383236055918386 -0.014041358339393484 -0.014756426215171814 -0.00037337302215755317 0.9999996817540949 0.0007050420521078957 -0.01767989620566368 0.014041624068323997 -0.000699729829548303 0.9999011667018344 0.9653792977333069
0.9999036113444194 0.000382204163830617 -0.013878830655551913 -0.014957659877836704 -0.0003731108961353158 0.9999997140613347 0.000657773143327588 -0.01785237342119217 0.013879078090691836 -0.0006525313985154223 0.9999034680378535 0.9864753484725952
0.9998758333704169 0.0004639256640858746 -0.015751273433996623 -0.016046524047851562 -0.00045082025801959456 0.9999995492980791 0.0008355625252287127 -0.017410190775990486 0.015751653973766832 -0.0008283577830924976 0.9998755918715457 0.9340215921401978
0.9999038078300254 0.00040880969977392993 -0.013863908599123875 -0.014655133709311485 -0.000401040166352793 0.999999760991959 0.0005631898522955723 -0.01836954988539219 0.013864135523012673 -0.0005575756936306797 0.9999037327940852 1.001131296157837
0.9998970720501352 0.0004911992137815939 -0.014338899152269253 -0.01513559091836214 -0.00048107152789060863 0.9999996324131191 0.0007097491188569921 -0.01717032492160797 0.014339242509687202 -0.0007027780297118183 0.9998969408030456 0.9329761266708374
0.9998749845793238 0.000297149870130357 -0.01580907696393603 -0.015601805411279202 -0.00028188039574020935 0.9999994916753203 0.000968087053577007 -0.018220946192741394 0.01580935659473429 -0.0009635097588958713 0.9998745600789156 0.9871596097946167
0.9999343941271432 0.0004365132390672314 -0.011446261301179497 -0.013415169902145863 -0.0004331987599503111 0.9999998635238446 0.0002920464453921061 -0.01859447732567787 0.0114463872211776 -0.00028706877922840323 0.9999344467569355 1.0339992046356201
0.9999233581633913 7.804272080336081e-05 -0.012380295173379699 -0.013305158354341984 -6.786078491331279e-05 0.9999996591573757 0.0008228487384417296 -0.01766981929540634 0.01238035517100176 -0.0008219455372552402 0.9999230226429301 1.0080301761627197
0.9999307779720623 -3.208929250508572e-05 -0.011765977837119374 -0.013344846665859222 4.1186142214399804e-05 0.9999997004590789 0.0007729071445633254 -0.01787749119102955 0.011765949510684093 -0.0007733382375998621 0.9999304797735102 1.0452821254730225
0.9999313080897535 4.1995848490973405e-05 -0.011720807918533317 -0.013439882546663284 -3.3640393670630914e-05 0.9999997451998119 0.0007130698669227001 -0.01822090893983841 0.011720834878043351 -0.0007126265921988846 0.999931054719825 1.0549213886260986
0.999957164175198 -0.0002607299216245522 -0.0092521259505275 -0.011358071118593216 0.00026779391984296287 0.9999996736158653 0.0007622693617443749 -0.018991995602846146 0.00925192418434943 -0.0007647143723827158 0.9999569076269317 1.1400907039642334
0.9999479427092822 -0.00024274435230711784 -0.010200634620138585 -0.01310452539473772 0.0002478543858066839 0.9999998444383793 0.0004996913254191268 -0.01930992677807808 0.01020051173606419 -0.000502193584871143 0.9999478473210119 1.1545805931091309
0.9999403070373798 -3.726569012606511e-05 -0.010926160041803724 -0.012818066403269768 4.4559914749072874e-05 0.9999997763291621 0.0006673500129078012 -0.0194377563893795 0.010926132728681568 -0.0006677970455684236 0.9999400850404495 1.1280368566513062
0.9999671640361701 -0.00030011807357881463 -0.008098196009052174 -0.011158132925629616 0.00030368865264579015 0.9999998572254294 0.0004396843448356516 -0.019743533805012703 0.00809806289561716 -0.0004421292376112586 0.9999671124087411 1.17999267578125
0.9999425326759305 -5.367047308504404e-05 -0.010720469445223995 -0.013261385262012482 5.848796204616627e-05 0.999999897462161 0.0004490599355098387 -0.01927190274000168 0.010720444244711044 -0.0004496611476470275 0.9999424332830606 1.1307282447814941
0.9999403191203333 -2.8063500548739453e-05 -0.010925081691486633 -0.012692127376794815 3.515760103515931e-05 0.9999997886845988 0.00064914921282826 -0.018415847793221474 0.010925061165449322 -0.0006494945706955894 0.999940108804189 1.0704007148742676
0.9999276350443169 -0.00018850365550869647 -0.012028679938025387 -0.013749349862337112 0.00019458204230766272 0.9999998539821737 0.000504156186234633 -0.019492974504828453 0.012028583146339637 -0.000506460268103165 0.9999275257164834 1.130424976348877
0.9999759154393453 -0.0001542453895340501 -0.0069386417693031895 -0.010076010599732399 0.00015752824288175192 0.9999998759254577 0.0004725821848325062 -0.0198859553784132 0.0069385680147712025 -0.0004736638349441156 0.9999758156657966 1.2062172889709473
0.9999724661793166 -0.0005670608999896016 -0.007399008392431011 -0.010756393894553185 0.0005713638011456638 0.9999996688903662 0.0005794502262396685 -0.019628353416919708 0.007398677358981262 -0.0005836617973208522 0.9999724590768707 1.2267351150512695
0.9999453470014764 -0.0003060198371446779 -0.010450328318115253 -0.013063143938779831 0.0003121774958045735 0.9999997786327747 0.0005876049803905166 -0.01931191235780716 0.010450146185974665 -0.0005908352233410757 0.9999452211788558 1.1421518325805664
0.9999487116927319 3.5469837320148725e-05 -0.010127819406800504 -0.011972242034971714 -2.973919741235228e-05 0.9999998393901887 0.000565981605106268 -0.019437680020928383 0.010127837855448798 -0.0005656513836471016 0.9999485521460023 1.128180980682373
0.9999576090667462 -0.00019119592899874007 -0.009205624021928434 -0.012148112058639526 0.00019455538060737335 0.9999999148113342 0.0003640405587087943 -0.02063537761569023 0.00920555363464079 -0.000365816130375083 0.9999575610798883 1.2102205753326416
0.9999871472305506 -0.0004585610626158072 -0.0050492668237076726 -0.009234407916665077 0.00045986003837632044 0.9999998614701708 0.0002561022926685328 -0.021563973277807236 0.005049148685694138 -0.0002584209570801322 0.9999872195764098 1.3340492248535156
0.999997374970195 -0.0010637283251805432 -0.002029417347226745 -0.00833045318722725 0.0010636845113918016 0.9999994340305383 -2.2668552923568246e-05 -0.023110460489988327 0.0020294403118203373 2.050983361854626e-05 0.9999979404735628 1.479963779449463
0.9999994555345949 -0.0010289916998065926 0.00017351252213382127 -0.006909925490617752 0.0010290118655728456 0.9999994638192241 -0.00011617161811235382 -0.023323966190218925 -0.0001733928894689518 0.00011635010130502788 0.9999999781987796 1.5218405723571777
0.9999847830208899 -0.0008031329261287848 -0.005457902909242422 -0.011408671736717224 0.0008033593992315229 0.9999996765344498 3.930230877003301e-05 -0.022397544234991074 0.005457869578820609 -4.368636830985445e-05 0.9999851047646469 1.3971638679504395
0.9999779380330307 -0.0004032477774233105 -0.0066302970098044076 -0.011960010975599289 0.00040261540085722024 0.9999999142738804 -9.671127612381923e-05 -0.022689703851938248 0.006630335440021921 9.4039682794435e-05 0.9999780146625679 1.3384051322937012
0.9999912023059118 -0.0004091570297235071 -0.004174673795897365 -0.008329097181558609 0.0004095731469971246 0.9999999112420048 9.882216203970415e-05 -0.02179892733693123 0.004174632991579397 -0.0001005311269168255 0.9999912811284297 1.3404676914215088
0.9999866959663626 -0.0007185395940940331 -0.00510799286698454 -0.010563097894191742 0.0007189225562420887 0.9999997389006071 7.313737473109014e-05 -0.022099457681179047 0.005107938981191152 -7.680865299819545e-05 0.9999869514447651 1.3650845289230347
0.999984757153095 -0.0005399453258983821 -0.005494899499587419 -0.00990272592753172 0.0005407056212814322 0.999999844450745 0.00013687920556035792 -0.021755721420049667 0.005494824737572641 -0.00013984824217938655 0.9999848935576839 1.3296160697937012
0.9999794518061951 -0.0004335589517715661 -0.006395935585747233 -0.01112136710435152 0.0004343272353181045 0.9999998986312656 0.00011873209876390428 -0.02086591348052025 0.006395883460035056 -0.00012150758805395828 0.9999795387460044 1.2795867919921875
0.9999551166509183 -0.00020819692130205424 -0.00947213480111571 -0.012392343953251839 0.00021292236374046526 0.9999998533934645 0.0004978725906757373 -0.01952582597732544 0.009472029756898264 -0.0004998670738179735 0.9999550143807435 1.151803731918335
0.9999780993511158 -0.0006382181738700639 -0.006587373960271914 -0.009723169729113579 0.0006417719516690973 0.9999996496737995 0.0005373835131804287 -0.021524155512452126 0.006587028684617773 -0.0005415993359756484 0.9999781586231108 1.3271434307098389
0.9999989835324723 -0.0014258093651965775 1.2946906847643078e-06 -0.006492245942354202 0.0014258092555004208 0.999998980244334 8.110646674113765e-05 -0.023600205779075623 -1.410331724353665e-06 -8.110453831708659e-05 0.9999999967100324 1.560943841934204
0.9999983163760549 -0.0009765522052135921 -0.0015535735728984474 -0.008569177240133286 0.0009761133484898225 0.9999994834957914 -0.00028321525670092887 -0.02404329553246498 0.0015538493449546399 0.0002816983159705738 0.9999987530983587 1.5227241516113281
0.9999970825824215 -0.0006826258071338292 -0.0023170776105677403 -0.008735219947993755 0.0006819903497568328 0.9999997296241973 -0.00027502853561061047 -0.023251570761203766 0.002317264725662127 0.00027344750866748125 0.9999972777516204 1.4463183879852295
0.999990438332479 -0.0005957529838280278 -0.004332242144510418 -0.009823696687817574 0.0005955891272363818 0.9999998218718817 -3.9112609787157706e-05 -0.02236703224480152 0.004332264674270264 3.653199948756141e-05 0.9999906150300637 1.3712507486343384
0.999985853463402 -0.0005199376831615214 -0.005293631822993965 -0.010062702000141144 0.000520176917065618 0.9999998637480552 4.381605154611701e-05 -0.022553617134690285 0.005293608320110006 -4.656905678250568e-05 0.9999859876729655 1.3650795221328735
0.9999992811675883 -0.001000304816440188 -0.0006611010370076798 -0.0063180215656757355 0.0010002746043138691 0.9999994986659085 -4.602877247986148e-05 -0.023212231695652008 0.0006611467483779983 4.53674568146836e-05 0.9999997804133615 1.4948461055755615
0.9999922981481131 -0.0009890663830256399 -0.0037980774274750276 -0.009933621622622013 0.0009884382401947093 0.9999994975071856 -0.00016725794806343722 -0.024071328341960907 0.003798240948182136 0.00016350249489895766 0.9999927732902041 1.497309923171997
0.9999964165439591 -0.0010098587555621619 0.0024793314692784347 -0.0048213982954621315 0.0010105163103365032 0.9999994545865355 -0.00026397616947836756 -0.024710875004529953 -0.002479063538371661 0.0002664806284198048 0.9999968916111927 1.6154651641845703
0.9999993264392814 -0.0010686849896861192 0.0004528061135878492 -0.007389456033706665 0.001068926333557702 0.9999992866056742 -0.0005330897073993434 -0.024788452312350273 -0.0004522360855900832 0.000533573364709867 0.9999997553909638 1.5775127410888672
0.9999995158914635 -0.0009250514265526336 0.00033540527201831796 -0.006975848227739334 0.0009251887901072253 0.9999994881178709 -0.00040962140895262777 -0.023679886013269424 -0.0003350261794616551 0.0004099315238492212 0.9999998598567925 1.5156950950622559
0.9999924348124561 -0.0006610280072062357 -0.003833191859171045 -0.010625840164721012 0.0006601360244145981 0.9999997547414732 -0.00023396030114327637 -0.02356635592877865 0.0038333455733596876 0.00023142810315498886 0.9999926259241856 1.451354742050171
0.9999682176543869 -2.477884773347228e-05 -0.007972644926085874 -0.012096130289137363 2.3779354549364216e-05 0.9999999918471542 -0.0001254600894719325 -0.022104401141405106 0.007972647969842582 0.00012526651770561467 0.9999682100910252 1.2624154090881348
0.9999588806799975 -7.574171194540625e-05 -0.009068142720521538 -0.0119733652099967 7.624363203257352e-05 0.999999995580727 5.500413380769836e-05 -0.0217286366969347 0.00906813851433968 -5.569326021192116e-05 0.9999588820357294 1.2437711954116821
0.9999811691050928 -0.00017085776493386067 -0.006134512436701797 -0.009784962981939316 0.00017243308795100276 0.9999999522965668 0.00025626879307975983 -0.021795276552438736 0.006134468358551286 -0.0002573217602315837 0.9999811508640899 1.3003911972045898
0.9999884163624569 -0.0005518776995080604 -0.004781482187558705 -0.009498190134763718 0.0005519220076109593 0.9999998476594588 7.947098884299222e-06 -0.022715503349900246 0.004781477073318472 -1.0586012076299672e-05 0.9999885686171285 1.3831876516342163
0.9999797887873894 -0.00029304126404133346 -0.006351074204097524 -0.011228911578655243 0.0002920428874758689 0.9999999448537331 -0.0001581248957184395 -0.022647792473435402 0.006351120190978808 0.00015626691377341494 0.9999798192228538 1.3322944641113281
0.9999793065979147 -0.00020870794929446666 -0.0064298380186265285 -0.01040743850171566 0.00020839114153906797 0.9999999770394927 -4.994142684636384e-05 -0.02242889255285263 0.006429848294166968 4.860047210372451e-05 0.9999793271307703 1.3244328498840332
0.9999936286550375 -0.0006077410141643184 -0.003517570211157861 -0.008660180494189262 0.0006075748494817546 0.999999814259606 -4.830688778464494e-05 -0.023422647267580032 0.0035175989158799576 4.616939281321306e-05 0.9999938121639823 1.4467356204986572
0.9999922718201963 -0.0003284961384842831 -0.003917702154284896 -0.009846048429608345 0.0003272558569806056 0.9999998961372897 -0.00031722076572960256 -0.02274595946073532 0.003917805953178321 0.00031593622321459227 0.9999922754605739 1.369964599609375
0.9999788468320339 -0.0003063743600767929 -0.006497078053041415 -0.010733947157859802 0.00030660078101853356 0.999999952424944 3.3853670512022786e-05 -0.021915696561336517 0.006497067372045922 -3.584496360504504e-05 0.9999788931926022 1.307279109954834
0.9999822559858889 -0.000249966376856651 -0.005951909792910126 -0.010519932955503464 0.0002502748412377366 0.9999999673765988 5.108136146260921e-05 -0.02099044993519783 0.005951896830115734 -5.25700683526925e-05 0.9999822859233617 1.259745478630066
0.9999495620649044 -0.00022033025476728688 -0.010041154355192051 -0.012985963374376297 0.00022341075949718807 0.9999999283275767 0.00030566726051076647 -0.020907077938318253 0.010041086287772802 -0.0003078951452060419 0.9999495396202456 1.2125483751296997
0.9999686337514011 6.0448003985560315e-06 -0.007920320499625691 -0.011173387989401817 -4.613408564284181e-06 0.9999999836554802 0.00018074223648652336 -0.02060858905315399 0.007920321462722599 -0.00018070002760617651 0.999968617435281 1.199141263961792
0.9999680180725522 -0.00025669419588349103 -0.007993556163657252 -0.011035138741135597 0.0002598023117818913 0.9999998910601647 0.00038779171878855116 -0.020187612622976303 0.007993455748957138 -0.0003898560608326126 0.9999679758259467 1.206045150756836
0.9999693854026459 -0.0003111499159125267 -0.007818659935322542 -0.011045463383197784 0.0003137699499459053 0.9999998950377039 0.00033387572465141117 -0.020146161317825317 0.007818555229254393 -0.0003363187637170849 0.9999693780730569 1.2090346813201904
0.9999789253694173 -0.0005184397825027422 -0.006471478750407795 -0.010013568215072155 0.0005210482557338081 0.9999997836962754 0.0004013927221584127 -0.02094252035021782 0.006471269252647265 -0.0004047562156699931 0.9999789792023958 1.2839106321334839
0.9999913271790632 -0.0007565610515028914 -0.0040955075425144205 -0.008925611153244972 0.0007575190971064313 0.9999996860821708 0.0002323798123133782 -0.021436698734760284 0.004095330447346432 -0.0002354802221006748 0.9999915863734014 1.3525539636611938
0.9999944091439951 -0.0008742508715530243 -0.0032275944859791713 -0.008328055031597614 0.0008748797348011383 0.999999598584507 0.00019343286836427074 -0.021436069160699844 0.0032274240815189847 -0.00019625554391689617 0.9999947725951169 1.371058702468872
0.999971078039282 -0.0005580996592418904 -0.007584959441342204 -0.011879554949700832 0.0005609665320612305 0.9999997720281841 0.00037584588558115683 -0.02042803354561329 0.007584747952724556 -0.0003800899237748528 0.9999711631492898 1.2642717361450195
0.9999545250623789 -0.00018333876739987798 -0.009534893505890884 -0.011907720938324928 0.00018901387385600023 0.9999998055431379 0.0005942957527506279 -0.019330011680722237 0.009534782694314632 -0.0005960709543466959 0.9999543652679305 1.1381173133850098
0.9999694047692317 -0.00042708397930293836 -0.007810705777530833 -0.01053221058100462 0.0004313733471103172 0.9999997570865196 0.0005474887553739532 -0.02002924308180809 0.00781047005652884 -0.0005508413351236868 0.9999693460958289 1.2140467166900635
0.9999813353223527 -0.0005892801296248174 -0.006081262685785033 -0.010320834815502167 0.0005908783379944553 0.9999997913668731 0.0002610153254844523 -0.020827805623412132 0.006081107605887348 -0.0002646037401062254 0.9999814748859833 1.28530752658844
0.9999690772096291 -0.0008061711544493543 -0.007822704940919988 -0.010784760117530823 0.0008089576557862168 0.9999996104717923 0.0003530492529267911 -0.022508155554533005 0.007822417275631943 -0.0003593665727096661 0.9999693398517939 1.3524503707885742
0.999993599181445 -0.0008704522060112384 -0.003470433560391069 -0.007295595481991768 0.0008695761656623146 0.9999995896781942 -0.00025393057303181685 -0.025066131725907326 0.003470653170823972 0.0002509111413596625 0.999993945786757 1.5380890369415283
0.9999850678977162 -0.002216605245241313 0.004995061840146293 -0.0004275180399417877 0.002218514080302217 0.9999974681670987 -0.0003766359889096182 -0.027603840455412865 -0.004994214340175818 0.0003877119799668529 0.9999874536725674 1.8007051944732666
0.9999948754467892 -0.00057562541971469 0.00314924364519273 -0.005262252874672413 0.000578419759144306 0.999999439804056 -0.0008864661056215449 -0.025410186499357224 -0.0031487316085751023 0.0008882831476295562 0.9999946482068326 1.6484198570251465
0.999987304550616 -0.0007008961790381954 -0.004989938089750129 -0.008949927985668182 0.0007015986212751488 0.9999997442160062 0.00013902264771940734 -0.023039184510707855 0.004989839372961251 -0.00014252181644843707 0.9999875405176626 1.4008548259735107
0.9999949933243139 -0.000527856206206789 -0.0031200471360306506 -0.008658699691295624 0.0005274876768638767 0.9999998538052038 -0.00011893830978478865 -0.021666299551725388 0.0031201094622209714 0.0001172919278837543 0.9999951255678936 1.365179181098938
0.9999749228038762 -0.000568050617825605 -0.007059113391729987 -0.010614401660859585 0.0005715289169833531 0.9999997162686971 0.0004907313137662243 -0.02006169594824314 0.007058832628612575 -0.0004947534950324631 0.999974963737043 1.2503995895385742
0.9999689626290535 -0.0004583112188726522 -0.007865349922347605 -0.011328807100653648 0.00046196587844196484 0.9999997861820838 0.00046284264451925284 -0.01999255269765854 0.00786513611461832 -0.00046646180238653584 0.9999689605419186 1.230790138244629
0.9999780573775038 -0.0005160562024109496 -0.0066044265087686896 -0.01009749062359333 0.0005196667651021662 0.9999997164694574 0.0005449839062456758 -0.01972285285592079 0.006604143393887026 -0.0005484040488287213 0.9999780420304399 1.2288246154785156
0.9999735388386561 -0.0006545096897053786 -0.007245221843447196 -0.010691961273550987 0.0006587051459013038 0.9999996167656309 0.0005766941321705063 -0.01974770799279213 0.0072448416149316726 -0.000581451337085504 0.9999735867433285 1.2349942922592163
0.9999804761943091 -0.0006829296997633966 -0.006211347456695219 -0.009858962148427963 0.0006862260864891369 0.9999996248440478 0.0005285882345175187 -0.01994149759411812 0.006210984137866953 -0.0005328403031205698 0.9999805696898567 1.254394769668579
0.9999594768980897 -0.0004199425428139744 -0.00899267535050033 -0.011996138840913773 0.00042530376066947373 0.999999732978702 0.0005942720217480559 -0.019315553829073906 0.008992423389160549 -0.0005980725586474036 0.9999593884907549 1.181179165840149
0.9999620042278003 -0.0003612035007787009 -0.008709743552577686 -0.011521387845277786 0.0003665638173767753 0.9999997444091903 0.0006138505698581366 -0.01913170889019966 0.00870951960147249 -0.0006170199229767253 0.999961881050836 1.1680665016174316
0.9999702419866567 -0.0005106964617765505 -0.007697683435379255 -0.010828187689185143 0.0005153563007399776 0.9999996851673945 0.0006033846165072878 -0.019379952922463417 0.007697372865508781 -0.0006073337106393431 0.9999701903540592 1.2010433673858643
0.999983251027182 -0.0010232775270219718 -0.005696540020970434 -0.009565649554133415 0.0010255348526098296 0.9999993967746176 0.0003933556494321318 -0.02092740125954151 0.00569613407267671 -0.0003991910614598436 0.9999836972186709 1.3204174041748047
0.9999900796799597 -0.002270105164514952 0.0038323836198839783 -0.0026640603318810463 0.0022713439466130188 0.9999973696401411 -0.00031891922988963204 -0.026003701612353325 -0.0038316495591451047 0.0003276207274449269 0.9999926055358184 1.7196550369262695
0.9999985805952996 -0.0016721411125275839 0.00020676432485999878 -0.005108248442411423 0.001672138767344621 0.9999986019087005 1.1514649104199614e-05 -0.024085331708192825 -0.00020678328990275858 -1.116889411695031e-05 0.9999999785579632 1.5617191791534424
0.999994231240066 -0.0005100706286894576 -0.0033581713093923877 -0.009670939296483994 0.0005094115806849132 0.9999998508248229 -0.00019710447347738507 -0.022969083860516548 0.003358271345639292 0.00019539264507406734 0.9999943419016347 1.4283289909362793
0.9999963903652593 -0.0026863363579561106 -5.3417445461239104e-05 -0.0029978062957525253 0.002686372704418396 0.9999961519783503 0.0006924089721948605 -0.025521352887153625 5.155719651317043e-05 -0.0006925499720188066 0.9999997588581666 1.6770789623260498
0.9999992778566215 -0.0010715393365253875 -0.0005441412371579669 -0.007159994915127754 0.001071281744264108 0.9999993140937298 -0.0004734632980466022 -0.024373803287744522 0.0005446481984763383 0.0004728800275645478 0.9999997398713759 1.5326275825500488
0.9999996013276201 -0.0008305610408242195 -0.00032789168731263624 -0.00703419977799058 0.0008304464932250267 0.9999995941643557 -0.00034932756281899326 -0.023462362587451935 0.0003281816921066656 0.00034905512704985596 0.9999998852286412 1.4873666763305664
0.9999987654537764 -0.0013967787550665483 -0.0007197916591006458 -0.00669490359723568 0.0013966904877724044 0.9999990170484567 -0.0001231170244304352 -0.0235733762383461 0.0007199629188244351 0.00012211154627333383 0.9999997333710474 1.5148265361785889
0.9999990809854067 -0.0007560521583578942 -0.0011253503792769944 -0.007765600457787514 0.000755927805554173 0.9999997081346167 -0.00011092265062649164 -0.022607430815696716 0.0011254339141355916 0.00011007186504427055 0.9999993606411405 1.4528493881225586
0.9999995366553727 -0.0006594335543954377 -0.0007013105072869434 -0.00785857904702425 0.0006592846901082647 0.9999997600988211 -0.00021247587588765863 -0.023065734654664993 0.0007014504527637857 0.00021201341415763672 0.9999997315087513 1.488978385925293
0.9999933958805284 -0.0011760661822689538 -0.0034387590295801114 -0.008371181786060333 0.0011770521066871804 0.999999266746964 0.0002846996172650576 -0.022462517023086548 0.003438421682507643 -0.0002887453356349285 0.9999940469235126 1.4322395324707031
0.9999992576912158 -0.0009512373935934349 -0.0007614226410598817 -0.007475593127310276 0.0009510458434189685 0.9999995160311592 -0.0002518913472609848 -0.022924765944480896 0.0007616618810236861 0.00025116701244195995 0.9999996783931037 1.480135440826416
0.9999989006112203 -0.0010872112367756623 -0.001008339267020002 -0.007267564535140991 0.0010872768666259206 0.9999994068315495 6.454118351231722e-05 -0.022888926789164543 0.0010082684990050123 -6.563745651520562e-05 0.9999994895430488 1.4882500171661377
0.9999650756456906 -0.0005425417468029374 -0.00833985235846855 -0.012762142345309258 0.000551759891835533 0.9999992394187612 0.0011030516400415769 -0.017687486484646797 0.00833924756376971 -0.0011076147127105115 0.9999646144437903 1.2859420776367188
0.9999866792101874 -0.0009977071336601312 -0.0050641862778685555 -0.010414122603833675 0.0009991417761844672 0.9999994614418745 0.00028076978452393594 -0.02154023014008999 0.005063903424492952 -0.00028582588452124924 0.9999871375101136 1.3681793212890625
0.999992590029909 -0.000905598927379999 -0.0037416274342743656 -0.00934999156743288 0.000905961565589421 0.999999585082724 9.522615926259844e-05 -0.022086506709456444 0.003741539645100816 -9.861522428781398e-05 0.9999929955535296 1.396659016609192
0.9999970562622917 -0.0009320690766036168 -0.0022402486440928383 -0.008325060829520226 0.0009320314170846758 0.9999995654992354 -1.7854353063776534e-05 -0.02255236729979515 0.0022402643121934634 1.5766318386868293e-05 0.9999974904804685 1.4359302520751953
0.9999965233321275 -0.0008779999366207758 -0.002486451240077994 -0.008738024160265923 0.0008778125076586849 0.9999996117986625 -7.647042532742384e-05 -0.022661732509732246 0.0024865174158628877 7.428752146692899e-05 0.9999969058514656 1.4367960691452026
0.999992667475995 -0.0007609924254945162 -0.003753116674548483 -0.00951085053384304 0.0007610273836042643 0.999999710387522 7.886312539171652e-06 -0.02183569222688675 0.003753109586174954 -1.0742479275788815e-05 0.999992957001715 1.3758809566497803
0.9999906248045285 -0.0007526795617674237 -0.004264243957128442 -0.009413359686732292 0.0007535046795112713 0.999999697703731 0.0001918935761270932 -0.021423229947686195 0.004264098233690618 -0.00019510490486358123 0.9999908896586656 1.3499267101287842
0.9999925752216549 -0.0008632901700660209 -0.003755560097374599 -0.009338808245956898 0.0008638218303490339 0.9999996171133511 0.00013994640640703273 -0.021941982209682465 0.0037554378450637914 -0.0001431895021332849 0.9999929380667436 1.3916925191879272
0.9999991157887542 -0.0009961492750668556 -0.0008809701082092478 -0.006926096975803375 0.0009963092162756414 0.9999994872796196 0.00018113101173454564 -0.022736940532922745 0.0008807892229918874 -0.0001820085702145403 0.9999995955415307 1.4911677837371826
0.9999974062573564 -0.001404632778696846 -0.001792898579535379 -0.008997920900583267 0.0014047483701143185 0.9999990113425051 6.321415150821814e-05 -0.022857779636979103 0.0017928080143034748 -6.573255890436029e-05 0.9999983907580324 1.5112316608428955
0.9999884757336078 -0.0008183576596639895 -0.004730612086865135 -0.009485949762165546 0.0008196688533248385 0.9999996261928974 0.0002752399610508756 -0.021219972521066666 0.004730385073798367 -0.000279114324497008 0.9999887727130976 1.340627908706665
0.9999816164781263 -0.00022697142087124524 -0.006059306046706725 -0.01053029764443636 0.00022899121507886355 0.9999999184548755 0.00033264585671742314 -0.0209440179169178 0.006059230051497112 -0.0003340272693692101 0.9999815869089623 1.3146624565124512
0.9997831637396597 0.001292547600876076 -0.020783522882714303 -0.01836041733622551 -0.0012996863896822303 0.9999991009640806 -0.0003299792703683076 -0.014420033432543278 0.020783077683666447 0.0003569197807176441 0.9997839448052088 0.8132357597351074
0.9999927666727115 0.0021540079017901936 -0.003134781047341218 -0.0015896018594503403 -0.0021575834042265826 0.9999970252815417 -0.0011376563283627317 -0.015766918659210205 0.0031323212015293583 0.0011444116508857944 0.9999944394274718 0.9571799039840698
0.9999951352153184 -0.0009519959518546505 -0.0029703954963758773 -0.00820117350667715 0.0009527246026293069 0.9999995164144497 0.0002438989511577644 -0.021585367619991302 0.0029701618691213723 -0.00024672773351081955 0.9999955586220856 1.389892816543579
0.9999971366635055 -0.001048840420848461 -0.002150952942747194 -0.008089715614914894 0.001049087211666884 0.999999443254182 0.00011361051252473284 -0.022786440327763557 0.0021508325859153693 -0.00011586672444473949 0.9999976802443542 1.4695417881011963
0.9999993138049653 -0.0011015245077983667 -0.00039878986593617496 -0.007286179810762405 0.001101456959683732 0.9999993790203279 -0.00016956274564507208 -0.02325311303138733 0.00039897639581571234 0.00016912337941867123 0.9999999061075546 1.508312702178955
0.9999991792119185 -0.0010756469518038744 -0.0006961028118609957 -0.007565787993371487 0.0010755991699751468 0.9999994191616721 -6.901263708669884e-05 -0.0229065902531147 0.0006961766407705207 6.826385283529377e-05 0.9999997553390357 1.493453025817871
