0.9962220941748088 0.008401087491725459 -0.0864347199157546 -0.0873441994190216 -0.008287052710065466 0.9999642538061728 0.0016780546012822944 0.004292149096727371 0.08644572768702435 -0.0009554259891075174 0.9962561032816012 0.1793261468410492
0.9990437893074302 0.004321831818868284 -0.043506652548553265 -0.060891468077898026 -0.00417148909665729 0.9999850128061879 0.003545820317614698 0.03820711374282837 0.04352132494499206 -0.003360942239574716 0.999046844918843 -0.598204493522644
0.9818456722664587 0.009106304513762476 -0.18946279600419796 -0.23645168542861938 -0.0075178705940854434 0.9999303252236075 0.009100896655887253 0.01115480251610279 0.18953247076254848 -0.007511319212574018 0.9818457224077164 0.3434191644191742
0.9775055789425191 0.009909193896280278 -0.21067665037344852 -0.2568904459476471 -0.007997721346198824 0.9999187806713098 0.009923130255590055 0.0004302589222788811 0.2107578695790952 -0.008014982041575188 0.9775054375671545 0.6728909611701965
0.9611345484675724 0.014125268100659524 -0.2757187997636727 -0.33818429708480835 -0.010259320261773919 0.9998278729149589 0.015458683324114816 5.476269870996475e-05 0.27588969913681466 -0.01202918714765885 0.9611140268286404 0.9954997897148132
0.9437669438952072 0.016628318264600643 -0.3301930566235329 -0.40685227513313293 -0.011528166133613725 0.9997821767453278 0.017398288650598587 -0.00792416837066412 0.33041043717821056 -0.01261340929586029 0.943753063523313 1.4083434343338013
0.9405387292572513 0.0165534753895439 -0.3392828926127611 -0.42070266604423523 -0.011789835974257052 0.9998009259282612 0.016096840705289675 -0.0038074059411883354 0.3394818088423218 -0.011139612449233628 0.9405466551424368 1.238604187965393
0.9565851669355965 0.014771727116737906 -0.291078364838037 -0.3613264858722687 -0.011067349270897617 0.9998355127280705 0.014368760138301056 0.010921353474259377 0.29124273755565594 -0.01052347688668994 0.9565913047144544 0.6706729531288147
0.9505483211341533 0.015327498878101269 -0.3101982542942241 -0.3866844177246094 -0.011325505264163963 0.9998278300723269 0.01469840615078485 0.0125806275755167 0.310370137287004 -0.010458393328032747 0.9505582569676844 0.575653076171875
0.9516247827735318 0.015209051571073254 -0.30688590316522635 -0.3784848749637604 -0.011315279206380516 0.9998313743020718 0.01446331281940251 0.007188349962234497 0.30705412758617967 -0.010291147241132764 0.9516364090453618 0.6819919943809509
0.9670477995916589 0.012385821819437313 -0.2542934224921841 -0.3166363835334778 -0.00986401825202225 0.9998887397108807 0.011189698088467386 0.013560302555561066 0.25440372333921346 -0.008312617953715266 0.9670623795463771 0.34510189294815063
0.9797496555417758 0.009901145258170346 -0.19998144861048517 -0.24559974670410156 -0.008006563911568728 0.9999151012120553 0.010280335715090913 0.013248486444354057 0.2000662575251046 -0.008470991126286192 0.9797457501358384 0.1222829818725586
0.9999780715819366 0.004429435123253348 0.004923053905826917 0.021480945870280266 -0.004442581311268499 0.9999865868947334 0.0026626118594683798 0.010867813602089882 -0.0049111940058967265 -0.002684424539878779 0.9999843368964965 -0.44626176357269287
0.9889606892584919 0.00771909072205332 -0.14797692637635507 -0.18285386264324188 -0.006787693226618549 0.9999538549672593 0.006798173047119646 0.009995345026254654 0.1480225736907375 -0.00571870392151733 0.9889674484549166 0.25349074602127075
0.9832584610569464 0.010062151616413684 -0.18193831884672795 -0.21578311920166016 -0.008263460477929899 0.9999092313123245 0.010641633207642652 0.01130223274230957 0.1820288822710699 -0.008960035783668266 0.9832523601689956 0.028352320194244385
0.9976833341148591 0.005621115008495021 -0.06779651831414102 -0.0781751424074173 -0.0053902442866742865 0.9999790362628691 0.0035877989510870265 0.007135327905416489 0.06781526447628411 -0.0032140474241550915 0.9976927181267622 -0.012966334819793701
0.9833747228377898 0.00996372260621994 -0.18131430918580677 -0.21873334050178528 -0.008110824616330677 0.9999070656012589 0.01095785949549168 0.005088752135634422 0.18140663992187045 -0.009305073482037341 0.9833641475057705 0.6783831119537354
0.939999619552574 0.017303581735626603 -0.34073641029413765 -0.4175944924354553 -0.01267485427762244 0.9997947385179203 0.015805976746939725 -0.018678437918424606 0.3409399702441142 -0.010538827781221805 0.9400259942144902 1.9720455408096313
0.9455862055207933 0.016751659499832365 -0.3249401634651985 -0.3953884243965149 -0.01201335589897873 0.9997903196791427 0.01658300201779927 -0.016929470002651215 0.3251498227107509 -0.011777036124574711 0.9455891783492913 1.8441075086593628
0.9430169466508993 0.017163108930458793 -0.3323017695123756 -0.406414270401001 -0.01218338517860014 0.9997801786227293 0.01706339821644843 -0.0185171440243721 0.3325215834420447 -0.012042513232063923 0.943018756133859 1.9433592557907104
0.9473801599644023 0.015993083887514373 -0.3197108909211416 -0.39143839478492737 -0.011782990384588547 0.9998165802516119 0.015098575812582853 -0.011859317310154438 0.31989372241952463 -0.010536940814987352 0.9473948380875005 1.561455249786377
0.9915069477185902 0.008345269070398975 -0.12978570456682484 -0.14797383546829224 -0.007516300332421734 0.9999481134052647 0.00687573461998346 0.008549856022000313 0.12983635028402998 -0.005841830312003627 0.9915182273481048 -0.03085726499557495
0.9988798366445615 0.005684528903277939 -0.0469761436910446 -0.04490070044994354 -0.005467444961332421 0.9999737797498439 0.004748353230870655 0.011310068890452385 0.047001904115989514 -0.004486194819456327 0.9988847256142788 -0.36006784439086914
0.999747006990173 0.004519833351200431 -0.02203390842924503 -0.017629286274313927 -0.004448038125432518 0.9999846414877623 0.0033063190145857513 0.011395297944545746 0.022048514032144608 -0.0032074748742412324 0.9997517567545984 -0.36157751083374023
0.9893404680834098 0.007710750643138687 -0.14541658274426245 -0.17691777646541595 -0.006557716909350629 0.9999431588660488 0.008406865404223016 0.010598517954349518 0.14547314034362635 -0.007363651370566188 0.9893347977692164 0.11745613813400269
0.9999826660601036 0.004890270118594399 0.0032791519474121224 0.0202556774020195 -0.0048933750203906876 0.9999875860261829 0.000939507550248343 0.01309543289244175 -0.003274516794406532 -0.0009555373851084668 0.9999941822271109 -0.5508724451065063
0.9969981166520362 0.005566928478965266 -0.07722541485549105 -0.08904524892568588 -0.00515017951447658 0.9999710874197728 0.005594638101387035 0.011208852753043175 0.07725432701966457 -0.005180118900846893 0.9969979615450132 -0.1449154019355774
0.9970620937816842 0.005478254963241546 -0.07640137345782382 -0.08702696114778519 -0.00512625569486959 0.999975328005582 0.004802591246363802 0.01035996526479721 0.07642579830289616 -0.0043968287078930525 0.9970655772069752 -0.16670989990234375
0.9994056516555488 0.0044468037085066215 -0.03418434401485747 -0.031063003465533257 -0.004306197267696986 0.999981968099691 0.004185706697873622 0.010557997971773148 0.03420234062224088 -0.004036014401232589 0.9994067792864493 -0.39104580879211426
0.9886314154623186 0.0075405364807456425 -0.15017011910015585 -0.18713654577732086 -0.006514316753658176 0.9999519567793229 0.007324466563250898 0.014699028804898262 0.150218134851307 -0.006262942023180171 0.9886330398681854 0.09805834293365479
0.9664439367636171 0.012375749207831722 -0.25657934040835517 -0.31755244731903076 -0.009616092307551307 0.9998816686249953 0.01200747752143921 0.012888090685009956 0.2566975805526308 -0.009137263224842977 0.9664485824704725 0.3738612234592438
0.9661567568565979 0.012646697069218678 -0.2576454583989016 -0.3186360001564026 -0.009379047109335566 0.9998592930453972 0.01390782463504376 0.004053784534335136 0.2577850939361343 -0.01102066985249452 0.9661394258492615 0.775505006313324
0.9459533484827761 0.016155957452588396 -0.3239000579391949 -0.39724117517471313 -0.01161152253847449 0.9998052357089994 0.015958170108468693 -0.0050239237025380135 0.3240947932913489 -0.011334711626789552 0.9459567058136304 1.2057411670684814
0.9471002623691838 0.01565261843091365 -0.320555905508664 -0.394368439912796 -0.011568923189129686 0.9998258989267982 0.014640076894062723 -0.0018209032714366913 0.32072925191891577 -0.010157134018820181 0.9471164551374115 1.0555832386016846
0.9483592058375666 0.015295803139861723 -0.3168293785453724 -0.39552223682403564 -0.01136384740598094 0.9998338219498422 0.014254524099564223 0.002209661528468132 0.3169947628514923 -0.009918008443133796 0.9483754285267245 1.0070794820785522
0.9685788841232064 0.011518284381564322 -0.24843967951104293 -0.30628231167793274 -0.009077399331124392 0.9998986444126889 0.010968214214282493 0.0011411858722567558 0.2485408337718927 -0.008368394503875729 0.9685852693084899 0.755341112613678
0.9770541790050863 0.01034347527797466 -0.21273961504118322 -0.2593267858028412 -0.00840552467561551 0.9999145503537441 0.010011950149567912 0.0004349406808614731 0.2128249948751897 -0.007994029649916318 0.9770576324077981 0.7317580580711365
0.9757960941503004 0.010270177086816405 -0.21844108153830233 -0.26986560225486755 -0.008229548559795791 0.9999136066290858 0.010249576016388855 -0.0016369465738534927 0.2185274746376752 -0.008203824755515069 0.9757963107574557 0.887010931968689
0.9862267867594268 0.007379917150075454 -0.1652339611007197 -0.20025989413261414 -0.006317968069860589 0.9999558782200912 0.006951610788461241 -0.005710096098482609 0.165277972995933 -0.0058119218804153615 0.9862298987591136 0.7719471454620361
0.9824113900948253 0.008473392787755073 -0.1865370264226856 -0.22863999009132385 -0.0069066289647231206 0.9999352185524495 0.009047495499245002 -0.002051801420748234 0.1866016052672027 -0.0076000206006057135 0.9824062706429421 0.7207070589065552
0.9817038426495884 0.008705928868551368 -0.19021506809285033 -0.23109066486358643 -0.007266730825432489 0.9999394622311395 0.008262354144558911 -0.010468733496963978 0.19027548436449365 -0.006728943114273182 0.9817076761309459 1.0865436792373657
0.983915049073479 0.007975443800481399 -0.17845887061986693 -0.21838681399822235 -0.00671939094048381 0.9999482261114463 0.007641654399448333 -0.008627831935882568 0.17851057669539355 -0.006319603844943669 0.9839176980902014 0.9979608058929443
0.9950254071444044 0.004018670331998817 -0.09954039092687443 -0.12382212281227112 -0.003619728634450289 0.9999846785030019 0.0041881169827179925 -0.006281755398958921 0.09955569648053904 -0.0038069736025749816 0.9950247083616889 0.6636279821395874
0.9996654432607675 0.0010161882381444227 -0.02584509453877137 -0.03343595936894417 -0.0009822052993003906 0.9999986364665557 0.0013275307075431425 -0.009123878553509712 0.025846408319211377 -0.0013017013843814951 0.999665078288975 0.5796626210212708
0.998391994028561 0.0017688454030465705 -0.05665948681036088 -0.06928591430187225 -0.0016023623359550825 0.9999942652514583 0.0029836050576724287 -0.009770035743713379 0.05666443941854229 -0.002888018375283811 0.9983891028327814 0.5731804370880127
0.996814081505102 0.0031247805528840603 -0.07969895017901014 -0.10019739717245102 -0.002840863757677647 0.9999892100221742 0.003675504365147288 -0.004598484840244055 0.07970957537366723 -0.00343738064872378 0.9968122029790895 0.5609542727470398
0.9998640969343889 0.0008716094102279072 -0.016462926793703377 -0.02028205804526806 -0.0008591822717014348 0.9999993406464577 0.0007619136918692072 -0.01499275304377079 0.016463580029957896 -0.0007476654906212828 0.9998641865418079 0.8172928690910339
0.9988186946842843 0.00231576929090312 -0.04853712354243371 -0.06201925128698349 -0.002186912325742775 0.9999939427364952 0.002707749027938136 -0.006274601444602013 0.04854310006233303 -0.0025984039158867605 0.9988177089606631 0.587224006652832
0.9967264146265662 0.0029643136665417737 -0.08079398016038782 -0.09917441010475159 -0.002683955653287464 0.9999899956085092 0.0035784165416222874 -0.00784698873758316 0.08080377941483909 -0.0033498548297685106 0.9967243990717283 0.6037555932998657
0.9925481719922193 0.005920145614481352 -0.12170898960556455 -0.14960603415966034 -0.005065039954224527 0.9999602780834136 0.00733400474534179 0.0007546860724687576 0.12174757346726132 -0.006662892108230773 0.9925387318505955 0.8427534103393555
0.9855106659676753 0.007503872746236363 -0.16944739348174565 -0.20840144157409668 -0.006362271079067306 0.999953266517464 0.007279168068553381 -0.008223265409469604 0.16949409656582648 -0.00609562751995843 0.9855123512947326 0.9715125560760498
0.9881903090946107 0.006375783883098748 -0.15309886476187268 -0.18610793352127075 -0.005211390032450174 0.9999543748719802 0.008005597311708978 -0.0056758723221719265 0.1531429215648828 -0.007113195784145218 0.9881784494818276 0.7082786560058594
0.9934782866670431 0.005216608972261578 -0.1139020671978641 -0.13992784917354584 -0.00463684095119498 0.9999749147349254 0.005354400701459645 -0.00946132093667984 0.11392714174905623 -0.004791335065406125 0.9934775535869853 0.9244740009307861
0.996551874577434 0.0033849286644822953 -0.08290297663014908 -0.10312965512275696 -0.0031284001013034343 0.9999899093270275 0.003224028059744402 -0.007799128536134958 0.08291305318831795 -0.0029535575261404163 0.9965524081095442 0.6929946541786194
0.9989444028698212 0.0017695052290526867 -0.04590151224416092 -0.058704156428575516 -0.001675287234439752 0.9999964105589721 0.0020910002041899163 -0.0060162353329360485 0.045905047519184894 -0.0020118947328710475 0.9989437816473185 0.5279359817504883
0.9990570892066667 0.0023935125753976483 -0.0433497820462117 -0.05183390900492668 -0.0022715708121805143 0.999993324399293 0.0028620137833048655 -0.002457156777381897 0.04335634292635732 -0.0027608430600073565 0.9990558569337604 0.317527711391449
0.989742977823509 0.00676098084611975 -0.14269942882524558 -0.17491568624973297 -0.005663738147112211 0.9999512036138231 0.008093976863540667 -0.0008276375010609627 0.1427471888313527 -0.007202744564746658 0.9897329743680773 0.6291620135307312
0.9788917588320989 0.0093837248841589 -0.2041638317574835 -0.2475900948047638 -0.007692562433799943 0.9999292280115353 0.009075431199500732 -0.004667926579713821 0.20423454402671873 -0.007313321786520709 0.9788946656053678 0.8306112289428711
0.9794074061506638 0.010159227078309596 -0.2016380987869116 -0.24355752766132355 -0.008057229639846354 0.9999043374567104 0.011242641406190508 -0.006760451477020979 0.201733026120563 -0.009386481791850925 0.9793955687728079 1.025234341621399
0.967625340208855 0.01181565918048913 -0.2521142423264262 -0.3116852641105652 -0.009340194657270345 0.999895728193574 0.011013333010790712 -0.00308925099670887 0.25221808370824983 -0.008301984002200731 0.9676348047234377 1.0131756067276
0.9753518046985132 0.010377620824848005 -0.22041134738794316 -0.2690581679344177 -0.008260372705618762 0.9999104868599549 0.010525422093767745 -0.0068935430608689785 0.2205008465156475 -0.008445309556397955 0.975350220911637 1.0226188898086548
0.9803914393233988 0.008675188445003333 -0.19686890766913587 -0.2418016493320465 -0.007166784928728329 0.9999392621850737 0.008373119762447541 -0.005492647178471088 0.19692958867366886 -0.006798017815114765 0.9803940656994031 0.8818566203117371
0.9832488281899116 0.0076849269102229265 -0.18210624306033696 -0.2251986414194107 -0.00641985539414212 0.9999510007457076 0.007535354296675324 -0.006788891740143299 0.1821552286372376 -0.006240032535383968 0.9832499858500244 0.9085379838943481
0.9941560962169059 0.004692222213511332 -0.10785007837484778 -0.13115239143371582 -0.00416603867211172 0.9999782982705313 0.005103636914438855 -0.0067700669169425964 0.10787168524012336 -0.004624504154067133 0.994154069289456 0.6599544286727905
0.9902046187403263 0.005556884049823561 -0.13951320390909874 -0.16616784036159515 -0.004531219137595333 0.9999603318054511 0.007668302853911868 -0.0077584232203662395 0.13955028154200202 -0.00696102400434301 0.9901905185702188 0.5795415043830872
0.9819819862102941 0.008076678017205489 -0.18880186977541397 -0.23404614627361298 -0.006602389095694844 0.9999426170851059 0.008436290370689986 0.0036928337067365646 0.1888591729747725 -0.007037741768204939 0.981978962592422 0.46254509687423706
0.9940207703873186 0.005390132868052651 -0.1090580327452612 -0.12982650101184845 -0.004663242552506731 0.9999651893890789 0.0069191169205432956 -0.004470006097108126 0.10909153132804679 -0.0063691818727680035 0.994011303413987 0.5595053434371948
0.9938846083373991 0.005984176106377555 -0.11026139372574013 -0.13175514340400696 -0.005515549969664154 0.9999744165784461 0.004554656642212602 -0.009347120299935341 0.11028582872947441 -0.003918650906137672 0.9938921873908301 0.8395935893058777
0.9889965356090425 0.0068246927690571455 -0.1477811764803604 -0.18202367424964905 -0.005955370304547419 0.9999622684482617 0.006324179341383643 -0.0007113255560398102 0.1478187610482755 -0.00537449982921648 0.9889998628077449 0.5492257475852966
0.9826751366956523 0.008736124713110565 -0.18513037526342924 -0.2271863967180252 -0.007047284075536654 0.9999273556252896 0.009778510079485157 -0.0014530718326568604 0.1852023528666411 -0.008304432383545802 0.9826653168273761 0.7319368124008179
0.9766128883742146 0.009822520493221 -0.2147807820838136 -0.2637837827205658 -0.007870325246320958 0.9999195985609519 0.009942554713069873 -0.004495791159570217 0.21486117434727822 -0.008019632464491028 0.9766116737236165 0.9155243635177612
0.9720369577941311 0.010927047089126764 -0.23457355418768525 -0.2852172255516052 -0.008479610583335444 0.9998986099241989 0.01143967114955659 -0.0057885777205228806 0.23467477258258054 -0.009130690749719771 0.9720310599974403 0.9417886734008789
0.9738256979292912 0.010330603486583349 -0.2270612003054056 -0.2787907123565674 -0.008008528154246882 0.9999058157575472 0.011145541307454238 0.000967562198638916 0.2271549548861551 -0.009035388527148438 0.9738167118225235 0.645511269569397
0.978273458443698 0.00998830457192391 -0.20707794251533587 -0.25142136216163635 -0.007938325603885856 0.9999109410013688 0.010728143006301183 -0.007302986923605204 0.20716665632097495 -0.008851205428383335 0.9782656248030243 1.00394868850708
0.9846431386888488 0.007869013251004274 -0.1744017432923993 -0.2097817212343216 -0.0066121924736744254 0.9999478244837038 0.007786348373851219 -0.016007322818040848 0.17445391466993085 -0.0065135966073599765 0.9846437958549138 1.216987133026123
0.9882304317986091 0.0070594021586329785 -0.15280961523509448 -0.18469202518463135 -0.005830914851003882 0.999946992820645 0.008485987329089985 -0.004285607021301985 0.15286142122568167 -0.007495091067613618 0.9882192112637526 0.6471763253211975
0.9762097113911032 0.010273661882436327 -0.21658497468020255 -0.2643749713897705 -0.008056920237558404 0.9999057614259711 0.011115498343950914 -0.0009630164131522179 0.21667876089267313 -0.009106049564664612 0.9762004888542831 0.7361927628517151
0.9860542206855328 0.007858176672042966 -0.16623875278537636 -0.20264475047588348 -0.006723728239945522 0.9999501186788466 0.0073859077110203526 -0.0010219970718026161 0.16628850034443715 -0.006165161275369084 0.9860578712426805 0.6071058511734009
0.9976321248757594 0.003194256890389115 -0.0687018204911314 -0.08582015335559845 -0.003006792288775612 0.9999914697193415 0.002831905486335667 -0.01239859126508236 0.06871028027893351 -0.002618627783702792 0.9976332192607266 0.9162143468856812
0.9987899483001398 0.0019249132740176583 -0.049141976796742814 -0.06203681230545044 -0.0018201138270076086 0.9999959733866188 0.0021772450953968163 -0.009972019121050835 0.049145969928986385 -0.0020851665248138806 0.9987894301204349 0.6923757791519165
0.9983441722293386 0.002387795176070159 -0.05747357836357197 -0.06905829906463623 -0.0022187703510537695 0.9999930248531964 0.0030045470679783506 -0.014966662041842937 0.057480351719920754 -0.002872051383862874 0.998342506601318 0.883599579334259
0.995399131263101 0.0039147420659982855 -0.09573528229038775 -0.11704202741384506 -0.003510424019523854 0.9999841963571325 0.004391350496449094 -0.010361404158174992 0.09575096032869163 -0.004035075034769143 0.9953971427352988 0.780140221118927
0.9984527124064823 0.002520227906126896 -0.05555024337876058 -0.06845360994338989 -0.002358778911178802 0.999992802452682 0.002971734321810793 -0.011744057759642601 0.05555733300102275 -0.0028361054515707545 0.9984514706562763 0.7437737584114075
0.996783607427777 0.0036796077906708206 -0.0800556084841885 -0.09648431837558746 -0.0033284758645465086 0.9999842493477431 0.004519104430023342 -0.010481208562850952 0.08007097608800562 -0.00423810605544031 0.9967801549215235 0.7479429244995117
0.9998814766819717 0.001498255481577826 0.015322787565953642 0.02167261391878128 -0.0014966764906898641 0.9999988734222262 -0.00011451532841368786 -0.002090401016175747 -0.015322941876860261 9.15684997552014e-05 0.99988259264148 0.15729579329490662
0.9851575013560594 0.009177622827901837 -0.17140731828342334 -0.20446529984474182 -0.00759537790810443 0.9999223009719631 0.009884445020741551 -0.00540945352986455 0.17148471580965782 -0.00843583180034775 0.9851506630894167 0.9088956117630005
0.9608506714335443 0.013775635111339087 -0.27672408475408566 -0.33905234932899475 -0.010502397456558588 0.9998562988500357 0.01330718969477579 -0.002116135321557522 0.2768676341744763 -0.009879955829229046 0.9608572732822711 1.0455139875411987
0.9592060303021118 0.01477199834643555 -0.2823217658929557 -0.3418007493019104 -0.011015932871198486 0.9998284989654614 0.014886970123209189 -0.01493839081376791 0.28249325771607586 -0.011169633893954613 0.9592042528177372 1.6864725351333618
0.9465317395655779 0.015676592509567187 -0.3222295927475472 -0.3943340480327606 -0.011556013348285635 0.9998252171685578 0.014696723081717038 -0.009071268141269684 0.3224036670859303 -0.010187225389447909 0.9465474609803829 1.310665249824524
0.9543268207260962 0.014920666868628295 -0.2983918446322166 -0.36901146173477173 -0.01101042899739125 0.9998301291071778 0.014781183403826878 0.0017304783686995506 0.29856170165665064 -0.010820657545619818 0.9543289913201661 1.0129005908966064
0.946133360360954 0.017159027901557055 -0.3233221801447634 -0.39255717396736145 -0.01185990320994227 0.9997612294451002 0.018352841585777678 -0.019191835075616837 0.323559897249242 -0.013529665919579681 0.9461109559835804 1.9565274715423584
0.9392246143901992 0.017079686425816778 -0.34287812417122454 -0.4202820360660553 -0.012221750655173832 0.9997920551901089 0.016324067803742633 -0.01229596883058548 0.3430856344041596 -0.011141395349515202 0.9392380511750796 1.583998441696167
0.9516074502715457 0.015090644266439107 -0.3069454887163374 -0.37731343507766724 -0.010770689523433949 0.9998177411842297 0.01576314246760564 -0.007197805680334568 0.3071274211705578 -0.011694309252282955 0.9515965480686835 1.3092138767242432
0.9712698243084308 0.011125670545519509 -0.237720734987048 -0.2925902009010315 -0.008772093445359144 0.9999015016800391 0.010956154187867249 -0.00947339367121458 0.23781921445597204 -0.00855607345194006 0.9712717512841754 1.2689166069030762
0.9894826388947888 0.007069240588416458 -0.14447883292478633 -0.1729358285665512 -0.005908508566466017 0.9999467454499493 0.008461429582192691 -0.016330797225236893 0.1445309546509855 -0.007518783249801341 0.9894717131106465 1.2604151964187622
0.9796060366482855 0.00994256443689493 -0.20068173403341039 -0.24229130148887634 -0.00792287729498888 0.9999095879712653 0.010864800895708928 -0.016657384112477303 0.20077161397370602 -0.00905324779032586 0.9795962421971822 1.4552688598632812
0.9789724850733049 0.010179788212576016 -0.20373817850698636 -0.24494129419326782 -0.008186130946381603 0.9999100360674604 0.010625772051884102 -0.02273036539554596 0.20382801752832272 -0.00873451106341999 0.9789677459380144 1.7415913343429565
0.9802266996682197 0.009787327880853913 -0.19763558756079952 -0.23785051703453064 -0.008026391445896962 0.9999206518448477 0.009709122232834589 -0.024370906874537468 0.19771493190426215 -0.007930840253563963 0.9802274774127511 1.8190253973007202
0.9883922278163364 0.007609148250572303 -0.1517330051609071 -0.18178655207157135 -0.006524403798792673 0.9999494869995343 0.007645626490893556 -0.02357042208313942 0.15178351737698448 -0.00656691040511183 0.9883919463150241 1.669276475906372
0.9824138612774893 0.009277452279922594 -0.186485747576183 -0.22385121881961823 -0.007681663950913583 0.9999274531777379 0.009277953461194494 -0.02324281632900238 0.18655829439829072 -0.0076822692400497945 0.9824138565444424 1.7357546091079712
0.9876501661569309 0.007798094293873714 -0.15648111392615655 -0.1874377578496933 -0.006635904249746461 0.9999463949663603 0.00794807955220783 -0.02203468792140484 0.15653470562458388 -0.006811528401458925 0.9876489705436143 1.5938489437103271
0.9963454379995444 0.004318047370767844 -0.08530605280048519 -0.10137750208377838 -0.00393328293322334 0.9999813228182001 0.0046779589704714 -0.020826030522584915 0.08532465917226141 -0.004325330237797429 0.996343813176692 1.3225877285003662
0.9880047617181805 0.007391198914315343 -0.15424642945887093 -0.18618144094944 -0.006248147655811091 0.9999493212498982 0.0078940219621592 -0.015485819429159164 0.15429695872917457 -0.006835576821080509 0.9880008721739322 1.2578686475753784
0.9892231551807812 0.006585800901541105 -0.14626748264964848 -0.17969317734241486 -0.005792763845336212 0.9999661270368552 0.005847107485248716 -0.015015151351690292 0.14630103602234715 -0.0049368011299976726 0.9892277972506588 1.185483694076538
0.9979454152857838 0.0033047157970628716 -0.06398458379629543 -0.0759647786617279 -0.0030587739692638665 0.9999875547799888 0.003941343291818502 -0.02021375484764576 0.06399681251351089 -0.0037375310887873617 0.9979431040141873 1.2233083248138428
0.9984197780157642 0.002646722896037096 -0.05613324972655519 -0.06881051510572433 -0.002540712580009455 0.9999948519113496 0.0019598291720860526 -0.02097383886575699 0.05613814787235144 -0.0018141137532059043 0.9984213626243945 1.1882338523864746
0.9999735916428838 0.0005940352225998741 -0.007243144274763288 -0.010397686623036861 -0.0005929248021176958 0.9999998121372852 0.00015545279954580667 -0.028630999848246574 0.007243235258484924 -0.00015115405440693764 0.9999737560033471 1.403666377067566
0.9999956230218656 0.00014211946858496904 -0.0029552900311152395 -0.005254179239273071 -0.0001421236299279388 0.9999999898997194 -1.198091002378953e-06 -0.028967127203941345 0.0029552898309939232 1.6181023050727813e-06 0.9999956331201637 1.3614660501480103
0.9999970424009244 0.00012732118598018783 -0.0024287813239681475 -0.004806799814105034 -0.00012755106177843878 0.9999999874010039 -9.449189813955792e-05 -0.029375461861491203 0.0024287692625474043 9.48014123071071e-05 0.999997046041918 1.3819128274917603
0.9999964476242628 0.00014109485423322363 -0.0026617346030626617 -0.004878140985965729 -0.00014146478330764206 0.9999999803621518 -0.00013879269132571835 -0.03355943784117699 0.00266171496785737 0.0001391687399907739 0.9999964479464373 1.6287105083465576
0.9996564611401794 0.001680064743315181 -0.02615601428260035 -0.03120209090411663 -0.001662675465196975 0.9999983820694139 0.0006865630722484618 -0.033172644674777985 0.026157125434396578 -0.0006428382479384052 0.9996576371678438 1.6357144117355347
0.9999999943782094 3.719058428615888e-05 9.929975564370905e-05 -0.0023445095866918564 -3.7172768483634674e-05 0.9999999832150858 -0.00017941018228556521 -0.025720901787281036 -9.930642634647726e-05 0.00017940649003013174 0.9999999789757723 1.2472325563430786
0.9999999572931457 6.297933712165391e-05 -0.0002853897512328298 -0.00274234008975327 -6.302669780517722e-05 0.9999999842449567 -0.00016594493631575606 -0.02608485147356987 0.00028537929563441397 0.00016596291640237745 0.9999999455074826 1.2602897882461548
0.9999999171045971 5.768515657681225e-05 -0.0004030672670923068 -0.00291008735075593 -5.775339308594491e-05 0.9999999840038183 -0.0001692835165612375 -0.0279855839908123 0.0004030574954986108 0.00016930678103072865 0.9999999044399301 1.3481541872024536
0.9999999484000458 5.491068565018319e-05 -0.000316519702471599 -0.0028827593196183443 -5.4980690948464e-05 0.9999999740310186 -0.00022116755041664464 -0.028756683692336082 0.00031650754979006785 0.00022118494147634987 0.9999999254500933 1.3818937540054321
0.9999998619118871 1.4059732982924906e-05 0.0005253365879180776 -0.0020403219386935234 -1.3904399137164749e-05 0.9999999561879599 -0.0002956869050800521 -0.027521761134266853 -0.0005253407221809419 0.0002956795597596056 0.9999998182953451 1.3290362358093262
0.999999989245933 3.96367687568445e-05 0.0001411986540659107 -0.0024058741983026266 -3.960951029988329e-05 0.999999980581784 -0.00019304796798191515 -0.02744627371430397 -0.00014120630312175066 0.00019304237309632186 0.9999999713977105 1.3310763835906982
0.9999998392705075 1.0338348713466614e-05 0.0005668792446465363 -0.0019342633895576 -1.0172051533696898e-05 0.9999999569189052 -0.00029335766109183693 -0.02637837827205658 -0.0005668822530585558 0.000293351847615719 0.9999997962945817 1.2730345726013184
0.9999999985249434 2.0709121177226064e-05 5.021200468635133e-05 -0.0023031558375805616 -2.0703200862422244e-05 0.9999999928350102 -0.00011790401515639798 -0.02482536807656288 -5.021444601511999e-05 0.00011790297543326416 0.9999999917886987 1.2022218704223633
0.999999017201472 0.00010902548688390865 -0.0013977515991888013 -0.003837027819827199 -0.00010914278106189088 0.9999999905293266 -8.384032272289513e-05 -0.027857763692736626 0.0013977424452191474 8.399279482151854e-05 0.9999990196301529 1.334430456161499
0.9999496078822878 0.00043063219970899405 -0.010029768290814254 -0.013104411773383617 -0.00042720242018882547 0.9999998495466608 0.00034409990985754895 -0.05519901216030121 0.010029914962303226 -0.00033979782864661766 0.9999496414036482 2.606083869934082
0.999986969007633 -1.7519705739903054e-05 -0.005105047305127545 -0.007404675707221031 1.4862461380913498e-05 0.9999998644030588 -0.0005205506427575524 -0.042470477521419525 0.005105055732792828 0.0005204679858976797 0.9999868336728445 1.878962516784668
0.9999999828499718 4.895173284568775e-05 0.0001786163033194864 -0.0024046108592301607 -4.892245275971255e-05 0.9999999853671063 -0.000163927973801881 -0.027405384927988052 -0.0001786243252641925 0.00016391923264285035 0.9999999706119173 1.3349647521972656
0.9858140807523209 0.009384283546009306 -0.16757843958213936 -0.20087625086307526 -0.008602131628222988 0.9999484598228031 0.005392682955150782 -0.05198773741722107 0.16762040902559378 -0.0038746509948829008 0.985843996562215 4.002811908721924
0.9670645069401416 0.01476710924088128 -0.2541026798388577 -0.31444618105888367 -0.013072316904453436 0.9998796295754244 0.008357086266261903 -0.07689880579710007 0.2541955033972291 -0.004760130752414375 0.9671411413066086 4.1757893562316895
0.9999998314591564 3.3542073756735154e-05 -0.0005796176219931129 -0.003117441898211837 -3.373691983066171e-05 0.9999999429302708 -0.00033615662243788937 -0.03053952567279339 0.0005796063135242686 0.00033617612029501433 0.9999997755210434 1.4459751844406128
0.999999876121456 6.247307611010084e-05 -0.0004938159447688079 -0.0029303664341568947 -6.253495676184e-05 0.9999999901950557 -0.00012529671874761327 -0.026866044849157333 0.0004938081122555234 0.00012532758398479263 0.9999998702232641 1.2961353063583374
0.9999999558179021 4.224731960801224e-05 -0.00029424370513883883 -0.002758411690592766 -4.231410724993598e-05 0.9999999733452125 -0.0002269781725985142 -0.027578985318541527 0.00029423410807643353 0.00022699061322983922 0.9999999309507733 1.3215370178222656
0.9999973606210468 0.00013256552304727331 -0.002293725642390953 -0.0047643305733799934 -0.00013250459522695668 0.999999990864427 2.67147639464723e-05 -0.03129272907972336 0.00229372916289311 -2.6410764248279888e-05 0.9999973690510386 1.4951705932617188
0.9999998700251103 1.967613435905811e-05 0.000509472876877671 -0.0020498407538980246 -1.9539541492301255e-05 0.9999999638676572 -0.00026810984776834656 -0.02716716192662716 -0.00050947813383461 0.00026809985805438167 0.9999998342772348 1.3151705265045166
0.9999998985571866 1.7312427736559543e-05 0.0004500954306088999 -0.002073517767712474 -1.7195934144461058e-05 0.9999999663576468 -0.00025882234332843255 -0.02694615349173546 -0.0004500998963097459 0.00025881457726138236 0.99999986521254 1.303434133529663
0.9999998370915831 1.9702706667398435e-05 0.0005704635050038478 -0.0019117854535579681 -1.9551797267551616e-05 0.9999999648174727 -0.0002645425877105428 -0.025449026376008987 -0.0005704686971385066 0.0002645313910275303 0.9999998022942849 1.2316631078720093
0.9999990162856518 5.317559476963871e-06 0.0014026401720471512 -0.001093295868486166 -5.0458176448380104e-06 0.9999999812197878 -0.00019373942178453886 -0.023125775158405304 -0.0014026411759261697 0.00019373215373376035 0.9999989975322896 1.1463868618011475
0.9999997364437601 2.329485633097031e-05 0.0007256512660019448 -0.0018206632230430841 -2.314177731355135e-05 0.9999999774798188 -0.00021096165492527158 -0.025857139378786087 -0.0007256561639815897 0.00021094480646500596 0.9999997144626693 1.2637224197387695
0.9999999703237812 2.386565975567294e-05 0.00024245178332490578 -0.0023265487980097532 -2.3798108469725008e-05 0.9999999609032567 -0.00027861646629221874 -0.028236113488674164 -0.00024245842321161747 0.0002786106881300972 0.9999999317949966 1.3601949214935303
0.9999999527637518 2.9741961850515355e-05 0.0003059214118706008 -0.002244631526991725 -2.9670316058354526e-05 0.9999999721353449 -0.00023419859527857854 -0.027326691895723343 -0.00030592836887189236 0.00023418950743093632 0.9999999257815513 1.3231092691421509
0.9999998627463533 2.0699996851637097e-05 0.000523525343140263 -0.0019790574442595243 -2.0583886060947998e-05 0.9999999751925732 -0.00022179079563251194 -0.026091188192367554 -0.0005235299212217175 0.00022177998900490322 0.9999998383650162 1.2680838108062744
0.9999996566836233 6.158757119500199e-06 0.0008286101046054542 -0.001612205058336258 -5.971759642214338e-06 0.9999999745168074 -0.0002256783612758265 -0.024530282244086266 -0.0008286114733880376 0.00022567333553636735 0.999999631237218 1.1964704990386963
0.9999986981272768 -1.0750663435111412e-05 0.0016135762065512967 -0.0008263546042144299 1.1154038836950064e-05 0.9999999686928801 -0.00024997965118372164 -0.022059956565499306 -0.0016135734685877776 0.0002499973236337067 0.9999986669401112 1.0898298025131226
0.9999999650403609 7.618374436181777e-05 -0.00025321002003249636 -0.0028549896087497473 -7.617672400371805e-05 0.9999999967139392 2.7734964300412896e-05 -0.02663055993616581 0.00025321213215386294 -2.771567462099756e-05 0.9999999675577282 1.3061118125915527
0.9999984875748527 -0.0002524039400855 0.0017207964023576185 -0.0004574464401230216 0.0002531861972522126 0.9999998647143622 -0.0004543875074922494 -0.03232550993561745 -0.0017206814803613628 0.0004548225021625146 0.9999984161946132 1.4446712732315063
0.9999993230348534 -1.2830831762385922e-06 0.001163584199244123 -0.001190841430798173 1.4846763776748554e-06 0.9999999849909299 -0.00017325107693189998 -0.021309668198227882 -0.0011635839594842643 0.00017325268719293332 0.9999993080276984 1.0524113178253174
0.9999998216079536 3.365980689355931e-05 0.00059636488696552 -0.0018647583201527596 -3.35797325301659e-05 0.9999999904206068 -0.00013428025871470598 -0.024341411888599396 -0.0005963694011002841 0.00013426020898678115 0.9999998131588494 1.1958281993865967
0.9999999680934433 5.2343330712563e-05 -0.0002471301039134091 -0.002615665551275015 -5.236922021008158e-05 0.999999993141897 -0.00010475528947340039 -0.02521732822060585 0.00024712461897780465 0.0001047682281418522 0.9999999639765199 1.2222561836242676
0.9999993472088802 5.277968124952458e-05 -0.001141400945661426 -0.0034807531628757715 -5.301654711048273e-05 0.9999999770679944 -0.00020749278636149655 -0.02764531411230564 0.0011413899680836872 0.0002075531640490558 0.999999327075086 1.304214596748352
0.9999996632069835 9.024007793634988e-05 -0.0008157466811941585 -0.0032365426886826754 -9.033383822884708e-05 0.999999989318677 -0.00011490188649929359 -0.02597125992178917 0.0008157363037257121 0.00011497553732987535 0.9999996606773967 1.2518694400787354
0.9999998874224509 1.901094419056997e-05 0.00047412410787920533 -0.001985027687624097 -1.8895189439575065e-05 0.999999970017437 -0.0002441476951888746 -0.025549745187163353 -0.0004741287351419569 0.00024413870903848922 0.9999998577991066 1.236603021621704
0.9999984147387359 -2.872015740802206e-05 0.001780363774059621 -0.0006235763430595398 2.921751356063288e-05 0.9999999605602367 -0.00027933109804889595 -0.02145112305879593 -0.00178035568140939 0.0002793826730388377 0.9999983761381664 1.061373233795166
0.9999998710606741 6.262728675439434e-05 0.0005039409268799222 -0.001985531998798251 -6.262062564187475e-05 0.9999999979517616 -1.323381005492013e-05 -0.023188814520835876 -0.0005039417546453483 1.3202251252433818e-05 0.999999872934196 1.1576544046401978
0.9999998855482667 9.816862811373824e-06 0.00047833783373024333 -0.001970820827409625 -9.686329503006233e-06 0.9999999627183602 -0.00027289091890996567 -0.025889072567224503 -0.00047834049482973784 0.0002728862543392556 0.9999998483617203 1.2488027811050415
0.9999999837982134 4.536606233354258e-05 -0.00017419957889723493 -0.0025967343244701624 -4.538723121757379e-05 0.9999999915865856 -0.00012151883772887349 -0.025648819282650948 0.00017419406460045456 0.00012152674219661663 0.9999999774438391 1.240217924118042
0.9999999502868654 3.831105757824811e-05 0.00031298327400790645 -0.002130986889824271 -3.826005381356542e-05 0.9999999859893871 -0.00016296439517469256 -0.024886276572942734 -0.0003129895129611457 0.00016295241231631535 0.9999999377420362 1.2125303745269775
0.9999997890998441 5.910838127901584e-05 -0.0006467661606404675 -0.003156434977427125 -5.9237140965941464e-05 0.9999999784320547 -0.00019906494260956957 -0.028954772278666496 0.0006467543802845233 0.000199103213204972 0.9999997710333148 1.3860150575637817
0.9999997630588646 6.000815970769743e-05 -0.0006857705410833302 -0.0031965591479092836 -6.0158873235613534e-05 0.9999999740445403 -0.00021975401729225518 -0.029033007100224495 0.0006857573362496746 0.0002197952204065386 0.9999997407134346 1.3862406015396118
0.9999998990897918 5.835929135987121e-05 -0.00044543753726763075 -0.002945367945358157 -5.843894254349315e-05 0.9999999823068871 -0.00017880468624665566 -0.027971602976322174 0.0004454270944716728 0.0001788306991020846 0.9999998848071359 1.34512197971344
0.9999995375757813 8.474463791525099e-05 -0.0009579491479412925 -0.0035722788888961077 -8.490484104767984e-05 0.9999999824183161 -0.0001671960987404131 -0.030678367242217064 0.0009579349621260849 0.0001672773559450255 0.9999995271893355 1.4705464839935303
0.9998347237818137 0.0010865572877117801 -0.01814785148177442 -0.023219741880893707 -0.0010881891510891842 0.9999994047183474 -8.00457508106421e-05 -0.031120188534259796 0.0181477537043975 9.978081624971095e-05 0.9998353109783996 1.5015337467193604
0.9999999828990448 3.084104126875947e-05 0.00018234785572478798 -0.0022451209370046854 -3.081978681667284e-05 0.999999992731769 -0.00011656158439661652 -0.025214815512299538 -0.00018235144928007633 0.00011655596248126215 0.9999999765813281 1.2276861667633057
0.9999980524616656 8.875521157867922e-05 -0.0019715971668193724 -0.004257059656083584 -8.867491847559167e-05 0.9999999952355582 4.081228121835876e-05 -0.027093935757875443 0.0019716007797284667 -4.063737051684216e-05 0.9999980555675942 1.2850552797317505
0.9999981052792 5.895873915420493e-05 -0.0019457548347651009 -0.003974460065364838 -5.917443477107447e-05 0.9999999921111961 -0.00011079708455515973 -0.025448910892009735 0.0019457482869590153 0.00011091201356816935 0.9999981008792611 1.1779375076293945
0.999999880281333 8.022928543525115e-05 -0.0004827013372430099 -0.002734330715611577 -8.025215663511933e-05 0.9999999956581924 -4.736249677212977e-05 -0.022471409291028976 0.00048269753528794123 4.7401228925279214e-05 0.9999998823780993 1.0900304317474365
