0.9999994209089242 2.3975981957766866e-05 0.0010759214508545714 -0.0009835161035880446 -2.4093833939548173e-05 0.9999999937120962 0.0001095230324873306 -0.014857303351163864 -0.00107591881816703 -0.00010954889213628878 0.9999994151986975 0.7764649391174316
0.9999989435709125 3.688161241575083e-05 -0.0014530990349833446 -0.004171696491539478 -3.676867320474424e-05 0.9999999963015295 7.774963397330302e-05 -0.013518746010959148 0.0014531018971409666 -7.76961233127767e-05 0.9999989412285339 0.7097396850585938
0.9999942116716434 2.2881456355644646e-05 -0.0034023667714485786 -0.006539701484143734 -2.2021620584591905e-05 0.99999996781518 0.00025275420339881233 -0.01157477218657732 0.00340237244532829 -0.0002526778147443591 0.9999941799908963 0.6242982745170593
0.9999994562517482 -6.009726035597264e-06 0.0010428135458054233 -0.0009045001352205873 6.0537396176786955e-06 0.999999999091112 -4.220341786917766e-05 -0.01502649299800396 -0.0010428132912266434 4.2209707842819056e-05 0.999999455379242 0.7722547054290771
0.9999999913781524 -1.3524179647372814e-05 -0.00013061696487131835 -0.00238997396081686 1.3520230033080035e-05 0.9999999994514037 -3.0238977354273668e-05 -0.01402189303189516 0.00013061737375702446 3.0237211122146534e-05 0.9999999910124062 0.7262148261070251
0.9999995212351382 -9.341184627285887e-05 0.0009740655632392196 -0.0009719744557514787 9.344769314769408e-05 0.9999999949582682 -3.675584855062392e-05 -0.015483038499951363 -0.0009740621248965677 3.6846855133074485e-05 0.9999995249225303 0.7644414305686951
0.9999979518175225 1.410041075656121e-05 -0.002023897709533812 -0.0045286016538739204 -1.3894897822016224e-05 0.9999999947465368 0.00010155716802633588 -0.01401068177074194 0.002023899130899124 -0.00010152883816684765 0.9999979467599938 0.719072699546814
0.9999896453586378 3.242157341025275e-05 -0.004550618018212178 -0.007829166017472744 -3.192282155745456e-05 0.999999993476329 0.00010967349680013078 -0.012632627971470356 0.00455062154431277 -0.00010952709260343295 0.9999896398700222 0.6668566465377808
0.999880349327739 0.00018566757391910455 -0.015467790915020882 -0.020638538524508476 -0.00017412798029583268 0.9999997055485462 0.0007473836145444882 -0.009063132107257843 0.015467925125409862 -0.0007446008144009003 0.9998800872414362 0.49503880739212036
0.9999918995697028 4.955032797990215e-05 -0.004024716107041926 -0.007037903182208538 -4.890232479797479e-05 0.9999999858270019 0.00016110418530876548 -0.013119085691869259 0.004024724032764853 -0.00016090606232125563 0.9999918878199459 0.6829979419708252
0.9999999826827806 2.8754910465327516e-05 -0.00018386841501044903 -0.0021465702448040247 -2.8741575361854916e-05 0.999999996956843 7.252748488805484e-05 -0.016130367293953896 0.0001838704999722428 -7.252219896417378e-05 0.9999999804660848 0.8039590120315552
0.9999996240403095 -5.771617849193532e-06 0.0008671135613989079 -0.0012078138533979654 5.79453052632354e-06 0.9999999996341622 -2.642156892877809e-05 -0.015769895166158676 -0.0008671134085864861 2.6426583511334524e-05 0.9999996237079155 0.7906472682952881
0.9999977957117554 1.634239899736475e-05 -0.0020995962841560845 -0.004868382588028908 -1.6244451285359263e-05 0.999999998779118 4.6667780966157383e-05 -0.013102585449814796 0.002099597044256222 -4.66335713073595e-05 0.9999977947563493 0.6903783679008484
0.9999999354686211 9.114088543645185e-06 0.0003591374213426783 -0.0016580394003540277 -9.140754005411724e-06 0.9999999972019107 7.424705925498939e-05 -0.015253689140081406 -0.0003591367436435074 -7.42503372505469e-05 0.9999999327538414 0.7740971446037292
0.9999993863365587 9.814958134653583e-06 0.0011078042120052094 -0.0008264953503385186 -9.728700396640256e-06 0.9999999969208804 -7.786906477230232e-05 -0.014663131907582283 -0.0011078049728757587 7.785823949162733e-05 0.999999383352928 0.7519674301147461
0.99999960676704 -1.9913553284622263e-08 0.0008868290505476216 -0.0012000042479485273 1.0105309495141194e-07 0.9999999958144224 -9.14939603778515e-05 -0.014808603562414646 -0.0008868290450137601 9.149401401623089e-05 0.9999996025814661 0.758992612361908
0.9999999241059658 2.432982445510745e-05 0.00038883945536433986 -0.001631478313356638 -2.435028464825249e-05 0.999999998319417 5.261396627774884e-05 -0.01587807759642601 -0.00038883817462229944 -5.262343063608328e-05 0.9999999230178211 0.7999867796897888
0.9999998361370458 -3.212049505083174e-05 -0.0005715716536806285 -0.003021855605766177 3.203603517927998e-05 0.9999999885679262 -0.0001477763169733012 -0.013873942196369171 0.0005715763937948372 0.00014775798186863256 0.9999998257339872 0.7201545238494873
0.9999814764623962 0.00011491416021386343 -0.006085517794090573 -0.009882183745503426 -0.00011322707879316033 0.9999999550665107 0.0002775727030000653 -0.012096972204744816 0.006085549417681087 -0.0002768785159688948 0.9999814445411338 0.659148633480072
0.9999991722100939 3.297541486547822e-05 -0.0012862704805691376 -0.003847172250971198 -3.290342306344358e-05 0.9999999978912126 5.599053286687367e-05 -0.014047295786440372 0.001286272324167716 -5.594816381667954e-05 0.9999991711863122 0.7275974750518799
0.9999370651359832 0.00014200777008141686 -0.011218092575399364 -0.015877828001976013 -0.00013893495666197594 0.9999999526199498 0.00027469469724897614 -0.011613817885518074 0.01121813105266698 -0.00027311882416976546 0.999937037488758 0.6233506202697754
0.9999606735037657 0.00018447475728514834 -0.008866646206948402 -0.014438902027904987 -0.00018256272768383137 0.999999959909728 0.0002164518255608929 -0.005197566468268633 0.008866685781380126 -0.00021482459415204206 0.9999606670932852 0.42711901664733887
0.9999092097448042 0.0002678012788948715 -0.01347221399755829 -0.018367823213338852 -0.00026089738454849825 0.9999998337606981 0.0005142092286133712 -0.009469710290431976 0.013472349463835881 -0.0005106476780302409 0.9999091133892486 0.5316977500915527
0.9999784581377065 0.0001612980539803311 -0.0065618018464904376 -0.010593020357191563 -0.00015957835474660558 0.9999999527879903 0.00026260001045060483 -0.011953121982514858 0.006561843893565247 -0.0002615472320145053 0.9999784366663921 0.664695143699646
0.9999995765612179 -6.133940634365254e-06 0.0009202389688482568 -0.0012405563611537218 6.143780059025099e-06 0.999999999923995 -1.0689423013263793e-05 -0.0149335116147995 -0.000920238903210028 1.0695072232773878e-05 0.9999995765228985 0.7689527273178101
0.999758800407463 0.0011881204814166418 -0.02193010208714144 -0.026230886578559875 -0.0011572654814928883 0.9999983227240603 0.001419607576688111 -0.047392673790454865 0.02193175196914629 -0.001393886217767987 0.9997584985069025 2.4397435188293457
0.9999996443662561 -2.231407728911147e-06 0.0008433637305511568 -0.0011627734638750553 2.4911699168553547e-06 0.9999999525629315 -0.000308006377843407 -0.01722385734319687 -0.0008433630032566416 0.00030800836926830026 0.9999995969347634 0.8772347569465637
0.999832566400238 0.00028503320936150423 -0.018296390944212766 -0.02389768324792385 -0.00027210310448311703 0.9999997115060623 0.0007091880518889156 -0.0015736166387796402 0.018296587807961368 -0.0007040908052037224 0.9998323555130249 0.15974712371826172
0.9998427477033089 0.0004597753682532978 -0.0177276188956275 -0.024174002930521965 -0.0004462987288288658 0.9999996084425468 0.0007641545644587227 0.005740813910961151 0.017727963293692462 -0.0007561225856201533 0.999842561404591 -0.12765640020370483
0.9999403467864675 0.0005314878625655144 -0.010909646612579035 -0.01724814996123314 -0.0005262942212952283 0.9999997468226153 0.000478924940164276 0.0005023814737796783 0.010909898393296012 -0.00047315468678398086 0.9999403733431762 0.23887524008750916
0.9999960888342594 0.0002878401752769399 -0.0027819892554949064 -0.006540624424815178 -0.00028827904398061137 0.999999946067478 -0.00015735385017494867 -0.014990155585110188 0.0027819438126953943 0.00015815522394089907 0.9999961178802388 0.7777667045593262
0.999996546757176 0.00017853827326684001 -0.002621945424298848 -0.00486612506210804 -0.0001785361931896649 0.999999984061886 1.0273899734018386e-06 -0.024129176512360573 0.0026219455659384143 -5.592742707694087e-07 0.9999965626946606 1.199091911315918
0.9999969772794334 8.449155767942956e-05 -0.0024572938718595084 -0.004693097434937954 -8.482601191485225e-05 0.999999987153889 -0.0001360028278697148 -0.021584447473287582 0.002457282349202064 0.00013621085921042256 0.9999969716004433 1.013491153717041
0.999999091968843 7.354330142191061e-05 -0.001345605020877932 -0.004538781009614468 -7.335479187966865e-05 0.9999999874897041 0.00014014159259527907 -0.012952204793691635 0.001345615310519401 -0.00014004275876608786 0.999999084853312 0.7008600234985352
0.9999978861937058 -1.3081967332364011e-05 0.0020560731948284115 5.036767106503248e-06 1.347308433766863e-05 0.9999999818190308 -0.0001902114986181839 -0.01569255441427231 -0.002056070669106397 0.0001902387981954792 0.9999978681890294 0.816490650177002
0.9999931383378523 -1.6002859454292867e-05 0.00370445962609862 0.0017615500837564468 1.6353207451102548e-05 0.9999999953969658 -9.454438585842607e-05 -0.013307592831552029 -0.003704458096066346 9.460431692355217e-05 0.9999931339965478 0.7273387908935547
0.9999942606442931 -1.6910882478574867e-05 0.0033879776409310247 0.0013935115421190858 1.732162777778577e-05 0.9999999925044334 -0.00012120682439670974 -0.013463979586958885 -0.00338797556582185 0.0001212648140352461 0.9999942534416936 0.7294322848320007
0.99993781365195 -0.00021066457323353911 0.011150087416504861 0.011736072599887848 0.00021127945893477273 0.9999999762242026 -5.396836719791028e-05 -0.011271584779024124 -0.011150075782179598 5.632079553867859e-05 0.9999378343867281 0.6042687892913818
0.9999994737555117 -3.183082727895789e-05 0.0010254147932891612 -0.0011073541827499866 3.17204665047028e-05 0.9999999937035514 0.00010764157809790107 -0.012632530182600021 -0.00102541821315317 -0.00010760899481650993 0.999999468468755 0.6711598634719849
0.9999964861908144 -1.568570008682471e-05 0.00265091681933275 0.0006560735637322068 1.543733781427715e-05 0.9999999954900964 9.370963428739713e-05 -0.012600131332874298 -0.00265091827727859 -9.366838191116582e-05 0.9999964819230722 0.6864712834358215
0.9999999924247365 0.00011849891997012386 3.329463996734757e-05 -0.0014539600815623999 -0.00011850751151780632 0.9999999596540193 0.0002581626027613453 -0.015127434395253658 -3.326404663443878e-05 -0.00025816654647062493 0.9999999661217682 0.76954185962677
0.9999870725473747 0.0005431217444596064 -0.00505566582181592 -0.011313929222524166 -0.0005399422270059099 0.9999996556264584 0.000630245472465454 -0.00915522687137127 0.00505600638079882 -0.0006275075575341375 0.9999870214326495 0.5621175765991211
0.9998991962399392 1.1649897227011447e-05 0.01419849368783167 0.015914443880319595 -1.188813395719631e-05 0.999999999789981 1.6694613473802136e-05 -0.009277451783418655 -0.014198493490359187 -1.6861724188942568e-05 0.9998991961684369 0.518413782119751
0.9999568265023138 0.0006625705791689701 -0.009268556071429722 -0.015321102924644947 -0.0006563284991883001 0.9999995557943524 0.0006764939017141442 -0.012007828801870346 0.009269000179241033 -0.0006703814776102397 0.9999568171797979 0.6902682185173035
0.9999976278961826 3.643724533716457e-07 0.0021781188845357625 5.857954965904355e-05 1.4741476880511917e-08 0.9999999848523158 -0.00017405564611559224 -0.015485436655580997 -0.002178118914963388 0.00017405526534621885 0.9999976127485289 0.8075629472732544
0.9999964722724491 -6.649943436723879e-06 0.002656199999094625 0.0005783213418908417 6.860761050053229e-06 0.9999999968275379 -7.935902100825144e-05 -0.013934552669525146 -0.00265619946293493 7.937696460474155e-05 0.9999964691456219 0.7475103139877319
0.9999984533010031 9.076838782649277e-06 0.0017587817410631146 -0.00027832260821014643 -8.927190724466966e-06 0.9999999963396554 -8.509403363741326e-05 -0.01449325680732727 -0.001758782507010192 8.50782010425116e-05 0.9999984497216947 0.7586261034011841
0.9999983621088905 -2.3202628219616023e-05 0.0018097627398021537 -0.00017402542289346457 2.3415064825680867e-05 0.99999999283888 -0.00011736257810146182 -0.014456190168857574 -0.0018097600037219588 0.00011740476158621014 0.9999983554910732 0.7510718107223511
0.9999972289591474 1.517321442189266e-05 0.0023541121044094756 0.00025165441911667585 -1.5061895462541755e-05 0.9999999987677002 -4.730474711548716e-05 -0.014123242348432541 -0.002354112819273575 4.7269158641676656e-05 0.9999972279553884 0.7499690651893616
0.9999983113126084 -1.3280250064018024e-05 0.001837714767390616 -0.0003407956101000309 1.3568189468891215e-05 0.9999999876350469 -0.00015667102521094248 -0.015027771703898907 -0.0018377126640369667 0.00015669569510471136 0.9999982991278652 0.7873066663742065
0.9999966079907597 4.697981072783713e-06 0.002604608397345789 0.0005517714889720082 -4.705261486473523e-06 0.9999999999850406 2.7890770363218787e-06 -0.013259109109640121 -0.0026046083842037947 -2.8013229393261764e-06 0.9999966079979058 0.7104079127311707
0.999989343314743 -5.2028135590392596e-05 0.004616335128913213 0.002784413518384099 5.182159522249321e-05 0.9999999976510155 4.48608011187992e-05 -0.01197770144790411 -0.004616337452093356 -4.462109720089938e-05 0.9999893436619643 0.6604021191596985
0.9999984322994959 -2.9136269171239466e-05 0.00177046593536148 -0.0004957452183589339 2.898426515004331e-05 0.9999999958921854 8.58809746745026e-05 -0.011667374521493912 -0.0017704684303399287 -8.582952438474569e-05 0.9999984290361811 0.6449047327041626
0.9999872071210592 0.0004603648444863111 0.005037227256504634 0.0013772356323897839 -0.0004635908771971036 0.9999996881962826 0.0006392893209521091 -0.0037383344024419785 -0.005036931379549628 -0.0006416163552037023 0.9999871087422728 0.40536630153656006
0.9999980219529708 0.00012591366459820507 0.0019850027443385665 -0.0034231056924909353 -0.00012583792624797018 0.999999991349724 -3.828013568233879e-05 -0.004582354333251715 -0.0019850075471599094 3.803027133348603e-05 0.9999980291474262 0.392901211977005
0.9999989652122724 4.96432255293395e-05 0.001437744738955813 -0.0007766375783830881 -4.976322978825662e-05 0.9999999952814145 8.343135991620385e-05 -0.01522790640592575 -0.001437740590369875 -8.350282040427804e-05 0.9999989629640991 0.8058298230171204
0.9999966268452878 -3.298301544488752e-05 0.002597154243932186 0.000643746112473309 3.3297740544908344e-05 0.9999999921084706 -0.0001211376038261399 -0.014348331838846207 -0.0025971502279532096 0.0001212236745784303 0.9999966200520449 0.7547471523284912
0.9999972507379603 -4.094162897565238e-06 0.0023448880054751944 0.00020175997633486986 4.310741250951485e-06 0.9999999957258127 -9.23568712119769e-05 -0.014823083765804768 -0.002344887617328629 9.236672550419087e-05 0.9999972464814338 0.786403477191925
0.9999999411209086 -1.629356471112242e-05 0.0003427720796734804 -0.0022345155011862516 1.6281020755097326e-05 0.9999999991977434 3.659837632380785e-05 -0.016472110524773598 -0.0003427726757165023 -3.6592793489585274e-05 0.9999999405839282 0.8378729820251465
0.9998975603529727 0.0007466991715830779 -0.01429374830198831 -0.016489943489432335 -0.0007470135929241241 0.9999997208465619 -1.6658050140035907e-05 -0.045079901814460754 0.014293731873287084 2.7333967970680783e-05 0.9998978390225618 2.0923523902893066
0.9999822277244396 0.0004497980320186986 -0.005944906811526476 -0.009708435274660587 -0.00045077744599649025 0.9999998850485057 -0.00016340951549943518 -0.024479374289512634 0.005944832626872069 0.00016608644124968357 0.9999823155337961 1.2374963760375977
0.9999856882377172 0.0002329752395193715 -0.005345001616177176 -0.007280374877154827 -0.0002317303945216106 0.9999999458854109 0.00023351702213597364 -0.03350229561328888 0.005345055730618774 -0.00023227508076262846 0.9999856881113466 1.6086170673370361
0.9999632197751842 0.000356769706299435 -0.008569236385094044 -0.011561530642211437 -0.0003605637407738361 0.9999998376638529 -0.00044120976545251775 -0.04026584327220917 0.008569077583718786 0.00044428329358473813 0.9999631860832275 1.8021363019943237
0.9999999905161869 3.9804004869474175e-05 0.00013184561876396182 -0.002088414505124092 -3.9795843375030296e-05 0.9999999972920962 -6.190394607959675e-05 -0.01995670050382614 -0.00013184808243190774 6.189869858491727e-05 0.9999999893923172 0.989032506942749
0.9999998173266795 2.0194028072484597e-05 0.0006041016542473784 -0.0016232281923294067 -2.012151308574667e-05 0.9999999925923342 -0.00012004355939278395 -0.020457565784454346 -0.0006041040739354036 0.00012003138202468732 0.9999998103253496 1.0077098608016968
0.9999999574499341 6.9992241206826426e-06 0.00029163528753583536 -0.001752129988744855 -6.993769728896154e-06 0.9999999998006276 -1.8703799606998632e-05 -0.01831592433154583 -0.00029163541838977665 1.8701759181104882e-05 0.9999999572995125 0.9075779914855957
0.9999998125638049 1.570626429192445e-05 0.0006120667188587329 -0.001457401318475604 -1.5637595339866526e-05 0.9999999935836984 -0.00011219656324593785 -0.017981406301259995 -0.0006120684771204033 0.00011218697096457042 0.9999998063931127 0.8832040429115295
0.9999998434368093 2.9532066832357883e-05 0.0005587971137368406 -0.0018195253796875477 -2.95031199223182e-05 0.9999999982226268 -5.181035467266821e-05 -0.022564634680747986 -0.0005587986428105062 5.179386030281493e-05 0.9999998425307242 1.1137555837631226
0.9999999456236951 2.3716562031250523e-06 0.00032976807264326925 -0.0017743115313351154 -2.343525600173374e-06 0.9999999963588194 -8.530456427400481e-05 -0.020999982953071594 -0.00032976827375562324 8.530378681553747e-05 0.999999941988073 1.0143433809280396
0.9999974566802686 9.991735053781476e-05 -0.0022531421431629555 -0.004144134931266308 -9.97928028268367e-05 0.9999999934866888 5.538969903360357e-05 -0.021681085228919983 0.0022531476628795143 -5.5164710790255615e-05 0.9999974601380065 1.0496655702590942
0.9998763586262518 0.0006714881580195308 -0.015710396683745582 -0.01680975966155529 -0.000662564276371232 0.9999996162125114 0.0005732219547447419 -0.05144711583852768 0.01571077556604642 -0.0005627419331845236 0.9998764197902809 2.513472557067871
0.9992678784530172 0.0015616572949190164 -0.03822653945231448 -0.0407608300447464 -0.001548198745451364 0.9999987287024167 0.00038167289025114163 -0.09507595002651215 0.03822708689726059 -0.0003222111788812692 0.999269025842043 4.328212261199951
0.9996139735972457 0.0007679779676843311 -0.027772540376534316 -0.030029911547899246 -0.0008059143492485771 0.999998757509039 -0.0013547997785809994 -0.08300775289535522 0.02777146541302336 0.001376659078900556 0.999613350510383 3.432950973510742
0.9999969372719412 0.00010503976186463575 -0.0024727339900929676 -0.004742967896163464 -0.00010421659598967647 0.9999999391171042 0.0003330235562039432 -0.01679109036922455 0.002472768820260801 -0.0003327648363241179 0.9999968873361182 0.862545371055603
0.9999861601963768 0.00020579421755761258 -0.005257096579517224 -0.007114842534065247 -0.0002027288381237516 0.9999998091444299 0.0005836198437272004 -0.025944609194993973 0.00525721568176015 -0.0005825460014617027 0.9999860110638706 1.2340244054794312
0.9999527979566435 0.0003131237575416746 -0.009711014992911464 -0.011467739008367062 -0.0003102093701029541 0.9999999063988655 0.0003016163241696927 -0.04195396602153778 0.009711108527186202 -0.00029858963941887086 0.9999528014938508 1.9615377187728882
0.9999999972815893 2.399040439778302e-06 7.369576653256877e-05 -0.0018610931001603603 -2.3907251185784093e-06 0.9999999936315024 -0.0001128329727991532 -0.019349630922079086 -7.369603675410213e-05 0.00011283279630610665 0.9999999909188271 0.9811489582061768
0.9999938596648238 9.11082534989846e-05 -0.003503188823788094 -0.005624265410006046 -9.176778131403665e-05 0.9999999780976457 -0.00018810471223446596 -0.026833191514015198 0.003503171609168204 0.00018842503707436773 0.9999938461234061 1.2252516746520996
0.9999711604481663 0.00027984873847316084 -0.0075894635272720674 -0.009099679999053478 -0.0002762288759932819 0.9999998476053703 0.0004780029756233953 -0.02984422631561756 0.0075895961392082965 -0.00047589276125227265 0.9999710853602337 1.4172437191009521
0.9999662004359346 0.00023203918406060773 -0.008218524413615117 -0.010068151168525219 -0.00023217860257195442 0.9999999729183904 -1.6009839865057836e-05 -0.03317040205001831 0.008218520476134068 1.7917464253006292e-05 0.9999662272297739 1.4571741819381714
0.9998995566042314 0.0002661344674631914 -0.014170598967813315 -0.015223481692373753 -0.0002632943977084984 0.9999999448783943 0.0002022851168703165 -0.05858413875102997 0.014170652021749 -0.00019853375934586552 0.9998995715598766 2.7749600410461426
0.9991770650506785 0.0013547351434436284 -0.04053834443342928 -0.04321172833442688 -0.0013508616319610172 0.9999990800284188 0.00012294375813993744 -0.12100385129451752 0.040538473695534274 -6.808088930622308e-05 0.9991779758959007 5.314450263977051
0.997917406029928 0.0031487488627001763 -0.06442775894829153 -0.06610190123319626 -0.003179165640196296 0.9999948781406216 -0.000369592146950041 -0.16447417438030243 0.06442626520551778 0.0005736489540966749 0.9979223052314972 7.571009159088135
0.9979870888422749 0.0027334010187879433 -0.06335849606005298 -0.06565962731838226 -0.002719272237292197 0.9999962549613703 0.00030922764031690564 -0.15918876230716705 0.06335910402318479 -0.00013631619321674565 0.997990784203579 7.022047519683838
0.9975099817575666 0.003003364371596564 -0.07046145113798626 -0.07471780478954315 -0.0030245880512579067 0.9999954070039055 -0.00019452047122691974 -0.1733495146036148 0.07046054329296354 0.000407152974891284 0.997514484138108 7.776733875274658
0.998437001293025 0.0018573997698202351 -0.055857895727342934 -0.057544875890016556 -0.001872768119045246 0.9999982215507607 -0.0002227888860767706 -0.1431587040424347 0.055857382578885055 0.0003270495536510258 0.998438704102573 6.25554084777832
0.9983103447254849 0.0027554594868074798 -0.058041907765857145 -0.059823937714099884 -0.00273984883907808 0.9999961858691625 0.00034853330752547155 -0.1418876200914383 0.05804264675583555 -0.00018891835277390622 0.9983140865816897 6.543607711791992
0.9985807126498936 0.0021501224106166587 -0.05321594965092406 -0.05484643206000328 -0.0021271452216748256 0.9999976183525531 0.0004884080540465228 -0.13000580668449402 0.05321687304639598 -0.0003745168096568733 0.9985829080053007 5.847056865692139
0.9961051565866805 0.003763350517342728 -0.08809287266463836 -0.09123769402503967 -0.003670855678397273 0.9999925279703884 0.001211949660736394 -0.2063748687505722 0.08809677542346797 -0.0008838530847356845 0.9961115283760706 9.152276992797852
0.9972085718044947 0.002527958376891762 -0.07462354686079126 -0.0774516761302948 -0.00259835202314594 0.9999962662091992 -0.0008462472594670079 -0.19761626422405243 0.07462112895422998 0.0010377832649666255 0.9972114169620658 8.599751472473145
0.9985098767150616 0.0024360834838573833 -0.05451689279234686 -0.05525615066289902 -0.0023762469183866534 0.9999965011641302 0.0011623726084257265 -0.12369120121002197 0.05451953368340031 -0.0010310949314383069 0.99851217182876 5.471855163574219
0.9993675926632972 0.0015164652736879684 -0.03552625884383935 -0.0380951426923275 -0.0015148286632030617 0.9999988499830531 7.29841916650212e-05 -0.09745576977729797 0.03552632866603181 -1.9121840733729812e-05 0.9993687405586928 4.254904270172119
0.9990396403078061 0.0015303672630842594 -0.04378875505982358 -0.0470680296421051 -0.0015421553337062533 0.999998783165573 -0.00023542366047832615 -0.118531733751297 0.043788341491495957 0.0003027266312560777 0.9990407847060152 5.041865348815918
0.9977454882160066 0.002502278113905649 -0.06706473998192782 -0.06766989082098007 -0.002459643612222293 0.9999967171047442 0.000718284787021731 -0.15671414136886597 0.06706631716371321 -0.0005517100462032296 0.9977483674344556 6.723735809326172
0.998051126820178 0.002406029209982177 -0.06235510625773743 -0.06031309440732002 -0.0023629882489009874 0.9999969162978053 0.0007639904553966008 -0.14313159883022308 0.06235675215651124 -0.0006151571515424325 0.9980537345464774 6.40700101852417
0.9987150490348203 0.001674740923961871 -0.0506502327162859 -0.05405168607831001 -0.0016876430197047218 0.9999985534652972 -0.00021196308903068264 -0.13119475543498993 0.050649804465707 0.0002971702385449098 0.9987164307236739 5.6004838943481445
0.999734960685069 0.0007881742053001563 -0.02300841510068195 -0.026298463344573975 -0.0007966642895480244 0.9999996179222401 -0.0003598352167214518 -0.06869720667600632 0.023008122696842274 0.0003780698289119348 0.9997352066188182 2.9082398414611816
0.9999215914713262 0.000462824656737176 -0.012513860427045683 -0.014127749018371105 -0.00046104393848522823 0.9999998831800206 0.00014518413180675052 -0.04091590642929077 0.012513926159972733 -0.00013940330863564915 0.999921688043009 1.8564589023590088
0.9996760749290065 0.0009006353164526372 -0.025434898674110275 -0.0270648505538702 -0.0008987321003001898 0.9999995924199764 8.625829255262726e-05 -0.06759094446897507 0.025434965994618284 -6.337119142278272e-05 0.9996764769108778 2.8565945625305176
0.99973737276991 0.0007987967838110648 -0.022903000039645176 -0.02573859691619873 -0.0007913387212063584 0.9999996308799747 0.000334698285637763 -0.06131252646446228 0.02290325894160334 -0.00031648635399092814 0.9997376358656512 2.7164664268493652
0.9998369005486617 0.0004262664223752127 -0.01805520972413926 -0.02017952688038349 -0.000431976084315249 0.9999998579218573 -0.0003123346406381126 -0.05802791565656662 0.018055074021118746 0.0003200831178277149 0.999836942630592 2.425571918487549
0.9999671295409869 0.00024030151039822455 -0.008104448947545966 -0.010005547665059566 -0.0002386893665302398 0.9999999515361854 0.0001998875014922303 -0.04174543172121048 0.008104496588041972 -0.00019794648531293885 0.9999671384361806 2.014626979827881
0.9998462728572173 0.0006541387844319919 -0.01752149411384665 -0.020815277472138405 -0.0006540224559944325 0.9999997860507902 1.2369349734150887e-05 -0.05581197142601013 0.01752149845640823 -9.079976163281959e-07 0.9998464867623517 2.498523712158203
0.9999972240787098 5.107287962362878e-05 -0.0023556796121689694 -0.004094568081200123 -5.150772530281052e-05 0.9999999816470271 -0.0001845342774476041 -0.020917443558573723 0.002355670144238307 0.00018465510089333962 0.9999972083564358 1.000910997390747
0.9999999472708649 0.00017813161714445587 0.0002715278886389886 -0.0014639492146670818 -0.0001781011705732973 0.9999999778511073 -0.00011215060454310624 -0.013286171481013298 -0.0002715478601934975 0.00011210223919469196 0.9999999568474229 0.7136019468307495
0.9999976015621604 0.00035758577026735733 0.002160787436105107 0.00025770836509764194 -0.0003570221870052071 0.9999999021540215 -0.0002612031891303913 -0.008332788944244385 -0.0021608806272243267 0.000260431113594687 0.99999763138247 0.553514301776886
0.999997174733288 0.0002551690352184059 -0.0023633480923283233 -0.0051368726417422295 -0.0002550391684462301 0.999999965951144 5.525154676062755e-05 -0.013304265215992928 0.0023633621103429057 -5.4648644328055296e-05 0.9999972057626266 0.7179619073867798
0.999999439061713 0.0002398859534953342 0.0010316641840357023 -0.0004171767504885793 -0.0002397203299046613 0.9999999583611224 -0.00016066087489234243 -0.01239238865673542 -0.0010317026813655267 0.00016041347389295863 0.9999994549283987 0.6747329831123352
0.9999998813363947 0.0004803227910978008 8.13462530409104e-05 -0.002121379366144538 -0.0004803102477270207 0.9999998727704253 -0.00015414668030292703 -0.008415988646447659 -8.142028285498278e-05 0.00015410759057237644 0.999999984810794 0.5364347100257874
0.9999925126531097 0.0003083658947546729 -0.00385740174151568 -0.007599298842251301 -0.00030842554875235527 0.9999999523262817 -1.4869959988996236e-05 -0.007256953977048397 0.003857396972230478 1.6059569901332817e-05 0.9999925600876685 0.48362576961517334
0.9999919053254458 0.0004984256832528603 -0.003992600083044674 -0.007018722593784332 -0.0004980875330444957 0.9999998722831694 8.568812312264444e-05 -0.005317281000316143 0.00399264228228376 -8.369876517937763e-05 0.9999920258692679 0.4308784604072571
0.9999890899283518 0.0004460382590746919 -0.004649846679023418 -0.00783966202288866 -0.0004460041459551793 0.9999999005050898 8.373325154881623e-06 -0.013487337157130241 0.004649849951210715 -6.299382904403881e-06 0.9999891893694398 0.7586407661437988
0.9999437058976337 0.0006190372545373489 -0.010592536456590836 -0.013865471817553043 -0.0006147213612491709 0.9999997267225271 0.00041069760055171113 -0.03131048381328583 0.010592787799004333 -0.0004041630222692671 0.9999438131709685 1.5201325416564941
0.9998748251631121 0.0005075129670043122 -0.01581380522279232 -0.015829535201191902 -0.0005046600280973338 0.9999998556577793 0.00018439814750770682 -0.05425085127353668 0.015813896524643503 -0.00017639447011160995 0.9998749369604675 2.5568737983703613
0.9998091951314985 0.0007937337756665861 -0.019517769267994884 -0.020215224474668503 -0.0007869338942196929 0.9999996269737269 0.0003560722583673108 -0.059491679072380066 0.0195180446139322 -0.00034064512387033135 0.9998094467924116 2.7288990020751953
0.999588012107895 0.0013229196631447996 -0.028671517813873077 -0.027865909039974213 -0.0013232940192044692 0.9999991244285769 5.917605910748479e-06 -0.08223870396614075 0.02867150053842864 3.202568011584964e-05 0.9995888875088751 3.877798080444336
0.999451463110817 0.0018491135923825283 -0.03306589881690627 -0.035233043134212494 -0.0018573234037818813 0.9999982515044363 -0.00021757261775900912 -0.09223653376102448 0.03306543868484405 0.00027886733889181584 0.999453149976319 4.140227317810059
0.9995414134259748 0.0016601803257267455 -0.030235850371548897 -0.03258051350712776 -0.001665151773147447 0.9999986039394206 -0.0001392436076509673 -0.08631695806980133 0.0302355769909722 0.0001895270322607853 0.9995427824578231 3.901188373565674
0.9999336546793862 0.0003705218906363391 -0.01151299062167802 -0.01460571214556694 -0.00037575416236822163 0.9999998271135784 -0.0004523070009200668 -0.040252797305583954 0.01151282104159314 0.00045660304661447663 0.9999336210295773 1.8032020330429077
0.9999958871945988 0.000199209386624242 -0.002861102848195387 -0.006088132970035076 -0.00019903677408945897 0.9999999783550694 6.061537513012165e-05 -0.014810020104050636 0.002861114861418714 -6.004566114963643e-05 0.9999959051997507 0.7861266136169434
0.9999979712514134 0.00019109210774289338 0.0020052373584590368 0.0007751579396426678 -0.00019068789964722424 0.9999999614644163 -0.00020176543585893533 -0.01295391470193863 -0.002005275836968452 0.00020138265202741378 0.9999979691548605 0.7009299397468567
0.9999958681700384 0.0002750751035597726 -0.0028614640550865275 -0.0062425872310996056 -0.00027498931688550363 0.9999999617291657 3.0373387308288724e-05 -0.014486683532595634 0.00286147230053857 -2.9586389764816343e-05 0.9999959055420771 0.7625165581703186
0.9999977981541593 0.00010542329248312242 -0.002095846550417354 -0.005249766632914543 -0.00010537976818549362 0.9999999942296205 2.0877348721906105e-05 -0.014825679361820221 0.002095848739282364 -2.0656442929567305e-05 0.9999978034932745 0.7898335456848145
0.9999998776370999 -1.2256944434030341e-05 0.0004945458045167983 -0.0016829862724989653 1.2267172840975478e-05 0.9999999997109396 -2.067939783915658e-05 -0.01558683067560196 -0.0004945455509076143 2.0685461987627274e-05 0.9999998774983974 0.8074132800102234
0.9999985903145447 -2.1661294152430673e-05 0.0016789579244574056 -0.00010260846465826035 2.2255047149851653e-05 0.9999999372267209 -0.0003536258865730928 -0.016235891729593277 -0.0016789501590693616 0.0003536627533595952 0.999998528023427 0.8576571345329285
0.999999361237676 0.00028631783400896054 0.0010934104158882808 -0.000995564740151167 -0.00028604205507764733 0.9999999272453926 -0.0002523670977061594 -0.011155550368130207 -0.0010934825935384257 0.00025205417514116165 0.9999993703820569 0.6727930307388306
0.9999964613105579 0.0002008549764758682 -0.002652738894062277 -0.005804706364870071 -0.00020096078811733412 0.9999999790224604 -3.962120709475053e-05 -0.01489218045026064 0.002652730880297723 4.015416338642356e-05 0.999996480697067 0.7949638366699219
0.9999957453665913 0.00014906872577044334 -0.002913250286274862 -0.006340579129755497 -0.00014905502702224738 0.9999999888791995 4.919338718547998e-06 -0.015274899080395699 0.0029132509871967406 -4.485083188421868e-06 0.999995756465281 0.8092257380485535
0.9999976433406331 0.0001921532861202319 0.002162496310987778 0.0009002793813124299 -0.00019151406567861172 0.9999999379132575 -0.00029579696465385156 -0.013152913190424442 -0.0021625530150842084 0.00029538211910063177 0.9999976180540937 0.7033728957176208
0.9999998519424416 0.0005084963547452734 -0.00019376932802985997 -0.0018469225615262985 -0.0005085160533059389 0.9999998655419694 -0.00010162414577604988 -0.011030301451683044 0.00019371762646833648 0.00010172266554376847 0.9999999760629901 0.6214488744735718
0.9995528035865466 0.0017215807586572623 -0.02985345879401605 -0.0342317670583725 -0.0016703742783073946 0.9999970909201934 0.001740115203362757 -0.053045980632305145 0.029856367696773866 -0.0016894705803967831 0.9995527714918874 2.765185832977295
0.9994162679492116 0.0017547144413780575 -0.03411809396345207 -0.03492076322436333 -0.0017336118203231075 0.9999982872835225 0.0006480895601450567 -0.08443491160869598 0.034119172740940854 -0.0005885637185150838 0.9994175982261985 3.803091526031494
0.9997343179656109 0.0012127572624584363 -0.02301787787040934 -0.027216123417019844 -0.0012287135210340826 0.9999990145554637 -0.0006790811325317386 -0.07730758190155029 0.023017031626992084 0.0007071830906398154 0.9997348229141357 3.419711112976074
0.9999767011293306 0.00023510485932322199 -0.006822164187853586 -0.008729847148060799 -0.00023335653477731953 0.9999999397308652 0.0002570661261982046 -0.02931467816233635 0.0068222242141830905 -0.0002554681402532175 0.9999766957248555 1.3697092533111572
0.9998720698615717 0.0007137784194248761 -0.015979187435672188 -0.01958174630999565 -0.0007234385022008769 0.9999995590558931 -0.0005987693656623724 -0.052216485142707825 0.015978753001092232 0.0006102527244393864 0.9998721453486654 2.3656983375549316
0.9999987055655306 0.00015599171658204974 -0.001601416200582686 -0.004518873058259487 -0.00015599195255350327 0.999999987833255 -2.244763392941763e-08 -0.01818873919546604 0.0016014161775970183 2.7225564485213236e-07 0.9999987177322539 0.9144503474235535
0.9999999508584498 3.6020560762748e-05 0.0003114251391363108 -0.0017266494687646627 -3.59811662884891e-05 0.9999999913512886 -0.00012650208973820636 -0.017003362998366356 -0.0003114296931190947 0.0001264908780819799 0.9999999435058005 0.8493801355361938
0.9999999174152324 5.9883185556093795e-05 -0.0004019745418746728 -0.0025350255891680717 -5.986720507523363e-05 0.9999999974172566 3.976687240423379e-05 -0.017673149704933167 0.0004019769222034749 -3.974280402776244e-05 0.9999999184175283 0.8821020126342773
0.9999999691991078 3.930921017224456e-05 0.00024506441829287524 -0.0017768412362784147 -3.9306124255909604e-05 0.9999999991481712 -1.259706951922777e-05 -0.01687636971473694 -0.00024506491326497555 1.2587436598750671e-05 0.9999999698923718 0.8501098155975342
0.9999999957340625 3.635444641875502e-05 -8.49130704826001e-05 -0.0021458561532199383 -3.6355044776070974e-05 0.9999999993143383 -7.045171621437907e-06 -0.018686454743146896 8.491281430106423e-05 7.048258609863113e-06 0.9999999963700681 0.9260554313659668
0.9999999765976996 5.190235687921962e-05 -0.00021002558231240234 -0.0023508495651185513 -5.1911515415472995e-05 0.9999999977020496 -4.3601548786193726e-05 -0.02016402781009674 0.0002100233188066284 4.361245051207105e-05 0.9999999769940794 0.9881143569946289
0.9999960016086062 0.0001269226017918691 -0.0028250057440026934 -0.0047816261649131775 -0.00012615079511121426 0.9999999546741665 0.00027338186114317066 -0.022728074342012405 0.002825040314294052 -0.00027302439133469015 0.999995972294341 1.0844860076904297
0.9999911028945565 0.00016673304830597106 -0.004215012671305783 -0.00598891731351614 -0.00016583233712696782 0.9999999633432981 0.00021403980610798206 -0.022524669766426086 0.004215048204306651 -0.00021333891637095558 0.9999910938879117 1.0451984405517578
0.9999939336647724 0.00017854577266871992 -0.003478613957053596 -0.005541615188121796 -0.0001779903266266973 0.9999999713623687 0.00015998345454651869 -0.025401324033737183 0.0034786424218038376 -0.00015936332439882837 0.9999939368067351 1.1976252794265747
0.9999961036377494 0.00014579197371925108 -0.0027877327741977795 -0.0047782063484191895 -0.00014557545409022845 0.9999999863719105 7.787147278597844e-05 -0.02293943241238594 0.0027877440892420213 -7.74653439060254e-05 0.9999961112334456 1.0807743072509766
0.9999899421577351 0.0001533592043635369 -0.004482417241150644 -0.006268022581934929 -0.0001523189756485923 0.9999999613924567 0.00023240915298774733 -0.023496603593230247 0.004482452710178316 -0.00023172405825054406 0.9999899269100971 1.08765709400177
0.9999967168041024 0.00012580332992227658 -0.002559405114066864 -0.004551766440272331 -0.00012562493606281067 0.9999999896688422 6.986194177070413e-05 -0.02252565324306488 0.002559413876490155 -6.954018729645003e-05 0.9999967222770139 1.0655345916748047
0.9999988855613734 -2.0255272734074835e-05 -0.0014928046540214526 -0.003275898052379489 2.046031510324425e-05 0.9999999903597364 0.00013733864113956056 -0.022100601345300674 0.001492801857798789 -0.00013736903133768283 0.99999887633555 1.0252878665924072
0.9999988563791465 5.108245927706699e-05 -0.0015114995803253931 -0.0033406231086701155 -5.114676871317115e-05 0.9999999977885324 -4.250815375432454e-05 -0.018495628610253334 0.001511497405561728 4.258541346055843e-05 0.9999988567803842 0.8963274955749512
0.9999999962850867 1.6773832793419556e-05 -8.454859639301476e-05 -0.0020340653136372566 -1.6767066108874692e-05 0.9999999966567801 8.003315304009333e-05 -0.016506265848875046 8.454993857307722e-05 -8.003173511087198e-05 0.9999999932231147 0.8414721488952637
0.999999482581183 5.371349936452596e-05 -0.001015850494088893 -0.002901693806052208 -5.3615737115293724e-05 0.9999999939293134 9.626383558870983e-05 -0.01850089430809021 0.0010158556585894546 -9.620932020695039e-05 0.9999994793903884 0.9064505100250244
0.9999990515242496 6.67955391245829e-05 -0.0013756776356415273 -0.0032717736903578043 -6.658937808130312e-05 0.999999986546917 0.00014990670615068466 -0.019101154059171677 0.0013756876302336777 -0.00014981495844961133 0.9999990425190528 0.9280078411102295
0.9999990742480781 8.280830183040142e-05 -0.0013581773712232662 -0.0033199747558683157 -8.276350184585118e-05 0.9999999960292295 3.304154167136351e-05 -0.019711218774318695 0.0013581801019442116 -3.292910356772258e-05 0.9999990771308165 0.9486286044120789
0.9999986130069258 0.00013014196995100367 -0.0016604358742406237 -0.0038355488795787096 -0.00013000045365741522 0.9999999879088208 8.533604455651119e-05 -0.023255018517374992 0.0016604469599649423 -8.512006877908808e-05 0.9999986178342785 1.1280711889266968
0.9998062077845833 0.001086056358340021 -0.019656229470489027 -0.02288033440709114 -0.0010616880441823959 0.9999986550112164 0.0012501176962275672 -0.05722185969352722 0.01965756073135353 -0.0012290066493271601 0.9998060161094994 2.909759044647217
0.9999250554527198 0.0005883581792733703 -0.012228544988208924 -0.016056658700108528 -0.000591452359883918 0.9999997939882508 -0.0002494144391533787 -0.04309368133544922 0.012228395723959671 0.000256628348692374 0.9999251974422434 1.9978493452072144
0.9999712712878905 0.00034338547735090856 -0.007572231196527834 -0.010485652834177017 -0.00034550792231006686 0.9999999013953055 -0.00027898683573152283 -0.036623261868953705 0.00757213464984253 0.0002815950866670006 0.9999712913284319 1.6699082851409912
