0.9996719045269238 0.0001295838150726392 -0.025613795258571468 -0.03291060030460358 -0.0001292366323220709 0.9999999915332757 1.520991338868433e-05 -0.012046725489199162 0.02561379701266513 -1.1894682444750816e-05 0.9996719128099532 0.6231405138969421
0.9993778930810553 1.929088702091305e-06 -0.035267929017015524 -0.04669436067342758 -1.0276874154557382e-05 0.9999999719775335 -0.00023651494217261242 -0.010702318511903286 0.035267927572462866 0.0002367302486588528 0.9993778650958469 0.5425283312797546
0.999139896974959 -8.639132120492478e-05 -0.04146635756138029 -0.05457168072462082 7.60617835128829e-05 0.9999999656860481 -0.0002506840800356443 -0.009212236851453781 0.04146637779543457 0.00024731446078817443 0.9991398692615985 0.5012893676757812
0.9995260938486793 2.1222838647435122e-05 -0.03078290540530715 -0.040028225630521774 -2.243375875079423e-05 0.9999999989881732 -3.899205135967333e-05 -0.011203664354979992 0.03078290454663817 3.966414906019255e-05 0.99952609331344 0.5846779942512512
0.999607454933923 -3.962178765576506e-05 -0.028016682006236245 -0.036976248025894165 3.697498352008682e-05 0.9999999948048287 -9.499048733154676e-05 -0.011901418678462505 0.028016685624377705 9.391728292895243e-05 0.9996074512058063 0.6038946509361267
0.9995648047127011 0.00011803800773240704 -0.029498936365372538 -0.03862060233950615 -0.00012028551691740769 0.9999999899969028 -7.441497715254491e-05 -0.012231872417032719 0.029498927286496158 7.793088691440621e-05 0.99956480891222 0.592862069606781
0.9996838718004681 -6.791909855641283e-05 -0.025142630113440187 -0.03300338238477707 6.542502300698693e-05 0.9999999928578152 -0.00010001967764376328 -0.013159222900867462 0.02514263672711322 9.834310144952402e-05 0.9996838691041497 0.6581733226776123
0.9993821699485983 7.040331036661309e-05 -0.035146456894044865 -0.04525122791528702 -7.417467106072367e-05 0.9999999916310304 -0.00010600027063071757 -0.010790348052978516 0.03514644913713528 0.00010854175735713087 0.9993821668069417 0.5569506883621216
0.9992636733852328 -6.38659062695021e-05 -0.038368046259833935 -0.05022146552801132 5.6848300413742746e-05 0.9999999814573673 -0.00018399330370664504 -0.009877126663923264 0.03836805729928844 0.0001816766663201195 0.9992636584869218 0.5310547351837158
0.9990267835072413 -0.00013271705615899203 -0.04410746219585696 -0.057794034481048584 0.00011918957087659177 0.9999999450564032 -0.00030932351505526707 -0.008937323465943336 0.04410750082494066 0.0003037653268172375 0.9990267444356054 0.5010623931884766
0.9987855126870528 -0.00020695442058291322 -0.049269227884442206 -0.06349624693393707 0.00018132794489245376 0.9999998459572053 -0.0005246005551334899 -0.008595248684287071 0.04926932886327657 0.0005150295465761913 0.9987853963579607 0.4889247417449951
0.9996187002685392 0.00011358904191000147 -0.027612337296325156 -0.03476710617542267 -0.00011496385230945383 0.99999999222993 -4.8202206924765175e-05 -0.012112491764128208 0.02761233160653286 5.135824810306249e-05 0.9996187055600657 0.6204575896263123
0.999675722947013 0.00012037280709568169 -0.025464376307976114 -0.03432253748178482 -0.00011727948610188418 0.9999999855619701 0.0001229698408517252 -0.01249756757169962 0.02546439074254562 -0.00011994351558682309 0.999675722630926 0.6077629327774048
0.9993061757043966 2.0079926266797227e-05 -0.037244688156166085 -0.04896623641252518 -2.8162433779003025e-05 0.999999976170259 -0.00021648639333797658 -0.01066555641591549 0.037244682921603996 0.0002173850908824288 0.999306152456689 0.5452874302864075
0.9989842164078439 -0.00013194724111300753 -0.04506126893388648 -0.059617385268211365 0.00011197811458194422 0.999999894415591 -0.0004456789301790454 -0.008815938606858253 0.04506132298222428 0.0004401803408985132 0.9989841257058889 0.4782600402832031
0.999097735675746 -0.00016625329226251095 -0.042469835500502214 -0.05591017007827759 0.0001512157407399239 0.9999999247394302 -0.00035728830591362596 -0.009509963914752007 0.04246989170455535 0.00035054382978741584 0.999097685623196 0.5155916810035706
0.9996394696091565 8.362073849632073e-05 -0.026850024340701273 -0.035046517848968506 -8.519844458835824e-05 0.9999999947108131 -5.7615959157679276e-05 -0.012160004116594791 0.026850019380797424 5.988276716439265e-05 0.9996394714462334 0.6147899627685547
0.9994727606443845 4.716497877868263e-05 -0.032468423204057545 -0.04476368427276611 -5.316063810030646e-05 0.9999999816961177 -0.00018379801713327935 -0.011680378578603268 0.032468413940929766 0.00018542715368080107 0.999472744857473 0.5629804134368896
0.9997973081157935 0.0001881148066455904 -0.020132245210917138 -0.027504930272698402 -0.00018366955059742575 0.9999999583458804 0.00022265159661671787 -0.013010603375732899 0.020132286256388236 -0.00021890878651467172 0.999797301021079 0.657770574092865
0.9999640172502524 0.00022006445131881442 -0.008480316997259985 -0.013208610936999321 -0.00021553050600161828 0.9999998333644744 0.0005355535681470939 -0.016225541010499 0.00848043344044003 -0.0005337065304436013 0.9999638980513255 0.7369900345802307
0.9999302290297764 0.00040402393044021716 -0.01180566970242833 -0.017519794404506683 -0.00039780982349861863 0.9999997811065856 0.0005287098689104456 -0.014931388199329376 0.011805880729684278 -0.0005239765689293188 0.9999301708763227 0.6794329881668091
0.9999636616745518 0.00015783084839003612 -0.008523521563622866 -0.013432626612484455 -0.0001569928856982215 0.9999999827780189 9.89807822894404e-05 -0.01669221743941307 0.008523537039051784 -9.763905324697628e-05 0.999963669231517 0.7654597759246826
0.9999616777243445 0.00027861464014016955 -0.008750168946742421 -0.013003312051296234 -0.00027454625414092323 0.9999998536655759 0.0004661471670307893 -0.01578604429960251 0.00875029754171668 -0.00046372697710312993 0.9999616078881339 0.7268435955047607
0.9999733220685132 0.000133925904812076 -0.007303233195876576 -0.011855652555823326 -0.00013430933672801187 0.9999999896279164 -5.2011239345029514e-05 -0.01841578260064125 0.007303226154474542 5.2990744199257915e-05 0.9999733296842058 0.8218345642089844
0.9999994052948739 5.728562330878968e-05 -0.001089095154834645 -0.005165446549654007 -5.75575023052869e-05 0.9999999671915396 -0.00024960780056902464 -0.01971837505698204 0.001089080820164671 0.0002496703377228711 0.9999993757836502 0.8550466299057007
0.9999832621350158 0.0004937557347204648 -0.005764690372175987 -0.010769139975309372 -0.0004907522056112868 0.9999997431173401 0.000522424661450272 -0.015781760215759277 0.00576494684149954 -0.0005195868826620125 0.9999832475683712 0.7027046084403992
0.9999965051103766 0.00015461537296734043 -0.00263929178362466 -0.007035154849290848 -0.00015474397900549006 0.9999999868498931 -4.852334214291169e-05 -0.01984778419137001 0.0026392842464630474 4.893158707154131e-05 0.9999965158861136 0.8604733943939209
0.9999995432003128 -1.2125324647777823e-05 -0.0009557469027513397 -0.00473922211676836 1.180070360479689e-05 0.9999999422470706 -0.00033965658934506464 -0.020878253504633904 0.0009557509660005709 0.00033964515570412035 0.9999994855904972 0.9108076095581055
0.9999960701560825 0.00011085848319019235 -0.002801318044773497 -0.007023732643574476 -0.00011041306521013672 0.9999999812389775 0.0001591571536054945 -0.017395267263054848 0.002801335636138544 -0.00015884722603077056 0.9999960636353588 0.7855556011199951
0.9999944730862046 0.00018330063821705045 -0.003319668344840796 -0.007885120809078217 -0.00018318170939500246 0.9999999825695589 3.612952984901232e-05 -0.01856473833322525 0.0033196749095433927 -3.552122764218297e-05 0.9999944892331842 0.8192484378814697
0.9999988719998778 2.206699090232848e-05 -0.0015018362160208363 -0.005438760854303837 -2.2630803499318355e-05 0.9999999292815122 -0.00037539954355260375 -0.021564703434705734 0.001501827825874938 0.0003754331078621657 0.9999988017808635 0.9303200244903564
0.9999982548308165 5.815965520811972e-05 -0.0018673384201879956 -0.0057883113622665405 -5.874161852639697e-05 0.9999999497272501 -0.00031160057639794834 -0.02095828950405121 0.0018673202037296725 0.00031170972308336333 0.9999982079745469 0.9096003770828247
0.9999958536896555 9.482603293062576e-05 -0.0028781263906162593 -0.0068005286157131195 -9.523805553472223e-05 0.9999999852375218 -0.00014301981968927154 -0.019847994670271873 0.00287811278612585 0.00014329333384573918 0.9999958479582856 0.8624401092529297
0.9998480359644589 -3.73234632364954e-05 -0.017432830664392985 -0.024178482592105865 1.8853686023970077e-05 0.9999994383977722 -0.001059645544055508 -0.020928921177983284 0.017432860423717954 0.0010591558429265348 0.9998474751512592 1.20725679397583
0.9999089479097983 0.0007275929409765224 -0.01347466134760692 -0.0184805728495121 -0.0007489652529600412 0.9999984695336932 -0.0015811329233898362 -0.01710231602191925 0.013473490303937926 0.0015910810110770358 0.9999079625246746 0.9826108813285828
0.9998787544983375 0.00024075425654343277 -0.015569789344776791 -0.02041117660701275 -0.00023915223657650545 0.9999999659163342 0.00010475465389544768 -0.015091020613908768 0.015569814034230117 -0.00010101840292005627 0.9998787779957234 0.6997674107551575
0.9990325993955247 -7.895133715743639e-05 -0.043975664994490155 -0.059162162244319916 7.040315125996757e-05 0.9999999783267909 -0.00019593318801444833 -0.008641363121569157 0.04397567951058355 0.0001926476167355616 0.9990325833017051 0.4507701098918915
0.9986919559300208 -0.00035217171813172447 -0.051129767608999954 -0.06942643225193024 0.0003229767038443494 0.9999997800722049 -0.000579259519106778 -0.007742272224277258 0.051129960362962995 0.000561988098317149 0.9986918500331617 0.4209868013858795
0.9976602947721084 -0.0005991442960123548 -0.06836356676873173 -0.09098502993583679 0.0005264747671259681 0.9999992771333615 -0.0010809981843100966 -0.00500129722058773 0.06836416502488615 0.0010424772743124562 0.9976598890311182 0.3319043815135956
0.9972770527923412 -0.0006133631874784467 -0.07374349977741579 -0.0967012494802475 0.0005153963027485141 0.9999989592995905 -0.0013475037613613682 -0.004307270050048828 0.07374424954172759 0.001305827452620044 0.9972763310508233 0.32214972376823425
0.9974503258029864 -0.0005538770134583112 -0.07136204015980703 -0.09358704090118408 0.0004663739313737667 0.9999991189199562 -0.0012428413685333256 -0.004700644873082638 0.07136266566540296 0.0012063911327448136 0.9974497052832101 0.33868229389190674
0.9977185719455751 -0.0004658063067915689 -0.06750877142539802 -0.08761841803789139 0.00039813996648244994 0.9999994048326227 -0.0010157849019856845 -0.005641096271574497 0.06750920440539329 0.000986589521820454 0.9977181635921369 0.39543354511260986
0.9974459753945202 -0.0005474106710703746 -0.07142287106264852 -0.09316527843475342 0.0004598355876804331 0.9999991222656883 -0.0012425856450992833 -0.005169650539755821 0.0714234885769858 0.0012065692728983667 0.9974453516208711 0.36193472146987915
0.9977014110195127 -0.0004787894768603404 -0.06776182708804589 -0.08891933411359787 0.00041096453178449333 0.9999994005755678 -0.0010148678035571972 -0.005385945551097393 0.0677622723779759 0.0009846873320651886 0.997701009738404 0.3646284341812134
0.9976592119452822 -0.00043211818601222456 -0.06838062660280214 -0.08905162662267685 0.00035508158485906914 0.9999992885987209 -0.0011387357552061779 -0.005571070127189159 0.0683810700251658 0.0011117895148851319 0.9976586556464531 0.38042959570884705
0.9977954033119113 -0.00044568459204540035 -0.0663636534170964 -0.0873156189918518 0.0003789758315249414 0.9999994102444806 -0.0010177858369858207 -0.005696264561265707 0.06636406789023107 0.000990391808963641 0.997794983760254 0.3699497878551483
0.9987729752006484 -5.5582794832369055e-05 -0.049523135193540964 -0.06366361677646637 3.053511023856656e-05 0.9999998712455201 -0.0005065338589075037 -0.008189568296074867 0.04952315697178301 0.0005044001349084188 0.9987728483013804 0.45548301935195923
0.9994837016672246 0.00010136650086303726 -0.032129734303527016 -0.0410856232047081 -0.00011234875929975643 0.9999999358872911 -0.00034000466220117744 -0.010989034548401833 0.03212969777851982 0.00034343885414657915 0.9994836489760174 0.5725609660148621
0.9992404984852954 0.00010736674629518226 -0.03896684050882473 -0.051313936710357666 -0.00010868947339120313 0.9999999935868362 -3.1826495264029843e-05 -0.008970247581601143 0.03896683684181675 3.603760836729224e-05 0.9992405037466375 0.4795141816139221
0.999647983246083 0.00018541292723192533 -0.026530646695566092 -0.03567247837781906 -0.0001861637949462598 0.9999999823378757 -2.5831945304270646e-05 -0.011919953860342503 0.026530641437401924 3.0761897897962314e-05 0.9996480001073503 0.5747678279876709
0.9992042768679158 -0.0001741177232508842 -0.03988461823665675 -0.05369199812412262 0.0001608696288519982 0.9999999308240812 -0.00033536963948588896 -0.009080224670469761 0.03988467387139972 0.00032868655437331675 0.9992042357572954 0.49322712421417236
0.9994584363856959 0.0002048905653308846 -0.03290580431043302 -0.04381319880485535 -0.00022846740344388013 0.9999997199046662 -0.0007127364415064935 -0.010531527921557426 0.032905649060698344 0.000719868353052222 0.9994582032528667 0.6268948912620544
0.9997481440600854 0.0002463040219402393 -0.022440761634660994 -0.028948618099093437 -0.0002554587955830487 0.9999998853226156 -0.0004050871009297037 -0.012804091908037663 0.02244065928663095 0.0004107177672763085 0.9997480923321119 0.6386008262634277
0.9999098577284123 4.475020490903927e-05 -0.013426630812135338 -0.020260579884052277 -4.354883842382894e-05 0.9999999950225351 8.976874917860374e-05 -0.015471802093088627 0.013426634762474675 -8.917594304382112e-05 0.9999098547002155 0.7548133730888367
0.9997990665707748 0.00016587475658377612 -0.02004492379064892 -0.026663925498723984 -0.0001677298687990666 0.9999999818049823 -9.08665313316393e-05 -0.014949752017855644 0.02004490835346741 9.421040564538984e-05 0.999799076201564 0.7066287994384766
0.9986283559748883 -0.0002530427668295459 -0.05235783238685152 -0.06919344514608383 0.00022203454809190384 0.9999997965170604 -0.0005980522527681672 -0.00756340054795146 0.05235797306572263 0.000585606690315867 0.9986282089552914 0.4388616681098938
0.9991578069364039 0.00010137512365342297 -0.04103250615207404 -0.05374237895011902 -0.0001089571247674202 0.9999999774030044 -0.00018254406499816845 -0.00896468199789524 0.04103248671943551 0.00018686111154515785 0.9991577954039813 0.4831732213497162
0.9995983745784082 0.00022115380009225493 -0.028337971543518303 -0.03942335024476051 -0.00021688822262568087 0.9999999646834583 0.00015359876670610061 -0.010973009280860424 0.028338004511670095 -0.0001473909052557755 0.999598387241705 0.530970573425293
0.999565315420629 0.000355104231880804 -0.029479723693463907 -0.04125293344259262 -0.00034195673184863576 0.9999998398210991 0.00045102479956612914 -0.010271376930177212 0.029479879132249174 -0.0004407479560708261 0.999565276741638 0.5017518997192383
0.9998905943469023 0.0001406257142093612 -0.014791198768411628 -0.02195846103131771 -0.0001359136951794022 0.9999999397000102 0.0003195738459624202 -0.014388147741556168 0.014791242816802826 -0.00031752855629634197 0.9998905531664704 0.6674535870552063
0.9998004229431762 8.506355568485399e-05 -0.019977663698171413 -0.027850236743688583 -8.430726460025005e-05 0.9999999956973343 3.8699045395004884e-05 -0.013577687554061413 0.019977666904092608 -3.700705977392651e-05 0.999800425812845 0.6369503140449524
0.9992627817520835 -3.540475865866147e-05 -0.03839129786280503 -0.05089037865400314 2.9199925900767955e-05 0.9999999864222593 -0.00016218151878165802 -0.009576549753546715 0.038391303083535486 0.00016094093255370918 0.9992627692181691 0.5061982870101929
0.9994454383298209 -2.3262244808471097e-05 -0.03329887776757929 -0.04391948878765106 2.136968646063613e-05 0.9999999981362406 -5.7191390256062636e-05 -0.010930540040135384 0.03329887903591832 5.644808752577815e-05 0.999445436964202 0.5496488809585571
0.999743578375791 0.00016538062785976322 -0.02264398696379297 -0.03071563132107258 -0.00016164837710671122 0.99999997304823 0.00016665335663696725 -0.012563664466142654 0.0226440139147342 -0.00016295025936865587 0.9997435781644421 0.6008257269859314
0.9998687925278315 0.00010967733087846341 -0.01619832398179652 -0.022523943334817886 -0.0001073413419689177 0.9999999837146512 0.00014508112766431944 -0.014581886120140553 0.01619833963011201 -0.0001433233421024459 0.9998687880175313 0.6833735108375549
0.9997324110836924 8.662642354420248e-05 -0.023132201033402626 -0.030659880489110947 -8.630628110896497e-05 0.999999996165529 1.4838047914587477e-05 -0.0131935253739357 0.023132202230069898 -1.2837623172367954e-05 0.999732414726652 0.6442623138427734
0.999341320434319 -0.00011805245553969901 -0.036289273018476745 -0.04840942472219467 0.00010511404102649005 0.9999999302347569 -0.0003584431890249807 -0.010646486654877663 0.03628931280184543 0.00035439257768802673 0.9993412631239994 0.5508183836936951
0.9991549871548847 -0.00014300881991256612 -0.0411009877253525 -0.05286067724227905 0.00012415922127125996 0.999999885953847 -0.0004611689284737645 -0.0101237203925848 0.041101048989167215 0.0004556761681759767 0.999154890960966 0.5453047752380371
0.999624114604304 0.00010374031545462662 -0.027415665950473827 -0.035159625113010406 -0.00010537013788471629 0.9999999927663396 -5.800391963526537e-05 -0.01229779701679945 0.027415659734813292 6.08709093103841e-05 0.999624118304494 0.6106762290000916
0.9999555134089605 0.00020247358620459105 -0.009430281409852486 -0.014941374771296978 -0.00019992938878152916 0.9999999433661761 0.000270732125819342 -0.0162428617477417 0.009430335691884005 -0.0002688346914716699 0.9999554972580765 0.7320864796638489
0.9999785723325156 0.00016831640865500272 -0.006544199371240229 -0.011057686060667038 -0.00016648051389417176 0.9999999466387264 0.0002810814530546229 -0.01864137314260006 0.006544246332654133 -0.0002799859484603608 0.9999785469937875 0.8072400093078613
0.999966329803257 0.00033020635394731345 -0.008199403854401523 -0.01302743423730135 -0.0003273407923723648 0.9999998848853621 0.0003508236992986791 -0.018093831837177277 0.008199518754744742 -0.00034812788764102074 0.9999663227825046 0.7878762483596802
0.9999740229286054 0.00020457166788803745 -0.00720497178439635 -0.011797726154327393 -0.00020167995163037193 0.9999998988306871 0.0004020743873094171 -0.016797052696347237 0.007205053308502332 -0.00040061084423337676 0.9999739630199245 0.74214106798172
0.999970571840299 0.00027736598629999975 -0.007666715169788898 -0.012809328734874725 -0.0002747703001881989 0.9999999045808351 0.0003396168466392564 -0.01615491881966591 0.007666808636398973 -0.00033750026671179617 0.9999705526358776 0.7136257290840149
0.9998435615816409 8.564751581554548e-05 -0.017687425709874024 -0.022929901257157326 -8.35394546532188e-05 0.9999999893198175 0.0001199229928959079 -0.015237770043313503 0.01768743579207552 -0.0001184266344345522 0.9998435580580761 0.7416292428970337
0.9997615053001565 6.935765245832824e-05 -0.021838674627396526 -0.027770649641752243 -6.93588586775414e-05 0.9999999975944278 7.022099273622838e-07 -0.014817876741290092 0.021838674623565653 8.126630931699744e-07 0.9997615077057256 0.7422637343406677
0.9999549084606367 0.00021439387729672656 -0.009493949691539891 -0.01396566815674305 -0.00021005392289341398 0.9999998730002233 0.00045812322282962346 -0.01648445799946785 0.009494046704624419 -0.0004561083239718273 0.9999548265008613 0.7327535152435303
0.9999595834539768 0.0001969601332757257 -0.008988474022625818 -0.014495035633444786 -0.00019442180437413256 0.9999999409788147 0.0002832711234596443 -0.016637669876217842 0.008988529285233655 -0.00028151211928119694 0.9999595627285213 0.7455472946166992
0.9999942695404149 5.933346250178038e-05 -0.003384873095459033 -0.00767012732103467 -5.997972786189849e-05 0.999999979993876 -0.0001908263079672954 -0.02165021374821663 0.0033848617053552545 0.0001910282382119625 0.9999942530932104 0.9158180952072144
0.9999960644248073 -7.124277982406384e-05 -0.0028046495971656626 -0.006597844418138266 7.044330383137047e-05 0.9999999568631688 -0.0002851515409386163 -0.021126404404640198 0.002804669791170414 0.00028495284991957194 0.9999960263067227 0.9207158088684082
0.9999933603808877 5.0988604736925446e-05 -0.0036437061217481515 -0.00788619089871645 -5.150346964094962e-05 0.9999999887037276 -0.00014120884050251257 -0.02158905565738678 0.003643698880546102 0.00014139556643721836 0.9999933517107807 0.915604293346405
0.9999781524789638 0.00012002042323936104 -0.006609096750378767 -0.010834702290594578 -0.00011951276891262723 0.9999999898779394 7.72063398199586e-05 -0.020439304411411285 0.006609105949818671 -7.641478160017606e-05 0.9999781567010976 0.8742749691009521
0.9999654170065396 0.00025216357752150763 -0.0083127134238724 -0.012985523790121078 -0.0002502567593533298 0.9999999421379016 0.00023042514611840747 -0.01906873844563961 0.008312771047710553 -0.00022833686460419495 0.999965422252082 0.8187214136123657
0.9999695631452148 4.607845779922321e-05 -0.007801965133505866 -0.011926434934139252 -4.4432454976202307e-05 0.9999999767215508 0.00021114605184418173 -0.020631063729524612 0.007801974681172655 -0.00021079296475794282 0.9999695419148529 0.8772261142730713
0.9999704219543911 9.730224257104102e-05 -0.007690627323598311 -0.012196720577776432 -9.626812720336791e-05 0.9999999862760601 0.00013483444350218828 -0.02031780406832695 0.007690640337746332 -0.00013409009307340685 0.9999704175979619 0.8744386434555054
0.999988414484818 -0.0001624929901193469 -0.00481087228764142 -0.00860030110925436 0.00016096963327775658 0.9999999367890157 -0.0003170342913273154 -0.02430860698223114 0.004810923499391415 0.0003162562139738323 0.999988377431003 1.019193172454834
0.999976946629188 2.230975874211201e-05 -0.006790118735391073 -0.010710688307881355 -2.270824078936292e-05 0.9999999980246904 -5.8608487617449896e-05 -0.02212279476225376 0.006790117414437268 5.876132814548374e-05 0.9999769451605394 0.9268550872802734
0.99997372203802 0.00013484788232699871 -0.007248244579014524 -0.011504587717354298 -0.00013468778673914514 0.9999999906747705 2.257562491461325e-05 -0.021641042083501816 0.0072482475556981925 -2.15987816531086e-05 0.9999737308753984 0.9092234373092651
0.9999678530317411 6.966370084524549e-05 -0.00801798291711756 -0.012191059067845345 -6.827048126002175e-05 0.9999999825254062 0.0001740354240333794 -0.02082831785082817 0.008017994900958282 -0.0001734824377696408 0.9999678403136834 0.8841910362243652
0.9999747163398139 -1.3883533273062159e-05 -0.007111011767443364 -0.011413446627557278 1.3822685534427565e-05 0.9999999998674355 -8.605979975764206e-06 -0.023769885301589966 0.007111011885982103 8.507469105597945e-06 0.9999747163991602 0.9915597438812256
0.9999777646602394 -5.812653560165283e-05 -0.006668343603676242 -0.010700979270040989 5.6735665160837513e-05 0.9999999765986851 -0.00020876707921917427 -0.02390478551387787 0.006668355582535296 0.00020838410430236141 0.9999777445572925 1.003646731376648
0.9999791827089908 -4.749271776092892e-05 -0.006452278132617338 -0.010441615246236324 4.676488991653168e-05 0.9999999925273879 -0.00011295250961683941 -0.0229886993765831 0.0064522834488236255 0.00011264841817499379 0.9999791774575258 0.9657957553863525
0.9999710442270534 -1.3741331118431806e-05 -0.007609896098651167 -0.011513758450746536 1.2708434706217137e-05 0.9999999907012761 -0.00013577902425906054 -0.02296462282538414 0.007609897893673376 0.00013567838280477236 0.9999710351032296 0.970989465713501
0.9999490942780083 4.995481105349604e-05 -0.010089913632327195 -0.014344473369419575 -4.8924207891509625e-05 0.9999999935614857 0.00010238872205677846 -0.02048366144299507 0.010089918682172407 -0.00010188986885280299 0.9999490902838213 0.8941528797149658
0.9999724361036467 2.3587285998148635e-05 -0.007424720639740513 -0.011585356667637825 -2.339010117343668e-05 0.9999999993714813 2.664471052991162e-05 -0.022573448717594147 0.007424721263550345 -2.6470311130924178e-05 0.9999724360268543 0.9522829055786133
0.9999843418525641 -0.0001666625608705072 -0.005593592162906149 -0.009480359964072704 0.00016483438336668192 0.999999932854237 -0.00032729367120440183 -0.02483290061354637 0.0055936463349215365 0.000326366530076866 0.9999843021795731 1.0377593040466309
0.9999784046646223 -8.1294844183511e-05 -0.006571422642389114 -0.010597043670713902 7.981416989423534e-05 0.9999999713711979 -0.0002255821389581912 -0.023199699819087982 0.006571440792921994 0.00022505277479301875 0.9999783825249191 0.9886978268623352
0.9999806210933438 2.1942627256552815e-05 -0.006225508516693901 -0.010379310697317123 -2.3117551219428377e-05 0.9999999819373421 -0.00018865549106569126 -0.02372046373784542 0.00622550426464755 0.0001887957536405414 0.9999806035382958 0.9859471321105957
0.9999953505071423 -0.00015403604701626526 -0.0030455273753859607 -0.006831672973930836 0.00015263762655875546 0.9999998828271704 -0.00045939895583684746 -0.024989107623696327 0.003045597782532061 0.00045893195779448477 0.999995256846554 1.0448343753814697
0.999994804816768 -0.0001457340656426327 -0.003220108857835812 -0.006972086615860462 0.00014436525858240582 0.9999998991353147 -0.0004253093374294614 -0.02341599389910698 0.0032201705150994454 0.0004248422560215982 0.9999947249915427 1.0026915073394775
0.999986875818542 4.7547233299798965e-05 -0.00512307816967565 -0.009266414679586887 -4.863529159365387e-05 0.999999976290293 -0.00021225932667402227 -0.022444862872362137 0.005123067955865243 0.00021250570334474208 0.9999868544216197 0.9422584772109985
0.9999932677835028 -0.00012842470680345206 -0.003667137134896095 -0.00748917693272233 0.00012700296621401155 0.9999999166910819 -0.00038792792569557904 -0.023864615708589554 0.0036671866489209866 0.0003874595767871526 0.9999932007854644 1.0102578401565552
0.999996490805966 -0.00010499734405246937 -0.00264714021379683 -0.0064538102596998215 0.00010374724931170233 0.9999998830485218 -0.0004723763871227902 -0.024244744330644608 0.00264718950247591 0.0004721000959466668 0.9999963847480837 1.0176353454589844
0.9999990339533328 -0.00020259887004650117 -0.0013751531183125165 -0.005143534857779741 0.00020179567079313122 0.9999998089982179 -0.0005841934908643359 -0.02522861398756504 0.0013752712125969582 0.0005839154265602079 0.9999988838353102 1.0648000240325928
0.9999995460969099 -0.0002473275375325531 -0.0009201277430097584 -0.004585119895637035 0.0002467349336828395 0.9999997621265908 -0.0006441029686588138 -0.025224478915333748 0.0009202868285369911 0.0006438756486408346 0.9999993692479522 1.0697762966156006
0.9999997036838806 -0.0002770905035792381 -0.0007182290746706515 -0.004427345469594002 0.0002765824261225329 0.9999997115394875 -0.0007074058970680462 -0.02617553621530533 0.000718424882946178 0.0007072070379122917 0.9999994918618174 1.101409912109375
0.9999996800187406 -0.00026794893257406924 -0.0007537677268216336 -0.004379061982035637 0.0002674279021952547 0.9999997253274624 -0.0006912505457288491 -0.025384683161973953 0.0007539527396282086 0.0006910487460197025 0.9999994770033118 1.0792287588119507
0.999996360293016 -0.00014183244842061145 -0.0026943058989579434 -0.006483811419457197 0.00014055630479308228 0.9999998778654133 -0.0004738281162282567 -0.024062275886535645 0.002694372774091861 0.00047344768995161314 0.9999962580943187 1.0187103748321533
0.9999979454078989 -0.00018054724893524983 -0.002019054895631587 -0.005723142996430397 0.00017943475003344997 0.9999998320088198 -0.000551167399698862 -0.02403082326054573 0.0020191540682058906 0.0005508039786641749 0.9999978098135144 1.0278178453445435
0.9999932936754624 -3.349994021044466e-05 -0.003662169009496368 -0.007542204577475786 3.2366479437563816e-05 0.9999999515612249 -0.0003095641428236352 -0.022132836282253265 0.0036621792024856634 0.00030944353526808556 0.9999932463212874 0.9436920881271362
0.9999843598845038 0.00017171772758974843 -0.005590214611349163 -0.009946987964212894 -0.00017116310784360959 0.9999999803824597 9.969087539203176e-05 -0.01962493546307087 0.005590231620373487 -9.873247770883545e-05 0.9999843696590104 0.8352335691452026
0.9999879915163885 0.00010486675804794078 -0.004899574061273819 -0.009397950954735279 -0.00010552150515906163 0.999999985538139 -0.00013337516001422862 -0.02062685415148735 0.004899560003796225 0.00013389056881038937 0.9999879881203995 0.8809473514556885
0.9999951448153152 -9.839270834069967e-05 -0.0031145890053324403 -0.006993287708610296 9.713165566368332e-05 0.9999999132562787 -0.00040503441450344044 -0.023224472999572754 0.0031146285875944136 0.0004047299227997544 0.9999950676290615 0.9843871593475342
0.9999987159654664 -0.0006610582271281748 -0.001459818289782795 -0.005352308973670006 0.0006591965849465326 0.999998969446039 -0.001275369249500511 -0.036544788628816605 0.0014606598786962826 0.0012744053046510838 0.9999981211801543 1.4317998886108398
0.9999985229617505 -0.0008709784667273938 -0.001481712127244501 -0.0037960996851325035 0.0008684936354386508 0.9999982169990019 -0.0016768177069638325 -0.03445260971784592 0.0014831699574656917 0.0016755283726878777 0.9999974964026409 1.415997862815857
0.999998166469713 -0.0007066387171270942 -0.001779808679549617 -0.005889482330530882 0.0007033192472886836 0.9999980135434458 -0.0018650070238341097 -0.041831038892269135 0.0017811230302077555 0.0018637518305864272 0.9999966770094115 1.6231589317321777
0.9999989179132935 -0.001047911170957884 0.0010324991137498154 -0.002307622693479061 0.001049877422055057 0.9999976331001987 -0.0019056629815084759 -0.03957737237215042 -0.0010304997044014647 0.0019067449169237142 0.999997651194332 1.5859076976776123
0.9999994013153323 -0.0008731872832373161 -0.000659479298709136 -0.00452680978924036 0.0008720874411927845 0.9999982316300194 -0.0016661933648005162 -0.04040886461734772 0.0006609330313632995 0.0016656172436619644 0.999998394442074 1.5985381603240967
0.9999983736202323 -0.0012742003832460513 -0.0012763895461611228 -0.003512619063258171 0.0012713670568510436 0.9999967317021072 -0.0022181548436789995 -0.04020598530769348 0.0012792117482917735 0.002216528476496142 0.999996725304046 1.6203179359436035
0.9999995883183839 -0.0005437154653368288 0.0007264547855009556 -0.0027979593724012375 0.0005444534762545204 0.9999993355591072 -0.0010160963321134333 -0.029507525265216827 -0.0007259018355246472 0.0010164914346385608 0.9999992199055399 1.2290096282958984
0.9999995470954449 -0.0005420833613990913 0.0007822752292052655 -0.0026423600502312183 0.0005428909771705254 0.999999319554098 -0.0010325505932994611 -0.029099857434630394 -0.0007817149684128612 0.0010329748158161938 0.999999160942017 1.2195560932159424
0.9999995438972199 -0.0005671057782952496 0.000768502692552702 -0.002811964601278305 0.0005678998574804797 0.9999993047279889 -0.0010334569611762203 -0.03015359677374363 -0.0007679160788199871 0.001033892922383201 0.9999991706848166 1.2484360933303833
0.999999783525857 -0.0004101601923142428 0.00051450641927817 -0.0028400346636772156 0.00041064004019903994 0.999999480555968 -0.0009328786369348074 -0.02661159448325634 -0.00051412352233975 0.0009330897119273991 0.9999994325101355 1.136265754699707
0.9999999363761854 -0.00034499604345643173 9.06937448539622e-05 -0.0036318181082606316 0.00034505898577475276 0.9999996990155203 -0.0006949123438258032 -0.026142865419387817 -9.045397554738363e-05 0.0006949435943044445 0.9999997544357095 1.1017982959747314
0.9999995968887506 -0.0005384809159132394 0.0007185127971240822 -0.0028474023565649986 0.0005391811608354538 0.9999993795846599 -0.0009747378986801227 -0.029347771778702736 -0.0007179874735912641 0.0009751249143163389 0.9999992668124259 1.2202706336975098
0.9999993828092874 -0.0006050705219860877 0.0009318104462186551 -0.002504174131900072 0.0006060874040218875 0.9999992207499366 -0.0010914016575500692 -0.03024616278707981 -0.0009311493451346754 0.0010919657425214916 0.9999989702853269 1.2588050365447998
0.9999997742796335 -0.000546376589621976 0.00039104130791245645 -0.0031085535883903503 0.000546797081818203 0.9999992716008588 -0.0010760161259539501 -0.029960080981254578 -0.00039045311305702655 0.0010762297033212328 0.9999993446377814 1.2459869384765625
0.9999998970191204 -0.00044975990486481815 -6.064467378725389e-05 -0.003619627095758915 0.000449697823419586 0.9999993788402065 -0.0010198485518605833 -0.02928834594786167 6.110332310488218e-05 0.0010198211750578783 0.9999994781154412 1.2182776927947998
0.9999994155173341 -0.0002846211231820603 -0.0010430512003917797 -0.004709357395768166 0.0002837825421770079 0.9999996365023534 -0.000804028998390223 -0.026390530169010162 0.0010432796648817155 0.0008037325287279424 0.9999991327904056 1.1163372993469238
0.999998551390992 -0.00024339483847965097 -0.0016846290007278162 -0.005484727676957846 0.00024227083240075547 0.9999997479511946 -0.0006673847397508204 -0.026859555393457413 0.0016847910141200247 0.0006669756365009818 0.9999983583100219 1.1183425188064575
0.9999971700571793 -0.0002522341009513756 -0.0023656406302249673 -0.006086625158786774 0.0002506643978682172 0.9999997482581298 -0.000663815514124765 -0.026722077280282974 0.002365807471603573 0.0006632206536806686 0.9999969815421305 1.1176856756210327
0.9999994674361516 -0.0003652000679353494 -0.000965275257842427 -0.004743711091578007 0.0003644608878151616 0.9999996403314182 -0.0007658363372356974 -0.02904510125517845 0.0009655545941456299 0.0007654841243014912 0.9999992408689025 1.1943421363830566
0.9999985582384492 -0.0005013508423232536 -0.001622395869038686 -0.005076579749584198 0.0004996817547914093 0.9999993457164261 -0.0010290213134938747 -0.029161758720874786 0.0016229107082340074 0.0010282091482757025 0.9999981544716873 1.2625582218170166
0.9999994092060629 -0.0003107437386377226 -0.0010416457431092528 -0.004755777306854725 0.00030989400840442024 0.9999996192019908 -0.0008158195738121717 -0.0278300903737545 0.0010418988572770478 0.0008154962920562441 0.9999991247059014 1.1580522060394287
0.9999975600799987 -0.0004264874068943564 -0.002167473769374323 -0.0059351795352995396 0.0004246669821668016 0.9999995567986786 -0.0008402740032982575 -0.028868012130260468 0.0021678311750278315 0.0008393514985523445 0.9999972979948788 1.2400859594345093
0.9999996452406882 -0.0006174784591528575 -0.0005729213301368091 -0.003847985528409481 0.0006168212854252575 0.9999991525043787 -0.0011465260688538934 -0.028912492096424103 0.0005736287997388648 0.0011461722720417916 0.9999991786192243 1.208014726638794
0.999998645305951 -0.0001679418655678092 -0.0016374314620195426 -0.005482738371938467 0.0001668447580862851 0.9999997615436576 -0.0006701309238119883 -0.025198128074407578 0.0016375436146011445 0.0006698568191334501 0.9999984348701514 1.0662199258804321
0.9999976467610421 -0.00016283116360914145 -0.0021633211481844675 -0.0060514057986438274 0.00016152616064935707 0.9999998049079242 -0.0006034015353957573 -0.025996658951044083 0.0021634189787117864 0.0006030506824884391 0.9999974779709181 1.084305763244629
0.9999995135818193 -0.00019901644393399335 -0.000966037566467677 -0.004790659062564373 0.00019828087435809223 0.9999996904273394 -0.0007614656394399062 -0.026333386078476906 0.0009661888115925966 0.0007612737222758331 0.9999992434704639 1.105294108390808
0.9999980504472088 -0.00017638284601326456 -0.0019667208427152742 -0.005840294994413853 0.00017511150296784013 0.9999997756342862 -0.0006465812700317089 -0.025558248162269592 0.0019668344472951356 0.0006462356140447032 0.9999978569685977 1.0763617753982544
0.9999985288539902 -0.0001629780710165245 -0.001707550293065164 -0.00546378456056118 0.00016192677787274382 0.9999997972890383 -0.0006157934724047308 -0.025533342733979225 0.0017076503077582792 0.0006155160683656095 0.9999983525338408 1.072914958000183
0.9999998169828487 -0.00021455633563952173 -0.000565685290981512 -0.004491145722568035 0.00021413000898407714 0.9999996931182207 -0.0007535992331339282 -0.026624828577041626 0.0005658468068730052 0.0007534779650159031 0.9999995560440753 1.109915018081665
0.9999998925224598 -0.0002636373166066272 -0.00038137964575311986 -0.004161118995398283 0.0002633114715091549 0.9999996005190003 -0.000854183182218335 -0.02677963674068451 0.0003816046879612483 0.0008540826687771008 0.9999995624602328 1.1256905794143677
0.9999999317254135 -0.00029482030478133976 -0.00022277826665343807 -0.004013566300272942 0.000294625319225863 0.9999995739853023 -0.0008747714758852498 -0.02726617641746998 0.0002230360721397567 0.0008747057800426596 0.9999995925722713 1.1410770416259766
0.9999999317660375 -0.0002724664229220473 -0.0002494593532891338 -0.004094542935490608 0.0002722534260782329 0.9999995987333845 -0.0008534700593819769 -0.027228999882936478 0.0002496917951235742 0.0008534020849827326 0.9999996046793663 1.1367998123168945
0.9999998791005492 -0.00047399413485170255 0.00013087569289043055 -0.0038542384281754494 0.0004741349764582233 0.9999993063161456 -0.0010782222643815193 -0.03178706765174866 -0.0001303645310746921 0.0010782841867686074 0.9999994101539768 1.2904001474380493
0.9999995764419277 -0.0006444371039444423 0.0006571276769586928 -0.0025410186499357224 0.0006453380589135748 0.9999988509045482 -0.0013717610478763335 -0.03169702738523483 -0.0006562429081392708 0.0013721845363553757 0.9999988432267526 1.3257920742034912
0.9999950634429213 -0.00015752150407035494 -0.0031381964188853845 -0.006822737865149975 0.00015575821032228908 0.999999829881502 -0.0005621177340666499 -0.02367853932082653 0.0031382844306510585 0.0005616261592825253 0.9999949178605307 1.021522879600525
0.9999860096541198 6.394880937919281e-05 -0.005289272783715653 -0.009350288659334183 -6.50842625001703e-05 0.9999999748770902 -0.0002144990857168288 -0.02174394764006138 0.005289258933872586 0.000214840333218719 0.9999859886936225 0.9218499660491943
0.999992548520279 0.00010862931413450272 -0.0038588992717045753 -0.008196664042770863 -0.00010959934044008818 0.9999999624525007 -0.0002511632563691455 -0.022409021854400635 0.0038588718431202835 0.00025158431764623766 0.9999925228787608 0.9339321255683899
0.9999992780528167 -0.0001339375235124477 -0.0011941334032579817 -0.005078592337667942 0.00013331229455863658 0.9999998540102578 -0.0005236480639735238 -0.024406976997852325 0.0011942033650516348 0.0005234884932632817 0.9999991499186988 1.0281398296356201
0.999999849220789 -0.00023766317129785938 -0.000495050114645691 -0.004223834723234177 0.00023732840997569738 0.9999997432373126 -0.0006761660555464708 -0.024988219141960144 0.0004952106873043783 0.0006760484641381195 0.9999996488623629 1.0611112117767334
0.9999998559192425 -0.0002191750606080283 -0.0004900242721299315 -0.004221522249281406 0.00021883952874945917 0.9999997416655073 -0.000684673775847497 -0.02509576827287674 0.0004901742089560777 0.000684566440518392 0.9999996455489539 1.0651414394378662
0.9999997374787242 -0.0002701582500360367 -0.0006723518443142014 -0.0043875351548194885 0.0002696489968846998 0.9999996768202696 -0.0007573960487676576 -0.02595721185207367 0.000672556243814833 0.0007572145509347077 0.9999994871469798 1.0970442295074463
0.9999990877361434 -0.00018964931442979555 -0.0013373705613563373 -0.005041634663939476 0.00018880330781851298 0.9999997820299545 -0.0006326874063898232 -0.024875614792108536 0.0013374902585824855 0.0006324343292262066 0.9999989055727148 1.0565810203552246
0.9999883289026945 -4.8259560851375616e-05 -0.0048311209270002825 -0.008798988536000252 4.684246012816658e-05 0.9999999558493031 -0.00029344024230546753 -0.021927833557128906 0.004831134875000156 0.0002932105159464489 0.9999882870131094 0.9484888315200806
0.9999900259001546 -2.002497006465271e-05 -0.004466284720972954 -0.00856693647801876 1.8611575273413668e-05 0.9999999497406569 -0.00031650006813701745 -0.02471531741321087 0.004466290834404807 0.0003164137867394599 0.999989976014009 1.0171889066696167
