0.9999993125481662 0.0001844112509588358 0.0011579705027668459 -0.0009013726375997066 -0.00018473018790073845 0.9999999450350081 0.00027532660305024293 -0.010430704802274704 -0.0011579196657957157 -0.00027554032588502443 0.9999992916495373 0.5236400961875916
0.9999992897225586 0.0001859635634312923 -0.0011772730912880146 -0.004378345794975758 -0.0001855301536604553 0.999999914986834 0.00036824568791788906 -0.010303417220711708 0.0011773414714846455 -0.000368027006703757 0.9999992392113015 0.4964977502822876
0.9999996941983585 0.00015882372459555396 0.0007657533638815513 -0.0016750581562519073 -0.0001590431519147742 0.9999999463119338 0.000286498526614265 -0.010157529264688492 -0.0007657078200066457 -0.00028662022683112633 0.9999996657701342 0.4945029318332672
0.9999977834291801 0.00019058233963162628 0.00209685838766732 -0.000413745641708374 -0.0001910429003293537 0.9999999576732274 0.0002194451027550993 -0.011608120054006577 -0.0020968164765529686 -0.0002198452062474479 0.9999977775119044 0.5673187971115112
0.9999984860000922 0.00017353622431951914 0.0017314394884872136 -0.0009973542764782906 -0.00017389020645236758 0.9999999640127939 0.00020429539150965134 -0.01146641280502081 -0.0017314039735266552 -0.00020459616257656024 0.9999984801891905 0.5580024719238281
0.9999988124630155 0.0001679017966614591 0.0015319535064089948 -0.0015621285419911146 -0.00016829150008328939 0.9999999535154293 0.00025425796061247474 -0.010945661924779415 -0.001531910744828391 -0.0002545154734253943 0.9999987942349451 0.5149261951446533
0.9999999793996546 0.0001715140060529467 0.00010855245858512051 -0.003068159334361553 -0.00017155237144036048 0.9999999227979005 0.0003535165865169628 -0.010303515940904617 -0.0001084918171586831 -0.00035353520166609494 0.9999999316211912 0.500119149684906
0.9999961000998007 0.000139360369596786 0.0027893303634644686 5.596410483121872e-05 -0.00013975665468093983 0.9999999801694467 0.00014187735376389545 -0.01098349317908287 -0.002789310536070046 -0.000142266627936773 0.9999960997458639 0.5191130638122559
0.9999995241976768 0.00015485255203958462 0.0009631329642652503 -0.002026702743023634 -0.00015511123068558664 0.9999999519210356 0.0002685115123909576 -0.010675939731299877 -0.0009630913382658692 -0.00026866077737195727 0.9999995001381053 0.5160824060440063
0.9999993476024538 0.00020227597777267673 -0.0011242237748274415 -0.0042151049710810184 -0.00020187278325256187 0.999999915274882 0.000358744488951196 -0.010635409504175186 0.0011242962449697228 -0.00035851730472474856 0.9999993037114056 0.5395870208740234
0.9999886318894977 0.00025580890598203804 -0.004761370976327259 -0.008896434679627419 -0.0002533753391624746 0.9999998369807221 0.0005117025177722567 -0.01064420584589243 0.0047615010981932595 -0.000510490286695485 0.9999885336877414 0.5276219844818115
0.999999120414713 0.00024091034390822538 -0.0013042745136282658 -0.003634991589933634 -0.00024044810001302473 0.9999999082387514 0.00035455211210969723 -0.01092510111629963 0.0013043598092176694 -0.00035423818992217856 0.9999990865799794 0.5571678280830383
0.9999982441990545 0.00015511686456593597 0.0018674949976291595 -0.0010263938456773758 -0.00015557532904001697 0.9999999577988 0.00024535426411889704 -0.010743699967861176 -0.001867456860234472 -0.00024564436947438495 0.999998226130286 0.5172653198242188
0.9999989421037273 0.00019416001020119029 0.0014415593351346314 -0.0012166332453489304 -0.00019458878868334556 0.9999999368720378 0.00029730644717911194 -0.011665350757539272 -0.0014415015191091114 -0.0002975866439445686 0.9999989167571931 0.563969612121582
0.9999994038991811 0.0002060398962756701 -0.0010722634208898704 -0.004344271495938301 -0.00020568824743952177 0.9999999250377726 0.00032804998754838884 -0.01073132548481226 0.0010723309318960235 -0.0003278292400136863 0.9999993713169835 0.5194033980369568
0.9999997113465771 0.00020921007842221806 -0.0007304367908372458 -0.0029859840869903564 -0.00020887482309174182 0.9999998728335007 0.00045902537030107204 -0.009425816126167774 0.0007305327306838746 -0.00045887266794636194 0.9999996278788327 0.4735994040966034
0.9999999724866914 0.00022372702390652493 -7.051833071098187e-05 -0.0030580046586692333 -0.00022370491552022444 0.9999999258793223 0.0003133647399399756 -0.012692148797214031 7.058843364477944e-05 -0.00031334895602106057 0.9999999484148508 0.6287365555763245
0.9999990791320447 0.00015617010065321487 -0.0013480897457152016 -0.0046820505522191525 -0.00015593754686389375 0.9999999729447123 0.0001726095482319698 -0.013773886486887932 0.0013481166656927669 -0.00017239917147346883 0.9999990764295642 0.6913350820541382
0.9999999692624825 0.00024740356063955826 1.6325201713201403e-05 -0.002718759700655937 -0.00024741011711873 0.999999888252179 0.00040284471354758486 -0.01138982456177473 -1.6225534672379187e-05 -0.0004028487401852063 0.9999999187248089 0.5532941222190857
0.9999999454325478 0.00014119368633668683 -0.00029866242539093 -0.003117488231509924 -0.0001411310219277231 0.9999999680272229 0.00020982751910537392 -0.013797556981444359 0.0002986920421627802 -0.00020978535712231396 0.9999999333865818 0.6857984066009521
0.9999994975939732 0.0001870592270389247 0.000984794723141696 -0.0019689537584781647 -0.00018729531290633734 0.9999999537455416 0.0002396442790523968 -0.01358015090227127 -0.0009847498499169455 -0.00023982860608948606 0.9999994863748545 0.6722152233123779
0.9999998262153174 9.345223424185206e-05 0.0005820962249335281 -0.0021139374002814293 -9.353075138787414e-05 0.9999999865322381 0.00013486112268044074 -0.014693652279675007 -0.0005820836140207679 -0.0001349155431409414 0.9999998214882154 0.7354964017868042
0.9999998454759603 7.970999662224552e-05 0.0005501766732863345 -0.0022757970727980137 -7.97170803744121e-05 0.9999999967399874 1.2853496268130184e-05 -0.01475545670837164 -0.0005501756469406076 -1.289735276004051e-05 0.9999998485701964 0.7393344640731812
0.999999876794256 3.9613628773698515e-05 -0.0004948153530477008 -0.003304074052721262 -3.955437365964784e-05 0.9999999920463554 0.00011976118351822919 -0.016028111800551414 0.0004948200932871806 -0.00011974159665159647 0.9999998704075044 0.8068715333938599
0.9999999967157202 3.6138872707278126e-05 7.254337904735085e-05 -0.00260553159750998 -3.613923150519718e-05 0.9999999993347533 4.944672741823859e-06 -0.015171485021710396 -7.25432003041928e-05 -4.947294387553731e-06 0.9999999973565044 0.759088397026062
0.999999687298063 1.4257600441592969e-05 -0.0007906962104704759 -0.0035941835958510637 -1.4184867006065574e-05 0.9999999956681211 9.199210573844198e-05 -0.014894695021212101 0.000790697518631963 -9.19808610517446e-05 0.9999996831684276 0.7463226914405823
0.99999971192067 4.4125050219661575e-05 0.000757767482293603 -0.0018243377562612295 -4.410670667626349e-05 0.9999999987338972 -2.422404522582599e-05 -0.015628913417458534 -0.0007577685502214034 2.419061561930893e-05 0.9999997126007781 0.780316948890686
0.9999997477540042 7.260887355800182e-05 0.000706554937247414 -0.0018873021472245455 -7.263284757467408e-05 0.9999999967874513 3.390525962518771e-05 -0.014981270767748356 -0.0007065524731548629 -3.395657016978196e-05 0.9999997498152456 0.7536019086837769
0.9999998157458041 4.9842236829155314e-05 0.0006049992636677828 -0.0021161912009119987 -4.982888833753462e-05 0.9999999985148063 -2.2078702536082126e-05 -0.015344216488301754 -0.0006050003632211623 2.2048552027234955e-05 0.999999816744194 0.7674267888069153
0.9999999659632529 3.7714536812458944e-05 0.0002581687567024579 -0.0026962519623339176 -3.774283998683064e-05 0.9999999932787518 0.00010962652328059932 -0.015768641605973244 -0.0002581646204536937 -0.00010963626357134288 0.9999999606654586 0.7938385009765625
0.9999999930560975 1.6789511429375928e-05 0.00011664440369191019 -0.002661030273884535 -1.67804879152846e-05 0.9999999968669446 -7.735971658582101e-05 -0.01617070659995079 -0.00011664570215830262 7.735775869863617e-05 0.9999999902047785 0.8067347407341003
0.9999999593224433 4.912003078986845e-06 0.00028518587666769224 -0.00234183925203979 -4.89847009843261e-06 0.9999999988620677 -4.745387247305161e-05 -0.01589585468173027 -0.0002851861094367377 4.7452473568254665e-05 0.9999999582085722 0.8021989464759827
0.9999996976083868 1.2460070823832187e-05 0.0007775782157935124 -0.001858508912846446 -1.2424721662956097e-05 0.9999999988892618 -4.5465399428359155e-05 -0.01639481447637081 -0.0007775787814319235 4.545572448710126e-05 0.9999996966524619 0.8245323896408081
0.9999999246625053 1.135159552084912e-06 0.0003881670968154627 -0.0023244228214025497 -1.1018045051688648e-06 0.9999999963074266 -8.592981220001683e-05 -0.018169991672039032 -0.0003881671929261743 8.592937804202405e-05 0.999999920971183 0.9048683643341064
0.999999953450549 -4.565514623397685e-05 0.00030168610798787283 -0.0023024703841656446 4.570351084326279e-05 0.9999999861060442 -0.00016030939066354646 -0.016812823712825775 -0.00030167878484758595 0.00016032317131554002 0.9999999416431942 0.8277564644813538
0.9999991510617651 0.00020047191321136205 -0.0012875118491064684 -0.0054253507405519485 -0.00020005595258744898 0.9999999277616567 0.0003231939011592289 -0.013165697455406189 0.0012875765473984487 -0.0003229360523781282 0.9999991189290824 0.6433078646659851
0.9999996726161908 0.0002518032254709916 -0.0007690010705084246 -0.004466167651116848 -0.0002514106555830605 0.999999838067055 0.0005105473002941157 -0.011515619233250618 0.0007691295034387861 -0.0005103537980859152 0.9999995739893129 0.5524884462356567
0.9999981443000509 0.00018391370731721368 -0.0019176997166247837 -0.00542894471436739 -0.00018288444866079975 0.9999998391582864 0.000536876782717709 -0.009495504200458527 0.001917798147178157 -0.0005365250689801188 0.9999980170935926 0.45043906569480896
0.9999683495060527 0.00017687063439843388 -0.00795416261586986 -0.012787813320755959 -0.00016985416873778654 0.999999595925047 0.000882779306772538 -0.006761614233255386 0.007954315539527995 -0.0008814003186923084 0.9999679754861033 0.3307543098926544
0.9999262128200359 0.00045233599010810623 -0.012139370145621558 -0.01714428700506687 -0.00043550586072535464 0.9999989404834065 0.0013890164540922869 -0.005716323386877775 0.012139985585890493 -0.001383627195641283 0.9999253503765959 0.3018280565738678
0.9999275395608109 0.0003352209106358767 -0.012033422406104267 -0.017911162227392197 -0.00032142164735004283 0.9999992886335111 0.0011486603485000087 -0.0070671639405190945 0.012033798900898857 -0.0011447093136136486 0.9999269359931254 0.36362552642822266
0.9998540726517243 0.0006020532241287972 -0.017072519839661918 -0.023238658905029297 -0.0005754352096995519 0.9999986114130096 0.0015639841342105765 -0.008315805345773697 0.017073437734673465 -0.0015539317771190904 0.99985303070999 0.4769725501537323
0.999829603547734 0.0006153435381962666 -0.018449531753167603 -0.025370951741933823 -0.0005862416618301577 0.9999985756193975 0.0015827444171878325 -0.007465227507054806 0.01845047940556218 -0.0015716588389993345 0.9998285401498592 0.42153292894363403
0.9998237138879165 0.0006607076030543399 -0.018764450773666987 -0.02572578936815262 -0.000629178075429313 0.9999983805427201 0.0016861337097281823 -0.0076147583313286304 0.018765534426802358 -0.001674030286747777 0.9998225104188623 0.42919981479644775
0.9999178471564765 0.0004937876437373325 -0.01280840004528988 -0.018303172662854195 -0.0004786354820965775 0.9999991821263874 0.0011860247179211708 -0.00931227020919323 0.012808975213988341 -0.0011797967278875414 0.9999172656943415 0.49663394689559937
0.9999808852531011 0.000317312089862209 -0.006174823192748405 -0.010808553546667099 -0.00031317263155221294 0.9999997256179717 0.0006713321712137775 -0.011365778744220734 0.006175034520302132 -0.000669385553240597 0.9999807102497797 0.5722925066947937
0.9999913426337594 0.00020337960780866064 -0.004156115285483687 -0.00729582691565156 -0.00020163702342083052 0.9999998915985777 0.0004196967280583472 -0.013161285780370235 0.0041562001927108305 -0.0004188550678749037 0.9999912752421344 0.6687256693840027
0.9999998675346401 0.00023121146661596016 -0.000459860804389508 -0.003885180689394474 -0.00023102926656877346 0.999999894817345 0.0003962206158613511 -0.012159722857177258 0.0004599523667698246 -0.00039611432207148286 0.9999998157686149 0.5977153778076172
0.9999999848041048 5.432122976556295e-05 0.0001656532347180162 -0.0028900718316435814 -5.435168117709354e-05 0.9999999816267127 0.00018382728064163213 -0.014740104787051678 -0.00016564324595047278 -0.0001838362813800114 0.9999999693832679 0.7413647174835205
0.9999999824489291 3.782990606312053e-05 0.0001834967024491286 -0.0029562083072960377 -3.7824136149806573e-05 0.9999999987901915 -3.144760273121891e-05 -0.015287421643733978 -0.00018349789188698996 3.144066157502333e-05 0.9999999826700041 0.7573015093803406
0.9999999195737419 0.00010535212845832354 -0.00038697989440473416 -0.0033039385452866554 -0.00010527662597564366 0.9999999754220832 0.00019512217931966122 -0.01424675714224577 0.00038700044143047526 -0.00019508142368911114 0.9999999060869438 0.7313514947891235
0.9999989883078154 0.00011335375537058316 -0.0014179330984885718 -0.0045598228462040424 -0.0001130209792100546 0.9999999660549002 0.00023476894327398553 -0.013644851744174957 0.001417959662298056 -0.0002346084495728349 0.9999989671741024 0.6805518269538879
0.9999999662126503 0.00014712305859762445 -0.00021431169778165558 -0.003197195939719677 -0.00014708000930064783 0.9999999690084979 0.00020087427471930606 -0.014170035719871521 0.00021434124437750442 -0.00020084274696579373 0.99999995686001 0.6856260299682617
0.9999993889119985 3.713512593443369e-05 -0.0011048966522159967 -0.003994962200522423 -3.697280057862237e-05 0.9999999885216209 0.00014693457788063602 -0.014888554811477661 0.0011049020959676276 -0.00014689363696709608 0.999999378806616 0.7397557497024536
0.9999909139824377 8.778012582033019e-05 -0.004261953451032901 -0.00773865170776844 -8.619350147499168e-05 0.9999999269226446 0.00037245856964545173 -0.013538257218897343 0.0042619858340407196 -0.0003720878327892787 0.9999908484718225 0.6833620667457581
0.9999255106099092 0.00046575865499911255 -0.01219656920563801 -0.017576804384589195 -0.00045224252250702766 0.999999280659905 0.0011109259082973137 -0.009931318461894989 0.012197077855513607 -0.0011053273488804793 0.9999250019592663 0.5283876657485962
0.9999882385530762 0.0003125183852976738 -0.0048399470839142495 -0.009089086204767227 -0.0003091130862870481 0.9999997041954456 0.0007043139365616771 -0.010811500251293182 0.004840165763290057 -0.0007028095618301196 0.9999880393555234 0.5138448476791382
0.9999955276492396 0.00023977430320207412 -0.0029811390108791347 -0.007256165612488985 -0.00023832028590152108 0.9999998524884636 0.0004880845132277119 -0.012293877080082893 0.0029812556012508025 -0.00048737186444118325 0.9999954372814436 0.6006361842155457
0.9999951414455459 0.00013169122388429313 -0.0031144409970864312 -0.00667979009449482 -0.0001303016133154028 0.9999998918824363 0.00044638168118785524 -0.013099564239382744 0.0031144994449105734 -0.0004459736957316539 0.9999950504880865 0.6425678133964539
0.9999988734666018 4.3873085668862234e-05 -0.001500380178310262 -0.004550105892121792 -4.3574407954302426e-05 0.9999999792302039 0.000199100131865951 -0.014714729972183704 0.0015003888822848139 -0.00019903452939502663 0.9999988546085729 0.7146733999252319
0.999998602740951 -2.020381764629465e-05 -0.0016715585396181829 -0.004327101167291403 2.0298105107899446e-05 0.9999999982040791 5.6389970165055834e-05 -0.01595282554626465 0.0016715573973235217 -5.6423820844590926e-05 0.9999986013551319 0.7749568819999695
0.999997974342738 6.408357501197691e-06 -0.0020127765284717125 -0.005050963722169399 -6.070951122319958e-06 0.9999999859302592 0.00016763837495473573 -0.014993793331086636 0.002012777574439106 -0.0001676258159089196 0.9999979603119306 0.7378759384155273
0.9999981284398418 -7.4684810860510184e-06 -0.0019346992105601383 -0.004615831654518843 7.647392097032187e-06 0.9999999956956427 9.246746450163818e-05 -0.016267547383904457 0.0019346985116409918 -9.248208684666868e-05 0.9999981241926069 0.7840307950973511
0.9999994361241977 -2.6171874218053607e-05 -0.0010616337971660686 -0.003576490795239806 2.619894316518743e-05 0.999999999332102 2.5483544077144496e-05 -0.01665520668029785 0.0010616331295048953 -2.5511343391104838e-05 0.9999994361419757 0.8197866678237915
0.9999980641194129 -1.2641858808036323e-05 -0.001967637570627563 -0.00453015323728323 1.2780243043306072e-05 0.999999997446051 7.031758724137391e-05 -0.0165407694876194 0.0019676366766573075 -7.034259800129563e-05 0.9999980617270351 0.8035822510719299
0.9999967000245045 1.0873946112203241e-05 -0.0025690118448731527 -0.00543579924851656 -1.0626617332263235e-05 0.9999999953078939 9.62875266568922e-05 -0.01590389758348465 0.0025690128798444524 -9.625990900461615e-05 0.9999966954479668 0.7750589847564697
0.9999960871217198 2.803798448487807e-05 -0.0027973121244033628 -0.005862151272594929 -2.7615559475833987e-05 0.9999999882107073 0.00015104954900557255 -0.014957999810576439 0.0027973163265499422 -0.00015097170862772905 0.9999960761067578 0.7316884398460388
0.9999968284140818 2.028602853493594e-05 -0.0025184817360700473 -0.0057485029101371765 -1.9679110602804438e-05 0.999999970763411 0.00024101018654773285 -0.014440912753343582 0.0025184865515777534 -0.00024095986068258372 0.9999967995767963 0.7103960514068604
0.9999983659894524 -1.2820310509151151e-05 -0.00180772068216957 -0.004478253424167633 1.3028019025717352e-05 0.9999999933153882 0.00011488905138554848 -0.01608322188258171 0.0018077191971723463 -0.0001149124146750672 0.9999983594718749 0.777965784072876
0.9999995239676713 -8.027848981097101e-06 -0.000975704865527469 -0.0035592762287706137 8.15175135937226e-06 0.9999999919043512 0.00012698364756195247 -0.017756566405296326 0.0009757038382229593 -0.0001269915408170949 0.9999995159374673 0.869347095489502
0.9999989220205704 3.167869657962756e-05 -0.00146797621139996 -0.003773550968617201 -3.204054279886468e-05 0.9999999691128765 -0.00024647038272495475 -0.02246840111911297 0.0014679683581979273 0.00024651715178958125 0.9999988921484828 1.1326324939727783
0.9999999756952367 -7.938985033379582e-05 -0.00020568611385605502 -0.00258065527305007 7.937047122281647e-05 0.9999999924111428 -9.422336402926558e-05 -0.023158643394708633 0.00020569359267390074 9.420703633540828e-05 0.9999999744075896 1.1232836246490479
0.9999995208838343 -7.836761721913521e-05 -0.0009757513099493724 -0.0032457932829856873 7.830951638450795e-05 0.9999999951587561 -5.958277892424e-05 -0.018712947145104408 0.0009757559745859338 5.9506339763973726e-05 0.9999995221795228 0.9120613932609558
0.9999992634306464 -4.763241226340895e-06 -0.001213719685990155 -0.0038601732812821865 4.898779266598151e-06 0.9999999937530551 0.00011166866887531356 -0.016144929453730583 0.0012137191465033078 -0.00011167453236842751 0.9999992572070402 0.7890664935112
0.9999786329270535 -5.7337500499608165e-05 -0.006536849528028755 -0.009805120527744293 5.870758945101987e-05 0.999999976351901 0.00020940299942946106 -0.015377253293991089 0.006536837366800106 -0.00020978228777869168 0.9999786126456063 0.782992959022522
0.9999884717334283 7.276329537819606e-05 -0.004801156709055043 -0.007028405554592609 -7.228078295791182e-05 0.9999999923202535 0.00010067264263691673 -0.017331438139081 0.004801163997456611 -0.00010032445068982182 0.9999884693131584 0.840310275554657
0.9999995475104237 -3.069309201505507e-05 -0.0009508085410092608 -0.003575041424483061 3.0717313095483544e-05 0.9999999992041276 2.545960048546763e-05 -0.01684247888624668 0.0009508077588186783 -2.5488795248911835e-05 0.9999995476573611 0.8144623637199402
0.9999996222977922 2.3554580742010316e-05 -0.0008688207262708765 -0.0036204997450113297 -2.3449637507104352e-05 0.9999999924289636 0.00012079812368624121 -0.016686877235770226 0.0008688235650421612 -0.00012077770452943349 0.9999996152791053 0.8303413987159729
0.9999994770593972 -2.1692057741610028e-05 -0.0010224531221776684 -0.0034666252322494984 2.1748021483211632e-05 0.9999999982661708 5.472368862182165e-05 -0.020512526854872704 0.0010224519333354957 -5.4745896337049625e-05 0.9999994757973281 0.9954072833061218
0.9999994547148359 -8.390837529201742e-05 -0.0010409271902208882 -0.0035342946648597717 8.382327741045572e-05 0.9999999931415886 -8.179535943819504e-05 -0.020733807235956192 0.0010409340463974981 8.170806090776909e-05 0.9999994548899033 0.996233344078064
0.9999993330439372 -7.978900303531352e-06 -0.0011549233818447936 -0.003704782109707594 8.034929329623497e-06 0.9999999987911795 4.850856573955898e-05 -0.018943827599287033 0.0011549229934036888 -4.8517813114231216e-05 0.9999993318992274 0.9230518937110901
0.9999957616976821 -6.504175911635309e-05 -0.002910731221131553 -0.005425486247986555 6.5130163840462e-05 0.9999999974206756 3.0277220345369163e-05 -0.019248180091381073 0.002910729244340161 -3.046666842268385e-05 0.9999957633545493 0.9248029589653015
0.9999945942057445 -5.319148296295002e-05 -0.003287663297042738 -0.005220919847488403 5.3416392743100396e-05 0.9999999962393659 6.832245332333512e-05 -0.029196064919233322 0.0032876596505064266 -6.849769910009131e-05 0.9999945932864277 1.4107110500335693
0.99999116185805 -9.458017871991274e-05 -0.004203244030143977 -0.005909266881644726 9.339664419580766e-05 0.9999999559408471 -0.00028177184129397486 -0.02760639414191246 0.004203270494983713 0.00028137678206729245 0.9999911266327579 1.3494387865066528
0.999997117211719 -0.00014928930634526273 -0.0023965143343316277 -0.0042726085521280766 0.00014943701366842028 0.9999999869459133 6.145528721087891e-05 -0.020912986248731613 0.002396505128430123 -6.181323799363321e-05 0.999997126467018 1.0051124095916748
0.9999957792449858 -6.314883440704492e-05 -0.002904738273680995 -0.00521898502483964 6.32489077743584e-05 0.999999997409486 3.435991932943232e-05 -0.020866092294454575 0.002904736096367373 -3.4543495827811214e-05 0.9999957806485774 1.0003832578659058
0.9999976217972466 -7.226128030210517e-05 -0.0021797197429986974 -0.004512113984674215 7.229232553148457e-05 0.9999999972866006 1.416397669684488e-05 -0.022944435477256775 0.002179718713577157 -1.4321520021264767e-05 0.9999976243077898 1.095356822013855
0.9999987433661623 -4.4809006274754585e-05 -0.0015846950019168635 -0.003986302297562361 4.473728895882502e-05 0.9999999979736209 -4.52916450382089e-05 -0.02248472347855568 0.0015846970281792774 4.522069316498282e-05 0.9999987433444193 1.0873048305511475
0.9999834047961427 -7.089520958910015e-05 -0.0057606515415300425 -0.007346625439822674 7.142689799149677e-05 0.9999999932087328 9.209089216859045e-05 -0.029593564569950104 0.005760644973604818 -9.250082937148293e-05 0.9999834030688132 1.4221000671386719
0.999991237497728 -6.401221723452907e-05 -0.004185789077185773 -0.006526750046759844 6.45624151116456e-05 0.9999999892947874 0.00013130925231458527 -0.021045539528131485 0.004185780626979627 -0.0001315783463689346 0.9999912309253924 1.0063812732696533
0.9999914543421867 -9.861230465225404e-05 -0.004132979338350543 -0.0064649423584342 9.879845902031228e-05 0.999999994114251 4.483706195255232e-05 -0.02091354876756668 0.004132974892538852 -4.524501078015535e-05 0.999991458199232 0.9928558468818665
0.9999708082909584 -0.0004137439022149345 -0.007629638386617085 -0.008741593919694424 0.0004123194202795303 0.9999998972724672 -0.000188275730548715 -0.03477063030004501 0.0076297155007786065 0.00018512438638185685 0.9999708761610703 1.5412559509277344
0.9999897820164678 -8.217544986708468e-05 -0.004519857282333577 -0.006930626928806305 8.260979272434043e-05 0.9999999919884491 9.590997746793357e-05 -0.020827870815992355 0.004519849364676965 -9.628238193460041e-05 0.9999897807934958 0.9921809434890747
0.9999904395526147 -6.970927208020538e-05 -0.004372178402803481 -0.006628128234297037 7.025877873255772e-05 0.9999999896530731 0.00012552911105359493 -0.02230212651193142 0.004372169607021914 -0.00012583509485411523 0.999990434103475 1.0600090026855469
0.9999946705981733 -0.00010901885863586691 -0.0032629572690049966 -0.00550765311345458 0.00010896735892038425 0.9999999939356818 -1.5960915484251866e-05 -0.02316994220018387 0.0032629589892581743 1.5605274586246187e-05 0.9999946764133846 1.09413743019104
0.999995947596855 -0.00021304925942599787 -0.002838908219942638 -0.004449976608157158 0.00021306141932001048 0.9999999772944919 3.980868616723162e-06 -0.023772742599248886 0.0028389073073626734 -4.585714299298882e-06 0.9999959702840164 1.1234674453735352
0.9999902285716965 -6.207125223566888e-05 -0.004420283733654306 -0.006923576816916466 6.251823690688677e-05 0.9999999929469359 0.00010098315932579039 -0.019452985376119614 0.004420277434326608 -0.00010125852092174544 0.9999902253992865 0.9330182671546936
0.9999913115820398 -2.7623587677990977e-05 -0.0041684526348497696 -0.0066126310266554356 2.820707777772203e-05 0.999999989813531 0.0001399188997280574 -0.01992468163371086 0.0041684487273259616 -0.00014003526392186 0.99999130217484 0.9586611986160278
0.9999945203065204 -8.794147373111313e-05 -0.003309323681581239 -0.005692889913916588 8.807498323271187e-05 0.9999999953134701 4.019772697610571e-05 -0.021839231252670288 0.0033093201310246435 -4.048897533265019e-05 0.9999945233654599 1.0390210151672363
0.9999978741552868 -5.864210931340288e-05 -0.002061127363835007 -0.004498331807553768 5.860838005583856e-05 0.9999999981476407 -1.6424866239201152e-05 -0.021097520366311073 0.0020611283232058607 1.6304031986602964e-05 0.9999978757398507 1.0139343738555908
0.999998946685609 -5.571006646108264e-05 -0.0014503530815979874 -0.003883505705744028 5.568325442158073e-05 0.999999998278064 -1.8526933811430795e-05 -0.0218752883374691 0.0014503541112372861 1.8446153917101042e-05 0.9999989480657925 1.052271842956543
0.9999989011121667 -5.736189400688971e-05 -0.0014813791114265693 -0.003916112706065178 5.730623810862003e-05 0.999999997650638 -3.761274626047663e-05 -0.0214572511613369 0.001481381265484638 3.752781266419885e-05 0.9999989020500019 1.0324534177780151
0.9999985381753055 -6.17920625276946e-05 -0.0017087507111223908 -0.004129363223910332 6.176041666473915e-05 0.9999999979203538 -1.857264324485217e-05 -0.02144622802734375 0.0017087518552107266 1.8467082939008544e-05 0.999998539911966 1.030638575553894
0.9999984098073238 -6.555881455735993e-05 -0.0017821573627632451 -0.004187063314020634 6.551632552972431e-05 0.9999999975682075 -2.3899714290756608e-05 -0.022677050903439522 0.0017821589252663451 2.3782915883681986e-05 0.9999984116707077 1.0858252048492432
0.9999977040609961 -7.702924658110894e-05 -0.002141480616782151 -0.004512927029281855 7.696311101489282e-05 0.999999996558909 -3.096549333216108e-05 -0.02287943661212921 0.002141482994661742 3.080060722683151e-05 0.9999977065483233 1.0904521942138672
0.9999973475318793 -7.217032251539913e-05 -0.0023021122149561135 -0.0046659368090331554 7.215862781663438e-05 0.9999999973832376 -5.163044744244377e-06 -0.023184385150671005 0.0023021125815506373 4.99691379092164e-06 0.9999973501228353 1.1048634052276611
0.9999969818996228 -8.883981441171203e-05 -0.002455259483855973 -0.00484071671962738 8.869300615990611e-05 0.9999999942726391 -5.9902192966018954e-05 -0.023056503385305405 0.0024552647914935213 5.968424783066196e-05 0.9999969840517493 1.094193935394287
0.9999961340208648 -8.056718408333129e-05 -0.002779469779188836 -0.005233691539615393 8.053841656404555e-05 0.9999999967020559 -1.0461928255312648e-05 -0.02179693430662155 0.002779470612910399 1.0238033714812813e-05 0.9999961372116868 1.0358234643936157
0.9999964959214028 -7.492076352750357e-05 -0.0026462297320612917 -0.005151932127773762 7.486605170385677e-05 0.9999999969817485 -2.0774437449810585e-05 -0.020595770329236984 0.0026462312805110204 2.0576251882608166e-05 0.9999964985121836 0.9838844537734985
0.999998402326207 -4.075536378607483e-05 -0.0017870881436989105 -0.004263276234269142 4.075297106165676e-05 0.9999999991686517 -1.3753101651343366e-06 -0.018978890031576157 0.0017870881982644843 1.302478816432537e-06 0.9999984031557624 0.9209102392196655
0.9999999736650151 -3.1369526455934847e-05 -0.0002273453805893707 -0.0027277031913399696 3.1363653803474695e-05 0.9999999991744389 -2.5834932334286743e-05 -0.018887605518102646 0.0002273461908312765 2.5827801272113562e-05 0.999999973823317 0.9245401620864868
0.9999996728855824 -3.065872890751291e-05 -0.0008082628104423548 -0.0032959687523543835 3.064720098667157e-05 0.9999999994284873 -1.4274971348091019e-05 -0.01992279663681984 0.000808263247632899 1.42501956857404e-05 0.999999673253674 0.9680440425872803
0.9999982773141447 -4.444957771480279e-05 -0.0018556381592608805 -0.004024859517812729 4.3458600281558527e-05 0.9999998564387725 -0.0005340728269562357 -0.022517193108797073 0.0018556616321748155 0.0005339912634795005 0.9999981356848809 1.2195279598236084
0.9999989961266115 1.5382925243023798e-05 -0.0014168659552258904 -0.003923136740922928 -1.5431707871573876e-05 0.9999999992885966 -3.441902731363064e-05 -0.021932780742645264 0.0014168654247526027 3.444085742279928e-05 0.9999989956525934 1.082500696182251
0.999970386659388 -0.0003810530075381195 -0.007686390757666976 -0.008856827393174171 0.00037569953369793785 0.9999996858792602 -0.0006979192225476268 -0.03497281298041344 0.007686654287430995 0.0006950107814044941 0.9999702157093876 1.7085397243499756
0.999993147633139 -0.0001759610665645312 -0.0036977999500486707 -0.00550320977345109 0.00017683330284687555 0.9999999566221078 0.00023555416741478764 -0.0324450246989727 0.0036977583412833703 -0.00023620644748965092 0.9999931353713204 1.5686511993408203
0.9999318470839388 -0.0005157260771112376 -0.011663413476157144 -0.01359918899834156 0.000500918666615193 0.9999990649800115 -0.0012724463022795167 -0.04476713389158249 0.011664058804372218 0.001266517159826827 0.9999311704644935 2.181196689605713
0.9999851094768549 -0.0001273030456450227 -0.005455695968153151 -0.007273051887750626 0.00012839306351655083 0.9999999718685172 0.0001994446939894145 -0.03648144379258156 0.005455670424759352 -0.00020014219767254857 0.999985097690619 1.7348294258117676
0.9999896181214472 -0.00026487744684900377 -0.004549009701086662 -0.0066022565588355064 0.000263862465097867 0.9999999401629376 -0.00022372018452119298 -0.03163759410381317 0.004549068687318568 0.0002225175489719246 0.999989628176222 1.4628245830535889
0.9999984644082534 -9.568405563473986e-05 -0.0017498644795138232 -0.004136333242058754 9.557937672716719e-05 0.9999999936380061 -5.990467888259497e-05 -0.025060994550585747 0.001749870200303823 5.973733593715555e-05 0.9999984671916916 1.1914842128753662
0.9999971397717198 -9.602884388626258e-05 -0.0023898173237902787 -0.004746029153466225 9.589196297483509e-05 0.9999999937554886 -5.7391242131052973e-05 -0.024132486432790756 0.0023898228200816677 5.716191370466966e-05 0.9999971427356203 1.143608570098877
0.9999969769672352 -8.929836090822641e-05 -0.002457250942320184 -0.004820690490305424 8.921221863411159e-05 0.9999999954022681 -3.5165946430872156e-05 -0.024427540600299835 0.002457254071283779 3.494662331475875e-05 0.9999969803360221 1.158137321472168
0.9999993942590757 -8.80039088997914e-05 -0.0010971493945282928 -0.003567216219380498 8.787859427378604e-05 0.9999999896103097 -0.00011426606436474402 -0.021988220512866974 0.001097159438989569 0.00011416957920261307 0.9999993916030513 1.0530779361724854
0.9999999676895807 -3.5036269877127144e-05 -0.0002517802563120977 -0.0027479613199830055 3.50360786491514e-05 0.9999999993859449 -7.639141160210773e-07 -0.022429341450333595 0.0002517802829221918 7.550926984762377e-07 0.999999968303059 1.089544415473938
0.9999990070891277 -9.246087308623758e-05 -0.0014061549508019805 -0.003815244184806943 9.237735649808996e-05 0.99999999396556 -5.945842073235461e-05 -0.026117965579032898 0.0014061604398941162 5.932846481826042e-05 0.9999990095959848 1.243957281112671
0.9999980797005711 -0.00012010603233870041 -0.0019560597412105764 -0.004310424905270338 0.00011992144685097267 0.9999999883459054 -9.44829900605226e-05 -0.02621263451874256 0.001956071066391531 9.424823511059784e-05 0.9999980824497882 1.239258050918579
0.9999965219348727 -9.900754824689464e-05 -0.00263558639833943 -0.004980671685189009 9.887118745040818e-05 0.9999999937670705 -5.186855566363114e-05 -0.02447814866900444 0.0026355915172905334 5.160779170458452e-05 0.9999965254909587 1.157114028930664
0.9999967786893994 -9.477159767875134e-05 -0.0025364599678347204 -0.004921661224216223 9.468166452931554e-05 0.9999999948848572 -3.557622231752251e-05 -0.02349141612648964 0.002536463326475794 3.533595146369386e-05 0.9999967825474059 1.111575961112976
0.999997108777884 -7.951771006379498e-05 -0.002403354490419287 -0.00487163569778204 7.941433713115536e-05 0.9999999959175602 -4.310733722977643e-05 -0.02183949574828148 0.0024033579084044806 4.291635179314184e-05 0.9999971110103022 1.040688157081604
0.999999979591728 -6.408926891782463e-05 0.00019159621448679954 -0.00021335529163479805 6.430012187951945e-05 0.9999993921585704 -0.0011007034043870824 -0.030192844569683075 -0.00019152555475020008 0.001100715701583571 0.9999993758712584 1.782259225845337
0.9999919753244862 -0.00023393892403738553 -0.003999319843649592 -0.005525171756744385 0.00023397669505128012 0.999999972587164 8.976486295631625e-06 -0.023826351389288902 0.003999317634067348 -9.912161901711983e-06 0.9999920026481266 1.132696509361267
0.9999916738111704 -9.619360506143626e-05 -0.0040795900681792376 -0.006390342488884926 9.419116217952933e-05 0.9999998750070892 -0.0004910334318675014 -0.026379695162177086 0.004079636792535417 0.0004906450821006882 0.9999915578798877 1.327500343322754
0.999986983105307 -0.0006082881067048696 -0.005065925929783167 -0.004643931984901428 0.0006077857076390544 0.9999998102268833 -0.00010071112738506867 -0.03542459383606911 0.005065986229787615 9.763081906284878e-05 0.9999871630434778 1.6839721202850342
0.9999927852327334 -0.00011157565150323561 -0.0037969768704098007 -0.005814812611788511 0.00010892795181003085 0.9999997508019948 -0.000697517490621497 -0.026173507794737816 0.00379705375017919 0.0006970988612815739 0.9999925481902332 1.3471951484680176
0.9999987417290901 -9.248765697762436e-05 -0.0015836622967977 -0.004109227564185858 9.230667550376396e-05 0.9999999892014284 -0.00011435305512833973 -0.023877788335084915 0.0015836728559425457 0.00011420672863947894 0.99999873946776 1.1350905895233154
0.9999988069453546 -7.224617101996868e-05 -0.0015430127536657323 -0.0040914518758654594 7.212273449330365e-05 0.9999999941949476 -8.005258112235237e-05 -0.02203500270843506 0.0015430185282009291 7.994119931609618e-05 0.9999988063509007 1.053614854812622
0.9999965492080939 -6.182669097446908e-05 -0.002626356671269418 -0.005214274860918522 6.184652753670902e-05 0.9999999980595907 7.471667091922797e-06 -0.019948391243815422 0.002626356204224758 -7.634072348945354e-06 0.9999965510914574 0.9560936093330383
0.9999934497469797 -7.593839692749925e-05 -0.0036186594885964886 -0.0060133254155516624 7.622008473115438e-05 0.999999994076193 7.770529212417479e-05 -0.020731594413518906 0.003618653566344932 -7.798059766768438e-05 0.9999934496112426 0.9919881224632263
0.9999978875538439 -6.375907151011272e-05 -0.002054464073801236 -0.004576487001031637 6.372060557605421e-05 0.9999999977933374 -1.8788549385847084e-05 -0.02031891979277134 0.002054465267208191 1.865759800113129e-05 0.9999978894099526 0.9765634536743164
0.9999984469938261 -1.8541982614470792e-05 -0.0017622900245685873 -0.0043256585486233234 1.8508428182284625e-05 0.9999999996471429 -1.905655078252776e-05 -0.020502857863903046 0.0017622903772929843 1.902390396923066e-05 0.9999984469841526 0.991562008857727
0.9999977936212731 -7.546692056602858e-05 -0.0020992992472912537 -0.004583153408020735 7.536728643834643e-05 0.9999999960298732 -4.7539728781012494e-05 -0.022282224148511887 0.0020993028266337054 4.738140540267582e-05 0.999997795338892 1.0625824928283691
0.999998700189649 -5.485114520573943e-05 -0.0016114001254394893 -0.004166668280959129 5.475143178640891e-05 0.9999999965838472 -6.19240354106214e-05 -0.021624870598316193 0.0016114035165389583 6.183572845707058e-05 0.9999986997766794 1.0376017093658447
0.9999985213446732 -5.2614620174045305e-05 -0.0017188775899149996 -0.004264744929969311 5.25115667433723e-05 0.9999999968213286 -5.999898453584054e-05 -0.022320633754134178 0.001718880741275035 5.990863486273593e-05 0.9999985209288825 1.0699195861816406
0.9999986222083347 -5.3935338190611696e-05 -0.0016591179619850533 -0.004211584571748972 5.3854268856949524e-05 0.9999999973538849 -4.8907547724183857e-05 -0.022868607193231583 0.0016591205954399628 4.8818129754982094e-05 0.9999986224668713 1.0936479568481445
0.9999982603361091 -7.190755345210134e-05 -0.0018639082753719078 -0.004383762367069721 7.178379075513965e-05 0.9999999952146539 -6.646637828955342e-05 -0.02363816276192665 0.0018639130458871112 6.633246425876908e-05 0.9999982607125681 1.1262235641479492
0.9999980048692898 -6.844313011765335e-05 -0.001996389986349519 -0.004497564397752285 6.833257689071503e-05 0.9999999961282706 -5.544472529142926e-05 -0.02363569289445877 0.0019963937734305843 5.530819619970903e-05 0.9999980056744637 1.1260639429092407
0.9999980497822843 -7.563107013464445e-05 -0.001973502360960466 -0.004465000703930855 7.549742395666722e-05 0.9999999948520077 -6.779471243076893e-05 -0.023501813411712646 0.0019735074781875423 6.764558587189483e-05 0.9999980503442534 1.118958830833435
0.99999613884508 -9.218635471825686e-05 -0.002777372248550202 -0.005313133355230093 9.197390177842272e-05 0.9999999928349463 -7.66218517911736e-05 -0.02038305252790451 0.0027773792921393895 7.636611017994333e-05 0.999996140158793 0.97004234790802
0.9999970516014872 2.5964806110023303e-06 -0.0024283289709009356 -0.005040639545768499 -2.5076395664127207e-06 0.999999999327504 3.6588303079582816e-05 -0.01691831648349762 0.0024283290642687135 -3.658210582887673e-05 0.9999970509355042 0.8270565271377563
0.9999978527505085 4.9242063933007535e-06 -0.00207231033502994 -0.004608229734003544 -4.808887946200318e-06 0.99999999843985 5.565226566245219e-05 -0.018544893711805344 0.002072310605840067 -5.5642180654962134e-05 0.9999978512140417 0.9007850885391235
0.9999987390877838 -3.6103046536169466e-05 -0.0015876143777323762 -0.004080650396645069 3.6098090307936455e-05 0.9999999993435011 -3.1504634403749685e-06 -0.020985733717679977 0.0015876144904314376 3.093149620735568e-06 0.9999987397345369 1.0128177404403687
0.9999987974180905 -5.979886257427277e-05 -0.001549705284539485 -0.004028867930173874 5.9704847994409626e-05 0.9999999963746743 -6.0712294125558365e-05 -0.021201681345701218 0.0015497089094474313 6.0619696195602195e-05 0.9999987973630511 1.0175189971923828
0.9999991880867957 -4.781453025567991e-05 -0.0012733968432387427 -0.003794904798269272 4.7769163841727365e-05 0.9999999982233538 -3.565668759036565e-05 -0.022096704691648483 0.0012733985458841346 3.5595829537789954e-05 0.999999188594211 1.062938928604126
0.9999983849583348 -6.715548201048136e-05 -0.0017959874340436259 -0.004291641525924206 6.702441322401577e-05 0.9999999950865335 -7.303876476683896e-05 -0.022506076842546463 0.0017959923301725548 7.291827180226621e-05 0.9999983845459329 1.0747878551483154
0.9999977346179822 -7.158894368986717e-05 -0.002127353737963071 -0.00457385228946805 7.14792991411799e-05 0.9999999961132319 -5.161633272221554e-05 -0.02154814824461937 0.0021273574248532774 5.146415403728861e-05 0.9999977358483506 1.0289826393127441
0.9999976589283691 -4.569562920818952e-05 -0.002163342249920559 -0.004656704142689705 4.560197418542052e-05 0.9999999980210033 -4.3341126365472615e-05 -0.01891067437827587 0.002163344226139352 4.324237222335613e-05 0.999997659033188 0.912213921546936
0.9999983523346001 -3.739676950832341e-06 -0.001815300002703897 -0.004327020142227411 3.845591220566243e-06 0.9999999982907206 5.8341838660666456e-05 -0.02013576403260231 0.0018152997814214129 -5.8348723434590625e-05 0.9999983506397048 0.9743051528930664
