0.9999857301965688 -0.0001379224214547015 0.005340447606809483 0.00396773824468255 0.00013682477253606741 0.9999999694421238 0.00020589981357075032 -0.010311348363757133 -0.005340475841817611 -0.0002051661698918416 0.9999857185103325 0.5489258766174316
0.9999888529177519 -3.396161751729224e-05 0.004721534374241098 0.002961426042020321 3.356137849934934e-05 0.999999995837221 8.484805071001378e-05 -0.011861681938171387 -0.004721537236163439 -8.468864369958234e-05 0.9999888498948181 0.6182225942611694
0.9999842545439753 -0.0001680285643023244 0.005609138127323591 0.0041116224601864815 0.00016685730160990894 0.9999999641801304 0.00020928062231891846 -0.009984967298805714 -0.0056091730915275 -0.00020834140144780047 0.9999842467614626 0.5266591906547546
0.9999922056072214 -9.737687901571521e-05 0.003947054920851705 0.002318980172276497 9.64273555201474e-05 0.9999999663694821 0.00024075464681181028 -0.010714231058955193 -0.0039470782320463185 -0.0002403721662074192 0.9999921813667604 0.5809286236763
0.9999876412049487 -8.079353673620737e-05 0.004971006916821359 0.0031652655452489853 8.023142765200697e-05 0.9999999903656396 0.00011327682278451449 -0.011427519842982292 -0.00497101602096403 -0.00011287659183767305 0.9999876380528883 0.5946949124336243
0.9999920791580503 -3.1366600277977205e-05 0.003980029810948053 0.0019265161827206612 3.076323181743344e-05 0.9999999880264174 0.00015166010918056104 -0.011825677007436752 -0.00398003452035486 -0.00015153646932509167 0.9999920681495006 0.6139235496520996
0.9999980235901229 1.5248492410046278e-05 0.001988110492821616 -0.0004244493320584297 -1.5463182742548095e-05 0.9999999940514906 0.00010797179653524018 -0.01308966614305973 -0.0019881088345882016 -0.00010800232565457792 0.9999980178774154 0.6790872812271118
0.9999917915405152 -9.219228655833468e-05 0.004050722426026502 0.0022119185887277126 9.136036640406485e-05 0.9999999746991212 0.00020556030801816786 -0.011086923070251942 -0.0040507412746144875 -0.0002051885451996649 0.9999917746625653 0.5878081321716309
0.9999871706043946 -0.00018248980329533255 0.005062146193979146 0.0035827714018523693 0.00018112878540796576 0.9999999473298238 0.0002693189797761568 -0.009682261385023594 -0.005062195075322657 -0.0002683986241847482 0.9999871509890504 0.5144814252853394
0.9999975220238964 -5.9988885975841874e-05 0.0022253870225985633 -0.0002733238507062197 5.954838616626163e-05 0.9999999786232635 0.0001980087428464586 -0.011741824448108673 -0.002225398853350948 -0.00019787573397973444 0.9999975042194542 0.6166973114013672
0.9999993633069005 -2.535436010680291e-05 0.0011281590977914315 -0.001346634584479034 2.5307781151951517e-05 0.9999999988268373 4.130183277114205e-05 -0.013282016851007938 -0.0011281601436494584 -4.1273255270998644e-05 0.9999993627754012 0.6834137439727783
0.9999999052225887 -1.9287532713659243e-05 0.00043495149727670044 -0.001734624383971095 1.9261297068214365e-05 0.9999999979950897 6.0322662354898796e-05 -0.013524000532925129 -0.00043495265987998513 -6.031427890767369e-05 0.9999999035891812 0.7122087478637695
0.9999988158808775 1.8899849769907896e-05 0.0015387916164744653 -0.0009353957138955593 -1.8843135296035327e-05 0.9999999991427333 -3.687098992466592e-05 -0.014366375282406807 -0.0015387923120114809 3.684195060640005e-05 0.999998815379744 0.7363461256027222
0.9999990860267737 3.733206845031656e-05 0.001351499882877377 -0.0009815909434109926 -3.735341739452781e-05 0.9999999991779948 1.577124433751693e-05 -0.013855641707777977 -0.0013514992929932641 -1.582171306225564e-05 0.9999990865992497 0.7137099504470825
0.9999949897566646 -8.59518384680413e-05 0.003164344142156096 0.0009493341203778982 8.523232737283213e-05 0.999999970486199 0.00022751494805914817 -0.010853779502213001 -0.0031643636040923372 -0.0002272441037380514 0.9999949675688866 0.5679234266281128
0.9999849333866643 -0.00021517604349389197 0.005485134359236788 0.004364762455224991 0.00021299140101781956 0.9999998977705788 0.00039886525917980396 -0.008690688759088516 -0.0054852196247430355 -0.000397690963179226 0.9999848769894303 0.4648951292037964
0.9999999165585371 6.2708223604497e-05 0.00040367139721708125 -0.001997975865378976 -6.270288685463621e-05 0.9999999979466153 -1.3233172214148177e-05 -0.015078231692314148 -0.00040367222621691087 1.3207859748006778e-05 0.9999999184371395 0.7615355849266052
0.9999992080353544 -5.288591334915937e-05 0.0012574306121047576 -0.001389952376484871 5.291433891575099e-05 0.9999999983452704 -2.257281439198001e-05 -0.013381849974393845 -0.0012574294162401441 2.2639332624681008e-05 0.9999992091790492 0.6926330327987671
0.9999987429747939 -5.552501279898286e-05 0.0015846027279279988 -0.0008490657201036811 5.510900374138467e-05 0.9999999640088036 0.0002625745401419395 -0.011256660334765911 -0.001584617250350953 -0.00026248688420146203 0.9999987100435708 0.598008394241333
0.999998877016574 -2.184861838803796e-06 0.0014986530008870495 -0.0008524213917553425 2.1183284201493555e-06 0.9999999990122065 4.439706543447494e-05 -0.01343744806945324 -0.001498653096408144 -4.439384093806257e-05 0.99999887603341 0.6962383389472961
0.9999974654025992 1.9053077868868487e-05 0.002251405196249535 -0.00015024724416434765 -1.899344409884947e-05 0.9999999994682681 -2.650873362171944e-05 -0.013747718185186386 -0.002251405700125357 2.646590449401328e-05 0.9999974652327521 0.700838029384613
0.9999990242361438 8.271180644614404e-05 0.0013945198159698235 -0.0011202218011021614 -8.262741038475376e-05 0.9999999947515505 -6.0577304929423216e-05 -0.015113098546862602 -0.001394524819109077 6.046202025915476e-05 0.9999990258219619 0.7655515670776367
0.9999985465037271 -1.715779164719106e-05 0.0017049035290695527 -0.0007171505130827427 1.7199310788391678e-05 0.9999999995559198 -2.4338121763739912e-05 -0.013547739014029503 -0.0017049031107240166 2.436740955403133e-05 0.9999985463547497 0.7030853033065796
0.9999985800283056 7.84068823456676e-05 0.0016833875767003636 -0.0010100262006744742 -7.838346903093329e-05 0.9999999968303737 -1.3974422080053219e-05 -0.01469691563397646 -0.0016833886670555218 1.384245247878407e-05 0.9999985830044871 0.7472704648971558
0.9999991892705411 6.216053206806601e-05 0.001271846818055137 -0.0010298832785338163 -6.204883013729883e-05 0.9999999942147693 -8.786582973845981e-05 -0.01586250029504299 -0.0012718522724839366 8.778684189586906e-05 0.9999991873423034 0.7951958775520325
0.9999991548937264 3.610084951891913e-05 0.0012995801483007764 -0.001154880621470511 -3.605692041837122e-05 0.999999998777852 -3.382594633694332e-05 -0.01457756757736206 -0.0012995813678578958 3.377905889243928e-05 0.9999991549732647 0.7433659434318542
0.9999984205968664 9.8667550847075e-05 0.0017745614915605442 -0.0007851696573197842 -9.853140484068505e-05 0.9999999921960321 -7.680819055824394e-05 -0.01627996750175953 -0.0017745690561879704 7.663321921040743e-05 0.9999984225147631 0.8168357610702515
0.9999986929271913 7.740239820497438e-05 0.0016149776400596774 -0.000830469187349081 -7.722767338945493e-05 0.9999999911586611 -0.00010825231819563601 -0.01609511487185955 -0.001614986004770152 0.0001081274557362566 0.999998690063471 0.8070348501205444
0.9999977860941279 -1.0650514018540519e-06 0.0021042351838001312 -0.0005380194634199142 1.1332725938057475e-06 0.9999999994738393 -3.241970483072828e-05 -0.01312827505171299 -0.002104235148164313 3.242201772861811e-05 0.9999977855691753 0.6871379017829895
0.9999991776606101 7.699936354196468e-05 0.0012801363997299038 -0.0013568485155701637 -7.696077341507936e-05 0.9999999965826641 -3.019455710833039e-05 -0.015302903950214386 -0.0012801387203169275 3.0096011990756706e-05 0.9999991801692074 0.7703006863594055
0.9999999964370849 4.642651356830811e-05 -7.050112980747068e-05 -0.0025238918606191874 -4.6422835901751826e-05 0.9999999975618464 5.2165387590039436e-05 -0.015918971970677376 7.050355149265284e-05 -5.2162114541798646e-05 0.9999999961541817 0.7951455116271973
0.9999999746264893 5.9677731624071525e-05 0.00021722244120319053 -0.0020837783813476562 -5.968031377200858e-05 0.999999998148555 1.188065152803034e-05 -0.01620463840663433 -0.00021722173179068176 -1.189361513002583e-05 0.9999999763366302 0.8053627014160156
0.9999990504825176 0.0001379876014622244 0.001371128544293403 -0.0011065141297876835 -0.00013797074961870406 0.999999990405341 -1.238507161553073e-05 -0.016833800822496414 -0.0013711302401242186 1.2195884222608948e-05 0.9999990599261206 0.8451873064041138
0.9999998492878673 0.00012246820212967913 0.0005351876141764182 -0.0017749066464602947 -0.00012246706166570284 0.9999999924985686 -2.1637319901769133e-06 -0.01707790605723858 -0.0005351878751501118 2.098188809528186e-06 0.9999998567847579 0.8444739580154419
0.9999999475423506 7.80612947118224e-05 0.0003143592379648451 -0.0019720569252967834 -7.804177350121389e-05 0.9999999950259022 -6.211020340415883e-05 -0.015911001712083817 -0.000314364084804084 6.208566699355629e-05 0.9999999486602948 0.7866491675376892
0.9999940626142408 4.459700519152695e-05 -0.0034456853270087794 -0.007534740958362818 -4.295281406315151e-05 0.9999998851954418 0.0004772464342500034 -0.011103146709501743 0.003445706215190104 -0.00047709559877265 0.9999939497259311 0.5666365027427673
0.9999968845120993 3.2496091250726718e-06 0.0024961882009950876 -2.696877345442772e-06 -3.902152483394544e-06 0.9999999658245033 0.00026141110354175316 -0.01125286053866148 -0.0024961872662027087 -0.00026142002962561056 0.9999968503493898 0.5762436985969543
0.99999983227426 -4.112747345857251e-05 0.0005777196401862458 -0.0022134846076369286 4.0958303314601696e-05 0.9999999562857056 0.0002928327238788827 -0.011243000626564026 -0.0005777316584017185 -0.0002928090123470439 0.9999997902444845 0.5925801992416382
0.9999932526409187 -0.0001264186916165263 0.0036713336746119645 0.00200474401935935 0.0001248059562210723 0.9999998956300307 0.00043950358500489993 -0.008360153995454311 -0.0036713888529031585 -0.00043904241520652774 0.9999931640494591 0.43593108654022217
0.999912829430935 0.0002839779977243124 -0.013200488472722318 -0.018166454508900642 -0.00026549575057071737 0.9999989821641178 0.0014018497546132494 -0.006590568460524082 0.013200873131277916 -0.0013982228809774307 0.9999118870787299 0.3604848384857178
0.9999942666259792 0.00011781247568142562 -0.0033842038044832588 -0.006009326782077551 -0.00011467273188480599 0.9999995628854615 0.0009279434520389568 -0.007651661988347769 0.0033843116485139523 -0.0009275500558965612 0.9999938430238254 0.4013480246067047
0.9999420292557071 0.00014641496433751068 -0.010766461379521794 -0.01577950082719326 -0.00013542336460913894 0.9999994689630903 0.0010216330307731177 -0.009642740711569786 0.010766605244497181 -0.0010201157755209806 0.9999415180775891 0.5203596353530884
0.9998858170524578 0.00029811715792948945 -0.015108407708911016 -0.02057640440762043 -0.0002819422991391172 0.9999993849057931 0.0010727052602260028 -0.009958984330296516 0.015108718207660432 -0.0010683230763717647 0.9998852860803212 0.535481333732605
0.9999324032268125 0.00018230528100613753 -0.011625650168322246 -0.016296297311782837 -0.00017047363806516915 0.9999994665926877 0.0010187016635091384 -0.009829587303102016 0.011625829681808461 -0.0010166509356847773 0.9999319009338011 0.5320650935173035
0.9999758121172111 8.338951075122008e-05 -0.00695472693310237 -0.011033622547984123 -7.864973433054635e-05 0.9999997644886842 0.0006817894070703012 -0.010595888830721378 0.006954782149270569 -0.000681225928602406 0.9999755831701546 0.5679323077201843
0.9999932019019397 3.472586355540281e-05 -0.0036871322217381657 -0.006676919292658567 -3.338544154327505e-05 0.9999999333396934 0.0003636014588498917 -0.012803487479686737 0.0036871446023274503 -0.00036347589051426843 0.9999931364014246 0.6603136658668518
0.9999999906765306 2.4202480563367955e-05 0.00013439188525114591 -0.0023233904503285885 -2.4214988615971434e-05 0.9999999953757451 9.307063987410901e-05 -0.015073864720761776 -0.00013438963208933102 -9.307389330433917e-05 0.9999999866383384 0.7594600319862366
0.9999996793339535 2.3410212139512745e-05 0.000800489820058684 -0.0014953991631045938 -2.3374659308198257e-05 0.9999999987401035 -4.4423172398399726e-05 -0.015081552788615227 -0.0008004908590060394 4.4404446976573115e-05 0.9999996786212632 0.7621932625770569
0.9999999902584489 0.00013745023957045013 2.4300906328075023e-05 -0.0023858947679400444 -0.00013745263719236542 0.9999999856835515 9.868976409050162e-05 -0.017823930829763412 -2.428734104845496e-05 -9.869310335277118e-05 0.9999999948348983 0.8839354515075684
0.9999988267673561 -3.174157138092374e-05 0.0015314882905560232 -0.0010393690317869186 3.2015407564865115e-05 0.9999999835064011 -0.00017877978411016255 -0.015974625945091248 -0.001531482590544991 0.0001788286055816867 0.9999988112899958 0.7925532460212708
0.9999995337858486 -7.607206159202604e-06 0.000965593193806018 -0.0013029772089794278 7.5898958496249795e-06 0.9999999998104402 1.7930787792954646e-05 -0.013540582731366158 -0.0009655933300261797 -1.7923450681593533e-05 0.9999995336540267 0.7094100713729858
0.9999999950717384 -1.5092805003418338e-06 9.926854939425679e-05 -0.002575432416051626 1.5109525235566682e-06 0.9999999998570089 -1.684336070670263e-05 -0.014143231324851513 -9.926852395870642e-05 1.684351061375936e-05 0.999999994931028 0.7142261266708374
0.9999990153711711 3.401622408959705e-05 -0.0014028897266134244 -0.004464585334062576 -3.3494972760287795e-05 0.9999999304042053 0.00037157727521270316 -0.011701596900820732 0.0014029022686340591 -0.00037152991959382714 0.9999989469148174 0.5995525121688843
0.9999998583103857 8.395263469166844e-05 0.0005256721063930637 -0.0018181719351559877 -8.39559532506659e-05 0.9999999964559111 6.290919389094796e-06 -0.015384752303361893 -0.0005256715763907777 -6.33505180052637e-06 0.9999998618146209 0.7785816192626953
0.999990973535175 6.579112713883025e-05 -0.004248354940549799 -0.007160538341850042 -6.473532627386753e-05 0.9999999669895264 0.00024865695995148846 -0.01378974225372076 0.004248371159731257 -0.00024837969681498225 0.9999909447840093 0.6955513954162598
0.9998602616626908 0.0003639994549494753 -0.016713008472810306 -0.021643761545419693 -0.0003413492377146722 0.9999990195526883 0.001358077449931396 -0.008769300766289234 0.016713486426037635 -0.0013521827017444928 0.9998594056033216 0.4807664155960083
0.999987934040392 8.713139208016298e-05 -0.004911637379612811 -0.008724316954612732 -8.391466635064304e-05 0.9999997818870521 0.0006551214976427109 -0.01057490799576044 0.004911693389969174 -0.0006547014345612365 0.9999877232416777 0.546237051486969
0.9999993971949209 7.69259333827319e-05 0.0010953046133317028 -0.001607180223800242 -7.693085964970001e-05 0.9999999970308959 4.455492104087436e-06 -0.01495084073394537 -0.0010953042673367405 -4.539752143776055e-06 0.9999994001437966 0.7508298754692078
0.9999998507896333 7.16434291626535e-05 -0.0005415606431981422 -0.002825902309268713 -7.160137881822738e-05 0.9999999944206491 7.766559276148288e-05 -0.01575826108455658 0.0005415662044059786 -7.762680468420464e-05 0.9999998503400516 0.7839834690093994
0.999998798540866 0.00012083653706689502 -0.0015454175344182238 -0.0039791325107216835 -0.00012053865559617895 0.9999999741409777 0.00019284313891412355 -0.017946848645806313 0.001545440796952341 -0.00019265662466903938 0.9999987872473486 0.8787166476249695
0.9999994831489937 4.8842413447135636e-05 0.0010155373770640516 -0.0014090035110712051 -4.861685946774491e-05 0.9999999741480914 -0.00022212657996499086 -0.01915108598768711 -0.0010155482000087283 0.0002220770929206995 0.9999994596716631 0.9088623523712158
0.9999983330799448 7.697135143348671e-05 -0.0018242567644038937 -0.0041467612609267235 -7.669132883471898e-05 0.9999999852674996 0.0001535690087973529 -0.016212675720453262 0.001824268557942176 -0.00015342884813469444 0.9999983242505043 0.7999545931816101
0.9999975014392429 9.75842704467478e-05 -0.002233291871054362 -0.004472324624657631 -9.713391594022848e-05 0.9999999749284292 0.0002017625912488504 -0.018402177840471268 0.0022333115039174976 -0.0002015451587478847 0.9999974858464772 0.8979341983795166
0.9999996945495445 0.00015467299617966975 -0.000766144295669111 -0.002955767558887601 -0.00015463553144280217 0.9999999868454165 4.895936172111376e-05 -0.01970689371228218 0.0007661518582819703 -4.884087363613175e-05 0.999999705312906 0.9506657123565674
0.9999987970768924 0.00015039640691936158 -0.0015437699598330687 -0.0037695677019655704 -0.00015023940478138317 0.9999999835308178 0.00010181593865271586 -0.020294466987252235 0.0015437852471597805 -0.00010158388109608583 0.9999988032031967 0.9758520126342773
0.999997508690846 9.187357467546948e-05 -0.0022302850372641673 -0.004392330534756184 -9.176545109251748e-05 0.9999999946094457 4.858199826500192e-05 -0.01819249615073204 0.00223028948864354 -4.837721411971548e-05 0.9999975117311252 0.8761299848556519
0.9999988922537746 1.9642850441439614e-05 -0.001488323009981549 -0.004091870971024036 -1.9543580375360393e-05 0.9999999975836593 6.671378946430615e-05 -0.01489453949034214 0.0014883243168342423 -6.668462840198762e-05 0.9999988902213283 0.7411776781082153
0.9999997093397778 0.0001292109461874652 -0.0007514152588647238 -0.0032933407928794622 -0.0001290891702145599 0.9999999785284273 0.0001621083923874666 -0.017329223453998566 0.0007514361889094218 -0.00016201134569675181 0.9999997045479452 0.8488781452178955
0.9999998350597424 0.00011604109125558402 -0.0005625077361465472 -0.002750436309725046 -0.0001160738635546929 0.9999999915681343 -5.8228767702286e-05 -0.019160553812980652 0.000562500974473811 5.829405054423198e-05 0.999999840097216 0.9185243844985962
0.9999993230672258 0.0001621083721282951 -0.001152209167588421 -0.0035111806355416775 -0.00016194027570210984 0.9999999762322508 0.00014598234473890047 -0.019183598458766937 0.0011522328051632677 -0.00014579565684840108 0.9999993255513672 0.9291661977767944
0.9999989620663 0.0003175330873573478 -0.0014053608295515338 -0.004094431176781654 -0.00031734826012925875 0.9999999409677347 0.00013173689343859004 -0.026772193610668182 0.0014054025774123927 -0.0001312907678903168 0.9999990038026687 1.347219467163086
0.9999721103653696 0.0007787340917685152 -0.007427790024201887 -0.007942890748381615 -0.0007693059660050245 0.9999988949935962 0.0012720770092930031 -0.03194950148463249 0.007428772426180834 -0.001266327288350141 0.9999716044745666 1.5580832958221436
0.9999969434239747 0.0004357649252536714 -0.002433773127855022 -0.0031046755611896515 -0.00043392818261025627 0.9999996207149461 0.0007551664030375262 -0.025795981287956238 0.0024341012797924238 -0.0007541080120637478 0.9999967532307622 1.2359881401062012
0.999999396612414 0.00011713635322692296 -0.0010922700595374269 -0.0033643944188952446 -0.00011704562946102669 0.999999989695412 8.312338321592042e-05 -0.018683046102523804 0.0010922797850520115 -8.299548762364287e-05 0.9999994000181303 0.9058240652084351
0.9999975791267027 7.41799607887662e-05 -0.002199144849088146 -0.00425379304215312 -7.3766460590017e-05 0.9999999795868997 0.00018810823849662396 -0.01724216900765896 0.002199158758058537 -0.00018794555997857042 0.999997564185645 0.8461418747901917
0.9999945530792234 0.00010412873183483381 -0.003298934538826006 -0.005442126654088497 -0.00010330670766311606 0.9999999635766221 0.0002493481070232664 -0.019118700176477432 0.003298960382969836 -0.00024900594677787935 0.9999945274132405 0.9236208200454712
0.9999997856431613 6.469400421076149e-05 0.0006515583763579043 -0.001708093099296093 -6.457107012427115e-05 0.9999999801121456 -0.0001886962789168843 -0.01858966238796711 -0.0006515705709176688 0.00018865416664693655 0.999999769932672 0.8886208534240723
0.9999999749806755 0.00013962818490092228 -0.0001747644659068974 -0.002722313394770026 -0.0001396106782514003 0.9999999852363116 0.00010018101202096549 -0.01765814796090126 0.00017477845141959932 -0.00010015661052888473 0.999999979710573 0.8702875971794128
0.9999980420005002 0.0003197298531238671 -0.001952887090021234 -0.004370676353573799 -0.00031927578426896097 0.9999999219291621 0.00023281890564883978 -0.02421947754919529 0.0019529613767122105 -0.0002321949402322838 0.9999980660118151 1.1643939018249512
0.999999751267052 0.00026002611734622617 -0.0006556311864030346 -0.0027660310734063387 -0.00026002968945351625 0.9999999661778983 -5.363112740074006e-06 -0.023798976093530655 0.0006556297696788272 5.533594979887585e-06 0.9999997850594692 1.1282213926315308
0.999999749533496 0.00016979493129662962 -0.0006870972466708857 -0.003022638149559498 -0.00016973815089091105 0.9999999821752018 8.269556187968218e-05 -0.02053317055106163 0.0006871112757107638 -8.257891455108175e-05 0.99999976052938 0.9944387674331665
0.9999834976357431 0.0005702414596091633 -0.005716579472325792 -0.007914007641375065 -0.0005656471025427735 0.9999995157880803 0.0008052744627255516 -0.03229835629463196 0.005717035905174883 -0.0008020276071780644 0.9999833359872434 1.613290786743164
0.999984779795855 0.0005977362371951074 -0.005484786962669163 -0.00669049471616745 -0.0005932435426660483 0.9999994872487923 0.0008207096023139156 -0.02938985265791416 0.005485274718207542 -0.0008174432964977223 0.9999846216556145 1.434151530265808
0.999982991459763 0.0005472263648928703 -0.005806662939177159 -0.00691135274246335 -0.0005425117898731984 0.9999995219743918 0.0008134690810437185 -0.029163310304284096 0.005807105315171749 -0.0008103050620177987 0.99998281031904 1.4088468551635742
0.9999937140067787 0.00023256407457382896 -0.003538058914142616 -0.005027600564062595 -0.00023075028294971495 0.9999998417663816 0.0005130511852466694 -0.022758232429623604 0.0035381776715768575 -0.0005122315521148657 0.999993609438381 1.0793590545654297
0.9999927962038642 0.00014969942678928587 -0.003792773452109133 -0.0058419425040483475 -0.0001487507042711265 0.999999957581432 0.0002504203717584255 -0.022563986480236053 0.003792810779011222 -0.00024985439005897696 0.9999927760534967 1.0683181285858154
0.9999844481002286 0.0006078916619825664 -0.00554382768566461 -0.007977345958352089 -0.0006060294408008365 0.9999997593831199 0.0003375826104220259 -0.031275324523448944 0.005544031565380195 -0.0003342176375788646 0.9999845758873346 1.5040192604064941
0.9999942044958572 0.00044067610734438146 -0.003375911619988171 -0.004814690910279751 -0.00043922902802080857 0.9999998113562343 0.0004293778716959147 -0.027105014771223068 0.0033761001997125698 -0.000427892584855149 0.9999942094109231 1.2704167366027832
0.9999622805392047 0.0006150274859308865 -0.00866367358714518 -0.010720288380980492 -0.0006100924450559889 0.9999996501551526 0.0005722558703180604 -0.03271487355232239 0.008664022509292844 -0.0005669486433332467 0.9999623059311757 1.5471019744873047
0.9999586297036722 0.00041918664106230686 -0.00908642744505926 -0.009939952753484249 -0.00041406526958347927 0.99999975437834 0.0005655026193165326 -0.033240266144275665 0.00908666226437937 -0.0005617168502760081 0.9999585576628031 1.4889922142028809
0.9999891516165943 0.0002975958978694344 -0.004648449828263804 -0.006514074746519327 -0.0002964591787768631 0.9999999259884798 0.0002452243676915684 -0.024743324145674706 0.004648522461990847 -0.00024384363178493463 0.9999891658309124 1.1872072219848633
0.9999854671962594 0.0003125422393734043 -0.005382166257884245 -0.006649167742580175 -0.0003099627931478203 0.9999998367204904 0.00048008547088172835 -0.026592228561639786 0.005382315426074939 -0.00047841022260732154 0.9999854007955882 1.2341811656951904
0.9999925997730623 0.00016244499012905414 -0.0038436975345416875 -0.0058266581036150455 -0.00016152850344386844 0.9999999584539552 0.00023874804809027747 -0.02318694069981575 0.003843736158275573 -0.00023812541459009527 0.9999925844668212 1.0925917625427246
0.9999884563852844 0.00012966086057502685 -0.004803153572092853 -0.006812741979956627 -0.00012797457605891822 0.9999999300757895 0.0003513842964923851 -0.022123530507087708 0.004803198797026408 -0.0003507655587053149 0.9999884030551749 1.0527758598327637
0.9999924614904474 0.0001540055794898598 -0.003879851099955096 -0.005732424091547728 -0.00015323133405625804 0.9999999682896841 0.00019985191852354528 -0.023370793089270592 0.0038798817552343156 -0.00019925589717796258 0.9999924533788508 1.093146562576294
0.9999898575233328 0.00038595699038650465 -0.004487302938980723 -0.005994988605380058 -0.0003839525881846985 0.9999998261459818 0.00044753593842623764 -0.025339370593428612 0.004487474888468962 -0.00044580848772603394 0.9999898318602632 1.198143482208252
0.9999932410144363 0.00011712343990618476 -0.003674807143676469 -0.005737400148063898 -0.00011640167650246074 0.9999999738952633 0.00019662177503433696 -0.02048088237643242 0.0036748300767652487 -0.00019619269235825084 0.9999932285432408 0.9752200841903687
0.9999909319818583 9.688735241132686e-05 -0.004257530610009581 -0.006330111995339394 -9.550514079022761e-05 0.9999999426746069 0.0003248531216878042 -0.020666349679231644 0.0042575618401038485 -0.00032444355985347575 0.9999908839102254 0.9924590587615967
0.9999935618279919 0.0001229792963644477 -0.003586248549489744 -0.005697648040950298 -0.00012215084935398516 0.9999999658071542 0.0002312246968346471 -0.021452579647302628 0.003586276862716219 -0.0002307851448639617 0.9999935426573918 1.0211248397827148
0.9999970910044904 0.0001811165455477254 -0.002405239978419582 -0.004623834975063801 -0.0001807301376725175 0.9999999707289062 0.0001608689030446192 -0.022403480485081673 0.0024052690440355827 -0.00016043373572526738 0.9999970944666999 1.0677645206451416
0.9999986343184301 0.00029102845457036906 -0.00162685700465218 -0.004075616132467985 -0.0002907486555256107 0.9999999429025126 0.0001722213427756811 -0.023888736963272095 0.0016269070330739645 -0.00017174810108933224 0.9999986618371525 1.1465144157409668
0.9999990046131775 0.00028272155140547493 -0.0013823317903448383 -0.003521587001159787 -0.0002825857221652967 0.9999999552259327 9.845528015714158e-05 -0.02473047375679016 0.0013823595638817717 -9.806455492880647e-05 0.9999990397322285 1.1739189624786377
0.9999984371708823 0.0002967508564549702 -0.0017428696803193317 -0.00412149541079998 -0.0002964828593899958 0.999999944187251 0.00015402405444894874 -0.02419234998524189 0.0017429152898150557 -0.0001535070827493064 0.9999984693397628 1.1558054685592651
0.9999982725947344 0.0002783381185481021 -0.0018377528232343234 -0.004016444087028503 -0.00027810413775358663 0.9999999531915718 0.00012757328490179177 -0.02468952350318432 0.0018377882457200987 -0.00012706197786671784 0.9999983031933694 1.1706976890563965
0.9999974708359288 0.0002445171202587925 -0.002235739949932077 -0.0044585540890693665 -0.0002441168194760845 0.9999999541261311 0.00017931735632440663 -0.023782532662153244 0.0022357836935336167 -0.00017877112107563865 0.9999974846529176 1.1323515176773071
0.9999957921254611 0.0002437395582088959 -0.002890730426593179 -0.005130444653332233 -0.00024317219598814663 0.9999999511040556 0.00019661935119812666 -0.02429780550301075 0.0028907782091619817 -0.00019591557858272048 0.9999958025004061 1.1507784128189087
0.9999960237607441 0.00019346583960618824 -0.0028133669632982744 -0.004886320326477289 -0.00019301027066331587 0.9999999682189745 0.0001622007563526705 -0.02310684695839882 0.0028133982541921 -0.0001616571026845943 0.999996029320739 1.0920839309692383
0.9999959415323788 0.00016560463234004558 -0.002844203557593106 -0.004993361420929432 -0.0001650883761397248 0.9999999698571992 0.0001817455058666691 -0.022303085774183273 0.0028442335697585227 -0.00018127522331168436 0.9999959387291001 1.0588629245758057
0.9999964511234783 0.0001341859451831091 -0.0026607770633428306 -0.004824601113796234 -0.00013381504703055208 0.9999999813065653 0.00013957221082358838 -0.021035974845290184 0.002660795742232799 -0.0001392156634911773 0.9999964503862087 1.0001261234283447
0.9999972222234158 0.00014469070115459684 -0.0023525751961371777 -0.004672393202781677 -0.00014424178045858023 0.9999999713586544 0.00019098952673572228 -0.020763536915183067 0.002352602763164795 -0.00019064965657453355 0.999997214452594 0.9984956979751587
0.999999948382542 0.00021659033831528538 -0.00023732580672497934 -0.002599308267235756 -0.00021658202595924378 0.9999999759318536 3.5050223328154775e-05 -0.021243108436465263 0.00023733339255271576 -3.4998821014918444e-05 0.9999999712239712 1.0267832279205322
0.9999999366508661 0.0002002036440666453 0.0002943072624167054 -0.002171339699998498 -0.00020021748197803237 0.9999999788524555 4.698987542775775e-05 -0.019819021224975586 -0.0002942978486485346 -4.7048797909998755e-05 0.9999999555875925 0.9690060019493103
0.9999995376921372 0.00018921434668825083 -0.0009427690293119165 -0.003218991681933403 -0.00018913038821913132 0.9999999781415623 8.914354103930969e-05 -0.021030034869909286 0.0009427858759413378 -8.896519355503504e-05 0.9999995516198926 1.013837218284607
0.9999892627360577 0.0005640946203605288 -0.004599588009288915 -0.006446728482842445 -0.0005621235196902527 0.9999997496359089 0.0004298200416745247 -0.029378607869148254 0.004599829316890475 -0.000427229889982383 0.9999893294655082 1.4073684215545654
0.9999900606463531 0.0004827837723359457 -0.004432327642647767 -0.005239367950707674 -0.00047920010036641314 0.9999995574923746 0.0008095568655104131 -0.029289817437529564 0.00443271652222644 -0.000807424847187216 0.9999898494931583 1.3743889331817627
0.9999747653689132 0.0011438530531278344 -0.007011435343775575 -0.009458579123020172 -0.0011378421373240948 0.9999989817978608 0.0008612308123250281 -0.04160282760858536 0.007012413326211235 -0.0008532311729059273 0.9999750487166708 2.1269383430480957
0.9999140807572753 0.001263400117749852 -0.01304741060424296 -0.015581466257572174 -0.001251877256814333 0.9999988192086727 0.0008912825557682141 -0.05784860998392105 0.013048521244459581 -0.0008748722208501988 0.9999144816892743 2.747257947921753
0.9998998377139154 0.0009724237814057325 -0.0141198063610875 -0.01468583196401596 -0.0009530943377499379 0.9999985996337694 0.0013756241068306335 -0.04341404512524605 0.014121124277783248 -0.0013620288136824226 0.9998993642995488 2.001305103302002
0.9999801997450641 0.0005986692621754732 -0.00626432062847137 -0.007451933808624744 -0.0005957619037313499 0.9999997139699675 0.0004659696745155241 -0.036995552480220795 0.006264597798408774 -0.0004622284046139746 0.9999802703850343 1.683615803718567
0.9999977738622885 0.0002888417208881654 -0.002090177247834226 -0.004276015795767307 -0.0002885519661901197 0.9999999487185118 0.00013892708980875517 -0.025155678391456604 0.002090217268586525 -0.000138323655783373 0.9999978059267611 1.1904449462890625
0.9999973387259496 0.00021404408819673075 -0.002297112567230152 -0.0044232700020074844 -0.00021369146610031458 0.9999999653482919 0.0001537510072491837 -0.023357577621936798 0.0022971453971254345 -0.000153259724723329 0.9999973498137289 1.108764886856079
0.9999972776414314 0.0002678143874214886 -0.0023179700558928857 -0.0045551215298473835 -0.0002674585908475176 0.9999999524051892 0.00015380351643290633 -0.024623628705739975 0.0023180111363640763 -0.00015318313671980964 0.9999973016760088 1.1665209531784058
0.9999986914369219 0.0002259896861482467 -0.0016018904786796182 -0.003767231712117791 -0.0002258624914755498 0.9999999713263155 7.958331094024996e-05 -0.023305237293243408 0.001601908417754978 -7.92213998258821e-05 0.9999987138058684 1.1069650650024414
0.999999442357732 0.0002605472079795812 -0.0010234253162175848 -0.003490482224151492 -0.00026043619835409857 0.9999999601894602 0.00010860048254500329 -0.02290472760796547 0.0010234535710269828 -0.00010833388498612882 0.9999994704031385 1.1020848751068115
0.9999984250868807 0.00035775574843150445 -0.0017383424813688256 -0.004098952282220125 -0.00035746252155370974 0.9999999218315191 0.00016898964855007012 -0.02633463218808174 0.001738402802503429 -0.0001683679901193416 0.9999984748027949 1.253173828125
0.9999968155919373 0.00030360670699225244 -0.0025053201296726187 -0.004642129875719547 -0.0003031535363486925 0.9999999376211723 0.00018126109478641586 -0.02582370489835739 0.0025053750054777808 -0.00018050102092012838 0.9999968452527553 1.219538927078247
0.9999928328756711 0.000192147131774329 -0.0037811739936167406 -0.0057676490396261215 -0.00019131922830201088 0.9999999576490356 0.00021931456864917825 -0.024027470499277115 0.0037812159741456974 -0.00021858958550386318 0.9999928272864511 1.1273467540740967
0.9999955302324768 0.0001825747718035496 -0.00298432262334952 -0.005070842802524567 -0.0001821046297527267 0.9999999709672304 0.00015780824494200147 -0.0234658382833004 0.002984351348510678 -0.0001572640806094456 0.9999955344475482 1.1055248975753784
0.9999937640825524 0.0001414041078300548 -0.003528710938425564 -0.005592305213212967 -0.00014063371820182172 0.9999999662251832 0.0002185675863085671 -0.021778356283903122 0.0035287417255985406 -0.00021806996759941193 0.9999937501941316 1.0335195064544678
0.999999380802851 0.001006216820611599 0.00047531213350080566 -0.0018271408043801785 -0.001006496736445651 0.9999993199991275 0.0005890378610706358 -0.03371256962418556 -0.00047471911048435394 -0.0005895158964512333 0.9999997135563459 1.7709426879882812
0.9999913389202388 0.0002551370607724976 -0.00415415329380517 -0.006652682553976774 -0.00025455016295799777 0.9999999575473694 0.00014180787776982255 -0.024964524433016777 0.004154189297895563 -0.0001407492091625918 0.9999913614131563 1.200232982635498
0.9994402150506851 0.002274780312149824 -0.03337786562936782 -0.044861286878585815 -0.0021802703380842505 0.9999935115104981 0.00286763982337683 -0.04661361500620842 0.03338417230804964 -0.0027932617913833746 0.999438689829382 2.2164697647094727
0.9996596832139281 0.0021899782654529088 -0.025994648522838296 -0.03557601943612099 -0.0021311247857267366 0.9999951035428855 0.0022915491270049495 -0.04633744806051254 0.025999539683938956 -0.0022353714346076458 0.9996594555401218 2.2674763202667236
0.9999937864249934 0.0004392821703139324 -0.0034977339205605595 -0.0051116603426635265 -0.0004382982082013873 0.9999998641639728 0.0002820757277140261 -0.027225587517023087 0.0034978573562801435 -0.0002805409245051876 0.9999938431263986 1.2795593738555908
0.9999849904794816 0.00044810862752396943 -0.005460587368506998 -0.006175318267196417 -0.0004436098732015163 0.9999995612575658 0.0008250423966586733 -0.029579240828752518 0.005460954681331619 -0.0008226076426977427 0.9999847505290442 1.3885242938995361
0.9999965677441213 0.00016691213146485286 -0.002614696983934731 -0.004762796685099602 -0.00016657568252944954 0.9999999778195274 0.00012889331561159343 -0.022574186325073242 0.0026147184397975563 -0.00012845732828204657 0.9999965733672269 1.0682567358016968
0.999994912826733 0.00010263955505394973 -0.003188069286679317 -0.005270662251859903 -0.00010192845628986076 0.9999999698935745 0.00022321164871484726 -0.020013490691781044 0.003188092101042253 -0.0002228855582175787 0.999994893182352 0.9620246887207031
0.9999913483980568 4.7481661347352263e-05 -0.004159431995848505 -0.006212516222149134 -4.620628976504876e-05 0.9999999518947884 0.00030671713298541703 -0.019959688186645508 0.004159446359197187 -0.0003065222874708151 0.9999913024872128 0.9625445604324341
0.9999969586277069 8.789209826650636e-05 -0.002464753601278507 -0.004609471186995506 -8.75645599857826e-05 0.9999999873221956 0.0001329964515323081 -0.020057614892721176 0.0024647652593680304 -0.000132780221976016 0.9999969536461741 0.9583052396774292
0.9999985257233287 0.00012141659440135343 -0.0017128365887668236 -0.004071438685059547 -0.00012114373974437806 0.9999999799574824 0.00015940272683402938 -0.02029583789408207 0.0017128559085734965 -0.00015919499240037366 0.9999985203897008 0.9826257824897766
0.9999975207709147 0.00014716320726471146 -0.0022218899645015566 -0.004460721276700497 -0.00014690683215165656 0.9999999825334265 0.00011554881763310778 -0.021623369306325912 0.0022219069302273505 -0.00011522212034504387 0.9999975249236651 1.029484510421753
0.9999990036052354 0.00018442834069768208 -0.0013995623327967752 -0.003721042303368449 -0.00018430858520727977 0.9999999793433663 8.569487905787651e-05 -0.022309960797429085 0.0013995781084508799 -8.543684231848051e-05 0.9999990169403489 1.0671515464782715
0.9999987190741223 0.00018341563293636012 -0.0015900342197489683 -0.003935481421649456 -0.0001832460957118988 0.999999977510526 0.00010676991859521073 -0.02198781818151474 0.0015900537672621329 -0.00010647841426804175 0.999998730194876 1.0539360046386719
0.9999986390701675 0.00022221011034546616 -0.0016347723021169723 -0.004024454392492771 -0.00022201697001937893 0.999999968353756 0.00011832561833792542 -0.023307185620069504 0.0016347985435312769 -0.00011796251011187385 0.999998656758382 1.113034963607788
0.999998077447834 0.00023940836897840323 -0.0019462230778373773 -0.004292660392820835 -0.00023917209164369402 0.9999999640008372 0.00012163484223723613 -0.024286333471536636 0.0019462521281741671 -0.00012116912614357514 0.9999980987085407 1.1545889377593994
0.9999980904649538 0.0002482584550580406 -0.0019384102211486504 -0.004324396140873432 -0.00024798863850878766 0.9999999595299143 0.00013943387331504534 -0.024164732545614243 0.0019384447583389946 -0.00013895290334956347 0.9999981115602217 1.1519768238067627
0.9999986259327779 0.00023871175845518262 -0.0016404722651484792 -0.003961735405027866 -0.00023853410573902029 0.9999999656658686 0.00010848844316267664 -0.023823939263820648 0.001640498106291328 -0.00010809698550750604 0.9999986485395894 1.1347229480743408
0.9999979226481116 0.00014125703876478616 -0.0020334074629309146 -0.004158033058047295 -0.0001410778803937436 0.9999999861544292 8.825062705376672e-05 -0.02054201439023018 0.0020334199007994744 -8.796357491131285e-05 0.9999979287308132 0.9807290434837341
0.9999980920218481 6.409808410323269e-05 -0.0019523944527624025 -0.004204501397907734 -6.381628991267494e-05 0.999999987538845 0.0001443945671478476 -0.017142942175269127 0.0019524036838484218 -0.00014426969707574685 0.9999980836512188 0.8406847715377808
0.9999983872908563 0.0001012506067488042 -0.0017930878398375513 -0.004110598471015692 -0.00010094326046636947 0.9999999801998208 0.00017149582019450286 -0.018814031034708023 0.0017931051683899404 -0.0001713145434887697 0.9999983777112753 0.9160884022712708
0.9999992762223715 0.00019171330906131545 -0.0011877713334632668 -0.00354949152097106 -0.00019159524204481968 0.9999999766940008 9.951513178115755e-05 -0.021422788500785828 0.0011877903841562842 -9.928748841820265e-05 0.9999992896477468 1.0318951606750488
0.9999994423771756 0.00018038770472146492 -0.0010405314094601894 -0.00333745451644063 -0.00018030589118605392 0.999999980646477 7.871995617721103e-05 -0.02124089002609253 0.0010405455894344515 -7.853229833807691e-05 0.9999994555486291 1.0218840837478638
0.9999996031453303 0.00020946402494532215 -0.0008659295605935907 -0.0032390602864325047 -0.00020940492889748915 0.9999999757398904 6.83358926978975e-05 -0.021932393312454224 0.0008659438534971775 -6.815453566041304e-05 0.9999996227480297 1.0547454357147217
0.9999985761757837 0.0001863021732767165 -0.0016771815362540009 -0.003896626876667142 -0.00018608331055588084 0.9999999741518603 0.00013064945592249267 -0.02228635922074318 0.001677205833179554 -0.00013033717440796415 0.9999985849954058 1.0660560131072998
0.9999986196368705 0.00017420995766466614 -0.0016523847142655877 -0.003919983748346567 -0.00017408037110503127 0.9999999817615888 7.856746393683451e-05 -0.021815776824951172 0.0016523983713632822 -7.82797077409365e-05 0.9999986317250187 1.0410423278808594
0.9999995061607484 0.0002583545066262238 -0.0009596516076430089 -0.0034004952758550644 -0.0002583328119470397 0.9999999663737358 2.2730714350892595e-05 -0.021066419780254364 0.0009596574479560019 -2.2482793627281716e-05 0.9999995392759471 1.0252914428710938
