0.9999992053693343 0.0002584060877091175 -0.001233890997499361 -0.0032687000930309296 -0.00025828667336120917 0.9999999619456003 9.693705292721277e-05 -0.022355321794748306 0.0012339159996689808 -9.661827829702341e-05 0.9999992340578137 1.0702850818634033
0.9999979121038302 8.296755558729037e-05 -0.0020417895007048045 -0.003794817253947258 -8.252974610927928e-05 0.9999999735876404 0.00021450771493917363 -0.019117027521133423 0.0020418072439570886 -0.00021433875870023546 0.9999978925388169 0.9338599443435669
0.9999929404649133 -3.9163073578651775e-05 -0.0037573243924558172 -0.005519061349332333 4.086366439510556e-05 0.999999896772848 0.0004525311639547938 -0.01609962247312069 0.0037573062820866502 -0.0004526815073381609 0.9999928388388367 0.8182989358901978
0.9999981412516034 0.0001343140213441578 -0.001923396236269439 -0.003957660403102636 -0.00013381465895098991 0.999999957311352 0.00025975167146822023 -0.019384507089853287 0.0019234310424538004 -0.0002594938100438334 0.99999811653622 0.9504705667495728
0.9999968278563365 -4.542744967753892e-05 -0.0025183751927569274 -0.004832131788134575 4.5943188848190765e-05 0.9999999779868171 0.00020473296979024746 -0.012949111871421337 0.0025183658368227906 -0.00020484802253492606 0.9999968079303052 0.6696169376373291
0.9999999539870705 0.0002811238554798085 -0.0001139966420391088 -0.00243475497700274 -0.00028111694500655563 0.9999999586485433 6.0631464773588765e-05 -0.02144196256995201 0.00011401368227632216 -6.059941559600643e-05 0.9999999916642953 1.0499436855316162
0.9999992574324157 0.0003357441294380212 -0.001171499251688437 -0.0033741858787834644 -0.00033559316723118845 0.9999999353608084 0.0001290565956344511 -0.023456726223230362 0.0011715425059580218 -0.00012866335265692357 0.999999305466708 1.1257768869400024
0.9999990145062577 0.00014808234257615083 -0.0013960867210123706 -0.0032100980170071125 -0.00014790358679984088 0.9999999808519537 0.0001281429700526815 -0.019720878452062607 0.001396105669991228 -0.00012793635753506507 0.9999990172601402 0.9573701024055481
0.9999945278261714 3.281587965040371e-06 -0.0033082180918703823 -0.0050122556276619434 -2.2395065732797554e-06 0.9999999503845353 0.0003150014463898872 -0.015465333126485348 0.00330821896143656 -0.0003149923138710538 0.9999944782183274 0.773759126663208
0.9994892681154987 0.0007190521784043952 -0.03194817500123664 -0.03932029753923416 -0.0006545696459567308 0.9999977278313158 0.0020287608987408627 -0.00903977919369936 0.03194956119453759 -0.002006812440264323 0.9994874677770132 0.5108035802841187
0.9997907584530759 0.00042000784420882754 -0.020451476847264467 -0.024867014959454536 -0.00039184508017349776 0.9999989695915035 0.0013810406816750964 -0.01070183515548706 0.02045203582180843 -0.0013727379000016149 0.999789892838191 0.587381899356842
0.9999855401986708 -5.237143589902799e-05 -0.005377420460173032 -0.00703450758010149 5.5412715037998515e-05 0.9999998386163645 0.0005654172584293029 -0.015425673685967922 0.005377389980631662 -0.0005657070600756769 0.9999853817194122 0.7898890972137451
0.9999990361498701 0.0003341811834525956 -0.0013475987042418501 -0.003855855669826269 -0.00033392214065885485 0.99999992573029 0.00019244588487918026 -0.023060787469148636 0.0013476629159496448 -0.00019199570634611954 0.9999990734707277 1.1172326803207397
0.9999998436262377 0.00030899431714598486 -0.000466122314144685 -0.002632783493027091 -0.00030895435256457124 0.9999999485920987 8.580796886355992e-05 -0.023187145590782166 0.0004661488043570599 -8.566394492766253e-05 0.9999998876834838 1.1206690073013306
0.9999993548045681 0.0003833480400028406 -0.0010693150740629705 -0.003359725698828697 -0.0003832437848155485 0.999999921789417 9.770036455265701e-05 -0.024178942665457726 0.0010693524436744739 -9.72904931606839e-05 0.9999994235097894 1.163428783416748
0.9999977116493802 0.00039572423530349866 -0.0021024029900855988 -0.004171207547187805 -0.00039524926215089883 0.9999998962764022 0.00022632986054355923 -0.024569785222411156 0.0021024923362277866 -0.0002254983693909074 0.9999977643357317 1.1880308389663696
0.9999973549680039 0.0003286895710497504 -0.002276405096165337 -0.004105002619326115 -0.00032826175001892646 0.9999999283921192 0.00018830820472784027 -0.023791275918483734 0.002276466828099829 -0.0001875604499259944 0.9999973912565263 1.1339975595474243
0.9999999028550876 0.00025480088778821497 -0.0003596753024825454 -0.0025291736237704754 -0.0002547905353489593 0.9999999671253568 2.8828263436625107e-05 -0.02179296687245369 0.00035968263612546513 -2.873661877323465e-05 0.999999934901302 1.0453410148620605
0.9999996536590021 0.00038151486570733 -0.0007396812039940705 -0.003263880731537938 -0.0003814039715175367 0.9999999160069709 0.00015005686292528223 -0.02416025847196579 0.0007397383907899129 -0.00014977469360557836 0.9999997151772868 1.1693744659423828
0.9999990419585866 0.0004319077788839089 -0.0013151188463284764 -0.003455127589404583 -0.0004317488672439338 0.9999998994619179 0.00012111593605024203 -0.027201306074857712 0.0013151710250238764 -0.00012054801894396598 0.999999127896295 1.2925313711166382
0.9999986428229743 0.0004058812390216355 -0.0015967506472156568 -0.0037365234456956387 -0.00040564706038970054 0.9999999069235767 0.0001469806129348108 -0.026027388870716095 0.0015968101552691074 -0.00014633269624988128 0.9999987143912087 1.239897608757019
0.9999993278472153 0.00035618134291564007 -0.0011033766214133113 -0.003284195438027382 -0.0003560635093999682 0.9999999308861538 0.00010698815381594791 -0.025327540934085846 0.0011034146523390112 -0.00010659520975155208 0.9999993855565945 1.2046037912368774
0.9999999232379366 0.0003916400792282595 -1.1923478224675516e-05 -0.002648525405675173 -0.00039163931095475 0.9999999212377043 6.436796921772131e-05 -0.024794042110443115 1.1948686362119188e-05 -6.436329457390708e-05 0.9999999978572978 1.1935908794403076
0.9999998755523388 0.0003965809732640941 -0.00030268603965627374 -0.002614620141685009 -0.00039656104765404556 0.9999999191991505 6.588647790496213e-05 -0.025921106338500977 0.0003027121445225171 -6.57664362125477e-05 0.9999999520200656 1.239219069480896
0.9999999145442233 0.0003772140499731712 -0.0001691777354369265 -0.0026291050016880035 -0.00037720350309726675 0.9999999269137748 6.236956029981841e-05 -0.024803470820188522 0.0001692012497468002 -6.230574053552633e-05 0.9999999837444656 1.1908094882965088
0.9999998560728356 0.00036650334132316137 0.0003918285449476184 -0.002196475164964795 -0.000366521438615365 0.9999999317676744 4.6115954083929694e-05 -0.02428402006626129 -0.0003918116165609855 -4.6259561008575965e-05 0.9999999221718519 1.1731998920440674
0.9999996466620245 0.00033391173217588914 0.0007714783088643379 -0.001717604580335319 -0.00033389057411095646 0.9999999438789295 -2.7553984893738124e-05 -0.0236993208527565 -0.0007714874661669737 2.7296385822408023e-05 0.9999997020309539 1.1415504217147827
0.9999997792748846 0.000270028934181607 0.0006070704709577449 -0.001859643030911684 -0.00027003829797557223 0.9999999634219597 1.534264522083224e-05 -0.02164040133357048 -0.0006070663057941602 -1.5506574111053762e-05 0.9999998156150062 1.0525873899459839
0.9999999896119548 -2.650379733418513e-05 0.00014168147009590892 -0.0020725284703075886 2.6505497574256328e-05 0.9999999995767463 -1.1998576437476071e-05 -0.016700342297554016 -0.00014168115202810354 1.2002331650696262e-05 0.9999999898911975 0.8295141458511353
0.9999999735245628 7.020217880066106e-05 0.00021914042917532355 -0.0019269264303147793 -7.023053098532358e-05 0.9999999891650131 0.00012937405491481244 -0.016528483480215073 -0.00021913134446040458 -0.0001293894418382791 0.9999999676199125 0.8496472835540771
0.9999997593519726 0.0003351301743581872 -0.0006074403369302289 -0.0028585311956703663 -0.0003350812703569172 0.9999999406114201 8.060830345742165e-05 -0.024658583104610443 0.0006074673151300023 -8.040474217942782e-05 0.9999998122592516 1.1793227195739746
0.9999989549610239 0.0003769950000670889 -0.0013956903775373065 -0.003813463728874922 -0.000376792372049289 0.9999999184371641 0.00014544130632425836 -0.02534111775457859 0.0013957450943461287 -0.00014491526884442588 0.9999990154471136 1.2112362384796143
0.9999999216385624 0.00021192549852478223 -0.0003343806998590526 -0.0023207662161439657 -0.00021191322829599017 0.999999976871831 3.67303889659149e-05 -0.02212148904800415 0.00033438847623143186 -3.66595263940818e-05 0.9999999434202116 1.0628793239593506
0.9999896076518836 -3.811924494004312e-05 -0.004558852394469017 -0.006325987633317709 4.0462936249599e-05 0.9999998670804641 0.0005140056463051665 -0.0161112193018198 0.004558832195001342 -0.0005141847691333652 0.9999894762761459 0.8217863440513611
0.9999685436247993 4.351342313604772e-05 -0.007931574085881002 -0.009339183568954468 -3.751418598316333e-05 0.9999997131340638 0.0007565212990138348 -0.015738099813461304 0.007931604729413974 -0.0007561999550506086 0.9999682584002576 0.8041816353797913
0.9999446609704549 4.0129729590397376e-05 -0.010520141932826793 -0.013083279132843018 -2.9789351987495207e-05 0.9999995163455985 0.0009830672222720346 -0.014869444072246552 0.010520176294935643 -0.0009826994320749811 0.999944178538257 0.7747410535812378
0.9999724557821394 -6.052597050969219e-05 -0.007421860524449814 -0.00879728514701128 6.658271601163673e-05 0.9999996649989299 0.0008158239823326117 -0.01663004606962204 0.0074218086595803 -0.0008162956787306836 0.9999721248202801 0.8546463251113892
0.9999749015966983 -2.87206798761167e-05 -0.007084867803690627 -0.008433131501078606 3.407744084981174e-05 0.9999997136775882 0.0007559652566735891 -0.016418829560279846 0.007084844063298057 -0.0007561877173162041 0.9999746162602002 0.8415721654891968
0.9999778636685633 -1.7766234524023945e-05 -0.006653710034065294 -0.008048061281442642 2.2218265535103403e-05 0.9999997759514189 0.0006690317338595304 -0.016226427629590034 0.006653696657136313 -0.0006691647578476583 0.9999776400196766 0.8251775503158569
0.9999742365707549 -2.5625646290234972e-05 -0.0071781291477648725 -0.008532808162271976 3.093144747853193e-05 0.9999997264225946 0.0007390520830052348 -0.016396626830101013 0.007178108245303656 -0.000739255072413914 0.9999739637930362 0.8396785855293274
0.9999742105220953 -4.018924318531401e-05 -0.00718169029803157 -0.008665017783641815 4.56583406573115e-05 0.9999997091146168 0.0007613711300238124 -0.01595200225710869 0.007181657610053338 -0.0007616793987220003 0.9999739214791881 0.8225056529045105
0.9999932435287986 0.00014366579834219938 -0.003673180759412035 -0.005373640917241573 -0.0001424124116571015 0.9999999315530756 0.0003414857964067942 -0.020211685448884964 0.0036732295678236727 -0.00034096038263744475 0.9999931955421295 0.9864217042922974
0.9999913220298698 6.918995730690209e-05 -0.004165462483708521 -0.005667574238032103 -6.762443260681183e-05 0.9999999270351597 0.00037597421668961666 -0.018729597330093384 0.004165488193416217 -0.0003756892669595887 0.9999912537445942 0.9208747148513794
0.999998643466659 0.00019381384066770576 -0.0016356958876863714 -0.0036801849491894245 -0.0001935432017842353 0.9999999675564137 0.00016561461412226123 -0.0205981582403183 0.0016357279330229645 -0.0001652978116412673 0.9999986485344681 0.9997632503509521
0.9999989958650295 0.00021626419362585128 -0.0014005351590294921 -0.0036174349952489138 -0.00021602920509082357 0.9999999625647897 0.00016793392161224157 -0.02093987911939621 0.0014005714246943036 -0.00016763119648681123 0.9999990051492385 1.022183895111084
0.9999999588808954 0.0002699037003605075 -9.690304541129849e-05 -0.0023543215356767178 -0.00026989979238953754 0.9999999627634135 4.0339482610599556e-05 -0.022160671651363373 9.691392957858708e-05 -4.0313326840037726e-05 0.9999999944912631 1.0703433752059937
0.9999999434650517 0.000220828345158704 -0.0002535837829353731 -0.0023963365238159895 -0.00022081710759510603 0.9999999746367896 4.43421359039211e-05 -0.020584940910339355 0.00025359356850416674 -4.428613775955994e-05 0.9999999668645193 0.9986084699630737
0.9999992790194312 0.0001395926802928759 -0.0011926753545816082 -0.003272904781624675 -0.00013940162181927529 0.9999999774395844 0.00016027482202763223 -0.018752675503492355 0.0011926977008663467 -0.0001601084455938673 0.9999992759184778 0.9186137318611145
0.999998085792018 0.0001372309815954471 -0.0019518145295217486 -0.0037840106524527073 -0.00013700612208179843 0.9999999839631639 0.00011533860810306566 -0.018775450065732002 0.0019518303262512247 -0.00011507097678126871 0.9999980885566971 0.9121004343032837
0.9999982786931831 0.0001563150972974361 -0.0018488310526459612 -0.004092993214726448 -0.00015588763702865658 0.9999999610886794 0.00023134754048661384 -0.018906140699982643 0.001848867143818804 -0.00023105893236245314 0.9999982641495206 0.9299173951148987
0.9999987925713203 0.00016109691345896413 -0.0015456078694475015 -0.0034601446241140366 -0.00016092563384946686 0.9999999808975493 0.00011094071256140777 -0.01924937218427658 0.0015456257121289735 -0.0001106918506823361 0.9999987993935154 0.9340569972991943
0.9999966807790565 0.00014017553199421244 -0.002572699300309099 -0.004672226496040821 -0.00013958299168396955 0.9999999636939444 0.00023049663353208078 -0.018679603934288025 0.002572731516892764 -0.000230136763397787 0.9999966640392416 0.9100756645202637
0.9999979957461503 0.0002539376301571265 -0.0019859555287300872 -0.004430457949638367 -0.0002535333046690648 0.9999999470847474 0.00020384152118883153 -0.022533973678946495 0.0019860071866755675 -0.00020333760677055323 0.9999980072126504 1.0841121673583984
0.9999985173438541 0.00020672036727878196 -0.0017095545570216084 -0.0036710407584905624 -0.00020657531089687028 0.9999999750485643 8.50265371754139e-05 -0.02135160006582737 0.001709572091082761 -8.467325934618409e-05 0.9999985350957794 1.0215213298797607
0.9999997025208056 0.0001923047532598254 -0.0007469787023257545 -0.0030526320915669203 -0.00019219935209144025 0.9999999715648619 0.00014117253296917022 -0.019309189170598984 0.0007470058292344318 -0.00014102892215066574 0.9999997110465251 0.9452115297317505
0.9999999829009812 0.00017795081119465197 -5.0314470513823324e-05 -0.002186940982937813 -0.00017795241386901482 0.9999999836592429 -3.185046738601187e-05 -0.019886545836925507 5.0308801875138515e-05 3.1859420422880606e-05 0.9999999982270009 0.9598326683044434
0.999998817931723 0.00021284837453554992 0.0015227707398678184 -0.0010862643830478191 -0.0002127731110889674 0.999999976134358 -4.958716186706241e-05 -0.01951928623020649 -0.0015227812580727183 4.926309858385449e-05 0.99999883935452 0.9627994298934937
0.9999990651700277 -7.735025004571721e-06 -0.001367332892830508 -0.0034432336688041687 7.992932220760156e-06 0.9999999821801935 0.0001886152840648767 -0.015612122602760792 0.0013673314095209621 -0.00018862603674079157 0.9999990474120635 0.7935413122177124
0.9999953778816449 5.1944531316139484e-05 -0.003039986367024279 -0.004962333478033543 -5.091687896907081e-05 0.9999999415406703 0.0003381214683779001 -0.018132580444216728 0.0030400037528699165 -0.0003379651189225375 0.9999953220674389 0.9032183885574341
0.9999989396486995 0.00010301826121573885 -0.0014526144412050546 -0.0034831089433282614 -0.00010276259417829615 0.9999999792181431 0.00017607828596977475 -0.019138330593705177 0.0014526325502958873 -0.0001759288248366161 0.9999989294532883 0.9444886445999146
0.9999737639437297 0.00017800466173963195 -0.007241528744032555 -0.009128040634095669 -0.00017455644778053512 0.9999998710952511 0.0004768013506930044 -0.012421788647770882 0.007241612683428256 -0.0004755247857718789 0.9999736661142241 0.6437305808067322
0.9998823395002248 0.0003647390139237474 -0.015335387866265905 -0.019901201128959656 -0.000348752529319714 0.9999993930493088 0.0010451185038228199 -0.00940606277436018 0.015335759753934159 -0.0010396472793508767 0.9998818598246014 0.5083544850349426
0.9998581396688132 0.0005611470245402171 -0.016834062255945345 -0.021301962435245514 -0.0005395533713721681 0.9999990259342358 0.0012872500686069606 -0.007474898360669613 0.01683476819500747 -0.0012779845838418232 0.9998574685099991 0.42912372946739197
0.9998700872423019 0.0003770305687471061 -0.016114170348551685 -0.021168747916817665 -0.00036086357436751975 0.9999994286954853 0.0010061740326504864 -0.010018374770879745 0.0161145405008212 -0.001000228300697235 0.9998696520686055 0.5345808267593384
0.9995454052839324 0.0006447827229070204 -0.030142445670841553 -0.03838612511754036 -0.0005875636321571773 0.999998008851353 0.001907108362800738 -0.008191859349608421 0.030143615323274683 -0.0018885307965555804 0.9995437938913297 0.4598930776119232
0.999239541621063 0.00107207573132912 -0.038976776605491786 -0.048181187361478806 -0.000983841333891976 0.999996910255629 0.002282878758387463 -0.007824623957276344 0.038979103596130105 -0.0022427957602211934 0.9992375089787314 0.43899717926979065
0.9986284420008824 0.0013472667317694564 -0.052339465981640854 -0.06563560664653778 -0.0011852636701567445 0.9999944111424396 0.0031261532140223302 -0.006360824219882488 0.05234338522604437 -0.0030598294460317276 0.9986244576750756 0.3785772919654846
0.9986681321612314 0.0012534573853368821 -0.05157897488493104 -0.06351187080144882 -0.0010907776401870013 0.9999943424545247 0.0031820218544879315 -0.007193207275122404 0.05158267160332886 -0.0031215226294094302 0.9986638493941479 0.4295233488082886
0.9990533982667107 0.0010915281409404319 -0.043486963311489 -0.05256161466240883 -0.000969631102887508 0.9999955422252443 0.002824065361136196 -0.008415943011641502 0.04348985200321528 -0.0027792257837734747 0.9990500030913274 0.4884946942329407
0.9998633305862189 0.0004337944728316892 -0.01652670479524528 -0.019325442612171173 -0.000414648327053313 0.9999992390197576 0.0011619064811190516 -0.012075685895979404 0.016527196247358916 -0.0011548949135463558 0.9998627495821315 0.6490590572357178
0.9999905679000803 -4.327734387099765e-05 -0.0043430678035690186 -0.006486585363745689 4.498747282883577e-05 0.9999999215025164 0.0003936636741560583 -0.014179529622197151 0.00434305042593093 -0.0003938553447257558 0.9999904913502754 0.7292159795761108
0.9999920072917632 -5.416062865856055e-05 -0.00399780179808744 -0.005846599116921425 5.60538437399881e-05 0.9999998863498732 0.000473453490284788 -0.015501641668379307 0.003997775701198084 -0.00047367379826646983 0.9999918966784561 0.7927145957946777
0.9999923359510756 -1.3739831273434543e-05 -0.003915079862285364 -0.0054901475086808205 1.5201633105066093e-05 0.9999999301901789 0.0003733477569199909 -0.017283182591199875 0.003915074459239152 -0.0003734044111721595 0.9999922663506574 0.8578910827636719
0.9999892734303305 -3.6637297778960413e-05 -0.004631596051886393 -0.006280352361500263 3.9034261218622334e-05 0.9999998653686907 0.000517434949339063 -0.016298305243253708 0.004631576470910233 -0.0005176101899671779 0.9999891402305753 0.8255904912948608
0.9999861700997742 -6.53053394278087e-06 -0.005259236307450342 -0.007005623076111078 9.058227068460963e-06 0.9999998844726484 0.0004805961280306419 -0.014869630336761475 0.0052592325613153735 -0.0004806371207908219 0.9999860546331754 0.7580716013908386
0.9999556888480885 9.446280500745718e-05 -0.00941336375177688 -0.012130176648497581 -8.727209514212507e-05 0.9999997041213929 0.000764290983817168 -0.01430386584252119 0.0094134331636341 -0.0007634355932263269 0.999955401226559 0.7406970262527466
0.9999863421154328 1.558914945792534e-05 -0.00522640790361876 -0.006945888511836529 -1.2894986082119491e-05 0.9999998670344805 0.000515523753772135 -0.018476275727152824 0.0052264152452635645 -0.0005154493183510378 0.9999862093527512 0.913019061088562
0.9999980269760517 0.00016896654365681677 -0.0019792661041155013 -0.003798245918005705 -0.00016855979818770352 0.9999999646440954 0.0002056681852027642 -0.02120637707412243 0.0019793007851791515 -0.00020533415471943995 0.9999980201011833 1.0265109539031982
0.999999059279448 0.000266293440783446 -0.0013455586283906164 -0.003684100229293108 -0.0002661006275552352 0.9999999543029705 0.0001434730391136884 -0.02226589433848858 0.0013455967728318292 -0.00014311485015022475 0.9999990844433132 1.0804717540740967
0.9999999412716154 0.0003265108551472389 0.00010415098254847732 -0.0021650998387485743 -0.00032651274722670563 0.9999999465299965 1.8150212229216996e-05 -0.02410731092095375 -0.00010414505073820784 -1.8184217786722617e-05 0.9999999944115713 1.15713369846344
0.9999946028201023 -4.886434221808583e-06 -0.003285469036321391 -0.005037050694227219 5.839718291257862e-06 0.9999999578917402 0.00029014206089297677 -0.016431644558906555 0.003285467480215912 -0.00029015968115770496 0.9999945607406052 0.8084264993667603
0.9999864051083528 -4.259781270633982e-05 -0.005214190627496169 -0.007056572008877993 4.541356803405277e-05 0.999999853222512 0.0005399005116404772 -0.01682974584400654 0.005214166863589492 -0.0005401299667523254 0.9999862602673788 0.8508066534996033
0.9999929118147232 4.9165345876591475e-05 -0.0037648244421744637 -0.005395391024649143 -4.771504754557465e-05 0.9999999246288835 0.0003853122132912713 -0.0182383731007576 0.0037648431024236784 -0.0003851298433496549 0.9999928387900676 0.9011138081550598
0.9999982080506175 0.0002442325807340066 -0.0018772975257542 -0.003945254720747471 -0.00024384197487818454 0.9999999485773003 0.0002082942335113537 -0.021792475134134293 0.0018773483014566958 -0.00020783609632251676 0.9999982161821649 1.0581114292144775
0.9999948254489177 0.00014919496207799508 -0.0032135364089903996 -0.0048570032231509686 -0.00014822310167362677 0.9999999432124758 0.0003026631088559915 -0.021367035806179047 0.0032135813823126707 -0.0003021852223763923 0.9999947907758273 1.0308135747909546
0.9999760555773126 -4.415600375339667e-05 -0.00691999438485747 -0.008199505507946014 4.919150288742175e-05 0.9999997341580378 0.0007275053606144937 -0.01797208935022354 0.00691996042150315 -0.0007278283458423957 0.9999757919138161 0.9073967933654785
0.9999231623679425 -2.7398230345841747e-05 -0.012396314348616662 -0.014061281457543373 4.2550609336006346e-05 0.9999992523702417 0.0012220672661082913 -0.01769653894007206 0.012396271598282708 -0.0012225008360824032 0.9999224159614419 0.9124166965484619
0.9999689524375387 4.930656191241127e-05 -0.007879830571411738 -0.009111964143812656 -4.368962518016497e-05 0.9999997448645673 0.0007129951028573231 -0.020970694720745087 0.007879863716324938 -0.0007126286992531844 0.9999686994642126 1.0288914442062378
0.9999868502609511 0.00019800549230711165 -0.0051244608503968085 -0.006465568672865629 -0.0001958291212846792 0.9999998904276468 0.0004252007171015924 -0.024531861767172813 0.005124544480974893 -0.0004241916071577281 0.9999867794652803 1.1685311794281006
0.9999870861216317 0.0002789885448770087 -0.005074421677393531 -0.006841548252850771 -0.0002766608367478667 0.9999998562005418 0.000459410140375429 -0.02454978972673416 0.0050745491178610085 -0.00045800031386147584 0.9999870195092347 1.1813075542449951
0.9999943474696473 0.00022499165854326684 -0.0033547589344330446 -0.004905486013740301 -0.00022397056875085654 0.9999999284844053 0.0003047431193767184 -0.024413762614130974 0.0033548272591753226 -0.0003039900295404194 0.9999943263459665 1.167142391204834
0.9999767217642935 2.132666070289062e-06 -0.006823190235410082 -0.007982773706316948 2.0740202009183717e-06 0.9999998099489836 0.0006165206364216458 -0.01593755930662155 0.006823190253488485 -0.0006165204363433362 0.9999765317132779 0.7972042560577393
0.9999912197255882 -4.462321922873048e-05 -0.004190284059366805 -0.006176966242492199 4.645971566327554e-05 0.9999999029204961 0.00043817860829460827 -0.016744598746299744 0.0041902640996360095 -0.0004383694403721327 0.9999911247201191 0.8349761962890625
0.9999999198166363 0.0003402449061944377 0.00021118741607606403 -0.0023175214882940054 -0.0003402623182641517 0.9999999387144144 8.241797152719964e-05 -0.023618899285793304 -0.00021115936083832858 -8.248982403843172e-05 0.9999999743035762 1.1458778381347656
0.9999998867538303 0.00025757160849079785 -0.0004001864475508473 -0.002618888160213828 -0.00025754828613216735 0.9999999651332933 5.832917245580382e-05 -0.02225393056869507 0.0004002014575364352 -5.822609851654843e-05 0.999999918224254 1.0695924758911133
0.9999998247894213 0.0002537516355769519 -0.0005348188799315668 -0.0027323374524712563 -0.0002537089083419882 0.9999999646193041 7.995736714520743e-05 -0.02180917002260685 0.0005348391503219922 -7.982166482164275e-05 0.999999853787782 1.050939679145813
0.999999056581074 0.00019043925539823136 -0.0013603565162877652 -0.0035968683660030365 -0.00019023745741185747 0.9999999708832075 0.00014846984051100086 -0.019477276131510735 0.0013603847511644233 -0.0001482109096769112 0.999999063692989 0.9428897500038147
0.9999981848171895 0.00020799639159486003 -0.0018939640511481677 -0.004079833161085844 -0.00020769358893141804 0.9999999656200027 0.0001600730035901565 -0.021821802482008934 0.0018939972806408273 -0.0001596793488373019 0.9999981936367717 1.0444633960723877
0.9999985944731197 0.0002591278275121319 -0.0016564735294916086 -0.0038493734318763018 -0.00025893716503255185 0.999999959827013 0.00011531485978263173 -0.023392939940094948 0.0016565033442352145 -0.00011488577514481861 0.9999986213980142 1.1139986515045166
0.9999984391060288 0.0002985669229449537 -0.001741448620703296 -0.003992974758148193 -0.0002983446921026932 0.9999999473197231 0.00012787101236075158 -0.024741848930716515 0.001741486707017995 -0.0001273512608151029 0.9999984755016907 1.1760772466659546
0.9999986984480561 0.000244414887403611 -0.001594792637547881 -0.0038476407062262297 -0.0002441997433344257 0.999999961057584 0.00013509743188993244 -0.023171352222561836 0.0015948255952664063 -0.00013470780810084652 0.9999987191917434 1.1062294244766235
0.9999996758977349 0.0002329271524504976 -0.0007706811059268703 -0.0029969627503305674 -0.00023288731877214056 0.9999999715413882 5.177566774932994e-05 -0.022010089829564095 0.0007706931439532108 -5.159616911233109e-05 0.9999997016849121 1.0568246841430664
0.999999773980484 0.0001709864858047426 -0.0006502327296253169 -0.002727434504777193 -0.00017095662681187524 0.9999999843300299 4.597577403633813e-05 -0.01901421882212162 0.0006502405806722241 -4.586460205081651e-05 0.9999997875417902 0.9215958118438721
0.999999351172846 0.0001997533457662359 -0.0011214956479381336 -0.003162455279380083 -0.000199649518078451 0.9999999757742379 9.269085156734168e-05 -0.020694121718406677 0.001121514136076769 -9.246688536136231e-05 0.9999993668277586 0.9977218508720398
0.9999985144722295 0.0002543583518347726 -0.0017048035555974836 -0.003774859942495823 -0.0002540702377360641 0.9999999534071649 0.00016921578728435754 -0.022320423275232315 0.0017048465176146106 -0.00016878239606494234 0.9999985325043504 1.0731295347213745
0.9999992103931198 0.00028431384335789997 -0.0012240828301598717 -0.0034822928719222546 -0.0002841557425134807 0.9999999512645544 0.00012933059404655618 -0.022830266505479813 0.0012241195409819067 -0.00012898266176072725 0.9999992424471241 1.0957362651824951
0.9999995291491984 0.0003758216427926904 -0.0008946840079943592 -0.0032755746506154537 -0.00037573409182280746 0.9999999246076955 9.802293294379008e-05 -0.02534194104373455 0.0008947207796817603 -9.76867235064014e-05 0.9999995949659332 1.2095947265625
0.9999997474955212 0.00040519251520761926 -0.0005838046928733314 -0.002983043435961008 -0.00040513745744855416 0.9999999134738992 9.442369859674996e-05 -0.02634574845433235 0.0005838429021349172 -9.418715360542592e-05 0.9999998251281076 1.2575898170471191
0.999999688662739 0.00037649290196102873 -0.0006934893798789699 -0.003041460644453764 -0.00037643889252444117 0.9999999261041302 7.800957929637246e-05 -0.02592325210571289 0.0006935186986858589 -7.77484986349446e-05 0.9999997564934632 1.2349717617034912
0.9999987874323744 0.00042229154708919614 -0.0014989341646792754 -0.0038731838576495647 -0.0004220580782884294 0.9999998987546487 0.0001560694426646415 -0.0278217401355505 0.0014989999197255553 -0.00015543661614686254 0.9999988644187047 1.3201894760131836
0.9999994630048508 0.0003877108915444127 -0.0009610776630775818 -0.0032770903781056404 -0.00038763599570047964 0.99999992181826 7.811407293551316e-05 -0.02635984495282173 0.0009611078736157181 -7.774148269176233e-05 0.9999995351138504 1.2521958351135254
0.9999991430863105 0.0003376518853657943 -0.0012648390605594197 -0.00354078970849514 -0.00033746742456081737 0.999999932392864 0.00014604795464976127 -0.025461185723543167 0.0012648882884145145 -0.0001456209875190187 0.9999991894257445 1.2139686346054077
0.9999993616102331 0.0003782881206774576 -0.0010647427970360028 -0.0034902237821370363 -0.000378166717782667 0.9999999219718729 0.00011421988087499644 -0.025890909135341644 0.001064785921980197 -0.00011381715766935549 0.9999994266381329 1.2345740795135498
0.9999996196896974 0.00043315216014336045 -0.0007569674144699639 -0.003186049871146679 -0.0004330741529199027 0.9999999008969057 0.00010321316057613223 -0.027214718982577324 0.0007570120464556098 -0.00010288529830129435 0.9999997081736458 1.2964515686035156
0.9999998767486393 0.0004898163583362069 -8.113347714703213e-05 -0.0027044732123613358 -0.0004898109343739859 0.9999998778075727 6.685871758661356e-05 -0.02814004197716713 8.116621572670694e-05 -6.681896928193526e-05 0.9999999944736353 1.3432121276855469
0.9999998488391242 0.0005034154546958947 0.00022112125385903399 -0.0023174844682216644 -0.0005034211013104861 0.9999998729589394 2.5481365323142314e-05 -0.028929248452186584 -0.00022110839805444493 -2.5592678576497684e-05 0.9999999752280454 1.3766497373580933
0.9999998549159687 0.0005384192350306252 1.651572197501915e-05 -0.002779828617349267 -0.000538421018561481 0.9999998492003472 0.00010817619721015797 -0.02910788543522358 -1.6457475339103597e-05 -0.00010818507392736723 0.9999999940125707 1.3952054977416992
0.9999998526141185 0.0005421741004130969 2.861793234633186e-05 -0.0025767830666154623 -0.0005421757252380223 0.9999998514096518 5.6799271763615744e-05 -0.029907189309597015 -2.858713299991077e-05 -5.681477934042969e-05 0.9999999979774282 1.4227025508880615
0.9999997368052647 0.0005053608102989466 -0.0005205764619498447 -0.0029145986773073673 -0.0005053105097355583 0.9999998676501868 9.67517314493337e-05 -0.02929389849305153 0.0005206252875850502 -9.648865322744315e-05 0.9999998598196149 1.391378402709961
0.9999979517549451 0.00048124273630017746 -0.0019659326903382693 -0.004387556575238705 -0.0004808440693533682 0.9999998637381206 0.00020325530992010323 -0.02916916273534298 0.0019660302375980997 -0.0002023095865285228 0.9999980468960605 1.3807861804962158
0.9999886225095646 0.0005406164885483154 -0.004739470986888778 -0.006779041141271591 -0.0005389861139231573 0.9999997951413471 0.00034526979679278116 -0.033866144716739655 0.004739656674512281 -0.00034271135943969583 0.9999887090380228 1.5710577964782715
0.9999954643887611 0.0005221007989729841 -0.0029662455498023813 -0.005152961239218712 -0.0005216963753107327 0.999999854516305 0.00013711404204830104 -0.03192386403679848 0.002966316705612923 -0.00013556594060069743 0.9999955912838204 1.484851598739624
0.9999992564799405 0.0007048388714246882 -0.0009951089045575191 -0.003880075179040432 -0.0007046375061855307 0.999999731201121 0.00020269107276168601 -0.033941254019737244 0.000995251501620334 -0.00020198973099991709 0.9999994843371658 1.6115657091140747
0.9999970668010073 0.0005376540700034696 -0.002361634493927008 -0.004365365952253342 -0.0005372771328568586 0.9999998428281818 0.00016024011516656172 -0.03334738314151764 0.0023617202764947176 -0.00015897079294066436 0.9999971984988871 1.5525999069213867
0.9999973315166696 0.0004833262567996508 -0.002259060705127725 -0.004815865308046341 -0.00048297497543058266 0.9999998711930548 0.00015604181116525432 -0.0295664444565773 0.0022591358332495113 -0.00015495032498172713 0.999997436144555 1.3945972919464111
0.9999998489575299 0.0005495521843759957 -8.792816042707085e-06 -0.002630942966789007 -0.0005495516212904056 0.9999998469539931 6.391404692280028e-05 -0.030078725889325142 8.827938801100435e-06 -6.390920516275278e-05 0.9999999979188403 1.4309866428375244
0.9999964071539349 0.0005641168567418061 -0.0026205822622800906 -0.004914965480566025 -0.0005633835792078594 0.9999998019468413 0.0002805445071803739 -0.032180771231651306 0.0026207400031510635 -0.0002790671062126132 0.9999965269156618 1.5154871940612793
0.9999908144079496 0.0004911456287886613 -0.004257919174556072 -0.006091492250561714 -0.0004900785587986061 0.9999998482481174 0.00025164806459880345 -0.032386064529418945 0.004258042124255741 -0.00024955903816979437 0.9999909033574028 1.496218204498291
0.9999982459139473 0.00046633555510757754 -0.0018140287149255676 -0.004201424773782492 -0.00046598383837971017 0.9999998725523256 0.0001943049012052415 -0.028807824477553368 0.0018141190950157907 -0.0001934592523142123 0.9999983357713285 1.3647276163101196
0.9999992994027144 0.00046752977040970386 -0.001087478732594084 -0.0034642121754586697 -0.00046741799875360654 0.9999998854523598 0.00010303242729107898 -0.028529923409223557 0.0010875267787530377 -0.00010252404797396388 0.9999994033869843 1.3507890701293945
0.9999951978831084 0.0005412507486491097 -0.0030514354572605384 -0.0052841342985630035 -0.0005403202559536062 0.9999998072847914 0.00030575218855133666 -0.03193610906600952 0.0030516003578034724 -0.00030410196790629443 0.9999952976175684 1.5016857385635376
0.9999953448153233 0.0005410869700755652 -0.003002927334040164 -0.005117579363286495 -0.0005403886799947303 0.9999998267655535 0.00023334296074790445 -0.03160325810313225 0.0030030530726653294 -0.00023171912655516708 0.9999954639789568 1.479123592376709
0.9999975604957168 0.0005851985194427262 -0.002129916737329895 -0.004358408972620964 -0.0005848689113092026 0.9999998168940528 0.00015537122395850486 -0.03195308893918991 0.0021300072703396983 -0.00015412512284639714 0.9999977196546374 1.4936565160751343
0.9999997951608953 0.0005946728683562652 -0.0002367326490360761 -0.002959898207336664 -0.0005946476065320624 0.9999998174975592 0.0001067664394370028 -0.03113534487783909 0.000236796096936574 -0.00010662564506392363 0.9999999662792897 1.4819402694702148
0.9999998197915507 0.0005773213380615265 -0.00016467221667003297 -0.0027074425015598536 -0.0005773119935322619 0.9999998317429711 5.6788130867832425e-05 -0.031225018203258514 0.00016470497396247366 -5.669305338844626e-05 0.9999999848290846 1.4786770343780518
0.9999998476059864 0.0005498052183623838 -5.002225254987975e-05 -0.0027463699225336313 -0.0005498008992736208 0.9999998451342331 8.631616734511614e-05 -0.029812797904014587 5.006970188238064e-05 -8.628865191161335e-05 0.9999999950236467 1.4221057891845703
0.9999998239176681 0.0005676032352998066 -0.00017317967547256338 -0.0028023631311953068 -0.0005675890377959765 0.9999998355577303 8.20194877276669e-05 -0.030598130077123642 0.00017322620152109637 -8.192117840011695e-05 0.9999999816408016 1.4545495510101318
0.9999998736380095 0.0004998105060082181 -5.397613319996703e-05 -0.0025532767176628113 -0.0004998076526747003 0.9999998736988759 5.286343074023702e-05 -0.02886764146387577 5.400254808078835e-05 -5.283644637587356e-05 0.9999999971460172 1.3734524250030518
0.9999974737671898 0.0005863933915686185 -0.002169931341991965 -0.00448653195053339 -0.0005859267541673986 0.9999998050867147 0.00021567654408758872 -0.03190256282687187 0.0021700573903436875 -0.00021440457841044716 0.9999976224379734 1.5011491775512695
0.9999818999052156 0.0007608621671077105 -0.005968328972026694 -0.0081793162971735 -0.0007573361834813417 0.9999995373843812 0.0005930201758213928 -0.03881903737783432 0.005968777417600607 -0.0005884894106145654 0.9999820135264198 1.8096498250961304
0.9999906799565136 0.0004948141929284817 -0.004288957801662799 -0.005828809924423695 -0.000494459230100594 0.999999874241964 8.3821991070665e-05 -0.034243352711200714 0.00428899873860275 -8.170049507351897e-05 0.9999907988650945 1.553873062133789
0.9999990672449839 0.0003135540348325608 -0.0013293581269015794 -0.003741648979485035 -0.0003134085957720027 0.9999999448800875 0.00010961238207988128 -0.025228139013051987 0.0013293924230321442 -0.00010919564757455174 0.9999991103956525 1.2037954330444336
0.9999995591343511 0.0004425522417895604 -0.000828177889517697 -0.003438676241785288 -0.00044245519493644634 0.9999998952299258 0.00011736071610905602 -0.027318961918354034 0.0008282297409974502 -0.00011699423275919915 0.9999996501738616 1.3052799701690674
0.9999994506503188 0.0004652099268742683 -0.000939296962878059 -0.0033535570837557316 -0.000465110962745538 0.9999998862627989 0.00010557547776009863 -0.02879064343869686 0.00093934597080534 -0.00010513854244753541 0.9999995532874172 1.3646953105926514
0.9999969333528524 0.0003178103927446631 -0.002456070325788201 -0.0045391833409667015 -0.0003174148764967005 0.9999999365949896 0.00016142432586484993 -0.02668774127960205 0.0024561214723894382 -0.0001606442375742742 0.9999969708257831 1.2554714679718018
0.9999979489645706 0.0003912832992112877 -0.0019872000481314673 -0.004409217741340399 -0.00039097688215414245 0.9999999116208131 0.00015458150958264213 -0.026752453297376633 0.00198726035766741 -0.0001538042432514543 0.9999980135682897 1.2697961330413818
0.999999529483415 0.00040829650954157934 -0.0008799584698325357 -0.003100291360169649 -0.0004082355321627345 0.9999999142585357 6.947424746579087e-05 -0.027452081441879272 0.0008799867604763516 -6.911498446279202e-05 0.9999996104231341 1.2981390953063965
0.9999997928227614 0.00035942213735516856 -0.0005340132600338784 -0.002922504208981991 -0.00035939329895135614 0.999999933954922 5.4098139545638665e-05 -0.025265760719776154 0.0005340326688338733 -5.3906207550528144e-05 0.9999998559516046 1.206075668334961
0.9999994852472908 0.00039941130623622525 -0.0009327249122065857 -0.0033788783475756645 -0.0003992888957536304 0.9999999116482919 0.0001314221667721754 -0.026447510346770287 0.0009327773212980455 -0.00013104967242202214 0.9999995563761276 1.263272762298584
0.9999992583711725 0.0004446230653119735 -0.001133828661868082 -0.003485890105366707 -0.00044450106618108116 0.9999998953936932 0.00010784898938663053 -0.028104307129979134 0.0011338764954107053 -0.00010734492135364395 0.99999935140037 1.3313841819763184
0.999999844967381 0.0004104411404798636 -0.0003763021177402464 -0.0027884338051080704 -0.0004104192382477128 0.9999999140797867 5.8279223782809065e-05 -0.02647010050714016 0.0003763260055993639 -5.812477311911443e-05 0.9999999275001215 1.2619329690933228
0.9999998946880743 0.00043267573104238243 -0.0001530214090434386 -0.002645398024469614 -0.00043266749165263416 0.9999999049482287 5.3873691608877004e-05 -0.02681860141456127 0.00015304470433738347 -5.380747854611483e-05 0.9999999868410365 1.2804036140441895
0.9999998215701383 0.0005111642764310681 -0.0003091452311400893 -0.0029146657325327396 -0.0005111346668613306 0.999999864777031 9.585025835590978e-05 -0.028781607747077942 0.0003091941845645115 -9.56922264086309e-05 0.9999999476209757 1.372551679611206
0.9999994853762941 0.00045202525618303545 -0.0009082512397524358 -0.0031863206531852484 -0.00045194123591215226 0.999999893576903 9.271085019622854e-05 -0.02821749448776245 0.000908293050739337 -9.230032629721479e-05 0.9999995832421049 1.335889458656311
0.9999993714416531 0.0003883506618277003 -0.0010518079967246972 -0.0032854797318577766 -0.0003882574947167129 0.9999999206870407 8.878079699622085e-05 -0.026670005172491074 0.0010518423913839637 -8.837236885457854e-05 0.9999994429087987 1.2641767263412476
0.999999318726632 0.0004379326344329623 -0.0010820172269767206 -0.003670717589557171 -0.00043774362410147594 0.9999998888928101 0.00017491394071786863 -0.026998382061719894 0.001082093707279685 -0.00017444017541138213 0.9999993993217364 1.2923009395599365
