0.9999972277122762 2.0694528393711817e-05 -0.002354599647232022 -0.0043593901209533215 -1.9925110639803027e-05 0.9999999464039394 0.0003267952086070252 -0.020574163645505905 0.0023546062839074804 -0.00032674738697819656 0.9999971745287048 0.9856277704238892
0.9999885901395056 0.00023153153085270258 -0.004771371286561903 -0.006677356082946062 -0.00022915559719069816 0.9999998494943014 0.0004984968273762146 -0.01551012322306633 0.004771485986176901 -0.0004973977531603667 0.9999884926922704 0.7782164812088013
0.9999118248896784 0.00034766810070811224 -0.013274847369548341 -0.016012629494071007 -0.0003347663323587426 0.9999994695248375 0.0009741055108496564 -0.012149274349212646 0.013275178992984372 -0.0009695756470222465 0.9999114108488656 0.666722297668457
0.9999787708708044 0.00022514876525173586 -0.0065120746117037056 -0.008835792541503906 -0.00022156850479489363 0.999999823926238 0.0005505042147433497 -0.013630490750074387 0.006512197410442446 -0.0005490496573834242 0.9999786446866558 0.7126330733299255
0.9999997321234102 9.332437436868596e-05 -0.0007259777332969201 -0.002911392832174897 -9.318894775763615e-05 0.9999999782527306 0.00018657534305066128 -0.015774240717291832 0.0007259951295360494 -0.0001865076399704332 0.9999997190729467 0.7879287004470825
0.9999988749732062 -5.0148247609523e-05 -0.0014991789336963638 -0.003640065435320139 5.064463420716724e-05 0.999999943914049 0.0003310695091360435 -0.017933541908860207 0.0014991622470577673 -0.00033114506204268325 0.999998821427058 0.8893994092941284
0.9999980026515577 1.5008079909622497e-05 -0.001998616434574317 -0.004104145336896181 -1.4756364347885676e-05 0.9999999919582151 0.00012595959399284764 -0.01969512552022934 0.001998618308913526 -0.00012592985009534857 0.9999979948312536 0.9504468441009521
0.9999960145141177 6.717252983441613e-05 -0.0028224889249105815 -0.004947898909449577 -6.647522724938694e-05 0.9999999672500823 0.0002471454591221118 -0.016881756484508514 0.0028225054338600285 -0.0002469568485346813 0.99999598622964 0.8316369652748108
0.9999209048421751 0.0004420718262701988 -0.01256935289131084 -0.01535713765770197 -0.0004306064888544868 0.9999994888065137 0.000914857782982583 -0.012424933724105358 0.012569750898790415 -0.0009093729772461503 0.9999205840481186 0.6589422821998596
0.9996829801616018 0.0006711793555874972 -0.02516920128830258 -0.031109577044844627 -0.0006307199228636148 0.9999984963334971 0.0016154018459411611 -0.008689955808222294 0.025170247666587667 -0.0015990150148139158 0.9996819002979824 0.524627149105072
0.999828471281904 0.00042961369536928545 -0.018516032138768613 -0.02272302471101284 -0.00040731038838775 0.9999991870607745 0.0012082946817560363 -0.010787338018417358 0.01851653618630311 -0.0012005456522763502 0.9998278334682419 0.609130859375
0.9999736682647056 0.0002608319937587799 -0.007252223376262093 -0.009209712035953999 -0.00025616803096433557 0.9999997598019694 0.000644029458218737 -0.014610247686505318 0.0072523896177799484 -0.0006421547120231109 0.9999734948898182 0.7552953362464905
0.9999953164315011 4.976006641028706e-06 -0.003060570257593516 -0.005057538393884897 -3.4228122520580044e-06 0.9999998712209216 0.0005074903199124929 -0.020157068967819214 0.0030605723887313003 -0.0005074774672894409 0.9999951876700577 0.9737083911895752
0.9999985495458593 5.024508651334001e-05 -0.00170246339422986 -0.003682927694171667 -4.9941627355724026e-05 0.9999999828594079 0.0001782891399923175 -0.02376732788980007 0.0017024723232018932 -0.00017820385759967478 0.9999985349146137 1.1212351322174072
0.9999945582145481 2.1903581623974047e-05 -0.0032989485481910766 -0.005131823476403952 -2.0779371315332555e-05 0.9999999417076089 0.0003408122595080696 -0.022076260298490524 0.003298955820896623 -0.00034074185480404096 0.999994500377617 1.065125584602356
0.9999908013312614 9.950496821983532e-05 -0.004288047530382135 -0.005950428545475006 -9.784209225526224e-05 0.9999999199409549 0.0003880012997774325 -0.021948035806417465 0.004288085795142148 -0.0003875781791399431 0.9999907310087272 1.0593196153640747
0.9999854229198529 9.183407788765775e-05 -0.00539865856529949 -0.0070891291834414005 -8.938434072173682e-05 0.9999998929439082 0.0004540072811746871 -0.018786786124110222 0.005398699680680226 -0.000453518107537521 0.9999853240738504 0.9130226373672485
0.9999973894707392 8.826338742544077e-05 -0.0022832567269335394 -0.004316984210163355 -8.792927073734989e-05 0.9999999854128578 0.00014643335485251002 -0.018346766009926796 0.0022832696183312804 -0.00014623220748504698 0.9999973826445704 0.8883068561553955
0.9999998393568013 -5.144246947122312e-05 -0.0005644821024161745 -0.0029554700013250113 5.1559454567642607e-05 0.9999999771985422 0.00020723063885706315 -0.021079298108816147 0.0005644714290893467 -0.00020725970995618423 0.9999998192076929 1.0191900730133057
0.9999998531366695 1.6273723402856794e-05 -0.0005417211509395625 -0.0026377951726317406 -1.6171561503738455e-05 0.9999999820858707 0.00018859145968538044 -0.024245791137218475 0.0005417242103203509 -0.00018858267151130028 0.9999998354857144 1.149090051651001
0.999998016218159 1.8009381593057066e-05 -0.001991792009315615 -0.003959142602980137 -1.742850451516791e-05 0.9999999573175666 0.00029165238179427343 -0.02592175081372261 0.001991797176780122 -0.000291617089263547 0.999997973849687 1.2216360569000244
0.9999998463695072 7.967895932830852e-05 -0.000548554668925215 -0.002758145797997713 -7.96663636026247e-05 0.999999996562515 2.298347217785803e-05 -0.023083187639713287 0.0005485564983387115 -2.2939767291185367e-05 0.9999998492797559 1.0841195583343506
0.9999997418404366 -8.134886906383088e-07 -0.0007185529894891279 -0.0029794382862746716 9.718732577415528e-07 0.9999999757067677 0.00022042123306695183 -0.024920720607042313 0.0007185527927229727 -0.00022042187450553724 0.999999717548001 1.1737663745880127
0.9999997236109363 3.1201919872298716e-05 0.0007428354401251201 -0.0016467083478346467 -3.1242877104174016e-05 0.9999999979925691 5.5124805723521176e-05 -0.02555806189775467 -0.0007428337186341582 -5.514799880399219e-05 0.9999997225783438 1.2087702751159668
0.9999999829083321 5.659910063415891e-05 0.00017601101422583205 -0.002059672027826309 -5.660486690782285e-05 0.9999999978614648 3.275605936874726e-05 -0.024713799357414246 -0.0001760091598859257 -3.276602188892614e-05 0.9999999839735816 1.1645492315292358
0.9999992237403241 1.8881817141326254e-05 0.0012458580281910982 -0.0012369180331006646 -1.888977395552473e-05 0.999999999801269 6.374847214818796e-06 -0.023232746869325638 -0.0012458579075748082 -6.398376242815168e-06 0.9999992238982663 1.104304313659668
0.9999985974497055 1.4505320730332149e-05 0.0016747800504320744 -0.0008655418641865253 -1.448788419392713e-05 0.9999999998407272 -1.0423371162353212e-05 -0.023066092282533646 -0.0016747802013596695 1.039909252362996e-05 0.9999985975005844 1.0998066663742065
0.9999993130086005 3.87590945667238e-05 0.0011715289409666848 -0.0013273819349706173 -3.8782761018783556e-05 0.9999999990443601 2.01786271337957e-05 -0.02032032608985901 -0.001171528157741808 -2.0224048398196507e-05 0.999999313556146 0.979082465171814
0.9999988491774495 4.2343627509448264e-05 0.0015165258961904345 -0.0007470549317076802 -4.226056812680647e-05 0.9999999976054192 -5.4801514349422746e-05 -0.01612495258450508 -0.0015165282130539012 5.4737362036652205e-05 0.9999988485723372 0.8036163449287415
0.9999984137337667 -0.000193781032969507 0.0017705871517111843 4.218320827931166e-05 0.00019317622692016181 0.9999999229450569 0.0003417496540058573 -0.01568394899368286 -0.001770653239879662 -0.00034140707655452005 0.9999983741128345 0.8170251846313477
0.9999999902910228 1.2732608266637557e-05 0.000138765395441185 -0.0020499718375504017 -1.2752264378841577e-05 0.9999999898863297 0.00014164999208544858 -0.023675143718719482 -0.00013876359046389737 -0.00014165176028318134 0.9999999803397221 1.127894401550293
0.9999995758941418 1.8825510611177204e-06 0.0009209820804241949 -0.0015354189090430737 -1.9438326643438334e-06 0.9999999977844235 6.653851829343219e-05 -0.022492539137601852 -0.0009209819531215303 -6.6540280309108e-05 0.9999995736822257 1.0712392330169678
0.9999998848285908 0.00010197627779051703 -0.00046898149647575546 -0.002674324670806527 -0.00010196031730978186 0.9999999942221413 3.4056001279583604e-05 -0.020446263253688812 0.00046898496667029354 -3.400817985511286e-05 0.9999998894482663 0.9759554862976074
0.9999922305286472 5.388864862858448e-05 -0.003941570544176006 -0.0061186435632407665 -5.2476767613403176e-05 0.9999999344317863 0.0003583051940116372 -0.015559040941298008 0.003941589594316967 -0.00035809556928821813 0.9999921677888449 0.7856050729751587
0.9998831061500919 0.0004092823412528369 -0.015284191951466783 -0.018380898982286453 -0.00039288726036134405 0.9999993442871833 0.0010756694679355768 -0.012968330644071102 0.015284622181944478 -0.0010695387644875925 0.9998826113157417 0.7026089429855347
0.9998324705358699 0.00038523492112469207 -0.0182997938839359 -0.022279376164078712 -0.00036166273585969914 0.9999991007374137 0.00129140405361183 -0.01260913722217083 0.01830027492155465 -0.0012845693518610199 0.999831710749052 0.7066782712936401
0.999917964701617 0.0003771532398852657 -0.012803187978365776 -0.01547025516629219 -0.00036436613231497937 0.9999994325559768 0.0010010619591758595 -0.01385474018752575 0.012803558267034507 -0.00099631478867436 0.9999175347260115 0.7381213903427124
0.9998775550208098 0.00034550629816955077 -0.01564466653545325 -0.01906692422926426 -0.00032816310023047076 0.9999993288571635 0.0011111229465702436 -0.012869649566709995 0.015645039935623457 -0.0011058528928718269 0.9998769973425692 0.7079241275787354
0.9999388910798197 0.0002910132670493483 -0.011051217912015647 -0.013525490649044514 -0.0002814379593749739 0.999999583689926 0.0008679934617871715 -0.01458484586328268 0.011051465908895391 -0.0008648301874262323 0.999938556697366 0.7655510306358337
0.9998944224447793 0.00044377800227586003 -0.01452401545391272 -0.01818598434329033 -0.00042933530963575414 0.9999994103286078 0.0009975036982883228 -0.012453397735953331 0.014524449559714799 -0.0009911627116144742 0.9998940233652095 0.6746312379837036
0.999949569751769 0.00018055760988616278 -0.010041182808896642 -0.012839321047067642 -0.00017312267735675177 0.9999997102453274 0.0007413081678981311 -0.014141496270895004 0.01004131374824799 -0.0007395324270915036 0.9999493112703256 0.7474397420883179
0.9999795328996447 8.575081208573225e-05 -0.0063973766972965475 -0.008284889161586761 -8.237717608459707e-05 0.9999998574216693 0.0005276084177259421 -0.016168462112545967 0.006397421028019539 -0.0005270706212848354 0.9999793973881417 0.8194948434829712
0.999983732108301 0.00016990093475688166 -0.005701460552016869 -0.007573772221803665 -0.00016705303264850723 0.9999998610583989 0.0004999764668548435 -0.015083306469023228 0.005701544706315886 -0.0004990158870160884 0.9999836215514265 0.7668625116348267
0.9999406153675078 0.00024489389329188175 -0.01089521754858415 -0.013647747226059437 -0.00023633783898247636 0.9999996627147633 0.0007865842520176468 -0.01358279399573803 0.010895406503467998 -0.0007839625888302401 0.9999403359799941 0.72133868932724
0.9999925488053504 -7.947872333348096e-06 -0.0038603459184267538 -0.006155229639261961 9.480657456390974e-06 0.9999999211343285 0.0003970408714713562 -0.015492883510887623 0.003860342458347824 -0.00039707451165985487 0.9999924700156176 0.7834653854370117
0.9999999130540671 2.1856634594290825e-05 0.0004164302405567205 -0.0019066247623413801 -2.1847964542918164e-05 0.9999999995445036 -2.0824474699788933e-05 -0.02059941738843918 -0.00041643069551997226 2.081537473605528e-05 0.999999913076094 0.9863643646240234
0.9999979523984383 0.00017027945761719459 -0.0020164830366523447 -0.0041955444030463696 -0.00016968345816728152 0.9999999418752819 0.00029573122398865686 -0.013927734456956387 0.0020165332763972576 -0.000295388454633946 0.9999979231674464 0.7091098427772522
0.9999894829662339 0.00014151129529966572 -0.0045840954917562675 -0.006922612432390451 -0.00013966893954908298 0.9999999093560941 0.00040221933197405804 -0.013523614965379238 0.004584151994814609 -0.00040157484606363693 0.9999894120880138 0.702938437461853
0.9999930262916861 0.0001886505410183864 -0.00372984972464471 -0.00578700378537178 -0.0001871999061347473 0.9999999067120926 0.0003892711153409694 -0.013902784325182438 0.003729922812901346 -0.0003885701731594058 0.9999929683197929 0.7136263251304626
0.9999985873377457 -1.9545369228469678e-05 -0.0016807559285398248 -0.0038181119598448277 2.0196525311220133e-05 0.9999999247557048 0.0003874024845027251 -0.017811566591262817 0.00168074823014793 -0.0003874358826635108 0.9999985124883054 0.8721966743469238
0.9999982589674933 6.414325651888006e-05 -0.0018649256351303584 -0.003918337635695934 -6.383725542387268e-05 0.9999999844912256 0.00016414125968058517 -0.017004385590553284 0.0018649361347625728 -0.00016402192217120006 0.9999982475534755 0.8313881158828735
0.9999982242073896 1.6921394874433586e-05 -0.0018844881887642743 -0.004077129997313023 -1.625892946594759e-05 0.9999999380738572 0.0003515507483920593 -0.01652524061501026 0.0018844940207942218 -0.0003515194843502976 0.9999981625564807 0.8123661279678345
0.9999961499212351 -6.162612461179339e-05 -0.0027742287085329703 -0.004841262474656105 6.280885307384073e-05 0.9999999071864645 0.00042624184484763835 -0.01883770152926445 0.0027742021834139506 -0.00042641444990631035 0.9999960609787232 0.910269021987915
0.9999952999619811 7.338632295879333e-05 -0.0030650723310652224 -0.005060630850493908 -7.284648105979329e-05 0.9999999818167365 0.00017623823762748868 -0.017911113798618317 0.0030650852088084293 -0.00017601412956755962 0.9999952871247387 0.8601760268211365
0.9999988148900941 -2.0716111181946783e-05 -0.001539411981887338 -0.0037843487225472927 2.1265857052121527e-05 0.9999999360141444 0.0003570986843047847 -0.017390431836247444 0.0015394044856906985 -0.00035713099801874766 0.9999987513448603 0.8537282943725586
0.9999971425090781 0.00014936900002066446 -0.0023859301289520605 -0.004590571392327547 -0.0001487625224702192 0.9999999565841811 0.00025436459587013186 -0.013513412326574326 0.002385968019550276 -0.00025400893204118773 0.9999971213138925 0.6870436668395996
0.9999983979508996 0.000125670910430475 -0.0017855818257890633 -0.004031473305076361 -0.0001253124846784044 0.99999997197928 0.0002008437710638516 -0.012754379771649837 0.0017856070159753387 -0.00020061969360708263 0.9999983856783585 0.6506215929985046
0.9999780889414223 0.0002798372464115413 -0.006613873915986881 -0.009436183609068394 -0.0002766027737241751 0.9999998417183442 0.00048995325508225 -0.012743566185235977 0.00661400997630174 -0.0004881131038175536 0.9999780080669931 0.6535155773162842
0.9998236986096762 0.00039413417714200184 -0.018772755703880966 -0.022872883826494217 -0.0003724656614805581 0.9999992604583591 0.001157735749593829 -0.010527306236326694 0.01877319812387342 -0.0011505394323004894 0.9998231059998646 0.5845028162002563
0.9999702433145697 0.00033998167548980547 -0.007706938293575971 -0.009468717500567436 -0.0003351232028127959 0.9999997443331686 0.0006316850771669429 -0.013687326572835445 0.007707151084518393 -0.0006290835064679868 0.9999701015910939 0.7065477967262268
0.9996391560269414 0.0006517992306464541 -0.026853917693832084 -0.03334303945302963 -0.0006070640134903574 0.9999984146110386 0.0016739918437169118 -0.0076505267061293125 0.026854966226523242 -0.0016570857467959998 0.999637966893915 0.4592244029045105
0.9995214128654049 0.000737841882312451 -0.030925730596083372 -0.03873148560523987 -0.000678356933720587 0.9999978998802522 0.001933925271413728 -0.006641846615821123 0.030927092579408347 -0.001912021035879333 0.9995198142709043 0.414236456155777
0.9996367154581742 0.0006820428040162854 -0.026943866196344115 -0.03351389616727829 -0.0006330994685268687 0.9999981343119915 0.0018249815339181662 -0.006594065111130476 0.026945060643018725 -0.001807260398968812 0.9996352822488781 0.41656988859176636
0.9999761776118798 0.0003151777445234293 -0.006895278944571452 -0.008655336685478687 -0.0003094407897007983 0.9999996051261131 0.0008330630322482822 -0.006863342598080635 0.006895538784733403 -0.0008309095061355839 0.99997588027625 0.4069914221763611
0.9992218257478109 0.0009428182590818113 -0.03943163758889047 -0.05018684267997742 -0.0008512469464427698 0.9999969022115558 0.0023390053287945375 -0.005807816516608 0.039433720694951296 -0.002303619113981156 0.9992195329411502 0.4044434130191803
0.9985566653417782 0.0013130652861379028 -0.05369228958669902 -0.06676193326711655 -0.0011507183320232776 0.9999946730533364 0.0030544577703568027 -0.004438486881554127 0.053696014273202385 -0.0029882644636790552 0.9985528570519775 0.36929354071617126
0.9980826879259084 0.0015045949157921695 -0.061876362665668115 -0.07773004472255707 -0.001287920367424192 0.9999928996045774 0.0035414688417300996 -0.0029121190309524536 0.06188125179503958 -0.0034549869130205907 0.9980775389425963 0.3259386420249939
0.9989974145085714 0.0010572487523755627 -0.04475542459038243 -0.056746549904346466 -0.0009364444703929081 0.9999958620831232 0.002720089775238197 -0.005414178594946861 0.04475811520767691 -0.0026754516828164094 0.9989942707950579 0.4015658497810364
0.9986236487375153 0.0012227598224225438 -0.05243389209841742 -0.06407855451107025 -0.001063916593722272 0.9999947607764957 0.0030572047757648053 -0.005549612920731306 0.05243735561270624 -0.0029972117002350575 0.998619717639488 0.4432322084903717
0.9996583575365432 0.0005784282865503358 -0.026131085474161417 -0.03101433254778385 -0.000535617613862138 0.9999985030924329 0.001645274039538115 -0.010019317269325256 0.026131998031385432 -0.001630715674412888 0.999657170956762 0.5910686254501343
0.9998549308872218 0.0003492075559704134 -0.017029246448142465 -0.02105770818889141 -0.0003299675425677477 0.9999993041482056 0.0011326184375416754 -0.011144357733428478 0.01702963011722719 -0.0011268350309875511 0.9998543503635332 0.6173785924911499
0.9998822271594573 0.0003153310031099907 -0.015343805818699319 -0.01877433992922306 -0.00029899076579512253 0.9999993858200128 0.0010672226193519825 -0.012096262536942959 0.015344132923219959 -0.0010625092732606655 0.9998817073328619 0.6591026186943054
0.9997666983624521 0.0005717704499565356 -0.021592172748345944 -0.026512257754802704 -0.0005405748094152166 0.9999988018043712 0.0014505752988252724 -0.009707292541861534 0.021592976272790245 -0.0014385646925643722 0.9997658095310663 0.5602679252624512
0.9998873715319829 0.0002994064501832388 -0.01500515266965891 -0.018442928791046143 -0.0002837846555631586 0.9999994155854797 0.001043213769177994 -0.011999749578535557 0.015005456245361223 -0.0010388380415273255 0.9998868721502407 0.6542765498161316
0.9998605859087806 0.0004858770467428409 -0.016690496387025622 -0.019973840564489365 -0.00046708388755933844 0.999999252624917 0.0011298593936050214 -0.011671128682792187 0.0166910328857099 -0.0011219060133467094 0.9998600655832321 0.6373854279518127
0.9998453419806239 0.0003816815505783844 -0.01758256064523422 -0.021402254700660706 -0.00036100648978208645 0.9999992397651254 0.0011790434621923459 -0.012143662199378014 0.017582997297495278 -0.0011725136951658082 0.9998447196528425 0.6655570864677429
0.9999574218492688 8.844561078521781e-05 -0.009227495106320382 -0.012275462038815022 -8.212838557205135e-05 0.9999997620248168 0.0006849855748779392 -0.015660712495446205 0.009227553494373094 -0.0006841985701829274 0.9999571911481135 0.8054584264755249
0.9999889359990796 7.526435114965233e-05 -0.004703425847796441 -0.006539233028888702 -7.355394072568442e-05 0.9999999311109676 0.0003638239647701019 -0.018386587500572205 0.0047034529067566284 -0.00036347398391540445 0.9999888726467993 0.8930668830871582
0.9999904187363817 3.4638591073443197e-06 -0.004377490541145534 -0.006325889844447374 -1.7993796303901284e-06 0.9999999277071964 0.000380239877442914 -0.019222654402256012 0.004377491541781832 -0.00038022835749709804 0.9999903464505034 0.9298930764198303
0.9999999605754911 4.4789445925487875e-05 -0.0002772055584263802 -0.002482048235833645 -4.477405185951035e-05 0.9999999974553523 5.553899166585165e-05 -0.023845501244068146 0.0002772080452816537 -5.552657786020546e-05 0.9999999600362486 1.1253689527511597
0.9999869143364019 0.0002645541374052535 -0.005108930129667056 -0.007048490922898054 -0.00026203793280355793 0.9999998440576763 0.0004931741524739565 -0.014898348599672318 0.005109059804231118 -0.0004918289654728862 0.9999868277193382 0.7509660720825195
0.9999042801426964 0.00018850151277633755 -0.013834558883309839 -0.017930705100297928 -0.00017575611139268078 0.9999995590676058 0.0009224827278398135 -0.013017223216593266 0.013834726672594375 -0.000919962919652576 0.9999038723828011 0.7034302353858948
0.9999633566439623 0.00024355639942880183 -0.008557222073812867 -0.010787692852318287 -0.00023784834123875985 0.9999997485639426 0.0006680570474063803 -0.014446569606661797 0.008557382631787765 -0.0006659972464782704 0.9999631631466037 0.7501096129417419
0.9999880408699389 8.954544489056236e-05 -0.004889795365342618 -0.006871072109788656 -8.741445100233686e-05 0.9999999011242494 0.0004360162902219527 -0.016577238216996193 0.004889833925133117 -0.0004355836370690539 0.9999879498229366 0.8249732255935669
0.9999775907083782 0.0001348808882056307 -0.006693271861613577 -0.00847876351326704 -0.00013103280788703448 0.9999998258997229 0.0005753528719318735 -0.01677844487130642 0.006693348300419489 -0.0005744629404756024 0.9999774342858241 0.8383870720863342
0.9998563607856044 0.00034199772491804093 -0.016945230424028228 -0.01973208598792553 -0.00032141826851692985 0.9999992075842681 0.0012171775271387927 -0.01590532436966896 0.016945633268306164 -0.001211556186092503 0.999855678408011 0.8308060169219971
0.9995853956771615 0.0005791243887759766 -0.028787173599974902 -0.03282094746828079 -0.0005233080465895086 0.9999979687832693 0.0019464269891942886 -0.013829545117914677 0.02878824235032667 -0.0019305554325670428 0.9995836683630346 0.7809407711029053
0.9999559229334499 -1.1945772718458967e-05 -0.009388932186949533 -0.010742519982159138 1.865258274648689e-05 0.9999997447535763 0.0007142442604212075 -0.01948658749461174 0.00938892125825857 -0.0007143879064639262 0.9999556679210961 0.9620838165283203
0.9999678210455738 -6.410412551743894e-05 -0.008022017453760804 -0.009366928599774837 6.813017879634436e-05 0.9999998718762768 0.0005016031387914375 -0.0218493714928627 0.008021984271119493 -0.0005021335392103264 0.999967697293399 1.0392565727233887
0.9999807323738855 1.7546707762280253e-07 -0.006207646974213454 -0.007666080258786678 2.5706031346182715e-06 0.9999999021550823 0.00044236095851767787 -0.02383328229188919 0.006207646444446532 -0.0004423683926688921 0.9999806345304021 1.1280322074890137
0.9999791426215358 2.951824144604774e-05 -0.006458595092691301 -0.008006487041711807 -2.7185029142412538e-05 0.9999999343455855 0.0003613444318122196 -0.02121664583683014 0.006458605334908207 -0.00036116131801883553 0.9999790777709451 1.0049629211425781
0.9999210652136459 0.00042070002995793775 -0.012557322704016292 -0.014008547179400921 -0.00040853804584872565 0.999999445062865 0.0009710667471028157 -0.014365753158926964 0.012557724263301203 -0.0009658599520780067 0.9999206821922827 0.751064658164978
0.9999511756550864 0.0002657954400873401 -0.00987803921811509 -0.011839516460895538 -0.00025880795177814106 0.9999997154184702 0.0007086476012965079 -0.013504225760698318 0.00987822476230863 -0.0007060564869439755 0.9999509598774246 0.709597647190094
0.9999993371245026 -1.4294167732285442e-05 -0.0011513236868163157 -0.003396102227270603 1.4603374243305918e-05 0.9999999638316327 0.0002685581399382358 -0.018532682210206985 0.00115131980635972 -0.00026857477512829905 0.9999993011649025 0.9017689228057861
0.9999999687760478 4.0165712320016745e-05 0.00024664674933139196 -0.0019697793759405613 -4.0172874811057146e-05 0.9999999987715664 2.9034585068707945e-05 -0.022508986294269562 -0.00024664558283361165 -2.904449267111689e-05 0.9999999691611864 1.0612671375274658
0.9999993820457838 0.00010709978288901668 -0.0011065431250049684 -0.0032032490707933903 -0.0001069559469294355 0.9999999858243459 0.00013004512160286072 -0.019910763949155807 0.0011065570371232851 -0.00012992668987317631 0.999999379325097 0.9429808855056763
0.9999951356298209 2.9132242064864293e-05 -0.003118953030860173 -0.005151701159775257 -2.801468259700116e-05 0.9999999353982676 0.0003583554637076976 -0.017308270558714867 0.0031189632690685177 -0.0003582663440548719 0.9999950718445332 0.8430020809173584
0.999997410040445 -2.0167012134214466e-05 -0.0022758527398917794 -0.004324187058955431 2.082699848435713e-05 0.9999999577412761 0.00028997186405062064 -0.022576263174414635 0.002275846795851046 -0.000290018512216785 0.999997368201849 1.054644227027893
0.9999983635148768 -1.591209933052911e-05 -0.0018090645022535152 -0.003870877902954817 1.6204348104985178e-05 0.9999999868223571 0.00016153236415916144 -0.02338450774550438 0.0018090619080952859 -0.00016156141452478947 0.9999983505951008 1.0866882801055908
0.9999987462120355 4.712783883485289e-07 -0.0015835321703786148 -0.0036599095910787582 -2.5500553434842997e-07 0.9999999906734068 0.00013657642918352405 -0.02476334013044834 0.0015835322199751738 -0.00013657585413617365 0.9999987368855744 1.149841547012329
0.9999997488725312 1.8550689842160294e-05 -0.0007084565948221968 -0.0028366921469569206 -1.849061822967425e-05 0.9999999962336403 8.47986828814898e-05 -0.02298138663172722 0.0007084581652279595 -8.478556178578405e-05 0.999999745449186 1.0747284889221191
0.9999999095642269 2.43525725279426e-05 -0.0004245921456783331 -0.002575308084487915 -2.4335994041540704e-05 0.9999999989413972 3.9050796477031105e-05 -0.022142335772514343 0.0004245930962162122 -3.904046007351482e-05 0.9999999090982684 1.0380864143371582
0.999998993401502 2.6451536238167244e-05 -0.0014186247915034167 -0.003495406359434128 -2.6251496874563026e-05 0.9999999897110109 0.0001410277878690896 -0.019376305863261223 0.001418628507308843 -0.00014099040488644982 0.9999989838069157 0.9222249984741211
0.9999990532920908 -5.993739762490715e-07 -0.0013760140125722228 -0.0034667036961764097 9.419626950372177e-07 0.9999999690062292 0.00024897118958916925 -0.019957860931754112 0.001376013820697508 -0.0002489722500400426 0.999999022298914 0.9535907506942749
0.9999943890458717 7.16532053617769e-05 -0.00334914057511433 -0.005320631433278322 -7.05215161348028e-05 0.9999999403841768 0.00033802123945267355 -0.01729986071586609 0.003349164595757845 -0.00033778315635989896 0.9999943344834757 0.8457366228103638
0.9999918167983562 3.4053284826390694e-06 -0.0040455314516995924 -0.0059087323024868965 -1.8583605247057083e-06 0.9999999268860666 0.0003823930019491975 -0.019430549815297127 0.0040455324580886565 -0.00038238235469420403 0.9999917436913495 0.9314154982566833
0.9999992086482445 5.455242278029263e-06 -0.0012580433718491202 -0.003386072348803282 -5.2665151102496006e-06 0.9999999887331786 0.00015001968787848365 -0.02501617930829525 0.001258044176068714 -0.00015001294365571307 0.999999197410162 1.1633784770965576
0.9999999998784217 -4.095029037392909e-06 1.504618003140407e-05 -0.0022754559759050608 4.0927970006521765e-06 0.9999999889888346 0.00014834277820859702 -0.023546457290649414 -1.5046787333712346e-05 -0.00014834271660960126 0.9999999888840163 1.1108341217041016
0.9999994173512532 1.7935582596902958e-05 -0.001079340293354902 -0.0032351119443774223 -1.7808249057462587e-05 0.9999999928814409 0.00011798298321935435 -0.027808472514152527 0.001079342401765095 -0.0001179636933159552 0.9999994105520996 1.2881617546081543
0.9999992078395267 -5.8748511904568545e-06 -0.0012586841562550947 -0.0034229576122015715 6.105668966815288e-06 0.9999999831678982 0.00018337645502874687 -0.02717389352619648 0.0012586830577594097 -0.00018338399487395935 0.999999191043308 1.2621841430664062
0.999999820195279 3.1932892820559175e-05 -0.0005988235964715331 -0.0027942180167883635 -3.189394295708522e-05 0.9999999973754152 6.505340566808127e-05 -0.027028599753975868 0.0005988256722433007 -6.503429512554461e-05 0.9999998185891608 1.2555831670761108
0.9999999858336704 -3.965845511805511e-06 -0.00016827635361425956 -0.0025000351015478373 3.988860035009439e-06 0.9999999906395588 0.00013676611909027434 -0.02305961772799492 0.00016827580964581907 -0.0001367667883836222 0.9999999764890485 1.093873143196106
0.9999992377298941 4.420309290952694e-06 -0.0012347145788874395 -0.003387552686035633 -4.2430145490136e-06 0.999999989681342 0.0001435942635506421 -0.026979386806488037 0.0012347152008778995 -0.0001435889151811055 0.9999992274299995 1.2500205039978027
0.9999994518865721 1.6018291872004933e-05 -0.0010468858434434074 -0.003211401402950287 -1.5902704620977476e-05 0.9999999937773972 0.0001104187897485714 -0.027281396090984344 0.001046887605649455 -0.0001104020809102099 0.9999994459187072 1.266317367553711
0.9999999914174902 2.2414306530298757e-06 -0.0001309961659516065 -0.002486627083271742 -2.2200855964128756e-06 0.9999999867221537 0.00016294405072451009 -0.029262803494930267 0.00013099652944004956 -0.00016294375850333997 0.9999999781446202 1.3606878519058228
0.9999990751856915 2.7553245735277814e-05 0.0013597310689848264 -0.0011338189942762256 -2.7532314747146498e-05 0.9999999995022179 -1.5412192287455768e-05 -0.02517450600862503 -0.0013597314929638983 1.5374741490277055e-05 0.9999990754465146 1.1905910968780518
0.999999650181321 -2.340524321219703e-05 0.000836115680199434 -0.001699929591268301 2.3251513336773478e-05 0.9999999828253714 0.00018387121650942386 -0.02745814248919487 -0.0008361199693899997 -0.0001838517112329485 0.9999996335509056 1.2944021224975586
0.9999999091151012 2.6019152286592082e-05 0.00042554998915471246 -0.00199609762057662 -2.605511967618959e-05 0.9999999960892193 8.451445012894085e-05 -0.030699696391820908 -0.0004255477884961314 -8.452553020374921e-05 0.9999999058822528 1.4315168857574463
0.9999999815150623 4.6283844367768044e-05 -0.00018662175921836218 -0.0024352287873625755 -4.627342154326029e-05 0.9999999973695548 5.5853927031945676e-05 -0.029156159609556198 0.00018662434386192993 -5.5845290372155856e-05 0.9999999810263289 1.3588858842849731
0.9999981019927 4.0120305506843946e-05 -0.0019479223184793752 -0.003934197593480349 -3.985342711637894e-05 0.9999999898151434 0.00013704531305408398 -0.029972132295370102 0.0019479277969398933 -0.0001369674215609315 0.9999980934067942 1.3733136653900146
0.9999859343385649 -4.845623455567101e-05 -0.005303656947862395 -0.006935055833309889 5.161889191744572e-05 0.9999998209517824 0.000596181090708396 -0.03347008675336838 0.005303627109561303 -0.000596446473921779 0.9999857577941229 1.5265090465545654
0.9999883904362439 0.00014429421353245547 -0.004816448059542862 -0.00622063921764493 -0.00014420958738028464 0.9999999894412785 1.791752717780086e-05 -0.03625734522938728 0.00481645059408282 -1.7222741175821484e-05 0.9999884006862539 1.6036726236343384
0.999999840916113 -3.129684711305855e-05 -0.0005631946873543418 -0.0029757702723145485 3.1491641034873526e-05 0.9999999396919352 0.0003458676081793984 -0.03427547588944435 0.0005631838288235056 -0.0003458852890823618 0.999999781593647 1.588382363319397
0.999993758543959 2.0855447144195747e-05 -0.0035330494161302105 -0.005294653587043285 -2.0503847983326637e-05 0.9999999948343581 9.955338450613758e-05 -0.030524086207151413 0.0035330514741100908 -9.948032203991853e-05 0.9999937538059661 1.400317907333374
0.9999950640168475 -1.724881037621859e-05 -0.00314191731588705 -0.0051435320638120174 1.7820844461168285e-05 0.9999999832724041 0.00018203738437060695 -0.029061835259199142 0.003141914123402002 -0.00018209247745694084 0.9999950475967224 1.3220365047454834
0.9999999892465692 3.443321959510144e-05 0.00014255249861760028 -0.002227597404271364 -3.4445506285062654e-05 0.9999999956924753 8.618907416521458e-05 -0.0316559374332428 -0.00014254953023623443 -8.61939835313734e-05 0.9999999861251142 1.4719841480255127
0.9999942542823814 -9.983361580390502e-06 -0.003389882380847327 -0.005256068892776966 1.1676237379129734e-05 0.9999998752459794 0.0004993712954187425 -0.03445763885974884 0.003389876972541666 -0.0004994080072436585 0.999994129645646 1.5873295068740845
0.9999931958036219 0.00013349889970461708 -0.003686532856630727 -0.00521450350061059 -0.0001336114491758885 0.9999999906154412 -3.02836323187277e-05 -0.035554006695747375 0.0036865287792026487 3.077598926035532e-05 0.9999932042561084 1.5782150030136108
0.9999961719348028 8.611594695409902e-05 -0.00276562828006891 -0.004547213204205036 -8.589766064865662e-05 0.9999999931865838 7.904697175660075e-05 -0.03190803900361061 0.002765635068430361 -7.880910816015757e-05 0.9999961725185714 1.4392770528793335
0.9999999909652196 2.1708059097712305e-05 -0.00013265866234405896 -0.0024231993593275547 -2.1692650957456733e-05 0.9999999930194072 0.00011614910354536754 -0.02812647819519043 0.00013266118278962676 -0.00011614622477792718 0.9999999844555323 1.3104591369628906
0.9999939221459683 -2.4449872387178968e-05 -0.0034864126730096744 -0.005323386751115322 2.626438057490454e-05 0.9999998642436103 0.000520406516969877 -0.031921472400426865 0.003486399475833948 -0.0005204949224843149 0.9999937870325646 1.4701040983200073
0.9999911466210326 -3.077290542764044e-05 -0.004207818030869035 -0.005984589457511902 3.3393733451700535e-05 0.9999998055159159 0.0006227784429598578 -0.03624994307756424 0.004207798047813271 -0.0006229134440200256 0.9999909531662925 1.6590253114700317
0.9999994076121776 0.0001077975057373246 -0.0010831227963644231 -0.0029598772525787354 -0.00010808126327427586 0.9999999598566492 -0.0002619258307851955 -0.0356689915060997 0.0010830945179329976 0.0002620427409036352 0.999999379119741 1.587035894393921
0.9999996303261263 3.8541747600836274e-05 -0.0008589890247543642 -0.003062223317101598 -3.840117259492493e-05 0.9999999858691362 0.0001636675826371374 -0.033429600298404694 0.0008589953206507676 -0.00016363453594771138 0.9999996176753159 1.5350801944732666
0.9999999814752869 4.5044710831615836e-05 -0.00018713738266494865 -0.002461708150804043 -4.5029912239798605e-05 0.9999999958591549 7.908221889989769e-05 -0.03085557371377945 0.00018714094412572397 -7.907379065500408e-05 0.9999999793628012 1.4325954914093018
0.9999999993275439 1.5625187700641373e-05 3.317779214253188e-05 -0.002336558885872364 -1.563008705678381e-05 0.9999999889739531 0.00014767462207535315 -0.030828293412923813 -3.317548433302344e-05 -0.00014767514054782796 0.99999998854572 1.4325916767120361
0.9999998657902307 5.643372868849222e-05 0.0005150094704684482 -0.0018292682943865657 -5.642417274876894e-05 0.999999998235745 -1.85693921828462e-05 -0.028758831322193146 -0.0005150105174998807 1.85403307073234e-05 0.9999998672102025 1.3415642976760864
0.9999995603416073 2.637406381032024e-05 0.0009373478545589904 -0.001499597798101604 -2.639915802720654e-05 0.999999999293516 2.6759146869299192e-05 -0.026341009885072708 -0.0009373471481493224 -2.6783880298554663e-05 0.9999995603313769 1.2377898693084717
0.9999964318984065 -8.421095767989599e-05 -0.002670037260069458 -0.004735003691166639 8.577948955134115e-05 0.9999998238321771 0.0005873478472476772 -0.03353316709399223 0.002669987328570099 -0.0005875747859641393 0.9999962629547852 1.5506350994110107
0.999940098608151 -1.239377216945877e-05 -0.010945274867055146 -0.011578311212360859 2.1912987683651987e-05 0.999999621665977 0.000869590549376299 -0.05069449543952942 0.010945259948578123 -0.0008697783033654086 0.9999397205683754 2.2310919761657715
0.9999891022055252 0.00010238464720865683 -0.00466743908065834 -0.005907615181058645 -0.00010431863980663218 0.9999999088124307 -0.00041411683316781937 -0.04316020756959915 0.0046673962558400495 0.00041459922110395755 0.9999890216995768 1.8408191204071045
0.9999997551003863 -1.2026700186758808e-05 -0.000699753189400733 -0.0029728293884545565 1.2078551828878257e-05 0.9999999971819663 7.409572226861948e-05 -0.02452417090535164 0.0006997522963017679 -7.410415612777131e-05 0.9999997524276183 1.1501771211624146
0.9999999353379182 -7.579568215409982e-06 -0.0003595367990765475 -0.0026538437232375145 7.631180880422672e-06 0.999999989667285 0.00014355206480874414 -0.025445107370615005 0.0003595357072988884 -0.00014355479921671568 0.9999999250630448 1.1911983489990234
0.9999995412048246 4.8417897525322925e-06 -0.0009578970183617862 -0.0031377640552818775 -4.711942171845459e-06 0.9999999908010414 0.00013555705412448017 -0.026598472148180008 0.0009578976658888868 -0.0001355524783762006 0.9999995320286843 1.2382817268371582
0.9999967780181648 -7.480744465804134e-06 -0.0025384832731237465 -0.00450641755014658 7.766184996497587e-06 0.9999999936489761 0.00011243546834391145 -0.025065816938877106 0.0025384824159007707 -0.0001124548204095844 0.999996771725258 1.1571807861328125
0.999998602564374 -2.2711242741848178e-05 -0.0016716319865926722 -0.0038589821197092533 2.30778457909707e-05 0.9999999756897626 0.00021928950533038011 -0.02862687036395073 0.0016716269656177156 -0.0002193277765526188 0.9999985787782971 1.320235252380371
0.9999996865790599 2.3465190235564534e-05 -0.0007913855994890612 -0.002969378139823675 -2.3383915238259203e-05 0.9999999944520565 0.00010270871264647501 -0.027606211602687836 0.0007913880051779796 -0.00010269017476163449 0.999999681579826 1.2814009189605713
0.9999999979684991 1.9808512666368946e-05 -6.0585682299883506e-05 -0.0023313958663493395 -1.98037167745844e-05 0.9999999966708799 7.915840655485767e-05 -0.025389736518263817 6.0587250108485376e-05 -7.915720657235441e-05 0.999999995031661 1.1886448860168457
0.9999998566529339 -1.693929129431216e-05 -0.0005351702276961962 -0.0028324814047664404 1.7069419000212275e-05 0.9999999702937552 0.00024314835825580398 -0.028227820992469788 0.00053516609303743 -0.00024315745844605312 0.9999998272358369 1.3177293539047241
0.9999999063185427 2.6238672067236608e-05 -0.0004320583731050228 -0.0026556882075965405 -2.618742373261166e-05 0.9999999926218038 0.00011861960674104155 -0.027875185012817383 0.0004320614823381734 -0.0001186082811328902 0.9999998996274705 1.297376036643982
0.9999999782741101 2.4251824850344825e-05 -0.00020703533048888414 -0.0024647200480103493 -2.4227728703833955e-05 0.9999999929333839 0.00011638835480205422 -0.027469106018543243 0.00020703815165584022 -0.00011638333627759445 0.999999971795061 1.2794630527496338
0.9999999096207085 1.311819579327977e-05 0.0004249546891562011 -0.0019427884835749865 -1.3163684931865637e-05 0.9999999941843574 0.00010704205957206505 -0.026284633204340935 -0.00042495328248612097 -0.00010704764386731791 0.9999999039777502 1.2335435152053833
0.9999999460508201 3.824924181601812e-06 0.0003284565826908372 -0.002073356183245778 -3.8736214679748575e-06 0.9999999890019174 0.0001482604460602724 -0.028141498565673828 -0.0003284560119934793 -0.00014826171037821294 0.9999999350675546 1.3185069561004639
0.999999862817122 1.8600797851043745e-05 -0.0005234689557549882 -0.0027610412798821926 -1.8520706070275566e-05 0.9999999881230125 0.00015300640026489747 -0.02867189422249794 0.0005234717955788751 -0.00015299668426037267 0.999999851284636 1.3320131301879883
0.9999999716222123 2.786742356834243e-05 -0.00023659877701074475 -0.0024865707382559776 -2.784305633795568e-05 0.999999994308671 0.00010299234094227401 -0.027546420693397522 0.00023660164579537258 -0.00010298575038650142 0.9999999667067977 1.2821259498596191
0.9999997306428952 -6.400422945240396e-06 -0.0007339435754512676 -0.0029798357281833887 6.564732114187027e-06 0.9999999749196815 0.00022386947268121374 -0.0284331776201725 0.0007339421241844192 -0.00022387423052334048 0.9999997056046004 1.3239052295684814
0.9999994544544228 2.1905109227411378e-05 -0.001044323236649884 -0.00320246908813715 -2.1705823260528694e-05 0.9999999815547025 0.00019083881058860208 -0.03017551824450493 0.001044327397732022 -0.00019081603858173146 0.9999994364846039 1.3965116739273071
