0.9999798086315498 -8.612446896986985e-05 0.0063541255719992374 0.005384781397879124 8.437636262200621e-05 0.999999958522923 0.0002753811567101345 -0.00959208607673645 -0.006354149025504568 -0.00027483945838432635 0.9999797744221798 0.5040053725242615
0.9999986938931512 5.229035824200615e-05 0.001615387789396666 -0.0007617026567459106 -5.236989683441242e-05 0.9999999974185826 4.919581987075565e-05 -0.014579303562641144 -0.0016153852127596307 -4.9280353307636656e-05 0.9999986940501778 0.7346354126930237
0.999990376274246 -1.2845479517744417e-05 0.004387162395617702 0.0024436605162918568 1.2059952982939924e-05 0.9999999838928902 0.00017907757195535532 -0.011484924703836441 -0.004387164625290478 -0.00017902293958969447 0.9999903603222072 0.6038659811019897
0.999993503548666 -2.963733865146104e-05 0.0036044392202423006 0.0017095034709200263 2.8667506557322532e-05 0.9999999633770038 0.00026911738179521304 -0.011199025437235832 -0.0036044470641599176 -0.0002690123032022573 0.9999934677755362 0.6060152649879456
0.9999921666863641 4.380532877824084e-05 0.003957858891412849 0.001641396782360971 -4.4492409635418136e-05 0.9999999839571361 0.00017351124832446768 -0.012013910338282585 -0.003957851227200176 -0.0001736859838355161 0.9999921525926304 0.6194191575050354
0.9999947609500337 6.234969346209483e-05 0.0032363845569164116 0.001072047627530992 -6.26841418474492e-05 0.9999999927062247 0.00010323879282323013 -0.013717683032155037 -0.0032363780964038648 -0.00010344112193867472 0.9999947575646339 0.7001265287399292
0.9999978245484518 4.386528751069013e-05 0.0020854194302557163 -0.00019904819782823324 -4.43007605223855e-05 0.9999999772258017 0.00020877221637887722 -0.012335507199168205 -0.0020854102249086657 -0.0002088641478718044 0.9999978037175689 0.6459082365036011
0.9999924317881455 5.628889595128282e-05 0.003890141127439594 0.001985992770642042 -5.7092104085184124e-05 0.9999999770776061 0.00020636200917650946 -0.012357867322862148 -0.0038901294223785843 -0.00020658254372725915 0.9999924120795766 0.6416849493980408
0.9999780189654826 -0.00010314092732772407 0.006629551102310254 0.005391689483076334 0.00010171764186223757 0.9999999717089115 0.0002150248764229987 -0.010150985792279243 -0.00662957309261819 -0.00021434580764903577 0.9999780011662679 0.5283291339874268
0.9999907751955085 -2.3018039527110957e-05 0.004295229220446089 0.0025071166455745697 2.1728620165308483e-05 0.999999954690566 0.0003002444561054388 -0.010473058559000492 -0.004295235936870441 -0.00030014835700477755 0.9999907303866425 0.5609076619148254
0.9999991267969188 5.085418892130027e-05 0.0013205374856889922 -0.0013088680570945144 -5.120209723823225e-05 0.9999999639922378 0.0002634271590305922 -0.011541252955794334 -0.0013205240417648802 -0.0002634945432939342 0.9999990933930293 0.6094799637794495
0.9999999144684371 1.4302012185308087e-06 0.00041359530107920367 -0.0015978798037394881 -1.5190319761273283e-06 0.9999999769343167 0.0002147767646975703 -0.013757877051830292 -0.00041359498436535484 -0.00021477737459186548 0.9999998914049283 0.7152218222618103
0.9999985774264706 7.705848607954771e-05 0.0016849946660665697 -0.000551641802303493 -7.724831068810701e-05 0.9999999906779691 0.00011259111931896152 -0.014246698468923569 -0.0016849859742577966 -0.00011272112214128765 0.9999985740570909 0.7205366492271423
0.9999964755844241 1.7779760376878957e-05 0.0026549016197792985 0.0005248008528724313 -1.8218795077053786e-05 0.9999999861648007 0.00016534350361076787 -0.013833614066243172 -0.002654898643280331 -0.00016539128998010886 0.9999964620731993 0.7050171494483948
0.999994756762954 4.1476485477862264e-05 0.003238012708661314 0.0009417753899469972 -4.181214446887558e-05 0.9999999937599712 0.00010359441083898823 -0.012958703562617302 -0.0032380083917239446 -0.00010372925592410218 0.9999947522571788 0.6624822020530701
0.9999728113969988 -0.0001484677798098747 0.007372545293207892 0.006477558519691229 0.0001465249636880545 0.9999999544014156 0.0002640598441301727 -0.009247936308383942 -0.00737258416140906 -0.0002629724027805263 0.9999727875538904 0.4854840636253357
0.9999996827979876 -4.467837092167397e-05 0.0007952406979001298 -0.0014024737756699324 4.4508949595044105e-05 0.9999999763120866 0.0002130605074265864 -0.015716778114438057 -0.0007952501982589166 -0.00021302504451522588 0.999999661098669 0.7861759662628174
0.9999987683153262 7.692795564584368e-06 0.0015694931192040873 -0.0009957269066944718 -7.5717089588162335e-06 0.9999999969948056 -7.715606212346825e-05 -0.015373723581433296 -0.001569493708033268 7.714408334641757e-05 0.9999987653683832 0.7578132152557373
0.9999817689303037 -5.960678207939102e-05 0.0060380670791653785 0.0046538556925952435 5.810550213780661e-05 0.9999999673584257 0.00024881096908782374 -0.009921909309923649 -0.006038081712894576 -0.0002484555880781284 0.9999817397528064 0.5143192410469055
0.9999993075703081 4.87965263474736e-05 0.001175788162777221 -0.0011089849285781384 -4.895456540253168e-05 0.9999999897723625 0.00013438275833923361 -0.01367130409926176 -0.001175781593339878 -0.00013444022548713582 0.9999992997314903 0.700362503528595
0.9999984230108043 5.027155505237273e-05 0.0017752320060534085 -0.00046467373613268137 -5.0452745445547145e-05 0.999999993523106 0.00010202111877541769 -0.01425459235906601 -0.0017752268657951296 -0.00010211052321772385 0.9999984190702584 0.7166096568107605
0.9999975304852486 2.155251586458437e-05 0.002222286861228203 -1.0478543117642403e-06 -2.1711203826802176e-05 0.9999999972165167 7.13834063632473e-05 -0.014838033355772495 -0.0022222853165505055 -7.1431478603878e-05 0.9999975281697031 0.7408753633499146
0.9999980797199094 5.6111712440762626e-05 0.0019589303125609856 -0.0004338581347838044 -5.612727283166321e-05 0.9999999983937518 7.888336224256934e-06 -0.014452027156949043 -0.0019589298667864034 -7.998270492553261e-06 0.9999980812630616 0.7290603518486023
0.9999996952152308 -4.27764080795871e-05 0.0007795765673171544 -0.0014978041872382164 4.264620206525721e-05 0.9999999851399182 0.00016703731492335105 -0.016517717391252518 -0.0007795837009889306 -0.00016700401803310642 0.9999996821794049 0.8102905750274658
0.999995792428795 1.9218691617403364e-05 0.002900819771792928 0.0006296386709436774 -1.931969429236786e-05 0.9999999992081802 3.47906485518966e-05 -0.014350278303027153 -0.002900819100865255 -3.484654511895385e-05 0.9999957920082777 0.723719596862793
0.9999996540650293 1.4897943855472595e-05 0.0008316536977311325 -0.001628817874006927 -1.4961320583563442e-05 0.9999999969848975 7.61995017139527e-05 -0.015230861492455006 -0.0008316525600077129 -7.621191799146657e-05 0.9999996512728208 0.7559967041015625
0.9999992439458095 -6.097155443056673e-06 0.001229662813245562 -0.0012505577178671956 6.073461947373531e-06 0.9999999997958513 1.9272019979382367e-05 -0.016587872058153152 -0.0012296629304990292 -1.9264537098386556e-05 0.9999992437786916 0.8116245865821838
0.9999918791603819 2.885718575971939e-05 0.004029985179977428 0.0016948661068454385 -2.85389935915875e-05 0.9999999964711846 -7.901364711515268e-05 -0.014259684830904007 -0.0040299874458678475 7.889799373677126e-05 0.9999918764551503 0.7178018689155579
0.9999843364731742 -5.2492850767960155e-05 0.00559678950886513 0.003589489497244358 5.2092028332633706e-05 0.9999999960683006 7.176224390561075e-05 -0.01143635530024767 -0.005596793253864996 -7.146957173811066e-05 0.9999843352759953 0.5856039524078369
0.9999974884943178 8.104723253990913e-06 0.002241191506845322 -0.00038728094659745693 -8.500013191758541e-06 0.9999999844114914 0.00017636543555937364 -0.013763902708888054 -0.0022411900425154422 -0.00017638404277395354 0.9999974729747385 0.6977841854095459
0.9999999997056259 2.0477741738679284e-05 1.3015765883486602e-05 -0.002461116062477231 -2.0478080188392913e-05 0.9999999994522342 2.6003456534602624e-05 -0.015477914363145828 -1.3015233384289782e-05 -2.600372306484536e-05 0.999999999577205 0.7662461996078491
0.9999999979248599 2.8159319119497946e-05 5.794249766241936e-05 -0.0023776954039931297 -2.81605975038617e-05 0.9999999993601182 2.2062285831279337e-05 -0.015692856162786484 -5.794187636639578e-05 -2.206391748085204e-05 0.9999999980779614 0.7739688158035278
0.999999127215825 3.65762739516774e-05 0.0013206929107181444 -0.0011410769075155258 -3.661138101256023e-05 0.999999998977136 2.655813791136003e-05 -0.01597621850669384 -0.0013206919379695275 -2.660646712319243e-05 0.9999991275320698 0.7899892926216125
0.9999998762651937 5.9198486731520124e-05 0.0004939282706072309 -0.0019312683725729585 -5.923236384650407e-05 0.9999999958946513 6.857276840557881e-05 -0.015581890009343624 -0.0004939242091753625 -6.860201645977928e-05 0.9999998756663118 0.7643353939056396
0.9999900169042185 0.00016080372963224077 -0.004465448920451896 -0.008564934134483337 -0.000159215836718945 0.9999999239754637 0.0003559485694562223 -0.011954071931540966 0.004465505818825738 -0.00035523404580136466 0.9999899664829416 0.6248540282249451
0.999999992850346 0.00011422926296708793 -3.536923790563359e-05 -0.0031558903865516186 -0.00011421610839415995 0.9999999243968113 0.000371700217918001 -0.010592257604002953 3.54116942735439e-05 -0.00037169617552376265 0.9999999302939799 0.5468122959136963
0.9999827959268327 -4.432581703314696e-05 0.005865653039194282 0.004118061158806086 4.343310327537913e-05 0.9999999874559835 0.00015232070871914563 -0.010891077108681202 -0.005865659717355299 -0.00015206332466829908 0.9999827853082399 0.552573025226593
0.9999867655462175 -6.741533849132119e-05 0.005144335485376012 0.003189138602465391 6.659711217719098e-05 0.9999999851061158 0.00015922497449585545 -0.010419094003736973 -0.005144346142962428 -0.00015888026935289277 0.9999867551421974 0.5314852595329285
0.9999790902788287 -0.00016712343732085976 0.006464601680122102 0.0053498707711696625 0.00016454523261547313 0.9999999067227716 0.0003993486125290406 -0.008300785906612873 -0.006464667817634791 -0.0003982765428736805 0.9999790245029156 0.41193532943725586
0.9999847657810179 -9.666850967813046e-06 -0.005519792789105962 -0.00949055701494217 1.5615591823467185e-05 0.9999994191928657 0.0010776688194935392 -0.005649330094456673 0.00551977916550706 -0.0010777385968818978 0.9999841851336854 0.30384311079978943
0.9999998952719994 -3.929814633864474e-05 -0.00045597329490809386 -0.003102376824244857 3.964497396528491e-05 0.9999997099219072 0.0007606473407670792 -0.007162172347307205 0.0004559432706097206 -0.0007606653381554097 0.9999996067519111 0.3713154196739197
0.9999999824965561 4.1012880089805e-05 0.0001825509009861688 -0.001980304019525647 -4.109684348154945e-05 0.9999998933715672 0.0004599651116136709 -0.010292978025972843 -0.0001825320170270842 -0.0004599726058285025 0.999999877553625 0.5571128726005554
0.9999296047558248 0.0002906630696887871 -0.01186174725072112 -0.01802997663617134 -0.00028028380486162937 0.9999995764427179 0.0008766729000187801 -0.009479565545916557 0.011861997043027924 -0.0008732865307641823 0.9999292626965102 0.5194558501243591
0.9999600097147864 0.0002734730564116009 -0.008938914010773114 -0.013492084108293056 -0.0002658651141032212 0.999999601466457 0.0008522808623903602 -0.008974559605121613 0.0089391435241684 -0.0008498702340421579 0.9999596839041262 0.49472349882125854
0.9999482666897375 0.00026927745290042984 -0.010168157839200777 -0.01476196851581335 -0.00025877720656451996 0.9999994319791256 0.001033961209933191 -0.007954289205372334 0.010168430485915878 -0.0010312764322155826 0.9999477683811157 0.4441739320755005
0.9999956333341397 0.00014355511851025035 -0.0029517290832309787 -0.0068847727961838245 -0.00014206460626515712 0.9999998623125297 0.000505165882766619 -0.010142836719751358 0.002951801195963036 -0.0005047443406459944 0.999995516041372 0.5449795722961426
0.9999982472030379 0.00013958929347586473 -0.0018671115877337574 -0.0047540804371237755 -0.00013887226913663855 0.9999999165705634 0.00038415278067667247 -0.011007335036993027 0.0018671650555769311 -0.0003838928173119256 0.9999981831588295 0.5841497182846069
0.999999754749089 0.00011293200331397194 -0.0006911932611637014 -0.0032486743293702602 -0.00011270488196238721 0.9999999396521819 0.00032862325216727486 -0.010965315625071526 0.0006912303315338992 -0.0003285452707172103 0.9999997071292739 0.578451931476593
0.9999979659038556 5.361689356343394e-05 0.00201626223004652 -0.00018993020057678223 -5.397702924831495e-05 0.9999999826011341 0.00017856150748742 -0.012730345129966736 -0.002016252621052502 -0.00017866997612150956 0.9999979513991056 0.6664479970932007
0.9999979292287411 3.2075759862942296e-05 0.002034824163170148 -0.0003790584160014987 -3.204728119013278e-05 0.9999999993880899 -1.40282469058044e-05 -0.014565961435437202 -0.0020348246118916976 1.3963007274384305e-05 0.9999979296447733 0.732645571231842
0.9999900148936433 -5.108058485092694e-05 0.004468501290663913 0.0026475870981812477 5.031468003781976e-05 0.9999999840258489 0.0001715130744553977 -0.011578770354390144 -0.00446850998027155 -0.00017128653066641935 0.9999900014897551 0.6150326728820801
0.9999981442223642 4.690540988461527e-05 -0.0019259677334167026 -0.005423862021416426 -4.606939747150969e-05 0.9999999047104434 0.00043411601532084986 -0.009806022047996521 0.0019259879122817273 -0.00043402648152502917 0.9999980510938884 0.5162849426269531
0.9999999733938949 8.671303792519774e-05 0.0002137593475302575 -0.002441665856167674 -8.682087757053584e-05 0.9999998689541579 0.0005045332520043529 -0.008923268876969814 -0.0002137155699069682 -0.0005045517973548295 0.9999998498765583 0.46939414739608765
0.9999985239261373 2.8443948065533735e-05 0.0017179454264831015 -0.00048036244697868824 -2.8665540776681038e-05 0.9999999912734718 0.00012896256394026497 -0.014068064279854298 -0.001717941743286931 -0.00012901161941667003 0.9999985160149832 0.7127512693405151
0.9999473688624044 0.00028007978854001256 -0.010255781806672139 -0.014974621124565601 -0.00027279581945265265 0.999999709587872 0.0007116225209036305 -0.011687218211591244 0.010255978139353897 -0.0007087873329987383 0.9999471548701567 0.6202435493469238
0.9998972142341231 0.0004045965378482918 -0.014331687565718705 -0.01893063262104988 -0.00038927746289327676 0.999999349994179 0.0010716689208192531 -0.009160182438790798 0.01433211184357345 -0.001065979765533898 0.9998967217954274 0.5237728357315063
0.9999854841868541 0.0002263942873089682 -0.00538332250656976 -0.008797386661171913 -0.00022261568860178636 0.9999997284699725 0.000702497143252829 -0.009083835408091545 0.005383480086176136 -0.0007012885338887966 0.9999852630596883 0.48744702339172363
0.999993319132146 0.00014653171574964096 -0.0036524265263478692 -0.0070854490622878075 -0.0001443964279801515 0.9999998185333695 0.0005848785340146726 -0.00946778990328312 0.003652511566809429 -0.0005843472291746116 0.9999931588253842 0.5014290809631348
0.9999994911826197 5.4432970648714606e-05 -0.0010073090654202463 -0.0038740537129342556 -5.420092855181688e-05 0.9999999719926762 0.00023038425714310868 -0.013311577960848808 0.0010073215777077224 -0.0002303295428329101 0.9999994661256277 0.6745977997779846
0.9999994277392273 3.7554749452373377e-06 -0.001069816392806627 -0.0033044358715415 -3.4848993964747673e-06 0.9999999680097915 0.00025291949601324973 -0.01782243885099888 0.001069817308415808 -0.0002529156230748419 0.9999993957621246 0.8615266680717468
0.9999980116278239 -6.201877888980652e-05 0.0019932119980883827 -0.0007394696585834026 6.24293077260898e-05 0.999999976853494 -0.00020590190079954873 -0.018145516514778137 -0.001993199182168031 0.0002060259262351302 0.9999979923531535 0.8428542017936707
0.9999986046545971 -1.6884268601256356e-05 -0.0016704501729259704 -0.004018088802695274 1.7428659356390985e-05 0.9999999467490308 0.0003258806183276153 -0.016378991305828094 0.001670444581716988 -0.00032590927731862844 0.9999985516979724 0.7992695569992065
0.9999953364195212 4.804247200979865e-06 -0.0030540327647095747 -0.0050087301060557365 -3.7328762094826795e-06 0.9999999384588732 0.0003508109398128558 -0.019944682717323303 0.003054034262143433 -0.0003507979034515548 0.999995274896615 0.9517566561698914
0.9999979391306004 4.0167881483500006e-05 -0.002029808141999938 -0.003900795243680477 -4.003412808150639e-05 0.9999999970249096 6.593519103148814e-05 -0.022879764437675476 0.0020298107844380145 -6.585379354853287e-05 0.9999979377636022 1.0462795495986938
0.9999998183649238 -1.2347506032941036e-05 -0.0006025924482512781 -0.0028292126953601837 1.2397188138871791e-05 0.9999999965246805 8.244361047378273e-05 -0.020699389278888702 0.0006025914281840992 -8.245106595108327e-05 0.9999998150426792 0.9770755171775818
0.9999993461856591 3.187190301476362e-05 -0.0011430714921020222 -0.0033866935409605503 -3.190350082784208e-05 0.9999999991095219 -2.7624678518803536e-05 -0.01876768469810486 0.0011430706106330675 2.7661128439687117e-05 0.9999993463120068 0.8832666873931885
0.9999996411898922 8.85019510300339e-05 -0.0008424888673781207 -0.0032922050449997187 -8.838116709637192e-05 0.9999999858123515 0.00014340176441678186 -0.015316537581384182 0.0008425015467611169 -0.00014332725281341474 0.9999996348241544 0.7539274096488953
0.9999998890287526 -5.3896157283514636e-05 -0.0004680146222752922 -0.002696871291846037 5.404937194437562e-05 0.9999999449553936 0.00032736504873005095 -0.01873423159122467 0.0004679969527954561 -0.0003273903082983379 0.9999998368972057 0.896072268486023
0.9999998326197097 3.859820169874979e-05 -0.0005772960515226307 -0.002827615011483431 -3.86034551638413e-05 0.9999999992135817 -9.088982982780915e-06 -0.01946805790066719 0.0005772957002502363 9.111267083705522e-06 0.9999998333233157 0.915655255317688
0.9999981242225624 -1.1872715150653593e-05 -0.0019368558015146495 -0.004033389035612345 1.2425051579156824e-05 0.9999999592647243 0.0002851598993989244 -0.019643764942884445 0.001936852336994036 -0.0002851834300356541 0.999998083634882 0.930183470249176
0.9999959487564053 -0.000274487798836333 -0.002833218527553675 -0.005661389324814081 0.0002757594050835917 0.9999998614293707 0.0004484395052221008 -0.030061088502407074 0.0028330950437801014 -0.00044921897514005766 0.9999958858789296 1.4967305660247803
0.9999924021647384 -0.0005294163898772768 -0.003862037167353129 -0.006309406831860542 0.0005324850254511778 0.9999995433459283 0.0007935790018947067 -0.043570324778556824 0.0038616152700078664 -0.0007956294493715348 0.9999922274204363 2.2810583114624023
0.9999882574416309 0.00012736668897080967 -0.004844456272585022 -0.00631806580349803 -0.00012448984685501844 0.9999998157505374 0.0005941390149661596 -0.025694500654935837 0.0048445310535156815 -0.0005935289526346271 0.9999880890501915 1.2823036909103394
0.9999991189367 7.626284701380376e-05 -0.001325258390607036 -0.003592210356146097 -7.619486391285018e-05 0.9999999957788417 5.134841025463033e-05 -0.017620421946048737 0.0013252623009888664 -5.124738713070887e-05 0.9999991205263826 0.8427804708480835
0.999996953131118 4.0100345128795326e-05 -0.002468222121908319 -0.004554367158561945 -3.9411427276109e-05 0.9999999602573733 0.00027916301953890497 -0.0172701608389616 0.002468233218348119 -0.00027906489280912886 0.9999969149690241 0.8399443626403809
0.9999956606085207 -3.223803772198623e-06 -0.002945972460022521 -0.005012712441384792 4.301092081270231e-06 0.9999999331314738 0.0003656754688440133 -0.021228134632110596 0.002945971084163729 -0.0003656865529338191 0.9999955937541506 0.9992736577987671
0.9999994362603386 5.810827073555077e-05 -0.001060236970406676 -0.003195506986230612 -5.801661155266428e-05 0.9999999945774549 8.648215126997027e-05 -0.019555028527975082 0.001060241989985753 -8.642059116008576e-05 0.9999994342090418 0.924734354019165
0.9999997033080836 7.712330698046053e-05 -0.0007664435660862986 -0.0028954637236893177 -7.700819134303512e-05 0.999999985751407 0.00015022291441834054 -0.020774293690919876 0.0007664551408535004 -0.00015016384741562536 0.9999996949986214 1.0297279357910156
0.999992608220243 -9.46452665393468e-05 -0.003843767312038326 -0.0057207695208489895 9.676322219509772e-05 0.9999998436126065 0.0005508281414484632 -0.02736431360244751 0.0038437145776453094 -0.0005511960051586387 0.9999924609921864 1.2615458965301514
0.9999999671960483 -2.5574056816848948e-05 -0.00025486049032426213 -0.0023237778805196285 2.549998921639141e-05 0.999999957445118 -0.00029061918762985663 -0.027341991662979126 0.0002548679117903206 0.0002906126791566439 0.9999999252933062 1.2102614641189575
0.9999987817190974 -1.7378361231594116e-06 -0.001560947564976316 -0.003764860797673464 2.400786657597578e-06 0.9999999098084406 0.00042470854320711236 -0.02403201162815094 0.001560946686118173 -0.0004247117732948923 0.9999986915318202 1.1457674503326416
0.999993838401025 -5.808711992529084e-05 -0.003509955252044491 -0.0064046490006148815 5.868389827746261e-05 0.9999999838414011 0.0001699217401086134 -0.03174620121717453 0.0035099453250640364 -0.00017012667097596315 0.9999938256513041 1.567417860031128
0.9999603052690856 -0.0004450394503343562 -0.008898866559529461 -0.011982515454292297 0.00045625265740541817 0.999999104532479 0.0012580809800976013 -0.04035578668117523 0.008898298695215625 -0.0012620911724273095 0.999959612887542 2.16874623298645
0.9998591492113265 8.380968250788465e-05 -0.016783167589580802 -0.016771044582128525 -5.759991681800212e-05 0.999998778188625 0.0015621470824283953 -0.038713641464710236 0.01678327800676674 -0.0015609603437227086 0.9998579323994752 1.9391266107559204
0.999789451961903 0.0007447474458549917 -0.020506025869462815 -0.020819198340177536 -0.0006983500125779238 0.9999971803980209 0.002269692328831941 -0.04671384394168854 0.02050765839819647 -0.0022548940661411597 0.9997871530479739 2.312422275543213
0.9999837370131963 0.00014747456094419802 -0.005701224462919987 -0.007372720632702112 -0.00014407201869893853 0.9999998112886587 0.0005972151208255223 -0.026918716728687286 0.005701311461072004 -0.0005963840214064648 0.9999835695518817 1.317261815071106
0.9999776059935728 6.85648444083833e-05 -0.006691995982177644 -0.008831804618239403 -6.498020163750807e-05 0.9999998543065992 0.0005358771819399754 -0.0377608947455883 0.0066920317495335925 -0.0005354303342546393 0.9999774647587918 1.794490098953247
0.9999442064506711 0.00034334386643915834 -0.010557750741857896 -0.011768593452870846 -0.0003309917035263019 0.9999992587971652 0.0011716866527548533 -0.035812295973300934 0.01055814520784873 -0.001168126752294341 0.9999435789331619 1.784525990486145
0.9999776787025758 0.00022474006624963912 -0.006677693352512569 -0.007987813092768192 -0.00022021031731305708 0.9999997451870845 0.0006790678772622808 -0.028584349900484085 0.0066778442647097815 -0.0006775822226141454 0.9999774733854295 1.3830819129943848
0.9998621856075551 0.0005526484337499272 -0.01659229856865401 -0.0162433423101902 -0.0005288802586819066 0.9999988278930688 0.001436836163346668 -0.0474291630089283 0.016593073185961087 -0.0014278628074846564 0.9998613059470038 2.1879186630249023
0.9999795300065113 1.2134525301920698e-05 -0.006398392040990947 -0.008109277114272118 -8.48272881545236e-06 0.9999998370785652 0.000570763424232456 -0.03150946646928787 0.006398397924498947 -0.0005706974648843396 0.9999793671913453 1.4741144180297852
0.9999654182655804 9.780997270636946e-05 -0.008315810613061426 -0.009412058629095554 -9.103478610468853e-05 0.9999996636539786 0.0008151101750483909 -0.028671275824308395 0.008315887541975585 -0.0008143249590843475 0.9999650908353003 1.404553771018982
0.9999907852861543 4.613746795453535e-06 -0.0042929385616122025 -0.0059072100557386875 -3.841215692712161e-06 0.9999999837994359 0.00017996214308954969 -0.029174886643886566 0.004292939322363937 -0.00017994399468692734 0.9999907691034619 1.3620264530181885
0.9999933607687855 -2.615176654113162e-05 -0.0036438625707526165 -0.005471276585012674 2.6929158750899297e-05 0.9999999768902446 0.00021329400056290196 -0.02485843002796173 0.003643856908528936 -0.00021339071060834985 0.9999933383634286 1.1384291648864746
0.999990867513219 -0.00029228657164799034 -0.00426373764669843 -0.006427502725273371 0.0002938798596270615 0.9999998872298029 0.0003730616698670121 -0.02939598634839058 0.004263628124959396 -0.0003743112895073419 0.9999908406411884 1.4732420444488525
0.9999797878864585 0.00026804818486458724 -0.006352319948189628 -0.0079978471621871 -0.00026373236338915 0.9999997338616472 0.0006802366318528544 -0.027284573763608932 0.006352500593788106 -0.0006785475704798763 0.9999795924464662 1.3316569328308105
0.9999890878771047 0.00017739666881010243 -0.00466826061165729 -0.006526892073452473 -0.00017497824999736423 0.9999998502914376 0.0005184589808593913 -0.02226158231496811 0.004668351885674824 -0.0005176364792989166 0.9999889692107344 1.0920206308364868
0.9999943585978763 -2.0156076094937126e-05 -0.0033589233624412864 -0.005343890283256769 2.115407347539646e-05 0.9999999556471055 0.00029708297216979557 -0.020088523626327515 0.003358917225436319 -0.0002971523511168927 0.9999943146716151 0.9503500461578369
0.9999901525513234 3.705436071367271e-05 -0.004437727724329296 -0.006144592072814703 -3.668020410894447e-05 0.9999999957661065 8.439401367915963e-05 -0.026729874312877655 0.004437730832706655 -8.4230405854733e-05 0.9999901496766331 1.2155407667160034
0.999997474353022 -8.641311428229504e-06 -0.0022474903569764514 -0.00430765375494957 8.932918670158344e-06 0.9999999915441358 0.00012973793311034368 -0.021924465894699097 0.0022474892168660937 -0.00012975768208669584 0.9999974659743712 1.0215132236480713
0.9999990146419898 -3.0275406205776725e-05 -0.001403495083532373 -0.003570729400962591 3.048289643412486e-05 0.9999999886104529 0.00014781707398858795 -0.023362448439002037 0.0014034905923252401 -0.00014785971093112714 0.9999990041753358 1.0901825428009033
0.9999991299073876 -1.101733526286023e-05 -0.0013191145081817629 -0.0034493422135710716 1.117162554735415e-05 0.9999999930980418 0.00011695773128817102 -0.023533895611763 0.0013191132105147526 -0.00011697236617745258 0.9999991231285171 1.0985578298568726
0.9999981008716339 -2.9844772236699884e-05 -0.0019486822252259039 -0.004030483774840832 3.0241716948588497e-05 0.9999999788020051 0.00020366989881556317 -0.023548094555735588 0.0019486761054360068 -0.00020372844351655906 0.9999980805762365 1.0963020324707031
0.9999982955696711 -4.4485438554035005e-06 -0.0018463038654011115 -0.00388836907222867 4.623335165709839e-06 0.9999999955084227 9.46666761685345e-05 -0.02344614826142788 0.001846303435979434 -9.467505089736798e-05 0.9999982910986684 1.0878326892852783
0.9999961645650903 -2.67228244410238e-05 -0.0027695019407860235 -0.004760561510920525 2.7169266852226243e-05 0.9999999866443152 0.00016116203262989205 -0.022277776151895523 0.0027694975970927235 -0.00016123665984068292 0.9999961519354961 1.0335735082626343
0.9999945988980531 -2.3378529873481733e-05 -0.003286583053302298 -0.0051905144937336445 2.3910047255114562e-05 0.9999999866432644 0.00016168420048200602 -0.022771790623664856 0.003286579229465366 -0.0001617619095652683 0.9999945861003713 1.0498318672180176
0.9999952604470991 -1.0325029257515224e-05 -0.0030787946882025775 -0.005030334927141666 1.0645401671634532e-05 0.9999999945310344 0.0001040413696209053 -0.02255827561020851 0.00307879359713457 -0.00010407365151745051 0.9999952550880735 1.0403313636779785
0.9999948539012559 -2.0869050498926705e-05 -0.003208073485527205 -0.005196418147534132 2.1496346221378778e-05 0.9999999806583934 0.00019550222480944063 -0.020854637026786804 0.0032080693435321073 -0.00019557018059403558 0.9999948350083571 0.9768346548080444
0.9999953239512345 1.7676340452139216e-05 -0.003058065272805198 -0.00508262449875474 -1.7209840509625926e-05 0.99999998821255 0.00015257365902454482 -0.019838282838463783 0.0030580679337023475 -0.00015252031676706186 0.9999953124680465 0.9335609078407288
0.9999970547436347 1.8569591551057234e-05 -0.00242696502377043 -0.004516119137406349 -1.810372493709491e-05 0.9999999814086915 0.00019197622721261654 -0.019331227988004684 0.0024269685435701015 -0.00019193172468618902 0.9999970364885596 0.918633759021759
0.9999999965475309 2.4503703630817893e-05 7.94009238901794e-05 -0.0022220045793801546 -2.4507739110241805e-05 0.9999999984081707 5.082351211677988e-05 -0.019113553687930107 -7.93996783995083e-05 -5.082545787844109e-05 0.999999995556232 0.9106569290161133
0.999999963288315 -1.8101946764409846e-06 -0.00027096142180389185 -0.0025553773157298565 1.8374153429412793e-06 0.9999999949522715 0.00010045934953335679 -0.019827716052532196 0.00027096123858517246 -0.00010045984371399854 0.9999999582439127 0.9423424005508423
0.9999987204550951 -5.5889124722762305e-06 -0.0015997052655681153 -0.003975200932472944 5.798639054696883e-06 0.999999991389759 0.00013109865638217952 -0.027835097163915634 0.0015997045190953515 -0.00013110776474899063 0.9999987118772732 1.3386223316192627
0.9999996110783317 -0.0008816910921281623 2.1540737838189215e-05 -0.003731217235326767 0.0008816627613815113 0.9999987900704602 0.0012816116380547902 -0.036882758140563965 -2.2670697340254888e-05 -0.0012815921479418491 0.9999991785034654 2.083627700805664
0.9995855712848914 7.347542145548817e-05 -0.028786807402340443 -0.04042768478393555 -1.3916583682375504e-05 0.9999978591938121 0.0020691578289965974 -0.04051530733704567 0.02878689780760857 -0.0020678996965620066 0.999583432388442 2.1566953659057617
0.9988670936476842 -0.000357917424722058 -0.04758572394054203 -0.05679035559296608 0.00046104954817040723 0.9999975688276628 0.0021563330164661946 -0.0464593805372715 0.04758483646228624 -0.0021758294696162805 0.9988648302473045 2.3953566551208496
0.9998677778914246 0.00047470857581196295 -0.01625427286079602 -0.016568675637245178 -0.00045085196228483525 0.9999988159356035 0.0014713462880517792 -0.04415653273463249 0.016254952075391158 -0.0014638234727283252 0.9998668080068803 2.1067585945129395
0.9999629224096737 0.0002232317263902659 -0.008608366482752467 -0.009993055835366249 -0.0002131944997779044 0.9999992964634256 0.001166885066885325 -0.042356379330158234 0.008608620912219781 -0.0011650065452126618 0.9999622664909609 1.9869235754013062
0.9999876289126228 6.448870823552254e-05 -0.004973717213244276 -0.00660425191745162 -6.370960610938346e-05 0.999999985677092 0.00015680211120577136 -0.029003944247961044 0.004973727253971783 -0.00015648329782859746 0.9999876186984422 1.3353941440582275
0.999997239489576 -2.9303222535973055e-05 -0.002349500914838283 -0.004365329165011644 2.9671119083850793e-05 0.9999999873058182 0.00015655027418875055 -0.023181084543466568 0.0023494962975857685 -0.00015661955435151853 0.9999972276648885 1.0741465091705322
0.9999948163017146 -2.1796155549186395e-05 -0.003219766238070441 -0.0051628779619932175 2.2307430997803126e-05 0.9999999871493133 0.00015875689597478747 -0.022713270038366318 0.003219762736404234 -0.00015882789774012283 0.9999948039373107 1.0495970249176025
0.9999939979375142 -3.4969782568356617e-05 -0.003464515270767369 -0.005378329195082188 3.575438141722793e-05 0.9999999737310962 0.00022640545824005798 -0.022168762981891632 0.0034645072624087028 -0.00022652797094076732 0.9999939729190909 1.029297113418579
0.9999964174563531 -7.895840613075435e-06 -0.002676754025757574 -0.004674613010138273 8.253370585199235e-06 0.9999999910471429 0.00013355746225228842 -0.02262740582227707 0.0026767529472445433 -0.00013357907601979058 0.9999964085686955 1.048780918121338
0.999999267047485 -2.270528746760238e-05 -0.001210532512053537 -0.003458465915173292 2.2961984332130883e-05 0.9999999772560262 0.00021203936972941854 -0.021796565502882004 0.001210527670106373 -0.00021206701054320452 0.9999992448248863 1.0271947383880615
0.9999977989808698 -4.051199762893644e-05 -0.00209771117977602 -0.004185354802757502 4.0977706420349386e-05 0.9999999745260592 0.0002219655571207611 -0.02448103576898575 0.002097702134070926 -0.00022205102796320322 0.9999977751670739 1.137558937072754
0.999995692541322 -6.292711866088736e-06 -0.0029351080394565145 -0.004839369095861912 6.650740971250335e-06 0.9999999925393198 0.00012197183187297178 -0.025271140038967133 0.0029351072500250187 -0.00012199082712763918 0.9999956851225252 1.1611783504486084
0.9999921018703434 -3.076246188885107e-05 -0.003974323917800459 -0.005817526485770941 3.1474995149017035e-05 0.9999999834444494 0.00017922172188145058 -0.02325507625937462 0.003974318338701949 -0.00017934539819108728 0.9999920862831719 1.0693496465682983
0.9999935637962651 -2.7973848298892277e-05 -0.003587698915613566 -0.005478264763951302 2.8642610544947927e-05 0.9999999822260833 0.00018635298259669973 -0.022137470543384552 0.003587693638836039 -0.00018645454425372955 0.9999935468237068 1.0254766941070557
0.9999938286429424 -1.9790461897842855e-05 -0.003513158744923075 -0.00543511938303709 2.035711884653995e-05 0.9999999867904182 0.00016125988610405398 -0.021517397835850716 0.003513155507108086 -0.00016133040870181496 0.9999938158363191 0.9994171857833862
0.9999932587073417 -2.471026703471459e-06 -0.0036718569914096838 -0.005612493958324194 3.18099414039884e-06 0.9999999813032245 0.00019334795466601428 -0.02005450241267681 0.0036718564449898395 -0.00019335833140644105 0.9999932400185527 0.9447689652442932
0.9999920488946022 -3.25778351419648e-05 -0.0039876166139413746 -0.006061928812414408 3.300577510265606e-05 0.9999999937038706 0.00010725146743388299 -0.023510685190558434 0.003987613094814201 -0.00010738222904331673 0.9999920436737798 1.1026406288146973
0.9998584465812517 -0.00031559324128284323 -0.016822223427132812 -0.023513903841376305 0.00035428746408048395 0.9999972985479355 0.002297254279334008 -0.04426244646310806 0.016821452984778537 -0.0023028889980152285 0.9998558573223161 2.4529356956481934
0.9999416589728944 4.680988200396633e-06 -0.010801788214183214 -0.011316963471472263 3.798201388884546e-06 0.9999996919120107 0.0007849595259627018 -0.03477919474244118 0.01080178856066828 -0.0007849547579847184 0.9999413508850999 1.680349588394165
0.9999879730427566 3.1182904213772854e-05 -0.004904365144004105 -0.007068395148962736 -2.9829740246912946e-05 0.9999999614717776 0.00027598302465372843 -0.030151139944791794 0.004904373560999856 -0.0002758334094793693 0.9999879354451755 1.4121415615081787
0.9999936962949819 -2.6724072281993698e-05 -0.003550585321294147 -0.005465238355100155 2.7256461613449865e-05 0.9999999883941674 0.00014989579935610113 -0.023341713473200798 0.003550581274260471 -0.00014999163084971362 0.9999936854176259 1.0766308307647705
0.9999963953504144 -1.216253391403807e-05 -0.0026849838454726465 -0.004680481273680925 1.2382572534735844e-05 0.9999999965666676 8.193495390737134e-05 -0.022208744660019875 0.0026849828397175492 -8.196790556779486e-05 0.9999963920676979 1.0268315076828003
0.9999964146804042 -1.8583419940250276e-05 -0.0026777380367209503 -0.004725117236375809 1.8935842113918743e-05 0.9999999911632 0.00013158660108220324 -0.02008466050028801 0.002677735567729249 -0.00013163683452686964 0.9999964061955288 0.9455781579017639
0.9999928250384152 -2.0184075277973178e-05 -0.003788068675845948 -0.005688452161848545 2.106821859416502e-05 0.9999999725490656 0.00023336237598888828 -0.019856609404087067 0.003788063861656159 -0.00023344050948171763 0.9999927980129202 0.9394544363021851
0.9999965690854824 -4.2951624333939546e-06 -0.0026195035437540297 -0.004604012705385685 4.541161891018456e-06 0.9999999955806355 9.390477705390329e-05 -0.02022651582956314 0.0026195031288412172 -9.391635046430669e-05 0.9999965646856379 0.9454134106636047
0.9999992617648812 -5.0124127123377515e-05 -0.0012140664169059195 -0.0034397398121654987 5.024341011806067e-05 0.9999999939141668 9.822049817034848e-05 -0.02002495341002941 0.001214061486300577 -9.82814244974225e-05 0.9999992581974595 0.9451528787612915
0.9999984253486425 -4.6008788986543136e-05 -0.001774030277945536 -0.003950136248022318 4.6176531289755604e-05 0.9999999944674614 9.451351981115198e-05 -0.0225466787815094 0.0017740259196780555 -9.459528954994823e-05 0.9999984219406388 1.0509107112884521
0.9999986105871703 -3.526967780174875e-05 -0.0016666072658643725 -0.003823242150247097 3.539294252374423e-05 0.9999999966406969 7.393203401443749e-05 -0.022180713713169098 0.0016666046527067148 -7.399091742749129e-05 0.9999986084761696 1.0362123250961304
0.9999986339693133 -3.623557806883451e-05 -0.001652497046982673 -0.003803336527198553 3.642067422097775e-05 0.9999999930670048 0.00011198001953685256 -0.02241440676152706 0.001652492977865179 -0.00011204005162530885 0.9999986283560518 1.045987606048584
0.999998714675979 -4.073375142522884e-05 -0.0016028060242805344 -0.0037782052531838417 4.091139266248657e-05 0.9999999930249452 0.00011079877058852408 -0.022881630808115005 0.0016028014998512952 -0.00011086420120282388 0.9999987093674076 1.0664315223693848
0.9999983218485696 -3.1807118951320936e-05 -0.001831744619757221 -0.0039807637222111225 3.194619423144479e-05 0.999999996609632 7.589582953358087e-05 -0.023652298375964165 0.0018317421995192543 -7.595421943829113e-05 0.9999983194743236 1.1005706787109375
0.9999982028337343 -3.841807157959859e-05 -0.0018954823537286553 -0.004032501019537449 3.865597247744843e-05 0.9999999913811275 0.00012547294744936347 -0.02357085421681404 0.0018954775169630583 -0.00012554599366731227 0.9999981956999653 1.0966978073120117
0.9999982412565233 -2.6661584965220056e-05 -0.0018753061137695274 -0.003982033580541611 2.6828411461240515e-05 0.9999999956854448 8.893450809715783e-05 -0.023064933717250824 0.0018753037345434717 -8.898466316820782e-05 0.9999982376572636 1.072545051574707
0.9999979608338314 3.785505008453257e-05 -0.002019132282456667 -0.00406197365373373 -3.7947314713211784e-05 0.9999999982377246 -4.565689693085871e-05 -0.022554058581590652 0.0020191305505542797 4.573342447702912e-05 0.9999979605080571 1.04635751247406
0.9999985679306107 3.193840171961857e-05 -0.001692074663349889 -0.003968801349401474 -3.166922178890851e-05 0.999999986840641 0.00015910932819670833 -0.01642615534365177 0.0016920797227809124 -0.00015905551365331285 0.9999985557827348 0.8025102615356445
0.9999987213886424 -2.626657306453682e-05 -0.0015989156161636139 -0.00382235087454319 2.6681759763482424e-05 0.9999999659357858 0.0002596468968705223 -0.018040498718619347 0.001598908741663622 -0.00025968922676540356 0.9999986880253101 0.8713544607162476
0.9999989616836713 -7.4959919362095715e-06 -0.0014410327510307565 -0.0036427490413188934 7.707591088214706e-06 0.9999999891903246 0.0001468330473164777 -0.020666897296905518 0.0014410316347943217 -0.00014684400174851673 0.999998950931783 0.9743005037307739
0.9999993463841219 -1.3542947492920563e-05 -0.001143261963654425 -0.003319231793284416 1.3625488666620505e-05 0.9999999973014608 7.219019527822287e-05 -0.021319851279258728 0.0011432609829012635 -7.220572559649374e-05 0.9999993438701138 1.0014793872833252
0.9999996265977076 -2.7943331052529025e-05 -0.000863726586313319 -0.0031036902219057083 2.8033403804611704e-05 0.9999999941707455 0.0001042719405207149 -0.02243327721953392 0.0008637236675730833 -0.00010429611478150416 0.9999996215518018 1.0534677505493164
0.9999978727070021 -3.424277504361711e-05 -0.0020623794274092183 -0.004148430656641722 3.4503887512879586e-05 0.9999999913945128 0.00012657193947471023 -0.02199631929397583 0.0020623750754869886 -0.00012664283032688185 0.9999978652830421 1.025829792022705
0.9999986517580336 -1.6548049266357807e-05 -0.001642013482596302 -0.0038315695710480213 1.674978415513121e-05 0.9999999923143287 0.00012284456573121602 -0.02127213403582573 0.0016420114371384004 -0.00012287190347843048 0.9999986443495489 0.9981116056442261
0.9999994051942664 -7.64478816183535e-05 -0.0010880104938764364 -0.0037608067505061626 7.632126189549721e-05 0.9999999903109172 -0.00011641834263869485 -0.021899037063121796 0.001088019383270289 0.00011633523505854896 0.9999994013397882 1.0720142126083374
0.9999934694882289 -6.526910325304693e-05 -0.0036134084793950716 -0.0049769142642617226 6.676402713824409e-05 0.9999999122401878 0.00041359664108234846 -0.022780317813158035 0.00361338116720115 -0.00041383518578639526 0.9999933860866178 1.1256957054138184
