0.9999995352423114 -3.857644779523255e-05 0.0009633415897152169 -0.0008320591878145933 3.850942778650764e-05 0.9999999968372113 6.95887990138816e-05 -0.013155042193830013 -0.0009633442711570435 -6.955166893856936e-05 0.9999995335650813 0.7108948826789856
0.9999896110496374 -0.00012055788090284591 0.004556671876735328 0.002876443089917302 0.000120672696210334 0.9999999924084906 -2.492225973810543e-05 -0.012027226388454437 -0.00455666883756849 2.5471866703097543e-05 0.9999896180062514 0.6587823033332825
0.9999709446480902 -0.00014649983004104606 0.007621574470268279 0.006512023508548737 0.00014647583481470312 0.9999999892655456 3.706525572138034e-06 -0.009452617727220058 -0.007621574931460202 -2.590041394598198e-06 0.9999709553726327 0.5132957696914673
0.9999869105578338 -0.00013171278241288896 0.005114818153326608 0.0036276124883443117 0.00013182822276195538 0.9999999910635143 -2.2232651251570243e-05 -0.011716807261109352 -0.005114815179293753 2.290663762547112e-05 0.9999869189849272 0.6498640179634094
0.9999976540324361 -7.630465365370429e-05 0.002164741837685427 6.388622568920255e-05 7.629527268791079e-05 0.9999999970797646 4.416105899799349e-06 -0.012762290425598621 -0.0021647421683333025 -4.25093597095301e-06 0.9999976569338921 0.6809482574462891
0.9999895473625457 -0.00010542683708364429 0.004571001075573303 0.0028496826998889446 0.00010559125537764806 0.9999999937869787 -3.5728550313601784e-05 -0.01238145399838686 -0.004570997280425523 3.621083459792096e-05 0.9999895522817415 0.6698616743087769
0.9999779922838221 -0.00014303784608751151 0.006632834099435196 0.005421713925898075 0.0001431986425585703 0.9999999894646251 -2.3767593244503968e-05 -0.011027403175830841 -0.006632830629890458 2.471688301341293e-05 0.9999780022315045 0.6154154539108276
0.9999621714354381 -0.00016392129217008278 0.008696483653366973 0.007837427780032158 0.0001644443308497223 0.9999999847131471 -5.942867405881861e-05 -0.010156365111470222 -0.008696473778800066 6.085651339250863e-05 0.9999621831050908 0.5572124719619751
0.9999714224602511 -0.00015514219673959446 0.007558451807191163 0.00645769527181983 0.00015539239776928387 0.9999999873979925 -3.251489308098615e-05 -0.010508295148611069 -0.0075584466675075535 3.368848983507969e-05 0.9999714339665212 0.5778034925460815
0.9999861604432226 -0.00012829946022954828 0.005259511504899496 0.0038245178293436766 0.00012775960763153403 0.9999999865364086 0.00010297895659736777 -0.009451180696487427 -0.0052595246462321275 -0.00010230557828805155 0.9999861633713061 0.5216025710105896
0.9999872857856681 -8.644960230591182e-05 0.00504190375542492 0.0034176164772361517 8.61045222610592e-05 0.9999999939359465 6.865943674472565e-05 -0.010064352303743362 -0.005041909660431548 -6.822443307978386e-05 0.9999872871653933 0.5601641535758972
0.9999935288648233 -6.038682889119077e-05 0.003597024035012443 0.0018777006771415472 6.019395163590844e-05 0.9999999967449101 5.372957757146972e-05 -0.011101920157670975 -0.0035970272678626145 -5.351271078931354e-05 0.9999935292446765 0.6111953258514404
0.9999933037087161 -6.467445807337083e-05 0.0036590101041327205 0.00164309935644269 6.506429794264216e-05 0.9999999922203373 -0.00010642350576888739 -0.013479918241500854 -0.003659003192784294 0.00010666086404968372 0.9999933001371036 0.7121376395225525
0.9999765652288315 -0.00014238849996036946 0.006844612382260433 0.005555343814194202 0.00014238935132067989 0.9999999898625703 3.6292166195638285e-07 -0.010485471226274967 -0.006844612364549528 6.116867601812736e-07 0.9999765753662456 0.5745668411254883
0.9999682558930473 -0.00016760072916642384 0.007966123035271217 0.006957681383937597 0.00016766821047277324 0.9999999859132408 -7.803192270502042e-06 -0.009795215912163258 -0.007966121615233643 9.138610158861893e-06 0.9999682699080493 0.5343814492225647
0.9999594157968413 -0.0001899507892935887 0.00900725695965975 0.008551952429115772 0.00019000801935964884 0.9999999819333619 -5.498030531895305e-06 -0.008926356211304665 -0.009007255752573658 7.209258453475588e-06 0.9999594338231098 0.4962923526763916
0.9999992424239081 -8.119890221771372e-05 0.0012282338329877302 -0.000956282252445817 8.108050425495149e-05 0.9999999920620212 9.644640920731515e-05 -0.015516613610088825 -0.0012282416545805863 -9.634675032329972e-05 0.999999241069583 0.7993589639663696
0.9999988839759407 3.7762751192798586e-05 0.0014935263130457122 -0.0008036900544539094 -3.757020042061015e-05 0.9999999909800038 -0.0001289514346910983 -0.014652272686362267 -0.0014935311691350545 0.0001288951786952801 0.9999988763747086 0.7464193105697632
0.9999808853772348 -0.00012249816518746109 0.0061817371637016005 0.0046083941124379635 0.00012258176977783186 0.9999999924004519 -1.3145563271674963e-05 -0.01132808718830347 -0.006181735506415811 1.3903080281019925e-05 0.9999808927938739 0.6217469573020935
0.9999987584009126 -6.62509594804975e-05 0.0015744228922934507 -0.0004349500231910497 6.629537697738766e-05 0.9999999974059758 -2.8159750905687645e-05 -0.013811198994517326 -0.0015744210225988433 2.8264092901733038e-05 0.9999987601990238 0.7249575853347778
0.9999927171425271 -7.654156094970148e-05 0.0038157310302826463 0.001853367779403925 7.660613882620801e-05 0.9999999969249997 -1.6777964634599272e-05 -0.012652337551116943 -0.003815729734337669 1.707015086410345e-05 0.9999927199311026 0.6725636720657349
0.9999909514552782 -7.572968088521113e-05 0.00425338366282785 0.0023451403249055147 7.607967201411715e-05 0.9999999937337988 -8.212360342226036e-05 -0.013224249705672264 -0.0042533774169810105 8.244645635718021e-05 0.9999909509506227 0.6947828531265259
0.9999991045155638 -2.2861100963791e-05 0.0013380752746343684 -0.0009282724931836128 2.3007862334382956e-05 0.9999999937220404 -0.00010966566209848552 -0.016418108716607094 -0.0013380727591562123 0.00010969635014630374 0.9999990987635948 0.8226144313812256
0.9999983614415786 -5.328176494808131e-05 0.0018094958444436415 -0.0005103062139824033 5.32878168225671e-05 0.9999999985747713 -3.296296723638316e-06 -0.01498084794729948 -0.0018094956662321894 3.39271540556347e-06 0.9999983628556214 0.7652992606163025
0.9999974165533594 -1.1427009491711939e-05 0.0022730499401693253 -7.232528878375888e-05 1.187121294128902e-05 0.99999998083732 -0.00019540837711243898 -0.01517103984951973 -0.002273047663678217 0.0001954348561451895 0.9999973975263814 0.7665940523147583
0.9999979220119743 -5.0748808913049516e-05 0.002037988295321369 -0.0003915523993782699 5.0904850948713124e-05 0.9999999957770832 -7.651489984455373e-05 -0.014876623637974262 -0.0020379844036750826 7.661848433791662e-05 0.9999979203724267 0.7586958408355713
0.9999988121502784 -5.2118917999652e-05 0.001540448522463694 -0.0009175244485959411 5.223703930186523e-05 0.9999999956988258 -7.66396766341573e-05 -0.016198210418224335 -0.0015404445214609345 7.672005406774918e-05 0.9999988105716474 0.813106894493103
0.9999941885598738 -7.518632668688417e-06 0.0034092213113395085 0.0010348972864449024 8.618809294193498e-06 0.9999999478979364 -0.0003226915559538542 -0.015352771617472172 -0.003409218707512769 0.0003227190640795217 0.9999941365229147 0.7744784355163574
0.9999764419960979 -0.0001442783572099204 0.006862553211469913 0.005511305294930935 0.00014434478185157158 0.9999999895401189 -9.183998128593996e-06 -0.0098920539021492 -0.006862551814636261 1.0174355518184671e-05 0.9999764523622913 0.5310776829719543
0.999996570577067 -7.672803143908423e-05 0.002617813384032099 7.913779700174928e-05 7.668412661231322e-05 0.999999996917441 1.6871933203541296e-05 -0.01412194687873125 -0.0026178146705127573 -1.6671130609558122e-05 0.999996573378341 0.732967734336853
0.9999997971670563 -3.6123154193257344e-05 0.0006358938303041297 -0.0017647058703005314 3.615763135803279e-05 0.9999999978771122 -5.4207016736669936e-05 -0.015427041798830032 -0.0006358918708257747 5.4229998156400163e-05 0.999999796350297 0.7715708017349243
0.9999997672634786 -5.224600236276387e-05 0.0006802524118646794 -0.001728386152535677 5.230787821216681e-05 0.9999999944966593 -9.094265878057244e-05 -0.015702832490205765 -0.0006802476567306531 9.097822017520773e-05 0.9999997644930168 0.7865085601806641
0.9999998599680772 -6.990611144199798e-05 0.0005245731229396698 -0.0017850659787654877 6.993524488266906e-05 0.9999999960133349 -5.5519287822636406e-05 -0.015546828508377075 -0.0005245692397108508 5.5555966197975434e-05 0.9999998608703139 0.7846320867538452
0.9999999763781179 -5.8965987301010094e-05 0.00020920510439581728 -0.002082014922052622 5.896942122890311e-05 0.9999999981266917 -1.6408038396968327e-05 -0.015518300235271454 -0.00020920413648772788 1.6420374713303933e-05 0.9999999779819999 0.780249297618866
0.9999987675685631 1.4098695602685613e-05 -0.001569924387280603 -0.004947300534695387 -1.3725874107024475e-05 0.9999999717055534 0.0002374878790123913 -0.011397801339626312 0.001569927691129777 -0.00023746603774036593 0.9999987394676684 0.6086203455924988
0.9999999844925243 2.193137308397406e-05 0.00017473970997081023 -0.002859993139281869 -2.197462877388732e-05 0.9999999691191735 0.00024754548584511 -0.010708767920732498 -0.00017473427556229828 -0.00024754932184656303 0.9999999540936321 0.5796752572059631
0.9999826693812337 -8.084880382917947e-05 0.005886798845974642 0.004337668884545565 8.103771838860588e-05 0.9999999962091468 -3.1852699067082676e-05 -0.01102986466139555 -0.005886796248406034 3.232919978718894e-05 0.9999826721422489 0.587995707988739
0.9999862928806714 -7.74929906373851e-05 0.005235269392150466 0.003312460845336318 7.791973652724559e-05 0.9999999936586215 -8.130972720993134e-05 -0.012058479711413383 -0.005235263058017711 8.171654349948343e-05 0.9999862925776132 0.6416066288948059
0.9999987081201217 -4.19232292025735e-05 0.0016068604576891235 -0.0002536246320232749 4.139361506119445e-05 0.9999999448161573 0.00032962744271788474 -0.00855357013642788 -0.0016068741880632211 -0.0003295605031155815 0.9999986546717042 0.4580271244049072
0.9999804925900191 -0.0001730517888669596 0.006243756281380614 0.0053172484040260315 0.00017146451678209655 0.9999999528506943 0.0002547518965403476 -0.007496939040720463 -0.0062438000722632525 -0.00025367634433696626 0.9999804751138744 0.40571141242980957
0.9999820985077408 -0.0001150851587521151 0.005982425884281466 0.0056148855946958065 0.00011419222605660037 0.9999999822898885 0.0001496006613213656 -0.00867006927728653 -0.005982442995147895 -0.0001489148367173403 0.999982093939777 0.4836121201515198
0.9999875576023171 -0.0001481386157151563 0.004986250645870336 0.0038193382788449526 0.00014801394925546688 0.9999999887240903 2.5371054665250518e-05 -0.010707039386034012 -0.00498625434807874 -2.463270433842584e-05 0.9999875682531291 0.5972728133201599
0.9999219268533057 0.0002837868330442059 -0.012492384200199956 -0.017194168642163277 -0.0002731090603482769 0.9999995959606968 0.0008564402396826329 -0.008820172399282455 0.01249262219924906 -0.0008529615913877391 0.9999216003503025 0.4964151680469513
0.9999277720623682 0.0002914287729627105 -0.012015228989036258 -0.01666056178510189 -0.00028029396514798067 0.999999529756015 0.0009283981052141623 -0.00786278024315834 0.012015493900867723 -0.0009249632527582235 0.9999273835380743 0.4536786675453186
0.999990894489517 5.745225405344772e-05 -0.00426704081238697 -0.0074707986786961555 -5.583351510467909e-05 0.999999926439975 0.00037947682865743896 -0.010383900254964828 0.004267062300302507 -0.0003792351294395468 0.999990824137923 0.5704710483551025
0.9999927452693484 0.00010417702302174413 -0.0038076969180616876 -0.00774518633261323 -0.00010237262993128743 0.9999998823876565 0.0004740722706281011 -0.009445064701139927 0.003807745857667381 -0.00047367902741398516 0.999992638322734 0.521323025226593
0.9999960547632603 -2.1913350895628358e-05 0.0028089104149549627 0.0006310331518761814 2.1898388438144154e-05 0.9999999997458785 5.357538696156441e-06 -0.011984862387180328 -0.0028089105316427844 -5.2960069480433105e-06 0.999996054989007 0.642522394657135
0.9999966864881406 -4.5313327171837356e-05 0.0025738996565037647 0.0004907568800263107 4.5561734799396764e-05 0.9999999943106019 -9.645166834265309e-05 -0.013445294462144375 -0.002573895271313821 9.656862008245606e-05 0.9999966828633152 0.7072132229804993
0.9999990974680698 -4.693591713858229e-05 0.0013427062468164372 -0.0008859395748004317 4.7011238733502945e-05 0.99999999732331 -5.606534682326197e-05 -0.016512874513864517 -0.0013427036117439563 5.612841850641435e-05 0.9999990969978979 0.8296087980270386
0.9999972893074109 3.0346843241029313e-05 0.0023281874709261737 0.00012339843669906259 -2.9860855436431342e-05 0.9999999777605985 -0.00020877531529216227 -0.015203515067696571 -0.0023281937548204432 0.00020870522769696407 0.9999972679742521 0.772109866142273
0.999977001028085 -0.00013054620591609282 0.006780882875053941 0.005526373628526926 0.0001312683613691009 0.999999985760606 -0.00010605378205191095 -0.011317487806081772 -0.006780868933579409 0.00010694145830760021 0.9999770039256052 0.617453932762146
0.9999947561148265 -9.495685253788141e-05 0.0032370860422808252 0.001351318322122097 9.486956840801818e-05 0.9999999951322076 2.71173368917702e-05 -0.01141876820474863 -0.003237088601500322 -2.681009373583852e-05 0.9999947602555751 0.6216563582420349
0.999999685322105 4.0706492797350655e-05 -0.0007922743667487941 -0.0035060271620750427 -4.04091025139364e-05 0.9999999287303033 0.0003753751359476595 -0.009053606539964676 0.0007922895904889082 -0.00037534300272929676 0.9999996156973436 0.49106401205062866
0.9999996470984353 -9.458750842157586e-05 0.0008347791373744893 -0.0013174423947930336 9.449127323641334e-05 0.9999999888862448 0.00011532089836487496 -0.014980398118495941 -0.0008347900360134036 -0.00011524197832438777 0.999999644922378 0.7741374373435974
0.9999715407974156 0.00015193611282192623 -0.007542844997753559 -0.010621191933751106 -0.00014888131102912085 0.9999999066804887 0.000405553164423267 -0.013957969844341278 0.007542905912030295 -0.000404418634051447 0.9999714701010077 0.7185424566268921
0.9998993386937052 0.00034024835108684793 -0.014184382642546524 -0.01861080341041088 -0.0003287830767487099 0.9999996173929133 0.000810626742133381 -0.0101127028465271 0.014184653029913565 -0.000805881558419603 0.9998990679930322 0.563368022441864
0.9999919226476853 0.00010120624951714998 -0.004018009044398994 -0.007564155384898186 -9.899767955679522e-05 0.9999998439251544 0.0005498628249284032 -0.008805775083601475 0.004018064066843113 -0.0005494606099208076 0.9999917765932842 0.48467475175857544
0.9999852269105253 0.0001314809960791422 -0.005434029209791266 -0.009132137522101402 -0.00012843848706151957 0.9999998348148392 0.000560244454830869 -0.009027188643813133 0.005434101973669246 -0.0005595382397990565 0.9999850786150251 0.4899762272834778
0.9999988803181807 -4.054745903701336e-05 -0.001495900494211716 -0.004358185920864344 4.0837343516765355e-05 0.9999999803954808 0.0001937559021845865 -0.014061293564736843 0.0014958926085757987 -0.00019381677384197444 0.999998862369534 0.7259204387664795
0.9999989573608012 -4.906187960581874e-05 -0.0014432152447738328 -0.0035338427405804396 4.922563731761315e-05 0.9999999923550115 0.00011343197966185338 -0.01824236288666725 0.0014432096685543388 -0.00011350290458343546 0.9999989521309227 0.8976865410804749
0.9999995190977226 -1.097350546988131e-05 -0.0009806548351596665 -0.003170607378706336 1.0983216631883206e-05 0.9999999998907058 9.897347159631952e-06 -0.016206180676817894 0.0009806547264438936 -9.908113144470825e-06 0.9999995191089528 0.80357825756073
0.9999966062361154 -0.00012272938159010839 -0.002602393850042812 -0.005021006800234318 0.0001239095658790183 0.9999998895632158 0.00045334311058224723 -0.019163377583026886 0.0026023379241231935 -0.00045366403353497617 0.9999965110070502 0.9607955813407898
0.9999970835802302 -0.000154716030046532 0.002410164721339326 -0.00011560850543901324 0.00015568957304116436 0.9999999063734403 -0.0004037497584283174 -0.020611479878425598 -0.0024101020291241388 0.0004041238184409641 0.9999970140416163 0.95075923204422
0.999999261998139 -5.284157910494487e-05 -0.0012137590141503612 -0.003407273208722472 5.3027656434045825e-05 0.9999999868474237 0.00015327498080412375 -0.015636155381798744 0.0012137508988942804 -0.00015333923048289877 0.9999992516476377 0.7890244722366333
0.999997861920905 -4.17122190504339e-05 -0.0020674655280845337 -0.004172131419181824 4.2169754847714034e-05 0.99999997463294 0.00022125964709507063 -0.018734177574515343 0.0020674562464081444 -0.00022134635853892 0.9999978383128931 0.9240565299987793
0.9999990679994138 4.436846184137359e-06 -0.001365276755042306 -0.0035054683685302734 -4.490037122217764e-06 0.9999999992311052 -3.895675845810078e-05 -0.017664823681116104 0.0013652765811474066 3.896285229369131e-05 0.9999990672504414 0.8564255833625793
0.9999994824352111 -1.7099413019021615e-05 -0.0010172693447917972 -0.003249947214499116 1.7142546148356272e-05 0.9999999989545176 4.239218949661752e-05 -0.015364066697657108 0.0010172686188467033 -4.2409606142601315e-05 0.9999994816828568 0.7735823392868042
0.9999998289643557 -7.525140677670423e-05 -0.0005800073146824484 -0.002762982388958335 7.536317058702143e-05 0.9999999785984939 0.00019267434770781834 -0.016504893079400063 0.0005799928032537036 -0.0001927180259438353 0.9999998132340379 0.8273845911026001
0.9999987729299143 -3.011711958717301e-06 -0.0015665661796163178 -0.0036971925292164087 3.011339773985489e-06 0.9999999999954371 -2.3993869388661245e-07 -0.019587991759181023 0.0015665661803317959 2.3522093641975972e-07 0.9999987729344207 0.9416974782943726
0.9999960356104516 -4.187610080872433e-05 -0.002815494587550068 -0.004829585086554289 4.2661976987694295e-05 0.9999999601510701 0.0002790659667635084 -0.019253510981798172 0.0028154827891610653 -0.00027918497500260944 0.9999959975481969 0.9459189176559448
0.9999938071829098 -9.731901044735475e-05 -0.0035179716940298895 -0.005582137033343315 9.879262628771316e-05 0.9999999074606016 0.0004187108850353597 -0.02750351093709469 0.0035179306199499103 -0.000419055841698294 0.999993724258485 1.396714448928833
0.9999939354314293 4.653268315436305e-05 -0.003482374918288502 -0.005490406416356564 -4.610456820476423e-05 0.9999999913704929 0.00012301781468450785 -0.02943948470056057 0.0034823806125863165 -0.0001228565152426005 0.999993928947344 1.4420695304870605
0.9999635189576473 0.0003488706691117381 -0.008534579257059515 -0.010111663490533829 -0.00034963483367993843 0.999999935001725 -8.804560580944685e-05 -0.039140164852142334 0.008534547985797175 9.102638001304262e-05 0.999963575939082 1.7368090152740479
0.9999987925209115 -3.708710429043346e-05 -0.0015535704894681134 -0.0036424309946596622 3.736552970596624e-05 0.99999998324777 0.00017918782611791358 -0.017627451568841934 0.0015535638178847482 -0.00017924565973663514 0.9999987771544809 0.873155415058136
0.999933480742164 -8.525348462611263e-05 -0.011533725447730025 -0.014958452433347702 9.147544336087629e-05 0.9999998505925933 0.0005389313818707642 -0.019160857424139977 0.011533677778727738 -0.0005399505852041513 0.9999333391432961 1.0020381212234497
0.9999057563697044 -4.593309687832461e-05 -0.013728665954123604 -0.015129270032048225 5.8431886011825915e-05 0.9999995842284943 0.0009100156883312346 -0.019340800121426582 0.013728618446296716 -0.000910732116993266 0.9999053433213401 1.018294095993042
0.9999995251636061 -7.34436205952347e-05 0.0009717399841264151 -0.0013640208635479212 7.363621051722019e-05 0.9999999776558539 -0.00019815650381097677 -0.01751589961349964 -0.0009717254090826306 0.0001982279649690962 0.9999995082275805 0.8429814577102661
0.9999999907693575 -8.774031533083985e-05 -0.00010374450319283937 -0.002334866439923644 8.775902518503511e-05 0.9999999798852672 0.00018035470237190744 -0.017041683197021484 0.00010372867672758889 -0.0001803638052235862 0.9999999783546295 0.8549632430076599
0.999999621617278 -2.9436607637755326e-05 -0.0008694243997195003 -0.003154596546664834 2.9503817655054543e-05 0.9999999965777886 7.729131402840228e-05 -0.0206306129693985 0.0008694221215500614 -7.731693612165868e-05 0.9999996190635603 1.0047281980514526
0.9999994245624395 -1.297111100435058e-06 -0.0010727875407901307 -0.0032738226000219584 1.2259231749512984e-06 0.9999999977975199 -6.635855224111504e-05 -0.019371425732970238 0.0010727876245017521 6.635719890080356e-05 0.9999994223615507 0.931187629699707
0.9999968351275035 -0.0001409334696354072 -0.0025119460054558716 -0.0045885443687438965 0.00014197714769592109 0.9999999036790502 0.00041531238869138446 -0.021604452282190323 0.0025118872320869256 -0.00041566771320964866 0.9999967588161903 1.0802204608917236
0.9999926197374914 0.00019000852572170827 -0.003837234330694262 -0.006363651715219021 -0.00019146130245914386 0.9999999101399845 -0.00037823615965348195 -0.03216861933469772 0.0038371621177852554 0.00037896805005412917 0.9999925662574191 1.5925102233886719
0.9998457754386181 -0.0003489504297379402 -0.01755857543043093 -0.0184027012437582 0.00038265952662169095 0.9999980903264968 0.0019164850759571344 -0.056677334010601044 0.017557873140993833 -0.0019229084630492598 0.9998439995888396 2.8913023471832275
0.9998547307977884 6.343203116385012e-05 -0.017044450054468852 -0.017265796661376953 -3.873297914215937e-05 0.999998948836309 0.001449422655132528 -0.03866945207118988 0.01704452407778485 -0.0014485519163313003 0.9998536822437107 1.9441442489624023
0.9998433639312415 0.00035355185978990807 -0.017695270660303058 -0.018082289025187492 -0.0003339889243725858 0.9999993298515231 0.0011084890179842342 -0.04655616730451584 0.017695650710198244 -0.0011024053642078786 0.9998428119701394 2.181094169616699
0.9999897597987548 7.678381382185245e-05 -0.004524864845974871 -0.0063394540920853615 -7.650987981957286e-05 0.9999999952300983 6.071277749639931e-05 -0.025461401790380478 0.004524869486150314 -6.036595891977425e-05 0.9999897609036225 1.1704164743423462
0.9998487812061878 -0.0002542771105827917 -0.017388216229733584 -0.019830340519547462 0.0002866744687876345 0.9999982277831937 0.0018607117512318045 -0.04540061205625534 0.017387712277636816 -0.0018654151342959743 0.9998470821521295 2.3823840618133545
0.9998788313137799 0.0004071615367357341 -0.01556139164962799 -0.01629106141626835 -0.00039530947883523784 0.9999996294816043 0.0007647006410343923 -0.047254741191864014 0.015561697240534264 -0.0007584564176394009 0.999878621795094 2.1733474731445312
0.9998203880906945 -0.00025085727542167055 -0.018950689401704014 -0.0188292283564806 0.00028506589556735957 0.9999983349384939 0.0018024587857806231 -0.05283575505018234 0.01895020568774052 -0.0018075372379625807 0.9998187948391074 2.5755388736724854
0.9999329950730707 0.0003331016664214978 -0.011571275101654932 -0.012815694324672222 -0.0003297373155247184 0.9999999028126401 0.00029265681772237096 -0.03912968561053276 0.011571371461546928 -0.00028882172708446645 0.9999330077282721 1.7457106113433838
0.9999905986842801 9.464670195415535e-06 -0.004336179594439922 -0.006167167332023382 -8.544844551435115e-06 0.9999999774604024 0.00021214660126428345 -0.023656107485294342 0.004336181504601792 -0.00021210755482652447 0.9999905762257685 1.1075079441070557
0.9999236200345865 0.0004572575445774684 -0.012350911402231704 -0.01334060076624155 -0.00044954266216562977 0.9999997021341545 0.0006274097522893232 -0.04035504162311554 0.012351194611159811 -0.0006218095691622121 0.9999235277482659 1.8607759475708008
0.9999900480273051 2.7850964435227564e-05 -0.004461285764452465 -0.006269180681556463 -2.7299828170251487e-05 0.999999991989079 0.00012359838802578985 -0.0231461264193058 0.004461289171047766 -0.00012347536564321913 0.9999900407767902 1.081007480621338
0.9999905798720057 2.364238467664785e-05 -0.004340461759687947 -0.006184473168104887 -2.2848054687310604e-05 0.9999999829843493 0.00018305536660306532 -0.024926554411649704 0.004340466013697561 -0.00018295447109042834 0.9999905633966979 1.164443016052246
0.9999879147016056 0.00010153737616536196 -0.004915296623373379 -0.007050951011478901 -0.00010318298202055828 0.9999999387180095 -0.0003345403556445755 -0.02756505459547043 0.0049152623538042855 0.0003350434875876678 0.9999878638972849 1.3548007011413574
0.9999548760514294 0.0003222632015309903 -0.009494314477593734 -0.010782266966998577 -0.00031915116853909267 0.999999894854696 0.0003292918594311245 -0.03541645035147667 0.00949441959796001 -0.0003262468789221932 0.9999548737615472 1.6066334247589111
0.9999829422943097 0.00013518371532589017 -0.005839250446626628 -0.007630494423210621 -0.00013451189558525483 0.9999999842895045 0.00011544496803496233 -0.02707969956099987 0.005839265961168805 -0.00011465755016230137 0.9999829447679001 1.2468140125274658
0.9999940021474915 -3.345329715446006e-05 -0.0034633148744759234 -0.005453670863062143 3.445217007823699e-05 0.9999999578319257 0.000288356020633103 -0.019164741039276123 0.0034633050819749605 -0.0002884736098293112 0.9999939611322088 0.9388893842697144
0.999957625721341 0.00026965937289606846 -0.009201850116214093 -0.01061943918466568 -0.00026932502599182 0.9999999630261156 3.757389907775094e-05 -0.03773675113916397 0.009201859908140013 -3.5094018389158916e-05 0.9999576613750408 1.6718511581420898
0.9999979277839193 4.250485983992533e-05 -0.0020353430188629847 -0.004117857664823532 -4.255648773055815e-05 0.9999999987738609 -2.5322393342943746e-05 -0.02405041828751564 0.0020353419400425915 2.5408957919682776e-05 0.9999979283666401 1.1309857368469238
0.999998993201169 -1.281431993497637e-05 -0.0014189547002591636 -0.0036406591534614563 1.2926532495721053e-05 0.9999999967902617 7.90720009856547e-05 -0.02185874618589878 0.0014189536824507718 -7.90902635400994e-05 0.9999989901570787 1.0535578727722168
0.9999993036890652 2.0772439551015276e-05 -0.001179910967148245 -0.0034105582162737846 -2.0780322755779416e-05 0.9999999997618517 -6.668927032788114e-06 -0.022924380376935005 0.0011799108283373676 6.693441319861723e-06 0.9999993038825752 1.095279574394226
0.9999978340606807 -8.389944482869773e-06 -0.002081298526452741 -0.004202214535325766 8.607109580265998e-06 0.9999999945203525 0.00010433222247228158 -0.023345131427049637 0.002081297639706404 -0.00010434991045950508 0.9999978286532581 1.1159526109695435
0.9999988410467063 3.236125641865306e-05 -0.0015221228574033869 -0.0036789686419069767 -3.241850498757189e-05 0.9999999987681534 -3.758634657612512e-05 -0.02244233340024948 0.001522121639186966 3.7635647962749396e-05 0.9999988408639648 1.062556266784668
0.9999970744024438 -1.3855956190274705e-05 -0.002418882916916392 -0.00451155798509717 1.4215331357041893e-05 0.9999999888648781 0.00014855358653504015 -0.02071203850209713 0.0024188808316298487 -0.0001485875371492083 0.9999970634643215 0.9953814148902893
0.9999939679101564 -3.958414683291884e-06 -0.0034733453085111538 -0.005447359289973974 4.630153165637186e-06 0.9999999812894136 0.0001933901087414785 -0.022985737770795822 0.0034733444780045805 -0.00019340502431574325 0.9999939492180109 1.0873140096664429
0.9999971449353522 1.0866843175790274e-05 -0.0023895612685431037 -0.0044508944265544415 -1.0719207737924282e-05 0.9999999980331586 6.179628974892623e-05 -0.022057870402932167 0.0023895619353738054 -6.177049911288398e-05 0.9999971430850003 1.0434247255325317
0.9999961732679974 -9.865350310330836e-06 -0.0027664692365232226 -0.004804914817214012 1.0255288309750877e-05 0.9999999900157459 0.00014093735384104394 -0.02067955583333969 0.0027664678185057223 -0.00014096518545118222 0.9999961633849532 0.9895283579826355
0.9999956758998342 -2.1393976986562628e-05 -0.0029407012652423394 -0.004892767407000065 2.1854793949613364e-05 0.9999999874882763 0.00015667104097027632 -0.01965024694800377 0.0029406978766324528 -0.0001567346319292213 0.9999956638557256 0.9471601247787476
0.9999972350162055 -3.029329052117599e-05 -0.0023513915582904985 -0.004346763715147972 3.064720588619168e-05 0.99999998820867 0.00015047727033752682 -0.0183076411485672 0.002351386972112797 -0.00015054891785151888 0.9999972241533127 0.8953437805175781
0.9999997688891703 -3.108073384934672e-05 -0.0006791580033576012 -0.00286919460631907 3.1079456564138104e-05 0.9999999995152451 -1.891243178637473e-06 -0.018313292413949966 0.000679158061809602 1.8701348798851542e-06 0.999999769370388 0.893071711063385
0.9999998229182984 -0.00010967082853936849 -0.0005849236545715278 -0.0028851774986833334 0.00010980782841565941 0.99999996654831 0.00023419141786755267 -0.022064778953790665 0.0005848979510380086 -0.0002342556055928353 0.9999998015093297 1.1115834712982178
0.9999984190719566 -4.157718816372213e-05 -0.0017776740210014904 -0.004028312396258116 4.193266182940818e-05 0.9999999791350624 0.00019992880385923304 -0.023730093613266945 0.0017776656714329356 -0.0002000030303897459 0.9999983999504942 1.1555719375610352
0.999751419382007 4.7114603484861716e-05 -0.022295677246419822 -0.028343914076685905 -3.7624385104048115e-05 0.9999999085234673 0.00042607213312433577 -0.039584025740623474 0.022295695281108183 -0.00042512735870329924 0.9997513297008715 2.159517765045166
0.9999583802613171 0.0009366061738672628 -0.009075269364514362 -0.01097435038536787 -0.0009472982231140215 0.9999988622620547 -0.0011739253268116937 -0.05473832041025162 0.009074159533527288 0.001182473454889644 0.9999581298160883 2.5919411182403564
0.999259257416558 0.00012889859633643033 -0.0384827214793941 -0.04471667855978012 -4.659763210319914e-05 0.9999977101035635 0.0021395364660804525 -0.04094139486551285 0.038482909141194614 -0.0021361584166133736 0.9992569752227148 2.147109031677246
0.9997353247338945 0.0015025116909284997 -0.022956980154908744 -0.024418558925390244 -0.0015285008011404393 0.9999982107039782 -0.0011145735249666665 -0.07487224042415619 0.02295526441832382 0.0011493682874808952 0.9997358325017786 3.603224515914917
0.9992458855676986 -5.060904510395539e-05 -0.03882856699327014 -0.03754693642258644 0.0001586103449498233 0.9999961276180305 0.0027784153222003027 -0.060137517750263214 0.03882827602128104 -0.002782478691511613 0.999242024133066 3.0126919746398926
0.9998066319248631 0.0009048531164708478 -0.0196438285448422 -0.019529137760400772 -0.000899541090732027 0.9999995564221387 0.00027925141388348353 -0.06694914400577545 0.019644072512786874 -0.0002615269846197213 0.9998070023853348 2.9251925945281982
0.9999964168226256 1.2258411262727016e-05 -0.002676974344424716 -0.00472656637430191 -1.1994277005792223e-05 0.9999999950587054 9.868498535839741e-05 -0.023141194134950638 0.0026769755409181335 -9.865252338076627e-05 0.9999964120283796 1.0942630767822266
0.999995260960402 -6.289759795931235e-06 -0.003078638851192799 -0.005069982260465622 6.769555206756512e-06 0.9999999878346244 0.00015583620857850906 -0.021291092038154602 0.003078637833567682 -0.00015585631108021062 0.9999952488376631 1.0124835968017578
0.9999936842815731 -1.8586517704636343e-05 -0.00355401906395057 -0.005441499408334494 1.9390403315460397e-05 0.999999974238681 0.0002261562503877786 -0.02142420783638954 0.003554014768937199 -0.0002262237359116215 0.9999936588808169 1.0219616889953613
0.9999979157559171 -1.120870741323981e-05 -0.0020416557462710604 -0.004054118413478136 1.1235758037785135e-05 0.9999999998492579 1.3237887054223028e-05 -0.019787482917308807 0.002041655597583694 -1.3260799013196823e-05 0.9999979157311139 0.9422569274902344
0.9999993535180041 -5.819551938549059e-05 -0.0011355953748466519 -0.0033665078226476908 5.838774525380016e-05 0.9999999839742136 0.0001692407864362771 -0.01862037368118763 0.0011355855075923752 -0.00016930698187861363 0.9999993408901332 0.9219259023666382
0.999997521843855 6.867229773220254e-06 -0.002226265705072706 -0.004391002934426069 -6.614562069612294e-06 0.9999999935368511 0.0001135012997621589 -0.02460959553718567 0.0022262664701235245 -0.0001134862927155258 0.999997515426146 1.175804853439331
0.9999948015207905 5.497412402760186e-05 -0.0032239586288843295 -0.005256588105112314 -5.477199047217832e-05 0.9999999965290004 6.278557480502076e-05 -0.024712350219488144 0.003223962069275947 -6.260866578421153e-05 0.9999948010608509 1.1542510986328125
0.999992224507839 1.7755757472783006e-05 -0.003943425997446327 -0.00583720812574029 -1.708459990920452e-05 0.9999999853649001 0.00017023018698172017 -0.023004714399576187 0.003943428962299808 -0.00017016149150279774 0.9999922101762025 1.0779645442962646
0.9999923559901063 4.867009159483857e-06 -0.003909979241492877 -0.005736923776566982 -4.115376621193373e-06 0.999999981512956 0.00019224242888984892 -0.022461801767349243 0.00390998010485458 -0.0001922248683496607 0.999992337523233 1.055121660232544
0.9999941813589701 4.8467554811301895e-06 -0.003411337671980872 -0.005379603710025549 -4.322499897553022e-06 0.9999999881807018 0.00015368771073979873 -0.021622616797685623 0.0034113383765480092 -0.00015367207097944155 0.9999941695606906 1.0241053104400635
0.9999936762323948 -2.0229863553165084e-05 -0.003556274170084289 -0.005469784140586853 2.1135147184564755e-05 0.9999999673858833 0.00025452217521188783 -0.02144872583448887 0.003556268905150673 -0.0002545957280508149 0.9999936440460455 1.025698184967041
0.9999800712744848 1.07214190756171e-05 -0.0063132352187725916 -0.00890402402728796 -1.2055757720837677e-05 0.9999999775997346 -0.00021131774490672128 -0.03010771982371807 0.006313232811728345 0.0002113896444476187 0.9999800490039206 1.5114469528198242
0.99997901393585 0.0003442656312259496 -0.006469402527300964 -0.008493003435432911 -0.00034869559808425486 0.9999997055229611 -0.0006836412589531527 -0.03826616704463959 0.006469165268020919 0.0006858827641973417 0.9999788395089012 2.0723013877868652
0.9975920923647443 0.0011233575299687275 -0.06934518958941124 -0.08347972482442856 -0.0009409490815779648 0.9999960113826103 0.0026630496984537846 -0.055994369089603424 0.06934790455491358 -0.002591387028295806 0.9975891703738129 3.002321720123291
0.9999750234619135 0.00014580920200604 -0.007066200678011419 -0.008705398999154568 -0.00014393102170750816 0.9999999541826041 0.00026630555829458476 -0.02783919870853424 0.007066239184057451 -0.00026528186142048895 0.9999749986321296 1.3221015930175781
0.9999299060859035 0.0001132946754652344 -0.011839344549107709 -0.012752118520438671 -0.00010386354323010962 0.9999996768388195 0.0007972042528040094 -0.03365951031446457 0.01183943104208825 -0.0007959186973632037 0.9999295947145612 1.6376287937164307
0.9999953636387248 -5.14896070862128e-06 -0.0030451066554097158 -0.005023100879043341 5.578677667183661e-06 0.9999999900286017 0.00014110873403276643 -0.022402726113796234 0.003045105898482417 -0.0001411250674701891 0.9999953536960972 1.0567160844802856
0.9999964413681677 6.048438559410471e-06 -0.002667810791020074 -0.00473255617544055 -5.749305243408559e-06 0.9999999936963949 0.00011213454062880153 -0.02006027288734913 0.0026678114524421284 -0.00011211880352468654 0.9999964350993595 0.9596265554428101
0.9999944832418705 -1.5607343495068653e-05 -0.003321632465467886 -0.005216720513999462 1.6368086247577937e-05 0.9999999736456096 0.00022899970811529643 -0.01942930370569229 0.003321628803851182 -0.00022905281354597252 0.9999944571430875 0.9383491277694702
0.9999985829899141 -2.139561160476343e-05 -0.0016833182680824144 -0.0037189347203820944 2.149811335998705e-05 0.9999999979160566 6.087460625264661e-05 -0.019323164597153664 0.0016833169621250426 -6.091070815966375e-05 0.999998581365939 0.9241393804550171
0.9999992180729217 -1.884358154756281e-05 -0.0012503993220056794 -0.00352884060703218 1.8960748256959653e-05 0.9999999954311828 9.36916451452639e-05 -0.020102351903915405 0.0012503975508066777 -9.371528039199479e-05 0.9999992138613966 0.9725331664085388
0.9999981315961238 -4.313716665982439e-06 -0.0019330767323674342 -0.004117525648325682 4.499440837534827e-06 0.9999999953749015 9.607263986029417e-05 -0.02177870087325573 0.0019330763089966162 -9.608115812219316e-05 0.9999981269904432 1.0396225452423096
0.9999984500006099 8.444794715999679e-06 -0.0017606604054001827 -0.003975308500230312 -8.315298739555494e-06 0.9999999972601141 7.3556968519973e-05 -0.02175200544297695 0.0017606610217496732 -7.354221408946684e-05 0.9999984473309493 1.0392301082611084
0.9999978599965363 -9.286191496383782e-06 -0.002068795812564138 -0.004212060011923313 9.517793016393638e-06 0.9999999936894126 0.00011194010017553477 -0.02212442457675934 0.0020687947600116154 -0.00011195955099366984 0.9999978537743467 1.0581591129302979
0.9999977658427149 7.60971839130393e-06 -0.0021138239450982474 -0.004325440153479576 -7.394094996932282e-06 0.9999999947692241 0.00010201411268813007 -0.023343626409769058 0.0021138247103399776 -0.00010199825495750018 0.9999977606682177 1.1120834350585938
0.9999973031780626 1.5841623446036675e-05 -0.0023223663890726783 -0.00452010054141283 -1.5583955979717154e-05 0.999999993721572 0.0001109684480562469 -0.023424692451953888 0.002322368132412236 -0.00011093195713852574 0.9999972971465266 1.1148298978805542
0.99999712465396 -3.066731598489124e-07 -0.002398058322520749 -0.004547768738120794 6.247398032219052e-07 0.9999999912038724 0.0001326343261714635 -0.023056497797369957 0.0023980582607517347 -0.00013263544296436352 0.9999971158580494 1.0995752811431885
0.999998139560027 3.643928307738815e-05 -0.0019286131451036605 -0.004082982428371906 -3.6428565622774317e-05 0.9999999993208435 5.592206530832343e-06 -0.0230831578373909 0.0019286133475698271 -5.521939516350421e-06 0.9999981402083025 1.0896135568618774
0.9999980792908354 2.6861113317670005e-05 -0.0019597686396202146 -0.004035774152725935 -2.7079837036831817e-05 0.9999999934082419 -0.0001115804586887233 -0.022514931857585907 0.001959765629526549 0.0001116333145905045 0.9999980734264844 1.043797492980957
0.9999984659016019 -3.830403294747444e-05 -0.0017512073675451404 -0.0038978680968284607 3.855546394152548e-05 0.9999999889545474 0.00014354226342327492 -0.016378138214349747 0.0017512018499546748 -0.00014360956182783203 0.9999984563329959 0.8190077543258667
0.999998760601892 -4.749531475898757e-05 -0.0015737022828585282 -0.003717815037816763 4.7785609506405176e-05 0.9999999818512343 0.00018442902902685314 -0.017073364928364754 0.0015736934947829897 -0.00018450400076863152 0.9999987447227413 0.8540945649147034
0.9999994861191127 -3.629542759993736e-05 -0.00101313580163879 -0.0032444873359054327 3.638201162173341e-05 0.9999999956879114 8.544311842964886e-05 -0.019818957895040512 0.0010131326960755398 -8.547993444057297e-05 0.999999483127527 0.9649035930633545
0.9999999646959425 1.1994517966666473e-05 -0.00026545102214070826 -0.0025670139584690332 -1.2012617116762117e-05 0.9999999976035141 -6.8181145434124e-05 -0.020646585151553154 0.0002654502037045848 6.818433178854515e-05 0.9999999624435424 0.9922236204147339
0.9999997058297908 -1.9708860149917355e-05 -0.0007667802113865593 -0.0030467926990240812 1.974141663509754e-05 0.9999999989040883 4.245114696404516e-05 -0.02064872533082962 0.0007667793738825173 -4.2466271803802904e-05 0.9999997051229603 1.0001587867736816
0.9999983840834025 -9.439842328210145e-06 -0.0017977045011987086 -0.003971525933593512 9.573661516504977e-06 0.9999999971842354 7.44303329871185e-05 -0.02040497027337551 0.0017977037935261878 -7.444742332830922e-05 0.9999983813580161 0.9794741868972778
0.999999151785476 -1.3892164003206583e-06 -0.0013024693462841983 -0.0034479356836527586 1.3799169115598563e-06 0.9999999999735523 -7.14078931389829e-06 -0.020649075508117676 0.0013024693561698526 7.1389859574993585e-06 0.9999991517609456 0.9843615293502808
0.9999992272027917 6.53265474408901e-05 -0.001241501615544443 -0.0036805078852921724 -6.563442193536371e-05 0.9999999671073391 -0.00024794645233268295 -0.02348337508738041 0.0012414853772224703 0.00024802774596122487 0.9999991985978264 1.1703513860702515
0.9999938744307018 4.076871127994979e-05 -0.0034999198542549673 -0.005283466074615717 -3.961466646255893e-05 0.9999999448302187 0.0003298033322595386 -0.022396855056285858 0.003499933106821986 -0.0003296626638687 0.9999938208762973 1.094482421875
