0.9999923148920485 -3.695201772077391e-05 0.003920305012457456 0.002234584651887417 3.685532187245973e-05 0.9999999990148677 2.4737628508639702e-05 -0.012585939839482307 -0.003920305922700724 -2.4592954294221808e-05 0.9999923152688022 0.6764686703681946
0.9999824578011959 -5.360343590909245e-05 0.005922939857118332 0.004078662022948265 5.3845532761239276e-05 0.9999999977214742 -4.071498462936465e-05 -0.012957962229847908 -0.0059229376611596935 4.103319425112929e-05 0.9999824584090157 0.6773989200592041
0.9999677431968625 -0.00010148389453599074 0.008031330325185045 0.006676719058305025 0.00010164273964035485 0.9999999946467778 -1.9370013620182746e-05 -0.011005855165421963 -0.008031328316447133 2.0185715222675102e-05 0.9999677481589143 0.5846527814865112
0.9999961508757177 -2.0178972048721743e-05 0.002774495730353249 0.0008951041963882744 2.0028838484664003e-05 0.9999999983338642 5.41397927854303e-05 -0.01358457375317812 -0.0027744968182159273 -5.4084014467779614e-05 0.9999961496137497 0.7154030799865723
0.9999986229283404 -1.5287564903251033e-05 0.0016594901967933548 -0.00032484225812368095 1.5199051083155433e-05 0.9999999984613535 5.3350557253677565e-05 -0.01424395851790905 -0.0016594910098400924 -5.3325261109864086e-05 0.9999986216220524 0.7353011965751648
0.9999888030088124 -2.8878088442436822e-05 0.004732126695095994 0.0029532324988394976 2.862476041121913e-05 0.999999998153758 5.3601373216546085e-05 -0.012367377988994122 -0.004732128234264539 -5.346531704955989e-05 0.9999888019892195 0.6550778150558472
0.9999918613922147 -3.623775405614789e-05 0.004034332182470822 0.002368716988712549 3.599035051145598e-05 0.9999999974675442 6.13971168126681e-05 -0.012253881432116032 -0.004034334397147674 -6.125142009628846e-05 0.9999918601639891 0.6597252488136292
0.9999867889022107 -2.3036055831612077e-05 0.00514018388639571 0.003347220132127404 2.2709896425249235e-05 0.9999999977252926 6.351122524799976e-05 -0.012172718532383442 -0.005140185337751426 -6.33936531513255e-05 0.9999867871506796 0.6455197930335999
0.9999515423088233 -0.0001798109379411083 0.009842799511940814 0.00935044139623642 0.00018045563806307646 0.9999999816305521 -6.461159354550881e-05 -0.009797950275242329 -0.009842787713262783 6.638465128311656e-05 0.9999515563881631 0.5212450623512268
0.9999858976418581 -4.782194609397883e-05 0.005310577225568614 0.003590845502912998 4.7530253876815425e-05 0.9999999973550296 5.5052843960333145e-05 -0.011822884902358055 -0.0053105798442564306 -5.479965450164718e-05 0.9999858972699143 0.6371305584907532
0.9999916663011452 -3.0467529614881625e-05 0.004082450243282541 0.0021310090087354183 2.9989660321331224e-05 0.9999999926922672 0.00011711569454800599 -0.011961077339947224 -0.004082453781674978 -0.00011699228724500166 0.9999916599071842 0.637384295463562
0.9999980576845685 -1.8950312800215444e-05 0.0019708546307892765 -3.5713426768779755e-05 1.8836135726492762e-05 0.9999999981434222 5.7951318414236683e-05 -0.014110804535448551 -0.001970855725325843 -5.7914082569173925e-05 0.9999980561849451 0.7256009578704834
0.9999985445346482 -1.340569291263394e-05 0.001706091695242386 -0.00035554211353883147 1.3353844633961131e-05 0.9999999994487124 3.0401476945955504e-05 -0.014914017170667648 -0.0017060921018547033 -3.0378649814229606e-05 0.999998544162379 0.7584043741226196
0.9999876695236397 -3.3933070597087836e-05 0.004965848288717994 0.003017111448571086 3.346155952122779e-05 0.9999999949244491 9.50338135927045e-05 -0.011742226779460907 -0.004965851488302685 -9.486647675242626e-05 0.9999876655836049 0.6262415647506714
0.9999880870784327 -3.946171388697348e-05 0.0048809982575198155 0.003008880652487278 3.936922154600411e-05 0.9999999990436655 1.904555190856716e-05 -0.012581564486026764 -0.004880999004422069 -1.8853163918635112e-05 0.9999880876756867 0.6643674969673157
0.9999877422480589 -6.034359692227242e-05 0.00495093044587163 0.003156686434522271 5.9755600434503224e-05 0.9999999911445209 0.00011891268301211288 -0.010475577786564827 -0.004950937577647782 -0.00011861537958843936 0.9999877369985563 0.5778946876525879
0.9999997631518438 4.871084192204093e-06 0.0006882387148759967 -0.001473788172006607 -4.99494543247939e-06 0.9999999837934961 0.00017996682473354298 -0.015659864991903305 -0.0006882378270884982 -0.0001799702198235577 0.9999997469696746 0.7885515093803406
0.9999975613411068 -4.590601291902553e-05 0.002207986520943944 -8.803160744719207e-05 4.5832212077094524e-05 0.9999999983894132 3.347508529869163e-05 -0.013600800186395645 -0.002207988054095489 -3.33738067578859e-05 0.9999975618344984 0.69869065284729
0.9999867650146811 -1.741127506264042e-05 0.005144851049415487 0.003168602241203189 1.7233228123531105e-05 0.9999999992511569 3.465115041813912e-05 -0.012004932388663292 -0.005144851648883511 -3.456202941887588e-05 0.9999867645659002 0.6348735690116882
0.9999983093825655 -2.2351331363994383e-05 0.0018386768145605273 -0.00020385425887070596 2.2231916791710786e-05 0.9999999976425581 6.496634118177428e-05 -0.013334043323993683 -0.0018386782623101732 -6.492535403859707e-05 0.9999983075220407 0.6967078447341919
0.9999993540857841 -2.5608441810860265e-05 0.0011362975942145722 -0.0011137907858937979 2.5495521123930635e-05 0.9999999947357681 9.939035391380483e-05 -0.013192061334848404 -0.001136300133464933 -9.936131921684594e-05 0.999999349474456 0.6840126514434814
0.9999993593583822 1.0560104660364506e-05 0.001131888382022631 -0.0012155530275776982 -1.0685876866324678e-05 0.9999999937700617 0.00011111115541869399 -0.015085646882653236 -0.001131887201625606 -0.00011112317945614034 0.9999993532412919 0.7597073316574097
0.9999989988339226 -2.4566866069816525e-05 0.0014148242369234306 -0.0006962883053347468 2.4437716238988363e-05 0.9999999955335065 9.130051913290487e-05 -0.014984918758273125 -0.0014148264735717533 -9.126585265269231e-05 0.9999989949677918 0.7605589628219604
0.9999945286464285 -1.5092173437096023e-05 0.0033079373382521164 0.0011755670420825481 1.505817844448557e-05 0.9999999998335632 1.0301700193323513e-05 -0.013846595771610737 -0.0033079374931765993 -1.0251832318356791e-05 0.9999945287072531 0.7038196325302124
0.999999835626377 -2.515071359848431e-05 0.0005728129370182774 -0.001743759261444211 2.514709970790022e-05 0.9999999996638644 6.316225448335317e-06 -0.016258299350738525 -0.0005728130956833119 -6.301819826073283e-06 0.9999998359227089 0.8051930665969849
0.9999988022938264 -1.982691547111671e-05 0.0015475845068912283 -0.0009797116508707404 1.9776326522456895e-05 0.9999999992696638 3.270426925475925e-05 -0.014954211190342903 -0.0015475851541857536 -3.267362454812469e-05 0.9999988019555948 0.7617767453193665
0.9999997941572217 3.5505204015077432e-06 0.0006416174156506102 -0.0018957376014441252 -3.592731832690698e-06 0.9999999978295185 6.578795762360835e-05 -0.016723401844501495 -0.0006416171806765058 -6.5790249240946e-05 0.9999997919994967 0.8325075507164001
0.9999912296401187 -0.000143931400196714 0.00418568113873324 0.0016233657952398062 0.00014480774220797558 0.9999999676614097 -0.00020906433643251487 -0.015177955850958824 -0.0041856509124515405 0.00020966862189834853 0.9999912181441933 0.7656559944152832
0.9999821686916451 -7.785335657490648e-05 0.005971284418710523 0.004038482904434204 7.770224995512442e-05 0.9999999966550973 2.553753622439239e-05 -0.011237011291086674 -0.005971286386920072 -2.5073098622253564e-05 0.999982171396183 0.590582013130188
0.999999261205945 1.854030147915228e-05 0.0012154191959588786 -0.001455842051655054 -1.867855080646334e-05 0.9999999933577357 0.00011373495771497433 -0.0148076880723238 -0.001215417079205338 -0.00011375757595746658 0.9999992549099914 0.7472899556159973
0.9999999914239532 -2.795237982409747e-05 -0.0001279482637034825 -0.0026094564236700535 2.79514831408991e-05 0.9999999995847877 -7.009952925191256e-06 -0.01772669330239296 0.00012794845959522347 7.0063765213377555e-06 0.9999999917900513 0.8650938868522644
0.999999990343475 -2.1446364194217008e-05 -0.0001373066025660698 -0.002684689126908779 2.1451928972872367e-05 0.9999999989486974 4.0526776913100515e-05 -0.015696121379733086 0.00013730573326970174 -4.052972201323844e-05 0.9999999897522385 0.7936090230941772
0.9999999986811617 -2.105183609281258e-06 -5.131515005382283e-05 -0.0024703668896108866 2.109057397360399e-06 0.9999999971483903 7.549020701945237e-05 -0.015526733361184597 5.131499098674557e-05 -7.549031514648983e-05 0.999999995833992 0.78684002161026
0.9999999400456285 -3.888557112768152e-06 -0.00034625657925187983 -0.0026440902147442102 3.918772320362029e-06 0.999999996185007 8.726184364913882e-05 -0.015739576891064644 0.00034625623860825054 -8.726319531810833e-05 0.999999936245874 0.7889344692230225
0.999999954879277 -2.835099419284586e-05 0.0002990613060878532 -0.0020212882664054632 2.832602575316957e-05 0.9999999961132546 8.349327400656872e-05 -0.01419447548687458 -0.00029906367204280456 -8.348479902103383e-05 0.9999999517956029 0.7312338352203369
0.9999987534906335 6.52927856349808e-05 -0.0015775785341956188 -0.004983073100447655 -6.48613151727373e-05 0.9999999604813347 0.0002735513464733384 -0.012134123593568802 0.0015775963327812458 -0.0002734486816705066 0.9999987182069933 0.6424727439880371
0.9999951810799496 1.5014095106407873e-06 0.0031044829882735745 0.0007872196729294956 -1.7478161372939573e-06 0.9999999968487918 7.936851634520295e-05 -0.012743405997753143 -0.003104482859326057 -7.937355994013302e-05 0.9999951779313808 0.6615065336227417
0.9999989496344066 -5.8547541460897395e-06 0.0014493777305537767 -0.0009072705870494246 5.699196851028067e-06 0.9999999942237816 0.00010733105953282346 -0.012618618085980415 -0.0014493783505788197 -0.00010732268650697349 0.9999989438915614 0.660884439945221
0.999994672570658 -4.5952876867650427e-05 0.0032638502777674557 0.0010092174634337425 4.553103589228435e-05 0.9999999906015523 0.00012932060938336404 -0.010582858696579933 -0.003263856189746369 -0.00012917131395281101 0.9999946652645424 0.561170756816864
0.9999978383618504 1.2584038946966889e-06 0.0020792474703670303 -1.6623554984107614e-05 -1.7798381494992426e-06 0.9999999685535014 0.00025077844481727937 -0.009194384329020977 -0.0020792470894014058 -0.0002507816034489959 0.9999978069176595 0.5092830657958984
0.9999936506226178 -5.4211365734781165e-05 0.0035631131861388055 0.0017921896651387215 5.35487841669167e-05 0.9999999812587876 0.00018605093879578896 -0.0090000806376338 -0.0035631232054372337 -0.00018585895710919944 0.9999936347844773 0.4812127351760864
0.9999968060752423 3.750770461800451e-05 -0.002527139190157521 -0.005446827504783869 -3.670646563236531e-05 0.9999999490503028 0.0003170993965996824 -0.011703898198902607 0.0025271509550710463 -0.0003170056214602372 0.9999967565024831 0.6311125159263611
0.9999702220090051 0.00022208380014603546 -0.007713998577051453 -0.011045773513615131 -0.00021859513984050824 0.999999873462453 0.0004530907664530079 -0.011831017211079597 0.007714098225060221 -0.00045139103172256456 0.9999701440216655 0.6341537237167358
0.9999973445643133 7.048609945250849e-05 -0.002303453066912196 -0.0050174035131931305 -6.988525580164752e-05 0.9999999635173049 0.000260924202786555 -0.01261104829609394 0.0023034713744053276 -0.0002607625325123072 0.9999973130076544 0.6693660616874695
0.9999997670019903 7.556690375701448e-05 -0.000678443518724665 -0.00331333396025002 -7.541473435184444e-05 0.9999999719977642 0.00022431470919916902 -0.01200486533343792 0.000678460450494771 -0.00022426349229655087 0.9999997446986191 0.6358743906021118
0.9999995388737816 -4.363071381154121e-06 0.0009603297285316407 -0.0013649258762598038 4.301587287246873e-06 0.9999999979410839 6.402599718821806e-05 -0.01346867810934782 -0.0009603300059043985 -6.40218367220003e-05 0.9999995368336347 0.7006809115409851
0.9999967676171926 7.447583894646472e-05 -0.0025414972980314122 -0.00539023894816637 -7.396096208356584e-05 0.9999999767250152 0.0002026813878638007 -0.012521225959062576 0.0025415123337445018 -0.000202492761134672 0.9999967498505877 0.6586998105049133
0.9999999902329852 1.5364481226307883e-06 0.00013975574743179336 -0.001998048974201083 -1.5479065174930215e-06 0.9999999966377328 8.198864891297991e-05 -0.013871204107999802 -0.0001397556209905915 -8.198886444102788e-05 0.9999999868730962 0.7169224619865417
0.9999998968071694 -1.5941516105403188e-05 -0.00045401709107675326 -0.0026637783739715815 1.603590750929239e-05 0.9999999782602461 0.00020789987319484049 -0.017101764678955078 0.00045401376696735656 -0.00020790713231714418 0.9999998753230543 0.8522244691848755
0.9999934114986723 -0.00013197851785638873 0.003627608153921174 0.001231595641002059 0.00013276523120956275 0.9999999677227681 -0.00021662838317410842 -0.01680569350719452 -0.003627579446539087 0.00021710857615301127 0.9999933967438113 0.8261681795120239
0.999993549930474 -3.986463332014882e-05 0.0035914493257941005 0.001689092256128788 3.991944730183736e-05 0.9999999990878405 -1.5190673706314532e-05 -0.013290153816342354 -0.0035914487169474893 1.5333944397511233e-05 0.9999935506096945 0.6981093883514404
0.999999942122172 -7.264890267766241e-05 -0.0003323819935980296 -0.0027935148682445288 7.266965788047487e-05 0.9999999954106723 6.243217340236773e-05 -0.013697964139282703 0.0003323774564437302 -6.245632387468953e-05 0.9999999428122155 0.7047306299209595
0.9999999225078136 5.0157385463273016e-05 -0.00039047228263300196 -0.0034541168715804815 -5.005314780304091e-05 0.9999999631140609 0.0002669579724194679 -0.011579571291804314 0.00039048565814399025 -0.00026693840736543526 0.9999998881324124 0.6136538982391357
0.9999999889443568 6.5901069932171344e-06 0.00014855253819324267 -0.002242787042632699 -6.617901871398346e-06 0.9999999824739636 0.00018710498556644012 -0.015766767784953117 -0.00014855130254783164 -0.0001871059666039947 0.9999999714619334 0.8012822866439819
0.9999801925157259 0.0001031543134386541 -0.006293165769265618 -0.008991200476884842 -0.00010074243623137344 0.9999999213628128 0.0003835691984351875 -0.013857558369636536 0.006293204841206084 -0.0003829276120431177 0.999980124272113 0.7211881279945374
0.9998219505597107 0.0005631021916049769 -0.018861338629516198 -0.023818280547857285 -0.0005440959616936454 0.9999993390992662 0.0010127984080742407 -0.009490778669714928 0.0188618964730469 -0.001002355701704101 0.9998215961582784 0.5391123294830322
0.9999988904364554 9.747910721813999e-05 -0.0014864802997109825 -0.0046615018509328365 -9.707952744939285e-05 0.9999999591397934 0.00026887911108743084 -0.013053737580776215 0.0014865064490687892 -0.00026873450594391254 0.99999885903952 0.6779057383537292
0.9999999794555682 7.025352580144728e-05 0.00019014022610748464 -0.0027670678682625294 -7.028405145929457e-05 0.9999999846433775 0.0001605409511872746 -0.013848579488694668 -0.00019012894461971653 -0.0001605543117144882 0.9999999690366483 0.7116129994392395
0.9999999064902237 9.076395469760257e-06 -0.00043236230469503444 -0.002771946834400296 -9.011879128107008e-06 0.9999999888260956 0.00014921995334163228 -0.015337850898504257 0.00043236365424316795 -0.00014921604299127837 0.999999895398116 0.7776594758033752
0.9999989949017843 1.0052436415552106e-05 -0.001417777969152487 -0.003828624961897731 -9.581011883896611e-06 0.9999999446707151 0.00033251582093713584 -0.019436458125710487 0.0014177812333019929 -0.0003325019029785063 0.9999989396688674 0.9632540941238403
0.9999997644872698 -0.0001889539310795022 0.0006597892217136133 -0.001775804441422224 0.00018903235126536714 0.9999999750771301 -0.0001187960837105716 -0.01863039657473564 -0.0006597667582827583 0.00011892077724050165 0.9999997752828115 0.8877182006835938
0.9999968280536773 4.761436503477645e-05 -0.0025182564318193177 -0.004721235949546099 -4.66408607271454e-05 0.999999924168607 0.00038663601806853385 -0.017475362867116928 0.0025182746502849245 -0.00038651733803232637 0.9999967544432997 0.8737270832061768
0.9999955908864219 5.0863815707862656e-05 -0.0029691110771014415 -0.005048768594861031 -5.0066547158479554e-05 0.9999999626751223 0.00026859466664642934 -0.0197299774736166 0.0029691246280293578 -0.0002684448292422772 0.9999955561082843 0.9597399234771729
0.9999985473556704 3.6361371442567926e-05 -0.001704102226685496 -0.0039855861105024815 -3.5809080427639675e-05 0.9999999468305422 0.0003241243927870368 -0.018278803676366806 0.0017041139216867447 -0.0003240628996158834 0.9999984954883574 0.9026481509208679
0.9999966091525491 5.904786080829312e-05 -0.002603497023997205 -0.004794199950993061 -5.8269216089070886e-05 0.9999999535565933 0.0002991513152050777 -0.019545193761587143 0.0026035145673271552 -0.0002989985970979245 0.9999965661499726 0.9558776617050171
0.9999974330053629 1.4706900418886884e-05 -0.0022657816292633924 -0.004351743496954441 -1.4410729149790572e-05 0.9999999913508544 0.00013073110415099036 -0.01807544007897377 0.002265783532315648 -0.00013069811699957526 0.9999974245681769 0.8820916414260864
0.9999981293287704 2.8727941175332586e-05 -0.0019340407610141204 -0.0040739490650594234 -2.8290410354806066e-05 0.999999974004561 0.00022625324378290466 -0.016516689211130142 0.0019340472105277597 -0.00022619810573069887 0.9999981041461051 0.8286181688308716
0.9999984016390889 5.017263708588908e-05 -0.0017872330497584242 -0.004080118611454964 -4.961684494811265e-05 0.9999999504017136 0.00031102208802609113 -0.018432075157761574 0.0017872485659130757 -0.00031093291403542714 0.9999983545302896 0.9118602275848389
0.9999972640230849 1.630862593620734e-05 -0.002339162322901896 -0.004502161871641874 -1.5940818214922018e-05 0.9999999875079632 0.00015725763349833146 -0.01933012157678604 0.002339164858336915 -0.00015721991508371196 0.9999972517910554 0.9453766942024231
0.999997132786259 5.845023160438038e-05 -0.002393951300979315 -0.004631928168237209 -5.764676733985313e-05 0.9999999419944445 0.0003356902704594705 -0.019940681755542755 0.0023939707832908957 -0.00033555130441004384 0.9999970781503368 0.9765076041221619
0.9999624168953412 -0.0005577797437006337 -0.008651802042642003 -0.011782614514231682 0.0005576828930715375 0.9999998444023107 -1.3606794724784768e-05 -0.03539425879716873 0.008651808286036072 8.781321345771728e-06 0.999962572367721 1.9387186765670776
0.9998078906637689 0.00020766783914341087 -0.019599455108082732 -0.020527131855487823 -0.000203309314826334 0.9999999541612232 0.00022437217724203564 -0.043201744556427 0.019599500804552895 -0.00022034432146300317 0.9998078870546043 2.2225499153137207
0.9999063459792787 0.0007866482810878091 -0.013663105607762044 -0.014878980815410614 -0.0007845664836004689 0.9999996797889612 0.0001577257368460185 -0.031132899224758148 0.013663225307364576 -0.00014699135047484794 0.9999066429761047 1.609300971031189
0.99999681424574 4.6723178625541374e-05 -0.0025237502481832313 -0.0046345023438334465 -4.602973590982141e-05 0.9999999611764715 0.00027482415967580736 -0.018342288210988045 0.0025237629908606445 -0.0002747071165961437 0.9999967775729909 0.90555739402771
0.9999847096587382 -1.344320044898215e-05 -0.0055299428576942216 -0.0073052640073001385 1.5161170601281789e-05 0.9999999516410958 0.0003106250872982605 -0.01777135208249092 0.005529938414476933 -0.00031070417814175213 0.9999846615043881 0.9054932594299316
0.999915271070804 0.00016806298003109677 -0.013016237330162366 -0.015710733830928802 -0.0001569861550340801 0.9999996247106141 0.0008520175925096147 -0.02122541144490242 0.013016375637922288 -0.000849902032919872 0.999914922196777 1.1164536476135254
0.9999999420260929 -0.00013431031499601073 0.00031290342075283184 -0.0019556365441530943 0.00013434613670554606 0.9999999844246144 -0.00011446347506729279 -0.02083190344274044 -0.00031288804225384847 0.00011450550579713798 0.9999999444947798 0.9797890186309814
0.9999998087846576 1.5904071995964453e-05 -0.0006182052321692684 -0.0029581175185739994 -1.574084471317127e-05 0.9999999650180528 0.00026403810229171706 -0.017573021352291107 0.0006182094098242341 -0.00026402832073102044 0.9999997740530604 0.8705717325210571
0.9999974289587494 4.521425688297423e-05 -0.002267163770390592 -0.004545470699667931 -4.4545614281122355e-05 0.9999999555029148 0.00029497433193626806 -0.020948853343725204 0.002267177006553631 -0.0002948725813422648 0.9999973864758755 1.023113489151001
0.9999971416782013 6.791802341434528e-06 -0.002390938999360779 -0.0045088850893080235 -6.585235177496025e-06 0.9999999962455182 8.640369378528358e-05 -0.02061842940747738 0.002390939577220852 -8.638770192011631e-05 0.9999971379684559 0.9895601272583008
0.9999737826629735 -0.0003286198290141802 -0.007233670970704228 -0.010306341573596 0.0003299058789403054 0.9999999299883136 0.0001765941089817105 -0.02819695696234703 0.007233612431936825 -0.0001789759097339936 0.999973821066736 1.5352916717529297
0.9999891037631463 -0.0003101112544736716 -0.004657916485831401 -0.007198845036327839 0.000309626040546047 0.9999999465648491 -0.00010489048417739189 -0.029115015640854836 0.004657948764654562 0.00010344712902713047 0.9999891463470977 1.4742929935455322
0.9997147020730021 -2.543108335119332e-05 -0.023885430964268962 -0.025032538920640945 3.695579223968321e-05 0.9999998831270619 0.0004820582248234591 -0.0570426844060421 0.02388541591344557 -0.0004828033996354955 0.9997145861732334 2.9553937911987305
0.9991899863725776 0.0007048000789627408 -0.040235238157823594 -0.03984193503856659 -0.0006487240919477284 0.9999988001156744 0.001406742429840791 -0.07790347933769226 0.04023618135236763 -0.001379501380964112 0.9991892446809659 4.011717319488525
0.9996392329690985 0.0013511830754132483 -0.026824955046538587 -0.027090752497315407 -0.0013443342687503102 0.9999990590228945 0.0002733472134642418 -0.05659545585513115 0.02682529914699858 -0.00023718689247488676 0.9996401087731783 2.721856117248535
0.9996554561195448 0.0012567612907910992 -0.026218115902612693 -0.025777410715818405 -0.0012491932995447464 0.9999991732355668 0.0003050316101044997 -0.06750993430614471 0.026218477578327008 -0.0002721750186176614 0.9996561995777518 3.0349225997924805
0.9997816828930473 0.00028563805933027805 -0.0208927011763762 -0.021892957389354706 -0.00026392610453642655 0.9999994223285018 0.0010419624149457822 -0.05579095333814621 0.02089298673138031 -0.0010362208074910732 0.9997811807350049 2.8649911880493164
0.9996522583977823 0.0008350599230063007 -0.026356497398898664 -0.027045875787734985 -0.0007999794916895265 0.9999987801863366 0.0013415135673881013 -0.058266010135412216 0.026357585493099314 -0.001319962409918894 0.9996517070391117 2.9344067573547363
0.999906106410183 0.0003368696235834294 -0.013699083271695611 -0.014995155856013298 -0.0003260782298209736 0.9999996348088246 0.0007899716485818243 -0.0366918221116066 0.013699344386363187 -0.0007854305024844806 0.9999058510991471 1.8571652173995972
0.999839239205681 0.0009104834619568838 -0.01790717075560736 -0.018698204308748245 -0.0009034687613974607 0.9999995119472334 0.0003998118211350135 -0.046024829149246216 0.017907526038014168 -0.0003835689776863683 0.9998395738247398 2.123124599456787
0.999887045844696 0.0004844991033384336 -0.015022010936825295 -0.01613026298582554 -0.00047007782652910813 0.9999994253222368 0.000963525834401113 -0.03840690106153488 0.01502246913141246 -0.0009563554859030951 0.9998866989841303 1.888079285621643
0.9999046318419789 0.0001365873701063771 -0.013809727182208386 -0.015185319818556309 -0.00012996405726135277 0.9999998761104876 0.0004805084320985471 -0.03173992782831192 0.013809791102711072 -0.00047866783872019204 0.9999045257157303 1.6804258823394775
0.9999780737608575 0.00022774169199365362 -0.0066181667587774905 -0.00852165836840868 -0.00022617432917512742 0.9999999462016895 0.00023757481129529638 -0.025253431871533394 0.0066182205084207996 -0.00023607274274613403 0.9999780714730508 1.2176790237426758
0.9999904692519767 8.271721356343194e-05 -0.004365153270377636 -0.00632695946842432 -8.09460363117062e-05 0.9999999143347507 0.0004059288488299272 -0.02127675712108612 0.004365186473738974 -0.0004055716381692235 0.9999903902831745 1.0290112495422363
0.9999797837807564 -0.00013382949106987663 -0.006357210037365857 -0.00826745294034481 0.00013489575557872697 0.9999999769074677 0.00016729674037686373 -0.025147689506411552 0.006357187501324156 -0.00016815091892064468 0.9999797787417212 1.2700409889221191
0.9998761545219064 0.0005992888825857382 -0.01572629871648054 -0.017001191154122353 -0.0005948375831755056 0.9999997816914968 0.0002877241877968567 -0.04444747418165207 0.015726467713202803 -0.00027833396093645255 0.9998762927199903 2.0652353763580322
0.9999852688618003 0.00022582453488679473 -0.00542319672076684 -0.007301468402147293 -0.00022486149871757277 0.999999958843474 0.0001781862968720352 -0.023200590163469315 0.005423236736404519 -0.00017696420384259883 0.9999852784851241 1.1292076110839844
0.9999881169024148 8.538171111882561e-05 -0.004874296249245588 -0.007016543298959732 -8.246422064850423e-05 0.9999998173527223 0.0005987438302333848 -0.023979544639587402 0.0048743464807413945 -0.0005983347602606178 0.999987941298244 1.168751835823059
0.9999929721974097 5.599720767199016e-05 -0.003748655772816525 -0.00571126863360405 -5.487579680888274e-05 0.9999999537183475 0.00029925231755494633 -0.020858202129602432 0.003748672356616714 -0.0002990445039962384 0.999992928988974 1.001853346824646
0.9999950988118539 5.038258451645114e-05 -0.0031304654391752806 -0.00518460851162672 -4.9561534240316104e-05 0.9999999643569102 0.000262354402789557 -0.021424662321805954 0.0031304785456886916 -0.00026219796627121613 0.999995065665977 1.0298587083816528
0.9999973787159955 4.783904272281524e-05 -0.0022891641626550338 -0.0045326766557991505 -4.734814061457019e-05 0.9999999758740119 0.0002144997178511688 -0.02251613140106201 0.0022891743688878527 -0.0002143907679198262 0.9999973568551604 1.0872907638549805
0.999997002992362 3.840115006062762e-05 -0.002447964796709536 -0.004594358149915934 -3.8020301081595655e-05 0.9999999871677909 0.0001556241470078316 -0.022324535995721817 0.002447970741442962 -0.00015553060824246626 0.9999969916202145 1.0677772760391235
0.9999957890248979 5.140395342409586e-05 -0.0029016013002504558 -0.0050713238306343555 -5.066469299223034e-05 0.9999999662423747 0.00025484963915857006 -0.022579338401556015 0.0029016143025782674 -0.00025470155725402176 0.9999957578717802 1.0843102931976318
0.9999973495525789 3.802825649370736e-05 -0.002302051621749377 -0.0044660442508757114 -3.7743964968418696e-05 0.9999999916568568 0.00012353817078696727 -0.022186115384101868 0.0023020563004842757 -0.00012345095479977428 0.9999973426447949 1.0623047351837158
0.9999949064488252 4.643905233027076e-05 -0.00319138211750025 -0.0052965362556278706 -4.5654573171881065e-05 0.9999999687283242 0.0002458841408443357 -0.02112109214067459 0.0031913934363268664 -0.0002457371872324783 0.9999948772974637 1.0168403387069702
0.9999918844165135 7.678810751609432e-05 -0.004028052221214293 -0.0060335989110171795 -7.545744808099706e-05 0.9999999425382764 0.000330499042919188 -0.022499199956655502 0.004028077368151512 -0.0003301924141852631 0.9999918327494909 1.0746073722839355
0.9999933349656092 6.37610141915011e-05 -0.0036504737900950493 -0.0057084388099610806 -6.28123330903916e-05 0.9999999642291366 0.00025999295468396834 -0.022535836324095726 0.0036504902369289233 -0.0002597619270463428 0.9999933031999622 1.0716068744659424
0.9999926128923541 6.105452837982186e-05 -0.0038432321120074955 -0.0058417050167918205 -5.990581301051501e-05 0.9999999535029159 0.0002990074571734289 -0.021198734641075134 0.003843250189067689 -0.0002987750164288979 0.9999925700531348 1.0173277854919434
0.9999939293359223 4.244831831523458e-05 -0.0034841770107890313 -0.005450285039842129 -4.15443752673012e-05 0.9999999654631939 0.0002595143074105304 -0.01917155273258686 0.0034841879064026137 -0.0002593679840291128 0.9999938965628149 0.9331081509590149
0.9999969788635048 3.486441750405045e-05 -0.0024578544170496147 -0.004543069284409285 -3.4262895233588586e-05 0.9999999694552871 0.0002447763847395221 -0.01832186058163643 0.00245786287596123 -0.00024469143202826224 0.9999969495134402 0.903343915939331
0.9999988558991192 2.610681803666524e-05 -0.0015124545899773245 -0.003748510964214802 -2.579749412288937e-05 0.999999978749559 0.00020453696658414002 -0.018299754709005356 0.0015124598976463657 -0.00020449771503482032 0.999998835322193 0.9005557894706726
0.999999086161712 2.7992335610685817e-05 -0.0013516257507461486 -0.003709113225340843 -2.7696371925378032e-05 0.9999999756388271 0.00021898688540327894 -0.019333604723215103 0.0013516318477733507 -0.00021894925015518188 0.9999990625758476 0.9512137174606323
0.999997212262445 3.334342894694037e-05 -0.002361007317703864 -0.004565870389342308 -3.288345851828319e-05 0.9999999804744953 0.00019485812035075295 -0.020669108256697655 0.002361013768841895 -0.00019477993905125986 0.9999971938334421 1.000643253326416
0.9997853357062371 -0.00032179414315891943 -0.02071663474834807 -0.024900903925299644 0.00033863489098188634 0.9999996150936886 0.0008094065019505431 -0.03929811343550682 0.020716366312112842 -0.000816248126624953 0.9997850598532758 2.15438175201416
0.9998301305096999 -0.0007138724086742311 -0.018417396969727502 -0.0202158372849226 0.0007075348532063061 0.999999688229713 -0.00035062074728676876 -0.05682693421840668 0.018417641526207756 0.00033753023725772015 0.999830323881983 2.798342227935791
0.9996910107212199 0.0005336686101726068 -0.024851524721841753 -0.028002919629216194 -0.0005089594901277728 0.9999993698953957 0.0010005843537525083 -0.03657985478639603 0.02485204304324303 -0.0009876267645633572 0.9996906524270149 1.9865407943725586
0.9993203198658429 0.0009347714671360782 -0.03685138403823434 -0.03890601173043251 -0.0008986638367262429 0.9999990998252176 0.0009963694408640397 -0.04241063445806503 0.036852282243271785 -0.0009625752221803313 0.9993202603482048 2.2574925422668457
0.9998846874254402 0.0004193945646638245 -0.015180117269929806 -0.01650092750787735 -0.0004046102702910027 0.9999994408972153 0.0009769830019357897 -0.04387407749891281 0.015180518524044747 -0.0009707283121589 0.9998842980784752 2.2033021450042725
0.9999658804212828 0.00022016155443583808 -0.008257694725429528 -0.009711548686027527 -0.00021851859028460642 0.9999999561521389 0.00019986331715295225 -0.031029267236590385 0.00825773836556586 -0.0001980520380903685 0.9999658846843105 1.4275577068328857
0.9999934542655355 6.449047375637656e-05 -0.0036176327979955585 -0.005626940168440342 -6.356650714835784e-05 0.9999999653342069 0.0002555208097389295 -0.02182796224951744 0.0036176491512455227 -0.00025528917688644485 0.9999934236994035 1.037212610244751
0.9999919380848727 5.969407974364655e-05 -0.004014997120390602 -0.005978444125503302 -5.862911199389962e-05 0.9999999630721206 0.0002653646257640102 -0.02142932638525963 0.004015012812822404 -0.000265127090701093 0.999991904657102 1.0230324268341064
0.9999922594689445 6.593765998859809e-05 -0.003934037928196901 -0.00589749775826931 -6.462326301721808e-05 0.9999999420553807 0.00033423505136981286 -0.0207806508988142 0.003934059738917743 -0.00033397823384526424 0.9999922057858802 1.002221941947937
0.9999949265232039 4.817346747999646e-05 -0.0031850599945939142 -0.0052041467279195786 -4.740342362987972e-05 0.9999999696325587 0.0002418425049101302 -0.02063501998782158 0.003185071548263837 -0.00024169029517958292 0.9999948984395038 0.9905143976211548
0.9999971597023446 5.6945498778639035e-05 -0.0023827178711984536 -0.004622539505362511 -5.6201017471539494e-05 0.999999949587517 0.0003125162542131627 -0.020072948187589645 0.0023827355474737018 -0.00031238145540526957 0.9999971124903997 0.9831420183181763
0.9999952731638478 5.779204181134748e-05 -0.003074135657620907 -0.005263742059469223 -5.687179960753069e-05 0.9999999535516971 0.0002994364744024802 -0.022909989580512047 0.003074152819877771 -0.0002992602273882411 0.9999952300025018 1.1049096584320068
0.9999928107854408 5.665950969153813e-05 -0.003791459762888645 -0.005826988723129034 -5.580857106397615e-05 0.9999999732333612 0.00022454104329472165 -0.02276579663157463 0.0037914723837894305 -0.0002243278330693707 0.9999927871810808 1.0779004096984863
0.9999901573752586 7.366768049078418e-05 -0.00443618368397979 -0.006365377455949783 -7.230753169660684e-05 0.9999999503340528 0.0003067629584899877 -0.022119566798210144 0.004436206062168138 -0.0003064391696449614 0.9999901130365285 1.0513476133346558
0.9999890022083798 7.789128215565476e-05 -0.004689285152045961 -0.006520554888993502 -7.637943057397614e-05 0.9999999450529439 0.0003225837750949059 -0.02202576771378517 0.004689310020847391 -0.000322222062456055 0.9999889532112197 1.0467736721038818
0.999991394868593 6.510012952493147e-05 -0.004148005633880315 -0.006123914383351803 -6.403357471660796e-05 0.9999999648592647 0.00025725701268725836 -0.020918000489473343 0.004148022235581194 -0.00025698918732817684 0.9999913638967542 0.9988765716552734
0.999991356478321 5.840314358493752e-05 -0.004157349843357711 -0.006088219583034515 -5.702814621001337e-05 0.999999943640819 0.00033085668976993543 -0.020171508193016052 0.0041573689321236385 -0.00033061674404825166 0.9999913034502502 0.9784462451934814
0.9999713573499865 -0.0004464435292153175 -0.007555472705333201 -0.010227867402136326 0.0004467251306588755 0.9999998995852278 3.558359509708573e-05 -0.029608415439724922 0.007555456060586353 -3.895779542010469e-05 0.9999714563756343 1.5656102895736694
0.9986080991659783 0.00031430251603678354 -0.05274244490009945 -0.0654565766453743 -0.00022731964589023127 0.9999986043327342 0.0016551913369749502 -0.05204319581389427 0.05274289151999732 -0.0016408980808744736 0.9986067768884797 2.99827241897583
0.998302391393437 0.0021778250336849992 -0.05820302755241477 -0.05869394913315773 -0.002169012296572797 0.999997624665904 0.0002145884590161643 -0.06143910437822342 0.058203356636896936 -8.798108934231649e-05 0.9983047438210066 3.2100062370300293
0.9984674696477669 0.0014641029199861137 -0.05532240466416411 -0.05981570482254028 -0.0014094319698844087 0.9999984791509673 0.0010272279565653566 -0.04970593750476837 0.05532382449458919 -0.0009476805327587025 0.9984680146829441 2.672083854675293
0.9999348596630797 0.000474702486277291 -0.011403994393467055 -0.012487642467021942 -0.00047242780793659294 0.9999998679723812 0.0002021563404800848 -0.028270963579416275 0.011404088851942277 -0.00019675560787492854 0.9999349519067164 1.4295322895050049
0.999992676051973 7.225208004562095e-05 -0.0038265679205531605 -0.005736503284424543 -7.128972155439703e-05 0.9999999658001338 0.00025162970118894324 -0.021433841437101364 0.0038265859704543627 -0.00025135506330452447 0.9999926470031881 1.0187504291534424
0.9999952663598203 5.5024109329558895e-05 -0.003076398917458298 -0.0052014668472111225 -5.439116867168239e-05 0.9999999773390307 0.00020582404824191034 -0.019952427595853806 0.0030764101730290493 -0.0002056557450125048 0.9999952466917839 0.960350513458252
0.9999917578293204 6.777126014923231e-05 -0.004059517272051491 -0.005977092310786247 -6.652268335165495e-05 0.9999999504470936 0.0003077020362062555 -0.019813554361462593 0.004059537924245356 -0.0003074294500915054 0.9999917127851484 0.9605621099472046
0.9999958720308161 5.260860651397332e-05 -0.002872830252948136 -0.004882255103439093 -5.200811247191562e-05 0.9999999767862673 0.00020909954846260514 -0.019898002967238426 0.0028728411866948893 -0.00020894927482720464 0.9999958515532535 0.9558517932891846
0.9999987055711989 4.704847493752007e-05 -0.0016083041902282041 -0.003975977189838886 -4.6737990581372134e-05 0.9999999802663299 0.00019308780552633283 -0.019737420603632927 0.0016083132429772385 -0.0001930123866818213 0.9999986880365052 0.9592822790145874
0.9999973896530479 5.411610959816952e-05 -0.002284241348253754 -0.004509793594479561 -5.3706492156618516e-05 0.9999999824684701 0.000179384146821514 -0.021338455379009247 0.002284251015779658 -0.00017926099997659926 0.9999973750279502 1.0229685306549072
0.999997777788439 5.2991725402037186e-05 -0.0021075127663862194 -0.004408037755638361 -5.2586584311711586e-05 0.9999999801293051 0.0001922915496989862 -0.02116246521472931 0.0021075229143694752 -0.0001921802954887038 0.9999977607044424 1.0219744443893433
0.9999970131045354 5.427458591062911e-05 -0.0024435294712461075 -0.004649993032217026 -5.3803849365002024e-05 0.9999999799837166 0.00019271147381950577 -0.02190730720758438 0.002443539881671171 -0.0001925794269188888 0.9999969960084935 1.0514239072799683
0.9999981437534164 5.070930638570345e-05 -0.0019261148169697716 -0.0042368401773273945 -5.043056853974216e-05 0.9999999882501631 0.0001447633647014044 -0.021965527907013893 0.0019261221351880504 -0.00014466596091961063 0.9999981345609004 1.0565977096557617
0.9999961051980303 6.620415207333929e-05 -0.0027901981615211418 -0.004998151212930679 -6.569193913851814e-05 0.9999999809754876 0.00018366707407405054 -0.022746531292796135 0.002790210267961884 -0.0001834830651993576 0.9999960905226709 1.0877293348312378
0.9999962513063705 6.058795978963414e-05 -0.0027374627496338792 -0.004933459684252739 -6.003940962201012e-05 0.9999999781039084 0.0002004680832315473 -0.02280450612306595 0.0027374748356463097 -0.0002003029760907705 0.9999962330480262 1.0924303531646729
0.9999965473691003 5.5425455873399135e-05 -0.002627199630352624 -0.004821722861379385 -5.49436150549389e-05 0.9999999816587789 0.00018347654146406422 -0.02310040406882763 0.0026272097514375274 -0.0001833315601421252 0.9999965320732174 1.107173204421997
0.9999976379696073 1.3540650236762331e-05 -0.00217344699894015 -0.004304321948438883 -1.3392134185614432e-05 0.9999999975746985 6.83465716017678e-05 -0.019937314093112946 0.0021734479191259067 -6.83173030712333e-05 0.9999976357256497 0.9561857581138611
0.9999989554445193 2.356982173561292e-05 -0.0014451831488518625 -0.003707289695739746 -2.333527468319614e-05 0.9999999865550787 0.0001623123759073728 -0.01693657599389553 0.0014451869550952546 -0.00016227848261734498 0.9999989425496203 0.8415292501449585
0.9999983209180888 3.298452591693047e-05 -0.0018322317058261145 -0.004097129683941603 -3.2458833607745786e-05 0.9999999583051667 0.0002869426575628946 -0.0171377994120121 0.0018322410940990444 -0.0002868827036585985 0.999998280293965 0.8586673140525818
0.9999969434193152 5.614937322800682e-05 -0.0024718412721126655 -0.004659165162593126 -5.5385206953868016e-05 0.9999999506589805 0.0003092159685366892 -0.019927287474274635 0.0024718585124323227 -0.0003090781199527193 0.9999968971882913 0.9786332845687866
0.9999997047861433 1.8442201662498055e-05 -0.0007681715376626225 -0.0031218337826430798 -1.8391601258945034e-05 0.9999999976609031 6.58782412382063e-05 -0.020456992089748383 0.0007681727508056051 -6.586409388541747e-05 0.9999997027862289 0.9920681715011597
0.9999978392977064 4.593779884231149e-05 -0.0020782900753198753 -0.004343770910054445 -4.546370354858786e-05 0.9999999729369765 0.00022816462902247023 -0.02037021517753601 0.002078300500455893 -0.00022806964926276065 0.9999978143232439 0.9891306161880493
0.999995870291128 4.8724480573224386e-05 -0.0028735042395171945 -0.0050018178299069405 -4.7970520001047914e-05 0.9999999644088872 0.00026245200265538756 -0.01982608623802662 0.0028735169250834855 -0.00026231307531242884 0.9999958370375007 0.9633379578590393
0.9999968435649612 4.911445052018054e-05 -0.0025120604859260633 -0.004650173243135214 -4.8598141765693034e-05 0.9999999776849506 0.00020559260346918624 -0.020920313894748688 0.00251207052743706 -0.00020546987305786993 0.9999968236368535 1.0028523206710815
0.9999974046810004 -0.00046966630571105915 -0.0022293597342382867 -0.004946436267346144 0.0004691818150782755 0.9999998662068997 -0.000217840783473822 -0.027207598090171814 0.002229461748441344 0.00021679424306092544 0.9999974912471372 1.479246973991394
0.9998137903687292 0.0007898019917114474 -0.019281099588156388 -0.02085069566965103 -0.0007848512916279598 0.9999996570689498 0.000264330158255509 -0.03227470815181732 0.01928130174455412 -0.00024914814151843465 0.9998140673786495 1.663621425628662
