0.9999981405838196 3.510886663495009e-05 -0.0019281069136516526 -0.004157969728112221 -3.492840294225608e-05 0.9999999950067239 9.362990327202549e-05 -0.025295929983258247 0.0019281101912638693 -9.356238347987262e-05 0.9999981368168496 1.2301158905029297
0.9999984185569681 -2.4730991236914673e-06 -0.0017784480444615585 -0.004016590304672718 2.4751159170554386e-06 0.9999999999962965 1.1318177804401164e-06 -0.02431791089475155 0.0017784480416558745 -1.136217855597277e-06 0.9999984185593858 1.1810219287872314
0.9999957358258409 2.2052693087617e-05 -0.0029202472179092435 -0.004945049993693829 -2.183795528898772e-05 0.999999997055575 7.356598209353686e-05 -0.022390732541680336 0.0029202488316388197 -7.350189616719954e-05 0.9999957333630142 1.0975589752197266
0.9999973845700391 4.573822658026195e-05 -0.002286648441694716 -0.0045171091333031654 -4.5269852932645895e-05 0.999999977987188 0.00020488109688236527 -0.02106374129652977 0.0022866577622571854 -0.0002047770447915419 0.9999973646278475 1.0496304035186768
0.999999856802419 7.4605602092322515e-06 0.0005351069813096746 -0.0020241844467818737 -7.407157008551827e-06 0.999999994992445 -9.980102273664418e-05 -0.022912271320819855 -0.0005351077232016361 9.97970448239522e-05 0.9999998518501262 1.1237027645111084
0.9999997937516981 2.2473988757680298e-05 -0.0006418656251515754 -0.002908680122345686 -2.240182203225544e-05 0.9999999934277325 0.00011243973073101916 -0.024222414940595627 0.0006418681479023072 -0.0001124253285810124 0.9999997876828903 1.209742546081543
0.9999984060306584 6.798386510352289e-05 -0.0017841845018456567 -0.00413487246260047 -6.788450617265459e-05 0.9999999961418597 5.5749208837840194e-05 -0.02731551043689251 0.001784188285008716 -5.562800149148179e-05 0.9999984067875753 1.3522266149520874
0.9999983518794937 3.4485785896146384e-05 -0.0018152269904340196 -0.004063029307872057 -3.4403734683575765e-05 0.9999999983851868 4.5232832486432054e-05 -0.024667661637067795 0.001815228547392544 -4.5170307349503916e-05 0.9999983514511231 1.2179358005523682
0.9999891377338858 1.977311363595353e-05 -0.0046609036960088696 -0.006773763801902533 -1.8633036217586628e-05 0.9999999699001637 0.0002446476680420908 -0.015058410353958607 0.004660908393162572 -0.0002445581638266419 0.9999891080028096 0.7776857614517212
0.9999854511267396 6.991949221559899e-05 -0.005393759923801696 -0.007506468798965216 -6.839278182207242e-05 0.9999999575501345 0.00028323516154782905 -0.015895890071988106 0.005393779498495985 -0.00028286214654969164 0.9999854134594802 0.8192281723022461
0.9999872548613759 -3.1198940538341834e-06 -0.005048772630644771 -0.006959656253457069 4.517838398679366e-06 0.9999999616594744 0.0002768765769926079 -0.016548890620470047 0.005048771573246588 -0.00027689585770110923 0.999987216535434 0.8498415350914001
0.999994517951823 5.078752812649653e-05 -0.0033108136352820615 -0.0053288694471120834 -5.0015636509964285e-05 0.9999999715522777 0.00023322495462838622 -0.01953936368227005 0.003310825386015898 -0.0002330580836266144 0.9999944920444275 0.9838079214096069
0.9999988461591817 2.8415909751727468e-05 -0.0015188393073113182 -0.003907454665750265 -2.8060889198069118e-05 0.9999999722831516 0.00023376544322306584 -0.02326628565788269 0.001518845907871617 -0.0002337225535134434 0.999998819239741 1.1589503288269043
0.999996010454489 4.628754702557958e-05 -0.002824346396662384 -0.004767374135553837 -4.6154729930064585e-05 0.9999999978260921 4.70909416220671e-05 -0.02623414434492588 0.0028243485702466897 -4.6960396805445447e-05 0.999996010416979 1.2815643548965454
0.9999962873575919 5.29194768357572e-05 -0.0027244211423724444 -0.004864643327891827 -5.211891413084885e-05 0.9999999554481898 0.0002939170577142958 -0.026491869240999222 0.002724436574931479 -0.0002937739726337873 0.999996245564053 1.3266977071762085
0.9999916866659871 0.00011033221761220012 -0.004076079699403059 -0.0058634174056351185 -0.0001096970749697345 0.9999999818082268 0.00015604517837189584 -0.028252698481082916 0.004076096842062519 -0.00015559674709583892 0.9999916805774868 1.401021122932434
0.9999910503045143 6.796895863080731e-05 -0.004230211708108807 -0.00618320144712925 -6.691817242592343e-05 0.9999999668745585 0.00024854142610224823 -0.026760252192616463 0.004230228461083084 -0.00024825612369568757 0.9999910217277276 1.3097853660583496
0.9999993942558697 3.381160072824083e-05 -0.0011001566568715924 -0.0034364471212029457 -3.381691721310433e-05 0.9999999994166214 -4.813878238413174e-06 -0.02526528388261795 0.0011001564934648555 4.851079229021559e-06 0.9999993948158955 1.2359824180603027
0.9999999917528406 3.164429830627715e-05 0.00012447070816340065 -0.002586057409644127 -3.1660384010646434e-05 0.9999999911482256 0.00012923300274089884 -0.026048358529806137 -0.00012446661757392423 -0.00012923694246551217 0.9999999839029368 1.306213617324829
0.999997735308484 4.0127062045925734e-05 -0.002127855192922667 -0.004207132384181023 -3.985893582453249e-05 0.9999999912613318 0.00012604999617552357 -0.025504643097519875 0.0021278602323440638 -0.00012596489666758805 0.9999977281692576 1.250354528427124
0.9999941998113901 7.177940546024942e-05 -0.0034051712576650063 -0.0054885586723685265 -7.126229913575251e-05 0.9999999859118497 0.00015198021152935948 -0.027509339153766632 0.0034051821187416676 -0.0001517366696826955 0.9999941908384872 1.3400911092758179
0.9999968942580577 4.98749346987308e-05 -0.0024917838449765414 -0.004601270891726017 -4.981719468503799e-05 0.9999999984892091 2.323422146343431e-05 -0.024830646812915802 0.0024917850000172556 -2.3110015623019982e-05 0.9999968952319007 1.1946821212768555
0.9999986534385212 3.929369614348775e-05 -0.0016406026789498355 -0.004060016013681889 -3.89233780697258e-05 0.999999973760486 0.000225752072813307 -0.026208579540252686 0.0016406115065345712 -0.00022568791102592698 0.9999986287284857 1.291520357131958
0.9999999432584523 3.466796255640287e-05 -0.00033508390705906915 -0.00281316414475441 -3.4685408122693936e-05 0.9999999980434642 -5.205760601737608e-05 -0.027774713933467865 0.0003350821016723293 5.2069225585618625e-05 0.9999999425043888 1.3580642938613892
0.9999997696328514 2.5093787703841006e-05 -0.0006783100663283638 -0.0031042504124343395 -2.50416887803607e-05 0.9999999967361596 7.681532819152794e-05 -0.026385515928268433 0.000678311991702006 -7.679832446622223e-05 0.9999997669974026 1.2964742183685303
0.9999999251962771 7.456051317190424e-06 0.0003867193390477716 -0.0022206944413483143 -7.465363887186771e-06 0.9999999996822225 2.4079514491387815e-05 -0.024759627878665924 -0.00038671915938678523 -2.408239969073869e-05 0.9999999249341619 1.21818208694458
0.9999988912360296 7.914192339660016e-06 0.0014891151993150973 -0.0012515666894614697 -7.79937994153555e-06 0.9999999969968495 -7.710687667498019e-05 -0.023762265220284462 -0.001489115805081713 7.709517700643729e-05 0.9999988882946083 1.1767222881317139
0.9999981024037943 -1.414825757610182e-06 0.0019481239202388304 -0.0007472737925127149 1.7943204602738991e-06 0.9999999810251914 -0.00019479834966943177 -0.022292589768767357 -0.0019481236076678296 0.0001948014755794318 0.9999980834315605 1.0970079898834229
0.9999949263252068 -3.613659332938343e-05 0.003185281461880945 0.0009134446154348552 3.67751800940508e-05 0.9999999792392759 -0.0002004221407824914 -0.01663874462246895 -0.0031852741531787987 0.00020053826320513853 0.9999949068935174 0.8307470679283142
0.9999968064649546 -4.314990190359124e-06 0.0025272596370775834 0.0002349500427953899 3.7339071361016643e-06 0.9999999735589392 0.00022993081359847555 -0.01995953917503357 -0.002527260562403363 -0.0002299206427535706 0.99999678004009 1.0383046865463257
0.9999999993930967 2.820948752091594e-05 -2.0445818069423582e-05 -0.002480868948623538 -2.821120450138203e-05 0.9999999960756032 -8.398167507948851e-05 -0.024779604747891426 2.0443448909170938e-05 8.39822518296745e-05 0.9999999962645234 1.2095708847045898
0.9999985767129584 4.59046315810781e-05 -0.0016865541266979495 -0.004114201292395592 -4.551303299300985e-05 0.9999999719997742 0.0002322262147643618 -0.024191085249185562 0.0016865647397328852 -0.00023214912404618667 0.9999985508020314 1.19539475440979
0.9999997605543389 -1.2890763668133769e-05 -0.0006918996267041384 -0.0030012778006494045 1.2821081923789999e-05 0.9999999948460433 -0.00010071511122171462 -0.02278461493551731 0.000691900921432814 0.0001007062162041212 0.9999997555656568 1.1092760562896729
0.9999962950280646 -3.333557531081912e-05 -0.0027219145620928473 -0.0047852033749222755 3.3770147094533734e-05 0.999999986691976 0.00015961085478155893 -0.01955999806523323 0.002721909205149873 -0.00015970218288296199 0.9999962828458372 0.9665464758872986
0.9999782996746683 6.036990827264776e-05 -0.006587604665834624 -0.008583560585975647 -5.8116153576268006e-05 0.9999999397227062 0.0003423114031993877 -0.01566772162914276 0.006587624934059653 -0.0003419211286861142 0.9999782429071494 0.8175820112228394
0.9999822938959659 3.7856193442963435e-05 -0.0059506689935475586 -0.0077130780555307865 -3.574496869647127e-05 0.9999999363863592 0.0003548937513994207 -0.016776928678154945 0.0059506820499303425 -0.00035467476113683994 0.9999822316366199 0.8661119341850281
0.9999816706559326 5.9672425017894686e-05 -0.006054320058576177 -0.007824389263987541 -5.7427438999032314e-05 0.9999999295377925 0.0003709804568918192 -0.016820218414068222 0.006054341769278918 -0.0003706259729675381 0.9999816036218511 0.8698270320892334
0.9999830642914828 6.223789550791817e-05 -0.0058195581155856164 -0.00759472930803895 -6.0004086411289355e-05 0.9999999244644743 0.0003840189517463178 -0.017624566331505775 0.005819581576533627 -0.0003836632508452428 0.9999829924917644 0.894960880279541
0.999989049643942 2.156767297115772e-05 -0.004679757156233342 -0.0065556857734918594 -2.026119471361138e-05 0.9999999608117937 0.0002792237366213973 -0.01785369962453842 0.004679762995048291 -0.0002791258615511065 0.9999890108931515 0.8912731409072876
0.9999713479895976 0.00012775355169675938 -0.007568809608979085 -0.009657926857471466 -0.00012488376824188867 0.9999999201423383 0.00037963055912898513 -0.015105669386684895 0.00756885750370391 -0.0003786744604851812 0.999971284088569 0.787013590335846
0.9999773714417844 6.969351199812957e-05 -0.006726941890166812 -0.008474180474877357 -6.697827752770153e-05 0.9999999162054117 0.00040386022306991543 -0.01775442063808441 0.006726969472922789 -0.0004034005253145145 0.9999772923170438 0.9070709943771362
0.9999853427876891 6.934350582757353e-05 -0.005413815776900651 -0.0073424954898655415 -6.698040270244989e-05 0.9999999024142723 0.00043667501843286757 -0.018893837928771973 0.005413845529166184 -0.0004363059984335178 0.9999852498480476 0.9461164474487305
0.9999920196604821 1.1153805244788427e-05 -0.003995058315313746 -0.005935505498200655 -1.0235354638384956e-05 0.9999999735166952 0.0002299170425367902 -0.01985546201467514 0.003995060773961314 -0.00022987431688207153 0.9999919932915518 0.975421667098999
0.9999922209631054 3.46418614481943e-05 -0.003944212623248897 -0.005909749306738377 -3.3516804895903646e-05 0.9999999587379521 0.00028530811060369527 -0.019113952293992043 0.003944222344106644 -0.00028517369377641517 0.9999921808624629 0.9491916298866272
0.9999950766203393 4.423373924668606e-05 -0.0031376389942351975 -0.0052126203663647175 -4.334580928814971e-05 0.9999999589989561 0.0002830604650230547 -0.019156143069267273 0.0031376513864115243 -0.0002829230679074593 0.9999950375368445 0.9559034109115601
0.9999996796749556 1.1308717740048168e-05 -0.0008003262452303326 -0.0030823764391243458 -1.1316162473398476e-05 0.9999999998927495 -9.297595520917761e-06 -0.02203492447733879 0.0008003261400006138 9.306649164487816e-06 0.9999996796956766 1.0674465894699097
0.9999999918204515 -5.6886280989706e-05 -0.00011455587120793985 -0.002259252592921257 5.6883355164303245e-05 0.9999999980559017 -2.5543693741239194e-05 -0.01662289723753929 0.00011455732407097166 2.5537177209995236e-05 0.9999999931122359 0.8297420740127563
0.9999995739466724 5.046016344669521e-05 -0.0009217159244381969 -0.003253391943871975 -5.02425602971037e-05 0.9999999708647114 0.00023610646150302672 -0.015543494373559952 0.0009217278115543759 -0.0002360600515411728 0.9999995473466441 0.799896240234375
0.9999983082640782 2.609309865783164e-05 -0.0018392357467689627 -0.003922472707927227 -2.585942704685905e-05 0.9999999915920141 0.00012707187717203125 -0.014973007142543793 0.0018392390470037218 -0.00012702410061735643 0.999998300530859 0.7670719027519226
0.9999996988636534 4.958768637827349e-05 -0.000774476380470068 -0.002774125197902322 -4.9364392731952906e-05 0.9999999572138816 0.0002883320856516072 -0.016187895089387894 0.000774490645054266 -0.00028829376726812914 0.999999658525414 0.8406729698181152
0.9999986435467916 -1.046407805739984e-05 -0.0016470564896353345 -0.0037405118346214294 1.0581351606966369e-05 0.9999999974097816 7.119320090132435e-05 -0.018766680732369423 0.0016470557403978872 -7.121053241491193e-05 0.9999986410673007 0.9247056841850281
0.9999963344426094 3.767083892330523e-05 -0.0027073385922555403 -0.004737923853099346 -3.703898168405887e-05 0.9999999720677302 0.00023343661459088253 -0.015983331948518753 0.002707347310386535 -0.00023333548185104354 0.9999963079057314 0.8126569986343384
0.9999971194031971 5.8132191373024055e-05 -0.00239954286412073 -0.004693766124546528 -5.724507531094673e-05 0.9999999299968914 0.00036976913640143387 -0.019273269921541214 0.0023995641916354704 -0.00036963070923367317 0.9999970527280715 0.9599238634109497
0.9999922264830094 3.182524110862619e-05 -0.003942836632103539 -0.005893071182072163 -3.1000563262273745e-05 0.9999999776330928 0.00020921945160212228 -0.01906672865152359 0.003942843202373969 -0.00020909559507471416 0.9999922051028766 0.934093713760376
0.9999960412631984 5.600323861110803e-05 -0.0028132404036704316 -0.0050284224562346935 -5.493603342904255e-05 0.9999999265087002 0.00037942670744359365 -0.019363893195986748 0.00281326144604617 -0.0003792706571242634 0.9999959708487853 0.9701807498931885
0.9999984028991447 -4.95273063344561e-06 0.0017872253998900169 -0.0009819709230214357 4.997488324865472e-06 0.9999999996740454 -2.5038650158006012e-05 -0.01974920928478241 -0.0017872252752977732 2.5047541806826285e-05 0.9999984025979419 0.9947561025619507
0.9999989685903764 1.059253261393292e-05 0.0014362123734912018 -0.0013038928154855967 -1.049865959729481e-05 0.9999999978083335 -6.536903843345889e-05 -0.023230645805597305 -0.001436213062767175 6.535389270638486e-05 0.9999989665099195 1.15274178981781
0.9999999999966102 -2.3549779071817537e-06 1.1107607813246315e-06 -0.0024771306198090315 2.3549798436535394e-06 0.9999999999957074 -1.743376201594256e-06 -0.023157328367233276 -1.1107566757074249e-06 1.7433788174075972e-06 0.9999999999978635 1.1538848876953125
0.9999951870388865 6.838698158556986e-05 -0.003101809517541106 -0.005217702127993107 -6.804537632597909e-05 0.999999991608886 0.00011023635834642262 -0.02235790714621544 0.0031018170302452774 -0.00011002476398720403 0.9999951833012307 1.1253414154052734
0.9999993342421057 4.421966718591011e-05 -0.0011530654650414838 -0.0035388311371207237 -4.4186678604905504e-05 0.9999999986137895 2.8634919991949986e-05 -0.02238210290670395 0.001153066729669724 -2.858395079491174e-05 0.9999993348098163 1.1176023483276367
0.9999898729396227 7.581793284643262e-05 -0.004499807755670724 -0.006709729786962271 -7.465337635748031e-05 0.9999999636810196 0.00025896878663393734 -0.014529917389154434 0.0044998272267203696 -0.0002586302381994789 0.999989842281075 0.7366840243339539
0.9999018590871096 0.00037426041543602636 -0.014004717893746922 -0.018519164994359016 -0.0003633922052685653 0.9999996308827781 0.0007785758875676453 -0.010658958926796913 0.01400500411449949 -0.0007734102720997121 0.9999016260094309 0.5614498853683472
0.9995980428898323 0.0008359094920829198 -0.02833820576780395 -0.03513583540916443 -0.0007925812174566983 0.9999984998472896 0.0015401682325160034 -0.007013600319623947 0.02833945069741272 -0.0015170888213161045 0.9995972058662816 0.42999789118766785
0.9997900413612949 0.0005561946736241252 -0.020483257608717272 -0.026640089228749275 -0.0005312640062225879 0.9999991115699952 0.0012225456129782283 -0.007146104704588652 0.02048391938413482 -0.0012114069114678764 0.9997894486040343 0.41854482889175415
0.9995211814054134 0.0008171384173028843 -0.03093121734969089 -0.03897940367460251 -0.0007678578316685342 0.9999984170613282 0.0016050760692949964 -0.008166410028934479 0.030932479956789695 -0.00158055675154229 0.9995202266708153 0.4851229786872864
0.9987956639491323 0.0013822330025956072 -0.04904397117218843 -0.060566727072000504 -0.00126454296416153 0.9999962464755584 0.0024306307588715112 -0.0061665368266403675 0.049047146782495964 -0.0023656852539419224 0.9987936628382138 0.41333359479904175
0.9982282210594916 0.0016453596323571808 -0.05947866400721003 -0.07382449507713318 -0.0014677368117390673 0.9999943327317896 0.003029893224823895 -0.004561105277389288 0.059483312189670796 -0.0029372258991397214 0.9982249787873289 0.3664289712905884
0.9983782576764678 0.0016323003183864049 -0.05690509814217809 -0.06944511830806732 -0.0014755679739081086 0.9999950020120338 0.0027961849199860294 -0.005667992867529392 0.056909377944717524 -0.00270768288818617 0.9983756763640239 0.42257875204086304
0.9989148581676356 0.0013421276368103304 -0.046554321231645115 -0.05692380666732788 -0.0012357178145995283 0.9999965582308228 0.002314417419486501 -0.006317840423434973 0.04655726724599904 -0.00225437794423453 0.9989130786242962 0.4258226156234741
0.9997031875763254 0.0007541733401866836 -0.02435093370503667 -0.029560506343841553 -0.0007257589339201144 0.9999990455153857 0.001175688005835211 -0.010114881210029125 0.024351797134995485 -0.0011576661393429871 0.9997027807230534 0.5864598751068115
0.9999824752911571 0.0001352045270726893 -0.005918684845980091 -0.008851447142660618 -0.00013271032917921754 0.9999999022357097 0.00042180154039998254 -0.013775788247585297 0.005918741296821856 -0.00042100867783657957 0.9999823954716175 0.7437798976898193
0.9999568156318522 0.0002266510126742253 -0.009290613581695781 -0.012118067592382431 -0.0002222097651360143 0.9999998605595505 0.0004790654441773895 -0.013707062229514122 0.009290720866876507 -0.0004769802909769232 0.9999567265614926 0.7335866689682007
0.9999718402017218 0.00011444134577056298 -0.007503712865013167 -0.00945044495165348 -0.00011153597230544874 0.9999999186595772 0.0003876087797080907 -0.015299792401492596 0.007503756613128372 -0.0003867609308127431 0.9999717716279162 0.7909518480300903
0.999988085395187 8.44189200222501e-05 -0.004880772593974798 -0.0070463488809764385 -8.28297767939638e-05 0.9999999434988195 0.000325793777923167 -0.01556718535721302 0.004880799821364268 -0.00032538562291451156 0.9999880358870801 0.8077231645584106
0.9999808832915764 6.379221220076003e-05 -0.006182958996508368 -0.008041500113904476 -6.169465699209019e-05 0.9999999404878284 0.00033943793129001347 -0.015689218416810036 0.006182980282043593 -0.00033904998681956737 0.999980827716181 0.8053967356681824
0.9999496342935492 0.00017471642529609044 -0.010034856768677262 -0.012927614152431488 -0.00016955439033814905 0.9999998528797909 0.000515258872096201 -0.01469187717884779 0.01003494531653527 -0.0005135314666975591 0.9999495168046869 0.7748194932937622
0.9999752070370742 0.00011065481030921293 -0.007040814347342758 -0.009115388616919518 -0.00010737027458701427 0.999999885249351 0.0004668756893107308 -0.01728717051446438 0.007040865201445579 -0.0004661081399092843 0.9999751041703074 0.8869155645370483
0.9999915562083476 7.187900874185299e-06 -0.004109435525844426 -0.0059990063309669495 -6.1525127539353005e-06 0.999999968237529 0.0002519664406384797 -0.021673256531357765 0.004109437206428398 -0.0002519390297318674 0.9999915244903687 1.0581727027893066
0.9999967411773716 2.268019189129241e-05 -0.002552865105346306 -0.004587968811392784 -2.222477762869409e-05 0.9999999838358927 0.000178421617988204 -0.021686755120754242 0.002552869110718054 -0.0001783642996845155 0.9999967255173791 1.0671772956848145
0.9999994492617589 -1.976706723078838e-06 -0.0010495104914209953 -0.0031994490418583155 1.9992492004567477e-06 0.9999999997673494 2.1477990891051633e-05 -0.02260739356279373 0.0010495104487211373 -2.148007729531155e-05 0.9999994490330604 1.0983949899673462
0.999995361276834 -8.19630165536079e-05 -0.003044783551956378 -0.005010358523577452 8.250951349755966e-05 0.9999999805108833 0.00017936112476565902 -0.017978213727474213 0.0030447687916373978 -0.00017961151636863176 0.9999953485505363 0.8945745229721069
0.9999671459570174 0.00015869396928229547 -0.008104432293564773 -0.011114063672721386 -0.00015489347289623004 0.9999998777578838 0.00046956600116417556 -0.014597195200622082 0.008104505820154385 -0.0004682952503587876 0.9999670482995774 0.7776671051979065
0.9999803828254874 6.0486993628045446e-05 -0.00626341005487251 -0.008052589371800423 -5.819482131689644e-05 0.9999999312759787 0.00036614396185365985 -0.01694512739777565 0.006263431771373271 -0.00036577228111468567 0.999980317622844 0.8672361969947815
0.9999884778033701 2.465125902493032e-05 -0.0048003804864341455 -0.006637603044509888 -2.291489858911208e-05 0.9999999342994994 0.0003617677496800859 -0.020115245133638382 0.004800389089077249 -0.0003616535810889039 0.9999884126685075 0.9898862838745117
0.9999788580433422 3.1956631347366175e-05 -0.006502495298483068 -0.008177755400538445 -2.9786636303995682e-05 0.9999999438405329 0.00033381385096629057 -0.020122673362493515 0.006502505600872572 -0.0003336131060257974 0.9999788028369431 0.9844064712524414
0.9999663824506906 2.08208640876538e-05 -0.008199605781417799 -0.009827237576246262 -1.7422801695422725e-05 0.9999999139476581 0.0004144889892321629 -0.018310049548745155 0.00819961370584143 -0.0004143321950226189 0.9999662967639994 0.930914044380188
0.9998863770727155 0.00025731967401178854 -0.015072051319732622 -0.017439499497413635 -0.00024622974641350993 0.9999996976251493 0.0007376452547834004 -0.017148016020655632 0.015072236572959852 -0.0007338502539958652 0.9998861380919797 0.9083062410354614
0.9999588395734221 8.866001044250964e-05 -0.009072557433123976 -0.010535454377532005 -8.344053628723103e-05 0.9999998308148556 0.0005756804122639756 -0.021131884306669235 0.0090726069380134 -0.0005748996979549178 0.9999586777930803 1.0548174381256104
0.9999688174351028 9.948139857011308e-06 -0.007897091773351133 -0.009503503330051899 -6.875993998873548e-06 0.9999999242966052 0.0003890494886391761 -0.024073991924524307 0.0078970950458332 -0.00038898305672260624 0.9999687418024719 1.1530506610870361
0.9999791943657439 7.188216685633234e-05 -0.006450245622622578 -0.007952512241899967 -6.978392468522895e-05 0.9999999445831559 0.0003255209505620071 -0.024076255038380623 0.006450268664321604 -0.00032506405443743667 0.9999791439662723 1.1691184043884277
0.9999824095944402 -4.813469887567993e-06 -0.005931313389753383 -0.007559054531157017 6.439461599448793e-06 0.9999999624089797 0.00027411780717769924 -0.024085666984319687 0.005931311847331451 -0.00027415117979910744 0.9999823720350774 1.1525057554244995
0.9999644171997009 5.6830251802132865e-05 -0.008435704166550517 -0.009990544989705086 -5.3171373648836125e-05 0.9999999044254215 0.0004339607738563566 -0.017441172152757645 0.008435728022411696 -0.000433496794338572 0.9999643246502655 0.8974775671958923
0.9999933532904586 -2.126321831137583e-06 -0.0036460074579160832 -0.0056903427466750145 2.959726447077692e-06 0.9999999738724269 0.00022857468303974686 -0.015754718333482742 0.003646006876631418 -0.00022858395495491956 0.9999933271693523 0.802003800868988
0.9999999824865259 1.4183546183107615e-06 -0.00018714950124777571 -0.002633975353091955 -1.4069927500410368e-06 0.9999999981561437 6.0710235507231893e-05 -0.022787176072597504 0.00018714958701134189 -6.070997112599334e-05 0.9999999806446654 1.1197457313537598
0.9999992961660377 2.241525075195533e-05 -0.0011862398515320226 -0.003475130768492818 -2.2339620401329635e-05 0.9999999977171905 6.376958482873292e-05 -0.022834282368421555 0.0011862412782352976 -6.37430397975452e-05 0.9999992943839782 1.100926399230957
0.9999971561409967 1.6160538813691894e-05 -0.0023848372598385824 -0.004458563402295113 -1.5741238350594447e-05 0.9999999844166082 0.0001758379844972 -0.0206725113093853 0.0023848400643113024 -0.00017579994414703017 0.9999971408120362 1.0067287683486938
0.999992819889837 5.650303650491624e-05 -0.003789060065312583 -0.005791483446955681 -5.5291929746424154e-05 0.9999999473556864 0.0003197364953820762 -0.020410822704434395 0.0037890779319229876 -0.0003195246951958801 0.9999927703700635 0.9943705201148987
0.9999902744743526 7.122523329847908e-05 -0.004409748708858573 -0.006403376813977957 -6.953508773779845e-05 0.9999999240743269 0.0003834269319563346 -0.02006423845887184 0.0044097756837181154 -0.0003831165706645018 0.9999902035020707 0.9839476346969604
0.9999945632956544 6.436766356006315e-05 -0.0032968524287938336 -0.005464018788188696 -6.353259467833555e-05 0.9999999658768167 0.0002533968720999851 -0.023801667615771294 0.003296868626859345 -0.0002531860368670366 0.9999945332621013 1.1444238424301147
0.9999953685624987 6.338706854238787e-05 -0.003042833487404742 -0.005245285574346781 -6.278757259326408e-05 0.9999999786018757 0.00019711410169516176 -0.024055596441030502 0.0030428459167788874 -0.00019692213664503945 0.9999953511443935 1.1559431552886963
0.9999961376359418 4.7969510059584224e-05 -0.0027789228352650954 -0.004986373707652092 -4.734740728290844e-05 0.9999999738067722 0.0002239300729141185 -0.02147790417075157 0.002778933504292022 -0.00022379763322336429 0.9999961137140473 1.0365463495254517
0.9999967994684374 3.9763458041810066e-05 -0.0025297177212284918 -0.00459257559850812 -3.938725696337108e-05 0.9999999881592085 0.00014876231628898674 -0.02228490263223648 0.0025297236065787536 -0.0001486622015285673 0.9999967891938574 1.0742378234863281
0.9999936323058525 4.349053942785785e-05 -0.0035683968838616017 -0.005608911160379648 -4.2677572523745634e-05 0.9999999731201172 0.00022789995599938574 -0.02156907692551613 0.0035684066994355335 -0.00022774621428536517 0.9999936072822114 1.0423922538757324
0.999994482486347 5.1926928224684524e-05 -0.003321490698066742 -0.005410189740359783 -5.091637674847538e-05 0.9999999523953242 0.0003043302022904293 -0.021357975900173187 0.003321506342880825 -0.0003041594048726338 0.9999944375258648 1.0403989553451538
0.9999862451472894 4.7515615937840345e-05 -0.005244736265193709 -0.007058773655444384 -4.573508997747337e-05 0.999999941287491 0.0003396075913011628 -0.020647099241614342 0.005244752093925961 -0.0003393630515637683 0.999986188608719 1.003433346748352
0.9999874038750888 8.045268514763251e-05 -0.005018527525655318 -0.006942537147551775 -7.832733589847079e-05 0.9999999071733979 0.0004236956738902456 -0.020436694845557213 0.0050185611472571105 -0.0004232972490753951 0.9999873173513004 1.0042335987091064
0.9999978919711336 4.1422896789723506e-05 -0.002052885148372291 -0.004327821079641581 -4.1150399290627076e-05 0.9999999903379445 0.00013278085494056882 -0.02443903498351574 0.002052890628704851 -0.00013269609799114042 0.9999978840136673 1.180185079574585
0.9999990073745783 3.8751830073849834e-05 -0.0014084559468123432 -0.003784715197980404 -3.858330560077435e-05 0.9999999920941443 0.00011967890501694173 -0.025290822610259056 0.001408460573453884 -0.00011962444333439707 0.9999990009639039 1.226660966873169
0.9999992878169274 4.0485265235409756e-05 -0.0011927810282659915 -0.0036437883973121643 -4.038216724871566e-05 0.9999999954470676 8.645892198109579e-05 -0.025687631219625473 0.0011927845231477284 -8.641069332354055e-05 0.999999284898881 1.2467082738876343
0.9999986604791443 4.933313681331064e-05 -0.0016360336668302714 -0.00401480495929718 -4.921835777546032e-05 0.9999999963249618 7.019707961657159e-05 -0.026504214853048325 0.0016360371238599175 -7.011646269577268e-05 0.9999986592322069 1.278996467590332
0.999998876280147 4.2456482915888296e-05 -0.0014985445906189124 -0.003765921574085951 -4.240968524997389e-05 0.9999999986120995 3.126050695292208e-05 -0.02602972835302353 0.0014985459157502612 -3.119691902044861e-05 0.9999988766928143 1.250247836112976
0.9999989363755528 3.107166683676148e-05 -0.001458177737653197 -0.003869460429996252 -3.096237272603063e-05 0.9999999967100371 7.49750445502942e-05 -0.02459690347313881 0.0014581800624554517 -7.492981616238988e-05 0.999998934047646 1.1943700313568115
0.9999966253052109 6.783341322584032e-05 -0.002597070814912044 -0.004952038172632456 -6.712515585349506e-05 0.999999960537154 0.00027280011707473827 -0.026843354105949402 0.002597089217387308 -0.00027262486767439117 0.9999965903958266 1.3021464347839355
0.9999988791747395 4.979741064260056e-05 -0.001496385472695051 -0.0038805739022791386 -4.972947317472911e-05 0.999999997731174 4.54382204186025e-05 -0.02820468321442604 0.0014963877320057337 -4.5363755029073814e-05 0.9999988793823149 1.3625489473342896
0.9999999885435698 2.848435171348829e-05 -0.0001486657398309233 -0.002723991870880127 -2.8481703303575826e-05 0.9999999994356804 1.7816614237058792e-05 -0.027907822281122208 0.0001486662472417346 -1.7812379779450724e-05 0.999999988790533 1.3627915382385254
0.9999999183801924 3.1304538139203816e-05 0.00040281463999886644 -0.0022513619624078274 -3.126161625377458e-05 0.9999999938337552 -0.00010656078429776163 -0.028906328603625298 -0.000402817973351149 0.0001065481829635939 0.9999999131925786 1.41062593460083
0.9999999956561237 3.7176088236416394e-05 8.547333689017452e-05 -0.002690384164452553 -3.718437243332107e-05 0.9999999946117368 9.692187056587852e-05 -0.0293069276958704 -8.546973325360947e-05 -9.692504841725393e-05 0.99999999165023 1.4496921300888062
0.9999998424087315 5.1426303513475344e-05 -0.0005590508452417364 -0.003199126338586211 -5.144504972616525e-05 0.9999999981149792 -3.3517885713608065e-05 -0.032835714519023895 0.0005590491204869499 3.3546640830014854e-05 0.9999998431693397 1.5989439487457275
0.9999992759558018 4.880094318957628e-05 -0.0012023752908916637 -0.003603631164878607 -4.892618369856413e-05 0.9999999933814068 -0.00010413172011307092 -0.02927120216190815 0.0012023702012074731 0.0001041904723514599 0.9999992717248573 1.4074764251708984
0.9999976246428065 4.6243982945746815e-05 -0.0021791214373565373 -0.004501452669501305 -4.583832845246828e-05 0.9999999816133395 0.00018620464121612608 -0.028142843395471573 0.0021791300081340243 -0.00018610431162940873 0.9999976083759365 1.3626720905303955
0.999992793871193 7.009297448261341e-05 -0.0037956939629565497 -0.005900869145989418 -6.945906941713448e-05 0.9999999836201741 0.0001671379343436597 -0.03118034638464451 0.0037957056159787107 -0.0001668730845557171 0.9999927823600779 1.4853383302688599
0.9999958633103682 5.823784847593191e-05 -0.0028757556406692427 -0.005044314078986645 -5.786565880512596e-05 0.9999999899398427 0.00012950629459886108 -0.03206203132867813 0.00287576315390665 -0.00012933935137680506 0.9999958566202238 1.5329588651657104
0.9999993311016548 6.0232797689969785e-05 -0.0011550620124832426 -0.003873891895636916 -6.004210585915161e-05 0.9999999845641326 0.00016512625389514355 -0.03418644517660141 0.001155071940670103 -0.0001650567910868382 0.999999319282302 1.679154396057129
0.9999679891752876 0.00012633280153207083 -0.008000291541901534 -0.009480096399784088 -0.00012452074317065675 0.9999999664835307 0.00022699674497557662 -0.033916741609573364 0.008000319950894737 -0.0002259932763741834 0.9999679713909454 1.6022394895553589
0.9999707885652542 9.720869323985886e-05 -0.007642811436505801 -0.009344169870018959 -9.285858797895774e-05 0.9999998335070721 0.0005695288500947945 -0.03208548575639725 0.007642865527187027 -0.0005688025126617705 0.9999706311038515 1.5106796026229858
0.9999999601371723 4.5754497436562545e-05 -0.0002786255186924919 -0.002889133058488369 -4.5783125789785847e-05 0.999999993673892 -0.00010274298549777484 -0.031931400299072266 0.0002786208159762102 0.00010275573774931945 0.9999999559058486 1.5502902269363403
0.99999845908255 5.526317737375861e-05 -0.00175464483784504 -0.004175679292529821 -5.5177235651787184e-05 0.9999999972758677 4.902792470419474e-05 -0.032024115324020386 0.0017546475425040545 -4.8931032704507054e-05 0.9999984594076912 1.5543100833892822
0.999999202069082 2.9948203082610558e-05 -0.0012629189620607083 -0.003550697350874543 -3.003578209861033e-05 0.9999999971457683 -6.932759553854289e-05 -0.029958341270685196 0.0012629168822191341 6.93654729786636e-05 0.9999992001143702 1.4356584548950195
0.9999995514886326 3.643331401420587e-05 -0.0009464117220034414 -0.003416879568248987 -3.638801076844406e-05 0.9999999981914408 4.7885607556232374e-05 -0.029024450108408928 0.0009464134649231764 -4.7851148039061403e-05 0.9999995510058098 1.4090814590454102
0.9999996407949848 3.8986434212611006e-05 -0.0008466935448464399 -0.0033216720912605524 -3.896735147483822e-05 0.9999999989864212 2.2554436184473714e-05 -0.027940399944782257 0.000846694423305292 -2.2521434677853617e-05 0.9999996413006047 1.3574320077896118
0.9999986517061679 4.519440737778657e-05 -0.001641506415449937 -0.003978987690061331 -4.5206171810661625e-05 0.9999999989527844 -7.129749168544377e-06 -0.028800051659345627 0.0016415060915061373 7.2039457765926814e-06 0.9999986527020197 1.3831148147583008
0.9999988918175796 4.066076835547767e-05 -0.001488190281849951 -0.003762118984013796 -4.0740573021870527e-05 0.9999999977338891 -5.359503520524079e-05 -0.03011052869260311 0.001488188099262235 5.365560553701309e-05 0.999998891208014 1.4442781209945679
0.9999999655581027 1.2510344315551438e-05 0.00026215889187670044 -0.0021916688419878483 -1.2472043569813556e-05 0.9999999892498269 -0.00014609857608177223 -0.026465315371751785 -0.00026216071680193784 0.0001460953013927384 0.9999999549639597 1.279841661453247
0.9999999883576448 3.144615834236905e-05 -0.00014931794884993487 -0.0027631407137960196 -3.1442209802581966e-05 0.9999999991559955 2.6446112729089004e-05 -0.02606884390115738 0.00014931878035255824 -2.644141753491893e-05 0.9999999885023768 1.2796218395233154
0.9999996402489144 3.185899377570503e-05 -0.0008476361519668833 -0.003232788061723113 -3.1889207268413105e-05 0.9999999988567578 -3.563092121968347e-05 -0.027376584708690643 0.0008476350158325327 3.565793884635916e-05 0.9999996401216308 1.3211443424224854
0.9999998482542561 3.607609567669194e-05 -0.0005497180912427885 -0.0031373139936476946 -3.6045835590147345e-05 0.9999999978347474 5.505636200628795e-05 -0.030122853815555573 0.0005497200762710932 -5.503653860378148e-05 0.9999998473893968 1.470494270324707
0.9999999717510691 3.321651316929963e-05 -0.00023536041292810078 -0.0028184340335428715 -3.322271106655373e-05 0.9999999991014968 -2.632978297443103e-05 -0.029802069067955017 0.0002353595381330458 2.633760154163803e-05 0.9999999719561088 1.4509835243225098
0.9999999702950554 2.791408360566085e-05 0.0002421377549918108 -0.0023134401999413967 -2.7877784750268048e-05 0.9999999883746082 -0.00014991201595111628 -0.028528323397040367 -0.0002421419368334113 0.00014990526123377456 0.9999999594478467 1.3842923641204834
0.999998965250097 3.962039257439067e-05 -0.0014380295404762514 -0.0038854852318763733 -3.937857387353917e-05 0.9999999850811152 0.00016818768316457608 -0.028894145041704178 0.001438036182684488 -0.00016813088157989532 0.9999989518914224 1.4158813953399658
0.9999834146613157 7.188552006171005e-05 -0.005758926529075601 -0.0077130855061113834 -6.885338400570008e-05 0.9999998589193765 0.0005267071659509731 -0.03360426425933838 0.0057589635792212 -0.0005263019087544712 0.9999832785325933 1.6246979236602783
0.9999989735620624 -0.00018043113206033315 -0.0014213794104258007 -0.003393481019884348 0.00017990432946874985 0.999999915090601 -0.00037074684496475255 -0.033165719360113144 0.001421446184010274 0.00037049075210637226 0.9999989211130923 1.4805710315704346
0.999999511602737 3.358420832806624e-05 -0.000987758264183104 -0.003380320966243744 -3.3459851464531314e-05 0.9999999915130099 0.00012591433017148244 -0.021496932953596115 0.0009877624845331054 -0.0001258812184304658 0.9999995042394737 1.047441005706787
0.9999995867836755 2.756150653129416e-05 -0.0009086654178031978 -0.0032962437253445387 -2.7463145113247154e-05 0.9999999937627172 0.00010826052409455782 -0.022975191473960876 0.0009086683959587366 -0.00010823552454931345 0.999999581303321 1.1181912422180176
0.9999987064832747 3.96542362297324e-05 -0.0016079363541731586 -0.003956204280257225 -3.9501457478507117e-05 0.9999999947028448 9.504706860437263e-05 -0.024354230612516403 0.0016079401146745814 -9.498342982987718e-05 0.9999987027525264 1.1758290529251099
0.9999949793529496 6.456827545845557e-05 -0.0031681382280559943 -0.0053052837029099464 -6.408558323550924e-05 0.999999986324554 0.00015245960127730957 -0.024501554667949677 0.0031681480287838225 -0.0001522558038453464 0.9999949698154676 1.1653079986572266
0.999996408463714 5.7088103055963536e-05 -0.0026795149974508355 -0.004898434970527887 -5.636186466125546e-05 0.9999999616618268 0.00027110825370549405 -0.02544523775577545 0.0026795303717790523 -0.00027095625754871926 0.9999963733432703 1.228682041168213
0.999999855826524 2.376349771224178e-05 -0.0005364533788985112 -0.002975658979266882 -2.3778831027084534e-05 0.9999999993089786 -2.8576393755953833e-05 -0.024713734164834023 0.0005364526994527427 2.8589145870246546e-05 0.9999998557005707 1.1965034008026123
0.9999994656623683 2.8224302455744938e-05 -0.001033382004237654 -0.003387800883501768 -2.8141958637809874e-05 0.9999999964281083 7.969826655651824e-05 -0.024403337389230728 0.0010333842499745058 -7.966914257711492e-05 0.9999994628847656 1.1841789484024048
0.9999996991246134 2.54425346444009e-05 -0.0007753085580057323 -0.003256118856370449 -2.534923093227908e-05 0.9999999924362183 0.00012035356204465698 -0.024821698665618896 0.0007753116142411394 -0.00012033387235755181 0.9999996922057827 1.2142419815063477
0.9999992883821724 3.359523174682529e-05 -0.00119252107270848 -0.003560873679816723 -3.351838406040222e-05 0.9999999973606297 6.44612927953292e-05 -0.02613695338368416 0.0011925232351530455 -6.442127554420891e-05 0.9999992868688621 1.2662734985351562
0.9999998932891795 1.730650347029998e-05 -0.0004616515074310023 -0.0028784258756786585 -1.7295476850842056e-05 0.9999999995650877 2.3889140115683458e-05 -0.02515944465994835 0.00046165192066771073 -2.3881153083493792e-05 0.9999998931535915 1.2230565547943115
0.9999998602796704 1.9355497587779452e-05 -0.0005282669821117955 -0.00294637493789196 -1.9338194010435948e-05 0.9999999992763935 3.276045231408626e-05 -0.026103150099515915 0.0005282676158243938 -3.275023200739568e-05 0.9999998599303643 1.2714457511901855
0.9999995615967838 2.2299584696671127e-05 -0.0009361137585607632 -0.0033549342770129442 -2.221488683183724e-05 0.9999999956591674 9.04884757202921e-05 -0.027717117220163345 0.0009361157723526783 -9.046764038864516e-05 0.9999995577513358 1.3485407829284668
0.9999994734022682 3.700704894625296e-05 -0.0010255855227139156 -0.0033998158760368824 -3.7102885011426114e-05 0.9999999949474463 -9.34263518118107e-05 -0.028918446972966194 0.0010255820600985155 9.346435479542439e-05 0.9999994697227855 1.3900797367095947
0.9999999998115887 1.0348450994701435e-05 1.6423521767316393e-05 -0.0024006920866668224 -1.0347445232680076e-05 0.9999999980714174 -6.123802357015818e-05 -0.02499298006296158 -1.6424155454328206e-05 6.123785361712823e-05 0.9999999979900862 1.2129733562469482
0.9999998259597196 2.5174475205461525e-05 -0.000589446160862358 -0.0031757354736328125 -2.5074658956125764e-05 0.999999985346627 0.00016934582167678363 -0.02642606385052204 0.0005894504154171726 -0.00016933101204233268 0.9999998119375905 1.3024293184280396
0.9999982025160361 4.696988197067977e-05 -0.0018954573397548763 -0.004209951963275671 -4.686690582580522e-05 0.999999997423576 5.4372242629950366e-05 -0.02905580773949623 0.0018954598887291935 -5.4283310676077036e-05 0.9999982021409499 1.4009430408477783
