0.9999984015723065 -7.254517516786744e-05 -0.0017865021772692725 -0.003816453507170081 7.273358362782576e-05 0.9999999918006002 0.00010539746203876118 -0.021081600338220596 0.0017864945165436813 -0.00010552723227405076 0.9999983986493904 1.0455195903778076
0.99999499059566 -0.00015424685614476657 -0.0031614856465784105 -0.004990934394299984 0.0001549342330136092 0.9999999644144738 0.0002171783478827408 -0.018210794776678085 0.003161452034997896 -0.00021766708230241846 0.9999949789084303 0.9154253005981445
0.9999787825955836 -5.67965437816701e-05 -0.006513918391204505 -0.008119803853332996 5.943568505897853e-05 0.9999999162368626 0.0004049613159661796 -0.015832163393497467 0.006513894845175151 -0.00040533988294016527 0.9999787022099648 0.8322199583053589
0.9999938696436799 -1.885153160350011e-05 -0.0035014739294618024 -0.005390419624745846 2.00433952469108e-05 0.9999999418785894 0.0003403543450391329 -0.016389383003115654 0.003501467309750507 -0.0003404224399716377 0.9999938119004743 0.8506084084510803
0.9999999813066697 -8.07704758574989e-05 -0.00017567808840342327 -0.0024236179888248444 8.0771774154951e-05 0.999999996710705 7.383124716135928e-06 -0.02078259550035 0.00017567749148706958 -7.397314409001233e-06 0.9999999845413493 1.042718529701233
0.999999322498533 -8.904694048808874e-05 -0.0011606347907418568 -0.0030593741685152054 8.916380261107787e-05 0.99999999096103 0.0001006367551674465 -0.020445721223950386 0.001160625818855765 -0.00010074017359728249 0.9999993213993328 1.0316575765609741
0.9999998637420211 -8.041586282627258e-05 -0.0005157996009157914 -0.002718981821089983 8.042309710788032e-05 0.9999999966679977 1.4004646866894087e-05 -0.02102961391210556 0.0005157984730013845 -1.4046127160041864e-05 0.9999998668773119 1.0509626865386963
0.9999998562367162 -9.805904263387271e-05 -0.0005271726199534192 -0.0026963581331074238 9.809356602030556e-05 0.9999999930461656 6.54623642424179e-05 -0.021236084401607513 0.0005271661971107819 -6.551406707353295e-05 0.999999858901844 1.067352294921875
0.9999333072141026 0.00012053524108423966 -0.011548445571708543 -0.015260032378137112 -0.0001140988669306014 0.9999998378120186 0.0005579940724975688 -0.012930301949381828 0.011548510956639519 -0.0005566391937638181 0.9999331587898724 0.6885544061660767
0.9999898192928229 -5.61344607657255e-05 -0.00451200173207185 -0.006328426767140627 5.723667179467648e-05 0.9999999685560249 0.00024415551005127294 -0.01507631316781044 0.004511987884658679 -0.00024441127633779503 0.9999897910621174 0.7835173606872559
0.9999808116610064 -1.585799400279624e-05 -0.006194841266625887 -0.008668647147715092 1.8319841252623232e-05 0.9999999208901653 0.0003973462549052049 -0.014344231225550175 0.006194834475438491 -0.00039745211899915777 0.9999807328432057 0.7636467218399048
0.99998823123836 -2.532037475605897e-05 -0.004851468195815695 -0.006538938730955124 2.6843646574202436e-05 0.9999999503678433 0.0003139167561035888 -0.01808861829340458 0.004851460006536957 -0.00031404329278972586 0.9999881822864786 0.9218902587890625
0.9999997890710319 -5.206671070668182e-05 -0.0006474155923961476 -0.002798572415485978 5.215640837022581e-05 0.9999999890444133 0.00013853115946128755 -0.019683439284563065 0.0006474083724415264 -0.00013856489711307532 0.9999997808310602 0.9996941685676575
0.9999981250695825 -4.866925863297564e-05 -0.0019358431298008604 -0.0038782982155680656 4.889670071969698e-05 0.9999999919081529 0.00011744278197657094 -0.023333903402090073 0.0019358373982831828 -0.00011753721812168483 0.9999981193575166 1.1591490507125854
0.9999990255873428 -3.061257427507844e-05 -0.0013956673082737821 -0.0033940214198082685 3.06797145080139e-05 0.9999999983733034 4.808480332874427e-05 -0.022846560925245285 0.0013956658340038416 -4.812757514886929e-05 0.9999990248998327 1.1473604440689087
0.9999974741082434 -6.774228454306638e-06 -0.002247605668904362 -0.004108333494514227 7.021236120382171e-06 0.9999999939374165 0.00010989026041334984 -0.02259078249335289 0.002247604910856336 -0.00010990576381255383 0.9999974680932386 1.1379579305648804
0.999996480573853 -7.535843705310972e-06 -0.002653070507692247 -0.004589572083204985 7.99891820421102e-06 0.999999984737249 0.0001745322866366852 -0.023719001561403275 0.0026530691519510586 -0.00017455289407717313 0.9999964653714344 1.1790443658828735
0.9999999987601642 -3.889411315971293e-05 3.109532322457515e-05 -0.002365077380090952 3.88945325054273e-05 0.9999999991526806 -1.3485322028917969e-05 -0.022590957581996918 -3.109479869858649e-05 1.348653145025831e-05 0.9999999994256134 1.1388550996780396
0.999999991402971 -1.4306812119912953e-05 0.00013034328949067123 -0.0023267720825970173 1.4294315627275247e-05 0.9999999953019127 9.587412102711438e-05 -0.021059472113847733 -0.00013034466053134377 -9.58722570347619e-05 0.9999999869093898 1.0818206071853638
0.9999998626422356 -6.704398121224005e-05 -0.0005198274854707353 -0.002667078748345375 6.70702944481265e-05 0.9999999964705116 5.0601902798378344e-05 -0.024117041379213333 0.0005198240910829896 -5.063676083032685e-05 0.9999998636094072 1.202333688735962
0.9999964698910498 -2.5471687779396275e-05 -0.0026569826178536836 -0.004671755246818066 2.5914218729096944e-05 0.9999999857998285 0.0001665196559490246 -0.024063395336270332 0.00265697833858739 -0.00016658792174521525 0.9999964563510075 1.1906790733337402
0.9999981934248775 -6.273105877813174e-05 -0.001899792566416264 -0.00396614009514451 6.293319929255311e-05 0.9999999923654204 0.00010634176770968263 -0.023226849734783173 0.0018997858809804656 -0.00010646113561948738 0.9999981897381779 1.1459126472473145
0.9999938284937219 2.0791699959642698e-05 -0.0035131954362707728 -0.005624348297715187 -1.994795514256436e-05 0.9999999709531707 0.00024019936760806456 -0.023420995101332664 0.0035132003283767674 -0.00024012780415118962 0.999993799861824 1.1760234832763672
0.9999999613492137 -3.706583333525962e-05 -0.000275549805307135 -0.002653509611263871 3.70679050289812e-05 0.9999999992847604 7.513297011933931e-06 -0.02537715807557106 0.00027554952662343604 -7.523510775552972e-06 0.9999999620079268 1.270219087600708
0.999999972330667 -6.777351887466908e-05 -0.0002252674303532486 -0.0025452247355133295 6.777527698216785e-05 0.9999999976728599 7.796910178227007e-06 -0.022211939096450806 0.00022526690140498061 -7.812177524978957e-06 0.999999974596896 1.1051273345947266
0.9999996046858388 -6.678252858280845e-05 0.0008866612995493861 -0.0016075760358944535 6.685995483658944e-05 0.9999999939547505 -8.729401728754868e-05 -0.023115936666727066 -0.0008866554644740927 8.735326491343067e-05 0.9999996031056685 1.1571725606918335
0.9999992742014406 -5.460241679496675e-05 0.0012035843004298413 -0.0013119516661390662 5.4648496871295135e-05 0.9999999977751306 -3.825285357650833e-05 -0.022499337792396545 -0.0012035822090537686 3.831859988551868e-05 0.9999992749605128 1.1424546241760254
0.999996263770705 -7.176026589657337e-05 0.0027326351923728314 5.613821849692613e-05 7.21278691798128e-05 0.9999999883637376 -0.0001344250535264213 -0.020140409469604492 -0.0027326255141975875 0.00013462165043726996 0.9999962573104013 1.0329159498214722
0.9999970225833199 -8.941369683478262e-05 0.002438612245972993 0.00036319452919997275 8.998859168569749e-05 0.999999968188388 -0.00023563802024029318 -0.01659499481320381 -0.002438591099130302 0.0002358567659294038 0.9999969988180151 0.8577980995178223
0.9999977146698321 -5.301137068212699e-05 0.0021372517183274736 4.1174382204189897e-05 5.302030172122598e-05 0.9999999985859279 -4.1220905756214445e-06 -0.015238970518112183 -0.0021372514967875744 4.2353988862434285e-06 0.9999977160664422 0.8123794198036194
0.9999999624004434 -9.109169396123433e-05 0.00025865307867163574 -0.0019347124034538865 9.109235680185458e-05 0.9999999958478378 -2.5508832870319997e-06 -0.019648922607302666 -0.00025865284523338643 2.574444509650174e-06 0.9999999665460384 0.9916548132896423
0.9999987027871408 -1.7767551410316995e-05 -0.0016106235904502972 -0.003920631017535925 1.8000388386451283e-05 0.9999999893908057 0.00014454886646315322 -0.02292824536561966 0.001610621005083462 -0.0001445776708026773 0.999998692497783 1.1539018154144287
0.9999978158052453 -0.00013754876423981426 -0.0020855371192934837 -0.004054842982441187 0.0001379107998440283 0.9999999754477422 0.0001734506444189672 -0.02055123634636402 0.002085513210167043 -0.00017373788366120566 0.9999978102225013 1.024692177772522
0.9999950007832092 -0.00014949230582665795 -0.003158490246912194 -0.004996835254132748 0.0001501277501302314 0.9999999685403859 0.00020094995892261703 -0.018277373164892197 0.0031584601070745945 -0.0002014231313647855 0.9999949917666959 0.9138028621673584
0.9999845036179883 -0.0001019384064544147 -0.005566159577935746 -0.007153727114200592 0.00010370745841670465 0.9999999442081375 0.00031753501395047877 -0.01659151166677475 0.005566126898376021 -0.00031810734556957 0.9999844583987634 0.853181004524231
0.9999889086390804 -9.99954599541051e-05 -0.004708779006145823 -0.00638761930167675 0.00010139796373264648 0.9999999505730937 0.00029761092584007075 -0.01608913205564022 0.004708749013664028 -0.0002980850855327689 0.9999888693520583 0.8343303799629211
0.9999865366321825 -0.00010199532639419935 -0.005188077806463665 -0.006834669969975948 0.00010367824255520622 0.9999999421006193 0.00032411352930442885 -0.016493072733283043 0.005188044448011963 -0.0003246470564339831 0.9999864893082776 0.850415050983429
0.9999892022466804 -8.474793540172593e-05 -0.004646311207279406 -0.006318192463368177 8.609572152711019e-05 0.9999999542793244 0.0002898773456336841 -0.017833951860666275 0.0046462864283403574 -0.00029027424312544326 0.9999891638229333 0.8951386213302612
0.9999902834963589 -0.00011045582191768749 -0.004406893734040765 -0.006122254300862551 0.00011154342646072753 0.9999999633852933 0.00024655116297572934 -0.016940128058195114 0.004406866339672292 -0.00024704032738759974 0.9999902592026289 0.8583095073699951
0.9999895534010468 -0.00010733359755218067 -0.004569635464046562 -0.006270334590226412 0.00010865305036597633 0.9999999524822029 0.0002884962858814403 -0.01622813194990158 0.004569604281563307 -0.00028898977690867137 0.9999895175458686 0.8374661803245544
0.9999867383563295 -5.776225339638596e-05 -0.005149735429322069 -0.0067734140902757645 5.9439786518354465e-05 0.9999999452261437 0.00032559886611144946 -0.017786893993616104 0.0051497163399269906 -0.0003259006473098525 0.9999866870165754 0.9020594954490662
0.9999892975021342 -5.9598671620002296e-05 -0.004626157064613245 -0.00637842295691371 6.131696551774381e-05 0.9999999291923001 0.00037128913893401833 -0.017997996881604195 0.004626134608706236 -0.0003715688271260119 0.9999892303496017 0.9107710123062134
0.9999886784656772 -0.00011387362932496283 -0.0047570971469132325 -0.006409383844584227 0.00011515039837998026 0.9999999574261749 0.0002681194401702502 -0.017807185649871826 0.004757066412651666 -0.0002686641862784051 0.9999886490049278 0.8950084447860718
0.9999921202824743 -0.00012769498595968662 -0.003967753388510308 -0.005716048646718264 0.0001286022747556008 0.9999999656448588 0.00022841133118797223 -0.01915961317718029 0.003967724085215851 -0.00022891979348263445 0.9999921023494694 0.9480514526367188
0.999997578295545 -5.2697866998674914e-05 -0.002200142263621585 -0.004183384124189615 5.30806578322336e-05 0.9999999834659989 0.00017392655262657094 -0.019849415868520737 0.002200133061686093 -0.0001740429164265411 0.9999975645588214 0.9981011152267456
0.999999215215209 -7.213942489190928e-05 -0.0012507457255717897 -0.003375689033418894 7.220837237868694e-05 0.9999999958760707 5.508003332302266e-05 -0.02098461240530014 0.0012507417469718753 -5.517030441015334e-05 0.999999216300353 1.0372024774551392
0.999999874148255 -6.206504813446669e-05 -0.0004978467672123284 -0.002468099119141698 6.203567585219878e-05 0.999999996334469 -5.901386530867418e-05 -0.0169749204069376 0.0004978504280858468 5.898297362100141e-05 0.9999998743329719 0.8604490756988525
0.9999997943311967 -1.927995594376504e-05 -0.0006410661802923294 -0.0025880958419293165 1.9382590374847762e-05 0.9999999869971513 0.00016009376026684236 -0.016042321920394897 0.0006410630853559981 -0.00016010615286372605 0.9999997817020463 0.8288165330886841
0.999996879861625 -2.6636427190677933e-05 -0.0024979106299587114 -0.004333281423896551 2.6954272220584934e-05 0.9999999915454425 0.00012721077777403685 -0.016726389527320862 0.002497907220399362 -0.00012727771022191 0.9999968721250595 0.8482372164726257
0.9999999788798335 2.8062899238511386e-06 -0.00020550537041471353 -0.002263226779177785 -2.757564839368844e-06 0.9999999718882919 0.0002370987372962178 -0.016981150954961777 0.00020550603000540397 -0.0002370981655942692 0.9999999507758646 0.8817287683486938
0.9999976794854568 -4.813707401636573e-05 -0.0021537656611619336 -0.004141250159591436 4.8305103419528704e-05 0.9999999957940676 7.796461609415445e-05 -0.018977105617523193 0.0021537618991148456 -7.806847304913284e-05 0.9999976776048007 0.9404770135879517
0.9999985215316785 1.3060044255640167e-05 -0.0017195243215606575 -0.0035987396258860826 -1.2757804700477607e-05 0.9999999844692915 0.00017578013323277087 -0.01568341627717018 0.001719526590551546 -0.00017575793599194014 0.9999985061676104 0.8120680451393127
0.999996219225053 -1.3316664515500178e-05 -0.0027497924042348323 -0.004851947538554668 1.4115260551261443e-05 0.9999999577339274 0.0002904012792933422 -0.01897083781659603 0.0027497884208354953 -0.00029043899538770847 0.9999961771471083 0.9561648368835449
0.9999962165108073 -5.442171974924654e-05 -0.002750273140480519 -0.004702349193394184 5.485347130244475e-05 0.9999999861852079 0.00015690978512472264 -0.019144460558891296 0.0027502645631857156 -0.0001570600534870316 0.9999962056812877 0.9450080394744873
0.9999990873900924 -3.897199505882537e-05 -0.0013504444328967643 -0.003487048204988241 3.903419689363956e-05 0.9999999981786039 4.603394355846318e-05 -0.01433821115642786 0.001350442636402449 -4.608661506131781e-05 0.9999990870899382 0.7449328303337097
0.9999992245268351 -0.00011805612889720223 0.001239761460614957 -0.0009932975517585874 0.00011821710299311874 0.9999999845921904 -0.0001297703193903603 -0.015790801495313644 -0.0012397461213313954 0.0001299167797652364 0.9999992230752909 0.8215256929397583
0.9999975257249912 -6.865201982904003e-05 0.0022234726883403008 -5.583016900345683e-05 6.878374239135077e-05 0.999999995884126 -5.916540179190715e-05 -0.014244740828871727 -0.00222346861736443 5.931819417304112e-05 0.9999975263312703 0.7537571787834167
0.9999996960929696 -0.00018326779754665681 -0.0007577775943618278 -0.0029544634744524956 0.00018333189263008664 0.9999999796233681 8.451437788036587e-05 -0.014902055263519287 0.0007577620901569777 -8.46532769964193e-05 0.9999997093151762 0.7768664360046387
0.9999814655020576 -4.1731004416002216e-05 -0.006088260086505142 -0.00853249616920948 4.4063789649445104e-05 0.9999999256741184 0.0003830275976689773 -0.014522898942232132 0.006088243649863473 -0.00038328877025653913 0.9999813930163796 0.7644677758216858
0.9999898625659411 -0.0001540017846087178 -0.004500116531905225 -0.006440622732043266 0.00015516910211726926 0.9999999544080341 0.0002590491835022085 -0.016114437952637672 0.004500076432699505 -0.00025974483644987156 0.999989840870756 0.82440185546875
0.9997801815339222 0.0004715413851195532 -0.02096106535268306 -0.02664344757795334 -0.0004486611135458836 0.9999992984694885 0.0010962498510519452 -0.008572233840823174 0.02096156757502937 -0.0010866044601690063 0.9997796917199031 0.49824976921081543
0.999734837233243 0.00045920188522177496 -0.02302269219377705 -0.029821695759892464 -0.0004306961656106814 0.9999991346002475 0.0012431007878625233 -0.007225523237138987 0.023023243104170237 -0.0012328553785683615 0.9997341698394536 0.43225792050361633
0.9997281267207387 0.0005193020105182356 -0.02331100531647868 -0.0292339064180851 -0.0004902464642811466 0.9999990959165728 0.0012521279654123087 -0.0076429033651947975 0.023311634473954963 -0.0012403594073410545 0.999727477469082 0.4649622440338135
0.999700521495553 0.0005082708561266996 -0.024466486921019555 -0.031134726479649544 -0.00047720715338035844 0.9999990727309105 0.0012754648768264006 -0.007184451911598444 0.024467112515627408 -0.0012634073199358164 0.9996998370546489 0.4405789375305176
0.9992889812630182 0.0007729392308315035 -0.03769528473516114 -0.047283388674259186 -0.0007024696220645646 0.9999979810562181 0.0018826629857855066 -0.006638060789555311 0.03769666381458057 -0.001854844584705666 0.9992875067210725 0.4356228709220886
0.9986625369736751 0.0009916809734144866 -0.05169287972390772 -0.06406767666339874 -0.0008666662886964527 0.9999966457571015 0.002440771208149806 -0.005827689543366432 0.05169512679980058 -0.002392706290680836 0.998660046673421 0.4134339392185211
0.9982182750504691 0.0011261935730492569 -0.059657413984366095 -0.07351787388324738 -0.00095753878177668 0.9999954644174641 0.0028555671908767856 -0.005240251310169697 0.059660359324658865 -0.0027933550680572013 0.9982148259231157 0.4123062789440155
0.9981502878104429 0.001179398562691079 -0.060783319775744804 -0.07397518306970596 -0.0010052886825575409 0.9999953043583137 0.0028949362667231257 -0.00577046163380146 0.060786448642726684 -0.002828476684363745 0.9981467864903695 0.44026637077331543
0.9988650010586612 0.0009587633238752654 -0.0476213233013307 -0.05828706920146942 -0.0008484497293412838 0.9999969101316234 0.0023366343879607982 -0.006576464045792818 0.047623416437062256 -0.0022935780115382787 0.9988627281597644 0.45414143800735474
0.9998674633221484 0.00032532417295053474 -0.016277283370238874 -0.019760871306061745 -0.00031084657759228036 0.999999553892803 0.0008919577346709309 -0.012905854731798172 0.01627756628423795 -0.0008867797797278551 0.9998671183999825 0.7247787714004517
0.9999773606496138 3.1634318745153246e-05 -0.006728832551197569 -0.009121046401560307 -2.8875307078162805e-05 0.999999915481831 0.00041012503885522384 -0.014063364826142788 0.006728844956515167 -0.00040992145678457365 0.9999772770468089 0.7465081810951233
0.9999911255673726 -0.00013882935342045282 -0.004210642814361172 -0.005930531769990921 0.00013996424902489426 0.999999953960783 0.000269236775171567 -0.01616715081036091 0.004210605242539058 -0.000269823725307369 0.9999910989597103 0.8330520391464233
0.9999858062050143 -7.640135673066724e-05 -0.005327433841948044 -0.007015034556388855 7.793874660980408e-05 0.9999999553833375 0.0002883728051623836 -0.01577819511294365 0.005327411572182167 -0.0002887839255741957 0.9999857675436111 0.8133918046951294
0.9999853446770959 -4.7489169825107846e-05 -0.005413702596983663 -0.007112337276339531 4.941519116249155e-05 0.9999999355410669 0.00035563464531183854 -0.015814214944839478 0.0054136853592281035 -0.0003558969525200024 0.9999852825657938 0.825204074382782
0.9999841048825782 -4.551519593080824e-05 -0.005638076849075395 -0.00732071278616786 4.723436413513661e-05 0.9999999524365178 0.00030478824950871475 -0.015578852035105228 0.005638062708411933 -0.0003050497158386111 0.9999840594697332 0.8074840307235718
0.999970864808951 -7.225389812436469e-05 -0.007633106354079826 -0.00966484472155571 7.583332078683799e-05 0.9999998873103179 0.0004686455579832335 -0.016170404851436615 0.007633071632439095 -0.00046921074770811647 0.9999707576018052 0.8382708430290222
0.9999723089945358 -7.478976799031671e-07 -0.0074418575354107275 -0.00925846304744482 4.3695851485003995e-06 0.9999998815772122 0.00048664819794339936 -0.016797268763184547 0.007441856290162153 -0.0004866672399956549 0.9999721905782951 0.8748955130577087
0.9999958623314991 -9.336448372317969e-05 -0.0028751700740214632 -0.004669589456170797 9.386155251742076e-05 0.9999999806739273 0.0001727488175772113 -0.021320916712284088 0.00287515388985155 -0.00017301797072676956 0.9999958517688418 1.0509092807769775
0.9999972215827684 -3.126250806814654e-05 -0.002357084936840822 -0.004385241772979498 3.1550882918985544e-05 0.9999999920227983 0.00012230676722916462 -0.02192491665482521 0.0023570810944215826 -0.00012238079552080738 0.9999972145919485 1.0905663967132568
0.9999999444865129 -8.964949257947728e-05 -0.0003209204565060846 -0.002385694533586502 8.965760691716582e-05 0.9999999956614631 2.527027886612497e-05 -0.02209421806037426 0.0003209181896460817 -2.529905042342477e-05 0.9999999481857353 1.0964088439941406
0.9999906805029882 -0.0001677508279095447 -0.00431401979943082 -0.0060950228944420815 0.00016855639325299117 0.9999999684276587 0.00018636905167557889 -0.01705685444176197 0.004313988399664401 -0.00018709447042757277 0.9999906772064159 0.8593460917472839
0.9999587705029752 3.19229450424695e-05 -0.00908054376694679 -0.011315207928419113 -2.7118342349106204e-05 0.9999998595889193 0.0005292322144997652 -0.015214690007269382 0.009080559386588728 -0.000528964145227164 0.9999586309633811 0.7975615859031677
0.9999903147849987 -6.704145642141725e-05 -0.004400663772906016 -0.0061188871040940285 6.819743625921923e-05 0.9999999632126266 0.0002625335305917769 -0.018576595932245255 0.004400646010386906 -0.0002628311018852391 0.9999902825700372 0.931613028049469
0.999985350960755 -6.179076514265769e-05 -0.005412397416736888 -0.007017233874648809 6.407552413355787e-05 0.9999999089211996 0.0004219619880090374 -0.019047338515520096 0.005412370850428124 -0.0004223026088726118 0.9999852638425647 0.9576141834259033
0.9999835793178387 -8.434954311570444e-05 -0.005730094225943481 -0.007281711790710688 8.646729855921224e-05 0.9999999280564137 0.0003693380207095933 -0.02052418887615204 0.005730062660206651 -0.00036982742169555227 0.9999835146689109 1.0043878555297852
0.999964872454981 -0.0001386216123362288 -0.008380610964730778 -0.009656109847128391 0.0001429702190103952 0.9999998554663936 0.0005182921072369361 -0.018644994124770164 0.008380537906963286 -0.0005194720786926747 0.999964747745214 0.9476968050003052
0.9999436146591644 -0.00010259271815225619 -0.010618708824465391 -0.011826393194496632 0.00010973199833187937 0.9999997683554485 0.000671749907305702 -0.01878877729177475 0.010618637448050439 -0.0006728772425972351 0.9999433942853782 0.9666571021080017
0.9999614901732169 -1.4095626719045009e-05 -0.008775988370133872 -0.009974018670618534 1.834044291660312e-05 0.9999998828949255 0.00048360496640937836 -0.021479029208421707 0.008775980525706014 -0.00048374729837962974 0.9999613733311721 1.0672508478164673
0.9999708905568909 -9.902806498204644e-05 -0.007629431977619509 -0.00903140939772129 0.00010283185297820224 0.999999870622642 0.000498176986349782 -0.024009622633457184 0.007629381657040777 -0.0004989470333225692 0.9999707713665382 1.1611416339874268
0.9999764883764083 -2.079286706047767e-05 -0.006857278034600843 -0.008149608038365841 2.2962541992104498e-05 0.9999999497052554 0.00031632611071180005 -0.023823412135243416 0.006857271112389027 -0.00031647613390617374 0.9999764385603033 1.168043613433838
0.9999756714417103 -0.00012034327261441322 -0.006974384718184672 -0.008350233547389507 0.00012336355798050813 0.9999998988083236 0.0004326254441419173 -0.02337632328271866 0.006974331948873227 -0.00043347530390214206 0.9999755850984702 1.1344070434570312
0.9999686854200955 -0.00017727118737185426 -0.007911811052605121 -0.009140991605818272 0.00018065269977445545 0.9999998926509958 0.00042668794118548185 -0.01956600323319435 0.007911734563802111 -0.00042810386965861177 0.9999686100989714 0.973059892654419
0.9999834893435501 -5.996056356827314e-05 -0.005746080840757138 -0.007369524333626032 6.21222304322762e-05 0.9999999273746148 0.00037602073478186786 -0.017324842512607574 0.0057460578770306345 -0.00037637148579076993 0.9999834204442482 0.8857743740081787
0.9999994327663302 -4.092566223607515e-05 -0.0010643270682707334 -0.0033755358308553696 4.1062521619347245e-05 0.9999999908923036 0.00012856617861659766 -0.020476913079619408 0.0010643217969211643 -0.00012860980964278325 0.9999994253391498 1.0257072448730469
0.9999991776256505 -5.894614570381682e-05 -0.0012811219203938005 -0.00349578564055264 5.908335359712597e-05 0.9999999925234202 0.00010706221102521701 -0.021426908671855927 0.0012811155999106997 -0.00010713781595942449 0.9999991736318127 1.0533151626586914
0.9999945549402557 -6.716079109260137e-05 -0.0032993301242143598 -0.005143251270055771 6.7918525796439e-05 0.9999999713465475 0.00022955169058016172 -0.01953321509063244 0.003299314612804024 -0.00022977452629564446 0.9999945308484208 0.966790497303009
0.9999911351367434 -6.0838688567530856e-05 -0.00421021930320374 -0.005950598511844873 6.213458187318219e-05 0.9999999507401581 0.0003076669870849786 -0.019014840945601463 0.004210200377752994 -0.0003079258598752085 0.9999910896575248 0.9411042928695679
0.9999909843768992 -5.0803825173880344e-05 -0.004246007994706159 -0.0060261813923716545 5.224131859665985e-05 0.9999999413640881 0.0003384415232993017 -0.02025032415986061 0.004245990551613628 -0.0003386602890945015 0.9999909283955749 0.993260383605957
0.9999884639272332 -3.2616073794906926e-05 -0.004803222735243213 -0.006599886808544397 3.422153526481954e-05 0.9999999435813457 0.0003341649172688907 -0.02112552896142006 0.004803211565104248 -0.0003343254359743079 0.9999884086254018 1.0315272808074951
0.9999946185983268 -4.9217249227673364e-05 -0.0032802975550291374 -0.005285695195198059 4.977921742423257e-05 0.9999999841003363 0.00017123480041370288 -0.022305065765976906 0.0032802890751676603 -0.0001713971695756694 0.9999946051487447 1.0798766613006592
0.9999959657206705 -4.8733454684858465e-05 -0.002840099898659955 -0.004900308791548014 4.922326282934377e-05 0.9999999839290438 0.00017239194562056605 -0.021289130672812462 0.0028400914517617637 -0.00017253104912707656 0.9999959520485986 1.033607006072998
0.9999955320376627 -5.5444519015724556e-05 -0.0029887841369212694 -0.0049212416633963585 5.603643003482778e-05 0.999999978835738 0.00019796070802761425 -0.019916702061891556 0.0029887730978296182 -0.00019812730433980432 0.9999955139804082 0.976546049118042
0.9999933636186036 -4.368697297030674e-05 -0.0036429123238759568 -0.005453953053802252 4.452138669923454e-05 0.9999999727951777 0.00022897050007347457 -0.01910977251827717 0.003642902221743127 -0.00022913116804619026 0.9999933383589665 0.9486402273178101
0.999993331350146 -4.3798142254869515e-05 -0.0036517580642319303 -0.005511847790330648 4.4809302826111684e-05 0.9999999606826335 0.0002768155660749236 -0.019885104149580002 0.003651745796646879 -0.00027697735282178717 0.9999932939956061 0.9790865182876587
0.9999916040361247 -0.00012968237498121095 -0.004095734334603176 -0.005814441945403814 0.00013048647469639533 0.9999999722669697 0.00019605953080441816 -0.01781834475696087 0.00409570879555046 -0.00019659232263029552 0.9999915932251233 0.8859647512435913
0.9999866353088918 -2.3138201437648037e-05 -0.005169977584588127 -0.006887416355311871 2.50892166442318e-05 0.9999999285040414 0.0003773094794561785 -0.019020691514015198 0.0051699684846928835 -0.0003774341475191989 0.9999865643944081 0.9487972259521484
0.9999985210971155 -3.9742206322732885e-05 -0.0017193673658863838 -0.00395615492016077 3.9912185574593696e-05 0.9999999943200902 9.88273098105395e-05 -0.023111801594495773 0.0017193634285051953 -9.88957873639241e-05 0.9999985170034124 1.135567545890808
0.9999995005505498 -4.286065258869175e-05 -0.0009985297268664162 -0.0033155104611068964 4.2940457265109775e-05 0.9999999958859831 7.990088228027234e-05 -0.023227611556649208 0.0009985262981544911 -7.994371969688507e-05 0.9999994982769909 1.1481049060821533
0.9999999132270282 -3.996619323786565e-05 -0.00041466690219572037 -0.002828580792993307 3.9982389273904484e-05 0.9999999984382638 3.90497263683202e-05 -0.024028876796364784 0.00041466534087921005 -3.906630235336199e-05 0.9999999132632359 1.193160057067871
0.9999992505940123 -2.585348013525648e-05 -0.0012239865240605953 -0.0035798174794763327 2.5987535725522832e-05 0.9999999936663261 0.00010950796938050983 -0.024064207449555397 0.0012239836851461528 -0.00010953969570810347 0.9999992449322116 1.1913089752197266
0.9999994461889656 -3.927428651250761e-05 -0.0010517030439269653 -0.0033565680496394634 3.932787515956416e-05 0.999999997929547 5.0933529640536386e-05 -0.02454352006316185 0.0010517010413714273 -5.097486267900214e-05 0.9999994456630878 1.213193655014038
0.9999987024088274 -2.134645158765786e-05 -0.001610815008125057 -0.003961608745157719 2.1580301575601263e-05 0.9999999892317649 0.0001451577085008297 -0.02415717951953411 0.0016108118921774257 -0.00014519228201912636 0.9999986921012692 1.1961004734039307
0.999997524056949 -5.530828283788702e-06 -0.002225275124994279 -0.004536847583949566 5.887633976067618e-06 0.9999999871288894 0.00016033576343568132 -0.025506846606731415 0.0022252742095629414 -0.000160348468058894 0.9999975112184336 1.2608673572540283
0.9999995941099235 -4.758388620646926e-05 -0.0008997309388065183 -0.0032547134906053543 4.759714260969364e-05 0.9999999987590297 1.4712335094612046e-05 -0.02627035230398178 0.0008997302376198997 -1.4755153744825956e-05 0.9999995951338106 1.2950000762939453
0.9999999998499732 -1.0287028594733225e-05 -1.393665594538223e-05 -0.0025548862759023905 1.0287163899557986e-05 0.9999999998999594 9.708520542077542e-06 -0.025985512882471085 1.3936556072159568e-05 -9.708663909284927e-06 0.999999999855757 1.3070281744003296
0.999998176450553 -6.558900325034422e-05 0.0019086103980202008 -0.0007860962650738657 6.585918871896374e-05 0.9999999878203218 -0.00014149884662969562 -0.02454034611582756 -0.0019086010940056286 0.0001416242881319463 0.9999981685905355 1.2382879257202148
0.9999992315821701 -2.5754956388441575e-06 0.001239688846518749 -0.0015413571381941438 2.5902032304104407e-06 0.999999999926288 -1.1862332583759916e-05 -0.025702685117721558 -0.0012396888158759834 1.186553451458701e-05 0.9999992315151291 1.3151798248291016
0.9999999815609247 -2.9373371114364216e-05 0.0001897771198324091 -0.002403082326054573 2.9384188955465626e-05 0.9999999979437656 -5.700033645905227e-05 -0.029381053522229195 -0.0001897754451501464 5.7005911854767353e-05 0.999999980367803 1.4707655906677246
0.9999981512444974 -1.8110996283526267e-05 -0.001922805132800589 -0.004174117464572191 1.8358869302508147e-05 0.9999999915245646 0.00012889461713617975 -0.027771346271038055 0.0019228027820940468 -0.00012892967936967438 0.9999981431015753 1.374045491218567
0.9999977756731538 -9.600191927597235e-06 -0.0021091601600401635 -0.004359175451099873 9.972103692134823e-06 0.9999999844056886 0.00017632123917082383 -0.02466154471039772 0.0021091584344315266 -0.00017634187973857729 0.9999977601746114 1.216722011566162
0.999989087192596 1.4168339856481808e-05 -0.004671755021032145 -0.006657830905169249 -1.2660336964576824e-05 0.9999999478131792 0.0003228209325047482 -0.02838011458516121 0.0046717593510647885 -0.0003227582636293036 0.9999890351857209 1.3803000450134277
0.9999944544685637 -5.717275169980597e-05 -0.0033298293344172425 -0.005186301190406084 5.718312861118481e-05 0.9999999983604814 3.0211441088927123e-06 -0.030345071107149124 0.003329829156230803 -3.211537414126359e-06 0.9999944560983709 1.4534214735031128
0.9999998773880802 2.8555188204837996e-05 -0.0004943768055893604 -0.003110439283773303 -2.852182020918018e-05 0.9999999973149939 6.750198578251005e-05 -0.028894877061247826 0.0004943787317938639 -6.748787697959738e-05 0.9999998755175203 1.461351990699768
0.9999659893879528 -1.527542261183141e-05 -0.00824741377854424 -0.00948240328580141 1.9608780756257663e-05 0.9999998618168722 0.0005253396355435044 -0.029537644237279892 0.008247404614105858 -0.0005254834901495563 0.9999658515090568 1.4201273918151855
0.9999692225790388 3.2807991715211585e-05 -0.00784556042029841 -0.009384994395077229 -2.9813124062917434e-05 0.9999999266530373 0.00038184433698913695 -0.027673736214637756 0.007845572372396229 -0.0003815986841390823 0.9999691502124421 1.3257150650024414
0.999999999082455 -2.6223983055332202e-05 -3.3873182638251195e-05 -0.0025414382107555866 2.622307607136467e-05 0.9999999992976969 -2.6776037577775705e-05 -0.028180206194519997 3.3873884788817685e-05 2.6775149294162387e-05 0.9999999990678256 1.410622477531433
0.9999999990045817 -4.0204597678137176e-05 -1.9350110351464446e-05 -0.0025213886983692646 4.0204143235035605e-05 0.9999999989160381 -2.3485113676463848e-05 -0.027328001335263252 1.9351054540036453e-05 2.348433569847815e-05 0.9999999995370112 1.3634833097457886
0.9999982422369589 -6.108658202513939e-05 -0.0018739774337069714 -0.003985161893069744 6.113099862486927e-05 0.9999999978519691 2.3644509447508673e-05 -0.026872940361499786 0.001873975985319344 -2.3759025997986818e-05 0.9999982438232156 1.3037855625152588
0.9999986719909991 -1.3903557260070764e-05 -0.0016296695766757148 -0.003935948479920626 1.4089321439057289e-05 0.9999999934053174 0.00011397743603293926 -0.026066020131111145 0.0016296679812367533 -0.00011400024560838356 0.9999986655922171 1.2912969589233398
0.9999999323022953 -3.209476342733504e-05 -0.0003665587686012893 -0.002794349566102028 3.2099358177617684e-05 0.9999999994063283 1.252894945346585e-05 -0.025921668857336044 0.000366558366270005 -1.254071490649121e-05 0.999999932738845 1.2934136390686035
0.9999995194897118 -4.294886057505644e-05 -0.0009793751788363901 -0.003329060273244977 4.300345207314611e-05 0.9999999975229835 5.5720159192100516e-05 -0.025380883365869522 0.0009793727832931134 -5.576224893155549e-05 0.9999995188596457 1.2518699169158936
0.9999968046353013 -8.297499510441912e-06 -0.002527973563669066 -0.0046658567152917385 8.682161444312657e-06 0.9999999883873115 0.00015215123017211544 -0.028448615223169327 0.0025279722718377384 -0.00015217269226805243 0.9999967930946901 1.4078080654144287
0.9999988621796919 -0.00016871146542556052 -0.0014990582920000168 -0.0034058098681271076 0.00016838421822817231 0.9999999619685541 -0.00021842537663659063 -0.03125912696123123 0.001499095085854041 0.0002181727103491844 0.9999988525566377 1.475425124168396
0.999999924775417 1.3720549012978382e-05 -0.00038763501749051305 -0.0029219952411949635 -1.3694244753129256e-05 0.9999999976036836 6.78608895669325e-05 -0.027490492910146713 0.00038763594765027834 -6.785557609332099e-05 0.9999999225669933 1.3891890048980713
0.9999998958546795 -4.2137444827803254e-05 -0.00045443928724635355 -0.002864103764295578 4.213136937161168e-05 0.9999999990229792 -1.337869101112049e-05 -0.02690805122256279 0.00045443985054621127 1.3359543468324478e-05 0.9999998966529671 1.3344619274139404
0.9999998631730784 -2.9801170806924734e-05 -0.000522269771940804 -0.0029582178685814142 2.9805463202015955e-05 0.9999999995221073 8.210950304998505e-06 -0.027099289000034332 0.0005222695269952827 -8.226515673988559e-06 0.9999998635834235 1.3479866981506348
0.9999999687798884 -4.214925669078259e-05 0.00024629994412831183 -0.00226861285045743 4.215889253262179e-05 0.9999999983462313 -3.911732653081792e-05 -0.026452992111444473 -0.00024629829495475164 3.912770904244592e-05 0.9999999689030857 1.3211936950683594
0.9999999924507292 -6.151343648750097e-05 0.00010637028876034373 -0.0023428970016539097 6.152000267770625e-05 0.9999999962025097 -6.172738127649112e-05 -0.026171386241912842 -0.00010636649129305592 6.173392471094379e-05 0.9999999924375458 1.295519471168518
0.9999945449849035 0.00010344892711016762 -0.0033014086016983414 -0.005493399687111378 -0.00010245053427011678 0.9999999489740448 0.00030258188282653676 -0.02949049323797226 0.003301439735011955 -0.00030224200116271005 0.9999945045576244 1.4887237548828125
0.9999277999181574 0.0001786288114598293 -0.012015117252069251 -0.013228042051196098 -0.00016869986741781067 0.999999643491778 0.0008273794000554568 -0.04250652343034744 0.012015260762380022 -0.0008252927145076244 0.9999274735703321 2.067796230316162
0.9999998307538396 -0.0005799962457626079 -4.5789162025054206e-05 -0.0020025630947202444 0.0005799696616984921 0.999999664504037 -0.0005784695369799637 -0.03908885270357132 4.6124656822711604e-05 0.0005784428827514066 0.9999998316381596 1.7118782997131348
0.9999999554270782 -5.803049126083107e-06 -0.0002985166095614691 -0.0027953211683779955 5.827843821145293e-06 0.9999999965336294 8.305888054303783e-05 -0.023480812087655067 0.0002985161265319357 -8.306061654903938e-05 0.999999951994527 1.1865897178649902
0.9999995754036044 -5.78580026257308e-05 -0.0009196983542218118 -0.003173793200403452 5.791929962908547e-05 0.9999999961033964 6.66225357447438e-05 -0.021911554038524628 0.0009196944959912636 -6.66757757416018e-05 0.9999995748580972 1.0780858993530273
0.9999989384444516 -3.730427395518549e-05 -0.0014566119458667263 -0.0037341441493481398 3.747987348147301e-05 0.999999992034336 0.00012052629183177892 -0.02324000559747219 0.0014566074381180355 -0.0001205807575178678 0.9999989318769557 1.1420323848724365
0.9999955394580669 -3.900556829897897e-05 -0.0029865603183472306 -0.005085221026092768 3.959956639420958e-05 0.9999999794489546 0.00019883149778069962 -0.022628460079431534 0.002986552501434728 -0.00019894887737808287 0.9999955204517168 1.0924993753433228
0.9999964560810655 8.178115731481319e-06 -0.0026622844379005552 -0.0048872120678424835 -7.592728560484229e-06 0.9999999757950258 0.0002198915610693234 -0.024340640753507614 0.0026622861717586635 -0.0002198705677883688 0.9999964319382711 1.2065305709838867
0.9999995544502494 -6.27609503916045e-05 -0.0009418919079278144 -0.0032273095566779375 6.278350258715108e-05 0.9999999977431774 2.3913958516269275e-05 -0.02451508864760399 0.0009418904049393671 -2.397308313444922e-05 0.9999995561337798 1.2012790441513062
0.9999999371177629 -5.461080346849798e-05 -0.0003504028110626923 -0.0026928645092993975 5.4618977272390146e-05 0.9999999982365341 2.331735184489502e-05 -0.02271656133234501 0.00035040153706544997 -2.3336489021821394e-05 0.9999999383370836 1.1266369819641113
0.9999998407982289 -2.994785438727764e-05 -0.000563477278123642 -0.0029618158005177975 2.998577446823907e-05 0.9999999972865738 6.728822954596418e-05 -0.0240316279232502 0.0005634752614565875 -6.730511513613865e-05 0.9999998389828127 1.1987123489379883
0.999999234469375 -4.825323236585905e-05 -0.001236419139836938 -0.003493586089462042 4.8324624464917276e-05 0.9999999971670736 5.771120769411931e-05 -0.024640586227178574 0.0012364163515819386 -5.777091300503628e-05 0.9999992339682701 1.2122023105621338
0.999999838523898 -5.202904637930205e-05 -0.0005659020733981317 -0.002874525496736169 5.2042488902307894e-05 0.999999998364009 2.373945093711078e-05 -0.02421618439257145 0.000565900837331327 -2.376889805613139e-05 0.9999998395956282 1.1988584995269775
0.9999999214986105 -3.6387400837125504e-05 -0.000394561440243942 -0.0027600452303886414 3.639942097435899e-05 0.9999999988737142 3.045741318143967e-05 -0.02499578893184662 0.00039456033153345105 -3.0471772598454102e-05 0.999999921696805 1.2488901615142822
0.9999999591481349 -1.5552743064464823e-05 -0.00028541520797748833 -0.002714355243369937 1.556773255515264e-05 0.9999999984998554 5.25160454990558e-05 -0.02539670839905739 0.0002854143907807618 -5.2520486621302355e-05 0.9999999578901112 1.2769365310668945
0.9999993917068868 -4.956810146212814e-05 -0.0011018751561188039 -0.0033946470357477665 4.959043494662825e-05 0.9999999985655391 2.0241304071246363e-05 -0.02668093517422676 0.001101874151215193 -2.029593422684931e-05 0.9999993927305305 1.3116919994354248
0.9999999395415975 -5.8372539736712934e-05 -0.0003427965113296165 -0.0026530027389526367 5.836726729880405e-05 0.9999999981781951 -1.539064775423896e-05 -0.024486001580953598 0.0003427974090963057 1.537063872813911e-05 0.9999999411268382 1.21248459815979
0.9999994513060246 -7.403960874462446e-06 -0.001047536553558383 -0.003449372947216034 7.528358086184044e-06 0.9999999929210883 0.00011874825078543113 -0.025257619097828865 0.0010475356669355613 -0.00011875607185926489 0.9999994442828565 1.2617197036743164
0.9999977132384554 -1.390107343459523e-05 -0.00213853328710248 -0.00439410051330924 1.4110416605528914e-05 0.9999999951105975 9.787594750379331e-05 -0.028806664049625397 0.002138531916065596 -9.790589928044622e-05 0.999997708545214 1.4196362495422363
