0.9999799045381401 -0.00016381725190298577 0.006337482449705682 0.005114877130836248 0.00016427390981106873 0.9999999839483276 -7.153619455871788e-05 -0.010790882632136345 -0.006337470629115685 7.257584002622069e-05 0.9999799153976907 0.6001393795013428
0.9999980896688909 -7.523033445897179e-05 0.001953202233755974 0.00010936112084891647 7.544855371829569e-05 0.9999999909208521 -0.00011165039997552014 -0.014694257639348507 -0.001953193816525629 0.00011179755296994395 0.9999980862657801 0.7663230895996094
0.9999758247092736 -0.00015888976115239695 0.00695160061078272 0.005494515411555767 0.00015969328163807327 0.9999999806327411 -0.00011503292208480344 -0.011197798885405064 -0.0069515821985957574 0.00011614026504464206 0.9999758307161104 0.6066468358039856
0.9999871771233618 -0.00012185748545610202 0.005062681068691496 0.0035736982244998217 0.0001222687464816846 0.9999999892507964 -8.092441393045884e-05 -0.011911743320524693 -0.005062671153026114 8.154238391478747e-05 0.999987181273658 0.6524002552032471
0.9999960032806393 -0.00011276392713694124 0.002825014521075825 0.001074056955985725 0.00011305262712540446 0.9999999884040135 -0.00010203468134344871 -0.013299509882926941 -0.002825002982485623 0.00010235364885273737 0.9999960044329574 0.7102272510528564
0.9999958972795764 -0.00010363966228705774 0.002862635644854294 0.0010177058866247535 0.0001037664501886278 0.999999993641998 -4.414213034896863e-05 -0.012844983488321304 -0.002862631051778169 4.443899478519887e-05 0.9999959016759205 0.6873328685760498
0.9999963559251921 -0.00010318811963223851 0.002697682069552273 0.0010005549993366003 0.00010335378812190057 0.999999992781863 -6.127208517936525e-05 -0.012840881943702698 -0.002697675727528779 6.155067756033997e-05 0.9999963593719645 0.6946952939033508
0.9999846670603669 -0.00013321958207990255 0.005536054254608154 0.003987527918070555 0.0001336699167930491 0.9999999877876311 -8.097586596720265e-05 -0.011717157438397408 -0.005536043399428795 8.171462828071333e-05 0.9999846726556357 0.6401897072792053
0.9999819800712239 -0.00014173670986848206 0.00600162007624819 0.004559288267046213 0.00014226660901190598 0.9999999860199015 -8.78658568946139e-05 -0.01141294278204441 -0.006001607538527485 8.87181036949564e-05 0.9999819862557783 0.629890501499176
0.9999925020473959 -0.00013799948851799624 0.0038699877428623203 0.001959433313459158 0.00013800767587024255 0.9999999904752319 -1.848556667902654e-06 -0.011083496734499931 -0.00386998745090171 2.382630821551127e-06 0.9999925115676881 0.610262930393219
0.9999975340355638 -0.0001134471116526249 0.002217893718052252 0.00015221293142531067 0.000113361097326874 0.9999999928177279 3.89076603062506e-05 -0.0114796943962574 -0.002217898116084419 -3.8656141495711195e-05 0.9999975397137983 0.6226850748062134
0.9999995683582492 -5.3193257892309616e-05 0.0009276064856692088 -0.0008909410680644214 5.315882294823481e-05 0.9999999978971206 3.714697807266664e-05 -0.014011912047863007 -0.000927608459687349 -3.7097651569542665e-05 0.9999995690830619 0.7386021614074707
0.9999992911243347 -5.3466580211879816e-05 0.0011894923927732713 -0.0007548512076027691 5.356117551914161e-05 0.999999995405947 -7.949406423332552e-05 -0.015222643502056599 -0.0011894881370329187 7.955771849274589e-05 0.999999289394018 0.7830412983894348
0.9999895667813922 -0.00011954249712954619 0.004566403174834691 0.0028702919371426105 0.00011980952967046114 0.999999991128977 -5.8204147156688616e-05 -0.012049894779920578 -0.004566396176456928 5.8750638516760093e-05 0.999989572232792 0.6525587439537048
0.9999830288873459 -0.00013671630271837087 0.005824366569999631 0.003976438660174608 0.00013733719719817464 0.9999999849296978 -0.00010620309825631991 -0.011931727640330791 -0.0058243519625297375 0.0001070011980517537 0.9999830325935334 0.640332043170929
0.9999797849394791 -0.00021155829526519165 0.006354915851587742 0.005055372137576342 0.00021175059072310357 0.9999999771431628 -2.958650387347848e-05 -0.009856633841991425 -0.006354909447064143 3.09315629660814e-05 0.999979806880698 0.5544717311859131
0.9999987500810793 -6.022866981946588e-05 0.0015799394882179717 -0.0003404661256354302 6.026493902260229e-05 0.9999999979216695 -2.2908473580074758e-05 -0.014297325164079666 -0.001579938105187444 2.3003659903257042e-05 0.9999987516324285 0.7472736239433289
0.9999983312915706 -0.00011469228435659081 0.001823255263019371 -0.00034206846612505615 0.00011487924227107867 0.9999999881547791 -0.00010243632741476072 -0.014008000493049622 -0.0018232434927661176 0.0001026456106614801 0.9999983326221322 0.7254622578620911
0.9999904566109414 -0.00011107739835601618 0.004367419015038496 0.0024300359655171633 0.00011114141988873005 0.9999999937198792 -1.4416195072200274e-05 -0.011836397461593151 -0.004367417386297133 1.4901458643422369e-05 0.9999904626761801 0.6411375999450684
0.9999972174013664 -9.819895035982542e-05 0.0023570206809523818 0.0003757668600883335 9.847491740708151e-05 0.9999999883106788 -0.00011696722951669273 -0.013549848459661007 -0.002357009167341245 0.00011719901146072328 0.9999972153822113 0.7166634798049927
0.9999990500026591 -8.989315161449573e-05 0.0013754682841946686 -0.000712775974534452 8.996424684284652e-05 0.9999999946205833 -5.1626233003120206e-05 -0.013302972540259361 -0.0013754636359506606 5.174992692657993e-05 0.999999052710417 0.699001669883728
0.9999991479374439 -6.254831590489211e-05 0.001303921812852047 -0.000752532621845603 6.256246454590779e-05 0.9999999979845403 -1.0810049963809567e-05 -0.01473015546798706 -0.001303921134073625 1.0891617315157958e-05 0.9999991498351629 0.7589682340621948
0.999999944204345 -3.3895121419980054e-05 0.0003323287941535777 -0.0017608430935069919 3.388036700752614e-05 0.9999999984402665 4.440256223178567e-05 -0.014822624623775482 -0.00033233029866547157 -4.439130033280254e-05 0.9999999437929908 0.7625517845153809
0.9999981954353581 -6.07426782140789e-05 0.0018987986609110817 -0.00044576346408575773 6.071191854167891e-05 0.9999999980248836 1.6257179680576895e-05 -0.014380085282027721 -0.0018987996446653672 -1.6141870633816984e-05 0.9999981971480496 0.7454829216003418
0.9999975677854647 -8.109199992195487e-05 0.0022040524592059707 -8.648476796224713e-05 8.131985158083929e-05 0.999999991359223 -0.00010328908974303046 -0.01527728233486414 -0.002204044064242387 0.00010346807174066405 0.9999975657390979 0.7860369682312012
0.9999976548372841 -6.669688027335836e-05 0.0021646873812626076 -0.00020901800598949194 6.671984621640184e-05 0.9999999977187155 -1.0537145686584427e-05 -0.0147062623873353 -0.002164686673529595 1.0681548584447655e-05 0.9999976570060103 0.7676222324371338
0.9999980062604265 -0.00010410642478450645 0.001994150702509821 -0.000488829507958144 0.00010426055740534772 0.9999999915858309 -7.718856364132267e-05 -0.016858801245689392 -0.0019941426499053044 7.739632101122265e-05 0.999998008700468 0.8510715365409851
0.9999860852029788 -0.0001983303296770884 0.0052716283538642664 0.002822207286953926 0.00020051873383839343 0.9999998939481252 -0.000414603395841797 -0.014924975112080574 -0.005271545566370014 0.000415654686962483 0.9999860189215262 0.7652920484542847
0.9999809089514051 -0.0002993379889574042 0.006171882167499798 0.004513976629823446 0.00029962206549673465 0.9999999540961689 -4.510296423743785e-05 -0.00901515781879425 -0.006171868383156152 4.6951335257584584e-05 0.9999809527367172 0.48759543895721436
0.9999996578349312 -4.958073293271652e-05 -0.000825755273574312 -0.004859937820583582 4.985092097410905e-05 0.9999999452328413 0.00032718374098312104 -0.013184829615056515 0.0008257390063403602 -0.0003272247936931606 0.9999996055394362 0.7032731175422668
0.9999999941281154 -0.00010361666834671423 -3.173885536295325e-05 -0.002418220043182373 0.00010361722481986081 0.9999999944780545 1.7531724992415906e-05 -0.01564563624560833 3.173703860875894e-05 -1.7535013581583307e-05 0.9999999993426417 0.7928364872932434
0.9999999780983642 -0.00011718451649822687 -0.0001734100917509897 -0.002552068093791604 0.00011718943606785213 0.9999999927311821 2.835968038628026e-05 -0.015374182723462582 0.00017340676717506927 -2.8380001596017646e-05 0.999999984562334 0.7871840000152588
0.9999999498169817 -0.00012472235615450437 0.0002912221967911674 -0.002024255692958832 0.00012471865531539356 0.9999999921416518 1.272608269057607e-05 -0.015014038421213627 -0.0002912237817296598 -1.268976121116104e-05 0.9999999575138385 0.7793634533882141
0.9999999974292894 -7.123706118848537e-05 8.167166959804375e-06 -0.0021962937898933887 7.123674814139062e-05 0.9999999967283048 3.832383486287332e-05 -0.015256871469318867 -8.169897010452996e-06 -3.8323252961938084e-05 0.9999999992322907 0.7827490568161011
0.9999930670111625 -2.6177840450660276e-05 -0.0037236063607007683 -0.006935253739356995 2.6914869400749913e-05 0.9999999800587163 0.0001978842015624868 -0.012427796609699726 0.00372360110626622 -0.00019798305001242431 0.9999930477745901 0.6666259169578552
0.9999817127037455 6.864295168914135e-05 -0.006047275934569162 -0.009700749069452286 -6.624325916963982e-05 0.9999999189928889 0.0003970214680158594 -0.010752016678452492 0.006047302697422257 -0.00039661361629965045 0.9999816362452487 0.5877201557159424
0.9999946157932238 2.5467735387876033e-06 -0.0032815206957463577 -0.00637657567858696 -1.5951496649977628e-06 0.9999999579494909 0.0002899973651075544 -0.010759938508272171 0.0032815212963143575 -0.00028999056918513756 0.9999945737470037 0.5859078168869019
0.9999921288544001 1.667439692868941e-05 -0.003967612784754625 -0.006856849882751703 -1.551833089973117e-05 0.9999999574207665 0.0002914063263582025 -0.01095762848854065 0.003967617474841466 -0.0002913424619285031 0.9999920865342603 0.5994508266448975
0.9999820490782343 -1.9667254861404496e-05 -0.0059917555436792376 -0.00992077961564064 2.1982371463900723e-05 0.9999999251375573 0.00038631807558411207 -0.009775761514902115 0.005991747497305731 -0.00038644285381464255 0.9999819746494681 0.5342784523963928
0.9999469979602783 2.3163824910579935e-06 -0.010295691567887528 -0.014994208700954914 5.257016286765966e-06 0.9999997294604145 0.0007355620036429088 -0.0066458238288760185 0.010295690486338348 -0.00073557714197463 0.9999467274228548 0.38256776332855225
0.9999999292945124 -9.065877592088077e-05 0.00036495473214106106 -0.001428103307262063 9.055170942442946e-05 0.9999999528657224 0.00029337508569905805 -0.0080039631575346 -0.0003649813119653386 -0.0002933420176809717 0.9999998903695453 0.4448792338371277
0.9999913613429869 -1.7831731359160325e-05 -0.004156551627164246 -0.007145767565816641 1.9244319496606242e-05 0.9999999420806251 0.00033980641932665625 -0.011784085072577 0.00415654532708259 -0.00033988347386306605 0.9999913037672719 0.6462848782539368
0.9999999977235439 -6.653020308622889e-05 -1.1253639038351302e-05 -0.0023993393406271935 6.652969684006268e-05 0.999999996775322 -4.497950200237079e-05 -0.01346229761838913 1.1256631497464876e-05 4.497875319878336e-05 0.9999999989251 0.7085870504379272
0.999955770198818 0.00011895185997960648 -0.009404440256819283 -0.013494674116373062 -0.00011308850087736801 0.9999997989197085 0.0006239964213732289 -0.009532400406897068 0.009404512591306638 -0.0006229052880853387 0.9999555825795076 0.5427220463752747
0.9999999865944997 -3.352602711561425e-05 -0.0001602716616449342 -0.0021946141496300697 3.353415274654229e-05 0.9999999981526528 5.069669358117871e-05 -0.013555958867073059 0.00016026996169013315 -5.0702067475946715e-05 0.9999999858714196 0.7156103253364563
0.9999980805391232 -2.400286716349542e-05 -0.001959168683847541 -0.005186318885535002 2.4378215212333586e-05 0.9999999813549068 0.0001915617100445233 -0.011129559949040413 0.0019591640492883783 -0.00019160910338512745 0.9999980624792127 0.6043909788131714
0.9999998428734197 -6.527749387604922e-06 -0.0005605448457289832 -0.0032256096601486206 6.597090066582469e-06 0.9999999923273288 0.00012370052639489347 -0.013756707310676575 0.0005605440339420717 -0.0001237042049230864 0.9999998352438141 0.7210991382598877
0.9999948382330692 -5.576844357464556e-06 -0.0032130166692327655 -0.005784332286566496 6.23293261886836e-06 0.9999999791344116 0.0002041869907195746 -0.012266892939805984 0.003213015463472215 -0.00020420596327032082 0.9999948174023485 0.6567922830581665
0.999999984302854 -9.359787774677663e-05 0.00015044510240297724 -0.0018948882352560759 9.358781710870165e-05 0.9999999933843177 6.687813536027459e-05 -0.015707630664110184 -0.00015045136105921764 -6.686405448175014e-05 0.9999999864467929 0.8070279955863953
0.9999947431256977 -0.00013446464034540348 0.0032396975522845576 0.0010639273095875978 0.00013537319606860877 0.9999999515734732 -0.0002802269595644674 -0.01670549437403679 -0.0032396597147799247 0.00028066405465851325 0.9999947129023337 0.840363085269928
0.9999982133609057 -2.70609648446606e-05 0.0018901171130268537 -0.0001338559522992 2.6906089098432618e-05 0.9999999962788891 8.196514170156092e-05 -0.014986720867455006 -0.001890119324049336 -8.19141395999848e-05 0.999998210367906 0.7923136353492737
0.9999973174585003 -7.677024535870667e-05 -0.00231499074140106 -0.004737796261906624 7.689138633324493e-05 0.9999999956793502 5.2239967848684e-05 -0.013925072737038136 0.0023149867209236465 -5.2417830560257265e-05 0.9999973190408327 0.7269644737243652
0.9999990623610413 -7.791741666682429e-05 0.0013671890558594254 -0.0011358895571902394 7.778872063796738e-05 0.9999999925390721 9.418476889045832e-05 -0.01175445131957531 -0.0013671963842928076 -9.407832869162416e-05 0.9999990609612166 0.6268846392631531
0.9999999752878197 -9.476478705637151e-06 -0.00022211383657491266 -0.002693220041692257 9.520584276786872e-06 0.9999999802393181 0.0001985717045688526 -0.014899853616952896 0.00022211195042526192 -0.00019857381431521295 0.99999995561736 0.7739410400390625
0.9999632029839386 2.7233421833452363e-05 -0.00857857426635893 -0.011838223785161972 -2.3663352089622083e-05 0.9999999130828165 0.0004162624238771681 -0.013781126588582993 0.008578584856983599 -0.0004160441088387791 0.9999631167143873 0.7229434251785278
0.9998588199642705 0.0002997730925808411 -0.01680030582308646 -0.021393239498138428 -0.0002845438853547637 0.9999995464976933 0.0009088669786717168 -0.009721774607896805 0.01680057065797396 -0.0009039582405051455 0.9998584518245899 0.5559426546096802
0.999980598114467 4.621394275711623e-05 -0.006229065652560857 -0.010172316804528236 -4.333482354858035e-05 0.9999998921812504 0.0004623414110121702 -0.010431102477014065 0.00622908634757029 -0.0004620625052561104 0.9999804923004825 0.5770907998085022
0.9999793274437236 3.788643709528891e-05 -0.006429871679599706 -0.010420648381114006 -3.4838916883846585e-05 0.9999998870199548 0.00047407417945401404 -0.009913651272654533 0.00642988891413409 -0.00047384036936384073 0.9999792157859364 0.5520555973052979
0.9999569947212286 0.00018331078248627204 -0.009272276163140808 -0.013656732626259327 -0.0001755047459630219 0.999999629548311 0.0008426751003218969 -0.018112359568476677 0.009272427199642464 -0.0008410115323717831 0.9999566564573834 0.9573701620101929
0.9999985565223706 -0.00011225349028816174 -0.0016953914973409068 -0.0037940973415970802 0.00011259515584166717 0.9999999733737501 0.00020143194910551132 -0.018099255859851837 0.0016953688407596464 -0.00020162255121285465 0.9999985425353582 0.9151017665863037
0.9999983006702816 -0.000336198588762458 0.0018126298734211822 -0.0006168779800646007 0.00033668212506649783 0.9999999078218381 -0.0002664609953467237 -0.018593233078718185 -0.0018125401225256963 0.000267070822619378 0.9999983216843317 0.8853644132614136
0.9999985757592346 -2.250181042518111e-05 -0.0016875938998490443 -0.003919568378478289 2.2902065306841364e-05 0.9999999716162794 0.0002371559308943528 -0.01587347500026226 0.0016875885155110527 -0.00023719424251291405 0.9999985478908924 0.8166271448135376
0.9999931005215942 -3.849478194355632e-05 -0.003714488842462036 -0.0056183249689638615 3.95305492558653e-05 0.999999960361707 0.0002787721654102775 -0.02283025160431862 0.0037144779639523198 -0.0002789170778118894 0.9999930624052944 1.107782244682312
0.9999972077691589 -6.859013476151845e-05 -0.0023621492923470693 -0.004284780938178301 6.882751495191993e-05 0.9999999925900855 0.00010041216154583216 -0.021822845563292503 0.002362142387560053 -0.00010057446203763553 0.9999972050801536 1.0470463037490845
0.9999972273594886 -5.385560151545453e-05 -0.002354224481492033 -0.004413260146975517 5.417229956988052e-05 0.9999999894929695 0.0001344597435226028 -0.021693259477615356 0.002354217215345758 -0.0001345869044679369 0.9999972197699691 1.0513869524002075
0.9999975938570739 -6.896984984267309e-05 -0.002192606490685831 -0.004146357998251915 6.915272258651469e-05 0.9999999941371257 8.332856700234121e-05 -0.018021658062934875 0.0021926007306721004 -8.347999121029095e-05 0.9999975927636663 0.8896725177764893
0.999998736169218 -5.9572365087172684e-05 -0.0015887451337471018 -0.0036264006048440933 5.976263516490368e-05 0.9999999910484892 0.00011971402907598171 -0.01651042513549328 0.0015887379878775868 -0.00011980882537350487 0.9999987307779201 0.8369717597961426
0.9999995879786867 -3.736335043982857e-05 -0.0009069985870017967 -0.0030643909703940153 3.755021683006066e-05 0.9999999780747124 0.00020601105737363268 -0.016613386571407318 0.0009069908698522607 -0.00020604503048629277 0.9999995674564102 0.8432052731513977
0.9999972959701325 -5.968635770032644e-05 -0.0023247558930237517 -0.0043536522425711155 6.020449178048665e-05 0.999999973366135 0.00022280742535120776 -0.018488435074687004 0.0023247425325428287 -0.0002229467836203281 0.9999972729297263 0.9184396266937256
0.9999962373047857 -4.381110614367307e-05 -0.0027428920609036114 -0.004733025562018156 4.4518813110765055e-05 0.999999965738812 0.0002579543568165031 -0.01928853988647461 0.002742880665663164 -0.0002580754965119216 0.9999962049941451 0.9560527801513672
0.999991058088317 2.8304353954847263e-06 -0.004228916574798084 -0.006526673212647438 -1.5733536678623801e-06 0.9999999558164498 0.00029726187526251405 -0.02600160986185074 0.004228917229330072 -0.0002972525635916747 0.9999910139096154 1.3541884422302246
0.9999733531377998 -6.563590421701729e-05 -0.007299911388070332 -0.00924166664481163 7.02759315847774e-05 0.9999997956810669 0.0006353732119177369 -0.0356600321829319 0.007299868193264943 -0.000635869289288596 0.9999731534369353 1.8548232316970825
0.9999887348283814 7.077546500439541e-05 -0.00474607281515472 -0.007018855307251215 -6.931944386908151e-05 0.9999999504888062 0.0003069482039795337 -0.025254474952816963 0.004746094304572858 -0.0003066157510272291 0.9999886902238612 1.255422592163086
0.9999977348646055 -6.012102277529769e-05 -0.0021275927995071235 -0.004160083364695311 6.046385283099152e-05 0.9999999852000907 0.0001610712288299598 -0.018140938133001328 0.002127583084251926 -0.00016119950643973206 0.9999977236998785 0.9007113575935364
0.9999875685166535 -1.9454653661646106e-05 -0.0049862243899974215 -0.0065368288196623325 2.100666215973888e-05 0.9999999513544374 0.00031120707355597845 -0.018330266699194908 0.004986218093013898 -0.0003113079487216396 0.9999875202803732 0.9279835820198059
0.9999828515831753 1.609272509975529e-05 -0.005856302639484411 -0.0074511244893074036 -1.3702715267682369e-05 0.9999999166133526 0.0004081488982335121 -0.019370194524526596 0.005856308719374988 -0.0004080616518784884 0.999982768418472 0.963874876499176
0.9999988654703473 -7.827347266089479e-05 -0.001504304251705651 -0.003541054669767618 7.832833977984178e-05 0.9999999962693263 3.6414538530723413e-05 -0.018159035593271255 0.0015043013958011967 -3.6532326871909526e-05 0.999998867870709 0.8964228630065918
0.9999995053085524 -4.7669356779593554e-05 -0.0009935342382787684 -0.0031542980577796698 4.786249655352798e-05 0.9999999799639981 0.00019437382671845407 -0.017373600974678993 0.00099352495269702 -0.0001944212835924398 0.999999487554135 0.8758354783058167
0.9999978751147957 -3.3835590390370134e-05 -0.002061218340289041 -0.0042277793399989605 3.430316418870257e-05 0.9999999736906029 0.0002268084797726062 -0.019782274961471558 0.0020612106118608102 -0.00022687870414177903 0.9999978499661223 0.9786233901977539
0.999998373890834 -6.69015111099163e-05 -0.0018021486829943977 -0.003906965721398592 6.711087700771448e-05 0.999999991006662 0.00011611548582448487 -0.0193378534168005 0.0018021408984856006 -0.00011623624078664311 0.9999983693873297 0.9478973150253296
0.9999925709925643 8.196220900178476e-05 -0.0038537309036046057 -0.006122182589024305 -8.084327242824798e-05 0.9999999545352019 0.0002905063847001687 -0.0227777361869812 0.003853754538940527 -0.00029019267830877144 0.9999925321541971 1.1892094612121582
0.9998762527392602 0.00023725600732633166 -0.01572968269489452 -0.017531901597976685 -0.00022066090837953738 0.99999941729899 0.0010567452124027083 -0.046143315732479095 0.01572992424834238 -0.0010531435170053963 0.9998757224634839 2.4575061798095703
0.9992783909004099 0.0010531075914063657 -0.03796825573934926 -0.04268388822674751 -0.0009883635196270937 0.9999980255727394 0.0017239455258031542 -0.04982893913984299 0.03796999627391049 -0.001685175072147892 0.9992774587510396 2.7983803749084473
0.9993516070803868 0.0012159237353610108 -0.035984537725501246 -0.03662392124533653 -0.0011535180532826143 0.999997794777249 0.001754946363792048 -0.06453501433134079 0.035986592252517983 -0.0017122996550900695 0.9993508058774668 3.325014114379883
0.9992944555052732 0.0011774523844062972 -0.037539376690379156 -0.03983454033732414 -0.0011196422854843674 0.9999981548834156 0.0015609711455494854 -0.07422694563865662 0.03754114539504996 -0.0015178391374380408 0.9992939300159792 3.4662089347839355
0.9998177747287706 0.0005107148297604082 -0.01908288517943303 -0.020901989191770554 -0.0004948044436111866 0.9999995260733283 0.0008384638817105826 -0.05362315848469734 0.019083304351483383 -0.0008288687960186164 0.9998175535924279 2.4217004776000977
0.9998716963222807 -8.11606946649508e-05 -0.01601824917233348 -0.017251167446374893 9.36427226422628e-05 0.9999996925925501 0.0007784894645380871 -0.04466478154063225 0.01601818106545861 -0.0007798895739411804 0.9998713965543804 2.2728240489959717
0.9994951067381475 0.0013919631637384822 -0.03174262189942411 -0.03288131207227707 -0.0013404294408085125 0.999997749088718 0.00164470860984487 -0.06750805675983429 0.03174483982339835 -0.0016013294626276077 0.9994947227917407 3.4744343757629395
0.9996833529547408 0.0012640493740377415 -0.02513157385337131 -0.02576478198170662 -0.0012289688773805996 0.9999982489749116 0.0014112698570191427 -0.05676334351301193 0.02513331376213434 -0.0013799370604834686 0.9996831559614493 2.900634288787842
0.9996919246742757 0.0006613854705790605 -0.02481165674237211 -0.026150591671466827 -0.0006283608757232007 0.9999989064091381 0.0013387842011971236 -0.052858076989650726 0.024812515060989943 -0.0013227810804594849 0.9996912470090759 2.529050827026367
0.999937180475979 -5.6591115802625885e-05 -0.011208563654419228 -0.012717131525278091 6.363957977489157e-05 0.9999998004747337 0.0006284906498911956 -0.03130317106842995 0.01120852585104043 -0.0006291644766885652 0.9999369845646815 1.604691505432129
0.9999204273341074 0.00023516780862692716 -0.012612838541665476 -0.014438219368457794 -0.00022648016274925349 0.999999736153039 0.0006902177833265318 -0.028919698670506477 0.012612997530809937 -0.0006873063031318195 0.9999202167689849 1.5140166282653809
0.9999711173352396 0.0002108557396245904 -0.007597370279879257 -0.009170443750917912 -0.00020725188174022807 0.9999998656442457 0.00047514013511514713 -0.03208068013191223 0.007597469445153457 -0.0004735518425151281 0.9999710266836147 1.6363261938095093
0.9999911581454926 -5.187062898621883e-05 -0.004204871017559119 -0.006136578973382711 5.296574689466561e-05 0.9999999647116237 0.00026032937012288157 -0.024009693413972855 0.004204857365727877 -0.00026054978246250766 0.9999911256047949 1.1412534713745117
0.999768935732508 0.0007393584055701553 -0.021483214224985673 -0.024750782176852226 -0.0007120080897797082 0.9999989263962565 0.001280722770441343 -0.04335159435868263 0.02148413807367199 -0.0012651306188498702 0.9997683888060019 2.429964542388916
0.9997763098515083 0.0005898551916649322 -0.02114195663966017 -0.022874820977449417 -0.0005688307476853661 0.9999993377737659 0.0010004417073073786 -0.05464082583785057 0.02114253275463686 -0.0009881917233504447 0.9997759833011777 2.490844249725342
0.9999951456208767 -6.731681992851109e-05 -0.0031151569988445028 -0.004995967727154493 6.771212426881558e-05 0.9999999896694549 0.0001267917910872515 -0.021073220297694206 0.0031151484314430643 -0.00012700210948965045 0.9999951398485466 1.015054702758789
0.999973172524638 0.00023236760110230954 -0.007321218225720431 -0.009164615534245968 -0.0002274643616378953 0.9999997493075786 0.0006705555489287653 -0.027350125834345818 0.007321372205730817 -0.0006688722433861724 0.99997297469429 1.3704086542129517
0.9999893130075805 6.451409277094224e-05 -0.004622738210066551 -0.006700243800878525 -6.303363118457587e-05 0.9999999466848511 0.000320401398353299 -0.024395551532506943 0.004622758634010114 -0.0003201065862505875 0.9999892637595591 1.2151952981948853
0.9999678716374221 0.00021102885454661642 -0.008013186616213808 -0.010125544853508472 -0.00020777953707789093 0.9999998958631614 0.0004063266294788563 -0.027724768966436386 0.008013271528389078 -0.00040464859866394374 0.9999678113514072 1.381551742553711
0.9999935377971869 -6.409730845513715e-07 -0.0035950470727546518 -0.0057051219046115875 1.8172681581098477e-06 0.999999946469887 0.00032719553889265897 -0.023127727210521698 0.0035950466705878415 -0.00032719995765329935 0.9999934842685847 1.1365240812301636
0.9999898144519865 9.104135935305484e-05 -0.0045125052634424736 -0.006835339590907097 -8.891647797811778e-05 0.9999998850860682 0.00047108567236338604 -0.027339402586221695 0.004512547633172734 -0.0004706796380227687 0.9999897076343021 1.3551561832427979
0.9999950157743837 -2.0424839943880023e-05 -0.0031572154212663886 -0.005215676035732031 2.1266106845451356e-05 0.9999999642826918 0.0002664251638805622 -0.02151242271065712 0.003157209866807823 -0.00026649097763791824 0.9999949804916102 1.0508325099945068
0.9999971903632905 -5.032405095209452e-05 -0.0023699647708195822 -0.004490504506975412 5.0646813096895826e-05 0.9999999894519298 0.00013612876463394092 -0.022680245339870453 0.00236995789527014 -0.00013624841332436052 0.9999971823640027 1.098829746246338
0.9999952562760125 -4.863328378915962e-05 -0.00307978250461929 -0.005084744654595852 4.9252963553919184e-05 0.9999999785597478 0.00020113341253016534 -0.02153586968779564 0.003079772656809645 -0.00020128414682422566 0.9999952372311953 1.040661334991455
0.9999931896734131 -4.118669357334807e-05 -0.0036903808000411016 -0.0056263599544763565 4.2072201921833705e-05 0.9999999703454148 0.00023987308963204258 -0.022244460880756378 0.003690370811024951 -0.00024002671846415057 0.9999931617518448 1.0654845237731934
0.9999935680713503 -4.8746329633986506e-05 -0.0035862849475324465 -0.005501079373061657 4.949795924882528e-05 0.9999999768306872 0.00020949600712360538 -0.021361002698540688 0.0035862746522792688 -0.00020967217344642283 0.9999935473150304 1.0274658203125
0.9999947587683072 -5.1147755231554896e-05 -0.0032372549825610795 -0.005176865495741367 5.1871300652855834e-05 0.9999999736959256 0.00022342228248519832 -0.020189493894577026 0.003237243469859866 -0.00022358903210374087 0.9999947351174713 0.982404351234436
0.9999951223942415 -6.22847745903248e-05 -0.0031227084931216642 -0.005022292956709862 6.279039711557995e-05 0.9999999849358004 0.00016182016279647172 -0.019837627187371254 0.0031226983671481965 -0.0001620154496078731 0.999995111241001 0.9634983539581299
0.9999981056084369 -4.93653737338093e-05 -0.0019458526658303133 -0.004012634977698326 4.9679707741000655e-05 0.9999999857260504 0.00016149249351154064 -0.018601901829242706 0.001945844665918013 -0.00016158885697326896 0.9999980937869718 0.924535870552063
0.9999995490274001 -7.651363754682567e-05 -0.0009466206523030323 -0.0030687451362609863 7.65946268253057e-05 0.9999999934097743 8.552025613133467e-05 -0.017622744664549828 0.0009466141025987081 -8.559272361965071e-05 0.999999548297711 0.8791954517364502
0.9999989842646001 -4.5709572304881124e-05 -0.0014245632324243042 -0.003617980983108282 4.596070784907056e-05 0.9999999834104949 0.0001762572645816096 -0.018781481310725212 0.0014245551521473254 -0.00017632255948540445 0.999998969775956 0.9385039806365967
0.9999983519573635 -5.6715632086773996e-05 -0.0018146255519107084 -0.003973063081502914 5.702541204376097e-05 0.9999999838113606 0.00017066159709886534 -0.019552381709218025 0.0018146158433540375 -0.00017076479561107976 0.9999983390029833 0.9670870304107666
0.9997670784934353 0.0007063379847647626 -0.021570578280445802 -0.02536076121032238 -0.0006769706504902583 0.9999988341504964 0.0013687250953903218 -0.042705751955509186 0.021571519914923395 -0.001353803641469066 0.9997663910855679 2.4319145679473877
0.9993850035477375 0.0010525097884289303 -0.03505006286775892 -0.04374733567237854 -0.0009829585395108777 0.9999975138664896 0.0020015127652523823 -0.050750236958265305 0.03505208234040017 -0.0019658290833963377 0.9993835535166748 2.872542381286621
0.9969799745704466 0.0018807745790027394 -0.07763628657074496 -0.08700826019048691 -0.001638747925828366 0.9999935977432571 0.0031810340665409166 -0.05648454278707504 0.07764177233131307 -0.0030442009591808623 0.9969766737641221 3.118809223175049
0.9987615598863081 0.0010937954348015277 -0.0497408293559276 -0.05054060369729996 -0.0009799674640357584 0.9999968454183856 0.002312750969494375 -0.0729726180434227 0.049743202120874096 -0.0022611423715178094 0.9987594810953926 3.8247714042663574
0.9980016790687648 0.0017588687391485842 -0.06316292390860852 -0.06715250760316849 -0.0016197079580627578 0.9999961472414034 0.002254339921158235 -0.06138511002063751 0.06316664564512518 -0.00214752953599838 0.9980006828629103 3.2160444259643555
0.999864823011813 0.00038538614939296505 -0.016437371476969123 -0.018074149265885353 -0.0003748277512258815 0.9999997214704908 0.0006454169954747693 -0.048934563994407654 0.01643761563344675 -0.0006391685669624195 0.9998646889733782 2.2026114463806152
0.9999926641110707 -4.343820455725573e-05 -0.00383012234345729 -0.005704245995730162 4.435755333373696e-05 0.9999999702290283 0.0002399465565804316 -0.021577082574367523 0.003830111806583219 -0.00024011469121526817 0.9999926362671298 1.0332245826721191
0.9999923074689412 -4.3036797255949016e-05 -0.003922135996707217 -0.005780093837529421 4.403245331592382e-05 0.9999999668310736 0.0002537695702749858 -0.02063779905438423 0.003922124945184631 -0.0002539403194148584 0.9999922761952856 0.9979539513587952
0.9999918222190061 -2.7303429772588454e-05 -0.004044100596486674 -0.005897134076803923 2.8425449783689128e-05 0.9999999611236953 0.00027738889987768956 -0.020394008606672287 0.0040440928655986405 -0.00027750158683044186 0.9999917841191316 0.994289755821228
0.9999959964111548 -6.690896596636525e-05 -0.0028289017041719425 -0.004745454993098974 6.728227378038024e-05 0.9999999890420764 0.0001318671398470327 -0.019418861716985703 0.0028288928500790817 -0.00013205694684418045 0.9999959899550626 0.943956196308136
0.9999974626366135 -4.150036131657899e-05 -0.0022523316929406526 -0.004324984736740589 4.1990160235425585e-05 0.9999999754835116 0.0002174161974141575 -0.01896240934729576 0.00225232261487064 -0.00021751022151894844 0.999997439862794 0.9399193525314331
0.9999961208848852 -3.49471143211802e-05 -0.0027851380363070086 -0.004895044025033712 3.562507547968476e-05 0.9999999697505131 0.00024337178733404782 -0.02154378965497017 0.0027851294469163376 -0.00024347006401963386 0.9999960918805092 1.0494937896728516
0.9999934286437588 -4.5523769617961114e-05 -0.0036249961221839788 -0.005553198046982288 4.6299777388202224e-05 0.9999999760327956 0.00021398770725309128 -0.02220735512673855 0.0036249862937758697 -0.00021415413757712594 0.9999934067844524 1.0661797523498535
0.9999869886770324 -3.61611880913991e-05 -0.005101094883361776 -0.006848142482340336 3.802919079226111e-05 0.9999999322623186 0.0003660999026590754 -0.02178054116666317 0.005101081299217995 -0.00036628912972557235 0.9999869223154131 1.0473765134811401
0.999991762507221 -3.526002628699373e-05 -0.004058777455347557 -0.005889381282031536 3.6278393248812055e-05 0.9999999678837169 0.0002508315034359796 -0.0209497157484293 0.004058768480669306 -0.0002509766831379159 0.9999917316703797 1.0075807571411133
0.9999921618827922 -6.273491776095744e-05 -0.003958817665637746 -0.005927418824285269 6.358771171829324e-05 0.9999999748032311 0.00021529082723700354 -0.0209537073969841 0.00395880405963599 -0.00021554087191873373 0.9999921406753906 1.0043597221374512
0.9999584188661429 0.00029962272575040003 -0.009114316482637235 -0.01491574291139841 -0.0002844063219930443 0.9999985638426043 0.001670756048280278 -0.04118453338742256 0.009114803989525461 -0.0016680944071210844 0.9999570679830617 2.4918737411499023
0.9999873012799374 -6.460756149265403e-05 -0.005039157144926671 -0.00769328186288476 6.740075550485597e-05 0.9999998441985258 0.0005541300051815965 -0.03019602596759796 0.005039120558830173 -0.0005544626114384581 0.9999871498350399 1.601299524307251
0.9998204872644751 0.00035355590032591644 -0.018943818106516085 -0.024486830458045006 -0.0003143595976556798 0.9999978039545041 0.0020720193561828163 -0.046618737280368805 0.018944509079698624 -0.002065692231282101 0.999818402756888 2.76436185836792
0.9992770046116529 0.0004159738046575202 -0.03801703592018083 -0.041814494878053665 -0.0003676877896824845 0.9999991169126806 0.0012770980965499913 -0.04168006032705307 0.03801753358717263 -0.001262196360607948 0.9992762751112905 2.171204090118408
0.9999838556014695 -4.736633932969818e-05 -0.005682102854520733 -0.007764128502458334 4.873123664246798e-05 0.9999999699954263 0.00024007168338849934 -0.02651166543364525 0.00568209131271484 -0.0002403447034743973 0.9999838279056005 1.2819364070892334
0.9999159323114247 0.0002552690931212356 -0.012963917134296482 -0.014603599905967712 -0.00024904850370540267 0.9999998530899532 0.00048145084403355444 -0.030238308012485504 0.012964038129287144 -0.00047818172540947646 0.9999158489881138 1.5080885887145996
0.9999929519364917 8.842607975143499e-06 -0.0037544638964657896 -0.005856276489794254 -8.02173450150301e-06 0.9999999760629671 0.00021865433316369746 -0.02270735800266266 0.003754465740069613 -0.000218622674761498 0.9999929280705604 1.0980178117752075
0.999996504341075 -7.303634187336429e-05 -0.0026430988106144627 -0.004716606345027685 7.343306338825477e-05 0.9999999860537347 0.0001500003839958964 -0.019354313611984253 0.002643087818273779 -0.00015019395048821663 0.999996495758141 0.9358500242233276
0.9999938445051878 -4.083944122060078e-05 -0.00350845890304785 -0.005449763033539057 4.155176256545526e-05 0.9999999785409444 0.0002029570444598448 -0.019130118191242218 0.003508450539107348 -0.00020310157781012062 0.999993824743215 0.9341968297958374
0.999998380562619 -6.306757308689493e-05 -0.0017985812799858254 -0.0038967877626419067 6.319670943944638e-05 0.9999999954296116 7.174226659478622e-05 -0.01870094984769821 0.0017985767471549682 -7.185581483123239e-05 0.9999983799779011 0.9099178314208984
0.9999982703666214 -4.467873499628875e-05 -0.001859372898655712 -0.004014929756522179 4.502847943613958e-05 0.9999999813035707 0.00018805662526081969 -0.019537240266799927 0.0018593644617599537 -0.0001881400247261348 0.9999982536820399 0.9517686367034912
0.9999971869221165 -5.013081442862496e-05 -0.002371420408723468 -0.004501539748162031 5.050209022663233e-05 0.9999999864781747 0.00015650300055998167 -0.02127857878804207 0.002371412531034657 -0.00015662232199229872 0.9999971759320402 1.024512529373169
0.9999974134401806 -4.65827307000383e-05 -0.0022739707556911682 -0.004464717116206884 4.697892291221152e-05 0.9999999837278257 0.00017417614337822892 -0.02132672630250454 0.0022739626050883384 -0.00017428252155805122 0.9999973993564549 1.030403971672058
0.9999976650840536 -5.4623863331981414e-05 -0.0021602876369276047 -0.004301208071410656 5.4969145966622824e-05 0.9999999857255327 0.00015977273587667776 -0.02072860673069954 0.002160278878686561 -0.00015989111198721313 0.9999976538122469 1.0020982027053833
0.9999981174745418 -4.527207501034428e-05 -0.0019398447906921494 -0.00417236378416419 4.5566847845871944e-05 0.9999999874230528 0.0001519129909645493 -0.021457873284816742 0.0019398378888785019 -0.00015200109759689844 0.9999981069605239 1.04148268699646
0.9999968812605613 -4.681553466728307e-05 -0.0024970537551997577 -0.00466998340561986 4.7276665572165225e-05 0.9999999818417943 0.00018461128856632998 -0.02163439616560936 0.002497045067181562 -0.0001847287651871238 0.9999968653156946 1.0432562828063965
0.999996843017952 -5.0389980393548606e-05 -0.002512252968864507 -0.004630712792277336 5.079775735050613e-05 0.9999999855469867 0.0001622517010382055 -0.021923532709479332 0.0025122447566948464 -0.00016237880562921348 0.9999968311246822 1.0566593408584595
0.9999975019261284 -5.282800462900054e-05 -0.002234580655275226 -0.0043852971866726875 5.316875564843857e-05 0.9999999869689692 0.00015243078720743772 -0.021902678534388542 0.002234572573542004 -0.00015254921629690802 0.9999974917039294 1.0591206550598145
0.9999970875231782 -7.500916069768456e-05 -0.00241232642630038 -0.004472116939723492 7.519848951140969e-05 0.9999999940998384 7.839330547134369e-05 -0.02129555679857731 0.002412320531851217 -7.857448045612475e-05 0.9999970872636094 1.022744059562683
0.9999993367980653 -6.953850358166026e-05 -0.0011495946355412187 -0.003309742547571659 6.967558827319544e-05 0.999999990467562 0.00011920649347601557 -0.016897110268473625 0.0011495863351416058 -0.0001192865131005455 0.9999993321107699 0.8487727046012878
0.9999989450861609 -5.99331442765662e-05 -0.0014512872160752747 -0.0035714497789740562 6.018555658747335e-05 0.9999999830717204 0.00017388000948430064 -0.01672842912375927 0.0014512767703317836 -0.00017396717258474006 0.9999989317650089 0.8455862998962402
0.9999979049171388 -4.557960232549216e-05 -0.002046480841052753 -0.004139664117246866 4.592830297004012e-05 0.9999999844368063 0.0001703437057990784 -0.01870950497686863 0.0020464730450046064 -0.00017043734030699012 0.9999978914473715 0.9276471138000488
0.9999987556170201 -6.0800496959883165e-05 -0.0015764097535697576 -0.0037292796187102795 6.104712148042739e-05 0.999999985906251 0.00015639931870119067 -0.01882210746407509 0.0015764002221959328 -0.0001564953593582695 0.9999987452349839 0.9295477867126465
0.9999984542047329 -5.699262851147246e-05 -0.0017573673448906238 -0.003887982340529561 5.726070706745897e-05 0.9999999867331506 0.0001524956063103735 -0.019103409722447395 0.001757358630450456 -0.00015259599868013276 0.9999984442013423 0.9398471713066101
0.9999965184422481 -4.6999316837949765e-05 -0.002638350705776611 -0.004663599189370871 4.7529262113552046e-05 0.999999978710166 0.0002007999918960902 -0.019728312268853188 0.0026383412121441224 -0.00020092469166156418 0.9999964993863311 0.9644624590873718
0.9999978019633514 -6.421627555667479e-05 -0.0020956967184667316 -0.004137749318033457 6.445673891956206e-05 0.999999991347584 0.00011467415018649376 -0.01925836317241192 0.0020956893363870644 -0.00011480897990474578 0.9999977974501262 0.9383776187896729
0.9999997910672471 1.551626388066605e-05 -0.000646238893418516 -0.0034509957768023014 -1.517520251931608e-05 0.9999998606168178 0.0005277651542085257 -0.02769116871058941 0.0006462469922870824 -0.0005277552371350157 0.9999996519195565 1.5447189807891846
0.9998978405809422 0.00035563113950728 -0.014289224193825625 -0.016441969200968742 -0.00034830735751239627 0.999999806716015 0.0005150241912753276 -0.03081466257572174 0.014289404590587446 -0.0005099945347832927 0.9998977711856454 1.5494563579559326
