0.9999991540404923 -4.7627418335147525e-05 0.0012998653500253788 -0.0005053153727203608 4.761462968429029e-05 0.999999998817721 9.869387315205714e-06 -0.015412259846925735 -0.001299865818542014 -9.807486358822784e-06 0.9999991551259764 0.7985727190971375
0.9999936200167872 -5.229672096460382e-05 0.0035717209822197916 0.0018031938234344125 5.271723391680545e-05 0.9999999916908686 -0.00011763994269602651 -0.013862133026123047 -0.003571714800358635 0.00011782748340567218 0.9999936144646472 0.73246830701828
0.9999529971793062 -0.00014022713261185974 0.009694522601641125 0.008799632079899311 0.00014101860668724647 0.9999999867797899 -8.095784487638777e-05 -0.010248865000903606 -0.009694511120991048 8.232114769910274e-05 0.9999530037343524 0.5687941908836365
0.9999943126977817 -9.77305643813421e-05 0.0033712046552871544 0.0018898951821029186 9.787037827701244e-05 0.9999999943575177 -4.130803167806241e-05 -0.012931552715599537 -0.0033712005992079424 4.163773782166439e-05 0.999994316620259 0.7035449147224426
0.9999997452431227 -3.3449066860666e-05 0.0007130181272411136 -0.0011187487980350852 3.346043169749775e-05 0.999999999313363 -1.5927134374496476e-05 -0.014457009732723236 -0.0007130175940037464 1.5950988211295087e-05 0.999999745675706 0.7543644309043884
0.99999621655103 -3.254384452206848e-05 0.0027506043924349715 0.000954708200879395 3.280684318240505e-05 0.9999999948950625 -9.556979701508944e-05 -0.014357233420014381 -0.002750601268184693 9.565967407859882e-05 0.9999962125137726 0.7536095380783081
0.9999982344486493 -6.932706303657564e-05 0.0018778427363221237 0.00010862952331081033 6.931789399002335e-05 0.9999999975852741 4.947838958012456e-06 -0.012927044183015823 -0.001877843074806792 -4.8176621186223884e-06 0.9999982368395338 0.6950196027755737
0.9999917291142593 -7.325655597813264e-05 0.004066489462771462 0.002405882580205798 7.36579293964225e-05 0.9999999924309072 -9.855300502474424e-05 -0.012974665500223637 -0.004066482212338097 9.885171909784039e-05 0.9999917269411553 0.6955270767211914
0.9999781701313416 -6.826930132531139e-05 0.00660716278564436 0.005276573821902275 6.863077401357944e-05 0.999999996160737 -5.448250047226579e-05 -0.01151138823479414 -0.006607159040795483 5.493476582244879e-05 0.9999781709775374 0.6387487649917603
0.999989996214973 -5.709157526626495e-05 0.004472606681829545 0.002944269450381398 5.715245661257227e-05 0.999999998275886 -1.3484240430753762e-05 -0.011829358525574207 -0.004472605904281734 1.3739725996639605e-05 0.9999899977538 0.649071455001831
0.9999948905140483 -3.180301279002356e-05 0.0031965503851982104 0.0015068382490426302 3.1799529981227244e-05 0.9999999994937447 1.1403768151021172e-06 -0.01206239778548479 -0.0031965504198473585 -1.0387221885521868e-06 0.9999948910191164 0.6544352173805237
0.9999980850752357 -2.4474711416535473e-05 0.0019568461488049154 0.00010227062739431858 2.46025278154548e-05 0.9999999975657368 -6.529350638294653e-05 -0.014947405084967613 -0.001956844546001711 6.534152471260076e-05 0.999998083243117 0.7754788398742676
0.9999974326778834 -2.514737260745104e-05 0.0022658343389193405 0.00040907799848355353 2.5353237925273883e-05 0.9999999955537783 -9.082761972940063e-05 -0.014601895585656166 -0.002265832044768942 9.088483278273759e-05 0.9999974288692406 0.7591686844825745
0.9999950803138331 -6.829094530241223e-05 0.003136030050470553 0.0013795698760077357 6.852331486346952e-05 0.9999999949150664 -7.398934046347683e-05 -0.013327823020517826 -0.003136024981722046 7.420386763371174e-05 0.9999950799084464 0.7102248668670654
0.9999746181753625 -7.728498990281021e-05 0.0071243969617138326 0.00558425672352314 7.7913963745938e-05 0.9999999930920913 -8.800699649532195e-05 -0.011669077910482883 -0.007124390110879313 8.85598527237567e-05 0.9999746172892091 0.634372353553772
0.9999823808393443 -9.769242196626287e-05 0.0059353573664326365 0.00460073072463274 9.787670857182071e-05 0.9999999947370327 -3.075848731359689e-05 -0.01123146153986454 -0.005935354330323923 3.1338878618091325e-05 0.9999823851382824 0.632209062576294
0.9999996967270349 -4.760781356424612e-05 0.0007773540599053423 -0.0011021539103239775 4.760225585285919e-05 0.9999999988413225 7.16802418551197e-06 -0.015123848803341389 -0.0007773544002585985 -7.131018204796148e-06 0.999999697834597 0.7806982398033142
0.9999977357433508 -3.9223110097720736e-05 0.002127667671148901 1.877604518085718e-05 3.944612521826688e-05 0.9999999937331173 -0.00010477484488030178 -0.013990080915391445 -0.0021276635482197813 0.00010485853588854162 0.9999977310236822 0.72336745262146
0.9999830662075438 -3.678038953248226e-05 0.00581944545140146 0.004205324687063694 3.665168560596382e-05 0.9999999990813999 2.2222829623405427e-05 -0.010481353849172592 -0.005819446263420046 -2.2009160821534975e-05 0.9999830666370226 0.5928019285202026
0.9999980380284348 -6.0429461128011745e-05 0.0019799716061952304 4.277436528354883e-05 6.052803750474148e-05 0.9999999969317971 -4.9726878679995326e-05 -0.013829904608428478 -0.0019799685951517932 4.984662491291143e-05 0.9999980386179146 0.7249297499656677
0.9999994520563797 -4.2632399351247554e-05 0.0010459777336299084 -0.0010172708425670862 4.26448884262983e-05 0.9999999990196901 -1.1917796572886687e-05 -0.012955858372151852 -0.0010459772245202629 1.1962395646353124e-05 0.999999452894124 0.6853628158569336
0.9999998945248125 -1.961769078820249e-05 0.0004588741765728049 -0.0017607195768505335 1.9596497910050165e-05 0.9999999987412787 4.618895872874042e-05 -0.012390993535518646 -0.0004588750821159203 -4.6179961530109155e-05 0.9999998936505294 0.659417986869812
0.9999996286213385 -1.8512513208686738e-05 0.000861634766942028 -0.0012094232952222228 1.852794188199638e-05 0.9999999996681829 -1.7898301184951762e-05 -0.013274047523736954 -0.0008616344353135859 1.7914258856790036e-05 0.9999996286325205 0.6946042776107788
0.9999991983503053 -3.5660996250420634e-05 0.0012657120685140707 -0.001035329420119524 3.566734866700697e-05 0.9999999993514389 -4.996276130102847e-06 -0.01339417789131403 -0.0012657118895209947 5.0414167184993424e-06 0.9999991989736777 0.6997525691986084
0.9999970028358119 -2.453585667546658e-05 0.002448206973496099 0.000286359601886943 2.4847234432681287e-05 0.9999999916070205 -0.0001271557083500535 -0.014562263153493404 -0.0024482038330741122 0.00012721615841612832 0.9999969950525056 0.752257764339447
0.9999972608467412 -8.37928763697236e-05 0.0023390762639116797 -4.161521792411804e-05 8.391361957715414e-05 0.9999999951519968 -5.152194618598452e-05 -0.01525004580616951 -0.0023390719353997636 5.171808541524957e-05 0.9999972630301148 0.7861137986183167
0.999998489763723 -8.203438140916381e-05 0.0017360128552987798 -0.0006383283762261271 8.217007459625756e-05 0.9999999935748187 -7.809251961365839e-05 -0.01598135009407997 -0.0017360064378730432 7.823504998132225e-05 0.9999984900793225 0.805327832698822
0.9999894181159709 -0.00013474532071571402 0.004598423619075863 0.0020291015971451998 0.00013597783804503554 0.9999999549183319 -0.0002677188106475573 -0.014584902673959732 -0.004598387337914254 0.00026834126138028776 0.9999893913571573 0.7408128380775452
0.9999876352403682 -5.457179281859256e-05 0.004972563553736454 0.0030916084069758654 5.423032303740969e-05 0.9999999961624322 6.880557945044944e-05 -0.009290996938943863 -0.004972567289497731 -6.853506495815503e-05 0.9999876343622937 0.5136101245880127
0.9999996600590426 -3.0888834196895676e-05 0.0008239706785460865 -0.001989492680877447 3.083204790221581e-05 0.9999999971489875 6.893047188464271e-05 -0.01314724050462246 -0.0008239728053788529 -6.890504374892116e-05 0.999999658160397 0.6928752660751343
0.9999999774317272 -4.399507539621459e-05 -0.00020784845053108898 -0.0024392306804656982 4.3989867398779344e-05 0.9999999987184136 -2.5061210770531995e-05 -0.015531623736023903 0.0002078495528345706 2.5052066979165852e-05 0.9999999780854785 0.7924705743789673
0.9999999838142698 -3.490766978849711e-05 -0.00017650188346152724 -0.002435039496049285 3.490217222324154e-05 0.9999999989057478 -3.1150330336904896e-05 -0.015571094118058681 0.00017650297065383483 3.1144169533579746e-05 0.999999983938371 0.797231912612915
0.9999999509182954 -3.622683058300699e-05 -0.0003112089706256053 -0.0025030989199876785 3.623640264420405e-05 0.9999999988706163 3.0752081302157524e-05 -0.014991231262683868 0.00031120785622369153 -3.076335688635903e-05 0.9999999511016419 0.7791016101837158
0.9999998320809165 -7.589595976734137e-05 0.0005745241006730405 -0.0015626519452780485 7.58932400287401e-05 0.9999999971087998 4.7556979610928955e-06 -0.01473761722445488 -0.0005745244599502375 -4.712094667045777e-06 0.999999834949707 0.763282299041748
0.9999995223802906 -4.313860945755428e-05 0.0009764109028854393 -0.0011629773071035743 4.3183623062114336e-05 0.9999999980059018 -4.6080052056181325e-05 -0.013979651033878326 -0.0009764089131090106 4.6122195007824196e-05 0.9999995222490747 0.733758807182312
0.9999983872691938 6.156000970582418e-05 -0.00179490093783705 -0.004912900738418102 -6.125229799110604e-05 0.9999999834194847 0.00017149106727879274 -0.011206818744540215 0.001794911465068434 -0.00017138084890275663 0.9999983744593973 0.6116561889648438
0.9999986803241304 -4.2782652870769685e-05 0.0016240442241834594 -0.00040019286097958684 4.284084304089104e-05 0.9999999984416672 -3.579563899708279e-05 -0.013098588213324547 -0.0016240426902202603 3.5865167182141486e-05 0.9999986805986446 0.6920309066772461
0.9999977595543214 -1.9111092727247783e-05 0.0021167241444006554 0.0002075583761325106 1.9086528505714344e-05 0.9999999997502814 1.1625028776869776e-05 -0.012317138724029064 -0.002116724366039073 -1.1584601815903455e-05 0.999997759669368 0.6622177958488464
0.9999962038597406 0.00010114843605348947 -0.0027535495459159293 -0.006038145162165165 -0.00010036940235248483 0.9999999549024934 0.00028305652133533765 -0.009331027045845985 0.002753578052462158 -0.00028277907469080984 0.9999961689146133 0.5197361707687378
0.9999967607513484 8.990651675243197e-05 -0.002543698808570374 -0.005340307019650936 -8.897186097880615e-05 0.9999999284953485 0.0003675504126991444 -0.008543353527784348 0.0025437316718614138 -0.0003673229044951976 0.9999966972460786 0.4947366714477539
0.9999977383594012 -2.4054609172854216e-05 0.002126663456687812 0.0005128297489136457 2.349434353539137e-05 0.9999999650150544 0.00026347277934963165 -0.008253978565335274 -0.002126669720021342 -0.00026342221890706167 0.9999977039396822 0.4763781428337097
0.9999995976748702 -2.5345716394167586e-05 -0.0008966647605331211 -0.0032473071478307247 2.548265641231601e-05 0.9999999880150781 0.00015271043942933108 -0.01261955127120018 0.0008966608792311757 -0.00015273322739009338 0.9999995863358291 0.6845069527626038
0.9999941254709076 3.337700505367096e-05 -0.0034275223777984693 -0.006249075755476952 -3.3045592603248814e-05 0.9999999947738935 9.674813662295693e-05 -0.013322952203452587 0.003427525589048917 -9.663430376507846e-05 0.9999941213477946 0.6946731805801392
0.9999993265533421 2.9483398745664328e-05 -0.0011601825680419308 -0.0036308516282588243 -2.9238621616584063e-05 0.9999999773124824 0.00021099795633052062 -0.010796433314681053 0.0011601887626571496 -0.00021096389209553898 0.9999993047278938 0.600590169429779
0.999999475270364 -5.707303975233083e-05 0.0010228399995456587 -0.0010863719508051872 5.707466221242156e-05 0.9999999983700293 -1.5570415236981818e-06 -0.013306009583175182 -0.0010228399090133665 1.6154189541437717e-06 0.9999994768978187 0.7060976028442383
0.9999926212406999 0.00011666769222702462 -0.003839772493754791 -0.007195977494120598 -0.00011574314314624917 0.9999999642603968 0.00024100358899321268 -0.011392279528081417 0.003839800473855392 -0.00024055738334834536 0.9999925990048458 0.6219255924224854
0.9999987609910231 7.003598893134175e-05 -0.001572612914528825 -0.004195023328065872 -6.97290135090362e-05 0.9999999785067023 0.00019525485835583442 -0.011259777471423149 0.0015726265555952859 -0.00019514495968615047 0.9999987443812924 0.6166709661483765
0.9999994606972642 1.889337094834091e-05 -0.0010383873174123204 -0.0029869943391531706 -1.8795256274087874e-05 0.9999999953585059 9.449722781401665e-05 -0.012001614086329937 0.0010383890979638309 -9.447766009566065e-05 0.9999994564108786 0.6494289636611938
0.9999999083280652 -6.568938160415519e-05 0.00042311791117057745 -0.0016446837689727545 6.568317609347693e-05 0.9999999977351087 1.4680028991467704e-05 -0.014735986478626728 -0.00042311887453428765 -1.465223591745332e-05 0.9999999103778611 0.7612475752830505
0.9999996323106237 -1.869423049645892e-05 0.0008573384065413487 -0.0012167452368885279 1.8734468167567936e-05 0.9999999987235211 -4.692523535623632e-05 -0.013668200001120567 -0.0008573375282158083 4.6941279881411975e-05 0.9999996313843716 0.7160336971282959
0.9999971136003895 -6.458886848942293e-05 0.002401794988659155 0.0005609819781966507 6.459857302529217e-05 0.9999999979056595 -3.962958491141916e-06 -0.012623252347111702 -0.002401794727665974 4.118099581426749e-06 0.9999971156784039 0.6823964715003967
0.9999962040989341 6.233496919881572e-05 -0.002754614687130973 -0.005272570066154003 -6.203520409528582e-05 0.99999999214532 0.00010890818770681589 -0.012979000806808472 0.002754621454282882 -0.00010873689121779006 0.9999962001112465 0.6833509802818298
0.9999830601568436 0.00013174593144798922 -0.005819110100728113 -0.00890488363802433 -0.00013002020349925462 0.9999999474608436 0.00029693948367685115 -0.010539610870182514 0.005819148915565837 -0.0002961778516890894 0.9999830247482099 0.5896413326263428
0.9999999931862659 -8.051804521049587e-05 8.452403505702447e-05 -0.0022295252420008183 8.050705367752792e-05 0.9999999883046687 0.00013003567362802405 -0.014419978484511375 -8.453450428673605e-05 -0.00013002886796096815 0.9999999879732054 0.7580463886260986
0.9999986063566798 -4.4964335466896725e-05 -0.001668910694581746 -0.00356036308221519 4.5021956095198585e-05 0.9999999983917889 3.448833796349579e-05 -0.01603284850716591 0.0016689091411525878 -3.4563427523072236e-05 0.9999986067728533 0.8204702138900757
0.9999799584675474 0.0001238055669374329 -0.006329876414604659 -0.009493833407759666 -0.0001223167135975972 0.9999999647663186 0.00023559707874455012 -0.012382865883409977 0.006329905359809711 -0.0002348181073375373 0.999979938378062 0.6653650999069214
0.9999888409911118 0.00011907521831015868 -0.004722680843035392 -0.008104734122753143 -0.0001176923459013416 0.9999999501228052 0.0002930919631493789 -0.011043318547308445 0.004722715507470817 -0.00029253286914619693 0.9999888051287155 0.6097611784934998
0.999999975845912 -8.68972056072267e-05 0.00020188375599816615 -0.001977865817025304 8.688558091850696e-05 0.9999999945671924 5.7589156732401546e-05 -0.0175514854490757 -0.00020188875923816385 -5.7571614553970086e-05 0.9999999779632187 0.8919459581375122
0.9999990365777764 -7.0300187046527e-05 -0.0013863265857937865 -0.004087408073246479 7.006851229226946e-05 0.9999999835736368 -0.00016716198579597884 -0.02227748930454254 0.0013863383145403512 0.000167064686906989 0.9999990250772588 1.0885300636291504
0.9999934964580809 -7.377962067840047e-05 -0.003605772886576746 -0.005525745451450348 7.468165316270662e-05 0.9999999659539694 0.00025002941929694474 -0.024236004799604416 0.0036057543167387785 -0.00025029707830023415 0.999993467922256 1.2095245122909546
0.9999991582559942 -0.0002539152721433071 0.0012724049426400417 -0.0009048155043274164 0.00025435386375609293 0.9999999082964137 -0.000344545028233832 -0.024631135165691376 -0.0012723173407113355 0.0003448683793285425 0.9999991311368154 1.1260827779769897
0.9999991205445641 -7.292994829185484e-05 -0.001324232351612994 -0.003211665665730834 7.310180037631128e-05 0.9999999889135246 0.00012972693425558347 -0.017287354916334152 0.0013242228759533174 -0.00012982362393554542 0.999999114789409 0.8787270188331604
0.9999924850882498 2.7944119789441257e-06 -0.0038768233410764828 -0.005517607554793358 -3.102206114219991e-06 0.9999999968440105 -7.93873757488164e-05 -0.025838138535618782 0.003876823107000235 7.939880586476599e-05 0.9999924819409528 1.2230043411254883
0.9999940079794734 1.4279432597333286e-05 -0.003461762736953258 -0.00512293353676796 -1.473999190738385e-05 0.999999991044689 -0.0001330163707286649 -0.02907724678516388 0.0034617608065537955 0.00013306660004656906 0.9999939992346946 1.3731456995010376
0.999998183121933 -5.67856161396698e-05 -0.00190539450683095 -0.0038396904710680246 5.679952321044978e-05 0.9999999983606644 7.244676109455042e-06 -0.020952550694346428 0.0019053940923139724 -7.352888446277725e-06 0.9999981847079963 1.0199179649353027
0.9999984718022858 -4.081851813284982e-05 -0.001747777715104836 -0.003589759347960353 4.0893437924713924e-05 0.9999999982466576 4.2830028972018234e-05 -0.01757144369184971 0.0017477759637820691 -4.2901436158764705e-05 0.9999984717181558 0.8787630200386047
0.9999988294585385 -3.015138313857312e-05 -0.0015297622189961596 -0.0034189927391707897 3.0230485961826183e-05 0.9999999982073307 5.1686131534342906e-05 -0.016665268689393997 0.001529760657845447 -5.1732316488869256e-05 0.9999988285773623 0.8482093214988708
0.9999979771929374 -0.00010015951360296189 -0.0020088748356838194 -0.0039026725571602583 0.00010065882262894922 0.9999999640696969 0.00024845202025828287 -0.01900104433298111 0.0020088498786708345 -0.0002486537286635504 0.9999979513446456 0.9608995318412781
0.999996813160862 -6.685938131730184e-05 -0.002523726994564144 -0.004356755875051022 6.710224689971185e-05 0.9999999931263911 9.61483545689476e-05 -0.019845040515065193 0.002523720548797531 -9.631739591150491e-05 0.9999968107736897 0.9781794548034668
0.9999966940562481 -9.331402183350012e-05 -0.0025696632207631936 -0.004364974796772003 9.387203376051207e-05 0.9999999720421493 0.0002170339660472376 -0.01975288614630699 0.0025696428966086858 -0.0002172744680577662 0.9999966748580666 0.9844279289245605
0.9997213336646987 -6.064328274575801e-05 -0.02360617160974035 -0.02931440994143486 8.211168844903271e-05 0.9999995839679369 0.000908472137035147 -0.04659733921289444 0.0236061066960834 -0.0009101573190426895 0.9997209227280921 2.485891342163086
0.9994211160770146 0.0008289127682475381 -0.03401096357055059 -0.03884461894631386 -0.0007796119420408459 0.9999986262202935 0.0014627927897240146 -0.049298644065856934 0.034012129374599735 -0.0014354306491354669 0.99942038932286 2.693887233734131
0.999866797510755 0.0005452657402657635 -0.016312262898186426 -0.017877405509352684 -0.0005320181168706735 0.9999995251787642 0.000816455124096161 -0.03240077942609787 0.016312700337785233 -0.000807667950852282 0.9998666128440188 1.7531993389129639
0.9999976026223808 -6.79504558163654e-05 -0.002188637070524088 -0.004021146334707737 6.821720715325485e-05 0.9999999902548927 0.00012180569371623738 -0.018938686698675156 0.0021886287724431765 -0.00012195470441041661 0.9999975975126872 0.9429128766059875
0.9999939188052015 -7.441195485710127e-05 -0.0034866625126856775 -0.005108998157083988 7.524484408483913e-05 0.9999999686687835 0.00023874808002546864 -0.017729103565216064 0.003486644637732946 -0.0002390089815290297 0.9999938930732913 0.9032245874404907
0.9999877965200796 -4.036281616315372e-05 -0.0049401600944687565 -0.006368424743413925 4.1928508246244674e-05 0.9999999489309165 0.00031682828911293196 -0.018753301352262497 0.004940147054097319 -0.00031703155624852625 0.9999877471439719 0.9575837850570679
0.9999992461836595 5.2442304175564035e-06 -0.0012278455157904013 -0.0035793825518339872 -5.319796342364892e-06 0.9999999980922484 -6.154025379579276e-05 -0.024381201714277267 0.0012278451907167063 6.154673929382775e-05 0.9999992443038077 1.207812786102295
0.9999991414434738 -8.932214774275894e-05 -0.001307338467649468 -0.003252760972827673 8.951229366576668e-05 0.999999985425045 0.00014538727209019542 -0.017834080383181572 0.0013073254622916713 -0.00014550417013184096 0.9999991348639617 0.9005593061447144
0.9999867889483511 -0.00011934187873192674 -0.005138840947340887 -0.006686125881969929 0.00012156657040218201 0.9999998990364444 0.00043260683099088194 -0.025333840399980545 0.005138788800393269 -0.0004332258270695046 0.9999867024941121 1.2589929103851318
0.9999980294097837 -6.099723145054251e-05 -0.001984302367796493 -0.003860310884192586 6.075705460005364e-05 0.999999990821868 -0.00012109848872096707 -0.022560259327292442 0.001984309736256849 0.00012097768971816677 0.999998023937682 1.0705561637878418
0.9999691832358147 -0.0001741335193545534 -0.007848710481017929 -0.00987157505005598 0.00018007881211151182 0.9999996974230675 0.0007567862279825875 -0.03192228078842163 0.00784857632432991 -0.0007581762927398901 0.999968912025964 1.6815242767333984
0.9999037223276914 0.00012008934017804347 -0.013875577601569773 -0.01610809750854969 -0.0001123700099447682 0.9999998385044543 0.0005571032633266372 -0.0480123832821846 0.013875642262889103 -0.0005554904279281307 0.9999035743421346 2.409503936767578
0.9993432743751675 0.0008558050380362123 -0.03622550978047972 -0.03874297812581062 -0.0007820816500470943 0.9999975944688542 0.002049244933572839 -0.0503774955868721 0.036227176393025994 -0.0020195678354504886 0.9993415397332118 2.8682520389556885
0.9990469402249231 0.0007723539508706926 -0.04364189153317112 -0.044105641543865204 -0.0006691315562931984 0.999996944469126 0.002379772126003052 -0.07030998170375824 0.043643596210427835 -0.00234830189411474 0.999044404412554 3.6154067516326904
0.9992433719299048 0.0007247883934069935 -0.0388864801176299 -0.039170607924461365 -0.0006261094633542659 0.9999965534168764 0.002549733575892803 -0.06153177469968796 0.03888819410944588 -0.002523457182699832 0.9992403817514348 3.330341100692749
0.9996469069300309 0.0006141706032139007 -0.026564718325110308 -0.027428409084677696 -0.0005932676524567318 0.9999995082083034 0.000794743130776172 -0.06779661029577255 0.026565193368670442 -0.0007787025244053769 0.9996467796795344 3.2041962146759033
0.9997483255623271 3.8468705472188396e-05 -0.022433993302173893 -0.023737262934446335 5.671092377120802e-06 0.9999980645052876 0.0019674738924019865 -0.05664278566837311 0.022434025567472173 -0.0019671059547648846 0.9997463903365696 3.094353199005127
0.9986554297718379 0.0011232829517105799 -0.05182731733976138 -0.05081924796104431 -0.00095537157662977 0.9999942151883873 0.003264483866108094 -0.08161294460296631 0.05183068446756711 -0.0032105801924120297 0.9986507258909151 4.32444953918457
0.9992295887775234 0.0007259214569792579 -0.03923903604244135 -0.038367774337530136 -0.0006173813539165325 0.9999959502914233 0.0027781722440396012 -0.07714343816041946 0.03924089387062367 -0.0027518064597665576 0.9992259903592594 4.0927042961120605
0.9996297252888938 0.0005818983541206154 -0.02720429585848287 -0.02770761027932167 -0.0005613864611353405 0.9999995523854189 0.000761626025411055 -0.06491882354021072 0.02720472687037403 -0.0007460718911748527 0.999629604509911 3.0538547039031982
0.9997187335108458 0.0003065493644848107 -0.023714128593682705 -0.025850562378764153 -0.000277842265288837 0.999999224705371 0.001213833733534804 -0.04491644352674484 0.02371448230820578 -0.001206903535574336 0.999718043606651 2.369084358215332
0.9991129796433773 0.000638913984667249 -0.04210517423135208 -0.042053863406181335 -0.0005091846517638381 0.9999950909545406 0.0030917305526805693 -0.07387088239192963 0.04210694288502464 -0.0030675488162647028 0.999108400277536 3.8793365955352783
0.9998733059555958 0.00012856646486226916 -0.015917145098647938 -0.017607688903808594 -0.0001186273798717436 0.9999997974205894 0.0006253689506785648 -0.050233013927936554 0.015917222275637292 -0.0006234015109388676 0.9998731186533538 2.486499786376953
0.9998351336270365 0.0003820922482377401 -0.01815377565467215 -0.019630564376711845 -0.00036957772617686593 0.9999996917812621 0.0006927118342398409 -0.050441592931747437 0.01815403473916045 -0.000685888398224242 0.9998349666718978 2.4380483627319336
0.9999824560651543 -2.470494757486454e-05 -0.005923423973300355 -0.007372929714620113 2.692724738950374e-05 0.999999929290442 0.0003750920348866081 -0.026045750826597214 0.005923414287828606 -0.00037524495579910886 0.999982386022073 1.3015525341033936
0.9993198902391506 0.0005195794291515475 -0.03687122197092726 -0.036607109010219574 -0.0004417522147631515 0.9999976575558512 0.002118900137276215 -0.07805569469928741 0.03687223653907284 -0.0021011711086439066 0.9993177789134842 3.9110453128814697
0.9999641050937521 0.00017109998357629083 -0.008471083097659394 -0.010238598100841045 -0.00016849608470355108 0.9999999383418817 0.0003080995008680117 -0.027864962816238403 0.008471135291167888 -0.00030666109733015897 0.9999640722675243 1.3919308185577393
0.9999851698097255 -0.00012370227198933804 -0.005444709208250935 -0.006958953104913235 0.00012630382454969995 0.9999998780340544 0.0004774716956667615 -0.02440275438129902 0.005444649479848264 -0.00047815230226722706 0.9999850634696588 1.2183654308319092
0.9999925510746472 -5.89557124420252e-05 -0.0038593159294370155 -0.005479662679135799 5.968465584267364e-05 0.9999999804029441 0.00018876401486182988 -0.02168012410402298 0.003859304725088806 -0.00018899295071581046 0.9999925349964887 1.0594532489776611
0.9999805265811985 0.00012408311261710746 -0.006239476081372686 -0.008167102932929993 -0.0001244052156335243 0.9999999909491422 -5.123531854936918e-05 -0.03200680762529373 0.006239469667462273 5.201054418989703e-05 0.9999805329671033 1.5206010341644287
0.99999698523352 -5.985263186220617e-05 -0.002454779324819025 -0.004353462718427181 5.999099558759173e-05 0.999999996616177 5.6291442443150646e-05 -0.021575674414634705 0.0024547759473215044 -5.643853739324059e-05 0.9999969854403261 1.0517613887786865
0.9999825626180903 -0.00012169527136828546 -0.005904206129388304 -0.007622523233294487 0.0001244585944354514 0.9999998829016056 0.0004676610241806972 -0.030230538919568062 0.005904148525879999 -0.0004683876985929351 0.9999824606677601 1.4903573989868164
0.9999919460401072 -8.204699364575096e-05 -0.004012620491709344 -0.00570088904350996 8.311580235097303e-05 0.9999999611157949 0.0002661957407690432 -0.0229269340634346 0.004012598495121534 -0.0002665271090109217 0.9999919139756168 1.1300116777420044
0.9999970821970509 -5.261648205329578e-05 -0.002415125025777505 -0.004333202727138996 5.2660675417013e-05 0.9999999984471689 1.823499465975895e-05 -0.022359482944011688 0.0024151240625659553 -1.8362123568711732e-05 0.999997083415044 1.0818226337432861
0.9999954557549816 -6.228724964428556e-05 -0.0030140653087390532 -0.004751550033688545 6.265632776227708e-05 0.9999999905513938 0.0001223576608458407 -0.02050432190299034 0.0030140576589381693 -0.00012254595508653118 0.9999954502091085 1.004319667816162
0.9999929228079075 -6.205599169148097e-05 -0.0037617127950241875 -0.005387098528444767 6.269676095673543e-05 0.9999999835467801 0.0001702220781186337 -0.021227190271019936 0.0037617021698320343 -0.00017045672063218599 0.9999929102455137 1.0362253189086914
0.9999951580405314 -5.642190313846384e-05 -0.0031113842677379855 -0.004854713566601276 5.6710944015246295e-05 0.9999999940851149 9.280969291174123e-05 -0.02121402695775032 0.0031113790128350013 -9.298569306998746e-05 0.9999951553254143 1.0325754880905151
0.9999946219584356 -5.2868085088116385e-05 -0.0032792162434620324 -0.004959523677825928 5.3285631087979796e-05 0.9999999904848287 0.00012724379839403196 -0.020434705540537834 0.0032792094851237675 -0.00012741784917860217 0.9999946152604247 0.9998840093612671
0.9999949148715733 -3.7697692243811835e-05 -0.0031888571430268753 -0.004854104481637478 3.807164196618095e-05 0.9999999924065334 0.00011720700949359317 -0.01958749070763588 0.0031888527003786226 -0.000117327818508328 0.9999949087133584 0.9641741514205933
0.9999981415537299 -5.4504575402146535e-05 -0.0019271529098673645 -0.003767093876376748 5.4729621610030157e-05 0.9999999916900911 0.00011672397535181105 -0.01793505623936653 0.0019271465318621832 -0.0001168292307761161 0.9999981362268511 0.9050132632255554
0.9999993181551796 -6.821163181698167e-05 -0.0011657771436944062 -0.003121037036180496 6.826270564138894e-05 0.9999999967121409 4.377123396288535e-05 -0.018581710755825043 0.0011657741541542 -4.385078321969967e-05 0.9999993195236334 0.9245200157165527
0.9999990309508481 -9.515853281128649e-05 -0.0013888996429983463 -0.0033717560581862926 9.533178687465372e-05 0.9999999876838365 0.0001246762896376321 -0.019243046641349792 0.0013888877618796328 -0.000124808575104936 0.9999990277063294 0.9602319002151489
0.9999970861367877 -7.211856727686214e-05 -0.0024129891931399436 -0.00426090881228447 7.236267055830746e-05 0.9999999922737398 0.00010107504186998798 -0.02033238485455513 0.002412981885109354 -0.00010124935769318573 0.9999970836292422 0.999539315700531
0.9991510107766359 0.00044537366910508 -0.041195379672016454 -0.0464920811355114 -0.000350714055156585 0.9999972819385502 0.002305019558135232 -0.05526883900165558 0.04119629429546102 -0.002288614822712244 0.9991484512215966 3.0932226181030273
0.9998594518815601 0.000248594319695592 -0.01676349259464399 -0.019232148304581642 -0.000247830600732932 0.9999999681554094 4.763584714772441e-05 -0.05728719383478165 0.016763503902818444 -4.3474645578924816e-05 0.9998594816507247 2.7298009395599365
0.9977785863451794 0.0015609767881042194 -0.06659921908312683 -0.060824207961559296 -0.0012737006879247176 0.9999897025181854 0.004355748402810013 -0.09672442078590393 0.06660533250103107 -0.00426124501266962 0.9977702999555403 5.2633819580078125
0.999326245689619 0.0008147499037955246 -0.03669319907674146 -0.04102714732289314 -0.0007887247016751385 0.9999994270605393 0.0007237347152515288 -0.10412301123142242 0.0366937677165494 -0.0006943062633722463 0.9993263157495537 4.976980209350586
0.9993528207565545 0.0005884070189201009 -0.035966559789587176 -0.03902670368552208 -0.0005086814591410348 0.999997393595581 0.0022257684555493686 -0.05877470225095749 0.03596777570396854 -0.0022060324622901707 0.9993505153506873 3.2466824054718018
0.9998885883334774 0.00032815596768714944 -0.014923244759319313 -0.015799693763256073 -0.00032875155447599096 0.9999999452596977 -3.745686696542718e-05 -0.05002082139253616 0.01492323165072196 4.235873374590775e-05 0.9998886414810583 2.3048553466796875
0.9999935211284224 -5.060630586776631e-05 -0.003599324961829467 -0.005242327228188515 5.103096751663336e-05 0.9999999917486638 0.00011789195136634398 -0.0212574265897274 0.003599318966054077 -0.00011807486459474001 0.9999935154596287 1.0309269428253174
0.9999952268033919 -4.5455556729297934e-05 -0.0030893857358251725 -0.00479171983897686 4.579010954346553e-05 0.9999999930958051 0.00010822040088068419 -0.020059213042259216 0.003089380795276881 -0.00010836134763469925 0.9999952219806452 0.9839639663696289
0.9999939947748016 -5.343863996535063e-05 -0.003465192440005151 -0.005116083659231663 5.3976066657656126e-05 0.9999999865308618 0.00015499955137889156 -0.020586660131812096 0.0034651841103667735 -0.00015518565802980319 0.9999939841901516 1.0093629360198975
0.9999975501087176 -3.970059261944603e-05 -0.0022131878424421487 -0.004032652825117111 3.9758307582785354e-05 0.9999999988707602 2.6033761588028935e-05 -0.019343499094247818 0.0022131868063871656 -2.6121690411121668e-05 0.9999975505579088 0.9502918720245361
0.9999979012811637 -8.66427160489164e-05 -0.0020469309484551627 -0.0038964522536844015 8.703636349919106e-05 0.9999999777375409 0.00019222275895335346 -0.018235936760902405 0.002046914248183524 -0.00019240051295791599 0.9999978865598182 0.9212685823440552
0.9999945204036637 -7.914787361012758e-05 -0.0033095163183076517 -0.005025909282267094 7.972200714403803e-05 0.9999999817974312 0.0001733480288382871 -0.021497322246432304 0.0033095025379380754 -0.00017361092024463477 0.9999945085110218 1.0478754043579102
0.9999913578798524 -5.7653936930280035e-05 -0.0041570231695781034 -0.0057343607768416405 5.831187741467896e-05 0.9999999857939931 0.0001581509985298505 -0.022003764286637306 0.004157013992495709 -0.00015839203559539416 0.9999913470358777 1.0629100799560547
0.9999898614143612 -3.3165814030230394e-05 -0.0045028844661115395 -0.006008196622133255 3.3944231669314e-05 0.9999999844949118 0.0001727945748283131 -0.02172362618148327 0.004502878665421184 -0.00017294566988921615 0.9999898470352184 1.0541605949401855
0.999992457686025 -2.420079670136034e-05 -0.0038838106783462972 -0.0054663484916090965 2.4645993937609516e-05 0.999999993131867 0.00011458115533799627 -0.02105492353439331 0.0038838078787165227 -0.00011467601150538043 0.9999924514143963 1.0216834545135498
0.9999942849186091 -3.884012095673497e-05 -0.003380624434161457 -0.005100330337882042 3.921471253981511e-05 0.9999999930995151 0.00011073922676500289 -0.01999158039689064 0.0033806201097085465 -0.00011087116409669947 0.9999942795412677 0.9744507074356079
0.9999940647731351 2.1036463610257734e-05 -0.0034452831479908582 -0.005419598892331123 -2.0907864461761676e-05 0.9999999990834649 3.7362160555455553e-05 -0.02005532756447792 0.003445283930800867 -3.728990528946591e-05 0.9999940642964332 0.9924256801605225
0.9999841602428673 0.0001365302108867837 -0.005626777307569762 -0.009964263066649437 -0.0001370208330242522 0.9999999868447652 -8.680875928413588e-05 -0.03244292736053467 0.005626765381529974 8.7578369968397e-05 0.9999841657953241 1.6853747367858887
0.9998817177189576 0.0003510852121137273 -0.015376192980083822 -0.023575255647301674 -0.00034673387147293136 0.9999998990878356 0.00028565703428338454 -0.051128990948200226 0.01537629171839938 -0.00028029179919727434 0.999881738551864 2.7490897178649902
0.9994817452580973 0.001061224418904059 -0.03217319845089049 -0.03376739099621773 -0.0010212140432960069 0.9999986847601202 0.0012599999631895031 -0.04427168518304825 0.03217449327814559 -0.0012264912401579846 0.9994815144371266 2.376434564590454
0.9999672655899065 6.105090981292288e-05 -0.008090983959433128 -0.010179479606449604 -5.9090811211565944e-05 0.9999999688519898 0.00024249596988782125 -0.028446262702345848 0.008090998512014664 -0.00024200992911963424 0.9999672380504637 1.4033207893371582
0.9999665224214114 1.9194388790014044e-05 -0.00818252210533605 -0.00962896179407835 -1.5961188984434782e-05 0.9999999217811014 0.0003951999890186789 -0.028750048950314522 0.008182529050930424 -0.0003950561558982957 0.9999664445114966 1.3936655521392822
0.999994507310982 -1.1012301449576768e-05 -0.0033143968675423815 -0.004988257773220539 1.1056983336315304e-05 0.9999999998482477 1.3462828267702695e-05 -0.02113795280456543 0.003314396718782691 -1.3499401551508069e-05 0.9999945072809934 1.0189871788024902
0.9999973416317431 -5.609828711068992e-05 -0.002305120914253587 -0.004116578958928585 5.6286940756233395e-05 0.9999999950722076 8.177631351222914e-05 -0.019043944776058197 0.0023051163153833144 -8.190584432500967e-05 0.9999973398615647 0.928310215473175
0.9999951964977553 -3.0401619209798405e-05 -0.003099363992452795 -0.0047812191769480705 3.083881817175546e-05 0.9999999895821265 0.0001410131708986814 -0.01908756047487259 0.003099359673135287 -0.00014110807426420975 0.9999951870174817 0.9416252374649048
0.9999978560511719 -1.7171583998661623e-05 -0.00207065163572637 -0.00391266867518425 1.711866200942373e-05 0.9999999995264136 -2.557585338223373e-05 -0.019236121326684952 0.0020706520739236524 2.554035176342158e-05 0.999997855871541 0.9366699457168579
0.9999992478381542 -7.937957313942211e-05 -0.0012239370935582855 -0.0032252222299575806 7.945917931817511e-05 0.9999999947311016 6.499258111515195e-05 -0.01931268535554409 0.001223931928026139 -6.50897852672034e-05 0.9999992488766956 0.9488369226455688
0.9999976693080823 -5.7044728538058865e-05 -0.0021582688206733167 -0.004030835814774036 5.712064709493637e-05 0.9999999977521177 3.511404777333794e-05 -0.020560886710882187 0.002158266812750459 -3.5237247644952276e-05 0.9999976703186371 0.9953674077987671
0.9999975558419633 -6.006876654231439e-05 -0.0022101361593198257 -0.004088361747562885 6.01700755033072e-05 0.9999999971422489 4.577187113752958e-05 -0.020705685019493103 0.0022101334035439647 -4.590474332342175e-05 0.9999975565985614 1.002320408821106
0.9999972870733218 -5.327178514942576e-05 -0.0023287353034364845 -0.004180704243481159 5.33476662345368e-05 0.9999999980481544 3.252257165965675e-05 -0.020970918238162994 0.002328733566355703 -3.264671602202076e-05 0.9999972879634069 1.0135581493377686
0.9999975994985488 -5.962077878055289e-05 -0.0021903064860583333 -0.004105793312191963 5.9692656596863126e-05 0.9999999976820804 3.275097008305784e-05 -0.021336153149604797 0.002190304528343037 -3.288163667722079e-05 0.9999976007395573 1.0309100151062012
0.9999966123670135 -6.0737878253992567e-05 -0.0026022231663173794 -0.004465815611183643 6.08862285243867e-05 0.9999999965259289 5.692986793877835e-05 -0.02171989530324936 0.002602219699477683 -5.708811463565565e-05 0.9999966125910543 1.0473289489746094
0.9999966408371742 -6.050067967451051e-05 -0.002591264948972469 -0.004457922652363777 6.067473708408919e-05 0.9999999959086022 6.709226737261724e-05 -0.021865028887987137 0.002591260879242796 -6.724926631826088e-05 0.9999966404166527 1.0592073202133179
0.9999974668679278 -5.6681895478512707e-05 -0.0022501210834807326 -0.004159202799201012 5.675115268594403e-05 0.9999999979179327 3.071548806384055e-05 -0.021574199199676514 0.0022501193377837455 -3.0843107222623097e-05 0.9999974680026287 1.0424216985702515
0.9999989112928823 -3.3202953415150504e-05 -0.0014752323932907179 -0.0034340277779847383 3.310416246900367e-05 0.9999999972081784 -6.69907294856582e-05 -0.01915730908513069 0.0014752346134622024 6.694182021954714e-05 0.9999989096002196 0.933722972869873
0.9999992590839624 -5.199262588530491e-05 -0.001216194183904007 -0.003170096781104803 5.2109827772470664e-05 0.9999999940019461 9.633625251941772e-05 -0.01596490852534771 0.0012161891678344723 -9.639955681180436e-05 0.9999992557952397 0.8202680349349976
0.9999984764890149 -8.766744675516121e-05 -0.001743368597731034 -0.003613664535805583 8.802032353491479e-05 0.9999999756564466 0.0002023351885654169 -0.017036259174346924 0.0017433508170818775 -0.00020248833217354737 0.9999984598620157 0.869214653968811
0.999998066801621 -5.304454688080332e-05 -0.0019655989665688114 -0.003823719685897231 5.326504244365172e-05 0.9999999922953977 0.00011212510964357342 -0.018350588157773018 0.001965593003799018 -0.00011222959059587467 0.9999980619224533 0.9232019186019897
0.9999991108215911 -7.869338021617234e-05 -0.0013312262690641243 -0.003286634339019656 7.88042490180488e-05 0.9999999934312485 8.323096556295239e-05 -0.018339497968554497 0.0013312197105936107 -8.333579784218155e-05 0.999999110454218 0.912851095199585
0.9999978153201481 -6.624307106055538e-05 -0.002089250293004624 -0.003929713740944862 6.649548291901986e-05 0.9999999904994581 0.00012074533018491256 -0.018749810755252838 0.0020892422746141264 -0.0001208839921021945 0.9999978102244917 0.9327253699302673
0.9999956723560147 -5.540326997330138e-05 -0.002941462173811174 -0.0046640420332551 5.5766039408259385e-05 0.99999999085007 0.00012324775397648164 -0.020008955150842667 0.0029414553185684133 -0.00012341125429958307 0.9999956662957451 0.9822292327880859
0.9999981112027359 -4.424592330324488e-05 -0.0019430988804216899 -0.0038194123189896345 4.42562612089236e-05 0.9999999990067666 5.2773220259017284e-06 -0.019470570608973503 0.0019430986449917535 -5.363306349717034e-06 0.9999981121676634 0.9539246559143066
0.9999979135030137 4.240279871472468e-05 -0.0020423495346996415 -0.006375344470143318 -4.265708997193742e-05 0.9999999913443216 -0.00012446577631749153 -0.02787037380039692 0.0020423442393244606 0.00012455263730788016 0.9999979066561333 1.4712908267974854
0.9998659209015016 0.0006239274400503534 -0.016363096722235806 -0.01854076236486435 -0.0006108359565844038 0.9999994893890887 0.0008050472010153803 -0.030454173684120178 0.01636359065809933 -0.0007949440931734096 0.9998657914763673 1.6490051746368408
