0.9999988633890713 -6.457449665248632e-05 -0.0015063368480627995 -0.003389446996152401 6.46467743338639e-05 0.9999999967615738 4.793377547656485e-05 -0.02271405979990959 0.0015063337478852148 -4.803110081279929e-05 0.9999988643251818 1.1182096004486084
0.9999931015964847 -0.00011605879857640543 -0.0037125853253683373 -0.005391876213252544 0.00011677780588644735 0.9999999744697569 0.00019345136331738817 -0.01856103725731373 0.003712562778852321 -0.00019388357638028614 0.9999930896195094 0.9295119047164917
0.9999829637093584 -4.750702887452738e-05 -0.005836954182659993 -0.007148490287363529 4.9338814231102797e-05 0.999999949584655 0.0003136819553456076 -0.018362045288085938 0.005836938986290223 -0.000313964599766741 0.9999829156388126 0.9463594555854797
0.9999943829710597 -0.0001000782892949281 -0.0033502254648368436 -0.004981030710041523 0.00010102557628031535 0.9999999549697264 0.00028258516875682315 -0.018494756892323494 0.003350197033335006 -0.00028292203992600636 0.9999943480515061 0.9427988529205322
0.9999999969548523 -7.74153332242493e-05 9.857046275842586e-06 -0.0022386277560144663 7.741510856178738e-05 0.9999999967437491 2.2790409248121462e-05 -0.02282760664820671 -9.858810570871831e-06 -2.278964609441376e-05 0.9999999996917179 1.146674394607544
0.9999999841934425 -5.992937352707328e-05 0.00016739649081757047 -0.0017336923629045486 5.991807105472734e-05 0.9999999959252096 6.752337034987505e-05 -0.021120021119713783 -0.00016740053676874835 -6.751333920773188e-05 0.9999999837095046 1.0683774948120117
0.9999992062196932 -4.8590855713156875e-05 -0.0012590468270335183 -0.003160809399560094 4.8681274476566005e-05 0.9999999962385451 7.178470411414572e-05 -0.02251981943845749 0.0012590433342174702 -7.184593913702691e-05 0.9999992048237059 1.1230401992797852
0.9999957382391302 -8.052654323839174e-05 -0.0029183932313609803 -0.004547052085399628 8.117693035099124e-05 0.9999999718985598 0.0002227401749225204 -0.02202877402305603 0.0029183752128536006 -0.00022297613186123775 0.9999957166747074 1.0960499048233032
0.99998254145138 -3.031976295094689e-05 -0.005908965489072633 -0.007431077770888805 3.1915028103152626e-05 0.9999999630732228 0.0002698795727773484 -0.018084216862916946 0.00590895708818891 -0.00027006344587134984 0.9999825054929037 0.9084330797195435
0.9999651369261355 3.98777145279421e-05 -0.008350050422774615 -0.010302777402102947 -3.6566537393942594e-05 0.9999999206467661 0.00039669805854505836 -0.015063438564538956 0.008350065579583045 -0.0003963788960003157 0.9999650590338581 0.7963692545890808
0.9999878703543517 -6.989556739758987e-05 -0.004924861295259137 -0.006404575891792774 7.151812280810157e-05 0.999999943227674 0.00032928681478189726 -0.01708025485277176 0.0049248379999745516 -0.0003296350374844446 0.9999878185815143 0.892363429069519
0.9999862520380176 -6.0804014167506174e-05 -0.005243285022826046 -0.006655666045844555 6.262640127690934e-05 0.999999937694744 0.0003474024212872596 -0.017723994329571724 0.0052432635726800845 -0.0003477260132838278 0.9999861935415546 0.9234039187431335
0.9999980299385118 -5.0008029290657546e-05 -0.001984343289862135 -0.0037836197298020124 5.0219810294921386e-05 0.999999993049068 0.00010667630789164173 -0.022322289645671844 0.00198433794139717 -0.00010677575107633273 0.9999980254989873 1.1122639179229736
0.9999982081521125 -4.004498287199618e-05 -0.0018926407381995823 -0.0037204462569206953 4.018793066259747e-05 0.9999999963430761 7.549025205913809e-05 -0.025271115824580193 0.0018926377082724884 -7.556617810684537e-05 0.9999982061045201 1.2438597679138184
0.999996348354467 -3.0384498195420484e-05 -0.002702286904450271 -0.004242901690304279 3.102205954880516e-05 0.9999999716962045 0.00023589239572094914 -0.0247091855853796 0.0027022796604932223 -0.00023597536483080384 0.9999963209933644 1.2424535751342773
0.9999935370525441 -1.0794806717325408e-05 -0.0035952380468730056 -0.004905796609818935 1.1958529059961817e-05 0.9999999475496183 0.0003236630248990802 -0.026827771216630936 0.0035952343644216037 -0.0003237039268406179 0.9999934847315917 1.3543591499328613
0.9999880455598357 -2.4911925672042872e-05 -0.004889592704516835 -0.006332702934741974 2.6485761400735536e-05 0.9999999478683749 0.0003218101179446704 -0.026716554537415504 0.0048895844327046835 -0.0003219357754705898 0.999987994088645 1.320664882659912
0.9999965532221067 -2.5500641379188068e-05 -0.002625432083243928 -0.004318268969655037 2.551344216820384e-05 0.9999999996628087 4.842196652907235e-06 -0.02262173593044281 0.002625431958879535 -4.909163772553247e-06 0.9999965535355257 1.102769374847412
0.9999999520104893 -6.528862069239084e-05 -0.00030284718081392283 -0.002449098974466324 6.531524112416592e-05 0.9999999940045029 8.789148604523843e-05 -0.023612529039382935 0.0003028414406843089 -8.791126236400765e-05 0.9999999502793345 1.190493106842041
0.999997469443502 -4.143976228811565e-05 -0.0022493086356709705 -0.0039960360154509544 4.1705512455795465e-05 0.9999999921564359 0.00011810071341341937 -0.024736525490880013 0.0022493037239628842 -0.00011819422312221354 0.9999974633282241 1.2170357704162598
0.9999928976319276 -3.2691287279399084e-05 -0.0037687686292433306 -0.005351506173610687 3.364220105080307e-05 0.9999999676188013 0.00025225106240689914 -0.02634715661406517 0.0037687602607941375 -0.0002523760604989463 0.9999928663507658 1.3096015453338623
0.999994701222962 -3.2157438500874673e-05 -0.003255225322133784 -0.004974666982889175 3.229633823397444e-05 0.9999999985703595 4.261721824127479e-05 -0.023555651307106018 0.0032552239470194076 -4.272212428016879e-05 0.9999947008318967 1.1436779499053955
0.9999926806362172 -8.518765289224433e-05 -0.003825103535374082 -0.005491291172802448 8.64880890959477e-05 0.9999999385244879 0.0003398099922918449 -0.022824473679065704 0.0038250743526082108 -0.00034013833099426295 0.9999926265288723 1.1537237167358398
0.9999980868337307 -3.051630282161527e-05 -0.001955862375961735 -0.003930959850549698 3.065432616184964e-05 0.9999999970422734 7.053910610790627e-05 -0.027041006833314896 0.0019558602175841064 -7.059892679806821e-05 0.9999980848114665 1.3360769748687744
0.9999999994801931 -2.8691258640488973e-05 -1.4711409999804806e-05 -0.0021848976612091064 2.8689420046242505e-05 0.999999991780656 -0.00012496241598373094 -0.023662449792027473 1.4714995207883993e-05 0.00012496199385695367 0.9999999920839846 1.1600468158721924
0.999999992573062 -2.9625006871962873e-05 -0.00011822112684313596 -0.0023724352940917015 2.9614219251771704e-05 0.9999999953981977 -9.125021976849107e-05 -0.026640957221388817 0.00011822382958749341 9.124671806441083e-05 0.9999999888485812 1.314168930053711
0.9999975938202802 -4.637596400312309e-05 0.0021932174811713397 -0.0004206638550385833 4.690876972174687e-05 0.9999999694038152 -0.00024288255551221377 -0.023596275597810745 -0.002193206150154601 0.0002429848522269084 0.9999975653996085 1.167029857635498
0.9999974639701782 -5.51126889474038e-05 0.0022514474907806845 -0.0003497308352962136 5.558268632580699e-05 0.9999999766792343 -0.00020869138909398573 -0.02245214208960533 -0.002251435936731592 0.0002088160013460585 0.999997443712783 1.1165438890457153
0.9999965412882632 -1.4595413594830622e-05 0.002630056745515385 0.0004147023428231478 1.513168077742302e-05 0.999999979102052 -0.0002038796890595659 -0.018715396523475647 -0.002630053714844211 0.00020391878107759215 0.9999965206112407 0.945586085319519
0.9999987270857704 -9.272532324083818e-05 0.001592868121741317 -0.0007620349060744047 9.267052489731393e-05 0.9999999951117867 3.447608194510617e-05 -0.02017712965607643 -0.0015928713107608806 -3.432842613507691e-05 0.9999987307904677 1.0391651391983032
0.9999999973380779 -7.18789335622494e-05 1.2540471969175082e-05 -0.0020864317193627357 7.187886306323777e-05 0.9999999974009107 5.622079295846449e-06 -0.02219672128558159 -1.2540876045645462e-05 -5.62117788601349e-06 0.9999999999055645 1.1044772863388062
0.9999987346169411 -6.261065590288883e-05 -0.0015896051152000424 -0.003617803333327174 6.278949233011672e-05 0.9999999917057858 0.00011245402525754042 -0.023074522614479065 0.0015895980611952368 -0.00011255369345831073 0.9999987302540287 1.1564936637878418
0.9999998851181122 -6.722098383802164e-05 -0.00047459993886560535 -0.002489276695996523 6.720915424752472e-05 0.9999999974304308 -2.4941298793151232e-05 -0.022687803953886032 0.000474601614224731 2.4909398467350653e-05 0.9999998870664085 1.1170129776000977
0.9999996396539277 -8.811815343243921e-05 -0.0008443501677369787 -0.0027849008329212666 8.81805128209388e-05 0.999999993387554 7.381794669588733e-05 -0.020854197442531586 0.0008443436574526057 -7.389237532667168e-05 0.999999640811788 1.0395479202270508
0.9999897724833706 -6.95833683671474e-05 -0.0045221772202854345 -0.005957083776593208 7.094918888458514e-05 0.9999999519211183 0.00030186747719563076 -0.017242811620235443 0.004522155997908346 -0.0003021852346467595 0.9999897293418641 0.8910303115844727
0.9999881827943377 -6.72153493668588e-05 -0.004861044514853394 -0.006307215429842472 6.86439371895889e-05 0.9999999545086651 0.00029371870522067954 -0.017683571204543114 0.0048610245513126035 -0.00029404891552068643 0.9999881419174664 0.9085608124732971
0.9999909745574352 -7.886794933355554e-05 -0.004247891655576406 -0.0057512810453772545 7.996807523586131e-05 0.9999999633106227 0.00025881240337390283 -0.018301408737897873 0.00424787108772039 -0.00025914976319692804 0.9999909441753072 0.9267157316207886
0.9999894406898897 -8.009441053837643e-05 -0.004594789832741054 -0.006052977405488491 8.144720816467356e-05 0.9999999533964836 0.00029423355188438837 -0.01800454594194889 0.004594766052144791 -0.00029460467778504935 0.9999894006103315 0.9218477606773376
0.999994647339205 -7.938671446055691e-05 -0.003270931165346708 -0.004919476807117462 7.993070168749286e-05 0.9999999829977775 0.00016617920319203196 -0.018549207597970963 0.0032709179173126554 -0.00016643976151434377 0.9999946366825093 0.9278202056884766
0.9999930027285074 -9.610274736730529e-05 -0.0037396869234574363 -0.005339029245078564 9.684039622117111e-05 0.9999999758930214 0.00019706824853336837 -0.018726425245404243 0.0037396678945047805 -0.00019742902235674156 0.9999929879283255 0.9356072545051575
0.9999865462368893 -5.8286661594892203e-05 -0.005186901568593102 -0.006624259985983372 5.98897539839014e-05 0.9999999504936888 0.00030891072653197767 -0.017804915085434914 0.00518688330643376 -0.00030921721277912237 0.9999865002220182 0.9226043224334717
0.9999914785920512 -9.805004421805628e-05 -0.0041271212087965825 -0.005702842026948929 9.933745690784964e-05 0.999999946476428 0.00031173580268125685 -0.018643449991941452 0.004127090422189076 -0.0003121431239785423 0.9999914348089773 0.9497424364089966
0.9999912314454987 -7.624070296313116e-05 -0.004187029910366426 -0.005734622478485107 7.718868707507571e-05 0.9999999714267491 0.00022624855266364441 -0.019963376224040985 0.004187012541380671 -0.0002265697601324048 0.9999912087574181 0.9966974258422852
0.999993767845818 -7.331065572018337e-05 -0.0035297160044677057 -0.0051691485568881035 7.39205827149477e-05 0.9999999823608229 0.00017266760347399947 -0.020389819517731667 0.0035297032838311876 -0.00017292744604674088 0.9999937556259172 1.009948492050171
0.9999932603083159 -8.182154459990741e-05 -0.0036705099345411517 -0.00532575324177742 8.281005997691042e-05 0.9999999603472495 0.00026916164914378047 -0.020359832793474197 0.003670487765773457 -0.0002694637902250773 0.9999932274314797 1.0239391326904297
0.9999995955091027 -5.3577598383412385e-05 -0.000897836884843164 -0.002917942125350237 5.3547128690450265e-05 0.999999997989685 -3.396078407463047e-05 -0.02081918716430664 0.0008978387025754791 3.3912693750586725e-05 0.9999995963677152 1.0228055715560913
0.9999997806791668 -2.213241282156124e-05 -0.0006619303395907611 -0.002532418817281723 2.21364759774011e-05 0.9999999997361935 6.131017790621327e-06 -0.016136527061462402 0.0006619302037219228 -6.1456692510224614e-06 0.9999997809052941 0.8307310342788696
0.999999968507668 -0.00011045295792249672 0.0002253548472267688 -0.0016076124738901854 0.00011042687164535219 0.9999999872021149 0.00011576560922026766 -0.014304433017969131 -0.0002253676309966674 -0.00011574072034374929 0.9999999679067578 0.7610671520233154
0.9999996168019313 -4.649429890505945e-05 -0.0008742049362890677 -0.0026349006220698357 4.656939710458233e-05 0.9999999952275794 8.588441107288587e-05 -0.014650005847215652 0.0008742009389815146 -8.592508935897426e-05 0.9999996141947242 0.7750983238220215
0.9999999885291035 -0.00011286540742378283 -0.00010101085312695368 -0.002012064913287759 0.00011288313383133112 0.9999999782282867 0.0001755016357358502 -0.017211943864822388 0.00010099104286415349 -0.00017551303614434107 0.9999999794979914 0.8921730518341064
0.9999997392252241 -2.5256814160505412e-05 -0.0007217420430250319 -0.002555705839768052 2.525066919820095e-05 0.9999999996448793 -8.523181006698941e-06 -0.018041279166936874 0.0007217422580371253 8.504954314493469e-06 0.9999997395078553 0.9081016778945923
0.9999978095538927 -7.481691752098525e-05 -0.0020917193515526534 -0.003851459128782153 7.525675189465984e-05 0.9999999750769959 0.0002101961681194569 -0.016529034823179245 0.00209170357319135 -0.0002103531237003517 0.9999977902614212 0.858055591583252
0.9999962490193031 -0.000105718907184673 -0.0027369272618917046 -0.004493296146392822 0.00010651608097072365 0.9999999519511956 0.00029112184932652836 -0.01782270148396492 0.002736896353301853 -0.0002914122840999297 0.9999962122314425 0.9155257940292358
0.9999960232678259 -7.727552517150243e-05 -0.0028191269973620635 -0.004631727933883667 7.760222306176972e-05 0.9999999902867919 0.00011577698979461549 -0.01990591734647751 0.002819118023251607 -0.0001159952999026239 0.9999960195514088 0.9862505793571472
0.9999974658872817 -8.555418173827382e-05 -0.0022496443045213043 -0.004197266884148121 8.601701107601069e-05 0.9999999751569396 0.00020563850268820105 -0.018833022564649582 0.002249626655399424 -0.0002058314892561151 0.9999974484033993 0.9622088670730591
0.9999998611581259 -5.7370626219085045e-05 0.0005238247230694147 -0.0017437925562262535 5.7383223485196545e-05 0.9999999980647754 -2.4033630693279678e-05 -0.021670592948794365 -0.0005238233432312527 2.406368610755631e-05 0.9999998625150128 1.0883713960647583
0.9999950480712202 -6.73904848396743e-05 0.0031463139640126123 0.00041279842844232917 6.802854318909691e-05 0.9999999771446566 -0.0002026889320165291 -0.02076246589422226 -0.0031463002327971265 0.00020290196747076066 0.9999950298004667 1.0453522205352783
0.9999998207187434 -9.661956621188629e-05 0.0005909544316630464 -0.0016107887495309114 9.658817785976789e-05 0.9999999939232735 5.3142983206394895e-05 -0.020702745765447617 -0.0005909595627239626 -5.308589446710161e-05 0.999999823974326 1.053491473197937
0.9999996316015899 -3.554090784536916e-05 -0.0008576325135794964 -0.003061549738049507 3.551917014567427e-05 0.9999999990475943 -2.5361388131789522e-05 -0.025074221193790436 0.0008576334141294407 2.5330916393522165e-05 0.999999631911568 1.2458891868591309
0.9999865000253256 6.552784594635476e-06 -0.0051961258799477165 -0.007028048858046532 -5.523925483879858e-06 0.9999999803789081 0.0001980193665068249 -0.017216941341757774 0.005196127075572307 -0.00019798799023822638 0.9999864804406958 0.8617137670516968
0.9999811359621039 0.00010263508782574957 -0.0061414319160396046 -0.008721530437469482 -0.0001009353387632848 0.9999999565202358 0.000277076856217626 -0.01300495583564043 0.006141460086819064 -0.000276451741918373 0.9999811028426671 0.6874541640281677
0.9997708863754694 0.0006614581395395703 -0.021394794440192454 -0.02799423225224018 -0.0006410195473041611 0.9999993316797604 0.0009621507016096206 -0.008025608956813812 0.02139541656403135 -0.0009482157783283123 0.9997706422159481 0.47302353382110596
0.9997534704491495 0.0006092038610212813 -0.0221952065891962 -0.028114812448620796 -0.0005879922899193999 0.9999993642216622 0.0009621961017833511 -0.008152717724442482 0.022195778651544915 -0.0009489082816629328 0.9997531930347232 0.49900949001312256
0.9999990799115642 7.28002431033129e-05 -0.0013545760036877802 -0.003116946667432785 -7.248763464988523e-05 0.9999999707321676 0.00023082722335660612 -0.010344766080379486 0.001354592768320252 -0.0002307288209646864 0.999999055920876 0.5807186961174011
0.9999213577880066 0.0001960551473855661 -0.012539529567273026 -0.017487220466136932 -0.0001898827697114639 0.9999998602394916 0.0004934222644614091 -0.012396115809679031 0.01253962455271678 -0.0004910024200379725 0.9999212552659836 0.658698558807373
0.9999738784588511 -5.407586442747582e-06 -0.0072278883998852204 -0.008952862583100796 8.032740658151112e-06 0.9999999340218871 0.00036316896434952176 -0.015838703140616417 0.0072278859591352156 -0.0003632175375694978 0.9999738125258993 0.8351598381996155
0.9998138413463552 0.0003852153091448182 -0.019290781772937544 -0.02540997415781021 -0.0003696138063772849 0.9999996017663916 0.0008123131739739885 -0.011404779739677906 0.019291087006170344 -0.0008050318155680945 0.999813585567778 0.635102391242981
0.999660217206988 0.0005404863063666167 -0.026060660164895427 -0.03069290705025196 -0.0005124588962218545 0.9999992831848138 0.0010821348059716453 -0.011064131744205952 0.02606122636326273 -0.0010684120980419415 0.9996597776123793 0.6779617071151733
0.999966275317024 0.00018285249148878606 -0.00821065122656269 -0.010581445880234241 -0.0001795024958021673 0.999999900354753 0.0004087411629596596 -0.011774766258895397 0.00821072514775034 -0.0004072535459061904 0.999966208497616 0.6679216623306274
0.9998947836598261 0.00029494543276231434 -0.014502917536180573 -0.01794426143169403 -0.0002862729582210317 0.9999997789916252 0.0006000537427808113 -0.012064901180565357 0.014503091314025184 -0.0005958388142161701 0.9998946471096065 0.6855098009109497
0.9999843715107102 -2.509119524504461e-05 -0.0055907159435804234 -0.007469965144991875 2.6734021564751804e-05 0.9999999564909262 0.0002937744674576198 -0.015040097758173943 0.0055907083291810294 -0.0002939193385270996 0.9999843286731049 0.7955173254013062
0.999968846368959 6.946412951768576e-05 -0.007893127787390332 -0.010142835788428783 -6.655378770620933e-05 0.9999999297119857 0.00036898051058795883 -0.014241662807762623 0.007893152863508028 -0.0003684436979541707 0.9999687807062353 0.7610124349594116
0.9998827814160005 0.0003061081049120273 -0.015307832166269558 -0.01897893287241459 -0.0002967622354674297 0.9999997682063432 0.0006127964062982394 -0.012452044524252415 0.01530801619995779 -0.0006081817886773908 0.9998826404908397 0.6832718253135681
0.9999929741185448 -0.00010583672442614691 -0.003747067137778885 -0.005480221472680569 0.00010694255382972669 0.9999999507928818 0.00029491952109758483 -0.016334686428308487 0.003747035740080427 -0.00029531816995707633 0.9999929362302221 0.8513329029083252
0.9999915808824885 -5.0662846959884276e-05 -0.004103120448804952 -0.005590815097093582 5.151195846841018e-05 0.9999999772823933 0.00020683745086745375 -0.016996391117572784 0.004103109876617756 -0.00020704706924879883 0.9999915607748155 0.8681315183639526
0.9999866273331149 -5.2388594612441235e-05 -0.005171306447802165 -0.006895086728036404 5.38520857209303e-05 0.9999999585441345 0.00028286336326517055 -0.016212644055485725 0.005171291414607111 -0.0002831380662657559 0.9999865886990389 0.8379238843917847
0.9999707914938996 -7.716940802776523e-06 -0.007643042556008638 -0.009285839274525642 1.0527245437979466e-05 0.999999932359734 0.00036765432764170237 -0.01634230464696884 0.007643039201864524 -0.0003677240491929106 0.9999707239368473 0.8591514825820923
0.9999869098070548 -6.594853850581199e-05 -0.005116235464387603 -0.006629438139498234 6.753156162883563e-05 0.9999999499051886 0.0003092395642351494 -0.018034493550658226 0.0051162148141934444 -0.00030958102360015825 0.9999868641665072 0.9223353266716003
0.9999985822947733 -4.507559059504045e-05 -0.0016832636854572517 -0.003545773448422551 4.5101551922122324e-05 0.999999998864572 1.5385252934414626e-05 -0.022265754640102386 0.0016832629900466645 -1.5461148927169397e-05 0.999998583192326 1.0955686569213867
0.9999995047833604 -4.892308382327819e-05 -0.000994001793652413 -0.0028481839690357447 4.8886380894983495e-05 0.9999999981224587 -3.694867154505279e-05 -0.02339254692196846 0.0009940035994290889 3.690006009716104e-05 0.9999995052974926 1.1403250694274902
0.999994171700463 -5.284317489030462e-05 -0.0034137622506241858 -0.005014844238758087 5.335462270699655e-05 0.9999999873673294 0.00014972850479732765 -0.01711433194577694 0.0034137542953696872 -0.00014990977213164588 0.9999941618872937 0.8650554418563843
0.9999815443269287 -7.679016188503951e-05 -0.006074957514364272 -0.007972863502800465 7.91228420456148e-05 0.999999923240227 0.0003837435544451492 -0.016296278685331345 0.006074927580322246 -0.00038421714010340816 0.9999814736444284 0.8607977628707886
0.9999856927362574 -5.583581046782018e-05 -0.005348944302370838 -0.006776504218578339 5.749220926549396e-05 0.9999999504475245 0.0003095150958183453 -0.01817055232822895 0.005348926755291179 -0.00030981819012941846 0.9999856463946148 0.9300272464752197
0.9999903840102426 -8.783384321193896e-05 -0.004384537862038091 -0.005877855233848095 8.902610069477638e-05 0.9999999591189188 0.0002717287515801437 -0.018714452162384987 0.00438451381581288 -0.00027211647694845754 0.999990350949059 0.9422131776809692
0.9999790824468349 -6.454105153279784e-05 -0.0064676505192693854 -0.007693048566579819 6.697264319829577e-05 0.999999927164706 0.00037574625519719865 -0.019834110513329506 0.006467625797137736 -0.0003761715511554872 0.9999790139355489 1.0018885135650635
0.9999690374647193 -9.287913338294018e-05 -0.007868639358183917 -0.009000981226563454 9.628634064453059e-05 0.9999999017786956 0.00043263326226028573 -0.018525775521993637 0.007868598402713426 -0.0004333775093272905 0.999968948189448 0.9496206045150757
0.9999537416855224 -4.074796407117769e-05 -0.009618358941464662 -0.010561177507042885 4.57036476306785e-05 0.9999998663366553 0.0005150124737963656 -0.019039086997509003 0.009618336670132855 -0.0005154282442752389 0.9999536098906914 0.9901187419891357
0.9999734177802403 -6.851803614065362e-05 -0.007291024494791178 -0.008437559939920902 7.170815160614246e-05 0.9999999018222561 0.0004372795665229484 -0.021950479596853256 0.007290993817437699 -0.00043779076855125125 0.9999733245184078 1.098443865776062
0.9999759397902593 -8.116427260955823e-05 -0.0069363717424001355 -0.008162122219800949 8.317680289420452e-05 0.9999999545332372 0.00028985365811782805 -0.024061959236860275 0.006936347901264441 -0.0002904236294032382 0.9999759010755751 1.1596148014068604
0.9999749636359764 -4.793523535959881e-05 -0.007076001939018031 -0.008172647096216679 5.021422117548016e-05 0.9999999469309994 0.00032189521679978043 -0.023004330694675446 0.007075986133378701 -0.0003222424736403591 0.9999749129753349 1.1300866603851318
0.9999754116282366 -9.038825572466246e-05 -0.0070119875144173584 -0.00819931086152792 9.242704224323325e-05 0.9999999535527276 0.0002904337867396003 -0.023116229102015495 0.007011960936926277 -0.0002910747427118833 0.9999753735364253 1.1203126907348633
0.9999576204217838 9.977812290358572e-06 -0.009206370666401533 -0.010701793245971203 -5.8553166805972015e-06 0.9999998997141109 0.000447814117459414 -0.016430143266916275 0.00920637421133767 -0.000447741233070266 0.9999575201985679 0.8549440503120422
0.9999766159231119 -3.641621004489879e-05 -0.006838587633461288 -0.008165493607521057 3.867899526116771e-05 0.9999999445532222 0.0003307529104056325 -0.01702331192791462 0.006838575209516181 -0.00033100968575281245 0.9999765618861732 0.8869866132736206
0.9999944853028873 -0.0001085427043673532 -0.003319274362678479 -0.005121068097651005 0.00010952566455577599 0.9999999502068696 0.00029595673177345005 -0.01782814785838127 0.0033192420734573756 -0.0002963186453921311 0.9999944473982434 0.9117116928100586
0.9999980687213429 -5.524173023199927e-05 -0.001964561512349166 -0.003931833431124687 5.524550690428735e-05 0.9999999984722221 1.8681330127466137e-06 -0.02169746905565262 0.001964561406148852 -1.9766626014555803e-06 0.9999980702454252 1.0533852577209473
0.9999952281559618 -7.415515769396455e-05 -0.003088392189944161 -0.004795646294951439 7.465440364250627e-05 0.9999999841661922 0.0001615374126232001 -0.019938545301556587 0.0030883801622108454 -0.00016176720386901515 0.9999952178582384 0.9862061738967896
0.9999921193223122 -9.456591109117115e-05 -0.003968923098114312 -0.005541021935641766 9.565157896838584e-05 0.999999958064386 0.0002733532539709629 -0.019911538809537888 0.003968897081775574 -0.00027373073352321225 0.9999920864324076 0.9921518564224243
0.9999852227474724 -9.493234778188149e-05 -0.005435556506673181 -0.006824007257819176 9.702738935732206e-05 0.9999999211147359 0.0003851703617465755 -0.019540628418326378 0.0054355195127611345 -0.0003856920678444206 0.9999851530744119 0.9899088144302368
0.9999904842520212 -6.905091712382126e-05 -0.004361953390299387 -0.0059626055881381035 6.988825783370361e-05 0.9999999791618013 0.00019181248281826418 -0.022731918841600418 0.004361940054576281 -0.0001921155069022183 0.9999904682398689 1.1020841598510742
0.9999938663899838 -4.7269373086781607e-05 -0.0035021347800408146 -0.00523925106972456 4.7501049902087506e-05 0.9999999966892107 6.606987835193365e-05 -0.02208852395415306 0.0035021316453642546 -6.623582818401658e-05 0.9999938653245597 1.0703493356704712
0.9999953246562909 -6.251713383926797e-05 -0.0030572466643984165 -0.0048332829028368 6.277616480710074e-05 0.9999999944483741 8.463099094041048e-05 -0.020866986364126205 0.0030572413565387395 -8.482251748189965e-05 0.9999953230292771 1.0182583332061768
0.9999926568163888 -6.809584089481613e-05 -0.0038316675556269303 -0.005430183373391628 6.883507392678684e-05 0.9999999790457772 0.0001927956900108816 -0.01921539381146431 0.0038316543467526816 -0.00019305802739618484 0.9999926405497019 0.956622302532196
0.9999925123212009 -7.860720579054341e-05 -0.0038689950168655594 -0.005462097004055977 7.941836214906153e-05 0.9999999749007377 0.00020950238208658562 -0.020094281062483788 0.0038689784513597754 -0.0002098080826474432 0.9999924934649819 0.9960543513298035
0.9999889408377842 -6.939944572607628e-05 -0.004702487197614747 -0.006173830479383469 7.075418989622495e-05 0.9999999560464506 0.00028792523648419704 -0.01885051280260086 0.0047024670090719195 -0.00028825477294446526 0.9999889017950223 0.9547327756881714
0.9999870836287293 -7.19539763990667e-05 -0.005082066344909698 -0.006526568904519081 7.332435704654063e-05 0.9999999610062155 0.000269464480719468 -0.018611852079629898 0.005082046757699811 -0.00026983363946339915 0.9999870499114275 0.9374022483825684
0.999981053429671 -7.879906522993075e-05 -0.006155206933365325 -0.007484878413379192 8.127378264640635e-05 0.9999999159742242 0.0004018035794674988 -0.019979305565357208 0.00615517475442282 -0.00040229622361816794 0.9999809758097854 1.0145949125289917
0.9999978626357056 -5.2883048541532686e-05 -0.002066864147355601 -0.004080304875969887 5.292273240941976e-05 0.99999999841632 1.9145349503942003e-05 -0.02362164296209812 0.0020668631316179023 -1.9254692681552696e-05 0.9999978638507444 1.15101957321167
0.9999994152266489 -5.0157353242455964e-05 -0.001080291904943487 -0.003252516034990549 5.0095635335185483e-05 0.9999999971117093 -5.715775218850427e-05 -0.02422565408051014 0.001080294768704857 5.710360085484839e-05 0.9999994148510244 1.1802082061767578
0.9999990789202485 -5.771401898671203e-05 -0.0013560338294597702 -0.0035231744404882193 5.768790939947804e-05 0.9999999981499333 -1.9293482991407777e-05 -0.02479766309261322 0.001356034940455461 1.9215238463874754e-05 0.9999990803995847 1.2090678215026855
0.9999975574200352 -5.4056142591287186e-05 -0.002209577311846656 -0.00425155833363533 5.406481006270109e-05 0.9999999985310369 3.862952951568382e-06 -0.024747654795646667 0.002209577099784533 -3.98240389368074e-06 0.9999975588736107 1.1970375776290894
0.9999981622649401 -2.5773242009093624e-05 -0.0019169774339616483 -0.0039738258346915245 2.55661332422033e-05 0.9999999938343093 -0.00010806365692671627 -0.02515379711985588 0.0019169802072929408 0.00010801444863384627 0.999998156758183 1.2145509719848633
0.9999977504363754 -8.59091831096228e-05 -0.0021193729735493375 -0.0042146947234869 8.611900209649139e-05 0.99999999140022 9.890944072155993e-05 -0.022161267697811127 0.002119364458093942 -9.90917365040323e-05 0.9999977492350278 1.0910825729370117
0.999996389331105 -7.02329231637953e-05 -0.002686334322041992 -0.004783317446708679 7.05212616752955e-05 0.9999999917630885 0.0001072407327385907 -0.026352573186159134 0.002686326768084751 -0.00010742978921348477 0.9999963860471375 1.2954204082489014
0.9999996060873136 -1.7755822027845592e-05 -0.0008874175728320658 -0.003141694236546755 1.758550287832805e-05 0.999999981426014 -0.00019193416052182 -0.0274655818939209 0.0008874209642979794 0.0001919184792322379 0.99999958782558 1.3256995677947998
0.9999999761980107 -6.985540015047734e-05 0.000206698333583416 -0.002238783985376358 6.986288551175377e-05 0.9999999969041172 -3.6206942432292455e-05 -0.02620122954249382 -0.00020669580369305038 3.622138211250981e-05 0.9999999779824279 1.3045830726623535
0.9999973464973395 -3.092786852847914e-05 0.002303484696466587 -0.00045412546023726463 3.165961878513228e-05 0.9999999490527727 -0.0003176352005211705 -0.027075689285993576 -0.002303474755330706 0.0003177072851226884 0.9999972965294119 1.332004427909851
0.9999986548473431 -7.793663127022928e-05 0.0016383617994331855 -0.0011211746605113149 7.81060072817254e-05 0.9999999916124631 -0.00010331759489743082 -0.027675218880176544 -0.0016383537334660682 0.00010344542181813019 0.9999986525471366 1.3856942653656006
0.9999997863022791 -4.377669197623983e-05 0.0006522875114454666 -0.0019269173499196768 4.3886940088710775e-05 0.9999999847557398 -0.00016900431073847407 -0.029953842982649803 -0.0006522801030521721 0.00016903290152557344 0.9999997729792471 1.4757297039031982
0.9999994711260851 -5.16463867961019e-05 -0.0010271709697127955 -0.0032716323621571064 5.161732479163256e-05 0.9999999982668222 -2.8319739236545862e-05 -0.029813002794981003 0.0010271724305447318 2.8266704441414296e-05 0.9999994720587564 1.4644534587860107
0.9999951103314239 -6.058057470627679e-05 -0.003126602507179545 -0.005020945332944393 6.0929956073832034e-05 0.9999999919109535 0.00011164960352368925 -0.027715610340237617 0.003126595718091164 -0.00011183956134755412 0.9999951059335883 1.3486714363098145
0.9999697611796939 -0.00015982130081517197 -0.007775035908469603 -0.009691020473837852 0.00016449882303550207 0.9999998058863687 0.0006009720145964635 -0.04018718749284744 0.007774938351100023 -0.000602232826167707 0.9999695933623481 1.9783475399017334
0.9999929904277025 4.946897930095904e-05 -0.003743881445973559 -0.005468573421239853 -5.041117282637785e-05 0.9999999670860583 -0.00025156827385394503 -0.03151809051632881 0.00374386887792193 0.0002517552439225561 0.9999929600077805 1.4826558828353882
0.9999999203947227 -6.745360323855273e-05 -0.00039326906802597956 -0.002886784030124545 6.744631563451023e-05 0.9999999975535562 -1.8544067399755476e-05 -0.03048725612461567 0.0003932703179280336 1.8517541373858478e-05 0.9999999224977759 1.512958288192749
0.999986719184125 -3.456193568365735e-05 -0.0051536647972332305 -0.006666935048997402 3.516069075737983e-05 0.9999999926434318 0.0001160898872664234 -0.027453923597931862 0.005153660747028727 -0.0001162695519122084 0.9999867130428761 1.3227379322052002
0.9999857644040252 -5.9755344862274025e-05 -0.005335486725335958 -0.006968560628592968 6.13471933366129e-05 0.9999999536602286 0.0002981879651156261 -0.024797925725579262 0.005335468659766035 -0.0002985110373679142 0.9999857217307362 1.2318146228790283
0.9999996971899402 -4.6503395521005906e-05 0.0007768252455711235 -0.0017788999248296022 4.663064193917206e-05 0.9999999854998914 -0.00016378583596290855 -0.028764469549059868 -0.0007768176177095626 0.00016382201022678528 0.9999996848583192 1.418041467666626
0.9999955907753362 -2.8939204818346157e-05 -0.002969443114276702 -0.004912694916129112 2.8944903412665862e-05 0.9999999995793364 1.8761032614388774e-06 -0.0327020063996315 0.0029694430587346283 -1.96204523341025e-06 0.9999955911923168 1.584552526473999
0.9999965407665354 1.1387644570777522e-05 -0.002630270952649581 -0.004564289934933186 -1.1911832756660716e-05 0.9999999800737939 -0.00019927498589347075 -0.03048756904900074 0.0026302686309655483 0.00019930562790246357 0.999996520976046 1.4443039894104004
0.9999990521432534 -4.3372457010408565e-05 -0.001376165478666303 -0.0035594485234469175 4.3279937107097314e-05 0.9999999968014746 -6.725992564021605e-05 -0.026244496926665306 0.0013761683914928363 6.720030153207612e-05 0.9999990508218882 1.2759956121444702
0.9999985569143239 -1.3430138422845887e-05 -0.0016988198555296856 -0.0038187552709132433 1.3161885118588342e-05 0.9999999874445308 -0.0001579167611506958 -0.0289881881326437 0.0016988219550441662 0.00015789417359150405 0.9999985445356385 1.3926849365234375
0.9999969803981172 -6.296476204840646e-05 -0.002456670528506492 -0.004455507732927799 6.319690768705799e-05 0.9999999935456458 9.441852818903299e-05 -0.0282343327999115 0.0024566645676101103 -9.457349706327507e-05 0.9999969779229612 1.384016752243042
0.9999870052451485 -2.7867550983034713e-05 -0.005097898021611492 -0.006608395837247372 2.8655417420329953e-05 0.9999999876582731 0.00015447433584704512 -0.03310205042362213 0.005097893653873198 -0.0001546184108866955 0.9999869937021385 1.5993156433105469
0.9999999951984041 6.872430491447191e-06 9.775459938731433e-05 -0.002140018157660961 -6.841901789450943e-06 0.999999951212104 -0.0003122962985702083 -0.027594171464443207 -9.775674085267777e-05 0.00031229562824331916 0.9999999464575288 1.3240940570831299
0.9999999955152964 -7.740162707828023e-05 -5.45746763702096e-05 -0.002433456713333726 7.740192978503493e-05 0.9999999969890995 5.544562033222662e-06 -0.02682613395154476 5.457424704776788e-05 -5.548786193625393e-06 0.9999999984954312 1.332678198814392
0.9999997093769869 -2.923883286617167e-05 -0.000761833992733829 -0.003000312251970172 2.9132175514525665e-05 0.9999999897740482 -0.00014001149876362366 -0.027437977492809296 0.000761838078716163 0.00013998926419147076 0.9999997000028289 1.3338043689727783
0.9999999358578815 -6.712572146769367e-05 -0.0003518215035105107 -0.0027014666702598333 6.711825899817873e-05 0.9999999975223678 -2.122271730096249e-05 -0.026984985917806625 0.00035182292722903667 2.1199102292898698e-05 0.999999937885611 1.333693265914917
0.9999999988518721 -2.969645270616927e-05 -3.7608195714603666e-05 -0.0024381724651902914 2.968936964446676e-05 0.9999999818261546 -0.00018832480411215256 -0.02837606519460678 3.761378760975685e-05 0.00018832368733230737 0.9999999815596957 1.3823930025100708
0.9999999581786465 -2.922833493376968e-05 0.0002877297517554564 -0.002095468807965517 2.9286256063158003e-05 0.9999999793099555 -0.0002013017735553214 -0.02672579139471054 -0.0002877238620866548 0.00020131019166379563 0.9999999383445912 1.3028736114501953
0.9999982773350039 -7.699078664942475e-05 -0.0018545617927804002 -0.003948447294533253 7.723129031095315e-05 0.9999999886181661 0.00012961093834676577 -0.029044969007372856 0.0018545517928239843 -0.00012975394527075702 0.9999982718992875 1.4394311904907227
0.9999475006644536 -6.023393911162225e-05 -0.010246574392726852 -0.011451688595116138 6.724857087274357e-05 0.9999997636466365 0.0006842399443568913 -0.04935084283351898 0.01024653075644738 -0.0006848930896987102 0.9999472683741445 2.431558132171631
0.9999969463647159 -0.0002776527627869225 -0.0024556404839840835 -0.004332102835178375 0.00027472824417784577 0.9999992527875049 -0.001191196383347276 -0.05692524462938309 0.002455969388065688 0.0011905181120694728 0.9999962754335586 2.5140960216522217
0.9999998753724517 -3.813473512809316e-05 -0.0004977959653143133 -0.0026702710893005133 3.8068775763630745e-05 0.9999999904957203 -0.00013251161325858286 -0.023820677772164345 0.0004978010138783942 0.0001324926462610058 0.9999998673199159 1.1524690389633179
0.9999999061083771 -1.4884159038375646e-05 -0.0004330839396804823 -0.0027152334805577993 1.4726192630067499e-05 0.9999999333707643 -0.000364748689066315 -0.03035828284919262 0.0004330893398019275 0.0003647422771419479 0.9999998396983346 1.4344226121902466
0.9999989123778361 -6.582805475682641e-05 -0.0014734007642915386 -0.0036063885781913996 6.584667464345026e-05 0.9999999977528683 1.2588847986861376e-05 -0.024038929492235184 0.0014733999322812381 -1.2685852835697002e-05 0.9999989144652652 1.1716089248657227
0.9999940416882025 -5.4659037223862305e-05 -0.0034516083908037926 -0.0052724117413163185 5.490707594798283e-05 0.9999999959173511 7.17670621197293e-05 -0.02348821982741356 0.0034516044539935667 -7.195615223325295e-05 0.9999940406067457 1.1293988227844238
0.9999962427254586 -5.649237813219277e-05 -0.0027406830493687307 -0.004664101637899876 5.671540761508917e-05 0.9999999950868621 8.129968372133737e-05 -0.023843906819820404 0.002740678443090902 -8.14548172123942e-05 0.9999962410163273 1.1667238473892212
0.9999999289795319 -4.040437122109324e-05 -0.000374711112958948 -0.002607413800433278 4.035348610315962e-05 0.9999999899643225 -0.00013580482833831103 -0.0243731290102005 0.00037471659630716584 0.00013578969779369905 0.9999999205743122 1.1811864376068115
0.9999999443677237 -4.920084320232349e-05 -0.0003299148778941834 -0.0025343187153339386 4.917128345261752e-05 0.9999999947765086 -8.960562313804458e-05 -0.02326907590031624 0.0003299192848430899 8.95893958151036e-05 0.9999999415635011 1.1371175050735474
0.9999995812749729 -7.387988786260275e-05 -0.00091213575820299 -0.003100842470303178 7.390239310736641e-05 0.999999996965667 2.463945082317046e-05 -0.023671776056289673 0.0009121339350754025 -2.4706849521385743e-05 0.9999995837005415 1.1642214059829712
0.999999471790834 -4.701666225324794e-05 -0.0010267460670733426 -0.003199417609721422 4.695359775707764e-05 0.9999999970098912 -6.144572541281409e-05 -0.02553129568696022 0.0010267489529761787 6.13974835347867e-05 0.9999994710083283 1.2452878952026367
0.9999999725597547 -3.529782212206589e-05 -0.0002315913508212833 -0.0024659864138811827 3.526381362496224e-05 0.9999999885958515 -0.00014684944877745812 -0.02472461387515068 0.00023159653164590277 0.00014684127795364072 0.9999999624003422 1.2026193141937256
0.9999999968799503 -4.1278582780537146e-05 6.735115477646938e-05 -0.002194951521232724 4.1287249225471626e-05 0.9999999908685127 -0.0001286792049792143 -0.024869337677955627 -6.734584246623829e-05 0.00012868198532164167 0.999999989452742 1.217885971069336
0.9999998234145324 -6.278830300046697e-05 -0.0005909556100498771 -0.0028308003675192595 6.277878090805884e-05 0.9999999978992985 -1.6131577680133244e-05 -0.02589261159300804 0.0005909566216828431 1.609447535876135e-05 0.9999998252556043 1.2759593725204468
0.9999999764149137 -3.971404965017172e-05 -0.00021352509499872636 -0.002514176070690155 3.9684823670615235e-05 0.9999999898450046 -0.0001368762403813358 -0.026624495163559914 0.00021353052874018645 0.00013686776344735356 0.9999999678359637 1.2974891662597656
0.9999997941365681 -3.535869907113011e-05 -0.0006406844650001926 -0.0027767817955464125 3.528947582320017e-05 0.9999999935391952 -0.00010805675504691647 -0.025326047092676163 0.0006406882816071398 0.00010803412338304411 0.9999997889235547 1.2357138395309448
0.9999990986983077 -8.092057644177045e-05 -0.0013401695535788377 -0.0035221560392528772 8.10052549161015e-05 0.9999999947263293 6.313073646557181e-05 -0.024269133806228638 0.0013401644379356387 -6.323924034205065e-05 0.9999990999796338 1.1918280124664307
0.9999936297162793 -5.2811078513727034e-05 -0.0035689967569109324 -0.005366478115320206 5.321941859665085e-05 0.9999999920495151 0.00011431825462198794 -0.030025286599993706 0.003568990691265357 -0.00011450746631464767 0.9999936245764198 1.4661121368408203
