0.9999857459936641 -0.0010735138497213557 0.005230236850249975 0.0021531174425035715 0.001075026340503687 0.9999993811524336 -0.00028637932361021205 -0.015132996253669262 -0.00522992618136046 0.0002919978839386106 0.9999862812105841 0.6983915567398071
0.9999837133656685 -0.0013361851598645833 0.005548658633153813 0.002211526967585087 0.0013426419786527106 0.9999984257272416 -0.0011601101481749738 -0.016187429428100586 -0.00554709977608788 0.001167541115891292 0.9999839331368365 0.7873662710189819
0.9999838255466849 -0.0004798020813307454 0.005667312853521764 0.0018272883025929332 0.00047988281226321236 0.9999998847732223 -1.2885185317689157e-05 -0.014820436015725136 -0.005667306018156834 1.5604622936984258e-05 0.9999839405705433 0.6282380819320679
0.9999772115935613 -0.0012262530624611472 0.006638719529598343 0.0024775383062660694 0.0012297778184838773 0.999999105019982 -0.0005268830536319893 -0.014381049200892448 -0.006638067496118943 0.0005350351968274532 0.9999778246527545 0.6434990167617798
0.9999719693839628 -0.001372858207944462 0.007360414845621158 0.0030519329011440277 0.0013782841532288764 0.9999987821383375 -0.0007321575203211162 -0.015110282227396965 -0.007359400733192817 0.0007422817406376956 0.9999726437451505 0.672932505607605
0.9999806320919482 -0.0008604252568307622 0.006164017307359836 0.0025252497289329767 0.0008653088903837553 0.9999993138402585 -0.0007896578605202545 -0.015978259965777397 -0.006163333636291866 0.0007949763454759573 0.9999806904791203 0.7289295196533203
0.9999854457045864 -0.0008345841112377362 0.005330276574462674 0.0020589472260326147 0.0008382324496291813 0.9999994159447491 -0.0006822583971352416 -0.01477144006639719 -0.005329704059268645 0.0006867164781351944 0.9999855612333203 0.6936440467834473
0.999988043693633 -0.0008185665620723414 0.004821039158113464 0.002051151590421796 0.0008190419091776709 0.9999996599169251 -9.662497123374712e-05 -0.01452978141605854 -0.00482095842458913 0.0001005724490722699 0.9999883740549441 0.6559171080589294
0.9999817918362338 -0.001520759759418571 0.005839801858729098 0.002794403349980712 0.0015254179638793785 0.9999985218915833 -0.000793293567243994 -0.014323221519589424 -0.005838586817934349 0.0008021872614856086 0.9999826335489866 0.6994923949241638
0.9999881249406217 -0.0013738875357476275 0.0046757256954113036 0.001957637956365943 0.0013778689062069831 0.9999986908608153 -0.000848383128672443 -0.015168852172791958 -0.0046745539912295565 0.0008548155911220748 0.9999887088538991 0.7472020387649536
0.9999838539033806 -0.0006640653130813799 0.005643664572053064 0.0018012919463217258 0.0006639895640870392 0.9999997794419268 1.5295623602137944e-05 -0.014476025477051735 -0.0056436734845903575 -1.1548042258470432e-05 0.9999840742813065 0.6207618713378906
0.9999738451182867 -0.0019283254276590523 0.006970698701981408 0.0029356004670262337 0.0019343108456345152 0.9999977662542544 -0.0008520141160498605 -0.01436656340956688 -0.006969040170728136 0.0008654753298223302 0.9999753414117531 0.6733376383781433
0.999988185594245 -0.0008345202795092995 0.004788762662033481 0.0020353286527097225 0.0008371529536102487 0.9999994995544061 -0.0005477826848823564 -0.015032646246254444 -0.004788303129759007 0.0005517851399621114 0.9999883837756802 0.6988279223442078
0.9999762255676846 -0.00139034549469352 0.006753905448868977 0.0025642216205596924 0.001393958119992844 0.999998887875082 -0.0005302163320659008 -0.014356820844113827 -0.006753160753793934 0.0005396183878157166 0.9999770515525988 0.6353153586387634
0.9999852702710547 -0.0012418866041438042 0.005283650119800204 0.002259340602904558 0.0012460363287474237 0.999998917800871 -0.0007821704127143392 -0.014840325340628624 -0.005282673034880938 0.0007887425115538324 0.9999857355236911 0.7150222063064575
0.9999792666360804 -0.0013423737442536394 0.006297962424295318 0.0024299039505422115 0.0013455631142574342 0.9999989686254289 -0.0005022031303352452 -0.014527671970427036 -0.00629728178444058 0.0005106670239080935 0.9999800415314889 0.6649223566055298
0.999987321982945 -0.0010222364640338547 0.0049306090890621 0.0020512917544692755 0.0010243991745436593 0.9999993802009209 -0.0004361239558795755 -0.014327595941722393 -0.004930160211264589 0.00044116933857345745 0.9999877493699139 0.6780803203582764
0.999985349780448 -0.0010514069775018004 0.0053098745599448076 0.0021630781702697277 0.001052827104942834 0.9999994107543423 -0.00026466215235910605 -0.01441194862127304 -0.00530959316349061 0.0002702486548610232 0.9999858674931873 0.6558834314346313
0.9999888431398677 -0.0010837211092165659 0.004597732522310022 0.0018849140033125877 0.0010866176443687207 0.999999212726962 -0.0006275408761795013 -0.014970369637012482 -0.004597048823344758 0.0006325298520765484 0.999989233466092 0.7244360446929932
0.9999867009893091 -0.0010652043315814127 0.005046105850086566 0.002193643245846033 0.0010668666544068192 0.9999993775159265 -0.00032674654002097297 -0.014671850018203259 -0.005045754657136281 0.00033212571668130855 0.9999872149444954 0.6912667155265808
0.9999834063849525 -0.001437338048522656 0.005578621163079322 0.002140839584171772 0.0014423697932517841 0.9999985565360046 -0.000898050826412395 -0.01517399214208126 -0.005577322307918219 0.0009060823591563092 0.9999840361178932 0.7488298416137695
0.9999791192215784 -0.0015636153391010517 0.0062702653777915165 0.0017230113735422492 0.0015729635638195491 0.9999976584538733 -0.0014862275726484806 -0.016496770083904266 -0.006267926807445918 0.0014960594380345972 0.9999792372343012 0.8361362218856812
0.9999813057345993 -0.0012340737512995224 0.0059887597465584095 0.0010861081536859274 0.001245057647842676 0.9999975491744059 -0.0018307038633301473 -0.017808999866247177 -0.005986485845568607 0.0018381259907898012 0.9999803914477837 0.8959773778915405
0.9999838003045358 -0.0011036325090969022 0.0055840060694247245 0.0005332587752491236 0.0011138708868607056 0.9999977038373228 -0.0018307407598286917 -0.01760260947048664 -0.005581972782620122 0.001836930964178694 0.9999827334831772 0.8892776370048523
0.9999836818714625 -0.001220308891028261 0.00558093513702898 0.00030419626273214817 0.001230376591881137 0.9999976215216352 -0.0018008677114183603 -0.017656981945037842 -0.005578724248015692 0.001807704976580974 0.9999828048714047 0.907402515411377
0.9999859233589222 -0.0010369636476828792 0.005203632423352313 0.00041215610690414906 0.001045538956093116 0.9999980995922003 -0.0016454969703465015 -0.01703142561018467 -0.005201916213788047 0.0016509144076880592 0.9999851071637634 0.8717540502548218
0.9999831280472447 -0.0012763259184030782 0.00566697564825152 0.0008200228912755847 0.0012857138678701986 0.9999978068121935 -0.0016532727097242313 -0.016887404024600983 -0.005664853104700019 0.001660530924965021 0.9999825758863747 0.8617924451828003
0.9999820170935565 -0.0013312171269270361 0.005847508055809107 0.0008574918610975146 0.0013425018411637782 0.9999972434631784 -0.0019263319679516803 -0.01762658916413784 -0.0058449275708299525 0.0019341476172352655 0.9999810477677495 0.9001032114028931
0.9999831089229189 -0.0009290934442832494 0.005737478037051406 0.00027636531740427017 0.0009412322925266891 0.999997323862735 -0.0021133738760341905 -0.018471509218215942 -0.005735499160959081 0.002118738478479284 0.9999813073236092 0.9386059045791626
0.9999836764581889 -0.0011694473487623177 0.005592781960958983 7.519242353737354e-05 0.0011810626413555235 0.9999971518351839 -0.002073984705207813 -0.01820484548807144 -0.005590340615879299 0.002080556276267097 0.9999822095304395 0.9285597205162048
0.9999839706219547 -0.0011354015442214091 0.005547013834808608 0.00014067278243601322 0.0011463592439923181 0.9999973972661256 -0.001972643267014475 -0.0178871788084507 -0.00554475965519623 0.001978970517355885 0.999982669507856 0.9315450191497803
0.9999838564832882 -0.0011765943855374045 0.0055589925761946254 0.00024166936054825783 0.0011875488955184407 0.9999973589328237 -0.0019677029750406225 -0.01783278025686741 -0.005556662706248961 0.0019742727848888167 0.9999826127221112 0.9089241027832031
0.9999829390576757 -0.0011446125866889237 0.005728128455178202 0.0005759192863479257 0.0011562255959784032 0.9999972823389005 -0.0020244646660970643 -0.018080472946166992 -0.005725795660328205 0.0020310531355590884 0.9999815448733124 0.9147379398345947
0.9999826855041454 -0.0009847658588930054 0.005801631505088467 -0.00012042885646224022 0.0009968022748140604 0.9999973563186388 -0.0020721343968161466 -0.018939578905701637 -0.005799575600214369 0.0020778815983356277 0.9999810234854064 0.9624160528182983
0.9999812086997869 -0.0011272913070733842 0.006025899237676119 -0.0007746415212750435 0.0011435594119874736 0.9999957094001563 -0.0026969340277320005 -0.018581967800855637 -0.006022833152668577 0.002703774322623962 0.9999782073051532 0.991832971572876
0.9999768641228642 -0.001439613673064615 0.006648212652659855 -4.0272949263453484e-05 0.0014607905813590425 0.999993871746682 -0.0031815970765950064 -0.018955983221530914 -0.006643591640074958 0.003191235113981824 0.9999728389854232 1.0274959802627563
0.9999786952608081 -0.0013847913795854078 0.006378979332712672 9.737280197441578e-05 0.0014042842046321704 0.9999943556305083 -0.0030523258340714485 -0.018515441566705704 -0.00637471649289363 0.0030612187049842278 0.9999749956522291 1.000807762145996
0.9999808977852758 -0.0013174878607739228 0.006038898102315633 0.000536692445166409 0.0013325875827214508 0.9999959944209158 -0.002497068773096272 -0.01740712858736515 -0.006035584055235633 0.002505068434176854 0.9999786479506709 0.9229915142059326
0.9999829493934953 -0.0009755102005392715 0.005757543064100625 0.0008959705010056496 0.0009871672152737866 0.9999974681889209 -0.002022156432472167 -0.01660166122019291 -0.005755555852862345 0.0020278056112319524 0.9999813806172732 0.8495612144470215
0.9999809905619481 -0.0013385438619503572 0.00601887157820206 0.000914804870262742 0.0013489834657722196 0.9999975923650446 -0.0017307535131593668 -0.01594834215939045 -0.006016540397464868 0.001738839970749276 0.9999803886462983 0.8261016011238098
0.9999757485637653 -0.0016013589963368281 0.00677775285045653 0.001133299432694912 0.0016158080886518411 0.9999964327187305 -0.0021269024504435414 -0.018736913800239563 -0.00677432273793239 0.002137802417883038 0.9999747688578268 0.9358723163604736
0.9999472503321472 -1.9518778067037867e-05 0.01027113295577928 -0.002688333624973893 8.454083201463692e-05 0.9999799607193148 -0.0063301668734098895 -0.03126469999551773 -0.010270803572540696 0.00633070128933568 0.9999272137586612 1.5299924612045288
0.9999827601075167 -0.0006272614227675955 0.0058383243195508664 -0.000753199914470315 0.000643559857308586 0.9999959003855995 -0.002790168938312542 -0.01919390819966793 -0.005836550219334403 0.0027938781472660467 0.9999790642440648 1.0070894956588745
0.9999757695736227 -0.0009321208943201106 0.006898653222132243 -0.0005269995890557766 0.0009502880698525763 0.9999960883647315 -0.0026306287879632614 -0.018286889418959618 -0.006896174173058535 0.0026371207545611308 0.9999727438165005 0.9620895385742188
0.999980789557026 -0.0015062252182374977 0.006012636900626636 -0.00046831066720187664 0.0015212271966745002 0.9999957396827 -0.0024912816512309864 -0.01745568960905075 -0.006008858853636813 0.002500380379383855 0.9999788206323348 0.9657984972000122
0.9999841144945855 -0.001122771030773055 0.00552359879899965 0.00039038783870637417 0.0011335160598481683 0.9999974708188236 -0.0019425491751694016 -0.017155874520540237 -0.00552140379087781 0.0019487794047407855 0.9999828580325814 0.8920825719833374
0.9999826104138078 -0.0013201793352690448 0.005747694886622963 0.0008195933187380433 0.0013312115648007317 0.9999972783761989 -0.0019160156483900813 -0.017090365290641785 -0.005745149759294701 0.0019236337275748364 0.9999816462753331 0.8754914999008179
0.9999834999165952 -0.0013286887882888033 0.005588781679488458 0.00043405708856880665 0.001338220512457312 0.9999976559797773 -0.0017021165680422541 -0.017654044553637505 -0.005586506996070863 0.0017095675052600536 0.99998293401364 0.9073302745819092
0.9999816858223739 -0.0013863034594086602 0.0058911953423412535 0.0006803672295063734 0.0013988796293924644 0.9999967506500482 -0.00213115581970896 -0.017681103199720383 -0.00588822177110055 0.0021393578624999015 0.9999803758036008 0.9159308075904846
0.9999857394419032 -0.0011630999164260985 0.005212303849004948 0.0003117700107395649 0.0011727457732147524 0.9999976049273677 -0.0018479196085315877 -0.01704760268330574 -0.005210142050016402 0.0018540059634742838 0.9999847084239368 0.9016424417495728
0.9999846778099337 -0.001240599216429013 0.0053949104669991955 0.0015288896393030882 0.0012482316804222752 0.999998224627671 -0.0014116158038789883 -0.016517508774995804 -0.005393149639564245 0.001418328272991291 0.9999844510200522 0.8283829689025879
0.9999825294251472 -0.001283601122884264 0.005770027091995326 0.001161229913122952 0.0012926046079912708 0.9999979525684168 -0.0015569304101516973 -0.016639698296785355 -0.005768016800636897 0.0015643615732897733 0.99998214121806 0.8532050251960754
0.9999855789558039 -0.0011166414213387948 0.005253093599177494 0.0006044580368325114 0.0011249902576417827 0.9999981084965736 -0.0015866317137660623 -0.017081037163734436 -0.0052513119642409525 0.0015925185120015505 0.9999849436903753 0.8603660464286804
0.9999819736290391 -0.0012424119193002055 0.005874421639173979 0.0014188881032168865 0.0012514880125742448 0.999998028628387 -0.0015415956325079414 -0.01639445498585701 -0.005872494761717348 0.0015489196113954308 0.9999815571565864 0.8401814103126526
0.9999728197860867 -0.0011647227322548169 0.007280323483190173 0.0006284654373303056 0.0011802054509575095 0.9999970505867573 -0.0021227182762424317 -0.017275745049118996 -0.007277829632277167 0.0021312528577652 0.9999712450651269 0.8663846850395203
0.999977610786498 -0.0013440043333913475 0.006555271014909713 -9.398744441568851e-05 0.0013591972744821286 0.999996399533441 -0.0023137638003023035 -0.016723381355404854 -0.006552137704301588 0.002322621903447542 0.9999758371675775 0.8973627090454102
0.9999841307885855 -0.0012107601279840452 0.005502020620623492 0.00037446082569658756 0.001221670235394678 0.9999972935585187 -0.0019799993620504015 -0.015764258801937103 -0.005499608425445649 0.001986689595848668 0.9999829035396639 0.8490086793899536
0.9999820227629452 -0.0012848179800568728 0.005856909909401562 0.0012603793293237686 0.0012946467780334473 0.9999977596794322 -0.001674671859463913 -0.01554175466299057 -0.005854745139530093 0.0016822243830343453 0.9999814458681103 0.8039252758026123
0.9999772756712607 -0.0015390541647995505 0.00656349399034007 0.0014929677126929164 0.0015503573638734366 0.99999732347598 -0.001717391312541171 -0.016180245205760002 -0.006560833264738593 0.0017275280472170737 0.9999769852920208 0.8306885957717896
0.9999796327217657 -0.0012915048255653712 0.0062502925473814286 0.0012883456656709313 0.0013021225745897425 0.9999977157415707 -0.0016949892156363036 -0.016254596412181854 -0.006248089183346717 0.0017030933403430802 0.9999790302074493 0.8438149690628052
0.9999800548897504 -0.0015845696381372846 0.006113833638032467 0.001819380559027195 0.0015936981029165012 0.9999976222430953 -0.001488500759921899 -0.016277022659778595 -0.006111460467711803 0.0014982146766806155 0.9999802025058966 0.8300884962081909
0.9999817364654194 -0.0013813306283686942 0.005883762512208043 0.0012642544461414218 0.001390730733228572 0.9999977627632503 -0.0015938433179834585 -0.01665891334414482 -0.005881547724246371 0.0016019969381236502 0.9999814203284869 0.8402740955352783
0.999982722225926 -0.001143163318784844 0.0057661449212606025 0.0010323665337637067 0.0011537884749829182 0.9999976421544301 -0.0018396895757732629 -0.01617022603750229 -0.00576402825994037 0.0018463107015876383 0.9999816833897567 0.8292572498321533
0.9999809149681235 -0.001301010195354023 0.006039625152763138 0.001380248344503343 0.001310088854255878 0.9999980176269448 -0.0014994696976720592 -0.01604544371366501 -0.0060376623546086776 0.0015073535258415998 0.9999806370718584 0.8181412220001221
0.9999792201817979 -0.0013453251637407704 0.006304704973866589 0.0012971198884770274 0.0013565996296286181 0.9999974879040698 -0.0017843270425293451 -0.015881529077887535 -0.006302288635772226 0.001792842924970253 0.9999785332056873 0.8256011009216309
0.9999782654896293 -0.0013270333303628439 0.006458136797260689 0.00047347648069262505 0.0013444037056126283 0.9999954887372471 -0.002686090808249151 -0.017018167302012444 -0.006454543130877775 0.002694714770422214 0.9999755383934535 0.9167305827140808
0.9999783711843936 -0.0010574522643037477 0.00649145269688101 0.0004442669451236725 0.0010779702646287062 0.9999944322176119 -0.003158087060977785 -0.018344882875680923 -0.006488077027571512 0.0031650163482765557 0.9999739434245272 0.9846229553222656
0.99997839648024 -0.0012648997390568239 0.006450317934674807 -0.00045097596012055874 0.0012850553925943683 0.9999943022101352 -0.0031215668986874262 -0.018347013741731644 -0.006446332712963056 0.0031297884777011496 0.9999743242796981 1.0087991952896118
0.9999776223172968 -0.001380454642245353 0.006545930768534471 -0.00012302002869546413 0.0014026120395868999 0.9999932989450387 -0.003381529903004805 -0.01842360757291317 -0.006541218855240123 0.0033906356335078325 0.9999728576545909 1.0259777307510376
0.999979094052286 -0.0013188708451849196 0.00633024786738337 0.0007529103895649314 0.0013387323172042954 0.9999941918395527 -0.003134339315093645 -0.017733275890350342 -0.006326077311546494 0.003142748296155786 0.9999750516282868 0.9746217727661133
0.9999800248908313 -0.0011628019416068053 0.006212705608410493 0.0007705993484705687 0.0011797849711604716 0.9999955758706214 -0.0027306311735320237 -0.017194576561450958 -0.006209502939366696 0.00273790628558328 0.9999769727060804 0.9243285655975342
0.9999790559288921 -0.0012355643625681391 0.006353037404857491 0.0006805907469242811 0.0012534820770216434 0.9999952462681208 -0.0028171304270561332 -0.017532261088490486 -0.006349526458260673 0.0028250348433977858 0.9999758510543589 0.9400924444198608
0.9999685059453853 -0.0018164178616776213 0.007725784329476468 -0.0004574649501591921 0.0018439996159600608 0.9999919470862072 -0.0035644674430282686 -0.020178062841296196 -0.007719247552070397 0.0035786015268324907 0.9999638027590508 1.107033610343933
0.9999731088531065 -0.0015893995903744666 0.007159286248983446 -0.001163282198831439 0.0016239870475331785 0.9999870268805553 -0.004827912246154824 -0.02121717855334282 -0.007151519888961398 0.004839409006195356 0.9999627172468722 1.2280784845352173
0.9999791867161895 -0.0012868233573327173 0.0063222005721786665 -0.00015340233221650124 0.00131337215676608 0.9999903303203546 -0.004196941668112443 -0.019271831959486008 -0.006316738715956591 0.004205157718175359 0.9999712073157703 1.095086932182312
0.9999844539865095 -0.0003241528605737702 0.005566570777933654 0.00016513955779373646 0.00033534869736358915 0.9999979228194442 -0.0020104472259345006 -0.017667105421423912 -0.005565907522941752 0.0020122827137539663 0.999982485542485 0.8920714259147644
0.9999779855225864 -0.0008363777329302907 0.006582472368191763 0.001525777974165976 0.000843498610955352 0.999999062034824 -0.0010790920097824464 -0.01490900106728077 -0.006581563665533145 0.0010846205604349915 0.9999777530615152 0.7355422973632812
0.9999689432477652 -0.0016270975038333191 0.007711361336407965 0.0012990746181458235 0.0016484212532012269 0.9999948333978391 -0.002759689294090411 -0.017471328377723694 -0.007706831211310051 0.0027723151590218088 0.9999664589481686 0.9113867282867432
0.9999818700215605 -0.0008765215146481942 0.005957460718932276 -0.0004924142267554998 0.0008979503522422835 0.9999931338984301 -0.003595252586600335 -0.01922975480556488 -0.005954268498159131 0.003600536908699489 0.9999757911172756 1.0582144260406494
0.9999791831692625 -0.0011164236471864926 0.006355063050402545 -0.00046165729872882366 0.001137484876509048 0.9999938702362339 -0.003311437469420805 -0.01860615983605385 -0.006351327128270286 0.0033185973238966005 0.9999743234481131 1.0148247480392456
0.9999804795494773 -0.001424201816039975 0.006083762748852931 0.0009215197060257196 0.0014387557474757485 0.9999961123933272 -0.0023885518899655024 -0.01833632029592991 -0.006080337317636879 0.0023972583129777047 0.9999786410972409 0.9579360485076904
0.9999812886764803 -0.0008543000326734034 0.0060574308398986245 0.0001131079625338316 0.0008714580754521188 0.9999956144406054 -0.0028304876574625085 -0.018106665462255478 -0.006054986188977645 0.002835713492314153 0.9999776476858075 0.9463061094284058
0.9999811411182494 -0.0009619392288456128 0.006065647596440753 0.00027019111439585686 0.000975695057878238 0.9999969582715499 -0.0022652741120150794 -0.020473424345254898 -0.006063450090355454 0.0022711496138611456 0.9999790380065142 1.0020369291305542
0.9999864969491173 -0.0007547281195318067 0.00514162473330537 -0.0006051247473806143 0.0007627839019165142 0.999998484471709 -0.0015649968062744393 -0.018849173560738564 -0.005140435793930954 0.0015688976226191944 0.9999855571357508 0.959067702293396
0.9999835760509871 -0.0010289569236785153 0.005638162460332538 0.0008003127295523882 0.0010372922494683808 0.99999837323731 -0.0014756515588397927 -0.017937010154128075 -0.0056366349064918015 0.0014814757450351758 0.9999830166440568 0.9003366231918335
0.9999844757199992 -0.0007732864133529315 0.005518183317104497 0.00046163727529346943 0.0007867422400840208 0.9999967217635453 -0.002436698342060796 -0.017100924625992775 -0.005516280961473427 0.0024410019019775494 0.9999818059115219 0.8743029832839966
0.9999775696348981 -0.0013904808406836403 0.006551853944828862 0.00017524347640573978 0.0014071570016546417 0.9999957807504164 -0.002541336368547791 -0.017737116664648056 -0.006548292621391634 0.002550498852597482 0.9999753071048044 0.9443101286888123
0.9999786925428571 -0.0013136086549153383 0.0063944423196764496 3.4251948818564415e-05 0.001334325898475734 0.9999938716695325 -0.0032366955023982492 -0.018252916634082794 -0.0063901513811954825 0.003245158806641001 0.9999743171250175 1.0057189464569092
0.9999821195364841 -0.0010405843423248215 0.0058887852353235745 0.0002259432803839445 0.0010563303884124314 0.9999958738169834 -0.0026714256715825945 -0.017551269382238388 -0.005885981093392413 0.0026775984080482447 0.9999790926281078 0.933900773525238
0.999982597458604 -0.0011396269669270535 0.005788439368242255 0.0009227603441104293 0.001152033257824511 0.999997045736772 -0.002140405826312248 -0.01637234352529049 -0.005785983003468847 0.0021470370524743674 0.999980956134955 0.8542808294296265
0.9999745607668464 -0.0015664593039403916 0.006958737270647177 0.0007738663116469979 0.0015827080444986326 0.9999960327803882 -0.0023301198962849853 -0.01739771105349064 -0.0069550596258173706 0.0023410742692794736 0.9999730728958992 0.9085681438446045
0.9999781009235443 -0.001329316302291277 0.00648310045505576 0.00012106611393392086 0.0013495553031947934 0.9999942270182128 -0.0031184340189865417 -0.018513724207878113 -0.00647891764305585 0.003127115030761803 0.9999741220540455 0.9987648725509644
0.9999836361731848 -0.0010741340198960054 0.005619041018097592 0.00012251688167452812 0.0010881414221442461 0.9999963069641461 -0.002490382764752144 -0.017008567228913307 -0.005616345261927463 0.0024964563238443972 0.999981112007483 0.9103894233703613
0.9999793848030413 -0.0014869739454282885 0.006246509218506217 0.0016129515133798122 0.0014966177234391346 0.9999976950715448 -0.001539476205650092 -0.01721343956887722 -0.006244205659741965 0.0015487931054509413 0.9999793053536636 0.8581019639968872
0.9999878354280687 -0.0008918310615478519 0.004851147621285476 -0.0018162473570555449 0.0009013100713823172 0.9999976883969348 -0.0019521375315673221 -0.019239768385887146 -0.0048493954304707 0.0019564861728587264 0.9999863276694408 1.04085373878479
0.9999852705714765 -0.0007521578426433847 0.0053752115000528095 -0.00026722694747149944 0.0007639581572151372 0.9999973022287851 -0.002193605043139591 -0.018669012933969498 -0.005373547061725093 0.0021976791692631214 0.9999831474571178 0.9571578502655029
0.9999817549634742 -0.0011666015128473295 0.0059269537774697 -0.0007843023631721735 0.0011819377249122098 0.9999959611830521 -0.0025846935598036365 -0.01791282370686531 -0.005923914532171221 0.0025916516922386322 0.9999790950705527 0.9792805910110474
0.999974983096504 -0.0014857711324630007 0.006915610261469632 0.00019348738715052605 0.0015101756477263154 0.9999926467767257 -0.003525019431410905 -0.018725499510765076 -0.00691032203733074 0.0035353750325460053 0.9999698738325669 1.0286619663238525
0.99998238526069 -0.0011624818469401115 0.00582046426811417 0.0005570217035710812 0.00117629659079165 0.9999964982433807 -0.0023706174948675382 -0.017379162833094597 -0.005817688086461068 0.0023774223293337696 0.9999802509891866 0.9298815727233887
0.9999819396751531 -0.001230219947396365 0.0058827614603890336 0.0013801406603306532 0.0012397997885840995 0.9999979109864429 -0.0016250905312628079 -0.016790932044386864 -0.005880749952432704 0.0016323546280147883 0.9999813759257548 0.8353060483932495
0.9999810438025688 -0.0013461955474136048 0.006008310334262072 0.0017260450404137373 0.0013542571236599078 0.9999981880428237 -0.0013378709624466184 -0.016418583691120148 -0.006006498411528385 0.001345982398571851 0.9999810549746504 0.8119702339172363
0.9999796773863566 -0.0014538748051264496 0.006207339392150624 0.0016922386130318046 0.001463865050454527 0.9999976402377235 -0.0016051847552834544 -0.016897356137633324 -0.006204991006632009 0.0016142388409263254 0.9999794459485516 0.8370528221130371
0.9999834658056058 -0.0010765250033650663 0.005648823711753273 0.0008953481446951628 0.0010858910019581182 0.9999980405102592 -0.0016552390686896492 -0.01709270104765892 -0.005647030736697169 0.0016613457074853588 0.9999826753370779 0.851620078086853
0.9999742311863478 -0.0013186295433630201 0.007056782510464628 0.0003110556863248348 0.0013391357208194083 0.9999948926984473 -0.0029019463368595883 -0.018742114305496216 -0.007052919877175318 0.0029113215466790216 0.9999708898403282 0.9799408912658691
0.9999790833935124 -0.0011859668704834354 0.006358164676465092 -0.0009974243585020304 0.0012104730565727475 0.9999918490686696 -0.003851824399248061 -0.019676724448800087 -0.006353544715372998 0.003859440219182956 0.9999723682136143 1.094752550125122
0.999982061486354 -0.0012692177713111378 0.005853698980153782 0.0005562242586165667 0.001285293437876876 0.9999954111607873 -0.0027432969482350453 -0.018477335572242737 -0.00585019027723168 0.0027507714584518034 0.9999791040467312 0.9766343832015991
0.9999852276278741 -0.000972173776991858 0.00534784107615728 0.0006661460502073169 0.0009802043843156914 0.999998395740982 -0.001499238082111973 -0.017635196447372437 -0.005346374976886112 0.0015044579120785917 0.9999845763215536 0.85969078540802
0.9999838756138575 -0.0011387168570505927 0.005563437445412368 0.0010404631029814482 0.001147021474800965 0.9999982324905723 -0.0014897508073563011 -0.017333775758743286 -0.0055617312076270894 0.0014961081682626266 0.9999834142656183 0.8502275347709656
0.9999835053675563 -0.0009654022605309082 0.0056618893745448325 0.0007219575345516205 0.0009760024203584394 0.9999977757607423 -0.0018697306873470105 -0.018083367496728897 -0.005660071738916065 0.0018752258645599118 0.9999822233999297 0.8795459270477295
0.99998462739025 -0.0010586294175162218 0.0054428197599386535 0.0006383077707141638 0.0010681819429540053 0.9999978939301004 -0.0017524618969361177 -0.017989210784435272 -0.0054409530892626165 0.0017582488788095941 0.9999836521615543 0.8869614601135254
0.9999847015217912 -0.0009149842615793671 0.005455229250465276 0.0004316740669310093 0.0009255395160222568 0.9999977040655659 -0.0019326769520723746 -0.01846446469426155 -0.005453448356622731 0.0019376964152964047 0.999983252476572 0.9074701070785522
0.99998509053814 -0.0009988801287502632 0.005368513752997768 0.0006035520927980542 0.0010073365591253005 0.999998255915387 -0.0015727171520752892 -0.017657402902841568 -0.005366933433944185 0.0015781016038804556 0.9999843526880025 0.8739684820175171
0.9999825337653748 -0.0009516513966510431 0.005833225848592802 0.0009830857161432505 0.0009632805137096015 0.999997553774008 -0.001991114424667722 -0.018365805968642235 -0.005831316732380986 0.001996698680188031 0.9999810042893552 0.8868451118469238
0.9999854422160898 -0.0009741664282376474 0.0053071984757888 0.0005821522790938616 0.0009831194162296573 0.9999980977905857 -0.0016846042335382093 -0.01769012026488781 -0.005305547295496716 0.0016897973193011357 0.9999844977562977 0.8821457624435425
0.9999870877247745 -0.0007615720255693823 0.005024379740272758 0.0002026362344622612 0.000769426766788911 0.9999984847273723 -0.0015615778591943116 -0.017437396571040154 -0.005023182872954355 0.001565423587929885 0.9999861584456134 0.8695630431175232
0.9999847966748305 -0.0010085709001148952 0.0054211810463689735 0.0008848225697875023 0.0010172933618617956 0.9999981922257906 -0.0016064430793031868 -0.017197616398334503 -0.0054195510343552165 0.0016119335875186078 0.9999840149405868 0.8468081951141357
0.9999841817386212 -0.0011312491447502745 0.005509677659583047 0.0008782126242294908 0.0011393382453094676 0.9999982774814651 -0.0014652448483275294 -0.017057117074728012 -0.005508010612079638 0.001471499057178425 0.9999837481227491 0.8461635112762451
0.9999824848646828 -0.0012136469914235065 0.005792842552211245 0.0014157646801322699 0.001222121072850926 0.9999981880825598 -0.0014595381737722605 -0.017077064141631126 -0.00579106069194533 0.001466592164718411 0.9999821562025418 0.831574559211731
0.9999833501598485 -0.0011571613591554062 0.005653351278164764 0.0016595047200098634 0.0011637277666850104 0.9999986519739997 -0.0011583556743061235 -0.016524741426110268 -0.005652003252873788 0.0011649153497265325 0.999983348777097 0.8100979328155518
0.9999831326373506 -0.0013408911244342963 0.005651234536196368 0.002075289376080036 0.0013470320145625078 0.9999985063287797 -0.001082979667894431 -0.01585223153233528 -0.005649773937285361 0.0010905737947256887 0.9999834452145974 0.7740814685821533
0.9999805806230956 -0.0014817072503470069 0.0060533396006291216 0.0022762909065932035 0.0014879908229758208 0.9999983587114759 -0.001033662258540352 -0.01597761921584606 -0.006051798080489415 0.0010426494992374538 0.9999811441332354 0.7860661745071411
0.9999791750664192 -0.0012336886569476269 0.006334622781317627 0.001187577610835433 0.0012469915737773204 0.9999970248182849 -0.0020965129605027126 -0.017262669280171394 -0.0063320174904052395 0.0021043685219909194 0.9999777383460219 0.8563327789306641
0.9999849999847402 -0.0011107517740218441 0.005363397805097298 0.000553834019228816 0.001119842031105071 0.9999979412660825 -0.001692163532862947 -0.017061302438378334 -0.005361507189642261 0.0016981443086758166 0.9999841851482264 0.8745395541191101
0.9999833908719695 -0.001041403432416495 0.005668638204089633 0.0009871989022940397 0.00105153338977783 0.9999978552182159 -0.001784330826484959 -0.017355013638734818 -0.005666767837850404 0.0017902619526519836 0.9999823411962897 0.8643905520439148
0.9999835144444414 -0.0011826903316545757 0.0056189040677834465 0.0006362572312355042 0.0011919063447554804 0.9999979496057272 -0.0016371144146885175 -0.017322100698947906 -0.005616956347424661 0.0016437846333568421 0.9999828737400808 0.8694827556610107
0.999979434047281 -0.0011796664031367633 0.006303956666824019 0.0008032503537833691 0.0011941921267298707 0.9999966397473311 -0.0023009561515242418 -0.01737489551305771 -0.00630122112326976 0.002308436965587588 0.9999774826120496 0.8958020210266113
0.9999777350278106 -0.0011943894698273748 0.00656527855038008 0.00017171399667859077 0.0012146139338611603 0.9999945271605868 -0.0030773953054776064 -0.018560755997896194 -0.006561567011117511 0.0030853010661636856 0.9999737130323425 0.9871455430984497
0.999973415382828 -0.0016366956682467753 0.0071056143218948984 -0.0002753294538706541 0.001661565897520017 0.9999925099957884 -0.003495590235014963 -0.019232790917158127 -0.007099839883418086 0.0035073037525249658 0.9999686450554424 1.0593843460083008
0.999973886516623 -0.0015120991244457383 0.007066812653344013 -0.0006154926959425211 0.0015393895552482028 0.999991373286441 -0.0038579311158080387 -0.019986320286989212 -0.007060918115713095 0.003868708949375431 0.9999675877379365 1.1089709997177124
0.9999805423601851 -0.0012442185920921666 0.00611284067557977 -0.00042392173781991005 0.001265621912983589 0.9999930784477111 -0.003498750897529838 -0.018875110894441605 -0.006108445154317595 0.0035064193652046627 0.9999751956528881 1.045703411102295
0.9999819330003703 -0.0013986927872250755 0.005846138155178649 0.0009832368232309818 0.0014112229867720774 0.9999967149457589 -0.002139754044713088 -0.017420560121536255 -0.0058431260917489345 0.0021479655903259886 0.9999806218728933 0.905722975730896
0.9999853832615769 -0.0009398113741079908 0.005324473474288168 0.0009500889573246241 0.0009468903431998943 0.9999986710342343 -0.0013271504975482416 -0.017582636326551437 -0.005323219127112452 0.0013321727914519983 0.9999849442135509 0.8442979454994202
0.9999860985228098 -0.0007861279105570007 0.005213901038343782 0.00037140469066798687 0.0007931305552903123 0.999998786142446 -0.0013411403942780458 -0.018239524215459824 -0.005212840401514702 0.0013452570546712162 0.9999855081841964 0.8756781220436096
0.9999841353815322 -0.000601544211675431 0.005600636554042865 -0.0004655823577195406 0.0006116708383848716 0.9999981810559696 -0.0018065833879027501 -0.019048959016799927 -0.0055995396270185375 0.0018099804732030717 0.9999826844134111 0.9307466745376587
0.9999857067983146 -0.0008701980862848783 0.0052753155703053785 -0.00029400945641100407 0.0008779683262307273 0.9999985329490866 -0.0014708063411525945 -0.018835309892892838 -0.005274027938285485 0.0014754168786025197 0.9999850037747271 0.9333620071411133
0.9999868691259912 -0.0006011451127139962 0.005089223924244512 7.296167314052582e-05 0.0006077416683908354 0.999998977156666 -0.0012947338283628746 -0.017885053530335426 -0.0050884403958525596 0.0012978097608146344 0.9999862116370217 0.8785489797592163
0.9999863343773736 -0.0010483881143310931 0.005121712688673327 0.0006226312834769487 0.0010547665160572824 0.9999986714288445 -0.001242822651357934 -0.01703452318906784 -0.005120402923617677 0.001248207878461467 0.9999861116290526 0.833954930305481
0.999984843458603 -0.0008886117963244798 0.005433527597091921 0.0006619321648031473 0.0008967759250562775 0.9999984724528093 -0.0015002949669717276 -0.018089432269334793 -0.0054321861173164876 0.0015051448844261542 0.9999841128202305 0.8653504848480225
0.9999795712161943 -0.001216503722575601 0.0062751309922074875 0.0003554366994649172 0.0012320784918881287 0.9999961689704873 -0.00247871477557428 -0.017578108236193657 -0.00627209158624377 0.0024863955923752927 0.9999772390930166 0.924791693687439
0.9999597197148776 -0.002447436090475045 0.008635334638941715 -3.902707248926163e-05 0.0024815288525365372 0.9999891609210918 -0.0039395500866020484 -0.02031244896352291 -0.00862559924280598 0.003960820232459148 0.9999549544558438 1.148814082145691
0.999971414804028 -0.001403388889775094 0.007429675259021617 -0.000804719515144825 0.0014443618776621221 0.9999837641359075 -0.005512284766585776 -0.021157249808311462 -0.007421818752625157 0.005522858336553011 0.9999572064054528 1.256068468093872
0.9999719641153941 -0.0017569833953917948 0.007279010410007895 -0.0009254296310245991 0.0017902081316517693 0.9999879986098176 -0.004560459535681761 -0.020226335152983665 -0.007270910400084275 0.004573362622790843 0.999963108427643 1.175437092781067
0.9999590662483194 -0.00237464901667316 0.008730800068528227 -0.0005905088037252426 0.0024177224781584974 0.9999849431437757 -0.004926266716111103 -0.02228403277695179 -0.00871897045571359 0.004947173717110622 0.9999497512507342 1.2807449102401733
0.9999691985348437 -0.0015481327536024775 0.007694495861316464 -0.00165644777007401 0.001594318421039478 0.9999807293421746 -0.005999924421607396 -0.022786511108279228 -0.007685058903803352 0.006012007091636692 0.99995239668715 1.3609989881515503
0.999974149881291 -0.0014444632173187654 0.007043656380221275 -0.0011060370597988367 0.0014792724971662485 0.9999867077904214 -0.0049392302389045135 -0.020934905856847763 -0.007036428218062506 0.004949522046379259 0.9999629947700285 1.2227623462677002
0.9999734867866725 -0.0017153639814954551 0.007076952035715221 -0.0009606585372239351 0.0017457938016366334 0.9999892486064079 -0.004295913825270965 -0.020222388207912445 -0.007069506892774973 0.004308154825789709 0.9999657303499407 1.1660414934158325
0.9999731158330443 -0.0016724370053917796 0.00713936731203338 7.18024093657732e-05 0.0017033297277154538 0.999989204202774 -0.004323210119985626 -0.019733190536499023 -0.007132059940284809 0.004335254590662641 0.9999651690377233 1.1300580501556396
0.9999711927346714 -0.0014862200224605177 0.007443443480246824 -0.00038318918086588383 0.0015209642648251736 0.9999879655019022 -0.004664281195617532 -0.020549442619085312 -0.007436421754037106 0.004675468041972263 0.9999614190707984 1.1616647243499756
0.9999764988267272 -0.0013140160071661387 0.006728681607375722 -0.0002009868621826172 0.0013383186458160836 0.9999925935353347 -0.0036085700322134795 -0.01884450577199459 -0.006723890052847843 0.003617490346640796 0.9999708511082457 1.0367481708526611
0.9999769097884799 -0.0015747764572449216 0.006610595207091475 0.00011696130968630314 0.001594208842637346 0.9999944211160773 -0.0029353423799545323 -0.01789780706167221 -0.0066059358192742485 0.0029458132716123366 0.9999738415559282 0.978447437286377
0.9999798714084399 -0.001371416359149696 0.00619483616648077 0.0004861734341830015 0.0013910744925086514 0.9999940076192815 -0.003170116288768601 -0.018017850816249847 -0.006190451495325148 0.0031786699573690884 0.9999757868906556 0.9866851568222046
0.9999794896626206 -0.0013705886686707022 0.006256336051222083 0.0008235608693212271 0.0013868957997600492 0.9999956506941293 -0.0026029046976697784 -0.01728488877415657 -0.006252741328818713 0.0026115281974075904 0.9999770413096236 0.9195170402526855
0.9999723507526986 -0.0018044264428279265 0.007213998567681264 0.0007424515206366777 0.001825445320061728 0.9999941053295511 -0.002908101706303038 -0.018434371799230576 -0.0072087085879198026 0.0029211900594040886 0.9999697501270384 0.9935486316680908
0.9999740288575627 -0.0017241577703807553 0.006997777529839379 -0.00021143467165529728 0.0017498432092509174 0.9999917490200615 -0.0036660524466108255 -0.019357476383447647 -0.006991398938504919 0.00367820224853099 0.9999687950976778 1.0875165462493896
0.9999701522977285 -0.001865934432358983 0.007497519746670564 0.00031213252805173397 0.001897191956362163 0.9999895304061414 -0.004164101437952532 -0.01956489309668541 -0.007489671310430958 0.004178201383248634 0.9999632230521593 1.1147854328155518
0.9999741355362162 -0.0015992430321180868 0.007012180853480561 -0.00011775502935051918 0.0016286691324623617 0.9999898841914017 -0.004192726049315269 -0.02004212699830532 -0.007005404731681241 0.004204038129211518 0.9999666246270192 1.1258140802383423
0.9999774905022755 -0.001348934530020745 0.006572584301893726 -0.00036457693204283714 0.0013724975662432629 0.9999926432436375 -0.0035818583213267866 -0.018860705196857452 -0.006567704256621065 0.003590798551453331 0.9999719853208692 1.0458940267562866
0.9999718844860844 -0.001801686746509736 0.007279022064571579 0.0003886495251208544 0.001828371710725559 0.9999916269602523 -0.0036610198408372576 -0.019188422709703445 -0.007272365106104563 0.003674225667407587 0.999966805834828 1.0647644996643066
0.9999766975288439 -0.0014477287321148185 0.006671467666508173 -0.0002519581466913223 0.0014732890913033703 0.999991587980933 -0.0038279742195111354 -0.01919599622488022 -0.006665869677731576 0.0038377140187883484 0.9999704186287459 1.0747607946395874
