0.9999692563752154 -0.0017689966414867696 0.0076391724212056394 -0.0008799491915851831 0.0018028815344472522 0.9999885575530901 -0.004431069968161312 -0.020685145631432533 -0.007631246462488904 0.0044447062639054674 0.9999610035714673 1.1823487281799316
0.9999766187860167 -0.0013456848318778311 0.00670455170898741 -0.00013824272900819778 0.001376359427053656 0.999988598059265 -0.004572678229798344 -0.01929556205868721 -0.006698321880351271 0.00458179918797901 0.9999670692578772 1.1288155317306519
0.9999719761482571 -0.0017465777442152704 0.007279861560002687 7.692188955843449e-05 0.0017743059583576286 0.9999911900007787 -0.0038041765458779993 -0.018785865977406502 -0.007273153134337917 0.003816986639940406 0.9999662653592244 1.0591017007827759
0.9999711575290088 -0.001757633515015504 0.007388831742614099 -1.8955441191792488e-05 0.0017870107538014036 0.999990518125815 -0.0039711775368623985 -0.01925003156065941 -0.007381781807908277 0.003984266920071572 0.9999648168382973 1.0865422487258911
0.9999760948253456 -0.0015470882671060687 0.006739161353273534 2.5896122679114342e-05 0.0015745515508271345 0.9999904706496278 -0.0040717806117026405 -0.01946450024843216 -0.006732797729433188 0.004082294432036034 0.9999690016730043 1.0941333770751953
0.9999816072413223 -0.0009572565022945268 0.005989059947143381 0.00019400916062295437 0.000977366054738256 0.9999938920346488 -0.0033556890484755745 -0.018335413187742233 -0.0059858111110114055 0.003361480831988839 0.9999764349783246 1.0009418725967407
0.9999770339843421 -0.0013706798025328246 0.006637223874250482 0.0006198578048497438 0.0013900957755538373 0.9999947659699607 -0.002921586284614534 -0.017857585102319717 -0.006633184575509668 0.0029307455642871767 0.9999737054507107 0.9615298509597778
0.9999783058132116 -0.001164885945158506 0.006483127615120827 -0.0003289871383458376 0.0011883297540375016 0.9999927654001152 -0.003613449851030485 -0.019173257052898407 -0.006478871455341528 0.0036210755536187364 0.9999724556389041 1.0487480163574219
0.9999690056931214 -0.001717612151812834 0.00768358390374359 -0.00032508792355656624 0.001748986516845104 0.9999901536208156 -0.004078444259938468 -0.020373381674289703 -0.007676503062841618 0.004091756336034184 0.9999621636996134 1.1349573135375977
0.9999722187210109 -0.0016175020096316768 0.00727636402523486 -0.0010347405914217234 0.0016534122857622922 0.9999864712542468 -0.004931889728387527 -0.021612603217363358 -0.007268288243609006 0.004943783543858041 0.9999613647487985 1.2352492809295654
0.9999812970614878 -0.000927677665814468 0.006045241217097795 -0.001319146016612649 0.0009551251516901897 0.9999892423604221 -0.004539041680107626 -0.020704194903373718 -0.006040965416980783 0.004544730748624663 0.9999714256713805 1.1912420988082886
0.9999810842345321 -0.0009728213220471663 0.0060732850916847235 -0.00012540421448647976 0.0009960942391131497 0.9999921687794728 -0.00383016657510906 -0.019382044672966003 -0.006069511462738588 0.0038361436888687413 0.9999742221838531 1.069250226020813
0.9999792985517724 -0.000986354007334659 0.006358425408671877 -0.0003627014812082052 0.001009350502593276 0.9999929582660608 -0.0036145027120376427 -0.019395876675844193 -0.006354815455097336 0.003620845766478826 0.9999732525405203 1.051729440689087
0.999981018034999 -0.0010830149249509847 0.0060655295201552115 -0.00020790798589587212 0.0011029553795316946 0.9999939957044252 -0.0032851247357393747 -0.01802898943424225 -0.006061935261804021 0.0032917523860305797 0.9999762083705348 0.9963700771331787
0.9999779539664025 -0.0014412890865165685 0.006481841322977429 0.00019199680536985397 0.0014638045156480024 0.9999929074182712 -0.0034702146176898785 -0.01838197559118271 -0.006476793767531745 0.0034796262618201146 0.9999729713065103 1.013943076133728
0.999977546775304 -0.0013625927373736662 0.006561195491418221 8.853385224938393e-06 0.0013850814808476887 0.9999931781296257 -0.003424214289716551 -0.018838463351130486 -0.0065564849222707 0.0034332251954310817 0.9999726123600693 1.026692271232605
0.9999828449474294 -0.001084109768140162 0.005756258928878933 -0.00018639699555933475 0.0011047569245772322 0.9999929638405407 -0.0035849381513437953 -0.01869259960949421 -0.005752331960455169 0.0035912359184526845 0.999977006586449 1.0372415781021118
0.9999815541102057 -0.001023691928011463 0.0059869436421630135 0.00010104593820869923 0.0010418799379828146 0.9999948497466064 -0.003035616322437401 -0.018696662038564682 -0.005983805271960383 0.0030417980042638628 0.9999774705158955 0.9942083358764648
0.9999741246490761 -0.0008787923179147745 0.007139870893514128 3.822892904281616e-05 0.0009085323887743629 0.9999909212251732 -0.004163176206698478 -0.02156624011695385 -0.00713614750496542 0.004169555287011596 0.9999658445204496 1.1270087957382202
0.9999706386117824 -0.0011930893491821403 0.007569574106167612 0.00017806445248425007 0.0012255484574231778 0.9999900687225897 -0.004284913904452554 -0.020891638472676277 -0.0075643866454857215 0.004294064973301091 0.9999621698147798 1.1232125759124756
0.9999815975236765 -0.001010221584180191 0.005981978464232597 -0.0001436613965779543 0.001030570049002417 0.9999936905642786 -0.0033995230559658125 -0.019265515729784966 -0.005978506449756934 0.00340562534416228 0.9999763293081718 1.030855655670166
0.9999835509215425 -0.0008922583806193901 0.005665841625506316 -0.00012261932715773582 0.0009111394824983091 0.9999940379867625 -0.0033307380222926354 -0.01907072588801384 -0.005662835966769504 0.0033358456067281664 0.9999784019782135 1.0259119272232056
0.9999836762203059 -0.0008271114729997074 0.0056535988126131176 -0.00023928587324917316 0.000845487301096623 0.9999943656256373 -0.0032486717598675463 -0.01892269030213356 -0.005650879944436312 0.0032533987752669984 0.9999787412501643 1.0130375623703003
0.9999832283750799 -0.0007307293275135951 0.005745346221330273 -0.00023698271252214909 0.0007491851242241773 0.9999945647021702 -0.0032108079617070968 -0.01872425153851509 -0.005742968762119791 0.0032150584391628105 0.9999783406199507 1.0088902711868286
0.9999846792267875 -0.0009194794108507025 0.005458559270739134 -0.00010010669939219952 0.0009345538745421581 0.9999957552918728 -0.0027597114509625804 -0.017441852018237114 -0.005455998602889185 0.002764770487765195 0.9999812938867383 0.942646324634552
0.9999817734793701 -0.0009911440760136067 0.005955698319641953 0.00043660448864102364 0.0010075229654875621 0.9999957173743154 -0.0027477500801116393 -0.01796639710664749 -0.005952949397401089 0.002753700501020673 0.9999784895321614 0.9449174404144287
0.9999811282614441 -0.0010974604403663016 0.006044725101356655 3.3227261155843735e-05 0.0011159269535280048 0.9999947185995904 -0.0030524547433707027 -0.018292808905243874 -0.006041343228416171 0.0030591426099101037 0.9999770716463897 0.9784207344055176
0.9999787033615725 -0.0011830309846147069 0.006418197643996813 -2.9342016205191612e-05 0.0012065955485256038 0.9999925416418285 -0.003668894642502638 -0.019216183573007584 -0.0064138093587386025 0.0036765606760868126 0.9999726726021588 1.0471699237823486
0.9999812505128058 -0.0010142455875348942 0.00603903375824168 -0.00043647713027894497 0.0010370220913582253 0.9999923572775277 -0.0037696116133455484 -0.019147582352161407 -0.0060351642916371085 0.0037758035464786313 0.999974659728711 1.0728565454483032
0.9999813640089557 -0.0009305861061028929 0.006033708999267845 -0.000414104200899601 0.0009541372796294215 0.9999919336797262 -0.0039015634730082457 -0.01923605427145958 -0.006030029588678557 0.00390724775019694 0.9999741857459014 1.0770598649978638
0.9999837108641195 -0.0008129471462404031 0.005649524171324196 -4.6699075028300285e-05 0.0008320292214545231 0.9999939547731547 -0.0033761138192487375 -0.018424812704324722 -0.0056467454165742715 0.0033807593944698436 0.9999783421315269 1.016869306564331
0.9999827843038225 -0.0008150119656038248 0.005810925182011621 -4.09386120736599e-06 0.0008331852380205882 0.9999947678958865 -0.003125697236049441 -0.017926419153809547 -0.005808347297997837 0.0031304850020763765 0.9999782313457217 0.9778754711151123
0.9999809632526282 -0.0010359025382892038 0.006082765676646495 -0.00027986266650259495 0.0010574119213495922 0.9999931964508318 -0.0035339683185819414 -0.018718009814620018 -0.006079063445499682 0.003540333032261103 0.9999752552086708 1.0319173336029053
0.9999837195499659 -0.0009377252164917641 0.00562861496580852 0.00023505929857492447 0.0009538693753693068 0.999995437417551 -0.0028662305027885404 -0.017488017678260803 -0.005625901548169923 0.002871552802707684 0.9999800515091645 0.9445221424102783
0.9999826539949791 -0.0010332450149238908 0.005798630346649557 0.0002264294307678938 0.001049602641237292 0.9999954768680125 -0.00281861274598026 -0.0174766443669796 -0.005795691801110368 0.002824650112036818 0.9999792154381466 0.9398689270019531
0.9999792660477462 -0.0012617861217575322 0.006314694798179974 0.00028193509206175804 0.0012815321146733632 0.9999942993768166 -0.003123922103576166 -0.018227634951472282 -0.006310717078928666 0.003131949816502654 0.999975182562196 0.9889291524887085
0.9999828380848635 -0.001015856571556607 0.0057698848487035105 0.0002531146164983511 0.0010342620311724758 0.9999943840036938 -0.00318783047282955 -0.018170790746808052 -0.005766614066516682 0.003193743336376758 0.9999782728468198 0.9839620590209961
0.999984249589407 -0.0009342477935559865 0.005534234741177699 0.00029517337679862976 0.0009506715737370724 0.9999951501665035 -0.0029657827011889373 -0.01808934286236763 -0.005531437125115922 0.0029709972285444906 0.9999802879951177 0.9661991596221924
0.9999853452102456 -0.0004845393213594599 0.005392085532691365 0.0008198691066354513 0.0004916800199115838 0.9999990038998824 -0.001323045729009386 -0.01640322431921959 -0.005391439093954671 0.0013256775207744708 0.9999845873630289 0.8042519092559814
0.9999764277518413 -0.001327157566619965 0.006736660408562872 0.0016855312278494239 0.0013432231487206698 0.999996263680765 -0.0023808351650422884 -0.01663990691304207 -0.006733475494844846 0.002389827881610804 0.999974474189445 0.8523150682449341
0.9999831008117998 -0.0009014671760011047 0.005743295895977541 0.00017116148956120014 0.0009192586635526686 0.999994785178349 -0.003095897223300628 -0.017828108742833138 -0.005740475095986675 0.0031011244796605264 0.9999787147597864 0.9694209098815918
0.9999810583691869 -0.0010664542496314363 0.006061813109441427 0.0005619735457003117 0.0010865200982709453 0.999993938693479 -0.003307877019798461 -0.0186227485537529 -0.006058248667429078 0.0033144006449885477 0.9999761559014533 0.9977338314056396
0.9999840481600866 -0.0007284789560853435 0.005601137721597782 6.41786027699709e-05 0.0007462301617017518 0.9999947041481211 -0.003167777810669032 -0.01859460212290287 -0.005598800399329428 0.003171907016692216 0.9999792960056554 1.0042669773101807
0.9999845567082423 -0.0007234738370276451 0.005510256856728257 0.0001311048399657011 0.0007402134393677163 0.9999951159689399 -0.0030364654337710567 -0.018432263284921646 -0.005508033141164247 0.0030404973069291692 0.999980208277665 0.9909414052963257
0.9999857149001162 -0.0007655842443532478 0.005289978872173291 0.0005656955763697624 0.0007788476306764376 0.9999965575227109 -0.00250566140879875 -0.0174090638756752 -0.005288042366644903 0.002509745702686171 0.9999828687454781 0.9221625328063965
0.9999851525441341 -0.0008552235982340461 0.005381754721427086 0.0008799356874078512 0.0008676414485471466 0.9999969659605673 -0.0023054864945269114 -0.01698664203286171 -0.0053797666865155165 0.002310121697380159 0.999982860577191 0.8859022855758667
0.9999815036858003 -0.0010438829726553693 0.005991877387351422 0.0011770518030971289 0.0010595039147925462 0.9999960471699828 -0.002604437725105043 -0.017089810222387314 -0.0059891349742840485 0.0026107379701554223 0.9999786569269921 0.8970305323600769
0.9999851649289491 -0.0008907538301989211 0.005373683991157857 0.0007290211506187916 0.0009037805237804228 0.999996658001823 -0.002422223348509369 -0.016991598531603813 -0.005371508427590473 0.002427044045586051 0.999982628026314 0.8945267200469971
0.9999846536021991 -0.0009923029207796847 0.005450494931980892 0.0009577788878232241 0.0010039710659077643 0.9999972095738173 -0.0021384308915478154 -0.01647184044122696 -0.005448357751557557 0.0021438702135432694 0.9999828594622604 0.8609311580657959
0.9999830718515806 -0.0013740213836012172 0.005654031792792137 0.001523309969343245 0.0013837643739515325 0.9999975640100948 -0.001719642414503314 -0.016348347067832947 -0.005651655194178091 0.0017274371519053482 0.9999825372247518 0.8302972912788391
0.9999801731830401 -0.001218466535675853 0.006178072524559997 0.0011516218073666096 0.0012340962391543325 0.9999960464230307 -0.0025266865219553303 -0.017337869852781296 -0.006174969416101604 0.002534260761871926 0.9999777233894269 0.8959977626800537
0.999981744251231 -0.0009535374136485208 0.005966735344078095 0.00031074020080268383 0.0009709344241920792 0.9999952845382192 -0.0029134494452017165 -0.01813415437936783 -0.005963929125116851 0.0029191895667462025 0.9999779546978342 0.9560744762420654
0.9999845948643447 -0.0010872735597037338 0.0054431489230547985 0.00016684713773429394 0.0011026447071711828 0.9999954109687061 -0.002821739920341183 -0.01802881807088852 -0.0054400559410663065 0.002827698310405277 0.9999812047801814 0.9602173566818237
0.9999831140269384 -0.0010084732837253787 0.005723167184584685 0.0007821689359843731 0.0010232941954347369 0.9999961293729778 -0.0025872974416974986 -0.017580639570951462 -0.005720535811992126 0.002593110236422084 0.9999802754301332 0.9135535359382629
0.9999834109846806 -0.001047468081939277 0.005663970873937095 0.0006823808653280139 0.0010613348669174596 0.9999964458256828 -0.0024457931847276094 -0.01749824732542038 -0.005661388852901255 0.002451763981200714 0.999980968583721 0.9062719345092773
0.9999830808451856 -0.0011004272047650135 0.005712012196942501 0.0010542767122387886 0.0011135632859794835 0.9999967417442323 -0.0022970584945790724 -0.017386693507432938 -0.005709465840087443 0.002303380317362367 0.9999810480398789 0.8942779302597046
0.9999750456956173 -0.0016643266701336632 0.006865712110397216 0.0017082206904888153 0.0016807088427025795 0.999995753005676 -0.0023810057532185685 -0.01976735331118107 -0.006861720180380031 0.0023924855999316605 0.9999735960558259 0.9660791158676147
0.9999727570074496 -0.0012354497565923717 0.007277287050770934 0.001186936628073454 0.0012610619329666097 0.9999930239513347 -0.0035159310952709707 -0.020451702177524567 -0.007272892527846468 0.0035250124204613325 0.9999673391274908 1.0209890604019165
0.999983135253616 -0.0008999995217905231 0.005737526401622006 -0.0013574936892837286 0.0009147029620131733 0.9999963033917313 -0.0025605705153182528 -0.02228468284010887 -0.005735200679995171 0.002565775464340106 0.999980261939918 1.1307621002197266
0.9999849543737276 -0.0007129579035526032 0.005438999650807724 0.0006607016548514366 0.0007225002747619714 0.9999982030656588 -0.001752671904911314 -0.01832502707839012 -0.005437740295995528 0.0017565752136069937 0.9999836725787037 0.901319146156311
0.9999827700503297 -0.001080410385879212 0.005769949381728927 0.0012974425917491317 0.0010922439470307129 0.9999973060633841 -0.002048137967689272 -0.017728496342897415 -0.005767721008319011 0.0020544048706620374 0.9999812562318344 0.8785656690597534
0.9999857898351284 -0.0006717654443524409 0.005288559255840287 0.0007380838505923748 0.0006786866742044828 0.9999989155257974 -0.0013070316092547026 -0.01635376736521721 -0.0052876755018644315 0.0013106023108127223 0.9999851612945916 0.8009352684020996
0.9999834661807572 -0.0013927694348885341 0.005579207687454531 0.0019852742552757263 0.0013990707512168507 0.9999983877159622 -0.001125684906740186 -0.015194210223853588 -0.00557763087265561 0.0011334720011598955 0.9999838025063561 0.743839681148529
0.9999849754856713 -0.0011247743304824446 0.0053650429286958125 0.0020323002245277166 0.0011296217002076713 0.9999989564679411 -0.0009005652909198809 -0.015140790492296219 -0.005364024397379368 0.0009066122292785642 0.9999852025387826 0.7366493344306946
0.9999832741955686 -0.0014773089324894148 0.005591859031506006 0.002221636474132538 0.0014832787200056916 0.9999983343300582 -0.0010635888998744157 -0.014934903010725975 -0.005590278467932217 0.0010718653960011854 0.999983799814389 0.733629584312439
0.9999860618134182 -0.0012280288310655993 0.005134990173346837 0.0019004561472684145 0.0012337082004884568 0.9999986306849422 -0.001102992437169576 -0.015180557034909725 -0.00513362863541418 0.0011093121429414743 0.9999862075466855 0.7541946172714233
0.9999856091899262 -0.0013168952635541518 0.005200692253599204 0.0018623281503096223 0.0013225929661458777 0.9999985288361668 -0.0010922789696501383 -0.015134794637560844 -0.005199246185527242 0.0010991416498646383 0.9999858797636771 0.7561383247375488
0.9999851838317088 -0.0014009998683309156 0.005260163156495089 0.002078311052173376 0.0014075950052480212 0.9999982277156407 -0.0012502967164916441 -0.015346245840191841 -0.005258402168455019 0.0012576823712709504 0.9999853836140248 0.7754281759262085
0.9999833142516092 -0.0013149155935810054 0.0056251413625997525 0.0017886648420244455 0.0013239017546375935 0.9999978531031964 -0.0015940743841069522 -0.015703100711107254 -0.005623033212736751 0.0016014949203028929 0.9999829082096897 0.7974996566772461
0.9999820086512292 -0.0010960998874305554 0.005897536679800575 0.0019397581927478313 0.0011020674717296163 0.9999988839621441 -0.0010087228330689175 -0.015533133409917355 -0.00589642443694261 0.001015204168122755 0.9999821006094841 0.7494944334030151
0.9999817110126199 -0.000838331033300939 0.005989561031652315 0.0018726084381341934 0.0008414854885068493 0.9999995085800798 -0.0005241581552319359 -0.015439340844750404 -0.005989118670214823 0.0005291886976007112 0.9999819250450862 0.7038681507110596
0.999979843628328 -0.0009188786332395773 0.006282356176014853 0.002022835658863187 0.0009232388595953233 0.9999993349510566 -0.0006911783075897657 -0.013960429467260838 -0.0062817168889619125 0.0006969644912944218 0.999980026937251 0.6160104274749756
0.9999814852923257 -0.0011523157773603596 0.005975051539846335 0.0022316868416965008 0.0011546036197628443 0.9999992614485462 -0.0003794638897016271 -0.012710746377706528 -0.005974609864736292 0.00038635568017481237 0.9999820772225134 0.5990767478942871
0.9999765569252632 -0.0013170444551161636 0.006719448920762419 0.0034408909268677235 0.0013196019538930326 0.9999990585646749 -0.00037619203473743625 -0.010208742693066597 -0.006718947133202431 0.00038505021356437306 0.9999773534864447 0.5085440278053284
0.9999780082347524 -0.0021684457322132516 0.0062674468457322614 0.0033484448213130236 0.0021685925674555274 0.9999976484620535 -1.663248984874279e-05 -0.012390400283038616 -0.006267396040941547 3.0223662717508124e-05 0.9999803592238181 0.5411041975021362
0.9999901025651138 -0.001217674612668711 0.004279256985844637 0.0022783824242651463 0.0012179563218972607 0.9999992562921608 -6.322597128644742e-05 -0.013514813967049122 -0.004279176814667574 6.8437293610446e-05 0.9999908419391278 0.666314423084259
0.9999906554269351 -0.001191067541885225 0.004155769112907824 0.0023301108740270138 0.0011913589710208586 0.9999992880432791 -6.765158881196803e-05 -0.01508303266018629 -0.0041556855765684814 7.260196945090755e-05 0.9999913624658681 0.7540913820266724
0.9999937487780476 -0.0007602644529213473 0.003453172858204219 0.0017461401876062155 0.0007629326838253099 0.9999994114083114 -0.0007714381055180475 -0.015462122857570648 -0.0034525843287261213 0.0007740678215236498 0.9999937402206379 0.768325924873352
0.9999915365993574 -0.0010502696188949548 0.003977896854315332 0.0014951969496905804 0.0010541122170580216 0.9999989797616867 -0.0009640140141381744 -0.015511556528508663 -0.003976880321281316 0.0009681990049736783 0.9999916234717153 0.7928515076637268
0.9999943256356572 -0.0009476562586991908 0.0032327455981415137 0.0017603272572159767 0.0009490188987385736 0.9999994614798424 -0.0004200037556810876 -0.015662752091884613 -0.0032323458380550964 0.00042306930909420275 0.9999946864622545 0.7998211979866028
0.9999905448679703 -0.0008517301554356247 0.004264355801535249 0.0015234679449349642 0.0008562231725208238 0.9999990801865708 -0.0010519067881896828 -0.015172096900641918 -0.004263455938391307 0.0010555480825252656 0.9999903543343339 0.7723715901374817
0.9999914414926239 -0.0006982321706504844 0.004077917770153988 0.001975671388208866 0.0007014972480991126 0.9999994345125867 -0.0007992972650443834 -0.015565002337098122 -0.0040773573690784486 0.0008021510723465821 0.9999913658179964 0.7889893054962158
0.9999930478994973 -0.0007462295641195459 0.003653394874824489 0.0017388516571372747 0.0007483664812615886 0.9999995496905316 -0.0005835806230479648 -0.015330380760133266 -0.0036529577445522194 0.0005863106442039535 0.9999931560463526 0.7698365449905396
0.9999926331573676 -0.0009015307628575003 0.0037310686508696305 0.0014864017721265554 0.0009054429961763318 0.9999990419821295 -0.0010469994285517144 -0.015203068032860756 -0.003730121174245654 0.0010503699854498712 0.99999249143127 0.7741307020187378
0.9999937671756379 -0.0010877976634853076 0.0033589144256738613 0.0018446508329361677 0.0010894374233286746 0.9999992882749785 -0.00048639041577891077 -0.014746553264558315 -0.0033583829406925946 0.0004900467112699655 0.9999942405425364 0.7582429647445679
0.9999951109597257 -0.0009328783095313948 0.002984592887782097 0.0015779995592311025 0.000935053544428841 0.9999992982025433 -0.0007275089622850942 -0.014733118936419487 -0.0029839121158714934 0.0007302961596228753 0.9999952814568698 0.7515345811843872
0.9999933449210802 -0.0009935383437734533 0.003510412384406563 0.0016973483143374324 0.0009964394940226084 0.9999991634152468 -0.0008247891494387165 -0.015148178674280643 -0.00350958998800359 0.0008282815739419637 0.9999934983427392 0.7787830233573914
0.9999844171921352 -0.0029706167971534827 0.0047266064729612235 0.003922130446881056 0.002973759571245278 0.9999953618695467 -0.0006580223451611459 -0.015847478061914444 -0.004724629818112362 0.0006720678825638489 0.99998861303409 0.8100113868713379
0.99997642493876 -0.0005312788917483848 0.006845970306363542 0.0016851280815899372 0.0005326266258531948 0.9999998391334181 -0.00019504362489940457 -0.01570013165473938 -0.006845865582514819 0.00019868537279897267 0.999976547049254 0.636031985282898
0.9999208214797112 -0.002451140506901954 0.012342717754020651 0.003907968755811453 0.00242083497803026 0.9999940201042241 0.002469678886436886 -0.015276690945029259 -0.012348697475812475 -0.002439603658054181 0.9999207758640896 0.7902337908744812
0.9990916908613955 0.04036285473080085 -0.013661376566742676 0.023292534053325653 -0.040337117784889805 0.9991838047396567 0.0021543618061498513 -0.03434845060110092 0.013737182408558347 -0.001601344423957032 0.9999043581840766 0.8251932859420776
0.9999795974218338 -0.0011994606385101973 0.006274235749745837 0.0017526496667414904 0.0011987740302597787 0.9999992750638715 0.0001131925587832495 -0.014251303859055042 -0.006274366971344497 -0.00010566885848669831 0.9999803103827599 0.6023380756378174
0.9999690264525107 -0.00211410565310324 0.00758133846396443 0.002571646124124527 0.0021214443006019493 0.9999972888592146 -0.0009600772364374314 -0.013432873412966728 -0.007579288205175544 0.0009761308867148671 0.9999708003530877 0.6410173177719116
0.9999866575027927 -0.001268760318247984 0.005007500738638762 0.0020467403810471296 0.001274189551001248 0.9999986037457735 -0.001081178751092282 -0.015133336186408997 -0.005006121990198373 0.0010875448305856196 0.9999868779083358 0.7606557607650757
0.9999872721327776 -0.0012551576032694169 0.004886732224877787 0.0018909283680841327 0.0012606520084914976 0.9999985765704172 -0.0011214337489718834 -0.01515104342252016 -0.004885317692861989 0.00112757994430628 0.9999874310382654 0.7602343559265137
0.9999866169177495 -0.001341603300032885 0.004996607447026097 0.001961122965440154 0.0013467913473764882 0.9999985573656615 -0.0010350940357130543 -0.014882835559546947 -0.0049952115531744605 0.0010418095706403291 0.9999869811624338 0.7503241896629333
0.9999836824244583 -0.0009097190759708132 0.005639795743002781 0.0021211891435086727 0.0009111774521932826 0.9999995521039253 -0.00025602265418143305 -0.014600171707570553 -0.005639560308268016 0.00026115733122843285 0.999984063451202 0.6556277275085449
0.9999762242823914 -0.0016958567128631558 0.006683931473482259 0.0031988718546926975 0.0016950953796006616 0.9999985561764861 0.00011956837931866385 -0.011987008154392242 -0.006684124593903546 -0.00010823563513637501 0.9999776551320838 0.519429087638855
0.9999789314791273 -0.0015335765051270448 0.006307514642516835 0.0025225174613296986 0.0015361109598511918 0.9999987413801686 -0.00039699017284082277 -0.013430831022560596 -0.0063068978889519855 0.0004066708512168721 0.9999800286294906 0.5988484621047974
0.9999833773972565 -0.0014311984773670754 0.005585391668856726 0.0020601304713636637 0.0014377947967625748 0.9999982735206809 -0.0011771583495208135 -0.01470620185136795 -0.0055836972785560665 0.0011851694291645665 0.9999837087163599 0.7343589663505554
0.9999836382867013 -0.0013321242104186834 0.005563146949265543 0.0016518817283213139 0.0013402464696842423 0.9999980411149775 -0.0014565389138796396 -0.015502256341278553 -0.005561195760949711 0.0014639710704666107 0.9999834648085 0.788226842880249
0.9999818367108302 -0.0013003259243033044 0.0058851848675759945 0.0013980991207063198 0.0013113653196785574 0.9999973873581618 -0.001872324183793361 -0.01614224910736084 -0.005882734860020896 0.0018800078035630268 0.9999809293187674 0.8250223398208618
0.9999870086801694 -0.0009622068764957696 0.005005659678180827 0.0008756191236898303 0.0009704587061018261 0.9999981738982804 -0.001646332288664509 -0.01573299616575241 -0.00500406642508793 0.0016511686866496728 0.9999861163842135 0.8048754930496216
0.9999802717121672 -0.001476327957276558 0.0061054600336799235 0.0015811242628842592 0.0014878642456176993 0.9999971157719008 -0.0018853932922541178 -0.01610131375491619 -0.006102658965312719 0.0018944401923597302 0.9999795841165512 0.8305543065071106
0.9999852293570787 -0.000995474184393074 0.0053432292500730765 0.0007501529762521386 0.001006599908837645 0.9999973303315999 -0.0020799245891562667 -0.016591262072324753 -0.005341144474188804 0.0020852723614088794 0.9999835617723345 0.8592702150344849
0.9999824889488551 -0.0011836607401337594 0.005798339667981835 0.0008460837416350842 0.0011965846919877367 0.9999968066745469 -0.002225943796200219 -0.016653403639793396 -0.005795686389714881 0.0022328430220702102 0.9999807120296426 0.8717290759086609
0.9999838777373958 -0.001091091806137288 0.005572592211086518 0.0006676744669675827 0.0011041837251847496 0.9999966366368164 -0.002346804924909735 -0.01698717102408409 -0.005570012888810869 0.0023529202547310285 0.9999817191942525 0.8900008797645569
0.9999848001334908 -0.0010276561468202116 0.005416957155667324 0.0007391625549644232 0.0010392529667964708 0.9999971734741737 -0.0021384566710878645 -0.016645316034555435 -0.005414744246355271 0.0021440537556269646 0.9999830416453268 0.8659783005714417
0.9999856133102036 -0.0009650459956842223 0.005276538528471457 0.000838639447465539 0.0009748106316048291 0.999997816730916 -0.0018483175143898585 -0.016070764511823654 -0.005274743296952001 0.00185343454907476 0.9999843708096261 0.829382061958313
0.9999833058784445 -0.0012679211624123771 0.005637405462033638 0.0014405085239559412 0.001277643969365975 0.9999977021519973 -0.0017214286546063519 -0.015703275799751282 -0.005635209872311998 0.0017286025139585806 0.9999826280206291 0.8120383024215698
0.9999841283406257 -0.0011252265222770168 0.0055205916451776 0.001294115325435996 0.0011338854873802098 0.9999981315891903 -0.0015656058987654627 -0.015534162521362305 -0.005518819669163768 0.0015718407687501424 0.9999835358374942 0.7935631275177002
0.9999823669758244 -0.0012234561487683682 0.005811100797556889 0.001590256579220295 0.0012327799368170387 0.9999979582553149 -0.0016011679575825726 -0.015556794591248035 -0.005809129973989808 0.0016083035326233174 0.9999818335193355 0.7895082235336304
0.9999854877283484 -0.00099758993084494 0.005294256040923384 0.0010645968141034245 0.0010042769460972118 0.9999987012051211 -0.0012605617343633025 -0.015211887657642365 -0.005292991641077342 0.0012658603400376152 0.9999851908088874 0.7612143754959106
0.9999828714303233 -0.001257549025858195 0.005716241458607942 0.0020011074375361204 0.0012640765889923196 0.9999985530048263 -0.0011384632760333506 -0.014984658919274807 -0.005714801513850388 0.0011456695427906562 0.9999830140982177 0.7355826497077942
0.9999854169489344 -0.0010307436113946521 0.0053012693832133325 0.0019316560355946422 0.0010346607140888837 0.9999991937360152 -0.0007362095667147866 -0.01469632051885128 -0.005300506265683216 0.0007416838456986932 0.9999856771666285 0.7001994252204895
0.9999820284823899 -0.0013411856576705829 0.005843281036900835 0.0018862897995859385 0.0013495764550608292 0.999998063624978 -0.0014322673235761594 -0.015337196178734303 -0.005841348785725059 0.0014401275380664363 0.9999819021747531 0.7693570852279663
0.9999819406605637 -0.0013048155155318765 0.00586649888803132 0.0015356030780822039 0.001315151893716329 0.9999975891631552 -0.001758420704444374 -0.01584112085402012 -0.005864190330241659 0.0017661042856500797 0.9999812458978532 0.8124957084655762
0.9999814495554588 -0.0013204511071083307 0.005946171359565519 0.0011264841305091977 0.0013328203350777656 0.9999969554105745 -0.002076718453688434 -0.01664200983941555 -0.0059434110507337505 0.002084605107741817 0.9999801649465988 0.8665515780448914
0.9999852502315145 -0.0010362129185378858 0.005331564704926451 0.00083410635124892 0.0010471420030022513 0.9999973556148938 -0.0020475001453459595 -0.016291748732328415 -0.005329428960114837 0.002053052850537094 0.9999836909474834 0.8515599966049194
0.9999838972837021 -0.0011670897676239547 0.0055536541819611535 0.0013811378739774227 0.001175728430227896 0.9999981037307076 -0.0015524811262247421 -0.01546197384595871 -0.005551831765900422 0.0015589857161749945 0.9999833732255652 0.7928222417831421
0.9999841869649306 -0.0008597678934421818 0.005557573144435576 0.0018699141219258308 0.0008637951551839895 0.9999993660814961 -0.000722284248390274 -0.015066434629261494 -0.005556948624580419 0.0007270734316408684 0.999984295719792 0.7093160152435303
0.9999797897750552 -0.0012823040669832204 0.00622701675889074 0.002187990117818117 0.0012915337635479264 0.9999980731247711 -0.0014784070082386217 -0.015081513673067093 -0.006225108992887078 0.001486419531690712 0.9999795190777668 0.7329898476600647
0.9999780764348412 -0.001408711697987064 0.006470098996657994 0.000944201834499836 0.0014246751653601833 0.9999959511645571 -0.0024633219776676214 -0.017158083617687225 -0.0064666026898060084 0.0024724857622256975 0.9999760346447346 0.9102939963340759
0.9999762980814457 -0.0013869659115740753 0.006743856529284607 -0.00011150282807648182 0.001409380736055726 0.9999934951893932 -0.0033201242208485454 -0.018458422273397446 -0.006739207762658616 0.00332955018901377 0.9999717481880528 1.0179201364517212
0.9999755832220494 -0.001604842436845876 0.006801282266988827 2.062413841485977e-06 0.0016273288865089684 0.9999932243942087 -0.0033019640169514603 -0.018252991139888763 -0.006795937052201969 0.003312951316727629 0.9999714193881521 1.021980881690979
0.9999723970753427 -0.0017665647785101053 0.007216947850455354 -6.729387678205967e-05 0.001791865846271595 0.9999922666921295 -0.003500824577975891 -0.018929971382021904 -0.007210707606180548 0.003513659747346381 0.9999678294280261 1.0605717897415161
0.9999748104014384 -0.0016754661001213208 0.006897200588259157 -1.894892193377018e-05 0.0016988550419748249 0.9999928223338651 -0.003386616644589307 -0.0184329841285944 -0.006891476921073953 0.003398248681070424 0.9999704792901379 1.0377293825149536
0.9999749041782205 -0.0016615516008224754 0.006886963048857695 0.00031890557147562504 0.0016831517349651707 0.9999936794831734 -0.003131771693643053 -0.01798514649271965 -0.006881715919420878 0.0031432849030631014 0.9999713804634722 0.998747706413269
0.9999710392263627 -0.0017344917264367093 0.007410279819228622 -4.795379936695099e-05 0.0017628458244197797 0.9999911442063512 -0.003821502776659597 -0.019355546683073044 -0.007403585830370992 0.003834455283819837 0.9999652413306818 1.0833234786987305
0.9999754546000211 -0.0014141104530294392 0.006862251023342492 -0.0007987606804817915 0.0014443644503219226 0.9999892512859764 -0.004405805697773205 -0.01987347938120365 -0.006855946967077447 0.004415609146937426 0.9999667486406965 1.1377742290496826
0.9999737679791881 -0.001536959575204122 0.007078213670766142 -0.0007048358675092459 0.001566934424152605 0.9999898207483393 -0.004231207418060954 -0.020119905471801758 -0.007071638425092015 0.004242187521602135 0.9999659973094167 1.136009693145752
0.9999749276931323 -0.001488658866637813 0.006922996453364847 -0.000678330659866333 0.0015163620509099167 0.999990857912443 -0.0039980917531293615 -0.019711388275027275 -0.006916981367987188 0.004008489280846508 0.9999680431806008 1.1126877069473267
0.999973377192835 -0.0017825984771348885 0.007075821381695004 -0.00020620506256818771 0.001808053667303945 0.9999919116055053 -0.003592723967057879 -0.01916373148560524 -0.007069359765387852 0.0036054217834588682 0.9999685120473899 1.0855698585510254
0.9999785435838068 -0.0013682167507989835 0.006406274653151819 0.0008812574669718742 0.0013878095248654188 0.9999943706882886 -0.0030549265877358673 -0.01738155633211136 -0.006402058788505086 0.003063751728942109 0.999974813217119 0.9495368003845215
0.9999704541152067 -0.0017649169676451511 0.007481708676816367 0.0012725495034828782 0.0017855534827959179 0.9999946178099767 -0.0027524806700345793 -0.017338072881102562 -0.0074768105090009095 0.0027657583365429607 0.9999682234378433 0.928545355796814
0.9999765102264725 -0.0014139441787233765 0.0067066949494508634 0.00022355583496391773 0.001438151781463597 0.999992464141189 -0.003606020006359967 -0.018497943878173828 -0.006701545697748283 0.0036155805470559675 0.9999710080110167 1.026336669921875
0.9999792236102687 -0.0012845109746754762 0.0063168330166716025 -2.837367355823517e-05 0.00130525410742975 0.9999937664390419 -0.0032807613101384376 -0.017889827489852905 -0.0063125794663997665 0.0032889382200038007 0.9999746667920472 0.9886140823364258
0.9999763097064706 -0.0014745114719484401 0.0067235289653705494 0.00043929857201874256 0.001495949587319349 0.9999938101848143 -0.0031846078078731645 -0.018236303701996803 -0.006718791607222492 0.0031945904239604954 0.9999723258327513 0.9930946826934814
0.9999728179268462 -0.0016884625325921335 0.007177221030356964 -0.00010177004151046276 0.001712845862946313 0.9999927784106099 -0.0033925338139589125 -0.01921016164124012 -0.007171441033178298 0.0034047350712059026 0.9999684886098175 1.0599644184112549
0.9999669314493052 -0.002144557404314098 0.007844544690415654 -0.0002912555355578661 0.002176038648330318 0.9999896051219873 -0.004006807179373393 -0.020400069653987885 -0.007835870319326348 0.004023744712491958 0.9999612035548315 1.1640336513519287
0.9999695873376508 -0.0018130683283774471 0.007585326822538115 -0.0007946384139358997 0.0018509598728014864 0.9999858301374945 -0.004991339677393558 -0.02112068235874176 -0.007576169699614725 0.005005228013035883 0.9999587738228112 1.2345659732818604
0.9999697225302178 -0.0019262475992340138 0.007539469014860211 -0.00034953816793859005 0.0019588687703146136 0.9999887426801451 -0.004321729529191232 -0.02019757777452469 -0.007531059419515831 0.004336367508553969 0.9999622388174719 1.163724422454834
0.99998114379596 -0.0005102699736040374 0.006119777535000378 -3.990926779806614e-05 0.000532130274900762 0.9999934824542795 -0.0035709783439973573 -0.01997309736907482 -0.006117915486045161 0.0035741675278031116 0.9999748979032369 1.1078208684921265
0.9999861334759431 -0.00012997342023807123 0.005264595211688025 -0.001686793053522706 0.00014297483820913497 0.999996941068169 -0.002469293927480194 -0.02146691083908081 -0.005264258165072828 0.002470012391605173 0.9999830931694578 1.1046125888824463
0.9999863504677033 -0.000563008587041465 0.005194410420287097 -0.000625677639618516 0.0005725045226505458 0.9999981675171018 -0.0018268007581102375 -0.018587961792945862 -0.005193372397105206 0.0018297496465924077 0.9999848403347801 0.9759268760681152
0.9999854730339957 -0.001448076468407348 0.005191993405005838 -0.0009049533400684595 0.0014623249090656917 0.9999951727017368 -0.002741565079300712 -0.017646245658397675 -0.005187998345827148 0.002749117633961851 0.9999827633641484 0.9707702398300171
0.9999822537826132 -0.0011666514381357658 0.005842178041387937 0.0005634569097310305 0.0011805922058030541 0.9999964629209996 -0.002383347967319648 -0.017683135345578194 -0.005839376840809019 0.0023902029017690883 0.9999800941059773 0.9158339500427246
0.9999816299927639 -0.0011429956669247014 0.005952582458142692 3.7224963307380676e-05 0.001159559418044291 0.9999954637548961 -0.0027799085572600946 -0.018783804029226303 -0.005949378032334264 0.0027867598633708056 0.999978419202381 0.9794261455535889
0.9999765129726741 -0.0013619271142013792 0.006717042321334253 -0.0007975141052156687 0.001384470025056737 0.9999934217377797 -0.003352569748176907 -0.02074979618191719 -0.006712432179226226 0.003361790550030545 0.9999718204122238 1.0980643033981323
0.9999787167126751 -0.0011927321223332626 0.0064143208335202175 -0.0015397805254906416 0.0012155562280309054 0.9999929400985316 -0.0035555837988739502 -0.02100479230284691 -0.006410034690036582 0.003563305092000126 0.9999731067944244 1.1425131559371948
0.9999692218585452 -0.00038401495375247165 0.007836317255609428 -0.0017207830678671598 0.0004092435005980938 0.9999947381954354 -0.003218089681713196 -0.026523202657699585 -0.00783504022787923 0.0032211975967992414 0.9999641173715532 1.2938058376312256
0.9999836236094463 -0.003321652075309659 0.004660379857031104 -0.007938684895634651 0.0033332149091359264 0.9999913806946549 -0.0024755231299862217 -0.023361051455140114 -0.004652116861251897 0.0024910166374743133 0.9999860762254748 1.4341058731079102
0.9999845872418772 -0.001259912185451127 0.005407208150016818 -0.0026470471639186144 0.0012721655453589132 0.9999966295849835 -0.002263274949911935 -0.019461389631032944 -0.00540433839779285 0.0022701189305076017 0.9999828196956805 1.0975043773651123
0.9999839048238365 -0.0002448182612030554 0.0056683469628131655 -0.0004756718408316374 0.0002542652094126672 0.999998579972781 -0.001665953668118811 -0.020348258316516876 -0.005667931057725919 0.001667368117728566 0.9999825470682397 1.0157464742660522
0.9999836767096619 -0.0012195874291990832 0.005582017621674178 -0.0010144326370209455 0.0012303171498591532 0.99999740156139 -0.001919163926945084 -0.0195823535323143 -0.005579662528944194 0.0019260002518858602 0.9999825787927971 1.0023162364959717
0.9999846813606487 -0.0010788292633843327 0.005428919916716729 -0.001967034535482526 0.00108949447215127 0.9999974818859761 -0.0019619438069704066 -0.020278744399547577 -0.005426789643685278 0.0019678285308998155 0.9999833386637179 1.0732653141021729
0.9999853317707881 -0.000476585594221716 0.005395285853255179 -0.00136285531334579 0.00048653168173618666 0.9999981845794987 -0.0018423150190467381 -0.02076900377869606 -0.005394398037744534 0.0018449129730473896 0.9999837482509064 1.0400079488754272
0.999983545592997 -0.0010240621634683305 0.0056444521385036256 -0.0038643295411020517 0.0010379193043897287 0.9999964536838991 -0.0024526196490233547 -0.021178098395466805 -0.0056419204865081835 0.002458437778458683 0.9999810622291371 1.2257328033447266
0.9999767355728056 -0.0015343578200767963 0.006646356839259757 -0.0008967036847025156 0.00155928445225534 0.9999917647889153 -0.0037468635346744683 -0.02110966108739376 -0.006640553075743054 0.0037571399269241577 0.9999708930536017 1.1423975229263306
