0.9998128329479773 -0.009165015939659344 -0.017038238035831724 -0.030333256348967552 0.009483425358776816 0.9997801252398497 0.018702027132228894 0.005025593563914299 0.016863087380559395 -0.01886010758760159 0.9996799150857136 -0.16322332620620728
0.9999905766220432 0.0006714860564548695 0.004289029446074534 -0.005439692176878452 -0.000676764302781821 0.9999990153978087 0.0012293061015486845 -0.02480749413371086 -0.0042881997611804385 -0.0012321971793553485 0.9999900464669231 0.9727717638015747
0.9999802148389753 0.0011224761090339295 -0.006189505471494883 -0.017972221598029137 -0.00111335939713804 0.999998290660982 0.00147617951720199 -0.019789328798651695 0.006191151867772382 -0.0014692591666722145 0.9999797552531008 1.0950137376785278
0.9999618785938921 0.0003315128309070911 -0.008725334275381991 -0.013775362633168697 -0.00032721699650124135 0.9999998245633839 0.0004937633427437778 -0.019700851291418076 0.008725496433522424 -0.000490889442115808 0.9999618116405967 0.988228976726532
0.9999751392549555 0.0005035239257091594 -0.007033301905134925 -0.012670796364545822 -0.0004981071466985064 0.9999995780358745 0.000771892054347216 -0.02105156145989895 0.007033687603451266 -0.000768369526591815 0.9999749681101862 1.038583517074585
0.9999787442569766 0.0003797583595528776 -0.006508979783958029 -0.011934688314795494 -0.00037734848509781674 0.999999859811848 0.00037146252102775537 -0.021224044263362885 0.006509119937473805 -0.0003689984716548568 0.9999787473730465 1.051865816116333
0.9998935354638742 0.001253879961694745 -0.014537727559561807 -0.018932010978460312 -0.0012170397013704748 0.9999960267778578 0.002542684184749569 -0.01789225824177265 0.014540858018688943 -0.0025247204874496304 0.9998910886864333 0.9358165264129639
0.9998470521266858 0.00030043510290975027 -0.017486626098975867 -0.021195270121097565 -0.0002778837386019526 0.9999991266927097 0.001292050481013208 -0.0142463818192482 0.017486999005097044 -0.0012869936156040048 0.9998462624389957 0.7271682024002075
0.999845924950329 0.0005775943329147758 -0.01754402305651689 -0.020216815173625946 -0.0005567237158111126 0.9999991316439955 0.0011944747628759174 -0.012930117547512054 0.017544697743912974 -0.0011845235504111965 0.9998453782885798 0.6506426334381104
0.9998559909141517 0.0004409434696053134 -0.01696475764449525 -0.019954683259129524 -0.000430868663310642 0.9999997286626175 0.0005975172687384521 -0.014439692720770836 0.016965016512659938 -0.0005901216383731297 0.9998559096045676 0.7003281116485596
0.999818557298172 0.000768239641525272 -0.01903318917195932 -0.021951302886009216 -0.0007242545370078471 0.9999970517315463 0.002317753994991141 -0.012637909501791 0.01903491364750636 -0.0023035485818325967 0.9998161659657057 0.7162198424339294
0.9999278745328946 0.00039826324816645 -0.012003629389182957 -0.014100989326834679 -0.00039635717685243804 0.999999908462641 0.00016116977972599914 -0.016324495896697044 0.012003692478402406 -0.00015640043062367364 0.9999279408566345 0.7468802332878113
0.9999137470901063 -0.003956406129094642 -0.012523786598487 -0.015034515410661697 0.004068221584291274 0.9999519814743245 0.008915397843786024 -0.011605917476117611 0.012487912290046194 -0.00896557840373616 0.9998818282429791 0.5531085133552551
0.9999462575766628 0.0009350921947027408 -0.010325093753278879 -0.016077227890491486 -0.0009217059810759514 0.9999987287245276 0.0013011561832820197 -0.01598069630563259 0.010326297328231515 -0.0012915695553280225 0.9999458482495804 0.8712631464004517
0.9999059236165934 0.00023409277458838284 -0.013714558579115447 -0.017255641520023346 -0.0002315366680626948 0.9999999555296728 0.00018796654905019617 -0.01642872765660286 0.013714601970835539 -0.0001847734426397011 0.9999059333515109 0.8191800117492676
0.999851349328366 0.0004719499927871771 -0.017235327367077037 -0.021072184666991234 -0.00044151095592645187 0.9999983363544619 0.0017698464295854573 -0.01368737779557705 0.017236133972611242 -0.0017619737548634669 0.9998498943012223 0.7211729288101196
0.9998368819381906 0.0006747847818294901 -0.018048661490943765 -0.019054554402828217 -0.0006406253460729599 0.9999979929414681 0.0018983445950252831 -0.013461863622069359 0.018049906240267123 -0.0018864725107205068 0.9998353074912807 0.6199183464050293
0.9998110117118477 0.00047299246943117025 -0.019434946304415907 -0.021445203572511673 -0.00044270746868181935 0.999998681225488 0.0015625483615921355 -0.013289693742990494 0.01943565974771223 -0.0015536490623697281 0.9998099025838674 0.6911296844482422
0.9998938853469538 0.0004339029287526495 -0.014561242186754307 -0.017311682924628258 -0.0004320762624013996 0.9999998983869839 0.0001285928672652779 -0.016398943960666656 0.014561296503964294 -0.00012228765457780944 0.9998939712238759 0.7913744449615479
0.9999446802343481 0.0005258990608960865 -0.010505232087139124 -0.01544466894119978 -0.000512850231969539 0.9999990937508808 0.0012447819312476592 -0.018618885427713394 0.010505877196430464 -0.001239325459490152 0.999944043742818 0.9432292580604553
0.9999324476841662 0.00034455736271143256 -0.011618147381425234 -0.01664101332426071 -0.00033433213065055294 0.9999995551141677 0.0008820393945300852 -0.018296979367733 0.011618446125843652 -0.0008780954907580838 0.9999321180249839 0.9103922843933105
0.9998723830179593 0.000492660723059987 -0.015967935477048 -0.01985727995634079 -0.00046673800301822767 0.9999985673342916 0.0016271094003560943 -0.014394886791706085 0.01596871421322809 -0.0016194489112480897 0.9998711804785655 0.7505643963813782
0.9998120993292924 -0.003013998930051977 -0.019148938487624948 -0.024640344083309174 0.0032344280939200095 0.9999287477299925 0.011490776215485514 -0.002372213639318943 0.01911294089507053 -0.011550552955540793 0.9997506090104485 0.2035219669342041
0.9998567538488378 0.00027930052232810765 -0.016923172695530814 -0.020796997472643852 -0.0002634124940213738 0.9999995225150317 0.0009410544971319187 -0.014183922670781612 0.016923427451982824 -0.0009364619195706865 0.9998563500035146 0.6671019792556763
0.9998893204460271 9.366743659476434e-05 -0.01487743541049865 -0.016869783401489258 -8.976069617728235e-05 0.9999999613179249 0.0002632625422312024 -0.015109952539205551 0.014877459494136058 -0.0002618979954906715 0.9998892901758876 0.7075815200805664
0.999933399365777 -0.0016580606688322054 -0.011421368903079007 -0.014014670625329018 0.0017046208255124152 0.9999902725509816 0.004068054971958798 -0.01439528539776802 0.011414512720347629 -0.004087253140205659 0.9999264989293588 0.6692129969596863
0.9998907795288331 0.0004586903778667035 -0.01477222448921313 -0.01779288798570633 -0.00043409264850867066 0.9999985141730358 0.0016682971237742214 -0.014460942707955837 0.014772967772081763 -0.0016617023975234292 0.9998894929782726 0.6616485714912415
0.9998356980442203 0.00038525746614248644 -0.01812259620229485 -0.02085833065211773 -0.0003668720384495201 0.9999994147269244 0.001017816641704271 -0.013034719973802567 0.018122977717087613 -0.0010110007386286803 0.9998352542074982 0.6509529948234558
0.9998233600043207 -0.0032106231885243326 -0.01851865784585071 -0.022571412846446037 0.0033769201607430355 0.9999541948786974 0.008955699566416847 -0.004215477034449577 0.018489056219784326 -0.009016653660713686 0.9997884049922084 0.2403375506401062
0.9995815222807449 -0.00026647590515731847 -0.02892592791079987 -0.03023502230644226 0.00034521414904691196 0.9999962490771805 0.0027171048490739983 -0.005913079250603914 0.028925095368902733 -0.0027259534408228996 0.9995778649188559 0.5505931377410889
0.9997940494618528 0.0007117010122782988 -0.0202818180235325 -0.021539460867643356 -0.0006856641813557169 0.9999989320076961 0.0012906773795201053 -0.012294847518205643 0.020282714939104465 -0.0012765050476677075 0.9997934696773942 0.626457691192627
0.9998481206201494 0.0008329785461876927 -0.01740809694068491 -0.01926829293370247 -0.000808327914959191 0.999998660791646 0.0014230322891422961 -0.014056582935154438 0.01740925898298345 -0.0014087447091772427 0.9998474549350052 0.671057403087616
0.9998424746176375 0.000471549450658863 -0.01774270530652202 -0.021026914939284325 -0.0004491519118446284 0.9999990973531673 0.0012663156835507913 -0.014183479361236095 0.01774328642159021 -0.0012581470366788284 0.9998417839103321 0.7343563437461853
0.99987598648658 -0.0009137680021229037 -0.01572185343802572 -0.017621230334043503 0.0009375071336270674 0.9999984315740122 0.001502640971770458 -0.011914685368537903 0.01572045571422353 -0.0015171939737361282 0.9998752749191188 0.5711596608161926
0.9997463207469435 0.0007021552079431356 -0.02251224402437493 -0.02350531332194805 -0.0006433101610025732 0.9999963581216753 0.0026210485349203246 -0.010837143287062645 0.022514002420400445 -0.0026059012739579122 0.9997431314960679 0.5642503499984741
0.9998673225027536 0.0006167254286556294 -0.01627750106496952 -0.016644489020109177 -0.0005962852529285682 0.9999990277216827 0.0012605552689817048 -0.0126209557056427 0.016278262655196784 -0.0012506819878239054 0.999866718097714 0.5956745743751526
0.9998649327623548 0.00036603788191453765 -0.016431136552303795 -0.019119590520858765 -0.00034640464434041915 0.9999992227466641 0.0011977102695073724 -0.012842390686273575 0.016431562188478296 -0.0011918566760762612 0.9998642824112228 0.6346379518508911
0.999867350308028 0.0014548214203638924 -0.016222369821891257 -0.017714088782668114 -0.00142889094444346 0.9999976832184205 0.001609915668755322 -0.013002535328269005 0.01622467437800356 -0.001586522116601847 0.9998671126149222 0.6189441084861755
0.9998576641169711 0.0005454977501778083 -0.01686279747725826 -0.01919558085501194 -0.0005316880570224804 0.9999995196462411 0.0008234167214100371 -0.013460018672049046 0.016863238549119093 -0.0008143337716372472 0.9998574738662226 0.6722283959388733
0.9998701603324303 0.0013544314986878572 -0.016057023139909227 -0.017112966626882553 -0.0013248180966248082 0.9999974023608706 0.0018547583459616553 -0.013238425366580486 0.01605949357268384 -0.0018332448899209186 0.9998693574059376 0.6059314608573914
0.9998704676537042 0.00025155653035410097 -0.016092999511427706 -0.01821202039718628 -0.00023194185065975734 0.999999228061739 0.0012206878814855823 -0.01289041992276907 0.01609329416063376 -0.0012167971228308513 0.9998697541619214 0.6044225692749023
0.9998433949478319 -0.00040813392175744953 -0.01769234314317245 -0.01682802103459835 0.00045081526231395227 0.9999969979479694 0.0024084975914873455 -0.011353090405464172 0.01769130704027023 -0.0024160963869114213 0.9998405773589388 0.4935569763183594
0.9998388121812735 0.0008712033212947835 -0.017932949024445376 -0.017914660274982452 -0.0008379430934570077 0.9999979151599252 0.0018621297418572429 -0.012092395685613155 0.017934533930730374 -0.0018468027984456163 0.9998374576960554 0.5863660573959351
0.9998857605625046 8.844174428142968e-05 -0.015114827236837856 -0.019177386537194252 -7.599024241297233e-05 0.9999996573228696 0.0008243661967683449 -0.015355957671999931 0.0151148949657166 -0.0008231234422519784 0.999885424645231 0.7919226884841919
0.9999062378884729 6.006355725284794e-05 -0.013693495685543969 -0.017795167863368988 -5.4505951573477256e-05 0.9999999160030674 0.00040623018074186174 -0.016133731231093407 0.01369351893496205 -0.0004054457147296414 0.9999061571732372 0.8197509050369263
0.9999206206413898 0.0003374615617229055 -0.01259517907105505 -0.017068631947040558 -0.00032401818601646436 0.9999993757316181 0.0010693683130393048 -0.016871485859155655 0.01259553207898397 -0.001065202360193342 0.9999201057662451 0.8701642751693726
0.9993423514117323 -0.0038227861399961305 -0.036058993066883586 -0.03673189878463745 0.004477494194523801 0.9998262764954093 0.018093337864067877 0.003929648548364639 0.035983561811022975 -0.018242892738081867 0.999185858658908 0.11145433783531189
0.9989095631180074 0.0012111648154196368 -0.04667138085787981 -0.048239946365356445 -0.0009528442322442076 0.9999841072829244 0.005556731902984458 -0.005350228864699602 0.046677369240997926 -0.005506202081512796 0.9988948417823454 0.5646535754203796
0.9998266796011719 0.0005350734318082175 -0.01860979457486472 -0.02078482136130333 -0.0005070863661243662 0.9999987335311885 0.0015085753004051667 -0.012948849238455296 0.018610578204703427 -0.001498877060427149 0.9998256846803071 0.6785057187080383
0.9998952874285041 0.0006260647183821552 -0.014457600811958116 -0.01654716208577156 -0.0006156041682900792 0.9999995455441105 0.0007279718955898602 -0.01566566899418831 0.01445804999913608 -0.0007189955084573807 0.9998952184282519 0.7496496438980103
0.9999409280964994 0.0003837591025318439 -0.01086246042398975 -0.015122476033866405 -0.00037436153567046906 0.9999995539418912 0.0008671617261059817 -0.017186395823955536 0.010862788359906957 -0.0008630440138466932 0.999940625729387 0.8859337568283081
0.9998569955150187 0.0007745785703801353 -0.016893446886822046 -0.020529095083475113 -0.0007447109936992838 0.9999981487781651 0.0017742169479683652 -0.015340406447649002 0.016894789883731408 -0.001761382491369385 0.9998557213950938 0.8106594085693359
0.9998968499946348 0.0004930846793957369 -0.014354310791723343 -0.017169611528515816 -0.0004842422959973408 0.9999996908781194 0.000619478057817311 -0.015227188356220722 0.014354611809631329 -0.0006124631942370801 0.9998967796770976 0.7670177221298218
0.999912093517185 0.00021737097543045978 -0.01325737485099034 -0.01715005561709404 -0.0002114908026754533 0.9999998786499634 0.00044494010736982023 -0.01571464166045189 0.013257469959272562 -0.00044209718140131266 0.9999120181497778 0.7853248715400696
0.9999278853383008 0.00012930168374657386 -0.012008638721724274 -0.016528498381376266 -0.0001228115894581925 0.9999998460164319 0.0005411879768284106 -0.017036093398928642 0.012008706849107863 -0.0005396741492319017 0.9999277472455823 0.8561878204345703
0.9999221640191535 0.00017538006087200003 -0.012475381560791327 -0.01705840602517128 -0.00016934830036309902 0.9999998682672785 0.00048454780859530795 -0.01701774075627327 0.012475464897399528 -0.0004823974086776577 0.9999220619970007 0.865317702293396
0.9999371841991171 9.075202024975433e-05 -0.0112080069598112 -0.016018876805901527 -8.551863697050225e-05 0.999999887106786 0.0004674109299201221 -0.01805689185857773 0.011208048112989451 -0.0004664230756498589 0.999937079073984 0.8995423316955566
0.9998439477697 0.0008930578945767374 -0.017643201407282802 -0.021482542157173157 -0.0008581285138913586 0.9999976572519335 0.001987235793257279 -0.01556104514747858 0.017644934790320373 -0.001971785546475692 0.9998423717456686 0.7974448204040527
0.9999185338985067 5.050173897367212e-05 -0.012764130046136642 -0.017089761793613434 -4.8330089130750645e-05 0.9999999843062961 0.00017044532658666643 -0.017616096884012222 0.01276413845360556 -0.00016981454952758545 0.9999185206468352 0.8794164657592773
0.9999028890251778 0.000162313414045626 -0.013935069912230348 -0.018630094826221466 -0.00015003093827470305 0.9999995993876735 0.0008824484178615567 -0.016928156837821007 0.013935207562884994 -0.0008802720308216124 0.9999025128037888 0.8547160625457764
0.9999087522599244 6.396361392815301e-05 -0.013508629192382755 -0.018449334427714348 -5.0936472294182274e-05 0.9999995333806522 0.0009646988928116807 -0.01699018105864525 0.013508684594622547 -0.0009639227843012679 0.9999082889412353 0.8506595492362976
0.9997882543856718 0.00016073662403577369 -0.02057718533202908 -0.02494230307638645 -0.0001315224629926794 0.9999989816148291 0.0014210809779950028 -0.01351868361234665 0.020577392796287567 -0.0014180737082339818 0.9997872573566163 0.7651746869087219
0.9998661077111574 0.0007431227160805343 -0.016346694441660953 -0.01823858544230461 -0.000721065325965361 0.9999988217465829 0.001355201181147264 -0.013742508366703987 0.01634768226189494 -0.0013432326956032456 0.9998654654555229 0.651458740234375
0.9999129566148345 0.0006902213940768797 -0.013175841081583 -0.015406684018671513 -0.0006757923055429504 0.9999991671602106 0.0010995379232588282 -0.015286251902580261 0.013176589032816521 -0.0010905380837338795 0.9999125902938456 0.6936557292938232
0.9998161106421993 -0.002884405167726122 -0.018958510150690285 -0.02170996367931366 0.002948690934712702 0.9999899950289 0.0033637871324116273 -0.010547444224357605 0.018948617946356265 -0.003419071354773069 0.999814612730277 0.5883376598358154
0.9997743713386983 0.0008736252835344116 -0.021223647028121576 -0.02149462327361107 -0.0008165129606560458 0.9999960230153483 0.0026994925581996392 -0.009868880733847618 0.021225920966954654 -0.002681554092436689 0.9997711085777352 0.577936589717865
0.9998612624224191 0.000441717238085941 -0.0166511498980568 -0.018732378259301186 -0.0004239855365089469 0.9999993393693982 0.0010684086444630446 -0.013253792189061642 0.0166516108323132 -0.0010612005693128271 0.9998607891651919 0.623256504535675
0.9998526273448668 0.0004342003702490664 -0.017162023820200205 -0.018737412989139557 -0.0004074451544413816 0.9999986963782107 0.0015624437030142546 -0.01261964812874794 0.017162679861046345 -0.0015552208580912972 0.9998515008280328 0.5876906514167786
0.9998251249829709 -0.0007632515598327615 -0.018685205373302455 -0.01786857657134533 0.0008028620051509781 0.9999974464317285 0.0021124731057416135 -0.011649039573967457 0.018683545310961808 -0.0021271053284239415 0.9998231846469328 0.503383994102478
0.9997785687442436 -0.0004806217471832443 -0.021037644412989717 -0.01894565485417843 0.0005493748984913238 0.9999945273088227 0.003262443811743621 -0.009899313561618328 0.021035961279013863 -0.003273278958477435 0.9997733613064149 0.44932812452316284
0.9997263955055106 -0.0025320330951263573 -0.023253450022840686 -0.021091025322675705 0.002625777672866625 0.9999885454646082 0.0040017785033506425 -0.009283686056733131 0.02324305102976457 -0.00406174198865327 0.9997215926600992 0.39019376039505005
0.9997407972010136 -0.0018263458012951494 -0.02269367473319323 -0.02059401385486126 0.0019131394362186824 0.9999909367851522 0.0038034517285536183 -0.009518138132989407 0.022686522637448563 -0.0038458820273045585 0.999735230389553 0.40755653381347656
0.9997466534485298 -0.002612977793576418 -0.022356235495160626 -0.02086537331342697 0.002701007476379638 0.9999887148103724 0.003908300207447307 -0.009868725202977657 0.022345770899151022 -0.003967694412283773 0.9997424287905224 0.3984801173210144
0.9997596734059282 -0.002423166677275829 -0.021788154913306934 -0.020443158224225044 0.0025041255501835856 0.999990059480552 0.0036892133729755114 -0.010015001520514488 0.021778998748818522 -0.0037428870323005493 0.9997558031890401 0.4095671772956848
0.9998098369068754 0.00039694712874301184 -0.01949698584971552 -0.017498765140771866 -0.00034122178847064517 0.9999958479842437 0.002861395108064087 -0.010079573839902878 0.01949804072049542 -0.0028541981799382597 0.9998058211276885 0.4780814051628113
0.9998505322455334 -0.00138401744980126 -0.017233620165897714 -0.0171845443546772 0.0014250492275881292 0.9999961788565338 0.002368861969514469 -0.011909835040569305 0.017230275767460636 -0.0023930666581412035 0.9998486839662026 0.4876087009906769
0.9997787414915429 -0.0011310373710456823 -0.021004495139178 -0.01911325938999653 0.001194111518616108 0.9999948152252127 0.002990588633276159 -0.010272243991494179 0.02100100376809553 -0.0030150086496841606 0.999774908448684 0.4478025436401367
0.9997577311217644 -0.003672568119522172 -0.02170233410648469 -0.020543668419122696 0.0037429260307762753 0.9999878680687986 0.003202221095946626 -0.010539722628891468 0.021690310440151763 -0.003282675528689614 0.9997593482805666 0.4074975848197937
0.9998442275646737 0.0011022940815371086 -0.01761549185684383 -0.017311127856373787 -0.0010706080462358884 0.9999977923042696 0.001808088769406152 -0.012609180063009262 0.017617446012747076 -0.0017889478316949162 0.9998432003377545 0.5890837907791138
0.9999288512517851 0.0001171024703867003 -0.011928064440528496 -0.016244687139987946 -0.00011103347564607154 0.9999998640607296 0.0005094605872482455 -0.017051154747605324 0.011928122478129447 -0.0005080999253126357 0.9999287283244807 0.8617243766784668
0.9989399975090815 -0.0009392546190572198 -0.04602172505802848 -0.043257925659418106 0.0020432862785049926 0.9997111128117859 0.023948192036242384 0.006188131868839264 0.04598593652129159 -0.02401684245235517 0.9986533357080817 0.18636620044708252
0.9960815305754452 0.0016616633755273766 -0.08842411052029327 -0.09578217566013336 -0.0009452794151569037 0.9999663989277033 0.008142939419446753 -0.0022757789120078087 0.08843467019956532 -0.008027446068827257 0.9960496319041068 0.6042426824569702
0.9998692562804878 0.000588805010240289 -0.016159320956149435 -0.020522519946098328 -0.0005645149581192799 0.9999987041100867 0.0015076806721020576 -0.014903374016284943 0.016160187745381978 -0.0014983613739303538 0.9998682929492398 0.7234737873077393
0.9998357214279074 0.0005843024433315216 -0.0181159804424397 -0.017197849228978157 -0.0005423682784065155 0.9999971626706046 0.0023195877632098856 -0.011250579729676247 0.01811728438223343 -0.00230938117152009 0.9998332014717346 0.5307942628860474
0.9994203635818846 -0.010506018309195645 -0.03238148293609055 -0.029889993369579315 0.010654164063841872 0.9999335363568251 0.0044058662070515535 -0.004962850362062454 0.03233304263372406 -0.004748310038376208 0.9994658713061817 0.19336822628974915
0.9997903549876265 -0.0030440794829238184 -0.020247954311915756 -0.021846557036042213 0.0030845957771110295 0.9999933020118598 0.0019700762191146724 -0.011699903756380081 0.02024182162275951 -0.002032119956827012 0.9997930481584043 0.4889622628688812
0.9995013659654371 -0.001912845792450541 -0.0315176213283847 -0.031630128622055054 0.001992900848246504 0.9999948671420997 0.002508791673943512 -0.009307035245001316 0.031512660621315434 -0.0025703521993093057 0.9995000477789568 0.4394770860671997
0.9996177644020208 -0.00028152693054760494 -0.027644996554404902 -0.02796422317624092 0.00034924928756732265 0.9999969501984189 0.0024449169301831155 -0.006434319540858269 0.027644223932691912 -0.002453637391249725 0.9996148140892626 0.5433825254440308
0.9998522441894703 -0.0006144131578042643 -0.01717883249092078 -0.018571089953184128 0.000643938641427886 0.9999983250840293 0.0017132344153010129 -0.012659195810556412 0.01717775108405272 -0.0017240433890168736 0.9998509651653524 0.5590826272964478
0.9996147534721266 -0.006108725278696647 -0.027074491986543475 -0.026585232466459274 0.006187696210082677 0.999976840212972 0.0028339818793336508 -0.00861277524381876 0.027056552930329516 -0.00300041882910963 0.9996294015435814 0.3445119857788086
0.9998372741363037 0.001117488711343069 -0.018004901184562296 -0.01705901138484478 -0.0010819487461217131 0.9999974475042361 0.001983525125423226 -0.012290454469621181 0.018007071794064623 -0.0019637219743233454 0.999835931121407 0.5822576880455017
0.9998254753814352 -0.002648939082326648 -0.018493293379632764 -0.018467046320438385 0.0027060202126292384 0.9999916500224498 0.0030622442729098284 -0.011501437984406948 0.018485027262514074 -0.0031117530615795154 0.9998242949438605 0.4387053847312927
0.9998267709898013 0.0007074647651945866 -0.018599126477153945 -0.0185001902282238 -0.0006663379019521635 0.9999973197177421 0.0022173297301373287 -0.011935368180274963 0.01860064530890213 -0.0022045523213879634 0.9998245625824335 0.5713920593261719
0.9998278359651983 0.0005772832242917646 -0.0185462981003664 -0.021396558731794357 -0.0005531167490995661 0.9999989914177353 0.0013081381327165692 -0.0140141686424613 0.01854703456109813 -0.0012976546502644567 0.9998271468615954 0.709425687789917
0.9998712788412358 0.00026964717005121045 -0.016042226740544233 -0.020075328648090363 -0.0002549984736603054 0.9999995487177971 0.0009151721042468385 -0.015595200471580029 0.01604246627454083 -0.00091096355890016 0.9998708963767393 0.7849799394607544
0.9999131009976356 0.0001431783741627565 -0.013182183174492186 -0.017390593886375427 -0.0001364708936671882 0.9999998607768351 0.0005097273841054924 -0.01703503355383873 0.013182254321165045 -0.0005078841049860282 0.9999129813262495 0.860590934753418
0.9999578477671971 0.00027593912380466287 -0.009177502187144854 -0.01446913368999958 -0.0002722974826809489 0.999999883705903 0.00039804806427846706 -0.01929214969277382 0.009177610956889614 -0.0003955322749209364 0.9999578066155309 0.9686203002929688
0.9999636440351463 0.0004104816411232228 -0.008517165771170778 -0.013879163190722466 -0.0004047739863096875 0.9999996923888029 0.0006718484349541612 -0.020071756094694138 0.008517438932643387 -0.0006683764821148157 0.999963502587423 0.9956798553466797
0.9999661556588665 0.000470496224181902 -0.008213779284275599 -0.013385815545916557 -0.00046379556168044865 0.999999558155566 0.0008176688510949505 -0.020020820200443268 0.008214160365170009 -0.0008138316632547498 0.9999659320434469 1.0035821199417114
0.9999630210568856 0.0003764630699193614 -0.008591553662975461 -0.014195776544511318 -0.00037170699442427065 0.9999997768123948 0.0005551658049412579 -0.01989256590604782 0.008591760744870416 -0.0005519517349070385 0.9999629378114898 0.9938102960586548
0.999953028517475 0.0005342299327265518 -0.009677569793535883 -0.01486361213028431 -0.0005239143940804845 0.9999992919892953 0.0010684262332335435 -0.01953386887907982 0.009678133726987576 -0.001063305829554848 0.999952600430778 0.9721901416778564
0.9999381719328718 0.0003717257465421425 -0.011113691174228538 -0.015858119353652 -0.00035970418488104306 0.9999993481373219 0.0010836686905045213 -0.01810116320848465 0.011114086757181027 -0.0010796040481391345 0.9999376538218037 0.9175226092338562
0.999884985415292 0.0005480421807044729 -0.015156371294920302 -0.01953553967177868 -0.0005256695393357408 0.999998766537793 0.0014800656837097189 -0.016633274033665657 0.015157163738533999 -0.001471928211853164 0.9998840401840318 0.8542360067367554
0.9999236861923495 0.00018836005315689994 -0.012352583211375319 -0.01694115623831749 -0.00018103327797854316 0.999999807045406 0.0005942525580733079 -0.01756061613559723 0.012352692761331068 -0.0005919709797676374 0.9999235273519186 0.8793163299560547
0.9999461690476241 3.189185102952315e-05 -0.010375836828431548 -0.015083842910826206 -3.100795845970263e-05 0.999999995877074 8.53484534222148e-05 -0.018638689070940018 0.010375839507572902 -8.50221255163226e-05 0.9999461659138212 0.9436153769493103
0.9999868993271543 0.00042243366025662953 -0.005101247285339489 -0.00988350622355938 -0.00042045316621701633 0.9999998358309856 0.00038930339922560675 -0.02103680744767189 0.005101410902732635 -0.0003871534635163589 0.9999869127738608 1.0553736686706543
0.9999984880009585 0.0003777520317398518 -0.001697439012044397 -0.006817563436925411 -0.00037757364314643495 0.9999999231632231 0.00010541201061436463 -0.02241155318915844 0.0016974787012198336 -0.00010477094299970912 0.9999985537935085 1.1195402145385742
0.999999222237517 0.000574141858932823 -0.001107197130977744 -0.006509145721793175 -0.0005733639906433454 0.9999995887009827 0.00070274575748695 -0.022858045995235443 0.0011076001513442128 -0.0007021103839522185 0.999999140131087 1.1404087543487549
0.9999986138315256 0.0005174366805337258 -0.0015825910112663593 -0.0066647715866565704 -0.0005168075497653049 0.9999997872866857 0.00039791524190355246 -0.02253400906920433 0.0015827965705700847 -0.0003970967953431755 0.9999986685336891 1.1263600587844849
0.9999984183627496 0.0005455159646213506 -0.0016928332261206488 -0.007036713883280754 -0.0005444052216890664 0.9999996362917987 0.0006565357756941332 -0.022521432489156723 0.0016931907611703074 -0.0006556131500449454 0.9999983516368632 1.121765375137329
0.9999946567785398 0.00045658438998840377 -0.0032369654099908703 -0.00820667203515768 -0.0004557262778187531 0.999999860823881 0.00026583035696923726 -0.0218656063079834 0.0032370863334739634 -0.0002643537663810459 0.9999947256806688 1.0927174091339111
0.9999979587333434 0.0005416938786614568 -0.001946560270961834 -0.007106179837137461 -0.0005405279512229994 0.9999996742480156 0.0005994442400228171 -0.022349143400788307 0.0019468843521413819 -0.0005983908461620823 0.9999979257827063 1.1130828857421875
0.9999927398601572 0.0005451718908836056 -0.0037713412183831654 -0.00899769738316536 -0.0005429982070888219 0.9999996858990519 0.0005773688119440921 -0.02167590707540512 0.003771654799048257 -0.0005753167886458742 0.9999927217888487 1.0848274230957031
0.9999955317135583 0.0003813698736111048 -0.0029649805965154563 -0.008023901842534542 -0.0003812966762824923 0.9999999269875749 2.525251825596236e-05 -0.022412296384572983 0.002964990010584728 -2.4121868173783987e-05 0.9999956041165246 1.1110869646072388
0.9999995053333608 0.0005790240046671756 0.0008087423791193743 -0.003888445906341076 -0.0005791792523130631 0.9999998138934136 0.00019174079338210424 -0.023695554584264755 -0.0008086312060850486 -0.00019220910534078264 0.9999996545855565 1.1817479133605957
0.9999981587484056 0.0006129793201574327 0.0018184488312547493 -0.0031274892389774323 -0.0006139981773117104 0.9999996548241028 0.0005597838098854927 -0.023570585995912552 -0.0018181050676708234 -0.0005608993034505852 0.999998189941329 1.1745281219482422
0.9999967929672642 0.00045099476710049253 0.0024921193604496147 -0.0026791365817189217 -0.0004507486845049258 0.9999998934820563 -9.93050839561916e-05 -0.0241420678794384 -0.0024921638810673956 9.818144595818459e-05 0.99999688973496 1.1966698169708252
0.9999990195101619 0.0007887846253586494 0.0011570641857372218 -0.004327884875237942 -0.0007900559704651773 0.9999990843095189 0.0010987227527402149 -0.02378736063838005 -0.0011561964706096675 -0.001099635820921874 0.9999987270045813 1.1795318126678467
0.9999998967246917 0.00041851332909858245 0.0001771925489561202 -0.005575906485319138 -0.00041853799294175195 0.999999902727693 0.00013917813379580972 -0.023765940219163895 -0.0001771342838160796 -0.00013925228123594938 0.9999999746161236 1.1695847511291504
0.9999947252519692 0.000647458885674867 0.0031828077587917167 -0.0018050344660878181 -0.0006475617656744903 0.9999997898422243 3.1293232435801204e-05 -0.025297576561570168 -0.003182786828818516 -3.335413198397068e-05 0.9999949343649215 1.252932071685791
0.99998854179198 0.0007752885203912638 0.004723898015316145 -0.0006122821941971779 -0.0007777526238612019 0.9999995624489358 0.000519810342844297 -0.02579670026898384 -0.004723492945377954 -0.0005234784108255228 0.9999887072286107 1.2745001316070557
0.9999938639345617 0.0007979913988164443 0.00341105598787657 -0.00200548954308033 -0.000801287238155629 0.9999992133901606 0.0009649651919644028 -0.024839963763952255 -0.003410283270783023 -0.0009676925065065592 0.9999937167498731 1.2274284362792969
0.9999998276657974 0.0005848968371625097 -5.063659921994471e-05 -0.004905907437205315 -0.000584873803952628 0.9999997260399698 0.00045369881945234934 -0.022858256474137306 5.0901952352062506e-05 -0.0004536691252441201 0.9999998957966525 1.1400625705718994
0.9998595198937431 -0.0009381852291128032 -0.016735001832358022 -0.019632935523986816 0.000960698662456787 0.9999986443402221 0.0013373016852921919 -0.017266977578401566 0.01673372450870115 -0.001353191114885903 0.9998590657377033 0.6661653518676758
0.9998284671430635 -0.0019041745120274467 -0.01842309446808718 -0.025707753375172615 0.0018830438500052988 0.9999975493364764 -0.0011642452064505918 -0.02047465741634369 0.018425266245329447 0.0011293540054079561 0.9998296025440133 0.9032593965530396
0.9999972646053379 0.0005250422270776148 0.002279278943341665 -0.0028998199850320816 -0.0005255631543929406 0.9999998359096492 0.00022795623526449357 -0.023949824273586273 -0.002279158882684544 -0.00022915351674542846 0.999997376458285 1.186880111694336
0.999999230327612 0.0005245257311443132 0.0011243740220707261 -0.0038769878447055817 -0.0005246264658070894 0.9999998583963964 8.929870757803663e-05 -0.023742008954286575 -0.0011243270233854297 -8.988851521673138e-05 0.9999993639041976 1.1781222820281982
0.9999996372903325 0.0005790436983523921 0.0006246019523780355 -0.004656294360756874 -0.0005794048507996326 0.9999996649952712 0.0005781862712755584 -0.02348395437002182 -0.0006242669480165719 -0.0005785479589628348 0.9999996377864527 1.1628787517547607
0.9999981937517751 0.0005587239921745169 -0.0018166784766881345 -0.0068971505388617516 -0.000557592823358561 0.9999996504154132 0.0006231045615573602 -0.022281931713223457 0.0018170259850735155 -0.0006220904691949008 0.9999981557083081 1.1102385520935059
0.9999979755786749 0.000446556723478188 -0.0019619953221809167 -0.006875408347696066 -0.0004459776845862123 0.9999998568755181 0.00029555515191883783 -0.022064659744501114 0.001962127023511601 -0.0002946795474597304 0.9999980316088165 1.096660852432251
0.9999996317122601 0.0004960569127656968 -0.000700359110202188 -0.0056372229009866714 -0.0004959253675980579 0.9999998593595463 0.00018798648191275358 -0.0227075032889843 0.0007004522636972244 -0.0001876390868304594 0.9999997370790651 1.1275944709777832
0.9999997873574589 0.0006154621344237869 0.00021561863981643282 -0.004525517113506794 -0.000615596833055785 0.9999996150830868 0.0006251993418705192 -0.02290855348110199 -0.00021523377029978363 -0.0006253319430783613 0.9999997813171684 1.1424400806427002
0.9999977995381308 0.0004766855166492602 0.00204296104090226 -0.0025683045387268066 -0.00047710265346783104 0.9999998654396799 0.0002036999761611336 -0.023284826427698135 -0.002042863665172391 -0.00020467423006064915 0.9999978924060317 1.1632999181747437
0.9999959627210349 0.0004597474157806198 0.002804135150868176 -0.001975039020180702 -0.0004599692523656271 0.9999998911356713 7.846612202190642e-05 -0.023604009300470352 -0.00280409877100106 -7.975562118115951e-05 0.9999960653268208 1.177865743637085
0.9999962168008921 0.0004448549488612232 0.0027144958975159465 -0.0024454686790704727 -0.0004449243512184593 0.999999900709568 2.4963489438140713e-05 -0.024014167487621307 -0.0027144845228606585 -2.6171140322377193e-05 0.9999963154376352 1.1918272972106934
0.9999899643663157 0.0005462977535072292 0.004446653282989538 -0.0006423201411962509 -0.0005465302165386714 0.9999998493486222 5.1063246997324424e-05 -0.02498728223145008 -0.004446624717357973 -5.349296492690749e-05 0.9999901122846794 1.234330177307129
0.9999962475127223 0.0006248969007769193 0.0026672953224800336 -0.002623339183628559 -0.0006260288602698089 0.9999997143377136 0.00042357095875790115 -0.02426617592573166 -0.002667029872354967 -0.00042523917316400245 0.9999963530550026 1.1976258754730225
0.9999977831656289 0.0005358493280368693 0.002036302857030112 -0.00351773202419281 -0.0005365405807921479 0.9999997986241259 0.00033893349332673876 -0.024374229833483696 -0.002036120829683196 -0.0003400253010849009 0.9999978692951108 1.2020573616027832
0.9999971321084945 0.0007253780411262088 0.0022824551438808557 -0.002855895087122917 -0.0007249024413157209 0.9999997153774526 -0.0002091924103638356 -0.025072023272514343 -0.0022826062378235065 0.00020753725311670602 0.9999973733150761 1.2377933263778687
0.9999986435118722 0.0008049521007257683 -0.0014370200175896845 -0.007821029052138329 -0.0008033066839429981 0.9999990215724824 0.001145230303906766 -0.023499343544244766 0.0014379404671087009 -0.0011440743826303657 0.9999983117090847 1.1819355487823486
0.9999866262905527 0.0009488181507441816 -0.0050839929342531825 -0.011079377494752407 -0.000938449000602651 0.9999974756583165 0.0020415656903568086 -0.021455060690641403 0.005085917175100848 -0.0020367673189622274 0.9999849924000742 1.0777549743652344
0.9999293526824815 0.0006079471223224321 -0.01187097486687218 -0.015420910902321339 -0.0006087770441169009 0.999999812497495 -6.629845735246194e-05 -0.01827118545770645 0.011870932335078294 7.352055053453484e-05 0.9999295352974752 0.8834140300750732
0.9999814670033534 0.0004261413401711793 -0.006073224298504161 -0.011003381572663784 -0.00042277956674929027 0.9999997567198357 0.0005548132189480443 -0.020403793081641197 0.006073459249857822 -0.000552235301458825 0.9999814038915487 1.0205212831497192
0.9999828235197689 0.0003671853927828989 -0.005849601723052744 -0.011186636053025723 -0.0003652679928319919 0.9999998792191476 0.0003288479646091724 -0.020583592355251312 0.005849721764701912 -0.00032670564387836317 0.9999828368620624 1.0286427736282349
0.9999929593765262 0.0003964371614363564 -0.0037314923227174464 -0.009037235751748085 -0.00039590978025761205 0.9999999115357597 0.00014207011942567836 -0.022284600883722305 0.0037315483144886824 -0.00014059178485794057 0.9999930278662581 1.1010596752166748
0.9999995621676112 0.0005445400750962871 0.0007610129382814387 -0.0038154376670718193 -0.0005444819460176937 0.9999998488367626 -7.658891597218117e-05 -0.023858319967985153 -0.0007610545289783143 7.617452463349303e-05 0.99999970749668 1.1877820491790771
0.9999905463481417 0.0007016469568181528 0.004291259243273438 -0.0017511937767267227 -0.0007051546214666709 0.999999418499972 0.0008159391384787569 -0.025439966470003128 -0.004290684246692605 -0.00081895742616151 0.9999904596232052 1.2519906759262085
0.9999998365054034 0.0005711087624802733 -2.8704494393390307e-05 -0.005709596909582615 -0.0005710924991567521 0.999999678201149 0.0005634278623291794 -0.023705601692199707 2.902626374551871e-05 -0.0005634113772903281 0.9999998408625353 1.1744508743286133
0.999998920349374 0.000397757347560514 0.0014145985929350721 -0.00374432560056448 -0.00039738655809015114 0.9999998866182771 -0.0002623877985242188 -0.024849440902471542 -0.0014147027992202194 0.00026182537277114217 0.9999989650311967 1.228355884552002
0.9999975223309544 0.0008871350834154479 0.0020416472016573112 -0.004425203427672386 -0.0008901034520332373 0.9999985475844633 0.0014534595998703366 -0.02512890100479126 -0.0020403548213338233 -0.0014552732759005062 0.9999968595610166 1.2398074865341187
0.9999897105564504 0.0007732190083855069 -0.004470001520351409 -0.00970967672765255 -0.0007674516250106069 0.9999988711176396 0.0012918132411103402 -0.02185645140707493 0.004470995328798851 -0.0012883694391403254 0.99998917509389 1.0948607921600342
0.999996564403783 0.00042337795182787385 -0.002586876831307106 -0.0071493471041321754 -0.0004231066642818202 0.9999999049339936 0.00010541704868102045 -0.0218607559800148 0.0025869212166372154 -0.00010432216168360454 0.9999966484721363 1.0941424369812012
0.9999992529652888 0.00043156819360575037 0.0011435986002685512 -0.0037133777514100075 -0.0004314753881095951 0.9999999036017025 -8.139763443772974e-05 -0.023678451776504517 -0.0011436336186576512 8.090413898097893e-05 0.9999993427781173 1.178718090057373
0.9999975592331936 0.0006953712335649581 0.002097137692928031 -0.0033095097169280052 -0.0006970400555052379 0.9999994409469085 0.0007951358573691652 -0.024309556931257248 -0.0020965836059147302 -0.0007965957056018387 0.9999974848830697 1.208900809288025
0.9999986241426091 0.0005183800660919201 -0.0015757521999770323 -0.00748432008549571 -0.0005172588091210031 0.9999996128253223 0.0007118936223943309 -0.022756770253181458 0.0015761206213487095 -0.000711077571223799 0.9999985051051199 1.1287758350372314
0.9999917315336992 0.0005572018768196547 -0.004028199387086115 -0.009655468165874481 -0.0005547286821007181 0.9999996569876628 0.0006150614974957287 -0.02235601097345352 0.0040285407187847936 -0.0006128218541432268 0.9999916976200612 1.111783504486084
0.9999849349966159 0.0006550603844207535 -0.005449832631054732 -0.01089138351380825 -0.0006494027400907305 0.999999248507704 0.0010398365776181754 -0.02150881290435791 0.0054505096912957655 -0.0010362817762329718 0.9999846089136498 1.0733311176300049
0.9999938543386314 0.00045933848397019936 -0.003475671607761155 -0.008871074765920639 -0.00045855016767427443 0.9999998689642405 0.00022760326333544784 -0.022419605404138565 0.0034757756992618133 -0.00022600809476434544 0.9999939339334162 1.1128286123275757
