0.9998664259290374 0.0010929344500003072 -0.016307537955832428 -0.027306532487273216 -0.0011141762388919836 0.9999985426734811 -0.00129354637439249 -0.024158433079719543 0.01630610042902966 0.0013115430614425011 0.9998661865187743 1.2930495738983154
0.9998917945338515 0.0015064960471173848 -0.014633171000648326 -0.02769049070775509 -0.0015182475316021617 0.9999985338324353 -0.0007919958413674129 -0.025562060996890068 0.01463195640736328 0.0008141269188394568 0.9998926157588389 1.387986183166504
0.9998811786169173 0.0012464940160368068 -0.015364729099871986 -0.027516568079590797 -0.0012638295592549225 0.9999985757215887 -0.001118610584326178 -0.024748267605900764 0.015363312874820394 0.0011378960682757798 0.9998813298637236 1.368545413017273
0.999860149911934 0.0008452204061537334 -0.016702281896495353 -0.026579609140753746 -0.0008770428580609793 0.9999978141123966 -0.0018980427428762524 -0.02419498935341835 0.016700641122726376 0.0019124259184821505 0.9998587056245478 1.2943987846374512
0.9998985995532977 0.001302691224678772 -0.014180747756266272 -0.02613219991326332 -0.0013179050321396753 0.9999985659849507 -0.001063557411779593 -0.02611154317855835 0.014179341933953316 0.0010821384454104317 0.9998988825069788 1.4089655876159668
0.9998568449523996 0.002049370629948977 -0.01679552564984218 -0.02486131340265274 -0.002034971643328077 0.9999975471925867 0.0008743564612418256 -0.0229557603597641 0.016797276334104126 -0.0008400528742687786 0.9998585629072365 1.277348518371582
0.9998806944144785 0.0007877724468270518 -0.01542648215869322 -0.025106603279709816 -0.0008106210363797067 0.9999985837353366 -0.0014749307972803769 -0.022206567227840424 0.015425298400868582 0.0014872598607531765 0.9998799169037005 1.1557977199554443
0.9998938653382765 0.0011788341394963718 -0.014521308789226734 -0.02446785755455494 -0.001179338392536323 0.9999993042380142 -2.6161866819163298e-05 -0.022270221263170242 0.014521267845350338 4.328462710328863e-05 0.9998945598944944 1.1983861923217773
0.9998883883571473 0.0011366130413881259 -0.014896943959777049 -0.026082098484039307 -0.0011431851738593997 0.9999992529639756 -0.0004326651697304696 -0.022285625338554382 0.014896441058348787 0.00044964684473070227 0.9998889407636781 1.220778465270996
0.9999331512606854 0.0009685138933022143 -0.01152193519830557 -0.025335140526294708 -0.00100079354671859 0.9999955899778142 -0.0027961468488347154 -0.02619652822613716 0.011519176279244911 0.0028074910083351057 0.9999297108157583 1.4081697463989258
0.9998807161119566 0.0015332474932442939 -0.015368887388645388 -0.02719000354409218 -0.001543123277325349 0.9999986104648482 -0.0006307447372706876 -0.02523154765367508 0.015367898945248822 0.0006543855874620739 0.9998816927324509 1.3697590827941895
0.9998946961065955 0.0014026971835484512 -0.014444000086900026 -0.025359245017170906 -0.0014056574729299823 0.9999989930896511 -0.0001947992626849224 -0.024036714807152748 0.014443712298709733 0.0002150820662252817 0.9998956610140565 1.297559142112732
0.9998870487831527 0.0010714943582419405 -0.014991383377053058 -0.026105578988790512 -0.0010907251982441549 0.9999985927594647 -0.0012746755008193956 -0.024904314428567886 0.014989996472962971 0.001290883004276383 0.9998868104074631 1.3243368864059448
0.9998961515066952 0.0015340841898039328 -0.014329437804706458 -0.027953021228313446 -0.0015499928831743952 0.9999981946712656 -0.001099170720152556 -0.025902625173330307 0.014327725714936956 0.0011212670995465685 0.9998967241850177 1.4049509763717651
0.9998641236132634 0.001457150902463735 -0.016419836245487034 -0.027751009911298752 -0.0014634234553153075 0.9999988607445971 -0.00037000175497530185 -0.02415226772427559 0.016419278390708697 0.0003939806539678317 0.9998651169414667 1.3388841152191162
0.9998798406369306 0.0008471395226790317 -0.015478586579371952 -0.02554284781217575 -0.0008729528462814818 0.999998239515772 -0.0016609993030295897 -0.02335377410054207 0.015477152231407672 0.0016743117946221564 0.9998788198770989 1.2705084085464478
0.9999098090965214 0.001180061141392462 -0.013378382871665878 -0.025715095922350883 -0.0012056239330237428 0.9999974628141098 -0.0019028495146374605 -0.025003600865602493 0.013376103449451482 0.001918807193495787 0.9999086948494167 1.3339762687683105
0.9999397659759628 0.0010231348850597355 -0.01092783670009461 -0.023657219484448433 -0.0010515651167250287 0.9999960769572243 -0.0025962051087796132 -0.02805573120713234 0.010925137561708227 0.002607540060773772 0.9999369190624424 1.5372076034545898
0.9999013790295288 0.0012428121825886161 -0.013988839577512029 -0.024711444973945618 -0.0012487399944384606 0.9999991342004355 -0.0004150262710358307 -0.02320047654211521 0.013988311666275078 0.000432453764198433 0.9999020652646283 1.252812385559082
0.9999178301411102 0.0010747742237834136 -0.01277410765031726 -0.024417797103524208 -0.001091186866896767 0.9999985880938149 -0.0012779364609822063 -0.024454928934574127 0.01277271612130776 0.0012917703916278888 0.9999175911304591 1.3140499591827393
0.9999346976140776 0.001048679127056934 -0.01137984092734422 -0.023505140095949173 -0.0010682047161896574 0.9999979676522665 -0.0017098625737372952 -0.026073455810546875 0.011378024702359086 0.001721906915379708 0.9999337856030505 1.384413719177246
0.9999439949598767 0.0012846693774514117 -0.010505073453927415 -0.023050621151924133 -0.001293059821304286 0.9999988504043397 -0.0007919509437538661 -0.025810685008764267 0.010504043982214677 0.0008054902789126094 0.9999445065829553 1.388491153717041
0.9999352682751986 0.0009159433374513152 -0.011341089330795345 -0.022766586393117905 -0.0009357877393939514 0.999998040340725 -0.001744596233039839 -0.024776248261332512 0.011339469154828256 0.0017550961546637222 0.999934165871321 1.3199183940887451
0.9999300056226502 0.0010671599100466626 -0.011783251894657752 -0.022538937628269196 -0.001079491493456847 0.9999988763151935 -0.0010402242382834613 -0.023863360285758972 0.011782128568392072 0.001052871348621141 0.9999300340065403 1.3018615245819092
0.9998933772494099 0.0017653999957678887 -0.014495430163476946 -0.020363837480545044 -0.0017532107837991027 0.9999980988377996 0.000853564721684012 -0.02002990059554577 0.014496909488469089 -0.0008280601677871648 0.9998945714082269 1.1150269508361816
0.999926686246467 0.0002713670187080525 -0.01210572146140961 -0.01567159593105316 -0.0002714235125605315 0.9999999631600663 -3.023758082961938e-06 -0.01593293994665146 0.012105720194887417 6.3093138410423055e-06 0.9999267230646234 0.7891250252723694
0.9999553199486273 0.00015503345308514907 -0.009451670279215863 -0.0134212551638484 -0.00015470063287872983 0.9999999873878737 3.594394147341536e-05 -0.01725531928241253 0.009451675732523568 -3.4480156122308016e-05 0.9999553313208377 0.8636259436607361
0.9999923017335951 -2.290253802157007e-05 -0.003923767197494246 -0.008227089419960976 1.88055613668992e-05 0.9999994546698306 -0.001044177375778991 -0.020847659558057785 0.003923788972057665 0.0010440955487785563 0.999991756838319 1.0317881107330322
0.9999988251350388 0.00057577799566555 -0.0014206365621826373 -0.006109676323831081 -0.0005750979291438965 0.9999997198782816 0.0004790675632707505 -0.02210157737135887 0.0014209120007928507 -0.00047824999528607896 0.9999988761423825 1.0987753868103027
0.9999939885956414 0.0003510881192156284 -0.0034495665978356055 -0.008103601634502411 -0.00035031888191786823 0.9999999136405183 0.00022359704170076257 -0.020745975896716118 0.003449644802197655 -0.00022238724925487653 0.9999940252294761 1.034708023071289
0.9999876213787385 0.00039937000824815104 -0.004959596040912521 -0.00936918705701828 -0.00039722014699583287 0.999999826733558 0.00043445253905364693 -0.019893068820238113 0.004959768688895067 -0.0004324771096617987 0.9999876067522547 0.9957278966903687
0.9999879669891302 0.0003181136390464557 -0.004895373393232908 -0.009850792586803436 -0.00031681166356021075 0.9999999142417836 0.0002667335663062997 -0.02014065720140934 0.00489545782499985 -0.0002651794453099385 0.9999879820140568 1.0006370544433594
0.999988252777648 0.0003116402200815707 -0.004837063890415531 -0.009385352022945881 -0.0003125104578446547 0.9999999351202489 -0.00017915555221533844 -0.02066917158663273 0.004837007744512308 0.00018066508068624855 0.9999882852894868 1.033474326133728
0.99998802495516 0.000619076767875239 -0.004854553556540358 -0.009590458124876022 -0.0006142487674815221 0.9999993153826647 0.0009959581583046495 -0.02069457620382309 0.004855166807586422 -0.0009929643281222672 0.999987720613165 1.0315239429473877
0.9999855335037934 0.0003375362579951053 -0.005368319328042676 -0.009809942916035652 -0.00033621466907361735 0.9999999129547041 0.0002470835484488373 -0.019919585436582565 0.005368402260412089 -0.00024527506630926156 0.9999855599443983 0.9987866878509521
0.999944525572238 0.0005045684510175449 -0.010520988013961381 -0.01457097940146923 -0.0004917274632215566 0.9999991311605243 0.0012230626714488553 -0.01727614924311638 0.0105215959917493 -0.0012178213640003503 0.9999439048911253 0.875982403755188
0.9999023043180271 0.0004826067540093626 -0.013969570867447519 -0.017573164775967598 -0.00048156069035371166 0.9999998809884838 7.824525393918491e-05 -0.01549786701798439 0.013969606966595728 -7.151041352486706e-05 0.9999024177225794 0.7517796754837036
0.9999313402525906 0.0002611981354641078 -0.011715227534776928 -0.014642342925071716 -0.00025302456394154 0.9999997235737046 0.0006991645615818065 -0.01452676486223936 0.011715406916859851 -0.0006961523167811479 0.999931129934819 0.6545934677124023
0.9997645074308622 -0.0022273623247747406 -0.021586304422002964 -0.021427102386951447 0.002282119719402244 0.9999942399445444 0.002512370856168036 -0.010807305574417114 0.021580584123501525 -0.0025610417424909633 0.9997638318393406 0.45881691575050354
0.9995634133493687 -0.004204090848899612 -0.02924565460873445 -0.027352094650268555 0.004285205081314951 0.9999871425110497 0.0027114258235673896 -0.008954892866313457 0.029233879502561146 -0.002835565678984374 0.9995685768652944 0.38131213188171387
0.9994747927035623 -0.0048571307999425075 -0.03203977263594949 -0.029426544904708862 0.0049573151823116696 0.9999830666673994 0.0030481805468996767 -0.00824623741209507 0.03202442468420486 -0.0032054108715615917 0.9994819465927287 0.3437318503856659
0.9996759562806563 -0.0028872710022425562 -0.025291225761416774 -0.02261463552713394 0.002961235898473873 0.9999914464926551 0.002887563589031607 -0.009505245834589005 0.025282672254113726 -0.00296152117782749 0.9996759554355623 0.40015941858291626
0.9996595177754429 -0.003234567324576685 -0.0258918152162255 -0.02411039173603058 0.0033114923693039885 0.9999902283435026 0.002928691823510824 -0.00968074332922697 0.02588208915942504 -0.0030134352045196734 0.9996604606910344 0.3991394639015198
0.9997195756246129 -0.0027454121775519484 -0.023520901872996873 -0.021941348910331726 0.0028145810571621192 0.9999918103927425 0.002908140457031657 -0.010048376396298409 0.023512725201823424 -0.002973526428419562 0.99971911549903 0.4163098931312561
0.9997509145695318 -0.0024261674819424403 -0.022186088630807413 -0.02076895162463188 0.0024900142245110634 0.9999928368990738 0.0028506104090090002 -0.010372413322329521 0.02217901365133737 -0.0029051440397651488 0.9997497944443708 0.42895233631134033
0.9996330563334488 -0.005244482197646025 -0.02657532863251323 -0.02432839199900627 0.005344783089792477 0.9999788544494701 0.003704584679544756 -0.009711521677672863 0.026555338054157246 -0.0038452646727401294 0.9996399491619097 0.3631175756454468
0.9997328800500093 -0.0017936333587797219 -0.023042383259732905 -0.020432578399777412 0.0018679817597560063 0.9999931177652792 0.0032054744144841938 -0.009960494935512543 0.02303647523080225 -0.0032476609199493874 0.9997293501280684 0.4340040385723114
0.9998946954393406 0.0003351579306833571 -0.014508125358906956 -0.015420987270772457 -0.0003165063010331765 0.9999991205993746 0.0012878758631343057 -0.012865537777543068 0.014508544242261709 -0.0012831483308400815 0.999893922210917 0.5729390978813171
0.9999146836816736 0.0003984778003799721 -0.013056284816973573 -0.01621108129620552 -0.0003856956689364294 0.9999994439426996 0.0009815055493321645 -0.014078532345592976 0.013056668665103438 -0.0009763860583859711 0.9999142813629753 0.6480364799499512
0.9998761401374536 -0.0009011710630550672 -0.015712806068384006 -0.017277082428336143 0.0009382452464833049 0.999996793240739 0.0023522763648178104 -0.012245113030076027 0.015710635877805346 -0.002366727477793168 0.9998737792948474 0.5321654081344604
0.9997273056270449 -0.003967182456155686 -0.0230125150092018 -0.02934679575264454 0.004064632191139825 0.999982963648739 0.004189412540644604 -0.013769887387752533 0.022995502795979856 -0.004281807520724273 0.9997263990590204 0.6256346702575684
0.9997274846436677 -0.0006832707735021381 -0.02333430069866001 -0.020775895565748215 0.000753517912736669 0.999995210671371 0.003001806968414435 -0.010228756815195084 0.023332137896056423 -0.003018571743476421 0.9997232114769713 0.4955621063709259
0.9999638860903948 -0.00019333172754996763 -0.008496419118618719 -0.013194902800023556 0.00019039067821588273 0.9999999216853827 -0.0003469591017076211 -0.016575830057263374 0.00849648553142743 0.00034532893265958503 0.9999638445871644 0.7848761081695557
0.999962977545709 0.0001586512005219811 -0.00860339280262015 -0.01301626767963171 -0.00015959715623642512 0.9999999812949497 -0.00010926503359403259 -0.018520716577768326 0.008603375306664501 0.00011063406535960386 0.9999629841616318 0.9124791026115417
0.9999780382942622 7.036489168546656e-05 -0.00662706405137217 -0.011045550927519798 -7.262053340324389e-05 0.9999999395195446 -0.00034012816010525634 -0.01955137401819229 0.006627039717483172 0.0003406019512369991 0.999977982925071 0.9880004525184631
0.9999819508097799 0.0005672188150215084 -0.005981330745132411 -0.010762160643935204 -0.0005604774792149728 0.9999992059741944 0.0011286788630254878 -0.0199364572763443 0.005981966203688674 -0.001125306090107609 0.9999814747116775 1.0047842264175415
0.9999674638554119 0.000426688732346393 -0.008055381263574732 -0.012303553521633148 -0.00041961287885710773 0.9999995247003767 0.000880070481784127 -0.01839958317577839 0.008055752951013299 -0.0008766617059613836 0.9999671676153402 0.9339010119438171
0.9999946410975848 -0.00013007589246359275 -0.003271216344825303 -0.007264032959938049 0.00012641986603505008 0.9999993672512648 -0.0011178171082129866 -0.021562431007623672 0.0032713596760252602 0.0011173975712081014 0.9999940247964174 1.090799331665039
0.9999995357055677 0.0008389899204649054 0.0004740090316323183 -0.005173997953534126 -0.0008395527228319226 0.9999989414570024 0.0011883754035820213 -0.02376137673854828 -0.00047301149488804343 -0.0011887728073990919 0.9999991815393339 1.174267053604126
0.9999994115366745 0.0004925562832068677 -0.0009665995100340899 -0.005965658463537693 -0.0004926632462990082 0.9999998725447052 -0.00011042417845901212 -0.02320493385195732 0.0009665449967129465 0.00011090032153091726 0.999999526745832 1.1432204246520996
0.9999996161879351 0.0006419163478041043 0.0005962947128633082 -0.005206574685871601 -0.000641987631113754 0.9999997868025081 0.00011936004205869758 -0.024240000173449516 -0.000596217966572499 -0.00011974281007703016 0.9999998150928806 1.2038295269012451
0.999999756034516 0.0006979473499443703 2.8291430941760457e-05 -0.0050866613164544106 -0.0006979645847668338 0.9999995680310366 0.0006138266680350922 -0.023474298417568207 -2.786300002446009e-05 -0.0006138462646994219 0.9999998112081904 1.1654020547866821
0.9999988638659383 0.0005273320144300226 -0.001412157136990548 -0.006750122644007206 -0.0005265662766643774 0.9999997141762186 0.0005425637639237394 -0.022468630224466324 0.0014124428446050416 -0.0005418195531728762 0.9999988557177367 1.1109395027160645
0.9999961094397525 0.00042418728039130975 -0.0027570220364623033 -0.00756190437823534 -0.0004238314657123078 0.9999999017800985 0.00012964058774075546 -0.021729925647377968 0.002757076757556213 -0.0001284715706755234 0.9999961910041499 1.0825090408325195
0.9999965038326981 0.0006002146278746554 -0.0025752795539331257 -0.007507079280912876 -0.0005980982469898 0.9999994828878611 0.0008224977186980944 -0.02152201160788536 0.0025757718973869635 -0.0008209545729217484 0.999996345709684 1.0676671266555786
0.9999936758423624 0.00033789271867680986 -0.003540353625068063 -0.008100207895040512 -0.0003380504153141833 0.9999999418954055 -4.3944306940223744e-05 -0.021011358126997948 0.003540338570895909 4.514084704281272e-05 0.9999937319629094 1.050279140472412
0.9999992371052874 0.00040858844516870624 -0.0011656947825620326 -0.0060171158984303474 -0.00040850451300981623 0.99999991395279 7.223901846950582e-05 -0.022288214415311813 0.0011657241982854856 -7.176277177927197e-05 0.9999993179683666 1.1054346561431885
0.9999948574350893 0.0006542626305262271 -0.0031395929331600506 -0.007957392372190952 -0.0006508202036241876 0.9999991861245455 0.001097352864601587 -0.02104344218969345 0.003140308334894235 -0.0010953039108811942 0.9999944693711585 1.0493382215499878
0.9999926702180058 0.00028129914360841465 -0.0038184265154925542 -0.00886595994234085 -0.00028195219602796705 0.9999999457181693 -0.0001704893463875503 -0.02101144939661026 0.0038183783497142405 0.00017156471047922352 0.9999926952494844 1.0353916883468628
0.9999932087601803 0.00031867857072311447 -0.003671631447673412 -0.008383109234273434 -0.00031891380933325155 0.9999999471318846 -6.348394201146016e-05 -0.021314680576324463 0.0036716110225892716 6.465444484823053e-05 0.9999932575234206 1.059361219406128
0.9999917563632589 0.0005816550930310587 -0.004018567266789777 -0.009007998742163181 -0.0005779465784843461 0.9999994061518909 0.0009239445969384929 -0.0209148358553648 0.004019102297451692 -0.0009216144630726163 0.999991498685616 1.0445585250854492
0.9999785212411335 0.00038820096310525777 -0.00654265667814673 -0.011304322630167007 -0.00038481133518930544 0.9999997911071448 0.0005193321704883902 -0.01976064033806324 0.0065428569166812505 -0.0005168033274259258 0.999978461736896 0.9927899837493896
0.9999881934310777 0.00035520675484904574 -0.0048463209356544665 -0.009711654856801033 -0.00035399066194659833 0.9999999056470485 0.0002517866272149944 -0.020596597343683243 0.004846409914700549 -0.00025006810212280847 0.9999882248191143 1.0301616191864014
0.9999927942124289 0.0003531156134820357 -0.003779792663932724 -0.00865106750279665 -0.00035293923319110594 0.9999999365968383 4.733093143716814e-05 -0.021253611892461777 0.0037798091375728098 -4.599655325610088e-05 0.9999928554380779 1.0592650175094604
0.9998956464866656 0.000308914563215244 -0.014443015917934504 -0.017416616901755333 -0.00028816584375074506 0.9999989236214156 0.0014386509155539713 -0.015959111973643303 0.014443444792000671 -0.0014343388034081745 0.9998946592390309 0.6852140426635742
0.9998449587069538 -0.001281326451431822 -0.01756179805186262 -0.02364347316324711 0.0012731372575180116 0.9999990755670058 -0.00047747948332111593 -0.017813388258218765 0.01756239362424906 0.0004550468748757853 0.9998456657217295 0.7954223155975342
0.9999802723170265 0.00038567232284832863 -0.0062694683685783625 -0.010927586816251278 -0.0003823582953473101 0.9999997865634559 0.0005297878595784098 -0.019719446077942848 0.006269671354959122 -0.0005273802248533294 0.9999802063497051 0.9923635721206665
0.9999815389451362 0.00035458205406428917 -0.006065973992989685 -0.010708658024668694 -0.0003521376802247125 0.9999998563801771 0.0004040280671218721 -0.019761644303798676 0.006066116382897515 -0.00040188455032736373 0.9999815201896668 0.9948036670684814
0.9999950165265974 0.00031763563673430713 -0.0031410236503730087 -0.007803059183061123 -0.0003181247653818251 0.9999999373510239 -0.00015522429469785708 -0.021381374448537827 0.0031409741488234106 0.0001562227585535467 0.9999950549256961 1.0634164810180664
0.9999958937133576 0.0004720757646238763 -0.0028266058966731357 -0.007944760844111443 -0.0004708927725037017 0.9999998012777096 0.0004191712506839707 -0.021704623475670815 0.002826803215552214 -0.0004178385011592035 0.9999959172889492 1.0801693201065063
0.9999856394626915 0.0006147261378083538 -0.005323812559390639 -0.010092885233461857 -0.0006088735874708782 0.9999992086824844 0.0011008666402889656 -0.0203375406563282 0.005324485078062538 -0.0010976093024004472 0.9999852224470483 1.0205942392349243
0.9999636374677501 0.00040306989511532213 -0.008518290727932025 -0.012980140745639801 -0.0003971320199530909 0.9999996770147803 0.0006987535284488462 -0.01834922283887863 0.008518569623161446 -0.000695345233997802 0.9999634745662367 0.9259134531021118
0.9999723419570278 0.00016271529309558257 -0.0074356468925543635 -0.011840649880468845 -0.00016373250631933006 0.9999999773214687 -0.00013619371761853057 -0.018942944705486298 0.007435624563124132 0.00013740740786865956 0.9999723459209063 0.9364732503890991
0.9999782980904582 0.000350802496084536 -0.006578775396647145 -0.011221581138670444 -0.00034777856938457717 0.9999998333625831 0.00046078723157738654 -0.01940406672656536 0.006578935945688007 -0.0004584892745188204 0.9999782534582479 0.9767991900444031
0.9999764179244666 0.00037382583045041947 -0.006857393761560836 -0.011406539008021355 -0.00037077069360517983 0.9999998314537223 0.00044679035320442656 -0.01930410787463188 0.006857559627547467 -0.0004442372963192719 0.999976387985826 0.9727960824966431
0.9999846938584699 0.00035139346368744123 -0.005521645716270291 -0.010211514309048653 -0.0003500875865118242 0.9999999105242389 0.000237466199742382 -0.020147638395428658 0.0055217286662872745 -0.0002355295054287377 0.9999847274025679 1.0066654682159424
0.9999850181558968 0.0005465214256522347 -0.0054465381741252514 -0.010343745350837708 -0.0005415617587186785 0.999999437444715 0.0009120422771440695 -0.020244458690285683 0.005447033560791976 -0.0009090789762763499 0.9999847515841442 1.0124638080596924
0.99996488492331 0.0003427272151593633 -0.008373258527438296 -0.012828243896365166 -0.0003384681736309599 0.9999998126391255 0.0005100598096441949 -0.018693502992391586 0.00837343176999538 -0.0005072078173337409 0.9999648135712693 0.9366116523742676
0.9999712571872358 0.00028704495671629465 -0.007576437459148158 -0.011996514163911343 -0.00028489678538236204 0.9999999189152214 0.0002846109145019743 -0.018733922392129898 0.007576518540942038 -0.00028244423130698623 0.999971257882973 0.9407640695571899
0.9999740025277668 0.00025649635072621304 -0.007206141701369263 -0.011901427060365677 -0.00025460812843916607 0.9999999330171169 0.00026294574162638427 -0.019151614978909492 0.007206208663304281 -0.0002611041634499144 0.9999740008526807 0.9619214534759521
0.9999779575461125 0.0003365990836264559 -0.006631072534815712 -0.011358246207237244 -0.0003345222127676773 0.9999998946522083 0.000314309499453488 -0.019688688218593597 0.006631177632536354 -0.00031208433024347034 0.9999779648005132 0.9889779686927795
0.9999883701369048 0.00045541712544437516 -0.004801269225801778 -0.009643015451729298 -0.00045380636447277023 0.9999998403899999 0.00033657058422885666 -0.020801126956939697 0.004801421739479175 -0.0003343878234268241 0.9999884171999509 1.0370569229125977
0.9999874971733969 0.00043702100917514204 -0.004981416417401903 -0.010222082026302814 -0.00043436505572618417 0.9999997629563451 0.0005342417545294971 -0.020888380706310272 0.004981648711459456 -0.0005320713217777359 0.9999874499593605 1.0350805521011353
0.9999466291447949 0.0004964563336604131 -0.010319515156765597 -0.015240256674587727 -0.00048634821762867734 0.9999993995694899 0.0009820010543678136 -0.01846838742494583 0.01031999648125695 -0.0009769297663284446 0.9999462701969833 0.9296790957450867
0.9999805543433733 0.0004632853486532906 -0.006219027400307101 -0.010676262900233269 -0.0004604165162997171 0.9999997869520254 0.00046272295775822136 -0.0199473574757576 0.006219240448122723 -0.0004598506168760496 0.9999805546037677 1.0107362270355225
0.9999975766202615 0.0004204423715108779 -0.002161014071311859 -0.007060329895466566 -0.00042024608767196457 0.9999999075303354 9.128278210727246e-05 -0.021874770522117615 0.002161052250633 -9.037440318555496e-05 0.9999976608400828 1.084004521369934
0.9999944808965855 0.0005885248829678613 -0.003269834067721096 -0.008136510848999023 -0.0005856218883827812 0.9999994336317155 0.0008886975029410885 -0.021298494189977646 0.0032703552363846974 -0.0008867777117262285 0.9999942591844803 1.0622210502624512
0.9999950884811094 0.00034554997966403675 -0.0031150616157510237 -0.007748630829155445 -0.00034565004895832435 0.9999999397641813 -3.1586033974721696e-05 -0.021244868636131287 0.0031150505135593394 3.266260003931169e-05 0.9999951476849538 1.062016487121582
0.9999952657147104 0.0006438850830913749 -0.003008979921049896 -0.00785215012729168 -0.0006408265687690601 0.9999992772046863 0.001017315788509431 -0.021199461072683334 0.003009632780634325 -0.0010153827379679571 0.9999949555414872 1.0556941032409668
0.9999925544684307 0.0002572287939092103 -0.0038503040204631287 -0.008384071290493011 -0.0002576604537146174 0.9999999605765948 -0.00011161495947223482 -0.020746059715747833 0.0038502751580896263 0.00011260619952038222 0.999992581323007 1.0370599031448364
0.9999999037491311 0.0003882741085683942 -0.00020431579731675545 -0.004910320974886417 -0.0003883236076039094 0.9999998952517546 -0.00024228341964883406 -0.022607766091823578 0.00020422170353624912 0.0002423627369763489 0.9999999497768984 1.117362380027771
0.9999996210324343 0.0005792317962845986 -0.0006499427002405872 -0.00579103734344244 -0.0005788592726462303 0.9999996681785771 0.0005732056158197649 -0.02255643531680107 0.0006502745034941673 -0.0005728291732347051 0.9999996245048336 1.1192089319229126
0.9999986574556519 0.00048129958951957695 -0.0015663452999023512 -0.006270243786275387 -0.00048094197441610144 0.9999998582000252 0.00022868044559381265 -0.022164177149534225 0.001566455141599223 -0.00022792681737902052 0.9999987471330425 1.1002657413482666
0.999995276393476 0.00028225832893504795 0.0030606406145389526 -0.002508687786757946 -0.0002796283777644093 0.999999591383217 -0.0008596751533254301 -0.02558518573641777 -0.0030608820143820355 0.000858815250588304 0.9999949467060618 1.2495940923690796
0.9999968606133488 0.0007489717977500954 0.002391193152530471 -0.0052411118522286415 -0.0007456047920586373 0.999998729864433 -0.0014086671057525215 -0.028826819732785225 -0.002392245167325627 0.0014068797983285493 0.9999961489187308 1.3852512836456299
0.999998763348679 0.0014394083162722008 0.0006335651599059786 -0.0070405080914497375 -0.001439788814584168 0.9999987831905163 0.0006005211539316677 -0.028612211346626282 -0.0006326999938348168 -0.0006014326113269323 0.9999996189846934 1.4640214443206787
0.9999990973212238 0.0010395094629875006 0.0008513382489208612 -0.005421528592705727 -0.001040561203765321 0.999998694906612 0.0012358873145510954 -0.025836452841758728 -0.0008500524212862793 -0.001236772068494955 0.999998873902232 1.2790911197662354
0.999998119396997 0.0008971023881967358 -0.0017194213486132078 -0.0069818682968616486 -0.0008950406016294284 0.9999988800370461 0.0011995111399386962 -0.023444674909114838 0.001720495507233303 -0.0011979699322161271 0.9999978023792107 1.1643996238708496
0.9999958589197959 0.0005373512635077837 -0.0028272596059569777 -0.008270841091871262 -0.0005354208722327097 0.9999996230823301 0.0006834908101792679 -0.022032253444194794 0.00282762581496332 -0.0006819742059847542 0.9999957697127689 1.092499017715454
0.9999893107889284 0.0005042926830497383 -0.004596084939827256 -0.00962275080382824 -0.0005020987379298966 0.9999997594710001 0.00047849221478881164 -0.021357793360948563 0.004596325134458356 -0.00047617941163682567 0.9999893234672191 1.0650928020477295
0.9999973889846662 0.0005211648667242192 -0.002224951916824193 -0.0070603699423372746 -0.0005208680380611894 0.9999998553720563 0.00013398639323706872 -0.02235325798392296 0.0022250214240347463 -0.00013282713705684474 0.9999975158152216 1.1099140644073486
0.9999982075085475 0.0008262219138926382 -0.0017036246771891732 -0.007392713334411383 -0.0008242422588076255 0.9999989847247049 0.0011624002141049294 -0.023170307278633118 0.0017045833480707337 -0.0011609939310603947 0.9999978732420891 1.158663034439087
0.9999925611868528 0.00041492991541367387 -0.003834762590273444 -0.008708255365490913 -0.0004146431594550979 0.9999999111799008 7.5572750756663e-05 -0.021609392017126083 0.00383479360706453 -7.39821305088999e-05 0.9999926444152654 1.0762848854064941
0.9999999169420672 0.0004055403460107901 4.0655706472819335e-05 -0.005100484937429428 -0.0004055270179999009 0.9999998642111637 -0.00032730030856003694 -0.023658141493797302 -4.078843443261114e-05 0.0003272837943877393 0.9999999456108094 1.1682567596435547
0.9999997326918371 0.000691558047376123 0.00023741044922283872 -0.004844216629862785 -0.0006915420611022725 0.9999997586126043 -6.741150334694145e-05 -0.02401427924633026 -0.00023745701088257395 6.724730601591357e-05 0.9999999695459835 1.1859700679779053
0.9999987426796184 0.000540492637433512 0.001490807462776286 -0.003992496058344841 -0.0005399812308016816 0.9999997952410533 -0.00034342120181027547 -0.024716563522815704 -0.0014909927741512373 0.0003426157619711607 0.9999988297768088 1.2223079204559326
0.9999962765254524 0.000807101716593397 0.0026068222130004605 -0.002855977974832058 -0.0008075590195696833 0.9999996587203767 0.00017437763723745646 -0.02538015879690647 -0.0026066805828548075 -0.00017648215073728566 0.9999965870293707 1.2583189010620117
0.999998774946358 0.0006056033388084371 0.0014433815778356924 -0.004303851164877415 -0.0006059040677868446 0.9999997948243038 0.00020792212753563785 -0.024419955909252167 -0.0014432553633542246 -0.0002087964235892575 0.9999989367084395 1.213216781616211
0.999989646573599 0.0006125065855508784 0.004509055476614914 -0.000899018719792366 -0.0006119897390306589 0.9999998060059148 -0.00011600298355134664 -0.026102274656295776 -0.0045091256544761895 0.00011324228683858583 0.9999898274292678 1.2779181003570557
0.9999810841591668 0.0008062202062637917 0.006097649779702145 0.0006546638906002045 -0.0008090840023386404 0.9999995635518784 0.00046720352051338247 -0.026526693254709244 -0.006097270449475677 -0.0004721281938545726 0.9999813000191724 1.3018548488616943
0.9999774586749747 0.0005892710049325917 0.0066884154791930295 0.0010750917717814445 -0.0005876857204830411 0.9999997987564512 -0.00023898232434469156 -0.026747100055217743 -0.0066885549585469885 0.00023504625109666368 0.9999776037421171 1.3082554340362549
0.9999722564804512 0.0007653389185971686 0.007409488898313905 0.0014014700427651405 -0.000767452453400776 0.9999996656311732 0.0002824079913820135 -0.027627337723970413 -0.007409270282985067 -0.0002880865868238407 0.9999725094821318 1.3447976112365723
0.999984948559362 0.0009572011170058627 0.0054024458119956995 -0.0002044467255473137 -0.0009620166840610123 0.9999991422435677 0.0008888397090239379 -0.026622779667377472 -0.005401590379650738 -0.0008940235737116963 0.9999850116592848 1.3064095973968506
0.9999967284258197 0.0007198512860431696 0.0024545777199198576 -0.0032031359151005745 -0.0007215727477451198 0.9999994943066128 0.0007005135886553455 -0.024699222296476364 -0.002454072213048453 -0.0007022824532630926 0.9999967421591576 1.2146406173706055
0.9999997809783014 0.0005854427664073703 0.00030870716952177116 -0.005387198179960251 -0.000585572668416901 0.9999997399859766 0.00042087127403159507 -0.024038590490818024 -0.0003084606932106075 -0.00042105195233267 0.9999998637836179 1.1825429201126099
0.999999782604766 0.0005494757832011467 -0.0003645089632598618 -0.0058204419910907745 -0.0005494371281679071 0.9999998434267151 0.0001061385286065673 -0.023868674412369728 0.00036456722673862993 -0.00010593823077459209 0.9999999279339116 1.1770883798599243
0.999997976248315 0.000565826608876763 -0.0019306318973858452 -0.00767090916633606 -0.0005649269693634765 0.9999997316197374 0.000466495415163434 -0.023252882063388824 0.0019308953347611682 -0.00046540380506580485 0.9999980275193069 1.1454730033874512
0.9999044724717444 0.0025728340877286516 -0.013580370236481197 -0.020124372094869614 -0.0025410980808744043 0.9999940015788615 0.0023536411875374726 -0.02538103610277176 0.013586344303978877 -0.0023189072972669396 0.9999050124473828 1.3693227767944336
0.9999870390592771 0.0007368034022923986 -0.0050377409824293165 -0.01052059419453144 -0.0007307634771580065 0.9999990121866504 0.0012006708390450741 -0.02185806818306446 0.005038620664440764 -0.0011969738801041604 0.9999865896877468 1.0870141983032227
0.9999879361409159 0.00039544310530044294 -0.004896038948193472 -0.010638180188834667 -0.00039419005455277505 0.9999998893098623 0.0002568938773966774 -0.02195313759148121 0.0048961399931628565 -0.00025496080840506 0.9999879813318526 1.0844757556915283
0.999986669117303 0.0006003024657236962 -0.0051284719587153145 -0.010628076270222664 -0.0005965557159477372 0.9999995540924088 0.0007320766772300883 -0.021958433091640472 0.005128909139325177 -0.0007290074987407295 0.9999865813295233 1.0910073518753052
0.9999910179581212 0.00042470092857907325 -0.004217064405732938 -0.00998232327401638 -0.00042358388665103113 0.9999998749699619 0.0002657757548958184 -0.0223472248762846 0.004217176753683112 -0.00026398708715561945 0.9999910728256759 1.104628562927246
0.9999882134877165 0.0006668560772484379 -0.004809177540629767 -0.01029021106660366 -0.0006622235663426097 0.9999993153172139 0.0009647927505173482 -0.02190248854458332 0.004809817625777657 -0.0009615966282736126 0.9999879704208101 1.0900187492370605
0.9999431846632433 0.0006877121648294954 -0.010637410282078947 -0.014593588188290596 -0.0006855274051861021 0.9999997431794102 0.00020902940059358636 -0.019145336002111435 0.010637551302234559 -0.000201725288249226 0.9999433993027808 0.9164275527000427
0.9999800217704825 0.00034590741986837835 -0.006311608983646925 -0.011803876608610153 -0.0003435452099231957 0.9999998705465373 0.0003753446383419683 -0.020519249141216278 0.006311738001082696 -0.0003731688165873952 0.9999800111544431 1.0230159759521484
0.9999692815942578 0.0006100639949469601 -0.007814325932950453 -0.012686439789831638 -0.0006023241490655686 0.9999993257926423 0.000992783904321689 -0.01993013732135296 0.0078149263261892 -0.0009880466503648163 0.999968974863887 0.9997109770774841
0.9999793020326979 0.0001128509498664885 -0.00643294418299544 -0.011681690812110901 -0.00011462883115091852 0.9999999553412073 -0.0002760032871280733 -0.020707707852125168 0.006432912748474801 0.00027673497529361686 0.999979270310802 1.0288673639297485
0.9999801736883572 0.0009268991938715637 -0.00622840975586338 -0.012409176677465439 -0.0009178108689586954 0.9999985102749029 0.0014618724921914772 -0.022701548412442207 0.0062297554856796085 -0.0014561270064816054 0.9999795347109507 1.1269333362579346
0.9999809985320492 0.0006869423607680608 -0.00612622926757942 -0.011041315272450447 -0.0006807377064938961 0.999999253358649 0.0010148292071285446 -0.021013375371694565 0.006126921822654644 -0.001010639568622822 0.9999807195324526 1.0504240989685059
0.999984128818515 0.00044416633393124346 -0.005616478197537728 -0.010530093684792519 -0.0004406611782446648 0.9999997074047982 0.0006253063602585537 -0.02052563987672329 0.005616754294216775 -0.0006228214720077138 0.999984031954817 1.0254652500152588
0.999983796467448 0.00048786378632928733 -0.005671753827167991 -0.010330062359571457 -0.00048423323406523154 0.9999996770192977 0.0006414666597501357 -0.020070338621735573 0.005672064943654386 -0.0006387098140256819 0.9999837097318379 1.0031540393829346
0.9999878467772293 0.00014766321220754198 -0.004927929932129577 -0.010235610418021679 -0.0001488903799074107 0.9999999580006679 -0.0002486570264890242 -0.02115350030362606 0.004927893007664543 0.0002493877258645397 0.9999878267640395 1.0477900505065918
0.9999853655047096 0.0006762928793674702 -0.005367625578717914 -0.01073380932211876 -0.000670470964339779 0.9999991851445353 0.0010863604149351836 -0.021437449380755424 0.005368355902691927 -0.0010827456795008297 0.9999850040959091 1.0695185661315918
0.9999817403305228 0.0003914804451740847 -0.006030402026361118 -0.011509224772453308 -0.00038942368750358267 0.9999998656121225 0.0003422351941171872 -0.02103174291551113 0.006030535194334338 -0.00033988056362142463 0.999981758396858 1.045485496520996
0.9999835148452718 0.00047043397258974174 -0.005722650572341589 -0.010958812199532986 -0.00046724021922030256 0.999999734371233 0.0005594140154956595 -0.021097678691148758 0.005722912219598606 -0.0005567309409611149 0.9999834690265564 1.052612066268921
0.9999871855228347 0.0004381705320925129 -0.005043490527841918 -0.010755466297268867 -0.00043598077737653417 0.9999998102322484 0.00043526569920962694 -0.02161855250597 0.005043680291353085 -0.0004330612565862439 0.9999871867914442 1.0741431713104248
0.9999848736185618 0.0005816448050046523 -0.005469389672519955 -0.010863218456506729 -0.0005776034528292274 0.9999995590507909 0.0007404542357081188 -0.0216379314661026 0.0054698179421564476 -0.0007372838969551959 0.9999847686360703 1.0762994289398193
0.9999806563992909 0.0005704699502072433 -0.006193657342771758 -0.011406016536056995 -0.0005650462689699598 0.9999994554478598 0.0008773976852953038 -0.02069353684782982 0.0061941544990162375 -0.0008738810102920046 0.999980434199601 1.035011649131775
0.9999781804795236 0.0003517397124505388 -0.006596578206641969 -0.011845212429761887 -0.0003497795478335484 0.9999998943356748 0.0002983000293509504 -0.02050267904996872 0.006596682433585531 -0.000295986172444984 0.9999781978488613 1.0205408334732056
0.9999905760913753 0.0002118557504302323 -0.00433622480737766 -0.01059703715145588 -0.00021251132167030085 0.9999999660605161 -0.00015072459849273535 -0.023053988814353943 0.0043361927283355065 0.00015164467494276705 0.999990587173957 1.1317944526672363
0.9999930841789384 0.0009406792246427863 -0.0035981546508500072 -0.00934858713299036 -0.0009364653018274332 0.9999988739734695 0.001172639983956904 -0.023967118933796883 0.0035992536773033026 -0.0011692623272074752 0.9999928390736491 1.189896821975708
0.9999959574549688 0.0007034950741749926 -0.00275502602550212 -0.008174248039722443 -0.0007013219776280316 0.9999994422905594 0.0007896619874566017 -0.022892337292432785 0.0027555800123165346 -0.000787726634911836 0.9999958931243392 1.13533353805542
0.9999932650835046 0.000546783110422427 -0.0036291618676546154 -0.008773105219006538 -0.0005447566567010739 0.9999996951862615 0.0005593456613314826 -0.021810710430145264 0.0036294666021967235 -0.0005573648840995109 0.9999932581355583 1.0835344791412354
0.9999921135108502 0.00047160048918235963 -0.003943413379458815 -0.009260980412364006 -0.0004697982050189546 0.9999997847855164 0.0004579503979984963 -0.021642692387104034 0.00394362850041086 -0.00045609417785033395 0.9999921198551273 1.073875904083252
0.9999779298063041 0.0005793948823196441 -0.006618474285584406 -0.011416962370276451 -0.0005722391361706818 0.9999992498045972 0.0010830201355882336 -0.020002922043204308 0.006619096816759432 -0.0010792088831161138 0.9999775111798851 1.0044946670532227
0.9999803868769077 0.0002455536848651998 -0.006258239760308698 -0.01104872114956379 -0.000245589744135283 0.9999999698303712 -4.993400326888297e-06 -0.019829686731100082 0.006258238345352077 6.530261892184505e-06 0.9999804170133374 0.9871801137924194
0.9999771312057568 0.0004027429333614149 -0.006750915762662934 -0.011492505669593811 -0.000398771136049167 0.999999746635213 0.0005896703242021353 -0.019641580060124397 0.0067511515377746845 -0.0005869647688047703 0.9999770384490209 0.9902619123458862
0.9999863951737381 0.0003240430113945212 -0.0052061947292522445 -0.009988495148718357 -0.00032343974866694297 0.9999999408821021 0.00011671555599124258 -0.020501859486103058 0.005206232242333197 -0.00011503007778164076 0.9999864408650349 1.0265413522720337
