0.9999999986912288 5.046184257054696e-05 8.434726545186251e-06 -0.002005063695833087 -5.046133999877289e-05 0.9999999969523408 -5.957324439996994e-05 -0.021625680848956108 -8.437732695160407e-06 5.957281869439821e-05 0.9999999981899419 1.0655238628387451
0.9999998414581126 -5.136923187689448e-05 0.0005607539131455071 -0.0012009551282972097 5.1376134580805393e-05 0.999999998604659 -1.2295287036848244e-05 -0.01650298573076725 -0.0005607532807636135 1.2324094456038712e-05 0.9999998427019248 0.8461540937423706
0.9999996660364612 -6.787212644131063e-05 -0.0008144448049850197 -0.0024251211434602737 6.796969579352093e-05 0.9999999905174509 0.00011977152510993411 -0.015305375680327415 0.0008144366681139107 -0.0001198268426762472 0.9999996611671632 0.8090288043022156
0.9999999996788707 -1.5808167500523676e-05 1.9808094178050884e-05 -0.0019901003688573837 1.580541095802815e-05 0.9999999901930571 0.00013915485843996774 -0.018121587112545967 -1.9810293767104763e-05 -0.00013915454532021225 0.9999999901217823 0.9414718151092529
0.9999977294011009 6.242985325990692e-05 0.0021300927575137814 -5.851773312315345e-05 -6.202190954296028e-05 0.9999999797251831 -0.00019158005050852564 -0.021059300750494003 -0.0021301046746409823 0.00019144750308674926 0.9999977129983489 1.0434788465499878
0.9999996711101281 2.1636444168126308e-05 0.0008107474944870168 -0.0010033479193225503 -2.1716043924444672e-05 0.9999999949453334 9.817202524545561e-05 -0.020868532359600067 -0.0008107453662954155 -9.818959918587272e-05 0.9999996665253212 1.079904556274414
0.9999998759054195 0.00010038607565869342 -0.00048796698764448925 -0.002517914632335305 -0.00010037963304264204 0.9999999948744817 1.3227448275390902e-05 -0.023933548480272293 0.00048796831299502896 -1.3178464686779583e-05 0.9999998808566195 1.1904263496398926
0.9999994452982985 4.337546142358655e-05 0.0010523885519458905 -0.0012035011313855648 -4.329353987600208e-05 0.9999999960312699 -7.786609830341547e-05 -0.021930886432528496 -0.0010523919252471876 7.782049348521956e-05 0.999999443207448 1.0935568809509277
0.9999953231597675 -2.1049581099211713e-05 -0.003058302716727541 -0.004846770316362381 2.136809409850638e-05 0.9999999943518038 0.0001041143446275218 -0.01784002035856247 0.0030583005078903065 -0.00010417920780159884 0.9999953179613872 0.8931851387023926
0.9999846357107119 4.0602390025248225e-05 -0.005543166420071574 -0.007579881697893143 -3.888052707575123e-05 0.9999999509658901 0.0003107354533004186 -0.013723633252084255 0.005543178764869413 -0.00031051515783894106 0.9999845882559978 0.7406375408172607
0.9999968136813872 -9.668838907789358e-05 -0.0025225539495569746 -0.00441118236631155 9.73275095451344e-05 0.9999999631981928 0.0002532409303695013 -0.014473908580839634 0.002522529371264825 -0.00025348563735681497 0.9999967862901374 0.7900184988975525
0.9999991518941037 7.145815981042543e-06 -0.0013023670798971256 -0.003114707302302122 -7.015253753603238e-06 0.9999999949499123 0.0001002544851185074 -0.019478075206279755 0.0013023677897201593 -0.0001002452636565416 0.9999991468941499 0.9849933385848999
0.9999997141704029 8.352768905199109e-05 -0.0007514534167846698 -0.002826716983690858 -8.346070866529713e-05 0.9999999925419236 8.916536645145869e-05 -0.022338885813951492 0.0007514608589572761 -8.910262413066412e-05 0.9999997136836088 1.125449538230896
0.9999996376732426 6.624098898466177e-05 -0.0008486845792051011 -0.0027322915848344564 -6.62184680714959e-05 0.9999999974547256 2.656433006981759e-05 -0.02299134060740471 0.0008486863366924614 -2.6508121852139145e-05 0.9999996395143458 1.1397249698638916
0.9999989659945204 0.00013320103583932974 -0.0014318754743275293 -0.0032217574771493673 -0.00013302126061400516 0.9999999832591154 0.00012564677820064445 -0.02492401748895645 0.0014318921866376736 -0.00012545617840054997 0.9999989669722229 1.2554008960723877
0.9999959218642666 0.0001329241796273675 -0.002852820709103024 -0.004229084588587284 -0.00013224447719033285 0.9999999628280261 0.0002384435883888343 -0.02660180628299713 0.0028528522979764204 -0.000238065346200323 0.9999959022709327 1.3394527435302734
0.9999950284837449 0.0001312072541300882 -0.003150522567811015 -0.0048182373866438866 -0.00013091464670376493 0.9999999870985588 9.308188452636162e-05 -0.026489853858947754 0.003150534740183212 -9.266897221936243e-05 0.9999950327593192 1.2876752614974976
0.9999993807026039 0.00010935272153616043 -0.0011075361804078205 -0.0030207261443138123 -0.00010942652191165736 0.9999999917968457 -6.657435330638188e-05 -0.024052977561950684 0.001107528891235812 6.669550590917158e-05 0.9999993844655427 1.1688188314437866
0.9999999877560819 0.00015198373501299126 3.7266345899867355e-05 -0.0022036072332412004 -0.00015198696386601373 0.99999998469543 8.665507911353257e-05 -0.024323053658008575 -3.7253175166940425e-05 -8.666074205130257e-05 0.9999999955510585 1.2403528690338135
0.9999999000582003 7.896122631956964e-05 -0.0004400553536650858 -0.0023834325838834047 -7.896964640646833e-05 0.9999999966991713 -1.9116811322731916e-05 -0.024376610293984413 0.00044005384272567303 1.9151560427841592e-05 0.999999902992912 1.1989164352416992
0.9999987715687775 8.626841752245104e-05 -0.00156506188250471 -0.00347048114053905 -8.610600137794267e-05 0.9999999909011664 0.00010384326439976967 -0.02329983375966549 0.0015650708266585624 -0.00010370837561484991 0.9999987698981836 1.1592624187469482
0.9999990685552428 4.3751912284078896e-05 -0.001364175361550325 -0.0033049609046429396 -4.3761777378632335e-05 0.9999999990165213 -7.201695750642866e-06 -0.021610958501696587 0.0013641750451207268 7.261387781138697e-06 0.9999990694864264 1.0581092834472656
0.9999987772372226 0.00014531187224432602 -0.0015570512257697356 -0.0035519737284630537 -0.00014513041500235357 0.9999999826648084 0.000116651385661928 -0.025607524439692497 0.0015570681496092044 -0.00011642526753437978 0.9999987809912244 1.2799103260040283
0.9999999922378906 0.00012382219259004894 -1.3866618949345106e-05 -0.0020522144623100758 -0.00012382466439350904 0.9999999764209977 -0.00017839690643607457 -0.025002097710967064 1.3844529126277871e-05 0.00017839862208077597 0.9999999839911301 1.2077367305755615
0.9999999954239323 6.303717335229183e-05 -7.196145138799999e-05 -0.002223928924649954 -6.303500298825216e-05 0.9999999975584223 3.016196227395712e-05 -0.02204579859972 7.196335253714503e-05 -3.0157426045630652e-05 0.9999999969559028 1.103708028793335
0.9999993635203966 0.00010618884238512852 0.0011232465140315678 -0.0012578933965414762 -0.00010604029841071584 0.999999985625561 -0.0001323039409767 -0.023742780089378357 -0.0011232605470878647 0.00013218474737240342 0.9999993604062635 1.1708908081054688
0.9999962935074419 6.332512909519216e-05 0.0027219407241410474 0.00024707347620278597 -6.292445267925887e-05 0.999999987173399 -0.00014728786308497484 -0.021697998046875 -0.0027219500162507446 0.0001471160405333145 0.9999962846655878 1.0938431024551392
0.9999959790521145 5.54041210796691e-05 0.00283527952521724 0.0006576505256816745 -5.474962204500392e-05 0.9999999718396334 -0.0002309181913171842 -0.020095515996217728 -0.0028352922391941607 0.00023076203232477352 0.9999959539252159 0.9996874928474426
0.9999914366538372 -4.79597153957572e-05 0.004138154040226318 0.0024065831676125526 4.8530875686396664e-05 0.9999999893110469 -0.0001379226609358685 -0.014559240080416203 -0.004138147381262217 0.0001381223080956766 0.9999914282925025 0.7674837708473206
0.9999960486853124 -2.8229824873945397e-05 0.002811017047113314 0.0006487860227935016 2.8082839931198073e-05 0.9999999982365494 5.2328340468218015e-05 -0.018093395978212357 -0.0028110185193761118 -5.22491923606998e-05 0.9999960477146425 0.9594016075134277
0.999999844717293 2.1015512426133788e-06 0.0005572799773307991 -0.001428759191185236 -2.0665219397195114e-06 0.9999999980222876 -6.285820603228116e-05 -0.020218737423419952 -0.0005572801083284006 6.285704464018904e-05 0.999999842743924 1.0042521953582764
0.999999957905424 0.00012405075927286732 0.00026229860709883854 -0.0021094034891575575 -0.00012405247658130823 0.9999999922841653 6.530891180117034e-06 -0.022805113345384598 -0.00026229779491297625 -6.563429697016377e-06 0.9999999655783934 1.1513757705688477
0.9999997176165661 7.723845283390244e-05 0.0007475299388892358 -0.0014340139459818602 -7.718563861100586e-05 0.9999999945233405 -7.06802404624288e-05 -0.023862089961767197 -0.0007475353940276881 7.062252192778577e-05 0.9999997181016075 1.181947946548462
0.999997334409994 -5.028623118033994e-06 -0.0023089278073712793 -0.004062110558152199 5.364975929950013e-06 0.9999999893759202 0.00014566872270346717 -0.01943802461028099 0.002308927050327939 -0.00014568072175248626 0.9999973238129208 0.9842263460159302
0.9999958649566565 -6.489116579980905e-05 -0.002875040647534021 -0.004559401422739029 6.557096260845978e-05 0.9999999699185955 0.00023635409206423163 -0.01573723368346691 0.0028750252237561844 -0.00023654163391261378 0.9999958391303527 0.8354823589324951
0.9999952130151666 -4.746428290203395e-05 -0.0030938154265128166 -0.004730327054858208 4.8191129746688145e-05 0.9999999712588915 0.00023486130180755432 -0.01698724925518036 0.00309380419006986 -0.00023500927199069602 0.9999951865615531 0.8802340030670166
0.9999962520384094 -4.883849998395483e-05 -0.002737430169929627 -0.004436206072568893 4.935734468484533e-05 0.9999999808325029 0.00018946990986935648 -0.01768953911960125 0.002737420864033752 -0.0001896043120278596 0.9999962352815226 0.9011478424072266
0.9999957457079911 -3.1264694121390984e-05 -0.002916777063434968 -0.00463405717164278 3.190752721141708e-05 0.9999999752149287 0.00022034530134053186 -0.01783045567572117 0.0029167701021139926 -0.00022043743107079836 0.9999957219206043 0.9091931581497192
0.9999960470409736 -4.9303200551712836e-05 -0.0028113113704008744 -0.00456656701862812 4.984459514936289e-05 0.9999999802281881 0.00019250750540100286 -0.01851525716483593 0.0028113018235800084 -0.00019264687310381818 0.999996029726738 0.9347643852233887
0.9999964159807868 -9.141009889482684e-05 -0.0026757559259876786 -0.004425336606800556 9.201506149243726e-05 0.9999999702358185 0.000225968119414976 -0.01562475599348545 0.00267573519057785 -0.00022621351938696292 0.9999963946278176 0.8285691738128662
0.9999975878589097 -6.335747973747052e-05 -0.0021955095518282554 -0.004025031812489033 6.377986497483393e-05 0.999999979473248 0.00019231649049398602 -0.0143711157143116 0.002195497322073426 -0.00019245605590224353 0.9999975713731386 0.7732018232345581
0.9999976279109665 -4.46056096674757e-05 -0.002177655340001914 -0.0040012989193201065 4.4996173470381486e-05 0.999999982913079 0.00017930194139368735 -0.018529117107391357 0.0021776473049200788 -0.00017939950223095591 0.9999976128311677 0.9366475343704224
0.9999974416934525 -3.825852021128222e-05 -0.002261668153309381 -0.003951164893805981 3.8568094288418904e-05 0.9999999898943162 0.000136835191451144 -0.01672510802745819 0.0022616628953417398 -0.00013692206961536373 0.9999974330633528 0.8600286245346069
0.9999975105219484 -3.974029682182201e-05 -0.002231002154768774 -0.003942516632378101 3.9993194340706134e-05 0.999999992780522 0.0001133115192508621 -0.016795925796031952 0.0022309976356286944 -0.00011340046206707214 0.9999975048918297 0.8590695261955261
0.9999977769950967 -9.378828037620681e-06 -0.0021085343019384664 -0.003940270282328129 9.866287529059666e-06 0.9999999732306734 0.00023117376333418863 -0.018147548660635948 0.0021085320773554495 -0.00023119405283946704 0.9999977503183638 0.9345036745071411
0.9999999882783758 -2.3544245006364e-06 0.00015309377875291353 -0.001849290682002902 2.357835514985837e-06 0.9999999997490128 -2.2280378278539017e-05 -0.019105413928627968 -0.00015309372625702043 2.2280738987325458e-05 0.9999999880329398 0.9513182640075684
0.9999972612132808 -7.042118539307185e-05 0.0023393603386595314 0.0005873679765500128 7.051057048791408e-05 0.9999999967873052 -3.812675037532607e-05 -0.014439664781093597 -0.0023393576462129237 3.829159558634418e-05 0.9999972629660328 0.7625904679298401
0.999999049753351 -0.00011186339927530445 0.0013740374722215757 -0.0002597915008664131 0.0001117367917318662 0.9999999895052603 9.221913487413662e-05 -0.014017141424119473 -0.0013740477737473153 -9.206551670434731e-05 0.9999990517578785 0.7569412589073181
0.9999992288929466 -7.287714694067591e-05 0.0012397186915250903 -0.0004668587353080511 7.282209868670603e-05 0.9999999963606184 4.444890825054886e-05 -0.014315770007669926 -0.0012397219263228989 -4.435859505878419e-05 0.9999992305606343 0.7610962390899658
0.9999999972926948 -6.309522931107193e-05 -3.786293940754628e-05 -0.0018985061906278133 6.310145924278065e-05 0.9999999844690386 0.00016456040922588897 -0.016361571848392487 3.78525558427428e-05 -0.00016456279798710157 0.9999999857431346 0.8605484962463379
0.9999999952616234 -1.633594939623719e-05 -9.596817243163993e-05 -0.0019378061406314373 1.633592733082389e-05 0.9999999998665422 -2.307081437227587e-07 -0.017689097672700882 9.596817618766878e-05 2.2914041353866138e-07 0.9999999953950284 0.8916837573051453
0.9999998520265566 -5.1215774383218475e-05 -0.0005415937679832797 -0.0022739905398339033 5.1281065390121383e-05 0.9999999914201481 0.00012054026827881966 -0.014837998896837234 0.0005415875897733011 -0.00012056802394749193 0.9999998460731053 0.7848315238952637
0.999999592539207 -4.4117987350368854e-05 -0.0009016512758231223 -0.0026433684397488832 4.429317164451418e-05 0.9999999801479236 0.00019427369199719806 -0.01632761023938656 0.0009016426869591863 -0.00019431354983300898 0.9999995746412642 0.8560612201690674
0.9999999979526958 -4.415920299989823e-05 -4.6309538581837e-05 -0.001840983284637332 4.4161291026790773e-05 0.9999999980084069 4.5088430851258926e-05 -0.015614541247487068 4.6307547420436335e-05 -4.509047584795982e-05 0.9999999979112301 0.8097512722015381
0.9999982678455988 -6.0050068839822077e-05 0.0018602956194635639 -0.0003430690267123282 5.9897804462382626e-05 0.9999999948518987 8.190516547320122e-05 -0.01654636487364769 -0.001860300528297398 -8.179359597755148e-05 0.9999982662943734 0.8731584548950195
0.9999985156937514 7.025617351458627e-05 0.0017215325626416535 -0.0006573869613930583 -7.007149806201485e-05 0.9999999917847047 -0.00010733394590868741 -0.021786917001008987 -0.001721540089371083 0.00010721315622661397 0.9999985124014235 1.092172384262085
0.9999905316377503 -5.0794168268167366e-05 0.004351327935463709 0.002262488007545471 5.228742077706128e-05 0.9999999397884077 -0.0003430586049110451 -0.01991550251841545 -0.004351310248086823 0.00034328287642260147 0.9999904740826242 0.9600865840911865
0.9999972829067245 -2.1133565668503523e-05 0.0023310367953097468 4.795572021976113e-05 2.121134362785703e-05 0.9999999992192106 -3.3341534038248585e-05 -0.019322631880640984 -0.002331036088864199 3.339088786866514e-05 0.9999972825742084 1.0006707906723022
0.9999952446172979 -5.7909781077313976e-05 -0.0030834054627373085 -0.004862833768129349 5.8640619985218696e-05 0.9999999702119177 0.00023693341117958844 -0.016484666615724564 0.0030833916501266014 -0.00023711309727854414 0.9999952182252229 0.8701853156089783
0.9999992708926598 -4.396695441883244e-05 -0.0012067647059429004 -0.0031887947116047144 4.4052725356793975e-05 0.999999996505725 7.104862448041581e-05 -0.018602386116981506 0.0012067615779344986 -7.110173395250337e-05 0.9999992693352516 0.9454246759414673
0.9999180008571311 0.00031805928719076296 -0.012801968605179707 -0.017129141837358475 -0.000311230877073399 0.9999998082537938 0.0005353762383922397 -0.008906198665499687 0.012802136431835557 -0.000531347970082323 0.9999179081165189 0.5105118751525879
0.9997768675942448 0.0005594953798370141 -0.021116391461616486 -0.02767065539956093 -0.0005406925285605255 0.9999994522944097 0.0008961375288391333 -0.006960872560739517 0.021116881280857917 -0.0008845200964229805 0.9997766225258368 0.4263812303543091
0.9998402847792867 0.0005031956000104603 -0.017864818125659352 -0.022787870839238167 -0.00048809915510690397 0.9999995201495919 0.0008493878976263055 -0.006929477676749229 0.01786523696147187 -0.0008405324348174922 0.9998400506148653 0.4393036365509033
0.9999539291869657 0.00025927989124923474 -0.009595430031369607 -0.013432984240353107 -0.0002544275616974572 0.9999998391549443 0.0005069089677704015 -0.007285209372639656 0.009595559919294165 -0.0005044442721958021 0.9999538343172707 0.4335470199584961
0.9998678617195332 0.00034766678609354914 -0.01625232993186285 -0.022434286773204803 -0.00033608758496150404 0.9999996877742047 0.0007151899245093106 -0.008992442861199379 0.016252573505248714 -0.0007096332142256815 0.9998676663814855 0.5269811153411865
0.9994710484417605 0.0008502177521053549 -0.03251000548295963 -0.04055805131793022 -0.0008056087258107379 0.9999987160556851 0.001385237005783391 -0.007787173613905907 0.03251114149501611 -0.0013583139384174237 0.9994704501194299 0.4935753047466278
0.9990966151147993 0.0010871945627272334 -0.042482604370890166 -0.0529024563729763 -0.0010138262252305454 0.9999979574023061 0.0017485272662467449 -0.006162091623991728 0.042484418585357085 -0.001703877694715754 0.9990956765887168 0.4278064966201782
0.9989744223343949 0.001150969731117754 -0.04526343767700519 -0.05536147207021713 -0.0010657939138413158 0.99999761587282 0.0019058677837944546 -0.006170962005853653 0.04526552335934382 -0.001855671671966111 0.9989732673488569 0.4437447786331177
0.9995108885510101 0.0007886815994146507 -0.03126278377408131 -0.038994669914245605 -0.0007483340663030886 0.9999988720406491 0.001302272458028138 -0.007597856689244509 0.03126377558925709 -0.0012782404955535996 0.9995103513406653 0.4802495837211609
0.9999590620206099 0.00018530349289612764 -0.009046543288858106 -0.012009194120764732 -0.0001812662559790838 0.9999998836256917 0.0004470918778126961 -0.011639955453574657 0.009046625083759493 -0.00044543374174309285 0.9999589792403363 0.6549001336097717
0.999942121820771 0.00024270274489206453 -0.010756119372343258 -0.014224345795810223 -0.0002371786709605229 0.9999998393390928 0.0005148476152621181 -0.010677974671125412 0.010756242599184784 -0.0005122666947221411 0.9999420187330769 0.6111230254173279
0.9999681139688719 6.455214875524438e-05 -0.007985416617647262 -0.010767841711640358 -6.117093688294931e-05 0.9999999083822461 0.000423666869063942 -0.012722819112241268 0.00798544323464808 -0.00042316488459306494 0.9999680263027546 0.714383065700531
0.9999712474033834 8.873642091801634e-05 -0.007582644154191176 -0.009662349708378315 -8.562735439829836e-05 0.9999999121413491 0.00041034771894396267 -0.014243410900235176 0.0075826799007782 -0.0004096866386232602 0.9999711671455236 0.7664269208908081
0.9999948451465952 -7.052867498995819e-05 -0.0032100943823005204 -0.005132031626999378 7.135543576568535e-05 0.9999999643174243 0.00025743650096939167 -0.01530779991298914 0.003210076111100777 -0.0002576642316054661 0.9999948144968077 0.816084623336792
0.999993123709256 -3.4153235406774914e-05 -0.003708283667834006 -0.005285689607262611 3.4930853518296404e-05 0.9999999774169168 0.00020963301563070122 -0.018304895609617233 0.0037082764244437956 -0.00020976110764674158 0.9999931023193298 0.9255014657974243
0.9999905104434625 -0.00010581841121120453 -0.004355206710058349 -0.00600916612893343 0.00010709170511701878 0.9999999515959661 0.0002921291364020633 -0.01594851166009903 0.004355175586607692 -0.00029259277073882437 0.999990473372162 0.8412463665008545
0.9999865025843145 -4.7494558967167064e-05 -0.0051954204312736245 -0.0065908413380384445 4.9122459506069386e-05 0.9999999497443078 0.00031320658665537647 -0.01606929674744606 0.0051954052945654755 -0.0003134575710056332 0.9999864546623501 0.8505051732063293
0.9999962840113549 -6.127173518275836e-05 -0.0027254741341980002 -0.0045120613649487495 6.195366042099946e-05 0.99999996680073 0.00025012053674100223 -0.017850477248430252 0.0027254587183949573 -0.00025028846039492405 0.9999962546082165 0.9162091016769409
0.9999994245952782 4.733485502543998e-05 -0.0010717128923062795 -0.002925198059529066 -4.73540170509595e-05 0.9999999987194078 -1.7854444551826888e-05 -0.020633120089769363 0.001071712045796308 1.7905184188871195e-05 0.9999994255561825 1.0159248113632202
0.9999999845243442 3.269825156124634e-05 0.0001728645003583788 -0.0018520562443882227 -3.269355847611166e-05 0.9999999990969587 -2.715167979159359e-05 -0.022304385900497437 -0.00017286538801473115 2.7146027815752628e-05 0.9999999846903252 1.1010931730270386
0.999995205799379 -7.847501950406085e-05 -0.0030955161006641445 -0.004684631712734699 7.908776467932264e-05 0.9999999773053686 0.00019782413455433277 -0.0163272637873888 0.0030955005061597293 -0.0001980680035946744 0.9999951893112701 0.8436022400856018
0.999981204799929 -4.357309321646668e-05 -0.0061309174083640375 -0.008097579702734947 4.5928214755078756e-05 0.9999999252179681 0.0003839982518602388 -0.015617779456079006 0.006130900217889953 -0.00038427261662764517 0.999981132020537 0.8422667384147644
0.9999927600776719 8.90555042748643e-07 -0.003805232114718506 -0.0054106153547763824 -1.8497023589258532e-07 0.9999999828087205 0.00018542525382019017 -0.01924964040517807 0.0038052322144330915 -0.00018542320750107293 0.9999927428866814 0.9631571173667908
0.9999917163993217 -7.649978557267745e-05 -0.004069555322358031 -0.005615884438157082 7.748189820459176e-05 0.9999999679156907 0.00024117457056312198 -0.01909954473376274 0.004069536741986224 -0.0002414878896405105 0.9999916902426265 0.9580845832824707
0.9999885523760929 -2.6497395624353658e-05 -0.004784810827451319 -0.006215881556272507 2.7892928936512446e-05 0.9999999570978868 0.00029159253970675647 -0.019386544823646545 0.004784802895729937 -0.0002917226640534125 0.9999885102135606 0.9758294820785522
0.9999805391118005 -9.032224446697526e-05 -0.00623804773666048 -0.007604469545185566 9.24167035854979e-05 0.9999999394601486 0.0003354681085851953 -0.01885039173066616 0.006238017058777482 -0.0003360380798864708 0.9999804869204114 0.9628208875656128
0.9999552229187697 -1.0874903899081544e-05 -0.00946319392226663 -0.010844703763723373 1.5733339386493738e-05 0.9999998681228612 0.0005133290587142638 -0.0171237513422966 0.009463187091883509 -0.0005134549609789631 0.9999550912186344 0.9193106889724731
0.9999691754908707 5.609038877953147e-05 -0.00785142802147406 -0.008954120799899101 -5.234374737689539e-05 0.999999884676098 0.0004773970281763795 -0.020277420058846474 0.007851453893401656 -0.0004769713394824223 0.9999690631065048 1.0476295948028564
0.9999901623879878 1.447237307766394e-05 -0.004435641756929719 -0.005933023989200592 -1.355167064653586e-05 0.9999999783594733 0.00020759914449304607 -0.023257192224264145 0.004435644665392365 -0.0002075369918570126 0.999990140943799 1.1339409351348877
0.9999879177310448 9.600031795792055e-05 -0.004914791538666361 -0.006251487880945206 -9.473584305882664e-05 0.9999999623564434 0.0002575116155545973 -0.022937284782528877 0.0049148160748530975 -0.00025704289731012504 0.9999878891826139 1.1404415369033813
0.9999924406300026 -3.0475276519110908e-05 -0.00388815561778889 -0.0054306043311953545 3.113652774214242e-05 0.9999999850639529 0.0001700076773300414 -0.023058626800775528 0.003888150378684238 -0.00017012745584436514 0.9999924266429628 1.1240944862365723
0.9999777379604949 -4.1796064495429435e-05 -0.006672468546261304 -0.007926753722131252 4.420170186275936e-05 0.9999999340845082 0.00036038477898144337 -0.01761728711426258 0.006672453043776793 -0.0003606716905466271 0.9999776738939277 0.9107778072357178
0.9999936595323319 -2.740939599669522e-05 -0.0035609189628057407 -0.0052590686827898026 2.8195991300735512e-05 0.9999999752158599 0.00022084670159630568 -0.015103279612958431 0.003560912821276728 -0.0002209457049650325 0.999993635521184 0.7976891398429871
0.9999979848161407 2.157134475376854e-05 -0.00200746066838425 -0.0039171455428004265 -2.1280177260733127e-05 0.9999999892518044 0.00014506393536791514 -0.02042141556739807 0.002007463776031831 -0.0001450209239185468 0.9999979745270087 1.0160415172576904
0.9999986526222373 2.8690317835471326e-05 -0.0016413197664531176 -0.003687310731038451 -2.863152844366791e-05 0.9999999989477987 3.584185135799935e-05 -0.021005207672715187 0.0016413207930402259 -3.57948095719075e-05 0.999998652391485 1.027451753616333
0.9999978049572984 -2.336965313052685e-05 -0.002095121582236136 -0.003927825950086117 2.368475566036878e-05 0.9999999884134181 0.00015037352210845248 -0.01910463348031044 0.0020951180437837865 -0.00015042281447490429 0.9999977939242465 0.9573817253112793
0.999994254172467 -1.1777171277908117e-05 -0.0033899090474242342 -0.005034790374338627 1.2563201466995938e-05 0.9999999730433305 0.00023185233278439683 -0.01889752596616745 0.003389906225478942 -0.00023189358871119708 0.9999942273639114 0.9524476528167725
0.9999933653087251 1.0199003021582496e-05 -0.0036426960497726083 -0.005270969122648239 -9.27361386643979e-06 0.9999999676846647 0.00025405642976478453 -0.01956987753510475 0.0036426985231799588 -0.00025402096322220825 0.9999933330881858 0.9843602180480957
0.999994724134584 4.250211531239301e-05 -0.0032480604315730803 -0.00501447357237339 -4.186668809391355e-05 0.9999999799742351 0.00019570056153358858 -0.021746713668107986 0.003248068684216019 -0.00019556354351076528 0.9999947058883476 1.0695874691009521
0.9999983576812549 4.100523709747447e-05 -0.0018118922052913914 -0.0038380336482077837 -4.08998340910064e-05 0.9999999974694054 5.820990506864376e-05 -0.02122623845934868 0.001811894587617185 -5.8135703378838306e-05 0.9999983568277717 1.0400640964508057
0.9999959480969286 1.340741364537545e-05 -0.0028466840299766747 -0.004654969088733196 -1.3132874815560376e-05 0.9999999952614698 9.646029433821368e-05 -0.020579982548952103 0.0028466853097706426 -9.642251834544563e-05 0.9999959435344953 1.0061475038528442
0.9999968138582301 -2.358916614474298e-05 -0.0025242260079736817 -0.004238918423652649 2.3936992570358525e-05 0.999999990223891 0.0001377651559232166 -0.018385400995612144 0.002524222733531421 -0.00013782513936309767 0.9999968046468061 0.9223216772079468
0.9999965711467019 -6.367435167784076e-06 -0.0026187123352656343 -0.0043799905106425285 6.744668617094718e-06 0.9999999896028853 0.0001440442250775517 -0.019152497872710228 0.0026187113908463172 -0.00014406139351794034 0.999996560792569 0.9542405605316162
0.9999955863733369 -1.7622582246353316e-05 -0.0029710138489808485 -0.004644098691642284 1.8296743528080832e-05 0.9999999740940213 0.0002268858435291048 -0.01890653185546398 0.002971009773699389 -0.00022693920201810947 0.9999955607899084 0.953657865524292
0.9999913166914569 -4.2000682752186755e-05 -0.00416710662556052 -0.005694765597581863 4.297818297081559e-05 0.9999999715845922 0.0002344860132156021 -0.01859116181731224 0.004167096658577835 -0.00023466307177221258 0.999991290081409 0.9339724779129028
0.9999886558077125 8.923549966412616e-06 -0.0047632107085842645 -0.00625239685177803 -7.267768590343546e-06 0.9999999395482106 0.0003476359508103848 -0.01899655908346176 0.004763213522786433 -0.0003475973892481358 0.9999885954214633 0.973768413066864
0.9999981512718755 6.487466376617622e-05 -0.0019217814936156345 -0.003960335627198219 -6.478867172477685e-05 0.9999999968973255 4.4808224577063125e-05 -0.02209090068936348 0.0019217843945714755 -4.468363206852153e-05 0.99999815237235 1.0793955326080322
0.9999995234770257 0.00010572739028594866 -0.0009704985525393552 -0.003129093674942851 -0.00010575018923105889 0.9999999941337153 -2.3440707750632995e-05 -0.02438092604279518 0.0009704960685212776 2.3543326986176723e-05 0.9999995287914353 1.1868722438812256
0.9999995745722108 9.387469404643658e-05 -0.0009176289768458753 -0.0030917145777493715 -9.386596400216586e-05 0.9999999955489246 9.556759690671381e-06 -0.023547131568193436 0.0009176298698993316 -9.470621496452276e-06 0.9999995789327759 1.15553879737854
0.9999993467992586 0.0001267121833172081 -0.001135933571305075 -0.0033192539121955633 -0.0001266984731561639 0.9999999919000407 1.2141461935523723e-05 -0.025134533643722534 0.00113593510057521 -1.1997532955620607e-05 0.999999354753545 1.2303807735443115
0.9999994348260735 6.724578014770418e-05 -0.001061049263112674 -0.003191010793671012 -6.729317877835872e-05 0.9999999967396352 -4.463583284652735e-05 -0.02249368652701378 0.0010610462580818638 4.4707208997273715e-05 0.9999994360908928 1.099897861480713
0.9999992035518397 6.33648796149026e-05 -0.0012605080634412306 -0.0034271825570613146 -6.335387183499466e-05 0.9999999979546629 8.772739104792958e-06 -0.022655798122286797 0.0012605086167466239 -8.692874051462805e-06 0.9999992055209148 1.1107538938522339
0.9999994879320182 7.759814158183622e-05 -0.001009016466666414 -0.003110980149358511 -7.761132354568013e-05 0.9999999969034158 -1.3025022180958398e-05 -0.02254880592226982 0.0010090154528243941 1.3103326614718942e-05 0.9999994908579299 1.1055670976638794
0.9999999726132331 0.00011618199500131552 0.00020316317939390416 -0.002089222427457571 -0.00011616868752545199 0.9999999911065078 -6.551198954614086e-05 -0.02457372657954693 -0.00020317078890071593 6.548838655207558e-05 0.9999999772164508 1.2091041803359985
0.9999997342316582 0.00016765146387721282 0.0007095277302222655 -0.0017430700827389956 -0.00016761429104968472 0.9999999845772192 -5.245008315158913e-05 -0.025905901566147804 -0.0007095365126125955 5.2331142224536196e-05 0.9999997469096625 1.291496992111206
0.9999960557467348 0.00014386974883042969 0.0028049585502662637 0.00010446447413414717 -0.0001431376113396437 0.9999999556393191 -0.00026121444095753336 -0.02495492622256279 -0.002804996006692404 0.0002608119155948299 0.999996031979401 1.2318601608276367
0.9999985224210292 0.0001876486865500565 0.0017087842838678176 -0.0009253820171579719 -0.00018756515157830573 0.9999999812069145 -4.9045738755806504e-05 -0.02681405283510685 -0.001708793455122947 4.8725157903636013e-05 0.9999985388243258 1.3528528213500977
0.9999984100035048 0.00022540191971308755 0.0017689500946350175 -0.0009046457707881927 -0.00022512552558304173 0.9999999624217106 -0.00015644511931866236 -0.02864455059170723 -0.001768985291191123 0.00015604663475168604 0.9999984231690007 1.4211595058441162
0.9999997803788995 0.00017511102947278127 -0.0006392012834290153 -0.0028208880685269833 -0.00017509335416657248 0.9999999842872913 2.7708030935623986e-05 -0.028147954493761063 0.0006392061253672535 -2.7596104953652568e-05 0.9999997953269715 1.3912684917449951
0.9999981080106369 0.00015382328924133776 -0.0019391527897857522 -0.0039750197902321815 -0.00015370927019498764 0.9999999864493393 5.894727782627889e-05 -0.026954039931297302 0.0019391618309731178 -5.864910053854172e-05 0.9999981181040674 1.3151805400848389
0.9999872464387685 0.00018683549557372309 -0.005046984476617939 -0.006635664962232113 -0.00018508577538884846 0.9999999226146806 0.000347151103284885 -0.030049432069063187 0.005047048946203855 -0.00034621255083680237 0.9999872036350287 1.476149082183838
0.9999984975776008 0.0002602919732118473 -0.0017137942203395875 -0.0039176372811198235 -0.00026146112361767463 0.9999997332493022 -0.0006820112939887251 -0.04744889959692955 0.0017136162411183183 0.0006824583598821801 0.9999982988835358 2.1218724250793457
0.9999996930454429 0.0002453366540044738 0.0007441229376019116 -0.0018141004256904125 -0.0002453133675727761 0.9999999694181693 -3.1384906619119056e-05 -0.029566556215286255 -0.0007441306147132461 3.120235368166768e-05 0.9999997226479823 1.4761513471603394
0.9999606639830168 2.3224945018828992e-05 -0.008869608066111447 -0.009582756087183952 -1.897804718714681e-05 0.9999998851480406 0.0004788984646646764 -0.02826569229364395 0.008869618169810092 -0.0004787112988661269 0.9999605495763392 1.3726887702941895
0.9999684041208153 0.00022815948751202467 -0.007945986617033345 -0.00933365523815155 -0.0002253083771001277 0.9999999099243305 0.00035970469298469835 -0.02761193737387657 0.007946067971331688 -0.00035790303044953354 0.9999683654542357 1.343360424041748
0.9999993506535357 0.0002509880332715244 0.0011116193208267836 -0.0014779563061892986 -0.00025079803387633023 0.9999999539198592 -0.00017105737628355795 -0.030060749500989914 -0.0011116622029576585 0.00017077847326797313 0.9999993675207299 1.4758949279785156
0.9999939840179822 0.00020138023323643757 -0.0034628563130551064 -0.005203688517212868 -0.0002002969497717454 0.99999993090177 0.00031317341364526765 -0.030899804085493088 0.0034629191407129483 -0.00031247793004264 0.9999939552560144 1.5404102802276611
0.9999999717116106 0.00016217437430142184 -0.00017400071930219704 -0.002463872777298093 -0.00016218835570684068 0.9999999836200926 -8.034147116625112e-05 -0.026983682066202164 0.00017398768712426454 8.036968978407574e-05 0.9999999816344987 1.3164010047912598
0.9999987450585499 0.00019077330868182997 -0.0015727322945208455 -0.003654654836282134 -0.0001909753362037857 0.9999999735328389 -0.00012830721987543148 -0.02847033366560936 0.001572707775302223 0.00012860741193608755 0.9999987550244186 1.3568899631500244
0.9999999387380792 0.00015357967129687767 -0.0003145427192682984 -0.002566188108175993 -0.00015360015220798194 0.9999999860851315 -6.509016756914976e-05 -0.026391861960291862 0.00031453271836493797 6.513847739115659e-05 0.9999999484130725 1.2906618118286133
0.9999970515856553 0.00012226453862062455 -0.0024252569717086014 -0.0042514074593782425 -0.00012172987058686379 0.9999999682577042 0.00022060469020043628 -0.026277469471096992 0.002425283866856042 -0.0002203088135490972 0.9999970347266995 1.310755968093872
0.9999927825239225 0.0002392946042866775 -0.003791785615671694 -0.0054705096408724785 -0.00023931463697967473 0.99999997135259 -4.829466208427621e-06 -0.03248601034283638 0.0037917843513816515 5.7368611499900185e-06 0.9999928111434206 1.5393598079681396
0.9999990204017085 0.00025077301465236155 -0.0013770651829270665 -0.0034732751082628965 -0.0002510860672844841 0.9999999426759176 -0.000227165023015154 -0.03181880712509155 0.001377008137130424 0.00022751056236586118 0.9999990260432926 1.5019538402557373
0.9999999735462104 0.00019634880219168734 0.00011981121023190882 -0.0022327827755361795 -0.00019634412132203376 0.9999999799608998 -3.9079223365618004e-05 -0.028211604803800583 -0.00011981888098969841 3.905569810502695e-05 0.999999992059044 1.3938865661621094
0.9999998887411049 0.00016925947464397376 0.00044030558502959117 -0.0019126625265926123 -0.00016919365148213976 0.9999999745075587 -0.00014952722276073783 -0.02727178856730461 -0.00044033088270429633 0.00014945270921480508 0.999999891886295 1.3270509243011475
0.9999998484561226 0.00015209662138024996 0.0005291071249125164 -0.0018452464137226343 -0.00015207768680383283 0.999999987794439 -3.582595195263557e-05 -0.025929469615221024 -0.000529112567460717 3.5745481135803776e-05 0.9999998593810658 1.289379358291626
0.9999994365989845 0.00016730118856622927 0.0010482423507344322 -0.0014215803239494562 -0.0001671364748277372 0.9999999736738093 -0.00015721889010997576 -0.02681592106819153 -0.0010482686260453848 0.00015704360200142654 0.9999994382349396 1.3142056465148926
0.999999983651206 0.0001565687128397116 -9.0464499620682e-05 -0.0023484404664486647 -0.0001565738231925297 0.9999999861469946 -5.648582586079312e-05 -0.026874709874391556 9.045565445442808e-05 5.649998930988681e-05 0.9999999943127629 1.3192622661590576
0.9999982957515055 0.00020139041292047404 -0.0018351937189386703 -0.0038601148407906294 -0.00020113212024959937 0.9999999698426457 0.00014092756198803917 -0.028977006673812866 0.0018352220450539838 -0.00014055820540869493 0.9999983061002834 1.4371750354766846
0.9999623294771718 0.000370022009965498 -0.008671949625118861 -0.009738325141370296 -0.0003662236151415178 0.9999998363190276 0.00043959320086802095 -0.04072267562150955 0.008672110864845463 -0.0004364007684202763 0.9999623013131632 1.9601547718048096
0.9999932166460961 -0.0003179090267466168 0.003669549787753879 0.0010866504162549973 0.00032143576978943474 0.9999994870270347 -0.0009605335566594736 -0.04722193628549576 -0.0036692425430858875 0.0009617065655812294 0.9999928058639431 1.9917032718658447
0.9999992680533555 2.4827165457103752e-05 -0.001209659607161398 -0.0032515355851501226 -2.4822977906939454e-05 0.999999999685866 3.476772668711309e-06 -0.020993564277887344 0.0012096596930998129 -3.4467427701957357e-06 0.9999992683555059 1.0243453979492188
0.9999994254170997 6.999224199750091e-05 -0.0010697039571512005 -0.0031475434079766273 -6.998188763287457e-05 0.9999999975040567 9.717081306612154e-06 -0.022700373083353043 0.0010697046346015867 -9.642215821213603e-06 0.9999994278193473 1.1110641956329346
0.9999996868013283 9.452306268247265e-05 -0.0007857879079509881 -0.0029773209244012833 -9.453338563956448e-05 0.9999999954459153 -1.3099946846842794e-05 -0.02408025972545147 0.0007857866661253464 1.3174225935290079e-05 0.99999969118283 1.1739743947982788
0.9999962779566227 3.593239856860026e-05 -0.0027281462137507956 -0.004603113047778606 -3.580026142818769e-05 0.9999999981838413 4.848359102341814e-05 -0.022045176476240158 0.0027281479509277656 -4.838574221772267e-05 0.9999962774268601 1.0593950748443604
0.9999961841109257 9.85805131346325e-05 -0.0027608052213563684 -0.004688716493546963 -9.817243088446719e-05 0.9999999842367976 0.00014794789149466138 -0.023612791672348976 0.0027608197626162972 -0.00014767629198213957 0.999996178025672 1.1633224487304688
0.9999999597919557 0.0001163970863697927 0.00025858809897964303 -0.002055913908407092 -0.00011636826100040744 0.9999999870148288 -0.00011148439159851496 -0.024879148229956627 -0.0002586010720801901 0.00011145429566855197 0.9999999603517118 1.2114087343215942
0.9999999967830084 7.621108429658506e-05 -2.5017071623401167e-05 -0.0022544770035892725 -7.62138381348772e-05 0.9999999910351749 -0.00011009587266509033 -0.022942163050174713 2.500868087329511e-05 0.00011009777895796015 0.9999999936265225 1.118157148361206
0.9999968211578243 0.00012368349757147526 -0.0025184075601743772 -0.0044133709743618965 -0.00012311984159835436 0.9999999673398653 0.00022396824130693703 -0.02611858770251274 0.002518435179098277 -0.00022365746340735672 0.9999968037256859 1.2997136116027832
0.9999999543294805 0.00011782473052348871 -0.00027831343800831693 -0.002500610426068306 -0.00011785151434269495 0.9999999884261995 -9.622173021154073e-05 -0.024978742003440857 0.00027830209748774007 9.625452547717553e-05 0.9999999566415035 1.2126502990722656
0.9999998937103921 0.00010040983089289262 0.00044999674465389587 -0.0018273189198225737 -0.00010036757207243338 0.9999999905516805 -9.393076791584158e-05 -0.023851433768868446 -0.00045000617197470496 9.388559285127568e-05 0.9999998943399647 1.1717529296875
0.9999998857836204 0.00011469330092287544 0.0004639808107945974 -0.0018070570658892393 -0.00011465127407127175 0.9999999893229602 -9.060444116251817e-05 -0.024703018367290497 -0.00046399119756309096 9.05512348229047e-05 0.9999998882563149 1.2147789001464844
0.9999995908628602 0.00013717014804534217 0.0008941244111840492 -0.0014854718465358019 -0.00013708666463012946 0.9999999862390854 -9.342952035195654e-05 -0.02541526034474373 -0.000894137214621218 9.330690959317621e-05 0.9999995959061493 1.2561317682266235
0.9999999633589096 0.0001674095582709093 0.00021273509133542328 -0.002115124836564064 -0.00016738824740539785 0.9999999809716233 -0.00010018945691295449 -0.02722100540995598 -0.00021275185996014507 0.00010015384388780328 0.9999999723529264 1.3312971591949463
0.9999998318551075 0.00018619759569193914 0.0005491996105571588 -0.0018725257832556963 -0.00018614943438001146 0.9999999788247373 -8.774345118783e-05 -0.02717280387878418 -0.0005492159365473615 8.764120323734988e-05 0.9999998453404254 1.3412712812423706
0.999999796281682 0.0001132346876645746 -0.0006281834924418757 -0.0030501268338412046 -0.00011318237291161389 0.9999999901242358 8.331433830077214e-05 -0.02440674975514412 0.0006281929203111592 -8.324322202981679e-05 0.9999997992220904 1.2163872718811035
