0.9999948589461786 -8.236069166294871e-05 0.003205510556657654 0.0017139473930001259 8.246298968134256e-05 0.999999996094911 -3.1781019450978107e-05 -0.014291958883404732 -0.003205507926633106 3.204519204700371e-05 0.9999948618328185 0.7640601396560669
0.9999865689450681 -9.093455701831736e-05 0.005182051753603053 0.0036477085668593645 9.16461564213935e-05 0.9999999864046554 -0.00013708271715111257 -0.013741375878453255 -0.005182039217595115 0.00013755579111120276 0.9999865636837086 0.7324104905128479
0.999957439384646 -0.00015486488741236763 0.009224718758239046 0.0084770442917943 0.00015664821547648933 0.9999999691836018 -0.00019259836951323228 -0.011520635336637497 -0.009224688647241628 0.00019403520813986028 0.9999574328288677 0.6343206763267517
0.9999916965169624 -0.00010622819948726851 0.004073771311343902 0.002685427898541093 0.00010649716608691255 0.9999999921638887 -6.580711438105975e-05 -0.013718915171921253 -0.004073764288850102 6.624041305274602e-05 0.9999916999939183 0.7394058108329773
0.9999904097517697 -9.86687388494325e-05 0.004378432249952387 0.002861447399482131 9.909388206844753e-05 0.9999999903970834 -9.688258430861022e-05 -0.013629112392663956 -0.004378422648624258 9.731553102959898e-05 0.9999904099264137 0.7274307608604431
0.999974488597295 -0.00011117665135592113 0.00714211413592193 0.006042608059942722 0.00011228136796523504 0.9999999817959616 -0.00015427563281880804 -0.012669687159359455 -0.007142096854058366 0.0001550736233763568 0.9999744828767875 0.6840614080429077
0.999983818566653 -0.0001316533446630727 0.005687290413924608 0.004549587145447731 0.0001321823937654736 0.9999999869721493 -9.264726761210859e-05 -0.012182324193418026 -0.005687278142508782 9.33975281074749e-05 0.9999838229412672 0.6694343090057373
0.9999637035769067 -0.00013901066250113776 0.008518932139182155 0.007638587616384029 0.00014030155443410554 0.9999999787670952 -0.00015093469685872803 -0.011593968607485294 -0.008518910976768275 0.00015212443789035728 0.9999637018481847 0.6357282996177673
0.9999646689442347 -0.00016636229509214116 0.008404355230085975 0.007669013924896717 0.00016768142533632634 0.999999973733885 -0.00015625353952031308 -0.011462646536529064 -0.008404329014638766 0.00015765727318180843 0.9999646705749147 0.6381809711456299
0.9999553353751349 -0.00017561207757085852 0.009449678047398886 0.008821195922791958 0.0001773125845170337 0.9999999682387692 -0.0001791164646318833 -0.011039994657039642 -0.009449646292251 0.00018078401129962158 0.9999553347535541 0.6114708781242371
0.9999777413332908 -0.00011643581173682955 0.006671077924296687 0.0054985275492072105 0.00011729228541302358 0.9999999849298989 -0.0001279950063085064 -0.01206087227910757 -0.006671062920560411 0.00012877462328622966 0.9999777399205476 0.6578153371810913
0.9999911752583304 -9.377680566708813e-05 0.004200072782004821 0.002605476649478078 9.420432834831296e-05 0.9999999904023424 -0.00010159163294236811 -0.013895226642489433 -0.004200063214755141 0.00010198640145789439 0.9999911744949384 0.7363117337226868
0.9999908887673173 -8.830946572338448e-05 0.004267854705691221 0.0026298719458281994 8.87697124441024e-05 0.9999999902656013 -0.00010765098873669378 -0.013802818022668362 -0.004267845157544922 0.0001080288641384643 0.9999908868722133 0.7316666841506958
0.9999891771113739 -0.00012080890776028839 0.0046509209115354255 0.0032958700321614742 0.00012108357934787223 0.9999999909420785 -5.877593125475805e-05 -0.012417967431247234 -0.004650913768751691 5.933844528063276e-05 0.9999891826815253 0.6774514317512512
0.9999635090436153 -0.00012771333635008976 0.008541912577586262 0.007322179153561592 0.00012926837151052822 0.9999999751744821 -0.00018149579387518892 -0.011560951359570026 -0.00854188918609549 0.0001825933700485805 0.9999635007282984 0.6248757243156433
0.9999756371785289 -0.0001469727779824423 0.006978785596175134 0.0060343071818351746 0.00014791746545589693 0.9999999799679985 -0.00013484964079222615 -0.011603583581745625 -0.006978765637149774 0.00013587863975184845 0.9999756388868564 0.6503866314888
0.9999957521433092 -7.882323739260373e-05 0.002913671607171486 0.0012943227775394917 7.894747567818226e-05 0.9999999959794695 -4.2524780288215864e-05 -0.014399824663996696 -0.002913668243516129 4.275462666738478e-05 0.9999957543456914 0.7614334225654602
0.9999728228896851 -0.00010990711914520817 0.007371662123273448 0.006048699840903282 0.00011095526570893536 0.9999999837940909 -0.0001417771031686516 -0.011727113276720047 -0.007371646421495992 0.00014259117480628294 0.99997281887899 0.6358736157417297
0.9999732998072529 -0.00011677084423449754 0.007306574927011609 0.0061105964705348015 0.00011779566070733973 0.9999999832859745 -0.000139829300036379 -0.01132459007203579 -0.007306558476903914 0.00014068624938815135 0.9999732968487723 0.6294909119606018
0.9999941852568598 -0.00010343109897678855 0.0034086294132867475 0.0016838016454130411 0.00010365812798544652 0.9999999924211838 -6.642759294161633e-05 -0.013169242069125175 -0.0034086225167744306 6.678053882620339e-05 0.9999941883995617 0.7042288780212402
0.9999925203618673 -0.0001007457412144101 0.0038664028005412983 0.002120787976309657 0.000101122715084644 0.9999999901530126 -9.730452836094429e-05 -0.013028766959905624 -0.003866392959452045 9.769478170708508e-05 0.9999925207026364 0.6936626434326172
0.9999948035949564 -7.202274100718616e-05 0.003222979337425057 0.0013257372193038464 7.230875859817337e-05 0.9999999934583678 -8.862679112421295e-05 -0.014096755534410477 -0.003222972933197088 8.885938021838531e-05 0.999994802261233 0.7382422089576721
0.9999933273663181 -0.00011007933353108543 0.0036514525027770512 0.0019026335794478655 0.0001103730598885068 0.9999999906897011 -8.023954935003314e-05 -0.013423208147287369 -0.003651443636064822 8.064203592668257e-05 0.9999933302058742 0.7135027647018433
0.9999946379858898 -7.232122163421687e-05 0.003273953131886132 0.0013655575457960367 7.256828190789231e-05 0.9999999945285898 -7.53436433834573e-05 -0.013644413091242313 -0.00327394766502866 7.558082454360632e-05 0.9999946377627359 0.7175816893577576
0.9999874991654636 -0.00010065576294441755 0.004999138047631034 0.003256560070440173 0.00010135161184731366 0.9999999852116753 -0.00013894063438108943 -0.013456249609589577 -0.004999123988526599 0.0001394455682061833 0.9999874945789475 0.7116184830665588
0.9999955814643506 -8.962312942155013e-05 0.0029713665997582487 0.0007709964411333203 8.984430718791576e-05 0.9999999932035338 -7.430298073282294e-05 -0.014276590198278427 -0.002971359920297797 7.45696127960103e-05 0.9999955827200423 0.7498000264167786
0.9999989506392906 -5.104999657248941e-05 0.0014477963308059383 -0.0008762747747823596 5.113595158349934e-05 0.9999999969323791 -5.9332591004511945e-05 -0.016238803043961525 -0.0014477932974360805 5.940656318629702e-05 0.999998950182163 0.8219422101974487
0.999980549311038 -0.0001701962161205198 0.00623474400777189 0.00398203544318676 0.00017215050789292141 0.9999999362237358 -0.0003129164851780369 -0.015124339610338211 -0.006234690352941471 0.00031398371308433295 0.9999805148353794 0.7631732225418091
0.9999636606748766 -0.00019168354012338276 0.008522944744660638 0.007544689811766148 0.00019328904671135112 0.9999999637319225 -0.00018755132109145797 -0.010228081606328487 -0.008522908485048638 0.00018919189746789247 0.9999636614584458 0.555137038230896
0.9999974876219414 -2.7950777986311565e-05 0.002241421102565664 -0.000273759535048157 2.8017491138789048e-05 0.9999999991655028 -2.9732380584821327e-05 -0.014250881969928741 -0.002241420269652036 2.9795104881720146e-05 0.999997487570557 0.7464756965637207
0.9999999676611169 -3.5761858992159716e-05 0.00025179129231137716 -0.002092102076858282 3.5777314577058426e-05 0.9999999974763449 -6.137828679080151e-05 -0.01547524705529213 -0.00025178909667430537 6.138729322216905e-05 0.999999966416925 0.791027843952179
0.9999999960044753 -1.9467407006422395e-05 8.724717398137161e-05 -0.0023475205525755882 1.9473516586664946e-05 0.9999999973585841 -7.002580803884635e-05 -0.015457173809409142 -8.724581053000949e-05 7.002750676834616e-05 0.9999999937421584 0.7951550483703613
0.9999996311668348 -5.491326524387433e-05 0.0008571176859557231 -0.001466822810471058 5.495560719772219e-05 0.9999999972709003 -4.937692332633774e-05 -0.015178214758634567 -0.0008571149721684759 4.9424008537362426e-05 0.999999631455528 0.7878419160842896
0.9999994230322214 -7.641502329483278e-05 0.0010714924023615849 -0.0011020663660019636 7.645262733185936e-05 0.999999996463103 -3.505409512312589e-05 -0.014214016497135162 -0.0010714897199123313 3.5135993307369166e-05 0.9999994253374559 0.7405161261558533
0.9999987344896129 -7.690023892144129e-05 0.0015890580625064308 -0.000593607546761632 7.695591312897414e-05 0.9999999964272731 -3.497486660828545e-05 -0.013557461090385914 -0.0015890553672535618 3.5097109761443606e-05 0.9999987368348185 0.715291440486908
0.9999961569831272 -6.435566528208921e-05 0.002771619982113261 0.0007036210736259818 6.436658690899524e-05 0.9999999979210549 -3.851321208271124e-06 -0.011962806805968285 -0.002771619728496877 4.02970612603614e-06 0.9999961590465446 0.646033763885498
0.9999981841925986 -5.5662523706471523e-05 0.0019048656617760955 -0.0001272403751499951 5.56273671277093e-05 0.9999999982815034 1.8509174898163865e-05 -0.01179382111877203 -0.0019048666887699765 -1.8403178627570505e-05 0.9999981855704646 0.6388466358184814
0.9999954735416803 -6.484901455023983e-05 0.003008104179646453 0.0012583545176312327 6.490853229392703e-05 0.9999999976996289 -1.9688176858598386e-05 -0.01209163200110197 -0.0030081028959678302 1.988333936817453e-05 0.9999954754505741 0.653354287147522
0.9999994725913177 -6.334885854587799e-05 0.0010250873175229288 -0.0012389293406158686 6.334711957753218e-05 0.9999999979920767 1.72887805432006e-06 -0.011302251368761063 -0.0010250874249870835 -1.663940813614227e-06 0.9999994745963632 0.6127030253410339
0.9999957709693091 3.444850668819489e-05 -0.0029080675365780314 -0.0057814400643110275 -3.368596805317499e-05 0.9999999650415626 0.0002622634722727735 -0.006766796577721834 0.002908076469501514 -0.0002621644020823666 0.999995737171451 0.3794592022895813
0.9999972291212866 -7.995201905755468e-05 0.002352734031619089 0.0009434332605451345 7.954837349667543e-05 0.9999999821028716 0.0001716575454066845 -0.00713790999725461 -0.002352747713879247 -0.0001714699135989604 0.9999972175842609 0.4061838388442993
0.9999982377096527 -0.00010576698465674965 0.0018744041543442681 0.00024004335864447057 0.00010567402985193855 0.9999999931819206 4.969062397257809e-05 -0.011480466462671757 -0.001874409397191895 -4.949246056271034e-05 0.9999982420684088 0.6347370743751526
0.9999996424937677 -2.9606607948175615e-05 -0.0008450655509278001 -0.0031895192805677652 2.9690185666411203e-05 0.999999994669779 9.88884963150934e-05 -0.01207693014293909 0.000845062618670473 -9.8913551114947e-05 0.9999996380425743 0.6497159600257874
0.999999981877207 8.199642837142123e-07 -0.00019038096886049016 -0.002478228649124503 -7.935667021049386e-07 0.9999999903868512 0.00013865665390023325 -0.010049411095678806 0.0001903810807238335 -0.00013865650030738983 0.999999972264709 0.568199872970581
0.9999996219236115 -5.132892724734455e-05 0.0008680541315493382 -0.0011886904248967767 5.12893190411809e-05 0.9999999976426993 4.565092775459665e-05 -0.013041696511209011 -0.0008680564727162231 -4.56063885897607e-05 0.9999996221989373 0.6942099332809448
0.9999995765678663 -2.4969804891160728e-05 0.0009199133635102674 -0.0012802855344489217 2.495006316570897e-05 0.9999999994582259 2.1471887860043195e-05 -0.01299367193132639 -0.000919913899160733 -2.144892687162935e-05 0.999999576649091 0.6938440203666687
0.9999991092236049 -4.0616052351797944e-05 0.0013341298036446934 -0.0008322554640471935 4.055591163543412e-05 0.99999999816035 4.510563194740832e-05 -0.012692832387983799 -0.0013341316332030702 -4.505148491794928e-05 0.9999991090311776 0.6810351014137268
0.9999965790758305 -7.303506706996675e-05 0.002614670632259814 0.0007486947579309344 7.32208447754677e-05 0.9999999948019489 -7.095639500223127e-05 -0.014147134497761726 -0.0026146654363635546 7.114760065828829e-05 0.9999965792254866 0.7408056855201721
0.999997778501566 -8.184420469525104e-05 0.0021062510437634247 0.00017345728701911867 8.189100347421644e-05 0.9999999964020024 -2.2132761829474584e-05 -0.0145212821662426 -0.0021062492247468484 2.2305195673121238e-05 0.9999977816058803 0.7611281871795654
0.9999934823602121 -5.235947523402533e-05 0.0036100547892650124 0.0016035098815336823 5.304627108469379e-05 0.9999999805145764 -0.00019014978289782548 -0.015558183193206787 -0.0036100447627787175 0.00019034004351501673 0.9999934656523904 0.792850911617279
0.9999961944704348 -9.043209534638062e-05 0.0027573296292713553 0.0008242547628469765 9.049057071717504e-05 0.9999999956834924 -2.1082498075633166e-05 -0.014538229443132877 -0.002757327710834845 2.1331930177371573e-05 0.9999961983371956 0.770358145236969
0.9999999945069229 -2.2561820035274066e-05 -0.00010235779914889832 -0.0023471468593925238 2.25632632757879e-05 0.9999999996460615 1.4098823632257092e-05 -0.012878727167844772 0.00010235748101754842 -1.4101133080781688e-05 0.9999999946620522 0.6822401285171509
0.9999995682701508 2.820034911937544e-05 -0.0009287972072370955 -0.0035173266660422087 -2.806170805801399e-05 0.9999999884636888 0.0001492821576443908 -0.01032954454421997 0.0009288014063311649 -0.0001492560295587528 0.9999995575251946 0.5742595195770264
0.9999998329861838 -8.482306051356848e-05 0.0005716927960689956 -0.0016162451356649399 8.476275294002692e-05 0.999999990841154 0.00010551287968963932 -0.014675365760922432 -0.0005717017407583281 -0.00010546440381229983 0.9999998310171754 0.7745189070701599
0.9999999656732746 -5.96103141250731e-05 0.00025514713409963694 -0.0017569849733263254 5.9607516229699965e-05 0.9999999981632643 1.0973401780338146e-05 -0.014964288100600243 -0.0002551477877589262 -1.095819271672039e-05 0.9999999673897617 0.7730295658111572
0.999999904742195 -2.0069885154877523e-05 -0.0004360192661846599 -0.0028862992767244577 2.0083559550403493e-05 0.9999999993066773 3.135755088236793e-05 -0.013069230131804943 0.0004360186365399129 -3.1366304714214016e-05 0.9999999044519472 0.6943367719650269
0.9999959873971401 4.699800164263293e-05 -0.002832486682526378 -0.006027499213814735 -4.6430830472570894e-05 0.9999999788613788 0.00020030331954330193 -0.010797183960676193 0.002832496036507256 -0.00020017100109665688 0.99999596844076 0.5934003591537476
0.9999997883478695 -7.446989819937852e-05 0.0006463423632255298 -0.0016991801094263792 7.441397959333057e-05 0.9999999934867739 8.653907598884178e-05 -0.014729965478181839 -0.000646348803571935 -8.64909607652346e-05 0.9999997873762463 0.7794489860534668
0.9999928358950757 9.060022593776908e-05 -0.003784170995498049 -0.005589446052908897 -8.92588583922623e-05 0.9999999331332968 0.00035463538745787775 -0.02515736222267151 0.0037842028725092393 -0.00035429507602973293 0.9999927771157243 1.2521063089370728
0.9999952053933645 1.2150683085143348e-05 -0.003096617936350262 -0.004736904986202717 -1.1273606914460845e-05 0.9999999598200088 0.0002832541027042178 -0.019535353407263756 0.003096621253659015 -0.0002832178345588387 0.9999951653505479 1.0050684213638306
0.9999999941776949 -9.389748874918331e-05 5.31777347605472e-05 -0.002047003712505102 9.390534763731211e-05 0.9999999846681619 -0.00014780210250974081 -0.020884577184915543 -5.316385569897727e-05 0.00014780709532286117 0.9999999876633333 0.9829378128051758
0.9999995099547372 -2.8627285644735565e-05 -0.0009895811053604161 -0.002925632055848837 2.8746354435733776e-05 0.9999999923497676 0.00012030840356983256 -0.018032116815447807 0.0009895776536868563 -0.00012033679146246689 0.9999995031274386 0.9140874147415161
0.9999929466219744 4.917353684918114e-05 -0.0037555676354968644 -0.005344257690012455 -4.828710663541245e-05 0.9999999709575521 0.00023612126286426166 -0.022603865712881088 0.0037555791373436067 -0.000235938251916843 0.9999929199541789 1.1100454330444336
0.9999978869728151 4.094774965531784e-05 -0.0020553279998000423 -0.00394072849303484 -4.087524734720357e-05 0.9999999985409516 3.531729188013513e-05 -0.021682076156139374 0.002055329442964845 -3.523320521336583e-05 0.9999978871875191 1.044705867767334
0.9999972969678366 1.4754582809256716e-05 -0.002325046090435228 -0.004201158881187439 -1.464980429044035e-05 0.9999999988764909 4.508216054849215e-05 -0.020817236974835396 0.002325046752991489 -4.504797721977107e-05 0.9999972960604824 1.0109764337539673
0.9999980398262256 -2.549176649961185e-05 -0.0019798216779389824 -0.003796742530539632 2.5707445991729658e-05 0.999999993738491 0.0001089134759337347 -0.01775537058711052 0.001979818889145414 -0.00010896415860325436 0.9999980342200571 0.8900082111358643
0.9999995404437143 -1.769183634723266e-05 -0.0009585402230189279 -0.002907027956098318 1.774833430455961e-05 0.9999999981059379 5.893319145219171e-05 -0.015645775943994522 0.0009585391785670145 -5.895017686139565e-05 0.9999995388636537 0.8088473081588745
0.9999997871980919 -3.4668620261300486e-05 -0.0006514613248294749 -0.002603235887363553 3.473636837480246e-05 0.9999999939904559 0.0001039830413522021 -0.015986278653144836 0.0006514577159659152 -0.00010400564862497371 0.999999782392811 0.8279076814651489
0.9999978336704943 -1.864865167623447e-05 -0.002081419358622728 -0.0039106737822294235 1.9032335937112197e-05 0.9999999828322962 0.00018431814287304848 -0.01816454902291298 0.0020814158856046925 -0.00018435735785167644 0.9999978168577549 0.9204248189926147
0.9999971825497495 6.744828401453748e-06 -0.002373783282157057 -0.004183758050203323 -6.369055763759303e-06 0.9999999874488986 0.00015830867980319433 -0.019971871748566628 0.0023737843201283412 -0.0001582931150182696 0.9999971700416415 0.9911700487136841
0.9999966496247651 0.00012507494698959774 -0.002585555163316733 -0.0047410400584340096 -0.00012465332508842204 0.9999999789089641 0.00016322873501854168 -0.02506917342543602 0.0025855755246100764 -0.00016290589009272327 0.9999966441248078 1.2444032430648804
0.9998566987878167 0.0007358559347251512 -0.01691272908706848 -0.01703907549381256 -0.0007078888250251378 0.9999983724085885 0.0016595401729334943 -0.054879311472177505 0.01691392274254104 -0.0016473300268936327 0.9998555923338339 2.889430046081543
0.9999971453442102 6.259295874775777e-05 -0.0023885948907318663 -0.0044162580743432045 -6.261625299665006e-05 0.9999999979927755 -9.677499843509884e-06 -0.023073283955454826 0.0023885942801940715 9.827037079563496e-06 0.999997147256328 1.1048481464385986
0.9999989495913129 -2.731887262653491e-06 -0.001449416712856508 -0.003366048214957118 2.7365769836424154e-06 0.9999999999910273 3.233608697641909e-06 -0.01821705512702465 0.0014494167040096486 -3.237571741447352e-06 0.9999989495898163 0.9007874727249146
0.9999909063434655 -5.8005177677397004e-05 -0.0042642544217567115 -0.005656094290316105 5.936519881416318e-05 0.9999999474181723 0.00031880938743243783 -0.018241606652736664 0.004264235704939258 -0.0003190596366009104 0.9999908572056051 0.9366164207458496
0.9999905354406237 2.419668128023144e-05 -0.004350683129728611 -0.005785280838608742 -2.296878252532519e-05 0.9999999598949358 0.000282280997554381 -0.018525000661611557 0.0043506897855075145 -0.0002821783959944755 0.9999904958917074 0.9407505989074707
0.9999991990159073 -2.1472913849595152e-05 -0.0012655064038048789 -0.0031952615827322006 2.1544396399538413e-05 0.9999999981733917 5.6471727232826376e-05 -0.018548373132944107 0.00126550518888076 -5.649894657148089e-05 0.9999991976519212 0.9271515607833862
0.9999999429234774 -4.256340640250519e-05 -0.0003351736838405176 -0.002362522529438138 4.259581824049833e-05 0.9999999944178294 9.669507461563937e-05 -0.01648693159222603 0.00033516956629776293 -9.670934609393663e-05 0.9999999391543302 0.8468555808067322
0.9999948443800952 4.2968566607973335e-05 -0.0032108202895306114 -0.004921318031847477 -4.2042027618763804e-05 0.9999999574612595 0.00028863462620971984 -0.022208116948604584 0.0032108325551625217 -0.0002884981487240044 0.9999948036480596 1.1144005060195923
0.999997874466295 -4.191536097602357e-06 -0.002061806325308982 -0.003985190764069557 4.090343146420033e-06 0.9999999987870164 -4.908397021486285e-05 -0.02197706140577793 0.0020618065285452777 4.907543238985781e-05 0.9999978732704589 1.042600154876709
0.9999952810578182 0.0001126118443701762 -0.0030700457110298613 -0.005038738250732422 -0.00011159524408545952 0.9999999388919072 0.0003313045180636865 -0.024505101144313812 0.00307008283223805 -0.00033096035215634525 0.9999952325169599 1.2555831670761108
0.9999974270990595 0.00021542946346356999 -0.0022581818809064083 -0.0045456429943442345 -0.00021520334951338142 0.9999999718063409 0.00010037347977175764 -0.029024895280599594 0.0022582034406448915 -9.988725321615566e-05 0.9999974452666152 1.4312621355056763
0.9997888448678326 0.0008465435805635044 -0.02053165949969427 -0.020030656829476357 -0.0008057671444383223 0.9999976869128145 0.0019942187266725146 -0.06112968176603317 0.020533300201237083 -0.001977253900508065 0.9997872143860708 3.226374864578247
0.9997278750492498 0.0008687246075605062 -0.023311395648220993 -0.022001316770911217 -0.000826971930314906 0.9999980368597762 0.001800664882816312 -0.06034267321228981 0.023312914166576198 -0.0017808970071162141 0.999726630854111 3.079847574234009
0.9997055334660877 0.0009274038414120369 -0.024248428390307636 -0.023211652413010597 -0.0008788527841229953 0.9999975880928069 0.0020128155286845036 -0.06280172616243362 0.024250236598202135 -0.0019909120230709385 0.9997039373205687 3.240034580230713
0.9997440517183979 0.001156512389064452 -0.022594103938313025 -0.022349316626787186 -0.001137963152812853 0.9999990048941467 0.0008338168738302704 -0.06595595926046371 0.02259504577433274 -0.0008078922020816188 0.9997443729357247 3.1009063720703125
0.9998556042671575 0.0005794782275500574 -0.0169833689396845 -0.016851894557476044 -0.0005501760168923472 0.9999983522557413 0.001729968830052691 -0.04917188361287117 0.01698434343470719 -0.0017203751876590319 0.999854275575849 2.604355812072754
0.9998344432763098 0.0006814929340130988 -0.018183003209941054 -0.0180366113781929 -0.0006533965275726456 0.9999985835833721 0.0015510977491048168 -0.05175035446882248 0.01818403451738894 -0.001538960243285134 0.9998334723792958 2.6714375019073486
0.9998974185528798 0.000614659892544531 -0.014309946348720503 -0.014691121876239777 -0.0006036908017218338 0.9999995206790357 0.0007708431192241961 -0.04491591081023216 0.014310413296012054 -0.000762125262037668 0.9998973103456085 2.2007791996002197
0.9998199185780295 0.0007601685183762832 -0.018961871174709145 -0.01920093595981598 -0.0007495146028476279 0.9999995572558993 0.0005689603375423261 -0.05256097763776779 0.018962295285189345 -0.0005546456790129366 0.9998200456710639 2.434422731399536
0.9997893418402424 0.0006827711288288997 -0.020513550795517584 -0.019678834825754166 -0.0006521709099284956 0.9999986647937013 0.0014983604101607578 -0.051325589418411255 0.020514546442923994 -0.0014846664272259228 0.9997884521986842 2.5897340774536133
0.999885953480034 0.0005684682180818965 -0.015091616123144344 -0.015116293914616108 -0.0005526505439351462 0.9999992936631285 0.001052259768496687 -0.045191869139671326 0.015092203639614981 -0.0010437993720726734 0.9998855613879876 2.261557102203369
0.999896888709669 0.0005555516228256339 -0.014349331382268524 -0.014352760277688503 -0.0005375530363484166 0.999999064057474 0.001258141847803171 -0.04667184129357338 0.014350016914864356 -0.0012502985925197164 0.9998962515021109 2.3984405994415283
0.9999653754778562 0.0002766159335014633 -0.008316930266365586 -0.009675191715359688 -0.00027668395942705083 0.999999961698292 -7.028611362372151e-06 -0.03393089771270752 0.008316928003587059 9.3295291964391e-06 0.999965413712666 1.5508358478546143
0.9999268417832912 0.0003781055176802284 -0.012090000724188421 -0.012595558539032936 -0.0003646075856343827 0.999999307853988 0.0011186388397252088 -0.03724426031112671 0.012090415319660226 -0.001114148896128189 0.999926287548055 1.9390077590942383
0.9999413578632388 0.00045816310964976175 -0.010819931662781395 -0.012061670422554016 -0.00045731581953239217 0.9999998921682269 8.07822745006632e-05 -0.04045848175883293 0.01081996750750707 -7.582941133982469e-05 0.9999414595630272 1.849269151687622
0.9999984036644767 -3.186260674366385e-05 -0.001786519877457704 -0.0036072006914764643 3.2121704121272606e-05 0.9999999889715111 0.00014500059879346585 -0.017397070303559303 0.0017865152376580324 -0.00014505775338676959 0.9999983936594867 0.8844273686408997
0.9997509181467439 0.0007647670111864405 -0.02230508453607383 -0.022947752848267555 -0.0007135996106728927 0.99999709613042 0.002301848457931693 -0.05390208587050438 0.022306780142782746 -0.002285358209610908 0.9997485607379064 2.9157073497772217
0.9999615480270415 0.00026624837106451436 -0.008765362466411266 -0.010122234001755714 -0.0002660164196758544 0.9999999642359743 2.7628146999090228e-05 -0.03347634896636009 0.008765369508875753 -2.529535430185309e-05 0.9999615830908295 1.529165267944336
0.9999944289410965 8.582953826712122e-05 -0.003336872796645214 -0.0052013276144862175 -8.53413333596393e-05 0.9999999856348863 0.00014644823039619713 -0.023560311645269394 0.003336885318294652 -0.00014616264135076205 0.99999442190087 1.1449249982833862
0.9999974326627741 2.2978993642725174e-05 -0.002265864035292271 -0.00414360873401165 -2.2689020043167412e-05 0.9999999915505443 0.0001280004674800079 -0.0207379050552845 0.002265866957468882 -0.00012794872862513095 0.9999974247347109 1.0228136777877808
0.9999976743124315 4.179205261263538e-05 -0.002156298484088124 -0.004124685190618038 -4.1750457729662616e-05 0.9999999989415294 1.933495643821358e-05 -0.022021286189556122 0.0021562992898532616 -1.92448850224333e-05 0.9999976749988007 1.064950704574585
0.999988644768751 0.0002528238049014911 -0.0047588248213499456 -0.006498768925666809 -0.00025376016868212064 0.9999999485633411 -0.00019616088313572738 -0.03365277871489525 0.004758774982431049 0.00019736625587293182 0.9999886574892876 1.5444211959838867
0.9999976689409954 3.876144799692648e-05 -0.0021588446275473045 -0.004098668694496155 -3.877404662813438e-05 0.9999999992315017 -5.793967868674848e-06 -0.021815303713083267 0.0021588444013056515 5.87766150484529e-06 0.999997669675437 1.0506384372711182
0.9999964067028714 7.741275702074053e-06 -0.0026807688109961427 -0.004468871280550957 -7.369258551385345e-06 0.9999999903425683 0.00013878240985846588 -0.020566724240779877 0.0026807698594596982 -0.00013876215589354632 0.9999963971025219 1.0098185539245605
0.9999950793055921 3.835191268309746e-05 -0.00313686048991927 -0.004877949133515358 -3.792529261249252e-05 0.9999999900244543 0.0001360616158004343 -0.021601196378469467 0.0031368656768505842 -0.00013594197993083756 0.999995070784603 1.050851821899414
0.9999960768422705 1.843927564407665e-05 -0.002801064094353588 -0.004586013033986092 -1.8195605187569554e-05 0.9999999960484318 8.701756177715149e-05 -0.02079487405717373 0.0028010656878258 -8.696625333716549e-05 0.9999960732262317 1.0114266872406006
0.999995412658852 9.846698481637807e-06 -0.0030289543236576284 -0.004718082956969738 -9.359546335035395e-06 0.9999999870204938 0.0001608459231041965 -0.020199211314320564 0.0030289558681446042 -0.00016081683561073597 0.9999953997715659 0.9945353865623474
0.9999960372446207 -7.663012568474911e-06 -0.0028152151486964534 -0.004504119977355003 8.0711264773399e-06 0.999999989461324 0.00014495588584484862 -0.018605602905154228 0.0028152140082290376 -0.00014497803337765828 0.9999960267678356 0.9272083640098572
0.9999981888078144 -1.67623161161978e-05 -0.001903181577152616 -0.00370564847253263 1.698422674018385e-05 0.9999999930598867 0.00011658371501873897 -0.01812465861439705 0.0019031796097312352 -0.00011661582793065946 0.9999981821524087 0.9114871025085449
0.9999995458227191 -2.3687419404873324e-05 -0.0009527818540981764 -0.002929211361333728 2.374884603023345e-05 0.999999997640479 6.445955577408213e-05 -0.018285203725099564 0.0009527803249695354 -6.448215396756973e-05 0.9999995440257481 0.9152559041976929
0.9999995996633995 5.300847667335396e-06 -0.0008947876516754301 -0.0029837926849722862 -5.222755104800233e-06 0.9999999961776994 8.727728080235256e-05 -0.01977633871138096 0.0008947881108988532 -8.727257260528716e-05 0.9999995958687855 0.9896043539047241
0.9999988556728905 1.7247727918530342e-05 -0.0015127311146858223 -0.003567373612895608 -1.726010703913167e-05 0.9999999998176679 -8.170237537757208e-06 -0.02091735228896141 0.0015127309734919688 8.196338089293804e-06 0.9999988557882563 1.0164951086044312
0.9999575355151734 0.00027070487172368415 -0.009211616866395031 -0.010077188722789288 -0.0002631633129950871 0.999999629251899 0.00081990312551365 -0.032375432550907135 0.009211835402975987 -0.0008174441491372153 0.9999572360224069 1.658890962600708
0.9999503595004393 0.0003830673307409355 -0.009956495084220592 -0.011250109411776066 -0.00038232830897092434 0.9999999240147656 7.612835886445935e-05 -0.03806111961603165 0.009956523489961202 -7.231792988586722e-05 0.9999504299764617 1.7680721282958984
0.9999217580919615 0.00046644850818067766 -0.012500404796251688 -0.013174540363252163 -0.00045221541739375455 0.9999992463387889 0.001141412752021858 -0.04115866869688034 0.01250092778545687 -0.0011356705699377525 0.9999212154249251 2.1383790969848633
0.9997554630132847 0.0009914724570144707 -0.022091427239077175 -0.022064130753278732 -0.0009720097193636844 0.9999991300078256 0.0008917290491079024 -0.06344037503004074 0.022092292144499672 -0.0008700379063822684 0.9997555569547204 3.014836549758911
0.9998158517540378 0.0007742695040812504 -0.019174542708573855 -0.01935451291501522 -0.0007485559865953156 0.9999988110571909 0.0013481647301112859 -0.04123383387923241 0.019175563753976187 -0.001333563249206237 0.9998152426142429 2.200221538543701
0.9998293065941524 0.0007662008148253912 -0.018459973233135748 -0.018564527854323387 -0.000762271730758501 0.9999996852975004 0.000219878850755703 -0.05499385669827461 0.01846013589509064 -0.00020576980313961562 0.9998295759985915 2.4666831493377686
0.9999945092675674 2.9020492894776907e-05 -0.003313697712252352 -0.004989353008568287 -2.8574816038813716e-05 0.9999999905408855 0.00013454259164188238 -0.02084282785654068 0.0033137015854000306 -0.000134447164601975 0.9999945006377601 1.015895128250122
0.9999951982831299 1.547909127289667e-05 -0.003098898365753972 -0.00480696652084589 -1.5090253477640935e-05 0.9999999920110824 0.00012549947911074026 -0.020563246682286263 0.0030989002836150207 -0.00012545211333593357 0.9999951905278341 1.0018564462661743
0.9999950428473674 1.6719845339610618e-05 -0.003148650685419874 -0.004810343496501446 -1.6143577555172586e-05 0.9999999831167957 0.00018304587771526227 -0.01981511525809765 0.003148653692759326 -0.0001829941398423734 0.9999950262341649 0.984021782875061
0.9999967675179591 -2.4541428916964214e-06 -0.002542626124695988 -0.004300856031477451 2.672527222404193e-06 0.999999996308236 8.588588733144863e-05 -0.019323930144309998 0.0025426259045329726 -8.589240494439491e-05 0.9999967638327658 0.9490146636962891
0.9999983593963997 -2.8652161742729083e-05 -0.001811182917988246 -0.003621860174462199 2.894723877586249e-05 0.9999999863138814 0.00016289350534171083 -0.017451949417591095 0.0018111782259491202 -0.0001629456668424333 0.9999983465397047 0.889743447303772
0.9999964707352436 9.644062802048243e-06 -0.0026567694761307154 -0.0044079991057515144 -9.078809098524963e-06 0.9999999773228757 0.0002127717633853304 -0.020073283463716507 0.002656771467867072 -0.00021274689215455212 0.999996448145756 1.0001211166381836
0.9999929994238127 4.110854882511395e-05 -0.0037415790053759324 -0.005408137105405331 -4.06237318795189e-05 0.9999999907701133 0.000129651399850395 -0.02220049686729908 0.0037415843006224836 -0.00012949849531357217 0.9999929918639734 1.0676121711730957
0.9999932787108764 1.7161322522199134e-05 -0.0036663658519816866 -0.005255416966974735 -1.6525218036736745e-05 0.9999999848075621 0.00017352749867131744 -0.02061495929956436 0.003666368774242022 -0.0001734657448477215 0.9999932638021352 1.0048993825912476
0.9999939717765426 3.242521751961281e-05 -0.0034720828302738658 -0.005097039043903351 -3.2012207702513504e-05 0.9999999924062628 0.00011900711123862627 -0.02071232907474041 0.00347208666273925 -0.00011889524480044366 0.9999939652208542 1.0060559511184692
0.9999976549740635 1.2878491867795275e-07 -0.0021656514856174917 -0.004186386242508888 -1.1541985812867557e-07 0.9999999999809496 6.171506033240527e-06 -0.01912001334130764 0.002165651486371032 -6.1712416017115855e-06 0.999997654955028 0.9297733306884766
0.9999958799316065 1.534481704118018e-05 -0.0028705198742715343 -0.004682890139520168 -1.505505539776756e-05 0.9999999947896525 0.00010096554074277077 -0.018922099843621254 0.0028705214086128784 -0.00010092190892210999 0.9999958749522976 0.9375954866409302
0.9999894509750336 3.8043152948612266e-05 -0.00459309170052894 -0.006950564682483673 -3.7811933738614505e-05 0.9999999980136638 5.042747425174118e-05 -0.02245570719242096 0.004593093609825631 -5.025326861202053e-05 0.9999894504272034 1.1153581142425537
0.9999587275045039 3.5958243270010016e-05 -0.00908526249363577 -0.012389183044433594 -3.526719758285689e-05 0.9999999964731802 7.622246754822736e-05 -0.028950408101081848 0.009085265202419717 -7.58989099093236e-05 0.999958725245976 1.4442155361175537
0.9999846541144647 0.0001856286603794982 -0.005536883381022497 -0.007509301416575909 -0.00018525148493728712 0.9999999804856776 6.863331620440911e-05 -0.026644084602594376 0.005536896013284513 -6.760654709713572e-05 0.9999846689884266 1.2714734077453613
0.9998161350050294 0.0006241632337061723 -0.0191652446856861 -0.019692981615662575 -0.0006167870013990173 0.9999997334307845 0.00039078402525980757 -0.05252664163708687 0.01916548348984275 -0.0003788912999562059 0.9998162534605961 2.3843352794647217
0.99996102306641 0.0002951874039163744 -0.008824126720257414 -0.010222089476883411 -0.00029194442666612537 0.9999998893780948 0.0003687983862601649 -0.027438215911388397 0.008824234608753916 -0.00036620785701378076 0.999960998627134 1.3581035137176514
0.9999965371435409 3.5249197165517597e-05 -0.0026314365697274996 -0.0044082822278141975 -3.514731977801442e-05 0.9999999986310966 3.876173590773874e-05 -0.020404454320669174 0.0026314379324453895 -3.866911373881943e-05 0.9999965370135573 0.9896062016487122
0.9999985732588719 -1.7417598705162595e-05 -0.0016891349407293144 -0.0036651717964559793 1.7478866826027228e-05 0.9999999991899546 3.625713711721728e-05 -0.019093086943030357 0.001689134307848774 -3.6286609552348766e-05 0.9999985727532675 0.9297676086425781
0.999996902152362 1.0230444257538682e-05 -0.0024890924084183413 -0.004323676228523254 -1.0031820634090146e-05 0.999999996764857 7.981008126961209e-05 -0.018062960356473923 0.0024890932168583585 -7.97848639015574e-05 0.9999968990198588 0.9003682136535645
0.9999987930330532 1.023734556124756e-05 -0.0015536497782133883 -0.003488939953967929 -1.0246947873266075e-05 0.9999999999284498 -6.172526883527743e-06 -0.01834879256784916 0.001553649714911934 6.1884396017824804e-06 0.9999987930664048 0.9039276242256165
0.9999994386302482 -2.0742500040543378e-05 -0.0010593908331084742 -0.003034796565771103 2.0826264538222867e-05 0.9999999966580829 7.905758021192679e-05 -0.018293920904397964 0.001059389189716217 -7.907959898513229e-05 0.9999994357203217 0.9096354246139526
0.9999988553723007 4.162974562284472e-06 -0.0015130223916708044 -0.0034571525175124407 -4.1194398137254695e-06 0.9999999995774719 2.8776482267962524e-05 -0.01961962692439556 0.0015130225108272739 -2.877021652492453e-05 0.9999988549669224 0.9550286531448364
0.9999988797168651 1.6201860965242404e-05 -0.001496764014224716 -0.0035001032520085573 -1.6152540181431297e-05 0.9999999993262451 3.296369223503373e-05 -0.020350728183984756 0.0014967645472894226 -3.293947876548337e-05 0.9999988793048122 0.9897592067718506
0.9999988151131101 1.952046937141603e-05 -0.0015392827314232912 -0.0035347517114132643 -1.946336519953382e-05 0.9999999991219057 3.711288086421527e-05 -0.02024049125611782 0.00153928345453251 -3.708287726770225e-05 0.9999988146149509 0.9876376390457153
0.9999983807673035 2.7898887060535564e-05 -0.0017993566692581734 -0.00378372217528522 -2.7832914191404835e-05 0.9999999989395963 3.6689728411969136e-05 -0.021014146506786346 0.0017993576909527183 -3.663958766298607e-05 0.9999983804834089 1.0175882577896118
0.9999972236453077 4.5603487986585246e-05 -0.0023559758059236054 -0.004288895055651665 -4.5450807499690825e-05 0.9999999968637588 6.48591259084032e-05 -0.02182387374341488 0.0023559787563370667 -6.475186483363567e-05 0.9999972225817908 1.0560786724090576
0.9999981654219848 3.85635478405186e-05 -0.001915115014216266 -0.0038967302534729242 -3.8482371199518634e-05 0.9999999983596484 4.242417612062054e-05 -0.021270427852869034 0.0019151166471015491 -4.235040012329287e-05 0.9999981652656529 1.0322186946868896
0.9999984729751754 3.883570718688702e-05 -0.0017471517122930032 -0.0037541671190410852 -3.878016104708028e-05 0.9999999987415943 3.1826262603898896e-05 -0.021379072219133377 0.0017471529460897923 -3.1758459179629415e-05 0.9999984732228263 1.037508487701416
0.999999078388682 -5.767840058765814e-06 -0.0013576407914572756 -0.003372896695509553 5.735570151916542e-06 0.9999999997009739 -2.3772997462944464e-05 -0.019251368939876556 0.0013576409281701527 2.3765188709480436e-05 0.999999078122738 0.9380546808242798
0.9999999570279049 -4.536353786120887e-05 -0.0002896313824586217 -0.00231635058298707 4.537641325545796e-05 0.9999999979826781 4.44480005347238e-05 -0.015388863161206245 0.00028962936555578683 -4.4461141058002295e-05 0.9999999570690178 0.7952268719673157
0.9999996691068801 -5.1265936896706454e-05 -0.0008118854192424496 -0.0027468332555145025 5.137087657682759e-05 0.9999999903298067 0.00012923397208061511 -0.015891410410404205 0.000811878786090703 -0.0001292756365836493 0.9999996620702661 0.823971688747406
0.9999993546170575 -1.9675170101860654e-05 -0.0011359482189542444 -0.003063235664740205 1.9773780692056088e-05 0.9999999960375621 8.67978881881366e-05 -0.01745869405567646 0.0011359465066899054 -8.682029416121924e-05 0.9999993510436747 0.886418342590332
0.9999996785468899 -3.254165785648064e-05 -0.0008011536417497251 -0.002823707414790988 3.2586912630011245e-05 0.9999999978743891 5.647402093596225e-05 -0.018015511333942413 0.0008011518022885169 -5.6500109905939484e-05 0.9999996774817117 0.9002509117126465
0.9999998764656154 6.192750140554161e-06 -0.0004970215326390128 -0.0026407644618302584 -6.186977728785329e-06 0.9999999999134003 1.161554411209394e-05 -0.01918541081249714 0.0004970216045281333 -1.161246761602168e-05 0.99999987641733 0.9508558511734009
0.9999989587352786 -2.477389866217e-05 -0.001442884130010533 -0.0033451549243181944 2.494067813864929e-05 0.999999993010804 0.00011556969566186231 -0.018362704664468765 0.0014428812568140041 -0.00011560556183189331 0.9999989523639677 0.9200260639190674
0.9999989728370161 2.5896499481928623e-06 -0.001433289296189207 -0.0033935050014406443 -2.5319895875910144e-06 0.9999999991875196 4.02312076264721e-05 -0.01925119385123253 0.0014332893992094321 -4.022753722889087e-05 0.9999989720310934 0.9486491680145264
0.9999991257840645 1.602287811236742e-05 -0.0013221854538121506 -0.003592667868360877 -1.5914928768452304e-05 0.9999999965395789 8.165511217981798e-05 -0.019909091293811798 0.001322186757586742 -8.16339983083016e-05 0.9999991225786493 0.9947210550308228
0.9999977569005081 0.00014496704298490703 -0.002113096900057202 -0.004426849074661732 -0.00014497610937965245 0.9999999894824049 -4.137398342952941e-06 -0.022218771278858185 0.0021130962780461005 4.443737629669317e-06 0.9999977673996943 1.0928950309753418
