0.9999999499907601 5.4150468745076325e-05 -0.00031158659177813803 -0.00257010362111032 -5.4110594277663316e-05 0.9999999903466643 0.00012797935393328499 -0.023223649710416794 0.00031159351891229316 -0.0001279624873974847 0.9999999432675388 1.1780520677566528
0.9999997432820089 -0.00010596514030570471 -0.0007086658630886904 -0.003117445856332779 0.00010598283604697985 0.9999999940729922 2.493299388456141e-05 -0.019958533346652985 0.000708663216860227 -2.5008093901793125e-05 0.9999997485854887 1.0053690671920776
0.9999934457055047 -3.69563757314646e-05 -0.003620383993160743 -0.005292735528200865 3.814497995949216e-05 0.9999999454016038 0.0003282403840584722 -0.018695060163736343 0.0036203716649186204 -0.0003283763321491946 0.9999933925171667 0.9838796854019165
0.9999967418587772 -2.9680379059680265e-05 -0.002552526377045688 -0.004454002249985933 3.0494254244783893e-05 0.9999999487143393 0.00031881251453962794 -0.017152585089206696 0.0025525167836614056 -0.00031888931319174006 0.9999966914783645 0.9106029272079468
0.9999990823777692 8.456176192848116e-05 0.0013520698679806477 -0.001166126225143671 -8.46851671131287e-05 0.9999999922541853 9.121431782183454e-05 -0.023147378116846085 -0.001352062144264337 -9.132873438426731e-05 0.9999990817930886 1.1906636953353882
0.9999993948330966 0.00011572953459692619 0.0010940475835682925 -0.0010264923330396414 -0.00011598133751979294 0.9999999668019524 0.000230096552083628 -0.022069966420531273 -0.001094020918281164 -0.0002302233019388627 0.9999993750575354 1.165416955947876
0.999999996810417 7.745812090150924e-05 -1.9478330028642536e-05 -0.0023065200075507164 -7.745690687518202e-05 0.9999999950583189 6.232005553587577e-05 -0.025441288948059082 1.9483157126783132e-05 -6.231854660590567e-05 0.9999999978684025 1.2952640056610107
0.9999998372223188 -7.532967014724501e-06 -0.0005705248377987342 -0.002834262792021036 7.57251833550984e-06 0.9999999975685365 6.93223219116903e-05 -0.02340603619813919 0.0005705243142087595 -6.932663093735856e-05 0.9999998348478991 1.1890298128128052
0.9999808588186432 -4.3417427072910844e-05 -0.006187092310251523 -0.00810615997761488 4.52328956745266e-05 0.9999999559678397 0.00029328877141736033 -0.016463864594697952 0.00618707930397664 -0.00029356301762479506 0.9999808167512219 0.8557915687561035
0.9999302134497883 8.295675295544261e-05 -0.011813608612012074 -0.014978709630668163 -7.678173200244055e-05 0.9999998602058424 0.0005231566315853896 -0.013047062791883945 0.011813650359914054 -0.0005222130529584216 0.9999300800349497 0.7368957996368408
0.9999777067597143 -5.729345467766901e-05 -0.0066770278599594685 -0.008939249441027641 5.9834043270506674e-05 0.9999999258967359 0.0003802977907270829 -0.014978061430156231 0.006677005576595674 -0.0003806888262309453 0.9999776360862014 0.8149026036262512
0.9999907501136183 -5.7599864563805525e-05 -0.004300740571004407 -0.006089483387768269 5.876919030489856e-05 0.9999999613453875 0.00027176351141483914 -0.015600841492414474 0.004300724751219494 -0.00027201374867430515 0.9999907148444604 0.827396810054779
0.9999997656553073 6.181097129843828e-05 -0.0006818128294389512 -0.0027264091186225414 -6.170430025192824e-05 0.9999999858545429 0.0001564720222830888 -0.022263839840888977 0.0006818224914820753 -0.00015642991483115747 0.9999997553238561 1.1450998783111572
0.9999993473897018 3.0513083495589997e-05 -0.0011420547808046794 -0.003094265703111887 -3.0340746811648435e-05 0.9999999881516642 0.00015091756191825355 -0.023226860910654068 0.0011420593722333988 -0.00015088281263294902 0.9999993364671634 1.187040090560913
0.9999973587293763 8.784762766795036e-05 -0.002296696990344943 -0.003964750096201897 -8.709218612996906e-05 0.9999999420793565 0.0003290231523791262 -0.02186351642012596 0.0022967257612221603 -0.00032882225897817207 0.9999973084597277 1.1462280750274658
0.999993855131107 4.2941963871689706e-05 -0.003505403830370257 -0.005146550014615059 -4.214597590682497e-05 0.9999999733137294 0.00022714809446536138 -0.028095249086618423 0.0035054134910093688 -0.00022699896000472316 0.9999938302548315 1.427314043045044
0.9999922863956776 -6.953502381383498e-06 -0.003927734817168926 -0.005507975816726685 8.083875769440788e-06 0.9999999585595547 0.0002877768925370489 -0.02197975106537342 0.003927732653344539 -0.00028780642406028406 0.9999922450117631 1.1311579942703247
0.9999999957234273 6.030280544185577e-05 -7.011930433772663e-05 -0.002316067460924387 -6.0299054953954256e-05 0.9999999967515224 5.3488121679358985e-05 -0.024740606546401978 7.012252959374072e-05 -5.348389332282755e-05 0.999999996111152 1.2526280879974365
0.9999997443457694 0.00010358345714549153 0.0007075159810044371 -0.0016738518606871367 -0.00010365094962674845 0.9999999900817066 9.535757726417222e-05 -0.02417031303048134 -0.0007075060965195678 -9.543088758891139e-05 0.9999997451640021 1.2465333938598633
0.9999999878728024 3.297751379503142e-05 -0.0001522066973610432 -0.002241108100861311 -3.295750267729768e-05 0.9999999908142028 0.0001314739419361811 -0.02376638539135456 0.0001522110316466372 -0.00013146892398913483 0.9999999797738618 1.2162542343139648
0.9999986461967275 4.536114599399103e-05 -0.0016448547288095631 -0.003531476017087698 -4.505830894220366e-05 0.9999999820295723 0.000184148321069959 -0.023777905851602554 0.0016448630524296965 -0.00018407395739682353 0.9999986302702206 1.2105523347854614
0.9999918111203799 -8.362882577342332e-05 -0.004046071971926317 -0.0057637691497802734 8.426574743285556e-05 0.9999999840863218 0.00015724706644546592 -0.02282172068953514 0.004046058757150906 -0.0001575867240470497 0.9999918022538776 1.1316912174224854
0.9999989660128326 8.264025492457656e-05 -0.0014356684343569354 -0.003500034101307392 -8.233573683931332e-05 0.9999999741030516 0.0002121667314950513 -0.025129146873950958 0.001435685930690282 -0.00021204830529897393 0.9999989469201576 1.2758772373199463
0.9999995167163147 5.359483629796663e-05 -0.0009816795456755747 -0.0030888384208083153 -5.353892714728748e-05 0.9999999969435033 5.697873771856848e-05 -0.026806198060512543 0.0009816825964411948 -5.6926152111996234e-05 0.9999995165292296 1.3434977531433105
0.9999997059917651 -5.9422526116935846e-05 -0.0007645164135607528 -0.002882471540942788 5.94213692308962e-05 0.9999999982333709 -1.5359401225716814e-06 -0.022336147725582123 0.0007645165034795778 1.4905110588993633e-06 0.9999997077561045 1.1171907186508179
0.9999995283265277 4.2232136791410174e-05 0.0009703417795036036 -0.0013281605206429958 -4.23482578748034e-05 0.9999999919452446 0.00011965005677928382 -0.01974976621568203 -0.0009703367186101727 -0.00011969109262743119 0.9999995220602333 1.0297420024871826
0.9999974155344986 2.1134540730319307e-05 0.0022734286120987593 -0.0003979701432399452 -2.090375717670424e-05 0.9999999946266198 -0.00010153715135894097 -0.023465175181627274 -0.002273430745823824 0.00010148936574001029 0.9999974106029237 1.184175968170166
0.9999964711293899 9.861277773166941e-06 0.0026566203196028374 0.0003674043691717088 -9.839094595506513e-06 0.9999999999166245 -8.363219074266954e-06 -0.01801460236310959 -0.0026566204018533667 8.337050822920039e-06 0.9999964711430407 0.9432220458984375
0.999989792791359 -6.2647700386197855e-06 0.004518215781445824 0.002535784849897027 7.276844811690121e-06 0.9999999748894738 -0.00022398236451312851 -0.016174601390957832 -0.004518214264793041 0.00022401295663346932 0.9999897677266767 0.8341076374053955
0.9999899677381235 1.3008280769853886e-05 0.004479313997844922 0.002340334001928568 -1.3356633018765614e-05 0.9999999968891085 7.77392012050013e-05 -0.01759820058941841 -0.004479312972656906 -7.779824985822179e-05 0.9999899648010101 0.9466242790222168
0.9999999340707041 -5.3510239854251004e-05 0.00035915907569223385 -0.0018222266808152199 5.3523457244446e-05 0.9999999978908152 -3.679142527208859e-05 -0.021103817969560623 -0.0003591571062167101 3.681064628188759e-05 0.9999999348255725 1.0682971477508545
0.9999998894977067 2.2313012412358604e-05 0.00046958141383169824 -0.0018526057247072458 -2.2335002599417272e-05 0.9999999986543235 4.682414671470361e-05 -0.021183986216783524 -0.00046958036841202673 -4.683462964262657e-05 0.9999998886503915 1.0797641277313232
0.9999999653450916 -2.6810490745285953e-05 -0.0002618988612948213 -0.002572433790192008 2.681020959590158e-05 0.9999999996400265 -1.077014375967066e-06 -0.024312850087881088 0.0002618988900758286 1.0699927752789892e-06 0.9999999657039128 1.2204078435897827
0.999993587927138 -0.00010100820754272394 -0.0035796510935040995 -0.005333167500793934 0.00010192729220226883 0.9999999618910534 0.00025657107903720043 -0.016479497775435448 0.003579625041302567 -0.00025693429802773715 0.9999935601139289 0.8738036155700684
0.9999663380551685 -8.724890832391754e-07 -0.008205044532180872 -0.010605044662952423 4.206035114580919e-06 0.9999999174664123 0.00040626281880074146 -0.014677968807518482 0.008205043500529237 -0.00040628365390956697 0.9999662555280288 0.7992687225341797
0.9999605129153595 4.7685237489907e-05 -0.008886525539806048 -0.011699575930833817 -4.405175678311968e-05 0.9999999153603487 0.0004090705788095272 -0.013567017391324043 0.008886544294281323 -0.00040866295874323125 0.9999604303796686 0.7465865612030029
0.9999858921392013 -9.609334166525463e-05 -0.005310959295189899 -0.00695052882656455 9.788247203474997e-05 0.9999999385542488 0.00033661628010441913 -0.01632707193493843 0.005310926622270801 -0.00033713138099348595 0.999985840100171 0.8701471090316772
0.9999873061304803 -6.484555602622331e-05 -0.005038191437350903 -0.006746446713805199 6.6378712154499e-05 0.9999999515462946 0.0003041402230594606 -0.015543386340141296 0.005038171471089984 -0.00030447079100235253 0.9999872619817544 0.8329355716705322
0.9999953859276711 -7.774334883512403e-05 -0.0030367876678956992 -0.0048966738395392895 7.848123386666416e-05 0.9999999674289626 0.00024286368567321933 -0.015969116240739822 0.0030367686879481394 -0.00024310089592577508 0.9999953594581779 0.8424956202507019
0.9999811373435102 -4.112486866322349e-05 -0.006141926890249414 -0.008092766627669334 4.310116709651982e-05 0.9999999473450912 0.0003216397120176497 -0.015095901675522327 0.006141913339455899 -0.00032189836925543963 0.9999810864621245 0.8089461922645569
0.9999854806061795 -3.337317892728219e-05 -0.005388642042203415 -0.007337469141930342 3.505169504981734e-05 0.9999999509015345 0.0003113973462331509 -0.014778547920286655 0.005388631385310006 -0.0003115817059700423 0.9999854326782135 0.7998127341270447
0.999993980782632 -7.324980909823954e-05 -0.0034688662369793647 -0.005290576256811619 7.425404453668146e-05 0.9999999553751738 0.0002893717103492214 -0.016901176422834396 0.0034688448857592715 -0.00028962754590604914 0.9999939415971693 0.8885676860809326
0.9999874917691424 -7.360593366273294e-05 -0.00500108862405273 -0.006634821183979511 7.537192233124294e-05 0.9999999348785786 0.0003529332961506231 -0.018765129148960114 0.005001062320389948 -0.00035330582324282134 0.9999874321963563 0.969639778137207
0.9999890604672576 -5.262648015888272e-05 -0.004677197479847344 -0.006437395699322224 5.390715314788942e-05 0.9999999610948874 0.0002736863950890317 -0.015704859048128128 0.004677182894728808 -0.0002739355354886004 0.9999890243995141 0.8301721215248108
0.9999991433445763 -2.9424682484799545e-06 -0.0013089314173253784 -0.0032883579842746258 3.104196025635971e-06 0.9999999923622517 0.00012355509101764144 -0.021465323865413666 0.0013089310437711574 -0.0001235590483532061 0.9999991357159685 1.0840765237808228
0.9999999877262032 -2.3726478206828214e-05 0.00015486977579070926 -0.0020404933020472527 2.3729202452884412e-05 0.9999999995637804 -1.758874605994354e-05 -0.021181635558605194 -0.00015486935840415198 1.759242078032642e-05 0.9999999878529942 1.0592726469039917
0.9999995848701242 -1.011743908081294e-05 0.0009111296375783907 -0.0012087824288755655 1.0148397200158901e-05 0.9999999993714186 -3.397311592782459e-05 -0.013998054899275303 -0.0009111292932847409 3.3982348330032184e-05 0.999999584344219 0.7393697500228882
0.999997024941588 -7.909312520799498e-05 0.002438001692054782 0.0008280251640826464 7.903738328898552e-05 0.9999999966129627 2.2960112018188664e-05 -0.012356346473097801 -0.0024380034997841934 -2.2767350436320137e-05 0.9999970278058744 0.6920095682144165
0.9999986317664922 -4.562190808754932e-05 0.0016535972257652914 -0.00014504650607705116 4.5647701859730116e-05 0.9999999988370737 -1.5560844031149737e-05 -0.014281402342021465 -0.0016535965139268837 1.5636305653439334e-05 0.9999986326861028 0.7616621851921082
0.99999992478205 -1.2833133210179433e-05 -0.0003876483008386662 -0.0022671548649668694 1.2933187904179974e-05 0.9999999666071471 0.00025810547733893277 -0.017345799133181572 0.0003876449755920105 -0.0002581104714530833 0.9999998915551729 0.9159382581710815
0.9999999883539534 -6.291485306625914e-05 -0.00013904608626743786 -0.0020219357684254646 6.290963383175305e-05 0.999999997316561 -3.7540059318149943e-05 -0.01760195381939411 0.00013904844772163227 3.753131154258385e-05 0.9999999896284648 0.9001296758651733
0.9999999982128233 -5.933888393599978e-05 -7.297277640050099e-06 -0.00190509925596416 5.933941555231272e-05 0.999999995584202 7.287269550050375e-05 -0.01331673189997673 7.2929534234063865e-06 -7.287312838645764e-05 0.99999999731816 0.7219266295433044
0.9999982704671145 -3.574400695654193e-05 -0.0018595120720023468 -0.003684339113533497 3.625422712699892e-05 0.999999961708603 0.0002743509138488971 -0.01683388650417328 0.0018595021943980585 -0.0002744178545229731 0.999998233471655 0.8859045505523682
0.9999999817293895 -9.386440853010382e-05 -0.00016652535335923973 -0.002079182071611285 9.385834850650335e-05 0.999999994932882 -3.639843846895287e-05 -0.01675129495561123 0.00016652876903333442 3.638280800928043e-05 0.9999999854722301 0.8601508736610413
0.9999998182132409 -3.564283544353823e-05 0.0006019161680508458 -0.0014540934935212135 3.559373413636909e-05 0.9999999960384454 8.158550815588986e-05 -0.014449377544224262 -0.0006019190736051638 -8.156406888066675e-05 0.9999998155203487 0.7708356380462646
0.999994689748183 3.3596530720747157e-05 0.003258733911859653 0.0006433258531615138 -3.321119684439333e-05 0.9999999924509992 -0.00011830054032609822 -0.019744541496038437 -0.0032587378617472055 0.00011819168566702875 0.9999946833150033 1.0143513679504395
0.9999929304889732 1.0044282410650067e-06 0.0037601823182506215 0.0011668880470097065 -5.711043654467891e-07 0.9999999933595701 -0.00011524119569249815 -0.01925053261220455 -0.003760182409032907 0.00011523823353705765 0.999992923849164 0.9919982552528381
0.9999993446515374 -2.9645523266342835e-05 0.0011444726467469558 -0.0011880407109856606 2.950185579404633e-05 0.9999999916836365 0.00012554826902836936 -0.01953405700623989 -0.0011444763591732354 -0.00012551442268351966 0.9999993372097771 1.0245685577392578
0.9999994693554867 5.1816387347528435e-05 -0.0010288847393975981 -0.0030453652143478394 -5.162588693178624e-05 0.9999999815219316 0.00018517803401441784 -0.02236500009894371 0.0010288943156425345 -0.00018512481866348813 0.9999994535524951 1.1692135334014893
0.9999837126182306 -2.4997561462849617e-05 -0.005707352572084051 -0.007687766570597887 2.6552617510280224e-05 0.9999999625493825 0.0002723897799113326 -0.015831340104341507 0.0057073455492599075 -0.00027253688854484 0.9999836758319738 0.8280631303787231
0.9999834423478445 9.302975679977596e-05 -0.005753814006331181 -0.008223872631788254 -9.192206668912173e-05 0.9999999771934462 0.00019277821656230154 -0.012717338278889656 0.005753831809217115 -0.00019224612213284177 0.9999834280931559 0.6866979598999023
0.9995530832853088 0.0007487768620289695 -0.029884327465137115 -0.037565067410469055 -0.0007154192664122038 0.9999991091349535 0.0011269004271583628 -0.00678121717646718 0.029885144639200004 -0.0011050169728893426 0.9995527285077981 0.4314020872116089
0.9998118589566186 0.0004947962374915918 -0.01939076755557001 -0.02476569265127182 -0.0004802279781283397 0.9999995989617916 0.0007559479779185274 -0.00782741978764534 0.01939113381934654 -0.0007464937639796518 0.9998116956088585 0.48251107335090637
0.9999732479929353 0.00020523009537846526 -0.00731171519324603 -0.010057680308818817 -0.00020320925056550708 0.9999999409534912 0.00027712635087536765 -0.008765781298279762 0.007311771636182197 -0.0002756331290245033 0.9999732306526602 0.5330933332443237
0.999737640916949 0.0005291987491068568 -0.022899110954299782 -0.029996348544955254 -0.0005071863509330715 0.9999994037642251 0.0009670745574673738 -0.007357107009738684 0.02289960907567672 -0.0009552067201487118 0.9997373132399845 0.46851032972335815
0.9997802402520785 0.00030681912851495904 -0.020961323038368895 -0.025483453646302223 -0.0002891996387064772 0.9999996023532326 0.0008435976207313071 -0.011912035755813122 0.02096157353505336 -0.000837350224881322 0.9997799314246789 0.7012350559234619
0.9992320691058492 0.0008100628100841911 -0.039174173490797694 -0.048615891486406326 -0.0007531645339587941 0.9999986400625056 0.0014671797177320382 -0.007633379194885492 0.039175308724095394 -0.0014365484269791028 0.9992313203232717 0.5001506805419922
0.998938004229995 0.00099484220279782 -0.04606380351193651 -0.05531490594148636 -0.0009135491922953379 0.9999979881534885 0.0017858098580430845 -0.0072061726823449135 0.046065487437647046 -0.0017418317850354285 0.9989369033573468 0.5179449915885925
0.9991107318937587 0.0009362653156850872 -0.04215292186761199 -0.051136989146471024 -0.0008694303267072899 0.9999983358909695 0.001603841076609107 -0.0069988202303647995 0.042154353341325945 -0.0015657658032611735 0.9991098832820263 0.48653435707092285
0.9998150081103329 0.0003437802342367885 -0.019231000298618604 -0.023610344156622887 -0.00032942075467629376 0.9999996646057999 0.000749846820372472 -0.011095541529357433 0.01923125163116819 -0.0007433730141606595 0.9998147860265223 0.6505062580108643
0.9999436096667025 0.00016057424029714213 -0.01061846046463537 -0.013971028849482536 -0.00015604492311887836 0.9999998964988639 0.00042737833784715164 -0.011863120831549168 0.010618527991564567 -0.0004256972809933913 0.9999435312281977 0.6669222116470337
0.9999189891959738 0.00011864591130723818 -0.012727960105606341 -0.01596643589437008 -0.00011179242819622001 0.9999998483996099 0.000539168999730066 -0.012939323671162128 0.012728022146239944 -0.0005377024316497015 0.9999188508715794 0.7285689115524292
0.9998915680829333 0.00028969671865700726 -0.014723048341425914 -0.01861611194908619 -0.00028167271781232256 0.9999998106892779 0.0005470666215300529 -0.011209807358682156 0.014723204037600145 -0.0005428602210067055 0.9998914603924006 0.6295792460441589
0.9999846380419546 -4.8171122668080903e-05 -0.005542685237662228 -0.007935576140880585 5.0235358529774794e-05 0.9999999294395384 0.0003722866189801418 -0.01467934064567089 0.00554266691310341 -0.0003725593387088519 0.9999845699024706 0.8039848208427429
0.999987486699819 -4.7329873767581353e-05 -0.005002419780691652 -0.006751826964318752 4.873210637693984e-05 0.9999999595595553 0.0002801893454311994 -0.015410083346068859 0.005002406317065221 -0.00028042961779070727 0.9999874485663649 0.8157060742378235
0.9999745215490277 -4.145889360788539e-05 -0.007138244458784111 -0.009129476733505726 4.4202326493595006e-05 0.99999992522922 0.0003841714576530635 -0.015599122270941734 0.007138227997728413 -0.000384477196571573 0.9999744486127322 0.8322950601577759
0.999948481632926 1.3739910774387276e-05 -0.010150561128379624 -0.0123828686773777 -8.368905189918811e-06 0.9999998599512746 0.0005291761454963545 -0.015424569137394428 0.010150566977639495 -0.0005290639341217361 0.9999483417064036 0.8353438973426819
0.9999788426630027 -6.700508638090139e-05 -0.006504593506115597 -0.008047651499509811 6.992451379020258e-05 0.9999998969346923 0.0004485991162945032 -0.017608853057026863 0.006504562777295128 -0.0004490444556701412 0.9999787442851737 0.9293961524963379
0.9999960165567972 8.692971316081161e-06 -0.0028225511457205697 -0.004609378520399332 -7.840474662433898e-06 0.9999999543547385 0.0003020414670722199 -0.01986849680542946 0.0028225536425222943 -0.0003020181337664494 0.9999959709798745 1.022789478302002
0.9999999995978918 5.126479469479244e-07 2.835408325638942e-05 -0.002134614158421755 -5.143530917400528e-07 0.9999999981916046 6.01375645600804e-05 -0.02262723445892334 -2.8354052375715012e-05 -6.013757911990896e-05 0.9999999977897598 1.1334857940673828
0.999982869604917 -2.6220257977644272e-05 -0.005853187953039386 -0.0077270944602787495 2.792104046407731e-05 0.9999999574173547 0.0002904921759130913 -0.016090739518404007 0.005853180087015367 -0.00029065062676503006 0.9999828277550981 0.8330285549163818
0.9999482855831318 2.1222991077366904e-05 -0.010169843112861725 -0.01307323295623064 -1.5957882742463155e-05 0.9999998658149579 0.0005177986210068957 -0.014151719398796558 0.010169852737456412 -0.000517609554189251 0.999948151743703 0.786657452583313
0.9999752750082477 -4.1957341850298826e-05 -0.007031899584108004 -0.008786138147115707 4.480831898078276e-05 0.9999999168710598 0.00040527779143444245 -0.015850339084863663 0.007031881995174803 -0.0004055828585439974 0.9999751937614008 0.8485465049743652
0.999984338349049 -9.383256130831471e-05 -0.005595913872223033 -0.007135465275496244 9.585584434431045e-05 0.9999999301379724 0.00036129725666235316 -0.01711573824286461 0.005595879579834156 -0.0003618279991999297 0.9999842774825148 0.8986101150512695
0.9999778121129361 -9.762501940564381e-05 -0.006660762057092844 -0.008011523634195328 0.0001003381670762327 0.9999999121416346 0.00040699996976433487 -0.01831761561334133 0.00666072173850923 -0.00040765926795111035 0.9999777340520356 0.9536434412002563
0.9999707017467101 -0.00010409252943755428 -0.007654071657464582 -0.00895637460052967 0.00010759765427249539 0.9999998895435294 0.0004575321562205345 -0.017782820388674736 0.007654023186343401 -0.00045834231148351003 0.9999706024935875 0.9380230903625488
0.9999467464616797 -5.7972703288837086e-05 -0.010319926349888705 -0.011586356908082962 6.390329558529211e-05 0.9999998330220365 0.0005743450775772866 -0.017834533005952835 0.01031989133035165 -0.000574973968973644 0.999946583197255 0.9526723027229309
0.9999648729413528 -3.581518542076445e-05 -0.00838162279375108 -0.009544797241687775 4.103004845595542e-05 0.9999998057118443 0.0006220070810900434 -0.01993478462100029 0.008381598888002103 -0.0006223291302001941 0.9999646801295207 1.04933500289917
0.9999759160828456 -0.00010873255893320887 -0.006939411466733576 -0.00848639290779829 0.00011128638023645585 0.9999999262310565 0.00036763191296564047 -0.02414519712328911 0.00693937098126188 -0.0003683953209322094 0.9999758544161316 1.1883329153060913
0.9999814052668323 3.213709397472951e-05 -0.006098203651807018 -0.007319258060306311 -2.9422446605906557e-05 0.9999999004458493 0.0004452444403330253 -0.022877056151628494 0.006098217353567952 -0.00044505673706012565 0.9999813066600844 1.1669316291809082
0.9999908826389503 -8.662522256371177e-05 -0.004269324893273976 -0.005950069986283779 8.763864702130214e-05 0.9999999680309064 0.00023718696024487395 -0.02259942516684532 0.004269304210414308 -0.00023755895558306194 0.9999908582618653 1.1190698146820068
0.9999660607270294 -2.7846917906977837e-05 -0.008238726759377805 -0.00987822562456131 3.14004514457744e-05 0.9999999065438688 0.0004311916800402594 -0.016170892864465714 0.00823871398205896 -0.0004314357454477108 0.999965968148476 0.8545874357223511
0.9999617785005667 5.077348468404883e-05 -0.0087429377234916 -0.010915951803326607 -4.709482350672351e-05 0.999999910285949 0.00042096338477983283 -0.013840075582265854 0.00874295831290521 -0.0004205355478190419 0.9999616911811131 0.7646773457527161
0.9999979701322371 -9.463725023921189e-06 -0.0020148552908221115 -0.004082408733665943 1.0102173352471335e-05 0.9999999497486451 0.0003168606206843939 -0.018674040213227272 0.002014852190891118 -0.0003168803319166627 0.9999979199765887 0.9657461643218994
0.999999940303906 -5.712987698883693e-05 -0.0003407761166063649 -0.0023021718952804804 5.712035702730429e-05 0.9999999979781491 -2.7945784409956827e-05 -0.0203598290681839 0.00034077771245659205 2.792631748825572e-05 0.9999999415453341 1.014959454536438
0.999995010105345 -0.00010316969559389976 -0.0031573913955567317 -0.004948381334543228 0.00010380864314819579 0.9999999741689702 0.0002022024339397257 -0.018054189160466194 0.0031573704528345026 -0.00020252918948754188 0.9999949949843503 0.9238004088401794
0.9999873903548313 -7.802808371705523e-05 -0.005021259100338633 -0.0065964036621153355 7.989451577962018e-05 0.9999999277999012 0.00037150647226700276 -0.017802907153964043 0.0050212297498651096 -0.00037190295876663506 0.9999873243896588 0.9301217198371887
0.9999905388014529 -7.654451443601462e-05 -0.004349304371653064 -0.005977647844702005 7.804441001194674e-05 0.9999999375489161 0.000344690054881492 -0.01778281293809414 0.00434927771590141 -0.0003450262325940936 0.9999904823248313 0.9249979257583618
0.9999897898364568 -6.419783028172787e-05 -0.004518418028207878 -0.006158145610243082 6.553551086114596e-05 0.9999999540731925 0.0002959032101919104 -0.020795054733753204 0.004518398824347294 -0.0002961963058055042 0.9999897481173557 1.042189121246338
0.9999960213519165 -7.376331281839676e-05 -0.002819900585302178 -0.0047737848944962025 7.407426761113437e-05 0.9999999911880885 0.00011016726224667127 -0.02192642353475094 0.0028198924341512363 -0.00011037570600049694 0.9999960180040035 1.0826597213745117
0.9999974042191064 -7.506485159357234e-05 -0.0022772615829664495 -0.004325477872043848 7.517538024081252e-05 0.9999999960006195 4.8450212949912145e-05 -0.021965524181723595 0.002277257936950769 -4.862128118918237e-05 0.9999974058627651 1.079545497894287
0.9999958503158134 -9.675209497101457e-05 -0.0028792343054308317 -0.004729917272925377 9.721898131476496e-05 0.9999999821494954 0.00016201690910491113 -0.02031940221786499 0.0028792185785596696 -0.00016229615301204596 0.9999958418715229 1.0142625570297241
0.9999957197447723 -9.57498422654753e-05 -0.002924264711447327 -0.004792528226971626 9.617757569778012e-05 0.999999984697927 0.00014613014725785303 -0.01947380229830742 0.002924250674761465 -0.00014641077047417188 0.9999957136517523 0.9805669784545898
0.9999909526089283 -7.661288129879416e-05 -0.004253096607722317 -0.005868255160748959 7.79908276649428e-05 0.9999999445284651 0.0003238217067452032 -0.01856614276766777 0.004253071562882539 -0.0003241504795281599 0.9999909031129972 0.9541784524917603
0.9999859085061844 -8.953808408490707e-05 -0.005307991333088767 -0.006838020868599415 9.135653517691457e-05 0.9999999372266132 0.0003423459550956732 -0.016698123887181282 0.0053079603468872616 -0.0003428260506267043 0.9999858539135714 0.8820488452911377
0.9999809612488704 -6.162298342522956e-05 -0.006170359988913257 -0.007578340824693441 6.468250138875834e-05 0.9999998750772117 0.0004956427490604075 -0.019055621698498726 0.006170328675109773 -0.0004960324269600111 0.9999808403143893 0.9910097122192383
0.9999979331828042 2.2131469761638763e-05 -0.002033012621110378 -0.004154592752456665 -2.1779315697391253e-05 0.9999999847568128 0.00017323982010756403 -0.024626120924949646 0.0020330164241726266 -0.00017319518442883292 0.999997918421657 1.2237931489944458
0.9999982108051717 9.777705834263444e-06 -0.0018916370823929304 -0.004057173151522875 -9.461922641475265e-06 0.9999999860198634 0.00016694533441799768 -0.024402640759944916 0.0018916386882899565 -0.0001669271371965294 0.9999981969175762 1.209991216659546
0.9999996018430852 -1.074336755060408e-06 -0.000892363444424818 -0.0032040923833847046 1.1898252662351795e-06 0.9999999916247604 0.00012941817278259432 -0.022462673485279083 0.0008923632979123604 -0.00012941918301042675 0.9999995934691273 1.1236376762390137
0.9999996395499401 3.1757239360597564e-06 -0.0008490523568664566 -0.003133583813905716 -3.0963353157192345e-06 0.999999995623715 9.350391866279871e-05 -0.024567630141973495 0.0008490526500933941 -9.350125600850816e-05 0.9999996351834898 1.2185592651367188
0.9999999051136355 -2.713473387905158e-05 -0.0004347831948011757 -0.0027180842589586973 2.71345914164059e-05 0.9999999996318014 -3.3356247244862623e-07 -0.024232082068920135 0.000434783203692218 3.217647764524463e-07 0.9999999054817268 1.2021235227584839
0.999999354099029 -1.2558537694317552e-05 -0.0011365050847954722 -0.0034050103276968002 1.2668837458366581e-05 0.9999999952109263 9.704456482763792e-05 -0.023392993956804276 0.0011365038606148403 -9.705890034464915e-05 0.9999993494690605 1.1649119853973389
0.999999722257403 1.968467212022754e-05 -0.0007450487437679659 -0.0030339709483087063 -1.9598879009547825e-05 0.9999999931772445 0.00011515812963545315 -0.024892013520002365 0.0007450510055347045 -0.00011514349553094984 0.999999715820447 1.2383053302764893
0.9999999522943654 3.0342569748386577e-05 0.0003073932256136298 -0.0021355734206736088 -3.0345106020081642e-05 0.9999999995055869 8.246242444771684e-06 -0.026716861873865128 -0.0003073929752494641 -8.255569931400556e-06 0.999999952720701 1.3274030685424805
0.99999950184016 5.284435045988333e-05 0.0009967581984374398 -0.0015320568345487118 -5.289123453670677e-05 0.9999999974962762 4.701025877251603e-05 -0.024848666042089462 -0.0009967557117152432 -4.706295512554299e-05 0.9999995021314405 1.2468852996826172
0.999995918462846 2.9497714511986817e-05 0.002856954240753742 7.079978240653872e-05 -2.9043186577871584e-05 0.9999999869160119 -0.00015913663667662802 -0.024745091795921326 -0.002856958897540464 0.00015905301209947424 0.999995906235619 1.2397849559783936
0.999998513962565 0.00016004527532334856 0.001716525027912415 -0.0011444652918726206 -0.00016029340594917208 0.9999999767248133 0.00014441743923004324 -0.028368499130010605 -0.0017165018746311514 -0.00014469237226344338 0.9999985163416152 1.4407727718353271
0.9999990097916177 0.00014012441757618916 0.0014002788766307593 -0.001414815429598093 -0.00014016750188547547 0.9999999897062026 3.067028816910692e-05 -0.031146101653575897 -0.0014002745645603052 -3.0866531391210805e-05 0.9999990191387198 1.558084487915039
0.999999978991965 0.00015846010781111032 0.00013002485883772938 -0.0025099494960159063 -0.00015848119952918091 0.9999999742844011 0.00016221870015572276 -0.03211548179388046 -0.0001299991503013466 -0.00016223930324342384 0.9999999783893145 1.607062578201294
0.9999999933421004 6.196314842688156e-05 -9.73466332416416e-05 -0.002528103068470955 -6.19579661538544e-05 0.9999999966634963 5.3237370664131765e-05 -0.028147105127573013 9.734993167194453e-05 -5.323133891027513e-05 0.9999999938447075 1.3951635360717773
0.9999976442161428 5.3907700894864226e-05 -0.0021699438067889695 -0.004335224628448486 -5.347724064996006e-05 0.9999999788825729 0.00019843144600579992 -0.028480369597673416 0.002169954457948379 -0.0001983149359370501 0.9999976259816004 1.4050657749176025
0.9999987717402132 5.35876071992091e-06 -0.0015673191598337287 -0.003699513617902994 -5.440282981717023e-06 0.9999999986327044 -5.20095645681739e-05 -0.03145001828670502 0.0015673188789839282 5.201802734666937e-05 0.9999987704020724 1.5266249179840088
0.9999998161006257 0.00021269367515621502 0.0005679437606360512 -0.0022273778449743986 -0.00021283304266439632 0.9999999472550745 0.0002453404658833635 -0.03182677924633026 -0.0005678915483145465 -0.0002454612979640437 0.9999998086239519 1.6061984300613403
0.9999894664363947 -3.5713449298821904e-05 -0.0045897429997714 -0.0064129699021577835 3.63893501372576e-05 0.9999999885069453 0.00014717990514757524 -0.030685070902109146 0.004589737690719152 -0.00014734537258374167 0.9999894562430504 1.4974379539489746
0.9999904237077176 7.430199338125215e-05 -0.004375725319631827 -0.006314930040389299 -7.289537487610315e-05 0.9999999456240244 0.000321618115745868 -0.02789125218987465 0.004375748978564601 -0.0003212960656992589 0.9999903747485345 1.3764259815216064
0.9999996692448699 0.00017678448466225828 0.0007938875211802603 -0.0020138670224696398 -0.00017685983423256554 0.9999999798627067 9.484294810287789e-05 -0.033571869134902954 -0.0007938707384318104 -9.498332354848151e-05 0.9999996803736582 1.6771107912063599
0.9999999842824704 8.29711340316553e-05 -0.00015668710858353913 -0.0026074072811752558 -8.296155247894753e-05 0.9999999946886392 6.11563775439546e-05 -0.030887920409440994 0.00015669218196531545 -6.114337757694589e-05 0.9999999858545238 1.5332121849060059
0.9999999155578634 6.90560966559088e-05 0.0004051117395173755 -0.0020918729715049267 -6.906179321678104e-05 0.9999999975165649 1.4047730756868484e-05 -0.028651531785726547 -0.0004051107684298539 -1.4075707313832323e-05 0.9999999178435665 1.420894742012024
0.9999999585246162 5.916759272462791e-05 0.0002818686967495826 -0.0021919598802924156 -5.918679137744063e-05 0.9999999959293717 6.810418854053499e-05 -0.02656177058815956 -0.0002818646660413095 -6.812086861963797e-05 0.9999999579559279 1.3247417211532593
0.9999997778536602 5.8486787980926794e-05 0.0006639818715115844 -0.001865435391664505 -5.849936458643953e-05 0.9999999981098951 1.8921782624235865e-05 -0.027036398649215698 -0.0006639807635823005 -1.896062093841146e-05 0.9999997793849957 1.346367597579956
0.9999998177474286 9.638020845365033e-05 -0.0005959999703708779 -0.0030052477959543467 -9.627468679593301e-05 0.9999999796876503 0.00017707592544405598 -0.028584588319063187 0.0005960170248793246 -0.00017701851346103544 0.9999998067140572 1.427063226699829
0.9999999582800867 4.66563231542786e-05 -0.0002850666802602274 -0.002606351161375642 -4.663683543430723e-05 0.999999996575395 6.836823531542458e-05 -0.02737451158463955 0.000285069869094467 -6.835493785525265e-05 0.9999999570313851 1.3576847314834595
0.9999985873553993 1.7202601713491047e-05 0.0016807710362642283 -0.000872557342518121 -1.6971108484759327e-05 0.9999999903692112 -0.00013774454235982377 -0.02520395629107952 -0.001680773389641578 0.00013771582322814524 0.9999985780165713 1.2459503412246704
0.9999998521144734 8.736457402763577e-05 0.0005367853041094726 -0.0020115941297262907 -8.742417006907914e-05 0.9999999900178385 0.00011100152017027887 -0.026413679122924805 -0.000536775601150669 -0.00011104843176447764 0.9999998497700887 1.3247747421264648
0.9999999952454874 1.715565103515463e-05 9.599327264624622e-05 -0.002301890403032303 -1.715261203696356e-05 0.9999999993517419 -3.1659183381384814e-05 -0.026937464252114296 -9.599381571791996e-05 3.1657536695496976e-05 0.9999999948914937 1.3285439014434814
0.9999999876210821 9.24347512628772e-05 0.00012733284122698477 -0.002360951853916049 -9.245037144353047e-05 0.9999999882023004 0.0001226716264605298 -0.02796284109354019 -0.00012732150060347126 -0.00012268339691045622 0.9999999843690097 1.3981178998947144
0.9999997967819568 5.479847394205537e-05 0.0006351638941278156 -0.001887377118691802 -5.4803800889406847e-05 0.9999999984632489 8.369327178479995e-06 -0.027274327352643013 -0.0006351634345253695 -8.404134873267624e-06 0.9999997982483706 1.3567485809326172
0.9999999576837441 2.3047023262453695e-05 0.00029000231849568656 -0.0021300925873219967 -2.304589531822982e-05 0.9999999997268665 -3.89277282616013e-06 -0.026334883645176888 -0.0002900024081333031 3.8860892983584625e-06 0.9999999579417499 1.3060126304626465
0.9999998903754858 0.00024294131115482173 -0.00040028556814025967 -0.003101583104580641 -0.0002427887253602608 0.999999897871292 0.0003811968529959801 -0.033008236438035965 0.00040037813572288666 -0.00038109962638459136 0.9999998472302001 1.6708976030349731
0.9999947812527912 0.00022857882325730253 -0.0032226105727869623 -0.00543182110413909 -0.00022678700296233103 0.9999998195102406 0.0005563696085446705 -0.03464431315660477 0.003222737165449173 -0.0005556358587988119 0.9999946526026801 1.7400192022323608
0.9999994431688568 -0.00019779546724937449 0.0010365996957417169 -0.0012566572986543179 0.00019810751184532238 0.9999999350963505 -0.0003009330626322805 -0.02947339415550232 -0.0010365401052668797 0.0003011382532498823 0.9999994174500115 1.3843090534210205
0.9999999167931841 -6.18987042877615e-05 -0.0004032148002848995 -0.0026549885515123606 6.191035175765779e-05 0.9999999976666974 2.887409627136218e-05 -0.020522650331258774 0.0004032130120749307 -2.88990570389601e-05 0.9999999182920524 1.025251030921936
0.9999999986869417 2.6100009824875154e-05 -4.410109105580391e-05 -0.0027014147490262985 -2.6109400654603075e-05 0.9999999769849659 -0.00021295155998491905 -0.029930803924798965 4.409553200300797e-05 0.00021295271115835692 0.9999999763533632 1.4716230630874634
0.9999993955149011 -3.3876668528544256e-05 -0.0010990096467339617 -0.0033032274805009365 3.396323092318626e-05 0.999999996322828 7.87454315824534e-05 -0.022340023890137672 0.0010990069750598302 -7.878270990043224e-05 0.9999993929882924 1.1044963598251343
0.9999943582185038 -9.463122988812944e-05 -0.0033577635552015962 -0.005218195728957653 9.503867125845809e-05 0.9999999881410773 0.0001211837279327788 -0.022488553076982498 0.003357752047616922 -0.00012150216162735137 0.9999943553532745 1.0991228818893433
0.9999985381995409 7.328891695336762e-06 -0.001709837731701855 -0.0037913210690021515 -6.935907641090203e-06 0.9999999735620754 0.0002298428629292726 -0.02328883856534958 0.0017098393709907432 -0.0002298306676682817 0.9999985118124874 1.1639206409454346
0.9999999563364043 3.1021806032561876e-05 -0.00029387894932980646 -0.0026787486858665943 -3.099882267909762e-05 0.9999999964610479 7.821110444298188e-05 -0.02541874721646309 0.0002938813745394946 -7.820199112656445e-05 0.9999999537590919 1.2632763385772705
0.9999999636399145 -1.976745381135903e-05 -0.0002689412892612219 -0.0025334195233881474 1.9776990759710704e-05 0.9999999991757837 3.545846596278207e-05 -0.023254074156284332 0.00026894058811596805 -3.546378352290184e-05 0.9999999632066392 1.154005527496338
0.9999998813426578 2.104511389125368e-05 -0.00048669474337585726 -0.0028229965828359127 -2.097013142848858e-05 0.9999999879114589 0.00015406925519745413 -0.02283891662955284 0.00048669797989745064 -0.00015405903086327167 0.9999998696954371 1.149029016494751
0.9999997862788101 4.587432997821304e-06 -0.0006537746474537497 -0.0029231510125100613 -4.543328028628366e-06 0.9999999977140169 6.746350578657977e-05 -0.025014247745275497 0.0006537749554435444 -6.746052105551886e-05 0.9999997840136696 1.2388226985931396
0.99999983605347 5.019934377907575e-05 0.000570414812833241 -0.0018901173025369644 -5.02242561984883e-05 0.9999999977856652 4.3659975017964936e-05 -0.025982480496168137 -0.0005704126198680564 -4.3688616519762684e-05 0.9999998363603604 1.2968242168426514
0.9999998979735353 3.1439940714101724e-05 0.00045062672942526344 -0.001945733092725277 -3.1460186073203036e-05 0.9999999984962208 4.492009747023423e-05 -0.02515696920454502 -0.00045062531646241895 -4.493426968795277e-05 0.9999998974588625 1.2563443183898926
0.9999999536805398 4.754039801825315e-05 0.0003006307179952155 -0.0021020222920924425 -4.7557552921119845e-05 0.9999999972414374 5.70561494316656e-05 -0.025908421725034714 -0.0003006280046938535 -5.7070444050136336e-05 0.9999999531828825 1.2907795906066895
0.9999999981865696 3.8178579900269466e-05 4.657528161026369e-05 -0.002348840469494462 -3.818021964292959e-05 0.9999999986514075 3.5205904368136354e-05 -0.02648107521235943 -4.657393743601973e-05 -3.520768255877471e-05 0.9999999982956437 1.3132662773132324
0.999999982769448 -5.637866262919617e-05 -0.0001768687367887362 -0.0024418446701020002 5.636362303262039e-05 0.9999999947959793 -8.503636442184179e-05 -0.023506075143814087 0.0001768735301048086 8.502639399381167e-05 0.9999999807431331 1.1612985134124756
0.9999995402197626 6.422362490499842e-05 -0.0009567839824313247 -0.00332572590559721 -6.398532498823744e-05 0.9999999669295323 0.00024909197522094236 -0.023965569213032722 0.0009567999483796145 -0.0002490306405593155 0.9999995112586798 1.209980845451355
