0.9999892938786683 -4.253974722981341e-05 0.004627128527774761 0.003239681012928486 4.275981646374795e-05 0.9999999979594912 -4.7461730884683266e-05 -0.013718710280954838 -0.00462712649932303 4.765907792023562e-05 0.999989293657173 0.7584360241889954
0.9999604912236332 -9.054062590166315e-05 0.008888632863671806 0.007923918776214123 9.260817679213934e-05 0.9999999687546351 -0.0002321948622875041 -0.012522312812507153 -0.008888611562875069 0.0002330088486362958 0.9999604683643052 0.6836289763450623
0.9999245502062387 -0.00017123742080937346 0.012282694028463133 0.012104669585824013 0.00017449516778524627 0.9999999498856045 -0.0002641594690376665 -0.010468920692801476 -0.012282648178937186 0.00026628280901555904 0.9999245299757268 0.5802477598190308
0.999972222296 -9.039652755721161e-05 0.007452950078130177 0.006531766150146723 9.143828185001379e-05 0.999999986098208 -0.00013943681267876288 -0.011696911416947842 -0.007452937369917134 0.0001401144243941117 0.9999722166602971 0.6547287702560425
0.9999933433691438 -3.3350866566090773e-05 0.0036485757662075608 0.0019700650591403246 3.373180934098298e-05 0.9999999939869202 -0.00010434713697242366 -0.014821703545749187 -0.003648572264200941 0.00010446951543416377 0.999993338481089 0.7785370349884033
0.9999913579282602 -2.5905363528769394e-05 0.004157330598640399 0.0025062519125640392 2.629661509787462e-05 0.9999999952309208 -9.405661304483397e-05 -0.014074178412556648 -0.0041573281422430065 9.41651239234235e-05 0.9999913538404456 0.7493211627006531
0.9999751704844361 -9.706583173129935e-05 0.007046204144578491 0.006136002484709024 9.804254728337814e-05 0.9999999856344552 -0.0001382705606504841 -0.012107357382774353 -0.007046190622008958 0.0001389579552624596 0.9999751656358296 0.6746601462364197
0.999979824463097 -7.950532710324113e-05 0.006351719897534022 0.0051619685254991055 8.033648771735412e-05 0.9999999882447189 -0.00013060096010687113 -0.012833875603973866 -0.006351709439395716 0.0001311086000299132 0.9999798190952318 0.6984266042709351
0.9999336735323572 -0.00016132068146606056 0.011516184772875287 0.011401313357055187 0.00016419335107754137 0.9999999556438331 -0.00024850125788194853 -0.01100270263850689 -0.011516144173669206 0.000250375656640795 0.9999336556669156 0.6132784485816956
0.9999771526694022 -0.00010001170403013793 0.006759004131815521 0.005795009434223175 0.00010086645809275274 0.9999999869597538 -0.00012612077472555475 -0.011919126845896244 -0.0067589914301228494 0.00012679965000952987 0.9999771497172804 0.6651520133018494
0.9999634871842842 -9.047383683577177e-05 0.008544946619514566 0.007681868504732847 9.191761570907446e-05 0.9999999815675995 -0.00016857031812225566 -0.011654541827738285 -0.008544931210807231 0.00016934959426492203 0.9999634770686964 0.6482427716255188
0.9999806332961609 -7.934080328977622e-05 0.006223081041207462 0.005087672267109156 8.003779655307352e-05 0.9999999905526812 -0.00011175235224294373 -0.012184652499854565 -0.006223072115894636 0.00011224826966254399 0.9999806301992884 0.669948399066925
0.999974680343965 -8.919474538613709e-05 0.007115526353140584 0.006063764914870262 9.01395431779865e-05 0.9999999871647168 -0.00013245915870226623 -0.011735448613762856 -0.007115514447149854 0.00013309719517687224 0.9999746755489806 0.6509786248207092
0.9999846575352355 -6.303706672363108e-05 0.005539018005621921 0.004210415296256542 6.364643135859243e-05 0.9999999919424921 -0.00010983691497933543 -0.012901519425213337 -0.0055390110371943 0.0001101877685396263 0.9999846534899353 0.7003020644187927
0.999978352978664 -7.084730672644354e-05 0.006579403828415077 0.005240004044026136 7.189008726466704e-05 0.9999999848935405 -0.00015825528108272943 -0.012773634865880013 -0.0065793925170631404 0.00015872484924265757 0.9999783429657506 0.6943022608757019
0.9999663084674237 -8.229066135734748e-05 0.008208237221259867 0.007194719277322292 8.36947016967974e-05 0.9999999819267743 -0.00017070925049652498 -0.011800386011600494 -0.008208223025133419 0.00017139048500594065 0.9999662972820992 0.6547961831092834
0.999997782625547 -5.753904358573204e-06 0.0021058753243805026 0.0002004241687245667 5.656373837793844e-06 0.9999999989112555 4.631948324973527e-05 -0.015973083674907684 -0.002105875588605619 -4.630746892400596e-05 0.999997781569351 0.8332309126853943
0.9999947860307817 -2.9221998718066476e-05 0.00322909543460404 0.001300737727433443 2.960745948968468e-05 0.9999999924426632 -0.00011932339191564682 -0.014409039169549942 -0.0032290919233326724 0.00011941837507942274 0.9999947793386735 0.7521586418151855
0.999964408380227 -8.502012539163354e-05 0.008436512571038373 0.007675912696868181 8.59825312167027e-05 0.999999989838108 -0.00011371362555300653 -0.010131576098501682 -0.00843650281736074 0.00011443497100638223 0.9999644055289421 0.5748439431190491
0.9999936146733573 -5.4259704298894945e-05 0.003573187428239595 0.0017632676754146814 5.4638928116522724e-05 0.999999992885809 -0.00010603286948899628 -0.01399910356849432 -0.003573181649507113 0.00010622742756552817 0.9999936105239039 0.7405653595924377
0.9999937666261756 -6.430209051158305e-05 0.003530237107461897 0.0018893647938966751 6.456852914743664e-05 0.9999999950759345 -7.535937802577259e-05 -0.013363645412027836 -0.003530232244313232 7.55868505001687e-05 0.9999937658540322 0.7190093994140625
0.9999934104729983 -3.299667310907957e-05 0.0036301407412166176 0.0016983188688755035 3.3241569098506895e-05 0.999999997176016 -6.740152898596744e-05 -0.013319505378603935 -0.003630138506938939 6.752175641605869e-05 0.9999934087458942 0.7131715416908264
0.9999955064389912 -3.4733914671253215e-05 0.0029976483083726207 0.0010884421644732356 3.4845879694629664e-05 0.9999999986972845 -3.729873388624596e-05 -0.014709115028381348 -0.002997647008936498 3.7403021974430055e-05 0.9999955063466154 0.7742528915405273
0.9999955751309811 -2.9539001747390447e-05 0.0029747009775021958 0.0007324499893002212 2.9648358749076732e-05 0.999999998886372 -3.67182601894232e-05 -0.015316329896450043 -0.0029746998895687337 3.680629271768348e-05 0.9999955748931411 0.8015686869621277
0.9999941677752205 -5.990848068456563e-05 0.003414795238053561 0.0011565363965928555 6.0433184142135055e-05 0.9999999863846638 -0.0001535529297587847 -0.015295722521841526 -0.003414785992437249 0.00015375840115301176 0.9999941577804241 0.7854312062263489
0.9999928572530169 -6.560115048466311e-05 0.003779039485906432 0.0012704350519925356 6.626234603479329e-05 0.9999999825203163 -0.00017483897802851952 -0.015188193880021572 -0.003779027950211909 0.00017508813722003097 0.9999928441203444 0.7870839834213257
0.9999951620528493 -8.030053202455702e-05 0.0031095695393808234 0.0005826802807860076 8.073925493545614e-05 0.9999999868053431 -0.00014096271288919655 -0.015426874160766602 -0.0031095581789702797 0.000141213095246821 0.9999951553416613 0.7939432263374329
0.999992693122503 -4.022836058695295e-05 0.003822575477695873 0.0015645907260477543 4.115741244814577e-05 0.9999999696370186 -0.0002429650783598794 -0.01606847532093525 -0.0038225655875443027 0.00024312063035936544 0.9999926644154388 0.8177947402000427
0.9999814354693403 -0.00011027896756935923 0.006092335777591951 0.004900784697383642 0.00011092371728630444 0.9999999882836994 -0.000105491848400767 -0.009266246110200882 -0.006092324072680185 0.00010616567452551986 0.9999814359858102 0.5125609636306763
0.9999993942960977 2.466237734854258e-05 0.0011003632148330852 -0.0016289204359054565 -2.4725540248550483e-05 0.9999999980476154 5.7388297746500646e-05 -0.012638657353818417 -0.0011003617973528986 -5.741547006114114e-05 0.999999392953505 0.6837248802185059
0.9999999433618014 -0.00010475765127725099 0.0003198471952001429 -0.0020049400627613068 0.00010477694566948345 0.9999999926923911 -6.030762086526477e-05 -0.015895772725343704 -0.00031984087517810875 6.0341130061743795e-05 0.9999999470303799 0.8125962018966675
0.9999999955638047 -9.275922549017942e-05 -1.6374271030324803e-05 -0.0025616439525038004 9.275780117091883e-05 0.9999999919165795 -8.696453954249966e-05 -0.015699287876486778 1.6382337661297757e-05 8.696302031533141e-05 0.999999996084526 0.8109728693962097
0.9999999835770682 -0.00010033377550715998 0.00015092712314648037 -0.0021057985723018646 0.00010033447808261201 0.9999999949556965 -4.647499833925443e-06 -0.014913547784090042 -0.00015092665608395315 4.662642951729283e-06 0.9999999885997019 0.7848322987556458
0.9999999788382756 -7.802980979195949e-05 -0.00019035439919767503 -0.002313775010406971 7.803266803810007e-05 0.9999999968428313 1.5008012423549136e-05 -0.01561109721660614 0.00019035322752433925 -1.5022865967595898e-05 0.9999999817699811 0.8102878928184509
0.9999992097447975 -5.836226155687522e-05 0.0012558278650427529 -0.0009802321437746286 5.844023677444336e-05 0.9999999963670146 -6.205408325892387e-05 -0.01375267282128334 -0.001255824238863711 6.212742509814279e-05 0.9999992095225195 0.7296395301818848
0.9999912457586774 -4.5020768784545714e-05 0.0041840625161386445 0.0022464185021817684 4.520923822326254e-05 0.9999999979678096 -4.495003525897473e-05 -0.011479977518320084 -0.004184060483950688 4.513880003455175e-05 0.9999912457618594 0.631281316280365
0.9999867625201203 -8.231406250254749e-05 0.005144706884153143 0.0036917119286954403 8.286755022605507e-05 0.9999999908022355 -0.00010737084454425106 -0.012236248701810837 -0.00514469799870293 0.00010779575248097763 0.9999867601436421 0.6671353578567505
0.99998722341085 -6.0078404415001185e-05 0.005054641989730122 0.0036226799711585045 6.0516160656699066e-05 0.999999994431932 -8.645189649132771e-05 -0.012320014648139477 -0.005054636767693531 8.67566794576776e-05 0.9999872214785674 0.6684278249740601
0.9999695984610986 -0.00011041505273554597 0.007796791780326865 0.006770476698875427 0.00011177292319115903 0.9999999786637294 -0.00017372206168229777 -0.011684083379805088 -0.0077967724324418015 0.00017458825047308142 0.9999695894668896 0.6481699347496033
0.9999999984468438 -2.51137778165922e-05 4.9755508065698664e-05 -0.0017506517469882965 2.5101860542553217e-05 0.9999999710041458 0.00023950282680093886 -0.0058042085729539394 -4.9761521443773936e-05 -0.00023950157747312887 0.9999999700813923 0.3424343168735504
0.9999722241953319 -8.209840861740222e-05 0.0074527912684875875 0.006286590360105038 8.306145881311318e-05 0.9999999882414207 -0.00012891063597587348 -0.011249302886426449 -0.007452780597495284 0.00012952609509421924 0.9999722192562931 0.6241446733474731
0.9999958290834707 -6.632863115847635e-05 0.002887458428277604 0.001370493322610855 6.630041929494753e-05 0.9999999977534564 9.866201970011713e-06 -0.012250630185008049 -0.002887459076202474 -9.674721114415298e-06 0.9999958312345524 0.6849573254585266
0.9999941829262263 7.939797067025912e-05 -0.0034099574294967024 -0.006838598288595676 -7.867034524357065e-05 0.9999999741109135 0.000213516155964762 -0.009947403334081173 0.003409974293965509 -0.00021324665139728653 0.9999941632835563 0.5584697723388672
0.9999999752926506 3.7242500988026074e-06 -0.00022226297067313262 -0.002589211333543062 -3.690787822208759e-06 0.9999999886601074 0.00015055285839784502 -0.010365493595600128 0.0002222635288491922 -0.00015055203435261746 0.9999999639665037 0.5882146954536438
0.9999980260751696 -1.6630592635902478e-05 0.0019868490601314096 -0.00022876029834151268 1.6536211365837842e-05 0.9999999987342298 4.751940756189013e-05 -0.011156527325510979 -0.001986849847892425 -4.7486458806141265e-05 0.9999980250844089 0.6222784519195557
0.999997431609392 -2.4295720414146785e-05 0.002266315145144612 0.00017034157644957304 2.437413444532106e-05 0.999999999105333 -3.457217800477927e-05 -0.013628942891955376 -0.002266314303161044 3.462732867996521e-05 0.9999974313069145 0.7281869053840637
0.9999924719129158 -4.167564213934433e-05 0.003879997504765872 0.0020196628756821156 4.1954519321865396e-05 0.9999999965427024 -7.179424445221125e-05 -0.013453133404254913 -0.0038799944992803266 7.195648740916935e-05 0.9999924702041258 0.7199152112007141
0.9999924712970306 -5.0344408171583905e-05 0.0038800534401035487 0.002100424375385046 5.087143988520552e-05 0.9999999894943963 -0.00013573247242322728 -0.014795690774917603 -0.0038800465659702505 0.00013592883443908874 0.9999924633525984 0.7731082439422607
0.9999951842221748 -2.4248563903286037e-05 0.0031033763010182495 0.0011674389243125916 2.4289208655953898e-05 0.999999999619745 -1.3059257571426957e-05 -0.014879705384373665 -0.0031033759831699333 1.3134573235457308e-05 0.9999951844309001 0.7877734303474426
0.9999925479253328 -3.558014401521592e-05 0.0038604180932037416 0.001792502123862505 3.638396471924577e-05 0.9999999776746582 -0.00020815112325828079 -0.01644696481525898 -0.0038604106009716456 0.00020829002941627286 0.9999925268947041 0.8359566926956177
0.9999889143748409 -3.809479885860567e-05 0.004708468563432188 0.002701584016904235 3.857802648162968e-05 0.9999999939987764 -0.00010253868823678398 -0.014365512877702713 -0.0047084646289849135 0.00010271919495624992 0.9999889098433062 0.7704138159751892
0.9999991671747179 -3.501470350951246e-05 0.0012901255136644838 -0.0010707336477935314 3.511859663387903e-05 0.9999999961426612 -8.050690469641845e-05 -0.013032803311944008 -0.001290122689762634 8.05521450457543e-05 0.9999991645470496 0.6959018111228943
0.9999980434769231 -5.0061119996678075e-05 0.0019775075751547054 0.00019495526794344187 4.989314425727418e-05 0.999999995143483 8.499239926106182e-05 -0.008939243853092194 -0.0019775118203656044 -8.489356890075427e-05 0.9999980411181224 0.5021766424179077
0.9999996715258148 -7.465673314539324e-05 0.0008070778370840352 -0.0014010891318321228 7.460000215020952e-05 0.9999999947448475 7.032172662697007e-05 -0.015271253883838654 -0.0008070830828330969 -7.026149551971635e-05 0.9999996718400562 0.8009986877441406
0.9999880602248892 -2.5141636667190244e-07 -0.0048866560754988395 -0.007226149085909128 1.2386348360945738e-06 0.9999999795931336 0.00020202029164312094 -0.014138669706881046 0.004886655924986294 -0.00020202393234871802 0.9999880398185779 0.7483464479446411
0.9999725823597059 0.00011050601956991205 -0.0074042094298182055 -0.010402667336165905 -0.0001083507783685929 0.9999999516486707 0.0002914837298066663 -0.011851152405142784 0.007404241282521588 -0.000290673486155686 0.9999725459831156 0.6467503309249878
0.9999982760768573 4.7594766394864704e-05 -0.001856226831921548 -0.004867029841989279 -4.728701035755437e-05 0.9999999851304994 0.0001658401028783482 -0.010133137926459312 0.0018562346974413373 -0.0001657520415653298 0.9999982634579966 0.5710052251815796
0.9999991636283423 -3.143878647413234e-05 0.0012929633477899403 -0.0011723532807081938 3.139995881022303e-05 0.999999999055512 3.0050268878673587e-05 -0.011934388428926468 -0.0012929642913127389 -3.000964474961666e-05 0.9999991636710316 0.6524345278739929
0.9999977702323865 -3.194042847557182e-05 -0.002111518426198896 -0.004736088681966066 3.236701117060994e-05 0.9999999790756736 0.0002019926452759444 -0.014744742773473263 0.002111511930285157 -0.0002020605384197735 0.999997750341923 0.7853370904922485
0.9999991871952151 -6.343137765810566e-05 -0.001273414845712598 -0.003136318176984787 6.362252607854864e-05 0.9999999867160341 0.00015006700370504575 -0.01581716351211071 0.0012734053098398127 -0.00015014789959909725 0.9999991779469245 0.8345719575881958
0.9999998550095779 -6.383696555280771e-05 -0.0005347014725616383 -0.0025841526221483946 6.385722954199054e-05 0.9999999972436504 3.788077552156734e-05 -0.016072560101747513 0.000534699052894052 -3.7914914583887515e-05 0.9999998563296806 0.8312207460403442
0.9999924770491291 3.673064143588965e-05 -0.0038787235022757012 -0.005792286247014999 -3.4695567916761265e-05 0.999999861720972 0.0005247420838091978 -0.023837348446249962 0.0038787422400429123 -0.0005246035616855778 0.9999923400455318 1.2105584144592285
0.9999961394153496 -5.4447659827248357e-05 -0.002778163035035682 -0.00451761344447732 5.531416081990372e-05 0.999999949853935 0.00031182121677747785 -0.019331563264131546 0.0027781459177861996 -0.00031197368472217854 0.9999960922812048 0.9920989274978638
0.9999977076859433 -8.878004004147529e-05 -0.0021393318964775428 -0.004073270130902529 8.899629370901727e-05 0.9999999909403712 0.00010098968970492882 -0.019775081425905228 0.002139322911227294 -0.00010117985081464351 0.9999977065274297 0.9872119426727295
0.9999987224218508 -8.181482266345521e-05 -0.0015963899903177683 -0.0037107025273144245 8.187815184456638e-05 0.999999995863709 3.960492997755437e-05 -0.02093414217233658 0.001596386743444312 -3.973558884119162e-05 0.9999987249844114 1.0389344692230225
0.9999984552822995 -9.336401492272862e-05 -0.0017551969050010859 -0.0036689555272459984 9.338487373594124e-05 0.999999995569988 1.1802079578585503e-05 -0.017732927575707436 0.001755195795336009 -1.1965970189059519e-05 0.9999984595710812 0.8956155776977539
0.9999993691777438 -6.80476850366011e-05 -0.0011211661905840852 -0.003037385642528534 6.814171768532837e-05 0.9999999941644168 8.383240709759739e-05 -0.0158272422850132 0.0011211604794401928 -8.390875240428632e-05 0.9999993679790504 0.82421875
0.9999995026775501 -3.0078811939241073e-05 -0.0009968650448503198 -0.0030265983659774065 3.0328718561164697e-05 0.9999999681202631 0.0002506783631009363 -0.018056903034448624 0.0009968574729631835 -0.00025070847207234734 0.9999994717100809 0.9316704273223877
0.9999976229253615 -8.175158124176331e-05 -0.0021788667478955365 -0.004100150428712368 8.205120774503064e-05 0.999999987190874 0.0001374258012234403 -0.019175268709659576 0.002178855485209605 -0.00013760425320023388 0.9999976168240821 0.9683173894882202
0.9999960491985445 -6.219787736938618e-05 -0.0028102880148293398 -0.004613123368471861 6.287405485111915e-05 0.9999999690984458 0.00024052018770669056 -0.019913312047719955 0.0028102729681419325 -0.0002406959316619747 0.9999960222077451 1.00393545627594
0.9998166758107033 0.000695736827137628 -0.019134542615448148 -0.022631991654634476 -0.000653813186365301 0.9999973725022805 0.0021971610893798 -0.05401034653186798 0.019136020985366098 -0.002184247880327286 0.9998145036765795 2.9872546195983887
0.9997803661830524 0.0004343635642892185 -0.020953059995515364 -0.0210051741451025 -0.00040399383901264246 0.9999988618761794 0.00145362833077657 -0.038924723863601685 0.020953667551521577 -0.001444844157691208 0.9997794037894061 2.246634006500244
0.999990168837409 3.752613376404253e-05 -0.004434052358675769 -0.006331411190330982 -3.648490391889946e-05 0.9999999717439066 0.00023490644439181765 -0.025598790496587753 0.004434061048517426 -0.0002347423590140915 0.9999901419507309 1.329849362373352
0.9999978219771531 -8.405508653785053e-05 -0.002085419788092971 -0.003960133995860815 8.438329683334678e-05 0.9999999840687398 0.00015729583450019524 -0.018449563533067703 0.002085406533354624 -0.00015747146650327477 0.9999978131387729 0.9398918747901917
0.9999946640897421 -6.347090938973321e-05 -0.003266154235137458 -0.004951011389493942 6.444298663363542e-05 0.999999953665375 0.00029751697343486906 -0.01788332313299179 0.0032661352001285633 -0.00029772586664471697 0.9999946218456192 0.9290833473205566
0.9999921522011238 -6.585252795086444e-05 -0.003961211886390209 -0.005555081181228161 6.692382901287665e-05 0.9999999612252668 0.000270315863272863 -0.018921609967947006 0.003961193931812334 -0.00027057884135530357 0.9999921178337983 0.965217113494873
0.9999931869855533 -0.00011390783904321622 -0.0036895809356338664 -0.006335549522191286 0.00011381295052156154 0.9999999931871777 -2.5927918797774653e-05 -0.028239179402589798 0.0036895838638906077 2.5507820058016713e-05 0.9999931931369646 1.448073148727417
0.9999996530920665 -5.8120940871400104e-05 -0.0008309258105955187 -0.0028005517087876797 5.824809767850063e-05 0.9999999865980242 0.00015300689626869546 -0.01667376048862934 0.0008309169065547002 -0.00015305524303716844 0.9999996430755298 0.8639140129089355
0.9999985215713955 -2.9815969753271657e-05 -0.0017192923053459552 -0.003728384617716074 3.0211982805526485e-05 0.9999999730224063 0.00023030940645005088 -0.019936703145503998 0.0017192853920652894 -0.00023036100918360329 0.9999984954946413 1.0106217861175537
0.9999985834550769 -0.00010027274982509201 -0.0016801884464028164 -0.003725628834217787 0.00010034326395669542 0.9999999940884907 4.1883744514638815e-05 -0.019816061481833458 0.0016801842366721313 -4.205228077720755e-05 0.9999985876052709 0.9851511716842651
0.9999078059941231 0.00031221369633290094 -0.01357505191984912 -0.017464065924286842 -0.00029611380072447205 0.9999992505035439 0.0011879852554577467 -0.03990703821182251 0.013575412650663614 -0.0011838559701191048 0.9999071490175505 2.1682205200195312
0.9999374022175342 -0.0001732249305328341 -0.011187566293550586 -0.015321322716772556 0.00017134079305956975 0.9999999709777662 -0.00016937177844244226 -0.05455893650650978 0.011187595308276978 0.000167444289663556 0.9999374028776141 2.7905945777893066
0.9994450516700938 0.0008419802141944059 -0.033299846268154625 -0.035153165459632874 -0.0007729890004005626 0.9999975283846069 0.0020846373024784636 -0.06952230632305145 0.03330151918710445 -0.00205774002160868 0.9994432322677635 3.839888095855713
0.9990501509626272 0.0011907981545661148 -0.04355890105715566 -0.04305780678987503 -0.0010676510490548535 0.9999953679604637 0.0028502945206403197 -0.08233068138360977 0.043562093416058954 -0.0028010814647243115 0.999046794679728 4.519644737243652
0.9988786151191931 0.0012151212350423903 -0.04732901581426128 -0.046306442469358444 -0.0010733340681599037 0.9999948605144104 0.003021075759141698 -0.08516070991754532 0.04733244354077414 -0.0029668881253756994 0.9988747856279637 4.5392231941223145
0.9998207219969196 0.0001417541596417094 -0.01893419581911048 -0.019479723647236824 -0.00013448746999736796 0.9999999168212181 0.0003850593163880186 -0.061707597225904465 0.018934248827946948 -0.00038244387163056216 0.9998206578972083 2.9391112327575684
0.9993672482806254 0.0013362212766410636 -0.03554317904620501 -0.03801089897751808 -0.0011902859400280026 0.9999907767255267 0.004126703679541297 -0.0812787264585495 0.035548365410968015 -0.004081785954410123 0.9993596213275933 4.633904933929443
0.9993135343623963 0.0008379740283628059 -0.037037249353364096 -0.03616807982325554 -0.0007539446419525746 0.9999971104450012 0.002282689011835738 -0.08420141041278839 0.037039055166301835 -0.0022531979885651475 0.9993112785770066 4.351616859436035
0.998407653069344 0.002312829370491951 -0.056363189342583594 -0.05407392978668213 -0.002027482574259401 0.9999848409154978 0.005119302063568042 -0.1265527456998825 0.056374175000402565 -0.004996874974418246 0.9983972073446091 6.960433483123779
0.9992333690643401 0.00022018778216080243 -0.03914876327125499 -0.03924638032913208 -0.00017838458268108125 0.9999994102541647 0.0010712937334400063 -0.08670537173748016 0.039148976069226106 -0.0010634889107241493 0.9992328190487278 4.289250373840332
0.9998057978506175 0.0006113029176828777 -0.019697535201976424 -0.02042982168495655 -0.0005782933807260941 0.9999984191111726 0.0016814731403053027 -0.04814453423023224 0.01969853195179977 -0.001669755640383404 0.999804570781233 2.636322021484375
0.999845243358613 3.4534716475983446e-05 -0.017592275023695748 -0.01908460073173046 -2.719905558504618e-05 0.9999999125934079 0.0004172210300816844 -0.05295323207974434 0.017592287894624924 -0.00041667796909011594 0.9998451569048593 2.6377744674682617
0.9998562867402824 0.0007539517255911219 -0.01693627534996039 -0.0184987373650074 -0.0007218378725980761 0.9999979303076374 0.0019021909807726196 -0.0550902858376503 0.016937674457253003 -0.0018896923657378169 0.9998547615762716 2.918585777282715
0.9998968643730844 2.950808534478336e-05 -0.01436174592960614 -0.015356251038610935 -2.7201405909473316e-05 0.9999999867004259 0.00016080805831243902 -0.053090158849954605 0.014361750483738944 -0.00016040081359193197 0.9998968518775434 2.5376229286193848
0.9999060568315531 0.0004071145327385557 -0.013700794478140333 -0.016693295910954475 -0.0003899476336815587 0.9999991356619781 0.0012556337602254604 -0.039077069610357285 0.013701293822774319 -0.0012501732096253076 0.9999053513280785 2.0985233783721924
0.9996000376622356 0.00044712902424911015 -0.02827657654832336 -0.028918735682964325 -0.0004127517541289265 0.9999991686938473 0.001221575869219592 -0.05688028037548065 0.028277099243857743 -0.001209416078308101 0.9995993912418629 2.883695125579834
0.9999014467845351 0.0001499897161371858 -0.014038312622192753 -0.01527432445436716 -0.00014048704906158976 0.9999997603620744 0.0006778931940683152 -0.03316241502761841 0.01403841093508839 -0.0006758541844002022 0.9999012282418394 1.7743148803710938
0.999784433869741 0.0007534117724208516 -0.020748931598102423 -0.02195475623011589 -0.0007003569761468261 0.9999964673439486 0.002564137228992647 -0.05495646968483925 0.02075079015043808 -0.0025490528288604156 0.9997814296324014 2.989147186279297
0.9998320546558328 0.0005559969260254575 -0.018318115353773024 -0.02169422246515751 -0.0005220415845729625 0.9999981369504166 0.001858377862503882 -0.04865337535738945 0.01831911447859479 -0.0018485029386284969 0.9998304821726561 2.6765527725219727
0.9999130933133772 1.683419425686079e-05 -0.013183532799804347 -0.013952484354376793 -1.5381904908001478e-05 0.9999999938029835 0.00011026073640508609 -0.05287874862551689 0.013183534574256433 -0.0001100483661619424 0.9999130873758413 2.520237445831299
0.99999781963417 -5.317543319310228e-06 -0.0020882285865979518 -0.004201349802315235 5.824064725308043e-06 0.9999999705667407 0.00024255431956513344 -0.02234795317053795 0.002088227235341477 -0.0002425659526864327 0.9999977902319446 1.120980978012085
0.999997469099931 -7.94940866227062e-05 -0.0022484382186469093 -0.004270296543836594 7.965292938872207e-05 0.9999999943386055 7.055636269794428e-05 -0.022086158394813538 0.0022484325971040046 -7.073527881750582e-05 0.9999974697704875 1.0860918760299683
0.9999740200506989 -0.00011816916352597267 -0.007207305994126103 -0.008572446182370186 0.00011802145956862425 0.9999999928166661 -2.091895365047422e-05 -0.036429423838853836 0.007207308414328874 2.0067793404134495e-05 0.9999740268140488 1.7228549718856812
0.9999977954441363 -9.049555647039164e-05 -0.0020978363668186163 -0.004114615265280008 9.057543502747202e-05 0.999999995176742 3.798166349753705e-05 -0.02181003987789154 0.0020978329195284365 -3.817159220637912e-05 0.9999977988175631 1.071343183517456
0.9999962919074235 -8.117987032187834e-05 -0.0027220545974663826 -0.0046092490665614605 8.157807173254861e-05 0.9999999859887438 0.00014617636598118538 -0.02100004255771637 0.0027220426927485443 -0.00014639788391089987 0.9999962845187167 1.0405465364456177
0.9999956320354312 -7.074657136867998e-05 -0.0029548104814163673 -0.004761495627462864 7.131763001387436e-05 0.9999999788016722 0.00019315913342394077 -0.021129071712493896 0.002954796753432908 -0.00019336901979236462 0.9999956158826738 1.045584797859192
0.9999947407096942 -0.00010054304350663204 -0.003241673032223906 -0.004996867850422859 0.00010099062997417136 0.9999999853909612 0.00013790928106917423 -0.021365780383348465 0.0032416591190473324 -0.0001382359343659238 0.9999947362546376 1.0494999885559082
0.9999953489202511 -8.900152155282938e-05 -0.0030486417622560026 -0.004808933008462191 8.946652152757392e-05 0.9999999843863783 0.00015239089558045623 -0.020455509424209595 0.0030486281516340858 -0.00015266293817210058 0.9999953412693584 1.0136988162994385
0.9999980336827695 -0.00010829094097198633 -0.0019801271845162503 -0.0038360469043254852 0.00010841419083800802 0.9999999921927293 6.213617779149742e-05 -0.01833203434944153 0.0019801204402716995 -6.235072949852606e-05 0.9999980376157889 0.9221351146697998
0.9999986539223011 -9.401932246703106e-05 -0.0016380824010813547 -0.003536602482199669 9.421639432854504e-05 0.9999999883340465 0.00012022968784826408 -0.017961394041776657 0.0016380710780577695 -0.00012038386022720546 0.9999986511145249 0.915490984916687
0.9999997911672588 -8.382938231613875e-05 -0.0006408104816680314 -0.0027912561781704426 8.383975478505269e-05 0.9999999963548808 1.615963891423607e-05 -0.01851433515548706 0.0006408091246796521 -1.6213360933221118e-05 0.9999997945503752 0.9320846796035767
0.9999991821150341 -4.4177114509972875e-05 -0.0012782087644046137 -0.0034424844197928905 4.4350719498195114e-05 0.9999999897969176 0.00013579093651351206 -0.020195279270410538 0.0012782027525111927 -0.00013584751493051685 0.9999991738712469 1.0157482624053955
0.9999224823523643 0.00043188515331416173 -0.012443583145556335 -0.014594371430575848 -0.000419679511652157 0.999999428324876 0.0009834729425889314 -0.0481811985373497 0.012444000779231988 -0.0009781743891821783 0.9999220919749053 2.534846305847168
0.9993498574308705 0.0006487202213303002 -0.03604776851585854 -0.04178841412067413 -0.0005744352633627087 0.9999976903742284 0.0020710553678718593 -0.07027792185544968 0.0360490287945 -0.0020490017772131367 0.9993479219544562 3.787026882171631
0.9980250073093839 0.0009198283913038443 -0.06281113516594666 -0.0644993782043457 -0.0007778187587605724 0.9999970861657189 0.002285313556262096 -0.10654287040233612 0.06281305424099987 -0.002231944399501593 0.9980228146896818 5.604482173919678
0.997704457619423 0.001992433622080721 -0.067689330433937 -0.0726800411939621 -0.001664079391795404 0.9999865763021634 0.004906939499883117 -0.08202962577342987 0.06769819854405958 -0.004783034992482664 0.9976943803039836 4.814438343048096
0.9994915950547338 5.81126549386208e-05 -0.031883350480511496 -0.03736890107393265 -4.9180847928811875e-05 0.9999999593313855 0.0002809243162264879 -0.08459648489952087 0.03188336550911766 -0.00027921344270342985 0.9994915572648252 4.380991458892822
0.9971404414129174 0.0015304195816420575 -0.07555526397781048 -0.07489518076181412 -0.0012270324990659223 0.9999909984913319 0.004061690233793183 -0.0689505860209465 0.07556079995671522 -0.0039573668282307925 0.9971333435191545 4.063294887542725
0.999801404216707 -0.00010176765548537162 -0.019928416134875712 -0.01943906955420971 0.00010741319429797499 0.9999999544069386 0.0002822207046952456 -0.058865588158369064 0.01992838650533877 -0.00028430523168768146 0.9998013695638892 2.758758068084717
0.9999941684816205 -0.00010074906274514589 -0.003413627451606555 -0.00507874833419919 0.00010129738940226842 0.9999999819963199 0.00016045621883270704 -0.020702701061964035 0.0034136112243350406 -0.0001608010746785575 0.9999941606836626 1.0189166069030762
0.9999955856605092 -9.299943712116118e-05 -0.0029698502655986394 -0.004710148088634014 9.342191345088457e-05 0.9999999855375967 0.00014211668634136275 -0.020035088062286377 0.0029698370058756315 -0.00014239350808453675 0.999995579886355 0.9938386678695679
0.9999949151522897 -8.345777803528547e-05 -0.003187899679146965 -0.004896971397101879 8.411894258009169e-05 0.9999999749826846 0.00020726464669051364 -0.0204585250467062 0.0031878823015473946 -0.00020753175553141074 0.9999948971554815 1.0152535438537598
0.9999962911911393 -9.375690414468854e-05 -0.0027219135933123383 -0.0045359134674072266 9.40971840303626e-05 0.9999999877744594 0.0001248871544887357 -0.020879453048110008 0.0027219018510025003 -0.00012514281571045517 0.9999962877879045 1.0277706384658813
0.9999976302370526 -7.1687155307247e-05 -0.002175863329952222 -0.004009876400232315 7.216935571227529e-05 0.9999999728567666 0.0002215356635450867 -0.018488312140107155 0.0021758473896307372 -0.00022169216921272034 0.9999976082674993 0.945116400718689
0.9999955948852872 -6.624396008806094e-05 -0.0029674604897349834 -0.0047547221183776855 6.69279965832979e-05 0.9999999712150827 0.00023041370859919617 -0.020643390715122223 0.0029674451408003627 -0.00023061129978589647 0.9999955705340723 1.0280195474624634
0.9999949006326044 -9.148453350077574e-05 -0.0031922310955848745 -0.00495010195299983 9.194743660930755e-05 0.9999999852802168 0.00014486281461374963 -0.02148377150297165 0.0031922177958889084 -0.0001451555933713395 0.9999948943246647 1.0497422218322754
0.999992596367825 -8.774213434817598e-05 -0.0038470132381074134 -0.005409287754446268 8.858084280107025e-05 0.9999999723483555 0.00021784563952865688 -0.020992914214730263 0.0038469940174898003 -0.00021818479835456929 0.9999925764886574 1.0312578678131104
0.9999822789836326 -0.00011680453823041538 -0.0059521488052773405 -0.007103892508894205 0.00011816309652194357 0.9999999670505519 0.00022789554064963486 -0.024073932319879532 0.005952121989923932 -0.00022859482644281993 0.9999822598367544 1.1471505165100098
0.9999984308857376 -0.0001186732774715163 -0.0017675244597394899 -0.0038697230629622936 0.00011866175744288212 0.999999992937765 -6.622473780830942e-06 -0.01985330879688263 0.0017675252331674856 6.412725830696911e-06 0.9999984379054935 0.973720133304596
0.9999978379485395 -8.803612765157633e-05 -0.00207758222144483 -0.004183047916740179 8.821465313622237e-05 0.9999999924250095 8.583796350317099e-05 -0.018971983343362808 0.002077574648865252 -8.602105111210337e-05 0.9999978381396418 0.9472671151161194
0.999964433762183 -0.00014521281395984755 -0.008432681893407326 -0.01340519916266203 0.000145081229182541 0.9999999893442413 -1.6215864084787852e-05 -0.028019487857818604 0.008432684158301956 1.4991863493108511e-05 0.9999644441744568 1.4230172634124756
0.998053970257641 0.0011189875565204264 -0.062345972763350646 -0.07688403129577637 -0.0009952457720761425 0.9999974730562087 0.002015779514357338 -0.06091521307826042 0.06234807085077511 -0.0019498071816696613 0.9980525618989919 3.596393585205078
0.9987216558213923 0.0008449522081598793 -0.050540481291164646 -0.050796445459127426 -0.0007291741673183659 0.9999970679632806 0.0023091924726683973 -0.05377921089529991 0.050542284261896525 -0.002269387716552322 0.9987193436501477 3.0260934829711914
0.9998523548898768 0.00014578905060695538 -0.01718275783221892 -0.018620336428284645 -0.00013162632407736404 0.9999996507204924 0.0008253686474580075 -0.03335963562130928 0.01718287216034524 -0.0008229850825621947 0.9998520248516153 1.8443450927734375
0.9995859840000265 0.0004838872025250388 -0.028768497421197355 -0.029164111241698265 -0.0004446903838817001 0.9999989642177162 0.0013688732434976544 -0.040704093873500824 0.028769130003541806 -0.0013555134339109792 0.9995851638265593 2.225593328475952
0.9999947381115459 -0.00013644104339348114 -0.0032411623011787964 -0.0049836356192827225 0.00013642189795334505 0.9999999906757564 -6.128050029785001e-06 -0.023555446416139603 0.003241163107074949 5.68585227196766e-06 0.9999947474008974 1.1302754878997803
0.999999649593784 -0.00010652051772239938 -0.0008303407062437348 -0.003008513944223523 0.00010649637155845754 0.999999993905158 -2.912398672599617e-05 -0.019217858090996742 0.0008303438034850836 2.9035548248397943e-05 0.9999996548429928 0.9465969800949097
0.9999992856138507 -0.00010491933429995111 -0.001190698837531259 -0.0032767527736723423 0.0001049296424391523 0.9999999944579502 8.5947513036782e-06 -0.018401701003313065 0.0011906979291767615 -8.71968476698178e-06 0.999999291080953 0.9136993885040283
0.9999998359658986 -0.00011052893977778517 -0.0005620066983205045 -0.0026973867788910866 0.00011050837562165506 0.9999999932233817 -3.662151059993215e-05 -0.01821550726890564 0.0005620107422487393 3.655939814543568e-05 0.9999998414036552 0.9040835499763489
0.9999996501090678 -7.082501128622158e-05 -0.0008335259805624481 -0.002912824274972081 7.092116649148734e-05 0.9999999908345222 0.00011533058594394324 -0.01803349144756794 0.0008335178046327329 -0.00011538966022565944 0.9999996459665853 0.9086627960205078
0.9999995919345559 -8.388102907253383e-05 -0.0008994969120242006 -0.003063225420191884 8.390639004322937e-05 0.9999999960834529 2.81569170306997e-05 -0.020163804292678833 0.0008994945466701024 -2.823237907957783e-05 0.9999995950561646 0.9963433146476746
0.9999984944987408 -8.783173580868378e-05 -0.0017329990876324179 -0.0037485999055206776 8.799541474902161e-05 0.9999999916753332 9.437234876073013e-05 -0.02030993439257145 0.001732990784318574 -9.452470265651613e-05 0.9999984939028768 1.0023081302642822
0.99999821160028 -9.157016029349302e-05 -0.001889023861030481 -0.0038398304022848606 9.173961979282107e-05 0.9999999917759604 8.962098827167162e-05 -0.02033904939889908 0.001889015638886812 -8.979412632431178e-05 0.9999982117768668 1.000411868095398
0.9999981884278182 -7.392061621382101e-05 -0.0019020191440808415 -0.003943416755646467 7.40888327943009e-05 0.9999999933507279 8.837074813509639e-05 -0.021159227937459946 0.001902012599013641 -8.851150642344474e-05 0.9999981872552502 1.038050651550293
0.9999956642547481 -8.165363850208038e-05 -0.00294360397962335 -0.0048057446256279945 8.212305711403419e-05 0.9999999839316599 0.00015935019200419496 -0.021900393068790436 0.0029435909208015464 -0.00015959123886009628 0.9999956548921239 1.0729163885116577
0.9999962590126584 -7.374993613967121e-05 -0.0027343228842394104 -0.004664500709623098 7.413595245706966e-05 0.9999999873010943 0.00014107328527498188 -0.02206803299486637 0.0027343124453707217 -0.0001412754691529557 0.9999962517813219 1.0800963640213013
0.9999915561617492 -7.6009851314277424e-06 -0.004109446121843552 -0.006321935448795557 9.096055372997297e-06 0.9999999337854059 0.00036379451023797234 -0.026664182543754578 0.004109443084541581 -0.00036382881816544795 0.9999914900168532 1.3233909606933594
0.9999976274484562 -0.00012758532544958944 -0.0021745848898842373 -0.0040930998511612415 0.00012757210951836435 0.9999999918433582 -6.216157403450171e-06 -0.019617505371570587 0.0021745856652373922 5.9387262735670355e-06 0.9999976355681628 0.9685268402099609
0.9999996109269886 -8.922410609346886e-05 -0.0008776018062334129 -0.002855640836060047 8.931797036269625e-05 0.9999999902955481 0.00010691680807886666 -0.016102122142910957 0.0008775922581601412 -0.00010699515209254158 0.9999996091918566 0.8372091054916382
0.9999994642115156 -7.339550357268729e-05 -0.0010325646621728224 -0.002931613475084305 7.354396331552481e-05 0.999999986964986 0.00014374043677611742 -0.015658175572752953 0.0010325540988115867 -0.0001438162986592824 0.999999456574305 0.8214055895805359
0.9999990372877928 -9.289001672039784e-05 -0.001384483633852315 -0.0033284476958215237 9.304140103953679e-05 0.9999999897006424 0.00010927951768770158 -0.0180516354739666 0.0013844734686167975 -0.00010940822677998583 0.9999990356310624 0.9166216850280762
0.999999429803147 -8.894611353703424e-05 -0.001064181361321592 -0.003152880584821105 8.899646972316848e-05 0.9999999949224971 4.727191631034557e-05 -0.018999174237251282 0.0010641771512649727 -4.736659774035047e-05 0.9999994326415371 0.9491907358169556
0.9999992040211491 -7.45691578734828e-05 -0.001259522333863153 -0.0032835211604833603 7.469995507558144e-05 0.999999991822744 0.00010379994762326585 -0.019296418875455856 0.0012595145832890347 -0.00010389395126245907 0.9999992014142121 0.9619154930114746
0.9999985051956302 -8.074581785275377e-05 -0.001727161433754642 -0.0036827148869633675 8.097635752703632e-05 0.9999999878223773 0.00013340942500126397 -0.019046153873205185 0.001727150640468791 -0.0001335490848220391 0.9999984995565279 0.9551537036895752
0.9999986749564456 -9.234113601781436e-05 -0.0016252871954070475 -0.003594505600631237 9.246130018546131e-05 0.9999999929978682 7.385913044852919e-05 -0.019540663808584213 0.001625280363790562 -7.400930874922659e-05 0.9999986764923047 0.9705724716186523
0.9999924998646251 -0.00018892984197098667 -0.0038684001877736535 -0.007926605641841888 0.00018860017278542757 0.9999999785525331 -8.558567993212548e-05 -0.024961084127426147 0.0038684162744952524 8.485545708412255e-05 0.9999925140495197 1.3231903314590454
0.9999986395772912 -8.148595879363263e-05 -0.0016474840227972982 -0.0035608457401394844 8.170909781473227e-05 0.9999999874985562 0.00013537544388497538 -0.018578821793198586 0.0016474729710035272 -0.00013550987415031425 0.9999986337340085 0.9322740435600281
