0.9999940430030554 -3.941703471771934e-05 0.003451435165395234 0.001948708319105208 3.930143806117784e-05 0.9999999986645562 3.356016175823176e-05 -0.014184077270328999 -0.003451436483628098 -3.3424315475075754e-05 0.9999940432167657 0.7679893970489502
0.9999884258697888 -4.427639407428506e-05 0.00481104625451064 0.0032032316084951162 4.4648368057943e-05 0.9999999960226256 -7.720927509018502e-05 -0.013331661000847816 -0.004811042816827018 7.742318682389679e-05 0.9999884238693291 0.7210718393325806
0.9999185806019203 -0.00011569301369605951 0.012760046323081512 0.012599983252584934 0.00011806516307874105 0.999999975889803 -0.00018515131667486636 -0.009780372492969036 -0.01276002459472047 0.000186642758716136 0.9999185701530011 0.5460997223854065
0.9999891750056441 -2.2538610996584724e-05 0.004652887656331984 0.0030752418097108603 2.2664354802942413e-05 0.9999999993794146 -2.6972170424362226e-05 -0.013750641606748104 -0.004652887045529213 2.7077333147470956e-05 0.9999891748958885 0.751397967338562
0.9999959346545773 -2.7691384967404827e-05 0.002851299266196931 0.0011821172665804625 2.778046847241747e-05 0.9999999991272926 -3.1203526418130636e-05 -0.014414726756513119 -0.002851298399639719 3.128260999438735e-05 0.9999959345511532 0.7670469880104065
0.9999864779732653 -6.32556646911038e-05 0.00519998743698108 0.0038118779193609953 6.356244469099109e-05 0.9999999962493612 -5.883105445300953e-05 -0.012772491201758385 -0.005199983696080352 5.916078285177536e-05 0.9999864782433621 0.6993169784545898
0.9999910877350066 -5.257314214267116e-05 0.004221573950924243 0.0027305330149829388 5.2788574309955566e-05 0.9999999973102685 -5.0919833556890346e-05 -0.013438818976283073 -0.004221571262553694 5.1142230616053603e-05 0.9999910878205602 0.7287304401397705
0.9999668810592565 -7.916107944092428e-05 0.008138213449296631 0.0070465924218297005 8.007262965245581e-05 0.9999999905576552 -0.00011168287044617417 -0.011945109814405441 -0.008138204531516235 0.00011233081977936397 0.9999668779558601 0.6615232825279236
0.9999239045065447 -0.00010610234477069308 0.012335880133936975 0.012159633450210094 0.00010803642783769895 0.9999999819775113 -0.00015611888840006715 -0.010114945471286774 -0.012335863347033594 0.00015743973288012125 0.9999238979483457 0.5653853416442871
0.9999722568561996 -3.81566065228744e-05 0.0074487624470344505 0.006387715227901936 3.8564497857370366e-05 0.9999999977649368 -5.4615987858589436e-05 -0.01146062184125185 -0.007448760346425236 5.4901730422813184e-05 0.9999722560926887 0.6420568227767944
0.9999762278560874 -4.899794611355068e-05 0.006895021530915622 0.005732903257012367 4.9460826239079234e-05 0.9999999965348579 -6.696201068609138e-05 -0.011985410936176777 -0.0068950182260224015 6.7301452317392e-05 0.9999762268145066 0.6625638008117676
0.9999921243965851 -4.4374663980707444e-05 0.003968523112436622 0.0024236273020505905 4.45293181331891e-05 0.9999999982526707 -3.8881853625923944e-05 -0.013849585317075253 -0.003968521380133115 3.905826303605735e-05 0.9999921246252431 0.7430394887924194
0.9999953054045116 -3.486454001585377e-05 0.003063976729909147 0.0013573078904300928 3.49348439263878e-05 0.9999999991277612 -2.2891797871334345e-05 -0.014346404932439327 -0.003063975929124624 2.2998729952456795e-05 0.9999953057502641 0.7605340480804443
0.9999974855687638 -3.6865254300887314e-05 0.0022422080864487317 0.00040096219163388014 3.6695954676229976e-05 0.9999999964730399 7.554685272678229e-05 -0.015381310135126114 -0.0022422108635944907 -7.546438280310101e-05 0.9999974833946184 0.8085192441940308
0.9999511751596577 -7.97132406574443e-05 0.009881343158637167 0.009058509953320026 8.096273867694352e-05 0.9999999887781827 -0.00012605026475053007 -0.010592173784971237 -0.00988133299987545 0.00012684413097040846 0.9999511703921907 0.5880584716796875
0.9999908222409993 -4.624498671212972e-05 0.004284074599140631 0.002744198776781559 4.637534975962863e-05 0.9999999984646981 -3.033035343066123e-05 -0.012599349953234196 -0.004284073189936492 3.052875052391853e-05 0.9999908228503391 0.6979465484619141
0.9999959111988103 -3.460662313793712e-05 0.002859438413914541 0.0011803816305473447 3.46129968522701e-05 0.9999999993985952 -2.1795221930792475e-06 -0.01424446702003479 -0.0028594383367689575 2.2784870142663957e-06 0.9999959117952467 0.7587372660636902
0.9999939058468467 -1.1864109539601675e-05 0.003491150012676235 0.0015914387768134475 1.2171317947179697e-05 0.9999999960561202 -8.797510258161445e-05 -0.014303800649940968 -0.003491148955161305 8.801705834467122e-05 0.9999939020473927 0.7531030178070068
0.9999765705908888 -1.8766340249912368e-05 0.006845284297232304 0.005395863205194473 1.922774645633023e-05 0.9999999975478652 -6.733916922688272e-05 -0.01234940905123949 -0.006845283016736981 6.746921090082636e-05 0.9999765684996457 0.6854407787322998
0.9999944504417525 -6.166471586041112e-05 0.003330958294569598 0.0015602877829223871 6.182181108453358e-05 0.9999999969817462 -4.70592281975354e-05 -0.013306761160492897 -0.0033309553826219853 4.7264892914024776e-05 0.9999944512357399 0.7153065204620361
0.999999996095968 -4.5660066154978385e-06 -8.824519961169805e-05 -0.0022667597513645887 4.571471602272437e-06 0.9999999980719215 6.192946194345218e-05 -0.011616562493145466 8.824491667122148e-05 -6.192986511210166e-05 0.9999999941887631 0.6404819488525391
0.9999999103893537 1.7817137443663554e-06 0.0004233415997607669 -0.0017805795650929213 -1.8143882598311073e-06 0.9999999970198222 7.718201614142229e-05 -0.011664513498544693 -0.00042334146098287474 -7.718277733112045e-05 0.9999999074124089 0.6386215686798096
0.9999956058602159 -7.08034405334264e-05 0.0029636543544338243 0.0012157466262578964 7.093089799604208e-05 0.9999999965641228 -4.2901772744383105e-05 -0.012676415964961052 -0.0029636513066579567 4.311179889270655e-05 0.9999956074465054 0.6872345805168152
0.9999984392994962 -6.432058546715449e-05 0.0017655767991281287 -0.000510305748321116 6.431793919675935e-05 0.9999999979303912 1.555592664198333e-06 -0.013881384395062923 -0.001765576895530707 -1.4420319751705469e-06 0.9999984413668583 0.7313576936721802
0.999989296126846 -4.274998358529692e-05 0.00462664070077832 0.002631932497024536 4.334338628534623e-05 0.9999999908484907 -0.00012815759587027473 -0.013623552396893501 -0.004626635179702455 0.00012835675836272216 0.9999892888283637 0.7244371771812439
0.9999974487927225 -5.7189152988777636e-05 0.0022581269776564684 -0.00010349944932386279 5.7334971979251226e-05 0.9999999962755473 -6.451051314452526e-05 -0.01479701790958643 -0.0022581232799445757 6.463981821182418e-05 0.9999974483472177 0.7732682824134827
0.9999981376270937 -5.586629692975845e-05 0.001929150409187846 -0.0004503366071730852 5.5922181744049346e-05 0.9999999980183254 -2.891468533397734e-05 -0.015441067516803741 -0.0019291487900085008 2.9022513783844985e-05 0.9999981387695879 0.7999823093414307
0.9999807154079228 -0.00011043817493147413 0.006209397367606213 0.003848239779472351 0.00011204144429314922 0.9999999604792174 -0.0002578532115019885 -0.014883536845445633 -0.006209368645367891 0.0002585439487572455 0.9999806882615547 0.7632343769073486
0.9999725443967175 -4.915548905592676e-05 0.007409995714763587 0.005923926830291748 5.0303723746934375e-05 0.9999999867576992 -0.00015477123968797685 -0.011079216375946999 -0.0074099880087822164 0.0001551397407276219 0.9999725336274844 0.6104284524917603
0.9999988033055686 2.028796323494922e-06 0.0015470563385804438 -0.0010601500980556011 -2.092645958548373e-06 0.9999999991462007 4.127007590845407e-05 -0.0130409374833107 -0.0015470562535309903 -4.127326396197863e-05 0.9999988024560159 0.6986666321754456
0.99999998775855 -5.1146995477431615e-05 0.0001478745560375322 -0.0020862349774688482 5.115410564988204e-05 0.9999999975358298 -4.807907780368865e-05 -0.015626754611730576 -0.00014787209657276916 4.8086641605793505e-05 0.9999999879107588 0.8092077970504761
0.9999999205911405 -4.712103282810205e-05 -0.0003957237937022214 -0.0027246372774243355 4.709789797816866e-05 0.9999999971814516 -5.8471230386146585e-05 -0.015690475702285767 0.00039572654781162126 5.845258798414955e-05 0.999999919991894 0.8161022663116455
0.9999999747155386 -5.3632587520566266e-05 0.0002183860519732744 -0.0020049274899065495 5.362820050449997e-05 0.9999999983601204 2.0094159108748645e-05 -0.015371751971542835 -0.00021838712931689463 -2.0082446949696046e-05 0.9999999759518783 0.8087232708930969
0.9999995311379706 -5.366714546928901e-05 0.0009668731439709331 -0.0012086806818842888 5.369685233309497e-05 0.9999999980871176 -3.0698742885583625e-05 -0.013764970935881138 -0.0009668714946075184 3.075064653654537e-05 0.9999995321068459 0.7328935265541077
0.9999993083072529 -2.1246599659285487e-05 -0.0011759819714964117 -0.0038723095785826445 2.126645306236095e-05 0.9999999996315719 1.686990237335367e-05 -0.012391846626996994 0.0011759816126350852 -1.6894899669963566e-05 0.9999993083906652 0.6725921630859375
0.9999999905748956 4.721844605152581e-05 0.00012892101084337646 -0.0025935040321201086 -4.7234950160404534e-05 0.9999999906902315 0.00012801717244711309 -0.010124343447387218 -0.0001289149648712008 -0.0001280232608180597 0.9999999834954881 0.5701898336410522
0.9999976159225099 1.2395996957074277e-05 0.0021835740509254507 9.584176586940885e-05 -1.2527872342897798e-05 0.9999999980986171 6.038061402988706e-05 -0.011012742295861244 -0.0021835732982957326 -6.040782561478556e-05 0.9999976141764269 0.613090991973877
0.9999966035952649 -5.691813713608321e-06 0.002606293448229725 0.0006766490405425429 5.562000306301735e-06 0.9999999987437693 4.981491667744395e-05 -0.010836201719939709 -0.002606293728492844 -4.9800251280867686e-05 0.9999966023706961 0.6072681546211243
0.9999900863478799 -3.67679012310387e-05 0.004452623280864828 0.0027310652658343315 3.682528208563541e-05 0.9999999992399654 -1.2804992901777225e-05 -0.011005411855876446 -0.004452622806667966 1.296883506587111e-05 0.9999900869418411 0.6133236885070801
0.999990077428586 -3.246899304804935e-05 0.004454659373631175 0.002943245694041252 3.240233426815941e-05 0.9999999993620038 1.5036003436554113e-05 -0.008674553595483303 -0.004454659858993009 -1.4891512878661045e-05 0.9999900778426672 0.4918929934501648
0.9999942882643552 4.110676709514793e-06 0.0033798552879773245 0.0019749808125197887 -4.532014378082943e-06 0.999999992220445 0.00012465380289445902 -0.006675153039395809 -0.0033798547492720704 -0.00012466840845765074 0.9999942805034745 0.3843410611152649
0.9999983921806597 -4.241596004116246e-05 0.001792717764098866 -7.890741107985377e-05 4.2337338713711875e-05 0.9999999981404389 4.389386937718291e-05 -0.011873227544128895 -0.0017927196225658076 -4.381789990457407e-05 0.9999983921168806 0.659131646156311
0.9999977196440347 -6.125401905003198e-07 -0.0021355810345427217 -0.0046571120619773865 7.715252067684787e-07 0.9999999972286757 7.444496651827631e-05 -0.012269711121916771 0.0021355809830238006 -7.444644441185208e-05 0.9999977168731895 0.6596331000328064
0.9999896127837975 0.00012372996668981814 -0.004556206251528699 -0.007622002623975277 -0.0001223627683294909 0.9999999474081978 0.000300351385808301 -0.008702955208718777 0.0045562431743765616 -0.00029979075598350266 0.9999895753324826 0.5164899826049805
0.9999994063623391 -2.806230571284055e-05 0.001089260058952437 -0.0010098896455019712 2.800017140671768e-05 0.999999997980194 5.7057881529676884e-05 -0.013013243675231934 -0.0010892616579280582 -5.7027348189612405e-05 0.9999994051282839 0.7106121182441711
0.9999997136785214 4.0660302533642656e-05 -0.000755638547844385 -0.0033318123314529657 -4.0577317086185726e-05 0.9999999931446986 0.00010983662375681592 -0.011161573231220245 0.0007556430086546062 -0.00010980593052327296 0.9999997084731079 0.622839093208313
0.9999992338223878 -3.26084237174445e-05 0.0012374535661197122 -0.0008526265155524015 3.254103445202727e-05 0.9999999979866083 5.447811038856172e-05 -0.011467089876532555 -0.0012374553400735402 -5.44378006295253e-05 0.9999992328701094 0.6314861178398132
0.9999994061609254 -2.5602881089644878e-05 -0.0010895055250785095 -0.0031888640951365232 2.5680631116213507e-05 0.9999999971249312 7.13487432850416e-05 -0.011830758303403854 0.0010895036952127159 -7.137668010485851e-05 0.9999994039433563 0.6511169672012329
0.9999990241179603 -3.512978725915864e-05 0.0013966134128917801 -0.00043590611312538385 3.511510266929031e-05 0.99999999932793 1.0538946798596338e-05 -0.012930541299283504 -0.0013966137821841173 -1.0489894290444436e-05 0.9999990246794771 0.6971132755279541
0.9999671178403358 -0.00010373211313994227 0.00810879015272852 0.00693484116345644 0.00010509488137869025 0.9999999804268382 -0.00016763468986635943 -0.011659846641123295 -0.008108772604913243 0.00016848137001494764 0.9999671091695316 0.6388202905654907
0.9999917595698854 -7.250220106563969e-05 0.00405900674494205 0.002570254495367408 7.26463031979289e-05 0.9999999967362907 -3.535439607474626e-05 -0.012264714576303959 -0.004059004168423099 3.564897657399166e-05 0.9999917615732199 0.6787234544754028
0.9999968927599102 2.7758425536414348e-05 -0.0024927294265716564 -0.005375554785132408 -2.759112916816141e-05 0.9999999973649315 6.71480930044065e-05 -0.010839325375854969 0.002492731283928484 -6.707910713957016e-05 0.9999968908907363 0.6000351309776306
0.9999984994079771 6.654152980178594e-05 -0.001731113519872059 -0.003857322735711932 -6.61713347618807e-05 0.9999999749331469 0.00021390432449682376 -0.008597064763307571 0.0017311277099994742 -0.0002137894534214665 0.9999984787443035 0.49321115016937256
0.9999999130968915 -6.733246280467882e-05 0.0004114274527373276 -0.0017616022378206253 6.729989081924471e-05 0.9999999946005022 7.918156706749475e-05 -0.013299621641635895 -0.00041143278200574536 -7.915387116372119e-05 0.9999999122288615 0.7152549624443054
0.9999604731183427 7.531260851002985e-05 -0.008890811490059674 -0.012078480795025826 -7.286781610152487e-05 0.9999999594491913 0.0002753032830353081 -0.012445344589650631 0.008890831863338453 -0.0002746445471383686 0.9999604380570019 0.6765165328979492
0.9999953024380247 8.86962171280696e-06 -0.003065130211490368 -0.005924241617321968 -8.557702309398416e-06 0.9999999947841106 0.00010177693473285008 -0.011672032065689564 0.0030651310982258984 -0.00010175022615750202 0.9999952972980634 0.6415212750434875
0.9999736294864151 0.00014432244101775596 -0.0072608197057202764 -0.011145706288516521 -0.00014216633756252735 0.9999999456514519 0.00029746567169928616 -0.009647712111473083 0.0072608622420771264 -0.00029642558323148547 0.999973595657093 0.5502884984016418
0.9999997151714204 -7.003915759907658e-05 0.0007514995636654686 -0.0015994033310562372 6.999619460786032e-05 0.9999999959145847 5.719583093869648e-05 -0.013772435486316681 -0.000751503566543098 -5.714321253798315e-05 0.9999997159884809 0.7366864681243896
0.999999944256478 -1.8111655581660678e-05 -0.0003334051726085729 -0.002285469090566039 1.8114538679504563e-05 0.9999999997985689 8.64441214693384e-06 -0.01639156974852085 0.00033340501597679914 -8.650451145959024e-06 0.999999944383131 0.8433681130409241
0.9999943741540699 1.7041067703759884e-05 -0.0033543061595124766 -0.005232664756476879 -1.6154967312184e-05 0.9999999649700273 0.00026419492969408966 -0.02227536402642727 0.0033543105441749075 -0.00026413925466775773 0.9999943393995924 1.1380808353424072
0.9999995764475018 -9.236084595628994e-05 0.0009157370207372696 -0.0011440644739195704 9.246348181512588e-05 0.9999999894489556 -0.00011203835585680102 -0.021715587005019188 -0.0009157266631179611 0.00011212298063603988 0.9999995744364673 1.0450729131698608
0.999999406509693 -4.4037769136986724e-05 -0.0010885958554806502 -0.002961351303383708 4.4216931470139706e-05 0.9999999854828282 0.0001645576080734866 -0.016809076070785522 0.0010885885929273632 -0.00016460564477848176 0.9999993939397449 0.8736804723739624
0.9999959749211071 -5.553522519842336e-05 -0.002836733583369643 -0.004384925588965416 5.645378846508697e-05 0.9999999460055535 0.0003237311532139443 -0.01931738294661045 0.0028367154517192866 -0.00032388999452815997 0.999995924062052 0.9922617077827454
0.9999892737714056 8.66775501547164e-05 -0.004630856199389131 -0.0059735700488090515 -8.555565644291533e-05 0.9999999669461052 0.00024246240607668038 -0.02818671613931656 0.004630877062368661 -0.00024206360942745573 0.9999892481336199 1.3604207038879395
0.9999971976638712 4.3088946566507235e-05 -0.0023670250838000737 -0.004235917702317238 -4.285348184730912e-05 0.9999999941289083 9.952769731581064e-05 -0.022143438458442688 0.0023670293584466835 -9.942598313928788e-05 0.9999971936393073 1.0953521728515625
0.9999991200467555 -8.427894700325368e-06 -0.001326587609323757 -0.0032092442270368338 8.470232736315495e-06 0.9999999994550234 3.1909379280221165e-05 -0.017096171155571938 0.0013265873396719093 -3.192058770725542e-05 0.9999991195731656 0.8763525485992432
0.9999999806271981 -5.566254575991491e-05 -0.00018880488507448025 -0.0021970851812511683 5.5669173604437986e-05 0.9999999978344972 3.509912675181243e-05 -0.014471778646111488 0.00018880293095887378 -3.510963668376857e-05 0.9999999815603832 0.7669378519058228
0.9999990378247412 -6.39831488581977e-05 -0.001385732928186265 -0.0031868659425526857 6.435718667883509e-05 0.9999999615120997 0.000269877660200498 -0.01759188622236252 0.0013857156072298081 -0.00026996658240363683 0.9999990034546535 0.9178760647773743
0.9999975525360505 -1.2344483924699484e-05 -0.0022124126022263265 -0.003990905359387398 1.28291148333661e-05 0.9999999759291437 0.0002190368137142269 -0.018697887659072876 0.002212409845075235 -0.0002190646609248545 0.999997528623622 0.958545446395874
0.9999959315105237 -2.009546577932192e-05 -0.002852465349933776 -0.00451964046806097 2.093072649608253e-05 0.9999999569176417 0.0002927910854726331 -0.02033185213804245 0.002852459343269603 -0.0002928495984272621 0.9999958888489532 1.0271873474121094
0.999516767128485 0.0007935181578722484 -0.031074146133966536 -0.0373467355966568 -0.0007550575294504037 0.9999989344186566 0.0012494197367301733 -0.05186031013727188 0.03107510445918405 -0.001225353208033372 0.9995163012139254 2.8988749980926514
0.9999363762146669 0.0006948178962438899 -0.011258807697577432 -0.012843524105846882 -0.0006880482579003905 0.9999995801992192 0.0006051371580428901 -0.03537653014063835 0.011259223431248262 -0.0005973520539038961 0.9999364345088386 1.967681884765625
0.9997501322769425 0.00106673645048181 -0.022327899264845696 -0.022963279858231544 -0.0010454757513815576 0.999998988981748 0.0009638547272391172 -0.04361695796251297 0.022328904869902525 -0.0009402706137923775 0.9997502367584034 2.3862600326538086
0.9999967255405658 -2.980741601176506e-05 -0.0025589098585894633 -0.0042245713993906975 3.0347814542434562e-05 0.9999999772484972 0.00021114453654229282 -0.019152166321873665 0.002558903506697379 -0.00021122150247989243 0.9999967036937274 0.9727663993835449
0.9999974076515028 -2.7870454840484852e-05 -0.0022768209222747394 -0.004024296998977661 2.8414150390948063e-05 0.9999999710922122 0.00023876392360854407 -0.017485439777374268 0.0022768142019977326 -0.00023882799858134426 0.9999973795357051 0.9091266393661499
0.9999963604742664 -3.415967159467122e-05 -0.002697753016443767 -0.004378476180136204 3.4795991465234593e-05 0.9999999715882013 0.00023582373787255174 -0.01832726038992405 0.002697744884134312 -0.00023591675057692466 0.9999963332511909 0.9445539712905884
0.9999996473396124 -4.388824231377844e-06 -0.0008398222366611163 -0.0027685367967933416 4.3735958944472e-06 0.9999999998260033 -1.8134645519240938e-05 -0.017514105886220932 0.0008398223161047616 1.813096608078349e-05 0.9999996471848106 0.8889901638031006
0.9999997801633396 -6.913034676411669e-05 -0.00065946513766006 -0.0025659871753305197 6.92550529165303e-05 0.9999999797260559 0.00018908100222140924 -0.01615069806575775 0.0006594520530548506 -0.0001891266319474784 0.9999997646770258 0.8442294597625732
0.9999906811375149 -4.4153148881666695e-05 -0.004316907299042837 -0.0057235825806856155 4.630474703144284e-05 0.9999998747698722 0.0004983132651441429 -0.022842641919851303 0.0043168847563361985 -0.0004985085147317909 0.9999905579530545 1.1594514846801758
0.9999974979434767 -8.859416521697347e-05 -0.0022352310529940894 -0.003933930769562721 8.851165953895677e-05 0.9999999953979593 -3.701037141868562e-05 -0.024776775389909744 0.0022352343216104254 3.681243480669086e-05 0.9999975011830641 1.1730258464813232
0.9999869532737018 8.370571916292484e-05 -0.005107472538575681 -0.007984277792274952 -8.234956262156923e-05 0.9999999613020684 0.00026573372329872624 -0.02621464990079403 0.005107494584359471 -0.00026530965821391667 0.9999869214694043 1.3770852088928223
0.9997912831933623 0.0010864621943956292 -0.02040121688699128 -0.02288673259317875 -0.00106981478040033 0.999999085868259 0.0008268972014673169 -0.06449714303016663 0.020402096630139414 -0.000804899090760153 0.99979153156573 3.4123458862304688
0.9990946799495058 0.0021401018016607752 -0.04248812140908488 -0.042293015867471695 -0.0020446772934795488 0.9999952893260132 0.0022892401684090503 -0.0779588520526886 0.042492820468405454 -0.0022002931762964348 0.9990943493577462 4.267770767211914
0.9993897130921223 0.0017458080180947526 -0.03488772735518056 -0.03524255380034447 -0.0016772348925961275 0.999996604007939 0.001994706921902983 -0.0693061575293541 0.034891091252073445 -0.0019349746647400032 0.9993892473027145 3.885399341583252
0.9985977319274341 0.002465466186715899 -0.05288186140697982 -0.05164683610200882 -0.00231148169990447 0.9999929096678629 0.00297282127827367 -0.0888155996799469 0.05288881584735914 -0.0028464171310105834 0.9985963504178156 4.854752540588379
0.9991929551667333 0.0021726987374556307 -0.04010882353505781 -0.03852253034710884 -0.0020735440029108743 0.9999946911572033 0.002513577664891966 -0.08454040437936783 0.040114071850637915 -0.002428381684519571 0.9991921557948481 4.467818737030029
0.9998186764767534 0.0010569566447689238 -0.01901307473620322 -0.020633427426218987 -0.001036258994255694 0.9999988598196364 0.0010984201037240009 -0.060119450092315674 0.01901421404029613 -0.0010785184646169422 0.9998186317839608 3.216557741165161
0.9991471811711449 0.002049026497146646 -0.041239687779727315 -0.04125405102968216 -0.0019522325083527142 0.9999952449188095 0.002387242761726215 -0.07722707837820053 0.041244383205337555 -0.002304697417032067 0.9991464303213154 4.289557456970215
0.9987988414744665 0.0016019994311674067 -0.04897252155123463 -0.04900151863694191 -0.0014740558741484122 0.9999954061280624 0.0026485622612552463 -0.0672592967748642 0.048976539572978095 -0.002573192685050276 0.9987966145571692 3.944957733154297
0.9995568900134636 0.0016944662106331962 -0.029717880322687525 -0.030270934104919434 -0.0016628333226098484 0.9999980243987744 0.001089120695472671 -0.06823611259460449 0.02971966709022452 -0.0010392222135380672 0.9995577329025258 3.5247879028320312
0.999548528438835 0.0010222153480515346 -0.030028226247005043 -0.02931745909154415 -0.0009612488185842243 0.9999974476537025 0.002044672782851081 -0.057358838617801666 0.030030239700473343 -0.002014885074233623 0.9995469598481451 3.215231418609619
0.9995011033641622 0.001398442371754577 -0.031552951252695305 -0.03165212273597717 -0.0013282338266635066 0.9999965957399082 0.0022459526923393073 -0.06904065608978271 0.031555984673652504 -0.002202922496911954 0.9994995582609072 3.760500907897949
0.9999746310149655 0.00046121678374842285 -0.007108066232276689 -0.009046950377523899 -0.0004581093544226607 0.9999997987989455 0.00043879139500032196 -0.03135042265057564 0.007108267180082204 -0.00043552399167512705 0.9999746411067381 1.648114800453186
0.9999752258807035 0.0005575582057201007 -0.007016890599351872 -0.00860683061182499 -0.0005560793502795591 0.9999998227659938 0.00021270575296800939 -0.03491024672985077 0.00701700795155821 -0.00020879853540483999 0.9999753586976928 1.7401385307312012
0.9997226411509413 0.0006419860179423864 -0.023542060745369697 -0.027506623417139053 -0.0006091461127705006 0.9999988315404993 0.0014020908135012158 -0.04702995717525482 0.023542933360123305 -0.0013873613764172584 0.9997218640788106 2.6242599487304688
0.9997890371607514 0.0010012159848968106 -0.020515329383889946 -0.021501412615180016 -0.0009824166997326046 0.9999990883096745 0.0009264109498775138 -0.04172200709581375 0.02051623821771422 -0.000906060909405968 0.9997891092740622 2.2466139793395996
0.9999982641513981 -5.200372621872763e-05 -0.001862522430276132 -0.0035636068787425756 5.2318054200085605e-05 0.9999999843988081 0.00016871634475309894 -0.016862282529473305 0.0018625136273399607 -0.00016881349543652384 0.999998251270967 0.8769910931587219
0.9999980968197866 -3.687799768124619e-05 -0.0019506401046549707 -0.003685595700517297 3.730576728000862e-05 0.9999999752664227 0.00021926110832462463 -0.017979860305786133 0.0019506319704980185 -0.00021933346115701304 0.9999980734620184 0.921589732170105
0.9999959624342912 1.555569088649539e-05 -0.0028416321254085357 -0.0048389071598649025 -1.4867584227900043e-05 0.9999999705656256 0.0002421728778395728 -0.023630183190107346 0.0028416358089333005 -0.00024212965184569645 0.9999959332313113 1.1793079376220703
0.9999966950746061 -2.728146975905995e-05 -0.002570816132469573 -0.004245854914188385 2.778810034033371e-05 0.9999999802026279 0.0001970344270751536 -0.020448043942451477 0.0025708107061854055 -0.00019710521398771765 0.9999966760353995 1.0208303928375244
0.9999969523086962 5.8186977834527984e-05 -0.002468195210036346 -0.004264929331839085 -5.776809217187934e-05 0.9999999839180701 0.00016978429603050927 -0.02389496937394142 0.002468205049578073 -0.00016964119565199515 0.999996939588166 1.1795947551727295
0.9999946221889453 7.01009315844744e-05 -0.0032788228143595948 -0.00511778611689806 -6.89691638971277e-05 0.9999999380101373 0.00034528680231619676 -0.02567482367157936 0.003278846816032325 -0.000345058807760941 0.9999945650342187 1.2753283977508545
0.9999870909160632 0.0002622793219351109 -0.005074368018490165 -0.006457611918449402 -0.0002619181245352118 0.9999999631185832 7.18451733086576e-05 -0.03176238387823105 0.005074386674843622 -7.051517689868048e-05 0.9999871227308302 1.5298364162445068
0.9999976978936742 3.2611557528461586e-05 -0.0021454938449262926 -0.0040181903168559074 -3.234241818355632e-05 0.9999999916045468 0.000125478582676241 -0.02195626311004162 0.0021454979189659165 -0.00012540890335205917 0.9999976905529767 1.0890629291534424
0.999995636509543 -6.039847487852104e-06 -0.002954136996538449 -0.004599391482770443 6.6737135349421636e-06 0.9999999769599203 0.00021455913057045477 -0.02028575912117958 0.0029541356325704714 -0.00021457790940779392 0.999995613509872 1.0173635482788086
0.9999954298350164 -1.5398186718640339e-06 -0.003023294016386247 -0.004682484082877636 2.214004999746118e-06 0.9999999751343999 0.00022299394109485973 -0.02117004059255123 0.003023293597839993 -0.0002229996155638266 0.9999954049729392 1.0526299476623535
0.9999964455664268 -7.927981913311182e-06 -0.0026662317340810284 -0.0043562231585383415 8.423180015328697e-06 0.9999999827188624 0.00018571840289002204 -0.019928952679038048 0.0026662302156333717 -0.00018574020091615437 0.9999964283521293 1.0004801750183105
0.9999959072033623 -1.540533458076489e-05 -0.0028610031807524655 -0.004468344151973724 1.5977218731833288e-05 0.9999999798990289 0.00019986663177112845 -0.019335005432367325 0.0028610000442311893 -0.00019991152463126128 0.9999958873486078 0.9739680886268616
0.9999962188231798 -3.823181949928685e-05 -0.002749705015281617 -0.004318339750170708 3.884657283235417e-05 0.9999999742654156 0.0002235175874396903 -0.01790744811296463 0.002749696399035043 -0.00022362355889631337 0.9999961945738679 0.9202758073806763
0.9999984743215597 -4.2562666226314104e-05 -0.0017462940681276617 -0.0035211911890655756 4.291749321656697e-05 0.9999999784437584 0.00020315159738831508 -0.018488287925720215 0.0017462853838104918 -0.00020322623400812585 0.999998454592034 0.945908784866333
0.9999995505090922 -3.3354834695773606e-05 -0.0009475595332453199 -0.0028847192879766226 3.345184258971075e-05 0.9999999942016099 0.00010236090466019694 -0.01781325973570347 0.0009475561135199457 -0.00010239255626225145 0.9999995458264851 0.9116427898406982
0.9999992758231343 -6.2045006487728204e-06 -0.001203459476167314 -0.003255464369431138 6.456769143581023e-06 0.9999999780097917 0.00020961566251238872 -0.020654719322919846 0.0012034581491424754 -0.00020962328117358657 0.9999992538730031 1.0487666130065918
0.9999957074935143 0.000323857448006763 -0.00291206299712922 -0.004861167632043362 -0.00032335188710121355 0.9999999325701442 0.00017407832813393813 -0.02746790647506714 0.0029121191773323345 -0.00017313595983610625 0.9999957447838648 1.4165163040161133
0.9999217361956408 0.0001820779754598557 -0.012509529611704574 -0.014710583724081516 -0.0001675283416909925 0.9999993083768156 0.0011641220491014446 -0.03850177675485611 0.012509732920809757 -0.0011619352397299603 0.9999210751298068 2.0753633975982666
0.9999777687837074 0.0004121150204198409 -0.006655230992844888 -0.008397269994020462 -0.00041150246333542814 0.9999999109700946 9.341052095520995e-05 -0.031556129455566406 0.006655268896209054 -9.066980037809264e-05 0.9999778493421273 1.5814414024353027
0.9997767627285492 0.0004120887087459333 -0.02112474593735781 -0.021628115326166153 -0.00036591107808987437 0.9999975355087908 0.0021897683501092566 -0.05915018916130066 0.021125596254419003 -0.0021815497336373562 0.9997744495753302 3.2896718978881836
0.9993096899248113 0.0027969743570442976 -0.037044845212569996 -0.04154810681939125 -0.0027685143746981463 0.999995831838569 0.0008195325772712473 -0.0864921286702156 0.037046983015278354 -0.0007164076591967439 0.9993132681044173 4.541354656219482
0.9997395789491026 0.0007802200345460972 -0.022807137903924257 -0.022926747798919678 -0.0007473982693763292 0.9999986729396917 0.0014475892658060167 -0.04564155638217926 0.022808237075623777 -0.0014301662676893276 0.9997388353694923 2.529348373413086
0.9998000454033046 0.0012048654454609637 -0.019960398563375097 -0.019304953515529633 -0.0011929259633113533 0.9999991023801524 0.0006100545352184345 -0.05928180366754532 0.019961115680154507 -0.0005861212743255898 0.9998005852782123 2.8623805046081543
0.9999936622463664 4.66044294514987e-07 -0.003560262192989508 -0.0051008351147174835 2.3319150613285288e-07 0.9999999807135578 0.00019639966829579196 -0.02146010473370552 0.0035602622158556613 -0.0001963992537859836 0.9999936429599378 1.0576876401901245
0.9999911127416621 -1.8012973662001735e-05 -0.0042159356286794215 -0.005652719177305698 1.966806401903484e-05 0.9999999227633525 0.00039253847754958224 -0.02227962762117386 0.00421592823226943 -0.00039261790825056964 0.9999910358599813 1.1094093322753906
0.999994881969634 -2.4244387731410184e-05 -0.003199288475176511 -0.004743708297610283 2.5074518345372427e-05 0.9999999660327228 0.00025943365588062 -0.02001974731683731 0.003199282076695249 -0.0002595125487088542 0.999994848610447 1.0053987503051758
0.9999960056315293 -2.0136612354079795e-05 -0.0028263608232265906 -0.0044084107503294945 2.0489625234638897e-05 0.9999999919936735 0.00012487124636247808 -0.019499456509947777 0.0028263582861139413 -0.0001249286586547545 0.9999959980378266 0.9733943343162537
0.9999979497679817 -4.00730736204746e-05 -0.002024562664388463 -0.003767656395211816 4.053357765524451e-05 0.99999997331904 0.0002274180043018553 -0.018567539751529694 0.0020245534970327584 -0.00022749960081015625 0.9999979247113814 0.949504017829895
0.9999958438281694 -9.428249960123995e-06 -0.0028830951242810004 -0.004565506242215633 1.0350662163227428e-05 0.9999999487709317 0.0003199234250737425 -0.021149013191461563 0.002883091960264703 -0.0003199519373606311 0.9999957926969025 1.061177134513855
0.9999936148739208 9.970174842592975e-06 -0.003573529345658324 -0.005139424465596676 -9.27420095392806e-06 0.999999980988413 0.00019477464677996608 -0.021814096719026566 0.003573531219657143 -0.00019474026149002296 0.9999935959549205 1.075100302696228
0.9999920863809786 -1.1858086109265572e-05 -0.0039783206008849326 -0.005377073772251606 1.2994858885100382e-05 0.9999999590987083 0.00028571614470451534 -0.021308928728103638 0.003978317050119834 -0.000285765581370606 0.9999920456341047 1.0510154962539673
0.9999921720911712 -1.1821586734130754e-05 -0.003956717911515607 -0.005338191986083984 1.2671225030808584e-05 0.9999999768699358 0.00021470809896381696 -0.021489692851901054 0.003956715281806053 -0.00021475655471143374 0.9999921491110821 1.054753065109253
0.9999964700646964 -2.0008087703998105e-05 -0.0026569640237013047 -0.004403101280331612 2.034302013255169e-05 0.9999999918511292 0.00012603135724264603 -0.01960713416337967 0.0026569614804035995 -0.00012608496303273434 0.9999964623228793 0.9744299650192261
0.9999953406549853 -4.508365519049077e-05 -0.003052316461938201 -0.004675081931054592 4.563877325614976e-05 0.9999999824332241 0.00018179838747468767 -0.019115537405014038 0.003052308212183027 -0.00018193684439218972 0.999995325145854 0.9602369070053101
0.9999737169557934 0.0008181480611284775 -0.007203890016148424 -0.012570834718644619 -0.0008204263796986385 0.9999996143677559 -0.00031331277498247717 -0.03391505032777786 0.007203630901856772 0.0003192148015746577 0.9999740025639368 1.851728916168213
0.9993381532133283 0.0019378518018044793 -0.03632492618807249 -0.04507206007838249 -0.0019090799172314413 0.9999978359564473 0.0008267383457456318 -0.04827208071947098 0.03632644967574309 -0.000756843984547518 0.9993396901159981 2.7592673301696777
0.9968008977549733 0.0034352926052690635 -0.07985091733722215 -0.09380988776683807 -0.0032438216909503447 0.9999915447734168 0.002527449804277587 -0.06294286251068115 0.07985892470924601 -0.0022603420962337656 0.996803613054192 3.8149943351745605
0.998114437616202 0.0015477968906599485 -0.06136101161876261 -0.06014558672904968 -0.0014207546630883568 0.99999675626101 0.0021139828866858215 -0.061909280717372894 0.06136408459579568 -0.002022817896685518 0.9981133990331343 3.5406157970428467
0.9998706845725781 0.0005034316961125919 -0.016073602237554278 -0.016432028263807297 -0.0004882578066537305 0.9999994315108824 0.0009479357710358865 -0.03731321543455124 0.016074070320799345 -0.0009399651265429538 0.9998703619614309 1.9988270998001099
0.9999967865105626 -1.7909478633149737e-05 -0.002535083391001302 -0.004163279198110104 1.825514482863649e-05 0.9999999905404522 0.00013632991459532482 -0.020220555365085602 0.0025350809254228663 -0.00013637575481503965 0.9999967773779851 0.9975441694259644
0.9999979542746754 -2.1506242781618276e-05 -0.0020226180918383567 -0.0037476338911801577 2.1806546814211865e-05 0.9999999887433885 0.0001484509931398108 -0.01877407729625702 0.002022614876447431 -0.00014849479576596163 0.999997943487064 0.9379651546478271
0.9999969101422779 -4.71010478500474e-05 -0.002485455167209714 -0.00416729599237442 4.7512464745991686e-05 0.9999999851809543 0.00016547101416537855 -0.01816008798778057 0.002485447336519485 -0.00016558859298449743 0.9999968975611649 0.9187337160110474
0.9999989992410965 -4.178545956440895e-05 -0.0014141325189855067 -0.003228546818718314 4.1859430452464566e-05 0.9999999977573599 5.22787571709885e-05 -0.018246077001094818 0.0014141303313222222 -5.233789963438583e-05 0.999998998747574 0.9124804139137268
0.999999419093644 -3.2975710566349394e-05 -0.0010773694709288156 -0.002991511719301343 3.315880359520048e-05 0.9999999850126384 0.0001699270917268367 -0.018714986741542816 0.0010773638513152958 -0.0001699627172977951 0.9999994051997263 0.9427149891853333
0.9999982719061005 -1.548252445943557e-05 -0.0018590172415950835 -0.0036731299478560686 1.5773386941349594e-05 0.999999987637958 0.00015644578700429332 -0.020075436681509018 0.0018590147964381103 -0.00015647483964956549 0.9999982597882916 0.996445894241333
0.9999983975029482 -7.388097516506735e-06 -0.0017902337701263336 -0.0036525570321828127 7.685652152162918e-06 0.9999999861587283 0.00016620311081548677 -0.020337417721748352 0.0017902325174224312 -0.00016621660358951993 0.9999983837184809 1.0115597248077393
0.999997791006915 -1.6444577423107992e-05 -0.0021018351186954313 -0.0038843073416501284 1.6819236038452892e-05 0.999999983974602 0.00017823554377196634 -0.02058478444814682 0.002101832154004488 -0.0001782705013118579 0.9999977752581376 1.0207951068878174
0.9999984140388201 6.521132020370277e-06 -0.001780976507191037 -0.0037076573353260756 -6.250669724132032e-06 0.9999999884486225 0.00015186732286340398 -0.021106591448187828 0.0017809774769651674 -0.00015185594971179253 0.9999984025282224 1.0460742712020874
0.9999977846509293 -6.07770907936318e-07 -0.0021049211064011397 -0.00390961579978466 9.453899405738335e-07 0.9999999871364178 0.00016039410933749257 -0.020702971145510674 0.0021049209818414403 -0.0001603957439797912 0.9999977717879502 1.024930715560913
0.9999975031291163 -9.713256115742648e-06 -0.0022346456509937758 -0.004021366126835346 1.0139963109031816e-05 0.9999999817196671 0.0001909393789043574 -0.02109145186841488 0.00223464375550062 -0.00019096156137784454 0.9999974849473212 1.0442452430725098
0.9999975063733854 2.0195642544833806e-05 -0.0022331231821757676 -0.004078671336174011 -1.9817338999133313e-05 0.999999985450783 0.00016942758551502353 -0.021871596574783325 0.0022331265713845284 -0.00016938290846675908 0.9999974922244287 1.082108497619629
0.9999977718041243 1.7159492632592583e-05 -0.0021109458397528314 -0.00397159717977047 -1.711724861955128e-05 0.9999999996529004 2.002995381112061e-05 -0.020384885370731354 0.002110946182723968 -1.999377559569868e-05 0.9999977717507488 1.0093708038330078
0.9999998982695895 -2.598060035413761e-05 -0.000450317464500937 -0.0024713166058063507 2.598575369268754e-05 0.999999999596957 1.1437942975522097e-05 -0.016204649582505226 0.00045031716715481434 -1.1449643650651502e-05 0.999999898541672 0.8346121311187744
0.999999906067098 -7.05959536448446e-05 -0.0004276470587423377 -0.002342468360438943 7.06649072846622e-05 0.9999999845062216 0.00016122663408137835 -0.015645010396838188 0.000427635670168483 -0.0001612568385766493 0.9999998955619774 0.8235964775085449
0.999999328320156 -4.796874110376559e-05 -0.0011580406886824838 -0.003028262173756957 4.814964262742459e-05 0.9999999866437617 0.00015618606924966235 -0.0177433043718338 0.0011580331811662965 -0.0001562417235879358 0.9999993172736045 0.9117268323898315
0.999999861051145 -5.718808489427826e-06 -0.0005271290029740962 -0.0026203629095107317 5.76021966458945e-06 0.9999999968977015 7.855836482816806e-05 -0.018975816667079926 0.000527128552078541 -7.856139029142193e-05 0.9999998579817886 0.9577900171279907
0.9999993909972164 -1.710386907945559e-05 -0.0011035001831031415 -0.00306444033049047 1.7257239211245184e-05 0.9999999901939612 0.00013897577195938374 -0.019121592864394188 0.001103497795258767 -0.0001389947306893812 0.999999381486349 0.9639418125152588
0.9999988942149175 -2.404225164258094e-05 -0.0014869401172469072 -0.0033531475346535444 2.4311817227281413e-05 0.9999999832748822 0.00018127098733754232 -0.01829422637820244 0.0014869357342149655 -0.00018130693710714704 0.9999988780743291 0.9317060708999634
0.9999992496737223 -2.2390858044604e-05 -0.0012248063691874462 -0.0031306736636906862 2.2454726777982498e-05 0.9999999983890066 5.2132257542734204e-05 -0.018622418865561485 0.001224805199928313 -5.2159721118907494e-05 0.9999992485655106 0.9359750747680664
0.9999733391860638 0.0010588938748764978 -0.00722493327547631 -0.014098887331783772 -0.0010608510445637087 0.9999994016357409 -0.00026706407735222 -0.036323077976703644 0.007224646159818756 0.00027472153521873686 0.9999738641664309 2.0404887199401855
0.9999150491682471 0.0005351677600837122 -0.01302336524600041 -0.013861356303095818 -0.0005283763264585986 0.999999722640851 0.0005249158777874049 -0.028507700189948082 0.013023642551905454 -0.0005179900478601763 0.9999150546026351 1.607112169265747
