0.9999999164762023 4.3979941542435496e-05 0.00040634142387789167 -0.0017825032118707895 -4.399867815941318e-05 0.9999999979693744 4.610170228032598e-05 -0.021464023739099503 -0.0004063393955025932 -4.6119576915268775e-05 0.9999999163806365 1.0900195837020874
0.9999950285832745 -7.89292866807204e-05 -0.003152233954410131 -0.00501785334199667 7.95898881655112e-05 0.9999999748999077 0.00020944124102791477 -0.021540408954024315 0.0031522173442410126 -0.0002096910857561292 0.9999950097652802 1.0828191041946411
0.9999941556826543 -5.7976153765076506e-05 -0.0034183679294112626 -0.004926235415041447 5.862525298048849e-05 0.9999999802722123 0.00018978581240143932 -0.018801365047693253 0.003418356858922984 -0.00018998510591756608 0.9999941393538486 0.9693518877029419
0.9999997115800734 -2.485665552264805e-05 -0.0007590928245755771 -0.0024735855404287577 2.502447194733121e-05 0.9999999752517387 0.00022106627391667373 -0.0169999822974205 0.0007590873108211313 -0.0002210852060538493 0.9999996874538442 0.9116341471672058
0.9999999988869479 3.819985153177018e-05 -2.769251894473669e-05 -0.0020364192314445972 -3.8198891121853706e-05 0.9999999986690399 3.468090401098118e-05 -0.020440364256501198 2.7693843713263257e-05 -3.4679846148863464e-05 0.9999999990151798 1.048314094543457
0.9999999514089304 2.7846868001552566e-05 -0.0003104942653091892 -0.0022979029454290867 -2.7813543666951806e-05 0.9999999938532818 0.00010733053278957668 -0.020913900807499886 0.00031049725221984757 -0.00010732189162846477 0.9999999460367326 1.0747302770614624
0.9999980165405858 5.7533021840032664e-05 -0.001990880419731586 -0.0036228338722139597 -5.697743055717809e-05 0.9999999594217582 0.00027912372595520376 -0.021834846585989 0.0019908963977765806 -0.0002790097370737589 0.9999979792405084 1.1441633701324463
0.9999987876422617 5.686191088371433e-06 -0.0015571389385122087 -0.003404676215723157 -5.415122848464131e-06 0.9999999848325236 0.0001740851198462893 -0.02067432552576065 0.001557139904775598 -0.00017407647669420294 0.9999987725055952 1.0658202171325684
0.9999599789513072 9.837435297468014e-06 -0.008946529993575812 -0.01093770656734705 -6.392834137239006e-06 0.999999925848031 0.00038504943046787217 -0.014776168391108513 0.008946533118071856 -0.0003849768267035135 0.999959904865195 0.7993785738945007
0.999935542213974 3.387572702874015e-05 -0.01135386584739966 -0.014402682892978191 -2.908136624293257e-05 0.999999910352884 0.00042243164873464215 -0.012689752504229546 0.011353879139737554 -0.0004220742337948361 0.999935453557789 0.7188814878463745
0.9996961450552617 0.00030879094340489796 -0.024647965632121214 -0.03004358522593975 -0.0002883140785396771 0.9999996103904738 0.0008343224151907377 -0.010722587816417217 0.024648213660244698 -0.0008269625467002735 0.9996958445928967 0.6454163193702698
0.9999763098875601 -8.548629437362444e-05 -0.00688275785946266 -0.007938491180539131 8.885183088218824e-05 0.9999998766502991 0.0004886765177688735 -0.018772486597299576 0.006882715235331884 -0.0004892764866045527 0.999976194136395 0.9951270818710327
0.9999958365876997 2.3861618798734076e-05 -0.002885522117365448 -0.004417428746819496 -2.289041390447182e-05 0.999999943084489 0.0003366111223169764 -0.02191885933279991 0.0028855299852207665 -0.00033654367007049233 0.999995780218628 1.1369602680206299
0.9999974374600465 7.568485649668133e-05 -0.002262596990826251 -0.0038345896173268557 -7.534661446195212e-05 0.9999999859746997 0.00014957769912559487 -0.02292351983487606 0.002262608279859342 -0.00014940683680361415 0.9999974291373799 1.1611793041229248
0.9999920559558962 3.173835291370291e-05 -0.003985852202051682 -0.005225140601396561 -3.0449206052994748e-05 0.9999999472132274 0.00032349093990867304 -0.022710274904966354 0.003985862258721023 -0.00032336700404738214 0.9999920041359507 1.1651649475097656
0.9999867944675433 0.00013316045941465457 -0.005137427256863544 -0.006169608794152737 -0.00013101483080562662 0.9999999040635781 0.00041798079998535984 -0.026398804038763046 0.005137482422512506 -0.00041730220116350516 0.9999867159783832 1.3532299995422363
0.999974433282945 6.42198675723284e-05 -0.007150430494851703 -0.008015287108719349 -6.042864280009496e-05 0.9999998574993223 0.0005304240892351921 -0.024827878922224045 0.0071504635396752786 -0.000529978437222343 0.9999742946666299 1.2751455307006836
0.9999904199902173 3.491272114170876e-05 -0.004377066242398797 -0.005744827911257744 -3.370461194592895e-05 0.9999999613212666 0.0002760823503666874 -0.023641005158424377 0.00437707571188553 -0.00027593217817590844 0.9999903824885743 1.1956236362457275
0.9999993466927104 8.17568133236113e-05 -0.0011401447169973292 -0.002947014756500721 -8.149831144208635e-05 0.9999999709662712 0.0002267718715056362 -0.022759199142456055 0.0011401632240402425 -0.0002266788034846846 0.999999324322043 1.1833701133728027
0.9999972372823263 8.523723208527042e-05 -0.0023490769100759632 -0.003957778215408325 -8.460732209288745e-05 0.9999999604417131 0.00026825020670259914 -0.023996762931346893 0.0023490996820556306 -0.0002680507164962603 0.9999972049358424 1.2245826721191406
0.9999918799659768 0.00010672458210284736 -0.004028475142673104 -0.0053884414955973625 -0.00010542723604760416 0.9999999425184259 0.0003222549345131376 -0.02495403029024601 0.004028509303633229 -0.00032182760679232673 0.9999918337365471 1.2642626762390137
0.999991109895231 4.326945382214167e-05 -0.004216427191115974 -0.0057731084525585175 -4.2274606529113117e-05 0.9999999712503085 0.00023603440297111035 -0.023184850811958313 0.004216437282974694 -0.00023585405680007584 0.9999910829749944 1.1613984107971191
0.9999958512164987 -8.378089872709913e-06 -0.0028805346027913604 -0.004478476941585541 9.293463809391585e-06 0.9999999494692162 0.00031776594614652367 -0.020078979432582855 0.002880531794964034 -0.00031779139794849175 0.999995800763786 1.0487325191497803
0.9999986129837977 0.00016664871489447877 -0.0016571839629294855 -0.003393946448341012 -0.00016648826057347996 0.9999999814401155 9.696096120118698e-05 -0.025428406894207 0.0016572000905919215 -9.668492503932438e-05 0.9999986221689935 1.2804429531097412
0.9999990120814335 8.004029559619471e-05 -0.001403363711948188 -0.0031943044159561396 -7.977857945868722e-05 0.9999999794177954 0.00018654701031008635 -0.023732464760541916 0.0014033786143417169 -0.00018643486765342824 0.9999989978847503 1.204247236251831
0.9999999031528997 4.663177770541863e-05 -0.00043762960190351735 -0.0023648738861083984 -4.6560882827947656e-05 0.9999999857930318 0.00016200623530241275 -0.02171400561928749 0.00043763715032487906 -0.00016198584319196237 0.9999998911171497 1.1165357828140259
0.9999983734268748 0.00010859692670400517 0.001800375047675462 -0.0006338979583233595 -0.00010864267124206334 0.9999999937780729 2.531055879155167e-05 -0.022799929603934288 -0.0018003722878247616 -2.5506115176493972e-05 0.999998379003218 1.1679620742797852
0.9999967703301005 0.00011685218514859447 0.002538833380719645 1.6687146853655577e-05 -0.00011671247504421428 0.9999999916668296 -5.517734029432482e-05 -0.02194516360759735 -0.002538839807155898 5.488084856214108e-05 0.9999967756350647 1.1239876747131348
0.9999957133992675 -8.574083006649653e-07 0.0029279997191035685 0.0010284624295309186 1.0569130385647335e-06 0.9999999976782304 -6.813532392938417e-05 -0.015162858180701733 -0.002927999653885635 6.813812650153473e-05 0.999995711078414 0.8052576184272766
0.9999949916317098 2.0180766131509067e-05 0.0031648545358642457 0.0008266078075394034 -2.048531759085396e-05 0.9999999951632612 9.619682531659027e-05 -0.018655912950634956 -0.003164852579231037 -9.626117657775678e-05 0.9999949872084046 0.992206871509552
0.9999993235816472 4.895388063354702e-05 0.001162084233482811 -0.0009814068907871842 -4.904870892802106e-05 0.99999999546999 8.15735521207484e-05 -0.020141756162047386 -0.0011620802348766245 -8.163049567421858e-05 0.9999993214527648 1.0427483320236206
0.9999997456869031 9.123034287503932e-05 0.0007073211108246466 -0.0015375798102468252 -9.130976789382554e-05 0.9999999895302863 0.00011225842330559866 -0.023212045431137085 -0.0007073108620447482 -0.00011232298008326717 0.9999997435474135 1.1914830207824707
0.9999955192784905 -4.5770439097447175e-05 -0.00299321365911066 -0.004853201098740101 4.631022969198257e-05 0.9999999826792099 0.00018026908384267861 -0.021242747083306313 0.0029932053562707114 -0.00018040689251918771 0.9999955040774174 1.0751103162765503
0.9999881635875676 -9.077883600761657e-05 -0.004864611389084538 -0.006226144731044769 9.233232766737064e-05 0.9999999448179914 0.00031912184991484153 -0.018618902191519737 0.004864582151135431 -0.0003195672335497612 0.9999881167880336 0.9679448008537292
0.9999769450438792 -5.7791653025212196e-05 -0.0067901429171825945 -0.008238243870437145 6.000676507470896e-05 0.9999999450546223 0.0003260213810733383 -0.016611700877547264 0.006790123702781092 -0.00032642131917555824 0.9999768935676583 0.8857025504112244
0.9999546947297981 -3.8159370137978933e-05 -0.009518772594116135 -0.011763735674321651 4.230419182438671e-05 0.9999999043901578 0.0004352356032266941 -0.014673756435513496 0.00951875507571131 -0.00043561856874184266 0.999954600738589 0.8093962669372559
0.9999821070964154 -0.00010024349818857321 -0.005981257246930463 -0.007603935897350311 0.00010232049701569342 0.9999999345794169 0.0003469462169321424 -0.015966935083270073 0.005981222076530659 -0.0003475520142712184 0.9999820519339676 0.8627450466156006
0.9999879042237065 -7.523284620432462e-05 -0.004917900598639193 -0.006304556503891945 7.695695163734163e-05 0.9999999356525043 0.0003503892332569378 -0.017178455367684364 0.004917873921405308 -0.0003507634616656834 0.9999878456666796 0.910417377948761
0.9999944685329082 -9.409262709389967e-05 -0.0033247631740994502 -0.004961579106748104 9.466209314412498e-05 0.999999980877963 0.000171123234775676 -0.016008630394935608 0.0033247470090884894 -0.000171437017254403 0.9999944583179821 0.8434969782829285
0.9999803364071913 -9.706920585973429e-05 -0.006270356969906489 -0.008226312696933746 9.935484209205343e-05 0.999999928742006 0.00036420406159932023 -0.015171678736805916 0.006270321170094398 -0.0003648198903655595 0.999980274794894 0.8277449607849121
0.9999859924117576 -9.676957182468433e-05 -0.005292033250300458 -0.006659220904111862 9.856199451616963e-05 0.9999999378711578 0.00033844233456574544 -0.016902059316635132 0.005292000170592756 -0.00033895918715707457 0.9999859398215877 0.9028223752975464
0.999993768930861 -8.929913994811032e-05 -0.003529040254123634 -0.005180647596716881 9.036673759376049e-05 0.9999999502062773 0.0003023595464943038 -0.01840551197528839 0.0035290130779521253 -0.000302676570325667 0.9999937272071207 0.9527907967567444
0.9999922507714667 -8.674397668182556e-05 -0.003935844572418073 -0.005457747727632523 8.773110448867266e-05 0.999999964743272 0.00025063261483714255 -0.016518976539373398 0.003935822692783375 -0.0002509759686191663 0.999992223125157 0.8770473003387451
0.9999945352946303 -7.235611108427386e-05 -0.003305169506952324 -0.005091708153486252 7.298974614890039e-05 0.9999999789828674 0.00019159008836151873 -0.01458311453461647 0.0033051555747734213 -0.0001918302848614256 0.9999945195588666 0.7822405695915222
0.9999964311419868 -5.934453175407051e-05 -0.0026709888649121168 -0.004243232309818268 6.021299500360482e-05 0.9999999453527653 0.00032506747307152104 -0.017734427005052567 0.002670969427972983 -0.00032522714119104256 0.999996380068259 0.9332205057144165
0.9999999929974523 4.397607786352297e-06 -0.00011826139060109502 -0.0018974358681589365 -4.395951333700108e-06 0.9999999998922404 1.4006963327123425e-05 -0.01822303980588913 0.00011826145218548219 -1.4006443357721258e-05 0.9999999929090243 0.9310517907142639
0.9999991970002561 -2.2714630043696122e-05 0.0012670765125557136 -0.0004989050794392824 2.2703603795411485e-05 0.9999999997042845 8.716500105683083e-06 -0.01530715636909008 -0.0012670767101730948 -8.687725903216194e-06 0.9999991972202448 0.8120638728141785
0.9999997525623 -5.675410236285103e-05 0.0007011806547065772 -0.0011237742146477103 5.667963607697903e-05 0.9999999927522909 0.00010622069892206945 -0.014275711961090565 -0.0007011866780850435 -0.00010618092997473104 0.9999997485313946 0.7713953256607056
0.9999998280329575 -4.075734367133612e-05 -0.0005850409336527765 -0.002524706069380045 4.079666181530151e-05 0.9999999969102976 6.719402344504356e-05 -0.013054285198450089 0.000585038193195268 -6.721787960700442e-05 0.9999998266060194 0.7142467498779297
0.9999997449848577 -5.80593828988744e-05 0.0007118000614951587 -0.0010221158154308796 5.791779862974043e-05 0.9999999785363574 0.00019892916640995434 -0.015993984416127205 -0.0007118115959219791 -0.00019888788978737838 0.9999997268838923 0.8597145080566406
0.9999993130226417 2.149451484316214e-05 -0.001171960848460777 -0.0032121639233082533 -2.1429165692391913e-05 0.9999999982150787 5.577305235212739e-05 -0.01912040263414383 0.0011719620451836207 -5.574789989409656e-05 0.9999993116983311 0.9750984311103821
0.9999998744882692 -6.232422615515158e-05 0.0004971309050051275 -0.0012771619949489832 6.229080219190805e-05 0.9999999957987189 6.724892637281619e-05 -0.013737467117607594 -0.0004971350941538369 -6.72179512494199e-05 0.9999998741692147 0.7454453110694885
0.9999996383830568 -5.0491803952953894e-05 -0.0008489312889673544 -0.002678163815289736 5.0717390684285334e-05 0.9999999634127495 0.0002657108311961506 -0.017400607466697693 0.0008489178416880958 -0.0002657537906904587 0.9999996043566322 0.9150885343551636
0.9999982033641855 -7.322135060828304e-05 -0.0018941771393757444 -0.003680274123325944 7.337337185947862e-05 0.9999999940931343 8.018777933652395e-05 -0.015382407233119011 0.001894171256729589 -8.032661743190284e-05 0.9999982028298277 0.809848427772522
0.9999999224710876 -6.49810551320435e-05 0.00038837518178046063 -0.001539396122097969 6.493727216595592e-05 0.9999999915358317 0.0001127452335969341 -0.013987665064632893 -0.00038838250479742787 -0.00011272000483103694 0.9999999182266122 0.7567526698112488
0.999995116696586 0.0001298720226506891 0.0031224535607886957 0.0008726249216124415 -0.0001293564314861545 0.99999997796726 -0.00016532511364916904 -0.02071503922343254 -0.003122474963099393 0.00016492039686637227 0.999995111463735 1.0511056184768677
0.999998740170209 2.0258251392888994e-05 0.0015872137847454323 -0.00046943093184381723 -2.024085214904613e-05 0.9999999997348937 -1.0978192520929563e-05 -0.01373247429728508 -0.0015872140067236355 1.094605213072961e-05 0.9999987403151471 0.7346414923667908
0.9999942814409598 -9.506462129836307e-05 -0.003380539616102699 -0.006124243140220642 9.58161343415847e-05 0.9999999707355697 0.00022214438530324105 -0.013982869684696198 0.0033805183991012706 -0.00022246702519546183 0.9999942612854215 0.771038293838501
0.999954445372561 -1.994735535657879e-05 -0.009544987258072532 -0.011685066856443882 2.4068384060081935e-05 0.9999999065567086 0.00043163327826303805 -0.014846050180494785 0.00954497775621512 -0.00043184334778903244 0.999954352413627 0.8129957318305969
0.999960676510038 4.3128315458952266e-05 -0.008868121195377617 -0.011227389797568321 -4.014938773619807e-05 0.9999999427151154 0.0003360919410700869 -0.013729914091527462 0.008868135182447574 -0.00033572267512565107 0.9999606209589813 0.7459288835525513
0.9998680395451918 0.00034602692965814147 -0.016241421163759668 -0.021034138277173042 -0.00033764279323335317 0.9999998083396262 0.0005189586254005039 -0.01025859359651804 0.016241597624582587 -0.0005134063445764584 0.9998679647436087 0.583103358745575
0.9996066758093296 0.0006344655577220957 -0.028037316756018907 -0.03535391017794609 -0.0006088828440330613 0.999999390528333 0.0009209802627261909 -0.007825564593076706 0.028037883998324777 -0.0009035465777442705 0.999606452892576 0.48287516832351685
0.9996843403696125 0.0005566531570027998 -0.025117917052085117 -0.031062046065926552 -0.0005347675370199057 0.9999994715487566 0.0008780238542944515 -0.006669090129435062 0.025118392533241038 -0.0008643144509721196 0.9996841097652176 0.4501616358757019
0.9999977975815522 0.00010702554880876793 -0.002096038543801764 -0.003801330691203475 -0.00010670325751957047 0.9999999824687074 0.00015387332407497612 -0.007976538501679897 0.002096054975432455 -0.00015364933104101833 0.9999977914702728 0.4839757978916168
0.9994772617946328 0.0006326901795203658 -0.03232341038070795 -0.04027071222662926 -0.0005981864665603142 0.9999992410012416 0.001077111828824084 -0.0076493676751852036 0.03232406732535595 -0.0010572133546768903 0.999476881659335 0.49332955479621887
0.9999316592654696 -2.125101265425144e-05 -0.011690865964477874 -0.014046811498701572 2.7889277485669174e-05 0.9999998384957696 0.0005676536118027141 -0.013187665492296219 0.011690852013139477 -0.0005679408677428556 0.9999314983649519 0.7808671593666077
0.9993645976160656 0.00069332037132059 -0.0356359416676833 -0.04516160488128662 -0.000654521364104223 0.9999991803440128 0.0011004149611913662 -0.007580420468002558 0.03563667539857984 -0.0010763912697502372 0.9993642322738847 0.4785420000553131
0.9982771949076215 0.0010331349829883723 -0.058664936371547835 -0.07030671834945679 -0.0009246487312618429 0.999997812132442 0.0018763675155076607 -0.005867030471563339 0.058666746561357966 -0.0018188904410112619 0.998275966096284 0.46742162108421326
0.9989649525488838 0.0007640279874467996 -0.04548010378441447 -0.05436863377690315 -0.000696822433438935 0.9999986419069515 0.0014935269495505207 -0.007444916758686304 0.04548118311459114 -0.0014602895216961037 0.9989641282533673 0.5241062045097351
0.9995755779167946 0.0004901367300138655 -0.029127715294747874 -0.035102229565382004 -0.00046234458397268656 0.9999994314780927 0.0009608751100449464 -0.00936752837151289 0.02912816969518801 -0.0009470002520190158 0.9995752362482431 0.5814486145973206
0.9999322173699814 8.882017779400655e-05 -0.0116427134521253 -0.014674350619316101 -8.396405009126543e-05 0.9999999092868131 0.0004175840082051005 -0.012411216273903847 0.011642749485863512 -0.00041657813388727813 0.9999321341206452 0.6990507245063782
0.9998827480035393 0.00012925258475225874 -0.015312528813348233 -0.018754415214061737 -0.00012101174698373322 0.9999998473628651 0.0005391014775766034 -0.012302985414862633 0.015312596156347133 -0.0005371852709896209 0.9998826110253827 0.7041903138160706
0.9999463343099368 2.9595143263873872e-05 -0.010359904644703318 -0.012786743231117725 -2.5362585620652888e-05 0.9999999161674943 0.00040868293754129726 -0.013797416351735592 0.01035991587123664 -0.000408398251320864 0.9999462512325394 0.7625732421875
0.9999828688431488 -0.0001058304987270438 -0.005852420023468218 -0.00762138981372118 0.0001080242530985138 0.9999999240286995 0.00037453084746779655 -0.01564718782901764 0.005852379942065882 -0.0003751566346229569 0.9999828043054105 0.846760094165802
0.9999846664005683 -6.990964486824311e-05 -0.0055373347728106094 -0.006949292495846748 7.162630448030738e-05 0.9999999494413018 0.00030981779645452916 -0.01582137495279312 0.0055373128335980465 -0.0003102096646589882 0.9999846208500145 0.8477690815925598
0.9999569930595691 -8.552309762042112e-05 -0.009273872819083139 -0.011411711573600769 8.982052803826431e-05 0.9999998887929176 0.0004629756204639247 -0.015540651977062225 0.009273832192653616 -0.0004637886934525643 0.9999568895389992 0.846713662147522
0.9999506981151034 -3.597045807022597e-05 -0.009929755547999693 -0.01158558763563633 4.077548174961974e-05 0.9999998821860787 0.00048369948141112134 -0.015885990113019943 0.009929736979244343 -0.00048408052468109004 0.9999505817737036 0.8659467101097107
0.9999786731985308 -0.0001044100839357468 -0.00653010311095631 -0.007746308110654354 0.00010706178429607795 0.999999911962484 0.00040572502790526074 -0.01765882968902588 0.006530060174278035 -0.00040641549957883596 0.9999785963412224 0.932335376739502
0.9999895948423334 -5.521368707608413e-05 -0.004561486436923349 -0.005932671949267387 5.693548588079983e-05 0.9999999271881627 0.00037733542037652544 -0.019137514755129814 0.004561465270713318 -0.0003775912045886082 0.9999895251748719 0.9953919649124146
0.9999978575334606 -1.2223134131040767e-05 -0.0020699707928857774 -0.0038121251855045557 1.2607698269502588e-05 0.9999999826653782 0.00018576945147977603 -0.020244378596544266 0.0020699684863186942 -0.0001857951510421256 0.9999978403529817 1.0242851972579956
0.9999809727942447 -4.553281164000385e-05 -0.00616862839205804 -0.007782163098454475 4.74485826313769e-05 0.9999999506937853 0.00031042077764717734 -0.01580357924103737 0.006168613953575527 -0.0003107075638811531 0.9999809256494354 0.8377102613449097
0.9999454219198364 -7.317217606439333e-05 -0.010447383758272429 -0.01251167431473732 7.859945951284352e-05 0.9999998621902337 0.0005190776801315949 -0.0156567245721817 0.010447344336477517 -0.0005198705085850811 0.9999452898688852 0.8578581809997559
0.9999755773715363 -8.981954995018614e-05 -0.0069883183178176605 -0.008139878511428833 9.27905144595633e-05 0.9999999054632298 0.00042480990094549654 -0.016680391505360603 0.006988279500930499 -0.0004254479756230355 0.9999754911714772 0.9004647731781006
0.9999833038925046 -0.00011152508067125967 -0.005777499319534065 -0.007172844372689724 0.00011371011126731217 0.9999999221423238 0.00037786949719124393 -0.017023786902427673 0.005777456727785236 -0.0003785201483319706 0.9999832387176576 0.9034323692321777
0.9999668433833633 -8.769346450152588e-05 -0.008142754065326002 -0.009162125177681446 9.157538106071067e-05 0.9999998823470622 0.0004763610095130688 -0.01786772534251213 0.008142711333559786 -0.0004770908908001116 0.9999667337648889 0.9543440341949463
0.9999551584356772 -0.00011350884418532612 -0.00946933121303799 -0.010666880756616592 0.00011851355078104485 0.9999998536074497 0.000527957969478764 -0.017645088955760002 0.00946926989889955 -0.0005290565390830946 0.9999550255020274 0.948807954788208
0.9999342602405479 -0.00010734837207322384 -0.01146576092175619 -0.012578746303915977 0.00011483320692521125 0.9999997807617634 0.0006521424378618159 -0.01834784634411335 0.011465688401593923 -0.0006534162162713055 0.9999340533438821 0.9925640821456909
0.999952442078705 -6.362501963598399e-05 -0.009752411634622976 -0.010464441031217575 7.004194577573422e-05 0.9999997812996279 0.0006576433856064465 -0.020502056926488876 0.009752367659193599 -0.0006582951873409685 0.9999522278451539 1.0808255672454834
0.9999604526761119 -0.00012871720868874546 -0.00889249771804169 -0.009927892126142979 0.0001326348473444648 0.9999998944184456 0.0004399671517123666 -0.02249160408973694 0.008892440147814278 -0.0004411292072662612 0.9999603641711204 1.129785418510437
0.999970427240737 -7.561676084251558e-05 -0.007690183748313193 -0.008666470646858215 7.89521312806102e-05 0.9999999029588843 0.00043341525413991515 -0.02019401267170906 0.0076901502285915664 -0.0004340095932518125 0.9999703361725958 1.0454555749893188
0.9999681917793787 -0.0001334077443080753 -0.007974812339708188 -0.009004045277833939 0.00013701354964243726 0.9999998886402746 0.0004516046121191096 -0.019079508259892464 0.007974751204082654 -0.0004526829047263694 0.999968098701864 0.9970841407775879
0.9998682958593478 4.093232776046866e-06 -0.016229322800695094 -0.018448004499077797 7.638025874680859e-06 0.9999997387643661 0.0007227813363409692 -0.015855299308896065 0.01622932151952992 -0.0007228101030336673 0.9998680346268555 0.8744120001792908
0.9999712614070819 -4.76722996644238e-05 -0.007581166617429494 -0.009051928296685219 5.067332203678232e-05 0.9999999204423992 0.00039566072564377124 -0.01540252473205328 0.007581147152233388 -0.00039603351780866276 0.9999711842674813 0.8380022644996643
0.9999977702682299 -7.485910290444439e-05 -0.0021104157607621772 -0.003854494309052825 7.546222571003821e-05 0.9999999563388516 0.00028570570060961414 -0.017453689128160477 0.0021103942809465592 -0.0002858643202330173 0.9999977322562135 0.9081191420555115
0.9999988374790834 6.145143231945188e-05 -0.001523569559737237 -0.0034593308810144663 -6.127018903880188e-05 0.999999991041765 0.00011900602560030628 -0.023221436887979507 0.0015235768591794704 -0.00011891253785837344 0.9999988322859995 1.1496500968933105
0.9999905606356506 -3.881791426749635e-05 -0.004344782246196296 -0.005837601609528065 3.968174598149976e-05 0.9999999794649872 0.00019873445704381645 -0.019402695819735527 0.004344774442519021 -0.0001989049896623061 0.9999905416411942 0.9838002920150757
0.9999885754553173 -5.7521966492163516e-05 -0.004779712341600917 -0.006202103570103645 5.9141132571481376e-05 0.999999940920286 0.0003386174107384545 -0.01742839813232422 0.0047796925812775256 -0.0003388962197899634 0.9999885197781926 0.9165472388267517
0.9999880004389047 -6.0384379910668215e-05 -0.004898503029266888 -0.006303922273218632 6.201861228804264e-05 0.9999999424765509 0.0003334675195678113 -0.01908646710216999 0.0048984826112587095 -0.00033376731646410086 0.9999879466611014 0.9791480302810669
0.9999860841079499 -2.9706761258514233e-05 -0.005275481774836431 -0.0065949419513344765 3.1564590319371454e-05 0.9999999375216703 0.00035208000837272244 -0.02041047066450119 0.005275470986076388 -0.00035224162728629294 0.9999860225681713 1.0348418951034546
0.9999925613984907 1.356127961401651e-05 -0.0038570667323421085 -0.00547313317656517 -1.2748861844637183e-05 0.9999999777308644 0.0002106554948275247 -0.02168837934732437 0.0038570695032066333 -0.00021060475463434672 0.9999925393024115 1.0793793201446533
0.9999941674322911 -2.831080808866724e-06 -0.0034154199425388385 -0.005064019002020359 3.447309739512932e-06 0.9999999837184328 0.00018041964983524545 -0.01972406916320324 0.003415419376147841 -0.00018043037153585423 0.9999941511605785 0.9941357374191284
0.9999893867020351 -7.134658952044562e-05 -0.004606668313633366 -0.006102251820266247 7.250378293160397e-05 0.9999999658627852 0.00025103312497188886 -0.018525369465351105 0.0046066502460172165 -0.00025136446156198407 0.9999893577380803 0.9516251087188721
0.9999861780036277 -6.049419922955238e-05 -0.005257389290254108 -0.006587405689060688 6.201498928436326e-05 0.9999999562863294 0.0002891046191110568 -0.018759746104478836 0.005257371571281897 -0.00028942666004855896 0.9999861380421082 0.9662163257598877
0.9999886944635142 -6.0335523758811255e-05 -0.0047547139536473085 -0.006166664883494377 6.187315859553401e-05 0.999999945842116 0.00032324522780935726 -0.018453817814588547 0.00475469419297194 -0.0003235357625191708 0.9999886440393919 0.9552013278007507
0.9999818239587797 -7.576453900607922e-05 -0.006028765363380438 -0.007319506257772446 7.78515327744821e-05 0.9999999371327611 0.000345938740875471 -0.017492758110165596 0.0060287387744793796 -0.000346401801702934 0.9999817669910691 0.9199724197387695
0.9999799813639225 -6.89997172337728e-05 -0.00632709336492336 -0.00749362725764513 7.218117621282754e-05 0.9999998710895028 0.0005026040745303371 -0.018763691186904907 0.006327057869755585 -0.0005030507101233666 0.9999798574364867 0.9864248037338257
0.99999401645743 8.35076477385597e-06 -0.0034593322479627357 -0.005168987438082695 -7.527986694570815e-06 0.999999971683929 0.00023785598718878052 -0.02197311446070671 0.003459334136287437 -0.00023782852216022092 0.9999939882043929 1.0981072187423706
0.9999982567496802 2.918854433459402e-05 -0.0018669883850051285 -0.0038448853883892298 -2.8858380864227093e-05 0.9999999839421863 0.00017686950368653756 -0.022234581410884857 0.0018669935175887262 -0.00017681531709683512 0.9999982415342284 1.1164153814315796
0.9999971008851325 2.744654183324181e-05 -0.0024077931840713173 -0.004379325546324253 -2.6774039520875787e-05 0.999999960627792 0.00027933414597255745 -0.02273678034543991 0.002407800756027506 -0.0002792688698009135 0.9999970622478934 1.145122766494751
0.9999994797532457 7.877996007319953e-05 -0.0010169989950778576 -0.003111941507086158 -7.859844740211322e-05 0.9999999809769026 0.0001785174458512877 -0.024359889328479767 0.0010170130393286434 -0.00017843741843614325 0.9999994669221407 1.220655918121338
0.9999988636920599 4.286147558018347e-05 -0.0015069099119453609 -0.0035214193630963564 -4.2755462717778576e-05 0.9999999966090803 7.038330532972719e-05 -0.021707655861973763 0.001506912923567873 -7.031879672205927e-05 0.9999988621337064 1.0916380882263184
0.9999984425906874 3.891593275977241e-05 -0.0017644550858222018 -0.0038361710030585527 -3.849281060913692e-05 0.9999999704983481 0.00023983662435686875 -0.022281397134065628 0.001764464367233809 -0.00023976833199762957 0.9999984145870651 1.1225017309188843
0.9999991507658295 6.36847268852761e-05 -0.001301695769170932 -0.0033885540906339884 -6.339725759437296e-05 0.9999999735959165 0.00022088221786791963 -0.02420278638601303 0.001301709801624567 -0.00022079950634520493 0.9999991283992054 1.2202415466308594
0.9999999399655979 0.00011541465188382665 0.0003267235205251255 -0.0019223452545702457 -0.00011544172303919259 0.9999999899054696 8.283881706566196e-05 -0.024218950420618057 -0.00032671395641377084 -8.287652961864995e-05 0.9999999431947342 1.2184590101242065
0.9999990286155835 0.0001189403846431034 0.001388748024085611 -0.0010291773360222578 -0.00011905933485340869 0.9999999892512837 8.557048097869015e-05 -0.025150079280138016 -0.001388737831372431 -8.573574127288504e-05 0.9999990320278408 1.2757298946380615
0.9999965153584037 0.00023679953876585874 0.002629295918666009 -2.6198686100542545e-05 -0.0002366624148514549 0.9999999706192492 -5.246333810181246e-05 -0.027357647195458412 -0.002629308264709586 5.1840899764411664e-05 0.9999965420193061 1.3862115144729614
0.9999974737095709 0.00019935911315044645 0.002238935108589389 -0.00043441401794552803 -0.00019963059812872945 0.9999999727492614 0.00012103347035698646 -0.027833040803670883 -0.0022389109184514414 -0.00012148012454618778 0.9999974862570801 1.4247243404388428
0.9999989094586904 0.0002729700693755046 0.0014514023465216164 -0.0010749346110969782 -0.00027308693703417694 0.9999999594858743 8.032294112620645e-05 -0.030487515032291412 -0.0014513803619605073 -8.071921255193684e-05 0.9999989434891688 1.5432538986206055
0.9999995207285782 0.0002453992245016032 -0.000947798414716894 -0.0029983078129589558 -0.00024523266416631376 0.9999999544695365 0.0001758461425644522 -0.030240492895245552 0.0009478415240702096 -0.00017561362715608775 0.9999995353780419 1.5160784721374512
0.9999993983066641 0.00011045399369206348 -0.0010914147815296235 -0.0031363831367343664 -0.0001102175541534951 0.9999999704479882 0.00021669359404041384 -0.026523716747760773 0.0010914386839489902 -0.00021657317058953516 0.9999993809286389 1.3286367654800415
0.999987135350291 0.0001294964775492269 -0.005070736098496326 -0.006432443857192993 -0.00012724488626771077 0.9999998931780258 0.00044435647321579356 -0.030661331489682198 0.005070793099428344 -0.00044370553148727305 0.9999870450074559 1.5128860473632812
0.9999999723533157 0.000130786946825471 0.0001954178667157564 -0.0019916591700166464 -0.00013080523935092702 0.9999999870647597 9.359738284359906e-05 -0.02614644728600979 -0.00019540562287204634 -9.362294193677095e-05 0.9999999765256935 1.3139749765396118
0.999999268326786 0.00020618456284967712 0.0011919873400273399 -0.0013543523382395506 -0.00020645329474400746 0.9999999533017208 0.0002253299657048088 -0.030001211911439896 -0.0011919408248031063 -0.00022557589055055034 0.9999992641960233 1.5286509990692139
0.9999965232709759 0.0002717304325967689 -0.002622900785909853 -0.004517132416367531 -0.00027155371653549615 0.9999999608356003 6.773017826511536e-05 -0.028540922328829765 0.0026229190875361576 -6.701768432912108e-05 0.9999965578961211 1.419853925704956
0.9999932057514531 4.981236576216609e-05 -0.003685915037052958 -0.005593260750174522 -4.830699326701512e-05 0.9999999153970668 0.0004085000537075279 -0.026155494153499603 0.003685935073567823 -0.0004083192227837539 0.9999931235553802 1.3258308172225952
0.999998275374593 0.0002849179920952428 0.001835230115626566 -0.0007299662102013826 -0.0002849229606806213 0.9999999594064611 2.445887190330128e-06 -0.03007528744637966 -0.0018352293442508141 -2.9687821701654977e-06 0.999998315960802 1.518193006515503
0.99999938290947 0.00022449218018493768 0.0010880183548538562 -0.0013251530472189188 -0.0002245966443336469 0.9999999701805363 9.589199117634308e-05 -0.028572021052241325 -0.0010879967954075707 -9.613629727377701e-05 0.999999403510215 1.446347713470459
0.9999910968360223 0.00022188040762675118 -0.00421390766078557 -0.006309302523732185 -0.00021857794430508678 0.9999996686661473 0.000784150035180929 -0.0378846675157547 0.004214080252104756 -0.0007832219864905967 0.999990814003283 1.9169903993606567
0.9999996921667066 0.0001508256467171656 0.0007700117637980152 -0.0015400920528918505 -0.00015088130349056846 0.9999999860093467 7.222284110222975e-05 -0.026159396395087242 -0.0007700008599683306 -7.233899924825964e-05 0.9999997009328278 1.3179843425750732
0.9999992331924619 0.0001618475652781185 0.0012277702771862089 -0.0010921626817435026 -0.000161834306831274 0.9999999868454436 -1.0898140985010799e-05 -0.0254635289311409 -0.0012277720248730201 1.0699437276477669e-05 0.9999992462304043 1.2807505130767822
0.9999992738014737 0.0001865345812094795 -0.0011906306627502868 -0.00316712842322886 -0.00018621392892654025 0.9999999463691158 0.00026941814724014694 -0.02942584827542305 0.0011906808546969772 -0.00026919623957547434 0.9999992549059658 1.4822275638580322
0.999993012274889 0.00015321108687704133 -0.0037352279390514293 -0.005256625823676586 -0.00015171764198999125 0.9999999084480498 0.00040010704723752945 -0.03136333078145981 0.0037352888979196013 -0.00039953755142426036 0.9999929439684033 1.5597679615020752
0.999999373865518 0.00022387399008884788 -0.0010964255601643121 -0.003014311892911792 -0.00022382510095234642 0.9999999739515776 4.471206375696073e-05 -0.03019118309020996 0.0010964355414722741 -4.446662819950533e-05 0.9999993979257301 1.4850014448165894
0.9999987954318681 0.00010426341061803217 0.0015486329308168909 -0.0009123350027948618 -0.00010449554370206961 0.9999999833180243 0.0001498153285639208 -0.023984665051102638 -0.0015486172847255148 -0.00014997697334125096 0.9999987896449741 1.2302939891815186
0.9999999737035685 0.0001845363955697753 0.00013615866014842745 -0.0020892200991511345 -0.00018454833795365642 0.999999979125137 8.770197266442595e-05 -0.027607286348938942 -0.00013614247310021424 -8.772709821260543e-05 0.9999999868845914 1.3825099468231201
0.9999996531760829 0.00020773653044196293 -0.0008065316164321681 -0.003088526427745819 -0.00020746903883590018 0.9999999234571635 0.0003317261903851349 -0.03140577673912048 0.0008066004663457976 -0.00033155874499530614 0.999999619732171 1.5864275693893433
0.9999998096671675 0.0001834850453910318 0.000589066097407749 -0.0017018727958202362 -0.00018350850844585565 0.9999999823712035 3.977713511829372e-05 -0.026731841266155243 -0.0005890587885137798 -3.988522618831023e-05 0.9999998257094411 1.3400442600250244
0.999999526886972 0.00013139755933073166 0.0009638259767695147 -0.0013044520746916533 -0.0001314138328764654 0.999999991223729 1.6821008884080524e-05 -0.024336304515600204 -0.0009638237580712039 -1.6947660991675266e-05 0.9999995353781621 1.2241733074188232
0.9999952044959446 0.00015760965058839922 -0.0030929184134072425 -0.004789088852703571 -0.00015622046405938556 0.9999998868231634 0.0004493871681502783 -0.031861312687397 0.003092988891115072 -0.00044890183596245066 0.9999951159415036 1.5955926179885864
0.9999192973437258 0.0004055785721457504 -0.012697807119785269 -0.012708166614174843 -0.0003905048855666682 0.9999992162186649 0.001189566303317433 -0.049374088644981384 0.012698279630083827 -0.0011845117464406817 0.9999186720060579 2.448856830596924
0.999998712321431 5.631677275136633e-05 -0.0016038029495120867 -0.003053108463063836 -5.6755036916601166e-05 0.9999999610644673 -0.00027322139284440754 -0.043619267642498016 0.0016037875001200731 0.0002733120649186819 0.9999986765822091 1.9961187839508057
0.9999999197762219 4.937246065877923e-07 -0.0004005587421058297 -0.002543981419876218 -4.5744036588066455e-07 0.9999999958971507 9.058415549312362e-05 -0.01959173008799553 0.0004005587851860241 -9.05839649943829e-05 0.9999999156735989 0.9902594089508057
0.9999991727131365 2.6684653158526346e-05 -0.001286025260985712 -0.0032900942023843527 -2.643416067681966e-05 0.999999980677686 0.00019479697820189428 -0.02232825569808483 0.0012860304342265279 -0.00019476282205052982 0.999999154096225 1.1217176914215088
0.999998813077838 5.151186120696275e-05 -0.0015398666966050158 -0.003544125473126769 -5.122651254456579e-05 0.9999999815113064 0.00018534624621872374 -0.022962450981140137 0.0015398762156650031 -0.00018526714422650585 0.9999987972279395 1.1438133716583252
0.9999959015051059 3.8418750298260415e-05 -0.0028627778450671464 -0.004651973955333233 -3.793048390206236e-05 0.9999999847265898 0.0001706109568190634 -0.022195331752300262 0.0028627843560025145 -0.00017050167102196048 0.999995887689 1.0960696935653687
0.9999957293384385 -1.7661201743519144e-05 -0.00292249772740598 -0.004649275913834572 1.8495133385700226e-05 0.9999999591245956 0.00028532216460429977 -0.022403839975595474 0.0029224925688153924 -0.00028537499807518654 0.9999956887898548 1.121868371963501
0.9999992648508415 0.0001355565194476965 -0.0012049573462879176 -0.0032213099766522646 -0.00013534607934809076 0.9999999755762894 0.00017472509630111173 -0.026511656120419502 0.0012049810019843028 -0.00017456188159950246 0.9999992587741924 1.3235986232757568
0.999999710235828 5.518226996031943e-05 -0.0007592648927502075 -0.0028194605838507414 -5.517855023596284e-05 0.9999999984655604 4.920059501390011e-06 -0.02144194208085537 0.0007592651630852129 -4.878162939706024e-06 0.9999997117462663 1.0751230716705322
0.9999995193600477 5.651326717000054e-05 -0.0009788186370822088 -0.0030777310021221638 -5.6292448925565324e-05 0.9999999729627624 0.0002256227706604323 -0.02368466928601265 0.0009788313612975746 -0.00022556756211897922 0.9999994955040933 1.193680763244629
0.9999997147443322 0.0001234468162970692 -0.0007451658459447883 -0.0028100013732910156 -0.00012336027877176352 0.9999999856426028 0.00011617674457377378 -0.025615978986024857 0.0007451801768953916 -0.00011608478756721198 0.9999997156153727 1.2776840925216675
0.9999997047388607 0.00015372741908406673 0.0007529210263683808 -0.0016436316072940826 -0.00015386115041069373 0.9999999723992462 0.0001775619696077594 -0.027867814525961876 -0.0007528937094438778 -0.0001776777624758954 0.9999997007907927 1.4129211902618408
0.9999996341182971 7.412938166113012e-05 0.0008522136507693659 -0.001384183531627059 -7.420217210369985e-05 0.9999999936019696 8.53820724052009e-05 -0.02299424633383751 -0.0008522073159966448 -8.544527726944635e-05 0.9999996332208302 1.1643567085266113
0.9999997203077035 0.00012847902747963673 0.0007368023170970568 -0.0015520849265158176 -0.00012857670668136253 0.9999999829524508 0.00013252595411025617 -0.025672145187854767 -0.0007367852777306832 -0.00013262065265917525 0.9999997197795693 1.2990460395812988
0.9999999668309681 0.0001669023228927414 0.00019616747336094774 -0.002025420544669032 -0.00016692092379782042 0.9999999815743286 9.480900906913461e-05 -0.026784054934978485 -0.00019615164590258547 -9.484175038028405e-05 0.999999976264787 1.3426358699798584
0.9999998875461455 0.00010946663550503527 0.00046143770092850185 -0.001704470720142126 -0.00010946854147186007 0.9999999939998927 4.105242101231209e-06 -0.023841682821512222 -0.00046143724877278534 -4.155754551681684e-06 0.9999998935291918 1.1971811056137085
0.9999998958140449 0.00014206862998348925 -0.00043380687322254284 -0.002653637668117881 -0.0001420054563604964 0.9999999793097574 0.0001456534749279615 -0.026042595505714417 0.00043382755703660886 -0.00014559185680991084 0.9999998952983252 1.3053483963012695
0.9999998825256691 0.00013343622067115446 -0.000465986505453569 -0.002527256729081273 -0.0001333852530517492 0.9999999851194485 0.00010940510625824393 -0.02648353949189186 0.00046600109712333396 -0.00010934293767800364 0.9999998854435433 1.3250348567962646
