0.9999999977100792 -1.8814030279816604e-05 6.500672238616752e-05 -0.0018352912738919258 1.8810644860074008e-05 0.9999999984670097 5.2078213629154384e-05 -0.022377703338861465 -6.500770208760097e-05 -5.207699069153108e-05 0.9999999965309929 1.148666262626648
0.9999964843240537 -0.00013048124669265133 -0.0026484550546860743 -0.004572089295834303 0.00013065455801575742 0.9999999893348848 6.526573872224474e-05 -0.018099693581461906 0.002648446510485041 -6.561154199365161e-05 0.9999964907069457 0.9361393451690674
0.9999981660730686 -8.094235435015802e-05 -0.0019134520727279757 -0.0034408047795295715 8.113274313019839e-05 0.9999999917662978 9.942274368113025e-05 -0.018420089036226273 0.0019134440094622318 -9.95778049625916e-05 0.999998164406457 0.9782149791717529
0.9999999962487817 -5.794310271136317e-05 6.438193235739798e-05 -0.00167885422706604 5.793470002694659e-05 0.9999999898057097 0.00013050728280158342 -0.016805415973067284 -6.438949369796183e-05 -0.00013050355236408383 0.9999999894114078 0.8963499665260315
0.9999966604575529 -2.8083809232810243e-05 0.002584237806692481 0.00037021178286522627 2.8303379509903795e-05 0.9999999959930203 -8.492866589876129e-05 -0.01931937038898468 -0.0025842354112170407 8.500152493926318e-05 0.9999966572454532 1.0079668760299683
0.9999998325780808 -4.650546789129093e-05 0.0005767851006797767 -0.0013645575381815434 4.646260542812058e-05 0.9999999961584447 7.432588554225701e-05 -0.02045813575387001 -0.0005767885550241083 -7.429907415992489e-05 0.999999830897291 1.0650655031204224
0.9999997591419028 1.146458920757967e-05 0.0006939630394818639 -0.0014000399969518185 -1.1454196211848248e-05 0.9999999998221967 -1.498026831032115e-05 -0.023238714784383774 -0.0006939632111010972 1.497231591338423e-05 0.9999997590954168 1.1951968669891357
0.9999999728290208 -4.08582913407995e-05 -0.0002295050280039092 -0.002174844965338707 4.087552731782492e-05 0.9999999963448564 7.50964625487501e-05 -0.022284749895334244 0.00022950195885188985 -7.510584164734743e-05 0.9999999708439814 1.1559650897979736
0.9999799179732021 3.2330332603181966e-05 -0.006337397340964686 -0.008737752214074135 -3.0986413340025616e-05 0.9999999770140358 0.00021215977437685524 -0.013998089358210564 0.00633740405448957 -0.0002119591405650737 0.9999798959895007 0.7605500817298889
0.9999283832007929 0.00017857390674753135 -0.011966477376738133 -0.016087647527456284 -0.00017403654786707205 0.9999999125747705 0.0003802127448084483 -0.01173765491694212 0.011966544226641337 -0.00037810291077587047 0.9999283268602108 0.6712661385536194
0.9999704625339796 -7.549030867064671e-05 -0.00768559436820774 -0.01002485305070877 7.808219712553751e-05 0.9999999401871943 0.00033694031923486086 -0.0146454107016325 0.007685568472782073 -0.00033753047496611576 0.9999704086173895 0.825560986995697
0.9999931766047965 -9.266524375999833e-05 -0.003692987544106155 -0.00517114344984293 9.34916774579927e-05 0.9999999706283588 0.00022361258444509653 -0.018485672771930695 0.0036929667145224046 -0.00022395632224839033 0.9999931558967847 0.9770674109458923
0.9999998153824202 -8.579342650959185e-06 -0.0006075866359617977 -0.002342396881431341 8.646564466420066e-06 0.9999999938425805 0.0001106348757544319 -0.02314218133687973 0.0006075856830461236 -0.0001106401088663057 0.9999998092991839 1.1936756372451782
0.9999988783659413 -4.769005174821824e-05 -0.0014969944951459548 -0.003067449666559696 4.784038456122665e-05 0.9999999938168296 0.0001003874422829914 -0.022511091083288193 0.0014969896984074653 -0.00010045894647735087 0.999998874464288 1.1535828113555908
0.9999977515572269 -1.0201256080652446e-05 -0.002120560403537665 -0.003526268992573023 1.0591604619548498e-05 0.9999999830036042 0.00018406686129412267 -0.023170016705989838 0.002120558489782593 -0.00018408890756768477 0.999997734668917 1.1999144554138184
0.9999968985913077 2.4169919074742684e-05 -0.0024904263853439148 -0.00370024424046278 -2.361589589559917e-05 0.9999999749701683 0.00022249034140505106 -0.02581770345568657 0.0024904317005825087 -0.00022243083772132037 0.9999968741323481 1.3436956405639648
0.9999934122108205 -1.614109425088195e-05 -0.0036297760846639156 -0.004867734853178263 1.7043654208599914e-05 0.9999999689478967 0.00024862365002211183 -0.024031493812799454 0.003629771958893966 -0.00024868387679036213 0.999993381434025 1.2427330017089844
0.9999995896890701 -2.698561682371368e-05 -0.0009054796893024334 -0.002720033284276724 2.6996602128150343e-05 0.9999999995621468 1.2119807192952997e-05 -0.02307501994073391 0.0009054793618454934 -1.2144247094970857e-05 0.9999995899797371 1.1771016120910645
0.9999996622593575 1.3459937312619643e-06 0.0008218755131550435 -0.0012247837148606777 -1.3688935665029683e-06 0.9999999996109081 2.786233811227666e-05 -0.02241930365562439 -0.000821875475332726 -2.7863453762135113e-05 0.9999996618721083 1.162480354309082
0.9999996472613427 5.148796908608253e-05 -0.0008383472903348421 -0.0023908689618110657 -5.1394926413907396e-05 0.9999999925182688 0.00011100461229636564 -0.026841334998607635 0.0008383529994645994 -0.00011096148634345169 0.9999996424258345 1.3774731159210205
0.9999983348263021 2.0897646263716685e-05 -0.0018248035268142713 -0.003378867171704769 -2.061809105509543e-05 0.9999999880498595 0.00015321610654845324 -0.02571689523756504 0.0018248067068636093 -0.00015317822745174902 0.999998323307051 1.3187848329544067
0.9999999246008626 -2.840366366489384e-05 -0.00038728736242991355 -0.002127812011167407 2.8395723656377106e-05 0.9999999993865715 -2.050707788746657e-05 -0.022383468225598335 0.0003872879446684834 2.0496079036331416e-05 0.9999999247939766 1.134765386581421
0.9999988260876366 4.0345134482892633e-07 -0.0015322608089116262 -0.0032985471189022064 -9.596439798468076e-08 0.9999999798646872 0.0002006754004188292 -0.02442360296845436 0.0015322608590218356 -0.0002006750178010095 0.999998805952386 1.2539677619934082
0.9999998489350281 1.3898895516265527e-05 0.0005494877081237229 -0.0013989116996526718 -1.3893705484856945e-05 0.9999999998588402 -9.44903447717501e-06 -0.024184590205550194 -0.0005494878393773004 9.441398629372663e-06 0.9999998489869757 1.2377432584762573
0.9999995144500847 8.128293308580146e-06 -0.0009854103335475899 -0.0027074236422777176 -7.97237274334025e-06 0.9999999874493952 0.00015823289943435375 -0.023912444710731506 0.000985411607343512 -0.00015822496654589868 0.9999995019642879 1.2247366905212402
0.9999974633899112 -2.1173386861826616e-05 0.002252280051643664 0.00011960085248574615 2.1334978087044387e-05 0.9999999972004143 -7.172161643749992e-05 -0.020004451274871826 -0.002252278526748682 7.176948685327178e-05 0.9999974610420662 1.032121181488037
0.9999942171847744 3.4878493128810134e-06 0.0034008212015296064 0.0010433567222207785 -3.276971660009055e-06 0.9999999980717976 -6.201343257135422e-05 -0.020702313631772995 -0.003400821411265644 6.200192956443399e-05 0.999994215268013 1.0764623880386353
0.999993258162634 2.7484342897221396e-06 0.003672005136973804 0.00135715096257627 -2.2188350888061095e-06 0.9999999895963593 -0.0001442302261548814 -0.020280830562114716 -0.003672005495178881 0.00014422110620430922 0.9999932477651616 1.0497630834579468
0.999987853373781 -2.465040944450323e-05 0.004928741954569402 0.0030768541619181633 2.5475694278123672e-05 0.9999999856673631 -0.00016738059139511554 -0.016388433054089546 -0.004928737757927424 0.0001675041214088459 0.9999878396693046 0.8575778007507324
0.9999929171793811 -2.4040007110117677e-05 0.003763643600245142 0.0015560246538370848 2.3827120281164356e-05 0.9999999981138531 5.660885287206127e-05 -0.017660442739725113 -0.003763644954023583 -5.651877513295245e-05 0.9999929158660517 0.9483129978179932
0.9999988577308279 -1.1831737542229293e-05 0.0015114221943751114 -0.0006434561801142991 1.1861905447995849e-05 0.9999999997306268 -1.9950983634496002e-05 -0.020626526325941086 -0.0015114219579131724 1.996888919226412e-05 0.9999988576018018 1.0691838264465332
0.9999996890861736 -7.130936938166083e-06 0.0007885281898410095 -0.0013361594174057245 7.1003065875698735e-06 0.9999999992202189 3.8847758410902035e-05 -0.021788984537124634 -0.0007885284662470453 -3.8842147540696e-05 0.9999996883570245 1.1285520792007446
0.9999999530110942 -9.473849202932604e-06 -0.00030641157896513243 -0.0021803320851176977 9.504839158215122e-06 0.9999999948404795 0.00010113703158903865 -0.02352181077003479 0.0003064106192272095 -0.00010113993922949448 0.9999999479416213 1.2145545482635498
0.9999995697767101 -8.023041975471911e-05 -0.0009241263303621129 -0.002795608714222908 8.032039952092686e-05 0.9999999920376855 9.733068560638273e-05 -0.019834652543067932 0.0009241185141221673 -9.740486992851746e-05 0.9999995682585384 1.0341216325759888
0.9999910029010628 -8.697135050973357e-05 -0.00424105563633496 -0.005972680170089006 8.754526784398949e-05 0.9999999870366767 0.00013513871483956198 -0.01595822349190712 0.0042410438281602495 -0.00013550878333479856 0.9999909975517864 0.8519220352172852
0.9999944825432754 -9.513530417987269e-05 -0.0033205168695495187 -0.004899165593087673 9.5866925289558e-05 0.9999999711662434 0.0002201750329553657 -0.017057791352272034 0.0033204958273878103 -0.0002204921458918053 0.9999944628300069 0.9067025184631348
0.9999912680634409 -9.568708969970733e-05 -0.0041778751599690625 -0.005641155876219273 9.656018164171738e-05 0.9999999735437939 0.00020877869317513143 -0.016610443592071533 0.004177855072012795 -0.00020918028651715074 0.9999912508470286 0.8920958042144775
0.9999940749986886 -8.60044025519228e-05 -0.0034413036424623335 -0.005024448968470097 8.67169125535972e-05 0.9999999748367253 0.00020689786254860925 -0.017534853890538216 0.0034412857617408077 -0.00020719505590553614 0.9999940572935995 0.925427258014679
0.9999968235726882 -0.00010208007303321173 -0.0025184170013576156 -0.004197883885353804 0.00010238095071944226 0.999999987637775 0.0001193423258964922 -0.01639280840754509 0.0025184047877510347 -0.00011959978474117576 0.9999968216615573 0.8673100471496582
0.9999948531731156 -8.979035917397692e-05 -0.003207111624303471 -0.005056834314018488 9.024929408970002e-05 0.9999999857095085 0.0001429547066288693 -0.01498036552220583 0.0032070987425178153 -0.0001432434104259022 0.999994846986214 0.8091667294502258
0.9999933817054414 -8.429130600701691e-05 -0.0036372297550490147 -0.0052502634935081005 8.49436475656236e-05 0.9999999803364873 0.00017919710270835354 -0.01532831136137247 0.0036372145787704814 -0.00017950487629157187 0.9999933692020698 0.8364642262458801
0.9999966020115971 -9.198156840414661e-05 -0.0026052839865070066 -0.004414479713886976 9.259656499148318e-05 0.9999999678796213 0.00023593777221558317 -0.01630653813481331 0.002605262200897964 -0.00023617821084974725 0.9999965784085049 0.8749829530715942
0.9999942193742819 -0.00010270094947021275 -0.0033986277430621535 -0.005043639801442623 0.00010325070196405159 0.9999999816152529 0.000161582135445006 -0.018640294671058655 0.003398611085940514 -0.00016193211209934388 0.9999942115935861 0.9702710509300232
0.9999963972519013 -8.419849235173716e-05 -0.0026829822645269836 -0.004343440756201744 8.479184931267235e-05 0.9999999719752173 0.00022104277197311276 -0.01725933700799942 0.0026829635778688435 -0.0002212694706395686 0.9999963763665654 0.9154240489006042
0.9999993862098296 -5.805804441663953e-05 -0.0011064398886123945 -0.0029177542310208082 5.824619622230704e-05 0.9999999838502771 0.00017002007454924352 -0.018834412097930908 0.001106429999710657 -0.00017008441610745332 0.9999993734417771 0.985188364982605
0.9999999831396656 -4.618113749736029e-05 -0.00017773005069618035 -0.002184830140322447 4.618779611234715e-05 0.9999999982316863 3.746084515159591e-05 -0.019878508523106575 0.00017772832039745714 -3.746905347933812e-05 0.9999999835043569 1.0200992822647095
0.9999984696741606 -7.953687351960106e-05 0.0017476622165373 4.359992453828454e-05 7.950824668880333e-05 0.9999999967039259 1.6449541502144033e-05 -0.014519909396767616 -0.0017476635191219772 -1.631056277034447e-05 0.9999984727019287 0.7800913453102112
0.9999991276464762 -8.818864165042461e-05 0.0013179260411009224 -0.0003988579264841974 8.81438035282994e-05 0.9999999955346194 3.4079773436640204e-05 -0.013531690463423729 -0.0013179290406648083 -3.396357669299813e-05 0.9999991309543819 0.7378397583961487
0.9999997301848284 -8.042641826164722e-05 0.0007301793353353967 -0.000967873667832464 8.041461533508766e-05 0.9999999966356258 1.619376567650322e-05 -0.014975923113524914 -0.0007301806352853716 -1.6135044216802932e-05 0.9999997332879145 0.801286518573761
0.999999675846085 -5.604752823554002e-05 0.0008032225093604433 -0.0009083407348953187 5.589029282616294e-05 0.9999999792738518 0.0001957768401064198 -0.016235774382948875 -0.0008032334655207083 -0.0001957318843033379 0.9999996582524562 0.8753001689910889
0.9999997555488999 -6.068061892641517e-05 -0.0006965773490267821 -0.0025422421749681234 6.0667203404201814e-05 0.9999999979738801 -1.9280313163382462e-05 -0.017235461622476578 0.0006965785175567686 1.923804905056853e-05 0.9999997572041037 0.8992082476615906
0.9999997418975899 -6.105377416208703e-05 -0.0007158751216589378 -0.0024310059379786253 6.113852711717173e-05 0.9999999911253813 0.0001183694115757425 -0.015219500288367271 0.000715867888406497 -0.00011841314857485016 0.9999997367557115 0.8167662620544434
0.999999977766416 -5.227925113817476e-05 -0.00020428912703987688 -0.0018895762041211128 5.231056810709792e-05 0.9999999868821312 0.0001532949507292395 -0.016450928524136543 0.00020428111021481154 -0.0001533056338012369 0.9999999673833048 0.8736215233802795
0.9999999352468436 -4.1105689529953196e-05 -0.00035751451774389313 -0.0021834576036781073 4.1090732214454956e-05 0.9999999982803075 -4.184419043485629e-05 -0.0180384311825037 0.00035751623716337883 4.182949719200149e-05 0.9999999352162143 0.9312947988510132
0.9999992634029049 -3.30380058793901e-05 0.0012133021627253869 -0.0009406405151821673 3.289752538732475e-05 0.9999999927536657 0.00011580337462428926 -0.01712963916361332 -0.0012133059798459652 -0.00011576337468515913 0.9999992572434444 0.9117898941040039
0.9999913832330495 -2.37215939741063e-05 0.004151252454199498 0.0020067619625478983 2.4194543461909107e-05 0.9999999932230798 -0.00011387916659740406 -0.017632069066166878 -0.004151249724671439 0.00011397862298508944 0.9999913770301208 0.9240086078643799
0.9999892494100221 -3.5017175576540496e-05 0.004636791798033316 0.0025950248818844557 3.5285880667130026e-05 0.9999999977030513 -5.786885387024086e-05 -0.016466766595840454 -0.004636789760979027 5.803184502798413e-05 0.9999892483487098 0.8783111572265625
0.9999995600946218 -0.0001261204670963041 -0.0009294644644853223 -0.0031795771792531013 0.00012619972335032204 0.9999999884062106 8.52127255224524e-05 -0.018209272995591164 0.0009294537066405615 -8.532998619519816e-05 0.9999995644172055 0.9549136161804199
0.9999984591876601 -4.7239418070788e-05 -0.0017548192908459633 -0.0034372666850686073 4.7462269001555976e-05 0.9999999908152314 0.00012695223682772207 -0.01904304139316082 0.0017548132775785632 -0.0001270353289233802 0.9999984522449954 1.024435043334961
0.9999986886956727 -9.393312415893321e-05 -0.0016167199829676476 -0.00360403535887599 9.397829747257587e-05 0.9999999951957999 2.7865388714588216e-05 -0.017360787838697433 0.0016167173577175834 -2.80172887660726e-05 0.9999986927191539 0.902397632598877
0.999996495700871 -2.4629786158763998e-05 -0.002647258837233898 -0.004799088928848505 2.482336743411355e-05 0.9999999970206546 7.309234650718826e-05 -0.01454163622111082 0.002647257029097935 -7.315780424855192e-05 0.9999964933329303 0.7739256620407104
0.9998855917177131 0.0004053632670172317 -0.015120818626663144 -0.02017882838845253 -0.00039731650010921515 0.9999997778689768 0.0005351650173418388 -0.008154771290719509 0.015121032204100054 -0.0005290960392959327 0.999885530669618 0.5015854239463806
0.9998607501326553 0.0004153517507500457 -0.01668256056746552 -0.021469539031386375 -0.0004053951168395796 0.9999997377036277 0.0006002061938248333 -0.00819202046841383 0.016682805488383818 -0.0005933595866015325 0.9998606562543791 0.5203127264976501
0.9999980715167721 6.259209937396807e-05 -0.001962917462854132 -0.00402154540643096 -6.233202968824662e-05 0.9999999892723032 0.00013255229802065227 -0.00894184410572052 0.0019629257385231588 -0.0001324296897661985 0.9999980646905885 0.5243516564369202
0.9995983468775501 0.0006459714509838633 -0.028332448544978624 -0.03583626449108124 -0.0006193760905397049 0.9999993593509053 0.0009474550320369919 -0.007835742086172104 0.028333042422722898 -0.0009295260425497871 0.9995981065850459 0.5160334706306458
0.9999363974228117 4.5656888712697446e-05 -0.011278254498689036 -0.013897888362407684 -4.053092131976648e-05 0.9999998957897431 0.0004547282123011816 -0.013153533451259136 0.011278274084854621 -0.00045424217236924837 0.9999362950696987 0.7807331681251526
0.9996171427848974 0.0006202833301273665 -0.02766194315568406 -0.035644810646772385 -0.0005965870258032788 0.9999994480297179 0.0008648839113991275 -0.008750442415475845 0.02766246436018623 -0.0008480500279582333 0.9996169610789283 0.5537538528442383
0.9993602039132983 0.0008051606800381637 -0.035756601497482166 -0.044086191803216934 -0.0007634447750375353 0.9999990120201263 0.0011803011676189419 -0.0072183250449597836 0.035757516502770315 -0.001152247824964418 0.9993598312612447 0.5079595446586609
0.9991582608234523 0.0009119884592148919 -0.041011438712930295 -0.0496993325650692 -0.0008581743680099721 0.9999987476387967 0.0013297584713755615 -0.0071655744686722755 0.04101260007617499 -0.0012934441960762097 0.9991577921615301 0.5319966077804565
0.9999533033051135 0.00015512141198020893 -0.009662667671996352 -0.013251245021820068 -0.00015217757252786738 0.9999999417877421 0.00030539564354458706 -0.011543254368007183 0.009662714482914088 -0.0003039109412669329 0.9999532687015737 0.6554260849952698
0.9999803684082686 -2.2569604751133517e-06 -0.006266002950028172 -0.008662045933306217 3.7876161546043507e-06 0.9999999701595009 0.0002442675820794119 -0.013240047730505466 0.006266002211745237 -0.0002442865199319656 0.9999803385769037 0.739024817943573
0.9999707536266494 1.1390950759993046e-05 -0.0076479906901510105 -0.009942002594470978 -9.230352964348975e-06 0.9999999600428255 0.00028254052369932334 -0.013680786825716496 0.007647993602964107 -0.00028246166676014245 0.9999707137757863 0.7673324942588806
0.9999829374774434 2.487887546891701e-05 -0.005841586687283667 -0.007836622186005116 -2.366376761235667e-05 0.9999999780715934 0.000208078924382121 -0.014092937111854553 0.005841591735956626 -0.00020793714008092486 0.9999829161381388 0.7684861421585083
0.9999915003574885 -9.563678664715256e-05 -0.004121900821731259 -0.006085673812776804 9.675233276423637e-05 0.9999999587505402 0.00027044020465799627 -0.015518167987465858 0.004121874787672923 -0.0002708367095328612 0.9999914683614615 0.8416704535484314
0.9999886746929948 -5.859668963390489e-05 -0.004758891906327379 -0.0063985553570091724 5.952590936029499e-05 0.9999999791927617 0.00019511827852036745 -0.015107854269444942 0.004758880374022771 -0.00019539934611423234 0.9999886573740132 0.8192648887634277
0.9999833121839242 -0.00014255869031226922 -0.0057753814322548365 -0.007351667620241642 0.0001441909313617733 0.9999999497846328 0.00028220507952881366 -0.016114991158246994 0.0057753409114554 -0.0002830331277700372 0.9999832825250654 0.8739384412765503
0.9999754851354676 -7.828023632742444e-05 -0.007001642685164796 -0.008113750256597996 8.081135369902281e-05 0.9999999314943886 0.00036122118316663085 -0.017499912530183792 0.007001613929033398 -0.0003617781401017644 0.9999754229574676 0.9465516805648804
0.9999867880221311 -0.00010249400090655796 -0.005139384803731349 -0.006484188139438629 0.00010410017038561036 0.9999999458299188 0.00031225520627456194 -0.01768454909324646 0.005139352521045063 -0.00031278609159943286 0.9999867445224087 0.9434992074966431
0.999997673186345 -5.858630572640642e-05 -0.0021564298135934006 -0.0037899725139141083 5.8800914427410745e-05 0.9999999933253682 9.945710819047645e-05 -0.021440930664539337 0.002156423972375478 -9.958367681725683e-05 0.999997669956657 1.0907074213027954
0.9999991846414673 -4.7481608091027905e-05 -0.0012761120239019996 -0.0030338107608258724 4.764716661276143e-05 0.9999999904529754 0.00012970657937352604 -0.02119428850710392 0.0012761058530419579 -0.0001297672767383792 0.9999991773568145 1.0754554271697998
0.9999905772001257 -0.00012721170037983332 -0.004339277375688576 -0.005793750286102295 0.00012794084960646447 0.9999999777442734 0.0001677575397407839 -0.019029393792152405 0.004339255938392922 -0.0001683111298291832 0.9999905712201816 0.9790824055671692
0.9999778770898012 -6.765067648614261e-05 -0.006651372366715683 -0.008638719096779823 6.962984725582414e-05 0.9999999533741278 0.0002973271379289585 -0.014897158369421959 0.006651351942207626 -0.0002977836942293224 0.9999778351754667 0.8179404735565186
0.9999868853034881 -8.421747689485665e-05 -0.005120754675337782 -0.006438762880861759 8.557590448295816e-05 0.9999999612099115 0.00026506025750966573 -0.018442558124661446 0.0051207321539971425 -0.00026549499453780846 0.9999868537208951 0.9743916392326355
0.9999845186606368 -0.00012354926895642937 -0.005563018482164193 -0.006939140614122152 0.00012520030215257359 0.9999999482240974 0.00029644002261369393 -0.0181726161390543 0.005562981569185806 -0.00029713192491995027 0.9999844823539414 0.9613117575645447
0.9999835601880704 -8.152764713450643e-05 -0.005733472493525157 -0.006969775073230267 8.329593377161718e-05 0.999999949044518 0.00030817648883830665 -0.018297089263796806 0.005733447076469267 -0.0003086489974198912 0.999983516024348 0.9699773788452148
0.9999790009683376 -0.00013771233027453833 -0.0064790938934064166 -0.007723572663962841 0.0001400035925332446 0.9999999278289374 0.00035318708068234555 -0.018583331257104874 0.006479044787587422 -0.0003540867605170927 0.9999789480790116 0.9853308200836182
0.9999615260332329 -0.00011060217137224597 -0.008771215448730267 -0.00975214596837759 0.00011399564007375873 0.9999999188546762 0.00038638793354284554 -0.01823524571955204 0.008771172001642707 -0.000387372947985634 0.9999614574991962 0.9839602708816528
0.9999694401598261 -4.715791715377622e-05 -0.007817705710423678 -0.008752656169235706 5.071269494553136e-05 0.999999895423998 0.0004545109630759803 -0.021188341081142426 0.007817683459088927 -0.00045489353021845806 0.999969337978525 1.111655831336975
0.9999751048092955 -0.00013631549301331618 -0.007054869220942509 -0.008276230655610561 0.00013865781115119839 0.9999999354321438 0.00033152634777226667 -0.023265976458787918 0.007054823573247186 -0.00033249630708474917 0.9999750591442548 1.1765687465667725
0.9999848298699705 -6.584451149193957e-05 -0.005507784892898182 -0.006585667375475168 6.719031307361933e-05 0.9999999679355158 0.00024416066228330604 -0.022565308958292007 0.005507768639654367 -0.00024452702812560707 0.9999848022300861 1.1513071060180664
0.9999865070590715 -0.00014136655560071688 -0.0051928523274038475 -0.006639127153903246 0.00014277122644953125 0.9999999533227748 0.0002701311254867577 -0.02153908461332321 0.00519281389750914 -0.0002708688705189934 0.9999864805655528 1.0997477769851685
0.9999644756831367 -8.591526453542688e-05 -0.00842852242785226 -0.009578284807503223 8.8946377647979e-05 0.9999999315134522 0.0003592514895947383 -0.01699015498161316 0.00842849098542509 -0.0003599884139698705 0.9999644148408734 0.9246498942375183
0.9999932136341757 -8.686373218481877e-05 -0.0036830884167985377 -0.005276449490338564 8.768631801443513e-05 0.9999999712508024 0.00022318042968993913 -0.015795275568962097 0.0036830689246276273 -0.0002235018715680891 0.999993192501934 0.8522496223449707
0.9999989386990483 -3.558767353613892e-05 -0.0014564801043180221 -0.0034161130897700787 3.5812085090346467e-05 0.9999999874927039 0.00015405221894066454 -0.02100587636232376 0.0014564746037413192 -0.00015410421503432624 0.9999989274662344 1.0719341039657593
0.9999987069270683 -3.789864631068391e-05 -0.0016077026728187117 -0.0035193245857954025 3.805867852306589e-05 0.9999999943246038 9.951044899633692e-05 -0.020498424768447876 0.0016076988923830514 -9.957150736125438e-05 0.9999987026940518 1.0379668474197388
0.9999957908563167 -4.380750029284074e-05 -0.002901094716233775 -0.004607381299138069 4.429517297592014e-05 0.9999999849010042 0.0001680354995144724 -0.020430728793144226 0.002901087311214964 -0.00016816329672118618 0.9999957776978453 1.04087495803833
0.9999918144695173 -6.028818648783603e-05 -0.004045659315508736 -0.005558666307479143 6.1029022771965724e-05 0.9999999813940343 0.00018299559927979092 -0.018880333751440048 0.004045648207762522 -0.00018324100399822862 0.9999917995430331 0.9788539409637451
0.9999909942308727 -5.218077840157519e-05 -0.004243669911493085 -0.005702177062630653 5.342659997293387e-05 0.9999999555137327 0.00029345890963134764 -0.019764769822359085 0.004243654409793717 -0.00029368299166293756 0.9999909525328472 1.0193681716918945
0.9999937694119949 -4.8464866051212464e-05 -0.003529700886290656 -0.0051403348334133625 4.9131845642881215e-05 0.9999999809560334 0.00018887560612664808 -0.021530702710151672 0.003529691665240199 -0.0001890478500396729 0.9999937527493153 1.0836036205291748
0.9999956028512555 -5.170917836377051e-05 -0.002965063964771169 -0.0046658944338560104 5.211809711084958e-05 0.999999989142583 0.00013783518410990972 -0.02058536559343338 0.002965056805234113 -0.00013798911151975874 0.9999955946888702 1.0438690185546875
0.9999962949685595 -4.9460094746599805e-05 -0.0027216911751119406 -0.004445310216397047 4.990929856473979e-05 0.999999985145632 0.00016497817291839068 -0.021326228976249695 0.0027216829748468747 -0.00016511339936653273 0.9999962825827653 1.0743510723114014
0.9999955715984518 -5.7396876508838835e-05 -0.002975481319795081 -0.004625819623470306 5.7854232047596204e-05 0.9999999865265473 0.00015362224164531833 -0.020083706825971603 0.0029754724622682413 -0.0001537937055310743 0.9999955614457109 1.0199053287506104
0.9999933853793324 -6.0053789536510934e-05 -0.003636700582160579 -0.005215596407651901 6.071798490941014e-05 0.9999999814986698 0.00018252667288379262 -0.01934059150516987 0.0036366895534583827 -0.00018274627867015747 0.9999933705244697 0.9972304105758667
0.9999929904428422 -5.274465272296903e-05 -0.003743832686342619 -0.005289306398481131 5.373216808760136e-05 0.9999999637951912 0.0002636711408445228 -0.019333994016051292 0.003743818643555115 -0.00026387045687378455 0.9999929570723717 1.0011872053146362
0.9999863934105078 -0.00010164759935076827 -0.00521561708822966 -0.0066115534864366055 0.00010279424815753103 0.9999999706086495 0.00021958151754864532 -0.018069550395011902 0.0052155946150015085 -0.0002201146652303381 0.9999863744683457 0.9442653656005859
0.9999868956598044 -4.59576353399379e-05 -0.005119218354679401 -0.006439612712711096 4.7792083929970056e-05 0.9999999346958487 0.00035822369363357534 -0.019490934908390045 0.005119201557259309 -0.0003584636574616906 0.9999868325529202 1.0218278169631958
0.9999969442022174 -3.098480160533368e-05 -0.002471968076068758 -0.004265963099896908 3.1408100514388284e-05 0.9999999848518745 0.00017120099798594444 -0.02262614667415619 0.0024719627339941184 -0.00017127811465211598 0.999996930027312 1.1448167562484741
0.9999985864353199 -2.081869527038759e-05 -0.0016812774738464342 -0.0035234163515269756 2.097405902553429e-05 0.9999999955120349 9.239057966789287e-05 -0.023249942809343338 0.0016812755428495957 -9.242571228080743e-05 0.9999985823840136 1.1663795709609985
0.9999995077858751 6.603025320778268e-06 -0.0009921614826770972 -0.0029427926056087017 -6.518447415116663e-06 0.9999999963450318 8.524931825757517e-05 -0.02418111264705658 0.0009921620419541853 -8.524280894420444e-05 0.9999995041739501 1.2173210382461548
0.999999916687157 1.4557868739832487e-05 -0.00040793841166058897 -0.0024287777487188578 -1.4523876585072136e-05 0.999999996422624 8.332952165120457e-05 -0.024143995717167854 0.00040793962330147815 -8.332358986163994e-05 0.999999913321218 1.2232606410980225
0.9999997497001097 -1.2505336195891531e-05 -0.0007074201960362862 -0.00271509843878448 1.250893317722508e-05 0.9999999999088587 5.080221781675427e-06 -0.022276926785707474 0.0007074201324419299 -5.089069582056912e-06 0.9999997497653972 1.1304922103881836
0.9999988786526758 -2.0970442454504168e-05 -0.0014974156509600255 -0.003520870115607977 2.1146112194086026e-05 0.9999999928968293 0.0001172995462479359 -0.02055385708808899 0.0014974131805002417 -0.00011733107923375994 0.9999988719929562 1.052561640739441
0.9999998917066316 -2.7946691898342856e-06 -0.0004653803981830092 -0.002431708388030529 2.8328137581218003e-06 0.9999999966369686 8.196363890713529e-05 -0.02340436354279518 0.0004653801675566639 -8.196494836701148e-05 0.9999998883515172 1.1860158443450928
0.9999997821691051 3.143068205496815e-05 0.0006592980013937448 -0.0014332490973174572 -3.14779472340683e-05 0.9999999969355651 7.16799056695298e-05 -0.02510175295174122 -0.0006592957464250441 -7.170064340313121e-05 0.9999997800940441 1.2814258337020874
0.9999990725882802 6.82317972723968e-05 0.001360208440340771 -0.0008188593783415854 -6.831147992365624e-05 0.9999999959536074 5.853483342968387e-05 -0.02688843198120594 -0.0013602044408999455 -5.8627696995357656e-05 0.9999990732029066 1.3747801780700684
0.9999961502945142 9.845696809359762e-05 0.002773031261429508 0.0004018624313175678 -9.818690267278226e-05 0.9999999904240119 -9.752593575560309e-05 -0.027879994362592697 -0.0027730408369829387 9.725328495889864e-05 0.9999961503857477 1.426842451095581
0.999997108112963 0.00011029460747238243 0.0024024156198119728 3.535894211381674e-05 -0.0001104359078935526 0.9999999921800844 5.8683399463280224e-05 -0.028513282537460327 -0.0024024091285627766 -5.894854270762963e-05 0.9999971124735552 1.4725232124328613
0.9999978935221018 0.00011594523187470408 0.002049270129234145 -0.00020727590890601277 -0.00011589012070498446 0.9999999929199214 -2.701179703274823e-05 -0.029801294207572937 -0.002049273246614221 2.6774249970360723e-05 0.9999978998789449 1.5248702764511108
0.9999999899874271 7.148579852878378e-05 -0.00012212668135145563 -0.0020345847588032484 -7.147478407057928e-05 0.9999999933784893 9.01907788299471e-05 -0.029267452657222748 0.00012213312790263712 -9.018204894872649e-05 0.9999999884753485 1.4907827377319336
0.9999978660868022 3.2215175908756375e-05 -0.002065619525591985 -0.003736504353582859 -3.1714217979459225e-05 0.9999999700808397 0.0002425541754553561 -0.02788897231221199 0.0020656272777158135 -0.00024248814835790264 0.9999978371893848 1.4104461669921875
0.9999966050155645 3.1862734184331434e-05 -0.0026055598460235116 -0.004261690191924572 -3.133498826228085e-05 0.9999999789883841 0.0002025866476128232 -0.027916301041841507 0.002605566246240991 -0.0002025043146471159 0.9999965850024384 1.402971863746643
0.9999996965140814 0.0001589535719095034 -0.0007626962089116155 -0.002460684161633253 -0.0001590727438126796 0.9999999751498517 -0.00015619269568445027 -0.03649958595633507 0.0007626713625716164 0.00015631397246081366 0.9999996969491215 1.8132374286651611
0.9999991273856889 0.00014367161177424205 0.0013132350622394758 -0.0008868651348166168 -0.00014387738647466395 0.9999999773878937 0.0001565998392720705 -0.03172696754336357 -0.0013132125335931532 -0.00015678864744939156 0.9999991254446984 1.6311683654785156
0.9999999947499913 0.00010178165099813091 1.1853808824052949e-05 -0.00197887746617198 -0.00010178058513137115 0.9999999907808272 -8.988357935504349e-05 -0.030744198709726334 -1.1862957213875015e-05 8.988237239555579e-05 0.9999999958902146 1.5448517799377441
0.9999999515024288 7.872183630047887e-05 -0.0003013270858353425 -0.0022120769135653973 -7.867228829539879e-05 0.9999999833849224 0.00016444095089623338 -0.029284406453371048 0.00030134002592238705 -0.00016441723682987858 0.9999999410805789 1.4890503883361816
0.9999972365340831 0.00013205352080596262 0.002347229444384405 6.787298480048776e-05 -0.00013174464640671357 0.9999999826432769 -0.0001317451857177998 -0.030787553638219833 -0.002347246801059817 0.0001314355867312835 0.9999972365747525 1.5653412342071533
0.9999997702977966 7.867286652686088e-05 -0.0006732123991609132 -0.0024793301708996296 -7.85908712160647e-05 0.9999999894913553 0.0001218226768394326 -0.030430324375629425 0.000673221976225558 -0.00012176974050753178 0.9999997659721233 1.5449509620666504
0.9999985722213194 5.39071847278159e-05 -0.001688978785436447 -0.0033282064832746983 -5.375155498948333e-05 0.9999999943059293 9.218953964852328e-05 -0.029789865016937256 0.0016889837454978265 -9.209862278620256e-05 0.9999985694248521 1.4899600744247437
0.9999999976227776 6.5647686630759e-05 2.1090904256029768e-05 -0.0018880111165344715 -6.564738994473082e-05 0.9999999977462644 -1.4067397513646338e-05 -0.028697211295366287 -2.109182770060013e-05 1.4066012917389022e-05 0.9999999996786412 1.4408543109893799
0.9999984764352747 5.8283602556801015e-05 0.0017446289435288523 -0.0004440324264578521 -5.819278138178946e-05 0.9999999969491622 -5.210830532412904e-05 -0.026394467800855637 -0.00174463197526603 5.200670112305004e-05 0.9999984767761266 1.343281865119934
0.9999999768658102 6.880720611761242e-05 0.00020379879110071712 -0.0017866245470941067 -6.881944151984341e-05 0.9999999958301253 6.003027299775459e-05 -0.02836548164486885 -0.00020379465973553428 -6.004429692798884e-05 0.9999999774312093 1.439424753189087
0.9999998101607016 6.128365577367103e-05 -0.0006131254963263714 -0.0023664752952754498 -6.125192195519781e-05 0.9999999967837185 5.1776103880575596e-05 -0.029602304100990295 0.0006131286673833147 -5.173853893638663e-05 0.9999998106981625 1.4912028312683105
0.999999992651052 6.746892091089149e-05 0.0001007265629453364 -0.001746110850945115 -6.74654220622197e-05 0.9999999971208058 -3.4739100721990726e-05 -0.029382795095443726 -0.00010072890646496418 3.4732304906612896e-05 0.999999994323677 1.4713114500045776
0.9999989081244435 5.562506432212841e-05 0.0014767043621429212 -0.0007186397560872138 -5.568205677047166e-05 0.9999999977065771 3.855326732813681e-05 -0.026174966245889664 -0.0014767022142282388 -3.8635451168892636e-05 0.9999989089283411 1.342491865158081
0.9999999908287285 4.112217577638556e-05 0.0001290407277086963 -0.0018305329140275717 -4.112140591751355e-05 0.9999999991367025 -5.968662147104447e-06 -0.026768535375595093 -0.00012904097304166975 5.963355756220226e-06 0.9999999916564327 1.3493187427520752
0.9999999721866908 3.9330257850949656e-05 0.00023255052850900627 -0.0017625463660806417 -3.934774365915107e-05 0.9999999963993095 7.518733902108762e-05 -0.026296056807041168 -0.000232547570534233 -7.519648726846248e-05 0.9999999701335573 1.3356714248657227
0.9999995202010291 5.8526227791355137e-05 0.0009778406784818061 -0.001114948419854045 -5.848791051263354e-05 0.9999999975207073 -3.92141551287884e-05 -0.027057461440563202 -0.0009778429711140286 3.915694445577846e-05 0.9999995211448143 1.3698208332061768
0.9999999658420609 3.8564830007414096e-05 0.00025851234194897995 -0.0017129178158938885 -3.858444161522382e-05 0.9999999963783435 7.585877473176841e-05 -0.02654031664133072 -0.00025850941553198493 -7.586874669495375e-05 0.9999999637084069 1.3509308099746704
0.9999999467635494 0.0001215155738535126 -0.0003028314117879054 -0.0022455155849456787 -0.00012141496505402397 0.9999999374430292 0.0003322233349250114 -0.03214055672287941 0.0003028717631528805 -0.0003321865489733407 0.999999898960391 1.6570429801940918
0.9999979501574005 4.408615829406775e-05 -0.002024286888813687 -0.0034994552843272686 -4.37436572807217e-05 0.999999984722183 0.00016923984901108568 -0.03046349436044693 0.0020242943190217754 -0.00016915095238413148 0.9999979368081044 1.5323121547698975
0.9999996007949037 -0.000172584568052545 0.0008767123814348787 -0.0010197407100349665 0.00017274929331761803 0.9999999674411347 -0.00018781749330714433 -0.027654219418764114 -0.0008766799384891633 0.00018796886977377953 0.9999995980499138 1.3233399391174316
0.9999999123172636 -1.7583311180354404e-05 0.00041839728999890145 -0.001654081977903843 1.7544857949292976e-05 0.9999999956224094 9.190951612078063e-05 -0.021955737844109535 -0.0004183989042409518 -9.190216734088335e-05 0.9999999082481701 1.1217917203903198
0.9999997082394381 6.836269923044447e-05 0.0007608203335947456 -0.0013511504512280226 -6.826292627766899e-05 0.9999999890681089 -0.00013116384705456885 -0.027717269957065582 -0.0007608292919921669 0.00013111187296378839 0.9999997019741882 1.3949642181396484
0.9999994849579406 -4.5766951584959314e-07 -0.0010149303642331615 -0.00295204552821815 5.387169925490393e-07 0.9999999968114495 7.985493739570511e-05 -0.023882944136857986 0.0010149303244498342 -7.985544302728715e-05 0.9999994817696382 1.2005934715270996
0.9999951147912595 -3.836342283789653e-05 -0.0031255274536129765 -0.004824845120310783 3.8655994943914354e-05 0.999999994877344 9.354691784840595e-05 -0.021901870146393776 0.00312552384882201 -9.366728122562917e-05 0.9999951111516049 1.0954402685165405
0.9999972869965226 -1.3611864301966266e-05 -0.002329337740995475 -0.004035442601889372 1.4160580639287295e-05 0.9999999721575549 0.0002355511993591847 -0.02404649555683136 0.0023293344698500544 -0.00023558354508287923 0.9999972593469049 1.2172353267669678
0.9999999614196218 2.0983393753194355e-05 -0.00027698456998807077 -0.002242183545604348 -2.0981835848781615e-05 0.9999999997640473 5.627421588434941e-06 -0.02525743842124939 0.0002769846880051185 -5.621609726546753e-06 0.9999999616239393 1.2697010040283203
0.9999999782899675 -5.11104908473134e-06 0.00020831212575027585 -0.0018090095836669207 5.111666097388629e-06 0.9999999999825504 -2.9614299686898618e-06 -0.023198239505290985 -0.00020831211061062693 2.962494726427993e-06 0.9999999782986438 1.1704611778259277
0.9999998352758976 -1.6144888925888356e-06 0.0005739734933344834 -0.0015138429589569569 1.593244407564146e-06 0.9999999993137326 3.701346248422093e-05 -0.022958677262067795 -0.0005739735526984082 -3.70125419071532e-05 0.9999998345922027 1.167196273803711
0.9999999998306658 1.2324494108621918e-05 -1.3666570612765454e-05 -0.0019908463582396507 -1.2324238297302793e-05 0.9999999997488754 1.8717959194554988e-05 -0.024633949622511864 1.3666801298711263e-05 -1.8717790761312462e-05 0.9999999997314314 1.2430288791656494
0.9999997172133616 9.1070853338848e-05 0.0007465114175468679 -0.0013703848235309124 -9.121654773916335e-05 0.9999999768008806 0.00019513528505262658 -0.028686974197626114 -0.0007464936290915342 -0.0001952033240653318 0.9999997023214177 1.4745619297027588
0.9999999912708966 1.7638770970062266e-05 0.00013094686137202736 -0.001830495661124587 -1.7651664986339087e-05 0.9999999949963299 9.846704470119169e-05 -0.025130048394203186 -0.00013094512387916288 -9.846935527179063e-05 0.9999999865785801 1.2798030376434326
0.999999668018576 2.4314248255719863e-05 0.0008144762457259337 -0.0012381176929920912 -2.4312387748982354e-05 0.9999999997018221 -2.294199196661707e-06 -0.02506168931722641 -0.0008144763012648039 2.274396572731766e-06 0.9999996683115357 1.2694151401519775
0.9999999047587963 4.574309914589781e-05 0.0004340391306837879 -0.0016076406463980675 -4.574301490438452e-05 0.9999999989537673 -2.04014497550978e-07 -0.026536893099546432 -0.0004340391395619374 1.841602196964371e-07 0.9999999058049911 1.3416078090667725
0.9999997257769974 9.004026485083206e-06 0.0007405166152907894 -0.0012683668173849583 -8.959386863743743e-06 0.9999999981427227 -6.028502340751159e-05 -0.02433876134455204 -0.0007405171567233922 6.027837230113604e-05 0.999999724000391 1.2293293476104736
0.9999999501616221 2.8800667196243256e-05 -0.0003143998645724281 -0.0023349891416728497 -2.8767018926097815e-05 0.9999999938587539 0.00010702780365626856 -0.02530655264854431 0.000314402945113775 -0.00010701875397532191 0.9999999448488857 1.282792329788208
