0.9999999775419945 -4.475077871216788e-05 0.00020715544388230167 -0.001498072873800993 4.473502964934506e-05 0.9999999961091575 7.60293481501092e-05 -0.018701912835240364 -0.0002071588454488272 -7.602007933771761e-05 0.9999999756530796 0.9837983846664429
0.9999933071337461 -2.1745892146452504e-05 -0.003658580985771087 -0.005491035990417004 2.2264281231605887e-05 0.9999999897197005 0.0001416506287182601 -0.01485478412359953 0.003658577867840484 -0.00014173113634552314 0.9999932973376722 0.7997820973396301
0.9999591445931056 0.00016726735674009785 -0.009037763343638344 -0.011843148618936539 -0.00016430684723138113 0.999999932607065 0.0003283125422028661 -0.011944646015763283 0.009037817650528066 -0.00032681416245934934 0.9999591046860961 0.6839039325714111
0.9999915208721646 2.1957748046027922e-05 -0.004117973000416038 -0.006474081892520189 -2.127437093127068e-05 0.9999999859967614 0.00016599360785496715 -0.013279834762215614 0.0041179765875969 -0.0001659045930888505 0.9999915073361821 0.7258260846138
0.9999997415449287 -4.901647536744998e-05 -0.0007172917543835466 -0.00237637129612267 4.9092227480416655e-05 0.9999999932202169 0.0001055912837276135 -0.014302182011306286 0.0007172865738079063 -0.00010562646988698678 0.9999997371714753 0.7801414132118225
0.9999979369965108 -7.466380739702752e-05 -0.002029883749968553 -0.0033926302567124367 7.508819866673928e-05 0.9999999753411533 0.00020899630514598875 -0.01810983382165432 0.0020298680954540863 -0.00020914829430017 0.9999979179440857 0.970732569694519
0.9999999375754999 -5.28054285460376e-05 -0.00034937169719369157 -0.00195312756113708 5.283010356451053e-05 0.9999999961110398 7.06179869076768e-05 -0.017911922186613083 0.00034936796682193735 -7.063643984232954e-05 0.9999999364762564 0.9593177437782288
0.9999962264536634 -7.275209833210708e-05 -0.002746231156693457 -0.004326464608311653 7.310835759945888e-05 0.9999999889260758 0.00012962644982028652 -0.018855147063732147 0.0027462216956856775 -0.00012982673311832596 0.9999962206985673 0.9868379235267639
0.9999666284563643 9.063514988022978e-05 -0.008169073318394629 -0.010055421851575375 -8.801910167184058e-05 0.999999944735094 0.0003205970164132452 -0.014537199400365353 0.008169101924290191 -0.000319867283100946 0.999966581170927 0.7988153696060181
0.999809448127808 0.00041121752856297276 -0.019516616881829034 -0.024384647607803345 -0.0003989969446986535 0.9999997219174145 0.0006300528007057231 -0.010235595516860485 0.01951687054335332 -0.0006221456724582649 0.9998093341727492 0.6174573302268982
0.9999504613323027 5.055504246055345e-05 -0.009953508200773046 -0.012642151676118374 -4.642935930324233e-05 0.9999999129233192 0.00041472601624291123 -0.013635076582431793 0.00995352830054595 -0.0004142433362600257 0.9999503766071738 0.7776592969894409
0.9999707925759406 2.056570866482199e-05 -0.0076428772132423085 -0.009830458089709282 -1.782033528142906e-05 0.999999935302055 0.00035927471583157986 -0.014273480512201786 0.007642884107502995 -0.00035912802370814597 0.9999707282463731 0.8002158403396606
0.9999980410381288 -2.076255114804909e-05 -0.0019792647172979334 -0.0035155657678842545 2.102139709844868e-05 0.9999999912302061 0.00013075812957491172 -0.020414143800735474 0.0019792619850678367 -0.00013079948033430683 0.99999803270481 1.0668096542358398
0.9999980859234797 -2.719383092255909e-05 -0.001956376720535344 -0.0033430703915655613 2.743040635659991e-05 0.9999999923155549 0.00012089856551188665 -0.021756671369075775 0.0019563734178065255 -0.00012095199831121194 0.999998078984987 1.130674123764038
0.9999970710133563 -6.319299527939662e-06 -0.0024203150155767367 -0.003630438819527626 6.823832230009184e-06 0.9999999782511722 0.0002084492511703889 -0.02138061821460724 0.0024203136456844676 -0.00020846515644892645 0.9999970493077142 1.134122610092163
0.9999877978355421 7.703429512489295e-06 -0.004940052700113911 -0.005701384972780943 -6.437661821883915e-06 0.9999999671494516 0.00025624139412977964 -0.023197272792458534 0.004940054511767989 -0.0002562064650414819 0.9999877650349868 1.2164692878723145
0.999988775164426 -4.073021904674993e-06 -0.004738093346663129 -0.0057856179773807526 5.075762907566107e-06 0.9999999775952126 0.00021162185845249512 -0.022730208933353424 0.0047380923785666895 -0.0002116435324703917 0.9999887527805638 1.1733968257904053
0.9999957843743785 -1.8859193006358417e-05 -0.0029035973897977513 -0.004286506213247776 1.9148475638795616e-05 0.9999999948564607 9.960127655846555e-05 -0.021788937970995903 0.0029035954964632855 -9.96564561406556e-05 0.9999957795919858 1.1196863651275635
0.9999995751009666 -3.962060233090292e-05 0.0009209929935825368 -0.0005302942008711398 3.958437564110758e-05 0.999999998442226 3.935257671978324e-05 -0.01746816746890545 -0.0009209945513206307 -3.931610306629064e-05 0.99999957511155 0.9381980895996094
0.9999999821610722 -4.106865263121333e-05 0.0001843670820420251 -0.0012959085870534182 4.104874012667671e-05 0.9999999933247284 0.00010800714768149819 -0.020484257489442825 -0.0001843715165193546 -0.00010799957771832783 0.9999999771716173 1.081730604171753
0.999996314004155 1.7411058274997336e-05 -0.002715082864058272 -0.003999630454927683 -1.7020474306433223e-05 0.9999999895044033 0.00014388014759827172 -0.02277000993490219 0.002715085340667492 -0.00014383340525851796 0.9999963038049413 1.1801812648773193
0.9999978796962243 -8.930599710542735e-06 -0.00205925309275366 -0.003497337456792593 8.970112512155826e-06 0.9999999997758574 1.9178693668284104e-05 -0.020946836099028587 0.002059252921014857 -1.9197124735560513e-05 0.9999978795521908 1.0705265998840332
0.9999969849159188 2.18609967334601e-05 -0.0024555409115293316 -0.0038681980222463608 -2.1518389593137478e-05 0.9999999900313173 0.0001395504349132499 -0.022834308445453644 0.0024555439377624256 -0.0001394971748709589 0.9999969754176798 1.181593418121338
0.9999999997133616 1.93515735030868e-05 1.4099424091029259e-05 -0.001711871474981308 -1.9350954143039215e-05 0.9999999988479864 -4.392685098605575e-05 -0.02284281700849533 -1.4100274128472142e-05 4.392657813615559e-05 0.9999999989358193 1.1761231422424316
0.9999980729726737 -1.8233728039055366e-06 0.001963172843746963 3.50506161339581e-05 1.93732032521931e-06 0.999999998313766 -5.8040631257777767e-05 -0.02121680974960327 -0.0019631727346068857 5.8044322706547406e-05 0.9999980712899754 1.1050708293914795
0.9999993431644665 4.116997627245983e-05 0.001145415063772402 -0.0006512468098662794 -4.10315663411539e-05 0.9999999918544578 -0.00012086146875786825 -0.02351800724864006 -0.0011454200303061765 0.00012081439119758363 0.9999993367081984 1.2085902690887451
0.9999940615052773 6.345286243541619e-07 0.003446295660164719 0.0014839021023362875 -6.635674644863362e-08 0.9999999864098243 -0.0001648646312934756 -0.020367812365293503 -0.003446295717940284 0.00016486342356076538 0.9999940479152244 1.0584492683410645
0.9999933449991556 -7.916712087207436e-05 0.0036474223729993987 0.002029565628618002 7.937463361292263e-05 0.9999999952396513 -5.6748261728578805e-05 -0.015007313340902328 -0.0036474178630399 5.7037396883337484e-05 0.9999933465226997 0.8119406700134277
0.9999890947752994 -0.00011744045956654298 0.004668676280904558 0.0031036920845508575 0.00011799516966166874 0.9999999860127019 -0.00011854001876834145 -0.01339457556605339 -0.00466866229420811 0.0001190896073126615 0.9999890946455607 0.7327076196670532
0.9999865173669661 -8.325188977050954e-05 0.005192124171200159 0.0036572886165231466 8.34725092390849e-05 0.9999999956226038 -4.227449046940969e-05 -0.01476801373064518 -0.0051921206290409545 4.270732013081898e-05 0.9999865199388731 0.817058265209198
0.9999988925058126 -4.3849643751175454e-05 0.0014876371725759023 -0.00022523762891069055 4.384074997326754e-05 0.999999999020928 6.01106809951393e-06 -0.019023459404706955 -0.001487637434702593 -5.94584231295711e-06 0.9999988934491428 1.011381983757019
0.9999992815697304 -1.6835275431165743e-05 0.0011985727329621358 -0.000536045350600034 1.6875451501377735e-05 0.9999999992961554 -3.35098214081491e-05 -0.019299520179629326 -0.001198572167971454 3.353002378970505e-05 0.9999992811499893 1.0122649669647217
0.9999999218759542 -5.383017251480811e-05 -0.0003915997931825042 -0.0022156452760100365 5.3850868432444345e-05 0.9999999971540455 5.2839312346383994e-05 -0.019678696990013123 0.00039159694771872985 -5.2860396207303984e-05 0.9999999219288015 1.0261242389678955
0.9999890728842837 -6.130678027097408e-05 -0.004674436170160212 -0.006048985291272402 6.259423774683055e-05 0.999999960151608 0.0002752793914629398 -0.017515119165182114 0.004674419107398283 -0.0002755689762221424 0.9999890368737786 0.9377255439758301
0.9999803804532027 -3.6239068120875365e-05 -0.006263976005521468 -0.007722401525825262 3.818408601020081e-05 0.9999999511002585 0.0003103892009213182 -0.015787769109010696 0.006263964450999264 -0.000310622295424426 0.9999803329381763 0.8647767901420593
0.999969041776448 2.7325698609453073e-05 -0.007868592123034176 -0.009608626365661621 -2.445266733765394e-05 0.9999999330073142 0.00036522244480133564 -0.015205519273877144 0.007868601575854508 -0.000365018730097643 0.9999689754540223 0.8410168290138245
0.9999821981249251 -4.523513711594229e-05 -0.0059666897879509006 -0.007633379194885492 4.71091134556105e-05 0.9999999496134443 0.0003139328597476178 -0.015490565448999405 0.005966675286513997 -0.00031420835662024165 0.9999821498702535 0.8513295650482178
0.9999901729859529 -3.038171341154461e-05 -0.00443317137898173 -0.005869503132998943 3.1603891583421155e-05 0.9999999615175239 0.000275619565475547 -0.016667284071445465 0.00443316283458767 -0.0002757569624258374 0.9999901354640354 0.8999460935592651
0.9999928081440813 -4.793481227575115e-05 -0.0037922766734309644 -0.005235755350440741 4.878924831942709e-05 0.999999973448381 0.00022521733109884292 -0.016931921243667603 0.0037922657769893925 -0.00022540073369656333 0.9999927839313569 0.9062198400497437
0.9999870759241026 -6.116773824476255e-05 -0.0050837233668595255 -0.006518936716020107 6.236864367020443e-05 0.9999999701911747 0.00023606736737865624 -0.016442466527223587 0.005083708775612768 -0.0002363813813572689 0.9999870499306115 0.884348452091217
0.9999879471115289 -2.035437069886644e-05 -0.004909706444353113 -0.006537104491144419 2.1609516806376126e-05 0.9999999671026376 0.00025559294313046296 -0.015050385147333145 0.004909701080403209 -0.00025569595888114897 0.9999879146544112 0.827694833278656
0.9999914299539943 -5.559242335321143e-05 -0.0041396772879856636 -0.005624319426715374 5.66054074391305e-05 0.999999968487135 0.0002445844582591484 -0.017106033861637115 0.004139663560489822 -0.0002448166902786417 0.9999914015882309 0.9192001819610596
0.9999888198796884 -5.127789395901673e-05 -0.0047283703540670985 -0.006105115637183189 5.249308754719223e-05 0.9999999656294012 0.0002568767631639444 -0.016356034204363823 0.004728357019450759 -0.00025712209800977855 0.9999887882012091 0.8845692276954651
0.9999675089053347 3.4479927892894444e-05 -0.008061013881275829 -0.010235622525215149 -3.144985319116116e-05 0.9999999288103203 0.0003760189638571591 -0.014295022934675217 0.008061026272521591 -0.00037575322888627044 0.9999674388023566 0.7978089451789856
0.999992031611234 -3.120840592000548e-05 -0.003991959427658136 -0.005424710921943188 3.228727946890886e-05 0.9999999629754226 0.0002701974923174959 -0.016362162306904793 0.003991950847424507 -0.00027032422878850285 0.9999919955945862 0.8838964104652405
0.999999968057314 -3.845014295963274e-05 0.0002498138462013757 -0.0013623428530991077 3.8457439923590125e-05 0.9999999988340507 -2.920486780581727e-05 -0.01887889951467514 -0.00024981272297876315 2.9214474073917718e-05 0.9999999683700586 0.9751665592193604
0.9999987798020321 -8.93305981855421e-05 0.0015596199829061403 -0.00021026033209636807 8.936631221017298e-05 0.9999999957462378 -2.28295100214714e-05 -0.013358883559703827 -0.0015596179368981015 2.2968859651271277e-05 0.9999987835314212 0.7262158393859863
0.9999996789200791 -5.706564215874549e-05 0.000799314238216213 -0.0010817951988428831 5.702340321032208e-05 0.9999999969767234 5.286667364049009e-05 -0.012059901840984821 -0.0007993172526703448 -5.2821077047965137e-05 0.9999996791508804 0.6806812286376953
0.9999988824023456 -8.673041178698462e-05 0.001492538741706336 -0.0003037044662050903 8.676614754842888e-05 0.9999999959507335 -2.3878202957127786e-05 -0.013344509527087212 -0.0014925366646962738 2.4007678107588807e-05 0.9999988858783474 0.7266808152198792
0.9999997255101518 -6.392499820858825e-05 0.000738168826070259 -0.0009546346846036613 6.383380695931882e-05 0.9999999903290837 0.0001235600171219209 -0.015572584234178066 -0.0007381767175053631 -0.00012351286307960376 0.9999997199198141 0.8444955348968506
0.9999999949984887 -6.589927291093422e-05 7.523502123249914e-05 -0.0016150856390595436 6.590324820788757e-05 0.9999999964324998 -5.283712781683933e-05 -0.01687260903418064 -7.523153903579237e-05 5.284208578485205e-05 0.9999999957739647 0.8879256248474121
0.9999999261363601 -6.80743820819452e-05 -0.00037827655593524113 -0.001963143702596426 6.81081170751917e-05 0.9999999937051225 8.916860038965773e-05 -0.01479250192642212 0.00037827048345666397 -8.919435750729879e-05 0.9999999244779011 0.7994442582130432
0.9999990757410558 -4.312263991991406e-05 -0.0013589177575413663 -0.0030440636910498142 4.33898896636604e-05 0.9999999797260372 0.000196634794884855 -0.016589630395174026 0.0013589092505792628 -0.00019669357643494883 0.9999990573381985 0.8869020938873291
0.9999975138341956 -6.736692064936671e-05 -0.0022288533208794205 -0.0038054222241044044 6.763475650848656e-05 0.9999999905016774 0.00012009240144531442 -0.015473771840333939 0.002228845209453774 -0.00012024285082734339 0.9999975088922418 0.8283923864364624
0.9999999166820189 -6.083880170882957e-05 0.00040365157674330534 -0.001414167694747448 6.0823237017487766e-05 0.9999999974063718 3.8571882571352054e-05 -0.014044191688299179 -0.00040365392236349853 -3.8547327962095925e-05 0.9999999177888038 0.7604104280471802
0.9999991515363761 -5.3883206317572854e-05 0.0013015464370923354 -0.0007291864021681249 5.400691920941986e-05 0.9999999940276314 -9.501573453442437e-05 -0.014726923778653145 -0.0013015413095665929 9.508594643030528e-05 0.9999991484740786 0.7839944362640381
0.999992644325906 -5.874436033277205e-05 0.003835080596587094 0.002193409949541092 5.923565492848323e-05 0.9999999900545984 -0.00012799195464414966 -0.01676090992987156 -0.003835073039640173 0.000128218186687887 0.9999926378603381 0.874159574508667
0.9999768993259128 9.587014012458396e-05 -0.006796441969847151 -0.010736744850873947 -9.452020153679518e-05 0.9999999757433623 0.00019894523467876878 -0.012263545766472816 0.006796460877895845 -0.00019829823784501817 0.9999768841315004 0.6666921973228455
0.9999463674753688 9.908295196672696e-05 -0.010356271306953295 -0.012893621809780598 -9.49263813014412e-05 0.9999999147533296 0.00040184862262956976 -0.014168805442750454 0.010356310240463422 -0.0004008439871144736 0.9999462916388565 0.7941089868545532
0.9998922120531993 0.0003663773941649825 -0.014677535316425724 -0.018823759630322456 -0.00035965307433829906 0.9999998291685779 0.00046077378514545775 -0.010963866487145424 0.014677701626140197 -0.00045544529858495593 0.9998921730089471 0.6295298933982849
0.9997716799837516 0.0005180505560422409 -0.021361636783917788 -0.026659149676561356 -0.0005040119758304601 0.999999653489595 0.0006625651801663115 -0.009282990358769894 0.02136197262414838 -0.0006516473825111753 0.9997715946561463 0.5632478594779968
0.9996419491532053 0.0007175278346975229 -0.0267480587517447 -0.033460043370723724 -0.0006948822353060046 0.9999993922770535 0.0008559113286929304 -0.006557287648320198 0.02674865663653799 -0.000837018118061402 0.9996418402452002 0.4373319447040558
0.9996565008640217 0.0006901934283064906 -0.02619931131407006 -0.03220551833510399 -0.0006680634961515733 0.9999994126828952 0.0008534196093242478 -0.006872263737022877 0.026199884951372338 -0.0008356236569125768 0.9996563748416947 0.4654739499092102
0.9999950877404561 0.00023044289083120118 -0.0031259224289536774 -0.0052499920129776 -0.0002299545831805683 0.9999999613032288 0.0001565708493914189 -0.006842557340860367 0.003125958388629726 -0.00015585126008556486 0.9999951020352738 0.4299936592578888
0.9996306609987415 0.0006544193705915136 -0.027168241137526642 -0.03497490659356117 -0.0006316282383399581 0.9999994414268176 0.0008474619883050802 -0.00719299865886569 0.02716878055761671 -0.0008299887592522238 0.999630515981616 0.46224260330200195
0.9988967393151883 0.001152036307536423 -0.04694653339524232 -0.056950706988573074 -0.0010824952190530935 0.9999982790589843 0.0015066795181226786 -0.006350068375468254 0.04694818835253615 -0.0014541978598942567 0.9988962673466144 0.46499767899513245
0.9999532964707056 0.0002547749966156835 -0.00966126115320318 -0.01287756860256195 -0.0002511387579423262 0.9999998971796655 0.00037758440495483186 -0.010302905924618244 0.00966135635889457 -0.000375140453304342 0.9999532576390493 0.6140283346176147
0.999702890326878 0.0005759842646182627 -0.02436799774731582 -0.029340006411075592 -0.0005555087527626111 0.9999994869805929 0.0008470233624660054 -0.009105405770242214 0.02436847311818861 -0.0008332350675957228 0.9997026974241944 0.5909422636032104
0.9992800309411154 0.0009250270464490152 -0.03792840739191149 -0.045945025980472565 -0.000879874538613596 0.9999988843143592 0.0012071415961771228 -0.007246224209666252 0.03792948171435734 -0.0011729002516238762 0.9992797299664794 0.4939348101615906
0.9999942686387042 2.3111348417556548e-05 -0.00338558054235622 -0.005283946171402931 -2.2827650920627556e-05 0.9999999962253427 8.383443833505687e-05 -0.015869462862610817 0.003385582467103727 -8.375667299881716e-05 0.9999942653916463 0.8342275619506836
0.999898240886302 0.00027627282164646515 -0.014262943097651798 -0.01783064380288124 -0.0002692819337737432 0.999999842681309 0.0004920615789257707 -0.011891815811395645 0.014263076797065092 -0.0004881707542769739 0.9998981579788992 0.686054527759552
0.9999320158770477 0.00010417335092856658 -0.011659878729068667 -0.014344190247356892 -9.865550565361071e-05 0.9999998828866802 0.0004738076794162726 -0.013567988760769367 0.011659926721675222 -0.00047262515678486337 0.9999319090489643 0.7767773270606995
0.9998934553547041 0.00033200065088660047 -0.014593413390907537 -0.01837398111820221 -0.0003252463361174014 0.9999998389000083 0.000465204017563313 -0.011932370252907276 0.01459356548794539 -0.0004604079983294323 0.9998934022538721 0.6720951795578003
0.9999712790747658 8.282600450138818e-06 -0.0075789812623847696 -0.009705598466098309 -5.608800780240609e-06 0.9999999377458961 0.0003528126210697116 -0.014457004144787788 0.007578983712768055 -0.00035275997896878225 0.9999712168689052 0.80495285987854
0.9999864088841587 -1.5152908079471095e-05 -0.005213618451126262 -0.006668365094810724 1.640447018584712e-05 0.9999999710621705 0.00024001364916593853 -0.015540486201643944 0.0052136146633506965 -0.00024009591376107105 0.9999863801952977 0.8404258489608765
0.9999501122744692 4.147567474616741e-05 -0.009988555553482275 -0.0126630375161767 -3.7354334906184804e-05 0.9999999141035413 0.0004127923980698838 -0.014018154703080654 0.009988571816343965 -0.0004123986889466538 0.9999500279315918 0.7859434485435486
0.9999125719416287 0.00020531229239803756 -0.0132214341105575 -0.01573908142745495 -0.00019916885356266017 0.9999998716006652 0.0004659725539645607 -0.013839386403560638 0.013221528082827403 -0.0004632985170146593 0.9999124844453334 0.7759482264518738
0.9999840668251107 -3.314114068498512e-05 -0.005644908996361955 -0.007034739013761282 3.490049782636785e-05 0.9999999508520283 0.00031157325930329535 -0.01605183631181717 0.005644898393032909 -0.0003117653050862216 0.9999840188345646 0.8732354640960693
0.9999916910668163 -3.229132173274137e-05 -0.004076365366260213 -0.005336811300367117 3.310384752567431e-05 0.9999999796000462 0.00019925873199201858 -0.01868556998670101 0.004076358848774726 -0.00019939201974207183 0.9999916717359991 0.9818804860115051
0.9999993057289731 -3.263341792760784e-05 -0.0011779119794877138 -0.0027483694721013308 3.2734945375610804e-05 0.9999999957512709 8.617355243599455e-05 -0.02052110806107521 0.0011779091623455341 -8.621205149249963e-05 0.9999993025485003 1.0586366653442383
0.9999562051823105 0.00013247112940906167 -0.009357893395034695 -0.01189119927585125 -0.00012941189558992659 0.999999937991746 0.0003275195651226497 -0.013446569442749023 0.00935793620165476 -0.0003262941987400255 0.999956160320112 0.740257978439331
0.9999178756437903 0.00011441705544148966 -0.012815181494901557 -0.01542914379388094 -0.00010769290726371549 0.9999998561834658 0.000525390603017668 -0.014319999143481255 0.012815239765512321 -0.0005239673515003382 0.9999177441609721 0.8099266290664673
0.9999751413841821 -1.5187706129213304e-05 -0.0070509845425066305 -0.008127251639962196 1.7791300728529704e-05 0.9999999316910841 0.0003691900548029005 -0.016941100358963013 0.007050978453711463 -0.0003693063234355923 0.9999750733471734 0.9197835326194763
0.9999782885597491 -1.211709228557622e-05 -0.006589557063343625 -0.007900744676589966 1.422271110818509e-05 0.9999999488612926 0.0003194919820074543 -0.016277436167001724 0.006589552855048364 -0.00031957876674281913 0.99997823759449 0.8800865411758423
0.9999786116335039 -1.0334170116884256e-05 -0.006540349282307379 -0.007766651455312967 1.2645949427691344e-05 0.9999999374661501 0.0003534229413548997 -0.016162581741809845 0.00654034522098136 -0.0003534980911417654 0.9999785492316771 0.8869460821151733
0.9999739374996136 -5.225510780914283e-05 -0.007219528441818822 -0.008316905237734318 5.5023851352770973e-05 0.9999999250231216 0.0003833094397656655 -0.017104189842939377 0.007219507870645018 -0.0003836966960230633 0.9999738653999668 0.9273399114608765
0.9999277033332511 4.2926165918930805e-05 -0.01202440285560786 -0.013549551367759705 -3.6078277639085403e-05 0.9999998370612456 0.0005697155781444782 -0.016629064455628395 0.012024425352072073 -0.0005692405698625145 0.9999275419549788 0.9285755157470703
0.9999682681614456 2.2761239780026697e-05 -0.007966313584429192 -0.008826538920402527 -1.8859535863266595e-05 0.999999879845584 0.0004898501155253558 -0.01940813846886158 0.00796632377683737 -0.0004896843307038304 0.9999681484401086 1.0425951480865479
0.9999690400969864 -5.705520233420427e-05 -0.007868646148829372 -0.008903246372938156 5.945017770711044e-05 0.9999999519835234 0.00030413586981745783 -0.02162138745188713 0.007868628418471118 -0.0003045942462122876 0.9999689954739382 1.1129059791564941
0.9999575770096834 1.144055191736544e-05 -0.009211083000218622 -0.00987207517027855 -6.49546966749778e-06 0.9999998558524201 0.0005368919331059352 -0.01979847252368927 0.009211087814803336 -0.0005368093262344232 0.9999574329425304 1.0662992000579834
0.9999763839320991 -5.7584972551925986e-05 -0.006872282157650279 -0.007959635928273201 5.960060211569654e-05 0.9999999552718393 0.00029309399139435866 -0.02007264643907547 0.0068722649724562886 -0.0002934966618212614 0.9999763426370936 1.0434744358062744
0.9998336900968775 0.0003030511043179286 -0.018234590954803738 -0.021033646538853645 -0.00029093120201019186 0.9999997350251689 0.0006673144890940191 -0.014005692675709724 0.018234788353488927 -0.0006618984966213405 0.9998335133331365 0.798075795173645
0.9999757088720868 3.872491485785123e-05 -0.006969947356241688 -0.008806554600596428 -3.631160387604908e-05 0.9999999393541457 0.0003463714372174064 -0.01452592946588993 0.00696996034674769 -0.00034610993349708263 0.9999756496338692 0.8079281449317932
0.9999939371934308 -3.1288556333720787e-05 -0.0034820392598400077 -0.005064788740128279 3.207667527581431e-05 0.9999999738836104 0.00022628271129725155 -0.016218816861510277 0.0034820320888423544 -0.00022639303163157854 0.9999939120808323 0.8699662685394287
0.99999734345469 -6.72125648654679e-06 -0.002305002904066619 -0.003975678700953722 6.939317523531957e-06 0.9999999955017799 9.459538303520314e-05 -0.020084045827388763 0.002305002257898376 -9.461112688532596e-05 0.9999973390031226 1.0293668508529663
0.9999950487787049 -4.3175394907407576e-05 -0.003146514573445421 -0.0046442304737865925 4.387399580698195e-05 0.9999999744055156 0.00022195504214661066 -0.017649497836828232 0.0031465049099154065 -0.00022209199336528136 0.9999950250786243 0.9329564571380615
0.9999861984410782 -1.4351711459302862e-05 -0.005253829212018905 -0.0066580683924257755 1.5882798576650392e-05 0.9999999574222846 0.0002913814780138132 -0.015546910464763641 0.005253824806499962 -0.0002914609020063063 0.9999861560918958 0.849095344543457
0.9999870736434061 -1.5867853107569212e-05 -0.005084515149809162 -0.006334224250167608 1.730853759801961e-05 0.9999999597197446 0.0002833035895933015 -0.01929911971092224 0.005084510449583849 -0.00028338793303171614 0.9999870336383206 1.008668065071106
0.999983723995312 2.043996072554768e-06 -0.00570541324441881 -0.006858258042484522 -2.577013972939472e-07 0.9999999509877888 0.00031308841146197603 -0.019427446648478508 0.005705413604735375 -0.00031308184534055807 0.9999836749844253 1.015749216079712
0.9999906896286294 -3.603898650938649e-06 -0.004315164315506955 -0.005704881157726049 4.331526130301025e-06 0.9999999857756655 0.00016861170266307284 -0.02018691599369049 0.0043151636464671276 -0.0001686288240724928 0.9999906754200379 1.0375868082046509
0.9999935217769693 -8.772573370272825e-07 -0.003599500427072415 -0.005092868115752935 1.385006401546187e-06 0.9999999900502918 0.00014105849163072653 -0.020022019743919373 0.0035995002675138395 -0.00014106256315349125 0.9999935118285406 1.0252797603607178
0.9999906382187442 -1.6569355662397452e-05 -0.004327031352431065 -0.0056761945597827435 1.7612617932651344e-05 0.9999999707886158 0.0002410654751103747 -0.018687337636947632 0.004327027231732895 -0.0002411394286581214 0.9999906092994633 0.9786534309387207
0.9999923628491565 -3.564397984747709e-05 -0.003908065105381316 -0.005360245704650879 3.633864340347735e-05 0.9999999835545871 0.00017768041211057393 -0.01850077509880066 0.003908058707874542 -0.0001778210689227267 0.9999923476991229 0.9674739837646484
0.9999874048534356 -2.5750555085493533e-05 -0.005018911375999056 -0.0062926216050982475 2.7187462984818302e-05 0.9999999586664123 0.00028623070343030804 -0.018712544813752174 0.005018903797949946 -0.0002863635497799061 0.9999873642204608 0.984366774559021
0.9999767575026215 -2.856569531106738e-05 -0.006817891062793918 -0.007945741526782513 3.105425299945427e-05 0.9999999329423779 0.00036489844185352247 -0.01728755794465542 0.006817880182024646 -0.000365101685216431 0.9999766913336444 0.9320356845855713
0.9999799006424824 1.2945791896228358e-05 -0.006340200584920631 -0.0074852523393929005 -1.0503147883888738e-05 0.9999999257183211 0.0003852960366961986 -0.017406977713108063 0.006340205101922197 -0.00038522170042905004 0.9999798264982683 0.9434529542922974
0.9999945916772345 2.7473393298080256e-06 -0.0032888613125492995 -0.004859773442149162 -2.3917521282322523e-06 0.9999999941518952 0.0001081225649496582 -0.02076769806444645 0.003288861590365069 -0.00010811411404688497 0.9999945858357323 1.0649477243423462
0.9999965122401642 1.8106806331959006e-05 -0.0026410565406289597 -0.0043341657146811485 -1.7797459242606833e-05 0.9999999929791531 0.00011715350683741982 -0.02147822640836239 0.0026410586433623655 -0.00011710609413798477 0.9999965055415969 1.104377031326294
0.9999994269830341 2.6341014061671495e-05 -0.0010702054728254304 -0.0028799124993383884 -2.635975075614781e-05 0.999999999499571 -1.7493466020408444e-05 -0.022079162299633026 0.001070205011494234 1.752166634587717e-05 0.9999994271769481 1.1232116222381592
0.9999993850901036 3.549019312764917e-05 -0.001108404195662824 -0.0028337202966213226 -3.544307320208436e-05 0.9999999984674464 4.253111424074629e-05 -0.023103225976228714 0.0011084057034015933 -4.249180283689886e-05 0.9999993848154324 1.1797678470611572
0.9999997101606487 1.4637114195548414e-06 -0.00076136487706569 -0.002526709344238043 -1.5068238132771742e-06 0.9999999983956938 -5.662457073130513e-05 -0.020481102168560028 0.0007613647929621967 5.6625701562003635e-05 0.9999997085585485 1.0549461841583252
0.9999976215427406 5.576112481925236e-06 -0.0021810267693716137 -0.003970990423113108 -5.39047089526709e-06 0.9999999963625539 8.512247074961843e-05 -0.020235415548086166 0.002181027236090718 -8.511051152813786e-05 0.999997617935361 1.0477590560913086
0.9999971740054232 4.6809898569252024e-05 -0.0023769286907102927 -0.004024487920105457 -4.6465660584469215e-05 0.999999988425405 0.00014487971642898072 -0.023280423134565353 0.0023769354450031365 -0.0001447688614379118 0.9999971646059138 1.1981234550476074
0.9999999965204285 6.681398754654401e-05 4.995031606435776e-05 -0.0017341193743050098 -6.68093895924572e-05 0.9999999935319688 -9.204655269799e-05 -0.02489309199154377 -4.995646573850322e-05 9.204321522758124e-05 0.999999994516199 1.2667146921157837
0.9999984423593706 4.726105977413555e-05 0.0017643823918252236 -0.00026829534908756614 -4.708844235490985e-05 0.9999999941014948 -9.787588457422868e-05 -0.023523099720478058 -0.0017643870071360364 9.779265010022477e-05 0.9999984386863244 1.21651291847229
0.999994583362438 8.680955423974385e-05 0.003290244654374406 0.0011717563029378653 -8.594023893574095e-05 0.9999999613665727 -0.00026435038993900367 -0.025379562750458717 -0.0032902674754004915 0.00026406619363699796 0.9999945521896536 1.3076720237731934
0.9999960859291901 4.882319580284545e-05 0.002797452876266028 0.0006452075904235244 -4.8492426269878623e-05 0.9999999918259402 -0.00011830724280690325 -0.023803599178791046 -0.0027974586295371616 0.00011817112446663183 0.9999960801227178 1.2459297180175781
0.9999985786612073 8.896644167891562e-05 0.0016836747124485164 -0.0002073542564176023 -8.878872274517572e-05 0.9999999904795756 -0.00010562864921749279 -0.026845183223485947 -0.0016836840938242786 0.0001054790077561594 0.9999985770400132 1.3911296129226685
0.9999996547047671 8.602385767143255e-05 -0.0008265532303879164 -0.0023122956044971943 -8.595276308306057e-05 0.9999999926038927 8.604845833856976e-05 -0.02854318916797638 0.0008265606264949728 -8.597738409246022e-05 0.9999996547026505 1.4812707901000977
0.9999939134233653 6.91815416477597e-05 -0.003488313365728097 -0.004719553980976343 -6.849141127944856e-05 0.999999978060427 0.00019795977491749082 -0.02755671739578247 0.0034883269843584037 -0.0001977196505147465 0.9999938962222671 1.4042320251464844
0.9997919931548124 0.000854674815357665 -0.02037743738764096 -0.018376868218183517 -0.0008222172925227145 0.9999983801506407 0.0016011417233142082 -0.08077191561460495 0.0203787728347688 -0.0015840539934782263 0.9997910763708057 4.34970235824585
0.999998744259299 -5.842255255263374e-06 -0.0015847541428134805 -0.0018186457455158234 5.096893484236589e-06 0.9999998893788501 -0.00047033637899384484 -0.05199306085705757 0.0015847567153313368 0.00047032771105024596 0.9999986336680653 2.4595956802368164
0.9999988119363378 0.00010356239715831242 0.001537985937139047 -0.00037855346454307437 -0.00010348254031226114 0.9999999932935525 -5.200248807871539e-05 -0.027896467596292496 -0.0015379913123269486 5.1843271604709275e-05 0.9999988159467982 1.4510886669158936
0.9999791352600927 4.96987901660288e-05 -0.0064596110182644426 -0.0072376118041574955 -4.81257790655321e-05 0.999999969154409 0.00024367004374112967 -0.026900410652160645 0.006459622929120298 -0.00024335408581632956 0.9999791068069385 1.3850092887878418
0.9999819746947235 8.182758271674552e-05 -0.00600363139173891 -0.007133770268410444 -7.976643366407161e-05 0.999999937803397 0.00034355569871127883 -0.023353464901447296 0.006003659130665786 -0.0003430706177497774 0.9999819190263362 1.2142494916915894
0.9999978126394174 0.00010046823269331896 0.0020891679001243703 0.00017670373199507594 -0.00010010128738476924 0.9999999795465958 -0.0001757456694700191 -0.027131933718919754 -0.0020891855142505895 0.00017553615665450375 0.9999978022430573 1.3987619876861572
0.9999985006689297 5.879849783879743e-05 0.001730665371865231 -0.00021679833298549056 -5.856138184084939e-05 0.9999999888927068 -0.0001370589321375058 -0.024560805410146713 -0.0017306734115015484 0.00013695737648510982 0.9999984930049745 1.2626612186431885
0.9999999338399352 7.767550170657581e-05 -0.00035536831795798866 -0.0019523310475051403 -7.771235046557081e-05 0.9999999916057166 -0.00010367910618128827 -0.0263136588037014 0.00035536026164833726 0.0001037067158291414 0.9999999314819983 1.3185300827026367
0.9999991443531093 5.7952100913510224e-05 -0.0013068797200527231 -0.00283408397808671 -5.7861590651458624e-05 0.9999999959251563 6.929446804203073e-05 -0.025856031104922295 0.0013068837304873976 -6.921879061104224e-05 0.9999991436314701 1.3274763822555542
0.9999997145526189 5.6149131897637784e-05 0.0007534865330461272 -0.0011467919684946537 -5.612002741451681e-05 0.9999999976784565 -3.8647501721694766e-05 -0.024580959230661392 -0.0007534887013205473 3.8605205004975595e-05 0.999999715382167 1.268511176109314
0.999999974170248 6.146048729389028e-05 -0.00021881981519416522 -0.0018343974370509386 -6.145649095281129e-05 0.9999999979446563 1.8269836115823113e-05 -0.02631911262869835 0.00021882093761744578 -1.8256387745925004e-05 0.9999999758920504 1.357588291168213
0.9999924461648908 0.00012421698339761734 -0.003884865930640859 -0.004747313912957907 -0.00012376118319346375 0.9999999854305476 0.00011756731740691262 -0.03216100484132767 0.0038848804778980044 -0.0001170856337186586 0.9999924469687893 1.6184446811676025
0.9999994280938332 7.270491818313627e-05 0.0010670173388738474 -0.0007020041230134666 -7.250902304361451e-05 0.9999999805114392 -0.00018362887258398713 -0.025507917627692223 -0.0010670306688013724 0.00018355139918069014 0.9999994138770462 1.284843921661377
0.9999983516781356 4.1418832776753985e-05 0.0018151929629009757 -0.00020021206000819802 -4.132313030028419e-05 0.9999999977543641 -5.276050493513929e-05 -0.023923784494400024 -0.001815195144103244 5.2685408513519305e-05 0.9999983511440591 1.2481337785720825
0.9999998092443056 4.3434357011482854e-05 0.0006161370051290709 -0.0012520290911197662 -4.338961894751596e-05 0.9999999964215653 -7.262375897614747e-05 -0.02364465221762657 -0.0006161401572905398 7.259701117287989e-05 0.9999998075504718 1.2092268466949463
0.9999994377717659 4.127961601954061e-05 0.0010595999931527391 -0.000877657497767359 -4.1228905266568385e-05 0.9999999980038323 -4.788019153797253e-05 -0.023658104240894318 -0.0010596019675135216 4.7836478470638836e-05 0.9999994374775126 1.2216169834136963
0.999999406607405 5.566193172804989e-05 0.001087973615148641 -0.0008222634787671268 -5.555208028577586e-05 0.9999999933566037 -0.00010099880654535218 -0.02429214119911194 -0.0010879792297094754 0.00010093830741579071 0.9999994030561488 1.245503544807434
0.9999999960474075 4.205658458988098e-05 7.833535984322241e-05 -0.001650034449994564 -4.205574369866688e-05 0.9999999990580252 -1.0736120045207898e-05 -0.02445032447576523 -7.833581129397333e-05 1.0732825550956282e-05 0.9999999968741536 1.2575353384017944
0.9999990043667067 6.464063575979758e-05 -0.0014096407992686066 -0.0028473814018070698 -6.451873336405229e-05 0.9999999941755573 8.652293287188787e-05 -0.027498412877321243 0.0014096463839556237 -8.643189848790819e-05 0.9999990027128021 1.4125877618789673
0.999957647011302 0.00026195134941405386 -0.00919975897025434 -0.009228359907865524 -0.00025663916438535864 0.9999997996778205 0.0005786023315251601 -0.04475545883178711 0.00919990869300009 -0.0005762168075324795 0.9999575139245822 2.2981252670288086
0.9999998675025465 -0.00020075670625034 -0.0004740164914936193 -0.0002226363285444677 0.00020044368610793072 0.9999997619049946 -0.0006603122615669023 -0.06842214614152908 0.00047414894074738914 0.0006602171604643783 0.9999996696479869 3.172389507293701
0.9999999716877565 -1.7593008342781868e-05 0.0002373077579883383 -0.0017617475241422653 1.7593246692668462e-05 0.9999999998447363 -1.0023039949467e-06 -0.01985800266265869 -0.00023730774031795052 1.0064789804975984e-06 0.9999999718420111 1.0215946435928345
0.9999989241308791 -6.185572534538387e-06 -0.0014668670093793239 -0.0033012181520462036 6.278613917269377e-06 0.9999999979689848 6.342404576029835e-05 -0.019969316199421883 0.0014668666140860592 -6.343318741594585e-05 0.9999989221387028 1.028620719909668
0.999997801995635 1.7483331815828308e-05 -0.0020965920518060633 -0.003834928385913372 -1.724666033139295e-05 0.999999993477854 0.00011290192502508849 -0.021426988765597343 0.0020965940120336018 -0.00011286551765519349 0.9999977957750324 1.092108964920044
0.9999957761122287 8.69784840944666e-06 -0.0029064896436782903 -0.004465815611183643 -8.353803086777015e-06 0.9999999929577752 0.00011838354480034948 -0.020960025489330292 0.002906490652892263 -0.00011835876451938524 0.9999957691426937 1.0587283372879028
0.9999971758015718 2.1141875219833354e-05 -0.0023765399010492075 -0.0040223076939582825 -2.0899694821410983e-05 0.999999994586799 0.00010192940954009222 -0.021548505872488022 0.0023765420431633775 -0.00010187945271255118 0.9999971708302449 1.096609354019165
0.9999999385281676 3.053997173117902e-05 -0.0003493006886290286 -0.0021555686835199594 -3.053767829792797e-05 0.9999999995121353 6.5711166150841395e-06 -0.02295370027422905 0.0003493008891403328 -6.560449379086963e-06 0.9999999389729227 1.1742379665374756
0.9999998446203406 3.68961974800614e-05 -0.0005562355302287802 -0.0022937641479074955 -3.6919959148748554e-05 0.9999999984064498 -4.270851030075518e-05 -0.023181427270174026 0.000556233953560761 4.272903985777453e-05 0.9999998443889969 1.1714688539505005
0.9999999625170215 1.793154529996268e-05 0.0002732113014048233 -0.0016389626543968916 -1.7926132860119954e-05 0.9999999996430515 -1.981288965393765e-05 -0.02191055193543434 -0.00027321165658302925 1.9807991289203665e-05 0.9999999624815163 1.1238714456558228
0.9999998611635096 4.806462603093766e-05 -0.0005247501817501081 -0.0022884192876517773 -4.807237036490524e-05 0.9999999987358082 -1.4745531874791687e-05 -0.023951008915901184 0.0005247494723482481 1.4770755812659936e-05 0.9999998622098986 1.2187291383743286
0.9999998674963916 1.1138751902844834e-05 0.0005146679781691894 -0.0014184331521391869 -1.1109012905971198e-05 0.9999999982687015 -5.778570036399378e-05 -0.02147827297449112 -0.0005146686209387254 5.777997525396818e-05 0.9999998658888336 1.101723074913025
0.9999995447397035 4.678186728167848e-05 0.0009530644483422329 -0.0008834902546368539 -4.668844586871792e-05 0.9999999941037669 -9.804414872678201e-05 -0.024168718606233597 -0.0009530690294110964 9.799960699326797e-05 0.9999995410276458 1.237793207168579
0.9999997299354054 2.5830706466483687e-05 0.0007344806946086105 -0.001118683023378253 -2.579978146051246e-05 0.9999999987803899 -4.211403009283504e-05 -0.023078691214323044 -0.0007344817815479799 4.209506927791871e-05 0.9999997293822223 1.1861631870269775
0.9999999675952161 1.9260867056632027e-05 -0.00025384756364782007 -0.0021095634438097477 -1.925698076741765e-05 0.9999999996973561 1.5311974429193e-05 -0.022241299971938133 0.00025384785849289854 -1.530708559536076e-05 0.9999999676634784 1.1380603313446045
0.9999999988183987 -1.785986329654351e-05 -4.521313706381686e-05 -0.0016733815427869558 1.7858435692978966e-05 0.9999999993420421 -3.157517942284743e-05 -0.020553002133965492 4.5213700962456586e-05 3.157437194963743e-05 0.9999999984793901 1.0608537197113037
0.9999999976833173 4.221355098516376e-05 -5.339832745889143e-05 -0.001994562800973654 -4.221271650344386e-05 0.9999999989869179 1.5628518481711283e-05 -0.023662593215703964 5.3398987140056294e-05 -1.5626264357046188e-05 0.9999999984521839 1.2224162817001343
0.9999962559811139 8.630359201739934e-05 -0.0027350640658717657 -0.003952578641474247 -8.570730792624799e-05 0.9999999725365336 0.0002181311283269502 -0.0282847061753273 0.002735082816257331 -0.00021789589666179444 0.999996235914599 1.4604816436767578
