0.9999944308863236 -7.158033734569145e-05 0.0033366259294624182 0.0019181499956175685 7.168787783729963e-05 0.9999999969148747 -3.211072405675719e-05 -0.01386948861181736 -0.0033366236206720493 3.2349740860504744e-05 0.999994432932658 0.754980742931366
0.9999851234741604 -0.00012912304526322874 0.005453086979669211 0.004094080533832312 0.00012991485511259007 0.999999981070305 -0.00014484999319965014 -0.013152249157428741 -0.005453068172971708 0.00014555627533986346 0.9999851213197484 0.7163090109825134
0.9999564444007425 -0.00015448970239912568 0.009331957691525028 0.008485126309096813 0.00015649112921704107 0.9999999649127878 -0.00021374037898052973 -0.01099941786378622 -0.00933192434340511 0.00021519143798719016 0.9999564334913266 0.6105189919471741
0.999983719083805 -0.0001214797808555374 0.005704981155522789 0.004591647535562515 0.00012225876347921798 0.9999999832517565 -0.0001361957476089168 -0.012305222451686859 -0.005704964514944802 0.0001368910141591103 0.9999837171878019 0.690940797328949
0.9999921680140295 -0.00011797217675686768 0.00395600722536875 0.0025565121322870255 0.00011833608187583478 0.9999999887888844 -9.175403743099013e-05 -0.013759247027337551 -0.003955996356593972 9.222145720957884e-05 0.9999921707633666 0.7449569702148438
0.9999940321936469 -8.517582219245469e-05 0.003453740316063016 0.0019541848450899124 8.538288100031798e-05 0.9999999945665838 -5.9804647500176766e-05 -0.014239419251680374 -0.003453735203387386 6.009918089603388e-05 0.9999940340328203 0.7610596418380737
0.9999959104818218 -0.00010078402125144336 0.002858122147998385 0.0015301404055207968 0.00010092893842597368 0.9999999936285459 -5.055944373962312e-05 -0.013308962807059288 -0.002858117034203939 5.084770421014812e-05 0.9999959142824182 0.7288464903831482
0.9999823311603411 -0.00010077010825313254 0.005943669953420005 0.004849796183407307 0.00010147614816338823 0.9999999878317001 -0.00011848709234944187 -0.012456086464226246 -0.005943657941138523 0.00011908813955283303 0.9999823292180186 0.6842822432518005
0.999922167141591 -0.0002015214217178485 0.012474736389238248 0.012251695618033409 0.0002047632212551074 0.9999999456009713 -0.0002585924938505369 -0.010401429608464241 -0.012474683598697698 0.0002611267340649461 0.9999221540109716 0.5808669924736023
0.9999846046954399 -0.00011030738215400672 0.005547810774201608 0.004521454218775034 0.00011100365474467221 0.9999999860020417 -0.0001251962671296241 -0.010823921300470829 -0.0055477968864711 0.0001258101669667301 0.9999846029422196 0.6221196055412292
0.9999950552109276 -9.675009333295308e-05 0.003143277447789124 0.0015385568840429187 9.698254735757376e-05 0.9999999925739422 -7.380041650960437e-05 -0.01366265770047903 -0.003143270284249778 7.410489463604945e-05 0.9999950571679768 0.7336735129356384
0.9999966218957569 -7.249579976337186e-05 0.0025982573840203286 0.0009109593229368329 7.261548206996634e-05 0.9999999963069571 -4.596822177473325e-05 -0.014266258105635643 -0.0025982540419218513 4.615674020177071e-05 0.999996623467044 0.7600284814834595
0.9999945151136316 -7.074845675682549e-05 0.003311304472416265 0.0016985542606562376 7.097732556004117e-05 0.9999999951006131 -6.899995128131313e-05 -0.014809932559728622 -0.0033112995745528334 6.923460035998802e-05 0.9999945152358076 0.7823236584663391
0.9999956832597351 -7.074303132297515e-05 0.002937423585230036 0.0013550432631745934 7.085399543287535e-05 0.9999999967802676 -3.7671951684198345e-05 -0.014637885615229607 -0.002937420910744261 3.787991726145996e-05 0.9999956850524431 0.776691198348999
0.9999905659067664 -0.00012387011405216324 0.0043419757783299635 0.002795030362904072 0.00012438037574200823 0.9999999853911572 -0.00011724848533785819 -0.013334343209862709 -0.004341961191315471 0.00011778743578348741 0.9999905667050729 0.7206288576126099
0.9999842102296533 -0.00013930084341823334 0.0056178186737875155 0.004452577326446772 0.00014016620427059366 0.9999999783732991 -0.0001536451642395685 -0.012338794767856598 -0.0056177971493916665 0.00015443016653749554 0.9999842081285644 0.6878070831298828
0.9999997383209452 -4.718253327353897e-05 0.0007218946249939016 -0.000908822868950665 4.713299911904407e-05 0.9999999965339453 6.863373539696195e-05 -0.016126016154885292 -0.0007218978608052794 -6.859969237822706e-05 0.9999997370787458 0.8481163382530212
0.9999934479842534 -0.0001260246003489479 0.0036177487978563136 0.0017374258022755384 0.00012644210526564545 0.9999999853734263 -0.00011517613096514828 -0.012703469954431057 -0.0036177342299151694 0.00011563281210364778 0.9999934492925913 0.6844599843025208
0.9999840980163303 -0.00010287583120839193 0.005638539795856302 0.004267098847776651 0.00010356331678216038 0.999999987239864 -0.00012163433249328413 -0.010880175977945328 -0.0056385272106747085 0.00012221634414918224 0.9999840959105597 0.6227025389671326
0.9999921419822112 -0.00011052930900948182 0.003962796626282373 0.0023863590322434902 0.0001109500671904494 0.9999999882315559 -0.00010595740173470232 -0.013126098550856113 -0.003962784868248023 0.00010639624167150273 0.9999921424770937 0.7126928567886353
0.9999999613885259 -3.023206104123879e-05 0.0002762407810770364 -0.0016696018865332007 3.023666274762342e-05 0.9999999994041916 -1.665415546931605e-05 -0.011201271787285805 -0.00027624027742300506 1.6662507425609124e-05 0.9999999617068343 0.6285392045974731
0.9999997550977536 -4.693804868446274e-05 -0.0006982845065730498 -0.0030169282108545303 4.694586185484047e-05 0.9999999988356283 1.117270655528221e-05 -0.01238466426730156 0.0006982839813349428 -1.1205485387042232e-05 0.9999997561369294 0.6779415607452393
0.9999982505917723 -6.935296834667728e-05 0.0018692253905391437 -2.384587423875928e-05 6.948922812187627e-05 0.999999994933407 -7.283153879884748e-05 -0.01206020824611187 -0.0018692203299851345 7.296130241632865e-05 0.9999982503444724 0.6611828207969666
0.9999999451548403 -4.259166221467719e-05 0.00032844522715806186 -0.002003185451030731 4.259347217668888e-05 0.9999999990777529 -5.503703803448146e-06 -0.013046443462371826 -0.00032844499244326077 5.517693124241153e-06 0.9999999460467198 0.706089973449707
0.9999939840215886 -7.042282522176633e-05 0.0034679909539466107 0.0014217841671779752 7.07591179805282e-05 0.9999999928068175 -9.684788237919123e-05 -0.014111855998635292 -0.0034679841086992244 9.709269172548734e-05 0.9999939818115062 0.7543689608573914
0.9999961828538 -5.489789093459647e-05 0.0027624742625207677 0.0005334093584679067 5.526493716273997e-05 0.9999999896559705 -0.00013279249209340445 -0.015389766544103622 -0.0027624669439179042 0.00013294465317157978 0.9999961755437383 0.8093419671058655
0.999996182476003 -6.65799891345377e-05 0.002762354163627836 0.00043914257548749447 6.68342437062927e-05 0.999999993539144 -9.195050509235217e-05 -0.014637264423072338 -0.002762348023717034 9.213477392046745e-05 0.999996180464995 0.7815895080566406
0.9999941058083518 -5.305482243579022e-05 0.0034330065162511843 0.0011322954669594765 5.371087914898241e-05 0.9999999803150157 -0.00019101075755495635 -0.012541703879833221 -0.0034329963146306802 0.0001911940214990565 0.9999940889731047 0.6862584948539734
0.9999984903072068 6.663867402703813e-05 -0.0017363590052045087 -0.004285636357963085 -6.65254123783694e-05 0.9999999956559843 6.528707011921936e-05 -0.006796499714255333 0.0017363633483055212 -6.517145955694198e-05 0.9999984903963626 0.404668390750885
0.9999994920083691 -1.6533973665274938e-05 -0.0010078242066864946 -0.003948863595724106 1.6578843814441453e-05 0.9999999988718469 4.451346336773833e-05 -0.012199290096759796 0.0010078234695650834 -4.453014931538655e-05 0.9999994911543306 0.675165593624115
0.9999998935850378 -4.739368099381175e-05 0.00045889405350239707 -0.001878016977570951 4.742084230295717e-05 0.9999999971246184 -5.917792772849051e-05 -0.015017276629805565 -0.00045889124752307285 5.919968257361846e-05 0.9999998929571047 0.798377513885498
0.9999999621429685 -4.629492521501878e-05 0.0002712394545359601 -0.002115899231284857 4.6309156426614446e-05 0.9999999975516376 -5.246129048431399e-05 -0.015031279996037483 -0.0002712370251803479 5.247384936861443e-05 0.9999999618384849 0.8039906024932861
0.9999999947329689 -5.563372656582452e-05 8.624935207182769e-05 -0.0021657953038811684 5.563530165212183e-05 0.999999998285648 -1.8259715608340745e-05 -0.014398693107068539 -8.624833606794063e-05 1.8264514020886073e-05 0.999999996113816 0.7808170318603516
0.9999991431029183 -7.624955266177769e-05 0.0013068968723779141 -0.0009199421619996428 7.631859006614872e-05 0.9999999956951017 -5.277565269169895e-05 -0.014135723933577538 -0.0013068928426319467 5.2875347995057905e-05 0.999999144617282 0.7603901624679565
0.9999890386146746 2.2368750693398946e-05 -0.004682109581992409 -0.0076401326805353165 -2.1916609162248877e-05 0.9999999950921966 9.661919479769846e-05 -0.012353034690022469 0.004682111720264217 -9.651551975171109e-05 0.9999890341971722 0.6813361048698425
0.999993829008092 4.4861315318582215e-05 -0.003512824105658651 -0.006184839177876711 -4.4475501998659516e-05 0.9999999929710809 0.0001099079973680297 -0.011488744057714939 0.0035128290115846203 -0.00010975108451113514 0.9999938239744457 0.6492816209793091
0.9999717173551341 0.0001475526735544634 -0.007519489213528777 -0.011073318310081959 -0.00014631637477426854 0.9999999756894531 0.0001649624558198335 -0.009923620149493217 0.007519513371377273 -0.00016385756584340162 0.9999717146346471 0.5680340528488159
0.9999991958624858 -2.0416763779942662e-05 -0.0012680132244329294 -0.0032337098382413387 2.0455598264705998e-05 0.9999999993221975 3.0613284420031526e-05 -0.012014256790280342 0.0012680125985492707 -3.0639197771854424e-05 0.9999991956023211 0.6637172698974609
0.9999998107226014 -2.134848261413791e-05 -0.0006148975550911751 -0.002813662402331829 2.1351445618563953e-05 0.9999999997604793 4.812131986637411e-06 -0.010949183255434036 0.0006148974522121785 -4.825260027518104e-06 0.9999998109389019 0.6153773069381714
0.9999390182136941 0.00032774683769392276 -0.011038679080591229 -0.015008137561380863 -0.0003240602348350477 0.9999998911256333 0.0003357583747636296 -0.006379120517522097 0.01103878792250759 -0.00033216070268304415 0.9999390155556838 0.41563355922698975
0.9999940721419813 0.00011890499143400202 -0.0034411542396329564 -0.006085063796490431 -0.00011848144722539188 0.999999985381402 0.00012328561350046595 -0.00872081983834505 0.0034411688486029233 -0.00012287716974641587 0.9999940716115054 0.5244417786598206
0.9999813148283795 5.470688273553408e-05 -0.006112855409898796 -0.00858752615749836 -5.362376747656126e-05 0.9999999828356942 0.0001773502261332468 -0.010665112175047398 0.006112865007253901 -0.0001770191179767163 0.9999813005979836 0.6238867044448853
0.9998375468867885 0.00044009803803315344 -0.01801904961771196 -0.02280062809586525 -0.0004304626457657853 0.9999997623012382 0.000538608742383143 -0.010518437251448631 0.01801928237525697 -0.0005307647159435148 0.9998374986724077 0.6180963516235352
0.9999034316884585 0.000336385658107011 -0.01389295297383012 -0.018419908359646797 -0.00033087665479557125 0.9999998657280881 0.00039882884183180245 -0.008619114756584167 0.013893085268699194 -0.00039419347379873965 0.9999034087316743 0.5309502482414246
0.9999882670022933 7.740334811266764e-05 -0.00484353863118421 -0.0073980409651994705 -7.665143663945178e-05 0.9999999849837274 0.00015542555130862229 -0.011526974849402905 0.004843550588910368 -0.00015505246350648626 0.9999882579192748 0.6569234728813171
0.9998409624703358 0.00043334728300470024 -0.017828684094030794 -0.022627180442214012 -0.0004239343823153254 0.9999997687661544 0.000531739858742196 -0.00991911068558693 0.017828910399458657 -0.0005240970999697397 0.9998409149840778 0.5981656312942505
0.9999095399327836 0.0002662065380742886 -0.013447716738833717 -0.017140215262770653 -0.00026108129109567803 0.9999998926204658 0.00038287806953498364 -0.011200115084648132 0.013447817219469553 -0.0003793324871106142 0.9999095020645097 0.6495332717895508
0.9999430282782 0.00020010601468447315 -0.010672401576307729 -0.014328156597912312 -0.00019762918135025721 0.9999999532959798 0.00023313246277421109 -0.01048473920673132 0.010672447729071687 -0.00023101000282983248 0.9999430211236283 0.5988590717315674
0.9999752662771111 0.00010352887379864335 -0.007032504233417703 -0.009692592546343803 -0.00010223831709818428 0.9999999778691409 0.00018387235905743018 -0.012678956612944603 0.007032523113880597 -0.00018314881981164387 0.9999752547314171 0.6987534761428833
0.9999999873926049 -3.467972832327227e-05 -0.000154958402813213 -0.0021438729017972946 3.468059789166909e-05 0.999999999382898 5.608941173698405e-06 -0.013631032779812813 0.00015495820820103176 -5.614315153042167e-06 0.9999999879782165 0.7346612811088562
0.9999989656992937 -8.380595718894757e-05 0.0014358192450255104 -0.00036693376023322344 8.386351587394238e-05 0.9999999956823535 -4.002753615729964e-05 -0.011580436490476131 -0.001435815884280169 4.014790760683802e-05 0.9999989684099139 0.6543726921081543
0.9999393941171681 0.00021053150243254578 -0.011007441531839003 -0.015333916060626507 -0.0002080618125517107 0.999999952927727 0.00022551014541317155 -0.010901029221713543 0.011007488490683441 -0.0002232062499350499 0.9999393908513142 0.6116291880607605
0.9999500235638578 0.00026365270523078286 -0.009994041319293517 -0.013328652828931808 -0.0002608689765985916 0.9999999268180779 0.00027984141249555455 -0.009342150762677193 0.009994114368855802 -0.0002772202916880248 0.9999500191644043 0.5618209838867188
0.999999997074138 -6.27464729011473e-05 4.3756187915653184e-05 -0.0023552635684609413 6.274508638845711e-05 0.9999999975294658 3.16878896999495e-05 -0.012836450710892677 -4.375817611086438e-05 -3.168514412144431e-05 0.9999999985406367 0.7069656848907471
0.9999758970103396 8.968183569701605e-05 -0.006942431528983482 -0.009810397401452065 -8.848123415150782e-05 0.9999999810788458 0.00017324369795727637 -0.012151380069553852 0.006942446934437521 -0.000172625247356519 0.9999758860248013 0.6782068014144897
0.9999260138423274 0.00025308586156827924 -0.012161529054381075 -0.0160816702991724 -0.00024936602150736853 0.9999999216655655 0.00030738485700625574 -0.009510735049843788 0.012161605896475943 -0.0003043294426660218 0.9999259986247029 0.5643566846847534
0.9999903563794397 6.502576040928794e-05 -0.004391232147304564 -0.007422821596264839 -6.442375812535739e-05 0.9999999885083146 0.00013723319440610873 -0.011273120529949665 0.004391241020534726 -0.00013694897130352336 0.9999903490770691 0.641506016254425
0.9999998602717183 -4.9824205668477735e-05 0.0005262832815639599 -0.001993452664464712 4.981392312364468e-05 0.9999999985681631 1.955113199914312e-05 -0.013763350434601307 -0.0005262842549300299 -1.952491303236795e-05 0.9999998613218207 0.7539870142936707
0.9999996268450291 -5.978421205293102e-05 -0.0008618211245411833 -0.0026979302056133747 5.9852075721668094e-05 0.9999999951105305 7.871891860006174e-05 -0.01621473766863346 0.0008618164141788129 -7.877047100891054e-05 0.9999996255337705 0.8635290265083313
0.9999935338377862 6.6008384870258e-05 -0.0035955424499796106 -0.004865577910095453 -6.472780964354803e-05 0.9999999344404488 0.00035627153831935824 -0.020747210830450058 0.00359556573116628 -0.0003560365030225317 0.9999934725512369 1.113401174545288
0.9999999944370905 -7.818232440684272e-05 7.080496521822751e-05 -0.0017280158353969455 7.818600464759175e-05 0.9999999955927283 -5.197588003570754e-05 -0.020953193306922913 -7.08009013110565e-05 5.198141570391005e-05 0.9999999961425824 1.0428869724273682
0.9999981424335532 7.213449567873357e-06 -0.0019274536075441276 -0.0035951794125139713 -6.877431879357963e-06 0.9999999847793051 0.00017433901012877455 -0.019216176122426987 0.0019274548357926015 -0.00017432543035159246 0.9999981272624966 1.004798173904419
0.9999917316056648 2.4842124516344694e-05 -0.004066460767412899 -0.005364008713513613 -2.3580125706785775e-05 0.9999999515507202 0.00031039093893845776 -0.02029852196574211 0.004066468281166157 -0.00031029248484769925 0.999991683742566 1.0691708326339722
0.9999933428950645 2.1885890926132705e-05 -0.0036487924798947772 -0.005060780327767134 -2.1461513793309103e-05 0.9999999930015873 0.00011634529876545351 -0.021445119753479958 0.0036487950006795404 -0.00011626621563245471 0.9999933363664029 1.0838885307312012
0.9999978966500971 -4.710948043230098e-06 -0.0020510175983538084 -0.0037443479523062706 4.9345036541935765e-06 0.9999999940481574 0.00010899236564032374 -0.019438818097114563 0.002051017072689103 -0.00010900225714507595 0.9999978907215132 1.0088238716125488
0.9999978075843438 -5.202514544833818e-05 -0.0020933513536235114 -0.0037633655592799187 5.2172981317215084e-05 0.9999999961491337 7.056707613942097e-05 -0.017306987196207047 0.0020933476742998956 -7.06761378081214e-05 0.999997806447793 0.9048970937728882
0.9999994403325407 -5.21857399222102e-05 -0.0010566982796688998 -0.002916979603469372 5.2228068374522246e-05 0.9999999978349254 4.002971875848983e-05 -0.016210809350013733 0.0010566961884005768 -4.008488566516062e-05 0.9999994408930276 0.8559302687644958
0.9999989175621814 -4.1418538495979336e-05 -0.0014707681564180796 -0.0031799343414604664 4.1687748275255705e-05 0.9999999823847225 0.00018301007082967784 -0.01683402806520462 0.001470760550500427 -0.00018307118574533202 0.9999989016735688 0.907634973526001
0.9999963669267067 -2.914892482859127e-05 -0.0026954190263504155 -0.004291870165616274 2.9722888078517708e-05 0.9999999768949728 0.00021290045531779998 -0.017604224383831024 0.0026954127582533177 -0.00021297979747288658 0.9999963446881536 0.937407910823822
0.99999605099015 2.5286387650490993e-05 -0.002810225027276339 -0.004329154267907143 -2.4613172218635115e-05 0.9999999709945518 0.00023959358753735614 -0.020162168890237808 0.0028102310042208358 -0.0002395234728273495 0.9999960226071947 1.0498677492141724
0.9999723727385746 0.0002371903112626865 -0.00742950202510402 -0.010555540211498737 -0.00023802776899334402 0.9999999654176828 -0.00011183655042291001 -0.029757482931017876 0.007429475241628421 0.00011360188847706164 0.9999723946150937 1.6674973964691162
0.9999826043214907 0.00028739067033232805 -0.005891388716753938 -0.00746260117739439 -0.0002872577967228001 0.9999999584676974 2.34000376550758e-05 -0.0316908173263073 0.0058913951970235075 -2.170728325313134e-05 0.9999826453451213 1.7759463787078857
0.9999960598270417 -6.092837759431551e-06 -0.002807186005483572 -0.004396277945488691 6.604858056694565e-06 0.99999998334567 0.0001823870500394003 -0.019039012491703033 0.0028071848474770637 -0.00018240487246798273 0.9999960432130194 0.9953889846801758
0.9999976581278038 -1.604030128941516e-05 -0.0021641353045689093 -0.0038006333634257317 1.6302430670871047e-05 0.9999999925336968 0.00012110671752140332 -0.018660977482795715 0.002164133345822582 -0.00012114171457071392 0.9999976509230141 0.9688881635665894
0.9999928369012827 -2.6751119044365543e-05 -0.003784895045076091 -0.0051922923885285854 2.77255496171279e-05 0.9999999664882063 0.00025740023350419045 -0.01839463599026203 0.0037848880324931806 -0.0002575033280162759 0.9999928041314186 0.9775599837303162
0.9999872954489795 7.926323544161843e-05 -0.005040104956741995 -0.006289910525083542 -7.719584009504891e-05 0.9999999128136374 0.0004103821630973393 -0.022022616118192673 0.005040137045531591 -0.00040998787423990736 0.9999872143825166 1.1512939929962158
0.9999991884595769 -2.8525452534646036e-05 -0.0012736822546417072 -0.003076572436839342 2.8552381258454075e-05 0.9999999993692638 2.1124240594898408e-05 -0.01807672344148159 0.0012736816512598276 -2.1160590113059916e-05 0.9999991886433109 0.9368380904197693
0.9999999732050838 -4.7899339343914314e-05 -0.00022648506549885147 -0.0021840673871338367 4.7912717960751795e-05 0.9999999971078144 5.906557911243133e-05 -0.016130922362208366 0.00022648223564159718 -5.907642904483966e-05 0.9999999726078859 0.8581664562225342
0.9999990479688449 -9.245343493493864e-06 -0.0013798463418294644 -0.003147618845105171 9.466934798143158e-06 0.999999987061442 0.00016058484538216886 -0.017983805388212204 0.0013798448393141872 -0.0001605977554157426 0.9999990351178244 0.950904130935669
0.9999968610950772 -1.8066611745634122e-05 -0.002505488692892464 -0.004133060574531555 1.8140905222487937e-05 0.9999999993964981 2.962956703454208e-05 -0.0202752947807312 0.002505488156074513 -2.9674925863062034e-05 0.9999968608193219 1.0338594913482666
0.9999743596022881 0.0002188102441072239 -0.007157671414014235 -0.010724642314016819 -0.00022084042971443513 0.9999999356130882 -0.0002828485889020347 -0.027348581701517105 0.007157609062985093 0.00028442203978254867 0.9999743435391755 1.5800187587738037
0.9999708443262285 0.0003844241384765 -0.0076264484244710756 -0.010032720863819122 -0.0003874165091057719 0.9999998485551258 -0.0003908940693047131 -0.041110992431640625 0.0076262970003687265 0.0003938372845502331 0.9999708418180278 2.2902371883392334
0.9973350896419605 0.001966967402868837 -0.07293044637254643 -0.07471627742052078 -0.001723576572574453 0.9999927343265352 0.003400084989826572 -0.06200001761317253 0.07293660434007941 -0.0032653228593238497 0.9973312335497987 4.171672821044922
0.9987710412749312 0.0008684857726564616 -0.049554544121127475 -0.04994549974799156 -0.0007670057248270416 0.9999975699659877 0.002066824699402096 -0.04047124832868576 0.04955621870974579 -0.0020262760381224783 0.9987692803608897 2.7453420162200928
0.9993045069278845 0.0017058165508319712 -0.03725040434025671 -0.033265121281147 -0.001605021191161087 0.9999949701243953 0.0027356229428831483 -0.07031942158937454 0.03725488344624946 -0.002673932647733022 0.9993022184222358 4.185051441192627
0.9998166729435511 0.0011450938584012574 -0.019113065273356156 -0.016974205151200294 -0.0011159206128155672 0.9999981962567108 0.0015369464892926329 -0.05597640201449394 0.01911479074627851 -0.001515336061904204 0.9998161473647771 3.2718870639801025
0.9998558580374431 0.0008735057658359364 -0.01695582896485952 -0.016396857798099518 -0.0008594108185623289 0.9999992791289298 0.0008385431806411928 -0.05346415191888809 0.016956549214196138 -0.0008238502885313538 0.9998558879705859 3.069758653640747
0.9994918708299005 0.0011909960494479747 -0.031852498698773574 -0.030091632157564163 -0.0011334786565524232 0.9999976946009238 0.001823737638067164 -0.05495329946279526 0.03185459733037467 -0.0017867068163417302 0.9994909165708671 3.2421557903289795
0.9994523121100624 0.0010708357270783472 -0.03307459944875925 -0.03080177865922451 -0.0010193511314374208 0.9999982425985091 0.0015734430919875546 -0.054848603904247284 0.033076226222486294 -0.0015388667058906349 0.9994516472286892 3.296152353286743
0.9996779494669992 0.0007525180813999069 -0.02536594303377804 -0.024508314207196236 -0.0007255266535501752 0.9999991608531839 0.0010732679083055884 -0.0455947145819664 0.025366729401534897 -0.0010545185940402245 0.9996776565623561 2.5888030529022217
0.9995722656881975 0.0008491935108222895 -0.02923293583177493 -0.03153331205248833 -0.0008227278433915102 0.9999992407905745 0.0009173533509353099 -0.045229505747556686 0.029233692648367254 -0.0008929102171781892 0.9995722054586577 2.695361852645874
0.9995420063050027 0.0008163310021258266 -0.030250805534145133 -0.028533445671200752 -0.0007682161283992163 0.9999984215263513 0.0016021200909222839 -0.04235861450433731 0.030252065644345096 -0.0015781471733136146 0.9995410556729271 2.58595871925354
0.999983766117545 0.00035718162808305674 -0.005686820082953055 -0.007217119447886944 -0.0003551025821286264 0.9999998697548445 0.00036659575939121283 -0.030238034203648567 0.005686950283542475 -0.00036457040362318873 0.9999837627106221 1.6054110527038574
0.9999241199791276 0.0005180440314688934 -0.012307961421325035 -0.012288758531212807 -0.0005112088252469026 0.9999997133783263 0.0005584879607896449 -0.04137413948774338 0.012308247214951265 -0.0005521536442121433 0.9999240982078834 2.135707139968872
0.9999760150656498 0.0003054069366236526 -0.006919249961256816 -0.007907506078481674 -0.00030252894138683094 0.9999998673006251 0.0004169831791690608 -0.030111346393823624 0.006919376392632045 -0.0004148799044889134 0.9999759747638949 1.6588013172149658
0.999466659422822 0.0009803837202821222 -0.03264101024701302 -0.03108849562704563 -0.0009339397280285235 0.9999985298280586 0.0014380884206503092 -0.05340885743498802 0.03264237213759155 -0.001406836693509335 0.9994661056542881 3.092379331588745
0.9999627036970004 0.00020450079925430004 -0.008634199117934779 -0.009213501587510109 -0.00019982005137634645 0.9999998326242838 0.0005429763820166303 -0.022812437266111374 0.008634308711883615 -0.0005412308448936255 0.9999625771908869 1.316929578781128
0.9999986080461154 -4.049889984367402e-05 -0.0016680124911940802 -0.003369191661477089 4.0753097203832265e-05 0.9999999875625561 0.00015236165122909151 -0.017197594046592712 0.001668006299969015 -0.00015242941582389004 0.9999985972591444 0.9066555500030518
0.9999953358026765 3.0667846561623295e-05 -0.003054084539671982 -0.0045202262699604034 -2.9838326693067606e-05 0.9999999626565672 0.00027165518320774025 -0.02017984911799431 0.003054092756701457 -0.0002715627873821188 0.999995299374495 1.053166151046753
0.9999974923447226 3.1938922079851e-05 -0.002239259737546462 -0.0038929968141019344 -3.178209504145662e-05 0.9999999970399933 7.007076479892433e-05 -0.021820008754730225 0.0022392619689029346 -6.999942071979997e-05 0.999997490399809 1.1195605993270874
0.9999967978839844 5.504578977175377e-05 -0.002530057655220436 -0.004159699659794569 -5.452320545038184e-05 0.9999999771679311 0.00020661887017215356 -0.02166610211133957 0.0025300689709528757 -0.00020648026170122334 0.9999967780532615 1.1243481636047363
0.9999955927359258 2.0870431483934277e-05 -0.002968850476081069 -0.0045629339292645454 -2.0602197435430476e-05 0.9999999957035007 9.038001755912341e-05 -0.021809054538607597 0.0029688523495953693 -9.031845438685452e-05 0.9999955888694223 1.1162817478179932
0.9999915050426096 0.00013689843590579477 -0.004119599669185785 -0.00510065583512187 -0.00013666827079927778 0.9999999890843565 5.615220455759946e-05 -0.029200371354818344 0.0041196073113666815 -5.558870898384149e-05 0.9999915128367316 1.4639489650726318
0.9999984349771716 6.324327761724703e-06 -0.00176918150863844 -0.0035100802779197693 -6.249127087150282e-06 0.9999999990768631 4.251143729205636e-05 -0.020481539890170097 0.0017691817758615062 -4.2500314920598804e-05 0.9999984340935576 1.0495951175689697
0.9999970195795262 7.650693166263913e-06 -0.002441469543411532 -0.004078766796737909 -7.3669232286235904e-06 0.9999999932172133 0.00011623812512507216 -0.02049894630908966 0.002441470416153794 -0.00011621979256789287 0.9999970128531219 1.0547491312026978
0.9999961915539486 -2.2154281576364715e-06 -0.0027598682378816414 -0.0043043289333581924 2.7100314392646285e-06 0.9999999839384099 0.0001792089163584675 -0.019377779215574265 0.002759867796529289 -0.00017921571318067048 0.9999961754984236 1.0044121742248535
0.9999951238532231 6.778370817319673e-06 -0.0031228550768113744 -0.004618562757968903 -6.254698453926903e-06 0.9999999859187959 0.00016769999051880014 -0.020310085266828537 0.0031228561695705362 -0.0001676796402722111 0.9999951098144843 1.0452077388763428
0.9999964366911511 -1.892612083538766e-05 -0.0026695031002816946 -0.0042297132313251495 1.9337506410574124e-05 0.9999999879427152 0.00015407994762507777 -0.018975675106048584 0.0026695001519590287 -0.00015413102012395175 0.9999964249998933 0.9849509000778198
0.9999973070034585 -4.1810145610057365e-05 -0.0023203960313754315 -0.003885074518620968 4.214754096261214e-05 0.9999999885476815 0.00014535550123136022 -0.017695913091301918 0.0023203899274668455 -0.00014545290877628002 0.9999972973133656 0.9279192686080933
0.999998966016062 -2.3494262536313807e-05 -0.0014378507665365465 -0.003171870019286871 2.3692652705342993e-05 0.9999999902028475 0.00013796000669911778 -0.017586201429367065 0.001437847511181086 -0.0001379939305495404 0.9999989567755608 0.9297313690185547
0.9999999825393864 5.16402032687281e-06 -0.00018680085574335437 -0.002126611303538084 -5.158440062219322e-06 0.9999999995404891 2.987326973362545e-05 -0.019124580547213554 0.00018680100992368948 -2.987230561100191e-05 0.9999999821065139 0.9931789040565491
0.9999994846289467 1.1354708872929973e-05 -0.0010151910714831652 -0.0029123304411768913 -1.126352553442571e-05 0.9999999959023402 8.982456547645014e-05 -0.019426174461841583 0.001015192087255048 -8.981308455291324e-05 0.9999994806591831 1.0132843255996704
0.9999984283772756 -2.3607875723412313e-05 -0.0017727621517834057 -0.003521753940731287 2.3690394788097492e-05 0.999999998636987 4.652731581461435e-05 -0.018973052501678467 0.0017727610509560186 -4.656924012646866e-05 0.9999984275735446 0.9823325872421265
0.9999936299799757 6.455142457301588e-05 -0.0035687298280397 -0.0050306161865592 -6.329889783915722e-05 0.9999999363664486 0.00035108453198802686 -0.021610602736473083 0.003568752263955432 -0.00035085639890772714 0.9999935704328634 1.1313753128051758
0.9999989730240246 -7.660501418320196e-06 -0.001433140681499884 -0.0032344521023333073 7.804957952783669e-06 0.999999994890067 0.00010079161101800674 -0.018696850165724754 0.0014331399020623516 -0.00010080269311020324 0.9999989679738867 0.9630789160728455
0.997218375015403 0.0012740310812265115 -0.07452442134255724 -0.07797490060329437 -0.0010564603274131736 0.9999950646735891 0.0029588038192541327 -0.04553986340761185 0.07452782314824133 -0.002871841442054139 0.9972147993805126 3.1144847869873047
0.999550638636552 0.0007242377441955045 -0.02996658607434239 -0.03082645870745182 -0.0007319650980969201 0.9999997016344968 -0.00024689676482141207 -0.05908514931797981 0.029966398321390857 0.0002687203140700769 0.9995508705218742 3.4851670265197754
0.9991294391103195 0.0009563737786595898 -0.041706705123921294 -0.03888646513223648 -0.000866726896958423 0.9999972753847732 0.0021674887579955105 -0.046957820653915405 0.041708664418611145 -0.002129453503939561 0.9991275457819138 2.877161741256714
0.9999668647043491 0.000259818426976305 -0.008136460393707598 -0.008383339270949364 -0.000257459848416615 0.999999924538882 0.00029092379820679185 -0.03350247070193291 0.008136535367084823 -0.0002888193465011147 0.9999668561385446 1.7031867504119873
0.9999948846607637 -1.636017292359772e-05 -0.0031984972487994756 -0.004633489064872265 1.6972686887170965e-05 0.9999999815249142 0.0001914734943128474 -0.019261503592133522 0.0031984940571674874 -0.00019152680195328259 0.9999948664634486 0.9966915249824524
0.9999955410488909 -1.1483216585070653e-05 -0.0029862602820467585 -0.00446746964007616 1.196691903616428e-05 0.9999999868131725 0.00016195816738466724 -0.019503146409988403 0.0029862583828667447 -0.00016199318155613328 0.9999955279995407 1.003777265548706
0.9999964610102259 -1.0657663582477072e-05 -0.002660423544825676 -0.004199834540486336 1.1089434441552523e-05 0.9999999867712213 0.00016227933161541946 -0.01922118477523327 0.002660421780112999 -0.00016230825990301144 0.9999964478996816 0.9953161478042603
0.9999975240334859 -2.6864801054938825e-05 -0.0022251303736844593 -0.0038514486514031887 2.7081437636792257e-05 0.9999999948968327 9.732897846235307e-05 -0.01871689409017563 0.002225127747605604 -9.738899720851022e-05 0.9999975196578688 0.9674929976463318
0.9999986217702528 -2.8280112815752068e-05 -0.0016600174185838847 -0.0033857757225632668 2.8519024986935246e-05 0.9999999892400168 0.00014389798988488658 -0.017554515972733498 0.0016600133312707375 -0.0001439451336386357 0.9999986118168056 0.928282618522644
0.9999965394018435 1.842248910019627e-05 -0.00263074988340186 -0.004209089558571577 -1.7905765972816613e-05 0.9999999805453379 0.0001964400861129427 -0.020260542631149292 0.0026307534511368553 -0.00019639230072099765 0.9999965202771175 1.0481138229370117
0.9999926710782346 1.904321322981417e-05 -0.0038285019490278778 -0.0052019692957401276 -1.8167714522111025e-05 0.999999973679958 0.00022871383321763754 -0.02108135260641575 0.0038285062037078403 -0.00022864260186138992 0.9999926451043571 1.0774643421173096
0.9999896655014672 3.3388811936076286e-06 -0.004546303896100597 -0.005726139061152935 -2.015939881926272e-06 0.9999999576582627 0.00029099726597023003 -0.020487502217292786 0.004546304675207491 -0.0002909850935840723 0.9999896231668984 1.0557092428207397
0.9999935956576788 -1.4147746645062136e-05 -0.003578888580032057 -0.004900417756289244 1.479839062756828e-05 0.9999999833695823 0.00018177415398158947 -0.01980706676840782 0.0035788859488189674 -0.00018182595162890208 0.9999935792367314 1.0116543769836426
0.9999952110897047 -8.775665361556858e-06 -0.0030947892730249374 -0.00463203527033329 9.185189653733933e-06 0.9999999912044711 0.00013231284788387516 -0.019348282366991043 0.0030947880846713535 -0.00013234064047592682 0.9999952023748242 0.9894450902938843
0.9999938904079876 -1.4484285159126227e-05 -0.003495559597980714 -0.005018098745495081 1.5012977742413577e-05 0.9999999884534525 0.0001512207166106673 -0.018854979425668716 0.0034955573672950883 -0.00015127227147222676 0.999993879078963 0.9724475145339966
0.9999950082632615 4.4182924239176184e-05 -0.003159350633974529 -0.0048598553985357285 -4.3713551170625375e-05 0.9999999879983497 0.00014863520996129343 -0.019893314689397812 0.0031593571631953294 -0.00014849636157785104 0.9999949981930638 1.0294984579086304
0.999314942334259 0.0007654269619090916 -0.037000812815969446 -0.04359624162316322 -0.0007685489581825488 0.9999997022054723 -7.015315774353383e-05 -0.04298454523086548 0.03700074810021147 9.85420349266665e-05 0.9993152330118319 2.7067320346832275
0.9983259416110377 0.0009724262306630458 -0.057830516975560714 -0.06303991377353668 -0.0009214166784301563 0.999999162617204 0.0009087112827014412 -0.048100750893354416 0.05783135220396812 -0.0008539040440919705 0.998326001639817 3.2195422649383545
0.9989209770344034 0.0010388309479548899 -0.046430619971037 -0.04389919340610504 -0.0009422227866760578 0.9999973457742316 0.0021025367327291477 -0.04880937561392784 0.04643268091391619 -0.0020565200591723147 0.9989193044827961 2.996225118637085
0.999993699245628 -4.228927911661909e-06 -0.0035498522731397596 -0.004899272229522467 4.981496380628862e-06 0.9999999775174737 0.0002119911249696133 -0.020078659057617188 0.0035498512968349266 -0.00021200747284185617 0.9999936767843095 1.0271823406219482
0.9999966086168423 -1.2140192273418528e-05 -0.0026043439537452267 -0.004105087369680405 1.2439828311006535e-05 0.9999999933059571 0.00011503623789780806 -0.019478432834148407 0.002604342539749591 -0.00011506824535749573 0.9999966020738442 0.9927672743797302
0.9999980186652062 -2.0051584870980834e-05 -0.001990543542893933 -0.0037315362133085728 2.0194322076832245e-05 0.9999999972265402 7.168758013866224e-05 -0.01868119090795517 0.001990542099923643 -7.172763577897858e-05 0.99999801629668 0.9562756419181824
0.9999964135640196 -2.9906723679240544e-05 -0.0026780524054289333 -0.004284479655325413 3.0268906848536716e-05 0.9999999904022648 0.0001352008265791884 -0.017837807536125183 0.002678048336311934 -0.0001352814034088748 0.9999964048715627 0.9268214702606201
0.9999991801790014 -4.198630912747277e-05 -0.0012797962631936667 -0.003074140287935734 4.202537245165471e-05 0.9999999986519249 3.0496203671058833e-05 -0.01756288856267929 0.0012797949810453707 -3.054996258425363e-05 0.9999991805954176 0.9021766185760498
0.999999756824294 -2.1267482459092894e-05 -0.0006970645933828244 -0.0025835009291768074 2.1327146415206535e-05 0.9999999961101093 8.558583116152516e-05 -0.01775275729596615 0.0006970627704761563 -8.560067674777416e-05 0.9999997533879788 0.9209281206130981
0.9999986476178155 -7.44497022857441e-06 -0.0016445993773919747 -0.003377429209649563 7.5832789213477095e-06 0.999999996435473 8.409249433080691e-05 -0.019352469593286514 0.001644598745463639 -8.410485206140837e-05 0.9999986441097508 0.9870836734771729
0.9999988022985556 -7.586415586103572e-06 -0.0015476898592632468 -0.003303131088614464 7.724508454522637e-06 0.9999999959901333 8.921919747563573e-05 -0.01925339177250862 0.0015476891762033066 -8.92310457610769e-05 0.9999987983472952 0.9848248958587646
0.9999987508228257 -8.348745729941701e-06 -0.0015805958012049916 -0.0033163074404001236 8.482016327948743e-06 0.9999999964099398 8.431000027759172e-05 -0.01923748292028904 0.0015805950916478026 -8.43233015988575e-05 0.9999987473035841 0.9829913377761841
0.9999987431568511 5.97675941340936e-06 -0.001585449146737028 -0.0033294553868472576 -5.810543726618416e-06 0.9999999944871106 0.0001048428182801726 -0.01979534700512886 0.0015854497646169232 -0.00010483347418760126 0.9999987376786967 1.0150024890899658
0.9999968769843631 5.966173376602835e-06 -0.0024991970561313477 -0.004078853875398636 -5.633412196895461e-06 0.9999999911191046 0.00013315425413949528 -0.02032839134335518 0.0024991978283576063 -0.000133139759289499 0.9999968681371054 1.035627007484436
0.9999975284619275 1.4069591347244366e-05 -0.0022232570889179717 -0.003851762507110834 -1.378440580494858e-05 0.9999999916759577 0.00012828902931890745 -0.020543653517961502 0.0022232588753857024 -0.00012825806596976482 0.9999975203318465 1.048971176147461
0.9999982394768618 1.158442954394673e-05 -0.001876408531700097 -0.0035711675882339478 -1.1389899262909494e-05 0.99999999456013 0.00010368225624319085 -0.020373649895191193 0.0018764097225924708 -0.00010366070160402758 0.999998234168947 1.0411525964736938
0.9999990792112832 -3.0853332595495826e-05 -0.0013566962288596588 -0.003187811002135277 3.087865131782658e-05 0.999999999349509 1.8641099716260866e-05 -0.01848399080336094 0.0013566956528370906 -1.8682975501541746e-05 0.9999990795135022 0.9517827033996582
0.9999999668918715 -6.824543313140003e-05 -0.0002481104929464494 -0.0022280048578977585 6.824602795212339e-05 0.9999999976683863 2.3889370419120805e-06 -0.015382494777441025 0.00024811032933390846 -2.4058695184556845e-06 0.9999999692177377 0.8126344680786133
0.9999998712853542 -6.945506323820338e-05 -0.000502598517171518 -0.002332378178834915 6.951132636527628e-05 0.9999999913201635 0.00011192787261359991 -0.015412994660437107 0.0005025907388515746 -0.00011196279449640123 0.9999998674334323 0.8282430171966553
0.9999993892081459 -3.5916738278250464e-05 -0.0011046688748959246 -0.0028988970443606377 3.601462880583959e-05 0.9999999954268918 8.859550279949577e-05 -0.017205383628606796 0.0011046656877826677 -8.86352329255671e-05 0.9999993859285683 0.9049004912376404
0.9999996873815796 -3.259863294971881e-05 -0.0007900468794317598 -0.002705144230276346 3.26265607377271e-05 0.9999999988434135 3.5336670233582096e-05 -0.017735369503498077 0.0007900457265908598 -3.53624356991855e-05 0.9999996872885749 0.9245166778564453
0.9999994172380483 -3.0079601589063888e-05 -0.00107917504668367 -0.0028885100036859512 3.016361648910629e-05 0.9999999965159463 7.783484884260756e-05 -0.017542356625199318 0.0010791727016825233 -7.78673553056519e-05 0.9999994146613063 0.9180938601493835
0.9999980379087121 -3.226280151000557e-05 -0.0019806912524324457 -0.003647316712886095 3.249473503882906e-05 0.999999992619916 0.0001170651958019172 -0.01804875023663044 0.001980687460963602 -0.00011712932814675794 0.9999980315770138 0.9408408403396606
0.9999990510840774 -3.125236952050606e-05 -0.0013772633133635297 -0.003141511231660843 3.1347545114733615e-05 0.9999999971224124 6.908333145237689e-05 -0.017794838175177574 0.0013772611503825314 -6.912643972195422e-05 0.9999990491861775 0.9259294867515564
0.9999870024713244 0.0002487001316968204 -0.005092448984558139 -0.00881251972168684 -0.0002517232535960696 0.9999997924839251 -0.0005930156075151058 -0.02770828641951084 0.005092300444733426 0.0005942897876049069 0.9999868575615528 1.6460003852844238
0.9997901329133406 0.00045214335495668553 -0.020481349943576685 -0.02046406827867031 -0.00043108283084565 0.9999993738680639 0.0010326814963724142 -0.029805107042193413 0.020481804039625767 -0.001023635612202106 0.9997897018240465 1.7938287258148193
