0.9999842975232472 -4.64384778424111e-06 -0.005603988345121099 -0.0068109044805169106 6.4247564591032775e-06 0.999999949488849 0.00031777511214664057 -0.016431529074907303 0.005603986586357947 -0.0003178061265506466 0.999984247042725 0.9129980206489563
0.9998814531773382 0.00022240968371393764 -0.015395782731214986 -0.01801401749253273 -0.0002140359825195881 0.9999998282865952 0.00054554136258752 -0.014631680212914944 0.015395901421234618 -0.000542181438908821 0.9998813290879647 0.8403432369232178
0.9997010744917951 0.0005735224975200791 -0.0244424371103798 -0.02908862754702568 -0.0005551816543181796 0.9999995592498351 0.0007571482457478884 -0.011171235702931881 0.02444286057892451 -0.0007433519221532333 0.9997009522825507 0.6869983077049255
0.999927745057402 0.00012819614704488375 -0.012020325709691205 -0.014546331949532032 -0.00012257140978358082 0.9999998826618437 0.00046867104479868406 -0.014604287222027779 0.012020384381070523 -0.00046716383273095015 0.9999276434409066 0.8393217325210571
0.99996736655108 7.915488059987134e-05 -0.00807833939635298 -0.010153228417038918 -7.670349354129529e-05 0.9999999509228447 0.00030376122529909746 -0.01504924800246954 0.008078363044074584 -0.00030313167566895524 0.9999673235469823 0.8330410718917847
0.9999730620381545 1.06534221247968e-05 -0.007339964886932106 -0.009470618329942226 -8.263418885549874e-06 0.9999999469434164 0.000325645328076555 -0.015288246795535088 0.007339967966735791 -0.0003255759026506663 0.999973009071034 0.8616931438446045
0.9999705316728513 1.968412173179806e-05 -0.007676939393437674 -0.008801487274467945 -1.643367211099066e-05 0.9999999102027232 0.0004234672125758632 -0.017905760556459427 0.007676947039649584 -0.00042332857340069856 0.9999704422017031 0.9906865358352661
0.9999644434272968 8.690453819972756e-06 -0.008432781605863684 -0.009629408828914165 -5.197050555351155e-06 0.9999999141698527 0.0004142864681323347 -0.017574192956089973 0.008432784482414217 -0.00041422791193308274 0.9999643576453662 0.9710203409194946
0.9997906137634788 0.0003808981429606381 -0.020459314432570957 -0.02414884604513645 -0.0003670369143894996 0.9999997005891594 0.0006812528860734756 -0.014390205964446068 0.02045956779478962 -0.0006736009174556861 0.9997904542190099 0.8184541463851929
0.9995954428731806 0.0005699935092446037 -0.028436344606319594 -0.033647891134023666 -0.0005444975989817489 0.9999994428535854 0.0009043311801582261 -0.011661181226372719 0.02843684422601505 -0.0008884818051723295 0.9995951963122608 0.7343315482139587
0.9997288749017972 0.00037618021623596267 -0.023281648911358303 -0.02717338688671589 -0.0003569073840819033 0.9999995902281852 0.0008319618867767696 -0.014284125529229641 0.023281952338797242 -0.0008234269286184501 0.9997285995025786 0.8569639921188354
0.9996582186827379 0.0004808002973321617 -0.02613837506673447 -0.030066784471273422 -0.000456317257576423 0.9999994516143449 0.0009426269514547443 -0.013723861426115036 0.026138813948143075 -0.0009303773875456333 0.9996578898819839 0.8414513468742371
0.9999375845260139 9.083813553336463e-05 -0.01117223347024655 -0.012500984594225883 -8.412591833542241e-05 0.9999998157027679 0.0006012630539526701 -0.017490869387984276 0.011172286028849631 -0.0006002856514336252 0.9999374078821265 0.9959611892700195
0.9999684178448409 -1.462938586469044e-06 -0.007947534884843418 -0.008600789122283459 5.2651809853692115e-06 0.9999998855543218 0.0004783969288156518 -0.018887124955654144 0.007947533275417069 -0.00047842366521917446 0.9999683034104796 1.0367528200149536
0.9999403371113768 7.782627116989292e-05 -0.01092319370231073 -0.011749050579965115 -7.098058215473725e-05 0.9999998008551665 0.0006270975879128013 -0.019462957978248596 0.010923240331680064 -0.0006262848388112785 0.9999401435025785 1.0841946601867676
0.9999092537440184 6.99319220402074e-05 -0.013471428528800915 -0.014475652016699314 -6.053379157952618e-05 0.999999754537333 0.0006980407823748709 -0.01961127296090126 0.013471474037401713 -0.000697161961140507 0.9999090125368706 1.100289225578308
0.9999372595673275 9.571710985150336e-05 -0.011201239539369977 -0.011510014533996582 -8.824054280123717e-05 0.9999997730154375 0.0006679690714136215 -0.022308092564344406 0.011201300932930505 -0.0006669387592880682 0.9999370410431356 1.2208064794540405
0.9999559974054999 2.6433814969401848e-05 -0.009380967648684213 -0.01049632579088211 -2.2337720012667814e-05 0.9999999043781268 0.00043674336168226385 -0.018596066161990166 0.009380978296451724 -0.0004365145944124349 0.9999559023783052 1.0065945386886597
0.9999637156727607 8.7306259620452e-05 -0.008518199078646043 -0.009668809361755848 -8.293209490172016e-05 0.9999998645350598 0.0005138600291741963 -0.017934471368789673 0.00851824278792583 -0.0005131349520143604 0.9999635874532268 1.0174849033355713
0.9999822026576072 5.350733082183983e-05 -0.005965861631434043 -0.00673165637999773 -5.0986460355279175e-05 0.9999999093623053 0.0004227005579520475 -0.019544247537851334 0.005965883708280693 -0.0004223888568379318 0.9999821147496751 1.0828266143798828
0.999977646962601 0.00010795516747122011 -0.006685351211514708 -0.006966130807995796 -0.00010466081484098777 0.9999998729395283 0.0004931197024964142 -0.021639853715896606 0.006685403596890896 -0.0004924089854679668 0.9999775312036454 1.1891820430755615
0.9999797324278277 1.8484439524696106e-05 -0.0063666625397792755 -0.007214994169771671 -1.6310242312867367e-05 0.9999999415391546 0.0003415489177633389 -0.020587310194969177 0.006366668480919116 -0.00034143815358724975 0.999979674269653 1.0973880290985107
0.9999746071183447 6.077841438158002e-05 -0.007126108650335171 -0.007870957255363464 -5.73783555336292e-05 0.9999998844316643 0.00047733047481984174 -0.018522163853049278 0.00712613683817205 -0.000476909469627874 0.9999744950403092 1.0315088033676147
0.9999705794241339 5.893089372572179e-05 -0.007670515843934555 -0.008481760509312153 -5.531637900991638e-05 0.9999998873454312 0.00047143315916044117 -0.019870217889547348 0.007670542761793299 -0.00047099498416379156 0.9999704700327229 1.090809941291809
0.999986582026401 2.6098918578916144e-05 -0.005180259260176245 -0.006245076190680265 -2.435388381790704e-05 0.9999999429441369 0.00033692523173511923 -0.01764899305999279 0.0051802677579962705 -0.000336794551449086 0.9999865256069134 0.9768783450126648
0.9999930003649807 4.6053913091590884e-05 -0.003741269848713033 -0.004941849038004875 -4.5057433817519036e-05 0.9999999634919813 0.0002664317246908129 -0.018944712355732918 0.003741281982350177 -0.00026626128774738067 0.9999929659322886 1.0433251857757568
0.9999918414540365 7.527625587181819e-05 -0.004038732332108854 -0.005178045481443405 -7.407564243275128e-05 0.9999999530260038 0.00029742358586727397 -0.01955876313149929 0.0040387545313274095 -0.0002971219876311632 0.9999918000565605 1.0661449432373047
0.9999942992923418 -1.7012922957836808e-05 -0.0033765505147280526 -0.005064490716904402 1.7647450733091176e-05 0.9999999821925457 0.00018789219130185857 -0.015356307849287987 0.003376547258004909 -0.00018795070769226117 0.999994281785224 0.8513576984405518
0.9999962796028925 1.68533263467167e-05 -0.0027277273213020445 -0.004727573599666357 -1.6626979410850506e-05 0.9999999964170478 8.300270070234206e-05 -0.013352067209780216 0.0027277287104003297 -8.295703803332474e-05 0.9999962763001734 0.7315524220466614
0.9999999981491122 -4.8365391417737464e-05 3.691293386886156e-05 -0.001394054968841374 4.836383546186998e-05 0.9999999979420835 4.215177956631484e-05 -0.014603297226130962 -3.691497248021551e-05 -4.2149994237236566e-05 0.9999999984303315 0.8023492693901062
0.9999929755977145 -2.2769528243631507e-05 -0.0037480977545196257 -0.004764158744364977 2.376506417908664e-05 0.9999999644547843 0.00026556666197714027 -0.017677078023552895 0.0037480915744650717 -0.0002656538703137586 0.9999929405938678 0.975062370300293
0.9999985224038058 0.00015310254215691223 -0.001712235327415805 -0.0027430355548858643 -0.00015265708882806223 0.9999999544733466 0.0002602866072210489 -0.022053856402635574 0.0017122751000047157 -0.0002600248377620768 0.9999985002494082 1.2135779857635498
0.9999862075102978 3.575882054224399e-05 -0.005252000616728507 -0.006258915178477764 -3.402543021889038e-05 0.9999999449273017 0.0003301327962323856 -0.019567124545574188 0.005252012132646079 -0.0003299495412986992 0.9999861536550685 1.0756909847259521
0.9999372495754103 9.918930916394367e-05 -0.01120210127807489 -0.013299687765538692 -9.446469151213344e-05 0.9999999063737575 0.0004222900639050455 -0.0159402247518301 0.011202142115923948 -0.00042120536198271454 0.9999371653249305 0.8951876759529114
0.9998515698150306 0.0002308782332795532 -0.017227450004578784 -0.02008436806499958 -0.00021968761175262502 0.9999997636617514 0.0006514704864292666 -0.015195239335298538 0.017227596343428363 -0.0006475891311963702 0.9998513842329494 0.8896375298500061
0.9998181221396363 0.0002958934826801543 -0.01906921834313674 -0.02239067293703556 -0.0002830874010366992 0.9999997326217411 0.0006742536388962664 -0.014416566118597984 0.019069412751699766 -0.0006687327516265216 0.9998179385737247 0.8456445932388306
0.9998766171382069 0.00019313907796268809 -0.015707106593894897 -0.018123704940080643 -0.00018358941054272805 0.9999997974489342 0.000609423513431951 -0.015430526807904243 0.015707221115899193 -0.0006064646625739149 0.9998764500704219 0.8919768333435059
0.9999182144299713 0.00014300583736956098 -0.012788432292840992 -0.015030846931040287 -0.0001360817665193741 0.9999998436957448 0.0005423008750254402 -0.015600345097482204 0.012788507846145344 -0.000540516250181826 0.9999180775989864 0.8920928835868835
0.9999019901749956 0.00021892923769223322 -0.013998646865740786 -0.016879528760910034 -0.00021207653979515677 0.9999998569671721 0.0004910083262677959 -0.014198767021298409 0.013998752359553309 -0.0004879914180385621 0.9999018935859415 0.8073943257331848
0.999913360460936 0.000149834831153153 -0.013162413199786636 -0.015653055161237717 -0.00014324643678973964 0.9999998639953981 0.0005014874316929812 -0.015088464133441448 0.013162486549922518 -0.0004995585142626292 0.999913245931423 0.8626584410667419
0.9999301404665245 0.00013623542141951255 -0.011819290440063362 -0.014469345100224018 -0.00013073671760246918 0.9999998828746978 0.0004660026838716702 -0.014293473213911057 0.011819352541797416 -0.0004644249139050525 0.9999300411603764 0.8269287347793579
0.9999403390247146 9.188135813259217e-05 -0.010922909363114117 -0.013143518008291721 -8.684805341121926e-05 0.9999998898409234 0.00046127600915467224 -0.015286130830645561 0.010922950542522705 -0.00046029985556231664 0.9999402368519272 0.8706842064857483
0.9999499233450626 7.903961685428472e-05 -0.010007225136989376 -0.01194847747683525 -7.495058874945139e-05 0.9999999135580793 0.0004089819596582466 -0.015242524445056915 0.010007256597723006 -0.00040821143179401153 0.9999498428315364 0.8575690388679504
0.9999113026166505 0.00024125625888842404 -0.013316482076381437 -0.016316993162035942 -0.00023540047504945523 0.9999998749181511 0.0004413052212032033 -0.013351520523428917 0.013316586878377935 -0.0004381313723780564 0.9999112343377341 0.7565531134605408
0.9999691109730312 5.390535996341262e-05 -0.007859656100473657 -0.009961999021470547 -5.0624026517577984e-05 0.9999999114865228 0.0004176890641826324 -0.014514012262225151 0.007859677920467524 -0.00041727827473501494 0.9999690251911946 0.8400760293006897
0.9999912342282637 2.0139739047352086e-05 -0.004187010989294167 -0.006014999467879534 -1.954191038052966e-05 0.9999999896099104 0.00014282259087054167 -0.015602014027535915 0.004187013822200459 -0.00014273951672679627 0.9999912242318344 0.8349729180335999
0.9999947204693548 7.230202852794232e-05 -0.0032486621606270935 -0.005522552877664566 -7.191976734399172e-05 0.9999999904772465 0.00011778393047125531 -0.012481898069381714 0.003248670645707985 -0.00011754966560061332 0.9999947161465965 0.6965429782867432
0.999997464506153 -1.2606132265551224e-05 -0.002251848651713368 -0.004294566344469786 1.2846348507089332e-05 0.9999999942292335 0.00010666069509813969 -0.013118352741003036 0.002251847294139646 -0.00010668935269316872 0.9999974588973441 0.7394430041313171
0.9999861004401699 4.818855043642511e-05 -0.005272248507603795 -0.007813237607479095 -4.728303096102621e-05 0.9999999841113818 0.0001718765573664246 -0.012925265356898308 0.005272256706317205 -0.00017162488046851287 0.9999860868302733 0.7204708456993103
0.9999939671933207 -1.6761834971918468e-05 -0.0034735134956445455 -0.005342667456716299 1.7560576347657846e-05 0.9999999734138347 0.0002299216291548664 -0.014702148735523224 0.003473509549388738 -0.00022998123898106126 0.9999939409016635 0.8200023174285889
0.9999970702107496 -6.172673434332787e-05 -0.002419867708604269 -0.00414723576977849 6.203153312812593e-05 0.9999999901529122 0.0001258819447958105 -0.01424320973455906 0.0024198599144942545 -0.0001260316840921738 0.9999970641926947 0.7882217168807983
0.9999983162541739 -7.025772988335342e-05 -0.0018337264432620579 -0.0035658706910908222 7.047394505274789e-05 0.9999999905728816 0.00011784591551570733 -0.014547090046107769 0.0018337181463888013 -0.00011797494702974318 0.9999983117784107 0.7965214252471924
0.9999965116315538 3.110055317253183e-06 -0.002641347203865861 -0.004189391154795885 -2.3647438026298264e-06 0.9999999601861058 0.0002821740507294013 -0.017524855211377144 0.0026413479762804498 -0.00028216682029291544 0.9999964718251529 0.9486529231071472
0.9999971932764463 -6.275092947363542e-05 -0.002368438631369895 -0.004160463809967041 6.295640850518108e-05 0.9999999942612988 8.66827148065698e-05 -0.014583813957870007 0.0023684331783572093 -8.683157990214845e-05 0.9999971914883343 0.7912246584892273
0.9999954314509025 1.401613073633404e-06 -0.0030227595602096173 -0.004884084686636925 -6.68306575188248e-07 0.999999970573356 0.00024259604370945587 -0.015236295759677887 0.0030227598112857346 -0.00024259291526743004 0.9999954020253297 0.840361475944519
0.9999996919874975 -4.528575972637409e-05 0.0007835650004218175 -0.0009375332156196237 4.530375067673279e-05 0.9999999987106025 -2.294264626259114e-05 -0.015379685908555984 -0.0007835639604363246 2.2978137629387378e-05 0.9999996927497152 0.8268793225288391
0.9999978495369763 8.860032113311995e-05 0.0020719728294153264 0.0003286950523033738 -8.856270240691574e-05 0.9999999959118339 -1.8247736780824793e-05 -0.02060842141509056 -0.0020719744377000957 1.806419802665486e-05 0.999997853295503 1.110131859779358
0.9999627253254153 2.4339871889035517e-05 -0.008634081731073018 -0.011404542252421379 -2.1533244081047893e-05 0.9999999469047323 0.0003251566579706888 -0.014663527719676495 0.008634089186915534 -0.00032495861807274297 0.9999626727562431 0.8274869322776794
0.9998979672303788 0.00013712444187890098 -0.01428412844536 -0.016814641654491425 -0.0001288720319681837 0.9999998242770982 0.0005786516844047143 -0.01564701646566391 0.014284205282600769 -0.0005767518183130606 0.9998978091969121 0.9005938172340393
0.9998057843870216 0.0004073593127888048 -0.01970349117903583 -0.023414216935634613 -0.00039527241326083805 0.9999997313315979 0.0006173300988592224 -0.013396146707236767 0.01970373736049518 -0.0006094219572076614 0.999805676788698 0.7638816833496094
0.9996417407849358 0.000711432607205049 -0.026756007626494965 -0.03325018659234047 -0.0006917126971326955 0.9999994823030428 0.0007462755465060363 -0.009861464612185955 0.02675652469974897 -0.0007275007162146975 0.9996417153804157 0.5870710611343384
0.9992256088174467 0.0010828842033068593 -0.039332048576259375 -0.04867043346166611 -0.00104006112282035 0.9999988439696486 0.0011092034201509887 -0.00642548268660903 0.03933320424607937 -0.0010674367281977167 0.9992255799480754 0.438327431678772
0.9993096098858734 0.001022935287312166 -0.03713835205204274 -0.0457451269030571 -0.0009842544865432386 0.999998954032276 0.0010598006697705006 -0.006662493105977774 0.0371393973140278 -0.0010225154042351008 0.9993095714689212 0.45486342906951904
0.9995589056013688 0.0008624578872321594 -0.029685861944482715 -0.03680998086929321 -0.0008390970312999313 0.9999993284506141 0.0007993838209568441 -0.0071364459581673145 0.02968653144384166 -0.0007741218986018686 0.9995589580340523 0.46178483963012695
0.9991156649429659 0.0010768540013356479 -0.04203246900950804 -0.05161406472325325 -0.0010288297882283493 0.999998793113432 0.0011641653433456622 -0.006783981341868639 0.04203367191719396 -0.0011198915749305906 0.999115567023164 0.4676804542541504
0.9993038978304993 0.0009152280989325344 -0.03729453228420272 -0.04438798874616623 -0.0008713198510803726 0.9999989080910693 0.0011935737873282907 -0.009740263223648071 0.03729558395423818 -0.001160247471709489 0.9993036041380599 0.6520821452140808
0.9997228430851619 0.0005427229680794154 -0.02353598235681878 -0.02945486642420292 -0.0005266759204282278 0.9999996246324147 0.0006880025468370449 -0.011488684453070164 0.023536346916958183 -0.0006754160270028029 0.999722753660731 0.6684428453445435
0.9984272905836393 0.0014450603059378891 -0.056043351242814884 -0.06660672277212143 -0.0013495464308111843 0.9999975719127435 0.0017420944431166718 -0.007203695364296436 0.05604573259619686 -0.001663721530141354 0.9984268164910366 0.5558196306228638
0.9989766127506297 0.0011511699445576821 -0.045215063696044555 -0.05443684756755829 -0.0010913278431473644 0.9999984957305459 0.0013481617796642904 -0.007861955091357231 0.045216547643726526 -0.0012974376301477183 0.9989763663244384 0.5540074706077576
0.999979792669317 4.712900751752598e-05 -0.006357045845851839 -0.008327467367053032 -4.56974297860619e-05 0.9999999735667009 0.00022534050304178898 -0.015137928538024426 0.0063570562978884065 -0.0002250454488555402 0.9999797683902266 0.8184155821800232
0.9997048402728015 0.0005663476112541008 -0.024288095551435834 -0.030024269595742226 -0.0005493151771823999 0.9999995985418273 0.0007079329208110909 -0.010285528376698494 0.024288486736900008 -0.0006943821480120493 0.9997047500364615 0.6297812461853027
0.9997680794037869 0.0004533167747116163 -0.021530952351561678 -0.026182780042290688 -0.00043938876433528764 0.9999996911712212 0.0006516095272599079 -0.01177909690886736 0.02153124108771323 -0.0006419979470411329 0.9997679698289293 0.702451229095459
0.9994853210637545 0.000788516868976855 -0.03206978670385583 -0.03859353065490723 -0.0007580540421805528 0.9999992499171068 0.0009620391328522358 -0.009831087663769722 0.0320705212329423 -0.0009372333601319867 0.999485169105313 0.6220601201057434
0.9998725237491946 0.00020097218202079525 -0.015965458389853172 -0.018897565081715584 -0.00019085395706081298 0.999999779998067 0.0006352783518609967 -0.014340906403958797 0.015965582550698035 -0.0006321502980484903 0.9998723421316429 0.8465016484260559
0.9998469148580262 0.00034040034513238646 -0.01749374106621668 -0.02066083438694477 -0.0003304102782898486 0.9999997807038727 0.0005739523101672122 -0.01344919390976429 0.01749393260347149 -0.0005680843347423048 0.9998468080672427 0.7722362875938416
0.9997094105551022 0.0004367318673057228 -0.024101944171510202 -0.028153279796242714 -0.0004178354334570276 0.9999996014054585 0.0007890516300715544 -0.013753404840826988 0.02410227916859861 -0.000778751693706316 0.999709194558437 0.8134050965309143
0.9997667895001136 0.0003853108778035559 -0.021592085312982453 -0.024597352370619774 -0.00036774357786920184 0.9999995981769869 0.0008175637746571469 -0.014592545107007027 0.021592391653001346 -0.0008094327594939169 0.9997665294664106 0.8602976202964783
0.9999074322313912 0.00013418606639503246 -0.013605475461196283 -0.016039855778217316 -0.0001259823723162895 0.9999998097616993 0.0006038253115029881 -0.015008345246315002 0.013605553897857092 -0.0006020553666661802 0.9999072589157796 0.8761469721794128
0.9999682394159276 3.2496850263746924e-05 -0.007969887286839755 -0.00880477111786604 -2.8851462553617627e-05 0.9999998949262344 0.0004575096866032043 -0.01814553700387478 0.007969901317037467 -0.0004572652129237261 0.9999681352830808 0.9992383718490601
0.9999900723856435 -6.255968892653462e-05 -0.004455470394965635 -0.005910326261073351 6.34206623930943e-05 0.9999999793453727 0.00019309861059797268 -0.016620002686977386 0.004455458222750545 -0.0001933792624731555 0.9999900556987983 0.8925577402114868
0.9999393556953245 0.00013505307422431799 -0.011012115704372842 -0.013321460224688053 -0.00013053437414856464 0.9999999069965887 0.0004110566764128476 -0.015022902749478817 0.011012170194676344 -0.00040959428853500236 0.9999392803266218 0.8336247205734253
0.9998777409373475 0.0002032183466422655 -0.015635276790971372 -0.01807442680001259 -0.0001939792115540227 0.999999805699199 0.0005924302743832939 -0.015466773882508278 0.015635394145725425 -0.0005893249257489193 0.9998775860804361 0.8783534169197083
0.9999033945978371 0.00015733782763556833 -0.01389880270131526 -0.015612148679792881 -0.00014872203771421088 0.9999997961664316 0.0006209258011896107 -0.01611069217324257 0.013898897563389393 -0.000618798758143346 0.9999032141835625 0.9250873923301697
0.9999220887531465 6.931168121839002e-05 -0.012482452460777666 -0.014206795953214169 -6.268010825834104e-05 0.9999998567033135 0.0005316620699461964 -0.016564104706048965 0.012482487522475496 -0.000530838246019851 0.999921949812088 0.9368736743927002
0.9999327774983141 0.00010840536257682061 -0.011594340549786619 -0.01323835551738739 -0.00010255764486457443 0.9999998672521698 0.0005049530396303625 -0.016098685562610626 0.011594393750280414 -0.0005037300071632607 0.9999326558772063 0.907015323638916
0.9998404849427586 0.0001500529562526447 -0.017860071487529 -0.02002808451652527 -0.00013750937086639138 0.9999997430531354 0.0007035515873805791 -0.017376791685819626 0.017860172468435194 -0.000700983433114967 0.9998402486705685 0.9874371886253357
0.9996460513712423 0.000411073777914962 -0.02660080818758648 -0.029167035594582558 -0.0003823277772561569 0.9999993375176075 0.0010857208742867696 -0.016204534098505974 0.026601236876400983 -0.001075166357004525 0.9996455462882583 0.9839106798171997
0.9998937143652453 0.00011892110290812834 -0.01457895163049773 -0.01535173412412405 -0.00010724266554695124 0.9999996727861963 0.0008018269831472127 -0.018946126103401184 0.01457904221421269 -0.0008001782748236109 0.9998933999396359 1.0855262279510498
0.999908720470259 4.409572612903619e-05 -0.013511061508864454 -0.014055995270609856 -3.575242203217572e-05 0.9999998085487205 0.0006177574658713086 -0.02013777196407318 0.013511086162618471 -0.0006172180240871623 0.9999085306129841 1.1030317544937134
0.999902365075085 0.0001452646764795139 -0.013972802704722774 -0.015486904419958591 -0.00013707155488598322 0.9999998181344778 0.000587317971869018 -0.017002306878566742 0.013972885480106887 -0.0005853453553300819 0.9999022031389744 0.9457417726516724
0.9998608153171339 0.00016090355962981384 -0.01668304838453571 -0.018383264541625977 -0.0001496951410988316 0.9999997622696718 0.0006730913494487937 -0.017354018986225128 0.016683152721263226 -0.0006705002941608991 0.9998606017063751 0.9793126583099365
0.9996373726724114 0.0004754260266916093 -0.026923913658529183 -0.03001311607658863 -0.00044799192678360967 0.9999993743676607 0.0010249719610340169 -0.015038277953863144 0.026924384112404998 -0.0010125385822344938 0.9996369602539651 0.9037246704101562
0.9996659834802641 0.0005764522986470696 -0.025837747099615626 -0.029704051092267036 -0.0005543194439079433 0.9999994733211425 0.0008637635045857467 -0.012254667468369007 0.025838231409878207 -0.0008491526277019771 0.9996657765160437 0.7470938563346863
0.9999892506563507 2.5669319527561563e-06 -0.004636654522513679 -0.006103589199483395 -1.131978979754267e-06 0.9999999521095435 0.00030948284180626497 -0.017247550189495087 0.004636655094883571 -0.000309474266473389 0.9999892027693147 0.9426119327545166
0.9999984179833523 -3.6302466224688293e-06 -0.0017787685667062024 -0.003405073657631874 3.908807091403777e-06 0.9999999877306535 0.00015659953458342128 -0.018795372918248177 0.0017787679763869428 -0.00015660623970353808 0.9999984057282151 0.9895915985107422
0.9999936584867423 -6.204294364668168e-05 -0.003560777579987979 -0.005034585017710924 6.265872625505986e-05 0.9999999831029482 0.00017282357343415369 -0.01718597672879696 0.003560766797338108 -0.0001730455912588111 0.9999936454773293 0.9140223264694214
0.9999793294344558 -4.181954286596482e-05 -0.0064295376926989944 -0.0076002199202775955 4.4009671294487213e-05 0.9999999410633751 0.0003404943392611233 -0.01711241714656353 0.006429523074446128 -0.0003407702628909974 0.9999792723395136 0.9307141304016113
0.9999769198402627 -1.9812130929761227e-05 -0.006794070522146709 -0.007792703807353973 2.249997003835432e-05 0.9999999215212348 0.0003955392208194194 -0.01777399331331253 0.006794062152481614 -0.0003956829580942074 0.9999768418090814 0.964775800704956
0.9999750299716853 3.5576661402535645e-05 -0.007066694236212918 -0.007838700897991657 -3.2551072252047926e-05 0.9999999077659142 0.00042826229197721096 -0.021453261375427246 0.007066708820565389 -0.0004280215697809881 0.9999749388979611 1.1242623329162598
0.9999852203797299 9.457215832488398e-06 -0.005436812730275564 -0.006594364531338215 -8.053770227460051e-06 0.9999999666444295 0.00025815940163384694 -0.021656857803463936 0.005436814990396755 -0.00025811179929542227 0.9999851871008186 1.1163983345031738
0.9999881655764816 4.0475981119458805e-06 -0.004865047851780565 -0.006137330085039139 -2.800021256633275e-06 0.9999999671144472 0.0002564434917913296 -0.02046731859445572 0.00486504872977097 -0.0002564268346930397 0.9999881327026513 1.0598924160003662
0.9999850494849761 -2.9654894196229284e-05 -0.0054680825813959895 -0.006706574931740761 3.105900515760177e-05 0.999999966570655 0.00025669831859682576 -0.01874951273202896 0.005468074786240094 -0.00025686431402985473 0.9999850169771826 0.9874715805053711
0.9999830627471828 -8.214545870135966e-06 -0.005820150452055451 -0.007036718539893627 1.0297481997074975e-05 0.9999999359173515 0.00035785367740061584 -0.019004320725798607 0.0058201471394793486 -0.0003579075492369106 0.999982998750209 1.0115501880645752
0.9999838882139349 -2.3975347154608835e-05 -0.005676507528678855 -0.006940163671970367 2.5858580128834462e-05 0.9999999446578876 0.0003316859290062822 -0.016919661313295364 0.005676499262243643 -0.0003318273713783355 0.9999838334926827 0.9228184223175049
0.9999690322972464 -3.0367160280374316e-05 -0.007869785533527681 -0.00896610226482153 3.342247238084473e-05 0.9999999241298907 0.0003881019850195472 -0.016907591372728348 0.007869773150891012 -0.00038835299408227457 0.9999689574444324 0.9283565282821655
0.9999704126489055 1.5637165977274953e-05 -0.007692436691765546 -0.008512728847563267 -1.2114496979613508e-05 0.9999998950511759 0.00045798567262906334 -0.018604367971420288 0.007692443046051338 -0.0004578789320451027 0.9999703078926229 1.0083234310150146
0.9999882280483047 2.9667025272313517e-05 -0.004852101058225431 -0.006104511208832264 -2.8282569281359972e-05 0.9999999588735807 0.00028539960220879773 -0.02066553384065628 0.004852109325633101 -0.0002852590126141273 0.9999881877614294 1.0825883150100708
0.9999977463906538 6.995627331854925e-05 -0.0021218670395777343 -0.0037626838311553 -6.96948809481824e-05 0.9999999899743679 0.00012326348878963315 -0.022815540432929993 0.0021218756413589877 -0.0001231153277311715 0.9999977412406383 1.1726676225662231
0.9999965001093465 5.27032711888692e-05 -0.002645182682365606 -0.004335904028266668 -5.220478986618945e-05 0.9999999808679203 0.00018851742404676498 -0.021461309865117073 0.0026451925672426836 -0.00018837867305030394 0.9999964837286969 1.1132630109786987
0.9999977744541321 9.608725729150546e-05 -0.0021075706444439964 -0.003690205980092287 -9.568725105340796e-05 0.9999999773919285 0.00018989494998478967 -0.0234441589564085 0.0021075888432808064 -0.00018969285972350074 0.9999977610404366 1.2209548950195312
0.9999993427220788 3.651604456495972e-05 -0.0011459589821199907 -0.0029204613529145718 -3.650930603690748e-05 0.9999999993161233 5.9011709372384816e-06 -0.02142242342233658 0.0011459591968237173 -5.859328891345154e-06 0.9999993433713781 1.1138474941253662
0.9999979883896132 4.630309800242121e-05 -0.0020052612673165182 -0.0037891226820647717 -4.6048160062599734e-05 0.9999999908523426 0.0001271805082810764 -0.021519288420677185 0.0020052671378246144 -0.00012708791385164023 0.9999979813741466 1.121994972229004
0.9999963999467669 8.558068690615108e-05 -0.002681933901480593 -0.004199032671749592 -8.496229073329004e-05 0.9999999697814115 0.00023069153761073335 -0.022883528843522072 0.0026819535631765873 -0.00023046284386105248 0.9999963769994183 1.1952741146087646
0.9999999830490007 7.903387181592619e-05 0.00016629986540040012 -0.0016556059708818793 -7.903610987547778e-05 0.9999999967861759 1.3451446915684299e-05 -0.02263423055410385 -0.00016629880174601035 -1.3464590382102896e-05 0.9999999860817066 1.1745738983154297
0.9999984982219945 0.00013732065125870738 0.0017276275044445092 -6.886175833642483e-05 -0.00013724285447609775 0.9999999895629621 -4.514946508341418e-05 -0.024571217596530914 -0.0017276336863671449 4.491229274875918e-05 0.9999985066312506 1.2864328622817993
0.9999939012399803 0.00015366328225781674 0.0034891073987840643 0.0015005841851234436 -0.00015317217323734654 0.9999999783255829 -0.0001410216981013098 -0.024947065860033035 -0.0034891289930166947 0.00014048640388088522 0.9999939031026341 1.3157730102539062
0.999995444356131 0.00017522473509420713 0.0030133972980490825 0.001094914972782135 -0.00017502019871322745 0.9999999823624862 -6.813924611904212e-05 -0.025563228875398636 -0.0030134091845815977 6.761153030699687e-05 0.9999954573865657 1.3554067611694336
0.9999971119798289 0.00020642989475022945 0.002394455825482373 0.0006682366947643459 -0.00020627842477390586 0.9999999767081368 -6.350541230289901e-05 -0.02771138772368431 -0.0023944688791266134 6.301130432211609e-05 0.9999971312700665 1.4604520797729492
0.9999993755524593 0.0001628386160590207 -0.0011056121726427733 -0.0024484489113092422 -0.0001626976940206457 0.9999999786303068 0.00012754938687184036 -0.0272364504635334 0.001105632918981818 -0.00012736942667296931 0.9999993806762469 1.4228465557098389
0.9999964922444246 0.0001355071083601306 -0.002645210137248016 -0.003925539553165436 -0.00013506537467352774 0.9999999769054797 0.00016717172190800527 -0.02640668675303459 0.002645232729114792 -0.00016681385921218806 0.9999964874523036 1.3522729873657227
0.9999875927181674 0.00015520751164219517 -0.0049789878843760176 -0.0060304319486021996 -0.00015344985833120776 0.9999999257828198 0.00035339424967962727 -0.027580957859754562 0.004979042364291699 -0.00035262584003208325 0.9999875423184788 1.4285657405853271
0.9999950122161942 0.00014715155075057675 -0.003154978471299182 -0.0042185853235423565 -0.0001469255784754673 0.9999999866248173 7.185568523330862e-05 -0.028248827904462814 0.0031549890027762813 -7.13917797957122e-05 0.9999950204614051 1.4168815612792969
0.9999997065855302 0.00023654804243537468 0.0007286109233248395 -0.0008497819071635604 -0.00023665012965456156 0.9999999621942843 0.0001400290912699877 -0.027960119768977165 -0.0007285777721717582 -0.00014020147605289863 0.9999997247589503 1.4847959280014038
0.9999853093220359 0.00012304260385837516 -0.005419040563555157 -0.0062129925936460495 -0.00012158863334271908 0.9999999565253513 0.0002686363700004501 -0.02858257293701172 0.0054190733816827305 -0.0002679735298138976 0.9999852808086082 1.493310570716858
0.9999844137445226 0.0001652186411419715 -0.0055807679421445286 -0.006721909157931805 -0.0001634983598325627 0.9999999389842777 0.0003087065388743868 -0.026780270040035248 0.005580818605704806 -0.0003077892808902576 0.9999843797427282 1.3721041679382324
0.9999975216434164 0.00016281794197580912 0.0022204047699698336 0.00046896067215129733 -0.0001625911408114829 0.9999999815469403 -0.0001023241895955678 -0.026244860142469406 -0.002220421389210536 0.00010196291785512622 0.9999975296631575 1.3706541061401367
0.9999998653570206 0.000174340708296819 -0.0004887650337675843 -0.0018743335967883468 -0.00017428625626217888 0.9999999786018481 0.00011144776473081575 -0.02734209969639778 0.0004887844531911572 -0.00011136256469722944 0.9999998743440609 1.4350659847259521
0.9999977855947852 0.00016996871499174284 -0.0020975977120688038 -0.003254957962781191 -0.0001699076079060649 0.9999999851361612 2.9310102327801037e-05 -0.02905796281993389 0.0020976026626908784 -2.8953639613750753e-05 0.9999977996099572 1.4650964736938477
0.9999998175292489 0.00011404715632743159 0.0005932408573928024 -0.0012193346628919244 -0.00011407931097038901 0.9999999920258632 5.416811038389171e-05 -0.023342400789260864 -0.0005932346749432657 -5.423577700804678e-05 0.9999998225655347 1.2228260040283203
0.9999999839735118 0.00013136610432912577 -0.00012163849228445459 -0.0017641837475821376 -0.00013135396611880284 0.9999999863938627 9.979183277029911e-05 -0.024554431438446045 0.00012165159989373948 -9.97758534725922e-05 0.9999999876228335 1.2896356582641602
0.9999966669621646 0.00016343661333712063 -0.002576694206721497 -0.0037477021105587482 -0.00016286330729450824 0.999999961939015 0.00022270498770176006 -0.027231574058532715 0.002576730506798941 -0.0002222845964772167 0.9999966555191339 1.424349308013916
0.9999974394784329 0.00018262900266382626 -0.002255589330000938 -0.0033187540248036385 -0.00018226514393993498 0.9999999703455527 0.00016151876457093405 -0.02851417101919651 0.0022556187611235683 -0.00016110723568475184 0.9999974431109628 1.4680039882659912
0.9999996572150041 0.00015539374565921206 -0.0008132789548159587 -0.002096384298056364 -0.0001553485650964862 0.9999999863868162 5.5616462483916816e-05 -0.0271836556494236 0.0008132875861950684 -5.549010170077411e-05 0.9999996677420203 1.4001414775848389
0.9999998918542312 0.00014708227333215456 0.00044120100966512727 -0.0012196108000352979 -0.0001471029127759985 0.9999999880876763 4.6748051174279285e-05 -0.025411561131477356 -0.0004411941285997574 -4.6812948072316805e-05 0.9999999015781396 1.3259308338165283
0.9999989378361923 0.00011833493478411602 0.001452695195297614 -0.0002775099128484726 -0.00011820249832215945 0.9999999888506617 -9.125155328189533e-05 -0.024823691695928574 -0.0014527059773476302 9.107974415641326e-05 0.9999989406743507 1.2867937088012695
0.9999997824909183 0.00012925200477918456 0.0006467704656651837 -0.0010511035798117518 -0.00012926573185987404 0.9999999914208407 2.1182279989062786e-05 -0.02454712986946106 -0.0006467677222642825 -2.1265880639314083e-05 0.9999997906196159 1.2809545993804932
0.9999999555804239 0.00014152226009038311 0.0002623177465135229 -0.0014031223254278302 -0.00014153488942213305 0.9999999888258224 4.812722887712025e-05 -0.025285329669713974 -0.0002623109325081352 -4.81643538525754e-05 0.9999999644365842 1.3203771114349365
0.9999996365974498 0.00010184371717340888 0.0008464235499141671 -0.0008985473541542888 -0.00010186726575044878 0.999999994425716 2.77782038601523e-05 -0.023200813680887222 -0.0008464207161604241 -2.786441661817872e-05 0.9999996413977087 1.2171449661254883
0.99999965895435 0.00019587310107241202 -0.0008023246925955998 -0.002287033013999462 -0.00019573190762450356 0.9999999653467975 0.00017605517454148881 -0.027675319463014603 0.0008023591492654769 -0.00017589807395602136 0.9999996626397748 1.4564520120620728
0.9999774202038121 0.00026179460899170313 -0.0067149494496491335 -0.007094843313097954 -0.00025808096203241293 0.9999998132932492 0.0005539022332009315 -0.03261582925915718 0.006715093204541301 -0.0005521567255874334 0.9999773010654815 1.6994211673736572
0.9999892477608657 -0.00046598576656930497 0.0046138075299334965 0.0037120776250958443 0.0004678802366920737 0.9999998066833423 -0.00040953798638753927 -0.04690996930003166 -0.00461361579913512 0.000411692292296332 0.9999892724718173 2.1633663177490234
0.9999999959965279 6.673049992885414e-05 5.961530410364664e-05 -0.0017667204374447465 -6.67352022344106e-05 0.9999999946622593 7.887898325336943e-05 -0.02150760591030121 -5.9610040151449236e-05 -7.888296137695524e-05 0.9999999951120607 1.1224088668823242
0.9999992682609724 1.8369723834222493e-05 -0.0012096032708799834 -0.003060399554669857 -1.8270602543108262e-05 0.9999999964746759 8.195628935082081e-05 -0.01997503452003002 0.0012096047721301415 -8.193412919960824e-05 0.9999992650712768 1.036257266998291
0.999998402302252 5.56241510555788e-05 -0.0017867005616840172 -0.0035093072801828384 -5.536667355575001e-05 0.9999999880766531 0.00014415694567736112 -0.021845508366823196 0.0017867085589882887 -0.000144057791691393 0.9999983934586484 1.1305159330368042
0.9999951136660885 4.825295708563325e-06 -0.0031261191057225714 -0.004690471570938826 -4.516052623165904e-06 0.9999999950962882 9.89294131853485e-05 -0.021239979192614555 0.003126119567756657 -9.891481206481429e-05 0.999995108784192 1.0802277326583862
0.9999978904400185 6.361800553580895e-05 -0.0020530631413569417 -0.0036342227831482887 -6.326729512543161e-05 0.9999999833973564 0.0001708874964616598 -0.021805059164762497 0.002053073978792362 -0.00017075724421256055 0.999997877862349 1.1285911798477173
0.9999999866671055 7.22486877047055e-05 -0.00014644423974542753 -0.0018987000221386552 -7.224479985270419e-05 0.9999999970378011 2.6553459701509485e-05 -0.02264273911714554 0.00014644615776424806 -2.6542879512685023e-05 0.9999999889244989 1.172112226486206
0.9999999951390373 4.3226944986729434e-05 -8.861916602905578e-05 -0.0019265977898612618 -4.32255179551776e-05 0.9999999989360946 1.610481957835234e-05 -0.021131685003638268 8.861986209692332e-05 -1.610098889071505e-05 0.999999995943639 1.0973773002624512
0.9999999750306394 8.607948880637153e-05 -0.00020622570694731803 -0.0020535956136882305 -8.605493620684569e-05 0.9999999892092934 0.0001190628451104666 -0.021951019763946533 0.00020623595359083987 -0.00011904509539748792 0.999999971647498 1.1564687490463257
0.9999997946676077 6.799187797719167e-05 0.000637214129644765 -0.001158779370598495 -6.797051387890827e-05 0.9999999971272389 -3.354894141963087e-05 -0.02239208109676838 -0.0006372164088697324 3.350562275910361e-05 0.99999979641629 1.1587657928466797
0.999999970043149 6.67480608024397e-05 0.00023549606604453716 -0.0015508955111727118 -6.674750849768622e-05 0.9999999977696163 -2.3531409002159105e-06 -0.022304225713014603 -0.0002354962225868825 2.3374220540537404e-06 0.9999999722680323 1.1548118591308594
0.9999996332222887 8.520835873963557e-05 0.000852229325798151 -0.0009792892960831523 -8.52529724795464e-05 0.9999999949976266 5.231326347866332e-05 -0.021995853632688522 -0.0008522248640076603 -5.23858993745828e-05 0.999999635484183 1.160496711730957
0.9999996138979358 9.720326844524754e-05 0.0008733587487043632 -0.0009223910747095942 -9.721527795142046e-05 0.9999999951806334 1.370850137972696e-05 -0.023123152554035187 -0.0008733574119841877 -1.3793399900352878e-05 0.9999996185282138 1.2083754539489746
0.9999999677091364 0.00010748321590957054 0.00023028044737684986 -0.001497503719292581 -0.00010748920785673486 0.9999999938848271 2.60079984716271e-05 -0.023980997502803802 -0.00023027765054533 -2.60327502946798e-05 0.9999999731472494 1.2460331916809082
0.9999997353272904 6.867240995318529e-05 0.0007243130878359812 -0.0010348783107474446 -6.867409462776999e-05 0.9999999976392869 2.3010222648785328e-06 -0.02193974144756794 -0.0007243129281093415 -2.3507632013949154e-06 0.9999997376825935 1.153954267501831
0.9999998448626588 0.00011015232213593996 -0.000546023006685543 -0.002416128758341074 -0.00011008139769361734 0.9999999855012933 0.0001299211244273256 -0.02313656359910965 0.0005460373098824659 -0.000129860997295959 0.9999998424896762 1.2166111469268799
0.9999989468445083 0.00014858536927352933 -0.0014436870376005717 -0.002684601116925478 -0.00014829309318701995 0.9999999684900971 0.00020255607529059614 -0.025909408926963806 0.0014437170889793785 -0.00020234177315115327 0.9999989373688224 1.3634893894195557
