0.9999994457412708 4.662834258185916e-05 0.0010518283838356086 -0.0006427101325243711 -4.667237111748832e-05 0.9999999980357804 4.183454195055002e-05 -0.02047528326511383 -0.0010518264310942329 -4.1883610088072244e-05 0.9999994459533076 1.1000334024429321
0.9999988035442563 -4.450461852844948e-05 -0.001546263041877308 -0.0031065160874277353 4.459339706893883e-05 0.9999999973594551 5.7380472517805485e-05 -0.020232994109392166 0.0015462604840982908 -5.7449356986409026e-05 0.9999988028883268 1.0675408840179443
0.9999935835505248 -8.439226407181972e-05 -0.0035813036348911857 -0.004837099462747574 8.508218989161282e-05 0.9999999778534164 0.00019249464259449243 -0.015485875308513641 0.0035812873105188353 -0.00019279811261826732 0.9999935685843621 0.8694349527359009
0.9999997737562916 2.2620334826312553e-05 -0.0006722913699852162 -0.0019690836779773235 -2.247238033834156e-05 0.9999999755295214 0.00022008168672236488 -0.017815589904785156 0.0006722963318553673 -0.00022006652894290344 0.9999997497941513 0.9920903444290161
0.9999999611038449 6.07095223271474e-05 0.000272225388762702 -0.0012316966895014048 -6.0735027706619626e-05 0.9999999937672022 9.36848529053694e-05 -0.021782053634524345 -0.00027221969950330703 -9.370138287791778e-05 0.999999958558242 1.1845471858978271
0.9999999975501781 3.9405353014355045e-05 5.785206840745165e-05 -0.001287064515054226 -3.94165825065814e-05 0.9999999803821301 0.00019411870691875909 -0.01899484172463417 -5.784441795634447e-05 -0.0001941209867740304 0.9999999794855327 1.0577068328857422
0.9999999488724375 8.872237141172826e-05 -0.0003072189177783528 -0.0016764930915087461 -8.869979002091972e-05 0.9999999933639131 7.351545017651986e-05 -0.022675205022096634 0.00030722543820469643 -7.348819616435668e-05 0.9999999501060065 1.2224500179290771
0.9999999908335706 5.9615934823886545e-05 0.0001215680842370471 -0.0013313344679772854 -5.962825930843809e-05 0.9999999930834683 0.00010137817327761036 -0.02115017920732498 -0.00012156203964164691 -0.000101385421241585 0.9999999874718334 1.157544732093811
0.9999828083263614 -6.464697530788741e-05 -0.005863349937692433 -0.007249023765325546 6.594967711741864e-05 0.9999999731868758 0.00022198398039078803 -0.017133859917521477 0.005863335429884804 -0.00022236685014986144 0.9999827857771455 0.9298091530799866
0.9999116655355694 0.0001650547139639183 -0.013290368047012786 -0.01662207767367363 -0.00015960152437362242 0.999999902650627 0.00041137098823457164 -0.012761406600475311 0.013290434651924588 -0.00040921348699885396 0.9999115945377797 0.7501325011253357
0.9999859062023386 -6.76314896494498e-05 -0.005308749633287289 -0.006920551881194115 6.906175990258677e-05 0.9999999613715785 0.0002692346827212092 -0.015866104513406754 0.005308731219476014 -0.00026959751977462455 0.9999858722452115 0.8953549861907959
0.9999870098675946 -3.6436418760389864e-05 -0.0050969371640729065 -0.006192659959197044 3.809483441286334e-05 0.9999999463714235 0.00032527823989082256 -0.018162472173571587 0.005096925038757261 -0.0003254681814606959 0.9999869576277542 0.9993403553962708
0.9999971318729083 3.094218517065273e-05 -0.00239484624520276 -0.0035326245706528425 -3.0499149729355217e-05 0.9999999824165433 0.00018503165852597032 -0.020815830677747726 0.0023948519283769256 -0.0001849580870574465 0.9999971152332126 1.1157679557800293
0.9999980168729078 4.621969797893999e-05 -0.0019910082851036705 -0.0031120239291340113 -4.5841051403220104e-05 0.9999999808568055 0.00019022351759750625 -0.02139064483344555 0.0019910170390629433 -0.00019013187044695324 0.9999979998485108 1.1474215984344482
0.9999953924061564 7.554519253626756e-05 -0.003034709109821814 -0.0038117363583296537 -7.466812910549593e-05 0.9999999554162892 0.00028912296742342636 -0.02156212367117405 0.0030347308163734613 -0.0002888950392106118 0.9999953534634691 1.1757903099060059
0.9999903316777338 0.00014573812517861793 -0.0043949188222958 -0.004747934639453888 -0.0001441088319641324 0.9999999207823054 0.0003710364231993314 -0.02574767917394638 0.004394972548293154 -0.0003703994892815612 0.9999902734629562 1.4094760417938232
0.9999892654388043 6.70557447586348e-05 -0.004632980756211001 -0.005401958711445332 -6.560270757751886e-05 0.999999948619112 0.0003137802698753809 -0.023096583783626556 0.004633001558934024 -0.00031347296550010995 0.9999892184575064 1.2402091026306152
0.9999968980869093 5.62292599689798e-05 -0.0024901114092270174 -0.003598830895498395 -5.574171840964453e-05 0.9999999792658544 0.00019586003165498683 -0.021797288209199905 0.002490122370661322 -0.00019572062102520885 0.9999968804871433 1.1713014841079712
0.9999993522508225 5.7276568997800033e-05 0.0011367573753829744 -0.00035049032885581255 -5.7310868491783405e-05 0.999999997903506 3.014054866711241e-05 -0.020588941872119904 -0.001136755646652554 -3.0205677696044434e-05 0.9999993534368995 1.122625708580017
0.9999997470118089 3.3672475550646874e-05 0.0007105226824639446 -0.00046238512732088566 -3.381120809686276e-05 0.9999999803684662 0.0001952431032050792 -0.019077498465776443 -0.0007105160941966754 -0.00019526707744115407 0.9999997285187873 1.061316728591919
0.9999952665757578 7.053979198567744e-05 -0.0030760120638242175 -0.004094329662621021 -6.973693141818837e-05 0.9999999634782657 0.000261113438136751 -0.022609952837228775 0.003076030370370533 -0.00026089769053373653 0.999995234973425 1.2104403972625732
0.999993468633145 5.5297598293880776e-05 -0.0036138114542744997 -0.004671021364629269 -5.4438088939628655e-05 0.9999999702109883 0.00023793805321636164 -0.022961683571338654 0.003613824504025513 -0.00023773977016628843 0.9999934418546234 1.2115132808685303
0.9999938997847247 8.227398049929321e-05 -0.003491937045504138 -0.004336781799793243 -8.112322251637467e-05 0.9999999423625748 0.0003296875330159684 -0.022362256422638893 0.0034919639689435403 -0.00032940224466508785 0.9999938488219818 1.217162847518921
0.9999994086533678 8.02581230038836e-05 0.0010845513119597174 -0.00038911239244043827 -8.025990479227477e-05 0.9999999967778948 1.5993577692190682e-06 -0.022135337814688683 -0.0010845511801037264 -1.6864028084844616e-06 0.9999994118727739 1.1813879013061523
0.9999999664784676 4.0824832597998644e-05 0.0002556880853435055 -0.001321900635957718 -4.08483168361776e-05 0.99999999494817 9.184266482085445e-05 -0.0203072652220726 -0.000255684334590396 -9.185310617006891e-05 0.9999999630942633 1.0919370651245117
0.9999991336710728 8.823881517194614e-05 0.0013133434491397484 -2.244347706437111e-05 -8.817480669622512e-05 0.9999999949221323 -4.8794864803761704e-05 -0.02294011414051056 -0.0013133477480718207 4.867901872660517e-05 0.99999913637365 1.2094144821166992
0.999995312658841 8.874151947403693e-05 0.0030605204279590312 0.001259101671166718 -8.85342142456268e-05 0.9999999937776306 -6.787070081167273e-05 -0.021677633747458458 -0.0030605264318644596 6.759942190727127e-05 0.9999953142931612 1.1681737899780273
0.9999894966622996 3.733803272288266e-05 0.004583139857322215 0.0028368134517222643 -3.677347801608935e-05 0.9999999917267279 -0.0001232649798458677 -0.01820397563278675 -0.004583144421876503 0.00012309514715936988 0.9999894897621638 0.9848960041999817
0.9999822055232931 -3.3433729038082145e-05 0.005965527550492826 0.004527311772108078 3.430745202698081e-05 0.9999999887009167 -0.00014635971020552285 -0.013832725584506989 -0.005965522589736942 0.00014656176786132294 0.9999821953714372 0.7581408619880676
0.9999753493398612 -2.3502896170354467e-05 0.0070214072831567016 0.006004834547638893 2.3706506358908026e-05 0.9999999993009544 -2.891526096753497e-05 -0.015276900492608547 -0.007021406598656042 2.908100122367068e-05 0.9999753491980047 0.880224347114563
0.9999977708742964 3.0355250269819124e-05 0.0021112377879260414 0.0005094922962598503 -3.0404262795197257e-05 0.9999999992690654 2.3182974898448166e-05 -0.019031260162591934 -0.002111237082657859 -2.3247113849210186e-05 0.9999977710662923 1.035935640335083
0.9999997007301443 1.6016492825170972e-05 0.0007734876171380637 -0.0007383775664493442 -1.6054554772785188e-05 0.9999999986607055 4.9202034496086876e-05 -0.01848633773624897 -0.0007734868280581035 -4.921443777071652e-05 0.9999996996479878 0.9987839460372925
0.9999997855633678 8.656967249363396e-05 0.0006491370506427578 -0.0008679983438923955 -8.662660953088252e-05 0.9999999924036483 8.768428621886188e-05 -0.02247662842273712 -0.0006491294549117436 -8.77404999579569e-05 0.9999997854662548 1.2257521152496338
0.9999977946807198 -6.048755881699426e-05 -0.002099279626951683 -0.0035565251018851995 6.0678024835017714e-05 0.999999994048958 9.066565555431827e-05 -0.017946258187294006 0.002099274130314609 -9.079283574893986e-05 0.9999977923999566 0.9583342671394348
0.999983417267169 -2.9249169426883158e-05 -0.0057588484231945215 -0.007665730081498623 3.046606253695172e-05 0.9999999772287964 0.00021122079904599045 -0.014429365284740925 0.005758842114025673 -0.00021139274586411336 0.9999833953874498 0.8135690689086914
0.9999885172680636 -4.624336065656018e-05 -0.004791992651437574 -0.006500560790300369 4.7323057241829746e-05 0.9999999735228535 0.00022519951305796364 -0.015057693235576153 0.00479198211057698 -0.0002254236988948694 0.9999884929795982 0.843963623046875
0.9999825449146474 -3.3752176199757006e-05 -0.005908360755396583 -0.00789876189082861 3.5088700052223e-05 0.9999999738225658 0.0002261053979374632 -0.014349245466291904 0.005908352969181627 -0.00022630876794678992 0.99998251992199 0.8062230348587036
0.999989467151431 -5.827736522580332e-05 -0.004589356158121418 -0.005960673093795776 5.9412781824093265e-05 0.9999999676647713 0.00024726620854206534 -0.015880310907959938 0.004589341599700394 -0.0002475362705406701 0.9999894382789631 0.8816449046134949
0.9999930412017999 -6.348217373823872e-05 -0.0037300828394207556 -0.005149295553565025 6.415736453228102e-05 0.9999999815807953 0.0001808929008357875 -0.016663985326886177 0.0037300712872410375 -0.00018113095432305908 0.9999930268555723 0.9022838473320007
0.9999885257802912 -6.0616325188956096e-05 -0.0047900556803359565 -0.006420465186238289 6.156652075349907e-05 0.9999999784589653 0.0001982211702451266 -0.01487601175904274 0.004790043561714286 -0.00019851380287432214 0.99998850797144 0.8293418288230896
0.9999920788616016 -5.493607935782296e-05 -0.003979848750840508 -0.00541231594979763 5.58709637063947e-05 0.999999970875178 0.00023479369328845747 -0.016843469813466072 0.003979835736283154 -0.000235014191440233 0.9999920528063421 0.9241875410079956
0.9999918264359533 -6.0646560509778926e-05 -0.004042695051692386 -0.00554930604994297 6.157335183357336e-05 0.9999999718548169 0.00022912679416183752 -0.01757415011525154 0.0040426810421580065 -0.00022937384366408431 0.9999918020252122 0.9538278579711914
0.9999883074195594 -6.83755755240678e-05 -0.004835323044613545 -0.0061965323984622955 6.951557474217478e-05 0.999999969830777 0.00023559717809639672 -0.017260190099477768 0.0048353067896429605 -0.0002359305536179506 0.9999882820038564 0.9415401220321655
0.9999910396827153 -4.661983214208499e-05 -0.004233010852026706 -0.0056715235114097595 4.766728945785922e-05 0.9999999682731107 0.0002473491605478727 -0.01875455677509308 0.004232999186350094 -0.00024754872037447594 0.9999910101783513 1.0095454454421997
0.9999918680889771 -3.96771896653086e-05 -0.0040326395373546835 -0.005639161914587021 4.07515125949251e-05 0.9999999637051366 0.0002663250637880547 -0.015700679272413254 0.0040326288239605134 -0.00026648723421723007 0.9999918334113144 0.8758491277694702
0.9999997652009351 -1.2481323397085564e-05 -0.0006851585882190872 -0.002203035168349743 1.2532479677360195e-05 0.9999999971344723 7.465917278897694e-05 -0.018456770107150078 0.0006851576544104663 -7.466774199515562e-05 0.9999997624918302 0.9778493046760559
0.9999996678096101 -5.0715629487155704e-05 0.0008135161920455584 -0.0008808778366073966 5.07369573458308e-05 0.9999999983697585 -2.6196266567954252e-05 -0.015182312577962875 -0.0008135148621591812 2.62375332021422e-05 0.9999996687525258 0.8205456137657166
0.9999994804279814 -5.441717760133811e-05 0.0010179305171445377 -0.0006214798195287585 5.435008950199597e-05 0.9999999963493934 6.593391036199262e-05 -0.013326792977750301 -0.0010179341013657843 -6.58785514898641e-05 0.9999994797349554 0.75543212890625
0.9999996898963828 -5.320978081158126e-05 0.0007857326882912502 -0.0008900415850803256 5.320363228873522e-05 0.999999998553906 7.84610928167567e-06 -0.014124126173555851 -0.000785733104644762 -7.804303015543716e-06 0.9999996912812428 0.77491295337677
0.9999993285389641 -3.0923506135724574e-05 0.0011584322843255516 -0.00034331472124904394 3.077026191349544e-05 0.9999999907744926 0.0001323034587777107 -0.015491662546992302 -0.0011584363649252457 -0.00013226772467629552 0.9999993202649875 0.8670151829719543
0.9999995048046147 -2.6675941464963136e-05 -0.0009948260747817245 -0.002539986977353692 2.672768099375419e-05 0.9999999982910567 5.199535905388188e-05 -0.01769423484802246 0.0009948246860564686 -5.202192269999107e-05 0.9999995038086585 0.9421318173408508
0.9999991910902936 -7.759416652828071e-05 -0.001269566029697879 -0.0031249269377440214 7.771085661042517e-05 0.9999999927609873 9.186429067511115e-05 -0.014030016958713531 0.001269558892374406 -9.196287542888606e-05 0.999999189881196 0.7763234972953796
0.9999986597311301 -1.554592649088121e-05 -0.0016371604281760301 -0.0031117235776036978 1.590999687908717e-05 0.9999999751500305 0.00022236638791337787 -0.016756903380155563 0.001637156930601123 -0.0002223921370999333 0.9999986351285296 0.919334352016449
0.9999927845547234 -9.349592631643668e-05 -0.003797643611807674 -0.005370320752263069 9.414978586039982e-05 0.9999999807764836 0.0001719966577761718 -0.016680724918842316 0.0037976274578167676 -0.00017235296407652566 0.9999927741339671 0.9015858173370361
0.9999997632965271 -2.6350562086535513e-05 -0.0006875409349895308 -0.002355333184823394 2.6397883464404967e-05 0.9999999972836162 6.881801296342867e-05 -0.016339696943759918 0.0006875391197285828 -6.883614629944488e-05 0.9999997612757432 0.8833774328231812
0.9999989666595471 4.590390416266383e-05 0.0014368620912140768 -0.00014426058623939753 -4.59296289282794e-05 0.9999999987855581 1.7870441830597228e-05 -0.019806522876024246 -0.0014368612691460425 -1.793641790701735e-05 0.999998967553456 1.0666472911834717
0.9999937048956044 -4.6177887732529124e-05 0.0035479623399347687 0.0019975248724222183 4.643415769493528e-05 0.9999999963192789 -7.214784148711344e-05 -0.014405261725187302 -0.003547958995240785 7.231213395170758e-05 0.9999937033591377 0.7823634147644043
0.9999993054588434 -1.510355132311366e-05 -0.001178496378231285 -0.003237159224227071 1.5310460431225337e-05 0.9999999844718572 0.00017556159927058945 -0.015395885333418846 0.0011784937083278001 -0.00017557952065800047 0.9999992901619538 0.8874593377113342
0.9999917745721016 8.897183950830604e-06 -0.0040559473590747325 -0.005124565213918686 -7.73708555254275e-06 0.9999999590607337 0.0002860396282726139 -0.019825894385576248 0.004055949737974412 -0.00028600589426256166 0.9999917337020101 1.112600326538086
0.9999751877117682 -3.821475006704212e-06 -0.007044426606224068 -0.008696282282471657 5.627399994239866e-06 0.9999999671284432 0.00025634243713850894 -0.016617538407444954 0.00704442539505658 -0.00025637571850231584 0.9999751548625319 0.9038782715797424
0.9999503473356596 0.00020884369073003456 -0.009962893535848831 -0.013354018330574036 -0.00020557315011199515 0.9999999246522019 0.00032929511139934224 -0.012194761075079441 0.009962961556373145 -0.0003272306576113121 0.9999503149242581 0.6922379732131958
0.9995907499668104 0.0007101265061363835 -0.028597697479605475 -0.0358322374522686 -0.0006875616619732014 0.9999994445329181 0.0007988697118206471 -0.006645104847848415 0.028598248893083215 -0.0007788800939568859 0.9995906829828141 0.4643552601337433
0.9997831879639757 0.000534231543214179 -0.02081565903948469 -0.02617810107767582 -0.0005220890216540172 0.9999996903888049 0.0005887659533920477 -0.0068190074525773525 0.02081596713206749 -0.0005777706747839428 0.9997831573363317 0.47819530963897705
0.9997428088820517 0.0005934479352326411 -0.022670772112421213 -0.02880268543958664 -0.0005797821658392497 0.9999996462661138 0.0006093605557693757 -0.006712863687425852 0.022671125716764533 -0.0005960597242902161 0.9997427993096721 0.4624456763267517
0.9993630341784298 0.0008304035112142704 -0.035676832085973574 -0.04413684830069542 -0.000795383280663839 0.9999991878959325 0.0009957775414471469 -0.006812705658376217 0.03567763000983993 -0.0009667665094391234 0.999362883080714 0.48742425441741943
0.9987727567739565 0.0011903298612933092 -0.04951326530307235 -0.06002264469861984 -0.0011184983760234835 0.9999982815952364 0.0014784342924782814 -0.0059020547196269035 0.04951494004372769 -0.001421239387174581 0.9987723718601103 0.4951283931732178
0.9979898139308472 0.0013942270306160846 -0.06335919366011689 -0.07610638439655304 -0.0012758586287319382 0.9999973646491545 0.0019086328891298671 -0.006433513015508652 0.06336168775397785 -0.001823958807944253 0.9979889627141346 0.5552093982696533
0.9974312706938019 0.0016024704739196994 -0.0716120962584411 -0.0843643993139267 -0.001450581800914856 0.9999965870490571 0.0021729479231161917 -0.005573604255914688 0.07161533393475782 -0.0020634870045473826 0.997430191024312 0.5573692321777344
0.9991146853614677 0.0009103642907767825 -0.042059680596903744 -0.050343215465545654 -0.0008594145045402975 0.9999988749483641 0.001229434307090139 -0.0075032832100987434 0.042060752510682316 -0.001192199171339647 0.9991143436861324 0.5691530108451843
0.9996658226343528 0.0005922912397255645 -0.025843611355038047 -0.03175542503595352 -0.0005733514946415015 0.9999995616387867 0.0007402636680997857 -0.008792196400463581 0.025844038477886914 -0.0007251988155399505 0.9996657240106973 0.576745331287384
0.9998945078552084 0.00027297996777876464 -0.01452234977295444 -0.018503375351428986 -0.00026675340819060626 0.9999998716733515 0.0004306923496886727 -0.011171051301062107 0.014522465479733702 -0.00042677302873208694 0.999894452360434 0.6682008504867554
0.9999468881331598 3.5605820612133755e-05 -0.010306291526805442 -0.01291496492922306 -3.186912930815723e-05 0.9999999337063388 0.0003627281028064616 -0.01356811635196209 0.010306303758795404 -0.0003623803851024108 0.9999468229777461 0.7909541130065918
0.9999410252890892 0.0001223587506427727 -0.010859602761642509 -0.013596662320196629 -0.00011853838993919273 0.999999930867845 0.0003524385832466164 -0.013129370287060738 0.010859645134839495 -0.0003511305184563115 0.9999409706652208 0.7576878070831299
0.9999817330894847 -5.666579536262878e-05 -0.00604402815499929 -0.008101622574031353 5.826741558106175e-05 0.9999999632385838 0.00026481642620370516 -0.01460028812289238 0.006044012926778838 -0.0002651637587260356 0.9999816996305093 0.8267370462417603
0.999986550093935 -7.677215018326282e-05 -0.00518591720590871 -0.006402092054486275 7.793378661699894e-05 0.9999999719207137 0.00022379655155536896 -0.016816239804029465 0.00518589987894939 -0.0002241976996777116 0.9999865279981709 0.9134360551834106
0.9999548985504361 5.841213925022986e-06 -0.009497411798347172 -0.01186367403715849 -2.6097837894118507e-06 0.9999999421096578 0.00034025559500911574 -0.014476828277111053 0.009497413236044474 -0.00034021546279720593 0.9999548406779492 0.8256865739822388
0.9999609009864792 -4.789502624523856e-05 -0.008842748688902346 -0.009819413535296917 5.164586942512745e-05 0.9999999088021865 0.00042394377327135784 -0.017330214381217957 0.008842727577664852 -0.000424383888932181 0.9999608122658117 0.9717161655426025
0.9999763398435838 -7.249136349194361e-05 -0.00687855348396061 -0.007973726838827133 7.46471131548309e-05 0.9999999481838879 0.00031314538176628376 -0.017409587278962135 0.006878530427205015 -0.00031365143685782896 0.9999762934399686 0.9569334983825684
0.9999961303388153 2.6761091339969364e-05 -0.0027818323527606975 -0.003862264333292842 -2.6138154338573463e-05 0.9999999745778844 0.00022396657593521822 -0.021024230867624283 0.00278183827563063 -0.00022389299729707219 0.9999961056162837 1.1256707906723022
0.9999952198986186 -3.2464998488305444e-05 -0.003091783617432241 -0.004356858320534229 3.28333776265495e-05 0.9999999923689258 0.0001190970923828512 -0.019646892324090004 0.0030917797273516874 -0.00011919803678572611 0.9999952133335166 1.0317237377166748
0.9999773990072677 1.899453128128275e-05 -0.006723177363952715 -0.008403250016272068 -1.7426775473005247e-05 0.9999999726464811 0.00023324524495574135 -0.015545233152806759 0.006723181610434258 -0.0002331228100792685 0.9999773719853806 0.8459658026695251
0.9999568526044892 -1.3525548863251669e-05 -0.009289388913338616 -0.011494538746774197 1.7196123131280738e-05 0.9999999218173292 0.0003950564877628386 -0.014897983521223068 0.009289382843713553 -0.00039519918357988013 0.9999567746577789 0.8582165241241455
0.9999804893203688 -4.966992145561724e-05 -0.006246479928318478 -0.007336301729083061 5.176784357832222e-05 0.9999999423143222 0.0003356954614758982 -0.017760133370757103 0.006246462894018844 -0.00033601227862514 0.9999804342071211 0.974194347858429
0.9999809412869735 -8.967992468778253e-05 -0.006173250386116536 -0.007423765957355499 9.136498923069783e-05 0.9999999586488049 0.000272680815921983 -0.01832277700304985 0.006173225676850219 -0.00027323963793161047 0.9999809081301717 0.9860147833824158
0.9999835792992244 -6.755733721094269e-05 -0.005730320053702467 -0.00699442345649004 6.917002178194807e-05 0.9999999580619255 0.0002812323864804808 -0.016580939292907715 0.005730300814072709 -0.0002816241348105461 0.9999835420347811 0.915819525718689
0.9999668562368881 -0.00010100621165509504 -0.00814102115584365 -0.00914094503968954 0.0001037875890332303 0.999999936395812 0.0003412279415702591 -0.01797349937260151 0.008140986171898923 -0.0003420615689502301 0.9999668031179995 0.9839874505996704
0.9998971540519521 4.031309981963529e-05 -0.014341537353464792 -0.016110461205244064 -3.261741214375838e-05 0.9999998553722377 0.0005368348053912273 -0.016217373311519623 0.01434155692075543 -0.0005363118102720885 0.9998970107539731 0.9308323264122009
0.9999562270887213 -1.9706622199717627e-06 -0.009356489865644182 -0.009960675612092018 7.050980075222904e-06 0.9999998525833893 0.0005429396682710429 -0.020440559834241867 0.009356487416391465 -0.0005429818746447308 0.9999560796924586 1.1226187944412231
0.9999738981620608 -4.275298287415518e-05 -0.00722503749158405 -0.008140243589878082 4.530366484563109e-05 0.9999999367150129 0.0003528704413160166 -0.02205815538764 0.00722502194808371 -0.0003531885514259597 0.9999738368155924 1.1606796979904175
0.9999620478307031 1.761784813530856e-05 -0.008712209125015037 -0.009295051917433739 -1.305619565057889e-05 0.9999998628102612 0.0005236496866897139 -0.021535512059926987 0.008712217155370001 -0.0005235160647412674 0.9999619108761931 1.1671679019927979
0.9999678187856842 -6.471534968040934e-05 -0.008022294243205544 -0.008911452256143093 6.748457206931113e-05 0.9999999382377996 0.0003449206132935049 -0.0217725969851017 0.008022271426072898 -0.0003454508944233434 0.9999677613927591 1.1460646390914917
0.9999623114904073 -3.068482592353286e-05 -0.008681857934973256 -0.009915286675095558 3.371319801552212e-05 0.999999938646325 0.00034866999634204513 -0.016375433653593063 0.008681846703431223 -0.0003489495486852477 0.9999622511735282 0.910079836845398
0.9999656040368801 -1.1691990513635906e-06 -0.008294018434425066 -0.01035770121961832 4.244404323572161e-06 0.9999999312608833 0.000370756272911137 -0.014525273814797401 0.00829401743081368 -0.0003707787235597503 0.9999655353050901 0.8358883261680603
0.9999954702846762 1.8744970233646129e-06 -0.003009884817621339 -0.004401897080242634 -1.0470798471330616e-06 0.9999999622140339 0.00027490149906447136 -0.019458869472146034 0.0030098852191919752 -0.0002748971022492038 0.9999954325008441 1.046006679534912
0.9999976353795175 1.838146943609597e-05 -0.002174602836233746 -0.0036438589449971914 -1.8107902233260946e-05 0.999999991920638 0.00012582061794551131 -0.021154990419745445 0.0021746051314321855 -0.0001257809429319463 0.9999976276330245 1.1007881164550781
0.9999936685406271 -4.271091048050593e-05 -0.003558237546381017 -0.004954162053763866 4.3570426605398025e-05 0.9999999698946257 0.00024147953449820517 -0.017687737941741943 0.0035582271254481633 -0.0002416330395082023 0.999993640296376 0.9537011384963989
0.9999877831800333 -3.122813550484118e-05 -0.004942925802206685 -0.006182262673974037 3.279701210517244e-05 0.9999999491169367 0.00031731763269072307 -0.018523136153817177 0.004942915641457446 -0.0003174758692757022 0.9999877333217811 0.9946069717407227
0.9999871563314271 -4.851586387457429e-05 -0.005068019178847322 -0.006302232854068279 4.999413613245782e-05 0.999999956246641 0.0002915601185306769 -0.018240911886096 0.005068004811813437 -0.0002918097450698946 0.9999871150041386 0.9773167967796326
0.9999906954729072 9.22811957803364e-06 -0.0043138013924235415 -0.00553884357213974 -7.934219618991167e-06 0.9999999549801397 0.0002999612754606338 -0.02059163525700569 0.004313803966295324 -0.00029992425781517933 0.9999906505266837 1.0855027437210083
0.9999950061145415 3.629997683068299e-05 -0.003160131055739414 -0.004449089989066124 -3.565839602024839e-05 0.9999999787435795 0.00020307958798317248 -0.022423066198825836 0.003160138360350679 -0.0002029658886223097 0.9999949861526263 1.1702423095703125
0.9999932864282299 -1.3958106041234188e-05 -0.003664273958038718 -0.005038701929152012 1.4808774478721824e-05 0.9999999729493546 0.00023212494617852935 -0.019239963963627815 0.0036642706188931284 -0.00023217765119771638 0.9999932595844685 1.0151423215866089
0.9999934046459803 -1.9948754000886693e-05 -0.0036318406611337995 -0.005005829967558384 2.07696827756543e-05 0.999999974246539 0.00022599898555297472 -0.01920214854180813 0.003631836059203166 -0.0002260729271880804 0.9999933793070185 1.0168051719665527
0.9999902509003987 -2.488648716521222e-05 -0.004415595636010535 -0.005723562091588974 2.6066960802823208e-05 0.9999999639397462 0.0002672845303138281 -0.018851997330784798 0.004415588825010002 -0.0002673970256886852 0.9999902154892114 1.0092437267303467
0.9999896952936073 -5.144747111950795e-05 -0.004539455887712383 -0.0058787232264876366 5.269161508468472e-05 0.999999961086345 0.00027395419766702503 -0.01760263741016388 0.00453944161681489 -0.00027419056591178223 0.9999896590912035 0.9504928588867188
0.9999755232405035 -6.958399832705977e-05 -0.006996290299034202 -0.00808427482843399 7.196033552381313e-05 0.9999999398127764 0.00033940558889085967 -0.01833355613052845 0.006996266260748984 -0.00033990073673922916 0.999975468062041 0.9890392422676086
0.9999800924969392 -1.9305197807990476e-05 -0.006309852385148595 -0.007347077131271362 2.176232071843387e-05 0.9999999239695645 0.0003893420946806859 -0.018154876306653023 0.006309844389081618 -0.00038947166088303586 0.9999800168881431 0.993066668510437
0.9999947928929861 2.464446367254135e-05 -0.0032270078345907386 -0.004654037766158581 -2.3942135124763323e-05 0.9999999760212603 0.00021767924408639484 -0.021352659910917282 0.00322701312179938 -0.00021760084914965172 0.9999947695044122 1.1246724128723145
0.9999973824298627 4.5628700573083606e-05 -0.0022875863796738634 -0.003755757352337241 -4.527679394067576e-05 0.9999999871347542 0.00015388470734701304 -0.022126156836748123 0.0022875933718027367 -0.00015378072996586454 0.999997371630572 1.1619741916656494
0.9999990741710144 5.8930995901480715e-05 -0.001359479404513969 -0.0028906811494380236 -5.877561251671582e-05 0.9999999917363633 0.00011433590934159432 -0.022492598742246628 0.00135948613120873 -0.00011425589925139122 0.9999990693710911 1.1802165508270264
0.9999983011010791 5.5929985295682485e-05 -0.00184246215492965 -0.0033105004113167524 -5.565092612560506e-05 0.9999999869737201 0.00015151083894408192 -0.022561639547348022 0.0018424706049282164 -0.00015140804681720792 0.9999982911873767 1.1857199668884277
0.9999991552995448 5.301596128775169e-05 -0.0012986876087370557 -0.0028178018983453512 -5.2887053842620775e-05 0.9999999936718386 9.929391986823777e-05 -0.021899931132793427 0.0012986928646813627 -9.922515223313043e-05 0.9999991517752466 1.1555125713348389
0.9999988141678938 4.121403072643561e-05 -0.0015394688077375492 -0.003259815974161029 -4.092525911383029e-05 0.9999999815638493 0.00018760976631147886 -0.020976131781935692 0.0015394765115103433 -0.0001875465406779402 0.9999987974184598 1.1211979389190674
0.9999921070170797 0.00022036428309677204 -0.00396703202962056 -0.0047340551391243935 -0.00021838210542369187 0.9999998511101799 0.0005000888660582969 -0.029049552977085114 0.003967141640694328 -0.0004992185900585068 0.999992006252051 1.5805532932281494
0.9999997318962044 0.0001455612892131413 -0.0007176485428560101 -0.001599375857040286 -0.00014559398555335983 0.999999988365691 -4.5508347712148495e-05 -0.03061695769429207 0.0007176419102529021 4.56128208227687e-05 0.9999997414547465 1.5729715824127197
0.9999986221966185 0.00013496436509596564 0.001654505812937849 6.547855446115136e-05 -0.0001350414278899336 0.9999999898023663 4.646590489314747e-05 -0.02382051758468151 -0.001654499524824452 -4.66892676996979e-05 0.9999986302247793 1.2798950672149658
0.9999946131942924 0.00018116937426882523 0.0032773098809171838 0.001625783508643508 -0.00018111800749602197 0.9999999834706094 -1.5970240106129912e-05 -0.025678366422653198 -0.0032773127200636555 1.537657424197061e-05 0.9999946294780268 1.39286470413208
0.9999944319091032 0.00017819062814637357 0.003332326348001522 0.0016289956402033567 -0.00017822908241401552 0.9999999840539964 1.1242810405260153e-05 -0.025126773864030838 -0.003332324291500787 -1.1836665271578244e-05 0.9999944477219407 1.3716928958892822
0.9999966266228291 0.00022958822247123173 0.002587282785153529 0.0011574645759537816 -0.00022975872371932735 0.9999999714536069 6.560270108542351e-05 -0.027967803180217743 -0.002587267649688406 -6.619693057338716e-05 0.9999966508264292 1.5232200622558594
0.9999997116627564 0.00010665302346273692 0.0007518640414422417 -0.0007192711345851421 -0.00010667202937319261 0.9999999939920524 2.523833120963707e-05 -0.02465222030878067 -0.0007518613451807511 -2.5318526795599588e-05 0.9999997170317049 1.3058655261993408
0.9999975184091705 0.00010293314254213317 -0.0022254393428629993 -0.003388234181329608 -0.00010246662702185076 0.9999999727545454 0.0002097415045532564 -0.02493763342499733 0.0022254608715820776 -0.00020951295079755727 0.9999975017109954 1.3128061294555664
0.9999974287655782 0.00012135958473377369 -0.0022644500620805936 -0.0033891762141138315 -0.00012090546854549419 0.9999999725552433 0.0002006773041752149 -0.02603806182742119 0.002264474354047613 -0.00020040300379106898 0.9999974159939294 1.3680921792984009
0.9999999858029157 0.00012601942991650512 -0.00011186273459402323 -0.0013660131953656673 -0.0001260120336705447 0.9999999898743228 6.612353040233992e-05 -0.025111347436904907 0.00011187106631094267 -6.610943341290046e-05 0.9999999915572034 1.3255414962768555
0.9999983190207783 0.00025369535819662147 0.0018159279399247508 0.0005554929957725108 -0.00025392132382182374 0.9999999600484297 0.00012420587805382852 -0.02923525497317314 -0.001815896356920855 -0.000124666772092799 0.9999983434879364 1.5887870788574219
0.9999775308449821 6.792498598853784e-05 -0.006703222461576707 -0.007036769762635231 -6.588526302411616e-05 0.9999999514663139 0.00030451026586993254 -0.025599800050258636 0.006703242820100154 -0.00030406178020657394 0.9999774867876421 1.3691837787628174
0.9999845654330534 0.00015714463532380047 -0.0055537555969610184 -0.006600375287234783 -0.00015440356278493997 0.9999998660724896 0.0004939782813810775 -0.02427711710333824 0.005553832479197243 -0.0004931131373892158 0.9999844557713017 1.3159217834472656
0.9999958311746976 0.00023986421069374411 0.0028775160097121236 0.001542816055007279 -0.00023975706467427768 0.999999970552128 -3.7580489883806964e-05 -0.029548566788434982 -0.002877524939189944 3.689042842526804e-05 0.9999958592360874 1.5878970623016357
0.999998109544364 0.0001736455768754557 0.0019366865808087552 0.0005686926888301969 -0.00017361314796784195 0.9999999847862189 -1.691263526405524e-05 -0.027206262573599815 -0.001936689488148736 1.6576369037547295e-05 0.9999981244777666 1.4542126655578613
0.9999998518977367 0.00023136604451418975 -0.0004926197905325473 -0.0015551710966974497 -0.0002312641472841833 0.9999999518557718 0.00020689453361240096 -0.029739756137132645 0.0004926676351856213 -0.00020678057767505948 0.9999998572601867 1.592474102973938
0.9999996354819581 0.00011267011041253205 0.0008463695390113371 -0.0006635743193328381 -0.00011270709297913996 0.999999992695983 4.364796236242056e-05 -0.024022724479436874 -0.0008463646150087011 -4.3743338302278855e-05 0.9999996408766647 1.2762371301651
0.9999996833528039 0.00015678522482277915 0.0007802004137547488 -0.0005002954276278615 -0.00015683236923268965 0.9999999858798246 6.036521179052813e-05 -0.026375392451882362 -0.00078019093836488 -6.048755335541854e-05 0.9999996938216311 1.4069236516952515
0.9999993510879769 0.0001245601358647561 0.0011323905677445346 -0.0003892243839800358 -0.0001246350966258325 0.9999999900466836 6.612658722450194e-05 -0.02427423745393753 -0.0011323823197368038 -6.626767992199347e-05 0.9999993566592315 1.3007011413574219
0.9999976396055248 9.222274491963063e-05 0.0021707782808630567 0.0004925610264763236 -9.210452430999174e-05 0.9999999942699861 -5.455991763677889e-05 -0.022650044411420822 -0.002170783300089834 5.435985035290937e-05 0.9999976423696563 1.203270673751831
0.9999978461267268 0.00010231479846565946 0.0020729866351255283 0.0005061696865595877 -0.0001022081958392162 0.9999999934490447 -5.153052985237377e-05 -0.023656189441680908 -0.002072991893881262 5.131854263816777e-05 0.9999978500331964 1.256293535232544
0.9999976430389707 0.00015102795368175485 0.0021658963642728667 0.0006413262453861535 -0.0001510828730063227 0.999999988269644 2.5192802682370094e-05 -0.02517811395227909 -0.002165892534048695 -2.5519973149264247e-05 0.9999976541263794 1.3605170249938965
0.9999999053995074 0.00013839520949830104 0.00041236845462197004 -0.0008798144990578294 -0.00013841142651180687 0.999999989648963 3.929823454977347e-05 -0.026052147150039673 -0.00041236301166612543 -3.935530733819381e-05 0.9999999142039496 1.376172423362732
0.9999999114544134 0.00013372282341956584 0.0003990104912034454 -0.0010059864725917578 -0.0001337702633350066 0.999999983987769 0.00011886958593992354 -0.024606022983789444 -0.00039899458923774666 -0.00011892295115302803 0.999999913330321 1.3183667659759521
0.9999997919755617 0.00014840111130093862 0.0006277148586029244 -0.0006766486912965775 -0.00014842322697556406 0.9999999883662596 3.5185602386664004e-05 -0.026650547981262207 -0.0006277096297177566 -3.527876253213318e-05 0.9999998023679953 1.4119577407836914
0.9999998589000011 0.00015246970353337267 0.0005088742159021173 -0.0005088733742013574 -0.00015242722620514146 0.999999984895937 -8.351087846988212e-05 -0.03045308217406273 -0.0005088869410949311 8.343330040127997e-05 0.9999998670364741 1.5772314071655273
0.99999634008212 0.00018755988715415993 0.002699007901744069 0.0011352935107424855 -0.00018763076401760986 0.999999982059162 2.6007154405906935e-05 -0.026034152135252953 -0.00269900297542266 -2.6513476136551324e-05 0.9999963573333526 1.4106197357177734
0.9999999095785139 0.00019146340122601187 0.0003797166440189565 -0.0008808146230876446 -0.00019155489736970144 0.9999999526279745 0.00024093727378364025 -0.02683279849588871 -0.00037967049536108925 -0.00024100998858050853 0.9999998988822449 1.4709784984588623
0.9999998276337189 7.431764469234893e-05 -0.0005824168785516643 -0.001985474955290556 -7.431456735211885e-05 0.9999999972245991 5.305380747387185e-06 -0.024169638752937317 0.0005824172712186254 -5.262097774570297e-06 0.9999998303812019 1.2481894493103027
0.9999998177026896 2.6417890335918003e-05 -0.000603238495588867 -0.002272209385409951 -2.635581807275105e-05 0.999999994357853 0.00010290609628201042 -0.020327575504779816 0.0006032412107472733 -0.00010289017867846162 0.9999998127568088 1.0746809244155884
0.9999996866574123 7.572662597885099e-05 0.0007880041591952876 -0.0008284965297207236 -7.573316580406968e-05 0.9999999970980522 8.269391057436424e-06 -0.022928956896066666 -0.0007880035306954571 -8.329066515926665e-06 0.9999996894904828 1.207817792892456
0.9999992960069174 4.409311803266768e-05 -0.0011857661939068886 -0.002713947556912899 -4.397079423025673e-05 0.9999999937096085 0.0001031860081790792 -0.02217712067067623 0.001185770736240793 -0.00010313379645552573 0.9999992916553396 1.1574089527130127
0.9999954742066085 2.2733936087348793e-05 -0.003008496213754118 -0.004366051405668259 -2.2128444606913723e-05 0.9999999794956003 0.00020129364307959214 -0.021791895851492882 0.0030085007282635258 -0.0002012261587243364 0.9999954542053683 1.128262996673584
0.9999978465621568 9.524104045858584e-05 -0.002073113646913014 -0.0033557319547981024 -9.47412287962103e-05 0.9999999664259501 0.0002411891334756517 -0.023173358291387558 0.002073136548414213 -0.0002409922047555016 0.9999978220114325 1.2337687015533447
0.9999999850824659 0.00012499529309298543 -0.00011921092438370472 -0.0015528821386396885 -0.00012498212140493641 0.9999999860855308 0.00011049166256391772 -0.025319602340459824 0.0001192247336626945 -0.00011047676168143046 0.9999999867901739 1.343796968460083
0.9999997943346298 3.968473327647743e-05 -0.0006401217227509438 -0.0022363055031746626 -3.9661762250448415e-05 0.999999998569137 3.589805732238673e-05 -0.02141323685646057 0.0006401231464398474 -3.587266158382038e-05 0.9999997944777337 1.1236666440963745
0.9999999777915217 6.621960019183717e-05 -0.000200079784796108 -0.0017881926614791155 -6.619774979923505e-05 0.9999999918451841 0.00010921304602080273 -0.021966107189655304 0.00020008701520873745 -0.00010919979876381336 0.9999999740202947 1.1692451238632202
0.9999998795996327 8.392780037086705e-05 -0.00048348406879239464 -0.0019073153380304575 -8.388589837436821e-05 0.9999999927243136 8.668638423628045e-05 -0.023504476994276047 0.0004834913406722671 -8.66458163037476e-05 0.9999998793643059 1.2369377613067627
0.9999999533397965 8.135746149361859e-05 0.0002944509598405078 -0.0012192132417112589 -8.137064441062211e-05 0.9999999956877035 4.475947735858851e-05 -0.02300366386771202 -0.00029444731705329235 -4.478343493445176e-05 0.9999999556476096 1.2137928009033203
0.9999998476661836 7.853934704011704e-05 0.0005463507850621226 -0.0009613547008484602 -7.856587508829709e-05 0.9999999957359423 4.85336812204564e-05 -0.022727441042661667 -0.000546346970928819 -4.85765983546691e-05 0.9999998495726392 1.206735372543335
0.9999995833514927 0.00012905796520378085 0.0009036818481611581 -0.000511927530169487 -0.00012912798939309115 0.9999999886652988 7.742974067932055e-05 -0.02448151260614395 -0.000903671844993416 -7.754639903843876e-05 0.9999995886817918 1.309326171875
0.9999998888242378 0.00010591839486763574 0.00045949189971722886 -0.0009839166887104511 -0.0001059438694648068 0.9999999928524369 5.54168111662442e-05 -0.024178706109523773 -0.0004594860267732941 -5.546548535508175e-05 0.99999989289808 1.2807167768478394
0.9999990724774483 6.953562129924228e-05 -0.001360223893404774 -0.0023205264005810022 -6.937457659513613e-05 0.9999999905792644 0.00011844255662240416 -0.02303493022918701 0.0013602321165672275 -0.0001183480818075823 0.9999990678807258 1.2280433177947998
0.9999956871456227 6.91459663870114e-05 -0.002936138448522237 -0.004510454833507538 -6.841356447943989e-05 0.9999999665237794 0.0002495436313419427 -0.023847468197345734 0.0029361556051669645 -0.0002493416833995315 0.9999956584000688 1.2569470405578613
0.9999898331054423 0.00030937077309104626 -0.004498663743188147 -0.0047333454713225365 -0.00030675034178719626 0.9999997829088411 0.0005831693565768943 -0.03364461287856102 0.004498843182122709 -0.0005817834609147281 0.9999897109160809 1.8335590362548828
