0.9999816468883911 -6.926285986088024e-05 0.0060581423751500905 0.004934147000312805 6.985295127115872e-05 0.9999999928370293 -9.719314121943833e-05 -0.013421814888715744 -0.006058135599880873 9.7614536546995e-05 0.9999816445637669 0.7434067130088806
0.9999895975021034 -3.351795472908491e-05 0.004561114351547425 0.0030830756295472383 3.414852070226252e-05 0.9999999898714068 -0.00013817041937103566 -0.015003036707639694 -0.004561109674159892 0.00013832473736139799 0.9999895885182042 0.7993518114089966
0.9999330229277525 -0.0001273757931656397 0.01157296133123295 0.011251581832766533 0.0001299301928668201 0.9999999673657246 -0.00021996975892523034 -0.011408933438360691 -0.011572932934735228 0.00022145870309260186 0.9999330068456241 0.6409265995025635
0.9999721680792673 -0.0001040961285950968 0.0074600422817600745 0.006591307930648327 0.00010517518924941907 0.9999999840645946 -0.00014425321532522795 -0.012394575402140617 -0.007460027146680024 0.00014503381183996635 0.9999721630926354 0.6957681179046631
0.9999955072217209 -2.9028485637769653e-05 0.002997447867795967 0.001628992846235633 2.9005938280670364e-05 0.9999999995507083 7.565656620803389e-06 -0.01486329734325409 -0.002997448086068793 -7.4786788421328395e-06 0.9999955076144297 0.8061350584030151
0.9999872291728612 -0.000164613269121603 0.005051177452345523 0.0032987219747155905 0.00016548266138779997 0.9999999715674204 -0.00017169929274828632 -0.017388679087162018 -0.005051149044745632 0.00017253298229425498 0.9999872279812866 0.8871976137161255
0.9999752892760626 -0.00010820088645555595 0.007029162810939932 0.006209496408700943 0.0001092090553247096 0.9999999838060522 -0.0001430429218356828 -0.01232581865042448 -0.007029147219739093 0.00014380703537183648 0.9999752848990316 0.6925672888755798
0.9999570627325182 -8.213333695291253e-05 0.009266387940800109 0.00862142164260149 8.355729417054732e-05 0.9999999847613988 -0.00015328202924552554 -0.011679030023515224 -0.009266375210028762 0.00015404972203710354 0.9999570543574109 0.654403805732727
0.9998931694081876 -0.00018638052323802882 0.014615575019475732 0.015021223574876785 0.00019030472336951972 0.9999999462197585 -0.0002671040847627349 -0.010640313848853111 -0.014615524450447503 0.000269856962836252 0.9998931511027855 0.5963395833969116
0.9999602321898609 -0.00010718590227164005 0.008917541700577875 0.008313232101500034 0.00010869435336201867 0.9999999798678145 -0.00016867100400101375 -0.011141053400933743 -0.008917523441894521 0.00016963358275327387 0.9999602237089785 0.6385875940322876
0.9999764910052833 -0.00011125730128225217 0.006856023524886057 0.006030522286891937 0.00011226755339276448 0.9999999828982307 -0.00014696780316345102 -0.012259542010724545 -0.006856007056394767 0.00014773405708528507 0.9999764863945009 0.6864438056945801
0.9999927897557714 -4.484021908695203e-05 0.0037971602315790562 0.002337935846298933 4.5045310857110127e-05 0.9999999975314329 -5.392637673111903e-05 -0.01422346942126751 -0.003797157804134964 5.409703217177817e-05 0.9999927893070637 0.7672936916351318
0.9999941831167699 -5.00163686980657e-05 0.003410459058096288 0.0020222000312060118 5.024323400574476e-05 0.9999999965310162 -6.643481663321538e-05 -0.014500822871923447 -0.0034104557234371775 6.660578268216755e-05 0.9999941821607904 0.7800844311714172
0.9999877187354725 -6.251562253941735e-05 0.004955650312822212 0.003690926358103752 6.290122304404004e-05 0.9999999950066113 -7.765445217805073e-05 -0.013657065108418465 -0.004955645433460301 7.796521494883688e-05 0.999987717674454 0.7476467490196228
0.9999371026779919 -0.00012146385974891152 0.011214987047423818 0.01061187218874693 0.00012369455838347025 0.9999999727062379 -0.0001982099385309373 -0.011433928273618221 -0.011214962665980453 0.0001995847045267157 0.9999370904103649 0.6344735622406006
0.9999626122380878 -0.0001315128332747234 0.008646203233494918 0.007986233569681644 0.00013308650483727195 0.9999999746851818 -0.00018143213186782081 -0.010752558708190918 -0.008646179153964142 0.0001825760414949298 0.9999626044267991 0.6218116283416748
0.9999942279441961 -4.093179710529611e-05 0.00339741120251192 0.001986578106880188 4.0980768971357094e-05 0.9999999990574009 -1.4344852139725473e-05 -0.014398939907550812 -0.003397410612148946 1.4483997864029265e-05 0.999994228679019 0.780655026435852
0.9999944039790707 -5.693811950368552e-05 0.0033449616729840756 0.001618246198631823 5.736519942662743e-05 0.9999999902159358 -0.0001275827662296659 -0.015383018180727959 -0.0033449543759339656 0.000127773936667281 0.9999943974613278 0.8120822310447693
0.9999508063202324 -8.778954495548087e-05 0.009918529755606802 0.009421843104064465 8.939049725618757e-05 0.9999999830494759 -0.0001609670365092856 -0.010132130235433578 -0.009918515456259637 0.0001618457402553424 0.9999507972180932 0.5828937292098999
0.9999941476745989 -7.337451226834793e-05 0.0034204141172251186 0.0018602560739964247 7.361594662326501e-05 0.9999999948080088 -7.046044810447327e-05 -0.013556859456002712 -0.0034204089294653447 7.071183277008616e-05 0.9999941478841723 0.7378234267234802
0.9999942574777405 -9.001166975064274e-05 0.003387758763811003 0.0017934658098965883 9.035486135389931e-05 0.9999999908022855 -0.00010115052170071109 -0.012645809911191463 -0.0033877496279240108 0.00010145604131499325 0.9999942564130707 0.6985713243484497
0.9999946373542378 -7.929670292654682e-05 0.003273984544768196 0.0015163547359406948 7.954171982986122e-05 0.9999999940459607 -7.470738424045413e-05 -0.012854188680648804 -0.0032739786012255094 7.496740197260386e-05 0.9999946377076266 0.7020021080970764
0.9999957687091501 -8.854097958221016e-05 0.0029077008599623626 0.001165740075521171 8.877390702533061e-05 0.9999999928613469 -7.997811953953364e-05 -0.01309275720268488 -0.0029076937578642456 8.0235909094648e-05 0.9999957694306558 0.7143650054931641
0.9999978355594027 -5.851807509658045e-05 0.002079772137638683 -4.319113213568926e-05 5.8562216208415056e-05 0.9999999980612945 -2.1163121694510992e-05 -0.014160016551613808 -0.002079770895181473 2.128487195377987e-05 0.9999978370476497 0.7600764632225037
0.9999910199187241 -7.305898593142555e-05 0.004237303894521809 0.002402689540758729 7.358253535521825e-05 0.9999999896788475 -0.00012340143962147305 -0.013325339183211327 -0.004237294835203909 0.00012371212303014515 0.9999910149735297 0.7266464233398438
0.9999955228166693 -7.256600734699311e-05 0.0029915014275156285 0.0009015938849188387 7.27943326094016e-05 0.9999999944460665 -7.621582586109385e-05 -0.013593193143606186 -0.002991495880222849 7.643324897878483e-05 0.9999955225451547 0.7382733821868896
0.999997218467167 -4.08738885053618e-05 0.002358259369557774 9.890960063785315e-05 4.102620083182286e-05 0.9999999970758217 -6.453841855720941e-05 -0.015976015478372574 -0.0023582567247256783 6.46349894639882e-05 0.9999972172198973 0.856539785861969
0.9999801369456646 -0.00017699809342669454 0.0063003480701099256 0.004159091506153345 0.00017865435454687752 0.9999999496348307 -0.0002623222392126446 -0.014775685966014862 -0.006300301322255626 0.0002634426133096399 0.999980118202976 0.7710443735122681
0.9999825953938424 -6.49871515646289e-05 0.005899549649350163 0.004147101193666458 6.594848470951233e-05 0.9999999845806619 -0.00016275587063581992 -0.011717289686203003 -0.005899538981342579 0.00016314210429383484 0.9999825842605767 0.6586523652076721
0.9999980470893449 -3.819437802735427e-05 0.0019759450107923655 -0.00043988809920847416 3.817658162863505e-05 0.9999999992303751 9.044241959828345e-06 -0.013838419690728188 -0.001975945354710825 -8.968789471233647e-06 0.9999980477778524 0.7531622648239136
0.9999998147878068 -6.505866490795248e-05 0.0006051377710070915 -0.001748058246448636 6.510536311539345e-05 0.9999999949045715 -7.715016789971306e-05 -0.015126772224903107 -0.0006051327486367344 7.718955132487752e-05 0.9999998139280474 0.8131021857261658
0.9999999965683267 -5.965691780408612e-05 5.7483897729353696e-05 -0.0023099184036254883 5.966079721190559e-05 0.9999999959430126 -6.748750978473148e-05 -0.015200486406683922 -5.747987139931822e-05 6.749093908830178e-05 0.9999999960705187 0.8209638595581055
0.9999998578327928 -4.413793810300498e-05 -0.000531400260014637 -0.0028452593833208084 4.411718351377562e-05 0.9999999982636797 -3.906807386199094e-05 -0.014655482023954391 0.0005314019834761819 3.904462442500166e-05 0.9999998580437144 0.8063977360725403
0.9999995112605979 -6.912762840078717e-05 0.0009862555125287676 -0.001172397518530488 6.915022581191627e-05 0.999999997347416 -2.2878247846836604e-05 -0.0141045106574893 -0.0009862539283936264 2.294643645673505e-05 0.9999995133882064 0.7653698325157166
0.9999998726649763 -7.090787449663054e-05 0.0004996419764962939 -0.0016555702313780785 7.092727166146292e-05 0.9999999967317659 -3.880451595769401e-05 -0.012933280318975449 -0.0004996392233175995 3.883994925872047e-05 0.9999998744260445 0.7129597663879395
0.9999995392596401 -1.6521503640201094e-05 0.0009597955759373879 -0.0013014981523156166 1.6516637010807078e-05 0.9999999998507053 5.078411414808261e-06 -0.010999458841979504 -0.000959795659697088 -5.062556479846821e-06 0.9999995393832251 0.6190798878669739
0.999999094104484 -6.810829557281395e-05 0.0013443033404042686 -0.0004241407150402665 6.817703433702371e-05 0.9999999963709736 -5.108761396531494e-05 -0.01228257268667221 -0.0013442998560354448 5.117921830027265e-05 0.9999990951188827 0.6782201528549194
0.9999982486983012 -3.050257101164653e-05 0.0018712749460970829 0.0002196066197939217 3.0568077819892e-05 0.9999999989210689 -3.497792099741512e-05 -0.011542714200913906 -0.0018712738771615868 3.503506101869736e-05 0.9999982485517769 0.6455944180488586
0.9999999507069989 -1.853640076475959e-05 0.00031343643921617775 -0.002120424760505557 1.8548903331760775e-05 0.9999999990325295 -3.988582385236654e-05 -0.010289233177900314 -0.00031343569957332156 3.989163578848626e-05 0.9999999500833584 0.5767942070960999
0.9999912917948234 -6.417235593874053e-05 0.004172794798323406 0.002599551808089018 6.44328659046448e-05 0.9999999959837964 -6.229616877435173e-05 -0.010043790563941002 -0.004172790783872697 6.256449141422029e-05 0.9999912919134637 0.5789270401000977
0.9999670160298377 -0.00011651436869684037 0.008121162280361586 0.0071349963545799255 0.00011765750231267637 0.9999999832388038 -0.0001402822302868482 -0.009526521898806095 -0.00812114579934569 0.0001412331188917334 0.9999670129779841 0.5381723046302795
0.9999977974981321 -6.824085604600421e-05 0.002097699232518866 0.0006162391509860754 6.81967027357864e-05 0.9999999974515783 2.1119967529038555e-05 -0.013546537607908249 -0.0020977006684177076 -2.0976864841281445e-05 0.9999977996035174 0.7500419020652771
0.9999760592172998 0.00011797793312602508 -0.006918603431797992 -0.01052946224808693 -0.00011686466685599338 0.9999999801603573 0.00016131315690920566 -0.010347383096814156 0.006918622325928211 -0.0001605007546608036 0.999976053165584 0.5913979411125183
0.9999981611321288 4.9722661458046135e-05 -0.0019170967679147458 -0.004433956928551197 -4.954761683323065e-05 0.9999999945996919 9.135452667263037e-05 -0.009505966678261757 0.001917101299952035 -9.125937110763754e-05 0.9999981581954702 0.5643605589866638
0.9999999105580158 -3.419373818116371e-05 0.00042156227113080265 -0.0016413668636232615 3.418839716350082e-05 0.9999999993352263 1.267678152394746e-05 -0.012025832198560238 -0.0004215627043171076 -1.26623678517564e-05 0.9999999110622714 0.6741913557052612
0.9999999985253278 -9.608706654749331e-06 -5.345107256948011e-05 -0.0021766675636172295 9.610112875439513e-06 0.9999999996077579 2.630836426205355e-05 -0.011737233027815819 5.345081975915958e-05 -2.630887789409804e-05 0.9999999982254264 0.6643831729888916
0.9999996101221085 2.7366947790045556e-06 -0.0008830334884395275 -0.0032969273161143064 -2.69446652591199e-06 0.9999999988528508 4.7822988617025846e-05 -0.011881658807396889 0.0008830336183034796 -4.782059066772402e-05 0.9999996089823336 0.6667413711547852
0.9999995314437781 -5.871458025962984e-05 0.0009662633295189804 -0.0007306048646569252 5.872858340271659e-05 0.9999999981708774 -1.4463689568671615e-05 -0.014859012328088284 -0.0009662624785221044 1.452043006815652e-05 0.9999995330628807 0.7965784072875977
0.9999995653294231 -4.1699700348740917e-05 0.0009314516091069681 -0.0007641668198630214 4.1654672232324315e-05 0.9999999979630404 4.836122144830854e-05 -0.015158760361373425 -0.0009314536238580817 -4.8322401115630886e-05 0.9999995650294516 0.8170918226242065
0.9999921443258163 -3.176073019609791e-05 0.003963619294504818 0.002254252787679434 3.2207177708904075e-05 0.9999999931450596 -0.00011257254753205707 -0.014943111687898636 -0.003963615691948134 0.0001126993201897902 0.9999921384938533 0.7999035120010376
0.9999952194222843 -6.0602409356395556e-05 0.003091514180017701 0.0011280180187895894 6.0801264099873457e-05 0.9999999960889322 -6.422882243699043e-05 -0.014622767455875874 -0.00309151027550519 6.441648335624095e-05 0.9999952191959384 0.7964625954627991
0.9999966520998209 -7.510126877437224e-05 0.0025865322245835296 0.00098063750192523 7.531936826593641e-05 0.9999999936166643 -8.42238914187007e-05 -0.013196435756981373 -0.00258652588275172 8.441842541867468e-05 0.9999966513730869 0.7235273122787476
0.9999999531646585 2.4289671190040745e-05 0.00030509128574838715 -0.0019922247156500816 -2.4294599235433553e-05 0.9999999995744911 1.6148995768074966e-05 -0.009654656983911991 -0.0003050908933647709 -1.6156407082248714e-05 0.9999999533292575 0.5611497759819031
0.999999820799193 -5.901697480759522e-05 0.0005957504331435549 -0.0013795581180602312 5.897137369354493e-05 0.999999995330375 7.656126398471113e-05 -0.014470880851149559 -0.0005957549487758117 -7.652611804344984e-05 0.9999998196098809 0.7939091324806213
0.9999640221205597 -2.716548133927058e-05 -0.008482554244435352 -0.010968131944537163 3.005542122892916e-05 0.9999999415561124 0.00034056488927124064 -0.01497846469283104 0.008482544497072758 -0.00034080758320962647 0.9999639644952445 0.8435927629470825
0.9999133112687855 0.00022466519815662433 -0.01316508537921348 -0.015900801867246628 -0.00021983184958029162 0.9999999079114321 0.0003685798224308137 -0.013022376224398613 0.013165166973918462 -0.0003656537656448609 0.9999132685767665 0.7463303804397583
0.9999821869132329 0.00015478136810858598 -0.005966732686862254 -0.009191096760332584 -0.0001537111241209561 0.9999999720176276 0.00017982667942097454 -0.007876270450651646 0.00596676035371838 -0.0001789063229641041 0.9999821827229769 0.4745396673679352
0.9999991303989065 -6.657507923834054e-05 0.001317106369810052 -0.0008756434544920921 6.65577408650605e-05 0.9999999976978103 1.3207816084237292e-05 -0.013822389766573906 -0.0013171072460892257 -1.3120140974252445e-05 0.9999991325278058 0.762152910232544
0.9999991298550674 -5.2281482672755114e-05 -0.0013181637814729072 -0.0038261243607848883 5.235704710870897e-05 0.9999999969882357 5.729108647617866e-05 -0.013090336695313454 0.0013181607822399636 -5.736005178783365e-05 0.9999991295806097 0.7197439074516296
0.9999968216163051 -1.5109561544195336e-05 -0.0025212157758896766 -0.00395619310438633 1.5608580126380663e-05 0.9999999802943584 0.00019790819756245658 -0.018578853458166122 0.002521212735901411 -0.00019794692113272224 0.9999968021465652 0.9980973601341248
0.9999999878739542 -0.00010571962947724254 0.00011434794044453859 -0.0017265800852328539 0.00010572387048966476 0.9999999937236477 -3.7083255954313304e-05 -0.01695805974304676 -0.00011434401929877132 3.709534481148636e-05 0.9999999927746903 0.8856886625289917
0.9999902454510732 0.00021734837811333233 -0.004411548751277562 -0.005666759796440601 -0.00021451393171543896 0.9999997702873119 0.0006429689700321551 -0.027676831930875778 0.004411687486151655 -0.0006420163594922877 0.999990062364881 1.5279923677444458
0.9999994723142676 -0.00037590825769591793 0.0009560670313814595 0.00023556745145469904 0.00037604988525282535 0.9999999183471368 -0.00014796014305548829 -0.04054341837763786 -0.0009560113338762643 0.0001483195938764768 0.9999995320217044 1.9517223834991455
0.9999974358173307 -5.51132558114772e-05 -0.002263917245169072 -0.00377403455786407 5.554081422527249e-05 0.9999999806357656 0.00018879535687096123 -0.015842963010072708 0.0022639067962032483 -0.0001889206125723144 0.9999974195141809 0.8608971834182739
0.999996303776327 -9.870571715333351e-06 -0.00271888511263908 -0.00418547447770834 1.0341203213643027e-05 0.999999984967627 0.0001730832322042782 -0.01918734610080719 0.0027188833633373286 -0.00017311070899340226 0.999996288846083 1.0146485567092896
0.9999972239528394 -2.2900194237248306e-05 -0.0023561753322027847 -0.003935268148779869 2.307917016568002e-05 0.9999999968507507 7.593319955440838e-05 -0.018142014741897583 0.002356173585897582 -7.598736733169744e-05 0.9999972213321162 0.950072169303894
0.999999038708029 -4.8046349938393855e-05 -0.0013857397179652146 -0.0031592140439897776 4.8131269886734974e-05 0.9999999969660298 6.124802862231687e-05 -0.016270754858851433 0.0013857367710167056 -6.131466715743687e-05 0.9999990379865937 0.8679050207138062
0.9999975182361693 8.133159079644563e-05 -0.0022264111646989704 -0.0036620155442506075 -8.052154318814393e-05 0.9999999305382343 0.00036392280418196015 -0.0222243070602417 0.002226440608469111 -0.0003637426269487547 0.9999974553235214 1.2099310159683228
0.9999975560021842 -5.0738957950286744e-05 -0.002210297540211344 -0.003601282136514783 5.0795954039673214e-05 0.9999999983788564 2.573048442855581e-05 -0.025388170033693314 0.002210296231090167 -2.5842695715574652e-05 0.9999975569583786 1.288231611251831
0.9999964356158961 7.301646894983186e-06 -0.002669962956392626 -0.004077981226146221 -6.569673043937235e-06 0.9999999623965713 0.0002741599809707301 -0.019325200468301773 0.002669964857812238 -0.0002741414629755891 0.9999963980605711 1.0330140590667725
0.9995720165498837 0.0012270109185443087 -0.029228037474389103 -0.03130519762635231 -0.0011867396611260881 0.9999983226200454 0.0013951365781910985 -0.05434165149927139 0.029229700295679242 -0.001359853411537244 0.999571796030342 3.473468780517578
0.999008201383387 0.001772566550360133 -0.04449125280945281 -0.0382080078125 -0.0016358701203338238 0.9999938300780697 0.0031086548123004844 -0.08200462907552719 0.0444964885994333 -0.003032789741670915 0.9990049372694327 5.025057315826416
0.9996721203836905 0.0009385777341970897 -0.02558848958834987 -0.02295609377324581 -0.0009053308803607613 0.9999987310320011 0.0013108433867146491 -0.05607553571462631 0.025589687445791234 -0.0012872475380818484 0.9996717015551667 3.1392173767089844
0.9999984776057061 -2.5187497888309894e-05 -0.0017447497987476837 -0.003389477962628007 2.5425304345838246e-05 0.9999999903911664 0.0001362762685992193 -0.017732251435518265 0.0017447463495244456 -0.00013632042192764606 0.9999984686372868 0.9436319470405579
0.999981872750444 1.2020911560461232e-05 -0.006021131622196124 -0.007058318704366684 -9.472257662056276e-06 0.999999910358099 0.00042331320534667877 -0.020403534173965454 0.0060211361710610445 -0.0004232484981324226 0.9999817832240334 1.0957204103469849
0.9999801682724911 -9.283956784698955e-07 -0.006297861609966248 -0.007416178472340107 2.744408525125009e-06 0.9999999584247425 0.00028834524658618085 -0.021328549832105637 0.00629786108043255 -0.00028835681210691457 0.9999801267006062 1.1116909980773926
0.9999986962177065 -1.8065863330564882e-05 -0.001614693937367245 -0.003273000242188573 1.8211845736081478e-05 0.9999999957486213 9.039405837951386e-05 -0.018057484179735184 0.001614692297455865 -9.042334708223945e-05 0.9999986922953462 0.95514976978302
0.9999991874794423 -2.929820264542532e-05 -0.0012744340198194179 -0.0029403192456811666 2.9505475464435648e-05 0.9999999863419811 0.00016262061600467794 -0.016964353621006012 0.0012744292379214118 -0.00016265808665378713 0.9999991746858917 0.9167155027389526
0.9999913598260842 0.00014466273402998975 -0.004154436889952018 -0.005362634547054768 -0.0001427005471273743 0.9999998781411426 0.0004726036966583218 -0.025735540315508842 0.004154504751839957 -0.000472006772862987 0.9999912586117308 1.3889800310134888
0.9999978933747146 -2.367417911516095e-05 -0.002052482805328199 -0.0036540820728987455 2.386559160783113e-05 0.9999999953688753 9.323455765512426e-05 -0.018524067476391792 0.002052480588571278 -9.32833449612617e-05 0.999997889308598 0.9764509797096252
0.9999918027944699 0.00022218517912164673 -0.004042892233583099 -0.005213523283600807 -0.0002199891754818416 0.9999998280448258 0.0005436129887765898 -0.026128672063350677 0.004043012321136145 -0.000542719140140164 0.9999916797190396 1.4628266096115112
0.9996916762710792 0.0012620563978583284 -0.02479837913994868 -0.022136718034744263 -0.0012192533586395252 0.9999977410176843 0.0017410860909130952 -0.06652918457984924 0.024800520469689002 -0.0017103137657019736 0.9996909567517632 3.931730270385742
0.9998476880218907 0.0010838519534735035 -0.017419128055766852 -0.016062991693615913 -0.0010641912216419265 0.9999987863213131 0.0011379160535566547 -0.05773060396313667 0.017420340247079922 -0.0011192054521460112 0.9998476279537959 3.517199993133545
0.9992092234799247 0.0019276106079803284 -0.03971412884591043 -0.03339887410402298 -0.0018062952330473111 0.9999935934310572 0.0030903712353246874 -0.08538244664669037 0.0397198314469818 -0.0030161920006944827 0.9992063038109987 5.105631351470947
0.9991009475732454 0.0019262808324997706 -0.042350749702899586 -0.035700976848602295 -0.0017810821307273261 0.9999924074575641 0.003465944845016766 -0.08703795075416565 0.04235710453615673 -0.003387398615374116 0.9990967927212727 5.107332229614258
0.9991011476063058 0.002182764099164774 -0.042333584689346844 -0.0325629822909832 -0.0020725500996297283 0.9999943484735044 0.0026471790902273737 -0.11246949434280396 0.04233912360745353 -0.0025570611917999963 0.9991000250476496 6.120419502258301
0.9993317976734898 0.0023132506326796467 -0.03647748662094666 -0.02749512530863285 -0.0021958968222811556 0.9999922853130823 0.0032568929157334382 -0.09954989701509476 0.03648473921815573 -0.003174615855354211 0.9993291678012574 5.949194431304932
0.9989534938030166 0.00217025657542486 -0.045685962889523285 -0.0368410088121891 -0.0020287724960756444 0.9999930027208886 0.003143022656540207 -0.1053314283490181 0.045692464377676545 -0.0030470470388858817 0.998950906803451 5.930965900421143
0.9985728772297467 0.002672339007782377 -0.05333917383436599 -0.043125610798597336 -0.002431570064762623 0.9999865631896168 0.00457830833811636 -0.10984184592962265 0.053350691917962774 -0.0044420765916629796 0.9985659575748758 6.607354640960693
0.9991217006283968 0.0019171936147913925 -0.041858711184930494 -0.034184880554676056 -0.0017915585513575178 0.9999937782476426 0.0030387141954246752 -0.0902830958366394 0.041864276553848154 -0.0029610529626841854 0.9991189191052159 5.169690132141113
0.99969351882728 0.0014255350945869675 -0.02471510195052366 -0.020677214488387108 -0.0013690401757217203 0.9999964118378711 0.0023026159862374186 -0.06588705629110336 0.024718295728628565 -0.0022680743102723075 0.9996918833796716 3.9425642490386963
0.9997317212792196 0.0012225565073670564 -0.023129868648029222 -0.020099308341741562 -0.001177406719701581 0.9999973751990758 0.0019655300494107464 -0.0634622797369957 0.023132210908280954 -0.0019377694767514304 0.9997305366287207 3.624455451965332
0.999633181846814 0.001478419970119635 -0.027042855344919306 -0.02042020857334137 -0.0014296247716134682 0.9999973153048185 0.0018236107499992268 -0.08532386273145676 0.027045478805646395 -0.001784280680575526 0.9996326117222397 4.64371919631958
0.9998912840994044 0.0006331233065752396 -0.014731569397830734 -0.012915298342704773 -0.0006243632102663681 0.999999625541266 0.000599239442901604 -0.05469926446676254 0.014731943273923423 -0.000589976446084405 0.99989130498028 2.8238143920898438
0.9998848250108661 0.0008773804050765371 -0.015151465823964969 -0.013816303573548794 -0.0008546021861698641 0.9999984951138491 0.0015097765201289237 -0.04568871483206749 0.015152767671068688 -0.0014966541558177847 0.9998840701092525 2.724698781967163
0.9998092243790403 0.0008141354567933418 -0.019515430562500803 -0.0164727084338665 -0.00079178239020465 0.9999990217153171 0.0011531040956299105 -0.05676143243908882 0.019516350253783628 -0.0011374321372233857 0.9998088908991082 3.0240161418914795
0.9999520580120564 0.0003225590271086913 -0.009786604780367926 -0.010007236152887344 -0.0003180338009188809 0.9999998418058954 0.00046394254569586974 -0.0320797935128212 0.009786752881040918 -0.00046080783225154614 0.9999520024102093 1.7397093772888184
0.9998738754124085 0.000694934207496669 -0.01586664218473502 -0.01511674840003252 -0.0006707145530480395 0.9999986019846836 0.001531721471587727 -0.04233980551362038 0.015867684448573192 -0.0015208862960275106 0.9998729436759026 2.424255132675171
0.9997261741093553 0.0009632405814322075 -0.023380525405840562 -0.019136015325784683 -0.000940663810184314 0.9999990806998104 0.0009766018277998817 -0.06582920253276825 0.023381444614631562 -0.0009543411948222101 0.9997261611464494 3.405026435852051
0.9999651253720628 0.0004019124816556502 -0.00834185267143649 -0.008120214566588402 -0.00039516080521050903 0.9999995930583834 0.0008110061688632212 -0.036815062165260315 0.008342175230291442 -0.0008076815121062351 0.9999648772646978 2.013302803039551
0.9999953078882373 5.4115814125777894e-05 -0.003062886381910601 -0.004265491850674152 -5.36619491611759e-05 0.9999999875690766 0.00014826409573575169 -0.023861462250351906 0.0030628943672683408 -0.00014809903961073153 0.9999952983613322 1.231905221939087
0.9999825155557827 0.0002485071753712171 -0.005908199972278865 -0.006428630091249943 -0.0002447759247890497 0.9999997701708381 0.000632252336837119 -0.03089689463376999 0.005908355733644567 -0.0006307950971443511 0.999982346559213 1.671518325805664
0.9999748903958146 0.00020482091617274697 -0.007083546164938175 -0.0070981914177536964 -0.0002035549595531842 0.999999963183617 0.00017943841031957739 -0.034071482717990875 0.007083582656887224 -0.0001779920137390215 0.9999748952726694 1.7282207012176514
0.9999973687560196 1.8264734237140404e-05 -0.0022939371039443477 -0.00381085486151278 -1.7982447334760747e-05 0.9999999922641711 0.00012307838641592982 -0.021133309230208397 0.0022939393341928614 -0.0001230368119635055 0.9999973613486558 1.1012344360351562
0.9999962320317309 -9.988889837286163e-06 -0.002745145271632463 -0.00417877733707428 1.0502022976876272e-05 0.9999999824772721 0.00018690950480309114 -0.019107000902295113 0.0027451433565115766 -0.00018693763011272545 0.9999962146139727 1.0079575777053833
0.999993836559423 7.141792751050375e-06 -0.0035109531698395017 -0.004781697876751423 -6.26361758437386e-06 0.999999968696533 0.00025013536383584553 -0.020332925021648407 0.003510954846349423 -0.00025011183087338183 0.9999938053008823 1.064894437789917
0.9999947655849492 9.769907519460882e-06 -0.0032355381702947016 -0.004555953666567802 -9.095761791434386e-06 0.9999999782493448 0.00020837124800651553 -0.02064134180545807 0.0032355401356874494 -0.0002083407276204547 0.9999947439232726 1.0767565965652466
0.9999946533744871 1.4534008848459733e-06 -0.003270048979359756 -0.004575078375637531 -6.867985534234744e-07 0.9999999725204507 0.00023443256305245296 -0.02012615278363228 0.0032700492302247773 -0.0002344290637644216 0.9999946258960827 1.0517710447311401
0.99999593861538 -1.7979019506818942e-05 -0.002849987631492056 -0.004230216145515442 1.8412783020099327e-05 0.9999999882522923 0.0001521722193832232 -0.01924547739326954 0.0028499848621039345 -0.0001522240775571805 0.9999959271987641 1.0062487125396729
0.9999982085683244 -3.641626947220844e-05 -0.0018924941206770807 -0.0034403151366859674 3.663585234632207e-05 0.9999999926016305 0.00011599376215221878 -0.017734380438923836 0.0018924898826156108 -0.00011606288749249052 0.9999982025041095 0.9405523538589478
0.9999994098175808 -1.5262391984432134e-05 -0.0010863385978965834 -0.002803946379572153 1.5361712430853932e-05 0.9999999957033378 9.141850062110617e-05 -0.017988640815019608 0.0010863371979639622 -9.143513468865774e-05 0.9999994057553776 0.9556183815002441
0.9999987395398151 1.2830329544200512e-05 -0.0015876883080770462 -0.003222781466320157 -1.2576371480707777e-05 0.9999999871265983 0.0001599644899104125 -0.01979069411754608 0.0015876903400352178 -0.000159944320923584 0.9999987268277887 1.0486013889312744
0.9999916720925869 0.00020447278363196488 -0.004076019670318908 -0.005146820098161697 -0.00020232026404539335 0.9999998398777198 0.0005284988603063784 -0.02793336659669876 0.004076127081290458 -0.0005276697976408488 0.9999915533406277 1.5235073566436768
0.9998949456444052 0.0008058114677823962 -0.014472330242578432 -0.012914015911519527 -0.0007842652881361112 0.9999985758501533 0.0014943980804720798 -0.04579467698931694 0.014473513834922212 -0.001482890941197037 0.9998941536141346 2.6739296913146973
0.9993840657038672 0.000987199240591902 -0.03507869231981255 -0.03373817726969719 -0.0009411272483342133 0.9999986728521292 0.001329877243492474 -0.0717531070113182 0.035079958619005584 -0.0012960446133104527 0.9993836684535371 4.132612228393555
0.998116950035461 0.0010319096057668166 -0.06133098086998606 -0.05587000399827957 -0.0008492930709715722 0.9999951286774919 0.00300355165863783 -0.059729475528001785 0.06133378150080647 -0.002945807843704772 0.9981129642795745 3.955951690673828
0.9990736014278602 0.0015704069901033603 -0.04300549676321452 -0.0383685827255249 -0.001457411400272668 0.9999954036348834 0.0026586953787920966 -0.07501640915870667 0.043009474328056775 -0.00259355566593233 0.99907129804986 4.5894927978515625
0.9974910353863736 0.0016743770494042597 -0.0707730936537076 -0.06447222083806992 -0.0013896045014196315 0.9999907406726496 0.004072783850749713 -0.07335378974676132 0.07077925771827276 -0.003964218770668648 0.997484126012233 4.743844985961914
0.9996492048411829 0.0011605514521225385 -0.026459787994571705 -0.021848898380994797 -0.0011262838931385465 0.9999985077605025 0.0013099470830058718 -0.07119554281234741 0.02646126877122035 -0.0012796863268767001 0.9996490202355635 3.7338781356811523
0.9999925854415934 6.289947060807257e-07 -0.0038508520410171702 -0.005047443322837353 2.9717480141208836e-07 0.9999999710774965 0.00024050970435004072 -0.020672935992479324 0.003850852080920219 -0.000240509065452981 0.9999925565191174 1.0699763298034668
0.9999459083840979 0.00030577412637749514 -0.010396480562436028 -0.010064818896353245 -0.0002957864226156359 0.9999994933355756 0.0009622052715313054 -0.03241770714521408 0.010396769512385485 -0.0009590780864999828 0.9999454921909147 1.780792474746704
0.9999881880038983 1.680304595512425e-05 -0.004860408453813342 -0.005865932442247868 -1.5632584162694612e-05 0.999999970872628 0.0002408534110144177 -0.02242976799607277 0.0048604123593133505 -0.0002407745853106464 0.9999881591395454 1.1457079648971558
0.9999967052380436 -1.2737534287338285e-05 -0.0025669730837152636 -0.004011588171124458 1.3125774125949469e-05 0.9999999884789894 0.00015122742872604006 -0.019161108881235123 0.0025669711278765808 -0.00015126062397654536 0.9999966938842609 1.0018023252487183
0.9999967480276987 -2.73938430913685e-05 -0.002550134036626926 -0.004026412032544613 2.7888106888292354e-05 0.9999999808351245 0.0001937833947057752 -0.01804039627313614 0.002550128679282016 -0.00019385388293813606 0.9999967296268479 0.9604978561401367
0.9999945108392584 4.843826850468912e-06 -0.003313346931704701 -0.004602057859301567 -3.9006076401098874e-06 0.9999999594713139 0.00028467904042337074 -0.019946223124861717 0.0033133481763550827 -0.0002846645537080019 0.9999944703296885 1.0539737939834595
0.9999925169110405 4.264272967221708e-06 -0.00386860488269925 -0.005064040422439575 -3.318208127852379e-06 0.9999999700907386 0.00024455574321008547 -0.020894870162010193 0.00386860580984458 -0.0002445410763415382 0.9999924870161526 1.078678011894226
0.999989065677218 5.5983341748801756e-06 -0.004676376232012344 -0.00568227656185627 -4.128605758602308e-06 0.999999950600022 0.0003142974838437693 -0.02111474797129631 0.004676377760541805 -0.0003142747402997905 0.9999890163008934 1.0940592288970947
0.9999926153900618 -1.2888858594977158e-05 -0.0038430455659186754 -0.004973848350346088 1.3733253953636991e-05 0.9999999757729603 0.00021969405298822277 -0.020076431334018707 0.003843042641207474 -0.00021974520815404782 0.9999925913402068 1.0376689434051514
0.9999953413306334 5.6462337770513554e-05 -0.003051905803645574 -0.0052828798070549965 -5.658220876964357e-05 0.9999999976312557 -3.919109656965313e-05 -0.023035870864987373 0.003051903583595458 3.936359756261926e-05 0.999995342156664 1.2154844999313354
0.9999942193856893 -2.510719463741628e-05 -0.003400083062912838 -0.004835290834307671 2.5667256960892143e-05 0.9999999861113958 0.00016467665327774935 -0.019348910078406334 0.0034000788811216444 -0.00016476297215119496 0.9999942061415982 1.0088268518447876
0.9999644897935764 9.63991238432887e-05 -0.008426734781716844 -0.01025612186640501 -9.592713729838075e-05 0.9999999938076788 5.641477425540388e-05 -0.027503900229930878 0.008426740167870607 -5.5604418410741945e-05 0.9999644928487671 1.507699966430664
0.9975970576215121 0.0013357106812477092 -0.06926995381749375 -0.0767606571316719 -0.0012133620560599912 0.9999976288927473 0.001808303460247953 -0.06041126325726509 0.06927220494125065 -0.001719908677642982 0.9975963129125519 3.930401563644409
0.9998007843448228 0.00023072638621987246 -0.01995841649059325 -0.0190441757440567 -0.0002133199346555252 0.9999995950815261 0.0008742604814234511 -0.03164728358387947 0.019958610124023193 -0.0008698287869472477 0.9998004287255525 1.9549615383148193
0.9981605143337481 0.001314342402678981 -0.0606123760385293 -0.05416850745677948 -0.001145621197416072 0.9999953724221694 0.0028182771898623365 -0.06993532180786133 0.06061579973125482 -0.002743654186552567 0.9981574010067977 4.10925817489624
0.9998856052969887 0.00028918590818247694 -0.015122588779212366 -0.014145217835903168 -0.0002767209029277396 0.9999996202855587 0.0008263499745068183 -0.0311010479927063 0.015122822005714869 -0.0008220707080253126 0.9998853056497703 1.805299997329712
0.9999506304477316 0.00022945710695078194 -0.009933982918249127 -0.009656833484768867 -0.0002264518295468438 0.9999999282585224 0.0003036486767296542 -0.0343858040869236 0.009934051879917406 -0.0003013841171239126 0.9999506106707775 1.7348909378051758
0.9999973917281245 -1.4153110875957626e-05 -0.0022839300858882427 -0.003918793983757496 1.4364883652701631e-05 0.999999995599569 9.270659063078163e-05 -0.019118690863251686 0.0022839287637513098 -9.273915721674331e-05 0.9999973875310129 0.9901633262634277
0.9999964886573334 -4.307907811569008e-05 -0.002649682470979733 -0.0041949450969696045 4.3362676122855866e-05 0.9999999933381654 0.00010697358496388397 -0.018007367849349976 0.0026496778450045633 -0.00010708810666578836 0.9999964838635461 0.9424831867218018
0.999999309088544 -3.94026229769315e-05 -0.0011748488702666854 -0.0029207926709204912 3.943436286768295e-05 0.9999999988581546 2.6992995348321073e-05 -0.01750262826681137 0.0011748478053303709 -2.703930611521614e-05 0.9999993095005167 0.9108260869979858
0.9999998038847527 -2.1798536869886963e-05 -0.0006259035704757288 -0.002431937027722597 2.187340384001339e-05 0.9999999926077846 0.00011960762821819788 -0.017509691417217255 0.0006259009585776212 -0.00011962129540288023 0.9999997969693472 0.9266844987869263
0.999998746918329 -3.1091265878940386e-06 -0.001583083101078267 -0.0031915304716676474 3.3091339775285673e-06 0.9999999920139023 0.00012633781998743932 -0.019154086709022522 0.0015830826956353356 -0.00012634290030991176 0.9999987389425299 0.9959244728088379
0.9999986592265975 5.39127050297412e-06 -0.001637533493335163 -0.003280289238318801 -5.155511086827211e-06 0.9999999896221002 0.00014397645820898668 -0.019786080345511436 0.0016375342525570362 -0.00014396782284710095 0.9999986488765062 1.0330939292907715
0.9999976164124741 -5.042773173757686e-06 -0.002183379019019031 -0.0036753464955836535 5.356131411132755e-06 0.9999999896875175 0.00014351403024443437 -0.019668815657496452 0.0021833782727942713 -0.00014352538263112826 0.9999976061270259 1.0184621810913086
0.999998136500743 1.0449184562091619e-05 -0.0019305144018787886 -0.003504339838400483 -1.0156912061071552e-05 0.9999999884865421 0.00015140591949349859 -0.020268840715289116 0.0019305159617202894 -0.00015138602928366758 0.9999981250934381 1.0526453256607056
0.9999961353577639 1.1340888229725226e-05 -0.002780133256023433 -0.0042097726836800575 -1.0846269420938202e-05 0.9999999841121848 0.00017792691932455595 -0.02109343931078911 0.0027801352297024944 -0.0001778960776263476 0.9999961195930164 1.0921200513839722
0.9999947153001281 5.5750536782371475e-05 -0.003250578978142311 -0.00459042564034462 -5.484662698649995e-05 0.9999999598080305 0.0002781650312729834 -0.022453775629401207 0.0032505943553449482 -0.00027798527796157397 0.9999946781661 1.176951289176941
0.9999848834961168 0.00021668474100197357 -0.005494162991804559 -0.006529835984110832 -0.00021520579401816773 0.9999999404539844 0.0002697748942877713 -0.031215649098157883 0.0054942211207521414 -0.00026858844052541774 0.9999848705828133 1.6595485210418701
0.9999968417646141 2.8792985901288158e-05 -0.002513092071783509 -0.004040026105940342 -2.8658977828292928e-05 0.999999998165688 5.335997573803217e-05 -0.02232474833726883 0.002513093603566743 -5.3287784564702905e-05 0.9999968407554854 1.1583302021026611
0.9999996993115431 -6.442362588234318e-05 -0.0007728042573061426 -0.0026434380561113358 6.446391459104666e-05 0.9999999965645624 5.2108339325417214e-05 -0.015455368906259537 0.0007728008976430636 -5.2158141644679646e-05 0.9999997000291055 0.8293636441230774
0.9999997048640991 -6.408658068796006e-05 -0.0007656138878665602 -0.0025342118460685015 6.417219615932578e-05 0.9999999916911356 0.00011180186996348219 -0.015185140073299408 0.0007656067165056176 -0.00011185096809133104 0.9999997006678136 0.825871467590332
0.9999992568114191 -3.7446860099974004e-05 -0.001218595233013679 -0.002904557390138507 3.759603574497587e-05 0.999999991803197 0.0001223933977101561 -0.016865355893969536 0.001218590639776653 -0.0001224391210987196 0.9999992500224758 0.9054670333862305
0.9999993760428048 -2.3783396003007583e-05 -0.0011168475058860896 -0.0028625468257814646 2.3918635006122385e-05 0.9999999923841605 0.00012107674443310494 -0.01763986423611641 0.0011168446177641986 -0.00012110338235424986 0.9999993689958363 0.9382985830307007
0.9999990708724835 -2.817529832339045e-05 -0.0013628867605639217 -0.0030303646344691515 2.8354872281140652e-05 0.9999999909201739 0.00013174085586586585 -0.017594262957572937 0.0013628830363512318 -0.00013177937794184107 0.9999990625915729 0.9345419406890869
0.9999977297029932 -1.269984655580602e-05 -0.0021308279079177784 -0.0036950286012142897 1.3038868536127489e-05 0.9999999872602449 0.00015908959083488558 -0.019034113734960556 0.002130825860358161 -0.00015911701323922814 0.9999977171288587 1.000442385673523
0.9999986505004569 -2.410674746909627e-05 -0.0016426856454496922 -0.0032734184060245752 2.4275157576361492e-05 0.9999999944520959 0.00010250134111751531 -0.01798565313220024 0.0016426831653622842 -0.00010254107924489402 0.9999986455377554 0.945590615272522
0.9999834126451111 0.00025353674623124895 -0.005754142312776909 -0.009500454179942608 -0.0002551915810564835 0.9999999262949294 -0.00028685779202811964 -0.028386086225509644 0.005754069159676221 0.0002883214424905422 0.9999834036417062 1.6962149143218994
0.999906249204968 0.000292977656364583 -0.0136896663562413 -0.013172045350074768 -0.00028255700629598485 0.9999996688943444 0.0007631335004200741 -0.026768364012241364 0.013689885404579796 -0.0007591938449048839 0.9999060009132434 1.6278975009918213
