0.9999994183678171 1.7862482130156717e-07 0.0010785471688880956 -0.00025977310724556446 -1.8148371949328814e-07 0.9999999999964706 2.6505958367371916e-06 -0.018453756347298622 -0.0010785471684108267 -2.650790033817208e-06 0.9999994183643202 0.9986337423324585
0.9999930571734637 -1.3494962151981795e-05 -0.0037263149029976746 -0.005728280637413263 1.395553009005758e-05 0.9999999922675038 0.00012357279607004237 -0.014547127299010754 0.0037263132065737522 -0.00012362394082530845 0.9999930496293503 0.7924758195877075
0.9999642326273386 0.00011171889203500645 -0.008457008035179462 -0.011122459545731544 -0.0001093469326542096 0.9999999545595254 0.0002809345038864653 -0.012450854294002056 0.008457039036580512 -0.00027999970770929244 0.9999641994046075 0.7261195778846741
0.999999408100809 -2.6697637530386012e-05 -0.0010876972319504065 -0.0027961283922195435 2.6920965186612146e-05 0.9999999785620659 0.0002053074031183994 -0.015757467597723007 0.001087691727409794 -0.00020533656345642846 0.9999993873816135 0.8854392766952515
0.9999993006593783 -6.46109029718056e-05 -0.0011808921144152303 -0.002897702855989337 6.477428250625666e-05 0.9999999883366388 0.00013831491187933856 -0.014845499768853188 0.0011808831639907081 -0.00013839130658953062 0.99999929318115 0.8290050029754639
0.9999996068507002 -1.1276926936700413e-06 -0.000886733992202583 -0.0019765349570661783 1.2782027778597328e-06 0.9999999855942353 0.0001697347786753782 -0.017681200057268143 0.0008867337880198322 -0.00016973584537012087 0.9999995924463828 0.9889774322509766
0.9999996515562747 4.253469738949641e-05 -0.0008337134570902741 -0.0020709559321403503 -4.248449890094239e-05 0.9999999972838072 6.022833870750995e-05 -0.020700819790363312 0.0008337160166199088 -6.019289782287179e-05 0.9999996506471482 1.1288061141967773
0.9999993030469003 8.056018893381473e-06 -0.00118061035666938 -0.0025125022511929274 -7.922942293774868e-06 0.999999993615364 0.00011272310914371726 -0.01925012469291687 0.0011806112572311093 -0.00011271367667326961 0.999999296726096 1.061929702758789
0.9999310351768443 0.00014980128203082586 -0.011743187375677797 -0.014584606513381004 -0.00014506286278343026 0.9999999077271322 0.0004043544148256375 -0.01353110745549202 0.011743246864909958 -0.0004026230282160088 0.999930964640943 0.7794276475906372
0.9998935902765611 0.00025409966776125876 -0.014585731288053239 -0.018412262201309204 -0.0002475487802608133 0.9999998676892621 0.0004509335423561033 -0.011619349010288715 0.014585843940267663 -0.00044727487865300235 0.9998935208819653 0.7035571336746216
0.9999504825087974 5.531310719391254e-05 -0.009951355228491821 -0.012778561562299728 -5.1963228689189585e-05 0.9999999419046296 0.0003368836005781965 -0.013256844133138657 0.009951373284442865 -0.00033634981439996305 0.9999504272905513 0.7782196998596191
0.9999829376469078 -4.2795026442654814e-05 -0.005841453898307897 -0.007179894018918276 4.46095235851754e-05 0.9999999508016406 0.0003104942940743544 -0.016089167445898056 0.005841440323306423 -0.00031074958078652415 0.9999828903584537 0.9082958698272705
0.9999969069538777 1.611165323117305e-05 -0.0024871314988476724 -0.0035237204283475876 -1.5418899272660322e-05 0.999999961084896 0.00027855423937723416 -0.018480341881513596 0.0024871358900300025 -0.00027851502896606556 0.9999968682873178 1.0237886905670166
0.99999925655086 7.018600773907485e-05 -0.0012173625802061013 -0.002127501182258129 -7.008651705366852e-05 0.9999999942008646 8.176888773115627e-05 -0.02199023962020874 0.0012173683121782378 -8.168350623690888e-05 0.9999992556708217 1.1868668794631958
0.9999989460776623 7.083777511539666e-05 -0.0014501122627735832 -0.0023893362376838923 -7.065007344196353e-05 0.9999999891204245 0.00012949022448759812 -0.02103370614349842 0.001450121419796379 -0.00012938763747709397 0.9999989402027921 1.1487462520599365
0.9999953937785966 0.00015876610146854056 -0.0030310418858931184 -0.0032574995420873165 -0.00015794910137467976 0.999999951134934 0.00026978178298425206 -0.02426827885210514 0.0030310845699829886 -0.00026930178996752326 0.999995369990719 1.3439154624938965
0.9999854164068315 0.00011038966806390239 -0.005399517365198995 -0.005612044129520655 -0.00010853341830662839 0.9999999349173075 0.00034407248914672113 -0.023595934733748436 0.005399554995831733 -0.0003434814432566679 0.9999853633060561 1.2922616004943848
0.9999995908411707 5.075893264677311e-05 -0.0009031838251225568 -0.0021328411530703306 -5.0735541473047174e-05 0.9999999983769912 2.592146757644718e-05 -0.021460309624671936 0.0009031851394027083 -2.5875633450032563e-05 0.9999995917934444 1.151869535446167
0.9999999863602025 4.989199586406356e-05 0.00015744962200555046 -0.0010478314943611622 -4.990994404853647e-05 0.9999999922574883 0.00011399131844283377 -0.019837182015180588 -0.00015744393353210666 -0.00011399917518984004 0.9999999811077976 1.100379467010498
0.9999999957932203 5.991343658615768e-05 6.945458347815551e-05 -0.0009934024419635534 -5.992166487798216e-05 0.9999999911866432 0.00011847407865203278 -0.020647916942834854 -6.944748467682907e-05 -0.00011847823998791386 0.9999999905699766 1.1445354223251343
0.999998743511977 9.375412422811481e-05 -0.0015824615734629825 -0.0022957343608140945 -9.346368434087507e-05 0.9999999787760042 0.00018360972441607007 -0.02215910144150257 0.001582478754045737 -0.00018346159102366672 0.9999987310506138 1.2128615379333496
0.9999999950648946 6.144563155939174e-05 7.80682076726232e-05 -0.0011959820985794067 -6.144676905789409e-05 0.9999999980060301 1.4568257818466605e-05 -0.021940195932984352 -7.806731236115517e-05 -1.4573054785698341e-05 0.9999999968465603 1.171464443206787
0.9999987369937329 6.695703890393512e-05 -0.0015879318920465316 -0.002480044262483716 -6.66717970099956e-05 0.9999999816343881 0.00017968331800569565 -0.020786648616194725 0.0015879438939461052 -0.0001795772207917667 0.9999987230922904 1.1359354257583618
0.9999996016034802 6.790733986084349e-05 0.0008900457707997358 -0.0003252066671848297 -6.791009541775339e-05 0.9999999976894102 3.065750953227217e-06 -0.020869802683591843 -0.0008900455605562131 -3.126192825063884e-06 0.9999996039044852 1.1281847953796387
0.9999994529824369 7.027067343986114e-05 0.001043598035407413 -0.0002474384382367134 -7.027417801901656e-05 0.9999999975252537 3.3215009326124682e-06 -0.021071188151836395 -0.0010435977994206656 -3.3948371098136386e-06 0.9999994554459057 1.1381025314331055
0.999999386803743 5.983872898685158e-05 0.001105808059567785 -0.0001940395450219512 -5.984156636696482e-05 0.9999999982062859 2.5328019614841377e-06 -0.02078406885266304 -0.0011058079060246315 -2.5989736947652054e-06 0.9999993885908732 1.1217492818832397
0.9999957838689713 4.5178094123781326e-05 0.002903481224603816 0.0016162823885679245 -4.477592248000562e-05 0.9999999893955641 -0.0001385784562455761 -0.020137125626206398 -0.002903487454524575 0.0001384478659304118 0.9999957752874709 1.0726490020751953
0.9999886331750516 3.693928208221342e-05 0.004767825099727981 0.0032070400193333626 -3.6425168454426783e-05 0.9999999935136084 -0.00010791659004582106 -0.01834896206855774 -0.004767829055163361 0.00010774169454441414 0.9999886280342533 1.006087303161621
0.9999908588910844 2.9757458976977466e-07 0.004275761240126527 0.0028424235060811043 3.991666361293689e-07 0.9999999867234821 -0.0001629505330148124 -0.016871662810444832 -0.004275761231849245 0.0001629507502074734 0.9999908456145692 0.9034848213195801
0.9999884308465885 3.707542647493073e-05 0.00481007259720613 0.0031529495026916265 -3.678207401403234e-05 0.9999999974584272 -6.107556553225352e-05 -0.018411526456475258 -0.00481007484938362 6.089793449338289e-05 0.9999884296687561 1.0193722248077393
0.9999974872524338 6.200674549697928e-05 0.0022409024928547014 0.0008304356597363949 -6.192129207798389e-05 0.9999999973531483 -3.8202843596127515e-05 -0.020726073533296585 -0.002240904855757365 3.80639880242469e-05 0.9999974884451264 1.1320600509643555
0.9999992698815325 9.899814770254106e-05 0.0012043403874629414 -4.4582411646842957e-05 -9.90522587339968e-05 0.9999999940876464 4.4870451449589804e-05 -0.022014087066054344 -0.001204335938250875 -4.498971132450733e-05 0.9999992737751733 1.2038624286651611
0.9999990446197345 -5.6175506130845226e-05 0.001381160356477519 -0.00013521104119718075 5.6232247802273045e-05 0.9999999975766698 -4.1043810817420034e-05 -0.01611458882689476 -0.0013811580474736654 4.112143735639329e-05 0.9999990453552818 0.8728355169296265
0.9999896564157599 -7.398262646914617e-05 -0.004547701404171181 -0.005818023346364498 7.489890936331731e-05 0.9999999769316824 0.0002013126624381419 -0.016637057065963745 0.004547686405623852 -0.00020165119801894183 0.9999896388888989 0.9202893972396851
0.9999797553194905 -1.9979422918760304e-05 -0.006363061526833902 -0.0077156913466751575 2.173152671001788e-05 0.9999999618725552 0.0002752864478552786 -0.015881527215242386 0.0063630557841622614 -0.0002754191538106211 0.9999797176270011 0.8953069448471069
0.9999695878620115 -1.594687821141152e-07 -0.0077989326868087225 -0.009386857971549034 2.899599370395718e-06 0.9999999382774549 0.00035133556412697634 -0.01573285087943077 0.0077989321494116946 -0.0003513474930416283 0.999969526141806 0.8941762447357178
0.9999743755748696 -4.645991813739092e-06 -0.0071587828619386505 -0.008834941312670708 6.6908882460474056e-06 0.999999959186882 0.00028562469503469224 -0.015193679369986057 0.007158781242756406 -0.00028566527468218585 0.9999743347938832 0.8557553887367249
0.9999853190176099 -2.033165278424573e-05 -0.005418610142174916 -0.006840785499662161 2.161358822319207e-05 0.9999999717951765 0.00023652166700712424 -0.015552224591374397 0.005418605180467564 -0.00023663531024505102 0.9999852912526405 0.8664390444755554
0.9999946091057799 -5.885800927159904e-05 -0.0032830313908194467 -0.0046375952661037445 5.941525871259885e-05 0.9999999838462219 0.00016963897815952482 -0.016588974744081497 0.003283021353173537 -0.00016983312581318508 0.9999945964491528 0.9076560735702515
0.9999868387827661 -5.197720934468954e-05 -0.00513025921569556 -0.0068523637019097805 5.305873696591294e-05 0.9999999763998664 0.00021067756713392008 -0.014879356138408184 0.0051302481441887465 -0.0002109469994349852 0.999986817940788 0.8355787992477417
0.9999891534544866 -5.6482805733224294e-05 -0.004657229119584628 -0.005921564064919949 5.763398389872484e-05 0.9999999678230318 0.00024704707966335135 -0.01669030450284481 0.004657215015816907 -0.0002473128147240486 0.9999891245331963 0.92574143409729
0.999997911773573 -3.535044244172401e-05 -0.0020433303304657254 -0.0033428785391151905 3.572810238596271e-05 0.9999999822881741 0.0001847894862432461 -0.017763186246156693 0.002043323761884517 -0.0001848621046762127 0.9999978953247883 0.9749483466148376
0.9999893775699169 -4.563196414264171e-05 -0.004608976573394054 -0.00596506567671895 4.646703052321071e-05 0.9999999825262057 0.00018107568390938057 -0.017080100253224373 0.0046089682300186315 -0.00018128792590070515 0.9999893622166901 0.9257053136825562
0.9999904921179138 -7.1997534009317e-05 -0.004360102077660667 -0.005734674632549286 7.291437842669639e-05 0.9999999752661397 0.00021012190093848003 -0.016601787880063057 0.004360086841559804 -0.00021043781725709176 0.9999904726339441 0.9118515253067017
0.9999957746088084 -4.3932233456244014e-05 -0.0029066878897206654 -0.004562395624816418 4.460514497324952e-05 0.9999999722229201 0.00023144014378256874 -0.015395309776067734 0.002906677641298936 -0.00023156881909213678 0.9999957487914495 0.8600447177886963
0.999998325576139 2.7956739539285796e-05 0.001829771389865143 0.0004453608999028802 -2.784918474939124e-05 0.9999999978831443 -5.88059047428647e-05 -0.019755704328417778 -0.001829773030013143 5.8754848635369124e-05 0.9999983242378592 1.0540180206298828
0.999994568353832 -2.494732182598863e-05 0.0032958520088317224 0.0016960211796686053 2.5328037319237153e-05 0.9999999930123723 -0.00011547183963796328 -0.015138010494410992 -0.0032958491050883907 0.00011555468989846638 0.999994561998109 0.8209948539733887
0.9999851591587307 -9.44310175145974e-05 0.005447251148153317 0.004233700223267078 9.482514488552647e-05 0.9999999929052358 -7.209521743906187e-05 -0.012309493497014046 -0.0054472443014816135 7.261068386473507e-05 0.9999851610185067 0.7059983015060425
0.9999999194757633 -1.3519895320888217e-05 0.0004010806400134049 -0.0013503092341125011 1.3510460544765355e-05 0.9999999996319955 2.3526089583102846e-05 -0.013477945700287819 -0.0004010809579360738 -2.3520668904520263e-05 0.9999999192904185 0.7510147094726562
0.9999971989459541 -1.2503987275229103e-05 0.002366842600678913 0.001000022399239242 1.2226791797549882e-05 0.9999999930654668 0.00011713057674178151 -0.0162021666765213 -0.002366844048865205 -0.00011710130976100956 0.9999971921643239 0.9110743999481201
0.999999990242453 -1.243561261272639e-06 0.0001396908999737506 -0.0012651970610022545 1.2441935554659218e-06 0.9999999999889824 -4.5262938876155665e-06 -0.01808292604982853 -0.0001396908943434878 4.5264676459675454e-06 0.9999999902329826 0.9682345390319824
0.9999999068975755 -3.521753574427918e-05 0.00043007507001800575 -0.0012046059127897024 3.518292273573079e-05 0.9999999961418722 8.048861862324866e-05 -0.01435660757124424 -0.0004300779029695245 -8.04734798316041e-05 0.9999999042785037 0.7945749163627625
0.999998181268523 -5.0147999026124485e-06 0.0019072059401752672 0.000563066394533962 4.818577839348718e-06 0.9999999946953021 0.00010288915120665426 -0.015729617327451706 -0.001907206446026621 -0.00010287977405863791 0.9999981759879988 0.871108889579773
0.9999980381784742 -4.4937469085675556e-05 -0.001980308013041847 -0.003513211850076914 4.5035014576444535e-05 0.9999999977749554 4.9213172624668504e-05 -0.01696864143013954 0.00198030579712015 -4.930225927744029e-05 0.9999980379771937 0.9136614203453064
0.9999992245274099 -1.5036404483373896e-05 0.001245278477082721 -0.0004486929392442107 1.4929778475088172e-05 0.9999999962220044 8.563347963907487e-05 -0.016233159229159355 -0.0012452797599977015 -8.561482150085597e-05 0.9999992209739074 0.894709587097168
0.999999148270597 -4.347040855415595e-05 0.0013044417978546965 -0.0006497920257970691 4.350807716669487e-05 0.9999999986373962 -2.88488261608714e-05 -0.013163521885871887 -0.0013044405420069999 2.890555534387844e-05 0.9999991487993083 0.724689245223999
0.999995532908161 1.1949661643845559e-05 0.0029889832600396033 0.0014920550165697932 -1.1654959980711706e-05 0.9999999950697841 -9.8613355229078e-05 -0.018082117661833763 -0.002988984423699499 9.857807823388486e-05 0.9999955281172399 0.9773401618003845
0.9999980957970347 -9.524992988107383e-05 -0.001949186947385895 -0.0037986142560839653 9.536701127877876e-05 0.9999999936541305 5.997393126382947e-05 -0.015327642671763897 0.0019491812225038614 -6.01597051948875e-05 0.9999980985348782 0.8396533727645874
0.9999596950032763 -1.0825147766327122e-05 -0.008978209831068574 -0.011321932077407837 1.3808462353240453e-05 0.99999994471894 0.00033222197870530967 -0.014559101313352585 0.00897820573839161 -0.00033233256377199823 0.9999596398739231 0.836510419845581
0.9999512767917171 0.00012951109069246476 -0.009870525289578762 -0.012400349602103233 -0.00012614112143362997 0.9999999335487967 0.000342039208021084 -0.013727382756769657 0.009870568931541368 -0.00034077746364434417 0.9999512266804257 0.7778439521789551
0.999895239526777 0.00032852145123278835 -0.01447073064310614 -0.018573908135294914 -0.0003222840184836659 0.9999998541627071 0.00043336771441595883 -0.011379851959645748 0.014470870903324414 -0.00042865862938706205 0.9998951995819755 0.6719958186149597
0.9999552646706632 0.00021744000590384613 -0.0094562877107099 -0.013713307678699493 -0.0002148616921281285 0.9999999394692932 0.0002736710854882986 -0.011511408723890781 0.009456346645356566 -0.0002716270487433857 0.999955250862192 0.6452332735061646
0.9996717727219919 0.0006771616174104627 -0.025610315792930504 -0.03198638930916786 -0.0006591165069423017 0.9999995285709284 0.0007130381132001972 -0.007363848388195038 0.025610786561525118 -0.00069592389275406 0.9996717477760563 0.5022746324539185
0.9999963584981494 0.00013477505553255524 -0.002695334139715017 -0.004960909485816956 -0.00013455013117399126 0.9999999874510853 8.363068181922144e-05 -0.009338770993053913 0.0026953453772212864 -8.326771971588246e-05 0.9999963640832821 0.5589640140533447
0.9997279001883456 0.0005360296101875928 -0.023320339990186918 -0.030308110639452934 -0.0005208602657909971 0.9999996488257302 0.0006565462657684863 -0.007643030025064945 0.02332068372892247 -0.0006442209811676031 0.9997278283061558 0.5035086870193481
0.9995292189189304 0.0005706704478943007 -0.03067596555208604 -0.03677460178732872 -0.0005428209211059538 0.999999432978266 0.0009161815290914017 -0.010916588827967644 0.030676470995870415 -0.0008990986522838823 0.9995289619359977 0.7107253074645996
0.9999350564476412 8.478021090666373e-05 -0.01139630200410033 -0.013935400173068047 -7.904498964876217e-05 0.9999998700179255 0.0005037023148695489 -0.01315389946103096 0.01139634322677384 -0.0005027687820779416 0.999934933175459 0.8084104657173157
0.9990811859644345 0.0010015449278697795 -0.04284601217915645 -0.051988836377859116 -0.0009496302421351056 0.9999987901965022 0.0012319934801976122 -0.006754809990525246 0.0428471942407223 -0.0011901736383760654 0.9990809283698735 0.522033154964447
0.9995638911695284 0.000666858705690831 -0.029522580671372756 -0.036473508924245834 -0.0006426277001519335 0.9999994488635757 0.0008302422439405661 -0.008515043184161186 0.029523118054671414 -0.0008109081398471589 0.999563768815336 0.5722581744194031
0.9997623209921396 0.0005382918306692503 -0.021794764653807537 -0.027632668614387512 -0.0005251045817334315 0.99999967560435 0.0006107834089401057 -0.009219763800501823 0.021795086363400037 -0.000599193707767935 0.9997622793330984 0.5797099471092224
0.9999266084489854 0.0002251233800681897 -0.012113093542653042 -0.01575877144932747 -0.0002208001431438289 0.9999999114548904 0.0003582422475708537 -0.011275935918092728 0.012113173118803503 -0.0003555413828285332 0.9999265696176489 0.6744579076766968
0.9999742576705933 -5.7147010909449275e-05 -0.007175007342489754 -0.00851362943649292 5.929151642351747e-05 0.9999999536394392 0.00029867312455533366 -0.015792427584528923 0.007174989941576084 -0.0002990908530790626 0.9999742146995589 0.8925458192825317
0.9999730803976906 2.5289143465545143e-05 -0.007337427370200876 -0.009305978193879128 -2.323452155006981e-05 0.9999999605008139 0.00028010449398130924 -0.014482662081718445 0.0073374341639812005 -0.0002799264720653712 0.9999730414871489 0.8157854676246643
0.9999627845830477 1.5058285995603748e-05 -0.008627237226678852 -0.010907221585512161 -1.226740977706915e-05 0.9999999475828516 0.0003235487668474045 -0.014149634167551994 0.008627241646553544 -0.00032343089199083816 0.9999627323525762 0.8121902346611023
0.9999859430408826 -7.383675011988345e-05 -0.005301723188803308 -0.006532375700771809 7.511229955970976e-05 0.9999999682847283 0.00024039277149481684 -0.016647228971123695 0.005301705270836719 -0.0002407876169237959 0.9999859168721049 0.9121736288070679
0.9999690165198633 -2.957293040095658e-05 -0.007871793044745645 -0.009110473096370697 3.207552234514633e-05 0.9999999489894276 0.00031779286208269934 -0.016411826014518738 0.007871783245134783 -0.00031803550762757245 0.9999689664594384 0.9115761518478394
0.9999661781526185 -5.8545191056417834e-05 -0.008224300779167084 -0.009149927645921707 6.157796773554358e-05 0.9999999302060116 0.00036850525849909863 -0.017262540757656097 0.008224278630949567 -0.0003689992306985133 0.9999661119660846 0.9594557285308838
0.999970963868992 -5.958290468219112e-05 -0.0076202276079288134 -0.0086600873619318 6.230782646255239e-05 0.9999999342080322 0.0003573536989095226 -0.01724432036280632 0.007620205814407664 -0.0003578181225601048 0.9999709017914158 0.9602285623550415
0.9999932704717955 -1.3089033624931435e-05 -0.003668629144397074 -0.004654244519770145 1.3935583512776493e-05 0.9999999732851318 0.00023072827050598095 -0.018973881378769875 0.00366862602638004 -0.00023077784230139624 0.9999932439395106 1.0321944952011108
0.9999999805506619 4.493460117932241e-05 -0.00019204051052789113 -0.0013742386363446712 -4.492329493953766e-05 0.9999999972576304 5.887815156677961e-05 -0.021872133016586304 0.0001920431556675039 -5.886952332914374e-05 0.9999999798269027 1.1735509634017944
0.9999891065547549 -6.705021971514255e-05 -0.004667148603920791 -0.006014899350702763 6.796663656270768e-05 0.999999978443748 0.0001961964316528109 -0.01636054366827011 0.0046671353483007105 -0.00019651150479067225 0.9999890895559157 0.8930643796920776
0.9999264271459692 5.8879498976673934e-05 -0.012129997044562708 -0.01495710201561451 -5.342331157989969e-05 0.9999998972631147 0.0004501329912219657 -0.01390401367098093 0.012130022301969589 -0.0004494518490415332 0.9999263275621805 0.8176776766777039
0.999974194706638 -5.10388585044142e-05 -0.0071838232053372635 -0.008351489901542664 5.342840516859284e-05 0.9999999433154203 0.00033243730439403465 -0.016465164721012115 0.007183805830904725 -0.0003328125459687446 0.999974140750446 0.9238044619560242
0.9999810017467219 -8.11445670270888e-05 -0.006163567244830864 -0.0072870715521276 8.26531639839008e-05 0.9999999666926258 0.00024450603585849344 -0.017230801284313202 0.006163547199202209 -0.000245010829005109 0.9999809751468358 0.9437069892883301
0.9999744393918438 -5.2592452005740787e-05 -0.00714967111143415 -0.008149275556206703 5.505653151242682e-05 0.9999999391628729 0.00034444597373057444 -0.017355551943182945 0.007149652561210357 -0.00034483080557485906 0.9999743814518297 0.9661856889724731
0.9999740506552218 -7.225088037786567e-05 -0.007203665455744099 -0.00817028433084488 7.4422503568049e-05 0.9999999518719558 0.00030119325579486435 -0.018035538494586945 0.007203643347567874 -0.000301721554845308 0.9999740079055178 0.9915167689323425
0.9999071960196918 1.3437193194235949e-05 -0.01362347853814891 -0.015029793605208397 -5.793392843675122e-06 0.999999842558278 0.0005611148330065226 -0.017146944999694824 0.013623483933053406 -0.0005609838331535409 0.999907038670428 0.9869145154953003
0.9999435075044459 2.1767016973738543e-05 -0.010629267420803138 -0.011426007375121117 -1.5654292841625535e-05 0.9999998344688634 0.000575167096379326 -0.018550489097833633 0.010629278181000372 -0.0005749682100897937 0.9999433423234079 1.0525579452514648
0.9999683619078276 -4.2525102009501524e-05 -0.007954456297691466 -0.008741350844502449 4.497572544040199e-05 0.9999999515864009 0.00030790319940000274 -0.022590670734643936 0.007954442818972644 -0.0003082512153726726 0.9999683154083574 1.1976571083068848
0.9999794609889612 9.329894016420276e-06 -0.006409174141793727 -0.0069167171604931355 -6.914234242593189e-06 0.9999999289385044 0.00037692861340918256 -0.021055221557617188 0.006409177203052241 -0.000376876557136913 0.9999793899934342 1.144170880317688
0.9999806238467497 -9.146411360730133e-05 -0.00622443293653366 -0.007360921707004309 9.286355418939077e-05 0.9999999704787215 0.00022454156997440467 -0.018252935260534286 0.006224412215284775 -0.00022511524218783377 0.9999806028197258 0.9853373765945435
0.9999557872680351 -2.5818524145668033e-05 -0.009403342095654356 -0.010462265461683273 2.9631569567334e-05 0.9999999174026725 0.00040535986277959987 -0.01683622971177101 0.009403330853170024 -0.00040562057649811025 0.9999557054394028 0.9400835633277893
0.9999722180749203 3.689317115561847e-06 -0.007454063637572265 -0.009022718295454979 -1.1911074256923913e-06 0.9999999438359367 0.00033515176357326327 -0.015097199007868767 0.007454064455402902 -0.00033513357382152707 0.9999721619168118 0.855137825012207
0.9999986087372938 -1.4795443530560616e-05 -0.001668024151879982 -0.0030434206128120422 1.5102436198452492e-05 0.9999999829518391 0.00018403325175162847 -0.017874568700790405 0.0016680214005896541 -0.0001840581869413599 0.9999985919126041 0.9743341207504272
0.9999999850488216 3.917840127428161e-05 -0.00016842627197841543 -0.0015054107643663883 -3.9172135935150435e-05 0.9999999985407612 3.720243615510567e-05 -0.02155115455389023 0.00016842772926461334 -3.7195837982064434e-05 0.9999999851242846 1.1389070749282837
0.9999967743944559 3.8011496307904263e-06 -0.0025399185488078142 -0.003947921562939882 -3.4553421633073564e-06 0.9999999907251542 0.00013615341246322717 -0.020006384700536728 0.002539919042789955 -0.00013614419699837203 0.9999967651327746 1.0651423931121826
0.999977231896044 -2.021672621817017e-05 -0.0067479834624608595 -0.007770703639835119 2.2892674064323378e-05 0.9999999211404852 0.0003964781823392055 -0.018031258136034012 0.006747974914827293 -0.0003966236346687312 0.9999771535011395 0.9974334239959717
0.9999863642233141 -2.700192343338251e-05 -0.0052221296741416495 -0.006338485050946474 2.8583748401079404e-05 0.9999999537373817 0.0003028336242007369 -0.01893497444689274 0.005222121255461924 -0.00030297876286978777 0.9999863187331428 1.0225825309753418
0.9999867048486893 1.7746075892091516e-05 -0.005156530901407075 -0.006058583036065102 -1.6127831262177144e-05 0.9999999506141068 0.00031386569893799584 -0.02112097293138504 0.005156536216631704 -0.0003137783623857611 0.9999866557496585 1.1247873306274414
0.9999946547038864 2.2574043944791285e-05 -0.003269564813171736 -0.004408267326653004 -2.196572795949587e-05 0.999999982444027 0.0001860899040310438 -0.02134884148836136 0.003269568956573016 -0.00018601709095417094 0.9999946376438625 1.1277059316635132
0.9999958079464385 2.265397032603144e-05 -0.002895440613660234 -0.004128463100641966 -2.2297907828122226e-05 0.9999999921861964 0.0001230057329579401 -0.021758440881967545 0.0028954433776040545 -0.00012294065504339397 0.9999958006378039 1.1360594034194946
0.9999913249117431 7.936503140391434e-07 -0.004165345198978061 -0.005328567232936621 2.2324752428639297e-07 0.999999970199651 0.00024413243786661242 -0.01973642036318779 0.004165345268605106 -0.00024413124989917104 0.9999912951114756 1.0537915229797363
0.9999886025717092 -2.7962336381358553e-05 -0.004774300450093985 -0.005985268857330084 2.918443492132073e-05 0.9999999668304769 0.0002559048917692771 -0.018713992089033127 0.004774293136034051 -0.0002560413103724045 0.9999885702186292 1.009507179260254
0.9999864802945866 -1.9527947978933804e-05 -0.005199889104901141 -0.006330469157546759 2.1130527986827042e-05 0.9999999523015345 0.00030814027539982414 -0.018854059278964996 0.005199882839527142 -0.00030824598583633424 0.9999864330094019 1.0190354585647583
0.9999830041571721 -5.006872005804339e-05 -0.005829999135555719 -0.006925487425178289 5.1663477373960873e-05 0.9999999612935646 0.00027339304046154696 -0.018059132620692253 0.005829985221457625 -0.000273689591944831 0.9999829680381187 0.9771150946617126
0.9999768928724118 1.2438570024770595e-05 -0.006798056083868966 -0.007627080660313368 -9.464016021993983e-06 0.9999999042120553 0.00043759149098461774 -0.019335264340043068 0.006798060875709546 -0.00043751704259050784 0.999976797204399 1.057680368423462
0.9999961578966834 5.094507626445747e-05 -0.0027715693154929458 -0.003912909887731075 -5.042045777807782e-05 0.9999999808011812 0.00018935526020177353 -0.022703498601913452 0.0027715789090002607 -0.00018921478888564945 0.9999961412666125 1.203821063041687
0.9999993179912088 6.183712238854432e-05 -0.0011662732473332982 -0.0024224387016147375 -6.171693341423304e-05 0.9999999927817792 0.00010308958018488083 -0.02282264456152916 0.0011662796136778673 -0.00010301753106853239 0.9999993145893905 1.2096123695373535
0.999999929712482 9.856714807886982e-05 0.00036174514242536524 -0.0008148959605023265 -9.856548101061653e-05 0.9999999951317218 -4.626230259213824e-06 -0.024523921310901642 -0.0003617455966586123 4.590574350081172e-06 0.9999999345595226 1.2977063655853271
0.9999999919151966 9.191226865134181e-05 8.78734403293143e-05 -0.0011467160657048225 -9.191567932783494e-05 0.9999999950226358 3.881025758157991e-05 -0.024054531008005142 -8.786987275311492e-05 -3.8818334214769344e-05 0.9999999953860111 1.279175043106079
0.9999999908377375 8.34390113779515e-05 0.00010659482399859715 -0.0011241796892136335 -8.343957616590768e-05 0.9999999965049053 5.294019605829987e-06 -0.023667559027671814 -0.00010659438189827601 -5.302913784260712e-06 0.9999999943047585 1.2555506229400635
0.9999993245231363 2.828469933161633e-05 -0.001161960948707605 -0.0027398113161325455 -2.8241065317535715e-05 0.999999998895527 3.756843900451975e-05 -0.020730257034301758 0.0011619620100362523 -3.753559861285953e-05 0.9999993242174544 1.1027629375457764
0.9999999927607935 6.632693781690961e-05 0.00010039497034587024 -0.0012822714634239674 -6.633266013119882e-05 0.9999999961757307 5.699576109987965e-05 -0.022248953580856323 -0.00010039118960763054 -5.70024201527224e-05 0.9999999933361665 1.190824031829834
0.9999996678023105 9.161167624433858e-05 0.0008099398553991615 -0.00043415953405201435 -9.15978303339458e-05 0.9999999956581649 -1.7132063726824515e-05 -0.02404744178056717 -0.0008099414213796119 1.7057869302136978e-05 0.9999996718519076 1.2780120372772217
0.9999968278648192 0.00011859242627682843 0.0025159881032716853 0.0011856358032673597 -0.00011842380541717707 0.9999999907320903 -6.716860729472718e-05 -0.024377021938562393 -0.0025159960456418435 6.687044134125114e-05 0.9999968326411053 1.306395173072815
0.9999921717830509 0.00013895502847386586 0.003954372784308772 0.0025983615778386593 -0.00013826331480204512 0.9999999750947077 -0.00017519657455629075 -0.0253792442381382 -0.003954397030268968 0.00017464845839037488 0.9999921660903364 1.3619961738586426
0.9999935066382505 0.00016370637088726508 0.003599983549900693 0.0022397376596927643 -0.00016360151225090509 0.9999999861844456 -2.9421995128413942e-05 -0.025849713012576103 -0.0035999883167329707 2.8832841327914042e-05 0.9999935196053956 1.411647081375122
0.999996190043973 0.00015794213561746488 0.002755894014731297 0.0016780258156359196 -0.00015768108900289943 0.9999999830615312 -9.494004337043662e-05 -0.02690090984106064 -0.002755908963083877 9.450512928362676e-05 0.9999961980100565 1.4455265998840332
0.9999992744825656 0.0001311204495375251 0.0011974313215920318 0.0002193264663219452 -0.00013105818098235134 0.9999999900557084 -5.208009440246236e-05 -0.02650967240333557 -0.0011974381384498157 5.1923123446586745e-05 0.9999992817226889 1.4117863178253174
0.9999993212958496 0.00011195060778958229 -0.0011596874153475976 -0.002070568734779954 -0.00011179205069682387 0.9999999843958021 0.00013678791154272496 -0.025556305423378944 0.0011597027107414415 -0.00013665817486987266 0.9999993182068504 1.3590519428253174
0.9999753144943978 0.0004690795970554492 -0.007010732212941702 -0.005686648655682802 -0.0004631610275959815 0.999999535039044 0.0008458153213960947 -0.04310222342610359 0.007011125707935095 -0.0008425473440812936 0.999975066804308 2.3723742961883545
0.9999998954717411 0.00012394711812930192 -0.0004401063721939587 -0.0012224826496094465 -0.00012395124337406251 0.9999999922743705 -9.346026738749634e-06 -0.02631935477256775 0.00044010521038077973 9.40057749387602e-06 0.9999999031095118 1.3739407062530518
0.9999975377588181 0.00019130824952897548 0.0022108544625810936 0.0011623441241681576 -0.00019142391431806565 0.9999999803209614 5.210529411017746e-05 -0.027698464691638947 -0.002210844450900996 -5.252837622959134e-05 0.999997554700802 1.5044896602630615
0.9999999872767231 0.00013531956635139702 8.446992606618926e-05 -0.000631334725767374 -0.00013531285757029167 0.9999999876912254 -7.942278894621437e-05 -0.027324706315994263 -8.448067248382662e-05 7.941135806862148e-05 0.999999993278426 1.4475033283233643
0.9999996060505155 0.00014082950252774178 -0.0008763936700701082 -0.0018414384685456753 -0.00014068640389493838 0.9999999767635701 0.00016334073220015038 -0.02603762596845627 0.0008764166528999065 -0.0001632173711783147 0.9999996026268911 1.3966673612594604
0.9999957438823539 0.0001785897084024333 0.0029120993963089236 0.0018627886893227696 -0.00017833032396984694 0.9999999801091608 -8.933069917036983e-05 -0.02765883132815361 -0.002912115291928339 8.881100333962857e-05 0.9999957558395598 1.485133171081543
0.9999995628517268 0.00014763140635385663 0.0009233099822650389 6.242276867851615e-05 -0.00014764125370524695 0.9999999890448806 1.0597120987327375e-05 -0.02707074210047722 -0.0009233084076821931 -1.0733434998154414e-05 0.9999995736930981 1.448953628540039
0.9999997911026071 0.00014659724495754564 -0.0006295267987233565 -0.001274143811315298 -0.00014660068751707963 0.9999999892394184 -5.422346611949073e-06 -0.027819033712148666 0.0006295259970482075 5.514634540738272e-06 0.9999998018332844 1.445444107055664
0.9999999905598957 0.00013460634989197851 -2.7592361270610418e-05 -0.0008204180048778653 -0.00013460689719565724 0.9999999907437889 -1.983443587831182e-05 -0.026620706543326378 2.7589691174193955e-05 1.983814981320962e-05 0.9999999994226281 1.3888940811157227
0.9999987846906735 0.00013153144646676045 0.0015534853250468168 0.0004245759337209165 -0.000131516244675736 0.9999999913028551 -9.887753522648475e-06 -0.02562369406223297 -0.0015534866120864527 9.683432949860376e-06 0.9999987932920609 1.374118447303772
0.9999999898692868 0.00014070510048963156 2.1529065423066267e-05 -0.0008388955611735582 -0.0001407066811543142 0.9999999874043813 7.34361413447818e-05 -0.026895519345998764 -2.151873231224688e-05 -7.343916988416536e-05 0.9999999970718161 1.4395315647125244
0.9999998002331575 0.00016630503673468382 -0.0006098165951938409 -0.0011263592168688774 -0.00016627228013356258 0.9999999847313835 5.376580076731709e-05 -0.028690490871667862 0.000609825527406257 -5.366439443094668e-05 0.9999998126164618 1.5181490182876587
0.9999998004561644 0.00013651286170424822 -0.0006168078062249253 -0.0005986696342006326 -0.00013657434522315574 0.9999999857097419 -9.963916883442696e-05 -0.03377128019928932 0.0006167941953825071 9.972338907430873e-05 0.999999804810064 1.7221310138702393
0.9999994442456477 0.00015190485880380868 0.0010432800725300435 2.0042527467012405e-05 -0.00015195830699664853 0.9999999871460812 5.115183863590143e-05 -0.026577159762382507 -0.0010432722889069806 -5.131034528158949e-05 0.9999994544749411 1.4245569705963135
0.9999988090072505 0.00011257012080357801 0.001539256979386951 0.0004067267873324454 -0.00011243612080108069 0.9999999898822608 -8.714124798074183e-05 -0.025231216102838516 -0.0015392667733139624 8.696807611246903e-05 0.999998811546471 1.3360083103179932
0.9999991432322277 9.708187078644224e-05 0.0013054156123442323 2.7593865524977446e-05 -9.708031818210797e-05 0.9999999952869213 -1.2527213955802774e-06 -0.023807384073734283 -0.0013054157278082421 1.1259901592826887e-06 0.9999991479438919 1.2736637592315674
0.9999990096964247 0.00010740509501616341 0.001403235659282337 0.0001803445047698915 -0.00010735574024853648 0.9999999936161832 -3.5247391568704026e-05 -0.024651803076267242 -0.0014032394360737781 3.509671126014074e-05 0.9999990148431678 1.3142497539520264
0.9999982641040341 9.425348898964376e-05 0.0018608882820567644 0.0005098279798403382 -9.413426283151678e-05 0.9999999935113119 -6.41569700791583e-05 -0.023685835301876068 -0.0018608943170003137 6.398168536268954e-05 0.99999826648784 1.2616924047470093
0.999998983687685 0.00022569001139233585 -0.0014077242683506763 -0.001805995125323534 -0.0002252306645588227 0.9999999213492852 0.0003264545464354339 -0.03076939284801483 0.0014077978351624606 -0.0003261371519831819 0.9999989558693615 1.676757574081421
0.9999849540092587 0.00031501487974675197 -0.005476542771361916 -0.00449251476675272 -0.00031299736258307324 0.9999998828451425 0.00036924565332517915 -0.03858821094036102 0.005476658447633407 -0.0003675259542149882 0.9999849354549903 2.0466971397399902
0.9999983335459356 -0.00022956899283518235 0.0018111331892211987 0.0027734064497053623 0.00023014302934573917 0.9999999233528326 -0.0003167467677128129 -0.04822973534464836 -0.0018110603351665225 0.0003171630595475904 0.9999983097325994 2.3332631587982178
0.9999978165577192 0.00013603308091745403 0.0020852757120027364 0.0006958686863072217 -0.000136233680352971 0.9999999861067859 9.60562988975512e-05 -0.024303842335939407 -0.002085262616197274 -9.634017394896365e-05 0.9999978211968226 1.3267912864685059
0.9999999530554771 7.026000097622893e-05 0.0002982491841120944 -0.0009918669238686562 -7.026249812848766e-05 0.999999997496627 8.362234799349953e-06 -0.02315971627831459 -0.0002982485958348403 -8.38319013952933e-06 0.9999999554887475 1.2255338430404663
0.9999997000483156 6.40692975501105e-05 -0.0007718797859451896 -0.0020339202601462603 -6.402041664693569e-05 0.9999999959439783 6.335163484074495e-05 -0.02314348891377449 0.0007718838417091714 -6.33021997728178e-05 0.9999997000940382 1.2207812070846558
0.9999966093959811 1.861225172828954e-05 -0.002604006552562942 -0.00392694678157568 -1.8357924997156803e-05 0.9999999950596946 9.769133775275144e-05 -0.021330401301383972 0.002604008357954124 -9.764320236312498e-05 0.9999966047973747 1.1153912544250488
0.9999980066323234 5.483830793661734e-05 -0.0019959268874094813 -0.0032555414363741875 -5.4480954213981024e-05 0.9999999824783282 0.0001790954190784769 -0.021972674876451492 0.001995936673727247 -0.00017898632207409004 0.9999979920983297 1.172269344329834
0.9999999119725591 9.70014451210401e-05 0.00040822248010795466 -0.0007680262206122279 -9.699897900279518e-05 0.9999999952772316 -6.060907524732969e-06 -0.024463223293423653 -0.00040822306609680315 6.021309827430332e-06 0.9999999166588325 1.2945036888122559
0.9999996462570733 7.418439520824798e-05 0.0008378439017939994 -0.0004398804157972336 -7.41564338582979e-05 0.9999999966924981 -3.340399904931143e-05 -0.02319309115409851 -0.0008378463770782962 3.334185571699608e-05 0.9999996484508227 1.2294538021087646
0.9999999559213807 7.430828323330695e-05 0.0002874639380388674 -0.0010985364206135273 -7.432976854132295e-05 0.9999999944451875 7.473091956355086e-05 -0.022700272500514984 -0.000287458383315722 -7.475228339749352e-05 0.999999955889886 1.217381477355957
0.9999998954253718 8.106629530968927e-05 0.00045008610409648104 -0.0007598683005198836 -8.105825249857945e-05 0.9999999965547948 -1.7887707225673342e-05 -0.02368713915348053 -0.00045008755263599843 1.7851222162001058e-05 0.9999998985512593 1.2516429424285889
0.9999988373816121 8.883081643655198e-05 0.0015222826644165958 0.00019242468988522887 -8.878935769731233e-05 0.9999999956855216 -2.7302146370324038e-05 -0.0234207846224308 -0.0015222850831206921 2.7166952128339333e-05 0.9999988409543696 1.250880479812622
0.9999976689874327 0.00016708334258262126 0.0021526966478706035 0.001313213026151061 -0.0001668356021953335 0.999999979440184 -0.00011526280222335745 -0.028145328164100647 -0.002152715862105827 0.00011490338710272556 0.9999976763031146 1.501455545425415
0.999999255672773 8.069210382152544e-05 0.0012174328252445663 -9.160232730209827e-05 -8.06800168022062e-05 0.9999999966955931 -9.97739239569482e-06 -0.02324392832815647 -0.0012174336263184563 9.879162468453719e-06 0.9999992588786091 1.2392982244491577
0.9999993671942177 0.00012753164633649898 0.0011177418500201905 0.00011368276318535209 -0.0001274559632307539 0.9999999895803099 -6.778169017648291e-05 -0.02625628560781479 -0.0011177504826842064 6.763918441969979e-05 0.999999373029203 1.3869242668151855
0.9999986288159463 9.792847761054777e-05 0.0016531110793558971 0.000434932007919997 -9.787556919266881e-05 0.9999999946954234 -3.208623092057394e-05 -0.02369605377316475 -0.0016531142127425892 3.192438773661509e-05 0.9999986330961824 1.268200159072876
0.9999996441426264 0.0001015867708889236 0.0008374931333420795 -0.0004707865882664919 -0.00010161375488194807 0.9999999943196276 3.2177469878085206e-05 -0.024344809353351593 -0.0008374898597795462 -3.2262559249462024e-05 0.9999996487848694 1.3021390438079834
0.9999998804851759 9.90403382247275e-05 0.00047876992940791476 -0.0005807216512039304 -9.903696382119659e-05 0.9999999950708349 -7.071771893068376e-06 -0.024528130888938904 -0.00047877062743865886 7.024355127709353e-06 0.9999998853646658 1.301408290863037
