0.99998439857332 -6.113619506820492e-05 0.0055855950731267985 0.004562262445688248 6.14949476370249e-05 0.9999999960575711 -6.405645168403627e-05 -0.013731314800679684 -0.005585591134938263 6.439893818854549e-05 0.9999843983905198 0.7608214616775513
0.9999885227773447 -1.3707654349560408e-05 0.004791046408029764 0.003371821716427803 1.4528804222874817e-05 0.9999999852127034 -0.00017135783204199774 -0.015647977590560913 -0.004791043988269209 0.00017142547350529067 0.9999885081893738 0.8309431672096252
0.9999027715327907 -0.00019338689477025386 0.013943101611663134 0.014169687405228615 0.00019648705268711933 0.9999999562816752 -0.0002209739498620642 -0.009939005598425865 -0.013943058268628095 0.00022369210384461859 0.9999027658167372 0.5568705201148987
0.9999790563493554 -0.00010520771217035018 0.006471150901549771 0.005537979770451784 0.0001059778408786363 0.9999999873434495 -0.0001186667547489133 -0.01270315796136856 -0.006471138334989543 0.00011935006803440476 0.9999790548427558 0.7128962874412537
0.9999958011738068 -2.963078761096404e-05 0.002897715785332962 0.0016011064872145653 2.9797299931515147e-05 0.9999999979075237 -5.742014786666511e-05 -0.015078060328960419 -0.002897714077865355 5.750625087581608e-05 0.9999957999642568 0.8115487694740295
0.9999926925492045 -4.527084604506397e-05 0.00382266906000751 0.0025852802209556103 4.546819201598351e-05 0.9999999976382241 -5.1538288606870384e-05 -0.014464170671999454 -0.0038226667177972936 5.1711721844196294e-05 0.9999926922458295 0.7832813262939453
0.9999948027313269 -3.70225748442795e-05 0.003223839273826723 0.0019792651291936636 3.708528051861852e-05 0.9999999991243386 -1.9390844047068348e-05 -0.014700710773468018 -0.0032238385531047566 1.951030025145884e-05 0.9999948032286626 0.7950871586799622
0.999985975886456 -7.810300611255319e-05 0.005295463183978367 0.004195102024823427 7.85937870415719e-05 0.9999999926360215 -9.247147585800944e-05 -0.013498041778802872 -0.0052954559226824445 9.28863695333005e-05 0.9999859746609916 0.7440186142921448
0.9999128761109463 -0.0001992217687647678 0.013198503635715087 0.013342004269361496 0.00020241100573147286 0.9999999506426359 -0.00024030087450046105 -0.010666697286069393 -0.013198455111106485 0.00024295146094878718 0.9999128670825611 0.601836621761322
0.9999654813614789 -0.00012043881963461116 0.00830792272451205 0.007671799510717392 0.00012156812135903901 0.9999999834405177 -0.00013542583267847738 -0.011156613938510418 -0.008307906276409715 0.00013643113652112774 0.9999654794440892 0.6402712464332581
0.9999705763529696 -0.00011404565983356704 0.007670294772520487 0.006897987797856331 0.00011507632980628482 0.9999999844100406 -0.00013393041804019492 -0.012040425091981888 -0.007670279378758005 0.00013480914668980188 0.9999705738874248 0.6733444333076477
0.9999907366217003 -6.188796393462293e-05 0.004303816988314067 0.002910824492573738 6.221337177239597e-05 0.9999999952164885 -7.547528826127988e-05 -0.013722964562475681 -0.004303812296714791 7.574234407146679e-05 0.9999907356884922 0.7479448318481445
0.999997750864366 -1.3987616794681353e-05 0.00212086552050581 0.0007374327979050577 1.415068097758236e-05 0.9999999969453276 -7.687069135287812e-05 -0.016414767131209373 -0.0021208644387894866 7.690053015164402e-05 0.9999977480076346 0.8684400320053101
0.9999848838795616 -7.614289755182322e-05 0.005497837269218988 0.004242051392793655 7.664013835580248e-05 0.9999999929922052 -9.023236078461612e-05 -0.013038341887295246 -0.005497830360137868 9.065235183035368e-05 0.9999848827074749 0.7218080163002014
0.9999833221086065 -8.370640498849889e-05 0.005774815830190437 0.004500105045735836 8.444333463303235e-05 0.9999999883234562 -0.00012736722811587743 -0.01346853282302618 -0.005774805101307768 0.0001278527486046727 0.9999833175007055 0.7327612042427063
0.9999669702602633 -0.00014652528759829484 0.008126310285100448 0.007428751327097416 0.0001475027734832398 0.9999999819589347 -0.00011968735084874945 -0.009358806535601616 -0.008126292601269649 0.00012088205091193885 0.9999669738326803 0.5480556488037109
0.99999652650313 -4.1696689258827546e-05 0.0026353829059500475 0.0010884986259043217 4.171522038975606e-05 0.999999999105583 -6.976697956786151e-06 -0.014285299926996231 -0.0026353826126877095 7.086609301980738e-06 0.9999965273481027 0.7741827368736267
0.999988553928272 -9.922015694544312e-05 0.0047835308929099875 0.003296781098470092 9.976970364982877e-05 0.9999999884513133 -0.00011464457768564739 -0.013024769723415375 -0.004783519462613497 0.00011512051691517343 0.9999885522788834 0.7092247009277344
0.999983488462798 -7.354132240966196e-05 0.005746076352354491 0.004338917788118124 7.399713331970882e-05 0.9999999941327761 -7.911303422279539e-05 -0.011962585151195526 -0.005746070500563818 7.953692112289805e-05 0.999983488037518 0.6783521175384521
0.9999805370386129 -9.421260555820913e-05 0.006238322527082168 0.005042992532253265 9.497421160143854e-05 0.9999999880736764 -0.00012178893991581186 -0.012833132408559322 -0.006238310978628558 0.00012237904930610205 0.9999805340602895 0.7066821455955505
0.9999987548663322 -7.511818756695483e-05 0.0015762687090133708 -0.0002141338773071766 7.522192459052262e-05 0.99999999500913 -6.575258173266726e-05 -0.012197958305478096 -0.0015762637619316509 6.587106982787782e-05 0.999998755526003 0.6742984652519226
0.9999998994821409 1.4200739163871123e-06 0.00044836780824751386 -0.0017387920524924994 -1.4300901232319836e-06 0.9999999997494631 2.23389442034285e-05 -0.011185911484062672 -0.00044836777641222924 -2.23395831643398e-05 0.9999998992336349 0.6281488537788391
0.9999954536803608 -3.5495593485681326e-05 0.0030151879994457726 0.0011806918773800135 3.566847082794131e-05 0.9999999977232802 -5.728175584269582e-05 -0.011163206771016121 -0.0030151859593311155 5.738904256672327e-05 0.999995452669725 0.6326913833618164
0.9999974949802757 -6.35663362428635e-05 0.00223740753869537 0.00033239542972296476 6.362265277073771e-05 0.9999999976610922 -2.5099272072110648e-05 -0.014739529229700565 -0.0022374059379935123 2.5241559000880088e-05 0.9999974966856328 0.7950243949890137
0.9999943572196899 -5.555430678858386e-05 0.0033589347267099024 0.001423718873411417 5.5964220703849485e-05 0.9999999909989538 -0.00012194301313829127 -0.01431446336209774 -0.003358927922016413 0.0001221303052050332 0.9999943513277479 0.7710112929344177
0.9999907532719372 -5.71422145523029e-05 0.0043000122547664655 0.0023820491041988134 5.750185341099239e-05 0.9999999948595477 -8.351312209090839e-05 -0.014371074736118317 -0.004300007460537717 8.375960854211777e-05 0.9999907514173156 0.7932385206222534
0.9999964750701819 -4.307538220423121e-05 0.0026548054020866566 0.0005362104857340455 4.3272184168264164e-05 0.9999999963203492 -7.407307178465211e-05 -0.0158391036093235 -0.002654802201592021 7.418768991056263e-05 0.9999964732545098 0.8554115891456604
0.9999770899245266 -0.00019511265625067636 0.006766206997032345 0.004690628033131361 0.00019700208589834095 0.9999999417917729 -0.0002785796640565077 -0.014307437464594841 -0.0067661522487651995 0.00027990623866741413 0.9999770701552332 0.7531126737594604
0.9999717598885969 -9.7767599418403e-05 0.007514643491136707 0.006403385195881128 9.846865233333245e-05 0.9999999908347461 -9.292164639697174e-05 -0.009256565943360329 -0.007514634337536789 9.365897909666341e-05 0.9999717603506455 0.5252358317375183
0.9999965387971008 -5.040849683902521e-05 0.0026305613092256785 0.00027135509299114347 5.0478148261855037e-05 0.9999999983771973 -2.6411393369201323e-05 -0.0136105353012681 -0.0026305599735981576 2.654408781778902e-05 0.9999965397188315 0.7460723519325256
0.9999998145592661 -7.187880798615046e-05 0.0006047436400920866 -0.0015740776434540749 7.190667328632815e-05 0.9999999963541258 -4.605625585127908e-05 -0.014963993802666664 -0.0006047403274184965 4.6099732413923286e-05 0.9999998160819586 0.8079573512077332
0.9999997587496028 -6.460886967374067e-05 0.0006916114734008452 -0.0017009754665195942 6.468286840115401e-05 0.9999999921864714 -0.00010697281684047936 -0.014916653744876385 -0.0006916045566041373 0.00010701752644716353 0.9999997551151631 0.8091044425964355
0.9999996346124164 -6.359811914673756e-05 0.0008524847873342631 -0.0013998786453157663 6.365366858309424e-05 0.9999999958528328 -6.513481844314648e-05 -0.014326095581054688 -0.0008524806413469224 6.518905842781768e-05 0.9999996345135045 0.7861588597297668
0.9999991759402481 -5.953904541818687e-05 0.0012824094225486135 -0.0009783331770449877 5.959490159397306e-05 0.9999999972773385 -4.351748135173563e-05 -0.013736539520323277 -0.0012824068280677477 4.3593870554070706e-05 0.9999991767658122 0.7534161806106567
0.9999986413964088 -8.012725915217064e-05 0.0016464461603447338 -0.0004183512646704912 8.02862866378839e-05 0.999999992118763 -9.652246384087827e-05 -0.013336949981749058 -0.001646438413288227 9.665451975347554e-05 0.9999986399483026 0.7324047088623047
0.9999987371801358 4.553509682254437e-05 -0.0015885731612902386 -0.004476596601307392 -4.54054620754417e-05 0.9999999956365874 8.164048751042623e-05 -0.008768369443714619 0.001588576871866142 -8.156825451476785e-05 0.9999987348842708 0.5061129331588745
0.9999880440455847 -7.228385966822362e-05 0.004889431554826306 0.003455986035987735 7.264726213390994e-05 0.9999999946123351 -7.414651042925547e-05 -0.01179189421236515 -0.0048894261688877325 7.4500827752806e-05 0.9999880439092087 0.6621662378311157
0.9999882389992658 -6.612225893071674e-05 0.004849483580178015 0.0035172058269381523 6.651536442876533e-05 0.9999999945154424 -8.090007254662186e-05 -0.012332428246736526 -0.004849478204285197 8.122168624843609e-05 0.9999882379129187 0.6791319251060486
0.999995937130973 -5.966919832889496e-05 0.0028499405491591396 0.0009994851425290108 5.984744610395114e-05 0.9999999962585693 -6.245914358520704e-05 -0.009665202349424362 -0.002849936811609258 6.262945148530238e-05 0.9999959369606066 0.5500460267066956
0.9999919760201346 -5.7727647091382036e-05 0.004005566484986604 0.002468864666298032 5.7777907866952215e-05 0.9999999982535793 -1.2432016246438259e-05 -0.006919064559042454 -0.004005565760320152 1.2663349743514715e-05 0.9999919776091104 0.402496874332428
0.9999056007644018 -0.00017716809061839854 0.013738929050260529 0.01400364376604557 0.00018007030352304568 0.9999999617366376 -0.0002100033542740216 -0.009928311221301556 -0.013738891318669611 0.00021245750324206712 0.9999055944073635 0.56327885389328
0.9999913475889501 -0.0001048609349918292 0.0041585756479339256 0.002759953960776329 0.00010516033323607956 0.9999999918946983 -7.177678826135163e-05 -0.012228859588503838 -0.004158568087646288 7.221348441999994e-05 0.9999913505109296 0.6905364394187927
0.9999977108559305 1.6448129814570794e-05 -0.002139629023395419 -0.005046083591878414 -1.633130049631645e-05 0.9999999983749686 5.462006494931345e-05 -0.01156104076653719 0.002139629918316373 -5.458499699158399e-05 0.9999977094995222 0.6429940462112427
0.9999979471396507 -3.237935365294322e-05 0.002025998040888487 7.783813634887338e-05 3.232234743888375e-05 0.999999999080856 2.8170085267514694e-05 -0.009843999519944191 -0.0020259989511554563 -2.810454242567552e-05 0.9999979472670854 0.5797435641288757
0.999995922566735 -3.6069935849299425e-05 0.0028554419735561856 0.0011092477943748236 3.6136798238397556e-05 0.9999999990741234 -2.3364185905036897e-05 -0.014082659967243671 -0.002855441128167712 2.3467277169607928e-05 0.999995922944314 0.7688553333282471
0.9999956472752392 -2.414544699771341e-05 0.0029503978669166036 0.0011929450556635857 2.4433059516684968e-05 0.9999999949535914 -9.744661683092752e-05 -0.014332788996398449 -0.002950395499135568 9.751827991930584e-05 0.9999956428187995 0.7860580682754517
0.999996459917526 -5.7754633845259465e-05 0.0026602287153870145 0.000813873135484755 5.7871708542186344e-05 0.999999997360409 -4.3932304797083425e-05 -0.013482702895998955 -0.002660226171070921 4.4086101253973594e-05 0.9999964606203036 0.7380104064941406
0.9999998890830979 -4.903755458094811e-05 0.00046843260994881185 -0.0013796542771160603 4.905084033989477e-05 0.9999999983951261 -2.8350709998487907e-05 -0.012628170661628246 -0.0004684312189475476 2.8373683867075582e-05 0.9999998898835575 0.6952323317527771
0.9999972760100629 -5.779439155588259e-05 0.0023333735796192924 0.0005060465773567557 5.7818714008989866e-05 0.9999999982748718 -1.03562736057113e-05 -0.014172203838825226 -0.002333372977059392 1.0491158055002353e-05 0.999997277626537 0.7714346647262573
0.9999887204725119 -3.4252539425904345e-05 0.004749500448668812 0.0031645812559872866 3.4988154982533464e-05 0.9999999874064378 -0.00015479971969279286 -0.014892270788550377 -0.004749495086572181 0.00015496414988288706 0.9999887090775249 0.7977691292762756
0.9999858602923372 -6.142878822438933e-05 0.005317465740187396 0.0038403188809752464 6.203781457351059e-05 0.9999999915355973 -0.00011436832924394378 -0.013875639997422695 -0.005317458669670349 0.00011469659606279315 0.9999858556389619 0.7653772830963135
0.9999957850198333 -6.980563662694635e-05 0.0029025970681345243 0.0012620959896594286 7.009332537064595e-05 0.9999999926417107 -9.901264578831892e-05 -0.013647206127643585 -0.002902590135135602 9.921568113269733e-05 0.9999957825544844 0.7465651631355286
0.9999954005374516 -2.4118659127713583e-05 0.003032873593154122 0.001417361432686448 2.410641449856418e-05 0.9999999997011422 4.073858706114314e-06 -0.008665764704346657 -0.003032873690503734 -4.000728260595445e-06 0.9999954008200096 0.5011007189750671
0.9999974260873405 -7.404156339803431e-05 0.0022676720532445473 0.0004026956739835441 7.409935454784778e-05 0.9999999969320431 -2.5400785629768666e-05 -0.013675924390554428 -0.002267670165573547 2.5568753285836584e-05 0.9999974285058234 0.7599157691001892
0.999999473628941 -9.600877084850252e-06 -0.0010259871657272938 -0.0027135880663990974 9.710382262212652e-06 0.9999999942575708 0.00010672659940433261 -0.017340613529086113 0.0010259861351666726 -0.0001067365059541148 0.9999994679797429 0.9458065032958984
0.9999986416227468 -0.0001447095597495005 0.001641892750592565 -0.0004509398713707924 0.00014493026820103165 0.9999999804786919 -0.00013430500036732163 -0.016076786443591118 -0.0016418732833231955 0.00013454277788716484 0.9999986430742606 0.8404281735420227
0.999979547283702 0.00014943740884585145 -0.006393956736107032 -0.00983215682208538 -0.00014807080564753535 0.9999999660953224 0.00021420641996754757 -0.00820409320294857 0.006393988529774349 -0.0002132552805392199 0.9999795355070354 0.4970247745513916
0.9999975542674693 5.945655945891623e-06 -0.002211656331557787 -0.004894716665148735 -5.790212334391049e-06 0.9999999975128807 7.02901964493679e-05 -0.010801986791193485 0.0022116567439784585 -7.027721857857743e-05 0.9999975518147828 0.6230977773666382
0.9999974763252554 7.83215087600166e-05 -0.0022452636508504295 -0.0035467883571982384 -7.761906979692463e-05 0.9999999480221998 0.00031293909609780244 -0.022984784096479416 0.0022452880440087205 -0.00031276403106528114 0.999997430426829 1.2421767711639404
0.9999982197398335 -1.930849760278198e-05 -0.0018868344775837197 -0.0032860077917575836 1.9668418676982568e-05 0.9999999816165513 0.0001907355512794782 -0.01786286197602749 0.0018868307600802602 -0.00019077232277105318 0.999998201736185 0.9708160161972046
0.9999875531347918 -0.0004747236564998707 0.004966710474946528 0.0038722027093172073 0.00047620565271803956 0.9999998424479183 -0.0002972075283519126 -0.02935710921883583 -0.004966568600986355 0.0002995690046534518 0.9999876216507598 1.384627342224121
0.9999998339371454 -5.1385383968600604e-05 -0.000574008034700909 -0.0023389181587845087 5.1450278624937606e-05 0.9999999922872875 0.00011304111572474475 -0.015091817826032639 0.0005740022216126142 -0.0001130706298261327 0.9999998288682266 0.8207151293754578
0.9999918065845069 1.748651033214887e-05 -0.004048019031081827 -0.00495322048664093 -1.605511802652261e-05 0.9999999373421229 0.0003536353819534426 -0.020826246589422226 0.004048024961290309 -0.0003535674930485076 0.9999917442078913 1.127677321434021
0.9999965104142242 0.00011186263569356263 -0.0026394404946761645 -0.003345634788274765 -0.00011127058112437698 0.9999999686190876 0.00022445641349604388 -0.02587074786424637 0.0026394655201341256 -0.00022416193815845024 0.9999964914804418 1.3674509525299072
0.9999963294079602 3.9348606319798225e-05 -0.002709173728870243 -0.003884135279804468 -3.924861705066014e-05 0.999999998546722 3.696081818152387e-05 -0.022387102246284485 0.0027091751792897444 -3.685435119123074e-05 0.999996329499066 1.1606440544128418
0.9999978327247527 -1.288703763003143e-05 -0.0020819173186676187 -0.003580075688660145 1.3050591530615537e-05 0.9999999968301274 7.854570195661805e-05 -0.01806299388408661 0.002081916299846789 -7.857270197898887e-05 0.9999978297230705 0.9593101739883423
0.9999997336992883 -3.505434067101696e-05 -0.0007289530478386388 -0.002515827538445592 3.5074179908507705e-05 0.9999999990148912 2.7203304523936633e-05 -0.015828410163521767 0.0007289520935266366 -2.7228864710022018e-05 0.9999997339436819 0.8512370586395264
0.9999995020777926 -3.17055882789249e-05 -0.000997416123056418 -0.002594455610960722 3.1860251386097895e-05 0.9999999874724798 0.00015504826607856944 -0.01641685888171196 0.0009974111946647797 -0.00015507996680501164 0.9999994905604266 0.8972536325454712
0.9999980242624896 -3.6246839825799714e-06 -0.0019878274519266404 -0.003502998501062393 3.834359665040638e-06 0.9999999944300534 0.00010547601943947919 -0.01894015446305275 0.0019878270585373097 -0.00010548343309195388 0.9999980187064524 1.0123732089996338
0.9999968776827944 2.2761294647934833e-05 -0.002498821039175544 -0.003789727110415697 -2.2279457725075776e-05 0.9999999811556016 0.00019285336961519098 -0.020735934376716614 0.002498825381679134 -0.00019279709508809205 0.9999968593455641 1.099372148513794
0.9999979698830549 0.00012148381245240033 -0.0020113357382273087 -0.003272073809057474 -0.00012121875599894658 0.9999999839538466 0.00013190268900124854 -0.025081422179937363 0.00201135172999464 -0.00013165860960728036 0.9999979685630509 1.3706188201904297
0.9993990691746546 0.0009739879477365362 -0.03464898094189568 -0.03016972728073597 -0.0009020513083984879 0.9999974054890136 0.0020917262436784332 -0.05967363342642784 0.034650928360885264 -0.0020592141023071113 0.9993973548098923 3.6895644664764404
0.9997953884665853 0.0005118421710639322 -0.02022175112451727 -0.01772821508347988 -0.0004874471248065916 0.9999991475890088 0.0012112871486889176 -0.04119467735290527 0.020222353875118313 -0.0012011822709238184 0.9997947857260017 2.4754600524902344
0.9999983597499896 -1.101049979453072e-05 -0.0018111808577490553 -0.003304859157651663 1.1180401537355056e-05 0.9999999955385545 9.379706756865538e-05 -0.018700703978538513 0.0018111798169159771 -9.381716344726072e-05 0.999998355411653 0.9892033338546753
0.999996347560369 -2.4877373544756743e-06 -0.0027027504014837467 -0.0041113803163170815 2.968309532609303e-06 0.9999999841883617 0.0001778045710893765 -0.01870228722691536 0.002702749916417762 -0.00017781194426869548 0.9999963317561729 1.005461573600769
0.999951956650188 0.0004225416335133522 -0.00979315322194006 -0.009431291371583939 -0.00041308985324726906 0.9999994469941357 0.0009671443511356522 -0.03568339720368385 0.009793556465022871 -0.0009630524340539928 0.9999515782185533 2.002896308898926
0.9999985555852551 -9.005672863340208e-06 -0.0016996312250941313 -0.0032196971587836742 9.079299988711539e-06 0.9999999990208288 4.331176012053638e-05 -0.01831039786338806 0.0016996308333783587 -4.332712902215424e-05 0.9999985546878506 0.9658198952674866
0.9999992422760317 -1.5078351679082879e-05 -0.0012309427304889528 -0.0027898410335183144 1.5256126943148102e-05 0.9999999894560995 0.00014441278112605976 -0.017667077481746674 0.0012309405400033144 -0.00014443145111959026 0.9999992319621764 0.9536989331245422
0.9999992342211995 8.713147231728583e-07 -0.0012375606067965774 -0.002779125701636076 -7.201234821471708e-07 0.9999999925370844 0.00012216919732908698 -0.019142119213938713 0.001237560704008587 -0.00012216821257805203 0.999999226758917 1.0214883089065552
0.9999993202216028 -4.190348735594839e-05 -0.0011652469393699037 -0.002717688214033842 4.1881238374145314e-05 0.9999999989402282 -1.911818568524412e-05 -0.019525697454810143 0.0011652477392536601 1.9069370704282006e-05 0.9999993209168018 1.0139249563217163
0.9999994125810466 -1.872737332555718e-05 -0.0010837374437442802 -0.0027367323637008667 1.886839463475466e-05 0.9999999913570483 0.00013011489841806119 -0.017427098006010056 0.001083734997667312 -0.00013013527037187279 0.9999994042914556 0.9374015927314758
0.9999868339031276 0.0002797208676053919 -0.005123843931541401 -0.0072867427952587605 -0.00027902954846289785 0.9999999518726467 0.00013563633467759669 -0.02941923215985298 0.005123881625257568 -0.00013420484501786256 0.9999868638267954 1.6978836059570312
0.9995813740431376 0.0013147007475575487 -0.028902391388553127 -0.02506953477859497 -0.0012408607162681246 0.9999959210035025 0.0025725942235980026 -0.057985417544841766 0.028905655687348812 -0.002535653426799269 0.9995789281147254 3.724050760269165
0.9997627164500266 0.00122604007331308 -0.02174873840484429 -0.01812245510518551 -0.0011878503694759525 0.9999977302081847 0.0017687820607259752 -0.05948500707745552 0.021750857637423276 -0.0017425281108896468 0.9997619035489497 3.6065073013305664
0.9996214991667476 0.0011373340852086078 -0.027487540355631772 -0.024183867499232292 -0.001081466444415563 0.9999973195907308 0.002047252227536487 -0.058431226760149 0.027489795087513216 -0.0020167504883283525 0.9996200497606649 3.5152783393859863
0.9999187321720949 0.0005896730343982154 -0.012735043661591037 -0.01038326509296894 -0.0005821412572325087 0.9999996534716709 0.0005951202354855183 -0.045854602009058 0.012735390174892728 -0.0005876582770285686 0.9999187289449291 2.4636096954345703
0.9999365488916667 0.0008280096405583557 -0.011234437709942969 -0.009445680305361748 -0.00081599667751163 0.9999990905083845 0.001073839758068828 -0.04903877526521683 0.011235316641988163 -0.0010646043579009814 0.9999363151108752 2.8633365631103516
0.9996619407931491 0.0013664277718674254 -0.025964148451636786 -0.02166379988193512 -0.001312325420601254 0.9999969325136834 0.0021006582811715136 -0.06663883477449417 0.025966939204781287 -0.0020658747222617687 0.9996606675417249 3.991018533706665
0.9996864082631624 0.0017158702467828908 -0.024982812555720147 -0.018671996891498566 -0.0016594966352166958 0.9999960305408813 0.0022770536661808416 -0.07545839995145798 0.024986620516103165 -0.002234880707592324 0.9996852875297342 4.549095630645752
0.9996372474109403 0.000978601863305337 -0.026914975888371467 -0.022786380723118782 -0.000943451841397447 0.9999986855519638 0.0013186329919785075 -0.06098676100373268 0.026916230926737235 -0.0012927616708835958 0.9996368567034535 3.439030408859253
0.9997868235300457 0.0010014083821136945 -0.020622916305746055 -0.02036990411579609 -0.0009759797468492462 0.9999987511368349 0.0012430560343419615 -0.048717200756073 0.020624135357277747 -0.0012226634954092296 0.999786552287408 3.0373551845550537
0.9996721901759014 0.0013150155193573903 -0.025569179163602063 -0.021435121074318886 -0.0012588512398259346 0.9999967599877964 0.00221253417274929 -0.0641939640045166 0.025572005835923808 -0.0021796210894198765 0.9996706066347225 3.8255774974823
0.9999334096524306 0.001048310161963984 -0.01149248914157341 -0.009127968922257423 -0.0010339011980350379 0.9999986721745333 0.0012596418076026763 -0.05532127246260643 0.011493794376860995 -0.0012476758293250173 0.9999331657645164 3.259399890899658
0.9999936093970663 2.324997025075982e-05 -0.0035749999254019393 -0.004608109127730131 -2.2628334412047835e-05 0.9999999846191127 0.00017392450427455096 -0.02203529328107834 0.0035750039141548176 -0.00017384249649826864 0.9999935945423852 1.1487810611724854
0.999911024723558 0.0009866589197859734 -0.013302974872578994 -0.010418398305773735 -0.0009726067428962812 0.9999989623023816 0.001062746575507795 -0.05291038751602173 0.013304009636501846 -0.0010497134542758009 0.9999109467493873 3.134394407272339
0.99984399844496 0.0007141675565905116 -0.017648476939839883 -0.014868395403027534 -0.0007021580638973246 0.9999995177288185 0.0006866703603895991 -0.05283067375421524 0.01764895882618152 -0.000674171218346764 0.9998440177075223 2.78140926361084
0.9998945164124983 0.0005654198666768364 -0.014513316250633302 -0.012421686202287674 -0.0005570136379030044 0.9999996747812273 0.0005832437286771703 -0.045032888650894165 0.014513641308221711 -0.0005750980909534794 0.9998945061746076 2.4090960025787354
0.9999954924774145 7.7033471944919e-05 -0.0030015147338815482 -0.004237240180373192 -7.61261591689506e-05 0.9999999513801158 0.0003023980394785346 -0.021438494324684143 0.003001537882719139 -0.0003021681826241624 0.9999954497220116 1.173058271408081
0.9999559889957478 0.00023266335609686565 -0.009379015902473784 -0.0088531244546175 -0.0002311564864833758 0.9999999602021875 0.00016174765016728767 -0.03345488756895065 0.009379053161960596 -0.00015957251112808083 0.9999560029813307 1.7094628810882568
0.9999982151957526 2.8692117989570268e-06 -0.001889337735033214 -0.0032826242968440056 -2.6563110492308864e-06 0.9999999936471924 0.00011268788451424757 -0.01996045932173729 0.0018893380463560227 -0.00011268266471973136 0.9999982088505778 1.0517138242721558
0.9999982392062448 3.9055664376519705e-05 -0.0018761820447944235 -0.003163086250424385 -3.8824000487470076e-05 0.9999999916186805 0.00012351249358354344 -0.022097017616033554 0.001876186852932038 -0.00012343943521089438 0.9999982323412371 1.164646863937378
0.9999972984754896 2.873973831421636e-05 -0.0023242667124147277 -0.003577535506337881 -2.859410637073611e-05 0.999999997626148 6.269036258072117e-05 -0.021904747933149338 0.002324268508601877 -6.262373289156132e-05 0.9999972969234309 1.1432585716247559
0.9999933652083679 0.00015243496995560985 -0.0036395470629905042 -0.0038386969827115536 -0.00015239521945116077 0.999999988325138 1.1199150502303519e-05 -0.03043900430202484 0.0036395487276414647 -1.0644426624906213e-05 0.9999933767639441 1.56046462059021
0.9999977364529865 2.0007483077464386e-05 -0.002127601608369257 -0.0034845657646656036 -1.984416723422118e-05 0.9999999968553959 7.678162015410618e-05 -0.021238669753074646 0.0021276031378857584 -7.673922587317491e-05 0.9999977337054214 1.1118446588516235
0.9999963373025702 7.912431834918535e-06 -0.002706532622702753 -0.004009230528026819 -7.510683863490228e-06 0.9999999889536076 0.00014844653636051492 -0.020152777433395386 0.0027065337673784317 -0.0001484256647348724 0.9999963263156461 1.0643861293792725
0.9999955761884645 1.61423908342364e-05 -0.002974448339497381 -0.004171469714492559 -1.5568174946124943e-05 0.9999999812403026 0.00019307259377516944 -0.020764272660017014 0.0029744514003508978 -0.00019302543292628436 0.9999955576801576 1.0918326377868652
0.9999965308343586 1.4284158174299588e-05 -0.0026340302219946396 -0.003911065403372049 -1.3979293838491561e-05 0.9999999932022152 0.00011575901166478315 -0.020948152989149094 0.002634031857609102 -0.00011572178819514449 0.9999965242362799 1.0950396060943604
0.999996050918661 -9.517322018581926e-07 -0.002810364064893856 -0.004088161047548056 1.3580082414457863e-06 0.9999999895500519 0.0001445615860674925 -0.019678335636854172 0.0028103638979417806 -0.0001445648316795922 0.9999960404700464 1.0367796421051025
0.9999961922302548 -4.261704975884859e-07 -0.0027596240340904844 -0.004055553115904331 7.989999284596408e-07 0.9999999908736176 0.0001351004295321235 -0.019564643502235413 0.002759623951329283 -0.0001351021200402012 0.9999961831042478 1.0299865007400513
0.9999991925453013 -2.7580122190445035e-05 -0.001270491275857567 -0.002814189763739705 2.7655636011729853e-05 0.9999999978522633 5.9419180029756756e-05 -0.0177131537348032 0.0012704896343406406 -5.945426829574185e-05 0.9999991911603123 0.9434821605682373
0.9999999395114528 -7.778466420892427e-06 -0.00034773062281764547 -0.002095698844641447 7.786525399878016e-06 0.9999999997011544 2.317457763495742e-05 -0.01845669001340866 0.0003477304424510538 -2.3177283846487772e-05 0.9999999392731745 0.9829142093658447
0.9999999998114637 5.3162636122215025e-06 -1.8676454108895515e-05 -0.0017872911412268877 -5.315267429108477e-06 0.9999999985633692 5.333863011842122e-05 -0.018926367163658142 1.867673764428277e-05 -5.333853083801674e-05 0.9999999984030903 1.0156277418136597
0.9999989938488545 1.4215565307173213e-05 -0.001418484824000966 -0.0029514054767787457 -1.4128828706374486e-05 0.9999999980300764 6.115736105491045e-05 -0.02006656304001808 0.00141848569059312 -6.113725799226069e-05 0.9999989920797825 1.0676428079605103
0.9999976666530548 -9.545632717776373e-06 -0.002160230850303135 -0.00357668474316597 9.79600990379208e-06 0.9999999932364918 0.000115892425595513 -0.019225548952817917 0.0021602297294258666 -0.00011591331682107983 0.9999976599830716 1.0080125331878662
0.9994462720878095 0.0007618118725713236 -0.03326512967734948 -0.030801327899098396 -0.000731119319193584 0.999999295789224 0.000934818483421185 -0.05429470166563988 0.033265818407506066 -0.0009099800693714933 0.9994461252423524 3.3976449966430664
0.9998684204687478 0.0005592675641486948 -0.016212000774845057 -0.017402147874236107 -0.0005493026812599798 0.999999657486288 0.0006191073181291127 -0.037233587354421616 0.01621234146865425 -0.0006101205607841871 0.999868385207276 2.2266688346862793
0.9995302820436814 0.0012622315739533624 -0.030620614773914638 -0.029042411595582962 -0.001255433058764208 0.9999991828431185 0.00024124868991487895 -0.07473219931125641 0.030620894263782145 -0.00020269323900643142 0.9995310499178789 4.402938365936279
0.9989313965015814 0.0007329911551451494 -0.04621177130739334 -0.04132869467139244 -0.0006327499451331074 0.999997415403869 0.002183761225244067 -0.050234586000442505 0.04621325254629106 -0.0021521871545998037 0.998929278467472 3.150481700897217
0.9999168280665343 0.0006450002251842412 -0.012881029619969791 -0.00996154174208641 -0.0006392285189282514 0.9999996934554484 0.0004521901259741312 -0.049770768731832504 0.012881317334093421 -0.0004439185949608156 0.9999169338500171 2.6145741939544678
0.9999943574502467 9.401333692053881e-06 -0.003359312322931315 -0.0045100245624780655 -8.857674678201141e-06 0.9999999868628584 0.00016185124154866374 -0.020865337923169136 0.0033593138004170842 -0.0001618205725992817 0.9999943443964533 1.0869309902191162
0.9999938910559067 1.5097747885312595e-05 -0.0034953716433928296 -0.004586019553244114 -1.4425782665182335e-05 0.999999981412184 0.0001922694163484053 -0.021210452541708946 0.003495374481256679 -0.00019221781831362835 0.9999938726860012 1.1061921119689941
0.9999952926227756 -6.559359905701817e-06 -0.0030683365629972327 -0.004292053170502186 7.163160872013025e-06 0.9999999806144358 0.00019677351599851239 -0.019390612840652466 0.003068335212807487 -0.00019679456869975507 0.9999952732842887 1.0253125429153442
0.9999982165309967 -1.0894009080241766e-05 -0.0018886016377669603 -0.0033477474935352802 1.0984800436733991e-05 0.9999999987846431 4.806295666913402e-05 -0.01898200623691082 0.001888601111873349 -4.808361686243596e-05 0.9999982154353106 0.9954909086227417
0.9999995054879472 -4.608416989243548e-06 -0.0009944861100231845 -0.0026414655148983 4.706211933636506e-06 0.9999999951540545 9.833484697367117e-05 -0.018588505685329437 0.00099448565203598 -9.833947860830298e-05 0.9999995006636926 0.9957165718078613
0.9999965108256412 3.872763244499713e-06 -0.0026416512913487906 -0.0039567770436406136 -3.3688244069489184e-06 0.9999999817975337 0.0001907710238376625 -0.019693011417984962 0.002641651982075231 -0.00019076145894495277 0.999996492636285 1.045640230178833
0.999992669772407 2.0825977319163763e-05 -0.003828833730082483 -0.004850757773965597 -2.015612842594716e-05 0.9999999844866314 0.00017498704994167025 -0.02203024923801422 0.003828837314960707 -0.00017490859278238317 0.9999926546789231 1.1404392719268799
0.9999918401038851 1.273013668665201e-06 -0.0040397678182407725 -0.005058669950813055 -4.711870764725289e-07 0.9999999803018838 0.00019848428128314428 -0.020704898983240128 0.00403976799133816 -0.00019848075818564066 0.9999918204065295 1.0772680044174194
0.9999937589447502 -9.23536356686705e-06 -0.0035329854594571826 -0.00461244210600853 9.84150608671691e-06 0.9999999852369885 0.0001715493148113687 -0.02023954503238201 0.0035329838229793856 -0.00017158301406052043 0.9999937442727208 1.0505369901657104
0.9999963644892711 -1.8648860424580954e-05 -0.002696416225413155 -0.004175232723355293 1.8827214273537666e-05 0.9999999976368799 6.611940871977446e-05 -0.019236482679843903 0.0026964149859895746 -6.616993434800117e-05 0.9999963624772658 1.0027090311050415
0.9999961755290777 -4.871327195687806e-05 -0.0027652403575450114 -0.004267435986548662 4.900645971389205e-05 0.9999999931855836 0.00010595848002394306 -0.01838807202875614 0.002765235177117259 -0.0001060935894289985 0.9999961711019525 0.9728480577468872
0.9999943818614633 4.8664674716825624e-05 -0.00335169766824102 -0.005124344956129789 -4.847598492067966e-05 0.9999999972358 5.6377998593540275e-05 -0.021194521337747574 0.0033517004025932205 -5.6215205008509426e-05 0.9999943814563469 1.1339002847671509
0.9999400576031748 0.0006678114296849773 -0.010928642571415145 -0.014665845781564713 -0.0006746688264548049 0.9999995778505217 -0.0006237954416575438 -0.0413806214928627 0.01092822138016866 0.0006311312643220428 0.9999400860305547 2.506002902984619
0.9996769577079678 0.00028306026032920884 -0.025414564812933287 -0.022860830649733543 -0.0002521361205257485 0.9999992240325063 0.001219984328529597 -0.035166651010513306 0.025414890421138762 -0.0012131822922190824 0.9996762533608604 2.1898787021636963
0.9989729400338447 0.0005611263350211185 -0.04530728658143752 -0.04080260172486305 -0.0004777915340948309 0.9999981743602662 0.0018501328018821258 -0.047996871173381805 0.04530824202489333 -0.0018265851665878229 0.9989713843705649 3.0432190895080566
0.9999942561253237 5.712003348984234e-06 -0.003389348570688086 -0.004528637509793043 -5.114178680400842e-06 0.9999999844298546 0.00017639199462057958 -0.02054307423532009 0.0033893495254671 -0.00017637364771286792 0.9999942405844798 1.0678097009658813
0.9999974974908428 -7.25528663441254e-06 -0.002237176661097772 -0.0035941717214882374 7.465268606331301e-06 0.9999999955680438 9.385191872500465e-05 -0.019584156572818756 0.0022371759702601306 -9.38683849844135e-05 0.9999974931130601 1.0187122821807861
0.9999983152309289 -2.1100934378102907e-05 -0.0018355081187349863 -0.0033779586665332317 2.120913490562028e-05 0.9999999980387668 5.892909723616926e-05 -0.01851358450949192 0.0018355068716761134 -5.8967927493559473e-05 0.9999983137172318 0.9661127924919128
0.9999970531312151 -3.634601351320915e-05 -0.0024274282385638953 -0.0038350620307028294 3.663879872078194e-05 0.9999999920601126 0.00012057103142086433 -0.01825166493654251 0.0024274238370140503 -0.00012065961416849733 0.9999970465230251 0.9611555933952332
0.9999993153752036 -3.321936566189789e-05 -0.001169677561578038 -0.002750399522483349 3.323222607597211e-05 0.9999999993875799 1.0975403165891094e-05 -0.017917342483997345 0.0011696771962657728 -1.101426664102029e-05 0.9999993158667373 0.933612585067749
0.9999992577863229 -1.6526757984902164e-05 -0.0012182584575113015 -0.0028023256454616785 1.6664272652113352e-05 0.9999999934915572 0.000112868008816833 -0.018377121537923813 0.0012182565842400702 -0.00011288822643574988 0.9999992515532915 0.9700128436088562
0.999998049988982 -1.3999365820071139e-06 -0.0019748458860151426 -0.003390700090676546 1.5752141766923513e-06 0.9999999960601653 8.875352236696599e-05 -0.020101133733987808 0.0019748457539852738 -8.875646010185592e-05 0.9999980460513603 1.045243263244629
0.9999982836671049 -8.638049058243983e-06 -0.0018527245419331206 -0.0033060801215469837 8.839588469621639e-06 0.9999999940452721 0.00010877185818899451 -0.019531462341547012 0.0018527235913240031 -0.00010878804882277452 0.9999982777887442 1.0222454071044922
0.9999979202213225 3.360785469941783e-06 -0.0020394954608079926 -0.003418426960706711 -3.173072431075104e-06 0.9999999957590837 9.204218764374406e-05 -0.020430129021406174 0.00203949576149271 -9.203552474954477e-05 0.999997915991079 1.0640897750854492
0.9999987589577533 9.760704119223947e-06 -0.001575432538150286 -0.0030740993097424507 -9.606904468279792e-06 0.9999999951879184 9.763129986495418e-05 -0.02031226083636284 0.0015754334835194066 -9.761604367049621e-05 0.9999987542394476 1.0639684200286865
0.9999971074222525 1.3969147302952631e-05 -0.0024051927139486172 -0.0037355967797338963 -1.3675743929371842e-05 0.9999999924640145 0.00012200387302035518 -0.02110636979341507 0.0024051944001131933 -0.00012197062731501019 0.9999971000773271 1.102220892906189
0.9999971039021741 7.614590821537075e-06 -0.002406684292219027 -0.0037142601795494556 -7.308473607587254e-06 0.9999999918829462 0.00012720335574801817 -0.020662754774093628 0.0024066852412853463 -0.00012718539816602466 0.9999970958407949 1.076788067817688
0.9999983180857246 1.625281667603973e-05 -0.0018340015178781354 -0.0031862962059676647 -1.6115006631927003e-05 0.9999999970459048 7.515648096056744e-05 -0.021142687648534775 0.0018340027339648277 -7.512679960718567e-05 0.9999983153935488 1.1026525497436523
0.9999992690053604 -1.444263109717192e-05 -0.001209041006307653 -0.002836073748767376 1.4448932511551026e-05 0.9999999998820776 5.203176697220614e-06 -0.018801739439368248 0.0012090409310175187 -5.220642245630177e-06 0.9999992690961188 0.9833677411079407
0.9999999113177955 -4.890958249381256e-05 -0.0004182968488034282 -0.002289761323481798 4.891832297828399e-05 0.9999999985854029 2.0885205085940564e-05 -0.015653692185878754 0.00041829582672504563 -2.09056656141451e-05 0.9999999122957733 0.8415267467498779
0.9999997709478952 -5.4343155744620886e-05 -0.0006746487816319199 -0.0023817892652004957 5.4422011090015274e-05 0.9999999916903213 0.0001168657435379155 -0.015495669096708298 0.0006746424251725029 -0.00011690243251304681 0.9999997655956823 0.8462244868278503
0.9999995744746458 -2.0700761329565975e-05 -0.0009222917139913428 -0.002550677163526416 2.0782749612812312e-05 0.9999999958336102 8.888676398502072e-05 -0.01779748499393463 0.0009222898701250295 -8.890589391921083e-05 0.9999995707384766 0.9530495405197144
0.999999654550898 -1.9283125222219595e-05 -0.0008309790888320912 -0.0025181560777127743 1.9321524043957744e-05 0.9999999987460675 4.620112807979054e-05 -0.018065903335809708 0.0008309781968879611 -4.621716790209723e-05 0.999999653669545 0.9596123695373535
0.999999448211968 -1.1638084502008483e-05 -0.0010504476735639684 -0.002646339125931263 1.1735082198900712e-05 0.9999999956684273 9.233327320003692e-05 -0.018627576529979706 0.001050446594431442 -9.23455493414367e-05 0.9999994440169715 0.9868298768997192
0.9999984951551711 -2.011270343468957e-05 -0.0017347284721452598 -0.0032627214677631855 2.0287811375830456e-05 0.9999999947012717 0.0001009250268937398 -0.018106726929545403 0.0017347264330782699 -0.00010096006886126616 0.9999984902644936 0.9610556960105896
0.9999993004850657 -1.719553075702474e-05 -0.001182680723401117 -0.002797371707856655 1.725473711243977e-05 0.9999999985985878 5.005096337118402e-05 -0.018080808222293854 0.0011826798610908135 -5.007133520475788e-05 0.9999992993803586 0.9563056826591492
0.999984555988876 0.0002701616247535851 -0.005551107675672883 -0.008896326646208763 -0.00027166701622113084 0.999999926530877 -0.0002704353392822283 -0.026272952556610107 0.0055510342065872185 0.0002719392155348124 0.9999845559148902 1.5443838834762573
0.9999985710180048 -2.2117037274471916e-05 -0.001690406100702976 -0.003227958455681801 2.23443012152586e-05 0.9999999907153755 0.00013442463112055963 -0.01786889135837555 0.001690403111933613 -0.00013446220997327224 0.9999985622275832 0.9514033794403076
