0.9999908594684422 -6.343164020471334e-05 0.004275155668908239 0.0033202478662133217 6.355614177138399e-05 0.9999999975602067 -2.8986262514937746e-05 -0.013694854453206062 -0.0042751538198315675 2.9257709964878355e-05 0.9999908610601416 0.7672908306121826
0.9999854077944758 -5.592652074934366e-05 0.005401950605095341 0.004312342498451471 5.682521675096176e-05 0.9999999845722742 -0.0001662117492056368 -0.014266407117247581 -0.00540194122611069 0.00016651629082364443 0.999985395545012 0.7804040908813477
0.9999149849719975 -0.0001889589354911703 0.013037910989515874 0.013220574706792831 0.00019201120338480527 0.9999999544549455 -0.0002328557592077997 -0.009431608021259308 -0.013037866395527125 0.00023533938794763107 0.9999149757130477 0.5396584272384644
0.9999850218532097 -8.068704880580881e-05 0.005472619010651531 0.004526467528194189 8.124206293511153e-05 0.9999999915797184 -0.00010119431886055282 -0.01322490070015192 -0.005472610799499593 0.00010163741001527384 0.9999850199882366 0.7386355400085449
0.999998403808304 -4.622659193534476e-05 0.0017861254005832198 0.0005543705774471164 4.6244268646962884e-05 0.9999999988821696 -9.855382252703826e-06 -0.015076790936291218 -0.0017861249430059004 9.937964584486248e-06 0.9999984048281902 0.8182735443115234
0.9999877577719551 -8.376251656882835e-05 0.00494745288593988 0.0038758902810513973 8.423899806865511e-05 0.9999999918342773 -9.610013915135688e-05 -0.013332441449165344 -0.004947444795950853 9.651573114564169e-05 0.9999877566624028 0.7385721206665039
0.9999909986644151 -9.341972431069171e-05 0.0042419173614197244 0.0031330063939094543 9.382401724009661e-05 0.9999999910755606 -9.51101087748303e-05 -0.013390367850661278 -0.004241908438402849 9.550724638447262e-05 0.9999909985050697 0.740881621837616
0.9999953429952874 -5.4753619508888046e-05 0.003051391449599783 0.0018264094833284616 5.490022264132494e-05 0.9999999973428568 -4.796094167096545e-05 -0.01436513289809227 -0.0030513888154566474 4.812824038658293e-05 0.9999953433441425 0.7852095365524292
0.9999540328084542 -0.00011855090784249678 0.00958739880212992 0.009236842393875122 0.00012035964133080681 0.9999999750696195 -0.0001880806135592523 -0.011508702300488949 -0.009587376265984935 0.00018922590390278252 0.9999540221479645 0.6582135558128357
0.9999855972069592 -0.00010100531713266874 0.005366113730340071 0.004343681503087282 0.00010166674145778925 0.9999999872690564 -0.00012298683165169147 -0.012718700803816319 -0.005366101239700446 0.00012353061559506402 0.9999855947450804 0.709985613822937
0.9999906896747359 -9.107168513652146e-05 0.004314193991257964 0.0031875683926045895 9.149011318349175e-05 0.9999999911304881 -9.679144073392683e-05 -0.012904113158583641 -0.004314185138033555 9.718524567068655e-05 0.9999906891374654 0.7163810729980469
0.9999946074056143 -4.958566035519441e-05 0.0032837023241461746 0.0020700027234852314 4.965051774825347e-05 0.9999999985739628 -1.9669784983812677e-05 -0.014342655427753925 -0.003283701344124215 1.9832716433165603e-05 0.9999946084415385 0.7871806621551514
0.9999956838874603 -4.426620420437708e-05 0.002937728195998186 0.0016053426079452038 4.459157893102768e-05 0.9999999928794522 -0.00011069185366440489 -0.01500018686056137 -0.002937723275171754 0.00011082237384463701 0.9999956787408433 0.810983419418335
0.9999901789259492 -7.835920801511716e-05 0.0044312426566693545 0.0032528513111174107 7.873277054607676e-05 0.9999999933618487 -8.412760023174467e-05 -0.01350146159529686 -0.00443123603508197 8.447565801967463e-05 0.9999901784573008 0.746090292930603
0.9999867827965644 -8.302952126712856e-05 0.005140752695408516 0.003874438814818859 8.376342731312094e-05 0.9999999863319874 -0.00014254723111581364 -0.013445969671010971 -0.005140740789516285 0.00014297595410479738 0.9999867760835698 0.7371703386306763
0.9999847283310318 -9.040562233230571e-05 0.0055258421562478606 0.004510641563683748 9.100835325430151e-05 0.9999999899374528 -0.0001088235901893209 -0.011484879069030285 -0.005525832262379417 0.00010932482606645893 0.9999847264963051 0.6687907576560974
0.9999983545076456 -4.0702138482279935e-05 0.0018136497281857687 0.00034304760629311204 4.058184635505375e-05 0.9999999969745494 6.636274873328106e-05 -0.015031539835035801 -0.0018136524238044505 -6.628903827927431e-05 0.9999983531339682 0.82435142993927
0.999994049082721 -0.00010180301627140844 0.0034483960460224357 0.0019864188507199287 0.00010221617982875978 0.9999999876193932 -0.00011963722617637614 -0.013556739315390587 -0.0034483838238987172 0.00011998899609550071 0.9999940471081034 0.7407568097114563
0.9999619688405992 -8.556461394996603e-05 0.008720868714134812 0.008120110258460045 8.681709793236848e-05 0.9999999859724451 -0.00014324071015424394 -0.010018355213105679 -0.00872085633546628 0.00014399238305717378 0.9999619622420494 0.5849687457084656
0.9999941813910735 -7.810330306685229e-05 0.003410437489652593 0.001973820384591818 7.837804047706819e-05 0.999999993694412 -8.042424245258356e-05 -0.013654269278049469 -0.0034104311867487968 8.069107790297701e-05 0.999994181207106 0.748072624206543
0.9999983345948279 -8.972332691571463e-05 0.0018228431900576016 0.0001793102128431201 8.98835813166432e-05 0.9999999921031709 -8.783279754968169e-05 -0.012587280012667179 -0.0018228352950121118 8.799649494658739e-05 0.9999983347626658 0.6971327066421509
0.999999995509147 -6.553874325925202e-05 -6.84571346518383e-05 -0.002355553675442934 6.553874108152397e-05 0.9999999978523362 -3.405485375279288e-08 -0.012366482056677341 6.845713673672769e-05 2.956825917672768e-08 0.9999999976568098 0.6885032057762146
0.9999999228074431 -2.3459113656894616e-05 0.000392217768626827 -0.0015804810682311654 2.3470745850782137e-05 0.9999999992849146 -2.9652911790876718e-05 -0.011256201192736626 -0.00039221707271532973 2.9662115145458237e-05 0.9999999226429606 0.6421659588813782
0.9999991181249914 -7.434719839753536e-05 0.0013259795374858056 -0.0006354826036840677 7.43453351544881e-05 0.999999997235328 1.4544725164984988e-06 -0.013945125043392181 -0.0013259796419558636 -1.3558908407131605e-06 0.999999120887689 0.7630165815353394
0.9999982429581687 -4.9477674121133495e-05 0.0018739350403344025 0.00012730190064758062 4.9595098136957086e-05 0.9999999968098244 -6.261531508747908e-05 -0.014911867678165436 -0.0018739319362960653 6.270814306197885e-05 0.9999982422218487 0.8067089319229126
0.9999957373766198 -6.424107625712164e-05 0.0029190926115038084 0.0009348145104013383 6.451481769652689e-05 0.9999999935307471 -9.368214339929538e-05 -0.014381791464984417 -0.002919086574377742 9.387006879527107e-05 0.9999957350518959 0.7885004281997681
0.9999982654576635 -5.8234814873295426e-05 0.0018616364764583303 -0.00013070472050458193 5.827080823305836e-05 0.9999999981163966 -1.92800241745624e-05 -0.014987440779805183 -0.0018616353501831075 1.9388469794663588e-05 0.9999982669674533 0.8233753442764282
0.9999784382681678 -0.000165275464485598 0.006564730213575208 0.00464831106364727 0.0001670382469249317 0.9999999501435873 -0.00026797583270851254 -0.014286790043115616 -0.006564685596451088 0.0002690666157118809 0.9999784160201539 0.7629539966583252
0.9999797563944238 -7.120887379475334e-05 0.006362525492695244 0.0049181412905454636 7.200656958534623e-05 0.9999999895768795 -0.00012514509547067911 -0.009889212436974049 -0.006362516514936565 0.0001256007057173549 0.999979751099021 0.5647621750831604
0.9999985420132785 -4.432624593626688e-05 0.0017070461332893449 -0.0007060272619128227 4.4330030395510054e-05 0.9999999990150499 -2.179126992580085e-06 -0.013615152798593044 -0.0017070460350154706 2.25479722241712e-06 0.9999985429933137 0.751115083694458
0.9999999944970235 -6.835557989265067e-05 -7.958308726789782e-05 -0.002026677131652832 6.835395183180153e-05 0.9999999974545646 -2.0459912533201806e-05 -0.014990929514169693 7.958448561450996e-05 2.045447260209765e-05 0.9999999966239621 0.8227701187133789
0.999999991637999 -7.251516852071276e-05 0.00010707731958504521 -0.0019078321056440473 7.251818951905273e-05 0.9999999969726645 -2.8209629100055958e-05 -0.015087026171386242 -0.00010707527363487814 2.821739391752187e-05 0.9999999938693322 0.8354341983795166
0.9999999367079395 -6.878562710990051e-05 -0.0003490739953105016 -0.0022887210361659527 6.879173437063386e-05 0.9999999974810099 1.7483628442765958e-05 -0.014667807146906853 0.00034907279180884106 -1.7507640741752187e-05 0.9999999389208323 0.826053261756897
0.999999953541449 -6.109808777797013e-05 0.00029863711015669207 -0.0015591237461194396 6.10909970836572e-05 0.9999999978518526 2.3752578039332852e-05 -0.014775365591049194 -0.00029863856075227355 -2.3734332896996837e-05 0.9999999551258447 0.8141245245933533
0.9999991831528784 -7.654975266999931e-05 0.0012758658672792787 -0.0007209279574453831 7.660590775426442e-05 0.9999999960993288 -4.396450205607988e-05 -0.013095851056277752 -0.0012758624968307868 4.4062205006738533e-05 0.9999991851163736 0.7311779856681824
0.9999974935529616 -5.048158745745388e-05 0.0022383787444163533 0.00013004778884351254 5.052617521762414e-05 0.9999999985262807 -1.986312347479989e-05 -0.01133975014090538 -0.0022383777383956074 1.997617040557667e-05 0.9999974946298879 0.6386237740516663
0.9999946080086887 -7.31856491759273e-05 0.0032830774297804965 0.0018526159692555666 7.349985393508803e-05 0.9999999927307555 -9.558378908300259e-05 -0.012109708040952682 -0.003283070410553349 9.582457940758878e-05 0.9999946061186178 0.6776362657546997
0.9999938327421011 -6.551405187278916e-05 0.0035114364114624814 0.0021713620517402887 6.574681644405499e-05 0.9999999956492998 -6.617217329247275e-05 -0.011795228347182274 -0.0035114320609780808 6.640263095681371e-05 0.9999938326987681 0.6609184145927429
0.9999988650253571 1.0449595087454252e-06 -0.0015066342971820773 -0.004040534142404795 -1.0696170958859225e-06 0.9999999998655179 -1.6365201123364914e-05 -0.010360801592469215 0.0015066342798784895 1.636679407107813e-05 0.999998864891993 0.5961900949478149
0.9999859325635279 -8.654003921385418e-05 0.005303506940972741 0.003869779873639345 8.715692213021927e-05 0.9999999894639684 -0.00011608502836721092 -0.008659293875098228 -0.005303496839091918 0.00011654563268992045 0.999985929570208 0.49064797163009644
0.9999670275882981 -0.00011743381300482134 0.008119725704945955 0.007252666633576155 0.00011865066218598443 0.9999999818035512 -0.00014938178500541042 -0.011692089028656483 -0.008119708014723176 0.00015034027035935486 0.9999670233260489 0.6559293270111084
0.9999913009835865 -3.0302383225875665e-06 -0.00417108474760082 -0.006734189577400684 3.6145488760441293e-06 0.9999999901824795 0.000140078462927914 -0.01153454277664423 0.0041710842821799845 -0.00014009232097275212 0.9999912911771044 0.6697331070899963
0.9999906661038842 9.973325505400863e-06 -0.004320602462926809 -0.0069060493260622025 -9.499165996966767e-06 0.9999999939307769 0.0001097643479588027 -0.012993902899324894 0.004320603531419679 -0.00010972228130977939 0.999990660129456 0.7154695987701416
0.9999961392159844 -6.045822027367325e-06 -0.002778761697854352 -0.005269197281450033 6.316644101451613e-06 0.9999999952315396 9.745265883147565e-05 -0.011275975964963436 0.0027787610954225052 -9.746983503649625e-05 0.9999961344857318 0.6527752876281738
0.9999999345086068 -5.592159078051991e-05 0.00035756895453373515 -0.0017324615037068725 5.591085429745823e-05 0.9999999979858997 3.0036254472160464e-05 -0.01266496255993843 -0.00035757063348868667 -3.001626051932609e-05 0.9999999356211308 0.7123784422874451
0.9999990566268241 -6.815636621296307e-05 0.0013718965599565265 -0.0004287022165954113 6.811719201104126e-05 0.9999999972710014 2.860148279415832e-05 -0.013568853959441185 -0.0013718985055857585 -2.850800607089282e-05 0.9999990585404486 0.7581467628479004
0.999999331190247 -6.267419265363681e-05 0.0011548554041222647 -0.0007755232509225607 6.26660019932429e-05 0.999999998011078 7.128552495613884e-06 -0.0135620953515172 -0.00115485584860162 -7.0561775569118155e-06 0.9999993331288674 0.7458612322807312
0.9999984624239601 -9.34807794967342e-05 0.0017511170890848807 0.000154213048517704 9.35787365698541e-05 0.9999999940614569 -5.585791175589595e-05 -0.013682251796126366 -0.0017511118570446643 5.6021693194891636e-05 0.9999984652332393 0.7511690258979797
0.9999996830008419 -7.026157856397254e-05 0.0007931339902654341 -0.0008711320115253329 7.021861573906817e-05 0.9999999960660618 5.419614878358587e-05 -0.014670337550342083 -0.0007931377950522596 -5.414043883256029e-05 0.9999996840005757 0.8089480996131897
0.9999954174627403 -2.9327006236318755e-05 0.0030272418877043024 0.0016270529013127089 2.9625941524566826e-05 0.9999999946899514 -9.870360317378104e-05 -0.01626451686024666 -0.0030272389769483146 9.879283575198767e-05 0.999995413021556 0.8790258765220642
0.9999950012318345 -8.534104997696492e-05 0.0031607322329723613 0.0015344256535172462 8.556502642767027e-05 0.9999999938381555 -7.072704688534046e-05 -0.013752839528024197 -0.003160726177575978 7.099714147427512e-05 0.99999500237223 0.7649292349815369
0.9999980404840304 -9.475526039470444e-05 0.0019773845200024395 0.00020386744290590286 9.499125228188652e-05 0.9999999883778236 -0.00011925189520969296 -0.013558685779571533 -0.0019773731972765446 0.00011943949576549774 0.9999980378627976 0.7469003200531006
0.9999998557087133 -2.9557890033259734e-05 0.0005363850142291211 -0.0017335402080789208 2.9555481395286336e-05 0.9999999995531187 4.498427992875379e-06 -0.011294426396489143 -0.0005363851469534607 -4.4825742264826576e-06 0.9999998561354299 0.6493545770645142
0.9999998879770234 -6.294232694823795e-05 -0.0004691313292023761 -0.0022495058365166187 6.301394562639417e-05 0.9999999863637467 0.0001526491048161876 -0.015019280835986137 0.0004691217147153187 -0.00015267864953205055 0.999999878307016 0.8341874480247498
0.9999765780742845 1.9658792049891766e-06 -0.006844216462067562 -0.008696398697793484 -3.210410977698427e-07 0.9999999711215705 0.00024032635130182358 -0.014676985330879688 0.006844216736869917 -0.00024031852512110957 0.9999765491971625 0.8243791460990906
0.9998983774568513 0.000276821227439265 -0.014253355014316588 -0.017926190048456192 -0.00027149265053956137 0.9999998925402656 0.00037578078429830386 -0.01107768714427948 0.014253457506752804 -0.0003718729153674189 0.999898345162966 0.6585449576377869
0.9999538312960242 0.00021538130082694143 -0.009606710534705376 -0.01347906794399023 -0.00021323027855933382 0.9999999519692236 0.00022493198691473265 -0.008959663100540638 0.009606758519431552 -0.00022287316053306 0.9999538291932802 0.5451791286468506
0.9999997087140798 -6.443777334050541e-05 -0.0007605389728372803 -0.0029241256415843964 6.446095309108995e-05 0.9999999974586825 3.045358436654266e-05 -0.012668798677623272 0.0007605370085433423 -3.050260056289432e-05 0.9999997103264832 0.7091460824012756
0.9999987004119899 -7.955494142924483e-05 -0.0016102314562269247 -0.0033351629972457886 7.984526341402469e-05 0.999999980570073 0.00018023481249062562 -0.015157542191445827 0.0016102170863702937 -0.0001803631476144043 0.9999986873341733 0.845963180065155
0.9999981235140339 0.00010829411631102359 -0.001934228733903125 -0.0031618434004485607 -0.0001080948692564162 0.9999999888413611 0.0001031153561115505 -0.022060316056013107 0.0019342398791061333 -0.00010290608241492862 0.9999981240614545 1.2118213176727295
0.9999999490388886 -9.17275941772816e-05 -0.0003057912170919201 -0.0019651507027447224 9.172074033778937e-05 0.9999999955421583 -2.242740926714997e-05 -0.01586325466632843 0.000305793272941047 2.2399360727403806e-05 0.9999999529943702 0.8563575744628906
0.999997275917363 -2.6317386859128298e-05 -0.0023339805587094258 -0.0036008921451866627 2.7042664365882613e-05 0.9999999513621274 0.00031071600730237973 -0.017675289884209633 0.002333972267956209 -0.0003107782779391849 0.9999972279913152 0.9823790788650513
0.9999960158378316 0.0001680556716226327 -0.002817812228394244 -0.003138958942145109 -0.00016798783585379582 0.9999999855945413 2.4310576129916567e-05 -0.026547987014055252 0.0028178162733325657 -2.3837121094548545e-05 0.9999960296637389 1.4152016639709473
0.9999970491961704 3.228237907338651e-06 -0.0024293185321161022 -0.00355403870344162 -2.698137681232206e-06 0.9999999761879727 0.00021821268141761463 -0.01855648122727871 0.002429319178711553 -0.0002182054828789274 0.9999970253929235 1.0166113376617432
0.9999966687018266 -3.3178228864809393e-07 -0.002581198392048272 -0.003781493753194809 9.147957563841728e-07 0.9999999744913773 0.0002258681202258601 -0.01805996522307396 0.0025811982512664146 -0.0002258697290611392 0.9999966431935925 0.9891692399978638
0.9999971962310794 -2.3930445976833923e-05 -0.002367901457875621 -0.003717864863574505 2.425935008461808e-05 0.9999999900629604 0.00013887247160410335 -0.016934700310230255 0.0023678981110655107 -0.000138929525988216 0.9999971868746046 0.922584593296051
0.9999995217154604 -5.49625338125992e-05 -0.000976497808531499 -0.002638532780110836 5.503000058929996e-05 0.9999999961009436 6.906382217662892e-05 -0.015124576166272163 0.0009764940088014174 -6.911752581944946e-05 0.9999995208409942 0.8335054516792297
0.9999992495277212 -5.892672286482531e-05 -0.001223712235630317 -0.0027326359413564205 5.914988060267629e-05 0.9999999816292794 0.00018232589618320528 -0.015571437776088715 0.001223701469282286 -0.00018239814178530405 0.999999234642523 0.8672179579734802
0.9999963233939722 -4.718560920859303e-05 -0.002711267610624613 -0.0040274811908602715 4.790589505634602e-05 0.9999999635809536 0.00026559954180968944 -0.016477152705192566 0.0027112549794066467 -0.00026572845100643734 0.9999962892355285 0.9152680039405823
0.9999961909442137 1.8445502286950626e-05 -0.002760028410491994 -0.003836093470454216 -1.7826986160582474e-05 0.9999999747257247 0.0002241221727300883 -0.01920720748603344 0.002760032474780326 -0.00022407211604795284 0.9999961659988625 1.0431492328643799
0.9999476939588268 0.0003845875929512953 -0.010220637886542342 -0.012578701600432396 -0.0003823115855329742 0.9999999016872964 0.00022464026604759464 -0.03452687710523605 0.010220723275582997 -0.0002207210477290272 0.999947742683558 2.037686347961426
0.9995063959497077 0.0011473912618640994 -0.031395030640508546 -0.02496848814189434 -0.0010851073307220334 0.9999974095784623 0.0020008444332404642 -0.057216912508010864 0.03139724506556405 -0.001965789830427953 0.9995050518494819 3.528276205062866
0.9998526503267863 0.0005356574823550403 -0.017157817622386305 -0.014303355477750301 -0.0005169361511600726 0.999999266282184 0.0010955419249794476 -0.03431680053472519 0.017158391868619182 -0.0010865110010307869 0.9998521936178006 2.142090082168579
0.999997576472316 8.353270524939629e-07 -0.0022016014163684316 -0.0034496854059398174 -4.2540350311043985e-07 0.999999982665841 0.00018619381457210969 -0.018107950687408447 0.002201601533738253 -0.0001861924267572905 0.9999975591385544 0.9880720376968384
0.9999882189980581 -1.4940670897242562e-05 -0.004854033566891648 -0.0058784871362149715 1.64573737432747e-05 0.999999951060642 0.00031242258051339996 -0.01800856553018093 0.0048540286615354035 -0.0003124987845069449 0.9999881703051606 0.9973658919334412
0.9999877359829796 1.5590869213742844e-05 -0.004952538799355943 -0.005805048160254955 -1.3740952710676475e-05 0.9999999301310325 0.0003735627337774615 -0.01838296465575695 0.004952544277494896 -0.0003734900997962966 0.9999876663291025 1.016120195388794
0.9999982584259948 -7.451433040657939e-06 -0.0018663036874268996 -0.0031947363168001175 7.660981053314862e-06 0.9999999936680893 0.00011227257336782227 -0.01769762858748436 0.0018663028390180686 -0.00011228667555401608 0.9999982521511803 0.9685814380645752
0.9999988257118626 -2.4726363707788557e-05 -0.0015323065956189218 -0.002885203342884779 2.500581758756939e-05 0.9999999830605428 0.00018235576052205862 -0.01717975363135338 0.0015323020606676206 -0.0001823938629630705 0.9999988093907282 0.9473071098327637
0.9999973079745578 2.638927270735356e-05 -0.002320204138278479 -0.003381365444511175 -2.5879956660938578e-05 0.9999999755655022 0.00021954321290284322 -0.019703859463334084 0.0023202098751711735 -0.00021948257510438527 0.9999972842230793 1.0733815431594849
0.9999980347700269 -2.2322537733242558e-07 -0.0019825377763405677 -0.0032838797196745872 3.954158704960207e-07 0.9999999962281843 8.6853183317532e-05 -0.01837867498397827 0.001982537749474966 -8.68537965579535e-05 0.9999980309983066 0.9918397665023804
0.9999105204986561 0.0006010594979250392 -0.01336374661486894 -0.010840358212590218 -0.0005853603960125199 0.9999991340877861 0.0011786334819140732 -0.04456602782011032 0.013364443471886402 -0.0011707054103671539 0.9999100065003494 2.743476152420044
0.9999805670716299 0.000444808033885686 -0.006218329752780392 -0.005338350310921669 -0.00044149295698162625 0.9999997597095285 0.0005344762426679655 -0.038651809096336365 0.006218565997901665 -0.0005317205074393844 0.9999805231654422 2.305994749069214
0.9995629731754962 0.0013882974167314952 -0.029528550368162453 -0.022323032841086388 -0.0013265072412448865 0.9999968898209883 0.0021120432971774333 -0.06729756295681 0.029531390673338348 -0.0020719504417152216 0.9995617059422924 4.267256259918213
0.9985964874098843 0.002137420040689588 -0.052919625548662357 -0.04048263281583786 -0.0019547950214869663 0.999991955575209 0.003502507857716598 -0.08677343279123306 0.05292668617120242 -0.0033941450232798337 0.9985926324935991 5.5074782371521
0.9991838485568614 0.0020324220545244755 -0.040342360412989255 -0.02968190610408783 -0.0019144230153658516 0.9999937767280553 0.002963357838421111 -0.08754011988639832 0.04034813214533577 -0.0028837069463759366 0.9991815212796071 5.384430885314941
0.9993691462735536 0.001906443869960913 -0.0354637131197415 -0.02579125016927719 -0.0018456927054922613 0.999996772951533 0.0017457104447575664 -0.08079982548952103 0.03546692677559658 -0.0016791540402034174 0.9993694399704264 4.5499067306518555
0.9999694336565007 0.0003908315860807535 -0.007808905388624365 -0.006045009940862656 -0.0003840327580293606 0.9999995459530089 0.0008721310777570869 -0.03789900243282318 0.0078092426993867595 -0.000869105544425404 0.9999691297155201 2.231980085372925
0.9992010707687654 0.002347124920118516 -0.039896255202236657 -0.027062393724918365 -0.002233966167593797 0.9999933555462194 0.0028806698135444646 -0.10003433376550674 0.03990275140531895 -0.0027892414778894043 0.9991996750210957 5.958626747131348
0.9997069017458999 0.0014825283838508683 -0.024164285861667033 -0.015916168689727783 -0.001435364029996004 0.9999970312842786 0.0019690486866906893 -0.07006122916936874 0.02416713329533891 -0.0019337870152220046 0.9997060618682198 4.23488187789917
0.9992079836962535 0.0022747012364061356 -0.039726956238213415 -0.028642509132623672 -0.002209926013198326 0.9999961563843356 0.0016743487007708196 -0.09217726439237595 0.039730612186121936 -0.0015852289552856327 0.9992091700462299 5.161559104919434
0.9999235171957936 0.0005603061509363965 -0.01235499153423254 -0.00957992859184742 -0.0005483225605143006 0.9999993760094418 0.0009733052434772588 -0.041825734078884125 0.012355529173749134 -0.0009664562817697057 0.9999232004814631 2.3534934520721436
0.9997785183991543 0.0011441391533034174 -0.021014402042168135 -0.01728287898004055 -0.0011271045294313424 0.9999990266111586 0.0008224427733231745 -0.05478445440530777 0.021015322575961986 -0.0007985751896561159 0.9997788347903225 3.0446629524230957
0.999834370076759 0.0010662336207745281 -0.018168532111205723 -0.013989880681037903 -0.0010458617651850305 0.9999988138037113 0.001130736192955917 -0.05489127337932587 0.018169716188705522 -0.0011115471361424257 0.9998342992099168 3.0489015579223633
0.9999249808921318 0.0008430944152946626 -0.01221972911634082 -0.009692641906440258 -0.0008385415505892722 0.9999995770945852 0.00037770189103951467 -0.04675063490867615 0.01222004238690619 -0.0003674268055796115 0.9999252649881413 2.5048165321350098
0.9999416172002807 0.0005074875747788602 -0.010793731849937727 -0.007890796288847923 -0.0004955306379956532 0.9999992607167373 0.001110412250254202 -0.04209570586681366 0.010794287390732316 -0.001104998796448236 0.9999411294358213 2.436539649963379
0.9999188742063626 0.0006927268965289693 -0.012718692359157846 -0.010428011417388916 -0.0006805751672382421 0.9999993078713107 0.0009597261802115474 -0.04291414096951485 0.01271934838432431 -0.0009509922954841178 0.9999186535865464 2.5017237663269043
0.9999117995823034 0.000813992131748179 -0.013256337084155316 -0.010978801175951958 -0.0008090055475701209 0.9999995999745804 0.00038152418391455904 -0.04459717124700546 0.013256642338967293 -0.00037076608308063533 0.9999120581163166 2.4073445796966553
0.9997449184648387 0.0011187268186708453 -0.02255762518613893 -0.015572184696793556 -0.0010686138628380538 0.9999969348005899 0.002233484684708425 -0.06537551432847977 0.022560054701735388 -0.0022088095730196772 0.9997430495342915 3.981595277786255
0.9995808918936396 0.0015581270803930421 -0.028906968037433825 -0.018882326781749725 -0.001519123364564504 0.9999979060401454 0.0013711963855325283 -0.07999664545059204 0.028909044005624072 -0.0013267084554675547 0.9995811657986334 4.343682765960693
0.9999968687940607 2.9074505705212054e-05 -0.002502310282033182 -0.0035669784992933273 -2.8618644243868908e-05 0.999999982989908 0.000182211846758466 -0.019941529259085655 0.0025023155371880317 -0.0001821396634878999 0.9999968526160947 1.0730032920837402
0.9999975933454829 5.449428032111287e-05 -0.00219324727648065 -0.0032431683503091335 -5.410050776606839e-05 0.9999999824089306 0.00017959753188216763 -0.021219320595264435 0.0021932570249373327 -0.0001794784438616421 0.9999975787026241 1.1421329975128174
0.9999322158354337 0.0005544899182269709 -0.011629973145726988 -0.008380054496228695 -0.0005399146172997139 0.9999990650311562 0.0012563554510956407 -0.04491260647773743 0.011630658908495784 -0.0012499910975908085 0.9999315803071779 2.5760698318481445
0.9999162016804898 0.0007337523216912272 -0.012924829762604374 -0.009280240163207054 -0.0007303421862899993 0.999999697237397 0.0002685617342819206 -0.04769958555698395 0.012925022907245318 -0.00025909968083365654 0.9999164348335327 2.520406723022461
0.9999982369279902 4.073126131378577e-05 -0.0018773603479156423 -0.0031227744184434414 -4.057295026885207e-05 0.999999995618241 8.436441073657138e-05 -0.020305659621953964 0.0018773637759583609 -8.428809194800747e-05 0.9999982341988263 1.0854954719543457
0.9999957512334554 3.9726239820329596e-05 -0.002914779041822098 -0.003958391025662422 -3.9254236211076246e-05 0.9999999861089064 0.0001619916407807077 -0.02049090713262558 0.0029147854366514004 -0.00016187653509103312 0.9999957389018442 1.0953962802886963
0.9999933822984698 3.196644642575451e-05 -0.0036379028866405827 -0.004524867516011 -3.098382773962931e-05 0.99999996302629 0.0002701618422912078 -0.020101450383663177 0.003637911388247874 -0.0002700473382843975 0.9999933463154473 1.0835223197937012
0.9999945300354449 4.355741596963652e-05 -0.00330726502433491 -0.004273722879588604 -4.2954364329147155e-05 0.9999999824403367 0.000182412304441039 -0.02066263183951378 0.0033072729116690727 -0.00018226924518541094 0.9999945143468588 1.1024490594863892
0.9999939163637861 2.2979511502871175e-05 -0.0034880807558573 -0.004429294727742672 -2.221315204934223e-05 0.9999999756089947 0.0002197466410388206 -0.019906314089894295 0.0034880857204499685 -0.00021966782291200703 0.9999938924833764 1.0657398700714111
0.999995557548658 4.428614173891999e-05 -0.0029804230716764493 -0.004068962298333645 -4.3886782604503615e-05 0.9999999900510168 0.00013405937650516966 -0.02030586078763008 0.00298042897899682 -0.00013392797977349649 0.9999955495432954 1.0842688083648682
0.9999973166962287 -3.901244092772063e-06 -0.0023165891138814936 -0.0035002008080482483 4.286449383635572e-06 0.9999999861669107 0.00016627628985900288 -0.018122486770153046 0.002316588433151516 -0.00016628577363118658 0.9999973028798991 0.9868360757827759
0.9999994642653804 4.77221548135798e-08 -0.0010351178434431427 -0.002434113994240761 8.046663927207366e-08 0.999999992331853 0.00012383976512717683 -0.018132220953702927 0.0010351178414156074 -0.00012383978207438148 0.9999994565972338 0.9884732961654663
0.9999996160924809 2.075390530698438e-05 -0.0008760046611243717 -0.0022542327642440796 -2.0643161895075357e-05 0.9999999917949609 0.0001264275997633819 -0.01925802044570446 0.0008760072778031529 -0.00012640946772083528 0.9999996083158711 1.0481503009796143
0.9999982308912856 2.198394189275388e-05 -0.0018808856970493645 -0.0031680199317634106 -2.1768206632281624e-05 0.9999999931828301 0.00011471915665398243 -0.019349101930856705 0.001880888206206321 -0.0001146780101948176 0.9999982245526787 1.0434836149215698
0.9997681391670799 0.0009602711902899583 -0.021511526808561717 -0.016921108588576317 -0.0009254220401149336 0.999998243478546 0.0016299183630771427 -0.06056345999240875 0.021513054186749956 -0.0016096332078227218 0.9997672717090184 3.7189621925354004
0.9995866056647654 0.0014369724569612062 -0.028715028917808267 -0.02294531650841236 -0.0014018805551277596 0.9999982458723531 0.0012421687187776542 -0.06432833522558212 0.028716763510217947 -0.001201400172586099 0.9995868667260106 3.7081542015075684
0.9991630963867796 0.0011068682644174268 -0.04088864954273338 -0.03559468314051628 -0.00100932830225464 0.9999965960388023 0.002406068824220439 -0.053303271532058716 0.04089117356058044 -0.0023627851053033395 0.9991608124678354 3.5145673751831055
0.9991209309857234 0.0019093582124930103 -0.04187743565976231 -0.03439706936478615 -0.0018316966744293679 0.9999965311146574 0.0018927878763391193 -0.08425339311361313 0.041880904401815765 -0.0018144172255348148 0.9991209625148586 4.94578218460083
0.9991557770189928 0.0011539927705621384 -0.04106581973196388 -0.033802956342697144 -0.0010478437572384496 0.9999960546530833 0.0026062812066290774 -0.056042566895484924 0.04106866534272913 -0.0025610503612974564 0.9991530442069492 3.618438720703125
0.9999091760825446 0.0004853282571180829 -0.013468631794258203 -0.011355175636708736 -0.00048035857592477305 0.9999998153559967 0.00037221446874384517 -0.03858143091201782 0.0134688099535555 -0.00036571088997931533 0.999909224586902 2.0285377502441406
0.9999922587081971 2.646604059686506e-05 -0.003934694807338175 -0.0047891647554934025 -2.555341497537124e-05 0.9999999727630723 0.00023199327057836023 -0.019955936819314957 0.003934700840112495 -0.00023189092976154304 0.9999922321477779 1.064077615737915
0.9999930151777646 2.8081602936534587e-06 -0.003737591175750479 -0.004677996970713139 -1.910506022363666e-06 0.9999999711567006 0.0002401727456609499 -0.01898309960961342 0.003737591742389586 -0.00024016392740656528 0.9999929863400319 1.0205774307250977
0.9999709393477169 0.0002336249512874185 -0.00762009707466075 -0.007307219319045544 -0.00023239194306322168 0.9999999597621476 0.00016269507762622348 -0.029428331181406975 0.007620134777673993 -0.0001609195004356336 0.99997095340359 1.5263861417770386
0.9999954458201118 1.6920051507237827e-05 -0.0030179550606087313 -0.004099809564650059 -1.6508250605133513e-05 0.9999999905510031 0.00013647516795250693 -0.01928560435771942 0.0030179573412589546 -0.00013642472526158625 0.9999954366504783 1.0248513221740723
0.9999963098619066 5.292468513765594e-06 -0.0027166587123578214 -0.0038588461466133595 -4.8119385214375034e-06 0.9999999843435228 0.00017688922940461917 -0.01847759634256363 0.002716659606005193 -0.00017687550426422782 0.9999962942309542 1.0012725591659546
0.9999943839452138 2.3279082253403275e-05 -0.003351348402781706 -0.004283749498426914 -2.2332289800549022e-05 0.999999959833935 0.0002825480443639268 -0.019724007695913315 0.003351354845630393 -0.00028247161427487637 0.9999943442992495 1.0685279369354248
0.9999918988208494 4.287754846117526e-05 -0.004024978781037731 -0.004827197641134262 -4.186001352767674e-05 0.9999999671474595 0.0002528889456824732 -0.020925289019942284 0.004024989492064977 -0.0002527184113175962 0.99999186776343 1.108612060546875
0.9999898078324394 2.045864732640118e-05 -0.004514843594640119 -0.005209105089306831 -1.9193253236931767e-05 0.9999999605269057 0.0002803173302080253 -0.020345628261566162 0.004514849151338672 -0.0002802278186303887 0.9999897687524157 1.0805059671401978
0.999992382541938 2.6737302704366e-05 -0.0039030940566299782 -0.00472607184201479 -2.5947946605369923e-05 0.9999999792029214 0.00020228905296099158 -0.02009660378098488 0.0039030993841206673 -0.0002021862347564371 0.9999923624387959 1.0627490282058716
0.9999953560985637 7.794911936534349e-06 -0.003047576175593368 -0.004202249459922314 -7.339594126311427e-06 0.9999999888107316 0.00014941441365829282 -0.019208436831831932 0.0030475773061654173 -0.00014939135182028476 0.9999953449665588 1.022347092628479
0.9999937051025816 -6.950762247296894e-06 -0.003548197697155691 -0.004620620049536228 7.5724878640987165e-06 0.9999999846221387 0.00017520953134988042 -0.019197935238480568 0.003548196424752203 -0.00017523529710785499 0.9999936897774516 1.028090000152588
0.9999729810115506 0.0004893261931280753 -0.007334698817937531 -0.009972644969820976 -0.0004903556307394402 0.9999998701770569 -0.0001385540496254564 -0.03320534899830818 0.007334630067599698 0.00014214691690034352 0.9999730911359693 1.941540002822876
0.998719332554014 0.001863829892958169 -0.05055908346671861 -0.05755744129419327 -0.0018313201043774457 0.9999980855484969 0.0006893228678201979 -0.06603504717350006 0.050560271454372224 -0.0005958502084521078 0.9987208338234408 4.32248592376709
0.9980249918048872 0.0008345262524949077 -0.06281257277638255 -0.058518942445516586 -0.0006815034350429509 0.9999967479545475 0.0024575665600168064 -0.04838421195745468 0.0628144194108525 -0.0024099058618097485 0.998022314914759 3.3442513942718506
0.9996253483427482 0.0005913407584724964 -0.027364452611857795 -0.025002481415867805 -0.0005554647458901331 0.9999989763400149 0.001318627255216793 -0.04246140271425247 0.027365204358003884 -0.0013029332406138603 0.9996246535352232 2.7078611850738525
0.9996499185089976 0.0005356318935302522 -0.026452854731183105 -0.02256515808403492 -0.0004974886501952974 0.9999988271857497 0.0014484930679895894 -0.036984123289585114 0.026453599565982887 -0.0014348259823826124 0.9996490125761156 2.309645652770996
0.9999828970977026 0.00019711365047080554 -0.005845225256080767 -0.005955263506621122 -0.00019649123114662801 0.999999974964948 0.00010705745841096846 -0.027201935648918152 0.0058452462122316855 -0.00010590709191082039 0.9999829107941827 1.4084275960922241
0.999998087585239 5.921074193548353e-06 -0.0019557072392116836 -0.0033208313398063183 -5.687043303068292e-06 0.9999999928232373 0.00011967114467798032 -0.018646329641342163 0.001955707933757763 -0.00011965979362535925 0.9999980804421634 0.994853675365448
0.9999961177691573 -1.014259882232e-05 -0.002786457202472851 -0.0039730919525027275 1.0495889654963556e-05 0.9999999919091017 0.00012677394324458227 -0.018348634243011475 0.0027864558941106616 -0.00012680269742619522 0.9999961097847461 0.9786707162857056
0.9999989218321577 -1.1157491111216393e-05 -0.0014684039065343804 -0.0028842277824878693 1.1223326893401285e-05 0.9999999989323022 4.482669459994358e-05 -0.017697632312774658 0.0014684034048131221 -4.4843126646297566e-05 0.9999989208896851 0.9413692951202393
0.999999984264597 -1.3159230174695056e-06 -0.00017739524783531572 -0.0017787955002859235 1.3325598750298016e-06 0.9999999956013893 9.37840363999326e-05 -0.01772092841565609 0.0001773951236424509 -9.378427131399229e-05 0.99999997986774 0.956122875213623
0.9999985223847316 1.894271003446422e-05 -0.001718973393405229 -0.003019229508936405 -1.8737753453548037e-05 0.9999999927144062 0.00011924799469514806 -0.01906719245016575 0.0017189756397616726 -0.00011921560879285154 0.9999985154540924 1.0143380165100098
0.9999982932818311 2.533559836441539e-05 -0.001847374226476164 -0.00311879999935627 -2.5082722660355976e-05 0.9999999903136797 0.0001369068942093128 -0.01940850354731083 0.0018473776771999904 -0.00013686032337245638 0.999998284231013 1.0322926044464111
0.9999973434655096 3.2406666118644016e-05 -0.002304780191565971 -0.0034682881087064743 -3.208963682189146e-05 0.9999999900196525 0.00013758978913052357 -0.019854288548231125 0.0023047846273898218 -0.00013751546405920158 0.9999973345251069 1.0530017614364624
0.9999983196199093 2.578401120037711e-05 -0.0018330555209053099 -0.0030897469259798527 -2.554201535752138e-05 0.9999999909563866 0.0001320410250583378 -0.01944054290652275 0.0018330589088751334 -0.00013199398324696194 0.9999983112348866 1.0353081226348877
0.9999965896074943 3.1974246473058776e-05 -0.0026114653028678743 -0.003711253870278597 -3.1546399254865225e-05 0.9999999860748741 0.00016387518458766187 -0.0199758131057024 0.002611470506288434 -0.000163792243381876 0.9999965766910882 1.060657262802124
0.9999969731746121 3.653905008625293e-05 -0.0024601435958092254 -0.003566355910152197 -3.615003262534914e-05 0.9999999868373602 0.00015817223045550263 -0.020195405930280685 0.0024601493428902926 -0.00015808281742452825 0.9999969613329001 1.072326421737671
0.9999954309059425 9.068651410244897e-05 -0.003021579586069172 -0.003829576075077057 -8.98758959116454e-05 0.9999999599389275 0.0002684110036239634 -0.02380649745464325 0.003021603806279718 -0.0002681382100564754 0.9999953989955847 1.2936267852783203
0.999998582558807 2.4575866218857572e-06 -0.0016837085071840089 -0.003124306909739971 -2.3676177285742273e-06 0.9999999985694435 5.3436949074510064e-05 -0.018075792118906975 0.0016837086361012998 -5.343288695266586e-05 0.9999985811340711 0.9656274318695068
0.9999994219448712 -5.104002805541336e-05 -0.0010740134259071416 -0.0026870984584093094 5.114071236007656e-05 0.999999994300726 9.371859883243339e-05 -0.015541119500994682 0.0010740086363861309 -9.377347046960185e-05 0.9999994188558238 0.8536577224731445
0.9999996372675342 -6.0990521708146075e-05 -0.0008495557404845505 -0.0023865881375968456 6.111657262136423e-05 0.9999999871288815 0.00014834756951606206 -0.01549072191119194 0.0008495466817541591 -0.00014839943764069158 0.999999628123952 0.8585058450698853
0.9999988086682906 -2.03730040586017e-05 -0.0015434529277525613 -0.002924488391727209 2.05847931509642e-05 0.9999999903759443 0.00013720195887345163 -0.017156966030597687 0.0015434501176822195 -0.00013723356707966348 0.9999987994636205 0.9388457536697388
0.9999993230574022 -1.567314436867647e-05 -0.0011634599649543982 -0.0026560346595942974 1.5800794930332908e-05 0.9999999938573302 0.00010970722289118406 -0.017246097326278687 0.001163458238350505 -0.00010972553221800748 0.9999993171623847 0.9359229803085327
0.9999991002127983 -7.149627987490922e-06 -0.0013414628123475042 -0.002760224509984255 7.325487274746419e-06 0.9999999913808357 0.00013109029626537572 -0.01769127883017063 0.001341461863538365 -0.00013110000518076623 0.9999990916460162 0.9604223370552063
0.9999976401326564 1.072199559503044e-05 -0.002172467297113907 -0.0034046554937958717 -1.0382846002602269e-05 0.9999999877587695 0.00015612385225202444 -0.018848102539777756 0.00217246894447949 -0.00015610092742705234 0.9999976280027797 1.0117096900939941
0.9999983464978697 1.1201111833165258e-05 -0.0018184818012526214 -0.003160545602440834 -1.1041509395128695e-05 0.9999999960866525 8.777687588188954e-05 -0.018386876210570335 0.0018184827773348733 -8.775665195874488e-05 0.9999983427082059 0.9844100475311279
0.9999993546837376 2.4432227861300906e-05 -0.0011357971538976568 -0.0026815570890903473 -2.4260134883021136e-05 0.9999999882249185 0.0001515308833599841 -0.01928797736763954 0.0011358008427606232 -0.00015150323098248747 0.9999993435013929 1.0643610954284668
0.9999574533584138 0.0002534749138648107 -0.009221020736530753 -0.008034659549593925 -0.0002478236125864067 0.9999997807881748 0.0006140090059332078 -0.024448484182357788 0.009221174351053858 -0.0006116976952414405 0.9999572969729842 1.4968844652175903
