0.9999988795486299 9.683213954188517e-06 -0.001496932770675722 -0.002446696162223816 -9.313345804352616e-06 0.9999999694297029 0.0002470907820404481 -0.01999463140964508 0.0014969351175469516 -0.0002470765637347036 0.9999988490685503 1.1089977025985718
0.9999843025985733 -0.0001076137725029401 -0.005602051028040572 -0.0068136900663375854 0.00010923264926895566 0.9999999523677354 0.00028867413293170237 -0.017876671627163887 0.0056020196958897275 -0.00028928152837308905 0.999984266721994 0.9903045296669006
0.9999552217927243 7.544720522378183e-06 -0.009463316149275479 -0.01083283219486475 -2.9167334196095933e-06 0.9999998804065482 0.0004890586696627888 -0.014972875826060772 0.009463318707335815 -0.0004890091685218356 0.9999551022266334 0.8822804689407349
0.9999906963215929 -2.7308255226252716e-05 -0.0043135280821116895 -0.005022634752094746 2.9076118224153206e-05 0.9999999156177233 0.0004097793624458398 -0.01786023937165737 0.004313516527766953 -0.00040990097064291244 0.9999906127341192 1.0216774940490723
0.999999341823583 9.276024706276829e-05 -0.0011435680729718074 -0.001589511870406568 -9.251800608029637e-05 0.9999999732736059 0.00021188016893922208 -0.022228166460990906 0.001143587696465175 -0.0002117742288467632 0.9999993236791995 1.2447580099105835
0.9999995823496781 1.7990287588993868e-05 -0.000913770660052594 -0.0013253892539069057 -1.774044597999669e-05 0.9999999624618428 0.0002734256568968026 -0.019820787012577057 0.000913775544757529 -0.0002734093320014562 0.9999995451306921 1.126071572303772
0.999999213082334 6.469431909525617e-05 -0.00125285647928876 -0.0018708488205447793 -6.450018236690881e-05 0.9999999859081278 0.000154995066255709 -0.021140918135643005 0.0012528664889339413 -0.00015491413481595956 0.9999992031632683 1.181640386581421
0.9999895770857832 -1.6118716200504163e-05 -0.004565682860566285 -0.00520019605755806 1.7499658577468093e-05 0.9999999541174941 0.0003024215131139417 -0.02042224071919918 0.004565677776434771 -0.0003024982588916862 0.9999895314858276 1.1377731561660767
0.9999539731360438 1.5177860385538767e-05 -0.009594340992101196 -0.01106693409383297 -1.1105326832708122e-05 0.999999909827341 0.00042452559596570287 -0.01610485650599003 0.009594346570344182 -0.00042439950809138976 0.9999538831360903 0.9116222858428955
0.9996658557773991 0.00044362921602871886 -0.025845308780493848 -0.03166315332055092 -0.00042250775244081086 0.9999995723412423 0.0008226813063467114 -0.010738804936408997 0.025845662692984175 -0.0008114865688171685 0.999665615698324 0.6905253529548645
0.9998049271759412 0.00025624717837298996 -0.019749479286668724 -0.02373497188091278 -0.00024266020824160816 0.9999997322599509 0.000690359362794008 -0.012395378202199936 0.01974965090158095 -0.0006854322796871259 0.9998047216691146 0.7691373825073242
0.9999379958696634 2.432880269415022e-06 -0.011135726749619587 -0.013306235894560814 3.674185583423725e-06 0.9999998496217066 0.0005484004600340241 -0.014591969549655914 0.01113572640924066 -0.0005484073716671079 0.9999378454917552 0.8748219013214111
0.9999868555881237 -4.855901040290083e-06 -0.005127243645208167 -0.005596840288490057 7.139266433255746e-06 0.9999999008188738 0.00044532153943080286 -0.018793797120451927 0.005127240974245041 -0.00044535229069952255 0.9999867564429687 1.0662260055541992
0.9999940774366524 -3.128491100839263e-05 -0.0034415276946149135 -0.004215933848172426 3.194860125866204e-05 0.9999999809051187 0.00019279276208482895 -0.018546203151345253 0.003441521597394946 -0.00019290157225351843 0.9999940593413933 1.018338680267334
0.999992393677048 3.0300232742768313e-06 -0.003900330609964834 -0.00429906602948904 -1.6230313138129656e-06 0.9999999349321139 0.00036073970370929044 -0.019260941073298454 0.0039003314492282643 -0.00036073062944788815 0.9999923286145745 1.0867120027542114
0.9999710713685862 4.187736786062735e-05 -0.007606225887220033 -0.007319310680031776 -3.798865972717694e-05 0.9999998685149434 0.0005113970640384377 -0.02248239330947399 0.007606246303077968 -0.0005110933196942285 0.9999709414781985 1.2624694108963013
0.9999741755463939 -5.941378030819862e-07 -0.0071866709926485875 -0.007242209278047085 3.944326701466127e-06 0.9999998913429794 0.0004661528413205999 -0.020537130534648895 0.007186669934807306 -0.00046616914975646683 0.999974066894523 1.1532397270202637
0.9999969253618307 1.71725533550544e-05 -0.0024797120777702657 -0.003505021333694458 -1.6773019877341343e-05 0.9999999868760219 0.00016114162079142362 -0.020481836050748825 0.0024797148124396594 -0.00016109953307927514 0.9999969125259285 1.1238348484039307
0.9999999178911477 3.933324624265941e-05 -0.00040332442681931745 -0.0010536682093515992 -3.92764248284139e-05 0.9999999893037409 0.00014088960323383292 -0.019787687808275223 0.000403329964150712 -0.00014087375052401787 0.9999999087397589 1.1157755851745605
0.9999999333666507 1.5997353488548528e-05 0.00036470642799002825 -0.00018789235036820173 -1.6052549192105294e-05 0.9999999884191983 0.00015134040682534034 -0.01985846273601055 -0.0003647040027204504 -0.00015134625120889818 0.9999999220426482 1.1104340553283691
0.9999955691326585 1.0759661580391781e-05 -0.0029768438453797127 -0.0034495629370212555 -9.855757333906619e-06 0.9999999538468333 0.0003036596699047547 -0.019331933930516243 0.0029768469752642266 -0.00030362898537847946 0.999995523085741 1.0817487239837646
0.9999914414671253 -1.4593779429228405e-05 -0.0041372429856091335 -0.004920144099742174 1.5633647861411197e-05 0.9999999682991587 0.0002513111019452535 -0.020112231373786926 0.004137239186876262 -0.00025137363129087986 0.9999914099947097 1.0929372310638428
0.9999918122707202 2.588568807933189e-05 -0.0040465690963928476 -0.004288044758141041 -2.4271890772097582e-05 0.9999999201628129 0.00039885491482235277 -0.01991373486816883 0.004046579097960068 -0.00039875343122317886 0.9999917330624813 1.1275185346603394
0.9999999957984439 8.832108054011739e-05 2.4545849409444246e-05 -0.0005968137411400676 -8.832331986959534e-05 0.9999999919367281 9.124436894028755e-05 -0.021533548831939697 -2.4537790410266385e-05 -9.124653652782808e-05 0.9999999955359832 1.1905043125152588
0.9999995800632551 1.8842245181394227e-05 0.00091625230321237 2.1987012587487698e-05 -1.8951822586472e-05 0.9999999926701864 0.00011958451207934704 -0.01920781470835209 -0.0009162500432557151 -0.00011960182651251122 0.9999995730905394 1.0712425708770752
0.9999998580919974 3.7027395018890756e-05 0.0005314555080697965 -0.00038945931009948254 -3.706927635341075e-05 0.999999996208582 7.879533440428334e-05 -0.0193247739225626 -0.000531452588468854 -7.8815023893693e-05 0.9999998556731587 1.0675842761993408
0.9999955282617284 2.9414897518017826e-05 0.002990416578084169 0.0017482871189713478 -2.9350642174782306e-05 0.9999999993374785 -2.1530970838410652e-05 -0.019386371597647667 -0.002990417209434255 2.1443103910607445e-05 0.999995528462556 1.0687949657440186
0.9999944224577073 -3.452686289801553e-05 0.0033397397162479277 0.002143978141248226 3.4763729335215444e-05 0.9999999968847753 -7.086559693164706e-05 -0.016093138605356216 -0.003339737259077138 7.098130348332878e-05 0.9999944205427823 0.8902486562728882
0.9999819464756711 -3.567067568260466e-05 0.006008781101918691 0.004888148978352547 3.6522658865637064e-05 0.9999999892964341 -0.00014168001591098147 -0.014413071796298027 -0.006008775983781409 0.000141896914749751 0.9999819370750864 0.7999120950698853
0.9999824011635029 -2.0403502176159757e-05 0.0059327014902349606 0.0049012163653969765 2.03583539976923e-05 0.9999999997633509 7.67044441006275e-06 -0.016377532854676247 -0.005932701645334921 -7.549529382064878e-06 0.9999824013422396 0.9373324513435364
0.9999988926374863 4.657817959349483e-05 0.0014874657221672911 0.0005168885691091418 -4.6552094217941396e-05 0.9999999987620742 -1.7571408569399147e-05 -0.019710777327418327 -0.0014874665387701429 1.750214446703569e-05 0.9999988935678735 1.0831769704818726
0.9999998491807999 6.816117249932965e-05 0.0005449701199877033 -0.0002912447089329362 -6.822778427946544e-05 0.9999999902045376 0.00012221249441644747 -0.020536167547106743 -0.0005449617845025555 -0.0001222496580882421 0.9999998440358249 1.1448955535888672
0.9999943099116705 -2.4804399934006683e-05 -0.0033733557510969973 -0.004425456747412682 2.5456964230385906e-05 0.9999999809734509 0.00019340382814179101 -0.020199228078126907 0.0033733508896477767 -0.0001934886030536177 0.9999942915166744 1.1125872135162354
0.9999655774354571 -3.451257486116738e-05 -0.008297153310296635 -0.009717616252601147 3.800385739951558e-05 0.999999910815797 0.0004206234711559999 -0.015850741416215897 0.008297138053522597 -0.00042092431604864237 0.9999654895659352 0.9092453122138977
0.9999316743619497 3.71792804060592e-05 -0.011689534867085787 -0.014108172617852688 -3.1337930828711624e-05 0.9999998745637602 0.0004998903860829392 -0.014084340073168278 0.011689551986359323 -0.0004994899049182703 0.9999315500994022 0.8373115062713623
0.9999399366810408 5.97987715074601e-05 -0.010959902117406124 -0.013207496143877506 -5.4759282350914264e-05 0.9999998926496286 0.00046011102173609575 -0.014175724238157272 0.010959928454930417 -0.0004594832295664551 0.999939832611655 0.8247619867324829
0.9999335873217604 6.113144525860789e-05 -0.011524634865465792 -0.01405695453286171 -5.5660882289648166e-05 0.9999998856363246 0.00047500442572917474 -0.013688093982636929 0.011524662585173238 -0.00047433140806840836 0.9999334763683101 0.8092677593231201
0.999936007720552 4.6591279108399954e-05 -0.01131274914143026 -0.013693632557988167 -4.090985101130233e-05 0.9999998729374352 0.000502445517057551 -0.013852766714990139 0.01131277111358266 -0.0005019505615417118 0.9999358825721605 0.8243029117584229
0.9999753641178531 -5.377419095980894e-05 -0.007019135680662064 -0.008545037358999252 5.6186780976652184e-05 0.9999999394187424 0.00034351936952578934 -0.015106888487935066 0.007019116782957822 -0.0003439052892622213 0.9999753065594866 0.8605254888534546
0.9999406706166907 3.9916489608091844e-05 -0.010892825772805469 -0.013193725608289242 -3.4796779274208046e-05 0.9999998888521332 0.00047019666664396647 -0.014075526967644691 0.010892843330691479 -0.0004697897349116117 0.9999405608643834 0.8244473338127136
0.9999731418696615 -4.644732473024763e-05 -0.007328941394493502 -0.008894008584320545 4.925824643217869e-05 0.9999999253054522 0.00038335716383282846 -0.015080103650689125 0.007328923041146863 -0.00038370787837745297 0.9999730694650336 0.8733648061752319
0.9999746149374168 -8.552702999214218e-05 -0.007124757251423077 -0.00844082236289978 8.845452601112423e-05 0.9999999118013492 0.00041057653411109054 -0.015890615060925484 0.007124721507637553 -0.000411196328625696 0.9999745343062579 0.9163578748703003
0.9999855235861433 -5.137428005910152e-05 -0.005380518453670572 -0.006113478913903236 5.34630985545107e-05 0.99999992326947 0.00038807570337756836 -0.01790478453040123 0.0053804981037106694 -0.0003883577446214415 0.9999854496033521 1.0080575942993164
0.9999668971526815 -3.160238634793342e-05 -0.008136559477310436 -0.00975437555462122 3.4759881180442873e-05 0.9999999241543168 0.0003879215271732818 -0.0151145551353693 0.008136546600941548 -0.0003881915117068451 0.9999668224080042 0.862552285194397
0.9999864340220469 -5.289344146813556e-05 -0.005208548181054569 -0.006248545832931995 5.498505211279083e-05 0.9999999179151757 0.00040143030029071795 -0.016824670135974884 0.005208526520481715 -0.0004017112467892818 0.9999863548466847 0.957013726234436
0.999999337250672 4.716313878774281e-06 0.0011512931743495399 -1.13719142973423e-05 -4.728758561384407e-06 0.9999999999304283 1.0806586223112033e-05 -0.018146730959415436 -0.00115129312330219 -1.0812023248509143e-05 0.9999993372034026 0.9810060262680054
0.999999965968219 -7.126403557825679e-05 0.0002509681220248096 -0.0013839554740116 7.126049881096006e-05 0.999999997361546 1.4101410023588984e-05 -0.013786716386675835 -0.0002509691262860273 -1.4083525430131747e-05 0.9999999684080757 0.7667128443717957
0.9999998214019088 -6.996087367913826e-05 -0.0005935500201927919 -0.0026421681977808475 7.00034556564594e-05 0.9999999949778282 7.172070549212637e-05 -0.0126492353156209 0.0005935449995686647 -7.176224323546375e-05 0.9999998212772409 0.7169350981712341
0.9999998804736445 -6.385145098176937e-05 -0.0004847429099922877 -0.0020900475792586803 6.388392715029291e-05 0.9999999957161614 6.698149796639329e-05 -0.01375381276011467 0.0004847386310498932 -6.701245724108751e-05 0.9999998802688879 0.7750965356826782
0.9999984980979983 -4.5001917766350206e-05 0.0017325635846635143 0.0006696797208860517 4.472470016741667e-05 0.999999986193018 0.00016004269751717366 -0.015471167862415314 -0.001732570762970353 -0.00015996496876188087 0.9999984863037343 0.8858267664909363
0.9999998827479165 3.303746735555455e-06 -0.0004842450191669433 -0.0017158685950562358 -3.2966109959660907e-06 0.9999999998859825 1.4736601234358167e-05 -0.01745789125561714 0.00048424506779772914 -1.473500313900604e-05 0.9999998826447901 0.951175332069397
0.999999728206574 -5.7192526399102534e-05 0.0007350617613315766 -0.0009152336278930306 5.7128704613282704e-05 0.9999999945970618 8.684576912672784e-05 -0.013505563139915466 -0.0007350667242890268 -8.68037523963831e-05 0.9999997260709722 0.7622193694114685
0.9999989765517457 -2.0613909339452374e-05 -0.001430549030213853 -0.002612809184938669 2.0970748737903865e-05 0.9999999686730199 0.0002494277191558374 -0.01671496406197548 0.0014305438437186826 -0.0002494574635637435 0.9999989456570867 0.9369657039642334
0.999997632521503 -6.645081783303249e-05 -0.0021749794660402082 -0.003638438880443573 6.67316960243059e-05 0.9999999894441269 0.00012906830213688894 -0.015444537624716759 0.002174970866387168 -0.00012921313663904593 0.9999976264000308 0.8546263575553894
0.9999995330833545 -4.859848377800622e-05 -0.0009651275876230867 -0.0025299694389104843 4.877081338199699e-05 0.9999999828735877 0.00017853356034327767 -0.014877570793032646 0.0009651188946335774 -0.00017858054704045234 0.9999995183271377 0.8411552906036377
0.999999874503554 -4.439163535740629e-05 0.0004990213012413695 -0.0008435972267761827 4.43996258084079e-05 0.9999999988863179 -1.6001177554312898e-05 -0.016081707552075386 -0.0004990205903671791 1.6023331905267524e-05 0.9999998753608439 0.8814082741737366
0.9999999812672741 -7.849669740257527e-05 0.0001769285730348076 -0.0015440270071849227 7.848381626228823e-05 0.9999999942695008 7.280995068595193e-05 -0.01398980151861906 -0.00017693428736158547 -7.279606329240547e-05 0.9999999816974954 0.7803525328636169
0.9999999707073591 -3.6034693579197555e-05 -0.00023934657357730637 -0.001766660832799971 3.606886517698168e-05 0.9999999891582272 0.00014276758342953496 -0.019192516803741455 0.00023934142639624322 -0.00014277621220678828 0.9999999611653169 1.0838165283203125
0.9999753000352679 -5.634856682649534e-05 -0.007028239055017297 -0.0075828200206160545 5.96515188448916e-05 0.999999887890339 0.0004697456815795777 -0.01779463328421116 0.00702821179758787 -0.0004701533240122465 0.9999751912896538 1.030975580215454
0.9999364676018647 9.770634186134937e-05 -0.011271699666663373 -0.01344353798776865 -9.242003029299764e-05 0.9999998855095947 0.00046950967507812383 -0.014154878444969654 0.011271744250234732 -0.00046843811517787185 0.9999363621487566 0.8196911811828613
0.9998256858474562 0.0003577967679765001 -0.01866734852989105 -0.023237327113747597 -0.00034676244786096584 0.9999997632601142 0.0005943362012679976 -0.01132336724549532 0.018667556762156996 -0.0005877594645854488 0.9998255732193208 0.6886788010597229
0.999295499727886 0.0009150176485552628 -0.037518888127150915 -0.046372633427381516 -0.0008789343800484361 0.9999991352806616 0.0009782189349243037 -0.006311633624136448 0.03751975077143241 -0.0009445531387423182 0.9992954398582122 0.4633209705352783
0.9995228413297813 0.0007261642669042993 -0.03087980481638503 -0.03812655806541443 -0.0007001818309680487 0.999999391741199 0.0008522104407167999 -0.007553800940513611 0.030880404878241913 -0.0008301823228398887 0.9995227418082424 0.5273552536964417
0.9996694942500599 0.0006987591286757474 -0.02569852138761449 -0.03250785544514656 -0.0006834005491298723 0.9999995826077723 0.0006064222709621057 -0.006917059421539307 0.025698934404349068 -0.0005886594612865394 0.999669554528155 0.46598654985427856
0.9992624347199409 0.0009004699417220416 -0.038389786551375336 -0.047565046697854996 -0.0008631291258978078 0.9999991382073051 0.0009892384744172428 -0.006001132074743509 0.03839064424684913 -0.0009553735035553219 0.9992623507847079 0.45152735710144043
0.9988436314284217 0.0010494824445757992 -0.04806556502821955 -0.057964079082012177 -0.0009821336977931898 0.9999985027057189 0.0014247805866748134 -0.006708040833473206 0.048066988342137 -0.0013759262040653033 0.9988431665976386 0.5441768169403076
0.9987037731129209 0.0011014460069953891 -0.050887723339812785 -0.062086671590805054 -0.0010315265019325973 0.9999984876419539 0.0014002381516025322 -0.005805226508527994 0.05088918866607586 -0.00134593109001408 0.9987033988859805 0.4821256995201111
0.9981932018564941 0.001277141613765398 -0.06007246188378382 -0.0718020647764206 -0.0011714398717239418 0.9999977032885363 0.0017947552142895391 -0.005727823358029127 0.06007461607124266 -0.0017211411768570323 0.9981924053893326 0.5314644575119019
0.9990581418664565 0.000853302519639281 -0.04338318850837673 -0.05157811939716339 -0.0007948219752008435 0.9999987521999091 0.0013652313549545065 -0.008378683589398861 0.04338429933018524 -0.0013294635891179353 0.9990575734652103 0.6363815069198608
0.999743217187682 0.0004580076591314909 -0.022655902458466156 -0.027757875621318817 -0.0004421863290151074 0.9999996548946121 0.0007033362689399805 -0.010366613045334816 0.022656216773190265 -0.0006931375339362033 0.9997430746956366 0.6620607972145081
0.9999304558268615 8.87344110707052e-05 -0.011793033371006527 -0.014494123868644238 -8.325000147822495e-05 0.9999998881685798 0.0004655451272782291 -0.01340276189148426 0.011793073362047551 -0.0004645309812817247 0.9999303513903581 0.7888820767402649
0.9999273171301164 8.510038715819879e-05 -0.01205625210801504 -0.014789886772632599 -7.928535706805428e-05 0.999999880308025 0.0004828019967940849 -0.013155261054635048 0.012056291751615262 -0.0004818110211060859 0.9999272041940553 0.783613383769989
0.9999346846570065 8.448244839936055e-05 -0.011428879324264958 -0.013848071917891502 -7.925946165456426e-05 0.9999998922281653 0.00045745119451836647 -0.01377405971288681 0.011428916739150603 -0.0004565154691141375 0.9999345835882445 0.8061145544052124
0.9999631762464792 -4.524167457635126e-05 -0.008581614314521185 -0.010342719964683056 4.875140885156749e-05 0.9999999152634552 0.00040877424344743456 -0.014978311955928802 0.008581595093713545 -0.000409177556633502 0.9999630937186504 0.8631504774093628
0.9999774473174541 -9.946964733567192e-05 -0.006715278271034085 -0.007717636413872242 0.00010183158511878663 0.9999999330794627 0.00035138497155699555 -0.01644466444849968 0.006715242869504856 -0.0003520608743141338 0.999977390527578 0.9265033006668091
0.9999261067206859 -6.076092636972914e-06 -0.012156523413083025 -0.014071504585444927 1.2650953207874361e-05 0.9999998537019359 0.0005407735761301711 -0.01548426877707243 0.012156518348816838 -0.0005408874082061336 0.9999259605103005 0.8995712995529175
0.999851446818911 0.0001566994614940693 -0.0172354210685161 -0.020042715594172478 -0.00014447568598845693 0.9999997371817262 0.000710466927160966 -0.013924074359238148 0.01723552786851738 -0.0007078712857567041 0.9998512066789419 0.8431864380836487
0.9999661265741345 -8.25219254194886e-05 -0.00823036417505413 -0.009029493667185307 8.643789093864949e-05 0.9999998832424766 0.00047544034789932137 -0.017051346600055695 0.00823032397984426 -0.00047613565842689204 0.9999660169535871 0.9747896790504456
0.9999893422716132 -9.214967745884415e-06 -0.004616845055979653 -0.005147858057171106 1.0748477900879415e-05 0.9999999447868234 0.00033213072798242985 -0.019450362771749496 0.004616841740495025 -0.00033217681228039805 0.9999892871580719 1.0771052837371826
0.9999999932175354 3.3601028755565256e-05 -0.00011151636621732085 -0.0010271266801282763 -3.358968323488868e-05 0.9999999942604617 0.00010173892880365123 -0.02072872593998909 0.00011151978410994069 -0.0001017351823141938 0.9999999886066452 1.1286544799804688
0.9999507693286812 5.537733100752402e-05 -0.00992249224386727 -0.01198501605540514 -5.141048731538899e-05 0.9999999186634296 0.00040003761788672974 -0.014365476556122303 0.009922513589821364 -0.0003995078036046081 0.9999506908430907 0.820611834526062
0.999946078939473 -5.345803350829689e-05 -0.010384428526025382 -0.011786341667175293 5.911350478861877e-05 0.999999850119057 0.000544304562896932 -0.016182664781808853 0.010384397872145878 -0.0005448890733830512 0.9999459322267034 0.9430459141731262
0.9999628244299268 -6.900590558354883e-05 -0.008622354452721246 -0.009467785246670246 7.329045609731604e-05 0.9999998740100001 0.0004965969117615577 -0.016758883371949196 0.008622319098271205 -0.0004972103867787391 0.999962703502085 0.966933012008667
0.9999699626834783 -8.381477290058718e-05 -0.007750271342815914 -0.008868885226547718 8.687793497933626e-05 0.9999999182542659 0.00039489705777262453 -0.01608189195394516 0.0077502376110570766 -0.00039555852369450005 0.9999698882218538 0.9129769206047058
0.9999697189694523 -0.00010703131649942735 -0.0077813680321536 -0.00861850194633007 0.00011040706552750198 0.9999998999889373 0.00043339634865375393 -0.01657952554523945 0.007781320866948952 -0.00043424234297590066 0.9999696307784317 0.9488751888275146
0.9999380061291445 -7.591126889658776e-05 -0.011134546957561121 -0.012405523099005222 8.21096243365006e-05 0.9999998419376771 0.0005562217455979701 -0.01662604697048664 0.011134502974110267 -0.000557101516726749 0.9999378543096663 0.9587258100509644
0.9998012430655265 0.00015791555512966444 -0.01993613371005934 -0.02215646393597126 -0.00014089108627425679 0.9999996242612258 0.0008553520381039973 -0.015221959911286831 0.019936261292672827 -0.0008523732074204889 0.9998008896503271 0.9236506819725037
0.9999485147930421 -1.6212166407748522e-05 -0.010147290296178496 -0.010335467755794525 2.2827109928601558e-05 0.9999997873327278 0.0006517771264178862 -0.018957650288939476 0.010147277571462712 -0.0006519752028487104 0.9999483025067959 1.0941693782806396
0.9999713087896677 -3.090773315333658e-05 -0.007575001134721081 -0.008086465299129486 3.4150368069889796e-05 0.9999999078498741 0.0004279415793686033 -0.022046152502298355 0.007574987209979634 -0.00042818799028362025 0.9999712176976963 1.1969802379608154
0.9999696480079016 -3.324823842590421e-05 -0.007791146097231835 -0.00816273596137762 3.6945106631782315e-05 0.9999998868123163 0.0004743526261043567 -0.01989167183637619 0.007791129443980843 -0.0004746260732805433 0.999969536052013 1.1062707901000977
0.9999681846576122 -8.033267562773682e-05 -0.00797641643976806 -0.00861172005534172 8.342437629238795e-05 0.9999999215298948 0.00038727325943870006 -0.020277030766010284 0.007976384703160694 -0.0003879263657738894 0.999968112891707 1.1046593189239502
0.9998799308078552 7.332321052896152e-05 -0.015495760432635302 -0.017051979899406433 -6.235797160092001e-05 0.9999997473456066 0.0007081103067891228 -0.01593049243092537 0.015495808438484448 -0.0007070590003676442 0.9998796827560844 0.933456301689148
0.9999468062963163 -1.6022107937763626e-05 -0.010314277535992988 -0.011979123577475548 2.134592966873461e-05 0.9999998666180916 0.0005160505309653016 -0.014905585907399654 0.010314267892037656 -0.0005162432481691387 0.9999466732635096 0.8748411536216736
0.9999946675457948 1.6493764349254204e-06 -0.0032657123656314744 -0.004310155753046274 -9.853844632981323e-07 0.9999999793292215 0.0002033238441446525 -0.019079120829701424 0.0032657126334842143 -0.00020331954194733806 0.9999946468767518 1.0402058362960815
0.9999988635270324 4.7095771657108446e-05 -0.001506893039289329 -0.0026351814158260822 -4.6915046504188325e-05 0.9999999917033975 0.00011996742645556738 -0.020706694573163986 0.001506898676745759 -0.00011989659415881512 0.9999988574399397 1.1097941398620605
0.9999910459294064 -3.797706019730805e-05 -0.0042316212915187385 -0.005363269243389368 3.896885568697733e-05 0.9999999717936446 0.0002342949812087587 -0.018381215631961823 0.004231612274325519 -0.00023445778475438838 0.9999910192032262 1.001957654953003
0.9999835104139646 -2.7593673654975327e-05 -0.005742659554030463 -0.006632963661104441 2.9743891639009144e-05 0.9999999294909774 0.00037434388107994177 -0.018002664670348167 0.00574264881959826 -0.00037450851734780263 0.9999834407268479 0.9996160268783569
0.9999797670193176 -3.708653968894179e-05 -0.006361145854316651 -0.00716063566505909 3.9848137859642025e-05 0.9999999050240912 0.00043400914075111797 -0.01797470450401306 0.006361129154263819 -0.00043425383926950524 0.9999796735231601 1.007975697517395
0.9999834578481952 -4.961421874302746e-07 -0.005751871844942748 -0.006552523467689753 2.6723080979849823e-06 0.9999999284285758 0.000378332793045695 -0.01908968575298786 0.0057518712455662275 -0.00037834190538090954 0.9999833862792807 1.046568751335144
0.9999950439465284 4.572918137100777e-05 -0.003148013853620814 -0.004166964441537857 -4.508837135331164e-05 0.9999999782507739 0.00020363076952913922 -0.020712345838546753 0.0031480230970223418 -0.00020348782150649954 0.9999950242592645 1.1131707429885864
0.9999907265732639 5.259538517423094e-07 -0.00430659577844864 -0.0052558658644557 8.601529061112711e-07 0.9999999482043553 0.0003218548536602658 -0.018739715218544006 0.004306595724666534 -0.00032185557329373504 0.9999906747776472 1.0258435010910034
0.9999893153529518 -3.563362616955795e-06 -0.004622679659762769 -0.005610332358628511 5.040245897432432e-06 0.999999948955226 0.00031947478904368107 -0.018601644784212112 0.0046226782853946114 -0.0003194946750105097 0.9999892643266837 1.0213892459869385
0.9999907838657183 -1.553141060014287e-05 -0.004293243808813107 -0.005382953677326441 1.6664544201146696e-05 0.9999999650399394 0.000263898490689026 -0.018521875143051147 0.004293239560005227 -0.00026396760351631726 0.9999907491648036 1.0118581056594849
0.9999849346728464 -2.418535802279831e-05 -0.00548906571392398 -0.006407673470675945 2.6361059236702417e-05 0.9999999211264761 0.00039629803993582375 -0.01795545034110546 0.005489055696372045 -0.0003964367671626406 0.9999848564380622 1.0016891956329346
0.9999721017060835 -7.545339838234194e-05 -0.007469278164775965 -0.008386937901377678 7.867989178356527e-05 0.9999999037327921 0.00043167566651492356 -0.016889698803424835 0.007469244874333373 -0.0004322513054980085 0.9999720113782266 0.9559930562973022
0.9999763696240115 -1.5328365547599965e-05 -0.006874587887553431 -0.007611139677464962 1.853236723355698e-05 0.9999998912497634 0.00046600108668547565 -0.01796295866370201 0.006874579996905369 -0.00046611747729189773 0.9999762611604156 1.0132393836975098
0.9999970787862057 6.498984661843447e-05 -0.0024162357863209563 -0.003370479214936495 -6.452540239439249e-05 0.9999999794294475 0.000192295545944199 -0.021579504013061523 0.0024162482338756872 -0.0001921390756214055 0.9999970624092093 1.1633446216583252
0.9999974969804316 6.826983355328783e-05 -0.00223637476772332 -0.0033191503025591373 -6.7986623393706e-05 0.9999999896607115 0.00012671383600770778 -0.021662259474396706 0.0022363833953332884 -0.00012656147527139624 0.9999974912826043 1.1628515720367432
0.9999994628168528 6.189216422182812e-05 -0.0010346667898836 -0.002257940359413624 -6.176801716477528e-05 0.9999999908900759 0.00012001900048588952 -0.021017085760831833 0.0010346742086935518 -0.00011995502669766776 0.9999994575298897 1.1386590003967285
0.9999995066626016 7.905732617035144e-05 -0.000990163871691461 -0.001983326394110918 -7.892974121494241e-05 0.9999999885786317 0.0001288907776864975 -0.022026509046554565 0.0009901740501426866 -0.00012881256072170356 0.9999995014812132 1.1903859376907349
0.9999999898677588 7.985199902546133e-05 -0.00011784795468358049 -0.0012044889153912663 -7.985069350912597e-05 0.9999999967505209 1.1082635485395483e-05 -0.02180381864309311 0.00011784883927123403 -1.1073225132193433e-05 0.9999999929945173 1.1808840036392212
0.9999985376208244 4.844087223914786e-05 -0.0017095056873454603 -0.0029072873294353485 -4.811640941387736e-05 0.999999980822826 0.0001898398251312887 -0.020651694387197495 0.001709514850568687 -0.000189757292237934 0.999998520774479 1.1310153007507324
0.9999990186419128 6.775606908055587e-05 -0.0013993299561516415 -0.002438153140246868 -6.756984054405286e-05 0.9999999888552364 0.00013313092510321142 -0.02140328660607338 0.0013993389609845985 -0.00013303624195209576 0.9999990120754271 1.1577856540679932
0.99999963153447 4.7834154537781385e-05 -0.0008571130719306867 -0.0021355003118515015 -4.7754833495338744e-05 0.99999999457563 9.256465871393358e-05 -0.020398270338773727 0.0008571174950335778 -9.252369331501083e-05 0.999999628394414 1.0993221998214722
0.9999982141475474 9.721884410868009e-05 0.001887392437327909 0.0008931721677072346 -9.72495972763147e-05 0.9999999951400018 1.6202230167616075e-05 -0.02257104031741619 -0.0018873908529930964 -1.638574938725609e-05 0.9999982187420513 1.2359696626663208
0.9999917152637575 0.0001634959751234133 0.0040672684832166175 0.003208205569535494 -0.00016305217674904447 0.9999999807177857 -0.00010944595074542246 -0.0249020978808403 -0.004067286298763116 0.00010878186703497645 0.9999917226400774 1.365958571434021
0.9999922160041668 0.0001601331378526887 0.0039423709178700635 0.0031527518294751644 -0.00016012996147566152 0.9999999871785689 -1.121349293663466e-06 -0.025260694324970245 -0.003942371046888408 4.900488618839349e-07 0.9999922288249486 1.4057979583740234
0.9999953763039042 0.00019473475455955816 0.0030347074305028007 0.002561633475124836 -0.00019453626646685347 0.9999999789195064 -6.570104985133615e-05 -0.026895083487033844 -0.003034720160807487 6.511038541629922e-05 0.9999953931064801 1.4713785648345947
0.9999996680065962 0.00017754228117661784 0.0007952769550552245 0.0004201059346087277 -0.00017757791636435554 0.9999999832322909 4.4738137817202506e-05 -0.026859106495976448 -0.0007952689988092085 -4.4879346589047164e-05 0.9999996827664813 1.4580802917480469
0.9999992167225343 9.439577873181653e-05 -0.0012480559902089089 -0.0019796467386186123 -9.413976077012733e-05 0.9999999745172717 0.00020519054897335373 -0.023612625896930695 0.0012480753275266958 -0.0002050728965598746 0.9999992001262221 1.2831275463104248
0.9999859981468502 0.0003976443967757987 -0.005276873049587853 -0.003773848991841078 -0.00039350494932427927 0.999999614098519 0.0007854658923044837 -0.038411520421504974 0.005277183349345662 -0.0007833784186644368 0.9999857687258107 2.1526899337768555
0.9999998859414665 0.00010781935491507406 -0.00046528705212584037 -0.0012118791928514838 -0.00010777364206835284 0.9999999893638751 9.827050255483728e-05 -0.02354668453335762 0.0004652976426391819 -9.8220345666033e-05 0.9999998869254274 1.2755951881408691
0.9999968300951951 0.0002257642394731855 0.002507753988960172 0.002343691186979413 -0.00022607827025474678 0.9999999666391617 0.00012494114974186934 -0.029110588133335114 -0.0025077256980557466 -0.00012550770237436702 0.9999968477748515 1.617756724357605
0.9999883803973051 0.00015071936284451876 -0.004818335194678728 -0.00479610450565815 -0.00014977969498337283 0.9999999696964564 0.00019537944877772147 -0.026005931198596954 0.0048183644961321305 -0.0001946554897703653 0.9999883726688139 1.4237631559371948
0.999988520249139 0.00016742698226250918 -0.004788667679264926 -0.005058351904153824 -0.00016525875493940436 0.9999998836609274 0.00045317510411839815 -0.0260639488697052 0.0047887429958958895 -0.00045237853252261273 0.9999884315801768 1.4374175071716309
0.9999939571850892 0.0002458624283586546 0.0034677290799955338 0.0031959768384695053 -0.000245420324439946 0.9999999617031984 -0.00012791585568746884 -0.028852973133325577 -0.0034677603968955063 0.00012706403151974642 0.9999939792281559 1.5725271701812744
0.9999987435332911 0.00019107394738538338 0.001573665334785991 0.0012179752811789513 -0.00019111229484786545 0.9999999814447917 2.4217907594707717e-05 -0.027301792055368423 -0.001573660678175101 -2.4518623959166546e-05 0.9999987614946867 1.4923856258392334
0.9999999755524662 0.00013246213666240277 0.0001770560628010232 -0.0005193909164518118 -0.00013246405386185123 0.9999999911681385 1.0816522665113288e-05 -0.02444598823785782 -0.00017705462845758513 -1.0839975964515426e-05 0.9999999842670766 1.3087903261184692
0.9999994671691153 0.00013996108771099366 0.00102277679837635 0.0002673922572284937 -0.00013995169859471536 0.9999999901639649 -9.2515886345075e-06 -0.02452751435339451 -0.00102277808317869 9.108444354759309e-06 0.9999994769208774 1.320295810699463
0.9999995521324632 0.0001376567686013293 0.0009363682433824527 0.0002302092034369707 -0.0001377084836918557 0.9999999889965877 5.516518786943344e-05 -0.024600490927696228 -0.0009363606392177054 -5.529410901371003e-05 0.9999995600855607 1.3393950462341309
0.9999999767258367 0.00010593539690460404 -0.00018795216701914476 -0.0010273073567077518 -0.00010591978825870095 0.9999999909415278 8.305385211703678e-05 -0.02338733710348606 0.00018796096365937377 -8.303394233029447e-05 0.9999999788880198 1.2659997940063477
0.9999990907247706 0.00012150154136043719 0.0013430513793073918 0.0005630954401567578 -0.00012145203534029624 0.9999999919423329 -3.69423502434222e-05 -0.023730937391519547 -0.0013430558570380268 3.677920032907474e-05 0.9999990974237203 1.2812782526016235
0.9999981081309817 0.00022008675174159913 0.0019326914598519274 0.0016808093059808016 -0.00021982272186585485 0.9999999664785957 -0.00013682389528670144 -0.027996687218546867 -0.00193272150819207 0.00013639878693658147 0.9999981229897097 1.5005850791931152
0.99999859806614 0.0001092635823438709 0.001670906108707499 0.0007600855897180736 -0.00010936315235422534 0.9999999922497744 5.9499176373488996e-05 -0.023481396958231926 -0.0016708995946644427 -5.968182851891518e-05 0.9999986022653351 1.2861802577972412
0.9999998247542653 0.0001206757966547647 0.0005795936426240549 -0.000238703447394073 -0.00012067116749952545 0.9999999926870594 -8.021861369399561e-06 -0.023700330406427383 -0.0005795946064300324 7.951919722071826e-06 0.9999998320034154 1.2736828327178955
0.9999998105418181 7.858715646150952e-05 0.0006105246815393711 -0.000429589650593698 -7.86189337994048e-05 0.9999999955562104 5.202540221589146e-05 -0.021997181698679924 -0.000610520590297904 -5.207339115877419e-05 0.9999998122764678 1.1921470165252686
0.9999995444924673 0.00012693551326187073 0.0009459927237667273 0.0001878649927675724 -0.0001269627075891277 0.9999999915287672 2.868686978848797e-05 -0.024164415895938873 -0.0009459890743704621 -2.880696251897173e-05 0.9999995521373147 1.310575246810913
0.9999997395784984 0.00017525339532745949 0.0007000922673149307 0.0002430225140415132 -0.00017524651389504655 0.9999999845954171 -9.890654405210671e-06 -0.026256952434778214 -0.0007000939899010678 9.767963100219779e-06 0.9999997548864661 1.4154226779937744
0.9999981473165482 6.96595001492911e-05 0.001923671236141618 0.0008479630923829973 -6.964622890684903e-05 0.9999999975504393 -6.965901434146568e-06 -0.021510576829314232 -0.0019236717166706808 6.831912081282414e-06 0.9999981497185138 1.174694299697876
0.9999997297470908 0.00021555494568685913 0.000702881078527638 0.0007214335491880774 -0.0002156346948515631 0.9999999703225798 0.00011338658608081152 -0.029152289032936096 -0.0007028566166285366 -0.00011353812098464202 0.9999997465508036 1.5967004299163818
0.9999912457345955 -8.847645562564706e-05 0.004183374963910691 0.0037402077578008175 8.954657213617066e-05 0.9999999633210414 -0.00025561558562508114 -0.03159565478563309 -0.004183352194507835 0.0002559879547863815 0.9999912169787212 1.5994198322296143
0.9999997842208507 6.0008146532550896e-05 0.00065418443446835 -0.00038926478009670973 -6.010490341583968e-05 0.9999999872585749 0.00014788593765883735 -0.021312711760401726 -0.0006541755517720909 -0.0001479252254403854 0.9999997750862122 1.1798558235168457
0.9999985413438479 3.887721775348453e-05 -0.0017075710053292075 -0.002850700169801712 -3.854748370309346e-05 0.9999999806067305 0.00019313371035799536 -0.020415417850017548 0.0017075784807151358 -0.00019306760607682078 0.9999985234492257 1.1098731756210327
0.999998706850967 5.916100404357176e-05 -0.0016071080764556648 -0.00267823226749897 -5.893743018125526e-05 0.9999999885800696 0.000139162639314231 -0.021437764167785645 0.0016071162911040695 -0.0001390677405361487 0.9999986989178489 1.1499197483062744
0.9999949279193677 4.614668656228229e-05 -0.0031846516326657953 -0.004169894382357597 -4.5572629684218996e-05 0.9999999827021696 0.00018032968566718532 -0.02082168310880661 0.0031846598991957143 -0.00018018363807095056 0.9999949127246511 1.10701322555542
0.9999962701059283 5.1000596972791234e-05 -0.0027307825198209703 -0.0036684293299913406 -5.0374088543084786e-05 0.9999999723977538 0.00022949279462603872 -0.02106226049363613 0.002730794148714766 -0.00022935437796177914 0.9999962450728936 1.1409218311309814
0.9999999955428824 9.324521709031935e-05 -1.4817708852734154e-05 -0.0009920058073475957 -9.324447431006947e-05 0.9999999943966936 5.0120661522605914e-05 -0.022598586976528168 1.4822382281670378e-05 -5.0119279629739786e-05 0.9999999986341773 1.2165422439575195
0.9999999006372483 5.921265827198199e-05 -0.00044183634356674144 -0.0016441192710772157 -5.920338645817044e-05 0.9999999980270262 2.0997773797931904e-05 -0.020926330238580704 0.00044183758602901426 -2.0971613503735874e-05 0.9999999021698647 1.1255769729614258
0.999999995117832 8.038167461051924e-05 -5.7472796063465785e-05 -0.0010726050240918994 -8.03759196949951e-05 0.9999999917570315 0.00010012816051105769 -0.022250961512327194 5.7480844058936885e-05 -0.00010012354059337415 0.9999999933356145 1.20553457736969
0.9999998108310358 9.205193102770192e-05 -0.000608164726630345 -0.0015312597388401628 -9.200711850864658e-05 0.9999999930505858 7.371240434814132e-05 -0.022677645087242126 0.0006081715077731173 -7.365643491996627e-05 0.9999998123510558 1.2182326316833496
0.9999999338274047 8.450792835971245e-05 0.0003538412023941361 -0.0006202753866091371 -8.45347199443587e-05 0.9999999935615339 7.570213611250148e-05 -0.022386660799384117 -0.0003538348026852462 -7.573204297004382e-05 0.999999934532793 1.2147705554962158
0.9999996232045542 0.00011911412853255261 0.0008598852098091698 0.000259925436694175 -0.00011921881055068755 0.9999999854892951 0.00012168929557846453 -0.024528328329324722 -0.0008598707024172347 -0.00012179176421841574 0.9999996228944995 1.349553108215332
0.9999994601238195 9.291244830336314e-05 0.0010349489584676214 0.00011012866161763668 -9.293913509917962e-05 0.9999999953499478 2.573755161642088e-05 -0.0226869098842144 -0.0010349465623161207 -2.583372498240159e-05 0.9999994641089723 1.2293341159820557
0.999999984392574 8.936212451890021e-05 0.00015241149123216205 -0.0008087527239695191 -8.937246528341973e-05 0.9999999937049987 6.78422085925095e-05 -0.022596631199121475 -0.00015240542774883962 -6.785582892437617e-05 0.999999986084086 1.2213592529296875
0.9999998906248472 1.6962854775733435e-05 -0.0004673997813981423 -0.0014287523226812482 -1.696845296558731e-05 0.9999999997843555 -1.1973342323664406e-05 -0.0180306825786829 0.000467399578195283 1.1981272065285037e-05 0.9999998906970359 0.9846311807632446
0.9999993295591879 7.437829047753092e-05 -0.0011555730371758193 -0.002173097338527441 -7.411965164117731e-05 0.9999999721965113 0.00022385989712023343 -0.022708706557750702 0.001155589655363312 -0.00022377409636446083 0.999999307268611 1.2441396713256836
0.9999997786069124 0.00011906826112511827 -0.0006546822705740406 -0.001119068474508822 -0.00011899344889201083 0.9999999863868518 0.00011431034549781546 -0.024075832217931747 0.000654695872395821 -0.00011423241728899108 0.9999997791621104 1.3065848350524902
