0.9999912977801224 -0.002598407886409514 0.003263838305142071 0.0002582420129328966 0.002589386080123048 0.9999928239016034 0.002765361644477291 -0.0076876417733728886 -0.003271000421023027 -0.0027568862422171127 0.9999908500253855 0.3537006676197052
0.9999894477807839 -0.0031189679039360938 0.0033728869379982588 0.00034491135738790035 0.0031086076877674482 0.999990448076574 0.0030725093744137025 -0.005006023682653904 -0.0033824377785638426 -0.0030619919703558096 0.9999895916057563 0.3005225360393524
0.9999944082237416 -0.000868789762423184 0.003229353743024514 -0.0005852116737514734 0.0008623964481078108 0.9999976667137048 0.0019806159427181364 -0.011910631321370602 -0.0032310669468720086 -0.001977819884359263 0.9999928241916989 0.5542790293693542
0.9999814271229815 -0.0011287994737249054 0.005989258788305779 0.0018013021908700466 0.0011161045853175884 0.9999971245877236 0.002122528407267512 -0.012892764993011951 -0.005991637475666622 -0.002115804346612154 0.9999798116223783 0.5465969443321228
0.9999854059352709 -0.0016396656915533925 0.005147758045131247 0.0010353466495871544 0.0016271512665601037 0.9999957132929558 0.002434291368759831 -0.012069979682564735 -0.005151727402241174 -0.0024258796615309456 0.999983787274894 0.4672904908657074
0.9999825712778326 -0.0022724554429833198 0.005449136338367099 0.001504523679614067 0.002257756617430287 0.9999938005879196 0.0027020956283370086 -0.011025609448552132 -0.005455242948843531 -0.0026897457106358044 0.9999815026251142 0.43766406178474426
0.9999848117797431 -0.0019085033014222404 0.005170476281751656 0.0007521186489611864 0.001894857558208171 0.99999471260017 0.002642780077381616 -0.012182680889964104 -0.005175492697878858 -0.002632942622193697 0.9999831408021249 0.4337425231933594
0.9999852801195667 -0.0021353679144618548 0.004987960310759854 0.001223522238433361 0.0021227158497836925 0.9999945201083802 0.002540439062754843 -0.010121208615601063 -0.0049933577493412 -0.002529813645385849 0.9999843330879273 0.4214804172515869
0.999985717344285 -0.0022951657204229553 0.0048267299232117675 0.0009654099121689796 0.002283458320345175 0.999994441298354 0.002429648223934175 -0.009037144482135773 -0.004832279538176458 -0.002418591885501867 0.9999853996372929 0.4146820902824402
0.9999844599821638 -0.0010930036158062397 0.005466730035049521 0.0006876541301608086 0.0010827561096254223 0.9999976520073277 0.001877130533207231 -0.012470218352973461 -0.005468768909667593 -0.0018711822272201412 0.9999832954823221 0.506661057472229
0.999981444965796 -0.0023629475968833065 0.005614819923503707 0.002301475964486599 0.002348182624088332 0.9999937719615029 0.002634782072592239 -0.009988679550588131 -0.005621010806155811 -0.002621548561539005 0.9999807656753488 0.4388558864593506
0.9999863245636403 -0.0023546267315884884 0.004669734323991236 0.001219176221638918 0.002340799026289695 0.9999928664964957 0.0029643913440102125 -0.011191923171281815 -0.004676681047526567 -0.002953419895106412 0.9999847028656503 0.4174574613571167
0.9999861384311067 -0.00014454975767278253 0.005263273792170847 0.0002479510148987174 0.00013831738494302114 0.9999992889499072 0.0011844694936593812 -0.012973405420780182 -0.005263441264497806 -0.0011837250727867203 0.9999854473846145 0.6073559522628784
0.9999802716927103 3.554987723805977e-05 0.0062813184587057385 0.0007090819999575615 -4.174358597953137e-05 0.9999995131055668 0.0009859239841014836 -0.013456025160849094 -0.006281280350890146 -0.0009861667382473067 0.999979786291862 0.62198805809021
0.9999796218808058 -0.0013488946653860028 0.006239896337470924 0.0015693821478635073 0.0013361001575320512 0.9999969976468609 0.0020541503433499806 -0.012220176868140697 -0.006242648435538613 -0.0020457713571499624 0.9999784218472239 0.5114503502845764
0.9999808309505532 -0.0016670311638742918 0.005963114835328771 0.0010584642877802253 0.0016536715742886882 0.9999961135620793 0.0022446004234817404 -0.011935274116694927 -0.005966833478909539 -0.002234696363127833 0.9999797013091811 0.48427340388298035
0.9999898860040433 -2.765465110468341e-05 0.004497457597426313 -0.0008095188532024622 2.3989424968077367e-05 0.9999996675939664 0.0008150070331019604 -0.013697702437639236 -0.004497478641179421 -0.0008148908987025425 0.999989554264791 0.6565085649490356
0.9999848329858764 0.0002321256773943808 0.005502718953292287 -0.00017806794494390488 -0.00023594154645546167 0.9999997321711488 0.0006928125413321324 -0.013733011670410633 -0.005502556659924928 -0.0006941003534540826 0.9999846199291785 0.6508340835571289
0.9999777447385119 -0.0017735083970346417 0.006431539135020903 0.001969258999451995 0.001760597540211292 0.9999964249927393 0.0020125352275484794 -0.009995311498641968 -0.006435085390347183 -0.0020011670860698456 0.9999772922453353 0.4726245105266571
0.9999889253827319 -0.0031948291255869767 0.0034557457585349593 0.0011750869452953339 0.0031841509990764585 0.9999901532047343 0.0030910638924944354 -0.005849156528711319 -0.0034655871514667758 -0.003080026043835281 0.9999892515148676 0.3285178542137146
0.999991851043101 -0.0026495003917190374 0.00304598014883415 -0.00024262303486466408 0.002642354574128508 0.999993753305288 0.0023476185183662762 -0.005010262597352266 -0.0030521811377100796 -0.0023395508281451776 0.999992605318772 0.35646456480026245
0.9999889499394375 -0.0015854553416796123 0.004425644628780023 -0.0012189552653580904 0.0015791326035952374 0.9999977281588254 0.0014317881854652174 -0.006822091992944479 -0.004427904610645131 -0.0014247836843938229 0.9999891817675887 0.43011966347694397
0.9999880393932427 -0.0021031274511099938 0.004415645522766249 -0.0007874662987887859 0.0020957579560975563 0.999996404570429 0.00167291506179412 -0.005382823292165995 -0.004419148000213597 -0.0016636409284792838 0.9999888516527636 0.40388816595077515
0.9999906300641034 -0.0020063789384238036 0.0038359128708380626 -0.001278119394555688 0.0020000000033349513 0.9999966121090955 0.0016660643197362677 -0.0053644427098333836 -0.003839242631544916 -0.0016583768830659236 0.9999912549628269 0.40440165996551514
0.9999945321790713 -0.0017206116601370962 0.0028240232780696243 -0.002055021934211254 0.001716142945213677 0.9999972728090583 0.0015840542406066196 -0.005297151859849691 -0.0028267411186155993 -0.0015791991516559123 0.9999947578186035 0.4128294587135315
0.9999944659945029 -0.0012573772948802709 0.0030800945938969917 -0.002344513777643442 0.0012535938045892814 0.99999845781119 0.0012299909815458266 -0.006850536912679672 -0.0030816364065426784 -0.0012261229872685153 0.9999945000546143 0.4704169034957886
0.9999967400692316 -0.001524475062395279 0.0020483717177485258 -0.0018990784883499146 0.0015210082375764302 0.9999974101872384 0.0016929715760974412 -0.006058278027921915 -0.0020509473057984152 -0.001689850466870996 0.9999964690040404 0.4448017179965973
0.9999808303646 6.460890959976701e-05 0.006191504584016493 0.0001997123472392559 -7.310488386621821e-05 0.9999990561598644 0.0013719821632519832 -0.014384071342647076 -0.006191410097954409 -0.0013724084920777098 0.9999798912657843 0.6833387613296509
0.9999899269555633 -8.347738821992314e-05 0.0044876518283903455 -0.0015513969119638205 7.928206592675185e-05 0.9999995597175585 0.0009350288996954516 -0.015246612951159477 -0.004487727906326498 -0.0009346636907996807 0.9999894932958165 0.7474669814109802
0.9999865677537865 0.0003767114796168798 0.005169371379890153 -0.002486466895788908 -0.00038385538617019305 0.9999989726835415 0.0013810455837883066 -0.017305655404925346 -0.005168845813584566 -0.0013830113242912776 0.9999856850538574 0.8503210544586182
0.9999943921692939 -0.0003069040296892618 0.0033348822889342554 -0.0024786931462585926 0.0003049631174496057 0.9999997838478446 0.0005824961467661458 -0.01478282455354929 -0.0033350603385069815 -0.0005814758641272069 0.9999942696127603 0.7700757384300232
0.9999987691897488 -0.0010907134997168177 0.0011278133927388708 -0.006839898880571127 0.001090564405075531 0.9999993965159397 0.0001328044975249827 -0.01826559007167816 -0.001127957563779739 -0.00013157438092615726 0.9999993551997504 0.9927643537521362
0.9999979808159292 -0.0013449464275770797 0.0014931453953022362 -0.006132395472377539 0.0013445580599245445 0.9999990620016312 0.00026107370817561907 -0.017264895141124725 -0.0014934951248854363 -0.0002590655603438534 0.9999988511780138 0.9335950613021851
0.9999988963403952 -0.0014144537328686817 0.0004545752181893246 -0.007986718788743019 0.0014143890883307907 0.9999989895983038 0.00014249869537677026 -0.01891149953007698 -0.00045477631669735773 -0.00014185559187828385 0.9999998865277399 1.0449862480163574
0.9999988529304052 -0.0015124177733071187 -8.203872729122126e-05 -0.00860387459397316 0.001512400657246133 0.9999988346277808 -0.00020829626082787879 -0.019395219162106514 8.235366265255707e-05 0.0002081719464724964 0.9999999749411572 1.0466644763946533
0.9999971655493125 -0.0023809437918705222 3.591364549006647e-08 -0.008078744634985924 0.002380943214174174 0.9999969331991297 0.0006816903597881394 -0.019504882395267487 -1.6589799654656201e-06 -0.0006816883420620798 0.9999997676490993 1.080599069595337
0.9999973425094231 -0.0022914308170622617 0.0002536117159181718 -0.007802360225468874 0.0022912545229507677 0.9999971347709091 0.0006932551358100423 -0.01931467093527317 -0.00025519953544478737 -0.0006926722044998807 0.9999997275391701 1.069094181060791
0.9999978791623566 -0.0018319552383026998 0.0009410689632545334 -0.006670442875474691 0.00183144086450957 0.9999981732207402 0.000547155866496479 -0.01856037601828575 -0.0009420696091850657 -0.0005454311939120945 0.9999994075046565 1.011192798614502
0.9999871542939872 -0.0008916049669543755 0.0049896179810060195 0.00031486060470342636 0.0008816127605362417 0.999997602485191 0.002004440772506618 -0.01425593625754118 -0.004991393187671752 -0.002000016113167478 0.9999855428602922 0.7239685654640198
0.9999910069562774 -0.00030565858262215863 0.004229962104030672 -0.001997547224164009 0.00030245697597827833 0.9999996673515723 0.0007575067806847099 -0.014589961618185043 -0.00423019223538934 -0.0007562205868466232 0.9999907667594116 0.714658796787262
0.9999976737955881 -0.001922532394905445 0.0009778919179272586 -0.00592245114967227 0.0019217966717731687 0.9999978700374923 0.0007527403476369036 -0.01688305102288723 -0.000979337002757421 -0.0007508592871757595 0.9999992385543931 0.9733210802078247
0.9999992518737655 -0.0010524881640076277 0.0006233141856468694 -0.0053178402595222 0.0010520902904874812 0.9999992428369575 0.0006383036364569468 -0.015850989148020744 -0.0006239855207188182 -0.0006376473761226086 0.9999996020238676 0.8947371244430542
0.9999961751046726 -0.001086580360506147 0.0025434463126009577 -0.0025827689096331596 0.0010789273916026463 0.9999948928957846 0.00300833808474424 -0.01660240814089775 -0.0025467021240362184 -0.003005582384270221 0.9999922403613054 0.8697686195373535
0.9999671867597065 -0.007561331109775351 -0.0029071765901511164 -0.005990664940327406 0.007578578258936788 0.9999534724647531 0.005968086565654858 -0.030556250363588333 0.0028619146477751314 -0.0059899229986972976 0.9999779648907361 1.1242679357528687
0.9999931935216061 -0.00356864231841685 -0.0009368577603318963 -0.006528137717396021 0.003570988656191178 0.9999904617018026 0.0025148648936340295 -0.015738563612103462 0.0009278741710186864 -0.002518193284695077 0.9999963988695678 1.0454776287078857
0.9999976108082117 -0.0016384287376002217 0.0014470415129072224 -0.005099117290228605 0.0016378116323162886 0.9999985673893986 0.0004275420533125214 -0.014294629916548729 -0.0014477399370468901 -0.00042517105041027444 0.9999988616386783 0.8495166301727295
0.9999988152732914 -0.0008794690060125179 0.0012633235061913198 -0.004228763747960329 0.0008784671876522108 0.9999992994545798 0.0007933383578717214 -0.016200874000787735 -0.0012640203376728524 -0.0007922276297350009 0.9999988873133654 0.8805019855499268
0.9999798877397684 0.00022483167658825863 0.00633826211808543 -0.0008305758237838745 -0.00023510308178919986 0.9999986604196649 0.001619841170243838 -0.015847932547330856 -0.006337889435868024 -0.0016212987365338376 0.9999786010449953 0.747646689414978
0.9999823467776496 -0.0002606265156217057 0.005936177800886439 0.0005459435051307082 0.00025288693891013146 0.9999991171488717 0.0013045112775035997 -0.013756758533418179 -0.005936512550354015 -0.0013029870668430671 0.9999815298511483 0.661529541015625
0.9999994249395574 -0.0006446347882952863 0.0008570685760125806 -0.0033781533129513264 0.0006437801452989858 0.9999992956968982 0.000997072129852826 -0.014588132500648499 -0.0008577107197578668 -0.0009965197927436895 0.9999991356399384 0.8436719179153442
0.9999984887250185 -0.0015399232323896964 0.0008069597988293886 -0.006035182159394026 0.0015395962125000933 0.9999987325190572 0.00040571391532175967 -0.016882600262761116 -0.0008075835443071299 -0.00040447090992655233 0.9999995921059676 0.9459702372550964
0.9999983890560443 -0.0010365441673405155 0.001465421954841188 -0.005197484977543354 0.0010360575504774708 0.9999994079188799 0.0003327861806974689 -0.01775953732430935 -0.0014657660347670888 -0.0003312673831166338 0.9999988708952888 0.9528268575668335
0.9999974489997663 8.905347170428854e-06 0.0022587418299183665 -0.00198367889970541 -1.165593835089313e-05 0.9999992584822497 0.0012177434415934223 -0.01429399661719799 -0.0022587293105930948 -0.0012177666628851386 0.999996707587708 0.7554489374160767
0.9999988945275624 -0.0011170054881988816 0.0009814491287019373 -0.004643118008971214 0.0011158496583255687 0.999998684260909 0.0011774361938630372 -0.015499671921133995 -0.000982763040061502 -0.0011763397425648518 0.9999988252001184 0.8976119756698608
0.9999878522115364 -0.004682585489196372 0.0015390979484893228 -0.006255414802581072 0.004675129479680497 0.9999774897283411 0.004812816322494151 -0.02361844852566719 -0.0015615997268502708 -0.004805562375228453 0.999987233906789 1.0560479164123535
0.9999848962868999 -0.005201938962855405 -0.001773986782521256 -0.01096506416797638 0.005211388572575012 0.9999720318932261 0.005364406815124135 -0.020820377394557 0.0017460318506453058 -0.005373570727108978 0.9999840379278148 1.1748892068862915
0.9999906507725528 -0.0034420605513054117 -0.0026173625365552 -0.008530842140316963 0.0034459561792125003 0.9999929595671047 0.0014853289985748196 -0.015581527724862099 0.002612231516838194 -0.0014943344285022594 0.999995471595306 1.06245756149292
0.9999982851920379 -0.0017715464478904569 0.0005396630121640919 -0.007943876087665558 0.0017716587744097446 0.9999984090343982 -0.00020773507105220821 -0.017979562282562256 -0.0005392941412515782 0.00020869081353717926 0.9999998328049728 1.0077340602874756
0.999997783569511 -0.0018804013084151032 -0.0009470728509675584 -0.008127979934215546 0.0018809395240962303 0.9999980698760429 0.0005677241370426474 -0.019258184358477592 0.0009460034737894457 -0.000569504265479144 0.999999390370974 1.096069097518921
0.9999962108909988 -0.0020231270329050146 -0.0018668584985447262 -0.008492833003401756 0.00202471366831636 0.9999975903750161 0.0008483977383601077 -0.01878441870212555 0.0018651375837167154 -0.0008521743776074169 0.9999978975281016 1.1111247539520264
0.999997118203081 -0.0019570177244732194 -0.0013905636119162744 -0.008464323356747627 0.0019579227975297956 0.9999978721437267 0.0006498048455962661 -0.01952623575925827 0.0013892889733964893 -0.0006525255891878506 0.999998822042558 1.1034669876098633
0.9999964623129454 -0.001756259857545962 -0.0019977269349432812 -0.0077606490813195705 0.0017577052176382978 0.999998194609262 0.0007219768584953065 -0.01750156283378601 0.0019964553492909233 -0.0007254857194240869 0.9999977439157095 1.0722547769546509
0.9999962736312094 -0.0017816400815187305 -0.002068449253783127 -0.008210185915231705 0.0017831924831980342 0.9999981296749926 0.0007489132690356147 -0.01870892569422722 0.002067111091213066 -0.0007525989214698047 0.9999975803203726 1.086502194404602
0.9999980356740126 -0.000998006325682455 0.001712492770697266 -0.005144343711435795 0.0009934464589963507 0.9999959647461334 0.002661494990171739 -0.018817350268363953 -0.0017151420491901552 -0.002659788492248859 0.999994991893923 0.9762565493583679
0.9999940101369009 -0.0023693523266011857 0.002523065570265256 -0.0037078186869621277 0.002362376036575736 0.9999933885998035 0.0027644052062135755 -0.01602116972208023 -0.0025295987391760594 -0.0027584282181629363 0.9999929960774645 0.9144823551177979
0.9999961360516189 -0.0026937827047123254 0.0006865978238138796 -0.006991602014750242 0.0026929668478836415 0.9999956701501262 0.0011864276445665266 -0.017332961782813072 -0.0006897908292177048 -0.0011845740750939901 0.9999990604859947 0.9989486336708069
0.9999978965627092 -0.0015796499118010618 -0.0013082722627385625 -0.007779022213071585 0.001582681443632629 0.9999960577020666 0.002319417981567535 -0.020130328834056854 0.0013046032367295117 -0.0023214836810507154 0.999996454355671 1.1609078645706177
0.9999948936867781 -0.002950227106325131 -0.0012283160793115238 -0.009670982137322426 0.002951687967774744 0.9999949366445972 0.0011892112130403548 -0.020185165107250214 0.0012248014167548099 -0.0011928307463473418 0.9999985385070822 1.1557772159576416
0.9999992020057675 -0.0012610882012848359 -7.512906637753863e-05 -0.005567880347371101 0.001261190714135934 0.9999982518942957 0.0013804370087525065 -0.017587507143616676 7.338808221963443e-05 -0.0013805306592526122 0.9999990443741874 0.9975515604019165
0.999995482388946 -0.002604308759012664 -0.0015009255767875955 -0.008314497768878937 0.0026058361867500306 0.9999960880617341 0.0010166016901120845 -0.018006140366196632 0.0014982721605734113 -0.0010205082636826632 0.9999983568703583 1.0851678848266602
0.9999983585551505 -0.0015405739619993946 -0.0009536869886933325 -0.007831968367099762 0.0015412528335972328 0.9999985591428623 0.000711513810450427 -0.017220154404640198 0.0009525894749166446 -0.0007129825153134358 0.9999992921143621 1.0326268672943115
0.9999973896659512 -4.0998859491302175e-05 0.0022845087825119344 -0.004560309462249279 3.807477876239562e-05 0.9999991800886814 0.0012799891704306616 -0.016146589070558548 -0.002284559387513475 -0.0012798988470648731 0.9999965713177953 0.8955649137496948
0.9999992498323889 -0.0011547493235086045 0.0004085200844694171 -0.0057821557857096195 0.0011544935168998306 0.9999991377207359 0.0006258614098560862 -0.016848646104335785 -0.0004092424452506607 -0.0006253893065660841 0.9999997207043791 0.9146584272384644
0.9999953414248272 -0.002768031407318327 -0.0012865188577776106 -0.010009484365582466 0.002769298567574558 0.9999956811416331 0.000984217214249849 -0.02126597985625267 0.0012837889573242105 -0.0009877753840299712 0.9999986880919913 1.2077207565307617
0.9999932341228195 0.0005134001694197609 0.0036425442824808566 -0.002195117063820362 -0.0005212549852443425 0.9999975404334939 0.002155787606207083 -0.015454648062586784 -0.0036414285416786823 -0.002157671714779129 0.9999910421853523 0.8270519971847534
0.9999899039997676 -0.0019337661910288925 0.004056161591212351 0.003394294995814562 0.0019216622840779777 0.9999936959169224 0.002985856741333799 -0.011421246454119682 -0.00406190996965035 -0.0029780320233754863 0.9999873160258915 0.5160661935806274
0.9999765009134344 -0.0023417030276538836 0.006443139596089348 0.00379484286531806 0.002325590913420756 0.9999941532247333 0.0025070187977579714 -0.009144713170826435 -0.006448972618009211 -0.002491975778207654 0.9999761001188445 0.4912996292114258
0.9999912826884859 -0.0008754281430806109 0.004082667339247985 -0.001221630722284317 0.0008679927541757231 0.9999979623112417 0.0018226250144109466 -0.01453216653317213 -0.004084254597274542 -0.0018190654003527454 0.9999900048827758 0.7151113748550415
0.999997494522027 -0.0022327958101383267 0.000159914160680357 -0.008308611810207367 0.0022327583239540208 0.9999974799646625 0.00023421057024355116 -0.01864881068468094 -0.000160436702070951 -0.00023385293376074917 0.9999999597864342 1.0434377193450928
0.9999986564241022 -0.0016184906027700708 0.0002600733719129093 -0.0070872860960662365 0.0016184696419505892 0.9999986870139539 8.078605107442439e-05 -0.01792672462761402 -0.0002602037819046999 -8.036502167511253e-05 0.9999999629177267 0.9872028827667236
0.9999968813124045 -0.002481379602764247 0.0002830560576459411 -0.00770209776237607 0.0024811460698426326 0.9999965837555618 0.0008224301707383934 -0.01893530786037445 -0.00028509585210762667 -0.0008217253024106484 0.9999996217438697 1.0493837594985962
0.9999968851500319 -0.002254845664619329 -0.0010702155216519326 -0.009263493120670319 0.002255129785154696 0.9999974222517598 0.00026434728626898455 -0.0197703018784523 0.0010696167005733576 -0.0002667599377662605 0.9999993923794401 1.1243770122528076
0.9999962179740624 -0.002743952350267507 -0.00018644857411423857 -0.009522071108222008 0.0027440142989739883 0.999996179801961 0.0003328167829240035 -0.019787026569247246 0.0001855346284500486 -0.00033332714175569086 0.9999999272349563 1.1050138473510742
0.9999972679283042 -0.0022921409240470895 0.0004585039930416745 -0.008379137143492699 0.002292131345827144 0.9999973728342045 2.141454171275593e-05 -0.01843026839196682 -0.0004585518736230964 -2.0363531832054908e-05 0.9999998946577474 1.0263330936431885
0.9999780351009264 -0.00020698844353569804 0.006624686518946874 -0.001092263264581561 0.00019637886059896344 0.9999986973022684 0.0016021326752377772 -0.015863901004195213 -0.006625009511931558 -0.0016007965361648471 0.9999767730799634 0.7536476850509644
0.9999951113260255 -0.0005004591994620689 0.0030865619448325267 -0.003123945090919733 0.000495362440255585 0.9999985130565642 0.0016518173970127964 -0.016378816217184067 -0.0030873840225016705 -0.001650280354959085 0.9999938722985493 0.8434736728668213
0.9999965768782512 -0.0022628571129933604 -0.001313662615019148 -0.010224875062704086 0.0022627789208170494 0.9999974380516615 -6.100548200902501e-05 -0.020390452817082405 0.0013137972961722898 5.803274510550201e-05 0.9999991352840587 1.1599972248077393
0.9999966846235998 -0.002501268683583221 -0.0006118797115068665 -0.008536366745829582 0.0025019446312524473 0.9999962580170214 0.0011064470240614618 -0.02051115594804287 0.0006091099005720722 -0.0011079742449322868 0.9999992006887815 1.1439414024353027
0.999997100066244 -0.002271725879617356 -0.0007994502047154305 -0.009480055421590805 0.0022718411339066533 0.9999974090997963 0.00014328836852295972 -0.020121902227401733 0.0007991226215247106 -0.00014510417685576564 0.9999996701738523 1.1349657773971558
0.9999982458977218 -0.0016645910779544346 0.0008586838898390248 -0.006956928875297308 0.001664442230009328 0.9999985996718679 0.0001740297856609028 -0.018556615337729454 -0.0008589723758283267 -0.00017260025066638253 0.9999996161877319 1.0037815570831299
0.9999977560399567 -0.0020500535490327837 0.0005340369808514852 -0.007261732127517462 0.002049761540238677 0.999997749757709 0.0005467697376331302 -0.018881667405366898 -0.0005351566863800246 -0.0005456738622392716 0.9999997079236357 1.0318317413330078
0.9999973037223964 -0.0021457085381424135 0.0008879655435065279 -0.006967220921069384 0.0021450039367659026 0.9999973845006602 0.0007936938639954848 -0.01904468610882759 -0.0008896662567338814 -0.0007917870343899613 0.9999992907833704 1.0323545932769775
0.9999982133008096 -0.0015805248769089307 0.001036984234317027 -0.006587893236428499 0.0015803776770162287 0.9999987410130482 0.00014275404304348843 -0.018476810306310654 -0.0010372085550837164 -0.0001411149612496229 0.9999994521423405 0.992439329624176
0.9999972955240278 -0.001977181520150402 0.0012246215198401331 -0.00587948365136981 0.0019761858708110002 0.9999977162855664 0.0008137032972935296 -0.01724790409207344 -0.0012262275622765867 -0.0008112810169079143 0.9999989190939544 0.9602744579315186
0.999997270103778 -0.0023069785581080722 0.0003709918114079002 -0.007880672812461853 0.002306871528462648 0.9999972975043159 0.00028866557806526456 -0.01839090883731842 -0.00037165675410319145 -0.00028780895959116393 0.9999998895186238 1.0173721313476562
0.9999976179283677 -0.0021297133548655294 0.0004779734475202131 -0.007780203130096197 0.0021296510903683376 0.9999977237442005 0.00013073886549526154 -0.0181199312210083 -0.0004782507958382264 -0.00012972063739224028 0.9999998772243588 0.9984155297279358
0.9999981679808261 -0.001768112708953594 0.0007333569663970588 -0.007146831136196852 0.0017679643372880405 0.9999984165620551 0.0002029174333684048 -0.018363285809755325 -0.000733714586064618 -0.00020162051265668437 0.9999997105059958 0.9972394704818726
0.999997615467032 -0.002183227761586096 5.0762107080017805e-05 -0.008052781224250793 0.0021832130864620184 0.9999975754948348 0.00028737618497128264 -0.01920735090970993 -5.1389391672074994e-05 -0.00028726467521682177 0.9999999574190678 1.0579159259796143
0.9999969240376323 -0.001785937447998383 0.001721145753743615 -0.006610675249248743 0.001785261045486036 0.9999983286240159 0.0003944517387345614 -0.018477780744433403 -0.0017218473431935713 -0.00039137783094809504 0.9999984410313449 0.9846214056015015
0.9999964671480135 -0.0015079381060174035 0.0021890212790764184 -0.005249104928225279 0.001507736365636871 0.9999988589649613 9.38073931462559e-05 -0.016674762591719627 -0.0021891602370691897 -9.050659475100421e-05 0.9999975996901256 0.8833215236663818
0.9999970392904857 -0.001345180979041209 0.002027781644187001 -0.004960186779499054 0.001344904780493287 0.9999990861531277 0.0001375646789538833 -0.016455553472042084 -0.0020279648404946046 -0.00013483709843776587 0.9999979345866483 0.8754450082778931
0.9999977156251239 -0.0015820850529589716 0.0014372722148255834 -0.005479835905134678 0.0015815831658458881 0.9999986879541569 0.0003502636930025912 -0.016757532954216003 -0.0014378244760118418 -0.00034798972732930463 0.9999989057813644 0.9045854806900024
0.9999978651642317 -0.0016604259913690499 0.0012298993886249248 -0.006196529138833284 0.0016602623429904785 0.9999986127764833 0.0001340673762002026 -0.017605172470211983 -0.0012301202914356073 -0.00013202513434777157 0.9999992346864234 0.9571932554244995
0.9999976935106454 -0.0020641093868859783 -0.0005936546372165785 -0.007727052550762892 0.0020644781451948095 0.9999976760015231 0.0006212258372424496 -0.018299255520105362 0.0005923709794820776 -0.0006224499914159964 0.9999996308262473 1.0377528667449951
0.9999966258257861 -0.0024708180236950672 -0.0008021192782174225 -0.009716683998703957 0.002471467814097723 0.9999966177753108 0.0008101140554227369 -0.02130371890962124 0.0008001149208604089 -0.0008120937339359624 0.9999993501597292 1.1784920692443848
0.9999972259851408 -0.002325382407971957 -0.0003749915729795312 -0.008800512179732323 0.002325579897223725 0.9999971569301583 0.000527076599618079 -0.019605614244937897 0.0003737648521998936 -0.0005279472103635091 0.9999997907857673 1.0888516902923584
0.999997429459982 -0.0022155580120914115 0.0004820540665379765 -0.007513710763305426 0.0022153512198609844 0.9999974540457154 0.00042909329956218356 -0.018461424857378006 -0.0004830035203481402 -0.00042802427749634176 0.9999997917513868 1.0097789764404297
0.9999975922934015 -0.0021793772018889996 0.00025636382717358355 -0.008168872445821762 0.002179316814989516 0.9999975975335946 0.00023559554057743504 -0.018958909437060356 -0.00025687666281810244 -0.00023503627533318295 0.9999999393861628 1.0377326011657715
0.9999978129769552 -0.0020819410313449916 0.00019890411861034213 -0.007962115108966827 0.0020818993063135703 0.9999978108473242 0.0002097518477365609 -0.018682722002267838 -0.0001993403741570618 -0.00020933729065787844 0.9999999582206561 1.0249451398849487
0.999996603326363 -0.00249244775188481 -0.000762259759297964 -0.009233281016349792 0.0024928256751279823 0.999996770270715 0.0004952456886387154 -0.01968735083937645 0.0007610229234020185 -0.0004971441871498358 0.9999995868457981 1.1040107011795044
0.9999974954569391 -0.0022253477462577252 0.00023855242065455497 -0.008613547310233116 0.0022252970224931955 0.9999975014056892 0.00021268648370356919 -0.019496779888868332 -0.0002390251259960031 -0.00021215510102972116 0.9999999489285998 1.0704545974731445
0.9999979345753145 -0.0019976242755887193 0.0003746229550646363 -0.0079166479408741 0.0019975736829338907 0.9999979956844719 0.00013537510925076162 -0.01879163831472397 -0.00037489263280658 -0.00013462649268760913 0.9999999206656075 1.0353164672851562
0.9999974598188375 -0.002253787947346762 2.820923145974311e-05 -0.008565079420804977 0.002253781284574245 0.9999974328453456 0.00023403555217381265 -0.01938595622777939 -2.8736625549023257e-05 -0.00023397138024319546 0.9999999722157993 1.0620808601379395
0.9999975009116618 -0.0022349880131611916 5.4763235617213786e-05 -0.008268333971500397 0.002234973088670296 0.999997465699593 0.0002710898083178215 -0.019028954207897186 -5.536897930280397e-05 -0.00027096673648258995 0.9999999617556512 1.0486795902252197
0.999997704774341 -0.0021059016852295527 0.00039449225854298973 -0.007784699555486441 0.002105779025429798 0.9999977344567373 0.0003110885543984917 -0.01857430674135685 -0.0003951464867146746 -0.0003102571268563251 0.9999998737998766 1.0232751369476318
0.9999980853084277 -0.0017825896041343495 0.0008073126913892293 -0.007281958591192961 0.0017826441241166847 0.9999984088563661 -6.68181304838939e-05 -0.018038934096693993 -0.0008071922975340116 6.825715377341243e-05 0.9999996718907239 0.9814932346343994
0.9999977480322119 -0.002018218613421409 0.0006562957666524086 -0.007746048737317324 0.0020181192233935667 0.9999979520329791 0.00015206790480190067 -0.01869717426598072 -0.0006566013288562979 -0.00015074307924696438 0.9999997730755837 1.019571304321289
0.9999975315879608 -0.002144010361873623 0.0005831273906846567 -0.007711134385317564 0.0021439622630068655 0.9999976982577095 8.309691925280141e-05 -0.018330642953515053 -0.0005833042091315986 -8.184651101521192e-05 0.9999998265286592 1.0040837526321411
0.9999977288078293 -0.0019307580033717678 0.000902525742331777 -0.00732863275334239 0.0019306381350877807 0.9999981273830599 0.00013366661847009207 -0.018471142277121544 -0.0009027821301401778 -0.0001319238642714706 0.9999995837901732 1.0012301206588745
0.9999980779305531 -0.0018181927392752473 0.0007336963695785853 -0.006637252401560545 0.0018178626977252146 0.9999982463233558 0.0004502504032163314 -0.018282875418663025 -0.0007345137249263816 -0.00044891577854207454 0.9999996294820374 0.9983799457550049
0.9999980428291556 -0.0018176120564068739 0.000781424513570984 -0.006906029302626848 0.0018172754986486878 0.9999982557899896 0.00043119223138344187 -0.01822482980787754 -0.0007822068908009166 -0.00042977132384402236 0.9999996017244152 0.9908407330513
0.9999973861286109 -0.002285895700273119 4.916088911446214e-05 -0.007649711798876524 0.002285869067753884 0.9999972442092404 0.0005351415976495695 -0.018477190285921097 -5.038403151444263e-05 -0.0005350278235024883 0.9999998556033282 1.0237964391708374
0.9999977371319443 -0.002094212144468339 0.0003741744044667317 -0.008196404203772545 0.0020941215514361363 0.9999977779600715 0.00024234241808071392 -0.019084172323346138 -0.0003746810894713292 -0.0002415583030074079 0.9999999006318289 1.0521323680877686
0.9999978328134691 -0.002042900609605443 0.00040115516232416923 -0.007776986341923475 0.0020427979944172966 0.9999978807070268 0.00025604259195629984 -0.01858876273036003 -0.0004016773817260451 -0.00025522255810319733 0.9999998867583569 1.0228164196014404
0.9999977951857211 -0.0020881867551777707 0.00022158468399197844 -0.00818040780723095 0.002088182989822639 0.9999978195952103 1.722284380415058e-05 -0.018819354474544525 -0.00022162016536199044 -1.6760096463061364e-05 0.9999999753018004 1.029783844947815
0.999995935905854 -0.0026306061739433456 -0.001099128260400587 -0.00953284278512001 0.002630969555745038 0.9999964847761142 0.00032929411099610016 -0.019861537963151932 0.001098258153597243 -0.0003321845457048043 0.9999993417410112 1.1114108562469482
0.9999967986244253 -0.0025053597239303436 -0.00035484299954859316 -0.009520631283521652 0.002505613144577023 0.9999966049454421 0.0007155420037354089 -0.021091626957058907 0.0003530491047203111 -0.0007164288123006457 0.9999996810429924 1.1650185585021973
0.999995554577024 -0.0028374858004856134 -0.0009162426108674773 -0.010139057412743568 0.0028379161267505894 0.9999958632647918 0.00046870604984168064 -0.020883921533823013 0.0009149088738533823 -0.0004713041859264346 0.9999994704069182 1.1601569652557373
0.9999960782256123 -0.00268132747415876 -0.0008087127869250878 -0.010179467499256134 0.0026818939686381544 0.9999961585609815 0.0007002199810040609 -0.02179872617125511 0.000806832161231212 -0.0007023861168448885 0.9999994278376397 1.1982624530792236
0.9999962751053023 -0.002663078462900862 -0.0005981543459859172 -0.009960988536477089 0.002663431795722348 0.9999962786028521 0.0005906873259054346 -0.021510163322091103 0.0005965790733201125 -0.0005922782689611945 0.9999996466498685 1.181943655014038
0.9999971831066562 -0.0020612564346615295 0.0011768605111703203 -0.007338362280279398 0.0020605060280903882 0.9999976733193324 0.0006384910566947807 -0.019139034673571587 -0.0011781738667908067 -0.0006360643299560852 0.9999991036638519 1.0375170707702637
0.999996856052519 -0.0015439629388929901 0.0019758703198689198 -0.005776038859039545 0.0015438374393116766 0.999998806167184 6.503973981820195e-05 -0.01711943931877613 -0.001975968379957926 -6.198911276163741e-05 0.9999980458512463 0.9059562683105469
0.9999947949895222 -0.0016046476706660763 0.0027991248125563235 -0.004923718515783548 0.0016040988857002891 0.9999986937730796 0.00019828993720450477 -0.016338039189577103 -0.002799439341749992 -0.00019379883211054636 0.9999960627829413 0.8589308261871338
0.9999967054658009 -0.0016477153389225785 0.0019682712479831216 -0.004944045562297106 0.0016476041620676874 0.9999986410112637 5.810465233417448e-05 -0.016171472147107124 -0.0019683643130515797 -5.48615290061551e-05 0.9999980612641923 0.8670589923858643
0.9999969582596737 -0.0009728089390851263 0.002266520277493013 -0.004932179115712643 0.0009723792348525288 0.9999995090593999 0.00019068188827427428 -0.017515210434794426 -0.0022667046618116233 -0.00018847739101627886 0.9999974132597789 0.9012260437011719
0.999995910059432 -0.0017214328663269075 0.002283973137974979 -0.0047574518248438835 0.0017206642628887206 0.999998462384347 0.0003384426628258477 -0.015931030735373497 -0.0022845522324252865 -0.00033451132765955976 0.9999973344580818 0.861242413520813
0.9999977339700464 -0.0016132464274757478 0.0013890610989770464 -0.005605687387287617 0.0016131894449071397 0.9999986979210943 4.2141796434613614e-05 -0.01674385368824005 -0.0013891272754124361 -3.99008822368397e-05 0.9999990343662001 0.9130479693412781
0.99999807744459 -0.0016060466702981808 0.0011250427619655863 -0.006248807068914175 0.0016057566253372786 0.9999986773184761 0.0002586637935643108 -0.01720064878463745 -0.0011254567000166921 -0.0002568567514000211 0.9999993336856907 0.9334381818771362
0.9999979772221178 -0.001959179083313846 0.0004551582054606819 -0.0073415436781942844 0.0019590544374098596 0.9999980434755452 0.0002741364490130731 -0.018473032861948013 -0.00045569439732940254 -0.00027324421479379615 0.9999998588400976 1.0105702877044678
0.9999941964620152 -0.002766843791596507 -0.00198786763188304 -0.0098092220723629 0.0027682738306606374 0.9999959112825393 0.0007169924704562469 -0.019715595990419388 0.001985875697888441 -0.0007224912713073687 0.9999977671495451 1.1582973003387451
0.9999955433451915 -0.0014797986939848284 -0.0025929684881577965 -0.00974862091243267 0.0014840839307364074 0.9999975350291688 0.0016514934068682066 -0.02155008353292942 0.002590518218779499 -0.0016553342295983547 0.9999952745308082 1.216792345046997
0.9999892981147364 -0.0033587550593034217 -0.003181575152102875 -0.011816119775176048 0.0033605901375181025 0.9999941898295919 0.0005716126185679935 -0.020079616457223892 0.0031796367598344983 -0.000582298471313264 0.9999947754056346 1.217618465423584
0.9999870548173172 -0.003348604968713418 -0.0038310628487665745 -0.012603405863046646 0.0033536373445739137 0.9999935212326247 0.001307902648126898 -0.022106867283582687 0.003826658378895467 -0.0013207337125272199 0.9999918061404861 1.3194866180419922
0.9999894669874628 -0.003103869806215597 -0.0033811102253671226 -0.012716855853796005 0.0031071595449220445 0.9999947041008518 0.0009681579479159176 -0.022777030244469643 0.0033780872831261767 -0.0009786533992052972 0.999993815362791 1.3255500793457031
0.9999942478714756 -0.002578707259675701 -0.0022032913631325653 -0.011054227128624916 0.0025804269980154834 0.9999963680141559 0.0007780456316354864 -0.02162947878241539 0.002201277008890866 -0.000783726588734937 0.999997270072356 1.2466459274291992
0.9999954733891616 -0.002504438362606013 -0.0016676299572927268 -0.009814431890845299 0.0025055017986135093 0.9999966590343086 0.0006359095517011867 -0.02031821385025978 0.0016660317895218252 -0.0006400849230435365 0.9999984073134155 1.168665885925293
0.9999995112230434 -0.0008507212590364086 -0.0005038124787057105 -0.006776478607207537 0.0008515700381521001 0.999998214595164 0.001686900991244401 -0.01701776124536991 0.0005023764966613333 -0.0016873291983377815 0.9999984502678152 1.0193711519241333
0.9999982762712669 -0.0012088476530399909 -0.0014093054482465118 -0.007280909921973944 0.0012099977410083584 0.9999989354317127 0.0008155004032658926 -0.017269132658839226 0.0014083181321960837 -0.0008172042539731848 0.9999986744077441 0.9830142855644226
0.9999976372408688 -0.001746958284914878 -0.0012936960350519832 -0.007759115193039179 0.0017480185503010118 0.9999981369264578 0.000818886293533373 -0.017811860889196396 0.001292263064606237 -0.000821145763370027 0.9999988278872168 1.0419468879699707
0.9999971465358234 -0.0022618547683638146 -0.000768721807944425 -0.008379407227039337 0.002262387252290591 0.9999972010024778 0.0006925251842586689 -0.01901423931121826 0.0007671532649037618 -0.0006942623545817153 0.9999994647376824 1.087278127670288
0.9999961052224074 -0.0024117061186556296 -0.0014047112204014904 -0.008946318179368973 0.0024131931165538635 0.9999965287224256 0.0010578478533817717 -0.019591905176639557 0.001402155126118325 -0.0010612335727474748 0.9999984538709578 1.144136905670166
0.999997719714878 -0.0018472391742211573 -0.0010715747652164408 -0.008165029808878899 0.0018482631793746067 0.9999978355590743 0.0009554058752786914 -0.019132526591420174 0.0010698075826960681 -0.0009573842488633851 0.999998969463037 1.1088019609451294
0.9999965806521035 -0.002399995195699213 -0.0010386082813186091 -0.00867030955851078 0.0024009599518074673 0.9999966864990488 0.0009286453753597468 -0.01942431554198265 0.0010363760954497094 -0.0009311358568871973 0.9999990294548315 1.1273196935653687
0.9999962696318474 -0.0018498347980687628 -0.0020096849528141226 -0.008744066581130028 0.0018519791870997317 0.9999977172352662 0.0010656910186004264 -0.018679600208997726 0.00200770901284599 -0.0010694089378858293 0.9999974127311747 1.1243855953216553
0.9999973598521757 -0.0015225593448983884 -0.0017210757448879858 -0.007175476755946875 0.0015247404940983594 0.9999980352959414 0.001266716496744916 -0.017342904582619667 0.0017191437124440285 -0.0012693373463077541 0.999997716661192 1.0332434177398682
0.9999960922880757 -4.041280550678866e-05 0.002795313110029261 -0.0022252723574638367 3.7199347471460534e-05 0.9999993384829651 0.0011496303059476993 -0.01437084749341011 -0.0027953577206679806 -0.0011495218296999727 0.999995432276956 0.747220516204834
0.9999990228823137 -0.0008987956151020474 -0.001070701106698629 -0.006135060917586088 0.0009000739321524175 0.9999988820867017 0.0011940235606223565 -0.016579296439886093 0.0010696267266070074 -0.001194986104076084 0.9999987139526113 0.9661130905151367
0.9999997250660935 -0.0007405551482721226 3.80238108692489e-05 -0.004850348923355341 0.0007405007714621689 0.9999987307807944 0.0014107074141260518 -0.01589083857834339 -3.906846924693456e-05 -0.0014106788696134688 0.9999990042288952 0.9311527013778687
