0.9999919972043524 -0.0030900293465162126 -0.0025411111521836632 -0.010769195854663849 0.003091859558140761 0.9999949634117336 0.0007166279634474952 -0.020160377025604248 0.0025388839522154636 -0.0007244789872245256 0.9999965145931629 1.1971395015716553
0.9999969436131518 -0.0012889123897798563 -0.002109850517559225 -0.008800391107797623 0.0012915148704826876 0.9999984063503972 0.0012325932035666559 -0.019370118156075478 0.0021082584505451502 -0.0012353143396029225 0.9999970146179379 1.1326682567596436
0.9999976895051992 -0.0019317362522630046 -0.000943069093577518 -0.007565233390778303 0.001932618919612973 0.9999976944979748 0.0009359395529502715 -0.01834668591618538 0.0009412589309654519 -0.0009377599836395505 0.9999991173185295 1.058688998222351
0.9999951820879075 -0.0022328480558241946 -0.0021564300435033324 -0.009434398263692856 0.002234744064748655 0.9999971181924965 0.0008772261210086578 -0.018874168395996094 0.00215446511644824 -0.0008820409638510861 0.9999972901382285 1.1412323713302612
0.9999931979302038 -0.002428399912043152 -0.002776142502042439 -0.009892411530017853 0.0024306509158191505 0.9999967197306093 0.0008077525282181237 -0.019014038145542145 0.0027741718493786874 -0.0008144948671440825 0.9999958202755957 1.1447126865386963
0.9999945994216735 -0.0018230811867650874 -0.0027345022350115083 -0.009878754615783691 0.001825179218829189 0.9999980417877277 0.000764945441968116 -0.019889403134584427 0.002733102322631519 -0.0007699322674735262 0.9999959686698728 1.1653908491134644
0.9999977191394329 -0.0019740345313090076 -0.0008154162134940436 -0.007757558953016996 0.0019748035160069644 0.999997605135287 0.0009433317358684525 -0.018616974353790283 0.0008135520912614434 -0.0009449398710657114 0.9999992226105153 1.06535005569458
0.9999988285031892 -0.0015306828888114973 -1.4638253303821286e-06 -0.007278868462890387 0.001530683585104723 0.9999983027955676 0.0010253846821547882 -0.019432108849287033 -1.0571594145246066e-07 -0.0010253857215733082 0.9999994742919172 1.0589218139648438
0.9999968353200012 -0.002501770974259197 0.00026550324807968326 -0.007697731722146273 0.002501596137025746 0.999996655300322 0.0006568142325958694 -0.018479423597455025 -0.00026714555883364363 -0.0006561479720892406 0.999999749051513 1.0558397769927979
0.9999956551482713 -0.002715746176538046 -0.0011464760287289923 -0.00930553674697876 0.002716308101962271 0.999996191335605 0.0004888604907524975 -0.019304046407341957 0.0011451440411779402 -0.0004919725488516911 0.9999992233037664 1.1068589687347412
0.9999959766278035 -0.0026654675453331553 -0.0009705724961165969 -0.009977824985980988 0.0026658600046255807 0.9999963652673558 0.00040328961398363236 -0.020545220002532005 0.0009694940129676185 -0.00040587540179839917 0.9999994476731059 1.1673462390899658
0.9999964461195511 -0.0024766233482984485 -0.0009869574753939706 -0.009670890867710114 0.00247702519270643 0.9999968496930501 0.00040614057881663875 -0.020072106271982193 0.0009859485089347881 -0.0004085838539722571 0.9999994304822237 1.139685034751892
0.999998792228238 -0.0013330541893323076 -0.000799067327546185 -0.007934058085083961 0.0013336382441320592 0.999998843644697 0.0007308339776748639 -0.01958508789539337 0.0007980921622447974 -0.0007318987617418747 0.9999994136863798 1.0845074653625488
0.999998562854363 -0.0012967492360019034 0.0010921220755488138 -0.005655416287481785 0.0012956917355472842 0.9999986916426252 0.0009684502901255356 -0.017863810062408447 -0.0010933764838366678 -0.0009670338447739289 0.9999989346861364 0.9823447465896606
0.9999973461683833 -0.002241385503710249 -0.0005327731359146709 -0.007418425288051367 0.0022418379930280244 0.9999971256271901 0.0008502351268146814 -0.017939049750566483 0.0005308658998380675 -0.0008514272614915784 0.9999994966263807 1.0434863567352295
0.9999967749006853 -0.0023162918625725627 -0.0010416238454303047 -0.009092064574360847 0.0023167845926078366 0.9999972048196172 0.00047208272986901123 -0.019630488008260727 0.001040527452518109 -0.0004744944254317085 0.9999993460786165 1.122139573097229
0.99999816708035 -0.0019058995187163333 -0.00018271005679600485 -0.007436404470354319 0.001906027267925018 0.9999979374169335 0.0007015852995354417 -0.01841059699654579 0.0001813725288566126 -0.0007019322639363375 0.9999997371975168 1.0439746379852295
0.9999979919000749 -0.0018733676293147324 0.000711821286169365 -0.00669504189863801 0.001873027863755175 0.9999981317896897 0.00047768583007721 -0.01806402951478958 -0.0007127148375085479 -0.00047635160973332104 0.9999996325632847 1.0069341659545898
0.9999978394952214 -0.0019077912789350322 0.0008254315995234879 -0.006674658041447401 0.001907407949782223 0.9999980728125313 0.0004649367016909336 -0.017439644783735275 -0.0008263170109467958 -0.00046336126239803524 0.9999995512481683 0.9679080843925476
0.9999975500992674 -0.0021065300289195457 -0.0006799461011361204 -0.007656218018382788 0.0021069637302096734 0.9999975769789694 0.0006377617343173251 -0.018982557579874992 0.0006786009893677825 -0.0006391927936379762 0.9999995654665405 1.0761168003082275
0.9999912439332854 -0.002558097918911075 -0.0033118260518369682 -0.010327218100428581 0.0025619268741322036 0.9999960542209617 0.0011524205824549377 -0.02039286121726036 0.0033088649794094666 -0.0011608951479480866 0.9999938518486018 1.2284984588623047
0.9999969135512254 -0.002079223199110285 -0.0013600437166161898 -0.009725447744131088 0.002079437761704232 0.9999978257416917 0.00015636650611495985 -0.019331376999616623 0.0013597156386627614 -0.00015919414975964894 0.9999990629148632 1.1163069009780884
0.9999984439186105 -0.0017640609660163425 1.578815244553378e-05 -0.007610721979290247 0.0017640535972073 0.9999983404659952 0.00045517047547402356 -0.01907658576965332 -1.6591074713224747e-05 -0.0004551419160446028 0.9999998962852809 1.0542445182800293
0.9999909950990354 -0.0009206579683106331 0.0041427176764265786 -0.0036964919418096542 0.000909062540543069 0.9999956667832025 0.002800003592121427 -0.019774483516812325 -0.00414527757075114 -0.0027962123889106938 0.9999874988569296 0.990993320941925
0.999998255246616 -0.0018160264113718948 0.00043766630739068064 -0.006540938746184111 0.0018158332054243771 0.9999982539389044 0.0004414395906641047 -0.015520445071160793 -0.0004384672091542398 -0.00044064409144702965 0.9999998067896267 0.9244418144226074
0.9999947930832861 -0.0017376373178830467 0.0027192688111273788 -0.003717296291142702 0.001730598346378168 0.9999951516413209 0.002588768667722711 -0.018199075013399124 -0.0027237539681812394 -0.002584049226111972 0.999992951902121 0.992081880569458
0.9999958009767669 -0.002085720781504694 0.0020119139285946423 -0.005551946349442005 0.0020806137648469087 0.9999946169458611 0.002537149120988244 -0.01862528920173645 -0.002017194883000463 -0.0025329524516266174 0.9999947575245991 1.0341668128967285
0.9999958508299069 -0.0028733058648877383 0.0002060009154163704 -0.0071816216222941875 0.00287264979925924 0.9999910150956908 0.0031173082973342016 -0.019753381609916687 -0.00021495604473125137 -0.0031167035946035255 0.9999951199643937 1.1340186595916748
0.9999976671546739 -0.0020887883411585904 0.0005501349618074366 -0.00782839022576809 0.0020872603195377397 0.9999940028557998 0.002763620233207182 -0.020234758034348488 -0.0005559042802912542 -0.002762465511232466 0.9999960298694843 1.1619482040405273
0.9999948552111201 -0.0031964941627373082 0.00026828410068718123 -0.00854477658867836 0.0031955093889609243 0.9999884354089149 0.003594129682625321 -0.021879076957702637 -0.00027976961264189487 -0.003593253887224242 0.9999935051066412 1.2819318771362305
0.9999962983784624 -0.0027203757236032473 5.277590005401596e-05 -0.010538091883063316 0.0027202203042136462 0.9999925187607652 0.002750058907959622 -0.02325211837887764 -6.0256698716574034e-05 -0.002749905166207439 0.9999962171881988 1.380347490310669
0.999997417633146 -0.002215082480752423 0.0005080714940923378 -0.009805701673030853 0.002213936795149449 0.999995030216421 0.002244554816973748 -0.02240278199315071 -0.0005130408431391365 -0.002243424182534449 0.9999973519150092 1.2829234600067139
0.9999964563717775 -0.001950499618857186 0.0018118485380358776 -0.007989944890141487 0.001946566765086272 0.9999957512754449 0.002169863794727944 -0.021263789385557175 -0.0018160731584950926 -0.002166329221389851 0.9999960044400116 1.2004554271697998
0.9999963697108142 -0.0022150574920032137 0.0015343029360580527 -0.007940510287880898 0.002211283186175795 0.9999945359565422 0.0024572919505357303 -0.02114836499094963 -0.0015397375955052061 -0.0024538902515703308 0.9999958038065809 1.2017629146575928
0.9999967922787577 -0.002429024777421719 0.0007178236731780094 -0.008850634098052979 0.0024271769692813657 0.9999937674991118 0.002563937380674197 -0.021775096654891968 -0.0007240470667667442 -0.002562186871190254 0.9999964554708592 1.2659447193145752
0.9999975930139736 -0.002006941904016344 0.0008866512580325035 -0.009458763524889946 0.0020052646992832156 0.9999962062830341 0.001888473729122622 -0.02210298180580139 -0.0008904379513901931 -0.0018866912131244367 0.9999978237558926 1.271264910697937
0.9999969991441968 -0.002430101996962026 0.00031033350670816234 -0.009349670261144638 0.0024293681345311535 0.999994302761959 0.0023436326696118083 -0.021824205294251442 -0.0003160270050948717 -0.0023428717223758374 0.9999972055356077 1.2671259641647339
0.999996893120271 -0.002407584097628103 -0.0006459788063069268 -0.010827537626028061 0.002408703650743887 0.9999955887988431 0.001737967081944443 -0.022346556186676025 0.0006417916548557786 -0.001739517653798801 0.9999982810894246 1.306748628616333
0.9999957945413294 -0.002657549275911624 -0.0011611767744682654 -0.010352127254009247 0.0026601119096940963 0.9999940176556834 0.0022109856337409906 -0.022180233150720596 0.0011552940246389886 -0.0022140651956993095 0.9999968816006507 1.325871467590332
0.9999904221895083 -0.003144367734277029 -0.003044417974015128 -0.013098658993840218 0.0031504828076681208 0.9999930253665819 0.002005910334324974 -0.02382562682032585 0.003038089420582683 -0.0020154825085824187 0.9999933538993797 1.4548377990722656
0.9999846600554001 -0.0034035626664129467 -0.0043698300952865945 -0.015233855694532394 0.003411449034013988 0.9999925635937684 0.0017985473725748943 -0.025009676814079285 0.004363676130763772 -0.0018134272356152095 0.9999888348438132 1.562805414199829
0.999973686637798 -0.004133764777973083 -0.0059613774223457395 -0.017106322571635246 0.00414818296419831 0.9999884963485343 0.0024082667404753443 -0.026337817311286926 0.005951353636509875 -0.002432932255146854 0.9999793309016618 1.7009198665618896
0.9999697525751803 -0.004000608889435445 -0.006670012237354328 -0.019183708354830742 0.004017324731748685 0.9999888189563185 0.0024946070525929016 -0.02847668156027794 0.006659957712505896 -0.0025213272022758136 0.9999746436147301 1.8388245105743408
0.9999779676795326 -0.003512574476156565 -0.005632581651511463 -0.019133245572447777 0.0035227467968377605 0.9999921803570766 0.001797075319852789 -0.02823672816157341 0.0056262252458339655 -0.0018168778850842272 0.9999825221193788 1.7877025604248047
0.9999802442398463 -0.003466129178254617 -0.005243765682856823 -0.01697920262813568 0.0034746668077765535 0.9999926512554103 0.0016199153527558555 -0.026044273748993874 0.005238112311891643 -0.0016381036886626576 0.9999849392844439 1.6596097946166992
0.9999834351372037 -0.0036332379527915823 -0.004464194571951108 -0.01606152579188347 0.0036412759201642727 0.999991761778476 0.0017937348891747995 -0.025506800040602684 0.004457640729250703 -0.001809960540400241 0.9999884266740146 1.616581678390503
0.9999974826993847 -0.0020705695986370357 -0.0008644862237014979 -0.012707388028502464 0.0020717917305040014 0.9999968524178745 0.0014152149550596762 -0.024377282708883286 0.0008615532015986294 -0.0014170024279475987 0.9999986249141546 1.4270908832550049
0.99999742659614 -0.0015139128936008392 0.0016896357146162228 -0.008740521967411041 0.0015116126040615506 0.999997930181236 0.0013618592361532005 -0.021629083901643753 -0.001691693953633398 -0.001359301656896899 0.9999976452325139 1.2157232761383057
0.9999976393063952 -0.0016892781871033734 0.0013666458369600398 -0.006997265387326479 0.0016869891317360585 0.9999971752781543 0.0016743665614646363 -0.019139930605888367 -0.0013694704474751858 -0.0016720570921243182 0.9999976643851597 1.0894083976745605
0.9999983908171222 -0.0016186466505935377 0.0007735284007526766 -0.00804159976541996 0.0016182030847263103 0.9999985261343427 0.0005737141438925928 -0.019177068024873734 -0.0007744559011531418 -0.0005724614946373942 0.9999995362528397 1.07957923412323
0.9999990381481042 -0.0013416663115057917 0.0003516168019176494 -0.006415090057998896 0.001341510956742426 0.9999990026269789 0.00044169378594378 -0.01798887550830841 -0.0003522090568971396 -0.00044122166330742726 0.9999998406360995 0.9845613837242126
0.9999984146681536 -0.0017250236893256055 0.00044153646595625407 -0.006757091265171766 0.0017247367210133674 0.9999983017222794 0.000649488876005999 -0.018330762162804604 -0.000442656099801775 -0.0006487263121940988 0.999999691604827 1.0062170028686523
0.9999988610338065 -0.0013426208265074323 0.0006894203407357112 -0.005400542169809341 0.0013420520187486498 0.9999987592561532 0.0008248530374456037 -0.016674069687724113 -0.0006905269502085478 -0.0008239268600058285 0.9999994221583633 0.9330908060073853
0.9974905343497621 -0.008001507343527576 -0.0703463557183875 -0.11017157137393951 0.00989646026950991 0.9995963609003642 0.026630346390598615 -0.0016374168917536736 0.0701048782664976 -0.027259698365549298 0.9971670947681032 2.1788899898529053
0.9988761112504766 -0.040294738370312846 -0.024956931558060086 -0.07553043216466904 0.04088077033031119 0.9988891826494058 0.023434235707665146 -0.056970883160829544 0.02398493256871919 -0.02442815682097397 0.9994138222798422 3.3442931175231934
0.9990177600947345 -0.04410615988117487 -0.004261651773174975 -0.06301555782556534 0.044178114886802435 0.9988505360577853 0.018598408053473164 -0.04464766010642052 0.0034364487989856176 -0.0187684116965515 0.9998179522003197 2.989299774169922
0.9988696205960682 -0.04687293146230428 -0.007899958632589717 -0.07902442663908005 0.04704405261020079 0.9986261102691487 0.02308135617156324 -0.049501340836286545 0.006807214134663535 -0.02342691155146205 0.999702376535579 3.275226354598999
0.9989688715395705 -0.04465639521719147 0.008185356507998502 -0.06588853895664215 0.044527282593083105 0.9988905406488088 0.015330000235036658 -0.03579782322049141 -0.008860857736853304 -0.01494972135313914 0.9998489841129163 2.6360933780670166
0.9989583569724275 -0.042190258345705965 -0.01738341553522367 -0.07797548174858093 0.042581265135661205 0.9988334361067484 0.022772851701805867 -0.052381325513124466 0.01640234417375125 -0.023489338345481475 0.9995895227990823 3.2514352798461914
0.9987678054804245 -0.04640234650594203 -0.01759809576514495 -0.08020008355379105 0.0467926821361813 0.9986521276365872 0.022458247158222693 -0.05160577967762947 0.016532260411662482 -0.023254036330495567 0.9995928842083766 3.3836607933044434
0.9987062051025871 -0.05049895957685301 0.005980883818025242 -0.06846245378255844 0.05039292001282778 0.9985894816354337 0.01672126728620297 -0.03734448552131653 -0.006816854272323298 -0.016398239196062037 0.9998423016901709 2.9350030422210693
0.9992201561405798 -0.028504290247846807 0.027323707652181128 -0.02517624944448471 0.028842734618714887 0.9995110458367084 -0.012073355379675726 0.025322958827018738 -0.02696620518556035 0.012852030496231497 0.9995537249643034 0.77772456407547
0.999982574403147 -0.0001001667969631218 0.005902614392580027 0.00021318194922059774 9.332262552304681e-05 0.9999993231012316 0.0011597792748156885 -0.013800719752907753 -0.005902726568482757 -0.0011592082174970413 0.9999819068640023 0.6516199111938477
0.9999823525735156 -0.0006019790498692457 0.005910343709169283 0.0011681636096909642 0.0005924282533298347 0.9999985162569137 0.0016175638273580482 -0.012967491522431374 -0.005911308679273564 -0.001614033826919119 0.9999812254860108 0.5697846412658691
0.9999989540319483 -0.0002650183141316986 0.0014218650788166477 -0.0026928605511784554 0.00026220846982381337 0.9999980133519027 0.001975990628995756 -0.014932138845324516 -0.001422385927776331 -0.001975615737106075 0.9999970368759757 0.7870653867721558
0.9999809385833591 -0.00023429959424251057 0.006169892514801309 -0.0003015417605638504 0.0002256640686605857 0.9999989941420744 0.0014002823170628426 -0.014220312237739563 -0.006170214394344736 -0.001398863302650094 0.9999799856176064 0.6931934356689453
0.999994694369858 -0.0001650556924819239 0.00325330428224325 -0.0021887454204261303 0.00016232037225014437 0.9999996331616998 0.0008410282769501463 -0.014073027297854424 -0.003253441905311286 -0.000840495737203033 0.9999943543254055 0.6914862394332886
0.9999981219570648 -0.00109022908508839 0.001602336695430715 -0.004120818804949522 0.0010890501505040732 0.999999135806663 0.0007364480273789343 -0.016035687178373337 -0.0016031382077611235 -0.0007347016192786022 0.9999984450794999 0.8690447211265564
0.9999990250738912 -0.0011805427614696822 0.0007457680976016184 -0.0051427786238491535 0.0011798985922585226 0.9999989310024783 0.0008636163572672792 -0.01645590364933014 -0.000746786836416629 -0.0008627355845766332 0.999999348998154 0.8994026184082031
0.9999978968541028 -0.0014131898387557873 0.0014863316759130365 -0.005385646130889654 0.001411511103993056 0.9999983654894831 0.001129891483899927 -0.018303735181689262 -0.001487925997652225 -0.0011277911339085203 0.999998257080173 0.9741097092628479
0.9999979157204044 -0.0010686794265405846 0.001739677881173661 -0.00435316888615489 0.0010669894291279204 0.9999989582953591 0.0009720811461377582 -0.01706654578447342 -0.0017407149120649442 -0.0009702229021395601 0.9999980142875861 0.9026493430137634
0.9999872618552598 -0.0008031875837034481 0.004983073040327908 -0.0023422231897711754 0.0007987999149581639 0.9999992916067901 0.0008824424137478614 -0.01543498132377863 -0.004983778277142858 -0.000878450694747826 0.9999871950572472 0.7497841119766235
0.9999699052884677 -0.0008978279929848699 0.007705999109015329 0.0014798276824876666 0.0008888482850290985 0.9999989221214823 0.0011686336465395594 -0.011945179663598537 -0.007707040034885838 -0.0011617490127545957 0.9999696254752602 0.5437294244766235
0.9999921657062159 -0.0011333579177913108 0.003792627851781663 -0.001374566461890936 0.0011265004856105948 0.9999977279105403 0.0018097431897160694 -0.014434527605772018 -0.0037946703213651302 -0.001805456614539475 0.9999911703628012 0.6992274522781372
0.9999850260199977 -0.0012729412028849535 0.0053223450168566125 -0.002285539172589779 0.0012705088156481782 0.999999086932855 0.00046037029200916325 -0.013509459793567657 -0.005322926181511525 -0.0004536013121697796 0.9999857302495451 0.7131679058074951
0.9999910588570964 -0.0006697066158402578 0.004175368116957107 -0.003276861272752285 0.0006698070329698313 0.9999997754226971 -2.2651581233097382e-05 -0.01535190362483263 -0.004175352009350384 2.544806963204845e-05 0.9999912828560027 0.7357607483863831
0.9999787586505717 -0.00041564913944018285 0.006504574040948589 -0.000728503568097949 0.00041041044523662746 0.9999995903988876 0.000806700268433959 -0.014289933256804943 -0.0065049066809401875 -0.0008040135879034531 0.9999785196449084 0.6584938168525696
0.9999708227939834 -0.0008667731585214826 0.00758961560393345 0.0009442151058465242 0.0008593823568058701 0.9999991534548109 0.000977011579505213 -0.012917413376271725 -0.007590456026393554 -0.0009704606912921183 0.999970721163054 0.5794591307640076
0.9999908633108041 -0.00035518240099305376 0.00425994605297761 -0.0026840120553970337 0.00035378264216513224 0.9999998831881114 0.0003293350955602298 -0.014682983979582787 -0.004260062529395239 -0.0003278249915577171 0.9999908721573513 0.7009326219558716
0.9999875589896574 -0.0009558009722591869 0.00489574411178422 -0.002287739422172308 0.0009524543301448417 0.9999993112078155 0.0006858678034653066 -0.01489303819835186 -0.0048963962927473315 -0.00068119629789832 0.9999877805628169 0.7232182025909424
0.9999840462839962 -0.0008681484099523126 0.005581531673759537 -0.0024633551947772503 0.0008644043113868623 0.9999993998176632 0.0006731786539292956 -0.015386562794446945 -0.005582112742800835 -0.0006683432141852908 0.9999841965424628 0.7051815986633301
0.9999860047468531 -0.00076732389578532 0.005234646546360223 -0.0032561146654188633 0.0007653938280122572 0.9999996383755094 0.00037070357151036204 -0.016132377088069916 -0.005234929103092507 -0.0003666918172616266 0.9999862304323976 0.7555763721466064
0.9999804322304942 -0.0005490184327053342 0.006231671916470808 -0.0018251393921673298 0.0005441590268874577 0.9999995466051897 0.0007814604073282368 -0.015345080755650997 -0.006232098127231155 -0.0007780540953651596 0.999980277597892 0.7062119245529175
0.9999743057590391 -0.0006118671124898576 0.007142369380292202 -0.00010117655619978905 0.0006056979841626521 0.999999441701053 0.0008658680814604379 -0.013980520889163017 -0.007142895188917698 -0.0008615197149015245 0.9999741180811137 0.6356629133224487
0.9999850284330082 -0.00015593541977858567 0.005469789208097328 -0.0018944083712995052 0.00015438288893336927 0.999999947681515 0.0002842584936132119 -0.01531284675002098 -0.005469833247893769 -0.0002834097959583291 0.9999850001890669 0.6922971606254578
0.9999909289386366 -0.0021265656054979837 0.0036904957889404375 -0.005160235799849033 0.0021260958446073673 0.9999977312479003 0.00013120789563167163 -0.01600208692252636 -0.0036907664383183875 -0.00012336035767539173 0.999993181489414 0.8340475559234619
0.9999890110762664 -0.0014277790585796365 0.0044653301860549345 -0.0045135654509067535 0.0014267948989420327 0.9999989571340531 0.00022357800076909558 -0.016365626826882362 -0.004465644749301599 -0.00021720443355594158 0.9999900053696571 0.8043727874755859
0.9999899457527616 -0.0005765727113855671 0.004447016673802115 -0.003766253124922514 0.0005754407877390833 0.9999998017143444 0.0002558108115579039 -0.015662651509046555 -0.00444716328555572 -0.00025324924479489674 0.999990079252555 0.7598614692687988
0.999961502291693 -0.0019332875454926104 0.008558991401280575 0.0029623787850141525 0.0019160437521479074 0.9999961192471011 0.002022440871285399 -0.011014243587851524 -0.008562868145697832 -0.0020059636099475564 0.9999613259517167 0.5263210535049438
0.9999903258776432 -0.0009277727642167845 0.004299696364078261 -0.00041036494076251984 0.0009214924901664408 0.9999985061427102 0.0014623829658923437 -0.010888285003602505 -0.0043010467000321115 -0.0014584066807111047 0.9999896869704398 0.5638608932495117
0.9999901378443442 -8.080987363506288e-05 0.0044404598651562556 -0.0014448484871536493 7.918889621148063e-05 0.9999999301710747 0.0003652218020619805 -0.014329858124256134 -0.004440489068611389 -0.00036486656507232654 0.9999900744153521 0.6872186660766602
0.9999901214567647 -0.000580965080175211 0.004406752598080014 -0.002002610359340906 0.0005770878095087805 0.9999994453441621 0.0008810681178983397 -0.015403229743242264 -0.004407262023658714 -0.0008785163310249705 0.9999899020742715 0.7682811617851257
0.9999895654080501 -0.001673604667967611 0.004250661411429433 -0.0031735519878566265 0.0016713486558184532 0.9999984605891761 0.0005342405346942997 -0.014385130256414413 -0.00425154897536793 -0.0005271306228759852 0.9999908231902014 0.7807941436767578
0.9999899703611169 -0.0010370190513016035 0.004357036683283433 -0.002896294929087162 0.0010340850799700101 0.9999992371257076 0.0006755857088920317 -0.015267815440893173 -0.004357733954663065 -0.0006710733863842717 0.9999902798604046 0.7820315957069397
0.9999947336143031 -0.0014509911579554788 0.00290299299318638 -0.004720790311694145 0.0014506636123947484 0.9999989411822124 0.00011493275401116247 -0.015847671777009964 -0.002903156685855591 -0.00011072088242869825 0.9999957797021664 0.8287920951843262
0.9999948015682921 -0.0017457189046822348 0.002710959589806559 -0.0051712836138904095 0.001745995113594349 0.9999984707969778 -9.95227060533487e-05 -0.016421640291810036 -0.0027107817055295586 0.0001042555108883119 0.9999963203898968 0.8712626099586487
0.9999808409224582 0.00020058813049581725 0.006186885518190468 -0.0007988559082150459 -0.00020774005023545066 0.999999310993847 0.0011553596421563018 -0.015258151106536388 -0.006186649503957607 -0.0011566227704396788 0.9999801935996943 0.7143288254737854
0.9999897705183424 -0.00019138200612237927 0.004519096325690073 -0.0018111742101609707 0.00019065418434731086 0.9999999687867942 0.0001614849612201515 -0.014614971354603767 -0.004519127089950426 -0.00016062172468874134 0.999989775793236 0.7036451101303101
0.9999891845120689 -0.0006946904989050723 0.004598724170743245 -0.0029642325825989246 0.0006932682067895217 0.9999997113705409 0.00031086657695763507 -0.015850041061639786 -0.004598938799473414 -0.00030767506552455294 0.9999893774925677 0.7703595161437988
0.9999930600101121 -0.0006059041314040488 0.0036759776652901506 -0.0024025915190577507 0.0006048255810909253 0.9999997737250316 0.00029450959558988436 -0.015120637603104115 -0.0036761552780891268 -0.00029228422636878274 0.9999932002030325 0.7617782354354858
0.9999964578642426 -0.0015922140454245279 0.0021328650688019917 -0.004604633431881666 0.0015909223486990623 0.9999985501509159 0.0006071755486417025 -0.01633765920996666 -0.0021338287299061108 -0.000603780175238764 0.9999975411092027 0.8796482682228088
0.9999975725606072 -0.0017956854687128376 0.0012768659250566973 -0.006192051339894533 0.0017952836722020609 0.9999983386276751 0.0003157505757106239 -0.01761113852262497 -0.001277430792427528 -0.0003134574726983927 0.9999991349571175 0.9535568952560425
0.9999968851885445 -0.001637368381649923 0.0018837828940044459 -0.005880134645849466 0.0016367685063693935 0.9999986093128396 0.0003199394370530107 -0.01749682053923607 -0.0018843041329700356 -0.00031685512398824323 0.9999981744987162 0.9358994364738464
0.9999974542294572 -0.002053575523470759 0.0009350733522048986 -0.006410122383385897 0.0020532329715565014 0.99999782471538 0.00036714965966288653 -0.017357423901557922 -0.0009358252877087514 -0.0003652288015465272 0.9999994954193494 0.9657412767410278
0.9999978230637925 -0.002074500039344397 0.00022431509721268983 -0.00806439109146595 0.002074449122423862 0.9999978225673406 0.0002269832946388023 -0.018815815448760986 -0.00022478548563532988 -0.0002265174702540904 0.9999999490806593 1.047577142715454
0.9999980088025251 -0.0019662222963033596 0.00034111708679199844 -0.007619959767907858 0.0019661014263551452 0.9999980044528531 0.00035430988301679984 -0.018583625555038452 -0.0003418130580685574 -0.00035363850672495955 0.9999998790518129 1.0283290147781372
0.9999980350939558 -0.001797937024650749 0.000835003403028154 -0.007048511411994696 0.001797569930662724 0.999998287492985 0.00044017433096266135 -0.01849198527634144 -0.0008357933788059075 -0.0004386724890521734 0.9999995545078384 1.0121384859085083
0.9999979804749543 -0.0014403952989887937 0.001401537511393173 -0.006182702723890543 0.001440242582055578 0.999998956803734 0.00010996703472554991 -0.0176269318908453 -0.0014016944453143368 -0.00010794825864011242 0.9999990117994395 0.9522464275360107
0.9999977482642014 -0.0016979684340204897 0.0012729374391925916 -0.005994721781462431 0.0016976065916638283 0.9999985183712456 0.0002852843731032863 -0.01737356185913086 -0.001273419957032128 -0.0002831227837307015 0.9999991491211893 0.9439780712127686
0.9999970493709428 -0.0015459576546940886 0.0018738367959090763 -0.005621972028166056 0.0015455904515907525 0.9999987860918529 0.000197395481638863 -0.017370451241731644 -0.0018741396862991654 -0.00019449871493842265 0.9999982248837673 0.9210922718048096
0.9999963608532088 -0.0016866527378755936 0.0021055837387022095 -0.005531893577426672 0.0016863501981768103 0.9999985675323961 0.00014545158839352441 -0.0172452162951231 -0.0021058260488415093 -0.00014190030751880492 0.9999977726779968 0.9133402705192566
0.9999965086510822 -0.0016656543434518396 0.002051409577459609 -0.005497480742633343 0.0016651058172633588 0.999998577511292 0.00026906878345674985 -0.017242491245269775 -0.0020518548349405014 -0.0002656520300227261 0.9999978596580772 0.9176790118217468
0.9999961727972267 -0.0016736235490091443 0.0022030377017292747 -0.005607541184872389 0.0016733887549871586 0.9999985940069959 0.0001084163547816726 -0.017271211370825768 -0.0022032160524381385 -0.00010472940133341239 0.9999975674324306 0.9148893356323242
0.9999965410575077 -0.0014112757978478922 0.0022194985115055574 -0.005108725279569626 0.001411186908558771 0.9999990034093611 4.161482368925216e-05 -0.0168291125446558 -0.002219555029567622 -3.848255250296788e-05 0.9999975360442463 0.8893276453018188
0.9999962650085453 -0.0016406235208711979 0.0021859376528412266 -0.005235728342086077 0.0016402325841535002 0.9999986385053852 0.0001806223849894049 -0.016652580350637436 -0.002186231010032093 -0.00017703626420122225 0.9999975945231728 0.8887219429016113
0.9999969985306167 -0.0018713638487790878 0.00158143197870911 -0.005854644346982241 0.0018711285101489818 0.9999982381454489 0.00015028006093657927 -0.01689016819000244 -0.00158171042112921 -0.00014732054741335352 0.9999987382436041 0.9216698408126831
0.9999974049999912 -0.0018528589126959303 0.0013254837355745196 -0.006372406613081694 0.001852561034832618 0.9999982584864812 0.0002259239191938868 -0.017687689512968063 -0.0013259000323739445 -0.00022346779340048478 0.9999990960252162 0.9579704999923706
0.9999977705003948 -0.002055337154314226 0.0004843381275243774 -0.00711221294477582 0.0020551971444710978 0.9999978462052379 0.0002893952013847917 -0.01808992028236389 -0.00048493188906914174 -0.00028839914584165787 0.9999998408334851 0.993908166885376
0.9999978237238767 -0.0019441797349089688 0.0007567778197715453 -0.007579152937978506 0.0019439303224652509 0.9999980560602006 0.0003301677162999024 -0.01926841400563717 -0.0007574182540241738 -0.0003286958744125618 0.9999996591382471 1.043900966644287
0.9999975896589919 -0.0016274842983256908 0.0014737608576990892 -0.0058959187008440495 0.0016271353933637153 0.9999986479130675 0.00023791269191024233 -0.017620716243982315 -0.001474146064216748 -0.00023551411000660835 0.9999988857126221 0.9467676281929016
0.9999955157815433 -0.0018599929263280978 0.002347092482049272 -0.005451736506074667 0.0018589145627965437 0.9999981657049971 0.0004615444611155108 -0.017270030453801155 -0.0023479466462221214 -0.00045717934705420796 0.9999971390627032 0.9213433265686035
0.9999966876585175 -0.0016146447508693686 0.0020043937541620793 -0.005404760595411062 0.0016148340976019152 0.9999986918439044 -9.285104663912919e-05 -0.016859523952007294 -0.0020042412106471034 9.608750246399694e-05 0.9999979868901543 0.896669328212738
0.9999978355044021 -0.0020368157510844325 0.00042469766502404644 -0.0069406176917254925 0.00203668172767816 0.9999978761068862 0.0003157677260843207 -0.018105152994394302 -0.0004253399236897729 -0.00031490206863232567 0.9999998599613084 0.9966206550598145
0.9999981404187274 -0.0017587826560817926 0.0007911021780561013 -0.007060105446726084 0.0017583995380817266 0.9999983365379176 0.00048471895198087274 -0.019136834889650345 -0.0007919533773734429 -0.0004833269769021178 0.9999995696023483 1.0345351696014404
0.9999979667832193 -0.0015834122967709429 0.0012486932875176177 -0.005761414300650358 0.0015825852058752004 0.9999985278765336 0.0006630752839128256 -0.017761720344424248 -0.0012497413708451592 -0.0006610977722135302 0.9999990005476216 0.9679718017578125
0.9999975041322601 -0.0017737179402832505 0.0013585484601632693 -0.005664429627358913 0.0017727125968506846 0.9999981543065856 0.0007408599536495798 -0.017739398404955864 -0.0013598600292903489 -0.0007384497885923583 0.9999988027355884 0.96437668800354
0.9999976005262092 -0.0019256325586197716 0.0010444525231927666 -0.006218803580850363 0.001924875331486507 0.9999978842352992 0.000725520422376115 -0.01809116080403328 -0.0010458473991242577 -0.0007235082406120743 0.9999991913691948 0.9936370849609375
0.9999973093619389 -0.0023157862948593 0.0001356566227530303 -0.007629502099007368 0.0023156802736387524 0.999997017290687 0.0007765530244174204 -0.019033469259738922 -0.00013745454897993564 -0.0007762367976289988 0.9999996892812922 1.0584595203399658
0.9999960003906223 -0.0027445880199717036 -0.0006829636587111853 -0.009324310347437859 0.002745185585178399 0.9999958486621784 0.0008755652531590102 -0.020795676857233047 0.0006805577575937945 -0.0008774366132311076 0.9999993834728741 1.1517343521118164
0.9999934081637522 -0.0032558673662559856 -0.0016071579687938387 -0.011257689446210861 0.0032572244083233686 0.9999943403424818 0.0008424797673714326 -0.02234935387969017 0.001604405870448842 -0.0008477090880467508 0.9999983536341972 1.250169038772583
0.9999940986680642 -0.003178653352117889 -0.0013033771186101825 -0.011482683941721916 0.00317946384457591 0.9999947531419014 0.000620240541311326 -0.02237492799758911 0.0013013987502996332 -0.0006243809214904802 0.9999989582543364 1.2534842491149902
0.9999960779259447 -0.0026145337198630464 -0.0010041644067455705 -0.009847121313214302 0.0026150408313060872 0.9999964537523925 0.0005040278661462552 -0.020638437941670418 0.0010028430478781557 -0.0005066518202366222 0.9999993688046781 1.1658977270126343
0.9999951266202953 -0.002863682693987046 -0.0012434054398323088 -0.010702205821871758 0.0028643533562177905 0.9999957530465698 0.0005379299903670288 -0.021504415199160576 0.0012418596983433201 -0.0005414889213746542 0.9999990822866978 1.2030699253082275
0.9999963790334249 -0.002395526271006901 -0.0012261214963993905 -0.009177444502711296 0.002396327431485711 0.9999969160166245 0.000652358859070294 -0.019153088331222534 0.0012245549722760523 -0.0006552946854768265 0.9999990355265325 1.095090389251709
0.9999949851877542 -0.0029121899799877077 -0.0012444873899851276 -0.010149111971259117 0.0029130652686800295 0.9999955105432166 0.0007020998163834028 -0.020522573962807655 0.0012424371548625495 -0.0007057215684777218 0.999998979152971 1.1445837020874023
0.9999934709172074 -0.002948293479613476 -0.0020894230098757204 -0.01061767153441906 0.0029502445545962434 0.9999952143383041 0.0009313203299611203 -0.020676802843809128 0.0020866672049478 -0.0009374785581507136 0.9999973834735412 1.2068307399749756
0.999997054435804 -0.002240958363868149 -0.0009323225445394368 -0.008579716086387634 0.0022416028248579416 0.9999972490210886 0.0006907727778783374 -0.01859861984848976 0.0009307719867056593 -0.0006928606400122936 0.9999993268035946 1.0868041515350342
0.9999975999047772 -0.0019453194631620582 -0.0010079270169966452 -0.008816979825496674 0.0019460229453124433 0.9999978632841442 0.0006974394902585911 -0.01900275982916355 0.0010065681207282286 -0.0006993992654396781 0.9999992488303608 1.1175005435943604
0.9999901326653959 -0.002977449835737495 -0.0032968718991429275 -0.012301167473196983 0.002979203369203617 0.9999954232487558 0.0005270947037151119 -0.021951712667942047 0.003295287412141366 -0.0005369115545650616 0.9999944263878944 1.2601665258407593
0.9999919897159367 -0.0033645350077018 -0.0021680424681480193 -0.012036504223942757 0.0033667480711728425 0.9999938143980333 0.0010179258798694148 -0.023275811225175858 0.002164604210242198 -0.0010252169787918197 0.999997131705266 1.3138651847839355
0.9999911435016169 -0.003555512642994122 -0.0022519431995166976 -0.0122983418405056 0.003558045235221599 0.9999930411179898 0.0011216192305001508 -0.023256201297044754 0.0022479395971550103 -0.0011296218126522798 0.9999968353560563 1.3209915161132812
0.9999929637330457 -0.003113067481484977 -0.002093154379277101 -0.011716946959495544 0.0031143978543109493 0.999994950143708 0.0006326239706856342 -0.02257978543639183 0.002091174408037139 -0.0006391384348820568 0.9999976092429703 1.2671616077423096
0.9999962130116432 -0.002723082254513336 0.00039847886715833447 -0.009074091911315918 0.0027227295664295323 0.9999959035473013 0.0008829679070038246 -0.020286057144403458 -0.0004008816290473706 -0.0008818796130214319 0.9999995307910238 1.12082839012146
0.9999956418255487 -0.002725233623736323 -0.001135531419588245 -0.009423056617379189 0.002725709490513106 0.9999961979962068 0.00041773305406800506 -0.01891041174530983 0.0011343886821287882 -0.00042082636228162886 0.9999992680334774 1.100670576095581
0.9999957651817982 -0.00272162171310017 -0.0010307248521933677 -0.009660124778747559 0.0027219690785359623 0.9999962390683425 0.0003357581066546072 -0.018891606479883194 0.0010298071691542203 -0.00033856228595621464 0.9999994124362139 1.1027894020080566
0.9999976422777733 -0.0021402729417290766 -0.00036697497072250547 -0.008325139060616493 0.002140246696374216 0.9999977070848998 -7.189590578520266e-05 -0.018622176721692085 0.00036712800614182694 7.111031930588673e-05 0.9999999300801722 1.0398247241973877
0.9999965541305381 -0.002581900561639116 -0.00047488581763952166 -0.009059194475412369 0.0025821704083614236 0.9999965045944376 0.0005685023214190561 -0.020172089338302612 0.0004734163412580281 -0.000569726598539927 0.9999997256442479 1.1187994480133057
0.9999962137904597 -0.0026658926650743814 -0.0006822177393036171 -0.009227089583873749 0.0026663002106821487 0.9999962671069048 0.0005971728750567885 -0.020171351730823517 0.0006806231938703333 -0.000598989611337188 0.9999995889816724 1.1289243698120117
0.9999944469617499 -0.0030888309823841435 -0.0012510670750616381 -0.010758740827441216 0.003089682137203188 0.9999949964108543 0.0006789827292759041 -0.021299131214618683 0.0012489635523453098 -0.0006828443584530981 0.9999989869063004 1.198822021484375
0.9999950901501041 -0.002995469683847801 -0.0009202375009490129 -0.010400444269180298 0.0029960476728235156 0.999995315053196 0.000627351577051308 -0.02113674208521843 0.0009183539770551026 -0.0006301055722723959 0.999999379796278 1.1799027919769287
0.999990143265569 -0.003824702058222663 -0.0022550001934293655 -0.011211682111024857 0.003827199976746758 0.9999920663319432 0.001104451677704236 -0.02009119652211666 0.00225075810440144 -0.001113071128105214 0.9999968475753407 1.2079377174377441
0.9999866067419672 -0.0031222195284496056 -0.004127721151227791 -0.017080532386898994 0.0031199583511292745 0.9999949793880967 -0.0005541285836058362 -0.023902591317892075 0.004129430538626852 0.0005412428439418266 0.9999913273921981 1.4725425243377686
0.9999968899855636 -0.0024934921074833737 -5.016284027481193e-05 -0.009263144806027412 0.0024934953329700874 0.9999968891657999 6.434086944213642e-05 -0.01947632059454918 5.000225077639024e-05 -6.446575014921736e-05 0.9999999966719709 1.0882970094680786
0.9999961094790807 -0.002774003997289315 0.00029313567778365746 -0.009168652817606926 0.0027739508259552494 0.9999961360945255 0.00018163929738774563 -0.019153360277414322 -0.00029363841327212576 -0.0001808254467607544 0.9999999405393183 1.0568573474884033
0.9999972129960731 -0.002149539202401575 0.0009764636724631918 -0.00792623870074749 0.0021497404423161614 0.9999976682748092 -0.00020508772613492442 -0.018399009481072426 -0.0009760205515109903 0.00020718629800177302 0.9999995022287366 1.003847599029541
0.999996516845343 -0.0026064187770788055 0.0004157864116296407 -0.008540078997612 0.0026063642693168938 0.9999965947697272 0.00013158360663150754 -0.018407873809337616 -0.000416127957764245 -0.0001304994574585163 0.9999999049037026 1.032396674156189
0.9999895723760613 -0.0036044637330580305 -0.0028041006292523554 -0.011090872809290886 0.0036070450263746227 0.999993075033337 0.0009160303207096892 -0.01927465945482254 0.0028007794128795983 -0.0009261352859181872 0.9999956489445905 1.1875920295715332
0.9999961860496528 -0.002493822397542511 -0.0011869018484286496 -0.011386057361960411 0.0024935094215341063 0.9999968560618762 -0.0002650983370155119 -0.021051965653896332 0.0011875592250530794 0.0002621377750021243 0.9999992604931636 1.178456425666809
