0.9998956467892172 0.00019346331758247654 -0.014445002731667999 -0.019110679626464844 -0.0001771311062189171 0.9999993436921082 0.0011319186915676527 -0.012415609322488308 0.014445212236044013 -0.001129241912904647 0.9998950248181846 0.6275573968887329
0.9999635715876622 -0.00015675237527363912 -0.008534103722080317 -0.011422497220337391 0.00016796925209781492 0.9999991230438319 0.0013136582119287672 -0.01656009629368782 0.008533890319000401 -0.0013150438244652752 0.9999627209930194 0.8577049970626831
0.9999008875839664 0.0003399969134186992 -0.014074779248541147 -0.01894984394311905 -0.00031655042369209055 0.9999985587087937 0.0016680456122797973 -0.01395392045378685 0.014075326093045201 -0.0016634249109146115 0.9998995540617769 0.712498664855957
0.9997615079914627 0.0002315048178641393 -0.02183743446825943 -0.027923021465539932 -0.00019346264124805692 0.9999984602394826 0.0017441590725024508 -0.011825216934084892 0.02183780462506844 -0.0017395183767517305 0.9997600133856995 0.5461679100990295
0.9997937383730229 0.00040466587112904316 -0.020305589270646962 -0.02708578109741211 -0.0003719519742123264 0.9999986269880705 0.0016148293106867265 -0.011508440598845482 0.02030621485714039 -0.0016069435293490522 0.9997925161605627 0.553230345249176
0.9999069193909679 0.00031160699540764197 -0.013640214629722031 -0.01824374496936798 -0.0002930357428896845 0.9999990275191425 0.0013634848084435704 -0.013197057880461216 0.013640626236278852 -0.0013593608240199991 0.9999060383126168 0.6716869473457336
0.9996636687966085 0.0001890934730511587 -0.025932865860970933 -0.030637897551059723 -0.00014383279585099748 0.999998463377845 0.0017471559963778145 -0.011735005304217339 0.025933156387750025 -0.0017428383766978277 0.9996621598891104 0.5221179723739624
0.9996938614701746 0.0003012350945268057 -0.02474050517408714 -0.03330301493406296 -0.0002605647846810993 0.999998609611195 0.0016470827756011395 -0.010456058196723461 0.024740966934301317 -0.0016401320356981288 0.9996925499982788 0.5121794939041138
0.9997163564566013 0.00015149650399343841 -0.02381561844561957 -0.02928341180086136 -0.00011081385748511785 0.9999985325881342 0.0017095443449731738 -0.011482134461402893 0.02381584248829015 -0.0017064203432092153 0.9997149062488693 0.5316116213798523
0.9995799425396473 -6.333586774446747e-05 -0.02898162281520999 -0.0348731130361557 0.00011865668974834135 0.9999981744274905 0.0019071083545858676 -0.01074340008199215 0.02898144911879358 -0.001909746122920611 0.9995781252492076 0.4973113536834717
0.9994799456787014 -0.00039339064939591554 -0.03224412240854001 -0.03926811367273331 0.00047211323090878534 0.999996926668325 0.002433878181350395 -0.010509589686989784 0.03224306584673897 -0.002447835309292784 0.9994770596702564 0.44707196950912476
0.9997563873990184 0.0003107288851032101 -0.02206964663115183 -0.028852276504039764 -0.0002715486434519858 0.9999983819991198 0.0017782745786034738 -0.011284940876066685 0.022070163483721372 -0.0017718483859039665 0.9997548541703107 0.5270921587944031
0.9999102499739974 0.0006285687542784531 -0.013382708928288753 -0.01817435398697853 -0.0006118184509589024 0.9999990244536345 0.0012556950116390472 -0.013851677998900414 0.013383485163484919 -0.0012473945247329617 0.9999096590851488 0.6820244789123535
0.9999264352570667 0.00046944650304287384 -0.012120383412898932 -0.016324447467923164 -0.00045278153305266936 0.9999989485183367 0.001377661462023408 -0.015406718477606773 0.01212101740689375 -0.0013720722289292267 0.9999255964094629 0.7586700916290283
0.9997324688617678 1.2354799670530115e-05 -0.023129862751724222 -0.02945050597190857 2.688345396697715e-05 0.9999985612245459 0.0016961209031714152 -0.011333993636071682 0.02312985042827941 -0.0016962889486161587 0.9997310301390911 0.5384491086006165
0.9995603923923303 0.00022893312346516535 -0.029647420631749872 -0.037349119782447815 -0.00017864544193249896 0.9999985410328 0.0016988284427064027 -0.009639388881623745 0.02964776629523722 -0.0016927852482379454 0.9995589749643622 0.3681061863899231
0.999679011555603 0.00011411477245607625 -0.02533497252872074 -0.03232670575380325 -6.233146543720101e-05 0.9999979076030874 0.002044725956062486 -0.010888718999922276 0.025335152851339655 -0.0020424904566941054 0.9996769269432667 0.4849703013896942
0.9997108392485238 0.00029816380169708404 -0.02404472888929584 -0.031183961778879166 -0.00025594441970698496 0.9999984203330872 0.001758926884393915 -0.011500190943479538 0.024045215354959938 -0.0017522641575916493 0.9997093363517497 0.5292136669158936
0.9998012956365766 0.00044476165083730766 -0.019929160305864353 -0.0264294371008873 -0.00041359452638322985 0.9999986851727066 0.0015679899316784244 -0.010799898765981197 0.019929831484250957 -0.0015594357736192766 0.9998001650215295 0.5441110730171204
0.999887744660731 0.0002661767799270365 -0.014980895407097282 -0.0197269469499588 -0.00024797576373331053 0.9999992289611999 0.0012167929265398502 -0.012979326769709587 0.01498120773826869 -0.0012129414360570777 0.9998870397138745 0.6657467484474182
0.9998707614946503 0.00041644687625046276 -0.016071306110809834 -0.021913401782512665 -0.00039344965469136794 0.9999988942989904 0.00143408443469095 -0.012136812321841717 0.01607188556073355 -0.001427575845922328 0.9998698197874195 0.6077961921691895
0.9997167721324581 -6.246633018402809e-05 -0.023798563297317766 -0.02999161183834076 0.00010382448818225126 0.9999984867002295 0.0017366109888145138 -0.01148364320397377 0.023798418803241964 -0.001738590005841219 0.9997152657468311 0.5456922054290771
0.9999040437986799 0.00039431373028112954 -0.013847299799237902 -0.018613427877426147 -0.0003745544798826631 0.9999989081140408 0.001429503294137332 -0.01308776531368494 0.013847848352342037 -0.001424179556257369 0.999903099709468 0.6492084264755249
0.9998745172176612 0.0003000932669507001 -0.01583855305196914 -0.020646261051297188 -0.00027431524233997515 0.9999986344190767 0.0016296966373277452 -0.014018811285495758 0.01583902048413127 -0.0016251473819405599 0.999873234128252 0.6793281435966492
0.9997653406297888 0.00031925423926192233 -0.02166014201553603 -0.028327755630016327 -0.0002816239410232321 0.9999984459610559 0.0017403342865789338 -0.01165548525750637 0.02166066396393053 -0.0017338258862737502 0.9997638768651516 0.5483871698379517
0.9997910182362522 0.00028377117948495483 -0.02044111856126271 -0.026451531797647476 -0.00024985905742132156 0.9999985884102771 0.0016615498501155864 -0.011740526184439659 0.020441561206750565 -0.001656095217881 0.9997896778443254 0.5544019937515259
0.999741461632922 0.00018245012800456738 -0.02273711951897468 -0.02888365089893341 -0.0001436933912072657 0.9999985341498573 0.0017061800451505728 -0.011530620977282524 0.02273739748253242 -0.0017024717583377915 0.9997400223786351 0.5378864407539368
0.9997088054511957 0.0001238322531374658 -0.02413066449389705 -0.030465008690953255 -8.070238234280893e-05 0.9999983977112192 0.0017883126461086351 -0.011482201516628265 0.024130847280388334 -0.0017858444971023575 0.9997072136225502 0.5307227969169617
0.9997534586647461 0.00033069805737673356 -0.022201633423528155 -0.02956034243106842 -0.00029558706150236135 0.9999987006397011 0.0015847230668166294 -0.011061220429837704 0.022202128640446787 -0.0015777698514915152 0.9997522573748603 0.5379853844642639
0.999776653493744 0.0002840209360495975 -0.02113202453524132 -0.028211429715156555 -0.0002472121146767439 0.9999984479026575 0.001744442159119884 -0.012368340976536274 0.021132487194377114 -0.0017388284515855211 0.9997751719564731 0.5262691974639893
0.999673076712729 4.00779720592427e-05 -0.025568302436075337 -0.030749794095754623 8.662709732474644e-06 0.999998183200463 0.0019061796166712959 -0.011828799732029438 0.02556833237940872 -0.0019057779329472405 0.9996712601599621 0.5300896167755127
0.9996850070342742 0.00011728121266878677 -0.025097269891376863 -0.03123546577990055 -7.121671452954204e-05 0.999998311418736 0.0018363245509958905 -0.011517802253365517 0.025097442878967337 -0.001833958776574212 0.9996833273372839 0.5283055305480957
0.9996777903951435 0.0002273635772784298 -0.025382350097803062 -0.03004182130098343 -0.0001811333335099295 0.9999983207656887 0.0018236382641181514 -0.011632878333330154 0.02538272210380927 -0.0018184530806681376 0.9996761528850202 0.5294785499572754
0.9996579228432177 0.0003387363707844434 -0.026151913017116956 -0.03194695711135864 -0.00027899318047550206 0.9999973434177138 0.0022880822363806727 -0.01146932877600193 0.026152618599080888 -0.0022800033303266034 0.9996553616748249 0.5230786204338074
0.9996196394697767 0.00020021877384572312 -0.027577822589112403 -0.032565560191869736 -0.0001367640615943776 0.9999973392012292 0.0023027996120887984 -0.011161676608026028 0.0275782102737907 -0.00229815206298013 0.9996170070658014 0.5194149017333984
0.9997401156528568 0.0004240327849804472 -0.0227930110035953 -0.02884680964052677 -0.00037846180781831335 0.9999979211417154 0.0020036164572862147 -0.011347964406013489 0.022793813219221956 -0.0019944694645812437 0.9997381978150491 0.543888509273529
0.9996429669251421 0.00041506724190685574 -0.02671640687449876 -0.03239007666707039 -0.00035466593467877946 0.9999973707876139 0.0022655308283660806 -0.011339743621647358 0.02671727697902328 -0.0022552465595128413 0.9996404858616831 0.5204987525939941
0.9995707544011052 0.00014441331172380814 -0.02929652011418273 -0.03451613336801529 -7.041428501593767e-05 0.9999968049545794 0.0025268799855476536 -0.011101157404482365 0.029296791425577336 -0.002523732439917627 0.9995675708959039 0.5104203224182129
0.9995307164346326 0.0003919386950200999 -0.030629941033725076 -0.03652546927332878 -0.0003186652264285422 0.9999970762689009 0.0023970619773959734 -0.010644801892340183 0.030630790981357212 -0.0023861763785098093 0.9995279189728254 0.48909130692481995
0.9994532733068571 0.00012263689326786364 -0.033062659245760746 -0.03870723396539688 -3.287168351534853e-05 0.99999631239425 0.0027155326096263885 -0.010502861812710762 0.03306287034819121 -0.002712961130191703 0.9994495917485007 0.481803834438324
0.9995891382738822 0.0002771965623102769 -0.028661434139681956 -0.03433547541499138 -0.00020672902184107813 0.9999969490059514 0.002461552741675614 -0.011371775530278683 0.02866202902777491 -0.00245461623362298 0.9995861458379446 0.5105319023132324
0.9996616931390923 0.0002795296519903306 -0.026008097459384486 -0.03207831457257271 -0.00022026592759067246 0.9999973731139704 0.0022815012776045197 -0.011089524254202843 0.02600866688633476 -0.0022750007323573767 0.9996591287126144 0.5215399861335754
0.9997131280075262 0.0003131172906151949 -0.02394918885828537 -0.03039933741092682 -0.0002644255445818191 0.9999978918457582 0.002036266969425787 -0.01123750302940607 0.023949775960097723 -0.0020293500441569143 0.9997111032542648 0.5317087769508362
0.9998129175011937 0.000520141743511376 -0.0193354454388138 -0.02646358124911785 -0.000490342476628283 0.9999986849056617 0.00154588201435628 -0.011115909554064274 0.01933622408864519 -0.001536111816682996 0.9998118577004775 0.5560750365257263
0.999720790972995 0.00033744099276677514 -0.023626811674575223 -0.029044166207313538 -0.00029755254201283286 0.9999985246943698 0.00169176581384008 -0.01173796970397234 0.023627347688942684 -0.001684263239679849 0.9997194164857085 0.5343018770217896
0.9996276202791469 0.0004780307758742944 -0.02728355295094721 -0.03257393091917038 -0.00043333270798175295 0.9999985544663417 0.0016441678719942008 -0.011291236616671085 0.027284299474496617 -0.0016317327613373943 0.9996263824301466 0.4950443208217621
0.9996300960770809 0.00015087519401582835 -0.02719647502162602 -0.03284100443124771 -9.240570913919502e-05 0.999997682034869 0.0021511359961533492 -0.011291789822280407 0.02719673653420601 -0.00214782717294918 0.9996277929111036 0.5143952369689941
0.9995776238008315 0.00021344514347850128 -0.029060771460075945 -0.03601805493235588 -0.0001433154734384132 0.9999970729640574 0.0024152689277317243 -0.010772282257676125 0.02906120192557617 -0.0024100839174017717 0.9995747285911907 0.49485012888908386
0.9994981722793262 5.3511401394677665e-05 -0.031676501492690745 -0.03748279809951782 3.12955337867425e-05 0.9999964169272086 0.002676780404532729 -0.011422625742852688 0.03167653123175079 -0.0026764284549462883 0.9994945893299522 0.4940061569213867
0.9994029801531105 0.0013929645024601197 -0.034521629610668875 -0.04621073231101036 -0.0013008094216689513 0.9999955310327355 0.0026918041172495823 -0.005293196998536587 0.03452522492221914 -0.0026452909957187217 0.9994003258352571 0.36617782711982727
0.9996126188581993 0.0001593979820401787 -0.02783139974446025 -0.03376113623380661 -0.00010223838145353706 0.9999978828644674 0.0020551919366484117 -0.011135322973132133 0.027831668415062336 -0.002051550356785913 0.9996105188393967 0.5051379203796387
0.9995359838363297 -0.00010825850188679694 -0.03045989652702892 -0.03708741441369057 0.00017986787796009216 0.9999972267762851 0.00234820937858971 -0.010710546746850014 0.030459557841292076 -0.002352598528433563 0.9995332313716624 0.49075567722320557
0.9995929204691187 -4.2412020425370664e-05 -0.02853053713547394 -0.03505396842956543 0.00010439644277387764 0.9999976377578033 0.0021710781183998293 -0.010416680946946144 0.028530377659625718 -0.0021731728035252556 0.9995905636162065 0.5027389526367188
0.9997988796345015 0.0004642189298106361 -0.020049558159241164 -0.027726799249649048 -0.00043528062876822305 0.999998857378205 0.0014476785066468054 -0.010793658904731274 0.020050207289946095 -0.001438660164734345 0.9997979393080187 0.5510939955711365
0.9997268605344568 -0.00011887177221808561 -0.0233707123430339 -0.0286434143781662 0.00015933834307578843 0.9999984914543235 0.0017296532513858755 -0.011731778271496296 0.02337047148029952 -0.0017329046654024566 0.9997253713416547 0.5542740225791931
0.9998562618661364 0.0001486885695523042 -0.016953863830547845 -0.02195422537624836 -0.00012565987570248744 0.9999990681574742 0.0013593725679212816 -0.012265652418136597 0.016954050155379166 -0.00135704675382352 0.9998553488417393 0.6340028643608093
0.9998097582888817 0.00013811929519275058 -0.019504567500665523 -0.02496735379099846 -0.00010552994653002971 0.9999985968449571 0.0016718766543490243 -0.01226990856230259 0.019504771051158422 -0.0016695002777080857 0.9998083699764994 0.6058652400970459
0.9996664046444877 0.00035483908860191023 -0.02582544315949451 -0.032010775059461594 -0.0003138489668463285 0.9999986847338544 0.0015912351765512913 -0.011724638752639294 0.025825973824603228 -0.0015825990592329103 0.9996652011829903 0.4768165349960327
0.9999085060802992 0.0007458188056363137 -0.013506414127127445 -0.018545275554060936 -0.0007283405860422099 0.999998891135881 0.0012989407219676644 -0.012976834550499916 0.013507367924767293 -0.001288984607208872 0.9999079405277405 0.6458683013916016
0.9999812525093841 2.2247672106909826e-05 -0.006123245447033154 -0.010104573331773281 -1.3405843573401402e-05 0.9999989573203181 0.0014440147367477344 -0.019281327724456787 0.0061232711884159205 -0.0014439055778243835 0.9999802101474986 0.9473133087158203
0.9999586928899533 0.0004858594683555772 -0.009076147552407572 -0.014642488211393356 -0.0004757715403027743 0.9999992667647037 0.0011136029347807307 -0.019323403015732765 0.009076681951985686 -0.0011092387623607312 0.9999581908430525 0.9568933248519897
0.9998125270132803 0.0009231463317848252 -0.019340595341622326 -0.02418375387787819 -0.0008983846645595132 0.9999987657629927 0.0012889443297841798 -0.013013560324907303 0.019341761354973733 -0.0012713273932825953 0.999812122348167 0.6304029226303101
0.9993642288863945 0.0002847239233060084 -0.03565188570874463 -0.04279213398694992 -0.00021851676653900244 0.9999982445976171 0.0018609277543398884 -0.006487320177257061 0.0356523529759907 -0.0018519540954430795 0.9993625368169969 0.33648261427879333
0.9998976601632179 0.0006963436915072718 -0.01428930738648859 -0.01912868581712246 -0.000677386377114047 0.9999988841598806 0.0013314753809732828 -0.013461854308843613 0.014290218606388067 -0.001321659735838112 0.9998970161310237 0.6597846746444702
0.9997158798453044 0.0010287794735908753 -0.02381388666143324 -0.02801336906850338 -0.0010151652168507333 0.9999993143222312 0.0005837761985277041 -0.01257715467363596 0.023814470909750786 -0.0005594353065271581 0.9997162387434879 0.5991055965423584
0.9994874019939127 0.00031917175178710326 -0.032012987752654265 -0.04077720269560814 -0.00022629433561169304 0.999995755388432 0.002904822884980912 -0.006936440244317055 0.03201377900736495 -0.002896089520767602 0.9994832317848836 0.37005582451820374
0.9997515675034789 0.0003227380004163851 -0.022286747508781027 -0.029173992574214935 -0.0002856734104662976 0.999998571014282 0.00166624130802464 -0.011412003077566624 0.0222872534207251 -0.001659460628367646 0.9997502310704326 0.5403399467468262
0.999696890883721 5.694600567207149e-05 -0.024619567717033747 -0.029990021139383316 -8.324615893269843e-06 0.9999980496384547 0.0019750063258351627 -0.011828348971903324 0.024619632168697045 -0.001974202734968391 0.999694941587402 0.5423639416694641
0.9997600307720026 0.00011400276485793751 -0.021905886746131926 -0.027817130088806152 -7.748858186974762e-05 0.9999986063720754 0.0016677078362223353 -0.011598054319620132 0.021906046340780742 -0.0016656101815617943 0.9997586463124183 0.553189218044281
0.9997639778675023 0.00011475194109016252 -0.021724994603930278 -0.027788149192929268 -7.835377456557018e-05 0.9999985920241743 0.0016762488942118044 -0.011652941815555096 0.021725156368477418 -0.0016741510270435606 0.9997625792152376 0.5580320358276367
0.9999122441739152 0.0002709202156755826 -0.013245019944166433 -0.01780380681157112 -0.0002540616722791031 0.9999991555670082 0.001274487323205083 -0.01360221579670906 0.013245354044015095 -0.0012710104276008156 0.9999114686454704 0.7049686312675476
0.9999086232027072 0.0002881783189934615 -0.013515257974712792 -0.018029170110821724 -0.00027065688898391765 0.999999120671951 0.0012982296304498257 -0.013299018144607544 0.013515620211999934 -0.0012944530047067936 0.9999078219524556 0.6897819638252258
0.9998713206161771 0.00024874907734629586 -0.016039960509887916 -0.02085268311202526 -0.00022716236951305572 0.9999990661638157 0.0013476159522189898 -0.012642049230635166 0.01604028074941713 -0.0013437988663923062 0.9998704434065879 0.645849347114563
0.999874514536044 0.00021517678017043756 -0.01584010354332686 -0.020633727312088013 -0.00019395277042648569 0.9999990814938194 0.0013414148649983613 -0.012681987136602402 0.015840377635425378 -0.0013381743049655991 0.9998736378792554 0.6551047563552856
0.999892711849529 0.0003122048672546516 -0.014644702739072191 -0.01930859498679638 -0.00029327374688943933 0.9999991187104972 0.0012948238252480143 -0.01278853788971901 0.014645094083149873 -0.0012903899991502479 0.9998919222160693 0.6612240076065063
0.9998630926531857 -0.0004159539714401179 -0.01654155168962483 -0.020329181104898453 0.00043969313898492834 0.9999988787204358 0.0014315124220951752 -0.014676119200885296 0.016540937698643822 -0.001438589644313627 0.9998621544192403 0.7118391990661621
0.9996959352813576 -8.953720610755682e-05 -0.02465824334823652 -0.03041820041835308 0.00013594893503337144 0.9999982225620107 0.0018805293687427995 -0.011706680990755558 0.02465803114239236 -0.0018833098280323798 0.999694170556312 0.5370660424232483
0.9995852355179272 -0.00033539006472759554 -0.028796604801163885 -0.035174112766981125 0.00038891004520518477 0.9999982076219929 0.0018529710678856154 -0.011334840208292007 0.028795931718676362 -0.0018634018101753244 0.9995835743199001 0.5196051597595215
0.9998933242990434 0.00038481627674535163 -0.01460109374810109 -0.018816757947206497 -0.00036207645391278466 0.999998717623016 0.0015600169758182628 -0.013328894041478634 0.014601675343918822 -0.001554563847666303 0.9998921813917708 0.6611645221710205
0.9999331686767476 6.526560820431373e-05 -0.011560878880055114 -0.015914615243673325 -4.8648685769952115e-05 0.9999989654460222 0.0014376161485684805 -0.015744365751743317 0.011560960746594183 -0.0014369576492150823 0.9999321373669965 0.7961445450782776
0.9999720711159498 -4.7206645243246605e-05 -0.0074736041914592955 -0.011442972347140312 5.548189076326379e-05 0.9999993856702558 0.001107059560716974 -0.017506739124655724 0.007473547339633998 -0.0011074432914702245 0.999971459422477 0.9031497240066528
0.9999244581450145 0.0002221758433220156 -0.012289371069918356 -0.016760611906647682 -0.00020445705101086498 0.9999989379220514 0.0014430357181901532 -0.014120504260063171 0.01228967862532597 -0.0014404140600274566 0.9999234415727147 0.7415916323661804
0.9999667016853838 0.00019397685021052755 -0.008158302117241252 -0.0123008843511343 -0.0001824909997947752 0.9999989912801748 0.0014085935069624112 -0.016716312617063522 0.008158567122331874 -0.0014070577864626467 0.9999657283981767 0.8544384241104126
0.9999915127564896 0.00015301917210419166 -0.004117159229456139 -0.00808381475508213 -0.0001485749437436236 0.9999994060598649 0.0010797246888735504 -0.019808221608400345 0.004117322002688022 -0.0010791038182862917 0.9999909415562102 1.0194765329360962
0.9999922535451082 -0.0006331730920732664 -0.0038848348241772384 -0.0065977610647678375 0.0006390469958421547 0.9999986543180529 0.0015109536789646755 -0.02278289571404457 0.00388387290121226 -0.0015134245664538914 0.999991312500948 1.0243899822235107
0.9999309449963355 -0.0005635319942805226 -0.011738299298723897 -0.015179693698883057 0.000577478743586219 0.9999991314010189 0.0011847850049086645 -0.016457492485642433 0.011737621438592478 -0.001191481807906675 0.9999304018850839 0.7783833742141724
0.9997358440252575 -3.777592926710346e-05 -0.022983488509917514 -0.0287015363574028 7.922407878287227e-05 0.9999983723929717 0.001802480222639252 -0.01184682734310627 0.022983383011464686 -0.0018038249324235011 0.9997342198409344 0.5582454204559326
0.9999240196304858 0.0002933100356947332 -0.012323511481516036 -0.016876453533768654 -0.0002760389562693599 0.9999989774837234 0.0014031514539440426 -0.014130784198641777 0.012323910438928 -0.001399643072731156 0.9999230781568963 0.7325299978256226
0.9999031965738504 -0.000931719090487494 -0.01388270077946094 -0.016554849222302437 0.00094740081543893 0.9999989205904147 0.0011230537386607 -0.016420679166913033 0.013881639423732698 -0.0011360975052500037 0.999902999980182 0.7634971141815186
0.9997731960153671 -0.00025466786886469697 -0.021295343939342643 -0.02603597566485405 0.0002917844237609454 0.9999984438850521 0.001739853247935232 -0.012728716246783733 0.02129486771662083 -0.0017456722919460559 0.9997717145614696 0.6314021944999695
0.9999093211259231 -0.000141347522461244 -0.013465865971891202 -0.018008962273597717 0.0001564861141819847 0.9999993569974189 0.0011231726689164149 -0.014746175147593021 0.013465698555630583 -0.0011251780419234405 0.9999087003005737 0.7536502480506897
0.9999350909558276 -0.00109499922383198 -0.011340848815725859 -0.013865483924746513 0.0011053480243352113 0.9999989784156408 0.0009062965409892131 -0.01769358105957508 0.011339844836083142 -0.0009187732989797473 0.9999352797930069 0.801021158695221
0.9999050412164558 0.0001629706161235672 -0.013779767432565638 -0.018474511802196503 -0.00014707316892795418 0.9999993225347884 0.0011546858650386506 -0.013490011915564537 0.013779946277119436 -0.0011525495834101335 0.9999043877841807 0.6981887817382812
0.9999917039037269 -0.0004952334836098752 -0.004043125958711605 -0.007713123224675655 0.0004998367633795336 0.9999992279988659 0.0011376136790023084 -0.02304811403155327 0.004042559453028524 -0.0011396251442428438 0.9999911794448988 1.086026668548584
0.9999934232237702 -0.0004941051639078767 -0.003592961075826015 -0.006925715133547783 0.0004990166175289055 0.9999989422428801 0.0013661974733547716 -0.02314736321568489 0.0035922822301193537 -0.0013679814354626754 0.9999926120402945 1.0871052742004395
0.9999926263934369 -2.992780587028542e-05 -0.003840086337928591 -0.007678581401705742 3.477902578479062e-05 0.9999992014951694 0.0012632495569791483 -0.021101878955960274 0.0038400454653135926 -0.0012633737967356865 0.999991828935354 1.0390269756317139
0.9999978919386715 -3.069814628480061e-05 -0.0020530893396619497 -0.005630985833704472 3.377285249318939e-05 0.999998878053279 0.0014975819100669589 -0.023781264200806618 0.0020530410632165486 -0.0014976480917558719 0.9999967710310798 1.1268771886825562
0.9999988382447703 3.345175335056265e-05 -0.0015239390047307988 -0.005230190232396126 -3.134196803993875e-05 0.9999990411826504 0.001384431818890542 -0.024825915694236755 0.0015239838552233774 -0.0013843824472720549 0.9999978804769782 1.1791269779205322
0.9999981110703354 -0.00038733713049262264 -0.0019046851993774984 -0.005255219526588917 0.0003895247218091898 0.9999992648443963 0.0011482948917447943 -0.024563606828451157 0.0019042390218891728 -0.001149034644668931 0.9999975267935083 1.1747955083847046
0.9999992405634363 -0.00016530232163906454 -0.0012212893568671417 -0.004577377811074257 0.000167166852772181 0.9999988205496193 0.0015267464142694812 -0.02531430497765541 0.0012210355416901121 -0.0015269494139005422 0.9999980887470202 1.1797618865966797
0.9999956854513914 -0.00028711613366207167 -0.0029234641998528237 -0.006360257975757122 0.0002911449053551973 0.9999990085205234 0.0013777491115629225 -0.023364683613181114 0.0029230657273 -0.0013785943189051854 0.999994777568592 1.1079046726226807
0.9999883193498464 -0.0004258418758475808 -0.004814542820116782 -0.008203946985304356 0.0004323503146440366 0.9999989941124662 0.0013508690764044557 -0.021619994193315506 0.0048139627206066566 -0.001352934866478515 0.9999874975869308 1.0253584384918213
0.9999798061254322 -8.575174799543821e-05 -0.006354525000365632 -0.010262708179652691 9.504429034502854e-05 0.9999989266687932 0.0014620628727725978 -0.018966251984238625 0.0063543928054086265 -0.0014626373093774747 0.9999787409661144 0.9284203052520752
0.999988838061724 0.00016956578593418532 -0.004721758084408007 -0.008788736537098885 -0.00016277475781656378 0.9999989519830785 0.0014385885871702456 -0.020137302577495575 0.004721997071330054 -0.0014378039467045727 0.99998781765753 0.9923305511474609
0.9999944328214748 0.0002297723290314889 -0.0033288933197013217 -0.00724585447460413 -0.00022526416104946123 0.99999905720317 0.0013545659191051167 -0.02156742662191391 0.0033292014229973116 -0.001353808497633935 0.9999935417893643 1.0661585330963135
0.9999984674977556 -0.0005760364455875784 -0.0016532344522227085 -0.004667253233492374 0.000578028723348057 0.9999991071043252 0.0012048540773727295 -0.024718351662158966 0.0016525389361966348 -0.001205807847930965 0.9999979075690602 1.171459674835205
0.9999994796974288 -1.8651749739552852e-05 -0.001019929891759898 -0.004219995811581612 2.0101002589983413e-05 0.9999989902593744 0.0014209420049018917 -0.02381594479084015 0.0010199023588405812 -0.0014209617671955088 0.9999984703322473 1.155890941619873
0.9999997904144741 -0.00022311673441109822 0.0006077745724114979 -0.0024007894098758698 0.00022234578486379737 0.9999991710495193 0.001268251799308547 -0.02571875974535942 -0.0006080570367963465 -0.0012681163973870036 0.9999990110732324 1.2352421283721924
0.9999987952281867 -0.00045971226392822024 0.0014826350899816325 -0.0010459274053573608 0.00045779698531802076 0.9999990607233277 0.0012918879143227525 -0.026530947536230087 -0.0014832275940949134 -0.0012912076120180865 0.9999980664075343 1.2639187574386597
0.9999991558502636 -0.0002749371916946596 0.0012699245257517526 -0.0012766681611537933 0.0002731918285545954 0.999999018260351 0.001374352414446829 -0.02584569714963436 -0.0012703011396097213 -0.0013740043212842838 0.9999982492220374 1.2452905178070068
0.9999990733328394 -1.3284007074064689e-05 0.0013613070915985475 -0.0011536125093698502 1.1157185439634926e-05 0.9999987794939311 0.0015623335640736265 -0.024939432740211487 -0.0013613261841650978 -0.0015623169279547577 0.9999978529761137 1.2160409688949585
0.9999993425647362 -0.0001990102423731577 0.0011292763250560997 -0.0017828848212957382 0.00019758897245623916 0.99999918851873 0.0012585390256206334 -0.02552253007888794 -0.0011295258708260384 -0.0012583150656640103 0.9999985704062293 1.2349817752838135
0.999991068749625 -0.0003353798141672472 0.004213067927658626 0.0018432457000017166 0.0003311257697966154 0.9999994347408113 0.0010103829879694213 -0.027522195130586624 -0.00421340440824201 -0.0010089789086252295 0.9999906145483839 1.3492740392684937
0.9999876416317395 -0.00011397183021107074 0.004970271040259034 0.0032559074461460114 0.00010592669666893305 0.9999986839960773 0.0016188840750762672 -0.028863810002803802 -0.004970449006543785 -0.0016183375839178523 0.99998633771674 1.3868992328643799
0.9999995008923868 -0.00036042080260601927 0.0009318325077040919 -0.0016070343554019928 0.0003590808561706328 0.9999989019862817 0.0014377368221365262 -0.026465721428394318 -0.000932349674798586 -0.0014374015013364585 0.9999985322994268 1.2542483806610107
0.9999996632118882 -0.0002712177806928432 0.0007746076589996386 -0.0015062056481838226 0.0002701023933415818 0.9999989271821561 0.0014396802540036792 -0.024646101519465446 -0.0007749972948701183 -0.0014394705457538887 0.9999986636509773 1.2044692039489746
0.9999976236585659 7.041715834586673e-05 0.002178926030119953 -0.0004992708563804626 -7.280114649541536e-05 0.9999993988753796 0.001094051585828327 -0.024333475157618523 -0.0021788476803101123 -0.0010942076143013342 0.999997027661824 1.242741346359253
0.999998355279452 -0.0002407702874771248 0.001797628454251783 -0.0004190392792224884 0.00023814043070492064 0.9999989014159133 0.0014630297679350788 -0.026249732822179794 -0.0017979787335035827 -0.0014625992736456144 0.9999973140343121 1.270730972290039
0.9999990451854439 6.705035914613432e-05 0.0013802653548642117 -0.0015446767210960388 -6.924589437153377e-05 0.9999987324776424 0.0015906753643445991 -0.026006992906332016 -0.0013801569499925508 -0.0015907694232535749 0.9999977823072587 1.2394556999206543
0.9999998337162432 -7.740584577567349e-05 -0.0005714681280093062 -0.0037622079253196716 7.814344805118841e-05 0.9999991638574812 0.0012908051520165724 -0.024753838777542114 0.0005713677343159827 -0.0012908495938666162 0.999999003622623 1.2008063793182373
0.9999980744397374 0.00011382448039591786 0.001959122458013165 -0.001060454174876213 -0.00011664352384929418 0.9999989580122037 0.0014388776165734016 -0.02694607339799404 -0.001958956637134412 -0.001439103364874995 0.9999970457308358 1.292395830154419
0.9999975526764099 -0.0003038255069657576 0.0021914221983961265 -0.00021197646856307983 0.0003009921945048907 0.9999991186162314 0.0012931243013640386 -0.027138512581586838 -0.0021918131510586026 -0.0012924615356938493 0.9999967627439047 1.3087332248687744
0.99999528203249 -0.0003546735745591105 0.00305124882890661 0.0007018893957138062 0.00035069876790752325 0.9999990894460774 0.001303118333023746 -0.02748507261276245 -0.0030517082322172677 -0.0013020421157489124 0.9999944958664492 1.3167736530303955
0.9920359557267017 0.1026839880329008 -0.07294286220781919 -0.06377480179071426 -0.09752234910408442 0.9926890441250121 0.0711185847679139 0.022978518158197403 0.0797123200680478 -0.06343863393728584 0.9947972083563265 0.4102605879306793
0.8916944137010429 -0.027262644247103236 -0.45181613605869575 -0.5939885973930359 0.0209537602216808 0.9996006086641086 -0.018962148900278687 0.027398142963647842 0.4521526429281668 0.007441195266885656 0.8919095335885104 7.575375080108643
0.9999997987953734 -0.0003653507095751475 0.0005185827533570865 -0.002041080966591835 0.0003646135806225954 0.9999989241727084 0.001420813275137393 -0.025622468441724777 -0.0005191012905898527 -0.0014206239069486377 0.9999988561801285 1.223262071609497
0.9999994854198831 -0.0002544391152606416 0.0009820492377448082 -0.001878105103969574 0.00025325184734663493 0.9999992372059163 0.00120890491239151 -0.025372516363859177 -0.0009823560813398031 -0.001208655584529435 0.999998787063368 1.2325639724731445
0.9999997263216064 -0.0003953770287056687 -0.0006253268886823832 -0.003347919322550297 0.00039637043457190895 0.9999986585178828 0.0015892932119456792 -0.025245701894164085 0.0006246976797896634 -0.0015895406380810823 0.999998541555621 1.179717779159546
0.9999982385431135 -3.374969597885105e-05 -0.0018766383850476295 -0.005370624363422394 3.64545688096411e-05 0.9999989606277457 0.0014413238680864495 -0.024089006707072258 0.0018765877902794056 -0.001441389741299735 0.9999972004030206 1.148306131362915
0.9999987528800297 -0.00033774184068658937 -0.0015427795804786638 -0.004937257617712021 0.00033958474415265224 0.9999992290107278 0.0011944287970878438 -0.02448304370045662 0.0015423749824316605 -0.0011949512119009589 0.9999980965836958 1.1682623624801636
0.9999998082361106 -0.00031995036479902383 -0.0005302447606331861 -0.0036772387102246284 0.0003206376466818715 0.9999991080329863 0.0012965819416601591 -0.024709578603506088 0.0005298294458071245 -0.0012967517094547778 0.9999990188573998 1.1774604320526123
0.999999918445842 -0.0002728196500967053 0.0002977880919913849 -0.002208612859249115 0.00027238792294125263 0.9999989133059046 0.0014488588023527202 -0.02463151514530182 -0.0002981830455383211 -0.0014487775703124063 0.9999989060646132 1.1922149658203125
0.9999994491088288 0.00013578290646107632 -0.0010408386240727168 -0.004117367789149284 -0.0001341606782475054 0.9999987765550492 0.0015584894344576727 -0.022996235638856888 0.0010410489668890572 -0.001558348936283851 0.9999982438812788 1.1280319690704346
0.9999998961213518 -0.00012051338934755028 0.0004395836764654906 -0.002454712986946106 0.00011990057268163097 0.9999990214105252 0.0013938442683334182 -0.025882739573717117 -0.0004397512231905311 -0.0013937914172082102 0.9999989319816031 1.2405388355255127
0.9999999722111114 3.436371647746022e-05 0.0002332314537209853 -0.0027431854978203773 -3.4694327655626e-05 0.999998994506379 0.0014176679914803811 -0.025172237306833267 -0.00023318250286732804 -0.0014176760438934387 0.9999989679097446 1.2224464416503906
0.9999997557859099 -0.00025265850146170984 0.000651607091937446 -0.0020983200520277023 0.00025172088134038065 0.9999989335102861 0.0014386156151785328 -0.02665894106030464 -0.0006519698754706954 -0.001438451240736859 0.9999987528958771 1.2610399723052979
0.9999998583076576 3.5505584358206395e-05 -0.0005311534792170633 -0.003639388829469681 -3.4718560070113505e-05 0.9999989017347672 0.0014816625395322202 -0.024541709572076797 0.0005312055031639516 -0.0014816438887080097 0.9999987612752831 1.185329556465149
0.999999155201465 7.538474804996769e-06 -0.0012998228831940365 -0.0044246818870306015 -5.567365596584663e-06 0.9999988501865683 0.0015164414085642587 -0.023573391139507294 0.0012998328202955783 -0.0015164328908875767 0.9999980054309742 1.1412757635116577
0.9999991607943078 -9.16222550588249e-05 -0.0012922910053348485 -0.00423671118915081 9.344936720885967e-05 0.999998996125239 0.0014138655275944265 -0.022888308390975 0.0012921601664885362 -0.001413985104847126 0.999998165482431 1.125854730606079
0.9999712003133806 0.003662077044983374 -0.006647385616433163 -0.01077091135084629 -0.003663658902435109 0.9999932632849915 -0.00022580540372820745 -0.02590048313140869 0.006646513918105087 0.00025015265409490754 0.9999778803935546 1.3013780117034912
0.9999807930688569 -0.0015737939923579421 -0.005994719830809049 -0.008090130053460598 0.0015711821335810132 0.9999986687261855 -0.00044037774704378614 -0.02400507964193821 0.0059954049140481785 0.00043095049204473074 0.9999819345376146 1.1024799346923828
0.9999960802529511 -0.0003827367124035743 -0.0027736242252013755 -0.005921089090406895 0.00038629413826691135 0.999999103409416 0.0012821689448226715 -0.022368308156728745 0.002773131005269324 -0.001283235353824684 0.9999953315148298 1.0847744941711426
0.9999932986420003 0.000846802756115156 -0.00356168445873126 -0.008182069286704063 -0.0008426507674269535 0.999998963935521 0.0011670765051118711 -0.022628121078014374 0.003562669052197633 -0.0011640674279719148 0.9999929761434565 1.1182907819747925
0.9999983187785864 -0.0005283020781626187 -0.001755943311944443 -0.004763945005834103 0.0005304881771748168 0.9999990846034026 0.0012447387880758776 -0.02557029202580452 0.0017552841064714002 -0.0012456682025611485 0.9999976836415344 1.183809518814087
0.9999984530886885 -0.00011488241665850757 -0.001755170151390567 -0.005045594647526741 0.00011728243592066479 0.9999990582879632 0.001367358042685287 -0.023554567247629166 0.001755011413129328 -0.0013675617781344742 0.9999975248517982 1.1390728950500488
0.9999998578769621 -0.0002486333023710696 -0.0004716222392557616 -0.0035790391266345978 0.0002491909087713855 0.999999269649923 0.0011826256852912093 -0.0238531231880188 0.00047132785467682005 -0.001182743041187251 0.9999991894841476 1.1651060581207275
0.9999992403345441 -9.317350250828026e-05 0.0012290846322527715 -0.0013281255960464478 9.149149958126925e-05 0.999999059437598 0.0013684857415933573 -0.024873405694961548 -0.0012292109828316543 -0.0013683722512058954 0.99999830829744 1.2239453792572021
0.9999998177899585 -0.00016427753821194837 0.0005808897834514552 -0.0020134039223194122 0.00016348807552117356 0.9999990634068269 0.00135884403756087 -0.024686072021722794 -0.0005811124669473542 -0.0013587488214130549 0.9999989080543745 1.2102305889129639
0.9999997315894792 -9.563549453752596e-05 0.0007264122945145849 -0.0020491834729909897 9.473470935697879e-05 0.9999992267372706 0.0012399799174354828 -0.02411169558763504 -0.0007265303188996519 -0.0012399107681542335 0.9999989673869581 1.198552131652832
0.9999987159872027 -7.312140475120279e-05 0.001600836408315036 -0.0008743815124034882 7.090098245873247e-05 0.9999990355298984 0.0013870516658023848 -0.025418873876333237 -0.0016009362875224486 -0.0013869363839361902 0.999997756702719 1.2492327690124512
0.9999999388362372 -0.00034891976118619876 2.4135488963990376e-05 -0.002646864391863346 0.0003488870636347844 0.9999990390037148 0.0013417412058213795 -0.025052377954125404 -2.4603625790984023e-05 -0.0013417327031955647 0.9999990995736018 1.2064580917358398
0.9999991424026242 -0.0001699406336453355 0.001298581609937843 -0.0014683697372674942 0.00016831631065947886 0.9999992035205022 0.0012508509028786752 -0.02506512776017189 -0.0012987931460392453 -0.001250631257686548 0.9999983745275897 1.2270829677581787
0.9999973983547554 -0.00016534487172431228 0.0022750702832840587 -0.00013098306953907013 0.000162333405540668 0.999999110598328 0.001323801502617337 -0.025808122009038925 -0.0022752871436223835 -0.0013234287386485232 0.9999965357963935 1.2644922733306885
0.9999951912495099 -9.39285344435277e-05 0.00309978310321672 0.0009052939713001251 8.980679074915469e-05 0.9999991117827185 0.0013298001784695665 -0.026310933753848076 -0.0030999052561176644 -0.001329515402219788 0.9999943114719196 1.2997183799743652
0.9999990768230813 -0.00017400221281966142 0.001347618720180759 -0.0009583588689565659 0.0001720235875560359 0.999998907375775 0.0014682149506892567 -0.025928329676389694 -0.0013478727203902142 -0.0014679817730601993 0.99999801413235 1.2596744298934937
0.9999999574038368 -0.00027688798543202647 9.233291968026228e-05 -0.002728668972849846 0.00027676602293881986 0.999999092734099 0.0013183063177378482 -0.02493547648191452 -9.269785909025347e-05 -0.001318280706968091 0.999999126771161 1.2040667533874512
0.999986308157549 -0.000191304208991146 0.005229426367669171 0.0028008222579956055 0.00018735534395326642 0.9999996969806975 0.0007556033933841434 -0.02722565084695816 -0.005229569333161523 -0.0007546132868057328 0.9999860409842614 1.3724324703216553
0.9999927018774816 -0.0004463032795322433 0.00379433856647999 0.0024769138544797897 0.000439457045115757 0.9999982744768972 0.0018049711171602304 -0.029309388250112534 -0.0037951375837901834 -0.0018032904954452809 0.9999911724980922 1.374289631843567
