0.9998310206120095 0.00017210402322502929 -0.018382072847005427 -0.02376389503479004 -0.0001440924640645443 0.9999988265528806 0.0015251656380239826 -0.0121184466406703 0.018382313763757385 -0.0015222591982967462 0.9998298721620713 0.6103613376617432
0.9998022788341909 -6.081970511451768e-05 -0.019884655866334682 -0.025061078369617462 9.260949738420452e-05 0.9999987192400582 0.0015977927664884172 -0.012185339815914631 0.019884533221579095 -0.0015993183570253448 0.9998010039599646 0.611484169960022
0.999723995514168 -0.00018287651877721067 -0.023492538163564516 -0.029175639152526855 0.00022391141932675914 0.9999984539847552 0.0017441019968978235 -0.011693901382386684 0.023492182888440793 -0.001748880864486723 0.9997224908737713 0.5688429474830627
0.9998959085358459 0.000333669664546434 -0.014424311346819084 -0.019142717123031616 -0.0003149610275252211 0.9999991063437332 0.00129927336835152 -0.012742354534566402 0.01442473198455183 -0.001294595029161134 0.9998951200655417 0.6623567938804626
0.9998936582132668 8.364263000083004e-05 -0.01458304730847044 -0.019318336620926857 -6.210936780644886e-05 0.9999989072438531 0.0014770421544211352 -0.014072704128921032 0.014583154916446272 -0.0014759793392703333 0.9998925707683165 0.7186225056648254
0.9998419221995795 0.00010700559650826024 -0.01777974021329453 -0.023026876151561737 -8.112449720504205e-05 0.9999989362078531 0.001456366017891625 -0.012404053471982479 0.017779877138661 -0.0014546934262696697 0.9998408672563698 0.6298736333847046
0.9997633709678095 -0.0002517553514888353 -0.021751751431208135 -0.027063138782978058 0.00028696162785840466 0.9999986539977715 0.001615442870965445 -0.011868804693222046 0.021751315456914447 -0.0016213025282818005 0.9997620975282098 0.5982415080070496
0.9997990503570493 -5.1600121344676136e-05 -0.020046352350734126 -0.025524403899908066 8.347947180228748e-05 0.9999987333418389 0.0015894482991119787 -0.012129946611821651 0.020046244943133215 -0.0015908023589495857 0.9997977882609737 0.6072120070457458
0.9997446056880473 -0.00012044917299002213 -0.022598869211700942 -0.02824513241648674 0.00015954227404207027 0.999998494150752 0.0017280747932652421 -0.011844801716506481 0.02259862703603102 -0.0017312389277772274 0.9997431194401196 0.5722811222076416
0.9998433257321385 1.2547853207614386e-05 -0.017700955664818205 -0.022852789610624313 1.327678932493028e-05 0.9999989358300297 0.0014588223109090685 -0.012320744805037975 0.017700955133080953 -0.0014588287628507785 0.9998422615623012 0.6320760250091553
0.9998793813040993 0.00018870495952014033 -0.015530203906264795 -0.020384157076478004 -0.0001667136588083661 0.9999989817094466 0.0014173166992695885 -0.012551170773804188 0.015530455546695226 -0.0014145566472623908 0.9998783945960649 0.6483504772186279
0.9999185246830727 0.00010465319062151894 -0.012764522840149553 -0.017233842983841896 -9.007227711270053e-05 0.999999342867968 0.0011428694662438158 -0.01479734294116497 0.01276463405710883 -0.001141626620953378 0.999917877030932 0.7563056945800781
0.9998814088624676 8.54744987625269e-05 -0.015400029393374114 -0.020111026242375374 -6.268805970381961e-05 0.999998902667658 0.0014801127277648193 -0.013426425866782665 0.015400139006317311 -0.001478971801550705 0.99988031701849 0.6906569004058838
0.9998258612620722 3.401091425777234e-05 -0.018661350294486706 -0.02382872998714447 -5.425052790333575e-06 0.9999988266714525 0.0015318701927884548 -0.012247273698449135 0.01866138049889745 -0.0015315021960359268 0.9998246883223575 0.6174637675285339
0.9997052953671401 -0.0001050705697606292 -0.024275736344643774 -0.029926039278507233 0.00014744026646261102 0.9999984691141692 0.0017435683771862445 -0.011561061255633831 0.02427551598354016 -0.0017466337605430101 0.9997037804241012 0.5445374846458435
0.9997456595150364 -1.2071824749658596e-07 -0.022552522715444553 -0.028182070702314377 4.0950301431977156e-05 0.9999983611822679 0.001809960179525111 -0.011677319183945656 0.022552485537475197 -0.0018104233659785344 0.9997440211190654 0.5463846325874329
0.9998629748424374 0.00019699903052313017 -0.016552725775949816 -0.021671317517757416 -0.00017432544645778643 0.9999990446947966 0.0013712111920497554 -0.012421092949807644 0.016552980090320225 -0.0013681377403091273 0.9998620540100785 0.6369473934173584
0.999849598172417 -1.806474281358892e-05 -0.017343030534518 -0.021914590150117874 4.4848416152359976e-05 0.9999988070869853 0.001543960241054176 -0.012896229512989521 0.01734298195454649 -0.0015445058340629611 0.9998484062489937 0.6524602174758911
0.9997549122304716 -6.98462099523564e-05 -0.022138441511297655 -0.02801843360066414 0.00010693167252189426 0.9999985931739066 0.0016739820265571155 -0.011814593337476254 0.022138293445060384 -0.001675939054613827 0.999753513217946 0.5781973600387573
0.9999121969785322 1.724150677495469e-05 -0.01325134092441005 -0.01789028011262417 -9.507535506498586e-07 0.9999992443218595 0.0012293717116809248 -0.014481953345239162 0.013251352106882082 -0.0012292511703706976 0.9999114413831353 0.7475639581680298
0.9999078702708871 0.00011686974466815209 -0.013573404576661043 -0.01828540861606598 -9.73007392551809e-05 0.9999989550526768 0.00144236823343922 -0.01439596340060234 0.013573558962375422 -0.0014409146461450734 0.9999068367913471 0.7459372878074646
0.9998946972149995 0.00010742752005966608 -0.014511476170700597 -0.019454993307590485 -8.720260979390338e-05 0.9999990240999374 0.0013943438880300266 -0.013375632464885712 0.01451161179985609 -0.0013929316211413214 0.9998937307856618 0.6854955554008484
0.999884131672286 0.00016220189257226767 -0.015221593888450353 -0.02011842280626297 -0.00014000408626515062 0.999998925326452 0.0014593645182741015 -0.012993314303457737 0.015221814241892857 -0.001457064338803992 0.9998830798321862 0.6667512655258179
0.9999183022150386 0.00014805522055104175 -0.012781509106768094 -0.01725485548377037 -0.00013237155755699894 0.9999992373742397 0.0012278960500878159 -0.014205903746187687 0.012781681155680503 -0.001226103825431969 0.9999175592498833 0.7275780439376831
0.999928561722894 -0.00012168836396989123 -0.011952265171353052 -0.016087038442492485 0.00013906783179563594 0.9999989343576619 0.0014532527923948944 -0.015647277235984802 0.01195207559055851 -0.0014548111501216329 0.9999275130796206 0.791588306427002
0.999924151191357 -4.335190950429e-05 -0.012316248814306189 -0.016766216605901718 5.942332704370456e-05 0.9999991473315001 0.0013045325372931286 -0.014752868562936783 0.012316181758652288 -0.0013051654625355832 0.9999233011636458 0.7627989053726196
0.999988733805999 -8.918644494551442e-05 -0.004745977965893948 -0.00852207001298666 9.543517651536866e-05 0.9999991289555143 0.001316427111314104 -0.01973954401910305 0.004745856424481925 -0.0013168652134357929 0.9999878712828509 0.9827172756195068
0.9999908534318459 -0.00018474745496643489 -0.004273045872234367 -0.007821875624358654 0.00019032545058830026 0.9999991303475635 0.0013050212026669776 -0.020878344774246216 0.0042728010568237424 -0.0013058225355826222 0.9999900189495063 1.0266515016555786
0.999991857041943 -0.00025578042659759275 -0.004027459022716595 -0.007508793845772743 0.00026105653914815496 0.9999991084455807 0.0013095638690634225 -0.02132921852171421 0.004027120471212618 -0.001310604599853795 0.9999910322679366 1.0354421138763428
0.9999827014634224 0.0001621689760532248 -0.0058796662438161135 -0.009829381480813026 -0.0001551558525710246 0.9999992760852775 0.0011932122953850566 -0.019790759310126305 0.005879855489455315 -0.0011922793899296277 0.9999820027226886 0.981956958770752
0.9999986080206327 -0.00018644502427893982 -0.001658069675881547 -0.004772495478391647 0.00018871328713292274 0.9999990465318329 0.00136796298211687 -0.0230049267411232 0.0016578130450734788 -0.0013682739777194546 0.9999976897384462 1.118734359741211
0.9999897775943353 -0.00016112982412524443 -0.00451871043676441 -0.007725940085947514 0.000166555592264482 0.9999992656694955 0.0012003831488783538 -0.02080967277288437 0.004518513701011834 -0.0012011234945679202 0.9999890701084109 0.9952357411384583
0.9999980017426612 -0.0001810688464247683 -0.001990910534730422 -0.005124215967953205 0.000183669645911742 0.9999991300120248 0.0013062314705301805 -0.022482842206954956 0.001990672284836665 -0.0013065945301765141 0.9999971650132754 1.1058766841888428
0.9999980878313471 -0.0002479112021750193 -0.0019398127963387106 -0.004978755488991737 0.00025060661847018544 0.9999990033755625 0.0013894042623574406 -0.02273660898208618 0.0019394664141928857 -0.00138988773550752 0.9999971533370036 1.104538917541504
0.9999935180004181 -0.00023956195177842897 -0.0035925711153025424 -0.0068552205339074135 0.0002446525279448721 0.9999989666936145 0.0014166004531061857 -0.02107551321387291 0.0035922280395064327 -0.0014174702023078214 0.9999925433101677 1.0283321142196655
0.9999724147151432 -8.85205336386414e-05 -0.007427110668425344 -0.011197267100214958 9.97499928941743e-05 0.9999988525593293 0.0015115984797901484 -0.01845785416662693 0.007426968338752418 -0.0015122976361518939 0.9999712761360474 0.9141581058502197
0.9999422778398307 4.767644323416691e-05 -0.010744241036370011 -0.014992781914770603 -3.127450582485718e-05 0.9999988340392787 0.0015267422796041525 -0.016384223476052284 0.010744301298648609 -0.0015263181319128765 0.9999411134374684 0.8359657526016235
0.9999106163609454 7.946284724794901e-05 -0.013369853190288973 -0.017848776653409004 -5.9964620902741694e-05 0.9999989342008777 0.0014587670658920474 -0.014412940479815006 0.013369954858495708 -0.001457834957805084 0.9999095554220477 0.7403357028961182
0.9995835951220621 0.00015789594517534285 -0.028855007047725454 -0.03429046645760536 -0.00010706365154915221 0.9999984398620831 0.0017631820026710067 -0.010887973010540009 0.028855240429223692 -0.001759358482664396 0.9995820525387106 0.48288825154304504
0.9994746300078347 -0.0003047406820671202 -0.03240942924240673 -0.03734005242586136 0.0003775247398021016 0.9999974206680193 0.0022396723820671052 -0.010600424371659756 0.03240866312844009 -0.0022507310867471604 0.9994721670781044 0.47791534662246704
0.9995240731071889 -6.098323087474833e-05 -0.030848396396896197 -0.035526297986507416 0.0001230281098766258 0.9999979736064919 0.002009389706820396 -0.010417119599878788 0.0308482113468296 -0.002012228604122218 0.9995220551807478 0.4854043424129486
0.999885406690849 0.00046054442620998523 -0.015131470037875202 -0.019729677587747574 -0.00043759597869032137 0.9999987492366533 0.0015198798927850068 -0.012492827139794827 0.015132151084200228 -0.001513084254278333 0.9998843576032204 0.6107036471366882
0.9996837775399362 -9.215805020105713e-05 -0.02514630053064312 -0.031175263226032257 0.00013749395966051732 0.9999983684526538 0.0018011628027081522 -0.011412380263209343 0.025146093511611223 -0.0018040506990064755 0.9996821591796969 0.527920663356781
0.9996645807247434 -0.00020168831946120667 -0.025897593831180628 -0.031606536358594894 0.0002511871964483541 0.9999981480428087 0.001908092226637639 -0.011087116785347462 0.025897161030030924 -0.0019139573597150698 0.9996627800502578 0.5137348771095276
0.9996922707192689 0.00018894391478320777 -0.024805809084758997 -0.028947120532393456 -0.00015041377836421226 0.9999987794765415 0.0015551273655510364 -0.011321539990603924 0.02480607264053953 -0.00155091767185557 0.999691078991169 0.5230004191398621
0.9996103655306601 -0.0002737491862580848 -0.02791132718169194 -0.033303745090961456 0.0003369550913613061 0.999997389772887 0.0022598470478297043 -0.011197089217603207 0.02791063569549855 -0.002268371397324956 0.9996078485617634 0.5025815963745117
0.9997352421337954 -7.905333576545642e-05 -0.02300954989242499 -0.028529563918709755 0.0001212713169267464 0.9999983119436606 0.0018334129641780319 -0.01156502217054367 0.02300936611359777 -0.00183571795209111 0.9997335641112841 0.541994571685791
0.9997514119811884 -0.0001612239619124782 -0.02229547596384897 -0.02790556102991104 0.00019957999686024582 0.9999985040869024 0.0017181361362682906 -0.011622541584074497 0.022295165607039463 -0.0017221587592329893 0.9997499486170345 0.5648751854896545
0.9998974900460597 0.00016809576294407637 -0.014317162547267422 -0.018875496461987495 -0.00014926022930433273 0.999999122077187 0.0013166496267423857 -0.013081196695566177 0.014317371301127339 -0.001314377674085 0.9998966373032544 0.6687464714050293
0.9998982498262596 0.00022654556452353947 -0.014263192892560766 -0.018959980458021164 -0.00020433248533113647 0.9999987641809723 0.0015588087643800491 -0.01333738211542368 0.014263528407047102 -0.001555735721664951 0.9998970604235948 0.6817670464515686
0.9996972114712628 0.00048445869675464487 -0.024601842946256967 -0.02942676469683647 -0.0004462615075413195 0.9999986866155262 0.0015580814771410136 -0.011012525297701359 0.02460256546070027 -0.0015466308524214058 0.9996961146797352 0.5193759202957153
0.999540717269205 -0.00020960081269122288 -0.030303639855013487 -0.03519269824028015 0.00026876498280624535 0.9999980659087032 0.0019483183099246373 -0.00984267983585596 0.030303172875906243 -0.0019555680382153965 0.9995388403995618 0.4798142611980438
0.999596638265195 -0.000477645667448126 -0.028395996611096642 -0.03359052911400795 0.0005413077541877059 0.9999973574545283 0.002234294044125561 -0.011203620582818985 0.028394854372514402 -0.002248763788557332 0.9995942553389285 0.49744683504104614
0.9999327384677192 0.00011396115480118918 -0.011597652922176035 -0.01601402461528778 -0.00010167985010310232 0.9999994335268811 0.0010595315592847132 -0.014747263863682747 0.011597767097857455 -0.0010582810459578609 0.9999321836202553 0.7621666789054871
0.99996190809884 -9.238397040139883e-05 -0.00872776125525796 -0.012798868119716644 0.00010565000275057981 0.999998839929164 0.0015195322974352454 -0.017519600689411163 0.008727610750009876 -0.0015203965035617867 0.9999607578325602 0.8724054098129272
0.9999240227672709 2.2919045596085977e-05 -0.012326725746752455 -0.016811128705739975 -6.248242486490509e-06 0.9999990854221236 0.0013524481046322543 -0.01483955793082714 0.012326745469821574 -0.0013522683289963243 0.9999231084020853 0.7738397121429443
0.9999783158397823 -0.0001524189422159533 -0.006583663015280681 -0.010396088473498821 0.0001601466777001522 0.9999992989029781 0.001173263224517946 -0.018011774867773056 0.006583479571954525 -0.0011742921350492025 0.9999776391673503 0.9199967384338379
0.999989221827945 -0.00010525903834878067 -0.004641675179901801 -0.008165460079908371 0.00011177614293093797 0.9999990084191066 0.0014038044369675763 -0.019767891615629196 0.004641522814200315 -0.001404308135070171 0.9999882420231885 0.9799023270606995
0.9999873991249748 -0.00016453005566614267 -0.005017421761123949 -0.008638541214168072 0.00017090455427865752 0.9999991788557385 0.0012700706601688403 -0.01933237351477146 0.005017208676300446 -0.0012709121563968912 0.9999866061099963 0.9697235822677612
0.9999905176721126 -0.0001208792367469736 -0.004353154496476495 -0.007817783392965794 0.00012776942330715313 0.9999987395889118 0.0015825598130551621 -0.020243514329195023 0.004352957711089992 -0.0015831010067436954 0.9999892727176465 0.9812582731246948
0.999959970600923 -0.0001303262622697145 -0.008946519483383061 -0.01302221231162548 0.00014331759174007614 0.9999989363263575 0.0014514841444224732 -0.01727018877863884 0.008946320800702809 -0.0014527082360112165 0.9999589256479048 0.8666715621948242
0.9999744646162819 -5.728898409253417e-05 -0.007146106167161812 -0.011172928847372532 6.674529053466073e-05 0.99999912254213 0.0013230495213796122 -0.017766617238521576 0.007146024100591733 -0.0013234927057347247 0.9999735910045882 0.9009301066398621
0.9999889664024033 5.932145686619672e-05 -0.004697185797691797 -0.008567371405661106 -5.21330413890511e-05 0.9999988274649233 0.0015304740849700815 -0.019881946966052055 0.004697271080029103 -0.0015302123197532926 0.9999877969728718 0.9783328771591187
0.9999871645044537 -9.123313828884016e-06 -0.005066630350440668 -0.008810747414827347 1.620226384583446e-05 0.9999990238794746 0.0013971319138573481 -0.02003864385187626 0.005066612658325877 -0.0013971960718586374 0.9999861885442756 0.9896961450576782
0.9999837833925659 -0.00026902931189426356 -0.005688635611411923 -0.009423745796084404 0.00027588289095164886 0.9999992370951456 0.0012040339519853562 -0.019522404298186302 0.005688307351098599 -0.0012055838238774663 0.9999830947206674 0.9705843329429626
0.9999912611682744 -0.0001667977007545005 -0.004177291659767684 -0.007707417942583561 0.00017253828503885525 0.9999990412959845 0.0013739132620824049 -0.020290140062570572 0.004177058489408245 -0.0013746219984246857 0.9999903312516263 0.9994258284568787
0.9999670203397475 -0.00015097770260504088 -0.008120063951734025 -0.012002281844615936 0.0001630875096633093 0.9999988756038827 0.0014907023292305421 -0.01808103546500206 0.008119829758752712 -0.0014919774473823818 0.9999659206032899 0.8947014808654785
0.9999761572401293 -5.1600812731847066e-05 -0.006905236318893914 -0.01083267293870449 6.0031057032531755e-05 0.9999992532090974 0.0012206463530526539 -0.017711039632558823 0.006905168175782377 -0.001221031778110054 0.9999754135646839 0.9099085330963135
0.9999912116470933 -0.00012001385666140168 -0.004190730873261962 -0.0074852146208286285 0.00012634284439862453 0.9999988519639208 0.0015100027568773302 -0.02030489593744278 0.0041905448408973 -0.0015105189552988502 0.9999900787839956 0.9998196959495544
0.999990853623665 2.1363113586827134e-05 -0.004276939633811882 -0.007965614087879658 -1.538906437727865e-05 0.9999990243103218 0.0013968326961465074 -0.019913282245397568 0.004276965301541577 -0.001396754102089629 0.9999898782716692 0.9916099905967712
0.9999940909182377 -5.479436634372204e-05 -0.0034373138037163764 -0.006847267039120197 5.9426681323857565e-05 0.9999990902642271 0.0013475678788488444 -0.020887352526187897 0.003437236837541019 -0.0013477641841120915 0.9999931844440876 1.039189100265503
0.999996013190263 -0.00011993105646641581 -0.002821208982234701 -0.00612981803715229 0.00012388694295806935 0.9999990094358662 0.0014020625208179158 -0.021639183163642883 0.002821038036806915 -0.0014024064420176607 0.99999503748797 1.0596637725830078
0.9999915617337733 -0.00019721223515623806 -0.004103360645051583 -0.0073982058092951775 0.0002030732580151705 0.9999989598175233 0.0014279793847745727 -0.020786382257938385 0.004103074761801515 -0.0014288006179193594 0.999990561608605 1.0189845561981201
0.9999886538524729 -9.078577627583401e-05 -0.004762764350853329 -0.00836695171892643 9.734174689233318e-05 0.9999990481725533 0.0013762916013045211 -0.019591789692640305 0.004762634869822092 -0.0013767396014989213 0.9999877108730718 0.9737004041671753
0.999286675782233 0.016535427558886276 -0.033951719242759026 -0.05439818650484085 -0.016091954153981958 0.9997821372875938 0.013293869720928365 -0.012206834740936756 0.034164142248861634 -0.012738037372205243 0.9993350558187698 0.6981091499328613
0.9990079252932365 -0.004240629136993961 -0.044330376333003074 -0.056446537375450134 0.00411940315495814 0.9999875231786126 -0.0028255981225959407 -0.02221585437655449 0.04434180554454366 0.0026401802260403806 0.999012929710834 1.4917793273925781
0.9999964738435256 -0.0002537219995857652 -0.0026434684908116513 -0.005747259594500065 0.00025751354528555175 0.9999989385708883 0.001434065504402598 -0.022296693176031113 0.0026431018309899254 -0.0014347411766061546 0.9999954777550082 1.079264521598816
0.9999955825999793 -4.0796826405322585e-05 -0.002972055878816594 -0.006424066610634327 4.4733504922821646e-05 0.9999991218361441 0.0013245096655380877 -0.0210692398250103 0.0029719992330736462 -0.0013246367651253497 0.9999947062649877 1.0470398664474487
0.999998734985348 0.00021543715345395415 -0.001575948773371324 -0.0049769096076488495 -0.00021304048077109574 0.9999988209040792 0.0015207906510769304 -0.022794008255004883 0.001576274549985422 -0.0015204529863701247 0.9999976017877538 1.1169320344924927
0.9999923767385458 -0.00038484532664585406 -0.003885660673416729 -0.007059352472424507 0.00039012995060667526 0.9999989999609368 0.001359365936069238 -0.021803736686706543 0.003885133641976571 -0.0013608714858738896 0.9999915268467944 1.0537481307983398
0.9999948042216551 3.783898853506854e-05 -0.003223367478910793 -0.006707741878926754 -3.354352881975516e-05 0.999999111467399 0.001332643704753965 -0.020448073744773865 0.003223415040733569 -0.0013325286575127373 0.9999939169629242 1.027770757675171
0.9999950669215768 -3.371353788726666e-05 -0.0031408591035045176 -0.006463972851634026 3.794739007737422e-05 0.9999990908058768 0.0013479419182105233 -0.021055247634649277 0.00314081080396295 -0.00134805445611291 0.9999941590112797 1.0516817569732666
0.9999928301132649 -0.0001502645470264077 -0.003783800024939355 -0.007237249054014683 0.00015546779096677643 0.9999990427661495 0.0013748805586814483 -0.021112587302923203 0.003783589807153522 -0.0013754589599749057 0.9999918962475748 1.03438138961792
0.999993537057938 -0.000340700910134765 -0.0035790732381148715 -0.00703028216958046 0.0003452030827793442 0.9999991499232076 0.0012573733309136587 -0.021861478686332703 0.003578641807389553 -0.001258600711697961 0.9999928045976444 1.0579639673233032
0.9999956980835379 -6.629831901265065e-05 -0.002932476589995676 -0.006373707205057144 7.044160746149006e-05 0.9999989994930489 0.0014128166482187622 -0.021813876926898956 0.002932379988663613 -0.0014130171387644077 0.9999947022510509 1.0645334720611572
0.9999969139431625 -0.00013631765722005862 -0.002480629284616588 -0.005771420896053314 0.00013960425116702442 0.9999991127360416 0.0013247783900785632 -0.02193785458803177 0.0024804464929571576 -0.001325120608130856 0.9999960457124666 1.0794684886932373
0.9999959734794686 -0.00026113892135187734 -0.0028257443822281843 -0.0059104543179273605 0.0002652079721656857 0.999998928444087 0.0014397136552778567 -0.022202953696250916 0.0028253653890140886 -0.0014404572681787336 0.999994971183994 1.075687050819397
0.9999956351388997 -0.0001437907526957644 -0.0029511061262302144 -0.006290865130722523 0.00014788544645722072 0.9999990267080355 0.001387340216611566 -0.021585572510957718 0.002950903767248344 -0.0013877705867112418 0.999994683115743 1.0557633638381958
0.9999875786150618 -0.0002719151036107964 -0.0049768140172299965 -0.00824234914034605 0.0002790177199646792 0.9999989436192565 0.0014265025352924996 -0.02053903043270111 0.00497642087223482 -0.001427873435455169 0.9999865981165721 0.9809302687644958
0.9999804554360282 -0.0005170058076189704 -0.006230686234140544 -0.010165288113057613 0.0005199564719223689 0.9999997534498782 0.000471959161191989 -0.019261684268712997 0.0062304406923368 -0.00047518962258793 0.999980477711241 0.8638078570365906
0.9999958395667992 -8.412566089222364e-05 -0.002883361227069425 -0.006217092275619507 8.827683082619055e-05 0.9999989598773108 0.001439601159281935 -0.021846093237400055 0.0028832371206210456 -0.0014398497039087288 0.999994806874784 1.0660829544067383
0.9999999575734906 -0.0002730681839067758 -0.00010142378497304233 -0.003217971883714199 0.0002731367799233389 0.999999733578487 0.0006769337151037965 -0.022654253989458084 0.0001012389088913554 -0.000676961388949897 0.9999997657369533 1.1736507415771484
0.9999749730927171 -0.0002660308047869445 0.007069824314011214 0.006062338128685951 0.0002555230351059988 0.9999988615515562 0.0014871461160727145 -0.029231082648038864 -0.007070211892058818 -0.0014853023944383689 0.9999739026497636 1.4329688549041748
0.9999993510638188 -0.0005445228812023736 0.0010006831530002132 -0.0005856379866600037 0.0005430552533981898 0.9999987775081031 0.0014663128215729876 -0.025233697146177292 -0.0010014803705555146 -0.0014657684437863212 0.9999984242787266 1.2332388162612915
0.9999992881664972 -0.0001737031001741175 -0.0011804633545883716 -0.003993486985564232 0.00017540590120371737 0.9999989441623769 0.0014425348872138684 -0.023474672809243202 0.001180211535428731 -0.0014427409206077563 0.9999982627981747 1.1443994045257568
0.9999987222959363 -0.00014133811698299818 -0.001592303373097141 -0.004683096893131733 0.00014348560665181613 0.9999990802971106 0.0013486351671622109 -0.0228143110871315 0.001592111295096104 -0.0013488619166210395 0.9999978228742074 1.119030237197876
0.9999981252819274 -0.0002099862565214005 -0.0019249255576433808 -0.005109775811433792 0.00021261055862038236 0.999999048209035 0.0013632233032219224 -0.022662516683340073 0.0019246374673583806 -0.0013636300070606724 0.9999972181380421 1.1005433797836304
0.9999988209500758 -0.00011417844723110122 -0.001531359441805003 -0.004631705582141876 0.0001162508152966753 0.9999990775783204 0.0013532657742923659 -0.02270379289984703 0.0015312035154610554 -0.0013534422005080798 0.9999979118028215 1.1161623001098633
0.999999269740848 -0.00010083205249541225 -0.001204305055901047 -0.004229598678648472 0.00010248703281382706 0.9999990504833443 0.0013742375405010401 -0.02294110134243965 0.0012041653452015129 -0.0013743599626032813 0.9999983305588637 1.1273436546325684
0.9999983373675517 -0.0001336717040472625 -0.0018186242073804444 -0.004810440354049206 0.00013622921378089723 0.9999990019690576 0.0014062369964292843 -0.022538214921951294 0.0018184344182416057 -0.0014064824081199583 0.9999973575482598 1.1075875759124756
0.9999979878112717 -3.3854837191564654e-05 -0.0020057984091432905 -0.0051859719678759575 3.65890863906556e-05 0.999999070239221 0.001363151470945357 -0.02196633070707321 0.002005750394959482 -0.0013632221183586064 0.999997059291081 1.0903570652008057
0.9999987558798984 -6.546335102976711e-05 -0.001576056218842429 -0.004699494689702988 6.748091284957582e-05 0.9999991783768819 0.0012801140134030078 -0.022407442331314087 0.0015759711233651866 -0.001280218774499781 0.9999979386753293 1.1168208122253418
0.9999999389426879 0.00011943290618991905 -0.0003284058489846724 -0.003486448898911476 -0.00011893797832362188 0.9999988579013509 0.0015066684277986852 -0.02413761056959629 0.00032858541970179247 -0.0015066292758778128 0.9999988110492168 1.1723685264587402
0.9999998903920223 -0.0002468731060936869 -0.00039783113590632517 -0.003312491811811924 0.00024736206568109055 0.9999992135914738 0.0012294829979787362 -0.024052059277892113 0.00039752729676192754 -0.0012295812715491612 0.9999991650506239 1.1772371530532837
0.9999991347801162 -8.289152738612975e-05 0.0013128472927165697 -0.001229630783200264 8.109978872253434e-05 0.9999990654157631 0.0013647675350899622 -0.02499152347445488 -0.001312959193415695 -0.0013646598826278894 0.9999982069191732 1.2305641174316406
0.9999993079271339 -8.869236957631742e-05 0.001173149145031345 -0.0013338718563318253 8.710121033084677e-05 0.9999990764367044 0.00135629610231295 -0.024820365011692047 -0.0011732683546690158 -0.0013561929809467886 0.9999983920896903 1.2263588905334473
0.9999998963370667 -0.00013381290761436216 0.0004352240361959274 -0.002194410189986229 0.0001332160890974941 0.9999990512641429 0.0013710303744952676 -0.024327360093593597 -0.0004354070848441172 -0.0013709722535262538 0.9999989654273401 1.196303129196167
0.9999997396827887 -0.00017629125884001856 -0.0006996826042592919 -0.003418850712478161 0.00017729843310074358 0.9999989479541003 0.00143967217028886 -0.02358543686568737 0.00069942806654186 -0.0014397958481468184 0.9999987188933269 1.1526130437850952
0.999998959876481 -8.121134707785648e-05 -0.0014400175948950393 -0.004487374797463417 8.317728549463112e-05 0.9999990646397919 0.0013652110022513563 -0.022563517093658447 0.0014399053773353437 -0.0013653293590178922 0.9999980312721851 1.1148707866668701
0.9999987045987433 -0.00013184570393597416 -0.0016041875032908606 -0.004588484764099121 0.00013404567331613292 0.9999990506993167 0.001371361448664191 -0.022626778110861778 0.0016040051723190177 -0.0013715747065948512 0.9999977729726358 1.1153315305709839
0.9999977590000104 -0.00011432087604059215 -0.002113983371430806 -0.005257389508187771 0.00011718306192405915 0.9999990766707577 0.0013538558868120135 -0.022016925737261772 0.002113826645537128 -0.0013541005758653058 0.9999968490693074 1.0879154205322266
0.9999985631342588 -0.0001003828265406878 -0.0016922330530474692 -0.004794582724571228 0.00010265117519795477 0.999999096376911 0.0013404134055087498 -0.022424716502428055 0.0016920969694202326 -0.0013405851892262528 0.9999976698168833 1.108370304107666
0.9999996388254264 -7.97294862064324e-05 -0.0008461632382069258 -0.0039321500808000565 8.080879841158849e-05 0.9999991831836128 0.0012755791018655629 -0.0230631772428751 0.0008460608457805192 -0.0012756470185933645 0.9999988284521782 1.1422383785247803
0.9998254618818728 0.0021597922597756188 -0.01855750710882672 -0.0213545523583889 -0.0021809220196303968 0.9999969963229141 -0.0011184472691560226 -0.011099052615463734 0.018555035754312957 0.0011587245333575275 0.9998271690675403 0.7303640842437744
0.9998030491368571 0.0016606166460481275 -0.019776382100827206 -0.02852681279182434 -0.0016281091128927745 0.9999972972540758 0.0016597425281433857 -0.010489216074347496 0.01977908484636148 -0.0016272175325014666 0.9998030505883357 0.5632571578025818
0.9997677987452741 0.0024299976891989173 -0.021411298495422882 -0.02628764882683754 -0.002442458469702956 0.9999968627141816 -0.000555840281363167 -0.013590722344815731 0.021409880631460477 0.0006080074219098908 0.9997705973563745 0.6746779680252075
0.9997772938335832 0.0014497342886067033 -0.021053764634610526 -0.029567226767539978 -0.0013916641417900044 0.9999951880428906 0.0027725731695261544 -0.00915150810033083 0.021057682819189648 -0.002742655931092785 0.9997745004913507 0.44151344895362854
0.9996743252361735 0.002724489907122131 -0.02537362052107252 -0.03795436769723892 -0.0026787889265734565 0.9999947285314535 0.0018349384707696784 -0.009417122229933739 0.025378486036173837 -0.0017663703039376482 0.999676353817805 0.5468584299087524
0.9999993153601006 0.000492686904409925 0.0010613853892794199 -0.001961255446076393 -0.0004940127542656073 0.9999990976383599 0.0012492693323234937 -0.022897623479366302 -0.0010607689328858423 -0.001249792814943359 0.9999986563926928 1.1889948844909668
0.9999958492977783 -0.00016040508974543617 0.0028767442399744436 0.0006515178829431534 0.00015650862529653384 0.9999990702216249 0.0013546442100295976 -0.02667451836168766 -0.0028769588570659414 -0.0013541883520185375 0.9999949446280426 1.3036689758300781
0.9999974584852139 -0.00015968863072508897 0.0022488936510875893 -4.171393811702728e-05 0.00015658690021698045 0.9999990364591963 0.0013793336150061998 -0.02616320364177227 -0.0022491117480830866 -0.0013789779621236808 0.9999965199520068 1.2787971496582031
0.9999986057747572 -0.00016352639716428165 0.0016618386381300862 -0.000868549570441246 0.0001613747018041714 0.9999991486999185 0.0012948195410710911 -0.0256655290722847 -0.0016620489605812475 -0.001294549557086327 0.9999977808648861 1.2573400735855103
0.9999991215310164 -0.00019322134405297013 0.001311336229719946 -0.0010614637285470963 0.0001913208721311038 0.9999989315574497 0.0014492343781416332 -0.025464441627264023 -0.0013116148516469127 -0.001448982219043055 0.9999980900566808 1.2374136447906494
0.9999998589735368 -8.632270729871347e-05 0.000524024136935662 -0.0021417271345853806 8.561849113807138e-05 0.9999990935213948 0.0013437357858083468 -0.024236831814050674 -0.0005241396568299185 -0.0013436907301501173 0.9999989598858797 1.19828462600708
0.9999993303164484 4.544220595559678e-05 0.001156417598010672 -0.0016660559922456741 -4.690198479619628e-05 0.9999992021579288 0.001262332646378495 -0.02432931214570999 -0.001156359312191959 -0.0012623860392956849 0.999998534606241 1.2148406505584717
0.9999978859036356 -0.00010223651190650982 0.002053712724558938 -0.00036359764635562897 9.947171788398607e-05 0.999999088791926 0.0013462988876302504 -0.025712989270687103 -0.002053848494101577 -0.0013460917550919148 0.9999969848671295 1.2641427516937256
0.9999984354862902 -0.00010326089026091757 0.001765888490446584 -0.0007073674350976944 0.00010086815706911539 0.9999990768870094 0.0013550094996895557 -0.025589611381292343 -0.001766026779819228 -0.0013548292578409956 0.9999975227904794 1.2560373544692993
0.9999977573539829 0.00014490361531151064 0.0021128866383873894 -0.000565970316529274 -0.00014804266875525392 0.999998885552476 0.0014855898404056568 -0.02635257877409458 -0.002112669016347362 -0.0014858993061302424 0.9999966643608763 1.284376859664917
0.9999899298421944 0.0005249164504138927 -0.004456980695827563 -0.008450772613286972 -0.0005195902226375428 0.9999991496798878 0.0011961043021482206 -0.022257599979639053 0.004457604760791847 -0.0011937764535971099 0.9999893522721005 1.0685265064239502
0.9999707359571139 0.0012344646893545903 -0.00755005472287851 -0.013644708320498466 -0.0012294597653557712 0.9999990214327835 0.0006675044275073273 -0.024775439873337746 0.007550871345288221 -0.0006582024051211206 0.9999712751432016 1.1213984489440918
0.9999939937054343 -0.0019429158487341384 -0.002870127359671699 -0.005916477181017399 0.0019477141008524095 0.9999967088452935 0.0016699426226297555 -0.02674480527639389 0.0028668733556505466 -0.001675522779992131 0.9999944868150907 1.1315909624099731
0.9999870735650719 0.000963860240518507 0.004992361785792448 0.002104705199599266 -0.0009676351908907883 0.9999992477448818 0.0007537849877908742 -0.02810337394475937 -0.004991631486883113 -0.0007586060289878709 0.9999872539847655 1.215107798576355
0.9999759115875677 0.0009038831782962459 -0.006881804982197257 -0.011358706280589104 -0.000895898603969648 0.9999989221203068 0.0011632385464356975 -0.021152159199118614 0.006882848996193884 -0.001157045126389492 0.9999756435215166 1.009596586227417
0.9999733978147648 0.0009534470128690251 -0.007231500645621361 -0.0126515356823802 -0.0009489300296132955 0.9999993525539624 0.0006280314121816483 -0.02330225706100464 0.007232094758288856 -0.0006211525170518899 0.9999736551404529 1.039410948753357
0.9999104689592581 -0.000231480370917306 0.013379106192663729 0.011128587648272514 0.00023319093305516987 0.9999999648359857 -0.00012629337314337243 -0.035895124077796936 -0.013379076487763786 0.00012940195222274753 0.9999104877775157 1.5895709991455078
0.999994228242332 -0.0033770586607106503 0.00037276913062360455 -0.0024097077548503876 0.0033770376532436795 0.9999942961692745 5.6970218951176774e-05 -0.04815663769841194 -0.00037295939618289543 -5.5711034742795875e-05 0.9999999288987821 1.797886610031128
0.9999833108349506 -0.0040987740523604 0.0040716216472068915 0.005000453442335129 0.004092322634597691 0.9999903598804368 0.001591553218878318 -0.04046889394521713 -0.004078105813323886 -0.0015748642677575807 0.9999904443821017 1.5162549018859863
0.9999769040231792 0.0002962424301240414 0.006789967646423534 0.004217596724629402 -0.0002995134499760344 0.9999998395945533 0.0004807312766672006 -0.0268669705837965 -0.006789824144274106 -0.0004827538603437838 0.9999768323500298 1.406084656715393
0.9999976367052114 0.0006021336835527553 0.0020890234607231616 -0.0026483023539185524 -0.0005989153201685601 0.9999986334778413 -0.0015408902911577661 -0.04601302742958069 -0.002089948427973278 0.0015396355014249523 0.9999966308133699 2.0268259048461914
0.9999232502541111 -0.004463240262391683 0.011557382385916748 0.015548212453722954 0.004452834384200483 0.9999896573948099 0.0009259424158025532 -0.0456482358276844 -0.011561395555944567 -0.0008744082402780696 0.9999327825124188 1.7232131958007812
0.9999998067792673 0.0002171417354148669 0.0005824868195235589 -0.0019411388784646988 -0.0002179791708421564 0.9999989423028657 0.0014380119022621074 -0.023110440000891685 -0.0005821739510289148 -0.0014381385944023401 0.9999987964147127 1.178867220878601
0.9999908786673238 -0.0001152350702234748 0.004269578788580186 0.0031033139675855637 0.00010760103371811615 0.9999983953917139 0.0017881935059860644 -0.028567496687173843 -0.004269778000182919 -0.0017877177841870153 0.9999892864730867 1.3845784664154053
0.9999998992846079 -0.0001509700591379343 -0.0004226568528432033 -0.003335588611662388 0.00015155075520176866 0.9999990442702646 0.001374223753875307 -0.024008914828300476 0.00042244898225608996 -0.0013742876694350624 0.9999989664345953 1.1686525344848633
0.9999998773980945 -1.8293183662736067e-05 0.0004948425565110621 -0.0023710615932941437 1.7634829644610354e-05 0.9999991148581339 0.0013304029321333987 -0.02442062646150589 -0.0004948664558103811 -0.001330394042559279 0.9999989925789339 1.2035037279129028
0.9999988941812858 -9.824474779592363e-05 0.0014839084118844512 -0.0010903477668762207 9.620098472903908e-05 0.9999990469050226 0.0013772924223555384 -0.025688696652650833 -0.0014840423093254727 -0.001377148145869332 0.999997950538604 1.253089189529419
0.9999985339533185 -6.917170375792686e-05 0.001710937313175247 -0.0009083244949579239 6.690270939373424e-05 0.9999991183689486 0.0013261920499908933 -0.02583073079586029 -0.0017110275397233927 -0.0013260756393895846 0.9999976569513338 1.2649725675582886
0.9999975708867712 -0.00017040409693296283 0.002197540215912962 -0.0002408307045698166 0.00016735622029282246 0.9999990240298161 0.001387058510219279 -0.026671044528484344 -0.002197774431632061 -0.001386687368872626 0.9999966234371437 1.2892661094665527
0.9999998724855987 -0.00029063187862422683 0.00041299140106866404 -0.002035055309534073 0.000290023573121256 0.9999988742227518 0.0014722226584456995 -0.025375572964549065 -0.00041341881096931826 -0.0014721026934743026 0.99999883099859 1.2198766469955444
0.9999997973622501 -0.00015396402690500216 -0.0006177139603984609 -0.0035183588042855263 0.00015477016057724314 0.9999991362596988 0.0013051919603351116 -0.023623384535312653 0.0006175124742439216 -0.0013052872995427916 0.9999989574511613 1.1627066135406494
0.9999998507803063 -0.00022391684041571803 -0.0004982977161040244 -0.0032813027501106262 0.00022460895605841674 0.99999900964507 0.0013893378624704647 -0.023867551237344742 0.0004979861264679903 -0.0013894495772837146 0.9999989107192518 1.161361813545227
0.999999916216764 2.2560186050939924e-05 0.0004087266852250851 -0.002574462443590164 -2.307305033697541e-05 0.9999992124416681 0.0012548241622166512 -0.023757047951221466 -0.0004086980542624178 -0.0012548334876548042 0.9999991291790303 1.184556484222412
0.9999995342591403 -0.00021180482839218675 0.0009416051280312489 -0.0015872810035943985 0.00021049707018813113 0.9999990135417781 0.0013887427602075153 -0.025229167193174362 -0.0009418983415991353 -0.0013885439082925437 0.9999985923856737 1.226382851600647
0.999999939279645 -0.0002003790660579717 -0.000285112146200731 -0.0030078738927841187 0.000200768936367257 0.9999990440554709 0.001368057008422101 -0.024055421352386475 0.000284837743663673 -0.0013681141670155322 0.9999990235650661 1.1764166355133057
0.9999999791679282 -0.0001999269636684695 -4.11503664262672e-05 -0.0027741994708776474 0.00019998462089833104 0.9999989916788962 0.001405932908225885 -0.02423873171210289 4.086924103602112e-05 -0.0014059411083778193 0.9999990108291633 1.178000807762146
0.9999986472237031 -0.00018823969764448438 -0.0016340491362629894 -0.004578466527163982 0.00019054718546167353 0.9999989848491405 0.0014120879782361128 -0.022936861962080002 0.001633781666442534 -0.001412397431460788 0.9999976679427616 1.1196351051330566
0.9999968357473751 -0.00010976041916626629 -0.0025132544415810594 -0.005695289000868797 0.00011336430276011838 0.999998965605952 0.0014338533960042577 -0.021856673061847687 0.002513094461535855 -0.001434133772267314 0.9999958137995134 1.071348786354065
0.9999986598941807 2.5270495449640282e-05 -0.001636939597165466 -0.004842176102101803 -2.3113698568389282e-05 0.999999131718307 0.0013175843005319935 -0.022212766110897064 0.0016369714718488522 -0.0013175446991011814 0.999997792197746 1.1091898679733276
0.9999999081804964 -2.1535600558442738e-05 0.00042798973856892605 -0.0024716388434171677 2.0989463103350252e-05 0.9999991856707021 0.0012760162126553654 -0.02414555661380291 -0.0004280168698198046 -0.001276007112217364 0.9999990943032941 1.1971062421798706
