0.9999993279473924 5.89877225755276e-05 0.001157853709358477 0.000358435558155179 -5.910468094219842e-05 0.999999993154927 0.00010097912028620385 -0.021450813859701157 -0.0011578477449045506 -0.00010104748699699211 0.9999993245887745 1.1825207471847534
0.9999920539844455 -7.967360942284142e-05 -0.003985676866693821 -0.005501904524862766 8.030840183853908e-05 0.9999999841175035 0.0001591086208223763 -0.016709156334400177 0.003985664126633211 -0.0001594274398822094 0.9999920445005355 0.9185913801193237
0.9999916445275494 -0.00010016800960321271 -0.004086666301204492 -0.005040012300014496 0.00010129393936743247 0.9999999569728044 0.000275306969672786 -0.015970595180988312 0.004086638548415519 -0.0002757186238815145 0.9999916116471255 0.9167777299880981
0.9999993018252828 -6.392447730324897e-05 -0.0011799417815983244 -0.002318278420716524 6.409293968845295e-05 0.9999999877594764 0.00014273451642239637 -0.015735706314444542 0.0011799326429258637 -0.0001428100427062096 0.9999992936818755 0.878943681716919
0.9999995728103165 -2.3624426411957206e-05 0.0009240243886901825 -9.899667929857969e-05 2.3568852880422057e-05 0.9999999979130165 6.015377005465727e-05 -0.01805892586708069 -0.0009240258078600731 -6.0131966162712325e-05 0.9999995712801346 1.005974292755127
0.999999986528794 -1.6058183462389236e-05 0.00016335405221444565 -0.0007030238630250096 1.6032919559830006e-05 0.9999999879120061 0.0001546574700063162 -0.018803175538778305 -0.00016335653375785007 -0.00015465484888051466 0.9999999746982599 1.0621082782745361
0.9999999803054761 6.974381858135475e-05 0.0001858086296135645 -0.00031610310543328524 -6.977080302943268e-05 0.9999999870209287 0.00014522457455979336 -0.02151203528046608 -0.0001857984986855594 -0.00014523753571696248 0.9999999721924875 1.210271954536438
0.9999994757028802 -1.6182419752246723e-05 -0.0010238808983641723 -0.0018839150434359908 1.6323586389344612e-05 0.9999999903632707 0.000137865873716059 -0.020062677562236786 0.0010238786574938714 -0.00013788251484167535 0.999999466330311 1.1182249784469604
0.9999746528726742 -6.368706607664127e-05 -0.007119659832614513 -0.008308631367981434 6.601696344076547e-05 0.9999999443518406 0.0003270138774255497 -0.016295626759529114 0.00711963860986413 -0.0003274756068860417 0.9999746014303521 0.9239450693130493
0.9998291636189292 0.00033463959609451773 -0.0184805734059566 -0.02322930283844471 -0.00032455638520368523 0.9999997968462303 0.0005486079204972538 -0.010394543409347534 0.01848075323749138 -0.0005425162102043608 0.9998290691092834 0.6562653183937073
0.9999166541032454 8.564080812682108e-05 -0.012910364542594222 -0.01575278863310814 -7.916066120848035e-05 0.999999870641864 0.0005024438725103644 -0.013226085342466831 0.01291040590223281 -0.0005013800028816068 0.9999165315352738 0.7995362877845764
0.9999792528052005 -6.230719195228229e-05 -0.006441279140576757 -0.007926580496132374 6.466380648520674e-05 0.9999999310579974 0.00036565365116384904 -0.015523789450526237 0.006441255913649842 -0.0003660625825041826 0.9999791878936485 0.8929891586303711
0.9999973785275872 -2.8643654727833967e-05 -0.0022895670975964207 -0.003309668507426977 2.9298868515027603e-05 0.9999999586325579 0.00028614062746647195 -0.016984425485134125 0.0022895588067695493 -0.00028620695908205965 0.9999973379994802 0.9625887870788574
0.9999986899319786 2.2213438326294944e-05 -0.0016185304722342248 -0.0020470977760851383 -2.193710299102078e-05 0.9999999851816355 0.0001707497943013417 -0.02149081602692604 0.0016185342411902752 -0.00017071406473783302 0.999998675600932 1.176520824432373
0.9999961748107937 4.646083835094373e-05 -0.0027655388572867083 -0.002882945816963911 -4.5511221581668885e-05 0.9999999399899132 0.0003434368921221051 -0.020667167380452156 0.00276555464769241 -0.0003433097153592856 0.9999961169154259 1.1651700735092163
0.999993719670462 0.00010969982491527828 -0.003542398281066789 -0.0031167492270469666 -0.00010840106957573918 0.9999999268455683 0.00036682157280140996 -0.0245946254581213 0.0035424382621869676 -0.0003664352692785203 0.9999936584080681 1.3854968547821045
0.9999908446403581 7.331272950487216e-05 -0.004278464760477687 -0.0040201665833592415 -7.190012803978872e-05 0.9999999428600681 0.0003303183797572744 -0.02371734008193016 0.0042784887325485275 -0.00033000773340961933 0.9999907927721441 1.3163055181503296
0.9999999499802515 5.1938583127169025e-05 0.00031199659875919705 -0.00041279755532741547 -5.1960151385041835e-05 0.9999999962611404 6.912207734298052e-05 -0.021759361028671265 -0.0003119930074899256 -6.913828527601477e-05 0.9999999489401289 1.193772792816162
0.9999996992352357 4.7187749885288895e-05 0.0007741464683329766 8.230318780988455e-05 -4.7260202192830734e-05 0.9999999945053868 9.357189573271694e-05 -0.02046620473265648 -0.0007741420486321292 -9.360845390820806e-05 0.9999996959707268 1.153063178062439
0.9999999327725281 -2.8385966901482915e-05 0.000365580601803963 -0.0005090386839583516 2.8353836052981966e-05 0.9999999957352822 8.789479923433344e-05 -0.01925002783536911 -0.00036558309522372674 -8.788442771294059e-05 0.9999999293126615 1.0737030506134033
0.9999982784625586 4.06406574782794e-05 -0.0018551065349679918 -0.002217136789113283 -4.017604885960087e-05 0.9999999678215589 0.00025048506203763637 -0.021021109074354172 0.001855116655151165 -0.0002504100999674349 0.9999982479169539 1.167288064956665
0.9999983381470646 -5.4267930904058715e-06 -0.0018230945283099563 -0.002513501327484846 5.677690962610325e-06 0.9999999905146861 0.0001376168291308929 -0.020776253193616867 0.0018230937641992748 -0.00013762695139928882 0.9999983286925781 1.1309287548065186
0.9999998061130144 5.807612003922887e-05 -0.0006200008855045656 -0.0010539960348978639 -5.7929929371730745e-05 0.9999999705197281 0.00023580641685491888 -0.020641984418034554 0.0006200145619485423 -0.00023577045452761585 0.9999997799970938 1.1619226932525635
0.9999998592733049 8.088348077954412e-05 0.0005243197811087829 0.0001045208191499114 -8.091398654951157e-05 0.9999999950351321 5.8160660505419705e-05 -0.02325458452105522 -0.0005243150742689384 -5.820307712437845e-05 0.9999998608530426 1.2715003490447998
0.9999981045097665 5.5850251209023786e-05 0.0019462419232535646 0.0011447182623669505 -5.5884759506914984e-05 0.9999999982822202 1.76763558541949e-05 -0.021532848477363586 -0.0019462409326814342 -1.7785087610658315e-05 0.9999981059131676 1.1799105405807495
0.9999957682045215 5.605567517998668e-05 0.0029086819712902264 0.00200611911714077 -5.587705529957541e-05 0.9999999965483399 -6.149044445610545e-05 -0.020708568394184113 -0.0029086854081388264 6.132765565776196e-05 0.9999957678851021 1.1304770708084106
0.9999928721116295 8.528021520891294e-05 0.0037747123359457573 0.0028580951038748026 -8.4961374390545e-05 0.9999999928098456 -8.462785292020152e-05 -0.02236505225300789 -0.0037747195258865025 8.430654495432199e-05 0.9999928721670507 1.2293152809143066
0.9999884984946121 4.7520098202749154e-05 0.004795896196885091 0.003586835227906704 -4.7086647284989764e-05 0.999999994796985 -9.049241685442014e-05 -0.01951497420668602 -0.004795900472140506 9.026555338276197e-05 0.9999884955292191 1.0879724025726318
0.9999845216776735 -1.6931135939697834e-05 0.005563822284293285 0.004474653396755457 1.79058193403954e-05 0.9999999845039818 -0.0001751325727585236 -0.014762992970645428 -0.005563819232882796 0.0001752294867967772 0.9999845064850609 0.8159668445587158
0.9999876966301403 3.37139674112791e-05 0.0049603882625372814 0.004120027180761099 -3.4058096585708945e-05 0.999999997019402 6.929099646381448e-05 -0.01751933991909027 -0.004960385911677962 -6.945908533360515e-05 0.9999876947978125 1.0045310258865356
0.9999969170040749 2.3381304397774323e-05 0.0024830295326129896 0.0016099127242341638 -2.3539346916140274e-05 0.9999999976992059 6.361986370925603e-05 -0.019077563658356667 -0.002483028039384651 -6.367811646304665e-05 0.9999969152536686 1.0720536708831787
0.9999976735453108 6.835678983869188e-05 0.0021559757223312 0.001187953632324934 -6.84028937125103e-05 0.9999999974334534 2.1310496472935426e-05 -0.02115475945174694 -0.002155974260080659 -2.145792187321235e-05 0.9999976756545724 1.1688734292984009
0.9999998493642024 4.486890226196623e-05 0.0005470451115394265 -0.0001497011398896575 -4.4930849471157775e-05 0.9999999925803297 0.00011322790863693183 -0.022272326052188873 -0.0005470400270685661 -0.00011325247078231602 0.9999998439605311 1.2360963821411133
0.9999965975240765 -0.00010230225152971108 -0.0026066212842934485 -0.00391414575278759 0.00010270909369647841 0.9999999825657047 0.00015594689092963344 -0.016107231378555298 0.002606605285130782 -0.0001562140840338114 0.9999965905972119 0.9010984897613525
0.9999963423927721 -8.460513259804209e-05 -0.0027033392404760674 -0.003844909369945526 8.517667376349012e-05 0.9999999740473526 0.00021130600621807052 -0.015381382778286934 0.0027033212927445823 -0.00021153549478825296 0.9999963236466035 0.8787130117416382
0.9999853085169308 -5.5247456226364936e-05 -0.005420304236602657 -0.006846738513559103 5.6836928676593196e-05 0.9999999554337485 0.00029309053962267215 -0.01508377492427826 0.005420287802533256 -0.0002933943071332728 0.9999852670914299 0.8661298155784607
0.9999863701417746 -8.239483266205031e-05 -0.005220415861675649 -0.006598518695682287 8.394141739422128e-05 0.9999999526574961 0.0002960385847180932 -0.015201035887002945 0.005220391222478442 -0.00029647275886097063 0.9999863297162552 0.8768242597579956
0.9999851000115578 -5.969605084347827e-05 -0.005458588760470496 -0.007026358041912317 6.113745744158759e-05 0.9999999633106472 0.000263895652176839 -0.014631422236561775 0.005458572806670139 -0.00026422544437270604 0.9999850669724166 0.8348407745361328
0.9999953551222673 -6.550107431521072e-05 -0.003047202569509558 -0.0041667018085718155 6.62126690626577e-05 0.9999999705646421 0.00023342364333096678 -0.017141273245215416 0.003047187190314651 -0.00023362432252198542 0.9999953300240472 0.9536073207855225
0.9999905980896243 -9.165186443729694e-05 -0.004335358380946825 -0.005585952196270227 9.284546432729106e-05 0.9999999578451748 0.0002751170085660986 -0.015893757343292236 0.004335332983203778 -0.00027551694030254547 0.9999905644446553 0.9043416976928711
0.9999779743275788 -2.4233679855501014e-05 -0.006637037926726569 -0.008457190357148647 2.640335949349776e-05 0.9999999462466278 0.00032681738643635397 -0.014318330213427544 0.006637029649975486 -0.00032698542816201015 0.9999779212152412 0.8340956568717957
0.9999945085219878 -7.648513638911492e-05 -0.0033131670486352075 -0.0045815687626600266 7.733532076934706e-05 0.9999999641185234 0.00025648040890912104 -0.016535690054297447 0.003313147312814825 -0.0002567352252890635 0.9999944785557107 0.9312425851821899
0.9999920013529224 -9.405249296990084e-05 -0.003998547774558028 -0.005130337085574865 9.493903838823849e-05 0.9999999709560462 0.00022152761854392822 -0.016508707776665688 0.003998526823199605 -0.0002219054649033555 0.9999919812384541 0.9208142757415771
0.9999930920089639 -6.865067069493301e-05 -0.00371634517190303 -0.004966781474649906 6.96760438353736e-05 0.9999999595452506 0.0002757802488177402 -0.016145184636116028 0.0037163260890601727 -0.0002760372839593584 0.9999930563378013 0.9133106470108032
0.9999991832021274 1.603774817635033e-05 -0.0012780210752109022 -0.0020403177477419376 -1.5798483446184764e-05 0.9999999823486247 0.00018722488688649667 -0.020147886127233505 0.0012780240553176608 -0.00018720454316680676 0.9999991658041386 1.1116853952407837
0.9999990126768918 3.6872608743741946e-06 0.0014052158715306643 0.00034024688648059964 -3.7044993239897043e-06 0.9999999999179249 1.2264871703720423e-05 -0.018724888563156128 -0.0014052158261915494 -1.2270065215575317e-05 0.9999990126084762 1.0176639556884766
0.9999941303272175 -3.640031667422374e-05 0.0034260744487875994 0.002042788080871105 3.675759281846493e-05 0.9999999938936834 -0.00010421857925395871 -0.014322521165013313 -0.0034260706342776164 0.00010434390177455492 0.999994125558925 0.7914550304412842
0.9999999501342294 -3.398504965790675e-05 -0.00031396903546821375 -0.0023547159507870674 3.399575605064511e-05 0.9999999988409138 3.4094881010894124e-05 -0.011651085689663887 0.0003139678763880723 -3.410555292546384e-05 0.9999999501304907 0.6748118996620178
0.9999978012681059 -3.8069944723491396e-05 0.002096666314106558 0.0007469174452126026 3.811920288874846e-05 0.9999999989984272 -2.3453607829180916e-05 -0.014078199863433838 -0.0020966654191290407 2.3533479509602787e-05 0.9999978017177314 0.7886410355567932
0.9999930124664625 -2.871117407976602e-05 0.0037382073133752523 0.0026866025291383266 2.8483116876298744e-05 0.9999999977301742 6.106032809246197e-05 -0.015138841234147549 -0.0037382090580038822 -6.095342563555692e-05 0.9999930110144364 0.8698373436927795
0.9999995282427375 -3.750464434466063e-05 0.0009706223281167265 -0.00041483365930616856 3.751803699961906e-05 0.9999999992012568 -1.3779804071204651e-05 -0.01593651995062828 -0.0009706218105347978 1.3816213414900948e-05 0.9999995288510954 0.8799667358398438
0.9999995249309136 -2.9886972992546618e-05 0.0009742919049903044 -0.00023918331135064363 2.9807746232543905e-05 0.9999999962483271 8.133169146687029e-05 -0.014826875180006027 -0.0009742943320931463 -8.130261138283755e-05 0.9999995220701058 0.8357328772544861
0.9999999576350657 -1.3388173865120617e-05 0.0002907758991991052 -0.0007991889724507928 1.33539948224745e-05 0.9999999930023161 0.00011754589976392005 -0.01699538342654705 -0.00029077747088929054 -0.00011754201176424334 0.9999999508161677 0.9440613389015198
0.9999999875435587 -3.6625329243913074e-05 0.0001535300210071037 -0.0009959457674995065 3.6622346689718935e-05 0.999999999140653 1.942928741118886e-05 -0.016446994617581367 -0.00015353073247921658 -1.9423664539512486e-05 0.9999999880255174 0.9060386419296265
0.9999993281230335 -2.5431493277182753e-05 0.001158924812450415 -0.00036616413854062557 2.5316827708226828e-05 0.9999999947833943 9.895589847694248e-05 -0.014852242544293404 -0.001158927323001028 -9.892649169094998e-05 0.999999323550276 0.8328014016151428
0.9999908611328695 -4.80756455633169e-05 0.00427496660502206 0.002769610844552517 4.8767388240809804e-05 0.9999999857360797 -0.00016170832393089135 -0.013929244130849838 -0.004274958769812211 0.0001619153250561487 0.9999908492136034 0.7699833512306213
0.9999898846527767 4.5701122179680654e-05 0.004497610869473711 0.003413901198655367 -4.509631261559979e-05 0.9999999899279671 -0.00013457484122210843 -0.019525472074747086 -0.004497616974394889 0.0001343706542850689 0.9999898766417981 1.0685222148895264
0.9999986349091519 4.13779958617466e-05 0.001651807402253391 0.000777128036133945 -4.1666929628474207e-05 0.9999999838394227 0.00017488573781756353 -0.0197688527405262 -0.0016518001391378938 -0.00017495432482543286 0.9999986204726906 1.1425962448120117
0.9999894166484959 -8.449263825691411e-05 -0.004599940433823682 -0.00555576803162694 8.596754108877674e-05 0.999999944964398 0.0003204384227287268 -0.01647123508155346 0.0045999131059754565 -0.00032083047698451436 0.9999893688771008 0.9521043300628662
0.999966194095746 3.5461268129217313e-05 -0.00822249403570716 -0.010071528144180775 -3.301859441519177e-05 0.9999999552886836 0.00029720767705449533 -0.014345474541187286 0.008222504207429752 -0.00029692613448457493 0.9999661505568224 0.815235435962677
0.9999930639777227 -4.275573121009621e-06 -0.0037245104598699922 -0.005495021119713783 4.83625046264634e-06 0.9999999886589361 0.0001505281974170881 -0.01407519169151783 0.003724509774035767 -0.00015054516601559212 0.9999930526574152 0.793282151222229
0.9996512047972073 0.0006995536403974627 -0.026400366895110012 -0.03346887603402138 -0.0006826271988616485 0.9999995556617234 0.0006501511080436305 -0.006590274162590504 0.026400809979990923 -0.0006319027299535257 0.9996512381482556 0.46096155047416687
0.9996898943231308 0.0006856407468107233 -0.02489267131052527 -0.03129412233829498 -0.0006704745317583813 0.9999995845136519 0.0006176053965717272 -0.006080536171793938 0.02489308442338551 -0.0006007239714910455 0.999689938670286 0.44647377729415894
0.999997615212138 0.0001471762403481933 -0.0021789697544232316 -0.004268525633960962 -0.0001470393101687307 0.9999999872051087 6.300177120039279e-05 -0.007598185446113348 0.0021789789989073716 -6.268122674496465e-05 0.9999976240579703 0.4764713943004608
0.9993866567281509 0.0007886617944422925 -0.035009832423240496 -0.04316345229744911 -0.000755303283829228 0.999999248133844 0.000966047978277197 -0.007159588858485222 0.03501056798566444 -0.0009390124178538527 0.99938650100199 0.5233794450759888
0.998840493526829 0.001104147036905971 -0.04812950602698246 -0.05884711071848869 -0.001040483239015848 0.9999985504223522 0.0013477936872603007 -0.005763948895037174 0.04813092442193248 -0.001296152967432236 0.9988401944764613 0.48814404010772705
0.9999451707778575 -4.093115871215455e-05 -0.010471569255911702 -0.011927508749067783 4.572335344947323e-05 0.9999998943474631 0.0004573996474494069 -0.01691422238945961 0.010471549427666281 -0.0004578533638447877 0.9999450670026234 0.9649690389633179
0.9986134859513324 0.0011517857572814305 -0.05262869051854969 -0.06321805715560913 -0.0010724828881007622 0.9999982466938692 0.0015350536284096108 -0.005827563349157572 0.05263036629724981 -0.0014764818849840676 0.9986129703467007 0.5200143456459045
0.9999494171216462 2.6228906351894754e-05 -0.01005795755234628 -0.012543907389044762 -2.1099847209964973e-05 0.9999998696987563 0.0005100561409785069 -0.01400873064994812 0.010057969619996658 -0.0005098181195031754 0.9999492873804193 0.8514522314071655
0.9999617880186407 -2.025116723707271e-06 -0.00874199625153265 -0.010023592039942741 5.318054204508164e-06 0.9999999290505945 0.0003766570376321434 -0.015267468057572842 0.00874199486851875 -0.0003766891352303639 0.9999617170827161 0.8846743106842041
0.9998798950227494 0.00032878271322687275 -0.01549475495847333 -0.01999683864414692 -0.00032211506733573236 0.9999998544586617 0.0004328100496246522 -0.01009807363152504 0.01549489500380838 -0.0004277669729466889 0.9998798554047571 0.6253632307052612
0.9999262116947167 0.00011646778344078594 -0.012147328970109394 -0.015007802285254002 -0.00011117896263822949 0.9999998987437132 0.0004360639882011594 -0.012816857546567917 0.012147378527522113 -0.0004346812843447529 0.9999261233946688 0.7653669118881226
0.999935845733158 0.0001679745374579901 -0.01132590846107718 -0.01448316965252161 -0.00016387185929259905 0.9999999206284551 0.00036316538546262095 -0.011980058625340462 0.011325968564659972 -0.00036128608917587973 0.9999357938930049 0.7161788940429688
0.999984493006597 -5.3888687501365736e-05 -0.005568737949358446 -0.00726828770712018 5.580107767130627e-05 0.9999999395292111 0.0003432605626394885 -0.01524321734905243 0.005568719114751277 -0.00034356598127905145 0.9999844355437926 0.8743318319320679
0.9999887525947936 -6.752822761200884e-05 -0.004742375338045387 -0.005620044656097889 6.901074224654535e-05 0.9999999488071307 0.00031244720084288305 -0.017263803631067276 0.00474235399626389 -0.0003127709614646999 0.9999887060626733 0.9683018922805786
0.9999654478668417 -4.2130079567106055e-05 -0.008312719021065633 -0.009946406818926334 4.508718723042181e-05 0.9999999357771553 0.00035554582117386586 -0.015508824959397316 0.008312703508025434 -0.0003559083334262054 0.9999653855457428 0.8800858855247498
0.9998836719321512 0.00011427632482551253 -0.015252198018646584 -0.0178512092679739 -0.00010480840869851851 0.99999980134204 0.0006215553701296538 -0.013951334170997143 0.015252266017739413 -0.0006198845071908964 0.9998834852744204 0.8435006141662598
0.9999870474361952 -6.101283544802069e-05 -0.005089325817299793 -0.006006838753819466 6.289877281522663e-05 0.9999999294208283 0.0003704079952329284 -0.01792030967772007 0.005089302858457331 -0.0003707233098481014 0.99998698069557 1.0054099559783936
0.999997249280635 -2.6858403830267538e-05 -0.0023453592027137117 -0.003130873665213585 2.7311992794323446e-05 0.9999999809316887 0.0001933666911439819 -0.018605807796120644 0.0023453539644709945 -0.00019343021568012464 0.9999972309459327 1.0259124040603638
0.9999996605176897 -1.6882910778412167e-06 -0.0008239912954082783 -0.0016340777510777116 1.790554483548144e-06 0.999999992297165 0.0001241066640143479 -0.02052803710103035 0.0008239910795330357 -0.00012410809728363929 0.9999996528178803 1.11611008644104
0.9999898785169086 -0.00010016234565419779 -0.004498091955762141 -0.005594020243734121 0.00010121596439651257 0.9999999674973732 0.00023400978737962412 -0.016519591212272644 0.004498068370593129 -0.00023446269756876467 0.9999898561526394 0.9187873601913452
0.999958707853631 -1.9443171284470473e-05 -0.009087475428273697 -0.01088402047753334 2.3180125552292184e-05 0.9999999152235068 0.00041111514286846774 -0.01502024382352829 0.009087466664487258 -0.00041130881586319475 0.9999586235313337 0.8681423664093018
0.9999817619150739 -6.376035993363578e-05 -0.006039186355835837 -0.00683895917609334 6.616084239425433e-05 0.9999999188934959 0.00039728546919529583 -0.017334599047899246 0.0060391605349540325 -0.00039767778112584677 0.9999816850284884 0.9840202927589417
0.9999817077639509 -0.00011471958510503678 -0.006047394224693398 -0.007084460463374853 0.00011660980995524286 0.9999999444614045 0.0003122168155817704 -0.01615120656788349 0.00604735807144607 -0.0003129162899293473 0.9999816656038004 0.9134986996650696
0.9999780338333083 -7.59898569161461e-05 -0.006627675038224962 -0.007540487218648195 7.855359942848831e-05 0.999999922198664 0.00038656435148357824 -0.016586415469646454 0.006627645147613231 -0.00038707648787669144 0.9999779620029582 0.948043167591095
0.9999737987875945 -0.00010533522188671437 -0.0072381380753573565 -0.008052254095673561 0.00010817489106625393 0.999999917344524 0.00039193001615054804 -0.017112817615270615 0.007238096193050395 -0.00039270273190677123 0.9999737275289107 0.9691334962844849
0.9999497129515018 -7.358496068312506e-05 -0.010028267719944892 -0.01085665449500084 7.877162753631143e-05 0.999999863350874 0.0005168106656691057 -0.01694737933576107 0.010028228320098358 -0.0005175746197557667 0.9999495821056545 0.9812244176864624
0.9999652653040088 -1.1030251528098323e-05 -0.008334750375199412 -0.008558950386941433 1.5781718624721352e-05 0.9999998374177274 0.0005700135580406122 -0.019579488784074783 0.008334742732723832 -0.0005701252954781914 0.9999651029014597 1.1139731407165527
0.9999799003622317 -5.6550987359304104e-05 -0.006340005798656842 -0.006854643579572439 5.899231789609819e-05 0.9999999241931776 0.00038488120942111354 -0.021601147949695587 0.006339983552628741 -0.00038524748508575777 0.9999798278930069 1.1746814250946045
0.9999676714288597 -4.893567501655087e-05 -0.008040752604315549 -0.008348973467946053 5.2887865332996465e-05 0.9999998779096282 0.0004913080524058421 -0.019329650327563286 0.008040727580125888 -0.0004917174273594312 0.9999675519305383 1.0855106115341187
0.9999713670161597 -0.0001175368973273846 -0.007566461055908601 -0.008310675621032715 0.00012032113628614749 0.9999999252270597 0.00036751693739570036 -0.018161069601774216 0.007566417293341524 -0.0003684168194810827 0.9999713063875334 1.0094683170318604
0.9999093494330995 5.697869989126468e-05 -0.013464385233037023 -0.015483000315725803 -4.9325029763912695e-05 0.9999998370341132 0.0005687695391311041 -0.014918938279151917 0.013464415446550419 -0.0005680538486475739 0.9999091892924616 0.8742193579673767
0.9999571200002607 3.015852382993171e-05 -0.00926052111099825 -0.011212043464183807 -2.6175562799397136e-05 0.9999999071118972 0.00043022207816802404 -0.01392541453242302 0.009260533225668811 -0.0004299612308935284 0.9999570279055575 0.8211715817451477
0.9999997272343528 3.969607995247545e-06 -0.000738590185477537 -0.0018455727258697152 -3.849139335933236e-06 0.9999999866905509 0.00016310757814376508 -0.01936263218522072 0.0007385908231204548 -0.0001631046907170849 0.999999713940187 1.0598313808441162
0.9999999034978084 1.7451344765337396e-05 -0.0004389758817305145 -0.0014590228674933314 -1.7418099350198327e-05 0.9999999969802021 7.573774484654406e-05 -0.020754873752593994 0.000438977202130393 -7.573009141216535e-05 0.9999999007819799 1.1139410734176636
0.9999957150803696 -4.636876096531379e-05 -0.002927058393362921 -0.004085011314600706 4.704429448294758e-05 0.9999999722773755 0.00023072078903786774 -0.01796048693358898 0.002927047613980064 -0.0002308575018148558 0.9999956895392496 0.9882795810699463
0.9999857083311505 -4.771119255067576e-05 -0.00534610672259419 -0.006203489378094673 4.956371476933346e-05 0.9999999387800693 0.00034638605015288164 -0.017892993986606598 0.005346089868814372 -0.0003466460726268839 0.9999856494768387 0.9957184791564941
0.9999892137080619 -1.9482809999462635e-05 -0.00464457618646772 -0.005366240628063679 2.099632444596384e-05 0.9999999467007165 0.0003258185357891182 -0.02013080194592476 0.004644569591054511 -0.0003259125404437975 0.9999891608184208 1.0947539806365967
0.9999887914882633 -1.898862561690917e-05 -0.00473461057268799 -0.005506081040948629 2.0571571760748017e-05 0.9999999439146551 0.00033428654961592346 -0.018983324989676476 0.004734603959503584 -0.00033438020114236384 0.9999887357941727 1.042783498764038
0.9999951574169031 5.896985218407132e-08 -0.003112096197120914 -0.004007361363619566 5.918921755181293e-07 0.9999999781303668 0.00020913850951253854 -0.020521335303783417 0.003112096141393378 -0.00020913933876731596 0.9999951355473407 1.106838345527649
0.9999958377240279 4.561604420589033e-07 -0.0028852269254458175 -0.003794077318161726 2.0437992939544187e-07 0.9999999737935615 0.00022893849457344522 -0.02056276984512806 0.002885226954266981 -0.00022893813135072553 0.9999958115176054 1.1076898574829102
0.9999945972511285 -2.5597225511727733e-05 -0.003287067589122699 -0.004292030818760395 2.6343583396567744e-05 0.9999999738849245 0.00022701578392161415 -0.019063705578446388 0.0032870616923064647 -0.00022710115055150795 0.9999945718105165 1.0378968715667725
0.9999922169931605 -3.0322964900924072e-05 -0.003945254569899613 -0.004917925223708153 3.140107454341944e-05 0.9999999621862834 0.00027320579071501023 -0.01849651336669922 0.003945246136305273 -0.0002733275495853148 0.999992180131912 1.018033742904663
0.9999895616459782 -3.589683289652279e-05 -0.004568950700298778 -0.00543523533269763 3.744859880733086e-05 0.9999999416524493 0.0003395477879564174 -0.018300620838999748 0.004568938245021491 -0.0003397153444381453 0.9999895046433227 1.012113094329834
0.999984129558033 -4.780696438323933e-05 -0.0056336796640552335 -0.006443197838962078 4.992757598345207e-05 0.9999999279615198 0.0003762767494541392 -0.01838422194123268 0.005633661269564353 -0.00037655205374531706 0.999984059907582 1.0199373960494995
0.9999772223245159 -2.18606474280303e-05 -0.0067493965847097576 -0.007340375799685717 2.4973674423596376e-05 0.9999998933601135 0.00046114648109171844 -0.018171895295381546 0.006749385783994236 -0.0004613045344796838 0.9999771162329991 1.025904893875122
0.9999985960329469 5.311955549882616e-05 -0.0016748463953002277 -0.00231503089889884 -5.283321103991064e-05 0.9999999839818807 0.00017101137449468208 -0.022785652428865433 0.0016748554525205365 -0.00017092264688728427 0.9999985828213268 1.2315514087677002
0.9999991476135774 3.4065948856585155e-05 -0.0013052247428887891 -0.0021647047251462936 -3.390738073489133e-05 0.9999999920429075 0.00012150915287421129 -0.02170281857252121 0.0013052288718275829 -0.00012146479254915743 0.9999991408115789 1.1715776920318604
0.9999998955781177 5.1083480545498534e-05 -0.00045413019274558253 -0.0013578139478340745 -5.103627721277027e-05 0.999999993294508 0.00010395327209388034 -0.021960191428661346 0.00045413549999536866 -0.00010393008412447632 0.9999998914797369 1.1893274784088135
0.9999999518181101 5.456235367497358e-05 0.00030559241976631083 -0.0005371506558731198 -5.458823924649185e-05 0.9999999949231444 8.469849605143935e-05 -0.022282205522060394 -0.0003055877968655649 -8.471517372262787e-05 0.9999999497197176 1.2109549045562744
0.9999999738630282 3.0757742840813794e-05 -0.00022655662466485114 -0.0012023920426145196 -3.07521579512484e-05 0.999999999223227 2.4654628617284147e-05 -0.021342679858207703 0.0002265573828095949 -2.464766086778022e-05 0.9999999740321222 1.1553664207458496
0.9999999360430053 3.417783099733769e-05 -0.0003560138494031606 -0.0013842064654454589 -3.414308713148059e-05 0.9999999946545421 9.759695278270909e-05 -0.021256159991025925 0.0003560171831522617 -9.758479112882111e-05 0.9999999318644845 1.1536903381347656
0.9999982457441695 9.448481565362403e-05 -0.0018707167618756768 -0.002445294987410307 -9.394424204770633e-05 0.9999999538117675 0.00028905179826542167 -0.023552563041448593 0.0018707439864764498 -0.0002888755481263389 0.9999982084323225 1.3020875453948975
0.9999995912177673 0.00010344488857749877 0.0008982557839887732 0.0005204661283642054 -0.00010343623611878051 0.9999999946036314 -9.678961763485034e-06 -0.02533700317144394 -0.000898256780380575 9.58604560952971e-06 0.9999995965213508 1.3656351566314697
0.9999963679487703 0.00012295524230884373 0.0026923913675443566 0.002059533493593335 -0.00012295664570182146 0.9999999924407684 3.557200488000035e-07 -0.02423994615674019 -0.002692391303454302 -6.867661682763568e-07 0.9999963755077304 1.3323262929916382
0.9999929948809048 0.00017450335585237554 0.003738948742303865 0.0034176395274698734 -0.00017443725784247737 0.9999999846237434 -1.800433359622038e-05 -0.02670767903327942 -0.003738951826629462 1.7351995507898244e-05 0.9999930099446428 1.4765706062316895
0.9999921199536234 0.00015868799564531746 0.003966717632846205 0.0035490626469254494 -0.0001584875246627067 0.9999999861478619 -5.0852541611957276e-05 -0.02607734501361847 -0.003966725647586585 5.022346563290529e-05 0.9999921312516618 1.440807819366455
0.999994132306909 0.0001953236554966892 0.0034201170187016746 0.003412970807403326 -0.000195246259115127 0.9999999806757851 -2.2963615508502968e-05 -0.02843766286969185 -0.003420121437947923 2.229571571141742e-05 0.9999941511190207 1.56782865524292
0.9999976120225165 0.00016271044558250296 0.0021793289278142533 0.002177146263420582 -0.00016273466082128787 0.9999999866989387 1.0934006334050311e-05 -0.027715623378753662 -0.0021793271197498233 -1.1288632577775253e-05 0.9999976252001161 1.5184764862060547
0.999999944617651 0.00012122257856433068 0.00030995125596803197 8.187850471585989e-05 -0.00012125539750237186 0.9999999870445905 0.00010586759204471072 -0.026073604822158813 -0.00030993841840999247 -0.00010590516944426358 0.9999999463611343 1.415692925453186
0.9999983820637143 0.00016099618084941105 -0.0017916333840950849 -0.001639396301470697 -0.0001605323655273612 0.9999999535691864 0.0002590192737672122 -0.02823586016893387 0.0017916750020219327 -0.00025873123954522393 0.9999983614780737 1.535590648651123
0.9999998803034327 0.00016192583603689978 0.00046170677253685836 0.00042274611769244075 -0.0001619776092376438 0.9999999805985129 0.00011209918775481426 -0.027192527428269386 -0.0004616886118243641 -0.00011217396049611064 0.9999998871303077 1.4835219383239746
0.9999960288696204 0.00021001192904102447 0.002810362962173767 0.0027464553713798523 -0.0002103231673046146 0.9999999717823088 0.00011045155842878335 -0.028075627982616425 -0.002810339686726962 -0.00011104220425072416 0.9999960448224153 1.5627081394195557
0.9999993016950708 0.00013495601574752827 0.0011740512104280393 0.0011617023264989257 -0.00013491884870625505 0.999999990394858 -3.173623021522495e-05 -0.027664881199598312 -0.0011740554821462953 3.157780641602581e-05 0.9999993102980457 1.497937560081482
0.9999999451099614 0.00012742152652782556 0.0003058493569013849 -0.000154371140524745 -0.00012747266372263358 0.9999999779001724 0.0001671836564915374 -0.02455427125096321 -0.00030582804734544615 -0.0001672226347470421 0.9999999392528962 1.3561365604400635
0.9999948135447325 0.00020507127656587903 0.003214160762508624 0.0033419160172343254 -0.00020500766395171096 0.9999999787835051 -2.012081259509962e-05 -0.029183465987443924 -0.0032141648205161228 1.9461780649918005e-05 0.999994834369531 1.606192708015442
0.9999985877258818 0.00015602323887585975 0.001673380707089773 0.0016481495695188642 -0.00015611396363033749 0.9999999863515694 5.408596373575625e-05 -0.027390316128730774 -0.0016733722455835125 -5.434712544639583e-05 0.9999985984348767 1.501617431640625
0.9999990465395089 0.00015018437990862296 0.001372721648687091 0.0012672285083681345 -0.00015023368991811734 0.9999999880734435 3.5818302156233805e-05 -0.027056947350502014 -0.0013727162529657503 -3.6024497043410586e-05 0.9999990571757176 1.468269944190979
0.999998651637231 0.00012696854026915722 0.0016372546257720708 0.0012820132542401552 -0.00012699368644844802 0.9999999918199474 1.5254795404626707e-05 -0.02560422383248806 -0.0016372526755001372 -1.5462695836210106e-05 0.9999986595813924 1.3937458992004395
0.9999992943742397 0.000134590719183763 0.0011803119759912946 0.0008780237985774875 -0.00013469453808390204 0.9999999870672596 8.787981393046959e-05 -0.025798428803682327 -0.0011803001329192676 -8.803873349661013e-05 0.9999992995701433 1.4146811962127686
0.9999999891903515 0.00013578143083391983 5.6415424825619535e-05 0.00013682444114238024 -0.00013578252962098095 0.9999999905919469 1.9473339818010287e-05 -0.02778642252087593 -5.641278017691661e-05 -1.948099983660279e-05 0.9999999982190445 1.4938344955444336
0.9999990691894001 0.0001018876187096859 0.0013606025307292572 0.000949158042203635 -0.00010190407498663431 0.9999999947354732 1.2025525144799402e-05 -0.024571005254983902 -0.0013606012983142079 -1.2164164893631566e-05 0.9999990743076417 1.3354884386062622
0.9999931490656283 8.748552576677503e-05 0.0037005632126239836 0.002769940532743931 -8.711169439989139e-05 0.9999999910869598 -0.00010118118840549869 -0.02261248603463173 -0.003700572031530181 0.00010085813288813171 0.9999931477736617 1.2316291332244873
0.9999980337536319 9.639055055250099e-05 0.001980706371926426 0.0012767412699759007 -9.652513355641577e-05 0.9999999930395368 6.785149204810235e-05 -0.02347264066338539 -0.001980699817897118 -6.804254658243878e-05 0.9999980360972932 1.2930808067321777
0.999999786608284 8.235356526020873e-05 0.0006480750548938217 7.512629963457584e-05 -8.238403935961185e-05 0.9999999955021264 4.6995929742273275e-05 -0.023823942989110947 -0.000648071181696495 -4.704931075456153e-05 0.9999997888950306 1.2899261713027954
0.9999997243711157 0.00011388634912431754 0.0007336808518821916 0.0002754261950030923 -0.0001139795012587799 0.9999999854493704 0.00012692490924190656 -0.024624284356832504 -0.0007336663861921467 -0.00012700849883531609 0.9999997228011992 1.3508238792419434
0.9999985006421881 0.0003624340707158318 -0.001693326583981098 -0.00023385323584079742 -0.00036156138707702396 0.9999998016922391 0.0005156441075626565 -0.03539961948990822 0.0016935131351742396 -0.000515031092919157 0.99999843337689 1.9867322444915771
0.9999978969352623 9.563718636707896e-05 0.0020486528698927886 0.0013828723458573222 -9.562772848139771e-05 0.9999999954165552 -4.71459014805987e-06 -0.023636147379875183 -0.0020486533113930373 4.518672212576833e-06 0.9999979014973939 1.288748025894165
0.9999980607740434 0.00015397411721956682 0.00196334921089797 0.0017869450384750962 -0.00015410251175716896 0.9999999859977816 6.52445592865143e-05 -0.026495322585105896 -0.001963339137433306 -6.554698980742724e-05 0.9999980704996504 1.4579800367355347
0.9999992793877842 0.00033176260096530393 0.0011537579855050218 0.0019236719235777855 -0.00033220808502909543 0.9999998703419268 0.0003859454858654086 -0.03350205719470978 -0.001153629793632763 -0.0003863284954793285 0.9999992599440227 1.8856072425842285
0.9999837221109136 -0.00012550271419777185 0.00570436344145563 0.006393626797944307 0.00012696942997935195 0.9999999589764523 -0.00025676031179989805 -0.03717055171728134 -0.005704330983326375 0.0002574804120585774 0.9999836970230417 1.907001256942749
0.999999806026706 0.00022585724396110283 0.0005804610714969508 0.0003812815994024277 -0.00022608125609058065 0.9999998999902484 0.00038588438515111827 -0.027831267565488815 -0.0005803738586614655 -0.00038601554166800876 0.9999997570790633 1.6145942211151123
0.999999699996848 -6.11808414177827e-06 -0.0007745765184115833 -0.002079934347420931 6.191036065751338e-06 0.9999999955458413 9.418061632342079e-05 -0.019097577780485153 0.0007745759387565614 -9.418538350010021e-05 0.9999996955805679 1.0373865365982056
0.9999995819111173 2.173794329103888e-05 -0.0009141690500436598 -0.0019257772946730256 -2.1633972520291072e-05 0.9999999932973325 0.0001137422777155243 -0.02105674333870411 0.0009141715164394716 -0.00011372245305303497 0.9999995756787309 1.1319812536239624
0.999996344696503 5.0257018546235875e-06 -0.002703806275431725 -0.003573882393538952 -4.558047589150269e-06 0.9999999850307186 0.0001729675885210346 -0.021144865080714226 0.0027038071042412184 -0.00017295463219432818 0.9999963297501837 1.1289489269256592
0.999998858536251 5.492223429022081e-05 -0.00150993699981797 -0.0022588400170207024 -5.4648798271398605e-05 0.9999999821024128 0.00018113167337568064 -0.022005682811141014 0.0015099469209499433 -0.00018104895037793608 0.9999988436401183 1.1951680183410645
0.9999999525278843 6.76013519884306e-05 0.0003006231628016629 -0.0003687943099066615 -6.76167651168069e-05 0.9999999964001552 5.126072680547569e-05 -0.02323891967535019 -0.00030061969642503035 -5.1281051537808376e-05 0.9999999534990247 1.2539241313934326
0.9999999087281821 4.298515877707443e-05 0.00042508340783403134 -0.0004912164295092225 -4.300842485903963e-05 0.9999999975777801 5.47239911012148e-05 -0.02173832431435585 -0.00042508105448493946 -5.4742268274261305e-05 0.9999999081546864 1.1752893924713135
0.9999999919955016 6.630721142646771e-05 0.00010776061517907021 -0.0006367991445586085 -6.632005773133819e-05 0.9999999906950384 0.00011921230197510288 -0.022694461047649384 -0.00010775270954105012 -0.00011921944771108806 0.9999999870880383 1.2358920574188232
0.9999999181349917 8.413501841168912e-05 0.00039579200143469336 -0.0001547324936836958 -8.415896776500143e-05 0.9999999946288912 6.049368215944236e-05 -0.02403954230248928 -0.00039578690967178925 -6.052698665341696e-05 0.9999999198445997 1.3010618686676025
0.999999521405179 0.00011916053354929304 0.00097107681476224 0.0005968527402728796 -0.00011925253230212661 0.9999999884071185 9.468155269022843e-05 -0.02498893067240715 -0.0009710655212003258 -9.479731074534794e-05 0.9999995240224984 1.369821310043335
0.9999991238010797 6.786234637997448e-05 0.001322040761403107 0.0006246321718208492 -6.79159992114744e-05 0.9999999968720239 4.0538489743431326e-05 -0.022660616785287857 -0.0013220380062307624 -4.062824194295938e-05 0.9999991252820454 1.2379143238067627
0.9999967652126239 0.00021636483668072628 0.002534314610647305 0.0029257475398480892 -0.00021633167319700007 0.9999999765110599 -1.3359899504482423e-05 -0.030459746718406677 -0.0025343174417314152 1.2811603767919226e-05 0.9999967885303269 1.6668460369110107
0.9999993272891428 8.203617394259205e-05 0.001157018291841155 0.0005128533812239766 -8.207549565271024e-05 0.9999999960559143 3.3937942792925405e-05 -0.02358105778694153 -0.001157015503138798 -3.403288281228493e-05 0.9999993300782196 1.2787237167358398
0.9999998315037549 6.878665422506196e-05 0.0005764207298351835 -3.814348019659519e-06 -6.881713623625202e-05 0.9999999962349124 5.286186490465156e-05 -0.022962525486946106 -0.0005764170914740861 -5.2901523621520296e-05 0.9999998324723687 1.2508478164672852
0.9999996900400792 9.339561972252577e-05 0.0007817908951415506 9.988725651055574e-05 -9.348606873680523e-05 0.9999999889416875 0.00011565889383576645 -0.023741763085126877 -0.0007817800844621965 -0.0001157319445435059 0.9999996877129594 1.298964023590088
0.9999995601223023 0.00015473581898189698 -0.0009251010908236016 -0.0007135710911825299 -0.00015447436009605994 0.9999999481114118 0.0002826921395226873 -0.027161285281181335 0.0009251447854211409 -0.00028254911077369067 0.9999995321364535 1.5044081211090088
