0.9999991955171784 4.195275947763461e-05 0.0012677558763720795 0.0005255909054540098 -4.1986865165481114e-05 0.9999999987573971 2.6875807006993233e-05 -0.02165352925658226 -0.001267754747282495 -2.692901448091216e-05 0.9999991960360414 1.1932013034820557
0.9999993364552318 -1.2975004186954013e-05 0.0011519204597539151 7.130438461899757e-05 1.296201950544453e-05 0.9999999998523776 1.1279668109278293e-05 -0.019837316125631332 -0.0011519206059376066 -1.1264729409245478e-05 0.9999993364757916 1.0966074466705322
0.9999976129513596 -2.978383168104834e-05 -0.0021847664649513113 -0.003638003021478653 2.9977217009431415e-05 0.9999999956360947 8.848263848012782e-05 -0.014407358132302761 0.002184763820065186 -8.854792048620071e-05 0.9999976094803009 0.8196466565132141
0.9999997791946224 -4.919057497139663e-05 0.0006627148663270559 -0.0004847358213737607 4.9077093641008736e-05 0.9999999841320595 0.00017125221130162522 -0.016838116571307182 -0.0006627232798058747 -0.000171219649368664 0.9999997657408157 0.9603723287582397
0.9999965456147242 1.473307005211551e-05 0.002628410461757014 0.0018404941074550152 -1.4780424833485234e-05 0.9999999997288219 1.7997085604153835e-05 -0.021041031926870346 -0.0026284101958919236 -1.8035872458547864e-05 0.9999965455613081 1.1846736669540405
0.9999986719359193 4.4396535836773945e-05 0.0016291578637557364 0.001209581969305873 -4.447680153288168e-05 0.9999999977990113 4.923201585668363e-05 -0.02217557281255722 -0.0016291556744390224 -4.930441020438375e-05 0.9999986717095495 1.2398791313171387
0.9999991391949653 4.633928966494038e-05 0.0013112825779354783 0.0008313044672831893 -4.6432191282341426e-05 0.9999999964144637 7.08175461573081e-05 -0.02251432277262211 -0.0013112792915990418 -7.087837092069171e-05 0.9999991377610665 1.2598918676376343
0.9999989559725986 2.5086267416137214e-05 0.0014447921622732546 0.0008043707348406315 -2.5110053535156633e-05 0.9999999995495201 1.644521292180308e-05 -0.021481890231370926 -0.0014447917490733957 -1.648147456109202e-05 0.9999989561520366 1.1987643241882324
0.9999861404927164 3.299321729154389e-05 -0.005264763425705483 -0.0068348986096680164 -3.207755566711211e-05 0.999999984346297 0.00017400699955656798 -0.015935860574245453 0.005264769084343187 -0.00017383570716342803 0.9999861258975722 0.8843495845794678
0.9999974654517316 -9.361160961269555e-05 -0.002249517054696788 -0.00342690572142601 9.399198432630302e-05 0.999999981304518 0.00016898659901547498 -0.015666693449020386 0.002249501193533445 -0.0001691976072825299 0.9999974555550379 0.8849360346794128
0.9999976107751437 -0.00010845324599195547 -0.0021832732072663667 -0.0036732973530888557 0.00010888625544913377 0.9999999744277905 0.00019821251659166112 -0.01476307399570942 0.002183251654644426 -0.00019844977146155134 0.9999975970120631 0.8542734384536743
0.9999999992773939 -3.6487146196638445e-05 -1.067241027357272e-05 -0.0009495312115177512 3.648846903217869e-05 0.9999999916493745 0.00012397516868582582 -0.018528323620557785 1.0667886684346827e-05 -0.00012397555801615237 0.9999999922581285 1.0350151062011719
0.9999999824251569 2.5956974843438317e-05 -0.00018567692826401553 -0.0008509670151397586 -2.5939397330476694e-05 0.9999999951824668 9.466897130526207e-05 -0.02121167629957199 0.00018567938468961736 -9.46641532938524e-05 0.9999999782809319 1.167532205581665
0.9999999986600018 5.113910275850663e-05 -8.049150249890082e-06 -0.00040447141509503126 -5.11384382593239e-05 0.9999999952865192 8.253376373176804e-05 -0.02245621383190155 8.053370914575091e-06 -8.253335200019985e-05 0.9999999965616947 1.235271692276001
0.999998942755517 3.9823685663719515e-06 -0.0014541224117809925 -0.001647811266593635 -3.6095907427082964e-06 0.999999967132786 0.00025636184820067217 -0.02144334837794304 0.0014541233849154063 -0.00025635632837672627 0.9999989099027128 1.2131164073944092
0.9999969799650027 5.216022613451643e-05 -0.0024570999541909107 -0.0020364681258797646 -5.1542789723042835e-05 0.9999999670834344 0.0002513493008347189 -0.024105798453092575 0.002457112983747989 -0.0002512218959647665 0.99999694973702 1.3484632968902588
0.9999936550189441 6.278171792515004e-05 -0.0035617383829709554 -0.0033224383369088173 -6.173354315022618e-05 0.9999999547598077 0.0002943965895535616 -0.02465805783867836 0.00356175670456087 -0.0002941748428826231 0.9999936136547769 1.365414023399353
0.9999993547572816 5.848315310614819e-05 0.0011344887575542582 0.0005844823899678886 -5.844961845616232e-05 0.999999997853966 -2.9592394324040757e-05 -0.020480334758758545 -0.001134490485776135 2.9526064794741948e-05 0.9999993560295671 1.1135096549987793
0.9999980929399511 2.948379293810818e-05 0.0019527537395495386 0.001214106217958033 -2.9514197234714566e-05 0.9999999994436927 1.554114430681317e-05 -0.021503813564777374 -0.0019527532802513263 -1.5598748627937635e-05 0.9999980932538352 1.1996203660964966
0.9999997074600145 7.189446834989023e-05 0.0007615189233272199 0.0005428374861367047 -7.193178486685113e-05 0.9999999962136108 4.8975468784265446e-05 -0.0233907513320446 -0.0007615153993785226 -4.903023187234733e-05 0.999999708845124 1.2901694774627686
0.9999995138589838 4.7180432060147126e-05 -0.0009849141095062972 -0.001257549854926765 -4.7010721969960573e-05 0.9999999840458416 0.0001723319725693618 -0.02314786985516548 0.000984922224489745 -0.00017228558726835525 0.9999995001228192 1.2794039249420166
0.9999984109950464 4.057863596120933e-05 -0.0017822347646314718 -0.0022950018756091595 -4.038681428539213e-05 0.9999999933884992 0.00010766571620499041 -0.02203984744846821 0.001782239121776129 -0.0001075935663391819 0.9999984060223981 1.2025227546691895
0.9999997145207439 5.609537584013221e-05 -0.0007535328390022544 -0.0008451103931292892 -5.5961324117449556e-05 0.9999999826068361 0.000177917558286218 -0.024129144847393036 0.000753542806248235 -0.00017787533879900925 0.9999997002667566 1.3410269021987915
0.9999997950440155 5.384255373336646e-05 0.000637975631518893 -1.4260527677834034e-05 -5.3832196559611566e-05 0.9999999984189901 -1.6251595433905534e-05 -0.021808162331581116 -0.0006379765055376477 1.6217248473447625e-05 0.9999997963614689 1.1935744285583496
0.9999979380949688 3.0030335535737506e-05 0.002030493533488417 0.0010742434533312917 -2.9925933871109118e-05 0.9999999982288091 -5.14472536600877e-05 -0.019568582996726036 -0.002030495074870316 5.138638316552766e-05 0.9999979372224675 1.0715503692626953
0.9999977228742424 4.4208674791127666e-05 0.002133610068059632 0.001413088059052825 -4.4185131675459305e-05 0.9999999989624365 -1.1081539806381275e-05 -0.022042378783226013 -0.0021336105557460665 1.0987240730520252e-05 0.9999977237900477 1.2173714637756348
0.9999909535810869 3.232887512365252e-05 0.004253435180184321 0.003261654172092676 -3.194370783918565e-05 0.9999999953835983 -9.062230763084984e-05 -0.02038450725376606 -0.004253438090266023 9.048561733278344e-05 0.9999909499974312 1.1359965801239014
0.9999918086897434 4.514748008030424e-05 0.0040472849072635325 0.002966444008052349 -4.457028332605111e-05 0.9999999888246138 -0.0001427034053607211 -0.020840521901845932 -0.004047291304732712 0.00014252184779783514 0.9999917995266848 1.1544890403747559
0.999986369253221 5.7198614301093395e-05 0.005220922914532895 0.004441817291080952 -5.597044321480079e-05 0.9999999707303623 -0.0002353860325398814 -0.018658164888620377 -0.005220936225473259 0.0002350906066829598 0.9999863431854139 1.0112411975860596
0.9999884494734244 -2.8276052096100185e-05 0.00480625844098536 0.0036295047029852867 2.849187428870723e-05 0.9999999985889757 -4.4835944425390486e-05 -0.01754715107381344 -0.004806257166420112 4.497236585792245e-05 0.999988448868054 0.9981366991996765
0.9999970195344815 3.986914974359217e-05 0.002441174431445209 0.001605051918886602 -3.980621833460714e-05 0.9999999988741965 -2.5827734531874088e-05 -0.021390635520219803 -0.0024411754584267417 2.5730483630790925e-05 0.9999970199957215 1.186790943145752
0.9999988787089414 4.444912149030468e-05 0.0014968651026891389 0.0007822044426575303 -4.447203040785113e-05 0.9999999988945127 1.5271316402035506e-05 -0.02180291712284088 -0.0014968644222377757 -1.5337867908808213e-05 0.9999988795801981 1.2072572708129883
0.9999954732740269 6.003478179839164e-05 0.0030082930840972526 0.0023491880856454372 -5.994876139451611e-05 0.9999999977916703 -2.8684586408935843e-05 -0.022287800908088684 -0.0030082947995268357 2.85041131173702e-05 0.999995474664718 1.2432833909988403
0.9999999972076961 -3.3824322061870974e-05 6.663724910753524e-05 -0.0010512102162465453 3.382125850975312e-05 0.9999999983712495 4.5974158698632195e-05 -0.019024090841412544 -6.663880404375013e-05 -4.597190481462992e-05 0.9999999967229268 1.0537822246551514
0.9999993221838025 -6.855650298696395e-05 -0.0011622959783782005 -0.0023467931896448135 6.87140216292632e-05 0.9999999884611936 0.00013548430073924674 -0.017154177650809288 0.0011622866766368238 -0.00013556407493679108 0.999999315355797 0.960358738899231
0.9999963961545499 -6.439997482105721e-05 -0.0026839393725444504 -0.003812772687524557 6.495424421819616e-05 0.9999999765844759 0.00020642672696268572 -0.017258958891034126 0.0026839260158225847 -0.00020660031628613607 0.999996376922162 0.9608763456344604
0.9999974714645506 -5.8053361331590416e-05 -0.002248042328913092 -0.003519767429679632 5.839437664278289e-05 0.9999999867993705 0.00015162900666857278 -0.01692574843764305 0.0022480334966640055 -0.00015175989629971772 0.9999974616539443 0.9398231506347656
0.9999978590699835 -1.881883015466145e-05 -0.0020691788953034855 -0.0031952080316841602 1.914406308746263e-05 0.9999999874671174 0.00015716001322755283 -0.018719492480158806 0.0020691759118031134 -0.00015719928925027408 0.9999978468973967 1.0278807878494263
0.9999994101974815 -3.101844541481275e-05 -0.0010856530499393066 -0.0022421209141612053 3.117141444590636e-05 0.9999999895900432 0.00014088383855606645 -0.01836119033396244 0.0010856486686400496 -0.00014091759680358778 0.9999994007544198 1.0173674821853638
0.9999970920667364 -6.554217416241954e-05 -0.0024107182113481734 -0.0036902367137372494 6.590734389140646e-05 0.9999999863673675 0.00015139843662505782 -0.016891352832317352 0.002410708255501037 -0.0001515568804026885 0.9999970827538542 0.9376596212387085
0.9999955836919878 -7.817541465362253e-05 -0.002970940107936702 -0.004106905311346054 7.894994328383634e-05 0.9999999629311433 0.00026058514567553216 -0.01684141531586647 0.002970919626455534 -0.00026081855040428677 0.9999955527952396 0.9521405696868896
0.9999995012304322 -5.074478244023898e-05 -0.00099747874887336 -0.002299260813742876 5.087786728507954e-05 0.9999999898084336 0.00013339631127760448 -0.017836052924394608 0.000997471969540695 -0.00013344699433498876 0.9999994936206569 0.988535463809967
0.9999956883691863 -5.122946090333473e-05 -0.002936088993780652 -0.003980804234743118 5.189299945689972e-05 0.9999999731340223 0.00022591828375915292 -0.01824883371591568 0.0029360773412278655 -0.00022606967214747897 0.999995664161775 1.0161187648773193
0.9999939405540236 -8.295095123980681e-05 -0.003480226196053199 -0.004810248967260122 8.35063202287331e-05 0.999999983803841 0.00015943341010599287 -0.01533070020377636 0.0034802129145338747 -0.00015972306491105352 0.9999939312848914 0.8589144349098206
0.9999937100788796 -6.841704185984138e-05 -0.003546141816951424 -0.004674507305026054 6.957378150082204e-05 0.9999999444175073 0.0003260743337012833 -0.016757695004343987 0.0035461193108066846 -0.0003263190012153884 0.999993659256769 0.9493680000305176
0.9999989179464794 9.659938236297463e-06 0.0014710583114479995 0.00035353621933609247 -9.622803544873254e-06 0.9999999996349044 -2.5250596796057004e-05 -0.01875777170062065 -0.0014710585548301282 2.523641376842573e-05 0.99999891767434 1.0242860317230225
0.9999982920852745 1.5047780450429506e-06 0.0018481948679072286 0.00065802555764094 -1.3170540465866557e-06 0.9999999948406206 -0.00010157275261842012 -0.016462039202451706 -0.001848195011216138 0.00010157014496829055 0.9999982869278857 0.9039337635040283
0.9999972605066654 -4.813837305391514e-05 0.002340226882438471 0.0010313692037016153 4.809140368396957e-05 0.9999999986410663 2.012670265520535e-05 -0.014659138396382332 -0.0023402278481249785 -2.001410272252215e-05 0.9999972614627775 0.8235343098640442
0.9999974404776464 -5.3787931369960354e-05 0.002261889699910904 0.0008037055376917124 5.3892369306553835e-05 0.9999999974846506 -4.611194487914282e-05 -0.013649568893015385 -0.002261887213955334 4.623372544962742e-05 0.9999974408610625 0.7624967694282532
0.9999987508239966 -6.46210856758864e-05 0.001579295590441253 0.0001836487790569663 6.444898097050343e-05 0.9999999919798016 0.00010902626226000428 -0.015770716592669487 -0.0015793026231704233 -0.00010892434207555856 0.9999987469685712 0.892921507358551
0.9999995661901548 6.795008981555652e-06 0.0009314361651223183 -0.0001763867912814021 -6.756882492858005e-06 0.9999999991392878 -4.09361537365709e-05 -0.017513982951641083 -0.0009314364424821522 4.092984237334707e-05 0.9999995653753563 0.959008514881134
0.9999986137073583 -4.3229307646248173e-05 0.0016645463612157741 0.00039334327448159456 4.319099860487415e-05 0.9999999988016028 2.3050643602181594e-05 -0.014281222596764565 -0.0016645473556843502 -2.2978718227678963e-05 0.9999986143760797 0.8025096654891968
0.9999999255625712 -5.2892333895399266e-05 0.0003822005400275171 -0.0008679785532876849 5.284493998818554e-05 0.9999999909142481 0.00012401175645945187 -0.01547748688608408 -0.00038220709582616744 -0.0001239915498637344 0.9999999192719123 0.8702874183654785
0.9999999933956873 8.486500074407829e-06 -0.0001146150267851556 -0.001197350793518126 -8.489066236033986e-06 0.9999999997133356 -2.2388931595316548e-05 -0.017412981018424034 0.00011461483674862991 2.238990442200707e-05 0.9999999931810656 0.9537531733512878
0.9999986914231008 -5.384860096980613e-05 0.0016168649956363169 0.00010286446195095778 5.377969802031327e-05 0.9999999976439939 4.2658600242970275e-05 -0.014920911751687527 -0.0016168672889329155 -4.2571589909706515e-05 0.9999986919630593 0.8375415802001953
0.9999953459511501 8.651488374260512e-06 0.003050901701331875 0.001973075093701482 -8.503931309254632e-06 0.9999999987936243 -4.8378035980717446e-05 -0.01975749246776104 -0.0030509021161933578 4.835186616847532e-05 0.9999953448183517 1.0946348905563354
0.9999894395608153 2.7133032699665783e-05 0.004595653451367389 0.003422717098146677 -2.6484349585406127e-05 0.9999999896788411 -0.00014121224053248907 -0.01897631585597992 -0.00459565723545126 0.0001410890363766314 0.9999894299583661 1.050783634185791
0.99999353418778 -1.114800469937805e-05 0.003596033697743681 0.002448089886456728 1.132329246555006e-05 0.9999999987488583 -4.87243948650669e-05 -0.019096583127975464 -0.0035960331500647503 4.87647987635547e-05 0.9999935330628785 1.0771620273590088
0.9999996496930073 1.970450951065003e-05 0.0008367948345082074 0.00022940023336559534 -1.9727181450088237e-05 0.9999999994386058 2.708553996262972e-05 -0.021744880825281143 -0.0008367943003311559 -2.7102038077912506e-05 0.9999996495203277 1.213963508605957
0.9999990474766042 -4.254177031364624e-05 -0.001379578226215092 -0.0024809371680021286 4.265452915720609e-05 0.9999999957524447 8.170496799637979e-05 -0.01881103776395321 0.001379574744481275 -8.176373543016097e-05 0.999999045043652 1.0364251136779785
0.9998884581540848 0.00038009399255822937 -0.014930732694809774 -0.01964503340423107 -0.00037443237867771056 0.9999998569437003 0.00038198556634460326 -0.00990409217774868 0.014930875749293415 -0.0003763524092111015 0.9998884574332396 0.6028780937194824
0.9999981094065342 5.934319230602488e-05 0.0019436207816872226 -0.0004813091363757849 -5.924767903608288e-05 0.9999999970345625 -4.9199467375171904e-05 -0.010272655636072159 -0.0019436236955769905 4.90842193387391e-05 0.9999981099570486 0.5839169025421143
0.9998614539124026 0.0004346300236150179 -0.01663983404121651 -0.021502399817109108 -0.0004278103443492384 0.9999998230401935 0.0004133979813824574 -0.0077156564220786095 0.016640010771809106 -0.0004062220135784292 0.9998614629163332 0.5157971382141113
0.9999983125207863 3.9210524574009026e-05 0.0018366867218854944 0.0002254171995446086 -3.914600577179741e-05 0.99999999861555 -3.5163757230928164e-05 -0.008497577160596848 -0.0018366880981320608 3.5091798943802846e-05 0.9999983126712743 0.5077075362205505
0.9996924298715569 0.000566680733830756 -0.024793638910971704 -0.031544432044029236 -0.0005505184879099114 0.9999996315273578 0.0006586915383891917 -0.0077187973074615 0.02479400304299841 -0.0006448395879450726 0.9996923734804668 0.5274797677993774
0.9999008337480725 0.0001264859515868093 -0.014082140150334795 -0.017271732911467552 -0.00011847329314232506 0.9999998306305433 0.0005698271348244605 -0.012353054247796535 0.014082209840377757 -0.0005681022696851513 0.9999006793806187 0.7689511775970459
0.9995809627841898 0.0006654572266449105 -0.028938832148364572 -0.036330677568912506 -0.0006429685463785679 0.9999994840758529 0.0007864092294306564 -0.007588997948914766 0.028939340539827104 -0.0007674729358563412 0.9995808749443 0.5312988758087158
0.9989974012805797 0.0009556431976692356 -0.044758004655332896 -0.05351439490914345 -0.0008963836408524022 0.9999986950113311 0.001344050595350862 -0.006843841169029474 0.04475923067945276 -0.0013025827087748915 0.9989969542232199 0.5586493611335754
0.9999987948770604 -3.502957594926186e-05 0.001552100948958388 0.0003418185515329242 3.500841488490064e-05 0.9999999992938943 1.3660985830024611e-05 -0.01785011775791645 -0.0015521014264009813 -1.3606632772892826e-05 0.9999987953972853 1.0017586946487427
0.9999634358226344 7.583754185063344e-05 -0.008551097383326533 -0.011113554239273071 -7.304844348460457e-05 0.9999999440372584 0.00032648032796814253 -0.012636573053896427 0.008551121664249218 -0.0003258437461295871 0.9999633854017537 0.7519959211349487
0.9999998367004382 -9.657845149281016e-05 -0.0005632687627850114 -0.0020242538303136826 9.664830482530375e-05 0.9999999876430015 0.00012398831233288775 -0.015850352123379707 0.0005632567812254919 -0.00012404273105673494 0.9999998336775856 0.891663670539856
0.9999909672523005 -6.970214650828556e-05 -0.0042497712196446795 -0.0060149552300572395 7.059564463262981e-05 0.9999999754378525 0.0002100965246328392 -0.013848991133272648 0.004249756471082431 -0.00021039464222273165 0.9999909476110428 0.7949351668357849
0.9999776139898849 1.4951576345544792e-05 -0.006691135594754302 -0.00837614294141531 -1.3180161875241414e-05 0.9999999648577254 0.0002647845004810561 -0.014147535897791386 0.00669113931855825 -0.000264690382762282 0.999977579045461 0.8119814395904541
0.9999913862142347 -8.798241854758855e-05 -0.004149669435910272 -0.005224733147770166 8.928405514106236e-05 0.9999999468767673 0.0003134881497797412 -0.01678701862692833 0.004149641634020813 -0.000313855948774712 0.9999913409468867 0.9488688707351685
0.9999971114000239 -3.171715791145145e-05 -0.0024033696407130714 -0.003375463653355837 3.202655032517479e-05 0.9999999912060274 0.00012869438621138804 -0.018708111718297005 0.002403365537757735 -0.0001287709861035354 0.999997103621868 1.0205321311950684
0.999987251396012 -0.0001143687382475931 -0.005048164541767201 -0.006220507901161909 0.00011568511002373456 0.9999999593858475 0.0002604712240650374 -0.01608950085937977 0.0050481345469750305 -0.0002610519008909837 0.9999872240131373 0.906010627746582
0.9999858081693579 -8.430679527267974e-05 -0.005326945864208794 -0.006307119037955999 8.577575443624615e-05 0.9999999583622496 0.00027553224612121053 -0.016024481505155563 0.005326922413166088 -0.00027598525861458067 0.9999857737636775 0.9057841897010803
0.9999919110292353 -7.67279709028295e-05 -0.004021441149209803 -0.0048719970509409904 7.801719654169112e-05 0.9999999456182997 0.00032043207517542876 -0.018365945667028427 0.0040214163444140544 -0.0003207432247742593 0.9999918626340761 1.0264610052108765
0.9999970531573376 -1.0348018031470788e-05 -0.0024276675142651735 -0.0032169069163501263 1.0709128962503867e-05 0.9999999888815851 0.00014873514838700057 -0.019415419548749924 0.0024276659481593616 -0.0001487607082924082 0.9999970421497736 1.0664005279541016
0.9999999991014228 3.869179913494762e-05 1.7323373141655863e-05 -0.0006105249049142003 -3.869278921967545e-05 0.9999999976180055 5.715642761485034e-05 -0.021430421620607376 -1.7321161615375134e-05 -5.715709785311642e-05 0.9999999982165219 1.166128158569336
0.9999951697358472 -6.348281767149904e-05 -0.0031074869115869487 -0.004204250406473875 6.381857864562715e-05 0.9999999921369931 0.0001079500001916083 -0.01655348762869835 0.003107480034182578 -0.00010814779416244947 0.9999951659242616 0.9099079966545105
0.9999878405329854 -0.00011923556569218879 -0.0049299664356329325 -0.0062239463441073895 0.00012066206216489756 0.9999999509437195 0.00028905574798591217 -0.01570143550634384 0.004929931728061489 -0.00028964709313860634 0.9999878058645106 0.8917613625526428
0.999985102505513 -5.008430126430175e-05 -0.0054582285222766515 -0.006105862092226744 5.197134170490687e-05 0.9999999389357926 0.0003455826828225174 -0.018519818782806396 0.005458210880707056 -0.00034586120596604 0.9999850440451636 1.0381989479064941
0.9999880794146482 -7.852701890431292e-05 -0.00488209607757179 -0.005855680909007788 7.968669116767992e-05 0.9999999686594822 0.00023734166514340063 -0.01786790043115616 0.004882077286830945 -0.00023772787397420816 0.9999880543320622 0.9865949153900146
0.999982110349653 -8.041405636152587e-05 -0.005981012810000006 -0.006933258380740881 8.26799084843669e-05 0.9999999249150844 0.00037859458222263 -0.016579419374465942 0.005980981916590093 -0.00037908231888970554 0.9999820419147077 0.9489526748657227
0.9999829538226334 -9.170141355210151e-05 -0.0058381208459537225 -0.006661164108663797 9.372557504729144e-05 0.9999999355967577 0.00034644191027392694 -0.01826673001050949 0.005838088700746924 -0.00034698318599715977 0.9999828980152565 1.0218029022216797
0.9999576530320691 -0.00011106168698916683 -0.00920216321838039 -0.009780015796422958 0.00011585781566844319 0.9999998577427949 0.0005206643413829984 -0.017579644918441772 0.00920210408344626 -0.0005217084353567371 0.9999575236482526 1.015759825706482
0.9999718366009178 -5.4797970596928164e-05 -0.007504865233290332 -0.007864766754209995 5.875077132117425e-05 0.9999998596841055 0.0005264789798391816 -0.01914450339972973 0.0075048353302587965 -0.0005269050690226812 0.9999716995083981 1.0916682481765747
0.99998642063556 -2.0219879388795745e-05 -0.005211346816074168 -0.0055073159746825695 2.1979432545646013e-05 0.9999999427777142 0.00033758180164231583 -0.02211713045835495 0.005211339692005678 -0.0003376917599418188 0.9999863638584727 1.2082855701446533
0.9999908432338261 -6.009753393404719e-06 -0.004279417294907246 -0.004520354326814413 7.325091836757969e-06 0.9999999527416799 0.000307348305288245 -0.020856307819485664 0.004279415245581653 -0.00030737683809637257 0.9999907960199609 1.1484938859939575
0.999990700713269 -4.674688541660349e-05 -0.00431234294944119 -0.004836928099393845 4.8010137462363e-05 0.9999999559711605 0.00029283562526027907 -0.020908936858177185 0.004312329070420315 -0.0002930399382756223 0.9999906589291636 1.147580862045288
0.999977710025978 -0.00010029128377439205 -0.0066760312206664025 -0.0075378078036010265 0.0001025950050634524 0.9999999353170884 0.0003447319013533938 -0.01649763621389866 0.00667599621523632 -0.0003454091447451561 0.999977655633893 0.9361902475357056
0.9999868659083172 -7.404808029683027e-05 -0.005124697819710432 -0.006031879689544439 7.570984529294281e-05 0.9999999446224472 0.00032407271122934154 -0.0168696790933609 0.0051246735389550635 -0.0003244564449077437 0.9999868161376603 0.9575464725494385
0.9999986871537743 -6.479124585465576e-05 -0.0016191024742848925 -0.002899657003581524 6.514834556273142e-05 0.9999999735672043 0.0002205023441073639 -0.016730044037103653 0.001619088144865899 -0.0002206075364691899 0.9999986649420558 0.9331856966018677
0.9999993919440621 2.000906516106743e-05 -0.0011025929181700158 -0.0020808172412216663 -1.9900890855529518e-05 0.9999999949882199 9.811989931088103e-05 -0.020648512989282608 0.0011025948759315217 -9.809789706717104e-05 0.9999993873304833 1.11767578125
0.9999967272636272 -1.9349098966025483e-05 -0.00255833689086309 -0.0036634602583944798 1.9704264945748327e-05 0.9999999901729055 0.00013880176777026365 -0.018868040293455124 0.0025583341800329306 -0.0001388517236565877 0.9999967178178246 1.035138726234436
0.9999921487167722 -4.0426346792252605e-05 -0.003962432399851142 -0.004919668659567833 4.148876314680603e-05 0.9999999632165033 0.00026804043435175724 -0.018322966992855072 0.003962421418203469 -0.00026820272630971326 0.9999921136108034 1.0144622325897217
0.999992538927074 -2.7840426795233182e-05 -0.003862811812013622 -0.004692817572504282 2.894000455161388e-05 0.9999999590821613 0.0002846017423492534 -0.01911795325577259 0.0038628037305217383 -0.00028471140870632057 0.9999924988152428 1.0552177429199219
0.9999935130511332 2.0281077576574464e-06 -0.0036019233112154726 -0.0043259309604763985 -1.1093324128180002e-06 0.9999999674662063 0.00025508107631808547 -0.020675040781497955 0.003601923711363153 -0.0002550754258899089 0.9999934805198004 1.1240131855010986
0.9999956045885909 2.1116792248098775e-06 -0.0029649281676492442 -0.0038829203695058823 -1.6123496630722293e-06 0.9999999858169939 0.00016841440685684276 -0.01997806690633297 0.002964928481234854 -0.00016840888610530525 0.9999955904090518 1.0850367546081543
0.9999962651257045 7.329595046770097e-07 -0.0027330814303499944 -0.0036913645453751087 -2.8738685284827835e-07 0.9999999867106012 0.00016302979870777223 -0.01991787552833557 0.002733081513523225 -0.00016302840436029675 0.9999962518365657 1.0804237127304077
0.9999953670357256 -1.748637226085214e-05 -0.0030439450243128084 -0.004022290464490652 1.808511073918344e-05 0.9999999804967669 0.00019667077654770922 -0.018994951620697975 0.003043941525887628 -0.00019672491546187637 0.9999953478488259 1.0418201684951782
0.9999958867181794 -2.4092178244328896e-05 -0.00286809453978015 -0.0038611935451626778 2.4715143253366326e-05 0.9999999761131888 0.00021716994176246615 -0.019011883065104485 0.0028680892391735706 -0.0002172399338487076 0.999995863426908 1.0478885173797607
0.9999932176841885 -6.459540369476197e-05 -0.0036824466129414695 -0.004793598782271147 6.555396329854045e-05 0.9999999640032249 0.0002601849862414142 -0.017189498990774155 0.0036824296736310447 -0.00026042462055478175 0.9999931859221421 0.9602718353271484
0.9999854116840206 -5.618996138493833e-05 -0.005401227807452671 -0.006208084058016539 5.781162250071567e-05 0.9999999533037968 0.0003000836889683555 -0.018501324579119682 0.005401210693544945 -0.00030039156499572534 0.9999853682369315 1.019287347793579
0.9999892926748656 -4.86701235847766e-05 -0.00462732826163456 -0.005411449354141951 5.026335690352433e-05 0.9999999395020814 0.0003441938818754972 -0.01824183762073517 0.004627311229732064 -0.00034442278153161903 0.9999892346239186 1.0230681896209717
0.9999982963744742 1.017496618641944e-05 -0.0018458452317204547 -0.002775100525468588 -9.922882523674112e-06 0.9999999906240952 0.00013657725354730533 -0.02068200521171093 0.0018458466040829219 -0.0001365587047654187 0.9999982870995502 1.125665307044983
0.9999996738067773 2.3600505831345364e-05 -0.0008073594954624825 -0.001756104058586061 -2.3535811559792934e-05 0.9999999965118153 8.014009473520514e-05 -0.020882703363895416 0.0008073613839930366 -8.012106673310318e-05 0.9999996708740508 1.141326904296875
0.9999998599420586 7.227743663987257e-05 0.000524301282841679 -0.00010121951345354319 -7.228135522971627e-05 0.9999999973599145 7.454982874167939e-06 -0.023044366389513016 -0.0005243007426304263 -7.492879037310859e-06 0.9999998625262846 1.2516944408416748
0.9999998922947501 4.8812481291925604e-05 0.00046154937977798744 -0.000277323299087584 -4.8827122983585215e-05 0.9999999983051401 3.17116999691049e-05 -0.022304564714431763 -0.00046154783106896444 -3.1734232681917745e-05 0.9999998929832633 1.2168325185775757
0.9999996549856902 7.050354487308946e-05 0.0008276821554944511 3.7408084608614445e-05 -7.045407365091876e-05 0.9999999957301036 -5.9799801726876816e-05 -0.022150849923491478 -0.0008276863680583385 5.9741467515546746e-05 0.9999996556830573 1.2056622505187988
0.9999997315590508 2.5008827246228033e-05 -0.0007322952852458481 -0.0017797219334170222 -2.4972476543517037e-05 0.9999999984557004 4.964850717696643e-05 -0.020638370886445045 0.0007322965257659039 -4.963020662244031e-05 0.999999730639284 1.1267645359039307
0.9999999011160103 4.130499646377359e-05 0.0004427887384815403 -0.00040405953768640757 -4.132070151304655e-05 0.9999999985176152 3.545940350893655e-05 -0.021678514778614044 -0.00044278727317462044 -3.5477696343865395e-05 0.9999999013403771 1.1858158111572266
0.9999983444959901 3.9532515473999796e-05 0.0018191873073252513 0.0008209929801523685 -3.943514991936807e-05 0.9999999977882424 -5.355729553074693e-05 -0.020971769466996193 -0.0018191894205562646 5.348546694223364e-05 0.9999983438432071 1.1441686153411865
0.9999964707893408 6.626783961797043e-05 0.002655940028796027 0.001925829565152526 -6.614613581485407e-05 0.9999999967584315 -4.591106374019485e-05 -0.02277831733226776 -0.0026559430626136244 4.5735221540518476e-05 0.9999964719311453 1.2566945552825928
0.9999901396493175 0.00011951480424176216 0.004439180143907234 0.0039030518382787704 -0.00011876094799928676 0.9999999784839728 -0.00017008201314437716 -0.024583855643868446 -0.004439200375712219 0.00016955313483385274 0.9999901323271939 1.3571853637695312
0.9999919409216222 0.00010559410792485295 0.0040133454488203634 0.0036970716901123524 -0.00010536208601460788 0.9999999927660246 -5.802397791537843e-05 -0.025773096829652786 -0.004013351546778106 5.760065584720767e-05 0.9999919448133204 1.442194938659668
0.9999934214012136 0.00012800039660334497 0.0036250200266199663 0.0034168544225394726 -0.00012761870282719886 0.9999999862889316 -0.00010552536828992645 -0.026065446436405182 -0.0036250334842060613 0.00010506205372734682 0.99999342402548 1.4428353309631348
0.9999985460675418 8.463315475305843e-05 0.0017031441605790873 0.0012072979006916285 -8.453495752929006e-05 0.9999999947606397 -5.7728341933165396e-05 -0.02363995835185051 -0.0017031490373873978 5.758428278077448e-05 0.9999985479826492 1.2887637615203857
0.9999999960319998 4.7963198972467125e-05 7.507017970169936e-05 -0.0004785101627930999 -4.7969666191722665e-05 0.9999999951385832 8.614954841844749e-05 -0.02302674576640129 -7.506604732881974e-05 -8.615314916806732e-05 0.9999999934713617 1.2586555480957031
0.9999627620554661 0.00034165883461470124 -0.00862309524728034 -0.003368175122886896 -0.0003315661107112549 0.999999258436777 0.0011718318182147793 -0.05188446864485741 0.00862348921940341 -0.001168929055453096 0.9999621338023484 3.006540298461914
0.9999984415967801 0.0004080360462775732 -0.00171764681935849 0.0029948826413601637 -0.00040840671930901626 0.9999998933909804 -0.00021545760469998456 -0.05581336095929146 0.0017175587217726847 0.00021615876743258543 0.9999985016325897 2.8982577323913574
0.9999998924373202 0.00045553300208973793 -8.726414915221149e-05 0.002558841835707426 -0.0004555442332125275 0.9999998879545297 -0.00012872598598290394 -0.04181498661637306 8.720550043981713e-05 0.0001287657248167044 0.9999999879072943 2.2714624404907227
0.999995705892621 0.00012333940296828272 -0.0029279657972465377 -0.002602930646389723 -0.0001229583740745178 0.9999999839497505 0.0001303139916992846 -0.02724643051624298 0.0029279818231018914 -0.00012995341420323603 0.9999957050080531 1.4926278591156006
0.9999958947238248 0.00010501919826313584 -0.0028634780364161123 -0.0027139796875417233 -0.00010424358971452684 0.9999999578433421 0.0002710103099121768 -0.026887018233537674 0.0028635063769869165 -0.0002707106981104236 0.9999958635149181 1.4834561347961426
0.999996457979806 0.00019632526660201405 0.0026543331049641117 0.003147329669445753 -0.00019610041410640192 0.9999999771622378 -8.497147671005404e-05 -0.029846444725990295 -0.0026543497263929014 8.445065991830782e-05 0.9999964736415905 1.6416282653808594
0.999998714453256 0.0002052100349660844 -0.0015902769182142137 0.0007525134133175015 -0.0002044864029995839 0.9999998754962146 0.00045518443084538495 -0.0372755229473114 0.0015903701286316876 -0.00045485865567774315 0.9999986319122927 2.118157386779785
0.9999984130308688 9.262733558878702e-05 0.0017791447159586585 0.0013941170182079077 -9.258065393369544e-05 0.9999999953680242 -2.6320595656950087e-05 -0.02446744218468666 -0.0017791471457243506 2.6155839505731136e-05 0.9999984169743998 1.3410346508026123
0.9999977576935898 0.00010761109136121652 0.0021149533435861462 0.001819637487642467 -0.00010751411323573401 0.9999999931638663 -4.596719342241172e-05 -0.025024723261594772 -0.0021149582757078937 4.573970301660864e-05 0.9999977624271824 1.372999668121338
0.9999993745677354 0.00016026163877278022 0.0011068786498616783 0.0016815854469314218 -0.00016041884933684178 0.9999999770589587 0.00014194321078088822 -0.03066190704703331 -0.001106855876417157 -0.00014212068620439078 0.999999377335696 1.7054688930511475
0.9999994090198736 0.00011995497627390748 0.0010805418583334483 0.001107951975427568 -0.00011997028120974247 0.9999999927041705 1.4099325108583097e-05 -0.026540830731391907 -0.0010805401591657902 -1.4228949686765323e-05 0.9999994161150804 1.4561694860458374
0.9999998013746455 0.00011845427994749387 0.0006190470523694764 0.0006498110014945269 -0.00011845847796485653 0.9999999929610486 6.744757580903687e-06 -0.02606724388897419 -0.0006190462490666316 -6.818087612836141e-06 0.9999998083676092 1.4211351871490479
0.999995173355248 0.00010267047065693578 0.0031052737370219972 0.0025704186409711838 -0.0001022894203195393 0.9999999872200075 -0.00012286927732442097 -0.023820560425519943 -0.003105286312383154 0.00012255104762757494 0.9999951710774201 1.30238938331604
0.9999985915938957 7.57049200475285e-05 0.0016766272664024877 0.001187762594781816 -7.571206860518681e-05 0.9999999971250207 4.2001833740273745e-06 -0.023946043103933334 -0.001676626943607672 -4.3271183770826625e-06 0.9999985944506964 1.3146686553955078
0.9999985426414087 0.00011294763873208003 0.0017035133957770542 0.00130874989554286 -0.00011280674289769589 0.9999999902089999 -8.280482486336219e-05 -0.024427497759461403 -0.001703522731707398 8.261253638937908e-05 0.999998545591678 1.324772596359253
0.9999997847588499 0.0001102724801799284 0.0006467783501216771 0.0008986054453998804 -0.00011039101245082808 0.9999999771197754 0.00018323283895947898 -0.028465937823057175 -0.0006467581297836405 -0.00018330419803713318 0.9999997740517208 1.5896819829940796
0.999998876119943 9.706901297303741e-05 0.0014961071008917314 0.001229083864018321 -9.708152247104107e-05 0.9999999952532372 8.288745353072295e-06 -0.02520931139588356 -0.0014961062892097359 -8.433980392650999e-06 0.9999988807967932 1.3860561847686768
0.9999981877332748 8.321183730317879e-05 0.0019020005142635437 0.0014764918014407158 -8.317687259249693e-05 0.9999999963703772 -1.8462217580618236e-05 -0.024131780490279198 -0.0019020020436350447 1.830398166770988e-05 0.9999981910249589 1.3271484375
0.9999997546730491 6.997965170734685e-05 0.000696962473700272 0.0007081467774696648 -7.005286891227446e-05 0.999999992030857 0.00010502800295705173 -0.025661159306764603 -0.0006969551183230121 -0.00010507680141165893 0.9999997516061835 1.4256702661514282
0.9999998495834805 0.00019066382321094452 -0.0005142765044051241 0.0003154727164655924 -0.00019063562837548582 0.99999998032352 5.487273552608852e-05 -0.030509747564792633 0.0005142869565315181 -5.47746878477466e-05 0.9999998662543211 1.656613826751709
0.9999968671823577 5.229180099400509e-06 0.0025031176811591924 0.0025889906100928783 -4.8354935210770624e-06 0.9999999876190988 -0.00015728451972684473 -0.029814448207616806 -0.00250311847263742 0.00015727192317379674 0.999996854826781 1.5374031066894531
0.9999990426450354 6.714838112825954e-05 0.0013820998906996936 0.0011234558187425137 -6.742351177722687e-05 0.9999999779222576 0.00019902149263539585 -0.026141751557588577 -0.0013820864962150081 -0.0001991144881294397 0.9999990250946937 1.4888339042663574
0.9999999041032773 3.706066273424396e-05 0.00043637133678157633 -0.00043195660691708326 -3.707176134351323e-05 0.9999999989896066 2.5425803024863285e-05 -0.02150154858827591 -0.0004363703940435589 -2.544197764066642e-05 0.999999904466788 1.1691973209381104
0.9999992915858463 3.7373935055572904e-05 -0.0011897188720186584 -0.001908764592371881 -3.724310014803241e-05 0.9999999932572188 0.00010999324475156419 -0.022125229239463806 0.00118972297487703 -0.0001099488580116942 0.9999992862349911 1.1965081691741943
0.9999972364059321 9.221994849258978e-06 -0.0023509775526658703 -0.0032182266004383564 -8.86623167846479e-06 0.9999999885094006 0.0001513360121579085 -0.020689692348241806 0.0023509789212716537 -0.00015131474961495027 0.9999972249971288 1.1161984205245972
0.9999987022437494 1.968356915827179e-05 -0.001610938662402932 -0.0023315604776144028 -1.941744895945738e-05 0.9999999861641092 0.00016521120996218863 -0.02166527509689331 0.0016109418920604377 -0.0001651797152390542 0.9999986887900814 1.1860268115997314
0.9999995319287226 6.70720692790598e-05 0.0009652169045648686 0.0003526342916302383 -6.70719196388939e-05 0.9999999977506611 -1.8740216455376554e-07 -0.02304110862314701 -0.0009652169149632198 1.2266312617911822e-07 0.9999995341780373 1.2570674419403076
0.9999996615531573 3.116666740716358e-05 0.000822144883371261 -0.0002946612657979131 -3.112793350780633e-05 0.9999999984050966 -4.712598178726307e-05 -0.020198393613100052 -0.0008221463508198202 4.710037416635997e-05 0.9999996609284086 1.1013256311416626
0.9999999985155861 1.0047214965105616e-05 5.355260339130267e-05 -0.000800374778918922 -1.0054529023185605e-05 0.9999999906226018 0.0001365785584352662 -0.021525714546442032 -5.355123065498236e-05 -0.00013657909667873217 0.999999989239208 1.1975873708724976
0.999999981559959 6.5945863476982e-05 0.00018036414428454365 -0.0004204037832096219 -6.595103207045958e-05 0.9999999974148011 2.8650638082937706e-05 -0.022987190634012222 -0.00018036225442719892 -2.8662532756082842e-05 0.999999983323958 1.2476539611816406
0.9999973520371961 9.405585849339407e-05 0.0022993634100825855 0.0019084169762209058 -9.40439218992455e-05 0.9999999955638287 -5.29938053913368e-06 -0.024819955229759216 -0.0022993638983200013 5.083125353615339e-06 0.9999973564464183 1.372280240058899
0.9999989651997103 4.949506137186565e-05 0.0014377585845547166 0.0008190188673324883 -4.9507023556666816e-05 0.9999999987402114 8.284434814103155e-06 -0.02263679727911949 -0.0014377581727048352 -8.355605389481958e-06 0.9999989663902762 1.2441359758377075
0.9999990430892696 6.47045048916688e-05 0.001381895029510831 0.0008948079776018858 -6.472216206798317e-05 0.999999997824459 1.2732793283517977e-05 -0.023421842604875565 -0.0013818942026353762 -1.2822220333432396e-05 0.9999990451015459 1.2849664688110352
0.9999987332037603 0.00012602483465895997 0.0015867289041569714 0.00141373579390347 -0.00012593055741996572 0.999999990299678 -5.9515866019700324e-05 -0.0256328321993351 -0.001586736389242365 5.93159729698502e-05 0.9999987393738284 1.3936526775360107
0.9999983508143412 5.57224300360622e-05 0.0018152860954973296 0.001116213039495051 -5.566276065211272e-05 0.9999999979089318 -3.292101768691094e-05 -0.022273605689406395 -0.0018152879261405473 3.281991955859192e-05 0.9999983518249407 1.2203320264816284
0.9999996310395812 5.538764346928385e-05 0.0008572356210027297 0.00020150479394942522 -5.542890049855718e-05 0.999999997306806 4.8104309203139444e-05 -0.023150816559791565 -0.0008572329543097006 -4.815180708249376e-05 0.9999996314164646 1.268406629562378
0.9999999829710785 6.494234813167028e-05 -0.00017274355043154775 -0.00046026334166526794 -6.492619030394954e-05 0.9999999935173856 9.354046682003779e-05 -0.02395138517022133 0.00017274962404927852 -9.352924964651542e-05 0.9999999807049234 1.3130786418914795
