0.9999834115408444 -5.9939469371677386e-05 0.005759605055423937 0.004855640232563019 6.0405582144868134e-05 0.99999999491498 -8.075398190956827e-05 -0.013899982906877995 -0.0057596001857854046 8.11005546217351e-05 0.9999834100765872 0.7826095819473267
0.999974839010061 -5.946276342402804e-05 0.007093504844713228 0.0062447781674563885 6.0732178859945335e-05 0.9999999821819241 -0.0001787393455624427 -0.01358861569315195 -0.007093494089985201 0.00017916565230854034 0.9999748248037368 0.7541766166687012
0.9999583745458721 -8.688776986565712e-05 0.009123684896629465 0.008279021829366684 8.893446289150299e-05 0.9999999709748032 -0.00022392198256756504 -0.011980592273175716 -0.009123665175731027 0.0002247240717292245 0.9999583532492006 0.6771409511566162
0.999979319723111 -8.179718514225126e-05 0.006430663676812084 0.005672278348356485 8.258346718793315e-05 0.999999989147338 -0.00012200530518494395 -0.01305355504155159 -0.006430653627331729 0.00012253384858420147 0.9999793156257688 0.7392507791519165
0.9999945524145635 -3.739856975448024e-05 0.003300567003434649 0.002174211433157325 3.755966343448461e-05 0.9999999981065542 -4.8745909770530966e-05 -0.01455567218363285 -0.0033005651741578965 4.886961240881477e-05 0.9999945519258054 0.7982967495918274
0.999985984075019 -5.3859427487934964e-05 0.005294218797648717 0.004297689534723759 5.450316681603449e-05 0.9999999911398111 -0.00012144868158688006 -0.01381752360612154 -0.00529421220958448 0.00012173553106155875 0.9999859781504639 0.7648415565490723
0.9999928522547596 -5.8677633769430064e-05 0.0037804756744822844 0.002620261162519455 5.909093751347345e-05 0.9999999922902537 -0.0001092142537121938 -0.01380935125052929 -0.003780469236901795 0.00010943686492838372 0.9999928480123851 0.7665228247642517
0.9999690507987408 -8.349974997813605e-05 0.007867049793724164 0.007118090987205505 8.492069921164198e-05 0.9999999801426309 -0.00018028647345180794 -0.012601486407220364 -0.007867034583629796 0.00018094896909867265 0.9999690380328434 0.7076183557510376
0.9999541601381745 -8.429678997374689e-05 0.009574472121701302 0.009049329906702042 8.621302531071377e-05 0.9999999763381205 -0.00019972749558539108 -0.011861844919621944 -0.009574455058764551 0.00020054378431195565 0.999954143744861 0.6733245253562927
0.9999810277179257 -8.827419586801723e-05 0.00615925416486383 0.005293967667967081 8.925055641178538e-05 0.9999999834964922 -0.0001582446003658385 -0.012349486351013184 -0.0061592400942996825 0.00015879131496593935 0.9999810190932521 0.7020966410636902
0.9999578155728326 -9.485260634494826e-05 0.009184665360927803 0.008694341406226158 9.684574949737761e-05 0.9999999718606423 -0.00021656319102449008 -0.011537851765751839 -0.009184644560894111 0.00021744355123109278 0.9999577966207336 0.6566107273101807
0.9999912049762126 -4.933795022284747e-05 0.004193749633565978 0.003021782264113426 4.959290756567946e-05 0.9999999969285953 -6.069063387330823e-05 -0.014155968092381954 -0.004193746626333803 6.089808033567068e-05 0.9999912043516473 0.7809262275695801
0.9999873810549583 -4.228215411360314e-05 0.005023538898518354 0.0039245146326720715 4.2958117127777174e-05 0.9999999900387236 -0.0001344513027336836 -0.01424516923725605 -0.005023533163586791 0.0001346654078724821 0.9999873729101694 0.7825222611427307
0.9999941611694613 -3.939658650290367e-05 0.0034170272013412705 0.0022024887148290873 3.965435098560329e-05 0.9999999963736298 -7.536758572761834e-05 -0.014446950517594814 -0.003417024219724254 7.55026456650265e-05 0.9999941591053582 0.7925893664360046
0.9999733339537106 -7.362282258366077e-05 0.007302462679168078 0.006324766669422388 7.491954539234433e-05 0.9999999814758922 -0.00017729996321771624 -0.012816198170185089 -0.007302449490572735 0.00017784233251285782 0.9999733209458852 0.7149938344955444
0.9999812003575101 -8.197342629101027e-05 0.006131248805180077 0.005220692604780197 8.277441514733383e-05 0.9999999880738438 -0.00013038676621048947 -0.012907993979752064 -0.0061312380438078755 0.00013089182551987086 0.9999811952168803 0.7289586067199707
0.9999975264571537 -5.431941542319969e-05 0.002223539740102514 0.0009134692372754216 5.422050034331027e-05 0.9999999975379106 4.4545667925123584e-05 -0.015563186258077621 -0.002223542154322601 -4.442499630226375e-05 0.9999975269402961 0.8583588600158691
0.9999863727419508 -0.00016329523280183433 0.005218013516983389 0.003487776033580303 0.00016460163339197554 0.9999999552193681 -0.00024993511983566733 -0.016993965953588486 -0.005217972470103867 0.0002507906074532506 0.9999863548405912 0.8777323961257935
0.9999856296411898 -7.299380798749391e-05 0.005360520778535943 0.004096727818250656 7.36665716692775e-05 0.9999999894358114 -0.00012530607856727733 -0.01201757974922657 -0.005360511575338551 0.00012569916906208392 0.9999856244543566 0.6874118447303772
0.9999876807721471 -8.06285982806137e-05 0.0049630437204771964 0.0036316141486167908 8.131314826790908e-05 0.9999999872096065 -0.00013772784240155919 -0.012974479235708714 -0.004963032552195038 0.00013812970641079023 0.9999876745380765 0.721114456653595
0.9999992480436287 -7.717540386798091e-05 0.001223910182191606 -0.000600126339122653 7.727924506033084e-05 0.9999999934187158 -8.479673684606368e-05 -0.013004770502448082 -0.0012239036299142923 8.489125593751857e-05 0.9999992474264064 0.719412088394165
0.9999972415392734 -3.871858123650222e-05 0.0023484920087905045 0.0004976574564352632 3.889701454025313e-05 0.999999996360662 -7.593219312922357e-05 -0.01179257407784462 -0.00234848906025676 7.602333300106454e-05 0.9999972394059827 0.6627489924430847
0.9999975933658622 -7.044074841279373e-05 0.0021927837523060805 0.00037325697485357523 7.061630340306125e-05 0.9999999943080279 -7.998300946155603e-05 -0.013432934880256653 -0.0021927781057617703 8.013766325446518e-05 0.9999975926481691 0.742948591709137
0.9999981338171121 -8.163744834240742e-05 0.001930206626282544 -3.291061148047447e-05 8.166838320386434e-05 0.9999999965379699 -1.5947896732846085e-05 -0.01391980517655611 -0.0019302053176545146 1.6105503825571987e-05 0.9999981370222869 0.7668800354003906
0.9999947508903171 -4.7753133607882226e-05 0.003239739410934098 0.0014393734745681286 4.815389565394636e-05 0.9999999911991484 -0.00012362404824928447 -0.014199715107679367 -0.0032397334789859397 0.00012377940540663586 0.9999947443890111 0.7791483998298645
0.9999946587381987 -4.877020249436483e-05 0.00326804475802775 0.0013399722520262003 4.9218676888470895e-05 0.9999999893837127 -0.00013714990314155404 -0.01471296139061451 -0.0032680380345047 0.0001373100194270178 0.9999946505223731 0.8114247918128967
0.9999963787470314 -5.0994697726347124e-05 0.0026907048081214373 0.0007565181003883481 5.121400887928147e-05 0.9999999953724792 -8.143811590564573e-05 -0.015583595260977745 -0.002690700642758041 8.157562277756142e-05 0.9999963767311704 0.8582345843315125
0.9999772659018256 -0.00012125558436025584 0.0067418822737611885 0.0048546320758759975 0.00012327498744546723 0.9999999476663569 -0.00029911630067159416 -0.015223664231598377 -0.006741845651412096 0.00029994060598490576 0.9999772285171526 0.8052951097488403
0.9999563193291516 -0.00010898531885209688 0.009345991434605266 0.008539292961359024 0.00011127872686176782 0.9999999638279077 -0.000244869818089462 -0.010177435353398323 -0.009345964409326002 0.00024589913203964126 0.9999562952863871 0.5795954465866089
0.9999987782237727 -6.721060979485093e-05 0.0015617405981166526 -0.0008424826664850116 6.725164564016763e-05 0.9999999973947796 -2.6223211462026156e-05 -0.013147830963134766 -0.0015617388315699412 2.6328209048416194e-05 0.9999987801385797 0.7317586541175842
0.9999999323020698 -7.427888402076693e-05 0.0003603866026789348 -0.0016036162851378322 7.429888310598101e-05 0.9999999957008036 -5.548034950345985e-05 -0.014654520899057388 -0.00036038248011111576 5.550712206962042e-05 0.9999999335217117 0.8149089217185974
0.9999999327037099 -6.168277526183712e-05 0.00036164597448517903 -0.0017225969349965453 6.171317594174479e-05 0.9999999945634204 -8.405143241666142e-05 -0.014829358085989952 -0.00036164078799344565 8.407374508196387e-05 0.9999999310737706 0.826838493347168
0.9999999277557398 -8.939035108241064e-05 0.00036945619512692335 -0.001510785543359816 8.939780292127628e-05 0.9999999958009388 -2.015328431695934e-05 -0.014576703310012817 -0.0003694543920663937 2.0186311433120232e-05 0.9999999315479801 0.823622465133667
0.9999989085999319 -6.15669044725439e-05 0.001476146490355795 -0.0005892302142456174 6.166741078811155e-05 0.9999999957837399 -6.804153381090345e-05 -0.013929164968430996 -0.0014761422950253656 6.813248968237302e-05 0.9999989081803481 0.7742518782615662
0.999999019767729 -5.469909979949607e-05 0.0013990967049361672 -0.0005885480204597116 5.4808878255801425e-05 0.999999995422707 -7.842558763867838e-05 -0.013826950453221798 -0.0013990924087230467 7.850219368435543e-05 0.9999990181884367 0.7688242197036743
0.9999892976366396 -5.185106037928497e-05 0.004626221314208267 0.0028823446482419968 5.2359656838303296e-05 0.9999999925993768 -0.00010981672431348539 -0.011258968152105808 -0.004626215585857742 0.00011005777637546872 0.9999892929509991 0.6410925984382629
0.9999885079278991 -4.068567546181788e-05 0.004793991740731762 0.003341966774314642 4.126375165272729e-05 0.9999999918903786 -0.00012048462869431603 -0.011100072413682938 -0.0047939867998558015 0.00012068106216089078 0.9999885014972143 0.633457601070404
0.9999925588458259 -7.656390611982263e-05 0.003856992474116442 0.002400227589532733 7.707248486001032e-05 0.9999999883560977 -0.00013171042641567314 -0.013169554993510246 -0.0038569823449412757 0.00013200671433215037 0.9999925531029809 0.7356399297714233
0.9999944918110318 -8.630274058667621e-05 0.00331796615919737 0.0019247941672801971 8.673593621877949e-05 0.999999987734152 -0.00013041692168952373 -0.012137708254158497 -0.00331795486316194 0.00013070399022963462 0.9999944870308002 0.686271071434021
0.9999889633257263 -3.119720411792497e-05 0.004698111692299582 0.003454797901213169 3.156594582571131e-05 0.9999999964274894 -7.841308600224985e-05 -0.008584409952163696 -0.004698109229246478 7.856052092172312e-05 0.9999889607380245 0.5233792066574097
0.9999958067193002 -1.3081454245548906e-07 0.0028959530035266483 0.0013647789601236582 1.8581066556192343e-07 0.9999999998196648 -1.8990413140950354e-05 -0.007654048968106508 -0.0028959530005201843 1.899087160777247e-05 0.9999958065389901 0.46652889251708984
0.9999993050158572 -5.8047325434172586e-05 0.0011775390909559654 -0.0005425926065072417 5.8066631299351014e-05 0.9999999981802935 -1.636091367794761e-05 -0.011792090721428394 -0.0011775381391059092 1.6429278035607153e-05 0.9999993065667646 0.6780791878700256
0.9999997701407622 -4.469888493243859e-05 0.0006765503915631353 -0.0011651086388155818 4.47568782654314e-05 0.9999999953258004 -8.570426514488495e-05 -0.014398325234651566 -0.0006765465575157178 8.573452572848352e-05 0.9999997674671462 0.7920374274253845
0.9999983024318034 -4.7583301406623145e-05 0.0018419743051615767 -2.3478991352021694e-05 4.766474267753003e-05 0.9999999978885309 -4.4170245479703234e-05 -0.011489841155707836 -0.001841972199506201 4.425796772897342e-05 0.9999983025883836 0.6608827710151672
0.9999978640179255 -5.551523343838506e-05 0.0020661262413900878 0.00018618640024214983 5.555095462889024e-05 0.9999999983085819 -1.723158432825504e-05 -0.013441246002912521 -0.0020661252812799783 1.7346322806992823e-05 0.9999978654104352 0.746196985244751
0.9999935484535283 -6.349699795813471e-05 0.003591520493027516 0.0020211783703416586 6.378947244948735e-05 0.9999999946589612 -8.132023479015919e-05 -0.013611913658678532 -0.0035915153102542836 8.154881134642712e-05 0.9999935471629641 0.7613296508789062
0.9999951783622251 -4.043302924240354e-05 0.003105095404601369 0.0014572138898074627 4.073577487207503e-05 0.9999999944233683 -9.743643997293694e-05 -0.013175963424146175 -0.0031050914476349694 9.756245863707549e-05 0.999995174432691 0.7360643744468689
0.9999988397399951 -4.225588200767483e-05 0.001522738685379611 -0.0001550479792058468 4.2408302423672684e-05 0.9999999940943569 -0.00010006409001873695 -0.012355195358395576 -0.0015227344480904785 0.00010012855068105718 0.9999988356263592 0.6935490965843201
0.9999997244913907 -8.013519110182488e-05 0.0007379671359168083 -0.000849648960866034 8.006765266405306e-05 0.9999999926040066 9.154866271405866e-05 -0.015359538607299328 -0.00073797446672839 -9.148955019529785e-05 0.999999723511636 0.8538446426391602
0.9999845901325445 -5.507074713091766e-05 0.005551257934864021 0.004183123353868723 5.633388537817438e-05 0.9999999725613231 -0.00022738479736109595 -0.016824446618556976 -0.005551245260294172 0.00022769401731971458 0.9999845657966397 0.8970763683319092
0.999990208811399 -7.096657745732073e-05 0.004424618071603338 0.002963954582810402 7.147901448059882e-05 0.9999999907571107 -0.00011565694629933906 -0.014445655047893524 -0.0044246098229294446 0.00011597208121957607 0.9999902046412211 0.8080403804779053
0.9999969785658835 -3.5658728169748114e-05 0.002457964108564548 0.0006420016288757324 3.6051335836351734e-05 0.9999999866005517 -0.00015968468225684726 -0.012652065604925156 -0.002457958381476507 0.00015977281266965198 0.9999969664520204 0.7067607641220093
0.9999918697847952 -3.7971594466743585e-05 0.004032235418095463 0.0024083037860691547 3.8366768247454434e-05 0.9999999944692113 -9.792634102392027e-05 -0.011392236687242985 -0.004032231677374713 9.808024870349879e-05 0.9999918657108989 0.6591495275497437
0.9999997779015023 -8.530233696942288e-05 0.0006609995893496552 -0.0013713157968595624 8.527070530108583e-05 0.9999999952180947 4.7882327666861885e-05 -0.01356012374162674 -0.0006610036706632674 -4.782595313108128e-05 0.9999997803933885 0.7639015913009644
0.9999995951857799 -5.1385216651082853e-05 -0.0008983250168921494 -0.002498505637049675 5.1378022426460044e-05 0.9999999986478965 -8.031562700679542e-06 -0.015180015936493874 0.0008983254283811104 7.985405286524617e-06 0.9999995964737476 0.8380727767944336
0.9999986861139247 -4.852317263730892e-05 0.0016203135271511033 -0.0003221522783860564 4.866935314811129e-05 0.9999999947496009 -9.017811499722577e-05 -0.013637847267091274 -0.0016203091429155684 9.025685612471974e-05 0.9999986832251238 0.7613915205001831
0.999999487679168 3.1606941105734875e-05 0.001011752144912905 -0.0014395558973774314 -3.15977291575369e-05 0.999999999459196 -9.120928802674273e-06 -0.010354368947446346 -0.001011752432650405 9.088955059582926e-06 0.999999488137072 0.6047950983047485
0.9999991876933092 -7.1743169794768e-05 0.0012725822721241023 -0.0009565645596012473 7.171982721952063e-05 0.9999999972590682 1.8388309826676228e-05 -0.013553689233958721 -0.0012725835878716753 -1.8297025509049755e-05 0.9999991900977874 0.7689898014068604
0.9999998618948336 -4.2212926623782826e-05 -0.0005238591250757151 -0.0022039739415049553 4.222600495243458e-05 0.9999999987971234 2.495431915471752e-05 -0.016901228576898575 0.0005238580710507336 -2.4976436186406943e-05 0.9999998624744402 0.9488255977630615
0.9999970352994362 0.00017184991377557044 -0.0024289627303073734 -0.0024305270053446293 -0.00017150975289567641 0.9999999754569909 0.0001402512821586418 -0.02782030776143074 0.0024289867728640646 -0.0001398342755579187 0.9999970402304361 1.5191965103149414
0.9999998944688172 1.0820348309740446e-06 0.00045941395701807155 -0.0008371832082048059 -1.0730025596347832e-06 0.9999999998061535 -1.9660666000155126e-05 -0.018754271790385246 -0.0004594139782025411 1.9660170972989972e-05 0.9999998942761317 1.0143662691116333
0.9999894370955096 9.285865082488824e-05 -0.004595331835357778 -0.003717673011124134 -8.988222165127927e-05 0.9999997860672704 0.0006479094072202508 -0.03230952471494675 0.004595391016259306 -0.000647489524780477 0.9999892315113814 1.8316171169281006
0.9999955390053082 7.143131682502742e-05 -0.002986112363893558 -0.0033041234128177166 -7.107800968060221e-05 0.9999999904619881 0.00011842271778254502 -0.02358820103108883 0.002986120794502656 -0.00011820994257592143 0.9999955345445348 1.2670979499816895
0.9999994265640992 -9.536520502498716e-07 -0.0010709204282029448 -0.002189076505601406 1.0727579554328726e-06 0.9999999938147375 0.00011121768974332576 -0.01950470358133316 0.001070920315516043 -0.00011121877480551863 0.9999994203798632 1.058072566986084
0.9999981632067575 -2.1170914708314998e-05 -0.00191654243449712 -0.003004053607583046 2.144259620674791e-05 0.9999999897256143 0.00014173562006547258 -0.018684053793549538 0.0019165394141331007 -0.00014177645537197947 0.9999981533863502 1.0240716934204102
0.9999992122196979 -2.6572066551008718e-05 -0.0012549318343852926 -0.002457970753312111 2.6562803756930404e-05 0.9999999996198452 -7.397780003670176e-06 -0.019513608887791634 0.001254932030482527 7.3644396677997085e-06 0.9999992125453719 1.037630558013916
0.99999964850612 -3.898832619651733e-05 -0.0008375365941275847 -0.0023732692934572697 3.904242654855756e-05 0.999999997152662 6.457836022737601e-05 -0.01584990695118904 0.0008375340739406612 -6.461103698943558e-05 0.999999647180982 0.8791275024414062
0.9999994001067276 -5.459714163969245e-05 -0.0010939859859661575 -0.0024113268591463566 5.474322455089372e-05 0.9999999895900366 0.0001335032087585823 -0.016700683161616325 0.0010939786856842052 -0.00013356301699139078 0.9999993926855937 0.9348928332328796
0.9999981171274653 -3.714247039921159e-05 -0.0019401963716553425 -0.0031179538927972317 3.750744015689665e-05 0.9999999816107462 0.00018807365290923083 -0.017640143632888794 0.0019401893504564932 -0.00018814607058981783 0.9999981001313654 0.978141188621521
0.9999975282735017 -2.1124192697966277e-05 -0.0022232860039074092 -0.0032261391170322895 2.1556616794473333e-05 0.9999999808575964 0.00019447395344280758 -0.018878690898418427 0.0022232818532431048 -0.00019452139928079443 0.9999975095865119 1.037790060043335
0.999930062378108 0.0004020224011493264 -0.011819844774875068 -0.008560189045965672 -0.0003895952544264618 0.9999993690040595 0.0010536636183606821 -0.0460539348423481 0.011820260912978853 -0.0010489849722005913 0.9999295880523175 2.834871292114258
0.9994315186495127 0.0008884291873794981 -0.033702377119539204 -0.02444065362215042 -0.0008376235514079702 0.9999984916071835 0.0015215683171884583 -0.06396660208702087 0.033703678088819244 -0.0014924734291628852 0.9994307552834005 4.0022196769714355
0.9999239014603545 0.0003074899808551606 -0.0123327506345813 -0.009089102037250996 -0.0003000455520991967 0.9999997716853675 0.0006054765721854187 -0.03396214544773102 0.012332933996813462 -0.0006017301093294312 0.9999237654240976 2.085155725479126
0.9999980808244321 -8.04378464695018e-06 -0.0019591535799898833 -0.0030695628374814987 8.27738111597584e-06 0.9999999928584083 0.0001192252833617511 -0.018654370680451393 0.001959152606975905 -0.00011924127120834649 0.9999980737494356 1.0156476497650146
0.9999959966512925 -4.5300438955708204e-05 -0.0028292453514444146 -0.0039201173931360245 4.5943564721173263e-05 0.9999999731235499 0.00022724895687868104 -0.01756417006254196 0.002829234980926844 -0.00022737803273877938 0.9999959718562135 0.9754367470741272
0.9999954348666997 -1.3903532484553179e-05 -0.003021597665475208 -0.0038013788871467113 1.468410041071877e-05 0.9999999665308043 0.0002583075058429801 -0.01968320459127426 0.0030215939729579654 -0.00025835069607830406 0.9999954016018177 1.0866811275482178
0.9999991564248343 -3.8733511377250864e-07 -0.0012989031796517185 -0.0025905263610184193 4.285044603807703e-07 0.9999999994976158 3.169519173720895e-05 -0.017989296466112137 0.0012989031667225092 -3.169572158573841e-05 0.9999991559226162 0.9753625392913818
0.9999995022820313 -3.337821859063466e-05 -0.00099715675002221 -0.00231785885989666 3.34837484049928e-05 0.9999999938410956 0.00010581421072044606 -0.01765674352645874 0.0009971532119909614 -0.00010584754660055012 0.9999994972407579 0.973475456237793
0.9999977548509013 -1.2466812016125707e-05 -0.002118994510476583 -0.002921366598457098 1.293715793455127e-05 0.9999999752847484 0.00022195299627826895 -0.02052612416446209 0.0021189916910588193 -0.00022197991172734387 0.9999977302969902 1.1312754154205322
0.9999975103392781 2.88961592382662e-05 -0.0022312508280455247 -0.0032066921703517437 -2.8773742365410424e-05 0.9999999980792086 5.4896765826979954e-05 -0.02011711522936821 0.0022312524100654442 -5.483242771617951e-05 0.9999975092499419 1.0792007446289062
0.9999724546199905 0.00027974219848471145 -0.007416990331213462 -0.005462484899908304 -0.0002743851611180971 0.9999997007941516 0.000723273385846094 -0.03795662894845009 0.007417190442093639 -0.0007212183509187889 0.999972232179492 2.3086087703704834
0.9999793816942555 0.0006419902371631308 -0.0063893688975975695 -0.007646970916539431 -0.0006432012633084511 0.9999997755707977 -0.00018748463667914945 -0.044183604419231415 0.006389247100330239 0.0001915904212102665 0.9999795701986122 2.6769566535949707
0.9996828307097647 0.0011782550872576076 -0.02515650411048629 -0.012198940850794315 -0.0011275582943867022 0.9999973051804409 0.002029345743977995 -0.08885904401540756 0.025158827405193623 -0.002000336672961184 0.9996814652962164 5.542140960693359
0.9996947934751311 0.0009887344003947922 -0.024684859793007774 -0.014228648506104946 -0.0009473587669925243 0.9999981269321477 0.0016877925117698008 -0.07145936787128448 0.024686482335107576 -0.0016638919681456964 0.9996938576651538 4.565850734710693
0.9990419204759763 0.0017015630415444087 -0.04373037634058136 -0.025574371218681335 -0.0015726388204752111 0.9999943160469869 0.002982395154838241 -0.1056845486164093 0.04373520251254775 -0.0029107656956406536 0.9990389179127366 6.504776954650879
0.9997778874148953 0.0013545748113946703 -0.02103190346328987 -0.01078171655535698 -0.0013421412461303288 0.9999989161455359 0.0006052806198144937 -0.07753972709178925 0.02103270056564884 -0.0005769183942486004 0.9997786218318943 4.255122661590576
0.9999306284700514 0.0007678256560802089 -0.011753667140521337 -0.005390488542616367 -0.0007602069820686492 0.9999994980668419 0.0006526495300671548 -0.057766806334257126 0.01175416236201968 -0.0006436690349455986 0.9999307102781377 3.377180814743042
0.9991853772215251 0.0017201424861505445 -0.04031901606569554 -0.027698716148734093 -0.0016511002824485322 0.9999971133100042 0.001745634416496038 -0.09526322782039642 0.040321902417120324 -0.0016776416441233537 0.9991853330108375 5.646263122558594
0.9988416721280657 0.002142928710835784 -0.04806996855573936 -0.02256467379629612 -0.001965749610554922 0.9999911008653608 0.0037328298316822643 -0.1398993879556656 0.04807753996283606 -0.0036340124688792074 0.9988369957628211 8.777524948120117
0.9995715667979342 0.0014781329820890304 -0.029231797276425223 -0.01673310622572899 -0.0014363109847296482 0.9999979148623196 0.0014516479490358574 -0.08373694121837616 0.029233882052815113 -0.00140904006332526 0.9995716056122352 4.846104145050049
0.9997338443682283 0.000810267185912254 -0.023056103135838082 -0.01634853333234787 -0.0007773217722006942 0.9999986641781022 0.0014378500872833915 -0.058844245970249176 0.023057237379734623 -0.0014195453844354261 0.999733138740192 3.444758415222168
0.9998640602695272 0.0007710040587132251 -0.01647017103968337 -0.007645340170711279 -0.0007499815126097999 0.9999988963092764 0.0012825396522711157 -0.06599033623933792 0.01647114170498574 -0.0012700129803871816 0.9998635349676294 4.020171165466309
0.9994803020291779 0.0011467160795051946 -0.032215072526633484 -0.019950231537222862 -0.0010653050281309894 0.9999961961781463 0.0025441608509243056 -0.08235135674476624 0.032217867416393195 -0.002508519776948408 0.9994777217865681 5.102201461791992
0.999981588327115 0.0004278702907680734 -0.006053092911450271 -0.004112004302442074 -0.00042699634532967584 0.9999998982269508 0.0001456715802426685 -0.03684704378247261 0.006053154623949942 -0.0001430842496340542 0.99998166925499 1.9951591491699219
0.9996136766331666 0.0010337228298581658 -0.027774608998760265 -0.0176402498036623 -0.000974999812516231 0.9999972610677998 0.0021277293681456026 -0.07917231321334839 0.027776732408412944 -0.0020998271380058874 0.9996119466386453 5.08638334274292
0.9991116758435039 0.0021572765502389313 -0.04208569057376843 -0.027559153735637665 -0.0021072411605693444 0.9999970193483654 0.001233218989604918 -0.11100354045629501 0.04208822552539361 -0.001143438791938172 0.9991132437415955 6.321198463439941
0.9999847053482986 7.898115295412291e-05 -0.005530174631370344 -0.004394040908664465 -7.727414220866025e-05 0.9999999493093451 0.00030888511427054475 -0.02326280251145363 0.005530198747144626 -0.00030845305047940303 0.9999846607616201 1.4229676723480225
0.9996073886193158 0.000868100232232499 -0.028005624786086637 -0.01791262812912464 -0.0008040894128567974 0.9999970390193799 0.0022968223024350974 -0.07335005700588226 0.02800753573394853 -0.00227340151746882 0.9996051268314163 4.73389196395874
0.9999493604620114 0.0002691596721248474 -0.01006002309564243 -0.0068250359036028385 -0.0002592850513753007 0.9999994833769008 0.0009828617366628642 -0.04222770035266876 0.010060282445144904 -0.000980203551393423 0.9999489136541534 2.4562225341796875
0.9999981615907494 9.16955354210473e-06 -0.0019174803886529389 -0.002884753979742527 -8.944144204397466e-06 0.9999999930494122 0.00011756350589290046 -0.020170899108052254 0.001917481453330185 -0.00011754613954195848 0.9999981547221881 1.0888235569000244
0.9999987950236087 0.00014377605113052177 -0.0015457295294128474 -0.0010222633136436343 -0.00014383460674300823 0.9999999889424754 -3.777108729393186e-05 -0.029923133552074432 0.001545724081743127 3.799337117965753e-05 0.999998804646069 1.5708770751953125
0.9999981229598174 2.883735895803276e-05 -0.0019373294115185642 -0.0027026967145502567 -2.859557790895247e-05 0.999999991800033 0.00012482879071872143 -0.021641883999109268 0.001937332995365173 -0.00012477315735594293 0.9999981155844866 1.1656951904296875
0.9999524245731598 0.0007083533717306284 -0.009728660018729365 -0.005126376170665026 -0.0007061146322486244 0.9999997234280141 0.00023355089724158632 -0.04822658747434616 0.009728822764620074 -0.00022667023676656414 0.9999526481930124 2.609159231185913
0.9999982366698977 4.002447407722989e-05 -0.0018775130189682251 -0.0026505086570978165 -3.985598220139811e-05 0.9999999951755814 8.977938383764562e-05 -0.021640270948410034 0.0018775166032829378 -8.970439540148867e-05 0.9999982334407025 1.164076566696167
0.9999974066433215 -9.513456774764455e-06 -0.0022774143509229684 -0.003265863750129938 9.857683371328774e-06 0.9999999885302453 0.00015113681050303173 -0.019329069182276726 0.00227741288696807 -0.00015115886858095155 0.9999973952673771 1.0524945259094238
0.99999614649563 7.622155996719624e-06 -0.002776136846973498 -0.0035421550273895264 -7.066320769693728e-06 0.9999999799292648 0.0002002287116168568 -0.020693745464086533 0.002776138317428866 -0.00020020832296118032 0.9999961264788328 1.1182518005371094
0.9999963370506902 1.3031158946091584e-05 -0.002706605880262192 -0.003513278905302286 -1.2593283633450236e-05 0.9999999868315366 0.00016179720615924238 -0.02067307010293007 0.002706607953025462 -0.00016176252844874367 0.9999963240463802 1.1119756698608398
0.9999959551604994 2.5769030645890127e-06 -0.0028442320579488618 -0.0037146927788853645 -2.1406925618316234e-06 0.9999999882365699 0.00015336973999111213 -0.019832825288176537 0.00284423241970989 -0.0001533630310087191 0.9999959434026335 1.0702776908874512
0.9999973841783454 -9.08522313547178e-06 -0.0022872590419675417 -0.0033344244584441185 9.367267545463345e-06 0.9999999923546314 0.0001233004094313499 -0.018860869109630585 0.002287257904268871 -0.0001233215122668608 0.9999973766181007 1.0199341773986816
0.9999984308853185 -3.483685281508546e-05 -0.0017711615665535212 -0.002940016333013773 3.509340565627877e-05 0.9999999888979293 0.00014481917811461122 -0.017580080777406693 0.0017711565018455673 -0.00014488110696805052 0.9999984210058089 0.9689763784408569
0.9999990772463548 -2.2291758986954466e-05 -0.001358311273732613 -0.0025367713533341885 2.2475420783585758e-05 0.9999999906081484 0.0001351982202217069 -0.018400724977254868 0.0013583082471694142 -0.00013522862408448858 0.9999990683555285 1.0096244812011719
0.9999999857535188 1.8453811348255238e-05 0.00016778682666372227 -0.0008530697086825967 -1.846277426831251e-05 0.9999999984028696 5.3417104781485396e-05 -0.02072412148118019 -0.0001677858406465704 -5.3420201830785503e-05 0.9999999844970968 1.1292333602905273
0.9999876657286518 0.00013733763916556237 -0.004964829194990756 -0.0036329268477857113 -0.00013435671648471948 0.9999998105319791 0.0006007364472800025 -0.03303581848740578 0.004964910758039824 -0.0006000619794851063 0.9999874947152019 1.8731482028961182
0.9997637480474589 0.0006951158691537988 -0.021724753255801796 -0.01596512831747532 -0.0006614064233458709 0.9999985663293695 0.001558807476472319 -0.05908370390534401 0.021725805661474952 -0.0015440703138133755 0.9997627744696367 3.7820420265197754
0.9995794925539627 0.0010190638936909324 -0.028979295615022306 -0.021604858338832855 -0.0009962508148175385 0.9999991824225565 0.0008016473866069396 -0.06692992895841599 0.02898008885211105 -0.0007724396410424708 0.9995796905635511 4.019868850708008
0.9974694917511178 0.0009209401955757238 -0.07108983679066046 -0.05830349028110504 -0.0006980840775385899 0.9999947646848206 0.00315963313860193 -0.07083696871995926 0.07109237444611942 -0.00310201097774288 0.9974649125776337 4.807849407196045
0.9995886870437192 0.0013736544635859602 -0.02864558967150681 -0.021660076454281807 -0.00135841319408515 0.999998925270787 0.00055151687649335 -0.08584222197532654 0.028646316478873907 -0.0005123774834943166 0.9995894787469037 5.125807762145996
0.99775697374779 0.0008329767873070557 -0.06693524846688442 -0.055611979216337204 -0.0006536933373607928 0.9999961404751976 0.002700318449668712 -0.061903294175863266 0.06693723943121971 -0.0026505064385393866 0.9977536673913792 4.146775722503662
0.9998881907660819 0.0008596849363172044 -0.014928727619652875 -0.008688664995133877 -0.0008533061837868922 0.9999995419102345 0.0004336448753761053 -0.05431589484214783 0.01492909357892261 -0.000420857614280877 0.9998884663020073 2.9584484100341797
0.9999954794407379 1.821209789437793e-05 -0.0030067867248359517 -0.003722080495208502 -1.7665168677490586e-05 0.999999983295673 0.00018192469874571263 -0.021092401817440987 0.0030067899878400252 -0.00018187076094965923 0.999995463058206 1.127976655960083
0.9999917186344147 -1.5263998041629948e-06 -0.004069724838305566 -0.004547326359897852 2.8262770974347674e-06 0.999999948989092 0.0003193960322492266 -0.0214540995657444 0.004069724143179165 -0.00031940488938402044 0.9999916676282432 1.163521647453308
0.9999895187271975 0.00011115280815490088 -0.00457712582315435 -0.004667902830988169 -0.00011053022573003803 0.999999984606353 0.00013627311884441246 -0.024982072412967682 0.004577140899835526 -0.0001357657797782502 0.9999895156194569 1.318758487701416
0.99999842937325 -3.918637855715177e-06 -0.001772353146948802 -0.0029293466359376907 4.053907159847131e-06 0.9999999970795428 7.631828263684489e-05 -0.01859682984650135 0.001772352842709009 -7.632534772442084e-05 0.9999984264686832 1.0040085315704346
0.9999984739614819 -1.239463505888824e-05 -0.0017469748368328453 -0.002855987288057804 1.2607141863592506e-05 0.999999992523385 0.00012163177963989404 -0.018880188465118408 0.001746973316189867 -0.00012165361838471336 0.9999984666411392 1.0276062488555908
0.9999970821202798 -1.995641137212958e-05 -0.0024156474634924176 -0.003344076219946146 2.0458698849858502e-05 0.9999999781782151 0.00020790625485759558 -0.01932218112051487 0.00241564326171593 -0.00020795506921613387 0.9999970607068408 1.0552425384521484
0.9999947202673751 1.4106092923585634e-05 -0.003249498175398233 -0.003916518297046423 -1.345007641255306e-05 0.9999999795269001 0.000201904170930628 -0.021193383261561394 0.00324950095694993 -0.00020185939893182812 0.9999946999841116 1.134300708770752
0.999987952255038 7.322011814109755e-06 -0.004908695464584382 -0.005188672337681055 -5.710043578650354e-06 0.9999999460590084 0.00032840428689908 -0.02195907011628151 0.0049086976043845485 -0.00032837230150296984 0.9999878983565053 1.1806800365447998
0.999994926802067 4.872199623005075e-06 -0.0031853330108790644 -0.003957443404942751 -4.267435395451531e-06 0.999999981966384 0.00018986579650197708 -0.019990969449281693 0.003185333878500054 -0.0001898512400723738 0.9999949087893343 1.0688743591308594
0.9994974372297943 0.00029047152245550485 -0.03169840054905131 -0.026766669005155563 -0.00025923619904140877 0.9999994768465755 0.000989496421648029 -0.03786635771393776 0.03169867138645658 -0.000980781764711229 0.9994969896400206 2.47949481010437
0.9999973406670712 1.9502347579587535e-05 -0.002306139294145782 -0.003792821429669857 -1.9417518678062316e-05 0.9999999991341271 3.680632930584689e-05 -0.020457874983549118 0.0023061400099587855 -3.676145192274509e-05 0.9999973401798877 1.1345529556274414
0.9999962871634537 -1.578383918840188e-06 -0.0027250058377990397 -0.003776377998292446 1.9553388192978274e-06 0.9999999904306157 0.00013832911859478064 -0.02042112872004509 0.0027250055933859554 -0.00013833393331107117 0.9999962775971913 1.1144890785217285
0.9986326436896626 0.00037697611031095867 -0.05227524123719963 -0.048476025462150574 -0.00029556227128807233 0.9999987315061624 0.0015651290712654744 -0.041268885135650635 0.05227576494264769 -0.0015475383931211884 0.9986314883502235 2.8622167110443115
0.9990887946237212 0.00035770174145251395 -0.04267847826227974 -0.036179788410663605 -0.0002951643377464891 0.9999988736244888 0.0014716072055102486 -0.04404391348361969 0.04267895658674712 -0.0014576691043405034 0.9990877748553672 2.936757802963257
0.9996623964595899 0.0002518726296068316 -0.025981333007536404 -0.021863067522644997 -0.0002286665920629304 0.9999995723147789 0.0008961483410416297 -0.034652020782232285 0.02598154761094343 -0.0008899047353128756 0.9996620265136125 2.2314937114715576
0.9998464733444131 0.00024898554022854215 -0.01752049505410335 -0.013234672136604786 -0.0002306613667853085 0.9999994243672812 0.0010478837915556488 -0.0367036797106266 0.01752074587664508 -0.0010436816121257525 0.9998459552314141 2.2276339530944824
0.9999927449417296 0.0001314635658190528 -0.003806938564738264 -0.003973339684307575 -0.00013122678254043774 0.9999999894399181 6.244754000104741e-05 -0.024805646389722824 0.003806946734112966 -6.194751464132616e-05 0.9999927516332652 1.301194667816162
0.9999986030830754 -1.244652046536078e-05 -0.0016714296220331543 -0.0028873910196125507 1.2563319781665884e-05 0.9999999974802143 6.986940772988176e-05 -0.018557608127593994 0.0016714287481904967 -6.989030883295775e-05 0.9999986007196631 0.9941072463989258
0.9999979062865784 -3.9841858712456685e-05 -0.002045931349239002 -0.0031432616524398327 4.011948894021958e-05 0.9999999899936883 0.00013565784004615654 -0.017901631072163582 0.002045925923906279 -0.00013573963773765433 0.9999978978787227 0.9683552980422974
0.9999996084370747 -1.0479605994069885e-05 -0.0008848818424327565 -0.002206901554018259 1.0503131939061538e-05 0.9999999995915435 2.658189546570449e-05 -0.017734991386532784 0.0008848815635035298 -2.6591179087961295e-05 0.999999608138687 0.9502057433128357
0.9999998118834668 -3.2985128279614426e-05 -0.0006124908261207858 -0.0019415387650951743 3.305386510785594e-05 0.9999999931575851 0.00011221529046605492 -0.01806519366800785 0.0006124871204941185 -0.0001122355145456499 0.9999998061313393 0.983925998210907
0.9999991353393156 -6.263899566194373e-06 -0.001315021438912576 -0.0024704132229089737 6.402093525194717e-06 0.9999999944581236 0.00010508456667429196 -0.019261181354522705 0.001315020773385718 -0.00010509289470203817 0.999999129837546 1.0361852645874023
0.9999983685473512 -5.26313278504551e-06 -0.0018063429726674265 -0.002866766881197691 5.505935401449147e-06 0.9999999909515858 0.00013441172857401226 -0.019522249698638916 0.001806342248896112 -0.00013442145489536204 0.9999983595279304 1.0502119064331055
0.9999984748476116 -1.2552865412940912e-06 -0.0017465110578023522 -0.002786769066005945 1.4740637047406247e-06 0.9999999921533813 0.00012526397937599921 -0.019695216789841652 0.0017465108868559584 -0.00012526636279790214 0.9999984670028552 1.0594607591629028
0.999998536330134 6.461869663335438e-06 -0.001710934199030553 -0.0026856218464672565 -6.2067487252336945e-06 0.9999999888627478 0.00014911733654626104 -0.02060379460453987 0.0017109351435522409 -0.00014910649894905027 0.9999985252330056 1.1136499643325806
0.9999981294772502 8.052265153585063e-06 -0.0019341605832072612 -0.0028915591537952423 -7.790350956854366e-06 0.9999999908000401 0.00013542241370907246 -0.02053307741880417 0.0019341616558702444 -0.0001354070926086167 0.9999981203400375 1.106067419052124
0.9999977943100467 1.0020473006052709e-05 -0.002100303461772745 -0.002996973693370819 -9.706986490984959e-06 0.9999999888124393 0.00014926786498797994 -0.020623836666345596 0.002100304934010085 -0.0001492471481320194 0.9999977832197794 1.1091279983520508
0.9999988141253933 1.9509580445057896e-05 -0.0015399244083461354 -0.0024595861323177814 -1.9349356794106793e-05 0.9999999943984273 0.00010406126866301972 -0.02082902006804943 0.0015399264299118293 -0.00010403134871259063 0.9999988089013251 1.1214169263839722
0.9999996083801 1.1585863574432572e-05 -0.0008849324349273056 -0.0021427380852401257 -1.156659612967699e-05 0.9999999996959685 2.1777900980561945e-05 -0.01920887641608715 0.000884932686974048 -2.1767656795825684e-05 0.9999996082100776 1.0327473878860474
0.9999998338691105 -4.6183371915381794e-05 -0.0005745684013160526 -0.0021271719597280025 4.620815722999736e-05 0.9999999980025603 4.312407400937501e-05 -0.016103412955999374 0.0005745664085532382 -4.315061659216163e-05 0.9999998340057196 0.8854939341545105
0.9999998034562553 -7.681994384663973e-05 -0.0006222428358460307 -0.00212064478546381 7.68924987616579e-05 0.9999999902484206 0.0001165791668709016 -0.015581205487251282 0.0006222338741731276 -0.00011662698976448035 0.9999997996115554 0.8713470697402954
0.9999990658126685 -3.861590036168733e-05 -0.0013663391243354643 -0.002626079600304365 3.875736817437358e-05 0.9999999938916156 0.00010351152170471723 -0.017165984958410263 0.0013663351187987313 -0.0001035643807140579 0.9999990612009405 0.9438073635101318
0.999999833480675 -4.096014109094067e-05 -0.000575639548048861 -0.0020423741079866886 4.099936641184188e-05 0.999999996838642 6.813052254138036e-05 -0.01686839945614338 0.0005756367555932423 -6.815411205308334e-05 0.9999998319986573 0.9270871877670288
0.9999991619706564 -2.5695956539899724e-05 -0.0012943715474102633 -0.0025016292929649353 2.5844453477797287e-05 0.9999999930870087 0.00011470852972638672 -0.018205368891358376 0.0012943685909168894 -0.00011474188592251287 0.9999991557217688 0.9911359548568726
0.99999869371756 -2.5045495938053928e-05 -0.001616148476120252 -0.002795469481498003 2.524323449694937e-05 0.9999999921988982 0.00012233144565935408 -0.018236732110381126 0.001616145399660788 -0.00012237208267489936 0.9999986865486977 0.9936965107917786
0.9999994497503383 -1.1268061696163328e-05 -0.0010489862019233225 -0.0023040082305669785 1.1348524651077281e-05 0.9999999969941971 7.669952580325547e-05 -0.01839863881468773 0.0010489853345152878 -7.67113880451385e-05 0.9999994468724127 0.9984443783760071
0.9999921861972841 0.00022942755906558746 -0.003946505716636377 -0.0061092618852853775 -0.0002297237215182288 0.9999999708315909 -7.459108131993079e-05 -0.026461999863386154 0.0039464884882733685 7.549710446015567e-05 0.9999922097340556 1.5653682947158813
0.9999346284384669 0.00015368384452056483 -0.011433076178380007 -0.008578631095588207 -0.00014806592823148618 0.9999998678985472 0.000492218821982455 -0.026781361550092697 0.011433150314134945 -0.0004904937958325529 0.9999345191009911 1.7111327648162842
