0.9999890011309622 0.0006071826418981175 0.004650693103134416 0.0012774320784956217 -0.0006066979982062579 0.9999998103810649 -0.00010561899903271521 -0.013273807242512703 -0.00465075635129781 0.00010279627114723366 0.9999891798906062 0.556670069694519
0.9999942165005182 0.0010975802811900464 0.0032190500214632316 0.0002881549298763275 -0.0010970939532306823 0.9999993865122057 -0.00015284001375810775 -0.011494199745357037 -0.0032192158008006126 0.000149307529494273 0.9999948071649619 0.48047956824302673
0.9999861382279207 0.001433547580363191 0.005066388589942298 0.002037488389760256 -0.0014316302747766434 0.9999989022384594 -0.0003820427097834969 -0.0136261573061347 -0.005066930704657961 0.00037478421870538504 0.9999870927917136 0.5254071950912476
0.9999840581011397 0.0002585631306426977 0.005640628394397099 0.001384591218084097 -0.0002596387092105493 0.9999999482528472 0.00018995273909183877 -0.014105836860835552 -0.005640578987735747 -0.00019141423635994157 0.9999840734878095 0.6023482084274292
0.999993087552755 0.0009786175940391145 0.0035870815872018095 0.0004955326439812779 -0.0009789949422146413 0.999999515434204 0.00010344206570964079 -0.012307263910770416 -0.0035869786187992967 -0.00010695308540300046 0.9999935610519831 0.4846578538417816
0.9999933971607244 0.0009012037462428932 0.0035204355926142473 0.0004370174137875438 -0.000901939691167016 0.99999957173095 0.0002074673715123141 -0.012570656836032867 -0.00352024711454821 -0.00021064122222978093 0.9999937817259307 0.5010569095611572
0.9999803083750167 0.0003817230383147307 0.0062639563958154275 0.0019182878313586116 -0.0003792878807819567 0.9999998520435716 -0.00038994042977971276 -0.014646278694272041 -0.006264104318268428 0.0003875569084723242 0.9999803052044239 0.653377115726471
0.9999904024728673 0.0005592125329885923 0.004345370351926882 0.0008759911870583892 -0.0005585839317569444 0.999999833352621 -0.000145872276342323 -0.012589477933943272 -0.004345451201387449 0.00014344362227307355 0.9999905481942233 0.5493990778923035
0.9999939372249094 0.001092190873056885 0.0033064531631954272 0.00030314025934785604 -0.0010920579847771346 0.9999994028226793 -4.1995740821167764e-05 -0.011624738574028015 -0.003306497056021419 3.8384647632277224e-05 0.9999945327869733 0.49045780301094055
0.9999838312478321 0.0007672360445008743 0.005634588872255541 0.0017507042502984405 -0.0007654101327016075 0.9999996538692804 -0.0003262033847926785 -0.013636047951877117 -0.005634837196945891 0.0003218853390745614 0.9999840723729516 0.5885558128356934
0.9999941790974171 0.0009099753370825813 0.0032884215315088176 -0.0008371482836082578 -0.0009084484199558049 0.9999994788780222 -0.00046579518279714073 -0.01221388764679432 -0.003288843679968563 0.0004628051101043102 0.9999944846441299 0.45864635705947876
0.9999874930269914 0.0008001283746287926 0.004936961026462784 0.002767518162727356 -0.0007974416086930477 0.999999532898496 -0.0005461590157995442 -0.014018035493791103 -0.004937395717726465 0.000542215246860478 0.9999876639869877 0.5066052675247192
0.9999828536939047 0.0007263856790988307 0.005810738510714323 0.0015695516485720873 -0.0007244483929842078 0.9999996813086193 -0.0003354954335097928 -0.015497497282922268 -0.0058109803579603474 0.00033128010082625786 0.9999830612369263 0.716204047203064
0.9999806219449192 0.0002343990756607995 0.006220996039663079 0.0017443076940253377 -0.00023328954607716436 0.9999999567536252 -0.0001790774559725977 -0.01475877221673727 -0.006221037746217705 0.00017762269245755137 0.9999806333822365 0.6819943189620972
0.9999849433999287 0.0002631617371068943 0.005481215133608417 0.0008519712137058377 -0.0002605206715837189 0.9999998496382705 -0.00048254783744322463 -0.015119338408112526 -0.0054813412975705696 0.0004811126020657186 0.9999848615995359 0.7422931790351868
0.9999816842063254 0.00026155296855823483 0.006046721584893583 0.0012374699581414461 -0.0002586093424176735 0.99999984768843 -0.0004875903242745352 -0.014779706485569477 -0.00604684819460468 0.0004860176549779061 0.9999815995375865 0.7125385999679565
0.9999863932968575 0.0004762468427821637 0.005194844568143984 0.0004969923757016659 -0.00047340566674369697 0.9999997377157739 -0.0005481381741942686 -0.015577185899019241 -0.005195104254693066 0.0005456714469844393 0.9999863564741545 0.7569831609725952
0.999983204571829 0.00016913732809731668 0.005793269096104766 0.0008600999135524035 -0.0001659578937018621 0.9999998353683601 -0.0005492915711651668 -0.015189681202173233 -0.005793361048058067 0.0005483209068412007 0.9999830680126288 0.7323883771896362
0.9999825496036252 -0.00015002985980689453 0.005905758145606441 0.001566852442920208 0.00014815317926378076 0.9999999383973041 0.00031820751650156107 -0.014754986390471458 -0.005905805522424907 -0.0003173270068090341 0.999982510229405 0.6507592797279358
0.9999935732748173 0.0007529841416811291 0.0035051995585502803 -0.00024098309222608805 -0.0007524542784562912 0.9999997052809741 -0.00015248122511076344 -0.012366398237645626 -0.0035053133414456933 0.00014984274275115983 0.9999938451438244 0.47655701637268066
0.9999856566188253 0.0008002560215512388 0.005295861300715382 0.0006909260991960764 -0.0007971656121152805 0.9999995107780634 -0.000585636935576954 -0.014166601933538914 -0.005296327369348 0.0005814068570476947 0.9999858053404873 0.6756265163421631
0.9999870604387242 0.0008230262660230154 0.0050201178158091175 0.0002503925934433937 -0.000818078871767546 0.9999991778074471 -0.0009874874122437719 -0.016287686303257942 -0.005020926416383279 0.000983367782270995 0.9999869115572093 0.7908955812454224
0.9999923425873504 0.0008360895256879592 0.003823051264170845 -0.0007133701583370566 -0.0008313363717257145 0.9999988797900413 -0.0012447081985736514 -0.016900572925806046 -0.0038240876690381117 0.0012415204257624692 0.9999919174576023 0.86867356300354
0.999993034529414 0.0012694074341897071 0.0035099141613771944 -0.0016049857949838042 -0.001264064720958391 0.9999980398147528 -0.0015239773730320774 -0.016661271452903748 -0.0035118418295021 0.0015195299991475227 0.9999926789709744 0.8629022836685181
0.9999754033831874 0.00045718284341036356 0.006998829364953273 0.0012500351294875145 -0.00043806627775494315 0.9999961702604442 -0.002732684098335765 -0.018192576244473457 -0.007000051897545829 0.002729550932423581 0.9999717740142166 0.8258719444274902
0.9999929602979368 0.0009952265537206202 0.0036178555355500354 -0.002161647193133831 -0.000988561581882699 0.9999978120038235 -0.0018435654490611209 -0.019001565873622894 -0.003619682384984383 0.0018399759979183788 0.9999917561598992 1.019122838973999
0.9999945986669978 0.0012895977642798518 0.003023172908866044 -0.001065997057594359 -0.001290480243876592 0.9999991252879333 0.0002899726004308554 -0.021175567060709 -0.003022796316443002 -0.0002938723791049934 0.9999953881600928 1.0555452108383179
0.9999892423493021 0.0006914605918161842 0.004586618353277702 -0.0004764491459354758 -0.000683649657811952 0.9999983139355543 -0.0017043324774874847 -0.020576566457748413 -0.004587789098687106 0.0017011785028062864 0.9999880290197916 1.012972354888916
0.9999949003657582 0.0023904160346312105 0.002117818136293301 -0.0069870720617473125 -0.0023794292450424895 0.9999837776468373 -0.005175206240153704 -0.016193266957998276 -0.0021301546762785466 0.005170140650085576 0.9999843659211444 0.9820123314857483
0.9999977594904925 0.0013786417664660927 0.0016063501720194318 -0.0030892635695636272 -0.0013756478618644477 0.9999973176447323 -0.0018634098585059919 -0.021094050258398056 -0.0016089148378765669 0.001861195911338943 0.9999969736668328 1.2083834409713745
0.9999979251104217 0.001605227434652662 0.0012542008351550912 -0.0034735044464468956 -0.0016036197067161144 0.9999978926553716 -0.0012818301964803486 -0.02071823924779892 -0.0012562558211196542 0.0012798162756487979 0.9999983919445137 1.180262565612793
0.9999905560851304 -8.907696884569784e-05 0.004345089854725493 -0.0003083710325881839 9.085639140356722e-05 0.9999999120973391 -0.00040932924459822313 -0.019778838381171227 -0.004345053010972164 0.00040972015811220803 0.9999904762765115 1.0348153114318848
0.9999858914074358 0.00136761969653734 0.005132894158429173 -0.0003872575471177697 -0.001362118958685495 0.9999984944949544 -0.001075006868365262 -0.01669265702366829 -0.005134356631398208 0.00106800008908523 0.9999862487843476 0.8299235105514526
0.9999855929455749 0.00018100358331432775 0.0053648055873578545 0.0001806358341127634 -0.00017080397513982105 0.9999981773612882 -0.00190160461295653 -0.015994567424058914 -0.0053651400065045 0.0019006608863152029 0.9999838012492533 0.768896222114563
0.9999956517464458 0.0016996069290315247 0.002409942839134526 -0.002999700605869293 -0.0016937424791035557 0.9999956049009628 -0.002433395810770585 -0.01671624183654785 -0.0024140680635781364 0.002429303407189748 0.9999941353629731 0.8898221254348755
0.9999944881493272 0.0011198254486392842 0.003125645842043983 -0.001193585922010243 -0.001117062158787755 0.999998983874692 -0.0008856758533307496 -0.018173042684793472 -0.003126634468355944 0.0008821794309257819 0.999994722944253 0.9799443483352661
0.9999944786291693 0.001106696764735559 0.0031333581740101797 -0.0015679154312238097 -0.0011028232055823972 0.9999986259506781 -0.001237690483414533 -0.019474927335977554 -0.0031347236166752446 0.001234228109560701 0.9999943250783079 1.0231668949127197
0.9999940881965242 0.00106826923257105 0.0032683899474189185 -0.0011725662043318152 -0.0010651587750557876 0.9999989783545514 -0.0009532715441962721 -0.018551703542470932 -0.003269404958944156 0.0009497845544094467 0.9999942044334629 0.9742820858955383
0.9999948835245931 0.0011732962227923986 0.002975953731057124 -0.0006104562198743224 -0.0011737975886125865 0.9999992971996965 0.00016673132429998835 -0.01769769936800003 -0.0029757560143229152 -0.00017022363853660545 0.9999955579401623 0.9106372594833374
0.9999883684835734 0.0008357830743443959 0.004750196228959901 0.0009030171204358339 -0.000836647377662807 0.9999996338164807 0.00017996685809952226 -0.015810279175639153 -0.0047500440762623854 -0.0001839390040303991 0.9999887015600308 0.8021634221076965
0.9999897695946074 0.0014841912340428994 0.004272924350493046 -0.0010409340029582381 -0.0014793960974775811 0.9999982727037529 -0.00112515629925167 -0.016461847350001335 -0.0042745869170031274 0.0011188234408376623 0.9999902380227506 0.849608302116394
0.9999854672666371 0.00210335305962329 0.004963986445653439 -0.008487881161272526 -0.00207059471597883 0.9999761081023468 -0.00659513927118139 -0.019505469128489494 -0.004977739752962008 0.006584765021676308 0.9999659309079293 1.1430299282073975
0.9999920374856199 0.0006627537838317065 0.00393519031054955 -0.0021999687887728214 -0.0006629970738750288 0.999999778386079 6.052001968337644e-05 -0.018353328108787537 -0.003935149328584553 -6.312855745288516e-05 0.999992255277283 0.9118783473968506
0.9999975152220332 -8.440444066695779e-05 0.0022276502530807056 -0.004190612584352493 8.468127351905744e-05 0.9999999887045513 -0.00012417720912001276 -0.018698547035455704 -0.0022276397468105166 0.00012436554082760544 0.999997511074088 0.9337302446365356
0.9999951636812688 0.0011775568249002763 0.002878536780496176 -0.009023686870932579 -0.0011589481499392628 0.9999784767762071 -0.0064577723343817 -0.01761005073785782 -0.002886079218990856 0.0064544050276601084 0.9999750052888726 0.9076478481292725
0.999983996808575 0.0007681624796566259 0.005605002511401998 -0.0023781517520546913 -0.0007417851266499767 0.999988648771604 -0.004706599915809274 -0.01464359275996685 -0.005608554321200412 0.004702366887692066 0.9999732155733371 0.7388572692871094
0.9999808829461343 0.001337491541455236 0.006036957731034449 0.001481569604948163 -0.0013307331955195961 0.9999984835895864 -0.0011233733529149355 -0.016027703881263733 -0.006038451078886299 0.0011153182972734005 0.999981146409103 0.7432969808578491
0.9999864613035435 -0.00014232976517949286 0.00520162973070957 0.000606694258749485 0.0001379722949283596 0.9999996393080156 0.0008380617430748197 -0.01665663719177246 -0.005201747135654517 -0.0008373327160199546 0.9999861202540063 0.8097729682922363
0.9999910562979891 4.2846449734364796e-05 0.00422912381160495 -0.00032957049552351236 -3.544703490460049e-05 0.9999984686586466 -0.0017496925071420813 -0.0171479731798172 -0.004229192303484826 0.0017495269485143206 0.9999895264891111 0.8418160676956177
0.9999894720254553 0.0005940518069175554 0.004550048428541895 -0.0014273576671257615 -0.0005938131532261924 0.9999998222456494 -5.3801569296683846e-05 -0.016622550785541534 -0.004550079580670447 5.109912427044748e-05 0.9999896470287527 0.8488572239875793
0.9999952043155299 0.0008820210864351468 0.0029687345360024527 -0.0013854390708729625 -0.0008799844358310964 0.999999376643769 -0.0006872695735033741 -0.01809307374060154 -0.0029693388716791756 0.000684653837389557 0.9999953571271162 0.9603120684623718
0.9999956232322785 0.00069034807532152 0.0028769664269239236 -0.001805228996090591 -0.0006889574907286732 0.9999996453886869 -0.0004843140265651234 -0.017721468582749367 -0.0028772997519751716 0.0004823297992647207 0.9999957442429952 0.9163987636566162
0.999979565818442 0.001179768526153058 0.006283000221601687 -0.0004892911529168487 -0.0011819311880786852 0.9999992435467006 0.00034050652450715437 -0.017172329127788544 -0.006282593749924875 -0.0003479256404516273 0.999980203785816 0.9063664674758911
0.999996268457936 0.0005575943339151882 0.0026743520267450277 -0.001590290223248303 -0.0005570667196733149 0.9999998252308551 -0.0001980275985318822 -0.018969740718603134 -0.00267446197841771 0.00019653706707277785 0.9999964043066893 1.0001178979873657
0.9999923898254861 0.0006235592942363294 0.003851164099301801 -0.0034810230135917664 -0.0006223712371824564 0.999999758374996 -0.0003096836980537095 -0.017607934772968292 -0.003851356274912455 0.000307284487541648 0.9999925362876902 0.844737708568573
0.9999975835286034 0.00023096361519795065 0.0021862279758223546 -0.005155140534043312 -0.0002270364348858458 0.9999983606908736 -0.0017964047491050047 -0.01755247637629509 -0.0021866392960540938 0.0017959040547388333 0.9999959966605941 0.8752411007881165
0.9999836160720517 0.0020147598425848175 0.005358015513232087 -0.006754698697477579 -0.00196895843184545 0.9999615969056185 -0.008539784344979698 -0.016264483332633972 -0.005375015363419235 0.00852909471994556 0.9999491805852441 0.9058049321174622
0.9999887030993373 0.0005019299480339948 0.004726704986822045 0.00031514279544353485 -0.000498506545051825 0.999999612629401 -0.0007254186875939864 -0.016322098672389984 -0.00472706726519967 0.000723054199238674 0.9999885659484787 0.8719216585159302
0.9999958483154079 0.0010335105996582485 0.002689834156332809 -0.00040555198211222887 -0.0010337362237548028 0.9999994622921533 8.249135956519235e-05 -0.012099286541342735 -0.002689747454293385 -8.527159609038e-05 0.9999963789871379 0.49087634682655334
0.9999852148457814 0.0016391846833220943 0.005184897627721623 0.001272155437618494 -0.0016376615064101134 0.9999986146283079 -0.00029800378344817247 -0.016616584733128548 -0.005185378927948624 0.00028950827015667975 0.9999865139242302 0.6820230484008789
0.999987039244666 0.001665114848074255 0.004811313254175821 0.00015755731146782637 -0.001662887011027494 0.9999985083556204 -0.0004670046285812686 -0.016133688390254974 -0.004812083693748617 0.0004589979055321843 0.9999883165174719 0.8341050148010254
0.9999940541125191 0.0011724085443395287 0.0032430229437614873 -0.0007699591806158423 -0.001170271760020147 0.9999990969655539 -0.0006607057475218699 -0.016574619337916374 -0.003243794632263748 0.0006569066008716555 0.9999945231200528 0.882544219493866
0.9999927702272333 0.0012089407648040711 0.0036052677419621338 -0.0005451113684102893 -0.0012054122383768316 0.9999987925777138 -0.0009807264910280176 -0.01665712520480156 -0.0036064490291156416 0.0009763735667395547 0.9999930200856698 0.8874323964118958
0.9999768244073923 0.00024775426540660786 0.0068036215305380815 0.00015220721252262592 -0.00025026861762494874 0.9999999007085462 0.00036871196956470063 -0.016770711168646812 -0.006803529505033443 -0.00037040615740159565 0.9999767871233574 0.8077614307403564
0.9999941010754533 0.0005553784638116674 0.003389597182275596 -0.0050471993163228035 -0.0005444178100821429 0.9999946234407338 -0.0032336819375462416 -0.016212917864322662 -0.003391374875212387 0.003231817505225449 0.9999890269058299 0.799843966960907
0.9999757004353136 0.0006909453080903471 0.006936939778098115 -0.0012187963584437966 -0.0006556261221362514 0.9999868184736459 -0.005092448658875071 -0.016206618398427963 -0.006940366942151156 0.0050877768756632654 0.9999629722310579 0.9348138570785522
0.9999890949267553 0.0017049015348608578 0.004347796950812487 -0.0026634600944817066 -0.0017060488010168583 0.9999985108513814 0.00026017784027846855 -0.01989072374999523 -0.004347346898697436 -0.00026759255679506197 0.9999905144395952 1.0270025730133057
0.999984367122888 0.0002563953751943831 0.005585675540948559 -0.001040922594256699 -0.00023844255761793726 0.9999948050199289 -0.0032145105850050395 -0.017932500690221786 -0.005586470709122948 0.0032131284701940807 0.9999792333595984 1.0322285890579224
0.9999930635445724 0.0010339488931610124 0.0035782415271992767 -0.0011960469419136643 -0.0010317978081867958 0.9999992859215392 -0.0006029508228243472 -0.019455906003713608 -0.0035788623923899646 0.0005992546187179124 0.9999934162972666 1.0415704250335693
0.9999881739991054 0.0011636971012409418 0.004722040977336261 -0.001048698672093451 -0.0011565471702135446 0.999998181145623 -0.0015166094055669634 -0.01791566051542759 -0.004723797262600334 0.0015111302070128058 0.9999877010368275 0.9886578321456909
0.9999947056280715 0.0003763679713441398 0.003232191667677662 -0.0012440987629815936 -0.0003749839096270186 0.9999998377558592 -0.00042880685937282496 -0.01888396590948105 -0.003232352532441263 0.0004275925692416164 0.9999946845167231 1.0224248170852661
0.9999936835380917 0.001130478083161214 0.003369703729107065 -0.002208080142736435 -0.0011285212520246804 0.9999991935326826 -0.0005825579523360385 -0.019533177837729454 -0.0033703595805484256 0.0005787514903595991 0.9999941528444103 1.0591108798980713
0.9999977346195429 0.0007216539315208163 0.002002491294736665 -0.0029247854836285114 -0.0007195556475317574 0.9999991915907441 -0.001048359446136261 -0.020691003650426865 -0.0020032462286201187 0.0010469161672829986 0.9999974454822803 1.162221074104309
0.999996321274066 0.001431350820369851 0.0023040558074573446 -0.003188734408468008 -0.0014277374403361927 0.9999977496630796 -0.0015691509099337584 -0.022080346941947937 -0.0023062966279977126 0.001565855550716681 0.9999961145385806 1.2102115154266357
0.9999961538318055 0.0012600796104170048 0.0024707328814246687 -0.00266195647418499 -0.0012577624998014773 0.9999987680119687 -0.0009391528303593379 -0.021890178322792053 -0.002471913244843931 0.0009360416230543096 0.9999965067293934 1.1611205339431763
0.9999895599446469 0.00150052707846719 0.004316065360763308 -0.00125706207472831 -0.0015012116466033873 0.9999988611106077 0.0001553739996569182 -0.019785858690738678 -0.0043158273023484765 -0.00016185170513084065 0.9999906736758708 0.9696557521820068
0.9999896179748128 0.001011577769440018 0.004443045465073979 -0.0011308955727145076 -0.0010043019108915282 0.9999981516913246 -0.0016395095628704845 -0.016287457197904587 -0.004444695744381083 0.001635030382390156 0.9999887856148132 0.9152712821960449
0.9999946952664571 0.000711152442115038 0.0031786319620331948 -0.0023382524959743023 -0.0007088159643157494 0.9999994778507241 -0.0007361237725303685 -0.019110333174467087 -0.00317915379853135 0.000733866802510527 0.9999946771961549 1.0298389196395874
0.9999923131797328 0.0009740903086258685 0.0037979901945622984 -0.0027524870820343494 -0.000971652952112558 0.999999320872277 -0.0006435413937302062 -0.019699491560459137 -0.0037986144826766973 0.0006398461185585369 0.9999925805349541 1.0488083362579346
0.9999971979514052 0.00025399088905300006 0.0023536308049804788 -0.002142955083400011 -0.00025255926007331013 0.9999997829456337 -0.0006085412929451137 -0.019518375396728516 -0.0023537848580586574 0.0006079451565282473 0.9999970450453983 1.0499581098556519
0.9999945296706697 0.0012314042384144808 0.00306989777313469 -0.0023749065585434437 -0.0012285945063924702 0.9999988248596091 -0.0009169705227159623 -0.019357584416866302 -0.003071023326961995 0.0009131938470459573 0.9999948674331898 0.998296320438385
0.9999945459751644 0.00038961279447516714 0.003279667939848975 -0.0009255976183339953 -0.00038815643711365215 0.9999998257966135 -0.00044468114798294127 -0.018144354224205017 -0.003279840621984429 0.0004434056984584685 0.9999945230034418 0.9308478832244873
0.9999927167684698 0.0011781915138774574 0.0036301893576204695 -0.002027262933552265 -0.001174505792023052 0.9999987928563222 -0.0010172620328560023 -0.017938239499926567 -0.003631383504954837 0.001012990945474424 0.9999928934263407 0.9617775678634644
0.9999948185905082 0.00041949455952598524 0.0031916792525711205 -0.0017156171379610896 -0.0004174517911743172 0.9999997076388272 -0.0006406686056478247 -0.018085747957229614 -0.0031919470764425594 0.0006393329138605906 0.9999947013496054 0.9106930494308472
0.9999921881025968 0.00048054765855214316 0.00392336688673948 -0.001494594500400126 -0.00047787020421447566 0.9999996523385252 -0.00068334683453354 -0.01795603521168232 -0.003923693903457277 0.0006814666361628036 0.9999920700832459 0.9020779132843018
0.9999963731590287 0.00046589355072780607 0.0026526613029992496 -0.0014186383923515677 -0.0004644888756952643 0.9999997516083815 -0.0005301257021330818 -0.01889129728078842 -0.0026529076262461135 0.0005288916477852347 0.9999963411706824 0.9621071815490723
0.9999946884132664 0.001209194778439739 0.0030267132738884647 -0.0018747654976323247 -0.0012057266172693845 0.9999986148322564 -0.0011474131310080832 -0.01919335313141346 -0.003028096527349596 0.0011437576476665485 0.9999947612112099 1.0614126920700073
0.9999949464252068 0.0012344605811634587 0.002929715194488343 -0.0019092486472800374 -0.0012315241680096664 0.9999987377871201 -0.0010038786728391498 -0.01981726661324501 -0.002930950745213981 0.0010002655845957962 0.999995204486746 1.0432183742523193
0.9999942127283039 0.0011773645401597212 0.0031919151991548853 -0.0011716637527570128 -0.0011756596461535301 0.9999991652892785 -0.0005359525558929404 -0.018589066341519356 -0.0031925435463635637 0.0005321968482962929 0.999994762202392 0.9980202317237854
0.9999908455673254 0.0010919649364259777 0.004137196408652053 -0.0008486803853884339 -0.0010869982497850076 0.999998686148268 -0.0012025541748120747 -0.017775200307369232 -0.004138504119982432 0.0011980460408556218 0.9999907186915954 0.9238944053649902
0.9999946913547855 0.0008729937330874732 0.0031392903958713347 -0.0016074437880888581 -0.0008697481675204231 0.999999086083825 -0.0010350698720569213 -0.018609540536999702 -0.003140191136334677 0.0010323339851690744 0.9999945367281616 0.9905792474746704
0.9999936949257744 0.0009591563441236898 0.0034190828894308956 -0.0016016069566830993 -0.0009557888368468655 0.9999990567278013 -0.0009864133043678176 -0.01886742189526558 -0.0034200257888838733 0.0009831391637007444 0.9999936684104496 0.9947161674499512
0.9999942314933309 0.0009502323021682488 0.0032609873711144993 -0.0016382186440750957 -0.0009473086773995215 0.9999991481246782 -0.0008979733781371808 -0.019153157249093056 -0.0032618378764702255 0.0008948790365382132 0.9999942797862283 0.9907909631729126
0.9999951236095904 0.00164959179471075 0.0026517171702072724 -0.002791411243379116 -0.001647338713996921 0.9999982805007464 -0.000851628270936181 -0.021405821666121483 -0.0026531174495894577 0.0008472558417111953 0.9999961215551475 1.1128768920898438
0.9999955185245402 0.0006290584508802 0.0029269807483643046 -0.0015873628435656428 -0.0006272133414992568 0.9999996040602133 -0.0006312549728606204 -0.01747678779065609 -0.0029273766857315095 0.0006294163025312652 0.9999955171403808 0.9114862680435181
0.9999919063789015 0.0007240384845252445 0.003957643865139411 -0.001771890907548368 -0.0007203805172481889 0.999999312133584 -0.0009256264199311448 -0.017903398722410202 -0.003958311331959432 0.0009227679187269697 0.9999917401012707 0.9079525470733643
0.9999955682518036 0.00034684242971880696 0.002956886382944982 -0.0018651302671059966 -0.00034517068234661715 0.999999780326522 -0.0005658658037409753 -0.019165854901075363 -0.0029570819996657307 0.0005648426654757976 0.9999954682991372 1.002082347869873
0.9999927194842038 0.0013592940374804584 0.0035655712454899613 -0.002785676158964634 -0.0013590046949062211 0.9999990730606696 -8.357057698892149e-05 -0.020136013627052307 -0.0035656815374087475 7.872434048937213e-05 0.9999936398386005 1.0869600772857666
0.9999898372239604 0.00027319572882848964 0.0045000903203564835 -0.004839821718633175 -0.0002501961452918723 0.9999869090581597 -0.005110686274578801 -0.02292691171169281 -0.00450142762759742 0.005109508430567165 0.9999768147676784 1.3138257265090942
0.9999938140099028 0.0003910305433465016 0.003495573921614773 -0.0014745719963684678 -0.00038923557349023244 0.9999997920657844 -0.0005141634522243562 -0.017811337485909462 -0.003495774248379445 0.0005127996698942753 0.9999937582799716 0.9072762727737427
0.9999939688664181 0.0004746483015122113 0.0034404853987559866 -0.0016508930129930377 -0.0004730898747243731 0.9999997851408047 -0.000453766806881728 -0.01821935921907425 -0.0034407000391802308 0.0004521364113472122 0.9999939785598241 0.936255693435669
0.99999465099648 0.00045412703817853593 0.0032390966428451984 -0.0017395556205883622 -0.0004527359439085818 0.9999998049832913 -0.0004301901262592205 -0.018494784832000732 -0.003239291372135123 0.0004287213696947112 0.9999946615804476 0.9566187858581543
0.9999953691025172 0.0005139928023527587 0.002999597459525112 -0.0020707896910607815 -0.0005125430951278518 0.9999997514978974 -0.00048404929352547206 -0.019088931381702423 -0.0029998455119716935 0.0004825096289767746 0.9999953840450274 1.0028469562530518
0.9999973908617719 0.0006866318122732592 0.0021787166873466508 -0.0024580061435699463 -0.0006850441847900333 0.9999994993733297 -0.0007293610597593063 -0.020213332027196884 -0.0021792163991292334 0.000727866639558511 0.9999973606095375 1.1146618127822876
0.9999969131203484 0.0015595477088368788 0.0019343114325690298 -0.003325602039694786 -0.001556669441450901 0.9999976803923641 -0.0014886202138623412 -0.022054698318243027 -0.0019366285199693182 0.0014856045351735647 0.9999970212201338 1.2094340324401855
0.9999867861061602 0.001734242411115299 0.004839423140363029 -0.003740723244845867 -0.0017298271196124876 0.9999980839567278 -0.0009163956617553186 -0.02196279540657997 -0.004841003120040859 0.0009080121872088489 0.9999878700277615 1.1744418144226074
0.9999895728118029 0.0009516419822281649 0.004466390623949946 -0.007764699403196573 -0.000938961580457847 0.9999955254848559 -0.0028403100917641956 -0.026363732293248177 -0.004469073597343328 0.0028360867061171247 0.9999859918985751 1.440169095993042
0.999989222475669 0.00030782685610024834 0.004632512831493383 -0.003979548346251249 -0.000288717852770905 0.9999914501445416 -0.0041250793711757865 -0.022011175751686096 -0.004633743034392257 0.004123697423874853 0.9999807615874656 1.197160243988037
0.9999881980624578 0.0008269563928003285 0.00478747103624217 -0.003313868772238493 -0.0008271134326699554 0.9999996574666142 3.082245043579706e-05 -0.02205725759267807 -0.004787443907551077 -3.4781868273756365e-05 0.9999885395198553 1.149852991104126
0.9999949499225138 0.0008279022137785049 0.003068339517288134 -0.003549506887793541 -0.0008285381668698119 0.9999996355446765 0.00020599762157086186 -0.021282505244016647 -0.0030681678531285315 -0.0002085388176658991 0.9999952714176135 1.1332433223724365
0.9999949035664955 0.0009953363857741933 0.0030335039994165334 -0.0044915201142430305 -0.0009948961438268475 0.9999994943402168 -0.00014663210198220534 -0.02268078736960888 -0.003033648413761985 0.00014361333325014515 0.9999953881656215 1.2277159690856934
0.9999802250962901 0.000989041544557924 0.006210572694668628 -0.006896308157593012 -0.0009556660240435872 0.9999850997853207 -0.005374654388194268 -0.024817973375320435 -0.006215795912279761 0.005368612871607122 0.9999662703696618 1.4631309509277344
0.9999994240759257 0.0009694664242788823 0.00046041575699546906 -0.0033244388177990913 -0.0009689148697918263 0.9999988145980379 -0.0011966647376479246 -0.01892833411693573 -0.0004615753375019954 0.0011962179447866537 0.9999991780050804 1.0860812664031982
0.9999946570602719 0.0004603288905454313 0.0032363479760890847 -0.0021672439761459827 -0.00045745443464787546 0.9999995003288613 -0.000888863020052591 -0.01946876011788845 -0.0032367555283072734 0.0008873777891773224 0.999994367971295 1.023149847984314
0.9999956408338226 0.0007875503464448579 0.002845712178706771 -0.002246979158371687 -0.0007852795475870883 0.9999993724662588 -0.0007990013271233788 -0.018546629697084427 -0.0028463396466983466 0.0007967631645715601 0.9999956317499967 0.9838385581970215
0.9999952200857087 0.00045017445991297057 0.0030589456829351303 -0.0019427364459261298 -0.0004482193675913855 0.9999996948809864 -0.000639794758657097 -0.01853358931839466 -0.0030592327688525735 0.0006384206217934848 0.999995116745065 0.951297402381897
0.9999945873738234 0.00044270305121418797 0.0032602510738922647 -0.001996371429413557 -0.0004410374916037203 0.9999997718911394 -0.0005115697408726888 -0.01859421096742153 -0.003260476803685301 0.0005101290789812905 0.9999945545148409 0.9544996023178101
0.9999947907311784 0.0004529062517092484 0.003195838924926523 -0.0019107382977381349 -0.0004512664450208462 0.9999997661793047 -0.0005138092364300067 -0.018500393256545067 -0.003196070885088609 0.0005123643849890601 0.9999947612930953 0.9549747705459595
0.9999940071090498 0.0004576826307358795 0.003431657412246625 -0.0018816812662407756 -0.0004559834309177074 0.9999997730710515 -0.0004959203123356935 -0.01857203245162964 -0.003431883607617402 0.0004943525614187713 0.9999939888771575 0.9502953290939331
0.999995830972805 0.00036188287891600893 0.0028647997821226972 -0.0014926736475899816 -0.0003611715291370118 0.9999999038217562 -0.0002488204279100564 -0.018488995730876923 -0.00286488955044407 0.0002477847064529451 0.9999958654967546 0.9522169232368469
0.9999940229053321 0.0007288395286937507 0.003379784985939059 -0.001547926221974194 -0.0007276032237579142 0.999999667948876 -0.00036700910926623203 -0.017937803640961647 -0.0033800513544238802 0.0003645477731666642 0.9999942211621836 0.9305356740951538
0.9999941366040312 0.0006996452288533238 0.0033522013828752475 -0.0019700988195836544 -0.0006983360133778637 0.9999996794455747 -0.0003917085138021066 -0.018500979989767075 -0.003352474365305044 0.0003893652541102291 0.9999943046389456 0.9617472290992737
0.9999954653443832 0.00044691918126689786 0.002978179631159738 -0.002141618635505438 -0.0004455517228592378 0.9999997950306663 -0.0004598067934615059 -0.018789034336805344 -0.0029783845171999185 0.0004584777753303999 0.9999954595015903 0.9749196767807007
0.9999938841490148 0.00043873171605212876 0.003469752015310326 -0.0017805112292990088 -0.00043659316059774386 0.9999997143018495 -0.0006170758713616505 -0.018418826162815094 -0.00347002175476457 0.00061555722741872 0.9999937899998784 0.9432836771011353
0.9999932043471904 0.0006028379334630357 0.0036370105670432526 -0.0019636782817542553 -0.0006003339368753242 0.9999995820743651 -0.0006895290131996674 -0.01852988265454769 -0.0036374247212886813 0.0006873409065277212 0.9999931483284652 0.9569121599197388
0.9999958698038409 0.00044565447585826195 0.0028393251570501747 -0.002120352815836668 -0.0004434348349434833 0.9999995956617664 -0.0007823310362927634 -0.019619157537817955 -0.0028396726583303834 0.0007810687494297549 0.9999956630859965 1.0431089401245117
0.9999968380887895 0.001022233769202733 0.0022975749268425946 -0.002988705411553383 -0.0010210324369981634 0.9999993414677013 -0.0005239817994440325 -0.020494788885116577 -0.002298109045705136 0.0005216342441333668 0.9999972232924096 1.125195026397705
0.999997316697299 0.0013477107030895681 0.0018842170954375453 -0.003142691683024168 -0.001344665213350733 0.9999977891577583 -0.0016166493310447005 -0.02126382663846016 -0.0018863917053373897 0.0016141113519025482 0.9999969180806897 1.1758466958999634
0.9999965145243078 0.001809317930360938 0.0019228384909940385 -0.0037556695751845837 -0.0018059265920565065 0.9999968134795758 -0.001763989750058299 -0.02332022786140442 -0.001926023982113668 0.001760511096551788 0.9999965955103542 1.2651894092559814
0.9999953561465978 0.0014612822632659231 0.0026743857959406307 -0.0024726474657654762 -0.0014570830591746108 0.999997703752762 -0.0015714318825847489 -0.020972933620214462 -0.0026766759604275854 0.0015675277828484928 0.9999951891196539 1.0969569683074951
0.9999932667436421 0.0010359059466916955 0.0035204213168752363 -0.002110318746417761 -0.001033622514743129 0.9999992543135094 -0.0006503821351978985 -0.01704069972038269 -0.0035210924264660933 0.0006467389692737477 0.9999935917978823 0.9062708616256714
0.9999943033454981 0.0009826083839246755 0.003229203820788241 -0.002167932689189911 -0.0009786325741045654 0.9999987615437904 -0.0012325539220200085 -0.017389003187417984 -0.003230410939378133 0.0012293866965387133 0.9999940265089154 0.8807018995285034
0.999994190752959 0.0008870991467997896 0.00329112677342219 -0.0016165549168363214 -0.0008820175559120842 0.999998417264716 -0.0015451579512308752 -0.017045486718416214 -0.003292492272739929 0.0015422461434337284 0.9999933904638907 0.8843626976013184
0.9999962852978903 0.0008974638375953843 0.002573703378462721 -0.0017700915923342109 -0.0008938182366549987 0.9999985962005293 -0.0014172811754995015 -0.01880793273448944 -0.0025749717241019964 0.0014149754877067185 0.9999956836731793 1.005424976348877
0.9999948224153496 0.0012524705215080526 0.0029641963643268847 -0.002410278655588627 -0.0012499759235742693 0.999998863219298 -0.0008432794924459487 -0.01778941974043846 -0.0029652491773913413 0.0008395699522068374 0.9999952511985302 0.964798092842102
0.9999884001482775 -9.603762022772319e-05 0.0048156355409959195 -0.003270720597356558 0.00011401714818095158 0.9999930241971589 -0.0037334377067500244 -0.020914636552333832 -0.0048152433975992065 0.0037339434644572743 0.9999814353762904 1.1360793113708496
0.9999980458994104 0.0005928980360358843 0.0018859133807458547 -0.002379868645220995 -0.0005924493545314239 0.9999997960698453 -0.00023846180047109284 -0.01920425519347191 -0.001886054379684416 0.0002373440263276229 0.9999981932317129 1.009752869606018
0.9999778692156498 0.0006426596809944371 0.006621787331465578 0.0008588125929236412 -0.0006405356999715347 0.9999997427337368 -0.0003228722305129214 -0.016872677952051163 -0.006621993124867758 0.0003186235939137923 0.9999780236015487 0.8631177544593811
0.9999933392881794 0.0019899549132984897 0.0030596500975135555 -0.00014579587150365114 -0.001990935977514575 0.9999979676393708 0.000317633533355861 -0.015908706933259964 -0.0030590118027908277 -0.0003237229851481765 0.9999952688139175 0.8861955404281616
0.9999843205132858 -0.00024273915805077018 0.0055946228901987615 0.00026102177798748016 0.00024044987165607273 0.9999998870980694 0.0004098630353733269 -0.017324432730674744 -0.005594721748363159 -0.0004085113825753967 0.9999842659797248 0.8182962536811829
0.9999944032714138 0.0011488045097177843 0.0031422402912090253 -0.001505881897173822 -0.0011464768252388048 0.9999990671617488 -0.0007424732463452171 -0.019184036180377007 -0.0031430903166208336 0.0007388665852507719 0.9999947875161305 1.0314533710479736
0.9999960543106701 0.001162536815468267 0.0025573171965620396 -0.001899420632980764 -0.0011599146090256398 0.9999988003258408 -0.001026618224550424 -0.019203567877411842 -0.0025585076100961526 0.001023647904257645 0.9999962030846803 1.0767168998718262
0.9999964856771364 0.0012908581403329924 0.0023156680761367396 -0.0023537278175354004 -0.0012881157984102557 0.9999984678432826 -0.0011853559708551213 -0.022790057584643364 -0.002317194654574511 0.001182368956498785 0.9999966163005672 1.226149082183838
0.9999803196721139 0.0023270030137680807 0.005826261702866154 -0.00042673328425735235 -0.0023250699062769336 0.9999972397153392 -0.00033854339868830287 -0.022270647808909416 -0.005827033412234387 0.00032499027029178515 0.9999829698864557 0.9329788684844971
0.9999889590413422 0.0008181838739807769 0.004627350274273926 -0.000951688620261848 -0.0008171917305974361 0.999999642706968 -0.00021629519546447555 -0.020119015127420425 -0.004627525590194865 0.00021251137497945016 0.9999892703653511 1.0370707511901855
0.9999923393860333 0.0013593747128981474 0.00367059527030574 -0.0016860231989994645 -0.0013546978159795404 0.9999982678761018 -0.0012763379738675515 -0.018382903188467026 -0.0036723239339467393 0.0012713556489390146 0.9999924488173588 1.0182631015777588
0.9999900797239719 0.0018375817703789488 0.00405755429805665 -0.0026607285253703594 -0.0018322709409264854 0.9999974604485534 -0.0013122041164211732 -0.018687866628170013 -0.004059955276052114 0.0013047565601625726 0.9999909071453977 0.9881211519241333
0.9999810018743575 0.0018307708149167701 0.005885929712387947 0.00014242331963032484 -0.001826555371692142 0.9999980715751029 -0.0007214856541889275 -0.019297631457448006 -0.0058872392366936185 0.0007107209707802555 0.9999824174903633 0.9208879470825195
0.999998027375617 0.0006066493967830697 0.0018913543783222455 -0.003016155678778887 -0.0006046762413609786 0.9999992725831895 -0.001043647323232106 -0.02095845341682434 -0.0018919861305383688 0.0010425016074513834 0.9999976667867183 1.1287755966186523
0.9999964978869328 0.001047712726514247 0.002430331646527977 -0.0023408615961670876 -0.0010450643068501658 0.9999988590518794 -0.0010907499868864769 -0.02041824534535408 -0.002431471666288359 0.0010882063140991 0.9999964518699822 1.0986515283584595
0.9999961188091085 0.0011180419692698234 0.00255193042103366 -0.0021844664588570595 -0.0011153096889957143 0.9999988036166163 -0.0010718440340441756 -0.020297009497880936 -0.002553125734561081 0.001068993681288652 0.9999961693934095 1.0897812843322754
0.9999964957025583 0.0010130261403227788 0.002445886473822756 -0.0018246014369651675 -0.0010120486054554434 0.9999994075304712 -0.0004008694639134198 -0.019976913928985596 -0.0024462911159553505 0.0003983927031526482 0.9999969284667981 1.0555105209350586
0.9999877373160206 2.6065268462885672e-05 0.004952225579185358 0.0004900743952021003 -2.838091841254661e-05 0.9999998903059779 0.0004675281336865932 -0.018908733502030373 -0.004952212849709497 -0.0004676629492469617 0.9999876283630998 0.9232221245765686
0.9999995570458733 0.0008962307316051007 0.0002875387496760253 -0.00366473151370883 -0.000896543465325933 0.999999004769473 0.001089343783197184 -0.019409388303756714 -0.00028656216013289964 -0.00108960109165491 0.9999993653255931 0.7026116847991943
0.999991372199057 0.0006227894253223298 0.004107025782539743 -0.001187109504826367 -0.0006210054325606442 0.9999997122863826 -0.00043563678016100604 -0.022532643750309944 -0.004107295910872465 0.0004330825362509596 0.9999914712435386 1.143866777420044
0.9999903294216645 0.002132286118143892 0.003846351395981228 -0.0006239350186660886 -0.0021328140176136165 0.9999977166850834 0.00013315023841223165 -0.020742550492286682 -0.003846058699144717 -0.00014135250294643713 0.9999925938985512 0.867842972278595
0.9999808560755596 0.0027477316531237376 0.0055441368267377 -0.0006176588358357549 -0.0027384264275652427 0.9999948304058951 -0.0016852840075470459 -0.020657747983932495 -0.0055487388740126835 0.0016700695337929683 0.9999832110413958 1.0337846279144287
0.9999884686944225 0.00010981745268522913 0.00480108511802884 -0.0005750827258452773 -0.00011205619466329647 0.9999998851284806 0.0004660326538141231 -0.02180520072579384 -0.00480103338800199 -0.0004665652711777639 0.9999883661299538 1.0670952796936035
