0.9999878530517565 -0.00038746173582039373 0.004913616014967763 2.896878868341446e-06 0.0003834168518519024 0.9999995869134782 0.0008241143071803992 -0.019375717267394066 -0.004913933297979188 -0.0008222203335228948 0.9999875885296111 0.9603882431983948
0.9999790758575287 0.002144693012781066 0.006103125347206837 -0.00044564472045749426 -0.002131444540703685 0.9999953600039335 -0.0021764454445551322 -0.019709698855876923 -0.00610776483606687 0.0021633914310980355 0.9999790072527638 0.9877356886863708
0.9999969629241307 0.0009386667514246186 0.0022788258477972013 -0.0026045008562505245 -0.0009366726684514378 0.999999177670573 -0.0008759580411892342 -0.020535552874207497 -0.0022796462065405552 0.0008738208669504126 0.999997019820692 1.127495288848877
0.9999929584681244 0.0013257712271524998 0.0035107470460338085 -0.0020860983058810234 -0.0013182574673637776 0.9999968377255909 -0.0021416666566078306 -0.020237542688846588 -0.0035135753041197508 0.0021370235074843415 0.9999915439238027 1.0897676944732666
0.9999933400329238 0.0012918398155044434 0.0034133619334022814 -0.002126885112375021 -0.0012852108399392182 0.9999972854260274 -0.0019435466738661432 -0.02032463811337948 -0.0034158634185554085 0.0019391468401518395 0.9999922857635645 1.0845433473587036
0.9999947263682887 0.0010380403684930723 0.0030772890349990397 -0.0019410931272432208 -0.0010346445047912532 0.9999988543404551 -0.001104911094265955 -0.019421909004449844 -0.0030784324517929276 0.0011017213671820538 0.9999946547175484 1.0345405340194702
0.999995836635129 0.0006126857929338535 0.00281981001612062 -0.0019195842323824763 -0.0006115348283947774 0.9999997293658797 -0.00040901506180341225 -0.019155047833919525 -0.0028200598507012796 0.00040728894689015814 0.9999959406808369 1.020401120185852
0.9999950303503315 0.0006664754232388665 0.0030814096043714338 -0.001491150469519198 -0.0006652927969974313 0.9999997046560275 -0.00038480300456715364 -0.018789974972605705 -0.003081665156041012 0.0003827510526166425 0.9999951784091251 0.9972370862960815
0.999994509361737 0.00089013275514669 0.0031920072144608794 -0.0016200215322896838 -0.0008874261340794038 0.9999992456217074 -0.000849253126391671 -0.018266184255480766 -0.0031927607545051387 0.0008464157928276776 0.999994544914656 0.9905855655670166
0.9999965524011173 0.0007544658167645355 0.0025151475524226464 -0.0023175980895757675 -0.0007525399214723236 0.9999994230214657 -0.0007665770684372985 -0.01944657973945141 -0.0025157244574305505 0.0007646816766454626 0.9999965431902189 1.0482168197631836
0.9999967400173634 0.0007759452993688357 0.0024326659322871542 -0.002221093513071537 -0.0007742858415974058 0.9999994669799306 -0.0006830236381243709 -0.01928337663412094 -0.0024331946246087506 0.000681137832690464 0.9999968078024908 1.0371057987213135
0.9999961563746592 0.0007613446523999073 0.002666006419370326 -0.002153919078409672 -0.0007590347945086004 0.9999993358144652 -0.0008673158645726674 -0.019362134858965874 -0.002666664974942861 0.0008652889393007466 0.9999960700787592 1.0424748659133911
0.999995870131446 0.0006451690224779092 0.0028006208212962534 -0.0018815310904756188 -0.0006452852284535107 0.99999979097971 4.058953107101351e-05 -0.019452624022960663 -0.002800594048801594 -4.239656268806732e-05 0.9999960774300594 1.021705150604248
0.9999944071284934 0.0006342403344311156 0.0032838165190972953 -0.001158500905148685 -0.0006324037721984751 0.9999996430730864 -0.0005602848994557815 -0.01840180531144142 -0.0032841707022968083 0.0005582050679004471 0.9999944512995561 0.9808638095855713
0.9999956672288707 0.0008955985386654241 0.0028041802266546836 -0.0015354504575952888 -0.000893676422150897 0.9999993649441757 -0.0006866248597568541 -0.019094407558441162 -0.002804793386064708 0.0006841158550164618 0.9999958325510955 1.028268575668335
0.9999929645152139 0.0010534589255004998 0.0036001589362655564 -0.0014269741950556636 -0.0010498353623773354 0.9999989406458278 -0.0010082424976330484 -0.018630195409059525 -0.0036012172644803676 0.0010044558299968252 0.9999930111269276 1.017769455909729
0.9999963357023307 0.0008542374621598803 0.002568824686549534 -0.001999049447476864 -0.0008526262873684407 0.9999994391758085 -0.0006282328254525218 -0.019444569945335388 -0.002569359905904966 0.0006260402759650504 0.9999965032255099 1.0508378744125366
0.9999959170477142 0.0008109169321731812 0.002740128031720334 -0.0017506979638710618 -0.00080953474126049 0.9999995445629685 -0.0005054971398337602 -0.018861401826143265 -0.0027405366999544135 0.0005032768470758784 0.9999961180779711 1.0004056692123413
0.9999898847048212 0.0012238892098920603 0.004328115437472679 -0.0024346746504306793 -0.0012207998382134744 0.9999989982366227 -0.0007163612955124394 -0.018056105822324753 -0.0043289878485851035 0.0007110702866806448 0.9999903770753267 0.9585802555084229
0.9999935103343481 0.0005416610419971799 0.003561726056872889 -0.002426840364933014 -0.0005356786299409053 0.9999984446879426 -0.001680377963931622 -0.020110659301280975 -0.003562630712556299 0.0016784591183060962 0.9999922451886288 1.0340702533721924
0.99999772534581 0.0002787038713915668 0.002114622273094548 -0.002636893652379513 -0.0002776998916902417 0.9999998486011086 -0.0004750584489115587 -0.02102334424853325 -0.0021147543535719295 0.0004744701379416633 0.999997651343298 1.1107745170593262
0.9999938459033297 0.0007496628418395131 0.0034272672920722075 -0.0016482396749779582 -0.000748442915288117 0.9999996561149036 -0.000357216008918345 -0.019091591238975525 -0.0034275339050544606 0.00035464869665294377 0.9999940631001925 1.0182640552520752
0.9999970191969219 0.0007535813825345158 0.0023224367312245898 -0.0020491229370236397 -0.0007527751875776252 0.9999996561169388 -0.00034798781673940583 -0.019670195877552032 -0.002322698169717981 0.0003462385067102659 0.9999972425922525 1.0532665252685547
0.9999789172956016 0.0006457932332776063 0.0064612626797398145 -0.00047102069947868586 -0.0006512494414241745 0.9999994331341507 0.0008423808773943507 -0.01798737794160843 -0.006460715013200194 -0.0008465710114383971 0.9999787710141856 0.8750969767570496
0.9999722411480592 0.0008487647700977031 0.007402467946083855 -0.0027036149986088276 -0.0007946860429947879 0.9999729995560688 -0.007305383831907732 -0.016279323026537895 -0.007408468628591689 0.007299298404879102 0.9999459159551459 0.9691798686981201
0.9999892477075404 0.0015805711301702463 0.004359617438460913 -0.0025681667029857635 -0.0015827648433720397 0.9999986225341808 0.0004997851450879366 -0.019813433289527893 -0.004358821487265293 -0.0005066800204640373 0.9999903719289496 0.9977207779884338
0.9999852714257913 0.0003417832103767624 0.005416651707774595 -0.0014144055312499404 -0.00033183926067403927 0.9999982583834642 -0.0018366035889532462 -0.016384266316890717 -0.005417269994315236 0.001834779080702958 0.9999836432519951 0.8162252902984619
0.9999775548189636 0.0006791758810830313 0.006665476607820289 -0.0007684646407142282 -0.0006538772438384059 0.9999925778989531 -0.0037969186923599626 -0.01560878474265337 -0.0066680059115776635 0.0037924750663593408 0.9999705769821602 0.8570926189422607
0.9999796110730054 0.0009160319574530144 0.006319677502337755 -0.00022551498841494322 -0.00090598964211567 0.9999983227800144 -0.0015917348793807508 -0.016937846317887306 -0.006321124982865652 0.0015859768632558709 0.9999787638026819 0.9195904731750488
0.999981005443506 0.0008803413641040014 0.006100307474032538 -2.3611006326973438e-05 -0.0008698407696804846 0.9999981360097697 -0.0017237615907422822 -0.017025789245963097 -0.006101813601749188 0.0017184225525068643 0.999979907245491 0.9308679699897766
0.9999826153541727 0.0010527217846024095 0.005801789919768766 -0.00034829520154744387 -0.0010453147685162527 0.9999986350177652 -0.0012795622849693408 -0.017565451562404633 -0.005803129023520738 0.0012734753435452396 0.9999823508212962 0.9489275217056274
0.9999805149714985 0.0009881087363270396 0.0061638720348416 -3.706593997776508e-05 -0.000979854613118256 0.9999986194735971 -0.0013419895070648764 -0.016904683783650398 -0.006165189557009502 0.0013359236599130725 0.9999801026748988 0.9088500738143921
0.9999792137495609 0.001018984952038484 0.0063666112240240305 -0.00011669297236949205 -0.0010090747556698477 0.9999982746951527 -0.0015596072761713661 -0.016737360507249832 -0.006368189456024332 0.0015531504711186097 0.9999785167125675 0.9040859937667847
0.9999824236643384 0.000993497107321272 0.005845111281532295 -0.00012168416287750006 -0.000984151984770294 0.999998233396602 -0.0016014520118400254 -0.01662539131939411 -0.0058466919934801196 0.001595671386312996 0.9999816348441408 0.9020443558692932
0.9999845174240453 0.001061389832177305 0.005462450349802064 -4.677602555602789e-05 -0.0010529247991372815 0.9999982408253175 -0.0015523194381779533 -0.016397371888160706 -0.005464088356465676 0.0015465438548369823 0.9999838758402749 0.8927860856056213
0.9999836873020481 0.0011436735555417608 0.0055961719592836304 -2.3234053514897823e-05 -0.0011343771756606618 0.9999979719850389 -0.001664095620006633 -0.016913341358304024 -0.005598063792317667 0.0016577203043757372 0.9999829566773474 0.9149928092956543
0.9999856883317629 0.0010058388899470156 0.005254656961015678 -0.0002974920207634568 -0.0009989205750629672 0.9999986311116337 -0.001319065026353175 -0.017276812344789505 -0.0052559765348787705 0.0013137971633788781 0.9999853242161499 0.9375287890434265
0.9999889766212471 0.0008513870916482417 0.004617550867219507 -0.0007632545894011855 -0.0008474387104146429 0.9999992737243976 -0.0008569704251430847 -0.01839102804660797 -0.00461827712716286 0.0008530478870813177 0.9999889718520296 0.9972442388534546
0.9999860929834875 0.0010601395366747865 0.005166231100391318 -0.000679692137055099 -0.0010555453048842062 0.9999990451450591 -0.0008919266110146252 -0.017885355278849602 -0.005167171734054174 0.0008864610159945531 0.9999862571671362 0.9657403230667114
0.9999812916256535 0.0009215404792214099 0.006047078785228981 -0.00010670570190995932 -0.0009107592548413326 0.9999979914426596 -0.0017853930173085154 -0.017108410596847534 -0.006048711951261267 0.00177985218253919 0.9999801224074102 0.9216475486755371
0.9999871863186539 0.0008477845804246472 0.004990837585706883 -0.0007456106832250953 -0.0008407656380146422 0.9999986549072056 -0.0014082957506322937 -0.018601778894662857 -0.004992024803989273 0.0014040815804323295 0.9999865540312388 1.0308996438980103
0.9999921308959107 0.0009161362373548693 0.0038599016374278143 -0.0014511303743347526 -0.0009138242274829451 0.9999994020406414 -0.0006007026228776961 -0.019916336983442307 -0.003860449654804199 0.0005971706242542472 0.9999923701287468 1.1082417964935303
0.9999953872071992 0.0012266550724821868 0.0027786474509929318 -0.002535521052777767 -0.0012238064630420676 0.9999987241462086 -0.00102664682135805 -0.021976932883262634 -0.0027799032473761138 0.001023241558939943 0.9999956125476988 1.2821385860443115
0.9999966712676465 0.0013544548252828678 0.0021961115074016157 -0.0030021960847079754 -0.001354256952309711 0.9999990787996258 -9.158606342126012e-05 -0.023143529891967773 -0.002196233533528403 8.861165927882168e-05 0.9999975843502024 1.3065454959869385
0.999994117578682 0.0010344860532092658 0.0032702670592671193 -0.0019289822084829211 -0.001032785974308655 0.9999993306924224 -0.0005215053579968767 -0.02048644609749317 -0.003270804360472118 0.0005181248043315866 0.9999945166777279 1.1532431840896606
0.9999943435481099 0.0009157920051318898 0.0032363863780930178 -0.0018344206036999822 -0.0009151353806675434 0.9999995603813617 -0.00020436320237994973 -0.01984471082687378 -0.003236572109504128 0.00020140031472922395 0.9999947420056234 1.0851993560791016
0.9999915687144026 0.0008430896129026176 0.004018917766364309 -0.0010266798781231046 -0.000842202106651206 0.9999996205902892 -0.00022251941281356094 -0.018472259864211082 -0.004019103845353493 0.00021913279567955057 0.9999918993597389 0.9904963374137878
0.9999913469071583 0.0007408784991566208 0.0040935571154298404 -0.000901969033293426 -0.0007370539645490229 0.9999992905978458 -0.0009357110979938051 -0.018573489040136337 -0.00409424745968553 0.0009326858286977656 0.9999911835785774 1.016947865486145
0.999992672595606 0.0007370009045542509 0.0037565389342088763 -0.0008904322749003768 -0.0007351095093232263 0.9999996023701725 -0.0005048499843460191 -0.017987782135605812 -0.0037569095153920738 0.0005020848176133456 0.9999928167450652 0.9507670402526855
0.9999913908521281 0.001359125109885592 0.003920586762496774 -0.0006956086726859212 -0.0013544030043374047 0.9999983545608825 -0.0012068421725975097 -0.015838393941521645 -0.003922220560910397 0.0012015217282248967 0.9999915862303084 0.853489100933075
0.9999935760855863 0.0005878914931176382 0.0035358409400444634 -0.0006702231476083398 -0.000585957834443616 0.9999996782377562 -0.0005478848422662651 -0.017663460224866867 -0.0035361618991823253 0.0005458094690007643 0.9999935988050356 0.9111127853393555
0.999993430031701 0.000850187939605733 0.003523786869417561 -0.0009337839437648654 -0.0008481732160476736 0.9999994760192521 -0.0005732045160331084 -0.018139317631721497 -0.0035242723545875396 0.0005702119684559086 0.9999936271610345 0.9567404985427856
0.999994436340603 0.0008050379822677125 0.0032371595089530094 -0.001164839486591518 -0.0008036401583596693 0.9999995833006011 -0.00043308327113363883 -0.01809380203485489 -0.003237506808513336 0.0004304793502254173 0.9999946666043742 0.9445688128471375
0.9999933562671497 0.0008924307095525015 0.0035342593270092887 -0.0007350529776886106 -0.0008907929433741637 0.9999994951572242 -0.00046494432904915133 -0.01728425920009613 -0.0035346724733614746 0.00046179294681468453 0.9999936463987062 0.9005478620529175
0.9999934556228046 0.0010684581538969204 0.003456458987846601 -0.0009246797999367118 -0.001066341218410018 0.9999992428108154 -0.0006142427867831125 -0.016991356387734413 -0.0034571126633672505 0.0006105530022581418 0.9999938377795454 0.8976033926010132
0.9999937282824729 0.0007993911887024577 0.0034502709236554716 -0.0011070439359173179 -0.0007965263719639849 0.999999336984447 -0.0008316107290060868 -0.017739227041602135 -0.003450933418361386 0.0008288572815973901 0.9999937020072418 0.930098295211792
0.9999943552029138 0.0008256991284339627 0.003256959204223876 -0.0013061229838058352 -0.0008228319845304294 0.9999992729040005 -0.0008815548739036583 -0.01748806983232498 -0.0032576847351929164 0.0008788699674997286 0.999994307522671 0.9180789589881897
0.9999948672315108 0.0006215473020331709 0.003143117812686381 -0.0011896536452695727 -0.0006195358950504303 0.9999996027283244 -0.0006408732074223197 -0.018013015389442444 -0.0031435148970277195 0.0006389226436611835 0.9999948550327384 0.9243199825286865
0.9999946284642257 0.000768227417745995 0.0031863567486507044 -0.0015820373082533479 -0.0007652492270792667 0.9999992693512063 -0.0009357834546161511 -0.01739826425909996 -0.003187073315049899 0.0009333400709827439 0.9999944857047944 0.9100782871246338
0.9999944590157365 0.0005607306021193655 0.0032813897995036183 -0.0013858050806447864 -0.0005582288599847055 0.9999995529000475 -0.0007632694444719457 -0.017486505210399628 -0.003281816320929573 0.0007614334487210228 0.9999943249342662 0.8919233083724976
0.9999936023544502 0.0006471476492895796 0.003518017920587746 -0.0012713019968941808 -0.0006435079221559939 0.9999992566843012 -0.0010356294698931887 -0.017323767766356468 -0.003518685510766774 0.0010333589719007347 0.9999932754881461 0.9008762836456299
0.9999941216347751 0.0007442478344292799 0.0033470570738217786 -0.0012027289485558867 -0.0007412666091698258 0.9999993275609695 -0.0008918528032780873 -0.01755579188466072 -0.0033477185826474346 0.0008893664989937731 0.9999940008857662 0.910863995552063
0.9999809639611216 -0.00045038121847073344 0.006153768938180904 0.0012173327850177884 0.00044918134382473663 0.9999998798388829 0.00019636277756769174 -0.01572640985250473 -0.0061538566368441764 -0.00019359488139698462 0.9999810461051327 0.733900785446167
0.9999800044504077 0.0006468932976136656 0.006290646105447805 0.0016057847533375025 -0.000644907919358646 0.9999997416020184 -0.0003176313456341029 -0.015056949108839035 -0.006290849953546153 0.0003135681069294933 0.9999801632442036 0.6627844572067261
0.9999868325327408 0.0008409064194989782 0.0050623746927962706 -0.0002018759259954095 -0.0008378449755797561 0.9999994648833866 -0.0006068350169501121 -0.01726197451353073 -0.005062882275296798 0.0006025855412690332 0.9999870019723919 0.870720624923706
0.9999929158997569 0.0005247783529322835 0.003727299019653591 -0.0007613612106069922 -0.0005222065607052716 0.999999624959422 -0.0006909278713297371 -0.017140930518507957 -0.0037276602057555236 0.0006889765567256625 0.9999928149045345 0.9053851366043091
0.9999932098209903 0.0007193761649680602 0.0036142509385210914 -0.0010913923615589738 -0.0007154732413689125 0.9999991597167085 -0.001081047602179073 -0.016986513510346413 -0.0036150255814046193 0.0010784543618382316 0.9999928842378007 0.8815695643424988
0.9999936203906776 0.0007598144110585269 0.0034902521407037795 -0.0010659591061994433 -0.0007564007896742889 0.9999992344532916 -0.0009792602696195828 -0.0165582112967968 -0.0034909935248177764 0.000976613992846247 0.9999934295730739 0.8510763645172119
0.9999931812404568 0.0009150129789809441 0.0035777400463638067 -0.0010529052233323455 -0.0009112258394883935 0.9999990230171041 -0.001060015239023333 -0.01613660901784897 -0.0035787064786745987 0.0010567478818570867 0.9999930380476925 0.8449636697769165
0.9999854383210124 0.0009374045587970933 0.0053145478289329685 0.0003460574662312865 -0.0009315592836666521 0.9999989586405543 -0.0011022318758155544 -0.015752773731946945 -0.005315575531763627 0.001097265009100276 0.9999852702246499 0.7604291439056396
0.9999890102262915 0.001130945632658972 0.004549767974056642 -0.0004568462027236819 -0.0011303425485461637 0.9999993520336812 -0.00013512194697775984 -0.016049044206738472 -0.004549917841536048 0.00012997766569105063 0.9999896406230625 0.7766968607902527
0.9999795985568519 0.00039946957643052745 0.0063751779688566755 0.00029029021970927715 -0.0003881428953942312 0.999998344343781 -0.0017778230478566557 -0.01424415037035942 -0.00637587759997352 0.0017753122976653323 0.9999780979856887 0.726635217666626
0.9999818276049023 -0.00034634777541675917 0.006018679521111796 0.0013680048286914825 0.00034746291836831666 0.9999999226633647 -0.00018423567820901639 -0.014481794089078903 -0.006018615246030072 0.00018632359815661003 0.9999818706126812 0.6485657691955566
0.9999789355353911 4.7062120296856235e-06 0.0064906442945391616 0.0008966929162852466 -4.195293855197707e-06 0.9999999968920165 -7.87297082217176e-05 -0.014871752820909023 -0.006490644644885044 7.870081966243992e-05 0.9999789324472168 0.6911781430244446
0.9999916328905896 0.0021385807165837044 0.0034872082431186184 -0.004558920860290527 -0.002124866232873839 0.9999900130097457 -0.003931771135377304 -0.01319485530257225 -0.003495581826336018 0.003924328386775235 0.9999861901818485 0.6884838342666626
0.9999880469889065 0.0009318935626825379 0.004799734753087037 0.00039365957491099834 -0.0009268462043122821 0.9999990153271971 -0.001053708094956449 -0.014099443331360817 -0.004800711970709403 0.0010492468840342965 0.9999879260498851 0.7001156806945801
0.9999929430786509 0.0011615845579324355 0.0035727460325457286 -0.0013712384970858693 -0.0011551856132028207 0.9999977260877676 -0.0017925862582882594 -0.01606433279812336 -0.0035748201489512114 0.0017884464233315985 0.999992011028235 0.8306276798248291
0.9999920718929598 0.00043280375976925846 0.003958387567013257 -0.0009298465447500348 -0.00042921914661711314 0.9999994971241103 -0.0009063787565437282 -0.016232917085289955 -0.003958777860569195 0.0009046725549424344 0.9999917547887175 0.8290523886680603
0.9999921451724744 0.0005144480899371527 0.003930004645846061 -0.0009387930622324347 -0.000511491502618066 0.9999995854731697 -0.0007532794515176299 -0.015459001995623112 -0.003930390539928713 0.0007512633706558596 0.9999919937847264 0.7794077396392822
0.9999923988656892 0.001063550912029542 0.0037511425328549887 -0.0008617941057309508 -0.001059604397091225 0.9999988832513386 -0.001053913942211438 -0.01502161379903555 -0.0037522592349060256 0.0010499312041480824 0.9999924090687392 0.7769753932952881
0.9999925982335144 0.001112588582996625 0.00368315419587307 -0.0013443928910419345 -0.0011079890820853212 0.9999986041801733 -0.0012505990163854028 -0.015147631987929344 -0.003684540457040954 0.001246508865106852 0.9999924351600217 0.7875412702560425
0.9999922675677724 0.0009459293830175743 0.00381706985361965 -0.0013077183393761516 -0.0009414506657040229 0.999998866562878 -0.0011749653628395393 -0.015221746638417244 -0.0038181769614717177 0.001171362694544772 0.9999920246852617 0.7827965021133423
0.9999919253392279 0.0007413215248583672 0.003949645394256321 -0.00106597610283643 -0.0007366302069939684 0.9999990217028671 -0.0011891043883439285 -0.015462353825569153 -0.003950523039007939 0.0011861853586250465 0.9999914931298229 0.7810011506080627
0.9999940649342985 0.0014033856705807527 0.0031465226580013423 -0.001329362508840859 -0.001400174084969249 0.9999984968503013 -0.0010226483606469642 -0.014718543738126755 -0.003147953098362132 0.0010182366116782524 0.9999945267777683 0.7732205986976624
0.9999947938440027 0.001606191814929777 0.0027986483781380057 -0.0016465341905131936 -0.0016028669503169019 0.9999980075194114 -0.0011898633312642528 -0.014461001381278038 -0.0028005539506289995 0.001185371275659259 0.9999953758855632 0.7722996473312378
0.999995919377257 0.0012333733552888308 0.0025768234322575325 -0.0020735785365104675 -0.0012300555354626632 0.9999984130417949 -0.0012887502749403528 -0.015351789072155952 -0.002578408853197177 0.0012855753801099127 0.9999958495432507 0.7962455749511719
0.9999955087656308 0.0013911579799830496 0.0026546427334690334 -0.0023657986894249916 -0.0013871626050990975 0.9999979034179506 -0.0015062999736486543 -0.015675436705350876 -0.0026567326690213194 0.0015026107873726759 0.999995341955325 0.8106679916381836
0.9999905218691261 7.248934803969909e-05 0.004353265120270991 -0.0008798904018476605 -6.702551011104393e-05 0.9999992099329953 -0.0012552453808348917 -0.016397517174482346 -0.004353352672819144 0.0012549417036395584 0.9999897366682453 0.8022226095199585
0.9999769867906677 -7.508613844299468e-05 0.006783822751818874 0.0014282630290836096 7.777951832634874e-05 0.9999999182631983 -0.0003967668618104992 -0.016300980001688004 -0.006783792405639386 0.0003972853733977001 0.999976910895911 0.8000683784484863
0.999983574526953 0.00018506328773360432 0.005728562461703174 0.000593349221162498 -0.0001876061714592448 0.9999998841172762 0.00044336143109984335 -0.01665586046874523 -0.005728479747937659 -0.00044442886235001195 0.9999834933651475 0.8432695269584656
0.9999937482030966 0.0007671265919214085 0.0034518214776638133 -0.0011236433638259768 -0.0007639432710400266 0.9999992818254497 -0.0009234388248028645 -0.017236270010471344 -0.0034525273931319956 0.0009207960558601866 0.9999936160742342 0.8910934329032898
0.9999899443703084 0.0007911151969123781 0.004414215107218491 -0.0003691775491461158 -0.0007917140956873396 0.9999996776258182 0.00013392927438926673 -0.01717325672507286 -0.004414107730705227 -0.00013742272396785948 0.9999902483364209 0.8145824074745178
0.9999899621224592 0.0010461847855614082 0.004356736360729646 -0.0005391325103119016 -0.0010399769300145879 0.999998441188923 -0.001426908444470445 -0.015016649849712849 -0.0043582223793057415 0.0014223632160329032 0.9999894913350709 0.8194658756256104
0.9999944718210393 0.00042730687259840143 0.0032975348667193477 -0.0009909315267577767 -0.0004269883171639302 0.9999999041061076 -9.730751581182729e-05 -0.016740700230002403 -0.0032975761306761556 9.589896901493578e-05 0.9999945583827194 0.8395393490791321
0.9999928900291295 0.0006798990361605105 0.003709127726341284 -0.0009220844367519021 -0.0006775371031318074 0.9999995669440748 -0.0006380087282133574 -0.016270887106657028 -0.003709559901600918 0.0006354911203350335 0.9999929176331065 0.8241994380950928
0.9999936365348124 0.0005450174508759308 0.0035255986525985486 -0.0009419984417036176 -0.0005438324115868099 0.9999997953136204 -0.00033707421269158443 -0.016624506562948227 -0.0035257816422846824 0.0003351547329140366 0.9999937282478902 0.8381402492523193
0.9999926741395068 0.0007411838970548512 0.0037553047478170957 -0.0007619265234097838 -0.0007395894154277033 0.9999996357804307 -0.0004259653769185069 -0.015827225521206856 -0.0037556190987396935 0.0004231848727123898 0.9999928580943709 0.8040217161178589
0.9999937575616814 0.000554180923041124 0.003489659177246481 -0.0013323017628863454 -0.0005524224716484535 0.999999719979318 -0.0005048472026272995 -0.017094003036618233 -0.0034899379767584855 0.0005029162850018716 0.9999937836847429 0.8795953989028931
0.9999947591029672 0.0005556399520005686 0.00318951890456121 -0.0014642017195001245 -0.0005547421419733489 0.9999998062654545 -0.0002823653829811572 -0.017213743180036545 -0.003189675180129061 0.00028059454258427856 0.9999948736063341 0.88041090965271
0.9999939348152407 0.0005415035163206255 0.003440509653274625 -0.0013662819983437657 -0.0005395228666714328 0.9999996882312068 -0.0005765869975906257 -0.017399536445736885 -0.003440820804517742 0.00057472726685301 0.9999939152018676 0.9030661582946777
0.999994294558003 0.0006857791437155928 0.003307651494364998 -0.0016148382565006614 -0.0006839207778816535 0.9999996076771689 -0.0005629368331654474 -0.017517445608973503 -0.0033080362470372135 0.0005606714497790103 0.9999943712560155 0.9137967228889465
0.9999944573311615 0.0005722177772717246 0.003279919781203039 -0.0014946962473914027 -0.0005707029888411139 0.9999997300782119 -0.0004627543645840631 -0.017516739666461945 -0.0032801836921551517 0.000460879939667575 0.9999945139772652 0.9059625864028931
0.9999941176187157 0.0006251093959549932 0.0033725311280569012 -0.00146674329880625 -0.0006234410569250046 0.999999682794806 -0.0004957131592169463 -0.017358647659420967 -0.003372839933226035 0.0004936076688721478 0.99999419013425 0.8978148698806763
0.9999940683858963 0.0006178965583666217 0.0033884209989772777 -0.0015576301375404 -0.0006155655307564528 0.9999995732210097 -0.000688938949082239 -0.017801376059651375 -0.003388845245875948 0.0006868490673915903 0.9999940219652605 0.9401031732559204
0.9999953523119984 0.0007193354210771721 0.0029627539475792445 -0.0018602587515488267 -0.000717512259510873 0.9999995526274386 -0.0006163773842849802 -0.01853303238749504 -0.0029631960042096894 0.0006142487072759046 0.9999954210734997 0.9814515113830566
0.9999957599035906 0.0006691321415352264 0.0028341554328807487 -0.0017084801802411675 -0.0006680855377510379 0.9999997083019608 -0.00037021305697345963 -0.018600644543766975 -0.002834402327618803 0.0003683180289779598 0.9999959152442948 0.9760423302650452
0.9999954105846561 0.0007428520394632858 0.002937172189743013 -0.0016789467772468925 -0.0007414086262684478 0.9999996038844122 -0.0004924878346399427 -0.018423128873109818 -0.0029375368718756985 0.0004903079296104066 0.9999955652277965 0.9705106019973755
0.9999953434991163 0.0006766739625604248 0.0029757507343489645 -0.001567547325976193 -0.0006755625380523056 0.9999997016887823 -0.0003744831155976039 -0.018179483711719513 -0.0029760032496228828 0.0003724710660979374 0.9999955023248671 0.9437305331230164
0.9999940951262075 0.0006501515565212005 0.0033744652422343364 -0.0011783415684476495 -0.0006485109407973198 0.9999996710071213 -0.00048725682022976674 -0.01746435835957527 -0.0033747809228394 0.00048506556541080945 0.9999941877656691 0.9006034135818481
0.9999944066431722 0.000656839128320906 0.003279518978397593 -0.0012204836821183562 -0.0006554644995223342 0.9999996968936875 -0.00042021283072216347 -0.017577609047293663 -0.0032797939965841295 0.0004180608720560082 0.9999945340732855 0.9041478633880615
0.9999941074115907 0.0007040536232430911 0.0033599777665071994 -0.001106373150832951 -0.0007026745211703568 0.9999996684117368 -0.0004116126012324442 -0.01741873286664486 -0.003360266449721278 0.00040924920500057764 0.999994270545824 0.8984791040420532
0.9999914137610063 0.00021255221841339316 0.004138505263763403 -0.00026458699721843004 -0.0002125335051284268 0.999999977402446 -4.961536585459099e-06 -0.01613772287964821 -0.004138506224828915 4.081922954820121e-06 0.9999914363381143 0.8062897324562073
0.9999909562303322 0.0007318029178900187 0.004189501406517412 -0.0007372623076662421 -0.0007290815717838029 0.9999995222844928 -0.0006510536442773037 -0.016361963003873825 -0.004189975848084207 0.0006479932680276494 0.999991012063167 0.829505443572998
0.9999944615880232 0.0005667929646076063 0.0032795638452308463 -0.0012951610842719674 -0.0005656530769218153 0.9999997792956118 -0.00034849006325476706 -0.01717197522521019 -0.0032797606431328027 0.0003466330377932105 0.9999945614930418 0.8779787421226501
0.9999924705077836 0.00012801187502362496 0.0038784714385264154 -0.000503664487041533 -0.0001278195125937615 0.9999999905888083 -4.984531772593217e-05 -0.016472231596708298 -0.0038784777828179597 4.934919808711905e-05 0.9999924774590782 0.8228005170822144
0.999989231109049 -4.191051049646365e-05 0.004640679847010509 5.8587524108588696e-05 4.266788820406164e-05 0.9999999857880796 -0.00016310515750817396 -0.01572868973016739 -0.00464067294523712 0.00016330140905542227 0.9999892186855145 0.784436821937561
0.9999848085720713 0.00045435805079808875 0.005493285341139364 0.0010334588587284088 -0.00045307617697198666 0.9999998698435609 -0.00023459505242040516 -0.015450745820999146 -0.005493391216303651 0.00023210261186519426 0.9999848842764183 0.7288913726806641
0.9999921663958695 0.0005445317225464939 0.00392053977135746 -0.0004972930764779449 -0.0005429762603764943 0.999999773465787 -0.0003978003966200038 -0.016797874122858047 -0.00392075549815627 0.0003956685203854647 0.9999922355312294 0.8463442325592041
0.9999918836567442 0.00019399917824949783 0.00402429931239249 -0.0002763321390375495 -0.00019420061509298057 0.9999999799097826 4.96644326380968e-05 -0.016469288617372513 -0.004024289596684321 -5.044555094629877e-05 0.9999919012414494 0.8266953229904175
0.9999884105877858 0.0002910920747024812 0.004805617079844872 0.0004898136248812079 -0.0002910146938101728 0.9999999575140792 -1.6801424853243065e-05 -0.015474816784262657 -0.004805621766435423 1.5402724951544663e-05 0.9999884528144283 0.7505432963371277
0.9999861823337306 0.0008809401590914776 0.005182575233091642 0.000419089337810874 -0.0008788494151142625 0.9999995315230008 -0.00040568150588673086 -0.015507472679018974 -0.005182930186304687 0.0004011211971026827 0.9999864880769483 0.7433158159255981
0.9999927921650384 0.0007728579112112209 0.0037172985647106267 -0.0008219211595132947 -0.0007706913908798834 0.9999995323617568 -0.000584218321979864 -0.0161698330193758 -0.0037177483441116735 0.0005813492210294649 0.9999929201651044 0.8315930962562561
0.9999940348475651 0.0006581314376086684 0.003390742145579402 -0.0011543681612238288 -0.000656532738954922 0.9999996728160209 -0.00047258080171010667 -0.017566118389368057 -0.0033910520564653097 0.00047035184946565947 0.9999941397503729 0.9067703485488892
0.9999952155044523 0.0008127322628662708 0.0029847000642358457 -0.0015410586493089795 -0.0008108565087955503 0.9999994730495886 -0.0006296127919163093 -0.01853937655687332 -0.002985210198076022 0.0006271896160628214 0.999995347565807 0.9850106239318848
0.9999951270927278 0.0009988257770094894 0.0029577251168374404 -0.0018547713989391923 -0.0009964021165548677 0.999999166739525 -0.000820794175185502 -0.019463136792182922 -0.002958542482661799 0.0008178430919649923 0.9999952890684314 1.028480052947998
0.9999946981832235 0.0009299418520722722 0.003120707226790727 -0.0018788789166137576 -0.0009267343308421272 0.9999990410502803 -0.001029107380121603 -0.018602732568979263 -0.003121661244212458 0.001026209857459256 0.999994601047628 1.0200164318084717
0.9999946666794028 0.001073935882444934 0.0030843596531568585 -0.002155916765332222 -0.0010702347789964541 0.9999987056669399 -0.0012013583821720803 -0.01969662681221962 -0.0030856458428424813 0.0011980509859709344 0.9999945217167778 1.0491083860397339
0.9999961164299493 0.0010874716319209665 0.002566033996016745 -0.0024840719997882843 -0.0010840981862667198 0.9999985468596412 -0.001315678428975627 -0.019788367673754692 -0.0025674610301774244 0.0013128914866453035 0.9999958422212578 1.0901412963867188
0.9999969165092182 0.001204796001030076 0.002171506079271938 -0.0029853773303329945 -0.00120187306276129 0.9999983707540011 -0.0013468446402932507 -0.02129599079489708 -0.0021731252143909804 0.001344230612647918 0.9999967352801025 1.1699192523956299
0.999996747390437 0.0013574516807103203 0.0021592900409790586 -0.0031637679785490036 -0.0013539937519082281 0.9999978000245054 -0.0016020758624518388 -0.02163754031062126 -0.0021614600311659934 0.0015991469863005248 0.9999963854031922 1.2034995555877686
0.9999948626414605 0.0017292646236898878 0.002698950638296433 -0.004620795138180256 -0.0017286299160225336 0.999998477718978 -0.000237483347491222 -0.023244665935635567 -0.0026993572012866287 0.0002328166406388914 0.9999963296268202 1.299866795539856
0.9999983125659198 -5.6435412057767164e-05 0.0018362135925775731 -0.004610621370375156 6.190593403962808e-05 0.9999955598997857 -0.0029793201186817256 -0.02451440691947937 -0.0018360373004466571 0.0029794287637929656 0.9999938759668846 1.3849213123321533
0.9999962826202043 0.0013513993002558491 0.0023682199441165093 -0.0028409240767359734 -0.0013477038338032008 0.9999978729500955 -0.0015613422626070787 -0.021919310092926025 -0.0023703249036356507 0.0015581447994069226 0.9999959768642248 1.1882963180541992
0.9999967183952277 0.001451926124510215 0.0021107129848400435 -0.0030565783381462097 -0.0014494245112363572 0.999998245993986 -0.0011862451423192372 -0.021472344174981117 -0.002112431622948981 0.001183181930395105 0.9999970688522831 1.1676579713821411
0.9999972841929788 -5.0282034704343956e-05 0.002330038279441137 -0.00910630077123642 4.408775684379905e-05 0.9999964654240038 0.002658419787934673 -0.03443542867898941 -0.0023301637144997997 -0.002658309842018447 0.999993751843404 1.8988192081451416
0.9999991981662362 -0.0007912856295327104 -0.0009887031592432124 -0.014759858138859272 0.0007958265899247681 0.9999890990199347 0.0046009239656755845 -0.04573734104633331 0.0009850517363931715 -0.004601707112763073 0.9999889269210559 2.5061721801757812
0.9999949859356027 0.0014478618195052878 -0.002816345114767173 -0.030992524698376656 -0.001465649264090897 0.9999789291432488 -0.006324013105290839 -0.05310378223657608 0.002807129474841496 0.006328109170426764 0.9999760372421124 3.0665664672851562
0.9999772880929594 0.0017322532795612379 0.006513263147306141 -0.0191076397895813 -0.0016512805838132063 0.99992154431865 -0.012416862721304229 -0.03788379207253456 -0.0065342612959789475 0.012405825485699955 0.9999016946296942 2.3007051944732666
0.9999980819065586 0.0006898990195861447 0.001833090981329244 -0.002741095144301653 -0.0006882787348243859 0.9999993720610366 -0.0008843923988077844 -0.02108350582420826 -0.001833699971708861 0.0008831290249190777 0.9999979288116243 1.1712766885757446
0.9999985924809303 0.0013009376199197497 0.0010595270015561849 -0.0039138211868703365 -0.0012995784242228355 0.999998333127707 -0.0012825122714755397 -0.02315080538392067 -0.0010611937039219537 0.0012811335278839567 0.9999986162814457 1.3245165348052979
0.9999951933263445 0.0015771941805272321 0.0026694161765810987 -0.003850394394248724 -0.0015741832411322984 0.9999981229005457 -0.0011296647769530118 -0.021277114748954773 -0.002671192866533607 0.0011254571968143073 0.9999957990285598 1.1855473518371582
0.999998734251728 0.0005790355877710682 0.0014819624589497444 -0.0031118877232074738 -0.0005782328300327668 0.9999996859105831 -0.0005420567583918929 -0.021570075303316116 -0.0014822758636347205 0.0005411991529378469 0.9999987549800954 1.20151686668396
0.9999975668991603 0.00012739773417513205 0.0022022637390585434 -0.010663525201380253 -0.00013427548386779977 0.999995113875663 0.003123170647574172 -0.03632762283086777 -0.0022018550936601486 -0.003123458758614214 0.9999926978931043 2.0762178897857666
0.9999525229399973 0.0007227637531187845 -0.009717483135660237 -0.03477902710437775 -0.0007292780951231113 0.9999995117343939 -0.0006668466345311182 -0.061062052845954895 0.009716996418371116 0.0006739017222040032 0.9999525617933456 3.5476248264312744
0.9999716283393183 0.0023344168200305896 -0.00716191416610517 -0.0410226434469223 -0.0023883322722395343 0.9999688061474605 -0.007528784827575585 -0.0629575252532959 0.007144115436474889 0.00754567625418103 0.9999460107348284 3.7020931243896484
0.999997220048474 0.00166843294242775 -0.0016662013204542228 -0.026673611253499985 -0.0017110081573582397 0.999663425863103 -0.02588643356527982 -0.03210608288645744 0.0016224507416606143 0.02588921248630043 0.9996635015496114 2.236546039581299
0.9999968489754535 0.0006899613894684147 0.002413709271047555 -0.0028455471619963646 -0.0006886552026720807 0.9999996160260501 -0.0005419425836708467 -0.020289307460188866 -0.0024140822637041147 0.000540278662549218 0.999996940148214 1.0997657775878906
0.9999965609013021 0.0009109780362062463 0.0024593301091733488 -0.0029975674115121365 -0.0009093012205704564 0.9999993534433058 -0.0006828501010182034 -0.020307492464780807 -0.0024599505805210525 0.0006806114807592532 0.9999967427002717 1.1127674579620361
0.9999974883464064 0.0009756598573046592 0.002017768252575857 -0.003606224898248911 -0.0009741600332971718 0.9999992486205326 -0.0007441576441372098 -0.02135923132300377 -0.0020184927812071135 0.0007421901458828737 0.9999976874176656 1.1860377788543701
0.9999972497764859 0.0010590707376315106 0.0020925603067359663 -0.003930952865630388 -0.0010573061593496138 0.9999990847237387 -0.0008441891792395314 -0.021421022713184357 -0.0020934524475219496 0.0008419743806294777 0.9999974542647558 1.1938583850860596
0.9999997329821 0.00028970735166279784 0.0006708989338710176 -0.012979216873645782 -0.0002937485667453027 0.9999817681678846 0.006031338459326632 -0.040766641497612 -0.0006691393790622552 -0.0060315339244515565 0.999981586255972 2.3329551219940186
0.9999690630985515 0.0010075613928881267 -0.0078011323437824805 -0.03279631584882736 -0.0010422355139782544 0.9999895912872317 -0.00444196604323715 -0.053425468504428864 0.007796575590542958 0.004449959239749366 0.9999597048240625 3.1108462810516357
0.9999956038462746 0.002127375982323494 -0.002065565190081233 -0.029279004782438278 -0.002182984696800519 0.9996248044898859 -0.027303568015392635 -0.03370938450098038 0.002006705244468384 0.02730795708191058 0.9996250540147913 2.342639684677124
0.9999984106336797 0.0012031645736558017 -0.0013157222821847045 -0.014592927880585194 -0.0011933058891664822 0.9999714000651344 0.007468271073705887 -0.04160570725798607 0.0013246702117954735 -0.0074666891447395314 0.9999712464876409 2.4332878589630127
0.9999748171001059 0.002296284552878069 -0.006715075789739244 -0.03500927612185478 -0.0023722206975519498 0.999933086884348 -0.011322293182090288 -0.04818480461835861 0.0066886272561591225 0.011337937695688562 0.999913352963264 2.8154213428497314
0.9999964507022654 0.0004523499219771466 -0.0026256356221020724 -0.023996364325284958 -0.0004570270752969501 0.9999983095548624 -0.0017810147866682158 -0.04950348287820816 0.002624825541709312 0.0017822084518856326 0.9999949669992894 2.8050456047058105
0.9999753434099403 -0.000971463297046541 -0.00695477039411352 -0.020027242600917816 0.0010060610336559107 0.9999871289300517 0.004972908146070385 -0.047305915504693985 0.006949849881033811 -0.004979782454604363 0.9999634500087172 2.6617023944854736
