0.9999492879093814 0.0007487722108716835 -0.010042955227297755 -0.01527093630284071 -0.0007421837818112042 0.9999995069558016 0.0006597358470616586 -0.01582656055688858 0.01004344426754574 -0.0006522486719864417 0.9999493506167775 0.7231183052062988
0.9998013841260406 0.0018113795570875106 -0.019847196370115033 -0.026058591902256012 -0.0017883967546740898 0.9999977097097393 0.0011756752630317836 -0.012760218232870102 0.019849280508411712 -0.0011399470936842306 0.9998023337559891 0.6186034679412842
0.9999643238413215 0.0008504105651624975 -0.008404037508189036 -0.01285718847066164 -0.0008446830189871434 0.999999408608992 0.0006850490957472942 -0.017899662256240845 0.0084046151111055 -0.0006779259080529535 0.9999644507987757 0.8154675960540771
0.9999294121496953 0.0008736907780474006 -0.011849362108965353 -0.01711304485797882 -0.0008639684404235195 0.9999992859806609 0.000825588700619429 -0.014753863215446472 0.011850074957525842 -0.0008152929491865201 0.9999294530220161 0.686413049697876
0.9999499097804487 0.0008275129352517736 -0.009974625427291403 -0.014949245378375053 -0.0008182809283962274 0.9999992331346018 0.0009295948207235497 -0.016339309513568878 0.009975387029834993 -0.0009213862113598372 0.9999498200915158 0.7622920274734497
0.9999928281311733 0.0009060657214379522 -0.0036773266276153745 -0.006813450716435909 -0.0009060071563881631 0.9999995894206962 1.759180214018652e-05 -0.02175496518611908 0.0036773410571100656 -1.4259991733092866e-05 0.999993238456842 0.998617947101593
0.999971389856925 0.0009548053327246042 -0.007503853302573961 -0.011188638396561146 -0.0009521134501223474 0.9999994811101166 0.00036229749647799617 -0.0194616187363863 0.007504195332482065 -0.00035514261143766056 0.9999717800648865 0.891993522644043
0.9999483845632341 0.0007357793830585703 -0.010133451439562128 -0.014893009327352047 -0.000727199291609631 0.999999374027301 0.0008503682710259013 -0.01652362383902073 0.010134070779740007 -0.0008429553401877703 0.9999482936810912 0.7581580877304077
0.9999731560538128 0.0008545790924925418 -0.007277146855182151 -0.011172455735504627 -0.0008511752894764102 0.9999995269130841 0.0004708229334647925 -0.0190054289996624 0.007277545767894394 -0.0004646161671382808 0.9999734103762028 0.875771164894104
0.9993596963986161 0.0020831713005505627 -0.035719149085587605 -0.043636221438646317 -0.0020050017844074133 0.9999955165995292 0.002224128747438511 -0.00964871421456337 0.035723622183513166 -0.0021510876721374667 0.9993593926310576 0.463275671005249
0.9998043615490487 0.001559254205602618 -0.019718198544026556 -0.026268888264894485 -0.0015362242677042874 0.9999981202058873 0.001183046783174261 -0.013286393135786057 0.01972000614854511 -0.0011525237586154527 0.9998048774868461 0.6291273832321167
0.9999442679585447 0.000738485431218483 -0.010531648309651663 -0.015539287589490414 -0.0007293358790535497 0.9999993533350994 0.0008725815484504696 -0.01653059385716915 0.010532285887965436 -0.0008648518087216355 0.9999441599336051 0.7505907416343689
0.9999722451762498 0.0010160697217443707 -0.007380818348290322 -0.011536389589309692 -0.0010116770455882841 0.9999993089398337 0.0005988567527734896 -0.02018183097243309 0.007381421727914923 -0.0005913731271092427 0.9999725820696781 0.9244604110717773
0.9999986809037538 0.0010712844181722937 -0.0012208769175725898 -0.0033880257979035378 -0.001071684732024777 0.999999372188505 -0.0003272834108802378 -0.024338722229003906 0.0012205255374736245 0.0003285913743141631 0.9999992011722415 1.1169281005859375
0.99999769932648 0.0009670797961046718 -0.0019147058299155703 -0.004418220371007919 -0.0009675474390502216 0.9999995023220158 -0.0002433262707103768 -0.022588957101106644 0.001914469561088367 0.0002451782796183384 0.9999981373452208 1.0496306419372559
0.999881553146402 0.0012890486611060682 -0.01533681945803032 -0.020636502653360367 -0.0012803479653419726 0.9999990138243564 0.000577112989295405 -0.013801905326545238 0.015337548259958679 -0.0005574081664897462 0.9998822175183982 0.6862087249755859
0.9997375337149024 0.0014698535093139748 -0.022862703521358857 -0.030178405344486237 -0.0014275454335986267 0.99999723869602 0.0018667389668022508 -0.012812647968530655 0.02286538422330596 -0.0018336114627487523 0.9997368714183368 0.6087592244148254
0.9999551131342158 0.0009594487136792481 -0.009426090117496157 -0.014076024293899536 -0.0009513835640418766 0.9999991775770485 0.0008600665907096683 -0.0174045879393816 0.009426907555047437 -0.0008510601578050824 0.9999552035519171 0.812113881111145
0.9999837285291251 0.0010091255161293012 -0.005614654279800018 -0.009243292734026909 -0.001007456894095223 0.9999994475118898 0.00030001086902165306 -0.021749278530478477 0.0056149539263933325 -0.0002943494652413898 0.999984192700463 0.986927330493927
0.9999968998199084 0.0009198760104545411 -0.002313909829190071 -0.0050030667334795 -0.0009203518688898026 0.9999995555465948 -0.00020459484409166598 -0.022338345646858215 0.002313720598876025 0.00020672382104654105 0.9999973019774865 1.0327532291412354
0.9999979518108523 0.0010022353531503143 -0.001758379480478648 -0.004221685230731964 -0.0010027679417278271 0.9999994516168494 -0.0003020305536850611 -0.02359582483768463 0.0017580758105143338 0.0003037931816417747 0.9999984084383071 1.080574631690979
0.9999954550660812 0.000985380978169858 -0.002849363351478194 -0.005337919108569622 -0.0009859836420906241 0.9999994918446219 -0.00021011129261592758 -0.022523341700434685 0.0028491548638878406 0.00021291976332891708 0.9999959184825384 1.040858507156372
0.9999790758932854 0.0009268620206438981 -0.006402241982752251 -0.009653452783823013 -0.0009263131158264765 0.9999995670379709 8.87010827421432e-05 -0.0202663354575634 0.006402321424489354 -8.27687460319039e-05 0.9999795015047619 0.9409636855125427
0.9999937440550544 0.0011859530578337597 0.003332471470069027 0.0004776418209075928 -0.0011827059744663573 0.9999988241401326 -0.0009761787386563232 -0.028818514198064804 -0.0033336252537096685 0.0009722312978184878 0.9999939708363101 1.374680995941162
0.9999285679397053 0.0016808312050808239 0.011833588826304161 0.01162849273532629 -0.0016674230646849333 0.9999979568146545 -0.0011428328134095958 -0.03381681442260742 -0.011835485557143857 0.0011230195795601842 0.9999293275570281 1.6069972515106201
0.9999884192527082 0.0013408625643656314 0.0046220610179280655 0.0033642956987023354 -0.001337681769859103 0.99999886642478 -0.0006911994195001114 -0.02853379212319851 -0.0046229825819003485 0.0006850085681314471 0.9999890793380241 1.330077886581421
0.9999993593170723 0.0010695454622854342 -0.0003707262449576584 -0.0028766877949237823 -0.001069663046689311 0.9999993776277101 -0.0003171201016437355 -0.0237351655960083 0.0003703868398622039 0.00031751645063496944 0.999999880998439 1.1022685766220093
0.9999982724966234 0.0010042278725927477 -0.001564138788264058 -0.003956632688641548 -0.001004660158974899 0.9999994573477855 -0.0002756122270273609 -0.023340187966823578 0.0015638611620002725 0.00027718317882998426 0.9999987387530804 1.0788182020187378
0.9999994713447958 0.0010250046675414743 8.17041015134285e-05 -0.0025624874979257584 -0.0010249697623471183 0.9999993839300957 -0.00042611784209934484 -0.024642523378133774 -8.214082395506502e-05 0.0004260338725964191 0.9999999058740078 1.1594371795654297
0.9999993465956143 0.001136162214615691 -0.000126268629068194 -0.0022347690537571907 -0.0011362183883934097 0.9999992551805102 -0.00044569742949513585 -0.022517764940857887 0.00012576215044231441 0.00044584060701270516 0.9999998927050117 1.0677517652511597
0.999996225323731 0.0009615002700550836 -0.00257387946894585 -0.005143298767507076 -0.0009620798507998077 0.999999512124435 -0.00022394921913963518 -0.02243882045149803 0.0025736628859782686 0.00022642465137929233 0.9999966624900438 1.0387593507766724
0.9999968872982433 0.0009890716555865644 -0.0022906617132346934 -0.004707911051809788 -0.0009896386891499317 0.9999994799458066 -0.00024642114585575334 -0.02304532192647457 0.0022904167937957604 0.0002486873062753913 0.9999973460692455 1.0594234466552734
0.9999389577241207 0.0007182956751453369 -0.01102564632672609 -0.01551035325974226 -0.000712821400146019 0.9999996207299024 0.0005004255213985116 -0.015465132892131805 0.011026001598515887 -0.0004925356576336457 0.9999390904937037 0.7461316585540771
0.9992935277517127 0.0019258228352832265 -0.037533140022439605 -0.045198746025562286 -0.0018308118693232713 0.9999950329140169 0.0025655945106720437 -0.009117405861616135 0.037537894472600634 -0.0024950658711038413 0.9992920899941431 0.44344791769981384
0.9991246820947638 0.002279915212595956 -0.04176926640079439 -0.049858301877975464 -0.0021687921022415244 0.9999939882200876 0.0027055248105490267 -0.009024749509990215 0.04177518366033132 -0.0026125677611528275 0.9991236202391769 0.4178719222545624
0.9993231869641822 0.0019370313739151164 -0.036734396758439765 -0.044275544583797455 -0.0018481414622096939 0.9999952820920577 0.002453602812537539 -0.009323724545538425 0.036738976154564555 -0.0023840518204307605 0.9993220521573772 0.4456460177898407
0.9991178047278372 0.002438851484409011 -0.04192450690544521 -0.05059274658560753 -0.002330189902257725 0.9999937989378819 0.0026405114661555993 -0.009207687340676785 0.04193068674428244 -0.0025404899567758616 0.9991172921233686 0.4253615736961365
0.9993684510500966 0.0020122044451998666 -0.03547745874497368 -0.043186962604522705 -0.0019310286948480907 0.9999954392238636 0.0023222100792069096 -0.009598400443792343 0.03548196970167053 -0.0022522354990130978 0.9993677787788372 0.45762407779693604
0.9991969447358864 0.0020866254258138893 -0.04001389289736888 -0.04770649969577789 -0.0019829567905592363 0.9999945746088085 0.002630329887036241 -0.008893321268260479 0.040019164319567396 -0.002548871766136554 0.9991956613896414 0.42327263951301575
0.9987646247844695 0.002690444402729947 -0.04961840170797298 -0.058501679450273514 -0.002535530613859665 0.9999917140874761 0.003184782708075416 -0.008242310956120491 0.0496265590550477 -0.003055039329909657 0.9987631708123045 0.3731685280799866
0.9990476718595862 0.002531620609489203 -0.04355846931459122 -0.05244974419474602 -0.002413971262248049 0.9999932959088351 0.00275333981372958 -0.008870724588632584 0.04356514770645929 -0.0026455688375919065 0.9990470854123142 0.4199172258377075
0.9993245431711938 0.00226419062299855 -0.036678752112191425 -0.044937487691640854 -0.0021813288416960906 0.9999949782296605 0.002298982371625279 -0.009774580597877502 0.036683773254250256 -0.0022174210884233153 0.9993244637371524 0.4595773220062256
0.9993229923265274 0.002198948772689997 -0.03672494563440823 -0.044972311705350876 -0.0021155719221546358 0.9999950963983691 0.002309011619399273 -0.009774095378816128 0.036729842948171526 -0.0022297541369879926 0.9993227440789543 0.4578300416469574
0.9998548833929864 0.001131381270365238 -0.016998003753931696 -0.02335387095808983 -0.0011075433686643348 0.9999983901641888 0.0014117424402291117 -0.013766152784228325 0.016999573608891986 -0.0013927115466180102 0.9998545268446125 0.6324642300605774
0.9998795612896608 0.0013474623849254572 -0.015461153266048949 -0.02126416563987732 -0.0013364683147652403 0.9999988467257814 0.0007213872403243638 -0.01340585108846426 0.015462107477270802 -0.0007006370159256806 0.9998802089951241 0.6459558010101318
0.9998311479064965 0.0011375552464694934 -0.018340710020027018 -0.025054316967725754 -0.0011125160077869504 0.9999984353279918 0.001375372567971338 -0.013149733655154705 0.018342245885111984 -0.0013547359999424302 0.9998308490471078 0.6117156744003296
0.9997976563965767 0.0017719550234817764 -0.020037625590567945 -0.026194404810667038 -0.0017479701817611345 0.9999977348638109 0.001214441225905606 -0.012232442386448383 0.020039732137848043 -0.0011791703194462036 0.9997984890432678 0.6002329587936401
0.9991774284126598 0.002444775668718606 -0.040478261111292296 -0.04957389459013939 -0.0023302184720182654 0.9999931463637229 0.0028770310138648003 -0.011111951433122158 0.04048501738343435 -0.0027803412581401867 0.9991762772754123 0.4429413676261902
0.9996335497737572 0.002318238196394387 -0.026970204641090362 -0.03374459594488144 -0.0022776741980549166 0.999996228512875 0.0015346531444587364 -0.011182338930666447 0.0269736606148485 -0.0014726614312394724 0.9996350598600192 0.56476229429245
0.9990383490205912 0.0026519621912593464 -0.04376464649403378 -0.05253935977816582 -0.0025253480154355016 0.9999924656238115 0.002948103290473032 -0.009595896117389202 0.0437721350131856 -0.002834747280886405 0.9990375190172995 0.42605653405189514
0.9994652444063836 0.0016081316924235684 -0.03265944176110824 -0.038433656096458435 -0.0015319190464972282 0.9999960454733897 0.0023584447452979964 -0.008154642768204212 0.03266310529821648 -0.0023071519328964046 0.9994637555220477 0.40423035621643066
0.9995446481356045 0.0018025213546690381 -0.030120546147712004 -0.03859729319810867 -0.0017404025732982798 0.9999963047251827 0.0020884288022884057 -0.011662480421364307 0.030124199281530175 -0.0020350559563149986 0.9995440916562416 0.5429617166519165
0.9999568724560459 0.0009328614461946545 -0.009240292064939665 -0.014154141768813133 -0.0009261761578042882 0.9999993062915511 0.0007277459318595825 -0.018558064475655556 0.009240964540993445 -0.0007191564077632235 0.999957042771545 0.8571591377258301
0.9999864024984422 0.001038195457227301 -0.005110476339426685 -0.00842180848121643 -0.0010362174760557873 0.9999993872024127 0.00038967697027059194 -0.02048863098025322 0.0051108777685994365 -0.0003843761067434982 0.9999868655054639 0.9438824653625488
0.9999855863453159 0.0009320759953171318 -0.005287564274200857 -0.008327756077051163 -0.0009315941478372552 0.9999995616864702 9.359065706761564e-05 -0.02047741785645485 0.005287649190194734 -8.866344415004415e-05 0.9999860163546463 0.9483151435852051
0.9999796644778141 0.0009098318343681082 -0.006312118255519753 -0.00991283729672432 -0.0009070786760617579 0.9999994922350007 0.0004390193801752264 -0.020232127979397774 0.00631251448425502 -0.0004332848646165186 0.9999799820121962 0.9223401546478271
0.9999845913814593 0.00089365353046486 -0.005478903450782518 -0.009029421955347061 -0.0008918838459522936 0.9999995493176791 0.0003254345459271622 -0.020592868328094482 0.005479191807268499 -0.0003205429859490989 0.9999849377412307 0.9428515434265137
0.999745823946604 0.0016940186557301488 -0.022481499107480218 -0.028909526765346527 -0.001665136431127829 0.999997764273268 0.0013033683788554438 -0.01137237437069416 0.022483656775340758 -0.0012656023306345523 0.999746409560319 0.5673999786376953
0.999848914067295 0.00122060585920153 -0.017339525938940014 -0.024201732128858566 -0.0011901436576055603 0.9999977306010654 0.0017670174851832528 -0.013976339250802994 0.017341643420534052 -0.0017461139868762815 0.9998480977075567 0.661525547504425
0.9999639658101256 0.0008568836528748782 -0.008445876608803136 -0.012692091055214405 -0.0008519350545982548 0.9999994633485538 0.0005894991661493577 -0.017841102555394173 0.008446377208510098 -0.000582282585674623 0.9999641591872389 0.820868194103241
0.9999899968352539 0.0008033695883121676 -0.004400093946001532 -0.007779726758599281 -0.0008025525441128518 0.9999996603858207 0.00018745041334358451 -0.01970798149704933 0.004400243043628634 -0.00018391723165551903 0.9999903019707787 0.9210516214370728
0.9998819270609213 0.0014256576037241014 -0.015300308406532516 -0.020845571532845497 -0.0014148905968078716 0.9999987437767697 0.000714513457689646 -0.013186327181756496 0.015301307837473585 -0.0006927808304930222 0.9998826881355549 0.6471344828605652
0.99989169864285 0.0010074721316546812 -0.014682506087860227 -0.020713267847895622 -0.0009873973564987412 0.9999985679753134 0.001374443081036203 -0.014245913363993168 0.014683869775249738 -0.0013597967592872716 0.9998912615485731 0.6784302592277527
0.9999482734712499 0.0007680722098205432 -0.010142013949252545 -0.015115621499717236 -0.000758278622983674 0.9999992425847812 0.0009694552046051155 -0.015646839514374733 0.010142750879138155 -0.0009617145856808823 0.9999480985079472 0.720162570476532
0.9998650877645539 0.0013324845797725014 -0.016371644829576527 -0.02212470769882202 -0.0013159991790188045 0.999998616235472 0.0010176803536434118 -0.013133333064615726 0.016372978218453512 -0.000995997984957022 0.9998654577353256 0.6400012373924255
0.9985301523240656 0.002670079723179531 -0.05413322061313442 -0.06354881823062897 -0.0024790434260337046 0.9999904620773438 0.0035958445506382437 -0.007736873812973499 0.05414230548628545 -0.0034563606021914433 0.9985272476642875 0.3393409550189972
0.9985793879362131 0.0025313782256929603 -0.05322403698721821 -0.06147988885641098 -0.0023463339213500487 0.9999909853999744 0.003538903208343056 -0.007085513789206743 0.05323251549633745 -0.0034089944363384092 0.9985763256010357 0.34067946672439575
0.9984553113741909 0.0029789839326389922 -0.05548077904460825 -0.06479200720787048 -0.0027781172020588246 0.9999893061538089 0.003697248008403829 -0.007489957381039858 0.0554911997841026 -0.003537404804811001 0.9984529100131703 0.3470204174518585
0.998844104877918 0.0025700877714996966 -0.047998424968716355 -0.05676400288939476 -0.0024156717823327852 0.9999917199550957 0.0032748360400774315 -0.00885348953306675 0.04800644415566255 -0.0031551022322797422 0.998842042892385 0.3808631896972656
0.9995034221990141 0.001847652720924872 -0.03145624249464585 -0.039541229605674744 -0.0017753540290305883 0.9999957185301148 0.002326164119473683 -0.010762667283415794 0.03146040575915557 -0.0022691630311594702 0.9995024230929143 0.5114333033561707
0.9999053357202181 0.0011507420356081674 -0.013711141127028285 -0.019090203568339348 -0.001139191315951568 0.9999989896895344 0.0008502135356448226 -0.013617663644254208 0.01371210565097362 -0.000834513437889113 0.9999056364207267 0.6467869877815247
0.9996962030806759 0.0014175275374061274 -0.024606750329140538 -0.03171936050057411 -0.001368923479135625 0.9999970790571351 0.0019919652873163574 -0.011681289412081242 0.024609502119877065 -0.0019576753761278813 0.9996952235119128 0.5512114763259888
0.9999455700956912 0.0007724305073192938 -0.01040481605385553 -0.015374240465462208 -0.0007624436404655607 0.9999992449193905 0.0009637636349285006 -0.014949386939406395 0.010405552637814145 -0.0009557780915355989 0.9999454039909087 0.6997832655906677
0.9999537747746576 0.0008718486661067728 -0.009575395230305907 -0.014347444288432598 -0.0008633605032341957 0.9999992307613021 0.0008905534488716528 -0.01642954722046852 0.009576164292377846 -0.0008822452647930961 0.9999537582912211 0.7729657888412476
0.999945504967161 0.0007395550770402457 -0.010413460244195118 -0.015361489728093147 -0.0007301730457760468 0.9999993241593857 0.0009047254251727679 -0.015285906381905079 0.010414122300637263 -0.000897072494147441 0.9999453691665598 0.7095616459846497
0.9999668535732902 0.0008442512153226439 -0.008098085861441135 -0.011969334445893764 -0.0008416618713213528 0.9999995935895025 0.0003231503119431045 -0.01791059970855713 0.008098355390337621 -0.0003163237505647119 0.9999671577503215 0.8333171010017395
0.9999496851263148 0.0008499847382311985 -0.009995235951633995 -0.014797563664615154 -0.0008415832810251435 0.9999992890907912 0.0008447221397687392 -0.016172870993614197 0.009995946846855563 -0.0008362678142141809 0.99994968958582 0.7567962408065796
0.9999481160499547 0.0007279828414372297 -0.010160474847596818 -0.014815237373113632 -0.0007206592858447568 0.9999994779245935 0.0007244313175641133 -0.016405558213591576 0.010160996916631769 -0.0007170714906583089 0.9999481186292304 0.7584331035614014
0.9999795805119999 0.0009777627511055487 -0.006315262389431095 -0.010206080973148346 -0.0009757470380993978 0.9999994720347731 0.000322254391165101 -0.020419567823410034 0.0063155741435322165 -0.0003160857123241197 0.9999800066066621 0.9369722604751587
0.9999980363617473 0.0009432540337423306 -0.0017428552655703012 -0.00422649085521698 -0.000943705403649596 0.999999521381796 -0.00025817879354425 -0.022301185876131058 0.0017426109032196075 0.00025982302850639295 0.9999984478984122 1.0455901622772217
0.9999613171974765 0.0007784586659279838 -0.008761170629167897 -0.013008072972297668 -0.00077481091537561 0.9999996117428066 0.0004197407314025524 -0.017318295314908028 0.00876149397839018 -0.000412936244019781 0.9999615321135734 0.807497501373291
0.9999829908042139 0.000841426737776789 -0.005771490561719445 -0.009653663262724876 -0.0008394859410536101 0.9999995902770265 0.0003386873687379924 -0.020307864993810654 0.005771773177614975 -0.00033383652275274024 0.9999832874541265 0.9342557191848755
0.9999636170559247 0.0007717326572187559 -0.008495233554045304 -0.012619180604815483 -0.0007684379768193289 0.9999996282780456 0.0003910841937723132 -0.01737157814204693 0.008495532208624538 -0.00038454190489308415 0.9999638383761764 0.7998602986335754
0.9999077750997046 0.0009691830822582356 -0.013546290241657094 -0.01929563470184803 -0.0009533499019717217 0.9999988549797237 0.0011752290012901475 -0.014417311176657677 0.013547413742945933 -0.0011622062614387151 0.9999075541556245 0.6748871803283691
0.9999549954854413 0.0006166022800423687 -0.009467143462469834 -0.013589579612016678 -0.0006089137725242166 0.9999994825105333 0.0008149863084143794 -0.01578216813504696 0.009467641085738786 -0.0008091849563104369 0.9999548534768846 0.7605160474777222
0.999827792514898 0.0017019434153422654 -0.018479412961374973 -0.024526361376047134 -0.0016848573111183968 0.9999981387024061 0.000940131673949873 -0.012655138038098812 0.018480978616600127 -0.0009088346022054887 0.99982879906964 0.619358479976654
0.9999209184311995 0.0008906429371274138 -0.012544466463931389 -0.018069759011268616 -0.000876234550584546 0.9999989502082818 0.0011540343782503956 -0.01445799507200718 0.012545481127422578 -0.0011429512204669684 0.9999206491346144 0.680362343788147
0.9999777207059143 0.0008669775161064279 -0.006618643500834636 -0.010693646967411041 -0.0008634997902363288 0.9999994876422224 0.0005282834515492923 -0.019049078226089478 0.006619098119595785 -0.0005225564844922949 0.9999779569944548 0.8824636936187744
0.9999920999410847 0.0008876252500115669 -0.003874555049879867 -0.006690721958875656 -0.0008877395694379075 0.9999996055731342 -2.7785470408929568e-05 -0.020385626703500748 0.003874528858566145 3.122484673382018e-05 0.9999924934973925 0.9599732160568237
0.9999685509761237 0.0008521543941782077 -0.007884852034122824 -0.01194065622985363 -0.0008481066850075969 0.9999995068772617 0.0005166819952560135 -0.018143191933631897 0.007885288438755647 -0.000509978550391173 0.999968780586732 0.843483567237854
0.9999268127799175 0.0009732248836883712 -0.012059101007999581 -0.016960429027676582 -0.0009654578424955368 0.999999322769422 0.0006498860292806496 -0.014325249008834362 0.012059725326462897 -0.0006381959122871773 0.9999270752065009 0.6906545162200928
0.9992672626813762 0.0016955973418018757 -0.03823692826213826 -0.045550666749477386 -0.0015867242787975147 0.9999946011504025 0.0028774947628762053 -0.009201408363878727 0.03824160089918449 -0.0028147148526591276 0.9992645582331866 0.42644649744033813
0.999196067649247 0.002339612110954012 -0.04002180167673037 -0.04899610951542854 -0.002234031162360997 0.999993906347921 0.0026826054109714446 -0.010074310004711151 0.04002783405390379 -0.0025910388255776127 0.9991952056624157 0.4537557363510132
0.9999579211477464 0.0008750083919785072 -0.00913182863349644 -0.014012145809829235 -0.0008658869275307308 0.99999912234479 0.0010027709002997515 -0.015761587768793106 0.009132698051852456 -0.0009948215738129979 0.9999578011877952 0.7477307915687561
0.9999956227701386 0.0008225559917539141 -0.0028421545001306786 -0.005748293362557888 -0.0008227429799037399 0.9999996594589072 -6.462242949627159e-05 -0.020984802395105362 0.0028421003766936955 6.696050929182782e-05 0.9999959589827044 0.9750626087188721
0.9999967291085441 0.0008501410840836768 -0.0024122670561957907 -0.005196303129196167 -0.0008505325472564794 0.9999996252948935 -0.00016125898016435103 -0.021408990025520325 0.0024121290594227916 0.0001633101643476997 0.9999970774773249 0.9950143098831177
0.9999980525237306 0.0009267506020566363 -0.0017424356710309275 -0.004463722929358482 -0.0009272484424044835 0.9999995295127645 -0.00028492907146745674 -0.022995149716734886 0.0017421707930486596 0.000286544187336805 0.9999984413654637 1.0563098192214966
0.9999993661177161 0.0010932698371231859 -0.00026930508585708057 -0.0024062423035502434 -0.0010933947929697265 0.9999992944637413 -0.0004642842301507621 -0.025205768644809723 0.000268797307907902 0.00046457839262781025 0.9999998559574518 1.1502599716186523
0.9999992956109688 0.0011574563838677768 0.000262816067967472 -0.0015460746362805367 -0.0011573171118030375 0.9999991901456882 -0.0005294573358910811 -0.02578107826411724 -0.0002634286788981589 0.0005291528014144257 0.9999998253013066 1.1816461086273193
0.9999990861220229 0.001031160508898133 -0.0008743358186964108 -0.0030308524146676064 -0.001031526500108044 0.9999993805115597 -0.0004182458327286964 -0.024029621854424477 0.000873903998469757 0.00041914735107001993 0.9999995303035395 1.104646921157837
0.9999982873613429 0.0009527679346370855 -0.0015866655739370315 -0.0038597453385591507 -0.0009532199278058916 0.999999505318564 -0.00028413798819661856 -0.02227180264890194 0.001586394071478861 0.0002856499428147564 0.999998700878136 1.042050838470459
0.9999940522696836 0.0008412709206056354 -0.0033448002174934384 -0.006252271123230457 -0.000841628098737945 0.9999996402785367 -0.00010537997956190786 -0.020207449793815613 0.003344710361184591 0.00010819443063791597 0.9999944005876056 0.957270085811615
0.9999903794576642 0.0007884649426798072 -0.004315010446237209 -0.007629008032381535 -0.000787561170077717 0.9999996675828157 0.00021114369935469707 -0.01948441192507744 0.004315175491258395 -0.00020774333336186232 0.9999906680080506 0.9148038029670715
0.9999977133138958 0.0008361908196999771 -0.0019682865372794662 -0.004742545075714588 -0.0008364873670122894 0.9999996389177246 -0.00014984427133532693 -0.021153952926397324 0.001968160528162009 0.00015149037551160846 0.9999980516955029 0.9946110844612122
0.9999994484510638 0.000937183087699319 -0.00047411541682086845 -0.003140874207019806 -0.0009373745579055012 0.9999994791426224 -0.00040378635702453624 -0.023474402725696564 0.0004737367481295087 0.0004042305580458392 0.999999806085556 1.0893003940582275
0.999999290453696 0.0010590459589317025 0.0005454482206114486 -0.0017038090154528618 -0.0010588014223384392 0.9999993389310596 -0.0004484160920628032 -0.02463672310113907 -0.0005459227532827904 0.0004478382525390271 0.9999997507045923 1.148763656616211
0.9999937814804415 0.0012727065043923933 0.0032889540283391303 0.0015285918489098549 -0.0012703130470405257 0.9999989269115891 -0.0007297125685298132 -0.028257915750145912 -0.0032898792089329832 0.0007255300295846181 0.9999943251343812 1.306185007095337
0.9999893551397612 0.0013878600328181133 0.004400392220464429 0.003189847804605961 -0.0013844912010897768 0.9999987462727872 -0.0007685290938511687 -0.02933155559003353 -0.004401453314386369 0.0007624286086557983 0.9999900229058979 1.3583111763000488
0.9999898561798494 0.0013514759481301156 0.004296632421542661 0.0028468267992138863 -0.0013480277466546078 0.9999987671311743 -0.0008053305692648393 -0.02916806749999523 -0.004297715509253148 0.0007995304204149676 0.9999904451506066 1.3545348644256592
0.9999866924615404 0.00138506085407449 0.004969557954110624 0.003844701685011387 -0.0013812691557697847 0.9999987524114801 -0.0007663360899026799 -0.029264941811561584 -0.0049706131762663605 0.0007594615947358671 0.9999873580314593 1.3607640266418457
0.9999927694726712 0.0013297187496044672 0.0035627026853326596 0.0021567335352301598 -0.0013270584959568844 0.9999988389901575 -0.0007489553295405655 -0.02865837700664997 -0.0035636944489440816 0.000744221999331448 0.9999933730857873 1.3243353366851807
0.9999932358045415 0.0013053472372821719 0.0034386645305193105 0.0019663264974951744 -0.001302835992087982 0.999998883077709 -0.0007324354666500111 -0.028244145214557648 -0.003439616772411123 0.0007279504963982768 0.9999938195431681 1.3075194358825684
0.9999926747923106 0.0013282326626357435 0.0035897297549702424 0.0022117896005511284 -0.0013255962620177236 0.9999988500271055 -0.0007367082301196561 -0.028645729646086693 -0.0035907041468124035 0.0007319443012340218 0.9999932855280927 1.321268081665039
0.9999919106853651 0.0013214949170844254 0.003798975522033899 0.002277701161801815 -0.0013184943930829075 0.9999988169788924 -0.0007922205193668138 -0.02860369347035885 -0.0038000179431552225 0.0007872051829205114 0.9999924700574658 1.3316394090652466
0.9999853458943693 0.0013603829542019569 0.005239976596961244 0.003988808952271938 -0.0013564042533866318 0.9999987891690953 -0.0007627764053616074 -0.028932049870491028 -0.005241007920255361 0.0007556577010118258 0.9999859803104335 1.358917236328125
0.999994465897772 0.0012100366250553073 0.00309902971847322 0.0014641722664237022 -0.0012083089496797697 0.9999991135856764 -0.0005593007632871917 -0.026623470708727837 -0.0030997037458568863 0.0005555530827154366 0.9999950415864373 1.2483150959014893
0.9999868685894951 0.0012984336976079335 0.004957491150654444 0.0031537385657429695 -0.0012934035396089017 0.9999986456663221 -0.0010177292396594114 -0.0292035024613142 -0.0049588058904970365 0.0010113038388371463 0.999987193672342 1.3759311437606812
0.9999702518767359 0.0015286112747564568 0.007560337899053805 0.007003891281783581 -0.0015221970259352803 0.9999984767227797 -0.0008540891840311387 -0.03117954730987549 -0.007561631952919663 0.0008425554526158083 0.9999710554923666 1.457786202430725
0.9999898674335232 0.001332595675158896 0.004299909191024224 0.003063502721488476 -0.0013295877296213105 0.999998869471082 -0.0007023197471238884 -0.028192877769470215 -0.004300840238110135 0.000696595524323491 0.9999905087189187 1.3215923309326172
0.9999850298319409 0.0013554168241378438 0.005301222240662921 0.0038015106692910194 -0.0013511040996212927 0.9999987534885104 -0.0008170306832489231 -0.02945188619196415 -0.005302323049762402 0.0008098559490599223 0.9999856146483397 1.377199411392212
0.9999863223727462 0.0013840256076350012 0.005043762538741389 0.003980030305683613 -0.0013803266269952583 0.9999987759227497 -0.0007367845036381735 -0.02915472351014614 -0.0050447760934067545 0.0007298123864419005 0.9999870087196372 1.3568994998931885
0.9999897319362662 0.001346224024185334 0.004327089427249831 0.0030680010095238686 -0.0013430794843489566 0.9999988319582469 -0.000729533851640167 -0.028719531372189522 -0.004328066489026244 0.0007237147357033999 0.9999903719923748 1.3337666988372803
0.9999888352691928 0.001360293193164955 0.004525366216371398 0.0031029051169753075 -0.0013566157010727303 0.9999987471862618 -0.0008156100458749513 -0.029303085058927536 -0.004526470015724111 0.0008094617569461118 0.9999894278645456 1.3616929054260254
0.99999820613397 0.001518614893458638 0.0011320501966294609 0.00046431180089712143 -0.0015167910348509333 0.9999975532453729 -0.001610232351027338 -0.02435271255671978 -0.0011344927496106032 0.001608512378896974 0.9999980628051877 1.1763755083084106
0.9999979212981968 0.001371087543356758 -0.0015091448683260099 -0.004634814336895943 -0.0013726705118422946 0.99999850833431 -0.0010483820011723385 -0.026026634499430656 0.0015077051936839023 0.0010504513805576316 0.9999983116870477 1.2168753147125244
0.9999848274167242 0.0014420452969902786 0.0053165253413542096 0.004403241910040379 -0.0014377491632501485 0.9999986369239664 -0.0008118051197995252 -0.029945891350507736 -0.005317688754281015 0.0008041489727578113 0.9999855376607913 1.390792965888977
0.9999864037841084 0.001393992728003068 0.005024841410471644 0.0036738449707627296 -0.0013896160778120367 0.9999986522048103 -0.0008743887688439279 -0.029862187802791595 -0.005026053529599779 0.0008673942800530063 0.9999869931219508 1.3878705501556396
0.999987410557945 0.0013997980498013395 0.004818639957035389 0.0038686608895659447 -0.0013963304994443304 0.9999987638369727 -0.0007229008665070805 -0.02915431559085846 -0.004819645915633968 0.0007161633516506604 0.9999881289911904 1.3514277935028076
0.999989223813849 0.0013988360775428386 0.004426682031054764 0.0031815143302083015 -0.0013954384371554773 0.9999987295151028 -0.0007705321203744322 -0.029564544558525085 -0.004427754255150984 0.0007643466547216683 0.9999899053322726 1.3685660362243652
0.9999908430375632 0.0013782294852638115 0.004051459552926685 0.002709784545004368 -0.0013750812913541157 0.9999987505818597 -0.0007797346736994034 -0.029392892494797707 -0.0040525291442776 0.0007741564474643785 0.9999914888084445 1.357825756072998
0.9999872675339098 0.0014060137453965431 0.0048464312037707815 0.0037857675924897194 -0.0014021967443161641 0.9999987041615168 -0.0007908979566606546 -0.02950887382030487 -0.004847536936976992 0.0007840922365237608 0.9999879432198219 1.370006799697876
0.9999975438135796 0.0011827773693413716 0.0018744077738331443 0.00023827701807022095 -0.0011817741781708414 0.999999157937762 -0.0005362215575987106 -0.025968071073293686 -0.00187504042618842 0.0005340051138321238 0.9999980995291634 1.2098181247711182
0.9999957194570306 0.001181410794387395 0.0026768145528764773 0.0007841745391488075 -0.0011797691618183664 0.9999991150981599 -0.000614774447959162 -0.026633722707629204 -0.0026775384853272867 0.0006116137931293307 0.9999962283510011 1.246198296546936
0.999992038142316 0.0012291674712886927 0.003796419274039225 0.0020677829161286354 -0.0012266941063734226 0.9999990339097438 -0.0006537592434591745 -0.02732771635055542 -0.00379721918595167 0.0006490969931723322 0.9999925798722444 1.283033847808838
0.9999871952205316 0.0013044779413582588 0.004889553381910461 0.0034693581983447075 -0.0013011202304246817 0.9999989156102896 -0.0006898292472297002 -0.02826141193509102 -0.004890447946765401 0.0006834585172953736 0.9999878081273464 1.3276724815368652
0.9999883197111896 0.0013090559716295875 0.0046526136369511185 0.003268941305577755 -0.0013058939167668714 0.9999989143466873 -0.0006826027578659614 -0.028294233605265617 -0.004653502151042146 0.0006765189650230457 0.9999889435587876 1.324537992477417
0.9999944580957858 0.0012299387259808265 0.0030937078798473285 0.0015828656032681465 -0.001228177528171089 0.9999990827009773 -0.0005711192197152866 -0.026848524808883667 -0.0030944074836375935 0.0005673164321305218 0.999995051384951 1.2529492378234863
0.9999987737850226 0.0011210350483217483 0.0010934847379072397 -0.0007940484210848808 -0.0011205222260104028 0.9999992620090559 -0.00046947980248033286 -0.025330152362585068 -0.0010940102342384649 0.0004682539528445392 0.999999291939671 1.174951195716858
0.999999426537738 0.0010678240410782267 -8.170686776353386e-05 -0.002121971920132637 -0.001067854853131933 0.9999993584026681 -0.00037799505901682176 -0.02421814203262329 8.130318312919858e-05 0.00037808209332619575 0.9999999252218587 1.1220083236694336
0.9999987761817463 0.0010180378130492166 -0.0011879537116103397 -0.0036903144791722298 -0.001018469275903902 0.9999994156024976 -0.0003626499651794304 -0.023941554129123688 0.0011875838259957042 0.0003638594157182545 0.9999992286251933 1.1069014072418213
0.9999993934781701 0.0010992405732719022 -6.86545977920103e-05 -0.0021916888654232025 -0.0010992681227753585 0.9999993147867097 -0.00040253658868960194 -0.024955157190561295 6.821206619845337e-05 0.00040261181435320833 0.9999999166254169 1.149417519569397
0.9999989678453277 0.0010519718388873047 -0.0009786028454355888 -0.003063368611037731 -0.0010523075624034829 0.9999993876325475 -0.00034261249789915534 -0.024068694561719894 0.000978241827471617 0.0003436419354449063 0.9999994624764289 1.1096200942993164
0.999999436301921 0.001027735666544099 -0.0002667493959434908 -0.002383396029472351 -0.0010278369931510248 0.999999399576056 -0.0003799982149202749 -0.0238543339073658 0.0002663586980620697 0.00038027217561306247 0.9999998922230526 1.106821894645691
0.9999994449323563 0.0009874825772705003 -0.00036744134127471593 -0.002818823792040348 -0.0009876313365760477 0.9999994303236962 -0.0004048908820572799 -0.02385805919766426 0.0003670413092603635 0.0004052535538984484 0.9999998505251062 1.103231430053711
0.9999983818095916 0.0011428992783116692 0.0013893017806642415 -0.000703045167028904 -0.0011420681051500842 0.9999991684914775 -0.0005989130125137042 -0.026268985122442245 -0.0013899851226977442 0.0005973253661062871 0.9999988555712279 1.213378667831421
0.9999936555403389 0.0012649765488105661 0.003329971982068825 0.0018484806641936302 -0.0012628373252176225 0.999998994969539 -0.0006444391379276775 -0.027434850111603737 -0.0033307838357421616 0.0006402298363986774 0.9999942479758555 1.2789676189422607
0.9999966816171837 0.0011813352744715103 0.0022893670720506507 0.0005260435864329338 -0.0011800745559912638 0.9999991513834596 -0.0005519568854415575 -0.026298390701413155 -0.002290017175394645 0.0005492534300062621 0.9999972270671587 1.2265534400939941
0.999997483429028 0.0011706276551928573 0.0019138355477066101 0.00017472077161073685 -0.0011696277188928473 0.9999991789520074 -0.0005235134287737761 -0.02614862285554409 -0.0019144468156533632 0.0005212736362090778 0.9999980315816557 1.2114028930664062
0.9999958515215437 0.001207971015792782 0.0026149083593584705 0.0006345408037304878 -0.0012061281760159513 0.9999990232636039 -0.000706205820834577 -0.027252476662397385 -0.0026157588814450555 0.0007030489765050217 0.9999963317570775 1.2718315124511719
0.9999884487296832 0.0013071934208228487 0.004625327292424416 0.00324192363768816 -0.0013040098142758447 0.9999989108670734 -0.0006912474744663107 -0.02828928455710411 -0.004626225848978948 0.0006852080174963181 0.9999890642023875 1.3231589794158936
0.9999942448566395 0.0012592915280951152 0.0031503076749089783 0.0016451990231871605 -0.0012572591909048019 0.9999990003313228 -0.0006470206193307638 -0.027490902692079544 -0.0031511193132294987 0.0006430561423558851 0.9999948284495632 1.276110291481018
0.999992593535202 0.001278124290805667 0.0036303268499885254 0.0018676379695534706 -0.0012753190785000461 0.9999988865248328 -0.0007749260240389475 -0.02831185981631279 -0.0036313132594846306 0.000770290459483648 0.9999931100845744 1.3177459239959717
0.9999774745050096 0.0014504724702258712 0.006553366478040432 0.005393075756728649 -0.001444609822982005 0.9999985522286 -0.0008992458856657899 -0.030836576595902443 -0.006554661321664995 0.0008897585721193191 0.9999781221330001 1.4379316568374634
0.9999743271530103 0.0014882656494657124 0.007009286714121195 0.0060143182054162025 -0.0014817075280235989 0.9999984597807219 -0.0009407332166960194 -0.031122906133532524 -0.007010675979214394 0.0009303233525057 0.9999749921476906 1.4571709632873535
0.9999856113509644 0.001384733064532193 0.005182625336451682 0.004106082953512669 -0.0013810421824681307 0.9999987902647675 -0.0007156755493911182 -0.029242824763059616 -0.005183610086443935 0.0007085078275812468 0.9999863140079118 1.3573782444000244
0.9999944229277591 0.0013142118855686313 0.0030703355676080213 0.0015667183324694633 -0.0013119582800758991 0.99999886861355 -0.0007358920377155427 -0.028483018279075623 -0.003071299211934425 0.0007318597814219521 0.999995015738784 1.3125466108322144
0.9999974608092632 0.0012539366330015821 0.0018724363666492866 0.0004283105954527855 -0.00125288114973024 0.9999990556660492 -0.0005647617507607502 -0.026862114667892456 -0.0018731427738922512 0.0005624143764950996 0.9999980875112804 1.2377113103866577
0.9999993541426865 0.0011313600119475986 -0.0001083454357957099 -0.0020192889496684074 -0.001131412010764826 0.99999924423279 -0.000481082852473822 -0.02529718726873398 0.0001078010760100596 0.00048120512509031404 0.9999998784102705 1.163834810256958
