0.9998151954987359 0.001121451052785162 -0.019191591840198283 -0.026032479479908943 -0.0010895842609901624 0.9999980105617362 0.0016708317413325227 -0.01284866500645876 0.019193427415726477 -0.001649612107693442 0.9998144283435458 0.6036034226417542
0.9998870061124495 0.001341982778616894 -0.014972444346337014 -0.020529307425022125 -0.0013295579559421532 0.9999987635310327 0.0008397690441188461 -0.013196057640016079 0.014973552788969438 -0.0008197674228493331 0.9998875540270757 0.634360671043396
0.9996876968261098 0.0014693177314398069 -0.02494694209541187 -0.03210026025772095 -0.001425145360253069 0.9999973853974929 0.0017883396992523918 -0.011498769745230675 0.024949504508304476 -0.0017522281763085433 0.9996871770314992 0.5440019369125366
0.9999522464657139 0.0009071953460958827 -0.009730456555380563 -0.0147648761048913 -0.0008984902261944529 0.9999991922926039 0.0008989602067566312 -0.016040973365306854 0.00973126422853473 -0.0008901745581181568 0.9999522539030404 0.7579294443130493
0.9999934128822767 0.0008795205753434793 -0.003521453622293959 -0.006252177990972996 -0.0008800436513638545 0.9999996019580305 -0.00014699303494076726 -0.02080126851797104 0.0035213229372089605 0.00015009109958421366 0.9999937888594278 0.9694988131523132
0.9999641260290247 0.0008488993307526226 -0.008427693927456062 -0.01236771885305643 -0.0008466729293659078 0.9999996057297439 0.0002677411199878524 -0.01717759482562542 0.00842791788992459 -0.0002605960147453266 0.9999644505129959 0.8108816742897034
0.9999472360137968 0.0007708142362291579 -0.010243585006312231 -0.01491556130349636 -0.0007646886010833286 0.9999995264834987 0.0006019004252482898 -0.016046132892370224 0.010244044109222271 -0.0005940355138940011 0.99994735195514 0.7517390847206116
0.9998475830353883 0.0015244691218402426 -0.017392144554062048 -0.023454371839761734 -0.0015055284323225828 0.9999982594023289 0.0011020782425345654 -0.01259580347687006 0.017393794365586333 -0.0010757258989888684 0.9998481378346207 0.6136347055435181
0.9994275609429171 0.0019009084829636604 -0.03377775857914148 -0.041402582079172134 -0.0018228101937812033 0.9999955943970594 0.002342765346540507 -0.00990255456417799 0.033782063150269805 -0.0022798538134934277 0.999426622857276 0.4742196500301361
0.9994938537251874 0.002122583464974197 -0.0317416288965743 -0.03994634002447128 -0.0020535061905543666 0.9999954524194298 0.002208676704575988 -0.011127711273729801 0.03174617264961207 -0.0021423771596523066 0.9994936671846434 0.5148671865463257
0.9999075355095226 0.0010018822841040371 -0.013561587781728756 -0.01921192929148674 -0.00099055142956208 0.9999991547513356 0.0008422021609378838 -0.013551224023103714 0.013562420106239472 -0.0008286908369798707 0.9999076827549425 0.6453547477722168
0.9999577045295299 0.0008876052370269751 -0.009154305488501237 -0.014007710851728916 -0.0008797991798516809 0.9999992459990591 0.0008567115714231462 -0.017162855714559555 0.0091550590078237 -0.0008486213859432805 0.9999577314748392 0.8002279996871948
0.999946976304445 0.0007137397084169493 -0.010273030479190785 -0.015165114775300026 -0.0007080674771041728 0.9999995948775953 0.0005557743186621545 -0.015252995304763317 0.01027342299555612 -0.0005484708506802695 0.999947076579396 0.7233831882476807
0.9998877968692614 0.0013126134253896578 -0.014922155270947226 -0.02073736861348152 -0.0012998486120130315 0.9999987810026184 0.0008650935574423968 -0.013146759010851383 0.01492327261429674 -0.0008455999484196863 0.9998882842073942 0.6337268352508545
0.9994958579752159 0.0018195334715728573 -0.031697305695162596 -0.03877626359462738 -0.001751297658717849 0.9999960894814218 0.0021803619824311226 -0.010176477953791618 0.03170114898386698 -0.0021237513530749353 0.9994951359728033 0.4837541878223419
0.9994948713139318 0.0018424435655205644 -0.031727080213204036 -0.039128147065639496 -0.0017739876848434787 0.9999960379168614 0.0021856619759793587 -0.010332229547202587 0.03173098146671852 -0.0021282744858429777 0.9994941797043502 0.48625659942626953
0.9997127168666021 0.0015526472878067106 -0.023918048030661113 -0.0313628688454628 -0.0015118719902743115 0.9999973731312259 0.0017227808139511104 -0.01196252927184105 0.02392066007204587 -0.0016861248612011282 0.9997124381564282 0.5689305663108826
0.9998769928457287 0.001370724389583656 -0.015624349344233639 -0.021632404997944832 -0.0013575083776947313 0.9999987118447775 0.0008564343468498928 -0.013020544312894344 0.015625503153093735 -0.0008351188141672402 0.9998775656188007 0.6271302103996277
0.9999491450097563 0.0008298173298980869 -0.010050810786032005 -0.014833788387477398 -0.0008208117445196687 0.9999992580457949 0.0009000977391587886 -0.016097189858555794 0.010051550245493231 -0.0008918021411619253 0.9999490842170934 0.7499958276748657
0.9999902683461229 0.0008419637489116259 -0.004330624677199396 -0.007467227056622505 -0.0008416694377115603 0.9999996433614176 6.978248670346115e-05 -0.02120240032672882 0.004330681887055664 -6.613685316745563e-05 0.9999906203661661 0.9594346880912781
0.9999875027006306 0.0009025413958191702 -0.004917302267045925 -0.0077597713097929955 -0.0009031878169595568 0.9999995837743808 -0.00012923944028451386 -0.020130984485149384 0.004917183576393913 0.00013367907264044175 0.9999879016446059 0.9423450827598572
0.9999902879363524 0.0008497593936637693 -0.004324574192181308 -0.007496556267142296 -0.0008491242961275333 0.9999996284392759 0.00014869176007931308 -0.021111249923706055 0.004324698937559278 -0.0001450182149584881 0.9999906379305841 0.9559201002120972
0.9999656334544523 0.0008515359465016861 -0.008246623343407485 -0.012522269040346146 -0.0008493547737841486 0.9999996033884525 0.0002679914294660053 -0.017945490777492523 0.008246848277036981 -0.00026097791062201526 0.999965960112656 0.8309333324432373
0.9999945786011792 0.0008720846986671434 -0.0031752537739074393 -0.006089959293603897 -0.0008720872220070856 0.9999996197316926 5.89863568663387e-07 -0.021735945716500282 0.003175253080870053 2.1792378720767217e-06 0.9999949588688554 0.9902951121330261
0.999994489086701 0.0009015767307110928 -0.003195145634736982 -0.0056760068982839584 -0.0009021136743762395 0.9999995792154895 -0.00016661261340860894 -0.021550515666604042 0.0031949940762138972 0.00016949407978966163 0.9999948816292064 0.9945395588874817
0.9999923011923973 0.0008230183534193018 -0.0038366908559108134 -0.006661565974354744 -0.0008235820117858875 0.9999996502951384 -0.00014533503000177357 -0.020611915737390518 0.003836569900804282 0.0001484937406690512 0.9999926293133392 0.9520199298858643
0.9999957628988152 0.0008874366340743599 -0.0027724791500703784 -0.005549471825361252 -0.0008881727312088755 0.9999995706521592 -0.0002642814737733919 -0.022178709506988525 0.002772243426650907 0.00026674279436498383 0.9999961217498123 1.0140376091003418
0.9999972930607709 0.0010256034723370889 -0.0020885422304315945 -0.004686303436756134 -0.0010265224497374803 0.9999993767719015 -0.0004389845884108257 -0.023726508021354675 0.002088090704675215 0.0004411273355929852 0.9999977226393483 1.088710069656372
0.9999989763411139 0.001169328924126883 -0.0008246129951901281 -0.0028619496151804924 -0.0011696501036760156 0.9999992402531576 -0.0003891166186318396 -0.025015326216816902 0.000824157363375984 0.0003900807289844719 0.9999995843007463 1.1523590087890625
0.9999978493129246 0.001069964413239871 -0.0017766670142174582 -0.004399369470775127 -0.0010700768974465133 0.999999425523008 -6.23625446637207e-05 -0.024416189640760422 0.0017765992678596273 6.426358086777129e-05 0.999998419781368 1.1061553955078125
0.9999990760375398 0.0011158740884040974 -0.0007763691686191107 -0.0026937508955597878 -0.0011161831998440259 0.9999992979326235 -0.0003978307741101421 -0.024741463363170624 0.0007759246945032458 0.0003986969767523307 0.9999996194907225 1.1357433795928955
0.9999981914999512 0.0010203177158451733 -0.0016049761947551223 -0.003910425119102001 -0.0010208826724389134 0.9999994172202307 -0.00035122324539300627 -0.02380998432636261 0.0016046169001079748 0.00035286110259265225 0.9999986503459123 1.0897201299667358
0.999998029900687 0.00101483945938504 -0.001705958855527588 -0.003958999179303646 -0.0010154430625037851 0.9999994221360149 -0.0003529915345194385 -0.02359883300960064 0.0017055996399773458 0.00035472314317582123 0.9999984825495287 1.0827714204788208
0.9999982063832182 0.0009753449522617137 -0.001623555533590011 -0.003927508369088173 -0.0009758593783663052 0.9999994738927995 -0.0003160895406524001 -0.023066718131303787 0.0016232463830878165 0.00031767333560264776 0.9999986320764802 1.0613229274749756
0.9999957483889577 0.0009106827369956814 -0.00277017345319123 -0.00534005556255579 -0.0009113406170110365 0.9999995568258085 -0.00023623392241240994 -0.02142934873700142 0.002769957091366816 0.00023875748962171576 0.9999961351588179 0.9990023374557495
0.9999950455229775 0.0008489829796999436 -0.003031197353935523 -0.00582572165876627 -0.0008491851725533719 0.9999996373024775 -6.541755150607861e-05 -0.021054275333881378 0.0030311407161399506 6.799127524436787e-05 0.99999540377101 0.972730815410614
0.9999784123579774 0.0008737854988751405 -0.006512397171598325 -0.009810365736484528 -0.00087339868641957 0.99999961665038 6.224007807520567e-05 -0.018837977200746536 0.006512449059551016 -5.6550815323564236e-05 0.9999787921797401 0.8800947666168213
0.9999102389080863 0.0009531284837523984 -0.013364343338421444 -0.01850251853466034 -0.0009437918043709485 0.9999993061752855 0.0007049155818354042 -0.01363837905228138 0.01336500594102943 -0.00069223915012947 0.9999104447005017 0.6628207564353943
0.9994967820492993 0.002046184432510497 -0.03165431727843062 -0.037651024758815765 -0.001974454409107196 0.9999954123414356 0.0022971342730179747 -0.010580870322883129 0.0316588724196197 -0.002233478307498947 0.9994962367972018 0.48295095562934875
0.9984923224970854 0.0004620781851909412 -0.05488960191263111 -0.057669173926115036 -0.0001467205666035324 0.9999834624615248 0.005749197903665374 -0.0095528494566679 0.054891350752661223 -0.0057324765338329494 0.9984758776882581 0.28608840703964233
0.9992854269056544 0.0017722889107188323 -0.03775572229478341 -0.045566897839307785 -0.0016319998045337888 0.9999916512456458 0.003746200160766698 -0.012868992052972317 0.03776204643053477 -0.0036819058955206625 0.9992799764922513 0.4665462374687195
0.9991901244211817 0.002630237965771102 -0.040151925326516 -0.04848763719201088 -0.0025073990548552505 0.9999920222425569 0.0031094052840791907 -0.01002501230686903 0.04015978348002404 -0.0030062101530606428 0.9991887481809193 0.45142245292663574
0.9992707662286469 0.002219321641230732 -0.038118373158702604 -0.04511382430791855 -0.002119003838721757 0.9999941852529021 0.0026719436963293553 -0.009575598873198032 0.03812408141247231 -0.0025892222457017185 0.9992696584729358 0.44491392374038696
0.998916202528934 0.002627114383980989 -0.046470620774714415 -0.05514325946569443 -0.002472712677313497 0.9999912314881726 0.003379739454992349 -0.009041471406817436 0.046479092258662834 -0.0032611680088059022 0.9989139396194395 0.4114782512187958
0.9990774064019783 0.002267450368029412 -0.04288583316113484 -0.05057521536946297 -0.002134818960454475 0.9999927970747345 0.003138207554452043 -0.008902055211365223 0.042892639987557935 -0.0030437587744857643 0.9990750507181232 0.42244186997413635
0.999150329354748 0.0024583183231347604 -0.04114092878534015 -0.04881583899259567 -0.0023448616399213 0.9999933145743499 0.002805785183265917 -0.009263991378247738 0.04114755125384638 -0.002706931404219335 0.9991494140258426 0.4356791377067566
0.9992830950724225 0.0023880061795661833 -0.037783506043859244 -0.04559233412146568 -0.002294073284578857 0.9999941700660069 0.0025292413414449116 -0.009842006489634514 0.037789325612465965 -0.0024407499840512557 0.9992827475791177 0.4598463773727417
0.999459508612928 0.0020629069008870488 -0.03280906975704336 -0.039743099361658096 -0.0019896005185459174 0.9999954514907895 0.0022668232194579326 -0.01029049139469862 0.0328135967699499 -0.002200321078830178 0.9994590669227874 0.48274996876716614
0.999429177744684 0.002218603896950014 -0.033710480111283345 -0.04140846058726311 -0.0021413660689927616 0.9999949994682974 0.00232714197211423 -0.010650550946593285 0.03371547454720693 -0.00225362710940551 0.9994289309105017 0.4879617691040039
0.9995601950089512 7.567709511737178e-05 -0.029654861770791546 -0.03130290284752846 9.083230941713297e-07 0.999996665246341 0.0025825366158838373 -0.007348532788455486 0.02965495831800187 -0.0025814277395864063 0.9995568616531944 0.17651307582855225
0.9994762540143075 0.0019018899419032272 -0.032304805775248226 -0.03924207016825676 -0.0018290472474660575 0.9999957183668688 0.0022842578874820068 -0.010254987515509129 0.032309011865022434 -0.002223974500500008 0.9994754532702277 0.48299044370651245
0.999488083098432 0.0020527804662973334 -0.03192738380417688 -0.03936094790697098 -0.0019838494082356525 0.9999956329663388 0.0021905227177861316 -0.010706491768360138 0.03193174103846315 -0.002126062230717199 0.9994877907076423 0.49538108706474304
0.9996668144148819 0.0018326458564610626 -0.02574687489321196 -0.03282255306839943 -0.0017869983950944933 0.9999967908124889 0.0017958289058389474 -0.011643780395388603 0.025750083385065806 -0.0017492209374213152 0.9996668812318302 0.5395624041557312
0.9997520720392913 0.0016729672659966267 -0.02220350498616386 -0.02868613600730896 -0.001640817163942823 0.9999975791123192 0.0014661134114454684 -0.011549529619514942 0.022205903993717756 -0.0014293180288562134 0.9997523967852211 0.5550016760826111
0.99993146450554 0.0009234669242613126 -0.011671053964638259 -0.017196085304021835 -0.0009102409207198542 0.9999989376476898 0.001138492405748121 -0.01479628961533308 0.011672092925947349 -0.001127790907701611 0.9999312428034222 0.6900621652603149
0.9999884626354841 0.0008863433795098957 -0.004721121830110703 -0.007678719703108072 -0.0008865133018933209 0.999999606472421 -3.3899391423584065e-05 -0.02018512226641178 0.004721089925717902 3.8084337616200415e-05 0.9999888548676413 0.9427558183670044
0.9999926711507862 0.0008108787925395374 -0.003741673462399792 -0.006887355819344521 -0.000810152903275431 0.999999652713444 0.00019551282404059488 -0.02072649821639061 0.003741830700169586 -0.00019248006353791633 0.9999929808025836 0.9482945799827576
0.9999933794290546 0.0007932407681772586 -0.0035513190708315995 -0.006470519118010998 -0.0007936614534049226 0.9999996782002106 -0.00011705115539505731 -0.020400868728756905 0.0035512250782694485 0.00011986892550483958 0.9999936871960166 0.9456329345703125
0.9999977414714754 0.0008405106797566474 -0.0019520742161990249 -0.004728562198579311 -0.0008410664230780095 0.9999996060067116 -0.00028389028440740515 -0.021690066903829575 0.0019518348342789616 0.00028553146731170127 0.9999980544043877 1.0142260789871216
0.9999993375656636 0.0009822405134936132 0.0006000598365529388 -0.0015154853463172913 -0.000982054742991657 0.9999994697951908 -0.0003098028709304895 -0.023314815014600754 -0.0006003638193293523 0.0003092133740978647 0.9999997719751609 1.086330771446228
0.9999911250944493 0.0008989889354254207 -0.004116011568425857 -0.00672810897231102 -0.0008995958730562205 0.9999995847625995 -0.000145608700621431 -0.020312415435910225 0.004115878958693153 0.00014931015537837316 0.9999915185874703 0.9508920311927795
0.999953916839992 0.0007610896346696738 -0.009570002033774134 -0.013831360265612602 -0.0007584849476435403 0.9999996743178233 0.00027579853449306537 -0.016870751976966858 0.009570208824400898 -0.0002685271223335346 0.9999541684478555 0.7921772003173828
0.9999528911514088 0.0009567877232292223 -0.009659194334496154 -0.014712273143231869 -0.0009486053779635126 0.9999991874194933 0.0008516502744335052 -0.017405694350600243 0.00966000133415019 -0.0008424473904771765 0.9999529862231616 0.8111612796783447
0.9999970143052229 0.0009301048743702686 -0.0022597091765419915 -0.004764665849506855 -0.0009308397103266074 0.9999995142285676 -0.00032416055086146163 -0.022747496142983437 0.0022594065755313928 0.0003262630100523127 0.9999973943137926 1.0398255586624146
0.9999919426138367 0.0009500822505282175 -0.0039002629555309944 -0.00639899168163538 -0.0009509062068313385 0.9999995259628008 -0.00020940763949731277 -0.02054513618350029 0.0039000621521798557 0.00021311473647178455 0.999992372019566 0.9670306444168091
0.9999893503380268 0.0007652862963183217 -0.004551213839885371 -0.00784076564013958 -0.0007643276456143397 0.999999685350673 0.00021237185775709868 -0.019905995577573776 0.004551374933121462 -0.0002088909775096739 0.9999896206215234 0.9125641584396362
0.9999676395072062 0.0007648124258283571 -0.008008433076408618 -0.012036249041557312 -0.0007632021040947026 0.9999996879262074 0.0002041323984770139 -0.01728515326976776 0.008008586700181404 -0.00019801373967758733 0.9999679111499651 0.8117020130157471
0.9999656017420859 0.0007917983299618416 -0.008256414960074183 -0.012844833545386791 -0.000786511161941191 0.9999994835906463 0.0006435981922037268 -0.01728939451277256 0.008256920296358022 -0.0006370822910234016 0.9999657081087202 0.8012431263923645
0.9999962915089101 0.0008861480528383725 -0.002575210681698277 -0.00516385305672884 -0.000886723167198036 0.9999995821758514 -0.00022219394041073987 -0.021807938814163208 0.002575012708985419 0.00022447661537836934 0.9999966594543191 1.0042107105255127
0.9999964765481034 0.00088446859902287 -0.0025029196303127605 -0.005310216918587685 -0.000885188801474002 0.9999995671356756 -0.00028665178745020564 -0.02226974442601204 0.0025026650123832917 0.00028886633387416376 0.9999968266070033 1.0220979452133179
0.9999980445543504 0.0009858810828160046 -0.0017143295967127056 -0.004007257521152496 -0.0009863682383164998 0.999999473396655 -0.0002833445098434253 -0.0232075322419405 0.001714049349948831 0.0002850349160428395 0.9999984903938219 1.0656390190124512
0.9999969382776406 0.0009343839947941762 -0.0022913668180443336 -0.004763294942677021 -0.0009350318407498874 0.9999995231862374 -0.00028167845928604615 -0.022486433386802673 0.002291102529645065 0.0002838200977985184 0.9999973351441246 1.0328304767608643
0.9999954766381348 0.000895604136753081 -0.0028713405406464872 -0.005422918125987053 -0.0008962297835926932 0.9999995749251089 -0.00021661435068844466 -0.021792711690068245 0.0028711453194031626 0.0002191867517747158 0.9999958542322679 1.0034151077270508
0.9999912367278239 0.0007924393393511503 -0.004110779421292787 -0.007189946249127388 -0.0007924600442211285 0.9999996859976829 -3.407907181351499e-06 -0.020504800602793694 0.004110775429938809 6.665505758914306e-06 0.9999915507047724 0.9399024844169617
0.9999573985156336 0.0006645412601778842 -0.009206494379483291 -0.012912343256175518 -0.00066496712183249 0.9999997779764059 -4.3195661193904555e-05 -0.01752268522977829 0.0092064636301252 4.931583706431151e-05 0.9999576183995874 0.8347576856613159
0.9999544053106567 0.0010353688100119929 -0.009492908470987107 -0.014003520831465721 -0.001027158461964708 0.9999990942594033 0.0008697274673967362 -0.017913278192281723 0.009493800361567476 -0.0008599370911784158 0.9999545630991912 0.8414079546928406
0.9999971877513154 0.000945739645411275 -0.002174871486623862 -0.004621137864887714 -0.0009463924988902605 0.9999995074189415 -0.00029917070749363624 -0.022745609283447266 0.002174587477724541 0.00030122814821219876 0.9999975902125486 1.043190360069275
0.9999976749146972 0.0009564335749989938 -0.0019327182970853183 -0.004349576309323311 -0.0009570512481197275 0.9999994912452451 -0.00031868818440868805 -0.022896025329828262 0.0019324125097261713 0.00032053715388996373 0.9999980815170721 1.0519461631774902
0.9999984443876303 0.0009766806504732618 -0.0014687808641162844 -0.003984038718044758 -0.0009772387293414462 0.9999994505712723 -0.0003792909436299868 -0.02344677224755287 0.0014684096110003392 0.0003807257031456332 0.9999988494099149 1.0800409317016602
0.999998991516569 0.0010123053996403582 -0.0009960941838951757 -0.0030892491340637207 -0.0010126083826930124 0.9999994411909426 -0.000303713789514785 -0.02350012958049774 0.0009957861761596524 0.0003047221365450244 0.9999994577770086 1.0822454690933228
0.9999984245813048 0.0009699159493561875 -0.0014866398218089146 -0.003912263549864292 -0.0009704700437128698 0.9999994598869594 -0.0003720398957238963 -0.02323228120803833 0.0014862781714267005 0.0003734820490181454 0.9999988257434889 1.0700198411941528
0.9999989027254319 0.0010216830562653988 -0.0010727122934913473 -0.0032808706164360046 -0.001022086553411192 0.9999994071069441 -0.00037566585881986463 -0.023902269080281258 0.0010723278460449041 0.00037676185142212804 0.9999993540815403 1.094359040260315
0.9999978618972168 0.0010745624037440022 -0.0017667814339854776 -0.0041341595351696014 -0.0010753837434909596 0.9999993141290591 -0.0004639948447160737 -0.0247628316283226 0.0017662816307857697 0.00046589382067981446 0.9999983315946827 1.111647129058838
0.9999975240553889 0.0009761481989700578 -0.0019997544312627485 -0.004445589147508144 -0.0009768106165368407 0.9999994683714724 -0.00033029954863687567 -0.023216893896460533 0.0019994309468267225 0.00033225211219241226 0.9999979459401017 1.063730001449585
0.9999693713306457 0.0013121546368761673 0.00771587006126835 0.006433992646634579 -0.0013051383267853568 0.9999987303340717 -0.0009142998374817452 -0.029033785685896873 -0.007717059967462273 0.0009042015559528753 0.9999698142469127 1.3857307434082031
0.9999982030958199 0.0009825383280239438 -0.0016212413655932267 -0.003975173458456993 -0.0009830939119375537 0.9999994583052739 -0.0003419291141004629 -0.023287083953619003 0.0016209045289152584 0.0003435223322029044 0.9999986273295156 1.070107102394104
0.999997799457181 0.0009634699430351094 -0.0018635467431688067 -0.004245787858963013 -0.0009640516966485685 0.9999994868474374 -0.0003113024052751236 -0.022940270602703094 0.0018632458563743433 0.000313098275640387 0.9999982151405812 1.054332971572876
0.9999966928940291 0.0009324717514188418 -0.0023968098458888244 -0.004924922250211239 -0.0009331276514388678 0.999999527494059 -0.00027255172852413707 -0.02252938412129879 0.0023965545665942836 0.00027478735670912813 0.9999970905048263 1.0345382690429688
0.9999971059699302 0.0009496592752022746 -0.002210474841605603 -0.004675749689340591 -0.0009502933343931664 0.9999995076273885 -0.0002858103551928575 -0.02271045371890068 0.0022102023307735744 0.0002879101275569169 0.9999975160536227 1.0426514148712158
0.999997122159672 0.0009496827433816656 -0.0022031284713098236 -0.004706505686044693 -0.0009503491087525801 0.9999995029863052 -0.00030143608595735563 -0.022818565368652344 0.0022028411076757356 0.00030352895965160787 0.9999975276775562 1.0480068922042847
0.9999972806223412 0.001050350654428476 -0.0020821890945431376 -0.004561209119856358 -0.0010511840928069342 0.999999367818975 -0.00039921629877540674 -0.024469900876283646 0.002081768461122024 0.0004014039772099226 0.9999977525549352 1.097782850265503
0.9999986160616305 0.0010856330619523624 -0.0012606647762374956 -0.0033328821882605553 -0.0010861878502008925 0.9999993135287306 -0.0004394747103565656 -0.024647705256938934 0.0012601868025518916 0.00044084342091377704 0.9999991087927531 1.1221318244934082
0.9999961006813542 0.0010254702627733407 -0.0025975051158582166 -0.004861517809331417 -0.0010262818595708101 0.9999994249689246 -0.00031113881925095167 -0.023107411339879036 0.00259718455860532 0.0003138033784021 0.9999965780740493 1.058467149734497
0.9999978672166971 0.000996677452953943 -0.0018089212562946648 -0.004256661050021648 -0.0009973687047290913 0.9999994299431347 -0.0003812729626855124 -0.02375316619873047 0.0018085402189413544 0.0003830763109632513 0.9999982912159481 1.0882129669189453
0.9999993698807436 0.0010910302429100458 -0.00026436929702549624 -0.0023829052224755287 -0.0010911588617510033 0.9999992861709589 -0.00048685717769479404 -0.025306712836027145 0.0002638379324061716 0.0004871453398179354 0.99999984653947 1.1485289335250854
0.9999988594893606 0.0010283148118494449 -0.0011061594033211252 -0.003362530842423439 -0.0010287431725388549 0.9999993960553267 -0.00038675116881466294 -0.023975655436515808 0.0011057610333066535 0.0003878886816547464 0.9999993134172181 1.1020934581756592
0.9999988148429739 0.0010099761859613068 -0.001162007207850708 -0.0033662011846899986 -0.0010103879631737363 0.9999994269584108 -0.0003538347263394106 -0.02363724634051323 0.001161649177324882 0.00035500838508563214 0.9999992622698455 1.087155818939209
0.9999984845237399 0.0009822119271731124 -0.001437431721441795 -0.003802814520895481 -0.000982729330152283 0.9999994525776004 -0.000359287577494705 -0.0232943557202816 0.0014370780380155725 0.0003606996393156629 0.999998902350639 1.072448492050171
0.9999988695424468 0.0010138409380684966 -0.0011104235144042184 -0.0034560998901724815 -0.0010142730018430194 0.9999994101183577 -0.00038860418795801945 -0.02391251176595688 0.0011100288765513151 0.0003897300212487517 0.9999993079729627 1.0989388227462769
0.9999985637132428 0.0010260258965376808 -0.0013490153117670142 -0.0034990105777978897 -0.0010264791090129149 0.9999994169542356 -0.0003353085565381306 -0.02368098497390747 0.0013486704899670114 0.00033669281097415863 0.9999990338624637 1.0887482166290283
0.9999978400366134 0.0009639627619836169 -0.001841384778165266 -0.004318897612392902 -0.0009645801865564678 0.9999994788653879 -0.00033444583480168335 -0.023143380880355835 0.0018410614252252744 0.00033622127568377024 0.9999982487225076 1.0619275569915771
0.9999988978325459 0.001006706228886529 -0.0010912727714006078 -0.0034725796431303024 -0.0010071622571429769 0.9999994056931806 -0.00041741762399098036 -0.02400101348757744 0.0010908519059276396 0.0004185162526744631 0.9999993174428996 1.100696086883545
0.9999994116971833 0.0010844748992818512 2.2792110660414745e-05 -0.002142314799129963 -0.001084464008140409 0.9999993003182492 -0.00047254716936796304 -0.024779770523309708 -2.3304560257097096e-05 0.00047252217414345146 0.9999998880898401 1.1470381021499634
0.9999982027130033 0.0011868590141256826 0.0014784912726521849 -0.000521545298397541 -0.0011860310574302113 0.9999991394433785 -0.0005607520244592215 -0.026666471734642982 -0.0014791555339216493 0.0005589974800593948 0.9999987498095803 1.2365435361862183
0.9999959227754642 0.0012044131599420523 0.002589173881386383 0.000952678732573986 -0.001203000783231178 0.9999991267998576 -0.0005469813872382133 -0.02651747688651085 -0.0025898304121004137 0.0005438643788650511 0.9999964984888567 1.236417293548584
0.9999957031885904 0.0012082676074248553 0.0026708975542498853 0.0009005861356854439 -0.0012066684251945956 0.999999091810949 -0.0006002737615128532 -0.02686028555035591 -0.0026716204199115933 0.0005970482945040632 0.9999962529818128 1.2513809204101562
0.9999983826203406 0.0011490618292777633 0.0013836233646288799 -0.00030622538179159164 -0.001148455335855872 0.9999992441416266 -0.0004390518386113804 -0.025429997593164444 -0.0013841268165143965 0.00043746209886194435 0.9999989464093788 1.180288553237915
0.9999994323348237 0.0010587463718555006 -0.00011994227819040939 -0.00226645078510046 -0.001058795995172559 0.9999993536027652 -0.00041442139436054053 -0.024429358541965485 0.00011950343351235393 0.00041454815351174654 0.9999999069343743 1.1303538084030151
0.9999987794624802 0.0009816074348781574 -0.0012155329670653237 -0.0034745177254080772 -0.000981951774112931 0.9999994779204511 -0.00028271812634348174 -0.022993814200162888 0.001215254814245627 0.0002839113760289035 0.9999992212747305 1.065704107284546
0.9999976481111269 0.0009353413653931384 -0.001956759756570749 -0.004488079808652401 -0.0009358735798758772 0.9999995253253987 -0.00027108968951759576 -0.02263795956969261 0.0019565052663462544 0.00027292033170311036 0.9999980487989141 1.0441001653671265
0.9999974007255672 0.000911733857386776 -0.0020898046518590804 -0.004691103473305702 -0.0009122654047336956 0.9999995517766062 -0.0002534135325758367 -0.022199198603630066 0.002089572669462177 0.00025531933037106313 0.9999977842465947 1.0307362079620361
0.999998755762041 0.0009663082161897131 -0.0012468852397659283 -0.003701155073940754 -0.0009666986917531186 0.9999994838885206 -0.0003125961159300607 -0.02335231564939022 0.0012465825320389704 0.0003138010893161554 0.9999991737800922 1.0722849369049072
0.9999986343697416 0.001014100612251813 -0.001304936243771059 -0.0036537479609251022 -0.0010146126153533531 0.999999408543851 -0.0003917565431528616 -0.0239027701318264 0.0013045381914082283 0.00039308001293343424 0.9999990718336746 1.0967466831207275
0.9999990256837218 0.0013954981020834396 -3.488057020455243e-05 -0.0020908722653985023 -0.0013955236728167052 0.9999987493782422 -0.0007441475862336056 -0.0275957603007555 3.3842070037893446e-05 0.0007441955378599408 0.9999997225138193 1.2414214611053467
0.9999990474937492 0.0013659991683837435 -0.00019763063047849845 -0.0017236871644854546 -0.0013661104288202732 0.9999989078585174 -0.0005639362273646174 -0.02826422080397606 0.00019686007822028714 0.0005642056754771868 0.9999998214590167 1.2738310098648071
0.9999987651428376 0.0015711776245337817 3.33717277176949e-05 -0.0020447922870516777 -0.001571121827234339 0.9999974682351889 -0.0016109312264854226 -0.031458597630262375 -3.590270232604563e-05 0.0016108768061656295 0.9999987018926132 1.369178056716919
0.9999946887708774 0.002021176771232653 0.002556809436699488 0.001867077313363552 -0.0020159619001372175 0.999995886045485 -0.002040536626155547 -0.030433127656579018 -0.002560923203331397 0.002035371357987695 0.9999946494535767 1.360681414604187
0.9999985319221019 0.001287714647227715 0.0011304621302017884 -0.0007932884618639946 -0.0012870426960087742 0.999998994788961 -0.0005949303872549224 -0.0278950072824955 -0.0011312270944225254 0.0005934745608229793 0.9999991840562702 1.266941785812378
0.9999986918176348 0.001586366059629747 -0.0003159204704372459 -0.0019672010093927383 -0.0015866374105274988 0.9999983710325534 -0.0008605312120636047 -0.028444094583392143 0.0003145548383050141 0.0008610313375689956 0.9999995798400564 1.3223869800567627
0.9999822092216467 0.0013552251271287705 0.005809010677381026 0.004484008066356182 -0.001350982131766096 0.9999988178409072 -0.0007342779229588789 -0.02897050231695175 -0.005809998922097723 0.0007264169899547215 0.9999828579685165 1.368710994720459
0.9999862366919274 0.001319592812594111 0.005077903260753062 0.0038608284667134285 -0.001316470715269635 0.9999989424075261 -0.0006181332262335956 -0.028117243200540543 -0.005078713574563353 0.0006114398077378195 0.9999869163193033 1.3230648040771484
0.9999953676695964 0.001203603844749554 0.002795706911209705 0.0010324707254767418 -0.0012019909405660146 0.9999991102598085 -0.0005785303536353475 -0.02678871899843216 -0.0027964007451148423 0.0005751672593118491 0.999995924654444 1.2496742010116577
0.9999953012421292 0.0011961778466361335 0.0028225258585695134 0.0012561967596411705 -0.0011947614083544064 0.999999159533046 -0.0005034663629502552 -0.026232630014419556 -0.00282312572163969 0.0005000917523138184 0.9999958899262531 1.2284094095230103
0.9999976627389222 0.001131588750964646 0.0018422875973599822 -0.00024227146059274673 -0.0011305727218686734 0.9999992083006826 -0.0005524521052020634 -0.025947842746973038 -0.0018429112874098423 0.0005503679738738483 0.9999981503848294 1.2107830047607422
0.9999874787533803 0.0013091399225816085 0.004829957465750144 0.0031727375462651253 -0.0013054075389243856 0.9999988469998399 -0.0007758286848256815 -0.028787629678845406 -0.004830967565112802 0.0007695139075949097 0.9999880347287816 1.350285530090332
0.9999842225988462 0.0013547302124920012 0.00545153734580827 0.004428098909556866 -0.001351193342696995 0.9999988743151699 -0.0006524147024133891 -0.028490040451288223 -0.005452415055003813 0.0006450383280357902 0.9999849274342206 1.3390586376190186
0.9999953441738425 0.0012101547828593864 0.0028012775727745583 0.0011773696169257164 -0.0012085728617858044 0.999999109306024 -0.0005663380582377237 -0.02662130631506443 -0.002801960434403391 0.0005629498734133936 0.9999959160442426 1.2432255744934082
0.9999968844931013 0.001295672063645906 0.0021335974302046706 0.0002390267327427864 -0.00129417186345596 0.9999989144958333 -0.0007043623659346447 -0.028194233775138855 -0.0021345077368159953 0.0007015989297267218 0.9999974758146457 1.286160945892334
0.9999982299378516 0.0013906222073904256 0.0012673953764665287 -0.00039284583181142807 -0.001389786624005578 0.9999988164892833 -0.0006599342184689529 -0.029071899130940437 -0.001268311595670138 0.0006581716412028326 0.9999989790973726 1.3189117908477783
0.9999987468019683 0.001433489551658071 -0.0006719391327265836 -0.0020711449906229973 -0.001433857617491406 0.999998822089676 -0.000547605326155539 -0.028215060010552406 0.0006711533547290657 0.0005485681049415727 0.9999996243130338 1.2940700054168701
0.9999977559453941 0.0015812650064281019 0.0014098599773025374 -0.0005387477576732635 -0.0015800317207702822 0.9999983685486185 -0.0008754426667690991 -0.029501890763640404 -0.001411241984038626 0.0008732130787419679 0.9999986229465427 1.3099250793457031
0.999997419904072 0.0016493489621574478 0.0015619965430050406 -0.00018304865807294846 -0.0016480072453191792 0.9999982723433979 -0.0008598734436657259 -0.0303339846432209 -0.0015634120757832973 0.0008572970434897194 0.9999984103909669 1.3496956825256348
0.9999985469828219 0.0017043065409010805 -3.70332215214876e-05 -0.0013770917430520058 -0.0017043552752855993 0.99999762496636 -0.001358394174928614 -0.029111448675394058 3.4718013488887926e-05 0.0013584553189250044 0.9999990766964767 1.3441135883331299
0.9999987205592145 0.0015875105064180272 0.00019669856649041573 -0.000981469638645649 -0.0015873774669152583 0.999998512517103 -0.0006746824132129629 -0.03092040680348873 -0.00019776933932413325 0.0006743693151245448 0.999999753056627 1.3839225769042969
0.9999989886245405 0.0013861019774413744 0.0003185454506937076 -0.000996873714029789 -0.0013859301774486138 0.9999988943830166 -0.0005389158447245172 -0.028121449053287506 -0.00031929209082249443 0.0005384738179252517 0.9999998040492348 1.2884873151779175
0.9999981414718714 0.0016789667424691 -0.0009476937692768399 -0.0022531161084771156 -0.0016798348708001608 0.9999981695553892 -0.0009159916361906238 -0.02848999947309494 0.0009461541150823436 0.0009175819028348738 0.9999991314175437 1.2863657474517822
0.9999950734728223 0.001272083445230704 -0.0028696400110447898 -0.004709113389253616 -0.0012732438490858733 0.9999991083885231 -0.0004025819909451621 -0.025270361453294754 0.002869125334554792 0.000406233759107196 0.9999958015381603 1.158020257949829
0.9999993843931266 0.0010730794356983665 -0.00028233648721749725 -0.002522471360862255 -0.0010731913960393747 0.9999993454456045 -0.0003966971005891151 -0.02466564252972603 0.0002819106149120653 0.0003969998574685232 0.999999881458752 1.1407934427261353
0.9999993175136191 0.0010869966376338106 -0.00042826464441086585 -0.002523234114050865 -0.001087150129866272 0.9999993448499278 -0.0003583354713779446 -0.024626638740301132 0.00042787485438072043 0.00035880081478265405 0.99999984409253 1.1351841688156128
0.9999992560683127 0.001063044386726973 -0.0005981633997693972 -0.002955281175673008 -0.0010632941065494418 0.9999993476268808 -0.0004173145765332409 -0.024602685123682022 0.0005977193856255913 0.00041795028969743227 0.9999997340245104 1.135467290878296
0.9999993332652545 0.0011330560700537765 0.0002228295064984529 -0.001875544898211956 -0.001132956875005519 0.9999992592873592 -0.00044478472611169257 -0.025512851774692535 -0.0002233333074796087 0.00044453197333691976 0.9999998762567718 1.1754131317138672
0.9999993102571821 0.0011406506370880796 0.00028000229362991325 -0.0016991561278700829 -0.0011405227808201537 0.9999992454706762 -0.00045636155087145844 -0.025510339066386223 -0.000280522631453716 0.0004560418871047895 0.9999998566664151 1.1784411668777466
0.9999993049615531 0.001137055992192942 0.00031173719917440416 -0.001615629531443119 -0.0011369306220932501 0.9999992728725503 -0.00040204866757593156 -0.025268487632274628 -0.00031219412434835 0.00040169396456886315 0.9999998705883854 1.1682453155517578
0.999999227788605 0.0011410298808728187 0.0004924154801258772 -0.0016010971739888191 -0.00114080559289824 0.9999992455290563 -0.0004555259792169167 -0.025637956336140633 -0.0004929348773665054 0.00045496387712080753 0.9999997750115134 1.1863651275634766
0.9999981478774373 0.00121488530511644 0.001492747597606095 -0.00036400649696588516 -0.0012141301371762427 0.9999991345745602 -0.0005066933395718787 -0.026610486209392548 -0.0014933618800367953 0.000504880011268261 0.9999987574824627 1.2344049215316772
0.9999977952832418 0.0012306559639390397 0.0017014448430649673 -0.00010074768215417862 -0.001229775196857689 0.9999991093491415 -0.0005186076446390468 -0.0268486849963665 -0.0017020815552624767 0.000516514106589259 0.9999984180645273 1.2412763833999634
0.9999983940182096 0.0012370364150362122 0.0012968044993528854 -0.0006447369232773781 -0.0012363156265238508 0.9999990809301421 -0.0005564733082145325 -0.027078494429588318 -0.0012974916852452156 0.0005548691548614363 0.9999990043172782 1.248469352722168
0.9999986585278187 0.0012226356196872181 0.0010900021579835167 -0.00037649553269147873 -0.001222183745956637 0.9999991669658163 -0.0004151319843703075 -0.026277385652065277 -0.0010905088051254214 0.00041379924456175384 0.9999993197801341 1.2109472751617432
0.9999994107626666 0.0010771919817394971 0.00013465420253269298 -0.0020799851045012474 -0.001077123852841696 0.9999992923857122 -0.0005050072086256799 -0.025006894022226334 -0.00013519809696530758 0.0005048618718031456 0.9999998634179733 1.155771017074585
0.9999977192892043 0.0011580481273382398 0.0017945308368799665 -8.694827556610107e-05 -0.0011570604671885857 0.9999991786322783 -0.0005513128369090655 -0.026108013466000557 -0.0017951678097086214 0.0005492351988354218 0.9999982378550631 1.2131035327911377
0.9999961837854048 0.00119954934062515 0.0024886735434815595 0.0007146606221795082 -0.0011980394216146953 0.9999990974463325 -0.0006081184622582033 -0.026774346828460693 -0.00248940076542055 0.0006051346125350317 0.9999967183425801 1.2443740367889404
0.9999945301123662 0.001242998914604833 0.0030650773312133166 0.001480824314057827 -0.001241071398430689 0.9999990309882432 -0.0006306856257724158 -0.02724263072013855 -0.0030658583026656394 0.0006268781961831634 0.999995103756311 1.2689955234527588
0.9999971157555892 0.0011876318059242403 0.00208758501529117 0.00047614146023988724 -0.001186530164299886 0.9999991562208175 -0.0005288703263662372 -0.026170847937464714 -0.002088211357051195 0.000526391818383771 0.9999976811398023 1.215639352798462
0.9999988413012331 0.0011204288809960915 0.001030550975790536 -0.0009374925866723061 -0.001119907746683253 0.9999992448226538 -0.0005061232663959575 -0.025428246706724167 -0.001031117272666799 0.0005049685579304131 0.9999993409017455 1.1799876689910889
0.9999993370980103 0.0010816319537679693 0.00039481116584322805 -0.0015417570248246193 -0.0010814751397764325 0.9999993363275974 -0.00039718495282838035 -0.02448994107544422 -0.000395240511754488 0.0003967577110729192 0.9999998431841159 1.1372334957122803
0.9999988205096203 0.0009874494537595812 -0.0011764025436593383 -0.003622184507548809 -0.0009878592220329478 0.9999994515869244 -0.0003477930537595342 -0.023471282795071602 0.001176058470443845 0.00034895476364255 0.9999992475582405 1.0843102931976318
0.9999993284607919 0.0010834757500183425 -0.0004112885414937585 -0.002723849378526211 -0.0010836523860697674 0.9999993206175721 -0.00042949027975256495 -0.025006355717778206 0.0004108229197685701 0.00042993568514235544 0.999999823189902 1.1471173763275146
0.9999992474453107 0.0011947095223494178 0.00027888701965044356 -0.0016313521191477776 -0.001194574043461518 0.9999991686670321 -0.0004854462891635741 -0.02612157166004181 -0.00027946675510672267 0.00048511277264396 0.9999998432819531 1.20377516746521
