0.9999679005064043 -0.0005743162712006506 0.007991753101421521 0.0006275738123804331 0.0005777906988238595 0.9999997395725934 -0.00043244959625374956 -0.015598047524690628 -0.007991502657310384 0.00043705327545000234 0.9999679719219572 0.7223504781723022
0.9999682784356186 -0.0007062297223750948 0.007933685277602687 -2.567283809185028e-05 0.0007123067091382842 0.9999994550927485 -0.0007631732162159373 -0.014605522155761719 -0.007933141978871436 0.000768800224419053 0.999968236597822 0.7581506967544556
0.9999615893995091 -0.0003683963323334824 0.008756940661554058 0.001222341670654714 0.0003731773360780163 0.9999997822164873 -0.0005443396494098111 -0.016071466729044914 -0.008756738221706374 0.0005475866327852782 0.9999615091015235 0.697230339050293
0.9999501739178631 -0.0004586096555348085 0.009971928540613063 0.002850966528058052 0.00046234353574904435 0.9999998238762143 -0.00037213706498228136 -0.01682032272219658 -0.009971756118668074 0.0003767289795500193 0.9999502098380627 0.5713350176811218
0.9999581271897028 -0.0005507736760559486 0.009134578020893354 0.0027428301982581615 0.000553119123586247 0.9999998147102269 -0.0002542415123700537 -0.014406401664018631 -0.009134436298817092 0.0002592833763526833 0.9999582465511414 0.5461715459823608
0.99996457160629 -0.0006774862445386779 0.008390264872914409 0.0014426792040467262 0.0006813427972202977 0.9999996635545216 -0.0004567962747284352 -0.01384791824966669 -0.008389952576855042 0.00046249673770809953 0.9999646967731042 0.5960033535957336
0.999976570374722 -0.0006122430482705339 0.006817907307874525 -5.214964039623737e-05 0.0006151593089132669 0.9999997202019636 -0.0004256465897812814 -0.013897952623665333 -0.006817644801071834 0.0004298307161889287 0.9999766672102515 0.7185943126678467
0.9999739724021394 -0.0007550862309792667 0.007175260487910479 -0.0011382419615983963 0.0007600764475158976 0.9999994711739489 -0.0006927738568037636 -0.014849325641989708 -0.007174733589445353 0.0006982095720660625 0.9999740175131123 0.7637560963630676
0.999973609506199 -0.0007711963854070558 0.007223956483756533 -0.0008961691055446863 0.0007741052252999151 0.9999996204291419 -0.0003998783220633847 -0.014867871068418026 -0.007223645357036594 0.0004054598715384202 0.9999738269325096 0.787827730178833
0.9999773311410038 -0.0008454940688756124 0.00667999580049504 -0.0007409702520817518 0.0008470828692272787 0.9999996136083119 -0.00023501880664505027 -0.014310246333479881 -0.006679794512393093 0.00024067198904597048 0.9999776609616166 0.7507425546646118
0.9999629625838269 -0.0009747458251407485 0.008551218109257276 0.003264994127675891 0.0009789727806458698 0.9999994006881021 -0.0004901384815638717 -0.009979787282645702 -0.008550735223971876 0.0004984917378712764 0.999963317543757 0.5337470769882202
0.9999740085560569 -0.00041594171725482397 0.007197861128049094 0.0007143635302782059 0.00042140932595233183 0.9999996238372492 -0.0007581157826387304 -0.013570820912718773 -0.007197543088501344 0.0007611293239211332 0.9999738076848019 0.6467710137367249
0.9999793068798062 -0.0009430476730088007 0.006363683938449599 -0.001188530819490552 0.0009442327820161572 0.9999995374258397 -0.00018322816244026012 -0.0145697221159935 -0.006363508201881627 0.0001892331698669457 0.9999797347717461 0.7899317741394043
0.9999844461395427 -0.0008408269397831691 0.005513663849872347 -0.002728372812271118 0.0008450439274048658 0.9999993522166323 -0.0007625398853746927 -0.014415371231734753 -0.005513019114134327 0.0007671873130898089 0.99998450890195 0.7860519886016846
0.9999845686428671 -0.0007404159394300045 0.005505838753134706 -0.002026525791734457 0.0007435088953055162 0.9999995669462938 -0.0005597336395528784 -0.014224500395357609 -0.005505421933102269 0.0005638186421922606 0.9999846861016808 0.7640516757965088
0.9999813184435536 -0.0006846158495787049 0.0060740484876675655 -0.0017943219281733036 0.0006896313940525775 0.9999994229819207 -0.0008236773433629994 -0.014188860543072224 -0.006073481080267568 0.0008278508103143089 0.9999812135688367 0.7706081867218018
0.999977633541282 -0.0007505726374430499 0.0066459805817734915 -0.0011542846914380789 0.0007526231430931573 0.9999996699496453 -0.000306037587288535 -0.014634680934250355 -0.006645748684826196 0.0003110326611058633 0.9999778683966469 0.7992548942565918
0.9999768394180596 -0.0007022589114692214 0.006769598207406339 -0.002027371432632208 0.0007097304972720538 0.999999141646273 -0.0011013579520704239 -0.014874052256345749 -0.006768818958259927 0.0011061370342814035 0.9999764794987789 0.7812036275863647
0.9999575436386651 -0.0008684864405411255 0.009173693445394648 0.002554821316152811 0.0008734020289702539 0.9999994771560319 -0.0005318426072262077 -0.012263353914022446 -0.009173226750891487 0.0005398323495926607 0.9999577793547142 0.5249804258346558
0.9999591754082963 -0.0013279166632820534 0.008937793580959244 0.00012492714449763298 0.0013279954339444628 0.9999991182095324 -2.878421285605053e-06 -0.0021968595683574677 -0.008937781877394474 1.4747652840283321e-05 0.9999600571210928 0.32461124658584595
0.9999799073493729 -0.0002916863413530857 0.006332441600017693 -0.00031245662830770016 0.00029731991464139327 0.9999995608943427 -0.0008887136715552329 -0.012831331230700016 -0.006332179593767397 0.0008905785759379118 0.9999795549766967 0.7653253674507141
0.999980232365454 -0.001318333739115526 0.006147916271772921 -0.006055415607988834 0.0013308595313309111 0.9999970463148639 -0.002033758701417982 -0.016592279076576233 -0.006145216940050712 0.0020419005117873314 0.9999790332557275 1.0351603031158447
0.9999855308868055 -0.0011647993223333677 0.005251786322034928 -0.006905559450387955 0.0011750513207491593 0.9999974094762347 -0.001949434588112082 -0.016599062830209732 -0.0052495020170704836 0.001955577499976361 0.999984309099505 1.037463665008545
0.9999786038081365 -0.001442349682844421 0.006380560580591961 -0.0074560074135661125 0.0014551120328028183 0.9999969493064051 -0.001996002719234084 -0.018180781975388527 -0.006377662181567622 0.00200524444285379 0.9999776519601937 1.0907979011535645
0.9999805002169869 -0.0016060117740864703 0.006034891214103747 -0.012793050147593021 0.0016220465578356724 0.999995165111246 -0.00265305844190438 -0.02231483906507492 -0.006030601192981045 0.0026627955823611913 0.9999782704483822 1.370943546295166
0.9999729223573347 -0.0012200612531744809 0.007257134604690168 -0.008942392654716969 0.0012362862474812606 0.9999967456298101 -0.0022316644244194574 -0.01993696205317974 -0.007254388219993324 0.002240575891915523 0.9999711764202138 1.2789409160614014
0.9999853806873251 -0.0017338095178102543 0.005121749328282451 -0.011288503184914589 0.0017412054430464496 0.9999974474175628 -0.0014399173462848196 -0.02189660258591175 -0.005119239712195218 0.001448814313491233 0.9999858470607744 1.4124321937561035
0.9999865354680011 -0.0017635420502140069 0.004880451018235561 -0.012624832801520824 0.0017731567944310198 0.9999964945334218 -0.0019664271790604472 -0.02183081954717636 -0.004876966032958673 0.0019750545069216435 0.9999861570851909 1.417799949645996
0.9999774984370288 -0.0011993805007135664 0.006600311056036642 -0.01244055200368166 0.0012238517631880772 0.9999923882812419 -0.0037048031579791506 -0.02269560843706131 -0.0065958173476585065 0.003712797596441116 0.9999713547534869 1.3331034183502197
0.9999698313087194 -0.0012648297048789671 0.007663985792614726 -0.008525121957063675 0.0012778685145614101 0.9999977442107146 -0.0016966512729650928 -0.020977668464183807 -0.007661822529348823 0.0017063936533570556 0.9999691918735442 1.3247480392456055
0.9999862445105435 -0.0006253786642774114 0.0052076569803842674 -0.00495876232162118 0.0006342021534720858 0.9999983660202371 -0.001692850992860547 -0.016025256365537643 -0.005206589798285415 0.0016961304141380673 0.9999850071697526 1.1372069120407104
0.9999736901999011 -0.0013544090491343754 0.0071263233241007536 -0.010634629055857658 0.0013752354297783152 0.9999947959090012 -0.0029183698236508295 -0.02252228371798992 -0.0071223335715678154 0.002928093414243514 0.9999703488771318 1.3247746229171753
0.9999611257099951 -0.0012931785665216326 0.008722084498248213 -0.004241619259119034 0.0013069373904468801 0.9999979104346945 -0.0015719544847258608 -0.018037205561995506 -0.00872003345503586 0.0015832925944647446 0.9999607263293411 1.1237736940383911
0.9999636682885066 -0.0011092522388072403 0.008451725413444772 -0.004304389003664255 0.0011212317096837778 0.9999983734263085 -0.0014127930459096635 -0.01811755821108818 -0.00845014452224142 0.0014222180592554142 0.9999632855026954 1.0683789253234863
0.9999902106946112 -0.0016479932040167975 0.004106413684284115 -0.007879454642534256 0.001651377584946723 0.9999982995236968 -0.0008209152128844481 -0.017661020159721375 -0.004105053838733046 0.0008276884162074763 0.9999912316939917 1.1774176359176636
0.9999939419792296 -0.001162600251207064 0.003280909248487113 -0.010287197306752205 0.0011681113212552493 0.9999979093723952 -0.0016783226089708508 -0.018041497096419334 -0.0032789511710408737 0.0016821449088947951 0.9999932094108056 1.1628351211547852
0.9999940086975633 -0.0011263091066704431 0.003273224216922219 -0.009926754981279373 0.0011320437504397265 0.9999978268275201 -0.00175066192750629 -0.017799222841858864 -0.003271245317169778 0.0017543568717797726 0.9999931105692886 1.1354422569274902
0.9999951300286896 -0.0011270678760061568 0.002910264061357872 -0.010393224656581879 0.0011323748215511667 0.9999976980645857 -0.0018225237427767496 -0.01771078258752823 -0.0029082032541542227 0.0018258103768855566 0.9999941043677707 1.1386994123458862
0.9999641882733489 -0.0006133649518328226 0.008440731855596906 -0.001396159641444683 0.0006229318315108469 0.9999991665827032 -0.001130835899754713 -0.01585332863032818 -0.008440031205837795 0.0011360534031226827 0.999963736970451 0.8061127662658691
0.9999749227264776 -0.000656566417168965 0.007051442314541914 0.0007980307564139366 0.000660435262816103 0.999999632665774 -0.0005463456607707618 -0.012959042564034462 -0.00705108101209278 0.0005509889810694259 0.9999749890210774 0.6547408699989319
0.9999892091637022 -0.0011056634239212041 0.004512102009789034 -0.010405448265373707 0.00111982179699441 0.9999944540197998 -0.003136547271374897 -0.019213709980249405 -0.004508609020165266 0.0031415661755875746 0.9999849013893499 1.1548783779144287
0.999997932113046 -0.001409072123481345 0.0014663851412324027 -0.016552802175283432 0.0014127065182197127 0.9999959259426953 -0.0024803947880360764 -0.022491201758384705 -0.0014628841119442566 0.002482461230707293 0.9999958486695396 1.5112165212631226
0.9999412646012165 -0.001638738611940612 0.010713630732943413 -0.0038294633850455284 0.0016569986832753595 0.9999971894350759 -0.0016957232417672437 -0.020389726385474205 -0.010710821774437215 0.0017133761148039977 0.9999411695890941 1.1508660316467285
0.9999892309578229 -0.0010309958329438875 0.004524932703862654 -0.004974839743226767 0.0010356950729949051 0.9999989267071988 -0.0010363011948214711 -0.017467588186264038 -0.00452385942507142 0.0010409764853572198 0.9999892254738845 0.9779773950576782
0.9999965331514835 -0.0010161344951939385 0.0024292294460767556 -0.006358692422509193 0.001023491334780613 0.9999948883634842 -0.003029143837908659 -0.01211963128298521 -0.00242613901119421 0.003031619631614092 0.9999924615375396 0.8388577103614807
0.9999806508811275 -0.0011038969465559404 0.00612203192478625 -0.005690994672477245 0.0011136851841132608 0.9999981067601081 -0.0015956758788681887 -0.016367068514227867 -0.006120258872580814 0.001602463020197229 0.9999799870715422 0.9579005241394043
0.9999922205913976 -0.0011447942063583204 0.0037746791799053033 -0.008241474628448486 0.0011498843430551562 0.9999984322148897 -0.001346600817112133 -0.016983652487397194 -0.0037731316812057805 0.0013509307858431815 0.9999919691994174 1.0760650634765625
0.9999913901446128 -0.0014251078358163895 0.0038972688258765526 -0.009837396442890167 0.0014323515069046791 0.9999972508956596 -0.0018564940840233755 -0.017366323620080948 -0.0038946124076116194 0.0018620603587533415 0.9999906823192979 1.106095552444458
0.9999791687721927 -0.0015733429335985938 0.006259921220610062 -0.009226788766682148 0.001591014686960689 0.9999947608808524 -0.0028190216588821516 -0.018951483070850372 -0.006255453136330267 0.0028289225618009887 0.9999764329738972 1.1395366191864014
0.9999899690777592 -0.0013391169544900861 0.00427416771367125 -0.009686628356575966 0.0013461413353622663 0.9999977475144916 -0.0016409964803719426 -0.018505264073610306 -0.00427196059996129 0.0016467336534974942 0.9999895192555305 1.1747872829437256
0.9999875118578757 -0.0014119554281950607 0.004794007735012256 -0.008620762266218662 0.0014200241884066674 0.9999975803839459 -0.0016801064126199135 -0.017543237656354904 -0.004791623899984933 0.001686893038155375 0.9999870972828993 1.1293718814849854
0.9999798635977407 -0.0013190571710745397 0.006207454166048547 -0.00873937550932169 0.0013305726847314975 0.9999974010427555 -0.0018513465546293616 -0.018591415137052536 -0.006204996001191543 0.001859568744125483 0.9999790197942712 1.1362615823745728
0.9999748723616388 -0.000591071465665309 0.00706436691053505 -0.0023688888177275658 0.0005983432558756449 0.9999992933272214 -0.001027292755799353 -0.016197318211197853 -0.007063754714904418 0.001031493858656444 0.9999745193702424 1.0148237943649292
0.9999765328031487 -0.0006636478157709728 0.006818607964240659 -0.004043807741254568 0.0006695499166480064 0.999999403172349 -0.0008633411000569807 -0.016466058790683746 -0.0068180309402715664 0.0008678862382555486 0.9999763803348433 0.9969609975814819
0.9999833562816921 -0.0010622825696867029 0.005670865484609032 -0.002612509299069643 0.0010660915888113093 0.9999992081431632 -0.0006687015557888318 -0.015475589781999588 -0.005670150644088391 0.0006747360881029272 0.9999836969285473 0.9188016653060913
0.9999962542496265 -0.0003937443620730532 0.0027085885796740514 -0.006062540225684643 0.00040000121495672666 0.999997252289547 -0.002309851160645996 -0.013687958009541035 -0.002707671646385166 0.002310925947242835 0.9999936640476889 0.8994477391242981
0.9999971437237992 -0.0006700201588738908 0.0022942574462510466 -0.00801531970500946 0.0006739753145137566 0.9999982874817959 -0.0017235981987966994 -0.011228508315980434 -0.002293098671754413 0.0017251395486080974 0.9999958827875339 0.8942441344261169
0.9999837512281446 -0.000849704488411799 0.005636956800493069 -0.004849364515393972 0.0008569691671639198 0.9999988053001895 -0.001286468826015036 -0.015494606457650661 -0.00563585694768618 0.0012912786206512406 0.9999832847182942 0.8933289051055908
0.9999841055154325 -0.0011234502634907021 0.005525086063213363 -0.003003348596394062 0.0011256473062184738 0.9999992886219933 -0.00039455500184114767 -0.015186870470643044 -0.005524638869867871 0.0004007680288364412 0.9999846587574955 0.8961094617843628
0.9999885692810171 -0.0010948901719581628 0.0046543015389761055 -0.0059674931690096855 0.0011002510759414402 0.9999987341482081 -0.0011494126984047462 -0.01595042273402214 -0.0046530371666531544 0.0011545204600672096 0.9999885080977845 0.9423678517341614
0.9999788531645804 -0.0006754550904057073 0.006468151518923249 -0.0028903065249323845 0.0006824006192862423 0.9999991929394212 -0.0010716575485044926 -0.015193408355116844 -0.00646742244218683 0.0010760487569408384 0.9999785070520402 0.8134303092956543
0.9999889750901838 -0.0005123758569932116 0.00466767276759275 -0.0018597021698951721 0.0005146914733952429 0.9999997450789233 -0.0004949088561644215 -0.013511679135262966 -0.004667417998355271 0.0004973058112129941 0.9999889838874022 0.7889859080314636
0.999984668746501 -0.0008784984710485631 0.005467221633238379 -0.004010761622339487 0.0008835761921818608 0.9999991805274743 -0.0009264110818698536 -0.015198818407952785 -0.005466403302281473 0.0009312275856992243 0.9999846255068727 0.8396908640861511
0.9999901258946243 -0.00041178293789436034 0.004424765311863109 -0.0029978598468005657 0.000415193236258768 0.9999996174812913 -0.0007698388450538971 -0.013669881969690323 -0.004424446612806275 0.0007716683762135369 0.9999899143491835 0.7786030173301697
0.999983155927693 -0.0007148267943326385 0.005759937807408813 0.0005260293837636709 0.0007163009848397915 0.999999711228947 -0.0002538797382457797 -0.012620075605809689 -0.005759754664066072 0.0002580013110011743 0.999983379192641 0.6619638204574585
0.9999713913719671 -0.0009615185044472204 0.007502794131394858 -0.0005986099131405354 0.0009717986563960232 0.9999985939350414 -0.0013666511302888556 -0.0138494111597538 -0.00750146952162804 0.0013739032375311238 0.9999709197496246 0.6133275628089905
0.9999814090964007 -0.0007655559435282497 0.006049412010654624 0.0008093089563772082 0.0007682324174126342 0.9999996080548034 -0.0004401240650919242 -0.013153845444321632 -0.006049072700022722 0.0004447632372007285 0.9999816052833836 0.6644012928009033
0.9999929877299928 -0.0006864810757774599 0.0036814717946766213 -0.005994752980768681 0.0006947800664511309 0.9999972196089794 -0.0022534540088190655 -0.012791630811989307 -0.0036799146052133116 0.0022559960202092506 0.9999906843118365 0.8902404308319092
0.9999896109945053 -0.0009811444647959576 0.004451433319418955 -0.005784020759165287 0.0009875219779996755 0.9999984889250406 -0.0014307158971721679 -0.015457959845662117 -0.004450022853986327 0.001435096921693377 0.999989068836967 0.9233192205429077
0.9999900647224738 -0.00030361740783884717 0.004447277010992328 -0.005106644704937935 0.00030997037141109883 0.9999989325282921 -0.0014278867760843064 -0.014257961884140968 -0.0044468387323682995 0.0014292511137397753 0.9999890913737721 0.8803544044494629
0.9999822038815376 -0.0007028809779949776 0.005924346255389596 -0.0040611871518194675 0.0007053425297476676 0.9999996657884767 -0.00041341849358793255 -0.01621435210108757 -0.005924053691409715 0.0004175898297183237 0.999982365447809 0.9415980577468872
0.9999879397969726 -0.0010754276586231394 0.00479204715725881 -0.005599337629973888 0.001081317091391369 0.9999986631264367 -0.0012265800778844213 -0.0162236075848341 -0.004790721652756377 0.00123174700757355 0.99998776581784 1.0035173892974854
0.9999924108070534 -0.0010500324854731138 0.0037517675936285084 -0.008988703601062298 0.0010561847757936775 0.9999981003313897 -0.0016382329904185626 -0.016885830089449883 -0.0037500402686546654 0.0016421831173670134 0.9999916201811854 1.08941650390625
0.9999907736156423 -0.001162517220432456 0.004135364228380832 -0.009065800346434116 0.0011698721057809903 0.9999977376147614 -0.0017765597695641089 -0.01765533909201622 -0.0041332895912686 0.0017813812255988678 0.9999898712477461 1.130875825881958
0.9999874557672357 -0.0008752597803037997 0.004931757139974539 -0.006575881503522396 0.0008815299096192882 0.9999988058295345 -0.001269348070234693 -0.016625095158815384 -0.0049306402413027365 0.001273679638662907 0.9999870331794252 1.0219700336456299
0.9999880757931039 -0.0006477576902003128 0.004840318334581802 -0.003614134155213833 0.0006516530312860539 0.9999994650801171 -0.0008032358348958376 -0.01481524296104908 -0.004839795443210187 0.0008063804650606757 0.9999879629928619 0.8620826005935669
0.999993968898377 -0.0005085770536920765 0.003435624579610795 -0.004992796573787928 0.0005159296196012274 0.999997578071111 -0.002139548676612423 -0.01267331000417471 -0.003434528133410192 0.0021413083132593783 0.9999918093740608 0.8241465091705322
0.9999883773387802 -0.0006667359823208046 0.004775002668395318 -0.004654772114008665 0.0006717235107587522 0.9999992304893893 -0.0010429804189481598 -0.01568444073200226 -0.00477430360140593 0.0010461757782963886 0.999988055699348 0.9368909001350403
0.9999861217845657 -0.0007968382055204178 0.005207810205597641 -0.00475018797442317 0.000801999287663909 0.9999991893237825 -0.0009890141151544434 -0.016314998269081116 -0.005207017899517008 0.000993177049478664 0.9999859501832723 0.9559803009033203
0.999984450688586 -0.0011843523136499982 0.005449375252662463 -0.005056858062744141 0.0011893184489360352 0.9999988803722936 -0.0009081716724041963 -0.016008177772164345 -0.005448293556169544 0.0009146385934832115 0.9999847396503455 0.9452086687088013
0.9999886607379999 -0.0009158963303830864 0.004673278221259436 -0.004911959636956453 0.0009215982763818849 0.9999988334323522 -0.0012181094169859547 -0.015459466725587845 -0.004672157107619231 0.0012224024896778964 0.9999883382720595 0.9129238724708557
0.999987093245424 -0.001132240962483528 0.004952915602988 -0.004652806557714939 0.0011373267705725649 0.999998828816822 -0.0010241351477995584 -0.015151569619774818 -0.004951750234451107 0.001029755013046218 0.9999872098053196 0.8912827968597412
0.9999877237422853 -0.0007551078531726913 0.004897160080418762 -0.004191825166344643 0.0007607652050715777 0.9999990453697245 -0.0011534712578771835 -0.015369091182947159 -0.004896284410236253 0.0011571826865596033 0.9999873435835097 0.8877155184745789
0.9999866952752892 -0.0009244152470234573 0.0050749117093161775 -0.004644397646188736 0.000930138227718416 0.9999989340950521 -0.0011254561907346288 -0.015715040266513824 -0.005073865911080103 0.0011301615862329675 0.9999864892184822 0.8955070972442627
0.9999861846771102 -0.0009446543602882668 0.005170888033609018 -0.00462887529283762 0.0009493399482854772 0.9999991409780058 -0.0009037681744006288 -0.016049355268478394 -0.00517002984315583 0.0009086646191298984 0.9999862224651052 0.9296649694442749
0.9999866744852803 -0.0010840237305839977 0.005047350237608132 -0.0050203995779156685 0.0010891686356638217 0.9999988900251269 -0.0010166908069910196 -0.015794239938259125 -0.005046242518214748 0.0010221746746347192 0.9999867452098461 0.9289836883544922
0.9999881600250331 -0.000957473549695331 0.0047710642576037675 -0.005232427269220352 0.000962723397363839 0.9999989335855722 -0.001098176387551371 -0.01579570397734642 -0.004770007694828027 0.0011027566003615546 0.9999880154054204 0.95448899269104
0.9999880686209791 -0.00109766964383463 0.0047600143946605515 -0.006009960547089577 0.0011034530844659237 0.99999865605735 -0.0012125488792292984 -0.016173960641026497 -0.004758677019377795 0.001217786864414929 0.9999879359213183 0.9823077917098999
0.999985853364485 -0.0012788815084080105 0.005163093354782317 -0.005456119775772095 0.0012847789923001924 0.9999985259149234 -0.0011390833688411763 -0.01569635234773159 -0.0051616289912865074 0.001145700688521445 0.9999860223803574 0.9468187093734741
0.9999872657564832 -0.0010089056225239222 0.004944738043368559 -0.004380221012979746 0.0010144528117386957 0.999998858849967 -0.001119457125891753 -0.014943046495318413 -0.00494360297409209 0.001124459073863512 0.9999871481081274 0.887977659702301
0.9999894491800011 -0.0009316799478955945 0.004498166421231512 -0.005021555349230766 0.0009367853974629159 0.999998919333695 -0.0011330333453839982 -0.015120325610041618 -0.0044971059357664335 0.0011372352075718858 0.9999892413092681 0.9092984199523926
0.99998895372507 -0.0010288123781886376 0.004586280947598185 -0.005804659798741341 0.0010344449594100868 0.9999987135038261 -0.0012259340597440206 -0.015671178698539734 -0.004585013791229785 0.0012306647729480322 0.9999887314928858 0.9679955244064331
0.9999925388391679 -0.0009743101407672848 0.0037380457119987566 -0.008297626860439777 0.0009805713717773057 0.9999981188796458 -0.0016735342705589363 -0.016867773607373238 -0.0037364081388741553 0.0016771872046621662 0.9999916131134803 1.0663065910339355
0.9999886038173126 -0.0008954749788188421 0.0046893880266039275 -0.00597851537168026 0.0009014759638152049 0.9999987773633676 -0.0012777373973129628 -0.016683295369148254 -0.004688238111317549 0.0012819502065751426 0.9999881884437832 1.0081326961517334
0.9999856592025717 -0.0006756667773566675 0.0053127077468998595 -0.004653813783079386 0.0006809091372928609 0.9999992830570394 -0.0009850117529581416 -0.016533352434635162 -0.00531203839827466 0.0009886150983527586 0.9999854023375753 0.9565325975418091
0.9999802272942999 -0.0007449523747882141 0.0062442026231780455 -0.004134927410632372 0.0007504032654033756 0.99999933942733 -0.0008706548354528752 -0.016811855137348175 -0.006243549902041157 0.0008753232902893206 0.999980125749386 0.9731628894805908
0.9999830466062443 -0.0008957388768179401 0.0057536207694587225 -0.003971050959080458 0.0008996921169575849 0.9999993609821767 -0.0006845358524394054 -0.01598290167748928 -0.0057530039274168955 0.0006897007344838045 0.9999832134884606 0.9244292974472046
0.9999886836253665 -0.0009128545387325402 0.004668973955547436 -0.005197853781282902 0.0009181974087086053 0.9999989260093327 -0.001142319438539353 -0.015937866643071175 -0.004667926169628829 0.001146593551411947 0.9999884478275249 0.9456374645233154
0.9999861460882952 -0.0010323649001797827 0.005161574778251484 -0.004987739957869053 0.0010385450371992303 0.9999987469393766 -0.0011947986784946322 -0.016051460057497025 -0.005160334842266916 0.0012001426537293213 0.9999859652024754 0.9381484389305115
0.9999877232054205 -0.0010041201648385398 0.004852337697885913 -0.004299618303775787 0.0010091193949620103 0.9999989625142819 -0.0010279340480477581 -0.015315220691263676 -0.004851300494349081 0.0010328180163944507 0.9999876990095724 0.8678023219108582
0.9999879451959259 -0.0009692825920681438 0.00481351784940514 -0.00443560304120183 0.0009738484277442144 0.9999990780756484 -0.0009462912306151541 -0.015557369217276573 -0.004812596188088955 0.000950967460049334 0.9999879672170162 0.88948655128479
0.9999865307826166 -0.0008049257993419383 0.0051274114136246555 -0.004289392381906509 0.0008088202319465091 0.9999993859988683 -0.0007575036097305525 -0.01614302024245262 -0.005126798531189677 0.0007616405608386175 0.9999865678300267 0.931830108165741
0.9999865168969728 -0.0009236292593505539 0.005110081530815971 -0.004989503417164087 0.0009275586158987311 0.9999992759598989 -0.000766625522664036 -0.016548505052924156 -0.005109369753148325 0.000771355086324984 0.9999866495869114 0.9652106165885925
0.9999888071027196 -0.0011322980502581086 0.0045938622535812565 -0.007309260778129101 0.0011376071296052526 0.9999986879413524 -0.001153241341687074 -0.017290160059928894 -0.004592550413241892 0.0011584544440272958 0.9999887831690927 1.0627206563949585
0.9999849970274902 -0.0013257431458644558 0.005314896522230142 -0.00715905986726284 0.0013324262392867808 0.9999983259564255 -0.0012540831965405209 -0.017518475651741028 -0.005313225032659612 0.0012611460891501112 0.9999850894639852 1.0660465955734253
0.9999836631637348 -0.0010698770487441607 0.005615048418203841 -0.005887126550078392 0.0010756479530372425 0.9999988963441441 -0.0010248375358630887 -0.017816558480262756 -0.005613945770964461 0.0010308606085973127 0.9999837103369665 1.0566375255584717
0.9999846724809343 -0.0005447890373434365 0.0055098101694493265 -0.004400808829814196 0.0005491986460473745 0.9999995301190784 -0.0007988381998348867 -0.016810543835163116 -0.005509372382200766 0.0008018519359121878 0.9999845018046165 0.9960383176803589
0.9999820060548632 -0.0008146120024314602 0.005943397494462975 -0.004581701010465622 0.0008203769909157032 0.9999991953573351 -0.0009676085341098496 -0.016808345913887024 -0.005942604486626235 0.0009724669495672964 0.9999818697156202 0.9825250506401062
0.9999836740596718 -0.0007083477180888442 0.005670084446502482 -0.0043563335202634335 0.0007121608104639665 0.9999995216267236 -0.0006705022774732206 -0.016951218247413635 -0.005669606785327386 0.000674529342827869 0.9999837001516902 0.9921486973762512
0.9999831031544666 -0.000842868209436881 0.005751780484732871 -0.004373448900878429 0.0008464606686773357 0.9999994482003071 -0.0006221763555135668 -0.016801457852125168 -0.005751252898231442 0.0006270344986509856 0.9999832648188858 0.9746688604354858
0.9999850437047201 -0.0009235643826128215 0.005390676738581317 -0.0056861815974116325 0.0009285119891713054 0.9999991499743441 -0.0009153775586479781 -0.01718125119805336 -0.005389826746257977 0.0009203691759724381 0.9999850512323797 1.0177357196807861
0.9999928568280625 -0.000973434209343734 0.003652221062548565 -0.009451077319681644 0.000978328931911903 0.9999986254336736 -0.0013386572615816438 -0.018479228019714355 -0.0036509129475554665 0.0013422207728538886 0.9999924346104053 1.1854578256607056
0.9999806279642887 -0.00116909642976238 0.006113665813966474 -0.007254590280354023 0.0011772291503793456 0.9999984268344431 -0.0013268233365861947 -0.0185104813426733 -0.00611210501173226 0.0013339948189290147 0.9999804311236039 1.1257970333099365
0.9999848493385051 -0.0009022953111489743 0.005430189372265912 -0.004934763535857201 0.0009065092961019857 0.9999992898778998 -0.0007736178592262637 -0.01676349900662899 -0.00542948748440143 0.0007785286555495055 0.9999849571662511 0.9813779592514038
0.9999829820144157 -0.0012347176973599666 0.005701855291449575 -0.005148688331246376 0.001240056754483104 0.9999987959482882 -0.0009329315191670733 -0.016589485108852386 -0.005700696519063811 0.0009399862667191762 0.999983309103215 0.9760143756866455
0.9999848487680657 -0.0008274487531588762 0.005442202023984107 -0.0043360949493944645 0.0008316890563551583 0.9999993523323408 -0.0007769351405285774 -0.01652810163795948 -0.005441555625232546 0.0007814495888698867 0.9999848892902921 0.9539687633514404
0.9999858559328474 -0.0009836253229085316 0.005226893482239501 -0.004682763013988733 0.0009885302158191733 0.9999990734540356 -0.0009358948032100021 -0.01613769493997097 -0.005225968069454423 0.0009410485079931198 0.9999859017433409 0.9314498901367188
0.999986295955336 -0.0008851160230516144 0.005159890614450518 -0.004409455694258213 0.0008890234749249344 0.9999993197834659 -0.0007550297123654324 -0.01621967740356922 -0.005159218815711312 0.0007596066292888228 0.9999864026370461 0.9388668537139893
0.9999872586473498 -0.0009544655918476022 0.004956968669720881 -0.00522949080914259 0.0009590106546507899 0.9999991218952528 -0.0009146077236078586 -0.016561632975935936 -0.004956091355380938 0.000919349856037348 0.9999872958964627 0.9600613713264465
0.999986170778223 -0.0010339982996634656 0.005156461948165713 -0.00523744709789753 0.0010392009452691736 0.999998953630572 -0.0010063792309027157 -0.016319546848535538 -0.005155415958188004 0.0010117239135919182 0.999986198955276 0.9578346014022827
0.9999869227290185 -0.0010416382485846172 0.005006931266462681 -0.0051282839849591255 0.0010465266912096898 0.9999989782332832 -0.0009738142913793615 -0.016281981021165848 -0.0050059117883340404 0.000979041443757393 0.9999869910778934 0.9604855179786682
0.9999875817686595 -0.0008735826185535992 0.0049064408563428055 -0.004907695110887289 0.0008780808027945686 0.9999991961373451 -0.0009147123958634666 -0.016318429261446 -0.004905637835388232 0.0009190092882793266 0.9999875449921143 0.9527406692504883
0.9999863873700462 -0.0009568592190759908 0.005129278218134302 -0.004799581598490477 0.0009616202885185352 0.9999991090636434 -0.0009258284616494181 -0.01629810221493244 -0.005128387760775043 0.0009307482766891831 0.9999864165810558 0.9413414001464844
0.9999858615741637 -0.0009042565450865317 0.005240130902741519 -0.004513293970376253 0.0009086739619204684 0.9999992337858198 -0.0008406779430642749 -0.0161769837141037 -0.005239366699146589 0.0008454276277099007 0.9999859170451941 0.933481752872467
0.9999865721115023 -0.0008203096748504425 0.00511690225863844 -0.004665927030146122 0.0008246001490045282 0.9999993102034702 -0.000836437192985491 -0.016377311199903488 -0.005116212591495209 0.0008406453597650431 0.9999865587517153 0.9553300142288208
0.9999866001681915 -0.0008332304716670352 0.005109325889248063 -0.0054084742441773415 0.0008380352001752414 0.9999992086304395 -0.0009383152444425373 -0.016729455441236496 -0.0051085400130293805 0.000942584466120435 0.9999865070857004 0.9950166344642639
0.9999851774161198 -0.0010855876241725642 0.005335395726771501 -0.005261206068098545 0.0010909425889790588 0.9999989040612028 -0.0010008599604452312 -0.016305051743984222 -0.005334303358317738 0.001006665735541907 0.9999852658073408 0.9788282513618469
0.9999910021014161 -0.0009704428203678576 0.004129643681708221 -0.00726054422557354 0.000976789385004935 0.9999983446865285 -0.001535091756319523 -0.016464348882436752 -0.004128147127079876 0.001539111735831728 0.9999902947210847 1.0275514125823975
0.9999843591501049 -0.0013473075561877374 0.005428279423769301 -0.006419580429792404 0.0013534110457348273 0.9999984559621055 -0.0011208710655824174 -0.017179306596517563 -0.005426760884243999 0.0011282002275377935 0.9999846385972893 1.054114818572998
0.9999864017654467 -0.0011580782885653993 0.00508479487022842 -0.0057860566303133965 0.0011636249770995734 0.9999987310989708 -0.0010880153313415927 -0.016352230682969093 -0.005083528411194122 0.0010939173305683449 0.9999864804504942 0.9883133172988892
0.9999862218492285 -0.0009371131992906885 0.005165068301307455 -0.004830176942050457 0.0009435934692463378 0.9999987706373348 -0.0012523398834640496 -0.01571013033390045 -0.005163888367330531 0.0012571963532536433 0.9999858767573965 0.9100252389907837
0.9999863429458987 -0.0009857058161079572 0.005132475594822816 -0.004291520919650793 0.000991283466138586 0.9999989208178541 -0.001084306329762836 -0.015391377732157707 -0.0051314012488911 0.0010893792595301356 0.9999862408923693 0.8693796992301941
0.9999892372692643 -0.0008136215555439155 0.004567643331056584 -0.005151351913809776 0.0008198170024592046 0.9999987463856241 -0.001354668691236503 -0.015359683893620968 -0.004566535417345428 0.0013583987429661123 0.9999886506891653 0.8904687166213989
0.9999923883434263 -0.0008571761569693 0.003806376787197877 -0.007477257400751114 0.0008628107971709405 0.9999985341745374 -0.0014789206553944818 -0.016564933583140373 -0.0038051035121900085 0.0014821935813484485 0.9999916621099643 1.0159389972686768
0.9999690460573323 -0.0011144960934193165 0.007788762780234433 -0.004234835039824247 0.0011252359807036746 0.9999984220907417 -0.0013746490514769047 -0.01680976338684559 -0.007787218449275836 0.0013833706967944625 0.9999687222680211 0.9386030435562134
0.9999961273978548 -0.0004910324394817392 0.0027393569384400805 -0.00925902184098959 0.0004947154851609958 0.9999989744903457 -0.0013439772487667697 -0.0178210511803627 -0.0027386941927760246 0.0013453272463744227 0.9999953448135237 1.1555554866790771
0.999988368241199 -0.001252526252441249 0.0046577419734103 -0.012341846711933613 0.0012642270153339272 0.9999960507684975 -0.0025100154306186106 -0.02033529058098793 -0.004654579718688087 0.002515874677957775 0.9999860025331588 1.298891305923462
0.9999899409720494 -0.001068574844086166 0.0043561568520439214 -0.008234051987528801 0.0010762898739085456 0.9999978559332832 -0.0017691039946361848 -0.016908062621951103 -0.0043542570921277605 0.0017737746866786676 0.9999889470231841 1.0481312274932861
0.9999944156620967 -0.0011858910392186462 0.0031244690853261 -0.010851618833839893 0.001192980659129123 0.9999967160772897 -0.0022681780758089737 -0.017563872039318085 -0.0031217690127556584 0.002271892840725014 0.9999925465027985 1.1400282382965088
0.999996571493618 -0.0009442425354285499 0.002442418277772015 -0.011831897310912609 0.0009490610813246169 0.9999976043541762 -0.0019724525273263774 -0.016811862587928772 -0.0024405499530274527 0.001974763768892049 0.9999950719998494 1.1870813369750977
0.9999889159275015 -0.0014789952618472107 0.00446996590100143 -0.011001684702932835 0.001487241093804505 0.9999971976473774 -0.0018419585557899335 -0.02002577669918537 -0.004467229126604231 0.0018485860563636357 0.9999883132284711 1.307037591934204
0.9999912375288221 -0.0011617860870808258 0.0040218302627512935 -0.01214967854321003 0.0011691613257913467 0.9999976385325148 -0.0018319364584845777 -0.01879284903407097 -0.0040196924470400144 0.0018366225745962668 0.9999902343973912 1.2464179992675781
0.9999984413617927 -0.0008907470842146719 0.0015244158282572743 -0.01584847830235958 0.0008958415965292407 0.9999940057735358 -0.00334453058467815 -0.019484099000692368 -0.001521427559697205 0.003345891006874356 0.9999932451129613 1.359798789024353
0.9999966063870694 -0.0009521743890158255 0.002424990366428116 -0.015119630843400955 0.0009594070629485635 0.9999950901858633 -0.002983143016132817 -0.019637223333120346 -0.0024221379877974003 0.0029854594453852376 0.9999926101124288 1.378579020500183
0.9999916104242362 -0.0014491132056363 0.00383133815522399 -0.013220449909567833 0.0014584978895075408 0.9999959405335711 -0.00244779498419322 -0.0194254033267498 -0.003827775469999087 0.0024533624468451305 0.9999896645204167 1.3437583446502686
0.9999935071078052 -0.0012541090630103634 0.0033783061864479987 -0.013394961133599281 0.001264202972723453 0.9999947386483721 -0.002987384544574651 -0.01936117559671402 -0.0033745419059591983 0.0029916360125325373 0.9999898312387445 1.2913485765457153
0.9999592661788019 -0.001531315260630316 0.008895001783271099 -0.00834361370652914 0.0015544048474896706 0.999995439250071 -0.0025894602966255566 -0.021122921258211136 -0.008890995935323326 0.00260318125190318 0.9999570858985138 1.2081997394561768
0.9999763741090336 -0.0012868049340784512 0.006752433399295823 -0.008644566871225834 0.001304499819046102 0.999995725388187 -0.0026167700655255794 -0.01920543983578682 -0.006749037262632581 0.0026255167901488292 0.9999737782350158 1.2010494470596313
0.9999839014055999 -0.0016465400012176683 0.0054300861558686355 -0.008711403235793114 0.0016562529420955038 0.9999970358042343 -0.0017847153658736917 -0.018152931705117226 -0.005427131454789545 0.001793680230636386 0.9999836643442747 1.142533779144287
0.9999869673559271 -0.0012560170361512084 0.004948488607752318 -0.00723608024418354 0.0012624059512922144 0.9999983734704379 -0.0012881722294804372 -0.017017638310790062 -0.004946862592623585 0.001294402442658594 0.9999869264509442 1.067000150680542
0.9999911249607666 -0.0012498235535210909 0.00402342401265151 -0.008748219348490238 0.001256706857834402 0.9999977504549903 -0.0017087342779092693 -0.01724822446703911 -0.004021279345430861 0.0017137753773741882 0.9999904460975525 1.086195945739746
0.999985888888279 -0.0005171044524193758 0.005287213567095908 -0.008575729094445705 0.0005318736648428992 0.9999959599137831 -0.0027923585938098437 -0.01805715262889862 -0.005285748265235638 0.002795131320182499 0.9999821238933123 1.0454127788543701
0.9999903068217318 -0.0013100850922988265 0.004203562730530873 -0.009083773009479046 0.001316832876357666 0.9999978483489316 -0.0016028876077120691 -0.01722525805234909 -0.004201453766771139 0.0016084074602381387 0.9999898803546402 1.1601874828338623
0.9999966685146735 -0.0011978489454201658 0.0022865076991671553 -0.015946216881275177 0.001205815296967281 0.9999931973148344 -0.0034858762921732935 -0.020133689045906067 -0.002282316591534704 0.003488621784987865 0.9999913102367527 1.3864706754684448
0.9999968090366472 -0.0010985577318641047 0.0022748818502700296 -0.014861803501844406 0.0011048380041450534 0.9999955772992779 -0.002761288624591784 -0.01988789439201355 -0.002271838354179974 0.002763793189344095 0.9999936000783699 1.3922522068023682
0.9999989822620864 -0.001227007457162463 0.0007279611882581709 -0.019873160868883133 0.0012299344720531978 0.9999911065696595 -0.004034109912048655 -0.020964067429304123 -0.0007230048312409559 0.004035001150941804 0.999991597979566 1.5314064025878906
0.9999834458366916 -0.001725061916953907 0.005489281734354096 -0.013484803959727287 0.0017402513314640465 0.9999946671939774 -0.00276353196285086 -0.02116548642516136 -0.005484485197334005 0.0027730389447384297 0.999981115160247 1.3916782140731812
0.9999908686721793 -0.0011623974060150921 0.004112347812480602 -0.008116718381643295 0.0011683024352541096 0.9999982896193871 -0.0014338157902355794 -0.01727168820798397 -0.004110674115045356 0.0014386071635574971 0.9999905163389046 1.1126803159713745
