0.9999987773430123 -0.00099999660314954 0.0012022143213190947 -0.01640378311276436 0.001003807543617195 0.9999944605515955 -0.0031735211578158814 -0.019471419975161552 -0.0011990341513370513 0.0031747240694928467 0.9999942417055143 1.3365366458892822
0.9999899634731707 -0.0017198830271897135 0.00413702251621672 -0.01330782100558281 0.0017296046441292845 0.9999957488985013 -0.0023474779446816976 -0.020663533359766006 -0.00413296754184034 0.0023546097975132405 0.9999886871320094 1.3996772766113281
0.9999832514250702 -0.0010685301835225212 0.005688155464772296 -0.008309020660817623 0.0010785117013150727 0.9999978836312899 -0.0017520118295068937 -0.01822168566286564 -0.005686271349016336 0.0017581172280331458 0.9999822875141127 1.1101617813110352
0.9999896060363931 -0.001220720093345194 0.004392910382992269 -0.007656981237232685 0.0012277012381935765 0.9999979873439708 -0.001586838894559928 -0.016681361943483353 -0.0043909644554512095 0.001592215582530681 0.9999890920808535 1.0377774238586426
0.99999339098739 -0.0011560087812794513 0.003446973344666546 -0.008692184463143349 0.0011611910132115284 0.9999981981249197 -0.0015017930432950262 -0.0172331053763628 -0.0034452310477054602 0.0015057857123964718 0.9999929314712263 1.1137961149215698
0.9999889343369763 -0.0012628843600333566 0.004531702405504223 -0.008132698945701122 0.0012694157173846151 0.9999981594011286 -0.0014386723365378338 -0.017542891204357147 -0.0045298771876648635 0.0014444090309346127 0.9999886968837279 1.0925893783569336
0.9999857963626988 -0.0011119884486017878 0.005212538206005979 -0.006675100885331631 0.0011164597738938028 0.9999990112709277 -0.0008549706076969336 -0.017216332256793976 -0.005211582334778262 0.0008607780532314091 0.9999860491380421 1.0395827293395996
0.999984460271125 -0.0008877391796105145 0.005503738312827399 -0.005289027467370033 0.0008933592452076764 0.9999990820164767 -0.0010187617302906832 -0.01643078401684761 -0.005502828865783644 0.0010236627145145743 0.9999843353718703 0.9541617631912231
0.9999882187089618 -0.0009148492554967322 0.0047671264004242415 -0.00573880597949028 0.0009189484610914295 0.9999992098811407 -0.0008577708438178369 -0.0163034088909626 -0.0047663379028099135 0.0008621414816393799 0.9999882692987264 0.9965212345123291
0.9999893860040833 -0.0012067420416662508 0.004446532673989733 -0.008215832524001598 0.0012133597118271758 0.9999981599583755 -0.00148587956187371 -0.01735994964838028 -0.004444731418848364 0.00149125903435805 0.9999890101941652 1.101689100265503
0.9999853076915011 -0.0014514942307012337 0.005222792895787172 -0.007796669378876686 0.0014582473956540065 0.9999981054247955 -0.0012894422642297954 -0.017671838402748108 -0.0052209113828059015 0.0012970394434845794 0.999985529781814 1.105111837387085
0.9999850212596668 -0.001273667183882444 0.005323065677663996 -0.006711022928357124 0.0012793243900176363 0.9999986203909792 -0.001059502356650148 -0.017266441136598587 -0.005321708880531656 0.0010662964143905663 0.9999852711048037 1.059496521949768
0.9999844233978138 -0.0014007837677991297 0.0054028480061397 -0.006988437846302986 0.0014066785476768513 0.9999984194019179 -0.001087404767826358 -0.017328135669231415 -0.005401316247460706 0.0010949879001414698 0.9999848132768283 1.05413818359375
0.9999811853333092 -0.0010358081126142888 0.00604616249733057 -0.005983177572488785 0.0010433560409843538 0.9999986802391413 -0.0012453626570974098 -0.016857124865055084 -0.006044864561098592 0.0012516475261804701 0.9999809463139328 0.9794255495071411
0.9999856526461809 -0.0007951163719240308 0.005297385368929653 -0.004927715752273798 0.0007987476436546204 0.9999994474808499 -0.00068340339250938 -0.01629720814526081 -0.005296839056796778 0.0006876248615600693 0.9999857352322863 0.9724762439727783
0.9999883077494366 -0.0011700411205230157 0.004692053728840165 -0.006594290025532246 0.0011749527487434379 0.9999987645891689 -0.0010441772714243644 -0.016670389100909233 -0.004690826201881486 0.001049678004068027 0.9999884470960809 1.0330820083618164
0.9999863900638476 -0.001254264352624558 0.005064238146882183 -0.006517002359032631 0.0012596607979148847 0.999998642120524 -0.0010625496611821295 -0.016863994300365448 -0.005062898552094227 0.0010689144222140146 0.9999866121504875 1.013868808746338
0.9999853897333061 -0.0012566914840790074 0.005257475291576596 -0.005574672482907772 0.0012621560552647786 0.9999986666228684 -0.0010362019963477938 -0.016117114573717117 -0.005256166095154678 0.001042822611434947 0.9999856425164219 0.9483361840248108
0.9999869809846423 -0.0007866610047611396 0.005041728442157735 -0.004414789844304323 0.0007915492789490735 0.999999218559902 -0.0009676411135859731 -0.01577206701040268 -0.005040963296818304 0.0009716192923645015 0.9999868222356688 0.9239209890365601
0.99999453547367 -0.0022053227253891724 -0.0024628387027109786 -0.02289154939353466 0.0021901911267606907 0.9999788137450284 -0.0061298551299313235 -0.017129316926002502 0.00247630483320365 0.006124427545703247 0.9999781794127361 1.7294234037399292
0.9999801346002041 -0.0003450353414065309 0.006293755283695921 -0.004549161996692419 0.00035619385132010207 0.9999983667207804 -0.0017719147022211706 -0.017234716564416885 -0.0062931336310419785 0.0017741212993609725 0.9999786242528973 1.0420180559158325
0.9999855881688374 -0.0011006257393898367 0.00525471955544249 -0.006370282731950283 0.00110478037457685 0.9999990794065566 -0.0007878111217818952 -0.017691340297460556 -0.00525384763278371 0.000793605079019778 0.9999858835383779 1.0580623149871826
0.9999857571653711 -0.0012322900726701967 0.005192969052167274 -0.006689545698463917 0.0012368239423238125 0.9999988567195461 -0.0008699575488531816 -0.017659910023212433 -0.0051918910750961625 0.000876367946647146 0.9999861380270663 1.0709421634674072
0.999987966198694 -0.0011358029393380117 0.00477256843665301 -0.005047429818660021 0.0011405893881694417 0.999998849220917 -0.001000306297749865 -0.015871534124016762 -0.004771426793647858 0.0010057378011757915 0.9999881109182389 0.9451942443847656
0.9999920262831632 0.00018041028189101635 0.0039893385696348855 -0.005024602171033621 -0.0001772121739328348 0.9999996626937323 -0.0008020026599673862 -0.0155223049223423 -0.003989481913531945 0.0008012893056647943 0.9999917209504836 1.203575849533081
0.9999848636556624 -0.0011294877320879772 0.005384859982328345 -0.006403068080544472 0.001134554862730302 0.9999989164381956 -0.0009380339536393494 -0.017522767186164856 -0.005383794649656828 0.0009441291743124993 0.999985061576058 1.066964864730835
0.9999888803616981 -0.0010807587881464331 0.004590328245255662 -0.0053323181346058846 0.001086759289008432 0.9999985580782924 -0.0013049120980688745 -0.01532653532922268 -0.004588911331143974 0.0013098861697784577 0.9999886129806764 0.9420908689498901
0.9999914162865883 -0.0011096429848237522 0.003991997694103413 -0.007606407627463341 0.00111501703742775 0.9999984748865273 -0.0013442327275618783 -0.016630135476589203 -0.003990499987437837 0.0013486723344956837 0.9999911284570402 1.0824017524719238
0.9999864563799953 -0.0014055524333505011 0.005011135493764272 -0.00896452646702528 0.0014123141340061606 0.9999980967548665 -0.0013460517938346914 -0.018530666828155518 -0.005009234009970789 0.001353110860905952 0.9999865382422063 1.1975446939468384
0.9999868695345459 -0.001516245098918599 0.004895075004440539 -0.009125396609306335 0.0015230225320557015 0.999997886465761 -0.0013811105595231555 -0.01836879551410675 -0.004892970556414973 0.001388547734426531 0.9999870653035083 1.1916680335998535
0.9999875883277638 -0.0014074891197648203 0.004779347737999676 -0.008148103952407837 0.0014133276570537847 0.9999982589280495 -0.0012184604235528844 -0.017707504332065582 -0.0047776244470223725 0.0012252000847622667 0.9999878365207228 1.115429401397705
0.9999900788018635 -0.0013112404890055758 0.0042571053807103345 -0.008287263102829456 0.0013173373059281984 0.9999981103415795 -0.001429662789746027 -0.017050057649612427 -0.004255222704499766 0.0014352566495114993 0.999989916508204 1.118150234222412
0.9999877260060137 -0.0014660630362259312 0.004732704987194686 -0.007682126015424728 0.0014726988855200069 0.99999793705218 -0.0013989458092718446 -0.01708914339542389 -0.004730644281130592 0.0014058984879795307 0.9999878221529137 1.0887348651885986
0.9999908390244867 -0.0013273443369751095 0.0040694009527084485 -0.007401720620691776 0.0013338276461009662 0.9999978449914679 -0.001590885360537934 -0.016003305092453957 -0.004067280530440589 0.0015962986659698941 0.9999904544842694 1.0290454626083374
0.9999903056039039 -0.001282815685725562 0.004212253806128024 -0.006865736097097397 0.0012888530831808285 0.9999981457007618 -0.0014308922976931041 -0.015876900404691696 -0.004210410424264936 0.0014363074023615676 0.9999901046835938 1.0077680349349976
0.999992329170438 -0.0011446116234566535 0.0037458596495037345 -0.008582950569689274 0.0011508107713958814 0.9999979712857628 -0.0016531965784300693 -0.016796421259641647 -0.0037439597822054036 0.0016574946726736698 0.9999916177031482 1.108617901802063
0.9999893428211906 -0.001291767389629632 0.0044323335901861605 -0.007902560755610466 0.0012981589089457583 0.9999981213854611 -0.0014394474620855145 -0.017035378143191338 -0.004430465832249229 0.0014451859949740438 0.9999891411460173 1.0906469821929932
0.9999897770645111 -0.0012568190090338704 0.004343520743298824 -0.007837379351258278 0.0012628218203119812 0.9999982510612948 -0.001379548984717674 -0.01684342697262764 -0.0043417793033593945 0.001385019974449015 0.9999896152821541 1.0781680345535278
0.9999878654348038 -0.0012657799552916221 0.004760964634359258 -0.0056635914370417595 0.0012713311454278261 0.9999985154165195 -0.0011631345046298168 -0.015708666294813156 -0.004759485293968542 0.0011691731531202798 0.9999879900948184 0.9457253217697144
0.9999916091289315 -0.0010933041484006722 0.003947956150841209 -0.00627470575273037 0.0010982123675164395 0.9999986265800132 -0.0012412766342682377 -0.015199024230241776 -0.003946593635745768 0.0012456019131473059 0.9999914364006063 0.9240875244140625
0.9999912269273389 -0.0009460583607643409 0.004080568824717196 -0.00595694687217474 0.0009509052507400176 0.9999988445659106 -0.001186021099211373 -0.015447760000824928 -0.00407944206471192 0.001189890928483522 0.999990971115249 0.9312845468521118
0.9999899513921942 -0.0009652202171934843 0.004377837887549933 -0.005667782388627529 0.0009697707090383376 0.9999989916366517 -0.001037434553011392 -0.015606708824634552 -0.00437683212029408 0.0010416696271907087 0.9999898790812728 0.9607588052749634
0.9999934290863661 -0.0010591865756680082 0.003466973880562353 -0.009907624684274197 0.0010646012444879673 0.9999982160228204 -0.0015603125861823788 -0.017902567982673645 -0.0034653150334149384 0.0015639932782109875 0.9999927727322556 1.1805126667022705
0.9999813585211317 -0.001404924224917244 0.005942120678197694 -0.007827399298548698 0.0014119806781838146 0.99999830281444 -0.0011835027688862037 -0.018198391422629356 -0.005940447861606018 0.0011918708662293984 0.9999816450930696 1.150240421295166
0.9999894934798269 -0.0010191423515937242 0.004469259315191119 -0.005417025648057461 0.0010244253452517265 0.999998779141946 -0.001179943782333241 -0.015401436947286129 -0.004468051328178812 0.0011845098077470728 0.9999893166698554 0.9038637280464172
0.999977052906081 -0.0005128337776470689 0.006755047208228604 -0.001732946839183569 0.0005214247677721393 0.9999990574951659 -0.001270088576111811 -0.013466477394104004 -0.006754389497241523 0.0012735816801918098 0.9999763778271081 0.7190397381782532
0.9999852483983277 -0.00035037401140318485 0.0054203527363813585 -0.0013649356551468372 0.00035293486528428054 0.9999998265613083 -0.00047150221014271806 -0.013236826285719872 -0.0054201865941617185 0.0004734082861927345 0.999985198621399 0.7271900773048401
0.9999938925585592 -0.00044755878436530684 0.0034661991741505305 -0.00571652315557003 0.00045020799125295325 0.9999996071483219 -0.0007635548218523006 -0.014102213084697723 -0.0034658560767805045 0.0007651106690534163 0.9999937012038219 0.9420709609985352
0.999983642601212 -0.001236975390963598 0.005584301379237231 -0.005492019467055798 0.001242802169251585 0.999998686845991 -0.0010400716619769835 -0.01654195785522461 -0.0055830075031387824 0.0010469948309779107 0.9999838667843818 0.989670991897583
0.9999878656989892 -0.000840340217673479 0.0048540996176869335 -0.00449302326887846 0.0008449642791928439 0.9999991911617155 -0.0009506373027417844 -0.015759602189064026 -0.004853296832747413 0.0009547273082071901 0.999987766927986 0.9338438510894775
0.9999842824435692 -0.0009184480097093956 0.005530941969778334 -0.0045366170816123486 0.000922943506686301 0.9999992458000293 -0.0008102929443496267 -0.01646195352077484 -0.005530193586400045 0.0008153849555014143 0.9999843759310797 0.9667545557022095
0.9999857953941419 -0.0010268783213455953 0.005230155911546858 -0.005346344783902168 0.0010328016646346475 0.9999988282529259 -0.001129961723912964 -0.01666625775396824 -0.005228989449928734 0.001135347386983785 0.9999856842253513 0.9916625618934631
0.9999816998280875 -0.000751403052351015 0.006002949473536426 -0.004131442401558161 0.0007569453108303147 0.9999992893618147 -0.0009210372751026297 -0.01682969555258751 -0.006002253137391464 0.0009255643244173021 0.999981557973924 0.9886350035667419
0.9999878686500637 -0.00048589242587317025 0.00490167943193414 -0.004258290398865938 0.0004937202036062704 0.9999986047111753 -0.0015958747016070792 -0.015680404379963875 -0.004900897169245452 0.0015982753996597666 0.9999867132730732 0.93974769115448
0.9999898600889144 -0.0006864356226668133 0.004450676969792267 -0.004925081972032785 0.000695094037500776 0.99999786854011 -0.0019441603627834265 -0.015301484614610672 -0.00444933294242363 0.0019472342881947562 0.9999882057879456 0.9206270575523376
0.999988514970002 -0.0005832206724565435 0.004757077016147841 -0.00437548104673624 0.0005904870557150138 0.9999986609762125 -0.0015262276432839491 -0.01561380922794342 -0.00475618051879612 0.0015290191069147567 0.9999875203458508 0.9390976428985596
0.9999867693653389 -0.0005804661899743183 0.005111179245015783 -0.0043837400153279305 0.000588747347045199 0.9999985163507041 -0.0016188492677393354 -0.015851348638534546 -0.005110231974551709 0.0016218370425568783 0.9999856274836021 0.941241443157196
0.9999862999263651 -0.000630452818034144 0.0051963919042152355 -0.004333248361945152 0.0006386921561369828 0.9999985413782203 -0.0015840813620704765 -0.01586037687957287 -0.005195385636086115 0.0015873785547886085 0.9999852439898382 0.9232535362243652
0.9999901679824243 -0.00046901040070624055 0.004409531463337016 -0.00465712184086442 0.0004780027867319426 0.9999978080665602 -0.0020384737943745673 -0.015192899852991104 -0.0044085657325264194 0.0020405615203920517 0.9999882002588145 0.929297149181366
0.9999861161013303 -0.0006917809753954281 0.005223891620139076 -0.004182100296020508 0.0007008600162228504 0.9999982469342117 -0.001736353576051976 -0.01560415793210268 -0.005222681285942923 0.0017399906854605085 0.9999848479015069 0.908724308013916
0.9999899704573603 -0.0007515569535129229 0.004415217642791927 -0.004860471934080124 0.0007601237671015964 0.9999978313692318 -0.0019389349375447675 -0.015186646021902561 -0.004413750847780377 0.0019422716027813482 0.9999883731246452 0.9035487174987793
0.9999899251328115 -0.0009575511256955709 0.004385513506527459 -0.005173048935830593 0.0009651229604418248 0.9999980468592685 -0.0017247652940652744 -0.015481758862733841 -0.004383853390053508 0.0017289804770624826 0.9999888961663347 0.9135966300964355
0.9999845490696108 -0.0011424386378471386 0.0054402624942188 -0.004688522312790155 0.001148682245723973 0.9999986851170772 -0.0011446803986185049 -0.015772104263305664 -0.0054389476137951835 0.001150911845180535 0.9999845465059842 0.8732269406318665
0.9999701475845378 -0.0010551368167333653 0.007654451388291951 -0.0023227683268487453 0.0010641309232469537 0.9999987481458256 -0.0011710389233512675 -0.015496214851737022 -0.007653206199753172 0.0011791493034335773 0.9999700185714492 0.8016500473022461
0.999986972145254 -0.0010803417257675928 0.0049888276701156005 -0.005649996921420097 0.0010841388526234288 0.9999991246717156 -0.0007584845090312153 -0.016662023961544037 -0.004988003880790181 0.00076388320951142 0.9999872680688124 0.9664689898490906
0.9999789325788964 -0.001111559172743859 0.006395219665998703 -0.0043803006410598755 0.0011168914089627916 0.999999031599121 -0.000830273690269568 -0.016060156747698784 -0.00639429057452605 0.0008373989644474877 0.9999792056893098 0.9063308835029602
0.9999833826970584 -0.0011308030848860113 0.00565292969456914 -0.003467931877821684 0.001132931547296544 0.9999992885430161 -0.00037333573484538574 -0.015473718754947186 -0.0056525035035521675 0.00037973391339800767 0.9999839523743856 0.8801683783531189
0.9999861176437087 -0.001148535691517979 0.005142507717829588 -0.004697715397924185 0.0011526307052871652 0.9999990209679582 -0.0007934138782446879 -0.015579044818878174 -0.005141591418992447 0.0007993302760882903 0.9999864624627625 0.9021598100662231
0.999987248473759 -0.0010775739391944276 0.004933733301101286 -0.00488777831196785 0.001081521640548021 0.9999990971146104 -0.000797546804344178 -0.01564347930252552 -0.004932869430853924 0.0008028725737390073 0.9999875110194171 0.9144090414047241
0.9999866118862732 -0.0012086114678095537 0.005031431857026574 -0.0053527625277638435 0.0012133768081716493 0.999998818129742 -0.0009441693920007347 -0.0158489141613245 -0.005030284776572179 0.0009502617740807494 0.9999868965329634 0.9337618350982666
0.9999856228870992 -0.0012685118464105544 0.00521007646736172 -0.005236422643065453 0.0012732751573836594 0.9999987743924637 -0.000911034546196642 -0.01588745415210724 -0.005208914423738397 0.0009176553090840757 0.9999860124618044 0.936130940914154
0.9999894627806273 -0.0010984058703417553 0.004457334658312066 -0.005905437283217907 0.0011059131754719588 0.9999979736721831 -0.0016821437440990687 -0.015196377411484718 -0.0044554779497275815 0.001687055444107536 0.9999886512156864 0.8791838884353638
0.9999867426449329 -0.0009422370342967521 0.005062284439598124 -0.0034727598540484905 0.0009479777069748927 0.9999989102637925 -0.0011317285425689327 -0.014162463136017323 -0.0050612125664979 0.0011365124716369098 0.9999865461428759 0.7844477891921997
0.9999499181461704 -0.0015797283091604976 0.009882593684663685 0.0011237773578613997 0.0015817517242751528 0.9999987296387096 -0.0001969326012784387 -0.004382831044495106 -0.009882270030193985 0.00021255454812971474 0.9999511465864791 0.48921915888786316
0.999960369018746 -0.00035690144482650816 0.008895673850348569 0.0005287672393023968 0.0003573838940191715 0.999999934752648 -5.264457904049878e-05 -0.006329862400889397 -0.008895654481003087 5.5821663244735804e-05 0.9999604313248082 0.46733489632606506
0.9999680516907616 -0.0007211982292966379 0.007960871239786862 0.001785313244909048 0.0007253016252151946 0.9999996056044113 -0.0005125705557138029 -0.010675162076950073 -0.00796049843507719 0.0005183282127995287 0.9999681803940209 0.610754132270813
0.9999998548353074 -0.00010111373919487456 0.0005292498237824409 -0.012283379212021828 0.00010185920248988474 0.9999990026069661 -0.0014086908021266515 -0.014462600462138653 -0.000529106857917981 0.0014087445065994527 0.999998867741783 1.0998072624206543
0.999989095121523 0.00010638134234144755 0.0046688672124733915 -0.008380240760743618 -9.760814867276741e-05 0.99999822940382 -0.001879271633993041 -0.018009191378951073 -0.004669058865233989 0.0018787954212792387 0.999987334928337 1.2023513317108154
0.9999819737616475 -0.000700415427166944 0.005963352244237941 -0.004935236647725105 0.0007100481656786095 0.9999984464511982 -0.0016133588541634668 -0.0165492445230484 -0.005962212958448196 0.0016175640386945302 0.9999809175695398 0.9388401508331299
0.9999799987493914 -0.0008984488296508705 0.006260582310593468 -0.0025788708589971066 0.0009048662344589622 0.9999990680675771 -0.0010222920693070197 -0.014393969438970089 -0.006259657999040597 0.0010279366117280535 0.9999798798116176 0.8108713626861572
0.99998250295206 -0.0003429694872061325 0.0059056042590150916 -0.0017480915412306786 0.0003483257577556079 0.9999995289379533 -0.0009059762900188247 -0.013845265842974186 -0.005905290754885454 0.0009080175121867718 0.999982151363362 0.7819104194641113
0.9999962090520457 0.0014607390110737278 0.002334121479022768 -0.008904444053769112 -0.0014711973727383537 0.9999888591085944 0.004485224295623408 -0.02012844756245613 -0.00232754373272681 -0.004488641245759131 0.99998721723827 0.8844155073165894
0.9999914132926582 -0.002709984927253986 -0.003135175058256821 -0.01989040896296501 0.0026926953854331955 0.9999812173991933 -0.005505836938031572 -0.014162913896143436 0.0031500369066292267 0.00549734758960922 0.9999799280170406 1.330933690071106
0.9999932959816551 0.00143605528250887 0.0033683433571054 -0.005575316026806831 -0.0014442746313645034 0.9999959826334263 0.00243901369353256 -0.014568422921001911 -0.0033648272667366795 -0.002443862155200408 0.9999913527002277 0.9076235294342041
0.9999985602939149 0.0014661148504119122 0.0008543520016469027 -0.015200210735201836 -0.0014722563845058197 0.9999727592000426 0.007232794687522994 -0.030379001051187515 -0.0008437246207135748 -0.0072340420996135114 0.9999734780301252 0.9739112854003906
0.999996602854863 -0.00021926801756213835 0.0025973448500025255 -0.0048944344744086266 0.00022567240062496032 0.9999969346784675 -0.002465705910361885 -0.013304628431797028 -0.0025967962378585733 0.002466283683048594 0.9999935870264838 0.7983500957489014
0.9999898322850425 -7.486731300297888e-05 0.004508849234379228 -0.0033333641476929188 7.7775457696907e-05 0.9999997890828374 -0.0006448141277105911 -0.012789065018296242 -0.004508800007884412 0.0006451582492372301 0.9999896271928638 0.8060182332992554
0.9999876897649097 -0.0008229747777463183 0.004893161672589893 -0.0038553206250071526 0.0008282935629028657 0.9999990682909675 -0.0010850562062642878 -0.014821529388427734 -0.004892264139696771 0.0010890958232829518 0.9999874397320575 0.8385741114616394
0.999994138966653 -0.0008797369546863655 0.003308790599701229 -0.010068698786199093 0.0008844959376147122 0.9999985762092622 -0.0014370965119153017 -0.016905616968870163 -0.003307521621766837 0.001440014700888576 0.9999934933080228 1.1273068189620972
0.9999868520690263 -0.0013488181499508609 0.004947360779008233 -0.00918019749224186 0.0013569142861601482 0.9999977452865969 -0.001633464215216723 -0.01857020892202854 -0.0049451463779467955 0.0016401558830617979 0.9999864276158852 1.1851385831832886
0.9999840256530557 -0.0009603632470462703 0.005570111412078351 -0.00487641803920269 0.0009663308696070947 0.9999989619642571 -0.0010687726882298702 -0.015827756375074387 -0.005569079220094389 0.0010741381858887858 0.9999839156625462 0.9192430973052979
0.9999828434935247 -0.0010736592030724413 0.005758469807228046 -0.002587162423878908 0.0010778734480396798 0.9999991535334551 -0.0007287806277591226 -0.014387313276529312 -0.00575768247084799 0.0007349750261361126 0.9999831543102494 0.7992159128189087
0.999995566955721 -0.00042488182126450616 0.0029471247587956008 -0.005407988093793392 0.00042826225436710615 0.9999992510743263 -0.0011464912681023996 -0.011902326717972755 -0.0029466354283201506 0.0011477483279489454 0.999994999994214 0.8157698512077332
0.9999867460576606 -0.0009687517327469472 0.0050566025246346355 -0.003966304007917643 0.0009720620264933462 0.9999993148447167 -0.0006522311812427334 -0.015298375859856606 -0.005055967209989721 0.0006571378679055329 0.9999870025982308 0.871424674987793
0.999984883333446 -0.0009883522275347617 0.005408906032551544 -0.003763818647712469 0.0009926761753162722 0.9999991898624289 -0.0007967863560780449 -0.014953620731830597 -0.005408114145023649 0.0008021436034774236 0.9999850543218304 0.8443250060081482
0.999982361167773 -0.0006840824856697968 0.005899947836879197 -0.0020941076800227165 0.0006893835561240912 0.9999993605120252 -0.0008965075865364048 -0.014041023328900337 -0.005899330778795285 0.0009005591002102302 0.9999821932862949 0.7551891207695007
0.9999896361341457 -0.0006686102576936441 0.004503397009176755 -0.003527724649757147 0.0006717747548613814 0.999999528507882 -0.0007012151543213602 -0.014064567163586617 -0.004502926046215531 0.000704233155443449 0.999989613802406 0.8276258707046509
0.9999880151620928 -0.0008619467289175358 0.00481939622927873 -0.0035949083976447582 0.0008659066250225564 0.9999992892043572 -0.0008196319278457172 -0.014635599218308926 -0.0048186863246137655 0.0008237952518134595 0.9999880507403517 0.8383949995040894
0.999988925999762 -0.0009721057466188768 0.004604659407592717 -0.004223768599331379 0.0009770307898105983 0.999998952980656 -0.0010674494964684606 -0.014672672376036644 -0.0046036169126355015 0.0010719365695502916 0.9999888287692581 0.852557897567749
0.999989643174586 -0.0009996315976207057 0.004440076602183689 -0.004273722413927317 0.0010044569806803296 0.999998907264667 -0.0010846822787781078 -0.014346675015985966 -0.004438987467675859 0.0010891309108509357 0.9999895545375066 0.8436685800552368
0.9999892364812616 -0.0009660597276363708 0.004538022722042704 -0.004247486591339111 0.0009707085273296237 0.9999990062928823 -0.0010223200099290463 -0.014655133709311485 -0.004537030590386876 0.0010267141035219653 0.9999891805472554 0.8596951961517334
0.9999888633431918 -0.0009321966873645787 0.0046264672188639855 -0.004291103221476078 0.0009371269979529521 0.9999989952504705 -0.0010636216616277533 -0.01468608621507883 -0.004625471065833646 0.001067945403774276 0.9999887321915351 0.8603454828262329
0.9999880919946079 -0.001012472396660627 0.00477396780774884 -0.004043441265821457 0.0010175079728318996 0.9999989284725296 -0.001052488155591729 -0.014483584091067314 -0.004772897077105842 0.0010573331728635244 0.9999880506786333 0.8330901861190796
0.9999945858742127 -0.0006063684643450077 0.003234275737586332 -0.005130229517817497 0.0006092700134168749 0.9999994127941785 -0.0008962150124625728 -0.01327526941895485 -0.003233730401879961 0.0008981807074637963 0.999994368113693 0.8632498979568481
0.9999875007594886 -0.0010545370986689334 0.004887358826568073 -0.005318961106240749 0.0010588148875649293 0.9999990585900692 -0.0008727714532782585 -0.01613849774003029 -0.004886433855683796 0.0008779353525843944 0.9999876759209041 0.9579367637634277
0.9999866891165466 -0.0011768541131673483 0.005023604694207467 -0.005524676293134689 0.0011817527007025907 0.9999988290876528 -0.0009722571048267752 -0.016007594764232635 -0.005022454607233832 0.000978180821640408 0.9999869089703118 0.953076958656311
0.999986466043831 -0.0011016131173885546 0.00508470035590637 -0.005231948569417 0.0011058561888509081 0.9999990426431034 -0.000831742127177094 -0.01617896743118763 -0.005083779229995835 0.0008373538177726324 0.9999867269255749 0.9620834589004517
0.9999856690792714 -0.0011578878862184333 0.0052269428660225445 -0.005098889581859112 0.0011622429364010285 0.9999989799525645 -0.0008302320080796386 -0.016164029017090797 -0.005225976218707973 0.000836295087515551 0.9999859947934712 0.9485741853713989
0.9999869300304984 -0.0011583887825925923 0.0049797493518515005 -0.005006392020732164 0.001163071004002362 0.9999988842172757 -0.0009374593553940506 -0.015541104599833488 -0.004978657853131779 0.0009432389049072048 0.9999871615507618 0.9107290506362915
0.9999884033772208 -0.0010370708215205597 0.004702934741983689 -0.004707732703536749 0.0010416337420275602 0.9999989891005462 -0.0009678827577835304 -0.015115313231945038 -0.004701926224822777 0.0009727702691260979 0.9999884727374508 0.8922747373580933
0.9999882292551705 -0.0010001920992207983 0.004747732813971804 -0.004529896192252636 0.0010047927169867213 0.9999990279144982 -0.0009667272905452231 -0.015012241899967194 -0.004746761285771466 0.0009714863987986443 0.9999882621668479 0.8830082416534424
0.9999822179268325 -0.0010923100115899623 0.005862652042513601 -0.002533246763050556 0.0010991669305848602 0.9999987155554858 -0.0011664987944235623 -0.013753826729953289 -0.005861370333950689 0.0011729220849073067 0.9999821341362011 0.7821452021598816
0.9999908418867083 -1.0498793348425786e-05 0.004279723412540509 -0.0044194171205163 1.5417264368980478e-05 0.9999993395295056 -0.0011492183694003222 -0.012937265448272228 -0.004279708520503298 0.0011492738263555755 0.9999901815841251 0.7802082300186157
0.9999868319396299 -0.0011029075775466173 0.005011939965505171 -0.004324763547629118 0.0011078987965492343 0.9999988930579403 -0.0009931984447990143 -0.014943080954253674 -0.005010839011487245 0.000998738088558094 0.9999869469221243 0.8700821399688721
0.9999883353466764 -0.00095271922994331 0.004735134280224814 -0.004114449955523014 0.0009575221843223003 0.9999990293419847 -0.0010121592536948693 -0.014829374849796295 -0.004734165380444012 0.001016681443327127 0.9999882769497818 0.8488500118255615
0.9999855401230985 -0.0008132731168693275 0.005315837803428739 -0.003411713056266308 0.0008185026519760946 0.9999991831947569 -0.0009816635002588023 -0.014451516792178154 -0.005315035100889978 0.0009860003328650108 0.9999853889958693 0.8125940561294556
0.9999837827388203 -0.0006615026295123083 0.005656560229600192 -0.0010547647252678871 0.0006629718614579464 0.9999997469860863 -0.0002578683277413383 -0.014051836915314198 -0.005656388217834881 0.0002616142860881844 0.9999839682866394 0.7642651796340942
0.9999880363440737 -0.0009415712223716218 0.004800063786728584 -0.004476853646337986 0.0009458548687208239 0.999999156430885 -0.0008902224922955851 -0.015244864858686924 -0.00479922152966277 0.0008947520056828372 0.9999880833747758 0.8855358362197876
0.9999869795978148 -0.001064901876000763 0.004990653147006837 -0.005192349664866924 0.0010693616544727327 0.999999031253539 -0.0008910430042083049 -0.01589881256222725 -0.004989699438962485 0.0008963682155762088 0.9999871496291993 0.9380369186401367
0.9999869088665418 -0.0010386323550011115 0.005010323180186472 -0.004716228693723679 0.001043386269772421 0.9999990079269536 -0.0009463034401289412 -0.015340102836489677 -0.005009335348209324 0.0009515187543576436 0.9999870005012212 0.8958301544189453
0.9999873555331397 -0.0009781812721824745 0.004932741148391263 -0.004642156884074211 0.0009825482163720166 0.9999991274969686 -0.0008829520395018505 -0.015601960010826588 -0.004931873157410382 0.0008877875310612243 0.9999874441514048 0.9079498052597046
0.999987073108314 -0.001091357923176966 0.004966140770371803 -0.005055463407188654 0.0010962265614797315 0.9999989211453966 -0.000977750156868366 -0.01555897481739521 -0.004965068337247385 0.000983181533018521 0.9999871906432002 0.9143044948577881
0.9999909535064092 -0.0009569011091801675 0.004144544077467653 -0.006303842179477215 0.0009615517372938847 0.9999989102158656 -0.0011202612810845814 -0.015927955508232117 -0.00414346758154683 0.001124236340206062 0.9999907838420573 0.980573296546936
0.9999887111820082 -0.0009807087860312239 0.004649270784040473 -0.006180900149047375 0.0009862452545815739 0.9999988071769058 -0.001188682069935564 -0.01615806110203266 -0.004648099487333127 0.001193253972368051 0.9999884855917659 1.0103853940963745
0.9999869373625928 -0.0010694251944803781 0.004998143048721883 -0.005094227381050587 0.0010762012333321788 0.9999985052942728 -0.0013532184323945733 -0.015131239779293537 -0.004996688412083605 0.0013585797635062632 0.9999865935931036 0.905048131942749
0.9999939794397664 -0.0006459676840753382 0.003409370905464103 -0.005815966986119747 0.0006493655284405674 0.9999992935459989 -0.000995606304367301 -0.014169740490615368 -0.0034087253674017033 0.0009978142381992534 0.9999936924591653 0.9491680860519409
0.9999893995022695 -0.001048622036751887 0.0044834445368446265 -0.006848303601145744 0.0010547910966348293 0.9999985000142986 -0.0013738212750843046 -0.016435714438557625 -0.004481997192478315 0.0013785358092747156 0.9999890056096565 1.0479929447174072
0.9999923921324435 -0.0009148062115577504 0.003791939718516307 -0.007969912141561508 0.0009207400250100861 0.9999983540095041 -0.0015633988899013411 -0.016748016700148582 -0.0037905032700039447 0.001566878386440912 0.9999915884531642 1.0808069705963135
0.9999931751228774 -0.0008791626536128142 0.0035884231487683382 -0.009062569588422775 0.000885451361469073 0.9999980744836013 -0.0017512866629963094 -0.01750660315155983 -0.003586876573370844 0.0017544520848426324 0.9999920280753889 1.150667428970337
0.9999919591125154 -0.001002631824557349 0.003882839133638631 -0.009574261493980885 0.0010097181249322392 0.9999978276551144 -0.0018235005786958064 -0.018027517944574356 -0.003881002399060598 0.0018274064891822563 0.9999907991606232 1.1803017854690552
0.9999944394721028 -0.00038437296090497306 0.0033125944970146186 -0.009593556635081768 0.00039049853395260297 0.9999982148553344 -0.001848728492575221 -0.01867220550775528 -0.0033118779823096225 0.0018500117759635277 0.9999928044344414 1.2170194387435913
0.9999867366616589 -0.001113290371845277 0.005028626583233098 -0.00970466434955597 0.0011228726903432678 0.9999975586185427 -0.0019031326477819649 -0.0185531135648489 -0.005026495567184284 0.0019087539133499963 0.9999855453959376 1.192075490951538
0.9999905686186723 -0.0010983376856175831 0.004201943363825226 -0.0101200882345438 0.001106745374733827 0.9999973893471601 -0.0019991031838499634 -0.01799478381872177 -0.00419973670364559 0.0020037348109283298 0.9999891735706079 1.1519477367401123
0.9999917165354713 -0.0009441872009124276 0.003959213428351146 -0.009678760543465614 0.0009519476197445098 0.9999976287109703 -0.001958664893628077 -0.017539948225021362 -0.0039573546935883375 0.001962417632896087 0.9999902440828426 1.126310110092163
0.9999943205415514 -0.0007568247165576175 0.003284219997141905 -0.008923170156776905 0.0007627495630845219 0.9999980834167134 -0.001803157232222709 -0.017502333968877792 -0.0032828490286995627 0.0018056520286340257 0.9999929812368716 1.1272292137145996
0.9999802020696383 0.00014434685853873086 0.006290837205764053 -0.0053693512454628944 -0.0001345394838603203 0.9999987751020017 -0.0015593888620383345 -0.018722889944911003 -0.0062910545930136294 0.0015585116233755246 0.9999789966162426 1.2364633083343506
0.9999947845423052 0.00040966928032244417 0.003203600984722641 -0.009539319202303886 -0.0003979710540851243 0.9999932545286079 -0.0036513718412152047 -0.018201075494289398 -0.0032050752297982273 0.003650077857179081 0.9999882021426092 1.3457894325256348
0.9999929064729696 -0.0005912508734332784 0.0037198691035494006 -0.010491686873137951 0.0005986469679275404 0.9999978457936068 -0.0019874682270864187 -0.01900932937860489 -0.00371868599785841 0.001989681017286755 0.9999911062324 1.235968828201294
0.9999896300241805 -0.0011026932087383698 0.004418587080707091 -0.011417536064982414 0.001111981943326125 0.9999971761336424 -0.0021002906699897177 -0.019260384142398834 -0.0044162586269495116 0.0021051822790750163 0.9999880323620436 1.277036428451538
0.999994086137687 -0.001037627724916622 0.003278874556369053 -0.013255439698696136 0.001045607349004069 0.9999964939160617 -0.0024328709080853987 -0.01990697532892227 -0.0032763386460542628 0.0024362849357544257 0.9999916650256581 1.3495718240737915
0.9999947180076214 -0.0009802757201249532 0.0030988734034182565 -0.010963492095470428 0.0009865827233135772 0.9999974439653841 -0.0020343837466604005 -0.019335845485329628 -0.003096871225598299 0.0020374302960225036 0.999993129109596 1.2836754322052002
0.9999918045393099 -0.0012123853338456808 0.003862767921727863 -0.011755689978599548 0.0012205137985088655 0.9999970446022781 -0.002102648990506208 -0.01911274716258049 -0.0038602072849140317 0.0021073463198779674 0.9999903288988379 1.2798570394515991
0.9999828811983896 3.9571898312309e-05 0.005851131876190775 -0.004970639478415251 -3.05889304755181e-05 0.9999988209054004 -0.0015353345324802391 -0.01715257577598095 -0.005851185733254771 0.0015351292695268079 0.9999817033344366 1.1149718761444092
0.999977694563376 0.0004945379516175998 0.006660766317036449 -0.003776811994612217 -0.000493018152025636 0.9999998520597836 -0.00022981190784933657 -0.018541961908340454 -0.006660878982351404 0.00022652290309369065 0.9999777904426465 1.1854779720306396
0.9999861915012108 0.0006135419924026526 0.005219231085826297 -0.004714317619800568 -0.0006033340917916944 0.9999979027261535 -0.0019571743069970757 -0.017936034128069878 -0.005220420948293237 0.0019539983413110096 0.9999844644271254 1.1597963571548462
0.999980235969593 -7.589981053755371e-05 0.0062866453229389815 -0.004212233703583479 8.524877408553644e-05 0.9999988909890483 -0.0014868602222927387 -0.017577560618519783 -0.0062865254985713 0.0014873667647489852 0.9999791334509253 1.0649445056915283
0.9999829267717246 -0.0009934045393204737 0.005758412322583065 -0.006192457862198353 0.0009985332314977806 0.9999991073381416 -0.0008878368688183367 -0.017868973314762115 -0.005757525201092359 0.0008935716766415696 0.9999830260725516 1.085740089416504
0.9999850360007135 -0.0007355803830821103 0.0054209497462391594 -0.005974775180220604 0.0007397909382159723 0.999999426232002 -0.0007747548219180196 -0.01784878596663475 -0.005420376741422977 0.0007787535979862095 0.9999850064170034 1.0875442028045654
0.9999831838498892 -0.0005393339956716893 0.005774178407343887 -0.006100110709667206 0.0005441722649024165 0.9999995021753655 -0.0008363764506897506 -0.01861531473696232 -0.005773724446562597 0.0008395045337996817 0.9999829795242281 1.1662626266479492
0.9999838373119462 -0.00037921072751597845 0.005672857666070051 -0.006544872187077999 0.0003860660791450146 0.9999991965670672 -0.0012074014257020384 -0.018430981785058975 -0.005672395248736333 0.0012095720087661264 0.9999831802923976 1.1773666143417358
0.9999754335544608 0.000773337954169288 0.006966651704824145 -0.0049779536202549934 -0.0007767978709189975 0.9999995763003026 0.0004939476517525545 -0.02170879952609539 -0.006966266764589454 -0.0004993471974262102 0.9999756105924487 1.3676611185073853
0.9999930693313204 0.0005186961195185729 0.003686766016516792 -0.008584273979067802 -0.000508374370048869 0.9999959505967021 -0.0028000617310680815 -0.019345946609973907 -0.003688203468468644 0.002798168067416777 0.9999892836479006 1.417561650276184
0.9999868695395886 0.0005936789523614124 0.005090019028960238 -0.005547115579247475 -0.0005817517206953046 0.9999970826275142 -0.002344419202268142 -0.017581727355718613 -0.005091396011814669 0.0023414272916361493 0.9999842975791614 1.1424484252929688
0.9999793067427671 -0.00011062990664345472 0.0064322505609195986 -0.0038265595212578773 0.0001130204352207218 0.9999999246869121 -0.0003712849997974807 -0.01728239841759205 -0.006432209001262081 0.000372004292459317 0.999979243934678 1.1322922706604004
0.9999816380632571 0.00026785441642623663 0.006054072211026897 -0.0029945685528218746 -0.00025799450703655407 0.9999986393063452 -0.0016293631553864082 -0.01624274253845215 -0.006054500405406387 0.0016277713197475705 0.9999803464995556 0.9745519757270813
0.9999794912216923 0.0012935237203522828 0.0062724741840938176 -0.004200357012450695 -0.001295722526786223 0.9999991005209242 0.00034649743970600996 -0.02016284130513668 -0.006272020339477235 -0.00035461771956585026 0.9999802678088873 1.2200168371200562
0.9999990178015506 0.0005171895532953682 0.0013026553268051086 -0.013795791193842888 -0.0005120806305138512 0.9999921887344678 -0.00391921465051578 -0.020898105576634407 -0.0013046721282928225 0.003918543736508133 0.9999914713864431 1.670312762260437
0.9999685684966023 -0.0038766674508344014 -0.006916174400033554 -0.03055614046752453 0.003816943184943351 0.9999554945964015 -0.008627848584027964 -0.016513651236891747 0.006949313892676952 0.00860117875303379 0.9999388615112823 1.9593708515167236
0.9999873092872902 -0.0006395909812973836 0.004997218000223835 -0.008188622072339058 0.0006461352561152229 0.9999989357187973 -0.0013080789361797694 -0.01907244324684143 -0.004996376046288247 0.0013112912144582272 0.9999866582818766 1.2116551399230957
