0.9999959456392096 -0.00016511974330897633 -0.002842787472443026 -0.004394902847707272 0.0001630561937939106 0.9999997230913797 -0.0007261059437729627 -0.026441873982548714 0.00284290657967772 0.000725639465772473 0.9999956956555088 1.328216314315796
0.9999475992541003 0.0002615106131184123 -0.010233785133582808 -0.01261906512081623 -0.0002542371292470381 0.9999997141904746 0.0007120270016658898 -0.02245626039803028 0.0102339684112873 -0.0007093878827662087 0.9999473799452591 1.03403902053833
0.9999728124216734 0.00017486028286249318 -0.007371827546150461 -0.00947081483900547 -0.00017587069333403586 0.9999999752301223 -0.00013641573928099848 -0.02373630926012993 0.007371803509856436 0.0001377085188890822 0.9999728184052683 1.0856249332427979
0.9999530732681041 0.0006812338907611506 -0.009663704365292779 -0.01462895330041647 -0.0006712133874877459 0.9999992338039843 0.001040126931189174 -0.014891217462718487 0.009664405530717216 -0.001033591713688828 0.9999527643613508 0.8329131007194519
0.9999187655731372 0.0008067476196356144 -0.012720511505876346 -0.01781293749809265 -0.0007926777109691505 0.9999990685773593 0.0011110834620505646 -0.011587373912334442 0.012721396021642158 -0.0011009099378794939 0.9999184737170168 0.6170874238014221
0.9999598329108891 0.0004410851629604575 -0.008951983506796168 -0.014428379945456982 -0.0004306544726986594 0.9999992262346079 0.0011670762232764708 -0.015088853426277637 0.008952491360067268 -0.0011631741334850846 0.9999592491318751 0.7296637296676636
0.999965504459961 0.00045535012268964516 -0.008293524365520168 -0.012848613783717155 -0.0004479708592838014 0.9999995021874354 0.0008915979983475079 -0.014979232102632523 0.00829392622615747 -0.000887851984956544 0.9999652106481545 0.8104036450386047
0.9999360245036856 0.00057126176768649 -0.011296927005062568 -0.01559544075280428 -0.0005584008846883877 0.999999192511687 0.0011415622743125057 -0.014126439578831196 0.011297570013808786 -0.0011351810282655454 0.9999355360601084 0.6714751720428467
0.9999040126922055 0.0009775888162022715 -0.013820626691009497 -0.016462290659546852 -0.000943703162803439 0.9999965335133219 0.0024581264573392343 -0.011548740789294243 0.013822981818924695 -0.0024448479392781444 0.9999014690919238 0.4867122173309326
0.9999237569147463 0.0009582133118762392 -0.01231105944865286 -0.015775814652442932 -0.0009486476611312876 0.999999243635652 0.0007828127100891026 -0.02016621083021164 0.012311800238565922 -0.0007710741682808968 0.999923909614883 0.84356290102005
0.9999565887861025 0.0008490099954111894 -0.00927899376489735 -0.013197376392781734 -0.0008415338054867806 0.9999993181954818 0.0008095859594182071 -0.022115059196949005 0.009279674785009167 -0.0008017422273748923 0.9999566214817946 1.0555424690246582
0.9999443441376407 0.00030248612032140717 -0.010545953218686892 -0.014416700229048729 -0.0002912951241440901 0.9999993929238346 0.001062684860642093 -0.017438888549804688 0.010546268263910672 -0.0010595537312477023 0.9999438252079945 0.8598617911338806
0.9998868258625604 0.0018033832184794524 -0.014935972531492044 -0.01787351444363594 -0.0017856719942787682 0.9999976868112586 0.00119906115821171 -0.023418178781867027 0.01493810034853919 -0.0011722547076425895 0.9998877331865201 0.9941716194152832
0.9999975073549393 0.0017836974979438308 -0.0013430216467767465 -0.0016793198883533478 -0.0017865146742034033 0.9999962004968009 -0.0020993706867720257 -0.03021105006337166 0.0013392719017204513 0.0021017647816657923 0.9999968944629656 1.3024107217788696
0.9999823092616099 -0.00016294849971892835 -0.005945974403279194 -0.008127739652991295 0.00016419623954133135 0.9999999646042865 0.00020935859338320318 -0.02697589620947838 0.005945940078148492 -0.0002103311963125254 0.9999823006220535 1.1883296966552734
0.9999465564847803 0.0012688975853013707 -0.010260315450730422 -0.014195435680449009 -0.001260729597317624 0.9999988832731229 0.0008025044485883691 -0.024571096524596214 0.010261322288717395 -0.0007895260765631058 0.9999470395543265 1.1340980529785156
0.9999907913064333 0.0012968920089030857 -0.004090889078221356 -0.00583617202937603 -0.0013001295239965234 0.9999988436995122 -0.0007888363957597193 -0.024757016450166702 0.004089861312306326 0.000794147817277067 0.9999913211441838 1.0987133979797363
0.9999567059940402 0.00076873538651725 -0.009273358801095857 -0.01476855855435133 -0.000757545190349088 0.9999989808234728 0.0012101558990427362 -0.00993205327540636 0.009274279639569038 -0.0012030785181878795 0.9999562692134322 0.6215097308158875
0.9999917009690666 0.0018800179215478542 -0.0036143499564065874 -0.007918404415249825 -0.0018776298146250465 0.9999980167971835 0.0006640090203854195 -0.0193648561835289 0.0036155911372759684 -0.0006572170985153816 0.9999932477604103 0.8864092826843262
0.999984947295262 0.0003521626710672158 -0.005475505852897484 -0.008984852582216263 -0.00035118119240531916 0.9999999220981737 0.000180209368976946 -0.01934623345732689 0.005475568889358308 -0.00017828376166408095 0.9999849930675151 1.0165889263153076
0.9999710459902531 0.0005420568127174664 -0.007590346208902134 -0.012319712899625301 -0.0005352614020307498 0.999999454198039 0.0008972730106709863 -0.015340877696871758 0.007590828439024589 -0.000893184211665814 0.9999707903461849 0.8259661793708801
0.9999655272822203 0.0004989049172277138 -0.008288265263314712 -0.012116219848394394 -0.0004896136360734793 0.9999992495659017 0.0011230076229422885 -0.02517683617770672 0.00828881931754301 -0.001118910862125125 0.9999650211446419 1.1047724485397339
0.9999438793889768 0.0004939864625886752 -0.010582724124640027 -0.012385942973196507 -0.00048457633445578676 0.9999994849901108 0.0008917428380259535 -0.03069595992565155 0.010583159183322545 -0.0008865646552081329 0.9999436037821396 1.3208949565887451
0.9999377713786841 0.000757925724591645 -0.011130090692655754 -0.013074181973934174 -0.0007477832918890217 0.999999301435219 0.000915395664513838 -0.029803629964590073 0.0111307767194887 -0.0009070158048464992 0.999937639621567 1.2801026105880737
0.9999497816910973 0.0006976804878937053 -0.009997366546423475 -0.011882973834872246 -0.0006955243670251259 0.9999997341108341 0.00021914405260981473 -0.029194653034210205 0.009997516780761566 -0.0002121796355269672 0.9999500010690637 1.2406208515167236
0.9999691466603259 0.0006591015823434965 -0.007827599409999586 -0.01061901357024908 -0.0006530202658619396 0.9999994830208158 0.0007794373825570623 -0.027979275211691856 0.007828109091705811 -0.0007743017532629649 0.9999690601037828 1.252535104751587
0.9999811288962457 0.000483964742602466 -0.006124347272805528 -0.008316360414028168 -0.00048154753295172206 0.999999805585793 0.0003961569758384751 -0.02349359355866909 0.006124537808154252 -0.000393200335598922 0.9999811675377354 1.1332567930221558
0.999958537672482 0.00030374662393330875 -0.00910113585767954 -0.01301343273371458 -0.0002933315277447016 0.9999993006796003 0.0011456862245906461 -0.014353273436427116 0.00910147749139238 -0.001142969071687824 0.9999579274795389 0.7673027515411377
0.9999579786482788 0.00025395274674911344 -0.009163866304710543 -0.012420699000358582 -0.00024570148730515524 0.9999995634397901 0.000901527042430071 -0.016023479402065277 0.009164091249399839 -0.0008992375834646019 0.9999576045029814 0.7761405110359192
0.999976337477118 0.00028695422981696853 -0.0068732920146662765 -0.010000962764024734 -0.00028579483118613746 0.9999999447678378 0.0001696633004930887 -0.016826972365379333 0.006873340320641219 -0.00016769493450033397 0.9999763642562985 0.8299977779388428
0.9999716972995794 0.0002893242254376215 -0.0075180377287947416 -0.012090766802430153 -0.0002837506168236464 0.9999996841483673 0.0007424208737035783 -0.016027597710490227 0.007518250154554481 -0.0007402666133451546 0.9999714635528132 0.7717669606208801
0.9999749498671664 0.00029237372516401284 -0.00707206870461121 -0.010711081326007843 -0.00028888192035516903 0.9999998358787114 0.0004947623532401405 -0.01719483733177185 0.0070722121994464685 -0.0004927069665891991 0.9999748702114724 0.8858137130737305
0.9998805069511122 0.0003509636363599 -0.015454728846301096 -0.021168123930692673 -0.0003332373310830859 0.9999992837517723 0.0011495428759125692 -0.012663768604397774 0.015455121224626833 -0.001144255420936145 0.9998799077426567 0.5896490812301636
0.9999729225426695 5.615924282655377e-05 -0.007358738180711376 -0.012842492200434208 -4.6075926779907905e-05 0.999999059922092 0.0013704130550475475 -0.007138553075492382 0.007358808224283712 -0.0013700368870649168 0.9999719850778054 0.5786910057067871
0.9999291480306665 0.0005752974971206847 -0.011889825543526931 -0.01569073274731636 -0.0005599872212816714 0.9999990099076798 0.0012909678432721338 -0.013170626014471054 0.011890556462071069 -0.0012842182252904481 0.9999284801677429 0.5906113982200623
0.999735674747122 0.0003869174386974982 -0.02298762564538011 -0.02977645769715309 -0.0003425364832011134 0.9999980700874143 0.0019345516804616014 -0.010708942078053951 0.022988329793053295 -0.0019261662291537457 0.9997338778779997 0.5076584815979004
0.9998501325832866 0.0013094116255245904 -0.01726261319670874 -0.02570698782801628 -0.0012796134624442784 0.9999976725335334 0.0017371001418480438 -0.010240474715828896 0.017264847597675836 -0.0017147503348937357 0.9998494810063753 0.4719592034816742
0.9999008064368101 0.000916124407673202 -0.01405482134665417 -0.019419485703110695 -0.0008975720585769182 0.9999987177117595 0.0013262500654891859 -0.013987261801958084 0.01405601833437771 -0.0013135032950904622 0.999900346563435 0.6030824780464172
0.9999254427054051 0.0008093641627000888 -0.012184168418561887 -0.017204102128744125 -0.0007959704432199098 0.9999990737170968 0.0011040815196154692 -0.013886641710996628 0.012185050736589669 -0.0010943009643479657 0.9999251607215143 0.6367260217666626
0.9999457899860696 0.000993705254577061 -0.01036482701265634 -0.015491809695959091 -0.0009816834444073483 0.9999988396648042 0.001164889119421339 -0.014588143676519394 0.010365972542421725 -0.001154650991683477 0.9999456052177725 0.6574224829673767
0.9991362362510254 -4.957037198808807e-05 -0.0415545298723701 -0.052765537053346634 0.00011628216717865885 0.9999987084528932 0.0016029881482709436 -0.008059739135205746 0.041554396742018454 -0.0016064355960080806 0.9991349515836603 0.41953569650650024
0.9990585833377468 -0.00010794350723647523 -0.043381279457552414 -0.05468191206455231 0.0002346724528495868 0.9999957203443206 0.0029161999046306733 -0.00916711613535881 0.04338077901576789 -0.002923634936708049 0.9990543330423739 0.3698900043964386
0.9995610283779353 -0.0002475118028516464 -0.029625821270501108 -0.03930619731545448 0.00032516784158037913 0.999996524249901 0.002616439181729158 -0.01123578567057848 0.029625070698970978 -0.002624924003535096 0.9995576346364707 0.46898800134658813
0.9993991183395947 -0.000263641937838251 -0.034660247474150224 -0.04525021091103554 0.00033769558520217816 0.9999976729903891 0.002130721825699057 -0.009288054890930653 0.03465960507179011 -0.0021411461265846044 0.9993968817589598 0.45956480503082275
0.9991179391921615 -0.0003856864581091099 -0.041990413553150883 -0.053881749510765076 0.0004953740099125652 0.9999964925341839 0.002601830878561546 -0.007809031754732132 0.041989262782274585 -0.002620336865054654 0.9991146258791906 0.40396273136138916
0.9989964421380277 -0.00037811779838038776 -0.04478800757449015 -0.05705994367599487 0.0004970509000406984 0.999996380141658 0.002644360789161302 -0.007426159456372261 0.04478684556836759 -0.002663968939577378 0.9989930138562151 0.3835994601249695
0.9999691738046301 -8.988936315211269e-05 -0.007851328574699154 -0.013906523585319519 0.00011721461243767816 0.9999939381081405 0.0034799436356117513 0.009006313979625702 0.00785096817087717 -0.003480756652625368 0.9999631226359825 0.08453881740570068
0.9999521707435498 0.0018508846447913396 -0.009603668637256629 -0.013378379866480827 -0.0018441660350271003 0.9999980486112746 0.0007083962718835396 -0.014544114470481873 0.009604961056547984 -0.0006906516303040997 0.9999536327867545 0.7298874258995056
0.9998004652081927 0.0004282677874468892 -0.019971138079337165 -0.02747829258441925 -0.00040432213469910114 0.9999991946145107 0.0012030353034790224 -0.012272489257156849 0.019971637216139992 -0.0011947204828995975 0.9997998331415517 0.6060461401939392
0.9999509092151805 0.0010527351741671151 -0.009852456972079331 -0.016016744077205658 -0.0010408928350800904 0.9999987298231301 0.0012070187372595859 -0.019386446103453636 0.009853715128796967 -0.00119670413189231 0.9999507348851647 0.8798235654830933
0.999971576751462 -4.313624680081204e-08 -0.007539608026485179 -0.010827761143445969 6.727697471043949e-07 0.9999999965130162 8.350757439120898e-05 -0.018443085253238678 0.007539607996592485 -8.351027325485251e-05 0.9999715732646063 0.8816667795181274
0.999939361884058 0.0006319724667034947 -0.010994233293148007 -0.016395479440689087 -0.000619728639206654 0.9999991840895968 0.0011170302388126753 -0.014586764387786388 0.010994930255194093 -0.0011101490629656606 0.9999389376745669 0.7001159191131592
0.9999676793464686 0.0006850485806751733 -0.008010678553050618 -0.013083018362522125 -0.0006800173122212733 0.9999995698482761 0.0006307770745702196 -0.02166718617081642 0.008011107220183085 -0.0006253092873442229 0.999967715053542 0.9727166295051575
0.9999814249415702 9.808554124454905e-05 -0.006094271987154103 -0.00893617607653141 -9.883697194052008e-05 0.9999999875511151 -0.0001230000919023426 -0.021841399371623993 0.006094259846756626 0.0001236001465578409 0.9999814221873944 1.049558162689209
0.9999769941040028 0.00028854300548338506 -0.006777020411445596 -0.010806153528392315 -0.0002867934183406728 0.9999999252992776 0.00025913505069725967 -0.02024042420089245 0.00677709467680363 -0.00025718548421327115 0.9999770021572338 0.9665027856826782
0.9999400263493631 0.000997194274899861 -0.01090638840374856 -0.016339458525180817 -0.000986256953926385 0.9999990054461241 0.0010081686286047304 -0.015015662647783756 0.01090738289674228 -0.000997351663646196 0.999940015344922 0.7815727591514587
0.9999447312920504 0.0004912822250538446 -0.010502047564378657 -0.015866296365857124 -0.0004812483046710895 0.9999994253840484 0.0009579309172314897 -0.014424529857933521 0.010502512144167067 -0.0009528238810414569 0.999944393136595 0.6890515089035034
0.9991608497870893 5.160955187571208e-06 -0.04095846952836986 -0.05435185506939888 6.809931270662035e-05 0.9999984005447796 0.001787252183239267 -0.007833477109670639 0.040958413241060365 -0.0017885416538135734 0.9991592513225944 0.4426766037940979
0.999870983326472 0.0006688532986018673 -0.01604896685209286 -0.024854037910699844 -0.0006443868432412798 0.9999986225274735 0.0015296106538673175 -0.012698281556367874 0.016049967830213355 -0.001519071565501858 0.9998700370319277 0.607682466506958
0.9998686554495354 0.00020846204353816355 -0.016205813559163208 -0.02275872975587845 -0.0001842771671282244 0.9999988672458145 0.001493837010217599 -0.011949723586440086 0.01620610661027594 -0.001490654441453334 0.9998675612589261 0.5887345671653748
0.9996330501341236 1.5094687152984675e-05 -0.027088094279578673 -0.035714857280254364 5.2813430728337584e-05 0.9999968580341506 0.002506218779081436 -0.010211043991148472 0.027088047000299924 -0.0025067297376273915 0.9996299085240158 0.4880414605140686
0.9989577161350742 0.0001422938234762551 -0.04564494634310074 -0.058086443692445755 -1.1586207511182209e-05 0.9999958991795324 0.002863824344938725 -0.007179449312388897 0.045645166665886326 -0.0028603105752118456 0.9989536212374712 0.404614120721817
0.9999542339239824 0.001036765640621729 -0.009510792527855189 -0.015359901823103428 -0.0010244866422611481 0.9999986356112741 0.0012958405418562729 -0.018415290862321854 0.00951212303438661 -0.0012860375564174228 0.9999539317502493 0.7796463966369629
0.9999698612278641 0.0005016826593716778 -0.007747577068699299 -0.01205125730484724 -0.0004978007636791863 0.9999997496094237 0.0005029666881805303 -0.016750045120716095 0.007747827458444714 -0.0004990947796006615 0.9999698605828453 0.836461067199707
0.9999591438015528 0.0014573555153021564 -0.008921145810214743 -0.015392451547086239 -0.0014440692780739823 0.9999978389834207 0.0014955575576921327 -0.020682908594608307 0.008923306090525896 -0.001482613702306017 0.9999590873955915 0.8686983585357666
0.9999958978067999 -0.0002939963827067201 -0.0028491991329530468 -0.003815482370555401 0.0002894740682006275 0.9999986980147274 -0.0015875054689484874 -0.025713663548231125 0.0028496621442031344 0.001586674187430218 0.9999946809311973 1.264857292175293
0.999717633886051 0.0021155459013327952 -0.023668057858962508 -0.025708477944135666 -0.0020551068294041223 0.99999456612438 0.0025776457539562563 -0.015621704049408436 0.023673382377589803 -0.0025282775267968884 0.9997165492176029 0.7459146976470947
0.9993896592043591 0.002637419548922547 -0.03483321824807049 -0.045675646513700485 -0.0022231334026954247 0.9999264018245693 0.011926802255582746 0.02990550547838211 0.03486211056818806 -0.011842083950593957 0.9993219692843935 -0.36532413959503174
0.9999485443517281 0.0008009812275057134 -0.010112718622260732 -0.016763700172305107 -0.0007830159161934496 0.9999981086343214 0.0017803409377775015 -0.005473724566400051 0.010114125515081535 -0.0017723309095431872 0.9999472802644207 0.49557262659072876
0.9993850859717094 0.00017950674596897768 -0.03506305341306432 -0.04399506375193596 -9.051298460493199e-05 0.9999967709181934 0.00253967726019192 -0.008519468829035759 0.03506339608079725 -0.0025349419154035184 0.9993818751232018 0.4215841293334961
0.9990832937097149 0.00010832665205815452 -0.04280841617583901 -0.05204079672694206 -1.3088888999059522e-05 0.9999975245588809 0.0022250179305508414 -0.005154699087142944 0.042808551234868555 -0.0022224179280103578 0.9990808219557239 0.2721114456653595
0.9994478583466895 -0.00041902521154072543 -0.03322352877235793 -0.043161045759916306 0.0005103934695784392 0.999996111354112 0.002741673788126719 -0.01304721925407648 0.03322225074738035 -0.0027571170679502673 0.9994441857156164 0.4459892213344574
0.9992021561879683 -9.860368208074793e-05 -0.03993796873438771 -0.050127264112234116 0.00021310943110668928 0.9999958793491707 0.002862842826504219 -0.009775218553841114 0.03993752187711981 -0.002869069882866815 0.9991980598381492 0.3880883753299713
0.9996460062485081 -5.362323408938901e-05 -0.026605625644901466 -0.03621181473135948 0.00011013302327968757 0.9999977413911133 0.0021225181717521237 -0.010742521844804287 0.026605451736910167 -0.0021246969715704163 0.9996437543448435 0.49500516057014465
0.9996613491668297 -9.872753611267324e-05 -0.02602262928352961 -0.033283330500125885 0.00016028838152528242 0.9999971938697364 0.002363590550010806 -0.008315425366163254 0.026022322909170652 -0.00236696124323266 0.9996585598117412 0.4291689693927765
0.9999533635646853 0.0005424166250358771 -0.009642431222304827 -0.015557429753243923 -0.0005256598660634597 0.9999983475797953 0.001740264170695012 -0.006581893190741539 0.009643359237174794 -0.001735114371872742 0.9999519963481943 0.5009552240371704
0.9998919559899353 0.0006250071379702558 -0.01468624229333261 -0.021024929359555244 -0.0006001526283791452 0.9999983804893594 0.0016967131403881211 -0.01139006856828928 0.014687278966630777 -0.0016877158337831478 0.99989071175395 0.5700727701187134
0.9997915951803744 0.00037362563521821867 -0.020411433329552458 -0.027552712708711624 -0.0003332129089593103 0.999997977799623 0.0019832714947355494 -0.01112438552081585 0.020412133054616314 -0.0019760568183216512 0.9997896978983186 0.5323541164398193
0.9999687755060647 0.0005886287243189546 -0.007880452342764986 -0.012802286073565483 -0.0005824392835558188 0.9999995201552391 0.0007876888806138596 -0.019924793392419815 0.007880912217672172 -0.0007830744004105682 0.9999686385167791 0.889704167842865
0.9999917426943028 0.00014707656484965948 -0.004061146598553125 -0.007074913941323757 -0.00014729770254575262 0.9999999876854201 -5.415298851786871e-05 -0.023997019976377487 0.004061138583906283 5.475073892375648e-05 0.9999917520438649 1.1717818975448608
0.9999774422030399 0.0003661379185856305 -0.006706789700783669 -0.010174242779612541 -0.0003631574401426465 0.9999998347743584 0.00044560961544113487 -0.02076132223010063 0.006706951747227138 -0.00044316394289059465 0.9999774099468347 1.0600872039794922
0.9999658236519688 0.0004988716787257584 -0.008252433282830979 -0.012407602742314339 -0.0004944000775141482 0.9999997298795519 0.0005438836148633201 -0.017152898013591766 0.00825270238181198 -0.0005397850232528981 0.9999658001829491 0.8360041379928589
0.9996682076769412 0.0007132860491563767 -0.02574812193120728 -0.03604339435696602 -0.0006633278413905462 0.9999978811726538 0.0019487550841707473 -0.009936659596860409 0.02574945739519718 -0.0019310290560538093 0.9996665626951008 0.5398939847946167
0.9999660921580326 0.00039639904222442033 -0.008225411964886511 -0.012608731165528297 -0.00039085473668685653 0.9999996953698534 0.0006756424902282719 -0.01543489657342434 0.008225677283214073 -0.0006724046394218102 0.9999659424726588 0.7353296279907227
0.9998036251798265 0.0013464256853108205 -0.019771146025226217 -0.030337322503328323 -0.0013059318026782797 0.9999970236151026 0.002060898605593555 -0.0037178732454776764 0.019773862025503176 -0.0020346741286307465 0.9998024077195385 0.535423219203949
0.9999450548316683 0.001834067799765321 -0.010321022865860308 -0.014147834852337837 -0.0018322512273254074 0.999998304228599 0.00018545987710523164 -0.02025696262717247 0.010321345509753653 -0.00016653898016783916 0.999946719626419 0.8241286277770996
0.9999574885289075 0.0004575116851460312 -0.009209333201561242 -0.012568308971822262 -0.00044660597295171175 0.9999991967077353 0.0011862238358124222 -0.025098558515310287 0.009209868515041202 -0.0011820604644773973 0.9999568895982435 1.0855958461761475
0.999959642286517 0.00011608812722205164 -0.008983335781762145 -0.010682269930839539 -0.00011233077298454145 0.9999999060102241 0.00041876167505637275 -0.029470767825841904 0.008983383550679036 -0.00041773566974032805 0.9999595613408033 1.2241111993789673
0.9999855211692433 -8.558234704906774e-05 -0.005380532272799196 -0.005784573033452034 8.444863543329552e-05 0.9999999741878363 -0.00021093305767243533 -0.031251460313797 0.005380550186062161 0.00021047562500004963 0.9999855025847658 1.3376364707946777
0.9999749258465138 0.00047751838133070184 -0.007065384239696231 -0.010018672794103622 -0.00047574772296502964 0.999999855007194 0.00025228891167073075 -0.03379065543413162 0.007065503687859074 -0.00024892124527592813 0.999975008035626 1.4405478239059448
0.999974130008025 -0.00045516394575843806 -0.0071785890309858935 -0.007411665748804808 0.0004540466163352387 0.9999998845528862 -0.0001572764582681936 -0.029623420909047127 0.007178659788811829 0.00015401297546789995 0.9999742212295474 1.2535943984985352
0.9999791934395776 0.00039761560127569246 -0.006438523880962162 -0.010095903649926186 -0.000395684109164371 0.999999876337958 0.0003012609415684709 -0.018720917403697968 0.0064386428708115735 -0.0002987070517783152 0.9999792271102834 0.9771190881729126
0.9999563701294214 0.0001945170224971062 -0.009339164883403675 -0.013505716808140278 -0.00018738279496578283 0.9999996900047963 0.000764773168505119 -0.01723417639732361 0.009339310749706979 -0.0007629898027322567 0.9999560965968862 0.7823850512504578
0.999953611052261 0.000968719383285209 -0.009583179341949891 -0.01571238972246647 -0.0009577813964226389 0.9999988847867438 0.0011458970570388989 -0.01910068467259407 0.009584278707351656 -0.0011366653091879045 0.999953423712142 0.8611534237861633
0.9999776056767932 8.841547439824095e-05 -0.0066918104883014005 -0.009920465759932995 -8.762426254226083e-05 0.9999999891364396 0.00011852893666310798 -0.021209008991718292 0.00669182089539668 -0.00011793991732868104 0.999977602560817 1.021902322769165
0.999983766083281 0.0004088077984684307 -0.005683348140091932 -0.009569255635142326 -0.0004069791768554142 0.999999865050613 0.0003229035535888421 -0.022243302315473557 0.005683479378618446 -0.0003205853072516076 0.9999837975123463 1.074500322341919
0.9999790035827297 0.00012687253109616793 -0.006478911718206772 -0.009655464440584183 -0.00012515728860009609 0.9999999570163235 0.0002651471376670237 -0.021612022072076797 0.006478945079607794 -0.000264330687503353 0.9999789764789775 1.0398473739624023
0.9999597898594333 0.00030908347837554196 -0.008962317316481531 -0.01351785659790039 -0.00030301502930746364 0.9999997239388743 0.0006784571226780401 -0.019728830084204674 0.00896252454222153 -0.0006757141249774523 0.9999596074663474 0.9052035808563232
0.999971713623348 0.0003380292334247164 -0.00751383320429399 -0.012080887332558632 -0.00033360112265102366 0.9999997699666988 0.0005905733148538924 -0.021063990890979767 0.007514031106907035 -0.000588049986482303 0.9999715963634855 0.9891653060913086
0.999983013580288 0.00032739138493223 -0.005819395653083177 -0.009361321106553078 -0.0003251097187951656 0.999999869918986 0.0003930212235329297 -0.02296261116862297 0.005819523567852969 -0.0003911226054251393 0.9999829899396044 1.0941693782806396
0.9999877955663489 0.0004796003381882464 -0.00491718434369564 -0.008442888967692852 -0.00047815336578914505 0.9999998420423128 0.00029543985582552887 -0.024058304727077484 0.004917325260043342 -0.0002930850819052668 0.9999878669331053 1.1609032154083252
0.9999875666797479 0.0003031352576617064 -0.004977408455457129 -0.007960389368236065 -0.00030236769184079353 0.9999999422803211 0.00015496171658245262 -0.023865487426519394 0.004977455142522594 -0.00015345478238777812 0.9999876006190946 1.134087085723877
0.9999792529001842 0.00020542947332822606 -0.0064382892075998 -0.009802107699215412 -0.00020391269374014527 0.9999999513044489 0.00023624291058480852 -0.021773962303996086 0.00643833742534046 -0.0002349251603341621 0.9999792460953209 1.041825294494629
0.9999840851640894 0.00039966116188338354 -0.005627582917657588 -0.010067855939269066 -0.00039669318369521246 0.9999997816586066 0.0005285047374760677 -0.023605827242136 0.005627792911740731 -0.0005262639026257784 0.9999840253690294 1.0992714166641235
0.9999938501469264 0.00046220278746928335 -0.0034764977937935485 -0.0063868057914078236 -0.00046174130328714106 0.9999998844802857 0.0001335454406473105 -0.026612544432282448 0.0034765591172644366 -0.0001319393767402907 0.9999939480460397 1.2930359840393066
0.9999960642422641 0.0004990332923439923 -0.0027608813365967958 -0.0053655607625842094 -0.0004986133378066176 0.9999998640191914 0.0001527950854438284 -0.027133747935295105 0.0027609572110044622 -0.00015141787182086034 0.9999961770866462 1.3315379619598389
0.9999981935234371 0.0006169923780169972 -0.0017978515699750542 -0.004157073795795441 -0.0006168542639348934 0.9999998067519265 7.737523197631401e-05 -0.02953813225030899 0.0017978989624720786 -7.626607979290975e-05 0.999998380870092 1.451270580291748
0.9999998101465144 0.0005575587309959758 -0.00026236462545154636 -0.001558343879878521 -0.0005576063603168526 0.9999998280663361 -0.00018150053727426153 -0.0299127995967865 0.00026226338313299727 0.0001816467989996258 0.9999999491111778 1.4928843975067139
0.9999996870970278 0.0005523505421056842 -0.0005663168062467009 -0.0018749861046671867 -0.0005524257258335726 0.9999998386200166 -0.0001326113047146303 -0.028599468991160393 0.0005662434669284556 0.0001329241111929015 0.9999998308497441 1.4418178796768188
0.9999957713986117 0.00043788225255086835 -0.002874968526545657 -0.00484491977840662 -0.0004381718321789296 0.9999998989931774 -0.0001000953577339204 -0.025067219510674477 0.002874924406173506 0.000101354664697285 0.999995862259885 1.2487096786499023
0.9999840536210584 0.00031228122639826084 -0.005638704109258971 -0.008768672123551369 -0.00031093775033618317 0.9999999230661288 0.00023913479802105812 -0.02317582629621029 0.005638778352759636 -0.00023737769871640636 0.9999840737884361 1.0928171873092651
0.9999824241692524 0.00037151125569122057 -0.005917206433099592 -0.009458380751311779 -0.00036961983340631066 0.9999998802540838 0.0003207382056118206 -0.023781798779964447 0.005917324882391802 -0.0003185454515153715 0.9999824417433695 1.1122055053710938
0.9999865011863797 0.00046020050278651004 -0.005175486500835298 -0.00852932222187519 -0.00045828487912572674 0.9999998260504755 0.00037131386797798063 -0.02477601170539856 0.005175656479390616 -0.00036893700847582996 0.9999865381421349 1.1711549758911133
0.9999965582283146 0.0005047403781740391 -0.002574639523427745 -0.004803418181836605 -0.0005044233756600326 0.9999998651186572 0.0001237728781597016 -0.02729269489645958 0.002574701649326239 -0.00012247374380219898 0.9999966779502815 1.3214352130889893
0.9999988137653765 0.0005506025945869746 -0.0014385077761940909 -0.0034180358052253723 -0.0005505867936600175 0.9999998483623247 1.1380237387877973e-05 -0.0263050626963377 0.0014385138240503488 -1.0588200504096657e-05 0.9999989652823985 1.3307915925979614
0.999997356649275 0.000551381655124248 -0.0022321901201774155 -0.0045612892135977745 -0.0005512124877124215 0.9999998451639127 7.639989283881717e-05 -0.02531070075929165 0.002232231900053197 -7.516927981791497e-05 0.999997505742051 1.2761627435684204
0.9999952344502956 0.0006397974450993247 -0.003020221171999658 -0.006054995581507683 -0.0006389871031961369 0.9999997595964836 0.0002692628029935457 -0.026014313101768494 0.0030203927195812832 -0.00026733163743056676 0.9999954028702408 1.2746527194976807
0.9999963558682151 0.000515406683251952 -0.0026500200453455753 -0.004897434264421463 -0.0005152976211426041 0.9999998663589705 4.1837812699887225e-05 -0.026821672916412354 0.0026500412546824463 -4.047211121203736e-05 0.9999964878155105 1.303972840309143
0.9999962592449877 0.0004826935436128612 -0.002692304398522402 -0.004841206595301628 -0.0004824845766938612 0.999999880541578 7.82653380149516e-05 -0.027446482330560684 0.0026923418550773154 -7.696604989544403e-05 0.9999963726792026 1.326338768005371
0.999998420701815 0.0005898349494833157 -0.0016765108434209726 -0.003667091019451618 -0.0005897954114965118 0.9999998257808009 2.4077797774276815e-05 -0.028301645070314407 0.00167652475326723 -2.308896134548066e-05 0.9999985943648378 1.389600157737732
0.9999993286049077 0.0005716880286289514 -0.0010079496673415548 -0.0026124147698283195 -0.000571759281511812 0.9999998340672742 -7.040417843992092e-05 -0.028040237724781036 0.0010079092508637393 7.09804357485003e-05 0.9999994895402298 1.4030814170837402
0.9999964160080501 0.0004597416325442892 -0.0026375383762103246 -0.004766802303493023 -0.0004597526491607982 0.9999998943073708 -3.5705482438967823e-06 -0.025962917134165764 0.00263753645591228 4.783150702806587e-06 0.9999965216832333 1.2768762111663818
0.9999950547108039 0.0005447219270428088 -0.0030973911535703215 -0.005985967814922333 -0.0005438783766225509 0.9999998147850246 0.0002731780144991612 -0.02769443765282631 0.0030975393859415793 -0.0002714920594825087 0.999995165759222 1.328240156173706
0.999946899500439 0.0004991519606017848 -0.01029315436487722 -0.01603689417243004 -0.0005061002171809166 0.9999996458414555 -0.0006724429594995116 -0.017567599192261696 0.010292815068247025 0.000677616620101977 0.9999467979816161 1.0206693410873413
0.9999857518480338 0.0005971820610834561 -0.005304665353082637 -0.010523514822125435 -0.0005964017769161981 0.9999998111003745 0.00014867459687771794 -0.024909712374210358 0.005304753136835532 -0.00014550876669694386 0.9999859191115422 1.0504896640777588
0.9999987140164294 0.0004958099579400506 -0.0015251681787216708 -0.0032306406646966934 -0.0004959651651416877 0.9999998718695609 -0.00010138745948679757 -0.029045091941952705 0.0015251177143891786 0.00010214375939181893 0.9999988317906225 1.4185001850128174
0.9999996902565192 0.0007157707896419022 -0.00032735155802359996 -0.0022538863122463226 -0.0007157410263828647 0.9999997397141726 9.1029504615848e-05 -0.03066442348062992 0.00032741662907902837 -9.079517747992453e-05 0.9999999422772918 1.518484115600586
0.9999994706167598 0.00046662305657148295 -0.0009170764001086736 -0.0020267441868782043 -0.0004668780812393101 0.999999852400985 -0.00027789002472313184 -0.02738133817911148 0.000916946594856373 0.00027831804048284266 0.9999995408739001 1.3803455829620361
0.9999900089200209 0.0004980742619438022 -0.004442294695981619 -0.007590595167130232 -0.000496654147408539 0.9999998252181098 0.0003207778163614619 -0.026228435337543488 0.004442453690723087 -0.0003185683273598729 0.999990081510525 1.2407265901565552
0.999996003327142 0.00047185492817316616 -0.0027875944234047687 -0.004986438900232315 -0.00047168811064640133 0.999999886925034 6.049996134236413e-05 -0.02715485356748104 0.002787622655402538 -5.918484439698648e-05 0.9999961128209875 1.3170950412750244
0.9999950933904997 0.00044392039777722033 -0.0031009884885209145 -0.005386744625866413 -0.0004437490049000104 0.9999998999777443 5.595821429711041e-05 -0.026626938953995705 0.0031010130193458016 -5.458187917601698e-05 0.9999951903579697 1.286238193511963
0.9999949230262175 0.00033582668957738023 -0.0031687761397574707 -0.005509859882295132 -0.0003359268438506615 0.9999999430937663 -3.1074423623320885e-05 -0.025075506418943405 0.0031687655238135395 3.2138742826784854e-05 0.9999949789334726 1.2199822664260864
0.9999913123306018 0.0004365000211172063 -0.004145447026842027 -0.007400735281407833 -0.0004355205226549025 0.9999998770331058 0.00023718273064457263 -0.024433523416519165 0.004145550047356216 -0.0002353752428236534 0.9999913794694931 1.1940972805023193
0.9999959136308918 0.0005883111573694851 -0.0027976081748774264 -0.005442335270345211 -0.0005877646199817289 0.9999998080236574 0.0001961769607503885 -0.02583928033709526 0.0027977230508976687 -0.00019453182399315174 0.9999960674438175 1.273884654045105
0.9999959795649773 0.0005183199999420498 -0.0027878662556420387 -0.005166691727936268 -0.0005179933789420569 0.9999998588937102 0.00011787883290237725 -0.02606375515460968 0.002787926961213238 -0.00011643426271639045 0.9999961069455828 1.276458978652954
0.9999956539691895 0.0005012202280655493 -0.002905309108536747 -0.005312738008797169 -0.0005009044024096922 0.9999998685595894 0.0001094330101731132 -0.02573855221271515 0.0029053635767000417 -0.00010797725245105226 0.999995773592769 1.264270305633545
0.9999926025122496 0.0004935062258447125 -0.003814626113160198 -0.006471413653343916 -0.0004928388352658 0.9999998630856315 0.00017589372068501535 -0.025534523651003838 0.0038147123955293172 -0.00017401242362278683 0.9999927088179273 1.2329990863800049
0.999989270860164 0.0003773049928759135 -0.0046169043200007375 -0.0074786837212741375 -0.0003765439836663745 0.999999915379201 0.0001656991832016274 -0.02402043156325817 0.004616966448443742 -0.00016395893784706053 0.9999893283121979 1.1481444835662842
0.9999841467760178 0.0003412990932723612 -0.00562047253962441 -0.008886471390724182 -0.00033983862644285936 0.9999999082463528 0.000260800678518395 -0.023622453212738037 0.005620561034960658 -0.00025888649031899797 0.9999841710104402 1.1156277656555176
0.9999827215874321 0.0003306459520662871 -0.0058691736936832585 -0.00937495194375515 -0.00032881196803519815 0.9999998968191582 0.0003134395674100139 -0.022728929296135902 0.005869276725621158 -0.0003115042971188927 0.9999827271287194 1.0806043148040771
0.9999839125743102 0.0004258275700241622 -0.005656258786042794 -0.009124931879341602 -0.0004238902625026501 0.9999998510932246 0.00034370128552065136 -0.023374954238533974 0.005656404301270766 -0.0003412981232301625 0.9999839441740909 1.111040711402893
0.9999884404940492 0.0003591554725642271 -0.004794776910942789 -0.00785992480814457 -0.000357898738010222 0.999999901380166 0.000262960360859825 -0.024463023990392685 0.004794870881735356 -0.0002612412765625019 0.9999884704166457 1.152889609336853
0.9999916092192968 0.00039857206839686785 -0.004077086129497796 -0.007102645002305508 -0.0003979072633304337 0.9999999074084206 0.0001638687271700883 -0.02372995764017105 0.004077151065491486 -0.00016224504999938356 0.9999916752232154 1.15824294090271
0.9999907557354347 0.00046472749583020796 -0.004274631215494166 -0.007401912938803434 -0.0004636729769393304 0.9999998618309649 0.00024768007863716765 -0.025394899770617485 0.004274745728615209 -0.00024569575803598726 0.9999908330492585 1.222740650177002
0.9999964257420051 0.0005210465140010654 -0.002622406098299701 -0.004772651009261608 -0.0005209289001026691 0.9999998632799286 4.5532457861175755e-05 -0.02720753848552704 0.002622429464292595 -4.416620799201442e-05 0.99999656045061 1.3211605548858643
0.9999928904270003 0.00042001938273240826 -0.0037473562909659725 -0.006166601553559303 -0.00041945557366681045 0.9999999005917655 0.00015123981234448815 -0.025808578357100487 0.003747419442100525 -0.0001496668876112408 0.9999929671989437 1.244076132774353
0.9999928667907987 0.0004527014481212261 -0.0037498571865090167 -0.0063395570032298565 -0.0004521140668860144 0.9999998853953252 0.00015748716507288808 -0.024965347722172737 0.003749928051425542 -0.00015579067850115874 0.9999929568596341 1.216902256011963
0.999990407217918 0.0004407523078423149 -0.004357890492605596 -0.007216001395136118 -0.0004400590137429299 0.9999998903665099 0.00016004696987607364 -0.024586373940110207 0.0043579605559061875 -0.00015812770558819303 0.9999904915425055 1.1787478923797607
0.9999918537725351 0.00045159433196043515 -0.004011041152560682 -0.006910023745149374 -0.00045025933133866484 0.9999998429459932 0.00033372821696127467 -0.027001339942216873 0.004011191232381794 -0.0003319194896279841 0.99999190005437 1.2723572254180908
0.9999974275672194 0.000602108565241129 -0.002186852582938894 -0.004454144276678562 -0.0006020196652663715 0.9999998179328844 4.131005739209522e-05 -0.02715890295803547 0.0021868770579243388 -3.999342286478164e-05 0.999997607981769 1.3323273658752441
0.9999956949338035 0.00044863917007758876 -0.0028997994335687675 -0.005022957921028137 -0.000448631613127685 0.9999998993595306 3.256496752869744e-06 -0.026988841593265533 0.0028998006027235916 -1.95554103580695e-06 0.9999957955674817 1.2958604097366333
0.9999954251725055 0.0004963869679113547 -0.0029838287548035426 -0.0056019313633441925 -0.0004958961460969167 0.9999998633927646 0.0001652315478616024 -0.028662534430623055 0.002983910365977992 -0.00016375112277565402 0.9999955347222794 1.3603957891464233
0.9999993709845678 0.0005683212283070103 -0.000966975413594913 -0.002735729329288006 -0.0005683168928266528 0.999999838496621 4.758316075110033e-06 -0.0284411683678627 0.0009669779616771526 -4.2087646195617615e-06 0.9999995324678449 1.4122378826141357
0.9999996905475531 0.0006461499317062535 -0.0004487706136633992 -0.002229035831987858 -0.0006461577012280687 0.9999997910927184 -1.7168129830143973e-05 -0.02772492729127407 0.00044875942672603295 1.7458101105527638e-05 0.9999998991550907 1.4138648509979248
0.9999975827756161 0.0005210396319168644 -0.0021361087581655337 -0.003928221762180328 -0.0005213620487620094 0.9999998527833532 -0.00015038246557791944 -0.025381822139024734 0.002136030088470254 0.0001514957881082924 0.9999977072096152 1.2868468761444092
0.9999895335012339 0.0004875911106327757 -0.004549191454931584 -0.00785704143345356 -0.0004861204654913723 0.9999998292334425 0.0003243762921431817 -0.026361722499132156 0.004549348841078369 -0.00032216144199143944 0.9999895997644813 1.2197574377059937
0.9999929317616734 0.0004276341790057289 -0.003735445850498218 -0.005935128778219223 -0.00042760189367832053 0.999999908533734 9.441605316149545e-06 -0.028383983299136162 0.003735449546384072 -7.844254861227123e-06 0.9999930231532388 1.3388211727142334
0.9999952654144227 0.0005421220716883585 -0.0030290679090774634 -0.005108634941279888 -0.0005412166001711675 0.9999998086205024 0.000299739137485114 -0.03289862722158432 0.0030292298245781476 -0.00029809833650907815 0.9999953674412956 1.5129597187042236
