0.999985054167439 0.0003201648505398793 -0.005457924166982785 -0.008844345808029175 -0.0003197308030497928 0.9999999456541486 8.039846653725876e-05 -0.02485768310725689 0.0054579496111302715 -7.865219843834546e-05 0.9999851021889646 1.152109980583191
0.9999856911840511 0.00019964003383533534 -0.005345799380119811 -0.00833367370069027 -0.00019974223985564968 0.9999999798788166 -1.858505254241928e-05 -0.023976318538188934 0.0053457955622354825 1.9652568554327127e-05 0.9999857109397031 1.1231751441955566
0.9999831350824621 0.00013425131264494327 -0.005806162866768371 -0.00904531218111515 -0.0001337880287885924 0.9999999878359598 8.01800703955637e-05 -0.021847940981388092 0.00580617356042167 -7.940192308051782e-05 0.9999831408798455 1.041087031364441
0.9999842802337255 0.0003652647150314116 -0.005595164620045297 -0.00946182943880558 -0.00036400947511589356 0.9999999083548897 0.00022536040854741386 -0.023300230503082275 0.0055952464234812265 -0.00022332017299793433 0.9999843215498733 1.100104808807373
0.9999846472571251 0.00024897532155964184 -0.005535635585183167 -0.008383252657949924 -0.0002488008548318397 0.9999999685304651 3.220563663783264e-05 -0.025345025584101677 0.005535643429388029 -3.08278713273431e-05 0.9999846777333464 1.1737287044525146
0.9999829890104095 0.00021344739153420292 -0.005828904701419624 -0.008823730051517487 -0.00021319412451784313 0.9999999763029835 4.4071504765517475e-05 -0.024185828864574432 0.005828913970239707 -4.2828066830891573e-05 0.9999830108195259 1.120776891708374
0.9999832402020643 0.0002863684738658538 -0.005782500158036495 -0.008914057165384293 -0.0002859561509908171 0.9999999565130301 7.213194598340832e-05 -0.025512365624308586 0.005782520562888372 -7.047719557827303e-05 0.9999832786046498 1.160839557647705
0.9999836174121134 0.0001394809054406305 -0.00572236423700788 -0.008435445837676525 -0.00013965111943979152 0.9999999898181932 -2.934583777539911e-05 -0.02473503351211548 0.005722360085559849 3.014449158617303e-05 0.999983626709138 1.1381473541259766
0.9999814537250538 0.000133004059057617 -0.006088884614460627 -0.009291737340390682 -0.0001324396635393559 0.9999999868964466 9.309587448953515e-05 -0.02253074012696743 0.006088896916803792 -9.228773807818138e-05 0.9999814582367564 1.0538361072540283
0.9999819540754399 0.0003409323794990059 -0.005997940361296618 -0.009885722771286964 -0.0003392610463279448 0.999999903344314 0.00027966641817252973 -0.02226124331355095 0.005998035128898991 -0.0002776265038106592 0.9999819730865738 1.0520563125610352
0.9999889275962283 0.0003756145119733779 -0.004690799365112799 -0.007067465223371983 -0.00037563850307188317 0.9999999294388938 -4.233474842313536e-06 -0.02916731871664524 0.004690797443970221 5.995472819292237e-06 0.9999889981311764 1.3225305080413818
0.999993026508885 0.00024544699928523563 -0.003726484854484084 -0.005453095771372318 -0.00024633173534953113 0.9999999415850128 -0.0002369612770191371 -0.027607113122940063 0.0037264264753671286 0.00023787757605273603 0.9999930285556906 1.2754994630813599
0.9999863669868639 0.00029533162944627415 -0.005213311772945327 -0.008148843422532082 -0.00029522920390260367 0.9999999562114413 2.041647992192865e-05 -0.026288948953151703 0.0052133175742942 -1.887707969936696e-05 0.999986410389424 1.2051122188568115
0.9999871646333179 0.0002305504495979484 -0.005061364945131735 -0.00789358839392662 -0.00023078752485369643 0.9999999722987418 -4.62561783859471e-05 -0.02522602677345276 0.005061354140542834 4.742368455900442e-05 0.9999871901405829 1.1735719442367554
0.9999866831547647 0.00020517796882369154 -0.005156686449002583 -0.008051135577261448 -0.00020539337384369347 0.9999999780563114 -4.1242439829305175e-05 -0.023912059143185616 0.005156677873805827 4.230103983773154e-05 0.9999867033535635 1.1282565593719482
0.9999855543728906 0.0002992324202089437 -0.005366703410944984 -0.008571824058890343 -0.0002989608340088928 0.999999953989821 5.14079292102266e-05 -0.025083016604185104 0.005366718546941076 -4.980275246283629e-05 0.9999855978221504 1.1610273122787476
0.9999858839158356 0.000353909094779016 -0.00530157688028812 -0.008316712453961372 -0.00035352852482149934 0.9999999348645983 7.272125871643171e-05 -0.026697909459471703 0.0053016022716826225 -7.084597352330711e-05 0.9999859438983135 1.2220637798309326
0.9999882602089931 0.0002139560254276768 -0.004840833297075137 -0.007222129497677088 -0.00021428925999077012 0.9999999747062657 -6.831969692340386e-05 -0.026456747204065323 0.004840818557221574 6.935623344940925e-05 0.9999882807640341 1.2154033184051514
0.9999886290442054 0.00027808885414315904 -0.004760719365801572 -0.0073827230371534824 -0.0002784587803439577 0.9999999582626808 -7.704118575748571e-05 -0.0263564120978117 0.004760697742806839 7.836597383372906e-05 0.9999886647436439 1.220358967781067
0.9999880212634679 0.00025657442697824126 -0.004887893118442735 -0.007387904915958643 -0.00025701666497893974 0.9999999629348597 -8.984827718397629e-05 -0.026621472090482712 0.004887869884502057 9.110347090321171e-05 0.9999880501426752 1.2205252647399902
0.9999863485772932 0.0002268181590774413 -0.005220269396767139 -0.007799618877470493 -0.00022689089581952448 0.9999999741712651 -1.3341307064586172e-05 -0.026154691353440285 0.005220266235883476 1.4525556536615718e-05 0.9999863742118863 1.203615665435791
0.9999870586376484 0.00035338061360134934 -0.005075202396596229 -0.00806764978915453 -0.00035313163140281276 0.9999999364012923 4.995460448160293e-05 -0.02559993788599968 0.005075219726808699 -4.816174349895571e-05 0.9999871198296362 1.183258056640625
0.9999856883758509 0.0002659141314164259 -0.005343438326599484 -0.007958240807056427 -0.00026578106929942897 0.9999999643522225 2.5612047553274027e-05 -0.026511888951063156 0.005343444946723163 -2.4191496251096598e-05 0.9999857234035258 1.2171757221221924
0.9999869399380314 0.00028041433864286076 -0.005103069779129805 -0.007914798334240913 -0.0002801367771675094 0.9999999592433687 5.510578190153494e-05 -0.024999212473630905 0.005103085023597259 -5.367550469502215e-05 0.9999869777363015 1.1581631898880005
0.9999842737793684 0.0001989200447891027 -0.005604696670209774 -0.008507550694048405 -0.0001985653278233422 0.9999999782477736 6.3845617705554e-05 -0.023623783141374588 0.005604709248468277 -6.2731715223613e-05 0.9999842915261079 1.109453797340393
0.9999792620871372 0.0003137091533595866 -0.00643249424653772 -0.010073957964777946 -0.00031189747704165406 0.9999999114156913 0.0002826456676434211 -0.022651437669992447 0.0064325823452527605 -0.00028063352743561436 0.999979271349759 1.059537649154663
0.9999811711383646 0.0003199745465060326 -0.006128212221720194 -0.009622910991311073 -0.0003185084287280343 0.9999999204245262 0.0002402151579850346 -0.023447444662451744 0.006128288596801043 -0.00023825874776141015 0.9999811934789792 1.087929606437683
0.9999813660112333 0.00024502658000784586 -0.006099802642903577 -0.009287790395319462 -0.0002437321393917728 0.9999999476228928 0.00021295270687951397 -0.023758165538311005 0.006099854502487031 -0.0002114620207731437 0.9999813733559549 1.1043620109558105
0.9999816390556912 0.0003886641566206292 -0.0060473541046224 -0.009295085445046425 -0.0003871798960351996 0.9999998946379945 0.00024660845019200726 -0.02503368817269802 0.006047449315326354 -0.00024426250829447143 0.999981684178568 1.152611494064331
0.999980499089251 0.0003160523474086194 -0.006237110879716258 -0.009178806096315384 -0.0003146919028358681 0.9999999264818452 0.00021910114189578823 -0.025428570806980133 0.006237179668605591 -0.00021713410093303896 0.9999805250316446 1.155568242073059
0.9999840554044446 0.00017963287248423917 -0.005644171233436998 -0.008336974307894707 -0.00017893470415010853 0.9999999762781226 0.00012420195727536797 -0.02311917394399643 0.005644193410301013 -0.0001231900388155644 0.9999840638255001 1.0786957740783691
0.9999791097798992 0.00023462518727573173 -0.006459485646837614 -0.010074694640934467 -0.00023268776210980086 0.9999999277225275 0.00030068479327475194 -0.02067767269909382 0.0064595557281882515 -0.0002991754686436965 0.9999790920983465 0.9994799494743347
0.9999799940975751 0.00037329245577191755 -0.0063144324650837025 -0.010341927409172058 -0.00037106839966586123 0.9999998687133572 0.00035338578221853626 -0.02142287604510784 0.006314563552329542 -0.0003510356260674421 0.9999800013305931 1.021885633468628
0.9999820194511494 0.00026995408425712307 -0.00599065098246227 -0.009618056938052177 -0.0002683848397999801 0.999999929465673 0.0002627512648365232 -0.02067754417657852 0.005990721490692819 -0.0002611387405203445 0.9999820213696742 1.0069706439971924
0.9999299228284915 0.0004420965844930825 -0.011830214825487705 -0.017256030812859535 -0.0004305484753601227 0.9999994284038071 0.0009786828238014219 -0.01412920467555523 0.011830640735715652 -0.0009735207595210294 0.9999295416163647 0.6876102685928345
0.999239924439852 -0.00026145450868285966 -0.03898082922384865 -0.05025488883256912 0.00035132447306329326 0.9999972963650564 0.002298659107474866 -0.007899148389697075 0.03898012283912906 -0.0023106068721528016 0.9992373147152427 0.4094961881637573
0.9992621545523864 -7.921839561537779e-05 -0.03840755399355985 -0.05053495243191719 0.00017785374315944106 0.9999966953003241 0.0025647137221718286 -0.00800421554595232 0.03840722389562234 -0.0025696522870708454 0.9992588663803563 0.3993675410747528
0.9991317869352743 -8.940607273408928e-05 -0.04166130509333704 -0.053030822426080704 0.0001880810792115082 0.9999971866625622 0.0023645913956840143 -0.007417455781251192 0.04166097647719741 -0.0023703741297648575 0.9991289928560033 0.3964412808418274
0.9989218577834144 -0.00018790218012089744 -0.04642291174951066 -0.057772595435380936 0.0002944731853614691 0.9999973372743255 0.0022888271673493278 -0.006142350845038891 0.046422358062417 -0.002300029788850373 0.9989192532606903 0.329833984375
0.9990668900478363 1.7247090328376665e-05 -0.04318968525797136 -0.051837362349033356 5.3270213675396695e-05 0.9999986675480387 0.0016315834124610502 -0.006661272142082453 0.04318965584985701 -0.0016323616895033628 0.9990655579204429 0.28796330094337463
0.999315038843799 -0.0005965441691733304 -0.0370013145127445 -0.05069153383374214 0.0007082644367464156 0.999995230174162 0.0030063250676965227 -0.011344476602971554 0.03699934461722872 -0.003030472566984483 0.9993106947961263 0.3253592848777771
0.9991573709770959 -0.00016090788972305127 -0.04104293033871891 -0.05321782827377319 0.0002680575670526491 0.999996570576717 0.002605183284493306 -0.008230671286582947 0.04104237039059335 -0.002613989949499116 0.999153987576122 0.38223379850387573
0.9989363456004936 -0.0001820262497486033 -0.04611013234393895 -0.05712796375155449 0.00029938924752017905 0.9999967334852502 0.0025383823407763638 -0.00707945367321372 0.04610951967229362 -0.002549487257057475 0.9989331370568886 0.31814834475517273
0.99916219680195 -0.00015623099902883485 -0.040925298701125594 -0.052629537880420685 0.0002569549843338245 0.9999969512154385 0.0024559181509224604 -0.007857784628868103 0.04092479023816049 -0.0024643765343280734 0.9991591907160038 0.38400888442993164
0.9992366360008019 -0.00022822300763679357 -0.03906524271087648 -0.049962352961301804 0.00032238186566195504 0.9999970583862595 0.002404015133194316 -0.008033988066017628 0.03906457914445764 -0.0024147739204157773 0.9992337702075424 0.3918982744216919
0.9992065217972557 -0.00020797337112908186 -0.03982817526460153 -0.051369715481996536 0.0003074659484973017 0.9999968478547605 0.002491936041330108 -0.007964396849274635 0.03982753146406931 -0.002502204552083326 0.9992034360979043 0.3880496919155121
0.9992136859612896 -0.00015180026054326093 -0.039648288037876046 -0.050605855882167816 0.00023830181407846234 0.9999976019269727 0.002177005408631901 -0.00785898044705391 0.039647862488397696 -0.0021847418576812763 0.9992113259481782 0.4016151428222656
0.9991527573954444 -0.0002744613615064093 -0.04115449015649617 -0.0529642216861248 0.00037564040917209893 0.9999969262196949 0.002450805060576189 -0.0074210199527442455 0.04115369100534116 -0.0024641879236350635 0.9991497893181552 0.3744138777256012
0.9994149137829398 -8.045683945469143e-05 -0.034202684615913546 -0.046031177043914795 0.00016171422918393887 0.999997171353675 0.0023730008757508404 -0.008542823605239391 0.034202396944464926 -0.0023771435264240514 0.9994120998026328 0.42743486166000366
0.9993495155812644 0.00030894286054726283 -0.03606175622181184 -0.04316513612866402 -0.0002592545510368233 0.9999990106913533 0.0013825351325062842 -0.007125928532332182 0.03606214766996323 -0.001372286640525349 0.9993486070109902 0.3562934696674347
0.9994688393535075 0.0005370013043191678 -0.03258451765719365 -0.04079720377922058 -0.00046000075016457186 0.9999970844348818 0.0023705528987972035 -0.009873232804238796 0.032585695644909186 -0.0023543048518208736 0.9994661723580255 0.4560711979866028
0.9995259297102331 7.750654357152801e-05 -0.03078814430312603 -0.03883398696780205 1.4522146476124687e-05 0.999995533241912 0.0029888602060742283 -0.010708983987569809 0.03078823843615724 -0.0029878903861915596 0.999521463944141 0.4370713233947754
0.9994208783131999 -0.00017632809840297916 -0.03402759027720763 -0.04517773166298866 0.00025330493280489825 0.9999974188787383 0.0022578911559783554 -0.008822109550237656 0.03402710431821694 -0.0022652029187121754 0.9994183433514987 0.4384612739086151
0.9994806016997628 -0.000131595083956631 -0.03222591361953298 -0.042877670377492905 0.00020431175072299672 0.9999974407080079 0.0022531831133735455 -0.0089447982609272 0.032225534636189344 -0.002258596946724592 0.9994780706234847 0.4547470510005951
0.9997754434663259 0.00035792014019584 -0.021188075299211375 -0.028913360089063644 -0.0003198502114927127 0.9999983286239899 0.0018001236261511102 -0.011360486038029194 0.021188684186471258 -0.0017929423862638601 0.9997738869464664 0.5809191465377808
0.9998680064556251 0.0003916592201252964 -0.016242421910202 -0.02307085320353508 -0.00036840525655450467 0.9999989030304801 0.0014346481809777239 -0.012034401297569275 0.016242965985947957 -0.0014284750230684914 0.9998670539202137 0.6031633019447327
0.9999413764778942 0.0005296462109647627 -0.010814947174417609 -0.016305336728692055 -0.0005188857304712681 0.9999993676305954 0.0009977454625068331 -0.013851918280124664 0.010815468787479627 -0.00099207524938905 0.9999410189714224 0.6711410284042358
0.9999545674017655 0.000570414031118746 -0.009515133219328344 -0.015072808600962162 -0.000560645394698141 0.9999993131316525 0.0010292778852887903 -0.016180850565433502 0.0095157137982322 -0.0010238965069008005 0.9999542003646236 0.7758976221084595
0.9999357988315122 0.00037821816512827373 -0.01132497974414245 -0.01676172949373722 -0.0003679629060664315 0.9999995204206569 0.0009076132193586593 -0.014096835628151894 0.011325317588722574 -0.0009033877770716434 0.9999354584532137 0.6898132562637329
0.9999720425220543 0.00031819315719806775 -0.007470805002530226 -0.011494805105030537 -0.0003144576328307741 0.9999998249646653 0.0005011856303724366 -0.018530141562223434 0.007470963168713442 -0.0004988223668297927 0.99997196754988 0.8989288806915283
0.9999734275641078 0.00032611286080449803 -0.007282706646031077 -0.011329365894198418 -0.0003226467668460479 0.9999998341350834 0.00047710467373954566 -0.01884247362613678 0.007282861028055602 -0.0004747422541529587 0.9999733669228588 0.9175392985343933
0.9999738928812633 0.00037075145158417647 -0.007216377155658256 -0.011320821940898895 -0.0003670105204039279 0.9999997976013424 0.0005197119894081 -0.02001159079372883 0.007216568379047686 -0.0005170499348901544 0.9999738265575729 0.9591469168663025
0.9999738146310242 0.00019739895100271315 -0.007234022804246435 -0.01076345331966877 -0.00019479418875668252 0.9999999159487154 0.00036077387129193785 -0.019603950902819633 0.007234093412601268 -0.00035935527869140064 0.999973769034109 0.9425960779190063
0.9999789044516509 0.0004051640723062565 -0.006482784413376095 -0.010600866749882698 -0.00040252501536086805 0.9999998355970141 0.00040838652842840276 -0.021002573892474174 0.006482948811135913 -0.00040576843039507183 0.9999789031408077 1.0055605173110962
0.9999806795720683 0.0001988338520350756 -0.006212966093887803 -0.009638385847210884 -0.00019713984392689458 0.999999943230203 0.0002732681332738811 -0.02040221355855465 0.0062130200761345575 -0.00027203803045053397 0.9999806620014426 0.9888696074485779
0.9999777817989673 0.0004013574054059052 -0.006653932720595668 -0.011023666709661484 -0.0003982757381828494 0.9999998128297626 0.0004644533092056466 -0.019490841776132584 0.006654117886952615 -0.0004617928899225381 0.9999777544838053 0.9481894969940186
0.999965890457418 0.00014339228328178995 -0.008258169310194336 -0.011993573978543282 -0.0001418463873910022 0.9999999723088817 0.00018778135652554372 -0.017728794366121292 0.008258196007913865 -0.0001866035599062529 0.9999658831069218 0.8568366765975952
0.9999554330135438 0.0007234190147087486 -0.009413216858517924 -0.014903795905411243 -0.0007146000928249627 0.9999993026892339 0.0009401955932385242 -0.018205013126134872 0.009413890449950156 -0.0009334270059133757 0.9999552526891498 0.8509900569915771
0.9999824895630881 0.0003251838956026901 -0.00590887659734945 -0.009305683895945549 -0.00032369669313222414 0.9999999156956878 0.0002526441535865855 -0.021792808547616005 0.005908958255015737 -0.0002507270458623845 0.9999825105212037 1.048317313194275
0.9999824746719289 0.0003848743970323678 -0.005907810144534283 -0.00952741876244545 -0.00038326599814694523 0.999999889185456 0.00027337931629234743 -0.023940309882164 0.005907914706562515 -0.00027111026247823394 0.9999825113685967 1.108315348625183
0.999984262575584 0.00043716060869940216 -0.005593164736298556 -0.008753049187362194 -0.00043501979062709426 0.9999998316635557 0.00038396698015748996 -0.026764312759041786 0.005593331650003858 -0.00038152780015363415 0.9999842844153055 1.2411653995513916
0.9999802522993549 0.0001949030668177538 -0.0062814826365182215 -0.00925350934267044 -0.0001937364473146547 0.999999963873373 0.0001863315365181189 -0.02287994883954525 0.006281518726177354 -0.00018511090476884727 0.9999802539332692 1.0698318481445312
0.9999796286569541 0.00033601006706526174 -0.006374117063191554 -0.010165365412831306 -0.00033397626498003774 0.9999998929871291 0.0003201336989351548 -0.022112548351287842 0.006374223949224636 -0.000317998373572443 0.9999796338656503 1.0318269729614258
0.9999818944638552 0.0002937422499591984 -0.0060103627153292715 -0.009592266753315926 -0.0002924801504497504 0.9999999349956269 0.00021086513158688236 -0.02294418402016163 0.006010424264627601 -0.00020910340196938365 0.9999819153744365 1.0749099254608154
0.9999593550848593 0.0002861351387326826 -0.009011454097682697 -0.013658301904797554 -0.0002825169699737047 0.9999998789769456 0.0004027781719748382 -0.01647048257291317 0.009011568256077115 -0.00040021591238348326 0.9999593149047563 0.8085208535194397
0.9999718898315093 0.00042096269935269363 -0.007486143012616752 -0.01224132813513279 -0.00041631298323256796 0.9999997194907314 0.0006226571755888647 -0.021650798618793488 0.007486403028129659 -0.0006195230940602589 0.9999717845823631 0.9937325716018677
0.9999826779563245 0.00027426013248212956 -0.0058795041183458815 -0.008982887491583824 -0.0002734436188387904 0.9999999528593221 0.00013967798989652846 -0.024597011506557465 0.005879542149286086 -0.0001380678575051889 0.9999827058111462 1.1370753049850464
0.9999813160596578 0.000248248325212346 -0.006107855954772061 -0.00935792364180088 -0.0002472283842584405 0.9999999553702328 0.00016774283522886754 -0.023818885907530785 0.006107897324057782 -0.00016622966577275967 0.9999813328047565 1.1041852235794067
0.9999810666808048 0.0003881414006879019 -0.006141304924244471 -0.009872565045952797 -0.00038615272010593095 0.9999998726295671 0.0003250029629795829 -0.024105077609419823 0.006141430289129083 -0.00032262532799324855 0.9999810891946413 1.1155879497528076
0.9999853497645421 0.0002906292971139136 -0.005405163355349761 -0.008365266025066376 -0.00028996479042251225 0.9999999503065808 0.00012372249597787486 -0.024090372025966644 0.005405199044130756 -0.0001221533763546439 0.9999853843441142 1.1274694204330444
0.9999807498400042 0.0002747882023399466 -0.006198745104176319 -0.009531086310744286 -0.00027338879262587683 0.9999999369547881 0.00022660315021536155 -0.023547368124127388 0.006198806981247413 -0.00022490412062863805 0.9999807619200209 1.0965936183929443
0.9999813816603211 0.00033612142732853745 -0.006092893819955797 -0.009467562660574913 -0.0003345943231868883 0.9999999123583166 0.0002516545207374611 -0.023266207426786423 0.006092977872441031 -0.0002496111876641746 0.999981406484591 1.0816272497177124
0.9999914481050762 0.0005700212270385605 -0.004096192441033922 -0.006521994713693857 -0.000568591724774291 0.9999997770529563 0.0003501392420041638 -0.029495330527424812 0.004096391114600288 -0.0003478071865251025 0.9999915492692915 1.3846898078918457
0.9999995093730545 0.0007165070989345238 -0.0006840111310903535 -0.0009405193850398064 -0.0007171471545209363 0.9999993048463485 -0.0009359523377934462 -0.03161840885877609 0.0006833400391032246 0.0009364424152263317 0.9999993280607712 1.5965592861175537
0.9999992263014987 0.0006729839834978776 -0.0010461782646625833 -0.002540682442486286 -0.0006731283493254553 0.9999997639756614 -0.00013764754501831666 -0.02805766463279724 0.0010460853831458854 0.00013835165076900988 0.9999994432819408 1.3935134410858154
0.9999831316642126 0.0003085990549905719 -0.005800099452353819 -0.008918214589357376 -0.00030768581990618345 0.9999999401284195 0.0001583432772742848 -0.025624897330999374 0.00580014796967843 -0.0001565559979311792 0.9999831667451954 1.1708860397338867
0.9999866383991497 0.00031642400345957707 -0.005159738270332314 -0.007818173617124557 -0.0003150198224244824 0.9999999131297578 0.00027295235583747616 -0.026122357696294785 0.005159824190781788 -0.00027132328892336935 0.9999866512099015 1.2235281467437744
0.9999757677132193 0.00036682364388490775 -0.00695193690792786 -0.010716406628489494 -0.0003641140223735048 0.9999998572595661 0.0003910266307434276 -0.02357853576540947 0.0069520793534189156 -0.0003884858575631401 0.9999757585418768 1.0658714771270752
0.9999896940369792 0.0004886283472645898 -0.0045136528628854 -0.007133247796446085 -0.0004867324780461353 0.9999997928751871 0.0004211188401192394 -0.02859341725707054 0.004513857698598746 -0.00041891755864105365 0.9999897247455874 1.3197917938232422
0.9999994392279418 0.0007380192571635875 -0.000759520492480491 -0.002230493351817131 -0.0007381764494048259 0.9999997061846649 -0.00020670295988191016 -0.028867922723293304 0.0007593677185568174 0.00020726350410905532 0.9999996902012062 1.436091423034668
0.9999932331454933 0.0005554856422456383 -0.0036366329102869937 -0.005417780950665474 -0.0005550289413540389 0.9999998379587246 0.00012659146288547166 -0.029423369094729424 0.0036367026407424234 -0.0001245721697451707 0.9999933794159225 1.459435224533081
0.9999956550300565 0.00047390596270967364 -0.002909524728747263 -0.004513009451329708 -0.0004744407174539683 0.9999998706888922 -0.00018310708607443272 -0.026229802519083023 0.0029094375769734915 0.00018448668747940414 0.9999957505597952 1.2663278579711914
0.9999513154785358 0.0003429872859214431 -0.009861492405689247 -0.014251475222408772 -0.00033635605248597575 0.9999997162351006 0.0006740877716781013 -0.016824515536427498 0.00986172081087913 -0.0006707379813803143 0.999951147093301 0.7946412563323975
0.9999333073665087 0.0010223577017949928 -0.01150372130248316 -0.0167075302451849 -0.001019950374519306 0.9999994567100211 0.00021512995233687645 -0.019397597759962082 0.011503934992390314 -0.0002033823799029788 0.9999338068668839 0.8462522029876709
0.9999747021928685 0.00033726147863101383 -0.0071050143545517905 -0.010637172497808933 -0.00033459946019259284 0.9999998733888849 0.0003758529169288093 -0.02589431405067444 0.0071051402156885116 -0.0003734660747065134 0.9999746884324653 1.1063090562820435
0.9999958102902059 0.0004740055453506164 -0.002855647173200415 -0.0045785196125507355 -0.00047448670430371163 0.9999998733496162 -0.00016781870988292173 -0.026412969455122948 0.002855567264532506 0.00016917297338709536 0.9999959085496816 1.280815839767456
0.9999780065603526 0.00026158527333770083 -0.0066270633562617726 -0.009908078238368034 -0.00025985115688568984 0.999999931777262 0.00026253161214157087 -0.024000614881515503 0.006627131578548887 -0.0002608037880885244 0.9999780063123511 1.0903897285461426
0.999978294293309 0.000283576789758556 -0.006582592684403433 -0.00987454503774643 -0.0002820420811804904 0.9999999328308947 0.00023407364347572242 -0.024384217336773872 0.006582658620108955 -0.00023221199460160042 0.9999783071062496 1.1105217933654785
0.9999813144804861 0.00030977542219169353 -0.0061053033558363615 -0.009248833172023296 -0.00030847210216781404 0.9999999294358104 0.00021441393654272493 -0.0251963809132576 0.006105369345188296 -0.00021252661434638257 0.9999813394746908 1.1439582109451294
0.9999849648412005 0.00028296729917975266 -0.005476314549999989 -0.008277175948023796 -0.0002823004336669336 0.9999999526445575 0.00012254528816770267 -0.025058867409825325 0.005476348966975911 -0.0001209974797074734 0.9999849973682614 1.1539485454559326
0.9999838946206551 0.00029702674920474933 -0.005667651578683934 -0.008776115253567696 -0.0002963035602730968 0.9999999478538554 0.00012843865117431757 -0.024750640615820885 0.005667689432852784 -0.00012675723727996637 0.9999839304854333 1.1446528434753418
0.999980257289149 0.0002726048543078199 -0.0062777956737387 -0.009333057329058647 -0.00027160707449512284 0.9999999503483865 0.00015978993097199055 -0.024245429784059525 0.006277838921546867 -0.0001580816825683641 0.9999802816799225 1.1223597526550293
0.9999824801143469 0.0003835096896550292 -0.005906977626333364 -0.009267882443964481 -0.00038195270862367907 0.9999998920205753 0.00026470921118842327 -0.02557225152850151 0.00590707850704875 -0.0002624483874091544 0.9999825186193786 1.1557095050811768
0.9999893173462588 0.000324986331506234 -0.004610810909966741 -0.007181501016020775 -0.00032486609929936185 0.9999999468712149 2.682508027532946e-05 -0.027214325964450836 0.00461081938278439 -2.5326897557357462e-05 0.9999893697950831 1.2530109882354736
0.9999910748295826 0.00033549488267753744 -0.004211615409798568 -0.006567094475030899 -0.00033566266311528954 0.9999999428996782 -3.913076862700161e-05 -0.0276547372341156 0.004211602041141343 4.054410142269342e-05 0.9999911303428761 1.2802631855010986
0.9999866563690669 0.00027659124934389077 -0.005158544474412251 -0.007814817130565643 -0.0002763395924548375 0.999999960593229 4.949717198053829e-05 -0.0261092446744442 0.005158557961615307 -4.807100143082391e-05 0.9999866933959349 1.2111836671829224
0.9999860424367635 0.0003417257219745045 -0.005272395583654199 -0.008192701265215874 -0.0003411443403130516 0.9999999356311152 0.00011116791207191437 -0.025002669543027878 0.005272433233210987 -0.00010936771252549658 0.9999860946465731 1.1660914421081543
0.9999861234057438 0.00029607797093540554 -0.0052597845761947525 -0.00815767701715231 -0.00029569037543483175 0.9999999535108687 7.446786191667577e-05 -0.02470048889517784 0.005259806379965392 -7.291156088032945e-05 0.9999861644646638 1.15003502368927
0.9999835914507 0.00027256488020143234 -0.005722109553761224 -0.008815687149763107 -0.00027170199321372324 0.9999999516014351 0.0001515755724985172 -0.024041850119829178 0.005722150590997094 -0.000150018376792119 0.9999836171093507 1.1177436113357544
0.999981620471602 0.00034991034610929415 -0.006052791235323537 -0.009621352888643742 -0.00034836058000977006 0.9999999062737991 0.00025709394995292444 -0.023655002936720848 0.00605288062785142 -0.00025498067082195503 0.9999816486420949 1.1011900901794434
0.9999836168160801 0.0002860876303860333 -0.0057170143692947 -0.008924177847802639 -0.0002849117790001721 0.9999999380937526 0.00020648914994270354 -0.02293429896235466 0.005717073089367402 -0.0002048569222584573 0.9999836364205827 1.0869932174682617
0.9999813898748793 0.00042767125644058406 -0.006085803250238382 -0.009752336889505386 -0.0004258718906072198 0.9999998652242491 0.00029695894666794146 -0.02398698404431343 0.006085929430825514 -0.00029436164768874577 0.9999814372348034 1.1167004108428955
0.9999812113055986 0.00035107086757615516 -0.006119949757446074 -0.009299175813794136 -0.00034948918587571215 0.9999999052547968 0.0002595143663949187 -0.025221794843673706 0.00612004028554395 -0.0002573706342004656 0.9999812392576473 1.1507648229599
0.9999669423024174 0.00013007211666503924 -0.008130029741551 -0.009783005341887474 -0.0001237095386900495 0.9999996857250862 0.0007831000440952904 -0.03322643041610718 0.008130129045966899 -0.0007820683943819919 0.9999666441290543 1.5870862007141113
0.9999931490324712 0.000584099952952633 -0.0036552312330441882 -0.004672958515584469 -0.0005833638683596885 0.999999809352036 0.0002024413218260718 -0.033525705337524414 0.0036553487821483497 -0.00020030760507529162 0.9999932991286212 1.6356874704360962
0.9999886567385254 0.0003390189511164968 -0.004750943109574262 -0.0030380887910723686 -0.00034649983676996257 0.9999987014252173 -0.0015738760250798307 -0.04236750304698944 0.004750403366320136 0.0015755043732045204 0.999987475648484 2.2576050758361816
0.9999971610971958 0.002315949965967682 0.0005605116449809571 0.0004770606756210327 -0.002313934507218834 0.9999909500945593 -0.003570075080027979 -0.042557597160339355 -0.0005687746876636644 0.0035687679576948033 0.9999934701739901 2.2033324241638184
0.9999989970990304 0.0013559618671068953 0.00040886226073274807 0.0007217591628432274 -0.0013553712622170974 0.9999980427494722 -0.0014413417242638224 -0.036082565784454346 -0.0004108158649024443 0.0014407861185824075 0.999998877682213 1.9200263023376465
0.9999996094196196 0.0006936160606415938 0.0005477749250868314 0.00013254303485155106 -0.0006931737338488712 0.999999433908641 -0.000807274781069682 -0.03172050043940544 -0.0005483345537496804 0.0008068947625738598 0.9999995241249164 1.6019095182418823
0.9999943292119748 0.00040299646526999617 -0.003343521757357058 -0.005669279955327511 -0.00040274316756400505 0.999999915978141 7.643070246170795e-05 -0.027359064668416977 0.0033435522777310743 -7.508368849601852e-05 0.9999944074946651 1.3029558658599854
0.9999925488357128 0.0004579424308159293 -0.003833087761152358 -0.0064605288207530975 -0.0004576420688055814 0.9999998921426072 7.923705457224588e-05 -0.026082508265972137 0.0038331236337348874 -7.748228195100749e-05 0.999992650552845 1.2368390560150146
0.9999901437563583 0.000314337386150474 -0.004428722405550358 -0.006971375085413456 -0.0003141347274783788 0.9999999495806232 4.645561247022913e-05 -0.026854973286390305 0.0044287367849927305 -4.5063939086449145e-05 0.9999901920817676 1.2507569789886475
0.99999024276937 0.0002850003387532641 -0.0044083036264817195 -0.006852599326521158 -0.00028502285111991886 0.9999999593709575 -4.4785736022832406e-06 -0.025641530752182007 0.00440830217098157 5.734997172029807e-06 0.9999902833723331 1.2106139659881592
0.9999874111068091 0.00036056720624570525 -0.005004759653661938 -0.008089106529951096 -0.0003594799478717769 0.9999999115939533 0.00021814273368278344 -0.02566898986697197 0.00500483786632697 -0.00021634087676779964 0.9999874523185561 1.1998916864395142
0.99999190439518 0.00047651280075459724 -0.003995507433605479 -0.00672111613675952 -0.0004759823141050632 0.9999998777798074 0.0001337206308941654 -0.027039647102355957 0.003995570664866137 -0.00013181775747050987 0.9999920089876424 1.2700974941253662
0.9999927947839037 0.00037117059007097877 -0.0037779111517840954 -0.005867592990398407 -0.0003712384722552938 0.9999999309419224 -1.7266939482098318e-05 -0.027809426188468933 0.0037779044819086977 1.866932103437259e-05 0.9999928635191264 1.3035699129104614
0.999990868428409 0.00036453772217620497 -0.004257953974072658 -0.006604949478060007 -0.0003644698220482333 0.9999999334410494 1.6722596681380734e-05 -0.02661813050508499 0.004257959786685013 -1.5170548250572122e-05 0.9999909347330651 1.245926856994629
0.9999875976850663 0.00039289589254570774 -0.0049648875986759555 -0.007548907306045294 -0.00039211057445162357 0.9999999104607921 0.00015914680395605997 -0.027181586250662804 0.004964949682249439 -0.00015719804523887205 0.9999876622056031 1.2582533359527588
0.9999969867050885 0.0011721257475497382 0.00215701227965867 0.0025986740365624428 -0.0011711063029741882 0.9999992020014384 -0.0004738211827495638 -0.03659720718860626 -0.002157565936374009 0.00047129366431030394 0.9999975613927825 1.8265879154205322
0.999997408725696 0.000723429697658089 -0.0021585160100034964 -0.0038552572950720787 -0.0007229303886449556 0.9999997117524905 0.00023209176811408885 -0.031280603259801865 0.002158683289894268 -0.00023053070988264583 0.999997643468246 1.4700196981430054
0.9999970161248978 0.0008742062606141274 0.002281119180290443 0.0032147327437996864 -0.0008706459388066846 0.9999984021498459 -0.0015613050323485874 -0.03515263646841049 -0.002282480438037817 0.0015593143264591204 0.999996179403642 1.8599729537963867
0.999986015500956 0.000269760557007868 -0.005281669410695238 -0.006225826218724251 -0.00026644469574393215 0.9999997669980216 0.0006284991063740891 -0.03616661578416824 0.005281837724324831 -0.0006270830443297842 0.9999858543785055 1.7447688579559326
0.9999951684075361 0.0011196524339598668 0.002899920690421902 0.0032662907615303993 -0.0011182600833781683 0.9999992587241925 -0.0004817109626624055 -0.03720194846391678 -0.0029004578896326605 0.0004784657696782872 0.9999956791979342 1.839868426322937
0.9999943662215135 0.0003095409076111842 -0.0033424107557571744 -0.0021996330469846725 -0.00030669419034576003 0.9999995898683225 0.0008521747828623054 -0.03979445993900299 0.003342673167884375 -0.0008511448839378069 0.9999940510265445 2.1157455444335938
0.9999960598375108 0.0015596349738670457 0.002334062595913071 0.0036128228530287743 -0.0015554519933910652 0.9999971830545984 -0.0017928892782644748 -0.04043281078338623 -0.0023368522738088275 0.001789251691671881 0.9999956688405376 2.1689929962158203
0.9999959280193325 0.001124206925296338 -0.0026229951473417438 -0.0022228388115763664 -0.0011232638253148412 0.9999993039797999 0.00036099625281753073 -0.03700796514749527 0.00262339915617156 -0.00035804846728478283 0.999996494782938 2.120823383331299
0.9999951989918011 0.00094393610372495 0.0029514365960511884 0.0037181517109274864 -0.0009369745059936919 0.9999967781013586 -0.0023592086973541677 -0.035551510751247406 -0.002953654029087284 0.0023564319499273117 0.9999928615526924 1.8903814554214478
0.9999870196657932 0.0004966636603792562 -0.005070880114288113 -0.007796153891831636 -0.000494702500260087 0.9999998023640853 0.0003879964266626819 -0.027614451944828033 0.005071071815825562 -0.0003854828132683352 0.9999870677331981 1.2734392881393433
0.9999986838861781 0.0007753658266278967 -0.001425143412693244 -0.0026517165824770927 -0.0007753036854202456 0.9999996984772018 4.415541938691554e-05 -0.03135896474123001 0.001425177219583267 -4.3050442333244315e-05 0.9999989835077596 1.4981930255889893
0.9999975362955864 0.0005990672791503672 -0.0021374099168168553 -0.003559242933988571 -0.0005990842550106834 0.9999998205223519 -7.302021412282724e-06 -0.029732398688793182 0.0021374051587974507 8.582492049929015e-06 0.999997715710155 1.4046974182128906
0.9999871767297747 0.00041928163813315556 -0.005046838507640244 -0.007843628525733948 -0.0004181559323045632 0.9999998874613195 0.00022410480699830082 -0.025700606405735016 0.005046931902706289 -0.00022199156778044904 0.9999872395176417 1.2012059688568115
0.9999844328813595 0.00043154354063493867 -0.005563071554355931 -0.008542324416339397 -0.0004298810369831979 0.9999998625895484 0.0003000386290097336 -0.02636019140481949 0.0055632002696640445 -0.0002976424993042007 0.9999844809854315 1.2094635963439941
0.9999885039742065 0.00038489217871030183 -0.004779516444100121 -0.007263129111379385 -0.000384115234382891 0.9999999128658682 0.0001634739827648465 -0.026442835107445717 0.004779578947498493 -0.00016163621838456165 0.9999885646840256 1.227827548980713
0.9999860163181754 0.0004182656161978148 -0.0052718328862243775 -0.008091269060969353 -0.00041682809017486286 0.9999998756504378 0.0002737762812940741 -0.02652040868997574 0.0052719467418792625 -0.00027157500485997947 0.99998606631521 1.2222986221313477
0.9999901519105683 0.00041846575998508775 -0.004418253986142747 -0.006838977336883545 -0.0004178293458971393 0.9999999022020264 0.00014496404815555482 -0.02671157196164131 0.004418314216537042 -0.00014311654436360675 0.9999902289608327 1.2484413385391235
0.9999885119084184 0.000457989951596439 -0.004771404027248065 -0.007357391528785229 -0.00045697674995915174 0.9999998728084846 0.00021343679340289726 -0.027244016528129578 0.004771501172272635 -0.0002112539207163539 0.9999885940091237 1.2630958557128906
0.9999904481876634 0.0004272341730617475 -0.00434982808827812 -0.006733693182468414 -0.00042636001141908603 0.9999998887287864 0.00020188995904918516 -0.02802516147494316 0.004349913858557173 -0.00020003343788079433 0.9999905190730795 1.2902003526687622
0.9999915099142267 0.00038316718016904013 -0.00410283833184225 -0.006279734894633293 -0.000383060078114523 0.999999926270945 2.689016918514278e-05 -0.025998136028647423 0.004102848332774157 -2.5318307313413185e-05 0.9999915829618475 1.2329738140106201
0.9999851357776899 0.00036016938001358974 -0.0054404505046038 -0.008347945287823677 -0.00035888299152448603 0.9999999074165856 0.0002374232903817466 -0.025664210319519043 0.005440535513507614 -0.00023546727611684364 0.9999851724543161 1.190502405166626
0.9999883996246995 0.0004318988407692819 -0.004797299180105198 -0.007726602256298065 -0.00043085686324928236 0.999999883368524 0.00021823221963232947 -0.02621838077902794 0.004797392874831791 -0.0002161627387798706 0.9999884690811564 1.2124438285827637
0.9999918533581227 0.0003870702300309174 -0.00401788427207346 -0.006408303044736385 -0.00038659288967373437 0.9999999181232921 0.00011957987498814379 -0.026613272726535797 0.004017930228912043 -0.00011802561532261102 0.9999919211206807 1.2581127882003784
0.9999918293838719 0.00041785811498836606 -0.004020766107687686 -0.0065232329070568085 -0.0004173826427298908 0.999999905804346 0.00011909252082421559 -0.02587679773569107 0.004020815492725254 -0.00011741334978111876 0.9999919095957119 1.2357901334762573
0.999990521708095 0.0004034609009870387 -0.0043351716544569666 -0.006949178408831358 -0.00040294688824630686 0.9999999116838469 0.0001194407968399031 -0.025145119056105614 0.004335219461282789 -0.00011769282081698824 0.9999905959660934 1.1977083683013916
0.9999873891233243 0.00035474912812448413 -0.005009565587268701 -0.0078929103910923 -0.0003537380553858255 0.999999916888405 0.00020271302654774838 -0.025157606229186058 0.005009637083185142 -0.00020093839616960188 0.9999874315010442 1.1815159320831299
0.999987106988446 0.0003333574544241321 -0.005067023750266174 -0.008003149181604385 -0.00033250819865850563 0.999999930532127 0.0001684459521223888 -0.02343633770942688 0.005067079550984619 -0.00016675895340702098 0.9999871483655554 1.1169602870941162
0.999979697414945 0.00036142021442324906 -0.006361928429656018 -0.010044731199741364 -0.0003589718230358147 0.9999998610761647 0.0003859881890646075 -0.023103874176740646 0.006362067049766575 -0.00038369659946015165 0.9999796882336032 1.0862772464752197
0.9999939172355765 0.0004669629667728389 -0.0034565065361238396 -0.006518598645925522 -0.00046573135401862186 0.9999998277820994 0.00035711353531262414 -0.028480391949415207 0.003456672699647465 -0.0003555015596058733 0.9999939624980184 1.3603103160858154
0.9999995565034046 0.0007450168555159954 0.0005761448422606888 0.0002931244671344757 -0.0007445850013753401 0.9999994419888523 -0.0007494098743704333 -0.03165871277451515 -0.0005767028437535401 0.0007489805532015383 0.9999995532208806 1.6040194034576416
