0.9999843679600755 0.0006797941029637022 0.005549929320787632 -0.0012745552230626345 -0.0006798390697564182 0.9999997688900755 6.215687877313774e-06 -0.019214000552892685 -0.005549923812755921 -9.988649500090851e-06 0.9999845990043543 0.9015896916389465
0.99999802675664 0.0019283326100454016 -0.00047751038841999533 -0.009247423149645329 -0.001928087591256561 0.9999980096285225 0.0005130470092215856 -0.01878121681511402 0.00047849876327530635 -0.0005121253150003727 0.9999997543832673 1.1170122623443604
0.9999985287850119 0.0016963542904306456 0.00025457795080332434 -0.008612306788563728 -0.0016965678200890342 0.9999982072703143 0.0008409005823238271 -0.019601590931415558 -0.00025315102910322397 -0.0008413312539373239 0.9999996140380644 1.0896539688110352
0.9999988695134993 0.0013707166163913847 -0.0006181485915304935 -0.008908930234611034 -0.0013702265164379926 0.9999987471480258 0.0007925791268732586 -0.018041707575321198 0.0006192342184608205 -0.0007917312272820409 0.9999994948551957 1.0686115026474
0.9999992924213398 0.0011896034299686414 -7.066677487851234e-07 -0.008221042342483997 -0.0011896026692073312 0.9999990588902997 0.0006834208106880901 -0.018443098291754723 1.5196668242397516e-06 -0.0006834194864602683 0.9999997664677209 1.0576868057250977
0.9999992643907906 0.0011662134459385163 0.0003334127717067728 -0.008247341960668564 -0.0011664473604049265 0.999999073126043 0.0007022446940542487 -0.01966356486082077 -0.0003325934954706128 -0.000702633085924067 0.999999697844111 1.0812976360321045
0.9999986298899293 0.0011558996158670069 0.0011849533082344528 -0.007112542167305946 -0.0011565521129431695 0.9999991798800775 0.00055011488152238 -0.019434630870819092 -0.0011843164588504027 -0.0005514845880568182 0.9999991466292733 1.0348215103149414
0.999998942231583 0.001283134775175073 0.0006849093837020686 -0.006769257597625256 -0.001283578103031308 0.999998966757851 0.0006472329440035282 -0.018601125106215477 -0.0006840781889267352 -0.0006481113940684423 0.9999995559942276 0.9962440729141235
0.9999989298424381 0.00142566188701929 0.0003283323960192613 -0.007994117215275764 -0.0014259741636281228 0.9999985293486209 0.0009528369640396152 -0.018544500693678856 -0.0003269734898125958 -0.0009533041378677386 0.9999994921496498 1.0401643514633179
0.9999993124968864 0.0011085826665416362 0.0003821651811678355 -0.008441663347184658 -0.0011089547633481827 0.9999989099707237 0.0009748213668162915 -0.019427001476287842 -0.00038108409452637274 -0.0009752445005216085 0.9999994518363883 1.0787391662597656
0.9999994301098755 0.0009369705165696073 0.0005117286151971235 -0.007595790550112724 -0.0009373683845027344 0.9999992581740028 0.0007778122884065778 -0.019169975072145462 -0.0005109994484018707 -0.000778291523364367 0.9999995665708404 1.0404431819915771
0.9999992225914515 0.0009942026707274267 0.0007525805884923902 -0.007161903195083141 -0.0009946973311385737 0.9999992893344389 0.000657196954186738 -0.01869134232401848 -0.0007519266666922375 -0.0006579450331790479 0.999999500857186 1.0151368379592896
0.999998978231916 0.001422306028322917 0.0001434597008378724 -0.008432802744209766 -0.0014224344913331868 0.9999985839034528 0.0008993726740464838 -0.020183783024549484 -0.00014218031450908018 -0.000899575817122778 0.9999995852739676 1.0921874046325684
0.9999984490321591 0.0015361935871006037 -0.000861418910572172 -0.009916132315993309 -0.0015353578876803084 0.9999983509193053 0.0009699664049177575 -0.021604422479867935 0.0008629075461938141 -0.0009686423142121126 0.999999158560963 1.172521948814392
0.9999978159123711 0.001984736431695587 0.0006549746437299581 -0.008124032989144325 -0.0019853349622384257 0.9999976111184782 0.0009144410447481511 -0.02075854316353798 -0.0006531581546169852 -0.0009157393915883549 0.9999993674026957 1.0538973808288574
0.9999983959088888 0.0017290141661124565 0.00046764266579417537 -0.007486551068723202 -0.0017294297778328012 0.9999981086639209 0.0008897984181531155 -0.019440054893493652 -0.0004661033072547582 -0.0008906057459869916 0.9999994947844286 1.0184049606323242
0.9999988468178878 0.0014680532092991535 -0.00038882215667311815 -0.00857753399759531 -0.0014676941924176541 0.9999984978696477 0.000922026141646033 -0.019373591989278793 0.0003901751560478561 -0.0009214544063607467 0.999999499342437 1.06687593460083
0.9999990995257968 0.0013419255661754415 -1.3541427410911993e-05 -0.007214471697807312 -0.0013419141285364155 0.999998769975045 0.0008119820617166963 -0.018272943794727325 1.4631030242511833e-05 -0.0008119631591150331 0.9999996702508261 0.9888749122619629
0.9999983634068383 0.0012546856862466755 0.0013034367930612007 -0.0055192625150084496 -0.0012557101512362017 0.9999989031285291 0.0007854513063186649 -0.016832642257213593 -0.0013024498688472864 -0.0007870867596669698 0.9999988420587155 0.8986283540725708
0.9999966194657112 0.0007820015855406507 0.0024798247255805113 -0.003126309486106038 -0.0007828251996021942 0.9999996387546176 0.00033117267527183077 -0.01626220904290676 -0.0024795648521981303 -0.00033311282501702756 0.9999968703920974 0.8185637593269348
0.9999967114051248 0.0017417529386456855 0.0018824121855043272 -0.005337818525731564 -0.0017429106049910202 0.9999982929230694 0.0006135255251773801 -0.0165233351290226 -0.0018813403621954997 -0.0006168043837015619 0.9999980400534761 0.893397331237793
0.9999991557114395 0.0012204836507786762 0.00044608975069782464 -0.007613427937030792 -0.001220872221175695 0.9999988746938008 0.0008718269042909815 -0.019311178475618362 -0.0004450251982272668 -0.000872370786802278 0.9999995204607763 1.0393906831741333
0.999999311905394 0.0011509761179077027 0.00022680986487125986 -0.007559553720057011 -0.001151156979270019 0.9999990182949867 0.0007989034186687789 -0.019201038405299187 -0.00022589012345547584 -0.0007991639627065596 0.9999996551552471 1.0320568084716797
0.9999985236216689 0.0016508344081161822 0.0004769698520272138 -0.008611767552793026 -0.0016514140282873641 0.9999978953993377 0.0012173859710745024 -0.020572490990161896 -0.0004749591455471396 -0.0012181718484569417 0.9999991452352136 1.0921133756637573
0.9999992927594877 0.0011871421052885645 7.193153749730422e-05 -0.007744437083601952 -0.0011871823620872625 0.9999991372527501 0.0005622204144339795 -0.02010977640748024 -7.12640399121407e-05 -0.0005623054126615203 0.9999998393670168 1.109663486480713
0.9999976306847708 0.0021093538222651097 0.0005378208787555235 -0.009921609424054623 -0.002109996516438819 0.9999970572577781 0.001197242868058414 -0.021024977788329124 -0.000535293887267397 -0.0011983748315932958 0.9999991386787379 1.17228102684021
0.9999982718410415 0.001523310438748604 -0.001065758057666107 -0.011656423099339008 -0.0015219867591233108 0.9999980708442705 0.001241718181500961 -0.024066735059022903 0.001067647523920708 -0.0012400939659623648 0.9999986611469638 1.291520118713379
0.9999983272789844 0.0016742367608177293 -0.0007364580787323575 -0.010949204675853252 -0.0016734845242127553 0.9999980786474588 0.0010208579420382252 -0.022885464131832123 0.0007381658216308896 -0.0010196237832302015 0.9999992077389662 1.267655372619629
0.9999983665229055 0.0016288798851081506 -0.0007833912437986025 -0.012260301038622856 -0.0016278508649775216 0.9999978138589525 0.0013123943300240247 -0.024447770789265633 0.0007855272639203543 -0.0013111169421441142 0.9999988319589588 1.33858060836792
0.9999984016687014 0.001577472392580342 -0.0008415704920977295 -0.012837662361562252 -0.0015764946501543077 0.9999980831284803 0.001161207984416371 -0.025382569059729576 0.0008434006524526821 -0.0011598793970427853 0.9999989716770331 1.4010334014892578
0.9999980980501019 0.001575739614394493 -0.0011493219072281073 -0.012798161245882511 -0.0015744121502004784 0.9999980936110617 0.001154989447364208 -0.025060180574655533 0.0011511396787999562 -0.0011531777442569148 0.9999986725283839 1.3748652935028076
0.9999977138123227 0.0017634444881017258 -0.001209393924916551 -0.013065165840089321 -0.0017618870705477902 0.9999976188842818 0.0012876256122783068 -0.024707484990358353 0.0012116617014983773 -0.0012854918530049893 0.9999984396920913 1.3779330253601074
0.9999983001003113 0.0015980527140533737 -0.0009197956353099847 -0.012965038418769836 -0.0015968751507610675 0.9999979063580602 0.0012795582241454685 -0.024765878915786743 0.0009218385110801516 -0.0012780872502310369 0.9999987583525992 1.372193694114685
0.9999988755827055 0.0013127601603840381 -0.000724909708797208 -0.011429854668676853 -0.0013120394344990718 0.9999986454455797 0.0009938106097585155 -0.023758012801408768 0.0007262133618430156 -0.0009928583821762853 0.9999992434229068 1.3004124164581299
0.999998597527969 0.0015242665914383057 -0.0006939405259908625 -0.01098009292036295 -0.001523497719377145 0.9999982265703921 0.0011071633891115132 -0.022429917007684708 0.0006956269075014737 -0.0011061046195370956 0.9999991463175238 1.2331976890563965
0.9999981856541102 0.0018597486396292663 -0.000412339041670073 -0.012411383911967278 -0.001859174230002857 0.9999973069519098 0.0013890860702630143 -0.024237066507339478 0.00041492128215070385 -0.001388316939860115 0.9999989502076511 1.3463339805603027
0.9999978820376033 0.0015166428064548514 -0.0013912997179029963 -0.013495838269591331 -0.0015149814598960688 0.9999981391485642 0.0011943745579903668 -0.025581618770956993 0.0013931085684825075 -0.0011922642350721837 0.9999983188758419 1.4051504135131836
0.9999987553361018 0.0013624115813213144 -0.0007957141008260202 -0.009808951057493687 -0.0013617343534792436 0.9999987107239854 0.0008510169901260358 -0.021991882473230362 0.0007968725103341644 -0.0008499323796692689 0.9999993213043459 1.1709725856781006
0.9999987884968943 0.001471182093986176 0.000508554805402794 -0.0070572420954704285 -0.0014715416291459173 0.999998667127745 0.0007073245134274341 -0.018954167142510414 -0.0005075135244054117 -0.0007080720160684416 0.9999996205319494 1.0004876852035522
0.9999978797845518 0.0020487570644785757 -0.00020741478198322536 -0.010428504087030888 -0.0020485169429863225 0.9999972389757694 0.0011513553631064429 -0.021615391597151756 0.00020977305673987616 -0.0011509280292898974 0.9999993156797339 1.2027866840362549
0.9999981402318561 0.0015126903935413815 -0.0011963697601289004 -0.011437196284532547 -0.0015113617113094945 0.9999982410414794 0.0011107203632860518 -0.02282230742275715 0.0011980478317875705 -0.0011089101501556755 0.9999986674989484 1.2575061321258545
0.999998638780505 0.0015294006857892717 -0.0006191693462245354 -0.011272741481661797 -0.0015286525536102275 0.9999981032337163 0.0012069591293610669 -0.02281009778380394 0.0006210140959251601 -0.0012060109916225469 0.9999990799390671 1.2448656558990479
0.9999976782507042 0.0018157519020977632 -0.0011604043396205336 -0.012309751473367214 -0.001814348190901636 0.9999976225205369 0.0012095841914581777 -0.025132808834314346 0.0011625978855794347 -0.001207476005592628 0.9999985951829397 1.3673090934753418
0.9999954896695158 0.0014351544498701267 -0.0026383654657190243 -0.013406976126134396 -0.0014321593657463689 0.9999983283655772 0.0011367434198149599 -0.025529757142066956 0.0026399924577138 -0.0011329597329144691 0.9999958734125192 1.3862183094024658
0.9999980682489064 0.0015048346098039333 -0.0012645043507127894 -0.009694330394268036 -0.001503678834183361 0.9999984513471093 0.0009144688878960186 -0.02125261165201664 0.001265878516866566 -0.0009125657129418447 0.9999987823869589 1.1505086421966553
0.9999987163085086 0.0015103331434474158 -0.0005350468493679004 -0.00797240436077118 -0.0015099221633561432 0.9999985653903649 0.0007676928244920951 -0.019326599314808846 0.0005362055537013522 -0.0007668839599150537 0.9999995621862023 1.0376485586166382
0.999997542956567 0.0014163503661797992 0.0017052954198828205 -0.004841676913201809 -0.0014173213609970441 0.9999988341021816 0.0005683259953698283 -0.01778455451130867 -0.001704488482950959 -0.0005707415505935839 0.999998384485242 0.9015184640884399
0.9999958331578257 0.0016427408650762025 0.0023738301194779106 -0.00533637497574091 -0.0016442403891000405 0.9999984498635268 0.0006298762467888197 -0.01847941055893898 -0.0023727917162667204 -0.0006337767695532177 0.999996984088691 0.9439922571182251
0.9999966130596709 0.001345748696944045 0.002227740925526108 -0.004717584699392319 -0.0013473251496040153 0.9999988429291561 0.0007062968851702162 -0.018719535320997238 -0.002226787849759162 -0.0007092959843605751 0.9999972691538105 0.8864912986755371
0.9999976261158174 0.0014622808494280056 0.0016153938985062047 -0.005281007848680019 -0.0014635092674739484 0.9999986406304757 0.0007595247361023175 -0.01670239120721817 -0.0016142810641127001 -0.0007618870770196447 0.9999984068110949 0.8827006220817566
0.9999989572065611 0.0012920103787372593 0.0006452092464297354 -0.006114893592894077 -0.0012924910446178966 0.9999988871336943 0.0007451162811653387 -0.0175545085221529 -0.0006442458304294733 -0.0007459494313358846 0.99999951425326 0.9325907826423645
0.9999990983410167 0.0013146230744198392 0.00027401336888579163 -0.006692990660667419 -0.001314855234943818 0.999998775338973 0.0008488087334373661 -0.01789887063205242 -0.0002728971697655519 -0.0008491682560138704 0.999999602220125 0.9594012498855591
0.9999898832740154 0.0011507089317841313 0.004348473131511365 -0.01122349500656128 -0.0011526990281453635 0.9999992320498046 0.00045517551754603136 -0.025689726695418358 -0.0043479460175670035 -0.00046018339341265485 0.9999904417526564 1.3190934658050537
0.9999420713557565 0.000672245935397464 0.010742533135241185 -0.012667330913245678 -0.0006645567734818139 0.9999995204702302 -0.0007193216282733376 -0.038735877722501755 -0.01074301154491759 0.0007121409357872593 0.9999420385993548 1.839376449584961
0.9999516088368932 -0.001088020303033625 0.009777330736413072 -0.016261959448456764 0.0010894379216724987 0.9999993968091 -0.00013966549679776064 -0.04311809688806534 -0.009777172879919997 0.00015031053309890718 0.9999521910057598 2.114997625350952
0.999939073292546 -0.0006872485954619702 0.011017140836559126 -0.016183409839868546 0.0006923239937577166 0.9999996559764063 -0.00045687477165982167 -0.04511931911110878 -0.011016823059857617 0.0004644743667280235 0.9999392050886048 2.151827812194824
0.9999547688862293 -0.001787194484166101 0.009341633559677726 -0.017685428261756897 0.0017871223831619665 0.9999984029664643 1.6065747974896897e-05 -0.04435376822948456 -0.009341647353391817 6.296211265746293e-07 0.999956365860195 2.2010436058044434
0.9999748207715159 -0.0018798602293078285 0.006842802678224567 -0.02029634825885296 0.0018741694527648661 0.999997892652477 0.0008379614954089356 -0.042099304497241974 -0.006844363508550203 -0.0008251158244341557 0.9999762366536714 2.29754900932312
0.9999402336869195 -0.0007274590376922881 0.010908705583044303 -0.016331957653164864 0.0007320358328636509 0.9999996457135979 -0.0004155673450827414 -0.04501152038574219 -0.010908399410017299 0.00042352807153163733 0.9999404119477743 2.1527485847473145
0.9999694590671013 -0.0024163189023324065 0.007432518820070255 -0.020147113129496574 0.0024109310986013613 0.9999968244910309 0.0007337704626966413 -0.04547769948840141 -0.007434268241479066 -0.0007158287618979299 0.9999721092335011 2.3664305210113525
0.9999692227952166 -0.0015207405090761157 0.007696805222565205 -0.01946106180548668 0.0015173708905435715 0.9999987503948525 0.0004436150510859382 -0.041303545236587524 -0.007697470227976403 -0.0004319224896597618 0.9999702807559092 2.2239596843719482
0.9999674411860711 0.0015547514843107177 -0.007918289941833351 -0.020175643265247345 -0.0015260408867727182 0.9999922449033407 0.00363061047049529 -0.013751058839261532 0.007923873231747433 -0.003618408627919975 0.9999620589562426 1.6905698776245117
0.9999877890974084 0.00021799748253592256 0.004937016626981343 -0.000595886493101716 -0.00021822064065892807 0.9999999751925123 4.466236933125759e-05 -0.01748604327440262 -0.004937006768222284 -4.5739182894699816e-05 0.9999878118617737 0.7750117778778076
0.9999760736020079 2.928878881063137e-05 0.006917468155269792 0.0013413093984127045 -2.870228347442236e-05 0.9999999959853253 -8.488538692215257e-05 -0.01795724779367447 -0.006917470613688577 8.468480878868349e-05 0.999976070428084 0.6266720294952393
0.9999959718130333 0.0016701366874144875 0.0022949948044198322 -0.00576002337038517 -0.0016719161497855612 0.9999983030664591 0.0007736669764015076 -0.019116079434752464 -0.0022936987803650432 -0.0007775008988034601 0.9999970672148281 0.9496656060218811
0.9999891000520411 0.00019646435387467079 0.0046648878728804775 -0.0017765271477401257 -0.0001966019133566061 0.9999999802524812 2.9029724761854985e-05 -0.019703708589076996 -0.0046648820774543975 -2.9946534220768148e-05 0.9999891189300054 0.8771469593048096
0.9999755506183979 8.439548422485529e-05 0.006992213014071898 0.001561278710141778 -8.437518111975463e-05 0.9999999964352987 -3.1986618845706006e-06 -0.016842219978570938 -0.006992213259099365 2.6086144397753467e-06 0.999975554174668 0.6164363622665405
0.9999874692445856 0.0008364870022018027 0.004935751544013347 -0.0006269384175539017 -0.0008363343677962687 0.9999996497282423 -3.298814936632851e-05 -0.015987664461135864 -0.00493577740931715 2.8859797352735368e-05 0.9999878185600451 0.711418628692627
0.9999950380481941 0.0012823091187197913 0.002877422859909137 -0.0031446090433746576 -0.0012831763479649375 0.9999991318592343 0.00029956508053758095 -0.016325362026691437 -0.002877036226866629 -0.0003032558350670177 0.9999958153404681 0.8051210641860962
0.9999974699002475 0.001322021662886147 0.0018200142379281008 -0.004446239210665226 -0.0013229282274072511 0.999999001428065 0.0004969947463065376 -0.01661066897213459 -0.0018193553826920039 -0.0004994012370698911 0.9999982202706141 0.8556995987892151
0.9999974869615059 0.001690105006697183 0.0014729615539367236 -0.006314319558441639 -0.0016912326562223104 0.9999982775142945 0.0007646571433344174 -0.018202003091573715 -0.0014716666659151457 -0.0007671463424029591 0.9999986228409088 0.9547827839851379
0.9999857271640422 0.0002210653860035461 0.005338220517815149 -0.0006694444455206394 -0.00022181707419571527 0.9999999655676481 0.00014022085501331862 -0.016095062717795372 -0.005338189336030222 -0.00014140296212073044 0.9999857417682589 0.7633566856384277
0.9999620436794776 0.0003190448343426282 0.008706859982603966 0.0025783206801861525 -0.00031529385011448447 0.9999998569063376 -0.00043217715419815723 -0.003798319026827812 -0.00870699662059605 0.000429415530937247 0.9999620011841205 0.48437392711639404
0.9999935129370624 0.001441287620221936 0.0033010261721727503 -0.002056676195934415 -0.0014402396364044821 0.9999989117095602 -0.00031982727431308187 -0.016383184120059013 -0.0033014835427886014 0.00031507093083945237 0.9999945004532403 0.7714228630065918
0.9999795668091064 0.000266625632952246 0.006387086584958607 0.0007094311295077205 -0.0002680023373133818 0.9999999410414631 0.00021469004996801239 -0.015395313501358032 -0.006387028966514865 -0.00021639741729863028 0.999979579308067 0.7154486179351807
0.9999745790355641 0.0005354949281666296 0.007110170731297514 0.0019230797188356519 -0.0005330381007675068 0.9999997975822124 -0.0003474275712048929 -0.006933301687240601 -0.007110355337774771 0.0003436287473582177 0.9999746620621216 0.5507180094718933
0.9999866335057054 0.000716447894617284 0.005120499227642805 -0.0002523378934711218 -0.0007159233093535858 0.9999997382896838 -0.00010428029045299158 -0.014860407449305058 -0.005120572598949879 0.00010061301183848769 0.999986884720635 0.6990225315093994
0.9999954668804248 0.0025575974588275905 0.0015889977469974589 -0.0032692512031644583 -0.002555505102498078 0.9999958668967731 -0.0013174152885757483 -0.015355122275650501 -0.001592360597500025 0.001313348624724405 0.9999978697492898 0.8105638027191162
0.999978181513826 0.00019910824492522355 0.006602791243737053 0.0011691926047205925 -0.0001987469772239193 0.9999999787168734 -5.537049534615359e-05 -0.010099310427904129 -0.00660280212793116 5.405700244483313e-05 0.9999781998033256 0.597663164138794
0.9999763932434892 0.0004299002314441249 0.006857706725522742 0.0017225861083716154 -0.0004273720145933441 0.999999840178782 -0.00037012912804269626 -0.010684454813599586 -0.006857864748113511 0.0003671895985557161 0.9999764171533722 0.5718767642974854
0.999987775143203 0.0008067687082393305 0.004878389939174117 -0.0003282851539552212 -0.0008064405480619596 0.9999996724300365 -6.92348353865323e-05 -0.014595016837120056 -0.004878444197658812 6.529985754437679e-05 0.9999880981882431 0.6896699070930481
0.9999923983489792 0.0012551573961517711 0.003691588298736766 -0.0013558322098106146 -0.0012539257880062706 0.999999157413205 -0.0003359211191354955 -0.014025526121258736 -0.0036920068221304196 0.00033128958781388905 0.9999931296428164 0.7193053960800171
0.9999950996545737 0.0014391566727963124 0.0027801969194133505 -0.0025087252724915743 -0.0014382849836662773 0.9999989158946149 -0.0003155089553738016 -0.014154160395264626 -0.0027806479722053516 0.00031150869379010767 0.9999960854719325 0.7681111693382263
0.9999956449011213 0.0019345304167980538 0.0022288496712113116 -0.00270647625438869 -0.0019328354581237962 0.9999978414697739 -0.000762366633947305 -0.014012039639055729 -0.00223031968161405 0.0007580553140898877 0.9999972255092803 0.7756690382957458
0.9999944279513245 0.0023416925909005067 0.002379189381401586 -0.001993201905861497 -0.0023384111610303447 0.9999963122344372 -0.0013810687048978277 -0.013520998880267143 -0.002382414645862702 0.0013754974865121056 0.9999962160464005 0.7488911151885986
0.9999923332332753 0.0026052363877850124 0.002923391529307313 -0.0010627198498696089 -0.0025997124973179916 0.9999948313554113 -0.0018917603953793002 -0.012826666235923767 -0.0029283049023545176 0.0018841459142003563 0.9999939374939093 0.7072697281837463
0.9999945849065074 0.002084848363806519 0.0025462845406584904 -0.0026725500356405973 -0.0020825866542667996 0.9999974348576253 -0.000890567794787477 -0.013566495850682259 -0.0025481347078859387 0.0008852601140772656 0.9999963616554017 0.7727112770080566
0.9999824191405974 0.00023039911783489926 0.005925227925100597 8.637667633593082e-05 -0.00023021718957028155 0.9999999730074802 -3.1386043534136976e-05 -0.016010865569114685 -0.005925234996480509 3.00214024200384e-05 0.9999824451903899 0.6928168535232544
0.9999763725721292 5.628951793115173e-05 0.006873945662883305 0.0007295340765267611 -5.553510987027674e-05 0.9999999924145527 -0.00010993973807171203 -0.018056385219097137 -0.006873951799196211 0.00010955539515085007 0.9999763681129058 0.6230776309967041
0.9999780975855945 0.0002485599199494828 0.006613816376457287 0.0004836150910705328 -0.000248996077165569 0.9999999668799711 6.512304070969746e-05 -0.017671678215265274 -0.006613799970429711 -6.676842869070374e-05 0.999978126356736 0.7028729915618896
0.9999919138140406 0.0010646643944504292 0.003877988687405498 -0.001960443565621972 -0.0010654771431987836 0.9999994108467725 0.00020752003612513358 -0.015934890136122704 -0.0038777654634823493 -0.00021165026638754518 0.9999924590411545 0.7478101849555969
0.9999968330482397 0.0016028167786494843 0.001940327772506131 -0.0029581801500171423 -0.001603195972320043 0.9999986960841993 0.00019388804804336928 -0.015426887199282646 -0.0019400144754655067 -0.00019699815967913682 0.9999980987659726 0.7698631882667542
0.9999987841811404 0.0013731297492118836 0.0007390202521061113 -0.004636882804334164 -0.0013734797942684918 0.9999989447402421 0.0004733620784286418 -0.014626512303948402 -0.0007383694846957397 -0.0004743765322899223 0.9999996148886308 0.8430187702178955
0.9999968641252895 -0.0009028974282627977 0.0023359186246452368 -0.005947231315076351 0.000905424604163643 0.999999005772976 -0.001081045487247452 -0.015136415138840675 -0.0023349402290215437 0.0010831570954203255 0.99999668740693 0.820442259311676
0.9999936146422291 0.002650523561962675 -0.002396956323480039 -0.01022874191403389 -0.0026430616702555125 0.9999916682366442 0.0031108973465250674 -0.010553566738963127 0.0024051818593229897 -0.003104542178948654 0.9999922884293073 0.9417660236358643
0.9999955253695182 0.0008284156259879933 0.0028745379614850356 -0.0024095859844237566 -0.0008303904612894028 0.9999994200071248 0.0006858841707839698 -0.014272012747824192 -0.002873968097108803 -0.0006882680906095835 0.999995633287672 0.7563751935958862
0.999993114822439 0.0010304849071912081 0.003564885492191398 -0.001894635846838355 -0.0010320960741843123 0.9999993660735497 0.0004501446353684822 -0.015066509135067463 -0.003564419365063391 -0.00045382084036414694 0.9999935444597805 0.7471449971199036
0.999996464844786 0.001420103205181466 0.002248022423728764 -0.0037211121525615454 -0.0014213751926732893 0.9999988306122093 0.0005643286062714097 -0.01570785604417324 -0.002247218390056247 -0.000567521894587856 0.999997313960596 0.8029168844223022
0.999998175057763 0.0011029458913450125 0.0015599331731056126 -0.0038990213070064783 -0.001103898710165825 0.9999992046056708 0.0006100784076818401 -0.015243462286889553 -0.0015592590488704618 -0.0006117993025417223 0.9999985972054322 0.8155021071434021
0.9999984011597373 0.001363498924965178 0.001156956633212007 -0.004516115412116051 -0.0013641979479333667 0.9999988873044623 0.0006036172598915281 -0.014989501796662807 -0.0011561323143865713 -0.0006051946126688253 0.9999991485484139 0.8324284553527832
0.9999981886832351 0.0015171821728058223 0.0011492556303054574 -0.004499924369156361 -0.0015178259003236893 0.999998691603289 0.0005594606748731492 -0.015015591867268085 -0.001148405322860867 -0.0005612040314744199 0.9999991831072912 0.828910231590271
0.999998666830075 0.001427198948950946 0.0007933733250778095 -0.005407975986599922 -0.0014277168062812133 0.9999987679036266 0.0006525457454196095 -0.015480794943869114 -0.0007924410349634077 -0.0006536775878951157 0.9999994723712694 0.8799512386322021
0.9999986970586033 0.0013280253893158613 0.0009177307125748053 -0.00531043391674757 -0.001328590051549573 0.9999989283446977 0.0006149454697893724 -0.015676667913794518 -0.0009169130658868962 -0.0006161639564461915 0.9999993898060179 0.8766241073608398
0.9999985937529298 0.001493366084735601 0.0007631185361042561 -0.0058075301349163055 -0.0014938518725765 0.9999986816939437 0.000636409426132975 -0.015742283314466476 -0.000762167137827475 -0.0006375485172382412 0.9999995063164493 0.9087698459625244
0.9999990033784334 0.0013189783374024109 0.0005035258532892006 -0.00691329687833786 -0.0013193469351527724 0.9999988614530392 0.0007324044577267107 -0.0177140049636364 -0.0005025592543874121 -0.0007330680530879401 0.9999996050226344 0.9771571159362793
0.9999990097320383 0.0013136823229987049 0.0005047511239989528 -0.00628642737865448 -0.0013140265791635353 0.9999989038955471 0.0006823062754644294 -0.017046738415956497 -0.0005038542370460495 -0.0006829688561911819 0.9999996398421598 0.9360837936401367
0.9999987866217103 0.001405250986215316 0.0006723278758818509 -0.006356670521199703 -0.001405719437424528 0.9999987692136222 0.0006967955968237372 -0.016892503947019577 -0.0006713478756902329 -0.0006977398557105371 0.9999995312254517 0.9396571516990662
0.9999986657052883 0.001241904101225933 0.0010612548450746192 -0.00522865355014801 -0.0012425445912740368 0.9999990461910587 0.0006030753778256254 -0.01658141426742077 -0.001060504871055189 -0.000604393229613049 0.9999992550188436 0.8848692774772644
0.9999984488002666 0.0013530862402610145 0.001127632336936901 -0.005115329287946224 -0.001353781668943353 0.9999988937975471 0.000616180878405718 -0.016125604510307312 -0.0011267973436791612 -0.0006177064905731565 0.9999991743828781 0.8742594718933105
0.9999984308064437 0.0013608071999873992 0.0011342788083076854 -0.005146091803908348 -0.0013614923569854516 0.9999988910666184 0.0006034932439317051 -0.016059689223766327 -0.0011334563125165648 -0.0006050366088621969 0.9999991746034043 0.8772457838058472
0.9999945840580724 0.0010677697313028827 0.0031131531159462517 -0.002440233016386628 -0.001069150779480176 0.9999993307819574 0.00044198670553055467 -0.01566939428448677 -0.003112679092542214 -0.00044531274183677995 0.9999950564504949 0.7841446995735168
0.9999929032533476 0.0010200153601815577 0.003626708095004324 -0.0013332823291420937 -0.0010211575085745045 0.9999994296060705 0.0003130892472293713 -0.014307539910078049 -0.0036263866705107603 -0.00031679046551692563 0.9999933744598097 0.7061012387275696
0.9999928319059981 0.001420317601202204 0.0035098197295993904 -0.0027153596747666597 -0.0014213481297706998 0.9999989475040904 0.0002911360607328165 -0.013606086373329163 -0.0035094025298570775 -0.0002961226495506642 0.9999937981833988 0.7689687013626099
0.9999977768309825 0.0014338240310515775 0.0015461182814492111 -0.004745198413729668 -0.0014349220245795482 0.9999987189551666 0.0007092861262995813 -0.015993567183613777 -0.0015450993093095952 -0.0007115031086112974 0.9999985532146787 0.8422362804412842
0.9999855598639924 0.0004237471608139296 0.0053572849319048 -0.00020275823771953583 -0.00042529049150502466 0.9999998683953231 0.00028694482843506227 -0.015194236300885677 -0.005357162634804687 -0.0002892190872545352 0.999985608476854 0.7276574373245239
0.9999805514540121 0.00035557840624756 0.006226578332152572 0.0011407405836507678 -0.00035513529136552976 0.999999934327942 -7.22705748656414e-05 -0.016228262335062027 -0.00622660362109619 7.005789159784327e-05 0.9999806120616725 0.6234790086746216
0.9999814077739745 0.0004342685981733213 0.00608239403234224 0.000765626085922122 -0.000434347633376053 0.999999905602931 1.1673151503112425e-05 -0.016236696392297745 -0.0060823883888989315 -1.431480792644973e-05 0.9999815020021984 0.6507245302200317
0.9999957798275297 0.0010691393970110638 0.0027013456055106884 -0.002877903403714299 -0.0010704680136788519 0.9999993067845743 0.0004904371544929547 -0.015085372142493725 -0.002700819387212618 -0.000493326788828168 0.9999962310945562 0.7906678318977356
0.9999890518030339 0.0008004171866328928 0.004610380287618028 -0.0009350599721074104 -0.0008020320007425647 0.9999996176747221 0.0003484179666028922 -0.015871204435825348 -0.004610099645224503 -0.0003521118245806297 0.9999893114421394 0.7291297912597656
0.9999903828202595 0.0010207185283750996 0.004265255054064204 -0.0010169586166739464 -0.0010207105521131761 0.99999947906666 -4.0468605593445695e-06 -0.015595465898513794 -0.004265256962856199 -3.067692011782038e-07 0.9999909037501022 0.7032453417778015
0.9999944208427901 0.00131813067847023 0.003069334587043242 -0.0028894587885588408 -0.0013195088099729885 0.9999990295350661 0.00044701837364416176 -0.015586401335895061 -0.0030687423797295145 -0.0004510658936867379 0.9999951896683136 0.7608582377433777
0.99999852161575 0.0012022281397503865 0.0012293957111636543 -0.0048932405188679695 -0.0012030325126426032 0.9999990626593962 0.000653753090115616 -0.016231078654527664 -0.00122860859843975 -0.0006552311266287773 0.9999990305960715 0.8609867095947266
0.9999983089724839 0.0016026000212079007 0.0009020672615835637 -0.006020240485668182 -0.001603299164703811 0.9999984145129155 0.000774857047039462 -0.016912654042243958 -0.0009008240454475528 -0.000776302020421878 0.999999292935356 0.920026957988739
0.9999991301272352 0.0012894596067339 0.0002775584546430074 -0.007409392856061459 -0.0012897044471229812 0.999998777816493 0.0008837578624212372 -0.018104393035173416 -0.0002764185453499162 -0.0008841150620376316 0.9999995709665804 0.9972568154335022
0.9999990133919948 0.0013547582850237222 0.00037127486547960817 -0.006685088388621807 -0.001355063919594722 0.9999987422542653 0.0008241915195327337 -0.017207596451044083 -0.0003701578182206965 -0.0008246938075532466 0.9999995914315731 0.9561222791671753
0.9999985489649522 0.0016011125629671872 0.0005818131578010183 -0.006737107411026955 -0.0016015511067866257 0.9999984332041333 0.0007540711709855671 -0.015974896028637886 -0.000580604893393331 -0.0007550018803086887 0.9999995464349564 0.9542819261550903
0.9999991150869932 0.0012341968477148633 0.0004965716178370291 -0.00701149832457304 -0.0012346071217483174 0.9999988961086633 0.0008267567416564281 -0.017077190801501274 -0.0004955506891115428 -0.0008273690809044737 0.9999995349448512 0.9657210111618042
0.9999986311067912 0.0015900683724923309 0.0004576757741705926 -0.007323996163904667 -0.0015904573922127505 0.9999983732190563 0.0008508845540928936 -0.016769608482718468 -0.0004563220650142595 -0.0008516113031410725 0.9999995332640716 0.9911817908287048
0.9999985396081257 0.0017077901021153303 -6.507367451036006e-05 -0.009141538292169571 -0.0017077218520667537 0.9999980064175157 0.0010348174091164713 -0.018398549407720566 6.68407957094081e-05 -0.00103470477014158 0.9999994624590288 1.0876569747924805
0.9999985790291305 0.0016197986042622483 -0.00046711048132295146 -0.010057122446596622 -0.0016192696817191364 0.9999980499744618 0.0011304923580803476 -0.01914159208536148 0.00046894074038933143 -0.001129734373843219 0.9999992518971336 1.1387662887573242
0.9999987806144779 0.001559722742141399 -7.768220467713077e-05 -0.010601051151752472 -0.0015596117409267785 0.9999977910994784 0.0014090448471923511 -0.019502483308315277 7.987975237773142e-05 -0.0014089219749449892 0.999999004278551 1.1558291912078857
0.9999993509207443 0.0011230398841770232 0.00019219653648096886 -0.008833060041069984 -0.001123215607300224 0.9999989490818963 0.0009166361341438717 -0.019738612696528435 -0.00019116691556022783 -0.0009168514173238164 0.9999995614192483 1.1325421333312988
0.9999992872669909 0.0011869792608604488 -0.00012863026167916393 -0.00895742978900671 -0.0011868558711834764 0.9999988395526577 0.000955126420456943 -0.018548768013715744 0.0001297638276631009 -0.0009549730741255296 0.9999995355937805 1.0840480327606201
0.9999990189428271 0.0013987560393517462 -7.479923634181647e-05 -0.008974337950348854 -0.0013986756251731984 0.9999984552457731 0.0010645245712764945 -0.017810877412557602 7.62881309684913e-05 -0.0010644189070483751 0.9999994305960935 1.0617733001708984
0.9999988640574452 0.0013735358774508506 0.0006207116985541483 -0.009231234900653362 -0.0013743279505770579 0.999998239667064 0.0012774527222457611 -0.019224023446440697 -0.0006189559787491497 -0.0012783043325694252 0.9999989914152563 1.112217903137207
0.9999982503684839 0.0009779877051314147 0.0015946159473050534 -0.008401899598538876 -0.0009794680521136678 0.9999990898918318 0.000927824252089976 -0.020626289770007133 -0.001593707095320988 -0.0009293845041151995 0.9999982981696207 1.122781753540039
0.9999948074247027 0.0011344588170471245 0.003016310133998875 -0.007851234637200832 -0.0011376434440825887 0.9999987971127177 0.0010542962165785875 -0.020484667271375656 -0.003015110450079098 -0.0010577222275153606 0.9999948951533021 1.1040352582931519
0.9999962788263732 0.0011576416095490922 0.002470263004390999 -0.007750879041850567 -0.0011598241256818983 0.9999989382066657 0.0008822661385157769 -0.021048899739980698 -0.0024692390334895642 -0.0008851279260795624 0.9999965596976574 1.1284751892089844
0.9999985723319306 0.001645898455684737 -0.0003825602884563626 -0.010485908947885036 -0.0016454261933277275 0.9999978879484931 0.0012315320521990051 -0.020881138741970062 0.00038458645717216945 -0.0012309008192608645 0.9999991684878694 1.212928295135498
0.9999972805095438 0.0017287013359550338 -0.001565428122733349 -0.011935138143599033 -0.0017267397614892767 0.9999977234945139 0.0012535452068900743 -0.021191079169511795 0.0015675915643014705 -0.0012508387109025707 0.9999979890275813 1.255840539932251
0.9999987629550987 0.0014866065155413925 -0.0005138962344614455 -0.011514243669807911 -0.0014858846630285236 0.9999979129813006 0.0014022053383477874 -0.021187737584114075 0.0005159796895425094 -0.001401440013223649 0.9999988848648026 1.226600170135498
0.9999991780826457 0.0012818236168292748 2.7608850192859213e-05 -0.009603277780115604 -0.001281851540699589 0.999998641443288 0.0010363243730053004 -0.020863838493824005 -2.6280427628656483e-05 -0.0010363589116794702 0.9999994626346284 1.1735554933547974
0.9999992146379235 0.0010225625323154062 0.0007246305292026286 -0.009060773998498917 -0.0010233507579992132 0.9999988842563978 0.0010882275432168517 -0.019615713506937027 -0.0007235169399884244 -0.0010889682397655376 0.9999991453353401 1.0927176475524902
0.9999819893687454 0.0006982282628024162 0.005960991144063648 -0.004786303266882896 -0.0006997720934549921 0.9999997221588255 0.00025690716107239485 -0.020858846604824066 -0.0059608101080140885 -0.0002610738692641981 0.999982200133228 1.0146946907043457
0.9999894032619693 0.0009309627312083403 0.004508511080544326 -0.00448299665004015 -0.0009330250789200187 0.9999994610589422 0.00045535264008538694 -0.019162554293870926 -0.004508084734385119 -0.00045955436873948506 0.9999897329381985 0.994686484336853
0.9999986253254236 0.0011911008820894614 0.0011535276121634162 -0.006905201822519302 -0.0011919912208578232 0.9999989920024346 0.0007714603324106295 -0.019899293780326843 -0.00115260756232796 -0.0007728342666904395 0.9999990371110383 1.0364850759506226
0.9999990331782969 0.0013621287091960985 0.0002797281743123406 -0.00819313433021307 -0.0013624176291282973 0.9999985360061315 0.0010352795747392031 -0.020019836723804474 -0.0002783175807612119 -0.0010356596804044881 0.9999994249740102 1.07196843624115
0.9999985319000095 0.0015356939482662959 0.0007601591429308245 -0.008789614774286747 -0.0015366684254469246 0.9999979962546732 0.0012830186236263091 -0.021275565028190613 -0.0007581872958296784 -0.0012841848525799368 0.999998888010026 1.127976417541504
0.9999984828510008 0.0014744548127591764 0.000927512103201175 -0.009069356136023998 -0.0014757195181862607 0.9999979804084549 0.0013643426676589268 -0.021822355687618256 -0.0009254985683929912 -0.0013657093454618621 0.9999986391442657 1.1579400300979614
0.9999984045285166 0.0012808750729548964 0.0012451102235872034 -0.008362460881471634 -0.0012823485883309222 0.9999984776139543 0.0011833646402112123 -0.02127990312874317 -0.0012435925857789108 -0.0011849594175242077 0.9999985246732415 1.134928584098816
0.9999861078415258 0.0007901400056277582 0.005211506761761206 -0.006019908934831619 -0.0007922793561440592 0.9999996027295194 0.00040845345550510035 -0.020983709022402763 -0.005211181955967778 -0.00041257675042671567 0.999986336588179 1.0679690837860107
0.9999835422064428 0.0011887263384340989 0.005612686161530086 -0.0038056543562561274 -0.0011917641856928997 0.9999991451626922 0.0005379330913210478 -0.01680125668644905 -0.005612041908362589 -0.0005446132364821289 0.9999841040646804 0.9426196813583374
0.9999934472278753 0.000928603769333804 0.003499027915050882 -0.0055520739406347275 -0.0009313732644786311 0.9999992542549405 0.0007899578502490778 -0.019127506762742996 -0.0034982917478307445 -0.0007932115748870398 0.9999935663644265 1.0286331176757812
0.9999858264744582 1.6189970805853553e-05 0.0053241513952799096 -0.0018711627926677465 -1.627357493420925e-05 0.9999999997449757 1.5659486811073542e-05 -0.018682116642594337 -0.005324151140395487 -1.574590783762941e-05 0.9999858264829061 0.8599281311035156
0.9999828978396197 0.0018039923024806678 0.00556324006754873 -0.0026870376896113157 -0.0018074648588248387 0.9999981748094638 0.0006192322060747014 -0.01525582280009985 -0.005562112823442401 -0.0006292769767895012 0.9999843333329906 0.8741620779037476
0.9999825580083237 -0.0013982548245637058 0.005738341448108254 -0.0051413169130682945 0.0014069854868906605 0.9999978584776519 -0.001517706147414784 -0.023097123950719833 -0.005736207019378909 0.001525753438733105 0.9999823838475731 1.047374963760376
0.9999846149232071 -0.0007978002882763008 0.005489392642663374 -0.015522080473601818 0.0008190239201600717 0.9999921949250283 -0.0038651376226992054 -0.0262063629925251 -0.005486266189632632 0.003869574101141557 0.9999774633858367 1.2775166034698486
