0.999210262458701 0.0006902641800726254 -0.03972876706588435 -0.06134515628218651 -0.000500251293053813 0.9999883907999605 0.004792495586745073 -0.010707320645451546 0.03973161393471686 -0.004768836405967568 0.9991990077324314 0.39539840817451477
0.9991000445312747 -3.4087248939359985e-05 -0.04241579724188611 -0.06513126194477081 0.00023077396274141722 0.9999892445729746 0.0046322221179693245 -0.010733808390796185 0.04241518314216566 -0.004637841785954254 0.9990893066501039 0.34994861483573914
0.9994107942007578 -0.00010385053045464226 -0.034322786164267 -0.05182621255517006 0.00024033250957430368 0.9999920814134055 0.003972323094872616 -0.010032841004431248 0.03432210184845205 -0.003978231460403094 0.999402905238499 0.3911457061767578
0.999520950166982 0.00048372115576432754 -0.03094569745759216 -0.04680750146508217 -0.0003604856276395289 0.9999919838359281 0.003987770554710809 -0.010576876811683178 0.03094737836078567 -0.003974704734721717 0.9995131122175767 0.46637803316116333
0.9994513925140206 6.433410515456402e-05 -0.03311962957082065 -0.050611820071935654 6.658807835393477e-05 0.9999921890331493 0.003951890524584482 -0.009284080006182194 0.033119625115832524 -0.003951927860347838 0.9994435815484402 0.3936561942100525
0.9995338299274763 0.0003244393087783213 -0.030528962800036294 -0.046902187168598175 -0.0002143739717195965 0.9999934664365588 0.0036084800117654452 -0.010527737438678741 0.030529934069881803 -0.003600253231368736 0.99952736896113 0.4483059346675873
0.9994657218678151 0.0001783391477558859 -0.03268392581064522 -0.05049006640911102 -5.650658215685664e-05 0.9999930475804133 0.0037284846577985355 -0.009978326968848705 0.03268436351305554 -0.0037246457530406584 0.9994587832400899 0.4173286259174347
0.9993327039604037 0.000429041099877954 -0.03652345436733692 -0.0554053895175457 -0.00026622068645524037 0.9999900065999964 0.004462715169649473 -0.010082259774208069 0.036525004062072736 -0.00445001391839753 0.9993228314485724 0.3970264792442322
0.9988331978273336 0.00036977283004797283 -0.04829188530256852 -0.07261782884597778 -8.3113329041398e-05 0.9999823673609679 0.005937849722619759 -0.00888989120721817 0.048293229444683144 -0.00592690772730926 0.9988156164951542 0.2806152105331421
0.9985237952250563 0.00038736435470830793 -0.05431464183998927 -0.0808451846241951 -4.842574517781832e-05 0.999980520739408 0.00624145789774776 -0.007040593307465315 0.05431600154923791 -0.0062296140007913284 0.9985043634782494 0.1414845883846283
0.9985674209957416 6.219317261982653e-05 -0.0535079606967318 -0.08260785788297653 0.0002524699541751101 0.9999827166340661 0.005873899222461217 -0.005775036755949259 0.053507401215494986 -0.005878993550147096 0.9985501466876872 0.1069764494895935
0.9987785950247646 9.011870232840689e-05 -0.049409614438654326 -0.07536273449659348 0.00019021824980145283 0.9999839129911985 0.005669001307844302 -0.008911460638046265 0.04940933046879334 -0.005671475771824171 0.998762510522494 0.24791574478149414
0.9994011290883076 0.0005481540167569061 -0.03459888299049378 -0.055002763867378235 -0.00041945468419098695 0.9999929671016144 0.0037269028800433683 -0.012257039546966553 0.034600682576849215 -0.003710158282779669 0.9993943303274903 0.46917426586151123
0.9992551878966707 0.00011421994345592134 -0.038588293761115895 -0.05998564884066582 4.763072518952798e-05 0.9999912067385043 0.0041933491369359685 -0.011435321532189846 0.038588433408259494 -0.004192063868160961 0.9992463957441237 0.40052589774131775
0.9993639468769919 0.0003922958202587125 -0.035658768717250496 -0.05604635924100876 -0.00025162610424860836 0.9999921698797936 0.003949286442635511 -0.01143505610525608 0.035660038793369465 -0.003937801809605396 0.9993562204490268 0.43150752782821655
0.9989240151873081 0.0005419443378870054 -0.04637367980224599 -0.07402920722961426 -0.00031592427852442377 0.9999880375675902 0.004881077091164109 -0.009257008321583271 0.04637577033232812 -0.004861174555010392 0.9989122368396679 0.27250751852989197
0.9989479294342621 -1.4143320554662543e-05 -0.04585884951639025 -0.07030981779098511 0.00024776888308136 0.9999870214378829 0.005088768649860262 -0.008639590814709663 0.04585818236237694 -0.005094777302071967 0.998934968030783 0.24340283870697021
0.9993945884700994 0.0002546525533346035 -0.0347906839363334 -0.05397791787981987 -0.00011827558397944578 0.9999923022097681 0.003921929639128767 -0.010948365554213524 0.034791414854343033 -0.003915440369246164 0.9993869254593778 0.4254150092601776
0.9994595471346993 0.00016791578436310236 -0.032872259514536574 -0.05061355233192444 -4.426430253701204e-05 0.999992921668927 0.003762266964855957 -0.011428918689489365 0.032872658577809 -0.0037587785692545484 0.9994524800618056 0.454315721988678
0.999741397974779 0.000526639253463488 -0.022734551381789633 -0.03665248677134514 -0.0004728267069543743 0.999997074298736 0.0023723045490654225 -0.012469382025301456 0.02273573421598063 -0.002360941563240657 0.9997387220392112 0.5484787225723267
0.9997210331654772 0.00038814457311501334 -0.023615782653579363 -0.03694699704647064 -0.00032434711594996567 0.9999962882149708 0.0027052458722714445 -0.012138649821281433 0.02361674502337512 -0.002696831487399262 0.9997174483094858 0.5453172326087952
0.9993601913849314 0.000646283957191715 -0.03576017606388189 -0.055590081959962845 -0.0004876427158855681 0.9999900029352876 0.0044447985404311545 -0.010646620765328407 0.03576269116907728 -0.004424516530656406 0.9993505158720913 0.4287090301513672
0.998911178508493 0.00036041688963378473 -0.04665112592895166 -0.07350790500640869 -0.00012704014074326844 0.9999874645143798 0.005005464504349462 -0.010780594311654568 0.046652345188381246 -0.004994087881418305 0.9988987024591915 0.3141199052333832
0.9992243337546051 0.00022246257280233788 -0.0393786914849781 -0.0612759068608284 -5.138336752034306e-05 0.9999905572969848 0.004345420188556152 -0.011745956726372242 0.03937928633704434 -0.004340026183016789 0.9992149098068521 0.41991984844207764
0.9996304835515722 0.0007463324770067557 -0.027172400377657155 -0.04395764321088791 -0.0006713442335275158 0.9999959416821237 0.002768739099822547 -0.013599645346403122 0.027174356503329514 -0.0027494739708791164 0.9996269277793158 0.5655986666679382
0.9995257530306135 0.0006739159744735281 -0.030786602050963296 -0.04962572082877159 -0.0005769932177099664 0.9999948502405313 0.003156987685174091 -0.01291073951870203 0.030788571051800124 -0.003137726832752265 0.9995209945583491 0.5111856460571289
0.9992801959413948 0.0004976572573173892 -0.03793207530021982 -0.05964876338839531 -0.0003390220764121451 0.9999911711333465 0.004188402964108782 -0.011379101313650608 0.037933824792116766 -0.00417252832372524 0.9992715421465922 0.40498441457748413
0.9990650057768746 0.00022108184876230488 -0.04323268849920782 -0.06646416336297989 -6.522050398984956e-06 0.9999876842940856 0.004962984748627538 -0.00927144754678011 0.04323325328397398 -0.004958062420784836 0.9990527030279811 0.2979234457015991
0.9992712509682086 0.0002869695055188898 -0.03816915819002177 -0.060316190123558044 -0.00013081199271581932 0.9999916125030827 0.004093630626653777 -0.011365465819835663 0.03817001279348181 -0.004085654413654967 0.9992629071227241 0.39091241359710693
0.9995499322967408 -3.964411710321438e-05 -0.02999885454354674 -0.04586919769644737 0.00014032619936537707 0.9999943651459668 0.0033540997111959816 -0.011764750815927982 0.029998552534058497 -0.003356799764485872 0.9995443055418817 0.4827679991722107
0.999555468065046 0.0005674900886202896 -0.02980845880393672 -0.046164192259311676 -0.0004587336182342348 0.9999932144339211 0.0036552222342039337 -0.011157313361763954 0.029810330839059408 -0.0036399232290303604 0.9995489458421496 0.48059895634651184
0.9997525008337168 0.000131081368337776 -0.022246795149058106 -0.03502319008111954 -7.358454753081414e-05 0.9999966554042476 0.002585297977599906 -0.011093289591372013 0.02224705962691801 -0.002583021098150802 0.9997491667113122 0.5304560661315918
0.9996781645112117 0.0005782805633171291 -0.025362038385848207 -0.03972344845533371 -0.0005017834872539438 0.9999953064506659 0.0030224642216254978 -0.011664841324090958 0.02536366718018251 -0.0030087652333102657 0.9996737626440658 0.5208947062492371
0.9995139869919202 0.0005768261292496417 -0.03116820622256763 -0.049376264214515686 -0.0004662839496321776 0.9999935765761526 0.003553784702679788 -0.007575218565762043 0.031170055931842727 -0.003537524282785961 0.999507835654706 0.36088722944259644
0.9995431741664248 -0.00015893242895078567 -0.03022280128960654 -0.046240244060754776 0.0002558212452111705 0.9999948409301663 0.0032019788477904727 -0.009414566680788994 0.030222136469788392 -0.003208247735793918 0.9995380581116795 0.38835805654525757
0.9997173568589408 -5.6729562374725976e-05 -0.023774002118480297 -0.03730490803718567 0.00011856352820151411 0.9999966142514678 0.002599505393446361 -0.009760316461324692 0.023773774156884163 -0.0026015893906473947 0.9997139787934245 0.46351373195648193
0.9995431978823192 0.00026258301281008133 -0.03022129410445669 -0.046362292021512985 -0.0001538113979020176 0.9999935029657387 0.003601439762748864 -0.009841158986091614 0.030222043432576833 -0.003595146237945927 0.9995367442041774 0.4261934757232666
0.9995048140284031 1.1673112416603134e-05 -0.03146627715167385 -0.047991931438446045 0.0001011716785223229 0.9999935701145416 0.003584619068297471 -0.009166309610009193 0.03146611667077732 -0.003586027511297614 0.9994983861459453 0.3803558349609375
0.9995173078874582 0.00013438750686091603 -0.031066592561885084 -0.04754142463207245 -2.1216420456051514e-05 0.9999933634609758 0.003643155756791942 -0.008252923376858234 0.031066875981850463 -0.003640738112353447 0.9995106774030609 0.3616061210632324
0.9996209235905869 -0.00018688917264788978 -0.027531331103654435 -0.041441142559051514 0.000276870071423274 0.9999946330682815 0.0032645332892143972 -0.00851421058177948 0.027530573238954786 -0.003270918383265759 0.9996156104373642 0.3836868405342102
0.9998096427748466 0.00029716464712273657 -0.019508713632794026 -0.02933008223772049 -0.0002460505078064015 0.9999965311929733 0.002622415140454627 -0.01121431402862072 0.019509425249900913 -0.002617115815889291 0.9998062477456445 0.5501977801322937
0.9997493856292663 0.0001329099411783357 -0.02238634112249007 -0.035047903656959534 -7.460024446212018e-05 0.9999966028581798 0.002605514709905865 -0.010220401920378208 0.022386611371721273 -0.002603191703956054 0.9997459992539326 0.4825269281864166
0.999883873603632 0.00012283312334020262 -0.015238904797256618 -0.024010280147194862 -9.446955680881864e-05 0.999998262077444 0.0018619660561981514 -0.011755160987377167 0.015239107024326478 -0.0018603102202074371 0.9998821474868854 0.5855145454406738
0.9999308538120666 0.0002843440758587008 -0.011756136402681139 -0.018843773752450943 -0.0002652992747489471 0.9999986501503817 0.0016215158678470508 -0.012355335988104343 0.011756581602095834 -0.0016182848517446342 0.9999295794920622 0.643729567527771
0.9999529110887504 0.0003669436356635905 -0.009697471706691958 -0.01620718091726303 -0.0003551971623052518 0.9999992012485635 0.0012129868964832662 -0.012974784709513187 0.00969790905864431 -0.001209485263819198 0.9999522427122642 0.6867987513542175
0.9999261689415125 0.00033204251581056527 -0.012146868473710305 -0.01953873410820961 -0.00031190430611209276 0.9999985739718761 0.0016597499565594192 -0.012361588887870312 0.012147402259485435 -0.0016558387548805745 0.9999248465841641 0.6508266925811768
0.9997422004599845 0.0005564782155558216 -0.02269852311106748 -0.03473172336816788 -0.0004898679478146855 0.999995558149689 0.002940018755990232 -0.011529223993420601 0.022700058344016574 -0.0029281415415724583 0.999738032355622 0.5437847375869751
0.9999569652900312 0.00027449655561269766 -0.009273198994549078 -0.01460578478872776 -0.0002698188082111797 0.9999998357404366 0.0005056845959787533 -0.018213387578725815 0.009273336280017284 -0.0005031607504878152 0.99995687510187 0.823279082775116
0.9999386413705803 0.00039039906017453114 -0.011070730894201184 -0.017752312123775482 -0.00037711200534039645 0.9999992061798021 0.0012022588328140594 -0.01345568522810936 0.011071191466749812 -0.0011980101583317741 0.9999379948232625 0.7003081440925598
0.999932414678574 0.0001521864152835563 -0.011625098467173602 -0.018380142748355865 -0.00013420456092135246 0.9999987934957564 0.0015475775158237234 -0.012517180293798447 0.011625319961717475 -0.0015459127810644303 0.9999312286799834 0.6284113526344299
0.9999315240087945 0.00043923175550413456 -0.011694202363333428 -0.018512217327952385 -0.0004254815728290038 0.9999992153177296 0.001178273888384391 -0.013548387214541435 0.011694710722408628 -0.0011732175372974405 0.9999309262652742 0.6655159592628479
0.9999633310259725 5.5457536027389e-05 -0.008563499746200921 -0.013621699064970016 -4.5962305825007345e-05 0.999999384008196 0.0011089953538920456 -0.015109889209270477 0.008563555973305057 -0.00110856108997595 0.9999627176057125 0.7461850643157959
0.9999818995010944 -0.00016061654531029313 -0.006014555054873975 -0.009896480478346348 0.00016412710852881847 0.9999998164764664 0.000583188927674795 -0.021333251148462296 0.0060144602812707525 -0.0005841655231944918 0.9999817423424121 1.0067789554595947
0.9999927731521446 0.00010012639159381876 -0.0038004760476689726 -0.007525634951889515 -9.921672732632802e-05 0.9999999663875644 0.00023954312953776213 -0.02149294503033161 0.003800499904514908 -0.00023916432760027838 0.9999927494741649 1.0080629587173462
0.9999887717788518 -0.00014648111599163026 -0.004736545102290258 -0.008142035454511642 0.00014777487510671651 0.9999999518726729 0.00027279523111227466 -0.02157360315322876 0.004736504914983113 -0.0002734921104680198 0.9999887452982937 0.989854633808136
0.999930463427986 0.0005044107086438314 -0.011781930169958356 -0.018727626651525497 -0.000489276559493904 0.9999990516441127 0.0012873691479220522 -0.01382126659154892 0.011782568359279707 -0.0012815150064268348 0.9999297619343804 0.6966224312782288
0.9994932281705287 0.0001747545610318 -0.03183168707590938 -0.04801791533827782 -4.998459769151213e-05 0.9999923138293845 0.003920431569817079 -0.008816259913146496 0.031832127525429584 -0.003916853711465796 0.9994855546300844 0.3687703013420105
0.999243786988451 0.00043407368500602623 -0.038880145897558976 -0.05716301500797272 -0.0002301599474654026 0.9999861974295486 0.005248997693906006 -0.007312525063753128 0.03888188770337764 -0.0052360796812150525 0.9992300947620594 0.31244397163391113
0.9995426701165636 -0.00026252401269425524 -0.030238744970544542 -0.04578949138522148 0.0003661867179821528 0.9999940756523827 0.003422655025635878 -0.007186090108007193 0.030237667296576422 -0.003432162769988623 0.999536844611134 0.33813339471817017
0.9995452700642141 0.00028815235887527375 -0.03015244700642862 -0.0475350096821785 -0.0001885618199107321 0.9999945184072558 0.0033056920426282705 -0.01111302338540554 0.03015323426595369 -0.003298503245215704 0.9995398452986474 0.45591673254966736
0.9995633146866147 0.00021586373916975064 -0.02954882968162241 -0.04721944034099579 -0.00012313746811776335 0.9999950630683737 0.003139852869673 -0.01026217732578516 0.02954936158145153 -0.003134843173965786 0.9995584064917883 0.41832470893859863
0.9997776993650626 6.624452161362066e-05 -0.02108429424870227 -0.03257882222533226 -1.2445068727834273e-05 0.9999967441843602 0.002551757394290227 -0.010218828916549683 0.021084394642075163 -0.002550927741510267 0.9997744450976104 0.49282780289649963
0.9999443348630347 0.0004079632031082763 -0.010543279439911365 -0.017651114612817764 -0.0003935948151757172 0.9999989911474106 0.0013648396544104016 -0.013308404944837093 0.010543825607653745 -0.0013606139003016053 0.9999434866388048 0.6898032426834106
0.9999285070102583 0.0005059571570961327 -0.011946751675297481 -0.019718216732144356 -0.0004889762759035112 0.9999988661939284 0.0014242587754112915 -0.012917282991111279 0.011947458743918874 -0.0014183152727499401 0.9999276206862923 0.6468655467033386
0.999716679962434 0.00016155570559786615 -0.023801968503517384 -0.03709778934717178 -9.149142912364249e-05 0.9999956601959848 0.0029446932802596783 -0.010277938097715378 0.023802340939639562 -0.0029416813135345514 0.9997123561689346 0.4699702560901642
0.9988557716947154 0.00039434546930111484 -0.04782250352925386 -0.069674551486969 -9.463371070237751e-05 0.999980343442372 0.006269272153669539 -0.0036458075046539307 0.047824035762526924 -0.0062575730540537266 0.998836174947052 0.14986664056777954
0.9971400628208191 -0.00042883811562639037 -0.07557454078963004 -0.11115240305662155 0.0008756939864921552 0.9999823307240648 0.00587974486768142 0.0009907511994242668 0.07557068398350573 -0.005929109337631625 0.9971228196088622 -0.5103299021720886
0.9971185897476454 -0.0006036538531945148 -0.0758561374029286 -0.11760564893484116 0.0011892657924287852 0.9999698387943167 0.007675099252980707 -0.0009450037032365799 0.07584921638712833 -0.007743197252664412 0.9970892333536475 -0.3156612515449524
0.9990518202295866 0.0001724839757866196 -0.04353654493902034 -0.06671005487442017 2.9440665957968624e-05 0.9999892469293677 0.004637365511000237 -0.008580954745411873 0.04353687665871805 -0.004634250199711208 0.9990410722767555 0.24401643872261047
0.9993310660254842 -3.283945446080661e-05 -0.03657074511053032 -0.05691616237163544 0.00018679691932801332 0.9999911354274725 0.00420644426861743 -0.007822852581739426 0.0365702827891729 -0.004210461737658422 0.9993222135170795 0.29630449414253235
0.9997089711133498 8.808935986074486e-05 -0.02412395729875569 -0.0377761572599411 -2.161584131148027e-05 0.9999962026938954 0.00275574500725304 -0.009562615305185318 0.024124108444519003 -0.0027544215462189125 0.9997051768164966 0.4415680468082428
0.9996395090746136 0.0005763456119142628 -0.026842498445583268 -0.04222111403942108 -0.0004874289012221684 0.9999943734426041 0.0033189601082290318 -0.010224340483546257 0.026844260282819606 -0.0033046798437049076 0.999634165473049 0.46198010444641113
0.9995379773064014 0.0002520230994244079 -0.030393558636406207 -0.04762110859155655 -0.000149600048093189 0.9999943031962316 0.003372120239302706 -0.010700177401304245 0.030394235342461183 -0.003366015365392876 0.9995323208373537 0.42832106351852417
0.9997892764085484 0.0005211315270441299 -0.020521481437819466 -0.03349322825670242 -0.0004750896652251074 0.9999973594792377 0.0022484048483892454 -0.012241192162036896 0.020522598965073708 -0.0022381815126983388 0.9997868840284089 0.5504438877105713
0.9997147842373069 0.0004851405287386486 -0.023877077208542076 -0.03782004117965698 -0.00041793539074615996 0.9999959377544714 0.0028195397789176793 -0.011658050119876862 0.023878348087011086 -0.0028087565261361628 0.999710925907791 0.5197467803955078
0.9996367861475232 0.0003514456760344788 -0.026947583687373555 -0.042203061282634735 -0.00026855277150606246 0.9999952218472267 0.0030796366871624803 -0.011583009734749794 0.026948537252699283 -0.003071281272172471 0.9996321041119514 0.5018773078918457
0.9994408971901356 0.0003269141131497062 -0.033433309003736686 -0.05219437554478645 -0.00019840255546290595 0.9999925803422725 0.003847063403381421 -0.01124388724565506 0.03343431859934792 -0.0038382792454789423 0.9994335465413551 0.43770718574523926
0.9994377634544775 0.0004567991642879834 -0.03352533841194307 -0.05246880650520325 -0.0003267664598534031 0.9999924037924116 0.003884016111601594 -0.011013188399374485 0.03352685796182688 -0.0038708774196519954 0.9994303207844004 0.4375794529914856
0.999927103383132 0.0005313063023758767 -0.01206257159283397 -0.0195443257689476 -0.0005205086401671514 0.9999994611001917 0.0008982594733959075 -0.017538512125611305 0.012063042343235835 -0.0008919153205825224 0.9999268410721287 0.7777807712554932
0.9999956637997393 -0.0002236442522685073 -0.002936386379087832 -0.005936476867645979 0.00022341535244428933 0.9999999719788571 -7.828068294994974e-05 -0.022444535046815872 0.002936403803831735 7.76243097114354e-05 0.9999956857442773 1.0443017482757568
0.9998536489555896 0.00031860586706633346 -0.017104945498127664 -0.02671985886991024 -0.00028553714166750324 0.9999980857809033 0.0019356918839595512 -0.012209312058985233 0.017105529478305407 -0.0019305244961847633 0.9998518259904496 0.5906748175621033
0.9995743859911494 -8.559801561808133e-05 -0.029172582048839203 -0.0452473983168602 0.00018071121879760377 0.9999946772161165 0.0032577419925969597 -0.00926050916314125 0.02917214791323967 -0.0032616272648252087 0.9995690809412391 0.39198166131973267
0.9997310727578954 0.00040316153247785616 -0.02318662595390785 -0.03618047386407852 -0.00033369372637436347 0.9999954448532485 0.002999820203049694 -0.011394238099455833 0.023187729747534178 -0.0029912762380590705 0.999726653368621 0.5399259924888611
0.99962773391116 0.00018773404754162602 -0.027282931506113828 -0.04350808262825012 -0.0001060691784022683 0.9999955103254828 0.0029946749752485296 -0.011061250232160091 0.027283371217085656 -0.002990666281178887 0.9996232658207921 0.46779865026474
0.9996425944181169 0.00047015897510772946 -0.02672942901661525 -0.04200437664985657 -0.00038077176199236056 0.9999943191168853 0.0033491412066714425 -0.011193657293915749 0.026730851798650507 -0.0033377663931259574 0.9996370945886429 0.4945415258407593
0.9992877115223562 0.0004785248987029114 -0.03773381261327675 -0.06210286170244217 -0.0003499906680751062 0.9999941148850259 0.0034128729607513686 -0.012491620145738125 0.03773522369013892 -0.0033972355283802213 0.9992819980785305 0.4067937135696411
0.9992211004373044 0.00025821903013259115 -0.039460432889090236 -0.06213637441396713 -9.059833956000959e-05 0.9999909665345411 0.004249546005698226 -0.011047141626477242 0.03946117373828084 -0.004242660986474662 0.9992120974022234 0.372447669506073
0.9994236976293359 0.00027076189265555544 -0.033944061408494604 -0.053413260728120804 -0.0001441809425390197 0.9999930275477072 0.0037314967274201523 -0.011298440396785736 0.033944835082262155 -0.0037244521702425345 0.9994167682339886 0.43293774127960205
0.9993793252654867 0.0005281971791529484 -0.035223362128576914 -0.055355772376060486 -0.00038738382185851515 0.999991907200458 0.0040044309664833575 -0.011493396013975143 0.03522519220210862 -0.0039883005567162835 0.9993714421039827 0.43495458364486694
0.999502986748883 0.00021673918833682094 -0.031523523029419555 -0.04919823631644249 -0.00010487782861451963 0.999993692823703 0.003550114569242689 -0.011604185216128826 0.03152409365395254 -0.003545043996613187 0.9994967054384717 0.4659859538078308
0.9997497746968191 0.0004364274800751398 -0.022365096125752635 -0.03573615476489067 -0.00037838408352030504 0.9999965498804605 0.0025994331422941495 -0.012305814772844315 0.0223661534275534 -0.0025903201019476336 0.9997464905777989 0.547992467880249
0.9995222486594447 0.0005622011743358172 -0.030902400628540203 -0.047185514122247696 -0.0004384238046192915 0.9999918555512006 0.004012058802439109 -0.01064314041286707 0.03090440452969074 -0.003996593687912423 0.9995143545840445 0.4566779136657715
0.9994011202808742 0.00017182499484522004 -0.03460305271944268 -0.05196031183004379 -1.7387605031661722e-05 0.9999900389808976 0.004463366067663163 -0.009074493311345577 0.034603474955625116 -0.00446009138403263 0.9993911682148494 0.363311767578125
0.999955525069051 0.00037191491833279673 -0.009423882595386667 -0.01581677608191967 -0.0003629048452397246 0.9999994754774242 0.0009577812639190531 -0.014934590086340904 0.009424233865488045 -0.0009543186940086401 0.9999551355395294 0.7435734272003174
0.9999721280210713 0.00022105460022871367 -0.0074628624450859896 -0.012811080552637577 -0.0002174971934276149 0.9999998623493652 0.0004774894989966474 -0.0159696526825428 0.007462966969068551 -0.00047585303878265 0.9999720384530281 0.7985209226608276
0.9999626080651929 0.0002652257348110193 -0.008643617689773198 -0.014206315390765667 -0.0002578552240237335 0.9999996022555749 0.0008538146023842028 -0.014652099460363388 0.00864384070542776 -0.0008515538746284812 0.9999622787254816 0.7450114488601685
0.9999456561643826 0.00037846667734948357 -0.01041832428734737 -0.01675892248749733 -0.0003684206587603387 0.9999994653939521 0.0009661666667942441 -0.014230174943804741 0.010418684379536346 -0.0009622758356946016 0.99994526102233 0.7230148911476135
0.9999584479463751 6.480958364242915e-05 -0.009115820335786454 -0.013437308371067047 -5.558833133100128e-05 0.9999994865694746 0.0010118155586419776 -0.018097486346960068 0.009115881230791108 -0.001011266782386447 0.9999579381398404 0.8652337789535522
0.9999891595878944 -0.000181090056506476 -0.004652731787693916 -0.00749240955337882 0.00018122316415030278 0.9999999831818311 2.818691504941217e-05 -0.023497693240642548 0.004652726605073448 -2.902979226814563e-05 0.9999891755876208 1.0626527070999146
0.9999919369108492 -0.00020116940644067646 -0.004010691231906134 -0.006818915251642466 0.0002011084425789468 0.9999999796559602 -1.5603625613182068e-05 -0.02364327944815159 0.004010694289284577 1.4796915932443996e-05 0.9999919570238397 1.0745460987091064
0.9999900130764784 -0.00016775578169152808 -0.00446605030222546 -0.007504619657993317 0.00016803364043267303 0.9999999839702168 6.184061361334842e-05 -0.02284184843301773 0.004466039856515165 -6.259044270650814e-05 0.9999900252354702 1.0408101081848145
0.9999910343902116 -0.0001394653512504087 -0.004232220293255748 -0.007686393801122904 0.0001398800040018503 0.9999999854461613 9.767938411040171e-05 -0.02107810601592064 0.004232206608771081 -9.827051134671671e-05 0.9999910393449172 0.9783309698104858
0.9999784975806654 0.00013803156042721114 -0.00655631936403361 -0.011418343521654606 -0.00013546111235025022 0.9999999137973996 0.0003924990191965843 -0.01748242974281311 0.006556372976113918 -0.0003916024532041097 0.9999784300778274 0.8534746170043945
0.9999964061193594 -0.0003492981090873711 -0.002658145819243537 -0.005539583973586559 0.00034974082910168577 0.9999999250478651 0.00016608918328055785 -0.024317461997270584 0.002658087605372173 -0.00016701824849855285 0.999996453331304 1.1147783994674683
0.9999998527295235 -0.0005412141000426731 -4.035132315567362e-05 -0.0016355197876691818 0.0005412068145273466 0.9999998372854357 -0.0001803449088256619 -0.02933928184211254 4.044892179745301e-05 0.00018032304385511418 0.9999999829237423 1.3409779071807861
0.999999463884375 -0.0005407157963788586 0.0008830953460059925 -0.00035289768129587173 0.0005411246464534178 0.9999997464998367 -0.00046280058271433444 -0.029872916638851166 -0.0008828448785555311 0.000463278199256603 0.9999995029789918 1.3803951740264893
0.9999987287466856 -0.0006062476015254941 0.0014747775623700436 0.00043034739792346954 0.0006068536156407261 0.99999973160663 -0.0004105062206301051 -0.03129752725362778 -0.0014745282981378555 0.0004114006728687016 0.9999988282572057 1.434157371520996
0.9999970845183663 -0.00068318140924414 0.0023160781353588704 0.0017236163839697838 0.000684357944885993 0.9999996371850309 -0.0005072317118065171 -0.03311944007873535 -0.0023157307637753683 0.000508815259454687 0.9999971892450804 1.5147784948349
0.9999977420253046 -0.0005844260643843802 0.0020431325136289397 0.0013152007013559341 0.0005859106315517405 0.9999995647507568 -0.0007260902350126292 -0.031164921820163727 -0.002042707278298623 0.000727285688580656 0.9999976491984883 1.432891845703125
0.9999998358692754 -0.00042338154433257995 -0.00038601747406282003 -0.0015067430213093758 0.0004231276745717567 0.99999969432269 -0.0006575085533618838 -0.029129374772310257 0.0003862957330527712 0.0006573451107683841 0.9999997093364639 1.327034592628479
0.9999971299210477 -0.0003329059376545903 -0.0023726195025524045 -0.003685268573462963 0.00033166895554143577 0.9999998088959376 -0.0005217315326937961 -0.02843564748764038 0.0023727927366602748 0.0005209431110507967 0.9999970492320984 1.2666022777557373
0.9999974918573614 -0.0003065329262495014 -0.002218629430891702 -0.004096817225217819 0.00030577356533025864 0.9999998945649464 -0.00034259688123703427 -0.026329362764954567 0.0022187342141949183 0.00034191762372395813 0.999997480152238 1.1972650289535522
0.9999979133404889 -0.0004902165773973124 -0.0019831798645684614 -0.0034247804433107376 0.0004900293540772199 0.999999875433512 -9.489042487250761e-05 -0.027830468490719795 0.001983226134390019 9.391841052044661e-05 0.9999980289947736 1.2478179931640625
0.9999980330830825 -0.0005431704080296808 0.001907562810069887 0.0008261920884251595 0.0005443942175470702 0.9999996463153774 -0.0006410959805664243 -0.03001946397125721 -0.0019072139110289036 0.0006421331857473042 0.9999979750979847 1.3727127313613892
0.9999918071071269 -0.000640439089957155 0.003996943381511716 0.003157159313559532 0.0006437116649046363 0.9999994586343931 -0.0008175366740447274 -0.030554169788956642 -0.003996417635260504 0.0008201028551329795 0.9999916780040681 1.4227113723754883
0.9999910400991439 -0.0005648081148555809 0.0041953203960425 0.00322100892663002 0.0005688862257466988 0.9999993668294348 -0.0009709321249105265 -0.029535217210650444 -0.004194769349345991 0.0009733100854408521 0.9999907282458088 1.387814998626709
0.9999933804484372 -0.0006070814755301212 0.003587549496412083 0.002517116256058216 0.0006095936283877945 0.9999995697643685 -0.0006991900214361623 -0.03029378317296505 -0.003587123487610571 0.0007013723404263019 0.9999933202886531 1.4034725427627563
0.9999955140470447 -0.0005755295541766597 0.0029394985149089957 0.0021781902760267258 0.0005780405012083166 0.9999994687620513 -0.0008534311888841534 -0.030740290880203247 -0.0029390057784641752 0.0008551265096268485 0.999995315490871 1.4257326126098633
0.9999990346900532 -0.0004831992966181023 0.0013027422619466236 0.00026436522603034973 0.00048417834931597397 0.9999996005435489 -0.0007513215479083362 -0.029547598212957382 -0.00130237870351434 0.0007519515822481464 0.9999988691886257 1.354142665863037
0.9999960405962192 -0.0006073828160051517 0.0027477041324615124 0.001939551904797554 0.0006092670280047861 0.9999995798147822 -0.0006849554347959999 -0.0313187837600708 -0.002747286947756029 0.0006866268083114829 0.9999959904709882 1.428532361984253
0.9999917554029644 -0.0005982380955992331 0.004016371157988362 0.0033290907740592957 0.000602059345100495 0.9999993672490813 -0.0009502767921942399 -0.031086988747119904 -0.004015800124847368 0.0009526870513340749 0.9999914828320986 1.4517133235931396
0.9999959133011856 -0.0005651153471303569 0.0028025034472046197 0.0017701871693134308 0.000567141716612029 0.9999995783056265 -0.0007223149189245654 -0.030240561813116074 -0.002802094074158539 0.0007239013836569016 0.9999958121090238 1.4038455486297607
0.9999934565272727 -0.0007151713028189112 0.0035461856472697615 0.0030257459729909897 0.0007174716556694075 0.9999995330187643 -0.0006474539954306142 -0.03287586569786072 -0.0035457209507501796 0.0006499940465207107 0.9999935026642316 1.5084776878356934
0.9999976236706654 -0.0001916715571336777 0.00217161576631154 0.0011127777397632599 0.00019299774425787845 0.9999997950218124 -0.0006104983243604604 -0.029800714924931526 -0.002171498306013218 0.0006109159905596763 0.999997455685143 1.359421730041504
0.9999995472465139 -0.0006417655529253032 -0.0007025978526612378 -0.002040877938270569 0.0006418303717688636 0.9999997897917015 9.203437901493462e-05 -0.029776744544506073 0.000702538640475202 -9.248528598702625e-05 0.9999997489429339 1.340651512145996
0.9999960541660116 -0.0005968699498946477 0.0027450680629979717 0.00257134810090065 0.0005995995378747795 0.9999993265744691 -0.0009936453103387395 -0.03284979611635208 -0.0027444731373724583 0.0009952873311213097 0.9999957386260839 1.5032659769058228
0.9999973758046677 -0.0005999475723901737 0.002210983195013413 0.0014402158558368683 0.0006013902919331073 0.9999996066669452 -0.0006519169208516775 -0.03152552992105484 -0.0022105912093865736 0.000653244873923445 0.9999973432752908 1.439551591873169
0.9999998529575412 -0.00043685403061285343 0.0003213151905843373 -0.0008457517251372337 0.0004370536485065369 0.999999711395092 -0.000621444962171152 -0.029658125713467598 -0.0003210436171146677 0.0006215853027687223 0.9999997552813237 1.3626947402954102
0.9999997450940555 -0.0005259306425585664 0.0004829169524742018 -0.0006296280771493912 0.00052617206577719 0.9999997366033869 -0.0004999361098202568 -0.03002769500017166 -0.00048265389355603617 0.0005001900797940527 0.9999997584275223 1.3659319877624512
0.9999974175918505 -0.000588429377207266 0.002195121978034126 0.0013785278424620628 0.0005899043441537307 0.9999996006560127 -0.0006713424461872142 -0.031192759051918983 -0.0021947260638078597 0.0006726356244977996 0.9999973653659402 1.4298701286315918
0.999999469511321 -0.0004827380794345987 0.0009099126460123636 -0.00022579077631235123 0.00048337739960761393 0.9999996364001607 -0.0007025281746183146 -0.02896192856132984 -0.0009095731780665077 0.0007029676331437708 0.9999993392563521 1.3351290225982666
0.9999998038402598 -0.00035959816754539193 0.0005128436408074279 -0.0014201970770955086 0.00035990947907088604 0.9999997509673494 -0.0006070670525208275 -0.025933539494872093 -0.000512625212892953 0.00060725151072632 0.9999996842304472 1.2048108577728271
0.9999978564771381 -0.0004966108892856566 0.002010079290409735 0.0003090919926762581 0.0004977475702511655 0.9999997164942654 -0.0005650298620887324 -0.02732587233185768 -0.0020097981205584444 0.000566029163017119 0.9999978201588747 1.2729365825653076
0.9999938126199546 -0.0006000541030353971 0.0034662165080212278 0.002324320375919342 0.0006025219387872404 0.999999565745962 -0.0007109677914916154 -0.029622657224535942 -0.0034657883836623025 0.0007130518639543587 0.999993739914365 1.3775714635849
0.9999912580872994 -0.000593815121944054 0.0041389772385606064 0.0032688677310943604 0.0005976183754043624 0.9999994003291559 -0.000917711069022165 -0.030283326283097267 -0.00413842980582627 0.0009201765753252594 0.999991013296526 1.4158986806869507
0.9999947494001805 -0.000555051642616146 0.003192661858657256 0.001989763230085373 0.0005574679816090214 0.9999995588455736 -0.0007560013938011608 -0.029225969687104225 -0.003192240830384896 0.000757777231102685 0.9999946176715895 1.3639705181121826
0.9999959544608311 -0.0004849617955598819 0.0028028332145177263 0.0015067048370838165 0.00048733180285307577 0.9999995242797078 -0.0008449544793451855 -0.02841443009674549 -0.002802422110511621 0.0008463169708122708 0.9999957150797696 1.330815076828003
0.9999999362321739 -0.00034635813744228434 -8.701545369218435e-05 -0.0020152265205979347 0.00034630865042058163 0.9999997786730713 -0.0005680881334555387 -0.02594234235584736 8.721219638112794e-05 0.0005680579630254594 0.9999998348520782 1.2007060050964355
0.9999998262370237 -0.000299409981814253 -0.0005078184572526964 -0.0029273992404341698 0.0002991871382516521 0.9999998589512863 -0.00043884446434144797 -0.02401518076658249 0.0005079497800386439 0.0004386924553355508 0.99999977476795 1.117699146270752
0.9999663240990084 0.00032982932668903337 -0.00820011466579546 -0.013958463445305824 -0.0003212956340041638 0.9999994055281701 0.001041975250203054 -0.015587959438562393 0.00820045346505349 -0.0010393054997072388 0.9999658356199205 0.8141577839851379
0.9999698186340988 0.0003228970643324615 -0.007762574210482844 -0.013306035660207272 -0.00031856309868849304 0.9999997927131775 0.0005595454888199959 -0.015575256198644638 0.007762753276999202 -0.0005570557312785687 0.999969714216622 0.7623433470726013
0.9999991683163637 -0.0002992916319811837 -0.0012545083101085466 -0.003807402215898037 0.00029894784529303054 0.9999999177169115 -0.0002742195398567271 -0.02404468134045601 0.0012545902784973331 0.0002738442792366139 0.9999991755059321 1.1086565256118774
0.9999996501582724 -0.0002805961683040758 -0.0007880032507968266 -0.0033800899982452393 0.0002803136087485051 0.9999998963921339 -0.0003586641916918806 -0.023775551468133926 0.0007881038089513878 0.00035844317818124375 0.999999625205367 1.1079344749450684
0.9999998344577791 -0.00037386836968323023 -0.0004373863924236588 -0.002603873610496521 0.00037371031053198513 0.9999998648660963 -0.0003613978315871328 -0.02551671490073204 0.00043752144853603076 0.00036123431595599806 0.9999998390423624 1.176220417022705
0.9999998422736763 -0.00035660695836393745 -0.0004339171572806555 -0.0021583382040262222 0.0003563787953981453 0.9999997982719951 -0.0005257852441900427 -0.02727174013853073 0.0004341045684240964 0.000525630522386055 0.9999997676328617 1.2429287433624268
0.9999995886457137 -0.0004754728461387789 0.0007724208540307621 -0.0007234327495098114 0.0004758691120619358 0.9999997552331595 -0.0005129154013343012 -0.028326598927378654 -0.0007721767876220495 0.000513282761570298 0.9999995701418152 1.2989989519119263
0.9999993119081663 -0.00043162843400679544 0.0010908162488733665 -0.0006313985213637352 0.00043227219963584533 0.9999997325192272 -0.0005900018807486594 -0.027032215148210526 -0.0010905612955131446 0.0005904730043124823 0.9999992310085501 1.2552332878112793
0.99999992350872 -0.0003464656825682918 -0.00018150505426813644 -0.0021116044372320175 0.0003463661366087827 0.9999997897580137 -0.0005481919622910403 -0.026016607880592346 0.00018169494581054697 0.0005481290531547137 0.9999998332707299 1.200453519821167
0.9999981504126297 -0.0005372562390967108 0.0018467612333485514 0.00043074600398540497 0.000538234147472448 0.9999997151944533 -0.0005290699526116234 -0.028813669458031654 -0.0018464764612477495 0.0005300629640085376 0.9999981547772636 1.3219897747039795
0.9999958779517895 -0.0005794410647735507 0.0028121748668907946 0.0019609499722719193 0.0005817071322171119 0.9999995067515108 -0.0008050549963312662 -0.030338246375322342 -0.0028117069978655152 0.0008066875400328713 0.9999957217703337 1.4025746583938599
0.9999999254813853 -0.00038556897076370177 1.933371727914824e-05 -0.0013373633846640587 0.00038558240904406645 0.9999996806971396 -0.0006999513015301584 -0.028010442852973938 -1.9063831602921315e-05 0.0006999587041120413 0.9999997548471613 1.2742148637771606
0.9999997295245197 -0.0004866297357799595 0.0005514910584769569 -0.0006763795390725136 0.00048692455355671583 0.9999997385670248 -0.0005345749348640334 -0.0295157078653574 -0.0005512307742397012 0.0005348433248120605 0.9999997050435822 1.3317937850952148
0.9999906234153538 -0.0006767593904222032 0.004277274611168761 0.003890564665198326 0.0006806830957189657 0.9999993488541753 -0.0009159485511918406 -0.032429732382297516 -0.004276651949256095 0.0009188514312462894 0.9999904329343117 1.4959542751312256
0.9999864877020078 -0.0007172965352888792 0.005148776464600883 0.0048581622540950775 0.000722425041002021 0.999999244762041 -0.0009942723005122384 -0.0325763039290905 -0.005148059387973164 0.0009979784706571782 0.9999862506672329 1.5157897472381592
0.9999915816822224 -0.0005757660487593395 0.004062641769061085 0.003336811438202858 0.0005799341408635133 0.9999993066764675 -0.001024852660686112 -0.03039819747209549 -0.00406204887696894 0.001027200097814716 0.9999912222709155 1.4202940464019775
0.9999997997888865 -0.00043537633674893376 0.00045920543560343745 -0.0008189305663108826 0.0004356634984430595 0.99999970951716 -0.0006254301812192455 -0.02904558926820755 -0.000458933004710947 0.0006256301150477516 0.9999996989836828 1.3216814994812012
0.9999999190381718 -0.0003389087257515791 -0.00021694359977759102 -0.0015640268102288246 0.0003387352699077586 0.9999996233634939 -0.0007990815273030079 -0.027928894385695457 0.00021721433377090146 0.0007990079761590812 0.9999996572020349 1.2748417854309082
0.9999998525000943 -0.0003981843952038786 -0.000369390006588048 -0.0018246779218316078 0.00039798627536343065 0.9999997770150718 -0.0005362618119992327 -0.028367802500724792 0.0003696034553049258 0.0005361147207477877 0.9999997879871234 1.27778959274292
0.9999999191248389 -0.000356751454489236 -0.00018568445165361008 -0.002376152202486992 0.0003566806407448543 0.9999998637100311 -0.0003812595438709126 -0.025818485766649246 0.00018582044124349577 0.00038119328298729337 0.9999999100812184 1.1980478763580322
