0.9999702518045335 -0.001686283859378259 0.007526749147129529 0.002439999720081687 0.0016909952106368036 0.9999983782970744 -0.0006196276457190769 -0.010787399485707283 -0.007525692072880614 0.0006323369096742162 0.9999714816477804 0.32315510511398315
0.9999749056526208 -0.0014021264770440994 0.006944213877363569 0.0023697842843830585 0.0014052144430984346 0.9999989159635821 -0.00043982272508586665 -0.0048327334225177765 -0.006943589662494784 0.0004495697976580539 0.9999757919317828 0.24356558918952942
0.9999771925920073 -0.0012569792027060888 0.006635834468357443 0.0025500396732240915 0.0012594290705206233 0.9999991402983875 -0.0003650217829397248 -0.0033324314281344414 -0.006635369938730162 0.00037337082057560723 0.9999779159861514 0.2242734432220459
0.9999788988623014 -0.0008646419530971334 0.006438495510021874 0.0026847633998841047 0.000867131481608759 0.9999995503588622 -0.00038388158003275656 -0.0005189524963498116 -0.0064381606948903086 0.0003894565018456129 0.9999791989889092 0.23088666796684265
0.9999772477997168 -0.0007336477009031232 0.006705642695168134 0.0023494726046919823 0.0007380825672010475 0.9999995105340422 -0.0006589125892866452 -0.00293116457760334 -0.006705156003278083 0.000663846915550627 0.9999772998374737 0.2938289940357208
0.9999762103884318 -0.000495726512201614 0.0068798918898502716 0.0018755202181637287 0.0005009668388914856 0.9999995857274702 -0.0007599849435069949 0.0006224745884537697 -0.006879512295014683 0.0007634134614523646 0.999976044468301 0.2630782425403595
0.9999698895487941 -0.0011506374805102517 0.007674374838439575 0.002160931471735239 0.0011568288377236348 0.9999990089766518 -0.0008023669697337345 -0.0062446617521345615 -0.0076734439994464295 0.0008112207482268507 0.9999702296459054 0.31469303369522095
0.999971583586908 -0.0012521960945348087 0.007433977645419406 0.001984854694455862 0.0012580659175091817 0.9999989005454604 -0.0007849700745118809 -0.006830321159213781 -0.007432986535637305 0.000794300202385206 0.9999720595088394 0.3180796504020691
0.9999725657313956 -0.0011688621855369418 0.00731447508447296 0.002345524961128831 0.0011736868632728987 0.9999990964879519 -0.0006553490880753807 -0.003890818916261196 -0.007313702462989217 0.0006639160123708514 0.9999730341223266 0.2662220597267151
0.9999683735595821 -0.001421507414661732 0.00782503656694158 0.0022464306093752384 0.001428514641962363 0.9999985836470596 -0.0008899717929815575 -0.01036713644862175 -0.007823760382425467 0.0009011218256514403 0.9999689878955915 0.3625856041908264
0.9999734635836857 -0.001375160717761031 0.007154094034027854 0.0024413627106696367 0.0013812365850055714 0.9999986895744986 -0.0008444138688185586 -0.011392569169402122 -0.00715292345433866 0.0008542729575129633 0.9999740526152519 0.3608633875846863
0.9999750628841543 -0.0011768476586266874 0.006963378448725563 0.0025495297741144896 0.0011815069584163265 0.9999990808818112 -0.000665038976400943 -0.008494498208165169 -0.0069625893989955015 0.000673249672338202 0.9999755342425832 0.329622745513916
0.9999727190325931 -0.0012480696819333508 0.007280351133825986 0.0023812861181795597 0.0012536403120046397 0.9999989249010933 -0.0007606461896347451 -0.00877600908279419 -0.00727939396728048 0.0007697523801377504 0.9999732085934816 0.3412119150161743
0.9999693444366654 -0.001220277152813684 0.007734410809887809 0.0025473320856690407 0.0012273364861089494 0.9999988345563485 -0.0009080369456410089 -0.011998428963124752 -0.007733293739129157 0.0009175018338424424 0.9999696767194141 0.4457225799560547
0.9999773721422461 -0.0009153985512866696 0.006664626694727089 0.0021414041984826326 0.0009202242016787219 0.9999993166451304 -0.0007210386195485957 -0.005403890274465084 -0.006663962102714226 0.0007271552547689196 0.9999775311747405 0.30366602540016174
0.9999769087960668 -0.0011006079128611404 0.006706007522002403 0.0017951204208657146 0.0011036069394180009 0.9999992926657892 -0.0004435308835892294 -0.003981773741543293 -0.006705514625013788 0.00045092143836421685 0.9999774161167193 0.25269562005996704
0.9999700220061619 -0.001578813110360112 0.007580398284971815 0.002421321114525199 0.001584466844648407 0.9999984710137814 -0.0007398884496077601 -0.011677850037813187 -0.007579218549062859 0.0007518771589881442 0.9999709946428064 0.3576546311378479
0.999969224933802 -0.0013437691390751332 0.007729390001327086 0.0026501344982534647 0.0013499970025115122 0.9999987682914739 -0.0008005770597812908 -0.012346050702035427 -0.007728304690225133 0.0008109870753023132 0.9999698073474915 0.4443599283695221
0.9999760988997545 -0.0010866605797764473 0.006827942443573885 0.0011605708859860897 0.001096240813472903 0.9999984198176459 -0.0013995064451292028 -0.018665336072444916 -0.006826410865694657 0.0014069580645640534 0.9999757099968465 0.6508646011352539
0.9999832440021812 -0.0004669766260286537 0.005770064792137844 0.0016644299030303955 0.0004722895457864317 0.9999994657818638 -0.0009194447087995552 -0.01639261469244957 -0.005769632350476649 0.000922154443865857 0.9999829303411747 0.712932825088501
0.9998623916009372 0.007677708241361583 0.014705463549802048 0.01450637262314558 -0.007634419808557571 0.9999663645194471 -0.0029975763454251213 -0.006043356843292713 -0.014727983441080181 0.002884896171524529 0.9998873755967912 -0.0070593953132629395
0.9999797575333265 -0.0009804325036874915 0.0062867539871885505 0.00209822878241539 0.0009896561499109023 0.9999984383298983 -0.0014642125765799371 -0.013234179466962814 -0.0062853086077504245 0.0014704046620520508 0.9999791661858937 0.5540037751197815
0.9997684965434488 -0.004293027939960397 -0.0210837195570131 -0.03543040156364441 0.004289508614962568 0.9999907775130158 -0.0002121432445876051 0.0029722759500145912 0.021084435849560195 0.00012165533601793662 0.9997776911718349 0.8849289417266846
0.9999636008716755 -0.0008819274453022473 0.008486408883243864 0.0026860067155212164 0.0008910032763248838 0.9999990351621744 -0.0010657334947483197 -0.005627177655696869 -0.008485460795617173 0.0010732561210972874 0.9999634218692124 0.42685139179229736
0.9986489902268932 0.020059484008729502 0.04793549227983592 0.05725108087062836 -0.019612094363017463 0.9997597771881241 -0.00978538049585283 0.011030367575585842 -0.04812026676466769 0.008832044953239526 0.9988025004516364 -1.299026370048523
0.9998568892358244 0.0066399437011620275 0.015559954861957303 0.006694859359413385 -0.006590000331029663 0.9999729756417923 -0.0032588160022605037 -0.01314070075750351 -0.015581172718950874 0.0031558095229210067 0.9998736259762818 0.24334901571273804
0.9996565670846942 0.010127681704095554 0.02416977343180609 0.017976265400648117 -0.010053497566383867 0.9999443776995226 -0.0031888389418504265 -0.011499620974063873 -0.024200724599214483 0.002944753031219474 0.9997027825101109 -0.1390089988708496
0.9999346065091701 -0.001185574826319639 -0.01137440625624206 -0.0188264399766922 0.0011973964220989863 0.999998750028334 0.00103256165796739 0.007984769530594349 0.011373167859448216 -0.0010461138085108032 0.9999347762222994 0.6982941031455994
0.9997540789477954 0.008045067010621833 0.020665394359643673 0.015808992087841034 -0.00796705003711047 0.9999608325162721 -0.003854808305221291 -0.014481446705758572 -0.02069559713927497 0.003689218095806923 0.999779016547602 0.08566012978553772
0.999945942740309 0.0020851145361936102 0.010186456428286023 0.005635562352836132 -0.0020614498316217245 0.9999951535195535 -0.0023331013685928153 -0.015710191801190376 -0.010191271843402192 0.0023119763786373358 0.9999453948808597 0.576646625995636
0.9999530598434652 -0.0041945902456350355 -0.008734043872258693 -0.018791329115629196 0.00418000906085654 0.9999898406393523 -0.0016870513726014538 -0.01360667310655117 0.008741031629188482 0.001650463799621982 0.9999604343849328 1.0441954135894775
0.999998413775552 -0.000791539072437141 -0.0015955915129940766 -0.003346942365169525 0.0007896365058862677 0.9999989770092759 -0.0011926670071740985 -0.015291823074221611 0.0015965339232553446 0.0011914051780293913 0.9999980158145981 0.876352071762085
0.9999830827012576 0.0012491077904329213 0.005681024645025104 -0.00013522664085030556 -0.001231938671742792 0.9999946667960528 -0.003024682885880527 -0.016089923679828644 -0.0056847725019183865 0.0030176330424612156 0.9999792884117261 0.690603494644165
0.9997854172480226 -0.004286267450459742 -0.020266903304163725 -0.036688316613435745 0.004223942591105034 0.9999862211770373 -0.0031170122002187168 -0.011356789618730545 0.020279984398027577 0.003030737107106582 0.9997897463293987 1.0292668342590332
0.9995872553003812 0.01215096103059779 0.02603215678892972 0.0266927070915699 -0.012093895912010905 0.9999241084032845 -0.0023484283182431467 0.003783934749662876 -0.026058716827963187 0.0020326288223318934 0.999658347485455 -0.4227352738380432
0.9999998359315597 -0.0005146903566726824 -0.00025145713397295476 -0.00948803685605526 0.0005143490158463096 0.9999989488482979 -0.0013556354189807314 -0.02102012000977993 0.00025215460213067365 0.0013555058598343562 0.9999990495105086 1.1728575229644775
0.999999110722208 -0.0006771914080337917 -0.0011488979891918466 -0.009989697486162186 0.0006758682928057694 0.9999991084676491 -0.0011516362088579324 -0.020897720009088516 0.0011496768430579406 0.0011508586810108647 0.9999986768828509 1.1624462604522705
0.9999946702272058 -0.0003007592524241746 0.003251009236242186 -0.004277911968529224 0.000304908050554534 0.9999991397631186 -0.0012757366905306541 -0.019062131643295288 -0.003250622749990805 0.0012767211500325055 0.9999939016988266 0.9898449182510376
0.999186939236395 -0.012436280628417017 -0.0383510023798076 -0.05693448334932327 0.012409659455495568 0.9999225627488261 -0.0009321255380417819 -0.0025559011846780777 0.03835962475837554 0.00045544478402973366 0.9992638949539032 1.3405241966247559
0.9998718356980307 0.00043750997638953367 -0.01600377339475297 -0.014842194505035877 -0.00048215410501649186 0.999996003280803 -0.002785848136401762 -0.010995342396199703 0.016002490595812238 0.0027932073751580017 0.9998680504383016 0.9856815338134766
0.9996347629874223 -0.005663829647242468 -0.026424641167040953 -0.041622284799814224 0.005649659399941739 0.9999838539572881 -0.0006108791973600092 0.008018123917281628 0.026427674429364913 0.0004613658593074593 0.9996506215502491 1.093470573425293
0.999895067255058 -0.004559477418801708 -0.013750114351165419 -0.026698939502239227 0.004546220211518584 0.9999891706154012 -0.0009952556004256526 -0.007374491076916456 0.013754503291324912 0.0009326401177496212 0.9999049673952116 0.945608913898468
0.9998545486983558 -0.003451805405226267 -0.016702289862533883 -0.027132201939821243 0.0034638263215994846 0.9999937623033844 0.0006908411802173511 0.012027031742036343 0.016699801029396905 -0.000748594527725288 0.9998602683634408 0.5533407926559448
0.9999984236390483 2.492920766631858e-05 0.0017754148678061198 -0.0031397463753819466 -2.310571974951196e-05 0.9999994722758001 -0.0010270901844300392 -0.008184131234884262 -0.0017754395354212288 0.0010270475431268043 0.9999978964916877 0.4035356342792511
0.9999915790379375 -0.0008829876346700894 0.004007765717893486 -7.90855847299099e-06 0.0008875906712959885 0.9999989484055346 -0.0011468960830012553 -0.017659412696957588 -0.0040067488082896965 0.0011504436804967927 0.9999913111839149 0.761611819267273
0.9999811775679971 -0.0006580322630760122 0.006100123217008698 0.0010101525112986565 0.0006633616356734597 0.9999994000730699 -0.0008716678500224831 -0.018301356583833694 -0.006099545971812502 0.0008756980308286913 0.9999810141657174 0.748206377029419
0.9999925410734068 -0.0004907901851363547 0.003831047186508172 -0.002235480584204197 0.0004945445419519295 0.9999993983980947 -0.0009790960857020078 -0.01946772076189518 -0.003830564350993717 0.0009809834061722245 0.999992182193596 0.8099586367607117
0.9999923029173314 -0.0011157276423000816 0.003761549935944732 -0.0012646904215216637 0.0011173350139404015 0.9999992853656282 -0.00042524193082930516 -0.017209367826581 -0.0037610727936349653 0.00042944156915712564 0.9999928349300209 0.7986741662025452
0.9999333853998457 -0.0016945643696284253 0.011417233220043286 0.006052639801055193 0.001712615080425095 0.9999972987997712 -0.001571414250699137 -0.006442917510867119 -0.011414539517211138 0.0015908628973565265 0.9999335865160505 0.3924574851989746
0.9999772128697562 -0.0007312037638879505 0.006711116322200445 0.0018972184043377638 0.0007441296920511869 0.9999978727213245 -0.001923752537933452 -0.016301434487104416 -0.006709695390689278 0.0019287026420559718 0.9999756297499868 0.7346219420433044
0.9999661465911326 -0.0006923886320771773 0.008199162741641597 0.003032480366528034 0.0007094321012766893 0.9999975935490344 -0.002075958148430184 -0.015736563131213188 -0.008197705640935858 0.002081704619422706 0.9999642314243556 0.7393466830253601
0.9999857642036962 -0.001260429962097265 0.005184853542793708 0.0003469381481409073 0.0012615060420632822 0.9999991834362031 -0.00020427783267170426 -0.014257533475756645 -0.005184591831129122 0.00021081564868553643 0.9999865376915366 0.7128433585166931
0.9999567059442628 -0.0018071518159381082 0.009128003035358847 0.0037991181015968323 0.0018149284347698295 0.9999979970666462 -0.0008437401689856172 -0.007779092527925968 -0.00912645998599855 0.0008602703123132513 0.9999579829488406 0.34558847546577454
0.9999795496842299 -0.0012806217850067976 0.006265797728049848 0.002681032521650195 0.0012783300876068693 0.9999991145824747 0.000369738358858214 -0.012857580557465553 -0.006266265675199835 -0.0003617210398333981 0.9999803013421702 0.550752580165863
0.9999756720130457 -0.0016490248081745713 0.006777617519437851 0.003664410673081875 0.001649351613624794 0.9999986389100761 -4.262921534084054e-05 -0.009824888780713081 -0.006777537997857287 5.380685265006234e-05 0.9999770307779626 0.4684581160545349
0.9999925625141634 -0.0008797564201164003 0.0037551225010698987 0.0004681407008320093 0.0008833933511697142 0.9999991422858998 -0.0009669765516912117 -0.015594463795423508 -0.00375426857641893 0.0009702866100670772 0.9999924819774147 0.7162460088729858
0.999981657612513 -0.000768893648603534 0.006007765065987082 0.0023457047063857317 0.0007751334675355263 0.9999991625561861 -0.0010363662643960415 -0.012980876490473747 -0.0060069631793830715 0.0010410040747321787 0.9999814161792598 0.6017042398452759
0.9999735718733596 -0.0016680643136286195 0.007076236024913962 0.0025669701863080263 0.0016723877295092577 0.9999984184832083 -0.0006051035978134014 -0.014261267147958279 -0.007075215482010307 0.0006169218163580653 0.9999747800486547 0.39172789454460144
0.9999707900074772 -0.0017652493991402558 0.007436600458568165 0.002695119706913829 0.0017695185250219561 0.9999982733560367 -0.0005675289723507129 -0.01467150542885065 -0.007435585788029441 0.0005806715971082974 0.9999721870554625 0.42250221967697144
0.9999708031432928 -0.0016816144539660175 0.007454195716910614 0.0030284160748124123 0.001685618711436775 0.9999984383993319 -0.0005309316877813011 -0.016528069972991943 -0.00745329125403336 0.0005434811180240281 0.9999720761490076 0.5182305574417114
0.9999774781984261 -0.0012456870182083028 0.006594797932368695 0.003031363943591714 0.001249415552484307 0.9999990619593072 -0.000561285384316811 -0.017394842579960823 -0.006594092560263121 0.000569512386260952 0.9999780965595938 0.56220942735672
0.999991807552258 -0.0004051538586697831 0.004027490374754088 -0.0009364383295178413 0.00040826289716375084 0.9999996193151153 -0.0007711621303768584 -0.017105191946029663 -0.004027176402236596 0.0007728000875601009 0.9999915922797802 0.7384680509567261
0.9999763982752579 -0.0006317797572732776 0.00684132639050154 0.002567710354924202 0.0006375489940124294 0.9999994430037802 -0.0008411441076998865 -0.014827626757323742 -0.006840791162088407 0.0008454859360061629 0.9999762440827327 0.6209243535995483
0.999970287200071 -0.0016873042879198435 0.007521816352952198 0.0026062875986099243 0.0016922265616444538 0.9999983581773346 -0.0006480832502457473 -0.012754913419485092 -0.007520710489816555 0.0006607926113020727 0.9999715007273223 0.38398781418800354
0.9999942880392573 -0.0005529172222124948 0.0033343922091402466 -0.0008387938141822815 0.0005546934181687085 0.9999997047581566 -0.0005317883147112287 -0.015062805265188217 -0.0033340971897703685 0.0005336348425692547 0.9999942994986442 0.780600905418396
0.9999742258768689 -0.0011189364027759054 0.007091936497402331 0.002563783433288336 0.0011254138001991797 0.9999989531972694 -0.0009094218733428686 -0.01511436328291893 -0.007090911488304277 0.0009173797969958398 0.999974438367588 0.6205717325210571
0.9999671645127136 -0.0016384467095164558 0.007936333459731775 0.0029781213961541653 0.0016442067936977016 0.999998389582706 -0.0007193163520480875 -0.01533590629696846 -0.007935142117413004 0.0007323417063366962 0.9999682480935091 0.5377180576324463
0.999989736093754 -0.0006621351283506812 0.004482107117900985 -0.0008104420267045498 0.0006659474300540128 0.9999994177534663 -0.0008491211626843857 -0.01850341446697712 -0.004481542275259612 0.0008520972951007733 0.9999895948003834 0.8151198625564575
0.9999711864070466 -0.0013222047252694706 0.007475167579949544 0.0020922962576150894 0.0013353291977966752 0.9999975754013614 -0.0017510246520928987 -0.014714009128510952 -0.007472834242599345 0.0017609560083092514 0.9999705274568444 0.6937291622161865
0.9999819952993938 -0.000706008889635375 0.0059590795002958385 0.0012152199633419514 0.0007107310495802055 0.9999994351034648 -0.0007903506349953896 -0.016897236928343773 -0.005958518139458241 0.0007945717077966097 0.9999819321954686 0.7167665958404541
0.9999838957552226 -0.0006089403032307532 0.005642465942767751 0.000806689728051424 0.000613601974982363 0.9999994718608619 -0.0008244820274686011 -0.017616475000977516 -0.005641960902424837 0.0008279309780544693 0.9999837412715625 0.7010176181793213
0.999986173437766 -0.0009955950471105617 0.0051634991814298575 0.0006904497276991606 0.0009973022420534917 0.9999994488812161 -0.0003280632596278762 -0.015164935030043125 -0.005163169717572042 0.00033320829295128154 0.9999866152357747 0.7121902704238892
0.9999779259596073 -0.0011292418873270424 0.006547702366612668 0.0012286396231502295 0.0011432272961899132 0.9999970725692138 -0.0021325769274461487 -0.01845739036798477 -0.0065452750034727634 0.0021400153649297512 0.9999762895735911 0.8101615309715271
0.9999997558818916 -0.0005399710511766392 -0.00044347200732546644 -0.00893887598067522 0.0005394248827024188 0.9999990971109809 -0.001230771310598185 -0.02101922780275345 0.00044413618779780246 0.0012305317903090873 0.9999991442669138 1.1301367282867432
0.9999955215662938 -0.0005296158827679095 0.0029455652042923793 -0.0041203973814845085 0.0005331341151809548 0.9999991453523666 -0.0011937598383803586 -0.020481320098042488 -0.0029449304527014316 0.0011953248735049595 0.9999949492787829 1.0112028121948242
0.9999630106856237 -0.004553718622376169 -0.007296636708203569 -0.0146182207390666 0.004550977771535874 0.9999895673390427 -0.00039219178640288445 -0.015156996436417103 0.007298346515907949 0.0003589704480315942 0.9999733022827915 0.9347473382949829
0.9988965699104964 -0.01329857683959196 -0.04504209669948584 -0.06590227782726288 0.01323033565258915 0.9999108319387693 -0.0018128403232864523 0.0006484454497694969 0.04506218857938652 0.0012149179228956972 0.9989834448752772 1.4305810928344727
0.9998059521543018 -0.002647755720538343 -0.01952043612408023 -0.022707819938659668 0.0026074422541272004 0.9999944158139684 -0.002090355417443388 -0.019848719239234924 0.019525861868847996 0.002039051378508972 0.9998072729220139 1.439866065979004
0.9999996459714996 -0.0004481031262275793 -0.0007122222012815267 -0.007797935977578163 0.00044734959929620445 0.9999993404668635 -0.0010578015760625572 -0.02154715731739998 0.0007126957357405465 0.0010574825892542983 0.9999991868973503 1.083289384841919
0.999999880954764 -0.00024220983317439673 0.0004235857110124659 -0.006662794388830662 0.0002427491631097347 0.9999991594298031 -0.0012736610738927447 -0.02048022300004959 -0.00042327686172271303 0.001273763747346315 0.9999990991809015 1.0258958339691162
0.9999994072957685 -0.00041421693468648556 0.0010068924680503002 -0.005249766632914543 0.0004151749879274208 0.999999461164887 -0.0009514723667036347 -0.019057711586356163 -0.0010064978095341087 0.000951889839330204 0.999999040433486 0.9607241153717041
0.9999957822654363 -0.00032029850965856915 0.0028866693962406372 -0.0024727117270231247 0.00032321434550098204 0.9999994380251547 -0.001009693944723137 -0.018114730715751648 -0.002886344370539343 0.0010106226990616713 0.9999953238180341 0.8690129518508911
0.9999951036855192 -0.000556735812435933 0.00307939120978261 -0.0024243765510618687 0.0005584438916690596 0.9999996906959173 -0.0005538487969488197 -0.018718235194683075 -0.0030790819098544006 0.0005555657523420975 0.9999951052886646 0.8492660522460938
0.9999995300724056 -0.0007496031640762452 -0.0006147764343111252 -0.005740641616284847 0.0007491485020593408 0.9999994459921391 -0.0007394538096141058 -0.019594796001911163 0.0006153303906355228 0.0007389929032794903 0.9999995376288926 0.978734016418457
0.9999901321452588 -0.0004348805850448597 0.0044211413667268685 -1.559266820549965e-05 0.00043949163185490214 0.9999993605039276 -0.0010420359117121218 -0.017498349770903587 -0.004420685378237406 0.0010439686836870338 0.9999896837818748 0.7759256362915039
0.9999905250477658 -0.0004849282284529443 0.004326044302442338 -0.00042341696098446846 0.0004907236548356884 0.9999989835375793 -0.0013386986600219541 -0.01792338117957115 -0.004325390732411238 0.0013408088681871701 0.9999897465607288 0.7834925651550293
0.999999947767215 -0.00032198195811444433 -2.8163560043178524e-05 -0.007013014517724514 0.0003219517568756527 0.999999380142296 -0.001065862134799995 -0.02058928832411766 2.85067309630218e-05 0.0010658530118194114 0.9999994315722003 1.0285457372665405
0.9999989938438593 -0.0004452668052376958 -0.001346866267098178 -0.0085055623203516 0.0004439113467558909 0.9999993949389794 -0.0010065109992438259 -0.020469173789024353 0.0013473136180989695 0.0010059120973180756 0.9999985864424346 1.0862534046173096
0.999999705284797 -0.0004482316518169619 -0.0006233126870348204 -0.008093036711215973 0.000447502938625683 0.9999992168869258 -0.0011687457616129033 -0.020024213939905167 0.0006238360677537877 0.001168466482906628 0.9999991227569348 1.0707283020019531
0.9999997774661727 -0.00035758608294291405 0.0005632049345968923 -0.006333828903734684 0.00035818526332287524 0.9999993696598308 -0.0010641349812118852 -0.019341982901096344 -0.0005628240597265443 0.0010643364761136584 0.9999992752082091 0.9977003335952759
0.9999992963932419 -0.0005036036736100981 0.001074056032614626 -0.005621672607958317 0.0005045525017433777 0.9999994825873563 -0.0008833186247538112 -0.019136106595396996 -0.0010736106343800604 0.0008838599209031254 0.9999990330754556 0.9744264483451843
0.9999985816372975 -0.0007791229229898739 -0.0014932149422407829 -0.00897710956633091 0.0007779241549296606 0.999999374833338 -0.0008032228470358076 -0.02116098627448082 0.0014938398180649767 0.0008020600998024087 0.9999985625700638 1.101701259613037
0.9999999556515281 -0.0002868818032477288 7.997357823526517e-05 -0.007634395733475685 0.00028698705478195837 0.9999990886893122 -0.001319188756758169 -0.020565049722790718 -7.959505410512567e-05 0.0013192116496358415 0.9999991266722442 1.0790619850158691
0.9999995878115961 -0.000732204704203354 -0.0005368918968339264 -0.00700566079467535 0.0007317743423011357 0.999999411180917 -0.0008013389614392893 -0.019653277471661568 0.0005374783248589593 0.0008009457474219693 0.9999995348013717 1.0242425203323364
0.9999992851888237 -0.0005428129978978274 -0.00106535247281674 -0.007024738006293774 0.0005419391091081371 0.9999995166238653 -0.0008203987067892241 -0.02014918625354767 0.0010657972809322834 0.0008198207641890549 0.9999990959846269 1.0346105098724365
0.9999990492889211 -0.0006399061389755658 -0.001221450525808721 -0.007482585497200489 0.0006388522322534709 0.9999994235256529 -0.0008630273385966273 -0.021138649433851242 0.0012220020781658985 0.0008622461917119751 0.9999988816205875 1.0657427310943604
0.9999998557157953 -0.0002437979461583875 -0.00047867624779227 -0.007018009200692177 0.00024307578307861003 0.9999988332041566 -0.001508146043746454 -0.020957456901669502 0.0004790433721827859 0.0015080294715410282 0.9999987481814968 1.0649983882904053
0.9999993823258735 -0.0005767782655287752 -0.0009500919449961172 -0.0073698172345757484 0.0005759260796152942 0.9999994318673924 -0.0008969805144307283 -0.019128844141960144 0.0009506087640832294 0.0008964327776599168 0.999999146375262 1.01633620262146
0.9999998112132487 -0.00018985385991266375 0.0005844048072750204 -0.006001884117722511 0.00019058420380767984 0.9999992006876287 -0.00124992070340482 -0.019241617992520332 -0.0005841670378829021 0.001250031845761247 0.9999990480841751 0.9984351992607117
0.9999990326157822 -0.0003867393766171256 0.0013361138253544097 -0.00425634765997529 0.0003878330039622569 0.9999995899431116 -0.0008183514952100467 -0.017617542296648026 -0.0013357967887246205 0.0008188688925882483 0.9999987725495847 0.887023389339447
0.9999997642127268 -0.0006103008404551299 0.0003148132379692256 -0.005475115031003952 0.0006105073276441013 0.9999995983245602 -0.0006562252061079089 -0.01861300691962242 -0.00031441261672166427 0.0006564172471669765 0.9999997351305169 0.9343471527099609
0.9999997488498914 -0.0003011487812877855 0.0006415680522578194 -0.006014250218868256 0.0003017869232118068 0.9999994596533796 -0.0009947952562209973 -0.019764229655265808 -0.0006412681242096487 0.0009949886232265824 0.9999992993861708 0.9849622249603271
0.9999998685298639 -0.00030322099478786676 0.00041351817776421576 -0.006241012364625931 0.00030363538268260817 0.999999451490841 -0.0010024088843935861 -0.019190657883882523 -0.00041321399952659783 0.0010025343113569051 0.9999994120893998 0.9870092272758484
0.9999974844505872 -0.0007162237184008463 -0.0021255860562619405 -0.009740522131323814 0.0007143684706880743 0.9999993633829813 -0.0008734479492284277 -0.02131831645965576 0.002126210287215708 0.0008719273003666244 0.9999973594828124 1.1240895986557007
0.9999935213633803 -0.0010338890812373704 -0.003447942086919672 -0.012061485089361668 0.001031321346597697 0.9999991896238886 -0.0007464099721007901 -0.025491060689091682 0.003448710997910052 0.0007428492001057386 0.9999937772643983 1.2975263595581055
0.999999467719637 -0.0008472053730288652 -0.0005889002447289071 -0.008824508637189865 0.000846721655184386 0.9999993043820583 -0.000821156402735222 -0.02390332520008087 0.0005895955231958255 0.0008206573310598387 0.9999994894492015 1.1574584245681763
0.9999996421882412 -0.0005180952274059268 -0.0006687306820596182 -0.007928677834570408 0.0005173882244449442 0.9999993075599918 -0.001056971599587382 -0.02128547802567482 0.0006692778309449891 0.0010566252280102921 0.9999992178048505 1.0919609069824219
0.9999999433177513 -0.00033371437650977137 4.471251689716567e-05 -0.0070752669125795364 0.00033376452187278046 0.9999993101009644 -0.0011262321427302543 -0.01950915902853012 -4.4336646192726895e-05 0.0011262470023447077 0.9999993648007741 1.0150469541549683
0.9999998967469557 -0.0004510774691950437 -5.509260117828858e-05 -0.007235879078507423 0.00045102016218142546 0.9999993618342605 -0.001035814599706995 -0.01982302777469158 5.5559798648269115e-05 0.0010357896448820658 0.9999994620263154 1.0209486484527588
0.9999999536279355 -0.00030364042183186933 -2.3379923425601685e-05 -0.007399618625640869 0.00030361375718064554 0.9999993130006937 -0.0011321734968692651 -0.020612727850675583 2.3723681001786758e-05 0.001132166345901649 0.9999993588180704 1.0500484704971313
0.9999998560325161 -0.0003046301276397163 0.0004417413635922737 -0.006698758341372013 0.0003051064347949798 0.9999993717844882 -0.0010785827239603069 -0.020180923864245415 -0.0004414125172906268 0.001078717346812013 0.999999320761707 1.0152322053909302
0.9999966665183729 -0.0009363845586798577 0.0024062701636082 -0.005804024636745453 0.0009391013490330321 0.9999989226661319 -0.0011281645410960663 -0.02076704427599907 -0.0024052111753959243 0.0011304205119370785 0.9999964685480984 1.0267802476882935
0.9999987704763975 -0.001020030524413919 0.0011910429977530677 -0.00480367336422205 0.0010217465238572452 0.9999984397247903 -0.0014410350536779323 -0.019235271960496902 -0.0011895712396567026 0.0014422502259340407 0.9999982524157487 0.9619341492652893
0.9999998965468244 -0.0003824836315118349 0.00024619628844686455 -0.006748678162693977 0.0003827398333564022 0.999999384460429 -0.0010414360197876188 -0.019538147374987602 -0.0002457978046724712 0.0010415301411741684 0.9999994273990384 0.9999163150787354
0.9999981126064746 -0.00028673810959368713 0.0019216047316570008 -0.004618336446583271 0.00028875860064476045 0.999999405729652 -0.001051265339138856 -0.018610339611768723 -0.0019213021518682623 0.0010518182348807671 0.9999976011353436 0.9319381713867188
0.9999972035733431 -0.00042150024085324577 0.0023270545848680262 -0.00392161076888442 0.00042337500684773476 0.9999995861990015 -0.0008052052095119747 -0.018525969237089157 -0.00232671422774077 0.0008061881745654661 0.999996968226169 0.8912794589996338
0.999999012112327 -0.00031908322803883354 0.0013689266829132328 -0.005142052657902241 0.00032044379926383394 0.9999994548463034 -0.0009937921649882785 -0.01876199059188366 -0.0013686088342257873 0.0009942298473004357 0.999998569207411 0.9460870027542114
0.999999695386859 -0.00047576429289203457 0.0006187685569068812 -0.00569094717502594 0.00047629984340263865 0.9999995118932457 -0.0008656510438330103 -0.01900867000222206 -0.0006183564090250087 0.000865945499511084 0.9999994338867115 0.9563028216362
0.9999992058533764 -0.00032041556506150003 0.0012188627822450435 -0.005190602503716946 0.0003216617977030625 0.9999994256192155 -0.0010223966582851708 -0.01881706714630127 -0.001218534490350701 0.0010227879079460073 0.9999987345384949 0.9471803307533264
0.9999996631928584 -0.00044879826531111773 0.000687163944953739 -0.005911605432629585 0.0004494624888655355 0.999999431672624 -0.0009667667249724829 -0.01970282569527626 -0.0006867296711905291 0.000967075253775503 0.9999992965836588 0.9826438426971436
0.9999995570883052 -0.0004450688291680914 0.0008292990597090252 -0.005369579419493675 0.00044584057428385975 0.9999994675610998 -0.0009306469248772799 -0.019120177254080772 -0.0008288844162207222 0.0009310162478519071 0.9999992230793834 0.957295298576355
0.9999998779418957 -0.0004936875337087222 -1.9718334777932315e-05 -0.006729567423462868 0.0004936687871464093 0.9999994366567236 -0.000939668752208408 -0.02056206949055195 2.0182226418521916e-05 0.0009396589031878072 0.9999995583168141 1.0163214206695557
0.9999998990257416 -0.00043682575113114313 0.00010550720263325115 -0.006750666536390781 0.00043693422319809037 0.9999993738102658 -0.001030275478129733 -0.020907970145344734 -0.00010505708570611796 0.001030321473806055 0.9999994637001909 1.0422284603118896
0.9999998653117673 -0.0003639254419394413 0.0003700469162378145 -0.006277572363615036 0.00036434672144532783 0.9999992849427465 -0.001139019518072975 -0.019983971491456032 -0.0003696321334515905 0.001139154190041161 0.9999992828496516 1.004575252532959
0.9999997866131516 -0.0005774370694350891 -0.0003055160910665236 -0.007062883116304874 0.0005771673576930203 0.9999994443357316 -0.0008821598885497855 -0.020765919238328934 0.00030602531312296584 0.0008819833663934537 0.9999995642268295 1.0374441146850586
0.9999996909984596 -0.0003979519498449262 -0.0006779655086270527 -0.007959799841046333 0.0003972060675802713 0.9999993161608004 -0.0010999569407431139 -0.021616976708173752 0.0006784027750169761 0.0010996873088410881 0.9999991652284004 1.0819425582885742
0.9999995194990644 -0.00033964504714363797 -0.0009195884310993198 -0.008139187470078468 0.0003386196816927386 0.9999993211083981 -0.0011149526691819859 -0.021186839789152145 0.0009199664949503438 0.001114640742704358 0.9999989556182862 1.0772186517715454
0.9999904701247526 -0.0006362615810009407 0.004319123855171061 -0.0011190259829163551 0.0006408944682089958 0.9999992207358809 -0.0010713458411263088 -0.016114231199026108 -0.004318438833234141 0.0010741037339203848 0.9999900986445875 0.852314829826355
0.9999998153002849 -0.0005657442946893236 -0.00022210985786831839 -0.006295797415077686 0.0005655710955124461 0.9999995365813403 -0.0007790805095089588 -0.019300013780593872 0.00022255051529182415 0.000778954746697372 0.9999996718503315 0.9655518531799316
0.9999998707232896 -0.00041305181946336533 -0.0002965494877347472 -0.008052575401961803 0.00041271016036395383 0.9999992521429062 -0.001151253209364532 -0.020729530602693558 0.0002970247931909002 0.0011511306715476656 0.999999293336975 1.0827577114105225
0.9999898633762637 -0.0007702812751803914 0.00443619335450661 -0.0007103360258042812 0.0007741440515224594 0.9999993226916345 -0.0008690899032015575 -0.01579943299293518 -0.004435520906156855 0.0008725153462610103 0.9999897823834311 0.8096405267715454
0.9999840324009629 -0.0008580735459306478 0.005585575431413728 0.002238098531961441 0.0008645985065727557 0.9999989466068638 -0.00116587074126438 -0.015767361968755722 -0.005584569144765853 0.001170681405284204 0.9999837209137531 0.6978466510772705
0.9999864519510996 -0.0015554197451944018 0.004967553086578696 0.0006925316993147135 0.0015560380247962326 0.9999987820997713 -0.00012060116081335006 -0.010297796688973904 -0.0049673594511678324 0.00012832922839583623 0.9999876543596389 0.6294966340065002
0.9999776485910187 -0.0009738619847814441 0.006614673930882361 0.002269342541694641 0.0009851076682435662 0.999998074762672 -0.0016970662424907312 -0.017358850687742233 -0.00661300848776598 0.0017035444766813198 0.9999766827556315 0.7671958208084106
0.9999441727872221 -0.003707288306418379 -0.00989481289824025 -0.020903002470731735 0.003688380127970246 0.9999913383650093 -0.0019284830798186117 -0.014153245836496353 0.009901876635753563 0.0018918795867195232 0.9999491855243043 1.1138668060302734
0.9999832273048681 -0.002222908466976566 -0.005348250825037195 -0.009502070024609566 0.0022129887882554955 0.99999582161442 -0.0018599554628391543 -0.015487736091017723 0.005352362988729615 0.001848088647260632 0.9999839682608859 1.010353684425354
0.9999708481113448 -0.0008705183233514595 0.0075858503364169185 0.0035234629176557064 0.0008776438114582371 0.9999991767897766 -0.0009360347801225587 -0.01286581251770258 -0.007585029256239977 0.0009426651675432758 0.9999707889301387 0.5468446612358093
0.9999739031847261 -0.000832063125650549 0.007176393276486849 0.003002194222062826 0.0008388131752042647 0.9999992086188095 -0.0009376322368489455 -0.012461944483220577 -0.007175607428014492 0.0009436274208644302 0.9999738097697007 0.5871456265449524
0.9999674473669363 -0.0008263640766590492 0.008026289856869935 0.003995034843683243 0.0008344719363609238 0.9999991449378965 -0.0010068664575846112 -0.010176179930567741 -0.008025450955623105 0.0010135313950689296 0.9999672819102985 0.4951908588409424
0.9999888350403174 -0.0006080427162943143 0.004686158209453028 -0.00042092963121831417 0.0006137555931107915 0.9999990701887542 -0.001217754367206205 -0.017774397507309914 -0.00468541340553721 0.0012206169268390457 0.999988278429071 0.7534082531929016
0.9999736036616871 -0.0013616653796833585 0.007137075539221893 0.002930192742496729 0.001367115885607034 0.9999987775575633 -0.0007588659525917494 -0.016235467046499252 -0.007136033493062416 0.0007686031306557783 0.99997424280589 0.5988731980323792
0.999999740356743 -0.0005389891354389139 -0.0004783065531453595 -0.008141933009028435 0.0005384140241318103 0.9999991330062697 -0.0012017058906958632 -0.02087441273033619 0.0004789538448756547 0.0012014480517249838 0.9999991635625471 1.1298494338989258
0.9999956182119247 -0.0007792756795467226 -0.002855921281442535 -0.0110482694581151 0.0007766414080380385 0.9999992720963001 -0.0009233823656939917 -0.021403860300779343 0.002856638772027375 0.0009211602929028876 0.9999954955291753 1.1875382661819458
0.9999706010879104 -0.000961017209376504 0.007607457249735528 0.0033352896571159363 0.0009645364637571462 0.999999429516762 -0.00045895049916549297 -0.01190575398504734 -0.007607011850480734 0.00046627467643395803 0.9999709575575847 0.514154851436615
0.999969510132662 -0.0010096490143455894 0.007743346428508356 0.0030938321724534035 0.001016242395883753 0.9999991244102386 -0.0008476025890441372 -0.010357797145843506 -0.007742483867394919 0.0008554458626803071 0.9999696606177305 0.45683515071868896
0.999984802955372 -0.0005621362828412519 0.0054843286831736645 -0.00013712048530578613 0.0005705837193381769 0.999998653196866 -0.0015388432906070554 -0.017267685383558273 -0.00548345625721535 0.0015419491733950112 0.9999837769185166 0.7564966678619385
0.9999919829074065 -0.0008099001790107368 0.003921502596301568 -0.0009985649958252907 0.0008119145999883325 0.9999995392631316 -0.0005121212812241866 -0.01741482876241207 -0.003921086022403404 0.0005153011007122853 0.9999921797440119 0.8064910173416138
0.999965639877072 -0.0010685788729605243 0.008220535531858886 0.003148167161270976 0.0010768550733817627 0.9999989177769926 -0.0010024110907674334 -0.010318427346646786 -0.008219455480092583 0.0010112289731925273 0.9999657083958303 0.4624840021133423
0.9999679232180445 -0.001310214701738035 0.007901637325673148 0.00281192222610116 0.001318931873268989 0.9999985272956263 -0.001098100765973039 -0.01235366053879261 -0.00790018694112973 0.0011084872637540457 0.9999681786448413 0.5500880479812622
0.9999848057976689 -0.0005914659726907126 0.0054807245690349045 0.0004836439620703459 0.0005958373950409678 0.9999995056800957 -0.0007960008562316435 -0.017683591693639755 -0.005480251052382965 0.000799254382283729 0.9999846639028197 0.7167981266975403
0.9999940133581827 -0.0004341097093396903 0.003432899147198301 -0.003401137888431549 0.00043734480268445427 0.9999994609794398 -0.0009416848481484353 -0.01890607550740242 -0.003432488502259361 0.0009431805712187117 0.9999936641964746 0.9014713168144226
0.999995679782121 -0.00042900087234010783 0.0029079847566737 -0.0030124331824481487 0.0004316575178227554 0.999999490048339 -0.0009130032032443648 -0.017423290759325027 -0.002907591594571402 0.0009142545123535348 0.9999953550141149 0.8728007078170776
0.9999881449768828 -0.0006274659399857308 0.004828684312202002 -0.0001817962620407343 0.0006331577203390092 0.9999991065315516 -0.0011773051430430852 -0.01717902161180973 -0.0048279412790466925 0.001180348504814749 0.9999876488039307 0.7491423487663269
0.9999592744922533 -0.0014326879842753687 0.008910486073493835 0.0026667523197829723 0.0014385816059773956 0.9999987506946633 -0.0006550512006069058 -0.006563915871083736 -0.008909536457591835 0.0006678429846798071 0.9999600862763766 0.3272790312767029
0.999985328925521 0.0037566130585176293 0.003902536616920744 8.251308463513851e-05 -0.003764509312814636 0.9999908780448306 0.002017993251431381 0.015513758175075054 -0.0038949201983563488 -0.002032654780740089 0.9999903489090237 0.28079813718795776
0.9999463114766738 -0.0021740948126724763 0.010131509065294236 0.0030064641032367945 0.0021760824121618903 0.9999976151876485 -0.00018516033832094642 -0.004158821888267994 -0.010131082347415221 0.00020719739602144893 0.9999486578018436 0.22678321599960327
0.9999694839546881 -0.002379335884171964 0.007441096703109705 0.00309175718575716 0.0023821970232163537 0.9999970920021792 -0.0003756654465308535 -0.007463914342224598 -0.0074401812301393335 0.00039338014112267803 0.9999722440924684 0.2370036542415619
0.9999861126300187 -0.0008776229595548488 0.00519656858363588 0.0006041813176125288 0.0008787589906317271 0.9999995904913529 -0.00021633252823446514 -0.015241984277963638 -0.005196376597202432 0.00022089605530791097 0.9999864743461248 0.6997826099395752
