0.9999770873244042 -0.0009302608220647146 0.006705180161948924 0.0026735831052064896 0.0009356847718242723 0.9999992375675638 -0.0008058277105824044 -0.014348197728395462 -0.006704425419753589 0.0008120831818833594 0.9999771953403221 0.6236273646354675
0.999974048669029 -0.0013993493515567375 0.007067093452268609 0.0028774505481123924 0.001404116075984492 0.9999987900601292 -0.0006695792134741574 -0.016343701630830765 -0.0070661479262722785 0.0006794848565291921 0.999974803609478 0.5811049342155457
0.9999776944109684 -0.0015425243757065802 0.006498561308023415 0.002887828042730689 0.0015452958691510603 0.9999987172074801 -0.0004214784348098662 -0.01746572181582451 -0.00649790283095805 0.00043151123342982715 0.9999787953036078 0.5333321690559387
0.999973159820004 -0.0012865231937968019 0.007212800958638594 0.0027905688621103764 0.001291241352625463 0.9999989554103867 -0.0006495182099115966 -0.016747919842600822 -0.0072119578039797835 0.0006588142435919826 0.9999737764703764 0.6020624041557312
0.9999761036128089 -0.0015526235721993642 0.006736583955362799 0.0027753354515880346 0.0015560514441591284 0.9999986625280657 -0.0005036327855332246 -0.01687287911772728 -0.006735792993236276 0.000514103221721621 0.9999771821349872 0.5175547003746033
0.9999711548076392 -0.0017170214845904474 0.0073987424538165605 0.0017914469353854656 0.001721400618606111 0.9999983469554101 -0.0005855479122037629 -0.008839406073093414 -0.0073977248250198645 0.000598267221798506 0.9999724574925775 0.3073127269744873
0.9999762385415614 -0.001231314706631147 0.006782788244047572 0.002736198715865612 0.0012359018675672847 0.9999990103837996 -0.0006721443262303727 -0.01702274940907955 -0.006781953910496576 0.0006805112157590321 0.9999767707330212 0.5842727422714233
0.9999792539004507 -0.0007057181176041485 0.0064026346636438984 0.0020813525188714266 0.0007120028259053527 0.9999992669572945 -0.0009793553233362555 -0.01660291850566864 -0.006401938821444012 0.0009838936995069777 0.9999790233462472 0.6653730273246765
0.9999900349435418 -0.0007185994016667567 0.004406089934845186 -0.0012476304545998573 0.0007226578331042647 0.999999316075293 -0.0009195730543862943 -0.018847472965717316 -0.004405426116764748 0.0009227479861936677 0.9999898703271367 0.7915860414505005
0.9999947301044445 -0.00039173640619333505 0.0032227792240949217 -0.003307035658508539 0.00039445514254820045 0.999999566871593 -0.000843007572258186 -0.019651753827929497 -0.00322244759146094 0.0008442743715345694 0.99999445150076 0.9161635637283325
0.9999834861990773 -0.000554609794780493 0.005720116879480235 0.0014954600483179092 0.0005598024873768916 0.9999994326806533 -0.0009062337150886109 -0.01759912073612213 -0.005719611028252517 0.0009094208853826704 0.999983229361042 0.7101126313209534
0.9999746659333514 -0.0009722656603171725 0.007051396384271718 0.0018856775714084506 0.0009814424761394214 0.9999986758854861 -0.0012980747054066352 -0.01648186519742012 -0.007050124973954828 0.0013049623598231537 0.9999742960751997 0.6604151129722595
0.9999880400122173 -0.000403895264115761 0.004874084646313672 -0.0009367913007736206 0.00040871894234404847 0.9999994277076433 -0.0009887027925433612 -0.01938777230679989 -0.004873682524536757 0.0009906830983915785 0.9999876328063505 0.8470299243927002
0.9999767551695632 -0.0010232363648294304 0.006741076167290782 0.002544514834880829 0.0010285340778183258 0.9999991649323675 -0.0007824654742547686 -0.016707584261894226 -0.006740269890908786 0.0007893807125367243 0.9999769725548125 0.6122602820396423
0.9999783187712113 -0.0009249149851085582 0.006519702429694278 0.0021147734951227903 0.0009298560649478928 0.9999992827628622 -0.0007548784401894069 -0.01762147806584835 -0.006518999555140302 0.0007609244583431443 0.9999784615874328 0.6562339663505554
0.999990670180902 -0.00048137995146199197 0.0042927642017930815 -0.001429921481758356 0.00048517905243479823 0.9999994915693152 -0.0008840036186404525 -0.018996167927980423 -0.004292336477601006 0.000886078130314361 0.9999903953104298 0.812738299369812
0.9999944280806417 -0.0004581987925715561 0.003306639009256714 -0.003020834643393755 0.00046095428169088234 0.9999995471439113 -0.0008326062233121182 -0.019315235316753387 -0.0033062560126588957 0.0008341257935067074 0.9999941864357712 0.8933312892913818
0.9999824777684051 -0.00035882656381934486 0.005908925423312125 0.0009448181372135878 0.0003649186291950425 0.9999994030206686 -0.001029947911509506 -0.018250692635774612 -0.005908552323135777 0.0010320861414891606 0.9999820117420319 0.7703608870506287
0.9999834760848736 -0.0005962190757823343 0.005717698840131421 0.001417010324075818 0.0006005506842397568 0.9999995339829653 -0.0007558920079521681 -0.018125563859939575 -0.005717245498351991 0.0007593132856075019 0.9999833681353133 0.7002996206283569
0.9999953729215464 -0.00047025355654565956 0.0030054944834346196 -0.002434296067804098 0.00047286129250691565 0.9999995123525581 -0.0008670045236363162 -0.018492430448532104 -0.0030050853058521424 0.000868421693944425 0.9999951076410655 0.8748003244400024
0.9999956383927386 -0.00044781939120611504 0.002919358369937623 -0.003505459986627102 0.0004502411384129188 0.9999995550678283 -0.0008289433410982726 -0.019549120217561722 -0.002918985854118808 0.0008302541408088929 0.99999539508922 0.9067899584770203
0.9999998896532414 -0.000341566379692708 0.0003225304843746946 -0.006740898825228214 0.0003419155455197051 0.9999993549412757 -0.001083148555012976 -0.020447883754968643 -0.00032216030919298664 0.0010832587136775556 0.9999993613814433 1.025272011756897
0.9999983370637188 -0.00035249948208002866 -0.001789305427186574 -0.009882398881018162 0.00035028875001128624 0.9999991751857346 -0.0012356883271118612 -0.021884340792894363 0.001789739530837252 0.0012350594986794323 0.9999976357274281 1.1648799180984497
0.9999984144304239 -0.0005713980926545354 -0.0016866063138653022 -0.010028203949332237 0.000569603609018031 0.9999992714617395 -0.0010642498385833449 -0.022527514025568962 0.0016872131954359466 0.0010632874540978093 0.9999980113637342 1.1592471599578857
0.9999999235221011 -0.0001581027720592026 -0.000357714000060731 -0.007457342930138111 0.00015768049299844406 0.9999992911157282 -0.0011802139228299785 -0.020180754363536835 0.0003579003415757248 0.001180157428049815 0.9999992395676063 1.068362832069397
0.9999965591067244 -0.0006782214648045182 -0.002534125165842206 -0.010455423034727573 0.0006761480021188643 0.9999994360447764 -0.0008189835214947147 -0.02232479676604271 0.0025346791889126804 0.0008172672597918193 0.9999964537315297 1.1551592350006104
0.9999995097945187 -0.0001805468720220204 -0.0009735571627801715 -0.009165499359369278 0.0001792955441302391 0.9999991579931861 -0.0012852494024799624 -0.022370191290974617 0.0009737883907977926 0.0012850742179824181 0.9999987001593672 1.1509428024291992
0.9999990937009748 -0.000317932614258111 -0.0013082492429661577 -0.008819864131510258 0.0003165967587897226 0.9999994284766542 -0.0010211820881942978 -0.021935179829597473 0.0013085731623621063 0.0010207669752279548 0.9999986228345822 1.116754174232483
0.9999978693680481 -0.0003181713168611807 -0.002039614271716792 -0.010234301909804344 0.0003158516780720851 0.9999993031494285 -0.0011375141207244372 -0.02262798137962818 0.00203997477477616 0.0011368674815101642 0.9999972730139057 1.1762123107910156
0.9999999789543258 -0.00020289123289848364 3.0438384744085104e-05 -0.008214631117880344 0.0002029355776043613 0.9999989077480489 -0.0014640081489627793 -0.021948212757706642 -3.0141317079383496e-05 0.0014640142951829302 0.9999989278762473 1.1352674961090088
0.9999997005894344 -0.00037062924584593 -0.0006793047946249835 -0.008344924077391624 0.00036992736561445986 0.9999993979622287 -0.001033067725091141 -0.021416176110506058 0.0006796872707696971 0.0010328161223466241 0.9999992356577437 1.083840012550354
0.999998939192 -0.0002748814938759395 -0.0014304038026390804 -0.008982955478131771 0.00027337537028494866 0.9999994082019888 -0.0010530249658664576 -0.02126462757587433 0.001430692413204661 0.0010526328116399462 0.999998422540447 1.1042437553405762
0.9999994599266685 -0.000292944967809292 -0.000997160778070846 -0.00837614107877016 0.000291854643888514 0.9999993596502449 -0.0010933983570421035 -0.02087174542248249 0.0009974804450856925 0.0010931067405230265 0.9999989050746084 1.0866073369979858
0.9999994413274497 -0.00032641762330684897 -0.0010053836700264268 -0.008633345365524292 0.00032524601319809475 0.9999992681691469 -0.001165279452226809 -0.02106051705777645 0.001005763302004922 0.001164951804186755 0.999998815663036 1.1173346042633057
0.9999957060562374 -0.0005064932053563073 0.002886404982036324 -0.002892952412366867 0.0005091660983810673 0.9999994422210495 -0.0009253688314839009 -0.018742766231298447 -0.0028859346790347873 0.00092683451756523 0.9999954061688512 0.9190531969070435
0.9999995646229088 -0.00042618494859409626 0.0008301327498595067 -0.00600983202457428 0.0004268678981504662 0.9999995704775801 -0.0008226958446973716 -0.020009228959679604 -0.0008297817727125983 0.0008230498435365662 0.9999993170253492 0.9997063875198364
0.9999997301450171 -0.0004303854250127307 -0.0005953807849553989 -0.008370716124773026 0.0004297028539971402 0.9999992509074286 -0.0011460977441071448 -0.02067701518535614 0.0005958736027247795 0.001145841598004447 0.9999991659904932 1.1058242321014404
0.999999889016869 -0.00041410824365671747 0.000224678908577393 -0.007548932917416096 0.0004143644956077767 0.9999992624342543 -0.0011416799078729964 -0.020054474472999573 -0.0002242059638004588 0.001141772880128412 0.9999993230429588 1.0765841007232666
0.9999963623987107 -0.00042362883121147346 0.0026637807642802824 -0.004029715899378061 0.00042635382330760317 0.999999386363533 -0.00102249448660898 -0.01902064122259617 -0.0026633459715429825 0.0010236264802950211 0.9999959293802476 0.9469446539878845
0.9999936299297877 -0.0005057160404775145 0.0035333201288744527 -0.002989079337567091 0.0005088451614074957 0.9999994791373749 -0.0008847607477209296 -0.019197873771190643 -0.0035328708507979477 0.0008865530245841272 0.9999933664016407 0.870150089263916
0.9999958003457127 -0.00047368470183592096 0.002859180606629835 -0.003792569972574711 0.0004766442385188338 0.999999351302606 -0.001034506953868541 -0.01920643076300621 -0.0028586887217688355 0.0010358654212600114 0.9999953774301267 0.9570592641830444
0.9999997371742654 -0.0007249568108354985 -9.435185413214181e-06 -0.008221780881285667 0.0007249483595547605 0.9999993615061495 -0.0008668547568871569 -0.022408466786146164 1.006361164891681e-05 0.0008668476890332311 0.9999996242368334 1.1028645038604736
0.999999969747248 -0.00024547338690172725 1.5758153456997635e-05 -0.009297833777964115 0.00024549572350544363 0.9999989424530498 -0.001433465950722425 -0.02293054759502411 -1.540625905007837e-05 0.0014334697759154189 0.9999989724629964 1.1873997449874878
0.9999973855339019 -0.0006937797621658154 0.0021788976575561323 -0.005419895052909851 0.000696121743732342 0.9999991806761341 -0.0010742725809204147 -0.020634211599826813 -0.002178150563757588 0.0010757865503079644 0.9999970491673561 1.0403504371643066
0.9999823260648951 -0.00024373591734573502 0.005940383038498936 -0.0002652900293469429 0.0002507821972307784 0.999999265908138 -0.0011854499037652808 -0.019332878291606903 -0.00594008974099233 0.0011869186945113988 0.9999816531106365 0.8744959235191345
0.9999842098464906 -0.0006568978311660309 0.005581087970029434 0.0005383382085710764 0.0006616408493829198 0.9999994215349298 -0.0008480337210549265 -0.01793019101023674 -0.005580527670052873 0.000851713006257261 0.9999840660209934 0.7164484858512878
0.9999888843784581 -0.0008351800881847107 0.004640430340714622 -0.0020593800581991673 0.0008399802537620989 0.9999991141159275 -0.0010325698686783455 -0.018420591950416565 -0.004639563848037313 0.0010364562608776284 0.9999887000390151 0.8112486004829407
0.9996517788970083 -0.008905689678256761 -0.024839678729828948 -0.03829134255647659 0.008887065542052628 0.9999601393800791 -0.0008600680343136582 -0.0067889876663684845 0.024846348103851935 0.0006390166875585812 0.9996910776052645 1.139343500137329
0.9999140812391444 -0.0019544410358921177 -0.012961878718578039 -0.01629609614610672 0.0019270981309999727 0.9999958924581035 -0.0021216408071888875 -0.014734267257153988 0.012965972098975138 0.002096479706186933 0.9999137404498302 1.1366825103759766
0.999999382729293 -0.0007878573035801157 0.0007834678693053483 -0.0032325019128620625 0.0007879109845591643 0.9999996872717312 -6.821085078596638e-05 -0.017801979556679726 -0.0007834138838758227 6.882811162168112e-05 0.999999690762641 0.8682670593261719
0.9999995664238037 -0.0006001706124174483 0.0007120024159732083 -0.0046858228743076324 0.0006005297283963398 0.9999996925387977 -0.0005042681381684375 -0.01920650526881218 -0.0007116995501427823 0.0005046954981472582 0.9999996193830297 0.9496399164199829
0.9999997027933437 -0.000767895975965443 -6.891294643265041e-05 -0.004545676521956921 0.0007678606974739796 0.9999995748882479 -0.0005105029604891235 -0.019823245704174042 6.930493030602506e-05 0.0005104498932211328 0.9999998673188577 0.9610728025436401
0.9999997703634209 -0.0006766181135286396 3.822347175745369e-05 -0.004229167476296425 0.0006766406186500983 0.9999995959264357 -0.0005918652198345036 -0.019222892820835114 -3.782298958385158e-05 0.0005918909474741761 0.9999998241172484 0.9344136714935303
0.9999994900694398 -0.0007293070222798086 0.0006985500181396051 -0.003304879181087017 0.0007296373335584014 0.9999996220850373 -0.0004727146541832792 -0.018822258338332176 -0.0006982050000302706 0.0004732241013042233 0.9999996442843008 0.8949638605117798
0.9999993993800996 -0.0007398295274089089 0.0008086357094811093 -0.0027962331660091877 0.0007402562715655883 0.9999995868495833 -0.0005275616694970903 -0.01797642558813095 -0.0008082450696923059 0.0005281599502884081 0.9999995338933786 0.8537331819534302
0.9999976717222272 -0.00038023452360866377 0.0021241402570402546 -0.0021519134752452374 0.00038221561042333366 0.9999994923401476 -0.0009323254120334351 -0.017543647438287735 -0.002123784676390633 0.0009331351208858706 0.9999973093951274 0.8330315351486206
0.9999937948909224 -0.00030447600461427546 0.003509625908037187 -0.0007671769708395004 0.0003053727408095048 0.9999999208677214 -0.0002549745874322574 -0.01709822006523609 -0.0035095479966688317 0.0002560447493698837 0.9999938087378069 0.7711255550384521
0.9999989703136125 -0.0007829885930889325 0.0012026223754004858 -0.002046814654022455 0.0007834306396967767 0.999999625721586 -0.0003671418266774959 -0.017088482156395912 -0.0012023344574225562 0.00036808361985342836 0.9999992094528382 0.8137450814247131
0.9999985514345315 -0.0007683815409165446 0.0015187885455937103 -0.0017037340439856052 0.0007692055780144268 0.9999995572508616 -0.0005420524508808847 -0.01737113483250141 -0.001518371370053925 0.0005432199263035175 0.9999986997294018 0.8102664947509766
0.9999995620744246 -0.0008219544787575113 0.0004474838469157526 -0.002415168099105358 0.0008221704396109091 0.9999995455462973 -0.00048264165439670985 -0.017176710069179535 -0.00044708693408559524 0.0004830093510267233 0.9999997834075963 0.8218213319778442
0.9999996593823789 -0.0007857325092794166 0.0002527044714567568 -0.0030385032296180725 0.0007858277244540999 0.999999620208119 -0.00037690636098238964 -0.016690872609615326 -0.00025240822790087225 0.00037710481478120584 0.9999998970410172 0.8267583847045898
0.9999996435225454 -0.0005247802492393747 0.0006614835389563007 -0.00393706513568759 0.0005253598856132134 0.9999994779613671 -0.0008763983021595295 -0.017557255923748016 -0.0006610232771168981 0.0008767455066596546 0.9999993971825902 0.8736695051193237
0.999998117722548 -0.0002221715683039412 0.001927483114060826 -0.003708553034812212 0.00022388684064890603 0.999999579125262 -0.0008897325334282342 -0.017868589609861374 -0.0019272846295595527 0.0008901623968095595 0.9999977465898929 0.8831354379653931
0.9999817971308415 -0.00022838922976421513 0.006029365251183568 0.0015255359467118979 0.0002342176394102619 0.9999995060101974 -0.0009659821212206747 -0.016194917261600494 -0.006029141652825987 0.0009673767212707872 0.9999813566428172 0.7083648443222046
0.9999915611939075 -0.00048479226746330547 0.004079524166979757 -0.0018239421769976616 0.0004885725928409428 0.9999994521761101 -0.0009257128612246986 -0.018718503415584564 -0.0040790731536819455 0.0009276981930131839 0.9999912502308557 0.8014335036277771
0.9999835888002145 -0.00024396903628142746 0.005723863149354713 0.0006907701026648283 0.0002500103459751753 0.9999994124790362 -0.001054768414862536 -0.0179709792137146 -0.005723602455631446 0.001056182129853637 0.999983062283676 0.7980404496192932
0.9999704939386777 -0.0013935350964117987 0.007554423338176877 0.002509340178221464 0.001399625577929056 0.9999986997330654 -0.0008009871535998767 -0.012731257826089859 -0.007553297311699683 0.0008115368837544206 0.9999711441374735 0.43010467290878296
0.9999718720750821 -0.0011234586082266046 0.007415719750054704 0.0025657545775175095 0.001130106103455547 0.9999989633509011 -0.0008922764808662018 -0.01307535171508789 -0.0074147096268621605 0.0009006319331313946 0.9999721050825721 0.4798468351364136
0.9999739480120208 -0.0009568632279702376 0.0071545586876661195 0.002591787837445736 0.0009633914058762617 0.999999122743589 -0.0009090594323186258 -0.013125980272889137 -0.007153682565740818 0.0009159283898657576 0.9999739926122745 0.49159395694732666
0.9999816759144882 -0.0008584694875704017 0.005992567512388305 0.001993268495425582 0.0008630399921014551 0.9999993386657853 -0.0007601512771054212 -0.014004587195813656 -0.005991910982621042 0.0007653091734469767 0.9999817554858915 0.5496342182159424
0.999978007005557 -0.00046796254859267133 0.006615626670793733 0.002150589134544134 0.00047410100203262406 0.9999994585666344 -0.0009263339989909063 -0.005278286524116993 -0.006615189599253704 0.0009294501013661112 0.9999776874456124 0.36531877517700195
0.9999734876144686 -0.00044260318825448044 0.007268299015184994 0.0020195038523525 0.0004505794113298169 0.9999992981021805 -0.0010957980382815583 -0.004903044551610947 -0.0072678089098763355 0.001099043931953134 0.9999729851631419 0.3788067102432251
0.9999694230697571 -0.0005468732545459913 0.007800888102062942 0.0023420893121510744 0.0005558540668169295 0.9999991852589444 -0.0011491334579756458 -0.005498984828591347 -0.0078002533160050624 0.001153434476378377 0.9999689123353361 0.4018702507019043
0.9999682275698629 -0.0014152059946137305 0.00784480992627948 0.0016091398429125547 0.0014231557111008403 0.9999984793985847 -0.0010078830985383695 -0.003683926537632942 -0.007843371635247483 0.0010190154616921202 0.9999687210752545 0.2576419413089752
0.9999733559802023 -0.0011510252990036417 0.007208499875355337 0.0035285758785903454 0.0011553441847553672 0.9999991555756258 -0.0005950023952799292 -0.00631907070055604 -0.007207808925512404 0.0006033148404361311 0.9999738414087125 0.34857723116874695
0.999974475559621 -0.00034431653530921086 0.007136503022094225 0.002745770150795579 0.000353363296237506 0.999999135616372 -0.0012664520874583797 -0.011833809316158295 -0.007136060793022961 0.0012689415402090765 0.9999737328668817 0.534725546836853
0.9999743708321744 -0.0004057266834665781 0.007147941287923444 0.0026427283883094788 0.0004151197238572367 0.9999990523048932 -0.0013126556787243229 -0.01272716373205185 -0.007147401934419398 0.001315589287865226 0.9999735915865049 0.5454323291778564
0.9999741799371201 -0.0005918312437842521 0.007161647496397059 0.0029485912527889013 0.0005983982759208702 0.9999994024712973 -0.0009148642257187402 -0.01152761373668909 -0.0071611017718745205 0.0009191261213815026 0.9999739365746417 0.514806866645813
0.9999726218605309 -0.0006074628985842835 0.007374721567792538 0.002456221729516983 0.0006145213482273273 0.9999993552781117 -0.0009548857908408221 -0.010208746418356895 -0.007374136755457802 0.0009593915716851045 0.9999723504552133 0.47946876287460327
0.999967589580311 -0.0008605893531026405 0.008004946902289799 0.0028374851681292057 0.0008671227037144255 0.9999992937844351 -0.0008127292588000556 -0.009017075411975384 -0.008004241822924621 0.0008196441891046882 0.9999676296242013 0.4418427050113678
0.9999629002850627 -0.0010228472252364054 0.008552884720328844 0.00329961022362113 0.0010312031312498084 0.9999989953181745 -0.0009726164421971697 -0.00871336180716753 -0.00855188128937189 0.0009814001199092428 0.9999629504037721 0.42139744758605957
0.9999736150793668 -0.0007901997983769652 0.00722113075501503 0.0034884577617049217 0.0007922168324881147 0.9999996479789776 -0.0002764677399664052 -0.009350829757750034 -0.007220909748272819 0.000282181146720749 0.9999738890772137 0.4892879128456116
0.9999702591676997 -0.0006503637342533921 0.007684907748104904 0.0028957657050341368 0.0006588488961825934 0.9999991761388672 -0.0011016531754931421 -0.009787924587726593 -0.007684184941535034 0.0011066836043979007 0.9999698638224975 0.4888089895248413
0.9999743812171594 -0.0003906593629611165 0.007147327795813217 0.0027733345050364733 0.0004007859347006188 0.9999989179271251 -0.0014154558322484966 -0.012477573938667774 -0.007146767100809957 0.001418284118444167 0.9999734557427841 0.5566616058349609
0.9999999400712809 -0.0003441327356780996 -3.781659463557708e-05 -0.002729925327003002 0.0003441140795666572 0.9999998196448754 -0.0004922354282638495 -0.013852612115442753 3.798598213968656e-05 0.0004922223855421553 0.9999998781370867 0.7791208028793335
0.9999983801165423 7.041440328506022e-05 0.0017985566720633702 -0.0013074977323412895 -6.959574070767314e-05 0.9999998939582768 -0.0004552360569056666 -0.01414263155311346 -0.0017985885365166228 0.0004551101475925119 0.9999982789755337 0.7374194860458374
0.9999998615369076 -0.0005075905198737531 -0.00013884534337796307 -0.004294764716178179 0.0005074720586758251 0.9999995083717657 -0.0008518969046422158 -0.017168892547488213 0.00013927768991037827 0.0008518263265536945 0.9999996274967476 0.8874711990356445
0.9999859774922157 -0.0005168763050480082 0.0052704513870562054 0.001325427321717143 0.0005219689211626447 0.9999993982307033 -0.0009649283274212279 -0.013873235322535038 -0.005269949466871865 0.0009676658085307873 0.9999856455247245 0.6710779666900635
0.9999646574262253 -0.0015603148697093845 0.008261314420801457 0.0023303083144128323 0.0015755745061617368 0.9999970642597013 -0.0018409337181355017 -0.018270378932356834 -0.008258417731473235 0.0018538849711885552 0.9999641801820134 0.6750571727752686
0.9999925831168349 -0.0012826636484673257 0.0036315954187138735 -0.00386924110352993 0.0012874804698764547 0.9999982942598523 -0.0013243381085359944 -0.019566556438803673 -0.003629890543805668 0.001329003894251059 0.9999925287937351 0.9945397973060608
0.9999857099191923 -0.00035615002643513496 0.005334146095476682 -0.0005403594113886356 0.0003636111301138403 0.9999989569155496 -0.0013978393181152177 -0.018263855949044228 -0.005333642691001733 0.0013997588977683743 0.9999847963497611 0.8646742105484009
0.9994469062069495 -0.010417445138974179 -0.031580983362351524 -0.04737532511353493 0.010395113945747872 0.9999455898143241 -0.0008712157815918624 -0.0029428042471408844 0.031588340877791894 0.0005424459969802445 0.999500816644453 1.1804678440093994
0.9999053918689762 -0.0015435837836633812 -0.013668381778821254 -0.016839835792779922 0.00152396941154281 0.9999977942852759 -0.001445317202323486 -0.016806505620479584 0.013670582598466069 0.0014243502678280252 0.9999055387374013 1.166963815689087
0.9999987729751875 -0.0004071237629478278 0.0015127122531950908 -0.0044949669390916824 0.00040851178223243347 0.99999949577115 -0.0009173742799586562 -0.01827298104763031 -0.0015123380055730425 0.0009179911150962099 0.9999984350618102 0.9164224863052368
0.9999985079584688 -0.0003530251018154058 0.0016909920502315373 -0.004663548432290554 0.0003546655552429868 0.9999994667419458 -0.0009699114227634243 -0.018456866964697838 -0.0016906487454176338 0.0009705097122497067 0.9999980999070539 0.9238444566726685
0.9999989639342491 -0.0003723719696770515 0.0013904925545445898 -0.0043257675133645535 0.0003736348940839949 0.9999995178686781 -0.0009081075800724544 -0.01767859421670437 -0.0013901537303363063 0.0009086261757516345 0.9999986209345884 0.9041168689727783
0.9999950148884169 -0.0005195565173015297 0.003114523934691847 -0.0016837711445987225 0.0005216690271766763 0.999999634425505 -0.0006775029756375205 -0.01688886433839798 -0.00311417079501485 0.0006791243488807184 0.9999949203522874 0.8066672086715698
0.9999954456552962 -0.0004521202705557461 0.0029839999877255417 -0.0028257989324629307 0.00045436698097690365 0.9999996138095812 -0.0007522840787716565 -0.018314005807042122 -0.0029836587124521074 0.0007536364836763045 0.9999952648951586 0.8424087166786194
0.9999998762465735 -0.0004170567645157692 0.0002712388123600286 -0.00601399689912796 0.00041731271689962634 0.9999994671008905 -0.0009442711643234733 -0.018857484683394432 -0.00027084485314048866 0.0009443842388723956 0.9999995173906212 0.9693773984909058
0.9999997593626188 -0.0005323914229444163 -0.00044478542863328837 -0.0063887909054756165 0.0005320479656969627 0.9999995605103962 -0.0007719481698001399 -0.01843726634979248 0.0004451962117392757 0.0007717113368580778 0.9999996031308941 0.9714776277542114
0.9999995826565632 -0.00047331245260294653 -0.0007814486684275708 -0.007595311850309372 0.00047252635933249125 0.999999382520342 -0.0010058219396550157 -0.019555052742362022 0.0007819242539480542 0.0010054522647875335 0.9999991888297731 1.0440177917480469
0.9999994383466906 -0.0005807674231862628 -0.0008865751537014951 -0.007651912048459053 0.0005799521836541792 0.9999994090706124 -0.000919518292617819 -0.019656812772154808 0.0008871086560675588 0.0009190036049709643 0.9999991842349703 1.0417677164077759
0.999999516981111 -0.0005549232439553694 -0.0008112322345073314 -0.007347565144300461 0.0005541798955664736 0.9999994266779162 -0.0009162578690601001 -0.01918267458677292 0.0008117402221989745 0.0009158078578952425 0.9999992511866094 1.0236842632293701
0.9999979021343304 -0.0006911767643565417 -0.001928212026366093 -0.008926328271627426 0.0006895883034469323 0.9999994224629972 -0.0008243431590227826 -0.020546238869428635 0.0019287806795896714 0.0008230117572016216 0.9999978012259515 1.0923357009887695
0.9999981829150606 -0.0005239190129004019 -0.0018329417461015074 -0.009891198016703129 0.000521879920137073 0.9999992446901798 -0.0011127715033140485 -0.022017531096935272 0.001833523363810207 0.0011118129058216377 0.9999977010294256 1.1626741886138916
0.9999996212840624 -0.00023803706646139333 -0.0008371201148814702 -0.008982338011264801 0.00023691299180545502 0.9999990706071143 -0.00134263067954974 -0.0215622466057539 0.0008374389327362921 0.0013424318464431864 0.9999987482856023 1.138785719871521
0.9999994706058218 -0.0005199295571668465 -0.000887953451488789 -0.008275714702904224 0.0005190229799536204 0.9999993441897268 -0.0010208992423029759 -0.020505446940660477 0.0008884836648507559 0.0010204378335984085 0.9999990846512837 1.0858144760131836
0.9999997224186913 -0.00043042078615689283 -0.0006081944487847103 -0.008106660097837448 0.00042974885096400806 0.9999992976949982 -0.0011045023475708528 -0.020745646208524704 0.0006086694224154604 0.0011042406701161176 0.9999992050867226 1.087226152420044
0.9999999269691736 -0.00033932192507107005 0.00017584731556533935 -0.006833896040916443 0.0003395048117225088 0.9999994004788261 -0.001041046815028822 -0.019792433828115463 -0.00017549396013178564 0.001041106440010076 0.9999994426494698 1.0268746614456177
0.999998711093074 -0.000647741309398946 -0.0014690961121257451 -0.00829867459833622 0.0006465595851739001 0.999999467192284 -0.000804720976965264 -0.02001989260315895 0.0014696165803993212 0.0008037700815819867 0.9999985970893972 1.06673264503479
0.9999985765802971 -0.00046188159199970927 0.0016228070662951094 -0.0047434549778699875 0.0004636349102775742 0.9999993090909274 -0.0010802130982725086 -0.018824215978384018 -0.0016223070145374551 0.0010809639506844807 0.9999980998166386 0.9830995798110962
0.9999925134503552 -0.000588062552231864 0.0038245556180841853 -0.0016600564122200012 0.0005914690652101506 0.9999994293656445 -0.0008896250503912228 -0.01721620000898838 -0.0038240302804836922 0.0008918804965053904 0.9999922906410799 0.8279391527175903
0.9999977872331393 -0.0006057213412951736 0.002014604299082584 -0.003188055008649826 0.0006070343861453084 0.9999996037136967 -0.0006512155584252452 -0.017488883808255196 -0.002014209045560972 0.0006524370515210577 0.9999977586413954 0.8406277894973755
0.9999997396017143 -0.00028379855988736594 0.0006635170538951952 -0.0045929886400699615 0.0002843989519911751 0.9999995500967608 -0.0009049439274787477 -0.017517704516649246 -0.0006632599335933263 0.0009051323953876565 0.9999993704106054 0.8994626402854919
0.9999869545202781 -0.0003010562525262727 0.005099034652948077 0.0006499071605503559 0.00030616648212345815 0.9999994516852756 -0.0010014445732733437 -0.016515400260686874 -0.005098730365921954 0.0010029926624503893 0.9999864983860405 0.754441499710083
0.9999884055357975 -0.0005110747405151721 0.004788276995217782 -0.00025256164371967316 0.0005156419231174461 0.9999994132951134 -0.0009526399297823816 -0.01723652146756649 -0.0047877873157073534 0.0009550979207910511 0.9999880823692756 0.7281567454338074
0.9999933308426443 -0.00046300258317037013 0.003622692209094414 -0.0023575532250106335 0.00046626057976750925 0.9999994876157176 -0.0008985373527009904 -0.01758130080997944 -0.0036222743277684903 0.0009002204787837268 0.9999930343416319 0.8431123495101929
0.9999994750390587 -0.0004959526496340938 0.0008966340257281277 -0.005508622154593468 0.0004966688690616914 0.9999995576665817 -0.0007987406809481593 -0.018235210329294205 -0.0008962374915598474 0.0007991855918480204 0.9999992790301143 0.9470652341842651
0.9999997941154632 -0.0005320845689829005 0.000358685157177787 -0.006367820315063 0.0005324106561113973 0.9999994445501411 -0.0009096363569694361 -0.0184793658554554 -0.0003582009544772379 0.000909827137489247 0.9999995219532135 0.9899907112121582
0.9999990564684903 -0.0003396050603303546 0.0013310636844042695 -0.005478702485561371 0.00034101741142907163 0.9999993790074876 -0.0010609862223652398 -0.01845250464975834 -0.001330702541533632 0.0010614391371834104 0.9999985512878026 0.9722105264663696
0.9999994332468529 -0.0005435100843201021 0.0009154795252554975 -0.004316350445151329 0.0005441610393308959 0.999999599216036 -0.0007109546614454624 -0.01678512617945671 -0.0009150927473179944 0.0007114524267996197 0.9999993282201285 0.8780785799026489
0.999999738237622 -0.00043096491706021405 0.0005812004194334261 -0.004756413400173187 0.0004314640248545671 0.9999995380633684 -0.0008589015339538398 -0.016889499500393867 -0.0005808299945273188 0.0008591520761979478 0.999999462246969 0.8852899074554443
0.9999993375107343 -0.0006805450981361519 -0.0009283514752007475 -0.007689828053116798 0.0006797594304594946 0.999999410803057 -0.0008463572858781215 -0.019470855593681335 0.0009289269125210724 0.000845725669505456 0.9999992109211301 1.0376458168029785
0.9999976550444339 -0.0007107229065706214 -0.0020456731369590964 -0.009808294475078583 0.0007087458209133363 0.999999281261413 -0.0009670346523226365 -0.021380171179771423 0.00204635896033373 0.0009655825223825716 0.9999974400294223 1.146974802017212
0.9999983994806212 -0.0006638546095749081 -0.0016614250672086887 -0.009548175148665905 0.0006620330322039249 0.9999991794754743 -0.0010967044464744943 -0.021098099648952484 0.0016621517562708063 0.001095602772902751 0.9999980184510886 1.1440553665161133
0.9999979492243516 -0.0008195807193077212 -0.001851981246176583 -0.009248263202607632 0.0008179978350797752 0.9999992996759185 -0.0008552936424935928 -0.020503263920545578 0.0018526809313682514 0.0008537769718282375 0.9999979193169601 1.117938756942749
0.999997716182604 -0.000636156772720257 -0.002040326968077086 -0.010023251175880432 0.0006339295078268663 0.9999992027442157 -0.0010920825572686512 -0.021513814106583595 0.0020410200771297854 0.0010907866396808303 0.9999973222071904 1.1626949310302734
0.9999976949314409 -0.0007102557318346841 -0.0020262449507344772 -0.009965443052351475 0.0007081804297424342 0.9999992241892409 -0.0010247445511963875 -0.021531671285629272 0.0020269712094429975 0.001023307242069967 0.9999974221116794 1.1576573848724365
0.9999982657960131 -0.0007121001325548725 -0.0017208481535209647 -0.009470392018556595 0.0007103555668971175 0.9999992334155381 -0.0010141811006062604 -0.021074585616588593 0.0017215690328416852 0.0010129569277437139 0.999998005057174 1.1391067504882812
0.9999977526510778 -0.0007439485348215405 -0.0019852539816639842 -0.00936216488480568 0.0007420094380471295 0.999999247145425 -0.00097730782125801 -0.020666487514972687 0.0019859795537781355 0.0009758325477150157 0.9999975518150287 1.1376413106918335
0.9999957085796188 -0.0007647678816541007 -0.00282806513945899 -0.010337228886783123 0.0007622769630934572 0.9999993207177078 -0.0008817584444806267 -0.021028069779276848 0.0028287375589421356 0.0008795988915785297 0.9999956122651801 1.163435459136963
0.9999964420987129 -0.0005514622145199469 -0.002609919412838673 -0.00991897564381361 0.0005483219962617927 0.9999991251658318 -0.0012037485449735168 -0.020794488489627838 0.0026105809514303303 0.0012023131859324892 0.9999958696465195 1.1448312997817993
0.9999976297167971 -0.0006049343113574945 -0.0020915580955046392 -0.00918039120733738 0.000602752316336635 0.9999992736771626 -0.0010437120258035867 -0.019712135195732117 0.0020921879535738134 0.001042448860423685 0.9999972680212385 1.1028177738189697
0.9999983038895777 -0.0005736490268504193 -0.00175018420797104 -0.00859246589243412 0.0005719354144007717 0.9999993567860375 -0.0009794474938089818 -0.01944023370742798 0.001750744941329795 0.0009784448402276158 0.9999979887668999 1.0654618740081787
0.9999969994520901 -0.0007340810912092473 -0.0023371375159073507 -0.008808272890746593 0.0007321570133542923 0.9999993924751944 -0.0008240117415304756 -0.019911864772439003 0.002337740987476727 0.0008222981174203217 0.9999969293917266 1.0785284042358398
0.9999897457989165 -0.0012426709596689764 -0.004354775069319379 -0.011786704882979393 0.001239810389801199 0.9999990139518206 -0.0006595192067706603 -0.02321503311395645 0.004355590340666948 0.0006541133485519062 0.999990300437215 1.2400710582733154
0.9999906988796321 -0.0009928951002182783 -0.0041971792366967435 -0.012160941027104855 0.0009884389219004023 0.999998945819167 -0.0010636489328948698 -0.024036796763539314 0.004198230903924662 0.0010594903844483726 0.9999906261247665 1.2888939380645752
0.9999892397179864 -0.001235645594655281 -0.004471423510316034 -0.012147749774158001 0.0012323973131579695 0.9999989747782891 -0.0007291359500484808 -0.023924048990011215 0.004472319879740154 0.000723617534019927 0.9999897373136177 1.2704354524612427
0.9999945361975773 -0.0004279331625124658 -0.003277872511295405 -0.012063415721058846 0.0004228803856042431 0.9999987216745796 -0.001542018607447527 -0.023458603769540787 0.003278528202006988 0.0015406240341709861 0.9999934388436824 1.2789011001586914
0.9999964621332109 -0.000677784513047374 -0.0025722226215933964 -0.01210173312574625 0.0006745305903403242 0.9999989715301425 -0.0012656805045378166 -0.023345470428466797 0.0025730778347844057 0.0012639409838853643 0.9999958908533799 1.2716418504714966
0.9999955686827607 -0.0008566340218376343 -0.002851103820379938 -0.011416729539632797 0.0008536781049097641 0.9999990970835158 -0.001037817829096042 -0.02258976921439171 0.0028519902761321735 0.0010353793052897216 0.999995397059986 1.2389605045318604
0.9999943240499332 -0.00043864563195867055 -0.003340577484093819 -0.011871972121298313 0.0004337812768525911 0.9999988448889677 -0.001456727337027505 -0.023325245827436447 0.0033412126124392543 0.0014552699887494035 0.9999933592217194 1.2650516033172607
0.9999984921891866 -0.0007784018475425287 -0.0015523240373846259 -0.009137406945228577 0.0007769273997175706 0.9999992467426382 -0.0009502094356894885 -0.02270086482167244 0.00155306251286541 0.0009490019598755421 0.9999983436946839 1.172109603881836
0.9999984921442084 -0.0010644886523434776 -0.0013720689556026135 -0.007757367566227913 0.001063641235438386 0.9999992432467911 -0.0006182015590554196 -0.02504129521548748 0.0013727259858295037 0.0006167412377775745 0.9999988676261657 1.1682491302490234
0.9999985233699742 -0.0009935792091266586 -0.0014021619829571886 -0.007721981033682823 0.0009919969860300367 0.9999988710320076 -0.001128661459423109 -0.02624843642115593 0.0014032818145214149 0.0011272688523466896 0.9999983800312297 1.2221386432647705
0.999999691613057 -0.00019719286222445433 -0.0007601899538729173 -0.008241319097578526 0.00019589826313666276 0.9999985312296769 -0.001702692679164861 -0.023740768432617188 0.0007605245961713661 0.0017025432341850532 0.999998261472926 1.1588659286499023
0.9999989250145275 -0.00030989559817997205 -0.0014331554372923393 -0.009882326237857342 0.000308175218644272 0.9999992319389795 -0.001200478856713672 -0.023013276979327202 0.0014335263596549153 0.0012000359032261025 0.9999982524564766 1.1678619384765625
0.9999989934663721 -0.00042991857809683884 -0.0013521228712335598 -0.010205917991697788 0.00042836896884647894 0.9999992514342602 -0.0011461374027346377 -0.02464974671602249 0.0013526146048431895 0.0011455570416286957 0.9999984290651637 1.2167049646377563
0.9999980926445721 -0.0006114732074165704 -0.0018549414369603103 -0.011026368476450443 0.0006095662217430254 0.9999992853613118 -0.001028448290907796 -0.026510348543524742 0.0018555689799224985 0.0010273156196480837 0.9999977507406596 1.2789320945739746
0.9999974816251316 -0.0005639253477697615 -0.0021722641636308278 -0.011878441087901592 0.0005609614150349442 0.9999989113050913 -0.0013648116803329615 -0.02728683315217495 0.002173031450599365 0.0013635896868464657 0.9999967092733258 1.3428103923797607
0.999998205463384 -0.0011256546825281282 -0.0015238016759877308 -0.009757742285728455 0.0011251946179792166 0.9999993211417825 -0.00030274254136347894 -0.02914997935295105 0.0015241414251017272 0.00030102742463621404 0.9999987931869749 1.315979242324829
0.9999991595017664 -0.0008652163809463147 -0.0009656067392819891 -0.00716037955135107 0.0008638897671245341 0.999998683680357 -0.0013734380305508475 -0.027643386274576187 0.0009667937893171178 0.0013726026983974765 0.9999985906348076 1.2684433460235596
0.9999992260416947 -0.0004733589660162111 -0.0011505856340081806 -0.008505105040967464 0.0004714723298630344 0.9999985449795284 -0.0016394366923781145 -0.026352129876613617 0.001151360001940082 0.0016388929542328972 0.9999979941980037 1.24568772315979
0.99999825258842 -0.0010214288610214995 -0.0015657276865732022 -0.008570303209125996 0.001020399280851995 0.9999992627584893 -0.0006582307997139426 -0.025125596672296524 0.0015663988681897984 0.0006566319821084315 0.9999985576134727 1.1897664070129395
0.9999983359312161 -0.0008620727220109166 -0.0016077827651355973 -0.007679959759116173 0.0008608588174412426 0.9999993440276054 -0.0007555570493686608 -0.023502346128225327 0.001608433055596671 0.0007541717180998636 0.9999984220828174 1.1036663055419922
0.9999987607921434 -0.001010482319662224 -0.0012072032384732407 -0.0077565619722008705 0.0010096851519980795 0.9999992719594493 -0.000660769600669746 -0.026319000869989395 0.0012078700555791773 0.000659549886653535 0.9999990530214894 1.2087196111679077
0.9999996424302843 -0.0007973599683581914 -0.00028170265145906524 -0.005976583808660507 0.0007970612725119469 0.9999991217656324 -0.0010588490408042987 -0.025541435927152634 0.0002825466878957872 0.0010586241279181066 0.9999993997409821 1.1711854934692383
0.9999969841825234 -0.0004772149117048166 -0.0024091267684478133 -0.010483354330062866 0.0004731196599789595 0.9999984427813398 -0.0017001743096606734 -0.02724641188979149 0.002409934365443722 0.0016990293770077426 0.999995652748316 1.3033266067504883
