0.999939465049147 0.0009227328484938823 -0.010964251060421495 -0.013764108531177044 -0.0009146327896011792 0.9999993051327973 0.0007437612402285982 -0.02095474675297737 0.010964929734650828 -0.0007336879531451936 0.9999396141857274 0.8777381181716919
0.9999628051111036 0.0004417898870215075 -0.008613548399399958 -0.01185910776257515 -0.00043577016047800505 0.9999996595398192 0.0007007314842233249 -0.017793644219636917 0.00861385504291296 -0.0006969518932253313 0.999962657182436 0.8380277156829834
0.9999373640443378 0.0011282996323781697 -0.011135300983838657 -0.01723617874085903 -0.001112765073798674 0.9999983992367449 0.0014011701673240255 -0.01435073558241129 0.011136864098642701 -0.0013886914296704985 0.999937018913772 0.6602787971496582
0.9998807166340565 0.0010283734591613313 -0.015410871208143122 -0.024381469935178757 -0.0009970792827795959 0.9999974257800271 0.002038201712996106 -0.012998698279261589 0.015412927569716723 -0.002022592729024084 0.9998791680910164 0.6113998889923096
0.9999473777098109 0.0009582808360641035 -0.010213888050677718 -0.015985067933797836 -0.0009453068802983558 0.9999987404109117 0.0012749790162201585 -0.014382141642272472 0.010215096973333409 -0.0012652566652554792 0.9999470240564728 0.6729167699813843
0.9999631658240433 0.0006210580575316216 -0.008560448705904486 -0.012602758593857288 -0.0006134998068274491 0.9999994197318994 0.0008855246195913218 -0.016476666554808617 0.008560993700749312 -0.0008802401683942408 0.9999629665963146 0.7422621250152588
0.9999463785727912 0.0007710607124618569 -0.010326928126889926 -0.01568477973341942 -0.0007581823122915807 0.9999989301704187 0.001250926696269858 -0.015173658728599548 0.010327881619266394 -0.0012430299255489561 0.9999458934051696 0.7122811675071716
0.9999504698327536 0.0010393975896786669 -0.00989836016245673 -0.015309336595237255 -0.0010277745820207408 0.9999987765236025 0.0011792500611080283 -0.014460314065217972 0.009899573761717843 -0.0011690183696766168 0.9999503146833784 0.6723601222038269
0.9999422490217506 0.0009288812766184174 -0.010706810958332787 -0.016623379662632942 -0.0009128003403662421 0.9999984482878224 0.0015067240909707204 -0.014070251025259495 0.01070819391224097 -0.0014968638954935118 0.9999415452823313 0.6697285175323486
0.9999355006352353 0.0012285206127853365 -0.011290939131227546 -0.01723882183432579 -0.0012094811809936709 0.9999978355672134 0.0016929312333617398 -0.013889242894947529 0.011292994493664915 -0.001679165861977633 0.999934822214615 0.6360654234886169
0.9999317306678025 0.00125218312547998 -0.011617488588925771 -0.019257083535194397 -0.001231503300953737 0.9999976449360329 0.0017870428108385796 -0.011398287490010262 0.01161969893384925 -0.0017726138350732206 0.9999309178322664 0.6244778037071228
0.9998946919973054 0.0012995509585609002 -0.014453929670501414 -0.022681795060634613 -0.0012776484975558463 0.9999980218161361 0.001524459947436297 -0.011562053114175797 0.01445588219135695 -0.0015058323680767509 0.9998943743910897 0.6156152486801147
0.9999269056798531 0.0013536079296297702 -0.012014617891820503 -0.018827490508556366 -0.0013335563829284353 0.9999977050092455 0.0016767837114948034 -0.012927239760756493 0.012016860026111678 -0.0016606389777512956 0.9999264159693442 0.6394371390342712
0.9999594853340367 0.0009717981175916947 -0.008948927248983456 -0.013305076397955418 -0.0009637932003593492 0.999999131647781 0.0008987804800600683 -0.015076602809131145 0.00894979291134127 -0.0008901191510360633 0.9999595536294162 0.7169721722602844
0.9999615250694749 0.0007907939511489579 -0.00873630503454847 -0.0131017891690135 -0.0007828889762941799 0.9999992811061206 0.0009082246928696566 -0.015209280885756016 0.008737016972665658 -0.0009013501920826059 0.9999614253071217 0.7174302339553833
0.9998153356571566 0.001694091176822919 -0.01914222139282856 -0.028943728655576706 -0.0016531974442166337 0.9999963180540854 0.002151933196700825 -0.011954007670283318 0.01914579648324635 -0.00211988993988796 0.9998144550583699 0.5784797668457031
0.9999057628741248 0.0012991509247373596 -0.013666659357324041 -0.020652979612350464 -0.0012824547164514302 0.9999984207517957 0.0012303673495525013 -0.014384157955646515 0.013668236207156731 -0.0012127245315187737 0.9999058498769752 0.6577665209770203
0.9999393903530439 0.0010501900878450358 -0.01095959493606262 -0.0165867917239666 -0.0010340754044009513 0.999998376150206 0.001475935299861088 -0.015376309864223003 0.010961127151948854 -0.0014645127963780536 0.9999388525774106 0.7203495502471924
0.9999618101370571 0.000707271265472719 -0.008710799893079666 -0.012597078457474709 -0.0007037276509406102 0.9999996683888293 0.00040986537395163873 -0.016722412779927254 0.008711086890482824 -0.0004037196905026118 0.9999619762648968 0.786651074886322
0.9999676818004049 0.0005163887381463018 -0.008023010494546198 -0.011512990109622478 -0.0005128918342732941 0.9999997725880647 0.0004379107048537921 -0.017794912680983543 0.008023234802174152 -0.0004337816157992861 0.999967719247386 0.8169414401054382
0.9999726800151906 0.0003511362275783043 -0.007383490135934434 -0.009780721738934517 -0.0003493630209979133 0.9999999098244756 0.0002414467245304348 -0.02038285881280899 0.00738357425081635 -0.00023886060979018994 0.9999727125161427 0.8869853615760803
0.9999652577581017 0.0006703102736085593 -0.008308667818034726 -0.012086826376616955 -0.0006652134476610237 0.9999995889045918 0.0006161831841995288 -0.01756863109767437 0.008309077436298332 -0.0006106347390495845 0.999965292576384 0.7977598905563354
0.9999623106357635 0.0007957935599787271 -0.008645462428038191 -0.012989153154194355 -0.0007885630164594302 0.9999993365222084 0.0008397163283191938 -0.015628548339009285 0.008646124932812159 -0.0008328671880137 0.9999622747163481 0.7431773543357849
0.9999509116900265 0.0008170720688916788 -0.009874543205589633 -0.01219651848077774 -0.0008132975465815639 0.999999594676112 0.00038625731377582 -0.02062179148197174 0.00987485480326388 -0.00037820741129435207 0.9999511709087442 0.9028757214546204
0.9999612207684345 0.0004417035211531926 -0.008795558953323011 -0.011878136545419693 -0.0004362985627509545 0.9999997148354015 0.0006164192401870078 -0.01957760564982891 0.00879582871968987 -0.0006125578461926251 0.999961128329506 0.9121080636978149
0.99996262802296 0.000746845382260858 -0.008613058654773171 -0.01252717524766922 -0.0007401300815711417 0.9999994196951841 0.0007828261348740084 -0.01618274673819542 0.008613638306657697 -0.0007764220953089351 0.9999626005025649 0.7632952332496643
0.9999612407993216 0.0007586152370024734 -0.008771624821154045 -0.012924558483064175 -0.0007524423428118441 0.9999994669813369 0.0007070131275288653 -0.015347869135439396 0.008772156496645615 -0.0007003855823344775 0.9999612786155443 0.7349573969841003
0.9999466991385284 0.0009188855524207548 -0.010283702217752272 -0.015555156394839287 -0.00090832708131592 0.9999990556369547 0.0010313423837671773 -0.014253465458750725 0.010284640191819969 -0.0010219464471090771 0.9999465894744501 0.6797584295272827
0.9998659605555901 0.001278059562544567 -0.016322606593359202 -0.024065393954515457 -0.0012550564916241535 0.9999982050062781 0.0014194426456243389 -0.01344284974038601 0.01632439142662957 -0.0013987665909555253 0.999865769839419 0.6279244422912598
0.9998908114357248 0.0012705311925155672 -0.01472246436221169 -0.022551819682121277 -0.0012472635863000935 0.9999979589265388 0.001589489321386971 -0.013692584820091724 0.014724453808343389 -0.0015709529736304504 0.9998903552724171 0.627379298210144
0.9999518768236368 0.0010609356341020804 -0.009752868935166624 -0.014956077560782433 -0.0010494213890225913 0.9999987464824269 0.0011856425781460037 -0.014441072009503841 0.00975411460023449 -0.001175350651994214 0.9999517367349338 0.6743836402893066
0.9999351917036806 0.0010439515624878967 -0.011336778980757068 -0.017586931586265564 -0.0010255276429496118 0.9999981443292262 0.001630837563176586 -0.014097234234213829 0.011338460458849887 -0.0016191056911457665 0.999934406754355 0.6598622798919678
0.9999507891693203 0.0010294070970002713 -0.009867094845076961 -0.015179108828306198 -0.001016142058066523 0.9999985734344504 0.0013492903251513476 -0.014193170703947544 0.009868469738056008 -0.001339197555390605 0.9999504086978196 0.6584943532943726
0.9998874421793175 0.001448152007980451 -0.014933379653102277 -0.02344551309943199 -0.0014111855226336702 0.9999959149990478 0.002485667040799053 -0.013518208637833595 0.014936918273948479 -0.0024643134903635485 0.9998854012493124 0.6067522764205933
0.9999052039188853 0.0019180727361182849 -0.013634668052864791 -0.02127533033490181 -0.001895406937821441 0.9999968007426244 0.0016750931485655313 -0.013458164408802986 0.013637837382551178 -0.0016490911118772524 0.9999056404931578 0.6087419390678406
0.9998955226496362 0.0016535258681554706 -0.014360001302728841 -0.022895604372024536 -0.0016262028868882488 0.9999968456792968 0.0019141827570652763 -0.014365453273057938 0.014363121157384617 -0.001890630492748489 0.9998950576270283 0.6311416029930115
0.9999213500304152 0.0013466918315436479 -0.012469168956391271 -0.019212473183870316 -0.001321379028281871 0.9999970501558149 0.0020380473823050763 -0.014062109403312206 0.01247187679604778 -0.0020214105915813663 0.9999201799085788 0.6409605741500854
0.9998972727725535 0.0015011970028317567 -0.014254483840819116 -0.021108970046043396 -0.0014731924559435905 0.9999969647119935 0.0019749103239212317 -0.014081863686442375 0.01425740530381441 -0.001953707848801536 0.9998964493484533 0.6308500170707703
0.9998716577913374 0.0014440078865270928 -0.01595565062372267 -0.024583138525485992 -0.0014039737747135552 0.9999958392117733 0.0025200033295974724 -0.013557927682995796 0.01595922314032142 -0.002497278591770116 0.9998695248863185 0.6032598614692688
0.9998820436137669 0.0016252607169964363 -0.015272766165920972 -0.02519717626273632 -0.0015946630037425205 0.9999966976386849 0.00201538126142863 -0.01325134001672268 0.015275991249722783 -0.0019907886191685453 0.9998813333851233 0.5952313542366028
0.9998739357690883 0.002304861691174124 -0.015709875308784517 -0.025772497057914734 -0.0022802346677022736 0.9999961435962172 0.0015853461936939138 -0.012208295986056328 0.01571346872887104 -0.001549324135940907 0.9998753354769926 0.5666481852531433
0.9998951953773391 0.001754999240411149 -0.01437074246443503 -0.023601770401000977 -0.0017304749760594564 0.9999970255901575 0.0017187981833713343 -0.013159879483282566 0.014373716209463436 -0.0016937498351541958 0.9998952582614969 0.6025691032409668
0.9998567285741272 0.001075281513384945 -0.016892782325916254 -0.027658585458993912 -0.001035184374018135 0.9999966267753231 0.0023821904388268748 -0.012709515169262886 0.016895286868106284 -0.0023643619947085258 0.9998544689473574 0.6030363440513611
0.9998668683606249 0.0008499697998967892 -0.01629487974966554 -0.02571236900985241 -0.0008218298003727981 0.9999981597134917 0.0017335412914125192 -0.012187037616968155 0.01629632322016276 -0.0017199188844467027 0.9998657268496279 0.5856668949127197
0.999886595788297 0.00034665300404275413 -0.015055742910453364 -0.02351589873433113 -0.00032288826719369633 0.9999986983240855 0.0015808520808412443 -0.013562622480094433 0.015056271319878215 -0.0015758114828175274 0.9998854061901857 0.6343813538551331
0.9997730992051563 0.0009445823976773854 -0.02128045746245346 -0.0331236869096756 -0.0008909027476731127 0.9999963980707437 0.0025318250005638373 -0.011374135501682758 0.021282772329080664 -0.002512291709433763 0.9997703396242338 0.5435581207275391
0.9998908821454101 0.0010905549372720448 -0.014732090564558141 -0.0225969348102808 -0.001064735692452014 0.9999978838124224 0.0017603149099608532 -0.012589894235134125 0.014733979108807306 -0.0017444370455259553 0.9998899273415126 0.5843170285224915
0.9999575768649053 0.0005840929143093393 -0.009192567972808782 -0.014183536171913147 -0.0005792744989715051 0.9999996934518407 0.0005268180708457223 -0.015229495242238045 0.0091928728655463 -0.000521470701364822 0.9999576086798809 0.7303041815757751
0.9998661816489443 0.0016793537171222908 -0.016272632419271123 -0.02616758644580841 -0.0016580632796336164 0.9999977518836296 0.001321761645315988 -0.012190384790301323 0.016274815541832004 -0.0012946037150747543 0.9998667183081452 0.5657486319541931
0.9997560947276796 0.0016369612281565485 -0.02202433682988591 -0.03607665002346039 -0.0015668883113081488 0.9999936572288824 0.0031984938680504 -0.011451217345893383 0.02202943294500888 -0.0031632040625894364 0.9997523184390119 0.5181874632835388
0.9998015647517706 0.0011347100454429497 -0.019888276773604968 -0.03063284233212471 -0.0010860256328686787 0.9999963880957659 0.0024585247094503367 -0.011829736642539501 0.019890994651738665 -0.0024364376731196174 0.999799185888461 0.5549959540367126
0.999648238109087 0.001655317277795131 -0.026469982434986605 -0.041069116443395615 -0.001572808664089265 0.9999938409151209 0.003137579438141274 -0.01165580190718174 0.02647501309357244 -0.003094843539553185 0.9996446846880952 0.5059886574745178
0.9998656225657659 0.000995073113547923 -0.016362965521934916 -0.025896549224853516 -0.0009628678160884327 0.9999975842652031 0.001975942642550641 -0.012855211272835732 0.01636489220074724 -0.001959921747571305 0.999864165279465 0.5926752090454102
0.9997885029790148 0.0009383126683274014 -0.020544315036452935 -0.03185243532061577 -0.0008935366647656086 0.9999972059058473 0.002188554940420871 -0.012241357937455177 0.020546311182528348 -0.0021697349688331435 0.9997865478925768 0.5567386150360107
0.9999166043815787 0.0007641438352357925 -0.012891872098818919 -0.020521612837910652 -0.0007450070122562097 0.9999986137017699 0.0014891471014989882 -0.012780895456671715 0.012892992149416816 -0.0014794183780408084 0.9999157874914755 0.6125824451446533
0.9999280731991801 0.0011022530878332024 -0.011942925366330978 -0.020202647894620895 -0.0010833472140944144 0.9999981501253224 0.0015893724381391657 -0.008987496607005596 0.01194465516409342 -0.0015763197847406265 0.9999274175803698 0.525195837020874
0.9998395288408759 0.0012737555550286894 -0.017868802815002114 -0.02783048152923584 -0.001238199614926622 0.9999972319152861 0.0020007557269704343 -0.012927062809467316 0.017871301826363668 -0.0019783095186150677 0.9998383383639975 0.5923400521278381
0.9998346954526606 0.0013050641973339004 -0.01813500969193089 -0.028078999370336533 -0.0012659097215335768 0.9999968434859983 0.002170366470656764 -0.012853826396167278 0.018137784916094826 -0.0021470504141406503 0.9998331915538996 0.58055180311203
0.9999397946687879 0.0010833252699668128 -0.010919406765105472 -0.01697430945932865 -0.0010658980605123746 0.9999981492422081 0.0016016783332419497 -0.01422631461173296 0.010921121694541076 -0.0015899429291745299 0.9999390987367256 0.6568406820297241
0.9999665723629128 0.0006884217223035645 -0.008147406476917503 -0.012719934806227684 -0.0006821524689381604 0.9999994691624796 0.0007722323279584614 -0.015122094191610813 0.008147933773477683 -0.0007666487406127832 0.9999665111517144 0.7192548513412476
0.9999867196690909 -0.00028437344150690583 -0.005145834936824002 -0.007564203813672066 0.0002865403952672009 0.9999998705893264 0.00042037594220246054 -0.021713530644774437 0.005145714727144625 -0.0004218448490476191 0.9999866717446141 0.960222601890564
0.9999697758330988 -9.422428404768867e-05 -0.0077742229249491675 -0.01076064445078373 9.999382195420182e-05 0.9999997199028821 0.0007417515710790376 -0.018064316362142563 0.007774150856401005 -0.0007425065265187436 0.9999695051662927 0.7987909317016602
0.9999495984980892 0.0011704517359691254 -0.009971484655945708 -0.014959343709051609 -0.001160829817179679 0.9999988551299284 0.0009706765516367823 -0.016041425988078117 0.009972609369946284 -0.000959052431370539 0.9999498123809956 0.7365937232971191
0.9999563118619358 0.0005424534231441171 -0.009331672505975941 -0.01440858282148838 -0.0005328118435138494 0.9999993217542479 0.001035665285588442 -0.015256967395544052 0.009332227976988103 -0.0010306480136694804 0.9999559226714233 0.7471522688865662
0.9999487144734881 0.0008487658283417077 -0.010091977971996761 -0.015366830863058567 -0.000842121964368244 0.9999994259206514 0.0006625624234826498 -0.016080718487501144 0.010092534538744815 -0.0006540297673057755 0.999948855187928 0.7081661224365234
0.9998990903909847 0.001231245010180236 -0.01415249345544119 -0.023292209953069687 -0.0012059663280162426 0.9999976625971828 0.0017945599423202035 -0.013882281258702278 0.014154669918337567 -0.0017773114234133371 0.9998982380640578 0.6686047911643982
0.9994923495504037 0.0033648415811965747 -0.03168155664336915 -0.05084618553519249 -0.0032476987490214883 0.9999877014912565 0.003748242130533948 0.0038272179663181305 0.03169377924844498 -0.003643447181853463 0.9994909852767976 0.11219912767410278
0.9993724614798566 0.002589414547065096 -0.03532673446550486 -0.05194820836186409 -0.002493740323584464 0.9999931036893732 0.0027520597546538297 -0.011909263208508492 0.035333617064933646 -0.0026622370289108572 0.9993720268244007 0.4629363417625427
0.9999052377245393 0.0011379477801270951 -0.013719352968804636 -0.020743336528539658 -0.0011167483634729196 0.9999981708693031 0.0015527817429465414 -0.013210217468440533 0.013721094858852383 -0.0015373135328394657 0.9999046795684959 0.6099694967269897
0.9999266978246188 0.0009168477163062549 -0.01207304302231333 -0.019584644585847855 -0.0009001408053688782 0.9999986299609629 0.0013891805958447978 -0.013490024954080582 0.01207430014882993 -0.001378211327215767 0.9999261531780502 0.6464118361473083
0.999963619948502 0.00030698497347170803 -0.008524349811776544 -0.012692778371274471 -0.0002992532462808594 0.9999995427397906 0.0009082773276912695 -0.015143077820539474 0.008524624741421913 -0.0009056933451617061 0.9999632545711779 0.7072904109954834
0.9999642365583256 0.0005523318400285775 -0.008439225904280187 -0.01301481667906046 -0.0005439660768784183 0.9999993584712036 0.0009935582964059803 -0.014324121177196503 0.00843976926415578 -0.0009889321107347548 0.9999638955022567 0.6770790219306946
0.9999657159171704 0.0006808373836669772 -0.008252481488487567 -0.012836987152695656 -0.0006734771237666632 0.9999993730321174 0.0008946306141898835 -0.014212582260370255 0.008253085412413435 -0.0008890420851030005 0.9999655474991858 0.676649272441864
0.9999687649960539 0.0007568038962380598 -0.007867418898827236 -0.011897380463778973 -0.0007530264346769188 0.9999995997870451 0.00048309102527164106 -0.015084933489561081 0.007867781355354434 -0.0004771515615180666 0.9999689346889392 0.7268604040145874
0.9999713211183813 0.00039235594118329167 -0.007563266329746818 -0.011264854110777378 -0.00038985353157167964 0.999999868783802 0.0003323350761233751 -0.01631431095302105 0.007563395730965347 -0.00032937697903620024 0.9999713428672957 0.7779188752174377
0.9999715289227511 0.000782424013368957 -0.007505275248724567 -0.010798915289342403 -0.000779616122258953 0.9999996250194364 0.00037704069914408077 -0.01683943159878254 0.00750556744008925 -0.0003711787308033127 0.9999717639432387 0.7714645266532898
0.9999727893056595 0.0004883117130501874 -0.007360855923738619 -0.011816048994660378 -0.00048720569211145473 0.9999998697557714 0.00015204951105072802 -0.015098519623279572 0.007360929212586826 -0.00014845912277310043 0.999972896973221 0.7571455240249634
0.999951803249384 0.000978229332341036 -0.009769045279788438 -0.015102899633347988 -0.000964268739932993 0.9999985073840502 0.0014336720228230345 -0.014052646234631538 0.009770433158381319 -0.0014241829395077955 0.999951253981339 0.648249626159668
0.999970675717551 0.0004281251960297753 -0.00764620257388244 -0.012357272207736969 -0.0004276968017362375 0.999999906875258 5.766212993258053e-05 -0.0172595102339983 0.007646226548442479 -5.4390182645718875e-05 0.9999707657033169 0.8436093330383301
0.9999880788415015 -9.839038007096587e-05 -0.004881853563535462 -0.008072743192315102 0.00010101412011363179 0.9999998506040735 0.0005372038514305976 -0.020650358870625496 0.004881799978515308 -0.0005376905834805829 0.9999879393861738 0.9387925863265991
0.9999697996063347 0.00016367014156959002 -0.007770012056087413 -0.012383095920085907 -0.00016249985120039156 0.9999999753590153 0.00015124737094340923 -0.014362011104822159 0.007770036619305279 -0.00014998017741032644 0.9999698015624677 0.7412452101707458
0.999941951593315 0.0007210141123650848 -0.01075051544821614 -0.01650181971490383 -0.0007114581213807875 0.9999993484705071 0.0008926846604643365 -0.01426023431122303 0.010751152082176346 -0.0008849843000174614 0.9999418130729881 0.6950026750564575
0.9999511879106971 0.0010191022613784434 -0.00982767655993434 -0.015350138768553734 -0.0010046165303762465 0.9999984019510657 0.0014787971266737813 -0.014095594175159931 0.0098291679003222 -0.0014688518971690719 0.9999506137467448 0.649331271648407
0.9999556165474097 0.0005836820360364845 -0.00940341696248539 -0.014534659683704376 -0.0005795569778810548 0.999999734641822 0.0004413955083389478 -0.015410242602229118 0.009403672101840803 -0.0004359261017657964 0.9999556894780062 0.7605191469192505
0.9999547943946758 0.0007417643648325779 -0.00947939622173303 -0.014863168820738792 -0.000732262814108895 0.999999226110048 0.0010057685996502554 -0.014236901886761189 0.009480134929030033 -0.0009987817239185126 0.9999545637061692 0.6942112445831299
0.9999087962454684 0.001233145790795981 -0.01344910935330444 -0.020204994827508926 -0.0012109699894396401 0.9999978941369657 0.0016568866342358132 -0.013842592015862465 0.013451124214101043 -0.001640449052142394 0.999908183877042 0.6236850023269653
0.9999560593634071 0.0007872224290364988 -0.009341285952883504 -0.014437839388847351 -0.0007776840409469651 0.9999991726101202 0.0010246885417885634 -0.014185910113155842 0.009342084881800916 -0.001017378947314248 0.999955844220203 0.6844154000282288
0.9999744714907234 0.0006426862993249727 -0.007116412099448241 -0.011030236259102821 -0.0006395777673824682 0.9999996990749782 0.0004390788455499885 -0.014923453330993652 0.007116692147900133 -0.00043451613755926804 0.9999745816212522 0.7294992208480835
0.9999617861294389 0.0006225950794463928 -0.008720014689747261 -0.01323847658932209 -0.0006195533086567566 0.9999997462925005 0.00035152330260891656 -0.0157875157892704 0.008720231334092655 -0.000346107355590363 0.999961918162476 0.773804783821106
0.9999841893076391 0.00032708521998067367 -0.005613746521084993 -0.008333860896527767 -0.000325404939323718 0.9999999019879391 0.0003002261448245468 -0.020300088450312614 0.00561384417040475 -0.0002983946571952598 0.9999841977322739 0.9010697603225708
0.9999842022922866 -0.00021287416663373523 -0.005616925355467922 -0.008616582490503788 0.00021443140070038315 0.9999999387450682 0.0002766388163116655 -0.020896965637803078 0.00561686612214606 -0.0002778388912241056 0.9999841866852279 0.9524649381637573
0.9999652242024272 -5.0869213077144e-05 -0.008339532247848403 -0.012619178742170334 5.711745012077758e-05 0.999999717872261 0.0007489946563823054 -0.016077034175395966 0.008339491794266256 -0.0007494449423129489 0.9999649449900191 0.7668389081954956
0.9999122938096862 0.0006926490062374525 -0.013225918705558202 -0.02111845277249813 -0.0006721249276355031 0.9999985632604647 0.0015561892841444928 -0.012804645113646984 0.013226977596319085 -0.0015471633270580868 0.9999113227428249 0.6090431809425354
0.9999700073227231 0.00059712362091169 -0.007721910280115003 -0.012655086815357208 -0.0005901902608953913 0.9999994207214374 0.0009001290159135779 -0.014352441765367985 0.007722443295275187 -0.0008955446223916643 0.9999697804780804 0.6877884864807129
0.9999438276954109 6.992236170603803e-05 -0.010598894504328223 -0.016438445076346397 -5.9408978146285734e-05 0.9999995059613982 0.0009922436863889523 -0.014944404363632202 0.010598958648087138 -0.0009915582802823913 0.9999433378385764 0.7116621732711792
0.9999701847586489 0.00012241753288443188 -0.0077210496502465855 -0.011567913927137852 -0.00011871008589287153 0.9999998774511486 0.00048063042298601114 -0.017909282818436623 0.0077211075416314294 -0.0004796995264067851 0.999970076745647 0.8081368803977966
0.9999681584526876 -1.4625882144177675e-05 -0.007980091905762357 -0.010992322117090225 1.8344777090631155e-05 0.9999998912776938 0.00046594856982041605 -0.019884329289197922 0.007980084223239493 -0.00046608012630415893 0.9999680500021518 0.8762504458427429
0.9999758913187863 0.000238329048236906 -0.0069397392215532995 -0.009981931187212467 -0.00023539231211178361 0.9999998824112752 0.00042399044180045864 -0.020939745008945465 0.006939839454756672 -0.00042234665868924544 0.9999758298337224 0.9365218877792358
0.9999898449705225 -0.0005964454991305197 -0.004467013386761598 -0.006353041622787714 0.0005969851610012836 0.9999998146668406 0.00011947804131653308 -0.02429320476949215 0.004466941296735904 -0.0001221435687193923 0.9999900157083572 1.0651381015777588
0.9999877904376278 -0.0005149156997311145 -0.004914655378925391 -0.007019917014986277 0.0005158705667641585 0.9999998483096297 0.0001930240299256798 -0.022863641381263733 0.0049145552423160615 -0.0001955569992425238 0.9999879043789632 1.0107365846633911
0.9999837022827002 -8.242847266892068e-05 -0.005708622822610315 -0.008714192546904087 8.548833614814679e-05 0.9999998528236023 0.0005357653572597224 -0.020906668156385422 0.005708577820115664 -0.0005362446461741931 0.9999835621553742 0.9361109137535095
0.9999802794994551 -9.815358163543869e-05 -0.006279409053884549 -0.009763062000274658 0.00010220678648724246 0.9999997866625195 0.0006451578783750048 -0.01622442528605461 0.00627934438969476 -0.0006457869537591493 0.999980076198144 0.7767442464828491
0.9999286144964457 5.601439700289663e-05 -0.011948337692166102 -0.018381573259830475 -4.0289359558107795e-05 0.9999991328356334 0.001316322433507349 -0.014441439881920815 0.011948401064000788 -0.0013157470762941918 0.9999277496507661 0.6918733716011047
0.9999694616492055 0.000547350293540695 -0.007795907686377363 -0.013056103140115738 -0.0005407861288025971 0.9999994975357782 0.0008440844473009155 -0.0158053170889616 0.007796365779082677 -0.0008398427516157452 0.9999692551997744 0.7461210489273071
0.9999913275241712 -0.0001810334136447452 -0.004160781579135548 -0.0073128920048475266 0.00018279667454925458 0.9999998936568737 0.0004234047913644517 -0.022378217428922653 0.004160704486250292 -0.0004241616964328245 0.9999912542742729 1.0218563079833984
0.9999982023578218 -0.0005044895741190242 -0.001827777720100161 -0.003815955016762018 0.0005048230127793033 0.9999998560200039 0.00018197169266700154 -0.02641681209206581 0.0018276856541149969 -0.00018289406980236342 0.9999983130560314 1.1974472999572754
0.9999996031140009 -0.000680458491475438 -0.0005751070178345083 -0.0018401220440864563 0.000680531644835543 0.9999997603721039 0.00012701344479318927 -0.03145521134138107 0.0005750204526457826 -0.00012740477290813473 0.9999998265597364 1.4155654907226562
0.9999997020291732 -0.0007647239519367793 0.00010554071224332531 -0.0009720353409647942 0.0007647256655420203 0.9999997074661133 -1.6197038430237228e-05 -0.03099319338798523 -0.00010552829510585253 1.627774329540435e-05 0.9999999942994069 1.3947992324829102
0.9999988250207172 -0.0007594024253265343 0.0013316400195068979 0.0002875039353966713 0.0007594672718059457 0.9999997104434691 -4.8191711042626674e-05 -0.03130550682544708 -0.001331603037019587 4.920299143100711e-05 0.9999991122058147 1.4222068786621094
0.9999997215597778 -0.0007393141222482635 -0.00010146425874717676 -0.0014826525002717972 0.0007393068119439975 0.999999724115878 -7.20666772891225e-05 -0.028915058821439743 0.00010151751066706216 7.199164400520021e-05 0.9999999922556992 1.3081212043762207
0.9999995428443329 -0.0006790093783800108 -0.0006732439301194139 -0.003897054586559534 0.0006785699603770687 0.999999556761751 -0.0006527013946328289 -0.023634670302271843 0.0006736868220801904 0.0006522442531397021 0.9999995603616535 1.1355060338974
0.9999717762758648 0.006102863161744029 -0.0043819759151419784 -0.025056004524230957 -0.00612354396580415 0.9999701033739155 -0.004721712365190295 -0.005991323385387659 0.0043530289443926605 0.00474841232305652 0.9999792516444626 0.8208916783332825
0.9998956328696287 0.0009763600651272208 -0.014414232177541255 -0.023534994572401047 -0.000980369203592595 0.9999994826973909 -0.0002710741141375608 -0.02301604300737381 0.014413960055081606 0.00028517709223044513 0.9998960728143483 1.1730196475982666
0.9999998011956123 -0.0005902725869433662 0.00022178144354862147 -0.0013620750978589058 0.0005902543903054572 0.999999822429319 8.210410968089558e-05 -0.028889397159218788 -0.00022182986797195957 -8.197318588749547e-05 0.9999999720359526 1.322575569152832
0.9999987831057936 -0.0006543910089195895 0.0014161777216805066 -2.00783833861351e-05 0.0006544400934560999 0.9999997852693503 -3.4196746084516104e-05 -0.029036251828074455 -0.001416155039540572 3.512350795122096e-05 0.9999989966351183 1.3363947868347168
0.9999996547565829 -0.0005499749523541705 0.0006229079120390587 -0.001195850782096386 0.0005499560559999663 0.9999998483088308 3.050659046296009e-05 -0.027091769501566887 -0.0006229245954100654 -3.0164007952204377e-05 0.9999998055275217 1.2546409368515015
0.9999998576475156 -0.0004579567563559922 -0.00027382578032907995 -0.002336389385163784 0.00045800163586028227 0.9999998816925567 0.0001638577867225169 -0.02691997028887272 0.00027375070815294087 -0.00016398317605228533 0.9999999490850326 1.246500849723816
0.9999998281665928 -0.0005862290720579562 -1.5032840391746841e-06 -0.0017642723396420479 0.0005862291137215598 0.9999998277794405 2.7866028753453873e-05 -0.027364816516637802 1.4869479041001884e-06 -2.786690523400917e-05 0.9999999996106123 1.256521463394165
0.9999995041401007 -0.0005259529981704174 -0.0008456317140629944 -0.0027906731702387333 0.0005260364513097567 0.9999998567948473 9.846794621389632e-05 -0.026618801057338715 0.000845579803452641 -9.891273049357113e-05 0.999999637605468 1.2207540273666382
0.9999997396246755 -0.0005344831577495079 -0.00048484877517453043 -0.0022844038903713226 0.0005345507008328118 0.999999847441024 0.00013918863602516027 -0.028097406029701233 0.00048477430722479236 -0.0001394477760364415 0.9999998727740861 1.2867754697799683
0.9999992556437515 -0.0006769760740277186 0.0010150937584285685 -0.00043347571045160294 0.0006770390293568528 0.999999768907031 -6.167687939484364e-05 -0.028614401817321777 -0.0010150517700758671 6.236409157818575e-05 0.9999994828901785 1.3122260570526123
0.9999988800667237 -0.0005464644832504109 -0.0013932845607208656 -0.0031503052450716496 0.0005465994316491035 0.999999845960578 9.647736339216891e-05 -0.02711457759141922 0.0013932316246475856 -9.723882389297472e-05 0.9999990247246501 1.2313470840454102
0.9999998460574451 -0.0005534019795878904 -4.038978994008668e-05 -0.001773616299033165 0.0005534063718993596 0.9999998409499995 0.0001088180272776004 -0.02831599861383438 4.03295634043803e-05 -0.00010884036249298777 0.9999999932636509 1.2991828918457031
0.9998911658200935 0.014719668100249609 -0.0009939245206806939 -0.04604984447360039 -0.014732135057464329 0.9997936589527006 -0.013985839789579506 0.0133946742862463 0.0007878525134482849 0.013998960282451296 0.9999016993682066 -0.052733421325683594
0.9997229061472773 0.005112531021850334 -0.022977662000141983 -0.0667816624045372 -0.0051779448858458085 0.9999827071209911 -0.0027882513755256204 -0.02338913455605507 0.02296300962855902 0.0029064558356519457 0.9997320904638773 2.2454466819763184
0.9999980048780759 -0.0008554960066923008 0.001805094582027871 0.0009489422664046288 0.0008558277536794254 0.9999996170313237 -0.00018301929321179098 -0.03115455061197281 -0.0018049373184586982 0.0001845637781073024 0.9999983540673895 1.4121372699737549
0.9999997508107064 -0.000631787547743471 0.0003149968563765917 -0.0011119348928332329 0.0006317616665705713 0.9999997970555524 8.225600619076929e-05 -0.030042938888072968 -0.0003150487607701672 -8.205698275450424e-05 0.9999999470054635 1.3692177534103394
0.9999996696596986 -0.0007420591539221358 -0.0003317057523011239 -0.0016386378556489944 0.0007420477750075413 0.9999997240899372 -3.442599717725505e-05 -0.029609622433781624 0.00033173120690650716 3.417984428950851e-05 0.9999999443930708 1.3345036506652832
0.9999997701927391 -0.0006190900917572515 -0.0002763004294214112 -0.0018026186153292656 0.0006191147819331468 0.9999998043626698 8.928330660718156e-05 -0.02931838668882847 0.000276245100956253 -8.945434776933869e-05 0.999999957843281 1.3331331014633179
0.9999997829388796 -0.0006570236157216491 4.941823469916072e-05 -0.0014013489708304405 0.0006570220692909041 0.9999997836710554 3.130244282209679e-05 -0.029279250651597977 -4.9438790452730055e-05 -3.1269967156730735e-05 0.9999999982889975 1.3316539525985718
0.9999998197419 -0.0006002751099607107 -1.3636705356614714e-05 -0.001607811078429222 0.0006002760240342325 0.9999998175814164 6.712546890265549e-05 -0.02858569845557213 1.3596409120799533e-05 -6.71336425900184e-05 0.9999999976541057 1.306133508682251
0.9999998358144682 -0.0005715717037211616 4.094904196233161e-05 -0.001840675249695778 0.0005715729836024839 0.9999998361638492 -3.125058254220192e-05 -0.025680813938379288 -4.093117330469228e-05 3.127398277739848e-05 0.9999999986732884 1.1858689785003662
0.9999993767926171 -0.00039064006767376865 -0.0010458559723798345 -0.0033179204910993576 0.00039087020597632994 0.9999998994426875 0.00021985244350163964 -0.025726642459630966 0.001045769984037961 -0.00022026110042731937 0.999999428924931 1.192744255065918
0.9999996924133737 -0.0005443164003387657 0.0005647059540158608 -0.0012042829766869545 0.0005442718748431755 0.9999998487637175 7.899790259660282e-05 -0.027989763766527176 -0.0005647488684658071 -7.869052472957717e-05 0.9999998374332454 1.2929027080535889
0.999999696174543 -0.0005541650612520493 0.0005482261454409131 -0.0013044271618127823 0.0005541607689431127 0.9999998464210585 7.981321282206282e-06 -0.026618625968694687 -0.0005482304842143192 -7.677513434965441e-06 0.9999998496921847 1.2333629131317139
0.9999998898899 -0.0004631512340806259 -7.557196762408662e-05 -0.0021643750369548798 0.0004631599779394572 0.999999886045162 0.00011572596081172343 -0.026146037504076958 7.551836039073018e-05 -0.00011576094997998394 0.9999999904481899 1.2148687839508057
0.9999998523346266 -0.0005384246058665875 7.368628614395122e-05 -0.0019280044361948967 0.0005384249196686298 0.9999998550403085 -4.238851034120535e-06 -0.02549365907907486 -7.368399316071256e-05 4.27852494088675e-06 0.9999999972761817 1.1821051836013794
0.9999990666692394 -0.0004435664119030394 -0.00129224977784929 -0.0036717234179377556 0.00044366012642932926 0.9999998989739162 7.223468560347207e-05 -0.023511387407779694 0.0012922176064180475 -7.28079378844369e-05 0.9999991624359802 1.0915379524230957
0.9999994199321032 0.0010119921254497846 0.000368791804997725 -0.009134916588664055 -0.0010112019295779905 0.9999972062329501 -0.0021365853487998747 -0.018475186079740524 -0.0003709529822276687 0.0021362111864504786 0.9999976494950636 1.0732755661010742
0.9999193149875526 0.0008336621856069535 -0.012675508754436232 -0.022060725837945938 -0.0008283644721304503 0.9999995673598051 0.0004231932226468038 -0.019505774602293968 0.012675856070688581 -0.0004126591361780135 0.9999195729584017 0.9701459407806396
0.9999968882239565 -0.00047596518600419107 -0.0024488772010212902 -0.004617834463715553 0.0004763471154546132 0.9999998744752092 0.00015538015142267862 -0.023448780179023743 0.002448802938083819 -0.00015654618350525483 0.9999969894241997 1.0779953002929688
0.999996740239795 -0.00025613996729663315 -0.002540453129149843 -0.00498656602576375 0.0002565267586736806 0.9999999555559168 0.00015192822918293377 -0.022880246862769127 0.0025404141013500776 -0.00015257942814012146 0.9999967615026121 1.059132695198059
0.9999985008788341 -0.00030324203557114 -0.0017047827873337184 -0.004371263552457094 0.00030366241715004466 0.9999999235538295 0.0002463360945220231 -0.023485567420721054 0.0017047079575508652 -0.00024685340369628745 0.9999985165159878 1.0987753868103027
0.9999993662095281 -0.0003892333508361961 -0.0010564459005760675 -0.0033967019990086555 0.0003894348873950408 0.9999999060118708 0.000190569457393248 -0.025024596601724625 0.0010563716252942254 -0.00019098075350247143 0.9999994238025046 1.163066029548645
0.999999447966997 -0.00045218751831210667 -0.0009484683175210115 -0.0031581195071339607 0.00045231281931435943 0.9999998890079501 0.00013189844885424558 -0.025407064706087112 0.000948408569416312 -0.00013232738042067706 0.9999995415052197 1.1752703189849854
0.9999996668195626 -0.0005010656163725377 -0.0006444330934665978 -0.00270750280469656 0.0005011122726580243 0.999999871833962 7.223953075535369e-05 -0.025582529604434967 0.000644396814127157 -7.256244001859833e-05 0.9999997897436971 1.1809985637664795
0.9999994602800761 -0.0004705223311605339 -0.0009263089616513856 -0.003168368712067604 0.0004705816233089782 0.9999998872417437 6.379212972164285e-05 -0.024351045489311218 0.000926278841580816 -6.422799926661902e-05 0.999999568941043 1.1286170482635498
0.9999985687654193 -0.00038855481852206837 -0.001646660944281481 -0.004111266694962978 0.0003888088585306285 0.9999999125622164 0.00015395853477251096 -0.02361299842596054 0.0016466009789705598 -0.0001545985507838651 0.9999986324013166 1.0965720415115356
0.9999993888980693 -0.00038890123502165164 -0.001034871642958239 -0.0032570301555097103 0.00038916645099368796 0.9999998914836683 0.0002560900722379111 -0.026515133678913116 0.0010347719369123945 -0.00025649265306529757 0.9999994317291173 1.22674560546875
0.9999995734829957 -0.0006146866097911193 0.0006893433097346492 -0.0009582675993442535 0.0006146930804285809 0.9999998110341018 -9.174840936817749e-06 -0.027907658368349075 -0.0006893375398204006 9.5985715861257e-06 0.9999997623607837 1.2845852375030518
0.9999998546607358 -0.0005381262383376221 -3.3146021534686575e-05 -0.0019087409600615501 0.000538128431943542 0.9999998530172183 6.620673973378326e-05 -0.026972386986017227 3.3110389078986585e-05 -6.622456692793806e-05 0.9999999972590043 1.2436306476593018
0.9999998432215582 -0.0005246375046573167 0.00019573540231230415 -0.0015419013798236847 0.0005246060676571461 0.9999998494937948 0.0001606264657347296 -0.028980765491724014 -0.00019581964352107653 -0.00016052375657225424 0.999999967943395 1.332812786102295
0.9999989627799081 -0.0006428274777621537 0.0012888801115293132 -1.397356390953064e-05 0.0006427180115465237 0.9999997898149868 8.534365762886486e-05 -0.03132487088441849 -0.0012889347018742066 -8.451518264630447e-05 0.9999991657519112 1.4338653087615967
0.9999977077316003 -0.0007343018565147663 0.00201130115305637 0.000933242030441761 0.000734388639908506 0.9999997294373354 -4.240968708475196e-05 -0.03144893795251846 -0.00201126946736141 4.3886666588605893e-05 0.9999979764324977 1.4382963180541992
0.9999995970013684 -0.0006832657088339787 0.0005823616332147052 -0.0009899679571390152 0.0006833242346298142 0.9999997615034909 -0.00010030429592015927 -0.02749832160770893 -0.0005822929598376375 0.00010070219731495948 0.999999825396973 1.2601962089538574
0.9999976541710949 -0.0005183527150219007 -0.002103084109167837 -0.004173383582383394 0.0005186229403027841 0.9999998573299361 0.0001279466819426657 -0.02590419538319111 0.002103017487610729 -0.00012903708946604157 0.9999977803309748 1.1777474880218506
0.9999993311806019 -0.0004941318289565789 -0.0010456921555837724 -0.002774488180875778 0.0004944011982815254 0.9999998446675951 0.00025735625258648567 -0.029438400641083717 0.001045564825238111 -0.0002578730719163859 0.9999994201476693 1.339540719985962
0.9999996894471541 -0.0006529375961754505 0.0004413367089969977 -0.0007644882425665855 0.0006528793313015794 0.9999997781424169 0.00013215027678322938 -0.031817592680454254 -0.0004414228969671589 -0.00013186209612813603 0.9999998938791012 1.4434151649475098
