0.999977369073105 1.1837251103419211e-05 -0.006727644573765271 -0.010911617428064346 -8.469492442203842e-06 0.9999998746572509 0.0005006133741219816 -0.017352208495140076 0.006727649656390019 -0.0005005450650424377 0.9999772438334479 0.7975718379020691
0.9999753259370534 5.3786575905103936e-05 -0.007024572875856208 -0.010559634305536747 -4.915037461147574e-05 0.9999997808808244 0.0006601685724315006 -0.016168268397450447 0.007024606844844621 -0.000659807023002255 0.9999751094669146 0.7648978233337402
0.9999197440574018 0.0007099429860245968 -0.012649166974034797 -0.020137231796979904 -0.0006952246110357958 0.999999076284679 0.0011679437183800127 -0.012940400280058384 0.012649984463256398 -0.001159055971766542 0.9999193139860506 0.620990514755249
0.9999788267341223 0.00014642558872742485 -0.006505739235111305 -0.010748234577476978 -0.00014328751914006844 0.9999998731779567 0.0004828175198217887 -0.017921065911650658 0.006505809106879749 -0.0004818751057628998 0.9999787208957236 0.8238982558250427
0.9999880685249651 -0.00036349585161870587 -0.004871414422474482 -0.00721390824764967 0.0003650828290794736 0.999999880581097 0.0003248881649405819 -0.02058754488825798 0.004871295745235319 -0.00032666275830452824 0.9999880818135809 0.9317096471786499
0.9999891775027198 -0.00011754543175133623 -0.004650920393327737 -0.006912737153470516 0.00012025278922302397 0.9999998235025687 0.0005818368309533684 -0.018947305157780647 0.004650851180190732 -0.0005823898201755999 0.9999890151423648 0.8566274642944336
0.9999765574642098 2.3951780763217027e-05 -0.006847185432019348 -0.010713056661188602 -2.0896596612225794e-05 0.9999999002046265 0.00044626681433792144 -0.01841985061764717 0.006847195437586818 -0.00044611326984025224 0.9999764581716862 0.8379499316215515
0.9999764788679264 -3.248308274686449e-05 -0.006858619084978028 -0.010741950944066048 3.631004142652762e-05 0.9999998437401045 0.0005578542349095209 -0.017010878771543503 0.006858599892425654 -0.0005580901502894881 0.9999763237911684 0.793058454990387
0.9999768477607948 6.489846127242418e-06 -0.006804696926836772 -0.010887503623962402 -3.4338420192939536e-06 0.999999899142519 0.00044911375001552127 -0.01666017808020115 0.0068046991552113125 -0.0004490799857723146 0.9999767469279339 0.776663064956665
0.9999827592541404 -5.7974125123190174e-05 -0.005871782819304593 -0.00956091657280922 6.0652844077440926e-05 0.9999998941812394 0.0004560249367410255 -0.01916087418794632 0.00587175576031307 -0.00045637321485878126 0.9999826569534995 0.8862365484237671
0.9999940115767701 -0.0001745465585952198 -0.0034563483761828264 -0.0053647602908313274 0.00017693045888295182 0.9999997466959573 0.0006894226817617694 -0.01904710754752159 0.0034562271643192905 -0.000690030086511224 0.999993789156847 0.8479283452033997
0.9999816321350102 5.202987259922948e-06 -0.006060970675591765 -0.010390237905085087 -2.577944501930518e-06 0.999999906202921 0.00043311373075529406 -0.017399504780769348 0.006060972360575642 -0.00043309015053473275 0.9999815383530669 0.8082747459411621
0.9999867976851056 -0.00014455585161545848 -0.005136492878757097 -0.008358496241271496 0.00014644731044601684 0.9999999216142056 0.00036786514899888256 -0.019456081092357635 0.005136439299069129 -0.0003686125178945659 0.9999867404701618 0.8956884145736694
0.9999925912990978 -0.0003051097330673245 -0.003837219692203316 -0.006687674671411514 0.00030608603372574535 0.999999920937154 0.0002538444914607518 -0.021408678963780403 0.003837141938396776 -0.00025501713015895974 0.9999926056266656 0.9876524209976196
0.9999889977836411 -0.00029553228668025645 -0.004681556614728496 -0.007360110059380531 0.0002974275885378759 0.9999998740984494 0.00040415333159911376 -0.01912504807114601 0.004681436584955001 -0.0004055413091112395 0.9999889597829309 0.874400794506073
0.9999778960651665 -4.182457549359668e-06 -0.006648861826662372 -0.010475280694663525 7.906482726063598e-06 0.9999998431275895 0.0005600734630255515 -0.017381764948368073 0.006648858441155907 -0.0005601136523094033 0.999977739229292 0.8002981543540955
0.9999889854391241 -0.00017227960160356979 -0.004690343289130332 -0.007697867229580879 0.00017424457727115744 0.9999998972335177 0.00041853528060557235 -0.02112618461251259 0.004690270702028852 -0.00041934793750691654 0.9999889126925601 0.9674572348594666
0.9999943846829736 -0.0003274548777229922 -0.0033351725328822843 -0.006075429264456034 0.00032800594880001536 0.9999999326455516 0.00016468451624664242 -0.021322958171367645 0.003335118381495448 -0.00016577754792193418 0.9999944247360513 0.9846611022949219
0.9999946915114178 -0.00038332809090966803 -0.0032357392600302127 -0.0058750188909471035 0.00038387339855382895 0.9999999122242107 0.0001679070715754589 -0.02110462449491024 0.0032356746125134484 -0.00016914829446926846 0.9999947508855516 0.9769326448440552
0.9999914900523595 -0.000220285513908782 -0.004119623423839562 -0.007120940368622541 0.00022135269510928533 0.9999999420660394 0.0002585940881162544 -0.020180506631731987 0.004119566220641866 -0.00025950377724180657 0.999991480879684 0.9350837469100952
0.9999913171947685 -0.0002512215760952363 -0.0041596181064716105 -0.0068612429313361645 0.00025350582414481853 0.9999998173697447 0.0005486303622431672 -0.017512861639261246 0.004159479519015197 -0.0005496800860087966 0.9999911982522316 0.820997416973114
0.9999852030293434 6.719627511378407e-05 -0.005439596218760367 -0.009741848334670067 -6.427139218635969e-05 0.9999998532796993 0.000537875234227903 -0.016404613852500916 0.005439631563873391 -0.0005375176648819338 0.9999850606300121 0.7710152268409729
0.9999950591586992 -0.00030159223550684904 -0.0031290094778896865 -0.005608752835541964 0.0003028941532041679 0.9999998677599413 0.0004156142821366556 -0.018310701474547386 0.0031288837180688317 -0.0004165599873286185 0.9999950182698188 0.8541777729988098
0.9999858841343809 8.566708741019188e-05 -0.005312644645616092 -0.00927826203405857 -8.242928807573976e-05 0.9999998107554691 0.0006096674818728239 -0.017321666702628136 0.005312695868664608 -0.0006092209583726399 0.9999857019539984 0.7978005409240723
0.9999951031832043 -0.0002365451581092322 -0.0031205217513416037 -0.0061527215875685215 0.00023742058557619296 0.9999999325677359 0.00028017135668078204 -0.01978156715631485 0.003120455267739893 -0.0002809108608344837 0.9999950919119605 0.9373050928115845
0.9999953892977675 -0.00022743661802228113 -0.003028143951478506 -0.005884447600692511 0.00022812953781749855 0.9999999478761848 0.00022848313151510767 -0.020449820905923843 0.003028091828209384 -0.0002291728871275188 0.9999953890592034 0.9630208015441895
0.9999941420330993 -0.00016811831459675756 -0.00341871843211765 -0.006389744579792023 0.00016906497816575683 0.9999999474495159 0.0002766188691550572 -0.020588623359799385 0.003418671747764273 -0.0002771952342879584 0.9999941179058421 0.9650764465332031
0.9999962828842232 6.264079850910861e-06 -0.0027265689974323762 -0.004800072405487299 -3.1938328331068674e-06 0.9999993659996133 0.0011260506963559817 -0.019675765186548233 0.002726574322458056 -0.001126037802489587 0.9999956489061996 0.8462702035903931
0.9995954080293054 0.0015140904445398596 -0.02840295366422215 -0.04133548587560654 -0.0014448639072860501 0.9999959361155836 0.0024576656824536955 -0.00997900404036045 0.028406559366027054 -0.002415632928042171 0.9995935334437398 0.44994187355041504
0.9999842528323206 0.00014315019427137038 -0.005610133278958413 -0.010225101374089718 -0.0001401279269137116 0.9999998448648864 0.0005391051544786674 -0.01758081093430519 0.005610209581637345 -0.0005383105287533129 0.9999841177589898 0.8405417799949646
0.9999975134491211 -0.00035910084513033106 -0.0022009411981363837 -0.004760337993502617 0.0003595342451620285 0.9999999160568606 0.0001965232764612943 -0.022104796022176743 0.0022008704417078046 -0.00019731410152848647 0.9999975586152419 1.0333751440048218
0.9999959497881236 -0.00022660787551667967 -0.002837085867435161 -0.005647263489663601 0.0002271364692618349 0.9999999569074559 0.0001859949201737595 -0.020837517455220222 0.002837043597264196 -0.00018663857252184676 0.9999959581666669 0.9789798259735107
0.9999974126228373 -0.00020833648919329218 -0.0022652469045340655 -0.005306664388626814 0.00020864739375918025 0.9999999688466737 0.0001370142946182909 -0.01949194446206093 0.0022652182888869793 -0.0001374865779734861 0.9999974249384569 0.9273280501365662
0.9999959336565412 -8.275517013479407e-05 -0.0028505827412124486 -0.006354028824716806 8.351005221931706e-05 0.9999999614803204 0.00026469875115784475 -0.01803668960928917 0.002850560726218728 -0.0002649357271153835 0.9999959020479068 0.8714035153388977
0.9999885549486596 -1.1916037167105913e-05 -0.004784331687866331 -0.008136048913002014 1.5254032449608769e-05 0.9999997565208211 0.0006976572316443713 -0.016375510022044182 0.004784322209671678 -0.0006977222272723536 0.999988311654035 0.770967960357666
0.9998743215998506 0.0007622679686460322 -0.01583540188256739 -0.023712685331702232 -0.0007433312810273477 0.9999990016915425 0.0012016965194456965 -0.012166457250714302 0.01583630208871657 -0.001189774542582716 0.9998738900344846 0.5898367166519165
0.9998397882280596 0.0007156085475430346 -0.017885351002296112 -0.026458971202373505 -0.0006927670773910975 0.99999893664794 0.0012832680021867215 -0.01118680089712143 0.01788625030142244 -0.0012706720252042424 0.9998392207964033 0.5521619915962219
0.9997915148724632 0.0010886315260418863 -0.020389744246201182 -0.02966165915131569 -0.001053128009170891 0.9999979108807509 0.0017519005479374131 -0.011418531648814678 0.02039160882376097 -0.0017300622919627392 0.9997905726571162 0.5367721915245056
0.9995054013829505 0.0015497248179838438 -0.03140940877023419 -0.04546021670103073 -0.0014626116304971343 0.9999950208359101 0.002796260110617048 -0.010441440157592297 0.03141358581132491 -0.0027489373176590426 0.9995026913270911 0.4532313346862793
0.9994199121723916 0.0017544314107991316 -0.03401119115459032 -0.050970129668712616 -0.0016262218104326881 0.9999914693403514 0.0037969262763969743 -0.009978027082979679 0.03401756246341814 -0.0037394139848273195 0.9994142395558998 0.42380490899086
0.9994261043047414 0.002189466989105661 -0.0338033765850626 -0.04952433332800865 -0.0020977325655414315 0.9999940212625634 0.0027489920354940556 -0.010398654267191887 0.03380919331086455 -0.0026765039569108394 0.9994247219146808 0.44025397300720215
0.9996505031477085 0.0016905752377625492 -0.026382067998905696 -0.04229162260890007 -0.001613440546007291 0.9999943625614093 0.0029447673941475514 -0.01096003782004118 0.02638689762245497 -0.0029011723090156104 0.9996475953220194 0.488688588142395
0.9996029230138778 0.001446237764507448 -0.02814080131126806 -0.04101116210222244 -0.0013822390812359604 0.9999964145138417 0.002293550649840056 -0.0109463632106781 0.028144017432379084 -0.0022537426183107676 0.9996013379977922 0.48510637879371643
0.9996777393635046 0.0014972121918167792 -0.025341187358250174 -0.03932710736989975 -0.0014298205739450242 0.9999953938773841 0.0026772816702672576 -0.010894638486206532 0.02534507909239162 -0.0026401855367190977 0.9996752754700561 0.5009447336196899
0.9996986496011261 0.0013711163660394918 -0.024509794482930853 -0.03578464314341545 -0.0013217746818555492 0.9999970675667876 0.0020292287982671083 -0.011313173919916153 0.02451250491841123 -0.001996220863554324 0.9996975303585023 0.5154800415039062
0.9996776500035386 0.001347700475624767 -0.025353102114547707 -0.038352008908987045 -0.0012820816241041462 0.9999957870000692 0.0026042751047698127 -0.010892919264733791 0.02535650508472761 -0.002570930870363908 0.9996751662236829 0.5012320280075073
0.9996837269560583 0.0013886394421166012 -0.02511011230052727 -0.03707548975944519 -0.001330161686117371 0.9999963648642135 0.0023454057746474456 -0.011066565290093422 0.025113277944825884 -0.0023112634767075532 0.9996819400849489 0.5007503032684326
0.9997763521146323 0.0011935563301884672 -0.021114477868170587 -0.030862540006637573 -0.0011586528146839364 0.9999979422857033 0.0016652171073331728 -0.011422203853726387 0.0211164219510272 -0.001640380335835902 0.9997756777779404 0.5269381999969482
0.9998636270198779 0.0007074304148367803 -0.01649930013251387 -0.02462472766637802 -0.0006893458262917693 0.9999991554812674 0.0011017436561213754 -0.011332867667078972 0.016500065605517526 -0.0010902196843725757 0.9998632702805186 0.5568475723266602
0.9998277012413579 0.0009115357122767945 -0.018540143825415963 -0.026408188045024872 -0.0008776279114427523 0.9999979277087635 0.0018369396908117519 -0.01141044870018959 0.018541779840967863 -0.0018203518406799768 0.999826429296358 0.5576223134994507
0.9997724048066531 0.0009056966100876833 -0.02131474374165191 -0.03177925571799278 -0.0008622780458492017 0.9999975349261042 0.0020461227447341806 -0.010900408029556274 0.021316544365667246 -0.002027277821451153 0.9997707212560993 0.5184751749038696
0.9994634003905205 0.001758933400990538 -0.032708063732190845 -0.04523041099309921 -0.0016562278027698225 0.9999936138133618 0.0031668978446425986 -0.008909194730222225 0.03271342521478775 -0.0031110264839678803 0.9994599308251095 0.4176711440086365
0.9994895515441166 0.0017113774088762376 -0.03190152882707718 -0.04518955573439598 -0.0016218519143579996 0.999994674749843 0.0028319725145616393 -0.010075844824314117 0.03190620551723977 -0.0027787873829653352 0.9994870046129523 0.43133747577667236
0.9996651072253093 0.0013674281902854607 -0.02584189498383095 -0.03691280633211136 -0.0013058748575539034 0.9999962705868747 0.0023986461178696562 -0.0107297133654356 0.025845078585048704 -0.002364096547684809 0.9996631647512306 0.48184001445770264
0.9997184726368803 0.0012907241314959043 -0.023691971209667186 -0.03454872965812683 -0.0012429216222105287 0.9999971624841186 0.0020322818585214635 -0.010928732343018055 0.02369452709855941 -0.002002262452279433 0.9997172401887685 0.49428990483283997
0.9997847123167601 0.0011385863338324146 -0.020717930370901114 -0.030038271099328995 -0.0010998865615624747 0.9999976293593978 0.0018792352529235791 -0.011415369808673859 0.020720020927711223 -0.0018560433035213733 0.9997835945023356 0.5283979773521423
0.9998309914064942 0.0009234601008884364 -0.018361259339947103 -0.027717191725969315 -0.0008952509163381946 0.9999984065170389 0.0015445028908672024 -0.011741737835109234 0.018362656368388623 -0.0015278039223567406 0.999830224921347 0.5534294843673706
0.9999826572470507 0.00017036519249745852 -0.005886950044712087 -0.010423867031931877 -0.00016746002192489102 0.9999998639690959 0.0004939827233692291 -0.01558498851954937 0.005887033401366705 -0.0004929883275653381 0.9999825497478645 0.741997241973877
0.9999903015243913 -0.00012631938220348778 -0.004402374424198361 -0.007538421079516411 0.00012801335677847786 0.9999999178835026 0.00038450691612520376 -0.020219750702381134 0.004402325492014695 -0.00038506674972209364 0.9999902355792584 0.94141685962677
0.9999894927539639 -0.00011203544336809615 -0.00458277533044925 -0.0076795462518930435 0.00011382822863030606 0.9999999171038104 0.00039094181999569456 -0.019201364368200302 0.004582731151214504 -0.0003914593614718818 0.9999894226114414 0.8916721343994141
0.9999920542932957 -0.00011121256950023262 -0.003984844041927545 -0.006683445069938898 0.00011346662600081847 0.9999998337038346 0.0005654357858353935 -0.017244145274162292 0.003984780495696631 -0.0005658834398570563 0.9999919006173668 0.8070948719978333
0.9999583480000668 0.00020859345339516554 -0.009124623485286936 -0.014373529702425003 -0.00019976597177406258 0.9999995112094701 0.0009683358802791759 -0.013986281119287014 0.009124821013782704 -0.0009664727578755445 0.9999579008997701 0.6713024973869324
0.9999822194427037 0.00013295203446020957 -0.005961805280342274 -0.010275803506374359 -0.0001295800201565569 0.9999998314346491 0.0005659855930963019 -0.017069950699806213 0.005961879524324552 -0.0005652029987086387 0.9999820681082774 0.7900077104568481
0.9999926894983291 -0.00019651251933114762 -0.0038186820669504924 -0.006848324090242386 0.0001975785615172973 0.9999999416195037 0.000278789708485519 -0.02053157053887844 0.003818627058345959 -0.0002795421601025692 0.9999926699449203 0.9569149613380432
0.9999967346588156 -0.00026774893893005653 -0.002541452775912193 -0.0054352195002138615 0.0002681518336449962 0.9999999515352784 0.00015818986994438496 -0.020348358899354935 0.002541410297571565 -0.00015887084862247066 0.9999967579916211 0.9569662809371948
0.9999902987593219 2.978573625428377e-05 -0.004404713390438088 -0.007843468338251114 -2.7642977010069965e-05 0.999999881262352 0.00048652969869747296 -0.018396787345409393 0.004404727359078066 -0.000486403219364781 0.9999901808461923 0.8563880920410156
0.9999938599105456 -2.6261242685013915e-05 -0.0035042048391850183 -0.005836259573698044 2.8701183116411284e-05 0.9999997572124262 0.0006962408567520877 -0.018208904191851616 0.0035041857042575207 -0.0006963371565957124 0.9999936178781913 0.82793128490448
0.9999848577171138 5.764411774459233e-05 -0.005502818699469813 -0.009705721400678158 -5.518549663818621e-05 0.9999998985978792 0.00044694383549445286 -0.017156608402729034 0.005502843905155406 -0.0004466333919616214 0.9999847594976478 0.7993376851081848
0.9999920052672022 -0.0002703381138323697 -0.003989526160350229 -0.006853026803582907 0.00027161988070102834 0.9999999116727474 0.00032074466166689963 -0.020181791856884956 0.003989439098459487 -0.00032182573201876123 0.999991990369862 0.9446437954902649
0.9999934161972376 -0.00019800228641320768 -0.0036233075045626257 -0.006311534903943539 0.00019914524158840333 0.9999999305306136 0.0003150871947422868 -0.022149421274662018 0.003623244864868699 -0.00031580668471868883 0.9999933861595219 1.0275341272354126
0.999997900402994 -0.00034557772129211665 -0.0020198429746149326 -0.00417603412643075 0.00034598628710388294 0.999999919758857 0.00020193010777132034 -0.027455907315015793 0.00201977302999392 -0.00020262852177079055 0.9999979397271722 1.253119707107544
0.9999452080469832 -0.0015409811748948233 0.01035404659512978 0.014232694171369076 0.0015507986322628895 0.9999983555092072 -0.0009402140624132126 -0.0466175377368927 -0.010352580715824936 0.0009562195875465927 0.9999459533977937 1.9663186073303223
0.9998835014144255 -0.0010211439039064067 0.015229604865384383 0.020443670451641083 0.0010341237179862022 0.9999991087673729 -0.0008444244167710351 -0.04375658929347992 -0.015228729013418135 0.0008600753381277089 0.9998836662747563 1.745063066482544
0.9999937300459016 -0.0002326063782440545 -0.0035335199387532116 -0.006315211299806833 0.00023342956765442187 0.9999999457143561 0.00023255520249588566 -0.020942430943250656 0.003533465653110411 -0.00023337857241704208 0.9999937300578042 0.9746834635734558
0.9999991058407041 -0.0002571064975304825 -0.0013123315286440065 -0.0035040676593780518 0.000257259854156356 0.9999999601003259 0.00011669067587450771 -0.02018827572464943 0.001312301474351438 -0.00011702818175211888 0.9999991320842457 0.9239705801010132
0.9999851152414392 0.00014098177966111715 -0.005454302861337523 -0.009774359874427319 -0.0001391953489504315 0.9999999365514523 0.00032790508708931105 -0.019306443631649017 0.005454348743912665 -0.00032714099271119365 0.999985071417844 0.9014518857002258
0.99999789584416 -0.00042831224414276387 -0.0020062043449600754 -0.004412149079144001 0.00042851182663816744 0.9999999032829697 9.905385028628347e-05 -0.022680826485157013 0.002006161724949042 -9.99133241500142e-05 0.9999979826641956 1.0506664514541626
0.9999977441771598 -0.00037284833993897633 -0.002091082185645584 -0.004438216332346201 0.00037316722368055096 0.9999999188045493 0.00015210890236676088 -0.022870583459734917 0.002091025302307486 -0.00015288888256972992 0.9999978021166721 1.0631487369537354
0.9999966500523089 -0.0002705716991581437 -0.0025742329179063656 -0.005156413652002811 0.0002710972708284942 0.9999999424819227 0.0002038195797234571 -0.022651195526123047 0.0025741776220314302 -0.00020451676445704792 0.9999966658856735 1.0527572631835938
0.9999970511610413 -0.0003558225101178797 -0.0024023029707901968 -0.005027859937399626 0.000356239338824158 0.9999999215673022 0.00017308646203774536 -0.021152883768081665 0.0024022411943117033 -0.00017394174645561246 0.9999970994865504 0.9921547174453735
0.9999977654371636 -0.00023573148431390182 -0.002100845388597613 -0.004463879857212305 0.00023607863756319587 0.9999999585212512 0.00016499809860946515 -0.02789480797946453 0.0021008064062104813 -0.00016549369462791696 0.9999977796096753 1.2807540893554688
0.999999350963384 -0.0011285206464430794 0.0001565693509030466 0.00013666041195392609 0.0011284910260768498 0.9999993453662099 0.00018914321549856703 -0.03594787418842316 -0.00015678270043128372 -0.00018896640563024168 0.9999999698554408 1.6526954174041748
0.9999984684819474 -0.0014911873234118853 0.0009161845480627041 0.0044736964628100395 0.0014911360477118417 0.9999988866515773 5.664709241697911e-05 -0.05872458219528198 -0.0009162679994562029 -5.528084985496157e-05 0.9999995786984016 2.6060972213745117
0.9999686530579721 -0.001633555476814673 0.0077475414119040405 0.013389074243605137 0.0016447329455538601 0.9999976155719068 -0.0014365597929378218 -0.05484975129365921 -0.00774517623833112 0.0014492573977884743 0.9999689554671346 2.3216559886932373
0.9999983980107046 -0.0013987350341161614 0.0011169227049567748 0.003117038868367672 0.0013989798109309795 0.9999989975775965 -0.0002184016730866936 -0.04631498456001282 -0.0011166160992567766 0.00021996387552415615 0.9999993523919805 1.99507737159729
0.9999821667742269 -0.0013668709085876498 0.0058135873126564045 0.0075448499992489815 0.0013698274973222189 0.9999989344681723 -0.0005046138602941679 -0.04256332665681839 -0.005812891376088383 0.0005125684731602293 0.9999829736387568 1.878964900970459
0.9999997657467848 -0.0006333567805952801 -0.0002595487695372204 -0.0017431071028113365 0.0006333765715994583 0.9999997965156103 7.617648094783219e-05 -0.029402058571577072 0.00025950046983236726 -7.634085521305894e-05 0.9999999634157892 1.335336685180664
0.9999969972603397 -0.0010478506194296733 0.0022152831383796968 0.002791288308799267 0.0010484077462397513 0.9999994190838526 -0.0002503460701230515 -0.04824113845825195 -0.0022150195262013008 0.00025266783840136953 0.9999975149206431 2.110319137573242
0.9999985447786534 -0.0009075207560854221 0.0014445922100368796 0.0011005448177456856 0.0009081935668682954 0.9999994794067533 -0.0004651566059377319 -0.048280008137226105 -0.0014441693187172118 0.00046646789838381285 0.9999988483906764 2.122960090637207
0.9999893425532789 -0.0018387828249932646 0.004234814940933492 0.0069625722244381905 0.0018411347388266168 0.9999981530091464 -0.0005515443497777988 -0.04937588423490524 -0.004233792948991435 0.0005593353366235312 0.9999908810290455 2.1240921020507812
0.9999989799380476 -0.0011388787000230353 0.0008620198203474159 0.0016485536471009254 0.0011389370806793042 0.9999993491505066 -6.723755897922302e-05 -0.04559073597192764 -0.0008619426838784896 6.821927673042153e-05 0.9999996262004001 1.9817960262298584
0.9999029237918547 -0.001236978649666922 0.013878504109619001 0.02059999853372574 0.0012515289154802125 0.9999986762791813 -0.0010397669253259841 -0.04971545934677124 -0.013877199568866919 0.0010570353378923176 0.9999031483140857 1.9641647338867188
0.9999996147456397 -0.0004282943168230203 -0.0007662065977906078 -0.0030258200131356716 0.0004283846959867277 0.9999999013052726 0.00011779642368840208 -0.024635542184114456 0.0007661560706312485 -0.00011812460948727377 0.9999996995256809 1.1455585956573486
0.999997922534539 -0.0005612882662872069 -0.00195956170821152 -0.004009520635008812 0.0005615062721968696 0.9999998362276518 0.00011070400200431253 -0.025039833039045334 0.001959499250432141 -0.00011180407821048956 0.999998073929413 1.1474225521087646
0.99999800608 -0.0005857245855406074 -0.0019091261702756475 -0.0035273274406790733 0.0005860132566514238 0.9999998169465028 0.00015065000452849328 -0.028284240514039993 0.0019090375813919612 -0.00015176847738883795 0.9999981662692397 1.2723397016525269
0.9999997593568428 -0.0006911567682906024 5.990474107173648e-05 -0.0014654658734798431 0.0006911555428392323 0.9999997609423673 2.047495572687304e-05 -0.028035422787070274 -5.991887815528197e-05 -2.043354730588097e-05 0.9999999979960991 1.2824108600616455
0.9999993633311909 -0.0006434522927805838 -0.0009269877883671278 -0.002568569965660572 0.000643486928788866 0.9999997922753104 3.706627162145104e-05 -0.026302140206098557 0.0009269637454314175 -3.766275254747317e-05 0.9999995696597733 1.202999234199524
0.9999975163572109 -0.0002858263066416036 -0.0022103354342641853 -0.004476773552596569 0.00028626914504892244 0.9999999390179497 0.00020003518038086911 -0.0245627723634243 0.0022102781241565917 -0.00020066743439997394 0.9999975371985645 1.1320738792419434
0.99999487904694 -0.0003120945486748964 -0.003185039542748213 -0.0058556171134114265 0.00031264421709120184 0.9999999363207264 0.0001720817737247033 -0.022115036845207214 0.003184985634143702 -0.00017307667669626457 0.9999949129425482 1.0203500986099243
0.99999572816732 -0.0003866214270040475 -0.0028972695739325352 -0.0051925466395914555 0.0003872005361701694 0.9999999051730863 0.00019932276151664384 -0.024306200444698334 0.0028971922367429116 -0.00020044373437561345 0.9999957830408351 1.1111266613006592
0.9999980600561276 -0.00044767745209554785 -0.0019181941717460126 -0.004056171048432589 0.0004479446930279395 0.999999890027323 0.00013889166229429176 -0.0253143347799778 0.0019181317821315713 -0.00013975063775169332 0.9999981506184028 1.1585445404052734
0.9999984083686273 -0.000448426580375042 -0.001726897163624511 -0.003969412297010422 0.0004487201185904632 0.9999998849436444 0.00016959644088840363 -0.02442237176001072 0.0017268209133819857 -0.0001703710644534428 0.9999984945304834 1.1288447380065918
0.9999967117366633 -0.00038328878706558634 -0.0025356666907209117 -0.004670494701713324 0.00038382490435673956 0.999999904089844 0.00021094725779110691 -0.026071671396493912 0.00253558559380615 -0.00021191981616601964 0.9999967629426048 1.1876685619354248
0.9999997244561005 -0.0005812024134271108 -0.000461834902844866 -0.002105165272951126 0.000581250782926177 0.9999998256025414 0.00010460599423106832 -0.028510496020317078 0.00046177402504572664 -0.00010487440730638599 0.9999998878830479 1.2997225522994995
0.9999995378288309 -0.0006571755920492002 0.0007017566285247521 -0.0008423225954174995 0.0006572531162937729 0.999999777931968 -0.00011024679451142666 -0.026855740696191788 -0.0007016840211845841 0.00011070797528951447 0.9999997476916074 1.2341198921203613
0.9999998675583553 -0.000511719284353531 -5.501496114850888e-05 -0.0020757196471095085 0.0005117205138821835 0.9999998688215732 2.2337234289195554e-05 -0.025275152176618576 5.500352353818792e-05 -2.2365383615005627e-05 0.9999999982372011 1.1727707386016846
0.9999996595716283 -0.0003803695160155869 -0.0007322401646291305 -0.0031647570431232452 0.0003804777750899118 0.9999999167087952 0.00014771277998052853 -0.024135559797286987 0.0007321839182013346 -0.00014799133080357693 0.999999721002599 1.1298680305480957
0.9999995698910055 -0.0003612668669806236 -0.0008542271679451112 -0.0033883550204336643 0.0003613847674961143 0.999999925196485 0.00013786977176875897 -0.02331003174185753 0.0008541772962654184 -0.0001381784171562068 0.9999996256438656 1.0950839519500732
0.9999996339378701 -0.00038232194576935793 -0.0007654763586590536 -0.0033328584395349026 0.00038236156886659197 0.9999999255676557 5.161699093056482e-05 -0.021980147808790207 0.0007654565673744463 -5.190966077696634e-05 0.999999705690772 1.0369758605957031
0.9999977004042858 -0.00022074160244347303 -0.0021331805562271092 -0.0051667592488229275 0.00022128454925009785 0.9999999431843938 0.0002542918749227331 -0.021157803013920784 0.0021331243022332034 -0.00025476333005208107 0.9999976924355161 1.0028374195098877
0.9999987115848763 -0.0002640453691784266 -0.0015833851805503018 -0.004498121794313192 0.0002643280873272922 0.9999999491616148 0.00017834637564453784 -0.02105923369526863 0.0015833380085189578 -0.00017876467903664748 0.9999987305411642 1.0001293420791626
0.9999983738427929 -0.0002335185026909201 -0.0017882340112003482 -0.004733219277113676 0.00023396297703422042 0.9999999417918611 0.00024834975322853584 -0.021673761308193207 0.0017881759128480568 -0.00024876772992568895 0.9999983702694327 1.0271036624908447
0.9999991626897609 -0.0004171995812530503 -0.0012249752187333757 -0.003510155715048313 0.0004174166749509029 0.9999998972220009 0.00017697261644114326 -0.02526753954589367 0.0012249012599314015 -0.0001774837933428604 0.9999992340579098 1.1692900657653809
0.9999983686518886 -0.000427113460539595 -0.0017550691306607166 -0.00427272031083703 0.00042757414218470206 0.9999998742368532 0.0002621194971376515 -0.023584876209497452 0.0017549569551722026 -0.00026286949170752197 0.9999984255116184 1.1102285385131836
0.9999994171597449 -0.0007350163427154478 0.0007908420490279214 -0.0006291661411523819 0.0007350432815848519 0.9999997292853288 -3.377341446479435e-05 -0.02958795242011547 -0.0007908170109237952 3.4354697915221624e-05 0.999999686714056 1.3931078910827637
0.9999976645389611 -0.0005121671009997653 -0.0020996669936478706 -0.004754459485411644 0.0005125600627231185 0.9999998512274789 0.0001866204769007869 -0.024439040571451187 0.002099571100406477 -0.00018769624650189583 0.9999977782831888 1.1942577362060547
0.9999996772031503 -0.0004344133695548678 0.0006759279689869957 -0.0004934314638376236 0.000434416211629576 0.9999999056330398 -4.057889181487305e-06 -0.02720782533288002 -0.0006759261424004153 4.351521939235266e-06 0.9999997715524309 1.253143548965454
0.9999997194834531 -0.0006638629523017173 0.00034687028616848007 -0.001270386390388012 0.00066381436785559 0.9999997698525884 0.0001401615319619241 -0.028407884761691093 -0.0003469632543855889 -0.00013993123516455435 0.9999999300178722 1.3236610889434814
0.9999998409167097 -0.0005596337823569629 7.054491430819046e-05 -0.0016505680978298187 0.000559628394098305 0.9999998404912828 7.637715305386104e-05 -0.02782757580280304 -7.058764629071086e-05 -7.633766196642614e-05 0.9999999945949727 1.2783607244491577
0.9999994824411493 -0.0005796525480431916 0.0008361341739771459 -0.0008124932646751404 0.0005796093451202916 0.999999830679101 5.191123495099424e-05 -0.02852947823703289 -0.0008361641228817674 -5.142657690286356e-05 0.9999996490923718 1.3155622482299805
0.9999996458854692 -0.0005685780703906742 0.0006204417087952848 -0.001158374361693859 0.0005685682144614244 0.9999998382360921 1.6061608954347387e-05 -0.02723393216729164 -0.0006204507407088359 -1.570883983215114e-05 0.9999998073970368 1.2591111660003662
0.9999998793827725 -0.00047728435466227266 -0.00011590550143869633 -0.0021842336282134056 0.00047729483955233354 0.9999998820042215 9.0449870709173e-05 -0.025885991752147675 0.00011586231745416576 -9.050518089707278e-05 0.9999999891923678 1.2017983198165894
0.9999997936517835 -0.00042799625054761536 -0.0004790778645446199 -0.0027868663892149925 0.00042803620592759097 0.9999999049229561 8.330117302369289e-05 -0.024126553907990456 0.00047904216640559227 -8.350621850612796e-05 0.9999998817726503 1.127380609512329
0.9999996671279602 -0.0003728377872851219 -0.0007257657702523471 -0.0031702867709100246 0.0003729504829308803 0.9999999184183412 0.00015514911602449686 -0.024124091491103172 0.0007257078655900538 -0.00015541973907420446 0.9999997245963614 1.130052089691162
0.999999761300077 -0.000396790159453811 -0.0005656477330927963 -0.0028277765959501266 0.00039690381365956604 0.9999999010674432 0.00020082944501370272 -0.025918681174516678 0.00056556798998431 -0.0002010539048181821 0.9999998198550716 1.2061779499053955
0.9999998280973932 -0.0005067586723736724 0.00029495903426285126 -0.0016684429720044136 0.0005067390925984947 0.9999998693997842 6.645228618159185e-05 -0.026492012664675713 -0.0002949926710134593 -6.630280748489453e-05 0.9999999542916298 1.229565143585205
0.9999998878288068 -0.0004734410092015927 1.399944767708626e-05 -0.0021491656079888344 0.0004734404165306326 0.9999998870320808 4.2308361340370584e-05 -0.024827925488352776 -1.4019476608888438e-05 -4.230172869025177e-05 0.9999999990070089 1.1586921215057373
0.9999998807551703 -0.0004325010833921664 -0.00022678725327631864 -0.002391071990132332 0.00043252389688513764 0.9999999014058955 0.00010055485244623166 -0.0253915898501873 0.00022674374083380913 -0.00010065293136213634 0.9999999692281314 1.1827411651611328
0.9999996189294686 -0.0004547133686387593 -0.00074523598293953 -0.002960550133138895 0.0004548022458480791 0.9999998894855999 0.00011909536307055645 -0.02444019913673401 0.0007451817463264912 -0.00011943425268555084 0.9999997152197718 1.139662742614746
0.9999983982524876 -0.0004884372856796296 -0.0017218947346473367 -0.003661619033664465 0.0004887662789443186 0.9999998623802219 0.00019064905452284063 -0.02750125527381897 0.001721801377573857 -0.0001914903532333792 0.9999984993646045 1.2527074813842773
0.9999987819064153 -0.0004364935764010884 -0.0014985523159513987 -0.0037417388521134853 0.00043680483983096313 0.999999883095782 0.0002073884143607056 -0.02476266585290432 0.0014984616170536237 -0.00020804273664655595 0.9999988556648464 1.1493462324142456
0.9999984639662467 -0.0004553376089500356 -0.0016925521584382664 -0.003585155587643385 0.0004555702940127732 0.9999998868306207 0.00013709286328745474 -0.02622167021036148 0.0016924895433566155 -0.0001378637291926411 0.9999985582353296 1.1990439891815186
0.9999989016859 -0.0005619277222566504 -0.0013714460357763742 -0.0027618245221674442 0.0005619761097545414 0.9999998414825135 3.489699611029996e-05 -0.02742212638258934 0.0013714262087886576 -3.5667677690360964e-05 0.9999990589585427 1.2418843507766724
0.9999938434004106 -0.0007064073669324633 0.0034371717889847414 0.0029703546315431595 0.0007078880490351374 0.9999996571744789 -0.0004295875168671469 -0.028897617012262344 -0.0034368671468478747 0.00043201800490071996 0.999994000634333 1.3408687114715576
0.9999998781789255 -0.00044789509834117566 -0.00020744183530701108 -0.002369516994804144 0.0004479189484159159 0.9999998930786818 0.00011494016272932557 -0.025612231343984604 0.00020739033199156757 -0.00011503306585591963 0.9999999718783217 1.19206702709198
0.9999998291647452 -0.00043941302532256706 -0.00038546942057573065 -0.0026814588345587254 0.00043943513757735577 0.9999999018077806 5.72816662919114e-05 -0.023916592821478844 0.0003854442124153518 -5.745104531404588e-05 0.9999999240660656 1.1183375120162964
0.9999992182864758 -0.000307540788762823 -0.0012119591992714102 -0.003939752466976643 0.00030774476665301146 0.9999999385141812 0.00016812136205741118 -0.022290825843811035 0.0012119074205768114 -0.0001684942047356415 0.9999992514447733 1.0526976585388184
0.9999993059081402 -0.000317821190396961 -0.001134536437882237 -0.0038216998800635338 0.0003180070450731648 0.9999999360469156 0.00016363888329088143 -0.02252500131726265 0.0011344843574204496 -0.00016399956029060337 0.9999993430244778 1.0625637769699097
0.9999993289055483 -0.000320403836370436 -0.0011133417422172374 -0.003793030511587858 0.0003205828100759982 0.9999999357205422 0.00016057887064027632 -0.022542519494891167 0.0011132902205660403 -0.00016093568110098205 0.9999993673420957 1.0632880926132202
0.9999991914474301 -0.00030708636316885906 -0.0012340188213471786 -0.0038727084174752235 0.0003073653187010874 0.9999999272543713 0.00022587123111815244 -0.023568786680698395 0.0012339493696027948 -0.00022625034307769461 0.9999992130895581 1.1070661544799805
0.9999997716405985 -0.00040586958016949605 -0.0005403597274142134 -0.0029181884601712227 0.0004059280938737881 0.99999991175959 0.00010818130576343561 -0.02407623827457428 0.0005403157722314972 -0.00010840062825337277 0.9999998481540736 1.1270039081573486
0.9999995352043963 -0.00035120328295400275 -0.0008979127160038132 -0.003415193874388933 0.0003513589548491726 0.9999999232710305 0.000173218988623431 -0.02381771430373192 0.0008978518120304213 -0.00017353439778544747 0.9999995818738808 1.1171531677246094
0.999999727753729 -0.00038552923676890316 -0.0006291738038588309 -0.0030237287282943726 0.00038562381983500243 0.999999914364917 0.00015021460795239822 -0.024424253031611443 0.0006291158378563244 -0.00015045719146261554 0.9999997907879262 1.1427453756332397
0.9999998711037678 -0.0004344771041043522 -0.0002627205625806856 -0.002448604442179203 0.00043451347195221866 0.9999998960235849 0.00013838664066377854 -0.025751594454050064 0.000262660409437061 -0.00013850077845006212 0.999999955913521 1.1987581253051758
0.9999998362098992 -0.000503564100113439 0.00027203560832074974 -0.001705152913928032 0.0005035457724960946 0.9999998709469842 6.743641688902217e-05 -0.026409659534692764 -0.0002720695317723196 -6.729942346306634e-05 0.9999999607244782 1.22611665725708
0.9999998891355202 -0.00047041953766952384 2.0842398505947514e-05 -0.002079748548567295 0.00047041773209506425 0.9999998856080987 8.655025432197326e-05 -0.02576163411140442 -2.088311105236925e-05 -8.654044009278777e-05 0.9999999960373238 1.1988554000854492
0.999999889612034 -0.00046475740822728666 -6.911201997389282e-05 -0.0021877270191907883 0.00046476405888442495 0.9999998873656087 9.624520379204953e-05 -0.0257522352039814 6.906728151803381e-05 -9.627731395065802e-05 0.9999999929801947 1.1980668306350708
0.9999996032192406 -0.0004678753464176166 -0.0007580593785334452 -0.0029648952186107635 0.0004679446186830537 0.9999998863546189 9.120626674622525e-05 -0.024188131093978882 0.0007580166192198488 -9.156096036416044e-05 0.9999997085136553 1.1272459030151367
0.9999982378442068 -0.0003376326152604658 -0.0018467031971071577 -0.004224319476634264 0.00033802187157040453 0.9999999207204477 0.00021047639420941402 -0.023898039013147354 0.0018466319870059276 -0.00021110024938813786 0.9999982726920028 1.1113276481628418
0.9999990888305031 -0.000383621190581322 -0.0012942847236627273 -0.003513957839459181 0.0003838674442952386 0.9999999082692128 0.00019001934503897462 -0.025231998413801193 0.0012942117094895931 -0.00019051600566820633 0.9999991443594853 1.169414758682251
0.9999996277855167 -0.0005603849905913371 0.0006560468661190943 -0.0011683870106935501 0.0005603864994871321 0.9999998429812342 -2.1161640346158988e-06 -0.026643158867955208 -0.0006560455772408625 2.483803053752978e-06 0.9999997847989925 1.2347872257232666
0.9999998595716993 -0.00042751032386588125 -0.00031319563322659936 -0.002547706011682749 0.00042755041267784227 0.9999999004155479 0.00012794349892970497 -0.025288987904787064 0.0003131409048705198 -0.00012807738788505178 0.9999999427694766 1.1791167259216309
0.9999998882131539 -0.0004709395213850705 -4.230422382742598e-05 -0.002139659598469734 0.0004709434687915616 0.9999998847491435 9.334853666778886e-05 -0.025868060067296028 4.2260257436647614e-05 -9.336844913056415e-05 0.9999999947482019 1.2027466297149658
0.999999677235048 -0.00043619482625283773 -0.0006747324454633649 -0.002956169657409191 0.00043625960560165946 0.9999999002438907 9.586326112624954e-05 -0.024436382576823235 0.0006746905630961504 -9.615758869549319e-05 0.999999767773154 1.137840747833252
0.9999995612264158 -0.00039577945117943964 -0.0008490616007959217 -0.003357189241796732 0.0003958429394416995 0.9999999188710125 7.460787999511616e-05 -0.02276640385389328 0.0008490320036466157 -7.494394229897537e-05 0.9999996367639652 1.0688151121139526
0.9999970601319855 -0.00029732103874324594 -0.0024065177302574374 -0.0051717376336455345 0.0002979365710111028 0.9999999229965177 0.00025542270505150133 -0.021551750600337982 0.0024064416024032077 -0.00025613894378309095 0.9999970717115404 1.014430284500122
0.9999976450118444 -0.0002696532794611261 -0.0021534293287541573 -0.00475736940279603 0.0002701134029401004 0.9999999407534058 0.0002133821319383397 -0.023027442395687103 0.0021533716619791484 -0.00021396329954992716 0.9999976586023548 1.073265790939331
