0.999983918953219 0.0010680901763553624 0.005569651545392857 0.00029504671692848206 -0.001060222070377613 0.9999984362338458 -0.0014154359839108636 -0.008605318143963814 -0.005571154649029954 0.0014095081547258524 0.9999834876249899 0.36838099360466003
0.9999806856077522 0.0014342893499687205 0.006047414779081901 0.0008409293368458748 -0.0014254255604686063 0.9999979039655043 -0.0014697709241475187 -0.0045258039608597755 -0.006049510180275313 0.0014611223968145164 0.9999806340864407 0.327271044254303
0.9999745529583501 0.001843423964971953 0.0068916778677614735 0.0020843520760536194 -0.0018320705487637542 0.9999969549546739 -0.0016533598773576291 -0.0007909508422017097 -0.006894704725510638 0.0016406917641868751 0.9999748852732666 0.2666216492652893
0.999973047413632 0.001634515490696214 0.007157709508269226 0.002239528577774763 -0.0016236599896889252 0.9999975233679391 -0.0015221649799195616 -0.00202892255038023 -0.007160179783495449 0.0015105022670900813 0.9999732247457275 0.31475457549095154
0.9999713816947938 0.0013590167649934672 0.007442369571416794 0.0019521978683769703 -0.0013495198254577004 0.9999982689965665 -0.0012809372004234422 -0.0045868391171097755 -0.0074440975037797915 0.0012708569168866804 0.9999714847609661 0.3891944885253906
0.999971494297587 0.0012563869225917916 0.007445272604241028 0.001845385180786252 -0.0012466677238605756 0.9999983649685052 -0.0013099159905329615 -0.005041012540459633 -0.007446906192306034 0.0013005968694064986 0.9999714256097252 0.3958076238632202
0.999978607105604 0.0007554243675210481 0.006497281366940223 0.0008014922495931387 -0.0007477593286628968 0.9999990217727238 -0.001182078500842033 -0.01014920137822628 -0.006498167982026226 0.0011771948100084194 0.9999781937748727 0.4529036283493042
0.9999802165560548 0.0010844608049171184 0.006196002039124207 0.0004115239717066288 -0.0010768459997777557 0.9999986610533431 -0.0012321908189279402 -0.008535396307706833 -0.006197330005655296 0.001225494301939498 0.9999800454331663 0.40916430950164795
0.9999798104286501 0.0010509876055805332 0.0062669099350523266 0.0008508972823619843 -0.0010429718314808086 0.9999986340929364 -0.0012821942210456507 -0.008913993835449219 -0.006268248945270045 0.0012756321235612535 0.9999795406996314 0.40235042572021484
0.9999765222434117 0.00019006868396844142 0.006849732539826181 0.001811617985367775 -0.00018459486125960484 0.9999996631600669 -0.0007997527680800401 -0.012193900533020496 -0.00684988224051886 0.0007984695662513656 0.9999762204970891 0.5629850029945374
0.9999750566612406 0.0007779443083503806 0.007020032621151358 0.0019691400229930878 -0.0007719112570433446 0.9999993304908705 -0.0008620735595960017 -0.010211121290922165 -0.007020698566394495 0.0008566332143980908 0.9999749876727798 0.5072349309921265
0.999977656144221 0.0007962514473056478 0.006637258164587016 0.0009977994486689568 -0.0007886432476982032 0.9999990291210434 -0.001148824964401905 -0.01028119120746851 -0.006638166474153339 0.0011435648663878533 0.9999773132452847 0.45707911252975464
0.9999765196124246 0.0005466244838713913 0.006830916885453244 0.002136075869202614 -0.0005414452786454317 0.9999995645979677 -0.0007600268977943143 -0.01149196457117796 -0.006831329360568885 0.0007563104843717382 0.9999763801878616 0.5257866382598877
0.999976208795637 0.00012279106298171798 0.006896866321708339 0.0028020390309393406 -0.0001197941003215809 0.999999898233413 -0.00043495118943945093 -0.0132782943546772 -0.0068969190279566895 0.00043411463753076775 0.9999761217411159 0.6237717270851135
0.9999731589253619 0.0006088117650526138 0.00730142294816586 0.0031590189319103956 -0.0006047335459812993 0.9999996599305718 -0.0005607460025744761 -0.011241612024605274 -0.007301761853938705 0.0005563155361590144 0.9999731870339589 0.5659486651420593
0.9999791893540219 -0.00010999572190472216 0.006450485238678932 0.0021530729718506336 0.00010890671446278679 0.9999999797592902 0.000169176673419797 -0.013887159526348114 -0.006450503716826854 -0.00016847065158990347 0.999979181093006 0.6494000554084778
0.9999842647416715 -0.0002164539132536924 0.0056056593512166806 0.001230655936524272 0.00021297746385489277 0.9999997846504554 0.0006207573138036986 -0.015744805335998535 -0.005605792509390246 -0.0006195536669151501 0.999984095495321 0.7299416065216064
0.999988188465125 -0.00030324821286396907 0.0048508731955378085 0.00021004676818847656 0.0002979248074231317 0.9999993527119566 0.001098096752157518 -0.016554011031985283 -0.004851203051503232 -0.0010966385864868188 0.9999876315298925 0.7809554934501648
0.9999381204239043 -0.004579081172026382 -0.010138409082771629 -0.02837837114930153 0.004619200826882779 0.9999815800754353 0.0039373206063391866 -0.024838648736476898 0.010120193023384396 -0.003983908314227527 0.9999408533346927 1.6012272834777832
0.999925439379515 -0.00951713382306112 -0.007651133607378157 -0.02830122411251068 0.009554084826809046 0.9999428019533314 0.0048075237745375645 -0.05472525209188461 0.007604942130361192 -0.004880264902088079 0.9999591731014218 2.664167642593384
0.9999142137041334 0.0014559220337353141 0.013017124239879873 0.07105770707130432 -0.0006992439278193369 0.9983194691341866 -0.05794608360851775 -0.09626378864049911 -0.013079613540704934 0.05793201048356259 0.9982348450494795 -5.822049140930176
0.9997690490596891 -0.014563222878621867 -0.015803831233981856 0.004977542441338301 0.01453980711560024 0.9998930183976098 -0.0015955465389413913 -0.05900237336754799 0.015825376814652358 0.0013653933881383187 0.9998738386164374 0.039765119552612305
0.9999646315825272 0.001858507554555557 -0.008202532151143105 0.06345795840024948 -0.0023444115761612487 0.9982176745662287 -0.059632020911190575 -0.1127803772687912 0.00807708600811193 0.059649141932309205 0.9981867262934111 -4.6157355308532715
0.9998821883959957 -0.009285349759358052 -0.012222585989927984 -0.016036242246627808 0.009142229943873896 0.999889598287653 -0.011713704273614964 -0.10209888964891434 0.012330002436663587 0.011600582571696964 0.9998566884928607 1.8603397607803345
0.9999998053069872 -0.000509999676584703 -0.00035956406640017083 0.04523472860455513 0.0004915869742636016 0.9987754036131204 -0.049471724042073964 -0.12570250034332275 0.00038435430880515083 0.049471537653263495 0.9987754598677258 -2.860475540161133
0.9999659482905632 -0.008110182415893634 -0.0015255164815887528 0.014592981897294521 0.008095156373325365 0.9999210477117118 -0.009610764090533025 -0.056384481489658356 0.001603341088502053 0.009598087533118202 0.9999526518856082 -0.22473347187042236
0.9999671197740534 -0.002588365629999825 -0.007685033126137912 0.02898985520005226 0.002257548163940457 0.9990833400389596 -0.04274790208752503 -0.12276580184698105 0.007788635764489857 0.042729147194421904 0.999056333313075 -2.0042479038238525
0.9999983879952062 -0.0017298469362175444 0.0004812863660241438 0.02865331992506981 0.0017452071122742191 0.9994205987496841 -0.03399148491840454 -0.09556861966848373 -0.0004222074420583225 0.03399227006835693 0.9994220066200643 -1.5016016960144043
0.9998439287761267 -0.009893429148362842 -0.014636876347289446 -0.027546264231204987 0.009826091014618642 0.99994083939224 -0.0046653671789841245 -0.09042572975158691 0.01468216690042541 0.004520815770260497 0.9998819911368938 2.500272512435913
0.9999986590164434 -0.0008991015297743273 0.0013687884256019267 0.043174050748348236 0.0009602314713362502 0.9989713971001991 -0.04533459750783799 -0.1142682284116745 -0.0013266200798871383 0.04533585106861205 0.9989709208415669 -2.5526657104492188
0.9999956285333098 -0.0027462060014437077 -0.0010960232061920652 0.012080878019332886 0.0027249378833514846 0.9998166026772358 -0.01895615268144988 -0.07050544768571854 0.001147879698728443 0.01895308322010427 0.9998197152530297 -0.267203688621521
0.999883089454948 -0.0067367667061153606 -0.013726740194805173 0.0004287869669497013 0.006344099849275302 0.9995750432920927 -0.028451453824246773 -0.12475813925266266 0.013912577731345455 0.028361043738871754 0.999500921149606 0.16807973384857178
0.9999993723535778 0.00023817115561223487 0.0010947908251770315 0.07383119314908981 -0.00015684481022180545 0.9972809336180775 -0.07369338397414726 -0.1635054051876068 -0.0011093656546711545 0.07369316600849926 0.9972803450341774 -4.980920314788818
0.9999603162932749 -0.0017993020562509117 -0.008725156202832393 0.04169325530529022 0.0014254138350166675 0.9990881953476978 -0.04267020169016453 -0.09998229146003723 0.00879397714645634 0.042656071420030556 0.9990511125748055 -2.9379310607910156
0.9996212365324593 0.022670383978735466 0.015602472995448743 0.027003958821296692 -0.021890755034152356 0.998585935010655 -0.04844507449608004 -0.006494190078228712 -0.016678678525343257 0.04808517535740829 0.9987039789614816 -6.168668270111084
0.9999993205801587 -0.001136510948183144 0.0002591950730991485 -0.007343443110585213 0.0011356726684642957 0.9999941975984147 0.0032117000316071315 -0.02238994464278221 -0.00026284370139344714 -0.0032114034887540856 0.9999948088869368 1.191054105758667
0.9999623559827463 -0.0007181708121991599 -0.008647013826742118 -0.017217561602592468 0.0007334440076310544 0.9999981764931892 0.0017632555640457973 -0.018290968611836433 0.008645731740172965 -0.0017695312884980486 0.9999610592826582 1.0185941457748413
0.9999988856075153 -0.0007932434055058258 0.0012647326306516656 -0.0045812781900167465 0.00079015740320209 0.9999967142435001 0.0024386786343473226 -0.019960613921284676 -0.001266662940793048 -0.002437676578850999 0.9999962266418265 1.0219217538833618
0.9990515480676931 -0.03392858298028919 -0.02729204207265234 -0.09476929903030396 0.034645743426202004 0.9990549062671019 0.026248175671421584 -0.06878821551799774 0.026375685128382457 -0.02716883362571272 0.999282831691522 5.6445136070251465
0.9993034365624991 0.030419034298384467 -0.02161767856947117 0.016615815460681915 -0.03240010202397986 0.9946459370882046 -0.09813100031469751 -0.07663742452859879 0.018516885894095687 0.09876306083896538 0.9949386829099087 -12.411766052246094
0.9998791488706567 -0.01554151337751184 0.0003860254243937347 -0.009014671668410301 0.015531184039478741 0.9996934843728303 0.019280031764545277 0.012277702800929546 -0.0006855479731562068 -0.01927170631902258 0.9998140483907647 0.053283095359802246
0.9999989439778549 -0.0012833922864800603 0.0006818705260077475 0.02699894830584526 0.0013033355257364265 0.9995460348726538 -0.03010025725576267 -0.08193671703338623 -0.0006429305425844635 0.030101114175304932 0.9995466520206663 -1.446096658706665
0.9999803497442613 -0.0001038575218389936 0.006268120847570785 0.009638327173888683 0.00016692889771001025 0.9999493572069664 -0.01006256210502292 -0.03234482184052467 -0.006266758339660413 0.01006341070360797 0.9999297252831933 0.0061893463134765625
0.9999887767709988 0.0005441138901668519 0.004706407559510079 -0.008099701255559921 -0.0005377232187303358 0.9999989319518955 -0.0013590249477238442 -0.01289406418800354 -0.004707141997191545 0.0013564789504540808 0.9999880013175535 0.7786340713500977
0.9999857413910354 -0.00040000595737918986 0.005325130031820793 -0.0005831574089825153 0.0004009795045807449 0.9999999030902893 -0.000181754914955015 -0.018874261528253555 -0.005325056812715218 0.00018388759138474278 0.9999858048768969 0.8262180089950562
0.9999931333365826 0.00016091061080668347 0.003702348911050095 -0.00184676144272089 -0.00016356788006647452 0.9999997292672234 0.000717433640590023 -0.018458059057593346 -0.0037022324660175732 -0.0007180342995773356 0.9999928889254724 0.9023714065551758
0.9999970068820485 -0.0008108286413730846 0.0023084158765453956 -0.003867997322231531 0.0008061045085194167 0.9999975806494594 0.0020466779789705693 -0.019242437556385994 -0.0023100697968032134 -0.002044811028576348 0.9999952411513726 1.0044437646865845
0.9999927443201774 -0.00375222105819116 0.0006573767037511396 -0.006570798344910145 0.0037502456836957126 0.9999885250869562 0.002980830710669516 -0.02554471790790558 -0.0006685538961741041 -0.0029783437585704695 0.9999953412412198 1.2093348503112793
0.99995645517363 -0.008950490467380208 -0.0026413021374807597 -0.01137441024184227 0.008969043814493592 0.9999345842934119 0.007098125598721839 -0.02257496863603592 0.0025775976493274968 -0.007121506466673471 0.9999713196567206 1.3187599182128906
0.99998521037065 0.0030725865610053563 0.00448756635517867 0.053505752235651016 -0.0028680530009659267 0.9989876331837279 -0.04489413121954021 -0.07842275500297546 -0.004620964396168038 0.044880596673827475 0.9989816708680148 -3.5005240440368652
0.9999957804912234 0.0028792336207188614 0.00038602267604110886 -0.000715453177690506 -0.0028776748344003715 0.9999879408967391 -0.003979578953546574 -0.014985180459916592 -0.00039747615847315383 0.003978451313937901 0.9999920069369787 0.31664904952049255
0.9999747709081537 0.003743245613191277 -0.0060370240569890005 -0.009674476459622383 -0.0037552845038091756 0.9999909806011706 -0.0019840752516925102 -0.015359977260231972 0.006029542725679149 0.0020066959381660897 0.9999798086891208 0.6246302723884583
0.9999939938287284 -0.001090459542186101 0.0032898638963017616 -0.004190890118479729 0.0010805656561728647 0.9999948931526403 0.0030076646259824913 -0.021358400583267212 -0.003293126832060107 -0.003004091647493793 0.999990065325172 1.1125872135162354
0.9999767359477905 -0.005610092451783103 0.003880003335721725 -0.0008591404184699059 0.005592553755352931 0.9999741621676052 0.004516452113042547 -0.017727121710777283 -0.003905240798754066 -0.004494647914838816 0.9999822734600975 0.8613002896308899
0.9999891312661449 -0.00043707180362579664 0.00464180113957228 -0.0005788085982203484 0.0004373898233581259 0.9999999020671292 -6.749721778766387e-05 -0.017871202901005745 -0.00464177118385665 6.952676075886884e-05 0.9999892245050975 0.8470445871353149
0.9999856664340728 -0.000738686879851485 0.005302948999983178 -0.0005857888609170914 0.0007383068292267435 0.9999997247411512 7.362504603640623e-05 -0.018922261893749237 -0.005303001926155078 -6.970878726522627e-05 0.9999859365567377 0.8162264823913574
0.9999906391106967 -0.00021454330658764254 0.0043215346984843105 -0.0015499033033847809 0.00021036909265274164 0.9999995109643703 0.0009663414848511284 -0.018394503742456436 -0.0043217399071973205 -0.000965423321702072 0.9999901952129254 0.9236502647399902
0.9999813015192371 -0.00036407633623935696 0.006104429565002308 0.002102058846503496 0.0003630975184147154 0.9999999210465578 0.0001614529975372671 -0.016746489331126213 -0.006104487864252398 -0.00015923347538510874 0.9999813547624854 0.6918795108795166
0.9999857615398808 -0.00037184058866531475 0.005323387275154534 0.0010618302039802074 0.0003689970066794756 0.9999997887331813 0.0005351399832810347 -0.016202816739678383 -0.005323585137265842 -0.0005331680497417969 0.9999856874841344 0.7191142439842224
0.9999889547798556 -0.00048271902427754026 0.004675179208909141 0.0007451104465872049 0.0004782451264439143 0.9999994267418831 0.0009580174863022521 -0.017523443326354027 -0.00467563898209094 -0.0009557710231163011 0.9999886123860914 0.7968600988388062
0.9999907340321759 -0.0004604605472437017 0.004280166570880998 -0.0003872327506542206 0.00045566400232976094 0.9999992672453673 0.001121552069955464 -0.01666346937417984 -0.004280679865049008 -0.0011195913598597452 0.9999902110996286 0.7531778216362
0.9999894125518825 -0.0008456065348012119 0.004523243717638516 -0.0015115751884877682 0.0008360005717125127 0.9999973923990964 0.0021251583591504644 -0.01739753596484661 -0.004525028970620097 -0.002121354424812655 0.9999875119061333 0.8776975870132446
0.9999901115979064 -0.00026168885123747666 0.0044393947055541986 0.0007255857344716787 0.00025891212638107106 0.9999997705211103 0.0006260369297809824 -0.01777529902756214 -0.004439557513691818 -0.0006248813261530354 0.9999899498757029 0.808120608329773
0.9999805737349104 -0.000311081559034128 0.006225382001342279 0.0020459326915442944 0.0003072566288515488 0.9999997634652213 0.0006153558848064502 -0.014859636314213276 -0.006225571954690934 -0.000613431140852862 0.9999804327865981 0.7038090229034424
0.9999849767139408 -0.00013166108689513137 0.005479873335909902 -1.9208062440156937e-05 0.00012910421853564238 0.9999998826478216 0.000466943726894602 -0.016106614843010902 -0.0054799341711534305 -0.00046622923710071235 0.999984876361527 0.8292311429977417
0.9999891201008926 -4.269765323845213e-05 0.004664531782818881 0.000978007446974516 4.074078132050331e-05 0.9999999111313677 0.00041961583073923156 -0.01659749075770378 -0.004664549284899555 -0.00041942122869200295 0.999989032972763 0.8009898066520691
0.9999900042368608 -0.0006331803717038135 0.004426116693010439 -0.001185612753033638 0.0006259347389747335 0.9999984622330342 0.0016382116070420944 -0.017053518444299698 -0.004427147170108677 -0.0016354247716699871 0.9999888628148568 0.8255234360694885
0.9999886826815759 -0.0007640791466950843 0.004695816417213751 -0.0010148659348487854 0.0007565742904637045 0.9999984341657913 0.0015997691423225802 -0.017552083358168602 -0.004697031414584941 -0.0015961983032517903 0.9999876949477264 0.9269006252288818
0.9999952540727804 -0.0008744528224074142 0.0029541774111519104 -0.0024616937153041363 0.0008684388737917739 0.9999975494136563 0.002036413662387138 -0.019203390926122665 -0.0029559509193597534 -0.002033838475212186 0.9999935629068913 0.9450743198394775
0.9999929749418537 -0.0005231128783147052 0.0037116599868073723 -0.0007178997620940208 0.0005188344016319627 0.9999992000297386 0.0011535817033497514 -0.018228871747851372 -0.003712260471034973 -0.0011516478624828922 0.9999924463861695 0.8791273832321167
0.9999979952215804 -0.0005054134064872049 0.0019375526080022082 -0.003639805130660534 0.0005021155416531063 0.9999984252196125 0.0017021863229722265 -0.01865703985095024 -0.0019384098645703304 -0.0017012100351885713 0.9999966742202763 0.992668628692627
0.9999969715973144 -6.698487182832827e-05 0.0024601441476036694 -0.0027402089908719063 6.389271205374026e-05 0.999999207985641 0.0012569589540029856 -0.017319180071353912 -0.002460226396368607 -0.0012567979621434802 0.9999961838651991 0.9395179748535156
0.999997900310069 -0.0008060952496317689 0.0018840344747014317 -0.004875378683209419 0.000802413173489076 0.9999977684265291 0.0019542965642192762 -0.020343748852610588 -0.0018856056195168684 -0.00195278068672065 0.999996315562731 1.1010757684707642
0.9999991251244167 -0.0013032329381402852 -0.0002265707625556355 -0.008099489845335484 0.0013039460743666776 0.9999941051077246 0.0031763933063230195 -0.023715827614068985 0.00022242984656410897 -0.003176685963430473 0.9999949295827721 1.266777515411377
0.9999993065359102 -0.0011663199727015886 0.00016317297487751498 -0.006892030127346516 0.0011658395982322596 0.9999950755313646 0.0029137143050631735 -0.02263668179512024 -0.0001665704945260596 -0.0029135220509914615 0.9999957418126982 1.183856725692749
0.9999951518305137 -0.0008461912314812664 0.002996710841497641 -0.001581557560712099 0.0008409814698314258 0.9999981337443774 0.0017393268610436555 -0.018785517662763596 -0.002998177052007679 -0.0017367982502040987 0.9999939972150848 0.9028669595718384
0.9999402970897591 -0.009677657845937467 -0.0050739722763884325 -0.02752496302127838 0.009715893675142648 0.9999241758189314 0.007565977988618404 -0.035652875900268555 0.0050003666003520676 -0.0076148244528616744 0.9999585045302702 2.243643045425415
0.9996361673665008 0.010159670423881426 -0.024986276026883053 -0.010248604230582714 -0.010736273456186596 0.9996766178243672 -0.02305194585080707 -0.04245363920927048 0.02474399573810715 0.02331181829271726 0.9994219798477519 -0.9243556261062622
0.9999982319562185 9.766963847872058e-05 0.0018779097632692433 -0.003958664834499359 -9.969333352069424e-05 0.999999414453763 0.0010775682673706943 -0.020267153158783913 -0.0018778034179631373 -0.0010777535772671714 0.9999976561480284 1.0148868560791016
0.9999978644991581 -0.00013616244288036438 0.0020621486155764984 -0.004467807710170746 0.00013341819502342108 0.999999105518214 0.0013308502384629325 -0.02136872708797455 -0.0020623279828416987 -0.0013305722682849673 0.9999969881858295 1.089050531387329
0.9999992944442122 -0.0006023492555375828 0.0010238586092914629 -0.004434064030647278 0.0006002404339627076 0.9999977006450783 0.0020587413575795205 -0.019415466114878654 -0.0010250963364012132 -0.002058125343686683 0.9999973566452915 1.0083513259887695
0.999998842679564 -0.00013562127406598496 0.0015153370592002695 -0.0035251700319349766 0.00013370233991022884 0.9999991892137376 0.0012663710167250216 -0.018955355510115623 -0.0015155075774365271 -0.0012661669470173964 0.9999980500271215 0.9679540395736694
0.9999974120081732 -0.0006499995207747227 0.002180247137184749 -0.0035544433631002903 0.0006457321052118214 0.9999978757244175 0.001957441365895726 -0.017893487587571144 -0.0021815148416887684 -0.001956028444479693 0.9999957074636471 0.9677883386611938
0.9999976959767934 0.00013860491849130194 0.0021421554053393708 -0.0027646683156490326 -0.0001406166077324655 0.9999995492775158 0.0009389737665977817 -0.01815182715654373 -0.002142024293439381 -0.000939272825806768 0.9999972647455014 0.9295753836631775
0.9999977123204739 0.00024093478782060484 0.002125395080275273 -0.002822647802531719 -0.00024283667828659957 0.99999957033524 0.0008946282375129651 -0.017255930230021477 -0.0021251786200033223 -0.0008951423147716032 0.9999973411645001 0.9141221642494202
0.99999822489093 -0.000221164150577019 0.0018711764767676043 -0.0032280883751809597 0.00021871029475462126 0.9999991160659579 0.0013115003277207444 -0.018506187945604324 -0.0018714648796269797 -0.0013110887541058457 0.9999973893293338 0.9616174101829529
0.9999977416594806 -0.00044322349678490653 0.0020785160260953636 -0.0036308900453150272 0.0004400161746020388 0.9999987123258604 0.001543286229943116 -0.01914828084409237 -0.0020791973703634028 -0.0015423681640066385 0.9999966490137564 0.9985085725784302
0.9999981832443741 -0.00021871764402153396 0.0018935866875607233 -0.004258919507265091 0.00021573882510980387 0.99999873929454 0.0015731707122232147 -0.01964077539741993 -0.0018939283804974686 -0.0015727593339892548 0.9999969697270921 1.0286535024642944
0.9999991078622095 -0.0005144161248556828 0.0012327411876248676 -0.004777449183166027 0.0005120574510891118 0.9999980392858414 0.0019129092084106012 -0.01988845132291317 -0.0012337228019139582 -0.0019122762675216187 0.9999974105604098 1.0558342933654785
0.9999990348891183 -0.0007218656210021448 0.0011870681770514923 -0.0046071503311395645 0.000719386939825142 0.9999975630932117 0.002087172745282828 -0.019846683368086815 -0.0011885719425269057 -0.0020863167695864466 0.9999971172853821 1.0464357137680054
0.999998663532519 -0.00094591178425467 0.001333485685198466 -0.005187107250094414 0.0009428148775508673 0.9999968617149255 0.0023211334315390293 -0.020237505435943604 -0.0013356770878059632 -0.0023198730992766725 0.9999964170713416 1.0847063064575195
0.9999992794444297 -0.0010939425916055667 0.000494368513693879 -0.0067469170317053795 0.0010925541044269306 0.9999954825816868 0.0028002038761354327 -0.02191564440727234 -0.0004974295427097854 -0.0027996617340841964 0.9999959572208402 1.1820882558822632
0.9999997119622192 -0.0007578308967346216 4.204534010026207e-05 -0.006636064499616623 0.0007577191708394253 0.9999963419419341 0.002596529300512366 -0.02221859246492386 -4.401291642417159e-05 -0.00259649669405359 0.9999966281282057 1.1654419898986816
0.9999982354559812 -0.0010291953620445726 0.0015715730433617007 -0.005000653676688671 0.0010252485283815547 0.999996324038748 0.002510134348236573 -0.020255107432603836 -0.0015741506849494026 -0.002508518666044072 0.9999956146822461 1.076021432876587
0.999997071632443 -0.00023421221028870724 0.002408707366802184 -0.0037767505273222923 0.00023078501976181564 0.9999989608849598 0.0014230134486516322 -0.0207571592181921 -0.0024090381510032117 -0.0014224533879679683 0.9999960865731155 1.0270148515701294
0.9999963982113469 -0.0002610635785921986 0.002671218849402929 -0.0032103536650538445 0.0002576586132853332 0.9999991540559456 0.0012749507567731682 -0.020286791026592255 -0.0026715494329083178 -0.0012742579021254804 0.999995619535619 1.0007076263427734
0.9999965973371181 0.0001705493762684241 0.0026031187248017557 -0.003241561818867922 -0.00017255619269377246 0.9999996881054574 0.0007707226140324942 -0.01968264766037464 -0.0026029864666421328 -0.000771169175779545 0.999996314872988 0.9938964247703552
0.9999985174798819 -0.00027032349113365544 0.0017005773281276412 -0.004668589681386948 0.00026745755191996077 0.999998544154553 0.0016852760108402576 -0.020277541130781174 -0.0017010304220446547 -0.001684818680135635 0.9999971339366522 1.05764901638031
0.9999989923934889 -7.543237217555279e-05 0.0014175760875653424 -0.003961497917771339 7.319612385898895e-05 0.9999987530653337 0.0015775012218608158 -0.01981981098651886 -0.0014176933145998516 -0.0015773958712854287 0.9999977509814364 1.0027023553848267
0.9999981908130449 -0.0001797338292601807 0.0018936912071046052 -0.0026793237775564194 0.00017713712182951092 0.9999990440518812 0.0013713197161613253 -0.017613518983125687 -0.0018939358693777838 -0.001370981792177523 0.9999972667041886 0.9022748470306396
0.9999978984380633 -0.0003433686626165819 0.0020211920786018783 -0.0027907537296414375 0.0003404637389981538 0.9999989089801068 0.0014374014883488577 -0.017368393018841743 -0.00202168343206781 -0.0014367103249482876 0.9999969243250415 0.9051823616027832
0.9999981192323013 -0.0004131024309150237 0.0018949612771576789 -0.0033774268813431263 0.0004100834641752865 0.999998646665266 0.0015932668292465263 -0.01833338290452957 -0.0018956168950410206 -0.0015924867403967233 0.9999969353065884 0.9513248801231384
0.9999988270460831 -0.0002228814697820034 0.0015153317486056022 -0.003927620127797127 0.0002204270588140223 0.9999986640028652 0.0016196926857875145 -0.019256118685007095 -0.001515690723613131 -0.0016193567658421618 0.9999975401796223 0.9886430501937866
0.9999969477863553 -0.0009632015688243948 0.0022752276175507873 -0.004663567058742046 0.0009580712386691244 0.9999969988049385 0.002254879291201966 -0.02050057426095009 -0.002277392692419693 -0.002252692578686825 0.999994869416174 1.0786454677581787
0.9999982816340629 -0.0004093720729851735 0.00180807727348815 -0.0058493055403232574 0.0004058489350951136 0.9999980193304413 0.001948492195494372 -0.022244852036237717 -0.0018088713505738001 -0.0019477550410357401 0.9999964671111278 1.1584548950195312
0.999998302834224 -0.00036421601660749337 0.0018060108984424442 -0.005250284448266029 0.00036080112004166823 0.9999981473171696 0.0018908159033384486 -0.021703997626900673 -0.001806696217913513 -0.0018901610835554427 0.9999965815640844 1.1033236980438232
0.9999953864581252 -2.628103708290209e-05 0.003037494324591997 -0.003523692488670349 2.2809800436721822e-05 0.9999993467150551 0.0011428250854790152 -0.020108114928007126 -0.0030375223748711354 -0.0011427505283682562 0.9999947337756595 1.011448860168457
0.9999975690691326 -0.0001871291828222609 0.0021970067124061883 -0.0038513089530169964 0.00018398047106349177 0.999998955904582 0.001433297223932501 -0.01974700205028057 -0.002197272630259803 -0.0014328895333561593 0.9999965594043679 1.0033921003341675
0.9999980314641553 -0.00016359803979615057 0.0019774487340412155 -0.003520878031849861 0.0001609173682161827 0.9999990680851955 0.0013557043709857676 -0.019027072936296463 -0.0019776686818051012 -0.001355383496387054 0.9999971258769512 0.9731255769729614
0.999998345629864 -0.0003526268309876984 0.0017844864396310948 -0.003900705836713314 0.0003497498231272292 0.9999986390998433 0.001612288287725464 -0.01953306421637535 -0.0017850525472327585 -0.001611661496587236 0.9999971080631305 0.9964659214019775
0.9999981222784619 -0.0005223093906796899 0.0018661812481543822 -0.003965916112065315 0.0005189568995959664 0.9999982516748762 0.0017964773662562266 -0.018978044390678406 -0.0018671163024613596 -0.0017955055253373567 0.9999966450126829 1.0009169578552246
0.9999844651902334 -0.005573095584609626 -9.991900471418971e-05 -0.014409628696739674 0.005573477460257366 0.9999750103133808 0.0043491490838896835 -0.029719706624746323 7.567828421334e-05 -0.004349638417006646 0.999990537414449 1.6195383071899414
0.9999576573322105 0.0038174419088653337 -0.008373212044980925 -0.008832002058625221 -0.0038725788583327115 0.9999708620005744 -0.0065786231701198674 -0.02738090604543686 0.00834785455454092 0.0066107705376061915 0.9999433039113946 0.4588552713394165
0.9999988736756399 -0.0004168732358162933 0.0014418266736093929 -0.00455800537019968 0.00041441853741623684 0.9999984650923059 0.0017023719651882807 -0.020155183970928192 -0.001442534133848229 -0.0017017725280639817 0.9999975115296714 1.032221794128418
0.9999986013050453 -0.00033052692470841833 0.0016395547886296478 -0.003991678357124329 0.00032785653432830655 0.999998619872681 0.0016287304338183804 -0.01910056546330452 -0.0016400908650967619 -0.0016281906169704986 0.9999973295450688 0.9939307570457458
0.9999982229763008 -0.00043745003176810435 0.0018337616284678764 -0.0038278792053461075 0.0004344346641976737 0.9999985535444826 0.0016444377351445343 -0.019367143511772156 -0.0018344783353527313 -0.0016436381633224255 0.9999969665668116 0.9962867498397827
0.9999985396499829 -0.000283614031662007 0.001685307385223863 -0.003754453733563423 0.0002810047330062553 0.9999987619042152 0.0015482978966087522 -0.01911192759871483 -0.0016857444176605642 -0.001547822056200074 0.9999973812528914 0.9830077886581421
0.9999985637301232 -0.00036978267506885886 0.001654024928554588 -0.003456917591392994 0.00036726913248545445 0.9999987778151582 0.0015196978563149011 -0.018295932561159134 -0.0016545848649689966 -0.0015190882013180285 0.9999974773567989 0.9553447961807251
0.9999980195949967 -0.0003609243244541238 0.0019571764654285335 -0.0035387426614761353 0.0003579026415450959 0.9999987439383872 0.001544029581082884 -0.0188935324549675 -0.001957731284927795 -0.0015433260446520295 0.9999968927116404 0.9739717841148376
0.9999982245479571 -0.00046146696482566484 0.0018270055211416726 -0.003561087418347597 0.00045842580192133694 0.9999985094245655 0.0016646304189231037 -0.01881551742553711 -0.0018277709697991009 -0.0016637899169804815 0.9999969455235322 0.9743156433105469
0.999997837480352 -0.00048131591935069736 0.0020232077513988446 -0.003483423963189125 0.0004779530562141778 0.9999985041599045 0.0016622992598848943 -0.01900540664792061 -0.0020240048161000762 -0.0016613286668019467 0.999996571689906 0.9823139905929565
0.9999980332125405 -0.00026005366106762376 0.001966200178996553 -0.0037391367368400097 0.00025730795257015304 0.9999989916804352 0.0013965782221279602 -0.019371403381228447 -0.0019665613817180755 -0.0013960695564130263 0.999997091808834 0.9881380796432495
0.9999979589685348 -0.00033908006548978613 0.0019917538687079083 -0.0035408404655754566 0.0003360376358479892 0.9999987766829507 0.0015276489482778657 -0.019047990441322327 -0.0019922694274668706 -0.0015269765260370629 0.999996849597646 0.9821447730064392
0.9999977799307628 -0.00030865726545571795 0.002084433793194766 -0.0032613840885460377 0.0003057992144623063 0.9999990129839975 0.0013713197552794828 -0.018498439341783524 -0.002084855003630986 -0.0013706792926381221 0.9999968873041009 0.9574060440063477
0.9999977374231108 -0.0004123816298123172 0.002086885250863509 -0.0035210978239774704 0.0004091785420569762 0.9999987380817329 0.001535059563057742 -0.01873071864247322 -0.0020875156477493627 -0.0015342021812030627 0.9999966442454131 0.9765162467956543
0.9999980687620837 -0.00026976045014160706 0.0019467155421055904 -0.004061580635607243 0.00026695146557078106 0.9999989231699153 0.0014430509084092 -0.019513310864567757 -0.0019471027238863584 -0.0014425284429675563 0.9999970639470265 1.015334129333496
0.9999984965037366 -0.0003235443333857568 0.0017036165445662949 -0.004654081538319588 0.000320772222327178 0.9999986246392725 0.001627213798250862 -0.02011052519083023 -0.0017041406772826354 -0.0016266648788760025 0.9999972249291116 1.0628883838653564
0.9999864679589561 -0.0018279092855157373 -0.004870589965907799 -0.012200978584587574 0.0018386910247008255 0.9999958673638961 0.002210083809544501 -0.02291916497051716 0.004866530004814623 -0.0022190094126549923 0.9999856963391722 1.1507790088653564
0.9999990271012655 0.0003827204209707538 0.0013413879386392877 -0.004276873543858528 -0.00038347348529822577 0.9999997690043329 0.000561194589334143 -0.01837238296866417 -0.0013411728481550092 -0.0005617084300566042 0.9999989428689569 0.9980579614639282
0.9999996231511058 -0.0006200420765648581 0.000607655716664907 -0.004929369315505028 0.0006186884818556349 0.9999973327831873 0.002225230566518252 -0.02037777192890644 -0.0006090338324966627 -0.002224853778349739 0.999997339548189 1.0433475971221924
0.999994528879362 -0.003307901169216851 1.0943961796397647e-06 -0.002857949584722519 0.0033078889554724253 0.9999916328396071 0.00240668266188755 -0.022354602813720703 -9.055455413843146e-06 -0.002406665874495334 0.9999971039344902 1.019850492477417
0.9999905914584023 -9.546146196215661e-05 0.004336805481504067 -0.00042910967022180557 9.263324620880987e-05 0.9999997829365487 0.0006523388212748355 -0.015371204353868961 -0.004336866813359673 -0.0006519309513479716 0.9999903832398981 0.822729229927063
0.9999857189321826 -0.005189599290046602 0.001276710967636344 -0.0044564008712768555 0.005184579214384993 0.9999789376124453 0.0039044167112484217 -0.019579604268074036 -0.0012969464352478894 -0.003897741742862996 0.9999915627340313 1.035956621170044
0.9999983629950037 0.00038539639535819327 0.001767901844375225 -0.003868231549859047 -0.00038748025392479384 0.9999992304657667 0.001178527440218174 -0.014177840203046799 -0.0017674462836869437 -0.0011792105380184388 0.9999977427955232 0.8269755840301514
0.9992612477343146 -0.03314542693007436 -0.01945094985042027 -0.09518063068389893 0.03360680464272316 0.9991494925524489 0.023892974153279328 -0.03498378023505211 0.018642463843770878 -0.02452900743622811 0.9995252804887061 5.444797039031982
0.9989305258109091 0.04452351418190329 -0.012468411608329049 0.0240776427090168 -0.04562629194056161 0.9928941646331395 -0.10990641164743277 -0.06339933723211288 0.0074863934504874365 0.11035775696503693 0.9938637328078486 -15.229381561279297
0.9999946529904498 -0.003031756164139398 0.0012257426610822748 -0.004153788089752197 0.0030289395656161477 0.9999927832750573 0.002293234159952061 -0.023272115737199783 -0.0012326863420348887 -0.0022895091975636914 0.9999966193102937 1.063755989074707
0.9999943704388874 -0.0016397237791584743 -0.0029275239471575464 -0.009539964608848095 0.001643302644493228 0.9999979049631521 0.001220502242961002 -0.020522164180874825 0.002925516527336705 -0.0012253061799132187 0.9999949699762563 1.049856185913086
0.9999973161018818 -0.0003530917434929137 0.002289784979859105 -0.0034840856678783894 0.0003498417666426931 0.9999989311977355 0.001419582377042562 -0.018198812380433083 -0.002290283775348275 -0.0014187775046055058 0.9999963708287251 0.9932107329368591
0.9999897952172003 -0.0006891232987498527 0.0044648147263428375 -0.0011511151678860188 0.00068464361748296 0.9999992608394125 0.0010047804463314558 -0.017637690529227257 -0.004465503843743458 -0.0010017133858596053 0.9999895278680241 0.9468622207641602
0.9999840180156649 -0.00024067376758485552 0.005648520990837601 -0.0014007138088345528 0.0002370240704950251 0.9999997627386861 0.0006467937550668477 -0.018250444903969765 -0.005648675316951971 -0.0006454445825816613 0.999983837803619 0.9318351745605469
0.9999920034634936 -0.0010588660783582822 0.003856398798912151 -0.004719887860119343 0.001048656647411247 0.9999959429793044 0.002648460716637033 -0.02028392069041729 -0.003859187518635125 -0.0026443954998886785 0.999989056862192 1.1743236780166626
0.9999964393871008 -0.00017195036678879137 0.002663014493339894 -0.0030402056872844696 0.00016981379618453746 0.9999996635639111 0.0008025181239092109 -0.021543394774198532 -0.002663151590691474 -0.0008020630498524186 0.9999961321517544 1.0628464221954346
0.9999873609740414 -0.00029430972157000587 0.005019090949587749 0.0001613418571650982 0.0002930395255465539 0.9999999248550592 0.0002538064471296896 -0.01748530939221382 -0.005019165270133243 -0.00025233244723287364 0.9999873720744314 0.8811821937561035
0.999998760057931 0.00033073171804502943 0.0015396425337929143 -0.0036442941054701805 -0.00033090549309717474 0.999999938909845 0.00011261377180090888 -0.016531873494386673 -0.0015396051947896895 -0.00011312310833819376 0.9999988084087936 0.9405596256256104
0.999999860216313 -0.0005085549702548256 0.0001447038237708376 -0.006598709151148796 0.0005082100167071842 0.9999970529359206 0.0023739928501830014 -0.021703466773033142 -0.00014591070318270642 -0.002373918978404832 0.9999971716053754 1.1478831768035889
0.9999793483998667 -0.006325625127918061 0.0011354472772549119 -0.0066389404237270355 0.006319217603709742 0.9999645722207131 0.005560736670933253 -0.02236160635948181 -0.001170582186494772 -0.005553446694400564 0.9999838943538828 0.9748942852020264
0.9999869762984731 0.00012235401787556762 0.005102182173446086 3.346591256558895e-05 -0.00012557755990034517 0.999999792730891 0.0006314811566500899 -0.016761835664510727 -0.005102103851664605 -0.0006321136520154943 0.9999867843969827 0.8554569482803345
0.9999884041116868 6.738970355889758e-05 0.004815298618974198 -0.0006483299657702446 -6.82575243294689e-05 0.9999999814601078 0.00018005747554763202 -0.016887912526726723 -0.00481528639567918 -0.0001803840679838939 0.9999883901718638 0.8652044534683228
0.999999160287361 -0.000480909092824967 0.0012033914648232466 -0.0042356811463832855 0.00047858842208636337 0.9999980269066585 0.0019279875291141743 -0.020207855850458145 -0.0012043162771531641 -0.0019274099809363761 0.9999974173532001 1.024420142173767
0.9999989578909503 -0.0009195734067259037 0.0011129248686660637 -0.005365974269807339 0.0009168169352533504 0.9999965174931416 0.0024747622706858437 -0.02085319720208645 -0.001115196718469667 -0.0024737393433464277 0.9999963184681934 1.089964509010315
0.9999930719554256 -0.0037220871893499092 -4.591411573024942e-05 -0.005777217447757721 0.0037222033288843346 0.9999889791086782 0.0028612695717251365 -0.02488059550523758 3.5263714897574994e-05 -0.002861420650396418 0.9999959055057837 1.1438472270965576
0.9999916012384151 -0.00041172177207246557 0.004077736849439382 -0.001788463443517685 0.00040980367222100594 0.9999998050120604 0.00047120780103389125 -0.015816155821084976 -0.0040779300608407305 -0.00046953277193666215 0.9999915749772071 0.8634614944458008
0.9999857432909789 -0.0038725576458993895 -0.003676480935273618 -0.011886482127010822 0.0038834519966583245 0.9999880762929585 0.0029607553930868988 -0.026148324832320213 0.003664971402056866 -0.002974990619687542 0.9999888586456525 1.3001985549926758
0.9999832004869357 -0.00023461797716521483 0.005791692180206221 0.005105805117636919 0.0002566322536898642 0.9999927449195583 -0.0038005589239144366 -0.020259970799088478 -0.005790758481566733 0.003801981411392026 0.9999760057389158 0.421503484249115
0.99999506515509 0.00275884433191289 0.0015028118378195272 0.003342770505696535 -0.002748763927911619 0.9999739842813168 -0.006668962244442344 -0.020080000162124634 -0.0015211713697773413 0.006664798459177718 0.9999766329765725 0.09008991718292236
0.9999801545681619 4.106223851522976e-05 0.006299903469752084 0.0021837526001036167 -4.0217924831716246e-05 0.9999999901935874 -0.00013414672573696334 -0.013720478862524033 -0.006299908916337479 0.00013389069449306783 0.9999801464133817 0.7280839681625366
0.999987724606309 -5.027778092587173e-06 0.00495485735594732 0.0012019635178148746 6.726004674015553e-06 0.9999999412478003 -0.0003427231483117827 -0.014391633681952953 -0.004954855341702615 0.00034275226764394535 0.9999876658886476 0.7103724479675293
