0.9999995012097566 7.616321164759257e-05 -0.000995881219381026 -0.008435244672000408 -7.617766835623014e-05 0.9999999969936668 -1.4478575005948906e-05 -0.01700984686613083 0.0009958801136523026 1.455443169342916e-05 0.9999995040053609 0.9106122255325317
0.999996893716891 0.00024900396901573525 0.0024800309659368767 -0.003047078847885132 -0.00024989655133552784 0.9999999041182046 0.00035960435879755354 -0.017225757241249084 -0.00247994118523444 -0.0003602229929502009 0.9999968600606268 0.9112416505813599
0.9999948380391499 -0.0007527887045378536 0.0031236523847892194 -0.0019075395539402962 0.0007462730192211165 0.9999975446682362 0.002086560346652614 -0.01993052288889885 -0.0031252154542465954 -0.002084218478413599 0.9999929445059595 1.0134429931640625
0.999999604982288 -0.0007153728890569867 0.00052751957074438 -0.006051735021173954 0.0007140628408658177 0.9999966712597682 0.0024794321209284376 -0.021217279136180878 -0.000529291533288331 -0.002479054459385536 0.9999967870645686 1.1047956943511963
0.9999996387797939 -0.0005913172495061042 -0.0006105605558916975 -0.006544909439980984 0.0005916569699186719 0.9999996701934016 0.0005563767773200058 -0.01810120791196823 0.0006102313593391434 -0.0005567378187539224 0.9999996588302866 0.909739077091217
0.9999855242505266 -2.0626163384543896e-05 0.005380600706358633 0.0003950269892811775 1.9376927386822754e-05 0.9999999728477857 0.00023222610288567034 -0.017036832869052887 -0.005380605350196949 -0.00023211848172959915 0.9999854974983768 0.8484376668930054
0.9999974438315371 -0.0005376920920091966 0.0021961825074215337 -0.003760341089218855 0.000533569887852474 0.9999980958206409 0.0018771409821944473 -0.01961873471736908 -0.0021971876493578463 -0.00187596436705168 0.9999958265533546 1.0295590162277222
0.9999940094847712 -0.00046859275574997756 0.003429492003313914 -0.0012529748491942883 0.0004641473461316733 0.9999990512942358 0.0012969108949965093 -0.018596086651086807 -0.00343009647278533 -0.0012953113362201242 0.9999932782807742 0.9104026556015015
0.9999941204321812 -0.0009988687494358395 0.0032804515375581935 -0.0037893513217568398 0.0009910854309762489 0.9999966923425477 0.0023734054927476976 -0.019310051575303078 -0.0032828114075246625 -0.0023701403304232428 0.9999918027584412 1.0261075496673584
0.9999998646126618 -0.000389914451555478 0.0003445887097654261 -0.006086563691496849 0.0003891876100984374 0.9999977048400673 0.0021068572809105194 -0.021708562970161438 -0.000345409412980418 -0.0021067228860122997 0.9999977212029132 1.1225789785385132
0.9999994542436172 -0.0002904342578675878 0.001003573818498783 -0.005424327217042446 0.00028842366688712327 0.9999979524085977 0.002002995356972587 -0.021044356748461723 -0.0010041535020596756 -0.002002704809384363 0.9999974904214463 1.092825174331665
0.9999994619238455 -0.00032358736344061757 0.0009856182007707429 -0.004977851174771786 0.0003215857121151155 0.9999978871475622 0.0020303406219475844 -0.020544592291116714 -0.000986273110873667 -0.0020300225687387417 0.9999974531336173 1.0544607639312744
0.9999977685557551 -0.0003733992102833775 0.0020792923171862043 -0.0031597288325428963 0.00036992913779223543 0.9999985387838345 0.0016690064796284322 -0.01941666193306446 -0.0020799124845921084 -0.0016682335645194137 0.999996445474098 0.9740489721298218
0.9999888942392359 -0.0005592128113860906 0.004679602464070055 0.00012790784239768982 0.0005544399685624235 0.9999993249140746 0.0010211599855560526 -0.019163157790899277 -0.004680170350682694 -0.0010185540861544875 0.9999885292107414 0.8470895290374756
0.9999814762723936 -0.0008043252342484946 0.006033255588965743 -0.0008519543334841728 0.0007949939640424124 0.9999984844794574 0.0015488781054454406 -0.018353085964918137 -0.0060344922471879435 -0.001544053012672567 0.9999806002136304 0.9090049266815186
0.9999978170254977 -0.0008910624403640425 0.0018899608372374525 -0.005119689740240574 0.0008867854519077293 0.9999970470410816 0.002262635781286444 -0.021198991686105728 -0.0018919714060216712 -0.002260954852235089 0.9999956542542345 1.1101799011230469
0.9999990965978626 -0.0007803542171976834 0.0010944636833593229 -0.005346233956515789 0.000777793897341209 0.9999969648234037 0.0023378153548534496 -0.021310999989509583 -0.0010962846855399552 -0.0023369619756922833 0.9999966683787562 1.0968871116638184
0.9999983322668886 -0.0004618818078841489 0.001766954622239206 -0.003891715779900551 0.00045861953290990697 0.9999981905503983 0.0018462296859865323 -0.02037631720304489 -0.0017678041649290012 -0.0018454162470646295 0.9999967346483235 1.0248359441757202
0.9999965184049618 -0.00072915215144473 0.0025360431965154345 -0.0035040494985878468 0.0007236773250986944 0.9999974073840279 0.0021590545040515016 -0.018764512613415718 -0.0025376109007660534 -0.0021572117101412644 0.9999944534688948 0.9715129733085632
0.9999898285049951 0.000381578768304171 0.0044941388712860155 0.0002450672909617424 -0.0003822211840603946 0.9999999168590903 0.00014208722481743376 -0.015143266879022121 -0.0044940842801709825 -0.00014380353465865103 0.9999898912124194 0.7988409996032715
0.9999961723404398 -7.831202589739716e-05 0.0027657135960598724 -0.0026754671707749367 7.380503627885679e-05 0.9999986693825541 0.001629658227144797 -0.017290018498897552 -0.0027658375377903996 -0.0016294478657756103 0.9999948475079092 0.9243243932723999
0.9999986647957748 -0.00048367916914365756 0.0015609167591467616 -0.005333723500370979 0.00048055197290856536 0.9999978781491884 0.002003189187864477 -0.02137579582631588 -0.0015618823479962931 -0.0020024364115696553 0.9999967753807752 1.1063590049743652
0.9999998221800432 -0.00019959218902615005 0.0005619633792386388 -0.006981099955737591 0.00019839226043124073 0.9999977022936251 0.002134490098611893 -0.023579787462949753 -0.0005623881155630365 -0.00213437822987187 0.9999975640716227 1.2045689821243286
0.9999990232792951 -0.0011121123569773114 0.0008465497982019084 -0.006665684282779694 0.0011097101171386352 0.9999953716481843 0.0028328829247506403 -0.022895699366927147 -0.0008496963641780982 -0.002831940732939507 0.9999956290543341 1.1941858530044556
0.999996184368967 2.678001873856085e-05 0.0027623414593383844 -0.00417050626128912 -3.072078812908165e-05 0.9999989819735287 0.0014265721642682328 -0.021326228976249695 -0.0027623004435723647 -0.0014266515823019243 0.9999951671690832 1.0734260082244873
0.9999979056837256 -0.0008266913233576244 0.001872220504860362 -0.004943431355059147 0.0008225200401481608 0.9999971804868467 0.002227662259163612 -0.020778611302375793 -0.001874056815171044 -0.0022261176548494647 0.9999957661466575 1.0805137157440186
0.9999969015096829 -0.0005439537004066444 0.002429214977179227 -0.005064693279564381 0.0005394496592228085 0.9999981351246189 0.0018543843586654957 -0.02182941883802414 -0.0024302191462298927 -0.0018530681736818979 0.9999953300757184 1.122969627380371
0.9999974724747851 -0.0005347855945504437 0.002183815104174854 -0.006017372012138367 0.0005304250251551524 0.9999978656014772 0.001996857977581231 -0.022745002061128616 -0.002184878333923895 -0.001995694580290776 0.9999956217453195 1.182065725326538
0.9999981835688534 -0.0005397809980167118 0.0018279757843941036 -0.005915435962378979 0.0005357169327582886 0.9999973855908021 0.002223020226871549 -0.022486375644803047 -0.0018291709493940711 -0.002222036911327997 0.9999958583342248 1.1718844175338745
0.9999926671174444 -0.001319230710862142 0.0035951831207489595 -0.0037873447872698307 0.0013106770621680356 0.9999963076293096 0.0023805153614756013 -0.021022383123636246 -0.003598310294972715 -0.0023757857813853744 0.999990703859262 1.0878520011901855
0.9999935139766 -1.0210076844332315e-07 0.0036016669364920687 -0.0035303328186273575 -2.3278892709421065e-06 0.9999997724002886 0.0006746806299001576 -0.020763246342539787 -0.0036016661856391238 -0.0006746846381876235 0.9999932863781269 1.0851092338562012
0.9999974713123374 -0.00040713697242345946 0.0022116980843506348 -0.004626109264791012 0.000403085985727569 0.9999982410954156 0.0018317553774758505 -0.020530940964818 -0.002212439969523341 -0.0018308592410361648 0.9999958765234087 1.0818684101104736
0.9999968282819465 -0.00022368700146146374 0.0025086630248945052 -0.0035719540901482105 0.00021950104035674614 0.999998583539353 0.00166875360092308 -0.0196556244045496 -0.002509032749961223 -0.0016681976539632884 0.9999954609253218 1.0212345123291016
0.9999967602718899 -0.0005647867113201156 0.0024820277385528317 -0.003822611179202795 0.0005602396380088821 0.9999981643786914 0.0018323129633783235 -0.01975136063992977 -0.0024830580485025217 -0.0018309164968607348 0.9999952410724309 1.0351003408432007
0.9999989077312934 -0.0007100529623834342 0.0012962873951149975 -0.005528115667402744 0.000707064806333503 0.9999970954267862 0.0023041695577181993 -0.02157101407647133 -0.0012979197123736436 -0.002303250481749917 0.9999965052147125 1.1230292320251465
0.9999988712711393 -0.0006776394651237016 0.0013409926185113201 -0.005449949763715267 0.0006746196452772921 0.9999972387119501 0.0022511012436944823 -0.021256282925605774 -0.001342514350687144 -0.00225019404284692 0.9999965671351017 1.1080162525177002
0.9999992468975044 -0.000606134518830947 0.0010671482412827468 -0.0058790696784853935 0.000603619789229323 0.999997044234239 0.0023552422243745775 -0.021968767046928406 -0.001068572680654915 -0.002354596298839301 0.99999665700876 1.1389095783233643
0.9999992581430733 -0.0004742119459856025 0.0011219787580715283 -0.00512632355093956 0.0004717778366813881 0.9999975369717794 0.0021687498813678066 -0.021496770903468132 -0.0011230044417077836 -0.0021682189477543992 0.9999970188393658 1.0949039459228516
0.9999986841008346 -0.0007458343923980394 0.0014406691704454116 -0.0048362985253334045 0.0007425528956822039 0.9999971320478476 0.002276952190353326 -0.02022034488618374 -0.0014423632679285746 -0.0022758794210496042 0.9999963699739437 1.046985387802124
0.999998205081766 -0.0010136336514241565 0.0016007435981682933 -0.00576547347009182 0.001009315990966122 0.999995856983414 0.0026957925064440254 -0.021106544882059097 -0.001603469512262805 -0.0026941720116058325 0.9999950851492697 1.1215914487838745
0.9999985760931842 -0.0007155419383191576 0.0015283361340154016 -0.00615096278488636 0.0007114884071547425 0.9999962325865641 0.0026511501135877526 -0.022161293774843216 -0.0015302273852323676 -0.002650058945155449 0.9999953177849068 1.1759567260742188
0.9999979219371683 -0.0012572499653776001 0.0016048189522525566 -0.007024314254522324 0.0012523657360726192 0.9999945923544284 0.0030408620427941433 -0.023233361542224884 -0.0016086333976584775 -0.0030388459034233553 0.9999940888396126 1.2480272054672241
0.9999981139066588 -0.0011326710961446903 0.00157773233267929 -0.008425367064774036 0.0011276906044382445 0.9999943900899511 0.0031540612752550363 -0.025296468287706375 -0.0015812959957847727 -0.003152276132473186 0.9999937813097434 1.347221851348877
0.999995298445338 -0.00171062735352037 -0.002544963904847729 -0.014659077860414982 0.0017154084774823719 0.9999967658675263 0.001877665636691042 -0.030008524656295776 0.0025417436878984313 -0.0018820224614006765 0.9999949987527337 1.4877625703811646
0.9999970506640167 0.0003041621298722555 0.002409595125142602 -0.004668240435421467 -0.0003057036383753126 0.9999997488595772 0.0006393950799642848 -0.020229224115610123 -0.0024094000402265117 -0.0006401298161701353 0.9999968925078042 1.050597906112671
0.9999977925013546 -0.0008101307282632467 0.0019387317042481287 -0.005207449197769165 0.0008055301053928519 0.99999686091197 0.002372611947935003 -0.020630883052945137 -0.0019406477442439091 -0.0023710450036432897 0.9999953060049449 1.101737380027771
0.9999394784802097 -0.009987332365876964 -0.004614387168376381 -0.026950497180223465 0.010023360413618626 0.9999189378502827 0.007851749765569078 -0.03870029002428055 0.004535595081670449 -0.007897526231416867 0.9999585278683707 2.3241958618164062
0.9998474335876759 -0.010206249477815316 -0.01417540192496112 -0.03340506926178932 0.010181529231371354 0.9999465197631158 -0.001814958992145913 -0.09439808130264282 0.01419316774537409 0.0016703548212985368 0.9998978767374808 3.1101036071777344
0.9995632592999784 0.019420476977737935 -0.022274104506377145 0.0035864210221916437 -0.020707622117765934 0.9980377735710639 -0.059091428410059224 -0.05828568711876869 0.02108281394481465 0.05952686451737983 0.9980040417537884 -6.478612899780273
0.9999960077190182 -0.0004924400575734261 0.002782453739932122 -0.0027810754254460335 0.00048810493651523694 0.999998666437816 0.001558485213454572 -0.018039101734757423 -0.0027832174899052767 -0.001557120862137608 0.9999949145245812 0.941868782043457
0.9999978175149404 -0.000391992035592316 0.0020521470707057215 -0.0034980550408363342 0.00038850905473339267 0.9999984840119309 0.0016973610559421761 -0.019067510962486267 -0.0020528093116907002 -0.0016965600737584173 0.9999964538226352 0.988947868347168
0.9999981142301999 -0.0007904180967514523 0.0017739152394398113 -0.004600104875862598 0.0007866429712820005 0.9999974267809484 0.0021278214957424864 -0.020191865041851997 -0.0017755925433842125 -0.002126422045206214 0.9999961627928409 1.0618524551391602
0.9999982293713713 -0.0003346364095043858 0.0018518295266221148 -0.003955512307584286 0.0003315394001820561 0.9999985464793035 0.0016724595379929703 -0.02039145864546299 -0.001852386500804407 -0.0016718426222377364 0.999996886798403 1.0413492918014526
0.9999971627048414 -0.0005515410801008565 0.002317409049841794 -0.003166835755109787 0.0005476143296825765 0.9999984139689319 0.00169475017832789 -0.018939074128866196 -0.0023183400987028995 -0.0016934763234179842 0.999995878710072 0.9763243198394775
0.9999970324798522 -0.0004517678132719211 0.0023939376209047686 -0.002843718510121107 0.00044812907621822695 0.9999987439358269 0.0015202983589089184 -0.018607499077916145 -0.0023946214358306146 -0.001519221054338327 0.999995978869699 0.9611827731132507
0.999997226245371 -0.0005835252447354271 0.0022818851533846587 -0.0032392446883022785 0.0005795356302703354 0.9999983031691551 0.0017486558450043837 -0.018562695011496544 -0.0022829016662414595 -0.0017473285609115679 0.999995867592903 0.9608213901519775
0.9999976616401813 -0.00026906095823118413 0.0021457680139895813 -0.0028603184036910534 0.00026598062483134294 0.9999989340164286 0.0014356950628403732 -0.018362388014793396 -0.0021461520161254665 -0.0014351209729516225 0.9999966672241045 0.9352928996086121
0.9999900017811432 -0.0004626607713431264 0.004447727819931098 -0.0013147485442459583 0.00046216807945821946 0.9999998869505946 0.00011180100471987963 -0.018334131687879562 -0.004447779043057193 -0.00010974428908447558 0.9999901025599081 0.8629086017608643
0.9999819452434048 -0.0004369503908359732 0.005993184593529215 0.0010929044801741838 0.0004374833829543071 0.9999999004653013 -8.76223560063083e-05 -0.01690419763326645 -0.005993145710376689 9.02426926766451e-05 0.9999820368690383 0.7542208433151245
0.9999908126755721 -9.030340977214131e-05 0.004285604944815619 0.0005869981832802296 8.834227493665381e-05 0.9999998913088154 0.00045779689791913114 -0.016703888773918152 -0.0042856458196290055 -0.00045741409190020306 0.9999907119629948 0.8019702434539795
0.9999880233472419 -0.00033175318333919203 0.004882939883013999 0.00035989750176668167 0.00032725923003278117 0.9999995222307448 0.0009211078536407046 -0.016450021415948868 -0.004883243130558094 -0.0009194988347053772 0.9999876541530003 0.7903229594230652
0.9999887337761991 -0.0004316041678861816 0.0047271596668472 0.0012515506241470575 0.00042882065659149206 0.9999997341057818 0.0005898315097497034 -0.0165068581700325 -0.004727412983660736 -0.0005877977608637596 0.9999886529657593 0.7646715044975281
0.9999817937896981 -0.00015662849667789843 0.006032209931010988 0.002520811976864934 0.0001558502566675618 0.9999999794723047 0.0001294839282113922 -0.015386808663606644 -0.0060322300880566405 -0.0001285414493337438 0.9999817976729679 0.7079224586486816
0.9999838900455276 -0.00024557326153613516 0.005670920841201178 0.002130636014044285 0.0002446379409830959 0.9999999563601809 0.00016562582491613226 -0.015295651741325855 -0.005670961266997237 -0.00016423583429356383 0.9999839064829487 0.7069985270500183
0.9999919713629029 -0.0011657585817396567 0.003833825330497432 -0.0030403081327676773 0.0011569442846980976 0.9999966845809941 0.0023005014545250378 -0.018257062882184982 -0.0038364944490729825 -0.0022960474623290677 0.9999900046882435 0.9847313165664673
0.9999836853764649 -0.00030078935404927247 0.005704253383941444 0.0005993209779262543 0.0002951788608755067 0.9999994719330851 0.0009843794955985041 -0.01736130565404892 -0.005704546462586578 -0.0009826796608016003 0.9999832461048239 0.8837290406227112
0.9999873098356914 -0.00027019825726701984 0.005030622275494077 0.00011695385910570621 0.0002648382968231916 0.9999993966430397 0.0010661023558569903 -0.0164579376578331 -0.005030907299231734 -0.0010647565254075222 0.9999867780452341 0.7961632609367371
0.9999906735027392 -0.0006366232788446126 0.004271723111249608 -0.0014751520939171314 0.0006299981946609405 0.9999985970700968 0.001552082508534685 -0.016885364428162575 -0.004272705210177138 -0.0015493768551932416 0.9999896716574366 0.8713737726211548
0.9999967443986707 -0.00033656615929261973 0.0025294100656062324 -0.0028927503153681755 0.0003327065922199661 0.9999987800972822 0.0015261422840032151 -0.018145276233553886 -0.0025299206278190794 -0.001525295764089112 0.9999956364777043 0.9439845681190491
0.9999895507666859 -0.00017849953019455003 0.0045679859193919455 0.0007935338653624058 0.0001760235800264891 0.9999998373988763 0.0005424185842549646 -0.016628233715891838 -0.00456808199809476 -0.0005416088431615817 0.9999894195873874 0.7923092842102051
0.9999716003097565 0.00100789906982485 0.0074687825921685115 0.002348057460039854 -0.001000316607689814 0.9999989806177504 -0.001018886717950221 -0.00904182530939579 -0.007469801913599391 0.0010113866346168677 0.9999715891746357 0.4561869502067566
0.9999770107672227 0.001187484428848337 0.006675913254483252 0.0016166777350008488 -0.0011792301726930234 0.9999985356294295 -0.0012402238494397776 -0.007672647945582867 -0.006677376224981845 0.0012323228993050385 0.9999769467477849 0.39983999729156494
0.9999711080344131 0.000606406347965593 0.007577292905048622 0.0028639270458370447 -0.0006003758763663258 0.999999501284285 -0.0007981102604627553 -0.009735009633004665 -0.007577773105261896 0.0007935379776202227 0.9999709734048499 0.5342633128166199
0.9999709564748043 0.0014970460802076094 0.007472955231971686 0.0005672085098922253 -0.0014856721440276838 0.9999977300143493 -0.0015273324553479377 -0.00365233700722456 -0.007475224755535993 0.001516185734807582 0.9999709106747415 0.38085097074508667
0.9999778481017874 0.0008391480339683155 0.006602964205245099 0.0013091480359435081 -0.0008345014937793882 0.99999940228259 -0.0007064288496340961 -0.009870760142803192 -0.006603553056918745 0.0007009030174014757 0.9999779506679058 0.497806191444397
0.9999496555523305 -8.125377202951404e-06 0.010034256063779846 0.007366109639406204 -5.474154699175456e-07 0.9999996264792219 0.0008643154034954214 -0.011578723788261414 -0.01003425933866539 -0.0008642773829208186 0.9999492820459093 0.7036113739013672
0.9999453746053313 -0.00038309900352693496 0.01044514435310698 0.008442695252597332 0.00037468996973379434 0.9999996041699992 0.0008070113206266515 -0.01160704717040062 -0.010445449383838247 -0.0008030535464932294 0.9999451223403069 0.715112566947937
0.9999885899339835 -0.0015002487574808804 0.0045353341121346456 0.0023175699170678854 0.0014935641072313093 0.9999977939659016 0.0014769324925361885 -0.01562077458947897 -0.004537539873169757 -0.0014701418283947609 0.9999886246427524 0.6677742004394531
0.9999978542961787 0.0017619690951099056 0.0010894346912663539 -0.0031541637144982815 -0.0017619929498525581 0.9999984474700373 2.0937039772316726e-05 -0.011233311146497726 -0.0010893961094693315 -2.285657109296659e-05 0.9999994063466707 0.6194263696670532
0.9999948097471332 0.00012390248491886896 0.003219491725244543 -8.467212319374084e-05 -0.00012663623508339623 0.9999996316364252 0.0008489347899782953 -0.0131179578602314 -0.00321938535417105 -0.000849338088103035 0.9999944570760146 0.7267213463783264
0.9999746672822951 2.2335306211685415e-05 0.007117885556619329 0.003937845584005117 -2.8840395612215864e-05 0.99999958206312 0.0009138062248878551 -0.01280124019831419 -0.0071178621716505965 -0.0009139883583280985 0.9999742500001617 0.7144195437431335
0.9999828304534483 -0.001201006331866438 0.005735536775346409 0.007900912314653397 0.0012327498858765691 0.9999839262675649 -0.005534214869730844 -0.027971142902970314 -0.005728797956762454 0.0055411903320762585 0.9999682375374103 0.06333810091018677
0.9999988459756687 0.0004620949494599689 0.0014472441357901431 -0.0018979590386152267 -0.00046332985303367913 0.9999995288066165 0.0008530603685570258 -0.013253331184387207 -0.001446849258970387 -0.0008537299355173439 0.9999985888852139 0.7689441442489624
0.9999823116216113 -0.00013482147565590128 0.005946281785127183 0.0026419926434755325 0.0001257776486037941 0.9999988349594646 0.0015212691071738076 -0.014301839284598827 -0.005946479957213768 -0.0015204942890493403 0.9999811635592118 0.7973150610923767
0.9997988319416274 0.009818802713049751 0.017489618676212487 0.01661992073059082 -0.009372083913168053 0.999632332949089 -0.025443328514283946 -0.003958812914788723 -0.017733011342737318 0.025274295955445423 0.999523261496537 -3.6398472785949707
0.9999155797926643 0.007289015382924715 0.010756558122701158 0.006879654712975025 -0.0071235268201838816 0.9998569007695614 -0.015343837496836361 -0.008848393335938454 -0.01086686033505917 0.015265917536613627 0.9998244161392656 -1.9271070957183838
0.9999966513593815 -0.000987382051322243 0.0023921427022722546 -0.001527208834886551 0.0009853709656161866 0.9999991602606686 0.0008417374991215943 -0.01648859865963459 -0.002392971809994499 -0.000839377532480785 0.9999967845604676 0.7999639511108398
0.9999800744395985 0.0005705766909067615 0.006286904326851683 0.002590527758002281 -0.0005676104121698692 0.99999972676409 -0.00047359282655001273 -0.011159306392073631 -0.006287172830071468 0.00047001487759130474 0.9999801250744035 0.6185052394866943
0.9999754385684608 0.0005533708825711392 0.006986847678358162 0.002141091041266918 -0.0005470969952385047 0.9999994454897556 -0.0008998361289139135 -0.011054852046072483 -0.006987341747192375 0.0008959915442794179 0.9999751868193831 0.5049006342887878
0.9999694487228095 -0.007398309253075706 -0.002523220401847225 -0.020102132111787796 0.007411142835356265 0.9999594532884841 0.005115343670746497 -0.03644978627562523 0.0024852731991455543 -0.005133887337267262 0.9999837331766621 2.07901668548584
0.9999558927383497 0.00823926114495625 -0.004508564476121001 0.007672433741390705 -0.008363418048217944 0.9995659161981617 -0.02824946749020913 -0.03344031795859337 0.004273852641454588 0.0282859284930662 0.9995907364681229 -2.814703941345215
0.9999836449226412 -0.00017104785416915296 0.005716697460965204 0.0024743336252868176 0.00016999134722997902 0.9999999683841477 0.00018529610150222099 -0.014116243459284306 -0.00571672897472749 -0.00018432128186705098 0.9999836423839613 0.654455304145813
0.9999846096669118 9.338494277382137e-05 0.005547225303397059 0.0005151403602212667 -9.473228682358074e-05 0.999999966079726 0.00024262386731067095 -0.014936395920813084 -0.005547202457817691 -0.0002431456345870543 0.999984584593729 0.7624885439872742
0.9999924580164502 -0.00013054039060656815 0.0038816065519679437 -0.0004909452982246876 0.0001274338045861904 0.9999996714227609 0.0008005716678984357 -0.016658227890729904 -0.0038817097834986164 -0.0008000709821092621 0.9999921460769481 0.8419267535209656
0.9999878362069842 -0.00032895392630201696 0.0049213034236504395 0.00033745844848454 0.00032386005818660585 0.999999411089466 0.0010358259426140636 -0.01584535650908947 -0.004921641264453802 -0.00103421952942856 0.9999873538386516 0.7833019495010376
0.9999900904638765 -0.00024133688932262195 0.004445304326343494 0.00023352750577032566 0.00023770111163222833 0.9999996368581803 0.0008184019116687226 -0.015905393287539482 -0.00444550022263917 -0.0008173371479054999 0.9999897846917023 0.7943726778030396
0.999980753146297 -0.00014459329413362188 0.00620261475058471 0.0024348667357116938 0.00014406018769365557 0.9999999858912525 8.639535532050826e-05 -0.014647128991782665 -0.006202627155262608 -8.55001426365831e-05 0.999980759867958 0.6881318688392639
0.9999878800544679 -0.0003863311210801815 0.004908206641516507 -4.47714701294899e-05 0.00038072601390940077 0.9999992744478741 0.001142869821029478 -0.015915628522634506 -0.00490864460653595 -0.0011409872875594287 0.9999873015974434 0.7986562252044678
0.9999935917967129 -0.0004152845420314972 0.003555826803756055 -0.001392328180372715 0.0004108144183195819 0.9999991246295892 0.00125776451251696 -0.016718117520213127 -0.003556346021250049 -0.0012562956675862464 0.9999928870367892 0.8743778467178345
0.9999927591855664 -0.000713066625229487 0.00373806265668408 -0.0017587998881936073 0.0007079391377470301 0.999998807065192 0.0013728402564921387 -0.016478583216667175 -0.003739037123987699 -0.0013701839951565777 0.9999920710671683 0.9095742702484131
0.9999908826124808 0.000160395409796648 0.004267196412715075 -0.0009599779732525349 -0.00016121243176560023 0.9999999687413751 0.00019112247658643067 -0.01722181960940361 -0.004267165624160428 -0.0001918086591592632 0.9999908772118747 0.9080439805984497
0.9999960130806624 -0.0004729315392830408 0.0027839106557164994 -0.002567614894360304 0.0004687971257980945 0.9999987866470117 0.0014855752284592036 -0.01774991862475872 -0.002784609853229702 -0.001484264216276719 0.9999950214414579 0.9326605796813965
0.9999934444221343 -0.0006230816519097899 0.003566914914955482 -0.0021013393998146057 0.0006174456920558868 0.9999985596796951 0.001580948877254234 -0.017367210239171982 -0.0035678948376935285 -0.0015787361369725985 0.9999923888303535 0.9156814813613892
0.9999972429871168 -0.0006527367386352884 0.002255649111716611 -0.004060844890773296 0.0006485501009516628 0.9999980667626915 0.0018563010655530728 -0.01916501671075821 -0.0022568564269150482 -0.0018548330462480047 0.9999957330876161 1.0196410417556763
0.9999993608888523 -0.0006878390275815023 0.0008972732913018789 -0.006004128605127335 0.0006857483621177375 0.9999970544932175 0.002328251290791798 -0.021445494145154953 -0.0008988721104811371 -0.0023276344990905613 0.9999968870684387 1.1400160789489746
0.9999994712560452 -0.00035031760172140426 0.000966832564652591 -0.005209623835980892 0.00034832274995987516 0.9999978120019202 0.002062683357747879 -0.020860562101006508 -0.0009675530435117929 -0.0020623454973388525 0.9999974052827125 1.0796959400177002
0.9999986781436122 -0.0007375531014989705 0.0014490432880963765 -0.005487495101988316 0.0007343245582193037 0.9999972498988919 0.0022273217316462076 -0.020768877118825912 -0.0014506820711320358 -0.002226254719374377 0.9999964696494948 1.111116886138916
0.9999992585073744 -0.0006493865034650462 0.0010301853573987528 -0.006027912721037865 0.0006470577675533077 0.999997238601187 0.002259226913357158 -0.02142496034502983 -0.0010316496241119287 -0.0022585586487195376 0.9999969173011902 1.1433954238891602
0.999998524739176 -0.0004416856513107801 0.0016599497754370477 -0.004795513115823269 0.00043849986726547413 0.9999980624244982 0.0019190792365059587 -0.020402949303388596 -0.0016607941889215216 -0.0019183485176073466 0.9999967808456321 1.0809701681137085
0.999997999804226 -0.0004987810948075341 0.0019369060293561826 -0.004632440395653248 0.0004951028806610874 0.9999980742759915 0.0018990306595460592 -0.019928377121686935 -0.0019378495000011815 -0.0018980678933582552 0.9999963210320263 1.0668083429336548
0.9999970844040819 -0.00037346407306129557 0.0023857300605602647 -0.002994320821017027 0.000369728357121034 0.9999987053028522 0.0015661077745747483 -0.018961897119879723 -0.002386311856750705 -0.001565221136381488 0.9999959277909669 0.9759045243263245
0.9999897223584873 -0.0005123006702886932 0.004504744767286423 -0.00037762243300676346 0.0005067987341283031 0.9999991244201281 0.00122242137577541 -0.01642070710659027 -0.004505367070312762 -0.0012201258132211006 0.9999891064209456 0.8356461524963379
0.9999931933462044 -0.0006945359381842708 0.003623655763320663 -0.001974232494831085 0.0006886240247750829 0.9999984304175628 0.0016324703254064858 -0.017331009730696678 -0.003624783885003233 -0.0016299638773300121 0.9999921020485839 0.8946428298950195
0.9999964149210029 -0.00024710931549599415 0.0026662862050853818 -0.0022920253686606884 0.00024350676793232753 0.9999990572268141 0.0013513881517134311 -0.01736667938530445 -0.0026666176319833815 -0.0013507340481439685 0.9999955323239879 0.9036867618560791
0.9999942029289929 -0.000182745648928344 0.0034001047682926284 -0.0011557950638234615 0.000179161548453274 0.9999994280818575 0.001054389442692457 -0.016503456979990005 -0.0034002955087939542 -0.0010537741622867985 0.9999936637551596 0.8493105173110962
0.9999910821836249 -0.0002897353034873943 0.004213265559668656 -0.00021539069712162018 0.0002855443812004793 0.9999994639564016 0.0009952644449139725 -0.016164328902959824 -0.004213551664420622 -0.0009940524950213395 0.999990628877095 0.8110272884368896
0.9999921087201775 -0.0004563753983128677 0.0039464184862082995 -0.0007926677353680134 0.00045146837785514486 0.9999991240553481 0.0012442125381770454 -0.016722973436117172 -0.0039469828573568295 -0.0012424210365954422 0.9999914388214988 0.8420339822769165
0.9999967128599618 -0.0006500173701746422 0.0024802714951422783 -0.0034086359664797783 0.0006454454365815462 0.9999980921291018 0.0018436752276374284 -0.018495352938771248 -0.0024814651840273983 -0.001842068287300747 0.9999952245460803 0.9730634689331055
0.9999983902864724 -0.0005300877378323228 0.0017141853617447683 -0.004196103662252426 0.0005268648055682676 0.9999980938936218 0.0018800592011598838 -0.01937776245176792 -0.0017151786906540504 -0.0018791530308658313 0.9999967634677354 1.0165027379989624
0.999998434585105 -0.00047889639233185475 0.001703374763362175 -0.003963683731853962 0.00047572989708042864 0.999998159133304 0.0018588736018512605 -0.019244225695729256 -0.0017042618355380304 -0.001858060345641973 0.9999968215466224 0.9994453191757202
0.999996986416338 -0.0004529971647549997 0.002412872108294492 -0.0029711322858929634 0.000449158518000827 0.9999986331560922 0.001591207897563648 -0.017826061695814133 -0.002413589622941082 -0.0015901193402652382 0.9999958230440844 0.9427056312561035
0.9999972309700064 -4.343649362114497e-05 0.002352905776099769 -0.002975139766931534 4.068732488529961e-05 0.9999993165348533 0.001168449557506749 -0.01824798993766308 -0.0023529549213224276 -0.0011683505885931413 0.9999965492740667 0.9528135061264038
0.9999985066544803 -0.0007081072757284399 0.0015764748318252157 -0.004688232205808163 0.000704677008074188 0.9999973855218454 0.0021754033621523244 -0.01974705420434475 -0.0015780111291145906 -0.0021742892079556655 0.9999963911671464 1.0444107055664062
0.9999979236681003 -0.0010309123087263571 0.0017578052509585043 -0.005919476971030235 0.0010266329566156534 0.9999965116734487 0.0024336527498421607 -0.021452825516462326 -0.0017603080017347533 -0.0024318430759693766 0.9999954937173433 1.1827125549316406
0.9999995838350506 -0.0009082877793248248 -8.5691513540611e-05 -0.007391135208308697 0.0009085292838832508 0.9999954927149202 0.0028616646177250403 -0.023097310215234756 8.309191230372464e-05 -0.0028617412800499616 0.9999959017578923 1.2297966480255127
0.999999148921347 -0.0011557574748623676 0.0006052943424071463 -0.006814961321651936 0.0011540896984305886 0.9999955570289222 0.0027484539988188532 -0.021705882623791695 -0.0006084681993553397 -0.002747753095703236 0.999996039801846 1.1902010440826416
0.9999995521210157 -0.0009360643503681153 -0.00013979020067717032 -0.007436338812112808 0.00093645392860279 0.9999956041518461 0.002813313175613347 -0.022418970242142677 0.00013715614401056217 -0.002813442822672103 0.9999960328559687 1.207312822341919
0.9999992616992232 -0.001210817336398029 0.00010257868311962493 -0.0074251554906368256 0.0012105106720290979 0.999994949487446 0.0029386499472919174 -0.022034145891666412 -0.0001061363333464843 -0.00293852360509374 0.9999956768977057 1.2061271667480469
0.9999992780913487 -0.0010738241671196926 -0.0005391831225758832 -0.008526930585503578 0.0010755222064379036 0.9999944321911441 0.0031589299920883806 -0.023621883243322372 0.0005357879851395745 -0.0031595076150511573 0.9999948652082498 1.280344009399414
0.9999997560231392 -0.0006675749736284125 -0.0002056631141760606 -0.007976546883583069 0.0006681386248415294 0.9999959876010633 0.002752884405816452 -0.023152299225330353 0.00020382453223898497 -0.0027530211456466428 0.9999961896578063 1.247633457183838
0.9999990774493119 -0.0008639562696676219 0.0010481794165964299 -0.005662045441567898 0.0008617035103412345 0.9999973222872053 0.002147762901227745 -0.019943933933973312 -0.0010500321830972698 -0.002146857699924854 0.9999971442131377 1.132904052734375
0.9999999590679369 -0.00010494877271335261 0.00026617640740319687 -0.007570096291601658 0.00010439438992594321 0.9999978273448358 0.0020819239706497527 -0.022511448711156845 -0.0002663943244592529 -0.002081896098108646 0.9999977973689246 1.2196531295776367
0.9999917506843163 -0.0005369388528733078 0.0040261967146015525 -0.001963139045983553 0.0005338244714296568 0.9999995575408231 0.0007745641303125525 -0.019372347742319107 -0.004026610826749474 -0.0007724084583554802 0.9999915948598886 1.0456798076629639
0.9999999697837003 -0.00017209892346217755 -0.00017554076168613546 -0.0065831393003463745 0.000172466896482287 0.9999977835493166 0.0020983688007071176 -0.021096140146255493 0.00017517924559706593 -0.002098399012272551 0.9999977830144511 1.1320723295211792
0.9999997391326774 -0.00013014036782749375 0.0007104914230590515 -0.005757159553468227 0.00012885761673619363 0.9999983623421445 0.0018051893928905432 -0.020259859040379524 -0.0007107251875287802 -0.001805097369744132 0.9999981182448265 1.0996402502059937
0.9999990193226196 -7.676152427472469e-05 0.001398378156108156 -0.004796922206878662 7.475129357500644e-05 0.9999989639450183 0.0014375399591881935 -0.01952449046075344 -0.001398487055069974 -0.001437434018849196 0.9999979890066771 1.0737158060073853
0.9999974519429701 -0.0005107775722926755 0.00219891196705517 -0.0031279893592000008 0.0005084010787291618 0.9999992862864561 0.0010811821870108913 -0.018359631299972534 -0.0021994626412746047 -0.0010800615028809378 0.9999969979111135 0.980141282081604
0.9999881719574082 -0.0011850487289913304 0.004717160670424636 -0.001909472979605198 0.0011803195093732864 0.9999987981945395 0.001005214072772425 -0.019937999546527863 -0.004718346228974489 -0.0009996344262894077 0.9999883689022973 0.9717804193496704
0.9999998858508305 -0.00046509358421971197 0.00010948188815463994 -0.0073679061606526375 0.00046484419421388516 0.9999973222656784 0.0022670203678050757 -0.022881321609020233 -0.00011053597161959199 -0.0022669692170065032 0.999997424312867 1.209895133972168
0.9999986016317847 -0.0013839572575048127 -0.000938827345618392 -0.010339057072997093 0.0013873578732562454 0.9999924445428889 0.0036312663450767542 -0.025821004062891006 0.0009337947349364455 -0.0036325637567388874 0.9999929662292363 1.4117610454559326
0.9999994654030852 -0.0010289064935405637 0.00010268871387095466 -0.008469458669424057 0.001028587865433323 0.9999948010631462 0.0030561174195475422 -0.023322731256484985 -0.00010583263905681053 -0.0030560101613915933 0.9999953247897444 1.2987903356552124
0.999999982642962 -0.00018571757107221768 1.4935172517783806e-05 -0.007226291112601757 0.00018568752810220132 0.9999980086501006 0.001987011820588705 -0.02321377769112587 -1.5304165785641035e-05 -0.001987009012824799 0.9999980257785339 1.2128204107284546
0.9999993128572717 -0.0008826629162911022 0.0007714863318725207 -0.005551956593990326 0.0008806371887683134 0.9999961743861311 0.0026221539321702584 -0.021111709997057915 -0.0007737978585004435 -0.0026214727308217782 0.9999962645518209 1.0990641117095947
0.9999925333256978 -0.0010142240920666668 0.003728892911315329 -0.001523478887975216 0.0010117141737159402 0.9999992604551765 0.0006749248333558872 -0.01835155487060547 -0.003729574678658203 -0.0006711472201013316 0.9999928198912855 0.8839564323425293
0.9999971913855714 -0.00013261033746601641 0.0023663548904659625 -0.002802631352096796 0.0001301556570634037 0.9999994533789697 0.0010374494045508078 -0.01776755414903164 -0.0023664911734822556 -0.0010371384962798273 0.9999966620260619 0.9003195762634277
0.9999967172682013 0.00010666146755303375 0.0025600929967834027 -0.0039040744304656982 -0.00010946496171313809 0.9999993945398408 0.0010949599873070418 -0.0197431817650795 -0.0025599746567099312 -0.0010952366333289484 0.9999961234857232 1.004436731338501
0.9999988698353003 -0.0007382174199976944 0.0013097187342315047 -0.006054808385670185 0.000735264328130456 0.9999971898746669 0.0022538032605037258 -0.02210889756679535 -0.001311378850585862 -0.0022528377238696766 0.9999966024980784 1.155707597732544
0.9999980073007928 -0.0009992952509608236 0.001728237091696061 -0.006357300095260143 0.0009951993326850843 0.9999966981436083 0.002369236199664159 -0.022835804149508476 -0.0017305989517881018 -0.0023675115380886844 0.9999956999489474 1.1975483894348145
0.9999977733567924 -0.0009272567205175388 0.0018956467052816635 -0.0072603607550263405 0.000922795868376662 0.999996806548505 0.0023527304514297212 -0.02441982366144657 -0.0018978222367485133 -0.002350975917790907 0.9999954355810788 1.2767810821533203
0.9999981123672468 -0.0005579183025637101 0.0018611794946138034 -0.007146465592086315 0.000554140226600696 0.9999977863471624 0.0020298348169831325 -0.02439425326883793 -0.0018623078566041096 -0.0020287996309735585 0.9999962078835622 1.2638269662857056
0.9999947345632424 -0.0011617483374345894 0.003030047291886329 -0.0037612570449709892 0.0011591240109333778 0.999998951752126 0.0008677131879099904 -0.02207741141319275 -0.0030310521799991213 -0.0008641964184507865 0.9999950329312804 1.0968468189239502
0.999973068966522 0.0007086708218765859 -0.007304733214936503 -0.013320972211658955 -0.0007037653092641153 0.9999995251508862 0.0006741011728935622 -0.019512662664055824 0.007305207462122633 -0.0006689422008222059 0.9999730928681366 1.2773098945617676
0.9999960631402492 -8.95504337398404e-05 0.002804582807134947 -0.004294769838452339 8.574116944594543e-05 0.9999990738081614 0.0013583192816705376 -0.020989209413528442 -0.0028047018476340716 -0.0013580734659483374 0.999995144630216 1.0518003702163696
0.9999972906600157 -0.0011118548764171134 0.002045104242289318 -0.0047917356714606285 0.0011103928337451582 0.9999991272603762 0.0007158954118702544 -0.02167687565088272 -0.002045898429250503 -0.0007136226031712905 0.9999976525184434 1.132598876953125
0.9999997237751824 0.0003735433138814854 0.0006425845870311807 -0.007535257376730442 -0.00037424565388231054 0.9999993324054358 0.0010932194991153782 -0.02070065215229988 -0.000642175793210704 -0.0010934596816299697 0.9999991959777644 1.106473684310913
0.9999962661994796 -0.00039450763109420423 0.0027040619128510875 -0.0030957814306020737 0.0003920270326813059 0.9999995019525005 0.0009178287184560069 -0.020114267244935036 -0.002704422656533282 -0.0009167652260987789 0.9999959228114957 1.003993272781372
0.9999908134306028 -0.0016857760606320128 0.003940966058551587 -0.0032154289074242115 0.0016796084593050362 0.999997360481689 0.0015677834921873637 -0.02145449072122574 -0.003943598588178897 -0.0015611498097057358 0.9999910053802719 0.9962863326072693
0.9999993181557054 0.0007895196247428765 0.0008604341267241799 -0.007161668501794338 -0.0007906823599133421 0.9999987736821446 0.0013518341661447621 -0.020860770717263222 -0.0008593657719548777 -0.0013525135744902167 0.9999987160979262 1.1396558284759521
