0.9996758241141095 0.0014282653535496552 -0.025420596764358747 -0.035938799381256104 -0.0013958996489260753 0.9999981925093124 0.0012909075407139187 -0.014660627581179142 0.025422394575381854 -0.0012550044575194454 0.9996760109244722 0.6644772291183472
0.9998297650664653 0.0008074120298949705 -0.018433365752101576 -0.026011571288108826 -0.0007899430251000148 0.9999992320342102 0.0009549455517371046 -0.014506883919239044 0.018434122630433654 -0.0009402216779395853 0.9998296350409115 0.6623671054840088
0.9999460266317005 0.0005136549733969787 -0.010376896551578979 -0.016198046505451202 -0.0005133967928409748 0.9999998678325185 2.7544114011624705e-05 -0.01798989437520504 0.010376909328261847 -2.2215161953791466e-05 0.9999461581801687 0.8529471158981323
0.9999003640789467 0.0011057280510239366 -0.014072642973777626 -0.02212594449520111 -0.0010920415905751415 0.9999989233209774 0.0009802051064612925 -0.014121799729764462 0.014073711662340114 -0.0009647395314060088 0.9999004950082193 0.6831421256065369
0.9996654745978004 0.0017405044039309635 -0.025805223145221344 -0.037164926528930664 -0.0017031416533819013 0.9999974695193304 0.0014697834686206376 -0.013492551632225513 0.025807716010202958 -0.0014253418383012098 0.999665909289189 0.6139093637466431
0.9997611480043108 0.0014888692364809913 -0.021804362166756495 -0.031663261353969574 -0.0014670620791524176 0.9999984076435823 0.001016090131601005 -0.015305531211197376 0.0218058402717789 -0.000983859083550318 0.9997617402918283 0.7070627212524414
0.9997618502128915 0.0014604276652037912 -0.02177406737222785 -0.0315348282456398 -0.001435178678033147 0.999998279615641 0.0011751714428423678 -0.014418485574424267 0.021775746165349396 -0.0011436418987867607 0.9997622262128878 0.6834192276000977
0.9997275152989674 0.0015673395324686831 -0.02329031131054805 -0.0342043898999691 -0.0015299162778333803 0.9999975100967335 0.001624548095839137 -0.012918979860842228 0.023292799538378855 -0.0015884732049471152 0.9997274239724254 0.5835654139518738
0.9995691776434956 0.0016660490071565182 -0.029303299913348596 -0.04113725945353508 -0.0016149297978356927 0.9999971329673318 0.0017680664197613672 -0.012987957336008549 0.02930616158513369 -0.0017199819250149667 0.9995690023981955 0.5750766396522522
0.9996507876380107 0.0012773842033475444 -0.02639452716572592 -0.037361398339271545 -0.0012412537127412106 0.9999982702513293 0.0013852016353237328 -0.013318583369255066 0.026396250944515046 -0.0013519556009483238 0.9996506440512745 0.6030105948448181
0.9997631263994236 0.0009621474497378923 -0.02174316822210548 -0.031054474413394928 -0.0009399687092926778 0.9999990275422799 0.0010302297411894604 -0.013361041434109211 0.02174413831071182 -0.001009547809191578 0.9997630585605497 0.5773959755897522
0.9997605091486703 0.001088683708353699 -0.021857243983969075 -0.03154542297124863 -0.0010643892133853834 0.9999988028483376 0.001123110633054592 -0.013398456387221813 0.021858440529781992 -0.001099577043602075 0.9997604710669108 0.5948957204818726
0.9998107160146587 0.001008264232969441 -0.0194297592752054 -0.027511082589626312 -0.0009907369294418948 0.9999990936302857 0.0009116901579123628 -0.013744217343628407 0.019430660889237807 -0.0008922678095217643 0.9998108087411157 0.6388764381408691
0.9998824639796006 0.0010307400456697547 -0.015296921292895331 -0.023152634501457214 -0.0010230436877227418 0.9999993461567587 0.0005109478135303145 -0.014436977915465832 0.015297437945479383 -0.0004952383399873921 0.9998828647053067 0.6799993515014648
0.9997749687971221 0.0011609838222477141 -0.021181687451156915 -0.032975830137729645 -0.0011391546988174233 0.9999988076523825 0.001042602698064499 -0.0117384884506464 0.02118287264008783 -0.001018238861136362 0.9997750992579961 0.5318895578384399
0.9995136552761988 0.0014028638228462114 -0.031152606464089818 -0.0442316010594368 -0.0013405631529429878 0.9999970599272326 0.0020206502229731522 -0.013387939892709255 0.03115534957025636 -0.0019779054540546696 0.9995125972608698 0.4990173578262329
0.9997087191475907 0.0006825959241616151 -0.02412490255084604 -0.035061828792095184 -0.0006552356802531566 0.9999991332568245 0.0011419946597714436 -0.009585193358361721 0.024125661161651567 -0.001125854521659554 0.9997082999180857 0.402087926864624
0.999563168026199 0.0017014531867446166 -0.02950556189063932 -0.04417494684457779 -0.0016476017186063106 0.9999969326604329 0.0018493453714471593 -0.010827074758708477 0.029508617961637514 -0.0017999241037788478 0.9995629053437383 0.45488303899765015
0.9995833025700873 0.001774393037310301 -0.028810983190906782 -0.04062625765800476 -0.0017181452667514568 0.9999965698335205 0.0019769415862966764 -0.012843928299844265 0.02881439223582389 -0.0019266163454186667 0.9995829224979476 0.5704629421234131
0.9998251918667675 0.0014394888642528321 -0.01864171613320996 -0.027917956933379173 -0.0014169748784244327 0.9999982508242085 0.001220872932514809 -0.014433875679969788 0.018643440958562407 -0.0011942446705450842 0.9998254827163046 0.6716068983078003
0.9999219105016466 0.0009751881393363337 -0.01245880840328728 -0.019234132021665573 -0.0009691389315298679 0.9999994095667176 0.0004915647947771384 -0.016098298132419586 0.012459280415349723 -0.000479452092464809 0.9999222652072624 0.7760919332504272
0.9999584106959323 0.0006876310692419776 -0.009094176267152755 -0.014627266675233841 -0.0006833349374092271 0.9999996534748151 0.00047550353640913066 -0.014810377731919289 0.009094500086796813 -0.0004692693921776663 0.9999585340674927 0.7288721203804016
0.9998813667287104 0.0009805651002619392 -0.015371758546441433 -0.022690027952194214 -0.0009727560090211317 0.999999394010723 0.0005154841739445957 -0.014825067482888699 0.015372254697111294 -0.0005004700498754698 0.9998817146619174 0.7091615796089172
0.999892456371637 0.0009785131156166056 -0.014632778381987337 -0.021659167483448982 -0.0009770881551603855 0.9999995171859679 0.00010453022535190057 -0.017462758347392082 0.014632873601273091 -9.022146935806586e-05 0.9998929297031035 0.8206585645675659
0.9999208703754284 0.0008522978077635274 -0.012550959170234025 -0.018907804042100906 -0.0008450155715698196 0.9999994715660461 0.000585505177402763 -0.015207871794700623 0.012551451562660177 -0.0005748530906609055 0.9999210621882083 0.7331699132919312
0.999872698683292 0.0010558764587936791 -0.015920789951962406 -0.0239219032227993 -0.0010458235263564471 0.9999992484883408 0.0006397467510370832 -0.013875914737582207 0.01592145348083714 -0.000623014973743375 0.9998730515277426 0.6727492809295654
0.9999095084809426 0.0009295805171061806 -0.013420533873957474 -0.020956605672836304 -0.000920130547304048 0.9999993244165833 0.0007103000442035665 -0.013789971359074116 0.01342118508834974 -0.0006978871248950228 0.9999096882940904 0.6612300276756287
0.9998522452571542 0.0009559462272958074 -0.017163153003977326 -0.026290735229849815 -0.0009421014776824607 0.999999224335671 0.0008147225674843635 -0.012710314244031906 0.01716391852209645 -0.0007984327565541769 0.9998523703057867 0.6024346351623535
0.9998899146390381 0.0008936634740609494 -0.014810805809686332 -0.02334207482635975 -0.0008779577018545848 0.9999990454625856 0.0010668946487250727 -0.013430996797978878 0.014811745116996285 -0.0010537739382112728 0.9998897448054341 0.6028035879135132
0.9997461791997098 0.00126315068214201 -0.022494035341306826 -0.03351607173681259 -0.001226352833754288 0.9999978874155623 0.0016496130271836905 -0.012460733763873577 0.02249607153057838 -0.001621608697101581 0.9997456162199084 0.5400012135505676
0.9996279647849392 0.0017093483769281112 -0.02722150157589711 -0.04056877642869949 -0.0016633829696257121 0.9999971526010378 0.0017111244586037373 -0.0114249587059021 0.027224348973237812 -0.001665208077918798 0.9996279617462891 0.4929259717464447
0.9996320168273876 0.0016297886143389934 -0.027077199313853204 -0.0397690013051033 -0.0015767708798742584 0.9999967981621678 0.001979257185189421 -0.011878415942192078 0.027080338387877316 -0.001935834312464364 0.9996313859710052 0.4933534264564514
0.9996416634733638 0.0017432955945538406 -0.02671152501591983 -0.038902852684259415 -0.0016945514906815228 0.9999968578702239 0.0018473616117869998 -0.01194787584245205 0.02671466158220109 -0.0018014355801094872 0.999641476573676 0.5232718586921692
0.9995782477593587 0.0019402534976280922 -0.02897519668086959 -0.042073071002960205 -0.001892339943955293 0.9999967967475346 0.001680935515256557 -0.012342705391347408 0.02897836530701215 -0.0016253956548734538 0.9995787174770672 0.561438262462616
0.9996413642380659 0.0012811935463382113 -0.02674885880472397 -0.0368659645318985 -0.0012523007531578358 0.999998614303759 0.0010968743707635193 -0.01134907454252243 0.026750227047295842 -0.0010629833763605462 0.9996415834784284 0.5718424916267395
0.9995505251056004 0.0014511020844950703 -0.029943982097558032 -0.04102936387062073 -0.0014087733169663363 0.9999979785708978 0.0014346469459761704 -0.010932098142802715 0.029946003387095008 -0.0013918178252088694 0.9995505488589767 0.5900065302848816
0.9996004695083809 0.0014191805822267654 -0.028229192073090464 -0.039132870733737946 -0.0013725319919111563 0.9999976606131451 0.001671802670175922 -0.012140398845076561 0.028231498623976434 -0.001632389264807095 0.9996000789269338 0.6000092625617981
0.9996457769027678 0.001186523036182074 -0.026587833374423955 -0.036263614892959595 -0.0011422789847067784 0.9999979377449333 0.001679197606412183 -0.012863499112427235 0.026589770950172176 -0.0016482320725226848 0.9996450707185287 0.6323979496955872
0.9995713770351734 0.0017786880047228483 -0.029221541386263636 -0.04159978777170181 -0.0017313943180914673 0.9999971502981316 0.0016436755553672815 -0.012104706838726997 0.029224381699576536 -0.0015923770275554756 0.9995716081650577 0.581803560256958
0.9995858091690657 0.0014327403964250762 -0.028742953271724245 -0.03940650820732117 -0.0013632903815295834 0.9999961044046131 0.002435695985471876 -0.012447711080312729 0.028746331020839875 -0.0023955021507956545 0.9995838684284004 0.5434533357620239
0.9995806303468535 0.0015936975109829665 -0.02891407206933323 -0.041652292013168335 -0.0015245919473140612 0.9999959291211326 0.002411920512209264 -0.012011767365038395 0.028917798235365267 -0.002366826864499678 0.9995789909135808 0.48903244733810425
0.9996513815937459 0.0014474717321797856 -0.026363233930982957 -0.038681428879499435 -0.0013981387370472264 0.999997237274156 0.0018896169261192876 -0.012389669194817543 0.026365896263680445 -0.0018520987122853277 0.9996506435973385 0.5130846500396729
0.9995994504452356 0.0016513216731145895 -0.028252642466059123 -0.04078984260559082 -0.0015912355592541641 0.9999964246762415 0.002149093792502467 -0.012317757122218609 0.02825609029887239 -0.002103276364605846 0.9995985041953375 0.5225692987442017
0.9997940257570946 0.0013039003293438985 -0.020253540538705286 -0.029310131445527077 -0.0012800992486994552 0.9999984749086744 0.0011880766972555423 -0.013968047685921192 0.020255058783803136 -0.0011619054420302112 0.9997941701017307 0.655799388885498
0.9999015626201712 0.001078717307779009 -0.013989333033069479 -0.02157547138631344 -0.0010647755313203798 0.9999989291075817 0.0010040103376372379 -0.014468522742390633 0.013990401095327192 -0.0009890160059771752 0.9999016404249631 0.6771857142448425
0.9997213082913556 0.0017445311924044653 -0.02354277721805381 -0.03377678990364075 -0.0017135270656735229 0.9999976380764289 0.001337036483665191 -0.0130733298137784 0.023545054113664508 -0.0012963226767187812 0.9997219363274482 0.5485207438468933
0.9998329504051001 0.0011404211596906808 -0.01824200438031045 -0.026912789791822433 -0.0011213772250334903 0.9999988156339293 0.0010541555188414637 -0.013519100844860077 0.01824318495635869 -0.0010335232543380384 0.9998330450791927 0.6507230401039124
0.999912164477461 0.0008027517352162133 -0.01322947163158428 -0.019893869757652283 -0.0007964612862179037 0.9999995672646721 0.00048074929896271227 -0.01446892973035574 0.013229851829058477 -0.0004701703101051527 0.999912371140822 0.6750819683074951
0.9997683592800757 0.001029241114449412 -0.02149810329200415 -0.032331280410289764 -0.0009749129385664954 0.9999963054581138 0.0025374425874932984 -0.012292501516640186 0.021500635506597667 -0.002515896033411551 0.9997656690144753 0.508588433265686
0.9997621447145325 0.0014893434648159901 -0.021758581108204507 -0.031751617789268494 -0.0014590113674198967 0.9999979418197772 0.001409837593341975 -0.013137572444975376 0.021760636057529287 -0.0013777562388429497 0.9997622599929037 0.6307802200317383
0.9999949177611227 -0.00025691059791681226 -0.0031778056689973403 -0.005838755052536726 0.00025804999487770506 0.9999999025717035 0.0003581435235772475 -0.020524561405181885 0.0031777133485223655 -0.00035896173614291543 0.9999948866291 0.9949485063552856
0.9999875743001723 0.00020506688952871274 -0.004980882735827769 -0.00904899463057518 -0.00020401532784855466 0.9999999567959386 0.00021162671549715493 -0.02002401277422905 0.004980925918265695 -0.00021060790946278755 0.9999875729334365 0.9571132659912109
0.999996179057392 6.867390378028654e-05 -0.002763540213480663 -0.006217841058969498 -6.824938337737109e-05 0.9999999858578267 0.00015370871269469461 -0.022439055144786835 0.0027635507301755433 -0.00015351951546701642 0.9999961696022241 1.0768779516220093
0.9999994337359461 -0.0005857945386953877 -0.0008884664008831436 -0.003363228403031826 0.0005860481696913892 0.999999787593652 0.00028523708292834337 -0.023107916116714478 0.0008882991218418274 -0.00028575760551690635 0.9999995646335357 1.1136963367462158
0.9999891828957372 -6.555787381484864e-06 -0.004651241612409788 -0.008651148527860641 7.5608943435550245e-06 0.9999999766268277 0.0002160767838066735 -0.019063279032707214 0.004651240087142065 -0.00021610961402797213 0.9999891595723857 0.9125548601150513
0.9999714289240689 0.0006777718547615572 -0.007528742316527754 -0.012996372766792774 -0.0006733820018820039 0.9999996018153 0.0005855987712314795 -0.0149725042283535 0.007529136221063077 -0.0005805123204717643 0.9999714871501139 0.7260305881500244
0.9996685854001781 0.0014452533579591427 -0.025702735394073296 -0.038696255534887314 -0.0013828756983410428 0.9999960560363353 0.0024444972032831567 -0.011544635519385338 0.025706166941210393 -0.002408143373063411 0.9996666413493475 0.49731409549713135
0.9994501991860356 0.0018958988975851777 -0.03310143372066169 -0.04901859536767006 -0.0018154147740634657 0.9999953230642736 0.0024613245979744993 -0.01048380695283413 0.033105945329975635 -0.002399878527887931 0.9994489666645614 0.4206353425979614
0.9993391829934725 0.0020484400321435377 -0.03629051153365402 -0.05012592300772667 -0.001972918634143089 0.9999958135524669 0.00211671197934012 -0.012627802789211273 0.03629469556288653 -0.0020437149936189205 0.9993390407179251 0.5407578349113464
0.9998062431022086 0.0011858551410374684 -0.019648664113158566 -0.028362691402435303 -0.0011596295951792903 0.999998421684139 0.0013460640522343211 -0.013817913830280304 0.01965022933833686 -0.0013230180706279757 0.9998060402448744 0.6395887732505798
0.9997764684604531 0.0011341328777813254 -0.021112244204739092 -0.03023761324584484 -0.0011084227179384266 0.9999986299293288 0.0012294464380763778 -0.014098653569817543 0.02111360963509939 -0.001205770326918087 0.9997763557946826 0.6411845088005066
0.9997628901267336 0.0010817990340211523 -0.021748407672538588 -0.03259800747036934 -0.001029236238831794 0.9999965229680905 0.002427905371684825 -0.012599725276231766 0.02175095855831691 -0.002404945442036378 0.9997605273460316 0.5137796401977539
0.9997643962081507 0.0013837870108359782 -0.02166188376066141 -0.031795430928468704 -0.0013497155500722632 0.9999978291843371 0.0015874175717422894 -0.012836606241762638 0.021664033384521407 -0.0015578061887875163 0.9997640936227868 0.5775594711303711
0.9997982130817498 0.0009809730787595627 -0.020064167322850594 -0.03112509846687317 -0.0009454487609889848 0.9999979689600204 0.0017799445146276596 -0.011392466723918915 0.020065872649375135 -0.0017606157029737312 0.999797109911389 0.5202926397323608
0.999698246955991 0.0013830603748077644 -0.02452554132162579 -0.03612683340907097 -0.001334155038173519 0.9999970893414402 0.0020103081809738164 -0.012505894526839256 0.024528250313735258 -0.0019769806898426306 0.999697182392698 0.5108607411384583
0.9995495374613623 0.0014918707853404053 -0.029974930897941655 -0.04287644475698471 -0.001427410246837491 0.9999966229634486 0.0021717646477937445 -0.012316668406128883 0.02997806966373507 -0.0021279998256652083 0.9995482914576854 0.48151731491088867
0.9994117803594731 0.0021008552576167495 -0.034229806980090455 -0.053286951035261154 -0.0020633261716059715 0.9999972309965219 0.001131673273435223 -0.009357688948512077 0.03423208967938228 -0.0010603803443980878 0.9994133477344134 0.3424423635005951
0.9990082852320215 0.001568237772189601 -0.044497041115852363 -0.06262317299842834 -0.0014498204405409133 0.9999953218295237 0.002693388155738445 -0.007380532566457987 0.044501056824149336 -0.0026262043631751484 0.9990058853641336 0.24110010266304016
0.9993986743634603 0.002038448994664274 -0.03461407815115555 -0.05245913565158844 -0.0019419246754992841 0.9999941326735907 0.0028219757170599483 -0.008100765757262707 0.034619627512624096 -0.0027530608582341984 0.9993967690796273 0.3116891086101532
0.999451312165761 0.0017807967218621055 -0.0330742100914629 -0.04933546483516693 -0.0016869256832630765 0.9999944704854258 0.002865882117672707 -0.007058506831526756 0.033079130760616554 -0.0028085159085634486 0.9994487897568908 0.26365548372268677
0.9993900439389616 0.0020936118506128293 -0.034859100176274894 -0.050452377647161484 -0.0019978456515566674 0.9999941349659973 0.0027818422599919838 -0.012133097276091576 0.03486471982438911 -0.0027105023567402992 0.9993883651957036 0.49439582228660583
0.9995794952994046 0.001612669472089934 -0.028952234355253674 -0.044023994356393814 -0.0015413096958827122 0.9999957198638639 0.0024868892967310993 -0.009368421509861946 0.02895612096619849 -0.002441219188562742 0.9995777025861794 0.34053850173950195
0.9993187908178844 0.0019797925448583375 -0.036851522896082435 -0.053304433822631836 -0.001868181989486237 0.9999935644230284 0.003062843218397633 -0.010074165649712086 0.03685734952944018 -0.0029919114301142796 0.9993160582376622 0.38761281967163086
0.9996785034295653 0.0015614002624902432 -0.025307149385996167 -0.037903547286987305 -0.0015124652894452297 0.9999969497634065 0.0019526680802539752 -0.011571423150599003 0.025310121089656093 -0.0019137641191418519 0.9996778157373122 0.5008247494697571
0.9998378140588083 0.0010454985860580935 -0.01797922442183571 -0.02843637950718403 -0.0010185379732731402 0.9999983433002185 0.0015086342219838423 -0.011790006421506405 0.017980771910604498 -0.0014900770199189964 0.999837222507731 0.5333076119422913
0.9997221848081209 0.0013182995557245302 -0.023533280450427217 -0.03665812686085701 -0.0012803702443478168 0.9999978572054213 0.001626725730708196 -0.010395050048828125 0.023535374535249527 -0.0015961424895465657 0.9997217305203675 0.46833938360214233
0.9995971518173478 0.0014671829839197471 -0.02834398441888386 -0.04225907474756241 -0.00140258042075763 0.9999963737216545 0.0022989805793975034 -0.009829052723944187 0.02834725466089339 -0.0022582997216569543 0.9995955848419688 0.42183566093444824
0.9996953992623715 0.0015329083564187664 -0.024632476238061262 -0.03847363591194153 -0.0014958429279369003 0.9999977213171027 0.0015230937387880812 -0.010278956033289433 0.024634754871578738 -0.001485783487933491 0.9996954142636868 0.4356231987476349
0.9998443303554604 0.0011103945171008493 -0.017609147624378624 -0.025433585047721863 -0.001093919897628695 0.9999989549899516 0.0009451763126400805 -0.014174506068229675 0.017610178741237666 -0.0009257661804128758 0.999844500190745 0.7013486623764038
0.9999801178180149 0.00015836636468427178 -0.006303878866469337 -0.010461665689945221 -0.0001564639296729258 0.9999999420729097 0.00030228002827002145 -0.020631317049264908 0.0063039263722931725 -0.0003012876886238591 0.9999800846707003 0.9807904362678528
0.9999791736386476 0.00040677551565118485 -0.0064410265212226404 -0.011237144470214844 -0.0004014250125849755 0.9999995733484482 0.0008319620668407307 -0.016158681362867355 0.006441362194947422 -0.0008293591509457532 0.9999789102858481 0.7950555682182312
0.999887129054791 0.0007510085352777565 -0.015005503548621095 -0.023759910836815834 -0.0007473136949829883 0.9999996890498704 0.0002518380512485046 -0.011406763456761837 0.015005688015183814 -0.00024059580774762025 0.999887379378722 0.5220413208007812
0.9998134758945724 0.0013582784659062464 -0.019265733809613713 -0.029201040044426918 -0.0013407569486285835 0.9999986758172473 0.0009223527291920075 -0.013522925786674023 0.01926696111011131 -0.0008963500216986379 0.9998139730801028 0.618182897567749
0.9997075982656809 0.0014217881923845872 -0.024139107029876896 -0.03507019579410553 -0.0013761720607616164 0.9999972362223305 0.0019062261564543382 -0.012899060733616352 0.02414175056459319 -0.0018724492079539357 0.9997067919213315 0.5826513767242432
0.9996626280052018 0.001694637075924084 -0.025918301929608246 -0.041668180376291275 -0.0016622984039210559 0.9999978129320827 0.0012692104110242455 -0.010512055829167366 0.0259203960955413 -0.001225698263046128 0.9996632586676465 0.4388975501060486
0.9998156931518029 0.0010436751189674656 -0.019170040939610073 -0.02890712395310402 -0.0010210041413417502 0.9999987678959277 0.001192374593077068 -0.012513275258243084 0.019171261771819843 -0.001172582139084915 0.9998155268714343 0.5648565292358398
0.999896093726579 0.0008169583558956319 -0.014392162081273155 -0.021157020702958107 -0.0008074182192809913 0.9999994504790672 0.0006686683656587318 -0.013804623857140541 0.014392700446687466 -0.0006569783929414366 0.9998962038898055 0.6574456095695496
0.9999287845902252 0.0007621194312354877 -0.011909866577217947 -0.02034180238842964 -0.0007524786074309847 0.9999993856367865 0.0008139422550104989 -0.01264920737594366 0.011910479581442495 -0.0008049223699625618 0.9999287437493324 0.6368231773376465
0.9998965684887432 0.001228172113665253 -0.014329826157187815 -0.02231379970908165 -0.0012166485449751985 0.9999989295146611 0.0008128565985181844 -0.014664527960121632 0.014330809145125713 -0.0007953381613878746 0.9998969923679413 0.6960207223892212
0.9999336995558621 0.0008239864389615294 -0.011485536072608143 -0.01807442680001259 -0.0008200280679942657 0.9999996027560235 0.000349344762261193 -0.016374558210372925 0.011485819365394747 -0.0003399031385927985 0.9999339780302307 0.7972316741943359
0.9999570168724031 0.0007640441973182657 -0.009240164723050207 -0.014693114906549454 -0.0007585426414486622 0.9999995329743121 0.0005988858145220436 -0.015553626231849194 0.009240617982887363 -0.0005918510135802189 0.9999571294268931 0.7541954517364502
0.9997495270957172 0.0012413924375212434 -0.022345961977632077 -0.03433987498283386 -0.0011942189309411945 0.9999970306467305 0.002124273726897674 -0.011960833333432674 0.022348532681916618 -0.0020970556830640255 0.9997480409805399 0.5013221502304077
0.9998653162865887 0.0011140597406348288 -0.016374008611646396 -0.025163380429148674 -0.001092180291747468 0.9999984989068318 0.001345112000346493 -0.013255988247692585 0.016375482567860165 -0.0013270474661647887 0.9998650321496859 0.6169973015785217
0.9999546256890555 0.0006934532350954499 -0.00950082552582403 -0.015278991311788559 -0.0006884908204007604 0.9999996248756962 0.0005255747878457767 -0.016376052051782608 0.009501186423370384 -0.0005190097090911692 0.9999547280179591 0.8016111254692078
0.999987775326478 -5.97038347274382e-05 -0.004944252527267482 -0.008371743373572826 6.157471639915437e-05 0.9999999265700531 0.0003782438932167475 -0.019599933177232742 0.004944229581600393 -0.0003785437102558135 0.9999877055736754 0.9502893686294556
0.9999657580440057 0.0003451396781844541 -0.00826822944044074 -0.012645568698644638 -0.00034244884209325317 0.9999998879468428 0.0003268563789695101 -0.018393944948911667 0.008268341325064975 -0.0003240137411697247 0.9999657641873685 0.8744726181030273
0.9999677305277247 0.0003614718525555537 -0.00802541222189806 -0.012850938364863396 -0.000357198001499052 0.9999997936445425 0.0005339667218744855 -0.017964506521821022 0.00802560357975061 -0.0005310828298432901 0.9999676532959496 0.8622919321060181
0.9999385268271015 0.0009621174688104941 -0.011046125873925101 -0.016938799992203712 -0.0009577036550358388 0.9999994594447166 0.0004048629203024579 -0.018142569810152054 0.011046509428571492 -0.0003942591169707139 0.9999389077284639 0.8663700819015503
0.9999955475550565 -7.854801881491185e-06 -0.0029840925529919246 -0.006141114979982376 8.419725595715151e-06 0.9999999820474582 0.0001892992113487235 -0.024416260421276093 0.002984091012512077 -0.00018932349374485552 0.9999955296687298 1.1606484651565552
0.9999990620564322 -0.00029239436223791454 -0.0013380552281077468 -0.004114888142794371 0.00029269241656726223 0.9999999323987641 0.00022256149099286185 -0.023641731590032578 0.0013379900619283414 -0.00022295292086095818 0.9999990800368718 1.1386545896530151
0.9999991081462293 -0.0003494945480944977 -0.0012890152468221436 -0.004125606268644333 0.0003497894853655822 0.9999999126969907 0.00022858986553124654 -0.022673480212688446 0.001288935243375481 -0.00022904054564232737 0.9999991430928161 1.0934712886810303
0.9999976793096028 -3.563373111360301e-05 -0.002154090445183628 -0.005486786365509033 3.600039421718141e-05 0.9999999848716077 0.00017017860030433857 -0.021986935287714005 0.0021540843484972177 -0.0001702557534777011 0.999997665464074 1.060183048248291
0.9999947568109913 -3.675953812335537e-05 -0.0032380548579481272 -0.006626445800065994 3.788935177559188e-05 0.999999938431685 0.0003488567377584085 -0.018551962450146675 0.0032380418347739944 -0.00034897759643617686 0.999994696635794 0.9139102101325989
0.9999689413541443 0.0005836077923311458 -0.007859753750382673 -0.013032548129558563 -0.0005815086006206201 0.9999997946454381 0.00026936374865290855 -0.019070947542786598 0.00785990933912907 -0.00026478486817502504 0.999969075378911 0.9222828149795532
0.999998192987766 -0.00010689939750137667 -0.0018980499786568563 -0.004998126067221165 0.00010722496202364587 0.9999999795581623 0.00017142485937141308 -0.023176439106464386 0.0018980316146430432 -0.00017162806794147545 0.9999981840082491 1.11628258228302
0.9999978878086276 -0.000507672941898394 -0.0019916441618406484 -0.004711252637207508 0.0005080940588401138 0.9999998486720263 0.0002109415843449713 -0.02451048046350479 0.00199153677111448 -0.0002119530813619316 0.9999979944265792 1.1709942817687988
0.999985551505486 -1.374239310516379e-05 -0.005375554986730196 -0.009365005418658257 1.4226706111436829e-05 0.9999999958436493 9.005721457618464e-05 -0.022857073694467545 0.00537555372678586 -9.013238982599598e-05 0.9999855475447045 1.081856369972229
0.9999968217798858 -0.0002043382128568917 -0.0025129019124848126 -0.005205458961427212 0.00020479183279763116 0.9999999627832482 0.00018026038731208167 -0.02595232054591179 0.0025128649848773737 -0.0001807744361931914 0.9999968264100496 1.2386713027954102
0.999994844019049 0.00016216262765800474 -0.003207123103312958 -0.00637589767575264 -0.00016208370836817901 0.9999999865552418 2.4867399077638138e-05 -0.027229029685258865 0.0032071270927567412 -2.434744845602397e-05 0.9999948568582803 1.296356439590454
0.9999995638447982 -0.0006636925385455927 0.000657131971466466 -0.0007943436503410339 0.0006634766853520892 0.9999997258967811 0.0003286412188530653 -0.030533190816640854 -0.0006573499080692887 -0.00032820508377222064 0.9999997300862243 1.4671878814697266
0.9999998157636234 -0.0003444715270785038 -0.0004998120510217662 -0.0026380224153399467 0.00034459645828128013 0.9999999094036854 0.0002498917806582424 -0.0282912477850914 0.0004997259251373487 -0.0002500639680816745 0.9999998438709937 1.359802484512329
0.999999608132084 -0.00043385834663588283 -0.0007716881581510584 -0.0026312414556741714 0.00043407317008158986 0.9999998670827456 0.00027823546513024096 -0.0271323062479496 0.0007715673408015104 -0.00027857032522381214 0.9999996635411496 1.3021162748336792
0.9999998378983076 -0.00041352090420613733 -0.0003914125957687561 -0.002565142698585987 0.0004136233628336437 0.9999998802087625 0.0002617215586508065 -0.027294177561998367 0.0003913043215453734 -0.00026188341361941625 0.9999998891489966 1.3136566877365112
0.999999599238541 -0.00019030849079270472 -0.000874817372899709 -0.0031057149171829224 0.00019049966766212365 0.9999999579935717 0.0002184553309003345 -0.029132671654224396 0.0008747757622474265 -0.00021862189577065978 0.9999995934858337 1.398017406463623
0.9999996993366128 -0.0006035478598808976 0.00048688465263789526 -0.001033247448503971 0.000603394329851123 0.9999997682137647 0.0003154167079189963 -0.030600104480981827 -0.0004870749088637698 -0.0003151228296460473 0.9999998317278036 1.4698656797409058
0.9999994852465416 -0.0007200396485645456 0.0007148773013568835 -0.0008071353659033775 0.000719798680364065 0.9999996840671983 0.0003372763895839708 -0.029384922236204147 -0.0007151199278767201 -0.00033676164823164396 0.9999996875974916 1.4138755798339844
0.9999997539588982 -0.0002764437992109845 -0.0006447177436189304 -0.0027971514500677586 0.00027659660446711714 0.9999999336783033 0.00023693397263066363 -0.02887639030814171 0.0006446522019325996 -0.00023711224107389264 0.999999764100634 1.3866937160491943
0.9999997429780433 -0.0003237660293942478 -0.0006397025913677122 -0.0029076403006911278 0.00032392108890633007 0.9999999181818516 0.0002423043915702699 -0.02745923027396202 0.0006396240890976673 -0.0002425115424526931 0.9999997660345608 1.3207051753997803
0.999999801238752 -0.000612900300962444 0.00014790428526456484 -0.0018383124843239784 0.0006128553632075496 0.9999997660920574 0.00030368426758139403 -0.02675127610564232 -0.00014809037884757598 -0.0003035935632862642 0.9999999429500924 1.2897510528564453
0.9999994094638771 -0.00010420338106795622 -0.0010817640928066316 -0.0033625001087784767 0.000104420659729 0.999999974387576 0.0002008013274038562 -0.029617100954055786 0.0010817431409227926 -0.00020091416734366083 0.999999394732454 1.4200348854064941
0.9999983942350118 -0.001024318823758378 0.0014704755506125627 0.00021713972091674805 0.0010237323604485116 0.9999993961765656 0.000399522913178185 -0.02866699919104576 -0.0014708839015454569 -0.0003980168982318687 0.9999988390408745 1.382889986038208
0.9999998749601012 -0.000492413869469074 -8.722592963753165e-05 -0.0020705554634332657 0.0004924383798688088 0.9999998392152736 0.0002812007624446898 -0.02801339700818062 8.708744845740137e-05 -0.0002812436806788482 0.9999999566588831 1.3479218482971191
0.9999999054626358 -0.0003881458552099831 -0.00019600386340238855 -0.002052556723356247 0.00038819792382374776 0.9999998893574983 0.00026568282420906736 -0.030109498649835587 0.00019590071802901354 -0.0002657588873849477 0.9999999454975597 1.445251226425171
0.9999994705625379 -0.0008113432713270562 0.0006329271206465504 -0.0008903983980417252 0.0008111312766353862 0.9999996148775275 0.0003351281079740033 -0.02838052064180374 -0.00063319878082753 -0.00033461454356124116 0.9999997435461727 1.366126537322998
0.9999979915026579 0.00017342520866643762 -0.001996725906885225 -0.004535117652267218 -0.00017325741142509873 0.9999999814453686 8.42088590970959e-05 -0.031531572341918945 0.0019967404737756722 -8.386274240187384e-05 0.9999980029952664 1.4990856647491455
0.9999972734063302 -0.0010874574745997952 0.002066546913639116 0.0013609100133180618 0.0010865732618284144 0.9999993176824542 0.0004289442538141688 -0.03217284753918648 -0.002067011962232894 -0.0004266976296368074 0.99999777269286 1.5471582412719727
0.9999999183312349 -0.00037834329184733477 -0.00014210516172966846 -0.0019024917855858803 0.0003783811683572884 0.9999998928743674 0.0002666063486665354 -0.030983831733465195 0.00014200427778298123 -0.000266660096810249 0.9999999543635879 1.4861116409301758
0.9999985642139138 -0.0009617727525195306 0.0013951929198881949 0.00014832988381385803 0.0009612306554505821 0.9999994622930302 0.00038916484659363916 -0.02910834550857544 -0.0013955664578289295 -0.000387823185631303 0.9999989509931692 1.4026936292648315
0.9999998507718134 -0.00035035528960746616 -0.0004191748100554801 -0.0024701040238142014 0.00035046128929724083 0.9999999066268502 0.00025283032831800294 -0.028932906687259674 0.00041908619047290843 -0.00025297719513296457 0.9999998801846444 1.3898688554763794
0.9999997798234745 -0.00059785860390659 0.00028795501672102827 -0.0014773719012737274 0.0005977701811812734 0.9999997741925942 0.0003070595552896322 -0.028683722019195557 -0.0002881385298956947 -0.00030688735675980886 0.9999999113981647 1.3800973892211914
0.9999996470138135 -0.0006705758135433238 0.0005062611248494268 -0.001162603497505188 0.0006704121928131306 0.9999997230139135 0.00032329489315394285 -0.02871345728635788 -0.0005064777783581303 -0.0003229553754044651 0.9999998195900265 1.3820281028747559
0.9999997905919157 -0.0006465464920881436 2.817371261949207e-05 -0.0022020749747753143 0.0006465379269090242 0.9999997450991863 0.0003029690930793464 -0.02443772181868553 -2.8369589042331376e-05 -0.0003029508142614187 0.9999999537079841 1.1817134618759155
0.9999993164326673 -0.00012444280356721486 -0.001162604054145782 -0.0035985526628792286 0.00012467637808849673 0.9999999720603461 0.00020083602206520906 -0.028159458190202713 0.001162579029065384 -0.00020098083404288707 0.9999993040081105 1.3519723415374756
0.9999999062447277 -0.0004254594149569088 -8.059046061577917e-05 -0.001883084885776043 0.0004254814989624814 0.99999987188748 0.00027420889454846613 -0.030161339789628983 8.047378553528158e-05 -0.0002742431585899214 0.9999999591573292 1.4479660987854004
0.9999997469027191 -0.0005749313154557394 0.00041910437877042535 -0.0011187400668859482 0.0005748018039414951 0.9999997870378381 0.0003090746910880175 -0.030753005295991898 -0.0004192819862357721 -0.0003088337109090965 0.9999998644121683 1.47678804397583
0.9999996185005813 -0.00017957011065727823 -0.0008548410770471847 -0.003036290407180786 0.00017975590995287184 0.9999999602391173 0.0002172776480584669 -0.029641669243574142 0.0008548020264866438 -0.00021743122790284018 0.9999996110185025 1.421748399734497
0.9999992625257352 -0.0008180009767020501 0.0008976761041037205 -0.0006411168724298477 0.0008176832902993406 0.999999602965053 0.0003542086579611077 -0.028240010142326355 -0.0008979654907231044 -0.0003534743819909115 0.999999534356811 1.3610060214996338
0.9999996433097664 -0.00038062391100834604 -0.0007539932215872693 -0.0033177249133586884 0.00038080816028417526 0.9999998976669207 0.0002442361422120551 -0.02449207752943039 0.0007539001823131629 -0.00024452318186698785 0.999999685921415 1.182229995727539
0.9999991983939832 -0.00024330382537894444 -0.0012425838560341533 -0.004088541958481073 0.00024356600015624315 0.999999948110067 0.00021084465010098497 -0.023632388561964035 0.0012425324922466301 -0.00021114713226631784 0.9999992057646315 1.1409488916397095
0.9999675189794042 0.0005933007767582367 -0.008037971159658978 -0.011569521389901638 -0.0005954287719450568 0.999999788317888 -0.00026235235258869694 -0.0314350463449955 0.00803781380430969 0.00026712987041305463 0.9999676605725206 1.5268580913543701
0.9999984806214739 -0.0008652821699405084 -0.0015132883103562427 -0.0019209813326597214 0.0008663800285369378 0.9999993618991153 0.0007249737984683105 -0.030662447214126587 0.0015126600378241443 -0.0007262837797282002 0.9999985921847497 1.438432216644287
0.9999996427218403 -0.0006036610011114738 -0.0005917343894446235 -0.003002404235303402 0.000603814209975052 0.9999997842230969 0.00025877047672265974 -0.023420635610818863 0.000591578052116973 -0.0002591276819024976 0.9999997914441047 1.1087175607681274
0.9999976022800583 -7.070628626507752e-05 -0.0021887061829741583 -0.0057317353785037994 7.104144847563898e-05 0.9999999857636078 0.00015305520780818633 -0.020002536475658417 0.0021886953298495414 -0.00015321032968218848 0.9999975930667773 0.969135582447052
0.9999948433010168 0.0003060837828736458 -0.00319682406347832 -0.0069757611490786076 -0.00030585900703108975 0.9999999507187499 7.080088759994665e-05 -0.022121857851743698 0.003196845576938341 -6.982274506737299e-05 0.9999948876385027 1.0637578964233398
0.9999965909157209 -0.00015789172186759137 -0.0026063820021116233 -0.005056475289165974 0.0001581460176439409 0.9999999827553586 9.736077283663448e-05 -0.027374230325222015 0.002606366584705434 -9.777262985964717e-05 0.9999965986410851 1.3077600002288818
0.9999978604150082 -0.00036253734573307733 -0.002036598163367522 -0.004643139895051718 0.0003629847045498314 0.9999999100760089 0.00021929450245332526 -0.02654287964105606 0.0020365184777816334 -0.00022003328723671568 0.9999979020867206 1.2582676410675049
0.9999997906478397 -0.0006384251209337859 0.00010544022742082507 -0.0020037228241562843 0.0006383929852505755 0.9999997498581292 0.00030452926830921013 -0.025497131049633026 -0.00010563462018075752 -0.00030446189225380124 0.9999999480721401 1.2312304973602295
0.9999995118136149 -0.0003118440424624996 -0.000937617099481193 -0.0035640979185700417 0.00031205933656149965 0.9999999249787567 0.00022948083063694682 -0.024693697690963745 0.0009375454669100988 -0.00022977331077754244 0.9999995341062531 1.191147804260254
0.9999978881112103 0.0001266184859761934 -0.002051277864722048 -0.0050005060620605946 -0.00012633235147141878 0.9999999822732203 0.00013961982676212445 -0.026609614491462708 0.0020512955068105743 -0.0001393603891444059 0.9999978863804792 1.2774931192398071
0.999999610210518 -0.0006988075691139391 0.0005396728577355901 -0.0011588763445615768 0.0006986308597452135 0.9999997023105994 0.0003275570700774021 -0.02818216383457184 -0.0005399015964405875 -0.0003271799102865204 0.9999998007297664 1.3573863506317139
0.9999993662496977 -0.00020176827388801433 -0.001107605420181708 -0.0036721164360642433 0.0002020021193466807 0.9999999573330123 0.00021101923514269485 -0.026326961815357208 0.001107562795936689 -0.00021124284005146732 0.9999993643403559 1.2667641639709473
0.9999997744247453 -0.0006415877263448313 0.00019878543163057654 -0.0017944611608982086 0.0006415263090919324 0.9999997465208809 0.00030887241466447536 -0.026397965848445892 -0.0001989835499928757 -0.00030874481890624654 0.9999999325410894 1.2734379768371582
0.9999977774730313 0.0001794551369878639 -0.0021006772364074414 -0.00500405253842473 -0.00017922171250128787 0.9999999777452314 0.0001113063986606383 -0.027806688100099564 0.0021006971641623746 -0.00011092966430744406 0.9999977873805692 1.3313302993774414
0.9999993948849073 -0.0007176285903216206 0.0008338099457613872 -0.0005289856344461441 0.0007173445120770219 0.9999996845855506 0.0003409481640365782 -0.030692540109157562 -0.0008340543569160125 -0.00034034982873499116 0.9999995942575797 1.4750478267669678
0.9999986866978503 -0.0008917109291870028 0.0013533123043466125 0.00022012554109096527 0.0008911974298396055 0.9999995306855408 0.00037999452485106634 -0.030746523290872574 -0.0013536505144884213 -0.000378787957356036 0.9999990120744959 1.478907823562622
0.9999998902696808 -0.0003542472728541957 -0.00030654444325836275 -0.002220739610493183 0.00035432626279619433 0.9999999040314205 0.00025766266526547875 -0.02999527007341385 0.0003064531375432413 -0.000257771253739033 0.9999999198202243 1.439638614654541
0.999999444931728 -0.000731080489036679 0.0007587209991175495 -0.0007351655513048172 0.0007308229697075524 0.9999996752731527 0.00033963417989871665 -0.02949635684490204 -0.0007589690526628054 -0.0003390795006448047 0.999999654495475 1.419163465499878
0.9999997817244013 -0.00047855836859393865 -0.0004555579413967346 -0.002617458812892437 0.00047867675083238323 0.9999998516892317 0.000259788535321371 -0.026678377762436867 0.0004554335498549434 -0.0002600065436110766 0.9999998624884302 1.284261703491211
