0.9999545564580228 0.0007399910297871934 -0.00950460057628361 -0.015457672998309135 -0.0007354942606705126 0.9999996159494525 0.00047660165734189955 -0.015244444832205772 0.009504949606987771 -0.0004695894197006555 0.9999547166840833 0.7466449737548828
0.9999751160117393 0.0006285177970515367 -0.007026544149662094 -0.011879346333444118 -0.0006241842004088442 0.9999996136644592 0.0006189224636771479 -0.015478216111660004 0.007026930438841778 -0.0006145212045761332 0.9999751219966907 0.7592993378639221
0.9999003587255079 0.0010867471172817196 -0.014074501813701666 -0.02278031036257744 -0.0010682003046463978 0.999998551381796 0.0013252103300221121 -0.012754416093230247 0.01407592159362807 -0.001310043897250716 0.9999000711152478 0.5878719687461853
0.9999360217289339 0.0009480124727698467 -0.011271810913271153 -0.018057730048894882 -0.0009436649326496386 0.9999994783027019 0.00039101255596205253 -0.015188319608569145 0.011272175717577916 -0.00038035072696844546 0.9999363946711394 0.737557590007782
0.999972871462604 0.0004745143213012832 -0.007350590111892396 -0.011847258545458317 -0.00047070246734608396 0.9999997538639009 0.0005202992645985467 -0.01669742725789547 0.007350835192099235 -0.0005168252087383726 0.9999728486882442 0.8088518381118774
0.9999558741527752 0.0007687828713254343 -0.009362623577607298 -0.015287347137928009 -0.0007629141832104531 0.9999995102937241 0.0006303762853388828 -0.015288349241018295 0.00936310361516243 -0.0006232055911318046 0.9999559709834643 0.7473679780960083
0.9999641937310744 0.0005753344740356736 -0.008442762936689989 -0.013489380478858948 -0.0005714439888813197 0.9999997294430772 0.0004632121972506947 -0.01651817560195923 0.0084430271543879 -0.0004583710452204688 0.9999642519552662 0.7950637340545654
0.999972147007659 0.0003920320296730845 -0.007453289192072208 -0.012033547274768353 -0.0003892050019423003 0.999999851775959 0.0003807460133398786 -0.01671374961733818 0.007453437351947965 -0.0003778345509896081 0.9999721513685733 0.8113378286361694
0.9999626708739071 0.0005037594666895399 -0.008625722295670785 -0.013726506382226944 -0.0005004242671667591 0.9999997992006217 0.0003888113544352568 -0.016549278050661087 0.008625916431031663 -0.00038448031968858564 0.9999627221754863 0.7973422408103943
0.9999720908518807 0.0005955659912527345 -0.007447336333738548 -0.012440384365618229 -0.0005936259506612907 0.9999997892960689 0.00026270905599754164 -0.018576623871922493 0.007447491225134854 -0.00025828079190057566 0.9999722336972581 0.8859927654266357
0.999995238567434 -0.00020536876011070906 -0.0030790690368012533 -0.00628441059961915 0.0002060540946133477 0.999999954070455 0.00022226290293473415 -0.021350979804992676 0.003079023249524219 -0.00022289629942753996 0.9999952349551815 1.0163092613220215
0.9999829434613546 0.0003150137587766129 -0.005832113913252535 -0.010072141885757446 -0.0003130544405055205 0.9999998942600437 0.00033686320533786923 -0.018694952130317688 0.005832219413109571 -0.0003350316904595114 0.9999829363396577 0.8851752877235413
0.9999840967710012 0.00017938554425576367 -0.005636845386513841 -0.009632660076022148 -0.00017764714755678668 0.9999999365117449 0.0003088980367522996 -0.019169015809893608 0.005636900440482806 -0.000307891754771951 0.9999840651510861 0.9078637361526489
0.9999622576144311 0.0004908247636302166 -0.008674239891854377 -0.01367830391973257 -0.00048684472450026816 0.9999997752582737 0.0004609399269903414 -0.017048263922333717 0.008674464183121443 -0.00045669952208749376 0.9999622718366339 0.8135697841644287
0.9999890017907604 0.00033614241189400626 -0.00467795957630541 -0.008623935282230377 -0.0003338498770836806 0.9999998238083088 0.0004908437745504971 -0.01707494631409645 0.004678123745498041 -0.0004892766399184086 0.9999889378221098 0.8292979598045349
0.999971128031652 0.0004957468087727395 -0.007582699928608112 -0.012328039854764938 -0.0004933083823749344 0.9999998260152181 0.00032344454514852787 -0.01782253384590149 0.007582858955934789 -0.00031969459723204174 0.9999711986079495 0.8507577180862427
0.9999868519555608 0.00044848514904153274 -0.005108304716646573 -0.009365692734718323 -0.0004471798215041133 0.9999998670754059 0.0002566697829528197 -0.020320717245340347 0.005108419150213105 -0.0002543820774557286 0.9999869195862234 0.9636543393135071
0.9999945980211988 -0.00011687248040389989 -0.0032848545240556017 -0.006826943717896938 0.00011769055560555656 0.9999999621107121 0.00024885238052368833 -0.018690072000026703 0.0032848253155998374 -0.00024923763258242364 0.9999945738869028 0.9088345766067505
0.9999910481694927 0.0003538422642468817 -0.004216441216404638 -0.008430066518485546 -0.00035286132965732845 0.9999999105097402 0.00023338678957603618 -0.019067086279392242 0.004216523421184286 -0.00023189688128301072 0.9999910835372859 0.9204532504081726
0.9999958595728416 -6.196704339304037e-05 -0.0028769771043602827 -0.006572834216058254 6.263980530977356e-05 0.9999999707177037 0.00023375381566304067 -0.019515350461006165 0.0028769625350829487 -0.00023393306110809173 0.9999958341722702 0.9412349462509155
0.9999974775489519 -2.0461358535212972e-05 -0.00224599133268012 -0.005748742260038853 2.0812563343640762e-05 0.9999999875613268 0.00015634635768994545 -0.02053000032901764 0.0022459881056840878 -0.00015639270815079228 0.9999974655361633 0.9931951761245728
0.9999976267162185 -3.703781382049615e-05 -0.002178345732686074 -0.0056223152205348015 3.7401250890701575e-05 0.9999999853893936 0.00016680035777432057 -0.02098942920565605 0.0021783395229385254 -0.0001668814347650116 0.9999976134909072 1.014448642730713
0.9999986858169201 -0.00015841418341052413 -0.0016134650226017496 -0.004501438699662685 0.00015885497012496923 0.9999999500994498 0.00027306811657786266 -0.019102931022644043 0.001613421684226254 -0.00027332406465432733 0.9999986610813159 0.9107311367988586
0.9999904106216637 0.0004337524489530217 -0.004357811782238755 -0.008891849778592587 -0.00043266823260593894 0.9999998752145557 0.0002497380095448185 -0.018991880118846893 0.004357919562920513 -0.0002478501279907095 0.9999904735083215 0.903742790222168
0.9999996279272159 0.0007195669169757015 -0.00047578238952906434 -0.004308578558266163 -0.0007191798909378066 0.9999994108053661 0.0008131231182723492 -0.01798567920923233 0.0004763672056959703 -0.0008127806426043549 0.9999995562308579 0.8423517942428589
0.9999917641521525 0.00023194638019742358 -0.004051891995420803 -0.008203614503145218 -0.00023110580313953638 0.9999999516796989 0.00020791995525836125 -0.018723297864198685 0.004051940025913154 -0.00020698182710740892 0.9999917694364038 0.9011725187301636
0.9999986934956456 0.0005390653228994061 -0.0015239473675532043 -0.005453282967209816 -0.0005381747927629081 0.9999996842426213 0.0005847072342042676 -0.017026273533701897 0.0015242620817495865 -0.0005838863202230057 0.9999986678500481 0.8054574131965637
0.9996366396591052 0.0016789169248553454 -0.026902971750569826 -0.043458323925733566 -0.0016082821260492253 0.9999952035000731 0.0026469615506800248 -0.005914626177400351 0.026907286739014664 -0.0026027321812245856 0.9996345450741173 0.17592692375183105
0.999058128360972 0.0032016649956021306 -0.04327361201850329 -0.06633074581623077 -0.0029979450134228606 0.9999841210211495 0.004771795391235956 -0.0020642317831516266 0.04328820256800355 -0.004637569063126037 0.9990518627536893 -0.14362657070159912
0.99972250553077 0.001862893716121845 -0.02348279289782307 -0.03605341911315918 -0.0018127047783079494 0.9999960277624776 0.0021583699063582066 -0.010632870718836784 0.023486720432327617 -0.00211520359975274 0.9997219112718623 0.46495530009269714
0.9999930038330017 0.00019381773078995624 -0.003735601656667047 -0.007901689037680626 -0.0001928595777728625 0.9999999484164219 0.0002568508061834065 -0.018554696813225746 0.0037356512462117537 -0.0002561285626540404 0.9999929896293903 0.8970258235931396
0.999991952627004 -7.672420421042959e-05 -0.004011083971721507 -0.007935753092169762 7.823284542463071e-05 0.999999926265894 0.0003759625360964091 -0.018818411976099014 0.004011054830541421 -0.0003762733090979935 0.9999918848958442 0.903789758682251
0.9999777028097722 0.0003553313545616546 -0.006668404825689191 -0.01132722944021225 -0.0003524119241745094 0.9999998415554289 0.00043897033234338557 -0.016533076763153076 0.006668559749039452 -0.00043661051916258525 0.9999776695917404 0.7925747036933899
0.9999831495565572 0.000502165908250196 -0.005783461969155989 -0.010773008689284325 -0.0004997912477376082 0.9999997902187581 0.00041203294574459695 -0.016633832827210426 0.005783667664792584 -0.00040913547913294066 0.9999831907569761 0.7910001277923584
0.9999717374334836 0.0007451143074459608 -0.0074812524973644256 -0.013432142324745655 -0.0007395848586990078 0.9999994513387027 0.000741846702779935 -0.014379367232322693 0.007481801153282897 -0.0007362927152169979 0.9999717398629525 0.6948018670082092
0.9999079923328745 0.0008019321814157084 -0.013541188043022805 -0.021908365190029144 -0.0007841717293827566 0.9999988254949015 0.0013168460488332339 -0.013154602609574795 0.013542228160052938 -0.001306106272054723 0.9999074467883851 0.616090714931488
0.9999182659600601 0.0008001314692530521 -0.012760140636313849 -0.021339789032936096 -0.0007818035472248173 0.9999986557680396 0.0014412651829210702 -0.012486631982028484 0.01276127668535338 -0.0014311714592824874 0.9999175473835901 0.5838611721992493
0.999802614020448 0.0010190184606812711 -0.019841738816342644 -0.031019913032650948 -0.000980034526787566 0.9999975706977892 0.0019743684677828812 -0.011826300993561745 0.01984370253267953 -0.0019545331660173544 0.9998011838710221 0.4833754301071167
0.9996400347339441 0.0014766106440520337 -0.02678844112905186 -0.04094259440898895 -0.0014065946399987516 0.9999955461812199 0.002632320125354764 -0.010937019251286983 0.026792208730105318 -0.00259369210383445 0.9996376595110014 0.4224592447280884
0.9995196041093987 0.0016919778481885202 -0.03094669953245703 -0.046261515468358994 -0.0016006569507868423 0.9999942922971762 0.0029754445710691163 -0.010213244706392288 0.030951557284195484 -0.0029244801300139234 0.9995166074246351 0.354643315076828
0.9994506066994479 0.0019036507178413903 -0.03308868208390832 -0.051302287727594376 -0.0018071363355510232 0.9999940261768645 0.002946501119819971 -0.00958426482975483 0.03309409352694563 -0.0028850865721553455 0.9994480763146733 0.33340027928352356
0.9996250653095862 0.0016269558512202122 -0.02733279750526937 -0.040900781750679016 -0.0015460299135538974 0.9999943598066604 0.0029816348491974337 -0.010276112705469131 0.027337494331271032 -0.0029382596082940643 0.9996219425533646 0.447282075881958
0.9997776187504366 0.0011141738482344696 -0.021058766876122282 -0.03272747993469238 -0.0010691560667179575 0.9999971196497957 0.0021488595620974184 -0.011453521437942982 0.021061100422626423 -0.0021258665876596576 0.9997759302664972 0.4783846139907837
0.9999085501461726 0.0009775878574659472 -0.013488352996551604 -0.022220134735107422 -0.0009620195941688467 0.9999988637152966 0.0011606405195830828 -0.012834219262003899 0.013489472298021249 -0.0011475583193014723 0.9999083544240563 0.6161638498306274
0.999946483772714 0.0007520641422398129 -0.010318138887968398 -0.017467794939875603 -0.00074367531741461 0.9999993898677579 0.0008168299298396872 -0.013575372286140919 0.010318746901039726 -0.0008091128709708698 0.9999464329646636 0.6574369668960571
0.9998865161248153 0.0009267286124524919 -0.015036490476775273 -0.024426506832242012 -0.0009025263051920846 0.9999982865451555 0.0016162775198696568 -0.0119003402069211 0.015037962563051151 -0.0016025232702402681 0.9998856392613709 0.5360566973686218
0.999790006345451 0.00125045243017282 -0.0204543291379381 -0.03210872784256935 -0.0012059894357776364 0.9999968835790816 0.0021859601107673495 -0.010862359777092934 0.020456998832771668 -0.0021608333681587192 0.9997883986113818 0.4547983407974243
0.9997743844714031 0.001172977134122202 -0.02120858975674417 -0.03295901045203209 -0.0011238485102859144 0.9999966581726287 0.0023282199425449296 -0.011051226407289505 0.021211249830054225 -0.00230385941796852 0.9997723616466048 0.4477652311325073
0.9998213635732439 0.0012230221706955263 -0.018861207790306818 -0.029917696490883827 -0.0011878518331449367 0.9999975352216586 0.0018757821382575169 -0.010714264586567879 0.018863455424752845 -0.0018530427349899223 0.9998203520043292 0.48787108063697815
0.9998351664723822 0.0009731180768059404 -0.018129890412039957 -0.028548190370202065 -0.000935998089600981 0.9999974487529265 0.002055819840064461 -0.011756540276110172 0.018131844713659123 -0.002038511429237732 0.9998335264825005 0.5170530080795288
0.9996273622202637 0.001338655318722141 -0.027264348561719783 -0.0414208248257637 -0.0012606829391998953 0.9999950671822005 0.002876854148681301 -0.010158388875424862 0.02726806518776323 -0.002841410425058553 0.9996241188605405 0.36206215620040894
0.9996792456719741 0.0013743699097626897 -0.02528867098256238 -0.03872508555650711 -0.00130794562308693 0.9999956519174391 0.0026429953581759277 -0.010708650574088097 0.02529219347862501 -0.002609071399450512 0.9996766965851873 0.43523409962654114
0.9998221710448036 0.0009817322946440643 -0.018832484938439295 -0.029746508225798607 -0.0009441754436388602 0.9999975481654374 0.0020030466407383847 -0.01154038030654192 0.01883440521987672 -0.0019849092712254804 0.9998206465737732 0.512376070022583
0.9997817108974484 0.0010294009223826431 -0.02086793925408244 -0.03233514353632927 -0.000981704000797199 0.9999968828417144 0.0022957709183364992 -0.011279953643679619 0.020870237474113606 -0.0022747836371089457 0.9997796049866083 0.4777824878692627
0.9998579907515538 0.0009266003512922498 -0.016826756730127904 -0.027003267779946327 -0.000899390257976812 0.9999982759358264 0.0016245684162426346 -0.012771658599376678 0.016828233045384656 -0.0016092038914263718 0.999857100307542 0.586230456829071
0.9999602999944662 0.0006902855838603338 -0.008883802158414209 -0.015143567696213722 -0.0006823641920815593 0.9999993669748292 0.0008946670053090613 -0.01475868932902813 0.008884414110479948 -0.0008885694985415609 0.9999601380205911 0.7140301465988159
0.9999748590077002 0.0005233626260465713 -0.007071594169081899 -0.012310612946748734 -0.0005199853817025409 0.9999997498910415 0.0004794090715285882 -0.016102444380521774 0.0070718433052034705 -0.0004757198931155568 0.9999748810459442 0.7737841606140137
0.9999785558942255 0.0003920538194371426 -0.006537128230513326 -0.011197967454791069 -0.0003888690901595506 0.9999998051038108 0.0004884395265178626 -0.016857143491506577 0.0065373184510338815 -0.0004858869652617355 0.9999785134598277 0.8046814203262329
0.9999776834183319 0.00039896315350948183 -0.006668845005578532 -0.011433813720941544 -0.00039568737003280413 0.9999998004281487 0.0004925192055930882 -0.01697923243045807 0.006669040171680216 -0.0004898694365065997 0.9999776417156154 0.8065636157989502
0.999993711624048 0.0001381513940301183 -0.003543674160087389 -0.007351675536483526 -0.00013746354918017973 0.9999999716663479 0.00019434782290056907 -0.02022758312523365 0.003543700909104818 -0.0001938594747412095 0.9999937022813549 0.9687093496322632
0.9999934036417122 -0.0001466557584551941 -0.0036292099900952376 -0.007105433382093906 0.00014761027095560122 0.9999999545889542 0.00026274188392699696 -0.019546572118997574 0.003629171292678751 -0.0002632758594573861 0.999993379878862 0.9385302066802979
0.9999886034276928 0.0002588382180577882 -0.0047671812960358335 -0.008985213004052639 -0.00025748212425927834 0.9999999262173038 0.000285076029205201 -0.018919745460152626 0.004767254732871755 -0.0002838453163487887 0.9999885962920517 0.9025436639785767
0.9999926324447767 0.0001503117785470191 -0.0038356827991212396 -0.007883265614509583 -0.0001493906216812718 0.9999999599355289 0.00024043997784483349 -0.01867198571562767 0.0038357187864073404 -0.0002398651913520859 0.9999926148357706 0.8982927799224854
0.9999914513214009 0.00030271417819040757 -0.004123790518961908 -0.008259838446974754 -0.00030176778700549255 0.9999999279914719 0.00023011573899591996 -0.019190438091754913 0.004123859881310642 -0.00022886934467144536 0.9999914706628762 0.9205387830734253
0.9999967559392149 -0.00017278433945994888 -0.002541310020055942 -0.005989892408251762 0.000173385267244445 0.9999999570628356 0.0002362453719858594 -0.019639499485492706 0.002541269091438747 -0.00023668523130849088 0.9999967429604488 0.9529740810394287
0.9999772204420031 0.0004249846909855917 -0.006736318363776495 -0.01192213874310255 -0.00042169903524375034 0.9999997914435925 0.0004891653048808927 -0.015917165204882622 0.006736524846640071 -0.00048631346295636074 0.9999771911059805 0.7657448053359985
0.9999948213676874 6.115349056009251e-05 -0.003217685201763693 -0.00674285227432847 -6.010900745977628e-05 0.9999999454775329 0.0003247026924674555 -0.017944231629371643 0.0032177048830305957 -0.00032450759908780424 0.9999947705213782 0.8612685799598694
0.9999722612380075 0.0006137519851790706 -0.0074229416706817685 -0.012891012243926525 -0.0006114662636874081 0.9999997649448785 0.00031019219137398636 -0.016950979828834534 0.007423130306954556 -0.00030564470861767657 0.9999724014780397 0.8327133655548096
0.9999965181130159 -5.419548476682494e-05 -0.0026383374867431264 -0.006236520130187273 5.467720209443565e-05 0.9999999818499086 0.00018251187872853408 -0.019721966236829758 0.0026383275475373165 -0.0001826555001547551 0.9999965029262452 0.9523531198501587
0.9999940370272837 6.070667169900029e-05 -0.0034528574508701096 -0.007058394141495228 -6.0149350705367995e-05 0.9999999851479252 0.00016151224569346142 -0.0215461365878582 0.0034528672044588865 -0.00016130359546659892 0.9999940258267641 1.026267170906067
0.9999969347584825 -0.00019471351108202124 -0.0024683112218582266 -0.005620918702334166 0.0001950787154360073 0.9999999700619495 0.00014771728002626548 -0.022238705307245255 0.0024682823854115595 -0.00014819834221958225 0.9999969428049854 1.0661163330078125
0.999995846615306 -0.00011078028370976463 -0.0028800138655894203 -0.00611695135012269 0.00011112696509800238 0.9999999865995567 0.00012021515724053033 -0.02254122495651245 0.002880000509526732 -0.00012053470514105938 0.9999958455255951 1.0777541399002075
0.9999995876541398 -8.909693525814864e-05 -0.0009037440383722266 -0.0035535357892513275 8.942848067074307e-05 0.9999999287213943 0.0003668238724241628 -0.02001294493675232 0.000903711291071799 -0.00036690454162212436 0.9999995243433668 0.9489907026290894
0.9999900833578007 0.0003702355606715016 -0.00443803015859211 -0.008716532960534096 -0.00036939956374402696 0.9999999138756638 0.0001891893958537852 -0.019393742084503174 0.004438099821011755 -0.00018754811332577186 0.999990133999173 0.9302888512611389
0.9999963925703982 -0.0002272004732785662 -0.0026764203957931067 -0.005898807663470507 0.00022776865374654162 0.9999999515911995 0.00021198829899283307 -0.021599803119897842 0.0026763721023889456 -0.00021259713893037764 0.9999963959109183 1.0330214500427246
0.9999956855476935 -1.1015213471688936e-05 -0.002937475900118131 -0.006499224342405796 1.1590733075349955e-05 0.9999999807432033 0.0001959062227848578 -0.020560801029205322 0.0029374736856028895 -0.00019593942505587657 0.9999956664186542 0.9878060817718506
0.9999946151881495 -2.7584259123401876e-05 -0.003281590134882912 -0.006647561676800251 2.8468197976389896e-05 0.9999999633290751 0.0002693165606648867 -0.018467994406819344 0.003281582585646172 -0.0002694085314035165 0.9999945793026963 0.8892357349395752
0.9999934474337119 0.00036549997778010176 -0.0036015967856659506 -0.0076275598257780075 -0.0003646422172239304 0.9999999050017307 0.0002388149556410888 -0.02080788090825081 0.0036016837303814698 -0.00023750009655278953 0.9999934857127873 0.9953566789627075
0.9999983902083649 -8.536479784375824e-05 -0.001792287234295017 -0.00493114348500967 8.567579387066031e-05 0.9999999812885891 0.0001734430163164309 -0.022911306470632553 0.001792272394830769 -0.00017359629274095657 0.9999983788106809 1.105777621269226
0.9999991599399681 -0.0003522596878557474 -0.001247410305616825 -0.004121437668800354 0.00035256167699799086 0.9999999085968577 0.000241881252346204 -0.02236635982990265 0.0012473249865851538 -0.00024232083822068424 0.9999991927301689 1.07975435256958
0.9999944728575239 0.00011516970945379653 -0.0033227985706329078 -0.007119214627891779 -0.00011454827234926585 0.9999999759151974 0.00018721190649668138 -0.02030368708074093 0.0033228200517448378 -0.00018683025091417033 0.9999944619653456 0.974992573261261
0.9999977692904415 -5.420961878440786e-05 -0.0021115102316437502 -0.005325946491211653 5.4527201169847295e-05 0.9999999872111243 0.00015034804928391578 -0.022572504356503487 0.0021115020543294714 -0.00015046284864425814 0.9999977594574929 1.0887386798858643
0.999998790185632 -0.00014917530705626974 -0.0015483455686062402 -0.003610605373978615 0.00014948190070545873 0.9999999692454001 0.0001978998731791297 -0.030528638511896133 0.0015483159992131443 -0.00019813108339556386 0.999998781730078 1.4619240760803223
0.9999989795099072 -0.0008929652133997988 0.0011151646835682197 -0.0004659947007894516 0.0008926111917280767 0.9999995510863788 0.0003179187016736557 -0.026095423847436905 -0.0011154480732968872 -0.00031692296876359747 0.9999993276674876 1.2489259243011475
0.999992425672003 0.0001506716759128863 -0.003889202575019362 -0.0063244011253118515 -0.00015071041138416566 0.9999999885964636 -9.666675534567067e-06 -0.031118739396333694 0.0038892010741744952 1.0252745636033451e-05 0.9999924369763432 1.4585816860198975
0.9999997633491868 -0.0006032632435303426 0.00033071895776626704 -0.0012903530150651932 0.000603108351361527 0.9999997085012367 0.00046824967475080407 -0.025633901357650757 -0.0003310013391796721 -0.0004680501045737554 0.9999998356835929 1.179754614830017
0.9999953322607478 -0.0002508905581631964 -0.0030450797435299247 -0.006207269616425037 0.000251460694415361 0.9999999509271952 0.00018685054548184545 -0.022973252460360527 0.0030450327150616722 -0.00018761539117907817 0.9999953462772859 1.0874559879302979
0.9999458736170199 0.0005225409097103951 -0.010391187963500309 -0.01567225344479084 -0.0005214589716132272 0.9999998583339552 0.00010682982184223611 -0.02147003635764122 0.010391242314374096 -0.00010140546134109877 0.9999460044422882 1.0138157606124878
0.9999986409317384 -0.0004995232414143848 -0.0015711814686701097 -0.003966277465224266 0.0004999218313554582 0.9999998429572223 0.0002533055332133203 -0.025309521704912186 0.0015710546899263887 -0.00025409065687101895 0.9999987336117478 1.1719985008239746
0.9999745285576506 -0.001675726943825412 0.006937879727569345 0.007973955944180489 0.0016723604655592892 0.9999984810613589 0.0004910045297218298 -0.035120267421007156 -0.006938691978875735 -0.00047938938735706546 0.9999758120771909 1.6101539134979248
0.9999984674848662 -0.00046597755867104347 -0.0016875700975625741 -0.004112509544938803 0.0004665422445277598 0.9999998353121166 0.00033423655428513555 -0.026265941560268402 0.001687414072906642 -0.0003350233648036725 0.9999985201954511 1.2446478605270386
0.9999998072191149 -0.0003358554182946294 -0.0005222670494822265 -0.0030703814700245857 0.00033604090882577827 0.9999998804842175 0.0003551169638062302 -0.020668309181928635 0.0005221477191066488 -0.0003552923984404254 0.9999998005645155 0.9888696074485779
0.9999993369722561 0.0010890328893257667 -0.0003742491341293476 -0.005505449138581753 -0.0010886294134552106 0.9999988278953472 0.001076612247829766 -0.018164092674851418 0.00037542116161713365 -0.0010762041153906028 0.9999993504216159 0.8107536435127258
0.9995010841466301 0.0012696513333747838 -0.03155900466116008 -0.04850757122039795 -0.0011641742672672845 0.9999936762933592 0.003360367772734996 -0.00697511387988925 0.031563071586696 -0.003321951050852934 0.9994962416903973 0.1409168541431427
0.9999261375397113 0.0009092540268542094 -0.012119930776556143 -0.018735967576503754 -0.000900497442791292 0.9999993296093336 0.0007279321661785487 -0.015043899416923523 0.012120584526721049 -0.0007169644326467353 0.9999262859794878 0.7215582132339478
0.9999918786091676 0.00012827252039985856 -0.004028183445195704 -0.0074241505935788155 -0.00012772720740945444 0.9999999826449442 0.00013563138179574838 -0.024226833134889603 0.004028200773065545 -0.00013511577165789985 0.9999918776381436 1.1453673839569092
0.9999914130749333 0.0003868217724530135 -0.004126032636140107 -0.008021418005228043 -0.0003860361790816637 0.9999999072104729 0.00019119391717201882 -0.021915512159466743 0.004126106211257413 -0.00018959947753055707 0.999991469613402 1.0374057292938232
0.9999982513548069 -0.00038191172666424 -0.0018306913342129008 -0.00474279560148716 0.00038246805520551985 0.9999998807879649 0.00030354940696039 -0.0214715376496315 0.0018305751868943215 -0.0003042490571144567 0.9999982782120157 1.0289201736450195
0.9999929177877773 0.00025212130860899855 -0.0037551044104808065 -0.007304803468286991 -0.0002517428491666867 0.9999999631862123 0.0001012576523820941 -0.02275262400507927 0.003755129801453015 -0.00010031161457069793 0.9999929444439869 1.084622859954834
0.9999945082187068 6.605871862855381e-05 -0.003313482861307197 -0.006473281420767307 -6.579077422856724e-05 0.9999999945574076 8.09738152359776e-05 -0.02489352598786354 0.0033134881922997376 -8.075537394265536e-05 0.9999945071221986 1.1860300302505493
0.9999992096315822 -0.0004695962799151289 -0.0011662827895083194 -0.003514533396810293 0.00046990626347453285 0.9999998543415218 0.0002655278495055135 -0.026515688747167587 0.0011661579287390014 -0.0002660756832284597 0.9999992846394522 1.2648619413375854
0.9999991711896763 -0.00015717286910931204 -0.0012778562710774625 -0.0039525143802165985 0.0001574274655767433 0.9999999677801199 0.0001991390266442005 -0.025899402797222137 0.0012778249306529175 -0.00019934003126984647 0.9999991637131495 1.2463831901550293
0.9999984308601327 -0.0002858111887244413 -0.0017483103948185137 -0.0040052225813269615 0.0002860925717029718 0.9999999461636445 0.00016069769254697927 -0.02772941067814827 0.0017482643714973219 -0.000161197619006812 0.9999984587923199 1.327497959136963
0.9999993960004655 -0.0006080796942797935 -0.0009155532696106147 -0.0030183615162968636 0.0006083363950616855 0.9999997757282714 0.000280125395855923 -0.027496743947267532 0.0009153827257128282 -0.0002806821910358362 0.9999995416458815 1.3085050582885742
0.9999997233570482 -0.0003823020293093547 -0.0006380681668607069 -0.003052718937397003 0.000382461066223497 0.9999998958253635 0.0002491441250565887 -0.025670336559414864 0.0006379728520855878 -0.00024938809236404335 0.9999997653980822 1.2374083995819092
0.9999938643551328 0.00026839647052776173 -0.0034927375256336842 -0.00721090380102396 -0.0002671873471681207 0.9999999042243739 0.0003466441470595691 -0.021845966577529907 0.0034928302291801607 -0.0003457088049003589 0.9999938402922351 1.045156717300415
0.9999978288439056 -0.00035650677230005136 -0.002053097756073807 -0.004871211480349302 0.00035710984564525417 0.9999998932006099 0.0002933791520198919 -0.02235855534672737 0.002052992945149672 -0.00029411169647072425 0.9999978493568259 1.080843210220337
0.9999976722495749 -1.8031180825943203e-06 -0.002157658958297955 -0.005424286238849163 2.332489236878465e-06 0.9999999699007699 0.000245342655783462 -0.022705338895320892 0.0021576584509723023 -0.00024534711740328786 0.9999976421546207 1.0930323600769043
0.9999982291020278 0.00037840805102750725 -0.0018435292661698774 -0.004882540553808212 -0.00037729054800477395 0.9999997449132716 0.000606485972013262 -0.018383875489234924 0.0018437582950846733 -0.0006057893518213879 0.9999981167855321 0.8779057860374451
0.9999805191191704 0.00033692369976600646 -0.0062328055139656705 -0.01119762472808361 -0.0003338736465245695 0.9999998240235841 0.0004903888139431426 -0.016342727467417717 0.0062329696407524135 -0.0004882982912320718 0.999980455636127 0.7866799235343933
0.9999922032756206 0.0003367494857453392 -0.003934461558299192 -0.0077763767912983894 -0.0003347463407651257 0.9999998140368735 0.0005097755442422762 -0.01705736480653286 0.0039346324932867886 -0.0005084545230533407 0.9999921300396022 0.8223122358322144
0.9999895099498637 0.0004217069190551478 -0.004560937787992718 -0.008948119357228279 -0.0004205143653507048 0.9999998771498677 0.0002624269766666871 -0.020098034292459488 0.004561047894952714 -0.0002605062839352229 0.9999895644348376 0.9575302600860596
0.9999850684397557 0.00027366853858932393 -0.005457838681044329 -0.009493207558989525 -0.0002712675581766839 0.999999866120929 0.00044064956159117487 -0.01934743858873844 0.005457958542275507 -0.0004391624474337701 0.9999850088000798 0.9307912588119507
0.9999918267959954 0.00033337896827372916 -0.0040292927011658175 -0.007117907516658306 -0.0003338700205787197 0.9999999369208552 -0.00012119857818229076 -0.029567468911409378 0.004029252041944529 0.00012254284763864212 0.999991875022609 1.3893314599990845
0.9999942623699752 -0.00024028487243798246 -0.00337897770177954 -0.00560029549524188 0.00024061918946305922 0.9999999661967167 9.853411090373166e-05 -0.029058702290058136 0.00337895391130273 -9.934659242727443e-05 0.9999942863840372 1.3721470832824707
0.9999935622449672 -0.00024549464488756974 -0.0035798325379963903 -0.005647521000355482 0.00024590271114881875 0.9999999633190558 0.00011355062017386667 -0.03158962354063988 0.0035798045306155773 -0.00011443017968934225 0.999993585932058 1.4823524951934814
0.9999990790865596 -0.0011244312785322228 -0.000759921267602293 -0.0017326399683952332 0.0011247043130149514 0.9999993030932421 0.0003589613329649585 -0.031310681253671646 0.0007595171106574566 -0.00035981568911986635 0.999999646833152 1.4591495990753174
0.9999985679707671 -0.0002794973756798515 -0.0016691128278428142 -0.004360285587608814 0.0002798413749029687 0.9999999396537776 0.00020586705881508156 -0.0255700945854187 0.0016690551878154828 -0.00020633385083604694 0.999998585839561 1.2216320037841797
0.9999991477475528 -0.00012899108931811276 -0.0012991787663673114 -0.003925780765712261 0.0001292454378191098 0.9999999724996755 0.00019569431485096664 -0.026574311777949333 0.0012991534878166277 -0.00019586206099847232 0.9999991369187616 1.2777719497680664
0.9999998448167607 -0.0004239660183608222 -0.00036141288035844194 -0.0025255121290683746 0.00042406120838919836 0.999999875410184 0.0002633471251438821 -0.027262873947620392 0.00036130118509798356 -0.0002635003454595943 0.999999900014506 1.3122498989105225
0.9999996890001295 -0.0007356299006095455 0.00028433834435747773 -0.001840398646891117 0.0007355405157420229 0.9999996800859059 0.0003143377737408088 -0.02446826547384262 -0.00028456948965888856 -0.00031412853360934784 0.9999999101717311 1.1849007606506348
0.9999978900966792 5.503589430317156e-06 -0.0020542083392169576 -0.005316302180290222 -5.188836631374646e-06 0.9999999882470202 0.0001532287043107613 -0.022836141288280487 0.0020542091583817656 -0.00015321772206153018 0.9999978783722812 1.101782202720642
0.9999995918324331 -0.00034963359866154137 -0.0008331214279111372 -0.0034185023978352547 0.0003498321119428492 0.999999910452766 0.00023814271636848515 -0.024636581540107727 0.0008330380906124989 -0.00023843407179498303 0.9999996245982959 1.1887578964233398
0.9999992921643011 -0.00020146623191997273 -0.001172639012687451 -0.0038218749687075615 0.00020171103763551952 0.9999999578888645 0.0002086502483697306 -0.025648344308137894 0.0011725969273269628 -0.0002088866349116573 0.9999992906911582 1.2349939346313477
0.9999995220092582 -0.0002799810905741199 -0.0009367987212916181 -0.003481239080429077 0.00028019278125857814 0.9999999352421559 0.00022584882009976944 -0.02568206377327442 0.000936735427227596 -0.00022611119638532256 0.9999995357001255 1.2371556758880615
0.9999995400565251 -0.0003067570899346005 -0.0009087281363802615 -0.0034846896305680275 0.0003069660672345994 0.999999926473563 0.00022983625063824247 -0.025151249021291733 0.0009086575656653122 -0.0002301150936287688 0.9999995606941395 1.212498664855957
0.9999998041234616 -0.0006112682041056701 -0.00013455192700900207 -0.002484383527189493 0.0006113076092035624 0.9999997702224078 0.00029301559395313097 -0.02383498288691044 0.00013437278497609357 -0.0002930977891750643 0.9999999480188189 1.153219223022461
0.9999972118236474 2.894111575258042e-05 -0.0023612512240615987 -0.005367598030716181 -2.8625298896655756e-05 0.9999999906412868 0.0001337834764194045 -0.024930913001298904 0.002361255073806403 -0.00013371551188542033 0.9999972032934084 1.196493148803711
0.9999994398206661 -0.00047707750929701413 -0.0009448573458614849 -0.003422594629228115 0.0004773167836050843 0.9999998540724331 0.00025302924814999826 -0.02496039867401123 0.0009447364934172647 -0.0002534801026775348 0.9999995216102833 1.197422981262207
0.9999986333736132 -0.00013166391673234324 -0.0016480034947971912 -0.004734195303171873 0.0001319664028869573 0.9999999744673832 0.00018343963985781585 -0.02284153550863266 0.0016479793003378819 -0.00018365687025751718 0.9999986252162447 1.1030616760253906
0.9999994260366478 -0.0003930650160313756 -0.000996707714366995 -0.003796597942709923 0.00039330227882412546 0.9999998943675635 0.00023786168066477388 -0.022604577243328094 0.0009966141139770067 -0.00023825355155626847 0.9999994749976386 1.0925438404083252
0.9999950542517383 0.00014606859113481708 -0.0031416772637444194 -0.006436045281589031 -0.00014584861333180195 0.999999986896685 7.024821489625614e-05 -0.02386787161231041 0.0031416874836358126 -6.978965819381627e-05 0.9999950624523896 1.1447820663452148
0.9999975501848323 -0.00016597686336410425 -0.002207277964849848 -0.005176885053515434 0.0001663399656580178 0.9999999726650197 0.00016431973430298022 -0.024253884330391884 0.0022072506312398607 -0.00016468649029087362 0.999997550458505 1.1598975658416748
0.9999987466711021 -0.00021802500879309554 -0.0015681585762533556 -0.004416121169924736 0.00021833627947628344 0.9999999564980446 0.00019832593797791648 -0.024353407323360443 0.0015681152680210198 -0.0001986680753194552 0.9999987507719706 1.169853925704956
0.999999070614241 -0.00020722296259213994 -0.0013475271047420929 -0.004049244802445173 0.0002075003222977256 0.9999999573171837 0.00020569211678586987 -0.025041010230779648 0.001347484423096019 -0.0002059715379270847 0.9999990709302959 1.2052370309829712
0.9999997090954136 -0.0004205802587502722 -0.0006363342940604792 -0.0031386944465339184 0.0004207441177586628 0.9999998783616978 0.00025739265067818565 -0.0245656780898571 0.0006362259623902335 -0.0002576603097126372 0.9999997644138169 1.1857295036315918
0.9999990381168956 -0.0002214595326053001 -0.001369204498713684 -0.004326000344008207 0.00022173807631388097 0.9999999547534629 0.00020328624614516353 -0.02296437695622444 0.0013691594170848651 -0.00020358965537918308 0.9999990419764127 1.1094889640808105
0.9999984577842486 -8.287374948794582e-05 -0.001754297884071296 -0.004816901404410601 8.320403722160701e-05 0.9999999788286763 0.0001882013155400761 -0.02351224794983864 0.0017542822499818102 -0.00018834698995948688 0.9999984435083881 1.133453130722046
0.999999213766206 -0.000268433735194455 -0.0012249123640231127 -0.004115180112421513 0.0002686959692864433 0.9999999410194076 0.00021392441958623248 -0.023017317056655884 0.0012248548672460571 -0.0002142533804065666 0.9999992269127227 1.1123287677764893
0.9999976611455951 7.59582746256464e-05 -0.0021614656325515597 -0.005386470351368189 -7.565435293380823e-05 0.9999999872413021 0.00014069049382344902 -0.02386690117418766 0.0021614762915812395 -0.0001405266404850484 0.9999976541335008 1.1494724750518799
0.9999997086597205 -0.0004104981244172513 -0.000643561779688709 -0.00314471498131752 0.0004106595579540342 0.9999998842461362 0.0002507318130895375 -0.024688251316547394 0.0006434587802549411 -0.0002509960248372241 0.9999997614808686 1.191616177558899
0.9999992612339061 -0.00024845374924612504 -0.0011898749413004298 -0.003985293209552765 0.000248706563096066 0.999999946530997 0.0002123276907260802 -0.023985857143998146 0.0011898221240681736 -0.00021262346357274651 0.9999992695570209 1.1574959754943848
0.9999987502725564 -9.5407887868163e-05 -0.0015780844909662414 -0.004472648724913597 9.570156066600041e-05 0.9999999781188844 0.00018602000481098257 -0.024754928424954414 0.0015780667086602318 -0.00018617079748532576 0.9999987375221517 1.1920852661132812
0.9999992096556366 -0.00015740493881100746 -0.001247361931121088 -0.0038851723074913025 0.00015765417073072946 0.9999999676302564 0.00019971141300616772 -0.026193391531705856 0.0012473304551815583 -0.00019990790697623016 0.9999992021014638 1.260145902633667
0.9999997988981691 -0.0003523644323200255 -0.0005272977601694859 -0.00272943452000618 0.00035249525907932443 0.999999907112719 0.00024803557289703956 -0.027695491909980774 0.0005272103122763918 -0.00024822139297721465 0.9999998302176988 1.331939458847046
0.9999997658896405 -0.00039657073313526436 -0.0005576309871699536 -0.0029117045924067497 0.0003967113180310026 0.9999998895522683 0.0002520229777045105 -0.02601536363363266 0.0005575309806438407 -0.0002522441372272157 0.9999998127660329 1.25361967086792
0.9999996801979907 -0.0002749829053824623 -0.0007509915563960245 -0.0030476292595267296 0.0002751561989108218 0.9999999355426528 0.0002306593943001902 -0.027731170877814293 0.0007509280805987026 -0.00023086596051692456 0.9999996914039152 1.3330047130584717
0.9999997584745193 -0.000694508021283783 -2.6636659696376187e-05 -0.0020405612885951996 0.000694516790478207 0.9999997041646729 0.0003306312064056941 -0.02522043138742447 2.6407025791375762e-05 -0.00033064962615723443 0.9999999449867455 1.214644432067871
0.9999986761781593 -0.0001558524805255712 -0.001619676490273046 -0.004631472751498222 0.00015621730422901714 0.9999999624584052 0.00022512072793989636 -0.023123346269130707 0.0016196413438439403 -0.0002253734514151935 0.9999986629834685 1.1147961616516113
0.9999981141275516 -1.2029624678135634e-06 -0.0019420967775194344 -0.005050495732575655 1.5083352185033367e-06 0.9999999876370889 0.0001572372317223538 -0.024002015590667725 0.0019420965643589764 -0.0001572398645259579 0.9999981017664782 1.1562914848327637
0.9999994234059046 -0.0002765907840098434 -0.0010376345197669378 -0.003666033037006855 0.0002768244943073857 0.9999999363497962 0.000225096874461765 -0.024986162781715393 0.0010375721940003037 -0.00022538398732344667 0.9999994363228414 1.2041144371032715
0.9999995555665582 -0.000305615483393813 -0.0008918889292685897 -0.0034168357960879803 0.00030583033601808694 0.9999999242488692 0.0002407697267188336 -0.02555757947266102 0.000891815278750577 -0.00024104238640364434 0.9999995732819471 1.231039047241211
0.9999997584628455 -0.0004974903777182391 -0.00048536334329734947 -0.002874833531677723 0.0004976253934861546 0.9999998375164643 0.00027809353292411985 -0.024508658796548843 0.0004852249155770619 -0.0002783349948788913 0.9999998435431938 1.182413101196289
0.9999990814076113 -0.00021876838238300546 -0.001337656281939442 -0.004182673990726471 0.00021907382340063275 0.999999949966125 0.0002281981761920626 -0.023848287761211395 0.0013376062924654465 -0.00022849101204703518 0.9999990793002081 1.1498099565505981
0.9999994353880806 -0.00035134001894237285 -0.0010028876863530732 -0.00381536316126585 0.00035157254064256726 0.9999999113593299 0.00023168530666390247 -0.022789327427744865 0.0010028061971364044 -0.00023203776362348702 0.9999994702689634 1.102294921875
0.9999970619290224 -1.683579462713636e-05 -0.0024240152390033773 -0.005767865106463432 1.724538281424798e-05 0.99999998557922 0.00016895015969724036 -0.021888934075832367 0.0024240123596369957 -0.0001689914663804237 0.9999970477986245 1.0545051097869873
0.9999971839096395 7.407805013922305e-05 -0.002372063496841421 -0.005468703340739012 -7.371138740067483e-05 0.9999999853230738 0.0001546624825710557 -0.025324800983071327 0.002372074919121959 -0.00015448719893617472 0.9999971746931505 1.212348461151123
