0.9999977966429974 -0.0020688849333044524 0.0003555619261473014 -0.007471275050193071 0.002069523687319989 0.9999962284615949 -0.0018055841972912162 -0.024531077593564987 -0.00035182503919025304 0.001806316062773102 0.999998306719278 1.2666282653808594
0.9999966761225529 -0.001779947039043767 0.001865350472192865 -0.005620469804853201 0.001783925569896459 0.9999961331620016 -0.002133370714453806 -0.023036479949951172 -0.0018615459722984042 0.002136691269795165 0.9999959845904436 1.2966636419296265
0.9999981235470343 -0.0015335368133258963 0.001183709108073527 -0.005773436743766069 0.001535021970424335 0.9999980346194789 -0.001254776764967508 -0.023910289630293846 -0.0011817825352731194 0.0012565914299254102 0.999998512182902 1.1732044219970703
0.9999969042087438 -0.0014071181689046914 0.002052216213615749 -0.00439708074554801 0.001410535420898333 0.9999976196517388 -0.001664656325702878 -0.020924173295497894 -0.002049868960465575 0.001667545895935027 0.9999965086578703 1.1096444129943848
0.9999972652740677 -0.001241929501324235 0.001981679969092771 -0.0045197042636573315 0.0012453638919447108 0.9999977232711457 -0.0017327784919015225 -0.020487766712903976 -0.001979523468616453 0.0017352416659061438 0.9999965352055968 1.0929216146469116
0.9999979362316548 -0.0011981333012943956 0.0016407342940889015 -0.0053285700269043446 0.0012013960315970433 0.9999973001806853 -0.0019890396968805513 -0.021158304065465927 -0.0016383467297043347 0.0019910067636332105 0.9999966758505052 1.1411070823669434
0.999999114882401 -0.0011519880699314951 0.0006657010597381501 -0.006409078370779753 0.0011528618228549108 0.9999984726276706 -0.001313640720615173 -0.023322012275457382 -0.000664186744526447 0.0013144070192258588 0.99999891559449 1.1452929973602295
0.9999982915264453 -0.0006652541213156449 0.0017246394245141 -0.003927003592252731 0.0006676003886238655 0.9999988520538982 -0.0013602207934843124 -0.01938452571630478 -0.0017237325522322306 0.0013613698395330998 0.9999975877062146 0.9933326244354248
0.9999981247621037 -0.0012167795843072502 0.001506625274809641 -0.004795941058546305 0.0012192450232117898 0.9999979175502249 -0.0016365624907959551 -0.020336907356977463 -0.001504630801510933 0.0016383963672201099 0.9999975258686866 1.0646909475326538
0.9999981082444515 -0.0013562023783812963 0.0013943538386178656 -0.005357406567782164 0.001358496380060005 0.9999977232760326 -0.0016455790277579633 -0.02179582417011261 -0.0013921189258678023 0.0016474701393669922 0.9999976739208127 1.1541868448257446
0.9999985425691307 -0.001148232771094077 0.0012634955947606276 -0.0052652317099273205 0.001149775541360946 0.9999985936046877 -0.0012209851970091923 -0.021883219480514526 -0.0012620918425701193 0.0012224361538391484 0.9999984563858241 1.0964412689208984
0.9999978788862224 -0.0009755965551836839 0.0018139554618886238 -0.004266562405973673 0.00097839887142508 0.9999983284411017 -0.0015446199049759018 -0.020095190033316612 -0.0018124455038968678 0.0015463914006380675 0.9999971618534382 1.0538092851638794
0.9999974394982181 -0.0009110427722818267 0.0020714724411507947 -0.0038766004145145416 0.000914091741479007 0.9999984996860442 -0.001471414947784574 -0.020016463473439217 -0.002070128811338576 0.0014733046960751356 0.9999967719647782 1.0493029356002808
0.9999989000701518 -0.0012674568564693739 0.000770332138576074 -0.005849264096468687 0.0012686586875175912 0.9999979758509318 -0.0015616655128770345 -0.021627873182296753 -0.0007683512356471857 0.0015626410837144022 0.9999984838934619 1.162196397781372
0.9999989029793046 -0.0010491633146800217 0.0010456082089298586 -0.004935710225254297 0.0010496122047817134 0.9999993571991104 -0.00042885380457352633 -0.022785469889640808 -0.0010451575991328524 0.00042995081724954014 0.99999936139374 1.062139868736267
0.9999950195652036 -0.000967506495317836 0.00300412649031261 -0.0025126314722001553 0.0009723729264167475 0.9999982168613126 -0.00161887772465584 -0.01871560327708721 -0.003002554858824713 0.0016217907932076 0.999994177212519 0.9847145080566406
0.9999984520062181 -0.0010191608516370455 0.0014343278307937155 -0.004835682455450296 0.0010214365916503083 0.9999982193846677 -0.0015867875672114578 -0.020548773929476738 -0.0014327080850392222 0.0015882501858049656 0.9999977124018287 1.0768574476242065
0.9999977668332599 -0.0008901388594490862 0.0019167632362699742 -0.003980574663728476 0.0008929518795282597 0.9999985249304993 -0.0014672333714473075 -0.019656751304864883 -0.0019154543674711785 0.0014689416722049806 0.999997086618221 1.0226408243179321
0.9999973011307524 -0.0009614330601192645 0.002115036094874472 -0.0038301879540085793 0.0009647013441088011 0.9999983414947424 -0.0015447844774132608 -0.019451385363936424 -0.0021135473802086436 0.0015468206864055044 0.9999965701257361 1.0328799486160278
0.999998453924887 -0.0010190260735373946 0.001433085376761564 -0.004726598504930735 0.0010209218053774853 0.9999986040594342 -0.0013227236484767218 -0.020896565169095993 -0.00143173548637367 0.001324184671556711 0.9999980983324182 1.0691629648208618
0.9999978524497926 -0.0008315228953015666 0.0018983322883685632 -0.003677226137369871 0.0008341977937264665 0.9999986598081126 -0.001408721412936394 -0.019254034385085106 -0.0018971583601310727 0.0014103019722431487 0.9999972059153482 1.0145378112792969
0.9999984674957129 -0.0009323573935063214 0.0014817948293386674 -0.004647515248507261 0.000934393609946464 0.9999986194359989 -0.001374057741780532 -0.020508667454123497 -0.0014805116707314156 0.001375440215650938 0.9999979581226183 1.0474562644958496
0.999997978398449 -0.001094314353874077 0.0016869128934444257 -0.004973587114363909 0.0010969861642736887 0.9999981442001475 -0.0015837353365897994 -0.021391285583376884 -0.0016851766585601591 0.0015855826550124298 0.9999973230500537 1.0833386182785034
0.9999981688390266 -0.0012059990276937819 0.0014858953324305634 -0.005565756466239691 0.001208651913518453 0.9999976750793511 -0.001785776146263534 -0.020883329212665558 -0.0014837382335457503 0.0017875688064567779 0.9999973015556675 1.1625372171401978
0.9999962207278947 -0.0017302618102282656 0.0021365214708952925 -0.0054776049219071865 0.0017331637827006391 0.9999975771187527 -0.0013571661381495859 -0.024237729609012604 -0.002134168041618511 0.001360863950683776 0.9999967966829083 1.2230440378189087
0.9999952308479141 -0.0014271189569954577 0.002738907247405929 -0.004152871202677488 0.001431536201379604 0.9999976768929422 -0.00161149397249111 -0.022057056427001953 -0.0027366010910339455 0.001615407131908152 0.9999949507243859 1.1221356391906738
0.9999968838407813 -0.0010780075685844297 0.0022517123281079903 -0.003888034727424383 0.0010812522382269056 0.9999983782727607 -0.0014402588119722423 -0.02031860686838627 -0.0022501560665447464 0.001442688992891078 0.9999964277166922 1.0591604709625244
0.9999974593425525 -0.001204961214548582 0.0019050923628903924 -0.00427865469828248 0.001206745835136665 0.9999988339351275 -0.0009358914864000525 -0.021658364683389664 -0.001903962428486971 0.0009381880708948464 0.9999977473625699 1.0696660280227661
0.9999986932493516 -0.0011199237652933453 0.0011658775018002596 -0.005549726542085409 0.0011218317511834035 0.9999980306018987 -0.0016371578561893004 -0.021478742361068726 -0.001164041713732638 0.00163846363523172 0.9999979802198626 1.1122026443481445
0.9999985033957952 -0.001417942320666655 0.000991284895915313 -0.006487217266112566 0.0014196759566366417 0.9999974603646102 -0.0017503669637542088 -0.023316506296396255 -0.000988800459018506 0.001751771647480559 0.9999979767828269 1.1882216930389404
0.9999981767041863 -0.0012999994187203989 0.0013987815461412936 -0.00573319336399436 0.0013023611297521304 0.9999977258655649 -0.0016888218336137356 -0.022817157208919525 -0.0013965828977219926 0.0016906404731066658 0.9999975956426096 1.1531970500946045
0.9999974544739338 -0.0011743819757606066 0.0019266220770203482 -0.004718904849141836 0.0011776865051721902 0.9999978359870936 -0.0017149564499694362 -0.02121838741004467 -0.0019246038938412493 0.0017172210413237642 0.9999966735203407 1.0938092470169067
0.9999968719782512 -0.001100034156680974 0.0022463211184224523 -0.004069049376994371 0.0011039803481523954 0.9999978484015626 -0.0017562515867836205 -0.02052193135023117 -0.0022443843485082573 0.001758725987560839 0.9999959348026354 1.0702934265136719
0.9999966592339762 -0.0010619551106837053 0.0023566442730928797 -0.004049997311085463 0.0010657266067984658 0.9999981526094508 -0.001599688871332886 -0.020780570805072784 -0.002354941121678106 0.0016021950656512501 0.9999959436034154 1.0589394569396973
0.9999954917040286 -0.001244149534761282 0.0027328855726384015 -0.0035048900172114372 0.0012492887377288406 0.9999974531822031 -0.0018796028190061196 -0.020077496767044067 -0.0027305401055039862 0.001883008508367702 0.9999944991997154 1.0745320320129395
0.9999962085541865 -0.001307280055096955 0.002423612202827865 -0.004081209655851126 0.0013118734079286762 0.9999973446777325 -0.0018946307413633275 -0.020692776888608932 -0.002421128954376457 0.001897803030373556 0.9999952682279274 1.102086067199707
0.9999964863011659 -0.0013239096905532416 0.002296660282527257 -0.0043680076487362385 0.0013285628424893098 0.9999970657048677 -0.0020257103514667936 -0.020708860829472542 -0.0022939716858836087 0.00202875449124388 0.9999953109135655 1.1133707761764526
0.9999971797594122 -0.001392736216381794 0.0019237357025182402 -0.004905699286609888 0.0013963276793715342 0.9999972825822094 -0.0018668415059386282 -0.02165156975388527 -0.0019211304571490528 0.0018695224064056639 0.9999964070654146 1.1345075368881226
0.9999955198342073 -0.0009248341398851616 0.0028469269971691793 -0.002890227362513542 0.0009295163115130092 0.999998217029579 -0.0016437570043888947 -0.019173407927155495 -0.0028454017185872184 0.0016463959051665478 0.9999945965201928 1.008108139038086
0.9999951955573636 -0.0009763613675504277 0.0029420368234210743 -0.002858117688447237 0.000981535175557898 0.9999979736256973 -0.0017576499078608035 -0.01871681585907936 -0.0029403147602855436 0.0017605291759626206 0.9999941275258226 1.0021940469741821
0.9999983876279179 -0.001166511849370986 0.0013652808025534466 -0.0054308264516294 0.0011687498190071017 0.9999979729434247 -0.001639552653098442 -0.0215469803661108 -0.0013633654774545115 0.0016411456812203949 0.9999977239351238 1.116288423538208
0.9999982716812484 -0.0011989108956919421 0.0014210021746052248 -0.005271898116916418 0.0012009725938886646 0.999998226258041 -0.0014509119892106774 -0.021839603781700134 -0.0014192601399214894 0.0014526160662398364 0.9999979378014834 1.121273398399353
0.9999984084710438 -0.0016599396403252054 0.0006539539510818508 -0.006888278294354677 0.0016610083720865036 0.9999972804373544 -0.0016371221956017197 -0.023282703012228012 -0.000651234648584578 0.0016382058130620463 0.999998446086366 1.2577948570251465
0.9999961415565543 -0.002099175708594152 0.0018194321500023935 -0.0065311589278280735 0.0021020993454888256 0.9999965002016497 -0.0016064752702701999 -0.026189282536506653 -0.0018160535084929476 0.0016102936989079038 0.9999970544475907 1.3266971111297607
0.9999981617781937 -0.0013722423958718406 0.0013391755076654112 -0.005610847380012274 0.0013735791048518752 0.9999985588872251 -0.0009977494252023282 -0.02418804168701172 -0.00133780442370076 0.0009995870546126362 0.9999986055515497 1.166785717010498
0.9999978318995656 -0.0010511549891319145 0.0017975731853880775 -0.004254520405083895 0.0010525210318714487 0.999999157937327 -0.0007591601375122796 -0.0220419280230999 -0.0017967736767527 0.0007610504751608049 0.9999980962014521 1.0386440753936768
0.9999977526042687 -0.000743630713389686 0.0019853966287777126 -0.0031987722031772137 0.0007460010965457137 0.9999990095963812 -0.0011934356372691375 -0.0186118483543396 -0.0019845071870393796 0.0011949140632091274 0.9999973169522035 0.9549239873886108
0.9999987487555227 -0.0006769964469928965 0.001429742354177796 -0.003395983949303627 0.0006775393117976608 0.9999996985572147 -0.000379243932693582 -0.018847113475203514 -0.0014294851763973016 0.0003802121648174033 0.9999989060048216 0.9269658327102661
0.9999974138025255 -0.0008164382002294583 0.0021226909633439896 -0.0022819284349679947 0.0008185349581567077 0.9999991778148358 -0.0009871019068563155 -0.01607167162001133 -0.002121883310394695 0.0009888368507747175 0.9999972599026957 0.8958708047866821
0.999998895993138 -0.0006819438755063787 0.0013202140191693613 -0.003770860843360424 0.0006837864525519113 0.9999987922036662 -0.001395717484555154 -0.017869289964437485 -0.0013192606236291794 0.0013966186881342504 0.9999981545021207 0.98410964012146
0.9999985209227449 -0.0008561735795029554 0.001491683318910081 -0.0036756605841219425 0.0008575363992382816 0.9999992153372307 -0.0009132120491029849 -0.018932700157165527 -0.0014909002804127916 0.0009144898711339161 0.9999984704611448 1.0095186233520508
0.9999974647916515 -0.0011163517358017813 0.001955548279089179 -0.003823313396424055 0.0011176567684396473 0.9999991533881192 -0.0006663830679475016 -0.02073926478624344 -0.00195480270560416 0.000668567010297719 0.9999978658799904 1.0605024099349976
0.9999984211362245 -0.0009301777084832702 0.0015140985729373562 -0.003937380854040384 0.000930785898712699 0.9999994864062944 -0.00040102962221856786 -0.021510038524866104 -0.0015137247664908306 0.0004024382906483756 0.9999987733396243 1.0370937585830688
0.9999952952165556 -0.0008402682780868317 0.0029501684654659965 -0.0022530644200742245 0.0008426549371401526 0.9999993186625538 -0.0008078410024593372 -0.019030248746275902 -0.0029494876522376434 0.0008103231757651833 0.9999953219385279 0.9763655662536621
0.9999934869980895 -0.0006936374032193598 0.0035418679470795474 -0.0017167655751109123 0.0006957327149131102 0.9999995837001108 -0.0005903859708116249 -0.01922462321817875 -0.003541456958808622 0.0005928463190293544 0.9999935532871455 0.9683952331542969
0.9999932856620871 -0.0004204844688741026 0.0036403054205501727 -0.0011002793908119202 0.0004216623073396923 0.9999998590026493 -0.00032279340160189235 -0.018785180523991585 -0.0036401691776647236 0.0003243262138409683 0.9999933219681344 0.9128662347793579
0.9999897853322958 -0.00034696821139433966 0.004506533493611061 0.00015062140300869942 0.0003494177605630423 0.9999997916490072 -0.0005427791177026908 -0.01651618629693985 -0.004506344227570683 0.0005443482362356065 0.9999896982202867 0.8404505252838135
0.9999914673392879 -0.00044076716632327867 0.004107428991874766 -0.0009361580014228821 0.0004425283777995764 0.9999998105402853 -0.00042788786924684904 -0.018697738647460938 -0.0041072396147588085 0.00042970187211353915 0.9999914729331687 0.9182177782058716
0.9999926796399761 -0.0005339862266637739 0.003788868587079379 -0.001664640847593546 0.0005355098882854354 0.9999997761585107 -0.0004011384902443465 -0.01978282816708088 -0.0037886535365446155 0.0004031645303599735 0.9999927417550298 0.9672123193740845
0.9999929226159313 -0.0005634345087235316 0.0037198467176480362 -0.001670884434133768 0.000564829538041528 0.9999997705519627 -0.0003739834425876803 -0.019838392734527588 -0.0037196351489592622 0.00037608187506633613 0.9999930114139709 0.9640325307846069
0.9999929393339488 -0.0005289439895826525 0.003720416711202309 -0.0015387460589408875 0.0005302924027524705 0.99999979406868 -0.00036145893935414936 -0.019460095092654228 -0.003720224753518533 0.0003634292959303113 0.9999930138990621 0.9480152726173401
0.9999956427298514 -0.0004238877745676942 0.00292144492776269 -0.0016453252173960209 0.0004239047886048177 0.999999910138817 -5.204637046095178e-06 -0.0186310987919569 -0.0029214424590561774 6.443028862609403e-06 0.9999957325571174 0.8970170021057129
0.9999885148470337 -0.0005420722547904385 0.004761967208435447 0.0009153436403721571 0.0005472291736748267 0.9999992652296197 -0.0010817025709738187 -0.015014803037047386 -0.0047613773485313295 0.001084296034834866 0.9999880767228445 0.7948991060256958
0.9999929029659991 -0.0002407682171499818 0.003759793651140047 -0.0005501904524862766 0.00024253202550492782 0.9999998607610538 -0.0004686748222720158 -0.017538880929350853 -0.0037596802856289606 0.0004695833664405584 0.9999928221220447 0.819240152835846
0.9999900117661383 -0.0008015685089913209 0.004397028074035003 0.0001631088089197874 0.0008061009785492976 0.999999145548436 -0.0010291275966770185 -0.016806259751319885 -0.004396199400714259 0.0010326617661430976 0.9999898034682683 0.8547402024269104
0.9999916706927279 -0.0007423661533458844 0.004013407238389969 -0.0013750107027590275 0.0007450712197800742 0.9999994962696411 -0.0006725543407631397 -0.01966245286166668 -0.0040129059351360335 0.0006755390130779598 0.9999917200822201 0.8886914253234863
0.9999868328458518 -0.00036642351161314795 0.005118580734229442 0.001720642438158393 0.0003694395393846277 0.9999997587098114 -0.0005882981777306658 -0.014695878140628338 -0.005118363932881972 0.0005901814376266313 0.9999867269301734 0.6980543732643127
0.9999940591702496 -0.0009310128933537916 0.0033188611299812413 -0.0023942356929183006 0.0009357827589465099 0.9999985311974603 -0.0014359364716153003 -0.01864878460764885 -0.0033175193798604735 0.001439033673985964 0.9999934616022496 0.9245756268501282
0.9999956877406867 -0.0012956982732701024 0.0026354631501334202 -0.0046495054848492146 0.001301454571170767 0.9999967689863448 -0.0021836283727176167 -0.02095436304807663 -0.0026326253114040007 0.002187048891909723 0.9999941430334051 1.1213557720184326
0.9999943046075697 -0.0008961697832310405 0.0032538641863067 -0.0029205139726400375 0.0008986532112761557 0.9999993060090187 -0.0007618424292561704 -0.021774133667349815 -0.0032531791879896175 0.0007647621857646466 0.9999944159663944 0.9588758945465088
0.9999820031346528 -0.00020070892576018088 0.005996092288713499 0.0024852012284100056 0.0002062851574829208 0.9999995468554221 -0.0009293736517678977 -0.01352244708687067 -0.005995903038029512 0.0009305938307974889 0.9999815914015022 0.6495895385742188
0.9999727874306291 9.224441638692245e-05 0.007376712627286281 0.00357978162355721 -8.522096403567385e-05 0.999999542816581 -0.0009524200839868143 -0.007644058205187321 -0.007376797110210383 0.000951765515627697 0.9999723381208092 0.5203796625137329
0.9999711461365222 8.153265526912198e-05 0.007596067853586151 0.0038389747496694326 -7.505575640609235e-05 0.9999996334249298 -0.0008529458594397079 -0.0075079817324876785 -0.007596134611997766 0.0008523511200378628 0.9999707856915243 0.5111684203147888
0.9999540064962005 -0.00043202675359589024 0.009581140072081409 0.003846039529889822 0.00043845985774406125 0.9999996798659028 -0.0006693437421105846 0.0007862476631999016 -0.009580847830427838 0.0006735139019596694 0.9999538758032163 0.30057185888290405
0.9999761957144534 0.0001401288121944799 0.006898432312157411 0.002910605166107416 -0.00013311653653733303 0.9999994740447361 -0.0010169514437858155 -0.0075699263252317905 -0.006898571188088501 0.0010160089405663287 0.9999756884251715 0.41554221510887146
0.9999744443878674 6.452316496831606e-05 0.007148874592308726 0.004745482467114925 -6.319145955105393e-05 0.9999999806108868 -0.0001865075468074417 -0.012592996470630169 -0.0071488864877556 0.00018605103267328033 0.999974429076563 0.6859422326087952
0.9999785898649914 4.7272632505537594e-05 0.006543514111063706 0.00396555382758379 -4.4994903918869175e-05 0.9999999383534738 -0.0003482362811122634 -0.01211302075535059 -0.006543530169724533 0.0003479344005377508 0.9999785303468125 0.6747748255729675
0.9999853278737395 -5.46572721205297e-05 0.005416737932724899 0.002102580852806568 5.8037100368067495e-05 0.9999998037495765 -0.000623804859742661 -0.013815090991556644 -0.005416702774215817 0.0006241100789620661 0.9999851347983453 0.7105085253715515
0.9999892280503253 -0.0001754394017541479 0.004638211328818573 0.0014132424257695675 0.0001780542196406619 0.9999998254674299 -0.0005633487415882675 -0.015227379277348518 -0.004638111685733425 0.000564168526322655 0.999989084757361 0.7090635895729065
0.9999820732560433 -3.318024912486509e-05 0.005987659443960261 0.002828447613865137 3.461828178509899e-05 0.9999999705857631 -0.00024006259149921124 -0.015188145451247692 -0.005987651302501235 0.000240265570440464 0.9999820449909766 0.7085615396499634
0.9999866991850709 -0.00019570985745750907 0.005153945148903744 0.0020504179410636425 0.00019739277410854 0.9999999273724998 -0.0003260231398755423 -0.015532854944467545 -0.005153880968643359 0.0003270361550326416 0.9999866651902485 0.7297865152359009
0.999985544740434 -0.00010994377161957246 0.005375706701874863 0.002325973939150572 0.00011200035569417328 0.9999999206626098 -0.00038227044684617756 -0.015168377198278904 -0.005375664247125617 0.00038286700209036147 0.9999854777179321 0.7741626501083374
0.9999967338941552 -0.00043896644472797255 0.0025178382558331174 -0.001738423015922308 0.00044133825820547615 0.9999994593748365 -0.0009415256642688815 -0.016421504318714142 -0.0025174235964529343 0.0009426338074966788 0.9999963870034436 0.8686791658401489
0.9999980760423282 -0.00048360748282386844 0.001901061662425514 -0.0023771682754158974 0.0004854428693806127 0.999999416453189 -0.0009651106163884262 -0.01681050844490528 -0.0019005938183512053 0.0009660316163847292 0.9999977272604441 0.8766574263572693
0.9999967400316224 -0.0003140521486020147 0.00253402789550113 -0.0011725951917469501 0.0003158163112635643 0.9999997080479339 -0.0006958190166989883 -0.016229748725891113 -0.002533808632229219 0.0006966170356935937 0.9999965472632995 0.8241264224052429
0.9999898981448851 -2.396921895945404e-05 0.004494778488288114 0.0018153736600652337 2.5005344649035147e-05 0.999999973131097 -0.0002304615757902476 -0.014639388769865036 -0.004494772843534375 0.00023057164118602016 0.9999898718756122 0.7782062292098999
0.999995012915124 -0.00021040715230081824 0.0031511702129997984 -0.00021663308143615723 0.00021307684606366875 0.9999996186831995 -0.0008468953378991578 -0.014563270844519138 -0.0031509908185693106 0.0008475625557706224 0.9999946764331176 0.8129904270172119
0.9999893939163894 5.206902570849232e-05 0.004605360306088928 0.0013751257210969925 -5.0810813101664066e-05 0.9999999613564817 -0.0002733226967639743 -0.014650105498731136 -0.004605374359768127 0.00027308579577882126 0.9999893579189504 0.7156450748443604
0.9999736104241175 -1.532316404202312e-05 0.007264862046574064 0.003367590019479394 2.183146677870883e-05 0.9999995985489034 -0.000895782015311141 -0.008887583389878273 -0.007264845403872463 0.0008959169785980955 0.9999732093181423 0.46894073486328125
0.9999837386351936 -3.139323068426587e-05 0.005702760703893061 0.002159962896257639 3.48272066157113e-05 0.9999998181542128 -0.0006020619627115582 -0.011102401651442051 -0.005702740766199971 0.0006022507835876609 0.999983557885702 0.4460667669773102
0.9999896121241374 -0.000165165148338836 0.004555037243682732 0.0008044780697673559 0.0001687598040428304 0.9999996746671614 -0.0007887874872436988 -0.015060575678944588 -0.004554905481577196 0.000789548000609851 0.9999893146679163 0.7388883233070374
0.9999927604202776 -0.00045955843171531334 0.0037772891180102904 -0.0010293442755937576 0.0004618491066205434 0.9999997099818709 -0.0006055836661199153 -0.017778420820832253 -0.0037770097214480935 0.0006073238195532865 0.9999926826508992 0.8927928805351257
0.9999764973766065 -0.0035488228523333234 -0.005866050696731772 -0.010763781145215034 0.003556971963586054 0.9999927226450415 0.0013793503571899826 -0.02259920910000801 0.005861112937329676 -0.0014001833167032593 0.9999818432560742 1.085822582244873
0.9999975937509091 -0.0004830333823628148 0.002139899797455301 -0.002768788021057844 0.0004851759002506145 0.9999993814841325 -0.0010008175149552286 -0.01823708973824978 -0.0021394150456239447 0.0010018533345496695 0.9999972095926861 0.9170656800270081
0.999996266693744 -0.0006329633223119271 0.002658186601310079 -0.002231799066066742 0.0006365387318419076 0.9999988936688734 -0.0013444253316207786 -0.01752113364636898 -0.0026573326885509984 0.001346112351197474 0.999995563272418 0.9143041372299194
0.9999956134469196 -0.0003725696003378524 0.0029384143364068332 -0.0014481768012046814 0.000375529272257711 0.9999994227189896 -0.0010067469660338347 -0.016919298097491264 -0.002938037556801259 0.0010078460104821717 0.999995176079232 0.8602904081344604
0.9999923174074054 -0.00028734574345530393 0.00390929131573876 0.00019949744455516338 0.0002906120301798943 0.9999996091793719 -0.0008349764977252696 -0.015627188608050346 -0.003909049860964565 0.0008361061700268426 0.9999920100959094 0.7826653122901917
0.999992436972877 -0.00041820598333331457 0.00386666533361767 -6.944732740521431e-05 0.000422003180498708 0.9999994295107247 -0.0009812703708628838 -0.015904009342193604 -0.003866252754586203 0.0009828946945571648 0.9999920429721714 0.8064368367195129
0.9999951740676354 -0.0005574968304515623 0.003056311293648344 -0.0013893102295696735 0.00056085567300402 0.9999992396558857 -0.0010982388467178864 -0.017070326954126358 -0.0030556967051239164 0.0010999476962190008 0.9999947264024505 0.8803205490112305
0.9999951962928747 -0.0009413967793022739 0.002953161573424694 -0.0019023125059902668 0.0009458822833071209 0.9999984007128633 -0.001517853228038821 -0.017439374700188637 -0.0029517279483310477 0.0015206392799285 0.9999944874639556 0.9399185180664062
0.9999960237442121 -0.0009382342693350542 0.002659363123199008 -0.002520961221307516 0.0009421800783722664 0.9999984566837946 -0.0014828778537136888 -0.01810603402554989 -0.002657967732141211 0.0014853775563678762 0.9999953644197808 0.9747044444084167
0.9999965703940396 -0.0011238312703922846 0.002365629606374651 -0.003150932490825653 0.0011278347922101268 0.9999979330383683 -0.0016917173737801953 -0.01858118362724781 -0.0023637235118236996 0.0016943796112317581 0.999995770935504 1.02726149559021
0.9999967899848053 -0.001175482053610558 0.0022446073212186593 -0.0034522050991654396 0.0011793336031262558 0.9999978333529911 -0.0017153604798443361 -0.019084487110376358 -0.0022425860824873915 0.001718002114350868 0.9999960096302372 1.0519351959228516
0.9999968079229133 -0.0012799148709656655 0.0021785228727539733 -0.003700526896864176 0.001284086698129198 0.9999973425966484 -0.0019146594979749484 -0.01903848722577095 -0.002176066482375696 0.0019174507984767097 0.9999957940497048 1.0683674812316895
0.9999980663477842 -0.001291580229993649 0.0014829434251009746 -0.00483293691650033 0.0012940770144394262 0.9999977448447579 -0.001683944796914205 -0.020989343523979187 -0.001480765131025241 0.0016858605837507543 0.9999974826011908 1.1187397241592407
0.9999981191111416 -0.0012476717625585375 0.0014849543266145318 -0.004691480193287134 0.0012501643850545698 0.9999978092861108 -0.001678842455250767 -0.02062874659895897 -0.001482856429179263 0.001680695734547264 0.9999974881961746 1.1045045852661133
0.9999981507120884 -0.0011753507974184274 0.001522209875878891 -0.004619542043656111 0.0011780625777201399 0.9999977186648957 -0.001781806265247156 -0.020008228719234467 -0.0015201121557933616 0.001783596228664578 0.9999972540179932 1.088322401046753
0.9999989133439274 -0.0009820113210350023 0.001099529322102684 -0.004965960513800383 0.0009836101838538536 0.9999984584130617 -0.0014545385889659685 -0.02054288238286972 -0.0010980992537213958 0.0014556185166214436 0.999998337675 1.0680204629898071
0.9999979544016783 -0.0008658196767418107 0.0018279903572156096 -0.003710949793457985 0.0008684351721533973 0.9999985997510358 -0.0014304951308083658 -0.019114121794700623 -0.0018267492467422682 0.0014320796957104907 0.9999973060638386 1.0083562135696411
0.9999966059866818 -0.0009099838074441667 0.002441299774117399 -0.002879597246646881 0.0009137742721132861 0.9999983781919248 -0.0015519761916690036 -0.018332062289118767 -0.002439883541593754 0.0015542017211652441 0.9999958157039025 0.9858266115188599
0.9999957836617163 -0.0006369264247916962 0.0028331931665975143 -0.0019414001144468784 0.0006402247839971496 0.9999991182712586 -0.0011634298135343383 -0.017605233937501907 -0.0028324496492980393 0.0011652387886037822 0.9999953097127754 0.9198982119560242
0.9999923048299665 -0.0004103333655375527 0.0039015262886095354 -0.00015087309293448925 0.00041420074703081713 0.9999994236814899 -0.0009904920138777676 -0.01619681529700756 -0.003901117608166124 0.0009921004069766064 0.9999918984762776 0.8159860968589783
0.9999941325893567 -0.0005795870944940939 0.00337622061777118 -0.0010465113446116447 0.0005839002381224769 0.999999014598274 -0.0012766608761722131 -0.01663580909371376 -0.0033754773546696808 0.0012786247615012712 0.999993485614455 0.8720731139183044
0.999994187766487 -0.00015373906443134062 0.0034059943546654796 -0.00041999993845820427 0.00015637724221951224 0.9999996879901848 -0.0007743162731929449 -0.015863772481679916 -0.0034058742493023966 0.00077484439269015 0.9999938997997763 0.7949519753456116
0.9999887310576568 -0.00015310448166742344 0.0047449253645410645 0.0012807701714336872 0.000156617117942035 0.9999997139869014 -0.000739930533252201 -0.014274456538259983 -0.004744810720749493 0.0007406653315531284 0.9999884690265638 0.7208645343780518
0.9999941975630513 -0.0004812642032788025 0.0033724212363645534 -0.000941169448196888 0.00048481397829389057 0.9999993292821978 -0.0010518510163456966 -0.016758501529693604 -0.0033719127561802446 0.0010534799100025795 0.9999937601727541 0.8469415903091431
0.9999936148660461 -0.0006945703371148303 0.0035053957244201837 -0.0008992841467261314 0.000698805570755123 0.9999990272607383 -0.001207124000144839 -0.016768930479884148 -0.0035045538820604144 0.001209565882556325 0.9999931275026163 0.8753679990768433
0.9999971473408238 -0.0008096199789796681 0.00224718172480765 -0.0029197330586612225 0.0008128648061974347 0.9999986278988068 -0.0014434165409275327 -0.017966071143746376 -0.0022460100225773993 0.0014452390782893182 0.999996433355132 0.9378796815872192
0.9999972495799655 -0.0009791567208412022 0.002131216699555714 -0.0034073195420205593 0.0009823893328385488 0.99999836791112 -0.001516273819322797 -0.018814263865351677 -0.002129728551519812 0.0015183633334845173 0.999996579408692 1.0101209878921509
0.9999977382977704 -0.0010302922774290176 0.0018606174155354385 -0.003803699743002653 0.0010331948550788782 0.9999982498879142 -0.0015597209686898318 -0.019205227494239807 -0.0018590071907774273 0.0015616398214064406 0.9999970526823231 1.0287432670593262
0.9999974999821161 -0.0007236593288619443 0.002115737860299059 -0.0029348935931921005 0.0007267523135750527 0.9999986679367213 -0.0014614909707710779 -0.0175998006016016 -0.002114677420427302 0.0014630249344024042 0.9999966938432591 0.958008348941803
0.9999973681385376 -0.0009141781514139598 0.0021042799969777834 -0.003207636997103691 0.0009174742380943716 0.9999983530340586 -0.0015659406734531973 -0.018330616876482964 -0.0021028449825502156 0.0015678671748012509 0.9999965599118337 1.005926251411438
0.9999970346246836 -0.0009394627749025718 0.002246809189419832 -0.0032909181900322437 0.0009427859263524714 0.9999984626657029 -0.0014784522066991746 -0.018445279449224472 -0.0022454167845103404 0.0014805660826164792 0.9999963830072279 1.0013229846954346
0.9999989676608907 -0.0013857718954845234 0.0003798860439778002 -0.006772247608751059 0.0013864660833437297 0.9999973584931005 -0.0018332262874825546 -0.021761512383818626 -0.0003773446070389373 0.0018337510940868726 0.9999982474824505 1.1658484935760498
0.9999989373993553 -0.0013925425502630583 0.00043130662640572515 -0.006702812854200602 0.0013933231192924064 0.9999973825804516 -0.001814795561847217 -0.02253749594092369 -0.000428778317455429 0.001815394582938358 0.9999982602443179 1.180701732635498
0.9999981772952401 -0.0015087412911054543 0.0011700879940525692 -0.005471462849527597 0.0015109788658070106 0.9999970271657496 -0.0019137927082005719 -0.021311290562152863 -0.0011671970974934257 0.0019155571981516412 0.9999974841426132 1.1678922176361084
0.9999979764298219 -0.0014814728747662303 0.0013610196113947788 -0.005045061465352774 0.00148392013710376 0.9999972810330673 -0.0017988628350792272 -0.02107854187488556 -0.0013583509443318657 0.0018008788393623814 0.9999974558558227 1.1586973667144775
0.9999983440392882 -0.001453780225259921 0.001094733638248382 -0.005414096172899008 0.0014557467487324822 0.9999973245349875 -0.0017976997166330858 -0.02127157524228096 -0.0010921172490278377 0.0017992903946475911 0.999997784914542 1.1578693389892578
0.9999981540286145 -0.0014268769499438208 0.0012868416892717418 -0.005202965345233679 0.0014292017862782697 0.9999973451315457 -0.0018075154534091264 -0.021018633618950844 -0.0012842591707391984 0.001809351273228285 0.9999975384601466 1.13913893699646
0.9999978364750849 -0.0015237697059557363 0.0014160406183275158 -0.005072228144854307 0.0015264197489121866 0.9999970823514205 -0.0018722530268531787 -0.021109797060489655 -0.0014131836043744144 0.0018744104485521843 0.9999972447449897 1.156078815460205
0.9999978609122313 -0.0015561576938032738 0.001362550620630597 -0.0051811556331813335 0.0015585673733782552 0.999997220335048 -0.0017692342750995408 -0.021402079612016678 -0.0013597936256670548 0.001771354117494034 0.9999975066298346 1.1714577674865723
0.9999980484159207 -0.0015835286850855522 0.0011813556845132382 -0.005496208090335131 0.0015850941501140208 0.9999978654125491 -0.0013253855591049777 -0.02253691852092743 -0.0011792543767545785 0.0013272555324883475 0.999998423874691 1.1621226072311401
0.9999977875201261 -0.001508920758629067 0.0014656442259309518 -0.004715441260486841 0.0015112130524893653 0.99999763479819 -0.0015641717091933992 -0.02105441316962242 -0.0014632805482245135 0.0015663831491795055 0.9999977026242947 1.1299996376037598
0.9999977057942108 -0.0013151575058418373 0.001690788883928333 -0.0042789471335709095 0.0013179587071161464 0.9999977591676515 -0.0016566968708638663 -0.019965827465057373 -0.0016886062778292863 0.0016589214599917828 0.9999971982902893 1.1045595407485962
0.999998130679774 -0.001257361834031162 0.0014689037327513023 -0.004510479513555765 0.0012597860410960477 0.999997844238082 -0.0016505933234823842 -0.02015327662229538 -0.0014668251730961203 0.0016524407424131334 0.9999975589287728 1.0994188785552979
0.9999980489812673 -0.0012160459124919293 0.0015566842958723035 -0.004208748694509268 0.0012184452349266503 0.9999980699158567 -0.0015412838059317912 -0.019857507199048996 -0.001554807019468435 0.0015431775334208044 0.9999976005862374 1.0712486505508423
0.9999978508965989 -0.0013802456371551622 0.001546972580604564 -0.004597281571477652 0.001382605861271873 0.9999978803551884 -0.0015256756414730964 -0.020784150809049606 -0.0015448634944243025 0.0015278112159955567 0.9999976395920503 1.1112555265426636
0.9999981853337352 -0.0013587084318226578 0.0013353803330574216 -0.004894813057035208 0.0013606548014133215 0.999998011843127 -0.0014577133821850458 -0.0210551880300045 -0.001333397070648279 0.001459527728583635 0.9999980459136215 1.111260175704956
0.9999981218625141 -0.0017087359408877254 0.0009145998734245963 -0.006206830497831106 0.001710344331701187 0.9999969873428505 -0.0017606894927481654 -0.022609641775488853 -0.0009115885646317465 0.0017622504666405148 0.9999980317378537 1.2113075256347656
0.9999982534311471 -0.0018038981180688869 0.0004889644514609401 -0.007265401538461447 0.001804853621257372 0.9999964488962446 -0.0019607902248990603 -0.023827292025089264 -0.000485425649300817 0.001961669309504812 0.9999979581056448 1.2759976387023926
0.9999982496114398 -0.0015840191301483293 0.0009958199898236354 -0.00583474850282073 0.00158562054203479 0.9999974478058596 -0.0016094064942690498 -0.02278977632522583 -0.0009932681176225853 0.0016109826698143665 0.9999982090750384 1.198859691619873
0.9999981168635311 -0.0015035447656720055 0.0012270381121574014 -0.0052331783808767796 0.00150575299566148 0.9999972450766029 -0.0018007073943807122 -0.021021965891122818 -0.0012243272875840695 0.0018025516197161205 0.9999976259123572 1.1549274921417236
0.9999980931056761 -0.001048686197836201 0.0016474350578753365 -0.004130061250180006 0.0010508231540154013 0.9999986070240022 -0.0012968117650418573 -0.02061655931174755 -0.001646072814438652 0.0012985404550624156 0.9999978021160726 1.0777606964111328
0.999995942532614 -0.0006003302789436437 0.002784694213912628 -0.0016865539364516735 0.0006025458631522244 0.9999995025690558 -0.0007948585558124721 -0.017709102481603622 -0.002784215651061024 0.0007965332366785425 0.9999958068302142 0.9027036428451538
0.9999957822623444 -0.0006311856163026245 0.0028349712942960376 -0.0015299543738365173 0.0006333762708509979 0.9999995015068313 -0.0007718941562288814 -0.017474209889769554 -0.002834482672593494 0.0007736865041281834 0.9999956835492702 0.8971474766731262
0.9999960691131364 -0.0008774282551153594 0.002663058003944879 -0.002588951960206032 0.0008793872803153574 0.9999993435582761 -0.0007345481794645827 -0.019614670425653458 -0.002662411742475086 0.0007368871513742045 0.9999961842732399 0.9751463532447815
0.9999982529733882 -0.0009610834168003314 0.0016032369872927322 -0.004468950908631086 0.0009630982059714755 0.9999987469465615 -0.0012564024643855166 -0.020512431859970093 -0.0016020274707777644 0.001257944344083185 0.9999979255398533 1.0556080341339111
0.9999983078777436 -0.0011970203223679375 0.0013969194669487116 -0.0052922130562365055 0.0011989687057675025 0.9999983085459732 -0.0013947685237956664 -0.021992087364196777 -0.0013952475378556717 0.001396441026402154 0.9999980516164857 1.1321008205413818
0.999998524213827 -0.0014550315507391002 0.0009134841840224042 -0.006351878400892019 0.0014563311131773032 0.9999979262377698 -0.001423593990023846 -0.02384623885154724 -0.0009114109155024783 0.0014249222245421068 0.9999985694623753 1.2076327800750732
0.9999985133826795 -0.0016156602162252483 0.0006023906510288793 -0.006842791568487883 0.0016165880063988038 0.9999975030672777 -0.0015428876910679541 -0.024106189608573914 -0.000599896364639389 0.0015438592148860092 0.9999986283105973 1.2351830005645752
0.9999976213696834 -0.0014295952530261093 0.0016472742296871528 -0.004650995600968599 0.0014315627889052093 0.9999982626619224 -0.001193859756485445 -0.022277139127254486 -0.001645564631574259 0.0011962150932247771 0.9999979305911058 1.138883352279663
0.9999981599662247 -0.0011580428260542822 0.0015293792786761839 -0.004322898108512163 0.001159523200860172 0.9999988597955555 -0.0009674262429491506 -0.020809154957532883 -0.0015282572138507493 0.0009691978136087281 0.9999983625414025 1.0657585859298706
0.9999983642809377 -0.0011945141893540858 0.0013581499551114785 -0.004891474265605211 0.0011957645721677576 0.9999988616773358 -0.0009202125410658748 -0.02176111936569214 -0.0013570492021610782 0.0009218350634566935 0.9999986543178839 1.0876827239990234
0.9999982519380681 -0.001187043009955592 0.001444662486696736 -0.004485751036554575 0.0011887584201683227 0.9999985887826324 -0.0011871335906446928 -0.020808279514312744 -0.0014432512693332861 0.001188848870157017 0.9999982518305406 1.0716748237609863
0.9999985324094824 -0.0010714765486720822 0.001336830911882484 -0.004818248096853495 0.0010727574688737629 0.9999989658780822 -0.0009578278441900153 -0.0212685689330101 -0.0013358032393636229 0.000959260533836297 0.9999986477235526 1.0751404762268066
0.9999978771531216 -0.0012892525151721452 0.0016073323248332377 -0.004351564217358828 0.0012911056417919827 0.9999985024899682 -0.0011524166099398932 -0.020930714905261993 -0.0016058441618240656 0.0011544893993687168 0.9999980442074649 1.0759978294372559
0.9999984830815104 -0.0012011529395917183 0.001261374763442442 -0.00507199065759778 0.0012023588962143655 0.9999988204439081 -0.0009557425789805682 -0.022207897156476974 -0.00126022528257192 0.0009572577543652643 0.9999987477441304 1.1201560497283936
0.9999982694820942 -0.0015514746559695033 0.0010266251548168546 -0.005877790506929159 0.0015527937173283432 0.9999979684096286 -0.0012853047446670144 -0.02287205494940281 -0.001024628951398527 0.0012868966575145906 0.999998647015337 1.1741597652435303
