0.9999261614285306 0.0008684982245006495 -0.012120948875319561 -0.019324038177728653 -0.000855183387638944 0.9999990253221492 0.0011036376782884178 -0.015080707147717476 0.012121895568663247 -0.0010931905531382392 0.9999259295479025 0.694210410118103
0.9995248514373601 0.0014696887877681114 -0.0307881693835473 -0.0466509573161602 -0.0013567175029850199 0.999992272031448 0.003689877369146819 -0.010020150803029537 0.030793354424940206 -0.003646353280931026 0.9995191210932437 0.40106290578842163
0.9999519882244581 0.0007690629261569974 -0.009768817132537064 -0.015581445768475533 -0.0007642106165219811 0.999999582772265 0.0005004372385002312 -0.013164827600121498 0.009769197924442617 -0.0004929477778563169 0.9999521587428077 0.668903648853302
0.9998083531136983 0.0008566106756288219 -0.019558201916965945 -0.02947264164686203 -0.0008251891253900266 0.9999983560953744 0.0016145802724145835 -0.01205169502645731 0.019559552831845357 -0.0015981316275986285 0.9998074163899361 0.5868857502937317
0.9999339310209131 0.0007588447836711041 -0.011469862582333932 -0.01745494268834591 -0.0007520839087037863 0.9999995409160315 0.0005937487010845245 -0.014103036373853683 0.01147030787980853 -0.0005850831736307928 0.9999340426822271 0.6826308369636536
0.9999565722005637 0.0005543329244372358 -0.009303033263824768 -0.013992667198181152 -0.0005518243422036292 0.9999998106939406 0.00027221678565095877 -0.01487863902002573 0.00930318240143107 -0.0002670713236636797 0.9999566887971267 0.7221980690956116
0.9998624578196732 0.0009106294872242538 -0.016560078403768972 -0.025014862418174744 -0.0008890435635082431 0.9999987456928208 0.0013108067466695889 -0.012796121649444103 0.016561251291619315 -0.0012959038243356025 0.9998620132742986 0.6213235855102539
0.9996823560881325 0.0016492001632020476 -0.025148897886419934 -0.037484582513570786 -0.0015831704407073997 0.9999952481376266 0.002645236004966563 -0.011864714324474335 0.025153140905969436 -0.0026045807701039845 0.9996802167001086 0.5252235531806946
0.9993305436166855 0.0016737046098762502 -0.03654672772846208 -0.053292166441679 -0.0015248510678587286 0.9999904304881492 0.004100458675146916 -0.010564468801021576 0.03655324095070518 -0.004041985280108834 0.9993235326614673 0.4399447441101074
0.9990282205966587 0.002045035338470936 -0.0440276308917283 -0.06397789716720581 -0.0018532123839741957 0.9999886148248386 0.0043972519328160375 -0.01009920984506607 0.044036122165033414 -0.004311386223150828 0.9990206363701909 0.38088178634643555
0.9995834208968789 0.0014075008961786457 -0.028827133213692863 -0.042471498250961304 -0.0013213245363098423 0.9999946022547197 0.003008249141005817 -0.011201722547411919 0.028831211725532515 -0.0029689059688499677 0.9995798851656557 0.5001773238182068
0.9995470813846311 0.0012816672791820614 -0.030066416887471623 -0.04424090310931206 -0.001201041265712926 0.9999956350812506 0.002699503347752959 -0.010792195796966553 0.030069745515115674 -0.0026621696850405293 0.9995442577781257 0.4801112711429596
0.9997848220267062 0.0021750735029619716 -0.020629558896983032 -0.03493695333600044 -0.0021358334320187348 0.9999958682674671 0.0019239707755594703 -0.006764210294932127 0.02063365843901779 -0.0018794954778473332 0.9997853367779359 0.37270328402519226
0.9998678305663354 0.0007467268913657423 -0.016240806553852693 -0.023233067244291306 -0.000731665768419785 0.999999296821876 0.0009332850350705613 -0.014046672731637955 0.016241492042705804 -0.0009212788411090468 0.999867673835655 0.6565403342247009
0.9997810605175367 0.0017250585764112393 -0.020853182091405298 -0.03220381960272789 -0.001677245766740707 0.9999959251274039 0.0023101028603496024 -0.012004703283309937 0.020857082180096694 -0.002274621176239038 0.9997798798842858 0.546096920967102
0.9996045127114781 0.0018375699963321496 -0.028061388122408184 -0.043478742241859436 -0.0017375165436489565 0.999992048275665 0.003589487665412813 -0.009709282778203487 0.02806776092082155 -0.0035393109425683987 0.999599756940218 0.4177473783493042
0.9993673503467602 0.0014434947362617688 -0.03553611379768611 -0.05074019357562065 -0.0013347700047614006 0.999994356457506 0.0030830897120856632 -0.011082439683377743 0.03554036367188864 -0.0030337066576654665 0.9993636371081275 0.4691435396671295
0.998896471641721 0.002341795965000019 -0.046907941048168283 -0.0690419152379036 -0.0021554783523481842 0.9999895879638835 0.00402217315574353 -0.006771815475076437 0.04691687174985859 -0.003916625522121707 0.9988911187860899 0.19943955540657043
0.9998415057109162 0.0008587943812893602 -0.017782742475180947 -0.02477409504354 -0.0008518956194514966 0.9999995589193876 0.0003955185000686429 -0.014499831944704056 0.017783074300623564 -0.00038030677222871426 0.999841796303384 0.6700984239578247
0.9999389716625637 0.0005349856850901166 -0.011034796814218982 -0.01629025489091873 -0.0005324630189126162 0.9999998314346039 0.00023154674918205546 -0.015118120238184929 0.011034918828330327 -0.00022565699704412776 0.9999390879675479 0.7271226644515991
0.9999764691430455 0.0003039943241612622 -0.006853374910103539 -0.010296978056430817 -0.0003019056698503039 0.9999999076710736 0.00030579537382816193 -0.01731840707361698 0.006853467237396791 -0.000303719105457993 0.9999764685939019 0.8265467286109924
0.9999510844274044 0.0007688281427854008 -0.009860915563226769 -0.01656167022883892 -0.0007617437209278887 0.9999994491081953 0.000722170208334991 -0.013393167406320572 0.009861465355709247 -0.0007146233924528506 0.999951119212557 0.6707203388214111
0.9994647274630684 0.0018722412641735255 -0.0326611890448509 -0.04927665367722511 -0.001733009985775437 0.9999892932930976 0.004290684742640422 -0.01032290980219841 0.032668872548099435 -0.004231785890171028 0.9994572710999786 0.3265943229198456
0.9997708131891945 0.0015024935514680422 -0.021355645814268277 -0.03224785998463631 -0.0014585099890343128 0.9999967835531418 0.0020750016825234353 -0.012110693380236626 0.021358694801615674 -0.002043378696763013 0.9997697888813568 0.5473085641860962
0.9999797704443536 0.00040643194015645904 -0.006347717316938644 -0.010193945840001106 -0.0004045439280392218 0.9999998735574259 0.000298712809056646 -0.015035917051136494 0.006347837920743462 -0.000296138835731776 0.999979808423911 0.7546169757843018
0.9998217601653019 0.0011525657732649843 -0.018844614405599723 -0.029590604826807976 -0.0011075853937886945 0.9999965134050848 0.002397171722993954 -0.012404090724885464 0.018847311600143517 -0.002375872431835082 0.9998195507568527 0.5712615251541138
0.9992786802483776 0.002281942282507609 -0.03790662132767927 -0.056963250041007996 -0.002076115778427476 0.9999828935391155 0.005468306173993213 -0.010150566697120667 0.03791845123861639 -0.005385663242096722 0.9992663237030994 0.21295717358589172
0.9993829585817291 0.0020463737441474986 -0.035064432847676644 -0.05245104804635048 -0.0018954749926060714 0.9999888023293423 0.004336172330533125 -0.010530998930335045 0.03507291363691312 -0.0042670329770157405 0.9993756466707555 0.40089279413223267
0.999160970927724 0.0023263095253463094 -0.04088939298596014 -0.06075451895594597 -0.002103013577997563 0.9999826462397507 0.0055031403068167995 -0.009946312755346298 0.040901485408952575 -0.005412532063465014 0.9991485239883025 0.2922283411026001
0.9993166000642449 0.001535377032337975 -0.03693203830560962 -0.054535411298274994 -0.0014260127059585869 0.9999945209753949 0.0029873913291628327 -0.009489408694207668 0.036936422726096416 -0.0029326841902396583 0.9993133142511611 0.4062981605529785
0.9998054360959946 0.0010600313188721042 -0.019696859813200587 -0.029446372762322426 -0.0010279140147321246 0.9999981258567917 0.0016406327079361933 -0.011989948339760303 0.019698562020517722 -0.0016200668217832956 0.9998046519384757 0.5792045593261719
0.9999726126064729 0.0004217410668546565 -0.007388922212180449 -0.011359904892742634 -0.00041940125073637585 0.999999861421836 0.0003182120360397923 -0.016055524349212646 0.007389055391320739 -0.00031510439782415396 0.999972650910835 0.7691994905471802
0.9995555537966401 0.001367686125628769 -0.029779595513607954 -0.04304441809654236 -0.001279128913539436 0.9999947040676436 0.002992601859371595 -0.012123924680054188 0.029783530742927104 -0.0029531798671820642 0.9995520096649085 0.5239660143852234
0.9995011361434836 0.0014787983228009252 -0.031548248816790435 -0.045138098299503326 -0.0013863665168828091 0.999994683219927 0.002951528376759271 -0.012216380797326565 0.031552445796903035 -0.002906318530104737 0.9994978721722398 0.5192415118217468
0.9995121690658713 0.0011622369802164478 -0.031210144095128796 -0.045162830501794815 -0.0010978172446409462 0.999997231863758 0.0020811203998025857 -0.011800349690020084 0.031212476456286747 -0.0020458421304985546 0.9995106782038111 0.5150787830352783
0.9992813403588141 0.0013558974920983577 -0.03788092333460999 -0.05357049033045769 -0.0012455132624870258 0.9999949100981587 0.0029374265077334316 -0.011973905377089977 0.037884713373663614 -0.0028881343054448635 0.9992779429031889 0.48803338408470154
0.9994314931776388 0.001256162240271531 -0.03369143067815719 -0.04806425794959068 -0.0011833270439709947 0.9999969199911711 0.0021816840462931704 -0.011547987349331379 0.03369406745737241 -0.002140575762957079 0.9994299013705668 0.49408334493637085
0.9996843320537507 0.0009801322622323833 -0.025105290020120363 -0.0361827127635479 -0.0009410886440578375 0.9999983294886763 0.0015669626736230986 -0.012483402155339718 0.02510678391211923 -0.0015428417303903533 0.9996835844610957 0.5719888210296631
0.9994387407748141 0.0014850585343999096 -0.03346637177232559 -0.048343196511268616 -0.0013765532841735855 0.999993722337648 0.003265024709082215 -0.011509490199387074 0.033471010434552695 -0.0032171239398712135 0.9994345108980607 0.48994338512420654
0.9994436123263524 0.001724594434102779 -0.03330903111904269 -0.04847259446978569 -0.00162671975796841 0.9999942804950503 0.0029652588445694215 -0.011336387135088444 0.03331395447677336 -0.0029094245520589973 0.9994407014355055 0.47556358575820923
0.9999596339782543 0.0008006787698844773 -0.008949264080547553 -0.01437083724886179 -0.0007959353047401984 0.9999995408849339 0.0005335887106954028 -0.013372399844229221 0.008949687204958087 -0.0005264441366087525 0.9999598121702215 0.6698927879333496
0.9997372736088077 0.0012094731308823494 -0.022889319167975358 -0.03414423391222954 -0.0011604047103577263 0.9999970006464273 0.0021568864266620622 -0.011833015829324722 0.022891859210993546 -0.002129758881895574 0.9997356785215625 0.5522310137748718
0.9995927565922427 0.0018161455752978798 -0.02847845823724474 -0.04237613454461098 -0.0017386199651200694 0.99999471618655 0.0027467798597495567 -0.01127494778484106 0.02848329631447268 -0.002696148035692002 0.9995906325175478 0.48776406049728394
0.9996558307716867 0.001823142844437314 -0.02617052071200606 -0.03972165659070015 -0.0017445083440537433 0.9999938963130145 0.0030272144544885734 -0.011141345836222172 0.02617588001971067 -0.002980517888675507 0.999652909673307 0.48506611585617065
0.9999251654864103 0.0010169271756365662 -0.012191361125588596 -0.01985406130552292 -0.0010019586488597407 0.9999987368545883 0.0012338428156706675 -0.01263225357979536 0.012192600454416447 -0.0012215352419225546 0.9999249213545044 0.6254962086677551
0.9999388303610962 0.0009263779360167499 -0.011021676823546952 -0.017806733027100563 -0.000917437111297886 0.9999992460369322 0.0008162320221283151 -0.013111861422657967 0.011022424652945654 -0.0008060703981636059 0.9999389263376456 0.642964780330658
0.9998162884039612 0.0007911770144879386 -0.01915106997164736 -0.02967669814825058 -0.0007469909314437667 0.9999970430475623 0.002314281893034084 -0.011493931524455547 0.019152844349483132 -0.0022995510570175655 0.9998139229968048 0.5720046162605286
0.9998013675903558 0.001732645492918853 -0.019855057392264175 -0.028382301330566406 -0.0017032862478426622 0.9999974311533144 0.0014954941424068023 -0.01332018617540598 0.01985759754885133 -0.001461378242595317 0.999801750445167 0.5944480299949646
0.9999176311435466 0.0008795330157275005 -0.012804583162012403 -0.020972222089767456 -0.0008629471797913237 0.999998781656332 0.0013007720848335464 -0.012487453408539295 0.012805711633624131 -0.0012896152627963498 0.9999171718907676 0.6184952259063721
0.9999783935643997 0.00022603456657720744 -0.00656972699106587 -0.010477913543581963 -0.00022457481885439844 0.9999999499342009 0.00022292991315476385 -0.016694800928235054 0.0065697770520135364 -0.00022144970118501042 0.9999783942613544 0.7954617142677307
0.9999851871322991 0.0005432108923063218 -0.005415758294792261 -0.009224220179021358 -0.0005409601909823138 0.9999997667198329 0.0004170399882123104 -0.016914956271648407 0.005415983572067385 -0.000414104101012674 0.9999852477110555 0.831297755241394
0.9999843942606775 0.0005591926612805778 -0.0055586453991516285 -0.0092743169516325 -0.0005573923930273293 0.9999997917103312 0.0003254120688929494 -0.016708772629499435 0.005558826209384036 -0.00032230864393600634 0.9999844976639948 0.8088886737823486
0.9999842502038333 8.856762082746269e-05 -0.005611728793666324 -0.008999566547572613 -8.667267724013711e-05 0.9999999391496882 0.00033791784041635296 -0.019800281152129173 0.005611758380770039 -0.0003374261347207528 0.9999841970308727 0.9367716312408447
0.9999995252855284 0.0006353734393431462 -0.000738734939439923 -0.0033173942938447 -0.0006347087890398868 0.99999939393141 0.0008996007814740572 -0.020030245184898376 0.0007393060741584408 -0.0008991314728617141 0.9999993224943322 0.9584556818008423
0.9999533417057367 0.0008337376698667826 -0.009623891781806353 -0.016611875966191292 -0.0008243387273205017 0.9999991794919567 0.0009805514141969728 -0.012537780217826366 0.009624701407976997 -0.0009725723166372646 0.9999532085182267 0.6271700263023376
0.9996132120049245 0.0011602248870472055 -0.02778633231301954 -0.04210839420557022 -0.0010796056532721167 0.999995165029407 0.002916225204361069 -0.0101667121052742 0.027789581443978254 -0.0028850989620122515 0.9996096314897871 0.47453242540359497
0.9993377550811355 0.0020510329085221333 -0.036329664647565534 -0.05386492237448692 -0.0019018759895845316 0.9999896226818498 0.00413973384797165 -0.010258986614644527 0.036337778373431905 -0.004067897813362516 0.999331285445554 0.4089134633541107
0.9987718183197569 0.0016662516373578762 -0.049518466613250066 -0.07241866737604141 -0.001425497571253361 0.9999869944560815 0.00489682298710412 -0.008561110123991966 0.049525981937977866 -0.004820220344930587 0.9987612039866713 0.3166447877883911
0.9986384734502832 0.002824750817033745 -0.0520885796284551 -0.075409434735775 -0.002518804852475309 0.9999791960045603 0.005938280911897743 -0.008413301780819893 0.0521042701417397 -0.0057989948176498185 0.9986248127761005 0.24916106462478638
0.9990923326887489 0.002313333062262242 -0.042534212731604126 -0.062210358679294586 -0.0020804158220349544 0.9999826036374925 0.005519446746636731 -0.00913490355014801 0.04254624110966487 -0.005425948076103988 0.9990797648110553 0.3163423240184784
0.9989220890890925 0.0021587088247718776 -0.046368091464853614 -0.06813608109951019 -0.0019319563821814149 0.999985958894322 0.004934527205393124 -0.008841394446790218 0.04637809261300563 -0.004839627094443164 0.9989122336497668 0.3144092857837677
0.9986627539654687 0.00282839083208369 -0.05162077147241001 -0.07526009529829025 -0.0025163288929575655 0.9999781722254961 0.006109268487997558 -0.009511832147836685 0.05163692410483278 -0.005971204054205311 0.998648072541641 0.29392826557159424
0.9987920750980325 0.0025790109128257088 -0.04906872144327245 -0.07165732979774475 -0.002300867920237813 0.9999809702876908 0.005724078030724507 -0.009748165495693684 0.049082550139327115 -0.005604263127274479 0.9987790023356621 0.3142237067222595
0.9989470496933239 0.0024957454465039785 -0.04581007709740628 -0.06754861027002335 -0.0022611658416960114 0.9999840696590945 0.005171804044225559 -0.0087181581184268 0.04582225483365479 -0.005062774210033007 0.9989367794206289 0.2988508343696594
0.9986181399138587 0.002745257173674148 -0.05248117946497702 -0.07620083540678024 -0.002429530870911149 0.9999785723058264 0.006078841085942309 -0.009556206874549389 0.05249674289641239 -0.005942936332423659 0.9986034115168126 0.2974989116191864
0.9990420127444645 0.002174278537347186 -0.04370731385399098 -0.06448376923799515 -0.0019387227760860376 0.9999833723527941 0.0054310562444810015 -0.009589350782334805 0.0437183957332234 -0.005341116996964419 0.9990296163496546 0.3510701358318329
0.9979960262331866 0.0033058574993949127 -0.06319021228768167 -0.09102576225996017 -0.0028192665192113765 0.9999656985678428 0.007788030817850085 -0.008156764321029186 0.06321379089298658 -0.007594273758551459 0.997971113633565 0.2129073441028595
0.9986526246242902 0.002302571352391429 -0.051842390918859296 -0.07240848243236542 -0.002120694920188312 0.999991403834483 0.0035629917478654845 -0.009094981476664543 0.05185014931581361 -0.0034482491654485112 0.9986489230924053 0.33059704303741455
0.9984280167678615 0.0019615604762691775 -0.05601470890304258 -0.08210642635822296 -0.0016430681431068895 0.9999822257739774 0.005731357884389769 -0.007645734120160341 0.056024955690047326 -0.00563031230215413 0.9984134934601537 0.25045058131217957
0.9983086593275258 0.0024476128862252664 -0.05808467872715898 -0.08434996753931046 -0.002110232848674606 0.9999805504287615 0.005869044344312146 -0.007814985699951649 0.05809791415362917 -0.005736545593849294 0.9982944076852516 0.23691052198410034
0.9987785115545004 0.002478604185575464 -0.049349178091108434 -0.07227916270494461 -0.0022068609069384915 0.9999821064404973 0.0055602665190807666 -0.0090536093339324 0.04936207675852096 -0.0054445679458549985 0.9987661097864549 0.2911551594734192
0.9987485258562706 0.002325278560769393 -0.04995973558317984 -0.07312653213739395 -0.002059377390638029 0.9999834441063641 0.0053731255277855985 -0.008043891750276089 0.04997140246870553 -0.005263515250214308 0.9987367793080024 0.26283586025238037
0.9986041383275764 0.002725950731420189 -0.052747929889700736 -0.07700199633836746 -0.0024330020233869405 0.99998126380983 0.005617163915150688 -0.0070292153395712376 0.05276225370653825 -0.005480987311182693 0.9985920605341813 0.1969832479953766
0.9991598433820662 0.0017771255588800877 -0.04094446479651489 -0.059798408299684525 -0.0016343886180034397 0.9999924715493362 0.0035193207434600846 -0.009105953387916088 0.04095041082297481 -0.0034494447956131685 0.9991552257702663 0.3562031388282776
0.9995182084528084 0.0017099995829233006 -0.03099075463286684 -0.046099431812763214 -0.0016225660780657225 0.9999946331814731 0.0028462058206146874 -0.01006311271339655 0.03099545532187688 -0.0027945499955078 0.9995156188072861 0.4362078011035919
0.9991851143083466 0.0012155613318223955 -0.0403438936552425 -0.05912376940250397 -0.0010997348266120806 0.9999952104153506 0.0028930485081246427 -0.00969473272562027 0.040347217102646306 -0.002846323419396307 0.9991816654217913 0.4070832133293152
0.9991514123678626 0.0019256347170082619 -0.0411430078414573 -0.059539373964071274 -0.0017723630437736506 0.9999913549220263 0.0037614904561011756 -0.009657008573412895 0.0411498954135564 -0.0036853781552138366 0.9991461875498032 0.3755469024181366
0.9992574736940228 0.0011246983371204777 -0.03851280722420837 -0.056100159883499146 -0.0010168457668942102 0.9999955070632549 0.0028199074434271934 -0.010054693557322025 0.03851580573381411 -0.00277865200297288 0.9992541277381449 0.43211811780929565
0.9999490428663301 0.000764468551450487 -0.01006614417462182 -0.015239056199789047 -0.0007623368187869605 0.9999996861778753 0.00021560780552195235 -0.013905328698456287 0.010066305841029834 -0.000207923026438654 0.9999493118427204 0.6927278637886047
0.9999878757905925 0.00015674858361556065 -0.004921757988829839 -0.008111833594739437 -0.00015481691670590138 0.9999999108489118 0.00039285352356996893 -0.01913055032491684 0.004921819129283145 -0.0003920867891349793 0.9999878109079174 0.9388128519058228
0.9998735385639712 0.0006521625212002743 -0.01588966845494945 -0.02488420531153679 -0.0006311142584281338 0.9999989168898322 0.0013296292546066822 -0.012428888119757175 0.015890518379054933 -0.0013194329114581448 0.9998728671798414 0.6230289936065674
0.9997822282008262 0.0009573472432903769 -0.020846574300035028 -0.03069060482084751 -0.0009389274450405105 0.9999991601624917 0.0008933585866293533 -0.012195703573524952 0.020847412046680187 -0.0008735906175772565 0.9997822874258119 0.5821741819381714
0.999580261530321 0.0009330368251468477 -0.028955659226789172 -0.04341156780719757 -0.0008650094574244387 0.9999968368232163 0.002361800626684812 -0.011414929293096066 0.0289577712818785 -0.0023357623690269482 0.9995779067669222 0.5188167691230774
0.9996831545696786 0.0006004515617199492 -0.025164060235548312 -0.03473161160945892 -0.0005796065498282155 0.9999994828725244 0.0008356500052692186 -0.015084677375853062 0.025164548989872082 -0.0008207999792509054 0.9996829856317104 0.6425268650054932
0.9994983367583649 0.0010748172264294321 -0.03165311335701206 -0.046328552067279816 -0.000992330635843711 0.9999960713729753 0.0026215488788526196 -0.010847292840480804 0.03165580668963044 -0.002588823390039953 0.9994954766762497 0.49190258979797363
0.9993648336827874 0.0019159351991623632 -0.035584524592685365 -0.051852378994226456 -0.0017762785935252561 0.9999905980225171 0.0039558438956645405 -0.010309825651347637 0.0355917691683485 -0.0038901232475711026 0.9993588409118047 0.2281428873538971
0.9992466644907623 0.0018522218061389501 -0.03876432352649563 -0.05639622360467911 -0.0017016482584945613 0.9999908808404939 0.003916966818519924 -0.01058789063245058 0.038771225119801425 -0.003848052784706446 0.9992407040310537 0.42985302209854126
0.9998569757244903 0.0010425263119768272 -0.01688020242664276 -0.02580954320728779 -0.0010167679196352493 0.999998305801484 0.0015344631501119997 -0.012446675449609756 0.016881773546437613 -0.0015170804363272992 0.9998563417755953 0.600898265838623
0.9998800413049269 0.00073859955449037 -0.015471181944357289 -0.02258395403623581 -0.0007290877758337128 0.9999995417440904 0.0006204374456814014 -0.013395152054727077 0.015471633109417708 -0.000609083169181713 0.9998801216078957 0.6469337344169617
0.9999742599614528 0.00036615094286640624 -0.007165566832532705 -0.011223024688661098 -0.0003642646345135929 0.9999998986624022 0.00026454954339182735 -0.015818053856492043 0.0071656629714561245 -0.00026193257129304763 0.999974292002303 0.7651598453521729
0.9999793980193099 0.0005619528531808956 -0.00639435265912719 -0.01120881736278534 -0.0005590521923703642 0.9999997400325683 0.00045540689711677507 -0.014131138101220131 0.006394606914008945 -0.0004518227379598002 0.9999794522182087 0.7203401327133179
0.9994210530311911 0.0018296503694519542 -0.03397368301421797 -0.05062252655625343 -0.001692999785369265 0.9999903632316546 0.004050579656090521 -0.01034746877849102 0.03398076676226918 -0.0039907171472254345 0.9994145194397063 0.42577481269836426
0.9991074997887849 0.002391765640744355 -0.042172068041810125 -0.06243231147527695 -0.0021758663781107903 0.9999842959123361 0.005164642699579629 -0.009847600944340229 0.0421837583829122 -0.005068272469931828 0.9990970138794645 0.35545143485069275
0.9999185319728594 0.0009610821233725783 -0.012728147484769433 -0.0192093625664711 -0.0009527304054127274 0.9999993268920777 0.0006622085519099554 -0.013961421325802803 0.01272877535415371 -0.0006500281099723583 0.9999187745719349 0.6592763066291809
0.9999785158982817 0.000623985185424803 -0.006525211441638901 -0.011787893250584602 -0.0006209985274560265 0.9999997015060937 0.00045972660585207617 -0.013694815337657928 0.006525496356494446 -0.0004556645823423165 0.9999786049046697 0.6905468702316284
0.9999847702701812 0.00044880798552660565 -0.005500708962026778 -0.009498313069343567 -0.0004468708979153539 0.9999998377157618 0.00035337635807451364 -0.015814024955034256 0.0055008666674798146 -0.0003509128694950239 0.9999848085476422 0.778064489364624
0.9999843964586879 0.00040883796966079984 -0.005571327549900872 -0.01015389896929264 -0.000406724629318596 0.9999998449156245 0.0003804521029133504 -0.013538009487092495 0.005571482229140327 -0.0003781801703806994 0.999984407661204 0.6972626447677612
0.9999710511023668 0.0008232660367095179 -0.007564336736308501 -0.012778098694980145 -0.0008190412929844699 0.9999995068944704 0.0005615889745059183 -0.013830377720296383 0.007564795343421531 -0.0005553772129831074 0.9999712322999914 0.6848597526550293
0.9999911026392938 5.663688371621147e-05 -0.004217989392146087 -0.006939916871488094 -5.539096061407515e-05 0.9999999548059689 0.0002954994097814724 -0.021635910496115685 0.004218005937683855 -0.00029526314213234423 0.9999910605828365 1.0002697706222534
0.9999903717594828 0.00018300381171651735 -0.004384392539038423 -0.007158378139138222 -0.00018225437851661662 0.9999999687145182 0.00017133097842893762 -0.019321557134389877 0.0043844237560927085 -0.00017053025407569392 0.9999903738275482 0.9207534193992615
0.9999864761287887 0.00021584254234601488 -0.005196245906855214 -0.00810957234352827 -0.00021461979241866512 0.99999994915171 0.00023587056204186588 -0.019721943885087967 0.005196296553536771 -0.0002347521549408767 0.999986471605268 0.9195213317871094
0.9999872506091915 0.0004698799192292305 -0.005027706428547859 -0.008761707693338394 -0.00046838456668928775 0.9999998457282322 0.00029859572947659114 -0.016309522092342377 0.0050278459570519485 -0.0002962370224659659 0.9999873164238928 0.798613965511322
0.9999846836054649 0.0005611997289979392 -0.005506142873420288 -0.009830700233578682 -0.0005589142139889475 0.9999997570235822 0.0004166145437994478 -0.014936224557459354 0.005506375339526493 -0.00041353070125051735 0.999984754295274 0.7423179745674133
0.9999837406936527 0.0004322805287958727 -0.0056860778990372035 -0.009784798137843609 -0.0004307607748735941 0.9999998711769074 0.0002684982747463859 -0.014733336865901947 0.005686193233115252 -0.0002660445698289022 0.9999837980821502 0.7371121644973755
0.99998680945815 0.0002274535359904414 -0.005131196215194412 -0.008255869150161743 -0.00022625663745853223 0.9999999470637568 0.00023383844403877357 -0.019121482968330383 0.005131249130949108 -0.00023267439238120147 0.9999868079854771 0.904152512550354
0.9999977044094072 -3.836694114161152e-05 -0.002142359422165054 -0.004608178976923227 3.876578121316538e-05 0.9999999819269036 0.00018612739322593553 -0.02295023575425148 0.002142352242307245 -0.00018621001619028218 0.9999976878236768 1.0913264751434326
0.9999986313811856 -0.00010438020047411726 -0.0016511633866408265 -0.0036679934710264206 0.00010470637624891027 0.999999975023497 0.00019745779331515129 -0.024927131831645966 0.001651142734716488 -0.00019763041040551035 0.9999986173339894 1.1853888034820557
0.9999991137251647 -0.00022872122965964615 -0.0013115774794273992 -0.0030637485906481743 0.00022907004946693765 0.9999999384358833 0.00026581035033005533 -0.02711968496441841 0.0013115166022111065 -0.000266110557867123 0.9999991045542858 1.2837709188461304
0.9999998824269779 -0.0004164080446702121 -0.000248496219923121 -0.0014572259970009327 0.00041647097022690685 0.9999998812138978 0.00025322741107342396 -0.02917531318962574 0.0002483907444741216 -0.00025333087276252096 0.9999999370627518 1.3914542198181152
0.9999999305633154 -0.00037260090379548686 -6.475400620897348e-06 -0.001231086440384388 0.00037260214630683837 0.999999911968634 0.0001929517157994856 -0.028084849938750267 6.403506067163208e-06 -0.00019295411514972768 0.999999981363852 1.3509674072265625
0.9999982468622842 -3.668724716159256e-05 -0.0018721448672587811 -0.0045324331149458885 3.7079132048703334e-05 0.9999999774114713 0.00020928973919125712 -0.021310940384864807 0.0018721371467053927 -0.00020935878978426922 0.9999982256341263 1.0299681425094604
0.9999870415146083 0.000532192889087916 -0.0050629609508441075 -0.009155409410595894 -0.0005308350958656402 0.9999998227860674 0.00026952167760423216 -0.014993062242865562 0.005063103491137162 -0.0002668305876498049 0.9999871468096354 0.7539862990379333
0.999994430556722 -0.00029564832718633144 -0.0033243717608113306 -0.006446517072618008 0.0002957107437436573 0.999999956110426 1.8283932533500883e-05 -0.02245258539915085 0.003324366209292002 -1.9266883148045666e-05 0.9999944740937791 1.1079983711242676
0.9999999253414914 -0.0002585639752845147 -0.0002871614227828078 -0.0020616604015231133 0.00025864751500554063 0.9999999242345188 0.00029091651727672704 -0.0269415695220232 0.00028708618049470136 -0.0002909907691457419 0.9999999164529453 1.297790765762329
0.9999998581945807 -0.0004590703999564108 0.0002699355218466349 -0.0008512749336659908 0.0004589911271274827 0.99999985154492 0.0002936618511048726 -0.030096281319856644 -0.00027007029323677413 -0.00029353791145260655 0.9999999204487623 1.4412081241607666
0.999999865532076 -0.0004283351844533556 0.0002923436318922371 -0.0008737728931009769 0.00042826911588684315 0.9999998827499263 0.00022602145362892226 -0.028788117691874504 -0.0002924404105559553 -0.00022589622148752104 0.9999999317247491 1.386849284172058
0.9999998999649573 -0.00040595737525119083 0.00018779958719175856 -0.0010911808349192142 0.00040590582811394783 0.9999998799625981 0.00027443623679863227 -0.02902722917497158 -0.00018791097406314864 -0.000274359980398433 0.999999944708032 1.3948190212249756
0.9999999216400707 -0.0003582717138970082 0.0001684079324244489 -0.0012152092531323433 0.0003582360077779549 0.9999999133606364 0.00021200396830663458 -0.027515484020113945 -0.000168483872858771 -0.00021194362190862873 0.9999999633465423 1.3311305046081543
0.9999999440722364 -0.00026981672775905043 -0.0001976220071615293 -0.0017800526693463326 0.00026985547129993137 0.9999999443715435 0.00019604829701146007 -0.02655062824487686 0.00019756909905813965 -0.00019610161542679905 0.9999999612553031 1.283926010131836
0.9999999054183694 -0.00040187857793807244 -0.00016630352118170692 -0.0015019085258245468 0.0004019329273576873 0.9999998657917347 0.0003269043203876797 -0.0296635702252388 0.0001661721230190006 -0.0003269711323296344 0.9999999327383499 1.4137663841247559
0.9999981360319737 -0.00032585893038503783 0.001903089208494575 0.0010359263978898525 0.00032502175277560584 0.9999998502936047 0.0004401972606864066 -0.02854340337216854 -0.0019032323657984756 -0.0004395778947825543 0.9999980922370982 1.3614380359649658
0.9999991027810158 -4.800151746695988e-05 0.0013387057250390892 0.000163279939442873 4.717024637914743e-05 0.9999998060818805 0.0006209759814575567 -0.02663438394665718 -0.0013387352732292127 -0.0006209122772272379 0.9999989111273134 1.240978479385376
0.9999998938024163 -0.00042586896643409316 0.00017615555502010003 -0.0010714405216276646 0.000425813371087373 0.999999859564756 0.0003155209045365478 -0.029841598123311996 -0.000176289900843155 -0.0003154458616382713 0.9999999347078875 1.4287118911743164
0.9999997348435657 -0.0007152444482193144 0.00013688746230146204 0.00011647352948784828 0.0007151812194881803 0.9999996378147538 0.0004613959086360097 -0.03852178901433945 -0.0001372174235849258 -0.00046129788695169443 0.9999998841878123 1.7971045970916748
0.9999996244810649 -0.0008662482242799567 -2.5529251502483948e-05 0.00038827070966362953 0.0008662557777368054 0.999999580587746 0.0002973638502958166 -0.038327619433403015 2.5271649887919236e-05 -0.00029738585349167555 0.9999999554614978 1.7810320854187012
0.9999997989566948 -0.0005865955245519371 0.0002408158239163179 -0.00045727891847491264 0.0005865412527276683 0.9999998025876429 0.0002253753194999573 -0.031332578510046005 -0.00024094798053006153 -0.0002252340257747216 0.9999999456068509 1.4931169748306274
0.9999998152125278 -0.00027397774417479466 -0.0005426887743989096 -0.0020796763710677624 0.00027406833139075715 0.9999999485228734 0.00016685562596281846 -0.02640433982014656 0.0005426430317348468 -0.00016700432893685313 0.999999838824034 1.2701222896575928
0.9999998666768611 -0.0004239449511162055 -0.0002948167875360774 -0.0014445534907281399 0.00042401375503117706 0.9999998828788309 0.0002333552225099315 -0.029207179322838783 0.00029471782323839087 -0.00023348019777141016 0.9999999293141983 1.3918370008468628
0.9999999277617446 -0.00035625299641432333 -0.00013251531289684132 -0.0015074778348207474 0.00035628400524223585 0.999999909140706 0.000234051890270426 -0.02806147374212742 0.00013243191916936827 -0.00023409908644936056 0.9999999638297017 1.3477615118026733
0.9999998146375367 -0.0004879912486481011 0.0003641283201233344 -0.000639935489743948 0.0004878943341172642 0.9999998455493226 0.00026619626158383853 -0.030218789353966713 -0.0003642581653295444 -0.000266018556096764 0.9999998982750532 1.4481346607208252
0.9999998911414882 -0.00041189205283663835 0.0002192303556576817 -0.0009336918592453003 0.00041185147700804913 0.9999998980589011 0.00018509605240499684 -0.028300302103161812 -0.00021930657290209534 -0.0001850057419099334 0.9999999588387506 1.3651337623596191
0.9999999455994335 -0.000263749347641668 -0.0001980843557479951 -0.0018915901891887188 0.00026379159131339737 0.999999942465978 0.00021326518047648136 -0.026081128045916557 0.00019802809579918005 -0.00021331742186215177 0.9999999576402746 1.2634224891662598
0.9999999600908752 -0.00023118327581483369 -0.00016239624742553677 -0.002010928001254797 0.00023122753345197094 0.9999999361216707 0.0002725628045712896 -0.026252979412674904 0.0001623332250899097 -0.0002726003441772806 0.999999949668487 1.2718291282653809
0.9999999080524874 -0.00038688224458687724 0.0001849787699798586 -0.0011336007155478 0.0003868366216396093 0.9999998947702091 0.000246611026769859 -0.02838708832859993 -0.00018507415994215796 -0.00024653944753213444 0.9999999524829268 1.367938756942749
0.9999999382853306 -0.00032135599221113357 0.0001419847212823715 -0.0013312646187841892 0.0003213312222398657 0.9999999331578406 0.0001744435722794905 -0.026477454230189323 -0.00014204077027906087 -0.00017439793738973405 0.9999999747048891 1.287122368812561
0.9999999589131474 -0.00015483275341073586 -0.00024124784332024192 -0.0022902805358171463 0.00015488407910878798 0.9999999653748698 0.0002127467535074781 -0.02432338148355484 0.00024121489480137916 -0.00021278411021643327 0.9999999482691471 1.1894590854644775
0.99999994877332 -0.0003111881168290562 7.493539412735516e-05 -0.001369996927678585 0.00031117636310330646 0.9999999392896217 0.00015681206551695706 -0.026127111166715622 -7.498418762936334e-05 -0.0001567887393605833 0.9999999848973312 1.269355297088623
0.999999889948897 -1.7142153012792252e-05 -0.00046883722135722877 -0.0028525167144834995 1.720211184956139e-05 0.999999991674801 0.00012788465513899035 -0.021205153316259384 0.00046883502523573925 -0.00012789270605546404 0.9999998819185804 1.0567915439605713
0.9999999160649018 -5.1966640155901877e-05 -0.0004064107008435537 -0.0027632713317871094 5.203914094034931e-05 0.9999999827354735 0.0001783843623359075 -0.022284988313913345 0.0004064014237910984 -0.00017840549662693936 0.999999901504676 1.1008797883987427
0.9999979845428475 0.0004000463670958199 -0.001967453467630332 -0.004979565739631653 -0.00039989218563088946 0.9999999169416451 7.87587639822496e-05 -0.019633078947663307 0.001967484811374292 -7.797183598003764e-05 0.999998061460076 0.9496395587921143
0.9999966183876777 0.0005751327332575355 -0.0025362246643252486 -0.005886984057724476 -0.0005744654737448271 0.9999998001962292 0.0002638122828611497 -0.018464285880327225 0.002536375884657306 -0.0002623544172469684 0.999996748978481 0.8909267783164978
0.9999579027059393 0.001364636354017811 -0.009073620201478316 -0.014366847462952137 -0.0013573185595015425 0.9999987486827696 0.0008126002850127532 -0.02091122791171074 0.009074717751391228 -0.0008002502836382666 0.9999585036876362 0.7332137823104858
0.9999998744994067 -7.734158293422338e-05 -0.0004949943940433153 -0.002759530209004879 7.743770887509095e-05 0.9999999781488029 0.000194179799916945 -0.023069975897669792 0.0004949793650539958 -0.00019421810677904566 0.9999998586373675 1.1319624185562134
0.9999991991387502 -4.758169854723622e-05 -0.0012646967383949815 -0.0035486798733472824 4.7835322972125334e-05 0.9999999787533194 0.00020051220082022237 -0.023450806736946106 0.0012646871708132793 -0.00020057253741471355 0.9999991801681726 1.13197922706604
0.9999979827233123 -2.512451008428797e-05 -0.0020084616165235887 -0.004148171283304691 2.5497269780713892e-05 0.9999999824569725 0.00018556924318179218 -0.024183278903365135 0.0020084569189527694 -0.00018562007912496464 0.9999979658209266 1.1480358839035034
0.9999980974374574 -0.0003091717048591781 -0.0019260151408329513 -0.003678790992125869 0.00030965446853831375 0.9999999207167398 0.0002503609883746238 -0.026660211384296417 0.0019259375835985857 -0.0002509569112420165 0.9999981138907478 1.2485456466674805
0.999999975664223 -0.00016511926408203969 -0.00014631193473022648 -0.0021130191162228584 0.00016514174459244634 0.9999999745600842 0.0001536490663981839 -0.02376626804471016 0.0001462865605872926 -0.00015367322486717054 0.999999977492391 1.1679534912109375
0.9999999081028409 -3.86968406105862e-05 -0.00042696236935134716 -0.0028245309367775917 3.8771618029070214e-05 0.9999999839128935 0.0001751313075113765 -0.022038636729121208 0.0004269555854544653 -0.00017514784543920409 0.9999998935160747 1.0901243686676025
0.9999984429277821 0.0001887125829032304 -0.0017545739005613758 -0.004244521260261536 -0.00018824898780963099 0.9999999473321595 0.0002643822934079718 -0.020816249772906303 0.0017546237004172204 -0.00026405158498482996 0.9999984257849762 0.9919935464859009
0.9999999350136474 -0.00032922282585615234 0.00014691845347495307 -0.0013082404620945454 0.0003291958424168891 0.9999999289515502 0.00018364909982916805 -0.02671394869685173 -0.0001469789045122364 -0.0001836007229504246 0.9999999723439877 1.2971148490905762
0.9999999547850771 -0.00016396742868956548 -0.0002520803966546176 -0.0022339397110044956 0.0001640159552669729 0.9999999680220761 0.0001924957490568932 -0.02438870444893837 0.00025204882556060333 -0.00019253708556027412 0.999999949700429 1.1920421123504639
0.999999914865351 -0.00019034989546718502 -0.0003661095577245923 -0.0023055048659443855 0.00019043804426765716 0.9999999528859463 0.0002407518566274593 -0.025384005159139633 0.00036606371338494435 -0.00024082155731929524 0.9999999040011631 1.23117995262146
0.9999999212022641 -0.0003774342292322483 0.00012304010822243477 -0.001254004891961813 0.00037739970186024104 0.9999998894386048 0.0002805213770775554 -0.028653107583522797 -0.00012314597298868917 -0.00028047491967294605 0.9999999530844432 1.3778845071792603
0.9999998708919225 -0.000430743978981549 0.00026958442603742145 -0.0009079375304281712 0.00043067674869294033 0.9999998761602528 0.00024939329848700393 -0.029111821204423904 -0.0002696918173138759 -0.0002492771625442106 0.9999999325636078 1.3999361991882324
0.9999998988548324 -0.00037780943465487286 0.00024402941597335292 -0.0010523302480578423 0.00037776465573819806 0.9999999118074887 0.00018351806319234155 -0.027475912123918533 -0.00024409872930748956 -0.00018342585894206114 0.9999999533853812 1.3309316635131836
0.9999999589749166 -0.00022207113011697422 -0.00018092699664329373 -0.001990692690014839 0.0002221107625703341 0.9999999513394231 0.00021906154466679292 -0.02565775066614151 0.0001808783405944924 -0.00021910172151296878 0.9999999596387299 1.2466267347335815
0.9999998573784938 -0.00016343663042528065 -0.0005084598903385817 -0.0023724460043013096 0.0001635092305498091 0.9999999764441444 0.00014274607666112235 -0.02412736415863037 0.0005084365484235979 -0.00014282919418789658 0.9999998605460392 1.1812987327575684
0.9999994545543297 -8.356166737821071e-05 -0.0010411092597076806 -0.00322929210960865 8.377912881328714e-05 0.9999999746849408 0.0002088328880515105 -0.024050042033195496 0.0010410917829276093 -0.00020891999737129366 0.9999994362400081 1.1635335683822632
