0.9999843265313564 0.00032382833328750655 -0.005589438866282028 -0.009450101293623447 -0.00032212818320644614 0.9999999015830252 0.00030506945645661956 -0.015567433089017868 0.005589537106319987 -0.0003032641591729208 0.9999843324301569 0.7771027088165283
0.9999876150068447 0.0006178600321711367 -0.004938429092662152 -0.009387919679284096 -0.0006154698796642139 0.9999996927454109 0.00048549553144377696 -0.014299292117357254 0.0049387275435918265 -0.0004824500642255521 0.9999876880303006 0.7224929928779602
0.999882336805239 0.0010980393158798684 -0.015300550792564191 -0.02491750195622444 -0.0010709485599200302 0.9999978447255289 0.0017786549635809754 -0.011338302865624428 0.015302470848757067 -0.0017620595785183028 0.9998813577279881 0.5527306199073792
0.9999840342098587 0.0004889784279908304 -0.005629584840202357 -0.009603668004274368 -0.0004876038342238498 0.9999998509755252 0.0002455431291922448 -0.01449714507907629 0.005629704066549749 -0.00024279420174900239 0.9999841236155196 0.7359260320663452
0.9999875985751929 0.00032709338002997313 -0.004969477411095204 -0.008143531158566475 -0.00032623044692177487 0.9999999315693519 0.00017445626081485607 -0.018573399633169174 0.004969534134518662 -0.00017283290247186621 0.9999876368532131 0.882185697555542
0.9999847976768237 0.000529909361789015 -0.005488498092378937 -0.00953641626983881 -0.0005281065537825901 0.9999998061300096 0.00032991424774629917 -0.01563803106546402 0.005488671852972333 -0.0003270107204702759 0.9999848836583876 0.7640761733055115
0.9999846073612201 0.00028721665237335924 -0.005540987928296206 -0.009464005939662457 -0.00028554603769753646 0.9999999135421095 0.0003022899837295286 -0.01643800362944603 0.00554107427195125 -0.0003007031235411473 0.9999846029182372 0.8004449009895325
0.999986154293774 0.0005638967441660646 -0.005231944304961549 -0.009242727421224117 -0.0005620708640346095 0.9999997806302909 0.0003504507293613972 -0.015620943158864975 0.005232140775256726 -0.0003475051536674811 0.9999862518770325 0.7647237777709961
0.99998596154051 0.0004030069197982002 -0.005283399220608013 -0.009325525723397732 -0.00040178860330042376 0.9999998924514687 0.00023165269117487994 -0.015154612250626087 0.00528349201002372 -0.0002295266295344325 0.9999860159170759 0.7485321164131165
0.9999845716876961 0.00035728558445317465 -0.005543350393574871 -0.009220976382493973 -0.0003558720459592626 0.9999999039142967 0.00025598141344002865 -0.016676321625709534 0.005543441319407061 -0.0002540047406328076 0.9999846027514272 0.8084272742271423
0.9999935461307503 0.0005598936902958784 -0.0035488330338959906 -0.006840065587311983 -0.0005581995562380344 0.99999972979709 0.00047835029252623864 -0.01800837740302086 0.0035490999003015148 -0.0004763662482913115 0.9999935884619936 0.86516273021698
0.9999960204408813 0.0005994170409932201 -0.002756773768659502 -0.006050892639905214 -0.000597969339981377 0.9999996829111772 0.0005259374614710789 -0.01753353700041771 0.0027570881503942556 -0.0005242869022809349 0.9999960617863328 0.8527827262878418
0.9999926067652672 0.0002824923742407499 -0.0038349201900302813 -0.007204830180853605 -0.0002817406867787533 0.9999999409951291 0.0001965500535216479 -0.018438670784235 0.0038349754876425874 -0.00019546814733288465 0.9999926273504283 0.8923572301864624
0.9999912370093031 0.00026040656580474293 -0.004178288288764721 -0.006991187110543251 -0.0002598320917208837 0.9999999567171509 0.00013803253367521278 -0.018960528075695038 0.004178324052494563 -0.00013694567071152175 0.9999912613888161 0.913588285446167
0.9999942741951415 0.0006648648962785041 -0.00331806142221562 -0.007273321971297264 -0.0006627735887284438 0.9999995810705835 0.0006313397084231777 -0.015597203746438026 0.0033184797877918422 -0.0006291369700187848 0.9999942959230171 0.7726674675941467
0.9999839933657532 0.0003697742802147383 -0.005645908187607198 -0.009439660236239433 -0.0003684775703713473 0.9999999054983585 0.00023071097536987037 -0.016492674127221107 0.005645992965044461 -0.00022862689193216173 0.9999840351191527 0.7993934154510498
0.999992424089822 0.00025106101862043496 -0.0038844216205665564 -0.006858766544610262 -0.0002503760627974383 0.9999999530233735 0.00017681933699546405 -0.018785597756505013 0.0038844658305323904 -0.00017584543123644653 0.9999924399732208 0.9073233604431152
0.9999934725789269 0.00026454779526120364 -0.0036034447412348104 -0.007052178028970957 -0.0002638917500449999 0.999999948521091 0.00018253481803547027 -0.018180690705776215 0.003603492844917076 -0.00018158270721489752 0.9999934909123346 0.8781250715255737
0.9999973523639969 0.0002459903687539648 -0.0022879584207490967 -0.005358689930289984 -0.00024555669267053087 0.9999999518339673 0.0001898261681048894 -0.018092963844537735 0.0022880050059563076 -0.00018926384201152553 0.9999973646026729 0.9071245193481445
0.9999952495527779 0.00031109836645789614 -0.0030666088246984824 -0.006217564456164837 -0.0003108237312349991 0.9999999476413469 9.003283487365969e-05 -0.018190186470746994 0.003066636673202832 -8.90792323802984e-05 0.9999952938911286 0.8914746642112732
0.9999955228484962 0.00021096637492014762 -0.0029849248150376406 -0.006054995581507683 -0.00021053017390132138 0.9999999671149951 0.0001464481297747969 -0.019775547087192535 0.002984955612509426 -0.0001458190573639402 0.9999955343784261 0.9464308023452759
0.9999985877849437 0.0001809266102677185 -0.0016708362217100123 -0.004570268094539642 -0.00018075764150932437 0.9999999785346483 0.00010127871373920913 -0.01836983673274517 0.0016708545098592946 -0.00010097655429710006 0.9999985990234896 0.920772910118103
0.9999979824731494 0.0002127099974566213 -0.001997449395431399 -0.005086679011583328 -0.0002125262513377722 0.9999999731656748 9.220217981972573e-05 -0.018761413171887398 0.001997468954156628 -9.177748336710434e-05 0.9999980008453369 0.9215736389160156
0.9999974933854783 0.00023738199775040971 -0.002226403500619084 -0.005143751390278339 -0.00023703599024139333 0.9999999597898428 0.00015567354327634917 -0.019433271139860153 0.0022264403651917493 -0.00015514541530433878 0.9999975094434987 0.9540979862213135
0.9999942201528821 0.0002909700899847207 -0.0033874765292064386 -0.006497211288660765 -0.000290667052440615 0.9999999537108147 8.995016905226511e-05 -0.018687468022108078 0.003387502545211693 -8.896502133608356e-05 0.9999942584393828 0.8992870450019836
0.9999996001074699 0.0006690383372215175 0.0005934413225829357 -0.00279490789398551 -0.000668879974268141 0.9999997406516179 -0.0002670136261858848 -0.01803215779364109 -0.0005936198110273678 0.0002666165783925513 0.9999997882655375 0.871107280254364
0.9999947452007605 0.0002643770778804589 -0.0032310486884450968 -0.006389908492565155 -0.00026421078428881506 0.9999999637498311 5.189410582332483e-05 -0.01843227446079254 0.003231062290931093 -5.104015522216758e-05 0.999994778802057 0.888723611831665
0.9999982011587922 0.0007494115269715372 -0.001742429781201733 -0.005589277483522892 -0.0007482131656015195 0.9999994832077471 0.0006883032014028281 -0.015651006251573563 0.0017429447030807039 -0.0006869982543522349 0.9999982450870402 0.7747726440429688
0.9999639418974614 0.0008611739222605406 -0.008448271087399935 -0.014750441536307335 -0.0008541874252842699 0.9999992902775144 0.0008305469944030709 -0.013771801255643368 0.008448980336884772 -0.0008233006395261338 0.9999639678045025 0.6681903004646301
0.999971162430963 0.0006348633807136517 -0.0075677774119305135 -0.013709595426917076 -0.0006291789778886944 0.9999995181935658 0.0007534895155502067 -0.014480216428637505 0.0075682521286278386 -0.0007487063002873558 0.9999710800811158 0.7201273441314697
0.999994217858371 0.00044545428491516126 -0.0033713232275461758 -0.006975923664867878 -0.0004448357018599 0.9999998840899919 0.00018423137853007768 -0.016440197825431824 0.003371404903433056 -0.00018273062834403247 0.9999943001030026 0.8006892800331116
0.999996383375145 0.00040812179373759264 -0.0026583215064607795 -0.00599699467420578 -0.0004076395370702925 0.9999999003615033 0.00018195326666253127 -0.017873328179121017 0.0026583955006831876 -0.00018086897165754692 0.9999964501035876 0.8570008873939514
0.9999919713792303 0.00035337115323220644 -0.003991529269421221 -0.008196333423256874 -0.000351909651689933 0.9999998707913657 0.0003668471740958129 -0.01706220582127571 0.003991658386890146 -0.00036543957114405946 0.9999919665263528 0.8091227412223816
0.9999984651318177 0.0002939961213795027 -0.0017272232888050315 -0.0049914028495550156 -0.0002939286209849464 0.9999999560293998 3.9334004757238826e-05 -0.016211334615945816 0.001727234776902824 -3.8826264025314894e-05 0.9999985075751596 0.8366514444351196
0.9999281976027371 0.0008566287876243461 -0.011952649332322682 -0.0201397817581892 -0.0008394409321844933 0.9999986066329963 0.0014429383171325355 -0.012254079803824425 0.011953868740396719 -0.0014328011676046637 0.9999275234250486 0.6090830564498901
0.9999159967005964 0.0013324840981428403 -0.012892789782710313 -0.022067921236157417 -0.0013059918704583732 0.9999970191815776 0.002063010711079864 -0.011120423674583435 0.012895500280611824 -0.0020459995327296795 0.9999147563459722 0.45542317628860474
0.99997477804779 0.0011448852644589233 -0.007009458324603237 -0.014100195840001106 -0.0011357739677347316 0.9999985051906067 0.0013037001366574342 -0.011038845404982567 0.007010940433874824 -0.0012957060945018853 0.9999745836069781 0.37188291549682617
0.9999741210866029 0.0007813536119527723 -0.007151688164999385 -0.013657145202159882 -0.0007755186740714154 0.9999993642163283 0.0008186194021636722 -0.011300550773739815 0.007152323249299518 -0.0008130519494599657 0.9999740912737015 0.5551345348358154
0.9999432720558983 0.0014251498793903198 -0.010555643891551012 -0.018823837861418724 -0.0014120038346678472 0.9999982184269991 0.001252752169776591 -0.010341295972466469 0.01055741044550451 -0.0012377764940692724 0.9999435029010569 0.4715932011604309
0.9997987653739918 0.0004905303545728143 -0.020054628807657172 -0.035138748586177826 -0.0005202357414746176 0.9999987753396141 -0.001476033212777423 -0.0079521918669343 0.02005388020845249 0.0014861693184736238 0.9997977961514728 0.41695964336395264
0.9998777519796117 0.0031170861173739173 -0.015322038713398848 -0.027609961107373238 -0.003090845695892719 0.9999937165110903 0.0017359755819920644 -0.007780643180012703 0.015327353622925246 -0.001688405305004113 0.9998811036910557 0.2791183590888977
0.9999527172496822 0.0014749779624268727 -0.009611852318238962 -0.017256423830986023 -0.0014651050696058124 0.9999983920316312 0.001034118603912224 -0.010868055745959282 0.009613362164835776 -0.0010199873343807217 0.9999532703550329 0.4784369468688965
0.9999709008141677 0.0010611285741492945 -0.007554570209556093 -0.014482329599559307 -0.0010524493124684177 0.9999987817484992 0.0011527584145694357 -0.011141778901219368 0.007555784231082387 -0.0011447740680150685 0.9999707993821553 0.443199098110199
0.9999450195290073 0.0013602471595685576 -0.010397482714487937 -0.018095891922712326 -0.0013490203581043865 0.9999984996139422 0.0010866986417030534 -0.011049335822463036 0.01039894529299052 -0.0010726124786450228 0.9999453542265517 0.4357563555240631
0.9997870339024019 0.0015373894131456112 -0.020579681106126516 -0.03267017379403114 -0.001480876726749427 0.9999950919271301 0.002761000863979346 -0.010945308022201061 0.020583824833049973 -0.002729936893605891 0.999784403558987 0.4857345521450043
0.999968517592288 0.0011097343244708888 -0.007856991409634044 -0.013785401359200478 -0.0011035531180685898 0.9999990782397223 0.0007910058288792454 -0.012677906081080437 0.007857861973690624 -0.0007823103187424984 0.9999688205118036 0.6280469298362732
0.999983715612143 0.0010707330231840187 -0.0056055366670693845 -0.012540532276034355 -0.0010662391108178517 0.9999991078609765 0.0008046187979071882 -0.010192202404141426 0.0056063931980693685 -0.0007986288527510532 0.9999839651450739 0.5153936743736267
0.9999749042099166 0.0008937468471262149 -0.007027956099841164 -0.013636674731969833 -0.0008850289868497964 0.9999988352563779 0.001243466758756176 -0.011435694992542267 0.007029059258569265 -0.0012372156081087553 0.9999745304873913 0.44549041986465454
0.9999870433078119 0.0009885981968651212 -0.00499358489520243 -0.010361169464886189 -0.0009840153499296156 0.9999990925456937 0.0009201204161416185 -0.011982130818068981 0.004994489993136609 -0.0009151947302365546 0.9999871086610638 0.49738216400146484
0.9999978961427824 0.0008906168309425241 -0.001847839730553295 -0.007146876771003008 -0.0008891038490632722 0.999999269002579 0.0008194441125811801 -0.010569958947598934 0.0018485681905058985 -0.0008177994671708823 0.9999979569977515 0.41693049669265747
0.9999737992910158 0.0008003857179325899 -0.00719445023566246 -0.013444190844893456 -0.0007933145404124152 0.9999991995573411 0.0009856656211975152 -0.011445239186286926 0.007195233389603449 -0.0009799323340771943 0.9999736338269571 0.47791236639022827
0.9998993870676444 0.0012321535061285097 -0.014131437983680037 -0.02342705987393856 -0.001209335360776851 0.9999979514608807 0.0016231395587865088 -0.01109270565211773 0.014133408991974811 -0.0016058866023035872 0.9998988288214394 0.48208755254745483
0.9999448512745942 0.0012325444847306752 -0.01042953707138347 -0.01874222233891487 -0.0012172424816170898 0.9999981737047007 0.0014734001508965458 -0.011161217465996742 0.01043133405519873 -0.0014606236191693225 0.9999445253855198 0.46037450432777405
0.9999931352713585 0.0011756965135592897 -0.003513850860035894 -0.009645205922424793 -0.0011738293339244072 0.9999991688084151 0.0005333921388069126 -0.010131251066923141 0.0035144750466305835 -0.0005292638160000746 0.9999936841525349 0.4783098101615906
0.9999465160422469 0.00216182296560426 -0.010113929821657418 -0.019605064764618874 -0.0021460945307929164 0.9999964713924163 0.0015657205947526192 -0.00900578685104847 0.010117278944307405 -0.0015439314043433944 0.9999476270998303 0.3530573844909668
0.999961963303828 0.0009913790384754242 -0.008665397460902476 -0.015800289809703827 -0.0009832950550618766 0.9999990774731418 0.0009371145607172979 -0.011180993169546127 0.008666318502572727 -0.0009285582735020226 0.9999620156301661 0.529691755771637
0.999982405464275 0.0007294316789175702 -0.005886993401409983 -0.01199469342827797 -0.0007263032125568269 0.999999593909033 0.0005335404507495642 -0.01077260635793209 0.0058873801920619 -0.0005292553211332978 0.9999825291690247 0.5769134759902954
0.9999771119644079 0.0008374864533109473 -0.006713729497262912 -0.012872416526079178 -0.0008327694903592369 0.999999404488464 0.0007053493410082006 -0.011563437059521675 0.006714316219677494 -0.0006997422078555334 0.999977213899669 0.5703636407852173
0.9999814934129094 0.0011908131665719158 -0.005966137417897765 -0.012244045734405518 -0.0011868153504260579 0.9999990688791732 0.0006735800694944128 -0.010608571581542492 0.005966933970718456 -0.0006664869003558821 0.9999819755846603 0.5686442852020264
0.9999723846424687 0.0012367555160176988 -0.007328054874830284 -0.013543237000703812 -0.0012309084241569348 0.999998920539687 0.0008023614600218097 -0.012237808667123318 0.0073290392894473965 -0.0007933191380451089 0.9999728275447485 0.5816482305526733
0.9999917325775649 0.0012486407072604918 -0.003869841457212189 -0.010208668187260628 -0.0012462853846630163 0.9999990367332592 0.0006109871469680453 -0.009703903459012508 0.003870600632945938 -0.0006061591688301124 0.999992325481452 0.5443246960639954
0.9999586195757948 0.0019418185035639285 -0.00888754617260065 -0.017467884346842766 -0.001932458509816365 0.9999975692754622 0.0010616248277462409 -0.009053553454577923 0.008889586052158447 -0.0010444060830278941 0.9999599414355331 0.46497178077697754
0.9999971848126814 0.00093349846309272 -0.0021815011646468645 -0.006913010496646166 -0.0009325274399108725 0.999999465697224 0.000446091740046222 -0.011297237128019333 0.0021819164250184674 -0.00044405617451818177 0.9999975210243415 0.5384342670440674
0.999984974981317 0.0009661307603939022 -0.005395961727881842 -0.011251544579863548 -0.0009635220321206388 0.9999994176959922 0.000486038033670997 -0.011088733561336994 0.005396428162086753 -0.00048083160293116645 0.9999853235743319 0.5983456969261169
0.999994730086115 0.00029237429329183155 -0.003233313667234221 -0.006638272199779749 -0.00029197563046140854 0.9999999497156239 0.00012376987084442622 -0.01588185504078865 0.0032333496917775796 -0.0001228251697913951 0.9999947651681724 0.809831976890564
0.9999892147325317 0.0005951276688873124 -0.004606109168504977 -0.008968404494225979 -0.0005934382490295726 0.9999997561533934 0.0003681361136017594 -0.01404386106878519 0.004606327133308008 -0.0003653987017955128 0.9999893240600769 0.7170860767364502
0.9999980194540804 0.0008099117938711221 -0.0018180018708799698 -0.005918762646615505 -0.0008083972355029304 0.9999993257440175 0.0008336698506432108 -0.01575801521539688 0.001818675844125563 -0.0008321985318352314 0.9999979999298886 0.783733069896698
0.9999908343149948 0.00019197361573255233 -0.004277199098903255 -0.008052138611674309 -0.000190473429193302 0.9999999202085308 0.00035114499141095676 -0.016502760350704193 0.0042772661681929015 -0.00035032708014686375 0.9999907910901298 0.8236764669418335
0.9999976268071108 0.0002624310456220596 -0.002162755208627293 -0.005097913555800915 -0.000262167756758813 0.9999999581895543 0.00012202031209589996 -0.018648464232683182 0.0021627871401196245 -0.00012145301783669872 0.999997653797723 0.9271807670593262
0.9999935471647478 0.00023504360779053106 -0.0035847431383785036 -0.006735303904861212 -0.0002349663912161083 0.9999999721542442 2.1961469993580484e-05 -0.018407084047794342 0.0035847482004617605 -2.111903412117121e-05 0.9999935745465197 0.8878313899040222
0.9999950454934766 7.594760762212384e-05 -0.003146938267735007 -0.00568474130704999 -7.511535292772983e-05 0.9999999621769601 0.00026458224168787655 -0.022373948246240616 0.00314695824309651 -0.0002643445474348114 0.9999950133754553 1.0549958944320679
0.9999912371803814 -0.00020288554562172337 -0.004181435149019915 -0.0061009470373392105 0.0002040855402690144 0.9999999381171332 0.00028655683872914916 -0.02984747476875782 0.004181376752020145 -0.0002874076981347485 0.9999912167040631 1.3285948038101196
0.9999972651604457 3.1500109602933934e-05 -0.002338520765858069 -0.0043753450736403465 -3.084562073623169e-05 0.9999999603498727 0.0002799085580505273 -0.023401185870170593 0.00233852949028568 -0.0002798356594209037 0.9999972264820672 1.0933195352554321
0.9999943862838435 0.00011995564180431377 -0.0033485834980114524 -0.005948720034211874 -0.00011941766914011331 0.999999979932341 0.0001608562648027255 -0.02160564437508583 0.0033486027264297033 -0.00016045548176505932 0.9999943805411203 1.0128734111785889
0.9999865836911033 0.0006739388408645569 -0.0051359754901237255 -0.009696855209767818 -0.0006722018031970863 0.9999997162966028 0.0003399285956721832 -0.013446725904941559 0.005136203124113774 -0.0003364716230995036 0.9999867530144162 0.6875567436218262
0.9999850190143095 0.00031702600044719115 -0.005464544030945989 -0.00935160368680954 -0.0003164231769881174 0.9999999437577303 0.00011117962568477386 -0.015981577336788177 0.005464578970439692 -0.00010944885172132902 0.9999850630872567 0.7773745656013489
0.9999895482641077 0.00017305431517218055 -0.004568743235280683 -0.007527589797973633 -0.0001724591354018907 0.9999999765921553 0.00013066574023831107 -0.01964842900633812 0.004568765740606444 -0.0001298764530462742 0.9999895547013051 0.9316743016242981
0.9999927092029915 0.00013232812431692467 -0.0038162848595074236 -0.00649601873010397 -0.00013190472894013087 0.999999985118311 0.00011119586554807608 -0.021035831421613693 0.0038162995170549787 -0.00011069166882164051 0.9999927117761163 0.9861144423484802
0.9999920136935131 0.00012189983939228672 -0.003994707701672305 -0.007118603214621544 -0.00012064478568153622 0.999999943292896 0.00031441857532462595 -0.01888730376958847 0.003994745802717833 -0.0003139341236269896 0.999991971693442 0.928183376789093
0.9999941174051202 0.0004262693278140938 -0.0034034467257384442 -0.006894662976264954 -0.00042543027212211913 0.9999998789379251 0.00024725132745636637 -0.016433030366897583 0.003403551709367277 -0.0002458019437102894 0.9999941776916335 0.8272820711135864
0.9999839498597582 0.0005092286757295436 -0.005642757219008574 -0.00965314731001854 -0.0005056787599203345 0.999999673367332 0.0006305190096637169 -0.01654716581106186 0.0056430764542600405 -0.0006276554672721468 0.9999838807384578 0.7879499197006226
0.9999974473318773 1.510995965303688e-05 -0.0022594471487798135 -0.00499639380723238 -1.4622969605023438e-05 0.9999999766618785 0.0002155514118693819 -0.020389564335346222 0.0022594503530216983 -0.0002155178218111833 0.9999974242147679 0.9804697036743164
0.9999998791269549 -0.00046021508661418667 -0.00017305533650376732 -0.0019384860061109066 0.0004602623148638386 0.9999998568236218 0.0002729676485453107 -0.029288602992892265 0.00017292968789631288 -0.0002730472664006586 0.9999999477702552 1.3654639720916748
0.9999985064775357 -7.234357912428273e-05 -0.0017267915638234936 -0.003309746738523245 7.264697718296703e-05 0.999999981936789 0.00017563837576187467 -0.026144858449697495 0.0017267788263233587 -0.00017576355962935165 0.9999984936698938 1.242445707321167
0.999997746872223 -0.00013682864701432295 0.0021183787193983844 -0.00022387271746993065 0.000139576478806319 0.9999991490952341 -0.001297045571380562 -0.018698357045650482 -0.0021181994438691882 0.0012973383248135887 0.999996915067435 0.780006468296051
0.9999946021978976 -0.00011808787213461757 -0.003283539298202937 -0.006837985012680292 0.00011488605375215735 0.9999995178115655 -0.000975283461900135 -0.019475433975458145 0.0032836528840670073 0.0009749009646407033 0.9999941335787156 0.7253966331481934
0.9999986329413492 0.00157200773683698 0.0005127446809687418 -0.006169566884636879 -0.0015720091443841117 0.9999987643901187 2.3421144469398043e-06 -0.014463025145232677 -0.0005127403655943163 -3.1481505723491644e-06 0.9999998685436946 0.5335476398468018
0.9999913403005272 -0.0005678709591437937 0.004122723193313662 0.001717026811093092 0.0005791821346429462 0.9999960704003265 -0.002742942208635887 -0.0216031763702631 -0.004121149355439054 0.002745306263200335 0.9999877396355973 0.6343396902084351
0.9999796555952974 -0.0003903524084924618 -0.006366790440058896 -0.00850208755582571 0.0003969652190536809 0.999999383098829 0.001037410514951177 -0.034212738275527954 0.0063663815566853115 -0.001039916803813525 0.9999791936630061 1.367795705795288
0.999996705231429 -0.0004907924792736635 -0.002519652561084761 -0.00406308751553297 0.0004887380727872848 0.9999995477177172 -0.0008159040735332005 -0.028981491923332214 0.002520051861073648 0.000814669935181304 0.9999964928196069 1.22454833984375
0.9999993429645847 0.00036891063154180075 -0.0010853457261132836 -0.004536274820566177 -0.00037018280665580583 0.9999992444898258 -0.0011721708354464758 -0.020930685102939606 0.0010849124798403655 0.0011725718416158084 0.9999987240192798 0.8823038339614868
0.9999977748726161 -0.001016447382205965 0.0018485357814900343 -0.001352436374872923 0.0010210912786265008 0.9999963211040767 -0.0025129964012687482 -0.016913581639528275 -0.0018459746523057214 0.0025148783332963488 0.9999951338704361 0.7135047912597656
0.9999588071837341 0.0010063067156371281 -0.00902060322137417 -0.014971505850553513 -0.000996510012452952 0.9999989089260792 0.0010904652429124212 -0.016596604138612747 0.009021690721726356 -0.0010814312021495609 0.9999587189494756 0.7018266916275024
0.9999902157129866 0.00149299258786194 -0.004164066693410361 -0.009898152202367783 -0.0014916756214521328 0.9999988364567672 0.0003193570921667885 -0.012458098120987415 0.004164538646110225 -0.00031314253071267794 0.9999912792417845 0.6518498659133911
0.9999554418520588 0.0009952994662547154 -0.009387421873227506 -0.015170156955718994 -0.000985854877694586 0.9999990033242506 0.001010663477672702 -0.016025982797145844 0.009388418429831668 -0.0010013638087372472 0.9999554264415532 0.7169409990310669
0.9999902906218008 5.521640677473873e-05 -0.004406315158394763 -0.008266111835837364 -5.869505449837821e-05 0.9999996867460131 -0.0007893432500601191 -0.01959775760769844 0.004406270193400991 0.000789594214936334 0.9999899806117853 0.8383657336235046
0.9999921817015468 0.00015834441941189683 -0.003951134372009868 -0.00704511534422636 -0.00015753570993583453 0.9999999665811725 0.00020498818043558026 -0.02227863296866417 0.003951166698702007 -0.00020436413301845978 0.999992173227881 0.9981764554977417
0.9999966975021438 0.0016312604846065568 0.0019859441172240914 -0.0030542095191776752 -0.001631385915183796 0.9999986673954696 6.154088264825453e-05 -0.015268268994987011 -0.001985841081535912 -6.478052067080302e-05 0.9999980261173932 0.8109347820281982
0.999971093031436 0.002815987434532182 0.00706281220786021 -0.0040313610807061195 -0.0028131598951686002 0.9999959589072759 -0.00041024446589127086 -0.006014570128172636 -0.007063938909642221 0.00039036378691713233 0.9999749738784439 0.2456541657447815
0.9999893809740013 2.5464841812832226e-05 -0.004608393513569623 -0.008071525022387505 -2.4547699759976198e-05 0.9999999798838702 0.00019907202164107596 -0.02029833197593689 0.004608398490204122 -0.00019895678222975558 0.9999893614831883 0.9078114032745361
0.9999920993693714 0.00017147376895211 -0.003971372002692668 -0.007575852330774069 -0.00017176815995210054 0.9999999825255648 -7.378732574375026e-05 -0.016245553269982338 0.003971359280704339 7.446889803873229e-05 0.9999921113488079 0.8273850679397583
0.999992058261881 0.00031360764440542695 -0.0039730420853849304 -0.007593514863401651 -0.00031340008919270924 0.9999999494929239 5.28633501064587e-05 -0.01537555456161499 0.003973058463068893 -5.161777853565004e-05 0.9999921060398697 0.7824386954307556
0.9999807356103851 0.000520249989396829 -0.006185284800352896 -0.009958258830010891 -0.0005149565585410027 0.9999994998662365 0.0008573721592766607 -0.018691664561629295 0.0061857277547399045 -0.0008541704895509537 0.9999805033924006 0.8595698475837708
0.9999964129212527 -0.0004516039582303679 -0.002640113348339768 -0.004280120600014925 0.0004521720485818605 0.9999998747471577 0.0002145835669452288 -0.027755215764045715 0.002640016110869864 -0.00021577658267828343 0.9999964918715468 1.2762696743011475
0.9999993414103248 -0.0002113837879274226 -0.0011280495603941893 -0.0027436278760433197 0.0002115851883873617 0.9999999616985927 0.00017842231004885496 -0.02561871148645878 0.0011280118016045548 -0.00017866087112051004 0.9999993478346214 1.2196382284164429
0.9999985131023564 0.00012738317355739497 -0.001719757716546819 -0.004489190876483917 -0.00012728121891134178 0.9999999901359444 5.9393624287994786e-05 -0.01923568919301033 0.0017197652653313839 -5.917464311736051e-05 0.999998519451801 0.9598239064216614
0.9999904263616701 0.00041139404590686955 -0.004356367746675664 -0.007963045500218868 -0.0004099992352184952 0.999999864408725 0.00032106566127065763 -0.01543520763516426 0.004356499240491599 -0.00031927648005966895 0.9999904594429374 0.7961177825927734
0.9999925848466735 0.0003657235569426865 -0.0038336011723000664 -0.007514401338994503 -0.0003645927275101815 0.9999998898247816 0.00029567307574886236 -0.01573874056339264 0.0038337088845411755 -0.0002942731801800761 0.9999926080124213 0.7817140221595764
0.9999989504103813 -2.2254974233070922e-05 -0.001448683143976093 -0.004371810704469681 2.2544227654481973e-05 0.9999999798157321 0.0001996504270977288 -0.019394855946302414 0.001448678671520374 -0.00019968287698931016 0.9999989307278558 0.9570701122283936
0.9999991608398903 0.00016249964018617168 -0.0012852678251477406 -0.004211398772895336 -0.00016238561483564726 0.9999999828708667 8.882104752265348e-05 -0.018384695053100586 0.0012852822365204799 -8.861226398155839e-05 0.9999991700983752 0.92482590675354
0.99999959059111 0.00012782670320882794 -0.0008958113342166865 -0.0038163927383720875 -0.00012769351716023948 0.9999999807865688 0.00014873206708926063 -0.01934906840324402 0.0008958303289348744 -0.00014861761689705197 0.9999995877003279 0.9695701599121094
0.999999731337109 -3.9285226085228e-05 -0.0007319715713931934 -0.0030679055489599705 3.944401579874564e-05 0.999999975694705 0.00021692109013348175 -0.02331455796957016 0.0007319630318083397 -0.00021694990375306075 0.9999997085813874 1.138045310974121
0.9999987947232891 -0.0002487433135180174 -0.001532539961394765 -0.003224570769816637 0.0002490857663663611 0.9999999440539243 0.00022326761839954764 -0.02653837762773037 0.0015324843393279663 -0.00022364908319105796 0.9999988007356996 1.255184531211853
0.9999990534307718 -0.00038955663349049774 -0.0013196147882798513 -0.002584618516266346 0.0003901424827837501 0.999999825447822 0.00044372645679854785 -0.030048711225390434 0.001319441701353515 -0.0004442408745705558 0.9999990308613512 1.4061708450317383
0.999998608027472 -0.0004276800270819567 -0.0016127718106266073 -0.00288154324516654 0.0004273023485817519 0.999999881207221 -0.00023451705042467 -0.03073432296514511 0.0016128719172994388 0.00023382758280097123 0.9999986719835382 1.363837480545044
0.9999979840429608 -0.00024148470218427124 -0.0019933878580946597 -0.0033239410258829594 0.00024244690163612208 0.9999998542220442 0.00048246801973517346 -0.030984295532107353 0.0019932710588565937 -0.000482950337810327 0.9999978968125168 1.4190151691436768
0.9999991337247806 -0.0008768498876896793 -0.000981674061220284 5.603814497590065e-05 0.0008770867010487966 0.9999995863599036 0.0002408296910901112 -0.03827598690986633 0.0009814624836729463 -0.00024169049572917865 0.9999994891584181 1.7218828201293945
0.9999998797904543 -0.0004837366569520235 -8.011194395058445e-05 -0.0011282204650342464 0.0004837662553427018 0.9999998145881511 0.0003698565582527638 -0.03228461742401123 7.993301592183982e-05 -0.0003698952692476081 0.9999999283940989 1.5237890481948853
0.9999997238826528 -0.0003782968098440583 -0.0006396296914385019 -0.002177299465984106 0.0003784552368464952 0.9999998977372367 0.00024758261252972723 -0.02963097393512726 0.0006395359663157093 -0.0002478246153742404 0.9999997647883263 1.3896360397338867
0.9999998994290424 -0.00037760801642834976 -0.00024197952631245667 -0.0015208288095891476 0.00037765980325107104 0.9999999057878267 0.00021400329678428589 -0.028358861804008484 0.00024189869415463175 -0.00021409466120206734 0.9999999478242476 1.3583800792694092
0.9999998451403361 -0.00025778821929857995 -0.0004932185498679309 -0.002078388351947069 0.00025787830052464457 0.999999950080804 0.00018258469743777692 -0.02639673464000225 0.0004931714570628338 -0.00018271185952419922 0.9999998616991357 1.2708760499954224
0.9999996828339985 -0.0002067600320819921 -0.000769143804214582 -0.0026503554545342922 0.0002069237758796665 0.9999999559456261 0.00021281752030585682 -0.025281719863414764 0.0007690997681731072 -0.00021297660694753737 0.9999996815632052 1.217574119567871
0.9999998704369737 -0.00021840892664150679 -0.00045980819544726593 -0.002264796756207943 0.00021849629177784067 0.9999999580869462 0.00018996177611234685 -0.02525930479168892 0.00045976668682767667 -0.00019006221788595853 0.9999998762454658 1.223544955253601
0.9999999547821304 -0.00012795748003848102 -0.0002721444839626779 -0.0023947996087372303 0.0001280106813603225 0.999999972700257 0.00019548081924321577 -0.023691512644290924 0.0002721194633001773 -0.0001955156478048101 0.999999943862313 1.1623599529266357
0.9999999527619712 -0.00023370395893302826 -0.00019964597460162535 -0.002007977571338415 0.0002337560378461208 0.9999999386517416 0.0002608728192635426 -0.02633473463356495 0.0001995849953430526 -0.0002609194753924196 0.9999999460434271 1.2745535373687744
0.9999998812808402 -0.000317985074175479 -0.00036922052750744145 -0.001863053534179926 0.00031805962933566196 0.9999999290403233 0.00020188467047655044 -0.02696080319583416 0.0003691563049957559 -0.00020200208065309416 0.9999999114593869 1.2962262630462646
0.9999996180896275 -0.00021284063411381568 -0.0008476552740681263 -0.0025209044106304646 0.00021301129821740185 0.9999999570620104 0.00020125149518874252 -0.026256147772073746 0.0008476124031756605 -0.0002014319784790791 0.9999996204891141 1.2588231563568115
0.9999990989204022 -0.00014678066684929933 -0.0013343964251897574 -0.0032467609271407127 0.00014703790062112608 0.9999999706279901 0.0001926755687921212 -0.02522900328040123 0.0013343681049473796 -0.0001928716020250534 0.9999990911307398 1.2058134078979492
0.9999969560395618 -6.531574054442882e-05 -0.002466504705929632 -0.004354973789304495 6.587944888458673e-05 0.9999999717318525 0.00022846485989752225 -0.025276299566030502 0.002466489713854601 -0.00022862665643022515 0.9999969320744655 1.1931755542755127
0.9999983758262412 -0.0003938521670343372 -0.0017587567626533391 -0.003315502777695656 0.0003944285321927797 0.999999868625251 0.00032737686781182706 -0.029127731919288635 0.0017586275935082864 -0.0003280700399432866 0.9999983997982378 1.352811574935913
0.9999987279568975 -7.402509337545964e-05 -0.0015932999945592681 -0.0038419291377067566 7.431950977115718e-05 0.9999999801765281 0.00018472561759690933 -0.022317681461572647 0.0015932862886434392 -0.00018484379589247564 0.9999987136349594 1.0739195346832275
0.9999997182230768 -0.0004342003205826668 -0.0006123919079368979 -0.002255831379443407 0.0004343796618949705 0.9999998628055041 0.0002927512295797147 -0.03049057349562645 0.0006122647112423642 -0.0002930171576790908 0.9999997696364079 1.4148792028427124
0.9999956228027153 -0.00027404683510169603 -0.002946060715785594 -0.005127759650349617 0.0002740593520638424 0.9999999624383427 3.845013745730685e-06 -0.028648903593420982 0.002946059551412824 -4.652392406255898e-06 0.9999956603463208 1.2619850635528564
0.9999764778043169 -0.0009580172996268819 0.006791615487233572 0.009469181299209595 0.0009509206313432382 0.9999989986509227 0.001048068273072056 -0.04500091075897217 -0.006792612753992462 -0.0010415853329180866 0.9999763874772087 2.0059452056884766
0.999999426646352 -0.00014814439404235445 -0.0010605471254800354 -0.002994535956531763 0.00014833250872086807 0.9999999732813245 0.00017729866522009173 -0.024765096604824066 0.0010605208313402975 -0.00017745587718099443 0.9999994219023217 1.1911057233810425
0.9999988718134736 -0.00015042404642309074 -0.0014945716397375866 -0.003425146918743849 0.00015067908326744188 0.9999999741075014 0.00017053096574127426 -0.024780750274658203 0.0014945459490814854 -0.00017075597403508956 0.9999988685867617 1.1818487644195557
0.999999216065026 -6.298857471416633e-05 -0.001250560583637069 -0.003436824306845665 6.317315666592093e-05 0.9999999871175381 0.00014756041568085942 -0.022939931601285934 0.0012505512729065018 -0.00014763930186275907 0.999999207161761 1.1132243871688843
0.9999988988471527 -3.5638980263924944e-05 -0.0014835883340895079 -0.0038059940561652184 3.592649520342197e-05 0.9999999805810853 0.00019377078155665022 -0.023532751947641373 0.001483581399486773 -0.0001938238683145709 0.9999988807086431 1.131953477859497
0.9999996390864505 -7.790337110424811e-05 -0.0008460248419929744 -0.003022951539605856 7.801988758015446e-05 0.9999999874771588 0.0001376901566730848 -0.022622764110565186 0.0008460141048709669 -0.00013775611374190394 0.9999996326416262 1.1085537672042847
0.999999715739984 -5.8422956131404306e-05 -0.0007517357976510689 -0.003094275016337633 5.8563334003943225e-05 0.9999999808534268 0.00018671765314709677 -0.02276783436536789 0.0007517248746606457 -0.00018676162422533426 0.9999997000148593 1.11464524269104
0.9999999183772783 -0.00012168313652032955 -0.0003852773687248873 -0.0024285968393087387 0.00012174359884612609 0.9999999802785005 0.00015691237906509956 -0.023563101887702942 0.00038525826753619635 -0.00015695927131090666 0.9999999134699235 1.1570498943328857
0.9999995773408901 -6.256279483137968e-05 -0.0009172807301670533 -0.003166921902447939 6.273339107258439e-05 0.9999999807430365 0.00018595281196396012 -0.02330469898879528 0.0009172690787753884 -0.00018601027750007903 0.999999562008711 1.1333427429199219
0.9999995011773082 -9.072234002949918e-05 -0.0009946932149085832 -0.0031989715062081814 9.091424272546416e-05 0.9999999772653747 0.00019288299702912263 -0.02377292513847351 0.000994675693497763 -0.00019297333259508443 0.9999994866906471 1.1521260738372803
0.9999995289163894 -0.00018320874059379188 -0.0009532059360990884 -0.002802678383886814 0.00018341426567894002 0.9999999599526634 0.00021553161907119346 -0.025787826627492905 0.0009531664106492413 -0.00021570634910459056 0.9999995224721683 1.2360203266143799
0.9999997755882303 -0.00018896981522214455 -0.0006427393699932627 -0.002513473853468895 0.0001891089904290523 0.9999999586869786 0.00021648055500320947 -0.02553272619843483 0.0006426984351492793 -0.00021660205421579346 0.9999997700111092 1.2317352294921875
0.9999997096337226 -0.0002079215508677886 -0.0007331446643307415 -0.002512339036911726 0.00020805887097212215 0.9999999608279195 0.0001872315825945964 -0.025526240468025208 0.0007331057061309152 -0.0001873840654799787 0.9999997137215768 1.2298029661178589
0.9999998480096891 -0.0002000007127312278 -0.0005137901456862016 -0.002399040851742029 0.00020009942886160137 0.9999999615310258 0.00019208895275643056 -0.024868346750736237 0.0005137517079937625 -0.00019219173267547742 0.9999998495607489 1.2057569026947021
0.9999997300997031 -9.58634521845544e-05 -0.0007284303118323089 -0.002746555022895336 9.597314008936304e-05 0.9999999840622685 0.0001505477294042741 -0.02327486127614975 0.000728415868197723 -0.00015061759851576006 0.9999997233622926 1.1435686349868774
0.9999976234775634 -5.438352357315674e-05 -0.0021794682052636177 -0.004379742778837681 5.490036288511282e-05 0.9999999703892799 0.0002370809764966026 -0.02381063997745514 0.0021794552474291204 -0.00023720006666370818 0.9999975968525888 1.1364818811416626
0.9999984800633361 -9.249254982393514e-05 -0.0017410675304155368 -0.003842453006654978 9.287145352503281e-05 0.9999999720239584 0.00021754763863492284 -0.024058204144239426 0.001741047360171554 -0.0002177090034485257 0.9999984606772548 1.152825117111206
0.9999991265518935 -9.397457918903232e-05 -0.001318356639352023 -0.003453589044511318 9.420361204129252e-05 0.9999999804830736 0.00017366499894983406 -0.023477498441934586 0.0013183402935265573 -0.00017378904121985515 0.9999991158877289 1.1337287425994873
0.9999995310602028 -9.889258544954343e-05 -0.0009633792766932976 -0.003159975167363882 9.910432140166433e-05 0.9999999709464718 0.0002197393658556436 -0.02409757487475872 0.0009633575181097162 -0.00021983473786057906 0.9999995118073709 1.1649596691131592
0.9999998323768665 -0.00012860721376619692 -0.0005645408963031655 -0.0026375758461654186 0.00012870470852433108 0.9999999768110356 0.0001726644910121017 -0.02371051162481308 0.0005645186773129412 -0.0001727371211410474 0.9999998257402598 1.1568713188171387
0.9999997100656737 -4.639963581566529e-05 -0.0007600760765009153 -0.0030899597331881523 4.652391554298739e-05 0.9999999855528269 0.00016349272477781245 -0.02234422042965889 0.0007600684795170767 -0.00016352803909084883 0.9999996977771977 1.096738338470459
0.9999998825835221 -3.127612788946811e-05 -0.0004835853030564836 -0.002866562455892563 3.1345275663626256e-05 0.9999999892866818 0.00014298289948095602 -0.021556781604886055 0.0004835808259242303 -0.00014299804080703877 0.9999998728505642 1.0703282356262207
0.999999120429637 0.00010106388524422683 -0.0013224696757196863 -0.00390222342684865 -0.00010089238413720479 0.9999999864930239 0.00012974852055651936 -0.020897192880511284 0.0013224827707467122 -0.00012961497931503356 0.9999991171192493 1.03202486038208
0.9999985678228898 -8.522214737677329e-05 -0.0016902926831730229 -0.004031843971461058 8.556488668819082e-05 0.9999999757960991 0.0002026979312308239 -0.02356218546628952 0.001690275367908378 -0.00020284227063339211 0.999998550911047 1.1262764930725098
