9.998571e-01 -1.182896e-03 -1.686127e-02 3.317644e-02 2.375867e-03 9.974800e-01 7.090879e-02 3.255531e-03 1.673490e-02 -7.093873e-02 9.973404e-01 -1.621496e-03
9.867732e-01 1.602439e-01 -2.450799e-02 -2.022479e-02 -1.605916e-01 9.869362e-01 -1.293424e-02 5.361919e-02 2.211518e-02 1.669895e-02 9.996159e-01 6.917785e-02
9.910556e-01 -1.327879e-01 -1.327562e-02 2.917622e-02 1.333126e-01 9.896357e-01 5.337566e-02 6.554880e-02 6.050396e-03 -5.466807e-02 9.984864e-01 8.263081e-02
9.943477e-01 1.041584e-01 2.058338e-02 7.364114e-02 -1.028426e-01 9.930603e-01 -5.704969e-02 6.132562e-02 -2.638275e-02 5.461040e-02 9.981590e-01 8.925331e-02
9.928457e-01 -1.077980e-01 -5.135125e-02 1.105462e-01 1.133046e-01 9.862488e-01 1.203140e-01 6.349186e-02 3.767550e-02 -1.252716e-01 9.914070e-01 1.002507e-01
9.928626e-01 1.189739e-01 8.311798e-03 1.447680e-01 -1.180916e-01 9.904609e-01 -7.100392e-02 6.419549e-02 -1.668014e-02 6.951561e-02 9.974413e-01 1.101780e-01
9.866516e-01 -1.622629e-01 1.376361e-02 1.885891e-01 1.608367e-01 9.842282e-01 7.366412e-02 5.831361e-02 -2.549948e-02 -7.046715e-02 9.971882e-01 1.031378e-01
9.965528e-01 8.168796e-02 1.447702e-02 2.340502e-01 -7.959347e-02 9.906454e-01 -1.108449e-01 5.175728e-02 -2.339629e-02 1.093105e-01 9.937322e-01 9.761565e-02
9.894291e-01 -1.442992e-01 1.441775e-02 2.804529e-01 1.435066e-01 9.885830e-01 4.592878e-02 4.507638e-02 -2.088063e-02 -4.337425e-02 9.988408e-01 8.982097e-02
9.954381e-01 9.269675e-02 2.259036e-02 3.258400e-01 -9.070138e-02 9.928676e-01 -7.737745e-02 3.692529e-02 -2.960187e-02 7.497550e-02 9.967458e-01 7.934492e-02
9.987017e-01 4.565495e-02 -2.259593e-02 3.556971e-01 -4.055743e-02 9.810258e-01 1.895878e-01 4.393295e-02 3.082280e-02 -1.884252e-01 9.816038e-01 9.424335e-02
9.995972e-01 -2.306398e-02 1.654055e-02 4.036485e-01 2.523960e-02 9.889051e-01 -1.463886e-01 4.130506e-02 -1.298073e-02 1.467471e-01 9.890888e-01 8.850037e-02
9.995223e-01 -2.039681e-02 2.321734e-02 4.434215e-01 1.775900e-02 9.939226e-01 1.086397e-01 3.482440e-02 -2.529215e-02 -1.081755e-01 9.938101e-01 8.155951e-02
9.997169e-01 -5.832996e-03 -2.306687e-02 4.862930e-01 3.420247e-03 9.946458e-01 -1.032860e-01 3.306520e-02 2.354584e-02 1.031779e-01 9.943841e-01 7.357246e-02
9.988392e-01 -3.473025e-02 3.337770e-02 5.291826e-01 3.052242e-02 9.923987e-01 1.192195e-01 3.006116e-02 -3.726452e-02 -1.180624e-01 9.923068e-01 7.102069e-02
9.990819e-01 1.593879e-02 -3.976602e-02 5.702158e-01 -1.970402e-02 9.951703e-01 -9.616539e-02 2.856961e-02 3.804121e-02 9.686068e-02 9.945706e-01 5.753104e-02
9.636878e-01 1.491799e-01 -2.214749e-01 6.292479e-01 -1.250037e-01 9.849327e-01 1.195061e-01 3.000028e-01 2.359658e-01 -8.748136e-02 9.678158e-01 4.778220e-01
9.684949e-01 1.723902e-01 1.797198e-01 -1.382782e-02 -1.850963e-01 9.811018e-01 5.637922e-02 5.336493e-01 -1.666042e-01 -8.786842e-02 9.821008e-01 1.453260e+00
9.537584e-01 1.486237e-01 -2.612585e-01 -9.125500e-01 -1.315873e-01 9.879373e-01 8.163709e-02 8.700777e-01 2.702403e-01 -4.348380e-02 9.618106e-01 2.690273e+00
9.993122e-01 3.533758e-02 -1.123719e-02 -8.118789e-01 -3.541540e-02 9.993495e-01 -6.805005e-03 1.192431e+00 1.098934e-02 7.198338e-03 9.999136e-01 3.152369e+00
9.554542e-01 2.831936e-01 8.311818e-02 -9.471252e-01 -2.874735e-01 9.567394e-01 4.481966e-02 1.235838e+00 -6.682972e-02 -6.671743e-02 9.955314e-01 3.324900e+00
9.439388e-01 -3.300769e-01 -5.367774e-03 -8.985144e-01 3.278990e-01 9.393459e-01 -1.005564e-01 1.225347e+00 3.823348e-02 9.315904e-02 9.949168e-01 3.312182e+00
9.673553e-01 2.433134e-01 7.086888e-02 -8.507436e-01 -2.445073e-01 9.696097e-01 8.556653e-03 1.216020e+00 -6.663314e-02 -2.560531e-02 9.974490e-01 3.296396e+00
9.469843e-01 -3.212447e-01 4.757816e-03 -8.034922e-01 3.205888e-01 9.438729e-01 -7.954066e-02 1.209049e+00 2.106119e-02 7.684909e-02 9.968202e-01 3.282790e+00
9.632877e-01 2.657602e-01 3.805744e-02 -7.557880e-01 -2.671253e-01 9.629564e-01 3.686651e-02 1.201975e+00 -2.684994e-02 -4.567918e-02 9.985953e-01 3.269057e+00
9.547073e-01 -2.971369e-01 -1.560723e-02 -7.069899e-01 2.951743e-01 9.524024e-01 -7.616995e-02 1.199453e+00 3.749722e-02 6.811319e-02 9.969726e-01 3.258530e+00
9.688826e-01 2.410780e-01 5.610642e-02 -6.568369e-01 -2.426076e-01 9.698712e-01 2.216568e-02 1.190430e+00 -4.907229e-02 -3.508780e-02 9.981788e-01 3.252992e+00
9.508356e-01 -3.096062e-01 -7.458873e-03 -6.066929e-01 3.081076e-01 9.481204e-01 -7.834134e-02 1.184849e+00 3.132683e-02 7.219163e-02 9.968986e-01 3.245378e+00
9.706186e-01 2.340797e-01 5.573436e-02 -5.598690e-01 -2.330936e-01 9.721661e-01 -2.367280e-02 1.174366e+00 -5.972433e-02 9.985927e-03 9.981651e-01 3.230380e+00
9.549787e-01 -2.963951e-01 -1.286493e-02 -5.106824e-01 2.955580e-01 9.542488e-01 -4.532810e-02 1.168568e+00 2.571133e-02 3.948506e-02 9.988892e-01 3.208914e+00
9.682816e-01 2.452581e-01 4.774161e-02 -4.625676e-01 -2.440008e-01 9.692897e-01 -3.067783e-02 1.160325e+00 -5.379940e-02 1.805578e-02 9.983886e-01 3.193567e+00
9.466430e-01 -3.215803e-01 -2.128604e-02 -4.103832e-01 3.197253e-01 9.453828e-01 -6.345889e-02 1.149427e+00 4.053055e-02 5.326724e-02 9.977573e-01 3.193693e+00
9.663574e-01 2.481379e-01 6.768283e-02 -3.652513e-01 -2.466501e-01 9.686509e-01 -2.965032e-02 1.147259e+00 -7.291837e-02 1.195883e-02 9.972663e-01 3.203098e+00
9.377107e-01 -3.467001e-01 2.230969e-02 -3.151720e-01 3.473713e-01 9.346087e-01 -7.641848e-02 1.135199e+00 5.643442e-03 7.940816e-02 9.968261e-01 3.190916e+00
9.685966e-01 2.485734e-01 5.640424e-03 -2.625581e-01 -2.484848e-01 9.685477e-01 -1.306549e-02 1.125906e+00 -8.710732e-03 1.125366e-02 9.998988e-01 3.190817e+00
9.425992e-01 -3.293452e-01 5.512315e-02 -2.094669e-01 3.312339e-01 9.430920e-01 -2.935266e-02 1.114613e+00 -4.231907e-02 4.592642e-02 9.980479e-01 3.188595e+00
9.673078e-01 2.536040e-01 -8.408602e-04 -1.662767e-01 -2.531417e-01 9.653334e-01 -6.364486e-02 1.103555e+00 -1.532887e-02 6.177706e-02 9.979724e-01 3.181886e+00
9.478077e-01 -3.118482e-01 6.641778e-02 -1.196832e-01 3.120561e-01 9.500342e-01 7.488066e-03 1.094323e+00 -6.543431e-02 1.362878e-02 9.977637e-01 3.168882e+00
8.741926e-01 4.601138e-01 -1.551854e-01 -1.138725e-01 -4.579401e-01 8.874816e-01 5.164567e-02 1.228483e+00 1.614871e-01 2.591741e-02 9.865345e-01 3.229413e+00
9.861184e-01 -1.522859e-01 6.617803e-02 -6.886028e-01 1.421796e-01 9.802890e-01 1.371802e-01 1.486511e+00 -8.576424e-02 -1.258668e-01 9.883329e-01 4.226154e+00
9.465028e-01 2.541264e-01 -1.988775e-01 -6.711507e-01 -2.865455e-01 9.453117e-01 -1.558120e-01 1.516796e+00 1.484053e-01 2.044640e-01 9.675591e-01 4.287993e+00
9.743860e-01 -1.890714e-01 1.217531e-01 -6.413217e-01 1.727067e-01 9.759076e-01 1.333290e-01 1.530154e+00 -1.440285e-01 -1.088864e-01 9.835646e-01 4.349928e+00
9.216380e-01 2.999822e-01 -2.461587e-01 -5.764621e-01 -3.360255e-01 9.342275e-01 -1.196069e-01 1.545035e+00 1.940883e-01 1.929499e-01 9.618213e-01 4.389506e+00
9.936790e-01 -4.896307e-02 1.010178e-01 -9.551300e-01 1.402301e-02 9.469589e-01 3.210486e-01 1.669866e+00 -1.113793e-01 -3.176027e-01 9.416597e-01 4.979749e+00
9.172350e-01 3.594421e-01 -1.717012e-01 -1.316100e+00 -3.837575e-01 9.129252e-01 -1.389162e-01 1.814120e+00 1.068181e-01 1.933104e-01 9.753057e-01 5.521468e+00
9.887414e-01 -1.387364e-01 5.605949e-02 -1.301049e+00 1.172470e-01 9.510836e-01 2.858201e-01 1.820459e+00 -9.297095e-02 -2.760293e-01 9.566421e-01 5.636899e+00
9.538190e-01 2.335403e-01 -1.889136e-01 -1.254085e+00 -2.802950e-01 9.181034e-01 -2.802156e-01 1.855155e+00 1.080006e-01 3.202265e-01 9.411647e-01 5.697285e+00
9.578702e-01 -2.333859e-01 1.673791e-01 -1.210309e+00 1.715596e-01 9.323568e-01 3.182421e-01 1.855988e+00 -2.303303e-01 -2.761192e-01 9.331163e-01 5.702089e+00
9.638664e-01 1.453146e-01 -2.232605e-01 -1.169690e+00 -2.105665e-01 9.289731e-01 -3.044186e-01 1.850089e+00 1.631665e-01 3.404301e-01 9.260044e-01 5.693606e+00
9.744717e-01 -1.893083e-01 1.206952e-01 -1.133020e+00 1.317364e-01 9.174550e-01 3.753955e-01 1.853760e+00 -1.817979e-01 -3.499124e-01 9.189726e-01 5.706383e+00
9.512780e-01 1.993824e-01 -2.351955e-01 -1.076999e+00 -2.684567e-01 9.107770e-01 -3.137138e-01 1.856722e+00 1.516617e-01 3.615689e-01 9.199277e-01 5.715745e+00
9.507515e-01 -2.863949e-01 1.185308e-01 -1.030892e+00 2.258174e-01 9.019721e-01 3.680390e-01 1.852691e+00 -2.123161e-01 -3.231473e-01 9.222242e-01 5.702336e+00
9.642897e-01 2.001720e-01 -1.734260e-01 -9.990506e-01 -2.484253e-01 9.106136e-01 -3.302541e-01 1.846172e+00 9.181650e-02 3.615440e-01 9.278232e-01 5.695986e+00
9.656059e-01 -2.341932e-01 1.129544e-01 -9.460524e-01 1.845281e-01 9.232987e-01 3.368515e-01 1.841384e+00 -1.831790e-01 -3.044225e-01 9.347578e-01 5.701741e+00
9.333582e-01 2.478368e-01 -2.596525e-01 -8.878195e-01 -3.282380e-01 8.820611e-01 -3.379765e-01 1.852868e+00 1.452664e-01 4.006810e-01 9.046285e-01 5.710826e+00
9.594575e-01 -2.812904e-01 1.780449e-02 -8.171018e-01 2.537490e-01 8.895598e-01 3.798616e-01 1.859016e+00 -1.226896e-01 -3.599433e-01 9.248719e-01 5.755305e+00
9.563938e-01 2.352230e-01 -1.731502e-01 -7.465163e-01 -2.847515e-01 8.828578e-01 -3.734685e-01 1.849152e+00 6.501866e-02 4.064878e-01 9.113399e-01 5.778907e+00
9.354238e-01 -3.271260e-01 1.340557e-01 -7.111610e-01 2.576021e-01 8.904023e-01 3.752663e-01 1.842425e+00 -2.421229e-01 -3.165000e-01 9.171718e-01 5.781406e+00
9.517170e-01 2.032481e-01 -2.300541e-01 -6.730139e-01 -2.821980e-01 8.742370e-01 -3.950620e-01 1.837102e+00 1.208262e-01 4.409081e-01 8.893825e-01 5.777354e+00
9.319130e-01 -3.176522e-01 1.750294e-01 -6.360416e-01 2.247313e-01 8.845385e-01 4.087633e-01 1.829773e+00 -2.846649e-01 -3.415973e-01 8.956992e-01 5.778430e+00
9.435366e-01 1.818826e-01 -2.768707e-01 -5.981398e-01 -2.762951e-01 8.931721e-01 -3.548303e-01 1.825663e+00 1.827558e-01 4.112934e-01 8.929940e-01 5.772349e+00
9.193520e-01 -3.257436e-01 2.206423e-01 -5.509551e-01 2.376309e-01 9.067005e-01 3.484618e-01 1.817891e+00 -3.135658e-01 -2.679276e-01 9.109836e-01 5.763177e+00
9.406579e-01 1.945469e-01 -2.780543e-01 -5.084815e-01 -2.803350e-01 9.072263e-01 -3.136123e-01 1.810266e+00 1.912460e-01 3.729503e-01 9.079280e-01 5.764122e+00
9.493614e-01 -2.772152e-01 1.478668e-01 -4.513927e-01 2.171152e-01 9.190310e-01 3.290029e-01 1.812300e+00 -2.270989e-01 -2.802386e-01 9.326802e-01 5.777705e+00
9.209623e-01 2.341515e-01 -3.114508e-01 -3.707544e-01 -3.214364e-01 9.083342e-01 -2.675960e-01 1.810658e+00 2.202434e-01 3.465575e-01 9.118064e-01 5.818809e+00
9.436901e-01 -2.902047e-01 1.588403e-01 -3.029408e-01 2.189323e-01 9.077680e-01 3.578071e-01 1.809441e+00 -2.480275e-01 -3.028838e-01 9.201868e-01 5.838417e+00
9.152509e-01 2.353067e-01 -3.270269e-01 -2.265307e-01 -3.292440e-01 9.046641e-01 -2.705202e-01 1.813001e+00 2.321943e-01 3.552655e-01 9.054680e-01 5.867774e+00
9.111231e-01 -3.518855e-01 2.145487e-01 -1.691444e-01 2.587364e-01 8.935886e-01 3.668172e-01 1.802158e+00 -3.207960e-01 -2.787041e-01 9.052148e-01 5.873571e+00
8.841357e-01 2.891827e-01 -3.669843e-01 -1.325023e-01 -3.885963e-01 8.912196e-01 -2.339244e-01 1.803957e+00 2.594168e-01 3.494296e-01 9.003344e-01 5.897623e+00
8.917988e-01 -3.871970e-01 2.340371e-01 -8.204246e-02 2.803892e-01 8.789626e-01 3.857545e-01 1.804268e+00 -3.550729e-01 -2.783940e-01 8.924236e-01 5.916397e+00
9.042922e-01 2.353639e-01 -3.561733e-01 -3.651694e-02 -3.532417e-01 8.810298e-01 -3.146535e-01 1.796333e+00 2.397413e-01 4.103540e-01 8.798488e-01 5.909941e+00
8.711649e-01 -4.082801e-01 2.727252e-01 4.005250e-03 2.843596e-01 8.723667e-01 3.976379e-01 1.791707e+00 -4.002641e-01 -2.688562e-01 8.760736e-01 5.910846e+00
8.939002e-01 2.132535e-01 -3.942909e-01 4.229022e-02 -3.498764e-01 8.817860e-01 -3.162909e-01 1.785809e+00 2.802301e-01 4.206856e-01 8.628412e-01 5.910379e+00
9.369604e-01 -2.651541e-01 2.275927e-01 2.695058e-02 1.623281e-01 9.070503e-01 3.884705e-01 1.813993e+00 -3.094427e-01 -3.270368e-01 8.929121e-01 5.969889e+00
9.262961e-01 1.815562e-01 -3.301711e-01 1.179806e-01 -2.858940e-01 9.094307e-01 -3.019941e-01 1.825332e+00 2.454389e-01 3.741299e-01 8.943080e-01 6.061021e+00
9.744930e-01 -2.009336e-01 9.994517e-02 1.814583e-01 1.619829e-01 9.380093e-01 3.064313e-01 1.839817e+00 -1.553219e-01 -2.824258e-01 9.466312e-01 6.111542e+00
9.221224e-01 2.461959e-01 -2.984591e-01 2.740522e-01 -3.047112e-01 9.374910e-01 -1.681121e-01 1.851403e+00 2.384143e-01 2.459639e-01 9.395002e-01 6.145209e+00
9.738756e-01 -1.498072e-01 1.706580e-01 3.085284e-01 1.258800e-01 9.816335e-01 1.433522e-01 1.841471e+00 -1.889989e-01 -1.181248e-01 9.748466e-01 6.165835e+00
9.879436e-01 1.912085e-02 -1.536292e-01 3.388008e-01 -4.905940e-02 9.798667e-01 -1.935313e-01 1.834648e+00 1.468357e-01 1.987351e-01 9.689911e-01 6.165750e+00
9.746682e-01 -1.197811e-01 1.888767e-01 3.671354e-01 9.820646e-02 9.879354e-01 1.197461e-01 1.828177e+00 -2.009413e-01 -9.816381e-02 9.746724e-01 6.167534e+00
9.894486e-01 1.697656e-04 -1.448842e-01 4.033356e-01 -2.721134e-02 9.824216e-01 -1.846817e-01 1.822894e+00 1.423061e-01 1.866756e-01 9.720603e-01 6.154393e+00
9.776931e-01 -9.250153e-02 1.885727e-01 4.444675e-01 8.090568e-02 9.943785e-01 6.830552e-02 1.814525e+00 -1.938311e-01 -5.152529e-02 9.796809e-01 6.133790e+00
9.927621e-01 -1.566609e-02 -1.190714e-01 4.976093e-01 -2.301942e-03 9.887912e-01 -1.492871e-01 1.803483e+00 1.200755e-01 1.484807e-01 9.815984e-01 6.112070e+00
9.750657e-01 -7.803094e-02 2.077452e-01 5.519359e-01 6.750837e-02 9.960732e-01 5.727869e-02 1.792749e+00 -2.113990e-01 -4.182600e-02 9.765045e-01 6.094464e+00
9.890524e-01 -4.355586e-02 -1.409900e-01 6.034296e-01 2.419989e-02 9.903864e-01 -1.361955e-01 1.779095e+00 1.455668e-01 1.312927e-01 9.805981e-01 6.076493e+00
9.738353e-01 2.200142e-01 5.690795e-02 3.736728e-01 -2.269572e-01 9.543847e-01 1.940106e-01 1.911580e+00 -1.162706e-02 -2.018501e-01 9.793474e-01 6.328719e+00
9.948663e-01 -9.424114e-02 3.687429e-02 5.612584e-01 1.004710e-01 9.634213e-01 -2.484450e-01 2.096039e+00 -1.211166e-02 2.508744e-01 9.679439e-01 6.642051e+00
9.989664e-01 3.195345e-02 3.232624e-02 6.038383e-01 -3.717876e-02 9.835621e-01 1.767008e-01 2.087846e+00 -2.614872e-02 -1.777201e-01 9.837336e-01 6.634878e+00
9.649701e-01 2.175929e-01 -1.465810e-01 4.034521e-01 -2.253147e-01 9.735403e-01 -3.811237e-02 2.252733e+00 1.344096e-01 6.980424e-02 9.884642e-01 7.107005e+00
9.892032e-01 1.158993e-02 1.460913e-01 6.198997e-01 -1.129264e-02 9.999321e-01 -2.864529e-03 2.470252e+00 -1.461146e-01 1.183762e-03 9.892669e-01 7.406516e+00
9.867724e-01 -6.176261e-02 -1.498854e-01 6.685983e-01 5.756724e-02 9.978231e-01 -3.217418e-02 2.465675e+00 1.515463e-01 2.312020e-02 9.881798e-01 7.399836e+00
9.839259e-01 2.858235e-03 1.785543e-01 7.267188e-01 2.253618e-03 9.995935e-01 -2.842005e-02 2.458170e+00 -1.785630e-01 2.836554e-02 9.835195e-01 7.396682e+00
9.891899e-01 -7.838089e-02 -1.239348e-01 7.787669e-01 7.320601e-02 9.962657e-01 -4.577887e-02 2.451544e+00 1.270603e-01 3.621130e-02 9.912338e-01 7.382052e+00
9.890639e-01 3.091827e-02 1.442103e-01 8.373462e-01 -2.785663e-02 9.993426e-01 -2.320237e-02 2.444342e+00 -1.448329e-01 1.893134e-02 9.892750e-01 7.360649e+00
9.930768e-01 -7.437281e-02 -9.092376e-02 8.936755e-01 7.037624e-02 9.964407e-01 -4.640302e-02 2.438900e+00 9.405131e-02 3.968298e-02 9.947762e-01 7.336657e+00
9.932562e-01 4.839522e-02 1.053565e-01 9.491678e-01 -4.871129e-02 9.988128e-01 4.267620e-04 2.432769e+00 -1.052109e-01 -5.556018e-03 9.944344e-01 7.309464e+00
9.890465e-01 -1.347680e-01 -6.020419e-02 9.873135e-01 1.311836e-01 9.895412e-01 -5.999375e-02 2.422754e+00 6.765982e-02 5.143889e-02 9.963816e-01 7.300470e+00
9.942598e-01 6.483313e-02 8.511150e-02 1.016097e+00 -6.394539e-02 9.978671e-01 -1.311904e-02 2.415925e+00 -8.578057e-02 7.601174e-03 9.962850e-01 7.289614e+00
9.967829e-01 -7.951602e-02 -1.005417e-02 1.041381e+00 7.953399e-02 9.968312e-01 1.393535e-03 2.413447e+00 9.911553e-03 -2.188621e-03 9.999485e-01 7.289081e+00
9.965222e-01 3.635664e-02 7.497761e-02 1.080318e+00 -2.995697e-02 9.959492e-01 -8.478054e-02 2.406980e+00 -7.775628e-02 8.223951e-02 9.935746e-01 7.276017e+00
9.989354e-01 -4.234622e-02 -1.829861e-02 1.107717e+00 4.248409e-02 9.990712e-01 7.209103e-03 2.405941e+00 1.797638e-02 -7.978748e-03 9.998066e-01 7.266980e+00
9.972972e-01 -1.704770e-02 7.146816e-02 1.135314e+00 2.150114e-02 9.978435e-01 -6.201578e-02 2.397871e+00 -7.025686e-02 6.338473e-02 9.955131e-01 7.256381e+00
9.997731e-01 -1.880176e-02 1.001864e-02 1.153714e+00 1.874957e-02 9.998103e-01 5.283934e-03 2.393007e+00 -1.011605e-02 -5.094811e-03 9.999359e-01 7.250073e+00
9.980949e-01 -5.440467e-02 2.909613e-02 1.184538e+00 5.662577e-02 9.950283e-01 -8.192742e-02 2.386186e+00 -2.449429e-02 8.341886e-02 9.962135e-01 7.236622e+00
9.987621e-01 3.431913e-02 3.600819e-02 1.210124e+00 -3.689129e-02 9.966210e-01 7.338684e-02 2.382550e+00 -3.336791e-02 -7.462431e-02 9.966533e-01 7.230400e+00
9.965062e-01 -8.199094e-02 -1.589972e-02 1.260693e+00 7.922570e-02 9.882483e-01 -1.307226e-01 2.378762e+00 2.643090e-02 1.290061e-01 9.912915e-01 7.215982e+00
9.953038e-01 9.030800e-03 9.637832e-02 1.310783e+00 -1.321944e-02 9.989915e-01 4.291146e-02 2.368509e+00 -9.589354e-02 -4.398394e-02 9.944194e-01 7.182600e+00
9.965318e-01 -8.310812e-02 4.169107e-03 1.360139e+00 8.284858e-02 9.862458e-01 -1.430216e-01 2.358412e+00 7.774442e-03 1.428709e-01 9.897108e-01 7.152358e+00
9.970504e-01 3.908796e-03 7.664967e-02 1.407560e+00 -8.112845e-03 9.984746e-01 5.461413e-02 2.347852e+00 -7.631923e-02 -5.507483e-02 9.955612e-01 7.124618e+00
9.954924e-01 -9.396116e-02 1.289310e-02 1.449284e+00 9.484147e-02 9.864237e-01 -1.340646e-01 2.337668e+00 -1.212434e-04 1.346830e-01 9.908887e-01 7.099054e+00
9.960876e-01 3.200230e-02 8.237361e-02 1.488736e+00 -3.628673e-02 9.980366e-01 5.105242e-02 2.331218e+00 -8.057804e-02 -5.384169e-02 9.952931e-01 7.076034e+00
9.924402e-01 -1.143769e-01 4.450173e-02 1.527917e+00 1.201464e-01 9.794330e-01 -1.620978e-01 2.324265e+00 -2.504626e-02 1.662191e-01 9.857707e-01 7.057164e+00
9.996863e-01 2.436391e-02 -5.807966e-03 1.596593e+00 -2.406004e-02 9.985753e-01 4.762978e-02 2.316797e+00 6.960176e-03 -4.747504e-02 9.988482e-01 7.036591e+00
9.980780e-01 -5.981257e-02 1.621020e-02 1.638088e+00 6.093653e-02 9.948355e-01 -8.117222e-02 2.318305e+00 -1.127141e-02 8.200395e-02 9.965682e-01 7.058691e+00
9.985741e-01 4.858250e-02 -2.212597e-02 1.672718e+00 -4.571605e-02 9.922561e-01 1.154900e-01 2.317078e+00 2.756546e-02 -1.143138e-01 9.930622e-01 7.063169e+00
9.939893e-01 -8.172577e-02 7.284306e-02 1.721529e+00 9.156746e-02 9.853303e-01 -1.440121e-01 2.307093e+00 -6.000503e-02 1.498165e-01 9.868913e-01 7.043571e+00
9.999817e-01 8.560049e-04 -5.998466e-03 1.758396e+00 -4.736725e-04 9.979857e-01 6.343830e-02 2.302468e+00 6.040725e-03 -6.343424e-02 9.979678e-01 7.033135e+00
9.959911e-01 -5.370364e-02 7.153735e-02 1.804051e+00 6.190126e-02 9.911059e-01 -1.178013e-01 2.292121e+00 -6.457479e-02 1.217572e-01 9.904571e-01 7.016954e+00
9.989259e-01 -4.305976e-02 1.711429e-02 1.860336e+00 4.258320e-02 9.987199e-01 2.730225e-02 2.279465e+00 -1.826797e-02 -2.654410e-02 9.994807e-01 6.990499e+00
9.993705e-01 -2.325711e-02 2.678786e-02 1.913086e+00 2.626194e-02 9.926762e-01 -1.179158e-01 2.272917e+00 -2.384934e-02 1.185451e-01 9.926622e-01 6.979901e+00
9.987848e-01 4.272148e-03 -4.909899e-02 1.966724e+00 1.570730e-03 9.929708e-01 1.183497e-01 2.264392e+00 4.925950e-02 -1.182829e-01 9.917574e-01 6.975799e+00
9.987112e-01 2.350614e-02 4.498188e-02 2.018352e+00 -1.600898e-02 9.869376e-01 -1.603053e-01 2.269929e+00 -4.816252e-02 1.593786e-01 9.860420e-01 6.966878e+00
9.984492e-01 -5.410125e-02 -1.312626e-02 2.065358e+00 5.515482e-02 9.933348e-01 1.012126e-01 2.260088e+00 7.563079e-03 -1.017796e-01 9.947782e-01 6.949221e+00
9.982727e-01 3.859509e-02 4.429390e-02 2.127168e+00 -3.084020e-02 9.859687e-01 -1.640567e-01 2.256618e+00 -5.000423e-02 1.624073e-01 9.854560e-01 6.935429e+00
9.902115e-01 1.243250e-01 -6.343865e-02 2.054428e+00 -1.100111e-01 9.749212e-01 1.934588e-01 2.315446e+00 8.589946e-02 -1.845861e-01 9.790553e-01 6.984479e+00
9.945187e-01 -3.928329e-02 9.689841e-02 2.153125e+00 5.307306e-02 9.881359e-01 -1.441201e-01 2.370056e+00 -9.008733e-02 1.484728e-01 9.848046e-01 7.094900e+00
9.977150e-01 -4.830668e-03 -6.739043e-02 2.204356e+00 1.366270e-02 9.912592e-01 1.312197e-01 2.364145e+00 6.616753e-02 -1.318405e-01 9.890601e-01 7.103703e+00
9.907678e-01 -7.968383e-02 1.096798e-01 2.232083e+00 9.834092e-02 9.793109e-01 -1.768591e-01 2.355789e+00 -9.331783e-02 1.860122e-01 9.781059e-01 7.095609e+00
9.989703e-01 -1.026133e-02 -4.419509e-02 2.268785e+00 1.551866e-02 9.926153e-01 1.203083e-01 2.346515e+00 4.263423e-02 -1.208702e-01 9.917524e-01 7.085044e+00
9.912460e-01 -6.952189e-02 1.122407e-01 2.316658e+00 9.032650e-02 9.771358e-01 -1.924752e-01 2.337276e+00 -9.629318e-02 2.009286e-01 9.748617e-01 7.078650e+00
9.995578e-01 -2.053481e-02 -2.150696e-02 2.368653e+00 2.273079e-02 9.939555e-01 1.074051e-01 2.329829e+00 1.917145e-02 -1.078464e-01 9.939827e-01 7.067061e+00
9.583166e-01 1.919388e-01 -2.116336e-01 2.426217e+00 -2.139169e-01 9.730443e-01 -8.616357e-02 2.471679e+00 1.893907e-01 1.278439e-01 9.735436e-01 7.354932e+00
9.907034e-01 7.383480e-02 1.142597e-01 2.002219e+00 -1.019396e-01 9.590885e-01 2.641168e-01 2.621543e+00 -9.008416e-02 -2.733089e-01 9.576988e-01 8.056816e+00
9.875998e-01 -1.493850e-01 -4.827698e-02 2.065089e+00 1.250253e-01 9.343759e-01 -3.336318e-01 2.612756e+00 9.494840e-02 3.234588e-01 9.414665e-01 8.045811e+00
9.335566e-01 3.205970e-01 -1.602798e-01 2.166952e+00 -2.255370e-01 8.729718e-01 4.324967e-01 2.848452e+00 2.785769e-01 -3.676111e-01 8.872750e-01 8.367259e+00
9.750612e-01 7.462315e-02 2.090145e-01 1.658667e+00 -2.161996e-02 9.692358e-01 -2.451826e-01 3.030997e+00 -2.208807e-01 2.345491e-01 9.466776e-01 9.291204e+00
9.874936e-01 -3.020633e-02 -1.547383e-01 1.717472e+00 5.825874e-02 9.819198e-01 1.801098e-01 3.033965e+00 1.465002e-01 -1.868721e-01 9.713993e-01 9.279250e+00
9.878349e-01 3.220033e-02 1.521357e-01 1.792957e+00 1.789637e-02 9.482855e-01 -3.169134e-01 3.027008e+00 -1.544728e-01 3.157807e-01 9.361734e-01 9.272374e+00
9.884780e-01 -3.117371e-03 -1.513329e-01 1.855028e+00 4.915715e-02 9.522078e-01 3.014699e-01 3.025464e+00 1.431605e-01 -3.054354e-01 9.413895e-01 9.269494e+00
9.900258e-01 1.215080e-02 1.403610e-01 1.887225e+00 3.958763e-02 9.321418e-01 -3.599227e-01 3.018456e+00 -1.352098e-01 3.618893e-01 9.223635e-01 9.280871e+00
9.779701e-01 2.768948e-02 -2.069003e-01 1.933833e+00 4.978514e-02 9.316225e-01 3.600016e-01 3.015868e+00 2.027212e-01 -3.623714e-01 9.097203e-01 9.308954e+00
9.929729e-01 3.021581e-02 1.144192e-01 1.985416e+00 1.668503e-02 9.214509e-01 -3.881361e-01 3.015668e+00 -1.171596e-01 3.873177e-01 9.144718e-01 9.339996e+00
9.941142e-01 -4.733424e-02 -9.744993e-02 2.017594e+00 7.654959e-02 9.434146e-01 3.226595e-01 3.011727e+00 7.666283e-02 -3.282202e-01 9.414852e-01 9.355274e+00
9.996613e-01 2.071055e-02 1.575736e-02 2.059289e+00 -1.377854e-02 9.348959e-01 -3.546544e-01 3.005433e+00 -2.207660e-02 3.543172e-01 9.348647e-01 9.372499e+00
9.965813e-01 -7.308274e-02 -3.853078e-02 2.094251e+00 8.113647e-02 9.536787e-01 2.896790e-01 2.999158e+00 1.557544e-02 -2.918149e-01 9.563480e-01 9.392540e+00
9.887842e-01 1.397713e-01 -5.262813e-02 2.100032e+00 -1.489053e-01 9.498062e-01 -2.751277e-01 3.053941e+00 1.153155e-02 2.798785e-01 9.599662e-01 9.485874e+00
9.799262e-01 -1.852791e-01 -7.359610e-02 2.145434e+00 1.984201e-01 9.422332e-01 2.698634e-01 3.047293e+00 1.934463e-02 -2.790492e-01 9.600820e-01 9.495528e+00
9.886289e-01 1.498314e-01 1.278276e-02 2.181936e+00 -1.348511e-01 9.209707e-01 -3.655518e-01 3.040881e+00 -6.654370e-02 3.596713e-01 9.307032e-01 9.526300e+00
9.831900e-01 -1.825344e-01 -4.328796e-03 2.208371e+00 1.738693e-01 9.287526e-01 3.273962e-01 3.036014e+00 -5.574070e-02 -3.226453e-01 9.448773e-01 9.533296e+00
9.891552e-01 9.591976e-02 -1.112266e-01 2.258150e+00 -1.301438e-01 9.234223e-01 -3.610454e-01 3.030874e+00 6.807770e-02 3.716053e-01 9.258914e-01 9.547289e+00
9.748342e-01 -2.060979e-01 8.498272e-02 2.297439e+00 1.729789e-01 9.397584e-01 2.948432e-01 3.024142e+00 -1.406298e-01 -2.727231e-01 9.517591e-01 9.563882e+00
9.236987e-01 3.276440e-01 -1.985697e-01 2.229545e+00 -3.679775e-01 9.029996e-01 -2.217750e-01 3.077859e+00 1.066452e-01 2.779225e-01 9.546653e-01 9.672713e+00
9.469985e-01 -3.076126e-01 9.256521e-02 2.343287e+00 2.680995e-01 9.155632e-01 2.997779e-01 3.114073e+00 -1.769648e-01 -2.590726e-01 9.495077e-01 9.774900e+00
9.627226e-01 2.064004e-01 -1.748257e-01 2.376404e+00 -2.535772e-01 9.136430e-01 -3.177340e-01 3.109497e+00 9.414791e-02 3.502215e-01 9.319233e-01 9.778929e+00
9.457208e-01 -3.183408e-01 6.535570e-02 2.432690e+00 2.837222e-01 9.068550e-01 3.116341e-01 3.105989e+00 -1.584740e-01 -2.761760e-01 9.479519e-01 9.804613e+00
9.558708e-01 2.221661e-01 -1.922322e-01 2.475174e+00 -2.733814e-01 9.122398e-01 -3.050919e-01 3.099781e+00 1.075808e-01 3.441812e-01 9.327195e-01 9.829999e+00
9.531304e-01 -2.805026e-01 1.134052e-01 2.524048e+00 2.331767e-01 9.198505e-01 3.154423e-01 3.103676e+00 -1.927982e-01 -2.742142e-01 9.421441e-01 9.853331e+00
9.550859e-01 1.783917e-01 -2.366161e-01 2.583184e+00 -2.400698e-01 9.339055e-01 -2.649279e-01 3.101669e+00 1.737162e-01 3.098334e-01 9.347866e-01 9.871342e+00
9.388943e-01 -2.866576e-01 1.905386e-01 2.633469e+00 2.286018e-01 9.331512e-01 2.774350e-01 3.098736e+00 -2.573303e-01 -2.169247e-01 9.416607e-01 9.888139e+00
9.437885e-01 1.968817e-01 -2.655198e-01 2.669979e+00 -2.647939e-01 9.311239e-01 -2.507837e-01 3.094092e+00 1.978572e-01 3.069949e-01 9.309171e-01 9.900046e+00
9.355505e-01 -3.013442e-01 1.842199e-01 2.724380e+00 2.417142e-01 9.265768e-01 2.881489e-01 3.091034e+00 -2.575259e-01 -2.250493e-01 9.396985e-01 9.920170e+00
9.241567e-01 2.113633e-01 -3.182135e-01 2.771590e+00 -2.885087e-01 9.321586e-01 -2.187304e-01 3.089858e+00 2.503939e-01 2.939485e-01 9.224409e-01 9.941172e+00
9.288410e-01 -3.027398e-01 2.135489e-01 2.798444e+00 2.232725e-01 9.174015e-01 3.294299e-01 3.088058e+00 -2.956416e-01 -2.583084e-01 9.197135e-01 9.955137e+00
9.370152e-01 1.960518e-01 -2.890780e-01 2.825759e+00 -2.827569e-01 9.116439e-01 -2.982513e-01 3.085288e+00 2.050635e-01 3.612049e-01 9.096593e-01 9.953593e+00
9.356642e-01 -3.195360e-01 1.497643e-01 2.880345e+00 2.644995e-01 9.159509e-01 3.017848e-01 3.081834e+00 -2.336079e-01 -2.427567e-01 9.415395e-01 9.971223e+00
9.458317e-01 1.828574e-01 -2.682637e-01 2.929547e+00 -2.588797e-01 9.234275e-01 -2.833071e-01 3.076516e+00 1.959173e-01 3.374090e-01 9.207451e-01 9.976100e+00
9.529237e-01 -2.073487e-01 2.212306e-01 2.957368e+00 1.420493e-01 9.498940e-01 2.784302e-01 3.081176e+00 -2.678778e-01 -2.338972e-01 9.346302e-01 9.999287e+00
9.434207e-01 1.007662e-01 -3.159168e-01 3.001213e+00 -1.890526e-01 9.461540e-01 -2.627769e-01 3.077989e+00 2.724270e-01 3.076341e-01 9.116714e-01 1.001118e+01
9.247064e-01 -2.447848e-01 2.915451e-01 3.031369e+00 1.722256e-01 9.519989e-01 2.530545e-01 3.072418e+00 -3.394945e-01 -1.837897e-01 9.224776e-01 1.001591e+01
9.351365e-01 1.688483e-01 -3.114640e-01 3.053593e+00 -2.449981e-01 9.432348e-01 -2.242409e-01 3.074589e+00 2.559210e-01 2.860040e-01 9.234209e-01 1.002908e+01
9.532653e-01 -2.554704e-01 1.613079e-01 3.100581e+00 2.101997e-01 9.442761e-01 2.532957e-01 3.075541e+00 -2.170289e-01 -2.075512e-01 9.538454e-01 1.004642e+01
9.661183e-01 1.393577e-01 -2.172437e-01 3.129265e+00 -1.945235e-01 9.463577e-01 -2.580069e-01 3.070281e+00 1.696351e-01 2.915243e-01 9.414019e-01 1.006075e+01
9.661856e-01 -2.034787e-01 1.583725e-01 3.147732e+00 1.555877e-01 9.498648e-01 2.712000e-01 3.067108e+00 -2.056160e-01 -2.373887e-01 9.494044e-01 1.007259e+01
9.694487e-01 1.048039e-01 -2.217773e-01 3.180769e+00 -1.602952e-01 9.550492e-01 -2.493719e-01 3.066815e+00 1.856731e-01 2.773032e-01 9.426709e-01 1.007531e+01
9.697179e-01 -1.598386e-01 1.846587e-01 3.212706e+00 9.298325e-02 9.407748e-01 3.260321e-01 3.067953e+00 -2.258348e-01 -2.989891e-01 9.271485e-01 1.007770e+01
9.725285e-01 6.908582e-02 -2.222957e-01 3.249928e+00 -1.440021e-01 9.288479e-01 -3.413283e-01 3.066651e+00 1.828980e-01 3.639626e-01 9.132795e-01 1.008127e+01
9.454606e-01 -2.206160e-01 2.396518e-01 3.291389e+00 1.465888e-01 9.451822e-01 2.917917e-01 3.057176e+00 -2.908886e-01 -2.407473e-01 9.259723e-01 1.006616e+01
9.693950e-01 5.234082e-02 -2.398617e-01 3.339946e+00 -1.314319e-01 9.358527e-01 -3.269638e-01 3.047679e+00 2.073617e-01 3.484827e-01 9.140902e-01 1.005318e+01
9.439424e-01 -1.796383e-01 2.769529e-01 3.372396e+00 7.927483e-02 9.377760e-01 3.380705e-01 3.042566e+00 -3.204503e-01 -2.971637e-01 8.994473e-01 1.004493e+01
9.416992e-01 4.294172e-02 -3.337041e-01 3.423429e+00 -1.629832e-01 9.259063e-01 -3.407842e-01 3.040393e+00 2.943450e-01 3.753044e-01 8.789241e-01 1.005295e+01
9.160535e-01 -2.067916e-01 3.436326e-01 3.470308e+00 1.028436e-01 9.492901e-01 2.971052e-01 3.033284e+00 -3.876460e-01 -2.368238e-01 8.908676e-01 1.004559e+01
9.311541e-01 6.970926e-02 -3.579001e-01 3.514543e+00 -1.716388e-01 9.498036e-01 -2.615591e-01 3.025555e+00 3.217018e-01 3.049814e-01 8.963784e-01 1.004936e+01
9.204057e-01 -1.709032e-01 3.516327e-01 3.565627e+00 8.668776e-02 9.662198e-01 2.427027e-01 3.028197e+00 -3.812332e-01 -1.929027e-01 9.041293e-01 1.007666e+01
7.882211e-01 1.987917e-01 -5.823994e-01 3.600922e+00 -3.168547e-01 9.424011e-01 -1.071601e-01 3.165293e+00 5.275514e-01 2.690019e-01 8.058086e-01 1.027472e+01
8.554901e-01 -1.133281e-01 5.052658e-01 3.445720e+00 -8.118027e-02 9.343388e-01 3.470170e-01 3.233214e+00 -5.114163e-01 -3.378873e-01 7.901175e-01 1.049064e+01
8.376754e-01 -1.426609e-01 -5.272074e-01 3.497689e+00 -4.208533e-02 9.455539e-01 -3.227331e-01 3.227521e+00 5.445445e-01 2.925333e-01 7.860633e-01 1.048891e+01
8.253178e-01 9.250899e-02 5.570393e-01 3.503181e+00 -3.333036e-01 8.761139e-01 3.483291e-01 3.223056e+00 -4.558063e-01 -4.731454e-01 7.539059e-01 1.059627e+01
7.320954e-01 -2.945652e-01 -6.142212e-01 3.552605e+00 -9.028146e-02 8.517624e-01 -5.160911e-01 3.310868e+00 6.751930e-01 4.332807e-01 5.969775e-01 1.071054e+01
8.381412e-01 1.690292e-02 5.451914e-01 3.507895e+00 -3.444691e-01 7.913833e-01 5.050282e-01 3.437138e+00 -4.229190e-01 -6.110866e-01 6.691135e-01 1.095025e+01
8.596341e-01 -3.741855e-01 -3.478713e-01 3.556384e+00 5.946417e-02 7.495349e-01 -6.592885e-01 3.432691e+00 5.074379e-01 5.460611e-01 6.665764e-01 1.096141e+01
8.375980e-01 5.830663e-02 5.431666e-01 3.600702e+00 -3.821562e-01 7.730391e-01 5.063272e-01 3.432726e+00 -3.903668e-01 -6.316732e-01 6.697782e-01 1.098565e+01
8.350469e-01 -4.218571e-01 -3.531759e-01 3.648600e+00 8.122778e-02 7.294256e-01 -6.792203e-01 3.439023e+00 5.441495e-01 5.384932e-01 6.433711e-01 1.100032e+01
9.288412e-01 2.019517e-01 3.105954e-01 3.722563e+00 -3.613185e-01 6.790722e-01 6.389913e-01 3.587086e+00 -8.187140e-02 -7.057454e-01 7.037192e-01 1.126671e+01
9.832644e-01 -2.368431e-02 -1.806380e-01 3.155398e+00 -8.993476e-02 7.991806e-01 -5.943247e-01 3.794249e+00 1.584386e-01 6.006241e-01 7.836759e-01 1.216904e+01
9.963648e-01 3.625556e-02 -7.708884e-02 3.197835e+00 1.338579e-02 8.270451e-01 5.619762e-01 3.889047e+00 8.413068e-02 -5.609653e-01 8.235533e-01 1.238477e+01
9.728217e-01 1.560693e-01 -1.710567e-01 3.271990e+00 -2.240339e-01 8.211427e-01 -5.249127e-01 4.058936e+00 5.853920e-02 5.489690e-01 8.337902e-01 1.265558e+01
9.950938e-01 7.977960e-02 -5.851161e-02 2.971694e+00 -2.005743e-02 7.418005e-01 6.703206e-01 4.214554e+00 9.688188e-02 -6.658584e-01 7.397612e-01 1.321913e+01
9.688717e-01 1.766326e-01 -1.734602e-01 2.916949e+00 -2.470423e-01 7.352488e-01 -6.311728e-01 4.602305e+00 1.605070e-02 6.543776e-01 7.559975e-01 1.429904e+01
9.902002e-01 9.834602e-02 -9.915441e-02 1.656610e+00 9.335476e-03 6.617943e-01 7.496274e-01 5.090595e+00 1.393428e-01 -7.432069e-01 6.543907e-01 1.634131e+01
9.668343e-01 1.960162e-01 1.637345e-01 1.595227e+00 -1.479666e-02 6.829916e-01 -7.302762e-01 5.109453e+00 -2.549753e-01 7.036335e-01 6.632402e-01 1.643689e+01
9.791083e-01 -2.811241e-02 -2.013869e-01 1.656623e+00 1.628043e-01 7.017563e-01 6.935654e-01 5.110231e+00 1.218268e-01 -7.118623e-01 6.916722e-01 1.644974e+01
9.737302e-01 2.059003e-01 9.723410e-02 1.718666e+00 -7.143618e-02 6.816901e-01 -7.281451e-01 5.114300e+00 -2.162088e-01 7.020709e-01 6.784911e-01 1.646373e+01
8.771444e-01 1.050507e-01 -4.685959e-01 1.805724e+00 2.645024e-01 7.087481e-01 6.539990e-01 5.381154e+00 4.008196e-01 -6.975963e-01 5.938882e-01 1.686894e+01
7.839952e-01 4.625857e-01 4.139636e-01 1.025623e+00 -1.733325e-01 8.034632e-01 -5.695635e-01 5.689486e+00 -5.960766e-01 3.747818e-01 7.100925e-01 1.804284e+01
7.774594e-01 -1.747881e-01 -6.041573e-01 1.051426e+00 4.751564e-01 7.925811e-01 3.821540e-01 5.694474e+00 4.120477e-01 -5.841785e-01 6.992513e-01 1.804883e+01
8.073968e-01 4.785058e-01 3.451703e-01 1.100740e+00 -2.033245e-01 7.748461e-01 -5.985587e-01 5.694841e+00 -5.538677e-01 4.130929e-01 7.229003e-01 1.805285e+01
6.791032e-01 -1.671652e-01 -7.147550e-01 1.117031e+00 4.727459e-01 8.445002e-01 2.516558e-01 5.708121e+00 5.615428e-01 -5.087978e-01 6.525294e-01 1.818944e+01
5.511478e-01 5.460406e-01 6.309324e-01 1.163332e+00 -4.727080e-01 8.274282e-01 -3.031662e-01 5.767325e+00 -6.875923e-01 -1.311574e-01 7.141530e-01 1.830134e+01
3.922593e-01 -3.037392e-01 -8.682599e-01 1.361652e+00 2.610679e-01 9.418567e-01 -2.115409e-01 5.857442e+00 8.820296e-01 -1.436959e-01 4.487485e-01 1.862501e+01
5.408715e-01 1.388118e-01 8.295717e-01 6.911718e-01 -5.437232e-01 8.102066e-01 2.189301e-01 6.261125e+00 -6.417343e-01 -5.694705e-01 5.136929e-01 1.968933e+01
6.264248e-01 -1.986846e-01 -7.537351e-01 2.824755e-01 -2.110927e-01 8.875950e-01 -4.094080e-01 6.457801e+00 7.503546e-01 4.155713e-01 5.140706e-01 2.019478e+01
7.379567e-01 -1.837212e-01 6.493583e-01 3.542969e-01 -2.421641e-01 8.260507e-01 5.089172e-01 6.477535e+00 -6.299018e-01 -5.328102e-01 5.650991e-01 2.029588e+01
7.127096e-01 -2.028426e-01 -6.714910e-01 4.271603e-01 -2.152821e-01 8.478267e-01 -4.846066e-01 6.481617e+00 6.676068e-01 4.899437e-01 5.605857e-01 2.035422e+01
7.419380e-01 -2.352664e-01 6.278356e-01 4.864442e-01 -1.502879e-01 8.542280e-01 4.977027e-01 6.482356e+00 -6.534075e-01 -4.636207e-01 5.984267e-01 2.038436e+01
7.036655e-01 -1.520556e-01 -6.940707e-01 5.239164e-01 -2.688870e-01 8.471991e-01 -4.582068e-01 6.486176e+00 6.576889e-01 5.090509e-01 5.552590e-01 2.044571e+01
8.902382e-01 -1.674042e-01 4.236172e-01 6.245030e-01 -1.176635e-01 8.139322e-01 5.689198e-01 6.832179e+00 -4.400352e-01 -5.563185e-01 7.048962e-01 2.111849e+01
8.386988e-01 2.578550e-01 -4.796826e-01 9.471918e-02 -4.722925e-01 7.829366e-01 -4.049074e-01 7.031532e+00 2.711536e-01 5.661458e-01 7.784309e-01 2.189442e+01
9.330285e-01 -3.597963e-01 -2.089533e-03 1.909288e-01 3.090993e-01 7.985609e-01 5.164863e-01 7.297723e+00 -1.841611e-01 -4.825423e-01 8.562929e-01 2.231558e+01
7.572045e-01 6.344618e-01 -1.552406e-01 -3.589836e-01 -6.436107e-01 6.842053e-01 -3.429699e-01 7.522874e+00 -1.113849e-01 3.596128e-01 9.264297e-01 2.311182e+01
7.152931e-01 -6.783460e-01 -1.679358e-01 -3.036045e-01 6.882866e-01 6.422863e-01 3.372386e-01 7.518420e+00 -1.209015e-01 -3.568124e-01 9.263194e-01 2.315367e+01
6.830484e-01 6.978715e-01 -2.154541e-01 -2.449342e-01 -7.274553e-01 6.237030e-01 -2.860129e-01 7.527693e+00 -6.522091e-02 3.520937e-01 9.336896e-01 2.319977e+01
6.796835e-01 -7.263058e-01 -1.025191e-01 -1.805123e-01 7.123554e-01 6.202855e-01 3.283225e-01 7.523885e+00 -1.748714e-01 -2.961854e-01 9.389857e-01 2.323510e+01
6.708383e-01 7.071415e-01 -2.234434e-01 -1.488450e-01 -7.375396e-01 6.046593e-01 -3.007032e-01 7.525098e+00 -7.753264e-02 3.665215e-01 9.271735e-01 2.325918e+01
6.572591e-01 -7.478372e-01 -9.354111e-02 -1.258662e-01 7.241356e-01 5.922228e-01 3.534116e-01 7.523636e+00 -2.088971e-01 -3.000194e-01 9.307794e-01 2.329319e+01
6.249551e-01 7.430799e-01 -2.392981e-01 -6.879810e-02 -7.802344e-01 5.844159e-01 -2.229177e-01 7.527341e+00 -2.579606e-02 3.260220e-01 9.450102e-01 2.333734e+01
6.308588e-01 -7.696371e-01 -9.836598e-02 -1.284907e-02 7.631966e-01 5.926803e-01 2.574120e-01 7.524864e+00 -1.398142e-01 -2.374632e-01 9.612820e-01 2.339816e+01
6.276285e-01 7.493736e-01 -2.110021e-01 3.706923e-02 -7.784187e-01 6.082820e-01 -1.551042e-01 7.525334e+00 1.211774e-02 2.615957e-01 9.651015e-01 2.345517e+01
5.922519e-01 -8.056349e-01 -1.378625e-02 7.395823e-02 7.874295e-01 5.750709e-01 2.219193e-01 7.526317e+00 -1.708578e-01 -1.422878e-01 9.749675e-01 2.349721e+01
6.021422e-01 7.779419e-01 -1.795308e-01 1.137479e-01 -7.977470e-01 5.952643e-01 -9.622942e-02 7.527115e+00 3.200732e-02 2.011638e-01 9.790346e-01 2.352624e+01
6.194677e-01 -7.840564e-01 -3.892650e-02 1.080495e-01 7.748450e-01 6.027261e-01 1.906211e-01 7.536456e+00 -1.259956e-01 -1.482456e-01 9.808916e-01 2.357307e+01
4.943691e-01 8.489396e-01 -1.868177e-01 1.318889e-01 -8.686813e-01 4.902872e-01 -7.079110e-02 7.549074e+00 3.149693e-02 1.972819e-01 9.798407e-01 2.365661e+01
6.149593e-01 -7.729952e-01 -1.558957e-01 1.970846e-01 7.803283e-01 6.250189e-01 -2.095335e-02 8.061940e+00 1.136347e-01 -1.087643e-01 9.875512e-01 2.452535e+01
3.150687e-01 9.234401e-01 2.190665e-01 -9.058374e-01 -9.484886e-01 3.144437e-01 3.866043e-02 8.547776e+00 -3.318344e-02 -2.199628e-01 9.749438e-01 2.617012e+01
4.075927e-01 -8.960442e-01 -1.759916e-01 -9.189953e-01 8.546446e-01 4.422038e-01 -2.720998e-01 8.593512e+00 3.216377e-01 -3.950426e-02 9.460383e-01 2.627372e+01
4.448691e-01 8.351700e-01 3.233923e-01 -8.191885e-01 -8.861936e-01 4.626837e-01 2.418295e-02 8.608416e+00 -1.294314e-01 -2.973465e-01 9.459560e-01 2.639171e+01
3.783317e-01 -9.105884e-01 -1.664150e-01 -7.686901e-01 8.395656e-01 4.132662e-01 -3.526195e-01 8.606641e+00 3.898650e-01 -6.309111e-03 9.208504e-01 2.642729e+01
4.463792e-01 8.052454e-01 3.902890e-01 -7.230497e-01 -8.920361e-01 4.349484e-01 1.228480e-01 8.609872e+00 -7.083272e-02 -4.029888e-01 9.124598e-01 2.648313e+01
4.609707e-01 -8.586804e-01 -2.239957e-01 -6.870170e-01 7.287988e-01 5.103338e-01 -4.565211e-01 8.618230e+00 5.063184e-01 4.719510e-02 8.610542e-01 2.657066e+01
4.499384e-01 7.921126e-01 4.124476e-01 -6.133289e-01 -8.865467e-01 3.404943e-01 3.132072e-01 9.270178e+00 1.076594e-01 -5.065780e-01 8.554462e-01 2.749536e+01
7.003341e-01 -7.032165e-01 -1.225501e-01 -2.189596e+00 5.683569e-01 6.532121e-01 -5.002841e-01 1.002662e+01 4.318593e-01 2.807139e-01 8.571448e-01 2.966318e+01
5.184137e-01 7.028940e-01 4.870187e-01 -2.789149e+00 -8.477814e-01 3.479563e-01 4.002415e-01 1.033144e+01 1.118663e-01 -6.203761e-01 7.762857e-01 3.045835e+01
6.742187e-01 -7.385316e-01 4.335433e-04 -2.820407e+00 5.812683e-01 5.302878e-01 -6.171887e-01 1.034737e+01 4.555835e-01 4.163723e-01 7.868150e-01 3.057219e+01
6.040534e-01 6.348069e-01 4.818087e-01 -2.939675e+00 -7.814926e-01 3.533591e-01 5.142050e-01 1.043243e+01 1.561695e-01 -6.871372e-01 7.095446e-01 3.078977e+01
7.221269e-01 -6.880856e-01 7.120929e-02 -2.922769e+00 5.427701e-01 4.997664e-01 -6.750067e-01 1.065159e+01 4.288744e-01 5.260909e-01 7.343672e-01 3.107353e+01
7.009051e-01 5.736461e-01 4.238659e-01 -2.835425e+00 -6.765434e-01 3.465015e-01 6.497890e-01 1.069861e+01 2.258788e-01 -7.422041e-01 6.309611e-01 3.126310e+01
7.776182e-01 -6.285372e-01 -1.583149e-02 -2.805953e+00 3.015347e-01 3.949134e-01 -8.678250e-01 1.088615e+01 5.517124e-01 6.700628e-01 4.966178e-01 3.149216e+01
8.327149e-01 3.657944e-01 4.156686e-01 -2.737457e+00 -5.224811e-01 2.705809e-01 8.085787e-01 1.090794e+01 1.833016e-01 -8.904945e-01 4.164374e-01 3.159596e+01
9.061233e-01 -4.228305e-01 -1.244037e-02 -2.675182e+00 1.588770e-01 3.674337e-01 -9.163790e-01 1.093728e+01 3.920441e-01 8.283760e-01 4.001183e-01 3.168472e+01
9.113962e-01 2.543746e-01 3.234974e-01 -2.650915e+00 -3.967814e-01 3.345998e-01 8.547559e-01 1.095555e+01 1.091860e-01 -9.073790e-01 4.058840e-01 3.175852e+01
9.530470e-01 -2.950367e-01 6.822407e-02 -2.643035e+00 1.715573e-01 3.403951e-01 -9.244995e-01 1.096913e+01 2.495382e-01 8.927958e-01 3.750283e-01 3.183510e+01
9.684361e-01 2.174649e-01 1.218224e-01 -2.666287e+00 -1.527858e-01 1.317241e-01 9.794413e-01 1.099966e+01 1.969471e-01 -9.671390e-01 1.607919e-01 3.200652e+01
