9.986774e-01 -1.364962e-02 -4.956921e-02 5.475216e-02 1.526138e-02 9.993622e-01 3.228370e-02 -6.606430e-04 4.909694e-02 -3.299750e-02 9.982489e-01 3.521700e-02
9.997405e-01 6.513792e-04 -2.277049e-02 9.413601e-02 -1.786268e-03 9.987548e-01 -4.985561e-02 3.930330e-04 2.270965e-02 4.988335e-02 9.984967e-01 6.541873e-02
9.998524e-01 1.113196e-02 -1.308502e-02 1.234764e-01 -1.022029e-02 9.976475e-01 6.778623e-02 4.887771e-03 1.380885e-02 -6.764250e-02 9.976142e-01 1.065233e-01
9.983724e-01 -3.370249e-02 -4.600674e-02 1.593703e-01 2.941607e-02 9.954290e-01 -9.086140e-02 3.076360e-03 4.885868e-02 8.936019e-02 9.948002e-01 1.291158e-01
9.997285e-01 1.501574e-02 -1.781577e-02 1.974260e-01 -1.289197e-02 9.934139e-01 1.138532e-01 5.024381e-03 1.940805e-02 -1.135926e-01 9.933379e-01 1.575432e-01
9.967536e-01 6.658254e-02 -4.526630e-02 2.409822e-01 -6.845654e-02 9.968034e-01 -4.119192e-02 1.520093e-02 4.237891e-02 4.415698e-02 9.981252e-01 2.121141e-01
9.949261e-01 -7.879072e-02 -6.256203e-02 2.783536e-01 8.213352e-02 9.952224e-01 5.278753e-02 1.813571e-02 5.810401e-02 -5.765814e-02 9.966442e-01 2.355344e-01
9.984803e-01 5.386957e-02 1.162732e-02 3.133917e-01 -5.278822e-02 9.954794e-01 -7.895627e-02 1.665229e-02 -1.582815e-02 7.822250e-02 9.968102e-01 2.607638e-01
9.982621e-01 -5.438720e-02 -2.268949e-02 3.421395e-01 5.657484e-02 9.922456e-01 1.106708e-01 1.458205e-02 1.649452e-02 -1.117621e-01 9.935982e-01 2.699555e-01
9.986367e-01 1.556724e-03 -5.217629e-02 3.880749e-01 -7.846402e-03 9.926750e-01 -1.205603e-01 1.537669e-02 5.160637e-02 1.208054e-01 9.913338e-01 2.854151e-01
9.977085e-01 -4.898312e-02 4.667351e-02 4.357821e-01 4.229473e-02 9.899636e-01 1.348452e-01 9.024668e-03 -5.281016e-02 -1.325622e-01 9.897669e-01 2.946918e-01
9.964470e-01 3.281313e-02 -7.756714e-02 4.759624e-01 -4.239088e-02 9.912192e-01 -1.252498e-01 4.088491e-03 7.277614e-02 1.280930e-01 9.890883e-01 3.074657e-01
9.980140e-01 -5.617197e-02 2.851113e-02 5.151206e-01 5.143840e-02 9.879623e-01 1.458922e-01 6.598681e-03 -3.636292e-02 -1.441359e-01 9.888897e-01 3.274927e-01
9.964449e-01 5.531569e-02 -6.354378e-02 5.487277e-01 -6.265110e-02 9.908023e-01 -1.199403e-01 1.043873e-02 5.632468e-02 1.234950e-01 9.907453e-01 3.606538e-01
9.989416e-01 -4.599735e-02 7.923798e-05 5.800745e-01 4.544303e-02 9.871669e-01 1.530894e-01 1.250253e-02 -7.119861e-03 -1.529238e-01 9.882124e-01 3.930839e-01
9.989193e-01 4.302363e-02 -1.758609e-02 6.152846e-01 -4.461179e-02 9.936766e-01 -1.030369e-01 1.470741e-02 1.304180e-02 1.037101e-01 9.945220e-01 3.996212e-01
9.959707e-01 -8.942809e-02 -6.709240e-03 6.531222e-01 8.967837e-02 9.935265e-01 6.973451e-02 1.128620e-02 4.296506e-04 -7.005523e-02 9.975431e-01 4.044521e-01
9.993444e-01 3.618185e-02 -1.256711e-03 6.803393e-01 -3.601921e-02 9.901545e-01 -1.352654e-01 6.710544e-03 -3.649881e-03 1.352220e-01 9.908085e-01 4.067333e-01
9.935026e-01 -1.133110e-01 1.063842e-02 7.155414e-01 1.127698e-01 9.927229e-01 4.223969e-02 3.570661e-03 -1.534716e-02 -4.076557e-02 9.990510e-01 4.128075e-01
9.933137e-01 1.014972e-01 -5.501114e-02 7.489836e-01 -1.035306e-01 9.939940e-01 -3.546011e-02 5.272198e-03 5.108157e-02 4.091836e-02 9.978558e-01 4.401106e-01
9.768196e-01 3.790253e-02 -2.106820e-01 8.171507e-01 -1.618508e-02 9.944596e-01 1.038657e-01 1.925103e-01 2.134516e-01 -9.804817e-02 9.720212e-01 6.740227e-01
9.542102e-01 1.977810e-01 2.244227e-01 8.004064e-01 -1.846939e-01 9.796882e-01 -7.809784e-02 1.906373e-01 -2.353107e-01 3.307225e-02 9.713573e-01 7.921331e-01
9.440719e-01 -2.364523e-01 -2.298230e-01 8.370936e-01 2.405285e-01 9.705849e-01 -1.053338e-02 1.849005e-01 2.255534e-01 -4.533473e-02 9.731755e-01 7.902077e-01
9.605433e-01 1.855663e-01 2.071752e-01 8.785396e-01 -1.905146e-01 9.816762e-01 4.013417e-03 1.882154e-01 -2.026343e-01 -4.332495e-02 9.782955e-01 8.139403e-01
9.384154e-01 -2.074604e-01 -2.762909e-01 9.284523e-01 2.164744e-01 9.762859e-01 2.179899e-03 1.891770e-01 2.692868e-01 -6.185560e-02 9.610716e-01 8.629992e-01
9.360377e-01 3.237752e-01 1.378513e-01 9.793943e-01 -3.221977e-01 9.460532e-01 -3.423504e-02 2.182347e-01 -1.414992e-01 -1.237010e-02 9.898610e-01 9.592197e-01
9.304875e-01 -3.212420e-01 -1.760584e-01 1.020860e+00 3.267842e-01 9.450953e-01 2.637005e-03 2.171913e-01 1.655450e-01 -5.998684e-02 9.843762e-01 9.732772e-01
9.355261e-01 3.267939e-01 1.341512e-01 1.073689e+00 -3.330083e-01 9.425597e-01 2.620368e-02 2.169278e-01 -1.178824e-01 -6.918771e-02 9.906143e-01 1.011414e+00
9.270526e-01 -3.316765e-01 -1.748262e-01 1.114242e+00 3.246107e-01 9.433695e-01 -6.842354e-02 2.156346e-01 1.876203e-01 6.681719e-03 9.822190e-01 1.035551e+00
9.390124e-01 3.150317e-01 1.378792e-01 1.160879e+00 -3.291696e-01 9.394513e-01 9.528169e-02 2.123493e-01 -9.951413e-02 -1.348563e-01 9.858553e-01 1.059164e+00
9.297187e-01 -3.487582e-01 -1.182833e-01 1.196221e+00 3.339539e-01 9.338025e-01 -1.284042e-01 2.124787e-01 1.552353e-01 7.987855e-02 9.846428e-01 1.087674e+00
9.329937e-01 3.344634e-01 1.328789e-01 1.235625e+00 -3.500205e-01 9.291714e-01 1.188534e-01 2.097951e-01 -8.371524e-02 -1.573998e-01 9.839802e-01 1.104431e+00
9.229663e-01 -3.560727e-01 -1.461013e-01 1.275895e+00 3.361917e-01 9.306646e-01 -1.443557e-01 2.108020e-01 1.873726e-01 8.411737e-02 9.786807e-01 1.122031e+00
9.335676e-01 3.239226e-01 1.533809e-01 1.317372e+00 -3.436735e-01 9.305050e-01 1.266842e-01 2.100749e-01 -1.016859e-01 -1.709813e-01 9.800129e-01 1.142608e+00
9.443878e-01 -2.950589e-01 -1.451621e-01 1.354514e+00 2.748670e-01 9.506300e-01 -1.440515e-01 2.169536e-01 1.804992e-01 9.614015e-02 9.788653e-01 1.175419e+00
9.487640e-01 2.884332e-01 1.290462e-01 1.403218e+00 -3.011926e-01 9.489869e-01 9.331027e-02 2.172970e-01 -9.554951e-02 -1.273972e-01 9.872387e-01 1.191847e+00
9.428497e-01 -3.085042e-01 -1.259357e-01 1.444706e+00 2.956490e-01 9.488365e-01 -1.109094e-01 2.136656e-01 1.537085e-01 6.733812e-02 9.858191e-01 1.203638e+00
9.355405e-01 3.309098e-01 1.235419e-01 1.480973e+00 -3.459369e-01 9.290373e-01 1.312145e-01 2.233456e-01 -7.135493e-02 -1.654942e-01 9.836260e-01 1.220030e+00
9.137465e-01 -2.339173e-01 -3.321900e-01 1.543693e+00 1.806067e-01 9.662633e-01 -1.836205e-01 4.079023e-01 3.639351e-01 1.077868e-01 9.251667e-01 1.542454e+00
9.213034e-01 2.010650e-01 3.328255e-01 1.594779e+00 -2.276105e-01 9.728307e-01 4.235302e-02 4.110699e-01 -3.152673e-01 -1.147746e-01 9.420368e-01 1.569984e+00
9.263217e-01 -2.135533e-01 -3.103597e-01 1.641008e+00 1.780948e-01 9.741803e-01 -1.387625e-01 4.120258e-01 3.319796e-01 7.326528e-02 9.404370e-01 1.598470e+00
9.277728e-01 2.297155e-01 2.940549e-01 1.672808e+00 -2.516914e-01 9.670349e-01 3.866470e-02 4.194277e-01 -2.754795e-01 -1.098832e-01 9.550061e-01 1.632099e+00
8.267812e-01 -1.091951e-01 -5.518237e-01 1.772500e+00 5.013572e-02 9.913786e-01 -1.210576e-01 8.034168e-01 5.602851e-01 7.242206e-02 8.251277e-01 2.216861e+00
8.827981e-01 1.708133e-01 4.375960e-01 8.282052e-01 -3.060631e-01 9.158320e-01 2.599559e-01 1.289234e+00 -3.563605e-01 -3.634206e-01 8.607744e-01 3.820260e+00
8.938341e-01 4.796627e-02 -4.458250e-01 1.367714e-01 -1.555283e-01 9.657022e-01 -2.079188e-01 1.533098e+00 4.205611e-01 2.551833e-01 8.706376e-01 4.928623e+00
9.896969e-01 -2.302353e-02 1.413142e-01 2.283125e-01 -1.724923e-02 9.606244e-01 2.773142e-01 1.807463e+00 -1.421346e-01 -2.768946e-01 9.503300e-01 5.362829e+00
9.265487e-01 3.376919e-01 -1.657465e-01 -2.254563e-01 -3.609361e-01 9.222055e-01 -1.387880e-01 1.962455e+00 1.059848e-01 1.884178e-01 9.763534e-01 6.072286e+00
9.947061e-01 1.015422e-01 1.577424e-02 -3.358041e-01 -1.016936e-01 9.506531e-01 2.931162e-01 2.819112e+00 1.476783e-02 -2.931686e-01 9.559467e-01 6.472065e+00
9.828348e-01 2.403631e-02 -1.829155e-01 -1.292222e+00 -4.422839e-02 9.932613e-01 -1.071257e-01 3.771261e+00 1.791080e-01 1.133770e-01 9.772748e-01 7.365948e+00
9.822580e-01 -9.054362e-02 1.642282e-01 -1.242941e+00 7.041182e-02 9.897155e-01 1.245203e-01 3.768135e+00 -1.738137e-01 -1.107475e-01 9.785314e-01 7.374903e+00
9.750716e-01 3.852398e-02 -2.185208e-01 -1.188269e+00 -5.984623e-02 9.939765e-01 -9.181057e-02 3.762833e+00 2.136676e-01 1.025995e-01 9.715037e-01 7.387436e+00
9.800019e-01 -8.697343e-02 1.789745e-01 -1.141264e+00 6.867753e-02 9.919908e-01 1.060075e-01 3.757837e+00 -1.867609e-01 -9.159598e-02 9.781260e-01 7.396451e+00
9.815155e-01 1.543383e-02 -1.907598e-01 -1.091436e+00 -3.625804e-02 9.936876e-01 -1.061624e-01 3.750568e+00 1.879171e-01 1.111166e-01 9.758792e-01 7.403557e+00
9.722921e-01 -9.490559e-02 2.136370e-01 -1.047254e+00 8.337887e-02 9.945652e-01 6.235380e-02 3.743124e+00 -2.183937e-01 -4.281329e-02 9.749211e-01 7.401918e+00
9.780371e-01 -3.032112e-02 -2.062141e-01 -1.001580e+00 7.531494e-03 9.938572e-01 -1.104137e-01 3.735294e+00 2.082953e-01 1.064356e-01 9.722575e-01 7.402656e+00
9.695733e-01 -5.269174e-02 2.390628e-01 -9.622996e-01 4.150989e-02 9.978061e-01 5.157296e-02 3.726201e+00 -2.412558e-01 -4.008028e-02 9.696335e-01 7.399130e+00
9.815327e-01 -5.497775e-02 -1.832242e-01 -9.147898e-01 3.090016e-02 9.907993e-01 -1.317647e-01 3.717842e+00 1.887826e-01 1.236697e-01 9.742007e-01 7.385119e+00
9.772601e-01 -4.339876e-03 2.119993e-01 -8.752527e-01 -8.742294e-03 9.981158e-01 6.073188e-02 3.710931e+00 -2.118634e-01 -6.120420e-02 9.753809e-01 7.377420e+00
9.818202e-01 -6.321721e-02 -1.789774e-01 -8.378107e-01 3.974087e-02 9.904739e-01 -1.318417e-01 3.702414e+00 1.856071e-01 1.223321e-01 9.749794e-01 7.363987e+00
9.731536e-01 -1.837790e-02 2.294212e-01 -7.942038e-01 -3.611151e-03 9.954650e-01 9.505961e-02 3.695761e+00 -2.301278e-01 -9.333608e-02 9.686741e-01 7.355764e+00
9.797476e-01 -9.265148e-02 -1.775120e-01 -7.522276e-01 6.247017e-02 9.836958e-01 -1.686418e-01 3.687539e+00 1.902427e-01 1.541372e-01 9.695615e-01 7.340789e+00
9.485750e-01 2.606233e-01 1.796684e-01 -8.427241e-01 -3.028981e-01 9.121914e-01 2.759704e-01 3.722933e+00 -9.196760e-02 -3.161999e-01 9.442243e-01 7.486927e+00
9.680197e-01 -2.508621e-01 2.492743e-03 -8.133431e-01 2.389872e-01 9.190836e-01 -3.133218e-01 3.711899e+00 7.630953e-02 3.038973e-01 9.496438e-01 7.477959e+00
9.279770e-01 3.725730e-01 6.912625e-03 -7.931910e-01 -3.547193e-01 8.775209e-01 3.226939e-01 3.735300e+00 1.141611e-01 -3.019046e-01 9.464781e-01 7.502685e+00
9.073395e-01 -3.905914e-01 1.554785e-01 -7.497723e-01 4.203136e-01 8.502865e-01 -3.167798e-01 3.730195e+00 -8.469754e-03 3.527765e-01 9.356693e-01 7.492501e+00
9.135168e-01 4.067454e-01 -6.714868e-03 -6.991569e-01 -3.778195e-01 8.544390e-01 3.566321e-01 3.726613e+00 1.507959e-01 -3.232524e-01 9.342208e-01 7.486189e+00
9.004630e-01 -3.946842e-01 1.827318e-01 -6.568528e-01 4.337611e-01 8.457527e-01 -3.107312e-01 3.721828e+00 -3.190517e-02 3.590638e-01 9.327675e-01 7.476566e+00
7.324390e-01 6.808222e-01 3.761672e-03 -8.828207e-01 -6.019536e-01 6.449898e-01 4.707866e-01 3.801518e+00 3.180957e-01 -3.470868e-01 8.822391e-01 7.755204e+00
8.517574e-01 -4.803345e-01 2.092559e-01 -8.551325e-01 5.232219e-01 7.589581e-01 -3.875843e-01 3.847840e+00 2.735368e-02 4.396150e-01 8.977697e-01 7.827088e+00
8.782628e-01 4.773424e-01 2.825796e-02 -8.064252e-01 -4.415733e-01 7.869377e-01 4.309780e-01 3.841535e+00 1.834868e-01 -3.909899e-01 9.019199e-01 7.828959e+00
8.477270e-01 -4.737952e-01 2.384891e-01 -7.595917e-01 5.303052e-01 7.471656e-01 -4.006495e-01 3.833997e+00 1.163499e-02 4.661134e-01 8.846485e-01 7.822614e+00
8.697468e-01 4.927926e-01 2.637735e-02 -7.126519e-01 -4.596917e-01 7.895655e-01 4.065339e-01 3.829329e+00 1.795102e-01 -3.657070e-01 9.132549e-01 7.812664e+00
8.652958e-01 -4.498569e-01 2.211153e-01 -6.632571e-01 5.012515e-01 7.737336e-01 -3.874059e-01 3.824479e+00 3.192924e-03 4.460551e-01 8.949998e-01 7.802325e+00
7.777075e-01 6.127130e-01 -1.405479e-01 -5.711319e-01 -4.942962e-01 7.341743e-01 4.654668e-01 3.853058e+00 3.883842e-01 -2.925248e-01 8.738346e-01 7.873179e+00
7.985930e-01 -5.140418e-01 3.130659e-01 -5.123787e-01 5.980948e-01 7.359558e-01 -3.172566e-01 3.849759e+00 -6.731953e-02 4.406020e-01 8.951748e-01 7.880670e+00
8.337541e-01 5.471635e-01 -7.393240e-02 -4.676183e-01 -4.867690e-01 7.916262e-01 3.693019e-01 3.846366e+00 2.605954e-01 -2.719190e-01 9.263639e-01 7.870273e+00
7.671401e-01 -5.328642e-01 3.571441e-01 -4.196033e-01 6.326812e-01 7.204030e-01 -2.841375e-01 3.834098e+00 -1.058810e-01 4.439315e-01 8.897831e-01 7.851480e+00
8.163612e-01 5.672416e-01 -1.085874e-01 -3.664764e-01 -5.042084e-01 7.916844e-01 3.449778e-01 3.827567e+00 2.816528e-01 -2.268758e-01 9.323085e-01 7.833645e+00
7.802221e-01 -5.205133e-01 3.468710e-01 -3.187335e-01 6.073649e-01 7.630113e-01 -2.211826e-01 3.823769e+00 -1.495380e-01 3.832488e-01 9.114597e-01 7.822398e+00
8.063999e-01 5.782574e-01 -1.238439e-01 -2.714675e-01 -5.063295e-01 7.833233e-01 3.606037e-01 3.818507e+00 3.055316e-01 -2.280850e-01 9.244607e-01 7.804102e+00
7.765441e-01 -5.352400e-01 3.324117e-01 -2.274885e-01 6.174194e-01 7.516010e-01 -2.321409e-01 3.811940e+00 -1.255898e-01 3.855050e-01 9.141188e-01 7.786660e+00
7.957972e-01 5.928043e-01 -1.236515e-01 -1.787922e-01 -5.201364e-01 7.736982e-01 3.617310e-01 3.805550e+00 3.101046e-01 -2.235489e-01 9.240460e-01 7.768585e+00
7.566265e-01 -5.434420e-01 3.635756e-01 -1.335909e-01 6.386838e-01 7.333416e-01 -2.330091e-01 3.796682e+00 -1.399981e-01 4.085107e-01 9.019532e-01 7.750121e+00
8.068231e-01 5.735462e-01 -1.417079e-01 -9.105552e-02 -5.051307e-01 7.940958e-01 3.380160e-01 3.788813e+00 3.063974e-01 -2.011382e-01 9.304107e-01 7.736900e+00
7.521271e-01 -5.346649e-01 3.852770e-01 -4.920848e-02 6.377130e-01 7.379282e-01 -2.208717e-01 3.779661e+00 -1.662144e-01 4.118197e-01 8.959784e-01 7.721972e+00
8.139228e-01 5.581238e-01 -1.613298e-01 -5.709440e-03 -4.929321e-01 8.103906e-01 3.166783e-01 3.771814e+00 3.074858e-01 -1.782271e-01 9.347126e-01 7.709951e+00
7.417948e-01 -5.213185e-01 4.218620e-01 3.635395e-02 6.362017e-01 7.459966e-01 -1.968159e-01 3.762729e+00 -2.121039e-01 4.143863e-01 8.850401e-01 7.691509e+00
7.970404e-01 5.626216e-01 -2.195071e-01 8.384358e-02 -4.875025e-01 8.139210e-01 3.160283e-01 3.754686e+00 3.564658e-01 -1.448771e-01 9.230075e-01 7.670911e+00
7.710015e-01 -5.053647e-01 3.875092e-01 1.270958e-01 5.898471e-01 7.960870e-01 -1.353737e-01 3.748784e+00 -2.400779e-01 3.329445e-01 9.118720e-01 7.648305e+00
7.791116e-01 5.776873e-01 -2.434386e-01 1.690191e-01 -4.765826e-01 7.981030e-01 3.686471e-01 3.745083e+00 4.072518e-01 -1.711986e-01 8.971271e-01 7.633205e+00
7.406907e-01 -4.913667e-01 4.581879e-01 2.098320e-01 6.170253e-01 7.673394e-01 -1.745569e-01 3.740183e+00 -2.658142e-01 4.120062e-01 8.715467e-01 7.615291e+00
7.011928e-01 6.389365e-01 -3.163679e-01 2.529516e-01 -5.151760e-01 7.608007e-01 3.946848e-01 3.740870e+00 4.928714e-01 -1.137650e-01 8.626327e-01 7.625803e+00
8.324367e-01 -4.398395e-01 3.370318e-01 3.177130e-01 5.278794e-01 8.144205e-01 -2.409620e-01 3.861357e+00 -1.685010e-01 3.784978e-01 9.101356e-01 7.743127e+00
7.753850e-01 6.193856e-01 -1.230422e-01 2.840213e-01 -5.615612e-01 7.654282e-01 3.142750e-01 3.871029e+00 2.888374e-01 -1.745884e-01 9.413245e-01 7.785334e+00
7.348094e-01 -5.658269e-01 3.740256e-01 3.318622e-01 6.600062e-01 7.235981e-01 -2.019846e-01 3.868998e+00 -1.563559e-01 3.952794e-01 9.051558e-01 7.770415e+00
7.817580e-01 5.998070e-01 -1.705456e-01 3.766451e-01 -5.398566e-01 7.878759e-01 2.963214e-01 3.862877e+00 3.121045e-01 -1.395815e-01 9.397382e-01 7.752518e+00
7.390330e-01 -5.641862e-01 3.681362e-01 4.180345e-01 6.494130e-01 7.419603e-01 -1.666064e-01 3.853641e+00 -1.791454e-01 3.622000e-01 9.147229e-01 7.731525e+00
7.816933e-01 6.005174e-01 -1.683279e-01 4.626022e-01 -5.411086e-01 7.872484e-01 2.957051e-01 3.847524e+00 3.100920e-01 -1.400670e-01 9.403320e-01 7.716609e+00
7.574759e-01 -5.506977e-01 3.506600e-01 5.006869e-01 6.290390e-01 7.593970e-01 -1.662112e-01 3.839938e+00 -1.747580e-01 3.464797e-01 9.216352e-01 7.703103e+00
7.730748e-01 6.052107e-01 -1.899347e-01 5.449416e-01 -5.314432e-01 7.814545e-01 3.269509e-01 3.833751e+00 3.462995e-01 -1.518181e-01 9.257580e-01 7.697748e+00
7.326432e-01 -5.521207e-01 3.979909e-01 5.953218e-01 6.518978e-01 7.373132e-01 -1.771964e-01 3.826086e+00 -1.956101e-01 3.892711e-01 9.001137e-01 7.689619e+00
7.734619e-01 5.971951e-01 -2.124017e-01 6.449451e-01 -5.166449e-01 7.881286e-01 3.345616e-01 3.817012e+00 3.671984e-01 -1.490344e-01 9.181253e-01 7.680713e+00
7.300175e-01 -5.472907e-01 4.093257e-01 6.942030e-01 6.503984e-01 7.402904e-01 -1.701530e-01 3.807860e+00 -2.098967e-01 3.904394e-01 8.963818e-01 7.672939e+00
7.682567e-01 6.050521e-01 -2.090296e-01 7.404085e-01 -5.171054e-01 7.790581e-01 3.545004e-01 3.798954e+00 3.773374e-01 -1.642570e-01 9.113924e-01 7.663832e+00
7.325845e-01 -5.395517e-01 4.149748e-01 7.836750e-01 6.482558e-01 7.389487e-01 -1.836281e-01 3.793361e+00 -2.075682e-01 4.035328e-01 8.911098e-01 7.652614e+00
7.713410e-01 5.951164e-01 -2.255425e-01 8.236612e-01 -5.061891e-01 7.884880e-01 3.493697e-01 3.787685e+00 3.857532e-01 -1.553160e-01 9.094347e-01 7.646804e+00
7.302649e-01 -5.321851e-01 4.283601e-01 8.511334e-01 6.498815e-01 7.344879e-01 -1.954011e-01 3.783953e+00 -2.106358e-01 4.210778e-01 8.822279e-01 7.648218e+00
7.566349e-01 6.061779e-01 -2.450547e-01 8.794500e-01 -4.996763e-01 7.778129e-01 3.812226e-01 3.781479e+00 4.216955e-01 -1.659984e-01 8.914132e-01 7.655567e+00
7.261736e-01 -5.221047e-01 4.473016e-01 9.164067e-01 6.443688e-01 7.437034e-01 -1.780286e-01 3.773140e+00 -2.397101e-01 4.175068e-01 8.764857e-01 7.655549e+00
7.777445e-01 5.795999e-01 -2.432637e-01 9.531427e-01 -4.815583e-01 7.981392e-01 3.620434e-01 3.768027e+00 4.039986e-01 -1.644316e-01 8.998596e-01 7.647917e+00
7.214350e-01 -5.080166e-01 4.705857e-01 9.844118e-01 6.465525e-01 7.375216e-01 -1.950173e-01 3.763056e+00 -2.479950e-01 4.449506e-01 8.605332e-01 7.644624e+00
7.629591e-01 5.857033e-01 -2.735778e-01 1.019066e+00 -4.694808e-01 7.929553e-01 3.883423e-01 3.758448e+00 4.443883e-01 -1.678498e-01 8.799690e-01 7.648544e+00
7.261417e-01 -4.869942e-01 4.853402e-01 1.054932e+00 6.339381e-01 7.474966e-01 -1.984223e-01 3.754574e+00 -2.661597e-01 4.517583e-01 8.515125e-01 7.646710e+00
7.703560e-01 5.635283e-01 -2.983075e-01 1.096081e+00 -4.528232e-01 8.129003e-01 3.662570e-01 3.748942e+00 4.488904e-01 -1.470677e-01 8.814014e-01 7.644259e+00
7.470672e-01 -4.618557e-01 4.781005e-01 1.126134e+00 5.984618e-01 7.803713e-01 -1.812845e-01 3.740796e+00 -2.893686e-01 4.215566e-01 8.593927e-01 7.649420e+00
7.638517e-01 5.618395e-01 -3.175953e-01 1.156283e+00 -4.415975e-01 8.138583e-01 3.776589e-01 3.735449e+00 4.706612e-01 -1.482262e-01 8.697741e-01 7.652418e+00
7.561023e-01 -4.404292e-01 4.840781e-01 1.187248e+00 5.808757e-01 7.923690e-01 -1.863727e-01 3.727147e+00 -3.014845e-01 4.221061e-01 8.549465e-01 7.651588e+00
7.873673e-01 5.287950e-01 -3.169043e-01 1.223960e+00 -4.037351e-01 8.307774e-01 3.831538e-01 3.721935e+00 4.658868e-01 -1.737374e-01 8.676202e-01 7.650689e+00
7.393947e-01 -4.351081e-01 5.137866e-01 1.257359e+00 5.901787e-01 7.861184e-01 -1.835947e-01 3.716099e+00 -3.240135e-01 4.389748e-01 8.380432e-01 7.646532e+00
7.780104e-01 5.592764e-01 -2.861986e-01 1.283104e+00 -4.360155e-01 8.086468e-01 3.949440e-01 3.710494e+00 4.523164e-01 -1.824836e-01 8.729889e-01 7.630164e+00
7.316004e-01 -4.495314e-01 5.125256e-01 1.321089e+00 6.190287e-01 7.529875e-01 -2.231890e-01 3.707525e+00 -2.855949e-01 4.805532e-01 8.291587e-01 7.619389e+00
8.030123e-01 5.226280e-01 -2.864108e-01 1.354984e+00 -4.020291e-01 8.298104e-01 3.870236e-01 3.696461e+00 4.399360e-01 -1.956392e-01 8.764597e-01 7.609913e+00
7.477703e-01 -4.273929e-01 5.081094e-01 1.384582e+00 6.097093e-01 7.449840e-01 -2.706536e-01 3.687631e+00 -2.628579e-01 5.121857e-01 8.176623e-01 7.609421e+00
7.023484e-01 6.431667e-01 -3.050299e-01 1.413838e+00 -4.703657e-01 7.409623e-01 4.793026e-01 3.687896e+00 5.342871e-01 -1.931619e-01 8.229373e-01 7.631400e+00
8.612333e-01 -3.716223e-01 3.466615e-01 1.484494e+00 4.832395e-01 8.100104e-01 -3.322087e-01 3.829634e+00 -1.573433e-01 4.536297e-01 8.771905e-01 7.850978e+00
6.747032e-01 7.320390e-01 -9.431015e-02 1.235554e+00 -5.756431e-01 6.018686e-01 5.535244e-01 3.906468e+00 4.619637e-01 -3.191757e-01 8.274759e-01 8.211016e+00
6.586939e-01 -4.993368e-01 5.628367e-01 1.235967e+00 7.269595e-01 6.152704e-01 -3.049135e-01 3.899631e+00 -1.940422e-01 6.100041e-01 7.682725e-01 8.254043e+00
7.369642e-01 6.332603e-01 -2.363578e-01 1.263975e+00 -4.396906e-01 7.147113e-01 5.439300e-01 3.888941e+00 5.133769e-01 -2.969327e-01 8.051553e-01 8.259933e+00
6.859178e-01 -4.554158e-01 5.675504e-01 1.300670e+00 6.998757e-01 6.264128e-01 -3.431923e-01 3.879374e+00 -1.992256e-01 6.326164e-01 7.484021e-01 8.268001e+00
7.403708e-01 6.269252e-01 -2.425196e-01 1.331913e+00 -4.076914e-01 7.056484e-01 5.795240e-01 3.870768e+00 5.344517e-01 -3.301896e-01 7.780335e-01 8.277934e+00
7.113518e-01 -4.218803e-01 5.621350e-01 1.365219e+00 6.750145e-01 6.328945e-01 -3.792097e-01 3.866342e+00 -1.957910e-01 6.492007e-01 7.349859e-01 8.285825e+00
7.667197e-01 5.970191e-01 -2.360272e-01 1.402836e+00 -3.803313e-01 7.186065e-01 5.821965e-01 3.860229e+00 5.171931e-01 -3.566131e-01 7.780349e-01 8.291659e+00
7.500620e-01 -3.714218e-01 5.472231e-01 1.446354e+00 6.220534e-01 6.772130e-01 -3.929785e-01 3.856798e+00 -2.246258e-01 6.351602e-01 7.389958e-01 8.297304e+00
7.649698e-01 5.774658e-01 -2.852266e-01 1.492674e+00 -3.069178e-01 7.161751e-01 6.268131e-01 3.851534e+00 5.662353e-01 -3.919520e-01 7.250870e-01 8.306446e+00
7.272357e-01 -3.234292e-01 6.054106e-01 1.528552e+00 6.483988e-01 6.130762e-01 -4.513498e-01 3.841514e+00 -2.251831e-01 7.207851e-01 6.555619e-01 8.321140e+00
7.686999e-01 5.814525e-01 -2.664835e-01 1.564326e+00 -2.909669e-01 6.889237e-01 6.638692e-01 3.835345e+00 5.695951e-01 -4.327784e-01 6.987590e-01 8.334208e+00
7.505438e-01 -2.993566e-01 5.891263e-01 1.611703e+00 6.318428e-01 5.861986e-01 -5.070955e-01 3.829095e+00 -1.935426e-01 7.528325e-01 6.291140e-01 8.346817e+00
7.981075e-01 5.549144e-01 -2.347217e-01 1.653887e+00 -2.436167e-01 6.535122e-01 7.166398e-01 3.819714e+00 5.510672e-01 -5.147735e-01 6.567595e-01 8.370477e+00
7.797341e-01 -2.514788e-01 5.733876e-01 1.684105e+00 5.971277e-01 5.740912e-01 -5.602301e-01 3.813439e+00 -1.882907e-01 7.792161e-01 5.978034e-01 8.383590e+00
8.081831e-01 5.538410e-01 -2.002500e-01 1.714561e+00 -2.550068e-01 6.355868e-01 7.286981e-01 3.810951e+00 5.308591e-01 -5.378564e-01 6.549038e-01 8.389609e+00
9.394697e-01 -1.601957e-01 3.028766e-01 1.776699e+00 3.259240e-01 6.904979e-01 -6.457447e-01 4.001205e+00 -1.056901e-01 7.053723e-01 7.009134e-01 8.670356e+00
8.970257e-01 4.417164e-01 -1.520858e-02 1.746024e+00 -3.178129e-01 6.685549e-01 6.723312e-01 3.991310e+00 3.071474e-01 -5.982650e-01 7.400942e-01 8.710000e+00
8.652966e-01 -3.320927e-01 3.754683e-01 1.790417e+00 5.012136e-01 5.834519e-01 -6.390373e-01 3.987416e+00 -6.848049e-03 7.411466e-01 6.713083e-01 8.702684e+00
8.935229e-01 4.474364e-01 3.764867e-02 1.824997e+00 -3.657279e-01 6.765738e-01 6.391330e-01 3.980753e+00 2.604992e-01 -5.848492e-01 7.681742e-01 8.678360e+00
8.288805e-01 -4.241434e-01 3.647734e-01 1.866909e+00 5.579289e-01 5.790866e-01 -5.944528e-01 3.973765e+00 4.089786e-02 6.962479e-01 7.166354e-01 8.650743e+00
8.505063e-01 5.221932e-01 6.287425e-02 1.894953e+00 -4.468168e-01 6.542752e-01 6.101465e-01 3.966247e+00 2.774772e-01 -5.470268e-01 7.897899e-01 8.631820e+00
9.501220e-01 -3.111072e-01 -2.192325e-02 1.978596e+00 2.289888e-01 7.436000e-01 -6.281903e-01 4.282638e+00 2.117367e-01 5.918372e-01 7.777508e-01 9.053436e+00
8.275183e-01 5.070077e-01 2.411565e-01 1.553698e+00 -5.151157e-01 5.147861e-01 6.853109e-01 4.413757e+00 2.233139e-01 -6.913309e-01 6.871626e-01 9.629016e+00
7.760645e-01 -5.424164e-01 3.217274e-01 1.595185e+00 5.865117e-01 4.332598e-01 -6.843172e-01 4.406691e+00 2.317933e-01 7.197711e-01 6.543711e-01 9.608386e+00
8.015343e-01 5.448876e-01 2.462521e-01 1.653253e+00 -5.566380e-01 5.295290e-01 6.401196e-01 4.396720e+00 2.183956e-01 -6.501512e-01 7.277408e-01 9.572871e+00
7.592717e-01 -5.899708e-01 2.746655e-01 1.698524e+00 6.082474e-01 4.932818e-01 -6.218587e-01 4.385539e+00 2.313910e-01 6.392242e-01 7.333830e-01 9.540361e+00
7.693418e-01 6.023512e-01 2.128051e-01 1.747978e+00 -5.946019e-01 5.533734e-01 5.832894e-01 4.376612e+00 2.335843e-01 -5.752833e-01 7.838925e-01 9.511519e+00
6.943872e-01 -6.424565e-01 3.241547e-01 1.790400e+00 6.797846e-01 4.378772e-01 -5.883506e-01 4.369256e+00 2.360498e-01 6.288984e-01 7.407883e-01 9.479364e+00
7.312603e-01 6.432799e-01 2.268242e-01 1.833856e+00 -6.514200e-01 5.600183e-01 5.118901e-01 4.358258e+00 2.022628e-01 -5.220828e-01 8.285646e-01 9.458177e+00
8.020505e-01 -5.930091e-01 7.110127e-02 1.872761e+00 5.501925e-01 6.872749e-01 -4.742799e-01 4.417552e+00 2.323862e-01 4.195157e-01 8.774983e-01 9.502600e+00
7.342482e-01 6.371138e-01 2.344469e-01 1.922407e+00 -6.632591e-01 5.995598e-01 4.479012e-01 4.446679e+00 1.447990e-01 -4.843698e-01 8.627973e-01 9.537851e+00
6.793398e-01 -7.006242e-01 2.182276e-01 1.974769e+00 6.901946e-01 5.090302e-01 -5.143148e-01 4.441892e+00 2.492570e-01 5.000140e-01 8.293715e-01 9.507829e+00
7.116769e-01 6.517815e-01 2.621005e-01 2.016305e+00 -6.934482e-01 5.920533e-01 4.106123e-01 4.432874e+00 1.124520e-01 -4.739765e-01 8.733274e-01 9.483031e+00
6.384754e-01 -7.348079e-01 2.289250e-01 2.063747e+00 7.342072e-01 4.922977e-01 -4.675283e-01 4.426920e+00 2.308443e-01 4.665837e-01 8.538212e-01 9.461770e+00
6.543364e-01 7.175874e-01 2.385625e-01 2.103823e+00 -7.404507e-01 5.439306e-01 3.948066e-01 4.421526e+00 1.535467e-01 -4.349801e-01 8.872517e-01 9.448870e+00
6.007754e-01 -7.703732e-01 2.135279e-01 2.143305e+00 7.745720e-01 4.948792e-01 -3.938690e-01 4.411625e+00 1.977557e-01 4.020195e-01 8.940207e-01 9.437936e+00
6.379184e-01 7.564474e-01 1.443861e-01 2.192439e+00 -7.541289e-01 5.756174e-01 3.161552e-01 4.407103e+00 1.560436e-01 -3.105670e-01 9.376559e-01 9.423251e+00
5.703382e-01 -7.935549e-01 2.120969e-01 2.240858e+00 8.086260e-01 4.970437e-01 -3.147564e-01 4.395358e+00 1.443551e-01 3.510246e-01 9.251721e-01 9.400879e+00
6.239109e-01 7.724590e-01 1.184998e-01 2.294422e+00 -7.660032e-01 5.744287e-01 2.885669e-01 4.382603e+00 1.548363e-01 -2.708113e-01 9.500983e-01 9.378221e+00
5.389157e-01 -8.049337e-01 2.482975e-01 2.343057e+00 8.374933e-01 4.803579e-01 -2.605019e-01 4.369560e+00 9.041514e-02 3.483360e-01 9.329990e-01 9.355089e+00
4.555430e-01 8.828343e-01 1.143857e-01 2.326850e+00 -8.318034e-01 3.763477e-01 4.080017e-01 4.394373e+00 3.171491e-01 -2.810088e-01 9.057872e-01 9.364590e+00
3.453330e-01 -8.561000e-01 3.844972e-01 2.368544e+00 9.303675e-01 2.585418e-01 -2.599472e-01 4.384691e+00 1.231323e-01 4.474919e-01 8.857706e-01 9.354483e+00
4.252031e-01 9.001051e-01 9.493682e-02 2.414766e+00 -8.590601e-01 3.683220e-01 3.554640e-01 4.374804e+00 2.849876e-01 -2.327009e-01 9.298561e-01 9.338234e+00
3.013205e-01 -8.583316e-01 4.152986e-01 2.459490e+00 9.520637e-01 2.467374e-01 -1.808188e-01 4.363111e+00 5.273285e-02 4.498750e-01 8.915334e-01 9.320434e+00
4.103368e-01 9.119267e-01 -3.645713e-03 2.505490e+00 -8.462550e-01 3.822703e-01 3.711089e-01 4.350186e+00 3.398177e-01 -1.491945e-01 9.285821e-01 9.308252e+00
3.341281e-01 -8.472142e-01 4.130213e-01 2.549268e+00 9.424297e-01 3.066262e-01 -1.334413e-01 4.340295e+00 -1.358974e-02 4.338300e-01 9.008923e-01 9.293912e+00
4.148591e-01 9.084541e-01 -5.102102e-02 2.593854e+00 -8.377837e-01 4.032600e-01 3.681031e-01 4.326954e+00 3.549794e-01 -1.099664e-01 9.283840e-01 9.259204e+00
3.830623e-01 -8.263947e-01 4.127169e-01 2.645336e+00 9.234413e-01 3.536214e-01 -1.490239e-01 4.322204e+00 -2.279289e-02 4.382052e-01 8.985860e-01 9.227696e+00
4.481993e-01 8.939076e-01 -6.818815e-03 2.685549e+00 -8.076790e-01 4.082103e-01 4.254633e-01 4.318362e+00 3.831083e-01 -1.851850e-01 9.049499e-01 9.216366e+00
4.001287e-01 -8.132737e-01 4.224725e-01 2.741251e+00 9.163806e-01 3.610743e-01 -1.728349e-01 4.312310e+00 -1.198186e-02 4.563017e-01 8.897445e-01 9.210713e+00
4.736708e-01 8.783220e-01 -6.470282e-02 2.784341e+00 -8.090292e-01 4.629772e-01 3.621103e-01 4.303812e+00 3.480052e-01 -1.191746e-01 9.298869e-01 9.188592e+00
3.800909e-01 -8.112553e-01 4.442925e-01 2.829912e+00 9.200796e-01 3.808397e-01 -9.173160e-02 4.295093e+00 -9.478644e-02 4.436508e-01 8.911732e-01 9.161881e+00
4.588469e-01 8.771647e-01 -1.415685e-01 2.872292e+00 -7.853685e-01 4.749109e-01 3.970591e-01 4.286694e+00 4.155186e-01 -7.100597e-02 9.068089e-01 9.150104e+00
4.086566e-01 -7.916510e-01 4.541900e-01 2.907623e+00 9.065653e-01 4.096305e-01 -1.016965e-01 4.281122e+00 -1.055418e-01 4.533118e-01 8.850816e-01 9.147418e+00
4.638442e-01 8.778564e-01 -1.192335e-01 2.939085e+00 -7.719543e-01 4.665331e-01 4.317793e-01 4.271302e+00 4.346666e-01 -1.082355e-01 8.940637e-01 9.145318e+00
4.499468e-01 -7.885062e-01 4.192921e-01 2.965220e+00 8.899428e-01 4.350518e-01 -1.368636e-01 4.266392e+00 -7.449595e-02 4.347273e-01 8.974757e-01 9.141286e+00
4.827040e-01 8.684942e-01 -1.127592e-01 2.999347e+00 -7.822731e-01 4.854633e-01 3.903513e-01 4.264878e+00 3.937582e-01 -1.002156e-01 9.137347e-01 9.124850e+00
3.913724e-01 -7.772409e-01 4.926705e-01 3.043570e+00 9.087894e-01 4.106148e-01 -7.414390e-02 4.254834e+00 -1.446701e-01 4.767516e-01 8.670517e-01 9.102436e+00
4.902702e-01 8.486729e-01 -1.984677e-01 3.078383e+00 -7.635998e-01 5.280296e-01 3.716182e-01 4.245938e+00 4.201790e-01 -3.064349e-02 9.069236e-01 9.081239e+00
3.906877e-01 -7.575263e-01 5.229886e-01 3.108158e+00 8.944157e-01 4.467399e-01 -2.107113e-02 4.238425e+00 -2.176779e-01 4.760014e-01 8.520793e-01 9.068632e+00
4.866644e-01 8.255408e-01 -2.857273e-01 3.147623e+00 -7.423640e-01 5.632236e-01 3.628703e-01 4.225740e+00 4.604926e-01 3.551759e-02 8.869526e-01 9.048588e+00
3.720928e-01 -7.237201e-01 5.811852e-01 3.192103e+00 8.737223e-01 4.844429e-01 4.386786e-02 4.216188e+00 -3.132991e-01 4.914715e-01 8.125882e-01 9.038224e+00
4.589661e-01 8.160507e-01 -3.512995e-01 3.242598e+00 -7.106870e-01 5.745031e-01 4.060422e-01 4.205150e+00 5.331736e-01 6.330433e-02 8.436340e-01 9.019457e+00
3.622226e-01 -7.146689e-01 5.983671e-01 3.290849e+00 8.644618e-01 4.976492e-01 7.107143e-02 4.194184e+00 -3.485694e-01 4.915218e-01 7.980638e-01 8.995167e+00
4.612730e-01 7.928941e-01 -3.981786e-01 3.333686e+00 -6.807998e-01 6.040848e-01 4.142380e-01 4.185626e+00 5.689805e-01 8.000308e-02 8.184501e-01 8.976079e+00
3.500380e-01 -6.652599e-01 6.594715e-01 3.382883e+00 8.487735e-01 5.230950e-01 7.716956e-02 4.175792e+00 -3.963040e-01 5.327297e-01 7.477582e-01 8.959918e+00
4.623606e-01 7.615874e-01 -4.541006e-01 3.433408e+00 -6.485536e-01 6.396986e-01 4.125093e-01 4.165056e+00 6.046493e-01 1.037805e-01 7.897016e-01 8.941955e+00
3.447844e-01 -6.278709e-01 6.977836e-01 3.488011e+00 8.208136e-01 5.623049e-01 1.003910e-01 4.152337e+00 -4.553997e-01 5.381370e-01 7.092389e-01 8.927910e+00
4.522749e-01 7.416471e-01 -4.953857e-01 3.538835e+00 -5.966658e-01 6.644438e-01 4.500047e-01 4.137211e+00 6.629007e-01 9.205386e-02 7.430267e-01 8.901921e+00
3.467135e-01 -6.041003e-01 7.175323e-01 3.583245e+00 7.952211e-01 5.949876e-01 1.166754e-01 4.124684e+00 -4.974065e-01 5.301439e-01 6.866837e-01 8.878221e+00
4.421916e-01 7.110669e-01 -5.466722e-01 3.614880e+00 -5.689824e-01 6.935473e-01 4.418722e-01 4.115781e+00 6.933438e-01 1.156546e-01 7.112653e-01 8.867685e+00
3.412859e-01 -5.497407e-01 7.624363e-01 3.651416e+00 7.681947e-01 6.305575e-01 1.107885e-01 4.107372e+00 -5.416648e-01 5.478891e-01 6.375084e-01 8.855590e+00
4.475322e-01 6.696783e-01 -5.926600e-01 3.690017e+00 -5.078170e-01 7.358229e-01 4.479804e-01 4.098582e+00 7.360956e-01 1.004771e-01 6.693784e-01 8.846318e+00
3.405013e-01 -4.786878e-01 8.092693e-01 3.736870e+00 7.295418e-01 6.774769e-01 9.377599e-02 4.085332e+00 -5.931506e-01 5.584649e-01 5.799046e-01 8.831926e+00
4.726500e-01 6.411408e-01 -6.045994e-01 3.770692e+00 -4.337764e-01 7.664631e-01 4.736795e-01 4.073175e+00 7.670984e-01 3.837634e-02 6.403804e-01 8.815709e+00
3.790368e-01 -4.128588e-01 8.281779e-01 3.818091e+00 7.054753e-01 7.080944e-01 3.011661e-02 4.065689e+00 -5.988620e-01 5.728438e-01 5.596556e-01 8.793667e+00
4.909912e-01 6.207413e-01 -6.112348e-01 3.859385e+00 -3.901144e-01 7.840143e-01 4.828378e-01 4.051620e+00 7.789341e-01 1.382345e-03 6.271041e-01 8.775589e+00
4.030335e-01 -3.765665e-01 8.341233e-01 3.900992e+00 6.961169e-01 7.178233e-01 -1.228850e-02 4.042854e+00 -5.941257e-01 5.856000e-01 5.514412e-01 8.762457e+00
5.268994e-01 6.026356e-01 -5.993391e-01 3.946525e+00 -3.640088e-01 7.972226e-01 4.815949e-01 4.030682e+00 7.680329e-01 -3.558740e-02 6.394207e-01 8.742668e+00
4.426795e-01 -3.429420e-01 8.285081e-01 3.996031e+00 6.750478e-01 7.356314e-01 -5.618639e-02 4.021792e+00 -5.902079e-01 5.841552e-01 5.571512e-01 8.721925e+00
5.449786e-01 5.783533e-01 -6.070468e-01 4.050196e+00 -3.104468e-01 8.117424e-01 4.946686e-01 4.012178e+00 7.788589e-01 -8.112808e-02 6.219301e-01 8.701744e+00
4.720835e-01 -2.816703e-01 8.353437e-01 4.108233e+00 6.465787e-01 7.547412e-01 -1.109136e-01 4.004506e+00 -5.992271e-01 5.924760e-01 5.384229e-01 8.679861e+00
5.545336e-01 5.634686e-01 -6.123688e-01 4.158740e+00 -2.518652e-01 8.150080e-01 5.218484e-01 3.995675e+00 7.931307e-01 -1.351482e-01 5.938675e-01 8.662165e+00
5.114790e-01 -2.450283e-01 8.236203e-01 4.195071e+00 6.265405e-01 7.623021e-01 -1.623038e-01 3.987270e+00 -5.880785e-01 5.990465e-01 5.434217e-01 8.656605e+00
5.900987e-01 5.306306e-01 -6.084527e-01 4.224921e+00 -2.021133e-01 8.267575e-01 5.249973e-01 3.978129e+00 7.816225e-01 -1.868239e-01 5.951160e-01 8.641392e+00
5.180158e-01 -1.873959e-01 8.345912e-01 4.274523e+00 6.105833e-01 7.643232e-01 -2.073599e-01 3.968733e+00 -5.990389e-01 6.170032e-01 5.103523e-01 8.624275e+00
5.931518e-01 4.965502e-01 -6.337261e-01 4.312944e+00 -1.362615e-01 8.377101e-01 5.288426e-01 3.958331e+00 7.934757e-01 -2.273315e-01 5.645499e-01 8.602004e+00
5.225188e-01 -1.186116e-01 8.443372e-01 4.360655e+00 5.931027e-01 7.619909e-01 -2.599984e-01 3.946857e+00 -6.125384e-01 6.366328e-01 4.685035e-01 8.581314e+00
5.219370e-01 6.166750e-01 -5.893162e-01 4.399435e+00 -1.871023e-01 7.568318e-01 6.262573e-01 3.937051e+00 8.322106e-01 -2.166045e-01 5.103999e-01 8.567063e+00
4.818568e-01 -1.637909e-01 8.608058e-01 4.438492e+00 6.414364e-01 7.352041e-01 -2.191676e-01 3.929107e+00 -5.969702e-01 6.577596e-01 4.593245e-01 8.543375e+00
5.913275e-01 5.061824e-01 -6.277827e-01 4.480867e+00 -1.104140e-01 8.219575e-01 5.587436e-01 3.916733e+00 7.988370e-01 -2.610846e-01 5.419357e-01 8.525928e+00
4.964221e-01 -9.418364e-02 8.629569e-01 4.519246e+00 6.234021e-01 7.304718e-01 -2.788923e-01 3.904413e+00 -6.040984e-01 6.764175e-01 4.213366e-01 8.513328e+00
2.739393e-01 7.917631e-01 -5.459564e-01 4.318174e+00 -2.504938e-01 6.068173e-01 7.543377e-01 3.973754e+00 9.285527e-01 -6.988413e-02 3.645629e-01 8.841015e+00
1.685566e-01 -1.706597e-01 9.708058e-01 4.363174e+00 8.657337e-01 4.965205e-01 -6.302912e-02 3.961862e+00 -4.712684e-01 8.510833e-01 2.314377e-01 8.822089e+00
3.000936e-01 7.795132e-01 -5.498208e-01 4.407790e+00 -1.649061e-01 6.101022e-01 7.749717e-01 3.951462e+00 9.395477e-01 -1.418953e-01 3.116342e-01 8.805928e+00
2.006197e-01 -8.723678e-02 9.757774e-01 4.450535e+00 8.411005e-01 5.260214e-01 -1.259026e-01 3.939482e+00 -5.022964e-01 8.459854e-01 1.789052e-01 8.788186e+00
3.185767e-01 7.615400e-01 -5.644162e-01 4.501328e+00 -1.048939e-01 6.201060e-01 7.774739e-01 3.931462e+00 9.420755e-01 -1.884813e-01 2.774322e-01 8.765433e+00
2.157107e-01 -4.497138e-02 9.754212e-01 4.536804e+00 8.274448e-01 5.388188e-01 -1.581442e-01 3.921546e+00 -5.184632e-01 8.412206e-01 1.534403e-01 8.747766e+00
3.345155e-01 7.552247e-01 -5.636798e-01 4.581433e+00 -3.605860e-02 6.079578e-01 7.931500e-01 3.911650e+00 9.417001e-01 -2.449955e-01 2.306037e-01 8.716500e+00
2.258749e-01 2.600137e-02 9.738093e-01 4.628733e+00 8.418487e-01 4.977895e-01 -2.085580e-01 3.900931e+00 -4.901748e-01 8.669081e-01 9.054893e-02 8.691470e+00
3.551248e-01 7.606939e-01 -5.433517e-01 4.672010e+00 1.936986e-02 5.751248e-01 8.178362e-01 3.891319e+00 9.346182e-01 -3.009586e-01 1.895065e-01 8.673686e+00
2.751890e-01 9.839227e-02 9.563420e-01 4.717533e+00 8.447777e-01 4.501123e-01 -2.893955e-01 3.878156e+00 -4.589355e-01 8.875348e-01 4.074635e-02 8.650181e+00
4.264689e-01 7.457013e-01 -5.119119e-01 4.763967e+00 7.695417e-02 5.339943e-01 8.419786e-01 3.865635e+00 9.012227e-01 -3.984715e-01 1.703471e-01 8.629298e+00
3.350424e-01 1.498090e-01 9.302171e-01 4.807345e+00 8.377309e-01 4.044891e-01 -3.668729e-01 3.853986e+00 -4.312235e-01 9.021895e-01 1.002138e-02 8.604736e+00
4.573245e-01 7.324910e-01 -5.042927e-01 4.858900e+00 1.132845e-01 5.144628e-01 8.499968e-01 3.844496e+00 8.820550e-01 -4.458529e-01 1.522966e-01 8.580355e+00
3.691707e-01 1.801080e-01 9.117424e-01 4.914052e+00 8.259034e-01 3.862586e-01 -4.107164e-01 3.832501e+00 -4.261415e-01 9.046356e-01 -6.156472e-03 8.554556e+00
5.064188e-01 7.091238e-01 -4.905949e-01 4.954559e+00 1.452477e-01 4.906646e-01 8.591573e-01 3.820223e+00 8.499665e-01 -5.063512e-01 1.454832e-01 8.535454e+00
4.406254e-01 2.067817e-01 8.735506e-01 5.001126e+00 8.056309e-01 3.381698e-01 -4.864157e-01 3.809123e+00 -3.959902e-01 9.180864e-01 -1.758353e-02 8.515256e+00
5.408468e-01 7.188601e-01 -4.367204e-01 5.034459e+00 1.874591e-01 4.031365e-01 8.957343e-01 3.795493e+00 8.199657e-01 -5.663223e-01 8.327823e-02 8.498904e+00
5.389645e-01 2.107473e-01 8.155384e-01 5.074243e+00 7.557599e-01 3.065377e-01 -5.786724e-01 3.787417e+00 -3.719468e-01 9.282350e-01 5.938571e-03 8.504730e+00
6.041886e-01 6.676261e-01 -4.350073e-01 5.109682e+00 2.181087e-01 3.865071e-01 8.961254e-01 3.777566e+00 7.664102e-01 -6.363077e-01 8.790812e-02 8.512813e+00
5.951100e-01 2.367975e-01 7.679656e-01 5.135056e+00 7.267827e-01 2.492453e-01 -6.400498e-01 3.769049e+00 -3.429740e-01 9.390440e-01 -2.377196e-02 8.522398e+00
6.837715e-01 6.204940e-01 -3.839838e-01 5.161692e+00 2.165271e-01 3.299879e-01 9.188166e-01 3.759439e+00 6.968303e-01 -7.114036e-01 9.128258e-02 8.520505e+00
6.469410e-01 2.525643e-01 7.194989e-01 5.201644e+00 7.046711e-01 1.625427e-01 -6.906654e-01 3.750727e+00 -2.913867e-01 9.538297e-01 -7.281921e-02 8.503893e+00
4.956339e-01 7.509163e-01 -4.364305e-01 5.261897e+00 4.397204e-01 2.163845e-01 8.716786e-01 3.855850e+00 7.489946e-01 -6.239409e-01 -2.229457e-01 8.681695e+00
4.820973e-01 4.782847e-01 7.340477e-01 5.294341e+00 8.141259e-01 6.499656e-02 -5.770396e-01 3.844800e+00 -3.236997e-01 8.757963e-01 -3.580492e-01 8.673523e+00
5.917793e-01 7.110734e-01 -3.796995e-01 5.328872e+00 4.379401e-01 1.118523e-01 8.920188e-01 3.833348e+00 6.767612e-01 -6.941640e-01 -2.452157e-01 8.666137e+00
6.030832e-01 4.568506e-01 6.538947e-01 5.356652e+00 7.564230e-01 -6.732183e-02 -6.506091e-01 3.822107e+00 -2.532098e-01 8.869923e-01 -3.861729e-01 8.660396e+00
7.041261e-01 6.373496e-01 -3.130363e-01 5.382814e+00 3.976320e-01 1.132804e-02 9.174750e-01 3.812074e+00 5.882985e-01 -7.704915e-01 -2.454543e-01 8.657364e+00
7.312895e-01 4.181006e-01 5.388949e-01 5.433668e+00 6.299148e-01 -1.109913e-01 -7.686926e-01 3.800554e+00 -2.615783e-01 9.015946e-01 -3.445345e-01 8.664877e+00
7.886261e-01 5.582568e-01 -2.577169e-01 5.478272e+00 3.696048e-01 -9.543772e-02 9.242748e-01 3.787312e+00 4.913869e-01 -8.241607e-01 -2.815991e-01 8.657310e+00
7.963384e-01 3.364135e-01 5.026642e-01 5.507477e+00 5.928713e-01 -2.695586e-01 -7.588424e-01 3.777409e+00 -1.197875e-01 9.023104e-01 -4.141097e-01 8.650849e+00
8.517272e-01 4.986885e-01 -1.608425e-01 5.547320e+00 2.848646e-01 -1.830517e-01 9.409273e-01 3.770697e+00 4.397872e-01 -8.472319e-01 -2.979688e-01 8.655535e+00
8.418807e-01 2.707666e-01 4.668217e-01 5.587413e+00 5.193210e-01 -1.712119e-01 -8.372528e-01 3.762872e+00 -1.467747e-01 9.472972e-01 -2.847547e-01 8.652765e+00
8.646170e-01 4.485528e-01 -2.263571e-01 5.643228e+00 2.941172e-01 -8.659708e-02 9.518382e-01 3.760010e+00 4.073478e-01 -8.895512e-01 -2.068004e-01 8.655832e+00
8.744499e-01 2.503902e-01 4.155025e-01 5.692673e+00 4.672551e-01 -2.044551e-01 -8.601574e-01 3.748909e+00 -1.304235e-01 9.463101e-01 -2.957818e-01 8.650404e+00
