9.476736e-01 2.466971e-01 -2.026212e-01 -8.706781e-02 -2.310639e-01 9.680036e-01 9.787006e-02 -3.578622e-02 2.202823e-01 -4.593043e-02 9.743542e-01 2.918398e-01
9.585330e-01 -2.368366e-01 1.585020e-01 -1.590698e-01 2.459562e-01 9.684409e-01 -4.034581e-02 -3.678160e-02 -1.439444e-01 7.765733e-02 9.865340e-01 4.946064e-01
9.451815e-01 2.108892e-02 -3.258638e-01 -8.287302e-02 -6.705380e-02 9.891814e-01 -1.304755e-01 -5.180063e-02 3.195868e-01 1.451734e-01 9.363701e-01 8.262106e-01
9.878204e-01 1.093089e-01 1.107355e-01 7.607571e-02 -1.392692e-01 9.384992e-01 3.159484e-01 -8.990409e-02 -6.938917e-02 -3.275223e-01 9.422920e-01 1.179160e+00
9.830088e-01 -1.265967e-01 -1.329170e-01 6.690197e-03 7.729355e-02 9.422658e-01 -3.258235e-01 -8.979598e-02 1.664913e-01 3.100137e-01 9.360407e-01 1.406767e+00
9.824033e-01 -9.437304e-02 -1.611755e-01 8.291885e-01 1.391115e-01 9.455423e-01 2.942749e-01 -1.532318e-01 1.246266e-01 -3.115180e-01 9.420322e-01 2.224251e+00
9.975391e-01 -3.539172e-02 -6.052358e-02 3.171504e+00 1.086775e-02 9.308619e-01 -3.652097e-01 -4.388848e-01 6.926449e-02 3.636532e-01 9.289558e-01 3.438270e+00
9.370277e-01 1.325148e-01 3.231391e-01 3.860278e+00 -2.325922e-01 9.269700e-01 2.943256e-01 -6.701468e-01 -2.605377e-01 -3.509508e-01 8.994185e-01 3.790093e+00
9.192176e-01 -2.172239e-01 -3.284096e-01 3.785397e+00 9.875955e-02 9.345880e-01 -3.417481e-01 -6.679010e-01 3.811635e-01 2.817073e-01 8.805427e-01 4.021681e+00
9.513948e-01 9.105917e-02 2.942041e-01 3.742356e+00 -1.755384e-01 9.452582e-01 2.750875e-01 -6.595477e-01 -2.530497e-01 -3.133609e-01 9.152982e-01 4.270840e+00
8.922905e-01 -2.427212e-01 -3.806628e-01 3.776109e+00 1.069681e-01 9.328336e-01 -3.440628e-01 -6.798112e-01 4.386064e-01 2.662852e-01 8.583220e-01 4.495015e+00
8.786167e-01 8.053784e-02 4.706870e-01 3.801631e+00 -2.210565e-01 9.423001e-01 2.514052e-01 -6.682625e-01 -4.232808e-01 -3.249373e-01 8.457240e-01 4.801919e+00
8.443091e-01 -9.350456e-02 -5.276354e-01 3.744050e+00 -7.565244e-02 9.539957e-01 -2.901189e-01 -6.704760e-01 5.304893e-01 2.848669e-01 7.983933e-01 5.084138e+00
9.007039e-01 -7.258374e-02 4.283270e-01 3.702772e+00 -6.325275e-02 9.535269e-01 2.945940e-01 -6.756210e-01 -4.298040e-01 -2.924348e-01 8.542543e-01 5.297210e+00
8.592566e-01 -6.466826e-02 -5.074407e-01 3.656263e+00 -9.944444e-02 9.519357e-01 -2.897054e-01 -6.796636e-01 5.017856e-01 2.993935e-01 8.115262e-01 5.506816e+00
8.948965e-01 -1.179606e-01 4.304016e-01 3.580506e+00 -3.927785e-02 9.398726e-01 3.392590e-01 -6.790316e-01 -4.445419e-01 -3.205069e-01 8.364555e-01 5.724492e+00
8.488488e-01 -5.653957e-02 -5.256034e-01 3.514461e+00 -1.159707e-01 9.501271e-01 -2.894984e-01 -6.793534e-01 5.157581e-01 3.066950e-01 7.999573e-01 5.923960e+00
8.912048e-01 -1.356872e-01 4.328314e-01 3.457034e+00 -2.067939e-02 9.410656e-01 3.375914e-01 -6.821622e-01 -4.531295e-01 -3.098138e-01 8.358762e-01 6.118520e+00
8.476286e-01 7.083521e-03 -5.305427e-01 3.404959e+00 -1.700652e-01 9.507841e-01 -2.590125e-01 -6.833263e-01 5.025968e-01 3.097733e-01 8.071164e-01 6.330491e+00
9.058934e-01 -1.711726e-01 3.873720e-01 3.349296e+00 1.801434e-02 9.294260e-01 3.685687e-01 -6.820587e-01 -4.231225e-01 -3.269057e-01 8.450444e-01 6.535839e+00
8.597797e-01 2.742776e-02 -5.099280e-01 3.306447e+00 -1.822820e-01 9.492586e-01 -2.562839e-01 -6.836772e-01 4.770242e-01 3.132983e-01 8.211529e-01 6.721566e+00
8.963455e-01 -1.639475e-01 4.119296e-01 3.238302e+00 1.690807e-02 9.410812e-01 3.377578e-01 -6.800938e-01 -4.430337e-01 -2.957827e-01 8.463059e-01 6.934931e+00
8.696568e-01 4.356215e-02 -4.917310e-01 3.173892e+00 -1.967669e-01 9.441398e-01 -2.643537e-01 -6.795339e-01 4.527470e-01 3.266534e-01 8.296492e-01 7.155490e+00
8.906000e-01 -1.590555e-01 4.260668e-01 3.112962e+00 -9.147308e-03 9.303940e-01 3.664469e-01 -6.705480e-01 -4.546954e-01 -3.302550e-01 8.271540e-01 7.418909e+00
8.528961e-01 8.685639e-02 -5.148050e-01 3.047379e+00 -2.381162e-01 9.422472e-01 -2.355225e-01 -6.642973e-01 4.646170e-01 3.234596e-01 8.243209e-01 7.649276e+00
9.062268e-01 -2.287897e-01 3.555395e-01 2.972883e+00 8.341656e-02 9.211573e-01 3.801460e-01 -6.609497e-01 -4.144813e-01 -3.148406e-01 8.538622e-01 7.883795e+00
8.646825e-01 4.928492e-02 -4.998951e-01 2.933066e+00 -2.507591e-01 9.046557e-01 -3.445546e-01 -6.518242e-01 4.352517e-01 4.232836e-01 7.945986e-01 8.125491e+00
8.814123e-01 -2.720202e-01 3.861572e-01 2.934807e+00 1.113223e-01 9.141281e-01 3.898424e-01 -6.570046e-01 -4.590422e-01 -3.006240e-01 8.360057e-01 8.308099e+00
8.348369e-01 1.451425e-01 -5.310188e-01 2.900343e+00 -3.250980e-01 9.084313e-01 -2.628001e-01 -6.553621e-01 4.442506e-01 3.920284e-01 8.055775e-01 8.527999e+00
8.725775e-01 -3.303691e-01 3.598121e-01 2.858596e+00 1.764521e-01 9.000431e-01 3.984809e-01 -6.626841e-01 -4.554922e-01 -2.842159e-01 8.436517e-01 8.736006e+00
8.201310e-01 2.264212e-01 -5.254698e-01 2.782713e+00 -3.756678e-01 9.057847e-01 -1.960301e-01 -6.571950e-01 4.315771e-01 3.581725e-01 8.279213e-01 8.951232e+00
8.525838e-01 -3.792559e-01 3.595355e-01 2.725110e+00 2.468653e-01 8.986705e-01 3.625588e-01 -6.585248e-01 -4.606066e-01 -2.203550e-01 8.598170e-01 9.166012e+00
8.239196e-01 2.313248e-01 -5.173446e-01 2.636165e+00 -3.725780e-01 9.089800e-01 -1.869252e-01 -6.502727e-01 4.270154e-01 3.467625e-01 8.351129e-01 9.388468e+00
8.336034e-01 -3.729807e-01 4.074196e-01 2.598751e+00 2.507965e-01 9.127555e-01 3.224570e-01 -6.471325e-01 -4.921447e-01 -1.666219e-01 8.544184e-01 9.592572e+00
7.946637e-01 2.667298e-01 -5.453117e-01 2.550757e+00 -3.928285e-01 9.108071e-01 -1.269497e-01 -6.435373e-01 4.628125e-01 3.150963e-01 8.285644e-01 9.788567e+00
8.161350e-01 -4.014569e-01 4.156392e-01 2.511545e+00 2.926311e-01 9.073526e-01 3.017918e-01 -6.455400e-01 -4.982877e-01 -1.246739e-01 8.580011e-01 9.985220e+00
7.826483e-01 3.144133e-01 -5.372205e-01 2.472736e+00 -4.247106e-01 9.006827e-01 -9.160563e-02 -6.534465e-01 4.550631e-01 2.998582e-01 8.384525e-01 1.023469e+01
8.315643e-01 -4.172909e-01 3.665639e-01 2.400673e+00 3.101530e-01 8.963504e-01 3.167981e-01 -6.493305e-01 -4.607667e-01 -1.497471e-01 8.747971e-01 1.051016e+01
7.596851e-01 3.616448e-01 -5.404550e-01 2.315480e+00 -4.471470e-01 8.939456e-01 -3.034504e-02 -6.506961e-01 4.721632e-01 2.647155e-01 8.408255e-01 1.075184e+01
8.020143e-01 -4.270611e-01 4.176026e-01 2.242341e+00 3.492991e-01 9.024685e-01 2.520729e-01 -6.517579e-01 -4.845237e-01 -5.629784e-02 8.729647e-01 1.100035e+01
7.664253e-01 3.595899e-01 -5.322475e-01 2.166209e+00 -4.474739e-01 8.933663e-01 -4.078897e-02 -6.521275e-01 4.608247e-01 2.694286e-01 8.456056e-01 1.125097e+01
8.006688e-01 -4.377762e-01 4.090007e-01 2.105400e+00 3.585602e-01 8.970711e-01 2.582597e-01 -6.450167e-01 -4.799626e-01 -6.012912e-02 8.752259e-01 1.149765e+01
7.329017e-01 4.103486e-01 -5.426501e-01 2.043676e+00 -4.471119e-01 8.917009e-01 7.043057e-02 -6.423481e-01 5.127827e-01 1.910067e-01 8.370008e-01 1.171594e+01
7.684448e-01 -4.463599e-01 4.585363e-01 2.009818e+00 4.163314e-01 8.928974e-01 1.714715e-01 -6.437530e-01 -4.859638e-01 5.913670e-02 8.719759e-01 1.190581e+01
7.205985e-01 4.381799e-01 -5.373417e-01 1.961346e+00 -4.451069e-01 8.865619e-01 1.260467e-01 -6.450897e-01 5.316179e-01 1.483455e-01 8.338921e-01 1.208270e+01
7.532541e-01 -4.660812e-01 4.640868e-01 1.946279e+00 4.734471e-01 8.740119e-01 1.093212e-01 -6.507083e-01 -4.565699e-01 1.373739e-01 8.790178e-01 1.223442e+01
8.569671e-01 1.902353e-01 -4.789759e-01 2.122175e+00 -2.797123e-01 9.522705e-01 -1.222375e-01 -7.435573e-01 4.328607e-01 2.387289e-01 8.692756e-01 1.258978e+01
8.996666e-01 -1.013991e-01 4.246390e-01 2.269204e+00 -1.836514e-02 9.630030e-01 2.688640e-01 -7.709393e-01 -4.361912e-01 -2.496865e-01 8.645194e-01 1.267688e+01
8.689927e-01 6.324270e-02 -4.907667e-01 2.178912e+00 -1.846245e-01 9.616172e-01 -2.029928e-01 -7.711848e-01 4.590919e-01 2.670068e-01 8.473146e-01 1.294793e+01
9.034384e-01 -1.989187e-01 3.797768e-01 2.100548e+00 7.508256e-02 9.455647e-01 3.166545e-01 -7.638955e-01 -4.220921e-01 -2.575632e-01 8.691947e-01 1.316076e+01
8.592080e-01 1.178300e-01 -4.978732e-01 2.023365e+00 -2.344418e-01 9.556154e-01 -1.784273e-01 -7.605787e-01 4.547512e-01 2.700285e-01 8.486966e-01 1.336987e+01
9.022625e-01 -2.627412e-01 3.418910e-01 1.951115e+00 1.586871e-01 9.395922e-01 3.032901e-01 -7.535419e-01 -4.009249e-01 -2.193936e-01 8.894524e-01 1.357298e+01
8.667897e-01 1.558585e-01 -4.736916e-01 1.878924e+00 -2.470218e-01 9.593683e-01 -1.363550e-01 -7.507630e-01 4.331926e-01 2.352033e-01 8.700710e-01 1.376445e+01
9.056911e-01 -2.625799e-01 3.328296e-01 1.831810e+00 1.903696e-01 9.533859e-01 2.341257e-01 -7.502623e-01 -3.787917e-01 -1.486849e-01 9.134603e-01 1.396211e+01
8.858319e-01 1.414460e-01 -4.419219e-01 1.806405e+00 -2.118359e-01 9.706392e-01 -1.139523e-01 -7.512099e-01 4.128286e-01 1.945575e-01 8.897865e-01 1.414149e+01
9.162226e-01 -2.669310e-01 2.988044e-01 1.744761e+00 1.958272e-01 9.489531e-01 2.472645e-01 -7.476145e-01 -3.495539e-01 -1.680353e-01 9.217246e-01 1.431435e+01
8.700591e-01 1.753774e-01 -4.606950e-01 1.697065e+00 -2.292661e-01 9.713079e-01 -6.322957e-02 -7.410314e-01 4.363877e-01 1.606352e-01 8.853034e-01 1.449297e+01
8.902363e-01 -2.224888e-01 3.974645e-01 1.647865e+00 1.877557e-01 9.742519e-01 1.248241e-01 -7.487577e-01 -4.150025e-01 -3.649671e-02 9.090880e-01 1.471995e+01
8.412063e-01 1.792832e-01 -5.101269e-01 1.602149e+00 -2.103370e-01 9.776235e-01 -3.264622e-03 -7.531641e-01 4.981268e-01 1.100448e-01 8.600929e-01 1.495650e+01
7.766616e-01 -2.253896e-01 5.882145e-01 1.785818e+00 3.875481e-01 9.071224e-01 -1.641201e-01 -8.506677e-01 -4.965916e-01 3.554272e-01 7.918765e-01 1.533622e+01
6.600467e-01 5.753031e-01 -4.830783e-01 1.969563e+00 -4.153762e-01 8.153045e-01 4.034118e-01 -8.842689e-01 6.259401e-01 -6.561140e-02 7.771063e-01 1.532775e+01
7.092111e-01 -4.674777e-01 5.277161e-01 1.902398e+00 5.865687e-01 8.065262e-01 -7.384266e-02 -8.849032e-01 -3.910970e-01 3.619117e-01 8.462051e-01 1.551521e+01
6.900783e-01 5.773744e-01 -4.363838e-01 1.833115e+00 -4.394017e-01 8.133541e-01 3.812889e-01 -8.902217e-01 5.750810e-01 -7.137144e-02 8.149773e-01 1.574060e+01
7.676472e-01 -4.300280e-01 4.751776e-01 1.758959e+00 5.332036e-01 8.399012e-01 -1.012910e-01 -8.976211e-01 -3.555443e-01 3.311222e-01 8.740403e-01 1.597440e+01
7.326411e-01 5.197512e-01 -4.394265e-01 1.719131e+00 -3.754450e-01 8.471398e-01 3.760255e-01 -8.960343e-01 5.676954e-01 -1.105113e-01 8.157875e-01 1.621795e+01
7.843657e-01 -4.315409e-01 4.455816e-01 1.658898e+00 5.377230e-01 8.311442e-01 -1.416099e-01 -8.800801e-01 -3.092321e-01 3.506734e-01 8.839704e-01 1.642580e+01
7.558903e-01 5.447870e-01 -3.630936e-01 1.585358e+00 -4.081048e-01 8.257441e-01 3.893547e-01 -8.805526e-01 5.119377e-01 -1.461292e-01 8.465022e-01 1.661601e+01
7.802828e-01 -5.024840e-01 3.723824e-01 1.587829e+00 5.934976e-01 7.827048e-01 -1.874399e-01 -8.870174e-01 -1.972799e-01 3.672642e-01 9.089542e-01 1.678618e+01
7.687223e-01 5.684379e-01 -2.931625e-01 1.554642e+00 -4.161436e-01 7.926044e-01 4.456488e-01 -8.758353e-01 4.856856e-01 -2.205825e-01 8.458445e-01 1.696897e+01
7.965423e-01 -4.150728e-01 4.395849e-01 1.461962e+00 5.531146e-01 7.938680e-01 -2.526615e-01 -8.736237e-01 -2.440994e-01 4.443964e-01 8.619323e-01 1.721971e+01
7.785162e-01 5.392763e-01 -3.210818e-01 1.384057e+00 -3.847548e-01 8.142545e-01 4.346876e-01 -8.713783e-01 4.958590e-01 -2.148736e-01 8.413995e-01 1.750914e+01
7.892495e-01 -4.082780e-01 4.586876e-01 1.318194e+00 5.605150e-01 7.840727e-01 -2.665576e-01 -8.780092e-01 -2.508148e-01 4.674817e-01 8.476749e-01 1.780954e+01
7.627175e-01 5.734423e-01 -2.990417e-01 1.419618e+00 -3.924338e-01 7.778998e-01 4.907827e-01 -8.742123e-01 5.140600e-01 -2.569745e-01 8.183559e-01 1.817305e+01
8.243935e-01 -3.234875e-01 4.644688e-01 1.396227e+00 5.107997e-01 7.787043e-01 -3.642847e-01 -8.757433e-01 -2.438423e-01 5.375644e-01 8.071960e-01 1.845782e+01
7.967549e-01 5.125901e-01 -3.200517e-01 1.289856e+00 -2.895656e-01 7.887014e-01 5.423116e-01 -8.746308e-01 5.304087e-01 -3.394135e-01 7.768302e-01 1.875549e+01
8.504925e-01 -2.576331e-01 4.585714e-01 1.196720e+00 4.531615e-01 8.015132e-01 -3.901554e-01 -8.785482e-01 -2.670341e-01 5.396311e-01 7.984303e-01 1.905293e+01
8.000174e-01 5.031944e-01 -3.267531e-01 1.108506e+00 -2.489285e-01 7.739049e-01 5.823279e-01 -8.843486e-01 5.458999e-01 -3.845343e-01 7.443968e-01 1.934552e+01
8.386411e-01 -2.135749e-01 5.010657e-01 1.030106e+00 4.584290e-01 7.735536e-01 -4.375589e-01 -8.827618e-01 -2.941495e-01 5.966579e-01 7.466428e-01 1.967385e+01
8.034621e-01 4.871467e-01 -3.422524e-01 9.496916e-01 -2.240600e-01 7.800261e-01 5.842571e-01 -8.889493e-01 5.515848e-01 -3.927434e-01 7.358715e-01 2.001380e+01
8.290364e-01 -1.528023e-01 5.379127e-01 8.654047e-01 4.444099e-01 7.638974e-01 -4.679323e-01 -8.914033e-01 -3.394089e-01 6.269866e-01 7.012056e-01 2.035981e+01
8.040044e-01 4.600179e-01 -3.767764e-01 8.029086e-01 -1.346777e-01 7.580510e-01 6.381384e-01 -8.958475e-01 5.791708e-01 -4.623227e-01 6.714305e-01 2.069378e+01
8.615097e-01 -1.113088e-01 4.953902e-01 7.385875e-01 3.952119e-01 7.595367e-01 -5.166348e-01 -8.989663e-01 -3.187611e-01 6.408700e-01 6.983388e-01 2.098865e+01
8.145023e-01 4.186900e-01 -4.016026e-01 6.567145e-01 -7.431717e-02 7.618212e-01 6.435103e-01 -9.055922e-01 5.753807e-01 -4.942946e-01 6.516209e-01 2.127020e+01
8.471097e-01 -4.350411e-02 5.296343e-01 5.670762e-01 3.618080e-01 7.771928e-01 -5.148458e-01 -9.078998e-01 -3.892301e-01 6.277569e-01 6.741077e-01 2.156446e+01
8.074715e-01 3.913883e-01 -4.413672e-01 4.663264e-01 -3.443467e-02 7.781952e-01 6.270777e-01 -9.049678e-01 5.889007e-01 -4.911490e-01 6.418478e-01 2.185558e+01
8.429649e-01 -7.703439e-03 5.379133e-01 3.706685e-01 3.515472e-01 7.647612e-01 -5.399581e-01 -9.129507e-01 -4.072157e-01 6.442677e-01 6.473750e-01 2.214965e+01
7.880280e-01 4.141211e-01 -4.555388e-01 2.727918e-01 -1.538224e-02 7.529577e-01 6.578891e-01 -9.193375e-01 6.154473e-01 -5.114278e-01 5.997218e-01 2.245035e+01
8.363007e-01 2.277565e-02 5.477977e-01 1.940901e-01 3.192738e-01 7.920214e-01 -5.203521e-01 -9.197084e-01 -4.457189e-01 6.100683e-01 6.550964e-01 2.273217e+01
7.878139e-01 3.746839e-01 -4.888367e-01 1.137393e-01 2.667252e-02 7.721785e-01 6.348456e-01 -9.143945e-01 6.153356e-01 -5.131787e-01 5.983392e-01 2.300499e+01
8.316900e-01 3.698671e-02 5.540070e-01 2.517642e-02 3.093341e-01 7.977237e-01 -5.176383e-01 -9.107931e-01 -4.610903e-01 6.018878e-01 6.520175e-01 2.325989e+01
7.864610e-01 3.310893e-01 -5.214009e-01 -6.016420e-02 6.258038e-02 7.971223e-01 6.005661e-01 -9.056087e-01 6.144613e-01 -5.049513e-01 6.061860e-01 2.352272e+01
8.471445e-01 7.235693e-02 5.264130e-01 -1.351427e-01 2.559358e-01 8.126322e-01 -5.235702e-01 -9.105533e-01 -4.656641e-01 5.782676e-01 6.698982e-01 2.376635e+01
7.941960e-01 2.807711e-01 -5.389066e-01 -1.921108e-01 1.341602e-01 7.839508e-01 6.061536e-01 -9.132988e-01 5.926666e-01 -5.537046e-01 5.849423e-01 2.401504e+01
8.455298e-01 9.225756e-02 5.258973e-01 -2.446795e-01 2.436698e-01 8.097300e-01 -5.338186e-01 -9.077010e-01 -4.750836e-01 5.795048e-01 6.621704e-01 2.426852e+01
8.104932e-01 2.842295e-01 -5.121664e-01 -3.099691e-01 9.705274e-02 7.971306e-01 5.959560e-01 -9.108300e-01 5.776518e-01 -5.327254e-01 6.184837e-01 2.451654e+01
8.399102e-01 8.016781e-02 5.367718e-01 -3.936127e-01 2.448324e-01 8.267066e-01 -5.065701e-01 -9.022689e-01 -4.843634e-01 5.568925e-01 6.747317e-01 2.479015e+01
7.611714e-01 3.408129e-01 -5.517832e-01 -4.745668e-01 1.009005e-01 7.782039e-01 6.198530e-01 -9.021639e-01 6.406537e-01 -5.274896e-01 5.579583e-01 2.500305e+01
7.747905e-01 1.095611e-01 6.226525e-01 -5.191701e-01 3.308250e-01 7.690099e-01 -5.469723e-01 -9.061279e-01 -5.387528e-01 6.297779e-01 5.595760e-01 2.528768e+01
6.926823e-01 4.319525e-01 -5.775883e-01 -5.940325e-01 6.110360e-02 7.627987e-01 6.437426e-01 -8.986490e-01 7.186498e-01 -4.812018e-01 5.019833e-01 2.559433e+01
7.728138e-01 6.637435e-02 6.311524e-01 -6.451311e-01 3.646568e-01 7.675071e-01 -5.272175e-01 -9.198390e-01 -5.194076e-01 6.375949e-01 5.689362e-01 2.582465e+01
7.090252e-01 3.998965e-01 -5.808321e-01 -7.244728e-01 1.011923e-01 7.574401e-01 6.450152e-01 -9.295718e-01 6.978849e-01 -5.161078e-01 4.965777e-01 2.608254e+01
7.632072e-01 9.464429e-02 6.391848e-01 -7.625399e-01 3.690163e-01 7.481867e-01 -5.514015e-01 -9.319783e-01 -5.304166e-01 6.567032e-01 5.360962e-01 2.633999e+01
7.100507e-01 2.958976e-01 -6.389622e-01 -4.758319e-01 7.365594e-02 8.712336e-01 4.853110e-01 -9.639159e-01 7.002877e-01 -3.916588e-01 5.968254e-01 2.662159e+01
7.508133e-01 1.643981e-01 6.397286e-01 -3.954039e-01 1.463723e-01 9.030383e-01 -4.038526e-01 -1.013483e+00 -6.440921e-01 3.968564e-01 6.539498e-01 2.693087e+01
6.491641e-01 2.995384e-01 -6.991872e-01 -4.404783e-01 7.704502e-02 8.885785e-01 4.522083e-01 -1.022097e+00 7.567364e-01 -3.474263e-01 5.537553e-01 2.727472e+01
7.872981e-01 1.235048e-01 6.040764e-01 -9.692714e-02 3.347933e-01 7.370884e-01 -5.870384e-01 -9.833998e-01 -5.177598e-01 6.644150e-01 5.389597e-01 2.795328e+01
5.329615e-01 3.652460e-01 -7.632479e-01 1.972301e-01 3.189493e-01 7.487770e-01 5.810373e-01 -1.034763e+00 7.837241e-01 -5.531079e-01 2.825744e-01 2.872293e+01
6.079547e-01 2.882252e-01 7.398090e-01 2.013300e-01 3.883392e-01 7.047761e-01 -5.937031e-01 -1.019416e+00 -6.925199e-01 6.482414e-01 3.165428e-01 2.907067e+01
5.020926e-01 3.805058e-01 -7.766069e-01 2.516373e-01 3.453215e-01 7.350972e-01 5.834253e-01 -1.029714e+00 7.928783e-01 -5.611126e-01 2.376900e-01 2.940182e+01
5.580662e-01 3.301215e-01 7.613028e-01 1.578150e-01 3.026350e-01 7.732918e-01 -5.571641e-01 -1.025153e+00 -7.726411e-01 5.413313e-01 3.316417e-01 2.969011e+01
5.320565e-01 3.022153e-01 -7.909373e-01 7.090691e-02 3.546777e-01 7.686760e-01 5.322978e-01 -1.016868e+00 7.688431e-01 -5.637403e-01 3.017900e-01 2.994344e+01
5.546014e-01 3.354655e-01 7.614987e-01 -2.010887e-02 2.866903e-01 7.820732e-01 -5.533265e-01 -1.010394e+00 -7.811696e-01 5.251899e-01 3.375642e-01 3.018143e+01
5.504956e-01 2.130885e-01 -8.071851e-01 -6.609254e-02 3.388167e-01 8.266417e-01 4.492959e-01 -1.024869e+00 7.629927e-01 -5.208232e-01 3.828647e-01 3.049089e+01
5.265127e-01 3.360992e-01 7.809108e-01 1.231420e-02 2.220252e-01 8.323030e-01 -5.079139e-01 -1.016833e+00 -8.206639e-01 4.408050e-01 3.635956e-01 3.095981e+01
5.550499e-01 1.357091e-01 -8.206721e-01 9.748500e-03 2.828360e-01 8.970267e-01 3.396276e-01 -1.017228e+00 7.822553e-01 -4.206259e-01 4.595112e-01 3.137692e+01
6.030729e-01 2.199775e-01 7.667548e-01 1.701105e-01 2.677687e-01 8.496222e-01 -4.543589e-01 -1.012713e+00 -7.514007e-01 4.793245e-01 4.534810e-01 3.180737e+01
4.504637e-01 3.782862e-01 -8.086915e-01 3.414708e-01 1.558635e-01 8.585663e-01 4.884368e-01 -1.033715e+00 8.790842e-01 -3.460686e-01 3.277920e-01 3.205926e+01
7.058303e-01 1.493395e-01 6.924603e-01 6.376185e-01 4.550468e-01 6.535787e-01 -6.047869e-01 -1.023642e+00 -5.428959e-01 7.419788e-01 3.933592e-01 3.259547e+01
4.193426e-01 4.950026e-01 -7.610021e-01 8.677116e-01 3.849681e-01 6.622050e-01 6.428718e-01 -1.140704e+00 8.221626e-01 -5.625451e-01 8.713051e-02 3.321910e+01
4.943950e-01 3.932383e-01 7.752014e-01 7.744389e-01 3.763031e-01 7.070912e-01 -5.986802e-01 -1.145053e+00 -7.835621e-01 5.876952e-01 2.016056e-01 3.356751e+01
4.568039e-01 4.258451e-01 -7.810161e-01 6.906256e-01 3.713462e-01 7.065299e-01 6.024264e-01 -1.144233e+00 8.083515e-01 -5.652181e-01 1.646097e-01 3.384238e+01
5.405131e-01 4.369106e-01 7.189957e-01 6.555763e-01 3.698875e-01 6.441636e-01 -6.695046e-01 -1.129249e+00 -7.556645e-01 6.278235e-01 1.865711e-01 3.426014e+01
3.548894e-01 4.257266e-01 -8.323523e-01 6.509682e-01 4.885444e-01 6.746278e-01 5.533549e-01 -1.169975e+00 7.971059e-01 -6.030209e-01 3.143193e-02 3.466829e+01
3.335317e-01 4.630019e-01 8.212100e-01 6.177634e-01 3.818175e-01 7.301057e-01 -5.667107e-01 -1.179116e+00 -8.619583e-01 5.025683e-01 6.673117e-02 3.498847e+01
3.291252e-01 4.203517e-01 -8.455655e-01 6.225797e-01 4.305574e-01 7.301512e-01 5.305652e-01 -1.183090e+00 8.404147e-01 -5.386869e-01 5.932563e-02 3.536839e+01
3.334054e-01 4.157615e-01 8.461579e-01 5.971612e-01 3.894456e-01 7.566225e-01 -5.252185e-01 -1.179518e+00 -8.585878e-01 5.046432e-01 9.034555e-02 3.576927e+01
2.650125e-01 4.340877e-01 -8.610089e-01 5.625623e-01 4.119839e-01 7.563546e-01 5.081308e-01 -1.175908e+00 8.718014e-01 -4.893828e-01 2.160631e-02 3.616925e+01
2.714573e-01 4.188708e-01 8.665207e-01 5.468708e-01 3.537124e-01 7.939030e-01 -4.945762e-01 -1.165257e+00 -8.950969e-01 4.407554e-01 6.735100e-02 3.652913e+01
2.145207e-01 4.704939e-01 -8.559301e-01 5.750164e-01 4.121682e-01 7.508745e-01 5.160474e-01 -1.164727e+00 8.854932e-01 -4.634900e-01 -3.284444e-02 3.684240e+01
2.510158e-01 4.048265e-01 8.792648e-01 5.290200e-01 3.215882e-01 8.218767e-01 -4.702124e-01 -1.161384e+00 -9.130017e-01 4.007919e-01 7.611658e-02 3.711999e+01
9.220540e-02 1.579149e-01 -9.831384e-01 7.272171e-01 6.063091e-01 7.743018e-01 1.812347e-01 -1.137985e+00 7.898655e-01 -6.127966e-01 -2.435045e-02 3.760568e+01
3.382586e-01 5.709576e-01 7.480565e-01 8.587634e-01 -1.282117e-01 8.154629e-01 -5.644307e-01 -1.160531e+00 -9.322783e-01 9.501395e-02 3.490408e-01 3.809629e+01
9.751515e-02 -2.467539e-01 -9.641594e-01 9.159962e-01 6.783794e-01 7.253327e-01 -1.170205e-01 -1.209992e+00 7.282116e-01 -6.426546e-01 2.381237e-01 3.836602e+01
3.709669e-01 5.839346e-01 7.220830e-01 9.775295e-01 -3.061355e-01 8.109974e-01 -4.985622e-01 -1.255288e+00 -8.767352e-01 -3.610521e-02 4.796163e-01 3.887489e+01
4.449613e-01 -4.943573e-01 -7.467398e-01 9.858584e-01 7.434773e-01 6.687611e-01 2.835303e-04 -1.316177e+00 4.992504e-01 -5.553103e-01 6.651162e-01 3.922972e+01
5.145379e-01 7.249321e-01 4.579565e-01 9.388269e-01 -5.255719e-01 6.886261e-01 -4.995681e-01 -1.315303e+00 -6.775138e-01 1.635767e-02 7.353282e-01 3.942035e+01
4.466721e-01 -4.832178e-01 -7.529838e-01 9.084177e-01 7.526675e-01 6.579540e-01 2.425082e-02 -1.321258e+00 4.837103e-01 -5.775786e-01 6.575921e-01 3.965872e+01
8.461254e-01 5.209954e-01 1.124083e-01 1.619005e+00 -4.037914e-01 7.642699e-01 -5.028360e-01 -1.149006e+00 -3.478855e-01 3.800728e-01 8.570416e-01 4.034049e+01
8.796280e-01 -2.320899e-01 -4.151974e-01 3.141686e+00 3.903305e-01 8.510505e-01 3.512195e-01 -1.420645e+00 2.718394e-01 -4.710067e-01 8.391996e-01 4.096249e+01
7.859431e-01 5.415775e-01 2.983074e-01 3.794669e+00 -3.653828e-01 7.960293e-01 -4.825275e-01 -1.542503e+00 -4.987874e-01 2.702427e-01 8.235168e-01 4.118886e+01
7.075250e-01 -3.742524e-01 -5.994527e-01 4.129684e+00 5.929562e-01 7.758733e-01 2.154614e-01 -1.559591e+00 3.844624e-01 -5.078935e-01 7.708650e-01 4.167984e+01
5.858800e-01 7.095856e-01 3.914498e-01 4.443755e+00 -5.449280e-01 7.024770e-01 -4.577985e-01 -1.582645e+00 -5.998317e-01 5.490302e-02 7.982403e-01 4.192531e+01
5.232913e-01 -5.361374e-01 -6.623616e-01 4.411235e+00 6.876944e-01 7.247080e-01 -4.329747e-02 -1.583534e+00 5.032322e-01 -4.328452e-01 7.479321e-01 4.218209e+01
5.096285e-01 7.235122e-01 4.656274e-01 4.319909e+00 -5.706677e-01 6.892526e-01 -4.463958e-01 -1.588888e+00 -6.439077e-01 -3.822245e-02 7.641478e-01 4.248469e+01
4.347175e-01 -5.565965e-01 -7.079696e-01 4.227767e+00 7.408015e-01 6.680329e-01 -7.032138e-02 -1.583092e+00 5.120877e-01 -4.938951e-01 7.027332e-01 4.275178e+01
4.623756e-01 7.524351e-01 4.690952e-01 4.172876e+00 -5.547353e-01 6.581960e-01 -5.089664e-01 -1.573993e+00 -6.917207e-01 -2.488998e-02 7.217361e-01 4.302034e+01
3.854756e-01 -5.209548e-01 -7.615870e-01 4.093744e+00 7.607923e-01 6.464751e-01 -5.714048e-02 -1.563347e+00 5.221146e-01 -5.573832e-01 6.455387e-01 4.326145e+01
5.439565e-01 6.998220e-01 4.629908e-01 4.025776e+00 -5.373855e-01 7.143002e-01 -4.483213e-01 -1.558597e+00 -6.444596e-01 -4.937256e-03 7.646224e-01 4.347159e+01
5.282751e-01 -5.837864e-01 -6.165378e-01 3.961043e+00 7.312904e-01 6.818020e-01 -1.898382e-02 -1.562969e+00 4.314392e-01 -4.408395e-01 7.870964e-01 4.369733e+01
5.893911e-01 6.842528e-01 4.294371e-01 3.888759e+00 -5.470822e-01 7.292081e-01 -4.110433e-01 -1.558100e+00 -5.944066e-01 7.327827e-03 8.041313e-01 4.391929e+01
5.460912e-01 -5.429462e-01 -6.379606e-01 3.806547e+00 6.888113e-01 7.244405e-01 -2.692707e-02 -1.553327e+00 4.767845e-01 -4.247298e-01 7.695980e-01 4.416436e+01
5.695241e-01 7.020320e-01 4.275434e-01 3.727189e+00 -5.818107e-01 7.117216e-01 -3.936353e-01 -1.550569e+00 -5.806364e-01 -2.456454e-02 8.137923e-01 4.442616e+01
5.356532e-01 -5.542672e-01 -6.370742e-01 3.652025e+00 6.767797e-01 7.329763e-01 -6.866623e-02 -1.548867e+00 5.050197e-01 -3.943776e-01 7.677378e-01 4.468457e+01
5.746576e-01 6.770252e-01 4.597885e-01 3.571828e+00 -5.674022e-01 7.344620e-01 -3.723175e-01 -1.543578e+00 -5.897655e-01 -4.692990e-02 8.062098e-01 4.494447e+01
5.428687e-01 -5.407143e-01 -6.425898e-01 3.495669e+00 6.481345e-01 7.563233e-01 -8.886358e-02 -1.545652e+00 5.340554e-01 -3.682434e-01 7.610398e-01 4.520509e+01
5.916926e-01 6.521010e-01 4.739876e-01 3.426792e+00 -5.737087e-01 7.536653e-01 -3.206976e-01 -1.549538e+00 -5.663552e-01 -8.217645e-02 8.200542e-01 4.544627e+01
5.506216e-01 -5.541396e-01 -6.242957e-01 3.346890e+00 6.261875e-01 7.687468e-01 -1.300677e-01 -1.549851e+00 5.520009e-01 -3.193081e-01 7.702839e-01 4.570140e+01
5.923606e-01 6.247911e-01 5.086698e-01 3.262701e+00 -5.987910e-01 7.638227e-01 -2.408821e-01 -1.553534e+00 -5.390345e-01 -1.618979e-01 8.265778e-01 4.595160e+01
5.428586e-01 -5.984132e-01 -5.892420e-01 3.199124e+00 6.094005e-01 7.634607e-01 -2.139131e-01 -1.560989e+00 5.778715e-01 -2.429598e-01 7.791245e-01 4.620033e+01
5.994888e-01 5.929660e-01 5.375914e-01 3.103578e+00 -6.207628e-01 7.684495e-01 -1.553671e-01 -1.559538e+00 -5.052393e-01 -2.405759e-01 8.287681e-01 4.646590e+01
4.975568e-01 -6.473628e-01 -5.773722e-01 3.022769e+00 6.213725e-01 7.304280e-01 -2.834980e-01 -1.553443e+00 6.052549e-01 -2.177069e-01 7.656829e-01 4.670144e+01
5.278488e-01 6.118140e-01 5.891174e-01 2.968780e+00 -6.345976e-01 7.451010e-01 -2.052082e-01 -1.549361e+00 -5.645012e-01 -2.655336e-01 7.815563e-01 4.693663e+01
5.067169e-01 -6.018050e-01 -6.173077e-01 2.890848e+00 5.826339e-01 7.668191e-01 -2.693068e-01 -1.545067e+00 6.354335e-01 -2.232021e-01 7.391922e-01 4.720016e+01
5.453606e-01 5.566081e-01 6.267130e-01 2.807442e+00 -6.329058e-01 7.636605e-01 -1.274869e-01 -1.537786e+00 -5.495562e-01 -3.271239e-01 7.687508e-01 4.744748e+01
4.972455e-01 -6.198445e-01 -6.070748e-01 2.736741e+00 5.274228e-01 7.715322e-01 -3.557574e-01 -1.536858e+00 6.888920e-01 -1.432863e-01 7.105609e-01 4.768760e+01
5.642433e-01 4.988055e-01 6.578925e-01 2.648224e+00 -6.315372e-01 7.740260e-01 -4.521686e-02 -1.531287e+00 -5.317803e-01 -3.899703e-01 7.517532e-01 4.793996e+01
5.414946e-01 -6.112955e-01 -5.771494e-01 2.563460e+00 4.711233e-01 7.892291e-01 -3.939039e-01 -1.528090e+00 6.962948e-01 -5.861167e-02 7.153588e-01 4.818890e+01
5.581233e-01 4.723819e-01 6.821684e-01 2.469272e+00 -6.401742e-01 7.681862e-01 -8.181429e-03 -1.524531e+00 -5.278972e-01 -4.321404e-01 7.311493e-01 4.844606e+01
5.475544e-01 -6.243267e-01 -5.571358e-01 2.376543e+00 4.497107e-01 7.810499e-01 -4.332682e-01 -1.517086e+00 7.056518e-01 -1.331202e-02 7.084337e-01 4.868173e+01
5.837329e-01 4.533036e-01 6.736258e-01 2.327278e+00 -6.172514e-01 7.867471e-01 5.455012e-03 -1.521193e+00 -5.275004e-01 -4.189807e-01 7.390524e-01 4.893446e+01
4.730271e-01 -6.257651e-01 -6.202123e-01 2.304233e+00 4.179107e-01 7.790786e-01 -4.673191e-01 -1.517322e+00 7.756262e-01 -3.813875e-02 6.300393e-01 4.918872e+01
5.844895e-01 4.021382e-01 7.047389e-01 2.246151e+00 -6.182356e-01 7.832322e-01 6.581818e-02 -1.506012e+00 -5.255062e-01 -4.741647e-01 7.064072e-01 4.943660e+01
5.347360e-01 -5.728848e-01 -6.211766e-01 2.163905e+00 3.409021e-01 8.188815e-01 -4.617562e-01 -1.495673e+00 7.732032e-01 3.515728e-02 6.331831e-01 4.967443e+01
6.031166e-01 3.600973e-01 7.117446e-01 2.106760e+00 -5.222858e-01 8.526975e-01 1.116297e-02 -1.482967e+00 -6.028830e-01 -3.784666e-01 7.023497e-01 4.991595e+01
5.417592e-01 -5.771248e-01 -6.110842e-01 2.066439e+00 3.899134e-01 8.166195e-01 -4.255586e-01 -1.483886e+00 7.446237e-01 -7.719611e-03 6.674398e-01 5.013643e+01
5.942677e-01 3.611892e-01 7.186016e-01 2.008371e+00 -5.759873e-01 8.147226e-01 6.682653e-02 -1.488719e+00 -5.613239e-01 -4.536183e-01 6.922037e-01 5.037153e+01
5.595042e-01 -5.661436e-01 -6.053400e-01 1.953903e+00 3.601002e-01 8.238674e-01 -4.376874e-01 -1.483065e+00 7.465138e-01 2.690487e-02 6.648257e-01 5.061661e+01
5.424460e-01 3.777480e-01 7.503724e-01 1.892277e+00 -6.007522e-01 7.987880e-01 3.216406e-02 -1.480161e+00 -5.872386e-01 -4.682351e-01 6.602324e-01 5.090215e+01
5.362462e-01 -5.805801e-01 -6.126718e-01 1.794013e+00 3.474031e-01 8.133433e-01 -4.666730e-01 -1.469862e+00 7.692536e-01 3.740750e-02 6.378476e-01 5.120729e+01
5.818999e-01 3.271004e-01 7.445789e-01 1.724634e+00 -5.873577e-01 8.022790e-01 1.065805e-01 -1.463240e+00 -5.624975e-01 -4.993534e-01 6.589710e-01 5.146267e+01
5.653076e-01 -6.342514e-01 -5.274016e-01 1.754922e+00 3.363743e-01 7.610427e-01 -5.546768e-01 -1.460200e+00 7.531797e-01 1.361587e-01 6.435691e-01 5.175409e+01
6.214819e-01 3.250494e-01 7.128136e-01 1.824133e+00 -6.425848e-01 7.319840e-01 2.264601e-01 -1.473139e+00 -4.481574e-01 -5.987840e-01 6.637866e-01 5.205788e+01
6.309218e-01 -6.060609e-01 -4.843841e-01 1.859063e+00 2.452676e-01 7.481165e-01 -6.165757e-01 -1.474721e+00 7.360581e-01 2.702073e-01 6.206500e-01 5.238693e+01
6.279891e-01 2.984258e-01 7.187293e-01 1.858173e+00 -6.706755e-01 6.759993e-01 3.053184e-01 -1.480302e+00 -3.947456e-01 -6.737708e-01 6.246670e-01 5.267681e+01
5.945502e-01 -6.444895e-01 -4.807737e-01 1.831108e+00 2.294439e-01 7.090620e-01 -6.667733e-01 -1.479311e+00 7.706267e-01 2.861196e-01 5.694471e-01 5.289639e+01
6.625342e-01 2.331211e-01 7.118307e-01 1.821021e+00 -6.109105e-01 7.180557e-01 3.334433e-01 -1.485719e+00 -4.334014e-01 -6.557824e-01 6.181526e-01 5.309707e+01
6.363618e-01 -5.945088e-01 -4.915312e-01 1.778494e+00 1.635991e-01 7.267207e-01 -6.671674e-01 -1.490458e+00 7.538428e-01 3.441458e-01 5.597184e-01 5.333020e+01
6.921794e-01 1.635450e-01 7.029514e-01 1.711775e+00 -5.906568e-01 6.880724e-01 4.215223e-01 -1.494831e+00 -4.147436e-01 -7.069720e-01 5.728685e-01 5.356765e+01
6.691535e-01 -5.921482e-01 -4.489922e-01 1.654040e+00 1.068463e-01 6.745819e-01 -7.304267e-01 -1.491583e+00 7.354029e-01 4.407944e-01 5.146677e-01 5.378203e+01
7.210699e-01 7.601574e-02 6.886798e-01 1.611629e+00 -5.430231e-01 6.793433e-01 4.935774e-01 -1.493884e+00 -4.303303e-01 -7.298728e-01 5.311323e-01 5.399047e+01
7.055453e-01 -5.153390e-01 -4.864479e-01 1.569372e+00 -7.760983e-03 6.807687e-01 -7.324574e-01 -1.488809e+00 7.086223e-01 5.205572e-01 4.763136e-01 5.421231e+01
7.679904e-01 3.755875e-03 6.404504e-01 1.587444e+00 -4.881162e-01 6.508429e-01 5.815034e-01 -1.487885e+00 -4.146485e-01 -7.592032e-01 5.016744e-01 5.441664e+01
7.350890e-01 -4.708015e-01 -4.878422e-01 1.648883e+00 -4.126747e-02 6.871567e-01 -7.253362e-01 -1.498938e+00 6.767135e-01 5.533187e-01 4.856926e-01 5.463476e+01
7.981050e-01 -2.888639e-02 6.018256e-01 1.686503e+00 -4.516444e-01 6.324544e-01 6.293002e-01 -1.502365e+00 -3.988055e-01 -7.740588e-01 4.917187e-01 5.487915e+01
7.402949e-01 -4.128105e-01 -5.306137e-01 1.679886e+00 -1.373849e-01 6.797212e-01 -7.204890e-01 -1.503820e+00 6.580948e-01 6.062727e-01 4.464803e-01 5.508546e+01
7.486085e-01 -2.013551e-01 6.316972e-01 1.612439e+00 -3.684530e-01 6.657546e-01 6.488553e-01 -1.491010e+00 -5.512057e-01 -7.184893e-01 4.241997e-01 5.530595e+01
5.261292e-01 -5.850890e-01 -6.171377e-01 1.943743e+00 -2.489130e-01 5.879642e-01 -7.696366e-01 -1.435522e+00 8.131607e-01 5.585419e-01 1.637089e-01 5.583008e+01
8.779431e-01 -2.465166e-01 4.104211e-01 2.197691e+00 -2.574282e-01 4.797165e-01 8.388103e-01 -1.464756e+00 -4.036665e-01 -8.420817e-01 3.577035e-01 5.653420e+01
8.571260e-01 -2.013246e-01 -4.741344e-01 2.109671e+00 -3.221057e-01 5.088168e-01 -7.983442e-01 -1.454003e+00 4.019739e-01 8.370029e-01 3.712723e-01 5.677669e+01
8.711344e-01 -3.217088e-01 3.709829e-01 2.062672e+00 -1.721263e-01 5.075051e-01 8.442814e-01 -1.441397e+00 -4.598885e-01 -7.993385e-01 3.867306e-01 5.699914e+01
7.780290e-01 -1.514249e-01 -6.097060e-01 2.128721e+00 -4.490350e-01 5.447050e-01 -7.082824e-01 -1.461555e+00 4.393615e-01 8.248436e-01 3.558012e-01 5.724554e+01
8.666087e-01 -3.952166e-01 3.046198e-01 2.151455e+00 -4.047872e-02 5.527821e-01 8.323422e-01 -1.467964e+00 -4.973438e-01 -7.336456e-01 4.630479e-01 5.744941e+01
8.441309e-01 -1.883783e-02 -5.358060e-01 2.100527e+00 -4.362193e-01 5.568866e-01 -7.068169e-01 -1.464430e+00 3.116981e-01 8.303749e-01 4.618677e-01 5.766686e+01
8.724732e-01 -4.205035e-01 2.489323e-01 2.032038e+00 1.981903e-02 5.394470e-01 8.417863e-01 -1.459341e+00 -4.882599e-01 -7.295024e-01 4.789870e-01 5.789595e+01
8.435819e-01 3.651122e-02 -5.357578e-01 1.967662e+00 -4.640395e-01 5.516632e-01 -6.930621e-01 -1.454742e+00 2.702533e-01 8.332674e-01 4.823158e-01 5.814190e+01
8.785818e-01 -4.400395e-01 1.856321e-01 1.914951e+00 7.229318e-02 5.067389e-01 8.590631e-01 -1.454348e+00 -4.720887e-01 -7.413373e-01 4.770234e-01 5.837609e+01
8.309767e-01 1.247125e-01 -5.421481e-01 1.857041e+00 -5.192736e-01 5.235161e-01 -6.754893e-01 -1.460395e+00 1.995813e-01 8.428390e-01 4.997896e-01 5.859487e+01
8.460304e-01 -5.235543e-01 1.006148e-01 1.800960e+00 2.020477e-01 4.895128e-01 8.482653e-01 -1.457962e+00 -4.933652e-01 -6.973293e-01 5.199256e-01 5.879593e+01
8.061979e-01 2.313893e-01 -5.445217e-01 1.761780e+00 -5.765106e-01 5.140753e-01 -6.351080e-01 -1.457238e+00 1.329680e-01 8.259453e-01 5.478448e-01 5.896418e+01
7.839489e-01 -6.172467e-01 6.656242e-02 1.717942e+00 3.141326e-01 4.868633e-01 8.150367e-01 -1.459551e+00 -5.354855e-01 -6.180378e-01 5.755732e-01 5.914174e+01
7.258690e-01 3.197726e-01 -6.089824e-01 1.669016e+00 -6.731185e-01 5.123875e-01 -5.332640e-01 -1.459478e+00 1.415117e-01 7.969972e-01 5.871711e-01 5.933132e+01
7.533883e-01 -6.511348e-01 9.181239e-02 1.684533e+00 3.405489e-01 5.057871e-01 7.925944e-01 -1.472468e+00 -5.625233e-01 -5.658648e-01 6.027973e-01 5.955540e+01
6.637817e-01 4.086115e-01 -6.264428e-01 1.671761e+00 -7.400094e-01 4.803469e-01 -4.708003e-01 -1.478412e+00 1.085354e-01 7.760821e-01 6.212218e-01 5.974611e+01
6.454411e-01 -7.636567e-01 -1.530389e-02 1.601590e+00 5.042213e-01 4.109457e-01 7.595291e-01 -1.474118e+00 -5.737304e-01 -4.979479e-01 6.502932e-01 5.990518e+01
5.873863e-01 5.083840e-01 -6.297008e-01 1.549312e+00 -8.048191e-01 4.487587e-01 -3.884352e-01 -1.471858e+00 8.510946e-02 7.349567e-01 6.727518e-01 6.007488e+01
5.773296e-01 -8.165073e-01 2.533156e-03 1.495542e+00 6.012493e-01 4.272216e-01 6.752637e-01 -1.473221e+00 -5.524400e-01 -3.883266e-01 7.375720e-01 6.025113e+01
5.805197e-01 5.479899e-01 -6.022491e-01 1.452538e+00 -8.111274e-01 4.538696e-01 -3.688831e-01 -1.471405e+00 7.119835e-02 7.026446e-01 7.079698e-01 6.045779e+01
5.937557e-01 -8.042154e-01 2.630203e-02 1.398835e+00 5.828101e-01 4.523690e-01 6.750516e-01 -1.465924e+00 -5.547851e-01 -3.854867e-01 7.373015e-01 6.064642e+01
5.947301e-01 5.620490e-01 -5.748018e-01 1.366662e+00 -8.035146e-01 4.384364e-01 -4.026634e-01 -1.462861e+00 2.569748e-02 7.013377e-01 7.123659e-01 6.087172e+01
5.765130e-01 -8.163450e-01 3.483726e-02 1.409623e+00 5.813287e-01 4.397565e-01 6.845956e-01 -1.444101e+00 -5.741861e-01 -3.744264e-01 7.280901e-01 6.118208e+01
5.461028e-01 5.680339e-01 -6.157185e-01 1.432403e+00 -8.342004e-01 4.360289e-01 -3.376217e-01 -1.428195e+00 7.669051e-02 6.980088e-01 7.119707e-01 6.141461e+01
5.950255e-01 -8.021819e-01 -4.948609e-02 1.367108e+00 6.261290e-01 4.240726e-01 6.543126e-01 -1.430845e+00 -5.038920e-01 -4.203174e-01 7.546033e-01 6.165913e+01
5.407770e-01 6.615883e-01 -5.194816e-01 1.288379e+00 -8.408312e-01 4.425818e-01 -3.116477e-01 -1.434422e+00 2.373056e-02 6.053282e-01 7.956221e-01 6.187948e+01
5.444191e-01 -8.378807e-01 -3.954389e-02 1.233945e+00 7.204809e-01 4.429559e-01 5.335704e-01 -1.444396e+00 -4.295521e-01 -3.189765e-01 8.448307e-01 6.208533e+01
4.396410e-01 7.866200e-01 -4.335260e-01 1.158805e+00 -8.973930e-01 4.048221e-01 -1.755134e-01 -1.452575e+00 3.743855e-02 4.662061e-01 8.838836e-01 6.229435e+01
4.803352e-01 -8.765052e-01 3.188651e-02 1.117925e+00 7.805182e-01 4.437515e-01 4.403134e-01 -1.455683e+00 -4.000867e-01 -1.866101e-01 8.972777e-01 6.252903e+01
4.210139e-01 8.164397e-01 -3.951880e-01 1.116613e+00 -9.061281e-01 3.982506e-01 -1.425774e-01 -1.464209e+00 4.097802e-02 4.181180e-01 9.074680e-01 6.275695e+01
4.504208e-01 -8.910970e-01 -5.538163e-02 1.070411e+00 8.297016e-01 3.948656e-01 3.945585e-01 -1.461143e+00 -3.297216e-01 -2.236676e-01 9.172003e-01 6.301991e+01
3.593135e-01 8.664214e-01 -3.467098e-01 9.926046e-01 -9.331427e-01 3.288856e-01 -1.451856e-01 -1.452892e+00 -1.176408e-02 3.756969e-01 9.266679e-01 6.328738e+01
3.557528e-01 -9.330866e-01 -5.281431e-02 9.465264e-01 8.977939e-01 3.255050e-01 2.966692e-01 -1.454597e+00 -2.596268e-01 -1.529573e-01 9.535188e-01 6.350235e+01
3.153856e-01 9.160081e-01 -2.479134e-01 8.742778e-01 -9.476032e-01 3.179802e-01 -3.060716e-02 -1.461716e+00 5.079514e-02 2.445766e-01 9.682986e-01 6.370324e+01
3.523657e-01 -9.355433e-01 -2.443664e-02 7.987433e-01 9.233669e-01 3.432897e-01 1.718885e-01 -1.460152e+00 -1.524203e-01 -8.313160e-02 9.848133e-01 6.391615e+01
3.736681e-01 9.076784e-01 -1.910292e-01 7.228207e-01 -9.260707e-01 3.767453e-01 -2.135569e-02 -1.468426e+00 5.258524e-02 1.848865e-01 9.813520e-01 6.415891e+01
3.035687e-01 -9.341100e-01 1.878416e-01 1.005242e+00 9.526827e-01 3.007886e-01 -4.384008e-02 -1.433281e+00 -1.554917e-02 1.922619e-01 9.812204e-01 6.472192e+01
2.329090e-01 9.691564e-01 -8.055563e-02 1.188594e+00 -7.970545e-01 2.376939e-01 5.551628e-01 -1.463919e+00 5.571872e-01 -6.509517e-02 8.278315e-01 6.530344e+01
3.486473e-01 -7.942102e-01 4.976699e-01 1.118690e+00 9.340407e-01 3.383551e-01 -1.143845e-01 -1.461259e+00 -7.754378e-02 5.047238e-01 8.597912e-01 6.553890e+01
3.785370e-01 9.190380e-01 -1.099036e-01 1.116867e+00 -7.119498e-01 3.649835e-01 5.999287e-01 -1.462849e+00 5.914703e-01 -1.488494e-01 7.924687e-01 6.570813e+01
4.099322e-01 -7.339944e-01 5.414866e-01 1.121619e+00 9.120957e-01 3.338308e-01 -2.379882e-01 -1.469430e+00 -6.082886e-03 5.914467e-01 8.063212e-01 6.586160e+01
4.271920e-01 8.992471e-01 -9.413594e-02 1.174918e+00 -7.423827e-01 4.082805e-01 5.312014e-01 -1.464172e+00 5.161152e-01 -1.570401e-01 8.419997e-01 6.607228e+01
4.582524e-01 -7.430051e-01 4.877994e-01 1.270631e+00 8.815408e-01 3.098304e-01 -3.562175e-01 -1.512167e+00 1.135363e-01 5.932526e-01 7.969698e-01 6.634316e+01
2.702506e-01 9.555989e-01 1.174533e-01 1.226331e+00 -6.816729e-01 1.037627e-01 7.242620e-01 -1.543089e+00 6.799167e-01 -2.757969e-01 6.794478e-01 6.669717e+01
3.661953e-01 -6.819424e-01 6.331315e-01 1.196870e+00 9.185215e-01 1.559088e-01 -3.633328e-01 -1.549695e+00 1.490613e-01 7.145957e-01 6.834718e-01 6.692484e+01
3.585369e-01 9.163881e-01 1.780005e-01 1.138330e+00 -5.681855e-01 6.292929e-02 8.204908e-01 -1.547672e+00 7.406866e-01 -3.953135e-01 5.432409e-01 6.715120e+01
4.333795e-01 -5.690538e-01 6.988276e-01 1.148842e+00 8.723046e-01 7.005139e-02 -4.839189e-01 -1.553214e+00 2.264221e-01 8.193111e-01 5.267470e-01 6.729814e+01
4.981073e-01 8.462726e-01 1.889758e-01 1.142595e+00 -4.518683e-01 6.732729e-02 8.895404e-01 -1.566673e+00 7.400704e-01 -5.284788e-01 4.159399e-01 6.743963e+01
5.701062e-01 -4.728090e-01 6.718858e-01 1.137177e+00 7.915132e-01 9.690329e-02 -6.034208e-01 -1.566099e+00 2.201949e-01 8.758204e-01 4.294798e-01 6.763569e+01
5.947042e-01 7.625515e-01 2.546411e-01 1.139177e+00 -4.198093e-01 2.443203e-02 9.072834e-01 -1.569735e+00 6.856290e-01 -6.464660e-01 3.346561e-01 6.786408e+01
5.680102e-01 -5.258255e-01 6.331445e-01 1.237203e+00 7.220414e-01 -5.083447e-02 -6.899798e-01 -1.566141e+00 3.949945e-01 8.490721e-01 3.507933e-01 6.821208e+01
6.170202e-01 7.548170e-01 2.225700e-01 1.415003e+00 -4.112131e-01 6.811286e-02 9.089909e-01 -1.546991e+00 6.709619e-01 -6.523894e-01 3.524177e-01 6.855793e+01
