9.970517e-01 7.525911e-02 -1.496527e-02 -6.797628e-02 -7.567494e-02 9.966963e-01 -2.949235e-02 -1.610360e-02 1.269626e-02 3.053789e-02 9.994530e-01 4.260601e-01
9.997135e-01 9.256069e-03 -2.207292e-02 -1.439286e-01 -9.103588e-03 9.999341e-01 6.998545e-03 -2.601218e-02 2.213625e-02 -6.795596e-03 9.997319e-01 8.417756e-01
9.991635e-01 4.023020e-02 -7.331290e-03 -2.038630e-01 -4.058119e-02 9.975744e-01 -5.655567e-02 -4.308849e-02 5.038261e-03 5.680588e-02 9.983725e-01 1.306096e+00
9.968457e-01 6.520654e-02 -4.524074e-02 -2.643791e-01 -6.410889e-02 9.976220e-01 2.530482e-02 -6.454306e-02 4.678320e-02 -2.232466e-02 9.986556e-01 1.745449e+00
9.994375e-01 3.027309e-02 -1.442949e-02 -3.384275e-01 -3.034585e-02 9.995277e-01 -4.850434e-03 -8.305893e-02 1.427584e-02 5.285580e-03 9.998841e-01 2.139270e+00
9.989379e-01 4.105379e-02 -2.092049e-02 -4.042180e-01 -4.195846e-02 9.981138e-01 -4.481437e-02 -9.448062e-02 1.904123e-02 4.564457e-02 9.987763e-01 2.554632e+00
9.985095e-01 4.338122e-02 -3.311905e-02 -4.786724e-01 -4.423447e-02 9.986962e-01 -2.548022e-02 -1.208735e-01 3.197051e-02 2.690725e-02 9.991266e-01 3.031947e+00
9.973857e-01 5.714669e-02 -4.422631e-02 -5.702944e-01 -5.708810e-02 9.983658e-01 2.587580e-03 -1.405315e-01 4.430190e-02 -5.601847e-05 9.990182e-01 3.457009e+00
9.999270e-01 2.953770e-03 -1.171630e-02 -6.532118e-01 -3.145932e-03 9.998603e-01 -1.641678e-02 -1.567194e-01 1.166618e-02 1.645244e-02 9.997966e-01 3.812117e+00
9.966306e-01 6.006444e-02 -5.585509e-02 -7.396223e-01 -6.152314e-02 9.977982e-01 -2.477216e-02 -1.711199e-01 5.424419e-02 2.812508e-02 9.981315e-01 4.187115e+00
9.995460e-01 2.099773e-02 -2.160645e-02 -8.337708e-01 -2.119179e-02 9.997368e-01 -8.791792e-03 -1.866793e-01 2.141616e-02 9.245679e-03 9.997279e-01 4.560124e+00
9.980656e-01 4.532671e-02 -4.255001e-02 -9.248733e-01 -4.659028e-02 9.984875e-01 -2.918923e-02 -2.008667e-01 4.116260e-02 3.111518e-02 9.986679e-01 4.928046e+00
9.988348e-01 1.853471e-02 -4.455807e-02 -1.010777e+00 -1.798497e-02 9.997575e-01 1.270707e-02 -2.185087e-01 4.478279e-02 -1.189089e-02 9.989260e-01 5.270402e+00
9.981946e-01 4.829762e-02 -3.570632e-02 -1.097148e+00 -4.989461e-02 9.977277e-01 -4.527666e-02 -2.361086e-01 3.343843e-02 4.697647e-02 9.983362e-01 5.616737e+00
9.993455e-01 1.666976e-02 -3.210364e-02 -1.192874e+00 -1.627687e-02 9.997899e-01 1.246100e-02 -2.547308e-01 3.230462e-02 -1.193030e-02 9.994069e-01 5.978343e+00
9.978389e-01 6.008519e-02 -2.659361e-02 -1.275763e+00 -6.201717e-02 9.949405e-01 -7.904014e-02 -2.758816e-01 2.170991e-02 8.051859e-02 9.965167e-01 6.368041e+00
9.994045e-01 -3.033464e-02 -1.644297e-02 -1.354030e+00 3.045157e-02 9.995124e-01 6.908133e-03 -2.953839e-01 1.622540e-02 -7.404734e-03 9.998409e-01 6.794938e+00
9.958109e-01 7.982355e-02 -4.459581e-02 -1.413690e+00 -8.037245e-02 9.967080e-01 -1.065118e-02 -3.146177e-01 4.359879e-02 1.419084e-02 9.989483e-01 7.252158e+00
9.999157e-01 9.047873e-03 9.317934e-03 -1.431057e+00 -8.497764e-03 9.983108e-01 -5.747442e-02 -3.260202e-01 -9.822215e-03 5.739039e-02 9.983035e-01 7.682286e+00
9.967816e-01 7.523242e-02 -2.768515e-02 -1.522765e+00 -7.490813e-02 9.971112e-01 1.257163e-02 -3.424107e-01 2.855097e-02 -1.045732e-02 9.995376e-01 8.148705e+00
9.999840e-01 1.831451e-03 5.351292e-03 -1.605563e+00 -1.359535e-03 9.962164e-01 -8.689652e-02 -3.651563e-01 -5.490191e-03 8.688786e-02 9.962030e-01 8.621488e+00
9.880842e-01 1.266457e-01 -8.746707e-02 -1.688161e+00 -1.168467e-01 9.871175e-01 1.092971e-01 -3.897208e-01 1.001823e-01 -9.777451e-02 9.901533e-01 9.047730e+00
9.996656e-01 -2.191680e-02 1.372101e-02 -1.670017e+00 2.377590e-02 9.876963e-01 -1.545662e-01 -4.124198e-01 -1.016459e-02 1.548408e-01 9.878871e-01 9.429376e+00
9.861828e-01 1.030575e-01 -1.297022e-01 -1.651772e+00 -8.692175e-02 9.884103e-01 1.244575e-01 -4.534806e-01 1.410253e-01 -1.114639e-01 9.837112e-01 9.811696e+00
9.932637e-01 -3.034566e-02 1.118314e-01 -1.711518e+00 4.890604e-02 9.847145e-01 -1.671693e-01 -4.738650e-01 -1.050492e-01 1.715125e-01 9.795653e-01 1.023838e+01
9.715278e-01 1.351426e-01 -1.946029e-01 -1.783600e+00 -1.094860e-01 9.844896e-01 1.370879e-01 -4.942731e-01 2.101109e-01 -1.118784e-01 9.712552e-01 1.064052e+01
9.858467e-01 -3.888865e-02 1.630764e-01 -1.877809e+00 6.432630e-02 9.860156e-01 -1.537382e-01 -5.148464e-01 -1.548172e-01 1.620524e-01 9.745618e-01 1.102762e+01
9.770766e-01 1.103264e-01 -1.820695e-01 -1.970053e+00 -9.481519e-02 9.912504e-01 9.182969e-02 -5.230775e-01 1.906077e-01 -7.246169e-02 9.789882e-01 1.143397e+01
9.781851e-01 -3.903794e-02 2.040344e-01 -2.032387e+00 5.907500e-02 9.939070e-01 -9.305392e-02 -5.361484e-01 -1.991586e-01 1.030773e-01 9.745311e-01 1.182289e+01
9.650229e-01 1.058183e-01 -2.398608e-01 -2.100982e+00 -9.422935e-02 9.937821e-01 5.931306e-02 -5.434458e-01 2.446458e-01 -3.463653e-02 9.689937e-01 1.221904e+01
9.829739e-01 -2.550812e-02 1.819663e-01 -2.168757e+00 3.713391e-02 9.974607e-01 -6.077122e-02 -5.625434e-01 -1.799540e-01 6.649364e-02 9.814251e-01 1.262801e+01
9.644588e-01 1.162104e-01 -2.373064e-01 -2.212675e+00 -1.225944e-01 9.923810e-01 -1.227239e-02 -5.771413e-01 2.340722e-01 4.092867e-02 9.713573e-01 1.309521e+01
9.858389e-01 -2.955132e-03 1.676694e-01 -2.280060e+00 3.190968e-03 9.999943e-01 -1.137146e-03 -5.845194e-01 -1.676651e-01 1.656070e-03 9.858426e-01 1.350075e+01
9.766260e-01 5.027979e-02 -2.089822e-01 -2.377131e+00 -5.610518e-02 9.981816e-01 -2.203738e-02 -5.873825e-01 2.074941e-01 3.324726e-02 9.776711e-01 1.385588e+01
9.894275e-01 5.669383e-03 1.449176e-01 -2.456445e+00 -5.672506e-03 9.999838e-01 -3.916522e-04 -5.945898e-01 -1.449175e-01 -4.345345e-04 9.894436e-01 1.419113e+01
9.783951e-01 5.001545e-02 -2.006028e-01 -2.536712e+00 -5.770085e-02 9.978000e-01 -3.264569e-02 -6.023183e-01 1.985287e-01 4.351534e-02 9.791286e-01 1.453992e+01
9.918834e-01 1.819147e-02 1.258430e-01 -2.609033e+00 -2.244999e-02 9.992194e-01 3.250481e-02 -6.181417e-01 -1.251534e-01 -3.506615e-02 9.915175e-01 1.489613e+01
9.789288e-01 3.176352e-02 -2.017161e-01 -2.687284e+00 -4.753714e-02 9.961365e-01 -7.383979e-02 -6.305611e-01 1.985914e-01 8.187291e-02 9.766567e-01 1.526166e+01
9.899932e-01 3.871266e-02 1.357012e-01 -2.760576e+00 -4.848935e-02 9.964031e-01 6.949624e-02 -6.550903e-01 -1.325227e-01 -7.538086e-02 9.883094e-01 1.565218e+01
9.772877e-01 2.143647e-02 -2.108300e-01 -2.840945e+00 -3.953567e-02 9.958470e-01 -8.201055e-02 -6.591675e-01 2.081964e-01 8.848321e-02 9.740765e-01 1.599832e+01
9.816540e-01 -3.821491e-03 1.906326e-01 -2.912029e+00 -1.234874e-02 9.964259e-01 8.356401e-02 -6.646234e-01 -1.902706e-01 -8.438502e-02 9.780983e-01 1.635099e+01
9.709150e-01 2.978773e-02 -2.375643e-01 -2.972872e+00 -5.151736e-02 9.949804e-01 -8.579057e-02 -6.725715e-01 2.338163e-01 9.553403e-02 9.675759e-01 1.671393e+01
9.898857e-01 3.708017e-02 1.369353e-01 -3.054722e+00 -4.921215e-02 9.950529e-01 8.630117e-02 -6.862675e-01 -1.330578e-01 -9.216718e-02 9.868135e-01 1.706341e+01
9.762369e-01 4.466267e-03 -2.166601e-01 -3.148452e+00 -3.279831e-02 9.913155e-01 -1.273489e-01 -7.013171e-01 2.142098e-01 1.314288e-01 9.679053e-01 1.739289e+01
9.815316e-01 4.658923e-02 1.855401e-01 -3.183791e+00 -6.206015e-02 9.949833e-01 7.846548e-02 -7.313612e-01 -1.809537e-01 -8.853100e-02 9.794989e-01 1.777732e+01
9.660376e-01 4.424771e-02 -2.545850e-01 -3.267842e+00 -6.840516e-02 9.938719e-01 -8.682915e-02 -7.387656e-01 2.491829e-01 1.012952e-01 9.631444e-01 1.814917e+01
9.780432e-01 -1.604329e-02 2.077836e-01 -3.361903e+00 1.697298e-03 9.976126e-01 6.903796e-02 -7.428374e-01 -2.083952e-01 -6.716944e-02 9.757355e-01 1.847629e+01
9.620544e-01 4.319184e-02 -2.694177e-01 -3.463397e+00 -7.471553e-02 9.913535e-01 -1.078698e-01 -7.568005e-01 2.624290e-01 1.239063e-01 9.569630e-01 1.888171e+01
9.792351e-01 -4.158583e-03 2.026852e-01 -3.522357e+00 -9.830027e-03 9.976396e-01 6.796092e-02 -7.788769e-01 -2.024894e-01 -6.854212e-02 9.768828e-01 1.936789e+01
9.568513e-01 9.424672e-02 -2.748694e-01 -3.594548e+00 -1.278631e-01 9.860000e-01 -1.070279e-01 -7.902428e-01 2.609342e-01 1.375555e-01 9.555061e-01 1.980760e+01
9.694279e-01 -1.246513e-01 2.113565e-01 -3.609864e+00 1.239262e-01 9.921505e-01 1.672697e-02 -8.212499e-01 -2.117825e-01 9.976999e-03 9.772659e-01 2.023454e+01
9.493653e-01 1.797187e-01 -2.576949e-01 -3.639644e+00 -1.963689e-01 9.797065e-01 -4.018002e-02 -8.295317e-01 2.452443e-01 8.874877e-02 9.653905e-01 2.071728e+01
9.758789e-01 -8.892699e-02 1.993797e-01 -3.701533e+00 8.537477e-02 9.960001e-01 2.636104e-02 -8.503895e-01 -2.009264e-01 -8.703191e-03 9.795677e-01 2.123732e+01
9.494767e-01 1.839492e-01 -2.542768e-01 -3.764836e+00 -1.946330e-01 9.807238e-01 -1.728887e-02 -8.527150e-01 2.461951e-01 6.590604e-02 9.669769e-01 2.163073e+01
9.669678e-01 -1.430653e-01 2.109634e-01 -3.831228e+00 1.376020e-01 9.896621e-01 4.043161e-02 -8.566617e-01 -2.145668e-01 -1.006708e-02 9.766574e-01 2.196075e+01
9.346343e-01 2.083820e-01 -2.881591e-01 -3.913859e+00 -2.203770e-01 9.753690e-01 -9.448176e-03 -8.640797e-01 2.790926e-01 7.233424e-02 9.575359e-01 2.231375e+01
9.685419e-01 -1.482020e-01 1.999069e-01 -4.013627e+00 1.383984e-01 9.884193e-01 6.223421e-02 -8.716010e-01 -2.068151e-01 -3.260963e-02 9.778364e-01 2.265143e+01
9.396822e-01 2.102657e-01 -2.697881e-01 -4.099885e+00 -2.312018e-01 9.717235e-01 -4.794906e-02 -8.856621e-01 2.520774e-01 1.074324e-01 9.617251e-01 2.298648e+01
9.736407e-01 -1.787580e-01 1.416662e-01 -4.186199e+00 1.579886e-01 9.765295e-01 1.463892e-01 -8.875993e-01 -1.645095e-01 -1.201488e-01 9.790306e-01 2.326139e+01
9.692382e-01 1.321425e-01 -2.076431e-01 -4.199725e+00 -1.660122e-01 9.738391e-01 -1.551691e-01 -9.067420e-01 1.817065e-01 1.848671e-01 9.658193e-01 2.344598e+01
9.834395e-01 -1.425319e-01 1.119434e-01 -4.222394e+00 1.216755e-01 9.770131e-01 1.750440e-01 -9.156061e-01 -1.343195e-01 -1.585244e-01 9.781760e-01 2.364228e+01
9.811657e-01 1.273756e-01 -1.452215e-01 -4.249913e+00 -1.560602e-01 9.657428e-01 -2.073306e-01 -9.350216e-01 1.138378e-01 2.260889e-01 9.674320e-01 2.393296e+01
9.969138e-01 -6.872337e-02 3.794628e-02 -4.315331e+00 6.020370e-02 9.794926e-01 1.922754e-01 -9.441395e-01 -5.038191e-02 -1.893975e-01 9.806071e-01 2.429864e+01
9.860186e-01 9.450559e-02 -1.372445e-01 -4.377358e+00 -1.159436e-01 9.806548e-01 -1.577126e-01 -9.493877e-01 1.196848e-01 1.714202e-01 9.779012e-01 2.458251e+01
9.902783e-01 -1.236589e-01 6.369795e-02 -4.429405e+00 1.137408e-01 9.834604e-01 1.409565e-01 -9.639725e-01 -8.007495e-02 -1.323411e-01 9.879645e-01 2.483312e+01
9.736985e-01 1.778299e-01 -1.424350e-01 -4.483986e+00 -1.991152e-01 9.680227e-01 -1.525946e-01 -9.654781e-01 1.107444e-01 1.769421e-01 9.779709e-01 2.514100e+01
9.842918e-01 -1.541425e-01 8.608017e-02 -4.529594e+00 1.391464e-01 9.774016e-01 1.591365e-01 -9.778413e-01 -1.086646e-01 -1.446590e-01 9.834967e-01 2.537009e+01
9.756290e-01 1.533432e-01 -1.569521e-01 -4.577239e+00 -1.771765e-01 9.724932e-01 -1.512135e-01 -9.857254e-01 1.294473e-01 1.753365e-01 9.759613e-01 2.559578e+01
9.860092e-01 -1.401907e-01 9.017946e-02 -4.628250e+00 1.241144e-01 9.785826e-01 1.642307e-01 -9.913610e-01 -1.112717e-01 -1.507404e-01 9.822912e-01 2.581490e+01
9.720689e-01 1.634470e-01 -1.684255e-01 -4.681757e+00 -1.879183e-01 9.719618e-01 -1.413398e-01 -1.000590e+00 1.406016e-01 1.690422e-01 9.755285e-01 2.602177e+01
9.763755e-01 -2.044637e-01 6.989562e-02 -4.723821e+00 1.920989e-01 9.694568e-01 1.524846e-01 -1.008518e+00 -9.893835e-02 -1.354554e-01 9.858311e-01 2.621470e+01
9.678867e-01 2.141985e-01 -1.315842e-01 -4.766995e+00 -2.330986e-01 9.607027e-01 -1.507164e-01 -1.019060e+00 9.413006e-02 1.765484e-01 9.797807e-01 2.642637e+01
9.709339e-01 -2.350149e-01 4.533622e-02 -4.820525e+00 2.256624e-01 9.619777e-01 1.538683e-01 -1.026995e+00 -7.977378e-02 -1.391653e-01 9.870507e-01 2.663520e+01
9.658773e-01 2.414049e-01 -9.383287e-02 -4.858158e+00 -2.536845e-01 9.548063e-01 -1.548839e-01 -1.032665e+00 5.220247e-02 1.734028e-01 9.834665e-01 2.684543e+01
9.765819e-01 -2.100473e-01 4.656034e-02 -4.910601e+00 2.027593e-01 9.709176e-01 1.273095e-01 -1.036614e+00 -7.194728e-02 -1.148876e-01 9.907696e-01 2.707482e+01
9.701564e-01 2.158337e-01 -1.105098e-01 -4.953875e+00 -2.302192e-01 9.629676e-01 -1.403297e-01 -1.046160e+00 7.612944e-02 1.615832e-01 9.839183e-01 2.729929e+01
9.778930e-01 -2.037909e-01 4.684521e-02 -4.998879e+00 1.983329e-01 9.749176e-01 1.009935e-01 -1.062964e+00 -6.625177e-02 -8.946986e-02 9.937836e-01 2.759494e+01
9.441751e-01 2.826845e-01 -1.691830e-01 -5.057577e+00 -2.947556e-01 9.542342e-01 -5.055871e-02 -1.071877e+00 1.471480e-01 9.760391e-02 9.842870e-01 2.784971e+01
9.494281e-01 -2.819239e-01 1.382212e-01 -5.126869e+00 2.766366e-01 9.593134e-01 5.648059e-02 -1.082945e+00 -1.485207e-01 -1.538722e-02 9.887896e-01 2.809707e+01
9.259616e-01 3.223464e-01 -1.966923e-01 -5.185733e+00 -3.331115e-01 9.425966e-01 -2.341640e-02 -1.089017e+00 1.778533e-01 8.720315e-02 9.801856e-01 2.834932e+01
9.203947e-01 -3.687693e-01 1.299341e-01 -5.247487e+00 3.628597e-01 9.294014e-01 6.742347e-02 -1.096292e+00 -1.456246e-01 -1.490838e-02 9.892276e-01 2.855234e+01
9.274373e-01 3.417594e-01 -1.518570e-01 -5.287148e+00 -3.525870e-01 9.344201e-01 -5.041259e-02 -1.092418e+00 1.246693e-01 1.002973e-01 9.871160e-01 2.877857e+01
9.465902e-01 -3.150348e-01 6.870289e-02 -5.347245e+00 3.088068e-01 9.470519e-01 8.792671e-02 -1.095395e+00 -9.276517e-02 -6.201464e-02 9.937549e-01 2.899184e+01
9.520347e-01 2.765779e-01 -1.308990e-01 -5.374617e+00 -2.927342e-01 9.477936e-01 -1.264670e-01 -1.106708e+00 8.908727e-02 1.587196e-01 9.832963e-01 2.924665e+01
9.614372e-01 -2.685345e-01 5.939499e-02 -5.375941e+00 2.636119e-01 9.613607e-01 7.933692e-02 -1.116130e+00 -7.840471e-02 -6.062023e-02 9.950768e-01 2.959645e+01
9.337699e-01 3.229849e-01 -1.541252e-01 -5.397156e+00 -3.374039e-01 9.380992e-01 -7.828490e-02 -1.119281e+00 1.192998e-01 1.251025e-01 9.849451e-01 2.987990e+01
9.543653e-01 -2.842265e-01 9.166345e-02 -5.426807e+00 2.752788e-01 9.562522e-01 9.901145e-02 -1.130511e+00 -1.157951e-01 -6.926009e-02 9.908555e-01 3.010258e+01
9.319918e-01 3.175174e-01 -1.748544e-01 -5.464029e+00 -3.309016e-01 9.421854e-01 -5.282860e-02 -1.138896e+00 1.479712e-01 1.070954e-01 9.831760e-01 3.031116e+01
9.521749e-01 -2.783303e-01 1.260760e-01 -5.510012e+00 2.720405e-01 9.600896e-01 6.497636e-02 -1.146013e+00 -1.391292e-01 -2.757108e-02 9.898904e-01 3.056318e+01
9.318055e-01 3.146046e-01 -1.810038e-01 -5.551203e+00 -3.258578e-01 9.447549e-01 -3.542424e-02 -1.157458e+00 1.598596e-01 9.199002e-02 9.828442e-01 3.081620e+01
9.565921e-01 -2.788212e-01 8.479602e-02 -5.606178e+00 2.737373e-01 9.594789e-01 6.684360e-02 -1.164309e+00 -9.999741e-02 -4.073022e-02 9.941537e-01 3.109740e+01
9.492555e-01 2.945005e-01 -1.103786e-01 -5.647931e+00 -3.040251e-01 9.491002e-01 -8.232565e-02 -1.170279e+00 8.051541e-02 1.117059e-01 9.904742e-01 3.134239e+01
9.415474e-01 -3.311135e-01 6.206695e-02 -5.666428e+00 3.312959e-01 9.434961e-01 7.629249e-03 -1.183687e+00 -6.108608e-02 1.337922e-02 9.980428e-01 3.169992e+01
9.265818e-01 3.375341e-01 -1.658825e-01 -5.640880e+00 -3.518232e-01 9.337977e-01 -6.513305e-02 -1.200508e+00 1.329160e-01 1.187124e-01 9.839922e-01 3.212992e+01
9.371254e-01 -3.382682e-01 8.585225e-02 -5.582676e+00 3.400499e-01 9.403842e-01 -6.609070e-03 -1.215103e+00 -7.849845e-02 3.538758e-02 9.962860e-01 3.257145e+01
9.178058e-01 3.570968e-01 -1.735350e-01 -5.549233e+00 -3.554784e-01 9.337670e-01 4.140441e-02 -1.228064e+00 1.768266e-01 2.368674e-02 9.839569e-01 3.287483e+01
9.326602e-01 -3.424051e-01 1.135946e-01 -5.548464e+00 3.509089e-01 9.341222e-01 -6.541239e-02 -1.233495e+00 -8.371368e-02 1.008689e-01 9.913715e-01 3.317962e+01
9.284759e-01 3.252519e-01 -1.792865e-01 -5.519691e+00 -3.249151e-01 9.451989e-01 3.208259e-02 -1.245258e+00 1.798963e-01 2.846496e-02 9.832737e-01 3.351392e+01
9.242936e-01 -3.528325e-01 1.455696e-01 -5.458235e+00 3.685464e-01 9.242202e-01 -9.995303e-02 -1.256876e+00 -9.927167e-02 1.460351e-01 9.842860e-01 3.384486e+01
9.213792e-01 3.358841e-01 -1.955562e-01 -5.400131e+00 -3.286814e-01 9.419032e-01 6.918808e-02 -1.270549e+00 2.074341e-01 5.272066e-04 9.782488e-01 3.415831e+01
9.288984e-01 -3.277873e-01 1.723462e-01 -5.347429e+00 3.500869e-01 9.289995e-01 -1.199963e-01 -1.284282e+00 -1.207762e-01 1.718006e-01 9.777002e-01 3.453956e+01
9.216454e-01 3.302360e-01 -2.037497e-01 -5.297048e+00 -3.164990e-01 9.435536e-01 9.764692e-02 -1.300419e+00 2.244953e-01 -2.550924e-02 9.741412e-01 3.489869e+01
9.265753e-01 -3.134775e-01 2.078221e-01 -5.239516e+00 3.484841e-01 9.234097e-01 -1.608521e-01 -1.315010e+00 -1.414814e-01 2.214642e-01 9.648506e-01 3.525701e+01
9.181936e-01 3.074228e-01 -2.498233e-01 -5.158259e+00 -2.819980e-01 9.501789e-01 1.328053e-01 -1.328819e+00 2.782042e-01 -5.149129e-02 9.591408e-01 3.561625e+01
9.315919e-01 -2.596126e-01 2.544364e-01 -5.078136e+00 3.091643e-01 9.340205e-01 -1.789502e-01 -1.340642e+00 -1.911911e-01 2.453712e-01 9.503888e-01 3.598492e+01
8.965996e-01 3.319271e-01 -2.931442e-01 -5.072575e+00 -2.703069e-01 9.345441e-01 2.314336e-01 -1.342247e+00 3.507753e-01 -1.282644e-01 9.276341e-01 3.625061e+01
9.282686e-01 -2.733221e-01 2.522150e-01 -5.110833e+00 3.153200e-01 9.379910e-01 -1.440356e-01 -1.360237e+00 -1.972073e-01 2.132322e-01 9.568915e-01 3.643732e+01
9.080660e-01 3.047008e-01 -2.873562e-01 -5.151380e+00 -2.341802e-01 9.382066e-01 2.548099e-01 -1.371052e+00 3.472402e-01 -1.640911e-01 9.233084e-01 3.663536e+01
9.302523e-01 -2.161977e-01 2.964612e-01 -5.193990e+00 2.743934e-01 9.463094e-01 -1.708997e-01 -1.379899e+00 -2.435959e-01 2.403268e-01 9.396297e-01 3.684321e+01
9.234605e-01 2.568777e-01 -2.850168e-01 -5.214997e+00 -2.149070e-01 9.616528e-01 1.704078e-01 -1.406589e+00 3.178612e-01 -9.611278e-02 9.432532e-01 3.710038e+01
9.580628e-01 -1.879110e-01 2.163451e-01 -5.228550e+00 2.144918e-01 9.708951e-01 -1.065647e-01 -1.417258e+00 -1.900237e-01 1.484999e-01 9.704838e-01 3.734056e+01
9.352069e-01 2.563972e-01 -2.442304e-01 -5.244263e+00 -2.367448e-01 9.656396e-01 1.072013e-01 -1.428565e+00 2.633247e-01 -4.243511e-02 9.637735e-01 3.759982e+01
9.615794e-01 -2.252332e-01 1.569554e-01 -5.273156e+00 2.356186e-01 9.705170e-01 -5.079976e-02 -1.439368e+00 -1.408860e-01 8.582960e-02 9.862983e-01 3.784756e+01
9.436294e-01 2.539202e-01 -2.123394e-01 -5.310677e+00 -2.328659e-01 9.651620e-01 1.193139e-01 -1.450434e+00 2.352381e-01 -6.314147e-02 9.698846e-01 3.807433e+01
9.650086e-01 -2.064277e-01 1.616975e-01 -5.381234e+00 2.191737e-01 9.735034e-01 -6.522339e-02 -1.465121e+00 -1.439491e-01 9.838098e-02 9.846826e-01 3.830662e+01
9.428461e-01 2.494313e-01 -2.209643e-01 -5.459762e+00 -2.239901e-01 9.653422e-01 1.339507e-01 -1.479185e+00 2.467177e-01 -7.680110e-02 9.660393e-01 3.855424e+01
9.705216e-01 -1.827403e-01 1.571428e-01 -5.547561e+00 1.945739e-01 9.788357e-01 -6.341661e-02 -1.490485e+00 -1.422282e-01 9.212308e-02 9.855377e-01 3.880919e+01
9.388144e-01 2.514760e-01 -2.353452e-01 -5.620229e+00 -2.202823e-01 9.636774e-01 1.510019e-01 -1.499814e+00 2.647702e-01 -8.992039e-02 9.601099e-01 3.905074e+01
9.604748e-01 -2.006969e-01 1.928963e-01 -5.684595e+00 2.250025e-01 9.677277e-01 -1.134770e-01 -1.513025e+00 -1.638966e-01 1.523940e-01 9.746353e-01 3.929481e+01
9.389405e-01 2.526944e-01 -2.335299e-01 -5.770412e+00 -2.123871e-01 9.596217e-01 1.844395e-01 -1.518408e+00 2.707072e-01 -1.235790e-01 9.546967e-01 3.954223e+01
9.692503e-01 -1.780606e-01 1.698480e-01 -5.851694e+00 1.984799e-01 9.737009e-01 -1.118583e-01 -1.530432e+00 -1.454636e-01 1.421301e-01 9.791013e-01 3.978387e+01
9.499554e-01 1.911760e-01 -2.470555e-01 -5.926225e+00 -1.512650e-01 9.734739e-01 1.716611e-01 -1.538255e+00 2.733196e-01 -1.256996e-01 9.536750e-01 4.000809e+01
9.769926e-01 -1.546554e-01 1.468578e-01 -5.990350e+00 1.692651e-01 9.811949e-01 -9.276784e-02 -1.553186e+00 -1.297491e-01 1.154914e-01 9.847979e-01 4.020796e+01
9.586294e-01 1.611373e-02 -2.842008e-01 -5.964134e+00 -4.145307e-02 9.956559e-01 -8.337203e-02 -1.578719e+00 2.816227e-01 9.170387e-02 9.551330e-01 4.055472e+01
9.824359e-01 1.725942e-01 7.092902e-02 -6.047261e+00 -1.838590e-01 9.602612e-01 2.099864e-01 -1.649131e+00 -3.186794e-02 -2.193391e-01 9.751281e-01 4.096611e+01
9.780367e-01 -1.537101e-01 -1.407746e-01 -6.128543e+00 1.215008e-01 9.692161e-01 -2.141439e-01 -1.658132e+00 1.693571e-01 1.923364e-01 9.666048e-01 4.120780e+01
9.870257e-01 1.499177e-01 5.748784e-02 -6.203655e+00 -1.591906e-01 9.604163e-01 2.286020e-01 -1.671464e+00 -2.094077e-02 -2.347876e-01 9.718211e-01 4.146677e+01
9.858423e-01 -9.791802e-02 -1.361138e-01 -6.271847e+00 6.570185e-02 9.724422e-01 -2.236948e-01 -1.684350e+00 1.542666e-01 2.115849e-01 9.651081e-01 4.173639e+01
9.966577e-01 8.138271e-02 7.086093e-03 -6.354121e+00 -8.017823e-02 9.579046e-01 2.756631e-01 -1.692792e+00 1.564641e-02 -2.753100e-01 9.612282e-01 4.197678e+01
9.914907e-01 -4.903546e-02 -1.205891e-01 -6.425472e+00 1.531373e-02 9.638457e-01 -2.660206e-01 -1.712700e+00 1.292738e-01 2.619103e-01 9.563949e-01 4.222269e+01
9.998046e-01 9.872812e-03 1.712651e-02 -6.495489e+00 -1.462630e-02 9.522728e-01 3.048978e-01 -1.724246e+00 -1.329891e-02 -3.050887e-01 9.522311e-01 4.245684e+01
9.952214e-01 8.883706e-03 -9.723876e-02 -6.570274e+00 -3.317891e-02 9.673659e-01 -2.512019e-01 -1.731801e+00 9.183385e-02 2.532278e-01 9.630380e-01 4.267212e+01
9.998571e-01 -1.658955e-02 3.255747e-03 -6.629796e+00 1.497965e-02 9.586209e-01 2.842912e-01 -1.736366e+00 -7.837291e-03 -2.842018e-01 9.587324e-01 4.287705e+01
9.949744e-01 8.086335e-04 -1.001266e-01 -6.665273e+00 -2.768131e-02 9.632172e-01 -2.672947e-01 -1.748422e+00 9.622751e-02 2.687230e-01 9.583988e-01 4.305136e+01
9.990191e-01 -4.428052e-02 1.238282e-04 -6.698895e+00 4.247089e-02 9.589756e-01 2.802893e-01 -1.763217e+00 -1.253010e-02 -2.800091e-01 9.599156e-01 4.322579e+01
9.958619e-01 3.103750e-02 -8.541504e-02 -6.740381e+00 -5.429034e-02 9.569111e-01 -2.852607e-01 -1.774887e+00 7.288083e-02 2.887175e-01 9.546364e-01 4.341683e+01
9.985904e-01 -4.836151e-02 2.187308e-02 -6.790769e+00 3.964394e-02 9.535886e-01 2.984915e-01 -1.786161e+00 -3.529342e-02 -2.972036e-01 9.541616e-01 4.362019e+01
9.937126e-01 6.039307e-02 -9.427618e-02 -6.842784e+00 -8.222165e-02 9.651702e-01 -2.483670e-01 -1.796552e+00 7.599291e-02 2.545570e-01 9.640673e-01 4.381032e+01
9.936006e-01 -1.121110e-01 -1.374404e-02 -6.903920e+00 1.112423e-01 9.502226e-01 2.910362e-01 -1.804425e+00 -1.956847e-02 -2.907027e-01 9.566133e-01 4.400117e+01
9.896394e-01 9.920940e-02 -1.037854e-01 -6.968775e+00 -1.216975e-01 9.631836e-01 -2.397230e-01 -1.806301e+00 7.618157e-02 2.498698e-01 9.652779e-01 4.420063e+01
9.894209e-01 -1.450716e-01 -6.665867e-04 -7.020427e+00 1.407132e-01 9.585576e-01 2.477239e-01 -1.812089e+00 -3.529873e-02 -2.451970e-01 9.688304e-01 4.441319e+01
9.853959e-01 1.556128e-01 -6.913468e-02 -7.091348e+00 -1.672268e-01 9.609099e-01 -2.206523e-01 -1.810934e+00 3.209587e-02 2.289911e-01 9.728992e-01 4.463691e+01
9.741175e-01 -2.213066e-01 -4.602689e-02 -7.068582e+00 2.259611e-01 9.479108e-01 2.245146e-01 -1.803931e+00 -6.057170e-03 -2.291039e-01 9.733831e-01 4.487387e+01
9.475038e-01 3.051739e-01 -9.542261e-02 -7.106931e+00 -3.162691e-01 9.383787e-01 -1.393534e-01 -1.814447e+00 4.701552e-02 1.622171e-01 9.856344e-01 4.506409e+01
9.372789e-01 -3.477765e-01 -2.366199e-02 -7.135521e+00 3.476645e-01 9.277418e-01 1.357369e-01 -1.832940e+00 -2.525390e-02 -1.354498e-01 9.904623e-01 4.523174e+01
9.161098e-01 3.919656e-01 -8.429636e-02 -7.177684e+00 -3.978429e-01 9.147720e-01 -7.009382e-02 -1.844208e+00 4.963759e-02 9.775035e-02 9.939723e-01 4.543968e+01
9.259180e-01 -3.776403e-01 -7.975366e-03 -7.242970e+00 3.766934e-01 9.216256e-01 9.331811e-02 -1.847849e+00 -2.789038e-02 -8.940919e-02 9.956044e-01 4.563986e+01
9.200854e-01 3.856756e-01 -6.853614e-02 -7.297893e+00 -3.886513e-01 9.206512e-01 -3.676459e-02 -1.858679e+00 4.891867e-02 6.046322e-02 9.969710e-01 4.582845e+01
9.062324e-01 -4.226224e-01 -1.153890e-02 -7.332961e+00 4.227586e-01 9.055749e-01 3.477562e-02 -1.865650e+00 -4.247614e-03 -3.639296e-02 9.993285e-01 4.600607e+01
9.039868e-01 4.210012e-01 -7.460528e-02 -7.383941e+00 -4.204221e-01 9.070093e-01 2.407287e-02 -1.880486e+00 7.780239e-02 9.604149e-03 9.969225e-01 4.620376e+01
9.102830e-01 -4.106718e-01 -5.228279e-02 -7.436505e+00 4.117973e-01 9.111901e-01 1.247166e-02 -1.887092e+00 4.251780e-02 -3.288265e-02 9.985544e-01 4.640480e+01
9.159055e-01 3.990140e-01 -4.364583e-02 -7.469688e+00 -3.987940e-01 9.169335e-01 1.401356e-02 -1.900822e+00 4.561193e-02 4.570597e-03 9.989488e-01 4.660442e+01
9.087555e-01 -4.058520e-01 -9.719867e-02 -7.534036e+00 4.088320e-01 9.125294e-01 1.210390e-02 -1.913135e+00 8.378425e-02 -5.073742e-02 9.951914e-01 4.679830e+01
9.276511e-01 3.732179e-01 -1.310576e-02 -7.579100e+00 -3.732498e-01 9.277309e-01 1.885032e-05 -1.924165e+00 1.216565e-02 4.874234e-03 9.999141e-01 4.697503e+01
9.142544e-01 -3.873281e-01 -1.188103e-01 -7.626138e+00 3.903772e-01 9.206513e-01 2.608739e-03 -1.935325e+00 1.083724e-01 -4.876587e-02 9.929135e-01 4.717178e+01
9.247724e-01 3.793216e-01 3.018495e-02 -7.644931e+00 -3.776617e-01 9.246376e-01 -4.916181e-02 -1.952813e+00 -4.655828e-02 3.406378e-02 9.983346e-01 4.737965e+01
9.044165e-01 -4.136142e-01 -1.046616e-01 -7.635098e+00 4.084107e-01 9.102581e-01 -6.805043e-02 -1.983727e+00 1.234157e-01 1.880102e-02 9.921769e-01 4.762992e+01
8.874214e-01 4.608757e-01 8.769624e-03 -7.645941e+00 -4.547513e-01 8.722002e-01 1.801891e-01 -1.998420e+00 7.539593e-02 -1.638917e-01 9.835929e-01 4.782156e+01
8.733645e-01 -4.867245e-01 1.826957e-02 -7.664648e+00 4.769574e-01 8.470318e-01 -2.346248e-01 -2.006315e+00 9.872273e-02 2.136268e-01 9.719143e-01 4.800916e+01
8.492144e-01 5.266626e-01 3.822726e-02 -7.687212e+00 -5.144843e-01 8.089271e-01 2.845044e-01 -2.027253e+00 1.189148e-01 -2.612726e-01 9.579123e-01 4.821036e+01
8.544628e-01 -5.151205e-01 6.741103e-02 -7.731215e+00 5.103862e-01 8.081401e-01 -2.939651e-01 -2.040186e+00 9.694986e-02 2.855879e-01 9.534360e-01 4.841025e+01
8.524520e-01 5.208679e-01 4.496905e-02 -7.766163e+00 -5.024955e-01 7.925575e-01 3.454720e-01 -2.049743e+00 1.443047e-01 -3.170951e-01 9.373510e-01 4.859169e+01
8.060006e-01 -5.917067e-01 1.568977e-02 -7.495244e+00 5.453586e-01 7.320406e-01 -4.082898e-01 -2.035091e+00 2.301023e-01 3.376384e-01 9.127175e-01 4.887667e+01
8.476860e-01 5.073255e-01 1.550785e-01 -7.321291e+00 -5.253417e-01 7.621180e-01 3.784076e-01 -2.134864e+00 7.378775e-02 -4.022400e-01 9.125560e-01 4.906107e+01
9.435911e-01 -3.111396e-01 -1.132608e-01 -7.418027e+00 2.451610e-01 8.864210e-01 -3.926244e-01 -2.157022e+00 2.225578e-01 3.427097e-01 9.126982e-01 4.936789e+01
9.684344e-01 2.135995e-01 1.284911e-01 -7.444310e+00 -2.413683e-01 9.323029e-01 2.693562e-01 -2.172389e+00 -6.225826e-02 -2.918675e-01 9.544303e-01 4.961903e+01
9.435988e-01 -2.798016e-01 -1.770094e-01 -7.458070e+00 2.207924e-01 9.301654e-01 -2.933311e-01 -2.197191e+00 2.467225e-01 2.377046e-01 9.394810e-01 4.984092e+01
9.318808e-01 3.305567e-01 1.494338e-01 -7.482462e+00 -3.621645e-01 8.714231e-01 3.308453e-01 -2.215740e+00 -2.085697e-02 -3.624280e-01 9.317784e-01 5.006733e+01
9.139736e-01 -3.898756e-01 -1.124692e-01 -7.530976e+00 3.182882e-01 8.607486e-01 -3.972460e-01 -2.228325e+00 2.516843e-01 3.272748e-01 9.107943e-01 5.026508e+01
9.355967e-01 3.066446e-01 1.750084e-01 -7.597163e+00 -3.510783e-01 8.605701e-01 3.690028e-01 -2.238517e+00 -3.745427e-02 -4.066795e-01 9.128028e-01 5.049305e+01
9.396062e-01 -3.261825e-01 -1.036592e-01 -7.667471e+00 2.560501e-01 8.708960e-01 -4.194979e-01 -2.254062e+00 2.271093e-01 3.676209e-01 9.018183e-01 5.073133e+01
9.530273e-01 2.651658e-01 1.463763e-01 -7.738745e+00 -3.025850e-01 8.550005e-01 4.212083e-01 -2.262730e+00 -1.346174e-02 -4.457143e-01 8.950740e-01 5.096109e+01
9.486005e-01 -2.958987e-01 -1.122542e-01 -7.812089e+00 2.212265e-01 8.736297e-01 -4.333936e-01 -2.269590e+00 2.263092e-01 3.862837e-01 8.941862e-01 5.118479e+01
9.698943e-01 2.044542e-01 1.323008e-01 -7.854817e+00 -2.421701e-01 8.670008e-01 4.355035e-01 -2.270197e+00 -2.566435e-02 -4.544316e-01 8.904118e-01 5.140091e+01
9.566596e-01 -2.645209e-01 -1.217833e-01 -7.891112e+00 1.794249e-01 8.648059e-01 -4.689537e-01 -2.283508e+00 2.293669e-01 4.267780e-01 8.747864e-01 5.159712e+01
9.691469e-01 1.760981e-01 1.724638e-01 -7.957990e+00 -2.387411e-01 8.446451e-01 4.791423e-01 -2.288884e+00 -6.129469e-02 -5.055334e-01 8.606270e-01 5.183678e+01
9.722577e-01 -1.848082e-01 -1.433910e-01 -8.023289e+00 9.158787e-02 8.648367e-01 -4.936285e-01 -2.293050e+00 2.152364e-01 4.668012e-01 8.577703e-01 5.206313e+01
9.945009e-01 3.281255e-02 9.945537e-02 -8.039787e+00 -7.552173e-02 8.826200e-01 4.639811e-01 -2.290654e+00 -7.255689e-02 -4.689407e-01 8.802444e-01 5.228059e+01
9.669836e-01 -1.288685e-01 -2.198537e-01 -8.019701e+00 -2.064719e-03 8.587270e-01 -5.124292e-01 -2.321736e+00 2.548303e-01 4.959646e-01 8.301088e-01 5.249197e+01
9.898157e-01 7.707256e-02 1.196855e-01 -8.081103e+00 -1.309893e-01 8.223010e-01 5.537715e-01 -2.335274e+00 -5.573689e-02 -5.638092e-01 8.240222e-01 5.275161e+01
9.918694e-01 -8.370385e-02 -9.585795e-02 -8.076306e+00 1.232369e-02 8.128822e-01 -5.822978e-01 -2.342326e+00 1.266618e-01 5.763821e-01 8.073045e-01 5.298415e+01
9.996455e-01 2.566408e-02 7.087383e-03 -8.066249e+00 -2.436585e-02 7.745244e-01 6.320746e-01 -2.345626e+00 1.073226e-02 -6.320232e-01 7.748751e-01 5.322648e+01
9.982571e-01 -1.963272e-02 -5.565327e-02 -7.955703e+00 -2.039179e-02 7.702031e-01 -6.374726e-01 -2.364308e+00 5.537964e-02 6.374964e-01 7.684604e-01 5.343011e+01
9.932581e-01 7.085487e-02 -9.174950e-02 -7.916657e+00 5.412014e-03 7.622564e-01 6.472526e-01 -2.395247e+00 1.157976e-01 -6.433854e-01 7.567338e-01 5.362742e+01
9.953700e-01 -7.156174e-02 -6.416759e-02 -7.908376e+00 1.284798e-02 7.606641e-01 -6.490186e-01 -2.418696e+00 9.525488e-02 6.451892e-01 7.580616e-01 5.384006e+01
9.706004e-01 -1.257863e-01 -2.052138e-01 -7.336778e+00 2.289788e-01 7.453134e-01 6.261602e-01 -2.540586e+00 7.418617e-02 -6.547410e-01 7.522039e-01 5.454844e+01
9.216119e-01 1.890555e-01 3.389536e-01 -7.000638e+00 8.468813e-02 7.543342e-01 -6.510053e-01 -2.669838e+00 -3.787604e-01 6.286796e-01 6.791926e-01 5.492843e+01
8.706489e-01 7.574423e-02 -4.860384e-01 -7.035939e+00 3.009769e-01 6.995047e-01 6.481559e-01 -2.678553e+00 3.890802e-01 -7.106026e-01 5.862257e-01 5.509439e+01
9.026601e-01 2.614585e-01 3.418248e-01 -7.082152e+00 8.100490e-02 6.768642e-01 -7.316373e-01 -2.684964e+00 -4.226618e-01 6.881093e-01 5.897988e-01 5.528896e+01
8.017261e-01 -5.400399e-03 -5.976673e-01 -6.984396e+00 4.809487e-01 5.995176e-01 6.397398e-01 -2.705559e+00 3.548572e-01 -8.003434e-01 4.832462e-01 5.556383e+01
8.381300e-01 3.802388e-01 3.910965e-01 -6.982462e+00 9.617684e-02 6.027424e-01 -7.921184e-01 -2.722024e+00 -5.369247e-01 7.015127e-01 4.686063e-01 5.579506e+01
7.879157e-01 1.118611e-01 -6.055378e-01 -7.036487e+00 4.212954e-01 6.192713e-01 6.625807e-01 -2.734842e+00 4.491092e-01 -7.771680e-01 4.408070e-01 5.604229e+01
8.871025e-01 3.617033e-01 2.867402e-01 -6.884282e+00 7.075433e-02 5.073212e-01 -8.588475e-01 -2.738355e+00 -4.561173e-01 7.821739e-01 4.244538e-01 5.641054e+01
7.733471e-01 1.391332e-01 -6.185274e-01 -6.353758e+00 4.890229e-01 4.899842e-01 7.216455e-01 -2.931355e+00 4.034735e-01 -8.605565e-01 3.108885e-01 5.680466e+01
6.977601e-01 6.308364e-01 3.393762e-01 -6.186910e+00 -1.854533e-01 6.167021e-01 -7.650396e-01 -2.971483e+00 -6.919089e-01 4.708757e-01 5.473008e-01 5.712708e+01
6.185315e-01 -2.226875e-01 -7.535443e-01 -6.269935e+00 6.861822e-01 6.203364e-01 3.799168e-01 -2.986214e+00 3.828482e-01 -7.520592e-01 5.365018e-01 5.742816e+01
6.824886e-01 6.698293e-01 2.924687e-01 -5.588409e+00 -3.631160e-01 6.580122e-01 -6.596716e-01 -3.115290e+00 -6.343154e-01 3.440183e-01 6.923116e-01 5.774084e+01
6.992124e-01 -4.704521e-01 -5.383092e-01 -5.483259e+00 6.827603e-01 6.627015e-01 3.076767e-01 -3.210580e+00 2.119912e-01 -5.826676e-01 7.845752e-01 5.812771e+01
7.446633e-01 6.588613e-01 1.066693e-01 -5.453555e+00 -4.864288e-01 6.451654e-01 -5.891931e-01 -3.313434e+00 -4.570159e-01 3.868635e-01 8.009202e-01 5.859101e+01
6.947016e-01 -2.526718e-01 -6.734587e-01 -5.522809e+00 5.911742e-01 7.339259e-01 3.344635e-01 -3.355053e+00 4.097593e-01 -6.304838e-01 6.592325e-01 5.897677e+01
7.172239e-01 5.979141e-01 3.578946e-01 -5.606507e+00 -3.236740e-01 7.406749e-01 -5.887578e-01 -3.363034e+00 -6.171102e-01 3.064300e-01 7.247591e-01 5.922965e+01
6.586300e-01 -2.867603e-01 -6.956831e-01 -5.687671e+00 6.040183e-01 7.528380e-01 2.615278e-01 -3.374410e+00 4.487409e-01 -5.924554e-01 6.690502e-01 5.946941e+01
7.260090e-01 5.609440e-01 3.978099e-01 -5.772992e+00 -3.399455e-01 7.956004e-01 -5.014550e-01 -3.380621e+00 -5.977858e-01 2.288271e-01 7.683035e-01 5.968043e+01
6.742363e-01 -3.362800e-01 -6.575114e-01 -5.821805e+00 5.858309e-01 7.856415e-01 1.989210e-01 -3.390535e+00 4.496751e-01 -5.193102e-01 7.267112e-01 5.988926e+01
7.167442e-01 5.660988e-01 4.071976e-01 -5.904158e+00 -3.528446e-01 7.980774e-01 -4.884395e-01 -3.395317e+00 -6.014802e-01 2.064087e-01 7.717622e-01 6.011557e+01
6.726915e-01 -3.513844e-01 -6.511645e-01 -5.974475e+00 5.804455e-01 7.963799e-01 1.698883e-01 -3.406243e+00 4.588782e-01 -4.922479e-01 7.396775e-01 6.036055e+01
7.073130e-01 5.851416e-01 3.966329e-01 -6.048901e+00 -4.061521e-01 7.956228e-01 -4.494717e-01 -3.421816e+00 -5.785748e-01 1.568239e-01 8.004108e-01 6.061533e+01
6.422328e-01 -3.969059e-01 -6.557459e-01 -6.129339e+00 5.987681e-01 7.938892e-01 1.059087e-01 -3.436758e+00 4.785538e-01 -4.606578e-01 7.475163e-01 6.087511e+01
6.738312e-01 6.077659e-01 4.202050e-01 -6.199007e+00 -4.492350e-01 7.884993e-01 -4.200675e-01 -3.451025e+00 -5.866340e-01 9.428381e-02 8.043451e-01 6.112778e+01
6.302438e-01 -5.019054e-01 -5.923544e-01 -6.218941e+00 6.297216e-01 7.767302e-01 1.187312e-02 -3.477757e+00 4.541403e-01 -3.805013e-01 8.055900e-01 6.135735e+01
7.446979e-01 5.459930e-01 3.838186e-01 -6.231561e+00 -5.003296e-01 8.373239e-01 -2.203610e-01 -3.474760e+00 -4.416961e-01 -2.793344e-02 8.967298e-01 6.161956e+01
6.611147e-01 -6.829632e-01 -3.106261e-01 -6.093264e+00 6.417732e-01 7.292214e-01 -2.374096e-01 -3.539560e+00 3.886572e-01 -4.239656e-02 9.204065e-01 6.214185e+01
5.620906e-01 7.570203e-01 3.331284e-01 -5.953366e+00 -8.001829e-01 5.996264e-01 -1.246978e-02 -3.594894e+00 -2.091924e-01 -2.595545e-01 9.427990e-01 6.247851e+01
6.702903e-01 -7.285736e-01 -1.410366e-01 -6.000726e+00 6.838308e-01 6.802229e-01 -2.639551e-01 -3.594042e+00 2.882470e-01 8.048135e-02 9.541679e-01 6.286362e+01
7.156467e-01 6.929504e-01 8.757633e-02 -5.813860e+00 -6.983296e-01 7.123093e-01 7.036517e-02 -3.579289e+00 -1.362187e-02 -1.115137e-01 9.936695e-01 6.347433e+01
6.909157e-01 -6.523682e-01 -3.115303e-01 -5.696450e+00 5.912710e-01 7.578760e-01 -2.757219e-01 -3.628035e+00 4.159735e-01 6.301694e-03 9.093549e-01 6.395698e+01
7.059700e-01 5.949345e-01 3.842646e-01 -5.742364e+00 -6.528898e-01 7.569520e-01 2.754265e-02 -3.635187e+00 -2.744838e-01 -2.703267e-01 9.228121e-01 6.417267e+01
6.678701e-01 -6.468532e-01 -3.681447e-01 -5.791531e+00 5.880975e-01 7.618072e-01 -2.716451e-01 -3.632679e+00 4.561698e-01 -3.508129e-02 8.892010e-01 6.438177e+01
7.428122e-01 6.016474e-01 2.936842e-01 -5.513881e+00 -6.343651e-01 7.727359e-01 2.145016e-02 -3.634298e+00 -2.140349e-01 -2.022364e-01 9.556618e-01 6.460401e+01
7.870885e-01 -5.196186e-01 -3.323976e-01 -5.323070e+00 4.858581e-01 8.542496e-01 -1.849312e-01 -3.674864e+00 3.800442e-01 -1.594084e-02 9.248310e-01 6.476891e+01
8.201788e-01 4.617164e-01 3.378236e-01 -5.371962e+00 -5.045592e-01 8.621130e-01 4.670223e-02 -3.682580e+00 -2.696789e-01 -2.087562e-01 9.400501e-01 6.495466e+01
7.859523e-01 -5.410848e-01 -2.991759e-01 -5.386540e+00 4.878639e-01 8.399811e-01 -2.375301e-01 -3.682935e+00 3.798260e-01 4.073022e-02 9.241608e-01 6.512545e+01
8.238869e-01 4.646858e-01 3.244649e-01 -5.412675e+00 -5.258130e-01 8.403532e-01 1.316330e-01 -3.683643e+00 -2.114971e-01 -2.790585e-01 9.366938e-01 6.529076e+01
7.705487e-01 -5.688353e-01 -2.875433e-01 -5.464529e+00 5.078845e-01 8.205412e-01 -2.622318e-01 -3.683913e+00 3.851079e-01 5.602361e-02 9.211695e-01 6.544135e+01
8.225260e-01 4.559633e-01 3.399242e-01 -5.508566e+00 -5.242697e-01 8.395544e-01 1.424418e-01 -3.687168e+00 -2.204366e-01 -2.953741e-01 9.296031e-01 6.559750e+01
7.589035e-01 -5.602075e-01 -3.320135e-01 -5.555766e+00 4.732293e-01 8.246738e-01 -3.097857e-01 -3.694437e+00 4.473471e-01 7.797893e-02 8.909544e-01 6.576883e+01
7.829869e-01 4.703902e-01 4.070191e-01 -5.599778e+00 -5.545149e-01 8.243195e-01 1.140637e-01 -3.698653e+00 -2.818594e-01 -3.150085e-01 9.062698e-01 6.595698e+01
7.361660e-01 -5.700220e-01 -3.648759e-01 -5.658872e+00 4.664390e-01 8.179463e-01 -3.367471e-01 -3.704197e+00 4.904022e-01 7.770939e-02 8.680247e-01 6.615082e+01
7.789433e-01 4.323712e-01 4.542054e-01 -5.695541e+00 -5.432067e-01 8.271202e-01 1.442172e-01 -3.712623e+00 -3.133271e-01 -3.590644e-01 8.791467e-01 6.633654e+01
7.473787e-01 -5.486164e-01 -3.747602e-01 -5.733114e+00 4.168306e-01 8.264196e-01 -3.785273e-01 -3.721865e+00 5.173755e-01 1.266917e-01 8.463284e-01 6.651780e+01
8.610109e-01 3.947255e-01 3.207056e-01 -5.679275e+00 -4.491521e-01 8.859714e-01 1.153996e-01 -3.736056e+00 -2.385848e-01 -2.434059e-01 9.401228e-01 6.678273e+01
8.379602e-01 -3.100206e-01 -4.491212e-01 -5.726796e+00 2.090209e-01 9.425397e-01 -2.606323e-01 -3.778865e+00 5.041159e-01 1.245238e-01 8.546116e-01 6.713754e+01
9.160021e-01 1.910617e-01 3.527544e-01 -5.625186e+00 -2.607495e-01 9.517893e-01 1.615761e-01 -3.804420e+00 -3.048768e-01 -2.399846e-01 9.216602e-01 6.730605e+01
8.578023e-01 -2.992540e-01 -4.178782e-01 -5.593857e+00 2.001841e-01 9.433448e-01 -2.646258e-01 -3.822374e+00 4.733936e-01 1.433441e-01 8.691093e-01 6.747406e+01
8.886222e-01 1.778955e-01 4.227337e-01 -5.632683e+00 -2.680973e-01 9.493182e-01 1.640696e-01 -3.830778e+00 -3.721215e-01 -2.591296e-01 8.912785e-01 6.766857e+01
8.612188e-01 -2.472404e-01 -4.440432e-01 -5.633699e+00 1.310659e-01 9.521880e-01 -2.759707e-01 -3.842107e+00 4.910437e-01 1.794723e-01 8.524469e-01 6.785263e+01
9.191203e-01 5.522951e-02 3.900866e-01 -5.690650e+00 -1.717394e-01 9.472679e-01 2.705349e-01 -3.851074e+00 -3.545750e-01 -3.156473e-01 8.801383e-01 6.805012e+01
8.952733e-01 -2.433586e-01 -3.731786e-01 -5.746522e+00 1.180868e-01 9.372913e-01 -3.279338e-01 -3.864720e+00 4.295826e-01 2.495229e-01 8.678693e-01 6.826408e+01
9.785899e-01 6.398560e-03 2.057202e-01 -5.684946e+00 -7.676495e-02 9.387409e-01 3.359652e-01 -3.880886e+00 -1.909682e-01 -3.445643e-01 9.191336e-01 6.862300e+01
9.511355e-01 -1.432571e-01 -2.735299e-01 -5.704796e+00 4.392491e-02 9.396248e-01 -3.393757e-01 -3.885807e+00 3.056335e-01 3.107776e-01 9.000031e-01 6.889566e+01
9.624228e-01 -1.305546e-02 2.712415e-01 -5.651522e+00 -5.238903e-02 9.711530e-01 2.326312e-01 -3.940014e+00 -2.664541e-01 -2.380997e-01 9.339758e-01 6.926440e+01
9.469392e-01 9.139263e-02 -3.081455e-01 -5.574723e+00 -1.580995e-01 9.671639e-01 -1.989936e-01 -3.939276e+00 2.798406e-01 2.371525e-01 9.302945e-01 6.951704e+01
9.625607e-01 -1.702969e-01 2.108931e-01 -5.618970e+00 1.192395e-01 9.647093e-01 2.347719e-01 -3.948796e+00 -2.434314e-01 -2.008354e-01 9.488974e-01 6.970507e+01
9.402527e-01 1.187910e-01 -3.190825e-01 -5.627431e+00 -1.809096e-01 9.682304e-01 -1.726315e-01 -3.955403e+00 2.884383e-01 2.200423e-01 9.318716e-01 6.993119e+01
9.668061e-01 -1.705243e-01 1.902828e-01 -5.672690e+00 1.174700e-01 9.579853e-01 2.616581e-01 -3.961746e+00 -2.269071e-01 -2.306201e-01 9.462175e-01 7.016511e+01
9.442270e-01 1.273433e-01 -3.036758e-01 -5.705045e+00 -1.866644e-01 9.667078e-01 -1.750214e-01 -3.967654e+00 2.712779e-01 2.219454e-01 9.365621e-01 7.034008e+01
9.580038e-01 -1.970565e-01 2.083208e-01 -5.737547e+00 1.476866e-01 9.617747e-01 2.306038e-01 -3.975537e+00 -2.457996e-01 -1.901531e-01 9.504864e-01 7.053143e+01
9.342436e-01 1.921682e-01 -3.004335e-01 -5.775439e+00 -2.481875e-01 9.552825e-01 -1.607433e-01 -3.979423e+00 2.561091e-01 2.247372e-01 9.401602e-01 7.074304e+01
