9.987974e-01 1.646274e-03 -4.900143e-02 -2.785396e-02 -4.347139e-03 9.984734e-01 -5.506268e-02 -1.025544e-02 4.883598e-02 5.520948e-02 9.972798e-01 2.515209e-01
9.994840e-01 2.914790e-02 -1.349677e-02 -5.600786e-02 -2.867613e-02 9.990131e-01 3.391931e-02 -1.386178e-02 1.447212e-02 -3.351477e-02 9.993334e-01 4.833627e-01
9.977961e-01 -1.292365e-02 -6.508392e-02 -1.016381e-01 1.184647e-02 9.997868e-01 -1.690953e-02 -2.217364e-02 6.528858e-02 1.610125e-02 9.977365e-01 6.745173e-01
9.998552e-01 -6.510321e-03 1.572091e-02 -9.929853e-02 7.691924e-03 9.970545e-01 -7.631022e-02 -3.072857e-02 -1.517779e-02 7.642010e-02 9.969602e-01 9.474639e-01
9.922614e-01 7.955365e-02 -9.533348e-02 -1.315156e-01 -7.117015e-02 9.935455e-01 8.832966e-02 -2.952420e-02 1.017451e-01 -8.086122e-02 9.915187e-01 1.202122e+00
9.945004e-01 -6.450415e-02 8.251154e-02 -1.638700e-01 7.461779e-02 9.892163e-01 -1.260293e-01 -3.616397e-02 -7.349234e-02 1.314930e-01 9.885891e-01 1.412783e+00
9.736724e-01 1.864927e-01 -1.310821e-01 -1.822675e-01 -1.645655e-01 9.729883e-01 1.619010e-01 -2.944565e-02 1.577348e-01 -1.360669e-01 9.780621e-01 1.645346e+00
9.843093e-01 -1.571639e-01 8.021642e-02 -2.188445e-01 1.649132e-01 9.810802e-01 -1.014161e-01 -2.669192e-02 -6.275980e-02 1.130536e-01 9.916048e-01 1.841083e+00
9.779119e-01 1.765457e-01 -1.118925e-01 -2.587941e-01 -1.615274e-01 9.780676e-01 1.315014e-01 -3.064593e-02 1.326544e-01 -1.105231e-01 9.849809e-01 2.021704e+00
9.790738e-01 -1.837225e-01 8.752459e-02 -3.033042e-01 1.936332e-01 9.733477e-01 -1.228840e-01 -3.352555e-02 -6.261529e-02 1.372602e-01 9.885540e-01 2.214036e+00
9.716242e-01 2.157883e-01 -9.686008e-02 -3.757457e-01 -1.963653e-01 9.641889e-01 1.782708e-01 -3.473052e-02 1.318602e-01 -1.541922e-01 9.792026e-01 2.412775e+00
9.764955e-01 -1.985007e-01 8.398790e-02 -4.257391e-01 2.088205e-01 9.678055e-01 -1.405222e-01 -4.312435e-02 -5.339019e-02 1.547577e-01 9.865088e-01 2.599487e+00
9.674998e-01 2.356210e-01 -9.179823e-02 -4.735048e-01 -2.172471e-01 9.602799e-01 1.751178e-01 -4.640904e-02 1.294134e-01 -1.494836e-01 9.802586e-01 2.801564e+00
9.754126e-01 -2.036890e-01 8.414943e-02 -5.390738e-01 2.138844e-01 9.669766e-01 -1.385994e-01 -4.659792e-02 -5.313936e-02 1.531898e-01 9.867670e-01 3.005465e+00
9.685376e-01 2.323664e-01 -8.911109e-02 -5.966946e-01 -2.130589e-01 9.592452e-01 1.856194e-01 -5.054981e-02 1.286111e-01 -1.607935e-01 9.785728e-01 3.212871e+00
9.819955e-01 -1.667952e-01 8.868042e-02 -6.404845e-01 1.790414e-01 9.714992e-01 -1.553495e-01 -4.858445e-02 -6.024141e-02 1.684300e-01 9.838711e-01 3.425027e+00
9.645350e-01 2.356207e-01 -1.189751e-01 -6.867486e-01 -2.083417e-01 9.563454e-01 2.049322e-01 -5.184769e-02 1.620676e-01 -1.728768e-01 9.715182e-01 3.622941e+00
9.736765e-01 -2.028790e-01 1.038951e-01 -7.410659e-01 2.168307e-01 9.649599e-01 -1.477731e-01 -5.596172e-02 -7.027452e-02 1.664108e-01 9.835491e-01 3.817632e+00
9.595230e-01 2.446586e-01 -1.394910e-01 -8.028053e-01 -2.135135e-01 9.549335e-01 2.061893e-01 -5.663903e-02 1.836506e-01 -1.680602e-01 9.685186e-01 4.011522e+00
9.674077e-01 -2.273988e-01 1.114100e-01 -8.632088e-01 2.416735e-01 9.604821e-01 -1.380871e-01 -6.146305e-02 -7.560648e-02 1.605113e-01 9.841340e-01 4.204062e+00
9.589202e-01 2.527563e-01 -1.287877e-01 -9.245617e-01 -2.270257e-01 9.559932e-01 1.858393e-01 -6.761041e-02 1.700922e-01 -1.489670e-01 9.741034e-01 4.415424e+00
9.727065e-01 -2.117362e-01 9.492055e-02 -1.005736e+00 2.222476e-01 9.677207e-01 -1.188388e-01 -6.637229e-02 -6.669411e-02 1.366912e-01 9.883660e-01 4.621237e+00
9.658222e-01 2.347671e-01 -1.098719e-01 -1.064815e+00 -2.152108e-01 9.625440e-01 1.649042e-01 -6.563300e-02 1.444706e-01 -1.356225e-01 9.801708e-01 4.823646e+00
9.718397e-01 -2.224859e-01 7.763806e-02 -1.130136e+00 2.308486e-01 9.650312e-01 -1.241920e-01 -6.646276e-02 -4.729218e-02 1.386174e-01 9.892162e-01 5.027293e+00
9.581445e-01 2.680103e-01 -1.006462e-01 -1.193048e+00 -2.476499e-01 9.523053e-01 1.782809e-01 -5.829167e-02 1.436270e-01 -1.458939e-01 9.788188e-01 5.223971e+00
9.556449e-01 -2.783133e-01 9.635654e-02 -1.239256e+00 2.909047e-01 9.430784e-01 -1.611754e-01 -5.723252e-02 -4.601451e-02 1.820570e-01 9.822107e-01 5.399790e+00
9.489555e-01 2.862360e-01 -1.324853e-01 -1.290757e+00 -2.509980e-01 9.396835e-01 2.323681e-01 -5.549009e-02 1.910064e-01 -1.872534e-01 9.635625e-01 5.589196e+00
9.592744e-01 -2.336955e-01 1.586792e-01 -1.318388e+00 2.709360e-01 9.201184e-01 -2.828001e-01 -7.053330e-02 -7.991452e-02 3.142748e-01 9.459625e-01 5.830547e+00
9.233184e-01 3.357455e-01 -1.864352e-01 -1.411462e+00 -2.603414e-01 9.041069e-01 3.388409e-01 -8.284279e-02 2.823217e-01 -2.643213e-01 9.221869e-01 6.137245e+00
9.600986e-01 -2.690009e-01 7.648040e-02 -1.512542e+00 2.791153e-01 9.387825e-01 -2.019459e-01 -8.761550e-02 -1.747484e-02 2.152348e-01 9.764060e-01 6.383332e+00
9.547413e-01 2.736150e-01 -1.166357e-01 -1.582929e+00 -2.268753e-01 9.235015e-01 3.093098e-01 -9.346860e-02 1.923451e-01 -2.688491e-01 9.437815e-01 6.558211e+00
9.624606e-01 -2.698836e-01 2.885075e-02 -1.650703e+00 2.695008e-01 9.376137e-01 -2.196584e-01 -1.013317e-01 3.223136e-02 2.191879e-01 9.751501e-01 6.727754e+00
9.633884e-01 2.671278e-01 -2.292353e-02 -1.715519e+00 -2.529826e-01 9.340177e-01 2.522117e-01 -1.034762e-01 8.878375e-02 -2.371786e-01 9.674005e-01 6.922879e+00
9.657026e-01 -2.570587e-01 3.659691e-02 -1.790507e+00 2.585662e-01 9.391997e-01 -2.259369e-01 -1.028395e-01 2.370724e-02 2.276505e-01 9.734543e-01 7.118744e+00
9.641378e-01 2.648175e-01 -1.760952e-02 -1.861429e+00 -2.516062e-01 9.331197e-01 2.568697e-01 -1.032927e-01 8.445537e-02 -2.432271e-01 9.662856e-01 7.330065e+00
9.738099e-01 -2.269254e-01 1.411476e-02 -1.931878e+00 2.243159e-01 9.487706e-01 -2.225234e-01 -1.073401e-01 3.710453e-02 2.198616e-01 9.748252e-01 7.544720e+00
9.729065e-01 2.307266e-01 -1.477358e-02 -1.997752e+00 -2.191697e-01 9.407439e-01 2.587771e-01 -1.131038e-01 7.360491e-02 -2.485280e-01 9.658241e-01 7.753247e+00
9.880209e-01 -1.541500e-01 7.238326e-03 -2.048438e+00 1.515836e-01 9.606405e-01 -2.327921e-01 -1.084380e-01 2.893147e-02 2.311007e-01 9.724996e-01 7.947072e+00
9.900549e-01 1.351889e-01 -3.892615e-02 -2.102508e+00 -1.203632e-01 9.572335e-01 2.630907e-01 -1.069385e-01 7.282835e-02 -2.557890e-01 9.639855e-01 8.112488e+00
9.948465e-01 -1.004912e-01 1.348986e-02 -2.140469e+00 1.008206e-01 9.663289e-01 -2.367352e-01 -1.091556e-01 1.075415e-02 2.368753e-01 9.714805e-01 8.288848e+00
9.922057e-01 8.600237e-02 -9.017501e-02 -2.190553e+00 -5.498415e-02 9.515538e-01 3.025261e-01 -1.094743e-01 1.118243e-01 -2.952099e-01 9.488659e-01 8.454371e+00
9.984678e-01 -5.043715e-02 2.276284e-02 -2.235290e+00 5.486233e-02 9.559878e-01 -2.882317e-01 -1.167440e-01 -7.223408e-03 2.890389e-01 9.572901e-01 8.630980e+00
9.940471e-01 4.820548e-02 -9.770696e-02 -2.283043e+00 -1.284918e-02 9.424047e-01 3.342279e-01 -1.253170e-01 1.081911e-01 -3.309828e-01 9.374140e-01 8.801635e+00
9.996546e-01 -2.052677e-02 -1.641394e-02 -2.324042e+00 1.428222e-02 9.485274e-01 -3.163728e-01 -1.392514e-01 2.206318e-02 3.160291e-01 9.484929e-01 8.971838e+00
9.965249e-01 6.590966e-02 -5.093175e-02 -2.344263e+00 -4.611771e-02 9.457654e-01 3.215603e-01 -1.492124e-01 6.936341e-02 -3.180940e-01 9.455183e-01 9.179585e+00
9.994207e-01 -3.402057e-02 8.893345e-04 -2.400906e+00 3.266140e-02 9.514952e-01 -3.059252e-01 -1.568101e-01 9.561551e-03 3.057770e-01 9.520551e-01 9.397652e+00
9.956879e-01 5.902687e-02 -7.156461e-02 -2.449936e+00 -2.966304e-02 9.335286e-01 3.572736e-01 -1.761252e-01 8.789635e-02 -3.536101e-01 9.312541e-01 9.630503e+00
9.997928e-01 -2.034921e-02 5.891495e-04 -2.477096e+00 1.933363e-02 9.400364e-01 -3.405257e-01 -1.826988e-01 6.375608e-03 3.404665e-01 9.402350e-01 9.820813e+00
9.892490e-01 2.209756e-02 -1.445620e-01 -2.533071e+00 4.083035e-02 9.074735e-01 4.181205e-01 -1.897681e-01 1.404256e-01 -4.195278e-01 8.968150e-01 1.000192e+01
9.971770e-01 7.338791e-02 1.588517e-02 -2.545703e+00 -6.030147e-02 9.087494e-01 -4.129628e-01 -2.104850e-01 -4.474212e-02 4.108390e-01 9.106094e-01 1.026274e+01
9.877072e-01 -7.153948e-02 -1.389839e-01 -2.607074e+00 1.242238e-01 8.989342e-01 4.201020e-01 -2.199927e-01 9.488354e-02 -4.322029e-01 8.967708e-01 1.047824e+01
9.931646e-01 1.156799e-01 -1.556060e-02 -2.676419e+00 -1.147021e-01 9.425751e-01 -3.136808e-01 -2.242444e-01 -2.161954e-02 3.133215e-01 9.494010e-01 1.065933e+01
9.799640e-01 -1.285606e-01 -1.521274e-01 -2.736778e+00 1.746831e-01 9.216992e-01 3.463472e-01 -2.355985e-01 9.568914e-02 -3.659819e-01 9.256894e-01 1.086351e+01
9.846028e-01 1.748046e-01 8.654514e-04 -2.785550e+00 -1.643962e-01 9.276366e-01 -3.353567e-01 -2.446711e-01 -5.942473e-02 3.300509e-01 9.420908e-01 1.106794e+01
9.650100e-01 -1.760715e-01 -1.943050e-01 -2.844848e+00 2.402172e-01 8.907177e-01 3.858985e-01 -2.589558e-01 1.051251e-01 -4.190713e-01 9.018470e-01 1.123350e+01
9.826977e-01 1.849128e-01 1.060581e-02 -2.853808e+00 -1.673899e-01 9.111687e-01 -3.765000e-01 -2.751106e-01 -7.928336e-02 3.682104e-01 9.263559e-01 1.136845e+01
9.511933e-01 -2.056624e-01 -2.300745e-01 -2.864873e+00 2.849336e-01 8.716223e-01 3.988577e-01 -2.943430e-01 1.185080e-01 -4.449467e-01 8.876814e-01 1.154910e+01
9.743004e-01 2.249707e-01 -1.126762e-02 -2.893017e+00 -2.148882e-01 9.133075e-01 -3.459659e-01 -3.109729e-01 -6.754141e-02 3.394960e-01 9.381794e-01 1.172902e+01
9.522570e-01 -2.211886e-01 -2.104335e-01 -2.938832e+00 2.830169e-01 8.980481e-01 3.367657e-01 -3.299972e-01 1.144907e-01 -3.802437e-01 9.177726e-01 1.195618e+01
9.479697e-01 3.155691e-01 4.206718e-02 -2.987460e+00 -2.913084e-01 9.131144e-01 -2.852394e-01 -3.318842e-01 -1.284249e-01 2.581437e-01 9.575327e-01 1.214376e+01
9.226568e-01 -2.854147e-01 -2.593125e-01 -3.035683e+00 3.516684e-01 8.986744e-01 2.621330e-01 -3.482150e-01 1.582209e-01 -3.330507e-01 9.295393e-01 1.234876e+01
9.378684e-01 3.436848e-01 4.778682e-02 -3.087066e+00 -3.254477e-01 9.190279e-01 -2.224217e-01 -3.512999e-01 -1.203604e-01 1.930502e-01 9.737787e-01 1.254695e+01
9.025093e-01 -3.417067e-01 -2.621324e-01 -3.106100e+00 3.933820e-01 9.018176e-01 1.788173e-01 -3.620933e-01 1.752925e-01 -2.645025e-01 9.483201e-01 1.273604e+01
9.248265e-01 3.788623e-01 3.404932e-02 -3.153590e+00 -3.736956e-01 9.216236e-01 -1.046979e-01 -3.856914e-01 -7.104675e-02 8.410330e-02 9.939210e-01 1.299816e+01
8.764857e-01 -3.905080e-01 -2.815604e-01 -3.170963e+00 4.215303e-01 9.050215e-01 5.699355e-02 -4.075630e-01 2.325618e-01 -1.686402e-01 9.578494e-01 1.323600e+01
9.012649e-01 4.116630e-01 1.351115e-01 -3.205001e+00 -4.006796e-01 9.105669e-01 -1.016063e-01 -4.136412e-01 -1.648556e-01 3.743772e-02 9.856069e-01 1.342602e+01
8.716248e-01 -3.795546e-01 -3.101751e-01 -3.258983e+00 4.147279e-01 9.083475e-01 5.390393e-02 -4.201629e-01 2.612873e-01 -1.756223e-01 9.491500e-01 1.361159e+01
9.237769e-01 3.432116e-01 1.698294e-01 -3.314512e+00 -3.335160e-01 9.390330e-01 -8.357062e-02 -4.177311e-01 -1.881578e-01 2.055980e-02 9.819236e-01 1.378033e+01
8.894500e-01 -3.675600e-01 -2.716218e-01 -3.314584e+00 3.772496e-01 9.259434e-01 -1.765388e-02 -4.269560e-01 2.579952e-01 -8.676695e-02 9.622422e-01 1.392315e+01
9.132093e-01 3.827276e-01 1.398868e-01 -3.352567e+00 -3.941307e-01 9.167752e-01 6.468533e-02 -4.380754e-01 -1.034879e-01 -1.142049e-01 9.880524e-01 1.410508e+01
8.822643e-01 -4.181635e-01 -2.162153e-01 -3.375936e+00 3.967222e-01 9.077041e-01 -1.366920e-01 -4.461632e-01 2.534191e-01 3.482102e-02 9.667297e-01 1.427035e+01
9.045512e-01 3.925602e-01 1.663840e-01 -3.401523e+00 -4.127612e-01 9.040496e-01 1.110071e-01 -4.536043e-01 -1.068424e-01 -1.690885e-01 9.797927e-01 1.445199e+01
8.843892e-01 -4.106530e-01 -2.218556e-01 -3.425389e+00 3.720602e-01 9.072462e-01 -1.961519e-01 -4.700712e-01 2.818280e-01 9.093095e-02 9.551463e-01 1.462420e+01
9.164622e-01 3.536727e-01 1.871164e-01 -3.470176e+00 -3.878038e-01 9.002776e-01 1.977588e-01 -4.828770e-01 -9.851483e-02 -2.538029e-01 9.622260e-01 1.481315e+01
8.195951e-01 -4.958150e-01 -2.871085e-01 -3.460852e+00 3.527709e-01 8.315653e-01 -4.290127e-01 -5.187951e-01 4.514604e-01 2.503332e-01 8.564560e-01 1.505188e+01
8.113496e-01 4.800172e-01 3.336095e-01 -3.508714e+00 -5.834280e-01 7.004741e-01 4.110326e-01 -5.534621e-01 -3.638214e-02 -5.281283e-01 8.483849e-01 1.534584e+01
7.938679e-01 -5.919587e-01 -1.391355e-01 -3.524964e+00 4.228037e-01 7.017803e-01 -5.733598e-01 -5.689449e-01 4.370478e-01 3.963449e-01 8.074032e-01 1.552569e+01
8.615452e-01 3.840114e-01 3.320770e-01 -3.551204e+00 -5.069414e-01 6.860183e-01 5.219093e-01 -5.811411e-01 -2.739178e-02 -6.179920e-01 7.857071e-01 1.569781e+01
8.155284e-01 -5.509520e-01 -1.771026e-01 -3.574547e+00 3.391735e-01 7.029913e-01 -6.251116e-01 -5.951104e-01 4.689081e-01 4.497277e-01 7.601777e-01 1.585713e+01
9.018591e-01 2.539598e-01 3.495062e-01 -3.621934e+00 -4.216124e-01 6.939401e-01 5.836867e-01 -6.091437e-01 -9.430338e-02 -6.737593e-01 7.329088e-01 1.602975e+01
8.641243e-01 -4.522380e-01 -2.208392e-01 -3.634659e+00 2.012391e-01 7.126794e-01 -6.720052e-01 -6.149532e-01 4.612938e-01 5.362545e-01 7.068515e-01 1.617262e+01
9.056030e-01 1.949519e-01 3.766657e-01 -3.659483e+00 -3.991510e-01 6.920108e-01 6.014977e-01 -6.155041e-01 -1.433936e-01 -6.950646e-01 7.045023e-01 1.634632e+01
8.893528e-01 -3.957536e-01 -2.289775e-01 -3.682205e+00 1.342472e-01 7.047504e-01 -6.966381e-01 -6.263795e-01 4.370690e-01 5.888174e-01 6.799005e-01 1.650777e+01
9.174987e-01 1.298050e-01 3.759611e-01 -3.716331e+00 -3.562294e-01 6.886155e-01 6.315926e-01 -6.319110e-01 -1.769088e-01 -7.134138e-01 6.780442e-01 1.668960e+01
9.000192e-01 -3.262307e-01 -2.890310e-01 -3.765813e+00 3.672775e-02 7.175515e-01 -6.955365e-01 -6.412590e-01 4.343000e-01 6.153807e-01 6.577918e-01 1.686875e+01
9.390426e-01 8.152787e-02 3.339944e-01 -3.797843e+00 -2.965777e-01 6.834791e-01 6.670067e-01 -6.486492e-01 -1.738986e-01 -7.254030e-01 6.659954e-01 1.705967e+01
9.061793e-01 -2.864616e-01 -3.110930e-01 -3.832062e+00 -6.749277e-03 7.257390e-01 -6.879370e-01 -6.581188e-01 4.228398e-01 6.254940e-01 6.557162e-01 1.721894e+01
9.495126e-01 -8.482026e-03 3.136141e-01 -3.844927e+00 -2.161353e-01 7.068832e-01 6.734995e-01 -6.643767e-01 -2.274012e-01 -7.072794e-01 6.693613e-01 1.738861e+01
9.184795e-01 -1.745490e-01 -3.548633e-01 -3.840491e+00 -1.133753e-01 7.434382e-01 -6.591249e-01 -6.682627e-01 3.788685e-01 6.456255e-01 6.630432e-01 1.757696e+01
9.641007e-01 -1.255089e-01 2.340030e-01 -3.841300e+00 -8.897166e-02 6.776190e-01 7.300113e-01 -6.792894e-01 -2.501878e-01 -7.246241e-01 6.421262e-01 1.774266e+01
9.217587e-01 -6.869396e-02 -3.816307e-01 -3.891055e+00 -2.197386e-01 7.183696e-01 -6.600455e-01 -6.881828e-01 3.194931e-01 6.922617e-01 6.470687e-01 1.791236e+01
9.429979e-01 -2.415753e-01 2.289026e-01 -3.960915e+00 1.735972e-02 7.225805e-01 6.910688e-01 -6.862275e-01 -3.323457e-01 -6.477027e-01 6.855856e-01 1.813130e+01
9.326330e-01 -3.416931e-03 -3.608102e-01 -4.018135e+00 -2.361738e-01 7.502163e-01 -6.175738e-01 -6.808268e-01 2.727959e-01 6.611836e-01 6.988695e-01 1.830711e+01
9.375222e-01 -2.621426e-01 2.287651e-01 -4.046973e+00 5.476710e-02 7.605046e-01 6.470188e-01 -6.839834e-01 -3.435881e-01 -5.940657e-01 7.273467e-01 1.846782e+01
8.825978e-01 6.885352e-02 -4.650594e-01 -4.079745e+00 -3.394482e-01 7.777306e-01 -5.290652e-01 -6.967863e-01 3.252629e-01 6.248154e-01 7.097956e-01 1.863070e+01
9.142209e-01 -3.347495e-01 2.283481e-01 -4.091603e+00 1.192383e-01 7.608079e-01 6.379291e-01 -7.052304e-01 -3.872755e-01 -5.559803e-01 7.354615e-01 1.880019e+01
8.473678e-01 2.396957e-01 -4.738289e-01 -4.106354e+00 -4.633101e-01 7.697173e-01 -4.391800e-01 -7.147030e-01 2.594447e-01 5.916767e-01 7.632870e-01 1.895801e+01
8.673017e-01 -4.851522e-01 1.114233e-01 -4.125924e+00 3.396991e-01 7.404664e-01 5.799259e-01 -7.228359e-01 -3.638575e-01 -4.651203e-01 8.070135e-01 1.911700e+01
7.988741e-01 3.668810e-01 -4.766535e-01 -4.162765e+00 -5.517120e-01 7.626150e-01 -3.376865e-01 -7.275052e-01 2.396123e-01 5.327445e-01 8.116460e-01 1.930060e+01
8.137969e-01 -5.636347e-01 1.415996e-01 -4.182271e+00 4.313533e-01 7.491105e-01 5.027602e-01 -7.383784e-01 -3.894469e-01 -3.480653e-01 8.527495e-01 1.947170e+01
7.660048e-01 4.316968e-01 -4.763134e-01 -4.215584e+00 -5.745378e-01 7.921174e-01 -2.060495e-01 -7.488700e-01 2.883453e-01 4.314949e-01 8.547919e-01 1.964179e+01
7.872736e-01 -5.861511e-01 1.913824e-01 -4.262864e+00 4.877314e-01 7.818730e-01 3.883203e-01 -7.574986e-01 -3.772511e-01 -2.123711e-01 9.014322e-01 1.984448e+01
7.425239e-01 5.251526e-01 -4.157800e-01 -4.315874e+00 -6.163934e-01 7.786506e-01 -1.173133e-01 -7.583683e-01 2.621400e-01 3.433920e-01 9.018673e-01 2.001165e+01
7.555719e-01 -6.418720e-01 1.308110e-01 -4.359692e+00 5.782469e-01 7.473640e-01 3.272271e-01 -7.673384e-01 -3.078013e-01 -1.716025e-01 9.358477e-01 2.017603e+01
7.256004e-01 5.882651e-01 -3.569989e-01 -4.421746e+00 -6.447847e-01 7.624425e-01 -5.416748e-02 -7.694370e-01 2.403263e-01 2.694914e-01 9.325329e-01 2.035913e+01
7.458469e-01 -6.593148e-01 9.495540e-02 -4.494842e+00 6.246490e-01 7.417830e-01 2.440729e-01 -7.781028e-01 -2.313572e-01 -1.227272e-01 9.650968e-01 2.054969e+01
7.238294e-01 6.284190e-01 -2.848870e-01 -4.570610e+00 -6.605082e-01 7.504739e-01 -2.275713e-02 -7.820345e-01 1.994992e-01 2.046425e-01 9.582909e-01 2.076027e+01
7.522893e-01 -6.528122e-01 8.886567e-02 -4.653093e+00 6.339910e-01 7.539977e-01 1.718804e-01 -7.851600e-01 -1.792101e-01 -7.296372e-02 9.811014e-01 2.098999e+01
7.120865e-01 6.684719e-01 -2.146580e-01 -4.745258e+00 -6.788830e-01 7.335373e-01 3.226357e-02 -7.848416e-01 1.790269e-01 1.227532e-01 9.761562e-01 2.122894e+01
7.478332e-01 -6.621883e-01 4.745816e-02 -4.815732e+00 6.556244e-01 7.478796e-01 1.040806e-01 -7.890659e-01 -1.044139e-01 -4.672017e-02 9.934359e-01 2.142714e+01
7.306436e-01 6.680320e-01 -1.410430e-01 -4.878674e+00 -6.657436e-01 7.428992e-01 6.990157e-02 -7.879807e-01 1.514772e-01 4.282536e-02 9.875326e-01 2.161980e+01
7.290671e-01 -6.828719e-01 4.633597e-02 -4.944552e+00 6.838055e-01 7.296373e-01 -6.285448e-03 -7.897277e-01 -2.951630e-02 3.626730e-02 9.989061e-01 2.181958e+01
6.993077e-01 7.114310e-01 -6.953172e-02 -5.017128e+00 -6.970188e-01 7.002317e-01 1.544034e-01 -7.941209e-01 1.585357e-01 -5.951058e-02 9.855582e-01 2.203389e+01
7.083776e-01 -7.054865e-01 2.213453e-02 -5.086527e+00 7.031324e-01 7.025787e-01 -1.094898e-01 -7.975135e-01 6.169233e-02 9.312364e-02 9.937414e-01 2.223892e+01
7.174162e-01 6.966417e-01 2.081543e-03 -5.142471e+00 -6.822277e-01 7.019614e-01 2.044887e-01 -8.061305e-01 1.409942e-01 -1.481236e-01 9.788667e-01 2.242695e+01
7.077814e-01 -7.062692e-01 1.514335e-02 -5.209117e+00 6.945182e-01 6.917652e-01 -1.977508e-01 -8.149589e-01 1.291896e-01 1.504816e-01 9.801354e-01 2.262398e+01
7.208737e-01 6.882666e-01 8.142575e-02 -5.276758e+00 -6.763062e-01 6.728883e-01 2.997187e-01 -8.143999e-01 1.514959e-01 -2.711281e-01 9.505464e-01 2.281227e+01
7.101765e-01 -7.032549e-01 3.289297e-02 -5.338128e+00 6.713048e-01 6.623545e-01 -3.326204e-01 -8.209083e-01 2.121301e-01 2.583004e-01 9.424870e-01 2.299471e+01
7.213549e-01 6.715361e-01 1.693705e-01 -5.410648e+00 -6.779795e-01 6.347933e-01 3.706498e-01 -8.219332e-01 1.413895e-01 -3.821997e-01 9.131990e-01 2.321350e+01
7.574743e-01 -6.528614e-01 2.169209e-03 -5.488989e+00 5.933378e-01 6.870190e-01 -4.194700e-01 -8.262243e-01 2.723655e-01 3.190248e-01 9.077666e-01 2.342741e+01
7.996782e-01 5.645923e-01 2.043288e-01 -5.561951e+00 -5.883072e-01 6.687346e-01 4.546303e-01 -8.311175e-01 1.200390e-01 -4.837660e-01 8.669262e-01 2.362604e+01
8.073803e-01 -5.897129e-01 1.938309e-02 -5.635804e+00 5.181207e-01 6.928804e-01 -5.014656e-01 -8.286450e-01 2.822906e-01 4.149162e-01 8.649604e-01 2.382397e+01
8.232221e-01 5.210060e-01 2.255174e-01 -5.712263e+00 -5.523795e-01 6.433544e-01 5.300678e-01 -8.285589e-01 1.310809e-01 -5.609348e-01 8.174167e-01 2.403511e+01
8.093916e-01 -5.848046e-01 5.374738e-02 -5.767703e+00 4.951167e-01 6.303019e-01 -5.979791e-01 -8.318872e-01 3.158238e-01 5.106105e-01 7.997076e-01 2.424141e+01
8.248420e-01 5.059668e-01 2.522563e-01 -5.826045e+00 -5.475923e-01 6.039923e-01 5.790820e-01 -8.361698e-01 1.406354e-01 -6.157847e-01 7.752618e-01 2.445467e+01
8.380059e-01 -5.451415e-01 2.380853e-02 -5.878921e+00 4.313000e-01 6.350157e-01 -6.408864e-01 -8.466238e-01 3.342550e-01 5.473352e-01 7.672665e-01 2.463806e+01
8.719259e-01 4.050700e-01 2.750700e-01 -5.934848e+00 -4.814300e-01 6.068084e-01 6.324625e-01 -8.526972e-01 8.927682e-02 -6.838874e-01 7.241048e-01 2.480290e+01
8.512490e-01 -5.226065e-01 -4.751450e-02 -5.994746e+00 3.525323e-01 6.365854e-01 -6.859154e-01 -8.583013e-01 3.887109e-01 5.671344e-01 7.261284e-01 2.496638e+01
9.108628e-01 3.005614e-01 2.828284e-01 -6.037642e+00 -4.105879e-01 5.905430e-01 6.947493e-01 -8.558035e-01 4.179250e-02 -7.489472e-01 6.613105e-01 2.514221e+01
9.004555e-01 -4.278807e-01 -7.808949e-02 -6.066505e+00 2.207411e-01 6.042633e-01 -7.655973e-01 -8.601248e-01 3.747709e-01 6.721487e-01 6.385631e-01 2.531730e+01
9.367030e-01 2.120159e-01 2.786337e-01 -6.112928e+00 -3.500750e-01 5.805811e-01 7.351007e-01 -8.594393e-01 -5.916463e-03 -7.861138e-01 6.180535e-01 2.549731e+01
9.251249e-01 -3.581947e-01 -1.258592e-01 -6.150519e+00 1.310020e-01 6.123058e-01 -7.796923e-01 -8.567780e-01 3.563460e-01 7.048249e-01 6.133835e-01 2.569262e+01
9.653668e-01 1.117337e-01 2.357594e-01 -6.182188e+00 -2.564171e-01 5.730682e-01 7.783592e-01 -8.586181e-01 -4.813726e-02 -8.118549e-01 5.818715e-01 2.585780e+01
9.436384e-01 -2.802871e-01 -1.760273e-01 -6.221937e+00 2.346268e-02 5.871503e-01 -8.091379e-01 -8.644874e-01 3.301454e-01 7.594035e-01 5.606338e-01 2.604114e+01
9.794764e-01 -1.304329e-02 2.011362e-01 -6.258559e+00 -1.601500e-01 5.555534e-01 8.159120e-01 -8.655475e-01 -1.223841e-01 -8.313785e-01 5.420626e-01 2.623322e+01
9.608744e-01 -1.797304e-01 -2.107542e-01 -6.282639e+00 -7.917839e-02 5.509066e-01 -8.308024e-01 -8.697435e-01 2.654263e-01 8.149840e-01 5.151213e-01 2.641600e+01
9.819034e-01 -1.127772e-01 1.521413e-01 -6.329300e+00 -7.627673e-02 4.998071e-01 8.627715e-01 -8.723491e-01 -1.733423e-01 -8.587632e-01 4.821600e-01 2.658546e+01
9.539103e-01 -8.736698e-02 -2.870927e-01 -6.389429e+00 -1.949902e-01 5.467544e-01 -8.142717e-01 -8.769461e-01 2.281097e-01 8.327224e-01 5.045189e-01 2.676020e+01
9.743250e-01 -1.902449e-01 1.204061e-01 -6.438138e+00 -2.164234e-03 5.268527e-01 8.499539e-01 -8.721373e-01 -2.251357e-01 -8.283919e-01 5.129140e-01 2.695012e+01
9.332876e-01 -3.086392e-02 -3.578011e-01 -6.467443e+00 -2.738699e-01 5.833194e-01 -7.646789e-01 -8.655518e-01 2.323133e-01 8.116563e-01 5.359521e-01 2.711342e+01
9.579458e-01 -2.647505e-01 1.106661e-01 -6.479885e+00 6.957800e-02 5.884640e-01 8.055241e-01 -8.726006e-01 -2.783859e-01 -7.639485e-01 5.821375e-01 2.728818e+01
9.256631e-01 3.271478e-02 -3.769317e-01 -6.503841e+00 -3.184773e-01 6.052098e-01 -7.295843e-01 -8.832172e-01 2.042546e-01 7.953935e-01 5.706393e-01 2.746803e+01
9.510357e-01 -2.962754e-01 8.804595e-02 -6.564481e+00 1.072969e-01 5.836192e-01 8.049075e-01 -8.804443e-01 -2.898596e-01 -7.560486e-01 5.868321e-01 2.765716e+01
8.973083e-01 1.030385e-01 -4.292095e-01 -6.591875e+00 -3.957960e-01 6.182791e-01 -6.790261e-01 -8.848564e-01 1.954055e-01 7.791752e-01 5.955692e-01 2.781982e+01
9.068239e-01 -4.199796e-01 3.588386e-02 -6.613181e+00 2.453665e-01 5.951793e-01 7.652168e-01 -8.868983e-01 -3.427328e-01 -6.851122e-01 6.427718e-01 2.798600e+01
8.490810e-01 2.437975e-01 -4.686409e-01 -6.638226e+00 -5.096447e-01 6.114928e-01 -6.052593e-01 -9.008776e-01 1.390098e-01 7.527545e-01 6.434570e-01 2.814993e+01
8.678954e-01 -4.958822e-01 2.929719e-02 -6.700940e+00 3.128018e-01 5.913792e-01 7.432534e-01 -9.002673e-01 -3.858919e-01 -6.359020e-01 6.683682e-01 2.835227e+01
8.193910e-01 3.202682e-01 -4.754225e-01 -6.747071e+00 -5.640138e-01 5.985932e-01 -5.688361e-01 -9.016762e-01 1.024046e-01 7.342441e-01 6.711176e-01 2.853128e+01
7.992715e-01 -6.006547e-01 1.946823e-02 -6.772098e+00 4.244893e-01 5.871925e-01 6.892125e-01 -9.105503e-01 -4.254103e-01 -5.426038e-01 7.242977e-01 2.870443e+01
7.558163e-01 4.311329e-01 -4.928146e-01 -6.811760e+00 -6.508939e-01 5.766164e-01 -4.938123e-01 -9.152941e-01 7.126625e-02 6.940014e-01 7.164378e-01 2.890893e+01
7.486564e-01 -6.629538e-01 -2.409530e-03 -6.880750e+00 4.900023e-01 5.508913e-01 6.755861e-01 -9.207263e-01 -4.465550e-01 -5.069625e-01 7.372772e-01 2.910376e+01
7.019799e-01 5.176084e-01 -4.891889e-01 -6.950976e+00 -7.100637e-01 5.617762e-01 -4.245198e-01 -9.260423e-01 5.507965e-02 6.453597e-01 7.618905e-01 2.929705e+01
7.171430e-01 -6.943342e-01 -6.004864e-02 -6.997866e+00 5.832830e-01 5.508148e-01 5.969790e-01 -9.198064e-01 -3.814273e-01 -4.631447e-01 8.000064e-01 2.947609e+01
7.023234e-01 5.468051e-01 -4.557917e-01 -7.021030e+00 -7.116523e-01 5.547188e-01 -4.310894e-01 -9.308299e-01 1.711434e-02 6.271293e-01 7.787271e-01 2.963930e+01
6.832342e-01 -7.247392e-01 -8.912977e-02 -7.055715e+00 6.274776e-01 5.203026e-01 5.792729e-01 -9.326100e-01 -3.734473e-01 -4.517060e-01 8.102462e-01 2.980570e+01
6.697096e-01 6.250250e-01 -4.010397e-01 -7.081758e+00 -7.423285e-01 5.786448e-01 -3.378145e-01 -9.335822e-01 2.091702e-02 5.239408e-01 8.514978e-01 2.995357e+01
6.510032e-01 -7.570939e-01 -5.480542e-02 -7.116698e+00 7.011703e-01 5.721150e-01 4.254934e-01 -9.388460e-01 -2.907835e-01 -3.154255e-01 9.033005e-01 3.012007e+01
6.317481e-01 6.845817e-01 -3.636513e-01 -7.081233e+00 -7.692475e-01 6.115499e-01 -1.851079e-01 -9.466549e-01 9.566946e-02 3.966794e-01 9.129583e-01 3.030676e+01
6.640354e-01 -7.461334e-01 -4.839323e-02 -7.029505e+00 7.190079e-01 6.194561e-01 3.151219e-01 -9.564980e-01 -2.051455e-01 -2.440472e-01 9.478166e-01 3.050590e+01
6.351290e-01 7.272375e-01 -2.602629e-01 -6.988555e+00 -7.719711e-01 6.089581e-01 -1.822926e-01 -9.711729e-01 2.591914e-02 3.166947e-01 9.481733e-01 3.068276e+01
6.182790e-01 -7.811089e-01 -8.717768e-02 -7.006818e+00 7.770867e-01 5.909088e-01 2.167097e-01 -9.816759e-01 -1.177598e-01 -2.017317e-01 9.723358e-01 3.087368e+01
6.239780e-01 7.554501e-01 -1.998665e-01 -7.003480e+00 -7.795211e-01 6.196627e-01 -9.146020e-02 -9.878918e-01 5.475619e-02 2.128693e-01 9.755452e-01 3.104539e+01
5.912341e-01 -8.026224e-01 -7.898980e-02 -7.011200e+00 8.049670e-01 5.812374e-01 1.191268e-01 -9.931810e-01 -4.970202e-02 -1.340160e-01 9.897320e-01 3.118352e+01
6.319842e-01 7.595824e-01 -1.537226e-01 -6.946868e+00 -7.667557e-01 6.416754e-01 1.839559e-02 -1.002327e+00 1.126130e-01 1.062420e-01 9.879428e-01 3.132014e+01
6.390655e-01 -7.685075e-01 3.148826e-02 -6.919320e+00 7.686284e-01 6.396056e-01 1.072556e-02 -1.014011e+00 -2.838274e-02 1.734843e-02 9.994466e-01 3.147192e+01
6.237319e-01 7.707376e-01 -1.300850e-01 -6.930328e+00 -7.580479e-01 6.370500e-01 1.397526e-01 -1.022831e+00 1.905832e-01 1.144254e-02 9.816044e-01 3.166062e+01
6.344903e-01 -7.639704e-01 1.173512e-01 -6.927838e+00 7.728798e-01 6.253495e-01 -1.076791e-01 -1.032197e+00 8.878124e-03 1.590197e-01 9.872355e-01 3.184980e+01
6.475654e-01 7.585252e-01 -7.279148e-02 -6.909413e+00 -7.116710e-01 6.361649e-01 2.980244e-01 -1.042047e+00 2.723664e-01 -1.411867e-01 9.517788e-01 3.202064e+01
6.371643e-01 -7.487638e-01 1.826866e-01 -6.847393e+00 7.358314e-01 5.204632e-01 -4.332093e-01 -1.075548e+00 2.292898e-01 4.104520e-01 8.825844e-01 3.221190e+01
7.353966e-01 6.746237e-01 6.383287e-02 -6.756565e+00 -6.191262e-01 6.306197e-01 4.679760e-01 -1.162556e+00 2.754534e-01 -3.836685e-01 8.814328e-01 3.258569e+01
6.226575e-01 -7.774873e-01 8.838091e-02 -6.273237e+00 6.880628e-01 4.902221e-01 -5.350251e-01 -1.206994e+00 3.726490e-01 3.939490e-01 8.402005e-01 3.294088e+01
7.125676e-01 6.741647e-01 1.942919e-01 -5.583936e+00 -6.145003e-01 4.660564e-01 6.365382e-01 -1.324246e+00 3.385806e-01 -5.729689e-01 7.463711e-01 3.339231e+01
8.229316e-01 -5.626124e-01 7.906285e-02 -5.075797e+00 4.244631e-01 5.163373e-01 -7.437922e-01 -1.432490e+00 3.776436e-01 6.456494e-01 6.637184e-01 3.375032e+01
7.973290e-01 4.019701e-01 4.502072e-01 -5.033797e+00 -6.026655e-01 5.705129e-01 5.579510e-01 -1.468913e+00 -3.256944e-02 -7.161949e-01 6.971400e-01 3.397300e+01
8.226662e-01 -5.625773e-01 -8.201894e-02 -5.073162e+00 3.246409e-01 5.832806e-01 -7.445751e-01 -1.471497e+00 4.667211e-01 5.859100e-01 6.624808e-01 3.423661e+01
8.649913e-01 3.298214e-01 3.781639e-01 -5.116614e+00 -5.017302e-01 5.571630e-01 6.616919e-01 -1.476605e+00 7.541237e-03 -7.620939e-01 6.474225e-01 3.448686e+01
8.582598e-01 -5.107688e-01 -5.005389e-02 -5.141130e+00 2.718708e-01 5.352080e-01 -7.997742e-01 -1.475067e+00 4.352889e-01 6.728058e-01 5.982106e-01 3.474208e+01
8.333905e-01 2.799579e-01 4.765332e-01 -4.994428e+00 -5.398083e-01 5.973431e-01 5.931174e-01 -1.470464e+00 -1.186059e-01 -7.515350e-01 6.489436e-01 3.517769e+01
8.285128e-01 -5.514706e-01 -9.719405e-02 -4.981034e+00 3.038433e-01 5.885293e-01 -7.492079e-01 -1.434563e+00 4.703677e-01 5.911966e-01 6.551647e-01 3.559641e+01
8.377969e-01 3.379804e-01 4.287954e-01 -5.008716e+00 -5.441207e-01 5.816483e-01 6.046634e-01 -1.435504e+00 -4.504376e-02 -7.399017e-01 6.712053e-01 3.584198e+01
8.538051e-01 -5.143979e-01 -8.007275e-02 -5.078482e+00 2.871231e-01 5.935983e-01 -7.517987e-01 -1.434751e+00 4.342548e-01 6.188989e-01 6.545128e-01 3.609141e+01
9.008856e-01 2.798436e-01 3.318022e-01 -5.051328e+00 -4.282349e-01 6.978045e-01 5.741810e-01 -1.445459e+00 -7.085222e-02 -6.593607e-01 7.484808e-01 3.632867e+01
9.199426e-01 -3.591113e-01 -1.573043e-01 -5.016982e+00 1.748926e-01 7.349965e-01 -6.551280e-01 -1.449351e+00 3.508820e-01 5.751688e-01 7.389605e-01 3.660214e+01
9.297136e-01 1.934165e-01 3.134051e-01 -5.031805e+00 -3.443534e-01 7.582941e-01 5.535438e-01 -1.457857e+00 -1.305887e-01 -6.225593e-01 7.716000e-01 3.682891e+01
8.473434e-01 -4.769162e-01 -2.335808e-01 -4.752713e+00 1.447004e-01 6.305594e-01 -7.625330e-01 -1.523170e+00 5.109510e-01 6.123281e-01 6.033103e-01 3.709247e+01
9.699990e-01 1.045065e-01 2.195002e-01 -4.539285e+00 -2.168898e-01 7.798767e-01 5.871551e-01 -1.542171e+00 -1.098215e-01 -6.171472e-01 7.791460e-01 3.737082e+01
9.298390e-01 -2.026340e-01 -3.071464e-01 -4.457152e+00 -2.428786e-02 7.990941e-01 -6.007152e-01 -1.575107e+00 3.671642e-01 5.660283e-01 7.381073e-01 3.759602e+01
9.685312e-01 -3.749681e-02 2.460515e-01 -4.447591e+00 -1.178557e-01 8.016363e-01 5.860795e-01 -1.600196e+00 -2.192200e-01 -5.966349e-01 7.719906e-01 3.780685e+01
9.153417e-01 -1.362844e-01 -3.789144e-01 -4.426803e+00 -8.883846e-02 8.494541e-01 -5.201303e-01 -1.619137e+00 3.927561e-01 5.097591e-01 7.654334e-01 3.795505e+01
9.253466e-01 -7.454729e-02 3.717208e-01 -4.403034e+00 -1.178085e-01 8.753991e-01 4.688258e-01 -1.617715e+00 -3.603537e-01 -4.776182e-01 8.012653e-01 3.816749e+01
9.026358e-01 -1.109143e-01 -4.158686e-01 -4.337485e+00 -1.155448e-01 8.683128e-01 -4.823716e-01 -1.625252e+00 4.146059e-01 4.834573e-01 7.709546e-01 3.837469e+01
9.283951e-01 -6.150321e-02 3.664694e-01 -4.213232e+00 -1.271070e-01 8.741577e-01 4.687132e-01 -1.636820e+00 -3.491794e-01 -4.817319e-01 8.037463e-01 3.854343e+01
9.256213e-01 -1.134693e-01 -3.610401e-01 -4.060106e+00 -1.021260e-01 8.437117e-01 -5.269923e-01 -1.664585e+00 3.644112e-01 5.246668e-01 7.693693e-01 3.875748e+01
9.571137e-01 -5.112417e-02 2.851659e-01 -4.034763e+00 -1.153113e-01 8.357558e-01 5.368570e-01 -1.663526e+00 -2.657755e-01 -5.467161e-01 7.940182e-01 3.905933e+01
9.344398e-01 -7.560653e-02 -3.480028e-01 -4.038987e+00 -1.216526e-01 8.506487e-01 -5.114660e-01 -1.677545e+00 3.346983e-01 5.202696e-01 7.856822e-01 3.930154e+01
9.534911e-01 -8.056468e-02 2.904551e-01 -4.051586e+00 -7.460448e-02 8.705577e-01 4.863778e-01 -1.693648e+00 -2.920428e-01 -4.854262e-01 8.240585e-01 3.954571e+01
9.336047e-01 -6.712639e-02 -3.519607e-01 -4.087884e+00 -1.186344e-01 8.689778e-01 -4.804201e-01 -1.700680e+00 3.380949e-01 4.902771e-01 8.033183e-01 3.986069e+01
9.565405e-01 -1.396035e-01 2.560100e-01 -4.056611e+00 2.063500e-02 9.081563e-01 4.181225e-01 -1.718855e+00 -2.908685e-01 -3.946683e-01 8.715690e-01 4.026450e+01
9.224904e-01 5.253064e-02 -3.824290e-01 -3.952144e+00 -2.128822e-01 8.956582e-01 -3.904837e-01 -1.730384e+00 3.220133e-01 4.416297e-01 8.374190e-01 4.058735e+01
9.505048e-01 -2.016851e-01 2.363551e-01 -3.906225e+00 8.138031e-02 8.957369e-01 4.370729e-01 -1.750708e+00 -2.998631e-01 -3.962052e-01 8.678154e-01 4.083932e+01
9.149690e-01 5.290223e-02 -4.000414e-01 -3.852955e+00 -1.975083e-01 9.232122e-01 -3.296508e-01 -1.766499e+00 3.518839e-01 3.806318e-01 8.551592e-01 4.110509e+01
9.292803e-01 -1.751262e-01 3.252215e-01 -3.787360e+00 4.797431e-02 9.302286e-01 3.638314e-01 -1.783844e+00 -3.662467e-01 -3.224991e-01 8.728446e-01 4.135507e+01
9.086075e-01 1.962482e-02 -4.171897e-01 -3.773830e+00 -1.815273e-01 9.181666e-01 -3.521617e-01 -1.795267e+00 3.761385e-01 3.957081e-01 8.378156e-01 4.155409e+01
9.202790e-01 -2.150022e-01 3.268955e-01 -3.789319e+00 7.334907e-02 9.154782e-01 3.956255e-01 -1.804753e+00 -3.843260e-01 -3.401084e-01 8.582656e-01 4.174588e+01
9.036928e-01 6.391044e-02 -4.233849e-01 -3.813230e+00 -2.239050e-01 9.133672e-01 -3.400395e-01 -1.813015e+00 3.649739e-01 4.020892e-01 8.397132e-01 4.191344e+01
9.153837e-01 -2.002306e-01 3.492569e-01 -3.818662e+00 6.297000e-02 9.280757e-01 3.670290e-01 -1.827500e+00 -3.976272e-01 -3.139797e-01 8.621539e-01 4.210271e+01
9.150087e-01 9.097730e-02 -3.930422e-01 -3.788025e+00 -2.418761e-01 9.034373e-01 -3.539733e-01 -1.839499e+00 3.228854e-01 4.189561e-01 8.486582e-01 4.233448e+01
9.457846e-01 -2.681913e-01 1.832071e-01 -3.768232e+00 1.519333e-01 8.638699e-01 4.802553e-01 -1.846490e+00 -2.870674e-01 -4.263828e-01 8.577820e-01 4.258302e+01
9.039282e-01 1.986642e-01 -3.787432e-01 -3.745711e+00 -3.476331e-01 8.571417e-01 -3.800781e-01 -1.872810e+00 2.491287e-01 4.752270e-01 8.438568e-01 4.286295e+01
8.540363e-01 -4.512100e-01 2.589043e-01 -3.628358e+00 3.463672e-01 8.645394e-01 3.641448e-01 -1.909901e+00 -3.881387e-01 -2.213169e-01 8.946324e-01 4.312365e+01
6.940998e-01 4.897761e-01 -5.275840e-01 -3.483467e+00 -5.832124e-01 8.122112e-01 -1.327942e-02 -1.980343e+00 4.220057e-01 3.169108e-01 8.493991e-01 4.344807e+01
6.612689e-01 -5.557621e-01 5.038372e-01 -3.357350e+00 5.404439e-01 8.187521e-01 1.938179e-01 -2.024526e+00 -5.202344e-01 1.441299e-01 8.417735e-01 4.366864e+01
5.824514e-01 4.725788e-01 -6.613771e-01 -3.369809e+00 -5.036982e-01 8.484305e-01 1.626463e-01 -2.072446e+00 6.379957e-01 2.384008e-01 7.322066e-01 4.406453e+01
6.706469e-01 -4.441365e-01 5.941175e-01 -3.454666e+00 4.227337e-01 8.869853e-01 1.858850e-01 -2.094272e+00 -6.095318e-01 1.264903e-01 7.826054e-01 4.446753e+01
5.885647e-01 4.406420e-01 -6.778099e-01 -3.515271e+00 -4.706379e-01 8.684437e-01 1.559020e-01 -2.111481e+00 6.573367e-01 2.272446e-01 7.185182e-01 4.479284e+01
6.743253e-01 -4.588956e-01 5.785328e-01 -3.576843e+00 4.127625e-01 8.838738e-01 2.199869e-01 -2.122085e+00 -6.123010e-01 9.045391e-02 7.854334e-01 4.506662e+01
6.315822e-01 3.262855e-01 -7.033077e-01 -3.566089e+00 -4.156749e-01 9.082417e-01 4.807738e-02 -2.145847e+00 6.544603e-01 2.619825e-01 7.092580e-01 4.527280e+01
6.757514e-01 -4.293027e-01 5.992155e-01 -3.612726e+00 3.569791e-01 9.018114e-01 2.435201e-01 -2.164156e+00 -6.449232e-01 4.934839e-02 7.626525e-01 4.551408e+01
5.760610e-01 3.368078e-01 -7.447914e-01 -3.538109e+00 -4.215661e-01 9.030538e-01 8.231543e-02 -2.202785e+00 7.003112e-01 2.665600e-01 6.622009e-01 4.598894e+01
5.585623e-01 -3.390174e-01 7.570174e-01 -3.572642e+00 2.639742e-01 9.378632e-01 2.252338e-01 -2.230761e+00 -7.863369e-01 7.402592e-02 6.133469e-01 4.625642e+01
4.886645e-01 2.304803e-01 -8.414784e-01 -3.578651e+00 -2.947748e-01 9.513757e-01 8.939908e-02 -2.252868e+00 8.211668e-01 2.043604e-01 5.328433e-01 4.648836e+01
5.733337e-01 -3.278852e-01 7.508527e-01 -3.599407e+00 2.462727e-01 9.430188e-01 2.237528e-01 -2.285608e+00 -7.814334e-01 5.662949e-02 6.214136e-01 4.682839e+01
4.914474e-01 2.857614e-01 -8.226906e-01 -3.654009e+00 -3.447719e-01 9.312994e-01 1.175316e-01 -2.312929e+00 7.997573e-01 2.258800e-01 5.562072e-01 4.713841e+01
5.550931e-01 -3.563047e-01 7.516107e-01 -3.712161e+00 3.012578e-01 9.283795e-01 2.176125e-01 -2.336036e+00 -7.753163e-01 1.056334e-01 6.226766e-01 4.738686e+01
5.087550e-01 2.882391e-01 -8.112254e-01 -3.758875e+00 -3.637165e-01 9.260260e-01 1.009267e-01 -2.358798e+00 7.803068e-01 2.437091e-01 5.759577e-01 4.767518e+01
5.644512e-01 -3.278293e-01 7.575770e-01 -3.772950e+00 2.767439e-01 9.397966e-01 2.004871e-01 -2.385964e+00 -7.776938e-01 9.648959e-02 6.211941e-01 4.791223e+01
4.764012e-01 2.527670e-01 -8.421109e-01 -3.791693e+00 -3.489311e-01 9.334838e-01 8.279511e-02 -2.405641e+00 8.070248e-01 2.543950e-01 5.329111e-01 4.819561e+01
5.570118e-01 -3.129109e-01 7.693014e-01 -3.848975e+00 2.482099e-01 9.466912e-01 2.053475e-01 -2.425973e+00 -7.925464e-01 7.656721e-02 6.049857e-01 4.855900e+01
4.810942e-01 2.492418e-01 -8.404921e-01 -3.901873e+00 -3.450705e-01 9.351780e-01 7.980325e-02 -2.436212e+00 8.059000e-01 2.516361e-01 5.359146e-01 4.885663e+01
5.867955e-01 -3.082938e-01 7.487496e-01 -3.956377e+00 2.146029e-01 9.508292e-01 2.233146e-01 -2.452203e+00 -7.807795e-01 2.964377e-02 6.241031e-01 4.915037e+01
5.007927e-01 2.307871e-01 -8.342326e-01 -3.964014e+00 -3.498969e-01 9.355182e-01 4.876309e-02 -2.457344e+00 7.916936e-01 2.674752e-01 5.492524e-01 4.939615e+01
5.926208e-01 -3.462344e-01 7.272705e-01 -3.995473e+00 2.234945e-01 9.381302e-01 2.645032e-01 -2.479535e+00 -7.738545e-01 5.790831e-03 6.333370e-01 4.961507e+01
5.121727e-01 2.087518e-01 -8.331277e-01 -4.039684e+00 -3.492669e-01 9.368095e-01 2.001580e-02 -2.491761e+00 7.846603e-01 2.807324e-01 5.527183e-01 4.983404e+01
6.057647e-01 -3.468741e-01 7.160499e-01 -4.074837e+00 2.182682e-01 9.378850e-01 2.696863e-01 -2.500968e+00 -7.651197e-01 -7.075514e-03 6.438492e-01 5.010027e+01
5.083148e-01 2.297640e-01 -8.299546e-01 -4.118907e+00 -3.535374e-01 9.344694e-01 4.216989e-02 -2.518181e+00 7.852563e-01 2.719844e-01 5.562348e-01 5.033185e+01
5.984563e-01 -3.756725e-01 7.076159e-01 -4.161593e+00 2.505751e-01 9.267017e-01 2.800645e-01 -2.528880e+00 -7.609613e-01 9.704568e-03 6.487247e-01 5.054786e+01
5.404328e-01 2.487800e-01 -8.037667e-01 -4.199364e+00 -3.761400e-01 9.259501e-01 3.369076e-02 -2.544015e+00 7.526295e-01 2.841212e-01 5.939899e-01 5.073949e+01
6.067753e-01 -3.858600e-01 6.949358e-01 -4.232143e+00 2.718529e-01 9.222897e-01 2.747321e-01 -2.550499e+00 -7.469403e-01 2.221966e-02 6.645198e-01 5.093115e+01
5.345932e-01 2.617709e-01 -8.035460e-01 -4.251943e+00 -3.889884e-01 9.203288e-01 4.102406e-02 -2.562814e+00 7.502654e-01 2.906389e-01 5.938273e-01 5.111884e+01
5.973978e-01 -3.932767e-01 6.988915e-01 -4.277195e+00 2.802426e-01 9.189289e-01 2.775495e-01 -2.576785e+00 -7.513854e-01 3.005165e-02 6.591790e-01 5.131494e+01
5.524041e-01 2.587075e-01 -7.924141e-01 -4.303257e+00 -4.034520e-01 9.148349e-01 1.742289e-02 -2.594123e+00 7.294355e-01 3.100766e-01 6.097347e-01 5.152927e+01
5.782317e-01 -3.614121e-01 7.314571e-01 -4.310716e+00 2.764795e-01 9.302871e-01 2.410911e-01 -2.608797e+00 -7.675983e-01 6.282639e-02 6.378445e-01 5.174750e+01
4.797728e-01 2.831138e-01 -8.304605e-01 -4.320561e+00 -3.891491e-01 9.169819e-01 8.779117e-02 -2.619809e+00 7.863721e-01 2.810531e-01 5.501164e-01 5.198923e+01
5.647546e-01 -3.590473e-01 7.430594e-01 -4.332090e+00 2.738940e-01 9.309079e-01 2.416456e-01 -2.629430e+00 -7.784821e-01 6.704904e-02 6.240754e-01 5.219673e+01
5.099865e-01 2.436589e-01 -8.249510e-01 -4.337158e+00 -3.652662e-01 9.296248e-01 4.876719e-02 -2.641713e+00 7.787775e-01 2.764561e-01 5.630965e-01 5.239992e+01
5.635420e-01 -3.487454e-01 7.488638e-01 -4.359168e+00 2.659442e-01 9.348485e-01 2.352275e-01 -2.655804e+00 -7.821087e-01 6.659542e-02 6.195732e-01 5.258938e+01
5.157680e-01 2.576582e-01 -8.170653e-01 -4.389971e+00 -3.511105e-01 9.335043e-01 7.274015e-02 -2.666678e+00 7.814760e-01 2.493632e-01 5.719381e-01 5.277481e+01
5.634634e-01 -3.225826e-01 7.605586e-01 -4.403291e+00 2.678500e-01 9.422194e-01 2.011942e-01 -2.684286e+00 -7.815148e-01 9.035003e-02 6.173099e-01 5.295927e+01
