9.992278e-01 8.442428e-03 -3.837285e-02 8.412114e-02 -1.033027e-02 9.987322e-01 -4.926839e-02 -1.638357e-02 3.790826e-02 4.962675e-02 9.980482e-01 2.673563e-01
9.990610e-01 -4.016313e-02 -1.625139e-02 1.783021e-01 4.115953e-02 9.969369e-01 6.650331e-02 -1.933451e-02 1.353063e-02 -6.710976e-02 9.976538e-01 5.538022e-01
9.973031e-01 7.332895e-02 3.053436e-03 2.114703e-01 -7.288847e-02 9.944640e-01 -7.568733e-02 -1.631747e-02 -8.586605e-03 7.526065e-02 9.971269e-01 7.641377e-01
9.936416e-01 -9.461428e-02 -6.102856e-02 2.708914e-01 9.667902e-02 9.948072e-01 3.181023e-02 -1.465909e-02 5.770195e-02 -3.750815e-02 9.976290e-01 9.969710e-01
9.929789e-01 1.163227e-01 2.149283e-02 3.657304e-01 -1.147774e-01 9.914009e-01 -6.285255e-02 -2.259410e-02 -2.861919e-02 5.994437e-02 9.977914e-01 1.243147e+00
9.852602e-01 -1.388305e-01 -9.994190e-02 4.143437e-01 1.455721e-01 9.872995e-01 6.362811e-02 -3.534595e-02 8.983906e-02 -7.723899e-02 9.929567e-01 1.431055e+00
9.877661e-01 1.559421e-01 -3.945253e-04 4.262507e-01 -1.557138e-01 9.861764e-01 -5.665039e-02 -4.059230e-02 -8.445112e-03 5.601877e-02 9.983940e-01 1.616532e+00
9.815210e-01 -1.532085e-01 -1.146460e-01 4.243740e-01 1.603569e-01 9.854740e-01 5.591716e-02 -5.164848e-02 1.044136e-01 -7.326814e-02 9.918314e-01 1.794917e+00
9.875790e-01 1.564400e-01 1.463551e-02 4.712084e-01 -1.547382e-01 9.845280e-01 -8.222326e-02 -6.312945e-02 -2.727207e-02 7.893730e-02 9.965065e-01 1.986501e+00
9.721754e-01 -1.946732e-01 -1.302971e-01 4.587486e-01 2.031128e-01 9.776186e-01 5.483704e-02 -7.711083e-02 1.167056e-01 -7.977623e-02 9.899574e-01 2.138596e+00
9.896953e-01 1.372728e-01 4.073491e-02 4.458621e-01 -1.329545e-01 9.866061e-01 -9.450653e-02 -8.991407e-02 -5.316249e-02 8.811678e-02 9.946905e-01 2.293160e+00
9.824920e-01 -1.105836e-01 -1.499356e-01 4.292008e-01 1.251187e-01 9.879387e-01 9.122796e-02 -9.710869e-02 1.380389e-01 -1.083905e-01 9.844779e-01 2.464998e+00
9.918308e-01 1.143645e-01 5.650224e-02 4.237284e-01 -1.083531e-01 9.890755e-01 -9.994635e-02 -9.877900e-02 -6.731530e-02 9.300767e-02 9.933872e-01 2.612242e+00
9.872804e-01 -1.384605e-01 -7.814197e-02 4.307327e-01 1.382327e-01 9.903646e-01 -8.343938e-03 -9.676396e-02 7.854435e-02 -2.563967e-03 9.969073e-01 2.868944e+00
9.945925e-01 7.178591e-02 7.505015e-02 6.473117e-01 -6.368198e-02 9.923995e-01 -1.052987e-01 -9.773437e-02 -8.203870e-02 9.994998e-02 9.916046e-01 3.225974e+00
9.940165e-01 7.623163e-02 -7.822974e-02 7.930358e-01 -7.511176e-02 9.970274e-01 1.716348e-02 -8.816001e-02 7.930559e-02 -1.118481e-02 9.967876e-01 3.632746e+00
9.977843e-01 -6.265764e-02 2.237041e-02 8.611962e-01 6.234303e-02 9.979495e-01 1.449505e-02 -8.113618e-02 -2.323277e-02 -1.306830e-02 9.996447e-01 3.978076e+00
9.788725e-01 -2.858512e-02 -2.024638e-01 1.161293e+00 4.606751e-03 9.930116e-01 -1.179269e-01 -1.555072e-01 2.044198e-01 1.145027e-01 9.721634e-01 4.305878e+00
9.954240e-01 6.055361e-02 7.392131e-02 1.444544e+00 -6.123562e-02 9.980988e-01 6.992698e-03 -2.252901e-01 -7.335734e-02 -1.148732e-02 9.972396e-01 4.582433e+00
9.629007e-01 -3.551848e-02 -2.675083e-01 1.750993e+00 5.354940e-02 9.967362e-01 6.041010e-02 -2.746312e-01 2.644896e-01 -7.249384e-02 9.616600e-01 4.796962e+00
9.759868e-01 1.292814e-01 1.753169e-01 1.870349e+00 -1.252179e-01 9.915433e-01 -3.409344e-02 -3.029266e-01 -1.782420e-01 1.132194e-02 9.839215e-01 5.027684e+00
8.915379e-01 -2.935420e-01 -3.449541e-01 2.225644e+00 2.322096e-01 9.500910e-01 -2.083406e-01 -3.356144e-01 3.888945e-01 1.056419e-01 9.152054e-01 5.263133e+00
9.787945e-01 1.727438e-01 1.100950e-01 2.923809e+00 -1.747094e-01 9.845843e-01 8.390434e-03 -5.092840e-01 -1.069484e-01 -2.744714e-02 9.938857e-01 5.653982e+00
8.592492e-01 -3.374681e-01 -3.844555e-01 3.524094e+00 2.111508e-01 9.184998e-01 -3.343254e-01 -5.974221e-01 4.659464e-01 2.060908e-01 8.604769e-01 5.984019e+00
9.358360e-01 3.204690e-01 1.466646e-01 3.901062e+00 -3.522329e-01 8.363515e-01 4.200572e-01 -7.888257e-01 1.195220e-02 -4.447648e-01 8.955677e-01 6.308048e+00
9.342233e-01 -2.882367e-01 -2.101107e-01 3.990427e+00 1.709035e-01 8.787595e-01 -4.456160e-01 -8.274207e-01 3.130797e-01 3.803962e-01 8.702183e-01 6.504169e+00
9.967897e-01 5.600027e-02 -5.722066e-02 4.267119e+00 -4.232617e-02 9.752303e-01 2.171046e-01 -8.464961e-01 6.796123e-02 -2.139857e-01 9.744698e-01 6.777283e+00
9.467642e-01 1.054827e-02 -3.217549e-01 4.431657e+00 -6.507620e-02 9.851005e-01 -1.591917e-01 -9.678511e-01 3.152817e-01 1.716556e-01 9.333444e-01 7.027770e+00
9.804495e-01 9.692593e-02 1.712432e-01 4.338605e+00 -1.351111e-01 9.642951e-01 2.277718e-01 -1.002987e+00 -1.430520e-01 -2.464556e-01 9.585384e-01 7.353491e+00
9.667762e-01 -1.484046e-01 -2.081342e-01 4.331012e+00 8.184866e-02 9.510664e-01 -2.979487e-01 -1.020654e+00 2.421664e-01 2.710142e-01 9.316151e-01 7.594303e+00
9.972467e-01 -3.205416e-02 -6.686954e-02 4.621686e+00 3.565959e-02 9.979342e-01 5.343929e-02 -1.043206e+00 6.501845e-02 -5.567669e-02 9.963296e-01 7.886574e+00
9.623036e-01 6.264732e-02 -2.646642e-01 4.958154e+00 -9.047636e-02 9.914248e-01 -9.429161e-02 -1.190368e+00 2.564875e-01 1.146830e-01 9.597197e-01 8.234062e+00
9.973131e-01 -6.350729e-02 -3.651587e-02 5.058240e+00 6.799099e-02 9.880054e-01 1.386456e-01 -1.252327e+00 2.727287e-02 -1.407559e-01 9.896686e-01 8.497843e+00
9.840078e-01 -6.371543e-02 -1.663399e-01 5.229534e+00 1.051208e-02 9.529810e-01 -3.028475e-01 -1.270430e+00 1.778148e-01 2.962558e-01 9.384106e-01 8.702688e+00
9.913226e-01 1.292042e-01 -2.420433e-02 5.291607e+00 -1.118879e-01 9.260053e-01 3.605485e-01 -1.325339e+00 6.899774e-02 -3.547117e-01 9.324264e-01 8.928759e+00
9.956370e-01 -5.304315e-02 7.676887e-02 5.287600e+00 7.980874e-02 9.103574e-01 -4.060541e-01 -1.338061e+00 -4.834872e-02 4.104093e-01 9.106188e-01 9.171460e+00
9.822216e-01 -2.560459e-02 -1.859710e-01 5.366615e+00 7.776759e-02 9.571501e-01 2.789552e-01 -1.362729e+00 1.708596e-01 -2.884583e-01 9.421246e-01 9.345613e+00
9.931844e-01 6.373712e-02 9.758288e-02 5.348918e+00 -3.073053e-02 9.508067e-01 -3.082569e-01 -1.378597e+00 -1.124299e-01 3.031572e-01 9.462850e-01 9.549229e+00
9.771435e-01 -6.374164e-02 -2.027993e-01 5.477307e+00 1.112120e-01 9.663057e-01 2.321320e-01 -1.414910e+00 1.811696e-01 -2.493800e-01 9.513081e-01 9.845513e+00
9.853854e-01 1.219627e-01 1.189150e-01 5.770496e+00 -7.062423e-02 9.277941e-01 -3.663472e-01 -1.524097e+00 -1.550093e-01 3.525949e-01 9.228483e-01 1.023720e+01
9.901904e-01 1.841018e-02 -1.385067e-01 6.029817e+00 2.139208e-02 9.596201e-01 2.804846e-01 -1.622466e+00 1.380776e-01 -2.806961e-01 9.498127e-01 1.077400e+01
9.491171e-01 1.972574e-01 2.454918e-01 6.182481e+00 -1.094564e-01 9.375555e-01 -3.301650e-01 -1.701977e+00 -2.952897e-01 2.864947e-01 9.114411e-01 1.132038e+01
8.741740e-01 -1.904196e-01 -4.467217e-01 6.803044e+00 3.019124e-01 9.336297e-01 1.928327e-01 -1.920123e+00 3.803535e-01 -3.034401e-01 8.736448e-01 1.156645e+01
8.225733e-01 4.101192e-01 3.939231e-01 7.015345e+00 -2.723576e-01 8.922344e-01 -3.601932e-01 -2.019254e+00 -4.991939e-01 1.889973e-01 8.456273e-01 1.200635e+01
8.442836e-01 -3.989762e-01 -3.577753e-01 7.067659e+00 4.492032e-01 8.909526e-01 6.648315e-02 -2.052182e+00 2.922356e-01 -2.168445e-01 9.314380e-01 1.224026e+01
8.274432e-01 4.990697e-01 2.574240e-01 7.048820e+00 -4.495004e-01 8.634114e-01 -2.290636e-01 -2.066181e+00 -3.365815e-01 7.382489e-02 9.387560e-01 1.248919e+01
6.210449e-01 -6.285550e-01 -4.682113e-01 7.341794e+00 5.590253e-01 7.739453e-01 -2.974883e-01 -2.084836e+00 5.493577e-01 -7.698840e-02 8.320330e-01 1.275256e+01
6.706813e-01 6.299928e-01 3.915300e-01 7.401187e+00 -7.370890e-01 6.251134e-01 2.567744e-01 -2.184600e+00 -8.298461e-02 -4.608062e-01 8.836126e-01 1.299723e+01
6.551832e-01 -7.554530e-01 5.077521e-03 7.511319e+00 6.618893e-01 5.707721e-01 -4.859236e-01 -2.165594e+00 3.641943e-01 3.217297e-01 8.739865e-01 1.338574e+01
6.562484e-01 6.769565e-01 3.332685e-01 7.592176e+00 -7.530053e-01 5.593653e-01 3.465449e-01 -2.161523e+00 4.817700e-02 -4.783725e-01 8.768345e-01 1.364699e+01
6.406614e-01 -7.675100e-01 -2.194013e-02 7.572078e+00 6.410948e-01 5.504274e-01 -5.348151e-01 -2.160497e+00 4.225524e-01 3.285697e-01 8.446842e-01 1.382763e+01
6.941270e-01 6.285048e-01 3.509551e-01 7.553481e+00 -7.167880e-01 5.585243e-01 4.174513e-01 -2.161520e+00 6.635323e-02 -5.413246e-01 8.381915e-01 1.400976e+01
6.974223e-01 -7.162776e-01 -2.341919e-02 7.569467e+00 5.503873e-01 5.562558e-01 -6.226180e-01 -2.164004e+00 4.589944e-01 4.213381e-01 7.821754e-01 1.419882e+01
7.457137e-01 5.574564e-01 3.649019e-01 7.579158e+00 -6.601829e-01 5.443892e-01 5.174929e-01 -2.163596e+00 8.983111e-02 -6.268035e-01 7.739817e-01 1.438118e+01
7.327804e-01 -6.796167e-01 3.397110e-02 7.563282e+00 5.106030e-01 5.161731e-01 -6.876408e-01 -2.167642e+00 4.497972e-01 5.212354e-01 7.252559e-01 1.456754e+01
8.407518e-01 4.824429e-01 2.457341e-01 7.583146e+00 -5.325801e-01 6.552497e-01 5.357297e-01 -2.180130e+00 9.744182e-02 -5.812888e-01 8.078418e-01 1.485703e+01
9.037997e-01 -4.073795e-01 -1.311035e-01 7.493788e+00 2.647819e-01 7.729788e-01 -5.765365e-01 -2.209416e+00 3.362093e-01 4.863597e-01 8.064847e-01 1.518828e+01
9.645723e-01 2.030270e-01 1.684647e-01 7.503049e+00 -2.598709e-01 8.412537e-01 4.740878e-01 -2.224049e+00 -4.546889e-02 -5.010710e-01 8.642109e-01 1.545595e+01
9.652891e-01 -1.641835e-01 -2.031274e-01 7.393827e+00 5.208419e-02 8.831020e-01 -4.662812e-01 -2.230377e+00 2.559379e-01 4.395164e-01 8.610001e-01 1.577030e+01
9.858822e-01 2.709028e-03 1.674186e-01 7.332166e+00 -8.166251e-02 8.806704e-01 4.666378e-01 -2.238279e+00 -1.461765e-01 -4.737217e-01 8.684585e-01 1.596264e+01
9.560733e-01 -1.099304e-01 -2.717335e-01 7.269339e+00 -1.339662e-02 9.096590e-01 -4.151397e-01 -2.244396e+00 2.928213e-01 4.005443e-01 8.682280e-01 1.614562e+01
9.854760e-01 -6.096038e-02 1.584958e-01 7.209925e+00 -1.675623e-02 8.938824e-01 4.479883e-01 -2.255147e+00 -1.689862e-01 -4.441375e-01 8.798782e-01 1.632455e+01
9.600224e-01 -5.261844e-02 -2.749332e-01 7.146768e+00 -6.415854e-02 9.146662e-01 -3.990858e-01 -2.263811e+00 2.724714e-01 4.007707e-01 8.747241e-01 1.651497e+01
9.769033e-01 -1.134018e-01 1.811077e-01 7.073707e+00 1.976011e-02 8.918686e-01 4.518627e-01 -2.265515e+00 -2.127663e-01 -4.378474e-01 8.735102e-01 1.671083e+01
9.490392e-01 -1.405149e-02 -3.148447e-01 6.988176e+00 -1.088945e-01 9.228567e-01 -3.694286e-01 -2.263673e+00 2.957476e-01 3.848871e-01 8.742970e-01 1.690405e+01
9.675889e-01 -1.810152e-01 1.760829e-01 6.934512e+00 1.030205e-01 9.195577e-01 3.792102e-01 -2.268799e+00 -2.305612e-01 -3.487794e-01 9.084021e-01 1.713431e+01
9.370391e-01 9.654393e-02 -3.356143e-01 6.897028e+00 -2.098606e-01 9.238183e-01 -3.201846e-01 -2.282432e+00 2.791348e-01 3.704577e-01 8.859147e-01 1.737818e+01
9.542843e-01 -2.446540e-01 1.717144e-01 6.821066e+00 1.611916e-01 9.050205e-01 3.936435e-01 -2.288737e+00 -2.517115e-01 -3.479689e-01 9.030830e-01 1.758831e+01
9.345203e-01 1.498922e-01 -3.228068e-01 6.767307e+00 -2.556311e-01 9.137575e-01 -3.157532e-01 -2.300951e+00 2.476381e-01 3.775972e-01 8.922420e-01 1.779156e+01
9.561376e-01 -2.681914e-01 1.177893e-01 6.700964e+00 1.981936e-01 8.884263e-01 4.140265e-01 -2.310068e+00 -2.156855e-01 -3.725212e-01 9.026116e-01 1.799462e+01
9.364031e-01 1.054971e-01 -3.346934e-01 6.626972e+00 -2.197910e-01 9.198197e-01 -3.249979e-01 -2.315226e+00 2.735712e-01 3.778917e-01 8.845093e-01 1.820438e+01
9.380159e-01 -2.755493e-01 2.102352e-01 6.564647e+00 1.871762e-01 9.132545e-01 3.618442e-01 -2.315024e+00 -2.917041e-01 -3.000646e-01 9.082235e-01 1.842066e+01
9.253249e-01 1.858857e-01 -3.304849e-01 6.512077e+00 -2.743365e-01 9.298755e-01 -2.450941e-01 -2.320287e+00 2.617503e-01 3.174558e-01 9.114322e-01 1.861073e+01
9.342779e-01 -2.979739e-01 1.957966e-01 6.430655e+00 2.373418e-01 9.295547e-01 2.821292e-01 -2.321659e+00 -2.660708e-01 -2.171164e-01 9.391841e-01 1.883788e+01
9.208025e-01 2.415711e-01 -3.062126e-01 6.387835e+00 -3.067806e-01 9.333986e-01 -1.861525e-01 -2.326907e+00 2.408494e-01 2.653498e-01 9.335851e-01 1.905986e+01
9.494418e-01 -2.998448e-01 9.302380e-02 6.331389e+00 2.602402e-01 9.174230e-01 3.010152e-01 -2.332159e+00 -1.756000e-01 -2.615879e-01 9.490713e-01 1.925298e+01
9.389431e-01 2.378654e-01 -2.486081e-01 6.276881e+00 -2.959730e-01 9.268313e-01 -2.310493e-01 -2.340154e+00 1.754591e-01 2.905235e-01 9.406435e-01 1.943169e+01
8.305192e-01 -4.702457e-01 2.985077e-01 6.700707e+00 4.109496e-01 8.790914e-01 2.414927e-01 -2.401590e+00 -3.759765e-01 -7.789274e-02 9.233496e-01 1.968807e+01
7.605543e-01 5.149451e-01 -3.954600e-01 6.968326e+00 -5.938577e-01 7.979388e-01 -1.030858e-01 -2.478210e+00 2.624694e-01 3.132493e-01 9.126800e-01 1.979145e+01
7.735854e-01 -6.070975e-01 1.816544e-01 6.912498e+00 5.524823e-01 7.865430e-01 2.758868e-01 -2.468472e+00 -3.103692e-01 -1.130611e-01 9.438687e-01 2.000273e+01
7.754804e-01 5.151659e-01 -3.650127e-01 6.880090e+00 -5.813384e-01 8.081599e-01 -9.446271e-02 -2.473393e+00 2.463246e-01 2.854499e-01 9.261979e-01 2.020089e+01
7.885064e-01 -5.849940e-01 1.898412e-01 6.819990e+00 5.322611e-01 8.037279e-01 2.659315e-01 -2.481390e+00 -3.081490e-01 -1.086436e-01 9.451142e-01 2.039702e+01
7.492182e-01 5.710158e-01 -3.355786e-01 6.743849e+00 -6.104076e-01 7.919406e-01 -1.525080e-02 -2.488838e+00 2.570499e-01 2.162659e-01 9.418887e-01 2.060489e+01
7.711754e-01 -6.079245e-01 1.889877e-01 6.656357e+00 5.785206e-01 7.931043e-01 1.905239e-01 -2.486157e+00 -2.657111e-01 -3.759406e-02 9.633194e-01 2.081793e+01
7.868600e-01 5.424241e-01 -2.943256e-01 6.597472e+00 -5.807016e-01 8.122154e-01 -5.560382e-02 -2.486528e+00 2.088949e-01 2.146677e-01 9.540863e-01 2.107178e+01
8.366782e-01 -5.294118e-01 1.403308e-01 6.526266e+00 4.969959e-01 8.415480e-01 2.116414e-01 -2.492952e+00 -2.301406e-01 -1.073320e-01 9.672203e-01 2.131689e+01
8.168933e-01 5.070725e-01 -2.748868e-01 6.466472e+00 -5.310817e-01 8.471792e-01 -1.548229e-02 -2.497291e+00 2.250278e-01 1.586348e-01 9.613519e-01 2.149412e+01
8.244950e-01 -5.467347e-01 1.459079e-01 6.395843e+00 5.289592e-01 8.362536e-01 1.445062e-01 -2.501103e+00 -2.010226e-01 -4.196529e-02 9.786873e-01 2.168411e+01
8.054061e-01 5.341352e-01 -2.569447e-01 6.326025e+00 -5.499272e-01 8.351224e-01 1.227309e-02 -2.505834e+00 2.211358e-01 1.314161e-01 9.663482e-01 2.189243e+01
8.056077e-01 -5.781813e-01 1.292386e-01 6.256691e+00 5.677285e-01 8.157572e-01 1.105642e-01 -2.510559e+00 -1.693534e-01 -1.569891e-02 9.854303e-01 2.206438e+01
8.209098e-01 5.266076e-01 -2.208880e-01 6.211248e+00 -5.308721e-01 8.462762e-01 4.462587e-02 -2.515378e+00 2.104326e-01 8.062946e-02 9.742777e-01 2.224493e+01
8.171090e-01 -5.657571e-01 1.106882e-01 6.151745e+00 5.644296e-01 8.241970e-01 4.602774e-02 -2.523689e+00 -1.172694e-01 2.486602e-02 9.927888e-01 2.244708e+01
8.199417e-01 5.427232e-01 -1.820637e-01 6.088661e+00 -5.306111e-01 8.399060e-01 1.140606e-01 -2.525560e+00 2.148197e-01 3.081953e-03 9.766489e-01 2.262217e+01
8.113986e-01 -5.710555e-01 1.246111e-01 6.058488e+00 5.779609e-01 8.156693e-01 -2.539308e-02 -2.526160e+00 -8.714062e-02 9.262427e-02 9.918807e-01 2.277315e+01
8.326474e-01 5.270087e-01 -1.701770e-01 6.029484e+00 -5.001631e-01 8.475460e-01 1.774898e-01 -2.533557e+00 2.377715e-01 -6.267018e-02 9.692973e-01 2.293701e+01
8.504101e-01 -5.122360e-01 1.200708e-01 5.973796e+00 5.245172e-01 8.432473e-01 -1.175403e-01 -2.543427e+00 -4.104104e-02 1.629367e-01 9.857826e-01 2.312616e+01
8.711994e-01 4.668137e-01 -1.519760e-01 5.942570e+00 -4.413111e-01 8.802962e-01 1.741353e-01 -2.552548e+00 2.150726e-01 -8.463787e-02 9.729235e-01 2.330877e+01
8.853058e-01 -4.380775e-01 1.559540e-01 5.911677e+00 4.556485e-01 8.841969e-01 -1.028602e-01 -2.559706e+00 -9.283335e-02 1.621229e-01 9.823941e-01 2.349911e+01
8.902913e-01 4.117881e-01 -1.944527e-01 5.866447e+00 -3.785190e-01 9.065555e-01 1.867633e-01 -2.566677e+00 2.531891e-01 -9.266969e-02 9.629681e-01 2.369618e+01
9.083904e-01 -4.026424e-01 1.127205e-01 5.804123e+00 4.128597e-01 9.063872e-01 -8.949414e-02 -2.576416e+00 -6.613430e-02 1.278334e-01 9.895882e-01 2.390455e+01
8.999300e-01 4.115279e-01 -1.441205e-01 5.774323e+00 -3.762819e-01 8.999627e-01 2.201796e-01 -2.575254e+00 2.203132e-01 -1.439163e-01 9.647540e-01 2.405655e+01
9.036954e-01 -4.034342e-01 1.434413e-01 5.779190e+00 4.258348e-01 8.818047e-01 -2.026948e-01 -2.578979e+00 -4.471319e-02 2.442566e-01 9.686792e-01 2.419377e+01
9.081574e-01 3.877909e-01 -1.576969e-01 5.777409e+00 -3.328803e-01 8.973681e-01 2.896914e-01 -2.590472e+00 2.538519e-01 -2.105912e-01 9.440395e-01 2.433669e+01
9.330066e-01 -3.343522e-01 1.330690e-01 5.756408e+00 3.582269e-01 8.981236e-01 -2.550442e-01 -2.606946e+00 -3.423783e-02 2.856268e-01 9.577291e-01 2.451476e+01
9.297187e-01 3.441642e-01 -1.310504e-01 5.728153e+00 -2.845016e-01 8.971823e-01 3.378207e-01 -2.618918e+00 2.338418e-01 -2.767941e-01 9.320424e-01 2.468668e+01
9.457593e-01 -3.042150e-01 1.139851e-01 5.692010e+00 3.247521e-01 8.946949e-01 -3.066873e-01 -2.627250e+00 -8.682992e-03 3.270692e-01 9.449605e-01 2.486288e+01
9.211324e-01 3.627317e-01 -1.412119e-01 5.648295e+00 -2.730428e-01 8.606757e-01 4.297499e-01 -2.634038e+00 2.774215e-01 -3.572997e-01 8.918376e-01 2.503916e+01
9.372686e-01 -2.998044e-01 1.778903e-01 5.608552e+00 3.466670e-01 8.553414e-01 -3.849844e-01 -2.638638e+00 -3.673689e-02 4.225025e-01 9.056169e-01 2.520508e+01
9.343146e-01 3.282251e-01 -1.390129e-01 5.573753e+00 -2.289979e-01 8.515790e-01 4.715645e-01 -2.647174e+00 2.731598e-01 -4.087560e-01 8.708055e-01 2.537101e+01
9.597560e-01 -2.454729e-01 1.364236e-01 5.555993e+00 2.806767e-01 8.547436e-01 -4.366164e-01 -2.661845e+00 -9.429674e-03 4.573362e-01 8.892439e-01 2.552041e+01
9.595042e-01 2.542093e-01 -1.213646e-01 5.540035e+00 -1.609166e-01 8.482554e-01 5.045480e-01 -2.673024e+00 2.312089e-01 -4.645863e-01 8.548111e-01 2.567540e+01
9.781076e-01 -1.875477e-01 9.017366e-02 5.511644e+00 2.076458e-01 8.509873e-01 -4.823938e-01 -2.677171e+00 1.373522e-02 4.905572e-01 8.713007e-01 2.583890e+01
9.793756e-01 1.745560e-01 -1.017525e-01 5.506091e+00 -1.001577e-01 8.568050e-01 5.058198e-01 -2.689591e+00 1.754759e-01 -4.851963e-01 8.566170e-01 2.599868e+01
9.949890e-01 -7.306717e-02 6.824961e-02 5.472292e+00 9.731506e-02 8.643830e-01 -4.933273e-01 -2.695447e+00 -2.294778e-02 4.974969e-01 8.671622e-01 2.619426e+01
9.893735e-01 8.654605e-02 -1.168328e-01 5.451650e+00 -1.886770e-02 8.731742e-01 4.870429e-01 -2.708764e+00 1.441670e-01 -4.796630e-01 8.655283e-01 2.636900e+01
9.992763e-01 -5.766828e-03 3.759848e-02 5.430435e+00 2.329725e-02 8.741433e-01 -4.851089e-01 -2.718643e+00 -3.006892e-02 4.856338e-01 8.736451e-01 2.654720e+01
9.853803e-01 1.882946e-02 -1.693256e-01 5.431254e+00 6.530104e-02 8.762267e-01 4.774543e-01 -2.731794e+00 1.573578e-01 -4.815312e-01 8.621869e-01 2.669502e+01
9.991604e-01 4.029428e-02 7.400751e-03 5.440238e+00 -3.097224e-02 8.611880e-01 -5.073420e-01 -2.745473e+00 -2.681642e-02 5.066868e-01 8.617130e-01 2.684064e+01
9.837009e-01 -5.608838e-02 -1.708409e-01 5.425135e+00 1.377897e-01 8.455633e-01 5.157874e-01 -2.758707e+00 1.155272e-01 -5.309207e-01 8.395098e-01 2.698606e+01
9.936653e-01 1.093427e-01 -2.595146e-02 5.418116e+00 -1.071689e-01 8.524704e-01 -5.116728e-01 -2.773545e+00 -3.382483e-02 5.112127e-01 8.587884e-01 2.712888e+01
9.775318e-01 -1.438781e-01 -1.540475e-01 5.425918e+00 2.014742e-01 8.525932e-01 4.821752e-01 -2.789055e+00 6.196537e-02 -5.023782e-01 8.624247e-01 2.726119e+01
9.766093e-01 2.012568e-01 -7.569617e-02 5.441020e+00 -2.125010e-01 8.496336e-01 -4.826655e-01 -2.802476e+00 -3.282571e-02 4.874612e-01 8.725274e-01 2.740181e+01
9.618581e-01 -2.366444e-01 -1.372169e-01 5.449090e+00 2.733108e-01 8.522964e-01 4.459732e-01 -2.815997e+00 1.141245e-02 -4.664658e-01 8.844656e-01 2.753278e+01
9.579234e-01 2.768896e-01 -7.559762e-02 5.440121e+00 -2.790188e-01 8.365554e-01 -4.715120e-01 -2.824830e+00 -6.731515e-02 4.727655e-01 8.786134e-01 2.769768e+01
9.527090e-01 -2.737362e-01 -1.319627e-01 5.431483e+00 3.036448e-01 8.402768e-01 4.491488e-01 -2.833495e+00 -1.206305e-02 -4.679779e-01 8.836578e-01 2.785841e+01
9.511861e-01 2.986503e-01 -7.780135e-02 5.420651e+00 -2.990008e-01 8.293381e-01 -4.720136e-01 -2.843981e+00 -7.644339e-02 4.722354e-01 8.781515e-01 2.802036e+01
9.454815e-01 -2.808907e-01 -1.648183e-01 5.406739e+00 3.256342e-01 8.234422e-01 4.646562e-01 -2.852445e+00 5.200704e-03 -4.929943e-01 8.700170e-01 2.818833e+01
9.468123e-01 3.152135e-01 -6.470630e-02 5.377600e+00 -3.070820e-01 8.249992e-01 -4.744228e-01 -2.855763e+00 -9.616182e-02 4.690595e-01 8.779158e-01 2.833563e+01
9.378195e-01 -3.197611e-01 -1.350828e-01 5.366415e+00 3.460382e-01 8.304495e-01 4.365904e-01 -2.862486e+00 -2.742519e-02 -4.561868e-01 8.894613e-01 2.847724e+01
9.478561e-01 3.087754e-01 -7.890839e-02 5.337921e+00 -3.121349e-01 8.494385e-01 -4.254715e-01 -2.866621e+00 -6.434731e-02 4.279159e-01 9.015251e-01 2.861493e+01
9.355614e-01 -3.279539e-01 -1.310384e-01 5.301492e+00 3.518047e-01 8.329104e-01 4.271928e-01 -2.865997e+00 -3.095627e-02 -4.457650e-01 8.946146e-01 2.877591e+01
9.484907e-01 3.057977e-01 -8.278410e-02 5.270565e+00 -3.112119e-01 8.504869e-01 -4.240509e-01 -2.871144e+00 -5.926699e-02 4.279717e-01 9.018468e-01 2.895038e+01
9.439867e-01 -3.011082e-01 -1.349926e-01 5.201539e+00 3.294822e-01 8.375322e-01 4.358684e-01 -2.875068e+00 -1.818290e-02 -4.559316e-01 8.898290e-01 2.916940e+01
9.206746e-01 3.863214e-01 -5.580390e-02 5.134480e+00 -3.763009e-01 8.404783e-01 -3.898638e-01 -2.869537e+00 -1.037108e-01 3.799368e-01 9.191801e-01 2.938621e+01
9.117742e-01 -3.721063e-01 -1.737952e-01 5.069813e+00 4.105111e-01 8.383038e-01 3.587861e-01 -2.865741e+00 1.218662e-02 -3.984767e-01 9.170975e-01 2.959511e+01
9.046027e-01 4.262056e-01 6.536344e-03 5.020352e+00 -3.955545e-01 8.450640e-01 -3.597268e-01 -2.862817e+00 -1.588412e-01 3.228244e-01 9.330348e-01 2.981138e+01
8.911148e-01 -3.850563e-01 -2.400958e-01 4.964498e+00 4.440150e-01 8.490559e-01 2.862775e-01 -2.866509e+00 9.362183e-02 -3.617122e-01 9.275771e-01 3.001577e+01
8.881115e-01 4.592891e-01 1.764800e-02 4.920317e+00 -4.306068e-01 8.448496e-01 -3.175011e-01 -2.870355e+00 -1.607347e-01 2.743771e-01 9.480937e-01 3.021574e+01
8.680230e-01 -4.161781e-01 -2.707986e-01 4.870644e+00 4.818959e-01 8.375359e-01 2.575071e-01 -2.880334e+00 1.196347e-01 -3.540188e-01 9.275550e-01 3.041675e+01
8.649399e-01 4.998120e-01 4.546359e-02 4.811903e+00 -4.662633e-01 8.337766e-01 -2.956604e-01 -2.887386e+00 -1.856811e-01 2.345305e-01 9.542107e-01 3.062459e+01
8.532651e-01 -4.322120e-01 -2.917729e-01 4.744319e+00 4.999510e-01 8.371094e-01 2.220290e-01 -2.897530e+00 1.482822e-01 -3.353218e-01 9.303610e-01 3.084440e+01
8.406664e-01 5.345514e-01 8.680351e-02 4.689966e+00 -4.981445e-01 8.261615e-01 -2.632663e-01 -2.900003e+00 -2.124431e-01 1.780785e-01 9.608101e-01 3.106756e+01
8.209346e-01 -4.617264e-01 -3.359688e-01 4.632298e+00 5.301633e-01 8.348647e-01 1.480802e-01 -2.906647e+00 2.121160e-01 -2.996825e-01 9.301598e-01 3.127346e+01
8.335094e-01 5.298175e-01 1.567023e-01 4.597472e+00 -4.714563e-01 8.299157e-01 -2.982765e-01 -2.908969e+00 -2.880818e-01 1.747380e-01 9.415283e-01 3.148727e+01
8.219573e-01 -4.672161e-01 -3.257228e-01 4.551457e+00 5.363895e-01 8.273060e-01 1.668861e-01 -2.915234e+00 1.915005e-01 -3.118876e-01 9.306201e-01 3.170875e+01
7.776481e-01 6.093297e-01 1.548573e-01 4.481901e+00 -5.838713e-01 7.912914e-01 -1.815275e-01 -2.911281e+00 -2.331474e-01 5.074778e-02 9.711164e-01 3.191873e+01
7.350304e-01 -5.906631e-01 -3.329376e-01 4.427225e+00 6.314011e-01 7.752329e-01 1.861467e-02 -2.913838e+00 2.471092e-01 -2.238995e-01 9.427651e-01 3.209045e+01
7.484918e-01 6.326662e-01 1.987296e-01 4.375006e+00 -6.183667e-01 7.741263e-01 -1.354661e-01 -2.918589e+00 -2.395467e-01 -2.149255e-02 9.706469e-01 3.226332e+01
7.020917e-01 -6.214371e-01 -3.476827e-01 4.351120e+00 6.186122e-01 7.741109e-01 -1.344294e-01 -2.928054e+00 3.526844e-01 -1.206990e-01 9.279253e-01 3.246869e+01
7.345986e-01 6.246971e-01 2.647988e-01 4.310456e+00 -6.339744e-01 7.710103e-01 -6.016324e-02 -2.939072e+00 -2.417464e-01 -1.236798e-01 9.624251e-01 3.266895e+01
6.969311e-01 -6.391111e-01 -3.253060e-01 4.255424e+00 6.211565e-01 7.646770e-01 -1.715626e-01 -2.947068e+00 3.584015e-01 -8.249861e-02 9.299152e-01 3.285865e+01
7.203470e-01 6.323457e-01 2.850248e-01 4.201527e+00 -6.651507e-01 7.462777e-01 2.537958e-02 -2.951557e+00 -1.966590e-01 -2.078666e-01 9.581841e-01 3.305034e+01
6.875661e-01 -6.529779e-01 -3.176046e-01 4.165940e+00 5.891293e-01 7.573485e-01 -2.816912e-01 -2.951116e+00 4.244755e-01 6.571129e-03 9.054156e-01 3.323032e+01
7.487820e-01 5.760958e-01 3.277790e-01 4.149320e+00 -6.358847e-01 7.639044e-01 1.100037e-01 -2.955694e+00 -1.870192e-01 -2.907984e-01 9.383284e-01 3.339844e+01
5.328145e-01 -8.251754e-01 -1.876013e-01 4.803077e+00 5.850953e-01 5.193901e-01 -6.228141e-01 -2.875419e+00 6.113691e-01 2.220797e-01 7.595448e-01 3.395757e+01
7.195763e-01 5.953757e-01 3.574042e-01 5.191910e+00 -6.464528e-01 3.863823e-01 6.578811e-01 -2.968108e+00 2.535917e-01 -7.044406e-01 6.629138e-01 3.483531e+01
8.062715e-01 -5.780980e-01 1.254150e-01 5.163734e+00 4.625362e-01 4.839349e-01 -7.428777e-01 -2.957402e+00 3.687635e-01 6.569701e-01 6.575742e-01 3.506071e+01
8.495810e-01 4.621338e-01 2.542527e-01 5.158647e+00 -4.924750e-01 5.223680e-01 6.961322e-01 -2.959737e+00 1.888927e-01 -7.166338e-01 6.713833e-01 3.524179e+01
8.469205e-01 -5.270201e-01 7.053667e-02 5.153160e+00 3.662361e-01 4.820104e-01 -7.959504e-01 -2.961610e+00 3.854824e-01 6.999398e-01 6.012383e-01 3.544183e+01
8.800613e-01 3.699687e-01 2.976830e-01 5.165031e+00 -4.636622e-01 5.341612e-01 7.068869e-01 -2.964659e+00 1.025153e-01 -7.601282e-01 6.416352e-01 3.564622e+01
8.715251e-01 -4.724049e-01 1.314440e-01 5.234846e+00 3.693739e-01 4.561775e-01 -8.096079e-01 -2.959145e+00 3.225010e-01 7.541457e-01 5.720642e-01 3.590539e+01
8.998386e-01 4.219804e-01 1.105575e-01 5.230749e+00 -3.392482e-01 5.176264e-01 7.854766e-01 -3.002490e+00 2.742283e-01 -7.443087e-01 6.089364e-01 3.624493e+01
9.767209e-01 -2.082512e-01 5.145631e-02 5.198392e+00 1.728230e-01 6.218201e-01 -7.638534e-01 -3.039064e+00 1.270768e-01 7.549644e-01 6.433353e-01 3.653242e+01
9.924146e-01 1.195129e-01 2.880931e-02 5.173341e+00 -9.593081e-02 6.062959e-01 7.894318e-01 -3.043958e+00 7.688029e-02 -7.862073e-01 6.131618e-01 3.667792e+01
9.892541e-01 -1.410962e-01 3.831717e-02 5.145498e+00 1.143908e-01 5.837143e-01 -8.038609e-01 -3.047400e+00 9.105540e-02 7.996058e-01 5.935819e-01 3.684229e+01
9.973825e-01 7.201781e-02 6.446005e-03 5.090101e+00 -4.668044e-02 5.732632e-01 8.180405e-01 -3.042516e+00 5.521822e-02 -8.162002e-01 5.751246e-01 3.702376e+01
9.977187e-01 -5.429208e-02 -4.012196e-02 5.055372e+00 -1.240602e-03 5.794784e-01 -8.149866e-01 -3.044345e+00 6.749712e-02 8.131772e-01 5.780891e-01 3.721095e+01
9.999229e-01 1.240399e-02 -6.527699e-04 5.051341e+00 -7.295877e-03 6.290501e-01 7.773305e-01 -3.052760e+00 1.005263e-02 -7.772658e-01 6.290921e-01 3.743282e+01
9.988682e-01 2.309693e-02 -4.157962e-02 5.096486e+00 -4.693442e-02 6.203888e-01 -7.828888e-01 -3.048840e+00 7.713209e-03 7.839542e-01 6.207707e-01 3.768806e+01
9.927226e-01 2.964345e-02 -1.167184e-01 5.096027e+00 7.746831e-02 5.848578e-01 8.074281e-01 -3.049804e+00 9.219863e-02 -8.105940e-01 5.783051e-01 3.789067e+01
9.988231e-01 2.235148e-02 -4.304551e-02 5.098023e+00 -4.817835e-02 5.596629e-01 -8.273188e-01 -3.042585e+00 5.599174e-03 8.284189e-01 5.600810e-01 3.808848e+01
9.788761e-01 -1.557201e-01 -1.324873e-01 5.190866e+00 1.858947e-01 4.080994e-01 8.938110e-01 -3.059896e+00 -8.511636e-02 -8.995589e-01 4.284263e-01 3.828150e+01
9.204819e-01 3.173189e-01 -2.280830e-01 5.279688e+00 -3.428938e-01 3.758729e-01 -8.608969e-01 -3.059059e+00 -1.874486e-01 8.706482e-01 4.547909e-01 3.842297e+01
8.930644e-01 -3.695162e-01 -2.566977e-01 5.326380e+00 4.070912e-01 4.206573e-01 8.107553e-01 -3.064050e+00 -1.916055e-01 -8.285561e-01 5.261008e-01 3.856640e+01
8.741001e-01 3.947871e-01 -2.830056e-01 5.298215e+00 -4.507144e-01 4.419399e-01 -7.755937e-01 -3.061016e+00 -1.811229e-01 8.055012e-01 5.642360e-01 3.874981e+01
8.413179e-01 -4.638143e-01 -2.775977e-01 5.284663e+00 4.891160e-01 4.345995e-01 7.562333e-01 -3.064612e+00 -2.301080e-01 -7.720101e-01 5.924954e-01 3.890926e+01
8.096750e-01 4.904674e-01 -3.222858e-01 5.265974e+00 -5.421977e-01 4.149789e-01 -7.306259e-01 -3.066184e+00 -2.246064e-01 7.663121e-01 6.019283e-01 3.908437e+01
8.082306e-01 -5.054282e-01 -3.021683e-01 5.244594e+00 5.418332e-01 4.373524e-01 7.177323e-01 -3.064596e+00 -2.306081e-01 -7.438180e-01 6.273393e-01 3.927101e+01
7.864609e-01 5.255375e-01 -3.244835e-01 5.246572e+00 -5.752091e-01 4.318498e-01 -6.947232e-01 -3.068297e+00 -2.249750e-01 7.330185e-01 6.419269e-01 3.941904e+01
7.075007e-01 -6.586251e-01 -2.562338e-01 5.226474e+00 6.328767e-01 4.291203e-01 6.444554e-01 -3.065339e+00 -3.144994e-01 -6.181170e-01 7.204314e-01 3.960289e+01
7.364702e-01 5.788580e-01 -3.500501e-01 5.197330e+00 -6.557946e-01 4.839826e-01 -5.793913e-01 -3.067202e+00 -1.659672e-01 6.562653e-01 7.360507e-01 3.978638e+01
5.448781e-01 -7.459738e-01 -3.829241e-01 5.541888e+00 7.809598e-01 2.851981e-01 5.556652e-01 -3.038445e+00 -3.053025e-01 -6.018182e-01 7.379738e-01 3.986193e+01
5.628997e-01 7.419231e-01 -3.642718e-01 6.047389e+00 -7.753498e-01 3.213253e-01 -5.436752e-01 -3.066400e+00 -2.863155e-01 5.884727e-01 7.561239e-01 4.000384e+01
6.390143e-01 -6.721965e-01 -3.739154e-01 6.198469e+00 7.524177e-01 4.452774e-01 4.853820e-01 -3.110881e+00 -1.597760e-01 -5.915065e-01 7.903111e-01 4.019563e+01
6.540018e-01 7.178277e-01 -2.387574e-01 6.202125e+00 -6.968397e-01 4.487975e-01 -5.594597e-01 -3.103190e+00 -2.944419e-01 5.322633e-01 7.937252e-01 4.037000e+01
6.087157e-01 -7.203925e-01 -3.324151e-01 6.265407e+00 7.360655e-01 3.564113e-01 5.754812e-01 -3.107610e+00 -2.960959e-01 -5.949837e-01 7.472092e-01 4.054913e+01
5.854046e-01 5.641057e-01 -5.823111e-01 6.619287e+00 -8.043479e-01 3.140832e-01 -5.043572e-01 -3.069439e+00 -1.016166e-01 7.636338e-01 6.376030e-01 4.114688e+01
4.363586e-01 -7.686214e-01 -4.677737e-01 7.299381e+00 8.909459e-01 2.964556e-01 3.439906e-01 -3.100280e+00 -1.257244e-01 -5.668643e-01 8.141611e-01 4.214251e+01
3.267429e-01 8.920576e-01 -3.122056e-01 7.635500e+00 -8.490151e-01 1.319128e-01 -5.116369e-01 -3.125366e+00 -4.152257e-01 4.322410e-01 8.004720e-01 4.238495e+01
1.511177e-01 -8.979401e-01 -4.133607e-01 8.035205e+00 9.699074e-01 5.393191e-02 2.374259e-01 -3.118502e+00 -1.909009e-01 -4.368009e-01 8.790687e-01 4.267484e+01
1.596371e-01 9.783586e-01 -1.316455e-01 8.219826e+00 -9.275033e-01 1.029861e-01 -3.593488e-01 -3.130191e+00 -3.380143e-01 1.794670e-01 9.238711e-01 4.283487e+01
1.402093e-01 -9.135694e-01 -3.817491e-01 8.199937e+00 9.900128e-01 1.350784e-01 4.035515e-02 -3.123855e+00 1.469882e-02 -3.835946e-01 9.233846e-01 4.303081e+01
1.590783e-01 9.855724e-01 5.780181e-02 8.180699e+00 -9.578100e-01 1.682621e-01 -2.329977e-01 -3.122284e+00 -2.393619e-01 -1.829828e-02 9.707580e-01 4.320237e+01
1.709767e-01 -9.393291e-01 -2.973682e-01 8.162850e+00 9.701746e-01 2.131432e-01 -1.154608e-01 -3.128426e+00 1.718377e-01 -2.687580e-01 9.477557e-01 4.335617e+01
1.853941e-01 9.711753e-01 1.498251e-01 8.131416e+00 -9.636580e-01 2.095248e-01 -1.657188e-01 -3.130623e+00 -1.923340e-01 -1.136569e-01 9.747255e-01 4.352041e+01
1.554638e-01 -9.634552e-01 -2.181401e-01 8.083494e+00 9.586279e-01 2.004481e-01 -2.021218e-01 -3.136171e+00 2.384610e-01 -1.776926e-01 9.547574e-01 4.370194e+01
1.898029e-01 9.403669e-01 2.822851e-01 8.014468e+00 -9.760682e-01 2.118050e-01 -4.929007e-02 -3.138324e+00 -1.061402e-01 -2.661741e-01 9.580635e-01 4.389024e+01
1.876771e-01 -9.608991e-01 -2.035934e-01 7.951170e+00 9.037868e-01 2.501071e-01 -3.472980e-01 -3.137185e+00 3.846384e-01 -1.188251e-01 9.153873e-01 4.406586e+01
2.313081e-01 8.847313e-01 4.046568e-01 7.894987e+00 -9.659272e-01 2.584867e-01 -1.300977e-02 -3.142992e+00 -1.161086e-01 -3.878597e-01 9.143761e-01 4.423049e+01
2.168628e-01 -9.570032e-01 -1.926534e-01 7.837546e+00 8.349459e-01 2.840884e-01 -4.713375e-01 -3.146416e+00 5.058022e-01 -5.863964e-02 8.606542e-01 4.440885e+01
2.910995e-01 8.096024e-01 5.097107e-01 7.819813e+00 -9.524661e-01 2.952811e-01 7.494869e-02 -3.138620e+00 -8.982933e-02 -5.072997e-01 8.570751e-01 4.458477e+01
2.439742e-01 -9.640129e-01 -1.056202e-01 7.823362e+00 7.728820e-01 2.590675e-01 -5.792559e-01 -3.144272e+00 5.857730e-01 5.969155e-02 8.082740e-01 4.471661e+01
2.762586e-01 7.413917e-01 6.115714e-01 7.763699e+00 -9.601753e-01 2.405628e-01 1.421019e-01 -3.144017e+00 -4.176816e-02 -6.264726e-01 7.783235e-01 4.492088e+01
3.032661e-01 -9.379288e-01 -1.682831e-01 7.748394e+00 6.684331e-01 3.352509e-01 -6.639307e-01 -3.144456e+00 6.791368e-01 8.886169e-02 7.286129e-01 4.512912e+01
4.112477e-01 5.872843e-01 6.971173e-01 7.799078e+00 -9.042179e-01 3.594722e-01 2.305855e-01 -3.146553e+00 -1.151751e-01 -7.251737e-01 6.788651e-01 4.532970e+01
1.615132e-01 -9.504606e-01 -2.655900e-01 7.982788e+00 5.353603e-01 3.104672e-01 -7.854931e-01 -3.165647e+00 8.290373e-01 -1.531887e-02 5.589834e-01 4.557051e+01
3.522460e-01 3.919485e-01 8.498819e-01 8.265995e+00 -8.563597e-01 5.013387e-01 1.237235e-01 -3.179324e+00 -3.775855e-01 -7.713857e-01 5.122434e-01 4.580899e+01
1.952398e-01 -8.651096e-01 -4.620246e-01 8.698071e+00 3.221740e-01 5.015205e-01 -8.029204e-01 -3.190068e+00 9.263289e-01 7.909703e-03 3.766326e-01 4.588246e+01
1.577865e-01 3.991304e-01 9.032155e-01 8.949347e+00 -9.026157e-01 4.292557e-01 -3.200616e-02 -3.210647e+00 -4.004851e-01 -8.102064e-01 4.279922e-01 4.601695e+01
5.535596e-02 -8.744554e-01 -4.819372e-01 9.037160e+00 3.808733e-01 4.646735e-01 -7.993835e-01 -3.204255e+00 9.229687e-01 -1.393064e-01 3.587792e-01 4.627569e+01
1.541217e-01 3.099365e-01 9.381822e-01 9.078881e+00 -9.261825e-01 3.760402e-01 2.792231e-02 -3.219470e+00 -3.441401e-01 -8.732314e-01 3.450137e-01 4.645007e+01
1.372592e-01 -9.142343e-01 -3.812290e-01 9.054916e+00 2.274456e-01 4.036777e-01 -8.861788e-01 -3.213491e+00 9.640687e-01 3.492737e-02 2.633471e-01 4.665274e+01
5.127218e-01 1.272482e-01 8.490726e-01 9.231269e+00 -6.697597e-01 6.780244e-01 3.028280e-01 -3.195998e+00 -5.371576e-01 -7.239412e-01 4.328636e-01 4.694197e+01
4.781580e-01 -5.764785e-01 -6.625990e-01 9.493216e+00 -1.255788e-01 7.018059e-01 -7.012122e-01 -3.224560e+00 8.692496e-01 4.184986e-01 2.631806e-01 4.716660e+01
5.284804e-01 -1.944957e-01 8.263655e-01 9.508828e+00 -4.244679e-01 7.824568e-01 4.556185e-01 -3.207986e+00 -7.352112e-01 -5.915511e-01 3.309559e-01 4.748573e+01
4.959396e-01 -2.755759e-01 -8.234694e-01 9.484173e+00 -3.767441e-01 7.861228e-01 -4.899743e-01 -3.205716e+00 7.823732e-01 5.532349e-01 2.860478e-01 4.773156e+01
5.627520e-01 -4.109621e-01 7.172310e-01 9.478554e+00 -2.040693e-01 7.717374e-01 6.023098e-01 -3.207364e+00 -8.010405e-01 -4.853159e-01 3.504320e-01 4.791026e+01
4.636864e-01 -1.682063e-01 -8.698860e-01 9.731605e+00 -4.750064e-01 7.815911e-01 -4.043318e-01 -3.241262e+00 7.479063e-01 6.006846e-01 2.825141e-01 4.806079e+01
6.600642e-01 -4.877085e-01 5.713630e-01 9.922743e+00 -1.886292e-01 6.286172e-01 7.544929e-01 -3.278372e+00 -7.271412e-01 -6.057895e-01 3.229317e-01 4.826617e+01
6.434794e-01 -2.051445e-01 -7.374619e-01 9.920399e+00 -5.250555e-01 5.827564e-01 -6.202513e-01 -3.282567e+00 5.570018e-01 7.863273e-01 2.672795e-01 4.848595e+01
6.722132e-01 -5.671078e-01 4.759392e-01 9.875321e+00 -1.256491e-01 5.461374e-01 8.282187e-01 -3.265998e+00 -7.296175e-01 -6.165409e-01 2.958642e-01 4.871415e+01
5.723450e-01 -2.292774e-01 -7.873075e-01 1.010161e+01 -5.432539e-01 6.131728e-01 -5.734930e-01 -3.225496e+00 6.142446e-01 7.559438e-01 2.263905e-01 4.891138e+01
6.035208e-01 -5.272816e-01 5.981110e-01 1.011214e+01 -1.873646e-01 6.353381e-01 7.491595e-01 -3.238031e+00 -7.750208e-01 -5.641982e-01 2.846458e-01 4.911864e+01
4.984527e-01 -9.901134e-02 -8.612442e-01 1.005619e+01 -6.390631e-01 6.293224e-01 -4.422123e-01 -3.235730e+00 5.857843e-01 7.708113e-01 2.504130e-01 4.936707e+01
5.194704e-01 -6.208134e-01 5.871467e-01 1.005099e+01 -4.891429e-02 6.644010e-01 7.457739e-01 -3.246774e+00 -8.530873e-01 -4.161273e-01 3.147700e-01 4.955073e+01
4.203760e-01 -5.229143e-03 -9.073349e-01 9.994105e+00 -6.824714e-01 6.571486e-01 -3.199821e-01 -3.247143e+00 5.979271e-01 7.537429e-01 2.726807e-01 4.978896e+01
4.760014e-01 -7.069574e-01 5.231003e-01 9.949932e+00 3.169070e-02 6.082098e-01 7.931435e-01 -3.248507e+00 -8.788733e-01 -3.609600e-01 3.119127e-01 5.003485e+01
3.485050e-01 5.694726e-02 -9.355754e-01 9.930531e+00 -7.394239e-01 6.301139e-01 -2.370837e-01 -3.239663e+00 5.760178e-01 7.744117e-01 2.617060e-01 5.024381e+01
3.747913e-01 -7.410928e-01 5.570574e-01 1.000994e+01 2.074175e-01 6.526503e-01 7.287150e-01 -3.254555e+00 -9.036091e-01 -1.575726e-01 3.983233e-01 5.038916e+01
2.646770e-01 1.284150e-01 -9.557487e-01 1.016238e+01 -6.629240e-01 7.440023e-01 -8.362002e-02 -3.278740e+00 7.003412e-01 6.557211e-01 2.820497e-01 5.063414e+01
4.820828e-01 -6.647837e-01 5.706652e-01 1.016548e+01 9.541085e-02 6.873122e-01 7.200686e-01 -3.284885e+00 -8.709150e-01 -2.926850e-01 3.947690e-01 5.085880e+01
4.078237e-01 1.238055e-01 -9.046281e-01 1.017770e+01 -7.062301e-01 6.707445e-01 -2.265854e-01 -3.288319e+00 5.787218e-01 7.312825e-01 3.609806e-01 5.107070e+01
4.907532e-01 -7.133956e-01 5.002279e-01 1.015806e+01 1.518219e-01 6.353502e-01 7.571527e-01 -3.287008e+00 -8.579693e-01 -2.956296e-01 4.201093e-01 5.130407e+01
3.976292e-01 2.151878e-01 -8.919558e-01 1.016205e+01 -7.692349e-01 6.080929e-01 -1.962161e-01 -3.293465e+00 5.001687e-01 7.641448e-01 4.073255e-01 5.153770e+01
4.691056e-01 -7.762099e-01 4.212341e-01 1.017176e+01 2.558908e-01 5.759767e-01 7.763831e-01 -3.296325e+00 -8.452573e-01 -2.564157e-01 4.688188e-01 5.177992e+01
3.701952e-01 2.385187e-01 -8.978109e-01 1.045336e+01 -7.941405e-01 5.826958e-01 -1.726457e-01 -3.345565e+00 4.819714e-01 7.769005e-01 4.051285e-01 5.201991e+01
5.435341e-01 -7.156625e-01 4.386318e-01 1.076393e+01 1.784963e-01 6.091563e-01 7.727016e-01 -3.404308e+00 -8.201889e-01 -3.416955e-01 4.588403e-01 5.222632e+01
4.568742e-01 2.076182e-01 -8.649628e-01 1.079473e+01 -7.514496e-01 6.104313e-01 -2.503937e-01 -3.415031e+00 4.760141e-01 7.643744e-01 4.349049e-01 5.249185e+01
5.294469e-01 -7.222388e-01 4.450361e-01 1.085051e+01 2.031879e-01 6.172841e-01 7.600493e-01 -3.435809e+00 -8.236508e-01 -3.119798e-01 4.735694e-01 5.278657e+01
3.971354e-01 6.611355e-02 -9.153756e-01 1.088315e+01 -7.079862e-01 6.567324e-01 -2.597267e-01 -3.486929e+00 5.839854e-01 7.512200e-01 3.076192e-01 5.310311e+01
6.074521e-01 -6.539475e-01 4.509485e-01 1.081459e+01 7.239811e-02 6.109054e-01 7.883864e-01 -3.533499e+00 -7.910502e-01 -4.462592e-01 4.184404e-01 5.345646e+01
4.994641e-01 1.736329e-01 -8.487563e-01 1.072878e+01 -7.220125e-01 6.248681e-01 -2.970484e-01 -3.531325e+00 4.787834e-01 7.611777e-01 4.374643e-01 5.366345e+01
5.191426e-01 -7.526815e-01 4.049217e-01 1.066347e+01 2.744253e-01 5.954740e-01 7.550506e-01 -3.526175e+00 -8.094330e-01 -2.808581e-01 5.156908e-01 5.384798e+01
4.367815e-01 3.342868e-01 -8.351492e-01 1.059724e+01 -7.981238e-01 5.722985e-01 -1.883423e-01 -3.520623e+00 4.149944e-01 7.488169e-01 5.167717e-01 5.404961e+01
4.051073e-01 -8.615202e-01 3.060572e-01 1.059014e+01 4.769930e-01 4.847448e-01 7.331440e-01 -3.510196e+00 -7.799780e-01 -1.510148e-01 6.073128e-01 5.421799e+01
3.361266e-01 5.645433e-01 -7.538632e-01 1.064643e+01 -8.131877e-01 5.777654e-01 7.009173e-02 -3.524739e+00 4.751259e-01 5.894726e-01 6.532820e-01 5.444107e+01
4.488180e-01 -7.589204e-01 4.718074e-01 1.069626e+01 5.414146e-01 6.509709e-01 5.320782e-01 -3.540932e+00 -7.109378e-01 1.663714e-02 7.030580e-01 5.473381e+01
3.837958e-01 5.779124e-01 -7.202208e-01 1.068301e+01 -8.063463e-01 5.898346e-01 4.359824e-02 -3.556228e+00 4.500071e-01 5.640146e-01 6.923736e-01 5.512321e+01
3.868275e-01 -7.689771e-01 5.089585e-01 1.077914e+01 6.612127e-01 6.160089e-01 4.281714e-01 -3.551956e+00 -6.427770e-01 1.709013e-01 7.467466e-01 5.551052e+01
