1.000000e+00 1.197624e-11 1.704639e-10 3.214096e-14 1.197625e-11 1.000000e+00 3.562503e-10 -1.998401e-15 1.704639e-10 3.562503e-10 1.000000e+00 -4.041212e-14 0.000000e+00 0.000000e+00 0.000000e+00 1.000000e+00
9.460128e-01 -1.572036e-01 2.834550e-01 2.413671e-02 7.685850e-02 9.583677e-01 2.749986e-01 3.826912e-02 -3.148849e-01 -2.383662e-01 9.187105e-01 2.394174e+00
9.997852e-01 -1.047907e-02 1.787863e-02 -8.867330e-02 1.151804e-02 9.981895e-01 -5.903512e-02 9.075436e-02 -1.722763e-02 5.922837e-02 9.980958e-01 4.972122e+00
9.669086e-01 -1.132820e-01 2.285936e-01 -2.636815e-01 5.721688e-02 9.694759e-01 2.384172e-01 1.497738e-01 -2.486243e-01 -2.174482e-01 9.438762e-01 7.496313e+00
9.968985e-01 -2.700336e-02 7.391976e-02 -3.269765e-01 2.767903e-02 9.995838e-01 -8.131329e-03 1.975661e-01 -7.366942e-02 1.015214e-02 9.972310e-01 9.977712e+00
9.771190e-01 -8.024294e-02 1.969758e-01 -4.875764e-01 4.760143e-02 9.851143e-01 1.651787e-01 2.512707e-01 -2.072981e-01 -1.520229e-01 9.663936e-01 1.229309e+01
9.904076e-01 -3.697545e-02 1.331377e-01 -3.601239e-01 1.482985e-02 9.864102e-01 1.636304e-01 2.868549e-01 -1.373787e-01 -1.600863e-01 9.774965e-01 1.499149e+01
9.506132e-01 -1.490113e-01 2.722685e-01 -2.180921e-01 8.521090e-02 9.688054e-01 2.327128e-01 3.319291e-01 -2.984520e-01 -1.980196e-01 9.336566e-01 1.826065e+01
9.997859e-01 -1.091931e-03 -2.066168e-02 -3.138774e-01 1.925782e-03 9.991825e-01 4.038063e-02 3.919413e-01 2.060069e-02 -4.041178e-02 9.989707e-01 2.117439e+01
9.920923e-01 -9.562161e-02 8.129781e-02 -5.303388e-01 8.626645e-02 9.899914e-01 1.116918e-01 4.508128e-01 -9.116428e-02 -1.037953e-01 9.904118e-01 2.344874e+01
9.989654e-01 -1.201869e-02 4.386031e-02 -6.621675e-01 6.437181e-03 9.921050e-01 1.252450e-01 5.060360e-01 -4.501931e-02 -1.248331e-01 9.911559e-01 2.596323e+01
9.954054e-01 -9.574938e-02 2.358447e-04 -9.074203e-01 9.548761e-02 9.928602e-01 7.148966e-02 5.748760e-01 -7.079251e-03 -7.113868e-02 9.974413e-01 2.858883e+01
9.965184e-01 1.862487e-03 8.335179e-02 -1.149799e+00 -8.391904e-03 9.969138e-01 7.805408e-02 6.410764e-01 -8.294918e-02 -7.848182e-02 9.934586e-01 3.109512e+01
9.895458e-01 -1.186581e-01 8.197134e-02 -1.292365e+00 1.057304e-01 9.834369e-01 1.472176e-01 6.961299e-01 -9.808220e-02 -1.370117e-01 9.857016e-01 3.359641e+01
9.945707e-01 1.238281e-03 1.040559e-01 -1.484068e+00 -5.663954e-03 9.990911e-01 4.224698e-02 7.586703e-01 -1.039090e-01 -4.260698e-02 9.936738e-01 3.621924e+01
9.926891e-01 -1.000919e-01 6.745282e-02 -1.640139e+00 8.765450e-02 9.820180e-01 1.672042e-01 8.160820e-01 -8.297567e-02 -1.600692e-01 9.836122e-01 3.875485e+01
9.889218e-01 -1.198286e-02 1.479529e-01 -1.655504e+00 -8.810992e-03 9.902401e-01 1.390935e-01 8.734749e-01 -1.481757e-01 -1.388562e-01 9.791644e-01 4.187693e+01
9.750778e-01 -1.453657e-01 1.676069e-01 -1.645704e+00 1.160903e-01 9.780720e-01 1.729107e-01 9.268554e-01 -1.890669e-01 -1.491438e-01 9.705719e-01 4.488000e+01
9.798964e-01 -2.732100e-02 1.976272e-01 -1.536606e+00 -4.613696e-03 9.872108e-01 1.593532e-01 9.662593e-01 -1.994534e-01 -1.570615e-01 9.672384e-01 4.766556e+01
9.860814e-01 -1.258137e-01 1.086936e-01 -1.380153e+00 1.002473e-01 9.714533e-01 2.150092e-01 1.002491e+00 -1.326419e-01 -2.011204e-01 9.705446e-01 5.043114e+01
9.825627e-01 -2.253279e-02 1.845611e-01 -1.396644e+00 1.408506e-02 9.987977e-01 4.695594e-02 1.048409e+00 -1.853972e-01 -4.353761e-02 9.816987e-01 5.302906e+01
9.899231e-01 -9.413883e-02 1.057833e-01 -1.421115e+00 7.064147e-02 9.757321e-01 2.072600e-01 1.093740e+00 -1.227274e-01 -1.976988e-01 9.725498e-01 5.553936e+01
9.924297e-01 -3.493499e-02 1.177402e-01 -1.408375e+00 2.763833e-02 9.976279e-01 6.304580e-02 1.133085e+00 -1.196634e-01 -5.931438e-02 9.910411e-01 5.793426e+01
9.973774e-01 -6.089922e-02 3.910958e-02 -1.525051e+00 5.303729e-02 9.826728e-01 1.775987e-01 1.186904e+00 -4.924755e-02 -1.750586e-01 9.833256e-01 6.047491e+01
9.921653e-01 -5.425502e-02 1.125362e-01 -1.676671e+00 4.822425e-02 9.972857e-01 5.563838e-02 1.247588e+00 -1.152494e-01 -4.977549e-02 9.920887e-01 6.321041e+01
9.852889e-01 -7.064347e-02 1.556129e-01 -1.774524e+00 4.002296e-02 9.806251e-01 1.917617e-01 1.305171e+00 -1.661446e-01 -1.827126e-01 9.690264e-01 6.603764e+01
9.842951e-01 -8.051284e-02 1.571017e-01 -1.806621e+00 6.882132e-02 9.945358e-01 7.849960e-02 1.353600e+00 -1.625635e-01 -6.645483e-02 9.844577e-01 6.873721e+01
9.909250e-01 -4.436043e-02 1.268850e-01 -1.919643e+00 2.240574e-02 9.852782e-01 1.694838e-01 1.411829e+00 -1.325354e-01 -1.651028e-01 9.773308e-01 7.156133e+01
9.717094e-01 -1.089409e-01 2.095538e-01 -1.951764e+00 9.183070e-02 9.917222e-01 8.974476e-02 1.459310e+00 -2.175960e-01 -6.796235e-02 9.736699e-01 7.420655e+01
9.880565e-01 -2.376996e-02 1.522474e-01 -1.969031e+00 -2.862840e-03 9.850283e-01 1.723690e-01 1.506172e+00 -1.540652e-01 -1.707462e-01 9.731956e-01 7.689321e+01
9.626591e-01 -1.494924e-01 2.256979e-01 -1.912874e+00 1.254848e-01 9.851381e-01 1.172878e-01 1.543237e+00 -2.398773e-01 -8.458650e-02 9.671112e-01 7.939379e+01
9.858896e-01 3.535636e-04 1.673964e-01 -1.822398e+00 -2.949125e-02 9.847234e-01 1.716103e-01 1.579210e+00 -1.647785e-01 -1.741256e-01 9.708390e-01 8.197020e+01
9.659379e-01 -1.741823e-01 1.913751e-01 -1.679827e+00 1.402169e-01 9.738695e-01 1.786545e-01 1.610296e+00 -2.174928e-01 -1.457352e-01 9.651208e-01 8.451788e+01
9.889056e-01 1.278312e-02 1.479944e-01 -1.605242e+00 -2.848728e-02 9.941183e-01 1.044857e-01 1.647633e+00 -1.457883e-01 -1.075424e-01 9.834533e-01 8.703137e+01
9.795980e-01 -1.476142e-01 1.363742e-01 -1.440267e+00 1.144782e-01 9.676019e-01 2.250363e-01 1.672517e+00 -1.651744e-01 -2.048333e-01 9.647594e-01 8.933537e+01
9.900633e-01 -1.549817e-02 1.397654e-01 -1.317127e+00 3.637692e-03 9.963982e-01 8.471912e-02 1.701934e+00 -1.405750e-01 -8.336887e-02 9.865537e-01 9.162614e+01
9.808553e-01 -1.188445e-01 1.542687e-01 -1.259971e+00 9.025861e-02 9.794007e-01 1.806311e-01 1.734189e+00 -1.725579e-01 -1.632489e-01 9.713771e-01 9.382091e+01
9.860101e-01 -3.256653e-02 1.634735e-01 -1.161823e+00 1.589764e-02 9.946309e-01 1.022578e-01 1.764078e+00 -1.659259e-01 -9.822839e-02 9.812338e-01 9.610191e+01
9.847538e-01 -1.066890e-01 1.373954e-01 -1.130619e+00 8.558830e-02 9.847821e-01 1.512574e-01 1.798658e+00 -1.514420e-01 -1.371918e-01 9.788992e-01 9.831025e+01
9.762681e-01 -4.529031e-02 2.117766e-01 -1.108632e+00 2.542913e-02 9.950965e-01 9.558457e-02 1.835793e+00 -2.150672e-01 -8.793088e-02 9.726326e-01 1.006715e+02
9.934282e-01 -6.742732e-02 9.248759e-02 -1.066118e+00 5.175277e-02 9.853542e-01 1.624772e-01 1.874133e+00 -1.020884e-01 -1.566230e-01 9.823682e-01 1.030879e+02
9.778951e-01 -9.401251e-02 1.867693e-01 -1.058335e+00 7.201029e-02 9.900012e-01 1.212940e-01 1.923537e+00 -1.963049e-01 -1.051635e-01 9.748872e-01 1.058443e+02
9.910324e-01 -3.938392e-02 1.276861e-01 -1.164221e+00 2.663171e-02 9.946226e-01 1.000833e-01 1.985854e+00 -1.309412e-01 -9.578528e-02 9.867520e-01 1.088347e+02
9.842147e-01 -9.401112e-02 1.499442e-01 -1.079725e+00 6.803723e-02 9.831259e-01 1.698067e-01 2.022445e+00 -1.633778e-01 -1.569244e-01 9.740033e-01 1.112982e+02
9.893748e-01 -3.733559e-02 1.405119e-01 -7.808869e-01 1.192529e-02 9.840478e-01 1.775040e-01 2.039174e+00 -1.448976e-01 -1.739424e-01 9.740373e-01 1.135982e+02
9.883688e-01 -9.717090e-02 1.169825e-01 -3.778328e-01 6.784467e-02 9.701864e-01 2.326701e-01 2.053972e+00 -1.361036e-01 -2.220272e-01 9.654945e-01 1.161491e+02
9.889081e-01 -5.168691e-02 1.392450e-01 4.784914e-03 2.568535e-02 9.828842e-01 1.824252e-01 2.070412e+00 -1.462907e-01 -1.768252e-01 9.733098e-01 1.187155e+02
9.779426e-01 -1.269200e-01 1.658904e-01 3.276808e-01 8.164268e-02 9.632995e-01 2.557119e-01 2.099106e+00 -1.922571e-01 -2.365278e-01 9.524137e-01 1.216434e+02
9.917457e-01 -2.773308e-02 1.251848e-01 6.040507e-01 1.438416e-02 9.942297e-01 1.063037e-01 2.121754e+00 -1.274106e-01 -1.036256e-01 9.864220e-01 1.241463e+02
9.778289e-01 -9.364925e-02 1.872979e-01 1.117368e+00 1.977317e-02 9.317224e-01 3.626326e-01 2.132837e+00 -2.084699e-01 -3.508892e-01 9.129168e-01 1.270354e+02
9.958255e-01 -7.574296e-02 5.093662e-02 1.361569e+00 7.605940e-02 9.970940e-01 -4.300376e-03 2.153839e+00 -5.046288e-02 8.156633e-03 9.986926e-01 1.293633e+02
9.732077e-01 -5.082004e-02 2.242412e-01 1.523722e+00 -1.391143e-02 9.604666e-01 2.780474e-01 2.174504e+00 -2.295065e-01 -2.737173e-01 9.340265e-01 1.313970e+02
9.875936e-01 -1.081490e-01 1.138541e-01 1.832285e+00 9.342970e-02 9.874259e-01 1.275186e-01 2.197100e+00 -1.262135e-01 -1.152992e-01 9.852798e-01 1.341268e+02
9.616180e-01 -6.112638e-02 2.674964e-01 2.250991e+00 -2.884093e-02 9.469544e-01 3.200711e-01 2.217768e+00 -2.728717e-01 -3.155009e-01 9.088455e-01 1.371736e+02
9.889433e-01 -1.378881e-01 5.457138e-02 2.368924e+00 1.381940e-01 9.904034e-01 -1.853396e-03 2.248092e+00 -5.379212e-02 9.374339e-03 9.985082e-01 1.395134e+02
9.830055e-01 3.301169e-02 1.805836e-01 2.243319e+00 -5.355332e-02 9.924782e-01 1.100865e-01 2.288905e+00 -1.755911e-01 -1.178865e-01 9.773794e-01 1.413053e+02
9.866258e-01 -1.478598e-01 6.860807e-02 2.181342e+00 1.452138e-01 9.885042e-01 4.209995e-02 2.319142e+00 -7.404425e-02 -3.157406e-02 9.967550e-01 1.429030e+02
9.829306e-01 1.710722e-02 1.831795e-01 2.075648e+00 -3.339000e-02 9.957201e-01 8.617804e-02 2.351858e+00 -1.809212e-01 -9.082339e-02 9.792950e-01 1.444793e+02
9.856224e-01 -1.242512e-01 1.144993e-01 2.068690e+00 1.104058e-01 9.865877e-01 1.202303e-01 2.383534e+00 -1.279024e-01 -1.058603e-01 9.861210e-01 1.464127e+02
9.915851e-01 -2.119692e-03 1.294390e-01 2.145892e+00 -9.509382e-03 9.959721e-01 8.915794e-02 2.407580e+00 -1.291066e-01 -8.963857e-02 9.875710e-01 1.482075e+02
9.973959e-01 -7.081750e-02 -1.364555e-02 2.279628e+00 7.210275e-02 9.833024e-01 1.670858e-01 2.415344e+00 1.585097e-03 -1.676346e-01 9.858479e-01 1.495693e+02
9.875401e-01 -3.132772e-02 1.542176e-01 2.409603e+00 2.333138e-02 9.983011e-01 5.339092e-02 2.426837e+00 -1.556282e-01 -4.912756e-02 9.865933e-01 1.509861e+02
9.960959e-01 -4.547564e-02 7.566266e-02 2.877883e+00 1.552878e-02 9.340024e-01 3.569290e-01 2.419070e+00 -8.690068e-02 -3.543606e-01 9.310622e-01 1.529026e+02
9.598794e-01 -1.446278e-01 2.402380e-01 3.664963e+00 8.235138e-02 9.643435e-01 2.515150e-01 2.411136e+00 -2.680480e-01 -2.216401e-01 9.375638e-01 1.560338e+02
9.994824e-01 3.009619e-02 -1.136490e-02 4.052997e+00 -2.766438e-02 9.843798e-01 1.738708e-01 2.422802e+00 1.642023e-02 -1.734664e-01 9.847029e-01 1.584166e+02
9.728106e-01 -1.320515e-01 1.902682e-01 4.401920e+00 9.224102e-02 9.744696e-01 2.046962e-01 2.432404e+00 -2.124410e-01 -1.815801e-01 9.601549e-01 1.606433e+02
9.997564e-01 1.888825e-02 -1.142042e-02 4.829784e+00 -1.628428e-02 9.804604e-01 1.960414e-01 2.440159e+00 1.490015e-02 -1.958077e-01 9.805291e-01 1.627553e+02
9.867434e-01 -1.186773e-01 1.106938e-01 4.888240e+00 1.174939e-01 9.929250e-01 1.717709e-02 2.449189e+00 -1.119492e-01 -3.943529e-03 9.937061e-01 1.638684e+02
9.986327e-01 4.637325e-02 -2.412906e-02 4.847309e+00 -4.370455e-02 9.938916e-01 1.013383e-01 2.468030e+00 2.868106e-02 -1.001452e-01 9.945594e-01 1.649516e+02
9.745571e-01 -1.528919e-01 1.638980e-01 4.996550e+00 1.354580e-01 9.843420e-01 1.127920e-01 2.465671e+00 -1.785767e-01 -8.772097e-02 9.800079e-01 1.658684e+02
9.973623e-01 6.878231e-02 -2.318368e-02 5.115850e+00 -6.575931e-02 9.914668e-01 1.125583e-01 2.468208e+00 3.072787e-02 -1.107369e-01 9.933746e-01 1.669184e+02
9.822118e-01 -1.435676e-01 1.210302e-01 5.208986e+00 1.379613e-01 9.889896e-01 5.353699e-02 2.468876e+00 -1.273837e-01 -3.588718e-02 9.912041e-01 1.677263e+02
9.979136e-01 6.428199e-02 6.026300e-03 5.415680e+00 -6.433340e-02 9.821317e-01 1.768577e-01 2.462421e+00 5.450142e-03 -1.768764e-01 9.842180e-01 1.686048e+02
9.834332e-01 -1.651386e-01 7.475606e-02 5.608366e+00 1.603096e-01 9.848183e-01 6.658618e-02 2.458121e+00 -8.461708e-02 -5.349895e-02 9.949763e-01 1.695253e+02
9.958528e-01 8.848865e-02 2.114289e-02 5.779211e+00 -9.066794e-02 9.844869e-01 1.502161e-01 2.455991e+00 -7.522478e-03 -1.515101e-01 9.884271e-01 1.704225e+02
9.809323e-01 -1.798496e-01 7.366145e-02 5.996428e+00 1.736964e-01 9.813075e-01 8.285642e-02 2.448012e+00 -8.718623e-02 -6.848181e-02 9.938354e-01 1.712633e+02
9.950754e-01 9.543505e-02 2.677923e-02 6.158408e+00 -9.751498e-02 9.909854e-01 9.186326e-02 2.440400e+00 -1.777085e-02 -9.402224e-02 9.954115e-01 1.718886e+02
9.854691e-01 -1.598858e-01 5.733327e-02 6.292704e+00 1.585985e-01 9.869910e-01 2.636984e-02 2.427553e+00 -6.080358e-02 -1.689370e-02 9.980068e-01 1.721883e+02
9.935566e-01 9.107519e-02 6.745823e-02 6.461700e+00 -1.003487e-01 9.835699e-01 1.500679e-01 2.418474e+00 -5.268242e-02 -1.558703e-01 9.863716e-01 1.728289e+02
9.864551e-01 -1.632365e-01 -1.612834e-02 6.599371e+00 1.633540e-01 9.865477e-01 6.249606e-03 2.409898e+00 1.489121e-02 -8.799584e-03 9.998504e-01 1.733349e+02
9.945100e-01 8.650065e-02 5.888507e-02 6.688942e+00 -9.347844e-02 9.873024e-01 1.284356e-01 2.407457e+00 -4.702761e-02 -1.332350e-01 9.899681e-01 1.738545e+02
9.856238e-01 -1.685515e-01 1.166269e-02 6.796710e+00 1.682157e-01 9.854214e-01 2.545879e-02 2.401694e+00 -1.578378e-02 -2.313094e-02 9.996078e-01 1.743613e+02
9.915543e-01 8.345194e-02 9.927660e-02 6.865369e+00 -9.300605e-02 9.910406e-01 9.585636e-02 2.400657e+00 -9.038774e-02 -1.042801e-01 9.904321e-01 1.749696e+02
9.862841e-01 -1.512384e-01 -6.611064e-02 6.945640e+00 1.547239e-01 9.866297e-01 5.120822e-02 2.399064e+00 5.748207e-02 -6.073474e-02 9.964974e-01 1.755634e+02
9.891417e-01 6.371473e-02 1.324355e-01 7.033094e+00 -7.893567e-02 9.904483e-01 1.130544e-01 2.400422e+00 -1.239673e-01 -1.222807e-01 9.847231e-01 1.763344e+02
9.901102e-01 -1.316320e-01 -4.852703e-02 7.194200e+00 1.364994e-01 9.837625e-01 1.165300e-01 2.403189e+00 3.240000e-02 -1.220014e-01 9.920010e-01 1.774718e+02
9.888066e-01 1.664696e-02 1.482713e-01 7.337180e+00 -3.662420e-02 9.904333e-01 1.330436e-01 2.413986e+00 -1.446380e-01 -1.369847e-01 9.799566e-01 1.788909e+02
9.922982e-01 -1.017957e-01 -7.058211e-02 7.424035e+00 1.093914e-01 9.874686e-01 1.137513e-01 2.428203e+00 5.811823e-02 -1.205963e-01 9.909989e-01 1.803024e+02
9.906348e-01 9.455248e-03 1.362105e-01 7.472765e+00 -2.228847e-02 9.954164e-01 9.300184e-02 2.446829e+00 -1.347068e-01 -9.516678e-02 9.863049e-01 1.817367e+02
9.924934e-01 -6.730714e-02 -1.021108e-01 7.566489e+00 8.083767e-02 9.875760e-01 1.347549e-01 2.459693e+00 9.177226e-02 -1.419977e-01 9.856036e-01 1.830550e+02
9.961222e-01 -1.796274e-02 8.612732e-02 7.587854e+00 7.604649e-03 9.928512e-01 1.191164e-01 2.484689e+00 -8.765127e-02 -1.179995e-01 9.891377e-01 1.846827e+02
9.955341e-01 -4.822729e-02 -8.115429e-02 7.628641e+00 5.595745e-02 9.938222e-01 9.584450e-02 2.506555e+00 7.603062e-02 -9.995766e-02 9.920826e-01 1.861487e+02
9.883176e-01 -5.548987e-02 1.419479e-01 7.823133e+00 3.252367e-02 9.866991e-01 1.592703e-01 2.508391e+00 -1.488978e-01 -1.527930e-01 9.769768e-01 1.873223e+02
9.988370e-01 -3.108748e-02 -3.685310e-02 8.001357e+00 3.577536e-02 9.903005e-01 1.342576e-01 2.513482e+00 3.232191e-02 -1.354199e-01 9.902609e-01 1.886957e+02
9.879675e-01 -8.089363e-02 1.318198e-01 8.115982e+00 6.703376e-02 9.920623e-01 1.063903e-01 2.522149e+00 -1.393797e-01 -9.627378e-02 9.855479e-01 1.899432e+02
9.997806e-01 -9.839308e-03 1.849323e-02 8.206564e+00 7.684593e-03 9.935458e-01 1.131710e-01 2.533786e+00 -1.948740e-02 -1.130040e-01 9.934034e-01 1.912656e+02
9.914987e-01 -8.466000e-02 9.880817e-02 8.294794e+00 7.952694e-02 9.953260e-01 5.478737e-02 2.532814e+00 -1.029846e-01 -4.646369e-02 9.935971e-01 1.919854e+02
9.991901e-01 5.143344e-03 3.990971e-02 8.411589e+00 -1.055885e-02 9.905567e-01 1.366967e-01 2.532742e+00 -3.882975e-02 -1.370074e-01 9.898087e-01 1.928792e+02
9.887455e-01 -9.655085e-02 1.142818e-01 8.537815e+00 8.649717e-02 9.921884e-01 8.989136e-02 2.539141e+00 -1.220681e-01 -7.899463e-02 9.893731e-01 1.941307e+02
9.996406e-01 8.133530e-03 2.554597e-02 8.627504e+00 -1.090153e-02 9.938544e-01 1.101569e-01 2.547182e+00 -2.449301e-02 -1.103958e-01 9.935859e-01 1.952713e+02
9.891885e-01 -1.028181e-01 1.045685e-01 8.808575e+00 8.643243e-02 9.847961e-01 1.506854e-01 2.548572e+00 -1.184719e-01 -1.400181e-01 9.830358e-01 1.964859e+02
9.996516e-01 1.636217e-02 2.071167e-02 8.913599e+00 -1.752752e-02 9.981977e-01 5.739414e-02 2.553561e+00 -1.973525e-02 -5.773717e-02 9.981367e-01 1.975781e+02
9.892449e-01 -1.152725e-01 9.003724e-02 8.948957e+00 9.959984e-02 9.816692e-01 1.624978e-01 2.571860e+00 -1.071183e-01 -1.517824e-01 9.825924e-01 1.990153e+02
9.971389e-01 7.008019e-03 7.526554e-02 9.051302e+00 -8.633709e-03 9.997359e-01 2.129578e-02 2.576143e+00 -7.509642e-02 -2.188467e-02 9.969361e-01 2.000335e+02
9.964630e-01 -8.245071e-02 1.622777e-02 9.135970e+00 7.965951e-02 9.883118e-01 1.299777e-01 2.575556e+00 -2.675485e-02 -1.282253e-01 9.913841e-01 2.007163e+02
9.981747e-01 5.013120e-03 6.018361e-02 9.212345e+00 -5.411114e-03 9.999645e-01 6.451846e-03 2.577988e+00 -6.014913e-02 -6.765730e-03 9.981665e-01 2.014524e+02
9.950821e-01 -9.032201e-02 4.066332e-02 9.289323e+00 8.316055e-02 9.848091e-01 1.524313e-01 2.576998e+00 -5.381351e-02 -1.483001e-01 9.874772e-01 2.020921e+02
9.997193e-01 1.466186e-02 1.860827e-02 9.335330e+00 -1.474995e-02 9.998806e-01 4.605123e-03 2.583337e+00 -1.853853e-02 -4.878301e-03 9.998162e-01 2.029271e+02
9.959141e-01 -8.338914e-02 3.466121e-02 9.299114e+00 7.970502e-02 9.921155e-01 9.671613e-02 2.597419e+00 -4.245300e-02 -9.355829e-02 9.947083e-01 2.037565e+02
9.996069e-01 2.083051e-03 2.795852e-02 9.238097e+00 -1.412919e-03 9.997117e-01 -2.396720e-02 2.607844e+00 -2.800039e-02 2.391827e-02 9.993217e-01 2.043780e+02
9.984042e-01 -2.170748e-02 5.213242e-02 9.270810e+00 1.427124e-02 9.901904e-01 1.389936e-01 2.620309e+00 -5.463822e-02 -1.380278e-01 9.889201e-01 2.054625e+02
9.983064e-01 -3.358147e-02 -4.750304e-02 9.382009e+00 3.393415e-02 9.994020e-01 6.637261e-03 2.622904e+00 4.725175e-02 -8.237996e-03 9.988490e-01 2.062723e+02
9.926221e-01 -4.075537e-02 1.141947e-01 9.447050e+00 2.461493e-02 9.899385e-01 1.393408e-01 2.638291e+00 -1.187246e-01 -1.355019e-01 9.836380e-01 2.074924e+02
9.939189e-01 -4.077735e-02 -1.022858e-01 9.523443e+00 3.922140e-02 9.990829e-01 -1.717788e-02 2.639634e+00 1.028925e-01 1.306163e-02 9.946067e-01 2.080849e+02
9.830038e-01 -7.279213e-02 1.685372e-01 9.527579e+00 4.767425e-02 9.877545e-01 1.485534e-01 2.644431e+00 -1.772869e-01 -1.379937e-01 9.744368e-01 2.087583e+02
9.954103e-01 -1.824489e-02 -9.394361e-02 9.423979e+00 1.227291e-02 9.978898e-01 -6.375959e-02 2.663604e+00 9.490866e-02 6.231399e-02 9.935338e-01 2.096155e+02
9.817520e-01 -5.410156e-02 1.823076e-01 9.315050e+00 2.893638e-02 9.900137e-01 1.379697e-01 2.686753e+00 -1.879514e-01 -1.301768e-01 9.735134e-01 2.106582e+02
9.979838e-01 -4.575205e-02 -4.399071e-02 9.305439e+00 4.443860e-02 9.985499e-01 -3.038603e-02 2.695876e+00 4.531714e-02 2.836988e-02 9.985697e-01 2.114310e+02
9.925482e-01 -3.955737e-02 1.152533e-01 9.220444e+00 3.176631e-02 9.971336e-01 6.866951e-02 2.701851e+00 -1.176393e-01 -6.449662e-02 9.909597e-01 2.117982e+02
9.973618e-01 -7.258471e-02 9.413225e-04 9.144870e+00 7.258984e-02 9.973317e-01 -7.764357e-03 2.705158e+00 -3.752374e-04 7.812203e-03 9.999694e-01 2.121722e+02
9.907452e-01 -3.576884e-02 1.309371e-01 9.000308e+00 2.661439e-02 9.971205e-01 7.100940e-02 2.721569e+00 -1.331000e-01 -6.686741e-02 9.888444e-01 2.128855e+02
9.977810e-01 -6.586426e-02 9.746773e-03 8.905415e+00 6.583719e-02 9.978256e-01 3.073232e-03 2.734567e+00 -9.927996e-03 -2.424713e-03 9.999478e-01 2.135855e+02
9.966317e-01 -1.682613e-03 8.199055e-02 8.869792e+00 -8.490646e-04 9.995242e-01 3.083304e-02 2.732129e+00 -8.200342e-02 -3.079880e-02 9.961560e-01 2.137732e+02
9.970366e-01 -3.293186e-02 6.952329e-02 8.853401e+00 3.874944e-02 9.957070e-01 -8.405999e-02 2.712764e+00 -6.645658e-02 8.650487e-02 9.940324e-01 2.133048e+02
9.994226e-01 -2.106393e-02 -2.665956e-02 9.513658e+00 2.834871e-02 9.494756e-01 3.125579e-01 2.685497e+00 1.872890e-02 -3.131332e-01 9.495245e-01 2.141213e+02
9.729072e-01 4.933950e-02 -2.258700e-01 1.000387e+01 -5.310238e-02 9.985327e-01 -1.061044e-02 2.686852e+00 2.250150e-01 2.231721e-02 9.740997e-01 2.151172e+02
9.567983e-01 -1.659801e-01 2.387209e-01 9.773805e+00 1.518134e-01 9.854297e-01 7.668767e-02 2.707795e+00 -2.479712e-01 -3.713360e-02 9.680555e-01 2.156870e+02
9.765753e-01 6.653484e-02 -2.046307e-01 9.601998e+00 -6.687522e-02 9.977475e-01 5.259614e-03 2.730411e+00 2.045197e-01 8.548312e-03 9.788251e-01 2.164261e+02
9.473970e-01 -1.792343e-01 2.651678e-01 9.417242e+00 1.678261e-01 9.836538e-01 6.526624e-02 2.748700e+00 -2.725312e-01 -1.733097e-02 9.619908e-01 2.170189e+02
9.854841e-01 7.990367e-02 -1.497880e-01 9.264658e+00 -7.831432e-02 9.967923e-01 1.648896e-02 2.765089e+00 1.506250e-01 -4.519069e-03 9.885806e-01 2.176601e+02
9.383351e-01 -1.887354e-01 2.896656e-01 9.152443e+00 1.721171e-01 9.816529e-01 8.205712e-02 2.782277e+00 -2.998382e-01 -2.714067e-02 9.536039e-01 2.184748e+02
9.816442e-01 9.369580e-02 -1.661194e-01 9.085467e+00 -9.260846e-02 9.956000e-01 1.429680e-02 2.794178e+00 1.667281e-01 1.349699e-03 9.860020e-01 2.191456e+02
9.687308e-01 -1.004694e-01 2.268622e-01 9.025232e+00 1.069834e-01 9.941227e-01 -1.657026e-02 2.782690e+00 -2.238640e-01 4.032261e-02 9.737859e-01 2.188231e+02
9.975832e-01 5.928951e-02 -3.622993e-02 8.983258e+00 -6.129979e-02 9.964816e-01 -5.715535e-02 2.760451e+00 3.271375e-02 5.923810e-02 9.977077e-01 2.181766e+02
9.496104e-01 -9.501444e-02 2.986843e-01 8.954617e+00 1.036518e-01 9.945264e-01 -1.317251e-02 2.736512e+00 -2.957979e-01 4.346790e-02 9.542611e-01 2.174571e+02
9.594506e-01 5.920554e-02 -2.755888e-01 8.784855e+00 -3.279858e-02 9.945004e-01 9.946456e-02 2.743236e+00 2.799620e-01 -8.639241e-02 9.561159e-01 2.176996e+02
8.965041e-01 -1.308782e-01 4.232627e-01 8.732257e+00 1.454708e-01 9.893601e-01 -2.195991e-03 2.751418e+00 -4.184718e-01 6.354108e-02 9.060043e-01 2.183315e+02
9.492849e-01 9.364013e-02 -3.001495e-01 8.694279e+00 -6.286398e-02 9.918724e-01 1.106223e-01 2.751549e+00 3.080687e-01 -8.614349e-02 9.474561e-01 2.186361e+02
8.523461e-01 -5.578342e-02 5.199946e-01 8.648019e+00 1.483818e-01 9.792302e-01 -1.381704e-01 2.728404e+00 -5.014868e-01 1.949267e-01 8.429203e-01 2.180352e+02
9.690523e-01 5.087627e-02 -2.415558e-01 8.658836e+00 -4.451273e-02 9.985047e-01 3.173192e-02 2.695795e+00 2.428090e-01 -1.999759e-02 9.698680e-01 2.169615e+02
8.615074e-01 -1.714505e-02 5.074555e-01 8.673647e+00 1.119255e-01 9.812577e-01 -1.568628e-01 2.662745e+00 -4.952553e-01 1.919357e-01 8.472797e-01 2.158035e+02
9.086668e-01 5.180721e-02 -4.142954e-01 8.608614e+00 1.074767e-02 9.890407e-01 1.472512e-01 2.646635e+00 4.173837e-01 -1.382550e-01 8.981516e-01 2.152470e+02
7.546138e-01 6.736686e-02 6.527018e-01 8.686509e+00 1.455333e-01 9.527582e-01 -2.665930e-01 2.605302e+00 -6.398266e-01 2.961647e-01 7.091604e-01 2.138971e+02
7.225041e-01 9.074442e-02 -6.853855e-01 8.706662e+00 1.032111e-01 9.660829e-01 2.367092e-01 2.587644e+00 6.836192e-01 -2.417628e-01 6.886331e-01 2.133023e+02
5.686343e-01 -5.382366e-02 8.208277e-01 8.800440e+00 1.595009e-01 9.861333e-01 -4.583224e-02 2.592598e+00 -8.069786e-01 1.569845e-01 5.693341e-01 2.144658e+02
6.364396e-01 3.115869e-01 -7.055907e-01 8.991587e+00 -1.193426e-02 9.186440e-01 3.949060e-01 2.613771e+00 7.712342e-01 -2.429131e-01 5.883800e-01 2.164083e+02
6.235410e-01 -2.727144e-01 7.326824e-01 9.385425e+00 3.658396e-01 9.300261e-01 3.482488e-02 2.618015e+00 -6.909110e-01 2.463295e-01 6.796792e-01 2.181569e+02
6.485591e-01 4.358169e-01 -6.240471e-01 9.504322e+00 -2.210570e-01 8.923674e-01 3.934643e-01 2.627118e+00 7.283577e-01 -1.172349e-01 6.750934e-01 2.190951e+02
5.750878e-01 -3.090931e-01 7.574533e-01 9.406575e+00 5.054541e-01 8.622637e-01 -3.189729e-02 2.637821e+00 -6.432653e-01 4.012016e-01 6.521097e-01 2.196944e+02
7.215697e-01 5.309398e-01 -4.443423e-01 9.425558e+00 -3.514877e-01 8.338634e-01 4.255917e-01 2.645503e+00 5.964843e-01 -1.509133e-01 7.883094e-01 2.206304e+02
5.996992e-01 -5.128664e-01 6.142710e-01 9.547895e+00 5.921829e-01 8.007169e-01 9.039853e-02 2.654975e+00 -5.382196e-01 3.095489e-01 7.839000e-01 2.219494e+02
6.593547e-01 6.708995e-01 -3.393305e-01 9.879020e+00 -5.116936e-01 7.311240e-01 4.512508e-01 2.655601e+00 5.508366e-01 -1.239011e-01 8.253651e-01 2.234420e+02
6.077714e-01 -6.736393e-01 4.205044e-01 1.019701e+01 7.077270e-01 6.996641e-01 9.794196e-02 2.662499e+00 -3.601894e-01 2.380760e-01 9.019886e-01 2.251453e+02
6.895533e-01 6.968784e-01 -1.971722e-01 1.023476e+01 -6.242878e-01 7.099472e-01 3.259443e-01 2.685861e+00 3.671254e-01 -1.016638e-01 9.245991e-01 2.265353e+02
5.972694e-01 -7.132869e-01 3.667303e-01 1.012007e+01 7.518485e-01 6.571486e-01 5.366188e-02 2.713853e+00 -2.792726e-01 2.436750e-01 9.287784e-01 2.277902e+02
6.583795e-01 7.470510e-01 -9.193073e-02 1.003651e+01 -7.180450e-01 6.600030e-01 2.209242e-01 2.744469e+00 2.257162e-01 -7.944159e-02 9.709486e-01 2.293305e+02
5.841137e-01 -7.801308e-01 2.240695e-01 9.913365e+00 7.824753e-01 6.145964e-01 1.000181e-01 2.777988e+00 -2.157395e-01 1.169070e-01 9.694273e-01 2.308400e+02
5.865044e-01 7.929282e-01 -1.651590e-01 1.023196e+01 -7.360114e-01 6.068844e-01 2.999641e-01 2.775568e+00 3.380824e-01 -5.437137e-02 9.395446e-01 2.316193e+02
5.788187e-01 -7.825928e-01 2.291669e-01 1.068485e+01 7.888940e-01 6.085406e-01 8.558347e-02 2.751853e+00 -2.064344e-01 1.312511e-01 9.696174e-01 2.321747e+02
6.361650e-01 7.707986e-01 -3.411257e-02 1.072298e+01 -7.589252e-01 6.331074e-01 1.523404e-01 2.765424e+00 1.390207e-01 -7.102473e-02 9.877392e-01 2.332996e+02
5.595389e-01 -8.252785e-01 7.636530e-02 1.079753e+01 8.126782e-01 5.644054e-01 1.449161e-01 2.774805e+00 -1.626971e-01 -1.902578e-02 9.864926e-01 2.344378e+02
6.088958e-01 7.907808e-01 -6.254321e-02 1.089555e+01 -7.858545e-01 6.120823e-01 8.824892e-02 2.776738e+00 1.080671e-01 -4.584534e-03 9.941330e-01 2.351312e+02
5.769103e-01 -8.160006e-01 -3.629788e-02 1.102122e+01 7.985559e-01 5.728038e-01 -1.849440e-01 2.765805e+00 1.717060e-01 7.771020e-02 9.820785e-01 2.350457e+02
5.826245e-01 7.913434e-01 1.852685e-01 1.100252e+01 -8.066247e-01 5.909300e-01 1.258021e-02 2.750153e+00 -9.952543e-02 -1.567717e-01 9.826074e-01 2.346122e+02
5.617225e-01 -7.358730e-01 -3.780988e-01 1.193940e+01 7.951425e-01 6.064216e-01 1.058346e-03 2.714721e+00 2.285085e-01 -3.012370e-01 9.257646e-01 2.356717e+02
6.308165e-01 7.295765e-01 2.641754e-01 1.278989e+01 -7.703923e-01 5.482853e-01 3.253905e-01 2.711940e+00 9.255379e-02 -4.087804e-01 9.079275e-01 2.371337e+02
6.165399e-01 -7.799891e-01 -1.072174e-01 1.321050e+01 6.980628e-01 6.045297e-01 -3.837345e-01 2.695040e+00 3.641248e-01 1.617432e-01 9.171980e-01 2.376861e+02
6.927981e-01 6.439285e-01 3.246335e-01 1.370746e+01 -7.210394e-01 6.257477e-01 2.975601e-01 2.663522e+00 -1.153128e-02 -4.402226e-01 8.978146e-01 2.374337e+02
6.867176e-01 -7.262010e-01 3.241991e-02 1.368380e+01 6.579015e-01 6.019259e-01 -4.526045e-01 2.647787e+00 3.091674e-01 3.321406e-01 8.911218e-01 2.370230e+02
6.402748e-01 6.740354e-01 3.684079e-01 1.368396e+01 -7.527513e-01 6.461088e-01 1.261305e-01 2.619514e+00 -1.530151e-01 -3.580778e-01 9.210682e-01 2.361831e+02
6.144825e-01 -7.818724e-01 1.052939e-01 1.369978e+01 7.712644e-01 5.672627e-01 -2.887287e-01 2.587194e+00 1.660197e-01 2.586282e-01 9.516033e-01 2.351130e+02
5.837698e-01 7.835114e-01 2.128913e-01 1.372232e+01 -7.898171e-01 6.087730e-01 -7.472950e-02 2.549588e+00 -1.881539e-01 -1.245204e-01 9.742139e-01 2.338611e+02
5.620850e-01 -8.270769e-01 -2.072502e-03 1.368604e+01 8.230323e-01 5.595804e-01 -9.740403e-02 2.524138e+00 8.172035e-02 5.304361e-02 9.952428e-01 2.328307e+02
5.835923e-01 8.064519e-01 9.515932e-02 1.360497e+01 -8.007306e-01 5.909900e-01 -9.778161e-02 2.507172e+00 -1.350944e-01 -1.913239e-02 9.906480e-01 2.322585e+02
5.461793e-01 -8.364515e-01 -4.513518e-02 1.355311e+01 8.368841e-01 5.425442e-01 7.260115e-02 2.494495e+00 -3.623951e-02 -7.742615e-02 9.963392e-01 2.319244e+02
5.835037e-01 8.098096e-01 6.108898e-02 1.348435e+01 -7.931417e-01 5.844231e-01 -1.713939e-01 2.488808e+00 -1.744982e-01 5.155673e-02 9.833068e-01 2.318990e+02
5.641364e-01 -8.150493e-01 -1.320787e-01 1.339208e+01 8.254248e-01 5.527089e-01 1.148337e-01 2.484678e+00 -2.059405e-02 -1.738030e-01 9.845651e-01 2.318554e+02
5.861102e-01 8.093334e-01 3.813400e-02 1.334041e+01 -7.638936e-01 5.676662e-01 -3.069554e-01 2.468123e+00 -2.700766e-01 1.507794e-01 9.509596e-01 2.314342e+02
5.911262e-01 -7.956312e-01 -1.324420e-01 1.333306e+01 7.894511e-01 5.370610e-01 2.972078e-01 2.451586e+00 -1.653383e-01 -2.802437e-01 9.455827e-01 2.311043e+02
6.511467e-01 7.565997e-01 -5.970611e-02 1.334891e+01 -7.038986e-01 5.726259e-01 -4.202692e-01 2.434458e+00 -2.837863e-01 3.156840e-01 9.054330e-01 2.308022e+02
6.449645e-01 -7.534148e-01 -1.280115e-01 1.342966e+01 7.022233e-01 5.181884e-01 4.882245e-01 2.414485e+00 -3.015015e-01 -4.047801e-01 8.632786e-01 2.305969e+02
7.637468e-01 6.316795e-01 -1.329354e-01 1.353387e+01 -5.435822e-01 5.182881e-01 -6.602241e-01 2.379673e+00 -3.481512e-01 5.765054e-01 7.392106e-01 2.298096e+02
8.129043e-01 -5.823764e-01 4.931589e-03 1.362634e+01 4.430802e-01 6.239203e-01 6.437417e-01 2.334624e+00 -3.779769e-01 -5.211153e-01 7.652270e-01 2.283033e+02
8.809690e-01 3.175315e-01 -3.508096e-01 1.373154e+01 -4.692506e-01 4.910113e-01 -7.339699e-01 2.290086e+00 -6.080710e-02 8.112223e-01 5.815676e-01 2.265124e+02
8.330202e-01 -4.752033e-01 2.833006e-01 1.391615e+01 1.704017e-01 7.075611e-01 6.857992e-01 2.234581e+00 -5.263465e-01 -5.230097e-01 6.703881e-01 2.244204e+02
9.472039e-01 -5.199448e-02 -3.163879e-01 1.408634e+01 -2.524322e-01 4.874842e-01 -8.358452e-01 2.175099e+00 1.976934e-01 8.715823e-01 4.486218e-01 2.219993e+02
9.436317e-01 -2.679995e-01 1.942562e-01 1.427734e+01 3.465474e-02 6.636487e-01 7.472412e-01 2.136671e+00 -3.291782e-01 -6.983886e-01 6.355274e-01 2.204150e+02
9.986144e-01 -4.207699e-02 -3.160238e-02 1.431726e+01 -1.827300e-03 5.724537e-01 -8.199350e-01 2.105582e+00 5.259130e-02 8.188567e-01 5.715837e-01 2.194373e+02
9.119179e-01 -4.564176e-02 4.078266e-01 1.436269e+01 -2.665983e-01 6.896274e-01 6.733048e-01 2.072289e+00 -3.119792e-01 -7.227246e-01 6.167156e-01 2.184736e+02
9.334618e-01 -3.580375e-01 -2.140540e-02 1.439028e+01 2.086128e-01 5.904968e-01 -7.796116e-01 2.044050e+00 2.917700e-01 7.232722e-01 6.258974e-01 2.175541e+02
8.401469e-01 2.816892e-01 4.634699e-01 1.454974e+01 -5.075158e-01 7.096735e-01 4.886627e-01 1.995654e+00 -1.912613e-01 -6.457668e-01 7.391917e-01 2.157648e+02
8.143011e-01 -5.721787e-01 -9.759732e-02 1.466034e+01 2.536817e-01 5.020564e-01 -8.267919e-01 1.953363e+00 5.220721e-01 6.484989e-01 5.539764e-01 2.138226e+02
8.193083e-01 2.705907e-01 5.054846e-01 1.466755e+01 -5.509841e-01 6.154397e-01 5.636049e-01 1.928682e+00 -1.585890e-01 -7.402801e-01 6.533260e-01 2.128259e+02
8.094530e-01 -5.868974e-01 -1.836532e-02 1.467601e+01 3.842023e-01 5.530285e-01 -7.392889e-01 1.906921e+00 4.440433e-01 5.913636e-01 6.731379e-01 2.122731e+02
8.516371e-01 2.467895e-01 4.623951e-01 1.521830e+01 -5.197554e-01 5.114165e-01 6.843300e-01 1.881461e+00 -6.759104e-02 -8.231331e-01 5.638114e-01 2.127236e+02
8.037083e-01 -5.248535e-01 -2.803245e-01 1.550308e+01 2.035883e-01 6.852418e-01 -6.992821e-01 1.887755e+00 5.591107e-01 5.049481e-01 6.575885e-01 2.137094e+02
8.577372e-01 1.018775e-01 5.038927e-01 1.520213e+01 -4.157650e-01 7.139675e-01 5.633737e-01 1.918414e+00 -3.023679e-01 -6.927275e-01 6.547536e-01 2.143411e+02
8.507154e-01 -4.886670e-01 -1.936179e-01 1.508029e+01 2.573089e-01 7.083683e-01 -6.572720e-01 1.932031e+00 4.583400e-01 5.093317e-01 7.283582e-01 2.149216e+02
2.163037e-01 3.290452e-01 9.192073e-01 1.802324e+01 -7.136681e-01 6.957704e-01 -8.112519e-02 1.801500e+00 -6.662511e-01 -6.384612e-01 3.853267e-01 2.139263e+02
4.791597e-01 -7.467522e-01 -4.612670e-01 2.128841e+01 6.289550e-01 6.586768e-01 -4.129897e-01 1.660261e+00 6.122268e-01 -9.222816e-02 7.852849e-01 2.137185e+02
6.295714e-01 4.323255e-01 6.455497e-01 2.169902e+01 -7.114166e-01 6.547500e-01 2.553211e-01 1.663607e+00 -3.122919e-01 -6.199976e-01 7.197754e-01 2.147026e+02
5.570232e-01 -7.580397e-01 -3.392652e-01 2.146825e+01 4.895471e-01 6.296894e-01 -6.031873e-01 1.682896e+00 6.708716e-01 1.699030e-01 7.218478e-01 2.151358e+02
5.944529e-01 4.733651e-01 6.500394e-01 2.126859e+01 -7.274374e-01 6.610948e-01 1.838166e-01 1.690123e+00 -3.427253e-01 -5.821333e-01 7.373332e-01 2.151751e+02
5.772163e-01 -7.476166e-01 -3.284674e-01 2.105544e+01 4.676623e-01 6.323936e-01 -6.175519e-01 1.694738e+00 6.694127e-01 2.028492e-01 7.146599e-01 2.150629e+02
4.842470e-01 5.196390e-01 7.039035e-01 2.094253e+01 -7.537701e-01 6.562534e-01 3.408983e-02 1.678213e+00 -4.442247e-01 -5.470893e-01 7.094771e-01 2.144573e+02
5.354302e-01 -8.107157e-01 -2.367586e-01 2.092106e+01 6.286279e-01 5.697587e-01 -5.293411e-01 1.648367e+00 5.640404e-01 1.345921e-01 8.147045e-01 2.134479e+02
4.910482e-01 6.752075e-01 5.504239e-01 2.090509e+01 -7.934673e-01 6.074682e-01 -3.731013e-02 1.623375e+00 -3.595571e-01 -4.184223e-01 8.340512e-01 2.125299e+02
5.067661e-01 -8.156970e-01 -2.789741e-01 2.082944e+01 7.202017e-01 5.784394e-01 -3.830370e-01 1.608419e+00 4.738117e-01 -6.807459e-03 8.805999e-01 2.120172e+02
5.072739e-01 7.010184e-01 5.012448e-01 2.068055e+01 -7.886360e-01 6.121221e-01 -5.796442e-02 1.609494e+00 -3.474572e-01 -3.658959e-01 8.633619e-01 2.120180e+02
4.512908e-01 -8.143019e-01 -3.650330e-01 2.053926e+01 7.711048e-01 5.617283e-01 -2.997644e-01 1.619292e+00 4.491481e-01 -1.461978e-01 8.814149e-01 2.123956e+02
4.524401e-01 7.360121e-01 5.035715e-01 2.052601e+01 -7.643001e-01 6.109732e-01 -2.062937e-01 1.617209e+00 -4.595034e-01 -2.915442e-01 8.389629e-01 2.126414e+02
4.541484e-01 -7.730986e-01 -4.427955e-01 2.068133e+01 8.002785e-01 5.724114e-01 -1.786043e-01 1.600037e+00 3.915399e-01 -2.732468e-01 8.786539e-01 2.126438e+02
3.518932e-01 7.727174e-01 5.282793e-01 2.080518e+01 -5.777181e-01 6.233490e-01 -5.269514e-01 1.579234e+00 -7.364869e-01 -1.197659e-01 6.657651e-01 2.126222e+02
4.607102e-01 -6.574120e-01 -5.962848e-01 2.116148e+01 8.463604e-01 5.277044e-01 7.212597e-02 1.549175e+00 2.672456e-01 -5.379010e-01 7.995263e-01 2.122721e+02
5.360923e-01 8.231665e-01 1.870880e-01 2.190807e+01 -7.188472e-01 5.613502e-01 -4.100545e-01 1.515657e+00 -4.425650e-01 8.533943e-02 8.926665e-01 2.117496e+02
4.364348e-01 -7.582175e-01 -4.843871e-01 2.251285e+01 8.144736e-01 5.616918e-01 -1.453795e-01 1.477828e+00 3.823055e-01 -3.310719e-01 8.626899e-01 2.106872e+02
3.801892e-01 8.617052e-01 3.360360e-01 2.254051e+01 -5.853553e-01 5.054707e-01 -6.339231e-01 1.441824e+00 -7.161113e-01 4.431025e-02 6.965783e-01 2.094111e+02
5.962405e-01 -7.028014e-01 -3.880302e-01 2.263457e+01 8.025376e-01 5.342868e-01 2.654636e-01 1.392392e+00 2.075122e-02 -4.696890e-01 8.825880e-01 2.077145e+02
6.481612e-01 7.530592e-01 -1.130881e-01 2.269325e+01 -6.155659e-01 4.307107e-01 -6.599749e-01 1.355027e+00 -4.482919e-01 4.973833e-01 7.427276e-01 2.060407e+02
6.891161e-01 -6.950247e-01 -2.050844e-01 2.270003e+01 6.579613e-01 4.815245e-01 5.789828e-01 1.322667e+00 -3.036542e-01 -5.339240e-01 7.891256e-01 2.049162e+02
7.715855e-01 5.903195e-01 -2.370204e-01 2.270952e+01 -5.542798e-01 4.410700e-01 -7.058549e-01 1.295465e+00 -3.121373e-01 6.760030e-01 6.675254e-01 2.040428e+02
7.930185e-01 -6.082437e-01 -3.407859e-02 2.271934e+01 4.169814e-01 5.011702e-01 7.582578e-01 1.264568e+00 -4.441264e-01 -6.155226e-01 6.510635e-01 2.031498e+02
8.715130e-01 3.131243e-01 -3.773835e-01 2.328150e+01 -4.865055e-01 4.556534e-01 -7.454478e-01 1.215767e+00 -6.146172e-02 8.332665e-01 5.494446e-01 2.019560e+02
8.477420e-01 -5.258855e-01 -6.912295e-02 2.400792e+01 4.303397e-01 6.057552e-01 6.692297e-01 1.162168e+00 -3.100666e-01 -5.970804e-01 7.398335e-01 2.005219e+02
9.203876e-01 3.339594e-01 -2.033662e-01 2.402713e+01 -3.591704e-01 5.165282e-01 -7.773000e-01 1.130073e+00 -1.545423e-01 7.884604e-01 5.953544e-01 1.993222e+02
8.738899e-01 -3.926280e-01 2.866350e-01 2.405480e+01 4.289718e-02 6.496170e-01 7.590505e-01 1.087976e+00 -4.842274e-01 -6.510307e-01 5.845364e-01 1.980524e+02
9.553736e-01 -7.004434e-02 -2.869757e-01 2.406341e+01 -2.082669e-01 5.292350e-01 -8.225176e-01 1.055485e+00 2.094903e-01 8.455792e-01 4.910292e-01 1.967687e+02
8.586406e-01 -2.034925e-01 4.704542e-01 2.409560e+01 -2.431159e-01 6.463357e-01 7.232875e-01 1.024473e+00 -4.512549e-01 -7.354189e-01 5.054978e-01 1.957430e+02
9.094874e-01 -3.208899e-01 -2.643148e-01 2.409383e+01 -3.393786e-02 5.763531e-01 -8.164957e-01 9.994055e-01 4.143439e-01 7.515629e-01 5.132956e-01 1.949011e+02
8.138853e-01 -4.580796e-02 5.792171e-01 2.405243e+01 -4.388046e-01 6.049662e-01 6.644294e-01 9.815302e-01 -3.808429e-01 -7.949324e-01 4.722724e-01 1.944375e+02
8.409819e-01 -4.586336e-01 -2.870622e-01 2.394239e+01 6.284187e-02 6.097566e-01 -7.900935e-01 9.773445e-01 5.374015e-01 6.464148e-01 5.416157e-01 1.943638e+02
7.588356e-01 1.151501e-02 6.511804e-01 2.428962e+01 -5.130637e-01 6.264365e-01 5.868075e-01 9.523178e-01 -4.011661e-01 -7.793874e-01 4.812702e-01 1.942871e+02
7.551762e-01 -4.721453e-01 -4.547391e-01 2.488007e+01 -1.089293e-01 5.936762e-01 -7.972973e-01 9.101441e-01 6.464080e-01 6.516344e-01 3.968997e-01 1.933822e+02
7.830054e-01 2.028891e-02 6.216839e-01 2.499841e+01 -4.354787e-01 7.315362e-01 5.246076e-01 8.675178e-01 -4.441405e-01 -6.815007e-01 5.816322e-01 1.915850e+02
7.320025e-01 -4.910088e-01 -4.723163e-01 2.510816e+01 -9.107460e-02 6.165122e-01 -7.820602e-01 8.347405e-01 6.751872e-01 6.154861e-01 4.065700e-01 1.902262e+02
7.961033e-01 8.526625e-04 6.051601e-01 2.532203e+01 -4.266178e-01 7.100310e-01 5.602260e-01 8.000068e-01 -4.292048e-01 -7.041699e-01 5.656218e-01 1.891273e+02
6.968116e-01 -4.844076e-01 -5.289640e-01 2.562310e+01 -1.628504e-01 6.113757e-01 -7.744026e-01 7.653546e-01 6.985222e-01 6.257548e-01 3.471277e-01 1.878648e+02
8.528299e-01 -1.852385e-02 5.218602e-01 2.601217e+01 -3.535445e-01 7.149974e-01 6.031459e-01 7.220415e-01 -3.843013e-01 -6.988817e-01 6.032221e-01 1.861594e+02
4.376267e-01 -4.039131e-01 -8.033287e-01 2.673134e+01 -5.817729e-01 5.540155e-01 -5.954890e-01 6.755602e-01 6.855824e-01 7.279568e-01 7.466290e-03 1.840466e+02
8.868560e-01 -4.569555e-01 6.839601e-02 2.745386e+01 2.928473e-01 6.704009e-01 6.817647e-01 6.382899e-01 -3.573889e-01 -5.845975e-01 7.283673e-01 1.819674e+02
3.570112e-01 2.235794e-01 -9.069483e-01 2.814855e+01 -8.080665e-01 5.609834e-01 -1.797947e-01 5.965986e-01 4.685845e-01 7.970633e-01 3.809444e-01 1.800794e+02
5.985673e-01 -7.178412e-01 3.555575e-01 2.864482e+01 5.327817e-01 6.881901e-01 4.924815e-01 5.603810e-01 -5.982147e-01 -1.053488e-01 7.943808e-01 1.786365e+02
6.231165e-01 3.778371e-01 -6.848102e-01 2.890841e+01 -7.139828e-01 6.322433e-01 -3.008271e-01 5.090299e-01 3.193030e-01 6.763931e-01 6.637304e-01 1.766016e+02
6.869369e-01 -6.444009e-01 3.359543e-01 2.922693e+01 5.125131e-01 7.573304e-01 4.046986e-01 4.662928e-01 -5.152165e-01 -1.058214e-01 8.505021e-01 1.746658e+02
7.851284e-01 3.443880e-01 -5.147527e-01 2.937956e+01 -5.774188e-01 7.075956e-01 -4.073033e-01 4.208729e-01 2.239664e-01 6.170133e-01 7.544095e-01 1.727422e+02
6.546065e-01 -4.882122e-01 5.771821e-01 2.948202e+01 2.370701e-01 8.575585e-01 4.564988e-01 3.747070e-01 -7.178357e-01 -1.619944e-01 6.771039e-01 1.707211e+02
7.753722e-01 1.032881e-01 -6.230004e-01 2.956236e+01 -4.187707e-01 8.225206e-01 -3.848258e-01 3.399787e-01 4.726827e-01 5.592776e-01 6.810137e-01 1.694396e+02
5.442287e-01 -3.236126e-01 7.740091e-01 2.963274e+01 -1.685937e-02 9.182019e-01 3.957538e-01 3.010572e-01 -8.387675e-01 -2.284299e-01 4.942559e-01 1.681225e+02
8.091555e-01 -2.001229e-01 -5.524656e-01 2.969196e+01 -1.458320e-01 8.424036e-01 -5.187381e-01 2.582479e-01 5.692104e-01 5.003069e-01 6.524512e-01 1.666535e+02
5.312453e-01 -8.953928e-03 8.471708e-01 2.975204e+01 -3.010735e-01 9.326794e-01 1.986554e-01 2.155432e-01 -7.919174e-01 -3.605954e-01 4.927857e-01 1.651466e+02
