1.000000e+00 1.197625e-11 1.704638e-10 5.551115e-17 1.197625e-11 1.000000e+00 3.562503e-10 0.000000e+00 1.704638e-10 3.562503e-10 1.000000e+00 2.220446e-16 0.000000e+00 0.000000e+00 0.000000e+00 1.000000e+00
9.211001e-01 1.687982e-01 -3.508300e-01 1.069568e+00 -2.769527e-04 9.014059e-01 4.329749e-01 -2.164746e-02 3.893256e-01 -3.987161e-01 8.303319e-01 1.020740e+00
8.671455e-01 -9.748142e-02 4.884219e-01 1.199473e+00 2.584426e-01 9.263683e-01 -2.739510e-01 -3.149006e-02 -4.257535e-01 3.637844e-01 8.284895e-01 1.372313e+00
9.416551e-01 2.379981e-01 -2.379971e-01 1.346180e+00 -1.163367e-01 8.936712e-01 4.333793e-01 -4.588314e-02 3.158346e-01 -3.804060e-01 8.692179e-01 1.634233e+00
8.631007e-01 -2.044258e-01 4.618088e-01 1.460615e+00 3.477950e-01 9.036215e-01 -2.500137e-01 -5.763981e-02 -3.661910e-01 3.764018e-01 8.510146e-01 1.906213e+00
9.294323e-01 3.067035e-01 -2.051547e-01 1.386376e+00 -2.097317e-01 8.965446e-01 3.901542e-01 -5.773558e-02 3.035920e-01 -3.195945e-01 8.976030e-01 2.165244e+00
9.435124e-01 -2.730814e-01 1.876455e-01 1.149438e+00 3.206003e-01 8.954264e-01 -3.089127e-01 -3.185647e-02 -8.366442e-02 3.516222e-01 9.323959e-01 2.856213e+00
9.135784e-01 2.961095e-01 -2.787357e-01 8.807926e-01 -1.386761e-01 8.711844e-01 4.709636e-01 1.303895e-02 3.822870e-01 -3.916082e-01 8.369586e-01 4.048182e+00
8.437050e-01 -2.611863e-01 4.689815e-01 9.838696e-01 3.879580e-01 9.005014e-01 -1.964330e-01 1.563526e-02 -3.710129e-01 3.476767e-01 8.610867e-01 4.913529e+00
9.179615e-01 3.685639e-01 -1.466540e-01 1.097939e+00 -2.553969e-01 8.320409e-01 4.924229e-01 1.940427e-02 3.035115e-01 -4.145703e-01 8.579116e-01 5.905125e+00
8.413585e-01 -3.822611e-01 3.820895e-01 1.209622e+00 4.814912e-01 8.512674e-01 -2.085906e-01 1.892638e-02 -2.455243e-01 3.594721e-01 9.002764e-01 6.660360e+00
8.682409e-01 4.535043e-01 2.012253e-01 1.693287e+00 -4.943122e-01 7.558870e-01 4.292904e-01 -2.933953e-03 4.258146e-02 -4.721956e-01 8.804647e-01 7.846029e+00
7.738843e-01 -6.128439e-01 1.597672e-01 2.183641e+00 6.143320e-01 7.877148e-01 4.584386e-02 -1.242594e-02 -1.539461e-01 6.267226e-02 9.860896e-01 9.660333e+00
8.137045e-01 5.221218e-01 2.554874e-01 2.446158e+00 -5.582787e-01 8.243880e-01 9.332377e-02 -1.458978e-02 -1.618943e-01 -2.185711e-01 9.622977e-01 1.094981e+01
7.936373e-01 -6.074639e-01 -3.357870e-02 2.587264e+00 6.083100e-01 7.932237e-01 2.747947e-02 -2.213033e-02 9.942633e-03 -4.223499e-02 9.990582e-01 1.154287e+01
8.133096e-01 5.271186e-01 2.463197e-01 2.691282e+00 -5.383298e-01 8.423590e-01 -2.514735e-02 -2.969221e-02 -2.207452e-01 -1.121487e-01 9.688623e-01 1.203945e+01
8.004864e-01 -5.711993e-01 -1.815293e-01 2.723081e+00 5.908085e-01 8.029680e-01 7.866198e-02 -2.644024e-02 1.008305e-01 -1.702169e-01 9.802344e-01 1.270674e+01
8.097259e-01 5.108672e-01 2.887190e-01 2.781288e+00 -4.896542e-01 8.593765e-01 -1.473461e-01 -2.598176e-02 -3.233927e-01 -2.206251e-02 9.460076e-01 1.331467e+01
8.231921e-01 -5.120291e-01 -2.453180e-01 2.879427e+00 5.564861e-01 8.133273e-01 1.697702e-01 -3.280808e-02 1.125965e-01 -2.762695e-01 9.544617e-01 1.378113e+01
7.936480e-01 4.845626e-01 3.678613e-01 3.011879e+00 -3.779145e-01 8.665184e-01 -3.260774e-01 -4.606709e-02 -4.767635e-01 1.197706e-01 8.708339e-01 1.410524e+01
8.874221e-01 -4.137402e-01 -2.032266e-01 3.185575e+00 4.607696e-01 8.087888e-01 3.654478e-01 -6.377686e-02 1.316699e-02 -4.179471e-01 9.083760e-01 1.443263e+01
8.890859e-01 3.831932e-01 2.503780e-01 3.287381e+00 -2.645546e-01 8.765463e-01 -4.020914e-01 -7.475001e-02 -3.735466e-01 2.912552e-01 8.807005e-01 1.477478e+01
9.022630e-01 -2.854632e-01 -3.231598e-01 3.336356e+00 4.066119e-01 8.126927e-01 4.173695e-01 -7.941249e-02 1.434860e-01 -5.079777e-01 8.493353e-01 1.513583e+01
9.120556e-01 3.242282e-01 2.510589e-01 3.371749e+00 -1.907381e-01 8.774067e-01 -4.402006e-01 -8.372788e-02 -3.630062e-01 3.536009e-01 8.620864e-01 1.546329e+01
8.994538e-01 -2.012402e-01 -3.879242e-01 3.382969e+00 3.700392e-01 8.229523e-01 4.310690e-01 -8.390430e-02 2.324947e-01 -5.312738e-01 8.146744e-01 1.581990e+01
9.025822e-01 2.846719e-01 3.229665e-01 3.426930e+00 -1.190928e-01 8.860031e-01 -4.481243e-01 -8.728193e-02 -4.137177e-01 3.660060e-01 8.335930e-01 1.620088e+01
9.209501e-01 -1.372232e-01 -3.647201e-01 3.480806e+00 3.120048e-01 8.203947e-01 4.791718e-01 -9.171833e-02 2.334609e-01 -5.550877e-01 7.983568e-01 1.655974e+01
9.222236e-01 2.446145e-01 2.994453e-01 3.647961e+00 -7.477901e-02 8.726608e-01 -4.825673e-01 -1.055054e-01 -3.793571e-01 4.226427e-01 8.230804e-01 1.674994e+01
9.377832e-01 -7.439796e-02 -3.391572e-01 3.815866e+00 2.564640e-01 8.068824e-01 5.321344e-01 -1.205017e-01 2.340703e-01 -5.860083e-01 7.757611e-01 1.691303e+01
9.443693e-01 1.689409e-01 2.821803e-01 3.922454e+00 -1.331385e-02 8.769194e-01 -4.804530e-01 -1.288228e-01 -3.286175e-01 4.499681e-01 8.303850e-01 1.723153e+01
9.406852e-01 -2.663735e-02 -3.382334e-01 3.995627e+00 2.220990e-01 8.019733e-01 5.545366e-01 -1.340658e-01 2.564828e-01 -5.967656e-01 7.603206e-01 1.756734e+01
9.633426e-01 1.459371e-01 2.251077e-01 4.029446e+00 -1.377691e-02 8.648996e-01 -5.017558e-01 -1.353690e-01 -2.679203e-01 4.802614e-01 8.352052e-01 1.790415e+01
9.451902e-01 -2.904491e-02 -3.252258e-01 4.049657e+00 2.170250e-01 8.000668e-01 5.592792e-01 -1.365775e-01 2.439582e-01 -5.992073e-01 7.625188e-01 1.821013e+01
9.693107e-01 1.494089e-01 1.952276e-01 4.078471e+00 -2.737394e-02 8.547850e-01 -5.182598e-01 -1.388176e-01 -2.443103e-01 4.970106e-01 8.326421e-01 1.847728e+01
9.603609e-01 -4.839383e-02 -2.745267e-01 4.129489e+00 2.064579e-01 7.851894e-01 5.838260e-01 -1.435888e-01 1.873019e-01 -6.173619e-01 7.640565e-01 1.877103e+01
9.785820e-01 1.472887e-01 1.438169e-01 4.161480e+00 -5.058393e-02 8.492509e-01 -5.255609e-01 -1.443505e-01 -1.995458e-01 5.070296e-01 8.385121e-01 1.912892e+01
9.546592e-01 -6.572025e-02 -2.903562e-01 4.188388e+00 2.290705e-01 7.850960e-01 5.754572e-01 -1.449623e-01 1.901383e-01 -6.158775e-01 7.645537e-01 1.945799e+01
9.730198e-01 1.680125e-01 1.581273e-01 4.234823e+00 -6.708714e-02 8.617751e-01 -5.028349e-01 -1.437756e-01 -2.207527e-01 4.786600e-01 8.497958e-01 1.995829e+01
9.593005e-01 -8.239187e-02 -2.701003e-01 4.267113e+00 2.274726e-01 7.922311e-01 5.662386e-01 -1.386088e-01 1.673284e-01 -6.046334e-01 7.787296e-01 2.055137e+01
9.795932e-01 1.606396e-01 1.207980e-01 4.321488e+00 -7.254412e-02 8.430848e-01 -5.328653e-01 -1.444764e-01 -1.874423e-01 5.132280e-01 8.375335e-01 2.072796e+01
9.755335e-01 -1.085397e-01 -1.911897e-01 4.410309e+00 2.025013e-01 7.822132e-01 5.891823e-01 -1.553407e-01 8.560143e-02 -6.134832e-01 7.850546e-01 2.084249e+01
9.872225e-01 1.387617e-01 7.833870e-02 4.453980e+00 -8.173141e-02 8.629686e-01 -4.986031e-01 -1.538925e-01 -1.367909e-01 4.858295e-01 8.632832e-01 2.136873e+01
9.758899e-01 -1.136960e-01 -1.863120e-01 4.457629e+00 2.007608e-01 8.025147e-01 5.618410e-01 -1.494752e-01 8.563909e-02 -5.856991e-01 8.059916e-01 2.185639e+01
9.879532e-01 1.541446e-01 1.370534e-02 4.457393e+00 -1.235275e-01 8.388574e-01 -5.301501e-01 -1.547493e-01 -9.321658e-02 5.220706e-01 8.477930e-01 2.190523e+01
9.825100e-01 -1.707882e-01 -7.419869e-02 4.489859e+00 1.824446e-01 8.031965e-01 5.670885e-01 -1.666796e-01 -3.725589e-02 -5.707073e-01 8.203080e-01 2.182013e+01
9.920802e-01 1.255058e-01 5.023842e-03 4.535573e+00 -1.059447e-01 8.576020e-01 -5.032837e-01 -1.765596e-01 -6.747348e-02 4.987655e-01 8.641066e-01 2.191877e+01
9.819729e-01 -1.583698e-01 -1.031903e-01 4.562488e+00 1.888067e-01 7.957608e-01 5.754275e-01 -1.809048e-01 -9.015536e-03 -5.845372e-01 8.113168e-01 2.214571e+01
9.901237e-01 1.401090e-01 -4.952132e-03 4.722947e+00 -1.260755e-01 8.743910e-01 -4.685566e-01 -1.908818e-01 -6.131889e-02 4.645533e-01 8.834196e-01 2.251330e+01
9.846838e-01 -1.675215e-01 -4.831440e-02 4.929816e+00 1.620630e-01 7.772632e-01 6.079453e-01 -2.015035e-01 -6.429091e-02 -6.064638e-01 7.925076e-01 2.302528e+01
9.899056e-01 1.135486e-01 -8.481478e-02 5.023683e+00 -1.406489e-01 8.607512e-01 -4.892088e-01 -2.065468e-01 1.745546e-02 4.961997e-01 8.680329e-01 2.338860e+01
9.796047e-01 -1.925011e-01 -5.760250e-02 5.061102e+00 1.914134e-01 8.068193e-01 5.589308e-01 -2.118656e-01 -6.111998e-02 -5.585571e-01 8.272112e-01 2.354140e+01
9.832162e-01 1.510763e-01 -1.022830e-01 5.071069e+00 -1.820860e-01 8.476803e-01 -4.982799e-01 -2.177617e-01 1.142502e-02 5.085411e-01 8.609619e-01 2.361851e+01
9.746846e-01 -2.194356e-01 -4.287093e-02 5.090824e+00 2.059971e-01 8.068115e-01 5.537332e-01 -2.262936e-01 -8.692003e-02 -5.485465e-01 8.315898e-01 2.361609e+01
9.746487e-01 1.753159e-01 -1.390115e-01 5.040963e+00 -2.218038e-01 8.386670e-01 -4.974342e-01 -2.296851e-01 2.937622e-02 5.156569e-01 8.562914e-01 2.363058e+01
9.593934e-01 -2.635246e-01 -1.005935e-01 4.986283e+00 2.749607e-01 7.941467e-01 5.419665e-01 -2.277296e-01 -6.293545e-02 -5.476183e-01 8.343580e-01 2.379741e+01
9.477287e-01 2.485453e-01 -2.000888e-01 4.888551e+00 -3.134087e-01 8.427955e-01 -4.375736e-01 -2.187310e-01 5.987709e-02 4.774107e-01 8.766378e-01 2.414284e+01
9.337732e-01 -3.517718e-01 -6.575821e-02 4.830132e+00 3.330412e-01 7.869587e-01 5.194031e-01 -2.098954e-01 -1.309624e-01 -5.069049e-01 8.519955e-01 2.462052e+01
9.304101e-01 2.995790e-01 -2.111622e-01 4.740712e+00 -3.632063e-01 8.309026e-01 -4.215235e-01 -1.995509e-01 4.917563e-02 4.688852e-01 8.818891e-01 2.503354e+01
8.968837e-01 -4.122611e-01 -1.601261e-01 4.482163e+00 4.359610e-01 7.631960e-01 4.769380e-01 -1.691896e-01 -7.441544e-02 -4.975667e-01 8.642278e-01 2.579678e+01
8.866084e-01 4.273632e-01 -1.768790e-01 4.356591e+00 -4.609061e-01 7.844281e-01 -4.150157e-01 -1.374783e-01 -3.861352e-02 4.494810e-01 8.924549e-01 2.685990e+01
8.758508e-01 -4.689484e-01 -1.138981e-01 4.745873e+00 4.325710e-01 6.582754e-01 6.160810e-01 -1.534694e-01 -2.139339e-01 -5.888640e-01 7.794045e-01 2.753474e+01
9.204971e-01 3.853503e-01 -6.473219e-02 4.842034e+00 -3.657508e-01 7.913996e-01 -4.898093e-01 -1.533540e-01 -1.375191e-01 4.745438e-01 8.694232e-01 2.826354e+01
8.731346e-01 -3.958424e-01 -2.845079e-01 4.674016e+00 4.862357e-01 7.488533e-01 4.503261e-01 -1.294742e-01 3.479653e-02 -5.315332e-01 8.463224e-01 2.895182e+01
8.949960e-01 4.388556e-01 -7.992415e-02 4.435950e+00 -4.330676e-01 8.118883e-01 -3.915224e-01 -9.912969e-02 -1.069323e-01 3.850236e-01 9.166910e-01 2.974303e+01
8.585885e-01 -4.825269e-01 -1.731864e-01 4.283916e+00 5.097826e-01 7.677961e-01 3.880861e-01 -7.576511e-02 -5.429019e-02 -4.214937e-01 9.052048e-01 3.048124e+01
8.796221e-01 4.698031e-01 -7.449803e-02 4.166981e+00 -4.639412e-01 8.127710e-01 -3.523662e-01 -5.620492e-02 -1.049929e-01 3.445118e-01 9.328923e-01 3.120270e+01
8.465326e-01 -4.998460e-01 -1.831297e-01 4.157694e+00 5.286977e-01 7.492754e-01 3.988296e-01 -4.981226e-02 -6.213881e-02 -4.344425e-01 8.985536e-01 3.170537e+01
8.720842e-01 4.879808e-01 -3.665978e-02 4.238097e+00 -4.701043e-01 8.146158e-01 -3.397103e-01 -5.691287e-02 -1.359085e-01 3.134899e-01 9.398154e-01 3.193612e+01
8.523088e-01 -5.118747e-01 -1.074898e-01 4.340659e+00 5.096749e-01 7.666448e-01 3.904962e-01 -7.231201e-02 -1.174787e-01 -3.876082e-01 9.143078e-01 3.190557e+01
8.764899e-01 4.755070e-01 -7.522287e-02 4.351984e+00 -4.769574e-01 8.364725e-01 -2.698617e-01 -7.235054e-02 -6.539928e-02 2.724092e-01 9.599563e-01 3.231892e+01
8.447185e-01 -5.052478e-01 -1.765654e-01 4.320625e+00 5.342940e-01 7.767603e-01 3.334268e-01 -6.099944e-02 -3.131416e-02 -3.759896e-01 9.260946e-01 3.297643e+01
7.760951e-01 5.567389e-01 -2.961727e-01 4.064752e+00 -5.606109e-01 8.241820e-01 8.024654e-02 -5.490081e-03 2.887766e-01 1.037587e-01 9.517574e-01 3.469734e+01
6.821665e-01 -5.145813e-01 -5.194756e-01 3.465484e+00 4.925461e-01 8.484641e-01 -1.936671e-01 1.206114e-01 5.404139e-01 -1.237525e-01 8.322489e-01 3.783019e+01
8.963178e-01 4.387658e-01 -6.402320e-02 2.884146e+00 -3.784717e-01 8.322587e-01 4.050983e-01 2.429150e-01 2.310271e-01 -3.388659e-01 9.120287e-01 4.065728e+01
9.019941e-01 -4.233514e-01 -8.473593e-02 2.651601e+00 3.722316e-01 8.619666e-01 -3.441761e-01 3.030838e-01 2.187470e-01 2.789034e-01 9.350736e-01 4.247588e+01
9.480774e-01 3.180014e-01 4.941026e-03 2.621890e+00 -2.871174e-01 8.491121e-01 4.433646e-01 3.128065e-01 1.367951e-01 -4.217626e-01 8.963277e-01 4.286185e+01
9.405118e-01 -3.352508e-01 5.517683e-02 2.694994e+00 3.161687e-01 8.041262e-01 -5.034069e-01 2.966704e-01 1.243984e-01 4.909053e-01 8.622859e-01 4.240581e+01
9.469411e-01 2.804169e-01 1.570635e-01 2.863838e+00 -3.150983e-01 7.136096e-01 6.256791e-01 2.962417e-01 6.336898e-02 -6.419717e-01 7.641051e-01 4.330134e+01
9.241432e-01 -3.559038e-01 -1.388952e-01 2.825824e+00 2.448060e-01 8.307599e-01 -4.999081e-01 3.231778e-01 2.933078e-01 4.279843e-01 8.548684e-01 4.467542e+01
9.778317e-01 2.093820e-01 2.067508e-03 2.600698e+00 -1.711277e-01 7.934128e-01 5.841331e-01 3.640766e-01 1.206666e-01 -5.715377e-01 8.116553e-01 4.580528e+01
9.649632e-01 -2.457996e-01 9.180692e-02 2.579572e+00 2.595739e-01 8.432008e-01 -4.707800e-01 3.823060e-01 3.830584e-02 4.781160e-01 8.774609e-01 4.678526e+01
9.657392e-01 1.542262e-01 2.087152e-01 2.635960e+00 -2.481057e-01 7.845371e-01 5.682827e-01 3.854760e-01 -7.610068e-02 -6.005963e-01 7.959226e-01 4.755724e+01
9.452671e-01 -3.116284e-01 -9.673616e-02 2.533478e+00 2.172669e-01 8.223024e-01 -5.259410e-01 4.044101e-01 2.434445e-01 4.761372e-01 8.450019e-01 4.838070e+01
9.783334e-01 1.491085e-01 1.436326e-01 2.382733e+00 -2.051881e-01 7.907860e-01 5.766761e-01 4.318531e-01 -2.759532e-02 -5.936532e-01 8.042477e-01 4.929836e+01
9.642768e-01 -2.461356e-01 -9.791585e-02 2.216350e+00 1.620488e-01 8.405158e-01 -5.169849e-01 4.663336e-01 2.095482e-01 4.826494e-01 8.503759e-01 5.050609e+01
9.798115e-01 8.282156e-02 1.819615e-01 2.044183e+00 -1.749506e-01 7.956831e-01 5.798971e-01 5.035348e-01 -9.675570e-02 -6.000242e-01 7.941092e-01 5.180263e+01
9.561169e-01 -2.205604e-01 -1.928562e-01 1.853096e+00 8.441207e-02 8.377065e-01 -5.395576e-01 5.391709e-01 2.805620e-01 4.996008e-01 8.195633e-01 5.292646e+01
9.613845e-01 -1.813335e-02 2.746107e-01 1.690664e+00 -1.534004e-01 7.931338e-01 5.894125e-01 5.697006e-01 -2.284910e-01 -6.087774e-01 7.597249e-01 5.401167e+01
9.439667e-01 -2.068818e-01 -2.571513e-01 1.484968e+00 2.761495e-02 8.259276e-01 -5.630995e-01 6.030082e-01 3.288834e-01 5.244460e-01 7.853611e-01 5.501651e+01
9.253845e-01 -6.463878e-02 3.734774e-01 1.326202e+00 -1.706191e-01 8.088348e-01 5.627392e-01 6.280079e-01 -3.384563e-01 -5.844725e-01 7.374545e-01 5.589537e+01
9.085102e-01 -2.141927e-01 -3.587907e-01 1.146698e+00 -5.633008e-03 8.522770e-01 -5.230604e-01 6.549779e-01 4.178248e-01 4.772267e-01 7.730958e-01 5.678656e+01
9.336273e-01 -8.911049e-02 3.469861e-01 9.479458e-01 -1.237144e-01 8.287860e-01 5.457184e-01 6.863738e-01 -3.362064e-01 -5.524247e-01 7.627530e-01 5.773048e+01
9.316050e-01 -1.617574e-01 -3.254945e-01 8.108616e-01 -1.963827e-02 8.718054e-01 -4.894586e-01 7.105194e-01 3.629414e-01 4.623742e-01 8.090016e-01 5.862151e+01
9.013162e-01 -1.054652e-01 4.201263e-01 7.409190e-01 -1.384194e-01 8.489251e-01 5.100650e-01 7.246118e-01 -4.104499e-01 -5.178835e-01 7.505515e-01 5.934455e+01
8.811007e-01 -1.672732e-01 -4.423588e-01 7.374374e-01 -4.972394e-02 8.974097e-01 -4.383872e-01 7.242747e-01 4.703075e-01 4.082591e-01 7.823908e-01 5.963325e+01
8.797927e-01 -1.373409e-01 4.550848e-01 7.767459e-01 -1.206841e-01 8.614516e-01 4.932916e-01 7.204994e-01 -4.597827e-01 -4.889158e-01 7.413240e-01 5.993191e+01
8.403565e-01 -1.246699e-01 -5.275020e-01 7.801267e-01 -1.135595e-01 9.110976e-01 -3.962391e-01 7.220221e-01 5.300049e-01 3.928849e-01 7.514894e-01 6.029452e+01
8.632254e-01 -2.031349e-01 4.621451e-01 8.253175e-01 -5.753607e-02 8.699129e-01 4.898380e-01 7.192770e-01 -5.015292e-01 -4.494306e-01 7.392433e-01 6.059951e+01
8.839467e-01 1.202357e-02 -4.674330e-01 1.020100e+00 -1.569423e-01 9.493070e-01 -2.723697e-01 7.124604e-01 4.404626e-01 3.141203e-01 8.410239e-01 6.133369e+01
8.764421e-01 -3.284202e-01 3.521213e-01 1.225749e+00 1.009408e-01 8.403585e-01 5.325491e-01 7.121513e-01 -4.708080e-01 -4.312050e-01 7.696766e-01 6.224223e+01
8.862832e-01 1.254485e-01 -4.458304e-01 1.302656e+00 -2.662036e-01 9.257024e-01 -2.687205e-01 7.126733e-01 3.789957e-01 3.568441e-01 8.538293e-01 6.287722e+01
8.920107e-01 -3.539756e-01 2.811019e-01 1.184548e+00 2.062937e-01 8.721481e-01 4.436221e-01 7.411375e-01 -4.021939e-01 -3.377261e-01 8.509883e-01 6.393188e+01
9.319979e-01 1.833447e-01 -3.126735e-01 1.154992e+00 -2.746433e-01 9.201545e-01 -2.790820e-01 7.511481e-01 2.365397e-01 3.459775e-01 9.079364e-01 6.463226e+01
9.295227e-01 -2.856656e-01 2.332009e-01 1.218592e+00 1.995602e-01 9.214509e-01 3.333226e-01 7.326037e-01 -3.101020e-01 -2.632933e-01 9.135170e-01 6.428235e+01
8.993734e-01 1.517848e-01 -4.099865e-01 1.518363e+00 -2.482900e-01 9.492140e-01 -1.932483e-01 7.111151e-01 3.598327e-01 2.755980e-01 8.913844e-01 6.413889e+01
9.279233e-01 -3.501023e-01 1.280110e-01 2.074840e+00 2.302698e-01 8.083939e-01 5.417334e-01 6.929315e-01 -2.931454e-01 -4.732100e-01 8.307455e-01 6.522850e+01
8.384505e-01 3.035751e-01 -4.525957e-01 2.435723e+00 -3.832411e-01 9.188905e-01 -9.362981e-02 6.883275e-01 3.874622e-01 2.519572e-01 8.867867e-01 6.598667e+01
8.869904e-01 -4.253330e-01 1.798329e-01 2.290338e+00 3.731175e-01 8.895504e-01 2.635972e-01 7.017779e-01 -2.720870e-01 -1.667094e-01 9.477218e-01 6.641174e+01
6.405787e-01 4.987677e-01 -5.838576e-01 2.079155e+00 -4.739789e-01 8.550309e-01 2.103954e-01 7.527111e-01 6.041547e-01 1.419614e-01 7.841199e-01 6.805824e+01
7.390664e-01 -6.451947e-01 1.936612e-01 2.064628e+00 6.263685e-01 7.639876e-01 1.548726e-01 7.910868e-01 -2.478777e-01 6.842128e-03 9.687672e-01 6.947993e+01
7.734200e-01 6.074242e-01 -1.812661e-01 2.165547e+00 -6.033117e-01 7.931168e-01 8.355103e-02 7.815827e-01 1.945161e-01 4.473991e-02 9.798785e-01 6.968644e+01
7.279908e-01 -6.683001e-01 1.529851e-01 2.248298e+00 6.552823e-01 7.438774e-01 1.313453e-01 7.725779e-01 -2.015802e-01 4.630224e-03 9.794611e-01 6.987878e+01
7.738486e-01 6.260358e-01 -9.611265e-02 2.307723e+00 -6.222073e-01 7.797705e-01 6.939729e-02 7.676649e-01 1.183910e-01 6.099007e-03 9.929483e-01 7.023269e+01
7.259354e-01 -6.850269e-01 6.128632e-02 2.728505e+00 6.118989e-01 6.839750e-01 3.971876e-01 7.555162e-01 -3.140025e-01 -2.508315e-01 9.156888e-01 7.166192e+01
7.927620e-01 6.047303e-01 -7.635218e-02 3.049605e+00 -6.093663e-01 7.892190e-01 -7.619729e-02 7.608334e-01 1.417978e-02 1.069328e-01 9.941651e-01 7.318958e+01
7.608887e-01 -6.395444e-01 -1.096874e-01 3.438042e+00 6.114985e-01 6.501846e-01 4.509208e-01 7.557220e-01 -2.170668e-01 -4.101742e-01 8.857986e-01 7.472900e+01
7.784113e-01 6.022166e-01 -1.772315e-01 3.470436e+00 -6.262365e-01 7.645613e-01 -1.525578e-01 7.822445e-01 4.363155e-02 2.297416e-01 9.722732e-01 7.595917e+01
7.327691e-01 -6.571538e-01 -1.766306e-01 3.120270e+00 6.607540e-01 7.491834e-01 -4.613357e-02 8.089853e-01 1.626456e-01 -8.290414e-02 9.831955e-01 7.610295e+01
7.510850e-01 6.379693e-01 1.699014e-01 3.333079e+00 -6.471499e-01 7.623607e-01 -1.754595e-03 7.951326e-01 -1.306455e-01 -1.086338e-01 9.854595e-01 7.627685e+01
7.473479e-01 -5.690201e-01 -3.430558e-01 4.278792e+00 6.125181e-01 7.900965e-01 2.385408e-02 7.546581e-01 2.574737e-01 -2.279552e-01 9.390121e-01 7.675578e+01
7.926747e-01 5.266998e-01 3.070085e-01 4.715979e+00 -5.653106e-01 8.235543e-01 4.671382e-02 7.399500e-01 -2.282340e-01 -2.105840e-01 9.505596e-01 7.728743e+01
7.737218e-01 -5.674828e-01 -2.816344e-01 4.719314e+00 5.281168e-01 8.232945e-01 -2.080356e-01 7.327540e-01 3.499247e-01 1.222582e-02 9.366981e-01 7.729037e+01
8.206212e-01 4.419711e-01 3.622740e-01 4.896776e+00 -5.010241e-01 8.613381e-01 8.409233e-02 7.187207e-01 -2.748740e-01 -2.505159e-01 9.282705e-01 7.741731e+01
7.838081e-01 -4.920205e-01 -3.788940e-01 5.081647e+00 4.792432e-01 8.672672e-01 -1.348094e-01 7.090501e-01 3.949313e-01 -7.591767e-02 9.155685e-01 7.778686e+01
8.065309e-01 3.697442e-01 4.612994e-01 5.207646e+00 -4.435442e-01 8.943310e-01 5.865673e-02 7.033348e-01 -3.908664e-01 -2.519151e-01 8.853035e-01 7.826458e+01
8.445504e-01 -3.725078e-01 -3.846720e-01 5.484458e+00 4.343873e-01 8.966699e-01 8.538563e-02 7.016547e-01 3.131170e-01 -2.392091e-01 9.190956e-01 7.963472e+01
7.953254e-01 2.076245e-01 5.695170e-01 5.623092e+00 -2.330919e-01 9.720266e-01 -2.885366e-02 7.198882e-01 -5.595764e-01 -1.098017e-01 8.214730e-01 8.136835e+01
8.675547e-01 -1.278342e-01 -4.806322e-01 5.860359e+00 2.539131e-01 9.448108e-01 2.070281e-01 7.327609e-01 4.276412e-01 -3.016470e-01 8.521338e-01 8.317441e+01
7.844910e-01 3.019230e-02 6.194048e-01 6.100724e+00 1.052207e-02 9.980223e-01 -6.197410e-02 7.377550e-01 -6.200509e-01 5.513554e-02 7.826218e-01 8.456720e+01
8.068338e-01 2.228993e-02 -5.903578e-01 6.158044e+00 9.672587e-02 9.808193e-01 1.692263e-01 7.323189e-01 5.828064e-01 -1.936404e-01 7.892022e-01 8.484657e+01
8.089268e-01 5.745381e-03 5.878813e-01 6.197488e+00 7.330784e-02 9.911623e-01 -1.105585e-01 7.272204e-01 -5.833210e-01 1.325301e-01 8.013566e-01 8.507166e+01
7.474347e-01 1.556446e-01 -6.458453e-01 6.882083e+00 2.355233e-02 9.653483e-01 2.598998e-01 6.965200e-01 6.639177e-01 -2.094693e-01 7.178690e-01 8.514984e+01
8.028399e-01 -3.908647e-02 5.949120e-01 7.516523e+00 1.127153e-01 9.898043e-01 -8.707902e-02 6.665952e-01 -5.854429e-01 1.369662e-01 7.990600e-01 8.511161e+01
7.324944e-01 3.026915e-01 -6.097786e-01 8.638679e+00 3.942591e-02 8.753497e-01 4.818801e-01 6.276298e-01 6.796305e-01 -3.770155e-01 6.292548e-01 8.617789e+01
9.907300e-01 -1.316602e-01 -3.346168e-02 9.214803e+00 1.307409e-01 9.910118e-01 -2.832897e-02 6.527444e-01 3.689072e-02 2.369155e-02 9.990384e-01 8.793902e+01
7.659261e-01 2.010716e-01 -6.106778e-01 8.861707e+00 -1.320684e-01 9.787872e-01 1.566320e-01 7.180392e-01 6.292179e-01 -3.931733e-02 7.762339e-01 8.885312e+01
7.681739e-01 -2.513656e-01 5.888329e-01 8.952213e+00 2.573871e-01 9.633570e-01 7.546585e-02 7.105281e-01 -5.862259e-01 9.358711e-02 8.047240e-01 8.912746e+01
7.323337e-01 2.966818e-01 -6.129170e-01 8.977716e+00 -1.951534e-01 9.537830e-01 2.285018e-01 7.098824e-01 6.523822e-01 -4.772676e-02 7.563859e-01 8.947034e+01
8.052767e-01 -3.618962e-01 4.696388e-01 9.778311e+00 3.190321e-01 9.321422e-01 1.712584e-01 6.786849e-01 -4.997479e-01 1.191950e-02 8.660889e-01 9.021177e+01
5.496036e-01 6.082194e-01 -5.727173e-01 1.098700e+01 -4.046674e-01 7.935650e-01 4.544214e-01 6.381451e-01 7.308763e-01 -1.799161e-02 6.822728e-01 9.085966e+01
7.989607e-01 -5.161846e-01 3.085695e-01 1.176569e+01 5.583610e-01 8.272922e-01 -6.181091e-02 6.106112e-01 -2.233713e-01 2.216777e-01 9.491914e-01 9.098710e+01
5.440983e-01 6.540161e-01 -5.255664e-01 1.197345e+01 -2.958726e-01 7.357263e-01 6.092341e-01 6.142411e-01 7.851219e-01 -1.759825e-01 5.938128e-01 9.110359e+01
5.916649e-01 -3.860764e-01 7.077271e-01 1.196410e+01 6.610307e-01 7.348535e-01 -1.517521e-01 6.177049e-01 -4.614878e-01 5.576157e-01 6.899954e-01 9.153295e+01
6.026882e-01 7.072899e-01 -3.694698e-01 1.201828e+01 -3.504859e-01 6.505857e-01 6.737195e-01 6.241814e-01 7.168867e-01 -2.765489e-01 6.399954e-01 9.232094e+01
5.228281e-01 -5.750328e-01 6.292758e-01 1.223733e+01 7.523241e-01 6.583761e-01 -2.343692e-02 6.303231e-01 -4.008232e-01 4.856728e-01 7.768286e-01 9.375099e+01
5.971764e-01 7.893613e-01 -1.424402e-01 1.241192e+01 -5.901967e-01 5.526788e-01 5.883996e-01 6.459791e-01 5.431835e-01 -2.673106e-01 7.959251e-01 9.537238e+01
3.787803e-01 -8.165307e-01 4.356640e-01 1.289251e+01 8.455852e-01 4.966757e-01 1.957010e-01 6.357769e-01 -3.761796e-01 2.942633e-01 8.785773e-01 9.709040e+01
5.087326e-01 8.606550e-01 -2.154204e-02 1.319741e+01 -8.388953e-01 5.011841e-01 2.122951e-01 6.321519e-01 1.935094e-01 -8.992991e-02 9.769681e-01 9.836439e+01
4.653050e-01 -8.777862e-01 1.139418e-01 1.345356e+01 8.784807e-01 4.737295e-01 6.206469e-02 6.185628e-01 -1.084571e-01 7.121667e-02 9.915469e-01 9.880646e+01
5.125462e-01 8.572184e-01 4.972943e-02 1.362024e+01 -8.580674e-01 5.091822e-01 6.673741e-02 6.047613e-01 3.188719e-02 -7.687721e-02 9.965305e-01 9.910188e+01
4.607388e-01 -8.830418e-01 -8.920193e-02 1.372752e+01 8.872439e-01 4.608323e-01 2.077840e-02 6.005130e-01 2.275894e-02 -8.871729e-02 9.957968e-01 9.961181e+01
5.108268e-01 8.395509e-01 1.849604e-01 1.385709e+01 -8.474702e-01 5.279139e-01 -5.568811e-02 5.957068e-01 -1.443962e-01 -1.283015e-01 9.811669e-01 1.001671e+02
5.205895e-01 -8.045730e-01 -2.857426e-01 1.434276e+01 8.538071e-01 4.904993e-01 1.744244e-01 5.732685e-01 -1.806219e-04 -3.347725e-01 9.422989e-01 1.011670e+02
5.469877e-01 7.628350e-01 3.448003e-01 1.482543e+01 -7.463730e-01 6.309224e-01 -2.118120e-01 5.591571e-01 -3.791198e-01 -1.414910e-01 9.144662e-01 1.024814e+02
4.900901e-01 -6.517949e-01 -5.787703e-01 1.509534e+01 8.099446e-01 5.859305e-01 2.598489e-02 5.534712e-01 3.221824e-01 -4.815068e-01 8.150765e-01 1.034168e+02
5.354108e-01 6.672457e-01 5.178016e-01 1.523567e+01 -6.052519e-01 7.307206e-01 -3.157808e-01 5.583683e-01 -5.890717e-01 -1.443280e-01 7.950874e-01 1.044962e+02
4.629044e-01 -5.080515e-01 -7.263630e-01 1.520732e+01 7.053789e-01 7.073849e-01 -4.524596e-02 5.797184e-01 5.368055e-01 -4.914166e-01 6.858204e-01 1.056305e+02
5.293186e-01 5.970006e-01 6.028367e-01 1.517446e+01 -5.004674e-01 7.934595e-01 -3.463443e-01 5.989954e-01 -6.850943e-01 -1.183737e-01 7.187722e-01 1.066262e+02
4.949136e-01 -3.910701e-01 -7.759670e-01 1.527263e+01 6.327798e-01 7.742159e-01 1.340082e-02 6.051747e-01 5.955253e-01 -4.976484e-01 6.306312e-01 1.075312e+02
5.168360e-01 4.349783e-01 7.373428e-01 1.537953e+01 -3.052715e-01 8.983185e-01 -3.159640e-01 6.097041e-01 -7.998062e-01 -6.178816e-02 5.970698e-01 1.084582e+02
5.564103e-01 -2.154476e-01 -8.024898e-01 1.539353e+01 4.930272e-01 8.630133e-01 1.101463e-01 6.234753e-01 6.688286e-01 -4.569358e-01 5.864111e-01 1.094521e+02
4.901698e-01 3.094450e-01 8.148481e-01 1.566210e+01 -1.208202e-01 9.499557e-01 -2.880741e-01 6.164747e-01 -8.632126e-01 4.275509e-02 5.030268e-01 1.103619e+02
5.703780e-01 8.629558e-03 -8.213370e-01 1.585805e+01 3.596510e-01 8.963694e-01 2.591778e-01 6.060893e-01 7.384579e-01 -4.432240e-01 5.081658e-01 1.109443e+02
4.965555e-01 1.807317e-01 8.489810e-01 1.595513e+01 1.251643e-01 9.529524e-01 -2.760719e-01 6.050997e-01 -8.589334e-01 2.433472e-01 4.505726e-01 1.116417e+02
5.364868e-01 2.201215e-01 -8.146953e-01 1.599171e+01 2.277698e-01 8.917884e-01 3.909404e-01 6.106390e-01 8.125902e-01 -3.952974e-01 4.282957e-01 1.123568e+02
4.839633e-01 6.773434e-02 8.724630e-01 1.602563e+01 3.053795e-01 9.212500e-01 -2.409188e-01 6.166749e-01 -8.200749e-01 3.830282e-01 4.251665e-01 1.130972e+02
5.755687e-01 3.794332e-01 -7.243970e-01 1.608526e+01 8.728782e-02 8.522707e-01 5.157668e-01 6.194265e-01 8.130815e-01 -3.600903e-01 4.574205e-01 1.137832e+02
4.671733e-01 -8.405553e-02 8.801612e-01 1.617862e+01 4.788954e-01 8.608620e-01 -1.719763e-01 6.175907e-01 -7.432418e-01 5.018479e-01 4.424255e-01 1.144188e+02
5.906263e-01 5.428575e-01 -5.970480e-01 1.628180e+01 -9.765923e-02 7.825348e-01 6.149000e-01 6.144007e-01 8.010139e-01 -3.048689e-01 5.152007e-01 1.150353e+02
4.789008e-01 -2.683297e-01 8.358548e-01 1.639369e+01 6.269825e-01 7.709803e-01 -1.117245e-01 6.102178e-01 -6.144486e-01 5.775713e-01 5.374611e-01 1.156231e+02
6.118225e-01 6.656607e-01 -4.272810e-01 1.650257e+01 -3.130433e-01 6.998458e-01 6.420434e-01 6.052204e-01 7.264139e-01 -2.590591e-01 6.365621e-01 1.162142e+02
4.365864e-01 -4.642100e-01 7.706500e-01 1.658397e+01 7.489852e-01 6.620961e-01 -2.549159e-02 6.021210e-01 -4.984109e-01 5.883347e-01 6.367486e-01 1.168154e+02
5.850461e-01 7.591267e-01 -2.853906e-01 1.665721e+01 -5.345817e-01 6.256030e-01 5.681930e-01 6.006195e-01 6.098717e-01 -1.798545e-01 7.718218e-01 1.174638e+02
4.190256e-01 -6.543951e-01 6.294320e-01 1.674676e+01 8.186206e-01 5.721642e-01 4.988372e-02 5.974555e-01 -3.927821e-01 4.943635e-01 7.754528e-01 1.180633e+02
4.093139e-01 8.622410e-01 -2.983330e-01 1.732044e+01 -6.402368e-01 5.043917e-01 5.793840e-01 5.706712e-01 6.500453e-01 -4.614618e-02 7.584930e-01 1.183677e+02
4.550714e-01 -6.881669e-01 5.650986e-01 1.817122e+01 8.337116e-01 5.521990e-01 1.073724e-03 5.301191e-01 -3.127858e-01 4.706406e-01 8.250227e-01 1.183175e+02
5.341867e-01 8.361856e-01 -1.242506e-01 1.832820e+01 -7.114363e-01 5.240636e-01 4.682048e-01 5.205570e-01 4.566213e-01 -1.617124e-01 8.748406e-01 1.188095e+02
4.536990e-01 -7.981302e-01 3.964156e-01 1.847702e+01 8.741237e-01 4.851246e-01 -2.370355e-02 5.116148e-01 -1.733924e-01 3.572706e-01 9.177651e-01 1.192269e+02
5.302151e-01 8.454081e-01 6.447604e-02 1.868066e+01 -8.313262e-01 5.034223e-01 2.355052e-01 4.975183e-01 1.666393e-01 -1.784690e-01 9.697320e-01 1.196349e+02
3.967024e-01 -8.825469e-01 2.524642e-01 1.920041e+01 8.808039e-01 4.434152e-01 1.660341e-01 4.696253e-01 -2.584794e-01 1.565053e-01 9.532547e-01 1.199457e+02
4.376526e-01 8.990907e-01 -9.803156e-03 1.967383e+01 -8.961293e-01 4.370513e-01 7.706088e-02 4.418291e-01 7.356920e-02 -2.494100e-02 9.969782e-01 1.202349e+02
3.778044e-01 -9.258755e-01 -4.300093e-03 1.978047e+01 9.227164e-01 3.761232e-01 8.441469e-02 4.345451e-01 -7.654013e-02 -3.586000e-02 9.964214e-01 1.206130e+02
4.291854e-01 9.020475e-01 4.593652e-02 1.989895e+01 -9.032142e-01 4.287423e-01 1.960154e-02 4.280916e-01 -2.013406e-03 -4.990321e-02 9.987520e-01 1.210296e+02
3.645009e-01 -9.157245e-01 -1.690793e-01 2.016297e+01 9.310909e-01 3.555806e-01 8.143868e-02 4.187806e-01 -1.445407e-02 -1.871127e-01 9.822321e-01 1.216658e+02
3.570273e-01 9.227461e-01 1.451592e-01 2.041570e+01 -9.149507e-01 3.767620e-01 -1.446224e-01 4.127920e-01 -1.881403e-01 -8.117939e-02 9.787815e-01 1.220795e+02
3.189559e-01 -9.165011e-01 -2.414393e-01 2.052162e+01 9.474557e-01 3.148865e-01 5.634008e-02 4.023426e-01 2.439024e-02 -2.467230e-01 9.687791e-01 1.223555e+02
3.693445e-01 9.171641e-01 1.496482e-01 2.065766e+01 -8.888107e-01 3.956564e-01 -2.312390e-01 3.921065e-01 -2.712934e-01 -4.760208e-02 9.613188e-01 1.226680e+02
3.328085e-01 -8.795269e-01 -3.401043e-01 2.076736e+01 9.340209e-01 3.570928e-01 -9.475529e-03 3.809697e-01 1.297828e-01 -3.145109e-01 9.403400e-01 1.227726e+02
3.791857e-01 8.947689e-01 2.358109e-01 2.085166e+01 -8.319425e-01 4.412271e-01 -3.364375e-01 3.690242e-01 -4.050800e-01 -6.860882e-02 9.117034e-01 1.229046e+02
3.408284e-01 -8.184853e-01 -4.625124e-01 2.093923e+01 9.151598e-01 4.014732e-01 -3.608014e-02 3.583723e-01 2.152174e-01 -4.109756e-01 8.858784e-01 1.229878e+02
3.666461e-01 8.989066e-01 2.398697e-01 2.096921e+01 -7.555094e-01 4.381323e-01 -4.870787e-01 3.410713e-01 -5.429330e-01 -2.638278e-03 8.397719e-01 1.226615e+02
3.633125e-01 -7.872905e-01 -4.981743e-01 2.103569e+01 9.162043e-01 3.989318e-01 3.772439e-02 3.200960e-01 1.690375e-01 -4.701352e-01 8.662559e-01 1.221552e+02
4.032371e-01 9.081823e-01 1.122704e-01 2.108599e+01 -7.605916e-01 4.008409e-01 -5.107123e-01 2.978266e-01 -5.088224e-01 1.205463e-01 8.523898e-01 1.214845e+02
3.572131e-01 -7.687528e-01 -5.304883e-01 2.113810e+01 9.320969e-01 3.298549e-01 1.496365e-01 2.857130e-01 5.995070e-02 -5.479186e-01 8.343807e-01 1.213833e+02
3.960225e-01 9.145976e-01 8.171495e-02 2.116433e+01 -7.579467e-01 3.758285e-01 -5.331695e-01 2.741429e-01 -5.183464e-01 1.492116e-01 8.420528e-01 1.212663e+02
3.580403e-01 -7.458090e-01 -5.617616e-01 2.120061e+01 9.332215e-01 3.052233e-01 1.895690e-01 2.669270e-01 3.008046e-02 -5.921214e-01 8.052872e-01 1.214372e+02
4.074989e-01 8.992062e-01 1.592889e-01 2.128749e+01 -7.012424e-01 4.198531e-01 -5.761793e-01 2.620425e-01 -5.849819e-01 1.230923e-01 8.016511e-01 1.218697e+02
3.368863e-01 -6.073492e-01 -7.194683e-01 2.175603e+01 9.011089e-01 4.295103e-01 5.936128e-02 2.396651e-01 2.729660e-01 -6.683172e-01 6.919838e-01 1.221665e+02
3.354114e-01 8.484056e-01 4.095205e-01 2.231298e+01 -5.997841e-01 5.275292e-01 -6.016410e-01 2.095805e-01 -7.264697e-01 -4.382666e-02 6.857995e-01 1.224324e+02
3.380605e-01 -4.870894e-01 -8.052695e-01 2.243002e+01 8.809666e-01 4.647909e-01 8.869737e-02 2.075829e-01 3.310784e-01 -7.394006e-01 5.862370e-01 1.230953e+02
4.469977e-01 7.840738e-01 4.306057e-01 2.239375e+01 -6.310774e-01 6.175712e-01 -4.694114e-01 2.352591e-01 -6.339829e-01 -6.191972e-02 7.708642e-01 1.244563e+02
-2.034925e-01 -4.234815e-01 -8.827538e-01 2.209703e+01 4.998750e-01 7.303133e-01 -4.655829e-01 3.181785e-01 8.418526e-01 -5.360092e-01 6.307454e-02 1.268091e+02
5.131451e-01 3.638437e-01 7.773672e-01 2.194680e+01 -5.830773e-01 8.124033e-01 4.650863e-03 3.618214e-01 -6.298435e-01 -4.556518e-01 6.290298e-01 1.275850e+02
3.767291e-01 -5.859404e-01 -7.174602e-01 2.211293e+01 3.359154e-01 8.082187e-01 -4.836769e-01 3.465456e-01 8.632705e-01 -5.879077e-02 5.013059e-01 1.274617e+02
4.134268e-01 8.145695e-02 9.068865e-01 2.223060e+01 -5.145758e-01 8.425927e-01 1.589001e-01 3.516902e-01 -7.511924e-01 -5.323554e-01 3.902662e-01 1.284015e+02
3.614360e-01 -4.372118e-01 -8.235350e-01 2.222510e+01 1.084893e-01 8.969658e-01 -4.285818e-01 3.599053e-01 9.260638e-01 6.556019e-02 3.716285e-01 1.290379e+02
3.077301e-01 -4.258245e-02 9.505204e-01 2.231604e+01 -4.019626e-01 8.996537e-01 1.704387e-01 3.588581e-01 -8.623968e-01 -4.345227e-01 2.597339e-01 1.296687e+02
4.198133e-01 -2.698993e-01 -8.665513e-01 2.247187e+01 8.051320e-02 9.620717e-01 -2.606447e-01 3.529408e-01 9.040323e-01 3.965327e-02 4.256209e-01 1.303700e+02
2.925264e-01 -7.168610e-02 9.535667e-01 2.259920e+01 -2.159320e-01 9.664785e-01 1.388984e-01 3.463420e-01 -9.315588e-01 -2.465370e-01 2.672411e-01 1.308828e+02
4.263094e-01 -9.863228e-02 -8.991840e-01 2.269278e+01 3.213262e-02 9.950616e-01 -9.391487e-02 3.402469e-01 9.040065e-01 1.114366e-02 4.273734e-01 1.314100e+02
3.357864e-01 -1.362579e-01 9.320307e-01 2.273240e+01 -3.703159e-02 9.868073e-01 1.576074e-01 3.452361e-01 -9.412099e-01 -8.743700e-02 3.263106e-01 1.321630e+02
3.441720e-01 6.360933e-02 -9.367494e-01 2.278348e+01 -7.807499e-02 9.961859e-01 3.895971e-02 3.484556e-01 9.356548e-01 5.972786e-02 3.478256e-01 1.327501e+02
3.503771e-01 -2.357164e-01 9.064622e-01 2.293359e+01 1.142437e-01 9.713423e-01 2.084289e-01 3.390945e-01 -9.296151e-01 3.052884e-02 3.672652e-01 1.331375e+02
3.653972e-01 2.487258e-01 -8.970063e-01 2.305100e+01 -1.712018e-01 9.651590e-01 1.978841e-01 3.354728e-01 9.149726e-01 8.126280e-02 3.952487e-01 1.336784e+02
3.533490e-01 -3.248312e-01 8.772851e-01 2.317233e+01 3.052323e-01 9.264905e-01 2.201103e-01 3.292347e-01 -8.842950e-01 1.900000e-01 4.265235e-01 1.340970e+02
4.035993e-01 3.871654e-01 -8.289817e-01 2.332906e+01 -2.912783e-01 9.132843e-01 2.847256e-01 3.166073e-01 8.673319e-01 1.265494e-01 4.813738e-01 1.343530e+02
2.372266e-01 -4.066027e-01 8.822685e-01 2.351796e+01 3.964139e-01 8.696560e-01 2.942013e-01 3.006051e-01 -8.868932e-01 2.799511e-01 3.674885e-01 1.346105e+02
3.626136e-01 4.742956e-01 -8.022189e-01 2.367202e+01 -3.948717e-01 8.579102e-01 3.287346e-01 2.879066e-01 8.441491e-01 1.975699e-01 4.983758e-01 1.349064e+02
2.249465e-01 -5.297557e-01 8.177762e-01 2.383645e+01 4.885061e-01 7.875016e-01 3.757699e-01 2.755085e-01 -8.430663e-01 3.149605e-01 4.359346e-01 1.352951e+02
2.065345e-01 5.537926e-01 -8.066333e-01 2.398193e+01 -4.773646e-01 7.766654e-01 4.109913e-01 2.618415e-01 8.540881e-01 3.001743e-01 4.247692e-01 1.353137e+02
1.160684e-01 -6.797603e-01 7.241920e-01 2.443546e+01 5.559636e-01 6.486590e-01 5.197557e-01 2.377900e-01 -8.230629e-01 3.422971e-01 4.532108e-01 1.359945e+02
1.308461e-01 7.409059e-01 -6.587395e-01 2.477136e+01 -6.551978e-01 5.632902e-01 5.034084e-01 2.312716e-01 7.440397e-01 3.657356e-01 5.591443e-01 1.368078e+02
3.398426e-02 -7.087242e-01 7.046667e-01 2.484310e+01 7.497927e-01 4.842618e-01 4.508896e-01 2.209172e-01 -6.607995e-01 5.130308e-01 5.478535e-01 1.369684e+02
6.972267e-02 7.440007e-01 -6.645312e-01 2.487727e+01 -6.998125e-01 5.112127e-01 4.989229e-01 2.039669e-01 7.109158e-01 4.302610e-01 5.563041e-01 1.367078e+02
6.611009e-02 -7.238419e-01 6.867913e-01 2.494733e+01 7.918306e-01 4.568753e-01 4.053014e-01 1.944883e-01 -6.071522e-01 5.170279e-01 6.033642e-01 1.367258e+02
1.462361e-01 8.578275e-01 -4.926936e-01 2.501693e+01 -7.218442e-01 4.330857e-01 5.397942e-01 1.902730e-01 6.764288e-01 2.767106e-01 6.825506e-01 1.371557e+02
2.395984e-02 -8.169916e-01 5.761516e-01 2.505046e+01 8.491448e-01 3.207932e-01 4.195770e-01 1.936416e-01 -5.276164e-01 4.791831e-01 7.014303e-01 1.378223e+02
1.279882e-01 9.074497e-01 -4.001926e-01 2.511169e+01 -8.379113e-01 3.148118e-01 4.458680e-01 1.962096e-01 5.305881e-01 2.782601e-01 8.006545e-01 1.384857e+02
-1.739565e-02 -9.087656e-01 4.169442e-01 2.523631e+01 8.657089e-01 1.949478e-01 4.610243e-01 1.892474e-01 -5.002454e-01 3.689722e-01 7.833352e-01 1.390261e+02
1.267543e-01 9.203671e-01 -3.699429e-01 2.533852e+01 -9.425331e-01 2.279817e-01 2.442452e-01 1.838138e-01 3.091355e-01 3.177243e-01 8.963741e-01 1.395586e+02
9.806392e-02 -9.530692e-01 2.864307e-01 2.541000e+01 9.210392e-01 1.959281e-01 3.365992e-01 1.682571e-01 -3.769222e-01 2.308057e-01 8.970275e-01 1.393982e+02
1.776141e-01 9.211468e-01 -3.463262e-01 2.544718e+01 -9.428978e-01 2.600561e-01 2.081214e-01 1.554340e-01 2.817746e-01 2.895849e-01 9.147369e-01 1.392251e+02
9.900516e-02 -9.811805e-01 1.657797e-01 2.553473e+01 9.151724e-01 1.551953e-01 3.719864e-01 1.516106e-01 -3.907140e-01 1.148884e-01 9.133144e-01 1.396947e+02
1.954721e-01 9.591648e-01 -2.044347e-01 2.556665e+01 -9.720769e-01 2.170924e-01 8.909233e-02 1.585459e-01 1.298354e-01 1.813112e-01 9.748174e-01 1.405172e+02
1.248803e-01 -9.876143e-01 9.498898e-02 2.550507e+01 9.530507e-01 1.460242e-01 2.652760e-01 1.719331e-01 -2.758611e-01 5.740156e-02 9.594820e-01 1.411666e+02
2.138787e-01 9.728361e-01 -8.857622e-02 2.560876e+01 -9.761900e-01 2.094932e-01 -5.626387e-02 1.661740e-01 -3.617941e-02 9.850087e-02 9.944791e-01 1.417464e+02
1.302225e-01 -9.796751e-01 -1.525737e-01 2.554494e+01 9.774242e-01 1.010228e-01 1.855702e-01 1.833484e-01 -1.663851e-01 -1.732946e-01 9.707136e-01 1.426266e+02
1.986534e-01 9.757163e-01 -9.227459e-02 2.546435e+01 -9.594398e-01 1.743919e-01 -2.215013e-01 1.967412e-01 -2.000305e-01 1.325339e-01 9.707845e-01 1.432646e+02
1.595724e-01 -9.458508e-01 -2.826711e-01 2.546732e+01 9.621151e-01 8.488544e-02 2.590927e-01 2.011529e-01 -2.210684e-01 -3.133062e-01 9.235627e-01 1.438612e+02
7.069253e-02 9.923398e-01 -1.013127e-01 2.620151e+01 -9.940934e-01 6.170231e-02 -8.928111e-02 1.720820e-01 -8.234597e-02 1.070258e-01 9.908404e-01 1.438945e+02
3.911630e-02 -9.227200e-01 -3.834811e-01 2.769907e+01 9.990919e-01 4.260309e-02 -5.995996e-04 1.133981e-01 1.689074e-02 -3.831094e-01 9.235485e-01 1.447191e+02
1.072537e-01 9.241474e-01 3.666717e-01 2.832050e+01 -9.939836e-01 9.143056e-02 6.030758e-02 1.217993e-01 2.220810e-02 -3.709339e-01 9.283937e-01 1.460979e+02
2.792909e-02 -9.957353e-01 -8.792729e-02 2.828865e+01 9.458855e-01 5.477436e-02 -3.198442e-01 1.283397e-01 3.232963e-01 -7.423619e-02 9.433814e-01 1.466433e+02
1.083926e-01 9.279975e-01 3.564712e-01 2.814446e+01 -9.902453e-01 1.323716e-01 -4.349642e-02 1.418311e-01 -8.755122e-02 -3.482793e-01 9.332933e-01 1.470280e+02
4.570344e-02 -9.890646e-01 -1.402225e-01 2.806495e+01 9.163216e-01 9.740879e-02 -3.884150e-01 1.456573e-01 3.978265e-01 -1.107370e-01 9.107532e-01 1.472422e+02
1.056701e-01 8.672799e-01 4.864765e-01 2.811255e+01 -9.830115e-01 1.649380e-01 -8.052284e-02 1.416696e-01 -1.500743e-01 -4.697031e-01 8.699751e-01 1.475291e+02
5.460406e-02 -9.610327e-01 -2.709881e-01 2.821387e+01 8.798536e-01 1.746249e-01 -4.419998e-01 1.343155e-01 4.720975e-01 -2.142949e-01 8.551033e-01 1.478462e+02
1.251651e-01 8.514376e-01 5.093012e-01 2.825529e+01 -9.613365e-01 2.309939e-01 -1.499134e-01 1.247624e-01 -2.452874e-01 -4.708459e-01 8.474304e-01 1.478175e+02
1.152467e-01 -9.753432e-01 -1.882120e-01 2.830718e+01 9.046536e-01 1.813133e-01 -3.856520e-01 1.019637e-01 4.102684e-01 -1.258216e-01 9.032435e-01 1.472801e+02
8.661115e-02 9.343335e-01 3.457158e-01 2.808856e+01 -9.913146e-01 1.152990e-01 -6.325676e-02 9.679339e-02 -9.896361e-02 -3.372344e-01 9.362047e-01 1.467333e+02
