9.999754e-01 -1.076924e-03 -6.931715e-03 7.385191e-02 1.076441e-03 9.999994e-01 -7.337458e-05 7.560137e-03 6.931789e-03 6.591048e-05 9.999760e-01 -4.662030e-01
1.000000e+00 2.124197e-05 -2.690547e-04 1.175686e-01 -2.124439e-05 1.000000e+00 -9.104639e-06 1.319740e-02 2.690549e-04 9.111067e-06 1.000000e+00 -8.009086e-01
9.999718e-01 -1.457454e-03 -7.361548e-03 1.989657e-01 1.455237e-03 9.999989e-01 -3.064439e-04 1.609024e-02 7.361986e-03 2.957218e-04 9.999729e-01 -1.080194e+00
9.999773e-01 -3.997144e-03 5.429866e-03 2.207478e-01 3.992027e-03 9.999916e-01 9.530312e-04 7.924573e-04 -5.433630e-03 -9.313327e-04 9.999848e-01 -3.186307e-01
9.999821e-01 -8.041027e-04 -5.924433e-03 2.392342e-01 7.988345e-04 9.999993e-01 -8.915360e-04 -1.150802e-02 5.925145e-03 8.867867e-04 9.999821e-01 5.175971e-01
9.999996e-01 -5.803747e-04 -7.042231e-04 2.930648e-01 5.812316e-04 9.999991e-01 1.217167e-03 -1.092316e-02 7.035164e-04 -1.217575e-03 9.999990e-01 3.782805e-01
9.999927e-01 -1.016748e-03 -3.687818e-03 3.233874e-01 1.007867e-03 9.999966e-01 -2.409239e-03 4.098983e-06 3.690254e-03 2.405504e-03 9.999903e-01 -1.455960e-01
9.999949e-01 -4.045646e-04 -3.160465e-03 3.754306e-01 4.132092e-04 9.999962e-01 2.735035e-03 -4.125438e-04 3.159347e-03 -2.736327e-03 9.999913e-01 -2.480442e-01
9.999927e-01 -1.485330e-03 -3.506408e-03 4.204863e-01 1.476407e-03 9.999957e-01 -2.546130e-03 -4.007230e-03 3.510174e-03 2.540934e-03 9.999906e-01 -1.818107e-01
9.999965e-01 -1.331783e-03 -2.270109e-03 4.486586e-01 1.338846e-03 9.999943e-01 3.112255e-03 -1.402025e-02 2.265951e-03 -3.115283e-03 9.999926e-01 2.230713e-01
9.999970e-01 -2.122734e-03 -1.230462e-03 4.425698e-01 2.119243e-03 9.999937e-01 -2.831295e-03 -2.275088e-02 1.236464e-03 2.828678e-03 9.999952e-01 7.646157e-01
9.999937e-01 -5.725264e-04 -3.499299e-03 4.466363e-01 5.837872e-04 9.999947e-01 3.217845e-03 -2.964000e-02 3.497439e-03 -3.219867e-03 9.999887e-01 1.170263e+00
9.999927e-01 -4.311111e-04 -3.803420e-03 4.451368e-01 4.210275e-04 9.999964e-01 -2.651569e-03 -2.971187e-02 3.804550e-03 2.649948e-03 9.999893e-01 1.163769e+00
9.999973e-01 -1.428695e-03 -1.836954e-03 4.375217e-01 1.432808e-03 9.999965e-01 2.239863e-03 -2.651068e-02 1.833748e-03 -2.242489e-03 9.999958e-01 1.025944e+00
9.999864e-01 5.250247e-04 -5.191490e-03 4.295487e-01 -5.326936e-04 9.999988e-01 -1.475923e-03 -2.583278e-02 5.190709e-03 1.478668e-03 9.999854e-01 1.028395e+00
9.999979e-01 -2.020286e-03 1.528742e-04 4.723501e-01 2.020133e-03 9.999975e-01 9.945836e-04 -1.777489e-02 -1.548828e-04 -9.942720e-04 9.999995e-01 6.089735e-01
9.999792e-01 9.813226e-04 -6.373186e-03 4.888632e-01 -9.890475e-04 9.999988e-01 -1.209049e-03 -1.191676e-02 6.371992e-03 1.215327e-03 9.999790e-01 2.919224e-01
9.999979e-01 -2.017314e-03 -4.277564e-04 4.946351e-01 2.017861e-03 9.999971e-01 1.281493e-03 -8.906964e-03 4.251703e-04 -1.282352e-03 9.999991e-01 1.261153e-01
9.999773e-01 1.151370e-03 -6.636295e-03 4.819016e-01 -1.159325e-03 9.999986e-01 -1.194917e-03 -5.907357e-03 6.634910e-03 1.202583e-03 9.999773e-01 -7.312372e-03
9.999973e-01 -2.330624e-03 -6.252694e-05 4.201521e-01 2.330670e-03 9.999970e-01 7.473052e-04 -2.340652e-03 6.078542e-05 -7.474482e-04 9.999997e-01 -3.047750e-02
9.999778e-01 4.680571e-04 -6.643467e-03 4.059921e-01 -4.695134e-04 9.999999e-01 -2.176431e-04 -6.651386e-03 6.643364e-03 2.207567e-04 9.999779e-01 2.203432e-01
9.999982e-01 -1.731033e-03 -7.383333e-04 4.068487e-01 1.731469e-03 9.999983e-01 5.896969e-04 -9.632555e-03 7.373117e-04 -5.909735e-04 9.999996e-01 3.338399e-01
9.999780e-01 -4.691297e-05 -6.635074e-03 4.169873e-01 4.540553e-05 1.000000e+00 -2.273324e-04 -1.479991e-02 6.635084e-03 2.270254e-04 9.999780e-01 5.108825e-01
9.999973e-01 -2.228963e-03 5.872188e-04 4.071311e-01 2.228451e-03 9.999971e-01 8.717419e-04 -2.037034e-02 -5.891599e-04 -8.704303e-04 9.999994e-01 8.443480e-01
9.999960e-01 -1.657350e-03 -2.307120e-03 2.554398e-01 1.656731e-03 9.999986e-01 -2.701429e-04 -1.861550e-02 2.307564e-03 2.663188e-04 9.999973e-01 1.441196e+00
9.999922e-01 5.895417e-04 -3.917212e-03 2.726905e-01 -5.894250e-04 9.999998e-01 3.092772e-05 -1.291180e-02 3.917230e-03 -2.861787e-05 9.999923e-01 1.127120e+00
9.999955e-01 -1.551477e-03 -2.560876e-03 3.287784e-01 1.550059e-03 9.999986e-01 -5.554110e-04 -6.941531e-03 2.561734e-03 5.514383e-04 9.999966e-01 6.836374e-01
9.999952e-01 3.543792e-05 -3.106791e-03 3.988257e-01 -3.520864e-05 1.000000e+00 7.382913e-05 7.696596e-04 3.106794e-03 -7.371868e-05 9.999952e-01 2.353925e-01
9.999875e-01 -1.937595e-03 -4.617099e-03 4.064375e-01 1.939011e-03 9.999981e-01 3.022697e-04 -3.254707e-03 4.616504e-03 -3.112193e-04 9.999893e-01 3.980124e-01
9.999976e-01 6.031952e-05 -2.185635e-03 3.862600e-01 -5.964550e-05 1.000000e+00 3.084140e-04 -6.549630e-03 2.185654e-03 -3.082822e-04 9.999976e-01 6.349297e-01
9.999940e-01 -1.326280e-03 -3.207948e-03 2.734219e-01 1.324628e-03 9.999990e-01 -5.170890e-04 1.013414e-03 3.208630e-03 5.128358e-04 9.999947e-01 6.205834e-01
9.999921e-01 -3.210741e-03 2.341825e-03 7.499149e-02 3.208291e-03 9.999943e-01 1.049226e-03 5.097176e-03 -2.345180e-03 -1.041704e-03 9.999967e-01 1.270366e+00
9.999664e-01 1.383739e-03 -8.079162e-03 -2.394220e-02 -1.386596e-03 9.999990e-01 -3.480603e-04 6.513479e-03 8.078672e-03 3.592504e-04 9.999673e-01 1.551156e+00
9.999881e-01 -3.010441e-03 3.835610e-03 -7.109698e-02 3.014280e-03 9.999950e-01 -9.953526e-04 1.497920e-02 -3.832594e-03 1.006903e-03 9.999921e-01 1.257291e+00
9.999402e-01 1.756069e-03 -1.079254e-02 -1.320226e-01 -1.753319e-03 9.999984e-01 2.642460e-04 1.636490e-02 1.079299e-02 -2.453081e-04 9.999417e-01 1.243214e+00
9.999838e-01 -3.960873e-03 4.088687e-03 -1.553835e-01 3.961384e-03 9.999921e-01 -1.168820e-04 1.138916e-02 -4.088192e-03 1.330776e-04 9.999916e-01 1.499026e+00
9.999450e-01 1.619075e-03 -1.035859e-02 -2.299141e-01 -1.618203e-03 9.999987e-01 9.252904e-05 9.582713e-03 1.035873e-02 -7.576234e-05 9.999463e-01 1.761986e+00
9.999889e-01 -3.137729e-03 3.506771e-03 -3.022440e-01 3.138385e-03 9.999951e-01 -1.815658e-04 9.540786e-03 -3.506183e-03 1.925701e-04 9.999938e-01 1.908524e+00
9.999499e-01 7.909260e-04 -9.980991e-03 -3.352402e-01 -7.882684e-04 9.999997e-01 2.702017e-04 5.086660e-03 9.981201e-03 -2.623212e-04 9.999502e-01 2.180864e+00
9.999897e-01 -2.569175e-03 3.743754e-03 -4.263092e-01 2.571288e-03 9.999965e-01 -5.597023e-04 5.027900e-03 -3.742302e-03 5.693235e-04 9.999928e-01 2.344375e+00
9.999513e-01 1.919516e-03 -9.680824e-03 -5.149226e-01 -1.936777e-03 9.999966e-01 -1.773976e-03 1.996922e-02 9.677385e-03 1.792639e-03 9.999516e-01 1.783511e+00
9.999701e-01 -3.424808e-03 6.928054e-03 -6.497037e-01 3.428009e-03 9.999940e-01 -4.501482e-04 3.641141e-02 -6.926471e-03 4.738849e-04 9.999759e-01 1.317376e+00
9.999338e-01 2.367086e-03 -1.126329e-02 -7.329928e-01 -2.379284e-03 9.999966e-01 -1.069701e-03 4.916756e-02 1.126072e-02 1.096428e-03 9.999360e-01 8.609310e-01
9.999533e-01 -4.688032e-03 8.455530e-03 -8.424517e-01 4.693549e-03 9.999888e-01 -6.327821e-04 6.767135e-02 -8.452469e-03 6.724397e-04 9.999641e-01 5.029685e-01
9.999092e-01 2.592480e-03 -1.322257e-02 -9.617934e-01 -2.592649e-03 9.999966e-01 4.310179e-06 7.916757e-02 1.322253e-02 2.997101e-05 9.999126e-01 5.250740e-01
9.999669e-01 -4.785893e-03 6.584866e-03 -9.012483e-01 4.784378e-03 9.999885e-01 2.458197e-04 7.072964e-02 -6.585966e-03 -2.143064e-04 9.999783e-01 7.631572e-01
9.999272e-01 1.946587e-03 -1.190703e-02 -9.251121e-01 -1.946475e-03 9.999981e-01 2.104303e-05 6.582118e-02 1.190705e-02 2.134542e-06 9.999291e-01 1.121717e+00
9.999513e-01 -5.612885e-03 8.122336e-03 -1.057217e+00 5.604024e-03 9.999837e-01 1.113404e-03 6.301819e-02 -8.128453e-03 -1.067832e-03 9.999664e-01 1.687214e+00
9.999221e-01 2.456262e-03 -1.223788e-02 -1.127051e+00 -2.463044e-03 9.999968e-01 -5.391732e-04 5.889765e-02 1.223652e-02 5.692730e-04 9.999250e-01 2.201533e+00
9.999875e-01 -3.305049e-03 3.749724e-03 -1.175210e+00 3.304637e-03 9.999945e-01 1.160329e-04 6.155031e-02 -3.750087e-03 -1.036393e-04 9.999930e-01 2.126546e+00
9.999559e-01 1.484881e-03 -9.277921e-03 -1.109499e+00 -1.515515e-03 9.999934e-01 -3.295663e-03 7.472283e-02 9.272965e-03 3.309578e-03 9.999515e-01 1.453605e+00
9.999809e-01 -3.367617e-03 5.182602e-03 -1.077184e+00 3.365544e-03 9.999943e-01 4.085871e-04 8.853568e-02 -5.183948e-03 -3.911363e-04 9.999865e-01 7.891591e-01
9.999360e-01 1.273281e-03 -1.124563e-02 -1.152256e+00 -1.286982e-03 9.999984e-01 -1.211190e-03 9.042415e-02 1.124407e-02 1.225585e-03 9.999360e-01 8.273657e-01
9.999791e-01 -3.789647e-03 5.238524e-03 -1.141637e+00 3.779717e-03 9.999910e-01 1.904128e-03 8.207000e-02 -5.245693e-03 -1.884288e-03 9.999845e-01 1.194516e+00
9.999269e-01 1.901316e-03 -1.193947e-02 -1.125607e+00 -1.915490e-03 9.999975e-01 -1.175831e-03 7.554071e-02 1.193721e-02 1.198614e-03 9.999280e-01 1.456471e+00
9.999769e-01 -3.918890e-03 5.551668e-03 -1.191858e+00 3.913958e-03 9.999919e-01 8.990742e-04 7.512476e-02 -5.555147e-03 -8.773238e-04 9.999842e-01 1.604256e+00
9.999219e-01 2.111225e-03 -1.231713e-02 -1.217018e+00 -2.116878e-03 9.999977e-01 -4.459068e-04 7.159492e-02 1.231616e-02 4.719451e-04 9.999240e-01 1.818243e+00
9.999821e-01 -3.423592e-03 4.908802e-03 -1.238918e+00 3.421335e-03 9.999940e-01 4.682447e-04 6.985152e-02 -4.910375e-03 -4.514410e-04 9.999878e-01 1.901107e+00
9.999580e-01 4.648293e-04 -9.156563e-03 -1.335459e+00 -4.666346e-04 9.999999e-01 -1.950092e-04 7.061392e-02 9.156471e-03 1.992731e-04 9.999581e-01 2.265792e+00
9.999825e-01 -3.351843e-03 4.881919e-03 -1.486699e+00 3.349085e-03 9.999942e-01 5.730785e-04 7.299720e-02 -4.883811e-03 -5.567178e-04 9.999879e-01 2.657156e+00
9.999354e-01 1.614158e-03 -1.125334e-02 -1.553562e+00 -1.614106e-03 9.999987e-01 1.375788e-05 7.183390e-02 1.125334e-02 4.406401e-06 9.999367e-01 2.869589e+00
9.999908e-01 -2.336525e-03 3.606231e-03 -1.589088e+00 2.336173e-03 9.999973e-01 1.016863e-04 7.343137e-02 -3.606458e-03 -9.325994e-05 9.999935e-01 2.832517e+00
9.999496e-01 -1.166830e-04 -1.003617e-02 -1.629223e+00 1.190226e-04 1.000000e+00 2.325268e-04 7.009357e-02 1.003614e-02 -2.337103e-04 9.999496e-01 3.113712e+00
9.999762e-01 -3.407644e-03 6.000637e-03 -1.678912e+00 3.405590e-03 9.999941e-01 3.523676e-04 6.314472e-02 -6.001802e-03 -3.319228e-04 9.999819e-01 3.669547e+00
9.999541e-01 -1.060141e-04 -9.577606e-03 -1.763413e+00 1.096734e-04 9.999999e-01 3.815552e-04 5.910229e-02 9.577565e-03 -3.825887e-04 9.999541e-01 4.224323e+00
9.999758e-01 -3.595808e-03 5.955611e-03 -1.872622e+00 3.593709e-03 9.999935e-01 3.632134e-04 5.509218e-02 -5.956877e-03 -3.418012e-04 9.999822e-01 4.809964e+00
9.999669e-01 -8.168627e-04 -8.099819e-03 -2.033955e+00 8.180716e-04 9.999997e-01 1.459617e-04 5.383680e-02 8.099697e-03 -1.525838e-04 9.999672e-01 5.510308e+00
9.999890e-01 -2.561186e-03 3.935062e-03 -2.096863e+00 2.559557e-03 9.999966e-01 4.191446e-04 4.781442e-02 -3.936122e-03 -4.090673e-04 9.999922e-01 6.060140e+00
9.999679e-01 -1.466724e-03 -7.876102e-03 -2.156017e+00 1.468934e-03 9.999989e-01 2.748891e-04 3.925485e-02 7.875690e-03 -2.864504e-04 9.999689e-01 6.666891e+00
9.999869e-01 -2.283453e-03 4.590466e-03 -2.223205e+00 2.283022e-03 9.999974e-01 9.924220e-05 3.224118e-02 -4.590680e-03 -8.876009e-05 9.999895e-01 7.300383e+00
9.999639e-01 -1.773294e-03 -8.310910e-03 -2.232557e+00 1.775847e-03 9.999984e-01 2.998110e-04 2.043469e-02 8.310365e-03 -3.145597e-04 9.999654e-01 7.939529e+00
9.999715e-01 -3.619951e-03 6.632042e-03 -2.278945e+00 3.619640e-03 9.999934e-01 5.884802e-05 5.825842e-03 -6.632211e-03 -3.484007e-05 9.999780e-01 8.831403e+00
9.999559e-01 -1.113752e-03 -9.326311e-03 -2.316107e+00 1.117093e-03 9.999993e-01 3.530647e-04 -6.565183e-03 9.325911e-03 -3.634682e-04 9.999564e-01 9.618607e+00
9.999849e-01 -2.360833e-03 4.959615e-03 -2.328418e+00 2.358950e-03 9.999971e-01 3.854912e-04 -1.801418e-02 -4.960511e-03 -3.737852e-04 9.999876e-01 1.020908e+01
9.999326e-01 6.907175e-05 -1.161387e-02 -2.313949e+00 -6.137326e-05 9.999998e-01 6.632387e-04 -2.619850e-02 1.161391e-02 -6.624818e-04 9.999323e-01 1.057120e+01
9.999875e-01 -1.587226e-03 4.741175e-03 -2.374683e+00 1.592394e-03 9.999981e-01 -1.086281e-03 -2.564670e-02 -4.739442e-03 1.093818e-03 9.999882e-01 1.065152e+01
9.999603e-01 -2.053695e-03 -8.670641e-03 -2.399540e+00 2.065220e-03 9.999970e-01 1.320402e-03 -3.433481e-02 8.667903e-03 -1.338257e-03 9.999615e-01 1.120430e+01
9.999592e-01 -3.331230e-03 8.393253e-03 -2.468767e+00 3.341190e-03 9.999937e-01 -1.172908e-03 -4.404571e-02 -8.389293e-03 1.200905e-03 9.999641e-01 1.207550e+01
9.999830e-01 -2.660662e-03 -5.194190e-03 -2.694831e+00 2.667562e-03 9.999956e-01 1.321934e-03 -4.184574e-02 5.190650e-03 -1.335768e-03 9.999856e-01 1.306752e+01
9.999625e-01 -3.555350e-03 7.894114e-03 -2.872953e+00 3.567249e-03 9.999925e-01 -1.493807e-03 -4.490543e-02 -7.888744e-03 1.521912e-03 9.999677e-01 1.411570e+01
9.999545e-01 -1.397079e-03 -9.433403e-03 -2.907563e+00 1.413200e-03 9.999976e-01 1.702433e-03 -5.709044e-02 9.431001e-03 -1.715688e-03 9.999541e-01 1.492844e+01
9.999779e-01 -2.798019e-03 6.028452e-03 -2.912142e+00 2.806339e-03 9.999951e-01 -1.372103e-03 -6.901613e-02 -6.024583e-03 1.388991e-03 9.999809e-01 1.559201e+01
9.999616e-01 -1.250433e-03 -8.673962e-03 -2.993951e+00 1.267972e-03 9.999972e-01 2.016861e-03 -7.492388e-02 8.671415e-03 -2.027783e-03 9.999603e-01 1.624339e+01
9.999715e-01 -3.197763e-03 6.838780e-03 -3.100593e+00 3.207876e-03 9.999938e-01 -1.468278e-03 -8.093986e-02 -6.834042e-03 1.490175e-03 9.999755e-01 1.698325e+01
9.999456e-01 -5.268440e-04 -1.041779e-02 -3.150066e+00 5.482655e-04 9.999977e-01 2.053514e-03 -8.895595e-02 1.041669e-02 -2.059115e-03 9.999436e-01 1.760439e+01
9.999846e-01 -2.034447e-03 5.167892e-03 -3.200311e+00 2.040877e-03 9.999971e-01 -1.239236e-03 -9.296130e-02 -5.165356e-03 1.249765e-03 9.999859e-01 1.802287e+01
9.999360e-01 2.103364e-04 -1.130740e-02 -3.239717e+00 -1.875744e-04 9.999980e-01 2.014059e-03 -9.555983e-02 1.130780e-02 -2.011810e-03 9.999340e-01 1.830114e+01
9.999810e-01 -2.660404e-03 5.561488e-03 -3.261065e+00 2.667640e-03 9.999956e-01 -1.294115e-03 -1.007351e-01 -5.558021e-03 1.308928e-03 9.999837e-01 1.865908e+01
9.999610e-01 -7.987438e-04 -8.797430e-03 -3.315617e+00 8.153704e-04 9.999979e-01 1.886529e-03 -1.065821e-01 8.795904e-03 -1.893629e-03 9.999595e-01 1.922965e+01
9.999778e-01 -3.065662e-03 5.921664e-03 -3.386874e+00 3.073650e-03 9.999944e-01 -1.340245e-03 -1.119466e-01 -5.917522e-03 1.358417e-03 9.999816e-01 1.983781e+01
9.999686e-01 -1.102176e-03 -7.853470e-03 -3.478760e+00 1.117621e-03 9.999974e-01 1.962582e-03 -1.167585e-01 7.851286e-03 -1.971298e-03 9.999672e-01 2.051625e+01
9.999965e-01 -1.221044e-03 2.352811e-03 -3.487114e+00 1.223655e-03 9.999986e-01 -1.108530e-03 -1.235533e-01 -2.351454e-03 1.111405e-03 9.999966e-01 2.090743e+01
9.999530e-01 -1.054764e-03 -9.639141e-03 -3.460891e+00 1.065118e-03 9.999989e-01 1.069092e-03 -1.297301e-01 9.638002e-03 -1.079310e-03 9.999530e-01 2.110799e+01
9.999932e-01 -1.491967e-03 3.370449e-03 -3.463693e+00 1.493476e-03 9.999988e-01 -4.450103e-04 -1.366372e-01 -3.369780e-03 4.500416e-04 9.999942e-01 2.145271e+01
9.999659e-01 -1.287533e-03 -8.151959e-03 -3.524505e+00 1.296942e-03 9.999985e-01 1.148996e-03 -1.398295e-01 8.150467e-03 -1.159530e-03 9.999661e-01 2.187365e+01
9.999979e-01 -5.895707e-04 1.942572e-03 -3.551941e+00 5.903002e-04 9.999998e-01 -3.748597e-04 -1.434329e-01 -1.942350e-03 3.760063e-04 9.999980e-01 2.216630e+01
9.999550e-01 -6.743328e-04 -9.466778e-03 -3.567763e+00 6.789804e-04 9.999997e-01 4.877515e-04 -1.452814e-01 9.466445e-03 -4.941579e-04 9.999551e-01 2.224209e+01
9.999847e-01 -2.208001e-03 5.066151e-03 -3.606204e+00 2.207149e-03 9.999975e-01 1.738165e-04 -1.501099e-01 -5.066522e-03 -1.626315e-04 9.999872e-01 2.268111e+01
9.999604e-01 -1.227498e-03 -8.816725e-03 -3.624124e+00 1.229312e-03 9.999992e-01 2.002958e-04 -1.577900e-01 8.816472e-03 -2.111270e-04 9.999611e-01 2.318695e+01
9.999780e-01 -2.772620e-03 6.022908e-03 -3.620180e+00 2.772636e-03 9.999962e-01 5.593522e-06 -1.691624e-01 -6.022900e-03 1.110657e-05 9.999819e-01 2.382864e+01
9.999345e-01 1.860626e-05 -1.144277e-02 -3.590276e+00 -1.225138e-05 9.999998e-01 5.554472e-04 -1.783057e-01 1.144278e-02 -5.552713e-04 9.999344e-01 2.423758e+01
9.999899e-01 -1.655747e-03 4.177880e-03 -3.561601e+00 1.655655e-03 9.999986e-01 2.553842e-05 -1.832040e-01 -4.177916e-03 -1.862039e-05 9.999913e-01 2.440742e+01
9.999340e-01 4.306220e-04 -1.148122e-02 -3.534987e+00 -4.258252e-04 9.999998e-01 4.202557e-04 -1.850154e-01 1.148140e-02 -4.153396e-04 9.999340e-01 2.440723e+01
9.999918e-01 -1.517323e-03 3.751607e-03 -3.453270e+00 1.520849e-03 9.999984e-01 -9.372530e-04 -1.801712e-01 -3.750179e-03 9.429516e-04 9.999925e-01 2.400525e+01
9.999765e-01 -1.728450e-03 -6.628768e-03 -3.592723e+00 1.729167e-03 9.999985e-01 1.024132e-04 -1.744798e-01 6.628581e-03 -1.138736e-04 9.999780e-01 2.420957e+01
9.999911e-01 -1.451883e-03 3.954658e-03 -3.643744e+00 1.450448e-03 9.999989e-01 3.659116e-04 -1.789278e-01 -3.955185e-03 -3.601716e-04 9.999921e-01 2.475903e+01
9.999474e-01 -6.659148e-04 -1.023539e-02 -3.603472e+00 6.644280e-04 9.999998e-01 -1.486402e-04 -1.836869e-01 1.023549e-02 1.418311e-04 9.999476e-01 2.496953e+01
9.999961e-01 -3.504378e-04 2.779918e-03 -3.611775e+00 3.530012e-04 9.999995e-01 -9.215976e-04 -1.763938e-01 -2.779593e-03 9.225759e-04 9.999957e-01 2.460982e+01
9.999660e-01 -2.078567e-03 -7.982116e-03 -3.613784e+00 2.084893e-03 9.999975e-01 7.842683e-04 -1.774061e-01 7.980466e-03 -8.008841e-04 9.999678e-01 2.464229e+01
9.999932e-01 -1.488224e-03 3.383890e-03 -3.574139e+00 1.489885e-03 9.999988e-01 -4.883933e-04 -1.895127e-01 -3.383158e-03 4.934322e-04 9.999942e-01 2.516549e+01
9.999588e-01 -1.087723e-03 -9.014492e-03 -3.556275e+00 1.097598e-03 9.999988e-01 1.090616e-03 -1.977234e-01 9.013295e-03 -1.100466e-03 9.999588e-01 2.554163e+01
9.999900e-01 -1.368964e-03 4.253671e-03 -3.612143e+00 1.371071e-03 9.999989e-01 -4.923188e-04 -1.993622e-01 -4.252992e-03 4.981466e-04 9.999908e-01 2.590764e+01
9.999871e-01 -2.977300e-03 -4.120614e-03 -3.785295e+00 2.982025e-03 9.999949e-01 1.141088e-03 -1.960102e-01 4.117195e-03 -1.153361e-03 9.999909e-01 2.659700e+01
9.999939e-01 -1.095314e-03 3.311385e-03 -3.967651e+00 1.098358e-03 9.999990e-01 -9.174172e-04 -1.915703e-01 -3.310377e-03 9.210493e-04 9.999941e-01 2.727061e+01
9.999924e-01 -3.049597e-03 -2.421566e-03 -4.149240e+00 3.053245e-03 9.999942e-01 1.504316e-03 -1.859562e-01 2.416964e-03 -1.511698e-03 9.999959e-01 2.794285e+01
9.999995e-01 2.301494e-04 -9.618303e-04 -4.253144e+00 -2.310604e-04 9.999995e-01 -9.472854e-04 -1.850651e-01 9.616122e-04 9.475078e-04 9.999991e-01 2.842262e+01
9.999755e-01 -8.493160e-04 -6.947010e-03 -4.250062e+00 8.556429e-04 9.999992e-01 9.078455e-04 -1.809337e-01 6.946233e-03 -9.137680e-04 9.999755e-01 2.819520e+01
9.999990e-01 -7.161488e-04 1.199722e-03 -4.168140e+00 7.186511e-04 9.999976e-01 -2.086431e-03 -1.712074e-01 -1.198225e-03 2.087292e-03 9.999971e-01 2.761914e+01
9.999764e-01 -9.629857e-04 -6.802210e-03 -4.096743e+00 9.708039e-04 9.999989e-01 1.146175e-03 -1.651173e-01 6.801098e-03 -1.152752e-03 9.999762e-01 2.723082e+01
9.999994e-01 2.375862e-04 -1.037814e-03 -4.049264e+00 -2.388535e-04 9.999992e-01 -1.221297e-03 -1.604552e-01 1.037524e-03 1.221545e-03 9.999987e-01 2.690117e+01
9.999904e-01 -2.212384e-03 -3.789019e-03 -3.962587e+00 2.207683e-03 9.999968e-01 -1.244369e-03 -1.445686e-01 3.791760e-03 1.235991e-03 9.999920e-01 2.610401e+01
1.000000e+00 -8.080489e-05 2.863301e-04 -3.864655e+00 8.117754e-05 9.999992e-01 -1.300967e-03 -1.277940e-01 -2.862244e-04 1.300991e-03 9.999991e-01 2.524335e+01
9.999886e-01 -2.480633e-03 -4.079211e-03 -3.692617e+00 2.470083e-03 9.999936e-01 -2.589332e-03 -1.076646e-01 4.085608e-03 2.579226e-03 9.999883e-01 2.415072e+01
9.999999e-01 -2.133797e-04 2.788442e-04 -3.725467e+00 2.130352e-04 9.999992e-01 1.235662e-03 -9.819588e-02 -2.791073e-04 -1.235601e-03 9.999992e-01 2.386311e+01
9.999883e-01 -4.727810e-03 -9.868472e-04 -3.833948e+00 4.726810e-03 9.999883e-01 -1.012824e-03 -1.035975e-01 9.916237e-04 1.008146e-03 9.999990e-01 2.465170e+01
9.999993e-01 -4.524581e-04 1.077280e-03 -3.965295e+00 4.512830e-04 9.999993e-01 1.090970e-03 -1.081731e-01 -1.077772e-03 -1.090482e-03 9.999988e-01 2.551890e+01
9.999899e-01 -4.254159e-03 -1.422395e-03 -4.090026e+00 4.252936e-03 9.999906e-01 -8.615303e-04 -1.113669e-01 1.426046e-03 8.554717e-04 9.999986e-01 2.631385e+01
1.000000e+00 1.476454e-04 -9.522778e-05 -4.214622e+00 -1.475336e-04 9.999993e-01 1.171548e-03 -1.131671e-01 9.540106e-05 -1.171534e-03 9.999993e-01 2.699068e+01
9.999867e-01 -2.795176e-03 -4.340421e-03 -4.236121e+00 2.793093e-03 9.999960e-01 -4.858105e-04 -1.193160e-01 4.341761e-03 4.736802e-04 9.999905e-01 2.744306e+01
9.999993e-01 1.331724e-05 -1.168570e-03 -4.205820e+00 -1.224453e-05 9.999996e-01 9.178024e-04 -1.284870e-01 1.168582e-03 -9.177869e-04 9.999989e-01 2.783386e+01
9.999845e-01 -2.061611e-03 -5.166715e-03 -4.177767e+00 2.060533e-03 9.999979e-01 -2.139741e-04 -1.368064e-01 5.167144e-03 2.033240e-04 9.999866e-01 2.814997e+01
9.999990e-01 -8.265771e-04 -1.126244e-03 -4.150212e+00 8.272731e-04 9.999995e-01 6.174318e-04 -1.470147e-01 1.125733e-03 -6.183623e-04 9.999992e-01 2.855391e+01
9.999780e-01 -5.039966e-04 -6.617627e-03 -4.147696e+00 5.051921e-04 9.999999e-01 1.790198e-04 -1.504273e-01 6.617535e-03 -1.823596e-04 9.999781e-01 2.866235e+01
9.999942e-01 -3.318111e-03 7.974064e-04 -4.119570e+00 3.318005e-03 9.999945e-01 1.349914e-04 -1.638824e-01 -7.978496e-04 -1.323442e-04 9.999997e-01 2.921274e+01
9.999951e-01 -1.516562e-03 -2.724319e-03 -4.148026e+00 1.516501e-03 9.999988e-01 -2.455311e-05 -1.763983e-01 2.724353e-03 2.042095e-05 9.999963e-01 3.000873e+01
9.999962e-01 -2.553061e-03 -9.989829e-04 -4.157971e+00 2.553473e-03 9.999967e-01 4.117077e-04 -1.886197e-01 9.979289e-04 -4.142564e-04 9.999994e-01 3.064941e+01
9.999945e-01 -3.317364e-03 7.601940e-05 -4.210616e+00 3.317380e-03 9.999945e-01 -2.225324e-04 -2.052277e-01 -7.528114e-05 2.227828e-04 1.000000e+00 3.162074e+01
9.999960e-01 -2.830027e-03 -5.063549e-05 -4.294311e+00 2.830023e-03 9.999960e-01 -6.853767e-05 -2.189538e-01 5.082963e-05 6.839470e-05 1.000000e+00 3.264795e+01
9.999914e-01 -5.964809e-04 -4.112476e-03 -4.315611e+00 5.987156e-04 9.999997e-01 5.422527e-04 -2.280975e-01 4.112151e-03 -5.447108e-04 9.999914e-01 3.324142e+01
9.999967e-01 -4.080654e-04 -2.546309e-03 -4.323005e+00 4.087998e-04 9.999999e-01 2.878057e-04 -2.302406e-01 2.546192e-03 -2.888450e-04 9.999967e-01 3.326666e+01
9.999829e-01 -5.644664e-03 1.558472e-03 -4.589090e+00 5.645146e-03 9.999840e-01 -3.051183e-04 -2.273266e-01 -1.556725e-03 3.139103e-04 9.999987e-01 3.402606e+01
9.999999e-01 -3.817980e-04 -9.261178e-05 -4.804463e+00 3.818056e-04 9.999999e-01 7.990038e-05 -2.270990e-01 9.258165e-05 -7.993514e-05 1.000000e+00 3.502538e+01
9.999896e-01 -3.789412e-03 -2.557204e-03 -4.839598e+00 3.789925e-03 9.999928e-01 1.959898e-04 -2.369093e-01 2.556443e-03 -2.056800e-04 9.999967e-01 3.570994e+01
9.999990e-01 -9.633160e-04 1.082072e-03 -4.894580e+00 9.632127e-04 9.999995e-01 9.609930e-05 -2.462606e-01 -1.082163e-03 -9.505634e-05 9.999994e-01 3.647880e+01
9.999903e-01 -4.111564e-03 -1.553729e-03 -4.973398e+00 4.111615e-03 9.999915e-01 3.006614e-05 -2.548284e-01 1.553592e-03 -3.645478e-05 9.999988e-01 3.731732e+01
1.000000e+00 -2.236668e-04 -1.479646e-04 -5.003642e+00 2.236674e-04 1.000000e+00 2.983979e-06 -2.644526e-01 1.479644e-04 -3.016479e-06 1.000000e+00 3.802838e+01
9.999874e-01 -2.902604e-03 -4.107568e-03 -5.013139e+00 2.904431e-03 9.999957e-01 4.390553e-04 -2.717857e-01 4.106275e-03 -4.509805e-04 9.999915e-01 3.851031e+01
9.999915e-01 2.231425e-03 -3.477315e-03 -5.010251e+00 -2.230601e-03 9.999975e-01 2.405532e-04 -2.711577e-01 3.477843e-03 -2.327940e-04 9.999939e-01 3.840847e+01
9.999855e-01 -4.913968e-03 -2.182533e-03 -5.058877e+00 4.913209e-03 9.999879e-01 -3.527174e-04 -2.726783e-01 2.184240e-03 3.419885e-04 9.999976e-01 3.859275e+01
9.999995e-01 8.524185e-04 -4.495014e-04 -5.092647e+00 -8.521543e-04 9.999995e-01 5.871710e-04 -2.819267e-01 4.500021e-04 -5.867871e-04 9.999997e-01 3.923657e+01
9.999830e-01 -5.752842e-03 -9.297962e-04 -5.164366e+00 5.752553e-03 9.999834e-01 -3.128665e-04 -2.914356e-01 9.315802e-04 3.075119e-04 9.999995e-01 4.002458e+01
9.999973e-01 1.669628e-03 -1.587877e-03 -5.202418e+00 -1.668745e-03 9.999985e-01 5.567248e-04 -3.010104e-01 1.588804e-03 -5.540730e-04 9.999986e-01 4.070796e+01
9.999810e-01 -6.159652e-03 -2.618289e-04 -5.229778e+00 6.159559e-03 9.999810e-01 -3.544786e-04 -3.122201e-01 2.640070e-04 3.528585e-04 9.999999e-01 4.144755e+01
9.999992e-01 1.221359e-03 -3.109066e-04 -5.291243e+00 -1.221205e-03 9.999991e-01 4.959593e-04 -3.215508e-01 3.115125e-04 -4.955786e-04 9.999998e-01 4.225344e+01
9.999836e-01 -5.607105e-03 -1.170999e-03 -5.332383e+00 5.606564e-03 9.999842e-01 -4.645765e-04 -3.301108e-01 1.173585e-03 4.580031e-04 9.999992e-01 4.297280e+01
9.999991e-01 1.268938e-03 3.668651e-04 -5.418658e+00 -1.269185e-03 9.999990e-01 6.736839e-04 -3.341629e-01 -3.660095e-04 -6.741484e-04 9.999997e-01 4.366633e+01
9.999843e-01 -5.247966e-03 -1.954091e-03 -5.506458e+00 5.247304e-03 9.999862e-01 -3.437095e-04 -3.375691e-01 1.955867e-03 3.334499e-04 9.999980e-01 4.430968e+01
9.999909e-01 3.011779e-03 -3.012930e-03 -5.520701e+00 -3.008495e-03 9.999949e-01 1.093859e-03 -3.422917e-01 3.016209e-03 -1.084784e-03 9.999949e-01 4.468364e+01
9.999776e-01 -6.693674e-03 1.252116e-04 -5.576367e+00 6.693786e-03 9.999772e-01 -9.191313e-04 -3.468266e-01 -1.190568e-04 9.199483e-04 9.999996e-01 4.523697e+01
9.999925e-01 3.065684e-03 -2.386400e-03 -5.609507e+00 -3.062582e-03 9.999945e-01 1.302394e-03 -3.540904e-01 2.390380e-03 -1.295075e-03 9.999963e-01 4.585607e+01
9.999801e-01 -6.107657e-03 -1.594047e-03 -5.612520e+00 6.106189e-03 9.999809e-01 -9.235776e-04 -3.612741e-01 1.599657e-03 9.138251e-04 9.999983e-01 4.633115e+01
9.999963e-01 2.515633e-03 -1.056220e-03 -5.654616e+00 -2.514292e-03 9.999960e-01 1.268060e-03 -3.660365e-01 1.059406e-03 -1.265399e-03 9.999986e-01 4.687677e+01
9.999757e-01 -6.963974e-03 3.194355e-04 -5.767466e+00 6.964286e-03 9.999753e-01 -9.887206e-04 -3.683056e-01 -3.125426e-04 9.909207e-04 9.999995e-01 4.757691e+01
9.999945e-01 2.897526e-03 -1.640521e-03 -5.878317e+00 -2.895592e-03 9.999951e-01 1.179909e-03 -3.698930e-01 1.643932e-03 -1.175152e-03 9.999980e-01 4.823521e+01
9.999790e-01 -6.413475e-03 -8.891282e-04 -5.971437e+00 6.412798e-03 9.999791e-01 -7.617660e-04 -3.715711e-01 8.939949e-04 7.560477e-04 9.999993e-01 4.878979e+01
9.999937e-01 3.092541e-03 -1.756180e-03 -6.078551e+00 -3.090460e-03 9.999945e-01 1.186211e-03 -3.712846e-01 1.759839e-03 -1.180776e-03 9.999978e-01 4.931950e+01
9.999830e-01 -5.342876e-03 -2.332541e-03 -6.176042e+00 5.341407e-03 9.999855e-01 -6.355991e-04 -3.679920e-01 2.335903e-03 6.231287e-04 9.999971e-01 4.966464e+01
9.999924e-01 3.150603e-03 -2.279234e-03 -6.267555e+00 -3.148124e-03 9.999945e-01 1.090398e-03 -3.636638e-01 2.282657e-03 -1.083214e-03 9.999968e-01 4.993319e+01
9.999842e-01 -4.582129e-03 -3.255565e-03 -6.346876e+00 4.579838e-03 9.999893e-01 -7.107286e-04 -3.596888e-01 3.258786e-03 6.958068e-04 9.999944e-01 5.010062e+01
9.999975e-01 1.999868e-03 -9.736924e-04 -6.466360e+00 -1.998698e-03 9.999973e-01 1.200935e-03 -3.546482e-01 9.760919e-04 -1.198985e-03 9.999988e-01 5.041400e+01
9.999870e-01 -4.716160e-03 -1.941519e-03 -6.621404e+00 4.714687e-03 9.999886e-01 -7.625945e-04 -3.477681e-01 1.945093e-03 7.534303e-04 9.999978e-01 5.082287e+01
9.999978e-01 1.946815e-03 -8.269303e-04 -6.779045e+00 -1.945816e-03 9.999974e-01 1.207168e-03 -3.407178e-01 8.292786e-04 -1.205556e-03 9.999989e-01 5.122735e+01
9.999851e-01 -4.060338e-03 -3.645042e-03 -6.873900e+00 4.058037e-03 9.999916e-01 -6.383655e-04 -3.375621e-01 3.647602e-03 6.235637e-04 9.999932e-01 5.154303e+01
9.999991e-01 1.318433e-03 -7.339030e-06 -6.941405e+00 -1.318423e-03 9.999984e-01 1.221524e-03 -3.383790e-01 8.949905e-06 -1.221513e-03 9.999993e-01 5.194631e+01
9.999855e-01 -5.074291e-03 -1.803957e-03 -7.012091e+00 5.072472e-03 9.999866e-01 -1.011256e-03 -3.415575e-01 1.809064e-03 1.002090e-03 9.999979e-01 5.253719e+01
9.999992e-01 1.222687e-03 -2.514034e-04 -7.076575e+00 -1.222406e-03 9.999986e-01 1.115246e-03 -3.458282e-01 2.527671e-04 -1.114938e-03 9.999993e-01 5.314023e+01
9.999859e-01 -4.279940e-03 -3.155293e-03 -7.107149e+00 4.277259e-03 9.999905e-01 -8.560648e-04 -3.510234e-01 3.158926e-03 8.425561e-04 9.999947e-01 5.362377e+01
9.999984e-01 1.379394e-03 -1.162561e-03 -7.126551e+00 -1.377925e-03 9.999983e-01 1.263044e-03 -3.568992e-01 1.164302e-03 -1.261439e-03 9.999985e-01 5.404848e+01
9.999790e-01 -2.055849e-03 -6.140748e-03 -7.138568e+00 2.052441e-03 9.999977e-01 -5.613279e-04 -3.558583e-01 6.141888e-03 5.487120e-04 9.999810e-01 5.400081e+01
9.999998e-01 4.487493e-04 -4.468534e-04 -7.085529e+00 -4.484847e-04 9.999997e-01 5.915997e-04 -3.530812e-01 4.471191e-04 -5.913986e-04 9.999997e-01 5.380692e+01
9.999802e-01 -2.491998e-03 -5.770985e-03 -7.034805e+00 2.491551e-03 9.999969e-01 -8.452516e-05 -3.606997e-01 5.771177e-03 7.014422e-05 9.999833e-01 5.404990e+01
1.000000e+00 -8.011491e-05 -2.787327e-04 -6.994160e+00 8.025726e-05 9.999999e-01 5.099353e-04 -3.700455e-01 2.786922e-04 -5.099570e-04 9.999998e-01 5.440501e+01
9.999831e-01 -2.869850e-03 -5.047989e-03 -7.001326e+00 2.869283e-03 9.999959e-01 -1.195033e-04 -3.780318e-01 5.048311e-03 1.050166e-04 9.999873e-01 5.482470e+01
9.999997e-01 6.380970e-04 -3.486828e-04 -6.999077e+00 -6.378432e-04 9.999995e-01 7.269199e-04 -3.846478e-01 3.491468e-04 -7.266968e-04 9.999997e-01 5.518483e+01
9.999713e-01 -1.416605e-03 -7.447077e-03 -6.990704e+00 1.414032e-03 9.999989e-01 -3.506446e-04 -3.834145e-01 7.447565e-03 3.401035e-04 9.999722e-01 5.509845e+01
9.999990e-01 -2.563066e-04 1.410829e-03 -6.976026e+00 2.553779e-04 9.999998e-01 6.585804e-04 -3.842409e-01 -1.410997e-03 -6.582189e-04 9.999988e-01 5.508720e+01
9.999678e-01 -1.887531e-03 -7.803820e-03 -6.934348e+00 1.887531e-03 9.999982e-01 -7.271626e-06 -3.925870e-01 7.803819e-03 -7.459122e-06 9.999695e-01 5.538067e+01
9.999994e-01 1.061957e-03 -3.209275e-04 -6.902758e+00 -1.061906e-03 9.999994e-01 1.604392e-04 -3.910190e-01 3.210980e-04 -1.600978e-04 9.999999e-01 5.521701e+01
9.999808e-01 -2.323365e-03 -5.750961e-03 -6.843489e+00 2.321962e-03 9.999973e-01 -2.506471e-04 -3.863628e-01 5.751528e-03 2.372882e-04 9.999834e-01 5.491299e+01
9.999986e-01 1.061753e-03 -1.258328e-03 -6.777204e+00 -1.061905e-03 9.999994e-01 -1.201447e-04 -3.814353e-01 1.258200e-03 1.214813e-04 9.999992e-01 5.457748e+01
9.999864e-01 -2.366216e-03 -4.642672e-03 -6.719481e+00 2.365881e-03 9.999972e-01 -7.761431e-05 -3.763021e-01 4.642842e-03 6.662869e-05 9.999892e-01 5.425004e+01
9.999994e-01 -3.797693e-04 -1.072078e-03 -6.674344e+00 3.802858e-04 9.999998e-01 4.813772e-04 -3.856372e-01 1.071896e-03 -4.817840e-04 9.999993e-01 5.462603e+01
9.999881e-01 -2.654213e-03 -4.096757e-03 -6.621626e+00 2.653399e-03 9.999965e-01 -2.041548e-04 -3.965806e-01 4.097284e-03 1.932815e-04 9.999916e-01 5.505436e+01
9.999929e-01 1.568217e-03 -3.430112e-03 -6.593284e+00 -1.565903e-03 9.999985e-01 6.771736e-04 -3.982792e-01 3.431170e-03 -6.717970e-04 9.999939e-01 5.506644e+01
9.999917e-01 -3.257835e-03 -2.428276e-03 -6.609498e+00 3.254759e-03 9.999939e-01 -1.269568e-03 -3.959692e-01 2.432397e-03 1.261653e-03 9.999962e-01 5.498156e+01
9.999939e-01 1.044903e-03 -3.332597e-03 -6.620560e+00 -1.040082e-03 9.999984e-01 1.447712e-03 -4.002177e-01 3.334104e-03 -1.444236e-03 9.999934e-01 5.517008e+01
9.999881e-01 -1.956288e-03 -4.458711e-03 -6.604137e+00 1.949681e-03 9.999970e-01 -1.485690e-03 -3.966109e-01 4.461604e-03 1.476978e-03 9.999890e-01 5.495561e+01
9.999994e-01 -2.086549e-04 1.068055e-03 -6.652695e+00 2.086068e-04 1.000000e+00 4.538465e-05 -3.859734e-01 -1.068064e-03 -4.516128e-05 9.999994e-01 5.460671e+01
9.999612e-01 -5.468246e-04 -8.787354e-03 -6.679146e+00 5.482122e-04 9.999998e-01 1.555347e-04 -3.843547e-01 8.787268e-03 -1.603466e-04 9.999614e-01 5.456484e+01
9.999974e-01 -3.994646e-04 2.251381e-03 -6.686449e+00 4.009024e-04 9.999997e-01 -6.380784e-04 -3.792296e-01 -2.251125e-03 6.389799e-04 9.999973e-01 5.432058e+01
9.999717e-01 -1.063093e-03 -7.450263e-03 -6.646596e+00 1.060665e-03 9.999994e-01 -3.297612e-04 -3.712582e-01 7.450609e-03 3.218491e-04 9.999722e-01 5.389726e+01
9.999935e-01 -1.998076e-03 3.008829e-03 -6.363038e+00 2.021512e-03 9.999675e-01 -7.806464e-03 -3.432968e-01 -2.993132e-03 7.812496e-03 9.999650e-01 5.247694e+01
9.999991e-01 -8.852883e-04 -1.006343e-03 -6.177351e+00 8.887492e-04 9.999937e-01 3.444032e-03 -3.120596e-01 1.003287e-03 -3.444923e-03 9.999936e-01 5.105772e+01
9.999868e-01 -3.884244e-04 -5.118125e-03 -6.114692e+00 3.714383e-04 9.999944e-01 -3.319388e-03 -3.094083e-01 5.119387e-03 3.317443e-03 9.999814e-01 5.082147e+01
9.999972e-01 -2.149075e-03 -9.393749e-04 -6.077902e+00 2.152598e-03 9.999906e-01 3.765715e-03 -3.177921e-01 9.312729e-04 -3.767727e-03 9.999925e-01 5.114020e+01
9.999932e-01 -1.229601e-03 -3.478684e-03 -6.041069e+00 1.217625e-03 9.999933e-01 -3.442790e-03 -3.292956e-01 3.482895e-03 3.438531e-03 9.999880e-01 5.163769e+01
9.999974e-01 -2.076234e-03 -9.403341e-04 -6.010509e+00 2.079824e-03 9.999905e-01 3.833000e-03 -3.408013e-01 9.323666e-04 -3.834946e-03 9.999922e-01 5.214538e+01
9.999891e-01 -5.149240e-04 -4.646340e-03 -5.970842e+00 4.991876e-04 9.999941e-01 -3.387410e-03 -3.496007e-01 4.648058e-03 3.385054e-03 9.999835e-01 5.252586e+01
9.999946e-01 -3.153500e-03 8.753426e-04 -5.942390e+00 3.150278e-03 9.999883e-01 3.658038e-03 -3.604944e-01 -8.868683e-04 -3.655261e-03 9.999929e-01 5.308061e+01
9.999859e-01 3.850135e-04 -5.302509e-03 -5.924693e+00 -4.025374e-04 9.999945e-01 -3.304204e-03 -3.677613e-01 5.301208e-03 3.306292e-03 9.999805e-01 5.352222e+01
9.999950e-01 -3.168515e-03 4.538672e-05 -5.893369e+00 3.168323e-03 9.999880e-01 3.748561e-03 -3.766649e-01 -5.726388e-05 -3.748399e-03 9.999930e-01 5.392582e+01
9.999950e-01 -2.866651e-04 -3.135984e-03 -5.997624e+00 2.765297e-04 9.999947e-01 -3.232024e-03 -3.774309e-01 3.136895e-03 3.231142e-03 9.999899e-01 5.441262e+01
9.999948e-01 -3.197584e-03 -2.970082e-04 -6.059608e+00 3.198600e-03 9.999888e-01 3.485436e-03 -3.819703e-01 2.858596e-04 -3.486368e-03 9.999939e-01 5.496452e+01
9.999873e-01 6.021678e-04 -5.005135e-03 -6.034999e+00 -6.170613e-04 9.999954e-01 -2.974677e-03 -3.904674e-01 5.003321e-03 2.977729e-03 9.999830e-01 5.535248e+01
9.999926e-01 -3.833507e-03 3.082317e-04 -6.031763e+00 3.832433e-03 9.999868e-01 3.412834e-03 -3.996351e-01 -3.213111e-04 -3.411628e-03 9.999941e-01 5.582758e+01
9.999893e-01 4.229037e-04 -4.597579e-03 -6.042315e+00 -4.366179e-04 9.999955e-01 -2.982377e-03 -4.090511e-01 4.596297e-03 2.984353e-03 9.999850e-01 5.636042e+01
9.999926e-01 -3.759231e-03 7.944496e-04 -6.059998e+00 3.756477e-03 9.999870e-01 3.438815e-03 -4.173317e-01 -8.073669e-04 -3.435806e-03 9.999938e-01 5.690091e+01
9.999859e-01 9.697417e-04 -5.223386e-03 -6.074266e+00 -9.852780e-04 9.999951e-01 -2.972668e-03 -4.235299e-01 5.220478e-03 2.977773e-03 9.999819e-01 5.735085e+01
9.999962e-01 -2.359882e-03 -1.406903e-03 -5.995547e+00 2.361525e-03 9.999965e-01 1.167706e-03 -4.151166e-01 1.404142e-03 -1.171024e-03 9.999983e-01 5.687449e+01
9.999959e-01 4.190037e-04 -2.819695e-03 -5.905332e+00 -4.250522e-04 9.999976e-01 -2.144929e-03 -4.052486e-01 2.818790e-03 2.146119e-03 9.999937e-01 5.639125e+01
9.999872e-01 -1.298407e-03 -4.894231e-03 -5.875018e+00 1.305088e-03 9.999982e-01 1.362131e-03 -3.994808e-01 4.892453e-03 -1.368501e-03 9.999871e-01 5.604192e+01
9.999926e-01 -1.953560e-03 3.320784e-03 -5.647047e+00 1.976247e-03 9.999746e-01 -6.842309e-03 -3.733867e-01 -3.307332e-03 6.848822e-03 9.999711e-01 5.471843e+01
9.999909e-01 -8.782297e-04 -4.182110e-03 -5.499286e+00 8.878738e-04 9.999969e-01 2.304801e-03 -3.464666e-01 4.180072e-03 -2.308494e-03 9.999886e-01 5.342684e+01
9.999985e-01 -1.295711e-03 1.154740e-03 -5.372697e+00 1.303620e-03 9.999755e-01 -6.874633e-03 -3.205116e-01 -1.145803e-03 6.876129e-03 9.999757e-01 5.224880e+01
9.999939e-01 -3.472129e-04 -3.465950e-03 -5.368135e+00 3.656020e-04 9.999859e-01 5.306501e-03 -3.043445e-01 3.464059e-03 -5.307737e-03 9.999799e-01 5.158079e+01
9.999968e-01 -8.733482e-04 -2.365093e-03 -5.481061e+00 8.593486e-04 9.999821e-01 -5.913908e-03 -2.984124e-01 2.370216e-03 5.911857e-03 9.999797e-01 5.155665e+01
9.999933e-01 -3.564508e-04 -3.639590e-03 -5.605388e+00 3.755141e-04 9.999862e-01 5.238498e-03 -2.918954e-01 3.637672e-03 -5.239830e-03 9.999797e-01 5.154336e+01
9.999967e-01 -2.208780e-03 -1.347966e-03 -5.725555e+00 2.201808e-03 9.999843e-01 -5.151755e-03 -2.874187e-01 1.359325e-03 5.148770e-03 9.999858e-01 5.181990e+01
9.999787e-01 1.555363e-03 -6.342982e-03 -5.753945e+00 -1.520095e-03 9.999834e-01 5.561285e-03 -2.865024e-01 6.351526e-03 -5.551525e-03 9.999644e-01 5.182680e+01
9.999907e-01 -4.265942e-03 6.958818e-04 -5.384234e+00 4.273473e-03 9.999281e-01 -1.120468e-02 -2.642670e-01 -6.480329e-04 1.120755e-02 9.999370e-01 5.061699e+01
9.999897e-01 2.504590e-03 -3.787301e-03 -5.236722e+00 -2.469001e-03 9.999530e-01 9.372567e-03 -2.436157e-01 3.810597e-03 -9.363120e-03 9.999489e-01 4.967982e+01
9.999873e-01 -3.962558e-03 -3.108394e-03 -5.215793e+00 3.933856e-03 9.999501e-01 -9.186251e-03 -2.431471e-01 3.144640e-03 9.173907e-03 9.999530e-01 4.961281e+01
9.999946e-01 1.457486e-03 -2.962107e-03 -5.185490e+00 -1.428276e-03 9.999506e-01 9.839716e-03 -2.528178e-01 2.976302e-03 -9.835432e-03 9.999472e-01 4.997422e+01
9.999875e-01 -4.597170e-03 -1.942139e-03 -5.163701e+00 4.578780e-03 9.999456e-01 -9.369601e-03 -2.630999e-01 1.985108e-03 9.360592e-03 9.999542e-01 5.045118e+01
9.999919e-01 2.185259e-03 -3.380988e-03 -5.147500e+00 -2.151899e-03 9.999493e-01 9.839452e-03 -2.696890e-01 3.402318e-03 -9.832097e-03 9.999459e-01 5.080273e+01
9.999857e-01 -3.573272e-03 -3.973943e-03 -5.099335e+00 3.536581e-03 9.999514e-01 -9.201905e-03 -2.737239e-01 4.006631e-03 9.187720e-03 9.999498e-01 5.092011e+01
9.999898e-01 1.716764e-03 -4.170419e-03 -5.003959e+00 -1.676362e-03 9.999518e-01 9.672037e-03 -2.791426e-01 4.186823e-03 -9.664948e-03 9.999445e-01 5.096225e+01
9.999897e-01 -3.216008e-03 -3.215008e-03 -4.940317e+00 3.187150e-03 9.999549e-01 -8.941181e-03 -2.855478e-01 3.243619e-03 8.930843e-03 9.999549e-01 5.111396e+01
9.999955e-01 1.471763e-03 -2.612434e-03 -4.902048e+00 -1.448116e-03 9.999582e-01 9.031037e-03 -2.874842e-01 2.625616e-03 -9.027214e-03 9.999558e-01 5.111549e+01
9.999836e-01 -3.212676e-03 -4.740519e-03 -4.862235e+00 3.171852e-03 9.999580e-01 -8.594381e-03 -2.928220e-01 4.767931e-03 8.579204e-03 9.999518e-01 5.129698e+01
9.999915e-01 1.657843e-03 -3.773610e-03 -4.757447e+00 -1.621738e-03 9.999531e-01 9.550951e-03 -2.973358e-01 3.789267e-03 -9.544751e-03 9.999473e-01 5.127597e+01
9.999897e-01 -3.083144e-03 -3.330545e-03 -4.700968e+00 3.053248e-03 9.999553e-01 -8.944477e-03 -3.010089e-01 3.357974e-03 8.934217e-03 9.999545e-01 5.132142e+01
9.999944e-01 6.682963e-04 -3.282785e-03 -4.667886e+00 -6.370106e-04 9.999545e-01 9.522116e-03 -3.097059e-01 3.288999e-03 -9.519972e-03 9.999493e-01 5.165442e+01
9.999862e-01 -2.125441e-03 -4.798357e-03 -4.603192e+00 2.083169e-03 9.999591e-01 -8.797624e-03 -3.148731e-01 4.816860e-03 8.787507e-03 9.999498e-01 5.175623e+01
9.999968e-01 5.938651e-04 -2.458195e-03 -4.479173e+00 -5.732170e-04 9.999646e-01 8.391995e-03 -3.083214e-01 2.463091e-03 -8.390560e-03 9.999618e-01 5.131265e+01
9.999941e-01 -2.377738e-03 -2.489576e-03 -4.576214e+00 2.356534e-03 9.999612e-01 -8.485707e-03 -3.034039e-01 2.509657e-03 8.479790e-03 9.999609e-01 5.133655e+01
9.999949e-01 9.750511e-04 -3.050072e-03 -4.733826e+00 -9.525743e-04 9.999724e-01 7.362156e-03 -2.964753e-01 3.057166e-03 -7.359214e-03 9.999682e-01 5.130507e+01
9.999952e-01 -2.032673e-03 -2.359801e-03 -4.802391e+00 2.004044e-03 9.999251e-01 -1.207161e-02 -2.756411e-01 2.384162e-03 1.206683e-02 9.999244e-01 5.049353e+01
