9.999894e-01 6.411268e-04 4.559520e-03 1.575068e-01 -6.411737e-04 9.999998e-01 8.815535e-06 -3.630307e-02 -4.559514e-03 -1.173960e-05 9.999896e-01 1.552046e+00
9.999946e-01 -6.121415e-04 -3.221241e-03 2.531926e-01 6.087973e-04 9.999993e-01 -1.039047e-03 -6.427052e-02 3.221875e-03 1.037081e-03 9.999943e-01 2.750023e+00
9.999602e-01 4.625158e-04 8.914168e-03 3.363391e-01 -4.459970e-04 9.999982e-01 -1.854997e-03 -9.952119e-02 -8.915010e-03 1.850947e-03 9.999585e-01 4.461209e+00
9.999344e-01 1.259981e-04 -1.145079e-02 4.483957e-01 -8.976443e-05 9.999950e-01 3.164754e-03 -1.211107e-01 1.145113e-02 -3.163518e-03 9.999294e-01 5.280218e+00
9.999915e-01 7.482240e-05 4.116587e-03 5.057365e-01 -6.886921e-05 9.999990e-01 -1.446276e-03 -1.285798e-01 -4.116692e-03 1.445980e-03 9.999905e-01 5.448295e+00
9.999236e-01 -9.884700e-05 -1.236408e-02 5.579827e-01 1.379446e-04 9.999950e-01 3.161378e-03 -1.341746e-01 1.236371e-02 -3.162841e-03 9.999186e-01 5.527918e+00
9.999839e-01 1.446002e-05 5.682545e-03 6.272673e-01 -8.504121e-06 9.999995e-01 -1.048133e-03 -1.463126e-01 -5.682557e-03 1.048067e-03 9.999833e-01 5.844626e+00
9.999099e-01 4.685260e-04 -1.341398e-02 7.726453e-01 -4.232501e-04 9.999942e-01 3.377916e-03 -1.562327e-01 1.341549e-02 -3.371934e-03 9.999043e-01 5.896159e+00
9.999866e-01 5.082601e-05 5.173458e-03 8.990192e-01 -4.601455e-05 9.999996e-01 -9.301496e-04 -1.633875e-01 -5.173503e-03 9.298984e-04 9.999862e-01 5.904651e+00
9.998652e-01 -7.381082e-05 -1.641915e-02 1.039387e+00 1.463168e-04 9.999902e-01 4.414779e-03 -1.570116e-01 1.641866e-02 -4.416586e-03 9.998555e-01 5.266503e+00
9.999200e-01 1.021338e-03 1.260698e-02 1.267530e+00 -1.003924e-03 9.999985e-01 -1.387552e-03 -1.799058e-01 -1.260838e-02 1.374784e-03 9.999196e-01 5.922893e+00
9.998466e-01 -1.047373e-03 -1.748409e-02 1.507904e+00 1.049082e-03 9.999994e-01 8.860972e-05 -2.023100e-01 1.748399e-02 -1.069377e-04 9.998471e-01 6.613463e+00
9.999206e-01 1.749509e-03 1.247633e-02 1.598578e+00 -1.771242e-03 9.999969e-01 1.731124e-03 -2.167064e-01 -1.247326e-02 -1.753085e-03 9.999207e-01 7.038418e+00
9.998599e-01 -1.094060e-03 -1.670044e-02 1.697180e+00 1.080752e-03 9.999991e-01 -8.058393e-04 -2.339109e-01 1.670131e-02 7.876782e-04 9.998602e-01 7.626741e+00
9.999501e-01 1.575872e-03 9.865919e-03 2.059603e+00 -1.585750e-03 9.999982e-01 9.934592e-04 -2.562907e-01 -9.864336e-03 -1.009055e-03 9.999508e-01 8.049090e+00
9.998248e-01 -1.381076e-03 -1.866928e-02 2.203300e+00 1.407639e-03 9.999980e-01 1.409746e-03 -2.628223e-01 1.866730e-02 -1.435778e-03 9.998247e-01 7.984502e+00
9.999193e-01 1.958678e-03 1.255006e-02 2.309749e+00 -1.965267e-03 9.999979e-01 5.126802e-04 -2.752878e-01 -1.254903e-02 -5.373038e-04 9.999211e-01 8.339443e+00
9.999791e-01 3.008472e-04 -6.455811e-03 2.413428e+00 -3.067612e-04 9.999995e-01 -9.151128e-04 -3.136481e-01 6.455533e-03 9.170748e-04 9.999787e-01 1.022468e+01
9.999816e-01 3.217978e-04 6.057180e-03 2.531412e+00 -3.336640e-04 9.999980e-01 1.958122e-03 -3.405183e-01 -6.056539e-03 -1.960108e-03 9.999797e-01 1.142032e+01
9.999058e-01 -3.478021e-04 -1.372040e-02 2.737729e+00 3.243064e-04 9.999985e-01 -1.714654e-03 -3.568273e-01 1.372097e-02 1.710044e-03 9.999044e-01 1.184983e+01
9.999494e-01 1.142361e-03 9.999538e-03 2.856170e+00 -1.169872e-03 9.999955e-01 2.745794e-03 -3.767232e-01 -9.996357e-03 -2.757354e-03 9.999462e-01 1.249873e+01
9.998338e-01 -5.427362e-04 -1.822082e-02 3.043549e+00 5.279385e-04 9.999995e-01 -8.169336e-04 -3.916432e-01 1.822126e-02 8.071791e-04 9.998337e-01 1.277787e+01
9.999517e-01 9.227948e-04 9.783651e-03 3.244721e+00 -9.521442e-04 9.999951e-01 2.995600e-03 -3.988158e-01 -9.780838e-03 -3.004771e-03 9.999477e-01 1.256350e+01
9.997882e-01 -9.646820e-04 -2.055605e-02 3.431735e+00 9.676629e-04 9.999995e-01 1.350646e-04 -3.994249e-01 2.055592e-02 -1.549266e-04 9.997887e-01 1.220387e+01
9.999372e-01 8.369886e-04 1.117904e-02 3.569974e+00 -8.662642e-04 9.999962e-01 2.614201e-03 -4.012549e-01 -1.117681e-02 -2.623722e-03 9.999341e-01 1.193093e+01
9.997716e-01 -5.688721e-04 -2.136223e-02 3.812454e+00 5.657873e-04 9.999998e-01 -1.504507e-04 -4.045940e-01 2.136231e-02 1.383306e-04 9.997718e-01 1.154583e+01
9.999538e-01 8.095915e-04 9.581641e-03 4.109916e+00 -8.383596e-04 9.999952e-01 2.998774e-03 -4.134582e-01 -9.579167e-03 -3.006669e-03 9.999496e-01 1.143451e+01
9.998541e-01 -8.600623e-04 -1.706022e-02 4.251873e+00 8.431966e-04 9.999991e-01 -9.957694e-04 -4.223353e-01 1.706106e-02 9.812397e-04 9.998540e-01 1.140972e+01
9.999788e-01 1.134320e-03 6.417073e-03 4.477836e+00 -1.159278e-03 9.999918e-01 3.887029e-03 -4.224368e-01 -6.412612e-03 -3.894387e-03 9.999719e-01 1.089841e+01
9.999457e-01 -2.613975e-04 -1.041766e-02 4.668950e+00 2.463981e-04 9.999989e-01 -1.441064e-03 -4.443078e-01 1.041803e-02 1.438420e-03 9.999447e-01 1.161892e+01
9.999706e-01 7.450806e-04 7.636369e-03 4.813941e+00 -7.513693e-04 9.999994e-01 8.206711e-04 -4.670329e-01 -7.635753e-03 -8.263854e-04 9.999705e-01 1.243756e+01
9.998254e-01 -6.468323e-04 -1.867616e-02 5.048337e+00 6.894173e-04 9.999972e-01 2.273829e-03 -4.693358e-01 1.867464e-02 -2.286307e-03 9.998230e-01 1.204305e+01
9.999331e-01 1.212899e-03 1.150448e-02 5.193415e+00 -1.215867e-03 9.999992e-01 2.510408e-04 -4.813514e-01 -1.150417e-02 -2.650126e-04 9.999338e-01 1.224951e+01
9.998450e-01 -6.698839e-04 -1.759288e-02 5.356442e+00 6.947991e-04 9.999988e-01 1.410131e-03 -4.992089e-01 1.759191e-02 -1.422135e-03 9.998442e-01 1.270472e+01
9.999419e-01 1.199851e-03 1.071327e-02 5.560144e+00 -1.202327e-03 9.999993e-01 2.246590e-04 -5.128062e-01 -1.071299e-02 -2.375275e-04 9.999426e-01 1.282818e+01
9.998009e-01 -8.809983e-04 -1.993331e-02 5.722890e+00 9.313188e-04 9.999964e-01 2.515296e-03 -5.194393e-01 1.993102e-02 -2.533359e-03 9.997981e-01 1.278451e+01
9.999274e-01 1.227855e-03 1.198755e-02 5.900037e+00 -1.213871e-03 9.999986e-01 -1.173698e-03 -5.302395e-01 -1.198897e-02 1.159061e-03 9.999275e-01 1.285847e+01
9.998169e-01 -4.896047e-04 -1.912909e-02 6.055682e+00 5.507824e-04 9.999948e-01 3.193008e-03 -5.433840e-01 1.912742e-02 -3.202958e-03 9.998119e-01 1.313658e+01
9.999208e-01 1.216523e-03 1.252796e-02 6.198039e+00 -1.202671e-03 9.999987e-01 -1.113191e-03 -5.565484e-01 -1.252930e-02 1.098035e-03 9.999209e-01 1.343660e+01
9.998520e-01 -5.070096e-04 -1.719836e-02 6.262140e+00 5.513354e-04 9.999965e-01 2.572677e-03 -5.707787e-01 1.719699e-02 -2.581777e-03 9.998488e-01 1.393278e+01
9.999529e-01 9.407519e-04 9.657455e-03 6.434207e+00 -9.296264e-04 9.999989e-01 -1.156442e-03 -5.845905e-01 -9.658533e-03 1.147409e-03 9.999527e-01 1.421176e+01
9.998868e-01 -4.449817e-04 -1.504167e-02 6.582336e+00 4.750774e-04 9.999979e-01 1.997305e-03 -6.018910e-01 1.504075e-02 -2.004224e-03 9.998849e-01 1.469364e+01
9.999797e-01 5.044682e-04 6.355972e-03 6.735502e+00 -5.050959e-04 9.999999e-01 9.713780e-05 -6.086458e-01 -6.355923e-03 -1.003469e-04 9.999798e-01 1.460818e+01
9.999093e-01 -2.059024e-04 -1.346664e-02 6.825033e+00 2.328346e-04 9.999980e-01 1.998381e-03 -6.155304e-01 1.346620e-02 -2.001335e-03 9.999073e-01 1.467780e+01
9.999038e-01 1.353626e-03 1.380424e-02 6.915269e+00 -1.365406e-03 9.999987e-01 8.439586e-04 -6.388145e-01 -1.380308e-02 -8.627265e-04 9.999044e-01 1.570886e+01
9.998328e-01 -1.121753e-03 -1.825100e-02 6.965283e+00 1.124387e-03 9.999994e-01 1.340501e-04 -6.532900e-01 1.825084e-02 -1.545482e-04 9.998334e-01 1.622086e+01
9.998876e-01 1.451491e-03 1.491925e-02 7.030757e+00 -1.462382e-03 9.999987e-01 7.191367e-04 -6.702298e-01 -1.491819e-02 -7.408743e-04 9.998884e-01 1.684440e+01
9.998395e-01 -6.670120e-04 -1.790419e-02 7.085943e+00 6.785084e-04 9.999996e-01 6.360326e-04 -6.879917e-01 1.790375e-02 -6.480779e-04 9.998395e-01 1.757876e+01
9.998788e-01 2.255628e-03 1.540247e-02 7.171466e+00 -2.276005e-03 9.999966e-01 1.305590e-03 -7.118136e-01 -1.539947e-02 -1.340488e-03 9.998805e-01 1.861146e+01
9.999027e-01 -1.293162e-03 -1.388973e-02 7.233229e+00 1.284525e-03 9.999990e-01 -6.307198e-04 -7.388539e-01 1.389053e-02 6.128174e-04 9.999033e-01 1.980110e+01
9.999321e-01 2.310627e-03 1.141767e-02 7.321032e+00 -2.334278e-03 9.999952e-01 2.058517e-03 -7.630343e-01 -1.141286e-02 -2.085030e-03 9.999327e-01 2.078564e+01
9.999102e-01 -1.409030e-03 -1.332735e-02 7.426656e+00 1.392600e-03 9.999983e-01 -1.242014e-03 -7.860415e-01 1.332907e-02 1.223343e-03 9.999104e-01 2.165509e+01
9.999392e-01 2.430222e-03 1.075418e-02 7.485705e+00 -2.460962e-03 9.999929e-01 2.846123e-03 -8.051426e-01 -1.074718e-02 -2.872416e-03 9.999381e-01 2.247709e+01
9.999061e-01 -1.759515e-03 -1.359163e-02 7.559647e+00 1.736328e-03 9.999970e-01 -1.717575e-03 -8.247273e-01 1.359461e-02 1.693815e-03 9.999062e-01 2.326138e+01
9.999360e-01 2.599324e-03 1.101295e-02 7.610988e+00 -2.634499e-03 9.999915e-01 3.180674e-03 -8.424256e-01 -1.100459e-02 -3.209484e-03 9.999343e-01 2.402827e+01
9.998880e-01 -2.073342e-03 -1.481894e-02 7.680294e+00 2.045941e-03 9.999962e-01 -1.864019e-03 -8.576728e-01 1.482275e-02 1.833492e-03 9.998885e-01 2.462349e+01
9.999344e-01 2.878813e-03 1.108601e-02 7.723045e+00 -2.919925e-03 9.999889e-01 3.693995e-03 -8.729948e-01 -1.107525e-02 -3.726124e-03 9.999317e-01 2.531498e+01
9.999716e-01 -1.313916e-03 -7.427329e-03 7.799077e+00 1.305511e-03 9.999985e-01 -1.136435e-03 -9.016779e-01 7.428812e-03 1.126707e-03 9.999718e-01 2.673515e+01
9.999988e-01 1.321377e-03 -8.338715e-04 7.975177e+00 -1.319934e-03 9.999976e-01 1.728324e-03 -9.113113e-01 8.361530e-04 -1.727222e-03 9.999982e-01 2.681850e+01
9.999399e-01 -1.057482e-03 -1.091645e-02 8.232153e+00 1.065745e-03 9.999991e-01 7.511588e-04 -9.186916e-01 1.091565e-02 -7.627470e-04 9.999401e-01 2.669102e+01
9.999678e-01 1.849630e-03 7.803145e-03 8.319877e+00 -1.854480e-03 9.999981e-01 6.143789e-04 -9.390928e-01 -7.801994e-03 -6.288307e-04 9.999694e-01 2.739496e+01
9.999549e-01 -9.039050e-04 -9.454708e-03 8.406468e+00 9.067863e-04 9.999995e-01 3.004555e-04 -9.610615e-01 9.454433e-03 -3.090147e-04 9.999553e-01 2.824784e+01
9.999840e-01 1.475820e-03 5.461761e-03 8.505277e+00 -1.477948e-03 9.999988e-01 3.857179e-04 -9.776961e-01 -5.461186e-03 -3.937846e-04 9.999850e-01 2.877040e+01
9.999859e-01 -1.070508e-03 -5.204993e-03 8.521751e+00 1.072525e-03 9.999994e-01 3.847031e-04 -9.978126e-01 5.204578e-03 -3.902795e-04 9.999864e-01 2.970464e+01
9.999972e-01 2.141228e-04 -2.362281e-03 8.507227e+00 -2.111955e-04 9.999992e-01 1.239403e-03 -1.001333e+00 2.362544e-03 -1.238901e-03 9.999964e-01 2.977878e+01
9.999872e-01 -4.164630e-04 -5.046065e-03 8.486756e+00 4.190570e-04 9.999998e-01 5.130016e-04 -9.993880e-01 5.045851e-03 -5.151089e-04 9.999871e-01 2.963545e+01
9.999979e-01 1.242704e-03 -1.639445e-03 8.504796e+00 -1.239936e-03 9.999978e-01 1.688272e-03 -1.010642e+00 1.641539e-03 -1.686237e-03 9.999972e-01 3.008569e+01
9.999999e-01 -4.888885e-04 -1.134963e-04 8.559828e+00 4.888331e-04 9.999998e-01 -4.890328e-04 -1.029231e+00 1.137357e-04 4.889780e-04 9.999999e-01 3.084666e+01
9.999835e-01 -5.708192e-05 -5.737491e-03 8.546857e+00 6.440858e-05 9.999992e-01 1.276825e-03 -1.036690e+00 5.737413e-03 -1.277175e-03 9.999827e-01 3.112465e+01
9.999940e-01 9.935743e-04 3.328075e-03 8.521402e+00 -9.960413e-04 9.999992e-01 7.397296e-04 -1.049349e+00 -3.327337e-03 -7.430393e-04 9.999942e-01 3.182732e+01
9.999946e-01 9.022246e-05 -3.274740e-03 8.492648e+00 -8.639427e-05 9.999993e-01 1.169170e-03 -1.065653e+00 3.274843e-03 -1.168881e-03 9.999940e-01 3.276607e+01
9.999949e-01 8.936642e-04 3.078877e-03 8.478763e+00 -8.949605e-04 9.999995e-01 4.197082e-04 -1.082887e+00 -3.078500e-03 -4.224608e-04 9.999952e-01 3.369302e+01
9.999983e-01 4.905770e-05 -1.835577e-03 8.466162e+00 -4.620296e-05 9.999988e-01 1.555308e-03 -1.101405e+00 1.835651e-03 -1.555221e-03 9.999971e-01 3.474208e+01
9.999966e-01 -3.500848e-05 2.611147e-03 8.449092e+00 3.752995e-05 9.999995e-01 -9.655641e-04 -1.121902e+00 -2.611112e-03 9.656595e-04 9.999961e-01 3.578399e+01
9.999852e-01 8.403025e-04 -5.377533e-03 8.446798e+00 -8.260836e-04 9.999962e-01 2.645839e-03 -1.135734e+00 5.379736e-03 -2.641359e-03 9.999820e-01 3.644202e+01
9.999935e-01 1.381034e-04 3.611618e-03 8.455265e+00 -1.350593e-04 9.999996e-01 -8.430500e-04 -1.152453e+00 -3.611732e-03 8.425574e-04 9.999931e-01 3.725737e+01
9.999912e-01 5.059213e-04 -4.167624e-03 8.550171e+00 -4.959588e-04 9.999970e-01 2.391174e-03 -1.176914e+00 4.168821e-03 -2.389086e-03 9.999885e-01 3.827844e+01
9.999970e-01 -5.272503e-04 2.408541e-03 8.619851e+00 5.336448e-04 9.999963e-01 -2.655001e-03 -1.197730e+00 -2.407132e-03 2.656279e-03 9.999936e-01 3.910545e+01
9.999708e-01 1.136236e-03 -7.558586e-03 8.609379e+00 -1.101076e-03 9.999886e-01 4.654162e-03 -1.207886e+00 7.563787e-03 -4.645704e-03 9.999606e-01 3.956291e+01
9.999895e-01 -3.267641e-04 4.566306e-03 8.619095e+00 3.411862e-04 9.999950e-01 -3.157915e-03 -1.222746e+00 -4.565251e-03 3.159441e-03 9.999846e-01 4.021616e+01
9.999663e-01 7.706358e-04 -8.179475e-03 8.635367e+00 -7.343970e-04 9.999899e-01 4.432550e-03 -1.236824e+00 8.182808e-03 -4.426394e-03 9.999567e-01 4.079860e+01
9.999880e-01 2.444347e-04 4.899112e-03 8.633204e+00 -2.325919e-04 9.999971e-01 -2.417749e-03 -1.250043e+00 -4.899689e-03 2.416581e-03 9.999851e-01 4.142638e+01
9.999730e-01 3.811228e-04 -7.331960e-03 8.632701e+00 -3.532825e-04 9.999927e-01 3.798060e-03 -1.263780e+00 7.333354e-03 -3.795368e-03 9.999659e-01 4.207375e+01
9.999919e-01 3.274077e-04 4.007299e-03 8.639710e+00 -3.191162e-04 9.999978e-01 -2.069524e-03 -1.278340e+00 -4.007967e-03 2.068230e-03 9.999898e-01 4.274061e+01
9.999649e-01 1.476067e-03 -8.250075e-03 8.711359e+00 -1.441533e-03 9.999902e-01 4.190229e-03 -1.298028e+00 8.256178e-03 -4.178190e-03 9.999572e-01 4.358105e+01
9.999746e-01 -1.220282e-03 7.024386e-03 8.843477e+00 1.244645e-03 9.999932e-01 -3.464943e-03 -1.323916e+00 -7.020110e-03 3.473599e-03 9.999693e-01 4.457177e+01
9.998803e-01 1.520866e-03 -1.539454e-02 8.967292e+00 -1.441422e-03 9.999856e-01 5.170329e-03 -1.335653e+00 1.540218e-02 -5.147521e-03 9.998681e-01 4.485364e+01
9.999655e-01 -1.300677e-03 8.202986e-03 8.999554e+00 1.333050e-03 9.999913e-01 -3.942287e-03 -1.342510e+00 -8.197787e-03 3.953087e-03 9.999586e-01 4.501286e+01
9.997448e-01 2.383778e-03 -2.246230e-02 9.345174e+00 -2.220559e-03 9.999710e-01 7.288521e-03 -1.334969e+00 2.247902e-02 -7.236783e-03 9.997211e-01 4.416446e+01
9.997427e-01 -2.073688e-03 2.258631e-02 9.609072e+00 2.156400e-03 9.999911e-01 -3.638287e-03 -1.365364e+00 -2.257856e-02 3.686057e-03 9.997383e-01 4.522702e+01
9.996949e-01 1.102800e-03 -2.467657e-02 9.728590e+00 -1.069931e-03 9.999985e-01 1.345179e-03 -1.390698e+00 2.467801e-02 -1.318367e-03 9.996946e-01 4.628757e+01
9.998938e-01 -1.024247e-03 1.453899e-02 9.949893e+00 1.011572e-03 9.999991e-01 8.791337e-04 -1.399859e+00 -1.453988e-02 -8.643323e-04 9.998939e-01 4.633067e+01
9.998466e-01 1.699729e-03 -1.743371e-02 1.005065e+01 -1.683662e-03 9.999981e-01 9.362062e-04 -1.421088e+00 1.743527e-02 -9.067108e-04 9.998476e-01 4.715520e+01
9.998119e-01 -1.967521e-03 1.929428e-02 1.012948e+01 2.010775e-03 9.999955e-01 -2.222655e-03 -1.449992e+00 -1.928982e-02 2.261034e-03 9.998114e-01 4.843969e+01
9.996353e-01 2.437465e-03 -2.689535e-02 1.025146e+01 -2.325073e-03 9.999884e-01 4.209351e-03 -1.458109e+00 2.690530e-02 -4.145283e-03 9.996294e-01 4.843733e+01
9.997343e-01 -1.621941e-03 2.299194e-02 1.029458e+01 1.679943e-03 9.999955e-01 -2.503603e-03 -1.473751e+00 -2.298778e-02 2.541564e-03 9.997325e-01 4.903024e+01
9.996467e-01 2.150433e-03 -2.649190e-02 1.036321e+01 -2.058462e-03 9.999918e-01 3.498456e-03 -1.491570e+00 2.649921e-02 -3.442689e-03 9.996429e-01 4.966217e+01
9.996073e-01 -6.969440e-04 2.801322e-02 1.044172e+01 7.258476e-04 9.999992e-01 -1.021623e-03 -1.516858e+00 -2.801248e-02 1.041556e-03 9.996070e-01 5.081831e+01
9.995411e-01 1.143331e-03 -3.027078e-02 1.052516e+01 -1.101107e-03 9.999984e-01 1.411519e-03 -1.538384e+00 3.027235e-02 -1.377541e-03 9.995407e-01 5.163670e+01
9.996163e-01 -3.386171e-04 2.769872e-02 1.054190e+01 3.320880e-04 9.999999e-01 2.403221e-04 -1.553358e+00 -2.769880e-02 -2.310308e-04 9.996163e-01 5.228819e+01
9.995275e-01 1.241631e-03 -3.071109e-02 1.057000e+01 -1.193307e-03 9.999980e-01 1.591788e-03 -1.570347e+00 3.071300e-02 -1.554389e-03 9.995270e-01 5.301062e+01
9.996274e-01 -9.921271e-04 2.727773e-02 1.062463e+01 1.007708e-03 9.999993e-01 -5.574480e-04 -1.588192e+00 -2.727716e-02 5.847290e-04 9.996277e-01 5.365809e+01
9.995373e-01 1.831439e-03 -3.036332e-02 1.068983e+01 -1.769346e-03 9.999963e-01 2.071728e-03 -1.605680e+00 3.036700e-02 -2.017047e-03 9.995368e-01 5.432296e+01
9.996294e-01 -1.484546e-03 2.718131e-02 1.079371e+01 1.531643e-03 9.999974e-01 -1.711929e-03 -1.624265e+00 -2.717870e-02 1.752928e-03 9.996291e-01 5.492154e+01
9.995650e-01 2.632310e-03 -2.937619e-02 1.091905e+01 -2.519033e-03 9.999893e-01 3.892414e-03 -1.646304e+00 2.938612e-02 -3.816722e-03 9.995608e-01 5.575494e+01
9.997095e-01 -2.529816e-03 2.396768e-02 1.116167e+01 2.622254e-03 9.999892e-01 -3.826146e-03 -1.665544e+00 -2.395774e-02 3.887884e-03 9.997054e-01 5.614037e+01
9.993912e-01 2.754825e-03 -3.477972e-02 1.136999e+01 -2.523105e-03 9.999743e-01 6.704648e-03 -1.668828e+00 3.479730e-02 -6.612814e-03 9.993725e-01 5.578222e+01
9.996957e-01 -2.342292e-03 2.455818e-02 1.156748e+01 2.446188e-03 9.999882e-01 -4.201390e-03 -1.669883e+00 -2.454805e-02 4.260186e-03 9.996896e-01 5.534028e+01
9.993563e-01 2.923596e-03 -3.575603e-02 1.173226e+01 -2.646046e-03 9.999660e-01 7.807189e-03 -1.660400e+00 3.577764e-02 -7.707552e-03 9.993301e-01 5.456718e+01
9.997032e-01 -2.772039e-03 2.420442e-02 1.184535e+01 2.874073e-03 9.999871e-01 -4.181731e-03 -1.649661e+00 -2.419251e-02 4.250056e-03 9.996983e-01 5.382745e+01
9.994030e-01 2.838966e-03 -3.443298e-02 1.189561e+01 -2.596229e-03 9.999715e-01 7.092224e-03 -1.644195e+00 3.445213e-02 -6.998595e-03 9.993818e-01 5.334772e+01
9.996994e-01 -2.619720e-03 2.437914e-02 1.190218e+01 2.731952e-03 9.999858e-01 -4.571431e-03 -1.635818e+00 -2.436682e-02 4.636660e-03 9.996923e-01 5.286126e+01
9.993770e-01 3.006430e-03 -3.516504e-02 1.198308e+01 -2.725104e-03 9.999639e-01 8.045369e-03 -1.622694e+00 3.518796e-02 -7.944529e-03 9.993491e-01 5.208134e+01
9.996973e-01 -2.635393e-03 2.446094e-02 1.203539e+01 2.760939e-03 9.999832e-01 -5.100144e-03 -1.612055e+00 -2.444708e-02 5.166136e-03 9.996878e-01 5.140032e+01
9.993541e-01 3.215739e-03 -3.579084e-02 1.214737e+01 -2.903449e-03 9.999573e-01 8.773972e-03 -1.597955e+00 3.581753e-02 -8.664389e-03 9.993208e-01 5.054723e+01
9.996881e-01 -2.606078e-03 2.483580e-02 1.220689e+01 2.735358e-03 9.999829e-01 -5.172833e-03 -1.583991e+00 -2.482189e-02 5.239155e-03 9.996782e-01 4.973842e+01
9.993190e-01 3.149964e-03 -3.676544e-02 1.233130e+01 -2.817246e-03 9.999546e-01 9.098043e-03 -1.568824e+00 3.679243e-02 -8.988270e-03 9.992825e-01 4.884977e+01
9.996723e-01 -2.874218e-03 2.543665e-02 1.237612e+01 3.017930e-03 9.999797e-01 -5.613206e-03 -1.556313e+00 -2.542000e-02 5.688133e-03 9.996607e-01 4.813902e+01
9.993357e-01 3.452121e-03 -3.627957e-02 1.241804e+01 -3.130113e-03 9.999552e-01 8.928803e-03 -1.542792e+00 3.630877e-02 -8.809314e-03 9.993018e-01 4.739991e+01
9.996879e-01 -2.620205e-03 2.484283e-02 1.253978e+01 2.732224e-03 9.999862e-01 -4.476228e-03 -1.525561e+00 -2.483076e-02 4.542708e-03 9.996813e-01 4.638386e+01
9.993075e-01 3.662833e-03 -3.702954e-02 1.258868e+01 -3.329026e-03 9.999533e-01 9.072258e-03 -1.503995e+00 3.706104e-02 -8.942704e-03 9.992730e-01 4.527710e+01
9.996938e-01 -2.836037e-03 2.458062e-02 1.268353e+01 2.938825e-03 9.999871e-01 -4.146532e-03 -1.481998e+00 -2.456854e-02 4.217501e-03 9.996893e-01 4.412979e+01
9.992921e-01 3.509853e-03 -3.745695e-02 1.287283e+01 -3.178635e-03 9.999554e-01 8.898517e-03 -1.463036e+00 3.748651e-02 -8.773156e-03 9.992586e-01 4.298363e+01
9.996772e-01 -3.539651e-03 2.515853e-02 1.301112e+01 3.674238e-03 9.999792e-01 -5.305320e-03 -1.462029e+00 -2.513923e-02 5.396047e-03 9.996694e-01 4.266405e+01
9.994315e-01 3.908735e-03 -3.348777e-02 1.314386e+01 -3.668766e-03 9.999672e-01 7.224331e-03 -1.466949e+00 3.351491e-02 -7.097366e-03 9.994130e-01 4.248701e+01
9.997545e-01 -3.515262e-03 2.187544e-02 1.326333e+01 3.590374e-03 9.999878e-01 -3.395255e-03 -1.453203e+00 -2.186324e-02 3.472963e-03 9.997549e-01 4.162583e+01
9.995791e-01 4.111707e-03 -2.871918e-02 1.322870e+01 -3.931946e-03 9.999723e-01 6.312960e-03 -1.458255e+00 2.874434e-02 -6.197382e-03 9.995676e-01 4.188599e+01
9.998314e-01 -3.891808e-03 1.794586e-02 1.327456e+01 3.952558e-03 9.999866e-01 -3.350958e-03 -1.449665e+00 -1.793258e-02 3.421326e-03 9.998333e-01 4.131534e+01
9.995520e-01 4.124821e-03 -2.964441e-02 1.331773e+01 -3.916404e-03 9.999672e-01 7.085224e-03 -1.437358e+00 2.967267e-02 -6.965951e-03 9.995354e-01 4.059550e+01
9.998265e-01 -3.510329e-03 1.829155e-02 1.343409e+01 3.559545e-03 9.999901e-01 -2.658776e-03 -1.419399e+00 -1.828204e-02 2.723425e-03 9.998292e-01 3.956114e+01
9.994965e-01 4.171321e-03 -3.145293e-02 1.353087e+01 -3.925925e-03 9.999614e-01 7.859726e-03 -1.394252e+00 3.148450e-02 -7.732288e-03 9.994743e-01 3.829265e+01
9.998298e-01 -3.804093e-03 1.805209e-02 1.359418e+01 3.867109e-03 9.999865e-01 -3.457146e-03 -1.373782e+00 -1.803870e-02 3.526368e-03 9.998311e-01 3.726579e+01
9.995335e-01 4.539261e-03 -3.020146e-02 1.366657e+01 -4.304822e-03 9.999601e-01 7.823019e-03 -1.354359e+00 3.023577e-02 -7.689358e-03 9.995132e-01 3.625660e+01
9.998306e-01 -3.382803e-03 1.809449e-02 1.361140e+01 3.419276e-03 9.999922e-01 -1.985140e-03 -1.319241e+00 -1.808764e-02 2.046675e-03 9.998343e-01 3.483928e+01
9.994872e-01 4.334270e-03 -3.172620e-02 1.351696e+01 -4.064388e-03 9.999550e-01 8.566158e-03 -1.276932e+00 3.176190e-02 -8.432818e-03 9.994599e-01 3.324021e+01
9.998213e-01 -3.709323e-03 1.853882e-02 1.319606e+01 3.727223e-03 9.999926e-01 -9.310421e-04 -1.220875e+00 -1.853523e-02 9.999747e-04 9.998277e-01 3.156564e+01
9.994370e-01 3.711974e-03 -3.334571e-02 1.311639e+01 -3.476756e-03 9.999687e-01 7.109153e-03 -1.180460e+00 3.337105e-02 -6.989216e-03 9.994186e-01 3.015265e+01
9.997739e-01 -3.282685e-03 2.100657e-02 1.313883e+01 3.343731e-03 9.999903e-01 -2.871565e-03 -1.162164e+00 -2.099693e-02 2.941157e-03 9.997752e-01 2.921238e+01
9.994058e-01 4.089851e-03 -3.422551e-02 1.320987e+01 -3.830074e-03 9.999634e-01 7.652286e-03 -1.140855e+00 3.425555e-02 -7.516653e-03 9.993848e-01 2.813765e+01
9.997855e-01 -3.899587e-03 2.033909e-02 1.318057e+01 3.953944e-03 9.999887e-01 -2.632983e-03 -1.118526e+00 -2.032860e-02 2.712839e-03 9.997897e-01 2.710814e+01
9.993679e-01 4.183233e-03 -3.530228e-02 1.292737e+01 -3.872358e-03 9.999532e-01 8.869882e-03 -1.081498e+00 3.533774e-02 -8.727573e-03 9.993373e-01 2.617581e+01
9.997688e-01 -4.411329e-03 2.104335e-02 1.287055e+01 4.515883e-03 9.999777e-01 -4.923542e-03 -1.059144e+00 -2.102116e-02 5.017434e-03 9.997664e-01 2.536211e+01
9.993731e-01 4.927018e-03 -3.505773e-02 1.291876e+01 -4.617594e-03 9.999497e-01 8.901657e-03 -1.035768e+00 3.509983e-02 -8.734195e-03 9.993456e-01 2.433534e+01
9.997238e-01 -4.281259e-03 2.310867e-02 1.294340e+01 4.403550e-03 9.999766e-01 -5.243708e-03 -1.016918e+00 -2.308568e-02 5.344020e-03 9.997192e-01 2.340502e+01
9.993280e-01 4.127948e-03 -3.642015e-02 1.278769e+01 -3.758948e-03 9.999410e-01 1.019443e-02 -9.937687e-01 3.646008e-02 -1.005068e-02 9.992846e-01 2.250809e+01
9.997519e-01 -3.662322e-03 2.197249e-02 1.279212e+01 3.771418e-03 9.999808e-01 -4.925728e-03 -9.613394e-01 -2.195402e-02 5.007374e-03 9.997464e-01 2.116505e+01
9.992995e-01 4.158058e-03 -3.719108e-02 1.281384e+01 -3.741900e-03 9.999297e-01 1.125236e-02 -9.254412e-01 3.723525e-02 -1.110531e-02 9.992448e-01 1.967287e+01
9.996821e-01 -3.459797e-03 2.497429e-02 1.285301e+01 3.643653e-03 9.999666e-01 -7.320036e-03 -9.078863e-01 -2.494813e-02 7.408708e-03 9.996613e-01 1.879681e+01
9.992828e-01 4.242204e-03 -3.762884e-02 1.292607e+01 -3.797734e-03 9.999223e-01 1.187559e-02 -8.880563e-01 3.767629e-02 -1.172417e-02 9.992212e-01 1.774494e+01
9.996654e-01 -3.907333e-03 2.557032e-02 1.305583e+01 4.106815e-03 9.999615e-01 -7.753419e-03 -8.748969e-01 -2.553904e-02 7.855838e-03 9.996430e-01 1.687350e+01
9.993525e-01 4.582483e-03 -3.568816e-02 1.314635e+01 -4.184906e-03 9.999284e-01 1.120704e-02 -8.647109e-01 3.573696e-02 -1.105043e-02 9.993001e-01 1.614898e+01
9.996929e-01 -4.060000e-03 2.444766e-02 1.327182e+01 4.235732e-03 9.999655e-01 -7.140610e-03 -8.505226e-01 -2.441782e-02 7.241972e-03 9.996756e-01 1.525644e+01
9.993467e-01 4.532898e-03 -3.585530e-02 1.343431e+01 -4.141750e-03 9.999312e-01 1.097582e-02 -8.404251e-01 3.590259e-02 -1.082015e-02 9.992967e-01 1.447007e+01
9.997148e-01 -3.669276e-03 2.359633e-02 1.365422e+01 3.819512e-03 9.999727e-01 -6.324993e-03 -8.238535e-01 -2.357248e-02 6.413316e-03 9.997016e-01 1.337286e+01
9.993301e-01 4.121653e-03 -3.636411e-02 1.385521e+01 -3.750830e-03 9.999403e-01 1.025984e-02 -8.124425e-01 3.640423e-02 -1.011658e-02 9.992859e-01 1.251995e+01
9.996608e-01 -4.048263e-03 2.572561e-02 1.392708e+01 4.235943e-03 9.999648e-01 -7.245156e-03 -8.068307e-01 -2.569537e-02 7.351672e-03 9.996428e-01 1.200899e+01
9.993617e-01 4.603525e-03 -3.542719e-02 1.403017e+01 -4.244457e-03 9.999389e-01 1.020392e-02 -8.008690e-01 3.547200e-02 -1.004703e-02 9.993202e-01 1.140599e+01
9.997275e-01 -4.043536e-03 2.298894e-02 1.414287e+01 4.183254e-03 9.999731e-01 -6.032757e-03 -7.847437e-01 -2.296393e-02 6.127282e-03 9.997175e-01 1.044742e+01
9.993803e-01 4.736208e-03 -3.487855e-02 1.421903e+01 -4.391846e-03 9.999409e-01 9.943190e-03 -7.675654e-01 3.492358e-02 -9.783848e-03 9.993421e-01 9.538959e+00
9.997211e-01 -4.118374e-03 2.325470e-02 1.430847e+01 4.258537e-03 9.999730e-01 -5.980992e-03 -7.525599e-01 -2.322944e-02 6.078355e-03 9.997117e-01 8.667435e+00
9.993717e-01 5.085204e-03 -3.507558e-02 1.438517e+01 -4.724012e-03 9.999350e-01 1.037276e-02 -7.324728e-01 3.512604e-02 -1.020055e-02 9.993308e-01 7.627784e+00
9.997520e-01 -4.349625e-03 2.184215e-02 1.446099e+01 4.470207e-03 9.999750e-01 -5.474813e-03 -7.079717e-01 -2.181779e-02 5.571095e-03 9.997464e-01 6.425873e+00
9.994015e-01 4.989339e-03 -3.423127e-02 1.465008e+01 -4.669247e-03 9.999447e-01 9.424468e-03 -6.971402e-01 3.427639e-02 -9.258994e-03 9.993695e-01 5.604661e+00
9.997239e-01 -5.216467e-03 2.290990e-02 1.483356e+01 5.345658e-03 9.999701e-01 -5.581476e-03 -6.953496e-01 -2.288010e-02 5.702404e-03 9.997220e-01 5.141090e+00
9.994195e-01 6.013593e-03 -3.353333e-02 1.498183e+01 -5.709161e-03 9.999417e-01 9.166883e-03 -6.884282e-01 3.358650e-02 -8.970115e-03 9.993956e-01 4.440839e+00
9.997582e-01 -5.978337e-03 2.116080e-02 1.507688e+01 6.098613e-03 9.999656e-01 -5.623931e-03 -6.783627e-01 -2.112645e-02 5.751623e-03 9.997603e-01 3.771582e+00
9.996867e-01 1.045787e-02 -2.273955e-02 1.500400e+01 -1.023657e-02 9.998993e-01 9.826444e-03 -6.883800e-01 2.284002e-02 -9.590591e-03 9.996931e-01 4.743451e+00
9.998330e-01 -9.222972e-03 1.577430e-02 1.486504e+01 9.341245e-03 9.999287e-01 -7.440651e-03 -6.820566e-01 -1.570455e-02 7.586761e-03 9.998479e-01 5.000834e+00
9.995508e-01 9.594984e-03 -2.839301e-02 1.491158e+01 -9.269387e-03 9.998900e-01 1.157700e-02 -6.632449e-01 2.850097e-02 -1.130861e-02 9.995298e-01 4.086999e+00
9.998132e-01 -9.050525e-03 1.707600e-02 1.492440e+01 9.188420e-03 9.999257e-01 -8.014285e-03 -6.465698e-01 -1.700219e-02 8.169690e-03 9.998221e-01 3.317671e+00
9.995066e-01 9.973518e-03 -2.978525e-02 1.502066e+01 -9.590946e-03 9.998700e-01 1.295974e-02 -6.230095e-01 2.991063e-02 -1.266768e-02 9.994723e-01 2.115970e+00
9.998178e-01 -9.193317e-03 1.672962e-02 1.511574e+01 9.333956e-03 9.999216e-01 -8.348010e-03 -6.006505e-01 -1.665156e-02 8.502643e-03 9.998252e-01 9.741724e-01
9.995165e-01 9.968000e-03 -2.945144e-02 1.521887e+01 -9.597296e-03 9.998733e-01 1.270165e-02 -5.808949e-01 2.957432e-02 -1.241285e-02 9.994855e-01 -6.933459e-02
9.998106e-01 -9.185650e-03 1.715891e-02 1.526945e+01 9.333542e-03 9.999198e-01 -8.558851e-03 -5.615674e-01 -1.707892e-02 8.717384e-03 9.998161e-01 -1.040522e+00
9.995255e-01 1.020245e-02 -2.906335e-02 1.533091e+01 -9.822299e-03 9.998647e-01 1.319286e-02 -5.394893e-01 2.919402e-02 -1.290114e-02 9.994905e-01 -2.135031e+00
9.998245e-01 -9.335954e-03 1.624394e-02 1.546141e+01 9.466931e-03 9.999231e-01 -8.005016e-03 -5.157423e-01 -1.616796e-02 8.157392e-03 9.998360e-01 -3.396725e+00
9.995235e-01 9.812766e-03 -2.926501e-02 1.556843e+01 -9.451841e-03 9.998779e-01 1.244594e-02 -4.989600e-01 2.938357e-02 -1.216340e-02 9.994942e-01 -4.358704e+00
9.998106e-01 -8.857502e-03 1.733112e-02 1.564769e+01 8.999174e-03 9.999266e-01 -8.113552e-03 -4.800769e-01 -1.725798e-02 8.267982e-03 9.998169e-01 -5.366655e+00
9.986786e-01 1.708305e-02 -4.846805e-02 1.839218e+01 -1.612158e-02 9.996668e-01 2.015917e-02 -4.858192e-01 4.879628e-02 -1.935115e-02 9.986213e-01 -8.291170e+00
9.998387e-01 -9.991410e-03 1.492146e-02 2.071153e+01 1.011672e-02 9.999140e-01 -8.346387e-03 -4.906149e-01 -1.483678e-02 8.495998e-03 9.998538e-01 -1.081788e+01
9.996124e-01 1.040510e-02 -2.582021e-02 2.068035e+01 -1.010258e-02 9.998791e-01 1.181952e-02 -4.778696e-01 2.594007e-02 -1.155409e-02 9.995967e-01 -1.138795e+01
9.998796e-01 -9.104063e-03 1.256644e-02 2.075450e+01 9.185803e-03 9.999369e-01 -6.462244e-03 -4.482402e-01 -1.250682e-02 6.576899e-03 9.999002e-01 -1.274871e+01
9.995524e-01 1.040726e-02 -2.804944e-02 2.098201e+01 -1.003136e-02 9.998584e-01 1.350894e-02 -4.139794e-01 2.818606e-02 -1.322152e-02 9.995153e-01 -1.458252e+01
9.998697e-01 -9.325900e-03 1.317698e-02 2.125168e+01 9.418740e-03 9.999311e-01 -7.001168e-03 -3.846534e-01 -1.311078e-02 7.124366e-03 9.998887e-01 -1.625859e+01
9.994443e-01 1.176969e-02 -3.118689e-02 2.196180e+01 -1.132561e-02 9.998325e-01 1.437789e-02 -3.635296e-01 3.135088e-02 -1.401669e-02 9.994102e-01 -1.808674e+01
9.998020e-01 -1.081111e-02 1.670643e-02 2.215392e+01 1.096886e-02 9.998958e-01 -9.379621e-03 -3.443401e-01 -1.660329e-02 9.561015e-03 9.998164e-01 -1.926874e+01
9.995065e-01 1.216355e-02 -2.896353e-02 2.228929e+01 -1.174470e-02 9.998246e-01 1.458769e-02 -3.225538e-01 2.913589e-02 -1.424033e-02 9.994740e-01 -2.048904e+01
9.998289e-01 -1.088433e-02 1.496000e-02 2.246778e+01 1.101728e-02 9.999003e-01 -8.833931e-03 -2.945627e-01 -1.486236e-02 8.997238e-03 9.998491e-01 -2.198804e+01
9.994957e-01 1.104096e-02 -2.977476e-02 2.260065e+01 -1.063894e-02 9.998505e-01 1.362709e-02 -2.777046e-01 2.992076e-02 -1.330345e-02 9.994637e-01 -2.297339e+01
9.998447e-01 -9.048531e-03 1.512271e-02 2.311305e+01 9.183098e-03 9.999186e-01 -8.852728e-03 -2.717327e-01 -1.504137e-02 8.990227e-03 9.998465e-01 -2.401231e+01
9.994752e-01 1.096139e-02 -3.048284e-02 2.350698e+01 -1.053094e-02 9.998431e-01 1.424582e-02 -2.571720e-01 3.063421e-02 -1.391733e-02 9.994338e-01 -2.526262e+01
9.997918e-01 -9.966953e-03 1.780740e-02 2.357621e+01 1.014406e-02 9.998997e-01 -9.883415e-03 -2.365776e-01 -1.770710e-02 1.006200e-02 9.997926e-01 -2.630403e+01
9.994913e-01 1.042023e-02 -3.014151e-02 2.365063e+01 -1.001192e-02 9.998565e-01 1.366572e-02 -2.234583e-01 3.027958e-02 -1.335699e-02 9.994522e-01 -2.705631e+01
9.998036e-01 -1.016785e-02 1.700823e-02 2.376242e+01 1.033326e-02 9.998999e-01 -9.666176e-03 -2.115327e-01 -1.690824e-02 9.840029e-03 9.998086e-01 -2.780153e+01
9.995353e-01 1.134538e-02 -2.829150e-02 2.388934e+01 -1.095512e-02 9.998432e-01 1.391121e-02 -1.980110e-01 2.844490e-02 -1.359481e-02 9.995029e-01 -2.868025e+01
9.998243e-01 -1.062041e-02 1.544523e-02 2.398104e+01 1.076757e-02 9.998971e-01 -9.476050e-03 -1.785739e-01 -1.534301e-02 9.640693e-03 9.998358e-01 -2.969418e+01
9.995321e-01 1.055622e-02 -2.870700e-02 2.409781e+01 -1.016021e-02 9.998517e-01 1.390626e-02 -1.692491e-01 2.884954e-02 -1.360808e-02 9.994911e-01 -3.037089e+01
9.997221e-01 -9.827150e-03 2.142810e-02 2.422922e+01 1.006499e-02 9.998886e-01 -1.101982e-02 -1.802117e-01 -2.131742e-02 1.123244e-02 9.997097e-01 -3.019826e+01
9.995215e-01 1.032422e-02 -2.915618e-02 2.434816e+01 -9.954635e-03 9.998686e-01 1.279290e-02 -1.921891e-01 2.928443e-02 -1.249654e-02 9.994930e-01 -2.991845e+01
9.997694e-01 -9.446621e-03 1.928498e-02 2.446742e+01 9.639340e-03 9.999043e-01 -9.924801e-03 -1.885618e-01 -1.918938e-02 1.010841e-02 9.997648e-01 -3.044321e+01
9.994420e-01 1.064311e-02 -3.166086e-02 2.457451e+01 -1.016925e-02 9.998344e-01 1.509019e-02 -1.645523e-01 3.181622e-02 -1.475981e-02 9.993847e-01 -3.167005e+01
9.997936e-01 -9.671767e-03 1.786766e-02 2.469517e+01 9.848336e-03 9.999033e-01 -9.820581e-03 -1.394867e-01 -1.777095e-02 9.994521e-03 9.997921e-01 -3.294576e+01
9.994600e-01 1.093376e-02 -3.098556e-02 2.485255e+01 -1.045738e-02 9.998253e-01 1.549489e-02 -1.132300e-01 3.114956e-02 -1.516249e-02 9.993997e-01 -3.432483e+01
9.998141e-01 -9.467290e-03 1.679497e-02 2.508699e+01 9.621631e-03 9.999120e-01 -9.132844e-03 -8.380060e-02 -1.670703e-02 9.292742e-03 9.998172e-01 -3.594519e+01
9.994447e-01 1.057916e-02 -3.159613e-02 2.527362e+01 -1.010371e-02 9.998339e-01 1.516965e-02 -5.580044e-02 3.175136e-02 -1.484199e-02 9.993856e-01 -3.744658e+01
9.997907e-01 -9.162142e-03 1.829031e-02 2.542423e+01 9.342537e-03 9.999083e-01 -9.801867e-03 -3.126953e-02 -1.819882e-02 9.970694e-03 9.997847e-01 -3.878617e+01
9.994349e-01 1.041217e-02 -3.196164e-02 2.555047e+01 -9.919037e-03 9.998299e-01 1.554885e-02 -2.994045e-03 3.211810e-02 -1.522303e-02 9.993681e-01 -4.020421e+01
9.997918e-01 -9.255151e-03 1.818609e-02 2.567278e+01 9.437832e-03 9.999056e-01 -9.985051e-03 2.442432e-02 -1.809196e-02 1.015461e-02 9.997848e-01 -4.160331e+01
9.994543e-01 1.035844e-02 -3.136539e-02 2.577355e+01 -9.877868e-03 9.998320e-01 1.543798e-02 5.105899e-02 3.152004e-02 -1.511973e-02 9.993888e-01 -4.293329e+01
9.997971e-01 -1.018017e-02 1.737991e-02 2.564133e+01 1.036106e-02 9.998928e-01 -1.034966e-02 7.698043e-02 -1.727268e-02 1.052763e-02 9.997954e-01 -4.380196e+01
9.994807e-01 1.026881e-02 -3.054299e-02 2.544275e+01 -9.830283e-03 9.998469e-01 1.447352e-02 1.049773e-01 3.068694e-02 -1.416576e-02 9.994287e-01 -4.447417e+01
9.998197e-01 -9.620689e-03 1.636996e-02 2.532272e+01 9.778210e-03 9.999064e-01 -9.569831e-03 1.367882e-01 -1.627635e-02 9.728175e-03 9.998202e-01 -4.548646e+01
9.994668e-01 9.531166e-03 -3.122969e-02 2.515797e+01 -9.086616e-03 9.998558e-01 1.434598e-02 1.674087e-01 3.136192e-02 -1.405456e-02 9.994093e-01 -4.638647e+01
9.998244e-01 -8.817040e-03 1.653859e-02 2.523036e+01 8.976336e-03 9.999138e-01 -9.582383e-03 1.915944e-01 -1.645267e-02 9.729156e-03 9.998173e-01 -4.745284e+01
9.994813e-01 1.044373e-02 -3.046378e-02 2.541842e+01 -9.982111e-03 9.998336e-01 1.526600e-02 2.163588e-01 3.061814e-02 -1.495399e-02 9.994193e-01 -4.883971e+01
9.998223e-01 -9.129582e-03 1.649206e-02 2.551651e+01 9.291258e-03 9.999093e-01 -9.753378e-03 2.456654e-01 -1.640152e-02 9.904878e-03 9.998164e-01 -5.026611e+01
9.994673e-01 9.758778e-03 -3.114379e-02 2.562865e+01 -9.298676e-03 9.998460e-01 1.488428e-02 2.690946e-01 3.128424e-02 -1.458676e-02 9.994041e-01 -5.147362e+01
9.998249e-01 -9.031116e-03 1.638652e-02 2.564984e+01 9.191593e-03 9.999103e-01 -9.744451e-03 2.975769e-01 -1.629705e-02 9.893364e-03 9.998182e-01 -5.274172e+01
9.996233e-01 8.277824e-03 -2.616747e-02 2.559073e+01 -7.941795e-03 9.998850e-01 1.291947e-02 2.987978e-01 2.627140e-02 -1.270678e-02 9.995741e-01 -5.286051e+01
9.998521e-01 -8.182404e-03 1.512623e-02 2.554032e+01 8.338389e-03 9.999124e-01 -1.027803e-02 3.096296e-01 -1.504081e-02 1.040264e-02 9.998328e-01 -5.335753e+01
9.995719e-01 8.221672e-03 -2.808014e-02 2.535235e+01 -7.775347e-03 9.998423e-01 1.596707e-02 3.425235e-01 2.820699e-02 -1.574190e-02 9.994781e-01 -5.444931e+01
9.998888e-01 -7.781311e-03 1.271903e-02 2.530897e+01 7.900688e-03 9.999250e-01 -9.362480e-03 3.831017e-01 -1.264522e-02 9.461929e-03 9.998753e-01 -5.602390e+01
9.996146e-01 8.465946e-03 -2.643656e-02 2.516823e+01 -8.050048e-03 9.998428e-01 1.579892e-02 4.191200e-01 2.656616e-02 -1.558002e-02 9.995256e-01 -5.736961e+01
9.998773e-01 -7.991567e-03 1.347597e-02 2.505557e+01 8.141581e-03 9.999051e-01 -1.111401e-02 4.451736e-01 -1.338587e-02 1.122236e-02 9.998474e-01 -5.826056e+01
9.996389e-01 9.083548e-03 -2.528934e-02 2.474280e+01 -8.630246e-03 9.998012e-01 1.797645e-02 4.929847e-01 2.544761e-02 -1.775170e-02 9.995185e-01 -5.958718e+01
9.998414e-01 -7.940716e-03 1.594104e-02 2.375353e+01 8.099218e-03 9.999182e-01 -9.903176e-03 5.768383e-01 -1.586110e-02 1.003072e-02 9.998239e-01 -6.020936e+01
9.994999e-01 8.250507e-03 -3.052792e-02 2.367439e+01 -7.769249e-03 9.998442e-01 1.584973e-02 6.150804e-01 3.065393e-02 -1.560462e-02 9.994082e-01 -6.158072e+01
9.998335e-01 -7.140269e-03 1.679116e-02 2.375536e+01 7.312530e-03 9.999210e-01 -1.022008e-02 6.434093e-01 -1.671686e-02 1.034117e-02 9.998068e-01 -6.295798e+01
9.995204e-01 7.223503e-03 -3.011405e-02 2.360009e+01 -6.754319e-03 9.998547e-01 1.565299e-02 6.758695e-01 3.022274e-02 -1.544208e-02 9.994239e-01 -6.405346e+01
9.998420e-01 -5.825250e-03 1.679172e-02 2.365433e+01 5.985763e-03 9.999367e-01 -9.524659e-03 7.103717e-01 -1.673518e-02 9.623666e-03 9.998136e-01 -6.563979e+01
9.994800e-01 6.873050e-03 -3.150312e-02 2.373808e+01 -6.383623e-03 9.998578e-01 1.561018e-02 7.427138e-01 3.160593e-02 -1.540096e-02 9.993817e-01 -6.718670e+01
9.998225e-01 -5.462832e-03 1.803219e-02 2.392317e+01 5.633681e-03 9.999396e-01 -9.437477e-03 7.712284e-01 -1.797954e-02 9.537390e-03 9.997929e-01 -6.874515e+01
9.993944e-01 7.911297e-03 -3.388536e-02 2.414468e+01 -7.308000e-03 9.998132e-01 1.789107e-02 8.194220e-01 3.402058e-02 -1.763260e-02 9.992656e-01 -7.111190e+01
9.998306e-01 -6.399073e-03 1.725555e-02 2.436883e+01 6.594662e-03 9.999144e-01 -1.130187e-02 8.539385e-01 -1.718175e-02 1.141375e-02 9.997872e-01 -7.290419e+01
9.994035e-01 9.097437e-03 -3.331403e-02 2.471674e+01 -8.431725e-03 9.997630e-01 2.006921e-02 8.998773e-01 3.348871e-02 -1.977635e-02 9.992434e-01 -7.539916e+01
9.998471e-01 -7.345358e-03 1.586900e-02 2.498170e+01 7.538225e-03 9.998980e-01 -1.212820e-02 9.413192e-01 -1.577829e-02 1.224597e-02 9.998005e-01 -7.760020e+01
9.994823e-01 1.023460e-02 -3.050081e-02 2.521168e+01 -9.593576e-03 9.997316e-01 2.108938e-02 9.922835e-01 3.070847e-02 -2.078585e-02 9.993122e-01 -8.009800e+01
9.998988e-01 -8.935367e-03 1.106720e-02 2.540823e+01 9.060861e-03 9.998946e-01 -1.134147e-02 1.050209e+00 -1.096470e-02 1.144060e-02 9.998744e-01 -8.278248e+01
9.995707e-01 1.051535e-02 -2.734518e-02 2.566721e+01 -9.981284e-03 9.997582e-01 1.959428e-02 1.090973e+00 2.754460e-02 -1.931293e-02 9.994340e-01 -8.496911e+01
9.998919e-01 -9.403069e-03 1.130013e-02 2.584872e+01 9.535117e-03 9.998862e-01 -1.168895e-02 1.133630e+00 -1.118893e-02 1.179544e-02 9.998678e-01 -8.706447e+01
9.995741e-01 1.066336e-02 -2.716303e-02 2.599793e+01 -1.016676e-02 9.997798e-01 1.835526e-02 1.169943e+00 2.735278e-02 -1.807129e-02 9.994625e-01 -8.880915e+01
9.998898e-01 -8.956209e-03 1.183987e-02 2.609835e+01 9.087327e-03 9.998975e-01 -1.106724e-02 1.213660e+00 -1.173953e-02 1.117362e-02 9.998687e-01 -9.081081e+01
9.995764e-01 9.437342e-03 -2.753053e-02 2.629293e+01 -8.937308e-03 9.997939e-01 1.822978e-02 1.249871e+00 2.769690e-02 -1.797601e-02 9.994547e-01 -9.263266e+01
9.998625e-01 -7.963142e-03 1.454758e-02 2.647470e+01 8.140491e-03 9.998928e-01 -1.217271e-02 1.277114e+00 -1.444908e-02 1.228946e-02 9.998201e-01 -9.414971e+01
9.994930e-01 8.325672e-03 -3.073150e-02 2.653803e+01 -7.761075e-03 9.997997e-01 1.844572e-02 1.306657e+00 3.087892e-02 -1.819786e-02 9.993575e-01 -9.551696e+01
9.998126e-01 -8.111289e-03 1.757747e-02 2.657652e+01 8.354061e-03 9.998701e-01 -1.378236e-02 1.322381e+00 -1.746340e-02 1.392662e-02 9.997505e-01 -9.638908e+01
9.995184e-01 8.167825e-03 -2.993781e-02 2.650739e+01 -7.624080e-03 9.998047e-01 1.823190e-02 1.341144e+00 3.008088e-02 -1.799487e-02 9.993855e-01 -9.717418e+01
9.997763e-01 -7.229028e-03 1.987660e-02 2.615833e+01 7.490469e-03 9.998860e-01 -1.311035e-02 1.370617e+00 -1.977956e-02 1.325630e-02 9.997165e-01 -9.741013e+01
9.994658e-01 7.705456e-03 -3.175925e-02 2.566484e+01 -7.098279e-03 9.997907e-01 1.918673e-02 1.413955e+00 3.190045e-02 -1.895104e-02 9.993114e-01 -9.779384e+01
