9.999591e-01 -4.089563e-04 -9.032329e-03 -3.763759e-02 4.261062e-04 9.999981e-01 1.896894e-03 5.719024e-04 9.031536e-03 -1.900665e-03 9.999574e-01 -7.776945e-02
9.999997e-01 1.173055e-04 7.323056e-04 -7.772737e-02 -1.173065e-04 1.000000e+00 1.346642e-06 -1.530305e-03 -7.323051e-04 -1.431833e-06 9.999997e-01 -7.595927e-03
9.999661e-01 -4.403912e-04 -8.224822e-03 -1.057776e-01 4.525945e-04 9.999988e-01 1.481914e-03 -5.792678e-03 8.224159e-03 -1.485587e-03 9.999651e-01 1.461343e-01
1.000000e+00 1.495811e-04 3.135632e-05 -1.314685e-01 -1.495884e-04 1.000000e+00 2.340337e-04 -7.483420e-03 -3.132097e-05 -2.340377e-04 1.000000e+00 1.635308e-01
9.999447e-01 -1.660388e-04 -1.051548e-02 -1.538152e-01 1.864431e-04 9.999981e-01 1.939451e-03 -3.551720e-04 1.051514e-02 -1.941305e-03 9.999428e-01 -1.962561e-01
9.999990e-01 1.637801e-04 -1.432447e-03 -1.130281e-01 -1.625349e-04 9.999996e-01 8.692732e-04 8.255347e-03 1.432589e-03 -8.690388e-04 9.999986e-01 -7.064162e-01
9.999569e-01 -1.272514e-04 -9.281439e-03 -7.812560e-02 1.385045e-04 9.999993e-01 1.211803e-03 1.198932e-02 9.281278e-03 -1.213037e-03 9.999562e-01 -1.041257e+00
9.999978e-01 -2.651180e-04 -2.068979e-03 -8.927906e-02 2.677921e-04 9.999991e-01 1.292286e-03 1.770286e-02 2.068635e-03 -1.292837e-03 9.999970e-01 -1.374144e+00
9.999796e-01 -1.165760e-04 -6.380918e-03 -1.265251e-01 1.193708e-04 9.999999e-01 4.376227e-04 1.469069e-02 6.380866e-03 -4.383762e-04 9.999795e-01 -1.272137e+00
9.999914e-01 5.591160e-05 -4.136745e-03 -1.383416e-01 -4.940333e-05 9.999988e-01 1.573355e-03 1.939719e-02 4.136828e-03 -1.573136e-03 9.999902e-01 -1.555508e+00
9.999743e-01 -2.602745e-04 -7.159252e-03 -1.282490e-01 2.668989e-04 9.999995e-01 9.243579e-04 2.480404e-02 7.159008e-03 -9.262456e-04 9.999739e-01 -1.904755e+00
1.000000e+00 1.958305e-04 -5.633549e-06 -1.682772e-01 -1.958246e-04 9.999995e-01 1.015076e-03 2.030524e-02 5.832670e-06 -1.015074e-03 9.999995e-01 -1.673994e+00
9.999867e-01 -5.394742e-05 -5.156028e-03 -1.653011e-01 5.629016e-05 9.999999e-01 4.542365e-04 9.238417e-03 5.156002e-03 -4.545215e-04 9.999866e-01 -1.232225e+00
9.999996e-01 -5.423007e-05 -8.542845e-04 -1.935499e-01 5.510345e-05 9.999995e-01 1.022288e-03 1.878252e-03 8.542290e-04 -1.022334e-03 9.999991e-01 -9.053147e-01
9.999842e-01 -3.091237e-05 -5.617684e-03 -2.300904e-01 3.538564e-05 9.999997e-01 7.961973e-04 -4.707946e-03 5.617657e-03 -7.963842e-04 9.999839e-01 -5.954359e-01
1.000000e+00 -6.434744e-05 1.837424e-04 -2.258352e-01 6.430248e-05 1.000000e+00 2.450761e-04 -1.610087e-02 -1.837578e-04 -2.450635e-04 1.000000e+00 -1.654658e-01
9.999605e-01 -4.090277e-04 -8.883240e-03 -2.860866e-01 4.221402e-04 9.999988e-01 1.474287e-03 -1.594488e-02 8.882626e-03 -1.477980e-03 9.999595e-01 -1.459967e-01
9.999981e-01 6.829349e-04 -1.806091e-03 -2.974011e-01 -6.804007e-04 9.999988e-01 1.403340e-03 -3.131520e-03 1.807047e-03 -1.402108e-03 9.999974e-01 -7.372934e-01
9.999530e-01 -1.325232e-03 -9.607463e-03 -3.348095e-01 1.337026e-03 9.999984e-01 1.221362e-03 4.636292e-03 9.605829e-03 -1.234151e-03 9.999531e-01 -1.099227e+00
9.999994e-01 9.453536e-04 4.778212e-04 -3.596848e-01 -9.455763e-04 9.999994e-01 4.661676e-04 5.016095e-03 -4.773799e-04 -4.666184e-04 9.999998e-01 -1.178657e+00
9.999387e-01 -7.591168e-04 -1.104738e-02 -3.597838e-01 7.811798e-04 9.999977e-01 1.992951e-03 1.342247e-02 1.104584e-02 -2.001460e-03 9.999370e-01 -1.620784e+00
9.999994e-01 8.749684e-04 -6.220084e-04 -3.484471e-01 -8.742324e-04 9.999989e-01 1.182475e-03 2.720688e-02 6.230427e-04 -1.181930e-03 9.999991e-01 -2.252228e+00
9.999432e-01 -8.685170e-04 -1.062244e-02 -3.842399e-01 8.865890e-04 9.999982e-01 1.696720e-03 4.033872e-02 1.062095e-02 -1.706042e-03 9.999421e-01 -2.774199e+00
9.999993e-01 9.229629e-04 -6.995133e-04 -3.864370e-01 -9.221881e-04 9.999990e-01 1.106931e-03 5.148025e-02 7.005345e-04 -1.106285e-03 9.999991e-01 -3.291593e+00
9.999373e-01 -7.252079e-04 -1.117852e-02 -3.475580e-01 7.440479e-04 9.999983e-01 1.681315e-03 6.171705e-02 1.117728e-02 -1.689527e-03 9.999361e-01 -3.830681e+00
9.999994e-01 9.907690e-04 -3.447067e-04 -2.978437e-01 -9.904667e-04 9.999991e-01 8.758748e-04 6.859787e-02 3.455745e-04 -8.755321e-04 9.999996e-01 -4.281480e+00
9.999322e-01 -6.833793e-04 -1.162676e-02 -2.096876e-01 7.040024e-04 9.999982e-01 1.769768e-03 7.531241e-02 1.162553e-02 -1.777834e-03 9.999308e-01 -4.772282e+00
9.999992e-01 3.744161e-04 1.175449e-03 -1.942243e-01 -3.756591e-04 9.999994e-01 1.057499e-03 7.546191e-02 -1.175052e-03 -1.057939e-03 9.999987e-01 -4.879022e+00
9.999312e-01 -5.179218e-04 -1.172057e-02 -2.683988e-01 5.342336e-04 9.999989e-01 1.388644e-03 8.517686e-02 1.171984e-02 -1.394811e-03 9.999303e-01 -5.189572e+00
9.999989e-01 8.256737e-04 -1.217463e-03 -2.147388e-01 -8.235028e-04 9.999981e-01 1.782521e-03 9.979769e-02 1.218933e-03 -1.781516e-03 9.999977e-01 -5.883538e+00
9.999383e-01 -6.135513e-04 -1.108884e-02 -1.288557e-01 6.245169e-04 9.999993e-01 9.854607e-04 1.070326e-01 1.108823e-02 -9.923258e-04 9.999380e-01 -6.391719e+00
9.999994e-01 1.077250e-03 -1.831934e-04 -6.428052e-02 -1.076937e-03 9.999980e-01 1.696971e-03 1.148174e-01 1.850214e-04 -1.696772e-03 9.999985e-01 -6.920071e+00
9.999184e-01 -3.284173e-04 -1.276941e-02 1.473488e-02 3.542823e-04 9.999979e-01 2.023344e-03 1.321548e-01 1.276872e-02 -2.027704e-03 9.999164e-01 -7.810294e+00
9.999995e-01 9.073594e-04 -2.903579e-04 7.805581e-02 -9.068631e-04 9.999981e-01 1.704476e-03 1.507867e-01 2.919043e-04 -1.704211e-03 9.999985e-01 -8.724990e+00
9.999180e-01 -1.191117e-04 -1.280195e-02 1.414958e-01 1.493086e-04 9.999972e-01 2.357853e-03 1.728617e-01 1.280163e-02 -2.359572e-03 9.999153e-01 -9.789131e+00
9.999997e-01 5.667966e-04 -5.601107e-04 2.033034e-01 -5.661114e-04 9.999991e-01 1.222516e-03 1.910792e-01 5.608035e-04 -1.222198e-03 9.999991e-01 -1.066395e+01
9.999261e-01 9.652142e-05 -1.215589e-02 2.599335e-01 -6.887003e-05 9.999974e-01 2.275142e-03 2.079681e-01 1.215607e-02 -2.274137e-03 9.999235e-01 -1.148427e+01
9.999994e-01 3.832571e-04 -1.054964e-03 3.336779e-01 -3.818038e-04 9.999990e-01 1.377320e-03 2.250284e-01 1.055491e-03 -1.376916e-03 9.999985e-01 -1.234591e+01
9.999331e-01 1.176199e-04 -1.156779e-02 3.997076e-01 -9.399121e-05 9.999979e-01 2.043167e-03 2.404389e-01 1.156800e-02 -2.041944e-03 9.999310e-01 -1.313920e+01
9.999993e-01 4.173678e-04 -1.110133e-03 4.610502e-01 -4.157022e-04 9.999988e-01 1.500034e-03 2.571701e-01 1.110759e-03 -1.499571e-03 9.999983e-01 -1.398193e+01
9.999341e-01 4.622044e-05 -1.148321e-02 5.135080e-01 -2.648070e-05 9.999985e-01 1.719169e-03 2.720830e-01 1.148327e-02 -1.718752e-03 9.999326e-01 -1.471391e+01
9.999990e-01 4.012176e-04 -1.390164e-03 5.726299e-01 -3.988902e-04 9.999985e-01 1.673926e-03 2.879580e-01 1.390834e-03 -1.673369e-03 9.999976e-01 -1.549933e+01
9.999346e-01 2.410355e-04 -1.143742e-02 6.346416e-01 -2.188869e-04 9.999981e-01 1.937725e-03 3.055294e-01 1.143786e-02 -1.935095e-03 9.999327e-01 -1.636297e+01
9.999982e-01 1.654251e-04 -1.873766e-03 6.906114e-01 -1.622332e-04 9.999985e-01 1.703407e-03 3.240679e-01 1.874046e-03 -1.703100e-03 9.999968e-01 -1.724132e+01
9.999380e-01 2.746736e-04 -1.113197e-02 7.338254e-01 -2.545128e-04 9.999983e-01 1.812470e-03 3.419543e-01 1.113245e-02 -1.809525e-03 9.999364e-01 -1.807904e+01
9.999990e-01 1.270199e-04 -1.443524e-03 7.710261e-01 -1.244768e-04 9.999984e-01 1.761547e-03 3.597379e-01 1.443746e-03 -1.761365e-03 9.999974e-01 -1.892968e+01
9.999314e-01 5.901512e-04 -1.169981e-02 8.543761e-01 -5.592292e-04 9.999963e-01 2.646060e-03 3.819306e-01 1.170133e-02 -2.639336e-03 9.999281e-01 -2.003717e+01
9.999983e-01 1.493408e-04 -1.826502e-03 9.472981e-01 -1.456731e-04 9.999980e-01 2.007882e-03 4.055033e-01 1.826799e-03 -2.007612e-03 9.999963e-01 -2.121103e+01
9.999301e-01 7.266770e-04 -1.180193e-02 1.065153e+00 -6.921342e-04 9.999955e-01 2.930716e-03 4.300788e-01 1.180400e-02 -2.922343e-03 9.999261e-01 -2.247274e+01
9.999979e-01 1.213585e-04 -2.030858e-03 1.175355e+00 -1.177855e-04 9.999984e-01 1.759272e-03 4.536884e-01 2.031069e-03 -1.759029e-03 9.999964e-01 -2.366432e+01
9.999347e-01 8.592197e-04 -1.139511e-02 1.267272e+00 -8.239369e-04 9.999949e-01 3.100662e-03 4.797586e-01 1.139772e-02 -3.091071e-03 9.999303e-01 -2.493935e+01
9.999957e-01 -1.600035e-04 -2.911899e-03 1.359760e+00 1.653806e-04 9.999983e-01 1.846394e-03 5.065009e-01 2.911598e-03 -1.846867e-03 9.999941e-01 -2.622038e+01
9.999371e-01 1.186025e-03 -1.115280e-02 1.528800e+00 -1.146610e-03 9.999931e-01 3.539817e-03 5.322647e-01 1.115692e-02 -3.526807e-03 9.999315e-01 -2.760760e+01
9.999935e-01 -9.224276e-04 -3.499085e-03 1.675388e+00 9.261393e-04 9.999990e-01 1.059221e-03 5.528369e-01 3.498104e-03 -1.062454e-03 9.999933e-01 -2.872802e+01
9.999644e-01 1.922458e-03 -8.211914e-03 1.803417e+00 -1.895185e-03 9.999927e-01 3.327670e-03 5.714596e-01 8.218251e-03 -3.311989e-03 9.999607e-01 -2.979507e+01
9.999809e-01 -1.072980e-03 -6.093346e-03 1.974939e+00 1.085451e-03 9.999973e-01 2.043705e-03 5.959975e-01 6.091137e-03 -2.050279e-03 9.999793e-01 -3.117803e+01
9.999720e-01 2.129273e-03 -7.171729e-03 2.111489e+00 -2.106954e-03 9.999929e-01 3.118352e-03 6.214974e-01 7.178317e-03 -3.103155e-03 9.999694e-01 -3.251044e+01
9.999750e-01 -1.088591e-03 -6.979737e-03 2.266806e+00 1.106262e-03 9.999962e-01 2.528252e-03 6.500933e-01 6.976958e-03 -2.535910e-03 9.999724e-01 -3.399880e+01
9.999736e-01 1.279523e-03 -7.152045e-03 2.390964e+00 -1.267899e-03 9.999979e-01 1.629550e-03 6.676652e-01 7.154115e-03 -1.620439e-03 9.999731e-01 -3.497843e+01
9.999903e-01 1.417061e-04 -4.413047e-03 2.519300e+00 -1.286515e-04 9.999956e-01 2.958295e-03 6.883261e-01 4.413447e-03 -2.957698e-03 9.999859e-01 -3.613914e+01
9.999454e-01 1.426830e-03 -1.034913e-02 2.656203e+00 -1.386814e-03 9.999915e-01 3.872750e-03 7.271090e-01 1.035457e-02 -3.858187e-03 9.999389e-01 -3.801227e+01
9.999861e-01 -9.366825e-04 -5.181089e-03 2.777520e+00 9.456032e-04 9.999981e-01 1.719535e-03 7.554822e-01 5.179469e-03 -1.724410e-03 9.999851e-01 -3.942265e+01
9.999706e-01 2.147377e-03 -7.365350e-03 2.905527e+00 -2.123485e-03 9.999925e-01 3.250181e-03 7.796996e-01 7.372273e-03 -3.234446e-03 9.999676e-01 -4.072605e+01
9.999727e-01 -1.051652e-03 -7.307568e-03 3.120823e+00 1.072449e-03 9.999954e-01 2.842578e-03 8.096052e-01 7.304545e-03 -2.850336e-03 9.999693e-01 -4.236314e+01
9.999709e-01 1.702201e-03 -7.435810e-03 3.257106e+00 -1.686492e-03 9.999963e-01 2.118512e-03 8.343123e-01 7.439389e-03 -2.105911e-03 9.999701e-01 -4.365379e+01
9.999836e-01 -1.372328e-03 -5.559550e-03 3.333420e+00 1.380259e-03 9.999980e-01 1.422939e-03 8.512230e-01 5.557587e-03 -1.430589e-03 9.999835e-01 -4.451043e+01
9.999790e-01 2.194719e-03 -6.092111e-03 3.406538e+00 -2.180874e-03 9.999950e-01 2.278474e-03 8.676840e-01 6.097081e-03 -2.265141e-03 9.999788e-01 -4.539917e+01
9.999711e-01 -1.601558e-03 -7.434396e-03 3.525550e+00 1.617981e-03 9.999963e-01 2.203424e-03 8.890127e-01 7.430839e-03 -2.215388e-03 9.999699e-01 -4.652505e+01
9.999841e-01 2.872362e-03 -4.861992e-03 3.629412e+00 -2.856954e-03 9.999909e-01 3.173117e-03 9.169108e-01 4.871062e-03 -3.159176e-03 9.999831e-01 -4.793844e+01
9.999548e-01 -1.973225e-03 -9.300481e-03 3.776246e+00 1.995194e-03 9.999952e-01 2.353343e-03 9.441230e-01 9.295793e-03 -2.371793e-03 9.999540e-01 -4.937242e+01
9.999871e-01 2.673522e-03 -4.325648e-03 3.875240e+00 -2.661752e-03 9.999927e-01 2.724575e-03 9.698991e-01 4.332901e-03 -2.713026e-03 9.999869e-01 -5.065902e+01
9.999602e-01 -1.972696e-03 -8.700423e-03 3.955355e+00 1.987690e-03 9.999966e-01 1.714955e-03 9.921886e-01 8.697010e-03 -1.732180e-03 9.999607e-01 -5.176613e+01
9.999880e-01 2.727442e-03 -4.063025e-03 4.040511e+00 -2.716554e-03 9.999927e-01 2.682840e-03 1.013675e+00 4.070312e-03 -2.671771e-03 9.999881e-01 -5.285380e+01
9.999558e-01 -1.971654e-03 -9.193979e-03 4.136725e+00 1.991530e-03 9.999957e-01 2.153163e-03 1.038446e+00 9.189694e-03 -2.171377e-03 9.999554e-01 -5.408932e+01
9.999857e-01 2.292200e-03 -4.824184e-03 4.219346e+00 -2.280855e-03 9.999946e-01 2.355824e-03 1.061295e+00 4.829558e-03 -2.344788e-03 9.999856e-01 -5.522851e+01
9.999675e-01 -1.680792e-03 -7.882463e-03 4.316316e+00 1.698738e-03 9.999960e-01 2.270418e-03 1.081039e+00 7.878615e-03 -2.283734e-03 9.999664e-01 -5.631885e+01
9.999861e-01 2.332489e-03 -4.729945e-03 4.401141e+00 -2.322972e-03 9.999953e-01 2.016722e-03 1.101138e+00 4.734627e-03 -2.005707e-03 9.999868e-01 -5.735517e+01
9.999662e-01 -1.673584e-03 -8.050032e-03 4.485287e+00 1.692635e-03 9.999958e-01 2.360275e-03 1.122840e+00 8.046048e-03 -2.373820e-03 9.999648e-01 -5.844938e+01
9.999807e-01 2.834194e-03 -5.532204e-03 4.644311e+00 -2.815464e-03 9.999903e-01 3.390394e-03 1.151565e+00 5.541759e-03 -3.374754e-03 9.999789e-01 -5.995519e+01
9.999529e-01 -1.873110e-03 -9.518802e-03 4.850781e+00 1.898976e-03 9.999945e-01 2.709054e-03 1.181910e+00 9.513676e-03 -2.727002e-03 9.999510e-01 -6.159697e+01
9.999866e-01 2.153653e-03 -4.708130e-03 4.978878e+00 -2.145597e-03 9.999962e-01 1.715388e-03 1.202075e+00 4.711807e-03 -1.705264e-03 9.999874e-01 -6.268524e+01
9.999761e-01 -1.602700e-03 -6.725913e-03 5.086517e+00 1.610954e-03 9.999980e-01 1.221951e-03 1.210540e+00 6.723941e-03 -1.232757e-03 9.999766e-01 -6.330114e+01
9.999843e-01 2.210279e-03 -5.142125e-03 5.164567e+00 -2.198374e-03 9.999949e-01 2.319775e-03 1.224055e+00 5.147226e-03 -2.308435e-03 9.999841e-01 -6.407778e+01
9.999732e-01 -1.684716e-03 -7.120208e-03 5.234610e+00 1.694117e-03 9.999977e-01 1.314524e-03 1.240304e+00 7.117977e-03 -1.326550e-03 9.999738e-01 -6.493626e+01
9.999818e-01 2.585881e-03 -5.454584e-03 5.322018e+00 -2.569253e-03 9.999920e-01 3.053300e-03 1.260864e+00 5.462436e-03 -3.039231e-03 9.999805e-01 -6.600252e+01
9.999598e-01 -2.023365e-03 -8.732710e-03 5.415378e+00 2.035397e-03 9.999970e-01 1.369185e-03 1.284271e+00 8.729913e-03 -1.386904e-03 9.999609e-01 -6.714500e+01
9.999867e-01 2.501042e-03 -4.505145e-03 5.482531e+00 -2.489510e-03 9.999936e-01 2.563678e-03 1.303876e+00 4.511528e-03 -2.552429e-03 9.999866e-01 -6.811260e+01
9.999695e-01 -2.038504e-03 -7.533358e-03 5.558635e+00 2.044976e-03 9.999975e-01 8.514090e-04 1.317176e+00 7.531604e-03 -8.667880e-04 9.999713e-01 -6.886348e+01
9.999830e-01 2.683048e-03 -5.168107e-03 5.657360e+00 -2.667237e-03 9.999917e-01 3.063890e-03 1.334713e+00 5.176284e-03 -3.050054e-03 9.999820e-01 -6.979903e+01
9.999666e-01 -2.007270e-03 -7.921609e-03 5.738309e+00 2.013846e-03 9.999976e-01 8.221298e-04 1.352969e+00 7.919940e-03 -8.380546e-04 9.999683e-01 -7.073793e+01
9.999829e-01 2.580357e-03 -5.248211e-03 5.810832e+00 -2.564230e-03 9.999920e-01 3.077382e-03 1.372167e+00 5.256110e-03 -3.063872e-03 9.999815e-01 -7.168918e+01
9.999616e-01 -1.618045e-03 -8.617935e-03 5.878217e+00 1.630682e-03 9.999976e-01 1.459433e-03 1.397691e+00 8.615553e-03 -1.473430e-03 9.999618e-01 -7.287827e+01
9.999736e-01 2.400841e-03 -6.854803e-03 5.943141e+00 -2.376004e-03 9.999906e-01 3.629093e-03 1.428755e+00 6.863451e-03 -3.612711e-03 9.999699e-01 -7.425709e+01
9.999714e-01 -1.796168e-03 -7.348508e-03 6.036695e+00 1.804108e-03 9.999978e-01 1.073940e-03 1.453011e+00 7.346563e-03 -1.087166e-03 9.999724e-01 -7.544941e+01
9.999754e-01 2.274001e-03 -6.633138e-03 6.149086e+00 -2.252774e-03 9.999923e-01 3.205806e-03 1.474317e+00 6.640377e-03 -3.190784e-03 9.999729e-01 -7.653763e+01
9.999796e-01 -1.681383e-03 -6.168474e-03 6.221075e+00 1.683445e-03 9.999985e-01 3.290453e-04 1.490862e+00 6.167912e-03 -3.394223e-04 9.999809e-01 -7.738239e+01
9.999753e-01 2.781508e-03 -6.460725e-03 6.314370e+00 -2.754828e-03 9.999877e-01 4.134938e-03 1.513134e+00 6.472146e-03 -4.117038e-03 9.999706e-01 -7.851391e+01
9.999617e-01 -2.455706e-03 -8.401736e-03 6.436370e+00 2.458338e-03 9.999969e-01 3.029191e-04 1.535420e+00 8.400966e-03 -3.235612e-04 9.999647e-01 -7.964523e+01
9.999873e-01 2.857199e-03 -4.154974e-03 6.532382e+00 -2.844185e-03 9.999910e-01 3.134776e-03 1.548881e+00 4.163893e-03 -3.122919e-03 9.999865e-01 -8.042121e+01
9.999680e-01 -1.716109e-03 -7.819511e-03 6.635457e+00 1.724394e-03 9.999980e-01 1.052859e-03 1.567738e+00 7.817688e-03 -1.066309e-03 9.999689e-01 -8.145376e+01
9.999766e-01 2.666607e-03 -6.306855e-03 6.770150e+00 -2.640907e-03 9.999882e-01 4.079679e-03 1.594458e+00 6.317659e-03 -4.062928e-03 9.999718e-01 -8.281499e+01
9.999628e-01 -2.119717e-03 -8.365414e-03 6.896139e+00 2.123977e-03 9.999976e-01 5.003151e-04 1.617370e+00 8.364334e-03 -5.180638e-04 9.999649e-01 -8.398762e+01
9.999853e-01 3.200086e-03 -4.373613e-03 6.996105e+00 -3.182196e-03 9.999866e-01 4.091376e-03 1.640738e+00 4.386647e-03 -4.077399e-03 9.999821e-01 -8.518019e+01
9.999543e-01 -2.634742e-03 -9.187703e-03 7.070969e+00 2.637984e-03 9.999965e-01 3.406419e-04 1.663324e+00 9.186773e-03 -3.648628e-04 9.999577e-01 -8.629761e+01
9.999869e-01 3.235398e-03 -3.955293e-03 7.150554e+00 -3.218912e-03 9.999861e-01 4.167481e-03 1.686623e+00 3.968721e-03 -4.154695e-03 9.999835e-01 -8.744610e+01
9.999553e-01 -2.450911e-03 -9.132265e-03 7.249104e+00 2.452546e-03 9.999970e-01 1.678243e-04 1.708313e+00 9.131827e-03 -1.902135e-04 9.999583e-01 -8.856343e+01
9.999849e-01 3.076459e-03 -4.560219e-03 7.348991e+00 -3.057483e-03 9.999867e-01 4.162509e-03 1.730737e+00 4.572963e-03 -4.148504e-03 9.999809e-01 -8.969150e+01
9.999608e-01 -2.848116e-03 -8.383046e-03 7.425883e+00 2.841236e-03 9.999956e-01 -8.324848e-04 1.744759e+00 8.385380e-03 8.086346e-04 9.999645e-01 -9.045235e+01
9.999891e-01 3.248603e-03 -3.364837e-03 7.506488e+00 -3.235751e-03 9.999875e-01 3.818057e-03 1.754808e+00 3.377198e-03 -3.807128e-03 9.999871e-01 -9.107092e+01
9.999639e-01 -2.515159e-03 -8.119249e-03 7.580715e+00 2.512308e-03 9.999968e-01 -3.614287e-04 1.769235e+00 8.120132e-03 3.410182e-04 9.999670e-01 -9.187788e+01
9.999856e-01 3.183256e-03 -4.310438e-03 7.657206e+00 -3.163938e-03 9.999850e-01 4.481256e-03 1.789551e+00 4.324638e-03 -4.467555e-03 9.999807e-01 -9.290861e+01
9.999522e-01 -3.055563e-03 -9.283856e-03 7.759101e+00 3.048016e-03 9.999950e-01 -8.270522e-04 1.804636e+00 9.286336e-03 7.987159e-04 9.999566e-01 -9.373257e+01
9.999909e-01 3.520417e-03 -2.428358e-03 7.842547e+00 -3.511506e-03 9.999871e-01 3.663948e-03 1.812999e+00 2.441225e-03 -3.655388e-03 9.999903e-01 -9.428923e+01
9.999549e-01 -3.570417e-03 -8.804887e-03 7.827077e+00 3.561727e-03 9.999932e-01 -1.002410e-03 1.821687e+00 8.808406e-03 9.710043e-04 9.999607e-01 -9.469920e+01
9.999844e-01 4.229645e-03 -3.655690e-03 7.911275e+00 -4.213683e-03 9.999816e-01 4.363230e-03 1.833432e+00 3.674078e-03 -4.347758e-03 9.999838e-01 -9.536443e+01
9.999883e-01 -4.117657e-03 -2.522216e-03 7.569816e+00 4.116160e-03 9.999913e-01 -5.983636e-04 1.851728e+00 2.524658e-03 5.879753e-04 9.999966e-01 -9.521927e+01
9.999761e-01 6.626427e-03 1.980554e-03 7.069845e+00 -6.632811e-03 9.999728e-01 3.234006e-03 1.872888e+00 -1.959070e-03 -3.247066e-03 9.999928e-01 -9.427574e+01
9.999708e-01 -6.220840e-03 -4.440809e-03 6.974116e+00 6.212082e-03 9.999787e-01 -1.983240e-03 1.865337e+00 4.453052e-03 1.955596e-03 9.999882e-01 -9.365772e+01
9.999747e-01 5.818468e-03 -4.089386e-03 6.953750e+00 -5.805222e-03 9.999779e-01 3.243826e-03 1.861604e+00 4.108170e-03 -3.220004e-03 9.999864e-01 -9.355810e+01
9.999622e-01 -5.359449e-03 -6.847830e-03 7.056916e+00 5.355367e-03 9.999855e-01 -6.143864e-04 1.866968e+00 6.851023e-03 5.776911e-04 9.999764e-01 -9.405461e+01
9.999804e-01 5.219114e-03 -3.459303e-03 7.078197e+00 -5.210023e-03 9.999830e-01 2.631814e-03 1.868972e+00 3.472979e-03 -2.613740e-03 9.999906e-01 -9.429670e+01
9.999847e-01 -4.830879e-03 -2.684001e-03 7.043188e+00 4.829312e-03 9.999882e-01 -5.901521e-04 1.862635e+00 2.686820e-03 5.771817e-04 9.999962e-01 -9.398733e+01
9.999866e-01 4.924404e-03 -1.587203e-03 7.051528e+00 -4.922405e-03 9.999871e-01 1.261404e-03 1.848102e+00 1.593394e-03 -1.253575e-03 9.999979e-01 -9.340665e+01
9.999515e-01 -4.927501e-03 -8.531586e-03 7.085271e+00 4.932937e-03 9.999876e-01 6.162210e-04 1.848754e+00 8.528445e-03 -6.582764e-04 9.999634e-01 -9.364606e+01
9.999872e-01 4.874615e-03 -1.327245e-03 7.126946e+00 -4.872618e-03 9.999870e-01 1.503641e-03 1.848458e+00 1.334558e-03 -1.497155e-03 9.999980e-01 -9.385415e+01
9.999439e-01 -4.507871e-03 -9.585625e-03 7.226114e+00 4.517558e-03 9.999893e-01 9.891624e-04 1.853590e+00 9.581064e-03 -1.032410e-03 9.999536e-01 -9.431714e+01
9.999892e-01 4.536723e-03 9.950043e-04 7.274152e+00 -4.537161e-03 9.999896e-01 4.373291e-04 1.847017e+00 -9.930101e-04 -4.418394e-04 9.999994e-01 -9.423745e+01
9.999790e-01 -4.004148e-03 -5.105438e-03 7.290843e+00 4.007511e-03 9.999918e-01 6.485820e-04 1.833134e+00 5.102799e-03 -6.690280e-04 9.999868e-01 -9.369009e+01
9.999340e-01 6.067419e-03 9.754422e-03 6.974046e+00 -6.092444e-03 9.999782e-01 2.537860e-03 1.834193e+00 -9.738812e-03 -2.597121e-03 9.999492e-01 -9.256890e+01
9.999229e-01 -4.841499e-03 -1.143722e-02 6.805811e+00 4.822876e-03 9.999870e-01 -1.655314e-03 1.828057e+00 1.144508e-02 1.600026e-03 9.999332e-01 -9.169372e+01
9.999127e-01 7.108790e-03 1.113778e-02 6.226152e+00 -7.159116e-03 9.999643e-01 4.485170e-03 1.857617e+00 -1.110550e-02 -4.564515e-03 9.999279e-01 -9.084550e+01
9.997460e-01 -7.819130e-03 -2.113966e-02 5.930403e+00 7.781753e-03 9.999680e-01 -1.849797e-03 1.877530e+00 2.115345e-02 1.684824e-03 9.997748e-01 -9.082112e+01
9.999248e-01 7.660522e-03 9.576521e-03 5.954090e+00 -7.700774e-03 9.999616e-01 4.173353e-03 1.880270e+00 -9.544184e-03 -4.246786e-03 9.999454e-01 -9.111050e+01
9.998179e-01 -7.635606e-03 -1.749056e-02 5.999013e+00 7.583341e-03 9.999666e-01 -3.052590e-03 1.870061e+00 1.751328e-02 2.919398e-03 9.998424e-01 -9.086779e+01
9.998512e-01 7.575152e-03 1.550056e-02 5.897263e+00 -7.638999e-03 9.999626e-01 4.063870e-03 1.863067e+00 -1.546920e-02 -4.181674e-03 9.998716e-01 -9.027504e+01
9.997411e-01 -7.162153e-03 -2.159789e-02 5.836006e+00 7.102927e-03 9.999708e-01 -2.817708e-03 1.855361e+00 2.161744e-02 2.663571e-03 9.997628e-01 -8.976846e+01
9.997883e-01 8.222348e-03 1.886189e-02 5.655457e+00 -8.300632e-03 9.999572e-01 4.075842e-03 1.853522e+00 -1.882758e-02 -4.231545e-03 9.998138e-01 -8.900109e+01
9.996612e-01 -7.904086e-03 -2.479986e-02 5.578703e+00 7.833900e-03 9.999650e-01 -2.925966e-03 1.847490e+00 2.482212e-02 2.730696e-03 9.996882e-01 -8.850896e+01
9.997936e-01 8.191790e-03 1.859295e-02 5.439260e+00 -8.274374e-03 9.999562e-01 4.369035e-03 1.847726e+00 -1.855634e-02 -4.521979e-03 9.998176e-01 -8.806097e+01
9.996442e-01 -8.455686e-03 -2.529856e-02 5.448023e+00 8.366426e-03 9.999584e-01 -3.632041e-03 1.838395e+00 2.532821e-02 3.419090e-03 9.996733e-01 -8.775417e+01
9.998215e-01 7.971924e-03 1.713175e-02 5.479816e+00 -8.048215e-03 9.999580e-01 4.388825e-03 1.830072e+00 -1.709604e-02 -4.525921e-03 9.998436e-01 -8.756535e+01
9.996365e-01 -8.331856e-03 -2.564253e-02 5.536101e+00 8.251977e-03 9.999608e-01 -3.219386e-03 1.821817e+00 2.566835e-02 3.006615e-03 9.996660e-01 -8.745376e+01
9.998118e-01 7.946023e-03 1.769648e-02 5.577375e+00 -8.022664e-03 9.999587e-01 4.264030e-03 1.812833e+00 -1.766187e-02 -4.405202e-03 9.998343e-01 -8.727612e+01
9.996641e-01 -8.067549e-03 -2.463105e-02 5.620086e+00 7.983410e-03 9.999620e-01 -3.512452e-03 1.802287e+00 2.465845e-02 3.314633e-03 9.996904e-01 -8.701072e+01
9.998014e-01 8.222072e-03 1.815120e-02 5.660502e+00 -8.304335e-03 9.999556e-01 4.461343e-03 1.790921e+00 -1.811372e-02 -4.611191e-03 9.998253e-01 -8.669776e+01
9.996688e-01 -8.288832e-03 -2.436449e-02 5.696292e+00 8.196222e-03 9.999588e-01 -3.898446e-03 1.778931e+00 2.439580e-02 3.697458e-03 9.996955e-01 -8.634843e+01
9.998235e-01 8.037113e-03 1.697994e-02 5.737955e+00 -8.120289e-03 9.999553e-01 4.835192e-03 1.769364e+00 -1.694033e-02 -4.972221e-03 9.998441e-01 -8.612618e+01
9.996478e-01 -8.307173e-03 -2.520404e-02 5.799461e+00 8.211961e-03 9.999588e-01 -3.878820e-03 1.760769e+00 2.523522e-02 3.670480e-03 9.996748e-01 -8.599504e+01
9.998205e-01 7.902320e-03 1.721793e-02 5.849951e+00 -7.987370e-03 9.999562e-01 4.876483e-03 1.751242e+00 -1.717864e-02 -5.013134e-03 9.998399e-01 -8.583023e+01
9.996435e-01 -8.313318e-03 -2.537336e-02 5.874852e+00 8.220252e-03 9.999591e-01 -3.769978e-03 1.743926e+00 2.540366e-02 3.560059e-03 9.996709e-01 -8.570069e+01
9.998527e-01 8.046405e-03 1.516170e-02 5.894151e+00 -8.136186e-03 9.999497e-01 5.869154e-03 1.746547e+00 -1.511371e-02 -5.991648e-03 9.998678e-01 -8.596007e+01
9.996343e-01 -7.821964e-03 -2.588724e-02 5.942701e+00 7.732762e-03 9.999638e-01 -3.544133e-03 1.752639e+00 2.591403e-02 3.342657e-03 9.996586e-01 -8.639179e+01
9.998612e-01 7.558332e-03 1.484938e-02 5.973182e+00 -7.643559e-03 9.999546e-01 5.691034e-03 1.755753e+00 -1.480569e-02 -5.803746e-03 9.998735e-01 -8.669945e+01
9.996480e-01 -7.659152e-03 -2.540227e-02 6.014689e+00 7.560307e-03 9.999635e-01 -3.984981e-03 1.755777e+00 2.543187e-02 3.791530e-03 9.996694e-01 -8.691705e+01
9.998455e-01 7.156680e-03 1.605709e-02 6.027941e+00 -7.245212e-03 9.999588e-01 5.462154e-03 1.751871e+00 -1.601734e-02 -5.577647e-03 9.998562e-01 -8.694166e+01
9.997021e-01 -7.447237e-03 -2.324383e-02 6.081124e+00 7.339007e-03 9.999618e-01 -4.738141e-03 1.740706e+00 2.327823e-02 4.566144e-03 9.997186e-01 -8.669421e+01
9.998170e-01 7.401643e-03 1.764049e-02 6.116659e+00 -7.501100e-03 9.999563e-01 5.578495e-03 1.728423e+00 -1.759843e-02 -5.709798e-03 9.998288e-01 -8.631157e+01
9.996467e-01 -8.013731e-03 -2.534424e-02 6.128364e+00 7.890562e-03 9.999566e-01 -4.956148e-03 1.720014e+00 2.538286e-02 4.754417e-03 9.996665e-01 -8.607156e+01
9.997823e-01 8.784074e-03 1.892348e-02 6.145858e+00 -8.913737e-03 9.999373e-01 6.778559e-03 1.710548e+00 -1.886275e-02 -6.945763e-03 9.997980e-01 -8.569984e+01
9.996175e-01 -9.108267e-03 -2.611391e-02 6.170592e+00 8.946452e-03 9.999401e-01 -6.306669e-03 1.700822e+00 2.616979e-02 6.070630e-03 9.996391e-01 -8.541507e+01
9.998270e-01 9.004622e-03 1.627578e-02 6.247195e+00 -9.132868e-03 9.999277e-01 7.822413e-03 1.694273e+00 -1.620417e-02 -7.969705e-03 9.998369e-01 -8.539184e+01
9.996473e-01 -8.801406e-03 -2.505633e-02 6.307823e+00 8.635593e-03 9.999401e-01 -6.718177e-03 1.685277e+00 2.511395e-02 6.499432e-03 9.996635e-01 -8.521842e+01
9.997833e-01 8.960444e-03 1.879249e-02 6.351929e+00 -9.096906e-03 9.999328e-01 7.188603e-03 1.672011e+00 -1.872682e-02 -7.357999e-03 9.997976e-01 -8.479207e+01
9.995711e-01 -9.082706e-03 -2.784180e-02 6.465734e+00 8.906294e-03 9.999395e-01 -6.453731e-03 1.663255e+00 2.789874e-02 6.202996e-03 9.995915e-01 -8.472310e+01
9.998231e-01 9.285084e-03 1.635582e-02 6.645788e+00 -9.431213e-03 9.999161e-01 8.879986e-03 1.662567e+00 -1.627199e-02 -9.032671e-03 9.998268e-01 -8.507305e+01
9.995565e-01 -8.909363e-03 -2.841455e-02 6.862125e+00 8.720732e-03 9.999392e-01 -6.755600e-03 1.662144e+00 2.847300e-02 6.504809e-03 9.995734e-01 -8.546828e+01
9.998289e-01 9.293144e-03 1.599417e-02 7.065402e+00 -9.447400e-03 9.999093e-01 9.596049e-03 1.666764e+00 -1.590354e-02 -9.745511e-03 9.998260e-01 -8.604261e+01
9.995568e-01 -8.515811e-03 -2.852574e-02 7.284753e+00 8.327578e-03 9.999428e-01 -6.711035e-03 1.672924e+00 2.858126e-02 6.470510e-03 9.995705e-01 -8.670295e+01
9.998490e-01 8.776047e-03 1.500039e-02 7.501001e+00 -8.921325e-03 9.999137e-01 9.645604e-03 1.677151e+00 -1.491445e-02 -9.777971e-03 9.998410e-01 -8.724835e+01
9.996178e-01 -8.817040e-03 -2.620136e-02 7.288764e+00 8.665317e-03 9.999451e-01 -5.898607e-03 1.699344e+00 2.625192e-02 5.669310e-03 9.996393e-01 -8.774475e+01
9.999201e-01 7.015491e-03 1.051364e-02 7.108888e+00 -7.117533e-03 9.999276e-01 9.699819e-03 1.716515e+00 -1.044483e-02 -9.773876e-03 9.998977e-01 -8.796547e+01
9.998422e-01 -6.333127e-03 -1.659750e-02 7.256136e+00 6.190569e-03 9.999436e-01 -8.626501e-03 1.694973e+00 1.665120e-02 8.522392e-03 9.998250e-01 -8.726028e+01
9.999321e-01 6.225254e-03 9.849916e-03 7.372406e+00 -6.313098e-03 9.999404e-01 8.912437e-03 1.676337e+00 -9.793846e-03 -8.974016e-03 9.999118e-01 -8.668749e+01
9.997972e-01 -6.078095e-03 -1.919908e-02 7.534953e+00 5.935344e-03 9.999544e-01 -7.483595e-03 1.662168e+00 1.924369e-02 7.368125e-03 9.997877e-01 -8.642509e+01
9.999382e-01 6.080998e-03 9.306498e-03 7.640990e+00 -6.163247e-03 9.999420e-01 8.834716e-03 1.652198e+00 -9.252234e-03 -8.891529e-03 9.999177e-01 -8.628868e+01
9.997583e-01 -5.478711e-03 -2.129235e-02 7.768576e+00 5.348049e-03 9.999665e-01 -6.188691e-03 1.659160e+00 2.132554e-02 6.073323e-03 9.997541e-01 -8.687884e+01
9.999473e-01 6.081599e-03 8.268749e-03 7.865763e+00 -6.164692e-03 9.999304e-01 1.006092e-02 1.677307e+00 -8.206987e-03 -1.011137e-02 9.999152e-01 -8.783950e+01
9.998280e-01 -5.522651e-03 -1.770478e-02 8.084105e+00 5.394293e-03 9.999589e-01 -7.289491e-03 1.652552e+00 1.774431e-02 7.192733e-03 9.998167e-01 -8.711007e+01
9.998531e-01 4.776115e-03 1.646300e-02 8.261514e+00 -4.883539e-03 9.999670e-01 6.491135e-03 1.628965e+00 -1.643146e-02 -6.570580e-03 9.998434e-01 -8.640981e+01
9.997814e-01 -5.825612e-03 -2.007866e-02 8.003425e+00 5.743575e-03 9.999749e-01 -4.141063e-03 1.636942e+00 2.010228e-02 4.024835e-03 9.997898e-01 -8.623140e+01
9.998482e-01 5.965043e-03 1.637093e-02 8.089650e+00 -6.028898e-03 9.999744e-01 3.853865e-03 1.618416e+00 -1.634752e-02 -3.951979e-03 9.998586e-01 -8.549756e+01
9.996485e-01 -5.492220e-03 -2.593833e-02 8.452325e+00 5.405437e-03 9.999796e-01 -3.414671e-03 1.605404e+00 2.595655e-02 3.273263e-03 9.996577e-01 -8.561092e+01
9.999010e-01 5.300575e-03 1.303140e-02 8.755118e+00 -5.382311e-03 9.999660e-01 6.245116e-03 1.607733e+00 -1.299785e-02 -6.314638e-03 9.998956e-01 -8.628157e+01
9.996851e-01 -5.479406e-03 -2.448748e-02 8.940535e+00 5.405632e-03 9.999807e-01 -3.077943e-03 1.610357e+00 2.450387e-02 2.944604e-03 9.996954e-01 -8.680446e+01
9.999047e-01 5.086215e-03 1.283071e-02 9.119648e+00 -5.163808e-03 9.999685e-01 6.021549e-03 1.612082e+00 -1.279967e-02 -6.087231e-03 9.998996e-01 -8.728894e+01
9.997363e-01 -4.663669e-03 -2.248538e-02 9.431543e+00 4.545007e-03 9.999755e-01 -5.325502e-03 1.602026e+00 2.250966e-02 5.221901e-03 9.997330e-01 -8.742572e+01
9.999298e-01 5.003732e-03 1.074419e-02 9.685899e+00 -5.103408e-03 9.999440e-01 9.269891e-03 1.612616e+00 -1.069721e-02 -9.324073e-03 9.998993e-01 -8.836740e+01
9.997200e-01 -4.938040e-03 -2.314056e-02 9.815847e+00 4.803055e-03 9.999711e-01 -5.885223e-03 1.624228e+00 2.316895e-02 5.772430e-03 9.997149e-01 -8.914654e+01
9.999181e-01 4.703635e-03 1.190501e-02 9.909531e+00 -4.812483e-03 9.999467e-01 9.130856e-03 1.633592e+00 -1.186143e-02 -9.187400e-03 9.998874e-01 -8.980966e+01
9.997437e-01 -4.630915e-03 -2.216069e-02 1.003316e+01 4.492519e-03 9.999701e-01 -6.290819e-03 1.639269e+00 2.218916e-02 6.189650e-03 9.997346e-01 -9.041429e+01
9.999372e-01 4.770007e-03 1.014575e-02 1.019020e+01 -4.873603e-03 9.999360e-01 1.021062e-02 1.653229e+00 -1.009640e-02 -1.025942e-02 9.998964e-01 -9.134058e+01
9.997349e-01 -4.366088e-03 -2.260572e-02 1.035912e+01 4.228045e-03 9.999721e-01 -6.150804e-03 1.668921e+00 2.263194e-02 6.053596e-03 9.997255e-01 -9.233189e+01
9.999486e-01 4.576920e-03 9.052279e-03 1.060187e+01 -4.674326e-03 9.999311e-01 1.076865e-02 1.684893e+00 -9.002368e-03 -1.081041e-02 9.999010e-01 -9.342912e+01
9.997367e-01 -4.195972e-03 -2.255723e-02 1.086710e+01 4.049751e-03 9.999705e-01 -6.524041e-03 1.697490e+00 2.258394e-02 6.430973e-03 9.997243e-01 -9.441558e+01
9.999389e-01 4.534376e-03 1.007993e-02 1.102271e+01 -4.641675e-03 9.999325e-01 1.064689e-02 1.711974e+00 -1.003097e-02 -1.069303e-02 9.998925e-01 -9.535960e+01
9.997170e-01 -3.877595e-03 -2.347184e-02 1.123680e+01 3.746645e-03 9.999772e-01 -5.620475e-03 1.734197e+00 2.349310e-02 5.530944e-03 9.997087e-01 -9.663041e+01
9.999606e-01 4.733107e-03 7.505678e-03 1.155340e+01 -4.820529e-03 9.999203e-01 1.167240e-02 1.763593e+00 -7.449833e-03 -1.170813e-02 9.999037e-01 -9.826335e+01
9.996686e-01 -4.665203e-03 -2.531476e-02 1.185418e+01 4.498004e-03 9.999677e-01 -6.657760e-03 1.778039e+00 2.534500e-02 6.541688e-03 9.996574e-01 -9.928811e+01
9.998900e-01 4.752557e-03 1.405031e-02 1.207810e+01 -4.890566e-03 9.999400e-01 9.804452e-03 1.781511e+00 -1.400287e-02 -9.872088e-03 9.998532e-01 -9.996430e+01
9.996244e-01 -4.395081e-03 -2.704958e-02 1.230990e+01 4.241983e-03 9.999747e-01 -5.714706e-03 1.794325e+00 2.707401e-02 5.597816e-03 9.996178e-01 -1.009108e+02
9.998860e-01 4.301508e-03 1.447530e-02 1.249605e+01 -4.435596e-03 9.999474e-01 9.243916e-03 1.804192e+00 -1.443477e-02 -9.307069e-03 9.998525e-01 -1.016862e+02
9.996252e-01 -3.496305e-03 -2.715337e-02 1.271854e+01 3.372303e-03 9.999837e-01 -4.611210e-03 1.821344e+00 2.716905e-02 4.517913e-03 9.996206e-01 -1.028086e+02
9.999077e-01 4.013147e-03 1.298291e-02 1.295156e+01 -4.138584e-03 9.999449e-01 9.649299e-03 1.842610e+00 -1.294347e-02 -9.702139e-03 9.998692e-01 -1.040832e+02
9.996492e-01 -3.558239e-03 -2.624381e-02 1.316385e+01 3.425124e-03 9.999810e-01 -5.115479e-03 1.858116e+00 2.626151e-02 5.023797e-03 9.996425e-01 -1.051392e+02
9.999155e-01 3.483458e-03 1.252562e-02 1.337187e+01 -3.610301e-03 9.999423e-01 1.011828e-02 1.875734e+00 -1.248965e-02 -1.016265e-02 9.998704e-01 -1.062923e+02
9.997012e-01 -3.353906e-03 -2.421114e-02 1.361824e+01 3.203107e-03 9.999752e-01 -6.264624e-03 1.883449e+00 2.423155e-02 6.185202e-03 9.996872e-01 -1.071233e+02
9.999181e-01 3.329124e-03 1.235675e-02 1.389500e+01 -3.453190e-03 9.999437e-01 1.003258e-02 1.889391e+00 -1.232266e-02 -1.007443e-02 9.998733e-01 -1.079224e+02
9.997036e-01 -2.957930e-03 -2.416724e-02 1.413312e+01 2.814150e-03 9.999782e-01 -5.981240e-03 1.899191e+00 2.418440e-02 5.911457e-03 9.996900e-01 -1.088150e+02
9.999254e-01 2.646513e-03 1.192477e-02 1.431302e+01 -2.758638e-03 9.999521e-01 9.396055e-03 1.903861e+00 -1.189933e-02 -9.428251e-03 9.998848e-01 -1.094089e+02
9.997601e-01 -2.474290e-03 -2.176233e-02 1.451987e+01 2.327410e-03 9.999744e-01 -6.772059e-03 1.902488e+00 2.177853e-02 6.719785e-03 9.997402e-01 -1.098772e+02
9.999528e-01 3.386120e-03 9.110741e-03 1.480971e+01 -3.495735e-03 9.999214e-01 1.204243e-02 1.922373e+00 -9.069248e-03 -1.207371e-02 9.998860e-01 -1.112469e+02
9.997185e-01 -2.662280e-03 -2.357797e-02 1.502500e+01 2.494817e-03 9.999715e-01 -7.129110e-03 1.940011e+00 2.359628e-02 7.068280e-03 9.996966e-01 -1.124247e+02
9.999242e-01 3.739834e-03 1.173275e-02 1.526447e+01 -3.877146e-03 9.999240e-01 1.170243e-02 1.953666e+00 -1.168809e-02 -1.174703e-02 9.998627e-01 -1.135481e+02
9.996991e-01 -2.809399e-03 -2.436977e-02 1.551486e+01 2.662730e-03 9.999782e-01 -6.048883e-03 1.972418e+00 2.438623e-02 5.982173e-03 9.996847e-01 -1.149377e+02
9.999304e-01 3.107033e-03 1.138157e-02 1.568967e+01 -3.235601e-03 9.999310e-01 1.129517e-02 1.992471e+00 -1.134569e-02 -1.133121e-02 9.998714e-01 -1.161910e+02
9.996792e-01 -2.566988e-03 -2.519806e-02 1.577618e+01 2.421390e-03 9.999802e-01 -5.806980e-03 2.015041e+00 2.521247e-02 5.744103e-03 9.996656e-01 -1.174367e+02
9.999281e-01 2.871220e-03 1.164267e-02 1.578112e+01 -3.010879e-03 9.999235e-01 1.199563e-02 2.048283e+00 -1.160734e-02 -1.202982e-02 9.998603e-01 -1.189183e+02
9.996701e-01 -3.863423e-03 -2.539262e-02 1.585117e+01 3.667910e-03 9.999633e-01 -7.741730e-03 2.061391e+00 2.542159e-02 7.646038e-03 9.996476e-01 -1.196860e+02
9.999027e-01 3.521956e-03 1.349690e-02 1.605822e+01 -3.673794e-03 9.999301e-01 1.124157e-02 2.067663e+00 -1.345636e-02 -1.129006e-02 9.998457e-01 -1.204226e+02
9.997915e-01 -3.872823e-03 -2.004736e-02 1.621338e+01 3.661937e-03 9.999377e-01 -1.054548e-02 2.060844e+00 2.008696e-02 1.046987e-02 9.997434e-01 -1.205151e+02
9.999613e-01 4.190805e-03 7.736047e-03 1.648174e+01 -4.314107e-03 9.998628e-01 1.599130e-02 2.079575e+00 -7.667969e-03 -1.602406e-02 9.998422e-01 -1.218139e+02
9.997919e-01 -3.340068e-03 -2.012453e-02 1.675644e+01 3.128150e-03 9.999394e-01 -1.055264e-02 2.099097e+00 2.015856e-02 1.048750e-02 9.997418e-01 -1.231770e+02
9.999745e-01 3.670657e-03 6.125453e-03 1.704562e+01 -3.772677e-03 9.998530e-01 1.672731e-02 2.121809e+00 -6.063152e-03 -1.675000e-02 9.998413e-01 -1.246818e+02
9.998004e-01 -2.928555e-03 -1.976405e-02 1.733058e+01 2.716444e-03 9.999385e-01 -1.075050e-02 2.145181e+00 1.979431e-02 1.069467e-02 9.997469e-01 -1.262006e+02
9.999768e-01 3.083485e-03 6.070473e-03 1.750221e+01 -3.179807e-03 9.998682e-01 1.592203e-02 2.166812e+00 -6.020577e-03 -1.594097e-02 9.998548e-01 -1.274586e+02
9.998252e-01 -2.699950e-03 -1.850330e-02 1.766774e+01 2.489197e-03 9.999319e-01 -1.140363e-02 2.182501e+00 1.853282e-02 1.135558e-02 9.997638e-01 -1.284985e+02
9.999796e-01 2.298811e-03 5.963094e-03 1.779794e+01 -2.388753e-03 9.998828e-01 1.512006e-02 2.192550e+00 -5.927637e-03 -1.513399e-02 9.998679e-01 -1.292547e+02
9.998735e-01 -2.477926e-03 -1.571089e-02 1.790271e+01 2.275906e-03 9.999147e-01 -1.286353e-02 2.192565e+00 1.574143e-02 1.282614e-02 9.997938e-01 -1.295960e+02
9.999713e-01 2.380802e-03 7.193222e-03 1.797561e+01 -2.488268e-03 9.998849e-01 1.496804e-02 2.189411e+00 -7.156758e-03 -1.498551e-02 9.998621e-01 -1.297565e+02
9.998439e-01 -1.966395e-03 -1.755925e-02 1.805254e+01 1.757075e-03 9.999273e-01 -1.192828e-02 2.200238e+00 1.758143e-02 1.189556e-02 9.997747e-01 -1.304642e+02
9.999846e-01 1.711764e-03 5.270018e-03 1.811675e+01 -1.792428e-03 9.998807e-01 1.533969e-02 2.212966e+00 -5.243131e-03 -1.534890e-02 9.998685e-01 -1.311945e+02
9.998691e-01 -1.555391e-03 -1.610422e-02 1.816964e+01 1.356459e-03 9.999227e-01 -1.235637e-02 2.223843e+00 1.612220e-02 1.233291e-02 9.997940e-01 -1.318577e+02
9.999863e-01 1.404220e-03 5.042008e-03 1.822930e+01 -1.482010e-03 9.998794e-01 1.545773e-02 2.236679e+00 -5.019694e-03 -1.546499e-02 9.998678e-01 -1.325803e+02
9.998696e-01 -1.709665e-03 -1.605632e-02 1.829458e+01 1.510642e-03 9.999220e-01 -1.239927e-02 2.244423e+00 1.607627e-02 1.237340e-02 9.997942e-01 -1.331544e+02
9.999838e-01 1.336187e-03 5.526049e-03 1.844658e+01 -1.419423e-03 9.998852e-01 1.508597e-02 2.245951e+00 -5.505257e-03 -1.509357e-02 9.998709e-01 -1.336181e+02
9.998990e-01 -1.400102e-03 -1.414107e-02 1.861418e+01 1.211542e-03 9.999104e-01 -1.333405e-02 2.238580e+00 1.415847e-02 1.331557e-02 9.998111e-01 -1.337328e+02
9.999918e-01 1.323074e-03 3.828813e-03 1.870830e+01 -1.384311e-03 9.998705e-01 1.603543e-02 2.244794e+00 -3.807101e-03 -1.604059e-02 9.998641e-01 -1.342904e+02
9.998799e-01 -1.101499e-03 -1.545723e-02 1.888104e+01 9.176893e-04 9.999288e-01 -1.189358e-02 2.258839e+00 1.546923e-02 1.187796e-02 9.998098e-01 -1.352525e+02
9.999899e-01 6.877039e-04 4.443732e-03 1.907518e+01 -7.530250e-04 9.998915e-01 1.471453e-02 2.260977e+00 -4.433131e-03 -1.471773e-02 9.998819e-01 -1.357834e+02
9.998896e-01 -7.572796e-04 -1.483801e-02 1.922979e+01 5.752264e-04 9.999246e-01 -1.226986e-02 2.263141e+00 1.484618e-02 1.225997e-02 9.998146e-01 -1.362740e+02
9.999916e-01 6.816698e-04 4.043320e-03 1.929654e+01 -7.434604e-04 9.998827e-01 1.530021e-02 2.272614e+00 -4.032416e-03 -1.530309e-02 9.998748e-01 -1.368947e+02
9.998799e-01 6.791198e-05 -1.549824e-02 1.939673e+01 -2.384601e-04 9.999394e-01 -1.100281e-02 2.291094e+00 1.549656e-02 1.100519e-02 9.998194e-01 -1.379217e+02
9.999998e-01 2.178357e-05 5.661921e-04 1.953032e+01 -3.061554e-05 9.998783e-01 1.560239e-02 2.316278e+00 -5.657832e-04 -1.560240e-02 9.998781e-01 -1.391594e+02
9.999235e-01 1.127709e-03 -1.231556e-02 1.968546e+01 -1.252925e-03 9.999476e-01 -1.016439e-02 2.341873e+00 1.230345e-02 1.017905e-02 9.998725e-01 -1.405688e+02
9.999977e-01 -1.089347e-03 -1.860127e-03 1.980634e+01 1.116768e-03 9.998898e-01 1.480514e-02 2.362398e+00 1.843794e-03 -1.480718e-02 9.998887e-01 -1.416814e+02
9.999556e-01 1.776092e-03 -9.255614e-03 1.987957e+01 -1.877123e-03 9.999386e-01 -1.091848e-02 2.379327e+00 9.235654e-03 1.093536e-02 9.998976e-01 -1.426116e+02
9.999918e-01 -1.760362e-03 -3.634277e-03 1.998525e+01 1.815047e-03 9.998844e-01 1.509912e-02 2.396996e+00 3.607277e-03 -1.510560e-02 9.998794e-01 -1.435928e+02
9.999698e-01 1.730869e-03 -7.582101e-03 2.006845e+01 -1.821770e-03 9.999264e-01 -1.199859e-02 2.403503e+00 7.560774e-03 1.201204e-02 9.998993e-01 -1.441460e+02
9.999929e-01 -2.016497e-03 -3.194205e-03 2.012124e+01 2.063473e-03 9.998888e-01 1.477236e-02 2.409351e+00 3.164062e-03 -1.477885e-02 9.998858e-01 -1.446237e+02
