9.999258e-01 1.167680e-03 -1.212605e-02 2.188695e-02 -1.144836e-03 9.999976e-01 1.890643e-03 4.562675e-03 1.212822e-02 -1.876621e-03 9.999247e-01 -3.097045e-01
9.999999e-01 3.684310e-05 5.330574e-04 1.645997e-02 -3.685596e-05 1.000000e+00 2.416374e-05 8.726407e-03 -5.330561e-04 -2.418267e-05 9.999999e-01 -5.792393e-01
9.999110e-01 1.322389e-03 -1.327692e-02 5.393860e-02 -1.295251e-03 9.999971e-01 2.052376e-03 1.481695e-02 1.327959e-02 -2.034997e-03 9.999098e-01 -9.551703e-01
9.999998e-01 -1.567476e-04 6.812092e-04 1.037242e-01 1.568541e-04 1.000000e+00 -1.562844e-04 1.979218e-02 -6.811844e-04 1.563920e-04 9.999998e-01 -1.308978e+00
9.999158e-01 1.330878e-03 -1.290705e-02 1.429050e-01 -1.304088e-03 9.999970e-01 2.083798e-03 2.336287e-02 1.290979e-02 -2.066791e-03 9.999145e-01 -1.628958e+00
9.999988e-01 -1.848487e-04 1.519141e-03 1.184748e-01 1.855916e-04 9.999999e-01 -4.888449e-04 2.688721e-02 -1.519050e-03 4.891269e-04 9.999987e-01 -1.840401e+00
9.999290e-01 1.027562e-03 -1.187251e-02 8.958347e-02 -1.006965e-03 9.999980e-01 1.740702e-03 2.651784e-02 1.187427e-02 -1.728624e-03 9.999280e-01 -1.955301e+00
9.999982e-01 -3.063311e-04 1.869718e-03 6.592317e-02 3.073009e-04 9.999998e-01 -5.184076e-04 2.557736e-02 -1.869559e-03 5.189820e-04 9.999981e-01 -2.044123e+00
9.999314e-01 1.205020e-03 -1.164847e-02 7.020447e-03 -1.183739e-03 9.999976e-01 1.833698e-03 2.666197e-02 1.165065e-02 -1.819785e-03 9.999305e-01 -2.127342e+00
1.000000e+00 -1.779455e-04 -3.116747e-05 3.971126e-02 1.779457e-04 1.000000e+00 2.857664e-06 2.836977e-02 3.116730e-05 -2.862498e-06 1.000000e+00 -2.389133e+00
9.999206e-01 1.262286e-03 -1.253810e-02 1.166837e-01 -1.239222e-03 9.999975e-01 1.847146e-03 3.085091e-02 1.254040e-02 -1.831463e-03 9.999197e-01 -2.723011e+00
9.999997e-01 4.101122e-04 6.324451e-04 8.058640e-02 -4.103000e-04 9.999999e-01 2.968984e-04 3.795688e-02 -6.323229e-04 -2.971571e-04 9.999998e-01 -3.040533e+00
9.999286e-01 1.390006e-03 -1.186597e-02 -1.759046e-02 -1.367996e-03 9.999973e-01 1.862826e-03 4.844737e-02 1.186853e-02 -1.846461e-03 9.999279e-01 -3.332138e+00
9.999994e-01 2.292885e-04 1.057757e-03 -1.306574e-01 -2.293960e-04 1.000000e+00 1.016180e-04 5.656570e-02 -1.057734e-03 -1.018598e-04 9.999994e-01 -3.550210e+00
9.999281e-01 1.361162e-03 -1.191767e-02 -2.356642e-01 -1.338509e-03 9.999973e-01 1.908531e-03 6.434879e-02 1.192024e-02 -1.892443e-03 9.999272e-01 -3.772034e+00
9.999978e-01 -1.291680e-04 2.096979e-03 -3.567543e-01 1.297000e-04 1.000000e+00 -2.535349e-04 7.028920e-02 -2.096945e-03 2.538071e-04 9.999978e-01 -3.897020e+00
9.999190e-01 1.643403e-03 -1.262244e-02 -4.580218e-01 -1.616297e-03 9.999964e-01 2.157332e-03 7.728870e-02 1.262594e-02 -2.136757e-03 9.999180e-01 -4.092662e+00
9.999996e-01 1.814591e-04 8.491864e-04 -5.176065e-01 -1.815610e-04 1.000000e+00 1.199774e-04 8.617863e-02 -8.491642e-04 -1.201309e-04 9.999996e-01 -4.412921e+00
9.999325e-01 1.441468e-03 -1.152530e-02 -5.960474e-01 -1.420683e-03 9.999974e-01 1.811418e-03 9.490167e-02 1.152788e-02 -1.794922e-03 9.999319e-01 -4.663926e+00
1.000000e+00 -1.795188e-05 -8.043790e-05 -6.111804e-01 1.796410e-05 1.000000e+00 1.507129e-04 9.940091e-02 8.043551e-05 -1.507136e-04 1.000000e+00 -4.941963e+00
9.999264e-01 1.700693e-03 -1.200994e-02 -6.259772e-01 -1.676038e-03 9.999965e-01 2.062688e-03 1.067768e-01 1.201340e-02 -2.042408e-03 9.999258e-01 -5.298566e+00
1.000000e+00 -1.273428e-04 1.170624e-06 -6.156036e-01 1.273427e-04 1.000000e+00 1.131463e-04 1.156527e-01 -1.184709e-06 -1.131454e-04 1.000000e+00 -5.685970e+00
9.999339e-01 1.547512e-03 -1.138880e-02 -6.373673e-01 -1.527825e-03 9.999973e-01 1.737063e-03 1.208815e-01 1.139146e-02 -1.719548e-03 9.999336e-01 -5.960312e+00
9.999996e-01 -4.864588e-04 7.133755e-04 -6.652425e-01 4.866205e-04 9.999999e-01 -2.264445e-04 1.228601e-01 -7.132649e-04 2.267923e-04 9.999997e-01 -6.136938e+00
9.999370e-01 1.354316e-03 -1.113856e-02 -6.817519e-01 -1.335809e-03 9.999977e-01 1.668748e-03 1.227949e-01 1.114079e-02 -1.653765e-03 9.999366e-01 -6.274626e+00
9.999996e-01 -3.283402e-04 8.067524e-04 -7.056345e-01 3.285682e-04 9.999999e-01 -2.823773e-04 1.233848e-01 -8.066593e-04 2.826430e-04 9.999996e-01 -6.414699e+00
9.999291e-01 1.300026e-03 -1.183781e-02 -6.822174e-01 -1.278179e-03 9.999975e-01 1.852856e-03 1.230506e-01 1.184019e-02 -1.837594e-03 9.999282e-01 -6.612386e+00
9.999999e-01 -2.581615e-04 -2.631678e-04 -6.256912e-01 2.581286e-04 1.000000e+00 -1.256244e-04 1.256133e-01 2.632005e-04 1.255572e-04 1.000000e+00 -6.928177e+00
9.999194e-01 1.126358e-03 -1.264961e-02 -5.733503e-01 -1.099300e-03 9.999971e-01 2.145814e-03 1.286021e-01 1.265199e-02 -2.131736e-03 9.999177e-01 -7.249212e+00
9.999997e-01 -1.934283e-04 7.824037e-04 -5.416355e-01 1.937511e-04 9.999999e-01 -4.123364e-04 1.296059e-01 -7.823236e-04 4.124886e-04 9.999996e-01 -7.493596e+00
9.999369e-01 1.126264e-03 -1.117617e-02 -5.385359e-01 -1.106924e-03 9.999979e-01 1.736536e-03 1.288798e-01 1.117810e-02 -1.724056e-03 9.999360e-01 -7.639892e+00
9.999999e-01 1.378025e-04 4.984632e-04 -5.667771e-01 -1.377101e-04 1.000000e+00 -1.851405e-04 1.308603e-01 -4.984884e-04 1.850726e-04 9.999999e-01 -7.819132e+00
9.999367e-01 1.427674e-03 -1.115919e-02 -6.192850e-01 -1.404726e-03 9.999969e-01 2.064011e-03 1.367658e-01 1.116210e-02 -2.048206e-03 9.999356e-01 -8.045004e+00
9.999999e-01 1.236079e-04 5.024674e-04 -6.560731e-01 -1.235225e-04 1.000000e+00 -1.697710e-04 1.438100e-01 -5.024881e-04 1.697096e-04 9.999999e-01 -8.306257e+00
9.999257e-01 1.592503e-03 -1.208254e-02 -6.820564e-01 -1.564393e-03 9.999960e-01 2.335614e-03 1.524729e-01 1.208622e-02 -2.316539e-03 9.999243e-01 -8.637448e+00
1.000000e+00 9.946809e-05 1.614767e-04 -6.961759e-01 -9.944815e-05 1.000000e+00 -1.225351e-04 1.607402e-01 -1.614886e-04 1.225197e-04 1.000000e+00 -8.984462e+00
9.999251e-01 1.514070e-03 -1.214351e-02 -6.982325e-01 -1.486487e-03 9.999963e-01 2.280112e-03 1.689870e-01 1.214692e-02 -2.261890e-03 9.999237e-01 -9.347251e+00
9.999993e-01 -2.274001e-04 1.132001e-03 -7.325310e-01 2.280632e-04 9.999998e-01 -5.855353e-04 1.739601e-01 -1.131867e-03 5.857938e-04 9.999992e-01 -9.567693e+00
9.999293e-01 1.352895e-03 -1.181512e-02 -7.695822e-01 -1.326485e-03 9.999966e-01 2.242798e-03 1.767723e-01 1.181812e-02 -2.226967e-03 9.999277e-01 -9.737517e+00
9.999950e-01 1.360747e-03 -2.855312e-03 -8.204843e-01 -1.357502e-03 9.999984e-01 1.138177e-03 1.936322e-01 2.856857e-03 -1.134295e-03 9.999953e-01 -1.027312e+01
9.999516e-01 9.135119e-04 -9.792554e-03 -8.570105e-01 -8.954455e-04 9.999979e-01 1.849158e-03 2.114892e-01 9.794222e-03 -1.840300e-03 9.999503e-01 -1.076724e+01
9.999957e-01 1.835136e-04 -2.921175e-03 -7.708211e-01 -1.837953e-04 1.000000e+00 -9.621579e-05 2.147748e-01 2.921158e-03 9.675297e-05 9.999957e-01 -1.111374e+01
9.999365e-01 1.651109e-03 -1.114867e-02 -7.354792e-01 -1.621554e-03 9.999951e-01 2.659561e-03 2.229037e-01 1.115301e-02 -2.641314e-03 9.999343e-01 -1.155515e+01
9.999997e-01 -6.293592e-05 7.781791e-04 -8.023421e-01 6.348994e-05 9.999997e-01 -7.117001e-04 2.328167e-01 -7.781338e-04 7.117499e-04 9.999994e-01 -1.181186e+01
9.999312e-01 1.417493e-03 -1.164114e-02 -8.561546e-01 -1.388993e-03 9.999960e-01 2.455919e-03 2.380894e-01 1.164458e-02 -2.439582e-03 9.999292e-01 -1.201870e+01
9.999999e-01 1.410161e-04 -3.048130e-04 -8.875407e-01 -1.411324e-04 9.999999e-01 -3.823575e-04 2.447082e-01 3.047593e-04 3.824012e-04 9.999999e-01 -1.231790e+01
9.999332e-01 1.616599e-03 -1.144643e-02 -9.214051e-01 -1.586500e-03 9.999953e-01 2.638140e-03 2.544774e-01 1.145064e-02 -2.619804e-03 9.999310e-01 -1.266187e+01
9.999995e-01 1.688691e-04 -9.519380e-04 -9.423498e-01 -1.692016e-04 9.999999e-01 -3.494757e-04 2.634834e-01 9.518792e-04 3.496373e-04 9.999995e-01 -1.303889e+01
9.999441e-01 1.559687e-03 -1.045803e-02 -1.001191e+00 -1.534281e-03 9.999959e-01 2.436895e-03 2.709699e-01 1.046179e-02 -2.420714e-03 9.999423e-01 -1.332555e+01
9.999910e-01 8.651372e-04 -4.152712e-03 -1.035122e+00 -8.625926e-04 9.999994e-01 6.144504e-04 2.834138e-01 4.153242e-03 -6.108621e-04 9.999912e-01 -1.382499e+01
9.999280e-01 3.299322e-03 -1.154058e-02 -1.201126e+00 -3.251335e-03 9.999860e-01 4.174442e-03 3.143924e-01 1.155420e-02 -4.136620e-03 9.999247e-01 -1.455609e+01
9.999876e-01 -4.489594e-04 -4.956915e-03 -1.181037e+00 4.478728e-04 9.999999e-01 -2.203749e-04 3.373203e-01 4.957013e-03 2.181528e-04 9.999877e-01 -1.533746e+01
9.998996e-01 2.746987e-03 -1.390402e-02 -1.006221e+00 -2.694009e-03 9.999890e-01 3.827601e-03 3.523896e-01 1.391439e-02 -3.789759e-03 9.998960e-01 -1.616028e+01
9.999933e-01 -1.049234e-03 -3.498594e-03 -8.202057e-01 1.046171e-03 9.999991e-01 -8.774007e-04 3.618469e-01 3.499511e-03 8.737355e-04 9.999935e-01 -1.683430e+01
9.998748e-01 2.862299e-03 -1.556160e-02 -5.587602e-01 -2.799758e-03 9.999879e-01 4.039198e-03 3.703208e-01 1.557298e-02 -3.995124e-03 9.998708e-01 -1.763949e+01
9.999920e-01 -1.115394e-03 -3.839965e-03 -2.911505e-01 1.112831e-03 9.999992e-01 -6.695264e-04 3.799374e-01 3.840709e-03 6.652485e-04 9.999924e-01 -1.846255e+01
9.998722e-01 3.903026e-03 -1.550260e-02 -1.304645e-01 -3.831770e-03 9.999820e-01 4.623410e-03 3.952308e-01 1.552036e-02 -4.563417e-03 9.998691e-01 -1.933274e+01
9.999908e-01 -5.496070e-04 -4.254666e-03 -1.734517e-02 5.492349e-04 9.999998e-01 -8.868959e-05 4.199217e-01 4.254714e-03 8.635264e-05 9.999909e-01 -2.031850e+01
9.999194e-01 2.874603e-03 -1.236893e-02 7.266419e-02 -2.831406e-03 9.999898e-01 3.508541e-03 4.361599e-01 1.237889e-02 -3.473238e-03 9.999173e-01 -2.102610e+01
9.999776e-01 -7.019018e-04 -6.658692e-03 3.215736e-01 7.003410e-04 9.999997e-01 -2.367794e-04 4.453650e-01 6.658856e-03 2.321114e-04 9.999778e-01 -2.184414e+01
9.999142e-01 2.460245e-03 -1.286930e-02 5.834581e-01 -2.414405e-03 9.999907e-01 3.576301e-03 4.577036e-01 1.287797e-02 -3.544923e-03 9.999108e-01 -2.270208e+01
9.999942e-01 -6.400239e-04 -3.343681e-03 7.208607e-01 6.377471e-04 9.999996e-01 -6.820384e-04 4.680398e-01 3.344116e-03 6.799027e-04 9.999942e-01 -2.332329e+01
9.998901e-01 2.425137e-03 -1.462372e-02 9.469078e-01 -2.372465e-03 9.999906e-01 3.618101e-03 4.765583e-01 1.463236e-02 -3.583009e-03 9.998865e-01 -2.406133e+01
9.999813e-01 -4.207596e-04 -6.102478e-03 1.237069e+00 4.210774e-04 9.999999e-01 5.074476e-05 4.892955e-01 6.102456e-03 -5.331277e-05 9.999814e-01 -2.499956e+01
9.999453e-01 2.197057e-03 -1.022893e-02 1.384193e+00 -2.166908e-03 9.999933e-01 2.957582e-03 5.009255e-01 1.023535e-02 -2.935256e-03 9.999433e-01 -2.565295e+01
9.999860e-01 -4.089289e-04 -5.283137e-03 1.519137e+00 4.074128e-04 9.999999e-01 -2.881003e-04 5.080425e-01 5.283255e-03 2.859445e-04 9.999860e-01 -2.621922e+01
9.999500e-01 1.640496e-03 -9.863573e-03 1.698015e+00 -1.615674e-03 9.999955e-01 2.523943e-03 5.113866e-01 9.867669e-03 -2.507882e-03 9.999482e-01 -2.672906e+01
9.999710e-01 -1.614067e-04 -7.608529e-03 1.947568e+00 1.627006e-04 1.000000e+00 1.694015e-04 5.162265e-01 7.608502e-03 -1.706339e-04 9.999710e-01 -2.741167e+01
9.999437e-01 1.984535e-03 -1.042654e-02 2.121180e+00 -1.952399e-03 9.999933e-01 3.091434e-03 5.262732e-01 1.043260e-02 -3.070904e-03 9.999409e-01 -2.811396e+01
9.999879e-01 1.242870e-04 -4.926589e-03 2.200556e+00 -1.248519e-04 1.000000e+00 -1.144238e-04 5.390957e-01 4.926575e-03 1.150381e-04 9.999879e-01 -2.873546e+01
9.999403e-01 1.267948e-03 -1.085034e-02 2.371528e+00 -1.239028e-03 9.999957e-01 2.671635e-03 5.454328e-01 1.085368e-02 -2.658032e-03 9.999376e-01 -2.930196e+01
9.999966e-01 1.107322e-03 -2.363104e-03 2.326076e+00 -1.106909e-03 9.999994e-01 1.759941e-04 5.594609e-01 2.363297e-03 -1.733771e-04 9.999972e-01 -2.975551e+01
9.999437e-01 1.248634e-03 -1.054066e-02 2.290835e+00 -1.219918e-03 9.999955e-01 2.730290e-03 5.753972e-01 1.054402e-02 -2.717278e-03 9.999407e-01 -3.024988e+01
9.999915e-01 1.036187e-03 -4.000712e-03 2.312789e+00 -1.034976e-03 9.999994e-01 3.048743e-04 5.894648e-01 4.001026e-03 -3.007304e-04 9.999920e-01 -3.081850e+01
9.999328e-01 5.423288e-04 -1.157941e-02 2.528457e+00 -5.202940e-04 9.999980e-01 1.905884e-03 5.930843e-01 1.158042e-02 -1.899732e-03 9.999311e-01 -3.139880e+01
9.999850e-01 5.491693e-04 -5.440988e-03 2.831200e+00 -5.463984e-04 9.999997e-01 5.106675e-04 5.948964e-01 5.441267e-03 -5.076863e-04 9.999851e-01 -3.203632e+01
9.999435e-01 1.209991e-03 -1.056201e-02 2.961318e+00 -1.185305e-03 9.999966e-01 2.343206e-03 6.032603e-01 1.056481e-02 -2.330555e-03 9.999415e-01 -3.263230e+01
9.999934e-01 5.775327e-04 -3.600452e-03 3.045241e+00 -5.767355e-04 9.999998e-01 2.223477e-04 6.130937e-01 3.600580e-03 -2.202691e-04 9.999935e-01 -3.316006e+01
9.999042e-01 8.260970e-04 -1.381407e-02 3.319100e+00 -7.928376e-04 9.999968e-01 2.412976e-03 6.182108e-01 1.381601e-02 -2.401794e-03 9.999017e-01 -3.387404e+01
9.999844e-01 5.843800e-04 -5.550261e-03 3.623333e+00 -5.806419e-04 9.999996e-01 6.750160e-04 6.252385e-01 5.550654e-03 -6.717822e-04 9.999844e-01 -3.467385e+01
9.999424e-01 9.854579e-04 -1.068816e-02 3.776031e+00 -9.627959e-04 9.999973e-01 2.125266e-03 6.327132e-01 1.069023e-02 -2.114854e-03 9.999406e-01 -3.526060e+01
9.999972e-01 8.921789e-04 -2.180420e-03 3.800225e+00 -8.913067e-04 9.999995e-01 4.007774e-04 6.435634e-01 2.180776e-03 -3.988322e-04 9.999975e-01 -3.570139e+01
9.999260e-01 3.732125e-04 -1.216238e-02 3.937546e+00 -3.534410e-04 9.999986e-01 1.627763e-03 6.474677e-01 1.216297e-02 -1.623344e-03 9.999247e-01 -3.615619e+01
9.999899e-01 9.939515e-04 -4.375179e-03 4.153291e+00 -9.899750e-04 9.999991e-01 9.108631e-04 6.520232e-01 4.376080e-03 -9.065220e-04 9.999900e-01 -3.676073e+01
9.999156e-01 3.737423e-04 -1.298787e-02 4.513570e+00 -3.604380e-04 9.999994e-01 1.026720e-03 6.532912e-01 1.298825e-02 -1.021953e-03 9.999151e-01 -3.745074e+01
9.999969e-01 6.123254e-04 -2.403157e-03 4.718167e+00 -6.098292e-04 9.999993e-01 1.039117e-03 6.551913e-01 2.403792e-03 -1.037648e-03 9.999966e-01 -3.793857e+01
9.998890e-01 2.515413e-03 -1.468433e-02 4.764094e+00 -2.472762e-03 9.999927e-01 2.922001e-03 6.747712e-01 1.469157e-02 -2.885366e-03 9.998879e-01 -3.868500e+01
9.999997e-01 5.489313e-04 -5.668268e-04 4.734753e+00 -5.484490e-04 9.999995e-01 8.498853e-04 6.970134e-01 5.672932e-04 -8.495735e-04 9.999995e-01 -3.934363e+01
9.999123e-01 1.271385e-03 -1.318188e-02 4.781338e+00 -1.248614e-03 9.999977e-01 1.735578e-03 7.096609e-01 1.318406e-02 -1.718967e-03 9.999116e-01 -3.984161e+01
9.999988e-01 6.397988e-05 -1.536366e-03 4.927854e+00 -6.325867e-05 9.999999e-01 4.691899e-04 7.141106e-01 1.536396e-03 -4.690915e-04 9.999987e-01 -4.033250e+01
9.999059e-01 1.589093e-03 -1.362819e-02 5.046938e+00 -1.561567e-03 9.999967e-01 2.030191e-03 7.217676e-01 1.363137e-02 -2.008719e-03 9.999051e-01 -4.087160e+01
9.999899e-01 8.903483e-04 -4.412365e-03 5.172924e+00 -8.847688e-04 9.999988e-01 1.266192e-03 7.350386e-01 4.413487e-03 -1.262275e-03 9.999895e-01 -4.164298e+01
9.998587e-01 2.109245e-03 -1.667653e-02 5.331316e+00 -2.059595e-03 9.999934e-01 2.993878e-03 7.519610e-01 1.668273e-02 -2.959109e-03 9.998565e-01 -4.257321e+01
9.999933e-01 2.921155e-03 -2.227029e-03 5.230946e+00 -2.914437e-03 9.999912e-01 3.013631e-03 7.904893e-01 2.235813e-03 -3.007119e-03 9.999930e-01 -4.356837e+01
9.999049e-01 -4.214245e-04 -1.378175e-02 5.250418e+00 4.273980e-04 9.999998e-01 4.305273e-04 8.131876e-01 1.378157e-02 -4.363772e-04 9.999049e-01 -4.427614e+01
9.999984e-01 1.518350e-03 -9.154590e-04 5.400025e+00 -1.516758e-03 9.999973e-01 1.736013e-03 8.164488e-01 9.180925e-04 -1.734621e-03 9.999981e-01 -4.472821e+01
9.998941e-01 5.003749e-04 -1.454185e-02 5.483321e+00 -4.843598e-04 9.999993e-01 1.104842e-03 8.261481e-01 1.454239e-02 -1.097682e-03 9.998937e-01 -4.530431e+01
9.999990e-01 1.390986e-03 -5.514384e-05 5.557696e+00 -1.390896e-03 9.999978e-01 1.591655e-03 8.388123e-01 5.735779e-05 -1.591576e-03 9.999987e-01 -4.586193e+01
9.998933e-01 -3.417293e-04 -1.460532e-02 5.721570e+00 3.468849e-04 9.999999e-01 3.504948e-04 8.409510e-01 1.460520e-02 -3.555243e-04 9.998933e-01 -4.629565e+01
9.999986e-01 1.699145e-03 -4.206169e-05 5.865048e+00 -1.699067e-03 9.999970e-01 1.790094e-03 8.454000e-01 4.510330e-05 -1.790020e-03 9.999984e-01 -4.678155e+01
9.998708e-01 -1.727109e-04 -1.607087e-02 6.039209e+00 1.843691e-04 9.999997e-01 7.239751e-04 8.516027e-01 1.607074e-02 -7.268451e-04 9.998706e-01 -4.736158e+01
9.999941e-01 2.106590e-03 2.723000e-03 6.060288e+00 -2.111773e-03 9.999960e-01 1.901923e-03 8.641044e-01 -2.718983e-03 -1.907662e-03 9.999945e-01 -4.783276e+01
9.998672e-01 -2.158208e-04 -1.629249e-02 6.095425e+00 2.250180e-04 9.999998e-01 5.627068e-04 8.736813e-01 1.629237e-02 -5.662988e-04 9.998671e-01 -4.829348e+01
9.999985e-01 1.645701e-03 5.773343e-04 6.258914e+00 -1.646782e-03 9.999969e-01 1.878065e-03 8.804746e-01 -5.742417e-04 -1.879012e-03 9.999981e-01 -4.885185e+01
9.998501e-01 -2.735852e-04 -1.731429e-02 6.486064e+00 2.842956e-04 9.999998e-01 6.161548e-04 8.857973e-01 1.731411e-02 -6.209853e-04 9.998499e-01 -4.948098e+01
9.999976e-01 1.697540e-03 1.380800e-03 6.655933e+00 -1.700120e-03 9.999968e-01 1.869939e-03 8.922384e-01 -1.377621e-03 -1.872282e-03 9.999973e-01 -5.005133e+01
9.998770e-01 -6.508798e-04 -1.567054e-02 6.818233e+00 6.518001e-04 9.999998e-01 5.365480e-05 8.947312e-01 1.567051e-02 -6.386280e-05 9.998772e-01 -5.049200e+01
9.999943e-01 1.595602e-03 2.975931e-03 6.924434e+00 -1.600128e-03 9.999976e-01 1.518970e-03 8.965229e-01 -2.973500e-03 -1.523722e-03 9.999944e-01 -5.082104e+01
9.998690e-01 -7.813689e-04 -1.616579e-02 7.072238e+00 7.807858e-04 9.999997e-01 -4.234903e-05 8.962039e-01 1.616582e-02 2.972093e-05 9.998693e-01 -5.115761e+01
9.999970e-01 1.605481e-03 1.829568e-03 7.267982e+00 -1.608754e-03 9.999971e-01 1.789135e-03 8.959654e-01 -1.826690e-03 -1.792073e-03 9.999967e-01 -5.157390e+01
9.998760e-01 -5.759753e-04 -1.573494e-02 7.408026e+00 5.769651e-04 9.999998e-01 5.839725e-05 8.982759e-01 1.573490e-02 -6.746904e-05 9.998762e-01 -5.197736e+01
9.999897e-01 1.390505e-03 4.327141e-03 7.463722e+00 -1.396020e-03 9.999982e-01 1.271896e-03 9.008035e-01 -4.325365e-03 -1.277923e-03 9.999898e-01 -5.222412e+01
9.999038e-01 -7.122090e-04 -1.384863e-02 7.437093e+00 7.078230e-04 9.999997e-01 -3.215703e-04 9.015221e-01 1.384886e-02 3.117365e-04 9.999041e-01 -5.228949e+01
9.999802e-01 1.208256e-03 6.176183e-03 7.313876e+00 -1.213148e-03 9.999990e-01 7.884724e-04 9.095738e-01 -6.175224e-03 -7.959489e-04 9.999806e-01 -5.218513e+01
9.998840e-01 -1.406634e-03 -1.516306e-02 7.314186e+00 1.395981e-03 9.999988e-01 -7.130442e-04 9.025235e-01 1.516404e-02 6.917937e-04 9.998848e-01 -5.192436e+01
9.999804e-01 1.152486e-03 6.154528e-03 7.320839e+00 -1.156763e-03 9.999991e-01 6.915193e-04 8.948809e-01 -6.153725e-03 -6.986246e-04 9.999808e-01 -5.165094e+01
9.998844e-01 -1.446585e-03 -1.513461e-02 7.296385e+00 1.437152e-03 9.999988e-01 -6.340569e-04 8.883298e-01 1.513551e-02 6.122324e-04 9.998853e-01 -5.128413e+01
9.999806e-01 1.062868e-03 6.144766e-03 7.283869e+00 -1.066191e-03 9.999993e-01 5.376883e-04 8.806823e-01 -6.144190e-03 -5.442289e-04 9.999810e-01 -5.090699e+01
9.998746e-01 -1.148092e-03 -1.579444e-02 7.304042e+00 1.143281e-03 9.999993e-01 -3.136133e-04 8.738431e-01 1.579479e-02 2.955160e-04 9.998752e-01 -5.075077e+01
9.999828e-01 1.505701e-03 5.664671e-03 7.344685e+00 -1.511565e-03 9.999983e-01 1.031153e-03 8.687970e-01 -5.663109e-03 -1.039698e-03 9.999834e-01 -5.077640e+01
9.998768e-01 -1.279406e-03 -1.564429e-02 7.371700e+00 1.271049e-03 9.999990e-01 -5.440997e-04 8.627348e-01 1.564497e-02 5.241475e-04 9.998775e-01 -5.073205e+01
9.999824e-01 1.277825e-03 5.792328e-03 7.413824e+00 -1.282768e-03 9.999988e-01 8.497695e-04 8.546580e-01 -5.791236e-03 -8.571843e-04 9.999829e-01 -5.062186e+01
9.998731e-01 -1.153082e-03 -1.588569e-02 7.456261e+00 1.145419e-03 9.999992e-01 -4.914510e-04 8.476436e-01 1.588625e-02 4.731924e-04 9.998737e-01 -5.056842e+01
9.999942e-01 1.751388e-03 2.904012e-03 7.634724e+00 -1.756990e-03 9.999966e-01 1.927720e-03 8.439636e-01 -2.900626e-03 -1.932810e-03 9.999939e-01 -5.088823e+01
9.998696e-01 -1.412689e-03 -1.608460e-02 7.833374e+00 1.401220e-03 9.999988e-01 -7.242549e-04 8.402238e-01 1.608560e-02 7.016219e-04 9.998704e-01 -5.119783e+01
9.999864e-01 1.459862e-03 5.006542e-03 7.938502e+00 -1.465097e-03 9.999984e-01 1.042399e-03 8.330901e-01 -5.005012e-03 -1.049719e-03 9.999869e-01 -5.123442e+01
9.998800e-01 -1.326015e-03 -1.543778e-02 8.007238e+00 1.318829e-03 9.999990e-01 -4.755894e-04 8.251995e-01 1.543840e-02 4.551720e-04 9.998807e-01 -5.118863e+01
9.999825e-01 1.436651e-03 5.732779e-03 8.067047e+00 -1.441832e-03 9.999986e-01 8.999283e-04 8.160285e-01 -5.731477e-03 -9.081778e-04 9.999832e-01 -5.107915e+01
9.998888e-01 -1.394715e-03 -1.484533e-02 8.112666e+00 1.389809e-03 9.999990e-01 -3.407219e-04 8.054790e-01 1.484579e-02 3.200514e-04 9.998897e-01 -5.086093e+01
9.999830e-01 1.167046e-03 5.716844e-03 8.166423e+00 -1.172896e-03 9.999988e-01 1.020140e-03 7.931245e-01 -5.715646e-03 -1.026827e-03 9.999831e-01 -5.051573e+01
9.998898e-01 -1.197102e-03 -1.479769e-02 8.213595e+00 1.191852e-03 9.999992e-01 -3.635733e-04 7.824298e-01 1.479812e-02 3.458961e-04 9.998904e-01 -5.027602e+01
9.999846e-01 1.077793e-03 5.449361e-03 8.274937e+00 -1.082750e-03 9.999990e-01 9.069987e-04 7.699082e-01 -5.448378e-03 -9.128846e-04 9.999847e-01 -4.994271e+01
9.998833e-01 -7.962649e-04 -1.525683e-02 8.353729e+00 7.894712e-04 9.999996e-01 -4.512708e-04 7.573295e-01 1.525718e-02 4.391728e-04 9.998835e-01 -4.963718e+01
9.999852e-01 4.115971e-04 5.424886e-03 8.434548e+00 -4.170120e-04 9.999994e-01 9.971744e-04 7.402538e-01 -5.424472e-03 -9.994215e-04 9.999848e-01 -4.903485e+01
9.998871e-01 -3.302458e-04 -1.502222e-02 8.506242e+00 3.247176e-04 9.999999e-01 -3.704043e-04 7.259606e-01 1.502234e-02 3.654840e-04 9.998871e-01 -4.860886e+01
9.999830e-01 3.110578e-04 5.821097e-03 8.562356e+00 -3.167843e-04 9.999995e-01 9.829657e-04 7.136811e-01 -5.820788e-03 -9.847926e-04 9.999826e-01 -4.829766e+01
9.998856e-01 -6.287950e-04 -1.511149e-02 8.622874e+00 6.215367e-04 9.999997e-01 -4.849685e-04 7.003387e-01 1.511179e-02 4.755202e-04 9.998857e-01 -4.790079e+01
9.999812e-01 7.778578e-04 6.079794e-03 8.685962e+00 -7.853736e-04 9.999989e-01 1.234015e-03 6.872820e-01 -6.078828e-03 -1.238767e-03 9.999808e-01 -4.755474e+01
9.998884e-01 -1.025789e-03 -1.490635e-02 8.729076e+00 1.019057e-03 9.999994e-01 -4.591766e-04 6.742001e-01 1.490681e-02 4.439345e-04 9.998888e-01 -4.713726e+01
9.999815e-01 7.671852e-04 6.025905e-03 8.785021e+00 -7.755845e-04 9.999987e-01 1.391747e-03 6.614864e-01 -6.024830e-03 -1.396395e-03 9.999809e-01 -4.677100e+01
9.998778e-01 -4.240992e-04 -1.562762e-02 8.804835e+00 4.137076e-04 9.999997e-01 -6.681387e-04 6.544438e-01 1.562790e-02 6.615913e-04 9.998777e-01 -4.671181e+01
9.999813e-01 8.737628e-04 6.056072e-03 8.813526e+00 -8.832099e-04 9.999984e-01 1.557546e-03 6.488617e-01 -6.054702e-03 -1.562865e-03 9.999804e-01 -4.670358e+01
9.998771e-01 -5.397626e-04 -1.567016e-02 8.837812e+00 5.257528e-04 9.999995e-01 -8.981095e-04 6.420633e-01 1.567063e-02 8.897601e-04 9.998768e-01 -4.665948e+01
9.999809e-01 7.436883e-04 6.137393e-03 8.881171e+00 -7.527501e-04 9.999986e-01 1.474403e-03 6.333771e-01 -6.136288e-03 -1.478994e-03 9.999801e-01 -4.655415e+01
9.998823e-01 -5.518361e-04 -1.533412e-02 8.919274e+00 5.403509e-04 9.999996e-01 -7.530915e-04 6.243876e-01 1.533452e-02 7.447166e-04 9.998821e-01 -4.641058e+01
9.999803e-01 5.476944e-04 6.255616e-03 8.947544e+00 -5.554499e-04 9.999991e-01 1.238195e-03 6.150187e-01 -6.254932e-03 -1.241645e-03 9.999797e-01 -4.617553e+01
9.998745e-01 -3.781636e-04 -1.583646e-02 8.977482e+00 3.689711e-04 9.999998e-01 -5.833467e-04 6.074316e-01 1.583667e-02 5.774299e-04 9.998744e-01 -4.606800e+01
9.999829e-01 8.968083e-04 5.782922e-03 8.999078e+00 -9.065526e-04 9.999982e-01 1.682706e-03 6.031560e-01 -5.781402e-03 -1.687919e-03 9.999819e-01 -4.612956e+01
9.998690e-01 -1.117525e-04 -1.618750e-02 9.016884e+00 1.038296e-04 9.999999e-01 -4.902499e-04 6.017370e-01 1.618755e-02 4.885045e-04 9.998689e-01 -4.626918e+01
9.999772e-01 5.964081e-04 6.723260e-03 9.012675e+00 -6.057828e-04 9.999988e-01 1.392508e-03 5.987425e-01 -6.722422e-03 -1.396549e-03 9.999764e-01 -4.630774e+01
9.998504e-01 8.274876e-05 -1.729850e-02 9.025490e+00 -8.409857e-05 1.000000e+00 -7.726782e-05 5.974823e-01 1.729850e-02 7.871062e-05 9.998504e-01 -4.644207e+01
9.999781e-01 4.825090e-04 6.597720e-03 9.058545e+00 -4.904921e-04 9.999991e-01 1.208506e-03 5.954492e-01 -6.597131e-03 -1.211716e-03 9.999775e-01 -4.657471e+01
9.998594e-01 -9.598394e-05 -1.676819e-02 9.110322e+00 9.138011e-05 1.000000e+00 -2.752866e-04 5.907119e-01 1.676821e-02 2.737153e-04 9.998594e-01 -4.664704e+01
9.999775e-01 4.771059e-04 6.697864e-03 9.158557e+00 -4.841170e-04 9.999993e-01 1.045283e-03 5.850270e-01 -6.697361e-03 -1.048502e-03 9.999770e-01 -4.668740e+01
9.998644e-01 1.240120e-04 -1.646991e-02 9.164090e+00 -1.239224e-04 1.000000e+00 6.501026e-06 5.817060e-01 1.646991e-02 -4.459555e-06 9.998644e-01 -4.674474e+01
9.999777e-01 7.285999e-04 6.630991e-03 9.128551e+00 -7.363280e-04 9.999991e-01 1.163178e-03 5.809055e-01 -6.630137e-03 -1.168034e-03 9.999773e-01 -4.680508e+01
9.998536e-01 -2.937398e-05 -1.710974e-02 9.158204e+00 2.948326e-05 1.000000e+00 6.171111e-06 5.792721e-01 1.710974e-02 -6.675054e-06 9.998536e-01 -4.694766e+01
9.999764e-01 3.227746e-04 6.864838e-03 9.216836e+00 -3.277797e-04 9.999997e-01 7.280655e-04 5.729168e-01 -6.864600e-03 -7.302980e-04 9.999762e-01 -4.698100e+01
9.998542e-01 1.984814e-04 -1.707417e-02 9.260081e+00 -1.944635e-04 1.000000e+00 2.370171e-04 5.690857e-01 1.707422e-02 -2.336626e-04 9.998542e-01 -4.706555e+01
9.999760e-01 -2.406001e-05 6.933171e-03 9.323933e+00 2.193515e-05 1.000000e+00 3.066464e-04 5.602041e-01 -6.933179e-03 -3.064865e-04 9.999759e-01 -4.698420e+01
9.998351e-01 1.672966e-04 -1.815907e-02 9.421675e+00 -1.629778e-04 1.000000e+00 2.393455e-04 5.524285e-01 1.815911e-02 -2.363469e-04 9.998351e-01 -4.704326e+01
9.999705e-01 1.412855e-04 7.675529e-03 9.485083e+00 -1.447687e-04 9.999999e-01 4.533297e-04 5.454713e-01 -7.675464e-03 -4.544272e-04 9.999704e-01 -4.708096e+01
9.998418e-01 3.241235e-04 -1.778654e-02 9.509680e+00 -3.143608e-04 9.999998e-01 5.517100e-04 5.397895e-01 1.778672e-02 -5.460317e-04 9.998417e-01 -4.709741e+01
9.999719e-01 4.220473e-04 7.478278e-03 9.525713e+00 -4.276630e-04 9.999996e-01 7.494442e-04 5.377963e-01 -7.477959e-03 -7.526210e-04 9.999718e-01 -4.721852e+01
9.998446e-01 1.509332e-04 -1.763089e-02 9.543149e+00 -1.464375e-04 1.000000e+00 2.563173e-04 5.337216e-01 1.763093e-02 -2.536960e-04 9.998445e-01 -4.728668e+01
9.999874e-01 3.586546e-04 4.999348e-03 9.644273e+00 -3.648660e-04 9.999992e-01 1.241730e-03 5.302805e-01 -4.998899e-03 -1.243538e-03 9.999867e-01 -4.751150e+01
9.998421e-01 7.383194e-04 -1.775427e-02 9.732918e+00 -7.238970e-04 9.999994e-01 8.187854e-04 5.332737e-01 1.775486e-02 -8.058042e-04 9.998420e-01 -4.787434e+01
9.999842e-01 2.604124e-04 5.623786e-03 9.788234e+00 -2.650281e-04 9.999996e-01 8.201287e-04 5.363181e-01 -5.623570e-03 -8.216058e-04 9.999839e-01 -4.818166e+01
9.998076e-01 5.258677e-04 -1.960863e-02 1.002186e+01 -5.123705e-04 9.999996e-01 6.933825e-04 5.334416e-01 1.960899e-02 -6.832026e-04 9.998075e-01 -4.858910e+01
9.999775e-01 -7.078423e-04 6.667915e-03 1.014066e+01 7.128184e-04 9.999995e-01 -7.438314e-04 5.271425e-01 -6.667385e-03 7.485680e-04 9.999775e-01 -4.864274e+01
9.998207e-01 1.086060e-03 -1.890329e-02 1.024490e+01 -1.049915e-03 9.999976e-01 1.921937e-03 5.218037e-01 1.890533e-02 -1.901746e-03 9.998195e-01 -4.878464e+01
9.999857e-01 -6.194237e-04 5.319081e-03 1.043112e+01 6.211418e-04 9.999998e-01 -3.212397e-04 5.199530e-01 -5.318881e-03 3.245393e-04 9.999858e-01 -4.913577e+01
9.998346e-01 1.265273e-03 -1.814255e-02 1.054230e+01 -1.232370e-03 9.999976e-01 1.824666e-03 5.183022e-01 1.814481e-02 -1.802006e-03 9.998337e-01 -4.940030e+01
9.999657e-01 -9.361317e-04 8.225262e-03 1.057828e+01 9.451583e-04 9.999990e-01 -1.093522e-03 5.129064e-01 -8.224230e-03 1.101259e-03 9.999656e-01 -4.941452e+01
9.998157e-01 1.389056e-03 -1.914901e-02 1.063759e+01 -1.348470e-03 9.999968e-01 2.132258e-03 5.088403e-01 1.915191e-02 -2.106044e-03 9.998144e-01 -4.953457e+01
9.999768e-01 -4.777633e-04 6.796931e-03 1.070936e+01 4.801823e-04 9.999998e-01 -3.541694e-04 5.090387e-01 -6.796760e-03 3.574253e-04 9.999768e-01 -4.983340e+01
9.998190e-01 7.686093e-04 -1.900741e-02 1.077626e+01 -7.433914e-04 9.999988e-01 1.333806e-03 5.034207e-01 1.900842e-02 -1.319435e-03 9.998185e-01 -4.982917e+01
9.999603e-01 -1.343659e-03 8.811648e-03 1.079123e+01 1.355982e-03 9.999981e-01 -1.392533e-03 4.800427e-01 -8.809760e-03 1.404427e-03 9.999602e-01 -4.852076e+01
9.997752e-01 -2.266017e-03 -2.108063e-02 1.075896e+01 2.285231e-03 9.999970e-01 8.874666e-04 4.536236e-01 2.107855e-02 -9.354415e-04 9.997774e-01 -4.655774e+01
9.999411e-01 1.257865e-03 1.078449e-02 1.080225e+01 -1.249068e-03 9.999989e-01 -8.223341e-04 4.318389e-01 -1.078551e-02 8.088153e-04 9.999415e-01 -4.539388e+01
9.997589e-01 -3.801677e-03 -2.162551e-02 1.085020e+01 3.818297e-03 9.999924e-01 7.273087e-04 4.050366e-01 2.162258e-02 -8.097063e-04 9.997659e-01 -4.384642e+01
9.999788e-01 2.440924e-03 6.040914e-03 1.100671e+01 -2.436330e-03 9.999967e-01 -7.676101e-04 3.922036e-01 -6.042768e-03 7.528764e-04 9.999815e-01 -4.346495e+01
9.997628e-01 -2.523223e-03 -2.163092e-02 1.119974e+01 2.548782e-03 9.999961e-01 1.154136e-03 3.867652e-01 2.162792e-02 -1.208995e-03 9.997654e-01 -4.358740e+01
9.999314e-01 1.749520e-03 1.157918e-02 1.126273e+01 -1.738886e-03 9.999981e-01 -9.283608e-04 3.694677e-01 -1.158079e-02 9.081625e-04 9.999325e-01 -4.287228e+01
9.997482e-01 -2.897883e-03 -2.225378e-02 1.132314e+01 2.928326e-03 9.999948e-01 1.335580e-03 3.529300e-01 2.224980e-02 -1.400411e-03 9.997515e-01 -4.217345e+01
9.999415e-01 2.753325e-03 1.046048e-02 1.138859e+01 -2.754709e-03 9.999962e-01 1.179558e-04 3.468902e-01 -1.046012e-02 -1.467642e-04 9.999453e-01 -4.209759e+01
9.996898e-01 -2.727392e-03 -2.475505e-02 1.147742e+01 2.777671e-03 9.999941e-01 1.996927e-03 3.459564e-01 2.474946e-02 -2.065069e-03 9.996916e-01 -4.225232e+01
9.999264e-01 3.015722e-03 1.175583e-02 1.157127e+01 -3.010953e-03 9.999954e-01 -4.232791e-04 3.469500e-01 -1.175705e-02 3.878520e-04 9.999308e-01 -4.252558e+01
9.996742e-01 -2.459051e-03 -2.540702e-02 1.170549e+01 2.511979e-03 9.999947e-01 2.051503e-03 3.473248e-01 2.540184e-02 -2.114657e-03 9.996751e-01 -4.286654e+01
9.999255e-01 3.079979e-03 1.181189e-02 1.185016e+01 -3.076195e-03 9.999952e-01 -3.384201e-04 3.476368e-01 -1.181288e-02 3.020595e-04 9.999302e-01 -4.323052e+01
9.997397e-01 -3.214944e-03 -2.258785e-02 1.190011e+01 3.245114e-03 9.999939e-01 1.299159e-03 3.403183e-01 2.258354e-02 -1.372121e-03 9.997440e-01 -4.307787e+01
9.999628e-01 3.785864e-03 7.752575e-03 1.208176e+01 -3.791359e-03 9.999926e-01 6.942275e-04 3.407332e-01 -7.749889e-03 -7.235943e-04 9.999697e-01 -4.349893e+01
9.996475e-01 -3.008804e-03 -2.637745e-02 1.242329e+01 3.048635e-03 9.999943e-01 1.469992e-03 3.415864e-01 2.637288e-02 -1.549889e-03 9.996510e-01 -4.414814e+01
9.999676e-01 3.808394e-03 7.089010e-03 1.276630e+01 -3.815234e-03 9.999923e-01 9.517311e-04 3.446761e-01 -7.085331e-03 -9.787463e-04 9.999744e-01 -4.483319e+01
9.997079e-01 -2.751593e-03 -2.401137e-02 1.299199e+01 2.791070e-03 9.999948e-01 1.610740e-03 3.485361e-01 2.400681e-02 -1.677287e-03 9.997104e-01 -4.542023e+01
9.999768e-01 3.732969e-03 5.694597e-03 1.331895e+01 -3.736874e-03 9.999928e-01 6.754151e-04 3.514852e-01 -5.692035e-03 -6.966792e-04 9.999836e-01 -4.611416e+01
9.996470e-01 -3.369599e-03 -2.635262e-02 1.376313e+01 3.396870e-03 9.999937e-01 9.901835e-04 3.516344e-01 2.634911e-02 -1.079351e-03 9.996522e-01 -4.674685e+01
9.999211e-01 2.884530e-03 1.222894e-02 1.396570e+01 -2.863573e-03 9.999944e-01 -1.730793e-03 3.442287e-01 -1.223386e-02 1.695638e-03 9.999237e-01 -4.673130e+01
9.996061e-01 -2.495810e-03 -2.795392e-02 1.412753e+01 2.587999e-03 9.999913e-01 3.262235e-03 3.426324e-01 2.794553e-02 -3.333295e-03 9.996039e-01 -4.701520e+01
9.999319e-01 2.997287e-03 1.127476e-02 1.438957e+01 -2.982135e-03 9.999946e-01 -1.360396e-03 3.440979e-01 -1.127878e-02 1.326681e-03 9.999355e-01 -4.755537e+01
9.995802e-01 -2.171595e-03 -2.888979e-02 1.466672e+01 2.281855e-03 9.999902e-01 3.784179e-03 3.452039e-01 2.888129e-02 -3.848514e-03 9.995754e-01 -4.816129e+01
9.999704e-01 3.198517e-03 6.992760e-03 1.513956e+01 -3.192989e-03 9.999946e-01 -8.014596e-04 3.487703e-01 -6.995286e-03 7.791083e-04 9.999752e-01 -4.909543e+01
9.994913e-01 -2.393585e-03 -3.180255e-02 1.572170e+01 2.529504e-03 9.999878e-01 4.234293e-03 3.547577e-01 3.179203e-02 -4.312584e-03 9.994852e-01 -5.019883e+01
9.999548e-01 2.920362e-03 9.052155e-03 1.621903e+01 -2.909908e-03 9.999951e-01 -1.167783e-03 3.590929e-01 -9.055521e-03 1.141390e-03 9.999583e-01 -5.112026e+01
9.995597e-01 -2.991687e-03 -2.952114e-02 1.663691e+01 3.092519e-03 9.999895e-01 3.370533e-03 3.614321e-01 2.951075e-02 -3.460343e-03 9.995585e-01 -5.187689e+01
9.999574e-01 2.877465e-03 8.764735e-03 1.699154e+01 -2.862582e-03 9.999944e-01 -1.710061e-03 3.623107e-01 -8.769607e-03 1.684899e-03 9.999601e-01 -5.252214e+01
9.994406e-01 -2.997663e-03 -3.330962e-02 1.751010e+01 3.140511e-03 9.999861e-01 4.237031e-03 3.660492e-01 3.329645e-02 -4.339270e-03 9.994361e-01 -5.346169e+01
9.999667e-01 3.075837e-03 7.565279e-03 1.797630e+01 -3.060653e-03 9.999933e-01 -2.017801e-03 3.722060e-01 -7.571435e-03 1.994579e-03 9.999693e-01 -5.436805e+01
9.994839e-01 -2.740564e-03 -3.200653e-02 1.838468e+01 2.872607e-03 9.999875e-01 4.080267e-03 3.783186e-01 3.199495e-02 -4.170103e-03 9.994793e-01 -5.522882e+01
9.999687e-01 2.771016e-03 7.408367e-03 1.893752e+01 -2.763621e-03 9.999957e-01 -1.008088e-03 3.896532e-01 -7.411128e-03 9.875830e-04 9.999720e-01 -5.639326e+01
9.997086e-01 -2.925131e-03 -2.396193e-02 1.910005e+01 2.993167e-03 9.999916e-01 2.803968e-03 3.919915e-01 2.395353e-02 -2.874873e-03 9.997089e-01 -5.677177e+01
9.999946e-01 3.273069e-03 2.924447e-04 1.959196e+01 -3.273154e-03 9.999946e-01 2.924166e-04 4.014858e-01 -2.914862e-04 -2.933722e-04 9.999999e-01 -5.783290e+01
9.997016e-01 -2.199296e-03 -2.432666e-02 2.006724e+01 2.271181e-03 9.999931e-01 2.927770e-03 4.058864e-01 2.432006e-02 -2.982147e-03 9.996998e-01 -5.876942e+01
9.999711e-01 2.570031e-03 7.152886e-03 2.036554e+01 -2.561842e-03 9.999961e-01 -1.153670e-03 4.077958e-01 -7.155823e-03 1.135312e-03 9.999738e-01 -5.934233e+01
9.997421e-01 -2.383357e-03 -2.258354e-02 2.047767e+01 2.443541e-03 9.999935e-01 2.637736e-03 4.095896e-01 2.257710e-02 -2.692240e-03 9.997415e-01 -5.964857e+01
9.999923e-01 3.804022e-03 9.184494e-04 2.090178e+01 -3.804045e-03 9.999928e-01 2.437801e-05 4.145498e-01 -9.183502e-04 -2.787158e-05 9.999996e-01 -6.048660e+01
9.996975e-01 -2.528025e-03 -2.446381e-02 2.143192e+01 2.609920e-03 9.999911e-01 3.316266e-03 4.243431e-01 2.445521e-02 -3.379111e-03 9.996952e-01 -6.155507e+01
9.999798e-01 3.002567e-03 5.593946e-03 2.176563e+01 -2.998029e-03 9.999952e-01 -8.192890e-04 4.302859e-01 -5.596379e-03 8.025017e-04 9.999840e-01 -6.229541e+01
9.997401e-01 -2.809407e-03 -2.262471e-02 2.199815e+01 2.876082e-03 9.999916e-01 2.915029e-03 4.355773e-01 2.261633e-02 -2.979342e-03 9.997398e-01 -6.288980e+01
9.999939e-01 3.423799e-03 7.254742e-04 2.237661e+01 -3.423772e-03 9.999941e-01 -3.787824e-05 4.416120e-01 -7.255998e-04 3.539419e-05 9.999997e-01 -6.371858e+01
9.997808e-01 -2.489881e-03 -2.078643e-02 2.273814e+01 2.563103e-03 9.999906e-01 3.496762e-03 4.523311e-01 2.077752e-02 -3.549273e-03 9.997778e-01 -6.468030e+01
9.999904e-01 3.850994e-03 2.096704e-03 2.295239e+01 -3.850754e-03 9.999926e-01 -1.180945e-04 4.648719e-01 -2.097144e-03 1.100195e-04 9.999978e-01 -6.549381e+01
9.997523e-01 -2.765571e-03 -2.208391e-02 2.332584e+01 2.835834e-03 9.999910e-01 3.151019e-03 4.724314e-01 2.207500e-02 -3.212865e-03 9.997512e-01 -6.638692e+01
9.999937e-01 3.516076e-03 5.289360e-04 2.375960e+01 -3.516017e-03 9.999938e-01 -1.112760e-04 4.786477e-01 -5.293242e-04 1.094156e-04 9.999999e-01 -6.728161e+01
9.998380e-01 -2.654293e-03 -1.779990e-02 2.399600e+01 2.704295e-03 9.999925e-01 2.785658e-03 4.868353e-01 1.779238e-02 -2.833343e-03 9.998377e-01 -6.797601e+01
9.999913e-01 3.911740e-03 1.441357e-03 2.416744e+01 -3.912249e-03 9.999923e-01 3.508418e-04 4.943666e-01 -1.439974e-03 -3.564777e-04 9.999989e-01 -6.863604e+01
9.998716e-01 -3.535481e-03 -1.563236e-02 2.423911e+01 3.556396e-03 9.999928e-01 1.310412e-03 4.987088e-01 1.562762e-02 -1.365839e-03 9.998769e-01 -6.897649e+01
9.999907e-01 3.715266e-03 2.178636e-03 2.433670e+01 -3.714813e-03 9.999931e-01 -2.113191e-04 4.979422e-01 -2.179406e-03 2.032239e-04 9.999976e-01 -6.917919e+01
9.998160e-01 -2.905436e-03 -1.895870e-02 2.453584e+01 2.954119e-03 9.999924e-01 2.540373e-03 5.009462e-01 1.895118e-02 -2.595912e-03 9.998170e-01 -6.970399e+01
9.999842e-01 5.219996e-03 2.081002e-03 2.460505e+01 -5.222926e-03 9.999854e-01 1.405070e-03 5.179314e-01 -2.073638e-03 -1.415917e-03 9.999968e-01 -7.044659e+01
9.998783e-01 -2.682704e-03 -1.536774e-02 2.453297e+01 2.711792e-03 9.999946e-01 1.872329e-03 5.370154e-01 1.536263e-02 -1.913775e-03 9.998802e-01 -7.101777e+01
9.999837e-01 4.063330e-03 -4.016905e-03 2.482772e+01 -4.057897e-03 9.999908e-01 1.359574e-03 5.439407e-01 4.022392e-03 -1.343252e-03 9.999910e-01 -7.180201e+01
9.998135e-01 -2.306855e-03 -1.917587e-02 2.527721e+01 2.354692e-03 9.999942e-01 2.472478e-03 5.564781e-01 1.917006e-02 -2.517170e-03 9.998131e-01 -7.296421e+01
9.999884e-01 3.271358e-03 -3.535669e-03 2.573491e+01 -3.268218e-03 9.999943e-01 8.933267e-04 5.626086e-01 3.538571e-03 -8.817611e-04 9.999934e-01 -7.389047e+01
9.999034e-01 -2.596365e-03 -1.365794e-02 2.600409e+01 2.613821e-03 9.999958e-01 1.260437e-03 5.658710e-01 1.365461e-02 -1.296015e-03 9.999059e-01 -7.449428e+01
9.999832e-01 3.404499e-03 -4.682595e-03 2.631826e+01 -3.398387e-03 9.999934e-01 1.312423e-03 5.691788e-01 4.687032e-03 -1.296488e-03 9.999882e-01 -7.517566e+01
9.999253e-01 -2.601467e-03 -1.194299e-02 2.656065e+01 2.614253e-03 9.999960e-01 1.055214e-03 5.751252e-01 1.194019e-02 -1.086357e-03 9.999281e-01 -7.581672e+01
9.999477e-01 4.473089e-03 -9.200657e-03 2.689363e+01 -4.447230e-03 9.999861e-01 2.829036e-03 5.864406e-01 9.213184e-03 -2.787970e-03 9.999537e-01 -7.681422e+01
9.999250e-01 -3.966435e-03 -1.159039e-02 2.727342e+01 3.967171e-03 9.999921e-01 4.055223e-05 5.923824e-01 1.159014e-02 -8.653017e-05 9.999328e-01 -7.762652e+01
9.999738e-01 4.758870e-03 -5.446143e-03 2.754510e+01 -4.745784e-03 9.999858e-01 2.413036e-03 5.958649e-01 5.457549e-03 -2.387127e-03 9.999823e-01 -7.824515e+01
9.999299e-01 -3.474269e-03 -1.131626e-02 2.775482e+01 3.477957e-03 9.999939e-01 3.063205e-04 6.010751e-01 1.131513e-02 -3.456564e-04 9.999359e-01 -7.885568e+01
9.999521e-01 5.303209e-03 -8.230751e-03 2.801775e+01 -5.275293e-03 9.999803e-01 3.409565e-03 6.141635e-01 8.248670e-03 -3.365983e-03 9.999603e-01 -7.979025e+01
9.999147e-01 -3.455873e-03 -1.259680e-02 2.823245e+01 3.466551e-03 9.999937e-01 8.259800e-04 6.328493e-01 1.259387e-02 -8.695769e-04 9.999203e-01 -8.073035e+01
9.999710e-01 5.605192e-03 -5.151424e-03 2.837272e+01 -5.590546e-03 9.999803e-01 2.852834e-03 6.485325e-01 5.167313e-03 -2.823952e-03 9.999827e-01 -8.152622e+01
9.999521e-01 -3.640357e-03 -9.084725e-03 2.840927e+01 3.643154e-03 9.999933e-01 2.914632e-04 6.681237e-01 9.083603e-03 -3.245462e-04 9.999587e-01 -8.216637e+01
9.999764e-01 4.613524e-03 -5.090170e-03 2.855214e+01 -4.603726e-03 9.999875e-01 1.934893e-03 6.710578e-01 5.099033e-03 -1.911414e-03 9.999852e-01 -8.262001e+01
9.998962e-01 -3.699630e-03 -1.392846e-02 2.891238e+01 3.709823e-03 9.999929e-01 7.061057e-04 6.748164e-01 1.392574e-02 -7.577043e-04 9.999027e-01 -8.338541e+01
9.999894e-01 4.168217e-03 -1.977427e-03 2.915093e+01 -4.165779e-03 9.999906e-01 1.234898e-03 6.775404e-01 1.982555e-03 -1.226648e-03 9.999973e-01 -8.389640e+01
9.998748e-01 -3.362227e-03 -1.546473e-02 2.944881e+01 3.379390e-03 9.999937e-01 1.083830e-03 6.796359e-01 1.546099e-02 -1.135955e-03 9.998798e-01 -8.453441e+01
