9.999801e-01 -2.819536e-03 -5.651682e-03 -1.468987e-02 2.821993e-03 9.999959e-01 4.268677e-04 -7.708875e-03 5.650455e-03 -4.428089e-04 9.999839e-01 4.089788e-01
9.999995e-01 -5.554556e-04 8.643411e-04 -3.648204e-02 5.554599e-04 9.999998e-01 -4.780916e-06 -1.681345e-02 -8.643380e-04 5.261731e-06 9.999996e-01 9.255920e-01
9.999783e-01 -2.086501e-03 -6.245054e-03 -5.930651e-02 2.089891e-03 9.999977e-01 5.363861e-04 -2.357988e-02 6.243920e-03 -5.494267e-04 9.999804e-01 1.339842e+00
9.999963e-01 -1.498927e-03 2.275628e-03 -9.356967e-02 1.499238e-03 9.999989e-01 -1.346826e-04 -3.260077e-02 -2.275423e-03 1.380946e-04 9.999974e-01 1.902857e+00
9.999797e-01 -2.187684e-03 -5.992134e-03 -1.246992e-01 2.190940e-03 9.999975e-01 5.368887e-04 -4.193551e-02 5.990943e-03 -5.500069e-04 9.999819e-01 2.498690e+00
9.999938e-01 -2.222721e-03 2.723884e-03 -1.442287e-01 2.223426e-03 9.999975e-01 -2.559097e-04 -5.525020e-02 -2.723308e-03 2.619652e-04 9.999963e-01 3.193378e+00
9.999833e-01 -2.275237e-03 -5.309059e-03 -1.795660e-01 2.277834e-03 9.999973e-01 4.831620e-04 -6.667810e-02 5.307945e-03 -4.952478e-04 9.999858e-01 3.931310e+00
9.999917e-01 -2.774978e-03 2.978006e-03 -2.110658e-01 2.775888e-03 9.999961e-01 -3.016258e-04 -8.109050e-02 -2.977157e-03 3.098906e-04 9.999955e-01 4.727413e+00
9.999839e-01 -2.139187e-03 -5.246642e-03 -2.565017e-01 2.141817e-03 9.999976e-01 4.956542e-04 -9.374921e-02 5.245569e-03 -5.068843e-04 9.999861e-01 5.527355e+00
9.999989e-01 -1.048413e-03 1.037364e-03 -2.929666e-01 1.048436e-03 9.999995e-01 -2.169885e-05 -1.008413e-01 -1.037341e-03 2.278714e-05 9.999995e-01 6.057256e+00
9.999798e-01 -1.842337e-03 -6.076811e-03 -3.290249e-01 1.845795e-03 9.999981e-01 5.635021e-04 -1.068840e-01 6.075761e-03 -5.747080e-04 9.999814e-01 6.481074e+00
9.999975e-01 -1.575812e-03 1.565049e-03 -3.498386e-01 1.575949e-03 9.999988e-01 -8.674554e-05 -1.165594e-01 -1.564910e-03 8.921246e-05 9.999988e-01 7.011577e+00
9.999737e-01 -1.086140e-03 -7.168240e-03 -3.707650e-01 1.091090e-03 9.999992e-01 6.866298e-04 -1.238977e-01 7.167488e-03 -6.944336e-04 9.999741e-01 7.427734e+00
9.999959e-01 -1.958755e-03 2.067633e-03 -4.028263e-01 1.959037e-03 9.999981e-01 -1.341921e-04 -1.314746e-01 -2.067366e-03 1.382428e-04 9.999979e-01 7.893857e+00
9.999815e-01 -2.142959e-03 -5.698681e-03 -4.576325e-01 2.145900e-03 9.999976e-01 5.099330e-04 -1.406504e-01 5.697574e-03 -5.221530e-04 9.999836e-01 8.515336e+00
9.999959e-01 -1.908750e-03 2.145250e-03 -5.049399e-01 1.908790e-03 9.999982e-01 -1.694362e-05 -1.511244e-01 -2.145213e-03 2.103908e-05 9.999977e-01 9.186356e+00
9.999631e-01 -2.796323e-04 -8.588452e-03 -5.384103e-01 2.839566e-04 9.999998e-01 5.022900e-04 -1.558648e-01 8.588309e-03 -5.047109e-04 9.999630e-01 9.498878e+00
9.999973e-01 -1.164523e-03 1.992030e-03 -6.062680e-01 1.166225e-03 9.999990e-01 -8.535173e-04 -1.555005e-01 -1.991034e-03 8.558388e-04 9.999977e-01 9.598044e+00
9.999639e-01 -1.126231e-03 -8.419954e-03 -6.665067e-01 1.135171e-03 9.999988e-01 1.057015e-03 -1.580119e-01 8.418753e-03 -1.066536e-03 9.999640e-01 9.869656e+00
9.999945e-01 -1.430987e-03 3.004802e-03 -6.845592e-01 1.432262e-03 9.999989e-01 -4.221877e-04 -1.649953e-01 -3.004194e-03 4.264897e-04 9.999954e-01 1.027496e+01
9.999479e-01 1.582067e-04 -1.020662e-02 -7.268775e-01 -1.554204e-04 1.000000e+00 2.737865e-04 -1.653066e-01 1.020666e-02 -2.721866e-04 9.999479e-01 1.034409e+01
9.999916e-01 -1.551319e-03 3.799391e-03 -7.835205e-01 1.554452e-03 9.999985e-01 -8.217124e-04 -1.626162e-01 -3.798110e-03 8.276121e-04 9.999924e-01 1.030313e+01
9.999408e-01 7.625882e-05 -1.087637e-02 -8.147127e-01 -6.606109e-05 9.999996e-01 9.379661e-04 -1.647740e-01 1.087643e-02 -9.371928e-04 9.999404e-01 1.044864e+01
9.999888e-01 -1.930329e-03 4.313686e-03 -8.543421e-01 1.933702e-03 9.999978e-01 -7.778344e-04 -1.673669e-01 -4.312175e-03 7.861678e-04 9.999904e-01 1.065071e+01
9.999520e-01 -4.836692e-04 -9.789463e-03 -8.411715e-01 4.961178e-04 9.999991e-01 1.269256e-03 -1.749872e-01 9.788840e-03 -1.274052e-03 9.999513e-01 1.101382e+01
9.999928e-01 -1.781531e-03 3.338026e-03 -8.036522e-01 1.783723e-03 9.999982e-01 -6.538265e-04 -1.843159e-01 -3.336855e-03 6.597766e-04 9.999942e-01 1.133755e+01
9.999490e-01 -3.825732e-04 -1.008883e-02 -7.590373e-01 3.936786e-04 9.999993e-01 1.098814e-03 -1.928039e-01 1.008840e-02 -1.102730e-03 9.999485e-01 1.161803e+01
9.999953e-01 -1.114820e-03 2.857636e-03 -7.631607e-01 1.118136e-03 9.999987e-01 -1.158917e-03 -1.954505e-01 -2.856340e-03 1.162108e-03 9.999952e-01 1.171641e+01
9.999537e-01 -7.661253e-04 -9.588393e-03 -8.077704e-01 7.747903e-04 9.999993e-01 9.000171e-04 -1.975346e-01 9.587696e-03 -9.074052e-04 9.999536e-01 1.187983e+01
9.999955e-01 -1.060009e-03 2.799463e-03 -8.378693e-01 1.062891e-03 9.999989e-01 -1.028321e-03 -2.000438e-01 -2.798370e-03 1.031293e-03 9.999956e-01 1.204696e+01
9.999556e-01 -1.080196e-03 -9.364856e-03 -8.066540e-01 1.096559e-03 9.999979e-01 1.742319e-03 -2.084442e-01 9.362954e-03 -1.752511e-03 9.999546e-01 1.235811e+01
9.999993e-01 4.494275e-04 1.096957e-03 -7.921894e-01 -4.473918e-04 9.999982e-01 -1.855264e-03 -2.050123e-01 -1.097788e-03 1.854773e-03 9.999977e-01 1.213240e+01
9.999798e-01 -2.204526e-03 -5.957775e-03 -7.272914e-01 2.200996e-03 9.999974e-01 -5.990633e-04 -1.894642e-01 5.959080e-03 5.859375e-04 9.999821e-01 1.135143e+01
9.999963e-01 8.742982e-05 2.716751e-03 -6.717108e-01 -8.127908e-05 9.999974e-01 -2.264003e-03 -1.703185e-01 -2.716942e-03 2.263775e-03 9.999937e-01 1.045552e+01
9.999739e-01 -2.037308e-03 -6.925986e-03 -6.290640e-01 2.036378e-03 9.999979e-01 -1.412820e-04 -1.538812e-01 6.926259e-03 1.271737e-04 9.999760e-01 9.681953e+00
9.999959e-01 4.868548e-04 2.833704e-03 -6.126940e-01 -4.831447e-04 9.999990e-01 -1.309768e-03 -1.410910e-01 -2.834339e-03 1.308394e-03 9.999951e-01 9.088189e+00
9.999629e-01 -1.836601e-03 -8.412062e-03 -5.829282e-01 1.841637e-03 9.999981e-01 5.910003e-04 -1.327754e-01 8.410961e-03 -6.064710e-04 9.999644e-01 8.660094e+00
9.999971e-01 -4.274795e-04 2.377432e-03 -5.857274e-01 4.284968e-04 9.999998e-01 -4.273971e-04 -1.375147e-01 -2.377248e-03 4.284153e-04 9.999971e-01 8.864980e+00
9.999662e-01 -2.383462e-03 -7.874612e-03 -5.820343e-01 2.390810e-03 9.999967e-01 9.239610e-04 -1.464819e-01 7.872383e-03 -9.427571e-04 9.999686e-01 9.280574e+00
9.999993e-01 6.171164e-04 1.023670e-03 -6.160508e-01 -6.165117e-04 9.999996e-01 -5.908313e-04 -1.494644e-01 -1.024034e-03 5.902005e-04 9.999993e-01 9.500321e+00
9.999658e-01 -1.870376e-03 -8.053254e-03 -6.664954e-01 1.874018e-03 9.999981e-01 4.447332e-04 -1.493276e-01 8.052407e-03 -4.598106e-04 9.999675e-01 9.558014e+00
9.999992e-01 2.448226e-04 1.232290e-03 -6.904295e-01 -2.442867e-04 9.999999e-01 -4.349338e-04 -1.525451e-01 -1.232396e-03 4.346331e-04 9.999991e-01 9.720306e+00
9.999678e-01 -1.283634e-03 -7.919010e-03 -7.385656e-01 1.280098e-03 9.999991e-01 -4.515227e-04 -1.470061e-01 7.919582e-03 4.413704e-04 9.999685e-01 9.523436e+00
9.999986e-01 -1.544259e-04 1.647307e-03 -7.623531e-01 1.541203e-04 1.000000e+00 1.856944e-04 -1.464703e-01 -1.647335e-03 -1.854396e-04 9.999986e-01 9.515255e+00
9.999629e-01 -8.723748e-04 -8.567755e-03 -7.911159e-01 8.608173e-04 9.999987e-01 -1.352538e-03 -1.383206e-01 8.568923e-03 1.345112e-03 9.999624e-01 9.170621e+00
9.999955e-01 -3.831837e-04 2.983657e-03 -8.289823e-01 3.821621e-04 9.999999e-01 3.429976e-04 -1.313627e-01 -2.983788e-03 -3.418551e-04 9.999955e-01 8.893690e+00
9.999520e-01 -1.667752e-03 -9.652839e-03 -8.237297e-01 1.664364e-03 9.999986e-01 -3.589494e-04 -1.374975e-01 9.653423e-03 3.428656e-04 9.999533e-01 9.109733e+00
9.999950e-01 -3.143722e-04 3.157882e-03 -8.107449e-01 3.126978e-04 9.999998e-01 5.307546e-04 -1.436368e-01 -3.158048e-03 -5.297638e-04 9.999949e-01 9.336528e+00
9.999524e-01 -1.140272e-03 -9.689565e-03 -7.984789e-01 1.134799e-03 9.999992e-01 -5.703760e-04 -1.446613e-01 9.690207e-03 5.593525e-04 9.999529e-01 9.330087e+00
9.999976e-01 2.928697e-04 2.152589e-03 -8.070270e-01 -2.922356e-04 9.999999e-01 -2.948512e-04 -1.377885e-01 -2.152675e-03 2.942222e-04 9.999976e-01 8.993878e+00
9.999806e-01 -2.380111e-03 -5.747839e-03 -7.412577e-01 2.365761e-03 9.999941e-01 -2.502079e-03 -1.204737e-01 5.753760e-03 2.488432e-03 9.999804e-01 8.175226e+00
9.999998e-01 4.803496e-04 3.804749e-04 -6.833291e-01 -4.803211e-04 9.999999e-01 -7.463596e-05 -1.059767e-01 -3.805103e-04 7.445387e-05 9.999999e-01 7.454555e+00
9.999881e-01 -2.612034e-03 -4.110573e-03 -6.152213e-01 2.600778e-03 9.999929e-01 -2.741202e-03 -8.965690e-02 4.117703e-03 2.730478e-03 9.999878e-01 6.643028e+00
9.999986e-01 -2.387627e-05 1.696378e-03 -5.279843e-01 2.693915e-05 9.999984e-01 -1.805466e-03 -6.548157e-02 -1.696332e-03 1.805510e-03 9.999969e-01 5.491681e+00
9.999896e-01 -2.794325e-03 -3.599007e-03 -4.234787e-01 2.785048e-03 9.999928e-01 -2.580132e-03 -4.088215e-02 3.606190e-03 2.570082e-03 9.999902e-01 4.323484e+00
9.999991e-01 -2.237132e-04 1.351456e-03 -2.578880e-01 2.275231e-04 9.999960e-01 -2.819492e-03 -1.284564e-02 -1.350819e-03 2.819797e-03 9.999951e-01 2.970934e+00
9.999929e-01 -2.845229e-03 -2.489381e-03 -1.318346e-01 2.838961e-03 9.999928e-01 -2.517783e-03 1.613973e-02 2.496526e-03 2.510697e-03 9.999937e-01 1.602711e+00
9.999991e-01 -3.411882e-04 1.310592e-03 2.543642e-02 3.450047e-04 9.999957e-01 -2.912852e-03 4.389962e-02 -1.309592e-03 2.913303e-03 9.999949e-01 2.528352e-01
9.999918e-01 -2.475495e-03 -3.216727e-03 1.478301e-01 2.472135e-03 9.999964e-01 -1.048041e-03 6.715861e-02 3.219310e-03 1.040080e-03 9.999943e-01 -8.677783e-01
9.999993e-01 -6.906282e-04 9.497338e-04 3.348737e-01 6.954733e-04 9.999867e-01 -5.110548e-03 9.518018e-02 -9.461913e-04 5.111206e-03 9.999865e-01 -2.252267e+00
9.999957e-01 -2.405981e-03 -1.655506e-03 4.654516e-01 2.406140e-03 9.999971e-01 9.445503e-05 1.231430e-01 1.655274e-03 -9.843868e-05 9.999986e-01 -3.570693e+00
9.999997e-01 -5.737791e-05 -7.582681e-04 5.605853e-01 5.535676e-05 9.999964e-01 -2.665421e-03 1.395268e-01 7.584187e-04 2.665379e-03 9.999962e-01 -4.396068e+00
9.999866e-01 -1.660685e-03 -4.900177e-03 6.559929e-01 1.660822e-03 9.999986e-01 2.396068e-05 1.553444e-01 4.900130e-03 -3.209935e-05 9.999880e-01 -5.230084e+00
9.999930e-01 -1.382088e-03 3.471762e-03 7.953098e-01 1.400047e-03 9.999856e-01 -5.175777e-03 1.829491e-01 -3.464559e-03 5.180603e-03 9.999806e-01 -6.544964e+00
9.999877e-01 -1.331353e-03 -4.782419e-03 8.911524e-01 1.337287e-03 9.999983e-01 1.237696e-03 2.057529e-01 4.780763e-03 -1.244077e-03 9.999878e-01 -7.621335e+00
9.999999e-01 -5.009743e-04 5.108949e-05 9.613454e-01 5.011326e-04 9.999949e-01 -3.143096e-03 2.180156e-01 -4.951425e-05 3.143121e-03 9.999951e-01 -8.260897e+00
9.999881e-01 -1.541004e-03 -4.636922e-03 1.063401e+00 1.541745e-03 9.999988e-01 1.563171e-04 2.334026e-01 4.636675e-03 -1.634649e-04 9.999892e-01 -9.048715e+00
9.999979e-01 -1.133252e-03 1.691100e-03 1.193581e+00 1.141713e-03 9.999868e-01 -5.010765e-03 2.567620e-01 -1.685399e-03 5.012686e-03 9.999860e-01 -1.018676e+01
9.999957e-01 -2.228155e-03 -1.898198e-03 1.323416e+00 2.225146e-03 9.999963e-01 -1.585963e-03 2.908026e-01 1.901725e-03 1.581731e-03 9.999969e-01 -1.175623e+01
9.999973e-01 -1.111538e-03 2.054049e-03 1.440387e+00 1.120919e-03 9.999889e-01 -4.571852e-03 3.234279e-01 -2.048944e-03 4.574142e-03 9.999874e-01 -1.326090e+01
9.999931e-01 -1.399657e-03 -3.452290e-03 1.504320e+00 1.403492e-03 9.999984e-01 1.108605e-03 3.459516e-01 3.450732e-03 -1.113444e-03 9.999934e-01 -1.427961e+01
9.999978e-01 -8.372300e-05 -2.073210e-03 1.534437e+00 7.733951e-05 9.999953e-01 -3.078998e-03 3.583006e-01 2.073458e-03 3.078832e-03 9.999931e-01 -1.489443e+01
9.999966e-01 -2.164369e-03 -1.462892e-03 1.620368e+00 2.163519e-03 9.999975e-01 -5.820110e-04 3.779760e-01 1.464148e-03 5.788434e-04 9.999988e-01 -1.585364e+01
9.999995e-01 -9.973736e-04 7.446837e-05 1.743576e+00 9.977886e-04 9.999827e-01 -5.795807e-03 4.081981e-01 -6.868613e-05 5.795879e-03 9.999832e-01 -1.728217e+01
9.999968e-01 -2.006314e-03 -1.558831e-03 1.825249e+00 2.008292e-03 9.999972e-01 1.268586e-03 4.331862e-01 1.556281e-03 -1.271714e-03 9.999980e-01 -1.846322e+01
9.999985e-01 -1.790299e-04 -1.747204e-03 1.896969e+00 1.704400e-04 9.999879e-01 -4.915377e-03 4.565447e-01 1.748063e-03 4.915072e-03 9.999864e-01 -1.953594e+01
9.999972e-01 -2.275452e-03 -7.114482e-04 1.967069e+00 2.275960e-03 9.999972e-01 7.153714e-04 4.796378e-01 7.098180e-04 -7.169892e-04 9.999995e-01 -2.061672e+01
9.999989e-01 -2.181691e-04 -1.489920e-03 2.033709e+00 2.113356e-04 9.999895e-01 -4.585163e-03 5.017692e-01 1.490905e-03 4.584843e-03 9.999884e-01 -2.164315e+01
9.999960e-01 -2.828496e-03 -3.122677e-04 2.192086e+00 2.828188e-03 9.999955e-01 -9.812009e-04 5.283818e-01 3.150413e-04 9.803131e-04 9.999995e-01 -2.295136e+01
9.999998e-01 -6.497710e-04 -4.099893e-06 2.366501e+00 6.497432e-04 9.999877e-01 -4.908729e-03 5.599196e-01 7.289768e-06 4.908726e-03 9.999880e-01 -2.446356e+01
9.999979e-01 -1.666451e-03 -1.213032e-03 2.395665e+00 1.669635e-03 9.999952e-01 2.628570e-03 5.759038e-01 1.208645e-03 -2.630590e-03 9.999958e-01 -2.517461e+01
9.999811e-01 5.102852e-04 -6.129027e-03 2.408918e+00 -5.266392e-04 9.999963e-01 -2.667003e-03 5.757909e-01 6.127644e-03 2.670181e-03 9.999777e-01 -2.524686e+01
9.999970e-01 -2.183950e-03 -1.095280e-03 2.427625e+00 2.187072e-03 9.999935e-01 2.857035e-03 5.712640e-01 1.089033e-03 -2.859422e-03 9.999953e-01 -2.510788e+01
9.999804e-01 1.345804e-03 -6.114376e-03 2.421751e+00 -1.368674e-03 9.999921e-01 -3.737753e-03 5.777314e-01 6.109297e-03 3.746049e-03 9.999743e-01 -2.543577e+01
9.999947e-01 -3.057561e-03 1.088838e-03 2.476597e+00 3.056035e-03 9.999943e-01 1.400358e-03 5.912222e-01 -1.093114e-03 -1.397023e-03 9.999984e-01 -2.612367e+01
9.999881e-01 8.802490e-04 -4.794319e-03 2.551387e+00 -9.009997e-04 9.999902e-01 -4.327787e-03 6.092207e-01 4.790463e-03 4.332056e-03 9.999791e-01 -2.700455e+01
9.999957e-01 -2.900139e-03 4.992260e-04 2.621500e+00 2.899239e-03 9.999942e-01 1.793547e-03 6.251042e-01 -5.044250e-04 -1.792093e-03 9.999983e-01 -2.778067e+01
9.999888e-01 9.296387e-04 -4.638016e-03 2.685400e+00 -9.495359e-04 9.999903e-01 -4.289703e-03 6.409930e-01 4.633984e-03 4.294059e-03 9.999800e-01 -2.855776e+01
9.999966e-01 -2.525926e-03 -6.176984e-04 2.733273e+00 2.527372e-03 9.999940e-01 2.352443e-03 6.532960e-01 6.117522e-04 -2.353997e-03 9.999970e-01 -2.917914e+01
9.999950e-01 3.323694e-04 -3.140323e-03 2.820856e+00 -3.495876e-04 9.999849e-01 -5.484036e-03 6.705711e-01 3.138453e-03 5.485107e-03 9.999800e-01 -3.004007e+01
9.999966e-01 -2.184337e-03 -1.400209e-03 2.879104e+00 2.189416e-03 9.999910e-01 3.636622e-03 6.832984e-01 1.392253e-03 -3.639676e-03 9.999924e-01 -3.067771e+01
9.999984e-01 -6.413395e-04 -1.656184e-03 3.021967e+00 6.259073e-04 9.999565e-01 -9.301814e-03 7.075283e-01 1.662078e-03 9.300763e-03 9.999554e-01 -3.192428e+01
9.999898e-01 -3.384975e-03 2.986909e-03 3.226463e+00 3.379825e-03 9.999928e-01 1.727493e-03 7.493508e-01 -2.992735e-03 -1.717381e-03 9.999940e-01 -3.390431e+01
9.999991e-01 -1.332315e-03 -2.680963e-04 3.480746e+00 1.329386e-03 9.999424e-01 -1.064768e-02 7.943925e-01 2.822673e-04 1.064731e-02 9.999433e-01 -3.603260e+01
9.999984e-01 -1.750973e-03 -2.526141e-04 3.600887e+00 1.752479e-03 9.999799e-01 6.089016e-03 8.218668e-01 2.419469e-04 -6.089450e-03 9.999814e-01 -3.731806e+01
9.999898e-01 -1.308903e-04 -4.514164e-03 3.684575e+00 9.371193e-05 9.999661e-01 -8.235201e-03 8.354852e-01 4.515090e-03 8.234695e-03 9.999559e-01 -3.804454e+01
9.999967e-01 -2.476020e-03 6.490110e-04 3.821437e+00 2.473747e-03 9.999909e-01 3.479638e-03 8.604764e-01 -6.576211e-04 -3.478021e-03 9.999937e-01 -3.922520e+01
9.999994e-01 -1.919861e-04 -1.032573e-03 3.903697e+00 1.844079e-04 9.999731e-01 -7.334441e-03 8.850445e-01 1.033954e-03 7.334248e-03 9.999726e-01 -4.034750e+01
9.999918e-01 -1.668918e-03 -3.678232e-03 3.984078e+00 1.688327e-03 9.999846e-01 5.280004e-03 8.970019e-01 3.669363e-03 -5.286171e-03 9.999793e-01 -4.099782e+01
9.999994e-01 -3.219739e-04 -1.001793e-03 4.081417e+00 3.139977e-04 9.999683e-01 -7.952121e-03 9.121294e-01 1.004322e-03 7.951802e-03 9.999679e-01 -4.179754e+01
9.999954e-01 -2.913192e-03 -8.099928e-04 4.248690e+00 2.914718e-03 9.999940e-01 1.890225e-03 9.389514e-01 8.044809e-04 -1.892578e-03 9.999979e-01 -4.313078e+01
9.999998e-01 1.446672e-04 5.969405e-04 4.316033e+00 -1.407902e-04 9.999789e-01 -6.489422e-03 9.673966e-01 -5.978664e-04 6.489338e-03 9.999788e-01 -4.440008e+01
9.999913e-01 -2.689758e-03 -3.185291e-03 4.414122e+00 2.696075e-03 9.999944e-01 1.980478e-03 9.905964e-01 3.179945e-03 -1.989049e-03 9.999930e-01 -4.551423e+01
9.999996e-01 6.552253e-05 8.592880e-04 4.524979e+00 -6.018928e-05 9.999807e-01 -6.204910e-03 1.014519e+00 -8.596777e-04 6.204857e-03 9.999804e-01 -4.666063e+01
9.999896e-01 -2.612994e-03 -3.740023e-03 4.635162e+00 2.620344e-03 9.999946e-01 1.961650e-03 1.037967e+00 3.734877e-03 -1.971431e-03 9.999911e-01 -4.778154e+01
9.999986e-01 -8.885205e-05 1.680824e-03 4.734673e+00 9.880348e-05 9.999825e-01 -5.921292e-03 1.061274e+00 -1.680268e-03 5.921451e-03 9.999811e-01 -4.889469e+01
9.999847e-01 -2.229213e-03 -5.064417e-03 4.819560e+00 2.244027e-03 9.999932e-01 2.921356e-03 1.079237e+00 5.057870e-03 -2.932676e-03 9.999829e-01 -4.978514e+01
9.999999e-01 3.066837e-04 4.449036e-04 4.902647e+00 -3.044106e-04 9.999869e-01 -5.099971e-03 1.092936e+00 -4.464615e-04 5.099836e-03 9.999869e-01 -5.050532e+01
9.999725e-01 -1.381987e-03 -7.289103e-03 4.913750e+00 1.417528e-03 9.999871e-01 4.872994e-03 1.095732e+00 7.282274e-03 -4.883193e-03 9.999616e-01 -5.069115e+01
9.999999e-01 1.010269e-04 4.648921e-04 4.978323e+00 -9.756108e-05 9.999723e-01 -7.448723e-03 1.108890e+00 -4.656314e-04 7.448678e-03 9.999721e-01 -5.137251e+01
9.999940e-01 -2.830399e-03 -1.994103e-03 5.056198e+00 2.836810e-03 9.999908e-01 3.219434e-03 1.134187e+00 1.984972e-03 -3.225072e-03 9.999928e-01 -5.253111e+01
9.999997e-01 7.131766e-04 -3.426796e-04 5.003471e+00 -7.148839e-04 9.999872e-01 -5.008843e-03 1.146552e+00 3.391034e-04 5.009087e-03 9.999874e-01 -5.296032e+01
9.999653e-01 -1.490630e-03 -8.193808e-03 5.010625e+00 1.531653e-03 9.999863e-01 5.002669e-03 1.148599e+00 8.186239e-03 -5.015046e-03 9.999539e-01 -5.310095e+01
9.999991e-01 -6.781986e-04 1.188059e-03 5.038958e+00 6.848336e-04 9.999841e-01 -5.593037e-03 1.146430e+00 -1.184247e-03 5.593846e-03 9.999837e-01 -5.309638e+01
9.999756e-01 -2.522176e-03 -6.520410e-03 5.074534e+00 2.561592e-03 9.999785e-01 6.043885e-03 1.134521e+00 6.505025e-03 -6.060440e-03 9.999605e-01 -5.259647e+01
9.999910e-01 -1.520302e-03 3.953403e-03 5.031802e+00 1.542488e-03 9.999830e-01 -5.614702e-03 1.125834e+00 -3.944799e-03 5.620751e-03 9.999764e-01 -5.193209e+01
9.999821e-01 -3.504953e-03 -4.842840e-03 4.974666e+00 3.533704e-03 9.999761e-01 5.941018e-03 1.114838e+00 4.821901e-03 -5.958026e-03 9.999706e-01 -5.110392e+01
9.999850e-01 -2.132065e-03 5.053251e-03 4.896403e+00 2.161876e-03 9.999803e-01 -5.901250e-03 1.103820e+00 -5.040569e-03 5.912086e-03 9.999698e-01 -5.015489e+01
9.999402e-01 -1.328522e-04 -1.093172e-02 4.930933e+00 2.076631e-04 9.999766e-01 6.842646e-03 1.096468e+00 1.093055e-02 -6.844508e-03 9.999168e-01 -4.981361e+01
9.999895e-01 -1.537299e-03 4.312311e-03 5.004853e+00 1.568835e-03 9.999720e-01 -7.319214e-03 1.098533e+00 -4.300938e-03 7.325903e-03 9.999639e-01 -5.006397e+01
9.999238e-01 -3.189966e-04 -1.233971e-02 5.067758e+00 4.102576e-04 9.999726e-01 7.393910e-03 1.093117e+00 1.233701e-02 -7.398410e-03 9.998965e-01 -4.996949e+01
9.999548e-01 -3.542942e-03 8.822190e-03 5.079213e+00 3.605412e-03 9.999685e-01 -7.075168e-03 1.081328e+00 -8.796845e-03 7.106657e-03 9.999361e-01 -4.934960e+01
9.999019e-01 5.856492e-04 -1.399487e-02 5.117658e+00 -4.793278e-04 9.999710e-01 7.599328e-03 1.070397e+00 1.399891e-02 -7.591875e-03 9.998732e-01 -4.887756e+01
9.999687e-01 -2.707655e-03 7.439467e-03 5.183819e+00 2.760941e-03 9.999705e-01 -7.161705e-03 1.061911e+00 -7.419856e-03 7.182021e-03 9.999467e-01 -4.862529e+01
9.999129e-01 9.977142e-04 -1.315937e-02 5.275202e+00 -9.195199e-04 9.999819e-01 5.946833e-03 1.070202e+00 1.316507e-02 -5.934215e-03 9.998957e-01 -4.914942e+01
9.999745e-01 -2.617079e-03 6.647040e-03 5.364147e+00 2.661995e-03 9.999736e-01 -6.757421e-03 1.074939e+00 -6.629179e-03 6.774943e-03 9.999551e-01 -4.953377e+01
9.998957e-01 4.969497e-04 -1.443146e-02 5.443567e+00 -3.936934e-04 9.999743e-01 7.156920e-03 1.067356e+00 1.443465e-02 -7.150493e-03 9.998702e-01 -4.938977e+01
9.999216e-01 -5.422575e-03 1.128902e-02 5.495019e+00 5.501050e-03 9.999608e-01 -6.931999e-03 1.049612e+00 -1.125099e-02 6.993557e-03 9.999122e-01 -4.864537e+01
9.999200e-01 -2.202104e-04 -1.264646e-02 5.505546e+00 3.093678e-04 9.999751e-01 7.048482e-03 1.031337e+00 1.264460e-02 -7.051831e-03 9.998952e-01 -4.771838e+01
9.999245e-01 -4.920235e-03 1.126184e-02 5.509455e+00 4.998868e-03 9.999633e-01 -6.964728e-03 1.015376e+00 -1.122716e-02 7.020499e-03 9.999123e-01 -4.686132e+01
9.999067e-01 2.574299e-04 -1.365870e-02 5.523771e+00 -1.599302e-04 9.999745e-01 7.138913e-03 1.000666e+00 1.366019e-02 -7.136063e-03 9.998812e-01 -4.610219e+01
9.999358e-01 -4.430038e-03 1.042516e-02 5.542246e+00 4.502452e-03 9.999658e-01 -6.932805e-03 9.875141e-01 -1.039410e-02 6.979299e-03 9.999216e-01 -4.543611e+01
9.999098e-01 -8.166027e-05 -1.343116e-02 5.561078e+00 1.785737e-04 9.999740e-01 7.214546e-03 9.725829e-01 1.343022e-02 -7.216294e-03 9.998838e-01 -4.472433e+01
9.999227e-01 -5.111771e-03 1.133010e-02 5.580466e+00 5.192985e-03 9.999610e-01 -7.150164e-03 9.551769e-01 -1.129311e-02 7.208450e-03 9.999102e-01 -4.388610e+01
9.999268e-01 -8.507027e-04 -1.206871e-02 5.590179e+00 9.373446e-04 9.999738e-01 7.175235e-03 9.355199e-01 1.206229e-02 -7.186023e-03 9.999014e-01 -4.289462e+01
9.999314e-01 -4.925947e-03 1.062537e-02 5.619909e+00 5.002966e-03 9.999613e-01 -7.234209e-03 9.156274e-01 -1.058932e-02 7.286872e-03 9.999174e-01 -4.195870e+01
9.999167e-01 -3.627883e-04 -1.290243e-02 5.655926e+00 4.575748e-04 9.999729e-01 7.344234e-03 8.970325e-01 1.289941e-02 -7.349527e-03 9.998898e-01 -4.111046e+01
9.999323e-01 -4.855087e-03 1.057057e-02 5.693983e+00 4.932382e-03 9.999612e-01 -7.298524e-03 8.786166e-01 -1.053473e-02 7.350169e-03 9.999175e-01 -4.027696e+01
9.999247e-01 -8.562933e-04 -1.224268e-02 5.723677e+00 9.458221e-04 9.999728e-01 7.308947e-03 8.589150e-01 1.223609e-02 -7.319976e-03 9.998983e-01 -3.936172e+01
9.999448e-01 -4.240322e-03 9.615652e-03 5.757286e+00 4.310205e-03 9.999644e-01 -7.258508e-03 8.411464e-01 -9.584530e-03 7.299553e-03 9.999274e-01 -3.855007e+01
9.999247e-01 -7.042787e-04 -1.225111e-02 5.793835e+00 7.947580e-04 9.999724e-01 7.382121e-03 8.236782e-01 1.224557e-02 -7.391303e-03 9.998977e-01 -3.776711e+01
9.999593e-01 -3.447446e-03 8.340805e-03 5.840755e+00 3.507453e-03 9.999680e-01 -7.190444e-03 8.083373e-01 -8.315749e-03 7.219406e-03 9.999394e-01 -3.712005e+01
9.999249e-01 -7.283315e-04 -1.222967e-02 5.881247e+00 8.201956e-04 9.999715e-01 7.508260e-03 7.934318e-01 1.222385e-02 -7.517727e-03 9.998970e-01 -3.648774e+01
9.999489e-01 -3.975466e-03 9.295726e-03 5.920698e+00 4.044823e-03 9.999640e-01 -7.454232e-03 7.769845e-01 -9.265757e-03 7.491451e-03 9.999290e-01 -3.574454e+01
9.999209e-01 -5.128011e-04 -1.256450e-02 5.966363e+00 6.087196e-04 9.999707e-01 7.631478e-03 7.617881e-01 1.256022e-02 -7.638523e-03 9.998919e-01 -3.506647e+01
9.999406e-01 -4.440312e-03 9.958306e-03 6.007080e+00 4.516301e-03 9.999608e-01 -7.621217e-03 7.444158e-01 -9.924075e-03 7.665739e-03 9.999214e-01 -3.429510e+01
9.998979e-01 6.780648e-04 -1.427273e-02 6.064460e+00 -5.641151e-04 9.999680e-01 7.986266e-03 7.295623e-01 1.427769e-02 -7.977400e-03 9.998662e-01 -3.369760e+01
9.999443e-01 -4.603174e-03 9.500948e-03 6.120844e+00 4.676199e-03 9.999596e-01 -7.678190e-03 7.147099e-01 -9.465220e-03 7.722191e-03 9.999254e-01 -3.312095e+01
9.999083e-01 8.150300e-04 -1.351908e-02 6.166655e+00 -7.079863e-04 9.999684e-01 7.920887e-03 7.013196e-01 1.352510e-02 -7.910590e-03 9.998772e-01 -3.254647e+01
9.999695e-01 -2.978017e-03 7.225987e-03 6.206225e+00 3.030302e-03 9.999692e-01 -7.235614e-03 6.924314e-01 -7.204217e-03 7.257291e-03 9.999477e-01 -3.222116e+01
9.998836e-01 2.219335e-03 -1.509290e-02 6.213450e+00 -2.105266e-03 9.999691e-01 7.569556e-03 6.924982e-01 1.510923e-02 -7.536901e-03 9.998574e-01 -3.226943e+01
9.999670e-01 -3.099281e-03 7.514419e-03 6.257861e+00 3.155025e-03 9.999675e-01 -7.417771e-03 6.943337e-01 -7.491185e-03 7.441235e-03 9.999443e-01 -3.245265e+01
9.998952e-01 1.471599e-03 -1.440074e-02 6.286326e+00 -1.357775e-03 9.999678e-01 7.910636e-03 6.899395e-01 1.441192e-02 -7.890255e-03 9.998650e-01 -3.232881e+01
9.999679e-01 -3.245723e-03 7.325795e-03 6.326367e+00 3.299126e-03 9.999680e-01 -7.289411e-03 6.822401e-01 -7.301901e-03 7.313347e-03 9.999466e-01 -3.209265e+01
9.999234e-01 -2.018614e-04 -1.237564e-02 6.353391e+00 2.971325e-04 9.999703e-01 7.696941e-03 6.698387e-01 1.237372e-02 -7.700030e-03 9.998938e-01 -3.159135e+01
9.999573e-01 -3.666614e-03 8.480167e-03 6.346272e+00 3.728562e-03 9.999664e-01 -7.300765e-03 6.576024e-01 -8.453113e-03 7.332072e-03 9.999374e-01 -3.095747e+01
9.999197e-01 5.359736e-05 -1.267396e-02 6.362426e+00 4.476735e-05 9.999699e-01 7.760778e-03 6.454402e-01 1.267399e-02 -7.760722e-03 9.998896e-01 -3.039085e+01
9.999434e-01 -4.327859e-03 9.719166e-03 6.389433e+00 4.402571e-03 9.999608e-01 -7.678915e-03 6.312342e-01 -9.685552e-03 7.721271e-03 9.999233e-01 -2.970947e+01
9.999046e-01 5.369440e-04 -1.380376e-02 6.438541e+00 -4.274320e-04 9.999684e-01 7.935238e-03 6.173192e-01 1.380758e-02 -7.928581e-03 9.998732e-01 -2.912317e+01
9.999418e-01 -4.667780e-03 9.725709e-03 6.498324e+00 4.743894e-03 9.999582e-01 -7.817682e-03 6.017034e-01 -9.688811e-03 7.863365e-03 9.999221e-01 -2.848934e+01
9.999154e-01 2.266701e-04 -1.300257e-02 6.551216e+00 -1.237003e-04 9.999686e-01 7.919468e-03 5.862912e-01 1.300395e-02 -7.917190e-03 9.998841e-01 -2.779246e+01
9.999284e-01 -5.105895e-03 1.082655e-02 6.594778e+00 5.193538e-03 9.999538e-01 -8.082610e-03 5.700963e-01 -1.078478e-02 8.138259e-03 9.999087e-01 -2.701816e+01
9.998950e-01 9.354653e-04 -1.445782e-02 6.645401e+00 -8.178428e-04 9.999665e-01 8.139359e-03 5.551802e-01 1.446495e-02 -8.126681e-03 9.998624e-01 -2.636014e+01
9.999376e-01 -4.725963e-03 1.012706e-02 6.708997e+00 4.806136e-03 9.999572e-01 -7.907008e-03 5.403314e-01 -1.008926e-02 7.955187e-03 9.999175e-01 -2.576788e+01
9.998653e-01 1.946016e-03 -1.629940e-02 6.778566e+00 -1.809397e-03 9.999631e-01 8.392386e-03 5.283914e-01 1.631513e-02 -8.361764e-03 9.998319e-01 -2.535285e+01
9.999284e-01 -5.567617e-03 1.059638e-02 6.856042e+00 5.652931e-03 9.999517e-01 -8.038363e-03 5.127780e-01 -1.055112e-02 8.097688e-03 9.999115e-01 -2.479200e+01
9.998541e-01 2.997838e-03 -1.681451e-02 6.930224e+00 -2.851149e-03 9.999577e-01 8.741141e-03 5.021914e-01 1.684000e-02 -8.691926e-03 9.998204e-01 -2.443100e+01
9.999422e-01 -5.286300e-03 9.364235e-03 7.017213e+00 5.364790e-03 9.999505e-01 -8.376707e-03 4.948481e-01 -9.319490e-03 8.426461e-03 9.999211e-01 -2.429741e+01
9.998710e-01 3.032418e-03 -1.577563e-02 7.093978e+00 -2.891147e-03 9.999556e-01 8.970152e-03 4.863766e-01 1.580213e-02 -8.923385e-03 9.998353e-01 -2.404763e+01
9.999536e-01 -5.416244e-03 7.965692e-03 7.166688e+00 5.485953e-03 9.999466e-01 -8.755581e-03 4.757362e-01 -7.917844e-03 8.798875e-03 9.999299e-01 -2.373621e+01
9.998668e-01 3.844464e-03 -1.586243e-02 7.191170e+00 -3.691414e-03 9.999465e-01 9.666650e-03 4.697548e-01 1.589874e-02 -9.606808e-03 9.998275e-01 -2.351700e+01
9.999547e-01 -5.727043e-03 7.597121e-03 7.337571e+00 5.796415e-03 9.999414e-01 -9.141001e-03 4.648300e-01 -7.544324e-03 9.184624e-03 9.999294e-01 -2.356259e+01
9.998835e-01 2.700005e-03 -1.502334e-02 7.430156e+00 -2.554982e-03 9.999500e-01 9.664021e-03 4.519582e-01 1.504868e-02 -9.624511e-03 9.998404e-01 -2.317174e+01
9.999375e-01 -6.175960e-03 9.316022e-03 7.498954e+00 6.265103e-03 9.999346e-01 -9.570136e-03 4.369038e-01 -9.256307e-03 9.627905e-03 9.999108e-01 -2.260574e+01
9.999100e-01 2.094624e-03 -1.325436e-02 7.545676e+00 -1.964124e-03 9.999495e-01 9.851243e-03 4.224874e-01 1.327433e-02 -9.824323e-03 9.998636e-01 -2.198649e+01
9.999789e-01 -3.548647e-03 5.446883e-03 7.627288e+00 3.596815e-03 9.999543e-01 -8.858860e-03 4.180822e-01 -5.415197e-03 8.878265e-03 9.999459e-01 -2.194016e+01
9.999209e-01 1.283819e-03 -1.251077e-02 7.812513e+00 -1.182333e-03 9.999664e-01 8.115908e-03 4.180049e-01 1.252077e-02 -8.100475e-03 9.998888e-01 -2.221568e+01
9.998717e-01 -9.695341e-03 1.274803e-02 7.851072e+00 9.806561e-03 9.999141e-01 -8.691133e-03 3.893610e-01 -1.266268e-02 8.815033e-03 9.998810e-01 -2.080656e+01
9.999751e-01 -1.745885e-03 -6.844296e-03 7.873675e+00 1.803378e-03 9.999631e-01 8.402918e-03 3.477009e-01 6.829372e-03 -8.415052e-03 9.999413e-01 -1.880354e+01
9.998673e-01 -1.051496e-02 1.244133e-02 7.853999e+00 1.062575e-02 9.999042e-01 -8.872737e-03 3.056357e-01 -1.234684e-02 9.003759e-03 9.998832e-01 -1.667922e+01
9.999407e-01 8.766716e-04 -1.085484e-02 7.882646e+00 -7.792952e-04 9.999594e-01 8.971791e-03 2.684037e-01 1.086226e-02 -8.962800e-03 9.999008e-01 -1.493393e+01
9.999675e-01 -7.066336e-03 3.889787e-03 8.036833e+00 7.102102e-03 9.999319e-01 -9.258906e-03 2.399011e-01 -3.824095e-03 9.286231e-03 9.999496e-01 -1.393801e+01
9.998884e-01 3.493894e-03 -1.452400e-02 8.225565e+00 -3.362799e-03 9.999535e-01 9.040762e-03 2.219348e-01 1.455491e-02 -8.990912e-03 9.998536e-01 -1.348272e+01
9.999411e-01 -7.537328e-03 7.811480e-03 8.295595e+00 7.605536e-03 9.999329e-01 -8.739174e-03 2.025086e-01 -7.745086e-03 8.798070e-03 9.999313e-01 -1.276205e+01
9.998449e-01 3.586857e-03 -1.724108e-02 8.448079e+00 -3.435056e-03 9.999551e-01 8.826169e-03 1.833232e-01 1.727197e-02 -8.765576e-03 9.998124e-01 -1.218724e+01
9.999808e-01 -5.253808e-03 3.286845e-03 8.797563e+00 5.287982e-03 9.999311e-01 -1.047645e-02 1.799087e-01 -3.231577e-03 1.049363e-02 9.999397e-01 -1.233846e+01
9.998913e-01 3.900614e-03 -1.421923e-02 8.969899e+00 -3.747310e-03 9.999347e-01 1.079219e-02 1.742539e-01 1.426040e-02 -1.073773e-02 9.998407e-01 -1.237359e+01
9.999467e-01 -9.238040e-03 4.608931e-03 9.106918e+00 9.286336e-03 9.999010e-01 -1.056971e-02 1.477207e-01 -4.510831e-03 1.061194e-02 9.999335e-01 -1.154936e+01
9.999800e-01 3.019069e-03 -5.561415e-03 9.148993e+00 -2.959770e-03 9.999390e-01 1.064013e-02 1.242351e-01 5.593199e-03 -1.062346e-02 9.999279e-01 -1.050035e+01
9.999441e-01 -9.407884e-03 4.828095e-03 9.169266e+00 9.457965e-03 9.999006e-01 -1.045682e-02 1.014145e-01 -4.729238e-03 1.050190e-02 9.999337e-01 -9.444429e+00
9.999715e-01 3.853898e-03 -6.492814e-03 9.214036e+00 -3.784191e-03 9.999354e-01 1.071438e-02 7.977016e-02 6.533686e-03 -1.068950e-02 9.999215e-01 -8.508186e+00
9.999521e-01 -9.058661e-03 3.703995e-03 9.253459e+00 9.096604e-03 9.999050e-01 -1.035862e-02 6.032099e-02 -3.609808e-03 1.039182e-02 9.999395e-01 -7.663011e+00
9.999082e-01 7.155625e-03 -1.150812e-02 9.310556e+00 -7.031507e-03 9.999171e-01 1.078980e-02 5.530098e-02 1.158438e-02 -1.070789e-02 9.998756e-01 -7.551640e+00
9.998954e-01 -1.210239e-02 7.922249e-03 9.343650e+00 1.218647e-02 9.998690e-01 -1.065214e-02 3.956286e-02 -7.792294e-03 1.074757e-02 9.999119e-01 -6.884724e+00
9.998926e-01 8.140993e-03 -1.218803e-02 9.398563e+00 -8.006619e-03 9.999071e-01 1.103358e-02 2.429884e-02 1.227672e-02 -1.093481e-02 9.998648e-01 -6.296791e+00
9.999305e-01 -1.040846e-02 5.536625e-03 9.465417e+00 1.046527e-02 9.998919e-01 -1.033213e-02 1.431014e-02 -5.428484e-03 1.038936e-02 9.999313e-01 -5.969671e+00
9.999087e-01 8.437064e-03 -1.055846e-02 9.559753e+00 -8.343869e-03 9.999261e-01 8.839780e-03 2.365602e-02 1.063226e-02 -8.750875e-03 9.999052e-01 -6.537889e+00
9.999243e-01 -1.145200e-02 4.494510e-03 9.606258e+00 1.149189e-02 9.998939e-01 -8.952463e-03 1.361117e-02 -4.391509e-03 9.003437e-03 9.999498e-01 -6.211679e+00
9.999405e-01 7.233664e-03 -8.161260e-03 9.661197e+00 -7.157409e-03 9.999308e-01 9.334497e-03 -2.670900e-03 8.228218e-03 -9.275529e-03 9.999231e-01 -5.561367e+00
9.999372e-01 -1.078495e-02 3.051214e-03 9.705577e+00 1.081170e-02 9.999020e-01 -8.888391e-03 -1.630685e-02 -2.955053e-03 8.920822e-03 9.999558e-01 -5.045704e+00
9.999596e-01 6.074511e-03 -6.631698e-03 9.752199e+00 -6.012428e-03 9.999383e-01 9.341650e-03 -3.512860e-02 6.688035e-03 -9.301401e-03 9.999344e-01 -4.271949e+00
9.999533e-01 -9.635829e-03 7.683979e-04 9.810803e+00 9.642162e-03 9.999155e-01 -8.714054e-03 -5.241003e-02 -6.843655e-04 8.721057e-03 9.999617e-01 -3.619507e+00
9.999009e-01 8.194768e-03 -1.144847e-02 1.010632e+01 -8.120173e-03 9.999456e-01 6.547031e-03 -4.913389e-02 1.150150e-02 -6.453419e-03 9.999130e-01 -4.009708e+00
9.999508e-01 -9.790670e-03 1.592424e-03 1.060177e+01 9.804583e-03 9.999116e-01 -8.977335e-03 -4.169673e-02 -1.504389e-03 8.992507e-03 9.999584e-01 -4.584444e+00
9.998835e-01 6.740927e-03 -1.369307e-02 1.133134e+01 -6.686733e-03 9.999696e-01 3.999685e-03 -3.556683e-02 1.371962e-02 -3.907658e-03 9.998982e-01 -5.227092e+00
9.999146e-01 -1.306847e-02 -2.114568e-04 1.168234e+01 1.306680e-02 9.998930e-01 -6.583205e-03 -5.868065e-02 2.974668e-04 6.579880e-03 9.999783e-01 -4.695478e+00
9.999234e-01 5.052240e-03 -1.130336e-02 1.195823e+01 -4.983251e-03 9.999688e-01 6.123307e-03 -9.261651e-02 1.133395e-02 -6.066510e-03 9.999174e-01 -3.725044e+00
9.999786e-01 -6.448088e-03 -1.093944e-03 1.246443e+01 6.440859e-03 9.999582e-01 -6.487944e-03 -9.339873e-02 1.135734e-03 6.480759e-03 9.999784e-01 -4.139414e+00
9.999524e-01 4.277233e-03 -8.766561e-03 1.305803e+01 -4.250107e-03 9.999861e-01 3.110583e-03 -8.209410e-02 8.779744e-03 -3.073177e-03 9.999567e-01 -4.916076e+00
9.999613e-01 -7.175397e-03 -5.090781e-03 1.356638e+01 7.145038e-03 9.999567e-01 -5.956837e-03 -8.497425e-02 5.133303e-03 5.920233e-03 9.999693e-01 -5.180392e+00
9.999509e-01 5.954673e-03 -7.916375e-03 1.401516e+01 -5.912791e-03 9.999685e-01 5.303490e-03 -8.408624e-02 7.947705e-03 -5.256422e-03 9.999546e-01 -5.652767e+00
9.999651e-01 -8.197751e-03 -1.596310e-03 1.456593e+01 8.182010e-03 9.999202e-01 -9.629502e-03 -7.060287e-02 1.675123e-03 9.616105e-03 9.999524e-01 -6.492006e+00
9.999780e-01 4.838417e-03 -4.547346e-03 1.515508e+01 -4.819808e-03 9.999800e-01 4.094299e-03 -4.560819e-02 4.567064e-03 -4.072292e-03 9.999813e-01 -7.946532e+00
9.999594e-01 -8.997645e-03 -5.609003e-04 1.556683e+01 8.991713e-03 9.999115e-01 -9.807213e-03 -2.306888e-02 6.490927e-04 9.801771e-03 9.999518e-01 -9.164980e+00
9.999589e-01 5.958336e-03 -6.829218e-03 1.575319e+01 -5.896085e-03 9.999412e-01 9.099545e-03 -2.502496e-02 6.883034e-03 -9.058906e-03 9.999353e-01 -9.361265e+00
9.999636e-01 -7.304564e-03 -4.398876e-03 1.604800e+01 7.251508e-03 9.999022e-01 -1.195898e-02 -1.966023e-02 4.485801e-03 1.192665e-02 9.999188e-01 -9.863789e+00
9.999838e-01 4.379054e-03 -3.649697e-03 1.671581e+01 -4.364058e-03 9.999820e-01 4.106680e-03 8.616543e-03 3.667615e-03 -4.090686e-03 9.999849e-01 -1.139680e+01
9.999722e-01 -7.297839e-03 -1.511504e-03 1.724590e+01 7.286780e-03 9.999475e-01 -7.197396e-03 2.591675e-02 1.563950e-03 7.186182e-03 9.999730e-01 -1.238023e+01
9.999335e-01 4.216936e-03 -1.073402e-02 1.760668e+01 -4.156312e-03 9.999753e-01 5.663974e-03 1.908144e-02 1.075764e-02 -5.618984e-03 9.999263e-01 -1.236147e+01
9.997969e-01 -1.537886e-02 1.302280e-02 1.767420e+01 1.545918e-02 9.998620e-01 -6.089468e-03 -2.616084e-02 -1.292736e-02 6.289553e-03 9.998967e-01 -1.034739e+01
9.999316e-01 3.735882e-03 -1.108012e-02 1.777335e+01 -3.673497e-03 9.999773e-01 5.645372e-03 -7.127034e-02 1.110096e-02 -5.604284e-03 9.999227e-01 -8.351368e+00
9.998673e-01 -1.224641e-02 1.074638e-02 1.786747e+01 1.231013e-02 9.999069e-01 -5.883296e-03 -1.059823e-01 -1.067333e-02 6.014805e-03 9.999249e-01 -6.826012e+00
9.999123e-01 3.858837e-03 -1.266739e-02 1.792947e+01 -3.773663e-03 9.999702e-01 6.740915e-03 -1.373295e-01 1.269303e-02 -6.692522e-03 9.998970e-01 -5.487118e+00
9.995303e-01 -1.904634e-02 2.401044e-02 1.791677e+01 1.923714e-02 9.997850e-01 -7.740596e-03 -1.897898e-01 -2.385785e-02 8.198852e-03 9.996817e-01 -2.832887e+00
9.998464e-01 7.498847e-03 -1.583986e-02 1.792655e+01 -7.389707e-03 9.999486e-01 6.937569e-03 -2.289340e-01 1.589107e-02 -6.819452e-03 9.998505e-01 -7.375577e-01
9.996384e-01 -1.770180e-02 2.024259e-02 1.792435e+01 1.784968e-02 9.998151e-01 -7.148146e-03 -2.637909e-01 -2.011231e-02 7.506885e-03 9.997695e-01 9.647505e-01
9.998971e-01 6.039451e-03 -1.300944e-02 1.793389e+01 -5.953550e-03 9.999603e-01 6.631602e-03 -3.049945e-01 1.304897e-02 -6.553468e-03 9.998934e-01 3.057549e+00
9.997620e-01 -1.502463e-02 1.581881e-02 1.796067e+01 1.513498e-02 9.998618e-01 -6.879645e-03 -3.365038e-01 -1.571325e-02 7.117425e-03 9.998512e-01 4.623652e+00
9.996390e-01 1.366565e-02 -2.313441e-02 1.796722e+01 -1.350419e-02 9.998835e-01 7.121311e-03 -3.357523e-01 2.322903e-02 -6.806329e-03 9.997070e-01 4.585114e+00
9.996436e-01 -1.706457e-02 2.053017e-02 1.827867e+01 1.737499e-02 9.997360e-01 -1.503784e-02 -2.999649e-01 -2.026813e-02 1.538920e-02 9.996761e-01 2.810629e+00
9.996844e-01 1.340557e-02 -2.124671e-02 1.857090e+01 -1.323431e-02 9.998790e-01 8.181194e-03 -2.624770e-01 2.135381e-02 -7.897426e-03 9.997408e-01 1.013016e+00
9.996199e-01 -1.823444e-02 2.067946e-02 1.933858e+01 1.870401e-02 9.995663e-01 -2.274544e-02 -2.029469e-01 -2.025575e-02 2.312359e-02 9.995274e-01 -1.869785e+00
9.998082e-01 1.259237e-02 -1.499961e-02 2.010089e+01 -1.245920e-02 9.998824e-01 8.939177e-03 -1.316135e-01 1.511042e-02 -8.750579e-03 9.998475e-01 -5.278512e+00
9.997056e-01 -1.714002e-02 1.717401e-02 2.069473e+01 1.747382e-02 9.996576e-01 -1.947842e-02 -7.026380e-02 -1.683427e-02 1.977278e-02 9.996628e-01 -8.115273e+00
9.997972e-01 1.204730e-02 -1.613943e-02 2.154760e+01 -1.198294e-02 9.999199e-01 4.078403e-03 -8.997156e-03 1.618727e-02 -3.884178e-03 9.998614e-01 -1.106363e+01
9.997388e-01 -1.705683e-02 1.521251e-02 2.268207e+01 1.737749e-02 9.996242e-01 -2.120110e-02 6.822269e-02 -1.484517e-02 2.145992e-02 9.996595e-01 -1.475960e+01
9.998420e-01 1.310952e-02 -1.200528e-02 2.333166e+01 -1.296529e-02 9.998438e-01 1.201452e-02 1.207650e-01 1.216091e-02 -1.185697e-02 9.998558e-01 -1.722483e+01
9.998210e-01 -1.816431e-02 5.299168e-03 2.474728e+01 1.831774e-02 9.993668e-01 -3.050403e-02 1.791114e-01 -4.741727e-03 3.059564e-02 9.995206e-01 -2.026678e+01
9.998594e-01 1.419874e-02 -8.917301e-03 2.585591e+01 -1.400136e-02 9.996639e-01 2.182049e-02 2.320277e-01 9.224127e-03 -2.169257e-02 9.997221e-01 -2.289096e+01
9.998606e-01 -1.654297e-02 2.282354e-03 2.638641e+01 1.659897e-02 9.994922e-01 -2.720040e-02 2.600573e-01 -1.831220e-03 2.723450e-02 9.996274e-01 -2.435359e+01
9.999080e-01 1.318209e-02 -3.207707e-03 2.672661e+01 -1.311402e-02 9.997061e-01 2.038973e-02 2.978934e-01 3.475543e-03 -2.034579e-02 9.997870e-01 -2.613955e+01
9.998415e-01 -1.778236e-02 9.011212e-04 2.760325e+01 1.780372e-02 9.991255e-01 -3.783163e-02 3.609505e-01 -2.275975e-04 3.784168e-02 9.992837e-01 -2.914228e+01
9.998990e-01 1.315576e-02 5.375737e-03 2.810967e+01 -1.330038e-02 9.995246e-01 2.781651e-02 4.221855e-01 -5.007234e-03 -2.788520e-02 9.995986e-01 -3.194386e+01
9.998473e-01 -1.734579e-02 -2.121224e-03 2.850602e+01 1.725551e-02 9.991667e-01 -3.698817e-02 4.737229e-01 2.761046e-03 3.694592e-02 9.993135e-01 -3.430141e+01
9.998858e-01 1.487312e-02 2.673640e-03 2.863045e+01 -1.495332e-02 9.993431e-01 3.301154e-02 5.048434e-01 -2.180899e-03 -3.304775e-02 9.994514e-01 -3.565957e+01
9.998364e-01 -1.684298e-02 -6.594547e-03 2.867184e+01 1.659850e-02 9.992311e-01 -3.552018e-02 5.196072e-01 7.187743e-03 3.540491e-02 9.993472e-01 -3.637519e+01
9.998897e-01 1.444772e-02 3.437985e-03 2.874384e+01 -1.455039e-02 9.993822e-01 3.199279e-02 5.383789e-01 -2.973639e-03 -3.203929e-02 9.994822e-01 -3.728866e+01
9.998383e-01 -1.670223e-02 -6.670229e-03 2.882250e+01 1.645988e-02 9.992563e-01 -3.486994e-02 5.547033e-01 7.247675e-03 3.475451e-02 9.993696e-01 -3.809624e+01
9.998885e-01 1.464534e-02 2.932668e-03 2.886791e+01 -1.473365e-02 9.993540e-01 3.277944e-02 5.679501e-01 -2.450708e-03 -3.281900e-02 9.994583e-01 -3.874488e+01
