9.999485e-01 -1.841550e-03 -9.976781e-03 1.856718e-02 1.828687e-03 9.999975e-01 -1.298222e-03 -1.771789e-02 9.979147e-03 1.279910e-03 9.999494e-01 1.060865e+00
9.999994e-01 -3.765434e-04 -1.022983e-03 5.011326e-02 3.766007e-04 9.999999e-01 5.575448e-05 -3.551788e-02 1.022962e-03 -5.613900e-05 9.999995e-01 2.056255e+00
9.999451e-01 -1.887422e-03 -1.030924e-02 8.652785e-02 1.879102e-03 9.999979e-01 -8.167248e-04 -5.544627e-02 1.031076e-02 7.973071e-04 9.999465e-01 3.177410e+00
9.999997e-01 -2.871364e-04 -6.936859e-04 3.041206e-02 2.870762e-04 1.000000e+00 -8.693882e-05 -6.773523e-02 6.937111e-04 8.674036e-05 9.999998e-01 4.245787e+00
9.999510e-01 -1.328502e-03 -9.805894e-03 -7.517674e-02 1.318699e-03 9.999986e-01 -1.006043e-03 -7.492034e-02 9.807217e-03 9.930618e-04 9.999514e-01 5.264138e+00
9.999996e-01 -7.530761e-04 -5.060444e-04 -9.958132e-02 7.527066e-04 9.999995e-01 -7.299361e-04 -9.157078e-02 5.065942e-04 7.295556e-04 9.999996e-01 6.488638e+00
9.999449e-01 -2.148378e-03 -1.027865e-02 -9.827185e-02 2.139727e-03 9.999973e-01 -8.525280e-04 -1.149833e-01 1.028045e-02 8.304868e-04 9.999468e-01 8.110820e+00
9.999997e-01 -6.806681e-04 -4.068755e-04 -1.091168e-01 6.806334e-04 9.999998e-01 -8.542050e-05 -1.374174e-01 4.069339e-04 8.514425e-05 9.999999e-01 9.664304e+00
9.999482e-01 -1.723444e-03 -1.003432e-02 -1.518206e-01 1.715566e-03 9.999982e-01 -7.936244e-04 -1.546441e-01 1.003567e-02 7.763680e-04 9.999493e-01 1.098403e+01
9.999999e-01 -3.289391e-04 -8.607403e-05 -1.853162e-01 3.289088e-04 9.999999e-01 -3.526730e-04 -1.698250e-01 8.619038e-05 3.526453e-04 9.999999e-01 1.212023e+01
9.999479e-01 -1.489153e-03 -1.010315e-02 -1.756676e-01 1.483317e-03 9.999987e-01 -5.851589e-04 -1.847912e-01 1.010401e-02 5.701415e-04 9.999488e-01 1.301129e+01
1.000000e+00 3.054539e-05 4.909599e-05 -1.611367e-01 -3.053884e-05 1.000000e+00 -1.320335e-04 -1.988336e-01 -4.909967e-05 1.320328e-04 1.000000e+00 1.379098e+01
9.999463e-01 -1.583330e-03 -1.024589e-02 -1.280963e-01 1.573393e-03 9.999983e-01 -9.778653e-04 -2.142106e-01 1.024742e-02 9.616912e-04 9.999470e-01 1.457920e+01
1.000000e+00 -5.767853e-05 2.221947e-04 -1.066767e-01 5.762292e-05 1.000000e+00 2.506567e-04 -2.298629e-01 -2.222088e-04 -2.506432e-04 9.999999e-01 1.543066e+01
9.999447e-01 -1.733344e-03 -1.037047e-02 -1.106306e-01 1.719484e-03 9.999976e-01 -1.345210e-03 -2.440856e-01 1.037277e-02 1.327303e-03 9.999453e-01 1.634770e+01
9.999999e-01 -3.475331e-04 3.705757e-04 -1.184722e-01 3.475972e-04 9.999999e-01 -1.726853e-04 -2.599351e-01 -3.705153e-04 1.728148e-04 9.999999e-01 1.741911e+01
9.999399e-01 -2.118862e-03 -1.076123e-02 -1.547292e-01 2.105352e-03 9.999970e-01 -1.266542e-03 -2.754670e-01 1.076388e-02 1.243809e-03 9.999413e-01 1.863233e+01
9.999999e-01 -1.874758e-04 4.539197e-04 -2.037663e-01 1.877185e-04 9.999998e-01 -5.345162e-04 -2.912713e-01 -4.538191e-04 5.346020e-04 9.999998e-01 1.993499e+01
9.999376e-01 -2.502737e-03 -1.088867e-02 -2.505713e-01 2.492958e-03 9.999965e-01 -9.116055e-04 -3.087202e-01 1.089091e-02 8.844029e-04 9.999403e-01 2.134132e+01
9.999997e-01 1.533445e-04 6.914687e-04 -2.886731e-01 -1.531247e-04 9.999999e-01 -3.177079e-04 -3.251582e-01 -6.915170e-04 3.176026e-04 9.999997e-01 2.262724e+01
9.999370e-01 -2.443219e-03 -1.095907e-02 -3.009055e-01 2.430867e-03 9.999964e-01 -1.140266e-03 -3.434601e-01 1.096181e-02 1.113553e-03 9.999393e-01 2.390350e+01
9.999998e-01 1.415171e-04 6.200303e-04 -3.231323e-01 -1.413636e-04 1.000000e+00 -2.473384e-04 -3.632217e-01 -6.200649e-04 2.472514e-04 9.999998e-01 2.530122e+01
9.999318e-01 -2.820433e-03 -1.133635e-02 -3.683604e-01 2.812294e-03 9.999958e-01 -7.338323e-04 -3.804387e-01 1.133837e-02 7.019004e-04 9.999355e-01 2.666280e+01
9.999991e-01 8.074688e-04 1.044061e-03 -3.789474e-01 -8.070486e-04 9.999996e-01 -4.026992e-04 -3.980551e-01 -1.044386e-03 4.018570e-04 9.999994e-01 2.782601e+01
9.999263e-01 -3.259431e-03 -1.169286e-02 -4.067120e-01 3.249072e-03 9.999943e-01 -9.047924e-04 -4.176622e-01 1.169574e-02 8.667341e-04 9.999312e-01 2.928249e+01
9.999996e-01 2.679637e-04 7.984639e-04 -4.159796e-01 -2.677430e-04 9.999999e-01 -2.763306e-04 -4.395186e-01 -7.985375e-04 2.761175e-04 9.999996e-01 3.085057e+01
9.999285e-01 -2.772658e-03 -1.162931e-02 -4.071117e-01 2.762828e-03 9.999958e-01 -8.612126e-04 -4.606452e-01 1.163165e-02 8.290206e-04 9.999320e-01 3.222609e+01
9.999997e-01 1.293081e-05 7.500528e-04 -4.047655e-01 -1.283169e-05 1.000000e+00 -1.319714e-04 -4.813418e-01 -7.500541e-04 1.319625e-04 9.999997e-01 3.362754e+01
9.999306e-01 -2.589624e-03 -1.149001e-02 -3.930988e-01 2.578648e-03 9.999962e-01 -9.700073e-04 -5.017175e-01 1.149248e-02 9.403106e-04 9.999335e-01 3.492937e+01
9.999992e-01 1.435202e-04 1.293274e-03 -3.927496e-01 -1.434436e-04 1.000000e+00 -5.926024e-05 -5.213843e-01 -1.293282e-03 5.907537e-05 9.999992e-01 3.622549e+01
9.999329e-01 -2.294082e-03 -1.135051e-02 -3.955988e-01 2.278016e-03 9.999964e-01 -1.428156e-03 -5.401421e-01 1.135374e-02 1.402202e-03 9.999346e-01 3.747604e+01
9.999996e-01 -1.240486e-04 8.866904e-04 -3.865378e-01 1.237109e-04 9.999999e-01 3.810344e-04 -5.594620e-01 -8.867373e-04 -3.809238e-04 9.999995e-01 3.872669e+01
9.999391e-01 -1.803721e-03 -1.088974e-02 -3.999542e-01 1.787126e-03 9.999972e-01 -1.533393e-03 -5.754997e-01 1.089248e-02 1.513838e-03 9.999395e-01 3.980302e+01
9.999997e-01 -2.854579e-04 7.036251e-04 -4.298968e-01 2.853223e-04 9.999999e-01 1.929250e-04 -5.932199e-01 -7.036798e-04 -1.927235e-04 9.999997e-01 4.109677e+01
9.999345e-01 -2.084879e-03 -1.125231e-02 -4.700655e-01 2.071545e-03 9.999971e-01 -1.196503e-03 -6.093742e-01 1.125477e-02 1.173114e-03 9.999360e-01 4.233901e+01
9.999992e-01 4.247912e-04 1.227472e-03 -4.972171e-01 -4.250511e-04 9.999999e-01 2.116302e-04 -6.225661e-01 -1.227382e-03 -2.121511e-04 9.999992e-01 4.329126e+01
9.999334e-01 -2.352923e-03 -1.129516e-02 -5.146091e-01 2.337184e-03 9.999963e-01 -1.406449e-03 -6.399196e-01 1.129843e-02 1.379956e-03 9.999352e-01 4.448334e+01
9.999997e-01 -1.172870e-04 7.350986e-04 -5.246222e-01 1.169171e-04 9.999999e-01 5.034635e-04 -6.592025e-01 -7.351573e-04 -5.033767e-04 9.999996e-01 4.581281e+01
9.999344e-01 -2.106021e-03 -1.126240e-02 -5.277588e-01 2.089755e-03 9.999968e-01 -1.455833e-03 -6.788744e-01 1.126543e-02 1.432201e-03 9.999355e-01 4.712608e+01
9.999996e-01 -2.142576e-04 8.831915e-04 -5.442093e-01 2.134457e-04 9.999996e-01 9.194417e-04 -6.959013e-01 -8.833877e-04 -9.192521e-04 9.999992e-01 4.831458e+01
9.999413e-01 -1.227966e-03 -1.076740e-02 -5.549070e-01 1.209986e-03 9.999979e-01 -1.676188e-03 -7.090130e-01 1.076943e-02 1.663061e-03 9.999406e-01 4.915942e+01
9.999997e-01 -2.087144e-04 6.923779e-04 -5.515584e-01 2.080394e-04 9.999995e-01 9.751166e-04 -7.220545e-01 -6.925808e-04 -9.749716e-04 9.999993e-01 4.993227e+01
9.999439e-01 -7.587624e-04 -1.056104e-02 -5.425763e-01 7.448654e-04 9.999989e-01 -1.319732e-03 -7.336300e-01 1.056203e-02 1.311791e-03 9.999434e-01 5.054230e+01
9.999998e-01 -1.996634e-04 6.238809e-04 -5.450277e-01 1.991418e-04 9.999996e-01 8.363962e-04 -7.442180e-01 -6.240473e-04 -8.362711e-04 9.999995e-01 5.115412e+01
9.999460e-01 -9.332973e-04 -1.035043e-02 -5.559557e-01 9.159259e-04 9.999982e-01 -1.682918e-03 -7.558280e-01 1.035198e-02 1.673347e-03 9.999450e-01 5.189861e+01
9.999998e-01 -5.928125e-04 1.734101e-04 -5.536019e-01 5.925937e-04 9.999990e-01 1.260445e-03 -7.692357e-01 -1.741568e-04 -1.260341e-03 9.999992e-01 5.270060e+01
9.999489e-01 -3.873541e-04 -1.010161e-02 -5.471143e-01 3.710800e-04 9.999986e-01 -1.612847e-03 -7.809328e-01 1.010223e-02 1.609015e-03 9.999477e-01 5.332083e+01
9.999997e-01 -7.738652e-04 -5.678544e-05 -5.356866e-01 7.739364e-04 9.999989e-01 1.261358e-03 -7.931259e-01 5.580958e-05 -1.261401e-03 9.999992e-01 5.396975e+01
9.999528e-01 -3.863789e-04 -9.708690e-03 -5.291152e-01 3.675897e-04 9.999981e-01 -1.936987e-03 -8.074170e-01 9.709419e-03 1.933326e-03 9.999510e-01 5.480048e+01
9.999990e-01 -1.277801e-03 -5.572930e-04 -5.272205e-01 1.278558e-03 9.999983e-01 1.358259e-03 -8.216741e-01 5.555567e-04 -1.358970e-03 9.999989e-01 5.567526e+01
9.999569e-01 -6.560093e-05 -9.288593e-03 -5.309603e-01 4.527232e-05 9.999976e-01 -2.188727e-03 -8.379014e-01 9.288714e-03 2.188211e-03 9.999545e-01 5.667254e+01
9.999972e-01 -2.049032e-03 -1.143086e-03 -5.540056e-01 2.051032e-03 9.999964e-01 1.750675e-03 -8.529178e-01 1.139495e-03 -1.753014e-03 9.999978e-01 5.775745e+01
9.999622e-01 8.158535e-04 -8.651963e-03 -5.812254e-01 -8.380398e-04 9.999964e-01 -2.560963e-03 -8.646290e-01 8.649842e-03 2.568116e-03 9.999593e-01 5.859043e+01
9.999964e-01 -2.408563e-03 -1.203006e-03 -6.152233e-01 2.410813e-03 9.999953e-01 1.872116e-03 -8.782559e-01 1.198492e-03 -1.875009e-03 9.999975e-01 5.956729e+01
9.999613e-01 7.493842e-04 -8.767786e-03 -6.365547e-01 -7.718369e-04 9.999964e-01 -2.557683e-03 -8.918485e-01 8.765837e-03 2.564350e-03 9.999583e-01 6.051377e+01
9.999959e-01 -2.337563e-03 -1.677016e-03 -6.787524e-01 2.340139e-03 9.999961e-01 1.535751e-03 -9.053470e-01 1.673420e-03 -1.539668e-03 9.999974e-01 6.154535e+01
9.999537e-01 2.525788e-04 -9.621126e-03 -7.954854e-01 -2.769893e-04 9.999967e-01 -2.535904e-03 -9.167534e-01 9.620453e-03 2.538451e-03 9.999505e-01 6.286029e+01
9.999975e-01 -2.060349e-03 -9.206434e-04 -8.502035e-01 2.061937e-03 9.999964e-01 1.727374e-03 -9.277386e-01 9.170813e-04 -1.729267e-03 9.999981e-01 6.382579e+01
9.999587e-01 9.980710e-04 -9.030009e-03 -8.496877e-01 -1.016960e-03 9.999973e-01 -2.087419e-03 -9.382550e-01 9.027901e-03 2.096515e-03 9.999571e-01 6.441051e+01
9.999979e-01 -1.926520e-03 -7.108875e-04 -8.247263e-01 1.927440e-03 9.999973e-01 1.295593e-03 -9.530125e-01 7.083899e-04 -1.296960e-03 9.999989e-01 6.513371e+01
9.999289e-01 7.989349e-04 -1.189754e-02 -7.682963e-01 -8.117197e-04 9.999991e-01 -1.069763e-03 -9.625089e-01 1.189667e-02 1.079344e-03 9.999286e-01 6.550938e+01
9.999993e-01 -1.024660e-03 5.681316e-04 -7.252639e-01 1.023846e-03 9.999985e-01 1.431329e-03 -9.699949e-01 -5.695971e-04 -1.430746e-03 9.999988e-01 6.574065e+01
9.999381e-01 -4.783441e-04 -1.111731e-02 -7.016591e-01 4.561303e-04 9.999979e-01 -2.000553e-03 -9.840442e-01 1.111825e-02 1.995358e-03 9.999362e-01 6.647674e+01
9.999991e-01 4.475400e-05 1.366326e-03 -6.888856e-01 -4.761232e-05 9.999978e-01 2.092203e-03 -9.936765e-01 -1.366229e-03 -2.092265e-03 9.999969e-01 6.687111e+01
9.999366e-01 -1.043030e-03 -1.120997e-02 -6.871133e-01 1.010993e-03 9.999954e-01 -2.863208e-03 -1.004467e+00 1.121291e-02 2.851693e-03 9.999331e-01 6.745987e+01
9.999988e-01 3.242046e-04 1.498754e-03 -7.058274e-01 -3.281529e-04 9.999965e-01 2.635030e-03 -1.013071e+00 -1.497894e-03 -2.635518e-03 9.999954e-01 6.796495e+01
9.999423e-01 -3.092732e-04 -1.073904e-02 -7.838778e-01 2.821521e-04 9.999968e-01 -2.526863e-03 -1.015026e+00 1.073979e-02 2.523686e-03 9.999391e-01 6.832759e+01
9.999986e-01 8.416138e-05 1.667803e-03 -8.405037e-01 -8.835878e-05 9.999968e-01 2.516970e-03 -1.019451e+00 -1.667586e-03 -2.517113e-03 9.999954e-01 6.875311e+01
9.999403e-01 -4.531671e-04 -1.091550e-02 -8.918224e-01 4.259398e-04 9.999968e-01 -2.496546e-03 -1.024901e+00 1.091659e-02 2.491747e-03 9.999373e-01 6.923713e+01
9.999994e-01 1.810299e-04 1.059199e-03 -9.916937e-01 -1.840335e-04 9.999960e-01 2.836655e-03 -1.026815e+00 -1.058681e-03 -2.836848e-03 9.999954e-01 6.974087e+01
9.999470e-01 -6.341270e-04 -1.027694e-02 -1.039908e+00 6.038898e-04 9.999955e-01 -2.945048e-03 -1.033092e+00 1.027876e-02 2.938685e-03 9.999429e-01 7.028949e+01
9.999996e-01 -6.098981e-04 5.905524e-04 -1.028502e+00 6.087100e-04 9.999978e-01 2.010403e-03 -1.048590e+00 -5.917770e-04 -2.010042e-03 9.999978e-01 7.115635e+01
9.999388e-01 -9.249308e-04 -1.102515e-02 -1.027982e+00 8.997106e-04 9.999970e-01 -2.292229e-03 -1.062859e+00 1.102724e-02 2.282169e-03 9.999366e-01 7.199503e+01
9.999990e-01 2.092532e-04 1.378144e-03 -1.049233e+00 -2.120267e-04 9.999980e-01 2.012911e-03 -1.071923e+00 -1.377720e-03 -2.013201e-03 9.999970e-01 7.259397e+01
9.999418e-01 -7.619802e-04 -1.076305e-02 -1.051477e+00 7.382170e-04 9.999973e-01 -2.211631e-03 -1.081807e+00 1.076470e-02 2.203556e-03 9.999396e-01 7.307878e+01
9.999995e-01 4.148796e-06 9.776782e-04 -1.061553e+00 -5.956713e-06 9.999983e-01 1.849496e-03 -1.092833e+00 -9.776686e-04 -1.849501e-03 9.999978e-01 7.371250e+01
9.999386e-01 -8.994990e-04 -1.104507e-02 -1.046771e+00 8.789150e-04 9.999979e-01 -1.868326e-03 -1.104172e+00 1.104673e-02 1.858503e-03 9.999373e-01 7.422808e+01
9.999987e-01 6.064373e-04 1.498236e-03 -1.056918e+00 -6.086702e-04 9.999987e-01 1.490542e-03 -1.113468e+00 -1.497329e-03 -1.491452e-03 9.999978e-01 7.470297e+01
9.999336e-01 -1.719144e-03 -1.139233e-02 -1.088410e+00 1.699250e-03 9.999970e-01 -1.755644e-03 -1.124029e+00 1.139531e-02 1.736169e-03 9.999336e-01 7.545062e+01
9.999978e-01 1.114375e-03 1.801334e-03 -1.086248e+00 -1.117502e-03 9.999979e-01 1.736238e-03 -1.133182e+00 -1.799395e-03 -1.738247e-03 9.999969e-01 7.587159e+01
9.999350e-01 -1.693949e-03 -1.127196e-02 -1.044760e+00 1.671771e-03 9.999966e-01 -1.976604e-03 -1.146411e+00 1.127527e-02 1.957630e-03 9.999345e-01 7.641287e+01
9.999995e-01 5.536095e-04 7.980022e-04 -1.010158e+00 -5.554091e-04 9.999973e-01 2.257062e-03 -1.160396e+00 -7.967503e-04 -2.257503e-03 9.999971e-01 7.704265e+01
9.999446e-01 -1.436449e-03 -1.042908e-02 -1.003205e+00 1.408408e-03 9.999954e-01 -2.695565e-03 -1.173755e+00 1.043290e-02 2.680727e-03 9.999420e-01 7.777313e+01
1.000000e+00 -8.278285e-05 1.160476e-04 -1.015169e+00 8.247930e-05 9.999966e-01 2.615988e-03 -1.187013e+00 -1.162635e-04 -2.615978e-03 9.999966e-01 7.861584e+01
9.999512e-01 -9.880058e-04 -9.832743e-03 -1.014105e+00 9.560437e-04 9.999942e-01 -3.254718e-03 -1.199845e+00 9.835901e-03 3.245158e-03 9.999464e-01 7.934754e+01
1.000000e+00 -1.780895e-04 -2.002603e-04 -1.007808e+00 1.786230e-04 9.999964e-01 2.665418e-03 -1.213407e+00 1.997852e-04 -2.665453e-03 9.999964e-01 8.007728e+01
9.999533e-01 -7.688274e-04 -9.638467e-03 -9.911327e-01 7.385275e-04 9.999948e-01 -3.146775e-03 -1.226036e+00 9.640836e-03 3.139509e-03 9.999486e-01 8.068266e+01
9.999999e-01 -7.811372e-05 -3.104012e-04 -1.008279e+00 7.891292e-05 9.999967e-01 2.574504e-03 -1.236820e+00 3.101993e-04 -2.574528e-03 9.999966e-01 8.135093e+01
9.999536e-01 -8.825327e-04 -9.590007e-03 -1.032183e+00 8.548852e-04 9.999955e-01 -2.886632e-03 -1.248307e+00 9.592511e-03 2.878299e-03 9.999498e-01 8.210134e+01
1.000000e+00 1.378982e-04 -1.539352e-04 -1.003698e+00 -1.375039e-04 9.999967e-01 2.556431e-03 -1.260735e+00 1.542875e-04 -2.556410e-03 9.999967e-01 8.263073e+01
9.999509e-01 -6.578634e-04 -9.883172e-03 -9.537251e-01 6.352828e-04 9.999972e-01 -2.287680e-03 -1.272301e+00 9.884649e-03 2.281288e-03 9.999485e-01 8.299160e+01
9.999998e-01 3.640361e-04 5.557461e-04 -9.375253e-01 -3.651258e-04 9.999980e-01 1.962446e-03 -1.285379e+00 -5.550304e-04 -1.962648e-03 9.999979e-01 8.359090e+01
9.999390e-01 -1.508488e-03 -1.094547e-02 -9.145216e-01 1.480012e-03 9.999955e-01 -2.609202e-03 -1.298674e+00 1.094936e-02 2.592843e-03 9.999367e-01 8.418859e+01
9.999994e-01 1.067834e-03 -2.880497e-04 -8.921648e-01 -1.067041e-03 9.999957e-01 2.738053e-03 -1.306520e+00 2.909725e-04 -2.737743e-03 9.999962e-01 8.442047e+01
9.999289e-01 -6.411721e-04 -1.190464e-02 -8.421834e-01 6.243644e-04 9.999988e-01 -1.415492e-03 -1.307309e+00 1.190554e-02 1.407958e-03 9.999281e-01 8.424510e+01
9.999990e-01 8.676096e-04 1.090518e-03 -8.256947e-01 -8.704595e-04 9.999962e-01 2.615915e-03 -1.312423e+00 -1.088244e-03 -2.616861e-03 9.999960e-01 8.430543e+01
9.999215e-01 -7.086193e-04 -1.250930e-02 -7.939179e-01 6.948041e-04 9.999991e-01 -1.108682e-03 -1.314683e+00 1.251008e-02 1.099903e-03 9.999211e-01 8.424673e+01
9.999994e-01 9.204021e-04 6.139912e-04 -7.208170e-01 -9.219053e-04 9.999966e-01 2.453017e-03 -1.315329e+00 -6.117311e-04 -2.453581e-03 9.999968e-01 8.404784e+01
9.999460e-01 -1.142343e-03 -1.032705e-02 -6.883441e-01 1.121824e-03 9.999974e-01 -1.992483e-03 -1.324126e+00 1.032929e-02 1.980790e-03 9.999447e-01 8.427775e+01
9.999994e-01 9.698910e-04 4.542365e-04 -6.727181e-01 -9.711350e-04 9.999958e-01 2.747136e-03 -1.331644e+00 -4.515700e-04 -2.747575e-03 9.999961e-01 8.452114e+01
9.999190e-01 -7.072612e-04 -1.270427e-02 -6.238576e-01 6.878264e-04 9.999986e-01 -1.534068e-03 -1.334733e+00 1.270533e-02 1.525204e-03 9.999181e-01 8.444897e+01
9.999991e-01 9.893689e-04 8.794802e-04 -5.752441e-01 -9.917912e-04 9.999957e-01 2.758571e-03 -1.336944e+00 -8.767469e-04 -2.759441e-03 9.999958e-01 8.434952e+01
9.999159e-01 -4.143950e-04 -1.296167e-02 -5.397951e-01 3.971306e-04 9.999990e-01 -1.334482e-03 -1.338060e+00 1.296221e-02 1.329221e-03 9.999151e-01 8.419342e+01
9.999994e-01 7.859796e-04 -7.407376e-04 -4.196839e-01 -7.839505e-04 9.999960e-01 2.735132e-03 -1.338612e+00 7.428845e-04 -2.734549e-03 9.999960e-01 8.390990e+01
9.999011e-01 -5.164549e-04 -1.405196e-02 -2.149099e-01 4.964902e-04 9.999989e-01 -1.424205e-03 -1.339250e+00 1.405268e-02 1.417087e-03 9.999003e-01 8.352894e+01
9.999990e-01 1.779783e-04 1.435574e-03 -1.165684e-01 -1.807200e-04 9.999982e-01 1.910189e-03 -1.345539e+00 -1.435232e-03 -1.910446e-03 9.999971e-01 8.356014e+01
9.999156e-01 -6.294202e-04 -1.297297e-02 -3.956019e-02 6.123769e-04 9.999989e-01 -1.317661e-03 -1.353855e+00 1.297378e-02 1.309605e-03 9.999150e-01 8.371899e+01
9.999995e-01 7.696832e-04 -6.562339e-04 1.055611e-01 -7.680404e-04 9.999966e-01 2.499350e-03 -1.355510e+00 6.581555e-04 -2.498844e-03 9.999967e-01 8.344455e+01
9.998816e-01 -1.134387e-04 -1.538579e-02 3.681618e-01 1.042077e-04 9.999998e-01 -6.007459e-04 -1.355158e+00 1.538585e-02 5.990709e-04 9.998815e-01 8.291913e+01
9.999985e-01 6.354710e-04 -1.613704e-03 6.844843e-01 -6.311899e-04 9.999963e-01 2.651874e-03 -1.354362e+00 1.615383e-03 -2.650851e-03 9.999952e-01 8.232506e+01
9.998681e-01 6.388671e-04 -1.622730e-02 9.502851e-01 -6.377233e-04 9.999998e-01 7.568107e-05 -1.349332e+00 1.622734e-02 -6.532312e-05 9.998683e-01 8.164778e+01
9.999998e-01 4.712396e-04 -4.823998e-04 1.174198e+00 -4.700549e-04 9.999969e-01 2.452158e-03 -1.342587e+00 4.835540e-04 -2.451930e-03 9.999969e-01 8.100731e+01
9.998586e-01 8.474897e-04 -1.679542e-02 1.456143e+00 -8.465425e-04 9.999996e-01 6.352902e-05 -1.338685e+00 1.679547e-02 -4.930256e-05 9.998589e-01 8.031039e+01
9.999965e-01 -1.414443e-04 -2.636671e-03 1.843695e+00 1.481380e-04 9.999968e-01 2.538522e-03 -1.336183e+00 2.636303e-03 -2.538903e-03 9.999933e-01 7.955079e+01
9.999169e-01 9.110349e-04 -1.285823e-02 2.076179e+00 -9.177221e-04 9.999994e-01 -5.141482e-04 -1.334762e+00 1.285775e-02 5.259052e-04 9.999172e-01 7.902276e+01
9.999966e-01 -1.577257e-04 -2.600663e-03 2.298577e+00 1.644134e-04 9.999967e-01 2.571373e-03 -1.333919e+00 2.600249e-03 -2.571791e-03 9.999933e-01 7.850995e+01
9.998970e-01 7.358336e-04 -1.433326e-02 2.607759e+00 -7.450415e-04 9.999995e-01 -6.370512e-04 -1.333731e+00 1.433279e-02 6.476639e-04 9.998971e-01 7.792688e+01
9.999992e-01 -1.202806e-04 -1.269440e-03 2.851062e+00 1.234825e-04 9.999968e-01 2.522223e-03 -1.334302e+00 1.269133e-03 -2.522377e-03 9.999960e-01 7.743584e+01
9.998676e-01 8.960591e-04 -1.624925e-02 3.169685e+00 -9.009585e-04 9.999996e-01 -2.941714e-04 -1.333467e+00 1.624898e-02 3.087718e-04 9.998679e-01 7.680103e+01
9.999995e-01 -1.310144e-04 -9.410405e-04 3.487134e+00 1.333837e-04 9.999968e-01 2.517646e-03 -1.331969e+00 9.407078e-04 -2.517769e-03 9.999964e-01 7.615302e+01
9.998377e-01 9.059282e-04 -1.799284e-02 3.858939e+00 -9.076298e-04 9.999996e-01 -8.638211e-05 -1.329891e+00 1.799275e-02 1.026984e-04 9.998381e-01 7.542620e+01
9.999996e-01 -1.578913e-04 -9.148142e-04 4.243527e+00 1.601144e-04 9.999970e-01 2.430044e-03 -1.327694e+00 9.144279e-04 -2.430189e-03 9.999966e-01 7.468388e+01
9.998368e-01 8.185026e-04 -1.804621e-02 4.648344e+00 -8.238550e-04 9.999996e-01 -2.891373e-04 -1.326844e+00 1.804597e-02 3.039571e-04 9.998371e-01 7.396867e+01
9.999979e-01 -2.474481e-04 2.040501e-03 4.948385e+00 2.434782e-04 9.999981e-01 1.945784e-03 -1.328640e+00 -2.040978e-03 -1.945283e-03 9.999960e-01 7.346536e+01
9.998259e-01 8.958410e-04 -1.863547e-02 5.253641e+00 -8.982890e-04 9.999996e-01 -1.229669e-04 -1.330220e+00 1.863535e-02 1.396850e-04 9.998263e-01 7.293127e+01
9.999995e-01 -2.972717e-04 9.723367e-04 5.589874e+00 2.951764e-04 9.999976e-01 2.154801e-03 -1.330108e+00 -9.729749e-04 -2.154512e-03 9.999972e-01 7.230862e+01
9.998344e-01 8.609558e-04 -1.817625e-02 5.905790e+00 -8.654898e-04 9.999996e-01 -2.415554e-04 -1.330097e+00 1.817603e-02 2.572463e-04 9.998348e-01 7.173703e+01
9.999850e-01 2.821749e-04 5.477809e-03 5.866001e+00 -2.937036e-04 9.999977e-01 2.104010e-03 -1.326202e+00 -5.477203e-03 -2.105586e-03 9.999828e-01 7.159344e+01
9.997532e-01 6.230922e-04 -2.220859e-02 6.139960e+00 -6.187563e-04 9.999998e-01 2.021309e-04 -1.323519e+00 2.220871e-02 -1.883398e-04 9.997533e-01 7.096813e+01
9.999927e-01 2.694724e-04 3.812092e-03 6.486416e+00 -2.786819e-04 9.999970e-01 2.415690e-03 -1.320023e+00 -3.811429e-03 -2.416735e-03 9.999898e-01 7.021674e+01
9.997412e-01 7.528724e-04 -2.273514e-02 6.838234e+00 -7.474513e-04 9.999997e-01 2.469635e-04 -1.315415e+00 2.273532e-02 -2.299067e-04 9.997415e-01 6.943771e+01
9.999904e-01 5.781750e-05 4.379390e-03 7.206781e+00 -6.684428e-05 9.999979e-01 2.061193e-03 -1.312993e+00 -4.379261e-03 -2.061466e-03 9.999883e-01 6.871054e+01
9.997259e-01 7.790150e-04 -2.339859e-02 7.620295e+00 -7.747234e-04 9.999997e-01 1.925010e-04 -1.312273e+00 2.339873e-02 -1.743212e-04 9.997262e-01 6.796786e+01
9.999943e-01 -3.116162e-05 3.386193e-03 8.073857e+00 2.392093e-05 9.999977e-01 2.138466e-03 -1.310744e+00 -3.386252e-03 -2.138373e-03 9.999920e-01 6.716705e+01
9.997350e-01 9.683609e-04 -2.299956e-02 8.499294e+00 -9.606598e-04 9.999995e-01 3.459038e-04 -1.308744e+00 2.299988e-02 -3.237179e-04 9.997354e-01 6.636490e+01
9.999974e-01 -4.751943e-05 2.295900e-03 8.960249e+00 4.221236e-05 9.999973e-01 2.311763e-03 -1.305523e+00 -2.296004e-03 -2.311659e-03 9.999947e-01 6.548834e+01
9.997569e-01 9.438056e-04 -2.202714e-02 9.382928e+00 -9.405204e-04 9.999995e-01 1.595244e-04 -1.303022e+00 2.202728e-02 -1.387692e-04 9.997574e-01 6.468798e+01
9.999965e-01 1.909505e-05 2.654361e-03 9.767751e+00 -2.568739e-05 9.999969e-01 2.483777e-03 -1.300050e+00 -2.654306e-03 -2.483836e-03 9.999934e-01 6.390378e+01
9.997543e-01 1.049652e-03 -2.214077e-02 1.017194e+01 -1.047881e-03 9.999994e-01 9.160089e-05 -1.295995e+00 2.214086e-02 -6.837794e-05 9.997549e-01 6.308211e+01
9.999916e-01 -4.438257e-04 4.066887e-03 1.052891e+01 4.348499e-04 9.999975e-01 2.207796e-03 -1.293941e+00 -4.067856e-03 -2.206009e-03 9.999893e-01 6.239295e+01
9.997298e-01 1.562744e-03 -2.319258e-02 1.090652e+01 -1.553970e-03 9.999987e-01 3.963552e-04 -1.292242e+00 2.319317e-02 -3.602079e-04 9.997309e-01 6.163160e+01
9.999932e-01 -6.885824e-04 3.632624e-03 1.126615e+01 6.802286e-04 9.999971e-01 2.300554e-03 -1.288245e+00 -3.634197e-03 -2.298067e-03 9.999908e-01 6.085671e+01
9.998630e-01 2.580526e-03 -1.635207e-02 1.115844e+01 -2.578758e-03 9.999967e-01 1.292794e-04 -1.278120e+00 1.635235e-02 -8.709407e-05 9.998663e-01 6.058178e+01
9.999898e-01 -5.412938e-04 4.491413e-03 1.104975e+01 5.295818e-04 9.999965e-01 2.608563e-03 -1.266888e+00 -4.492810e-03 -2.606158e-03 9.999865e-01 6.027201e+01
9.997780e-01 1.343251e-03 -2.102934e-02 1.130438e+01 -1.350798e-03 9.999990e-01 -3.446606e-04 -1.264266e+00 2.102886e-02 3.729900e-04 9.997788e-01 5.969837e+01
9.999921e-01 -3.604596e-04 3.947204e-03 1.161697e+01 3.499915e-04 9.999964e-01 2.652557e-03 -1.262160e+00 -3.948146e-03 -2.651155e-03 9.999887e-01 5.903455e+01
9.997347e-01 1.401626e-03 -2.299163e-02 1.198320e+01 -1.402562e-03 9.999990e-01 -2.457264e-05 -1.258920e+00 2.299157e-02 5.681288e-05 9.997357e-01 5.826912e+01
9.999918e-01 -3.657044e-04 4.033244e-03 1.233505e+01 3.549617e-04 9.999964e-01 2.664062e-03 -1.254509e+00 -4.034203e-03 -2.662608e-03 9.999883e-01 5.749774e+01
9.997334e-01 1.377602e-03 -2.304720e-02 1.273034e+01 -1.383263e-03 9.999990e-01 -2.296545e-04 -1.252162e+00 2.304687e-02 2.614733e-04 9.997344e-01 5.672513e+01
9.999961e-01 -5.449106e-04 2.743315e-03 1.316997e+01 5.371666e-04 9.999959e-01 2.823055e-03 -1.250391e+00 -2.744842e-03 -2.821570e-03 9.999923e-01 5.590891e+01
9.997670e-01 1.264139e-03 -2.155015e-02 1.354650e+01 -1.276184e-03 9.999990e-01 -5.451587e-04 -1.248550e+00 2.154944e-02 5.725332e-04 9.997676e-01 5.521637e+01
9.999937e-01 -6.260287e-04 3.501825e-03 1.390844e+01 6.169306e-04 9.999964e-01 2.598727e-03 -1.248620e+00 -3.503439e-03 -2.596550e-03 9.999905e-01 5.456657e+01
9.997254e-01 1.301348e-03 -2.339681e-02 1.434918e+01 -1.309981e-03 9.999991e-01 -3.536160e-04 -1.248145e+00 2.339633e-02 3.841679e-04 9.997262e-01 5.381773e+01
9.999956e-01 -6.264777e-04 2.910207e-03 1.482092e+01 6.185810e-04 9.999961e-01 2.713771e-03 -1.247527e+00 -2.911896e-03 -2.711958e-03 9.999921e-01 5.302262e+01
9.997716e-01 1.149449e-03 -2.133909e-02 1.516488e+01 -1.164372e-03 9.999991e-01 -6.868820e-04 -1.245445e+00 2.133829e-02 7.115714e-04 9.997721e-01 5.238623e+01
9.999920e-01 -4.525389e-04 3.965254e-03 1.544521e+01 4.411195e-04 9.999958e-01 2.880411e-03 -1.244026e+00 -3.966541e-03 -2.878639e-03 9.999880e-01 5.180984e+01
9.997533e-01 1.448728e-03 -2.216563e-02 1.577777e+01 -1.461566e-03 9.999988e-01 -5.629495e-04 -1.243841e+00 2.216478e-02 5.952067e-04 9.997542e-01 5.115950e+01
9.999728e-01 -1.104327e-03 7.297570e-03 1.595941e+01 1.089262e-03 9.999973e-01 2.068136e-03 -1.242788e+00 -7.299834e-03 -2.060130e-03 9.999712e-01 5.079738e+01
9.997482e-01 1.906825e-03 -2.235848e-02 1.611532e+01 -1.911321e-03 9.999982e-01 -1.796841e-04 -1.242999e+00 2.235809e-02 2.223727e-04 9.997500e-01 5.039437e+01
9.999939e-01 -1.338365e-03 3.216479e-03 1.650640e+01 1.329641e-03 9.999954e-01 2.712979e-03 -1.241072e+00 -3.220096e-03 -2.708685e-03 9.999911e-01 4.966101e+01
9.997631e-01 2.297738e-03 -2.164185e-02 1.686643e+01 -2.302511e-03 9.999973e-01 -1.955772e-04 -1.239193e+00 2.164134e-02 2.453611e-04 9.997658e-01 4.893700e+01
9.999914e-01 -1.491758e-03 3.868406e-03 1.717707e+01 1.481470e-03 9.999954e-01 2.661230e-03 -1.235627e+00 -3.872359e-03 -2.655476e-03 9.999890e-01 4.826242e+01
9.997913e-01 2.482016e-03 -2.027761e-02 1.741491e+01 -2.487188e-03 9.999969e-01 -2.297732e-04 -1.231708e+00 2.027697e-02 2.801591e-04 9.997944e-01 4.766680e+01
9.999994e-01 -8.456430e-04 7.465168e-04 1.779065e+01 8.432824e-04 9.999947e-01 3.157577e-03 -1.227477e+00 -7.491831e-04 -3.156945e-03 9.999947e-01 4.681416e+01
9.997806e-01 1.863283e-03 -2.086459e-02 1.821351e+01 -1.869100e-03 9.999982e-01 -2.592912e-04 -1.221599e+00 2.086407e-02 2.982319e-04 9.997823e-01 4.592740e+01
9.999956e-01 -1.436890e-03 2.597988e-03 1.859538e+01 1.430926e-03 9.999963e-01 2.296386e-03 -1.222201e+00 -2.601278e-03 -2.292658e-03 9.999940e-01 4.531251e+01
9.998418e-01 2.083450e-03 -1.766167e-02 1.883663e+01 -2.090692e-03 9.999977e-01 -3.915549e-04 -1.223318e+00 1.766081e-02 4.284178e-04 9.998439e-01 4.484943e+01
9.999977e-01 -1.093537e-03 1.844403e-03 1.905224e+01 1.088581e-03 9.999958e-01 2.686273e-03 -1.221496e+00 -1.847333e-03 -2.684259e-03 9.999947e-01 4.432110e+01
9.998191e-01 2.373103e-03 -1.887224e-02 1.928296e+01 -2.374797e-03 9.999972e-01 -6.730873e-05 -1.216974e+00 1.887203e-02 1.121140e-04 9.998219e-01 4.369525e+01
9.999968e-01 -1.158757e-03 2.229049e-03 1.950108e+01 1.152669e-03 9.999956e-01 2.731007e-03 -1.211737e+00 -2.232204e-03 -2.728429e-03 9.999938e-01 4.306122e+01
9.998042e-01 2.217043e-03 -1.966180e-02 1.977666e+01 -2.221394e-03 9.999975e-01 -1.994265e-04 -1.208966e+00 1.966131e-02 2.430638e-04 9.998067e-01 4.241132e+01
9.999992e-01 -1.105672e-03 6.723885e-04 2.011609e+01 1.103720e-03 9.999952e-01 2.897249e-03 -1.205066e+00 -6.755889e-04 -2.896504e-03 9.999956e-01 4.165448e+01
9.998007e-01 2.343056e-03 -1.982667e-02 2.048127e+01 -2.345727e-03 9.999972e-01 -1.114601e-04 -1.201390e+00 1.982636e-02 1.579455e-04 9.998034e-01 4.084654e+01
9.999971e-01 -1.542758e-03 1.853003e-03 2.082303e+01 1.538342e-03 9.999960e-01 2.382536e-03 -1.199338e+00 -1.856671e-03 -2.379678e-03 9.999954e-01 4.016302e+01
9.998264e-01 2.200141e-03 -1.850279e-02 2.113683e+01 -2.207311e-03 9.999975e-01 -3.670499e-04 -1.198982e+00 1.850194e-02 4.078273e-04 9.998287e-01 3.957520e+01
9.999973e-01 -1.411799e-03 1.821767e-03 2.143859e+01 1.407246e-03 9.999959e-01 2.498283e-03 -1.197675e+00 -1.825287e-03 -2.495713e-03 9.999952e-01 3.895275e+01
9.998558e-01 1.813394e-03 -1.688603e-02 2.159729e+01 -1.828438e-03 9.999979e-01 -8.754925e-04 -1.196991e+00 1.688440e-02 9.062410e-04 9.998570e-01 3.858291e+01
9.999974e-01 -8.960886e-04 2.109536e-03 2.168635e+01 8.889558e-04 9.999939e-01 3.380042e-03 -1.194709e+00 -2.112552e-03 -3.378158e-03 9.999921e-01 3.820881e+01
9.998438e-01 1.854204e-03 -1.757496e-02 2.189207e+01 -1.873917e-03 9.999976e-01 -1.105213e-03 -1.191356e+00 1.757287e-02 1.137974e-03 9.998449e-01 3.767783e+01
9.999722e-01 -4.888353e-04 7.436425e-03 2.178535e+01 4.680942e-04 9.999960e-01 2.790708e-03 -1.186419e+00 -7.437760e-03 -2.787149e-03 9.999685e-01 3.754944e+01
9.998902e-01 2.840320e-03 -1.454219e-02 2.137989e+01 -2.841485e-03 9.999960e-01 -5.941342e-05 -1.157128e+00 1.454197e-02 1.007281e-04 9.998943e-01 3.762174e+01
9.999403e-01 1.474925e-04 1.092646e-02 2.092373e+01 -1.756353e-04 9.999967e-01 2.574807e-03 -1.120895e+00 -1.092605e-02 -2.576572e-03 9.999370e-01 3.760979e+01
9.996797e-01 1.820337e-03 -2.524444e-02 2.096763e+01 -1.813213e-03 9.999983e-01 3.050926e-04 -1.108364e+00 2.524495e-02 -2.592215e-04 9.996813e-01 3.705256e+01
9.999658e-01 -8.149073e-04 8.227624e-03 2.124758e+01 7.974220e-04 9.999974e-01 2.128339e-03 -1.103326e+00 -8.229338e-03 -2.121705e-03 9.999639e-01 3.637345e+01
9.996508e-01 1.705007e-03 -2.636866e-02 2.156759e+01 -1.695122e-03 9.999985e-01 3.972675e-04 -1.100477e+00 2.636930e-02 -3.524309e-04 9.996522e-01 3.568660e+01
9.999324e-01 -1.268384e-03 1.155397e-02 2.177019e+01 1.253409e-03 9.999984e-01 1.303274e-03 -1.100081e+00 -1.155561e-02 -1.288703e-03 9.999324e-01 3.527209e+01
9.996863e-01 1.985780e-03 -2.496788e-02 2.189486e+01 -1.972272e-03 9.999979e-01 5.656635e-04 -1.101419e+00 2.496895e-02 -5.162428e-04 9.996881e-01 3.497353e+01
9.999623e-01 -1.043291e-03 8.625276e-03 2.214253e+01 1.027791e-03 9.999978e-01 1.801337e-03 -1.099321e+00 -8.627137e-03 -1.792404e-03 9.999612e-01 3.439814e+01
9.996792e-01 2.076450e-03 -2.524099e-02 2.240209e+01 -2.060263e-03 9.999977e-01 6.673396e-04 -1.096326e+00 2.524232e-02 -6.151227e-04 9.996812e-01 3.379315e+01
9.999361e-01 -8.893461e-04 1.126624e-02 2.248065e+01 8.720743e-04 9.999984e-01 1.537936e-03 -1.090654e+00 -1.126759e-02 -1.528012e-03 9.999354e-01 3.338370e+01
9.997353e-01 2.503047e-03 -2.287019e-02 2.240417e+01 -2.488316e-03 9.999967e-01 6.725736e-04 -1.083673e+00 2.287180e-02 -6.154875e-04 9.997382e-01 3.314630e+01
9.999723e-01 -1.353887e-03 7.313637e-03 2.260355e+01 1.342437e-03 9.999979e-01 1.570379e-03 -1.080355e+00 -7.315748e-03 -1.560517e-03 9.999720e-01 3.261952e+01
9.997522e-01 4.850493e-03 -2.172621e-02 2.245285e+01 -4.807828e-03 9.999864e-01 2.015553e-03 -1.058726e+00 2.173569e-02 -1.910598e-03 9.997619e-01 3.211784e+01
9.999435e-01 -1.919588e-03 1.045861e-02 2.227888e+01 1.906122e-03 9.999973e-01 1.297500e-03 -1.036669e+00 -1.046107e-02 -1.277491e-03 9.999445e-01 3.170274e+01
9.996212e-01 2.779451e-03 -2.737950e-02 2.257700e+01 -2.756495e-03 9.999958e-01 8.761678e-04 -1.036278e+00 2.738182e-02 -8.003646e-04 9.996247e-01 3.111438e+01
9.999486e-01 -1.827688e-03 9.974334e-03 2.288023e+01 1.812996e-03 9.999973e-01 1.481859e-03 -1.033595e+00 -9.977016e-03 -1.463699e-03 9.999492e-01 3.044581e+01
9.996397e-01 2.549553e-03 -2.672038e-02 2.318037e+01 -2.533713e-03 9.999966e-01 6.266970e-04 -1.032856e+00 2.672189e-02 -5.587696e-04 9.996428e-01 2.986205e+01
9.998982e-01 -2.264464e-03 1.408956e-02 2.324401e+01 2.261373e-03 9.999974e-01 2.353383e-04 -1.038299e+00 -1.409006e-02 -2.034525e-04 9.999007e-01 2.987168e+01
9.996616e-01 1.787511e-03 -2.595026e-02 2.329193e+01 -1.771763e-03 9.999982e-01 6.298694e-04 -1.044697e+00 2.595134e-02 -5.836788e-04 9.996630e-01 3.002267e+01
9.999493e-01 -9.530966e-04 1.002615e-02 2.357611e+01 9.403892e-04 9.999987e-01 1.272133e-03 -1.045789e+00 -1.002735e-02 -1.262640e-03 9.999489e-01 2.949351e+01
9.996130e-01 1.754777e-03 -2.776239e-02 2.392582e+01 -1.730065e-03 9.999981e-01 9.141367e-04 -1.044737e+00 2.776394e-02 -8.657524e-04 9.996141e-01 2.882471e+01
9.999456e-01 -1.049163e-03 1.037649e-02 2.426030e+01 1.036821e-03 9.999987e-01 1.194833e-03 -1.044303e+00 -1.037773e-02 -1.184010e-03 9.999454e-01 2.819040e+01
9.995868e-01 1.868232e-03 -2.868508e-02 2.463909e+01 -1.842139e-03 9.999979e-01 9.360549e-04 -1.044151e+00 2.868676e-02 -8.828264e-04 9.995881e-01 2.751047e+01
9.999495e-01 -1.068795e-03 9.995727e-03 2.501006e+01 1.055339e-03 9.999985e-01 1.351381e-03 -1.042747e+00 -9.997157e-03 -1.340764e-03 9.999491e-01 2.680489e+01
9.995926e-01 2.099318e-03 -2.846435e-02 2.535356e+01 -2.068495e-03 9.999972e-01 1.112291e-03 -1.039733e+00 2.846660e-02 -1.052960e-03 9.995942e-01 2.608847e+01
9.999495e-01 -1.150465e-03 9.979336e-03 2.570498e+01 1.137427e-03 9.999985e-01 1.312172e-03 -1.037284e+00 -9.980831e-03 -1.300755e-03 9.999493e-01 2.537784e+01
9.995783e-01 2.109475e-03 -2.896283e-02 2.608709e+01 -2.074911e-03 9.999971e-01 1.223428e-03 -1.035048e+00 2.896533e-02 -1.162817e-03 9.995797e-01 2.462645e+01
9.999612e-01 -9.606709e-04 8.760946e-03 2.646518e+01 9.452783e-04 9.999980e-01 1.761009e-03 -1.030757e+00 -8.762621e-03 -1.752659e-03 9.999601e-01 2.378279e+01
9.996231e-01 2.086175e-03 -2.737427e-02 2.680324e+01 -2.059913e-03 9.999974e-01 9.875716e-04 -1.026173e+00 2.737626e-02 -9.308108e-04 9.996248e-01 2.301949e+01
9.999564e-01 -1.104580e-03 9.270170e-03 2.711556e+01 1.089724e-03 9.999981e-01 1.607483e-03 -1.022488e+00 -9.271928e-03 -1.597311e-03 9.999557e-01 2.231051e+01
9.996774e-01 2.095860e-03 -2.531124e-02 2.729506e+01 -2.080972e-03 9.999976e-01 6.145526e-04 -1.017325e+00 2.531247e-02 -5.616825e-04 9.996794e-01 2.179039e+01
9.999460e-01 -1.205684e-03 1.032657e-02 2.748968e+01 1.191823e-03 9.999984e-01 1.348418e-03 -1.014717e+00 -1.032818e-02 -1.336038e-03 9.999458e-01 2.128302e+01
9.997098e-01 1.624883e-03 -2.403435e-02 2.759269e+01 -1.628439e-03 9.999987e-01 -1.283395e-04 -1.015199e+00 2.403411e-02 1.674406e-04 9.997111e-01 2.105538e+01
9.998965e-01 -1.762427e-03 1.427768e-02 2.762935e+01 1.754856e-03 9.999983e-01 5.428159e-04 -1.025447e+00 -1.427861e-02 -5.177044e-04 9.998979e-01 2.133425e+01
9.996116e-01 2.206306e-03 -2.777935e-02 2.775850e+01 -2.190165e-03 9.999974e-01 6.114901e-04 -1.028710e+00 2.778062e-02 -5.504114e-04 9.996139e-01 2.109564e+01
9.999381e-01 -1.433434e-03 1.103197e-02 2.807684e+01 1.416837e-03 9.999979e-01 1.512225e-03 -1.027596e+00 -1.103411e-02 -1.496501e-03 9.999380e-01 2.047524e+01
9.996141e-01 2.435254e-03 -2.767286e-02 2.835830e+01 -2.413051e-03 9.999967e-01 8.357238e-04 -1.025567e+00 2.767481e-02 -7.686252e-04 9.996167e-01 1.986401e+01
9.999371e-01 -1.611062e-03 1.109757e-02 2.864491e+01 1.595898e-03 9.999978e-01 1.375280e-03 -1.023452e+00 -1.109976e-02 -1.357483e-03 9.999375e-01 1.924916e+01
9.996656e-01 2.399093e-03 -2.574576e-02 2.881524e+01 -2.382753e-03 9.999969e-01 6.653555e-04 -1.021672e+00 2.574728e-02 -6.037873e-04 9.996683e-01 1.879534e+01
9.999405e-01 -1.394876e-03 1.081468e-02 2.898270e+01 1.376886e-03 9.999977e-01 1.670798e-03 -1.019061e+00 -1.081698e-02 -1.655808e-03 9.999401e-01 1.831070e+01
9.996295e-01 2.395963e-03 -2.711395e-02 2.923828e+01 -2.378273e-03 9.999969e-01 6.846872e-04 -1.016061e+00 2.711551e-02 -6.199491e-04 9.996321e-01 1.771734e+01
9.999655e-01 -9.651135e-04 8.253902e-03 2.959376e+01 9.476969e-04 9.999973e-01 2.113838e-03 -1.012228e+00 -8.255920e-03 -2.105942e-03 9.999637e-01 1.691014e+01
9.996282e-01 1.943025e-03 -2.719629e-02 2.992959e+01 -1.926997e-03 9.999980e-01 6.155634e-04 -1.007945e+00 2.719743e-02 -5.629274e-04 9.996299e-01 1.617948e+01
9.999301e-01 -1.168300e-03 1.176236e-02 3.017100e+01 1.151156e-03 9.999983e-01 1.464248e-03 -1.007092e+00 -1.176405e-02 -1.450605e-03 9.999297e-01 1.565752e+01
9.995907e-01 2.137116e-03 -2.852865e-02 3.045618e+01 -2.114979e-03 9.999974e-01 8.061336e-04 -1.004926e+00 2.853030e-02 -7.454661e-04 9.995927e-01 1.504264e+01
9.999332e-01 -1.313420e-03 1.148694e-02 3.075154e+01 1.296988e-03 9.999981e-01 1.437847e-03 -1.002509e+00 -1.148881e-02 -1.422853e-03 9.999330e-01 1.442278e+01
9.996061e-01 2.126702e-03 -2.798461e-02 3.104134e+01 -2.106981e-03 9.999975e-01 7.342110e-04 -1.001467e+00 2.798611e-02 -6.749587e-04 9.996081e-01 1.383424e+01
9.999389e-01 -1.378968e-03 1.097075e-02 3.135420e+01 1.363675e-03 9.999981e-01 1.401363e-03 -1.000444e+00 -1.097266e-02 -1.386317e-03 9.999388e-01 1.322262e+01
9.996017e-01 2.206893e-03 -2.813362e-02 3.168546e+01 -2.186699e-03 9.999973e-01 7.485658e-04 -9.992084e-01 2.813520e-02 -6.867479e-04 9.996039e-01 1.257977e+01
9.999403e-01 -1.392412e-03 1.083983e-02 3.200213e+01 1.376129e-03 9.999979e-01 1.509563e-03 -9.972946e-01 -1.084191e-02 -1.494556e-03 9.999401e-01 1.193475e+01
9.996230e-01 2.164533e-03 -2.737055e-02 3.232164e+01 -2.150000e-03 9.999975e-01 5.604069e-04 -9.975181e-01 2.737169e-02 -5.013489e-04 9.996252e-01 1.134187e+01
9.999368e-01 -6.872816e-04 1.122531e-02 3.248617e+01 6.631472e-04 9.999975e-01 2.153637e-03 -9.925346e-01 -1.122676e-02 -2.146057e-03 9.999347e-01 1.079383e+01
9.996042e-01 2.385341e-03 -2.803218e-02 3.267838e+01 -2.366463e-03 9.999970e-01 7.066108e-04 -9.836870e-01 2.803378e-02 -6.399940e-04 9.996068e-01 1.011458e+01
9.999556e-01 -7.550290e-04 9.390151e-03 3.295225e+01 7.326342e-04 9.999969e-01 2.388214e-03 -9.748401e-01 -9.391925e-03 -2.381228e-03 9.999531e-01 9.318294e+00
9.995725e-01 2.421150e-03 -2.913685e-02 3.327271e+01 -2.397561e-03 9.999968e-01 8.445273e-04 -9.654114e-01 2.913880e-02 -7.743089e-04 9.995751e-01 8.438271e+00
9.999616e-01 -1.627506e-03 8.614402e-03 3.371421e+01 1.612663e-03 9.999972e-01 1.729746e-03 -9.597942e-01 -8.617193e-03 -1.715787e-03 9.999614e-01 7.547071e+00
9.995611e-01 2.571100e-03 -2.951365e-02 3.413181e+01 -2.538719e-03 9.999961e-01 1.134612e-03 -9.551179e-01 2.951645e-02 -1.059187e-03 9.995637e-01 6.689525e+00
9.999710e-01 -1.783542e-03 7.401132e-03 3.462797e+01 1.770547e-03 9.999969e-01 1.762117e-03 -9.471658e-01 -7.404252e-03 -1.748962e-03 9.999711e-01 5.618902e+00
9.994422e-01 2.235978e-03 -3.332213e-02 3.523427e+01 -2.186642e-03 9.999965e-01 1.516994e-03 -9.380661e-01 3.332541e-02 -1.443284e-03 9.994435e-01 4.459002e+00
9.999765e-01 -1.411811e-03 6.707251e-03 3.587471e+01 1.398311e-03 9.999970e-01 2.017115e-03 -9.310293e-01 -6.710079e-03 -2.007689e-03 9.999755e-01 3.247113e+00
9.994564e-01 2.426806e-03 -3.287860e-02 3.644701e+01 -2.367617e-03 9.999955e-01 1.839059e-03 -9.225706e-01 3.288291e-02 -1.760215e-03 9.994577e-01 2.097297e+00
9.999006e-01 -1.495015e-03 1.401901e-02 3.678866e+01 1.481690e-03 9.999984e-01 9.609142e-04 -9.166486e-01 -1.402043e-02 -9.400470e-04 9.999013e-01 1.319675e+00
9.994794e-01 2.480748e-03 -3.216833e-02 3.716394e+01 -2.436409e-03 9.999960e-01 1.417501e-03 -9.134612e-01 3.217171e-02 -1.338388e-03 9.994815e-01 5.650625e-01
9.999183e-01 -1.804205e-03 1.265692e-02 3.756910e+01 1.793611e-03 9.999980e-01 8.483789e-04 -9.106556e-01 -1.265843e-02 -8.256081e-04 9.999195e-01 -1.740221e-01
9.995139e-01 2.480351e-03 -3.107677e-02 3.794853e+01 -2.441765e-03 9.999962e-01 1.279548e-03 -9.093636e-01 3.107983e-02 -1.203044e-03 9.995162e-01 -8.519808e-01
9.999199e-01 -1.972748e-03 1.250202e-02 3.834332e+01 1.963618e-03 9.999978e-01 7.425556e-04 -9.077022e-01 -1.250346e-02 -7.179471e-04 9.999216e-01 -1.537934e+00
9.994972e-01 2.538527e-03 -3.160406e-02 3.875856e+01 -2.496214e-03 9.999959e-01 1.378253e-03 -9.060542e-01 3.160743e-02 -1.298670e-03 9.994995e-01 -2.252114e+00
9.999173e-01 -2.066889e-03 1.269121e-02 3.917319e+01 2.059065e-03 9.999977e-01 6.296206e-04 -9.048547e-01 -1.269249e-02 -6.034367e-04 9.999193e-01 -2.952023e+00
9.994966e-01 2.603405e-03 -3.161863e-02 3.959731e+01 -2.560721e-03 9.999958e-01 1.390392e-03 -9.034779e-01 3.162212e-02 -1.308725e-03 9.994990e-01 -3.663403e+00
