1.000000e+00 1.197625e-11 1.704638e-10 5.551115e-17 1.197625e-11 1.000000e+00 3.562503e-10 0.000000e+00 1.704638e-10 3.562503e-10 1.000000e+00 2.220446e-16 0.000000e+00 0.000000e+00 0.000000e+00 1.000000e+00
9.776063e-01 -5.488643e-02 2.031586e-01 2.602776e-02 6.494034e-02 9.969557e-01 -4.315227e-02 -2.162532e-02 -2.001716e-01 5.537912e-02 9.781945e-01 -4.943868e-01
9.999117e-01 7.719236e-03 1.081864e-02 5.737691e-02 -7.789386e-03 9.999488e-01 6.457120e-03 -4.412025e-02 -1.076824e-02 -6.540820e-03 9.999206e-01 -9.860127e-01
9.825721e-01 -4.722491e-02 1.797826e-01 7.694587e-02 5.544016e-02 9.976221e-01 -4.094582e-02 -6.615202e-02 -1.774214e-01 5.019940e-02 9.828538e-01 -1.487224e+00
9.999963e-01 1.834206e-03 -2.025445e-03 1.358462e-01 -1.719217e-03 9.984636e-01 5.538411e-02 -8.554444e-02 2.123919e-03 -5.538042e-02 9.984631e-01 -1.754949e+00
9.924163e-01 -6.189280e-02 1.062031e-01 2.735678e-01 5.612859e-02 9.968273e-01 5.643439e-02 -9.895661e-02 -1.093590e-01 -5.004539e-02 9.927417e-01 -1.494593e+00
9.976659e-01 2.962346e-03 -6.821976e-02 4.131126e-01 -6.087714e-04 9.994047e-01 3.449488e-02 -1.134509e-01 6.828134e-02 -3.437283e-02 9.970738e-01 -1.390807e+00
9.927638e-01 -5.505009e-02 1.067220e-01 6.052106e-01 4.342067e-02 9.931602e-01 1.083853e-01 -1.266158e-01 -1.119587e-01 -1.029670e-01 9.883638e-01 -1.035293e+00
9.967201e-01 2.707592e-03 -8.088082e-02 7.557227e-01 -5.671615e-05 9.994633e-01 3.275942e-02 -1.359988e-01 8.092611e-02 -3.264739e-02 9.961853e-01 -6.468621e-01
9.827259e-01 -8.198924e-02 1.659146e-01 8.744790e-01 6.370242e-02 9.915858e-01 1.126926e-01 -1.443919e-01 -1.737581e-01 -1.001768e-01 9.796799e-01 -1.982540e-01
9.860981e-01 2.709824e-02 -1.639398e-01 9.886056e-01 -2.556477e-02 9.996075e-01 1.145682e-02 -1.530444e-01 1.641859e-01 -7.106467e-03 9.864038e-01 9.143935e-02
9.878883e-01 -9.065342e-02 1.259309e-01 1.088090e+00 8.237163e-02 9.941758e-01 6.949410e-02 -1.658492e-01 -1.314974e-01 -5.827928e-02 9.896019e-01 9.627119e-02
9.961696e-01 4.580266e-02 -7.448675e-02 1.216133e+00 -4.230976e-02 9.979598e-01 4.781411e-02 -1.771618e-01 7.652479e-02 -4.447944e-02 9.960751e-01 3.641913e-01
9.759289e-01 -1.132636e-01 1.863710e-01 1.334323e+00 1.026138e-01 9.925385e-01 6.586188e-02 -1.875600e-01 -1.924401e-01 -4.515228e-02 9.802694e-01 6.919651e-01
9.918611e-01 6.424858e-02 -1.099254e-01 1.460215e+00 -5.700619e-02 9.960685e-01 6.780745e-02 -1.980691e-01 1.138498e-01 -6.098915e-02 9.916242e-01 1.026053e+00
9.851184e-01 -1.228263e-01 1.202305e-01 1.584206e+00 1.163504e-01 9.914243e-01 5.950233e-02 -2.070105e-01 -1.265079e-01 -4.462797e-02 9.909612e-01 1.351321e+00
9.899569e-01 7.608660e-02 -1.191475e-01 1.655640e+00 -7.195015e-02 9.966592e-01 3.864839e-02 -2.165292e-01 1.216901e-01 -2.968756e-02 9.921241e-01 1.469132e+00
9.843241e-01 -1.374284e-01 1.105414e-01 1.742164e+00 1.313519e-01 9.894863e-01 6.052676e-02 -2.262914e-01 -1.176973e-01 -4.505812e-02 9.920268e-01 1.654422e+00
9.926888e-01 9.111239e-02 -7.916702e-02 1.849072e+00 -8.828888e-02 9.953518e-01 3.846930e-02 -2.372235e-01 8.230406e-02 -3.119848e-02 9.961188e-01 1.806978e+00
9.726866e-01 -1.558816e-01 1.719933e-01 1.996651e+00 1.425654e-01 9.859272e-01 8.730836e-02 -2.500130e-01 -1.831826e-01 -6.040337e-02 9.812215e-01 2.105141e+00
9.862328e-01 8.079628e-02 1.442802e-01 2.191375e+00 -7.611395e-02 9.963865e-01 -3.769224e-02 -2.719218e-01 -1.468042e-01 2.619160e-02 9.888188e-01 2.197039e+00
9.655147e-01 -1.715231e-01 1.958601e-01 2.323447e+00 1.562493e-01 9.835117e-01 9.105467e-02 -2.946588e-01 -2.082487e-01 -5.731162e-02 9.763953e-01 2.115477e+00
9.899256e-01 8.995332e-02 1.093418e-01 2.462150e+00 -8.474471e-02 9.950764e-01 -5.139352e-02 -3.148868e-01 -1.134264e-01 4.160963e-02 9.926747e-01 2.150600e+00
9.849067e-01 -1.548729e-01 7.728691e-02 2.584837e+00 1.425353e-01 9.790413e-01 1.454710e-01 -3.318407e-01 -9.819659e-02 -1.322592e-01 9.863392e-01 2.222202e+00
9.625082e-01 7.494552e-02 2.606936e-01 2.705875e+00 -3.821304e-02 9.889525e-01 -1.432225e-01 -3.532497e-01 -2.685475e-01 1.278910e-01 9.547388e-01 2.201325e+00
9.796791e-01 -1.254324e-01 1.565105e-01 2.781722e+00 1.055097e-01 9.859224e-01 1.297102e-01 -3.806812e-01 -1.705771e-01 -1.105610e-01 9.791219e-01 1.775117e+00
9.931638e-01 5.173871e-02 1.046360e-01 2.851691e+00 -3.724550e-02 9.900080e-01 -1.360034e-01 -4.041368e-01 -1.106271e-01 1.311764e-01 9.851672e-01 1.442788e+00
9.511878e-01 -9.966054e-02 2.920781e-01 2.920462e+00 6.455319e-02 9.897376e-01 1.274850e-01 -4.308024e-01 -3.017859e-01 -1.024076e-01 9.478597e-01 1.056284e+00
9.992494e-01 8.560719e-03 3.777912e-02 3.007679e+00 -3.856942e-03 9.924159e-01 -1.228654e-01 -4.566464e-01 -3.854442e-02 1.226274e-01 9.917040e-01 6.930175e-01
9.898823e-01 -7.852489e-02 1.181814e-01 3.067895e+00 5.643817e-02 9.820804e-01 1.798135e-01 -4.655353e-01 -1.301835e-01 -1.713243e-01 9.765758e-01 9.618980e-01
9.922854e-01 -3.704850e-04 1.239741e-01 3.101362e+00 2.335637e-02 9.826474e-01 -1.840072e-01 -4.780187e-01 -1.217547e-01 1.854832e-01 9.750753e-01 1.030122e+00
9.388347e-01 -6.616908e-02 3.379511e-01 3.203000e+00 5.802060e-03 9.842663e-01 1.765960e-01 -5.039499e-01 -3.443191e-01 -1.638336e-01 9.244473e-01 7.682498e-01
9.751643e-01 -8.509766e-02 2.044824e-01 3.336562e+00 1.188950e-01 9.800713e-01 -1.591356e-01 -5.336890e-01 -1.868653e-01 1.794953e-01 9.658482e-01 5.053115e-01
9.978247e-01 4.980778e-02 4.318548e-02 3.425980e+00 -5.796355e-02 9.749242e-01 2.148558e-01 -5.491348e-01 -3.140108e-02 -2.168916e-01 9.756905e-01 5.677637e-01
9.839207e-01 -1.165878e-01 1.353045e-01 3.586885e+00 1.330933e-01 9.837957e-01 -1.201340e-01 -5.647920e-01 -1.191058e-01 1.362105e-01 9.834940e-01 7.344202e-01
9.960179e-01 8.860685e-02 -9.856833e-03 3.734204e+00 -8.403952e-02 9.700363e-01 2.279626e-01 -5.783419e-01 2.976053e-02 -2.262265e-01 9.736200e-01 9.683891e-01
9.885797e-01 -1.437492e-01 4.523616e-02 3.822485e+00 1.482935e-01 9.813564e-01 -1.222644e-01 -5.867911e-01 -2.681738e-02 1.275763e-01 9.914661e-01 1.209604e+00
9.920918e-01 1.038642e-01 -7.047019e-02 3.825221e+00 -8.803678e-02 9.760123e-01 1.991219e-01 -5.906711e-01 8.946140e-02 -1.913432e-01 9.774377e-01 1.352685e+00
9.899373e-01 -1.409708e-01 1.230372e-02 3.824776e+00 1.413707e-01 9.814293e-01 -1.296571e-01 -5.923914e-01 6.202632e-03 1.300918e-01 9.914826e-01 1.549105e+00
9.925331e-01 1.044364e-01 -6.301696e-02 3.853639e+00 -9.097293e-02 9.779644e-01 1.879086e-01 -6.009270e-01 8.125284e-02 -1.807727e-01 9.801629e-01 1.529850e+00
9.890610e-01 -1.435441e-01 3.396315e-02 3.925414e+00 1.462581e-01 9.842377e-01 -9.942215e-02 -6.101226e-01 -1.915635e-02 1.033020e-01 9.944656e-01 1.671682e+00
9.919086e-01 1.015911e-01 -7.613581e-02 4.014327e+00 -8.172905e-02 9.698964e-01 2.293935e-01 -6.152972e-01 9.714817e-02 -2.213148e-01 9.703515e-01 2.007487e+00
9.898998e-01 -1.404136e-01 -1.955423e-02 4.170070e+00 1.389845e-01 9.883849e-01 -6.147092e-02 -6.206787e-01 2.795846e-02 5.813232e-02 9.979173e-01 2.525733e+00
9.928779e-01 1.134048e-01 -3.650861e-02 4.164374e+00 -1.096484e-01 9.896820e-01 9.223262e-02 -6.289696e-01 4.659154e-02 -8.757262e-02 9.950680e-01 2.441436e+00
9.896655e-01 -1.432983e-01 -5.265938e-03 4.138932e+00 1.427893e-01 9.881924e-01 -5.556072e-02 -6.339073e-01 1.316552e-02 5.423461e-02 9.984414e-01 2.479572e+00
9.962888e-01 6.805773e-02 5.269512e-02 4.162469e+00 -7.720502e-02 9.772515e-01 1.975321e-01 -6.264147e-01 -3.805280e-02 -2.008673e-01 9.788791e-01 3.277027e+00
9.834910e-01 -1.172765e-01 -1.378106e-01 4.123248e+00 9.464175e-02 9.824621e-01 -1.606584e-01 -6.232112e-01 1.542352e-01 1.449634e-01 9.773419e-01 3.539421e+00
9.948517e-01 5.322042e-02 8.624143e-02 4.067794e+00 -6.829199e-02 9.808286e-01 1.825143e-01 -6.260474e-01 -7.487457e-02 -1.874643e-01 9.794136e-01 3.538573e+00
9.909928e-01 -1.321496e-01 -2.167549e-02 4.004233e+00 1.278212e-01 9.816942e-01 -1.412026e-01 -6.262809e-01 3.993857e-02 1.371601e-01 9.897434e-01 3.749760e+00
9.970324e-01 7.296024e-02 -2.455843e-02 3.920896e+00 -6.740223e-02 9.814650e-01 1.793971e-01 -6.228140e-01 3.719210e-02 -1.772095e-01 9.834702e-01 3.933163e+00
9.910591e-01 -1.269453e-01 -4.106912e-02 3.827388e+00 1.197897e-01 9.821384e-01 -1.451019e-01 -6.169987e-01 5.875557e-02 1.388849e-01 9.885640e-01 4.185953e+00
9.943519e-01 5.269870e-02 9.212538e-02 3.770786e+00 -6.846417e-02 9.817605e-01 1.773667e-01 -6.149142e-01 -8.109807e-02 -1.826723e-01 9.798234e-01 4.473718e+00
9.915261e-01 -1.288325e-01 -1.667703e-02 3.700529e+00 1.252591e-01 9.821705e-01 -1.401833e-01 -6.158856e-01 3.443985e-02 1.369065e-01 9.899851e-01 4.631706e+00
9.897138e-01 9.202557e-02 1.095350e-01 3.608260e+00 -1.067098e-01 9.848375e-01 1.367774e-01 -6.198827e-01 -9.528717e-02 -1.470590e-01 9.845273e-01 4.608071e+00
9.890471e-01 -1.322447e-01 6.555261e-02 3.563365e+00 1.407799e-01 9.786498e-01 -1.497520e-01 -6.356583e-01 -4.434914e-02 1.573403e-01 9.865481e-01 4.322482e+00
9.921813e-01 1.053884e-01 6.685504e-02 3.538544e+00 -1.128214e-01 9.864150e-01 1.194018e-01 -6.517809e-01 -5.336324e-02 -1.260110e-01 9.905926e-01 3.903492e+00
9.882823e-01 -1.373294e-01 6.662369e-02 3.532494e+00 1.450777e-01 9.807933e-01 -1.303728e-01 -6.675677e-01 -4.744004e-02 1.385108e-01 9.892240e-01 3.657665e+00
9.931806e-01 1.141735e-01 2.359379e-02 3.464923e+00 -1.162591e-01 9.850449e-01 1.271630e-01 -6.773368e-01 -8.722300e-03 -1.290388e-01 9.916012e-01 3.418378e+00
9.811943e-01 -1.930203e-01 9.828401e-04 3.372560e+00 1.925752e-01 9.785595e-01 -7.304843e-02 -6.716003e-01 1.313806e-02 7.186397e-02 9.973279e-01 3.761653e+00
9.893696e-01 1.243876e-01 7.533552e-02 3.307829e+00 -1.321663e-01 9.852144e-01 1.090168e-01 -6.678979e-01 -6.066130e-02 -1.178148e-01 9.911811e-01 4.103552e+00
9.796767e-01 -1.997362e-01 -1.841188e-02 3.215170e+00 1.983326e-01 9.783070e-01 -5.983000e-02 -6.654933e-01 2.996269e-02 5.496238e-02 9.980388e-01 4.349197e+00
9.846026e-01 1.516758e-01 8.690331e-02 3.130568e+00 -1.576934e-01 9.852037e-01 6.713027e-02 -6.664262e-01 -7.543543e-02 -7.980072e-02 9.939524e-01 4.476992e+00
9.501287e-01 -2.217005e-01 2.193270e-01 3.311793e+00 2.180607e-01 9.750743e-01 4.098327e-02 -6.834891e-01 -2.229462e-01 8.887222e-03 9.747902e-01 4.852248e+00
9.792407e-01 1.711550e-01 1.085983e-01 3.536539e+00 -1.808611e-01 9.796665e-01 8.684961e-02 -7.007733e-01 -9.152542e-02 -1.046879e-01 9.902846e-01 5.383941e+00
9.766461e-01 -2.130193e-01 -2.801983e-02 3.449286e+00 2.107055e-01 9.751123e-01 -6.898760e-02 -7.040083e-01 4.201817e-02 6.147254e-02 9.972239e-01 5.417423e+00
9.816751e-01 1.638926e-01 9.722765e-02 3.355022e+00 -1.715973e-01 9.821547e-01 7.698332e-02 -7.043695e-01 -8.287561e-02 -9.225661e-02 9.922804e-01 5.539345e+00
9.819364e-01 -1.863353e-01 -3.286516e-02 3.298652e+00 1.833054e-01 9.798850e-01 -7.889611e-02 -7.127736e-01 4.690521e-02 7.144660e-02 9.963409e-01 5.396823e+00
9.855784e-01 1.545487e-01 6.891949e-02 3.269707e+00 -1.591093e-01 9.850209e-01 6.646881e-02 -7.220010e-01 -5.761447e-02 -7.647596e-02 9.954054e-01 5.261099e+00
9.814340e-01 -1.915856e-01 -9.070981e-03 3.278196e+00 1.896289e-01 9.763339e-01 -1.039858e-01 -7.395391e-01 2.877849e-02 1.003351e-01 9.945374e-01 4.849488e+00
9.835120e-01 1.500427e-01 1.009525e-01 3.191604e+00 -1.600593e-01 9.820543e-01 9.975197e-02 -7.457233e-01 -8.417380e-02 -1.142656e-01 9.898778e-01 4.735214e+00
9.683575e-01 -2.342996e-01 -8.595075e-02 3.063314e+00 2.283771e-01 9.708026e-01 -7.339120e-02 -7.382820e-01 1.006367e-01 5.143974e-02 9.935926e-01 5.019705e+00
9.652859e-01 2.090744e-01 1.565599e-01 2.964604e+00 -2.142607e-01 9.766316e-01 1.682511e-02 -7.457182e-01 -1.493837e-01 -4.978568e-02 9.875251e-01 4.831524e+00
9.688031e-01 -2.415820e-01 -5.530546e-02 2.896682e+00 2.394578e-01 9.699822e-01 -4.236180e-02 -7.566525e-01 6.387916e-02 2.779692e-02 9.975704e-01 4.614302e+00
9.617337e-01 2.176219e-01 1.664599e-01 2.859437e+00 -2.143887e-01 9.760331e-01 -3.737472e-02 -7.744033e-01 -1.706039e-01 2.574088e-04 9.853397e-01 4.152847e+00
9.658725e-01 -2.220381e-01 -1.333769e-01 2.779747e+00 2.237553e-01 9.746430e-01 -2.165575e-03 -7.851149e-01 1.304757e-01 -2.775210e-02 9.910630e-01 3.805733e+00
9.741002e-01 2.134895e-01 -7.450451e-02 3.558760e+00 -1.972676e-01 9.634097e-01 1.814586e-01 -8.165775e-01 1.105179e-01 -1.620615e-01 9.805722e-01 4.051580e+00
9.802604e-01 -1.688034e-01 -1.029318e-01 4.163158e+00 1.780840e-01 9.799994e-01 8.881063e-02 -8.342855e-01 8.588157e-02 -1.053880e-01 9.907158e-01 4.673436e+00
9.863839e-01 1.444331e-01 7.865017e-02 4.056290e+00 -1.346012e-01 9.837848e-01 -1.185330e-01 -8.380193e-01 -9.449493e-02 1.063326e-01 9.898303e-01 4.584420e+00
9.864729e-01 -1.629996e-01 -1.738901e-02 4.010614e+00 1.638549e-01 9.835829e-01 7.560638e-02 -8.545527e-01 4.779722e-03 -7.743292e-02 9.969861e-01 4.084496e+00
9.874372e-01 1.545085e-01 3.308874e-02 3.939392e+00 -1.511860e-01 9.847178e-01 -8.645073e-02 -8.636266e-01 -4.594044e-02 8.036211e-02 9.957065e-01 3.843584e+00
9.762197e-01 -1.814068e-01 1.186874e-01 3.880710e+00 1.763914e-01 9.829684e-01 5.156706e-02 -8.823961e-01 -1.260205e-01 -2.940534e-02 9.915917e-01 3.389631e+00
9.903321e-01 1.368413e-01 2.273193e-02 3.868347e+00 -1.325716e-01 9.819009e-01 -1.352607e-01 -9.061958e-01 -4.082976e-02 1.309394e-01 9.905492e-01 2.648761e+00
9.771163e-01 -1.701374e-01 1.276597e-01 3.859411e+00 1.610355e-01 9.838143e-01 7.859343e-02 -9.287576e-01 -1.389652e-01 -5.623718e-02 9.886992e-01 1.980811e+00
9.896551e-01 1.261776e-01 6.827822e-02 3.851964e+00 -1.126928e-01 9.782189e-01 -1.743217e-01 -9.553251e-01 -8.878655e-02 1.648239e-01 9.823187e-01 1.222938e+00
9.815342e-01 -1.537554e-01 1.137972e-01 3.833153e+00 1.415618e-01 9.839694e-01 1.084639e-01 -9.788392e-01 -1.286498e-01 -9.035169e-02 9.875656e-01 5.147230e-01
9.918496e-01 1.130955e-01 5.868332e-02 3.821170e+00 -9.867535e-02 9.731894e-01 -2.077633e-01 -1.005383e+00 -8.060708e-02 2.002794e-01 9.764173e-01 -2.613791e-01
9.760158e-01 -1.412117e-01 1.656880e-01 3.838837e+00 1.254140e-01 9.868195e-01 1.022671e-01 -1.034908e+00 -1.779454e-01 -7.903471e-02 9.808613e-01 -1.200317e+00
9.967395e-01 7.421384e-02 3.166487e-02 3.845621e+00 -6.634021e-02 9.771501e-01 -2.019322e-01 -1.060947e+00 -4.592750e-02 1.991731e-01 9.788875e-01 -2.000747e+00
9.753495e-01 -1.017980e-01 1.957817e-01 3.857533e+00 7.960478e-02 9.898081e-01 1.180807e-01 -1.087954e+00 -2.058067e-01 -9.958475e-02 9.735124e-01 -2.792832e+00
9.993876e-01 2.637778e-02 2.299404e-02 3.875466e+00 -2.078290e-02 9.760771e-01 -2.164291e-01 -1.115074e+00 -2.815288e-02 2.158187e-01 9.760275e-01 -3.602598e+00
9.735941e-01 -5.125010e-02 2.224590e-01 3.886657e+00 2.607143e-02 9.930604e-01 1.146794e-01 -1.143708e+00 -2.267926e-01 -1.058513e-01 9.681739e-01 -4.475787e+00
9.994957e-01 -3.108463e-02 -6.494617e-03 3.909308e+00 2.878834e-02 9.732684e-01 -2.278595e-01 -1.173651e+00 1.340393e-02 2.275576e-01 9.736724e-01 -5.433870e+00
9.617948e-01 -1.806278e-02 2.731749e-01 4.029135e+00 -9.237614e-03 9.951118e-01 9.832225e-02 -1.210206e+00 -2.736156e-01 -9.708931e-02 9.569264e-01 -6.445191e+00
9.912123e-01 -1.015921e-01 -8.471824e-02 4.312167e+00 7.865966e-02 9.675858e-01 -2.399800e-01 -1.249967e+00 1.063522e-01 2.312072e-01 9.670742e-01 -7.429070e+00
9.464375e-01 5.319425e-02 3.184753e-01 4.409047e+00 -8.077566e-02 9.939797e-01 7.402491e-02 -1.282551e+00 -3.126203e-01 -9.578500e-02 9.450364e-01 -8.376439e+00
9.876350e-01 -1.373745e-01 -7.553410e-02 4.403902e+00 1.193861e-01 9.713352e-01 -2.055600e-01 -1.313138e+00 1.016076e-01 1.940005e-01 9.757252e-01 -9.391596e+00
9.359757e-01 1.099236e-01 3.344643e-01 4.428402e+00 -1.290645e-01 9.910013e-01 3.547979e-02 -1.343543e+00 -3.275544e-01 -7.637567e-02 9.417403e-01 -1.033316e+01
9.748803e-01 -2.022045e-01 -9.339071e-02 4.433845e+00 1.852417e-01 9.688934e-01 -1.641071e-01 -1.371581e+00 1.236688e-01 1.426849e-01 9.820117e-01 -1.127480e+01
9.322007e-01 1.618087e-01 3.237589e-01 4.444908e+00 -1.700699e-01 9.854280e-01 -2.815561e-03 -1.398114e+00 -3.194967e-01 -5.243696e-02 9.461354e-01 -1.207534e+01
9.688955e-01 -2.390473e-01 -6.401430e-02 4.469303e+00 2.312715e-01 9.667057e-01 -1.095150e-01 -1.426192e+00 8.806226e-02 9.130393e-02 9.919217e-01 -1.291326e+01
9.609388e-01 2.081466e-01 1.824049e-01 4.415482e+00 -2.181064e-01 9.752559e-01 3.613194e-02 -1.442215e+00 -1.703707e-01 -7.450426e-02 9.825594e-01 -1.346320e+01
9.619049e-01 -2.657338e-01 6.422158e-02 4.396677e+00 2.700523e-01 9.601560e-01 -7.191756e-02 -1.462974e+00 -4.255181e-02 8.652104e-02 9.953409e-01 -1.396884e+01
9.694598e-01 2.335009e-01 7.499985e-02 4.372330e+00 -2.350664e-01 9.718970e-01 1.264808e-02 -1.480760e+00 -6.993879e-02 -2.989175e-02 9.971033e-01 -1.441794e+01
9.535255e-01 -2.647555e-01 1.438531e-01 4.359977e+00 2.718880e-01 9.617948e-01 -3.205826e-02 -1.504303e+00 -1.298695e-01 6.968030e-02 9.890797e-01 -1.502955e+01
9.724514e-01 2.210771e-01 7.391269e-02 4.306376e+00 -2.182834e-01 9.748906e-01 -4.405205e-02 -1.524452e+00 -8.179569e-02 2.670457e-02 9.962913e-01 -1.566993e+01
9.695606e-01 -2.447575e-01 6.790777e-03 4.204212e+00 2.448456e-01 9.693582e-01 -1.988062e-02 -1.537974e+00 -1.716766e-03 2.093816e-02 9.997793e-01 -1.609908e+01
9.708975e-01 2.274081e-01 7.512427e-02 4.132296e+00 -2.239310e-01 9.732187e-01 -5.196416e-02 -1.553937e+00 -8.492942e-02 3.362921e-02 9.958193e-01 -1.663481e+01
9.614581e-01 -2.586916e-01 -9.315008e-02 3.931920e+00 2.629555e-01 9.641119e-01 3.664080e-02 -1.547890e+00 8.032844e-02 -5.972292e-02 9.949776e-01 -1.661929e+01
9.635072e-01 2.619821e-01 5.494842e-02 3.742669e+00 -2.560729e-01 9.618887e-01 -9.589986e-02 -1.546608e+00 -7.797832e-02 7.832940e-02 9.938732e-01 -1.678983e+01
9.579076e-01 -2.855632e-01 2.943858e-02 3.655633e+00 2.841951e-01 9.577864e-01 4.334081e-02 -1.561040e+00 -4.057241e-02 -3.315020e-02 9.986265e-01 -1.726523e+01
9.671879e-01 2.452129e-01 6.646988e-02 3.637102e+00 -2.344337e-01 9.622153e-01 -1.385011e-01 -1.582142e+00 -9.792058e-02 1.183738e-01 9.881291e-01 -1.790187e+01
9.631019e-01 -2.679684e-01 2.505415e-02 3.611909e+00 2.644202e-01 9.594657e-01 9.750632e-02 -1.600985e+00 -5.016721e-02 -8.728370e-02 9.949195e-01 -1.847252e+01
9.815918e-01 1.821186e-01 5.753550e-02 3.475315e+00 -1.781467e-01 9.816543e-01 -6.795974e-02 -1.598640e+00 -6.885671e-02 5.645897e-02 9.960277e-01 -1.832554e+01
9.601649e-01 -2.778066e-01 3.011489e-02 3.284090e+00 2.728267e-01 9.552987e-01 1.138858e-01 -1.583338e+00 -6.040695e-02 -1.011330e-01 9.930373e-01 -1.783922e+01
9.288670e-01 2.307135e-01 2.897884e-01 3.162451e+00 -1.465242e-01 9.473836e-01 -2.845961e-01 -1.604964e+00 -3.402010e-01 2.218909e-01 9.137985e-01 -1.835477e+01
9.524765e-01 -2.124748e-01 2.182727e-01 3.087620e+00 1.699740e-01 9.653532e-01 1.979952e-01 -1.640411e+00 -2.527792e-01 -1.514851e-01 9.555914e-01 -1.933279e+01
9.353431e-01 1.076797e-01 3.369547e-01 3.011061e+00 2.963812e-02 9.253393e-01 -3.779798e-01 -1.678062e+00 -3.524982e-01 3.635275e-01 8.623183e-01 -2.031513e+01
9.736971e-01 -7.381130e-02 2.155594e-01 3.021857e+00 1.372156e-02 9.633525e-01 2.678875e-01 -1.712619e+00 -2.274328e-01 -2.578834e-01 9.390263e-01 -2.115745e+01
8.827612e-01 -1.122018e-01 4.562274e-01 3.084605e+00 2.491505e-01 9.350722e-01 -2.521191e-01 -1.741998e+00 -3.983173e-01 3.362302e-01 8.534006e-01 -2.150643e+01
9.726512e-01 1.783534e-01 -1.487942e-01 3.075649e+00 -1.373741e-01 9.582808e-01 2.506515e-01 -1.764016e+00 1.872911e-01 -2.233560e-01 9.565742e-01 -2.200222e+01
9.743311e-01 -1.517561e-01 1.662796e-01 3.026902e+00 1.929776e-01 9.433856e-01 -2.697836e-01 -1.777760e+00 -1.159245e-01 2.949468e-01 9.484555e-01 -2.254021e+01
9.744451e-01 1.723478e-01 -1.440587e-01 2.973014e+00 -1.309611e-01 9.569522e-01 2.590207e-01 -1.790206e+00 1.824990e-01 -2.335354e-01 9.550682e-01 -2.305178e+01
9.485637e-01 -1.918070e-01 2.518669e-01 2.824522e+00 2.478054e-01 9.449602e-01 -2.136416e-01 -1.787811e+00 -1.970262e-01 2.650666e-01 9.438858e-01 -2.304059e+01
9.724200e-01 1.903865e-01 -1.347304e-01 2.708145e+00 -1.507772e-01 9.538589e-01 2.596527e-01 -1.787727e+00 1.779481e-01 -2.321772e-01 9.562574e-01 -2.298719e+01
9.569649e-01 -1.906288e-01 2.188124e-01 2.724366e+00 2.453470e-01 9.341448e-01 -2.591878e-01 -1.805606e+00 -1.549938e-01 3.017186e-01 9.407140e-01 -2.349446e+01
9.710904e-01 1.960973e-01 -1.361223e-01 2.733322e+00 -1.554164e-01 9.521965e-01 2.629974e-01 -1.822416e+00 1.811883e-01 -2.342386e-01 9.551456e-01 -2.399781e+01
9.139942e-01 -2.365099e-01 3.296630e-01 2.664702e+00 3.022492e-01 9.389527e-01 -1.643570e-01 -1.825849e+00 -2.706658e-01 2.498618e-01 9.296823e-01 -2.390809e+01
9.754409e-01 2.183802e-01 -2.872616e-02 2.635335e+00 -2.062212e-01 9.512810e-01 2.292103e-01 -1.830107e+00 7.738164e-02 -2.176572e-01 9.729530e-01 -2.367115e+01
8.216521e-01 -2.874997e-01 4.921704e-01 2.704606e+00 3.711326e-01 9.252020e-01 -7.913234e-02 -1.846906e+00 -4.326065e-01 2.476797e-01 8.668947e-01 -2.352911e+01
9.593237e-01 2.544175e-01 1.223511e-01 2.821906e+00 -2.627961e-01 9.631184e-01 5.780342e-02 -1.872402e+00 -1.031324e-01 -8.760557e-02 9.908022e-01 -2.360131e+01
7.792887e-01 -3.839758e-01 4.952491e-01 2.973502e+00 3.872280e-01 9.164134e-01 1.011979e-01 -1.899533e+00 -4.927105e-01 1.129119e-01 8.628368e-01 -2.366587e+01
9.596334e-01 2.663973e-01 9.020095e-02 3.081911e+00 -2.526188e-01 9.573896e-01 -1.399602e-01 -1.926925e+00 -1.236425e-01 1.115241e-01 9.860400e-01 -2.378675e+01
8.575939e-01 -3.405908e-01 3.853966e-01 3.140436e+00 2.811882e-01 9.379024e-01 2.031559e-01 -1.954029e+00 -4.306575e-01 -6.585629e-02 9.001095e-01 -2.415733e+01
9.846181e-01 1.720900e-01 -3.020473e-02 3.186939e+00 -1.741764e-01 9.531385e-01 -2.473652e-01 -1.980312e+00 -1.377979e-02 2.488212e-01 9.684514e-01 -2.463557e+01
8.616544e-01 -2.489889e-01 4.422173e-01 3.230321e+00 1.457745e-01 9.560816e-01 2.542789e-01 -2.007109e+00 -4.861085e-01 -1.546365e-01 8.601082e-01 -2.511845e+01
9.883286e-01 2.987411e-02 1.493794e-01 3.311316e+00 1.352761e-02 9.594981e-01 -2.813902e-01 -2.036409e+00 -1.517355e-01 2.801267e-01 9.478952e-01 -2.539421e+01
8.726166e-01 -9.121978e-02 4.798116e-01 3.402342e+00 -2.916158e-02 9.709198e-01 2.376224e-01 -2.065514e+00 -4.875344e-01 -2.213453e-01 8.445806e-01 -2.564976e+01
9.538996e-01 -1.704118e-01 2.470534e-01 3.532593e+00 2.251374e-01 9.506358e-01 -2.135525e-01 -2.097660e+00 -1.984660e-01 2.593286e-01 9.451772e-01 -2.587305e+01
9.013944e-01 1.174985e-01 4.167519e-01 3.633253e+00 -1.728167e-01 9.801212e-01 9.745191e-02 -2.127741e+00 -3.970169e-01 -1.598643e-01 9.037815e-01 -2.615357e+01
9.263604e-01 -2.823221e-01 2.493001e-01 3.744280e+00 3.067079e-01 9.496320e-01 -6.425969e-02 -2.160090e+00 -2.186014e-01 1.359900e-01 9.662920e-01 -2.650731e+01
9.109917e-01 1.974314e-01 3.620979e-01 3.851110e+00 -1.869015e-01 9.802742e-01 -6.426760e-02 -2.191297e+00 -3.676437e-01 -9.129387e-03 9.299219e-01 -2.684072e+01
9.548273e-01 -2.897860e-01 6.579478e-02 3.943480e+00 2.853056e-01 9.558967e-01 6.972987e-02 -2.218156e+00 -8.309975e-02 -4.780837e-02 9.953938e-01 -2.717361e+01
9.572911e-01 2.017428e-01 2.071077e-01 4.013244e+00 -1.714275e-01 9.728784e-01 -1.553066e-01 -2.242313e+00 -2.328226e-01 1.131697e-01 9.659121e-01 -2.757372e+01
9.669829e-01 -2.533415e-01 -2.760633e-02 4.082355e+00 2.546066e-01 9.557612e-01 1.472954e-01 -2.263455e+00 -1.093098e-02 -1.494609e-01 9.887072e-01 -2.793384e+01
9.734624e-01 1.881596e-01 1.302570e-01 4.147996e+00 -1.625290e-01 9.691459e-01 -1.853119e-01 -2.282857e+00 -1.611062e-01 1.592237e-01 9.740085e-01 -2.823937e+01
9.717448e-01 -2.337808e-01 -3.253766e-02 4.248112e+00 2.356917e-01 9.536477e-01 1.870973e-01 -2.301850e+00 -1.271027e-02 -1.894797e-01 9.818024e-01 -2.848035e+01
9.731584e-01 1.551186e-01 1.700028e-01 4.382186e+00 -1.247445e-01 9.763178e-01 -1.767553e-01 -2.319537e+00 -1.933948e-01 1.508040e-01 9.694620e-01 -2.849153e+01
9.816716e-01 -1.887720e-01 -2.619016e-02 4.474662e+00 1.901954e-01 9.616671e-01 1.975402e-01 -2.336995e+00 -1.210384e-02 -1.989008e-01 9.799449e-01 -2.858648e+01
9.886813e-01 1.234613e-01 8.524435e-02 4.576242e+00 -1.115081e-01 9.848179e-01 -1.330398e-01 -2.349761e+00 -1.003754e-01 1.220285e-01 9.874380e-01 -2.845915e+01
9.849411e-01 -1.724636e-01 -1.214213e-02 4.675343e+00 1.693560e-01 9.482948e-01 2.684317e-01 -2.356999e+00 -3.478038e-02 -2.664458e-01 9.632222e-01 -2.802643e+01
9.927302e-01 9.603540e-02 7.255255e-02 4.751712e+00 -8.267075e-02 9.821634e-01 -1.688804e-01 -2.362205e+00 -8.747696e-02 1.616548e-01 9.829626e-01 -2.760990e+01
9.862591e-01 -1.538418e-01 6.021344e-02 4.865720e+00 1.307953e-01 9.497777e-01 2.842797e-01 -2.371964e+00 -1.009235e-01 -2.724978e-01 9.568487e-01 -2.724690e+01
9.937924e-01 6.031941e-02 9.347858e-02 4.953499e+00 -3.794112e-02 9.736415e-01 -2.249059e-01 -2.382773e+00 -1.045808e-01 2.199631e-01 9.698861e-01 -2.701902e+01
9.935576e-01 -1.044147e-01 4.405555e-02 5.038062e+00 8.652899e-02 9.499803e-01 3.000836e-01 -2.394541e+00 -7.318504e-02 -2.943382e-01 9.528950e-01 -2.682732e+01
9.979194e-01 2.930705e-02 5.742791e-02 5.160203e+00 -1.693639e-02 9.785941e-01 -2.051017e-01 -2.405836e+00 -6.220954e-02 2.037023e-01 9.770544e-01 -2.652786e+01
9.977336e-01 -6.717650e-02 3.863152e-03 5.282637e+00 6.273965e-02 9.495130e-01 3.073903e-01 -2.416720e+00 -2.431752e-02 -3.064513e-01 9.515757e-01 -2.626886e+01
9.960375e-01 1.203306e-03 8.892625e-02 5.384838e+00 2.217665e-02 9.649618e-01 -2.614517e-01 -2.431622e+00 -8.612504e-02 2.623878e-01 9.611114e-01 -2.625796e+01
9.878501e-01 -5.399764e-02 1.457272e-01 5.489588e+00 9.012123e-03 9.560231e-01 2.931530e-01 -2.450094e+00 -1.551481e-01 -2.882779e-01 9.448941e-01 -2.633474e+01
9.817921e-01 -9.269303e-02 1.658078e-01 5.646421e+00 1.305739e-01 9.632685e-01 -2.346579e-01 -2.470397e+00 -1.379663e-01 2.520355e-01 9.578327e-01 -2.630729e+01
9.712960e-01 4.485872e-02 2.336060e-01 5.778897e+00 -9.766395e-02 9.706722e-01 2.196754e-01 -2.493932e+00 -2.169005e-01 -2.361848e-01 9.471911e-01 -2.644281e+01
9.643171e-01 -1.896867e-01 1.846928e-01 5.860686e+00 2.272943e-01 9.508790e-01 -2.101580e-01 -2.518848e+00 -1.357563e-01 2.446386e-01 9.600636e-01 -2.677409e+01
9.446199e-01 1.445626e-01 2.946096e-01 5.951328e+00 -1.891996e-01 9.734303e-01 1.289843e-01 -2.545789e+00 -2.681356e-01 -1.775811e-01 9.468729e-01 -2.710430e+01
9.408485e-01 -2.985644e-01 1.601981e-01 6.088826e+00 3.139883e-01 9.459604e-01 -8.105745e-02 -2.571387e+00 -1.273402e-01 1.265631e-01 9.837511e-01 -2.731861e+01
8.765163e-01 1.868537e-01 4.436270e-01 6.285380e+00 -1.953763e-01 9.803594e-01 -2.689947e-02 -2.598661e+00 -4.399402e-01 -6.309638e-02 8.958077e-01 -2.730952e+01
9.343670e-01 -3.129434e-01 1.703665e-01 6.426639e+00 3.035741e-01 9.495103e-01 7.920171e-02 -2.627640e+00 -1.865504e-01 -2.228460e-02 9.821926e-01 -2.745663e+01
9.351784e-01 2.114314e-01 2.841446e-01 6.505982e+00 -1.548713e-01 9.656175e-01 -2.088006e-01 -2.657799e+00 -3.185220e-01 1.512600e-01 9.357693e-01 -2.791977e+01
9.679213e-01 -2.468245e-01 4.696853e-02 6.557136e+00 2.370629e-01 9.590895e-01 1.547534e-01 -2.685209e+00 -8.324395e-02 -1.386546e-01 9.868360e-01 -2.852956e+01
9.230356e-01 1.542311e-01 3.524458e-01 6.612644e+00 -5.475337e-02 9.594624e-01 -2.764670e-01 -2.713585e+00 -3.807983e-01 2.358913e-01 8.940626e-01 -2.903693e+01
9.374150e-01 -1.878296e-01 2.932117e-01 6.739588e+00 1.128463e-01 9.604680e-01 2.544935e-01 -2.748133e+00 -3.294219e-01 -2.054781e-01 9.215530e-01 -2.949407e+01
9.181411e-01 1.222174e-01 -3.769348e-01 7.926490e+00 -1.357162e-01 9.907036e-01 -9.352893e-03 -2.796917e+00 3.722876e-01 5.974343e-02 9.261926e-01 -2.931158e+01
9.965185e-01 -7.434525e-02 3.773179e-02 9.129951e+00 5.624860e-02 9.335791e-01 3.539296e-01 -2.837814e+00 -6.153860e-02 -3.505750e-01 9.345106e-01 -2.878825e+01
9.983138e-01 4.288741e-02 3.911703e-02 9.520618e+00 -3.144840e-02 9.660233e-01 -2.565344e-01 -2.863402e+00 -4.879006e-02 2.548717e-01 9.657432e-01 -2.866010e+01
9.967918e-01 -7.958111e-02 8.545759e-03 9.719420e+00 7.344900e-02 9.519211e-01 2.974081e-01 -2.883380e+00 -3.180295e-02 -2.958262e-01 9.547122e-01 -2.872706e+01
9.932546e-01 2.010692e-02 1.141975e-01 9.879735e+00 1.584974e-02 9.520642e-01 -3.054874e-01 -2.906899e+00 -1.148658e-01 3.052367e-01 9.453234e-01 -2.900763e+01
9.916818e-01 -5.812043e-02 1.148441e-01 9.985307e+00 1.768499e-02 9.453101e-01 3.256932e-01 -2.926983e+00 -1.274927e-01 -3.209530e-01 9.384747e-01 -2.918984e+01
9.958528e-01 -2.971301e-02 8.599011e-02 1.006391e+01 5.562956e-02 9.467577e-01 -3.171043e-01 -2.944378e+00 -7.198968e-02 3.205728e-01 9.444843e-01 -2.926573e+01
9.974936e-01 -2.972485e-02 6.421085e-02 1.014963e+01 3.387814e-03 9.265026e-01 3.762732e-01 -2.956992e+00 -7.067618e-02 -3.751126e-01 9.242810e-01 -2.914363e+01
9.990534e-01 -3.791149e-02 -2.133074e-02 1.036978e+01 3.078079e-02 9.625974e-01 -2.691818e-01 -2.969056e+00 3.073800e-02 2.682704e-01 9.628531e-01 -2.878551e+01
9.916874e-01 1.306550e-02 -1.280058e-01 1.139073e+01 3.894833e-02 9.176795e-01 3.954079e-01 -3.012418e+00 1.226345e-01 -3.971066e-01 9.095423e-01 -2.872956e+01
9.601824e-01 1.314694e-01 -2.465068e-01 1.249837e+01 -1.722171e-01 9.733048e-01 -1.517203e-01 -3.046518e+00 2.199797e-01 1.881318e-01 9.571914e-01 -2.853533e+01
9.208999e-01 -2.539140e-01 2.957551e-01 1.291982e+01 1.282998e-01 9.139039e-01 3.851217e-01 -3.070524e+00 -3.680795e-01 -3.167132e-01 8.741912e-01 -2.808542e+01
9.604646e-01 1.153796e-01 -2.533681e-01 1.311344e+01 -1.637166e-01 9.701655e-01 -1.788179e-01 -3.079790e+00 2.251770e-01 2.132288e-01 9.506991e-01 -2.749855e+01
9.875703e-01 -1.567310e-01 -1.184242e-02 1.381605e+01 1.530314e-01 9.415931e-01 2.999729e-01 -3.109192e+00 -3.586432e-02 -2.980566e-01 9.538742e-01 -2.734105e+01
9.880290e-01 1.541996e-01 -4.606494e-03 1.459426e+01 -1.530205e-01 9.758095e-01 -1.561428e-01 -3.145594e+00 -1.958209e-02 1.549785e-01 9.877238e-01 -2.714686e+01
9.722866e-01 -2.296489e-01 4.381905e-02 1.480205e+01 1.996268e-01 9.130439e-01 3.556682e-01 -3.153776e+00 -1.216875e-01 -3.370640e-01 9.335845e-01 -2.644514e+01
9.886147e-01 1.449470e-01 -4.038964e-02 1.499506e+01 -1.497881e-01 9.735330e-01 -1.726182e-01 -3.161578e+00 1.430015e-02 1.767027e-01 9.841604e-01 -2.581376e+01
9.767613e-01 -2.077178e-01 -5.282618e-02 1.518008e+01 2.141501e-01 9.357421e-01 2.802256e-01 -3.171985e+00 -8.776156e-03 -2.850262e-01 9.584795e-01 -2.553345e+01
9.883902e-01 1.518543e-01 -5.011790e-03 1.532500e+01 -1.486869e-01 9.599354e-01 -2.375211e-01 -3.181891e+00 -3.125759e-02 2.355087e-01 9.713695e-01 -2.533072e+01
9.752387e-01 -2.164735e-01 -4.526164e-02 1.544307e+01 2.190444e-01 9.172821e-01 3.325855e-01 -3.187838e+00 -3.047824e-02 -3.342645e-01 9.419864e-01 -2.491235e+01
9.849787e-01 1.702923e-01 -2.859037e-02 1.557502e+01 -1.725486e-01 9.643183e-01 -2.007914e-01 -3.195302e+00 -6.623018e-03 2.027085e-01 9.792167e-01 -2.447247e+01
9.714402e-01 -2.367151e-01 -1.642669e-02 1.573688e+01 2.244149e-01 8.940593e-01 3.876801e-01 -3.198710e+00 -7.708330e-02 -3.802945e-01 9.216476e-01 -2.367933e+01
9.819005e-01 1.831973e-01 -4.806429e-02 1.595696e+01 -1.893386e-01 9.557946e-01 -2.249614e-01 -3.206898e+00 4.727267e-03 2.299901e-01 9.731815e-01 -2.302808e+01
9.742957e-01 -2.135004e-01 -7.187104e-02 1.636968e+01 2.236562e-01 8.786007e-01 4.219464e-01 -3.224150e+00 -2.693976e-02 -4.271750e-01 9.037676e-01 -2.234475e+01
9.786922e-01 2.013209e-01 4.039260e-02 1.693370e+01 -1.830680e-01 9.446103e-01 -2.723920e-01 -3.255019e+00 -9.299348e-02 2.591934e-01 9.613381e-01 -2.178243e+01
9.717926e-01 -2.083950e-01 -1.104117e-01 1.734325e+01 2.350592e-01 8.178833e-01 5.251800e-01 -3.266462e+00 -1.914104e-02 -5.363193e-01 8.437981e-01 -2.061302e+01
9.797640e-01 1.832285e-01 -8.055986e-02 1.748800e+01 -2.001532e-01 8.946302e-01 -3.994691e-01 -3.268659e+00 -1.122830e-03 4.075097e-01 9.132002e-01 -2.004046e+01
9.732403e-01 -2.183187e-01 -7.169537e-02 1.781548e+01 2.194440e-01 7.904621e-01 5.718513e-01 -3.283573e+00 -6.817334e-02 -5.722819e-01 8.172184e-01 -1.932430e+01
9.826725e-01 1.568815e-01 9.870629e-02 1.840533e+01 -1.212687e-01 9.469198e-01 -2.977192e-01 -3.308120e+00 -1.401736e-01 2.805905e-01 9.495369e-01 -1.807764e+01
9.847493e-01 -1.588793e-01 -7.089506e-02 1.881819e+01 1.708106e-01 8.054890e-01 5.674603e-01 -3.320517e+00 -3.305248e-02 -5.709158e-01 8.203430e-01 -1.684023e+01
9.868950e-01 7.528214e-02 1.427266e-01 1.905355e+01 -1.450578e-02 9.223103e-01 -3.861777e-01 -3.325951e+00 -1.607105e-01 3.790465e-01 9.113155e-01 -1.584656e+01
9.977750e-01 -6.529724e-02 -1.346619e-02 1.928789e+01 6.047719e-02 8.014038e-01 5.950584e-01 -3.333739e+00 -2.806382e-02 -5.945487e-01 8.035697e-01 -1.488100e+01
9.945292e-01 -5.788845e-03 1.042984e-01 1.961543e+01 4.638242e-02 9.191093e-01 -3.912630e-01 -3.345439e+00 -9.359664e-02 3.939601e-01 9.143496e-01 -1.394485e+01
9.990470e-01 -1.677202e-02 4.029635e-02 1.993450e+01 -1.189903e-02 7.835985e-01 6.211536e-01 -3.353739e+00 -4.199416e-02 -6.210411e-01 7.826522e-01 -1.280219e+01
9.962622e-01 -8.628592e-02 4.051549e-03 2.027360e+01 8.179861e-02 9.273001e-01 -3.652717e-01 -3.361338e+00 2.776080e-02 3.642378e-01 9.308921e-01 -1.163232e+01
9.876763e-01 -2.652976e-02 1.542456e-01 2.047698e+01 -7.285803e-02 7.942962e-01 6.031461e-01 -3.357351e+00 -1.385180e-01 -6.069511e-01 7.825747e-01 -1.026534e+01
9.893497e-01 -1.381518e-01 -4.583867e-02 2.058253e+01 1.115006e-01 9.217363e-01 -3.714429e-01 -3.336673e+00 9.356666e-02 3.623759e-01 9.273236e-01 -8.514348e+00
9.834714e-01 -3.464455e-02 1.777183e-01 2.059065e+01 -7.531933e-02 8.142927e-01 5.755470e-01 -3.302405e+00 -1.646543e-01 -5.794196e-01 7.982242e-01 -6.517840e+00
9.822340e-01 -1.202749e-01 -1.440497e-01 2.056892e+01 6.565932e-02 9.393540e-01 -3.366050e-01 -3.256749e+00 1.757988e-01 3.211667e-01 9.305626e-01 -4.100556e+00
9.663239e-01 -7.298490e-02 2.467617e-01 2.055247e+01 -7.396317e-02 8.396946e-01 5.379985e-01 -3.218149e+00 -2.464702e-01 -5.381321e-01 8.060188e-01 -1.978080e+00
9.692815e-01 -1.371514e-01 -2.041638e-01 2.056554e+01 4.055914e-02 9.078564e-01 -4.173148e-01 -3.199886e+00 2.425868e-01 3.962148e-01 8.855312e-01 -8.401486e-01
9.714235e-01 -7.720263e-02 2.244463e-01 2.056085e+01 -5.138943e-02 8.547820e-01 5.164367e-01 -3.193445e+00 -2.317229e-01 -5.132129e-01 8.263879e-01 -1.333791e-01
9.544629e-01 -1.383708e-01 -2.642991e-01 2.047710e+01 1.534068e-02 9.075225e-01 -4.197233e-01 -3.165283e+00 2.979348e-01 3.965558e-01 8.683193e-01 1.040673e+00
9.509321e-01 -1.183029e-01 2.858891e-01 2.033290e+01 -4.230092e-02 8.656244e-01 4.989038e-01 -3.139635e+00 -3.064944e-01 -4.865170e-01 8.181457e-01 2.141411e+00
9.738456e-01 1.426192e-02 -2.267629e-01 2.147639e+01 -9.482981e-03 9.997097e-01 2.215008e-02 -3.163445e+00 2.270130e-01 -1.942037e-02 9.736981e-01 4.760259e+00
8.911557e-01 -2.482263e-01 3.797699e-01 2.302025e+01 -5.321923e-02 7.740843e-01 6.308417e-01 -3.203115e+00 -4.505654e-01 -5.823892e-01 6.766192e-01 8.165464e+00
9.905302e-01 1.094710e-02 -1.368575e-01 2.372123e+01 -2.563847e-02 9.940301e-01 -1.060513e-01 -3.198675e+00 1.348796e-01 1.085559e-01 9.848975e-01 1.139295e+01
9.415001e-01 -2.280766e-01 2.481100e-01 2.396604e+01 9.627537e-02 8.875463e-01 4.505471e-01 -3.179214e+00 -3.229683e-01 -4.003032e-01 8.575831e-01 1.358138e+01
8.641832e-01 3.620140e-02 -5.018734e-01 2.371360e+01 -1.794117e-01 9.540209e-01 -2.401157e-01 -3.131479e+00 4.701052e-01 2.975459e-01 8.309438e-01 1.507128e+01
9.231797e-01 -3.217153e-01 2.103296e-01 2.339547e+01 2.338481e-01 9.043890e-01 3.569253e-01 -3.069363e+00 -3.050481e-01 -2.803210e-01 9.101460e-01 1.680663e+01
9.263670e-01 1.481405e-01 -3.462636e-01 2.321536e+01 -2.040369e-01 9.701866e-01 -1.307936e-01 -3.028412e+00 3.165645e-01 1.918134e-01 9.289750e-01 1.828864e+01
8.697860e-01 -3.469949e-01 3.508089e-01 2.318550e+01 2.177510e-01 9.079140e-01 3.581572e-01 -3.000835e+00 -4.427831e-01 -2.351311e-01 8.652494e-01 1.985766e+01
9.291074e-01 1.918459e-01 -3.161558e-01 2.325282e+01 -2.246512e-01 9.718894e-01 -7.044668e-02 -2.977747e+00 2.937536e-01 1.364773e-01 9.460881e-01 2.153350e+01
8.973131e-01 -3.547343e-01 2.626649e-01 2.318894e+01 2.874363e-01 9.212163e-01 2.621847e-01 -2.946245e+00 -3.349771e-01 -1.597624e-01 9.285830e-01 2.301243e+01
9.399347e-01 2.741463e-01 -2.033879e-01 2.326281e+01 -2.839180e-01 9.586411e-01 -1.994454e-02 -2.929185e+00 1.895083e-01 7.649205e-02 9.788951e-01 2.445103e+01
8.859320e-01 -4.098288e-01 2.171747e-01 2.354887e+01 3.169696e-01 8.768056e-01 3.615830e-01 -2.932982e+00 -3.386071e-01 -2.515001e-01 9.066934e-01 2.569589e+01
9.279991e-01 3.201443e-01 -1.905922e-01 2.373106e+01 -3.361405e-01 9.400457e-01 -5.765120e-02 -2.931820e+00 1.607087e-01 1.175660e-01 9.799750e-01 2.687863e+01
8.979645e-01 -4.191001e-01 1.342194e-01 2.378022e+01 3.790476e-01 8.915473e-01 2.479240e-01 -2.918675e+00 -2.235679e-01 -1.717514e-01 9.594367e-01 2.793933e+01
9.355195e-01 3.331789e-01 1.174525e-01 2.423445e+01 -3.456198e-01 9.320202e-01 1.090195e-01 -2.926344e+00 -7.314510e-02 -1.425838e-01 9.870763e-01 2.978294e+01
9.059998e-01 -4.214049e-01 -3.977788e-02 2.484435e+01 4.027431e-01 8.293151e-01 3.873428e-01 -2.926146e+00 -1.302398e-01 -3.669527e-01 9.210772e-01 3.239393e+01
9.406197e-01 3.348913e-01 5.551989e-02 2.520625e+01 -3.240099e-01 9.344969e-01 -1.474216e-01 -2.925124e+00 -1.012534e-01 1.206787e-01 9.875143e-01 3.390474e+01
9.232173e-01 -3.681946e-01 -1.100111e-01 2.532599e+01 3.830254e-01 9.047909e-01 1.861316e-01 -2.933286e+00 3.100441e-02 -2.139769e-01 9.763466e-01 3.425022e+01
9.336913e-01 2.936593e-01 2.049020e-01 2.539740e+01 -2.664215e-01 9.520465e-01 -1.504228e-01 -2.939102e+00 -2.392492e-01 8.585816e-02 9.671547e-01 3.474434e+01
9.415531e-01 -3.149414e-01 -1.195392e-01 2.554943e+01 3.367492e-01 8.892608e-01 3.095402e-01 -2.940025e+00 8.814517e-03 -3.317033e-01 9.433426e-01 3.569639e+01
9.536315e-01 2.709100e-01 1.311284e-01 2.576556e+01 -2.397223e-01 9.471108e-01 -2.133409e-01 -2.951023e+00 -1.819893e-01 1.720142e-01 9.681379e-01 3.624303e+01
9.388360e-01 -2.427884e-01 -2.442147e-01 2.611929e+01 2.919754e-01 9.372226e-01 1.906939e-01 -2.979562e+00 1.825852e-01 -2.503350e-01 9.507865e-01 3.608582e+01
9.413595e-01 2.163172e-01 2.589385e-01 2.643907e+01 -1.429670e-01 9.508691e-01 -2.746058e-01 -3.009092e+00 -3.056186e-01 2.214831e-01 9.260359e-01 3.588554e+01
9.415813e-01 -1.544395e-01 -2.992877e-01 2.657579e+01 2.470364e-01 9.207163e-01 3.020836e-01 -3.018644e+00 2.289054e-01 -3.583713e-01 9.050814e-01 3.618756e+01
9.325742e-01 1.488056e-01 3.288804e-01 2.667699e+01 -5.987514e-02 9.622257e-01 -2.655875e-01 -3.023851e+00 -3.559781e-01 2.279883e-01 9.062566e-01 3.668633e+01
9.776838e-01 -8.375706e-02 -1.926634e-01 2.681447e+01 1.588107e-01 8.950166e-01 4.168028e-01 -3.027334e+00 1.375268e-01 -4.380983e-01 8.883447e-01 3.754357e+01
9.628065e-01 6.925463e-02 2.611655e-01 2.688841e+01 2.887699e-02 9.346815e-01 -3.543116e-01 -3.031660e+00 -2.686443e-01 3.486751e-01 8.979175e-01 3.801142e+01
9.905522e-01 -4.852602e-03 -1.370501e-01 2.693956e+01 5.303684e-02 9.351644e-01 3.502208e-01 -3.051859e+00 1.264648e-01 -3.541807e-01 9.265866e-01 3.766316e+01
9.837663e-01 1.055463e-02 1.791438e-01 2.690958e+01 5.332836e-02 9.359776e-01 -3.479973e-01 -3.059761e+00 -1.713475e-01 3.519014e-01 9.202203e-01 3.765729e+01
9.850174e-01 -4.131981e-04 -1.724544e-01 2.690033e+01 7.201000e-02 9.096329e-01 4.091241e-01 -3.058528e+00 1.567011e-01 -4.154128e-01 8.960340e-01 3.799808e+01
9.781118e-01 5.400903e-02 2.009487e-01 2.689636e+01 3.681643e-02 9.055713e-01 -4.225934e-01 -3.073712e+00 -2.047973e-01 4.207418e-01 8.837615e-01 3.769717e+01
9.936587e-01 1.691349e-02 -1.111587e-01 2.691419e+01 3.092288e-02 9.093907e-01 4.147920e-01 -3.091527e+00 1.081023e-01 -4.155991e-01 9.031009e-01 3.735338e+01
9.988718e-01 -2.038497e-02 4.289105e-02 2.701313e+01 3.417359e-02 9.356984e-01 -3.511421e-01 -3.098784e+00 -3.297506e-02 3.522116e-01 9.353393e-01 3.761561e+01
9.902758e-01 4.493128e-03 -1.390457e-01 2.703646e+01 4.498465e-02 9.354420e-01 3.506060e-01 -3.107870e+00 1.316445e-01 -3.534515e-01 9.261435e-01 3.747338e+01
9.894390e-01 -4.861099e-02 1.365558e-01 2.702677e+01 7.684187e-02 9.747221e-01 -2.097906e-01 -3.096314e+00 -1.229059e-01 2.180682e-01 9.681634e-01 3.842625e+01
