9.999345e-01 2.075717e-04 -1.144129e-02 1.015281e-01 -1.769118e-04 9.999964e-01 2.680701e-03 3.135141e-03 1.144181e-02 -2.678502e-03 9.999310e-01 -4.308840e-01
9.999994e-01 4.380363e-04 -9.837632e-04 1.770803e-01 -4.373849e-04 9.999997e-01 6.621759e-04 1.620866e-02 9.840533e-04 -6.617445e-04 9.999993e-01 -1.157655e+00
9.999274e-01 -3.604666e-04 -1.204662e-02 2.625051e-01 3.894273e-04 9.999970e-01 2.401799e-03 2.471444e-02 1.204571e-02 -2.406317e-03 9.999246e-01 -1.717064e+00
9.999989e-01 4.548116e-04 1.383282e-03 3.357392e-01 -4.551247e-04 9.999999e-01 2.260805e-04 2.484072e-02 -1.383178e-03 -2.267091e-04 9.999990e-01 -2.019778e+00
9.999304e-01 -4.610747e-04 -1.178613e-02 3.374056e-01 4.843752e-04 9.999979e-01 1.974173e-03 2.316742e-02 1.178519e-02 -1.979745e-03 9.999286e-01 -2.132456e+00
9.999781e-01 3.242278e-04 6.615412e-03 3.873476e-01 -3.152555e-04 9.999990e-01 -1.357259e-03 6.742385e-03 -6.615845e-03 1.355144e-03 9.999772e-01 -1.576026e+00
9.998945e-01 -1.080760e-03 -1.448604e-02 4.153473e-01 1.120397e-03 9.999957e-01 2.728366e-03 -2.840370e-03 1.448303e-02 -2.744309e-03 9.998913e-01 -1.325878e+00
9.999837e-01 1.068202e-03 5.609189e-03 4.472718e-01 -1.059418e-03 9.999982e-01 -1.568889e-03 -8.288916e-03 -5.610855e-03 1.562922e-03 9.999830e-01 -1.256960e+00
9.999053e-01 -4.782571e-04 -1.375403e-02 5.180666e-01 5.225675e-04 9.999947e-01 3.218221e-03 -1.873899e-02 1.375241e-02 -3.225105e-03 9.999002e-01 -1.052243e+00
9.998979e-01 2.324993e-03 1.409600e-02 5.521321e-01 -2.302678e-03 9.999961e-01 -1.599074e-03 -4.273984e-02 -1.409966e-02 1.566453e-03 9.998994e-01 7.019170e-02
9.998444e-01 -2.744134e-03 -1.742334e-02 5.928201e-01 2.769475e-03 9.999951e-01 1.430455e-03 -6.231898e-02 1.741933e-02 -1.478487e-03 9.998472e-01 8.501634e-01
9.999086e-01 3.656255e-03 1.301300e-02 6.109165e-01 -3.665941e-03 9.999930e-01 7.205498e-04 -7.578205e-02 -1.301027e-02 -7.681881e-04 9.999151e-01 1.419042e+00
9.998643e-01 -3.115034e-03 -1.617837e-02 6.323397e-01 3.110933e-03 9.999951e-01 -2.786156e-04 -9.290346e-02 1.617916e-02 2.282472e-04 9.998691e-01 2.136066e+00
9.999694e-01 3.059309e-03 7.206741e-03 6.346531e-01 -3.073159e-03 9.999935e-01 1.911577e-03 -9.120979e-02 -7.200845e-03 -1.933665e-03 9.999722e-01 1.960106e+00
9.997921e-01 -2.823833e-03 -2.019376e-02 6.764924e-01 2.851160e-03 9.999951e-01 1.324591e-03 -7.972366e-02 2.018992e-02 -1.381892e-03 9.997952e-01 1.391709e+00
9.999610e-01 2.876280e-03 8.353000e-03 6.917086e-01 -2.889868e-03 9.999945e-01 1.615066e-03 -7.025230e-02 -8.348308e-03 -1.639142e-03 9.999638e-01 9.378315e-01
9.997834e-01 -2.600934e-03 -2.064797e-02 7.809513e-01 2.626928e-03 9.999958e-01 1.231881e-03 -6.309889e-02 2.064468e-02 -1.285856e-03 9.997860e-01 4.374206e-01
9.999538e-01 2.121940e-03 9.372385e-03 7.012186e-01 -2.133944e-03 9.999969e-01 1.270976e-03 -5.478484e-02 -9.369659e-03 -1.290916e-03 9.999553e-01 1.724626e-01
9.997684e-01 -1.988309e-03 -2.142658e-02 6.924223e-01 2.027528e-03 9.999963e-01 1.808842e-03 -4.311797e-02 2.142291e-02 -1.851866e-03 9.997688e-01 -3.383128e-01
9.999722e-01 2.144742e-03 7.142488e-03 6.608903e-01 -2.162181e-03 9.999947e-01 2.434786e-03 -1.976352e-02 -7.137228e-03 -2.450161e-03 9.999715e-01 -1.149913e+00
9.998040e-01 -1.427645e-03 -1.974644e-02 7.725276e-01 1.447709e-03 9.999985e-01 1.001844e-03 -6.759780e-03 1.974498e-02 -1.030235e-03 9.998045e-01 -1.933963e+00
9.999651e-01 1.917008e-03 8.129834e-03 9.094868e-01 -1.933969e-03 9.999960e-01 2.078904e-03 -3.201052e-03 -8.125816e-03 -2.094554e-03 9.999648e-01 -2.401841e+00
9.998099e-01 -1.324074e-03 -1.945437e-02 1.047714e+00 1.342728e-03 9.999987e-01 9.458211e-04 1.254376e-03 1.945309e-02 -9.717640e-04 9.998103e-01 -2.918455e+00
9.999680e-01 1.703321e-03 7.821134e-03 1.165731e+00 -1.717915e-03 9.999968e-01 1.859561e-03 5.269086e-03 -7.817942e-03 -1.872937e-03 9.999677e-01 -3.374397e+00
9.998188e-01 -1.522006e-03 -1.897724e-02 1.244544e+00 1.539378e-03 9.999984e-01 9.008239e-04 8.062622e-03 1.897584e-02 -9.298745e-04 9.998195e-01 -3.709782e+00
9.999744e-01 2.053382e-03 6.852379e-03 1.383556e+00 -2.066335e-03 9.999961e-01 1.883834e-03 1.239337e-02 -6.848483e-03 -1.897944e-03 9.999747e-01 -4.184494e+00
9.997959e-01 -1.020246e-03 -2.017521e-02 1.532414e+00 1.056881e-03 9.999978e-01 1.805289e-03 2.643798e-02 2.017332e-02 -1.826245e-03 9.997948e-01 -5.048478e+00
9.999833e-01 1.904225e-03 5.459457e-03 1.730912e+00 -1.915070e-03 9.999962e-01 1.981890e-03 3.808812e-02 -5.455662e-03 -1.992311e-03 9.999831e-01 -5.864782e+00
9.998592e-01 -1.007157e-03 -1.674732e-02 2.013708e+00 1.024300e-03 9.999990e-01 1.015052e-03 3.641880e-02 1.674628e-02 -1.032064e-03 9.998592e-01 -6.305786e+00
9.999855e-01 1.301948e-03 5.232969e-03 2.232760e+00 -1.312598e-03 9.999971e-01 2.032287e-03 3.576108e-02 -5.230307e-03 -2.039126e-03 9.999842e-01 -6.700549e+00
9.998736e-01 -9.954455e-04 -1.586711e-02 2.356384e+00 9.990364e-04 9.999995e-01 2.183943e-04 3.485199e-02 1.586688e-02 -2.342193e-04 9.998741e-01 -6.964333e+00
9.999679e-01 6.524362e-04 7.987694e-03 2.419950e+00 -6.630248e-04 9.999989e-01 1.323051e-03 2.474289e-02 -7.986822e-03 -1.328304e-03 9.999672e-01 -6.751934e+00
9.998109e-01 -8.303803e-04 -1.943018e-02 2.429725e+00 8.444447e-04 9.999994e-01 7.156565e-04 2.828641e-02 1.942957e-02 -7.319296e-04 9.998110e-01 -6.985409e+00
9.999684e-01 1.040978e-03 7.885936e-03 2.507688e+00 -1.054405e-03 9.999980e-01 1.698698e-03 3.302768e-02 -7.884151e-03 -1.706958e-03 9.999675e-01 -7.412827e+00
9.998441e-01 -1.695504e-03 -1.757286e-02 2.479022e+00 1.695425e-03 9.999986e-01 -1.937411e-05 3.290141e-02 1.757287e-02 -1.042309e-05 9.998456e-01 -7.502473e+00
9.999665e-01 7.076069e-04 8.153500e-03 2.434470e+00 -7.205092e-04 9.999985e-01 1.579614e-03 3.272707e-02 -8.152369e-03 -1.585435e-03 9.999655e-01 -7.540762e+00
9.998367e-01 -1.324778e-03 -1.802076e-02 2.362257e+00 1.331931e-03 9.999990e-01 3.849698e-04 3.635283e-02 1.802023e-02 -4.089101e-04 9.998375e-01 -7.658928e+00
9.999780e-01 1.215870e-03 6.522406e-03 2.367504e+00 -1.227920e-03 9.999975e-01 1.843896e-03 4.203695e-02 -6.520148e-03 -1.851864e-03 9.999770e-01 -8.005057e+00
9.998473e-01 -1.221971e-03 -1.743093e-02 2.356462e+00 1.228455e-03 9.999992e-01 3.612520e-04 4.899486e-02 1.743048e-02 -3.826107e-04 9.998480e-01 -8.366083e+00
9.999819e-01 1.251018e-03 5.892321e-03 2.318134e+00 -1.263050e-03 9.999971e-01 2.038736e-03 6.113589e-02 -5.889754e-03 -2.046141e-03 9.999806e-01 -8.861538e+00
9.998371e-01 -9.390485e-04 -1.802487e-02 2.361152e+00 9.585767e-04 9.999990e-01 1.074805e-03 7.511205e-02 1.802384e-02 -1.091909e-03 9.998370e-01 -9.573211e+00
9.999807e-01 1.005255e-03 6.130542e-03 2.432603e+00 -1.015567e-03 9.999981e-01 1.679285e-03 8.183659e-02 -6.128842e-03 -1.685478e-03 9.999798e-01 -1.006326e+01
9.998440e-01 -6.480924e-04 -1.765098e-02 2.490142e+00 6.642030e-04 9.999994e-01 9.068924e-04 9.069431e-02 1.765038e-02 -9.184754e-04 9.998438e-01 -1.060882e+01
9.999771e-01 3.329495e-04 6.756052e-03 2.458001e+00 -3.419850e-04 9.999990e-01 1.336309e-03 9.643311e-02 -6.755601e-03 -1.338588e-03 9.999763e-01 -1.091415e+01
9.998333e-01 -8.737856e-04 -1.823701e-02 2.456876e+00 8.848672e-04 9.999994e-01 5.995897e-04 9.836005e-02 1.823648e-02 -6.156278e-04 9.998335e-01 -1.109539e+01
9.999732e-01 7.022936e-04 7.287684e-03 2.504846e+00 -7.122597e-04 9.999988e-01 1.365043e-03 9.853240e-02 -7.286717e-03 -1.370197e-03 9.999725e-01 -1.131925e+01
9.998608e-01 -1.401229e-03 -1.662692e-02 2.110130e+00 1.424312e-03 9.999980e-01 1.376535e-03 1.286206e-01 1.662496e-02 -1.400026e-03 9.998608e-01 -1.168545e+01
9.999859e-01 -1.298133e-03 5.147323e-03 1.577224e+00 1.289948e-03 9.999979e-01 1.593067e-03 1.650197e-01 -5.149380e-03 -1.586404e-03 9.999855e-01 -1.201642e+01
9.998834e-01 4.774424e-04 -1.526238e-02 1.466268e+00 -4.728632e-04 9.999998e-01 3.036541e-04 1.703532e-01 1.526252e-02 -2.964024e-04 9.998835e-01 -1.210863e+01
9.999881e-01 -9.722223e-04 4.787008e-03 1.406268e+00 9.642517e-04 9.999981e-01 1.667106e-03 1.742807e-01 -4.788619e-03 -1.662469e-03 9.999872e-01 -1.226787e+01
9.999318e-01 4.317284e-04 -1.167353e-02 1.316581e+00 -4.333947e-04 9.999999e-01 -1.401967e-04 1.729231e-01 1.167347e-02 1.452457e-04 9.999319e-01 -1.206117e+01
9.999837e-01 -8.142812e-04 5.650721e-03 1.185081e+00 8.056824e-04 9.999985e-01 1.523847e-03 1.742142e-01 -5.651953e-03 -1.519268e-03 9.999829e-01 -1.184340e+01
9.999430e-01 6.260338e-04 -1.066071e-02 1.070737e+00 -6.262068e-04 9.999998e-01 -1.287162e-05 1.730762e-01 1.066070e-02 1.954601e-05 9.999432e-01 -1.151783e+01
9.999900e-01 -7.456467e-04 4.412604e-03 1.074100e+00 7.412659e-04 9.999992e-01 9.943843e-04 1.636934e-01 -4.413342e-03 -9.911027e-04 9.999898e-01 -1.120194e+01
9.999248e-01 2.575651e-04 -1.226315e-02 1.042390e+00 -2.560842e-04 1.000000e+00 1.223432e-04 1.603047e-01 1.226318e-02 -1.191943e-04 9.999248e-01 -1.109593e+01
9.999970e-01 -7.822810e-04 2.337544e-03 9.680991e-01 7.785207e-04 9.999984e-01 1.609255e-03 1.647592e-01 -2.338798e-03 -1.607430e-03 9.999960e-01 -1.124960e+01
9.999199e-01 4.426752e-04 -1.265047e-02 8.715113e-01 -4.393089e-04 9.999999e-01 2.688985e-04 1.725698e-01 1.265059e-02 -2.633202e-04 9.999199e-01 -1.149108e+01
9.999975e-01 -8.620304e-04 2.081530e-03 7.764829e-01 8.583569e-04 9.999981e-01 1.765129e-03 1.806989e-01 -2.083048e-03 -1.763337e-03 9.999963e-01 -1.174659e+01
9.999728e-01 6.664112e-04 -7.342243e-03 4.436184e-01 -6.579084e-04 9.999991e-01 1.160451e-03 1.985400e-01 7.343010e-03 -1.155590e-03 9.999724e-01 -1.161942e+01
9.999970e-01 -2.217148e-03 1.076860e-03 -1.783368e-01 2.214249e-03 9.999939e-01 2.686136e-03 2.370408e-01 -1.082809e-03 -2.683743e-03 9.999958e-01 -1.155744e+01
9.999528e-01 -1.434225e-04 -9.715288e-03 -6.388341e-01 1.446365e-04 1.000000e+00 1.242724e-04 2.653100e-01 9.715269e-03 -1.256724e-04 9.999528e-01 -1.165002e+01
9.999991e-01 -4.962777e-04 -1.262472e-03 -7.511439e-01 4.985615e-04 9.999982e-01 1.809095e-03 2.722022e-01 1.261572e-03 -1.809722e-03 9.999976e-01 -1.178001e+01
9.999526e-01 5.424844e-05 -9.732465e-03 -8.173621e-01 -5.164767e-05 1.000000e+00 2.674994e-04 2.776506e-01 9.732479e-03 -2.669847e-04 9.999526e-01 -1.200947e+01
9.999959e-01 -4.954628e-04 2.820561e-03 -9.019303e-01 4.914208e-04 9.999989e-01 1.433631e-03 2.760165e-01 -2.821268e-03 -1.432239e-03 9.999950e-01 -1.179521e+01
9.999459e-01 -8.493147e-06 -1.040131e-02 -1.077803e+00 1.450025e-05 9.999998e-01 5.774785e-04 2.828800e-01 1.040130e-02 -5.775988e-04 9.999457e-01 -1.170305e+01
9.999976e-01 -1.012543e-03 1.958613e-03 -1.270544e+00 1.009480e-03 9.999983e-01 1.564121e-03 2.912337e-01 -1.960193e-03 -1.562139e-03 9.999969e-01 -1.165155e+01
9.999630e-01 2.772836e-04 -8.597972e-03 -1.279067e+00 -2.808870e-04 9.999999e-01 -4.178669e-04 2.837136e-01 8.597855e-03 4.202658e-04 9.999629e-01 -1.140433e+01
9.999964e-01 -9.266754e-04 2.532639e-03 -1.328548e+00 9.225917e-04 9.999983e-01 1.613205e-03 2.782729e-01 -2.534129e-03 -1.610862e-03 9.999955e-01 -1.112783e+01
9.999012e-01 1.528469e-04 -1.405845e-02 -1.436339e+00 -1.469507e-04 9.999999e-01 4.204594e-04 2.865704e-01 1.405851e-02 -4.183526e-04 9.999011e-01 -1.135941e+01
9.999970e-01 -4.172463e-04 2.406287e-03 -1.470225e+00 4.123426e-04 9.999978e-01 2.038076e-03 2.941103e-01 -2.407131e-03 -2.037077e-03 9.999950e-01 -1.169824e+01
9.999455e-01 2.979168e-05 -1.044191e-02 -1.518006e+00 -2.980380e-05 1.000000e+00 -9.833539e-07 2.900155e-01 1.044191e-02 1.293842e-06 9.999455e-01 -1.150812e+01
9.999634e-01 2.342984e-03 8.233753e-03 -1.546218e+00 -2.366550e-03 9.999931e-01 2.853607e-03 2.755506e-01 -8.227010e-03 -2.872988e-03 9.999620e-01 -1.064817e+01
9.999713e-01 -9.093603e-04 -7.524287e-03 -1.488751e+00 8.912448e-04 9.999967e-01 -2.410575e-03 2.467736e-01 7.526454e-03 2.403799e-03 9.999688e-01 -9.371564e+00
9.999718e-01 9.101130e-04 7.458979e-03 -1.424022e+00 -9.273905e-04 9.999969e-01 2.313233e-03 2.225022e-01 -7.456850e-03 -2.320085e-03 9.999695e-01 -8.375335e+00
9.999873e-01 4.648154e-03 -1.953830e-03 -1.447311e+00 -4.643605e-03 9.999865e-01 2.326517e-03 1.925996e-01 1.964618e-03 -2.317415e-03 9.999954e-01 -6.486734e+00
9.999556e-01 -5.087814e-03 7.930245e-03 -1.441647e+00 5.117629e-03 9.999799e-01 -3.743865e-03 1.578968e-01 -7.911037e-03 3.784284e-03 9.999615e-01 -4.672958e+00
9.999362e-01 1.076698e-02 -3.425432e-03 -1.477217e+00 -1.073625e-02 9.999030e-01 8.869139e-03 1.312441e-01 3.520593e-03 -8.831797e-03 9.999548e-01 -2.867430e+00
9.998759e-01 -1.052428e-02 1.172125e-02 -1.434882e+00 1.064484e-02 9.998906e-01 -1.027055e-02 9.032883e-02 -1.161188e-02 1.039405e-02 9.998786e-01 -8.666984e-01
9.998332e-01 1.156825e-02 -1.413316e-02 -1.434237e+00 -1.140084e-02 9.998646e-01 1.186863e-02 7.350534e-02 1.426855e-02 -1.170552e-02 9.998297e-01 -7.267253e-02
9.998219e-01 -9.724822e-03 1.617567e-02 -1.437936e+00 9.895206e-03 9.998961e-01 -1.048682e-02 4.799512e-02 -1.607201e-02 1.064502e-02 9.998142e-01 1.254106e+00
9.998727e-01 1.459224e-02 -6.453810e-03 -1.486876e+00 -1.450869e-02 9.998127e-01 1.280817e-02 1.061706e-02 6.639501e-03 -1.271291e-02 9.998971e-01 3.477607e+00
9.998193e-01 -1.542598e-02 1.111106e-02 -1.552799e+00 1.559048e-02 9.997678e-01 -1.487414e-02 -1.932107e-02 -1.087903e-02 1.504468e-02 9.998276e-01 5.047799e+00
9.997003e-01 1.487615e-02 -1.944491e-02 -1.710402e+00 -1.454191e-02 9.997460e-01 1.721906e-02 -1.359186e-02 1.969613e-02 -1.693113e-02 9.996626e-01 5.079579e+00
9.998149e-01 -1.562828e-02 1.121893e-02 -1.899652e+00 1.579714e-02 9.997608e-01 -1.512319e-02 -5.573604e-03 -1.097990e-02 1.529762e-02 9.998227e-01 5.118171e+00
9.996505e-01 1.529582e-02 -2.156386e-02 -2.063753e+00 -1.491787e-02 9.997342e-01 1.758022e-02 6.627979e-03 2.182703e-02 -1.725239e-02 9.996129e-01 4.881803e+00
9.998324e-01 -1.514411e-02 1.028681e-02 -2.146487e+00 1.529633e-02 9.997722e-01 -1.488342e-02 2.037595e-02 -1.005907e-02 1.503828e-02 9.998363e-01 4.438047e+00
9.996510e-01 1.528508e-02 -2.154668e-02 -2.183449e+00 -1.490187e-02 9.997299e-01 1.783479e-02 3.257765e-02 2.181347e-02 -1.750748e-02 9.996088e-01 3.978807e+00
9.998238e-01 -1.537564e-02 1.077227e-02 -2.266094e+00 1.553870e-02 9.997634e-01 -1.522055e-02 4.164806e-02 -1.053570e-02 1.538526e-02 9.998261e-01 3.714284e+00
9.997241e-01 1.572907e-02 -1.744639e-02 -2.310996e+00 -1.541669e-02 9.997210e-01 1.789713e-02 3.690383e-02 1.772303e-02 -1.762323e-02 9.996876e-01 3.973533e+00
9.997609e-01 -1.456726e-02 1.630990e-02 -2.329945e+00 1.482996e-02 9.997603e-01 -1.610327e-02 2.067125e-02 -1.607141e-02 1.634129e-02 9.997373e-01 4.826422e+00
9.997367e-01 1.522636e-02 -1.716512e-02 -2.380268e+00 -1.492959e-02 9.997391e-01 1.728651e-02 6.442085e-03 1.742386e-02 -1.702569e-02 9.997032e-01 5.645673e+00
9.998165e-01 -1.512253e-02 1.176076e-02 -2.447976e+00 1.530755e-02 9.997579e-01 -1.580386e-02 1.411190e-03 -1.151892e-02 1.598099e-02 9.998059e-01 6.036794e+00
9.996721e-01 1.500075e-02 -2.075234e-02 -2.515619e+00 -1.462734e-02 9.997304e-01 1.803005e-02 2.675226e-03 2.101721e-02 -1.772059e-02 9.996221e-01 6.035767e+00
9.998100e-01 -1.532086e-02 1.205239e-02 -2.607079e+00 1.551540e-02 9.997481e-01 -1.621645e-02 6.195054e-03 -1.180090e-02 1.640037e-02 9.997959e-01 5.997243e+00
9.996559e-01 1.487024e-02 -2.161144e-02 -2.685013e+00 -1.447287e-02 9.997254e-01 1.842860e-02 8.580580e-03 2.187954e-02 -1.810948e-02 9.995966e-01 5.954436e+00
9.998117e-01 -1.508034e-02 1.221574e-02 -2.746689e+00 1.528200e-02 9.997456e-01 -1.658608e-02 1.088742e-02 -1.196251e-02 1.676964e-02 9.997878e-01 5.851990e+00
9.997126e-01 1.433792e-02 -1.921482e-02 -2.821898e+00 -1.398646e-02 9.997347e-01 1.830270e-02 9.246003e-03 1.947215e-02 -1.802869e-02 9.996478e-01 5.996433e+00
9.998183e-01 -1.446582e-02 1.241508e-02 -2.837040e+00 1.467463e-02 9.997495e-01 -1.689662e-02 1.493175e-03 -1.216755e-02 1.707573e-02 9.997802e-01 6.309576e+00
9.996304e-01 1.463993e-02 -2.290532e-02 -2.770219e+00 -1.419890e-02 9.997129e-01 1.930002e-02 1.859052e-03 2.318129e-02 -1.896766e-02 9.995513e-01 6.055929e+00
9.997931e-01 -1.470986e-02 1.405073e-02 -2.750312e+00 1.495567e-02 9.997341e-01 -1.755268e-02 -3.307134e-03 -1.378879e-02 1.775919e-02 9.997472e-01 6.102992e+00
9.996499e-01 1.467285e-02 -2.201903e-02 -2.740621e+00 -1.425450e-02 9.997171e-01 1.903792e-02 -9.622081e-03 2.229215e-02 -1.871739e-02 9.995763e-01 6.234856e+00
9.998076e-01 -1.456350e-02 1.314110e-02 -2.723631e+00 1.478913e-02 9.997420e-01 -1.723970e-02 -1.304599e-02 -1.288664e-02 1.743073e-02 9.997650e-01 6.228198e+00
9.995971e-01 1.487490e-02 -2.417330e-02 -2.684830e+00 -1.440140e-02 9.997033e-01 1.964498e-02 -9.549340e-03 2.445835e-02 -1.928893e-02 9.995147e-01 5.915673e+00
9.998156e-01 -1.419011e-02 1.293694e-02 -2.586112e+00 1.441509e-02 9.997435e-01 -1.746627e-02 -1.166479e-02 -1.268578e-02 1.764954e-02 9.997638e-01 5.779226e+00
9.997156e-01 1.472308e-02 -1.876056e-02 -2.492670e+00 -1.437832e-02 9.997277e-01 1.838086e-02 -2.521474e-02 1.902608e-02 -1.810589e-02 9.996550e-01 6.121835e+00
9.998647e-01 -1.433024e-02 8.075522e-03 -2.437509e+00 1.446109e-02 9.997612e-01 -1.638578e-02 -2.331754e-02 -7.838781e-03 1.650034e-02 9.998331e-01 5.833190e+00
9.996809e-01 1.513667e-02 -2.022101e-02 -2.369467e+00 -1.473160e-02 9.996908e-01 2.003270e-02 -9.752852e-03 2.051798e-02 -1.972842e-02 9.995948e-01 5.112852e+00
9.996991e-01 -9.802914e-03 2.248473e-02 -2.281758e+00 1.013959e-02 9.998374e-01 -1.490872e-02 -4.489926e-02 -2.233492e-02 1.513222e-02 9.996360e-01 6.928730e+00
9.998227e-01 8.638363e-03 -1.672928e-02 -2.214319e+00 -8.436131e-03 9.998909e-01 1.212159e-02 -8.347414e-02 1.683217e-02 -1.197831e-02 9.997866e-01 8.689770e+00
9.999176e-01 -8.328780e-03 9.766333e-03 -2.213009e+00 8.423025e-03 9.999180e-01 -9.648875e-03 -9.215719e-02 -9.685168e-03 9.730342e-03 9.999058e-01 8.963955e+00
9.998815e-01 8.633025e-03 -1.274694e-02 -2.196392e+00 -8.504841e-03 9.999131e-01 1.007625e-02 -1.092921e-01 1.283282e-02 -9.966647e-03 9.998680e-01 9.658574e+00
9.999400e-01 -8.730826e-03 6.613403e-03 -2.170137e+00 8.790571e-03 9.999203e-01 -9.059333e-03 -1.206609e-01 -6.533781e-03 9.116925e-03 9.999371e-01 1.000743e+01
9.999134e-01 8.767935e-03 -9.812724e-03 -2.162751e+00 -8.674995e-03 9.999175e-01 9.474199e-03 -1.368139e-01 9.894983e-03 -9.388254e-03 9.999070e-01 1.074746e+01
9.999553e-01 -8.878196e-03 3.250771e-03 -2.392671e+00 8.899951e-03 9.999377e-01 -6.739900e-03 -1.255975e-01 -3.190730e-03 6.768531e-03 9.999720e-01 1.086227e+01
9.998739e-01 7.915614e-03 -1.376544e-02 -2.671304e+00 -7.783931e-03 9.999237e-01 9.593656e-03 -1.091887e-01 1.384032e-02 -9.485298e-03 9.998592e-01 1.090709e+01
9.999721e-01 -7.297216e-03 1.566146e-03 -2.675175e+00 7.306867e-03 9.999538e-01 -6.247450e-03 -9.227530e-02 -1.520484e-03 6.258720e-03 9.999793e-01 1.024901e+01
9.998502e-01 8.150576e-03 -1.526869e-02 -2.586701e+00 -7.992572e-03 9.999142e-01 1.038084e-02 -7.230053e-02 1.535198e-02 -1.025725e-02 9.998295e-01 9.288368e+00
9.999754e-01 -7.015522e-03 2.785173e-04 -2.510300e+00 7.016925e-03 9.999608e-01 -5.405080e-03 -4.269943e-02 -2.405867e-04 5.406901e-03 9.999854e-01 7.938608e+00
9.998681e-01 6.993531e-03 -1.466022e-02 -2.410157e+00 -6.855344e-03 9.999318e-01 9.455143e-03 -2.603250e-02 1.472535e-02 -9.353396e-03 9.998478e-01 7.034576e+00
9.999755e-01 -6.374000e-03 2.885822e-03 -2.328514e+00 6.392797e-03 9.999581e-01 -6.551834e-03 -1.885196e-02 -2.843940e-03 6.570122e-03 9.999744e-01 6.480539e+00
9.998508e-01 6.780855e-03 -1.588747e-02 -2.257806e+00 -6.624351e-03 9.999292e-01 9.882816e-03 -5.758498e-03 1.595336e-02 -9.776098e-03 9.998249e-01 5.781780e+00
9.999763e-01 -6.015658e-03 3.350227e-03 -2.182487e+00 6.036382e-03 9.999625e-01 -6.210450e-03 1.085778e-02 -3.312742e-03 6.230527e-03 9.999751e-01 4.922358e+00
9.998233e-01 6.740180e-03 -1.754904e-02 -2.188079e+00 -6.549126e-03 9.999189e-01 1.092168e-02 4.059795e-02 1.762123e-02 -1.080482e-02 9.997864e-01 3.741757e+00
9.999781e-01 -6.344948e-03 1.871781e-03 -2.165190e+00 6.357364e-03 9.999573e-01 -6.703532e-03 6.784684e-02 -1.829167e-03 6.715286e-03 9.999758e-01 2.658015e+00
9.998745e-01 6.361389e-03 -1.450904e-02 -2.103889e+00 -6.220633e-03 9.999334e-01 9.725855e-03 7.612752e-02 1.456994e-02 -9.634379e-03 9.998474e-01 2.143763e+00
9.999713e-01 -6.197298e-03 4.365758e-03 -2.054313e+00 6.230535e-03 9.999514e-01 -7.640965e-03 7.231754e-02 -4.318192e-03 7.667947e-03 9.999613e-01 2.156068e+00
9.999075e-01 6.678382e-03 -1.184449e-02 -2.013722e+00 -6.564135e-03 9.999318e-01 9.658376e-03 6.192461e-02 1.190818e-02 -9.579735e-03 9.998832e-01 2.502319e+00
9.999762e-01 -6.637210e-03 1.875446e-03 -1.940225e+00 6.652195e-03 9.999451e-01 -8.099850e-03 5.715326e-02 -1.821583e-03 8.112133e-03 9.999654e-01 2.487059e+00
9.999634e-01 8.501966e-03 -1.002826e-03 -2.370443e+00 -8.488914e-03 9.998874e-01 1.237083e-02 7.516308e-02 1.107889e-03 -1.236186e-02 9.999230e-01 3.182069e+00
9.999716e-01 -7.113461e-03 -2.474865e-03 -2.791626e+00 7.087183e-03 9.999201e-01 -1.046975e-02 9.454369e-02 2.549143e-03 1.045192e-02 9.999421e-01 3.935776e+00
9.999330e-01 7.020968e-03 -9.208211e-03 -2.827368e+00 -6.898657e-03 9.998884e-01 1.324801e-02 1.051430e-01 9.300197e-03 -1.318360e-02 9.998698e-01 3.461619e+00
9.999694e-01 -7.149081e-03 -3.181963e-03 -2.871735e+00 7.116535e-03 9.999234e-01 -1.012463e-02 1.176508e-01 3.254101e-03 1.010168e-02 9.999437e-01 2.924628e+00
9.999395e-01 6.792688e-03 -8.646183e-03 -2.847133e+00 -6.685334e-03 9.999010e-01 1.238531e-02 1.178199e-01 8.729456e-03 -1.232675e-02 9.998859e-01 2.843437e+00
9.999650e-01 -7.171939e-03 4.317363e-03 -3.145945e+00 7.210132e-03 9.999344e-01 -8.896757e-03 1.318393e-01 -4.253273e-03 8.927575e-03 9.999511e-01 3.094520e+00
9.998774e-01 6.618569e-03 -1.418803e-02 -3.402054e+00 -6.453866e-03 9.999116e-01 1.162315e-02 1.489584e-01 1.426371e-02 -1.153016e-02 9.998318e-01 3.255039e+00
9.999753e-01 -6.392223e-03 2.932130e-03 -3.314417e+00 6.419788e-03 9.999344e-01 -9.490081e-03 1.483199e-01 -2.871274e-03 9.508670e-03 9.999507e-01 3.005501e+00
9.998795e-01 6.116584e-03 -1.426522e-02 -3.285390e+00 -5.950036e-03 9.999140e-01 1.168853e-02 1.477728e-01 1.433549e-02 -1.160224e-02 9.998299e-01 2.835800e+00
9.999544e-01 -6.047591e-03 7.388422e-03 -3.206578e+00 6.125147e-03 9.999259e-01 -1.051975e-02 1.336613e-01 -7.324255e-03 1.056453e-02 9.999174e-01 3.189054e+00
9.998223e-01 5.631051e-03 -1.799196e-02 -3.158743e+00 -5.413148e-03 9.999117e-01 1.213697e-02 1.303680e-01 1.805872e-02 -1.203742e-02 9.997645e-01 3.097493e+00
9.999116e-01 -4.454244e-03 1.252987e-02 -3.087930e+00 4.582558e-03 9.999372e-01 -1.023065e-02 1.173455e-01 -1.248351e-02 1.028717e-02 9.998692e-01 3.509724e+00
9.998974e-01 7.985592e-03 -1.189611e-02 -3.099373e+00 -7.827240e-03 9.998809e-01 1.329893e-02 9.720228e-02 1.200089e-02 -1.320445e-02 9.998408e-01 4.742718e+00
9.997074e-01 -3.296427e-03 2.396433e-02 -3.196513e+00 3.570095e-03 9.999288e-01 -1.138597e-02 6.072325e-02 -2.392509e-02 1.146819e-02 9.996480e-01 7.108011e+00
9.997871e-01 3.473834e-03 -2.033822e-02 -3.206992e+00 -3.243800e-03 9.999305e-01 1.133257e-02 3.172284e-02 2.037617e-02 -1.126418e-02 9.997289e-01 8.609342e+00
9.998942e-01 -3.953078e-03 1.399955e-02 -3.150670e+00 4.105141e-03 9.999327e-01 -1.084988e-02 1.797884e-02 -1.395572e-02 1.090621e-02 9.998431e-01 9.008419e+00
9.996745e-01 4.146526e-03 -2.517468e-02 -3.102736e+00 -3.819102e-03 9.999077e-01 1.304030e-02 1.900444e-02 2.522643e-02 -1.293991e-02 9.995980e-01 8.764586e+00
9.999043e-01 -3.493371e-03 1.338503e-02 -2.989990e+00 3.631269e-03 9.999404e-01 -1.029196e-02 2.280446e-02 -1.334828e-02 1.033958e-02 9.998574e-01 8.339534e+00
9.996790e-01 4.074745e-03 -2.500649e-02 -2.882544e+00 -3.753479e-03 9.999100e-01 1.288081e-02 2.607883e-02 2.505673e-02 -1.278282e-02 9.996043e-01 7.942838e+00
9.999094e-01 -3.164689e-03 1.308350e-02 -2.783665e+00 3.294888e-03 9.999452e-01 -9.941838e-03 3.338335e-02 -1.305132e-02 9.984047e-03 9.998650e-01 7.396184e+00
9.996544e-01 3.913438e-03 -2.599606e-02 -2.674495e+00 -3.570810e-03 9.999063e-01 1.321338e-02 4.391900e-02 2.604533e-02 -1.311599e-02 9.995747e-01 6.732480e+00
9.999043e-01 -3.180136e-03 1.346612e-02 -2.588533e+00 3.317716e-03 9.999424e-01 -1.020668e-02 5.379255e-02 -1.343289e-02 1.025038e-02 9.998572e-01 6.127265e+00
9.996648e-01 3.888104e-03 -2.559604e-02 -2.505603e+00 -3.551852e-03 9.999070e-01 1.316927e-02 6.292028e-02 2.564486e-02 -1.307395e-02 9.995856e-01 5.551548e+00
9.998978e-01 -3.592664e-03 1.383816e-02 -2.440069e+00 3.739874e-03 9.999365e-01 -1.062681e-02 6.659245e-02 -1.379910e-02 1.067748e-02 9.998478e-01 5.183331e+00
9.996942e-01 3.718553e-03 -2.444895e-02 -2.376361e+00 -3.407940e-03 9.999131e-01 1.273397e-02 6.481886e-02 2.449418e-02 -1.264675e-02 9.996200e-01 5.011242e+00
9.999085e-01 -3.042657e-03 1.318371e-02 -2.284923e+00 3.177839e-03 9.999425e-01 -1.024490e-02 6.859249e-02 -1.315177e-02 1.028586e-02 9.998606e-01 4.606525e+00
9.996754e-01 3.852624e-03 -2.518503e-02 -2.182917e+00 -3.518654e-03 9.999055e-01 1.329155e-02 7.748799e-02 2.523386e-02 -1.319862e-02 9.995944e-01 4.001187e+00
9.999169e-01 -3.336833e-03 1.245289e-02 -2.076064e+00 3.463953e-03 9.999420e-01 -1.020045e-02 8.557009e-02 -1.241813e-02 1.024274e-02 9.998704e-01 3.423106e+00
9.997159e-01 3.692763e-03 -2.354837e-02 -1.997314e+00 -3.400212e-03 9.999167e-01 1.245138e-02 8.677634e-02 2.359239e-02 -1.236778e-02 9.996452e-01 3.124766e+00
9.999205e-01 -3.216705e-03 1.218941e-02 -1.906013e+00 3.339216e-03 9.999440e-01 -1.004358e-02 8.907772e-02 -1.215642e-02 1.008349e-02 9.998753e-01 2.765504e+00
9.998701e-01 4.551469e-03 -1.546395e-02 -2.265588e+00 -4.326864e-03 9.998851e-01 1.452700e-02 1.066232e-01 1.552830e-02 -1.445821e-02 9.997749e-01 3.173051e+00
9.999714e-01 -4.479500e-03 6.093245e-03 -2.623778e+00 4.552365e-03 9.999177e-01 -1.199737e-02 1.313785e-01 -6.039001e-03 1.202477e-02 9.999095e-01 3.389020e+00
9.998250e-01 5.043145e-03 -1.801281e-02 -2.495613e+00 -4.778157e-03 9.998802e-01 1.472399e-02 1.352692e-01 1.808491e-02 -1.463535e-02 9.997293e-01 2.943672e+00
9.999725e-01 -4.280566e-03 6.051850e-03 -2.378507e+00 4.353126e-03 9.999182e-01 -1.202767e-02 1.397220e-01 -5.999870e-03 1.205368e-02 9.999094e-01 2.487334e+00
9.998182e-01 4.683479e-03 -1.848411e-02 -2.263407e+00 -4.408990e-03 9.998798e-01 1.486291e-02 1.449512e-01 1.855150e-02 -1.477872e-02 9.997187e-01 2.019673e+00
9.999702e-01 -4.000755e-03 6.608543e-03 -2.150022e+00 4.081538e-03 9.999166e-01 -1.225597e-02 1.478641e-01 -6.558959e-03 1.228258e-02 9.999031e-01 1.633563e+00
9.998089e-01 4.502334e-03 -1.902582e-02 -2.039402e+00 -4.215412e-03 9.998772e-01 1.509397e-02 1.534912e-01 1.909144e-02 -1.501088e-02 9.997051e-01 1.158348e+00
9.999706e-01 -3.658096e-03 6.744347e-03 -1.912881e+00 3.740469e-03 9.999181e-01 -1.224163e-02 1.591839e-01 -6.699014e-03 1.226650e-02 9.999023e-01 6.514253e-01
9.998067e-01 4.295501e-03 -1.918665e-02 -1.805723e+00 -4.003861e-03 9.998763e-01 1.521277e-02 1.671030e-01 1.924962e-02 -1.513301e-02 9.997002e-01 9.144448e-02
9.999657e-01 -3.645842e-03 7.441313e-03 -1.696655e+00 3.741318e-03 9.999103e-01 -1.285705e-02 1.686023e-01 -7.393770e-03 1.288445e-02 9.998897e-01 -2.543287e-01
9.998398e-01 3.720161e-03 -1.751020e-02 -1.576386e+00 -3.465770e-03 9.998883e-01 1.453616e-02 1.636376e-01 1.756233e-02 -1.447315e-02 9.997410e-01 -3.742955e-01
9.999815e-01 -2.691845e-03 5.454333e-03 -1.446655e+00 2.753597e-03 9.999318e-01 -1.134592e-02 1.707408e-01 -5.423420e-03 1.136073e-02 9.999208e-01 -9.458235e-01
9.998197e-01 3.397692e-03 -1.868259e-02 -1.345437e+00 -3.124160e-03 9.998878e-01 1.465077e-02 1.822298e-01 1.873027e-02 -1.458976e-02 9.997181e-01 -1.598704e+00
9.999781e-01 -2.639045e-03 6.070567e-03 -1.241468e+00 2.708461e-03 9.999307e-01 -1.145509e-02 1.925459e-01 -6.039916e-03 1.147128e-02 9.999160e-01 -2.240857e+00
9.998294e-01 3.392355e-03 -1.815871e-02 -1.137733e+00 -3.126203e-03 9.998876e-01 1.466538e-02 2.024223e-01 1.820642e-02 -1.460611e-02 9.997276e-01 -2.880127e+00
9.999816e-01 -2.268789e-03 5.621875e-03 -1.034982e+00 2.330522e-03 9.999368e-01 -1.099865e-02 2.166104e-01 -5.596566e-03 1.101155e-02 9.999237e-01 -3.684231e+00
9.998123e-01 2.581963e-03 -1.919958e-02 -9.428920e-01 -2.301154e-03 9.998903e-01 1.463355e-02 2.296256e-01 1.923525e-02 -1.458663e-02 9.997086e-01 -4.411222e+00
9.999669e-01 -2.077424e-03 7.864205e-03 -8.256805e-01 2.171786e-03 9.999255e-01 -1.200951e-02 2.320982e-01 -7.838670e-03 1.202619e-02 9.998970e-01 -4.805537e+00
9.998119e-01 2.833282e-03 -1.918623e-02 -7.197145e-01 -2.550249e-03 9.998878e-01 1.476033e-02 2.376444e-01 1.922589e-02 -1.470862e-02 9.997070e-01 -5.305695e+00
9.999741e-01 -2.080891e-03 6.886626e-03 -6.205162e-01 2.160651e-03 9.999304e-01 -1.159471e-02 2.473115e-01 -6.862020e-03 1.160929e-02 9.999091e-01 -5.925843e+00
9.998030e-01 3.295676e-03 -1.957484e-02 -4.842433e-01 -2.996589e-03 9.998786e-01 1.528894e-02 2.600479e-01 1.962285e-02 -1.522727e-02 9.996915e-01 -6.703290e+00
9.999784e-01 -2.388221e-03 6.122424e-03 -3.004019e-01 2.462292e-03 9.999235e-01 -1.211938e-02 2.673650e-01 -6.093012e-03 1.213419e-02 9.999078e-01 -7.317310e+00
9.998475e-01 2.829426e-03 -1.723408e-02 -1.365666e-01 -2.579533e-03 9.998915e-01 1.450495e-02 2.657344e-01 1.727325e-02 -1.445828e-02 9.997463e-01 -7.611641e+00
9.999808e-01 -2.333744e-03 5.734806e-03 -1.605693e-02 2.401854e-03 9.999263e-01 -1.189840e-02 2.687460e-01 -5.706616e-03 1.191195e-02 9.999128e-01 -8.034168e+00
9.998544e-01 2.593193e-03 -1.686774e-02 9.113634e-02 -2.353309e-03 9.998960e-01 1.422586e-02 2.681131e-01 1.690288e-02 -1.418409e-02 9.997565e-01 -8.304681e+00
9.999775e-01 -2.577477e-03 6.193486e-03 1.329297e-01 2.652958e-03 9.999219e-01 -1.220992e-02 2.660255e-01 -6.161532e-03 1.222608e-02 9.999063e-01 -8.420792e+00
9.998378e-01 2.616493e-03 -1.782012e-02 1.868816e-01 -2.357507e-03 9.998915e-01 1.453892e-02 2.694505e-01 1.785623e-02 -1.449455e-02 9.997355e-01 -8.759564e+00
9.999816e-01 -1.918929e-03 5.747300e-03 3.007850e-01 1.985447e-03 9.999309e-01 -1.159049e-02 2.764674e-01 -5.724662e-03 1.160169e-02 9.999163e-01 -9.316734e+00
9.998413e-01 2.584877e-03 -1.762927e-02 4.163971e-01 -2.328284e-03 9.998913e-01 1.456000e-02 2.833093e-01 1.766499e-02 -1.451665e-02 9.997386e-01 -9.873229e+00
9.999833e-01 -1.793943e-03 5.484721e-03 5.136094e-01 1.856746e-03 9.999325e-01 -1.146690e-02 2.935572e-01 -5.463780e-03 1.147689e-02 9.999192e-01 -1.052334e+01
9.998485e-01 2.405693e-03 -1.723636e-02 6.109750e-01 -2.152721e-03 9.998899e-01 1.468022e-02 3.036247e-01 1.726977e-02 -1.464090e-02 9.997437e-01 -1.118585e+01
9.999861e-01 -1.609923e-03 5.023349e-03 7.148057e-01 1.665916e-03 9.999363e-01 -1.116208e-02 3.167063e-01 -5.005058e-03 1.117029e-02 9.999251e-01 -1.197947e+01
9.998548e-01 2.039470e-03 -1.692006e-02 8.092561e-01 -1.798657e-03 9.998971e-01 1.423546e-02 3.266352e-01 1.694735e-02 -1.420296e-02 9.997555e-01 -1.261987e+01
9.999825e-01 -1.739744e-03 5.657600e-03 9.023369e-01 1.806147e-03 9.999293e-01 -1.175295e-02 3.297778e-01 -5.636752e-03 1.176296e-02 9.999149e-01 -1.301654e+01
9.998991e-01 1.977149e-03 -1.407037e-02 9.324813e-01 -1.785226e-03 9.999054e-01 1.363978e-02 3.227508e-01 1.409600e-02 -1.361328e-02 9.998080e-01 -1.287843e+01
9.999801e-01 -1.710372e-03 6.072040e-03 9.421085e-01 1.780557e-03 9.999315e-01 -1.157202e-02 3.185188e-01 -6.051831e-03 1.158260e-02 9.999146e-01 -1.279492e+01
9.998503e-01 1.606635e-03 -1.722738e-02 9.276648e-01 -1.374498e-03 9.999082e-01 1.347828e-02 3.237594e-01 1.724745e-02 -1.345259e-02 9.997607e-01 -1.302434e+01
9.999826e-01 -1.140039e-03 5.790237e-03 1.002621e+00 1.202374e-03 9.999412e-01 -1.077338e-02 3.304294e-01 -5.777615e-03 1.078016e-02 9.999252e-01 -1.352346e+01
9.998426e-01 1.833717e-03 -1.764880e-02 1.068852e+00 -1.583144e-03 9.998979e-01 1.420125e-02 3.436363e-01 1.767304e-02 -1.417107e-02 9.997434e-01 -1.428152e+01
9.999876e-01 -1.385618e-03 4.788912e-03 1.140887e+00 1.435875e-03 9.999438e-01 -1.050684e-02 3.586627e-01 -4.774084e-03 1.051359e-02 9.999333e-01 -1.510056e+01
9.998565e-01 2.011916e-03 -1.682033e-02 1.216658e+00 -1.782228e-03 9.999051e-01 1.365922e-02 3.714407e-01 1.684622e-02 -1.362728e-02 9.997652e-01 -1.580217e+01
9.999888e-01 -1.503311e-03 4.489663e-03 1.310100e+00 1.551910e-03 9.999400e-01 -1.084076e-02 3.789957e-01 -4.473097e-03 1.084761e-02 9.999312e-01 -1.633996e+01
9.998977e-01 1.353466e-03 -1.423980e-02 1.376280e+00 -1.173254e-03 9.999192e-01 1.265626e-02 3.712257e-01 1.425578e-02 -1.263826e-02 9.998185e-01 -1.628410e+01
9.999908e-01 -1.066880e-03 4.161500e-03 1.437669e+00 1.110761e-03 9.999437e-01 -1.055619e-02 3.737875e-01 -4.150003e-03 1.056072e-02 9.999356e-01 -1.666161e+01
9.998310e-01 1.712483e-03 -1.830431e-02 1.588589e+00 -1.449735e-03 9.998959e-01 1.435808e-02 3.889393e-01 1.832699e-02 -1.432912e-02 9.997294e-01 -1.754608e+01
9.999824e-01 -1.017439e-03 5.850578e-03 1.699800e+00 1.084306e-03 9.999340e-01 -1.143727e-02 3.969156e-01 -5.838555e-03 1.144342e-02 9.999175e-01 -1.812362e+01
9.998367e-01 1.251618e-03 -1.802653e-02 1.815406e+00 -9.992429e-04 9.999015e-01 1.400247e-02 4.004813e-01 1.804228e-02 -1.398217e-02 9.997395e-01 -1.853424e+01
9.999777e-01 -7.064012e-04 6.645387e-03 1.942392e+00 7.843252e-04 9.999309e-01 -1.173064e-02 3.996868e-01 -6.636641e-03 1.173559e-02 9.999091e-01 -1.881575e+01
9.998346e-01 1.171897e-03 -1.814917e-02 2.077820e+00 -9.158066e-04 9.999000e-01 1.411220e-02 4.000011e-01 1.816389e-02 -1.409325e-02 9.997357e-01 -1.914267e+01
9.999762e-01 -3.672326e-04 6.888622e-03 2.207815e+00 4.466219e-04 9.999335e-01 -1.152662e-02 4.025467e-01 -6.883930e-03 1.152942e-02 9.999098e-01 -1.956549e+01
9.998437e-01 5.247669e-04 -1.767271e-02 2.296917e+00 -2.839869e-04 9.999071e-01 1.362418e-02 4.001168e-01 1.767822e-02 -1.361703e-02 9.997510e-01 -1.975288e+01
9.999664e-01 -4.093678e-04 8.190321e-03 2.363493e+00 5.095901e-04 9.999250e-01 -1.223827e-02 3.916032e-01 -8.184697e-03 1.224203e-02 9.998916e-01 -1.963227e+01
9.998941e-01 1.079554e-03 -1.451428e-02 2.310004e+00 -8.909338e-04 9.999152e-01 1.299569e-02 3.862160e-01 1.452708e-02 -1.298138e-02 9.998102e-01 -1.915006e+01
9.999864e-01 -1.197419e-03 5.070554e-03 2.366739e+00 1.258050e-03 9.999276e-01 -1.197107e-02 3.804625e-01 -5.055853e-03 1.197728e-02 9.999155e-01 -1.912638e+01
9.998670e-01 1.466183e-03 -1.624413e-02 2.471609e+00 -1.237864e-03 9.999004e-01 1.405665e-02 3.792334e-01 1.626312e-02 -1.403467e-02 9.997692e-01 -1.936154e+01
9.999851e-01 -1.206009e-03 5.321050e-03 2.566668e+00 1.272284e-03 9.999214e-01 -1.246935e-02 3.726351e-01 -5.305593e-03 1.247594e-02 9.999081e-01 -1.936269e+01
9.999003e-01 1.183743e-03 -1.406876e-02 2.632871e+00 -9.885572e-04 9.999033e-01 1.387262e-02 3.628765e-01 1.408382e-02 -1.385733e-02 9.998048e-01 -1.919037e+01
9.999825e-01 -1.595672e-03 5.693156e-03 2.668899e+00 1.668627e-03 9.999163e-01 -1.283275e-02 3.538315e-01 -5.672202e-03 1.284202e-02 9.999014e-01 -1.898950e+01
9.998750e-01 1.892735e-03 -1.569826e-02 2.721421e+00 -1.658683e-03 9.998875e-01 1.490914e-02 3.487058e-01 1.572471e-02 -1.488123e-02 9.997656e-01 -1.895323e+01
9.999921e-01 -1.648867e-03 3.603797e-03 2.722051e+00 1.692694e-03 9.999242e-01 -1.219234e-02 3.573284e-01 -3.583420e-03 1.219834e-02 9.999192e-01 -1.937768e+01
9.999072e-01 5.856786e-04 -1.361096e-02 2.482486e+00 -3.766682e-04 9.998821e-01 1.535357e-02 3.679422e-01 1.361835e-02 -1.534702e-02 9.997895e-01 -1.936887e+01
9.999913e-01 -5.323324e-04 4.137049e-03 2.508519e+00 5.891177e-04 9.999055e-01 -1.373684e-02 3.676074e-01 -4.129345e-03 1.373915e-02 9.998971e-01 -1.941017e+01
9.998621e-01 1.060142e-03 -1.656982e-02 2.514001e+00 -7.824250e-04 9.998593e-01 1.675792e-02 3.809714e-01 1.658526e-02 -1.674265e-02 9.997223e-01 -2.002089e+01
9.999938e-01 7.126494e-05 3.525542e-03 2.607546e+00 -2.977394e-05 9.999308e-01 -1.176717e-02 4.062607e-01 -3.526137e-03 1.176700e-02 9.999245e-01 -2.133001e+01
9.998417e-01 4.301465e-04 -1.778842e-02 2.659924e+00 -1.288767e-04 9.998566e-01 1.693401e-02 4.361530e-01 1.779315e-02 -1.692903e-02 9.996984e-01 -2.264952e+01
9.999892e-01 8.764559e-04 4.558633e-03 2.785863e+00 -8.214693e-04 9.999271e-01 -1.204987e-02 4.603615e-01 -4.568862e-03 1.204600e-02 9.999170e-01 -2.391773e+01
9.998257e-01 -5.581642e-04 -1.866283e-02 2.896392e+00 8.570486e-04 9.998715e-01 1.601083e-02 4.776939e-01 1.865149e-02 -1.602403e-02 9.996976e-01 -2.485723e+01
9.999738e-01 1.143363e-03 7.150124e-03 2.967816e+00 -1.048586e-03 9.999117e-01 -1.324493e-02 4.860807e-01 -7.164636e-03 1.323708e-02 9.998867e-01 -2.541218e+01
9.998268e-01 -8.734387e-04 -1.859089e-02 3.042795e+00 1.166655e-03 9.998750e-01 1.576710e-02 4.920773e-01 1.857479e-02 -1.578606e-02 9.997028e-01 -2.588045e+01
9.999736e-01 1.301109e-03 7.152038e-03 3.121702e+00 -1.204942e-03 9.999090e-01 -1.343387e-02 4.957979e-01 -7.168866e-03 1.342490e-02 9.998842e-01 -2.626071e+01
9.998229e-01 -5.881358e-04 -1.880940e-02 3.208951e+00 8.943128e-04 9.998672e-01 1.627364e-02 5.036850e-01 1.879733e-02 -1.628758e-02 9.996906e-01 -2.681544e+01
9.999847e-01 2.205875e-03 5.079271e-03 3.353758e+00 -2.151234e-03 9.999400e-01 -1.073794e-02 5.299187e-01 -5.102653e-03 1.072685e-02 9.999294e-01 -2.819440e+01
9.997671e-01 -1.755877e-03 -2.150979e-02 3.502190e+00 2.108861e-03 9.998633e-01 1.639874e-02 5.558904e-01 2.147805e-02 -1.644028e-02 9.996341e-01 -2.951808e+01
9.999485e-01 2.495500e-03 9.834337e-03 3.591407e+00 -2.360988e-03 9.999038e-01 -1.366571e-02 5.630081e-01 -9.867494e-03 1.364179e-02 9.998583e-01 -3.004864e+01
9.997748e-01 -2.395932e-03 -2.108432e-02 3.686251e+00 2.729710e-03 9.998712e-01 1.581614e-02 5.592001e-01 2.104371e-02 -1.587013e-02 9.996526e-01 -3.014908e+01
9.999497e-01 3.121329e-03 9.534901e-03 3.864437e+00 -2.992163e-03 9.999040e-01 -1.353100e-02 5.523661e-01 -9.576220e-03 1.350179e-02 9.998630e-01 -3.024128e+01
9.997701e-01 -2.560781e-03 -2.128674e-02 4.035593e+00 2.908868e-03 9.998623e-01 1.633745e-02 5.564002e-01 2.124198e-02 -1.639561e-02 9.996399e-01 -3.079110e+01
9.999453e-01 3.569353e-03 9.830407e-03 4.200346e+00 -3.436976e-03 9.999036e-01 -1.345013e-02 5.630443e-01 -9.877468e-03 1.341561e-02 9.998612e-01 -3.142652e+01
9.997604e-01 -3.319526e-03 -2.163455e-02 4.303317e+00 3.665487e-03 9.998657e-01 1.597116e-02 5.652419e-01 2.157863e-02 -1.604663e-02 9.996384e-01 -3.181359e+01
9.999352e-01 3.818616e-03 1.072632e-02 4.445002e+00 -3.665871e-03 9.998921e-01 -1.422384e-02 5.601722e-01 -1.077948e-02 1.418360e-02 9.998413e-01 -3.191620e+01
9.997522e-01 -2.651933e-03 -2.210413e-02 4.592389e+00 3.037921e-03 9.998432e-01 1.744703e-02 5.688461e-01 2.205440e-02 -1.750985e-02 9.996034e-01 -3.262493e+01
9.999684e-01 2.379609e-03 7.589834e-03 4.710725e+00 -2.272299e-03 9.998978e-01 -1.411596e-02 5.735870e-01 -7.622649e-03 1.409826e-02 9.998716e-01 -3.305738e+01
9.998610e-01 -2.436939e-03 -1.649632e-02 4.847645e+00 2.693957e-03 9.998751e-01 1.557612e-02 5.655432e-01 1.645630e-02 -1.561840e-02 9.997426e-01 -3.308327e+01
9.999804e-01 3.328920e-03 5.307365e-03 5.006885e+00 -3.261191e-03 9.999138e-01 -1.271919e-02 5.706331e-01 -5.349248e-03 1.270164e-02 9.999050e-01 -3.365907e+01
9.998458e-01 -2.668067e-03 -1.735736e-02 5.140426e+00 2.940139e-03 9.998729e-01 1.566820e-02 5.792895e-01 1.731335e-02 -1.571681e-02 9.997266e-01 -3.431282e+01
9.999813e-01 3.579801e-03 4.961101e-03 5.274265e+00 -3.517512e-03 9.999156e-01 -1.250778e-02 5.886661e-01 -5.005458e-03 1.249010e-02 9.999095e-01 -3.498478e+01
9.998386e-01 -2.969328e-03 -1.772140e-02 5.399620e+00 3.243345e-03 9.998753e-01 1.545388e-02 5.970557e-01 1.767330e-02 -1.550886e-02 9.997235e-01 -3.559483e+01
9.999778e-01 3.959920e-03 5.354425e-03 5.520254e+00 -3.893903e-03 9.999170e-01 -1.228411e-02 6.069316e-01 -5.402624e-03 1.226299e-02 9.999102e-01 -3.626636e+01
9.998298e-01 -3.467273e-03 -1.812069e-02 5.628919e+00 3.748200e-03 9.998730e-01 1.549222e-02 6.190276e-01 1.806468e-02 -1.555751e-02 9.997158e-01 -3.699555e+01
9.999719e-01 4.869947e-03 5.694244e-03 5.793575e+00 -4.803710e-03 9.999213e-01 -1.158859e-02 6.336256e-01 -5.750231e-03 1.156092e-02 9.999166e-01 -3.794066e+01
9.997020e-01 -3.605137e-03 -2.414494e-02 6.212383e+00 3.975315e-03 9.998750e-01 1.530113e-02 6.417905e-01 2.408676e-02 -1.539255e-02 9.995914e-01 -3.887231e+01
