9.999507e-01 -7.504805e-03 -6.502277e-03 1.610602e-01 7.500147e-03 9.999716e-01 -7.404141e-04 -3.671513e-02 6.507648e-03 6.916089e-04 9.999786e-01 1.264878e+00
9.999325e-01 3.701681e-03 -1.101680e-02 6.716945e-01 -3.711467e-03 9.999927e-01 -8.679119e-04 -5.082580e-02 1.101351e-02 9.087425e-04 9.999389e-01 1.342441e+00
9.999680e-01 -7.940120e-03 -9.875654e-04 9.670787e-01 7.939156e-03 9.999680e-01 -9.762182e-04 -6.598480e-02 9.952847e-04 9.683458e-04 9.999990e-01 1.604478e+00
9.999995e-01 -9.943163e-04 -1.414810e-04 1.062270e+00 9.943640e-04 9.999994e-01 3.374293e-04 -1.011422e-01 1.411458e-04 -3.375691e-04 9.999999e-01 3.109123e+00
9.999672e-01 -8.055233e-03 8.201751e-04 1.119247e+00 8.055793e-03 9.999673e-01 -6.817681e-04 -1.337298e-01 -8.146568e-04 6.883522e-04 9.999994e-01 4.625165e+00
9.999967e-01 -2.188826e-03 1.320535e-03 1.157451e+00 2.188608e-03 9.999976e-01 1.666667e-04 -1.701108e-01 -1.320897e-03 -1.637753e-04 9.999991e-01 6.325227e+00
9.999761e-01 -6.769338e-03 -1.371188e-03 1.214859e+00 6.769163e-03 9.999771e-01 -1.326453e-04 -2.057777e-01 1.372054e-03 1.233596e-04 9.999991e-01 7.912131e+00
9.999811e-01 -5.239666e-03 3.214124e-03 1.327885e+00 5.243049e-03 9.999857e-01 -1.045135e-03 -2.520992e-01 -3.208601e-03 1.061967e-03 9.999943e-01 9.888551e+00
9.999828e-01 -5.444427e-03 -2.179255e-03 1.451142e+00 5.445158e-03 9.999851e-01 3.294454e-04 -2.956714e-01 2.177428e-03 -3.413068e-04 9.999976e-01 1.176388e+01
9.999937e-01 -3.374361e-03 1.099657e-03 1.537951e+00 3.374932e-03 9.999942e-01 -5.178231e-04 -3.327563e-01 -1.097903e-03 5.215318e-04 9.999993e-01 1.332899e+01
9.999069e-01 -2.539233e-03 -1.340608e-02 1.732540e+00 2.540809e-03 9.999968e-01 1.005000e-04 -3.618618e-01 1.340579e-02 -1.345537e-04 9.999101e-01 1.425246e+01
9.999948e-01 -3.165954e-03 -5.464567e-04 2.029688e+00 3.164796e-03 9.999928e-01 -2.108171e-03 -3.847365e-01 5.531275e-04 2.106431e-03 9.999976e-01 1.484346e+01
9.999130e-01 -3.173118e-03 -1.280108e-02 2.401734e+00 3.163839e-03 9.999947e-01 -7.450085e-04 -4.079996e-01 1.280338e-02 7.044425e-04 9.999178e-01 1.542063e+01
9.999926e-01 -3.823659e-03 5.195636e-04 2.720324e+00 3.824412e-03 9.999916e-01 -1.455365e-03 -4.385620e-01 -5.139941e-04 1.457342e-03 9.999988e-01 1.624303e+01
9.999628e-01 -4.595666e-03 -7.301163e-03 2.926211e+00 4.599047e-03 9.999893e-01 4.463524e-04 -4.754340e-01 7.299033e-03 -4.799149e-04 9.999732e-01 1.746770e+01
9.999906e-01 -4.284697e-03 6.720173e-04 3.126689e+00 4.285755e-03 9.999896e-01 -1.581519e-03 -5.152426e-01 -6.652336e-04 1.584385e-03 9.999985e-01 1.882075e+01
9.999680e-01 -4.433979e-03 -6.653133e-03 3.308027e+00 4.436952e-03 9.999901e-01 4.321091e-04 -5.541074e-01 6.651150e-03 -4.616156e-04 9.999778e-01 2.017167e+01
9.999586e-01 -5.430013e-03 7.307940e-03 3.410078e+00 5.437343e-03 9.999847e-01 -9.835028e-04 -5.938977e-01 -7.302488e-03 1.023198e-03 9.999728e-01 2.187408e+01
9.999069e-01 -9.729720e-04 -1.360748e-02 3.524680e+00 9.846855e-04 9.999992e-01 8.541406e-04 -6.225181e-01 1.360664e-02 -8.674608e-04 9.999070e-01 2.286553e+01
9.999009e-01 -8.051879e-03 1.155211e-02 3.640179e+00 8.070644e-03 9.999662e-01 -1.578706e-03 -6.589469e-01 -1.153901e-02 1.671784e-03 9.999320e-01 2.433585e+01
9.999537e-01 -4.184373e-03 -8.670577e-03 3.744549e+00 4.188455e-03 9.999911e-01 4.527046e-04 -7.069722e-01 8.668606e-03 -4.890006e-04 9.999623e-01 2.638652e+01
9.998771e-01 -9.691884e-03 1.232115e-02 3.884761e+00 9.719126e-03 9.999505e-01 -2.153026e-03 -7.625355e-01 -1.229968e-02 2.272513e-03 9.999218e-01 2.877294e+01
9.999375e-01 -5.218834e-03 -9.890078e-03 4.051185e+00 5.219136e-03 9.999864e-01 4.673155e-06 -8.250178e-01 9.889919e-03 -5.629119e-05 9.999511e-01 3.139474e+01
9.999027e-01 -9.547277e-03 1.017460e-02 4.266937e+00 9.566939e-03 9.999525e-01 -1.885528e-03 -8.872625e-01 -1.015611e-02 1.982685e-03 9.999465e-01 3.391382e+01
9.999200e-01 -1.856726e-03 -1.250842e-02 4.460175e+00 1.862736e-03 9.999982e-01 4.688388e-04 -9.360782e-01 1.250752e-02 -4.921018e-04 9.999217e-01 3.577826e+01
9.999686e-01 -6.200996e-03 4.940264e-03 4.640702e+00 6.207325e-03 9.999799e-01 -1.266782e-03 -9.726870e-01 -4.932309e-03 1.297409e-03 9.999870e-01 3.710732e+01
9.998575e-01 -3.925719e-06 -1.688372e-02 4.923683e+00 5.665864e-06 1.000000e+00 1.030224e-04 -1.000245e+00 1.688372e-02 -1.031040e-04 9.998575e-01 3.788028e+01
9.999610e-01 -5.578323e-03 6.851485e-03 5.115335e+00 5.582563e-03 9.999842e-01 -5.998544e-04 -1.023945e+00 -6.848030e-03 6.380805e-04 9.999763e-01 3.859726e+01
9.998074e-01 5.670094e-06 -1.962528e-02 5.410520e+00 -2.998403e-05 9.999992e-01 -1.238612e-03 -1.044654e+00 1.962525e-02 1.238961e-03 9.998066e-01 3.908748e+01
9.999213e-01 -7.705724e-03 9.901149e-03 5.652441e+00 7.703206e-03 9.999703e-01 2.924369e-04 -1.078814e+00 -9.903108e-03 -2.161426e-04 9.999509e-01 4.012153e+01
9.998377e-01 9.958129e-04 -1.798916e-02 5.830951e+00 -1.008506e-03 9.999992e-01 -6.965353e-04 -1.107471e+00 1.798845e-02 7.145637e-04 9.998379e-01 4.104342e+01
9.998860e-01 -8.774295e-03 1.229213e-02 5.993370e+00 8.774676e-03 9.999615e-01 2.293378e-05 -1.141022e+00 -1.229185e-02 8.492891e-05 9.999244e-01 4.226895e+01
9.999468e-01 -1.798347e-03 -1.016107e-02 6.058443e+00 1.792827e-03 9.999982e-01 -5.523406e-04 -1.180021e+00 1.016205e-02 5.340935e-04 9.999482e-01 4.403582e+01
9.998796e-01 -8.828139e-03 1.276453e-02 6.140986e+00 8.830366e-03 9.999610e-01 -1.180931e-04 -1.220533e+00 -1.276299e-02 2.307950e-04 9.999185e-01 4.585401e+01
9.998652e-01 1.126844e-03 -1.637724e-02 6.259725e+00 -1.132489e-03 9.999993e-01 -3.353595e-04 -1.251485e+00 1.637685e-02 3.538607e-04 9.998658e-01 4.710092e+01
9.998923e-01 -6.484320e-03 1.316347e-02 6.311855e+00 6.478762e-03 9.999789e-01 4.648812e-04 -1.271224e+00 -1.316621e-02 -3.795475e-04 9.999132e-01 4.795654e+01
9.997974e-01 2.165837e-03 -2.001195e-02 6.385188e+00 -2.168480e-03 9.999976e-01 -1.103410e-04 -1.290049e+00 2.001166e-02 1.537135e-04 9.997997e-01 4.862904e+01
9.998595e-01 -7.997131e-03 1.472959e-02 6.484423e+00 7.996892e-03 9.999680e-01 7.512443e-05 -1.314653e+00 -1.472972e-02 4.267768e-05 9.998915e-01 4.957536e+01
9.998201e-01 2.196605e-03 -1.883763e-02 6.561667e+00 -2.194991e-03 9.999976e-01 1.063983e-04 -1.338193e+00 1.883782e-02 -6.503135e-05 9.998226e-01 5.050843e+01
9.998867e-01 -7.111628e-03 1.326921e-02 6.654972e+00 7.113732e-03 9.999747e-01 -1.113552e-04 -1.358251e+00 -1.326808e-02 2.057368e-04 9.999120e-01 5.126897e+01
9.997688e-01 4.693747e-03 -2.098574e-02 6.693434e+00 -4.688656e-03 9.999890e-01 2.918078e-04 -1.365564e+00 2.098688e-02 -1.933461e-04 9.997797e-01 5.148636e+01
9.998961e-01 -6.579550e-03 1.282761e-02 6.718627e+00 6.586931e-03 9.999782e-01 -5.332300e-04 -1.367748e+00 -1.282382e-02 6.176698e-04 9.999176e-01 5.149738e+01
9.997732e-01 5.319080e-03 -2.061940e-02 6.733325e+00 -5.318613e-03 9.999859e-01 7.745315e-05 -1.365269e+00 2.061952e-02 3.223039e-05 9.997874e-01 5.129347e+01
9.998622e-01 -7.038691e-03 1.503492e-02 6.761269e+00 7.052301e-03 9.999748e-01 -8.524299e-04 -1.359921e+00 -1.502854e-02 9.583439e-04 9.998866e-01 5.096377e+01
9.997495e-01 4.918158e-03 -2.183352e-02 6.771154e+00 -4.913888e-03 9.999879e-01 2.492327e-04 -1.359987e+00 2.183448e-02 -1.418835e-04 9.997616e-01 5.090949e+01
9.998836e-01 -6.530038e-03 1.378702e-02 6.779619e+00 6.535041e-03 9.999786e-01 -3.178447e-04 -1.361313e+00 -1.378465e-02 4.079071e-04 9.999049e-01 5.092894e+01
9.997030e-01 4.669643e-03 -2.391670e-02 6.894548e+00 -4.702460e-03 9.999881e-01 -1.316061e-03 -1.359940e+00 2.391027e-02 1.428137e-03 9.997131e-01 5.067467e+01
9.997950e-01 -6.562450e-03 1.915213e-02 7.084661e+00 6.562468e-03 9.999785e-01 6.192188e-05 -1.344238e+00 -1.915213e-02 6.377672e-05 9.998166e-01 4.975801e+01
9.996956e-01 3.495664e-03 -2.442262e-02 7.064470e+00 -3.519185e-03 9.999934e-01 -9.201450e-04 -1.345566e+00 2.441924e-02 1.005812e-03 9.997013e-01 4.984850e+01
9.997790e-01 -7.537500e-03 1.962469e-02 7.094749e+00 7.507129e-03 9.999705e-01 1.620799e-03 -1.360125e+00 -1.963633e-02 -1.473115e-03 9.998061e-01 5.048723e+01
9.996619e-01 4.570280e-03 -2.559652e-02 7.137052e+00 -4.603671e-03 9.999886e-01 -1.245726e-03 -1.371595e+00 2.559054e-02 1.363143e-03 9.996716e-01 5.092794e+01
9.997327e-01 -9.160100e-03 2.122886e-02 7.166058e+00 9.129833e-03 9.999572e-01 1.522207e-03 -1.387221e+00 -2.124189e-02 -1.327984e-03 9.997735e-01 5.160182e+01
9.997105e-01 3.679290e-03 -2.377954e-02 7.180202e+00 -3.704888e-03 9.999926e-01 -1.032507e-03 -1.405027e+00 2.377556e-02 1.120308e-03 9.997167e-01 5.246128e+01
9.997427e-01 -8.853059e-03 2.088373e-02 7.199662e+00 8.820583e-03 9.999597e-01 1.646665e-03 -1.422732e+00 -2.089747e-02 -1.462034e-03 9.997806e-01 5.329570e+01
9.996430e-01 5.282885e-03 -2.619084e-02 7.242262e+00 -5.307506e-03 9.999855e-01 -8.706357e-04 -1.436141e+00 2.618586e-02 1.009332e-03 9.996566e-01 5.383681e+01
9.997781e-01 -8.171030e-03 1.941775e-02 7.281185e+00 8.153825e-03 9.999663e-01 9.650432e-04 -1.445988e+00 -1.942498e-02 -8.064995e-04 9.998110e-01 5.418663e+01
9.996197e-01 5.607969e-03 -2.700081e-02 7.335389e+00 -5.644115e-03 9.999833e-01 -1.262686e-03 -1.450442e+00 2.699328e-02 1.414601e-03 9.996346e-01 5.424318e+01
9.998079e-01 -6.464542e-03 1.850194e-02 7.367029e+00 6.453179e-03 9.999790e-01 6.737762e-04 -1.444997e+00 -1.850590e-02 -5.542499e-04 9.998286e-01 5.390017e+01
9.997400e-01 4.052596e-03 -2.243790e-02 7.532910e+00 -4.149124e-03 9.999823e-01 -4.257095e-03 -1.426395e+00 2.242025e-02 4.349085e-03 9.997392e-01 5.293437e+01
9.998839e-01 -6.459153e-03 1.380065e-02 7.610260e+00 6.407629e-03 9.999723e-01 3.774363e-03 -1.435406e+00 -1.382465e-02 -3.685494e-03 9.998976e-01 5.318139e+01
9.997255e-01 5.713413e-03 -2.272315e-02 7.668724e+00 -5.799868e-03 9.999762e-01 -3.740606e-03 -1.431015e+00 2.270124e-02 3.871370e-03 9.997348e-01 5.287763e+01
9.998105e-01 -8.668518e-03 1.743019e-02 7.681525e+00 8.609893e-03 9.999570e-01 3.435664e-03 -1.436304e+00 -1.745922e-02 -3.284940e-03 9.998422e-01 5.305408e+01
9.996509e-01 6.577031e-03 -2.558904e-02 7.744129e+00 -6.645087e-03 9.999746e-01 -2.575446e-03 -1.440830e+00 2.557145e-02 2.744588e-03 9.996692e-01 5.316333e+01
9.997817e-01 -7.998691e-03 1.930088e-02 7.809679e+00 7.973264e-03 9.999672e-01 1.393998e-03 -1.429378e+00 -1.931139e-02 -1.239802e-03 9.998127e-01 5.254688e+01
9.997085e-01 5.589076e-03 -2.348701e-02 7.965816e+00 -5.698766e-03 9.999732e-01 -4.605926e-03 -1.414197e+00 2.346063e-02 4.738430e-03 9.997135e-01 5.167859e+01
9.998084e-01 -7.839678e-03 1.793671e-02 7.995843e+00 7.777630e-03 9.999635e-01 3.526424e-03 -1.407161e+00 -1.796370e-02 -3.386243e-03 9.998329e-01 5.138060e+01
9.996865e-01 5.925460e-03 -2.432522e-02 8.014544e+00 -6.044554e-03 9.999701e-01 -4.825312e-03 -1.400981e+00 2.429590e-02 4.970834e-03 9.996925e-01 5.112125e+01
9.997225e-01 -1.107342e-02 2.079417e-02 8.043030e+00 1.096827e-02 9.999265e-01 5.164341e-03 -1.419766e+00 -2.084983e-02 -4.934831e-03 9.997704e-01 5.193916e+01
9.996263e-01 7.364954e-03 -2.632552e-02 8.092564e+00 -7.477317e-03 9.999633e-01 -4.172351e-03 -1.435126e+00 2.629383e-02 4.367636e-03 9.996447e-01 5.258195e+01
9.998047e-01 -8.403842e-03 1.788875e-02 8.087363e+00 8.328567e-03 9.999562e-01 4.278321e-03 -1.433781e+00 -1.792392e-02 -4.128497e-03 9.998308e-01 5.249538e+01
9.996736e-01 6.531924e-03 -2.469759e-02 8.079139e+00 -6.659203e-03 9.999650e-01 -5.074744e-03 -1.433344e+00 2.466357e-02 5.237553e-03 9.996821e-01 5.241870e+01
9.998174e-01 -7.806820e-03 1.744450e-02 8.066924e+00 7.731935e-03 9.999606e-01 4.356114e-03 -1.429707e+00 -1.747782e-02 -4.220438e-03 9.998383e-01 5.221402e+01
9.997535e-01 3.738310e-03 -2.188677e-02 8.085927e+00 -3.822017e-03 9.999855e-01 -3.783958e-03 -1.444365e+00 2.187231e-02 3.866676e-03 9.997533e-01 5.286370e+01
9.997696e-01 -9.036615e-03 1.947036e-02 8.096313e+00 8.957465e-03 9.999513e-01 4.148506e-03 -1.462001e+00 -1.950690e-02 -3.973145e-03 9.998018e-01 5.369590e+01
9.998085e-01 1.681940e-03 -1.949805e-02 8.107583e+00 -1.759969e-03 9.999905e-01 -3.985409e-03 -1.487396e+00 1.949116e-02 4.018961e-03 9.998020e-01 5.487926e+01
9.996494e-01 -1.204745e-02 2.358039e-02 8.118394e+00 1.196101e-02 9.999212e-01 3.803341e-03 -1.524955e+00 -2.362435e-02 -3.519961e-03 9.997147e-01 5.666374e+01
9.998059e-01 1.190849e-03 -1.966784e-02 8.142935e+00 -1.268770e-03 9.999914e-01 -3.949862e-03 -1.563592e+00 1.966296e-02 3.974048e-03 9.997988e-01 5.850948e+01
9.996846e-01 -1.139373e-02 2.237830e-02 8.197695e+00 1.131854e-02 9.999299e-01 3.483544e-03 -1.601240e+00 -2.241642e-02 -3.229156e-03 9.997435e-01 6.022193e+01
9.996790e-01 5.149916e-03 -2.480711e-02 8.252947e+00 -5.232700e-03 9.999810e-01 -3.273351e-03 -1.623895e+00 2.478978e-02 3.402108e-03 9.996869e-01 6.124380e+01
9.998143e-01 -7.327516e-03 1.782157e-02 8.258762e+00 7.260232e-03 9.999663e-01 3.837212e-03 -1.630626e+00 -1.784908e-02 -3.707110e-03 9.998338e-01 6.152746e+01
9.996355e-01 5.473105e-03 -2.643744e-02 8.359747e+00 -5.659162e-03 9.999597e-01 -6.967949e-03 -1.623760e+00 2.639824e-02 7.115022e-03 9.996262e-01 6.108807e+01
9.997243e-01 -7.828260e-03 2.213616e-02 8.444908e+00 7.696760e-03 9.999523e-01 6.019505e-03 -1.616785e+00 -2.218222e-02 -5.847468e-03 9.997368e-01 6.065279e+01
9.995613e-01 4.806575e-03 -2.922515e-02 8.482250e+00 -4.964550e-03 9.999734e-01 -5.335302e-03 -1.628553e+00 2.919873e-02 5.478050e-03 9.995586e-01 6.104680e+01
9.997470e-01 -8.387351e-03 2.087048e-02 8.589074e+00 8.273148e-03 9.999504e-01 5.552299e-03 -1.643822e+00 -2.091601e-02 -5.378229e-03 9.997668e-01 6.149420e+01
9.994154e-01 6.985006e-03 -3.346611e-02 8.750281e+00 -7.225373e-03 9.999489e-01 -7.066837e-03 -1.644650e+00 3.341504e-02 7.304510e-03 9.994149e-01 6.133447e+01
9.992440e-01 -1.750419e-02 3.471458e-02 8.895653e+00 1.729486e-02 9.998305e-01 6.321201e-03 -1.686016e+00 -3.481934e-02 -5.716037e-03 9.993773e-01 6.297420e+01
9.996454e-01 -1.024191e-03 -2.660963e-02 9.058926e+00 8.057625e-04 9.999659e-01 -8.218039e-03 -1.756529e+00 2.661714e-02 8.193684e-03 9.996121e-01 6.606894e+01
9.990702e-01 -1.927662e-02 3.856429e-02 9.153287e+00 1.905860e-02 9.998003e-01 6.013257e-03 -1.830476e+00 -3.867250e-02 -5.272684e-03 9.992380e-01 6.948976e+01
9.996618e-01 -5.796747e-04 -2.600039e-02 9.243880e+00 3.829063e-04 9.999713e-01 -7.572238e-03 -1.903814e+00 2.600403e-02 7.559721e-03 9.996333e-01 7.287237e+01
9.991114e-01 -1.880841e-02 3.771762e-02 9.378033e+00 1.862077e-02 9.998125e-01 5.320119e-03 -1.978232e+00 -3.781061e-02 -4.613060e-03 9.992743e-01 7.619537e+01
9.997388e-01 -3.286016e-03 -2.261717e-02 9.491276e+00 3.116356e-03 9.999668e-01 -7.532548e-03 -2.059315e+00 2.264117e-02 7.460096e-03 9.997158e-01 7.990684e+01
9.990847e-01 -1.852110e-02 3.855757e-02 9.578335e+00 1.833437e-02 9.998184e-01 5.190903e-03 -2.140786e+00 -3.864671e-02 -4.479223e-03 9.992429e-01 8.367023e+01
9.996001e-01 5.482834e-05 -2.827654e-02 9.675407e+00 -2.366873e-04 9.999793e-01 -6.428134e-03 -2.208634e+00 2.827560e-02 6.432256e-03 9.995795e-01 8.681692e+01
9.994722e-01 -1.057716e-02 3.071449e-02 9.752499e+00 1.040084e-02 9.999285e-01 5.894813e-03 -2.247973e+00 -3.077465e-02 -5.572245e-03 9.995108e-01 8.860307e+01
9.996306e-01 5.589246e-04 -2.717316e-02 9.746572e+00 -7.169035e-04 9.999829e-01 -5.804387e-03 -2.282104e+00 2.716945e-02 5.821723e-03 9.996139e-01 9.026366e+01
9.995897e-01 -8.295450e-03 2.741540e-02 9.790842e+00 8.149606e-03 9.999521e-01 5.427260e-03 -2.309581e+00 -2.745910e-02 -5.201608e-03 9.996094e-01 9.159142e+01
9.995685e-01 2.518114e-03 -2.926683e-02 9.816900e+00 -2.665251e-03 9.999840e-01 -4.989497e-03 -2.329026e+00 2.925380e-02 5.065347e-03 9.995592e-01 9.249033e+01
9.994390e-01 -1.182787e-02 3.133300e-02 9.841398e+00 1.168071e-02 9.999199e-01 4.875386e-03 -2.361629e+00 -3.138816e-02 -4.506659e-03 9.994971e-01 9.403198e+01
9.996063e-01 1.333338e-03 -2.802744e-02 9.877613e+00 -1.474262e-03 9.999864e-01 -5.008022e-03 -2.398556e+00 2.802038e-02 5.047370e-03 9.995946e-01 9.576531e+01
9.995368e-01 -9.924964e-03 2.876992e-02 9.929035e+00 9.785949e-03 9.999398e-01 4.968739e-03 -2.431036e+00 -2.881750e-02 -4.684896e-03 9.995737e-01 9.722193e+01
9.995350e-01 2.974900e-03 -3.034767e-02 9.972682e+00 -3.120617e-03 9.999838e-01 -4.755326e-03 -2.454999e+00 3.033303e-02 4.847818e-03 9.995281e-01 9.830031e+01
9.995145e-01 -9.905581e-03 2.954199e-02 1.000472e+01 9.765656e-03 9.999404e-01 4.877017e-03 -2.478749e+00 -2.958854e-02 -4.586151e-03 9.995516e-01 9.940044e+01
9.995652e-01 2.473577e-03 -2.938035e-02 1.001452e+01 -2.606279e-03 9.999866e-01 -4.479247e-03 -2.504239e+00 2.936888e-02 4.553873e-03 9.995583e-01 1.006108e+02
9.995160e-01 -1.004626e-02 2.944290e-02 1.004087e+01 9.917973e-03 9.999407e-01 4.499817e-03 -2.530400e+00 -2.948636e-02 -4.205625e-03 9.995563e-01 1.018531e+02
9.992966e-01 7.824203e-03 -3.667417e-02 1.009926e+01 -7.951351e-03 9.999629e-01 -3.322384e-03 -2.539488e+00 3.664681e-02 3.611656e-03 9.993218e-01 1.021432e+02
9.994937e-01 -9.866020e-03 3.024896e-02 1.014512e+01 9.775678e-03 9.999473e-01 3.133049e-03 -2.539300e+00 -3.027828e-02 -2.835758e-03 9.995375e-01 1.020216e+02
9.992317e-01 7.944537e-03 -3.837789e-02 1.016955e+01 -8.103009e-03 9.999593e-01 -3.975487e-03 -2.536164e+00 3.834474e-02 4.283409e-03 9.992554e-01 1.017706e+02
9.994105e-01 -1.032325e-02 3.274393e-02 1.032097e+01 1.025861e-02 9.999451e-01 2.141730e-03 -2.525604e+00 -3.276424e-02 -1.804560e-03 9.994615e-01 1.011022e+02
9.992758e-01 7.743114e-03 -3.725447e-02 1.049298e+01 -7.906084e-03 9.999598e-01 -4.229169e-03 -2.512073e+00 3.722022e-02 4.520642e-03 9.992969e-01 1.002979e+02
9.994523e-01 -9.794188e-03 3.160845e-02 1.063187e+01 9.743077e-03 9.999510e-01 1.770640e-03 -2.498427e+00 -3.162424e-02 -1.461706e-03 9.994988e-01 9.953376e+01
9.993312e-01 7.467627e-03 -3.579683e-02 1.072706e+01 -7.596993e-03 9.999651e-01 -3.479226e-03 -2.486578e+00 3.576960e-02 3.748847e-03 9.993530e-01 9.889871e+01
9.995125e-01 -9.062400e-03 2.987573e-02 1.080371e+01 9.007402e-03 9.999575e-01 1.974982e-03 -2.476915e+00 -2.989235e-02 -1.704917e-03 9.995517e-01 9.834448e+01
9.993661e-01 6.809463e-03 -3.494251e-02 1.092518e+01 -6.944791e-03 9.999688e-01 -3.752984e-03 -2.465807e+00 3.491586e-02 3.993273e-03 9.993823e-01 9.767294e+01
9.994860e-01 -9.057041e-03 3.075298e-02 1.103025e+01 9.015819e-03 9.999583e-01 1.478825e-03 -2.450903e+00 -3.076509e-02 -1.200801e-03 9.995259e-01 9.688356e+01
9.993835e-01 6.302190e-03 -3.453763e-02 1.118111e+01 -6.476374e-03 9.999669e-01 -4.933758e-03 -2.432302e+00 3.450539e-02 5.154395e-03 9.993912e-01 9.588487e+01
9.994423e-01 -9.294912e-03 3.207191e-02 1.134346e+01 9.282433e-03 9.999568e-01 5.379689e-04 -2.409612e+00 -3.207552e-02 -2.399630e-04 9.994854e-01 9.470430e+01
9.993552e-01 6.868883e-03 -3.524118e-02 1.143126e+01 -6.981073e-03 9.999709e-01 -3.061432e-03 -2.393288e+00 3.521912e-02 3.305478e-03 9.993741e-01 9.387141e+01
9.995577e-01 -8.276870e-03 2.856273e-02 1.146736e+01 8.208187e-03 9.999631e-01 2.521069e-03 -2.388524e+00 -2.858254e-02 -2.285505e-03 9.995888e-01 9.353558e+01
9.994255e-01 6.292049e-03 -3.330282e-02 1.155149e+01 -6.472779e-03 9.999649e-01 -5.321842e-03 -2.371902e+00 3.326817e-02 5.534346e-03 9.994311e-01 9.267304e+01
9.994827e-01 -9.014720e-03 3.087222e-02 1.167045e+01 8.975318e-03 9.999587e-01 1.414610e-03 -2.350165e+00 -3.088370e-02 -1.136790e-03 9.995223e-01 9.157473e+01
9.994115e-01 6.138377e-03 -3.374774e-02 1.181420e+01 -6.315861e-03 9.999668e-01 -5.155032e-03 -2.328751e+00 3.371498e-02 5.365143e-03 9.994171e-01 9.047387e+01
9.994713e-01 -9.000550e-03 3.124176e-02 1.196533e+01 8.953633e-03 9.999586e-01 1.641339e-03 -2.308758e+00 -3.125523e-02 -1.360744e-03 9.995105e-01 8.941947e+01
9.993625e-01 6.419635e-03 -3.511991e-02 1.211056e+01 -6.582165e-03 9.999681e-01 -4.514200e-03 -2.291713e+00 3.508981e-02 4.742487e-03 9.993729e-01 8.848807e+01
9.995218e-01 -8.718766e-03 2.966626e-02 1.225983e+01 8.653457e-03 9.999598e-01 2.329112e-03 -2.279175e+00 -2.968537e-02 -2.071282e-03 9.995571e-01 8.775437e+01
9.993114e-01 6.840677e-03 -3.646925e-02 1.238041e+01 -6.964244e-03 9.999704e-01 -3.262292e-03 -2.268955e+00 3.644585e-02 3.514025e-03 9.993295e-01 8.711262e+01
9.994272e-01 -9.067569e-03 3.260453e-02 1.246708e+01 9.033425e-03 9.999585e-01 1.194364e-03 -2.255890e+00 -3.261401e-02 -8.991487e-04 9.994676e-01 8.641069e+01
9.992449e-01 7.378728e-03 -3.814584e-02 1.254844e+01 -7.474503e-03 9.999693e-01 -2.368756e-03 -2.245553e+00 3.812719e-02 2.652088e-03 9.992694e-01 8.580139e+01
9.994040e-01 -9.470787e-03 3.319608e-02 1.266701e+01 9.464707e-03 9.999552e-01 3.402956e-04 -2.233748e+00 -3.319781e-02 -2.590115e-05 9.994488e-01 8.509306e+01
9.992843e-01 6.940401e-03 -3.718551e-02 1.280015e+01 -7.060705e-03 9.999703e-01 -3.104868e-03 -2.217862e+00 3.716285e-02 3.365201e-03 9.993036e-01 8.420962e+01
9.994674e-01 -8.551183e-03 3.149388e-02 1.286550e+01 8.490991e-03 9.999619e-01 2.044495e-03 -2.208855e+00 -3.151017e-02 -1.775992e-03 9.995019e-01 8.367716e+01
9.993471e-01 6.382118e-03 -3.556177e-02 1.296271e+01 -6.530201e-03 9.999705e-01 -4.049518e-03 -2.193191e+00 3.553487e-02 4.279099e-03 9.993593e-01 8.286255e+01
9.994676e-01 -8.545601e-03 3.148817e-02 1.306073e+01 8.495970e-03 9.999624e-01 1.709647e-03 -2.178619e+00 -3.150160e-02 -1.441214e-03 9.995027e-01 8.207489e+01
9.993779e-01 5.649685e-03 -3.481234e-02 1.322473e+01 -5.857288e-03 9.999657e-01 -5.864363e-03 -2.157693e+00 3.477802e-02 6.064620e-03 9.993767e-01 8.097778e+01
9.993980e-01 -8.973424e-03 3.351415e-02 1.339924e+01 8.954791e-03 9.999597e-01 7.060360e-04 -2.130332e+00 -3.351913e-02 -4.054982e-04 9.994380e-01 7.960607e+01
9.993330e-01 5.963967e-03 -3.602802e-02 1.352826e+01 -6.138533e-03 9.999699e-01 -4.736614e-03 -2.107788e+00 3.599869e-02 4.954614e-03 9.993396e-01 7.847768e+01
9.993566e-01 -9.313784e-03 3.463585e-02 1.370577e+01 9.356304e-03 9.999557e-01 -1.065743e-03 -2.079199e+00 -3.462439e-02 1.389122e-03 9.993994e-01 7.705601e+01
9.993250e-01 5.965636e-03 -3.624722e-02 1.388045e+01 -6.102290e-03 9.999747e-01 -3.660587e-03 -2.052383e+00 3.622446e-02 3.879307e-03 9.993361e-01 7.572187e+01
9.994090e-01 -8.647795e-03 3.326814e-02 1.401006e+01 8.650644e-03 9.999626e-01 5.830844e-05 -2.031973e+00 -3.326740e-02 2.295174e-04 9.994465e-01 7.467936e+01
9.993441e-01 5.431329e-03 -3.580308e-02 1.424414e+01 -5.627351e-03 9.999697e-01 -5.376497e-03 -2.006350e+00 3.577280e-02 5.574446e-03 9.993444e-01 7.335727e+01
9.993640e-01 -9.295709e-03 3.442759e-02 1.453348e+01 9.392096e-03 9.999524e-01 -2.639026e-03 -1.971039e+00 -3.440142e-02 2.960695e-03 9.994037e-01 7.157559e+01
9.994242e-01 5.525252e-03 -3.347688e-02 1.472070e+01 -5.633675e-03 9.999792e-01 -3.145267e-03 -1.935978e+00 3.345880e-02 3.332054e-03 9.994345e-01 6.997230e+01
9.995305e-01 -7.941251e-03 2.959213e-02 1.485881e+01 7.965930e-03 9.999680e-01 -7.161450e-04 -1.913885e+00 -2.958550e-02 9.515381e-04 9.995618e-01 6.888559e+01
9.995399e-01 5.078196e-03 -2.990435e-02 1.486620e+01 -5.197110e-03 9.999789e-01 -3.900079e-03 -1.884231e+00 2.988392e-02 4.053700e-03 9.995452e-01 6.761356e+01
9.994988e-01 -8.260693e-03 3.055985e-02 1.489663e+01 8.378402e-03 9.999580e-01 -3.725690e-03 -1.845634e+00 -3.052779e-02 3.979866e-03 9.995260e-01 6.595394e+01
9.995956e-01 4.835405e-03 -2.802267e-02 1.494529e+01 -4.905826e-03 9.999850e-01 -2.444808e-03 -1.807270e+00 2.801043e-02 2.581293e-03 9.996043e-01 6.430297e+01
9.996080e-01 -7.934875e-03 2.684784e-02 1.508563e+01 8.010077e-03 9.999643e-01 -2.694634e-03 -1.779411e+00 -2.682550e-02 2.908632e-03 9.996359e-01 6.296379e+01
9.995791e-01 4.634437e-03 -2.863831e-02 1.527031e+01 -4.702647e-03 9.999863e-01 -2.314873e-03 -1.753212e+00 2.862719e-02 2.448574e-03 9.995872e-01 6.163499e+01
9.996426e-01 -7.034115e-03 2.579004e-02 1.538105e+01 7.050702e-03 9.999750e-01 -5.522860e-04 -1.734984e+00 -2.578551e-02 7.339270e-04 9.996672e-01 6.071928e+01
9.995105e-01 4.894451e-03 -3.090121e-02 1.551067e+01 -4.961120e-03 9.999855e-01 -2.081166e-03 -1.719891e+00 3.089058e-02 2.233451e-03 9.995203e-01 5.989299e+01
9.995871e-01 -7.397131e-03 2.776390e-02 1.563447e+01 7.434286e-03 9.999716e-01 -1.235273e-03 -1.699815e+00 -2.775397e-02 1.441168e-03 9.996137e-01 5.888858e+01
9.994807e-01 5.529645e-03 -3.174457e-02 1.570191e+01 -5.533227e-03 9.999847e-01 -2.496844e-05 -1.689090e+00 3.174395e-02 2.006049e-04 9.994960e-01 5.832165e+01
9.996287e-01 -7.338020e-03 2.624012e-02 1.583165e+01 7.400478e-03 9.999700e-01 -2.283917e-03 -1.676427e+00 -2.622257e-02 2.477259e-03 9.996531e-01 5.760067e+01
9.995285e-01 5.028474e-03 -3.029096e-02 1.597012e+01 -5.054345e-03 9.999869e-01 -7.775453e-04 -1.659562e+00 3.028665e-02 9.302791e-04 9.995408e-01 5.669007e+01
9.996010e-01 -7.681145e-03 2.718265e-02 1.612756e+01 7.762804e-03 9.999657e-01 -2.899827e-03 -1.639571e+00 -2.715944e-02 3.109684e-03 9.996263e-01 5.564530e+01
9.994905e-01 5.359587e-03 -3.146301e-02 1.624837e+01 -5.348438e-03 9.999856e-01 4.384970e-04 -1.624670e+00 3.146491e-02 -2.699961e-04 9.995048e-01 5.484621e+01
9.996370e-01 -7.034093e-03 2.600913e-02 1.632425e+01 7.072310e-03 9.999740e-01 -1.377656e-03 -1.616818e+00 -2.599876e-02 1.561101e-03 9.996608e-01 5.439089e+01
9.994430e-01 5.380147e-03 -3.293463e-02 1.639135e+01 -5.327244e-03 9.999844e-01 1.693837e-03 -1.618646e+00 3.294322e-02 -1.517443e-03 9.994561e-01 5.431575e+01
9.996415e-01 -6.412062e-03 2.599473e-02 1.644479e+01 6.469638e-03 9.999768e-01 -2.131418e-03 -1.613428e+00 -2.598046e-02 2.298831e-03 9.996598e-01 5.396429e+01
9.994835e-01 4.993391e-03 -3.174476e-02 1.648919e+01 -4.969892e-03 9.999873e-01 8.191143e-04 -1.602887e+00 3.174844e-02 -6.609237e-04 9.994957e-01 5.340010e+01
9.996137e-01 -6.632337e-03 2.698930e-02 1.655459e+01 6.720159e-03 9.999724e-01 -3.164523e-03 -1.587025e+00 -2.696757e-02 3.344673e-03 9.996307e-01 5.260642e+01
9.995537e-01 3.738953e-03 -2.963961e-02 1.668466e+01 -3.784511e-03 9.999917e-01 -1.481104e-03 -1.563119e+00 2.963382e-02 1.592614e-03 9.995596e-01 5.140347e+01
9.995907e-01 -6.631264e-03 2.782733e-02 1.682619e+01 6.729727e-03 9.999714e-01 -3.446182e-03 -1.535981e+00 -2.780368e-02 3.632043e-03 9.996068e-01 5.009284e+01
9.995293e-01 3.895129e-03 -3.042903e-02 1.695084e+01 -3.900308e-03 9.999924e-01 -1.108324e-04 -1.514524e+00 3.042836e-02 2.294624e-04 9.995369e-01 4.901440e+01
9.996198e-01 -6.369667e-03 2.682815e-02 1.706204e+01 6.464337e-03 9.999732e-01 -3.443515e-03 -1.494544e+00 -2.680549e-02 3.615632e-03 9.996341e-01 4.798654e+01
9.994920e-01 4.389340e-03 -3.156561e-02 1.713462e+01 -4.308547e-03 9.999873e-01 2.627080e-03 -1.485443e+00 3.157674e-02 -2.489745e-03 9.994982e-01 4.743627e+01
9.996007e-01 -8.419668e-03 2.697445e-02 1.717365e+01 8.489576e-03 9.999609e-01 -2.478177e-03 -1.499201e+00 -2.695253e-02 2.706190e-03 9.996331e-01 4.798868e+01
9.995399e-01 3.840825e-03 -3.008836e-02 1.714991e+01 -3.751310e-03 9.999884e-01 3.030945e-03 -1.511659e+00 3.009965e-02 -2.916680e-03 9.995426e-01 4.868832e+01
9.996918e-01 -4.707106e-03 2.437358e-02 1.703760e+01 4.789778e-03 9.999830e-01 -3.334582e-03 -1.503009e+00 -2.435747e-02 3.450299e-03 9.996974e-01 4.859415e+01
9.996274e-01 1.705954e-03 -2.724115e-02 1.725098e+01 -1.745676e-03 9.999974e-01 -1.434448e-03 -1.478044e+00 2.723864e-02 1.481467e-03 9.996279e-01 4.731385e+01
9.996473e-01 -4.965211e-03 2.609012e-02 1.743821e+01 5.066952e-03 9.999798e-01 -3.834950e-03 -1.450271e+00 -2.607055e-02 3.965795e-03 9.996522e-01 4.593469e+01
9.996139e-01 1.367995e-03 -2.775062e-02 1.768605e+01 -1.423015e-03 9.999971e-01 -1.962998e-03 -1.420942e+00 2.774786e-02 2.001729e-03 9.996130e-01 4.443614e+01
9.996462e-01 -4.973337e-03 2.613108e-02 1.793731e+01 5.074667e-03 9.999799e-01 -3.812888e-03 -1.390829e+00 -2.611159e-02 3.944146e-03 9.996513e-01 4.290188e+01
9.996322e-01 1.378823e-03 -2.708516e-02 1.811643e+01 -1.407548e-03 9.999985e-01 -1.041495e-03 -1.363915e+00 2.708368e-02 1.079236e-03 9.996326e-01 4.153312e+01
9.996973e-01 -4.078682e-03 2.426123e-02 1.826754e+01 4.150039e-03 9.999872e-01 -2.891586e-03 -1.340776e+00 -2.424912e-02 2.991396e-03 9.997015e-01 4.036999e+01
9.995988e-01 1.764568e-03 -2.827043e-02 1.837665e+01 -1.769871e-03 9.999984e-01 -1.625807e-04 -1.322412e+00 2.827009e-02 2.125500e-04 9.996003e-01 3.943971e+01
9.996823e-01 -4.090164e-03 2.487171e-02 1.848927e+01 4.180510e-03 9.999848e-01 -3.581554e-03 -1.302389e+00 -2.485668e-02 3.684393e-03 9.996842e-01 3.843756e+01
9.996094e-01 1.485301e-03 -2.790890e-02 1.861562e+01 -1.492524e-03 9.999989e-01 -2.379949e-04 -1.281563e+00 2.790851e-02 2.795562e-04 9.996104e-01 3.738031e+01
9.996765e-01 -3.953608e-03 2.512402e-02 1.871886e+01 4.049659e-03 9.999847e-01 -3.773362e-03 -1.259697e+00 -2.510872e-02 3.873886e-03 9.996772e-01 3.631054e+01
9.996227e-01 1.331263e-03 -2.743495e-02 1.881361e+01 -1.338633e-03 9.999991e-01 -2.502761e-04 -1.237088e+00 2.743459e-02 2.869066e-04 9.996236e-01 3.521115e+01
9.996946e-01 -3.771231e-03 2.442443e-02 1.891123e+01 3.852651e-03 9.999872e-01 -3.287332e-03 -1.216711e+00 -2.441171e-02 3.380427e-03 9.996963e-01 3.420264e+01
9.996463e-01 7.332406e-04 -2.658574e-02 1.901206e+01 -8.007968e-04 9.999965e-01 -2.530502e-03 -1.190013e+00 2.658379e-02 2.550896e-03 9.996433e-01 3.291873e+01
9.996986e-01 -2.935278e-03 2.437375e-02 1.909576e+01 2.993565e-03 9.999927e-01 -2.355204e-03 -1.166670e+00 -2.436666e-02 2.427459e-03 9.997001e-01 3.182077e+01
9.996543e-01 -7.233857e-04 -2.628401e-02 1.934093e+01 6.214371e-04 9.999923e-01 -3.886687e-03 -1.136919e+00 2.628662e-02 3.869009e-03 9.996470e-01 3.028475e+01
9.996480e-01 -3.258736e-03 2.633127e-02 1.963279e+01 3.330574e-03 9.999908e-01 -2.684829e-03 -1.103694e+00 -2.632228e-02 2.771582e-03 9.996497e-01 2.861968e+01
9.995756e-01 -6.770722e-04 -2.912389e-02 1.967238e+01 7.391767e-04 9.999975e-01 2.121717e-03 -1.105947e+00 2.912238e-02 -2.142345e-03 9.995736e-01 2.869939e+01
9.993797e-01 -8.475080e-03 3.418266e-02 1.972318e+01 8.582274e-03 9.999587e-01 -2.990389e-03 -1.131736e+00 -3.415590e-02 3.281899e-03 9.994111e-01 3.023663e+01
9.995249e-01 1.821728e-03 -3.076617e-02 1.975933e+01 -1.767101e-03 9.999968e-01 1.802658e-03 -1.146869e+00 3.076935e-02 -1.747435e-03 9.995250e-01 3.133194e+01
9.997031e-01 -2.612519e-03 2.422661e-02 1.978439e+01 2.691474e-03 9.999912e-01 -3.226973e-03 -1.134311e+00 -2.421796e-02 3.291221e-03 9.997013e-01 3.068502e+01
9.996670e-01 -3.665391e-04 -2.580328e-02 1.989448e+01 3.259385e-04 9.999987e-01 -1.577648e-03 -1.107416e+00 2.580382e-02 1.568712e-03 9.996658e-01 2.942440e+01
9.996783e-01 -3.397755e-03 2.513515e-02 2.015720e+01 3.568741e-03 9.999708e-01 -6.760926e-03 -1.072539e+00 -2.511144e-02 6.848452e-03 9.996612e-01 2.771268e+01
9.997220e-01 3.136839e-04 -2.357459e-02 2.031638e+01 -2.495826e-04 9.999963e-01 2.721987e-03 -1.043715e+00 2.357536e-02 -2.715347e-03 9.997184e-01 2.637792e+01
9.998422e-01 -1.484536e-03 1.770380e-02 2.036934e+01 1.557726e-03 9.999903e-01 -4.121037e-03 -1.033381e+00 -1.769751e-02 4.147964e-03 9.998348e-01 2.581475e+01
9.997728e-01 -1.166495e-03 -2.128535e-02 2.051849e+01 1.174495e-03 9.999992e-01 3.633486e-04 -1.012246e+00 2.128491e-02 -3.882660e-04 9.997734e-01 2.471944e+01
9.998235e-01 -1.877537e-03 1.869389e-02 2.068491e+01 1.960535e-03 9.999883e-01 -4.422510e-03 -9.890094e-01 -1.868537e-02 4.458380e-03 9.998155e-01 2.354663e+01
9.997064e-01 -2.925877e-04 -2.422804e-02 2.085322e+01 3.323518e-04 9.999986e-01 1.637243e-03 -9.692036e-01 2.422753e-02 -1.644814e-03 9.997051e-01 2.252536e+01
9.997752e-01 -2.305976e-03 2.107679e-02 2.102615e+01 2.429592e-03 9.999800e-01 -5.841302e-03 -9.463727e-01 -2.106289e-02 5.891197e-03 9.997608e-01 2.137137e+01
9.997260e-01 -4.748055e-04 -2.340086e-02 2.117803e+01 5.153819e-04 9.999984e-01 1.727977e-03 -9.232055e-01 2.340001e-02 -1.739565e-03 9.997247e-01 2.023362e+01
9.998293e-01 -2.388493e-03 1.832270e-02 2.118398e+01 2.435000e-03 9.999939e-01 -2.516345e-03 -9.197390e-01 -1.831658e-02 2.560532e-03 9.998290e-01 2.017357e+01
9.997267e-01 -3.292898e-05 -2.337949e-02 2.125995e+01 1.151113e-04 9.999938e-01 3.513820e-03 -9.263315e-01 2.337923e-02 -3.515551e-03 9.997205e-01 2.046517e+01
9.998390e-01 -2.197879e-03 1.780680e-02 2.143941e+01 2.306044e-03 9.999790e-01 -6.056079e-03 -9.100671e-01 -1.779311e-02 6.096168e-03 9.998231e-01 1.952687e+01
9.997744e-01 -1.063304e-03 -2.121560e-02 2.171639e+01 1.103186e-03 9.999976e-01 1.868280e-03 -8.845577e-01 2.121356e-02 -1.891264e-03 9.997732e-01 1.820631e+01
9.998157e-01 -2.243687e-03 1.906878e-02 2.197144e+01 2.376319e-03 9.999731e-01 -6.935644e-03 -8.590620e-01 -1.905271e-02 6.979680e-03 9.997941e-01 1.685619e+01
9.997649e-01 -1.274171e-03 -2.164427e-02 2.225633e+01 1.313088e-03 9.999975e-01 1.783906e-03 -8.326808e-01 2.164195e-02 -1.811907e-03 9.997641e-01 1.545375e+01
9.998111e-01 -2.182089e-03 1.931556e-02 2.253606e+01 2.332309e-03 9.999672e-01 -7.758027e-03 -8.041634e-01 -1.929799e-02 7.801611e-03 9.997833e-01 1.396465e+01
9.998356e-01 -3.487021e-03 -1.779510e-02 2.314524e+01 3.407809e-03 9.999842e-01 -4.479701e-03 -7.562667e-01 1.781044e-02 4.418322e-03 9.998316e-01 1.149337e+01
9.997899e-01 -2.513735e-04 2.049625e-02 2.349705e+01 2.942879e-04 9.999978e-01 -2.090771e-03 -7.134719e-01 -2.049567e-02 2.096363e-03 9.997877e-01 9.459667e+00
9.996889e-01 -2.091497e-03 -2.485228e-02 2.362836e+01 2.068290e-03 9.999974e-01 -9.594624e-04 -6.962246e-01 2.485422e-02 9.077619e-04 9.996907e-01 8.538225e+00
9.997399e-01 -8.501065e-04 2.278890e-02 2.378796e+01 9.393684e-04 9.999919e-01 -3.906472e-03 -6.710505e-01 -2.278540e-02 3.926864e-03 9.997327e-01 7.264229e+00
9.997121e-01 -2.451729e-03 -2.386957e-02 2.392213e+01 2.415441e-03 9.999959e-01 -1.548963e-03 -6.410674e-01 2.387327e-02 1.490861e-03 9.997139e-01 5.839983e+00
9.997776e-01 2.421587e-04 2.108608e-02 2.394869e+01 -2.314544e-04 9.999998e-01 -5.100752e-04 -6.280311e-01 -2.108620e-02 5.050817e-04 9.997775e-01 5.268267e+00
9.995817e-01 -1.086550e-03 -2.890039e-02 2.391547e+01 1.090721e-03 9.999994e-01 1.285659e-04 -6.217878e-01 2.890023e-02 -1.600347e-04 9.995823e-01 5.041730e+00
9.996071e-01 -3.853906e-03 2.776177e-02 2.390657e+01 3.849422e-03 9.999926e-01 2.149704e-04 -6.342967e-01 -2.776239e-02 -1.080189e-04 9.996145e-01 5.825055e+00
9.995562e-01 -1.185334e-03 -2.976704e-02 2.397344e+01 1.187213e-03 9.999993e-01 4.547594e-05 -6.512131e-01 2.976696e-02 -8.079593e-05 9.995569e-01 6.665959e+00
9.997594e-01 1.353705e-04 2.193563e-02 2.409934e+01 -1.460517e-04 9.999999e-01 4.853445e-04 -6.465765e-01 -2.193556e-02 -4.884311e-04 9.997593e-01 6.296373e+00
9.995594e-01 -2.304112e-03 -2.959383e-02 2.428469e+01 2.263905e-03 9.999965e-01 -1.392039e-03 -6.396506e-01 2.959694e-02 1.324427e-03 9.995610e-01 5.724965e+00
9.996635e-01 -1.534273e-05 2.594030e-02 2.440486e+01 7.776805e-05 9.999971e-01 -2.405484e-03 -6.167875e-01 -2.594018e-02 2.406692e-03 9.996606e-01 4.571127e+00
9.996492e-01 -4.050170e-03 -2.617265e-02 2.465948e+01 3.907459e-03 9.999772e-01 -5.501508e-03 -5.811867e-01 2.619434e-02 5.397310e-03 9.996423e-01 2.828713e+00
9.996029e-01 -1.291005e-05 2.817781e-02 2.488690e+01 5.571778e-05 9.999988e-01 -1.518407e-03 -5.426554e-01 -2.817776e-02 1.519374e-03 9.996018e-01 9.944776e-01
9.995590e-01 -5.845029e-03 -2.911279e-02 2.494440e+01 5.905341e-03 9.999806e-01 1.986120e-03 -5.576445e-01 2.910062e-02 -2.157165e-03 9.995742e-01 1.696721e+00
9.996598e-01 2.750844e-03 2.593781e-02 2.504870e+01 -2.720788e-03 9.999956e-01 -1.193994e-03 -5.657580e-01 -2.594098e-02 1.123016e-03 9.996628e-01 2.072344e+00
9.996165e-01 -6.211224e-03 -2.698811e-02 2.517555e+01 6.063677e-03 9.999662e-01 -5.545521e-03 -5.338677e-01 2.702164e-02 5.379746e-03 9.996204e-01 5.635716e-01
9.996105e-01 2.591884e-03 2.778746e-02 2.534129e+01 -2.556893e-03 9.999959e-01 -1.294695e-03 -5.001001e-01 -2.779070e-02 1.223142e-03 9.996130e-01 -1.046779e+00
9.995406e-01 -5.820295e-03 -2.974248e-02 2.550094e+01 5.706405e-03 9.999761e-01 -3.912645e-03 -4.708464e-01 2.976454e-02 3.741124e-03 9.995499e-01 -2.462677e+00
9.996505e-01 3.510165e-03 2.620094e-02 2.556326e+01 -3.504419e-03 9.999938e-01 -2.652012e-04 -4.489961e-01 -2.620171e-02 1.732898e-04 9.996567e-01 -3.476311e+00
9.995707e-01 -6.629826e-03 -2.853934e-02 2.573209e+01 6.467999e-03 9.999625e-01 -5.758869e-03 -4.223231e-01 2.857644e-02 5.571804e-03 9.995761e-01 -4.774428e+00
9.995725e-01 2.956256e-03 2.908719e-02 2.590352e+01 -2.925690e-03 9.999951e-01 -1.093342e-03 -3.878673e-01 -2.909028e-02 1.007774e-03 9.995763e-01 -6.414572e+00
9.995029e-01 -5.441022e-03 -3.105255e-02 2.599814e+01 5.360521e-03 9.999821e-01 -2.675081e-03 -3.656653e-01 3.106654e-02 2.507293e-03 9.995142e-01 -7.477605e+00
9.995820e-01 2.530505e-03 2.879944e-02 2.617472e+01 -2.423785e-03 9.999901e-01 -3.739924e-03 -3.387586e-01 -2.880861e-02 3.668557e-03 9.995782e-01 -8.809675e+00
9.995865e-01 -6.203342e-03 -2.807813e-02 2.631912e+01 6.102108e-03 9.999746e-01 -3.689707e-03 -3.008254e-01 2.810031e-02 3.516845e-03 9.995989e-01 -1.054410e+01
9.996212e-01 3.100073e-03 2.734709e-02 2.648352e+01 -3.029984e-03 9.999920e-01 -2.603974e-03 -2.697457e-01 -2.735494e-02 2.520126e-03 9.996226e-01 -1.199330e+01
9.995604e-01 -6.307255e-03 -2.896834e-02 2.662029e+01 6.235859e-03 9.999773e-01 -2.554306e-03 -2.420687e-01 2.898379e-02 2.372541e-03 9.995771e-01 -1.332095e+01
9.995939e-01 2.877081e-03 2.834949e-02 2.696676e+01 -2.622833e-03 9.999560e-01 -9.001467e-03 -1.948280e-01 -2.837414e-02 8.923456e-03 9.995575e-01 -1.553224e+01
9.997721e-01 -8.649934e-03 -1.951705e-02 2.749021e+01 8.511150e-03 9.999380e-01 -7.182811e-03 -1.185821e-01 1.957797e-02 7.015061e-03 9.997837e-01 -1.892505e+01
9.996752e-01 4.062556e-03 2.515956e-02 2.790068e+01 -3.986373e-03 9.999873e-01 -3.077389e-03 -6.113025e-02 -2.517174e-02 2.976094e-03 9.996787e-01 -2.156064e+01
9.997015e-01 -9.285614e-03 -2.259669e-02 2.832683e+01 9.020843e-03 9.998898e-01 -1.179108e-02 2.466618e-03 2.270369e-02 1.158372e-02 9.996751e-01 -2.446311e+01
9.994137e-01 3.817134e-03 3.402518e-02 2.861554e+01 -3.594252e-03 9.999717e-01 -6.609245e-03 8.923190e-02 -3.404945e-02 6.483075e-03 9.993991e-01 -2.814548e+01
9.997788e-01 -1.200365e-02 -1.727141e-02 2.914700e+01 1.171191e-02 9.997887e-01 -1.689429e-02 1.968644e-01 1.747056e-02 1.668827e-02 9.997081e-01 -3.282906e+01
9.994755e-01 4.696535e-03 3.204251e-02 2.973416e+01 -4.617823e-03 9.999861e-01 -2.530042e-03 2.955465e-01 -3.205395e-02 2.380749e-03 9.994833e-01 -3.719631e+01
9.997078e-01 -1.182438e-02 -2.108468e-02 3.033036e+01 1.151474e-02 9.998250e-01 -1.474695e-02 3.797379e-01 2.125536e-02 1.449986e-02 9.996689e-01 -4.102995e+01
9.995239e-01 4.992377e-03 3.044745e-02 3.102793e+01 -4.897505e-03 9.999829e-01 -3.189714e-03 4.605068e-01 -3.046286e-02 3.039079e-03 9.995313e-01 -4.480127e+01
9.997015e-01 -1.044073e-02 -2.208851e-02 3.149573e+01 1.027244e-02 9.999174e-01 -7.718507e-03 5.247305e-01 2.216728e-02 7.489300e-03 9.997262e-01 -4.774278e+01
9.996937e-01 5.166749e-03 2.420492e-02 3.203795e+01 -5.046234e-03 9.999746e-01 -5.037372e-03 5.765634e-01 -2.423033e-02 4.913686e-03 9.996943e-01 -5.033222e+01
9.997711e-01 -1.108361e-02 -1.830247e-02 3.260128e+01 1.096048e-02 9.999167e-01 -6.814001e-03 6.386667e-01 1.837647e-02 6.611837e-03 9.998093e-01 -5.327574e+01
9.997791e-01 6.841877e-03 1.987340e-02 3.293010e+01 -6.837062e-03 9.999766e-01 -3.101702e-04 6.786164e-01 -1.987506e-02 1.742263e-04 9.998025e-01 -5.521346e+01
9.997296e-01 -1.066702e-02 -2.066391e-02 3.318990e+01 1.054686e-02 9.999269e-01 -5.915380e-03 7.083188e-01 2.072550e-02 5.695841e-03 9.997690e-01 -5.670288e+01
9.998069e-01 7.006050e-03 1.836009e-02 3.355139e+01 -7.001848e-03 9.999754e-01 -2.930825e-04 7.365822e-01 -1.836169e-02 1.644715e-04 9.998314e-01 -5.819859e+01
9.997133e-01 -1.095209e-02 -2.129132e-02 3.396837e+01 1.082418e-02 9.999227e-01 -6.113517e-03 7.641154e-01 2.135663e-02 5.881303e-03 9.997546e-01 -5.972307e+01
9.998133e-01 7.238619e-03 1.791373e-02 3.435753e+01 -7.247431e-03 9.999736e-01 4.270444e-04 7.899205e-01 -1.791017e-02 -5.567930e-04 9.998394e-01 -6.116079e+01
9.997168e-01 -1.141833e-02 -2.087703e-02 3.481815e+01 1.126535e-02 9.999089e-01 -7.430687e-03 8.187694e-01 2.095998e-02 7.193396e-03 9.997544e-01 -6.275042e+01
