9.999387e-01 4.812924e-04 -1.105785e-02 8.259558e-02 -4.717063e-04 9.999995e-01 8.694987e-04 -5.472406e-03 1.105826e-02 -8.642301e-04 9.999385e-01 -9.662093e-02
9.999993e-01 2.487675e-04 1.131177e-03 7.476777e-02 -2.490737e-04 9.999999e-01 2.705525e-04 -6.455712e-03 -1.131109e-03 -2.708333e-04 9.999993e-01 -1.931820e-01
9.999330e-01 5.310014e-04 -1.156405e-02 1.535640e-01 -5.219534e-04 9.999996e-01 7.854289e-04 -1.122386e-02 1.156446e-02 -7.793411e-04 9.999328e-01 -3.607782e-01
1.000000e+00 3.959262e-05 1.092394e-04 2.730017e-01 -3.965340e-05 9.999998e-01 5.567410e-04 -1.524428e-02 -1.092170e-04 -5.567446e-04 9.999998e-01 -5.705317e-01
9.999566e-01 -7.260225e-05 -9.313389e-03 2.589101e-01 7.583514e-05 9.999999e-01 3.467736e-04 -2.194911e-02 9.313363e-03 -3.474656e-04 9.999566e-01 -2.860522e-01
9.999999e-01 1.534598e-04 3.233632e-04 1.898373e-01 -1.534926e-04 1.000000e+00 1.016068e-04 -2.434884e-02 -3.233473e-04 -1.016557e-04 9.999999e-01 2.258001e-02
9.999508e-01 -6.628770e-04 -9.899074e-03 1.955482e-01 6.640998e-04 9.999998e-01 1.202439e-04 -3.426033e-02 9.898992e-03 -1.268127e-04 9.999510e-01 4.713176e-01
9.999999e-01 -4.420899e-04 -1.719963e-04 1.483742e-01 4.419946e-04 9.999997e-01 -5.543111e-04 -4.874936e-02 1.722417e-04 5.542357e-04 9.999998e-01 1.547515e+00
9.999371e-01 -1.980082e-03 -1.103781e-02 5.583969e-02 1.976555e-03 9.999980e-01 -3.303706e-04 -6.759881e-02 1.103844e-02 3.085323e-04 9.999390e-01 3.268908e+00
9.999998e-01 -6.329954e-04 -5.975356e-05 -6.163416e-02 6.329555e-04 9.999996e-01 -6.671032e-04 -8.672263e-02 6.017615e-05 6.670660e-04 9.999998e-01 5.187421e+00
9.998995e-01 -2.277551e-03 -1.399004e-02 -3.271863e-01 2.263861e-03 9.999969e-01 -9.942985e-04 -9.856554e-02 1.399226e-02 9.625264e-04 9.999016e-01 7.438622e+00
9.999837e-01 2.956986e-04 5.705395e-03 -5.367719e-01 -3.058845e-04 9.999984e-01 1.784526e-03 -9.951191e-02 -5.704858e-03 -1.786242e-03 9.999821e-01 8.880968e+00
9.998573e-01 1.016945e-04 -1.689427e-02 -4.347287e-01 -1.133159e-04 9.999998e-01 -6.869334e-04 -1.045064e-01 1.689420e-02 6.887490e-04 9.998570e-01 8.722877e+00
9.999836e-01 3.686559e-04 5.722272e-03 -3.440876e-01 -3.797112e-04 9.999981e-01 1.931021e-03 -1.076140e-01 -5.721549e-03 -1.933161e-03 9.999818e-01 8.534295e+00
9.998942e-01 -1.319542e-04 -1.454506e-02 -3.953072e-01 1.103092e-04 9.999989e-01 -1.488919e-03 -1.103178e-01 1.454524e-02 1.487157e-03 9.998931e-01 8.805398e+00
9.999866e-01 -5.982835e-04 5.148616e-03 -4.124245e-01 5.901790e-04 9.999986e-01 1.575514e-03 -1.178102e-01 -5.149551e-03 -1.572453e-03 9.999855e-01 9.257886e+00
9.998987e-01 7.802882e-04 -1.421273e-02 -4.153352e-01 -7.910000e-04 9.999994e-01 -7.480616e-04 -1.224126e-01 1.421214e-02 7.592274e-04 9.998987e-01 9.391584e+00
9.999833e-01 -2.790827e-04 5.768453e-03 -4.710821e-01 2.707859e-04 9.999989e-01 1.439057e-03 -1.213698e-01 -5.768848e-03 -1.437470e-03 9.999823e-01 9.438167e+00
9.999003e-01 6.669471e-04 -1.410331e-02 -5.999790e-01 -6.839278e-04 9.999990e-01 -1.199223e-03 -1.183352e-01 1.410250e-02 1.208749e-03 9.998998e-01 9.827254e+00
9.999864e-01 -2.789534e-04 5.207960e-03 -6.840336e-01 2.700041e-04 9.999985e-01 1.719034e-03 -1.158562e-01 -5.208431e-03 -1.717604e-03 9.999850e-01 9.978052e+00
9.999051e-01 1.333487e-03 -1.371008e-02 -7.481198e-01 -1.338735e-03 9.999990e-01 -3.736223e-04 -1.099867e-01 1.370957e-02 3.919403e-04 9.999059e-01 9.877761e+00
9.999949e-01 -5.344862e-04 3.151681e-03 -7.100435e-01 5.291954e-04 9.999984e-01 1.679362e-03 -1.099695e-01 -3.152574e-03 -1.677685e-03 9.999936e-01 9.693861e+00
9.999044e-01 9.909021e-04 -1.379099e-02 -6.489651e-01 -1.000193e-03 9.999993e-01 -6.668240e-04 -1.120294e-01 1.379032e-02 6.805532e-04 9.999047e-01 9.558968e+00
9.999945e-01 -7.555063e-04 3.239275e-03 -5.878470e-01 7.511733e-04 9.999988e-01 1.338683e-03 -1.148289e-01 -3.240282e-03 -1.336241e-03 9.999939e-01 9.492120e+00
9.999122e-01 1.582565e-03 -1.315583e-02 -5.625161e-01 -1.581886e-03 9.999987e-01 6.200837e-05 -1.133336e-01 1.315591e-02 -4.119262e-05 9.999135e-01 9.323830e+00
9.999972e-01 -8.369533e-04 2.218928e-03 -5.132317e-01 8.341660e-04 9.999989e-01 1.256812e-03 -1.140991e-01 -2.219977e-03 -1.254957e-03 9.999967e-01 9.131127e+00
9.998707e-01 2.177112e-03 -1.593209e-02 -4.060969e-01 -2.165076e-03 9.999974e-01 7.726844e-04 -1.143828e-01 1.593373e-02 -7.380910e-04 9.998728e-01 8.761796e+00
9.999984e-01 -9.323860e-04 1.498190e-03 -2.878649e-01 9.303980e-04 9.999987e-01 1.327210e-03 -1.125080e-01 -1.499426e-03 -1.325814e-03 9.999980e-01 8.354251e+00
9.999138e-01 1.430787e-03 -1.305459e-02 -2.350533e-01 -1.431932e-03 9.999990e-01 -7.835771e-05 -1.154518e-01 1.305446e-02 9.704354e-05 9.999148e-01 8.218790e+00
9.999941e-01 -9.202832e-04 3.302666e-03 -2.209997e-01 9.167129e-04 9.999990e-01 1.082424e-03 -1.197114e-01 -3.303658e-03 -1.079389e-03 9.999940e-01 8.172088e+00
9.999046e-01 1.613962e-03 -1.371693e-02 -2.009396e-01 -1.611570e-03 9.999987e-01 1.854760e-04 -1.226060e-01 1.371721e-02 -1.633532e-04 9.999059e-01 8.061738e+00
9.999939e-01 -8.686071e-04 3.394022e-03 -1.823977e-01 8.650947e-04 9.999991e-01 1.036245e-03 -1.246459e-01 -3.394919e-03 -1.033302e-03 9.999937e-01 7.930179e+00
9.999128e-01 2.097183e-03 -1.303931e-02 -2.410718e-01 -2.092750e-03 9.999977e-01 3.536490e-04 -1.226441e-01 1.304002e-02 -3.263308e-04 9.999149e-01 7.811518e+00
9.999859e-01 -8.173240e-04 5.241526e-03 -3.986210e-01 8.114702e-04 9.999990e-01 1.118875e-03 -1.145968e-01 -5.242436e-03 -1.114606e-03 9.999856e-01 7.766549e+00
9.999076e-01 2.425277e-03 -1.337929e-02 -5.951575e-01 -2.417589e-03 9.999969e-01 5.907680e-04 -1.048445e-01 1.338068e-02 -5.583685e-04 9.999103e-01 7.899481e+00
9.999829e-01 -1.468563e-03 5.655601e-03 -7.679491e-01 1.463011e-03 9.999984e-01 9.857040e-04 -9.716998e-02 -5.657039e-03 -9.774123e-04 9.999835e-01 8.105489e+00
9.998959e-01 2.005196e-03 -1.428885e-02 -8.658699e-01 -2.009653e-03 9.999979e-01 -2.976145e-04 -9.755400e-02 1.428823e-02 3.262985e-04 9.998979e-01 8.390872e+00
9.999847e-01 -2.014435e-03 5.154907e-03 -9.401247e-01 2.009591e-03 9.999975e-01 9.447214e-04 -9.959959e-02 -5.156797e-03 -9.343470e-04 9.999863e-01 8.701820e+00
9.998971e-01 2.680853e-03 -1.409285e-02 -1.002832e+00 -2.677917e-03 9.999964e-01 2.272118e-04 -9.949414e-02 1.409341e-02 -1.894496e-04 9.999007e-01 8.747050e+00
9.999851e-01 -1.583896e-03 5.223336e-03 -1.147662e+00 1.578745e-03 9.999983e-01 9.901350e-04 -9.325088e-02 -5.224895e-03 -9.818732e-04 9.999859e-01 8.819514e+00
9.998958e-01 3.057351e-03 -1.410967e-02 -1.335685e+00 -3.047185e-03 9.999951e-01 7.419553e-04 -8.287376e-02 1.411187e-02 -6.988838e-04 9.999002e-01 8.823189e+00
9.999860e-01 -1.643516e-03 5.037696e-03 -1.524736e+00 1.637274e-03 9.999979e-01 1.243001e-03 -7.461022e-02 -5.039727e-03 -1.234735e-03 9.999865e-01 8.890552e+00
9.998980e-01 2.138292e-03 -1.412194e-02 -1.670148e+00 -2.131292e-03 9.999976e-01 5.106911e-04 -6.947138e-02 1.412300e-02 -4.805417e-04 9.999002e-01 9.160224e+00
9.999851e-01 -2.592319e-03 4.805802e-03 -1.713944e+00 2.594719e-03 9.999965e-01 -4.932264e-04 -7.434675e-02 -4.804507e-03 5.056895e-04 9.999883e-01 9.570529e+00
9.999303e-01 2.674899e-03 -1.149803e-02 -1.777989e+00 -2.661013e-03 9.999957e-01 1.222800e-03 -7.344041e-02 1.150125e-02 -1.192119e-03 9.999331e-01 9.949864e+00
9.999960e-01 -2.234510e-03 1.714687e-03 -1.748578e+00 2.235008e-03 9.999975e-01 -2.888741e-04 -7.860768e-02 -1.714037e-03 2.927060e-04 9.999985e-01 9.900150e+00
9.999387e-01 2.688496e-03 -1.073766e-02 -1.818231e+00 -2.678368e-03 9.999960e-01 9.574637e-04 -7.873300e-02 1.074019e-02 -9.286463e-04 9.999419e-01 1.006651e+01
9.999951e-01 -2.183159e-03 2.249447e-03 -1.924362e+00 2.184538e-03 9.999974e-01 -6.106118e-04 -7.651645e-02 -2.248108e-03 6.155235e-04 9.999973e-01 1.030452e+01
9.999377e-01 2.780905e-03 -1.081474e-02 -1.978000e+00 -2.766146e-03 9.999952e-01 1.379451e-03 -7.779263e-02 1.081853e-02 -1.349451e-03 9.999406e-01 1.039634e+01
9.999958e-01 -2.047665e-03 2.067487e-03 -2.037284e+00 2.048558e-03 9.999978e-01 -4.295754e-04 -7.788380e-02 -2.066603e-03 4.338096e-04 9.999978e-01 1.040764e+01
9.999390e-01 2.956251e-03 -1.063830e-02 -2.119823e+00 -2.939931e-03 9.999945e-01 1.549422e-03 -7.509062e-02 1.064282e-02 -1.518053e-03 9.999422e-01 1.036609e+01
9.999959e-01 -1.852266e-03 2.187342e-03 -2.246451e+00 1.852833e-03 9.999983e-01 -2.571985e-04 -6.991305e-02 -2.186861e-03 2.612509e-04 9.999976e-01 1.034195e+01
9.999453e-01 3.005447e-03 -1.001928e-02 -2.393904e+00 -2.989122e-03 9.999942e-01 1.644012e-03 -6.259195e-02 1.002417e-02 -1.613974e-03 9.999485e-01 1.031631e+01
9.999965e-01 -2.128873e-03 1.579878e-03 -2.480551e+00 2.129637e-03 9.999976e-01 -4.817052e-04 -6.002134e-02 -1.578848e-03 4.850687e-04 9.999986e-01 1.029757e+01
9.999406e-01 3.087448e-03 -1.045674e-02 -2.545536e+00 -3.070466e-03 9.999939e-01 1.639677e-03 -5.831698e-02 1.046174e-02 -1.607473e-03 9.999440e-01 1.024378e+01
9.999969e-01 -1.708941e-03 1.836289e-03 -2.669010e+00 1.709406e-03 9.999985e-01 -2.520111e-04 -5.136721e-02 -1.835855e-03 2.551499e-04 9.999983e-01 1.016394e+01
9.999471e-01 2.912820e-03 -9.868491e-03 -2.809719e+00 -2.896057e-03 9.999943e-01 1.712511e-03 -4.370851e-02 9.873423e-03 -1.683842e-03 9.999498e-01 1.011760e+01
9.999966e-01 -2.234278e-03 1.309878e-03 -2.888534e+00 2.235803e-03 9.999968e-01 -1.164264e-03 -4.195289e-02 -1.307272e-03 1.167190e-03 9.999985e-01 1.015879e+01
9.999434e-01 3.668402e-03 -9.987307e-03 -3.024251e+00 -3.643009e-03 9.999901e-01 2.559511e-03 -3.420722e-02 9.996597e-03 -2.522983e-03 9.999468e-01 1.009685e+01
9.999933e-01 -1.914440e-03 3.123090e-03 -3.297548e+00 1.916937e-03 9.999978e-01 -7.965249e-04 -1.529786e-02 -3.121558e-03 8.025070e-04 9.999948e-01 1.006034e+01
9.999369e-01 3.626954e-03 -1.063491e-02 -3.513219e+00 -3.602515e-03 9.999908e-01 2.316365e-03 -1.110944e-03 1.064321e-02 -2.277907e-03 9.999408e-01 1.001499e+01
9.999959e-01 -1.893220e-03 2.167963e-03 -3.674867e+00 1.894292e-03 9.999981e-01 -4.925870e-04 1.001658e-02 -2.167026e-03 4.966924e-04 9.999975e-01 9.900752e+00
9.999477e-01 2.992942e-03 -9.782163e-03 -3.821569e+00 -2.974997e-03 9.999939e-01 1.848547e-03 1.811243e-02 9.787635e-03 -1.819349e-03 9.999504e-01 9.885687e+00
9.999964e-01 -2.360420e-03 1.269634e-03 -3.919799e+00 2.362175e-03 9.999963e-01 -1.382139e-03 2.146019e-02 -1.266366e-03 1.385134e-03 9.999982e-01 9.965350e+00
9.999533e-01 3.294568e-03 -9.085049e-03 -4.070189e+00 -3.273943e-03 9.999920e-01 2.284134e-03 2.868546e-02 9.092502e-03 -2.254284e-03 9.999561e-01 1.004737e+01
9.999962e-01 -1.862153e-03 2.035027e-03 -4.263514e+00 1.864248e-03 9.999977e-01 -1.028127e-03 4.092066e-02 -2.033108e-03 1.031918e-03 9.999974e-01 1.003025e+01
9.999409e-01 2.929171e-03 -1.046694e-02 -4.377630e+00 -2.905369e-03 9.999932e-01 2.288480e-03 4.681579e-02 1.047357e-02 -2.257935e-03 9.999426e-01 9.984139e+00
9.999992e-01 -1.181682e-03 3.865562e-04 -4.522904e+00 1.181900e-03 9.999991e-01 -5.619553e-04 5.839060e-02 -3.858915e-04 5.624124e-04 9.999998e-01 9.795914e+00
9.999462e-01 2.712447e-03 -1.001301e-02 -4.676157e+00 -2.688370e-03 9.999935e-01 2.417341e-03 6.933721e-02 1.001950e-02 -2.390293e-03 9.999469e-01 9.642464e+00
9.999985e-01 -1.694945e-03 -1.861894e-04 -4.708992e+00 1.694751e-03 9.999980e-01 -1.036968e-03 7.077343e-02 1.879469e-04 1.036652e-03 9.999994e-01 9.501691e+00
9.999536e-01 1.568737e-03 -9.509221e-03 -4.726547e+00 -1.558548e-03 9.999982e-01 1.078915e-03 6.172382e-02 9.510896e-03 -1.064045e-03 9.999542e-01 9.954862e+00
9.999949e-01 -3.042207e-03 -1.005152e-03 -4.764417e+00 3.040669e-03 9.999942e-01 -1.529064e-03 4.652758e-02 1.009798e-03 1.526001e-03 9.999983e-01 1.103367e+01
9.999517e-01 1.258429e-03 -9.742949e-03 -4.809519e+00 -1.246306e-03 9.999984e-01 1.250346e-03 3.088922e-02 9.744507e-03 -1.238144e-03 9.999518e-01 1.220135e+01
9.999960e-01 -2.684450e-03 -8.578901e-04 -4.863524e+00 2.682727e-03 9.999944e-01 -2.003860e-03 1.707785e-02 8.632648e-04 2.001551e-03 9.999976e-01 1.329653e+01
9.999537e-01 2.463787e-03 -9.301106e-03 -4.959855e+00 -2.438593e-03 9.999933e-01 2.719183e-03 1.475800e-02 9.307744e-03 -2.696376e-03 9.999530e-01 1.373931e+01
9.999977e-01 -1.683143e-03 -1.324651e-03 -4.974797e+00 1.681376e-03 9.999977e-01 -1.333537e-03 1.761743e-02 1.326892e-03 1.331307e-03 9.999982e-01 1.357007e+01
9.999677e-01 1.488272e-03 -7.903836e-03 -5.044158e+00 -1.482165e-03 9.999986e-01 7.784713e-04 1.125409e-02 7.904983e-03 -7.667320e-04 9.999685e-01 1.420228e+01
9.999957e-01 -2.338323e-03 -1.768986e-03 -5.096929e+00 2.337096e-03 9.999970e-01 -6.954853e-04 3.769835e-03 1.770607e-03 6.913487e-04 9.999982e-01 1.484501e+01
9.999703e-01 2.703968e-03 -7.216900e-03 -5.295963e+00 -2.698078e-03 9.999960e-01 8.257754e-04 1.089689e-02 7.219104e-03 -8.062797e-04 9.999736e-01 1.529569e+01
9.999961e-01 -2.355634e-03 -1.469782e-03 -5.489607e+00 2.355016e-03 9.999971e-01 -4.225456e-04 1.745859e-02 1.470773e-03 4.190833e-04 9.999988e-01 1.580938e+01
9.999597e-01 1.423991e-03 -8.859839e-03 -5.420390e+00 -1.418242e-03 9.999988e-01 6.552429e-04 3.086975e-03 8.860761e-03 -6.426518e-04 9.999605e-01 1.629492e+01
9.999997e-01 -7.043923e-04 3.621639e-04 -5.511656e+00 7.043417e-04 9.999997e-01 1.406102e-04 4.892467e-03 -3.622626e-04 -1.403544e-04 9.999999e-01 1.635113e+01
9.999588e-01 1.043112e-03 -9.011695e-03 -5.599681e+00 -1.043582e-03 9.999995e-01 -4.744152e-05 4.525754e-03 9.011641e-03 5.684335e-05 9.999594e-01 1.660102e+01
9.999993e-01 -1.118194e-03 -4.125420e-04 -5.661477e+00 1.118359e-03 9.999993e-01 4.012640e-04 1.432650e-03 4.120933e-04 -4.017244e-04 9.999998e-01 1.691414e+01
9.999697e-01 2.017908e-03 -7.514834e-03 -5.780025e+00 -2.014331e-03 9.999979e-01 4.835092e-04 6.553683e-03 7.515793e-03 -4.683579e-04 9.999716e-01 1.693971e+01
9.999988e-01 -1.235825e-03 -9.847719e-04 -5.873943e+00 1.236116e-03 9.999992e-01 2.944179e-04 9.818627e-03 9.844075e-04 -2.956342e-04 9.999995e-01 1.694228e+01
9.999742e-01 2.447833e-03 -6.757963e-03 -6.085572e+00 -2.441521e-03 9.999966e-01 9.421523e-04 2.182467e-02 6.760245e-03 -9.256289e-04 9.999767e-01 1.706677e+01
9.999958e-01 -2.054953e-03 -2.026961e-03 -6.198340e+00 2.053321e-03 9.999976e-01 -8.066848e-04 2.513383e-02 2.028614e-03 8.025201e-04 9.999976e-01 1.728656e+01
9.999736e-01 2.243510e-03 -6.904597e-03 -6.214037e+00 -2.235137e-03 9.999968e-01 1.220254e-03 2.049833e-02 6.907312e-03 -1.204790e-03 9.999754e-01 1.744323e+01
9.999949e-01 -2.406740e-03 -2.078170e-03 -6.233931e+00 2.403834e-03 9.999961e-01 -1.399982e-03 1.395765e-02 2.081531e-03 1.394980e-03 9.999969e-01 1.778168e+01
9.999701e-01 1.864095e-03 -7.502994e-03 -6.220934e+00 -1.855394e-03 9.999976e-01 1.166527e-03 3.035140e-03 7.505150e-03 -1.152571e-03 9.999712e-01 1.824234e+01
9.999953e-01 -2.264177e-03 -2.045442e-03 -6.207896e+00 2.262159e-03 9.999970e-01 -9.886870e-04 -5.337815e-03 2.047675e-03 9.840560e-04 9.999974e-01 1.853055e+01
9.999720e-01 2.679489e-03 -6.984690e-03 -6.258517e+00 -2.670181e-03 9.999955e-01 1.341716e-03 -6.720502e-03 6.988253e-03 -1.323028e-03 9.999747e-01 1.863342e+01
9.999957e-01 -2.028504e-03 -2.128877e-03 -6.344310e+00 2.027007e-03 9.999977e-01 -7.051645e-04 -6.389913e-03 2.130303e-03 7.008469e-04 9.999975e-01 1.878825e+01
9.999750e-01 2.844202e-03 -6.477501e-03 -6.455040e+00 -2.832771e-03 9.999944e-01 1.773397e-03 -1.614933e-03 6.482509e-03 -1.755003e-03 9.999774e-01 1.877586e+01
9.999954e-01 -2.099986e-03 -2.200449e-03 -6.557412e+00 2.098714e-03 9.999976e-01 -5.804026e-04 5.962835e-04 2.201663e-03 5.757824e-04 9.999974e-01 1.887916e+01
9.999792e-01 3.330335e-03 -5.523396e-03 -6.711042e+00 -3.320399e-03 9.999929e-01 1.807092e-03 8.862843e-03 5.529374e-03 -1.788715e-03 9.999831e-01 1.886139e+01
9.999912e-01 -2.592015e-03 -3.288904e-03 -6.771921e+00 2.589477e-03 9.999963e-01 -7.758604e-04 9.691911e-03 3.290903e-03 7.673377e-04 9.999943e-01 1.882198e+01
9.999799e-01 2.714969e-03 -5.737562e-03 -6.764686e+00 -2.708094e-03 9.999956e-01 1.205674e-03 1.648198e-03 5.740810e-03 -1.190112e-03 9.999828e-01 1.905554e+01
9.999885e-01 -3.003802e-03 -3.738598e-03 -6.746107e+00 3.000181e-03 9.999950e-01 -9.738026e-04 -7.894340e-03 3.741505e-03 9.625756e-04 9.999925e-01 1.940965e+01
9.999783e-01 3.138207e-03 -5.798990e-03 -6.730599e+00 -3.128830e-03 9.999938e-01 1.625432e-03 -1.449615e-02 5.804055e-03 -1.607253e-03 9.999819e-01 1.951695e+01
9.999892e-01 -2.807208e-03 -3.696791e-03 -6.706708e+00 2.803951e-03 9.999957e-01 -8.862497e-04 -2.089889e-02 3.699263e-03 8.758752e-04 9.999928e-01 1.956357e+01
9.999645e-01 3.645494e-03 -7.591406e-03 -6.681283e+00 -3.626238e-03 9.999902e-01 2.548768e-03 -2.146677e-02 7.600623e-03 -2.521150e-03 9.999679e-01 1.936645e+01
9.999901e-01 -3.635534e-03 -2.569167e-03 -6.694755e+00 3.628350e-03 9.999895e-01 -2.795604e-03 -3.266995e-02 2.579303e-03 2.786255e-03 9.999928e-01 1.993732e+01
9.999500e-01 1.088135e-03 -9.938492e-03 -6.863210e+00 -1.063314e-03 9.999963e-01 2.502414e-03 -5.039516e-02 9.941178e-03 -2.491722e-03 9.999475e-01 2.190756e+01
9.999966e-01 -2.622036e-03 -1.323435e-04 -6.972729e+00 2.621796e-03 9.999950e-01 -1.786011e-03 -5.757334e-02 1.370260e-04 1.785659e-03 9.999984e-01 2.297626e+01
9.999688e-01 4.350853e-03 -6.590840e-03 -7.281929e+00 -4.328459e-03 9.999848e-01 3.408258e-03 -3.495093e-02 6.605569e-03 -3.379624e-03 9.999725e-01 2.302178e+01
9.999965e-01 -2.245665e-03 -1.408535e-03 -7.590594e+00 2.242835e-03 9.999955e-01 -2.007479e-03 -1.387778e-02 1.413037e-03 2.004313e-03 9.999970e-01 2.318196e+01
9.999685e-01 1.953171e-03 -7.687322e-03 -7.627986e+00 -1.936047e-03 9.999956e-01 2.234415e-03 -2.067324e-02 7.691652e-03 -2.219462e-03 9.999680e-01 2.368228e+01
9.999962e-01 -1.957770e-03 -1.925022e-03 -7.645767e+00 1.955154e-03 9.999972e-01 -1.360010e-03 -2.596861e-02 1.927679e-03 1.356242e-03 9.999972e-01 2.385880e+01
9.999709e-01 2.774556e-03 -7.110511e-03 -7.703789e+00 -2.757313e-03 9.999932e-01 2.433749e-03 -2.516669e-02 7.117215e-03 -2.414073e-03 9.999718e-01 2.382115e+01
9.999970e-01 -1.923495e-03 -1.485295e-03 -7.785614e+00 1.921422e-03 9.999972e-01 -1.396573e-03 -2.264470e-02 1.487977e-03 1.393716e-03 9.999979e-01 2.380203e+01
9.999725e-01 2.070687e-03 -7.118864e-03 -7.837424e+00 -2.061290e-03 9.999970e-01 1.327155e-03 -2.506800e-02 7.121590e-03 -1.312445e-03 9.999738e-01 2.405802e+01
9.999971e-01 -1.100509e-03 -2.132752e-03 -7.927688e+00 1.100361e-03 9.999994e-01 -7.099296e-05 -2.293719e-02 2.132829e-03 6.864657e-05 9.999977e-01 2.407253e+01
9.999778e-01 1.682273e-03 -6.445065e-03 -8.046322e+00 -1.679964e-03 9.999985e-01 3.636848e-04 -1.856568e-02 6.445667e-03 -3.528499e-04 9.999792e-01 2.418741e+01
9.999921e-01 -1.522758e-03 -3.684565e-03 -8.105021e+00 1.524213e-03 9.999988e-01 3.919969e-04 -2.032143e-02 3.683964e-03 -3.976093e-04 9.999931e-01 2.432424e+01
9.999654e-01 2.779336e-03 -7.844398e-03 -8.085675e+00 -2.769169e-03 9.999953e-01 1.306691e-03 -1.752401e-02 7.847993e-03 -1.284924e-03 9.999684e-01 2.405807e+01
9.999821e-01 -1.144532e-03 -5.864800e-03 -8.009076e+00 1.149051e-03 9.999990e-01 7.671614e-04 -1.477719e-02 5.863917e-03 -7.738861e-04 9.999825e-01 2.365714e+01
9.999725e-01 1.984431e-03 -7.138988e-03 -7.816274e+00 -1.978513e-03 9.999977e-01 8.360372e-04 -1.756758e-02 7.140630e-03 -8.218903e-04 9.999742e-01 2.330210e+01
9.999952e-01 -1.082731e-03 -2.887290e-03 -7.848380e+00 1.083800e-03 9.999993e-01 3.687568e-04 -1.883267e-02 2.886889e-03 -3.718837e-04 9.999958e-01 2.324395e+01
9.999658e-01 2.882418e-03 -7.756164e-03 -7.957988e+00 -2.869405e-03 9.999945e-01 1.688479e-03 -1.066644e-02 7.760987e-03 -1.666166e-03 9.999685e-01 2.304881e+01
9.999796e-01 -1.405989e-03 -6.236329e-03 -7.873108e+00 1.408834e-03 9.999989e-01 4.517461e-04 -4.483672e-03 6.235687e-03 -4.605222e-04 9.999805e-01 2.259847e+01
9.999360e-01 2.883127e-03 -1.094014e-02 -7.650574e+00 -2.860051e-03 9.999937e-01 2.124407e-03 -9.082821e-04 1.094619e-02 -2.092982e-03 9.999379e-01 2.198595e+01
9.999957e-01 -1.729281e-03 -2.362276e-03 -7.562905e+00 1.728691e-03 9.999985e-01 -2.518339e-04 3.214209e-03 2.362708e-03 2.477498e-04 9.999972e-01 2.162758e+01
9.999821e-01 2.773279e-03 -5.304574e-03 -7.784874e+00 -2.767129e-03 9.999955e-01 1.166572e-03 1.638651e-02 5.307786e-03 -1.151873e-03 9.999853e-01 2.174254e+01
9.999921e-01 -2.098383e-03 -3.381422e-03 -7.996762e+00 2.095562e-03 9.999975e-01 -8.377333e-04 2.645187e-02 3.383172e-03 8.306413e-04 9.999939e-01 2.211797e+01
9.999813e-01 2.809523e-03 -5.431410e-03 -8.165184e+00 -2.801038e-03 9.999948e-01 1.569356e-03 3.372549e-02 5.435791e-03 -1.554114e-03 9.999840e-01 2.240131e+01
9.999942e-01 -1.883767e-03 -2.823192e-03 -8.274681e+00 1.881732e-03 9.999980e-01 -7.234357e-04 3.697611e-02 2.824549e-03 7.181197e-04 9.999958e-01 2.246051e+01
9.999446e-01 2.853856e-03 -1.013485e-02 -8.179821e+00 -2.828407e-03 9.999928e-01 2.524508e-03 3.584487e-02 1.014198e-02 -2.495703e-03 9.999455e-01 2.216130e+01
9.999975e-01 -1.578136e-03 1.583574e-03 -8.377153e+00 1.579406e-03 9.999984e-01 -8.009331e-04 4.964643e-02 -1.582307e-03 8.034328e-04 9.999984e-01 2.216493e+01
9.999459e-01 3.093376e-03 -9.928716e-03 -8.565507e+00 -3.072860e-03 9.999931e-01 2.080926e-03 6.093520e-02 9.935084e-03 -2.050304e-03 9.999485e-01 2.214611e+01
9.999956e-01 -2.421894e-03 -1.727382e-03 -8.479835e+00 2.420714e-03 9.999968e-01 -6.850685e-04 5.966253e-02 1.729036e-03 6.808846e-04 9.999983e-01 2.192820e+01
9.999527e-01 2.892181e-03 -9.290597e-03 -8.398524e+00 -2.877528e-03 9.999946e-01 1.590258e-03 5.351787e-02 9.295146e-03 -1.563449e-03 9.999556e-01 2.180126e+01
9.999948e-01 -2.570612e-03 -1.967718e-03 -8.293350e+00 2.569151e-03 9.999964e-01 -7.452710e-04 4.724643e-02 1.969627e-03 7.402123e-04 9.999978e-01 2.169109e+01
9.999715e-01 2.877068e-03 -6.982048e-03 -8.277699e+00 -2.866785e-03 9.999948e-01 1.482365e-03 4.049060e-02 6.986276e-03 -1.462307e-03 9.999745e-01 2.176807e+01
9.999949e-01 -2.698904e-03 -1.723455e-03 -8.273769e+00 2.697494e-03 9.999960e-01 -8.202631e-04 3.365465e-02 1.725662e-03 8.156105e-04 9.999982e-01 2.195087e+01
9.999719e-01 2.799457e-03 -6.950204e-03 -8.284404e+00 -2.788929e-03 9.999949e-01 1.524066e-03 2.544183e-02 6.954435e-03 -1.504640e-03 9.999747e-01 2.228447e+01
9.999924e-01 -3.215018e-03 -2.212016e-03 -8.274264e+00 3.212161e-03 9.999940e-01 -1.294136e-03 1.447429e-02 2.216163e-03 1.287021e-03 9.999967e-01 2.276325e+01
9.999679e-01 2.668198e-03 -7.549618e-03 -8.233050e+00 -2.657800e-03 9.999955e-01 1.387097e-03 1.678266e-03 7.553285e-03 -1.366988e-03 9.999705e-01 2.318271e+01
9.999939e-01 -3.113716e-03 -1.610202e-03 -8.201769e+00 3.111887e-03 9.999945e-01 -1.137202e-03 -1.373298e-02 1.613734e-03 1.132185e-03 9.999981e-01 2.387113e+01
9.999581e-01 1.510293e-03 -9.027033e-03 -8.302093e+00 -1.505820e-03 9.999987e-01 5.023644e-04 -3.363492e-02 9.027780e-03 -4.887508e-04 9.999591e-01 2.560387e+01
9.999866e-01 -4.515708e-03 -2.513865e-03 -8.456597e+00 4.512727e-03 9.999891e-01 -1.190169e-03 -5.368471e-02 2.519213e-03 1.178809e-03 9.999961e-01 2.771742e+01
9.999425e-01 2.316238e-03 -1.047146e-02 -8.669306e+00 -2.316740e-03 9.999973e-01 -3.580559e-05 -6.867783e-02 1.047135e-02 6.006263e-05 9.999452e-01 2.973058e+01
9.999916e-01 -4.067717e-03 4.011532e-04 -8.730964e+00 4.067775e-03 9.999917e-01 -1.433173e-04 -8.561192e-02 -4.005668e-04 1.449484e-04 9.999999e-01 3.105757e+01
9.999420e-01 3.086742e-03 -1.031796e-02 -8.727850e+00 -3.081895e-03 9.999951e-01 4.857073e-04 -9.777429e-02 1.031941e-02 -4.538808e-04 9.999467e-01 3.166720e+01
9.999957e-01 -2.891987e-03 5.644649e-04 -8.682634e+00 2.891981e-03 9.999958e-01 1.210282e-05 -1.056379e-01 -5.644975e-04 -1.046980e-05 9.999998e-01 3.171714e+01
9.999443e-01 3.235644e-03 -1.005007e-02 -8.651188e+00 -3.226945e-03 9.999944e-01 8.816972e-04 -1.129618e-01 1.005286e-02 -8.492176e-04 9.999491e-01 3.177003e+01
9.999967e-01 -2.474780e-03 -6.878395e-04 -8.608359e+00 2.474855e-03 9.999969e-01 1.067707e-04 -1.181019e-01 6.875732e-04 -1.084721e-04 9.999998e-01 3.165882e+01
9.999541e-01 2.956219e-03 -9.117376e-03 -8.622739e+00 -2.949009e-03 9.999953e-01 8.042606e-04 -1.224284e-01 9.119711e-03 -7.773369e-04 9.999581e-01 3.165509e+01
9.999949e-01 -3.157399e-03 4.161472e-04 -8.627507e+00 3.157439e-03 9.999950e-01 -9.268731e-05 -1.330333e-01 -4.158524e-04 9.400134e-05 9.999999e-01 3.209503e+01
9.999585e-01 3.142020e-03 -8.553591e-03 -8.658606e+00 -3.135824e-03 9.999948e-01 7.377170e-04 -1.418917e-01 8.555865e-03 -7.108643e-04 9.999631e-01 3.257339e+01
9.999940e-01 -3.472868e-03 -1.316577e-04 -8.714930e+00 3.472808e-03 9.999939e-01 -4.620629e-04 -1.541646e-01 1.332616e-04 4.616034e-04 9.999999e-01 3.340804e+01
9.999563e-01 2.157589e-03 -9.097213e-03 -8.805104e+00 -2.149082e-03 9.999972e-01 9.449501e-04 -1.655761e-01 9.099227e-03 -9.253587e-04 9.999582e-01 3.445217e+01
9.999962e-01 -2.739224e-03 1.091538e-04 -8.826120e+00 2.739321e-03 9.999959e-01 -8.920947e-04 -1.754051e-01 -1.067097e-04 8.923909e-04 9.999996e-01 3.501891e+01
9.999532e-01 2.838632e-03 -9.249260e-03 -8.806953e+00 -2.823638e-03 9.999947e-01 1.633845e-03 -1.827984e-01 9.253848e-03 -1.607653e-03 9.999559e-01 3.514585e+01
9.999956e-01 -2.962965e-03 -3.128813e-04 -8.793980e+00 2.962412e-03 9.999941e-01 -1.756571e-03 -1.964488e-01 3.180841e-04 1.755637e-03 9.999984e-01 3.571345e+01
9.999483e-01 1.575251e-03 -1.004127e-02 -8.790400e+00 -1.554900e-03 9.999967e-01 2.034313e-03 -2.149799e-01 1.004444e-02 -2.018595e-03 9.999475e-01 3.669659e+01
9.999970e-01 -2.441388e-03 2.913108e-04 -8.762577e+00 2.441902e-03 9.999954e-01 -1.775491e-03 -2.324552e-01 -2.869748e-04 1.776198e-03 9.999984e-01 3.747622e+01
9.999521e-01 1.599049e-03 -9.653172e-03 -8.745747e+00 -1.577765e-03 9.999963e-01 2.212139e-03 -2.472485e-01 9.656673e-03 -2.196803e-03 9.999510e-01 3.816676e+01
9.999981e-01 -1.899965e-03 4.863189e-04 -8.720080e+00 1.900835e-03 9.999966e-01 -1.792184e-03 -2.587567e-01 -4.829121e-04 1.793105e-03 9.999983e-01 3.859835e+01
9.999558e-01 1.723198e-03 -9.247752e-03 -8.664605e+00 -1.706683e-03 9.999969e-01 1.793426e-03 -2.713729e-01 9.250814e-03 -1.777564e-03 9.999556e-01 3.892684e+01
9.999984e-01 -1.793810e-03 -2.144944e-04 -8.619983e+00 1.793492e-03 9.999973e-01 -1.475336e-03 -2.813941e-01 2.171403e-04 1.474949e-03 9.999989e-01 3.913034e+01
9.999580e-01 1.888999e-03 -8.971380e-03 -8.587275e+00 -1.870996e-03 9.999962e-01 2.014752e-03 -2.896672e-01 8.975152e-03 -1.997883e-03 9.999577e-01 3.925977e+01
9.999984e-01 -1.766052e-03 2.281572e-04 -8.579713e+00 1.766408e-03 9.999972e-01 -1.564261e-03 -2.964913e-01 -2.253940e-04 1.564662e-03 9.999988e-01 3.943190e+01
9.999581e-01 1.914044e-03 -8.948797e-03 -8.582702e+00 -1.896415e-03 9.999962e-01 1.978191e-03 -3.019251e-01 8.952550e-03 -1.961138e-03 9.999580e-01 3.956168e+01
9.999984e-01 -1.780808e-03 2.287175e-04 -8.597287e+00 1.781252e-03 9.999965e-01 -1.955296e-03 -3.098537e-01 -2.252347e-04 1.955701e-03 9.999981e-01 3.991995e+01
9.999572e-01 1.438812e-03 -9.144296e-03 -8.639949e+00 -1.415661e-03 9.999958e-01 2.537736e-03 -3.147764e-01 9.147909e-03 -2.524682e-03 9.999550e-01 4.025754e+01
9.999996e-01 -9.149369e-04 4.701635e-05 -8.671529e+00 9.150143e-04 9.999982e-01 -1.661469e-03 -3.167863e-01 -4.549610e-05 1.661511e-03 9.999986e-01 4.025687e+01
9.999552e-01 1.575337e-03 -9.336782e-03 -8.700545e+00 -1.552008e-03 9.999957e-01 2.505386e-03 -3.180182e-01 9.340688e-03 -2.490783e-03 9.999533e-01 4.022459e+01
9.999996e-01 -9.282694e-04 5.752741e-05 -8.735801e+00 9.283554e-04 9.999984e-01 -1.502958e-03 -3.192251e-01 -5.613215e-05 1.503011e-03 9.999989e-01 4.019241e+01
9.999543e-01 1.472854e-03 -9.447997e-03 -8.792731e+00 -1.455352e-03 9.999972e-01 1.859057e-03 -3.189809e-01 9.450709e-03 -1.845222e-03 9.999536e-01 4.026037e+01
9.999990e-01 -1.197037e-03 -7.904801e-04 -8.848532e+00 1.195844e-03 9.999981e-01 -1.507924e-03 -3.158618e-01 7.922837e-04 1.506977e-03 9.999986e-01 4.032366e+01
9.999538e-01 1.337279e-03 -9.522502e-03 -8.858508e+00 -1.317352e-03 9.999969e-01 2.098593e-03 -3.173038e-01 9.525280e-03 -2.085952e-03 9.999525e-01 4.037570e+01
9.999972e-01 -4.555602e-04 -2.311988e-03 -8.772540e+00 4.541597e-04 9.999997e-01 -6.064592e-04 -3.204623e-01 2.312263e-03 6.054080e-04 9.999971e-01 4.016710e+01
9.999512e-01 1.192555e-03 -9.806681e-03 -8.638375e+00 -1.171701e-03 9.999970e-01 2.131998e-03 -3.219226e-01 9.809195e-03 -2.120404e-03 9.999496e-01 3.988689e+01
9.999997e-01 -4.631127e-04 -6.546263e-04 -8.597844e+00 4.624733e-04 9.999994e-01 -9.774601e-04 -3.236667e-01 6.550786e-04 9.771575e-04 9.999993e-01 3.973491e+01
9.999548e-01 1.108993e-03 -9.442644e-03 -8.575692e+00 -1.090200e-03 9.999974e-01 1.995176e-03 -3.257670e-01 9.444832e-03 -1.984792e-03 9.999534e-01 3.962193e+01
9.999997e-01 -7.182190e-04 2.176190e-04 -8.570140e+00 7.185074e-04 9.999989e-01 -1.325520e-03 -3.309188e-01 -2.166668e-04 1.325677e-03 9.999991e-01 3.965267e+01
9.999044e-01 1.253512e-03 -1.376786e-02 -8.331182e+00 -1.222834e-03 9.999968e-01 2.236468e-03 -3.363079e-01 1.377062e-02 -2.219419e-03 9.999027e-01 3.934077e+01
9.999898e-01 -1.097439e-03 -4.374411e-03 -7.964102e+00 1.095554e-03 9.999993e-01 -4.335448e-04 -3.396972e-01 4.374884e-03 4.287485e-04 9.999903e-01 3.886599e+01
9.999799e-01 1.412428e-03 -6.177449e-03 -7.887131e+00 -1.404423e-03 9.999982e-01 1.300146e-03 -3.455297e-01 6.179274e-03 -1.291444e-03 9.999801e-01 3.877626e+01
9.999929e-01 -1.000228e-03 -3.637001e-03 -7.861882e+00 9.986064e-04 9.999994e-01 -4.478277e-04 -3.511763e-01 3.637447e-03 4.441930e-04 9.999933e-01 3.877328e+01
9.999819e-01 1.432373e-03 -5.839703e-03 -7.857550e+00 -1.424565e-03 9.999981e-01 1.340986e-03 -3.548273e-01 5.841613e-03 -1.332643e-03 9.999820e-01 3.874124e+01
9.999914e-01 -1.132218e-03 -4.002117e-03 -7.845643e+00 1.130058e-03 9.999992e-01 -5.419937e-04 -3.598478e-01 4.002727e-03 5.374669e-04 9.999918e-01 3.876190e+01
9.999830e-01 1.279178e-03 -5.688134e-03 -7.823177e+00 -1.272050e-03 9.999984e-01 1.256702e-03 -3.657819e-01 5.689732e-03 -1.249445e-03 9.999830e-01 3.882551e+01
9.999893e-01 -8.362463e-04 -4.540890e-03 -7.770558e+00 8.349047e-04 9.999996e-01 -2.974778e-04 -3.710549e-01 4.541137e-03 2.936839e-04 9.999896e-01 3.874694e+01
9.999866e-01 1.279247e-03 -5.009307e-03 -7.760926e+00 -1.273020e-03 9.999984e-01 1.246189e-03 -3.755159e-01 5.010893e-03 -1.239796e-03 9.999867e-01 3.871645e+01
9.999871e-01 -7.853192e-04 -5.023766e-03 -7.735123e+00 7.843718e-04 9.999997e-01 -1.906602e-04 -3.792605e-01 5.023914e-03 1.867177e-04 9.999874e-01 3.863379e+01
9.999868e-01 1.230413e-03 -4.979854e-03 -7.693853e+00 -1.224617e-03 9.999986e-01 1.166737e-03 -3.831554e-01 4.981282e-03 -1.160624e-03 9.999869e-01 3.854666e+01
9.999841e-01 -6.981681e-04 -5.588159e-03 -7.627093e+00 6.983425e-04 9.999998e-01 2.914764e-05 -3.866241e-01 5.588137e-03 -3.304920e-05 9.999844e-01 3.839820e+01
9.999853e-01 1.593971e-03 -5.185340e-03 -7.588395e+00 -1.586787e-03 9.999978e-01 1.389267e-03 -3.860720e-01 5.187543e-03 -1.381019e-03 9.999856e-01 3.819954e+01
9.999910e-01 -7.238723e-04 -4.192368e-03 -7.590258e+00 7.229797e-04 9.999997e-01 -2.145670e-04 -3.846428e-01 4.192522e-03 2.115345e-04 9.999912e-01 3.807240e+01
9.999884e-01 1.394179e-03 -4.601533e-03 -7.633832e+00 -1.388709e-03 9.999983e-01 1.191733e-03 -3.835518e-01 4.603186e-03 -1.185330e-03 9.999887e-01 3.803109e+01
9.999841e-01 -8.775184e-04 -5.579275e-03 -7.593583e+00 8.768699e-04 9.999996e-01 -1.187977e-04 -3.853837e-01 5.579377e-03 1.139040e-04 9.999844e-01 3.790176e+01
9.999914e-01 1.228584e-03 -3.952814e-03 -7.586012e+00 -1.224470e-03 9.999987e-01 1.043233e-03 -3.889648e-01 3.954091e-03 -1.038384e-03 9.999916e-01 3.790292e+01
9.999801e-01 -4.109772e-04 -6.288856e-03 -7.575260e+00 4.122662e-04 9.999999e-01 2.035735e-04 -3.893936e-01 6.288771e-03 -2.061617e-04 9.999802e-01 3.776350e+01
9.999793e-01 1.702977e-03 -6.206546e-03 -7.475471e+00 -1.694645e-03 9.999977e-01 1.347469e-03 -3.907874e-01 6.208826e-03 -1.336924e-03 9.999798e-01 3.747465e+01
9.999909e-01 -1.387740e-03 -4.040555e-03 -7.477223e+00 1.384992e-03 9.999988e-01 -6.828948e-04 -3.987385e-01 4.041498e-03 6.772929e-04 9.999916e-01 3.774595e+01
9.999847e-01 1.497019e-03 -5.322411e-03 -7.607766e+00 -1.486195e-03 9.999968e-01 2.037079e-03 -3.993267e-01 5.325443e-03 -2.029138e-03 9.999838e-01 3.833705e+01
9.999925e-01 -7.514131e-04 -3.809248e-03 -7.734176e+00 7.460786e-04 9.999987e-01 -1.401801e-03 -3.968680e-01 3.810296e-03 1.398948e-03 9.999918e-01 3.857870e+01
9.999833e-01 4.748823e-04 -5.755312e-03 -7.742389e+00 -4.641264e-04 9.999981e-01 1.870157e-03 -4.055326e-01 5.756190e-03 -1.867455e-03 9.999817e-01 3.900375e+01
9.999867e-01 6.467183e-04 -5.116206e-03 -7.773496e+00 -6.474212e-04 9.999998e-01 -1.358574e-04 -4.033768e-01 5.116117e-03 1.391684e-04 9.999869e-01 3.883596e+01
9.999608e-01 9.638021e-04 -8.799806e-03 -7.672811e+00 -9.445530e-04 9.999972e-01 2.191401e-03 -4.001044e-01 8.801893e-03 -2.183004e-03 9.999589e-01 3.842633e+01
9.999806e-01 5.340843e-04 -6.210549e-03 -7.534852e+00 -5.338102e-04 9.999999e-01 4.569705e-05 -3.974383e-01 6.210572e-03 -4.238052e-05 9.999807e-01 3.796913e+01
9.999739e-01 4.952330e-04 -7.207878e-03 -7.423450e+00 -4.826765e-04 9.999984e-01 1.743764e-03 -3.964751e-01 7.208730e-03 -1.740240e-03 9.999725e-01 3.762495e+01
9.999925e-01 1.669534e-04 -3.875259e-03 -7.364686e+00 -1.691552e-04 9.999998e-01 -5.680069e-04 -3.990846e-01 3.875164e-03 5.686585e-04 9.999923e-01 3.746365e+01
9.999762e-01 5.807927e-04 -6.868520e-03 -7.335474e+00 -5.677799e-04 9.999980e-01 1.896449e-03 -4.023504e-01 6.869608e-03 -1.892505e-03 9.999746e-01 3.732583e+01
9.999880e-01 1.919370e-04 -4.893307e-03 -7.251996e+00 -1.938939e-04 9.999999e-01 -3.995730e-04 -4.057290e-01 4.893230e-03 4.005173e-04 9.999879e-01 3.711942e+01
9.999829e-01 3.030393e-04 -5.844085e-03 -7.186142e+00 -2.948106e-04 9.999990e-01 1.408951e-03 -4.104034e-01 5.844506e-03 -1.407204e-03 9.999819e-01 3.700015e+01
9.999918e-01 1.612218e-04 -4.041666e-03 -7.151501e+00 -1.632159e-04 9.999999e-01 -4.932273e-04 -4.160765e-01 4.041586e-03 4.938833e-04 9.999917e-01 3.694861e+01
9.999710e-01 6.488096e-04 -7.588066e-03 -7.073800e+00 -6.335101e-04 9.999978e-01 2.018580e-03 -4.188367e-01 7.589359e-03 -2.013715e-03 9.999692e-01 3.672741e+01
9.999940e-01 -8.845902e-05 -3.458709e-03 -7.036180e+00 8.554266e-05 9.999996e-01 -8.435160e-04 -4.202032e-01 3.458782e-03 8.432154e-04 9.999937e-01 3.658620e+01
9.999827e-01 4.389924e-04 -5.870572e-03 -7.016525e+00 -4.291980e-04 9.999985e-01 1.669645e-03 -4.256058e-01 5.871296e-03 -1.667096e-03 9.999814e-01 3.658075e+01
9.999911e-01 1.813428e-04 -4.216752e-03 -6.988831e+00 -1.837817e-04 9.999998e-01 -5.781507e-04 -4.295333e-01 4.216647e-03 5.789209e-04 9.999909e-01 3.648784e+01
9.999815e-01 4.405854e-04 -6.064443e-03 -6.955365e+00 -4.308498e-04 9.999986e-01 1.606667e-03 -4.335785e-01 6.065143e-03 -1.604025e-03 9.999803e-01 3.639427e+01
9.999918e-01 3.643109e-04 -4.032316e-03 -6.953397e+00 -3.661547e-04 9.999998e-01 -4.566780e-04 -4.360189e-01 4.032149e-03 4.581510e-04 9.999918e-01 3.630052e+01
9.999826e-01 7.756189e-05 -5.906805e-03 -6.918185e+00 -6.984778e-05 9.999991e-01 1.306274e-03 -4.417464e-01 5.906901e-03 -1.305839e-03 9.999817e-01 3.625135e+01
9.999895e-01 2.460360e-04 -4.566971e-03 -6.874833e+00 -2.479928e-04 9.999999e-01 -4.280489e-04 -4.478648e-01 4.566865e-03 4.291773e-04 9.999895e-01 3.623340e+01
9.999821e-01 2.145719e-04 -5.982594e-03 -6.814125e+00 -2.057949e-04 9.999989e-01 1.467767e-03 -4.516746e-01 5.982902e-03 -1.466510e-03 9.999810e-01 3.611482e+01
9.999944e-01 1.599421e-04 -3.332137e-03 -6.831512e+00 -1.626106e-04 9.999997e-01 -8.007757e-04 -4.557757e-01 3.332008e-03 8.013134e-04 9.999941e-01 3.624050e+01
9.999820e-01 2.916666e-04 -5.992099e-03 -6.873515e+00 -2.820107e-04 9.999987e-01 1.612330e-03 -4.582409e-01 5.992561e-03 -1.610611e-03 9.999807e-01 3.632119e+01
9.999764e-01 7.645088e-04 -6.831168e-03 -6.788757e+00 -7.606047e-04 9.999995e-01 5.739951e-04 -4.567956e-01 6.831603e-03 -5.687854e-04 9.999765e-01 3.597963e+01
9.999868e-01 6.951585e-05 -5.131149e-03 -6.702116e+00 -6.419113e-05 9.999995e-01 1.038009e-03 -4.533081e-01 5.131218e-03 -1.037666e-03 9.999863e-01 3.565928e+01
9.999753e-01 7.572922e-04 -6.982027e-03 -6.612757e+00 -7.534348e-04 9.999996e-01 5.549969e-04 -4.524907e-01 6.982444e-03 -5.497224e-04 9.999755e-01 3.537100e+01
9.999885e-01 8.137057e-05 -4.800795e-03 -6.531871e+00 -7.709303e-05 9.999996e-01 8.913214e-04 -4.523328e-01 4.800866e-03 -8.909413e-04 9.999881e-01 3.511462e+01
9.999857e-01 7.902102e-04 -5.287623e-03 -6.540232e+00 -7.882442e-04 9.999996e-01 3.737485e-04 -4.519089e-01 5.287916e-03 -3.695750e-04 9.999860e-01 3.498056e+01
9.999864e-01 1.931533e-05 -5.210841e-03 -6.513301e+00 -1.427490e-05 9.999995e-01 9.674595e-04 -4.523656e-01 5.210858e-03 -9.673723e-04 9.999860e-01 3.481634e+01
9.999880e-01 5.850325e-04 -4.860632e-03 -6.499992e+00 -5.847397e-04 9.999998e-01 6.151983e-05 -4.541622e-01 4.860667e-03 -5.867658e-05 9.999882e-01 3.471603e+01
9.999910e-01 -4.194377e-04 -4.229968e-03 -6.471370e+00 4.218273e-04 9.999998e-01 5.642041e-04 -4.632833e-01 4.229730e-03 -5.659836e-04 9.999909e-01 3.489646e+01
9.999841e-01 1.700851e-04 -5.634343e-03 -6.435958e+00 -1.689199e-04 1.000000e+00 2.071572e-04 -4.720244e-01 5.634378e-03 -2.062018e-04 9.999841e-01 3.510991e+01
9.999840e-01 6.525844e-04 -5.625715e-03 -6.378623e+00 -6.456425e-04 9.999990e-01 1.235807e-03 -4.736920e-01 5.626517e-03 -1.232156e-03 9.999834e-01 3.491112e+01
9.999889e-01 3.858612e-04 -4.696770e-03 -6.385500e+00 -3.856900e-04 9.999999e-01 3.721221e-05 -4.727526e-01 4.696784e-03 -3.540000e-05 9.999890e-01 3.475650e+01
9.999868e-01 2.465819e-04 -5.138655e-03 -6.382472e+00 -2.414099e-04 9.999995e-01 1.007227e-03 -4.757668e-01 5.138901e-03 -1.005973e-03 9.999863e-01 3.467379e+01
9.999903e-01 1.044964e-04 -4.406726e-03 -6.342125e+00 -1.055175e-04 1.000000e+00 -2.316344e-04 -4.852336e-01 4.406701e-03 2.320974e-04 9.999903e-01 3.481993e+01
9.999861e-01 -3.046764e-04 -5.255465e-03 -6.292503e+00 3.091183e-04 9.999996e-01 8.445436e-04 -4.948979e-01 5.255205e-03 -8.461567e-04 9.999858e-01 3.504437e+01
9.999830e-01 8.473317e-04 -5.771815e-03 -6.194101e+00 -8.454012e-04 9.999996e-01 3.367934e-04 -4.986631e-01 5.772098e-03 -3.319079e-04 9.999833e-01 3.486122e+01
9.999813e-01 -6.543331e-04 -6.077418e-03 -6.021865e+00 6.578634e-04 9.999996e-01 5.790197e-04 -5.046838e-01 6.077037e-03 -5.830072e-04 9.999814e-01 3.466929e+01
9.999910e-01 1.177321e-03 -4.082689e-03 -5.992828e+00 -1.174743e-03 9.999991e-01 6.334561e-04 -5.087139e-01 4.083431e-03 -6.286540e-04 9.999915e-01 3.459627e+01
9.999445e-01 -1.100431e-04 -1.053179e-02 -5.742982e+00 1.221218e-04 9.999993e-01 1.146309e-03 -5.121111e-01 1.053166e-02 -1.147532e-03 9.999439e-01 3.413699e+01
9.999944e-01 6.427575e-04 -3.286444e-03 -5.499510e+00 -6.416229e-04 9.999997e-01 3.460755e-04 -5.168941e-01 3.286665e-03 -3.439647e-04 9.999945e-01 3.379822e+01
9.999594e-01 -5.046445e-05 -9.007024e-03 -5.339417e+00 5.928980e-05 9.999995e-01 9.796428e-04 -5.214794e-01 9.006970e-03 -9.801373e-04 9.999590e-01 3.356398e+01
9.999921e-01 6.146003e-04 -3.920674e-03 -5.160421e+00 -6.132598e-04 9.999998e-01 3.429333e-04 -5.242527e-01 3.920884e-03 -3.405260e-04 9.999923e-01 3.325485e+01
9.999683e-01 -1.514553e-04 -7.955514e-03 -5.038660e+00 1.585482e-04 9.999996e-01 8.910438e-04 -5.271774e-01 7.955376e-03 -8.922772e-04 9.999680e-01 3.303891e+01
9.999945e-01 6.976518e-04 -3.247316e-03 -4.929549e+00 -6.967310e-04 9.999997e-01 2.844472e-04 -5.316152e-01 3.247513e-03 -2.821829e-04 9.999947e-01 3.285856e+01
9.999662e-01 -1.182046e-04 -8.218623e-03 -4.830201e+00 1.257054e-04 9.999996e-01 9.122294e-04 -5.354171e-01 8.218512e-03 -9.132320e-04 9.999658e-01 3.267173e+01
9.999963e-01 1.191558e-03 -2.443983e-03 -4.816622e+00 -1.190253e-03 9.999991e-01 5.347342e-04 -5.346749e-01 2.444618e-03 -5.318230e-04 9.999969e-01 3.248884e+01
9.999317e-01 3.606879e-04 -1.168596e-02 -4.724102e+00 -3.406555e-04 9.999985e-01 1.716238e-03 -5.310146e-01 1.168656e-02 -1.712140e-03 9.999302e-01 3.204291e+01
9.999952e-01 1.549003e-03 -2.689483e-03 -4.669685e+00 -1.546491e-03 9.999984e-01 9.355486e-04 -5.220797e-01 2.690927e-03 -9.313846e-04 9.999959e-01 3.154551e+01
