1.000000e+00 1.197625e-11 1.704638e-10 1.665335e-16 1.197625e-11 1.000000e+00 3.562503e-10 -1.110223e-16 1.704638e-10 3.562503e-10 1.000000e+00 2.220446e-16 0.000000e+00 0.000000e+00 0.000000e+00 1.000000e+00
9.982742e-01 -4.503002e-02 -3.769482e-02 3.330336e-01 5.159197e-02 9.791108e-01 1.966730e-01 -1.208943e-02 2.805122e-02 -1.982784e-01 9.797443e-01 6.998380e-01
9.809621e-01 2.639755e-02 -1.923969e-01 6.102326e-01 -4.625585e-02 9.939652e-01 -9.946617e-02 -2.285318e-02 1.886102e-01 1.064720e-01 9.762632e-01 8.835552e-01
9.972225e-01 -7.023927e-02 -2.477553e-02 8.602183e-01 7.287710e-02 9.888404e-01 1.299366e-01 -3.680989e-02 1.537239e-02 -1.313812e-01 9.912127e-01 7.949222e-01
9.974585e-01 6.491817e-02 2.936148e-02 1.046579e+00 -5.844398e-02 9.811921e-01 -1.839739e-01 -6.447427e-02 -4.075250e-02 1.817903e-01 9.824925e-01 1.558912e-01
9.889075e-01 -6.959642e-02 -1.312187e-01 1.163931e+00 7.851283e-02 9.948539e-01 6.404316e-02 -9.131290e-02 1.260862e-01 -7.363511e-02 9.892826e-01 -9.083280e-01
9.926419e-01 1.199040e-01 -1.688252e-02 1.351341e+00 -1.210542e-01 9.794521e-01 -1.613056e-01 -1.231937e-01 -2.805579e-03 1.621624e-01 9.867601e-01 -2.118776e+00
9.859574e-01 -1.339975e-01 -9.966232e-02 1.489788e+00 1.349726e-01 9.908446e-01 3.076039e-03 -1.560083e-01 9.833769e-02 -1.648453e-02 9.950166e-01 -3.462212e+00
9.812973e-01 1.298926e-01 1.420688e-01 1.597802e+00 -1.057797e-01 9.804704e-01 -1.657966e-01 -1.897145e-01 -1.608300e-01 1.476677e-01 9.758729e-01 -4.708871e+00
9.781864e-01 -1.526978e-01 -1.408356e-01 1.658897e+00 1.557354e-01 9.877404e-01 1.073899e-02 -2.195776e-01 1.374692e-01 -3.243782e-02 9.899748e-01 -5.929521e+00
9.766512e-01 1.238758e-01 1.755196e-01 1.715454e+00 -9.596809e-02 9.825321e-01 -1.594388e-01 -2.470643e-01 -1.922042e-01 1.388718e-01 9.714794e-01 -6.925088e+00
9.850172e-01 -1.419308e-01 -9.796323e-02 1.717730e+00 1.521826e-01 9.825865e-01 1.066027e-01 -2.640308e-01 8.112714e-02 -1.199138e-01 9.894640e-01 -7.380436e+00
9.783761e-01 1.661386e-01 1.231997e-01 1.806150e+00 -1.413056e-01 9.718674e-01 -1.884315e-01 -2.899690e-01 -1.510395e-01 1.669480e-01 9.743282e-01 -8.032518e+00
9.725707e-01 -1.839178e-01 -1.424095e-01 1.848554e+00 2.006167e-01 9.730872e-01 1.133766e-01 -3.086073e-01 1.177249e-01 -1.388365e-01 9.832931e-01 -8.588656e+00
9.499611e-01 1.956536e-01 2.435029e-01 1.867680e+00 -1.469799e-01 9.678238e-01 -2.042403e-01 -3.322260e-01 -2.756282e-01 1.582303e-01 9.481520e-01 -9.115724e+00
9.628295e-01 -2.047315e-01 -1.761941e-01 1.937866e+00 2.256415e-01 9.682032e-01 1.080208e-01 -3.556019e-01 1.484764e-01 -1.437623e-01 9.784105e-01 -9.709319e+00
9.672147e-01 1.941321e-01 1.637330e-01 2.256650e+00 -1.974536e-01 9.803037e-01 4.101988e-03 -3.735997e-01 -1.597118e-01 -3.629717e-02 9.864962e-01 -9.188206e+00
9.535719e-01 -2.273271e-01 -1.975426e-01 2.475538e+00 2.589769e-01 9.537585e-01 1.525641e-01 -3.785677e-01 1.537260e-01 -1.966398e-01 9.683497e-01 -8.369074e+00
9.674501e-01 1.778532e-01 1.800239e-01 2.687338e+00 -1.717267e-01 9.839157e-01 -4.919106e-02 -3.839583e-01 -1.858772e-01 1.667498e-02 9.824315e-01 -7.635386e+00
9.601850e-01 -1.861576e-01 -2.083030e-01 2.954162e+00 2.329371e-01 9.451223e-01 2.290940e-01 -3.892425e-01 1.542242e-01 -2.684941e-01 9.508553e-01 -6.636048e+00
9.552739e-01 1.021905e-01 2.775046e-01 3.032641e+00 -8.667354e-02 9.939370e-01 -6.765288e-02 -3.751714e-01 -2.827355e-01 4.057473e-02 9.583393e-01 -5.216183e+00
9.483812e-01 -1.149804e-01 -2.955548e-01 3.069082e+00 1.731689e-01 9.685105e-01 1.788855e-01 -3.565413e-01 2.656796e-01 -2.208325e-01 9.384281e-01 -3.998969e+00
9.548266e-01 5.259761e-02 2.924717e-01 3.270733e+00 -4.873977e-02 9.986018e-01 -2.046709e-02 -3.586942e-01 -2.931392e-01 5.287523e-03 9.560551e-01 -3.041840e+00
9.481265e-01 -6.953116e-02 -3.101960e-01 3.391894e+00 1.257122e-01 9.782549e-01 1.649663e-01 -3.532205e-01 2.919805e-01 -1.954043e-01 9.362503e-01 -2.105747e+00
9.490196e-01 2.866123e-03 3.152040e-01 3.526206e+00 8.067746e-03 9.994102e-01 -3.337801e-02 -3.500000e-01 -3.151138e-01 3.421937e-02 9.484368e-01 -1.136549e+00
9.439772e-01 -3.729062e-02 -3.278970e-01 3.407766e+00 9.122535e-02 9.843647e-01 1.506787e-01 -3.177924e-01 3.171513e-01 -1.721498e-01 9.326197e-01 2.368314e-01
9.388091e-01 -3.683007e-02 3.424632e-01 3.361156e+00 5.504897e-02 9.975300e-01 -4.362915e-02 -2.953355e-01 -3.400105e-01 5.981169e-02 9.385177e-01 1.447008e+00
9.170869e-01 1.144330e-02 -3.985232e-01 3.119296e+00 7.498036e-02 9.768009e-01 2.005939e-01 -2.471878e-01 3.915733e-01 -2.138434e-01 8.949533e-01 3.176104e+00
9.325273e-01 -1.033440e-01 3.459954e-01 3.602293e+00 6.374115e-02 9.902360e-01 1.239746e-01 -2.326371e-01 -3.554291e-01 -9.355555e-02 9.300094e-01 5.495547e+00
8.536475e-01 2.574658e-01 -4.527663e-01 4.320444e+00 -8.461370e-02 9.262849e-01 3.672014e-01 -2.267873e-01 5.139323e-01 -2.751503e-01 8.125059e-01 7.452567e+00
8.603006e-01 -2.390196e-01 4.502805e-01 4.110632e+00 3.448045e-01 9.234064e-01 -1.686133e-01 -1.835086e-01 -3.754900e-01 3.003168e-01 8.768221e-01 9.021989e+00
8.724760e-01 2.998675e-01 -3.858303e-01 3.883013e+00 -1.291219e-01 9.029830e-01 4.098162e-01 -1.362412e-01 4.712888e-01 -3.077357e-01 8.265504e-01 1.062841e+01
8.245081e-01 -2.646641e-01 5.001392e-01 3.762108e+00 3.971364e-01 9.002744e-01 -1.782941e-01 -1.027148e-01 -4.030745e-01 3.456284e-01 8.473913e-01 1.209172e+01
8.853401e-01 3.539678e-01 -3.014625e-01 3.652569e+00 -1.887622e-01 8.661896e-01 4.626925e-01 -7.598881e-02 4.249020e-01 -3.527355e-01 8.336882e-01 1.338377e+01
9.269571e-01 -3.145450e-01 2.044798e-01 3.194696e+00 3.696331e-01 8.589798e-01 -3.542951e-01 -8.268207e-04 -6.420228e-02 4.039988e-01 9.125037e-01 1.537570e+01
8.640680e-01 2.851708e-01 -4.148061e-01 2.589746e+00 -2.906054e-02 8.509354e-01 5.244659e-01 9.507281e-02 5.025356e-01 -4.411197e-01 7.435532e-01 1.758905e+01
9.823104e-01 -1.538998e-01 1.066827e-01 1.949898e+00 1.866475e-01 8.507161e-01 -4.913704e-01 1.970807e-01 -1.513490e-02 5.025903e-01 8.643922e-01 1.993872e+01
8.577018e-01 1.008518e-01 -5.041593e-01 1.228514e+00 2.089426e-01 8.275801e-01 5.210126e-01 3.064408e-01 4.697773e-01 -5.522137e-01 6.887447e-01 2.227938e+01
9.935464e-01 1.117077e-01 1.967091e-02 5.041411e-01 -8.498600e-02 8.479998e-01 -5.231384e-01 4.250349e-01 -7.511953e-02 5.180905e-01 8.520207e-01 2.501421e+01
8.961169e-01 -1.697683e-01 -4.100650e-01 -4.240374e-02 3.762172e-01 7.807263e-01 4.989259e-01 5.239724e-01 2.354467e-01 -6.013694e-01 7.634918e-01 2.754545e+01
9.596634e-01 2.618061e-01 1.024878e-01 -4.057257e-01 -1.846637e-01 8.618221e-01 -4.724002e-01 5.965124e-01 -2.120035e-01 4.344194e-01 8.754052e-01 2.973680e+01
8.493016e-01 -2.353395e-01 -4.725485e-01 -8.154712e-01 4.542204e-01 7.819205e-01 4.269474e-01 6.725578e-01 2.690177e-01 -5.772483e-01 7.709824e-01 3.187614e+01
9.330159e-01 3.568981e-01 -4.588098e-02 -1.266132e+00 -3.429240e-01 8.432804e-01 -4.138615e-01 7.484384e-01 -1.090159e-01 4.018731e-01 9.091829e-01 3.369497e+01
7.998318e-01 -4.034784e-01 -4.443808e-01 -1.457979e+00 5.525782e-01 7.840584e-01 2.826833e-01 7.853630e-01 2.343639e-01 -4.716542e-01 8.500681e-01 3.459690e+01
8.885924e-01 4.459029e-01 1.075831e-01 -1.553826e+00 -3.866970e-01 8.543673e-01 -3.471627e-01 7.973965e-01 -2.467164e-01 2.668840e-01 9.316136e-01 3.503121e+01
6.390818e-01 -4.386765e-01 -6.317732e-01 -2.143159e+00 6.130318e-01 7.865899e-01 7.394892e-02 8.730394e-01 4.645067e-01 -4.345564e-01 7.716179e-01 3.655287e+01
8.293863e-01 5.241251e-01 1.934198e-01 -2.566073e+00 -4.808604e-01 8.459691e-01 -2.304551e-01 9.443046e-01 -2.844145e-01 9.812839e-02 9.536662e-01 3.817496e+01
6.669368e-01 -5.145604e-01 -5.389090e-01 -2.944070e+00 5.965043e-01 8.021326e-01 -2.767636e-02 9.927525e-01 4.465176e-01 -3.030031e-01 8.419092e-01 3.923476e+01
8.527379e-01 5.119224e-01 1.037959e-01 -3.472533e+00 -5.084654e-01 8.590292e-01 -5.942954e-02 1.062245e+00 -1.195870e-01 -2.098822e-03 9.928215e-01 4.051239e+01
8.387919e-01 -5.075381e-01 -1.970614e-01 -3.055031e+00 5.441415e-01 7.936995e-01 2.719396e-01 1.050287e+00 1.838784e-02 -3.353300e-01 9.419213e-01 4.166035e+01
8.478245e-01 5.265333e-01 6.289889e-02 -2.761531e+00 -5.301025e-01 8.446041e-01 7.506798e-02 1.057448e+00 -1.359888e-02 -9.698733e-02 9.951927e-01 4.267225e+01
7.500696e-01 -5.843528e-01 -3.097214e-01 -3.116216e+00 5.318542e-01 8.113151e-01 -2.426911e-01 1.101988e+00 3.930988e-01 1.730856e-02 9.193333e-01 4.356614e+01
8.642000e-01 4.694122e-01 1.811366e-01 -3.371874e+00 -4.968287e-01 8.530082e-01 1.598071e-01 1.129320e+00 -7.949561e-02 -2.280991e-01 9.703872e-01 4.403172e+01
8.550653e-01 -5.139956e-01 6.835113e-02 -3.383780e+00 5.173983e-01 8.371020e-01 -1.776494e-01 1.109556e+00 3.409417e-02 1.872666e-01 9.817173e-01 4.359155e+01
8.729162e-01 4.721664e-01 1.227851e-01 -3.375866e+00 -4.851746e-01 8.665703e-01 1.168822e-01 1.092595e+00 -5.121409e-02 -1.616005e-01 9.855265e-01 4.322462e+01
8.456498e-01 -5.244148e-01 9.932514e-02 -3.311535e+00 5.301230e-01 8.468729e-01 -4.214091e-02 1.074978e+00 -6.201645e-02 8.829099e-02 9.941623e-01 4.307389e+01
8.431939e-01 4.441712e-01 3.028795e-01 -2.937450e+00 -5.031522e-01 8.504441e-01 1.535664e-01 1.054535e+00 -1.893723e-01 -2.818808e-01 9.405750e-01 4.388373e+01
8.419259e-01 -5.091536e-01 -1.786715e-01 -2.595582e+00 5.114555e-01 8.585350e-01 -3.648344e-02 1.046576e+00 1.719714e-01 -6.066615e-02 9.832321e-01 4.467857e+01
9.501366e-02 2.138682e-01 9.722308e-01 -1.404112e+00 -3.596416e-01 9.180599e-01 -1.668050e-01 1.010972e+00 -9.282405e-01 -3.338059e-01 1.641441e-01 4.848819e+01
8.661030e-01 -1.737065e-01 -4.687128e-01 -9.563064e-01 3.308578e-01 9.020954e-01 2.770505e-01 1.064961e+00 3.746982e-01 -3.950316e-01 8.387797e-01 5.247736e+01
6.845732e-01 2.520776e-01 6.839710e-01 -8.485938e-01 6.367362e-02 9.140385e-01 -4.005987e-01 1.043684e+00 -7.261578e-01 3.177900e-01 6.096756e-01 5.239768e+01
9.402887e-01 -1.764833e-02 -3.399201e-01 -7.504739e-01 1.639824e-01 8.986090e-01 4.069541e-01 1.019428e+00 2.982732e-01 -4.383952e-01 8.478459e-01 5.222219e+01
6.613844e-01 6.167859e-02 7.475068e-01 -5.785548e-01 3.140414e-01 8.822791e-01 -3.506588e-01 9.935174e-01 -6.811378e-01 4.666684e-01 5.641560e-01 5.215938e+01
9.540829e-01 2.940613e-01 -5.704208e-02 -1.698227e-01 -2.164243e-01 8.083804e-01 5.474319e-01 9.620768e-01 2.070902e-01 -5.099501e-01 8.349039e-01 5.290262e+01
7.089864e-01 -3.349086e-01 6.206243e-01 -2.407619e-02 5.659063e-01 7.953183e-01 -2.172989e-01 9.494299e-01 -4.208186e-01 5.052772e-01 7.533967e-01 5.354524e+01
8.666328e-01 4.943137e-01 -6.783484e-02 4.393745e-02 -4.563348e-01 8.402361e-01 2.928510e-01 9.232856e-01 2.017576e-01 -2.228389e-01 9.537488e-01 5.320846e+01
8.242576e-01 -5.204200e-01 2.230751e-01 8.483780e-02 5.297100e-01 8.479217e-01 2.088061e-02 9.461010e-01 -2.000169e-01 1.009541e-01 9.745776e-01 5.489797e+01
8.391311e-01 4.676526e-01 -2.777770e-01 -2.206523e-01 -4.368381e-01 8.836923e-01 1.681082e-01 1.009954e+00 3.240857e-01 -1.972125e-02 9.458222e-01 5.659413e+01
7.452733e-01 -4.657382e-01 4.771327e-01 -1.742555e-01 5.138295e-01 8.572124e-01 3.414806e-02 9.886388e-01 -4.249081e-01 2.197152e-01 8.781676e-01 5.612821e+01
8.811593e-01 4.514769e-01 -1.404522e-01 -1.136480e-01 -4.521912e-01 8.914613e-01 2.863379e-02 9.635183e-01 1.381352e-01 3.828033e-02 9.896733e-01 5.577835e+01
7.854943e-01 -5.046226e-01 3.582662e-01 -6.451959e-02 4.891040e-01 8.608824e-01 1.402096e-01 9.422391e-01 -3.791780e-01 6.509558e-02 9.230312e-01 5.539936e+01
8.972609e-01 4.115186e-01 -1.599227e-01 2.484525e-01 -4.269418e-01 9.010031e-01 -7.690392e-02 9.103938e-01 1.124435e-01 1.372806e-01 9.841293e-01 5.501008e+01
8.265063e-01 -4.815662e-01 2.915157e-01 7.967980e-01 4.654079e-01 8.758825e-01 1.273785e-01 8.661125e-01 -3.166747e-01 3.039462e-02 9.480471e-01 5.424931e+01
9.109063e-01 3.612009e-01 -1.994584e-01 1.154443e+00 -3.881747e-01 9.140702e-01 -1.174571e-01 8.314409e-01 1.398934e-01 1.844171e-01 9.728413e-01 5.364386e+01
8.058693e-01 -4.493613e-01 3.855503e-01 1.407334e+00 3.831995e-01 8.922255e-01 2.389388e-01 7.979460e-01 -4.513676e-01 -4.481078e-02 8.912122e-01 5.306372e+01
8.996916e-01 2.677829e-01 -3.447424e-01 1.707936e+00 -3.485439e-01 9.161432e-01 -1.979870e-01 7.639872e-01 2.628158e-01 2.982851e-01 9.175804e-01 5.236819e+01
7.622837e-01 -3.868340e-01 5.189248e-01 1.732124e+00 2.291960e-01 9.111254e-01 3.425196e-01 7.417813e-01 -6.053038e-01 -1.421616e-01 7.831969e-01 5.194959e+01
8.932567e-01 1.590938e-01 -4.204541e-01 1.747578e+00 -2.891504e-01 9.194730e-01 -2.663860e-01 7.186136e-01 3.442159e-01 3.595255e-01 8.673274e-01 5.142105e+01
8.343788e-01 -3.646926e-01 4.132932e-01 2.570551e+00 2.128318e-01 9.048331e-01 3.687542e-01 6.726971e-01 -5.084433e-01 -2.197188e-01 8.325918e-01 5.071405e+01
8.085031e-01 2.681556e-01 -5.238466e-01 3.582466e+00 -4.165257e-01 8.895806e-01 -1.874904e-01 6.264760e-01 4.157271e-01 3.697821e-01 8.309224e-01 5.016849e+01
4.888414e-01 -4.513243e-01 7.465524e-01 3.668587e+00 1.380702e-01 8.850131e-01 4.446218e-01 5.995974e-01 -8.613772e-01 -1.142729e-01 4.949455e-01 4.989934e+01
7.137670e-01 1.598056e-02 -7.002009e-01 3.689545e+00 -3.423715e-01 8.801105e-01 -3.289182e-01 5.691762e-01 6.109979e-01 4.744998e-01 6.336651e-01 4.900861e+01
4.856215e-01 -2.981217e-01 8.217635e-01 3.706440e+00 -7.121240e-02 9.234351e-01 3.770894e-01 5.399214e-01 -8.712638e-01 -2.416425e-01 4.272099e-01 4.820393e+01
7.284136e-01 -2.016596e-01 -6.547877e-01 3.756842e+00 -1.495176e-01 8.858796e-01 -4.391604e-01 5.032619e-01 6.686240e-01 4.177927e-01 6.151351e-01 4.715831e+01
5.264930e-01 -5.838621e-02 8.481723e-01 3.782723e+00 -2.410836e-01 9.464352e-01 2.148002e-01 4.693913e-01 -8.152814e-01 -3.175713e-01 4.842155e-01 4.600342e+01
7.043756e-01 -3.725852e-01 -6.041815e-01 3.832914e+00 1.084361e-01 8.976567e-01 -4.271464e-01 4.389603e-01 7.014960e-01 2.353564e-01 6.726892e-01 4.511591e+01
5.074322e-01 1.459719e-01 8.492378e-01 3.865285e+00 -3.516519e-01 9.348247e-01 4.943413e-02 4.115029e-01 -7.866724e-01 -3.237206e-01 5.256914e-01 4.434341e+01
6.773823e-01 -4.615853e-01 -5.727933e-01 3.895944e+00 2.951212e-01 8.837515e-01 -3.631622e-01 3.821673e-01 6.738373e-01 7.695623e-02 7.348613e-01 4.349371e+01
5.125554e-01 3.550055e-01 7.818300e-01 3.933496e+00 -4.043414e-01 9.030464e-01 -1.449664e-01 3.523187e-01 -7.574926e-01 -2.418229e-01 6.064047e-01 4.252772e+01
6.273461e-01 -5.009463e-01 -5.962295e-01 3.947019e+00 4.628894e-01 8.555722e-01 -2.317965e-01 3.274108e-01 6.262350e-01 -1.305717e-01 7.686227e-01 4.178919e+01
5.016866e-01 4.502783e-01 7.386204e-01 3.934990e+00 -4.152083e-01 8.744042e-01 -2.510366e-01 3.100706e-01 -7.588891e-01 -1.807396e-01 6.256361e-01 4.143442e+01
6.659123e-01 -4.746563e-01 -5.755539e-01 3.896182e+00 5.383907e-01 8.398102e-01 -6.967243e-02 2.931246e-01 5.164265e-01 -2.634771e-01 8.147905e-01 4.114751e+01
5.049204e-01 5.122279e-01 6.947503e-01 3.866843e+00 -3.189940e-01 8.586386e-01 -4.012263e-01 2.802701e-01 -8.020587e-01 -1.903381e-02 5.969418e-01 4.105335e+01
7.470703e-01 -4.062639e-01 -5.261517e-01 3.859966e+00 5.488610e-01 8.235139e-01 1.434450e-01 2.585836e-01 3.750167e-01 -3.959476e-01 8.382052e-01 4.073883e+01
5.878392e-01 4.943915e-01 6.403297e-01 3.922066e+00 -1.066438e-01 8.319795e-01 -5.444604e-01 2.351940e-01 -8.019178e-01 2.517680e-01 5.417939e-01 4.039124e+01
8.569702e-01 -1.857069e-01 -4.807443e-01 3.971854e+00 4.196754e-01 7.928820e-01 4.418266e-01 2.133185e-01 2.991232e-01 -5.803887e-01 7.574128e-01 4.017946e+01
7.703653e-01 3.929715e-01 5.021062e-01 4.007854e+00 4.580251e-02 7.513489e-01 -6.583137e-01 1.892936e-01 -6.359555e-01 5.301398e-01 5.608141e-01 3.964164e+01
9.348391e-01 -7.420998e-02 -3.472300e-01 4.077722e+00 2.773468e-01 7.632274e-01 5.835775e-01 1.639498e-01 2.217081e-01 -6.418542e-01 7.340768e-01 3.906122e+01
8.225659e-01 2.260531e-01 5.218097e-01 4.122576e+00 2.202973e-01 7.192782e-01 -6.588687e-01 1.399014e-01 -5.242657e-01 6.569161e-01 5.418548e-01 3.860931e+01
9.546787e-01 1.328423e-01 -2.663485e-01 4.134388e+00 7.853191e-02 7.507372e-01 6.559164e-01 1.160207e-01 2.870912e-01 -6.471063e-01 7.062805e-01 3.804678e+01
8.454341e-01 5.744312e-02 5.309817e-01 4.149690e+00 3.520311e-01 6.877257e-01 -6.349075e-01 9.226241e-02 -4.016408e-01 7.236945e-01 5.612049e-01 3.747769e+01
9.291705e-01 2.671190e-01 -2.555182e-01 4.182470e+00 -2.359646e-02 7.326923e-01 6.801508e-01 6.803318e-02 3.688974e-01 -6.259468e-01 6.870992e-01 3.680982e+01
7.939637e-01 -5.160976e-02 6.057706e-01 4.219987e+00 4.790281e-01 6.666594e-01 -5.710493e-01 4.455223e-02 -3.743709e-01 7.435736e-01 5.540259e-01 3.624378e+01
9.089183e-01 3.876545e-01 -1.535952e-01 4.293530e+00 -2.024125e-01 7.322381e-01 6.502742e-01 1.868797e-02 3.645500e-01 -5.599566e-01 7.440107e-01 3.562163e+01
8.218105e-01 -1.882913e-01 5.377489e-01 4.350762e+00 5.138288e-01 6.527357e-01 -5.567011e-01 -9.068244e-03 -2.461859e-01 7.338137e-01 6.331745e-01 3.472438e+01
8.835256e-01 4.484172e-01 -1.352939e-01 4.409681e+00 -2.835432e-01 7.419695e-01 6.075233e-01 -3.665905e-02 3.728079e-01 -4.984007e-01 7.826947e-01 3.383841e+01
7.530158e-01 -2.750659e-01 5.977508e-01 4.460758e+00 6.005779e-01 6.584672e-01 -4.535716e-01 -6.460777e-02 -2.688372e-01 7.005425e-01 6.610347e-01 3.297879e+01
8.342803e-01 5.314595e-01 -1.467214e-01 4.489081e+00 -3.639654e-01 7.307782e-01 5.774880e-01 -8.798969e-02 4.141323e-01 -4.283853e-01 8.031067e-01 3.232974e+01
6.970187e-01 -3.884997e-01 6.026880e-01 4.504137e+00 6.604202e-01 6.752089e-01 -3.285394e-01 -1.102257e-01 -2.793028e-01 6.270255e-01 7.272063e-01 3.182138e+01
7.618521e-01 6.212424e-01 -1.834103e-01 4.493867e+00 -4.019553e-01 6.754509e-01 6.182217e-01 -1.194302e-01 5.079501e-01 -3.972707e-01 7.643053e-01 3.179397e+01
6.819442e-01 -4.680874e-01 5.620021e-01 4.497483e+00 6.998989e-01 6.407248e-01 -3.156158e-01 -1.263380e-01 -2.123529e-01 6.085770e-01 7.645523e-01 3.190605e+01
7.465351e-01 6.576461e-01 -1.009305e-01 4.517095e+00 -5.329117e-01 6.818449e-01 5.010914e-01 -1.457518e-01 3.983598e-01 -3.202953e-01 8.594885e-01 3.152338e+01
6.282078e-01 -5.449860e-01 5.552884e-01 4.544884e+00 7.422393e-01 6.337989e-01 -2.176688e-01 -1.676753e-01 -2.333148e-01 5.488982e-01 8.026675e-01 3.101060e+01
6.862560e-01 7.030720e-01 -1.863934e-01 4.549917e+00 -5.865435e-01 6.864625e-01 4.298091e-01 -1.888956e-01 4.301388e-01 -1.856313e-01 8.834714e-01 3.043405e+01
5.845804e-01 -5.992128e-01 5.470007e-01 4.544201e+00 7.566155e-01 6.460274e-01 -1.009042e-01 -2.077932e-01 -2.929143e-01 4.728558e-01 8.310286e-01 2.995975e+01
6.641340e-01 7.180922e-01 -2.080138e-01 4.556092e+00 -6.293130e-01 6.871735e-01 3.629846e-01 -2.251329e-01 4.035979e-01 -1.101646e-01 9.082800e-01 2.964889e+01
5.740064e-01 -6.866709e-01 4.460938e-01 4.588027e+00 7.670341e-01 6.416060e-01 6.491815e-04 -2.364257e-01 -2.866622e-01 3.417966e-01 8.949860e-01 2.965791e+01
6.461871e-01 7.510047e-01 -1.357723e-01 4.665714e+00 -6.677942e-01 6.425266e-01 3.757799e-01 -2.406552e-01 3.694497e-01 -1.521562e-01 9.167090e-01 3.013571e+01
7.064546e-01 -6.949236e-01 1.341757e-01 4.892885e+00 7.042848e-01 6.714798e-01 -2.304295e-01 -2.519998e-01 7.003461e-02 2.572859e-01 9.637941e-01 3.015769e+01
7.613048e-01 6.252449e-01 1.717087e-01 4.896458e+00 -6.451008e-01 7.037379e-01 2.976541e-01 -2.490342e-01 6.526873e-02 -3.373749e-01 9.391050e-01 3.063335e+01
7.186043e-01 -6.944713e-01 3.629689e-02 5.016578e+00 6.893557e-01 7.044901e-01 -1.687672e-01 -2.457189e-01 9.163320e-02 1.462983e-01 9.849874e-01 3.154931e+01
7.398153e-01 5.894368e-01 3.244035e-01 5.265677e+00 -6.638980e-01 7.177718e-01 2.098645e-01 -2.484793e-01 -1.091458e-01 -3.706318e-01 9.223445e-01 3.264655e+01
6.910119e-01 -7.137614e-01 -1.142249e-01 5.351950e+00 6.997505e-01 7.001546e-01 -1.418904e-01 -2.397723e-01 1.812510e-01 1.811907e-02 9.832699e-01 3.365219e+01
7.279807e-01 6.826609e-01 6.338928e-02 5.390426e+00 -6.754856e-01 6.983501e-01 2.366988e-01 -2.412158e-01 1.173171e-01 -2.151307e-01 9.695130e-01 3.367517e+01
6.847608e-01 -7.224557e-01 -9.570970e-02 5.957447e+00 6.637260e-01 6.724788e-01 -3.274753e-01 -2.664120e-01 3.009491e-01 1.607173e-01 9.399998e-01 3.380549e+01
7.274633e-01 6.350074e-01 2.599282e-01 6.337823e+00 -6.861428e-01 6.719788e-01 2.786621e-01 -2.821909e-01 2.286275e-03 -3.810643e-01 9.245457e-01 3.420866e+01
6.868827e-01 -7.234100e-01 -6.978596e-02 6.474032e+00 7.062761e-01 6.870720e-01 -1.706055e-01 -2.730343e-01 1.713657e-01 6.789784e-02 9.828650e-01 3.546983e+01
7.222635e-01 5.918632e-01 3.578175e-01 6.617090e+00 -6.683756e-01 7.303129e-01 1.411278e-01 -2.685882e-01 -1.777904e-01 -3.410879e-01 9.230653e-01 3.643035e+01
6.885141e-01 -6.790145e-01 -2.547304e-01 6.771377e+00 6.442793e-01 7.339485e-01 -2.149970e-01 -2.761784e-01 3.329451e-01 -1.608906e-02 9.428089e-01 3.689091e+01
7.330534e-01 5.518181e-01 3.976550e-01 6.890962e+00 -6.382135e-01 7.601953e-01 1.216003e-01 -2.810072e-01 -2.351943e-01 -3.429283e-01 9.094415e-01 3.735031e+01
7.004383e-01 -6.336717e-01 -3.283997e-01 6.958627e+00 6.002355e-01 7.719513e-01 -2.093050e-01 -2.778736e-01 3.861393e-01 -5.051191e-02 9.210565e-01 3.807459e+01
7.273363e-01 5.063265e-01 4.632660e-01 6.960237e+00 -5.876858e-01 8.081277e-01 3.943481e-02 -2.697224e-01 -3.544112e-01 -3.009372e-01 8.853415e-01 3.877937e+01
7.181566e-01 -5.853164e-01 -3.763720e-01 7.044953e+00 5.808082e-01 8.020683e-01 -1.390977e-01 -2.678082e-01 3.832922e-01 -1.187060e-01 9.159672e-01 3.952493e+01
7.111122e-01 4.663803e-01 5.261263e-01 7.191423e+00 -5.256317e-01 8.496393e-01 -4.271211e-02 -2.748401e-01 -4.669377e-01 -2.461755e-01 8.493332e-01 4.002823e+01
7.134965e-01 -5.210570e-01 -4.684254e-01 7.311523e+00 4.863262e-01 8.495672e-01 -2.042606e-01 -2.927325e-01 5.043903e-01 -8.206835e-02 8.595669e-01 3.982715e+01
7.732918e-01 4.375950e-01 4.588360e-01 7.474146e+00 -4.708247e-01 8.809894e-01 -4.670878e-02 -3.104864e-01 -4.246692e-01 -1.799118e-01 8.872924e-01 3.952663e+01
7.240408e-01 -4.513220e-01 -5.216066e-01 7.620206e+00 4.619161e-01 8.788689e-01 -1.192599e-01 -3.247598e-01 5.122484e-01 -1.545895e-01 8.448098e-01 3.956800e+01
7.024996e-01 4.728684e-01 5.318738e-01 7.671765e+00 -3.989441e-01 8.805371e-01 -2.559257e-01 -3.510543e-01 -5.893538e-01 -3.240018e-02 8.072251e-01 3.882878e+01
7.310577e-01 -4.944387e-01 -4.701968e-01 7.695842e+00 5.204299e-01 8.497256e-01 -8.437516e-02 -3.786319e-01 4.412566e-01 -1.830214e-01 8.785191e-01 3.787490e+01
7.397835e-01 5.170932e-01 4.305055e-01 7.723476e+00 -4.449774e-01 8.559227e-01 -2.634225e-01 -4.005932e-01 -5.046934e-01 3.310386e-03 8.632923e-01 3.718147e+01
7.867091e-01 -5.064068e-01 -3.530453e-01 7.739937e+00 5.503257e-01 8.344318e-01 2.941349e-02 -4.253225e-01 2.796970e-01 -2.174298e-01 9.351438e-01 3.648233e+01
7.801005e-01 5.239368e-01 3.419553e-01 7.766798e+00 -4.083493e-01 8.404673e-01 -3.561818e-01 -4.505579e-01 -4.740191e-01 1.382204e-01 8.695982e-01 3.571857e+01
8.207649e-01 -4.841078e-01 -3.032896e-01 7.773723e+00 5.499018e-01 8.133622e-01 1.898684e-01 -4.715001e-01 1.547675e-01 -3.226168e-01 9.337909e-01 3.516617e+01
8.091423e-01 5.262707e-01 2.613959e-01 7.800248e+00 -3.771149e-01 8.062254e-01 -4.558343e-01 -4.955665e-01 -4.506363e-01 2.702585e-01 8.508157e-01 3.447750e+01
8.091224e-01 -4.210005e-01 -4.099750e-01 7.799268e+00 5.437208e-01 8.009966e-01 2.505439e-01 -5.138050e-01 2.229094e-01 -4.256326e-01 8.770110e-01 3.386472e+01
8.530626e-01 5.055026e-01 1.294270e-01 8.551569e+00 -4.336350e-01 8.247286e-01 -3.630199e-01 -5.506455e-01 -2.902497e-01 2.535546e-01 9.227487e-01 3.328277e+01
8.503692e-01 -4.125394e-01 -3.266243e-01 9.226954e+00 5.032980e-01 8.187907e-01 2.761757e-01 -5.851706e-01 1.535035e-01 -3.992406e-01 9.039046e-01 3.296792e+01
8.184389e-01 4.382805e-01 3.715751e-01 9.191321e+00 -2.339098e-01 8.448010e-01 -4.812457e-01 -5.938993e-01 -5.248276e-01 3.069552e-01 7.939361e-01 3.304897e+01
9.088863e-01 -3.084830e-01 -2.806492e-01 9.228041e+00 4.000255e-01 8.351379e-01 3.775239e-01 -6.189677e-01 1.179211e-01 -4.553931e-01 8.824464e-01 3.252431e+01
9.002524e-01 3.497064e-01 2.593282e-01 9.253250e+00 -1.681797e-01 8.287519e-01 -5.337471e-01 -6.391136e-01 -4.015735e-01 4.368933e-01 8.048993e-01 3.205499e+01
9.455707e-01 -2.120210e-01 -2.468667e-01 9.312793e+00 3.172393e-01 7.695907e-01 5.541565e-01 -6.495899e-01 7.249345e-02 -6.023100e-01 7.949638e-01 3.228769e+01
9.071629e-01 2.478794e-01 3.400167e-01 9.317360e+00 7.753352e-03 7.980792e-01 -6.025027e-01 -6.594298e-01 -4.207082e-01 5.492044e-01 7.220659e-01 3.242736e+01
9.729005e-01 -4.711762e-02 -2.263725e-01 9.271207e+00 1.808558e-01 7.650622e-01 6.180381e-01 -6.650146e-01 1.440686e-01 -6.422303e-01 7.528509e-01 3.256496e+01
9.154485e-01 1.035695e-01 3.888798e-01 9.234016e+00 1.661258e-01 7.828867e-01 -5.995754e-01 -6.663306e-01 -3.665465e-01 6.134834e-01 6.994868e-01 3.293098e+01
9.871606e-01 1.166556e-01 -1.091117e-01 9.274833e+00 -1.780481e-02 7.592034e-01 6.506099e-01 -6.762611e-01 1.587353e-01 -6.403137e-01 7.515327e-01 3.314003e+01
9.598163e-01 -1.032118e-01 2.609596e-01 9.860984e+00 2.371916e-01 7.953373e-01 -5.578339e-01 -7.089652e-01 -1.499759e-01 5.973155e-01 7.878587e-01 3.306437e+01
9.407708e-01 3.058892e-01 -1.462263e-01 1.089968e+01 -1.234892e-01 7.108137e-01 6.924552e-01 -7.560794e-01 3.157542e-01 -6.333843e-01 7.064868e-01 3.289776e+01
9.160413e-01 -1.694155e-01 3.635474e-01 1.138606e+01 3.358826e-01 8.194147e-01 -4.644809e-01 -7.831683e-01 -2.192058e-01 5.475929e-01 8.075214e-01 3.312211e+01
9.564125e-01 2.848904e-01 -6.413013e-02 1.137572e+01 -2.005634e-01 8.004625e-01 5.648310e-01 -7.853764e-01 2.122487e-01 -5.273493e-01 8.227109e-01 3.343843e+01
8.301599e-01 -2.949892e-01 4.730918e-01 1.144337e+01 4.832957e-01 8.038114e-01 -3.468609e-01 -7.967154e-01 -2.779564e-01 5.165933e-01 8.098590e-01 3.374457e+01
8.972031e-01 4.375055e-01 -6.012931e-02 1.143243e+01 -3.444436e-01 7.784752e-01 5.247237e-01 -7.957606e-01 2.763786e-01 -4.500726e-01 8.491464e-01 3.425857e+01
8.336720e-01 -4.199851e-01 3.586133e-01 1.147231e+01 5.328721e-01 7.822847e-01 -3.226112e-01 -7.967391e-01 -1.450458e-01 4.600470e-01 8.759672e-01 3.472999e+01
8.442471e-01 5.297413e-01 8.136959e-02 1.226447e+01 -4.518576e-01 6.218796e-01 6.396018e-01 -8.313349e-01 2.882214e-01 -5.767494e-01 7.643877e-01 3.559494e+01
8.632891e-01 -4.996317e-01 7.141530e-02 1.288997e+01 4.921591e-01 8.019928e-01 -3.385070e-01 -8.503245e-01 1.118543e-01 3.273771e-01 9.382499e-01 3.642382e+01
8.635853e-01 4.216581e-01 2.764504e-01 1.290693e+01 -4.989224e-01 7.937849e-01 3.478246e-01 -8.497372e-01 -7.277912e-02 -4.383035e-01 8.958757e-01 3.695859e+01
8.478826e-01 -5.158527e-01 -1.224385e-01 1.291751e+01 4.532439e-01 8.250603e-01 -3.374098e-01 -8.410953e-01 2.750729e-01 2.305894e-01 9.333614e-01 3.766694e+01
8.470694e-01 3.484357e-01 4.013304e-01 1.307213e+01 -4.885306e-01 8.078369e-01 3.297536e-01 -8.479843e-01 -2.093116e-01 -4.753863e-01 8.545154e-01 3.821446e+01
8.384757e-01 -4.880479e-01 -2.424205e-01 1.321663e+01 4.199588e-01 8.622020e-01 -2.832709e-01 -8.520436e-01 3.472652e-01 1.357091e-01 9.278954e-01 3.890381e+01
8.760542e-01 3.274584e-01 3.539775e-01 1.324080e+01 -4.385356e-01 8.462999e-01 3.024286e-01 -8.437136e-01 -2.005383e-01 -4.201756e-01 8.850067e-01 3.956666e+01
8.502650e-01 -4.346112e-01 -2.969219e-01 1.324197e+01 3.283943e-01 8.788723e-01 -3.460357e-01 -8.403636e-01 4.113474e-01 1.967146e-01 8.899982e-01 4.002813e+01
8.700909e-01 2.476981e-01 4.261307e-01 1.324587e+01 -3.965176e-01 8.652965e-01 3.066526e-01 -8.353360e-01 -2.927721e-01 -4.357840e-01 8.511033e-01 4.054751e+01
8.247405e-01 -3.921537e-01 -4.074538e-01 1.315188e+01 2.516560e-01 8.997382e-01 -3.565675e-01 -8.216564e-01 5.064310e-01 1.915375e-01 8.407384e-01 4.116603e+01
8.872808e-01 1.937872e-01 4.185442e-01 1.305946e+01 -3.425024e-01 8.845994e-01 3.165060e-01 -8.042879e-01 -3.089091e-01 -4.241821e-01 8.512607e-01 4.182547e+01
8.648260e-01 -3.343646e-01 -3.745348e-01 1.306955e+01 2.200338e-01 9.229349e-01 -3.158739e-01 -7.989170e-01 4.512883e-01 1.907656e-01 8.717496e-01 4.239959e+01
8.522010e-01 1.116375e-01 5.111659e-01 1.314025e+01 -2.947197e-01 9.096583e-01 2.926807e-01 -8.022617e-01 -4.323122e-01 -4.000735e-01 8.081135e-01 4.282632e+01
9.219810e-01 -3.304546e-01 -2.018685e-01 1.331533e+01 2.741629e-01 9.252012e-01 -2.623689e-01 -8.182517e-01 2.734700e-01 1.865543e-01 9.436163e-01 4.314415e+01
8.863757e-01 1.773905e-01 4.276338e-01 1.346999e+01 -3.037816e-01 9.198767e-01 2.480796e-01 -8.319613e-01 -3.493635e-01 -3.497991e-01 8.692444e-01 4.342422e+01
9.143864e-01 -3.239989e-01 -2.427392e-01 1.360930e+01 2.812248e-01 9.396519e-01 -1.948510e-01 -8.432427e-01 2.912218e-01 1.099048e-01 9.503214e-01 4.380856e+01
8.866012e-01 1.777861e-01 4.270017e-01 1.369974e+01 -2.817124e-01 9.397528e-01 1.936564e-01 -8.500738e-01 -3.668466e-01 -2.919877e-01 8.832705e-01 4.422205e+01
9.126297e-01 -2.962502e-01 -2.816785e-01 1.384047e+01 2.661390e-01 9.536159e-01 -1.406657e-01 -8.609234e-01 3.102853e-01 5.341003e-02 9.491419e-01 4.460550e+01
9.643825e-01 2.423011e-01 1.060975e-01 1.367491e+01 -2.609111e-01 9.373363e-01 2.309244e-01 -8.396229e-01 -4.349581e-02 -2.503814e-01 9.671697e-01 4.522584e+01
8.211414e-01 -2.852954e-01 -4.943008e-01 1.337928e+01 1.256254e-01 9.352030e-01 -3.310795e-01 -8.039098e-01 5.567271e-01 2.097663e-01 8.037743e-01 4.577934e+01
9.025872e-01 6.166107e-02 4.260683e-01 1.338041e+01 -2.004516e-01 9.360550e-01 2.891717e-01 -8.084604e-01 -3.809928e-01 -3.464087e-01 8.572313e-01 4.579777e+01
9.361954e-01 -2.640518e-01 -2.319804e-01 1.369369e+01 1.544163e-01 9.018956e-01 -4.034104e-01 -8.484285e-01 3.157433e-01 3.418494e-01 8.851244e-01 4.482939e+01
9.612254e-01 1.198278e-01 2.483689e-01 1.404879e+01 -1.671843e-01 9.694865e-01 1.792911e-01 -8.897744e-01 -2.193062e-01 -2.138625e-01 9.519284e-01 4.358865e+01
9.348643e-01 -2.654613e-01 -2.357098e-01 1.426703e+01 1.858078e-01 9.316395e-01 -3.122872e-01 -9.170179e-01 3.024967e-01 2.481494e-01 9.202812e-01 4.278318e+01
8.821848e-01 1.991174e-01 4.267344e-01 1.438891e+01 -2.855134e-01 9.468073e-01 1.484524e-01 -9.487537e-01 -3.744758e-01 -2.528008e-01 8.921097e-01 4.192738e+01
8.869278e-01 -3.693212e-01 -2.774182e-01 1.480865e+01 2.311789e-01 8.748783e-01 -4.256105e-01 -1.004228e+00 3.998942e-01 3.133526e-01 8.613332e-01 4.014199e+01
9.661282e-01 2.189799e-01 1.365435e-01 1.521274e+01 -2.420669e-01 9.523812e-01 1.854011e-01 -1.048112e+00 -8.944232e-02 -2.121739e-01 9.731302e-01 3.866762e+01
9.489676e-01 -2.874309e-01 -1.297845e-01 1.531441e+01 2.285276e-01 9.103194e-01 -3.450997e-01 -1.074453e+00 2.173376e-01 2.978291e-01 9.295495e-01 3.780804e+01
9.734004e-01 1.978095e-01 1.155985e-01 1.538154e+01 -2.214592e-01 9.416523e-01 2.534695e-01 -1.093610e+00 -5.871493e-02 -2.723277e-01 9.604115e-01 3.720947e+01
9.648513e-01 -2.625695e-01 1.091848e-02 1.539948e+01 2.539895e-01 9.210460e-01 -2.952350e-01 -1.113899e+00 6.746328e-02 2.876310e-01 9.553623e-01 3.670839e+01
9.749585e-01 2.115201e-01 6.866724e-02 1.538794e+01 -2.222273e-01 9.383484e-01 2.647969e-01 -1.127929e+00 -8.423937e-03 -2.734257e-01 9.618562e-01 3.631740e+01
9.572405e-01 -2.477227e-01 -1.494125e-01 1.534123e+01 2.087482e-01 9.490412e-01 -2.361035e-01 -1.125882e+00 2.002868e-01 1.948183e-01 9.601724e-01 3.652990e+01
9.839529e-01 1.616784e-01 7.547722e-02 1.529061e+01 -1.774648e-01 9.306744e-01 3.199241e-01 -1.117246e+00 -1.851988e-02 -3.281848e-01 9.444320e-01 3.694770e+01
9.478032e-01 -2.003593e-01 -2.480428e-01 1.514566e+01 1.288809e-01 9.522652e-01 -2.767322e-01 -1.100240e+00 2.916483e-01 2.303197e-01 9.283825e-01 3.737142e+01
9.951429e-01 9.800088e-02 -9.293005e-03 1.492667e+01 -8.945432e-02 9.396676e-01 3.301858e-01 -1.074206e+00 4.109084e-02 -3.277508e-01 9.438702e-01 3.783066e+01
9.147923e-01 -8.221916e-02 -3.954681e-01 1.461482e+01 -3.499765e-02 9.592487e-01 -2.803873e-01 -1.039084e+00 4.024054e-01 2.703366e-01 8.746359e-01 3.831639e+01
9.988653e-01 -4.633369e-02 -1.101439e-02 1.423251e+01 4.759059e-02 9.623134e-01 2.677464e-01 -9.954526e-01 -1.806387e-03 -2.679668e-01 9.634265e-01 3.887429e+01
9.424046e-01 3.557924e-02 -3.325773e-01 1.395822e+01 -1.053392e-01 9.752985e-01 -1.941557e-01 -9.648588e-01 3.174542e-01 2.180066e-01 9.228737e-01 3.935692e+01
7.604905e-01 -5.089870e-02 -6.473511e-01 1.297707e+01 2.204971e-01 9.579298e-01 1.837157e-01 -8.466785e-01 6.107660e-01 -2.824531e-01 7.397196e-01 4.099734e+01
5.865709e-01 2.933886e-01 -7.548892e-01 1.111786e+01 -3.719768e-01 9.255473e-01 7.067821e-02 -6.077526e-01 7.194218e-01 2.393435e-01 6.520329e-01 4.385904e+01
9.046569e-01 -2.717638e-01 -3.282383e-01 9.645659e+00 1.777694e-01 9.407079e-01 -2.889059e-01 -4.119489e-01 3.872906e-01 2.030100e-01 8.993292e-01 4.622325e+01
9.728349e-01 1.962368e-01 -1.228144e-01 9.125237e+00 -1.602144e-01 9.536567e-01 2.546964e-01 -3.423150e-01 1.671036e-01 -2.281009e-01 9.591905e-01 4.723881e+01
7.692199e-01 -1.001830e-01 -6.310817e-01 8.388417e+00 1.861520e-04 9.876679e-01 -1.565635e-01 -2.512143e-01 6.389842e-01 1.203143e-01 7.597524e-01 4.867271e+01
9.495005e-01 6.877644e-02 -3.061349e-01 7.455964e+00 -2.121221e-02 9.875189e-01 1.560653e-01 -1.321388e-01 3.130477e-01 -1.416903e-01 9.391086e-01 5.014951e+01
6.580283e-01 2.159324e-02 -7.526835e-01 6.382413e+00 -1.511428e-01 9.830329e-01 -1.039339e-01 6.043585e-04 7.376684e-01 1.821542e-01 6.501271e-01 5.170822e+01
9.180950e-01 -6.851700e-02 -3.903934e-01 5.308733e+00 8.198044e-02 9.964731e-01 1.790625e-02 1.420497e-01 3.877896e-01 -4.844426e-02 9.204740e-01 5.329986e+01
7.261508e-01 1.309631e-01 -6.749471e-01 4.244587e+00 -8.467226e-02 9.912521e-01 1.012415e-01 2.763767e-01 6.823017e-01 -1.636727e-02 7.308875e-01 5.509794e+01
9.996219e-01 -1.202177e-02 -2.473015e-02 3.491545e+00 6.907578e-03 9.803118e-01 -1.973349e-01 3.810368e-01 2.661557e-02 1.970894e-01 9.800242e-01 5.650675e+01
9.912858e-01 -4.098670e-02 -1.251903e-01 3.482478e+00 7.373727e-02 9.601693e-01 2.695139e-01 3.826522e-01 1.091574e-01 -2.763965e-01 9.548244e-01 5.672192e+01
9.968777e-01 1.738608e-02 7.702259e-02 3.523813e+00 -1.847004e-03 9.803252e-01 -1.973807e-01 3.730913e-01 -7.893886e-02 1.966222e-01 9.772965e-01 5.670440e+01
9.786619e-01 -6.071337e-03 -2.053876e-01 3.518121e+00 6.384736e-02 9.590695e-01 2.758790e-01 3.724820e-01 1.953060e-01 -2.831058e-01 9.389924e-01 5.693280e+01
9.973473e-01 3.861390e-02 -6.170427e-02 3.427038e+00 -4.976740e-02 9.803435e-01 -1.909186e-01 3.847202e-01 5.311926e-02 1.934830e-01 9.796646e-01 5.724919e+01
9.841331e-01 -7.029597e-02 -1.629123e-01 3.373913e+00 1.124651e-01 9.573022e-01 2.663158e-01 3.909224e-01 1.372354e-01 -2.804121e-01 9.500187e-01 5.751767e+01
9.917302e-01 7.807022e-02 1.018638e-01 3.476054e+00 -6.441773e-02 9.892817e-01 -1.310420e-01 3.904809e-01 -1.110024e-01 1.233965e-01 9.861297e-01 5.812757e+01
9.162296e-01 -3.156430e-02 -3.994084e-01 3.381731e+00 1.463563e-01 9.543667e-01 2.603151e-01 4.123034e-01 3.729655e-01 -2.969643e-01 8.790386e-01 5.886472e+01
9.736914e-01 1.411285e-01 -1.789073e-01 2.988009e+00 -1.751798e-01 9.657093e-01 -1.916186e-01 4.612220e-01 1.457296e-01 2.179183e-01 9.650256e-01 5.950036e+01
9.847792e-01 -1.668961e-01 4.853481e-02 3.104927e+00 1.410022e-01 9.303909e-01 3.383655e-01 4.724133e-01 -1.016282e-01 -3.263718e-01 9.397623e-01 6.051485e+01
9.683388e-01 1.354294e-01 -2.097115e-01 3.306882e+00 -1.425647e-01 9.895989e-01 -1.921729e-02 4.799560e-01 2.049277e-01 4.850630e-02 9.775744e-01 6.150069e+01
9.767245e-01 -2.012111e-01 -7.431994e-02 3.088072e+00 2.108036e-01 9.644708e-01 1.592415e-01 5.239722e-01 3.963826e-02 -1.712020e-01 9.844383e-01 6.283379e+01
9.731161e-01 1.779580e-01 -1.462052e-01 2.824133e+00 -1.879614e-01 9.804853e-01 -5.761104e-02 5.779897e-01 1.330997e-01 8.354316e-02 9.875753e-01 6.423481e+01
9.719607e-01 -2.327936e-01 3.316027e-02 2.797923e+00 2.239265e-01 9.593813e-01 1.715938e-01 5.881856e-01 -7.175928e-02 -1.593569e-01 9.846096e-01 6.481521e+01
9.844036e-01 1.754215e-01 1.329874e-02 2.824498e+00 -1.757394e-01 9.840227e-01 2.855000e-02 6.020760e-01 -8.077981e-03 -3.044183e-02 9.995039e-01 6.588970e+01
9.742052e-01 -2.249200e-01 -1.831064e-02 2.740513e+00 2.256608e-01 9.705445e-01 8.438349e-02 6.285704e-01 -1.208239e-03 -8.633883e-02 9.962651e-01 6.703545e+01
9.824508e-01 1.855741e-01 1.877963e-02 2.808531e+00 -1.865210e-01 9.777795e-01 9.569320e-02 6.380659e-01 -6.041496e-04 -9.751665e-02 9.952337e-01 6.795970e+01
9.605300e-01 -2.770605e-01 2.489296e-02 2.847347e+00 2.699132e-01 9.499071e-01 1.575544e-01 6.582228e-01 -6.729809e-02 -1.446168e-01 9.871965e-01 6.937634e+01
8.997564e-01 2.397290e-01 -3.646484e-01 2.423330e+00 -2.279731e-01 9.707232e-01 7.566269e-02 7.332860e-01 3.721112e-01 1.505202e-02 9.280661e-01 7.127714e+01
8.752483e-01 -2.122239e-01 -4.346279e-01 1.600727e+00 1.841875e-01 9.771358e-01 -1.062098e-01 8.545393e-01 4.472308e-01 1.290697e-02 8.943255e-01 7.331893e+01
9.572667e-01 2.184372e-01 -1.895408e-01 9.974456e-01 -2.015176e-01 9.738835e-01 1.046017e-01 9.399344e-01 2.074396e-01 -6.193592e-02 9.762852e-01 7.464171e+01
9.525765e-01 -2.258959e-01 -2.038848e-01 6.342195e-01 2.144630e-01 9.737060e-01 -7.682663e-02 9.899594e-01 2.158787e-01 2.945750e-02 9.759757e-01 7.565855e+01
9.707022e-01 1.940315e-01 -1.417358e-01 3.869428e-01 -1.697842e-01 9.712586e-01 1.668236e-01 1.028385e+00 1.700312e-01 -1.378715e-01 9.757463e-01 7.644083e+01
9.654195e-01 -1.779672e-01 -1.905071e-01 2.089725e-01 1.578225e-01 9.805989e-01 -1.162659e-01 1.050620e+00 2.075026e-01 8.217903e-02 9.747765e-01 7.689034e+01
9.883796e-01 1.290154e-01 -8.037853e-02 7.884515e-02 -1.095985e-01 9.712608e-01 2.112835e-01 1.066925e+00 1.053273e-01 -2.000189e-01 9.741143e-01 7.722139e+01
9.798932e-01 -1.255322e-01 -1.550839e-01 -4.363149e-02 9.962143e-02 9.812770e-01 -1.648366e-01 1.078904e+00 1.728726e-01 1.460726e-01 9.740523e-01 7.749370e+01
9.953270e-01 6.349591e-02 -7.274909e-02 -2.182237e-01 -4.446735e-02 9.701554e-01 2.383720e-01 1.098215e+00 8.571357e-02 -2.340231e-01 9.684453e-01 7.793361e+01
9.952142e-01 -8.633693e-02 -4.576644e-02 -2.851939e-01 7.704523e-02 9.813789e-01 -1.759529e-01 1.107779e+00 6.010545e-02 1.715847e-01 9.833341e-01 7.833141e+01
9.986711e-01 2.888587e-02 -4.268057e-02 -3.486625e-01 -1.684968e-02 9.656537e-01 2.592857e-01 1.114180e+00 4.870434e-02 -2.582220e-01 9.648571e-01 7.865921e+01
9.969193e-01 -7.099191e-02 -3.334781e-02 -4.360767e-01 6.411372e-02 9.824943e-01 -1.749124e-01 1.124834e+00 4.518141e-02 1.722355e-01 9.840191e-01 7.913344e+01
9.867497e-01 2.147651e-02 -1.608221e-01 -6.810609e-01 1.841995e-02 9.699641e-01 2.425496e-01 1.153653e+00 1.612008e-01 -2.422981e-01 9.567162e-01 7.980504e+01
9.978936e-01 -4.051836e-02 5.066100e-02 8.244839e-03 3.584311e-02 9.952954e-01 9.001271e-02 1.140088e+00 -5.406982e-02 -8.800726e-02 9.946513e-01 8.120046e+01
9.112393e-01 1.678775e-01 -3.761117e-01 7.082154e-01 -2.358626e-02 9.329351e-01 3.592711e-01 1.142865e+00 4.112013e-01 -3.185109e-01 8.540868e-01 8.259364e+01
9.163465e-01 -1.110141e-01 3.846880e-01 5.496262e-01 2.173967e-01 9.447827e-01 -2.452027e-01 1.174356e+00 -3.362256e-01 3.083206e-01 8.898824e-01 8.367481e+01
9.440795e-01 1.945346e-01 -2.662146e-01 4.828024e-01 -6.275265e-02 8.986545e-01 4.341454e-01 1.197063e+00 3.236913e-01 -3.931621e-01 8.606088e-01 8.478734e+01
9.641825e-01 -1.437950e-01 2.228792e-01 2.796174e-01 2.139010e-01 9.184141e-01 -3.328092e-01 1.231223e+00 -1.568391e-01 3.685629e-01 9.162766e-01 8.584398e+01
9.202338e-01 1.636863e-01 -3.554949e-01 8.175070e-02 -8.071708e-03 9.160811e-01 4.009117e-01 1.254847e+00 3.912859e-01 -3.660631e-01 8.443300e-01 8.629853e+01
9.402037e-01 -6.731727e-02 3.338942e-01 5.195907e-02 1.862133e-01 9.223989e-01 -3.383857e-01 1.249165e+00 -2.852045e-01 3.803270e-01 8.797783e-01 8.627192e+01
9.365879e-01 2.832250e-01 -2.063656e-01 3.524129e-01 -8.957877e-02 7.628205e-01 6.403753e-01 1.252303e+00 3.387902e-01 -5.812817e-01 7.398194e-01 8.788925e+01
8.344666e-01 -4.024972e-01 3.763795e-01 9.092369e-01 4.564251e-01 8.875425e-01 -6.280402e-02 1.258729e+00 -3.087744e-01 2.241969e-01 9.243344e-01 9.064668e+01
8.911972e-01 4.532688e-01 -1.774473e-02 1.205835e+00 -3.702464e-01 7.494492e-01 5.488566e-01 1.280730e+00 2.620783e-01 -4.825696e-01 8.357282e-01 9.322005e+01
