9.999803e-01 -4.738490e-03 -4.125239e-03 5.148088e-02 4.739467e-03 9.999887e-01 2.269042e-04 -1.853584e-02 4.124117e-03 -2.464519e-04 9.999915e-01 7.150822e-01
9.999884e-01 2.624727e-03 -4.049645e-03 1.472796e-01 -2.623112e-03 9.999965e-01 4.039866e-04 -2.697731e-02 4.050691e-03 -3.933585e-04 9.999917e-01 9.516923e-01
9.999859e-01 -5.255854e-03 7.334973e-04 3.454136e-01 5.258740e-03 9.999782e-01 -3.989374e-03 -8.186901e-03 -7.125141e-04 3.993174e-03 9.999918e-01 -7.491751e-02
9.999788e-01 2.307210e-03 -6.090029e-03 6.918407e-01 -2.313337e-03 9.999968e-01 -9.990949e-04 1.433617e-02 6.087705e-03 1.013163e-03 9.999810e-01 -1.320704e+00
9.999767e-01 -5.998896e-03 3.265471e-03 1.110753e+00 6.015176e-03 9.999694e-01 -4.998756e-03 4.322776e-02 -3.235385e-03 5.018281e-03 9.999822e-01 -2.880201e+00
9.999704e-01 3.561515e-03 -6.815748e-03 1.386929e+00 -3.539237e-03 9.999884e-01 3.277914e-03 5.918440e-02 6.827344e-03 -3.253693e-03 9.999714e-01 -3.825409e+00
9.999728e-01 -7.370825e-03 3.124321e-04 2.126456e+00 7.374704e-03 9.998586e-01 -1.510977e-02 9.238139e-02 -2.010169e-04 1.511166e-02 9.998858e-01 -5.693373e+00
9.999982e-01 1.381995e-03 1.312361e-03 2.980453e+00 -1.385003e-03 9.999964e-01 2.293722e-03 1.553568e-01 -1.309187e-03 -2.295534e-03 9.999965e-01 -8.904566e+00
9.999677e-01 -7.370615e-03 3.199094e-03 3.727519e+00 7.423573e-03 9.998301e-01 -1.687026e-02 2.165811e-01 -3.074207e-03 1.689346e-02 9.998526e-01 -1.185869e+01
9.999947e-01 2.830033e-03 -1.635076e-03 4.252616e+00 -2.817927e-03 9.999689e-01 7.359600e-03 2.716965e-01 1.655853e-03 -7.354953e-03 9.999716e-01 -1.450705e+01
9.999537e-01 -8.712170e-03 4.081655e-03 4.973080e+00 8.818234e-03 9.996038e-01 -2.673120e-02 3.429200e-01 -3.847151e-03 2.676595e-02 9.996343e-01 -1.786518e+01
9.999858e-01 1.891558e-03 4.983207e-03 5.874379e+00 -1.919594e-03 9.999823e-01 5.627510e-03 4.380573e-01 -4.972474e-03 -5.636995e-03 9.999717e-01 -2.223750e+01
9.999698e-01 -5.947349e-03 5.011270e-03 6.182627e+00 6.015632e-03 9.998877e-01 -1.372278e-02 4.962403e-01 -4.929094e-03 1.375251e-02 9.998933e-01 -2.480143e+01
9.999270e-01 3.300084e-03 -1.162701e-02 6.280043e+00 -3.142979e-03 9.999039e-01 1.350456e-02 4.843788e-01 1.167046e-02 -1.346703e-02 9.998412e-01 -2.448114e+01
9.999805e-01 -6.123531e-03 -1.252018e-03 6.532015e+00 6.105093e-03 9.998800e-01 -1.423542e-02 4.744844e-01 1.339038e-03 1.422750e-02 9.998979e-01 -2.433969e+01
9.998927e-01 2.686574e-03 -1.439976e-02 6.886219e+00 -2.515421e-03 9.999261e-01 1.189078e-02 4.643811e-01 1.443065e-02 -1.185328e-02 9.998256e-01 -2.430087e+01
9.999791e-01 -5.618248e-03 -3.214117e-03 7.375782e+00 5.572939e-03 9.998874e-01 -1.393645e-02 4.559553e-01 3.292053e-03 1.391824e-02 9.998977e-01 -2.442707e+01
9.999203e-01 3.115724e-03 -1.223747e-02 8.149213e+00 -3.011176e-03 9.999589e-01 8.552358e-03 4.675979e-01 1.226361e-02 -8.514826e-03 9.998885e-01 -2.548359e+01
9.999772e-01 -5.938851e-03 -3.225054e-03 8.821686e+00 5.893184e-03 9.998848e-01 -1.398974e-02 4.720454e-01 3.307766e-03 1.397042e-02 9.998969e-01 -2.625106e+01
9.999108e-01 2.915501e-03 -1.303413e-02 9.434895e+00 -2.784327e-03 9.999454e-01 1.007076e-02 4.698597e-01 1.306278e-02 -1.003357e-02 9.998643e-01 -2.672654e+01
9.999801e-01 -5.725120e-03 -2.661584e-03 1.013912e+01 5.682207e-03 9.998581e-01 -1.586014e-02 4.772463e-01 2.752007e-03 1.584470e-02 9.998707e-01 -2.761974e+01
9.999496e-01 3.718401e-03 -9.326702e-03 1.069335e+01 -3.600101e-03 9.999133e-01 1.266884e-02 4.874038e-01 9.373001e-03 -1.263462e-02 9.998762e-01 -2.851915e+01
9.999696e-01 -6.725118e-03 -3.952183e-03 1.151396e+01 6.635853e-03 9.997319e-01 -2.218114e-02 5.109879e-01 4.100294e-03 2.215424e-02 9.997462e-01 -2.999372e+01
9.999543e-01 3.057096e-03 -9.053757e-03 1.208978e+01 -2.911864e-03 9.998676e-01 1.601108e-02 5.159589e-01 9.101506e-03 -1.598399e-02 9.998308e-01 -3.070357e+01
9.999623e-01 -6.032414e-03 -6.247767e-03 1.249954e+01 5.917554e-03 9.998161e-01 -1.824232e-02 5.098733e-01 6.356663e-03 1.820466e-02 9.998141e-01 -3.084696e+01
9.999526e-01 2.839775e-03 -9.307773e-03 1.299350e+01 -2.701888e-03 9.998869e-01 1.479344e-02 5.065080e-01 9.348731e-03 -1.476759e-02 9.998472e-01 -3.117295e+01
9.999336e-01 -8.851270e-03 -7.377965e-03 1.336157e+01 8.725681e-03 9.998194e-01 -1.688397e-02 4.802735e-01 7.526076e-03 1.681847e-02 9.998302e-01 -3.051176e+01
9.999403e-01 4.019746e-03 -1.016380e-02 1.390339e+01 -3.863347e-03 9.998746e-01 1.536088e-02 4.636881e-01 1.022427e-02 -1.532069e-02 9.998304e-01 -3.036802e+01
9.999488e-01 -7.744169e-03 -6.518653e-03 1.459241e+01 7.605060e-03 9.997484e-01 -2.110094e-02 4.666417e-01 6.680422e-03 2.105028e-02 9.997561e-01 -3.108694e+01
9.999566e-01 5.339517e-04 -9.300248e-03 1.501414e+01 -3.706159e-04 9.998458e-01 1.755538e-02 4.377574e-01 9.308188e-03 -1.755117e-02 9.998026e-01 -3.037717e+01
9.999333e-01 -1.038174e-02 -5.065708e-03 1.536504e+01 1.028525e-02 9.997719e-01 -1.871628e-02 3.912341e-01 5.258860e-03 1.866292e-02 9.998120e-01 -2.888845e+01
9.999255e-01 2.836468e-03 -1.186998e-02 1.576199e+01 -2.628363e-03 9.998432e-01 1.751107e-02 3.586627e-01 1.191779e-02 -1.747857e-02 9.997762e-01 -2.799780e+01
9.999311e-01 -1.127468e-02 -3.259764e-03 1.611932e+01 1.120839e-02 9.997434e-01 -1.968337e-02 3.187409e-01 3.480851e-03 1.964548e-02 9.998009e-01 -2.678826e+01
9.999788e-01 -2.145674e-03 -6.139810e-03 1.640307e+01 2.244976e-03 9.998660e-01 1.621249e-02 2.568100e-01 6.104202e-03 -1.622593e-02 9.998497e-01 -2.454813e+01
9.999489e-01 -1.003261e-02 1.243502e-03 1.654564e+01 1.005403e-02 9.997761e-01 -1.861746e-02 1.997751e-01 -1.056442e-03 1.862901e-02 9.998259e-01 -2.227353e+01
9.999772e-01 -6.288992e-03 -2.460793e-03 1.674305e+01 6.325379e-03 9.998664e-01 1.506927e-02 1.271019e-01 2.365694e-03 -1.508449e-02 9.998834e-01 -1.928422e+01
9.999658e-01 -7.658382e-03 -3.130784e-03 1.696827e+01 7.599748e-03 9.998031e-01 -1.832964e-02 6.302783e-02 3.270543e-03 1.830522e-02 9.998271e-01 -1.676864e+01
9.999636e-01 -8.458324e-03 1.116240e-03 1.719006e+01 8.441045e-03 9.998568e-01 1.466956e-02 -6.380246e-03 -1.240160e-03 -1.465961e-02 9.998918e-01 -1.390094e+01
9.998959e-01 -1.365040e-02 4.681657e-03 1.742567e+01 1.373952e-02 9.997142e-01 -1.956327e-02 -9.983640e-02 -4.413273e-03 1.962556e-02 9.997977e-01 -9.966515e+00
9.999601e-01 -8.926026e-03 -2.916195e-04 1.769272e+01 8.929370e-03 9.998501e-01 1.483441e-02 -1.971317e-01 1.591639e-04 -1.483642e-02 9.998899e-01 -5.879242e+00
9.999005e-01 -1.330613e-02 4.675036e-03 1.792647e+01 1.339515e-02 9.997190e-01 -1.955793e-02 -2.909921e-01 -4.413482e-03 1.961861e-02 9.997978e-01 -1.853502e+00
9.999335e-01 -1.098452e-02 3.519623e-03 1.820109e+01 1.093286e-02 9.998369e-01 1.437751e-02 -3.935697e-01 -3.676978e-03 -1.433807e-02 9.998904e-01 2.501607e+00
9.999376e-01 -8.023106e-03 -7.775889e-03 1.855075e+01 7.876389e-03 9.997938e-01 -1.871852e-02 -4.766783e-01 7.924466e-03 1.865611e-02 9.997946e-01 5.738551e+00
9.998593e-01 -1.241562e-02 1.127598e-02 1.877655e+01 1.225332e-02 9.998219e-01 1.435075e-02 -5.608860e-01 -1.145215e-02 -1.421056e-02 9.998334e-01 9.248509e+00
9.999661e-01 -4.301623e-03 -7.022405e-03 1.895988e+01 4.188791e-03 9.998632e-01 -1.600368e-02 -6.210029e-01 7.090285e-03 1.597372e-02 9.998473e-01 1.206838e+01
9.999543e-01 -5.921697e-03 7.509964e-03 1.898554e+01 5.803899e-03 9.998613e-01 1.561163e-02 -6.563837e-01 -7.601369e-03 -1.556733e-02 9.998499e-01 1.371807e+01
9.999564e-01 -9.264204e-03 1.199639e-03 1.905308e+01 9.283425e-03 9.998098e-01 -1.715406e-02 -7.124971e-01 -1.040492e-03 1.716445e-02 9.998521e-01 1.626564e+01
9.999680e-01 -5.837715e-03 5.476157e-03 1.911255e+01 5.749762e-03 9.998564e-01 1.594172e-02 -7.660476e-01 -5.568433e-03 -1.590972e-02 9.998579e-01 1.879479e+01
9.999850e-01 -5.459066e-03 -3.800167e-04 1.915560e+01 5.451768e-03 9.998389e-01 -1.710331e-02 -8.023002e-01 4.733232e-04 1.710098e-02 9.998537e-01 2.060267e+01
9.999968e-01 1.056321e-03 -2.300317e-03 1.920632e+01 -1.015959e-03 9.998467e-01 1.747699e-02 -8.214197e-01 2.318426e-03 -1.747460e-02 9.998446e-01 2.140530e+01
9.999631e-01 -8.578030e-03 5.286874e-04 1.921000e+01 8.585869e-03 9.998146e-01 -1.723775e-02 -8.476189e-01 -3.807239e-04 1.724165e-02 9.998513e-01 2.266186e+01
9.999631e-01 5.467218e-03 -6.625913e-03 1.927232e+01 -5.343306e-03 9.998132e-01 1.857673e-02 -8.597070e-01 6.726238e-03 -1.854064e-02 9.998055e-01 2.315645e+01
9.999738e-01 -6.966874e-03 1.986347e-03 1.933058e+01 7.005863e-03 9.997684e-01 -2.034853e-02 -8.472855e-01 -1.844122e-03 2.036191e-02 9.997910e-01 2.253615e+01
9.999616e-01 5.590803e-03 -6.751700e-03 1.940631e+01 -5.455348e-03 9.997868e-01 1.991684e-02 -8.376103e-01 6.861612e-03 -1.987924e-02 9.997788e-01 2.202920e+01
9.999794e-01 -6.415992e-03 -1.386259e-04 1.944065e+01 6.411911e-03 9.997776e-01 -2.009296e-02 -8.322664e-01 2.675109e-04 2.009166e-02 9.997981e-01 2.170524e+01
9.999659e-01 5.014445e-03 -6.565294e-03 1.948604e+01 -4.882692e-03 9.997894e-01 1.993260e-02 -8.297756e-01 6.663863e-03 -1.989987e-02 9.997798e-01 2.153602e+01
9.999779e-01 -6.400338e-03 -1.779229e-03 1.956858e+01 6.364977e-03 9.997951e-01 -1.921646e-02 -8.324576e-01 1.901856e-03 1.920471e-02 9.998138e-01 2.150932e+01
9.999980e-01 1.986375e-03 2.040504e-04 1.956508e+01 -1.990025e-03 9.998021e-01 1.979551e-02 -8.400143e-01 -1.646883e-04 -1.979588e-02 9.998040e-01 2.210279e+01
9.999817e-01 -4.825019e-03 -3.642642e-03 1.958204e+01 4.754781e-03 9.998072e-01 -1.905059e-02 -8.459364e-01 3.733859e-03 1.903292e-02 9.998119e-01 2.256246e+01
9.999944e-01 2.986275e-03 -1.480337e-03 1.963482e+01 -2.960267e-03 9.998465e-01 1.727027e-02 -8.317769e-01 1.531684e-03 -1.726579e-02 9.998498e-01 2.187388e+01
9.999841e-01 -4.887187e-03 -2.821241e-03 1.968455e+01 4.831572e-03 9.998002e-01 -1.939394e-02 -8.158815e-01 2.915459e-03 1.938000e-02 9.998079e-01 2.112185e+01
9.999943e-01 2.865158e-03 -1.793511e-03 1.975008e+01 -2.834406e-03 9.998528e-01 1.691995e-02 -7.991322e-01 1.841726e-03 -1.691477e-02 9.998552e-01 2.030601e+01
9.999848e-01 -4.744361e-03 -2.806986e-03 1.981692e+01 4.689956e-03 9.998069e-01 -1.908101e-02 -7.834621e-01 2.896971e-03 1.906756e-02 9.998140e-01 1.953631e+01
9.999946e-01 2.847140e-03 -1.641327e-03 1.988467e+01 -2.818429e-03 9.998475e-01 1.723670e-02 -7.683006e-01 1.690152e-03 -1.723198e-02 9.998501e-01 1.880168e+01
9.999841e-01 -4.338166e-03 -3.609840e-03 1.992945e+01 4.271299e-03 9.998229e-01 -1.832956e-02 -7.571927e-01 3.688717e-03 1.831385e-02 9.998255e-01 1.825623e+01
9.999959e-01 2.343984e-03 -1.662012e-03 2.000720e+01 -2.318057e-03 9.998782e-01 1.543331e-02 -7.405240e-01 1.697985e-03 -1.542939e-02 9.998795e-01 1.742106e+01
9.999716e-01 -6.678419e-03 3.482301e-03 2.036599e+01 6.770778e-03 9.996065e-01 -2.722190e-02 -6.882630e-01 -3.299132e-03 2.724471e-02 9.996234e-01 1.499677e+01
9.999924e-01 3.897984e-03 1.372372e-04 2.052232e+01 -3.900045e-03 9.997564e-01 2.172454e-02 -6.451862e-01 -5.252144e-05 -2.172491e-02 9.997640e-01 1.316982e+01
9.999747e-01 -6.595239e-03 -2.663746e-03 2.060368e+01 6.523044e-03 9.996339e-01 -2.625842e-02 -6.194129e-01 2.835951e-03 2.624038e-02 9.996516e-01 1.196689e+01
9.999920e-01 3.937800e-03 6.597899e-04 2.068832e+01 -3.951563e-03 9.997424e-01 2.235054e-02 -5.949095e-01 -5.716075e-04 -2.235297e-02 9.997500e-01 1.082616e+01
9.999721e-01 -6.563222e-03 -3.579494e-03 2.079056e+01 6.466184e-03 9.996285e-01 -2.647844e-02 -5.698396e-01 3.751948e-03 2.645456e-02 9.996430e-01 9.611786e+00
9.999910e-01 3.939128e-03 1.557591e-03 2.086651e+01 -3.973179e-03 9.997390e-01 2.249875e-02 -5.431194e-01 -1.468559e-03 -2.250474e-02 9.997457e-01 8.379784e+00
9.999683e-01 -5.928187e-03 -5.315823e-03 2.094570e+01 5.793283e-03 9.996696e-01 -2.504382e-02 -5.237425e-01 5.462531e-03 2.501223e-02 9.996722e-01 7.467619e+00
9.999933e-01 3.151574e-03 1.888763e-03 2.107526e+01 -3.189558e-03 9.997857e-01 2.045679e-02 -4.997983e-01 -1.823887e-03 -2.046268e-02 9.997890e-01 6.282413e+00
9.999790e-01 -5.860429e-03 -2.757678e-03 2.115882e+01 5.790968e-03 9.996817e-01 -2.455598e-02 -4.716880e-01 2.900709e-03 2.453949e-02 9.996947e-01 5.032579e+00
9.999932e-01 3.638176e-03 -6.502938e-04 2.123132e+01 -3.622985e-03 9.997513e-01 2.200699e-02 -4.534127e-01 7.301978e-04 -2.200449e-02 9.997576e-01 4.157382e+00
9.999776e-01 -5.285644e-03 -4.114479e-03 2.129251e+01 5.187429e-03 9.997098e-01 -2.352614e-02 -4.396337e-01 4.237635e-03 2.350427e-02 9.997148e-01 3.489778e+00
9.999984e-01 1.614786e-03 8.256050e-04 2.168097e+01 -1.629099e-03 9.998431e-01 1.763959e-02 -4.201341e-01 -7.969909e-04 -1.764091e-02 9.998441e-01 2.219607e+00
9.999754e-01 -4.726930e-03 -5.175982e-03 2.196616e+01 4.609607e-03 9.997374e-01 -2.244895e-02 -3.965216e-01 5.280737e-03 2.242453e-02 9.997346e-01 9.155475e-01
9.999938e-01 2.266286e-03 2.707149e-03 2.205181e+01 -2.317782e-03 9.998135e-01 1.917302e-02 -3.730817e-01 -2.663192e-03 -1.917917e-02 9.998125e-01 -1.510388e-01
9.999695e-01 -4.563610e-03 -6.333341e-03 2.211435e+01 4.421271e-03 9.997413e-01 -2.230934e-02 -3.531728e-01 6.433514e-03 2.228066e-02 9.997311e-01 -1.082676e+00
9.999909e-01 2.105209e-03 3.703713e-03 2.215887e+01 -2.174994e-03 9.998183e-01 1.894002e-02 -3.312776e-01 -3.663166e-03 -1.894790e-02 9.998138e-01 -2.076822e+00
9.999650e-01 -4.254639e-03 -7.198582e-03 2.221231e+01 4.098057e-03 9.997577e-01 -2.162852e-02 -3.120749e-01 7.288859e-03 2.159826e-02 9.997402e-01 -2.957330e+00
9.999932e-01 1.886874e-03 3.171892e-03 2.229013e+01 -1.946146e-03 9.998216e-01 1.878850e-02 -2.937856e-01 -3.135874e-03 -1.879454e-02 9.998184e-01 -3.859950e+00
9.999610e-01 -3.437265e-03 -8.135625e-03 2.233865e+01 3.273607e-03 9.997937e-01 -2.004475e-02 -2.799586e-01 8.202845e-03 2.001733e-02 9.997660e-01 -4.492299e+00
9.999949e-01 4.251680e-04 3.175674e-03 2.273576e+01 -4.607071e-04 9.999372e-01 1.119876e-02 -2.457956e-01 -3.170713e-03 -1.120017e-02 9.999322e-01 -6.199756e+00
9.999861e-01 -2.598328e-03 -4.581023e-03 2.283550e+01 2.533567e-03 9.998976e-01 -1.408637e-02 -2.197489e-01 4.617155e-03 1.407457e-02 9.998903e-01 -7.312032e+00
9.999968e-01 1.357607e-03 -2.135576e-03 2.285080e+01 -1.328925e-03 9.999097e-01 1.337529e-02 -2.128157e-01 2.153542e-03 -1.337241e-02 9.999083e-01 -7.659052e+00
9.999892e-01 -2.873728e-03 -3.639883e-03 2.290338e+01 2.820582e-03 9.998906e-01 -1.452272e-02 -2.022584e-01 3.681219e-03 1.451230e-02 9.998879e-01 -8.189282e+00
9.999981e-01 1.367993e-03 -1.410101e-03 2.292039e+01 -1.348448e-03 9.999043e-01 1.376950e-02 -1.929969e-01 1.428803e-03 -1.376758e-02 9.999042e-01 -8.583009e+00
9.999849e-01 -2.245097e-03 -5.006546e-03 2.288663e+01 2.177049e-03 9.999057e-01 -1.355607e-02 -1.891463e-01 5.036509e-03 1.354497e-02 9.998956e-01 -8.671813e+00
9.999976e-01 1.222923e-03 -1.805852e-03 2.289432e+01 -1.198887e-03 9.999115e-01 1.325162e-02 -1.828454e-01 1.821899e-03 -1.324943e-02 9.999106e-01 -8.992474e+00
9.999892e-01 -3.377827e-03 -3.207615e-03 2.287313e+01 3.336349e-03 9.999119e-01 -1.284952e-02 -1.838949e-01 3.250735e-03 1.283868e-02 9.999123e-01 -8.831212e+00
9.999977e-01 1.114879e-03 -1.835823e-03 2.287417e+01 -1.090408e-03 9.999113e-01 1.327697e-02 -1.883458e-01 1.850463e-03 -1.327494e-02 9.999102e-01 -8.494194e+00
9.999838e-01 -2.595682e-03 -5.059184e-03 2.293978e+01 2.520254e-03 9.998864e-01 -1.485875e-02 -1.786668e-01 5.097178e-03 1.484576e-02 9.998768e-01 -9.033697e+00
9.999992e-01 5.680911e-04 1.129124e-03 2.300704e+01 -5.820733e-04 9.999227e-01 1.242193e-02 -1.609878e-01 -1.121979e-03 -1.242257e-02 9.999222e-01 -9.852425e+00
9.999781e-01 -2.191198e-03 -6.244335e-03 2.307303e+01 2.105209e-03 9.999033e-01 -1.374419e-02 -1.493211e-01 6.273847e-03 1.373074e-02 9.998860e-01 -1.042333e+01
9.999999e-01 7.324676e-05 5.261319e-04 2.323386e+01 -7.859616e-05 9.999482e-01 1.017504e-02 -1.320130e-01 -5.253589e-04 -1.017508e-02 9.999481e-01 -1.132265e+01
9.999890e-01 -2.541415e-03 -3.952153e-03 2.328741e+01 2.495733e-03 9.999305e-01 -1.152098e-02 -1.215278e-01 3.981158e-03 1.151099e-02 9.999258e-01 -1.186387e+01
9.999970e-01 1.526600e-03 -1.910216e-03 2.327498e+01 -1.504494e-03 9.999325e-01 1.152068e-02 -1.149126e-01 1.927675e-03 -1.151777e-02 9.999318e-01 -1.206169e+01
9.999891e-01 -4.643964e-03 -4.817729e-04 2.354227e+01 4.634445e-03 9.998242e-01 -1.816745e-02 -8.754456e-02 5.660568e-04 1.816502e-02 9.998348e-01 -1.342754e+01
9.999984e-01 1.776408e-03 -3.331766e-04 2.375281e+01 -1.771882e-03 9.999123e-01 1.312601e-02 -5.483350e-02 3.564649e-04 -1.312540e-02 9.999138e-01 -1.492580e+01
9.999804e-01 -5.405175e-03 -3.146611e-03 2.420638e+01 5.335178e-03 9.997472e-01 -2.184402e-02 -1.928547e-02 3.263886e-03 2.182681e-02 9.997564e-01 -1.674948e+01
9.999913e-01 1.927869e-03 3.708467e-03 2.453127e+01 -1.981723e-03 9.998918e-01 1.457355e-02 2.176583e-02 -3.679969e-03 -1.458077e-02 9.998869e-01 -1.863971e+01
9.999811e-01 -5.472682e-03 -2.788091e-03 2.470446e+01 5.410457e-03 9.997465e-01 -2.185726e-02 6.077593e-02 2.907002e-03 2.184177e-02 9.997572e-01 -2.038922e+01
9.999948e-01 5.367573e-04 3.190900e-03 2.531414e+01 -5.677195e-04 9.999527e-01 9.710395e-03 1.085101e-01 -3.185537e-03 -9.712155e-03 9.999478e-01 -2.278998e+01
9.999937e-01 -3.397023e-03 -1.025099e-03 2.568658e+01 3.381263e-03 9.998817e-01 -1.500321e-02 1.507152e-01 1.075943e-03 1.499965e-02 9.998869e-01 -2.471429e+01
9.999863e-01 1.492232e-03 -5.020965e-03 2.583905e+01 -1.428188e-03 9.999179e-01 1.273473e-02 1.634019e-01 5.039556e-03 -1.272738e-02 9.999063e-01 -2.542931e+01
9.999918e-01 -3.922041e-03 1.041000e-03 2.605763e+01 3.939076e-03 9.998494e-01 -1.690026e-02 1.851294e-01 -9.745604e-04 1.690422e-02 9.998566e-01 -2.652740e+01
9.999886e-01 1.488238e-03 -4.532283e-03 2.628524e+01 -1.427557e-03 9.999097e-01 1.336249e-02 2.059907e-01 4.551761e-03 -1.335587e-02 9.999004e-01 -2.758250e+01
9.999927e-01 -3.779486e-03 -5.992388e-04 2.653874e+01 3.769128e-03 9.998579e-01 -1.643383e-02 2.230834e-01 6.612646e-04 1.643145e-02 9.998648e-01 -2.852025e+01
9.999937e-01 1.178169e-03 -3.340905e-03 2.676764e+01 -1.135306e-03 9.999174e-01 1.280263e-02 2.418839e-01 3.355713e-03 -1.279876e-02 9.999125e-01 -2.951673e+01
9.999934e-01 -3.518026e-03 -9.469522e-04 2.698374e+01 3.502359e-03 9.998648e-01 -1.606655e-02 2.615055e-01 1.003346e-03 1.606313e-02 9.998705e-01 -3.055548e+01
9.999964e-01 7.427188e-04 -2.565839e-03 2.719590e+01 -7.125341e-04 9.999308e-01 1.174493e-02 2.821344e-01 2.574385e-03 -1.174306e-02 9.999277e-01 -3.164078e+01
9.999939e-01 -2.998304e-03 -1.774233e-03 2.736373e+01 2.972346e-03 9.998911e-01 -1.445631e-02 2.982251e-01 1.817384e-03 1.445095e-02 9.998939e-01 -3.251266e+01
9.999933e-01 9.166543e-04 -3.534446e-03 2.753311e+01 -8.756212e-04 9.999324e-01 1.159352e-02 3.131878e-01 3.544835e-03 -1.159035e-02 9.999265e-01 -3.332498e+01
9.999951e-01 -2.879004e-03 -1.255019e-03 2.767495e+01 2.861141e-03 9.998978e-01 -1.400986e-02 3.283269e-01 1.295225e-03 1.400620e-02 9.999011e-01 -3.410442e+01
9.999918e-01 1.024799e-03 -3.918207e-03 2.776254e+01 -9.763451e-04 9.999233e-01 1.234820e-02 3.395921e-01 3.930561e-03 -1.234427e-02 9.999161e-01 -3.470877e+01
9.999943e-01 -3.336697e-03 4.937794e-04 2.801370e+01 3.344422e-03 9.998571e-01 -1.657344e-02 3.645756e-01 -4.384086e-04 1.657500e-02 9.998625e-01 -3.592849e+01
9.999784e-01 1.163526e-03 -6.462870e-03 2.826826e+01 -1.083957e-03 9.999237e-01 1.230155e-02 3.842425e-01 6.476691e-03 -1.229428e-02 9.999034e-01 -3.695232e+01
9.999879e-01 -3.459840e-03 3.494429e-03 2.848998e+01 3.516236e-03 9.998615e-01 -1.626404e-02 4.090408e-01 -3.437675e-03 1.627613e-02 9.998616e-01 -3.813698e+01
9.999714e-01 1.589658e-03 -7.390180e-03 2.861319e+01 -1.480028e-03 9.998891e-01 1.481636e-02 4.229769e-01 7.412914e-03 -1.480499e-02 9.998629e-01 -3.882835e+01
9.999915e-01 -3.575642e-03 2.047599e-03 2.880796e+01 3.611956e-03 9.998312e-01 -1.801506e-02 4.388829e-01 -1.982838e-03 1.802230e-02 9.998356e-01 -3.967182e+01
9.999723e-01 1.466096e-03 -7.298043e-03 2.907061e+01 -1.355148e-03 9.998838e-01 1.518419e-02 4.545181e-01 7.319457e-03 -1.517388e-02 9.998581e-01 -4.052978e+01
9.999927e-01 -3.028123e-03 2.312927e-03 2.908962e+01 3.063888e-03 9.998733e-01 -1.561923e-02 4.611393e-01 -2.265338e-03 1.562620e-02 9.998753e-01 -4.081113e+01
9.999771e-01 4.590482e-05 -6.760556e-03 2.905192e+01 6.253789e-05 9.998714e-01 1.603937e-02 4.555510e-01 6.760423e-03 -1.603943e-02 9.998485e-01 -4.036515e+01
9.999900e-01 -3.405997e-03 2.899116e-03 2.901010e+01 3.450984e-03 9.998715e-01 -1.565643e-02 4.481589e-01 -2.845418e-03 1.566628e-02 9.998732e-01 -3.983225e+01
9.999649e-01 9.527590e-04 -8.325392e-03 2.901005e+01 -8.170630e-04 9.998670e-01 1.628724e-02 4.403832e-01 8.339803e-03 -1.627987e-02 9.998327e-01 -3.942023e+01
9.999853e-01 -4.110567e-03 3.540755e-03 2.900547e+01 4.166663e-03 9.998636e-01 -1.598404e-02 4.311224e-01 -3.474569e-03 1.599855e-02 9.998660e-01 -3.894693e+01
9.999780e-01 -1.518503e-04 -6.631816e-03 2.895532e+01 2.607059e-04 9.998652e-01 1.641633e-02 4.207857e-01 6.628430e-03 -1.641770e-02 9.998432e-01 -3.826891e+01
9.999877e-01 -3.738159e-03 3.266883e-03 2.890134e+01 3.790350e-03 9.998629e-01 -1.611840e-02 4.124650e-01 -3.206182e-03 1.613058e-02 9.998648e-01 -3.763342e+01
9.999790e-01 2.300163e-04 -6.469477e-03 2.884912e+01 -1.240858e-04 9.998660e-01 1.636947e-02 4.068295e-01 6.472376e-03 -1.636832e-02 9.998451e-01 -3.707041e+01
9.999878e-01 -3.342706e-03 3.638824e-03 2.877721e+01 3.400499e-03 9.998663e-01 -1.599381e-02 4.047081e-01 -3.584875e-03 1.600598e-02 9.998655e-01 -3.657273e+01
9.999818e-01 -4.346052e-04 -6.015065e-03 2.869692e+01 5.332665e-04 9.998652e-01 1.641046e-02 4.002790e-01 6.007123e-03 -1.641337e-02 9.998472e-01 -3.598188e+01
9.999989e-01 -2.188009e-04 -1.461432e-03 2.867288e+01 1.964804e-04 9.998836e-01 -1.525557e-02 3.984932e-01 1.464600e-03 1.525527e-02 9.998826e-01 -3.590234e+01
9.999880e-01 -1.161165e-03 -4.757833e-03 2.870944e+01 1.231742e-03 9.998889e-01 1.485771e-02 4.068440e-01 4.740053e-03 -1.486339e-02 9.998783e-01 -3.625586e+01
9.999973e-01 1.593113e-05 -2.306314e-03 2.867727e+01 -5.000335e-05 9.998909e-01 -1.477403e-02 4.061889e-01 2.305826e-03 1.477410e-02 9.998882e-01 -3.616482e+01
9.999815e-01 -9.474884e-04 -6.002905e-03 2.868559e+01 1.032931e-03 9.998980e-01 1.424641e-02 4.100142e-01 5.988794e-03 -1.425235e-02 9.998805e-01 -3.640611e+01
9.999990e-01 -7.315580e-04 1.181080e-03 2.875402e+01 7.504802e-04 9.998701e-01 -1.610125e-02 4.228142e-01 -1.169147e-03 1.610212e-02 9.998697e-01 -3.708396e+01
9.999836e-01 -1.507563e-03 -5.517235e-03 2.886900e+01 1.578908e-03 9.999149e-01 1.294986e-02 4.407689e-01 5.497243e-03 -1.295836e-02 9.999009e-01 -3.802039e+01
9.999991e-01 -4.630444e-04 1.231172e-03 2.897227e+01 4.815890e-04 9.998858e-01 -1.510537e-02 4.564415e-01 -1.224037e-03 1.510595e-02 9.998851e-01 -3.880064e+01
9.999716e-01 -1.055112e-03 -7.463945e-03 2.905033e+01 1.159779e-03 9.999009e-01 1.403260e-02 4.657019e-01 7.448400e-03 -1.404086e-02 9.998737e-01 -3.931787e+01
9.999987e-01 -1.343287e-04 1.610259e-03 2.905363e+01 1.581595e-04 9.998903e-01 -1.480856e-02 4.734372e-01 -1.608094e-03 1.480879e-02 9.998891e-01 -3.965704e+01
9.999633e-01 -4.705179e-04 -8.556831e-03 2.900822e+01 5.933512e-04 9.998967e-01 1.435810e-02 4.802169e-01 8.549192e-03 -1.436265e-02 9.998603e-01 -3.986591e+01
9.999959e-01 -1.024562e-03 2.679506e-03 2.908674e+01 1.065359e-03 9.998829e-01 -1.526887e-02 4.875565e-01 -2.663549e-03 1.527166e-02 9.998798e-01 -4.032218e+01
9.999480e-01 1.665175e-04 -1.019194e-02 2.913401e+01 -1.285301e-05 9.998864e-01 1.507524e-02 4.928457e-01 1.019329e-02 -1.507433e-02 9.998344e-01 -4.067885e+01
9.999888e-01 -2.427358e-03 4.067817e-03 2.907820e+01 2.487217e-03 9.998877e-01 -1.477553e-02 4.917460e-01 -4.031495e-03 1.478548e-02 9.998826e-01 -4.043740e+01
9.999652e-01 7.217196e-05 -8.336462e-03 2.899438e+01 5.582734e-05 9.998821e-01 1.535286e-02 4.924080e-01 8.336588e-03 -1.535279e-02 9.998474e-01 -4.004218e+01
9.999959e-01 -2.440381e-03 -1.511656e-03 2.966824e+01 2.401959e-03 9.996866e-01 -2.491748e-02 5.206132e-01 1.571990e-03 2.491374e-02 9.996884e-01 -4.156399e+01
9.999998e-01 -4.090066e-04 5.610777e-04 3.018067e+01 3.971308e-04 9.997793e-01 2.100598e-02 5.556054e-01 -5.695451e-04 -2.100575e-02 9.997792e-01 -4.327862e+01
9.999650e-01 -1.208952e-03 -8.277369e-03 3.027500e+01 1.034763e-03 9.997786e-01 -2.101605e-02 5.596400e-01 8.300944e-03 2.100675e-02 9.997449e-01 -4.354995e+01
9.999958e-01 -1.787840e-03 2.270540e-03 3.027386e+01 1.737988e-03 9.997615e-01 2.177148e-02 5.518632e-01 -2.308922e-03 -2.176745e-02 9.997604e-01 -4.316759e+01
9.999883e-01 -2.881368e-03 -3.875130e-03 3.020344e+01 2.797325e-03 9.997645e-01 -2.152089e-02 5.436400e-01 3.936227e-03 2.150980e-02 9.997609e-01 -4.241623e+01
9.999992e-01 -9.291242e-04 9.045688e-04 3.014897e+01 9.091119e-04 9.997602e-01 2.187851e-02 5.359915e-01 -9.246795e-04 -2.187767e-02 9.997602e-01 -4.186588e+01
9.999672e-01 -1.264677e-03 -7.995362e-03 3.011264e+01 1.096126e-03 9.997778e-01 -2.105040e-02 5.314807e-01 8.020207e-03 2.104094e-02 9.997464e-01 -4.162660e+01
9.999951e-01 -1.951785e-03 2.444965e-03 3.015411e+01 1.899094e-03 9.997698e-01 2.137092e-02 5.201951e-01 -2.486113e-03 -2.136617e-02 9.997686e-01 -4.118582e+01
9.999833e-01 -2.725960e-03 -5.096885e-03 3.013605e+01 2.617404e-03 9.997721e-01 -2.118515e-02 5.072528e-01 5.153473e-03 2.117146e-02 9.997626e-01 -4.045770e+01
9.999930e-01 -2.360393e-03 2.886973e-03 3.012188e+01 2.298019e-03 9.997679e-01 2.142128e-02 4.922314e-01 -2.936865e-03 -2.141449e-02 9.997664e-01 -3.964867e+01
9.999890e-01 -3.722377e-03 -2.853426e-03 3.003239e+01 3.661555e-03 9.997721e-01 -2.103206e-02 4.787778e-01 2.931064e-03 2.102138e-02 9.997747e-01 -3.864543e+01
9.999869e-01 -2.755123e-03 4.313397e-03 2.988116e+01 2.662969e-03 9.997711e-01 2.122660e-02 4.702166e-01 -4.370891e-03 -2.121484e-02 9.997654e-01 -3.756282e+01
9.999798e-01 -1.923775e-03 -6.065692e-03 2.981057e+01 1.795522e-03 9.997762e-01 -2.107897e-02 4.629460e-01 6.104886e-03 2.106765e-02 9.997594e-01 -3.680356e+01
9.999939e-01 -2.367006e-03 2.568130e-03 2.984022e+01 2.311104e-03 9.997650e-01 2.155683e-02 4.489835e-01 -2.618551e-03 -2.155077e-02 9.997643e-01 -3.615982e+01
9.999807e-01 -2.733306e-03 -5.576928e-03 2.986728e+01 2.613197e-03 9.997669e-01 -2.143141e-02 4.323596e-01 5.634206e-03 2.141643e-02 9.997548e-01 -3.538709e+01
9.999742e-01 -3.656628e-03 6.175161e-03 2.976916e+01 3.522055e-03 9.997591e-01 2.166475e-02 4.194212e-01 -6.252893e-03 -2.164244e-02 9.997462e-01 -3.436327e+01
9.999795e-01 -2.446225e-03 -5.916131e-03 2.967234e+01 2.316370e-03 9.997584e-01 -2.185740e-02 4.088012e-01 5.968169e-03 2.184325e-02 9.997436e-01 -3.333913e+01
9.999868e-01 -3.018376e-03 4.170067e-03 2.967814e+01 2.925593e-03 9.997519e-01 2.207956e-02 3.912144e-01 -4.235676e-03 -2.206707e-02 9.997475e-01 -3.247441e+01
9.999888e-01 -3.857882e-03 -2.732698e-03 2.957495e+01 3.797040e-03 9.997523e-01 -2.193028e-02 3.771606e-01 2.816626e-03 2.191966e-02 9.997558e-01 -3.133527e+01
9.999987e-01 -6.060927e-04 1.499986e-03 2.947369e+01 5.729660e-04 9.997581e-01 2.198760e-02 3.727959e-01 -1.512950e-03 -2.198671e-02 9.997571e-01 -3.057999e+01
9.999630e-01 -1.783588e-03 -8.410330e-03 2.951048e+01 1.603681e-03 9.997708e-01 -2.134958e-02 3.641500e-01 8.446481e-03 2.133530e-02 9.997367e-01 -3.026085e+01
9.999755e-01 -2.623601e-03 6.484525e-03 2.943148e+01 2.479873e-03 9.997533e-01 2.207437e-02 3.586133e-01 -6.540839e-03 -2.205774e-02 9.997353e-01 -2.961259e+01
9.999628e-01 -2.239719e-03 -8.330321e-03 2.935494e+01 2.055890e-03 9.997556e-01 -2.201100e-02 3.505148e-01 8.377583e-03 2.199305e-02 9.997230e-01 -2.884805e+01
9.999808e-01 -2.691898e-03 5.575254e-03 2.938176e+01 2.567731e-03 9.997511e-01 2.215987e-02 3.345339e-01 -5.633519e-03 -2.214513e-02 9.997389e-01 -2.810498e+01
9.999714e-01 -3.045112e-03 -6.927504e-03 2.940028e+01 2.890640e-03 9.997494e-01 -2.220008e-02 3.161511e-01 6.993370e-03 2.217942e-02 9.997295e-01 -2.720561e+01
9.999828e-01 -2.331171e-03 5.373235e-03 2.942412e+01 2.211633e-03 9.997523e-01 2.214649e-02 2.992177e-01 -5.423531e-03 -2.213423e-02 9.997403e-01 -2.636068e+01
9.999564e-01 -2.115033e-03 -9.095552e-03 2.945216e+01 1.915726e-03 9.997591e-01 -2.186573e-02 2.842783e-01 9.139607e-03 2.184735e-02 9.997195e-01 -2.569682e+01
9.999803e-01 -2.321575e-03 5.837935e-03 2.942862e+01 2.190784e-03 9.997487e-01 2.231120e-02 2.719454e-01 -5.888265e-03 -2.229797e-02 9.997340e-01 -2.501830e+01
9.999582e-01 -2.370979e-03 -8.826238e-03 2.943404e+01 2.175724e-03 9.997541e-01 -2.206627e-02 2.573388e-01 8.876387e-03 2.204615e-02 9.997175e-01 -2.429455e+01
9.999752e-01 -2.691169e-03 6.505656e-03 2.944425e+01 2.546063e-03 9.997501e-01 2.221100e-02 2.414901e-01 -6.563804e-03 -2.219388e-02 9.997321e-01 -2.350886e+01
9.999778e-01 -4.328486e-03 -5.070093e-03 2.932052e+01 4.217092e-03 9.997539e-01 -2.177898e-02 2.286138e-01 5.163115e-03 2.175711e-02 9.997500e-01 -2.238133e+01
9.999904e-01 -1.087640e-04 4.390080e-03 2.916428e+01 1.146078e-05 9.997545e-01 2.215835e-02 2.278034e-01 -4.391412e-03 -2.215809e-02 9.997448e-01 -2.156197e+01
9.999291e-01 -1.537337e-03 -1.181178e-02 2.921313e+01 1.278226e-03 9.997591e-01 -2.191289e-02 2.241840e-01 1.184262e-02 2.189624e-02 9.996901e-01 -2.152161e+01
9.999460e-01 -2.838676e-03 1.000018e-02 2.957119e+01 2.739670e-03 9.999472e-01 9.900350e-03 2.664854e-01 -1.002776e-02 -9.872418e-03 9.999010e-01 -2.359981e+01
9.999945e-01 -2.892165e-03 -1.609015e-03 2.970647e+01 2.853064e-03 9.997128e-01 -2.379436e-02 3.402178e-01 1.677370e-03 2.378964e-02 9.997156e-01 -2.670915e+01
9.999693e-01 -1.317226e-03 7.720874e-03 2.980645e+01 1.197348e-03 9.998790e-01 1.551072e-02 3.864399e-01 -7.740370e-03 -1.550100e-02 9.998499e-01 -2.872497e+01
9.999190e-01 -5.998833e-03 -1.122547e-02 3.131747e+01 5.586655e-03 9.993218e-01 -3.639594e-02 4.521448e-01 1.143619e-02 3.633028e-02 9.992744e-01 -3.207321e+01
9.999257e-01 9.246614e-04 1.215657e-02 3.240577e+01 -1.258587e-03 9.996213e-01 2.748986e-02 5.121517e-01 -1.212655e-02 -2.750311e-02 9.995482e-01 -3.514067e+01
9.998943e-01 -6.527938e-03 -1.299040e-02 3.293541e+01 5.994289e-03 9.991533e-01 -4.070353e-02 5.565174e-01 1.324511e-02 4.062136e-02 9.990868e-01 -3.737830e+01
9.998515e-01 2.800689e-03 1.700552e-02 3.324167e+01 -3.328754e-03 9.995106e-01 3.110411e-02 6.109562e-01 -1.691008e-02 -3.115610e-02 9.993715e-01 -3.967520e+01
9.998556e-01 -8.139262e-03 -1.491465e-02 3.361707e+01 7.452291e-03 9.989342e-01 -4.555064e-02 6.635585e-01 1.526951e-02 4.543291e-02 9.988507e-01 -4.206549e+01
9.994845e-01 -9.880346e-04 3.209011e-02 3.429389e+01 3.213487e-04 9.997841e-01 2.077396e-02 7.629447e-01 -3.210371e-02 -2.075293e-02 9.992691e-01 -4.664550e+01
9.998071e-01 -5.229376e-03 -1.893408e-02 3.475305e+01 4.630559e-03 9.994920e-01 -3.153328e-02 8.334739e-01 1.908936e-02 3.143952e-02 9.993233e-01 -4.974838e+01
9.998896e-01 2.348156e-03 1.467299e-02 3.500275e+01 -2.754577e-03 9.996114e-01 2.774007e-02 8.539304e-01 -1.460215e-02 -2.777742e-02 9.995075e-01 -5.086598e+01
9.999219e-01 -7.981580e-03 -9.615347e-03 3.438075e+01 7.678303e-03 9.994844e-01 -3.117533e-02 8.992962e-01 9.859218e-03 3.109906e-02 9.994677e-01 -5.076973e+01
9.997742e-01 -1.920981e-03 2.116498e-02 3.371486e+01 1.256402e-03 9.995071e-01 3.136862e-02 9.251695e-01 -2.121480e-02 -3.133495e-02 9.992838e-01 -4.923650e+01
9.998431e-01 -5.412789e-03 -1.686416e-02 3.330857e+01 4.879547e-03 9.994918e-01 -3.150205e-02 9.382432e-01 1.702611e-02 3.141482e-02 9.993614e-01 -4.811269e+01
9.997901e-01 -1.255853e-03 2.044759e-02 3.292940e+01 6.011045e-04 9.994878e-01 3.199557e-02 9.510998e-01 -2.047729e-02 -3.197657e-02 9.992788e-01 -4.714007e+01
9.999020e-01 -6.835718e-03 -1.221616e-02 3.236171e+01 6.446938e-03 9.994802e-01 -3.158594e-02 9.773638e-01 1.242572e-02 3.150409e-02 9.994264e-01 -4.595789e+01
9.998135e-01 -6.267565e-04 1.930069e-02 3.188687e+01 1.661165e-05 9.995007e-01 3.159656e-02 9.967036e-01 -1.931085e-02 -3.159035e-02 9.993143e-01 -4.481396e+01
9.999234e-01 -7.973751e-03 -9.464702e-03 3.130646e+01 7.676430e-03 9.994885e-01 -3.104480e-02 1.022617e+00 9.707404e-03 3.096977e-02 9.994732e-01 -4.351584e+01
9.998016e-01 8.338144e-05 1.991818e-02 3.070005e+01 -6.877996e-04 9.995394e-01 3.034014e-02 1.053243e+00 -1.990648e-02 -3.034782e-02 9.993412e-01 -4.227132e+01
9.999436e-01 -1.056274e-02 -1.083234e-03 2.973896e+01 1.052421e-02 9.994668e-01 -3.091003e-02 1.112226e+00 1.409150e-03 3.089689e-02 9.995216e-01 -4.081984e+01
9.995566e-01 -2.345704e-03 2.968329e-02 2.838276e+01 1.529570e-03 9.996210e-01 2.748763e-02 1.202146e+00 -2.973652e-02 -2.743004e-02 9.991813e-01 -3.901553e+01
9.999176e-01 -9.272864e-03 -8.873026e-03 2.740300e+01 9.012450e-03 9.995402e-01 -2.895199e-02 1.259132e+00 9.137413e-03 2.886963e-02 9.995414e-01 -3.729213e+01
9.997573e-01 5.676343e-04 2.202401e-02 2.670193e+01 -1.187571e-03 9.996031e-01 2.814536e-02 1.295827e+00 -2.199929e-02 -2.816469e-02 9.993612e-01 -3.593634e+01
9.998470e-01 -8.230740e-03 -1.543444e-02 2.626553e+01 7.787392e-03 9.995615e-01 -2.856794e-02 1.312950e+00 1.566281e-02 2.844337e-02 9.994727e-01 -3.477741e+01
9.999074e-01 3.796460e-03 1.306919e-02 2.619302e+01 -4.169509e-03 9.995812e-01 2.863630e-02 1.307238e+00 -1.295500e-02 -2.868814e-02 9.995045e-01 -3.412194e+01
9.998083e-01 -7.233201e-03 -1.819482e-02 2.619511e+01 6.718736e-03 9.995803e-01 -2.817927e-02 1.297490e+00 1.839101e-02 2.805162e-02 9.994373e-01 -3.366867e+01
9.997168e-01 2.508303e-04 2.379721e-02 2.579796e+01 -9.210940e-04 9.996030e-01 2.815888e-02 1.312413e+00 -2.378069e-02 -2.817282e-02 9.993202e-01 -3.260932e+01
9.998084e-01 -6.963653e-03 -1.829548e-02 2.540118e+01 6.445908e-03 9.995813e-01 -2.820721e-02 1.330961e+00 1.848424e-02 2.808387e-02 9.994347e-01 -3.162674e+01
9.997268e-01 5.133024e-04 2.336888e-02 2.500768e+01 -1.179936e-03 9.995925e-01 2.852172e-02 1.347681e+00 -2.334472e-02 -2.854150e-02 9.993200e-01 -3.067678e+01
9.998131e-01 -7.766649e-03 -1.770258e-02 2.459937e+01 7.261389e-03 9.995694e-01 -2.842934e-02 1.363937e+00 1.791575e-02 2.829548e-02 9.994390e-01 -2.961278e+01
9.998195e-01 1.028585e-03 1.897123e-02 2.446599e+01 -1.569279e-03 9.995923e-01 2.850794e-02 1.354789e+00 -1.893417e-02 -2.853257e-02 9.994135e-01 -2.858183e+01
9.997922e-01 -7.414861e-03 -1.898867e-02 2.434620e+01 6.869919e-03 9.995672e-01 -2.860440e-02 1.345382e+00 1.919255e-02 2.846800e-02 9.994104e-01 -2.760081e+01
9.992674e-01 -2.446226e-03 3.819168e-02 2.354325e+01 1.341780e-03 9.995809e-01 2.891740e-02 1.393771e+00 -3.824641e-02 -2.884497e-02 9.988519e-01 -2.603881e+01
9.997087e-01 -5.662498e-03 -2.346055e-02 2.283308e+01 4.920537e-03 9.994896e-01 -3.156380e-02 1.441787e+00 2.362730e-02 3.143917e-02 9.992264e-01 -2.491191e+01
9.998603e-01 2.847906e-03 1.647166e-02 2.281581e+01 -3.362137e-03 9.995051e-01 3.127621e-02 1.439091e+00 -1.637444e-02 -3.132722e-02 9.993750e-01 -2.473828e+01
9.998238e-01 -8.178962e-03 -1.689701e-02 2.257859e+01 7.672269e-03 9.995253e-01 -2.983738e-02 1.443346e+00 1.713303e-02 2.970249e-02 9.994119e-01 -2.402495e+01
9.998639e-01 4.171131e-03 1.596004e-02 2.235287e+01 -4.641598e-03 9.995524e-01 2.955519e-02 1.452301e+00 -1.582962e-02 -2.962525e-02 9.994357e-01 -2.344619e+01
9.997555e-01 -7.007423e-03 -2.097337e-02 2.230300e+01 6.371676e-03 9.995228e-01 -3.022693e-02 1.453497e+00 2.117517e-02 3.008591e-02 9.993230e-01 -2.340155e+01
9.997843e-01 1.603355e-03 2.070927e-02 2.220528e+01 -2.233727e-03 9.995337e-01 3.045194e-02 1.447727e+00 -2.065079e-02 -3.049163e-02 9.993217e-01 -2.262473e+01
9.996923e-01 -6.454963e-03 -2.394887e-02 2.220173e+01 5.733037e-03 9.995307e-01 -3.009161e-02 1.435917e+00 2.413187e-02 2.994505e-02 9.992602e-01 -2.196066e+01
9.997750e-01 1.670400e-03 2.114507e-02 2.218626e+01 -2.311688e-03 9.995370e-01 3.034004e-02 1.424837e+00 -2.108460e-02 -3.038209e-02 9.993159e-01 -2.130252e+01
9.998525e-01 -9.612125e-03 -1.423156e-02 2.185394e+01 9.176312e-03 9.994964e-01 -3.037790e-02 1.432808e+00 1.451639e-02 3.024282e-02 9.994372e-01 -2.007103e+01
9.999043e-01 4.592389e-03 1.304793e-02 2.177326e+01 -4.986803e-03 9.995266e-01 3.035816e-02 1.426813e+00 -1.290233e-02 -3.042032e-02 9.994539e-01 -1.932350e+01
9.997575e-01 -6.896063e-03 -2.091432e-02 2.182994e+01 6.268675e-03 9.995327e-01 -2.991661e-02 1.419618e+00 2.111086e-02 2.977825e-02 9.993336e-01 -1.910808e+01
9.999066e-01 4.577073e-03 1.287516e-02 2.191773e+01 -4.965750e-03 9.995279e-01 3.031999e-02 1.415619e+00 -1.273031e-02 -3.038110e-02 9.994573e-01 -1.911425e+01
9.997847e-01 -7.692079e-03 -1.926889e-02 2.193618e+01 7.109338e-03 9.995207e-01 -3.013066e-02 1.406937e+00 1.949142e-02 2.998719e-02 9.993602e-01 -1.874632e+01
9.998904e-01 4.096806e-03 1.422844e-02 2.196387e+01 -4.529990e-03 9.995231e-01 3.054740e-02 1.397223e+00 -1.409651e-02 -3.060850e-02 9.994320e-01 -1.830054e+01
9.997584e-01 -7.127530e-03 -2.079149e-02 2.202697e+01 6.497453e-03 9.995223e-01 -3.021627e-02 1.386064e+00 2.099693e-02 3.007388e-02 9.993271e-01 -1.792668e+01
9.998935e-01 4.606067e-03 1.384754e-02 2.206872e+01 -5.030727e-03 9.995132e-01 3.079007e-02 1.378663e+00 -1.369897e-02 -3.085645e-02 9.994299e-01 -1.767850e+01
9.997614e-01 -7.006877e-03 -2.068816e-02 2.210449e+01 6.379874e-03 9.995229e-01 -3.021933e-02 1.371273e+00 2.089003e-02 3.008013e-02 9.993292e-01 -1.741636e+01
9.999016e-01 4.733773e-03 1.320854e-02 2.214614e+01 -5.140172e-03 9.995091e-01 3.090555e-02 1.364566e+00 -1.305576e-02 -3.097040e-02 9.994350e-01 -1.720418e+01
9.997674e-01 -6.978045e-03 -2.040753e-02 2.220215e+01 6.346519e-03 9.995039e-01 -3.084845e-02 1.360948e+00 2.061267e-02 3.071176e-02 9.993157e-01 -1.719285e+01
9.999041e-01 5.678617e-03 1.263287e-02 2.223026e+01 -6.072525e-03 9.994896e-01 3.136454e-02 1.360618e+00 -1.244832e-02 -3.143824e-02 9.994282e-01 -1.727773e+01
9.997818e-01 -7.106192e-03 -1.964074e-02 2.228344e+01 6.481517e-03 9.994768e-01 -3.168772e-02 1.364396e+00 1.985564e-02 3.155350e-02 9.993048e-01 -1.755301e+01
9.998961e-01 5.347328e-03 1.338386e-02 2.232300e+01 -5.764359e-03 9.994929e-01 3.131712e-02 1.368429e+00 -1.320961e-02 -3.139101e-02 9.994199e-01 -1.780810e+01
9.997719e-01 -6.975264e-03 -2.018651e-02 2.237754e+01 6.338227e-03 9.994852e-01 -3.145129e-02 1.370739e+00 2.039550e-02 3.131617e-02 9.993014e-01 -1.802882e+01
9.998974e-01 5.507020e-03 1.322092e-02 2.243179e+01 -5.927907e-03 9.994700e-01 3.200973e-02 1.371950e+00 -1.303763e-02 -3.208482e-02 9.994001e-01 -1.819432e+01
9.997562e-01 -6.979662e-03 -2.094666e-02 2.248581e+01 6.309992e-03 9.994722e-01 -3.186778e-02 1.371979e+00 2.115803e-02 3.172783e-02 9.992726e-01 -1.832890e+01
9.999043e-01 4.654119e-03 1.302927e-02 2.260364e+01 -5.055295e-03 9.995088e-01 3.092869e-02 1.374954e+00 -1.287893e-02 -3.099160e-02 9.994367e-01 -1.866456e+01
9.997657e-01 -6.467718e-03 -2.065845e-02 2.265949e+01 5.834075e-03 9.995151e-01 -3.058671e-02 1.373721e+00 2.084626e-02 3.045902e-02 9.993186e-01 -1.875246e+01
9.998811e-01 3.023980e-03 1.512052e-02 2.268093e+01 -3.491546e-03 9.995135e-01 3.099246e-02 1.364706e+00 -1.501944e-02 -3.104157e-02 9.994052e-01 -1.835405e+01
9.997585e-01 -6.034713e-03 -2.113056e-02 2.271161e+01 5.389778e-03 9.995219e-01 -3.044648e-02 1.355372e+00 2.130419e-02 3.032523e-02 9.993130e-01 -1.796657e+01
9.999021e-01 4.214165e-03 1.334373e-02 2.272652e+01 -4.630916e-03 9.994975e-01 3.135673e-02 1.353092e+00 -1.320488e-02 -3.141545e-02 9.994192e-01 -1.785909e+01
9.997809e-01 -6.038087e-03 -2.004386e-02 2.278244e+01 5.413426e-03 9.995024e-01 -3.107399e-02 1.354448e+00 2.022151e-02 3.095867e-02 9.993161e-01 -1.798845e+01
9.999039e-01 4.408504e-03 1.314526e-02 2.286192e+01 -4.805612e-03 9.995283e-01 3.033229e-02 1.359953e+00 -1.300534e-02 -3.039254e-02 9.994534e-01 -1.834103e+01
9.997879e-01 -1.174505e-02 -1.691947e-02 2.320662e+01 1.110692e-02 9.992413e-01 -3.732846e-02 1.376258e+00 1.734506e-02 3.713262e-02 9.991598e-01 -1.916848e+01
9.997978e-01 2.394767e-03 1.996469e-02 2.292466e+01 -3.028698e-03 9.994902e-01 3.178307e-02 1.425852e+00 -1.987839e-02 -3.183711e-02 9.992954e-01 -1.951342e+01
9.996377e-01 -1.210656e-02 -2.404018e-02 2.287741e+01 1.131156e-02 9.993935e-01 -3.293456e-02 1.412990e+00 2.442432e-02 3.265070e-02 9.991683e-01 -1.842062e+01
