9.998988e-01 6.475978e-04 -1.421352e-02 3.296329e-01 -5.731013e-04 9.999861e-01 5.244692e-03 1.775277e-02 1.421672e-02 -5.236017e-03 9.998852e-01 -1.272624e+00
9.999996e-01 3.073323e-04 -8.451627e-04 6.878720e-01 -3.064305e-04 9.999994e-01 1.066897e-03 4.221727e-02 8.454904e-04 -1.066637e-03 9.999991e-01 -2.859157e+00
9.999063e-01 2.104435e-04 -1.369092e-02 9.882763e-01 -1.508759e-04 9.999905e-01 4.351774e-03 6.142895e-02 1.369170e-02 -4.349301e-03 9.998968e-01 -4.156687e+00
9.999986e-01 9.627756e-04 1.337847e-03 1.388522e+00 -9.648777e-04 9.999983e-01 1.571554e-03 7.940416e-02 -1.336331e-03 -1.572842e-03 9.999979e-01 -5.591795e+00
9.998938e-01 -4.544284e-04 -1.456568e-02 1.646098e+00 4.973947e-04 9.999955e-01 2.946351e-03 9.357339e-02 1.456427e-02 -2.953284e-03 9.998896e-01 -6.640598e+00
9.999996e-01 8.591937e-04 1.440546e-04 1.914454e+00 -8.595217e-04 9.999970e-01 2.292486e-03 1.118763e-01 -1.420841e-04 -2.292608e-03 9.999974e-01 -7.854171e+00
9.999032e-01 3.733039e-04 -1.390800e-02 2.226047e+00 -3.195266e-04 9.999925e-01 3.868666e-03 1.370222e-01 1.390934e-02 -3.863848e-03 9.998958e-01 -9.443202e+00
9.999995e-01 3.178767e-04 -9.844543e-04 2.428580e+00 -3.157102e-04 9.999975e-01 2.200056e-03 1.648302e-01 9.851516e-04 -2.199743e-03 9.999971e-01 -1.097797e+01
9.999174e-01 7.112715e-04 -1.283530e-02 2.637021e+00 -6.691852e-04 9.999944e-01 3.282951e-03 1.874333e-01 1.283757e-02 -3.274092e-03 9.999122e-01 -1.227669e+01
9.999921e-01 5.238846e-04 -3.945389e-03 2.847007e+00 -5.054583e-04 9.999890e-01 4.669862e-03 2.295553e-01 3.947792e-03 -4.667830e-03 9.999813e-01 -1.435683e+01
9.999285e-01 1.761753e-03 -1.182572e-02 3.006375e+00 -1.713761e-03 9.999903e-01 4.067129e-03 2.838633e-01 1.183277e-02 -4.046573e-03 9.999218e-01 -1.686763e+01
9.999742e-01 -8.979780e-04 -7.127013e-03 3.224322e+00 9.292543e-04 9.999899e-01 4.386309e-03 3.324079e-01 7.123003e-03 -4.392818e-03 9.999650e-01 -1.915579e+01
9.999699e-01 1.201324e-03 -7.665957e-03 3.354934e+00 -1.201134e-03 9.999993e-01 2.944765e-05 3.537252e-01 7.665986e-03 -2.023963e-05 9.999706e-01 -2.024277e+01
9.999913e-01 5.198151e-05 -4.176336e-03 3.456066e+00 -3.045275e-05 9.999867e-01 5.154818e-03 3.801224e-01 4.176549e-03 -5.154645e-03 9.999780e-01 -2.159944e+01
9.999341e-01 8.383027e-04 -1.145091e-02 3.613762e+00 -8.221734e-04 9.999987e-01 1.413204e-03 4.161248e-01 1.145208e-02 -1.403697e-03 9.999334e-01 -2.337348e+01
9.999970e-01 -1.150719e-03 -2.145917e-03 3.685558e+00 1.156607e-03 9.999956e-01 2.744384e-03 4.322999e-01 2.142750e-03 -2.746857e-03 9.999939e-01 -2.428587e+01
9.999432e-01 3.674417e-03 1.000945e-02 3.849268e+00 -3.675145e-03 9.999932e-01 5.430580e-05 3.964765e-01 -1.000918e-02 -9.108959e-05 9.999499e-01 -2.261848e+01
9.999905e-01 -2.410295e-03 3.633684e-03 3.966350e+00 2.421059e-03 9.999927e-01 -2.960875e-03 3.458162e-01 -3.626520e-03 2.969645e-03 9.999890e-01 -2.015548e+01
9.999361e-01 4.257502e-03 1.047102e-02 4.101642e+00 -4.272228e-03 9.999899e-01 1.384442e-03 2.965343e-01 -1.046502e-02 -1.429089e-03 9.999442e-01 -1.783005e+01
9.999419e-01 -2.672868e-03 1.044698e-02 4.173244e+00 2.715308e-03 9.999881e-01 -4.050323e-03 2.378717e-01 -1.043603e-02 4.078455e-03 9.999372e-01 -1.486160e+01
9.999879e-01 3.929918e-03 2.944681e-03 4.259470e+00 -3.933411e-03 9.999916e-01 1.181413e-03 1.911208e-01 -2.940013e-03 -1.192982e-03 9.999950e-01 -1.254438e+01
9.999798e-01 -2.603217e-03 5.804728e-03 4.343803e+00 2.630763e-03 9.999853e-01 -4.742775e-03 1.519432e-01 -5.792295e-03 4.757951e-03 9.999719e-01 -1.062199e+01
9.998598e-01 4.346526e-03 1.617134e-02 4.440051e+00 -4.387385e-03 9.999873e-01 2.492004e-03 9.112137e-02 -1.616030e-02 -2.562605e-03 9.998661e-01 -7.561752e+00
9.999496e-01 -4.440282e-03 -9.008259e-03 4.487178e+00 4.388174e-03 9.999736e-01 -5.796020e-03 5.652981e-02 9.033757e-03 5.756198e-03 9.999426e-01 -5.851583e+00
9.996715e-01 6.957363e-03 2.466651e-02 4.642494e+00 -7.150532e-03 9.999444e-01 7.751669e-03 8.239046e-03 -2.461121e-02 -7.925503e-03 9.996657e-01 -3.446778e+00
9.998570e-01 -7.003655e-03 -1.539096e-02 4.654494e+00 6.813122e-03 9.998999e-01 -1.239728e-02 -2.904426e-02 1.547625e-02 1.229065e-02 9.998047e-01 -1.503454e+00
9.999674e-01 7.639473e-03 2.615775e-03 4.846991e+00 -7.681323e-03 9.998363e-01 1.638153e-02 -1.370960e-02 -2.490201e-03 -1.640109e-02 9.998624e-01 -2.482811e+00
9.998578e-01 -8.168391e-03 -1.475110e-02 5.021710e+00 7.977594e-03 9.998844e-01 -1.294733e-02 -1.074091e-02 1.485515e-02 1.282781e-02 9.998074e-01 -3.003654e+00
9.991278e-01 1.105656e-02 4.026616e-02 5.227866e+00 -1.164266e-02 9.998292e-01 1.435045e-02 -7.819817e-02 -4.010062e-02 -1.480674e-02 9.990859e-01 3.540443e-01
9.994433e-01 -1.320894e-02 -3.063564e-02 5.090898e+00 1.259306e-02 9.997164e-01 -2.020980e-02 -1.091509e-01 3.089390e-02 1.981275e-02 9.993263e-01 2.335891e+00
9.995720e-01 1.239079e-02 2.649917e-02 5.144100e+00 -1.302116e-02 9.996331e-01 2.374954e-02 -1.244478e-01 -2.619518e-02 -2.408443e-02 9.993667e-01 2.852471e+00
9.997851e-01 -1.193840e-02 -1.694735e-02 5.305958e+00 1.150432e-02 9.996090e-01 -2.548403e-02 -1.687115e-01 1.724496e-02 2.528359e-02 9.995316e-01 4.796825e+00
9.999182e-01 1.203850e-02 4.318721e-03 5.395823e+00 -1.215971e-02 9.994986e-01 2.923349e-02 -1.501805e-01 -3.964629e-03 -2.928362e-02 9.995633e-01 3.825816e+00
9.998067e-01 -1.199530e-02 -1.557904e-02 5.486379e+00 1.159082e-02 9.996000e-01 -2.579879e-02 -1.350456e-01 1.588227e-02 2.561323e-02 9.995458e-01 2.915999e+00
9.998382e-01 1.151685e-02 1.382120e-02 5.605915e+00 -1.189098e-02 9.995566e-01 2.729965e-02 -1.552695e-01 -1.350066e-02 -2.745958e-02 9.995317e-01 3.479761e+00
9.998347e-01 -1.176342e-02 -1.386200e-02 5.747969e+00 1.136108e-02 9.995219e-01 -2.875469e-02 -1.824797e-01 1.419362e-02 2.859245e-02 9.994904e-01 4.488128e+00
9.999283e-01 1.138398e-02 3.716793e-03 6.052946e+00 -1.149810e-02 9.994127e-01 3.228076e-02 -1.901603e-01 -3.347127e-03 -3.232118e-02 9.994719e-01 4.099385e+00
9.998459e-01 -1.200481e-02 -1.281093e-02 6.176005e+00 1.161348e-02 9.994766e-01 -3.019508e-02 -1.878911e-01 1.316671e-02 3.004165e-02 9.994619e-01 3.580916e+00
9.999286e-01 1.176374e-02 2.104893e-03 6.241604e+00 -1.182729e-02 9.993761e-01 3.327919e-02 -1.770299e-01 -1.712092e-03 -3.330171e-02 9.994439e-01 2.889360e+00
9.998518e-01 -1.040757e-02 -1.371215e-02 6.387625e+00 1.000690e-02 9.995301e-01 -2.897147e-02 -1.582661e-01 1.400723e-02 2.882996e-02 9.994862e-01 1.783279e+00
9.999409e-01 1.071625e-02 -1.821976e-03 6.486199e+00 -1.064705e-02 9.993483e-01 3.449074e-02 -1.263185e-01 2.190400e-03 -3.446930e-02 9.994034e-01 3.351099e-01
9.998815e-01 -9.956040e-03 -1.173732e-02 6.571345e+00 9.601381e-03 9.995069e-01 -2.989497e-02 -1.046786e-01 1.202916e-02 2.977873e-02 9.994841e-01 -7.498845e-01
9.999544e-01 9.262665e-03 2.330341e-03 6.638676e+00 -9.334334e-03 9.994152e-01 3.289661e-02 -1.119565e-01 -2.024268e-03 -3.291686e-02 9.994560e-01 -6.771802e-01
9.999585e-01 -8.991398e-03 1.491274e-03 6.737624e+00 9.036886e-03 9.993817e-01 -3.397933e-02 -1.469669e-01 -1.184830e-03 3.399140e-02 9.994214e-01 7.636242e-01
9.998754e-01 1.217038e-02 1.005536e-02 6.963442e+00 -1.254173e-02 9.992092e-01 3.773228e-02 -2.004909e-01 -9.588189e-03 -3.785369e-02 9.992373e-01 3.217350e+00
9.999160e-01 -1.273291e-02 -2.429575e-03 7.141216e+00 1.262120e-02 9.990594e-01 -4.148570e-02 -2.452464e-01 2.955523e-03 4.145155e-02 9.991361e-01 5.164834e+00
9.999086e-01 1.350935e-02 -6.210885e-04 7.220388e+00 -1.346809e-02 9.989099e-01 4.469560e-02 -2.640190e-01 1.224219e-03 -4.468314e-02 9.990005e-01 5.844706e+00
9.998043e-01 -1.151606e-02 1.608827e-02 7.388115e+00 1.219341e-02 9.990153e-01 -4.265882e-02 -3.166357e-01 -1.558117e-02 4.284664e-02 9.989602e-01 8.378915e+00
9.997978e-01 1.226661e-02 -1.593327e-02 7.464054e+00 -1.160529e-02 9.990936e-01 4.095526e-02 -3.438097e-01 1.642121e-02 -4.076207e-02 9.990339e-01 9.571798e+00
9.999253e-01 -1.117691e-02 4.938283e-03 7.660768e+00 1.135415e-02 9.992339e-01 -3.745173e-02 -3.408911e-01 -4.515905e-03 3.750500e-02 9.992862e-01 8.981065e+00
9.998229e-01 1.153582e-02 -1.486823e-02 7.733731e+00 -1.092484e-02 9.991182e-01 4.053871e-02 -3.313118e-01 1.532276e-02 -4.036910e-02 9.990673e-01 8.284486e+00
9.999437e-01 -1.030804e-02 2.501945e-03 7.832818e+00 1.039218e-02 9.992854e-01 -3.634094e-02 -3.107814e-01 -2.125553e-03 3.636490e-02 9.993363e-01 7.216263e+00
9.998796e-01 1.071979e-02 -1.122014e-02 7.902604e+00 -1.027402e-02 9.991840e-01 3.906023e-02 -3.233629e-01 1.162971e-02 -3.894026e-02 9.991739e-01 7.498513e+00
9.999306e-01 -1.117720e-02 3.710586e-03 7.976434e+00 1.131250e-02 9.991867e-01 -3.870312e-02 -3.343686e-01 -3.274976e-03 3.874242e-02 9.992439e-01 7.717728e+00
9.998153e-01 1.176929e-02 -1.519083e-02 8.055996e+00 -1.112086e-02 9.990521e-01 4.208640e-02 -3.227324e-01 1.567176e-02 -4.190969e-02 9.989985e-01 7.032607e+00
9.999166e-01 -1.135387e-02 6.161762e-03 8.092371e+00 1.158557e-02 9.991732e-01 -3.896962e-02 -3.299974e-01 -5.714211e-03 3.903775e-02 9.992214e-01 7.185825e+00
9.998342e-01 1.115873e-02 -1.438997e-02 8.157411e+00 -1.058074e-02 9.991582e-01 3.963518e-02 -3.382738e-01 1.482013e-02 -3.947635e-02 9.991106e-01 7.341566e+00
9.993602e-01 1.216343e-03 3.574420e-02 8.089488e+00 -1.520689e-04 9.995570e-01 -2.976239e-02 -3.917820e-01 -3.576457e-02 2.973791e-02 9.989177e-01 1.102674e+01
9.999292e-01 -2.195940e-03 -1.169550e-02 7.942331e+00 2.446567e-03 9.997668e-01 2.145830e-02 -4.590581e-01 1.164565e-02 -2.148539e-02 9.997013e-01 1.478809e+01
9.999930e-01 3.187886e-03 -1.978943e-03 8.011654e+00 -3.222231e-03 9.998399e-01 -1.760150e-02 -4.391882e-01 1.922515e-03 1.760776e-02 9.998431e-01 1.383948e+01
9.999250e-01 -2.380897e-03 -1.201279e-02 8.083251e+00 2.641971e-03 9.997596e-01 2.176423e-02 -4.160945e-01 1.195808e-02 -2.179433e-02 9.996910e-01 1.275175e+01
9.999914e-01 3.519633e-03 -2.198333e-03 8.147384e+00 -3.556908e-03 9.998459e-01 -1.718879e-02 -3.899232e-01 2.137496e-03 1.719647e-02 9.998498e-01 1.155508e+01
9.999254e-01 -2.729411e-03 -1.190776e-02 8.216892e+00 2.985471e-03 9.997635e-01 2.153911e-02 -3.648410e-01 1.184616e-02 -2.157306e-02 9.996971e-01 1.038920e+01
9.999899e-01 3.747607e-03 -2.481858e-03 8.291800e+00 -3.789651e-03 9.998456e-01 -1.715832e-02 -3.398434e-01 2.417172e-03 1.716755e-02 9.998497e-01 9.227488e+00
9.999283e-01 -3.092617e-03 -1.156478e-02 8.366982e+00 3.335829e-03 9.997724e-01 2.107059e-02 -3.190166e-01 1.149698e-02 -2.110766e-02 9.997111e-01 8.236651e+00
9.999896e-01 4.116667e-03 -1.953711e-03 8.441658e+00 -4.149686e-03 9.998433e-01 -1.720896e-02 -2.992190e-01 1.882562e-03 1.721689e-02 9.998500e-01 7.280919e+00
9.999212e-01 -3.116918e-03 -1.216300e-02 8.498353e+00 3.379869e-03 9.997597e-01 2.165858e-02 -2.721584e-01 1.209257e-02 -2.169798e-02 9.996914e-01 6.059144e+00
9.999888e-01 4.071529e-03 -2.431031e-03 8.567059e+00 -4.112405e-03 9.998461e-01 -1.705325e-02 -2.452359e-01 2.361224e-03 1.706306e-02 9.998516e-01 4.828179e+00
9.999302e-01 -3.091557e-03 -1.140064e-02 8.643121e+00 3.335712e-03 9.997642e-01 2.145945e-02 -2.199294e-01 1.133161e-02 -2.149599e-02 9.997047e-01 3.632670e+00
9.999857e-01 4.148134e-03 -3.377403e-03 8.728334e+00 -4.203913e-03 9.998521e-01 -1.667935e-02 -1.917162e-01 3.307716e-03 1.669331e-02 9.998552e-01 2.325400e+00
9.999337e-01 -2.564842e-03 -1.122173e-02 8.826804e+00 2.814660e-03 9.997473e-01 2.230313e-02 -1.572046e-01 1.116169e-02 -2.233324e-02 9.996883e-01 7.295417e-01
9.999702e-01 3.873648e-03 -6.680956e-03 8.965220e+00 -3.980265e-03 9.998638e-01 -1.601957e-02 -1.174988e-01 6.617992e-03 1.604569e-02 9.998494e-01 -1.057581e+00
9.999557e-01 -3.092570e-03 -8.887610e-03 9.044541e+00 3.277231e-03 9.997775e-01 2.083851e-02 -8.841847e-02 8.821188e-03 -2.086671e-02 9.997434e-01 -2.368920e+00
9.999747e-01 4.544615e-03 -5.478348e-03 9.132348e+00 -4.630826e-03 9.998640e-01 -1.582795e-02 -5.855599e-02 5.405672e-03 1.585292e-02 9.998597e-01 -3.758160e+00
9.999393e-01 -3.956169e-03 -1.028160e-02 9.241554e+00 4.170536e-03 9.997726e-01 2.091250e-02 -2.997236e-02 1.019653e-02 -2.095411e-02 9.997284e-01 -5.114991e+00
9.999827e-01 4.732273e-03 -3.497755e-03 9.331816e+00 -4.790644e-03 9.998462e-01 -1.687251e-02 -9.686147e-03 3.417372e-03 1.688898e-02 9.998515e-01 -6.128727e+00
9.999461e-01 -3.988139e-03 -9.587098e-03 9.430758e+00 4.188041e-03 9.997723e-01 2.092230e-02 9.180251e-03 9.501474e-03 -2.096132e-02 9.997351e-01 -7.126370e+00
9.999736e-01 5.566379e-03 -4.668268e-03 9.552412e+00 -5.638204e-03 9.998637e-01 -1.551633e-02 3.940776e-02 4.581263e-03 1.554224e-02 9.998687e-01 -8.605129e+00
9.999252e-01 -4.793579e-03 -1.125596e-02 9.688561e+00 5.029897e-03 9.997655e-01 2.106140e-02 7.077597e-02 1.115236e-02 -2.111644e-02 9.997148e-01 -1.012164e+01
9.999790e-01 5.837623e-03 -2.797636e-03 9.809051e+00 -5.882266e-03 9.998511e-01 -1.622423e-02 9.468596e-02 2.702508e-03 1.624035e-02 9.998645e-01 -1.135406e+01
9.999247e-01 -4.915426e-03 -1.124182e-02 9.914383e+00 5.151030e-03 9.997657e-01 2.102579e-02 1.206607e-01 1.113584e-02 -2.108212e-02 9.997157e-01 -1.263590e+01
9.999723e-01 6.253899e-03 -4.027869e-03 1.006637e+01 -6.314978e-03 9.998625e-01 -1.533419e-02 1.516328e-01 3.931417e-03 1.535920e-02 9.998743e-01 -1.416557e+01
9.999175e-01 -5.602223e-03 -1.156263e-02 1.020745e+01 5.834861e-03 9.997792e-01 2.018513e-02 1.790968e-01 1.144699e-02 -2.025093e-02 9.997294e-01 -1.551338e+01
9.999742e-01 6.931160e-03 -1.912460e-03 1.030176e+01 -6.960099e-03 9.998546e-01 -1.556478e-02 2.038972e-01 1.804300e-03 1.557769e-02 9.998770e-01 -1.673779e+01
9.998997e-01 -5.967768e-03 -1.284474e-02 1.042450e+01 6.234688e-03 9.997633e-01 2.084177e-02 2.327459e-01 1.271732e-02 -2.091976e-02 9.997003e-01 -1.815879e+01
9.999623e-01 8.275438e-03 -2.638037e-03 1.059467e+01 -8.309431e-03 9.998791e-01 -1.314611e-02 2.779832e-01 2.528929e-03 1.316754e-02 9.999101e-01 -2.033470e+01
9.998515e-01 -7.688115e-03 -1.542296e-02 1.075204e+01 7.995543e-03 9.997686e-01 1.997154e-02 3.168788e-01 1.526585e-02 -2.009188e-02 9.996816e-01 -2.217846e+01
9.999614e-01 8.695567e-03 1.275226e-03 1.087208e+01 -8.674878e-03 9.998435e-01 -1.541931e-02 3.407267e-01 -1.409106e-03 1.540766e-02 9.998803e-01 -2.339441e+01
9.998555e-01 -7.610249e-03 -1.520246e-02 1.098666e+01 7.914149e-03 9.997680e-01 2.003110e-02 3.665063e-01 1.504649e-02 -2.014852e-02 9.996838e-01 -2.469057e+01
9.999631e-01 8.456579e-03 1.520308e-03 1.113651e+01 -8.431104e-03 9.998357e-01 -1.604677e-02 3.823622e-01 -1.655759e-03 1.603336e-02 9.998701e-01 -2.563238e+01
9.998732e-01 -7.663932e-03 -1.396105e-02 1.127770e+01 7.932815e-03 9.997821e-01 1.930707e-02 3.938624e-01 1.381004e-02 -1.941537e-02 9.997161e-01 -2.640996e+01
9.999651e-01 8.241355e-03 1.385098e-03 1.133708e+01 -8.218100e-03 9.998377e-01 -1.603099e-02 4.073825e-01 -1.516990e-03 1.601905e-02 9.998705e-01 -2.713143e+01
9.998774e-01 -7.620323e-03 -1.367559e-02 1.141851e+01 7.880758e-03 9.997867e-01 1.909202e-02 4.199852e-01 1.352719e-02 -1.919745e-02 9.997242e-01 -2.783836e+01
9.999656e-01 7.895411e-03 2.527678e-03 1.126653e+01 -7.853895e-03 9.998406e-01 -1.603334e-02 4.345404e-01 -2.653865e-03 1.601294e-02 9.998683e-01 -2.816552e+01
9.998635e-01 -6.384703e-03 -1.524017e-02 1.136723e+01 6.693139e-03 9.997721e-01 2.027390e-02 4.552935e-01 1.510725e-02 -2.037314e-02 9.996783e-01 -2.923505e+01
9.999699e-01 7.740203e-03 -4.487682e-04 1.154190e+01 -7.746011e-03 9.998599e-01 -1.484108e-02 4.823804e-01 3.338327e-04 1.484411e-02 9.998898e-01 -3.061835e+01
9.998687e-01 -6.193642e-03 -1.497078e-02 1.181326e+01 6.481135e-03 9.997940e-01 1.923206e-02 4.992930e-01 1.484858e-02 -1.932656e-02 9.997030e-01 -3.169355e+01
9.999654e-01 8.246021e-03 1.111157e-03 1.198689e+01 -8.229330e-03 9.998643e-01 -1.427044e-02 5.231948e-01 -1.228680e-03 1.426080e-02 9.998976e-01 -3.296894e+01
9.998379e-01 -6.998609e-03 -1.659015e-02 1.212304e+01 7.332799e-03 9.997697e-01 2.016937e-02 5.579506e-01 1.644517e-02 -2.028775e-02 9.996589e-01 -3.462684e+01
9.999668e-01 8.112561e-03 7.352567e-04 1.226761e+01 -8.100787e-03 9.998576e-01 -1.480683e-02 5.866312e-01 -8.552730e-04 1.480038e-02 9.998901e-01 -3.604100e+01
9.998623e-01 -7.134353e-03 -1.498049e-02 1.244439e+01 7.422186e-03 9.997872e-01 1.924699e-02 6.059344e-01 1.483999e-02 -1.935553e-02 9.997025e-01 -3.717851e+01
9.999635e-01 8.239386e-03 2.266774e-03 1.253603e+01 -8.204390e-03 9.998533e-01 -1.503736e-02 6.206345e-01 -2.390339e-03 1.501821e-02 9.998844e-01 -3.793973e+01
9.998771e-01 -6.444699e-03 -1.429298e-02 1.273998e+01 6.721307e-03 9.997894e-01 1.938985e-02 6.361818e-01 1.416501e-02 -1.948354e-02 9.997098e-01 -3.899672e+01
9.999638e-01 8.138005e-03 -2.467820e-03 1.296682e+01 -8.167119e-03 9.998943e-01 -1.202634e-02 6.743006e-01 2.369690e-03 1.204606e-02 9.999246e-01 -4.100026e+01
9.998739e-01 -7.333818e-03 -1.408500e-02 1.311526e+01 7.589858e-03 9.998053e-01 1.821162e-02 7.072066e-01 1.394870e-02 -1.831623e-02 9.997349e-01 -4.263834e+01
9.999600e-01 8.898593e-03 9.318953e-04 1.323671e+01 -8.885511e-03 9.998733e-01 -1.320929e-02 7.331992e-01 -1.049321e-03 1.320048e-02 9.999123e-01 -4.397748e+01
9.998349e-01 -8.318817e-03 -1.615643e-02 1.336020e+01 8.604488e-03 9.998064e-01 1.769327e-02 7.568177e-01 1.600612e-02 -1.782936e-02 9.997129e-01 -4.516787e+01
9.999525e-01 9.210959e-03 3.186052e-03 1.347810e+01 -9.166574e-03 9.998645e-01 -1.367563e-02 7.739468e-01 -3.311586e-03 1.364578e-02 9.999014e-01 -4.615185e+01
9.998418e-01 -8.216506e-03 -1.577647e-02 1.366364e+01 8.504380e-03 9.997970e-01 1.826750e-02 7.927847e-01 1.562318e-02 -1.839878e-02 9.997087e-01 -4.731470e+01
9.999548e-01 9.181238e-03 2.489148e-03 1.385475e+01 -9.146628e-03 9.998660e-01 -1.357615e-02 8.111710e-01 -2.613460e-03 1.355277e-02 9.999047e-01 -4.847403e+01
9.998485e-01 -8.072869e-03 -1.541811e-02 1.400048e+01 8.349982e-03 9.998032e-01 1.799421e-02 8.316210e-01 1.526981e-02 -1.812022e-02 9.997192e-01 -4.962912e+01
9.999554e-01 9.013590e-03 2.823849e-03 1.393805e+01 -8.974512e-03 9.998678e-01 -1.355809e-02 8.535789e-01 -2.945683e-03 1.353214e-02 9.999041e-01 -5.035966e+01
9.998293e-01 -8.199167e-03 -1.655445e-02 1.397823e+01 8.494076e-03 9.998051e-01 1.782349e-02 8.745777e-01 1.640509e-02 -1.796106e-02 9.997041e-01 -5.120319e+01
9.999531e-01 9.140274e-03 3.217202e-03 1.412001e+01 -9.096997e-03 9.998712e-01 -1.321863e-02 8.956700e-01 -3.337610e-03 1.318874e-02 9.999075e-01 -5.238723e+01
9.998451e-01 -8.228174e-03 -1.556119e-02 1.428400e+01 8.497290e-03 9.998141e-01 1.730782e-02 9.119295e-01 1.541588e-02 -1.743736e-02 9.997291e-01 -5.342938e+01
9.999544e-01 9.056592e-03 3.017154e-03 1.440632e+01 -9.016067e-03 9.998724e-01 -1.318466e-02 9.292880e-01 -3.136177e-03 1.315686e-02 9.999085e-01 -5.442111e+01
9.998384e-01 -8.376346e-03 -1.590637e-02 1.455844e+01 8.654829e-03 9.998090e-01 1.752028e-02 9.479688e-01 1.575658e-02 -1.765512e-02 9.997200e-01 -5.550383e+01
9.999512e-01 9.358051e-03 3.158778e-03 1.479615e+01 -9.317800e-03 9.998781e-01 -1.252537e-02 9.656515e-01 -3.275606e-03 1.249532e-02 9.999166e-01 -5.668330e+01
9.998217e-01 -8.653614e-03 -1.678348e-02 1.497551e+01 8.946287e-03 9.998078e-01 1.744225e-02 9.855323e-01 1.662932e-02 -1.758929e-02 9.997070e-01 -5.788544e+01
9.999460e-01 9.486478e-03 4.242008e-03 1.514832e+01 -9.432818e-03 9.998774e-01 -1.249566e-02 1.005053e+00 -4.360027e-03 1.245497e-02 9.999129e-01 -5.906053e+01
9.998293e-01 -8.667151e-03 -1.631635e-02 1.536276e+01 8.947576e-03 9.998122e-01 1.719294e-02 1.021526e+00 1.616427e-02 -1.733600e-02 9.997191e-01 -6.017657e+01
9.999518e-01 9.509725e-03 2.432033e-03 1.558051e+01 -9.479429e-03 9.998809e-01 -1.217899e-02 1.040249e+00 -2.547562e-03 1.215535e-02 9.999229e-01 -6.137578e+01
9.998538e-01 -8.877772e-03 -1.461714e-02 1.576554e+01 9.118600e-03 9.998224e-01 1.649232e-02 1.055898e+00 1.446813e-02 -1.662320e-02 9.997571e-01 -6.239932e+01
9.999542e-01 9.533909e-03 8.182964e-04 1.603584e+01 -9.523402e-03 9.998826e-01 -1.200525e-02 1.068198e+00 -9.326570e-04 1.199691e-02 9.999276e-01 -6.340394e+01
9.998809e-01 -8.912292e-03 -1.259692e-02 1.617585e+01 9.108325e-03 9.998370e-01 1.559128e-02 1.080680e+00 1.245591e-02 -1.570417e-02 9.997991e-01 -6.424640e+01
9.999562e-01 9.329231e-03 -8.076489e-04 1.629792e+01 -9.338108e-03 9.998869e-01 -1.179095e-02 1.095134e+00 6.975573e-04 1.179797e-02 9.999302e-01 -6.511187e+01
9.999187e-01 -9.600503e-03 -8.392272e-03 1.622668e+01 9.717319e-03 9.998549e-01 1.399128e-02 1.098943e+00 8.256731e-03 -1.407170e-02 9.998669e-01 -6.520813e+01
9.999549e-01 9.426753e-03 -1.134364e-03 1.619865e+01 -9.439976e-03 9.998801e-01 -1.227877e-02 1.099686e+00 1.018479e-03 1.228892e-02 9.999240e-01 -6.525728e+01
9.999405e-01 -9.396777e-03 -5.545922e-03 1.617717e+01 9.473604e-03 9.998572e-01 1.399335e-02 1.093323e+00 5.413638e-03 -1.404506e-02 9.998867e-01 -6.499230e+01
9.999527e-01 9.695268e-03 8.033432e-04 1.619213e+01 -9.684046e-03 9.998691e-01 -1.296018e-02 1.080768e+00 -9.288903e-04 1.295179e-02 9.999157e-01 -6.450306e+01
9.999265e-01 -9.875277e-03 -7.027467e-03 1.619383e+01 9.973274e-03 9.998516e-01 1.404920e-02 1.071444e+00 6.887683e-03 -1.411826e-02 9.998766e-01 -6.415658e+01
9.999455e-01 9.936045e-03 -3.214120e-03 1.620375e+01 -9.973876e-03 9.998785e-01 -1.197675e-02 1.074995e+00 3.094728e-03 1.200815e-02 9.999231e-01 -6.445979e+01
9.999200e-01 -9.469210e-03 -8.386359e-03 1.628834e+01 9.595128e-03 9.998399e-01 1.510393e-02 1.086771e+00 8.241994e-03 -1.518319e-02 9.998508e-01 -6.516396e+01
9.999455e-01 9.757940e-03 -3.712436e-03 1.638234e+01 -9.800595e-03 9.998841e-01 -1.165048e-02 1.098435e+00 3.598321e-03 1.168623e-02 9.999252e-01 -6.589023e+01
9.999207e-01 -9.427268e-03 -8.347068e-03 1.648429e+01 9.550447e-03 9.998442e-01 1.484236e-02 1.109385e+00 8.205844e-03 -1.492090e-02 9.998550e-01 -6.659036e+01
9.999455e-01 9.816181e-03 -3.552681e-03 1.655090e+01 -9.856434e-03 9.998853e-01 -1.149625e-02 1.121169e+00 3.439424e-03 1.153064e-02 9.999276e-01 -6.730344e+01
9.999192e-01 -9.373355e-03 -8.588487e-03 1.663072e+01 9.498981e-03 9.998468e-01 1.470509e-02 1.134094e+00 8.449335e-03 -1.478548e-02 9.998550e-01 -6.804145e+01
9.999443e-01 9.718392e-03 -4.107405e-03 1.670501e+01 -9.765304e-03 9.998855e-01 -1.156015e-02 1.145965e+00 3.994589e-03 1.159961e-02 9.999247e-01 -6.870949e+01
9.999289e-01 -8.963236e-03 -7.861985e-03 1.677804e+01 9.078202e-03 9.998506e-01 1.471132e-02 1.159185e+00 7.728949e-03 -1.478165e-02 9.998609e-01 -6.944326e+01
9.999398e-01 9.494080e-03 -5.509233e-03 1.684396e+01 -9.553506e-03 9.998954e-01 -1.086256e-02 1.177760e+00 5.405527e-03 1.091454e-02 9.999258e-01 -7.037359e+01
9.999301e-01 -9.155496e-03 -7.482202e-03 1.693434e+01 9.264644e-03 9.998492e-01 1.468562e-02 1.195407e+00 7.346619e-03 -1.475392e-02 9.998642e-01 -7.131706e+01
9.999393e-01 9.911397e-03 -4.803115e-03 1.702900e+01 -9.962727e-03 9.998922e-01 -1.078343e-02 1.211909e+00 4.695718e-03 1.083063e-02 9.999303e-01 -7.224989e+01
9.999200e-01 -9.169895e-03 -8.708359e-03 1.710759e+01 9.299967e-03 9.998440e-01 1.501533e-02 1.235115e+00 8.569311e-03 -1.509512e-02 9.998493e-01 -7.339456e+01
9.999364e-01 1.022743e-02 -4.759856e-03 1.722364e+01 -1.027632e-02 9.998935e-01 -1.036164e-02 1.258240e+00 4.653377e-03 1.040990e-02 9.999350e-01 -7.459723e+01
9.999050e-01 -9.487757e-03 -1.000063e-02 1.735223e+01 9.637173e-03 9.998411e-01 1.499993e-02 1.281518e+00 9.856720e-03 -1.509488e-02 9.998375e-01 -7.580333e+01
9.999434e-01 9.985396e-03 -3.682189e-03 1.744833e+01 -1.002588e-02 9.998876e-01 -1.114566e-02 1.298032e+00 3.570481e-03 1.118194e-02 9.999311e-01 -7.668658e+01
9.999195e-01 -9.317884e-03 -8.613001e-03 1.751953e+01 9.439740e-03 9.998544e-01 1.421727e-02 1.311697e+00 8.479272e-03 -1.429743e-02 9.998618e-01 -7.742427e+01
9.999368e-01 1.014136e-02 -4.860909e-03 1.760831e+01 -1.019132e-02 9.998943e-01 -1.036535e-02 1.330675e+00 4.755277e-03 1.041424e-02 9.999345e-01 -7.839379e+01
9.999157e-01 -8.688913e-03 -9.647238e-03 1.793357e+01 8.853251e-03 9.998142e-01 1.712479e-02 1.358205e+00 9.496649e-03 -1.720876e-02 9.998068e-01 -8.017049e+01
9.999162e-01 9.519904e-03 -8.776814e-03 1.825043e+01 -9.616648e-03 9.998927e-01 -1.104724e-02 1.382217e+00 8.670704e-03 1.113072e-02 9.999005e-01 -8.171271e+01
9.999544e-01 -9.055746e-03 -3.041779e-03 1.837260e+01 9.097665e-03 9.998597e-01 1.406238e-02 1.389614e+00 2.914006e-03 -1.408941e-02 9.998965e-01 -8.230750e+01
9.999515e-01 9.844245e-03 1.605114e-04 1.784359e+01 -9.842322e-03 9.999081e-01 -9.319361e-03 1.420731e+00 -2.522385e-04 9.317330e-03 9.999566e-01 -8.202355e+01
9.999691e-01 -7.404206e-03 -2.629950e-03 1.712101e+01 7.439659e-03 9.998780e-01 1.373665e-02 1.466759e+00 2.527920e-03 -1.375579e-02 9.999022e-01 -8.140747e+01
9.999549e-01 7.569125e-03 -5.740180e-03 1.668352e+01 -7.631230e-03 9.999117e-01 -1.087582e-02 1.498170e+00 5.657353e-03 1.091914e-02 9.999244e-01 -8.116154e+01
9.999545e-01 -7.446454e-03 -5.956913e-03 1.672128e+01 7.528342e-03 9.998758e-01 1.384461e-02 1.504436e+00 5.853080e-03 -1.388883e-02 9.998864e-01 -8.158194e+01
9.999271e-01 8.231302e-03 -8.828867e-03 1.671606e+01 -8.316160e-03 9.999192e-01 -9.618222e-03 1.526292e+00 8.748983e-03 9.690944e-03 9.999148e-01 -8.241358e+01
9.999574e-01 -9.191703e-03 -7.983658e-04 1.641732e+01 9.201329e-03 9.998727e-01 1.303156e-02 1.541259e+00 6.784818e-04 -1.303835e-02 9.999148e-01 -8.247055e+01
9.999492e-01 9.707623e-03 -2.717755e-03 1.632024e+01 -9.740729e-03 9.998751e-01 -1.244549e-02 1.532022e+00 2.596599e-03 1.247133e-02 9.999189e-01 -8.176535e+01
9.999583e-01 -7.294220e-03 5.500521e-03 1.592784e+01 7.205270e-03 9.998457e-01 1.602106e-02 1.544153e+00 -5.616533e-03 -1.598076e-02 9.998565e-01 -8.091532e+01
9.999419e-01 1.066348e-02 -1.597923e-03 1.500647e+01 -1.068073e-02 9.998802e-01 -1.120735e-02 1.594395e+00 1.478222e-03 1.122376e-02 9.999359e-01 -7.981829e+01
9.999547e-01 -9.047433e-03 -2.961625e-03 1.469202e+01 9.085566e-03 9.998726e-01 1.312624e-02 1.596986e+00 2.842488e-03 -1.315256e-02 9.999095e-01 -7.883075e+01
9.999510e-01 8.948528e-03 -4.231303e-03 1.481968e+01 -9.001993e-03 9.998777e-01 -1.279006e-02 1.582881e+00 4.116334e-03 1.282753e-02 9.999093e-01 -7.857122e+01
9.999252e-01 -6.724463e-03 1.022075e-02 1.406968e+01 6.532780e-03 9.998043e-01 1.867330e-02 1.623023e+00 -1.034431e-02 -1.860513e-02 9.997734e-01 -7.769016e+01
9.998961e-01 9.099669e-03 -1.117883e-02 1.325923e+01 -9.256759e-03 9.998580e-01 -1.408204e-02 1.672760e+00 1.104910e-02 1.418406e-02 9.998384e-01 -7.688252e+01
9.999320e-01 -8.322619e-03 8.173616e-03 1.306840e+01 8.191601e-03 9.998395e-01 1.593417e-02 1.672384e+00 -8.304918e-03 -1.586613e-02 9.998396e-01 -7.626291e+01
9.999344e-01 9.479210e-03 -6.431738e-03 1.260860e+01 -9.562434e-03 9.998693e-01 -1.303474e-02 1.688557e+00 6.307338e-03 1.309539e-02 9.998944e-01 -7.544831e+01
9.999564e-01 -9.202033e-03 1.584639e-03 1.208799e+01 9.175936e-03 9.998338e-01 1.575587e-02 1.719102e+00 -1.729362e-03 -1.574065e-02 9.998746e-01 -7.505549e+01
9.998827e-01 8.428404e-03 -1.278474e-02 1.187936e+01 -8.592319e-03 9.998809e-01 -1.282091e-02 1.733819e+00 1.267516e-02 1.292926e-02 9.998361e-01 -7.506648e+01
9.999237e-01 -8.133595e-03 9.302075e-03 1.174060e+01 7.985297e-03 9.998422e-01 1.586994e-02 1.735234e+00 -9.429687e-03 -1.579444e-02 9.998308e-01 -7.469049e+01
9.999078e-01 1.034003e-02 -8.798074e-03 1.126584e+01 -1.044445e-02 9.998746e-01 -1.190599e-02 1.754115e+00 8.673862e-03 1.199679e-02 9.998904e-01 -7.389280e+01
9.999173e-01 -9.215003e-03 8.970884e-03 1.086972e+01 9.085295e-03 9.998551e-01 1.439366e-02 1.765697e+00 -9.102222e-03 -1.431096e-02 9.998562e-01 -7.311804e+01
9.998952e-01 1.442770e-02 1.192477e-03 9.736512e+00 -1.441910e-02 9.998720e-01 -6.936961e-03 1.827258e+00 -1.292408e-03 6.919040e-03 9.999752e-01 -7.177862e+01
9.999354e-01 -8.297660e-03 7.772261e-03 8.010115e+00 8.176269e-03 9.998461e-01 1.552211e-02 1.940180e+00 -7.899862e-03 -1.545756e-02 9.998493e-01 -7.028004e+01
9.999132e-01 1.308796e-02 -1.491855e-03 6.601706e+00 -1.310020e-02 9.998779e-01 -8.515450e-03 2.030625e+00 1.380224e-03 8.534255e-03 9.999626e-01 -6.893093e+01
9.999381e-01 -8.628982e-03 7.017406e-03 5.579722e+00 8.532735e-03 9.998707e-01 1.363165e-02 2.087903e+00 -7.134126e-03 -1.357093e-02 9.998825e-01 -6.764598e+01
9.999187e-01 1.134895e-02 -5.815322e-03 4.740073e+00 -1.140369e-02 9.998902e-01 -9.467044e-03 2.136384e+00 5.707242e-03 9.532591e-03 9.999383e-01 -6.671597e+01
9.999374e-01 -1.070434e-02 3.264572e-03 4.650641e+00 1.066866e-02 9.998852e-01 1.076006e-02 2.126766e+00 -3.379376e-03 -1.072456e-02 9.999368e-01 -6.602603e+01
9.999223e-01 1.096854e-02 -5.924337e-03 4.556448e+00 -1.102658e-02 9.998906e-01 -9.855530e-03 2.118231e+00 5.815589e-03 9.920090e-03 9.999339e-01 -6.540531e+01
9.999221e-01 -9.267596e-03 8.358837e-03 4.097649e+00 9.154215e-03 9.998669e-01 1.350187e-02 2.135334e+00 -8.482855e-03 -1.342430e-02 9.998739e-01 -6.458930e+01
9.998561e-01 9.341144e-03 -1.415967e-02 3.562572e+00 -9.488366e-03 9.999013e-01 -1.036599e-02 2.169748e+00 1.406144e-02 1.049885e-02 9.998460e-01 -6.430326e+01
9.999496e-01 -9.788703e-03 -2.209784e-03 3.516831e+00 9.818043e-03 9.998582e-01 1.368178e-02 2.186579e+00 2.075544e-03 -1.370278e-02 9.999040e-01 -6.469561e+01
9.998640e-01 1.162683e-02 -1.169350e-02 3.712548e+00 -1.173547e-02 9.998882e-01 -9.265581e-03 2.205423e+00 1.158446e-02 9.401551e-03 9.998887e-01 -6.578155e+01
9.999351e-01 -1.076552e-02 -3.737016e-03 3.829279e+00 1.081809e-02 9.998386e-01 1.434572e-02 2.235354e+00 3.581973e-03 -1.438522e-02 9.998901e-01 -6.720077e+01
9.998410e-01 1.201879e-02 -1.317070e-02 4.043859e+00 -1.213747e-02 9.998861e-01 -8.968368e-03 2.261660e+00 1.306142e-02 9.126801e-03 9.998730e-01 -6.854461e+01
9.999542e-01 -9.420690e-03 -1.681398e-03 4.287720e+00 9.447028e-03 9.998207e-01 1.641223e-02 2.302642e+00 1.526482e-03 -1.642736e-02 9.998639e-01 -7.069508e+01
9.998222e-01 1.050537e-02 -1.565898e-02 4.345412e+00 -1.064225e-02 9.999057e-01 -8.683845e-03 2.349328e+00 1.556628e-02 8.848948e-03 9.998397e-01 -7.266107e+01
9.999504e-01 -9.961314e-03 5.579971e-05 4.323972e+00 9.959618e-03 9.998568e-01 1.368244e-02 2.381781e+00 -1.920870e-04 -1.368121e-02 9.999064e-01 -7.382752e+01
9.997701e-01 1.245442e-02 -1.745464e-02 4.613346e+00 -1.254772e-02 9.999075e-01 -5.246064e-03 2.428753e+00 1.738769e-02 5.463874e-03 9.998339e-01 -7.620503e+01
9.999317e-01 -1.169091e-02 -6.777128e-05 4.795649e+00 1.169093e-02 9.998678e-01 1.130468e-02 2.460928e+00 -6.439990e-05 -1.130470e-02 9.999361e-01 -7.783693e+01
9.998226e-01 1.374437e-02 -1.287549e-02 4.831873e+00 -1.381519e-02 9.998898e-01 -5.427171e-03 2.491140e+00 1.279948e-02 5.604086e-03 9.999024e-01 -7.910075e+01
9.998657e-01 -9.550547e-03 -1.331608e-02 5.894886e+00 9.720474e-03 9.998714e-01 1.275536e-02 2.512394e+00 1.319255e-02 -1.288308e-02 9.998300e-01 -8.107079e+01
9.998964e-01 1.280007e-02 -6.583251e-03 6.731562e+00 -1.284424e-02 9.998950e-01 -6.710768e-03 2.520805e+00 6.496662e-03 6.794630e-03 9.999558e-01 -8.250576e+01
9.999120e-01 -1.294113e-02 -2.920169e-03 6.642672e+00 1.296802e-02 9.998719e-01 9.386315e-03 2.530231e+00 2.798325e-03 -9.423358e-03 9.999517e-01 -8.277716e+01
9.998971e-01 1.240663e-02 -7.201542e-03 6.531362e+00 -1.245828e-02 9.998967e-01 -7.172736e-03 2.536017e+00 7.111808e-03 7.261717e-03 9.999483e-01 -8.274822e+01
9.999190e-01 -1.268600e-02 -1.018336e-03 6.551578e+00 1.269437e-02 9.998818e-01 8.678403e-03 2.528936e+00 9.081215e-04 -8.690628e-03 9.999618e-01 -8.258397e+01
9.999080e-01 1.279231e-02 -4.520622e-03 6.569594e+00 -1.282659e-02 9.998886e-01 -7.635583e-03 2.517793e+00 4.422441e-03 7.692865e-03 9.999606e-01 -8.220709e+01
9.999192e-01 -1.268193e-02 -8.625088e-04 6.442511e+00 1.268942e-02 9.998761e-01 9.317293e-03 2.518050e+00 7.442405e-04 -9.327486e-03 9.999562e-01 -8.188819e+01
9.998824e-01 1.279511e-02 -8.452820e-03 6.308942e+00 -1.285555e-02 9.998919e-01 -7.135382e-03 2.525010e+00 8.360609e-03 7.243209e-03 9.999388e-01 -8.181462e+01
9.999161e-01 -1.274079e-02 2.318901e-03 6.239341e+00 1.271902e-02 9.998770e-01 9.171270e-03 2.523164e+00 -2.435465e-03 -9.141008e-03 9.999553e-01 -8.158075e+01
9.998884e-01 1.460036e-02 -3.166415e-03 5.960453e+00 -1.461947e-02 9.998745e-01 -6.098504e-03 2.528998e+00 3.076977e-03 6.144115e-03 9.999764e-01 -8.088740e+01
9.998243e-01 -7.950259e-03 1.697560e-02 4.973443e+00 7.708065e-03 9.998683e-01 1.428520e-02 2.568956e+00 -1.708693e-02 -1.415184e-02 9.997539e-01 -7.895001e+01
9.998636e-01 1.326855e-02 -9.833495e-03 3.939089e+00 -1.338073e-02 9.998451e-01 -1.143147e-02 2.625653e+00 9.680293e-03 1.156149e-02 9.998863e-01 -7.730128e+01
9.999057e-01 -1.151873e-02 7.477720e-03 3.530910e+00 1.141141e-02 9.998335e-01 1.423864e-02 2.645653e+00 -7.640486e-03 -1.415197e-02 9.998707e-01 -7.671712e+01
9.998739e-01 1.356701e-02 -8.259275e-03 3.036404e+00 -1.365461e-02 9.998501e-01 -1.064440e-02 2.670099e+00 8.113624e-03 1.075584e-02 9.999092e-01 -7.605421e+01
9.999117e-01 -1.182067e-02 6.066284e-03 2.587606e+00 1.174104e-02 9.998466e-01 1.299738e-02 2.692000e+00 -6.218992e-03 -1.292501e-02 9.998971e-01 -7.537117e+01
9.998340e-01 1.274758e-02 -1.302126e-02 2.327584e+00 -1.288291e-02 9.998633e-01 -1.036281e-02 2.706021e+00 1.288738e-02 1.052885e-02 9.998615e-01 -7.509975e+01
9.999088e-01 -1.305192e-02 3.478819e-03 2.093486e+00 1.300566e-02 9.998309e-01 1.300360e-02 2.721803e+00 -3.647952e-03 -1.295717e-02 9.999094e-01 -7.508096e+01
9.998117e-01 1.344213e-02 -1.399708e-02 1.919405e+00 -1.357592e-02 9.998626e-01 -9.507824e-03 2.733647e+00 1.386735e-02 9.696057e-03 9.998568e-01 -7.509952e+01
9.998959e-01 -1.366652e-02 4.623990e-03 1.797837e+00 1.361235e-02 9.998406e-01 1.155036e-02 2.738930e+00 -4.781106e-03 -1.148621e-02 9.999226e-01 -7.498126e+01
9.998192e-01 1.421150e-02 -1.263336e-02 1.622127e+00 -1.432152e-02 9.998599e-01 -8.661473e-03 2.744993e+00 1.250850e-02 8.840837e-03 9.998827e-01 -7.476603e+01
9.998870e-01 -1.460702e-02 3.562711e-03 1.548812e+00 1.456893e-02 9.998388e-01 1.049212e-02 2.748028e+00 -3.715396e-03 -1.043903e-02 9.999386e-01 -7.471159e+01
9.997867e-01 1.461107e-02 -1.459745e-02 1.576465e+00 -1.473137e-02 9.998581e-01 -8.168059e-03 2.747794e+00 1.447604e-02 8.381358e-03 9.998601e-01 -7.483055e+01
9.998901e-01 -1.455661e-02 2.815408e-03 1.742868e+00 1.452862e-02 9.998472e-01 9.717270e-03 2.745040e+00 -2.956428e-03 -9.675298e-03 9.999488e-01 -7.499595e+01
9.998385e-01 1.592321e-02 -8.326273e-03 1.748689e+00 -1.597380e-02 9.998541e-01 -6.045583e-03 2.737688e+00 8.228793e-03 6.177610e-03 9.999471e-01 -7.449597e+01
9.998846e-01 -1.432955e-02 5.047433e-03 1.669752e+00 1.429572e-02 9.998755e-01 6.676777e-03 2.720073e+00 -5.142480e-03 -6.603850e-03 9.999650e-01 -7.343696e+01
9.997582e-01 1.463532e-02 -1.641322e-02 1.843916e+00 -1.469912e-02 9.998848e-01 -3.773429e-03 2.714465e+00 1.635610e-02 4.013777e-03 9.998582e-01 -7.358211e+01
9.997892e-01 -1.491041e-02 1.411350e-02 1.563988e+00 1.479455e-02 9.998563e-01 8.277987e-03 2.722145e+00 -1.423490e-02 -8.067440e-03 9.998661e-01 -7.309691e+01
9.996617e-01 1.482387e-02 -2.137167e-02 1.295028e+00 -1.496325e-02 9.998677e-01 -6.376666e-03 2.726571e+00 2.127431e-02 6.694299e-03 9.997513e-01 -7.236813e+01
9.997762e-01 -1.397228e-02 1.588533e-02 1.526421e+00 1.384143e-02 9.998696e-01 8.317577e-03 2.699734e+00 -1.599948e-02 -8.095840e-03 9.998392e-01 -7.154640e+01
9.997185e-01 1.425768e-02 -1.896268e-02 1.695251e+00 -1.441537e-02 9.998624e-01 -8.205277e-03 2.676474e+00 1.884308e-02 8.476322e-03 9.997865e-01 -7.080452e+01
9.998700e-01 -1.392015e-02 8.140762e-03 1.814014e+00 1.383341e-02 9.998480e-01 1.061564e-02 2.676888e+00 -8.287296e-03 -1.050164e-02 9.999105e-01 -7.113973e+01
9.996992e-01 1.433234e-02 -1.990426e-02 1.949920e+00 -1.448681e-02 9.998659e-01 -7.638599e-03 2.680041e+00 1.979211e-02 7.924651e-03 9.997727e-01 -7.159103e+01
9.998544e-01 -1.398770e-02 9.771049e-03 1.879675e+00 1.387943e-02 9.998425e-01 1.106261e-02 2.686755e+00 -9.924250e-03 -1.092538e-02 9.998911e-01 -7.169608e+01
9.996677e-01 1.412799e-02 -2.156310e-02 1.726943e+00 -1.431175e-02 9.998624e-01 -8.391695e-03 2.700500e+00 2.144157e-02 8.697512e-03 9.997323e-01 -7.162596e+01
9.997940e-01 -1.409847e-02 1.460024e-02 1.692726e+00 1.393362e-02 9.998387e-01 1.133175e-02 2.696590e+00 -1.475765e-02 -1.112598e-02 9.998292e-01 -7.138995e+01
9.995453e-01 1.483719e-02 -2.624791e-02 1.800181e+00 -1.504412e-02 9.998572e-01 -7.704055e-03 2.705601e+00 2.612986e-02 8.095429e-03 9.996258e-01 -7.204344e+01
9.997758e-01 -1.488142e-02 1.506063e-02 1.874292e+00 1.471815e-02 9.998323e-01 1.089411e-02 2.706044e+00 -1.522023e-02 -1.067001e-02 9.998272e-01 -7.223520e+01
9.996134e-01 1.529359e-02 -2.322122e-02 2.026186e+00 -1.552245e-02 9.998324e-01 -9.707755e-03 2.691465e+00 2.306887e-02 1.006445e-02 9.996832e-01 -7.191008e+01
9.997765e-01 -1.547476e-02 1.440276e-02 2.216482e+00 1.531088e-02 9.998176e-01 1.141931e-02 2.679557e+00 -1.457684e-02 -1.119624e-02 9.998311e-01 -7.184065e+01
9.995485e-01 1.549548e-02 -2.574452e-02 2.344617e+00 -1.572880e-02 9.998368e-01 -8.885384e-03 2.679675e+00 2.560264e-02 9.286303e-03 9.996291e-01 -7.216061e+01
9.997896e-01 -1.534138e-02 1.361358e-02 2.455546e+00 1.518309e-02 9.998168e-01 1.165563e-02 2.685379e+00 -1.378989e-02 -1.144648e-02 9.998394e-01 -7.265235e+01
9.995511e-01 1.565692e-02 -2.554474e-02 2.529129e+00 -1.587904e-02 9.998377e-01 -8.515842e-03 2.693763e+00 2.540726e-02 8.917646e-03 9.996374e-01 -7.320197e+01
9.998092e-01 -1.507742e-02 1.242024e-02 2.578987e+00 1.492143e-02 9.998098e-01 1.255766e-02 2.714256e+00 -1.260721e-02 -1.236993e-02 9.998440e-01 -7.418132e+01
9.995310e-01 1.549844e-02 -2.641022e-02 2.643107e+00 -1.571252e-02 9.998452e-01 -7.917693e-03 2.738797e+00 2.628342e-02 8.328951e-03 9.996198e-01 -7.531680e+01
9.997913e-01 -1.540844e-02 1.341389e-02 2.699924e+00 1.525583e-02 9.998186e-01 1.140592e-02 2.754211e+00 -1.358721e-02 -1.119890e-02 9.998450e-01 -7.609800e+01
9.995472e-01 1.577876e-02 -2.562066e-02 2.746585e+00 -1.598127e-02 9.998425e-01 -7.718825e-03 2.768979e+00 2.549483e-02 8.124781e-03 9.996419e-01 -7.685895e+01
9.997846e-01 -1.611402e-02 1.308282e-02 2.823053e+00 1.597170e-02 9.998129e-01 1.091059e-02 2.777777e+00 -1.325619e-02 -1.069929e-02 9.998549e-01 -7.743699e+01
9.997305e-01 1.546261e-02 -1.731612e-02 2.841510e+00 -1.565575e-02 9.998161e-01 -1.107429e-02 2.760722e+00 1.714170e-02 1.134240e-02 9.997887e-01 -7.680273e+01
9.998624e-01 -1.538920e-02 6.185280e-03 2.979827e+00 1.530381e-02 9.997901e-01 1.362301e-02 2.762904e+00 -6.393629e-03 -1.352648e-02 9.998881e-01 -7.725042e+01
9.997167e-01 1.535906e-02 -1.818355e-02 3.132382e+00 -1.556150e-02 9.998179e-01 -1.104443e-02 2.757287e+00 1.801061e-02 1.132427e-02 9.997737e-01 -7.734613e+01
9.998270e-01 -1.617379e-02 9.180646e-03 3.214563e+00 1.605694e-02 9.997909e-01 1.266188e-02 2.749586e+00 -9.383517e-03 -1.251228e-02 9.998777e-01 -7.732814e+01
9.997276e-01 1.643486e-02 -1.656967e-02 3.204514e+00 -1.660659e-02 9.998093e-01 -1.028011e-02 2.742722e+00 1.639756e-02 1.055247e-02 9.998099e-01 -7.706607e+01
9.997985e-01 -1.633879e-02 1.165974e-02 3.231925e+00 1.620636e-02 9.998041e-01 1.136386e-02 2.728134e+00 -1.184313e-02 -1.117261e-02 9.998674e-01 -7.652477e+01
9.996975e-01 1.723254e-02 -1.754811e-02 3.246588e+00 -1.741128e-02 9.997976e-01 -1.008429e-02 2.718144e+00 1.737078e-02 1.038678e-02 9.997952e-01 -7.604662e+01
9.998215e-01 -1.779727e-02 6.343166e-03 3.397767e+00 1.771904e-02 9.997688e-01 1.218239e-02 2.719596e+00 -6.558513e-03 -1.206782e-02 9.999057e-01 -7.638672e+01
9.996698e-01 1.793517e-02 -1.840174e-02 3.566742e+00 -1.810862e-02 9.997927e-01 -9.303015e-03 2.722037e+00 1.823107e-02 9.633173e-03 9.997874e-01 -7.685556e+01
9.997840e-01 -1.542095e-02 1.393123e-02 3.615055e+00 1.523911e-02 9.997985e-01 1.306630e-02 2.704664e+00 -1.412992e-02 -1.285118e-02 9.998176e-01 -7.590017e+01
9.998077e-01 1.591439e-02 -1.146159e-02 3.662461e+00 -1.606258e-02 9.997870e-01 -1.295577e-02 2.673735e+00 1.125297e-02 1.313738e-02 9.998504e-01 -7.454472e+01
9.998077e-01 -1.118223e-02 1.611130e-02 4.147452e+00 1.088196e-02 9.997677e-01 1.860595e-02 2.607103e+00 -1.631562e-02 -1.842705e-02 9.996971e-01 -7.154820e+01
