9.999925e-01 -9.884075e-05 -3.873454e-03 -7.148862e-03 9.578029e-05 9.999997e-01 -7.902807e-04 -1.950084e-02 3.873530e-03 7.899030e-04 9.999922e-01 9.894764e-01
9.999959e-01 2.423098e-06 -2.878992e-03 -1.364975e-02 -2.574883e-06 1.000000e+00 -5.272723e-05 -3.999703e-02 2.878992e-03 5.273514e-05 9.999959e-01 2.000807e+00
9.999945e-01 -3.496473e-04 -3.298922e-03 -3.772150e-02 3.472279e-04 9.999997e-01 -7.339469e-04 -5.921610e-02 3.299177e-03 7.327967e-04 9.999943e-01 3.005194e+00
9.999995e-01 -1.139057e-05 -1.039760e-03 -1.069868e-01 1.156224e-05 1.000000e+00 1.650748e-04 -7.302143e-02 1.039758e-03 -1.650860e-04 9.999994e-01 3.922472e+00
9.999773e-01 -2.701005e-04 -6.736926e-03 -1.714148e-01 2.665329e-04 9.999998e-01 -5.304444e-04 -8.496402e-02 6.737068e-03 5.286360e-04 9.999772e-01 4.769811e+00
9.999954e-01 1.825941e-04 3.037525e-03 -1.879826e-01 -1.811576e-04 9.999999e-01 -4.731655e-04 -1.096355e-01 -3.037611e-03 4.726138e-04 9.999953e-01 6.169237e+00
9.999992e-01 -2.645541e-04 -1.199484e-03 -1.706846e-01 2.618863e-04 9.999975e-01 -2.223708e-03 -1.528338e-01 1.200069e-03 2.223392e-03 9.999968e-01 8.461838e+00
1.000000e+00 1.511035e-04 1.809075e-04 -1.826931e-01 -1.510338e-04 9.999999e-01 -3.852396e-04 -1.897517e-01 -1.809654e-04 3.852130e-04 9.999999e-01 1.039875e+01
9.999959e-01 -5.493959e-04 -2.823064e-03 -2.169635e-01 5.462189e-04 9.999992e-01 -1.126011e-03 -2.132378e-01 2.823680e-03 1.124464e-03 9.999954e-01 1.169880e+01
1.000000e+00 1.799512e-04 -1.845858e-04 -2.561806e-01 -1.800140e-04 9.999999e-01 -3.406111e-04 -2.360080e-01 1.845248e-04 3.406450e-04 9.999999e-01 1.299873e+01
9.999912e-01 -3.543869e-04 -4.174636e-03 -2.612990e-01 3.516450e-04 9.999997e-01 -6.574899e-04 -2.594321e-01 4.174868e-03 6.560154e-04 9.999911e-01 1.418433e+01
9.999999e-01 3.175257e-04 -3.513885e-04 -2.604730e-01 -3.176221e-04 9.999999e-01 -2.743611e-04 -2.809684e-01 3.513017e-04 2.744734e-04 9.999999e-01 1.519315e+01
9.999874e-01 -2.466331e-04 -5.019885e-03 -2.462533e-01 2.443301e-04 9.999999e-01 -4.593740e-04 -3.019224e-01 5.019997e-03 4.581409e-04 9.999873e-01 1.616889e+01
9.999981e-01 1.110304e-03 -1.582397e-03 -1.791959e-01 -1.108842e-03 9.999990e-01 9.242382e-04 -3.151035e-01 1.583421e-03 -9.224811e-04 9.999983e-01 1.659205e+01
9.999852e-01 -9.451482e-04 -5.364247e-03 -1.522891e-01 9.382925e-04 9.999987e-01 -1.280398e-03 -3.354246e-01 5.365450e-03 1.275345e-03 9.999848e-01 1.747801e+01
9.999992e-01 1.133734e-03 5.952335e-04 -1.301659e-01 -1.133986e-03 9.999993e-01 4.243927e-04 -3.593843e-01 -5.947516e-04 -4.250667e-04 9.999997e-01 1.862249e+01
9.999829e-01 -8.617398e-04 -5.777676e-03 -9.781578e-02 8.554709e-04 9.999990e-01 -1.087390e-03 -3.823868e-01 5.778607e-03 1.082429e-03 9.999827e-01 1.964940e+01
9.999938e-01 8.045894e-04 3.422616e-03 -9.071562e-02 -8.033600e-04 9.999996e-01 -3.605549e-04 -4.095687e-01 -3.422905e-03 3.578038e-04 9.999941e-01 2.103241e+01
9.999720e-01 -7.226862e-04 -7.454531e-03 -7.656753e-02 7.163484e-04 9.999994e-01 -8.528263e-04 -4.370304e-01 7.455142e-03 8.474616e-04 9.999719e-01 2.237718e+01
9.999913e-01 9.637294e-04 4.067823e-03 -4.153030e-02 -9.617560e-04 9.999994e-01 -4.870468e-04 -4.656917e-01 -4.068290e-03 4.831310e-04 9.999916e-01 2.372006e+01
9.999846e-01 -8.617218e-04 -5.487834e-03 -1.303659e-02 8.545156e-04 9.999988e-01 -1.315330e-03 -4.991648e-01 5.488961e-03 1.310620e-03 9.999841e-01 2.540381e+01
9.999811e-01 6.368425e-04 6.119922e-03 -4.151089e-03 -6.285965e-04 9.999989e-01 -1.349226e-03 -5.403538e-01 -6.120774e-03 1.345354e-03 9.999804e-01 2.755915e+01
9.999378e-01 -8.927423e-04 -1.111531e-02 -2.124007e-02 8.884076e-04 9.999995e-01 -3.949069e-04 -5.693341e-01 1.111566e-02 3.850067e-04 9.999381e-01 2.905572e+01
9.999770e-01 9.322522e-04 6.719528e-03 -1.270823e-02 -9.283066e-04 9.999994e-01 -5.902704e-04 -5.915386e-01 -6.720073e-03 5.840198e-04 9.999772e-01 3.015978e+01
9.999666e-01 -9.007947e-04 -8.118136e-03 8.679587e-03 8.924130e-04 9.999991e-01 -1.036021e-03 -6.232347e-01 8.119062e-03 1.028741e-03 9.999665e-01 3.182812e+01
9.999961e-01 1.142311e-03 2.538380e-03 1.937031e-02 -1.141496e-03 9.999993e-01 -3.227909e-04 -6.524572e-01 -2.538747e-03 3.198928e-04 9.999967e-01 3.325421e+01
9.999912e-01 -9.231026e-04 -4.086434e-03 5.053294e-02 9.182388e-04 9.999989e-01 -1.191933e-03 -6.833905e-01 4.087530e-03 1.188169e-03 9.999909e-01 3.481478e+01
9.999981e-01 1.300258e-03 1.445172e-03 9.715837e-02 -1.299374e-03 9.999990e-01 -6.118266e-04 -7.194972e-01 -1.445966e-03 6.099484e-04 9.999988e-01 3.652712e+01
9.999702e-01 -7.599849e-04 -7.679580e-03 1.290812e-01 7.587772e-04 9.999997e-01 -1.601605e-04 -7.456671e-01 7.679699e-03 1.543279e-04 9.999705e-01 3.772517e+01
9.999986e-01 1.279523e-03 1.112046e-03 1.815948e-01 -1.279620e-03 9.999992e-01 8.623869e-05 -7.646025e-01 -1.111934e-03 -8.766086e-05 9.999994e-01 3.847012e+01
9.999717e-01 -8.482723e-04 -7.474438e-03 2.283513e-01 8.447217e-04 9.999995e-01 -4.781759e-04 -7.859501e-01 7.474840e-03 4.718479e-04 9.999720e-01 3.935620e+01
9.999980e-01 1.307211e-03 1.530699e-03 2.752802e-01 -1.307398e-03 9.999991e-01 1.207375e-04 -8.064445e-01 -1.530540e-03 -1.227378e-04 9.999988e-01 4.020382e+01
9.999789e-01 -1.254676e-03 -6.373278e-03 3.011007e-01 1.247662e-03 9.999986e-01 -1.104354e-03 -8.295724e-01 6.374655e-03 1.096379e-03 9.999791e-01 4.124279e+01
9.999857e-01 9.931657e-04 5.248158e-03 2.990850e-01 -9.901250e-04 9.999993e-01 -5.819311e-04 -8.590565e-01 -5.248732e-03 5.767271e-04 9.999861e-01 4.283492e+01
9.999670e-01 -1.263858e-03 -8.026992e-03 2.786557e-01 1.252328e-03 9.999982e-01 -1.441230e-03 -8.904077e-01 8.028798e-03 1.431129e-03 9.999667e-01 4.450416e+01
9.999943e-01 1.361452e-03 3.078743e-03 2.913309e-01 -1.362838e-03 9.999990e-01 4.482589e-04 -9.133858e-01 -3.078129e-03 -4.524515e-04 9.999952e-01 4.563362e+01
9.999711e-01 -1.237731e-03 -7.499272e-03 3.158420e-01 1.226011e-03 9.999980e-01 -1.567200e-03 -9.396813e-01 7.501197e-03 1.557960e-03 9.999707e-01 4.691591e+01
9.999981e-01 1.694093e-03 1.007612e-03 3.718044e-01 -1.694923e-03 9.999982e-01 8.234439e-04 -9.664713e-01 -1.006215e-03 -8.251494e-04 9.999992e-01 4.807178e+01
9.999771e-01 -1.203508e-03 -6.665101e-03 4.382025e-01 1.193615e-03 9.999982e-01 -1.488136e-03 -9.919440e-01 6.666880e-03 1.480146e-03 9.999767e-01 4.911723e+01
9.999967e-01 1.337279e-03 2.182270e-03 4.578530e-01 -1.338014e-03 9.999990e-01 3.350668e-04 -1.015637e+00 -2.181819e-03 -3.379849e-04 9.999976e-01 5.019822e+01
9.999706e-01 -1.467308e-03 -7.529925e-03 4.545478e-01 1.457336e-03 9.999981e-01 -1.329609e-03 -1.037757e+00 7.531861e-03 1.318595e-03 9.999708e-01 5.132337e+01
9.999985e-01 1.669438e-03 3.470231e-04 4.833242e-01 -1.669736e-03 9.999982e-01 8.609482e-04 -1.057747e+00 -3.455848e-04 -8.615256e-04 9.999996e-01 5.218514e+01
9.999695e-01 -1.531774e-03 -7.658763e-03 5.073728e-01 1.521529e-03 9.999979e-01 -1.343302e-03 -1.076616e+00 7.660805e-03 1.331608e-03 9.999698e-01 5.298090e+01
9.999985e-01 1.622147e-03 -6.605748e-04 5.234024e-01 -1.621444e-03 9.999981e-01 1.063272e-03 -1.094080e+00 6.622987e-04 -1.062199e-03 9.999992e-01 5.373380e+01
9.999733e-01 -9.037048e-04 -7.254673e-03 5.325581e-01 8.998513e-04 9.999995e-01 -5.344004e-04 -1.104157e+00 7.255152e-03 5.278573e-04 9.999735e-01 5.411972e+01
9.999960e-01 7.508066e-04 2.740368e-03 5.422433e-01 -7.502089e-04 9.999997e-01 -2.190832e-04 -1.123227e+00 -2.740531e-03 2.170272e-04 9.999962e-01 5.496048e+01
9.999709e-01 -8.235731e-04 -7.578804e-03 5.501170e-01 8.164211e-04 9.999992e-01 -9.467166e-04 -1.147104e+00 7.579578e-03 9.405009e-04 9.999708e-01 5.613174e+01
9.999975e-01 7.223428e-04 2.135660e-03 5.546924e-01 -7.220423e-04 9.999997e-01 -1.413921e-04 -1.171028e+00 -2.135761e-03 1.398504e-04 9.999977e-01 5.732618e+01
9.999907e-01 -7.431317e-04 -4.248270e-03 5.750457e-01 7.369997e-04 9.999987e-01 -1.444756e-03 -1.202213e+00 4.249338e-03 1.441611e-03 9.999899e-01 5.895577e+01
9.999921e-01 1.215978e-03 -3.774847e-03 6.036167e-01 -1.212738e-03 9.999989e-01 8.603799e-04 -1.227131e+00 3.775889e-03 -8.557946e-04 9.999925e-01 6.008990e+01
9.999991e-01 -1.284582e-03 4.575651e-04 6.300412e-01 1.285513e-03 9.999971e-01 -2.039357e-03 -1.253836e+00 -4.549444e-04 2.039943e-03 9.999978e-01 6.139537e+01
9.999835e-01 1.354273e-03 -5.587654e-03 6.375508e-01 -1.350865e-03 9.999989e-01 6.136410e-04 -1.283413e+00 5.588480e-03 -6.060820e-04 9.999842e-01 6.287321e+01
9.999990e-01 -1.261919e-03 -6.533604e-04 6.631611e-01 1.261092e-03 9.999984e-01 -1.265496e-03 -1.304869e+00 6.549560e-04 1.264670e-03 9.999990e-01 6.382461e+01
9.999800e-01 1.334354e-03 -6.176378e-03 6.882440e-01 -1.330404e-03 9.999989e-01 6.435499e-04 -1.325564e+00 6.177230e-03 -6.353193e-04 9.999807e-01 6.472479e+01
9.999987e-01 -8.939693e-04 -1.373655e-03 7.316925e-01 8.930982e-04 9.999994e-01 -6.345254e-04 -1.343008e+00 1.374221e-03 6.332970e-04 9.999989e-01 6.540689e+01
9.999838e-01 1.012046e-03 -5.604841e-03 7.476884e-01 -1.011135e-03 9.999995e-01 1.652844e-04 -1.360927e+00 5.605005e-03 -1.596137e-04 9.999843e-01 6.617879e+01
9.999993e-01 -1.127461e-03 4.228709e-04 7.300058e-01 1.127931e-03 9.999987e-01 -1.112975e-03 -1.381519e+00 -4.216158e-04 1.113450e-03 9.999993e-01 6.726942e+01
9.999864e-01 9.247821e-04 -5.140688e-03 7.116042e-01 -9.251647e-04 9.999996e-01 -7.206353e-05 -1.404247e+00 5.140619e-03 7.681923e-05 9.999868e-01 6.848104e+01
9.999974e-01 -9.591263e-04 -2.062780e-03 7.217172e-01 9.579659e-04 9.999994e-01 -5.633949e-04 -1.424494e+00 2.063318e-03 5.614166e-04 9.999977e-01 6.940886e+01
9.999976e-01 1.131365e-03 -1.872379e-03 7.504532e-01 -1.132346e-03 9.999992e-01 -5.227988e-04 -1.450650e+00 1.871786e-03 5.249184e-04 9.999981e-01 7.070025e+01
9.999996e-01 -8.598509e-04 -4.111766e-05 7.858031e-01 8.597858e-04 9.999984e-01 -1.555853e-03 -1.488599e+00 4.245508e-05 1.555816e-03 9.999988e-01 7.253163e+01
9.999802e-01 1.353723e-03 -6.147650e-03 8.243172e-01 -1.347913e-03 9.999986e-01 9.490513e-04 -1.512642e+00 6.148927e-03 -9.407453e-04 9.999807e-01 7.356804e+01
9.999995e-01 -9.517864e-04 -4.172619e-04 8.733489e-01 9.512493e-04 9.999987e-01 -1.285205e-03 -1.532210e+00 4.184842e-04 1.284807e-03 9.999991e-01 7.433187e+01
9.999768e-01 2.046368e-03 -6.493931e-03 9.125349e-01 -2.035220e-03 9.999964e-01 1.722711e-03 -1.540052e+00 6.497433e-03 -1.709454e-03 9.999774e-01 7.454523e+01
9.999978e-01 -2.055801e-03 3.874422e-04 9.206577e-01 2.056696e-03 9.999952e-01 -2.325907e-03 -1.558427e+00 -3.826590e-04 2.326698e-03 9.999972e-01 7.535976e+01
9.999941e-01 1.643361e-03 -3.016590e-03 9.519050e-01 -1.639080e-03 9.999976e-01 1.421108e-03 -1.589131e+00 3.018918e-03 -1.416155e-03 9.999944e-01 7.688499e+01
9.999979e-01 -1.285071e-03 1.595208e-03 9.743672e-01 1.291016e-03 9.999922e-01 -3.731016e-03 -1.621283e+00 -1.590401e-03 3.733067e-03 9.999918e-01 7.846156e+01
9.999481e-01 1.074705e-03 -1.013503e-02 9.658262e-01 -1.039148e-03 9.999933e-01 3.512938e-03 -1.636099e+00 1.013874e-02 -3.502223e-03 9.999425e-01 7.916168e+01
9.999963e-01 -1.207630e-03 2.434631e-03 9.541166e-01 1.217104e-03 9.999917e-01 -3.893731e-03 -1.651962e+00 -2.429909e-03 3.896679e-03 9.999895e-01 7.994909e+01
9.999467e-01 1.046612e-03 -1.026865e-02 9.328900e-01 -1.010041e-03 9.999931e-01 3.565878e-03 -1.665514e+00 1.027231e-02 -3.555316e-03 9.999409e-01 8.063459e+01
9.999900e-01 -1.172321e-03 4.317679e-03 9.009191e-01 1.189880e-03 9.999910e-01 -4.066405e-03 -1.679842e+00 -4.312874e-03 4.071501e-03 9.999824e-01 8.140277e+01
9.999940e-01 1.091670e-03 -3.278177e-03 9.000068e-01 -1.084193e-03 9.999968e-01 2.281741e-03 -1.711974e+00 3.280658e-03 -2.278172e-03 9.999920e-01 8.324529e+01
9.999991e-01 -1.275511e-03 2.762597e-04 8.792111e-01 1.276802e-03 9.999880e-01 -4.725882e-03 -1.746429e+00 -2.702287e-04 4.726230e-03 9.999888e-01 8.504039e+01
9.999912e-01 1.250037e-03 -4.010548e-03 8.683716e-01 -1.234941e-03 9.999922e-01 3.764437e-03 -1.768196e+00 4.015222e-03 -3.759450e-03 9.999849e-01 8.618194e+01
9.999991e-01 -1.138341e-03 6.381766e-04 8.819374e-01 1.141594e-03 9.999862e-01 -5.120643e-03 -1.795285e+00 -6.323391e-04 5.121367e-03 9.999867e-01 8.748000e+01
9.999847e-01 1.047152e-03 -5.436790e-03 8.669591e-01 -1.024458e-03 9.999908e-01 4.175082e-03 -1.814994e+00 5.441112e-03 -4.169448e-03 9.999765e-01 8.840856e+01
9.999986e-01 -6.986853e-04 -1.513929e-03 8.793537e-01 6.919992e-04 9.999900e-01 -4.412295e-03 -1.831408e+00 1.516996e-03 4.411241e-03 9.999891e-01 8.909316e+01
9.999940e-01 7.192001e-04 -3.397005e-03 8.886626e-01 -7.059213e-04 9.999921e-01 3.908508e-03 -1.848899e+00 3.399790e-03 -3.906086e-03 9.999866e-01 8.989614e+01
9.999871e-01 -9.515690e-04 -4.991628e-03 8.805110e-01 9.291340e-04 9.999895e-01 -4.494881e-03 -1.866959e+00 4.995852e-03 4.490184e-03 9.999774e-01 9.070064e+01
9.999992e-01 9.764343e-04 7.500386e-04 8.960897e-01 -9.792816e-04 9.999923e-01 3.805537e-03 -1.888291e+00 -7.463167e-04 -3.806268e-03 9.999925e-01 9.174376e+01
9.999692e-01 -5.776309e-04 -7.823847e-03 9.426277e-01 5.425158e-04 9.999898e-01 -4.489581e-03 -1.914573e+00 7.826360e-03 4.485197e-03 9.999593e-01 9.290035e+01
9.999991e-01 6.380523e-04 1.164999e-03 9.676221e-01 -6.423374e-04 9.999930e-01 3.681707e-03 -1.935600e+00 -1.162641e-03 -3.682451e-03 9.999925e-01 9.379422e+01
9.999895e-01 -5.812284e-04 -4.553709e-03 9.938604e-01 5.601266e-04 9.999891e-01 -4.633861e-03 -1.961617e+00 4.556352e-03 4.631261e-03 9.999789e-01 9.509821e+01
9.999965e-01 6.076854e-04 -2.587780e-03 1.003047e+00 -5.987570e-04 9.999939e-01 3.449526e-03 -1.986103e+00 2.589861e-03 -3.447963e-03 9.999907e-01 9.623966e+01
9.999883e-01 -1.298709e-04 -4.841698e-03 9.754515e-01 1.146914e-04 9.999951e-01 -3.135264e-03 -1.995578e+00 4.842081e-03 3.134671e-03 9.999834e-01 9.664726e+01
9.999984e-01 6.129995e-04 -1.659449e-03 9.349495e-01 -6.074560e-04 9.999942e-01 3.338885e-03 -2.000394e+00 1.661486e-03 -3.337871e-03 9.999930e-01 9.678590e+01
9.999873e-01 -4.019733e-04 -5.032048e-03 9.032549e-01 3.838376e-04 9.999934e-01 -3.604447e-03 -2.013157e+00 5.033464e-03 3.602469e-03 9.999808e-01 9.732836e+01
1.000000e+00 1.753876e-04 -2.179392e-04 8.272573e-01 -1.747294e-04 9.999954e-01 3.015847e-03 -2.025470e+00 2.184675e-04 -3.015809e-03 9.999954e-01 9.806749e+01
9.999828e-01 -3.929328e-04 -5.857970e-03 7.549349e-01 3.720874e-04 9.999936e-01 -3.559096e-03 -2.039961e+00 5.859330e-03 3.556854e-03 9.999765e-01 9.889125e+01
9.999997e-01 3.489846e-04 -6.962074e-04 7.552973e-01 -3.468415e-04 9.999952e-01 3.075615e-03 -2.057009e+00 6.972777e-04 -3.075372e-03 9.999950e-01 9.965812e+01
9.999925e-01 -1.399608e-04 -3.865129e-03 7.802394e-01 1.249410e-04 9.999924e-01 -3.885906e-03 -2.079365e+00 3.865644e-03 3.885394e-03 9.999850e-01 1.006628e+02
9.999997e-01 5.880086e-04 -4.674506e-04 7.570467e-01 -5.862710e-04 9.999930e-01 3.708282e-03 -2.092278e+00 4.696281e-04 -3.708006e-03 9.999930e-01 1.012239e+02
9.999901e-01 -7.037639e-06 -4.454430e-03 7.144865e-01 -8.698484e-06 9.999938e-01 -3.532617e-03 -2.098439e+00 4.454426e-03 3.532620e-03 9.999838e-01 1.014685e+02
9.999982e-01 8.769447e-04 -1.684042e-03 6.770970e-01 -8.703485e-04 9.999920e-01 3.913551e-03 -2.099031e+00 1.687460e-03 -3.912077e-03 9.999909e-01 1.014068e+02
9.999722e-01 1.955886e-04 -7.457490e-03 7.082150e-01 -2.172369e-04 9.999958e-01 -2.902166e-03 -2.097829e+00 7.456891e-03 2.903705e-03 9.999680e-01 1.011578e+02
9.999982e-01 1.075125e-03 -1.574380e-03 7.668032e-01 -1.068875e-03 9.999916e-01 3.964783e-03 -2.094339e+00 1.578630e-03 -3.963092e-03 9.999909e-01 1.007777e+02
9.999755e-01 -4.597077e-04 -6.991213e-03 7.959439e-01 4.374332e-04 9.999948e-01 -3.187240e-03 -2.100147e+00 6.992641e-03 3.184103e-03 9.999705e-01 1.008628e+02
9.999983e-01 1.198333e-03 -1.432904e-03 8.177382e-01 -1.192759e-03 9.999917e-01 3.884953e-03 -2.106361e+00 1.437548e-03 -3.883236e-03 9.999914e-01 1.009829e+02
9.999774e-01 -6.326333e-04 -6.688707e-03 8.156003e-01 6.102478e-04 9.999942e-01 -3.348233e-03 -2.112203e+00 6.690786e-03 3.344075e-03 9.999720e-01 1.011049e+02
9.999990e-01 1.180255e-03 -7.953347e-04 8.097168e-01 -1.177319e-03 9.999925e-01 3.682435e-03 -2.120774e+00 7.996752e-04 -3.681494e-03 9.999929e-01 1.013946e+02
9.999664e-01 1.546227e-04 -8.201961e-03 8.509568e-01 -1.746760e-04 9.999970e-01 -2.444255e-03 -2.119821e+00 8.201558e-03 2.445605e-03 9.999634e-01 1.011418e+02
9.999989e-01 1.494070e-03 -1.419313e-04 9.486549e-01 -1.493531e-03 9.999919e-01 3.728865e-03 -2.114286e+00 1.475016e-04 -3.728648e-03 9.999930e-01 1.006430e+02
9.999614e-01 -7.114499e-05 -8.789906e-03 9.843206e-01 4.753060e-05 9.999964e-01 -2.686690e-03 -2.110438e+00 8.790065e-03 2.686167e-03 9.999578e-01 1.002656e+02
9.999980e-01 1.745755e-03 9.835760e-04 1.048480e+00 -1.749554e-03 9.999910e-01 3.875375e-03 -2.104101e+00 -9.768014e-04 -3.877087e-03 9.999920e-01 9.976327e+01
9.999625e-01 -3.324637e-04 -8.650042e-03 1.113900e+00 3.104160e-04 9.999967e-01 -2.550043e-03 -2.100594e+00 8.650861e-03 2.547262e-03 9.999593e-01 9.938617e+01
9.999995e-01 9.385569e-04 4.566657e-04 1.123238e+00 -9.399214e-04 9.999951e-01 2.997309e-03 -2.107860e+00 -4.538501e-04 -2.997735e-03 9.999954e-01 9.954522e+01
9.999555e-01 -8.570842e-05 -9.428440e-03 1.157805e+00 6.304887e-05 9.999971e-01 -2.403565e-03 -2.115828e+00 9.428619e-03 2.402864e-03 9.999527e-01 9.973760e+01
9.999993e-01 1.139809e-03 3.513882e-04 1.199591e+00 -1.140976e-03 9.999938e-01 3.339404e-03 -2.119142e+00 -3.475795e-04 -3.339801e-03 9.999944e-01 9.968592e+01
9.999502e-01 1.780017e-04 -9.973720e-03 1.243347e+00 -2.003519e-04 9.999975e-01 -2.239930e-03 -2.118283e+00 9.973296e-03 2.241816e-03 9.999478e-01 9.940366e+01
9.999969e-01 1.707192e-03 1.828956e-03 1.363062e+00 -1.713204e-03 9.999931e-01 3.290826e-03 -2.112362e+00 -1.823325e-03 -3.293949e-03 9.999929e-01 9.884855e+01
9.999521e-01 3.940053e-04 -9.780536e-03 1.438688e+00 -4.170374e-04 9.999971e-01 -2.352941e-03 -2.104762e+00 9.779581e-03 2.356907e-03 9.999494e-01 9.827343e+01
9.999979e-01 1.735697e-03 1.063657e-03 1.473680e+00 -1.739194e-03 9.999931e-01 3.295948e-03 -2.095553e+00 -1.057929e-03 -3.297790e-03 9.999940e-01 9.771114e+01
9.999500e-01 -3.301677e-05 -9.997168e-03 1.550540e+00 1.056927e-05 9.999975e-01 -2.245405e-03 -2.090676e+00 9.997216e-03 2.245187e-03 9.999475e-01 9.724869e+01
9.999988e-01 1.534286e-03 2.774519e-04 1.600551e+00 -1.535118e-03 9.999943e-01 3.023373e-03 -2.086857e+00 -2.728113e-04 -3.023795e-03 9.999954e-01 9.683538e+01
9.999656e-01 5.249305e-04 -8.273441e-03 1.674974e+00 -5.421371e-04 9.999977e-01 -2.077605e-03 -2.079061e+00 8.272331e-03 2.082018e-03 9.999636e-01 9.625706e+01
9.999977e-01 1.719998e-03 1.289487e-03 1.815906e+00 -1.724190e-03 9.999932e-01 3.256722e-03 -2.069785e+00 -1.283876e-03 -3.258937e-03 9.999939e-01 9.554786e+01
9.999589e-01 3.349878e-04 -9.055793e-03 1.960389e+00 -3.531873e-04 9.999979e-01 -2.008156e-03 -2.060990e+00 9.055102e-03 2.011271e-03 9.999570e-01 9.487642e+01
9.999975e-01 1.722721e-03 1.451659e-03 2.072980e+00 -1.727065e-03 9.999940e-01 2.996628e-03 -2.053897e+00 -1.446488e-03 -2.999126e-03 9.999945e-01 9.427125e+01
9.999636e-01 6.129472e-04 -8.515435e-03 2.186347e+00 -6.284941e-04 9.999981e-01 -1.823148e-03 -2.043774e+00 8.514302e-03 1.828432e-03 9.999621e-01 9.356517e+01
9.999917e-01 2.486207e-03 3.240622e-03 2.435327e+00 -2.497479e-03 9.999908e-01 3.479014e-03 -2.026179e+00 -3.231943e-03 -3.487078e-03 9.999887e-01 9.245827e+01
9.999633e-01 6.212590e-04 -8.546111e-03 2.659710e+00 -6.394103e-04 9.999975e-01 -2.121327e-03 -2.010999e+00 8.544772e-03 2.126713e-03 9.999612e-01 9.143067e+01
9.999951e-01 2.108515e-03 2.302291e-03 2.859445e+00 -2.116389e-03 9.999919e-01 3.423130e-03 -1.998463e+00 -2.295054e-03 -3.427986e-03 9.999915e-01 9.053498e+01
9.999638e-01 5.743689e-04 -8.492960e-03 3.070318e+00 -5.922375e-04 9.999976e-01 -2.101529e-03 -1.986889e+00 8.491732e-03 2.106482e-03 9.999617e-01 8.966239e+01
9.999954e-01 1.257964e-03 2.769432e-03 3.263936e+00 -1.267092e-03 9.999938e-01 3.296755e-03 -1.983234e+00 -2.765267e-03 -3.300248e-03 9.999907e-01 8.910010e+01
9.999505e-01 8.847315e-04 -9.907600e-03 3.447882e+00 -9.076412e-04 9.999969e-01 -2.308050e-03 -1.978361e+00 9.905528e-03 2.316928e-03 9.999483e-01 8.843660e+01
9.999858e-01 2.052534e-03 4.920024e-03 3.691683e+00 -2.070904e-03 9.999909e-01 3.731598e-03 -1.965544e+00 -4.912320e-03 -3.741734e-03 9.999809e-01 8.746644e+01
9.999409e-01 7.202102e-04 -1.084337e-02 3.938332e+00 -7.454185e-04 9.999970e-01 -2.320880e-03 -1.953480e+00 1.084166e-02 2.328825e-03 9.999385e-01 8.653662e+01
9.999888e-01 1.939302e-03 4.320497e-03 4.045637e+00 -1.954204e-03 9.999921e-01 3.447459e-03 -1.939529e+00 -4.313778e-03 -3.455863e-03 9.999847e-01 8.570315e+01
9.999362e-01 6.164926e-04 -1.128191e-02 4.030070e+00 -6.464732e-04 9.999963e-01 -2.653923e-03 -1.925082e+00 1.128024e-02 2.661047e-03 9.999328e-01 8.502215e+01
9.999723e-01 2.704606e-03 6.934389e-03 4.201053e+00 -2.731424e-03 9.999888e-01 3.860900e-03 -1.909349e+00 -6.923869e-03 -3.879733e-03 9.999685e-01 8.400356e+01
9.999239e-01 7.704958e-04 -1.231472e-02 4.380135e+00 -8.007285e-04 9.999967e-01 -2.450244e-03 -1.890762e+00 1.231279e-02 2.459918e-03 9.999212e-01 8.290122e+01
9.999819e-01 1.921872e-03 5.704415e-03 4.544482e+00 -1.943055e-03 9.999912e-01 3.710253e-03 -1.878135e+00 -5.697234e-03 -3.721269e-03 9.999768e-01 8.204573e+01
9.999333e-01 9.250850e-04 -1.150972e-02 4.760406e+00 -9.522355e-04 9.999968e-01 -2.353639e-03 -1.866567e+00 1.150751e-02 2.364441e-03 9.999310e-01 8.114968e+01
9.999739e-01 2.336254e-03 6.841307e-03 5.057880e+00 -2.363356e-03 9.999894e-01 3.956089e-03 -1.850751e+00 -6.831991e-03 -3.972154e-03 9.999688e-01 8.002454e+01
9.999441e-01 1.309662e-03 -1.049086e-02 5.334061e+00 -1.336014e-03 9.999960e-01 -2.505279e-03 -1.834116e+00 1.048754e-02 2.519154e-03 9.999418e-01 7.885378e+01
9.999670e-01 2.669194e-03 7.666511e-03 5.652083e+00 -2.700671e-03 9.999880e-01 4.098354e-03 -1.814895e+00 -7.655479e-03 -4.118923e-03 9.999622e-01 7.753883e+01
9.999190e-01 6.479970e-04 -1.271269e-02 5.890549e+00 -6.810925e-04 9.999964e-01 -2.599161e-03 -1.797404e+00 1.271096e-02 2.607608e-03 9.999158e-01 7.642339e+01
9.999636e-01 2.756501e-03 8.070773e-03 6.075346e+00 -2.788333e-03 9.999884e-01 3.935618e-03 -1.780842e+00 -8.059830e-03 -3.957979e-03 9.999597e-01 7.537064e+01
9.998854e-01 1.488074e-04 -1.514055e-02 6.238276e+00 -1.892246e-04 9.999964e-01 -2.668050e-03 -1.765409e+00 1.514010e-02 2.670609e-03 9.998818e-01 7.444680e+01
9.999644e-01 2.364406e-03 8.100482e-03 6.337526e+00 -2.396882e-03 9.999891e-01 4.001837e-03 -1.752106e+00 -8.090932e-03 -4.021109e-03 9.999592e-01 7.366446e+01
9.999118e-01 7.570236e-04 -1.325818e-02 6.521122e+00 -7.925706e-04 9.999961e-01 -2.676069e-03 -1.736211e+00 1.325610e-02 2.686340e-03 9.999085e-01 7.265865e+01
9.999782e-01 1.750134e-03 6.369092e-03 6.656443e+00 -1.776105e-03 9.999901e-01 4.074394e-03 -1.722156e+00 -6.361898e-03 -4.085617e-03 9.999714e-01 7.180757e+01
9.998664e-01 -7.085047e-04 -1.633133e-02 6.602643e+00 6.603044e-04 9.999954e-01 -2.956586e-03 -1.713456e+00 1.633335e-02 2.945406e-03 9.998623e-01 7.149197e+01
9.999857e-01 1.799402e-03 5.027329e-03 6.353126e+00 -1.816049e-03 9.999929e-01 3.308713e-03 -1.698181e+00 -5.021340e-03 -3.317795e-03 9.999819e-01 7.141320e+01
9.998615e-01 9.147191e-05 -1.664343e-02 6.169858e+00 -1.436996e-04 9.999951e-01 -3.136848e-03 -1.682028e+00 1.664306e-02 3.138805e-03 9.998566e-01 7.098841e+01
9.999157e-01 3.506707e-03 1.250179e-02 6.277310e+00 -3.557882e-03 9.999854e-01 4.073515e-03 -1.665229e+00 -1.248732e-02 -4.117651e-03 9.999136e-01 6.997927e+01
9.998905e-01 1.000774e-03 -1.476587e-02 6.636521e+00 -1.035262e-03 9.999968e-01 -2.328203e-03 -1.640949e+00 1.476349e-02 2.343234e-03 9.998883e-01 6.845076e+01
9.999547e-01 2.282405e-03 9.237017e-03 6.807108e+00 -2.317111e-03 9.999903e-01 3.748449e-03 -1.623843e+00 -9.228372e-03 -3.769682e-03 9.999503e-01 6.741320e+01
9.998905e-01 8.909955e-04 -1.477036e-02 7.000791e+00 -9.255776e-04 9.999968e-01 -2.334621e-03 -1.607874e+00 1.476824e-02 2.348036e-03 9.998882e-01 6.639613e+01
9.999469e-01 2.373418e-03 1.002357e-02 7.233528e+00 -2.411625e-03 9.999899e-01 3.801465e-03 -1.591693e+00 -1.001444e-02 -3.825436e-03 9.999425e-01 6.532219e+01
9.998479e-01 1.108063e-04 -1.744135e-02 7.424566e+00 -1.548713e-04 9.999968e-01 -2.525118e-03 -1.579891e+00 1.744101e-02 2.527434e-03 9.998447e-01 6.449238e+01
9.999285e-01 2.545557e-03 1.168244e-02 7.635990e+00 -2.590453e-03 9.999893e-01 3.829604e-03 -1.570319e+00 -1.167257e-02 -3.859592e-03 9.999244e-01 6.366724e+01
9.998573e-01 3.841309e-04 -1.688868e-02 7.913715e+00 -4.246190e-04 9.999970e-01 -2.393814e-03 -1.557776e+00 1.688771e-02 2.400643e-03 9.998545e-01 6.267404e+01
9.999274e-01 2.600190e-03 1.176168e-02 8.187095e+00 -2.645464e-03 9.999891e-01 3.835363e-03 -1.544550e+00 -1.175158e-02 -3.866199e-03 9.999235e-01 6.166101e+01
9.998444e-01 -7.072762e-04 -1.762753e-02 8.343459e+00 6.672620e-04 9.999972e-01 -2.275741e-03 -1.535511e+00 1.762909e-02 2.263624e-03 9.998420e-01 6.099482e+01
9.999375e-01 2.688439e-03 1.084980e-02 8.458868e+00 -2.729682e-03 9.999891e-01 3.788308e-03 -1.527393e+00 -1.083950e-02 -3.817687e-03 9.999340e-01 6.037635e+01
9.998621e-01 -4.678474e-04 -1.659806e-02 8.590330e+00 4.310082e-04 9.999974e-01 -2.222974e-03 -1.517328e+00 1.659905e-02 2.215513e-03 9.998598e-01 5.966426e+01
9.999511e-01 2.596284e-03 9.544193e-03 8.746535e+00 -2.627081e-03 9.999914e-01 3.215685e-03 -1.507845e+00 -9.535762e-03 -3.240601e-03 9.999493e-01 5.892698e+01
9.999002e-01 5.657132e-04 -1.411665e-02 8.893449e+00 -5.961745e-04 9.999975e-01 -2.153690e-03 -1.495346e+00 1.411539e-02 2.161891e-03 9.998980e-01 5.803199e+01
9.999793e-01 2.052478e-03 6.095978e-03 9.036641e+00 -2.074119e-03 9.999916e-01 3.545878e-03 -1.479924e+00 -6.088649e-03 -3.558448e-03 9.999751e-01 5.713969e+01
9.999238e-01 5.716195e-04 -1.233297e-02 9.214685e+00 -6.016610e-04 9.999969e-01 -2.432265e-03 -1.470675e+00 1.233154e-02 2.439499e-03 9.999210e-01 5.636055e+01
9.999906e-01 1.660425e-03 4.012010e-03 9.331520e+00 -1.673524e-03 9.999933e-01 3.264048e-03 -1.461868e+00 -4.006563e-03 -3.270731e-03 9.999866e-01 5.570043e+01
9.999054e-01 -1.280633e-03 -1.369157e-02 9.289691e+00 1.244782e-03 9.999958e-01 -2.626649e-03 -1.463008e+00 1.369487e-02 2.609357e-03 9.999028e-01 5.580143e+01
9.999826e-01 2.309644e-03 5.420213e-03 9.395306e+00 -2.324936e-03 9.999933e-01 2.816813e-03 -1.474278e+00 -5.413671e-03 -2.829365e-03 9.999813e-01 5.597421e+01
9.999078e-01 -5.145843e-04 -1.356807e-02 9.573932e+00 4.895650e-04 9.999982e-01 -1.847216e-03 -1.468385e+00 1.356900e-02 1.840403e-03 9.999062e-01 5.531100e+01
9.999751e-01 2.611342e-03 6.559987e-03 9.735507e+00 -2.631695e-03 9.999917e-01 3.095978e-03 -1.460842e+00 -6.551848e-03 -3.113164e-03 9.999737e-01 5.463496e+01
9.999020e-01 -7.433042e-04 -1.397902e-02 9.924817e+00 7.146567e-04 9.999976e-01 -2.054178e-03 -1.453333e+00 1.398052e-02 2.043986e-03 9.999002e-01 5.392526e+01
9.999804e-01 2.879865e-03 5.567030e-03 1.001585e+01 -2.894666e-03 9.999923e-01 2.652599e-03 -1.445879e+00 -5.559348e-03 -2.668661e-03 9.999810e-01 5.329453e+01
9.999267e-01 -4.982595e-05 -1.210439e-02 1.010135e+01 3.218510e-05 9.999989e-01 -1.457553e-03 -1.431677e+00 1.210445e-02 1.457056e-03 9.999257e-01 5.247433e+01
9.999793e-01 2.820445e-03 5.788998e-03 1.023039e+01 -2.835531e-03 9.999926e-01 2.599582e-03 -1.418224e+00 -5.781624e-03 -2.615943e-03 9.999799e-01 5.162873e+01
9.999257e-01 -5.233774e-06 -1.218813e-02 1.032042e+01 -1.533410e-05 9.999986e-01 -1.687408e-03 -1.405635e+00 1.218812e-02 1.687469e-03 9.999243e-01 5.082792e+01
9.999919e-01 2.506602e-03 3.156928e-03 1.030837e+01 -2.514911e-03 9.999934e-01 2.630972e-03 -1.388675e+00 -3.150313e-03 -2.638889e-03 9.999916e-01 5.012819e+01
9.999166e-01 -9.933715e-04 -1.287765e-02 1.035979e+01 9.727750e-04 9.999982e-01 -1.605539e-03 -1.382263e+00 1.287922e-02 1.592878e-03 9.999158e-01 4.968671e+01
9.999962e-01 2.061868e-03 1.806553e-03 1.038007e+01 -2.066180e-03 9.999950e-01 2.388214e-03 -1.380831e+00 -1.801619e-03 -2.391937e-03 9.999955e-01 4.941939e+01
9.999228e-01 -6.057853e-04 -1.240997e-02 1.036051e+01 5.870080e-04 9.999987e-01 -1.516644e-03 -1.374545e+00 1.241087e-02 1.509242e-03 9.999218e-01 4.907465e+01
9.999939e-01 2.135499e-03 2.746839e-03 1.036922e+01 -2.143527e-03 9.999934e-01 2.923347e-03 -1.369141e+00 -2.740578e-03 -2.929217e-03 9.999920e-01 4.869494e+01
9.999438e-01 -6.034081e-04 -1.058671e-02 1.042103e+01 5.883419e-04 9.999988e-01 -1.426140e-03 -1.367152e+00 1.058756e-02 1.419831e-03 9.999429e-01 4.842661e+01
9.999877e-01 2.980868e-03 3.970538e-03 1.050622e+01 -2.990408e-03 9.999927e-01 2.398935e-03 -1.358198e+00 -3.963357e-03 -2.410779e-03 9.999892e-01 4.775640e+01
9.999120e-01 -7.551806e-04 -1.324746e-02 1.053074e+01 7.370120e-04 9.999988e-01 -1.376277e-03 -1.345343e+00 1.324848e-02 1.366392e-03 9.999113e-01 4.712304e+01
9.999842e-01 3.230004e-03 4.599396e-03 1.044968e+01 -3.239330e-03 9.999927e-01 2.021753e-03 -1.332499e+00 -4.592832e-03 -2.036619e-03 9.999874e-01 4.658163e+01
9.998579e-01 -2.587917e-03 -1.665981e-02 1.022361e+01 2.556478e-03 9.999949e-01 -1.908112e-03 -1.321530e+00 1.666466e-02 1.865250e-03 9.998594e-01 4.656619e+01
9.999905e-01 3.231899e-03 2.934697e-03 9.842963e+00 -3.238920e-03 9.999919e-01 2.390976e-03 -1.296693e+00 -2.926945e-03 -2.400458e-03 9.999928e-01 4.683601e+01
9.999390e-01 -5.675648e-04 -1.102905e-02 9.617413e+00 5.424344e-04 9.999973e-01 -2.281381e-03 -1.269163e+00 1.103031e-02 2.275258e-03 9.999366e-01 4.625017e+01
9.999857e-01 3.711501e-03 3.855223e-03 9.706798e+00 -3.725604e-03 9.999864e-01 3.657640e-03 -1.250692e+00 -3.841595e-03 -3.671950e-03 9.999859e-01 4.530343e+01
9.999251e-01 -1.420337e-03 -1.215992e-02 9.724125e+00 1.387352e-03 9.999953e-01 -2.720563e-03 -1.238588e+00 1.216373e-02 2.703489e-03 9.999224e-01 4.466753e+01
9.999571e-01 4.844887e-03 -7.896312e-03 9.229695e+00 -4.818168e-03 9.999826e-01 3.399180e-03 -1.205030e+00 7.912643e-03 -3.360988e-03 9.999630e-01 4.420331e+01
9.999955e-01 -1.879702e-03 -2.355917e-03 8.758706e+00 1.870614e-03 9.999908e-01 -3.853369e-03 -1.168480e+00 2.363139e-03 3.848944e-03 9.999898e-01 4.370046e+01
9.999810e-01 4.594938e-03 -4.113059e-03 8.897823e+00 -4.574506e-03 9.999772e-01 4.963219e-03 -1.155948e+00 4.135771e-03 -4.944309e-03 9.999792e-01 4.286905e+01
9.999942e-01 -1.935893e-03 -2.807647e-03 9.036707e+00 1.925566e-03 9.999914e-01 -3.676191e-03 -1.144407e+00 2.814740e-03 3.670763e-03 9.999893e-01 4.208136e+01
9.999692e-01 2.758331e-03 -7.351044e-03 9.049465e+00 -2.724456e-03 9.999856e-01 4.614217e-03 -1.141660e+00 7.363666e-03 -4.594047e-03 9.999623e-01 4.182131e+01
9.999934e-01 -1.894685e-03 -3.108175e-03 9.011606e+00 1.883012e-03 9.999912e-01 -3.754011e-03 -1.140507e+00 3.115260e-03 3.748133e-03 9.999881e-01 4.167963e+01
9.999786e-01 3.941217e-03 -5.214054e-03 9.100627e+00 -3.916738e-03 9.999813e-01 4.696556e-03 -1.133139e+00 5.232467e-03 -4.676033e-03 9.999754e-01 4.110295e+01
9.999964e-01 -1.601243e-03 -2.142726e-03 9.208991e+00 1.593392e-03 9.999920e-01 -3.660442e-03 -1.125022e+00 2.148570e-03 3.657014e-03 9.999910e-01 4.045915e+01
9.999840e-01 3.334445e-03 -4.578103e-03 9.374263e+00 -3.311926e-03 9.999824e-01 4.917714e-03 -1.120220e+00 4.594421e-03 -4.902473e-03 9.999774e-01 3.988982e+01
9.999929e-01 -1.530949e-03 -3.453439e-03 9.495086e+00 1.517884e-03 9.999917e-01 -3.782599e-03 -1.115783e+00 3.459201e-03 3.777330e-03 9.999869e-01 3.935496e+01
9.999878e-01 4.288026e-03 -2.471145e-03 9.654384e+00 -4.275499e-03 9.999781e-01 5.052266e-03 -1.103909e+00 2.492755e-03 -5.041638e-03 9.999842e-01 3.851689e+01
9.999847e-01 -2.293056e-03 -5.031434e-03 9.813416e+00 2.274251e-03 9.999904e-01 -3.739813e-03 -1.094534e+00 5.039962e-03 3.728313e-03 9.999803e-01 3.781702e+01
9.999914e-01 2.723763e-03 3.128521e-03 9.812140e+00 -2.737351e-03 9.999868e-01 4.347301e-03 -1.120972e+00 -3.116639e-03 -4.355827e-03 9.999857e-01 3.916317e+01
9.999936e-01 -1.079416e-03 -3.412078e-03 9.836021e+00 1.056796e-03 9.999775e-01 -6.624268e-03 -1.137947e+00 3.419151e-03 6.620619e-03 9.999722e-01 3.998575e+01
9.999795e-01 2.536188e-03 -5.883939e-03 9.946522e+00 -2.491647e-03 9.999683e-01 7.564881e-03 -1.136480e+00 5.902938e-03 -7.550064e-03 9.999541e-01 3.954254e+01
9.999998e-01 2.013398e-04 -5.294656e-04 1.011516e+01 -2.047184e-04 9.999796e-01 -6.387962e-03 -1.125606e+00 5.281686e-04 6.388069e-03 9.999795e-01 3.872865e+01
9.999798e-01 2.513566e-03 -5.842878e-03 1.030300e+01 -2.468834e-03 9.999677e-01 7.650394e-03 -1.113973e+00 5.861919e-03 -7.635814e-03 9.999537e-01 3.787477e+01
9.999999e-01 2.249698e-04 -3.285409e-04 1.050233e+01 -2.270756e-04 9.999794e-01 -6.421980e-03 -1.103407e+00 3.270893e-04 6.422053e-03 9.999793e-01 3.703453e+01
9.999810e-01 2.630407e-03 -5.574022e-03 1.070449e+01 -2.587170e-03 9.999666e-01 7.749937e-03 -1.091124e+00 5.594222e-03 -7.735369e-03 9.999544e-01 3.613923e+01
9.999999e-01 3.810692e-04 -3.826041e-04 1.087034e+01 -3.835386e-04 9.999790e-01 -6.473701e-03 -1.077350e+00 3.801291e-04 6.473846e-03 9.999790e-01 3.522828e+01
9.999692e-01 1.847023e-03 -7.629941e-03 1.102795e+01 -1.788176e-03 9.999687e-01 7.712193e-03 -1.067456e+00 7.643946e-03 -7.698311e-03 9.999412e-01 3.450371e+01
9.999989e-01 8.068182e-04 1.264717e-03 1.122414e+01 -7.985368e-04 9.999783e-01 -6.535245e-03 -1.057156e+00 -1.269962e-03 6.534227e-03 9.999778e-01 3.367758e+01
9.999614e-01 1.250487e-03 -8.692731e-03 1.140122e+01 -1.181978e-03 9.999682e-01 7.881807e-03 -1.048249e+00 8.702311e-03 -7.871228e-03 9.999312e-01 3.297048e+01
9.999981e-01 1.286156e-03 1.473969e-03 1.154639e+01 -1.275926e-03 9.999752e-01 -6.920473e-03 -1.039004e+00 -1.482833e-03 6.918578e-03 9.999750e-01 3.224217e+01
9.999373e-01 -8.783501e-04 -1.116043e-02 1.160152e+01 9.663806e-04 9.999684e-01 7.884743e-03 -1.040795e+00 1.115315e-02 -7.895033e-03 9.999066e-01 3.213380e+01
9.999984e-01 1.342490e-03 1.192257e-03 1.160053e+01 -1.333484e-03 9.999708e-01 -7.523647e-03 -1.049042e+00 -1.202322e-03 7.522044e-03 9.999710e-01 3.243362e+01
9.999238e-01 1.587177e-04 -1.233986e-02 1.160260e+01 -4.698309e-05 9.999590e-01 9.054492e-03 -1.045910e+00 1.234079e-02 -9.053223e-03 9.998829e-01 3.215175e+01
9.999975e-01 1.029360e-03 1.961195e-03 1.160043e+01 -1.011808e-03 9.999596e-01 -8.929782e-03 -1.041050e+00 -1.970308e-03 8.927775e-03 9.999582e-01 3.187400e+01
9.999000e-01 -3.723376e-04 -1.413656e-02 1.138370e+01 5.030992e-04 9.999571e-01 9.247427e-03 -1.028564e+00 1.413251e-02 -9.253614e-03 9.998573e-01 3.200071e+01
9.999836e-01 2.531596e-03 5.135972e-03 1.123498e+01 -2.486567e-03 9.999586e-01 -8.754964e-03 -1.012595e+00 -5.157923e-03 8.742049e-03 9.999485e-01 3.159902e+01
9.999018e-01 -1.219327e-04 -1.401177e-02 1.137230e+01 2.600935e-04 9.999514e-01 9.858903e-03 -1.001158e+00 1.400989e-02 -9.861579e-03 9.998532e-01 3.084750e+01
9.999753e-01 2.462181e-03 6.580151e-03 1.149262e+01 -2.404629e-03 9.999589e-01 -8.740002e-03 -9.929617e-01 -6.601400e-03 8.723963e-03 9.999402e-01 3.019914e+01
9.999161e-01 3.203696e-04 -1.294857e-02 1.163188e+01 -1.930256e-04 9.999516e-01 9.834615e-03 -9.815566e-01 1.295109e-02 -9.831290e-03 9.998678e-01 2.939147e+01
9.999856e-01 3.784531e-03 -3.807898e-03 1.122036e+01 -3.819092e-03 9.999512e-01 -9.110131e-03 -9.482256e-01 3.773235e-03 9.124542e-03 9.999513e-01 2.869630e+01
9.999804e-01 -5.918815e-04 -6.236890e-03 1.071604e+01 6.446231e-04 9.999640e-01 8.457708e-03 -9.069514e-01 6.231659e-03 -8.461562e-03 9.999448e-01 2.815720e+01
9.999935e-01 3.605564e-03 3.087036e-04 1.084408e+01 -3.603202e-03 9.999666e-01 -7.339471e-03 -8.932871e-01 -3.351562e-04 7.338310e-03 9.999730e-01 2.728387e+01
9.999869e-01 -1.599535e-04 -5.124673e-03 1.101405e+01 2.046500e-04 9.999619e-01 8.722391e-03 -8.773436e-01 5.123083e-03 -8.723324e-03 9.999488e-01 2.626231e+01
9.999933e-01 2.824010e-03 -2.349815e-03 1.114941e+01 -2.841459e-03 9.999682e-01 -7.455239e-03 -8.629168e-01 2.328687e-03 7.461865e-03 9.999694e-01 2.540327e+01
9.999788e-01 -6.049623e-04 -6.476659e-03 1.115782e+01 6.589464e-04 9.999650e-01 8.336217e-03 -8.471745e-01 6.471390e-03 -8.340308e-03 9.999443e-01 2.476746e+01
9.999942e-01 3.133776e-03 -1.354869e-03 1.111634e+01 -3.143996e-03 9.999661e-01 -7.607594e-03 -8.327433e-01 1.330983e-03 7.611809e-03 9.999701e-01 2.416797e+01
9.999845e-01 -5.763599e-04 -5.538996e-03 1.123400e+01 6.249413e-04 9.999613e-01 8.772971e-03 -8.203781e-01 5.533726e-03 -8.776296e-03 9.999462e-01 2.338297e+01
9.999942e-01 3.052843e-03 -1.529314e-03 1.135013e+01 -3.064559e-03 9.999655e-01 -7.717724e-03 -8.097385e-01 1.505700e-03 7.722365e-03 9.999690e-01 2.264956e+01
9.999849e-01 -5.610878e-04 -5.464413e-03 1.147281e+01 6.094009e-04 9.999607e-01 8.843655e-03 -7.984702e-01 5.459237e-03 -8.846851e-03 9.999460e-01 2.189332e+01
9.999939e-01 3.193830e-03 -1.380870e-03 1.158596e+01 -3.204417e-03 9.999650e-01 -7.733941e-03 -7.862647e-01 1.356121e-03 7.738319e-03 9.999691e-01 2.111497e+01
9.999894e-01 -3.854960e-04 -4.590802e-03 1.173653e+01 4.264809e-04 9.999600e-01 8.929864e-03 -7.731532e-01 4.587176e-03 -8.931726e-03 9.999496e-01 2.024170e+01
9.999953e-01 3.000398e-03 -6.444495e-04 1.190519e+01 -3.005224e-03 9.999664e-01 -7.622552e-03 -7.635666e-01 6.215572e-04 7.624452e-03 9.999707e-01 1.945259e+01
9.999532e-01 1.654316e-03 -9.535147e-03 1.163349e+01 -1.577737e-03 9.999665e-01 8.033112e-03 -7.304444e-01 9.548117e-03 -8.017692e-03 9.999223e-01 1.847065e+01
9.999970e-01 2.415443e-03 2.897751e-04 1.120660e+01 -2.413021e-03 9.999644e-01 -8.088754e-03 -6.819108e-01 -3.093026e-04 8.088031e-03 9.999672e-01 1.751710e+01
9.999694e-01 -4.222092e-04 -7.806573e-03 1.124726e+01 4.941910e-04 9.999574e-01 9.220962e-03 -6.687741e-01 7.802347e-03 -9.224537e-03 9.999270e-01 1.683132e+01
9.999922e-01 3.939509e-03 2.304988e-04 1.100859e+01 -3.937259e-03 9.999512e-01 -9.064367e-03 -6.400009e-01 -2.661967e-04 9.063388e-03 9.999589e-01 1.599999e+01
9.999494e-01 1.023106e-03 -1.001115e-02 1.045225e+01 -9.350665e-04 9.999609e-01 8.794793e-03 -5.817403e-01 1.001976e-02 -8.784986e-03 9.999112e-01 1.492635e+01
9.999915e-01 4.081767e-03 5.058578e-04 9.789344e+00 -4.077035e-03 9.999509e-01 -9.027861e-03 -5.166807e-01 -5.426826e-04 9.025722e-03 9.999591e-01 1.402005e+01
9.999523e-01 5.419767e-04 -9.757005e-03 9.372099e+00 -4.522904e-04 9.999577e-01 9.191800e-03 -4.691004e-01 9.761573e-03 -9.186947e-03 9.999102e-01 1.302105e+01
9.999887e-01 2.925162e-03 3.760523e-03 9.297057e+00 -2.893954e-03 9.999615e-01 -8.277907e-03 -4.396744e-01 -3.784593e-03 8.266929e-03 9.999587e-01 1.196144e+01
9.999749e-01 1.135638e-03 -6.987583e-03 9.391095e+00 -1.066730e-03 9.999508e-01 9.857188e-03 -4.144498e-01 6.998433e-03 -9.849487e-03 9.999270e-01 1.072335e+01
9.999884e-01 2.948366e-03 3.797795e-03 9.499556e+00 -2.916457e-03 9.999606e-01 -8.380462e-03 -3.860603e-01 -3.822354e-03 8.369289e-03 9.999577e-01 9.379341e+00
9.999186e-01 -1.591745e-04 -1.275870e-02 9.468259e+00 2.734926e-04 9.999598e-01 8.958722e-03 -3.672645e-01 1.275676e-02 -8.961481e-03 9.998785e-01 8.568917e+00
9.999629e-01 3.915764e-03 7.675796e-03 9.508327e+00 -3.855463e-03 9.999617e-01 -7.855179e-03 -3.464441e-01 -7.706261e-03 7.825293e-03 9.999397e-01 7.567729e+00
9.998929e-01 -5.136264e-04 -1.462910e-02 9.646823e+00 6.479769e-04 9.999576e-01 9.180487e-03 -3.263781e-01 1.462377e-02 -9.188982e-03 9.998508e-01 6.521616e+00
9.999587e-01 3.206316e-03 8.498244e-03 9.833701e+00 -3.138752e-03 9.999635e-01 -7.951917e-03 -3.153879e-01 -8.523429e-03 7.924915e-03 9.999323e-01 5.699624e+00
9.998835e-01 -8.838202e-04 -1.523880e-02 1.001374e+01 1.024817e-03 9.999567e-01 9.247116e-03 -3.052811e-01 1.522997e-02 -9.261655e-03 9.998411e-01 4.938396e+00
9.999600e-01 3.276442e-03 8.316787e-03 1.016300e+01 -3.209238e-03 9.999622e-01 -8.081125e-03 -2.967372e-01 -8.342949e-03 8.054111e-03 9.999328e-01 4.244364e+00
9.998787e-01 -9.746160e-04 -1.554635e-02 1.033975e+01 1.119129e-03 9.999562e-01 9.289574e-03 -2.874096e-01 1.553662e-02 -9.305845e-03 9.998360e-01 3.513716e+00
9.999733e-01 2.748960e-03 6.775291e-03 1.047708e+01 -2.696980e-03 9.999670e-01 -7.669357e-03 -2.817512e-01 -6.796150e-03 7.650879e-03 9.999476e-01 2.985902e+00
