1.000000e+00 1.197625e-11 1.704638e-10 5.551115e-17 1.197625e-11 1.000000e+00 3.562503e-10 0.000000e+00 1.704638e-10 3.562503e-10 1.000000e+00 2.220446e-16 0.000000e+00 0.000000e+00 0.000000e+00 1.000000e+00
4.303031e-01 -1.190777e-01 8.947959e-01 2.060286e-01 1.618182e-01 9.853793e-01 5.331471e-02 -1.001897e-02 -8.880620e-01 1.218528e-01 4.432807e-01 3.500101e-01
9.934366e-01 -3.068049e-02 1.101922e-01 3.474043e-01 3.623545e-02 9.981527e-01 -4.876755e-02 -2.127141e-02 -1.084925e-01 5.244034e-02 9.927131e-01 7.819713e-01
2.843305e-01 -9.475726e-02 9.540321e-01 6.533232e-01 1.223909e-01 9.905493e-01 6.190805e-02 -3.613982e-02 -9.508820e-01 9.916254e-02 2.932408e-01 1.236854e+00
9.718245e-01 -1.002014e-01 2.133467e-01 8.826430e-01 1.062933e-01 9.941852e-01 -1.724765e-02 -5.116003e-02 -2.103779e-01 3.943902e-02 9.768243e-01 1.782522e+00
4.717464e-01 -8.856803e-03 8.816898e-01 9.370421e-01 1.422658e-01 9.876124e-01 -6.619823e-02 -6.016113e-02 -8.701814e-01 1.566631e-01 4.671626e-01 2.325505e+00
9.907226e-01 -4.889649e-02 1.267985e-01 1.071086e+00 3.599970e-02 9.941247e-01 1.020792e-01 -6.979562e-02 -1.310449e-01 -9.656744e-02 9.866620e-01 2.704961e+00
7.439277e-01 -8.083444e-02 6.633531e-01 1.016833e+00 1.854989e-01 9.786259e-01 -8.877784e-02 -7.001337e-02 -6.419983e-01 1.890955e-01 7.430216e-01 3.127580e+00
9.913846e-01 5.953577e-02 1.166708e-01 9.759585e-01 -6.819529e-02 9.950929e-01 7.169005e-02 -7.099100e-02 -1.118302e-01 -7.902881e-02 9.905799e-01 3.595598e+00
6.676062e-01 -1.668312e-01 7.255821e-01 9.714441e-01 2.209921e-01 9.750525e-01 2.085696e-02 -7.596436e-02 -7.109602e-01 1.464237e-01 6.878195e-01 4.164116e+00
9.809977e-01 9.273926e-02 1.704202e-01 9.951457e-01 -8.922697e-02 9.956128e-01 -2.817124e-02 -8.269467e-02 -1.722851e-01 1.242984e-02 9.849687e-01 4.735088e+00
9.948994e-01 -9.951183e-02 1.650925e-02 4.609820e-01 9.842169e-02 9.934971e-01 5.724242e-02 -4.533515e-02 -2.209819e-02 -5.532558e-02 9.982238e-01 5.515421e+00
9.644226e-01 1.824073e-01 -1.913546e-01 -3.633412e-01 -2.001002e-01 9.767087e-01 -7.746028e-02 2.188560e-02 1.727684e-01 1.129946e-01 9.784597e-01 6.389424e+00
9.769328e-01 -1.311483e-01 1.685301e-01 -1.045393e+00 1.212651e-01 9.903088e-01 6.769933e-02 7.536220e-02 -1.757755e-01 -4.570087e-02 9.833689e-01 7.170077e+00
9.455067e-01 1.103430e-01 3.063356e-01 -1.484669e+00 -5.431298e-02 9.810938e-01 -1.857555e-01 1.016424e-01 -3.210408e-01 1.589950e-01 9.336238e-01 7.856514e+00
9.848460e-01 -1.113027e-01 1.330037e-01 -1.841588e+00 8.919898e-02 9.827630e-01 1.619271e-01 1.216065e-01 -1.487340e-01 -1.476095e-01 9.777984e-01 8.469243e+00
9.269672e-01 2.780661e-02 3.741103e-01 -2.050278e+00 5.335130e-02 9.773411e-01 -2.048365e-01 1.313255e-01 -3.713292e-01 2.098360e-01 9.044797e-01 8.952568e+00
9.909251e-01 2.367928e-02 -1.323131e-01 -2.395019e+00 6.704342e-03 9.744284e-01 2.245981e-01 1.543487e-01 1.342479e-01 -2.234470e-01 9.654268e-01 9.500302e+00
9.650909e-01 1.823875e-02 2.612794e-01 -2.821911e+00 4.575831e-02 9.704892e-01 -2.367635e-01 1.843536e-01 -2.578871e-01 2.404540e-01 9.357757e-01 1.006796e+01
9.837660e-01 -7.484932e-03 1.793001e-01 -3.180087e+00 -2.582230e-02 9.828281e-01 1.827077e-01 2.070507e-01 -1.775887e-01 -1.843715e-01 9.666796e-01 1.054921e+01
9.639745e-01 -7.908182e-02 2.539672e-01 -3.593743e+00 1.347002e-01 9.684389e-01 -2.097187e-01 2.345107e-01 -2.293667e-01 2.363729e-01 9.442027e-01 1.109839e+01
9.755252e-01 1.430730e-01 -1.669751e-01 -4.163191e+00 -1.054883e-01 9.707848e-01 2.155203e-01 2.779908e-01 1.929320e-01 -1.926315e-01 9.621176e-01 1.172306e+01
9.985162e-01 -4.714869e-02 2.724673e-02 -4.808477e+00 5.204744e-02 9.734512e-01 -2.228986e-01 3.312947e-01 -1.601398e-02 2.239860e-01 9.744608e-01 1.235563e+01
9.548458e-01 1.251853e-01 -2.694404e-01 -5.504815e+00 -6.455017e-02 9.726447e-01 2.231490e-01 3.906912e-01 2.900048e-01 -1.956804e-01 9.368065e-01 1.300251e+01
9.929049e-01 -9.121834e-03 1.185609e-01 -6.146177e+00 3.375577e-02 9.776581e-01 -2.074734e-01 4.436146e-01 -1.140195e-01 2.100035e-01 9.710294e-01 1.364470e+01
9.654110e-01 2.327038e-02 2.596924e-01 -6.595723e+00 -5.673126e-02 9.908941e-01 1.221079e-01 4.728585e-01 -2.544861e-01 -1.326170e-01 9.579403e-01 1.421765e+01
9.121805e-01 -1.403127e-01 3.850184e-01 -6.933611e+00 2.058305e-01 9.693140e-01 -1.344027e-01 4.915829e-01 -3.543453e-01 2.018480e-01 9.130700e-01 1.478136e+01
9.813410e-01 1.770024e-01 -7.509945e-02 -7.419357e+00 -1.701737e-01 9.813614e-01 8.927898e-02 5.263879e-01 8.950229e-02 -7.483317e-02 9.931714e-01 1.534392e+01
9.474205e-01 -1.547199e-01 2.801003e-01 -7.902816e+00 1.891191e-01 9.768384e-01 -1.001034e-01 5.622482e-01 -2.581248e-01 1.478123e-01 9.547372e-01 1.586549e+01
9.828661e-01 1.510941e-01 1.055692e-01 -8.309587e+00 -1.539260e-01 9.878965e-01 1.916626e-02 5.893548e-01 -1.013956e-01 -3.508772e-02 9.942272e-01 1.637113e+01
9.878453e-01 -1.553891e-01 -3.982163e-03 -8.816468e+00 1.551864e-01 9.873725e-01 -3.182474e-02 6.263317e-01 8.877096e-03 3.081994e-02 9.994855e-01 1.695692e+01
9.801001e-01 1.890071e-01 -6.066325e-02 -9.358271e+00 -1.886755e-01 9.819756e-01 1.120050e-02 6.708116e-01 6.168680e-02 4.680579e-04 9.980954e-01 1.747355e+01
9.857081e-01 -1.666929e-01 2.435397e-02 -9.877437e+00 1.672512e-01 9.856453e-01 -2.302897e-02 7.129451e-01 -2.016561e-02 2.677308e-02 9.994381e-01 1.797175e+01
9.773871e-01 1.927596e-01 -8.693784e-02 -1.039496e+01 -1.908850e-01 9.811701e-01 2.946335e-02 7.549211e-01 9.098016e-02 -1.220197e-02 9.957779e-01 1.848226e+01
9.790508e-01 -1.480937e-01 -1.397415e-01 -1.090254e+01 1.459403e-01 9.889623e-01 -2.559101e-02 7.983969e-01 1.419890e-01 4.660979e-03 9.898573e-01 1.897567e+01
9.614533e-01 2.027801e-01 -1.857091e-01 -1.142326e+01 -1.926680e-01 9.786802e-01 7.116295e-02 8.455462e-01 1.961803e-01 -3.263965e-02 9.800245e-01 1.941288e+01
9.807972e-01 -1.382766e-01 -1.375368e-01 -1.187806e+01 1.307649e-01 9.894558e-01 -6.227202e-02 8.874071e-01 1.446974e-01 4.309123e-02 9.885372e-01 1.981021e+01
9.716435e-01 1.803441e-01 -1.529213e-01 -1.233338e+01 -1.651370e-01 9.804484e-01 1.070077e-01 9.294634e-01 1.692297e-01 -7.872035e-02 9.824278e-01 2.018964e+01
9.750480e-01 -1.547398e-01 1.591757e-01 -1.269292e+01 1.724187e-01 9.795242e-01 -1.039425e-01 9.598217e-01 -1.398324e-01 1.287938e-01 9.817632e-01 2.050098e+01
9.845785e-01 1.604544e-01 -6.971096e-02 -1.304305e+01 -1.537544e-01 9.837493e-01 9.271959e-02 9.872523e-01 8.345537e-02 -8.057134e-02 9.932489e-01 2.083793e+01
9.576925e-01 -1.611089e-01 2.384724e-01 -1.344354e+01 1.840022e-01 9.799108e-01 -7.692813e-02 1.016781e+00 -2.212879e-01 1.175529e-01 9.680976e-01 2.128277e+01
8.985653e-01 2.244036e-01 -3.771253e-01 -1.402889e+01 -1.737386e-01 9.710642e-01 1.638574e-01 1.065787e+00 4.029830e-01 -8.171538e-02 9.115521e-01 2.184278e+01
9.849191e-01 -1.004770e-01 1.408499e-01 -1.463745e+01 1.245246e-01 9.768569e-01 -1.739086e-01 1.120567e+00 -1.201164e-01 1.888252e-01 9.746369e-01 2.231711e+01
9.632850e-01 1.379389e-01 -2.303366e-01 -1.502604e+01 -9.834562e-02 9.795832e-01 1.753423e-01 1.155404e+00 2.498203e-01 -1.462520e-01 9.571834e-01 2.261499e+01
9.002512e-01 -1.220330e-01 4.179184e-01 -1.526947e+01 2.016124e-01 9.676390e-01 -1.517472e-01 1.173890e+00 -3.858760e-01 2.208681e-01 8.957215e-01 2.283876e+01
6.815061e-01 2.978880e-01 -6.684401e-01 -1.573691e+01 -7.780926e-02 9.377214e-01 3.385620e-01 1.213803e+00 7.276642e-01 -1.787213e-01 6.622413e-01 2.338116e+01
9.227076e-01 -1.794499e-02 3.850826e-01 -1.626202e+01 1.258568e-01 9.582035e-01 -2.569165e-01 1.265271e+00 -3.643771e-01 2.855241e-01 8.864002e-01 2.389509e+01
7.726159e-01 1.743635e-01 -6.104605e-01 -1.670346e+01 2.806811e-02 9.512250e-01 3.072185e-01 1.307395e+00 6.342529e-01 -2.544964e-01 7.300375e-01 2.421117e+01
9.309282e-01 9.279767e-02 3.532155e-01 -1.725562e+01 2.011691e-02 9.526795e-01 -3.033101e-01 1.359175e+00 -3.646477e-01 2.894656e-01 8.850095e-01 2.460463e+01
8.588211e-01 3.877694e-02 -5.108058e-01 -1.771237e+01 1.108955e-01 9.594140e-01 2.592815e-01 1.399820e+00 5.001284e-01 -2.793225e-01 8.196649e-01 2.495822e+01
8.987867e-01 1.437879e-01 4.141347e-01 -1.819690e+01 -1.011359e-02 9.512295e-01 -3.083183e-01 1.441460e+00 -4.382696e-01 2.729240e-01 8.564066e-01 2.535750e+01
9.209867e-01 -3.176578e-02 -3.882968e-01 -1.856087e+01 1.340299e-01 9.616682e-01 2.392285e-01 1.470877e+00 3.658134e-01 -2.723697e-01 8.899412e-01 2.568298e+01
9.646372e-01 1.421641e-01 2.219560e-01 -1.895333e+01 -8.878148e-02 9.681179e-01 -2.342341e-01 1.506257e+00 -2.481792e-01 2.062453e-01 9.465041e-01 2.600304e+01
7.622971e-01 -1.229735e-02 -6.471104e-01 -1.958779e+01 1.338271e-01 9.812078e-01 1.390022e-01 1.566548e+00 6.332404e-01 -1.925619e-01 7.496176e-01 2.645325e+01
9.072351e-01 2.077458e-01 3.657406e-01 -2.012521e+01 -1.359397e-01 9.676709e-01 -2.124463e-01 1.617077e+00 -3.980514e-01 1.430201e-01 9.061459e-01 2.681536e+01
8.042836e-01 -1.125350e-01 -5.834927e-01 -2.056971e+01 2.006752e-01 9.756576e-01 8.844007e-02 1.658001e+00 5.593365e-01 -1.882234e-01 8.072884e-01 2.713573e+01
8.671338e-01 2.255019e-01 4.441035e-01 -2.098500e+01 -1.604508e-01 9.705775e-01 -1.795409e-01 1.694890e+00 -4.715237e-01 8.442922e-02 8.778025e-01 2.746735e+01
9.501387e-01 -2.839739e-01 -1.288230e-01 -2.099516e+01 2.969032e-01 9.501328e-01 9.537345e-02 1.708590e+00 9.531538e-02 -1.288660e-01 9.870707e-01 2.761044e+01
8.959126e-01 2.290283e-01 3.806398e-01 -2.117352e+01 -1.505924e-01 9.626979e-01 -2.247990e-01 1.723118e+00 -4.179265e-01 1.440788e-01 8.969831e-01 2.780353e+01
9.426182e-01 -1.937736e-01 -2.718874e-01 -2.145959e+01 2.384893e-01 9.606852e-01 1.421503e-01 1.745610e+00 2.336532e-01 -1.988357e-01 9.517723e-01 2.804474e+01
9.312463e-01 2.414800e-01 2.728879e-01 -2.185984e+01 -1.842965e-01 9.581694e-01 -2.189663e-01 1.777808e+00 -3.143488e-01 1.536193e-01 9.367956e-01 2.843633e+01
9.301597e-01 -1.801140e-01 -3.199405e-01 -2.231317e+01 2.310716e-01 9.643610e-01 1.288946e-01 1.815370e+00 2.853224e-01 -1.938217e-01 9.386289e-01 2.884460e+01
9.478242e-01 2.565740e-01 1.892066e-01 -2.278053e+01 -2.192818e-01 9.555157e-01 -1.972443e-01 1.856833e+00 -2.313976e-01 1.454633e-01 9.619228e-01 2.920856e+01
9.661614e-01 -2.522788e-01 -5.373607e-02 -2.308631e+01 2.570306e-01 9.590992e-01 1.185919e-01 1.881594e+00 2.161999e-02 -1.283908e-01 9.914880e-01 2.950323e+01
9.587021e-01 1.135557e-02 2.841853e-01 -2.181665e+01 5.936847e-02 9.692010e-01 -2.390078e-01 1.920096e+00 -2.781467e-01 2.460090e-01 9.285009e-01 2.878151e+01
9.926058e-01 -1.186334e-01 2.568556e-02 -2.141491e+01 1.093761e-01 9.659320e-01 2.345468e-01 1.934034e+00 -5.263559e-02 -2.300031e-01 9.717654e-01 2.862625e+01
9.294426e-01 4.496971e-02 3.662160e-01 -2.163430e+01 6.655113e-02 9.558330e-01 -2.862763e-01 1.947796e+00 -3.629151e-01 2.904495e-01 8.853992e-01 2.895341e+01
9.658596e-01 -8.836054e-02 2.435317e-01 -2.160191e+01 2.985921e-02 9.717410e-01 2.341533e-01 1.954442e+00 -2.573397e-01 -2.188876e-01 9.412038e-01 2.909797e+01
9.892210e-01 -9.252696e-02 1.134924e-01 -2.162219e+01 1.165104e-01 9.668302e-01 -2.272988e-01 1.964926e+00 -8.869664e-02 2.380718e-01 9.671891e-01 2.919997e+01
8.654274e-01 5.901704e-02 4.975464e-01 -2.181635e+01 -1.204204e-01 9.884308e-01 9.221425e-02 1.975101e+00 -4.863480e-01 -1.397195e-01 8.625220e-01 2.961411e+01
6.979026e-01 -2.983882e-01 6.510733e-01 -2.152974e+01 3.487191e-01 9.356126e-01 5.499194e-02 1.965364e+00 -6.255613e-01 1.886627e-01 7.570201e-01 2.990282e+01
9.615333e-01 1.673590e-01 2.178180e-01 -2.136948e+01 -1.477851e-01 9.836033e-01 -1.033640e-01 1.959604e+00 -2.315454e-01 6.719771e-02 9.705005e-01 3.012393e+01
7.802388e-01 -3.569348e-02 -6.244625e-01 -2.172305e+01 1.555645e-01 9.780731e-01 1.384657e-01 1.994472e+00 6.058276e-01 -2.051805e-01 7.686832e-01 3.077152e+01
9.692416e-01 2.295216e-01 8.882871e-02 -2.217706e+01 -2.181784e-01 9.683275e-01 -1.214085e-01 2.047239e+00 -1.138812e-01 9.829367e-02 9.886200e-01 3.141464e+01
9.332614e-01 -2.873949e-01 2.154700e-01 -2.225250e+01 2.461598e-01 9.485747e-01 1.990261e-01 2.050743e+00 -2.615885e-01 -1.327033e-01 9.560132e-01 3.171602e+01
8.507592e-01 1.266849e-01 5.100585e-01 -2.223959e+01 5.427901e-02 9.441429e-01 -3.250353e-01 2.049660e+00 -5.227452e-01 3.042123e-01 7.963620e-01 3.203737e+01
6.336662e-01 -1.506708e-01 7.587921e-01 -2.183963e+01 -7.581446e-02 9.640337e-01 2.547375e-01 2.037212e+00 -7.698827e-01 -2.189459e-01 5.994526e-01 3.232111e+01
9.440112e-01 -1.781822e-01 -2.776581e-01 -2.214492e+01 9.295022e-02 9.511609e-01 -2.943690e-01 2.055428e+00 3.165489e-01 2.520793e-01 9.144686e-01 3.284785e+01
8.283908e-01 1.378932e-01 5.429127e-01 -2.264653e+01 -2.398491e-01 9.631989e-01 1.213275e-01 2.090299e+00 -5.062027e-01 -2.307237e-01 8.309786e-01 3.348792e+01
8.834676e-01 -2.467860e-01 -3.982232e-01 -2.312679e+01 1.666005e-01 9.599428e-01 -2.252866e-01 2.125640e+00 4.378691e-01 1.326892e-01 8.891930e-01 3.406590e+01
5.722655e-01 2.057699e-01 7.938331e-01 -2.340723e+01 -2.223693e-01 9.706776e-01 -9.130630e-02 2.143746e+00 -7.893441e-01 -1.242727e-01 6.012422e-01 3.453724e+01
7.243714e-01 -4.376018e-01 5.327201e-01 -2.270967e+01 3.231823e-01 8.980963e-01 2.982890e-01 2.130049e+00 -6.089658e-01 -4.390632e-02 7.919804e-01 3.486788e+01
8.829176e-01 1.361863e-01 4.493438e-01 -2.257067e+01 3.797529e-02 9.331640e-01 -3.574394e-01 2.127099e+00 -4.679898e-01 3.326535e-01 8.187351e-01 3.531777e+01
8.961208e-01 3.418002e-02 -4.424920e-01 -2.307505e+01 1.148119e-01 9.452360e-01 3.055275e-01 2.167661e+00 4.287023e-01 -3.245929e-01 8.431214e-01 3.579645e+01
8.553436e-01 1.430484e-01 4.979202e-01 -2.352982e+01 6.124303e-02 9.264628e-01 -3.713705e-01 2.202904e+00 -5.144284e-01 3.481435e-01 7.836833e-01 3.623897e+01
8.786368e-01 4.756003e-02 -4.751162e-01 -2.394595e+01 1.246379e-01 9.376871e-01 3.243582e-01 2.237404e+00 4.609368e-01 -3.442105e-01 8.179587e-01 3.660983e+01
6.446324e-01 1.352736e-01 7.524295e-01 -2.422489e+01 2.301515e-01 9.042213e-01 -3.597418e-01 2.254413e+00 -7.290263e-01 4.050740e-01 5.517569e-01 3.697963e+01
8.524267e-01 1.678481e-01 -4.951723e-01 -2.452876e+01 5.514141e-02 9.129278e-01 4.043789e-01 2.275179e+00 5.199308e-01 -3.720079e-01 7.689487e-01 3.739838e+01
2.454653e-01 1.170426e-02 9.693347e-01 -2.452009e+01 5.407280e-01 8.282662e-01 -1.469299e-01 2.278156e+00 -8.045869e-01 5.602126e-01 1.969818e-01 3.757270e+01
7.032281e-01 4.388403e-01 -5.593652e-01 -2.470535e+01 -1.860690e-01 8.729481e-01 4.509324e-01 2.291237e+00 6.861841e-01 -2.130278e-01 6.955362e-01 3.785213e+01
3.266790e-01 -1.539085e-01 9.325197e-01 -2.503771e+01 5.534794e-01 8.309270e-01 -5.675309e-02 2.312096e+00 -7.661210e-01 5.346705e-01 3.566315e-01 3.828100e+01
7.140148e-01 4.857922e-01 -5.041714e-01 -2.531872e+01 -3.326544e-01 8.690284e-01 3.662387e-01 2.328000e+00 6.160551e-01 -9.378503e-02 7.821000e-01 3.881146e+01
3.955040e-01 -3.143351e-01 8.630006e-01 -2.551557e+01 5.458195e-01 8.361346e-01 5.440629e-02 2.342777e+00 -7.386864e-01 4.495246e-01 5.022648e-01 3.916756e+01
5.872702e-01 5.019335e-01 -6.349618e-01 -2.568745e+01 -3.556602e-01 8.647276e-01 3.546153e-01 2.359742e+00 7.270623e-01 1.757560e-02 6.863465e-01 3.934692e+01
7.129678e-01 -3.369405e-01 6.149375e-01 -2.617294e+01 4.698391e-01 8.805538e-01 -6.225984e-02 2.403040e+00 -5.205076e-01 3.333109e-01 7.861143e-01 3.973890e+01
6.574179e-01 4.625258e-01 -5.948711e-01 -2.669044e+01 -3.442716e-01 8.866041e-01 3.088854e-01 2.447151e+00 6.702826e-01 1.730479e-03 7.421039e-01 4.017370e+01
5.834536e-01 -3.233653e-01 7.449945e-01 -2.711532e+01 4.600256e-01 8.875545e-01 2.496770e-02 2.479416e+00 -6.692969e-01 3.281490e-01 6.666032e-01 4.061811e+01
6.778257e-01 4.247914e-01 -6.000872e-01 -2.752322e+01 -3.561043e-01 9.037561e-01 2.375175e-01 2.509517e+00 6.432279e-01 5.269810e-02 7.638592e-01 4.106434e+01
2.336763e-01 -3.296456e-01 9.147290e-01 -2.771647e+01 4.107650e-01 8.861695e-01 2.144195e-01 2.517723e+00 -8.812874e-01 3.256339e-01 3.424837e-01 4.148082e+01
9.716805e-01 2.360578e-01 -1.066147e-02 -2.737955e+01 -2.342317e-01 9.562469e-01 -1.752923e-01 2.504556e+00 -3.118411e-02 1.728253e-01 9.844587e-01 4.185329e+01
3.261805e-01 -3.481040e-01 8.788799e-01 -2.710540e+01 7.256898e-02 9.362064e-01 3.438770e-01 2.490353e+00 -9.425179e-01 -4.838656e-02 3.306338e-01 4.224993e+01
9.937324e-01 -1.005339e-01 -4.887678e-02 -2.655391e+01 8.228217e-02 9.538017e-01 -2.889497e-01 2.483699e+00 7.566799e-02 2.831170e-01 9.560958e-01 4.247580e+01
2.713560e-01 -4.842246e-02 9.612602e-01 -2.562913e+01 -1.015317e-01 9.917210e-01 7.861845e-02 2.484012e+00 -9.571088e-01 -1.189319e-01 2.641930e-01 4.245472e+01
9.550506e-01 -2.915654e-01 -5.355369e-02 -2.515221e+01 2.904103e-01 9.564810e-01 -2.838767e-02 2.475793e+00 5.949995e-02 1.155911e-02 9.981614e-01 4.265779e+01
3.870167e-01 1.596031e-01 9.081547e-01 -2.476136e+01 8.253368e-02 9.749562e-01 -2.065154e-01 2.469406e+00 -9.183715e-01 1.548783e-01 3.641517e-01 4.282420e+01
8.735645e-01 -1.918019e-02 -4.863303e-01 -2.485192e+01 1.389463e-01 9.674675e-01 2.114249e-01 2.475495e+00 4.664536e-01 -2.522671e-01 8.478103e-01 4.316371e+01
2.059714e-01 1.434517e-01 9.679863e-01 -2.494216e+01 3.240941e-01 9.233682e-01 -2.058013e-01 2.476772e+00 -9.233303e-01 3.561078e-01 1.436956e-01 4.358030e+01
7.257785e-01 2.499005e-01 -6.409332e-01 -2.513296e+01 1.433742e-02 9.259885e-01 3.772793e-01 2.486802e+00 6.877791e-01 -2.830105e-01 6.684796e-01 4.403097e+01
9.150627e-01 5.180564e-02 3.999705e-01 -2.563531e+01 9.158708e-02 9.391147e-01 -3.311728e-01 2.538831e+00 -3.927747e-01 3.396761e-01 8.546041e-01 4.448029e+01
6.491766e-01 1.507149e-01 -7.455567e-01 -2.606075e+01 1.169270e-01 9.487496e-01 2.936021e-01 2.589942e+00 7.515969e-01 -2.777753e-01 5.982834e-01 4.489849e+01
-3.714111e-01 1.967342e-01 9.073860e-01 -2.597770e+01 5.008503e-01 8.653593e-01 1.738573e-02 2.583145e+00 -7.817946e-01 4.609218e-01 -4.199385e-01 4.522042e+01
5.578431e-01 4.350005e-01 -7.068137e-01 -2.589123e+01 -1.138551e-01 8.836962e-01 4.540022e-01 2.578982e+00 8.220998e-01 -1.727876e-01 5.424909e-01 4.549118e+01
-9.484694e-04 -6.364641e-02 9.979721e-01 -2.613932e+01 5.527833e-01 8.316020e-01 5.356140e-02 2.591808e+00 -8.333245e-01 5.517131e-01 3.439392e-02 4.586563e+01
6.387368e-01 4.475695e-01 -6.258569e-01 -2.627182e+01 -2.958874e-01 8.937399e-01 3.371642e-01 2.597251e+00 7.102577e-01 -3.017597e-02 7.032947e-01 4.620363e+01
2.854396e-01 -3.070885e-01 9.078661e-01 -2.651197e+01 4.893138e-01 8.612062e-01 1.374619e-01 2.612960e+00 -8.240729e-01 4.049944e-01 3.960851e-01 4.656652e+01
2.002828e-01 4.989721e-01 -8.431570e-01 -2.705973e+01 -2.976356e-01 8.509088e-01 4.328594e-01 2.658713e+00 9.334344e-01 1.642592e-01 3.189342e-01 4.708830e+01
3.832997e-01 -2.485403e-01 8.895555e-01 -2.756318e+01 4.807036e-01 8.760748e-01 3.764389e-02 2.707539e+00 -7.886732e-01 4.131837e-01 4.552734e-01 4.740530e+01
4.188030e-01 4.262516e-01 -8.018189e-01 -2.777188e+01 -2.557305e-01 9.026103e-01 3.462607e-01 2.732787e+00 8.713242e-01 6.003449e-02 4.870215e-01 4.747735e+01
-4.750234e-01 -2.036047e-01 8.560946e-01 -2.746246e+01 3.831822e-01 8.279266e-01 4.095228e-01 2.731336e+00 -7.921642e-01 5.225731e-01 -3.152668e-01 4.757619e+01
5.975475e-01 3.047870e-01 -7.416481e-01 -2.716038e+01 -3.694865e-01 9.255516e-01 8.266772e-02 2.725935e+00 7.116296e-01 2.246310e-01 6.656758e-01 4.778191e+01
-3.970761e-01 -3.248290e-01 8.583803e-01 -2.705076e+01 1.250963e-01 9.073891e-01 4.012429e-01 2.724495e+00 -9.092203e-01 2.667042e-01 -3.196676e-01 4.808097e+01
4.582962e-01 5.303697e-02 -8.872157e-01 -2.716265e+01 -2.578158e-01 9.632323e-01 -7.559501e-02 2.729975e+00 8.505854e-01 2.633831e-01 4.551195e-01 4.846610e+01
7.875903e-01 -2.355459e-01 5.694029e-01 -2.807484e+01 5.469711e-02 9.471326e-01 3.161457e-01 2.805960e+00 -6.137669e-01 -2.178486e-01 7.588361e-01 4.947184e+01
5.218059e-01 4.198368e-02 -8.520305e-01 -2.900431e+01 -4.450422e-01 8.654938e-01 -2.299085e-01 2.887647e+00 7.277747e-01 4.991571e-01 4.703043e-01 5.050271e+01
-5.068548e-02 -4.089719e-01 9.111383e-01 -2.929412e+01 -1.795862e-01 9.011725e-01 3.945085e-01 2.904663e+00 -9.824356e-01 -1.436320e-01 -1.191221e-01 5.103662e+01
4.360639e-01 -2.944797e-01 -8.503705e-01 -2.966896e+01 -2.205659e-01 8.811490e-01 -4.182429e-01 2.926278e+00 8.724671e-01 3.699434e-01 3.192851e-01 5.160983e+01
-5.317952e-01 -1.637848e-01 8.308841e-01 -2.948250e+01 -3.231625e-01 9.461250e-01 -2.033416e-02 2.919945e+00 -7.827898e-01 -2.793242e-01 -5.560739e-01 5.197202e+01
4.079418e-01 -3.629293e-01 -8.377743e-01 -2.924961e+01 3.273033e-01 9.147418e-01 -2.368966e-01 2.909547e+00 8.523239e-01 -1.775662e-01 4.919494e-01 5.238840e+01
-6.575956e-01 4.219145e-01 6.241444e-01 -2.889848e+01 2.550070e-01 9.042220e-01 -3.425697e-01 2.895688e+00 -7.089002e-01 -6.611114e-02 -7.022035e-01 5.280629e+01
4.476832e-01 2.402415e-01 -8.613151e-01 -2.864778e+01 3.628332e-01 8.315673e-01 4.205329e-01 2.887089e+00 8.172710e-01 -5.007792e-01 2.851111e-01 5.317674e+01
-7.296574e-02 3.744283e-01 9.243806e-01 -2.877102e+01 5.593362e-01 7.827312e-01 -2.729009e-01 2.892887e+00 -8.257233e-01 4.971272e-01 -2.665439e-01 5.362364e+01
3.220763e-01 5.059539e-01 -8.001734e-01 -2.902021e+01 1.846754e-01 7.953976e-01 5.772674e-01 2.907645e+00 9.285267e-01 -3.336966e-01 1.627415e-01 5.400365e+01
-4.588815e-01 2.678148e-01 8.471735e-01 -2.900947e+01 6.948674e-01 7.023802e-01 1.543415e-01 2.910302e+00 -5.537030e-01 6.594978e-01 -5.084050e-01 5.437111e+01
5.991350e-01 6.202051e-01 -5.063428e-01 -2.857298e+01 -4.368181e-01 7.832095e-01 4.424622e-01 2.898720e+00 6.709898e-01 -4.391489e-02 7.401650e-01 5.471752e+01
-1.377054e-01 -4.606578e-01 8.768304e-01 -2.852927e+01 5.672417e-01 6.890315e-01 4.510792e-01 2.908332e+00 -8.119570e-01 5.594908e-01 1.664210e-01 5.503384e+01
-4.990710e-01 5.101749e-01 -7.004639e-01 -2.913869e+01 -2.948294e-01 6.601370e-01 6.908652e-01 2.968341e+00 8.148643e-01 5.513081e-01 -1.790407e-01 5.557685e+01
-2.877751e-01 -3.342898e-01 8.974608e-01 -2.960893e+01 5.889470e-01 6.771863e-01 4.410898e-01 3.008301e+00 -7.551999e-01 6.554915e-01 2.001539e-03 5.608143e+01
1.753118e-02 5.417461e-01 -8.403594e-01 -2.994984e+01 -5.438504e-01 7.104442e-01 4.466494e-01 3.031291e+00 8.389990e-01 4.491995e-01 3.070838e-01 5.657703e+01
-5.517040e-01 -4.695185e-01 6.893294e-01 -3.017558e+01 2.289767e-01 7.094711e-01 6.664987e-01 3.044059e+00 -8.019927e-01 5.255504e-01 -2.839093e-01 5.706495e+01
-5.671641e-01 2.093642e-01 -7.965497e-01 -3.054126e+01 -4.710231e-01 7.109185e-01 5.222376e-01 3.074039e+00 6.756198e-01 6.713878e-01 -3.045921e-01 5.745067e+01
-7.205056e-01 -4.491744e-01 5.283124e-01 -3.080155e+01 7.485598e-02 7.070310e-01 7.032096e-01 3.090439e+00 -6.893970e-01 5.462138e-01 -4.757964e-01 5.787179e+01
-7.166445e-01 7.026672e-02 -6.938899e-01 -3.116744e+01 -4.602420e-01 6.998814e-01 5.462081e-01 3.118656e+00 5.240209e-01 7.107943e-01 -4.692265e-01 5.831005e+01
-8.106989e-01 -4.344097e-01 3.924989e-01 -3.150397e+01 -4.662684e-02 7.161846e-01 6.963516e-01 3.141558e+00 -5.836036e-01 5.462305e-01 -6.008653e-01 5.874429e+01
-8.746479e-01 -6.820045e-02 -4.799372e-01 -3.198920e+01 -3.904014e-01 6.860025e-01 6.139929e-01 3.180540e+00 2.873635e-01 7.243958e-01 -6.266362e-01 5.928778e+01
-7.142764e-01 -4.592894e-01 5.280743e-01 -3.262500e+01 9.140798e-02 6.868531e-01 7.210252e-01 3.235288e+00 -6.938687e-01 5.632815e-01 -4.486203e-01 5.991317e+01
-9.084203e-01 1.605163e-02 -4.177498e-01 -3.330254e+01 -3.084892e-01 6.486636e-01 6.957513e-01 3.292743e+00 2.821470e-01 7.609059e-01 -5.843074e-01 6.060135e+01
-8.078558e-01 -3.709490e-01 4.580021e-01 -3.389013e+01 1.174470e-01 6.601849e-01 7.418639e-01 3.341146e+00 -5.775598e-01 6.531100e-01 -4.897673e-01 6.127691e+01
-8.346781e-01 9.870264e-02 -5.418213e-01 -3.434594e+01 -3.637978e-01 6.398003e-01 6.769835e-01 3.376316e+00 4.134775e-01 7.621767e-01 -4.981195e-01 6.183398e+01
-7.723799e-01 -4.054494e-01 4.889172e-01 -3.491146e+01 1.330802e-01 6.493647e-01 7.487424e-01 3.422175e+00 -6.210627e-01 6.433788e-01 -4.475990e-01 6.242987e+01
-7.114490e-01 5.411620e-02 -7.006510e-01 -3.546616e+01 -4.965918e-01 6.667437e-01 5.557423e-01 3.466045e+00 4.972293e-01 7.433198e-01 -4.474805e-01 6.308730e+01
-6.920815e-01 -5.247548e-01 4.956365e-01 -3.593863e+01 5.163113e-02 6.489012e-01 7.591189e-01 3.501533e+00 -7.199704e-01 5.509624e-01 -4.219988e-01 6.367351e+01
-8.862674e-01 -1.218375e-02 -4.630137e-01 -3.658243e+01 -3.749686e-01 6.057031e-01 7.017994e-01 3.557174e+00 2.718983e-01 7.955975e-01 -5.413834e-01 6.430251e+01
-8.355777e-01 -4.126979e-01 3.626159e-01 -3.707676e+01 2.744285e-02 6.278754e-01 7.778299e-01 3.596906e+00 -5.486864e-01 6.598885e-01 -5.133131e-01 6.486172e+01
-8.212737e-01 3.151197e-02 -5.696636e-01 -3.746311e+01 -4.343320e-01 6.129107e-01 6.600728e-01 3.625373e+00 3.699531e-01 7.895235e-01 -4.896808e-01 6.535805e+01
-7.950021e-01 -4.528976e-01 4.035534e-01 -3.787630e+01 4.138399e-02 6.232202e-01 7.809506e-01 3.657875e+00 -6.051934e-01 6.375581e-01 -4.767187e-01 6.582642e+01
-7.611347e-01 4.915459e-02 -6.467286e-01 -3.818556e+01 -4.895115e-01 6.106164e-01 6.225159e-01 3.679239e+00 4.255026e-01 7.903995e-01 -4.406996e-01 6.628504e+01
-6.710002e-01 -5.360204e-01 5.122898e-01 -3.858539e+01 1.487093e-01 5.795936e-01 8.012221e-01 3.711239e+00 -7.263913e-01 6.138024e-01 -3.091962e-01 6.678307e+01
-7.489656e-01 1.194822e-01 -6.517473e-01 -3.901088e+01 -4.921465e-01 5.582933e-01 6.679075e-01 3.745548e+00 4.436692e-01 8.209949e-01 -3.593398e-01 6.728951e+01
-8.252945e-01 -4.852910e-01 2.887587e-01 -3.927809e+01 -3.894626e-02 5.590435e-01 8.282231e-01 3.762116e+00 -5.633579e-01 6.722819e-01 -4.802758e-01 6.775927e+01
-6.181426e-01 -2.248525e-02 -7.857443e-01 -3.955429e+01 -6.458608e-01 5.843061e-01 4.913758e-01 3.778442e+00 4.480665e-01 8.112218e-01 -3.757068e-01 6.824907e+01
-6.896116e-01 -6.371388e-01 3.442236e-01 -3.994626e+01 -1.532439e-01 5.929544e-01 7.905197e-01 3.805423e+00 -7.077797e-01 4.924014e-01 -5.065459e-01 6.877698e+01
-5.869046e-01 -1.786455e-01 -7.897017e-01 -4.041759e+01 -7.059679e-01 5.904666e-01 3.910990e-01 3.838884e+00 3.964244e-01 7.870419e-01 -4.726656e-01 6.938428e+01
-6.396392e-01 -7.018623e-01 3.134503e-01 -4.086982e+01 -3.098965e-01 6.086323e-01 7.304319e-01 3.870387e+00 -7.034386e-01 3.700757e-01 -6.068098e-01 6.997536e+01
-5.022856e-01 -3.272806e-01 -8.003727e-01 -4.130180e+01 -7.581413e-01 6.118211e-01 2.256028e-01 3.899889e+00 4.158495e-01 7.201127e-01 -5.554340e-01 7.056585e+01
-6.709484e-01 -7.195668e-01 1.790303e-01 -4.160292e+01 -5.864619e-01 6.627061e-01 4.657070e-01 3.915022e+00 -4.537517e-01 2.074709e-01 -8.666402e-01 7.114183e+01
-9.223102e-02 -5.864853e-01 -8.046915e-01 -4.164219e+01 -4.882743e-01 7.309431e-01 -4.767707e-01 3.910188e+00 8.678028e-01 3.489371e-01 -3.537813e-01 7.169020e+01
-5.118826e-01 -4.283060e-01 7.446678e-01 -4.193252e+01 -6.335304e-01 7.736595e-01 9.493847e-03 3.925507e+00 -5.801856e-01 -4.669100e-01 -6.673677e-01 7.222088e+01
3.769763e-02 -6.637376e-01 -7.470149e-01 -4.201522e+01 1.803880e-01 7.397856e-01 -6.482110e-01 3.925376e+00 9.828729e-01 -1.103165e-01 1.476185e-01 7.273788e+01
-7.321809e-01 2.791800e-01 6.212646e-01 -4.206269e+01 -2.036346e-01 7.806888e-01 -5.908112e-01 3.923638e+00 -6.499570e-01 -5.590916e-01 -5.147547e-01 7.327030e+01
-1.292913e-02 -2.188060e-01 -9.756827e-01 -4.217108e+01 6.913426e-01 7.030061e-01 -1.668169e-01 3.924373e+00 7.224114e-01 -6.766878e-01 1.421806e-01 7.384527e+01
-5.527089e-01 7.794277e-01 2.949666e-01 -4.209501e+01 6.481413e-01 6.245202e-01 -4.357607e-01 3.914413e+00 -5.238565e-01 -4.966882e-02 -8.503572e-01 7.444329e+01
1.626480e-01 6.162571e-01 -7.705666e-01 -4.221088e+01 5.901509e-01 5.651140e-01 5.765138e-01 3.915325e+00 7.907387e-01 -5.485193e-01 -2.717700e-01 7.503866e+01
-2.914296e-01 6.547046e-01 6.974458e-01 -4.242847e+01 8.785645e-01 4.716039e-01 -7.559222e-02 3.924983e+00 -3.784087e-01 5.907213e-01 -7.126395e-01 7.553625e+01
1.506355e-01 8.514679e-01 -5.023061e-01 -4.254284e+01 1.436145e-01 4.838659e-01 8.632778e-01 3.927743e+00 9.781022e-01 -2.021787e-01 -4.939568e-02 7.595520e+01
-4.250340e-01 2.203935e-01 8.779367e-01 -4.266532e+01 8.658120e-01 3.819055e-01 3.232921e-01 3.934041e+00 -2.640374e-01 8.975382e-01 -3.531421e-01 7.623357e+01
-3.018293e-01 8.691556e-01 -3.917494e-01 -4.294018e+01 -8.050448e-03 4.085753e-01 9.126891e-01 3.954779e+00 9.533280e-01 2.786300e-01 -1.163229e-01 7.655268e+01
-4.235301e-01 2.463669e-02 9.055470e-01 -4.335205e+01 8.253654e-01 4.224880e-01 3.745342e-01 3.985703e+00 -3.733554e-01 9.060336e-01 -1.992706e-01 7.699757e+01
-1.689195e-01 8.048831e-01 -5.688843e-01 -4.368680e+01 -3.589991e-01 4.872875e-01 7.960343e-01 4.005458e+00 9.179248e-01 3.386947e-01 2.066399e-01 7.753654e+01
-4.862960e-01 -3.173151e-01 8.141421e-01 -4.404338e+01 6.600590e-01 4.771368e-01 5.802264e-01 4.028920e+00 -5.725718e-01 8.195435e-01 -2.258299e-02 7.806699e+01
-4.557879e-01 6.338287e-01 -6.249149e-01 -4.450221e+01 -3.760922e-01 4.991904e-01 7.806174e-01 4.064852e+00 8.067293e-01 5.908216e-01 1.085304e-02 7.853834e+01
-6.778541e-01 -3.295107e-01 6.572187e-01 -4.485548e+01 4.442936e-01 5.286380e-01 7.232876e-01 4.088770e+00 -5.857619e-01 7.822816e-01 -2.119400e-01 7.901388e+01
-4.402486e-01 4.462785e-01 -7.791127e-01 -4.520426e+01 -5.455031e-01 5.562779e-01 6.268822e-01 4.109512e+00 7.131673e-01 7.009924e-01 -1.454289e-03 7.961004e+01
-6.388505e-01 -5.170866e-01 5.696416e-01 -4.560677e+01 2.324628e-01 5.760823e-01 7.836391e-01 4.134808e+00 -7.333697e-01 6.330487e-01 -2.478270e-01 8.021308e+01
-2.040354e-01 1.811089e-01 -9.620650e-01 -4.606171e+01 -7.429425e-01 6.113118e-01 2.726433e-01 4.165988e+00 6.374999e-01 7.703878e-01 9.824278e-03 8.090635e+01
-5.587012e-01 -6.806479e-01 4.738896e-01 -4.639268e+01 -2.741210e-01 6.908212e-01 6.690468e-01 4.197121e+00 -7.827583e-01 2.438942e-01 -5.725426e-01 8.160054e+01
1.377386e-01 -3.256213e-01 -9.354137e-01 -4.648790e+01 -5.699218e-01 7.463512e-01 -3.437282e-01 4.198061e+00 8.100724e-01 5.804573e-01 -8.277735e-02 8.212654e+01
-5.885255e-01 -5.287907e-01 6.115702e-01 -4.650686e+01 -5.605438e-01 8.119923e-01 1.626627e-01 4.193933e+00 -5.826048e-01 -2.470807e-01 -7.742885e-01 8.268795e+01
-3.481330e-01 -5.696431e-01 -7.445201e-01 -4.682294e+01 -3.642815e-01 8.139898e-01 -4.524596e-01 4.211997e+00 8.637722e-01 1.136988e-01 -4.908872e-01 8.324475e+01
-6.747666e-01 -3.127061e-01 6.685095e-01 -4.713691e+01 -5.256053e-01 8.394873e-01 -1.378412e-01 4.230081e+00 -5.181014e-01 -4.443827e-01 -7.308180e-01 8.377542e+01
-4.851799e-01 -5.343930e-01 -6.921160e-01 -4.750633e+01 -1.170773e-01 8.240936e-01 -5.542226e-01 4.253506e+00 8.665411e-01 -1.878666e-01 -4.623989e-01 8.430332e+01
-9.976931e-01 4.365496e-02 5.198760e-02 -4.749440e+01 6.428465e-03 8.231245e-01 -5.678246e-01 4.249895e+00 -6.758063e-02 -5.661805e-01 -8.215063e-01 8.477919e+01
-3.133446e-01 1.270757e-01 -9.410988e-01 -4.686429e+01 6.913710e-01 7.099008e-01 -1.343389e-01 4.247748e+00 6.510156e-01 -6.927428e-01 -3.103000e-01 8.489062e+01
-5.817067e-01 7.796772e-01 2.317773e-01 -4.668477e+01 7.079430e-01 6.256177e-01 -3.277487e-01 4.242916e+00 -4.005422e-01 -2.656853e-02 -9.158930e-01 8.514484e+01
-2.916682e-01 7.277597e-01 -6.207217e-01 -4.685334e+01 7.557804e-01 5.730962e-01 3.167913e-01 4.248998e+00 5.862812e-01 -3.767314e-01 -7.171804e-01 8.559812e+01
-5.305989e-01 8.227037e-01 2.040183e-01 -4.690041e+01 8.425102e-01 4.854963e-01 2.333877e-01 4.246159e+00 9.295882e-02 2.957228e-01 -9.507401e-01 8.605333e+01
-2.190333e-01 9.068542e-01 -3.600555e-01 -4.684768e+01 2.589728e-01 4.098132e-01 8.746349e-01 4.239717e+00 9.407218e-01 9.832956e-02 -3.246133e-01 8.652042e+01
-5.490598e-01 2.932793e-01 7.826369e-01 -4.716525e+01 8.189641e-01 3.757025e-01 4.337573e-01 4.260033e+00 -1.668266e-01 8.791103e-01 -4.464684e-01 8.707799e+01
-4.160075e-01 8.209177e-01 -3.911929e-01 -4.737129e+01 -1.290705e-02 4.248106e-01 9.051902e-01 4.273577e+00 9.092696e-01 3.816150e-01 -1.661288e-01 8.743177e+01
-7.002126e-01 9.690619e-04 7.139337e-01 -4.753175e+01 6.667344e-01 3.584543e-01 6.534339e-01 4.285310e+00 -2.552794e-01 9.335468e-01 -2.516404e-01 8.782700e+01
-5.133735e-01 6.664850e-01 -5.405974e-01 -4.785018e+01 -3.600905e-01 4.045067e-01 8.406599e-01 4.302786e+00 7.789625e-01 6.262365e-01 3.233188e-02 8.840745e+01
-7.967465e-01 -2.957842e-01 5.269789e-01 -4.814732e+01 3.987004e-01 3.980245e-01 8.262048e-01 4.320786e+00 -4.541289e-01 8.683825e-01 -1.991954e-01 8.889170e+01
-8.175948e-01 3.766500e-01 -4.355152e-01 -4.862879e+01 -2.764808e-01 4.066638e-01 8.707370e-01 4.360000e+00 5.050714e-01 8.323216e-01 -2.283497e-01 8.934672e+01
-9.735627e-01 -2.139279e-01 8.006599e-02 -4.896393e+01 -3.540602e-02 4.876163e-01 8.723398e-01 4.380475e+00 -2.256593e-01 8.464427e-01 -4.822994e-01 8.981438e+01
-6.712855e-01 2.694337e-02 -7.407090e-01 -4.918145e+01 -6.096397e-01 5.483113e-01 5.724457e-01 4.390625e+00 4.215627e-01 8.358402e-01 -3.516477e-01 9.036227e+01
-8.023268e-01 -5.760868e-01 1.561910e-01 -4.949905e+01 -2.783257e-01 5.925732e-01 7.559046e-01 4.408908e+00 -5.280213e-01 5.630106e-01 -6.357772e-01 9.090910e+01
-5.053377e-01 -2.665122e-01 -8.207345e-01 -4.985217e+01 -7.253318e-01 6.464318e-01 2.366850e-01 4.429380e+00 4.674694e-01 7.149106e-01 -5.199761e-01 9.151974e+01
-7.129047e-01 -6.752400e-01 1.892560e-01 -5.014221e+01 -5.470929e-01 7.043721e-01 4.522712e-01 4.444493e+00 -4.386983e-01 2.188856e-01 -8.715692e-01 9.209915e+01
-1.642891e-01 -5.392636e-01 -8.259564e-01 -5.027256e+01 -5.069248e-01 7.644600e-01 -3.982816e-01 4.444893e+00 8.461893e-01 3.532644e-01 -3.989585e-01 9.276799e+01
-8.077864e-01 -3.872586e-01 4.444231e-01 -5.048470e+01 -5.167522e-01 8.279733e-01 -2.177781e-01 4.452060e+00 -2.836340e-01 -4.055748e-01 -8.689423e-01 9.340085e+01
-5.907124e-01 -4.871189e-01 -6.432527e-01 -5.080349e+01 -6.046257e-02 8.216889e-01 -5.667201e-01 4.471058e+00 8.046137e-01 -2.958759e-01 -5.148343e-01 9.396016e+01
-9.079098e-01 2.806296e-02 4.182251e-01 -5.109637e+01 -2.325154e-01 7.964591e-01 -5.582020e-01 4.489779e+00 -3.487640e-01 -6.040408e-01 -7.165880e-01 9.446122e+01
-4.676576e-01 -1.690309e-01 -8.675972e-01 -5.113839e+01 5.184423e-01 7.425242e-01 -4.241173e-01 4.494016e+00 7.159008e-01 -6.481408e-01 -2.596143e-01 9.489819e+01
-7.657337e-01 6.177364e-01 1.790355e-01 -5.118550e+01 4.220682e-01 6.926891e-01 -5.848420e-01 4.495691e+00 -4.852941e-01 -3.722681e-01 -7.911423e-01 9.536523e+01
-3.849214e-02 4.599922e-01 -8.870883e-01 -5.096906e+01 7.693712e-01 5.801261e-01 2.674353e-01 4.489901e+00 6.376412e-01 -6.722060e-01 -3.762350e-01 9.573303e+01
-4.268267e-01 8.376807e-01 3.407491e-01 -5.017155e+01 9.019781e-01 4.215150e-01 9.359768e-02 4.490361e+00 -6.522589e-02 3.472982e-01 -9.354836e-01 9.579265e+01
-3.684709e-02 9.467894e-01 -3.197376e-01 -4.973615e+01 1.912151e-01 3.207229e-01 9.276711e-01 4.481298e+00 9.808563e-01 -2.695668e-02 -1.928581e-01 9.609006e+01
-5.880879e-01 2.676657e-01 7.632219e-01 -5.003912e+01 8.068746e-01 2.591845e-01 5.308265e-01 4.497533e+00 -5.573122e-02 9.279970e-01 -3.683959e-01 9.668199e+01
-4.710805e-01 8.094450e-01 -3.505453e-01 -5.047810e+01 -1.481125e-01 3.191755e-01 9.360501e-01 4.523993e+00 8.695665e-01 4.928751e-01 -3.046839e-02 9.734658e+01
-9.043481e-01 -4.022728e-02 4.248956e-01 -5.076253e+01 3.879387e-01 3.375567e-01 8.576474e-01 4.538421e+00 -1.779272e-01 9.404452e-01 -2.896630e-01 9.791943e+01
-6.109198e-01 4.444381e-01 -6.551731e-01 -5.092057e+01 -5.109699e-01 4.107682e-01 7.551022e-01 4.547060e+00 6.047204e-01 7.960806e-01 -2.385192e-02 9.825369e+01
-8.982398e-01 -4.175314e-01 1.372328e-01 -5.114035e+01 -8.105632e-02 4.642636e-01 8.819803e-01 4.560637e+00 -4.319666e-01 7.811062e-01 -4.508636e-01 9.866790e+01
-2.937130e-01 -5.241501e-02 -9.544555e-01 -5.127114e+01 -7.867918e-01 5.803047e-01 2.102500e-01 4.568510e+00 5.428548e-01 8.127109e-01 -2.116827e-01 9.913133e+01
-7.457279e-01 -6.485523e-01 -1.525442e-01 -5.089916e+01 -6.656284e-01 7.153477e-01 2.126418e-01 4.562095e+00 -2.878720e-02 2.601107e-01 -9.651496e-01 9.945244e+01
-6.609292e-01 -5.782143e-01 -4.783731e-01 -5.069855e+01 -5.769756e-01 7.991359e-01 -1.687632e-01 4.558791e+00 4.798664e-01 1.644691e-01 -8.617878e-01 9.970643e+01
-7.223829e-01 -3.859931e-01 -5.737354e-01 -5.005852e+01 -9.954610e-02 8.791116e-01 -4.661045e-01 4.551753e+00 6.842906e-01 -2.795928e-01 -6.734793e-01 9.983774e+01
-8.436793e-01 1.201948e-01 -5.232193e-01 -4.947401e+01 3.521466e-01 8.595447e-01 -3.703724e-01 4.542228e+00 4.052136e-01 -4.967254e-01 -7.675062e-01 1.000272e+02
-7.296933e-01 5.054200e-01 -4.605414e-01 -4.952831e+01 6.198764e-01 7.732525e-01 -1.335436e-01 4.545557e+00 2.886191e-01 -3.829246e-01 -8.775350e-01 1.005012e+02
-7.130488e-01 6.751643e-01 -1.889831e-01 -4.992223e+01 6.969816e-01 7.118330e-01 -8.666206e-02 4.571172e+00 7.601327e-02 -1.935120e-01 -9.781488e-01 1.010910e+02
-4.614127e-01 7.307019e-01 -5.031631e-01 -5.010242e+01 6.825123e-01 6.546973e-01 3.248822e-01 4.579679e+00 5.668115e-01 -1.935102e-01 -8.007987e-01 1.016711e+02
-5.856245e-01 8.027163e-01 -1.126523e-01 -4.990246e+01 6.364756e-01 5.414335e-01 5.493164e-01 4.579827e+00 5.019389e-01 2.499927e-01 -8.279861e-01 1.021228e+02
-5.311968e-01 8.051341e-01 -2.637974e-01 -4.901251e+01 2.561235e-01 4.493892e-01 8.558330e-01 4.588250e+00 8.076080e-01 3.870510e-01 -4.449279e-01 1.020074e+02
-8.774166e-01 4.620386e-01 -1.290754e-01 -4.806801e+01 4.733861e-02 3.511344e-01 9.351276e-01 4.589044e+00 4.773879e-01 8.143862e-01 -3.299634e-01 1.019838e+02
-9.753930e-01 1.194838e-01 -1.852892e-01 -4.805858e+01 -1.366638e-01 3.318157e-01 9.333924e-01 4.603618e+00 1.730071e-01 9.357467e-01 -3.073216e-01 1.024209e+02
-8.011267e-01 -6.860083e-02 -5.945502e-01 -4.817720e+01 -5.640562e-01 4.186645e-01 7.117308e-01 4.614186e+00 2.000917e-01 9.055462e-01 -3.740980e-01 1.029536e+02
-4.825847e-01 -4.320595e-01 -7.618639e-01 -4.781297e+01 -7.960341e-01 5.791641e-01 1.757801e-01 4.602151e+00 3.652967e-01 6.912984e-01 -6.234298e-01 1.033168e+02
-6.376642e-01 -6.451548e-01 -4.209034e-01 -4.718799e+01 -6.506754e-01 7.435798e-01 -1.539823e-01 4.595814e+00 4.123177e-01 1.756825e-01 -8.939406e-01 1.034868e+02
-8.285327e-01 -4.735252e-01 -2.988434e-01 -4.690845e+01 -3.477054e-01 8.534286e-01 -3.882790e-01 4.604021e+00 4.389014e-01 -2.177924e-01 -8.717408e-01 1.037220e+02
-9.163586e-01 -1.244167e-01 -3.805356e-01 -4.643165e+01 8.397849e-02 8.696091e-01 -4.865467e-01 4.620176e+00 3.914517e-01 -4.778081e-01 -7.864255e-01 1.038098e+02
-9.087808e-01 2.379071e-01 -3.428085e-01 -4.648064e+01 3.699596e-01 8.393634e-01 -3.982449e-01 4.636400e+00 1.929956e-01 -4.887426e-01 -8.508133e-01 1.042738e+02
-8.398244e-01 4.116532e-01 -3.538878e-01 -4.667019e+01 5.295394e-01 7.647370e-01 -3.671041e-01 4.654240e+00 1.195115e-01 -4.957005e-01 -8.602314e-01 1.047348e+02
-4.421083e-01 6.660635e-01 -6.007493e-01 -4.600784e+01 7.705002e-01 6.249013e-01 1.258086e-01 4.653568e+00 4.592055e-01 -4.072565e-01 -7.894761e-01 1.047640e+02
-3.993892e-01 9.049416e-01 -1.468638e-01 -4.490947e+01 7.506290e-01 4.147554e-01 5.143287e-01 4.663740e+00 5.263500e-01 9.517708e-02 -8.449243e-01 1.046162e+02
-4.767729e-01 8.786488e-01 2.576512e-02 -4.402842e+01 4.973854e-01 2.454923e-01 8.320705e-01 4.672804e+00 7.247726e-01 4.095239e-01 -5.540712e-01 1.045272e+02
-7.766047e-01 6.267321e-01 6.396823e-02 -4.399614e+01 2.395603e-01 1.998756e-01 9.500845e-01 4.673657e+00 5.826628e-01 7.531644e-01 -3.053645e-01 1.049578e+02
-8.345971e-01 4.332765e-01 -3.401751e-01 -4.357425e+01 -2.617822e-01 2.313865e-01 9.369794e-01 4.674579e+00 4.846831e-01 8.710521e-01 -7.969044e-02 1.050762e+02
-9.818197e-01 -1.281923e-01 -1.399887e-01 -4.358052e+01 -1.664398e-01 2.268502e-01 9.596024e-01 4.677883e+00 -9.125718e-02 9.654562e-01 -2.440623e-01 1.053623e+02
-7.122850e-01 -1.098995e-01 -6.932331e-01 -4.378668e+01 -6.843241e-01 3.283172e-01 6.510824e-01 4.689658e+00 1.560467e-01 9.381524e-01 -3.090623e-01 1.058080e+02
-4.948228e-01 -5.814385e-01 -6.458170e-01 -4.354184e+01 -8.495998e-01 4.798278e-01 2.189645e-01 4.679171e+00 1.825666e-01 6.570346e-01 -7.314198e-01 1.062140e+02
