9.999728e-01 5.033724e-04 -7.356339e-03 8.836292e-02 -4.891705e-04 9.999980e-01 1.932241e-03 -1.669099e-02 7.357296e-03 -1.928591e-03 9.999711e-01 5.779896e-01
9.999999e-01 2.674444e-04 -4.516416e-04 1.557397e-01 -2.672485e-04 9.999999e-01 4.338776e-04 -3.255551e-02 4.517579e-04 -4.337561e-04 9.999998e-01 1.245646e+00
9.999712e-01 7.695500e-05 -7.587958e-03 3.480078e-01 -7.085740e-05 9.999997e-01 8.038577e-04 -4.975003e-02 7.588017e-03 -8.032977e-04 9.999709e-01 1.651119e+00
9.999980e-01 6.119506e-04 1.907956e-03 4.585134e-01 -6.128777e-04 9.999997e-01 4.854168e-04 -6.402722e-02 -1.907658e-03 -4.865844e-04 9.999981e-01 2.138171e+00
9.999460e-01 -2.446173e-04 -1.038816e-02 6.025580e-01 2.564935e-04 9.999993e-01 1.141926e-03 -7.959973e-02 1.038787e-02 -1.144529e-03 9.999454e-01 2.552177e+00
9.999926e-01 9.790451e-04 3.716396e-03 6.747207e-01 -9.824352e-04 9.999991e-01 9.105041e-04 -9.495791e-02 -3.715501e-03 -9.141477e-04 9.999927e-01 3.174985e+00
9.999388e-01 -4.998458e-04 -1.105210e-02 7.606775e-01 5.144972e-04 9.999990e-01 1.322866e-03 -1.142543e-01 1.105143e-02 -1.328472e-03 9.999380e-01 3.896229e+00
9.999972e-01 9.293040e-04 2.179549e-03 9.482045e-01 -9.303528e-04 9.999995e-01 4.802258e-04 -1.327055e-01 -2.179101e-03 -4.822515e-04 9.999975e-01 4.364803e+00
9.999145e-01 -4.340417e-04 -1.306565e-02 1.197900e+00 4.465053e-04 9.999994e-01 9.510223e-04 -1.472867e-01 1.306523e-02 -9.567756e-04 9.999142e-01 4.593488e+00
9.999975e-01 8.770890e-04 2.056550e-03 1.464580e+00 -8.782112e-04 9.999995e-01 5.448735e-04 -1.625602e-01 -2.056070e-03 -5.466775e-04 9.999977e-01 4.818638e+00
9.999047e-01 -3.017086e-04 -1.380165e-02 1.863118e+00 3.117765e-04 9.999997e-01 7.273319e-04 -1.838752e-01 1.380143e-02 -7.315664e-04 9.999045e-01 5.057830e+00
9.999979e-01 8.275914e-04 1.861480e-03 2.248025e+00 -8.271020e-04 9.999996e-01 -2.636352e-04 -1.976557e-01 -1.861697e-03 2.620957e-04 9.999982e-01 4.940759e+00
9.999377e-01 -2.255610e-04 -1.116126e-02 2.715502e+00 2.193540e-04 9.999998e-01 -5.573364e-04 -2.091161e-01 1.116138e-02 5.548527e-04 9.999376e-01 4.576673e+00
9.999969e-01 1.177113e-03 2.187559e-03 3.310041e+00 -1.174427e-03 9.999986e-01 -1.228813e-03 -2.166771e-01 -2.189002e-03 1.226241e-03 9.999969e-01 3.996158e+00
9.999242e-01 -4.175031e-04 -1.230895e-02 3.824934e+00 4.260941e-04 9.999997e-01 6.953386e-04 -2.295859e-01 1.230865e-02 -7.005314e-04 9.999240e-01 3.660990e+00
9.999976e-01 1.131508e-03 1.880263e-03 4.367710e+00 -1.129185e-03 9.999986e-01 -1.236001e-03 -2.435523e-01 -1.881658e-03 1.233875e-03 9.999975e-01 3.312435e+00
9.999021e-01 -3.436819e-04 -1.399044e-02 4.879968e+00 3.660488e-04 9.999987e-01 1.596204e-03 -2.572118e-01 1.398987e-02 -1.601169e-03 9.999009e-01 3.216747e+00
9.999889e-01 9.394010e-04 4.610083e-03 5.022255e+00 -9.446314e-04 9.999989e-01 1.132528e-03 -2.781269e-01 -4.609013e-03 -1.136869e-03 9.999887e-01 4.019923e+00
9.999390e-01 -3.224493e-04 -1.103801e-02 5.120705e+00 3.398980e-04 9.999987e-01 1.578951e-03 -3.037932e-01 1.103749e-02 -1.582607e-03 9.999378e-01 5.046210e+00
9.999958e-01 8.627637e-04 2.762584e-03 5.242158e+00 -8.648161e-04 9.999994e-01 7.418369e-04 -3.250307e-01 -2.761942e-03 -7.442222e-04 9.999959e-01 5.796083e+00
9.999269e-01 -3.787887e-04 -1.208167e-02 5.495806e+00 3.890343e-04 9.999996e-01 8.457004e-04 -3.437282e-01 1.208134e-02 -8.503396e-04 9.999267e-01 6.176720e+00
9.999995e-01 8.433481e-04 5.404177e-04 5.782488e+00 -8.437252e-04 9.999994e-01 6.982202e-04 -3.607746e-01 -5.398282e-04 -6.986751e-04 9.999996e-01 6.471419e+00
9.999257e-01 -4.623079e-04 -1.218220e-02 6.182572e+00 4.632657e-04 9.999999e-01 7.580844e-05 -3.801781e-01 1.218216e-02 -8.144711e-05 9.999258e-01 6.531968e+00
9.999978e-01 1.232426e-03 -1.714253e-03 6.985515e+00 -1.233886e-03 9.999989e-01 -8.510239e-04 -3.987997e-01 1.713203e-03 8.531379e-04 9.999982e-01 6.047440e+00
9.999354e-01 9.616191e-05 -1.136538e-02 7.635245e+00 -8.544045e-05 9.999996e-01 9.438338e-04 -4.136564e-01 1.136547e-02 -9.428025e-04 9.999350e-01 5.875088e+00
9.999997e-01 4.838930e-04 6.348243e-04 8.019350e+00 -4.838995e-04 9.999999e-01 1.030426e-05 -4.298818e-01 -6.348189e-04 -1.061074e-05 9.999998e-01 5.938987e+00
9.999117e-01 1.271907e-04 -1.328642e-02 8.495794e+00 -1.181632e-04 9.999998e-01 6.802447e-04 -4.463480e-01 1.328650e-02 -6.786154e-04 9.999115e-01 5.845775e+00
9.999987e-01 5.252694e-04 1.549460e-03 8.815453e+00 -5.258070e-04 9.999998e-01 3.467042e-04 -4.605806e-01 -1.549277e-03 -3.475178e-04 9.999987e-01 5.856560e+00
9.999385e-01 7.605553e-05 -1.109250e-02 9.187399e+00 -7.370263e-05 1.000000e+00 2.125352e-04 -4.755795e-01 1.109251e-02 -2.117053e-04 9.999385e-01 5.824805e+00
9.999998e-01 5.716444e-04 6.466505e-06 9.643911e+00 -5.716441e-04 9.999998e-01 -3.723784e-05 -4.890234e-01 -6.487469e-06 3.723484e-05 1.000000e+00 5.615129e+00
9.999356e-01 1.678225e-04 -1.134638e-02 1.014688e+01 -1.645290e-04 9.999999e-01 2.912169e-04 -5.030783e-01 1.134643e-02 -2.893321e-04 9.999356e-01 5.386074e+00
9.999998e-01 6.641339e-04 -2.063122e-04 1.056081e+01 -6.640517e-04 9.999997e-01 3.974150e-04 -5.173644e-01 2.065764e-04 -3.972772e-04 9.999999e-01 5.311405e+00
9.999466e-01 -1.261934e-04 -1.032953e-02 1.084842e+01 1.340425e-04 9.999997e-01 7.591936e-04 -5.320490e-01 1.032943e-02 -7.605384e-04 9.999464e-01 5.458891e+00
9.999994e-01 6.351920e-04 -8.760759e-04 1.106333e+01 -6.341225e-04 9.999991e-01 1.220408e-03 -5.491540e-01 8.768505e-04 -1.219852e-03 9.999989e-01 5.852691e+00
9.999630e-01 -3.880884e-05 -8.605550e-03 1.116381e+01 4.929097e-05 9.999993e-01 1.217873e-03 -5.674347e-01 8.605496e-03 -1.218253e-03 9.999622e-01 6.496604e+00
9.999997e-01 5.212520e-04 -5.129852e-04 1.126235e+01 -5.206468e-04 9.999992e-01 1.178933e-03 -5.862371e-01 5.135996e-04 -1.178665e-03 9.999992e-01 7.177157e+00
9.999576e-01 3.454738e-06 -9.205786e-03 1.139539e+01 6.581468e-06 9.999994e-01 1.090192e-03 -6.044061e-01 9.205784e-03 -1.090207e-03 9.999570e-01 7.723884e+00
9.999998e-01 6.626643e-04 2.033969e-04 1.148835e+01 -6.629546e-04 9.999988e-01 1.431432e-03 -6.222039e-01 -2.024478e-04 -1.431566e-03 9.999990e-01 8.436996e+00
9.999523e-01 -9.752330e-05 -9.769424e-03 1.163871e+01 1.040042e-04 9.999998e-01 6.628988e-04 -6.396293e-01 9.769357e-03 -6.638839e-04 9.999521e-01 8.961599e+00
9.999956e-01 7.622817e-04 2.860037e-03 1.169686e+01 -7.672555e-04 9.999982e-01 1.738433e-03 -6.581291e-01 -2.858706e-03 -1.740619e-03 9.999944e-01 9.740566e+00
9.999596e-01 -2.166003e-04 -8.984860e-03 1.174795e+01 2.224278e-04 9.999998e-01 6.476121e-04 -6.766020e-01 8.984717e-03 -6.495851e-04 9.999594e-01 1.052049e+01
9.999966e-01 7.248526e-04 2.503298e-03 1.180272e+01 -7.289613e-04 9.999984e-01 1.640855e-03 -6.942978e-01 -2.502105e-03 -1.642674e-03 9.999955e-01 1.124001e+01
9.999627e-01 -2.331793e-04 -8.632140e-03 1.186169e+01 2.395598e-04 9.999997e-01 7.381528e-04 -7.132484e-01 8.631965e-03 -7.401939e-04 9.999625e-01 1.201506e+01
9.999987e-01 7.007021e-04 1.476454e-03 1.192648e+01 -7.030747e-04 9.999985e-01 1.607185e-03 -7.321295e-01 -1.475325e-03 -1.608220e-03 9.999976e-01 1.276178e+01
9.999702e-01 -1.339158e-04 -7.719526e-03 1.197527e+01 1.378409e-04 9.999999e-01 5.079538e-04 -7.486347e-01 7.719457e-03 -5.090034e-04 9.999701e-01 1.345163e+01
9.999994e-01 5.026559e-04 -9.874413e-04 1.206481e+01 -5.009457e-04 9.999984e-01 1.731222e-03 -7.659975e-01 9.883102e-04 -1.730726e-03 9.999980e-01 1.403482e+01
9.999703e-01 1.096950e-05 -7.700671e-03 1.228677e+01 -1.522724e-05 9.999998e-01 -5.528245e-04 -7.808058e-01 7.700664e-03 5.529247e-04 9.999702e-01 1.423488e+01
9.999971e-01 3.610940e-04 -2.378766e-03 1.249578e+01 -3.559711e-04 9.999976e-01 2.153594e-03 -7.964515e-01 2.379538e-03 -2.152740e-03 9.999949e-01 1.453846e+01
9.999648e-01 3.074517e-04 -8.382908e-03 1.265541e+01 -3.071129e-04 1.000000e+00 4.172332e-05 -8.143628e-01 8.382920e-03 -3.914805e-05 9.999649e-01 1.511038e+01
9.999953e-01 4.757712e-04 3.028954e-03 1.271151e+01 -4.833864e-04 9.999967e-01 2.513974e-03 -8.356681e-01 -3.027748e-03 -2.515426e-03 9.999923e-01 1.603393e+01
9.999295e-01 -8.596509e-05 -1.187481e-02 1.280705e+01 8.253483e-05 1.000000e+00 -2.893437e-04 -8.533187e-01 1.187484e-02 2.883425e-04 9.999295e-01 1.661927e+01
9.999877e-01 8.950325e-04 4.881969e-03 1.286274e+01 -9.082233e-04 9.999959e-01 2.700447e-03 -8.699967e-01 -4.879532e-03 -2.704847e-03 9.999844e-01 1.729923e+01
9.999510e-01 -3.538144e-04 -9.894763e-03 1.291656e+01 3.516034e-04 9.999999e-01 -2.251710e-04 -8.908157e-01 9.894842e-03 2.216802e-04 9.999510e-01 1.820203e+01
9.999892e-01 8.598579e-04 4.561319e-03 1.296833e+01 -8.717809e-04 9.999962e-01 2.612635e-03 -9.107330e-01 -4.559055e-03 -2.616583e-03 9.999862e-01 1.905947e+01
9.999424e-01 -3.065849e-04 -1.072827e-02 1.299708e+01 3.007846e-04 9.999998e-01 -5.422469e-04 -9.260711e-01 1.072843e-02 5.389881e-04 9.999423e-01 1.972913e+01
9.999791e-01 8.757409e-04 6.412942e-03 1.301661e+01 -8.934279e-04 9.999958e-01 2.755689e-03 -9.427801e-01 -6.410501e-03 -2.761360e-03 9.999756e-01 2.055563e+01
9.999499e-01 -2.714008e-04 -1.000512e-02 1.302946e+01 2.661317e-04 9.999998e-01 -5.279476e-04 -9.606033e-01 1.000526e-02 5.252578e-04 9.999498e-01 2.145729e+01
9.999862e-01 7.850353e-04 5.185794e-03 1.305035e+01 -7.991857e-04 9.999960e-01 2.727209e-03 -9.768354e-01 -5.183631e-03 -2.731315e-03 9.999828e-01 2.221518e+01
9.999528e-01 -1.254321e-04 -9.710875e-03 1.313356e+01 1.002907e-04 9.999966e-01 -2.589424e-03 -9.826682e-01 9.711167e-03 2.588327e-03 9.999495e-01 2.221175e+01
9.999808e-01 8.086730e-04 6.148744e-03 1.331122e+01 -8.127239e-04 9.999995e-01 6.563831e-04 -9.845503e-01 -6.148210e-03 -6.613670e-04 9.999809e-01 2.182950e+01
9.999210e-01 1.727831e-05 -1.257069e-02 1.350678e+01 -2.668278e-05 9.999997e-01 -7.479437e-04 -9.963297e-01 1.257068e-02 7.482193e-04 9.999207e-01 2.185114e+01
9.999927e-01 4.975722e-04 3.800258e-03 1.383178e+01 -5.014392e-04 9.999994e-01 1.016742e-03 -1.010316e+00 -3.799749e-03 -1.018639e-03 9.999923e-01 2.174427e+01
9.999429e-01 4.902389e-04 -1.067539e-02 1.442152e+01 -5.299902e-04 9.999929e-01 -3.721112e-03 -1.017224e+00 1.067349e-02 3.726557e-03 9.999361e-01 2.105440e+01
9.999726e-01 1.009085e-03 7.332290e-03 1.483485e+01 -1.013895e-03 9.999993e-01 6.523445e-04 -1.016441e+00 -7.331626e-03 -6.597601e-04 9.999729e-01 2.043134e+01
9.999467e-01 -3.297562e-04 -1.032272e-02 1.529197e+01 2.855308e-04 9.999908e-01 -4.285444e-03 -1.023750e+00 1.032404e-02 4.282267e-03 9.999375e-01 1.977442e+01
9.999802e-01 1.592098e-03 6.087316e-03 1.574098e+01 -1.599126e-03 9.999981e-01 1.149891e-03 -1.021193e+00 -6.085473e-03 -1.159602e-03 9.999808e-01 1.905557e+01
9.999018e-01 -8.617646e-04 -1.398932e-02 1.582136e+01 8.802865e-04 9.999987e-01 1.317917e-03 -1.040290e+00 1.398816e-02 -1.330103e-03 9.999013e-01 1.987819e+01
9.999834e-01 1.635991e-03 5.516917e-03 1.590709e+01 -1.642254e-03 9.999980e-01 1.130964e-03 -1.058933e+00 -5.515055e-03 -1.140005e-03 9.999841e-01 2.052674e+01
9.999012e-01 -9.358258e-04 -1.402351e-02 1.603055e+01 9.254250e-04 9.999993e-01 -7.481253e-04 -1.066305e+00 1.402420e-02 7.350730e-04 9.999014e-01 2.048226e+01
9.999665e-01 1.566650e-03 8.030219e-03 1.604567e+01 -1.569899e-03 9.999987e-01 3.982882e-04 -1.067705e+00 -8.029584e-03 -4.108808e-04 9.999677e-01 2.037917e+01
9.998680e-01 -1.083388e-03 -1.621375e-02 1.613258e+01 1.087934e-03 9.999994e-01 2.715853e-04 -1.077020e+00 1.621345e-02 -2.891897e-04 9.998685e-01 2.050944e+01
9.999796e-01 1.642045e-03 6.178330e-03 1.622921e+01 -1.651541e-03 9.999975e-01 1.532203e-03 -1.089921e+00 -6.175799e-03 -1.542375e-03 9.999797e-01 2.085245e+01
9.998781e-01 -1.011413e-03 -1.557973e-02 1.628071e+01 1.020296e-03 9.999993e-01 5.621973e-04 -1.103369e+00 1.557916e-02 -5.780254e-04 9.998785e-01 2.133075e+01
9.999767e-01 1.633714e-03 6.635123e-03 1.632622e+01 -1.644416e-03 9.999974e-01 1.607751e-03 -1.116819e+00 -6.632478e-03 -1.618624e-03 9.999767e-01 2.185333e+01
9.998584e-01 -1.165065e-03 -1.678833e-02 1.642529e+01 1.168098e-03 9.999993e-01 1.708668e-04 -1.130787e+00 1.678812e-02 -1.904537e-04 9.998591e-01 2.221559e+01
9.999849e-01 1.654971e-03 5.240535e-03 1.670335e+01 -1.658387e-03 9.999984e-01 6.476777e-04 -1.144244e+00 -5.239455e-03 -6.563581e-04 9.999861e-01 2.221037e+01
9.998397e-01 -7.084104e-04 -1.788883e-02 1.710583e+01 7.069343e-04 9.999997e-01 -8.882756e-05 -1.159474e+00 1.788888e-02 7.616642e-05 9.998400e-01 2.214119e+01
9.999868e-01 1.524241e-03 4.897806e-03 1.745857e+01 -1.531141e-03 9.999978e-01 1.405384e-03 -1.174466e+00 -4.895653e-03 -1.412865e-03 9.999870e-01 2.219679e+01
9.998749e-01 -7.957705e-04 -1.579532e-02 1.754172e+01 8.120991e-04 9.999991e-01 1.027388e-03 -1.189250e+00 1.579449e-02 -1.040087e-03 9.998747e-01 2.274011e+01
9.999710e-01 1.235161e-03 7.514672e-03 1.759318e+01 -1.244058e-03 9.999985e-01 1.179446e-03 -1.203922e+00 -7.513204e-03 -1.188760e-03 9.999711e-01 2.332005e+01
9.998782e-01 -8.927896e-04 -1.558285e-02 1.775242e+01 8.818149e-04 9.999994e-01 -7.111224e-04 -1.216422e+00 1.558347e-02 6.972939e-04 9.998783e-01 2.346693e+01
9.999628e-01 1.518314e-03 8.493175e-03 1.779973e+01 -1.526548e-03 9.999984e-01 9.630831e-04 -1.221795e+00 -8.491699e-03 -9.760119e-04 9.999635e-01 2.350937e+01
9.998625e-01 -9.961602e-04 -1.655561e-02 1.794278e+01 9.892634e-04 9.999994e-01 -4.247520e-04 -1.234459e+00 1.655603e-02 4.083150e-04 9.998629e-01 2.368529e+01
9.999747e-01 1.672355e-03 6.914008e-03 1.804044e+01 -1.688064e-03 9.999960e-01 2.266930e-03 -1.248491e+00 -6.910189e-03 -2.278543e-03 9.999735e-01 2.410383e+01
9.998630e-01 -9.924549e-04 -1.651994e-02 1.818346e+01 9.964349e-04 9.999995e-01 2.327086e-04 -1.269032e+00 1.651970e-02 -2.491385e-04 9.998635e-01 2.474350e+01
9.999856e-01 1.732093e-03 5.073602e-03 1.865721e+01 -1.740485e-03 9.999971e-01 1.650140e-03 -1.295931e+00 -5.070729e-03 -1.658946e-03 9.999858e-01 2.517401e+01
9.998552e-01 -6.202642e-04 -1.700366e-02 1.922632e+01 5.800602e-04 9.999970e-01 -2.369247e-03 -1.309876e+00 1.700508e-02 2.359040e-03 9.998526e-01 2.482731e+01
9.999769e-01 2.003350e-03 6.497702e-03 1.990795e+01 -2.008051e-03 9.999977e-01 7.170248e-04 -1.319563e+00 -6.496250e-03 -7.300552e-04 9.999786e-01 2.421426e+01
9.998455e-01 -1.400022e-03 -1.752281e-02 2.044129e+01 1.376777e-03 9.999982e-01 -1.338515e-03 -1.337651e+00 1.752465e-02 1.314183e-03 9.998456e-01 2.399869e+01
9.999744e-01 2.488241e-03 6.706270e-03 2.136599e+01 -2.481472e-03 9.999964e-01 -1.017358e-03 -1.364031e+00 -6.708777e-03 1.000691e-03 9.999770e-01 2.363353e+01
9.998475e-01 -3.633287e-04 -1.746073e-02 2.236633e+01 3.474982e-04 9.999995e-01 -9.096396e-04 -1.383180e+00 1.746105e-02 9.034326e-04 9.998471e-01 2.295830e+01
9.999307e-01 1.575529e-03 1.166686e-02 2.327833e+01 -1.528095e-03 9.999905e-01 -4.073508e-03 -1.389938e+00 -1.167316e-02 4.055398e-03 9.999236e-01 2.183922e+01
9.998449e-01 -5.129133e-04 -1.760267e-02 2.391913e+01 5.254517e-04 9.999996e-01 7.076987e-04 -1.390495e+00 1.760230e-02 -7.168389e-04 9.998448e-01 2.100896e+01
9.999347e-01 1.389606e-03 1.134491e-02 2.420108e+01 -1.362368e-03 9.999962e-01 -2.408266e-03 -1.393709e+00 -1.134821e-02 2.392654e-03 9.999327e-01 2.053399e+01
9.999009e-01 -3.265660e-04 -1.407200e-02 2.441195e+01 3.271899e-04 9.999999e-01 4.205818e-05 -1.394271e+00 1.407199e-02 -4.665889e-05 9.999010e-01 2.007883e+01
9.999459e-01 1.131165e-03 1.034379e-02 2.457178e+01 -1.125770e-03 9.999992e-01 -5.273705e-04 -1.403855e+00 -1.034437e-02 5.156979e-04 9.999464e-01 2.009185e+01
9.999261e-01 -9.665243e-05 -1.215736e-02 2.478450e+01 7.474879e-05 9.999984e-01 -1.802094e-03 -1.405165e+00 1.215751e-02 1.801051e-03 9.999245e-01 1.959970e+01
9.999263e-01 1.126509e-03 1.209004e-02 2.496457e+01 -1.112097e-03 9.999987e-01 -1.198701e-03 -1.401437e+00 -1.209137e-02 1.185168e-03 9.999262e-01 1.900726e+01
9.998651e-01 -2.182839e-04 -1.642638e-02 2.511875e+01 2.180708e-04 1.000000e+00 -1.474366e-05 -1.405329e+00 1.642638e-02 1.115890e-05 9.998651e-01 1.876172e+01
9.999094e-01 1.082784e-03 1.341697e-02 2.523600e+01 -1.061826e-03 9.999982e-01 -1.569022e-03 -1.408196e+00 -1.341864e-02 1.554634e-03 9.999088e-01 1.853446e+01
9.998454e-01 -3.672036e-04 -1.757708e-02 2.536889e+01 3.863740e-04 9.999993e-01 1.087285e-03 -1.417466e+00 1.757667e-02 -1.093909e-03 9.998449e-01 1.860367e+01
9.999157e-01 9.965704e-04 1.294414e-02 2.553911e+01 -9.825268e-04 9.999989e-01 -1.091226e-03 -1.429360e+00 -1.294521e-02 1.078417e-03 9.999156e-01 1.876844e+01
9.998402e-01 -3.002174e-04 -1.787617e-02 2.568265e+01 3.167447e-04 9.999995e-01 9.217350e-04 -1.439399e+00 1.787589e-02 -9.272505e-04 9.998398e-01 1.885721e+01
9.998852e-01 1.285579e-03 1.509878e-02 2.587558e+01 -1.248794e-03 9.999962e-01 -2.445437e-03 -1.444513e+00 -1.510187e-02 2.426301e-03 9.998830e-01 1.858868e+01
9.998458e-01 -2.630742e-04 -1.755993e-02 2.614126e+01 2.629802e-04 1.000000e+00 -7.646938e-06 -1.446460e+00 1.755993e-02 3.027190e-06 9.998458e-01 1.810633e+01
9.999018e-01 1.042614e-03 1.397311e-02 2.631508e+01 -1.029337e-03 9.999990e-01 -9.572787e-04 -1.452784e+00 -1.397409e-02 9.428023e-04 9.999019e-01 1.801784e+01
9.998085e-01 -2.276567e-04 -1.956811e-02 2.654340e+01 2.283061e-04 1.000000e+00 3.096715e-05 -1.459249e+00 1.956810e-02 -3.542939e-05 9.998085e-01 1.777060e+01
9.997198e-01 1.528229e-03 2.362206e-02 2.670661e+01 -1.425978e-03 9.999895e-01 -4.344868e-03 -1.449588e+00 -2.362845e-02 4.309966e-03 9.997115e-01 1.697177e+01
9.998873e-01 -3.980437e-04 -1.500797e-02 2.680875e+01 3.792751e-04 9.999991e-01 -1.253375e-03 -1.433929e+00 1.500846e-02 1.247541e-03 9.998866e-01 1.603202e+01
9.998053e-01 1.426221e-03 1.968274e-02 2.697539e+01 -1.356664e-03 9.999928e-01 -3.546777e-03 -1.423655e+00 -1.968765e-02 3.519385e-03 9.998000e-01 1.521391e+01
9.997940e-01 -3.965479e-04 -2.029477e-02 2.712339e+01 4.151485e-04 9.999995e-01 9.123360e-04 -1.419136e+00 2.029440e-02 -9.205741e-04 9.997936e-01 1.468004e+01
9.998639e-01 1.001462e-03 1.646642e-02 2.713135e+01 -9.753677e-04 9.999983e-01 -1.592606e-03 -1.420749e+00 -1.646799e-02 1.576329e-03 9.998632e-01 1.465753e+01
9.998234e-01 -1.872229e-04 -1.879290e-02 2.716980e+01 1.926323e-04 9.999999e-01 2.860476e-04 -1.419014e+00 1.879285e-02 -2.896179e-04 9.998234e-01 1.435504e+01
9.997081e-01 1.321515e-03 2.412509e-02 2.723525e+01 -1.204804e-03 9.999875e-01 -4.851599e-03 -1.406854e+00 -2.413119e-02 4.821117e-03 9.996972e-01 1.358719e+01
9.998963e-01 -3.602910e-04 -1.439590e-02 2.727306e+01 3.507450e-04 9.999997e-01 -6.655987e-04 -1.387350e+00 1.439614e-02 6.604797e-04 9.998962e-01 1.264269e+01
9.996796e-01 1.378532e-03 2.527544e-02 2.730785e+01 -1.245301e-03 9.999853e-01 -5.286155e-03 -1.366361e+00 -2.528236e-02 5.252987e-03 9.996665e-01 1.165424e+01
9.998935e-01 -4.099911e-04 -1.458937e-02 2.735020e+01 3.999999e-04 9.999997e-01 -6.877193e-04 -1.346510e+00 1.458965e-02 6.818097e-04 9.998933e-01 1.067711e+01
9.997303e-01 1.424147e-03 2.318064e-02 2.739378e+01 -1.318720e-03 9.999887e-01 -4.562674e-03 -1.328980e+00 -2.318687e-02 4.530875e-03 9.997209e-01 9.787634e+00
9.999164e-01 -4.668830e-04 -1.291913e-02 2.744663e+01 4.506272e-04 9.999991e-01 -1.261132e-03 -1.309329e+00 1.291971e-02 1.255204e-03 9.999157e-01 8.814384e+00
9.995580e-01 1.560429e-03 2.968624e-02 2.747832e+01 -1.368806e-03 9.999781e-01 -6.474183e-03 -1.282133e+00 -2.969569e-02 6.430687e-03 9.995383e-01 7.558454e+00
9.998796e-01 -5.870343e-04 -1.550762e-02 2.751956e+01 5.793307e-04 9.999997e-01 -5.012272e-04 -1.257487e+00 1.550791e-02 4.921822e-04 9.998796e-01 6.419102e+00
9.994952e-01 1.697418e-03 3.172353e-02 2.756617e+01 -1.471401e-03 9.999734e-01 -7.146585e-03 -1.231074e+00 -3.173481e-02 7.096300e-03 9.994711e-01 5.210207e+00
9.998119e-01 -7.058129e-04 -1.938040e-02 2.764042e+01 7.153901e-04 9.999996e-01 4.872545e-04 -1.210169e+00 1.938005e-02 -5.010281e-04 9.998121e-01 4.154616e+00
9.996853e-01 1.429959e-03 2.504634e-02 2.778682e+01 -1.296233e-03 9.999848e-01 -5.354565e-03 -1.201957e+00 -2.505362e-02 5.320415e-03 9.996720e-01 3.454859e+00
9.999064e-01 -5.592293e-04 -1.367179e-02 2.792453e+01 5.424089e-04 9.999991e-01 -1.233952e-03 -1.186841e+00 1.367247e-02 1.226420e-03 9.999058e-01 2.469151e+00
9.996701e-01 1.776546e-03 2.562212e-02 2.801579e+01 -1.631675e-03 9.999826e-01 -5.673903e-03 -1.167589e+00 -2.563175e-02 5.630225e-03 9.996556e-01 1.418455e+00
9.999422e-01 -6.769690e-04 -1.073242e-02 2.808583e+01 6.594676e-04 9.999984e-01 -1.634127e-03 -1.144443e+00 1.073351e-02 1.626954e-03 9.999411e-01 2.594004e-01
9.998057e-01 1.827023e-03 1.962821e-02 2.815737e+01 -1.750835e-03 9.999909e-01 -3.897996e-03 -1.128897e+00 -1.963516e-02 3.862874e-03 9.997997e-01 -6.483507e-01
9.999256e-01 -7.405714e-04 -1.217939e-02 2.820571e+01 7.295352e-04 9.999993e-01 -9.105377e-04 -1.114616e+00 1.218006e-02 9.015840e-04 9.999254e-01 -1.457270e+00
9.996343e-01 2.071123e-03 2.696337e-02 2.835162e+01 -1.881047e-03 9.999732e-01 -7.072872e-03 -1.095366e+00 -2.697730e-02 7.019567e-03 9.996114e-01 -2.673095e+00
9.999525e-01 -5.667140e-04 -9.726846e-03 2.849654e+01 5.507064e-04 9.999985e-01 -1.648283e-03 -1.070912e+00 9.727765e-03 1.642847e-03 9.999513e-01 -4.009006e+00
9.997147e-01 1.671295e-03 2.382826e-02 2.853393e+01 -1.538517e-03 9.999832e-01 -5.589558e-03 -1.046337e+00 -2.383720e-02 5.551303e-03 9.997004e-01 -5.148965e+00
9.999420e-01 -7.851812e-04 -1.074020e-02 2.856483e+01 7.726760e-04 9.999990e-01 -1.168407e-03 -1.023013e+00 1.074110e-02 1.160040e-03 9.999416e-01 -6.242149e+00
9.995898e-01 1.929648e-03 2.857399e-02 2.858124e+01 -1.724233e-03 9.999725e-01 -7.211770e-03 -9.941736e-01 -2.858712e-02 7.159544e-03 9.995657e-01 -7.547854e+00
9.999979e-01 -6.716098e-04 -1.924502e-03 2.856397e+01 6.635721e-04 9.999911e-01 -4.173985e-03 -9.543223e-01 1.927288e-03 4.172699e-03 9.999894e-01 -9.257188e+00
9.994108e-01 2.213028e-03 3.425233e-02 2.853017e+01 -1.928819e-03 9.999635e-01 -8.328297e-03 -9.092597e-01 -3.426951e-02 8.257324e-03 9.993785e-01 -1.109543e+01
9.999006e-01 -1.136815e-03 -1.405349e-02 2.854319e+01 1.128193e-03 9.999992e-01 -6.214252e-04 -8.780998e-01 1.405418e-02 6.055077e-04 9.999011e-01 -1.244482e+01
9.995637e-01 2.252082e-03 2.944991e-02 2.856520e+01 -2.053234e-03 9.999749e-01 -6.780595e-03 -8.528810e-01 -2.946444e-02 6.717170e-03 9.995433e-01 -1.363230e+01
9.998903e-01 -1.091511e-03 -1.477137e-02 2.840716e+01 1.087137e-03 9.999994e-01 -3.041373e-04 -8.206719e-01 1.477169e-02 2.880448e-04 9.998909e-01 -1.469876e+01
9.966995e-01 4.144239e-03 8.107360e-02 2.823676e+01 -2.311293e-03 9.997399e-01 -2.268921e-02 -7.276548e-01 -8.114654e-02 2.242694e-02 9.964498e-01 -1.798725e+01
9.998065e-01 -1.514512e-03 -1.961063e-02 2.818030e+01 1.549600e-03 9.999972e-01 1.774160e-03 -6.481287e-01 1.960789e-02 -1.804206e-03 9.998061e-01 -2.089189e+01
9.986105e-01 3.141992e-03 5.260414e-02 2.814056e+01 -2.401623e-03 9.998973e-01 -1.413163e-02 -6.014386e-01 -5.264313e-02 1.398566e-02 9.985154e-01 -2.267064e+01
9.990722e-01 -1.982449e-03 -4.302159e-02 2.805142e+01 2.337968e-03 9.999635e-01 8.214999e-03 -5.787942e-01 4.300374e-02 -8.307961e-03 9.990404e-01 -2.350082e+01
9.985159e-01 3.620706e-03 5.434022e-02 2.806800e+01 -2.856929e-03 9.998961e-01 -1.412656e-02 -5.585610e-01 -5.438573e-02 1.395035e-02 9.984225e-01 -2.450929e+01
9.996047e-01 -2.175871e-03 -2.803164e-02 2.808234e+01 2.259122e-03 9.999931e-01 2.938541e-03 -5.200198e-01 2.802506e-02 -3.000707e-03 9.996027e-01 -2.621231e+01
9.982287e-01 4.095803e-03 5.935219e-02 2.808733e+01 -3.181428e-03 9.998749e-01 -1.549223e-02 -4.775730e-01 -5.940822e-02 1.527597e-02 9.981169e-01 -2.800525e+01
9.993752e-01 -2.301967e-03 -3.526858e-02 2.813783e+01 2.482360e-03 9.999841e-01 5.071906e-03 -4.422800e-01 3.525634e-02 -5.156287e-03 9.993650e-01 -2.953397e+01
9.988252e-01 3.695966e-03 4.831826e-02 2.817422e+01 -3.129861e-03 9.999256e-01 -1.178659e-02 -4.192680e-01 -4.835823e-02 1.162151e-02 9.987624e-01 -3.061837e+01
9.994562e-01 -2.287860e-03 -3.289488e-02 2.821569e+01 2.426747e-03 9.999883e-01 4.182858e-03 -3.944499e-01 3.288492e-02 -4.260412e-03 9.994501e-01 -3.182257e+01
9.992729e-01 3.411583e-03 3.797284e-02 2.827348e+01 -3.057487e-03 9.999513e-01 -9.379143e-03 -3.829450e-01 -3.800299e-02 9.256223e-03 9.992348e-01 -3.253313e+01
9.992104e-01 -2.357805e-03 -3.966201e-02 2.829607e+01 2.668983e-03 9.999661e-01 7.794629e-03 -3.807203e-01 3.964229e-02 -7.894332e-03 9.991828e-01 -3.282987e+01
9.991512e-01 3.631850e-03 4.103357e-02 2.834694e+01 -3.180468e-03 9.999338e-01 -1.106022e-02 -3.743127e-01 -4.107102e-02 1.092033e-02 9.990966e-01 -3.334905e+01
9.994180e-01 -2.249718e-03 -3.403940e-02 2.840932e+01 2.446705e-03 9.999805e-01 5.746496e-03 -3.616123e-01 3.402581e-02 -5.826436e-03 9.994040e-01 -3.417569e+01
9.988863e-01 4.049420e-03 4.700711e-02 2.852032e+01 -3.435832e-03 9.999079e-01 -1.312656e-02 -3.429093e-01 -4.705593e-02 1.295044e-02 9.988083e-01 -3.528011e+01
9.990750e-01 -2.703835e-03 -4.291556e-02 2.866898e+01 3.066699e-03 9.999601e-01 8.391724e-03 -3.342052e-01 4.289116e-02 -8.515571e-03 9.990435e-01 -3.597353e+01
9.992917e-01 3.709311e-03 3.744678e-02 2.882224e+01 -3.395611e-03 9.999586e-01 -8.437336e-03 -3.446205e-01 -3.747653e-02 8.304206e-03 9.992630e-01 -3.590243e+01
9.992673e-01 -2.468466e-03 -3.819309e-02 2.893564e+01 2.706438e-03 9.999772e-01 6.180317e-03 -3.433335e-01 3.817697e-02 -6.279157e-03 9.992513e-01 -3.634299e+01
9.990377e-01 3.904983e-03 4.368488e-02 2.900928e+01 -3.436260e-03 9.999358e-01 -1.079959e-02 -3.309331e-01 -4.372425e-02 1.063909e-02 9.989870e-01 -3.714422e+01
9.994270e-01 -2.814351e-03 -3.373055e-02 2.906294e+01 2.977624e-03 9.999841e-01 4.791229e-03 -3.118574e-01 3.371653e-02 -4.888921e-03 9.994195e-01 -3.813941e+01
9.989661e-01 4.228750e-03 4.526399e-02 2.912344e+01 -3.719580e-03 9.999289e-01 -1.132720e-02 -2.913760e-01 -4.530867e-02 1.114713e-02 9.989108e-01 -3.918477e+01
9.995204e-01 -3.028505e-03 -3.081902e-02 2.916247e+01 3.153901e-03 9.999869e-01 4.020995e-03 -2.673223e-01 3.080644e-02 -4.116267e-03 9.995169e-01 -4.034344e+01
9.986760e-01 4.606096e-03 5.123567e-02 2.923414e+01 -3.917678e-03 9.999008e-01 -1.352863e-02 -2.375237e-01 -5.129290e-02 1.330999e-02 9.985950e-01 -4.179018e+01
9.980233e-01 -3.343467e-03 -6.275664e-02 2.946887e+01 4.287811e-03 9.998795e-01 1.491908e-02 -2.627213e-01 6.269919e-02 -1.515868e-02 9.979173e-01 -4.103753e+01
9.979955e-01 4.801998e-03 6.310174e-02 2.990087e+01 -3.713150e-03 9.998424e-01 -1.736138e-02 -2.836414e-01 -6.317517e-02 1.709228e-02 9.978561e-01 -4.123750e+01
9.992469e-01 -2.361800e-03 -3.873171e-02 2.983288e+01 2.617405e-03 9.999751e-01 6.549996e-03 -2.411746e-01 3.871528e-02 -6.646440e-03 9.992282e-01 -4.274057e+01
9.987721e-01 3.149695e-03 4.944131e-02 2.915916e+01 -2.768423e-03 9.999659e-01 -7.778196e-03 -1.959581e-01 -4.946412e-02 7.631772e-03 9.987467e-01 -4.260782e+01
9.981952e-01 -1.714291e-03 -6.002778e-02 2.941490e+01 2.383073e-03 9.999359e-01 1.107139e-02 -2.310033e-01 6.000495e-02 -1.119446e-02 9.981353e-01 -4.121136e+01
9.984234e-01 3.111287e-03 5.604512e-02 2.954040e+01 -2.615288e-03 9.999568e-01 -8.921163e-03 -2.603606e-01 -5.607046e-02 8.760524e-03 9.983884e-01 -4.016647e+01
9.990142e-01 -2.001075e-03 -4.434644e-02 2.957635e+01 2.113915e-03 9.999946e-01 2.497764e-03 -2.390098e-01 4.434120e-02 -2.589047e-03 9.990131e-01 -4.120524e+01
9.985746e-01 3.283081e-03 5.327243e-02 2.962653e+01 -2.848781e-03 9.999621e-01 -8.226322e-03 -2.217078e-01 -5.329742e-02 8.062836e-03 9.985461e-01 -4.210491e+01
9.992159e-01 -2.220346e-03 -3.953131e-02 2.968021e+01 2.268754e-03 9.999967e-01 1.179725e-03 -1.988495e-01 3.952856e-02 -1.268488e-03 9.992176e-01 -4.323038e+01
9.985906e-01 3.408791e-03 5.296390e-02 2.972935e+01 -2.979127e-03 9.999620e-01 -8.189209e-03 -1.753370e-01 -5.298980e-02 8.019882e-03 9.985628e-01 -4.434291e+01
9.987389e-01 -2.605643e-03 -5.013861e-02 2.981593e+01 2.799476e-03 9.999889e-01 3.796099e-03 -1.667123e-01 5.012816e-02 -3.931674e-03 9.987351e-01 -4.497743e+01
9.987778e-01 3.649251e-03 4.929063e-02 2.987813e+01 -3.369806e-03 9.999778e-01 -5.751245e-03 -1.656247e-01 -4.931052e-02 5.578116e-03 9.987679e-01 -4.532637e+01
9.991793e-01 -2.739169e-03 -4.041437e-02 2.991229e+01 2.756267e-03 9.999961e-01 3.673495e-04 -1.471932e-01 4.041321e-02 -4.784415e-04 9.991829e-01 -4.623313e+01
9.992009e-01 3.463058e-03 3.982035e-02 2.995772e+01 -3.332000e-03 9.999888e-01 -3.357132e-03 -1.417992e-01 -3.983153e-02 3.221768e-03 9.992012e-01 -4.669206e+01
9.990351e-01 -2.533593e-03 -4.384521e-02 3.006350e+01 2.640950e-03 9.999937e-01 2.390779e-03 -1.474420e-01 4.383888e-02 -2.504266e-03 9.990355e-01 -4.676709e+01
9.983506e-01 3.922821e-03 5.727709e-02 3.009564e+01 -3.415484e-03 9.999541e-01 -8.952791e-03 -1.256672e-01 -5.730958e-02 8.742396e-03 9.983182e-01 -4.780259e+01
9.984879e-01 -3.054422e-03 -5.488690e-02 3.008374e+01 3.349788e-03 9.999804e-01 5.290152e-03 -1.193893e-01 5.486967e-02 -5.466013e-03 9.984786e-01 -4.817671e+01
9.983702e-01 4.141016e-03 5.691904e-02 3.001575e+01 -3.706078e-03 9.999631e-01 -7.744782e-03 -1.077787e-01 -5.694901e-02 7.521214e-03 9.983488e-01 -4.864590e+01
9.989004e-01 -3.386491e-03 -4.676030e-02 3.005760e+01 3.470475e-03 9.999925e-01 1.714974e-03 -8.876308e-02 4.675414e-02 -1.875369e-03 9.989047e-01 -4.956142e+01
9.971094e-01 5.307372e-03 7.579351e-02 3.009177e+01 -4.318117e-03 9.999034e-01 -1.320989e-02 -4.871903e-02 -7.585630e-02 1.284442e-02 9.970360e-01 -5.126074e+01
9.980448e-01 -3.914316e-03 -6.237936e-02 3.011478e+01 4.285611e-03 9.999739e-01 5.819520e-03 -2.455370e-02 6.235495e-02 -6.075477e-03 9.980355e-01 -5.237381e+01
9.970490e-01 5.799112e-03 7.654829e-02 3.017845e+01 -4.780797e-03 9.998977e-01 -1.347947e-02 -3.431603e-03 -7.661863e-02 1.307373e-02 9.969748e-01 -5.353434e+01
9.978692e-01 -4.232200e-03 -6.510878e-02 3.028752e+01 4.636814e-03 9.999709e-01 6.064588e-03 1.376026e-02 6.508121e-02 -6.353564e-03 9.978597e-01 -5.458770e+01
9.971892e-01 6.104779e-03 7.467593e-02 3.037496e+01 -5.145011e-03 9.999018e-01 -1.303806e-02 2.781868e-02 -7.474819e-02 1.261721e-02 9.971226e-01 -5.550554e+01
9.978848e-01 -4.485114e-03 -6.485207e-02 3.047106e+01 4.921622e-03 9.999663e-01 6.572642e-03 4.165830e-02 6.482041e-02 -6.877917e-03 9.978732e-01 -5.644232e+01
9.965414e-01 6.668884e-03 8.283006e-02 3.052501e+01 -5.409344e-03 9.998665e-01 -1.542143e-02 6.819145e-02 -8.292184e-02 1.492004e-02 9.964444e-01 -5.776672e+01
9.974289e-01 -5.139298e-03 -7.147800e-02 3.056105e+01 5.737269e-03 9.999502e-01 8.163014e-03 8.493906e-02 7.143249e-02 -8.552115e-03 9.974088e-01 -5.873652e+01
9.965539e-01 7.355402e-03 8.262056e-02 3.064225e+01 -6.133555e-03 9.998682e-01 -1.503276e-02 1.031312e-01 -8.272025e-02 1.447419e-02 9.964677e-01 -5.977770e+01
9.974408e-01 -5.686112e-03 -7.127116e-02 3.069123e+01 6.304624e-03 9.999444e-01 8.456354e-03 1.227146e-01 7.121911e-02 -8.884051e-03 9.974211e-01 -6.076841e+01
9.971368e-01 7.376386e-03 7.525813e-02 3.079365e+01 -6.423477e-03 9.998962e-01 -1.289607e-02 1.294085e-01 -7.534545e-02 1.237573e-02 9.970807e-01 -6.133856e+01
9.973275e-01 -5.585022e-03 -7.284665e-02 3.094640e+01 6.310906e-03 9.999327e-01 9.738181e-03 1.327154e-01 7.278736e-02 -1.017188e-02 9.972956e-01 -6.184829e+01
9.970055e-01 6.922354e-03 7.702002e-02 3.114750e+01 -5.860381e-03 9.998847e-01 -1.400576e-02 1.378691e-01 -7.710810e-02 1.351245e-02 9.969312e-01 -6.248939e+01
9.973057e-01 -5.400070e-03 -7.315882e-02 3.133723e+01 6.120210e-03 9.999350e-01 9.622923e-03 1.420977e-01 7.310210e-02 -1.004474e-02 9.972739e-01 -6.312277e+01
9.968332e-01 7.175885e-03 7.919613e-02 3.145280e+01 -6.009747e-03 9.998701e-01 -1.495323e-02 1.521797e-01 -7.929315e-02 1.442992e-02 9.967469e-01 -6.392017e+01
9.964068e-01 -5.193728e-03 -8.453748e-02 3.157429e+01 6.408468e-03 9.998800e-01 1.410422e-02 1.436638e-01 8.445408e-02 -1.459530e-02 9.963205e-01 -6.390942e+01
9.955380e-01 7.695670e-03 9.404704e-02 3.165111e+01 -5.821597e-03 9.997793e-01 -2.018512e-02 1.607385e-01 -9.418163e-02 1.954755e-02 9.953631e-01 -6.485488e+01
9.960407e-01 -5.618611e-03 -8.872088e-02 3.167151e+01 6.977615e-03 9.998629e-01 1.501504e-02 1.703806e-01 8.862435e-02 -1.557466e-02 9.959433e-01 -6.542221e+01
9.958030e-01 7.924586e-03 9.117899e-02 3.175290e+01 -6.275128e-03 9.998117e-01 -1.836282e-02 1.719674e-01 -9.130734e-02 1.771359e-02 9.956652e-01 -6.569229e+01
9.961668e-01 -5.614214e-03 -8.729407e-02 3.183615e+01 6.851148e-03 9.998802e-01 1.387659e-02 1.803051e-01 8.720571e-02 -1.442146e-02 9.960859e-01 -6.639062e+01
9.950330e-01 8.560566e-03 9.917733e-02 3.189291e+01 -6.485461e-03 9.997537e-01 -2.122672e-02 1.997749e-01 -9.933461e-02 2.047807e-02 9.948433e-01 -6.745400e+01
9.968920e-01 -6.216339e-03 -7.853491e-02 3.192202e+01 7.129588e-03 9.999101e-01 1.135353e-02 2.317337e-01 7.845728e-02 -1.187817e-02 9.968467e-01 -6.889334e+01
9.942870e-01 9.354513e-03 1.063291e-01 3.192823e+01 -6.948307e-03 9.997118e-01 -2.297778e-02 2.715842e-01 -1.065134e-01 2.210770e-02 9.940655e-01 -7.056100e+01
9.966318e-01 -6.833568e-03 -8.172181e-02 3.197125e+01 7.799107e-03 9.999034e-01 1.150158e-02 3.079547e-01 8.163532e-02 -1.210019e-02 9.965888e-01 -7.217395e+01
9.940280e-01 9.957911e-03 1.086703e-01 3.199550e+01 -7.449550e-03 9.996969e-01 -2.346392e-02 3.467639e-01 -1.088711e-01 2.251425e-02 9.938009e-01 -7.387909e+01
9.958184e-01 -7.322058e-03 -9.106117e-02 3.202636e+01 8.661951e-03 9.998598e-01 1.432771e-02 3.730869e-01 9.094349e-02 -1.505657e-02 9.957422e-01 -7.510452e+01
9.953974e-01 9.931564e-03 9.531722e-02 3.207322e+01 -8.094035e-03 9.997742e-01 -1.964536e-02 3.827230e-01 -9.549081e-02 1.878344e-02 9.952531e-01 -7.579265e+01
9.964348e-01 -7.775138e-03 -8.400739e-02 3.212632e+01 8.871018e-03 9.998803e-01 1.267965e-02 4.026865e-01 8.389875e-02 -1.337967e-02 9.963845e-01 -7.681993e+01
9.931491e-01 9.686991e-03 1.164522e-01 3.149709e+01 -6.972757e-03 9.996950e-01 -2.369254e-02 4.678560e-01 -1.166462e-01 2.271823e-02 9.929137e-01 -7.781045e+01
9.951727e-01 -6.561215e-03 -9.791934e-02 3.067422e+01 8.504162e-03 9.997749e-01 1.943817e-02 5.335079e-01 9.776976e-02 -2.017706e-02 9.950045e-01 -7.757591e+01
9.932921e-01 9.363277e-03 1.152528e-01 2.992240e+01 -6.978111e-03 9.997534e-01 -2.108119e-02 5.810411e-01 -1.154218e-01 2.013553e-02 9.931125e-01 -7.706873e+01
9.964441e-01 -6.949799e-03 -8.396954e-02 2.865898e+01 8.308113e-03 9.998401e-01 1.583767e-02 6.700220e-01 8.384604e-02 -1.647898e-02 9.963425e-01 -7.707751e+01
9.932446e-01 9.236058e-03 1.156711e-01 2.732170e+01 -6.705761e-03 9.997301e-01 -2.224500e-02 7.684692e-01 -1.158453e-01 2.131906e-02 9.930384e-01 -7.737711e+01
9.950954e-01 -6.410301e-03 -9.871151e-02 2.670885e+01 8.035944e-03 9.998384e-01 1.607985e-02 8.254465e-01 9.859248e-02 -1.679423e-02 9.949862e-01 -7.807801e+01
9.940294e-01 9.431394e-03 1.087044e-01 2.676855e+01 -7.000585e-03 9.997173e-01 -2.272163e-02 8.438712e-01 -1.088880e-01 2.182498e-02 9.938144e-01 -7.905062e+01
9.956477e-01 -6.985769e-03 -9.293465e-02 2.682728e+01 8.367384e-03 9.998601e-01 1.448517e-02 8.683267e-01 9.282046e-02 -1.519975e-02 9.955668e-01 -8.026327e+01
9.938991e-01 1.024734e-02 1.098163e-01 2.697053e+01 -7.682833e-03 9.996884e-01 -2.375044e-02 8.872675e-01 -1.100254e-01 2.276184e-02 9.936681e-01 -8.151837e+01
9.943424e-01 -8.146282e-03 -1.059098e-01 2.677921e+01 1.021944e-02 9.997664e-01 1.904684e-02 8.965614e-01 1.057299e-01 -2.002142e-02 9.941933e-01 -8.158162e+01
9.925389e-01 1.190185e-02 1.213461e-01 2.646340e+01 -9.016105e-03 9.996640e-01 -2.430250e-02 9.240725e-01 -1.215946e-01 2.302711e-02 9.923127e-01 -8.184868e+01
9.972954e-01 -9.118235e-03 -7.293000e-02 2.628315e+01 9.686984e-03 9.999253e-01 7.448648e-03 9.954438e-01 7.285663e-02 -8.134975e-03 9.973092e-01 -8.415933e+01
9.909260e-01 1.339935e-02 1.337391e-01 2.614816e+01 -9.582168e-03 9.995293e-01 -2.914495e-02 1.076486e+00 -1.340667e-01 2.759898e-02 9.905879e-01 -8.711336e+01
9.976612e-01 -9.812294e-03 -6.764555e-02 2.598183e+01 1.026385e-02 9.999273e-01 6.330985e-03 1.164464e+00 6.757851e-02 -7.010482e-03 9.976893e-01 -9.015632e+01
9.917242e-01 1.336418e-02 1.276891e-01 2.561301e+01 -1.009433e-02 9.996052e-01 -2.622082e-02 1.256440e+00 -1.279891e-01 2.471488e-02 9.914676e-01 -9.260389e+01
9.973282e-01 -1.049774e-02 -7.229249e-02 2.533766e+01 1.104640e-02 9.999131e-01 7.193839e-03 1.334871e+00 7.221069e-02 -7.973191e-03 9.973575e-01 -9.515163e+01
9.912748e-01 1.465348e-02 1.309945e-01 2.507072e+01 -1.114668e-02 9.995606e-01 -2.746390e-02 1.420119e+00 -1.313393e-01 2.576412e-02 9.910026e-01 -9.773859e+01
9.952973e-01 -1.166403e-02 -9.616249e-02 2.501413e+01 1.301764e-02 9.998247e-01 1.346086e-02 1.478568e+00 9.598862e-02 -1.464937e-02 9.952746e-01 -9.946107e+01
9.921395e-01 1.547314e-02 1.241768e-01 2.498512e+01 -1.226276e-02 9.995716e-01 -2.657614e-02 1.519312e+00 -1.245348e-01 2.484449e-02 9.919041e-01 -1.011670e+02
9.966295e-01 -1.234552e-02 -8.110046e-02 2.492181e+01 1.321398e-02 9.998609e-01 1.018054e-02 1.580818e+00 8.096349e-02 -1.121788e-02 9.966539e-01 -1.033564e+02
9.923161e-01 1.613914e-02 1.226715e-01 2.481848e+01 -1.293230e-02 9.995547e-01 -2.689309e-02 1.638710e+00 -1.230509e-01 2.510002e-02 9.920829e-01 -1.055532e+02
9.959583e-01 -1.302145e-02 -8.886835e-02 2.458043e+01 1.425476e-02 9.998105e-01 1.325741e-02 1.689976e+00 8.867888e-02 -1.447062e-02 9.959551e-01 -1.070677e+02
9.899803e-01 1.706387e-02 1.401708e-01 2.430377e+01 -1.278899e-02 9.994269e-01 -3.134207e-02 1.770254e+00 -1.406253e-01 2.923539e-02 9.896312e-01 -1.094155e+02
9.958078e-01 -1.368047e-02 -9.044156e-02 2.430730e+01 1.487809e-02 9.998102e-01 1.258103e-02 1.834196e+00 9.025228e-02 -1.387389e-02 9.958223e-01 -1.119363e+02
9.885862e-01 1.878092e-02 1.494813e-01 2.429471e+01 -1.350185e-02 9.992514e-01 -3.625286e-02 1.910501e+00 -1.500503e-01 3.382081e-02 9.880997e-01 -1.150860e+02
9.973025e-01 -1.494168e-02 -7.186405e-02 2.424156e+01 1.563524e-02 9.998364e-01 9.098140e-03 2.006921e+00 7.171635e-02 -1.019721e-02 9.973729e-01 -1.188600e+02
9.925676e-01 1.814562e-02 1.203337e-01 2.427933e+01 -1.483395e-02 9.994877e-01 -2.835973e-02 2.067290e+00 -1.207867e-01 2.636393e-02 9.923283e-01 -1.213195e+02
9.973687e-01 -1.536952e-02 -7.084824e-02 2.425912e+01 1.597462e-02 9.998405e-01 7.982112e-03 2.132867e+00 7.071426e-02 -9.092883e-03 9.974552e-01 -1.240814e+02
9.916503e-01 1.950440e-02 1.274729e-01 2.424687e+01 -1.582668e-02 9.994306e-01 -2.980060e-02 2.211265e+00 -1.279815e-01 2.753430e-02 9.913943e-01 -1.268340e+02
9.948033e-01 -1.602089e-02 -1.005470e-01 2.429133e+01 1.776852e-02 9.997058e-01 1.650973e-02 2.250049e+00 1.002529e-01 -1.821051e-02 9.947953e-01 -1.285277e+02
9.922185e-01 2.009684e-02 1.228761e-01 2.434176e+01 -1.668142e-02 9.994471e-01 -2.876158e-02 2.283254e+00 -1.233862e-01 2.648803e-02 9.920052e-01 -1.300622e+02
9.957137e-01 -1.723693e-02 -9.086894e-02 2.440853e+01 1.855342e-02 9.997345e-01 1.366300e-02 2.326854e+00 9.060931e-02 -1.529037e-02 9.957691e-01 -1.320459e+02
9.899735e-01 2.227681e-02 1.394854e-01 2.441837e+01 -1.759454e-02 9.992425e-01 -3.471190e-02 2.387938e+00 -1.401530e-01 3.190968e-02 9.896155e-01 -1.347500e+02
9.942596e-01 -1.740644e-02 -1.055693e-01 2.451115e+01 1.946978e-02 9.996384e-01 1.854581e-02 2.432482e+00 1.052083e-01 -2.049476e-02 9.942390e-01 -1.367478e+02
9.916300e-01 2.184672e-02 1.272505e-01 2.459198e+01 -1.800178e-02 9.993483e-01 -3.128769e-02 2.463833e+00 -1.278511e-01 2.873508e-02 9.913770e-01 -1.383079e+02
9.948816e-01 -1.810691e-02 -9.941242e-02 2.459079e+01 1.990392e-02 9.996554e-01 1.711424e-02 2.503775e+00 9.906828e-02 -1.900534e-02 9.948991e-01 -1.400754e+02
9.907760e-01 2.284872e-02 1.335693e-01 2.468131e+01 -1.855596e-02 9.992733e-01 -3.329599e-02 2.546973e+00 -1.342330e-01 3.051036e-02 9.904800e-01 -1.419783e+02
9.929637e-01 -1.850909e-02 -1.169635e-01 2.483085e+01 2.123346e-02 9.995305e-01 2.208938e-02 2.569185e+00 1.164997e-01 -2.441750e-02 9.928905e-01 -1.433204e+02
9.893433e-01 2.389856e-02 1.436272e-01 2.490654e+01 -1.884705e-02 9.991585e-01 -3.642937e-02 2.603866e+00 -1.443770e-01 3.333420e-02 9.889611e-01 -1.449214e+02
9.930848e-01 -1.926765e-02 -1.158075e-01 2.492217e+01 2.199875e-02 9.995081e-01 2.235131e-02 2.641665e+00 1.153198e-01 -2.474436e-02 9.930202e-01 -1.466083e+02
