9.999586e-01 1.393207e-04 -9.097454e-03 -7.381599e-02 -1.377866e-04 1.000000e+00 1.692613e-04 -5.784726e-03 9.097477e-03 -1.680015e-04 9.999586e-01 2.680023e-01
9.999999e-01 9.950945e-05 -4.840764e-04 -1.542141e-01 -9.949464e-05 1.000000e+00 3.055995e-05 -1.150560e-02 4.840798e-04 -3.051107e-05 9.999999e-01 5.786431e-01
9.999697e-01 -8.173755e-05 -7.783385e-03 -2.499182e-01 8.136549e-05 1.000000e+00 -4.811389e-05 -1.751365e-02 7.783388e-03 4.747842e-05 9.999697e-01 9.189375e-01
9.999979e-01 2.362838e-04 -2.021569e-03 -3.132420e-01 -2.357445e-04 9.999999e-01 2.669634e-04 -2.369306e-02 2.021633e-03 -2.664856e-04 9.999979e-01 1.209181e+00
9.999645e-01 8.210970e-06 -8.423993e-03 -3.336762e-01 -8.333843e-06 1.000000e+00 -1.454649e-05 -3.203086e-02 8.423993e-03 1.461547e-05 9.999645e-01 1.498564e+00
9.999977e-01 2.882817e-04 -2.147492e-03 -3.474556e-01 -2.874564e-04 9.999999e-01 3.846085e-04 -3.912655e-02 2.147603e-03 -3.839895e-04 9.999976e-01 1.688523e+00
9.999633e-01 8.005865e-05 -8.564118e-03 -3.323384e-01 -8.045322e-05 1.000000e+00 -4.572329e-05 -4.725876e-02 8.564114e-03 4.640991e-05 9.999633e-01 1.879380e+00
9.999984e-01 1.658276e-04 -1.772775e-03 -2.988139e-01 -1.653992e-04 1.000000e+00 2.417872e-04 -5.979100e-02 1.772815e-03 -2.414929e-04 9.999984e-01 2.264016e+00
9.999585e-01 4.373285e-05 -9.113552e-03 -3.069330e-01 -4.284699e-05 1.000000e+00 9.740347e-05 -6.868848e-02 9.113555e-03 -9.700965e-05 9.999585e-01 2.552714e+00
9.999969e-01 2.601978e-04 -2.458284e-03 -3.202498e-01 -2.591255e-04 9.999999e-01 4.364720e-04 -7.533598e-02 2.458398e-03 -4.358329e-04 9.999969e-01 2.715688e+00
9.999667e-01 -2.590951e-05 -8.158147e-03 -2.929944e-01 2.531812e-05 1.000000e+00 -7.258616e-05 -8.675186e-02 8.158149e-03 7.237648e-05 9.999667e-01 3.046369e+00
9.999964e-01 1.241257e-04 -2.671584e-03 -3.066079e-01 -1.234505e-04 1.000000e+00 2.528718e-04 -9.726070e-02 2.671616e-03 -2.525403e-04 9.999964e-01 3.438904e+00
9.999643e-01 2.472444e-04 -8.444035e-03 -4.128547e-01 -2.466648e-04 1.000000e+00 6.968865e-05 -9.790043e-02 8.444052e-03 -6.760403e-05 9.999643e-01 3.521874e+00
9.999973e-01 9.974482e-06 -2.316470e-03 -4.824210e-01 -9.453396e-06 1.000000e+00 2.249271e-04 -1.024248e-01 2.316472e-03 -2.249039e-04 9.999973e-01 3.727821e+00
9.999598e-01 2.623758e-04 -8.968166e-03 -5.682125e-01 -2.610460e-04 1.000000e+00 1.494538e-04 -1.048792e-01 8.968204e-03 -1.471074e-04 9.999598e-01 3.858195e+00
9.999931e-01 1.351997e-04 -3.706579e-03 -6.813384e-01 -1.341565e-04 1.000000e+00 2.816926e-04 -1.043147e-01 3.706617e-03 -2.811927e-04 9.999931e-01 3.895550e+00
9.999652e-01 1.746706e-04 -8.336762e-03 -7.716035e-01 -1.724204e-04 9.999999e-01 2.706444e-04 -1.051253e-01 8.336809e-03 -2.691982e-04 9.999652e-01 3.936639e+00
9.999943e-01 5.479600e-04 -3.345076e-03 -8.651721e-01 -5.470499e-04 9.999998e-01 2.729645e-04 -1.025467e-01 3.345225e-03 -2.711323e-04 9.999944e-01 3.821810e+00
9.999708e-01 -1.879743e-04 -7.641435e-03 -9.354264e-01 1.889274e-04 1.000000e+00 1.240201e-04 -1.037039e-01 7.641412e-03 -1.254608e-04 9.999708e-01 3.832413e+00
9.999951e-01 5.309968e-04 -3.097459e-03 -9.400974e-01 -5.298942e-04 9.999998e-01 3.567727e-04 -1.107287e-01 3.097648e-03 -3.551289e-04 9.999951e-01 4.003264e+00
9.999699e-01 -1.578468e-04 -7.759500e-03 -9.887062e-01 1.581082e-04 1.000000e+00 3.308026e-05 -1.136868e-01 7.759494e-03 -3.430681e-05 9.999699e-01 4.047634e+00
9.999962e-01 4.441327e-04 -2.714900e-03 -1.017651e+00 -4.431217e-04 9.999998e-01 3.729532e-04 -1.186626e-01 2.715065e-03 -3.717481e-04 9.999962e-01 4.151561e+00
9.999653e-01 -1.582404e-04 -8.329328e-03 -1.065414e+00 1.582003e-04 1.000000e+00 -5.466710e-06 -1.229881e-01 8.329329e-03 4.148113e-06 9.999653e-01 4.269573e+00
9.999980e-01 3.222144e-04 -1.985905e-03 -1.067092e+00 -3.216160e-04 9.999999e-01 3.015365e-04 -1.315549e-01 1.986003e-03 -3.008965e-04 9.999980e-01 4.512000e+00
9.999604e-01 2.392970e-04 -8.901245e-03 -1.081171e+00 -2.363940e-04 9.999999e-01 3.272044e-04 -1.328450e-01 8.901322e-03 -3.250879e-04 9.999603e-01 4.410331e+00
9.999977e-01 1.001532e-03 -1.890206e-03 -1.084952e+00 -1.000949e-03 9.999995e-01 3.090988e-04 -1.307088e-01 1.890515e-03 -3.072053e-04 9.999982e-01 4.156028e+00
9.999685e-01 6.136839e-04 -7.914066e-03 -1.065519e+00 -6.095661e-04 9.999997e-01 5.227360e-04 -1.271562e-01 7.914384e-03 -5.178961e-04 9.999685e-01 3.791594e+00
9.999979e-01 -7.574090e-05 -2.030062e-03 -1.126439e+00 7.655298e-05 9.999999e-01 3.998868e-04 -1.254558e-01 2.030032e-03 -4.000406e-04 9.999979e-01 3.732795e+00
9.999754e-01 7.360366e-04 -6.981526e-03 -1.190875e+00 -7.346558e-04 9.999997e-01 2.003663e-04 -1.257679e-01 6.981671e-03 -1.952330e-04 9.999756e-01 3.742789e+00
9.999957e-01 -1.081745e-04 -2.943282e-03 -1.206364e+00 1.085628e-04 1.000000e+00 1.317087e-04 -1.262192e-01 2.943268e-03 -1.320270e-04 9.999957e-01 3.653330e+00
9.999668e-01 1.082076e-03 -8.079170e-03 -1.181365e+00 -1.078123e-03 9.999993e-01 4.936128e-04 -1.265008e-01 8.079698e-03 -4.848868e-04 9.999672e-01 3.449839e+00
9.999969e-01 2.028540e-04 -2.478856e-03 -1.164250e+00 -2.022970e-04 1.000000e+00 2.249033e-04 -1.252180e-01 2.478902e-03 -2.244004e-04 9.999969e-01 3.190256e+00
9.999699e-01 1.458303e-03 -7.618746e-03 -1.158491e+00 -1.453683e-03 9.999988e-01 6.119365e-04 -1.199093e-01 7.619628e-03 -6.008435e-04 9.999708e-01 2.813358e+00
9.999967e-01 1.876359e-04 -2.574231e-03 -1.159835e+00 -1.873406e-04 1.000000e+00 1.148791e-04 -1.144583e-01 2.574253e-03 -1.143958e-04 9.999967e-01 2.447361e+00
9.999744e-01 1.716574e-03 -6.939751e-03 -1.140855e+00 -1.711115e-03 9.999982e-01 7.924562e-04 -1.069553e-01 6.941099e-03 -7.805619e-04 9.999756e-01 1.985144e+00
9.999958e-01 3.830971e-04 -2.868631e-03 -1.155354e+00 -3.829474e-04 9.999999e-01 5.268547e-05 -9.697035e-02 2.868651e-03 -5.158602e-05 9.999959e-01 1.497453e+00
9.999721e-01 1.526656e-03 -7.309065e-03 -1.170363e+00 -1.520952e-03 9.999985e-01 7.859064e-04 -8.868351e-02 7.310254e-03 -7.747684e-04 9.999730e-01 1.059648e+00
9.999942e-01 1.268443e-04 -3.407178e-03 -1.178892e+00 -1.268344e-04 1.000000e+00 3.060694e-06 -8.253790e-02 3.407179e-03 -2.627830e-06 9.999942e-01 6.975344e-01
9.999651e-01 1.248470e-03 -8.264043e-03 -1.204399e+00 -1.242711e-03 9.999990e-01 7.019827e-04 -7.866074e-02 8.264910e-03 -6.916890e-04 9.999656e-01 4.329955e-01
9.999921e-01 7.827299e-04 -3.907846e-03 -1.335127e+00 -7.832436e-04 9.999997e-01 -1.299810e-04 -6.825404e-02 3.907743e-03 1.330415e-04 9.999924e-01 9.452489e-02
9.999581e-01 6.185230e-04 -9.128899e-03 -1.440936e+00 -6.123029e-04 9.999996e-01 6.841611e-04 -5.970522e-02 9.129318e-03 -6.785435e-04 9.999581e-01 -1.538759e-01
9.999973e-01 9.372804e-04 -2.124522e-03 -1.485539e+00 -9.373730e-04 9.999996e-01 -4.264543e-05 -5.412878e-02 2.124481e-03 4.463748e-05 9.999977e-01 -4.527921e-01
9.999584e-01 6.737476e-04 -9.094722e-03 -1.528480e+00 -6.673354e-04 9.999995e-01 7.080806e-04 -4.812626e-02 9.095194e-03 -7.019826e-04 9.999584e-01 -7.725438e-01
9.999933e-01 6.076921e-04 -3.608828e-03 -1.603972e+00 -6.081924e-04 9.999998e-01 -1.375865e-04 -4.275443e-02 3.608744e-03 1.397812e-04 9.999935e-01 -1.001854e+00
9.999627e-01 5.508010e-04 -8.620123e-03 -1.680732e+00 -5.451064e-04 9.999996e-01 6.629762e-04 -3.921917e-02 8.620484e-03 -6.582533e-04 9.999626e-01 -1.188135e+00
9.999959e-01 8.527592e-04 -2.740126e-03 -1.754672e+00 -8.531709e-04 9.999996e-01 -1.491400e-04 -3.411579e-02 2.739998e-03 1.514779e-04 9.999962e-01 -1.441295e+00
9.999697e-01 1.049881e-03 -7.709437e-03 -1.803138e+00 -1.043788e-03 9.999991e-01 7.943379e-04 -2.604138e-02 7.710264e-03 -7.862675e-04 9.999700e-01 -1.834786e+00
9.999975e-01 8.463890e-04 -2.063283e-03 -1.830668e+00 -8.465721e-04 9.999996e-01 -8.795958e-05 -1.816420e-02 2.063208e-03 8.970677e-05 9.999979e-01 -2.254758e+00
9.999749e-01 1.342347e-03 -6.962633e-03 -1.820986e+00 -1.335619e-03 9.999986e-01 9.708989e-04 -9.665646e-03 6.963926e-03 -9.615758e-04 9.999753e-01 -2.777716e+00
9.999986e-01 1.239981e-03 -1.141606e-03 -1.809875e+00 -1.239915e-03 9.999992e-01 5.865733e-05 3.952757e-03 1.141678e-03 -5.724107e-05 9.999993e-01 -3.464256e+00
9.999690e-01 2.217432e-03 -7.561365e-03 -1.969864e+00 -2.212615e-03 9.999973e-01 6.454362e-04 2.729274e-02 7.562776e-03 -6.286864e-04 9.999712e-01 -4.225815e+00
9.999980e-01 1.193944e-03 -1.581232e-03 -2.134325e+00 -1.193891e-03 9.999993e-01 3.423313e-05 5.359759e-02 1.581272e-03 -3.234456e-05 9.999987e-01 -5.016668e+00
9.999732e-01 1.397899e-03 -7.189487e-03 -2.136259e+00 -1.391021e-03 9.999986e-01 9.616242e-04 6.698677e-02 7.190820e-03 -9.515983e-04 9.999737e-01 -5.661801e+00
9.999964e-01 1.192019e-03 -2.398628e-03 -2.145230e+00 -1.191853e-03 9.999993e-01 7.017881e-05 8.368029e-02 2.398711e-03 -6.731905e-05 9.999971e-01 -6.376465e+00
9.999900e-01 2.208619e-03 -3.897813e-03 -2.181667e+00 -2.205320e-03 9.999972e-01 8.504956e-04 1.010675e-01 3.899680e-03 -8.418918e-04 9.999920e-01 -7.194654e+00
9.999924e-01 1.129682e-03 -3.730027e-03 -2.183011e+00 -1.128794e-03 9.999993e-01 2.400776e-04 1.212226e-01 3.730296e-03 -2.358647e-04 9.999930e-01 -8.105261e+00
9.999905e-01 2.546949e-03 -3.532500e-03 -2.280687e+00 -2.544562e-03 9.999965e-01 6.800625e-04 1.460358e-01 3.534219e-03 -6.710681e-04 9.999935e-01 -9.009247e+00
9.999925e-01 1.055233e-03 -3.719506e-03 -2.340429e+00 -1.054006e-03 9.999994e-01 3.315848e-04 1.711659e-01 3.719854e-03 -3.276613e-04 9.999930e-01 -9.977953e+00
9.999920e-01 2.509720e-03 -3.105297e-03 -2.402901e+00 -2.507540e-03 9.999966e-01 7.057884e-04 1.940632e-01 3.107057e-03 -6.979968e-04 9.999949e-01 -1.088718e+01
9.999910e-01 3.781812e-04 -4.230949e-03 -2.379659e+00 -3.770666e-04 9.999999e-01 2.641798e-04 2.079233e-01 4.231048e-03 -2.625813e-04 9.999910e-01 -1.163354e+01
9.999929e-01 2.653061e-03 -2.689148e-03 -2.281434e+00 -2.650540e-03 9.999960e-01 9.408427e-04 2.248573e-01 2.691633e-03 -9.337090e-04 9.999959e-01 -1.255010e+01
9.999930e-01 5.452154e-04 -3.703577e-03 -2.253190e+00 -5.447009e-04 9.999998e-01 1.398604e-04 2.396302e-01 3.703652e-03 -1.378414e-04 9.999931e-01 -1.336451e+01
9.999886e-01 2.710271e-03 -3.938792e-03 -2.120983e+00 -2.706797e-03 9.999959e-01 8.870737e-04 2.554389e-01 3.941180e-03 -8.764028e-04 9.999918e-01 -1.431035e+01
9.999984e-01 6.999269e-04 -1.657232e-03 -2.007713e+00 -6.991844e-04 9.999997e-01 4.484176e-04 2.733617e-01 1.657546e-03 -4.472575e-04 9.999985e-01 -1.531978e+01
9.999802e-01 2.029253e-03 -5.961791e-03 -1.883680e+00 -2.024901e-03 9.999977e-01 7.361038e-04 2.873977e-01 5.963270e-03 -7.240179e-04 9.999820e-01 -1.615988e+01
9.999973e-01 3.936025e-04 -2.272877e-03 -1.829768e+00 -3.930866e-04 9.999999e-01 2.273439e-04 2.984305e-01 2.272967e-03 -2.264491e-04 9.999974e-01 -1.681780e+01
9.999780e-01 2.066832e-03 -6.296867e-03 -1.819476e+00 -2.062452e-03 9.999976e-01 7.020772e-04 3.113415e-01 6.298303e-03 -6.890754e-04 9.999799e-01 -1.746101e+01
9.999991e-01 6.259542e-04 -1.179821e-03 -1.746639e+00 -6.254950e-04 9.999997e-01 3.893148e-04 3.223452e-01 1.180065e-03 -3.885758e-04 9.999992e-01 -1.817178e+01
9.999770e-01 2.136467e-03 -6.434187e-03 -1.716385e+00 -2.132388e-03 9.999975e-01 6.408654e-04 3.371026e-01 6.435540e-03 -6.271312e-04 9.999791e-01 -1.893928e+01
9.999994e-01 1.068928e-03 -3.943792e-04 -1.730977e+00 -1.068782e-03 9.999994e-01 3.680967e-04 3.565155e-01 3.947727e-04 -3.676742e-04 9.999999e-01 -1.978779e+01
9.999668e-01 1.498188e-03 -8.004405e-03 -1.698639e+00 -1.493105e-03 9.999987e-01 6.410627e-04 3.721713e-01 8.005354e-03 -6.290907e-04 9.999678e-01 -2.052574e+01
9.999983e-01 1.009630e-03 -1.550859e-03 -1.780323e+00 -1.009474e-03 9.999995e-01 1.011957e-04 3.881549e-01 1.550960e-03 -9.962928e-05 9.999988e-01 -2.110287e+01
9.999701e-01 1.760595e-03 -7.527923e-03 -1.888682e+00 -1.756294e-03 9.999983e-01 5.779993e-04 4.076918e-01 7.528928e-03 -5.647614e-04 9.999715e-01 -2.174668e+01
9.999993e-01 1.039891e-03 -6.210365e-04 -1.939015e+00 -1.039749e-03 9.999994e-01 2.281895e-04 4.255617e-01 6.212737e-04 -2.275429e-04 9.999998e-01 -2.245370e+01
9.999765e-01 1.704444e-03 -6.642854e-03 -1.890515e+00 -1.699106e-03 9.999982e-01 8.092582e-04 4.365163e-01 6.644221e-03 -7.979529e-04 9.999776e-01 -2.315246e+01
9.999951e-01 5.719414e-04 -3.084080e-03 -1.831902e+00 -5.710676e-04 9.999998e-01 2.840811e-04 4.478671e-01 3.084243e-03 -2.823178e-04 9.999952e-01 -2.382993e+01
9.999822e-01 2.161475e-03 -5.558627e-03 -1.911095e+00 -2.159096e-03 9.999976e-01 4.340982e-04 4.653479e-01 5.559551e-03 -4.220895e-04 9.999845e-01 -2.448135e+01
9.999964e-01 6.654076e-04 -2.585472e-03 -1.951427e+00 -6.643514e-04 9.999997e-01 4.092365e-04 4.830422e-01 2.585744e-03 -4.075167e-04 9.999966e-01 -2.519390e+01
9.999910e-01 2.699233e-03 -3.274724e-03 -1.898426e+00 -2.696737e-03 9.999961e-01 7.666201e-04 5.006643e-01 3.276780e-03 -7.577828e-04 9.999943e-01 -2.611059e+01
9.999965e-01 6.140014e-04 -2.558668e-03 -1.776107e+00 -6.127930e-04 9.999997e-01 4.729133e-04 5.187305e-01 2.558958e-03 -4.713430e-04 9.999966e-01 -2.711151e+01
9.999834e-01 2.087616e-03 -5.369381e-03 -1.728903e+00 -2.084425e-03 9.999976e-01 5.999221e-04 5.337209e-01 5.370621e-03 -5.887207e-04 9.999854e-01 -2.788070e+01
9.999951e-01 4.502362e-04 -3.107053e-03 -1.727474e+00 -4.491141e-04 9.999998e-01 3.617565e-04 5.480448e-01 3.107216e-03 -3.603586e-04 9.999951e-01 -2.854711e+01
9.999830e-01 2.070146e-03 -5.459988e-03 -1.744239e+00 -2.067257e-03 9.999977e-01 5.347304e-04 5.618216e-01 5.461082e-03 -5.234348e-04 9.999850e-01 -2.918311e+01
9.999959e-01 7.966687e-04 -2.766023e-03 -1.817674e+00 -7.960036e-04 9.999997e-01 2.414152e-04 5.790309e-01 2.766215e-03 -2.392117e-04 9.999961e-01 -2.985881e+01
9.999812e-01 2.086121e-03 -5.763572e-03 -1.856035e+00 -2.082147e-03 9.999976e-01 6.954715e-04 5.986515e-01 5.765009e-03 -6.834585e-04 9.999831e-01 -3.062192e+01
9.999931e-01 2.602418e-04 -3.703598e-03 -1.904281e+00 -2.599596e-04 1.000000e+00 7.659616e-05 6.122474e-01 3.703618e-03 -7.563218e-05 9.999931e-01 -3.118635e+01
9.999856e-01 2.404396e-03 -4.795159e-03 -1.942795e+00 -2.400648e-03 9.999968e-01 7.872633e-04 6.270376e-01 4.797036e-03 -7.757412e-04 9.999882e-01 -3.183186e+01
9.999911e-01 6.581192e-04 -4.174967e-03 -2.026258e+00 -6.579124e-04 9.999998e-01 5.084498e-05 6.487854e-01 4.175000e-03 -4.809709e-05 9.999913e-01 -3.260627e+01
9.999859e-01 1.595740e-03 -5.071034e-03 -2.035353e+00 -1.591531e-03 9.999984e-01 8.338576e-04 6.610504e-01 5.072357e-03 -8.257758e-04 9.999868e-01 -3.317889e+01
9.999919e-01 8.192318e-04 -3.950374e-03 -2.076492e+00 -8.194517e-04 9.999997e-01 -5.414196e-05 6.735785e-01 3.950329e-03 5.737933e-05 9.999922e-01 -3.374099e+01
9.999868e-01 1.869348e-03 -4.794141e-03 -2.125806e+00 -1.865030e-03 9.999979e-01 9.050664e-04 6.893608e-01 4.795823e-03 -8.961139e-04 9.999881e-01 -3.439869e+01
9.999973e-01 1.419742e-03 -1.852196e-03 -2.148412e+00 -1.419576e-03 9.999990e-01 9.064105e-05 7.065637e-01 1.852323e-03 -8.801080e-05 9.999983e-01 -3.521335e+01
9.999746e-01 2.305303e-03 -6.749847e-03 -2.260548e+00 -2.300321e-03 9.999971e-01 7.457612e-04 7.295122e-01 6.751546e-03 -7.302161e-04 9.999769e-01 -3.611076e+01
9.999877e-01 1.986197e-03 -4.536050e-03 -2.591868e+00 -1.987089e-03 9.999980e-01 -1.922474e-04 7.658208e-01 4.535660e-03 2.012592e-04 9.999897e-01 -3.698137e+01
9.999704e-01 9.813518e-04 -7.635469e-03 -2.843665e+00 -9.765983e-04 9.999993e-01 6.262952e-04 7.952939e-01 7.636078e-03 -6.188205e-04 9.999707e-01 -3.762377e+01
9.999971e-01 1.039021e-03 -2.166199e-03 -2.856133e+00 -1.038540e-03 9.999994e-01 2.227530e-04 8.042185e-01 2.166430e-03 -2.205020e-04 9.999976e-01 -3.810335e+01
9.999772e-01 1.932166e-03 -6.473861e-03 -2.966362e+00 -1.929391e-03 9.999980e-01 4.349220e-04 8.228824e-01 6.474689e-03 -4.224221e-04 9.999789e-01 -3.877828e+01
9.999967e-01 6.813921e-04 -2.483992e-03 -3.013445e+00 -6.803557e-04 9.999997e-01 4.178971e-04 8.403828e-01 2.484276e-03 -4.162050e-04 9.999968e-01 -3.944615e+01
9.999709e-01 1.403488e-03 -7.495743e-03 -3.052644e+00 -1.401204e-03 9.999990e-01 3.100071e-04 8.517494e-01 7.496170e-03 -2.994957e-04 9.999719e-01 -3.993321e+01
9.999974e-01 8.571710e-04 -2.093469e-03 -3.090602e+00 -8.561057e-04 9.999995e-01 5.095481e-04 8.645437e-01 2.093905e-03 -5.077539e-04 9.999977e-01 -4.047393e+01
9.999813e-01 1.938741e-03 -5.792379e-03 -3.118500e+00 -1.936529e-03 9.999980e-01 3.875101e-04 8.809016e-01 5.793118e-03 -3.762865e-04 9.999831e-01 -4.118279e+01
9.999936e-01 7.265380e-04 -3.507798e-03 -3.199889e+00 -7.251157e-04 9.999997e-01 4.066334e-04 8.983284e-01 3.508092e-03 -4.040866e-04 9.999938e-01 -4.180098e+01
9.999802e-01 1.904349e-03 -6.004299e-03 -3.296252e+00 -1.902759e-03 9.999982e-01 2.706264e-04 9.155556e-01 6.004803e-03 -2.591970e-04 9.999819e-01 -4.240592e+01
9.999974e-01 4.436549e-04 -2.231258e-03 -3.221503e+00 -4.416664e-04 9.999995e-01 8.914437e-04 9.279438e-01 2.231653e-03 -8.904553e-04 9.999971e-01 -4.309876e+01
9.999837e-01 3.101023e-03 -4.800659e-03 -3.327070e+00 -3.101575e-03 9.999952e-01 -1.074145e-04 9.484574e-01 4.800303e-03 1.223017e-04 9.999885e-01 -4.389040e+01
9.999943e-01 -6.200437e-04 -3.329704e-03 -3.280751e+00 6.236501e-04 9.999992e-01 1.082059e-03 9.605308e-01 3.329030e-03 -1.084129e-03 9.999939e-01 -4.456911e+01
9.999751e-01 2.528430e-03 -6.588067e-03 -3.271668e+00 -2.529567e-03 9.999968e-01 -1.642069e-04 9.702934e-01 6.587631e-03 1.808671e-04 9.999783e-01 -4.506799e+01
9.999892e-01 -1.059213e-03 -4.515249e-03 -3.306974e+00 1.062695e-03 9.999991e-01 7.685930e-04 9.762556e-01 4.514431e-03 -7.733824e-04 9.999895e-01 -4.537213e+01
9.999729e-01 2.448371e-03 -6.942056e-03 -3.337581e+00 -2.449074e-03 9.999970e-01 -9.276546e-05 9.818547e-01 6.941808e-03 1.097639e-04 9.999759e-01 -4.565553e+01
9.999911e-01 -6.542668e-04 -4.178134e-03 -3.431440e+00 6.567616e-04 9.999996e-01 5.956774e-04 9.918358e-01 4.177742e-03 -5.984154e-04 9.999911e-01 -4.600587e+01
9.999751e-01 2.399056e-03 -6.629721e-03 -3.516841e+00 -2.399765e-03 9.999971e-01 -9.892926e-05 1.003166e+00 6.629464e-03 1.148359e-04 9.999780e-01 -4.635954e+01
9.999810e-01 -1.803382e-03 -5.894978e-03 -3.663956e+00 1.806364e-03 9.999982e-01 5.004174e-04 1.009549e+00 5.894065e-03 -5.110558e-04 9.999825e-01 -4.635750e+01
9.999793e-01 2.106191e-03 -6.079554e-03 -3.749581e+00 -2.106284e-03 9.999978e-01 -8.918930e-06 1.009483e+00 6.079521e-03 2.172338e-05 9.999815e-01 -4.622406e+01
9.999928e-01 -2.260490e-03 -3.056696e-03 -3.782593e+00 2.260612e-03 9.999974e-01 3.639466e-05 1.002830e+00 3.056606e-03 -4.330377e-05 9.999953e-01 -4.592235e+01
9.999880e-01 1.921553e-03 -4.514569e-03 -3.805662e+00 -1.923046e-03 9.999981e-01 -3.262638e-04 9.917698e-01 4.513934e-03 3.349410e-04 9.999898e-01 -4.539477e+01
9.999890e-01 -2.074327e-03 -4.196695e-03 -3.807380e+00 2.074787e-03 9.999978e-01 1.051210e-04 9.800306e-01 4.196469e-03 -1.138264e-04 9.999912e-01 -4.493045e+01
9.999923e-01 1.705174e-03 -3.525078e-03 -3.823891e+00 -1.706598e-03 9.999985e-01 -4.009037e-04 9.683073e-01 3.524389e-03 4.069159e-04 9.999937e-01 -4.440523e+01
9.999894e-01 -2.035868e-03 -4.135381e-03 -3.832237e+00 2.035823e-03 9.999979e-01 -1.534836e-05 9.544746e-01 4.135404e-03 6.929914e-06 9.999914e-01 -4.379631e+01
9.999807e-01 2.137785e-03 -5.840739e-03 -3.810863e+00 -2.138047e-03 9.999977e-01 -3.853219e-05 9.417357e-01 5.840643e-03 5.101859e-05 9.999829e-01 -4.337897e+01
9.999877e-01 -1.783368e-03 -4.623896e-03 -3.795302e+00 1.785446e-03 9.999983e-01 4.450722e-04 9.337071e-01 4.623095e-03 -4.533218e-04 9.999892e-01 -4.321170e+01
9.999798e-01 2.161566e-03 -5.970844e-03 -3.749471e+00 -2.161462e-03 9.999977e-01 2.405572e-05 9.266011e-01 5.970882e-03 -1.115010e-05 9.999822e-01 -4.313706e+01
9.999882e-01 -1.904378e-03 -4.463465e-03 -3.707680e+00 1.904918e-03 9.999982e-01 1.167343e-04 9.153441e-01 4.463235e-03 -1.252349e-04 9.999900e-01 -4.286470e+01
9.999770e-01 2.416678e-03 -6.343204e-03 -3.678325e+00 -2.413619e-03 9.999970e-01 4.899626e-04 9.096102e-01 6.344369e-03 -4.746418e-04 9.999798e-01 -4.286059e+01
9.999932e-01 -1.296423e-03 -3.464241e-03 -3.594575e+00 1.297820e-03 9.999991e-01 4.007490e-04 9.093508e-01 3.463719e-03 -4.052416e-04 9.999939e-01 -4.315104e+01
9.999767e-01 2.106427e-03 -6.493969e-03 -3.509489e+00 -2.103094e-03 9.999977e-01 5.201810e-04 9.082182e-01 6.495050e-03 -5.065121e-04 9.999788e-01 -4.338664e+01
9.999911e-01 -1.542354e-03 -3.924174e-03 -3.456143e+00 1.542431e-03 9.999988e-01 1.666597e-05 9.019023e-01 3.924144e-03 -2.271799e-05 9.999923e-01 -4.336526e+01
9.999761e-01 1.982224e-03 -6.618807e-03 -3.396920e+00 -1.979500e-03 9.999980e-01 4.181948e-04 8.932389e-01 6.619622e-03 -4.050834e-04 9.999780e-01 -4.325815e+01
9.999899e-01 -1.671171e-03 -4.163906e-03 -3.335653e+00 1.670311e-03 9.999986e-01 -2.103372e-04 8.824068e-01 4.164251e-03 2.033807e-04 9.999913e-01 -4.305889e+01
9.999763e-01 1.995071e-03 -6.595831e-03 -3.280234e+00 -1.993084e-03 9.999980e-01 3.079728e-04 8.696639e-01 6.596432e-03 -2.948200e-04 9.999782e-01 -4.275337e+01
9.999894e-01 -1.690336e-03 -4.281296e-03 -3.228501e+00 1.689371e-03 9.999985e-01 -2.290853e-04 8.572074e-01 4.281677e-03 2.218508e-04 9.999908e-01 -4.245542e+01
9.999765e-01 1.960591e-03 -6.564754e-03 -3.176384e+00 -1.958243e-03 9.999980e-01 3.641444e-04 8.448270e-01 6.565455e-03 -3.512811e-04 9.999784e-01 -4.216024e+01
9.999880e-01 -1.581158e-03 -4.630292e-03 -3.119555e+00 1.581820e-03 9.999987e-01 1.393317e-04 8.357311e-01 4.630066e-03 -1.466537e-04 9.999893e-01 -4.205106e+01
9.999784e-01 1.920891e-03 -6.286451e-03 -3.052725e+00 -1.918574e-03 9.999981e-01 3.745632e-04 8.291948e-01 6.287158e-03 -3.624947e-04 9.999802e-01 -4.205752e+01
9.999880e-01 -1.650926e-03 -4.604625e-03 -2.997692e+00 1.650293e-03 9.999986e-01 -1.414474e-04 8.172092e-01 4.604852e-03 1.338473e-04 9.999894e-01 -4.179020e+01
9.999812e-01 1.771193e-03 -5.862933e-03 -2.953139e+00 -1.769933e-03 9.999984e-01 2.201589e-04 8.041574e-01 5.863313e-03 -2.097783e-04 9.999828e-01 -4.143810e+01
9.999887e-01 -1.577098e-03 -4.488559e-03 -2.902851e+00 1.576592e-03 9.999988e-01 -1.162645e-04 7.915745e-01 4.488737e-03 1.091872e-04 9.999899e-01 -4.112654e+01
9.999794e-01 1.828495e-03 -6.145672e-03 -2.853682e+00 -1.826939e-03 9.999983e-01 2.587317e-04 7.790670e-01 6.146135e-03 -2.474992e-04 9.999811e-01 -4.081449e+01
9.999932e-01 -1.734557e-03 -3.264238e-03 -2.812197e+00 1.733424e-03 9.999984e-01 -3.500956e-04 7.652903e-01 3.264840e-03 3.444355e-04 9.999946e-01 -4.040812e+01
9.999690e-01 1.863445e-03 -7.644346e-03 -2.773724e+00 -1.859948e-03 9.999982e-01 4.646748e-04 7.531848e-01 7.645198e-03 -4.504429e-04 9.999707e-01 -4.009545e+01
9.999908e-01 -1.593501e-03 -3.979555e-03 -2.737708e+00 1.593783e-03 9.999987e-01 6.739579e-05 7.455484e-01 3.979443e-03 -7.373715e-05 9.999921e-01 -4.002394e+01
9.999740e-01 2.062534e-03 -6.910379e-03 -2.683924e+00 -2.057279e-03 9.999976e-01 7.675121e-04 7.410709e-01 6.911945e-03 -7.532761e-04 9.999758e-01 -4.011577e+01
9.999911e-01 -1.598959e-03 -3.909435e-03 -2.604048e+00 1.598217e-03 9.999987e-01 -1.930502e-04 7.337876e-01 3.909739e-03 1.868010e-04 9.999923e-01 -4.009257e+01
9.999728e-01 2.071279e-03 -7.079011e-03 -2.541011e+00 -2.066301e-03 9.999976e-01 7.105213e-04 7.268869e-01 7.080465e-03 -6.958751e-04 9.999747e-01 -4.007422e+01
9.999924e-01 -1.637953e-03 -3.525297e-03 -2.471201e+00 1.637227e-03 9.999986e-01 -2.090111e-04 7.190046e-01 3.525635e-03 2.032384e-04 9.999938e-01 -4.002801e+01
9.999698e-01 2.066813e-03 -7.492708e-03 -2.405599e+00 -2.062781e-03 9.999977e-01 5.458052e-04 7.087608e-01 7.493819e-03 -5.303335e-04 9.999718e-01 -3.986594e+01
9.999945e-01 -1.808067e-03 -2.798139e-03 -2.350276e+00 1.806896e-03 9.999983e-01 -4.213551e-04 6.950472e-01 2.798896e-03 4.162974e-04 9.999960e-01 -3.949440e+01
9.999670e-01 2.335700e-03 -7.780366e-03 -2.291448e+00 -2.330580e-03 9.999971e-01 6.671372e-04 6.833465e-01 7.781901e-03 -6.489829e-04 9.999695e-01 -3.922770e+01
9.999954e-01 -1.556277e-03 -2.619900e-03 -2.239379e+00 1.556401e-03 9.999988e-01 4.511958e-05 6.810832e-01 2.619826e-03 -4.919644e-05 9.999966e-01 -3.941171e+01
9.999668e-01 2.678770e-03 -7.696829e-03 -2.172024e+00 -2.673305e-03 9.999962e-01 7.202749e-04 6.812009e-01 7.698729e-03 -6.996756e-04 9.999701e-01 -3.969464e+01
9.999936e-01 -2.506077e-03 -2.533890e-03 -2.157944e+00 2.505835e-03 9.999969e-01 -9.873687e-05 6.754974e-01 2.534129e-03 9.238728e-05 9.999968e-01 -3.961787e+01
9.999607e-01 2.875424e-03 -8.384603e-03 -2.134743e+00 -2.870542e-03 9.999957e-01 5.942116e-04 6.658742e-01 8.386276e-03 -5.701204e-04 9.999647e-01 -3.937320e+01
9.999940e-01 -2.158552e-03 -2.715503e-03 -2.102880e+00 2.158737e-03 9.999977e-01 6.489014e-05 6.641802e-01 2.715357e-03 -7.075127e-05 9.999963e-01 -3.952687e+01
9.999640e-01 2.928042e-03 -7.968497e-03 -2.037204e+00 -2.922398e-03 9.999955e-01 7.199226e-04 6.621734e-01 7.970568e-03 -6.966101e-04 9.999680e-01 -3.971653e+01
9.999955e-01 -1.784251e-03 -2.395260e-03 -1.957612e+00 1.784603e-03 9.999984e-01 1.445290e-04 6.619386e-01 2.394998e-03 -1.488024e-04 9.999971e-01 -3.999456e+01
9.999616e-01 2.758429e-03 -8.317616e-03 -1.895278e+00 -2.752942e-03 9.999960e-01 6.711019e-04 6.616408e-01 8.319434e-03 -6.481788e-04 9.999652e-01 -4.024100e+01
9.999956e-01 -1.747248e-03 -2.404664e-03 -1.840969e+00 1.747485e-03 9.999985e-01 9.599265e-05 6.605674e-01 2.404493e-03 -1.001938e-04 9.999971e-01 -4.045989e+01
9.999631e-01 2.598970e-03 -8.193736e-03 -1.755904e+00 -2.592959e-03 9.999964e-01 7.442789e-04 6.583874e-01 8.195641e-03 -7.230059e-04 9.999662e-01 -4.067423e+01
9.999946e-01 -2.056315e-03 -2.577004e-03 -1.662590e+00 2.056275e-03 9.999979e-01 -1.818823e-05 6.537833e-01 2.577036e-03 1.288962e-05 9.999967e-01 -4.080464e+01
9.999629e-01 2.720417e-03 -8.177344e-03 -1.578753e+00 -2.714951e-03 9.999961e-01 6.794857e-04 6.484778e-01 8.179160e-03 -6.572599e-04 9.999663e-01 -4.091232e+01
9.999964e-01 -1.897329e-03 -1.871548e-03 -1.488203e+00 1.897567e-03 9.999982e-01 1.252326e-04 6.454259e-01 1.871307e-03 -1.287831e-04 9.999982e-01 -4.110849e+01
9.999579e-01 2.402706e-03 -8.860793e-03 -1.416700e+00 -2.397491e-03 9.999969e-01 5.991703e-04 6.407655e-01 8.862205e-03 -5.779019e-04 9.999606e-01 -4.119768e+01
9.999960e-01 -1.988812e-03 -2.009759e-03 -1.365214e+00 1.988635e-03 9.999980e-01 -9.027831e-05 6.335344e-01 2.009935e-03 8.628178e-05 9.999980e-01 -4.116649e+01
9.999557e-01 2.552391e-03 -9.062754e-03 -1.293877e+00 -2.546124e-03 9.999965e-01 7.030694e-04 6.269927e-01 9.064517e-03 -6.799639e-04 9.999587e-01 -4.120210e+01
9.999955e-01 -1.825004e-03 -2.389269e-03 -1.218203e+00 1.825026e-03 9.999983e-01 6.807307e-06 6.235032e-01 2.389252e-03 -1.116725e-05 9.999971e-01 -4.136420e+01
9.999617e-01 2.554494e-03 -8.367024e-03 -1.139207e+00 -2.546437e-03 9.999963e-01 9.735682e-04 6.213738e-01 8.369480e-03 -9.522253e-04 9.999645e-01 -4.155363e+01
9.999973e-01 -1.595890e-03 -1.662930e-03 -1.056790e+00 1.595640e-03 9.999987e-01 -1.524496e-04 6.197332e-01 1.663172e-03 1.497963e-04 9.999986e-01 -4.179775e+01
9.999625e-01 2.882475e-03 -8.162537e-03 -9.683890e-01 -2.873412e-03 9.999952e-01 1.121955e-03 6.209562e-01 8.165733e-03 -1.098459e-03 9.999661e-01 -4.213683e+01
9.999976e-01 -1.570973e-03 -1.538177e-03 -8.753337e-01 1.570776e-03 9.999988e-01 -1.301065e-04 6.229231e-01 1.538380e-03 1.276906e-04 9.999988e-01 -4.250051e+01
9.999685e-01 2.962539e-03 -7.368320e-03 -7.137840e-01 -2.955928e-03 9.999952e-01 9.079617e-04 6.199094e-01 7.370975e-03 -8.861533e-04 9.999724e-01 -4.284623e+01
9.999868e-01 -2.824907e-03 -4.280491e-03 -5.862285e-01 2.823613e-03 9.999960e-01 -3.084704e-04 6.130126e-01 4.281345e-03 2.963804e-04 9.999908e-01 -4.292027e+01
9.999773e-01 3.414076e-03 -5.807288e-03 -5.126417e-01 -3.406784e-03 9.999934e-01 1.265283e-03 6.043143e-01 5.811570e-03 -1.245470e-03 9.999823e-01 -4.283037e+01
9.999926e-01 -2.626882e-03 -2.824841e-03 -4.181870e-01 2.623670e-03 9.999959e-01 -1.140131e-03 5.923669e-01 2.827824e-03 1.132712e-03 9.999954e-01 -4.261871e+01
9.999740e-01 3.556131e-03 -6.268815e-03 -3.378849e-01 -3.544791e-03 9.999921e-01 1.819239e-03 5.872240e-01 6.275235e-03 -1.796970e-03 9.999787e-01 -4.270479e+01
9.999924e-01 -3.110559e-03 -2.354885e-03 -3.919210e-01 3.106421e-03 9.999936e-01 -1.758914e-03 5.833615e-01 2.360341e-03 1.751586e-03 9.999957e-01 -4.259611e+01
9.999764e-01 3.547882e-03 -5.879820e-03 -4.548519e-01 -3.536403e-03 9.999918e-01 1.961602e-03 5.803144e-01 5.886731e-03 -1.940763e-03 9.999808e-01 -4.252188e+01
9.999674e-01 -4.119566e-03 6.937995e-03 -4.936985e-01 4.143793e-03 9.999854e-01 -3.480996e-03 5.579925e-01 -6.923553e-03 3.509633e-03 9.999699e-01 -4.125734e+01
9.999070e-01 4.661476e-03 -1.281834e-02 -4.873321e-01 -4.633485e-03 9.999868e-01 2.212546e-03 5.317548e-01 1.282848e-02 -2.152947e-03 9.999154e-01 -4.005207e+01
9.998946e-01 -4.800914e-03 1.369910e-02 -4.586163e-01 4.851120e-03 9.999816e-01 -3.633929e-03 5.049939e-01 -1.368140e-02 3.700003e-03 9.998996e-01 -3.884543e+01
9.998553e-01 4.800133e-03 -1.631943e-02 -4.642460e-01 -4.772961e-03 9.999872e-01 1.703620e-03 4.734791e-01 1.632740e-02 -1.625482e-03 9.998654e-01 -3.726020e+01
9.999154e-01 -4.547214e-03 1.218408e-02 -4.686427e-01 4.575331e-03 9.999869e-01 -2.280733e-03 4.543772e-01 -1.217355e-02 2.336287e-03 9.999232e-01 -3.639215e+01
9.998733e-01 5.230219e-03 -1.503516e-02 -4.274959e-01 -5.202424e-03 9.999847e-01 1.887205e-03 4.325473e-01 1.504480e-02 -1.808747e-03 9.998852e-01 -3.548024e+01
9.999170e-01 -3.765310e-03 1.231809e-02 -3.186443e-01 3.798894e-03 9.999891e-01 -2.704067e-03 4.091070e-01 -1.230778e-02 2.750638e-03 9.999205e-01 -3.458421e+01
9.998533e-01 4.588669e-03 -1.650056e-02 -2.442649e-01 -4.550842e-03 9.999869e-01 2.329331e-03 3.895324e-01 1.651104e-02 -2.253898e-03 9.998611e-01 -3.385685e+01
9.999009e-01 -4.424065e-03 1.336211e-02 -2.310590e-01 4.465041e-03 9.999854e-01 -3.038316e-03 3.694424e-01 -1.334847e-02 3.097677e-03 9.999061e-01 -3.302707e+01
9.998583e-01 5.178560e-03 -1.601638e-02 -2.438850e-01 -5.133414e-03 9.999827e-01 2.858637e-03 3.598762e-01 1.603091e-02 -2.776014e-03 9.998676e-01 -3.263064e+01
9.999601e-01 -3.971177e-03 8.002323e-03 -2.247156e-01 3.987612e-03 9.999900e-01 -2.038807e-03 3.648145e-01 -7.994146e-03 2.070637e-03 9.999659e-01 -3.300789e+01
9.998671e-01 5.239420e-03 -1.543778e-02 -1.980451e-01 -5.192455e-03 9.999818e-01 3.080726e-03 3.692326e-01 1.545364e-02 -3.000158e-03 9.998761e-01 -3.337772e+01
9.999540e-01 -4.634947e-03 8.391901e-03 -2.640783e-01 4.658507e-03 9.999853e-01 -2.790105e-03 3.687090e-01 -8.378845e-03 2.829071e-03 9.999609e-01 -3.339873e+01
9.998828e-01 5.155277e-03 -1.441457e-02 -3.102378e-01 -5.110171e-03 9.999819e-01 3.164344e-03 3.651453e-01 1.443062e-02 -3.090313e-03 9.998911e-01 -3.325857e+01
9.999685e-01 -4.633297e-03 6.449787e-03 -3.338113e-01 4.651524e-03 9.999852e-01 -2.813684e-03 3.614934e-01 -6.436655e-03 2.843597e-03 9.999752e-01 -3.321740e+01
9.998888e-01 5.302381e-03 -1.393534e-02 -3.727308e-01 -5.255712e-03 9.999805e-01 3.383505e-03 3.601288e-01 1.395301e-02 -3.309889e-03 9.998972e-01 -3.322599e+01
9.999806e-01 -3.826467e-03 4.921294e-03 -3.640690e-01 3.838902e-03 9.999895e-01 -2.519495e-03 3.652411e-01 -4.911602e-03 2.538339e-03 9.999847e-01 -3.362813e+01
9.999201e-01 5.998815e-03 -1.113088e-02 -2.657706e-01 -5.954328e-03 9.999742e-01 4.025670e-03 3.760104e-01 1.115474e-02 -3.959072e-03 9.999299e-01 -3.432211e+01
9.999806e-01 -4.276972e-03 4.526449e-03 -2.080684e-01 4.289840e-03 9.999868e-01 -2.836790e-03 3.873157e-01 -4.514256e-03 2.856153e-03 9.999857e-01 -3.497129e+01
9.999217e-01 6.412948e-03 -1.074485e-02 -2.657634e-01 -6.374279e-03 9.999731e-01 3.629257e-03 4.015283e-01 1.076783e-02 -3.560482e-03 9.999357e-01 -3.564778e+01
9.999839e-01 -4.047099e-03 3.986112e-03 -2.075617e-01 4.056716e-03 9.999889e-01 -2.407168e-03 4.158852e-01 -3.976326e-03 2.423300e-03 9.999892e-01 -3.642707e+01
9.999280e-01 6.085167e-03 -1.034621e-02 -5.148638e-02 -6.044894e-03 9.999740e-01 3.919384e-03 4.259192e-01 1.036979e-02 -3.856560e-03 9.999388e-01 -3.714440e+01
9.999655e-01 -4.717724e-03 6.834037e-03 1.256710e-01 4.748120e-03 9.999789e-01 -4.438296e-03 3.950206e-01 -6.812954e-03 4.470592e-03 9.999668e-01 -3.592688e+01
9.999157e-01 7.105646e-03 -1.087087e-02 2.921203e-01 -7.063265e-03 9.999673e-01 3.932106e-03 3.760696e-01 1.089846e-02 -3.854991e-03 9.999332e-01 -3.527036e+01
9.999783e-01 -5.383527e-03 3.799839e-03 3.051417e-01 5.394303e-03 9.999814e-01 -2.831237e-03 3.877990e-01 -3.784527e-03 2.851673e-03 9.999888e-01 -3.589530e+01
9.999246e-01 7.892853e-03 -9.407828e-03 2.872310e-01 -7.856858e-03 9.999617e-01 3.856919e-03 4.049848e-01 9.437910e-03 -3.782713e-03 9.999483e-01 -3.671312e+01
9.999806e-01 -5.690401e-03 2.521694e-03 3.364867e-01 5.697058e-03 9.999803e-01 -2.640682e-03 4.216002e-01 -2.506618e-03 2.654998e-03 9.999933e-01 -3.751657e+01
9.999185e-01 7.642089e-03 -1.022218e-02 4.353601e-01 -7.602719e-03 9.999636e-01 3.884793e-03 4.317531e-01 1.025150e-02 -3.806761e-03 9.999402e-01 -3.816945e+01
9.999799e-01 -6.121703e-03 1.633017e-03 4.985125e-01 6.126301e-03 9.999772e-01 -2.825565e-03 4.373086e-01 -1.615682e-03 2.835513e-03 9.999947e-01 -3.862854e+01
9.999586e-01 7.332990e-03 -5.381459e-03 7.883601e-01 -7.307880e-03 9.999624e-01 4.671208e-03 4.333391e-01 5.415510e-03 -4.631689e-03 9.999746e-01 -3.885978e+01
9.999851e-01 -4.940978e-03 -2.313567e-03 1.092067e+00 4.929316e-03 9.999753e-01 -5.019521e-03 4.238173e-01 2.338311e-03 5.008042e-03 9.999847e-01 -3.883782e+01
9.999838e-01 5.354556e-03 -1.909630e-03 1.149200e+00 -5.346627e-03 9.999772e-01 4.133661e-03 3.976894e-01 1.931721e-03 -4.123385e-03 9.999896e-01 -3.775638e+01
9.999860e-01 -4.490754e-03 -2.799215e-03 1.197280e+00 4.479268e-03 9.999816e-01 -4.096452e-03 3.848795e-01 2.817560e-03 4.083856e-03 9.999877e-01 -3.731614e+01
9.999816e-01 5.599013e-03 -2.319577e-03 1.272967e+00 -5.587853e-03 9.999729e-01 4.790212e-03 3.740046e-01 2.346334e-03 -4.777163e-03 9.999858e-01 -3.702737e+01
9.999858e-01 -5.137320e-03 -1.428207e-03 1.303582e+00 5.129993e-03 9.999739e-01 -5.088030e-03 3.598003e-01 1.454309e-03 5.080632e-03 9.999860e-01 -3.650780e+01
9.999747e-01 6.033327e-03 -3.759468e-03 1.377060e+00 -6.011341e-03 9.999649e-01 5.832388e-03 3.454777e-01 3.794525e-03 -5.809642e-03 9.999759e-01 -3.600563e+01
9.999882e-01 -4.682601e-03 -1.300766e-03 1.489166e+00 4.675477e-03 9.999743e-01 -5.427816e-03 3.235077e-01 1.326149e-03 5.421670e-03 9.999844e-01 -3.518496e+01
9.999665e-01 6.938211e-03 -4.342948e-03 1.600188e+00 -6.909509e-03 9.999544e-01 6.589701e-03 3.279856e-01 4.388470e-03 -6.559473e-03 9.999689e-01 -3.568329e+01
9.999892e-01 -4.576010e-03 -8.247283e-04 1.788122e+00 4.571792e-03 9.999768e-01 -5.046159e-03 3.422000e-01 8.478004e-04 5.042334e-03 9.999869e-01 -3.659855e+01
9.999589e-01 6.601526e-03 -6.212356e-03 1.943211e+00 -6.559725e-03 9.999559e-01 6.725193e-03 3.539320e-01 6.256478e-03 -6.684166e-03 9.999581e-01 -3.734918e+01
9.999881e-01 -4.851874e-03 -5.259638e-04 2.000498e+00 4.848705e-03 9.999710e-01 -5.867889e-03 3.576362e-01 5.544188e-04 5.865270e-03 9.999826e-01 -3.768136e+01
9.999642e-01 6.552616e-03 -5.350492e-03 2.069357e+00 -6.514397e-03 9.999534e-01 7.129745e-03 3.633591e-01 5.396961e-03 -7.094635e-03 9.999603e-01 -3.812638e+01
9.999787e-01 -5.455598e-03 3.594928e-03 2.095449e+00 5.479747e-03 9.999623e-01 -6.742091e-03 3.541813e-01 -3.558010e-03 6.761647e-03 9.999708e-01 -3.781596e+01
9.999589e-01 6.301009e-03 -6.521015e-03 2.179430e+00 -6.259358e-03 9.999600e-01 6.388065e-03 3.349664e-01 6.561006e-03 -6.346985e-03 9.999583e-01 -3.711329e+01
9.999885e-01 -4.665970e-03 1.095946e-03 2.234812e+00 4.672144e-03 9.999728e-01 -5.699430e-03 3.293906e-01 -1.069323e-03 5.704485e-03 9.999832e-01 -3.699281e+01
9.999423e-01 6.553534e-03 -8.511469e-03 2.296769e+00 -6.493198e-03 9.999537e-01 7.097241e-03 3.427174e-01 8.557588e-03 -7.041566e-03 9.999386e-01 -3.769772e+01
9.999884e-01 -4.591096e-03 1.425821e-03 2.232681e+00 4.599821e-03 9.999703e-01 -6.176834e-03 3.563401e-01 -1.397420e-03 6.183321e-03 9.999799e-01 -3.833683e+01
9.999443e-01 6.877316e-03 -8.007251e-03 2.159453e+00 -6.820973e-03 9.999519e-01 7.042743e-03 3.766429e-01 8.055301e-03 -6.987734e-03 9.999431e-01 -3.915214e+01
9.999830e-01 -5.246226e-03 2.546989e-03 2.140732e+00 5.261475e-03 9.999681e-01 -6.017604e-03 3.859945e-01 -2.515338e-03 6.030903e-03 9.999787e-01 -3.964733e+01
9.999383e-01 6.870582e-03 -8.728713e-03 2.075746e+00 -6.812556e-03 9.999546e-01 6.660171e-03 3.935460e-01 8.774077e-03 -6.600296e-03 9.999397e-01 -4.000524e+01
9.999802e-01 -5.657516e-03 2.743441e-03 1.919894e+00 5.674602e-03 9.999643e-01 -6.260205e-03 4.028442e-01 -2.707926e-03 6.275649e-03 9.999766e-01 -4.027384e+01
9.999378e-01 7.884691e-03 -7.890466e-03 1.945437e+00 -7.827166e-03 9.999428e-01 7.295114e-03 4.113958e-01 7.947534e-03 -7.232900e-03 9.999423e-01 -4.079446e+01
9.999901e-01 -3.557043e-03 2.683855e-03 1.866073e+00 3.573958e-03 9.999736e-01 -6.323962e-03 4.428366e-01 -2.661289e-03 6.333492e-03 9.999764e-01 -4.196862e+01
9.999383e-01 7.955023e-03 -7.752030e-03 1.825452e+00 -7.897671e-03 9.999414e-01 7.401200e-03 4.768218e-01 7.810453e-03 -7.339521e-03 9.999426e-01 -4.324705e+01
9.999826e-01 -5.743185e-03 -1.380271e-03 1.642277e+00 5.733692e-03 9.999605e-01 -6.786031e-03 4.967850e-01 1.419190e-03 6.777999e-03 9.999760e-01 -4.385698e+01
9.999474e-01 8.202648e-03 -6.152520e-03 1.358866e+00 -8.159967e-03 9.999427e-01 6.930612e-03 5.215106e-01 6.209017e-03 -6.880044e-03 9.999571e-01 -4.450402e+01
9.999811e-01 -6.091078e-03 -8.005924e-04 1.189257e+00 6.085758e-03 9.999604e-01 -6.487974e-03 5.396632e-01 8.400794e-04 6.482980e-03 9.999786e-01 -4.511523e+01
9.999433e-01 9.362959e-03 -5.080750e-03 9.581856e-01 -9.329137e-03 9.999344e-01 6.640373e-03 5.687009e-01 5.142591e-03 -6.592597e-03 9.999650e-01 -4.600767e+01
9.999704e-01 -7.257431e-03 -2.561680e-03 1.028613e+00 7.243377e-03 9.999589e-01 -5.453805e-03 5.837915e-01 2.601155e-03 5.435089e-03 9.999818e-01 -4.678324e+01
9.999470e-01 1.004971e-02 -2.250385e-03 9.729362e-01 -1.003561e-02 9.999305e-01 6.192907e-03 6.024640e-01 2.312465e-03 -6.169995e-03 9.999783e-01 -4.764082e+01
9.999462e-01 -6.654537e-03 -7.959477e-03 6.625501e-01 6.608404e-03 9.999613e-01 -5.808376e-03 6.373274e-01 7.997821e-03 5.755464e-03 9.999515e-01 -4.852875e+01
9.999525e-01 9.561212e-03 -1.900479e-03 2.404303e-01 -9.550674e-03 9.999394e-01 5.479027e-03 6.721102e-01 1.952750e-03 -5.460617e-03 9.999832e-01 -4.924388e+01
9.999572e-01 -6.744998e-03 -6.338354e-03 -1.670904e-01 6.708010e-03 9.999605e-01 -5.838851e-03 7.061059e-01 6.377486e-03 5.796084e-03 9.999629e-01 -4.993118e+01
9.999662e-01 7.847143e-03 -2.470173e-03 -3.060293e-01 -7.831641e-03 9.999500e-01 6.224460e-03 7.134493e-01 2.518893e-03 -6.204904e-03 9.999776e-01 -5.018044e+01
9.999679e-01 -6.319822e-03 -4.932577e-03 -3.163869e-01 6.293609e-03 9.999661e-01 -5.312026e-03 7.220871e-01 4.965981e-03 5.280812e-03 9.999737e-01 -5.067210e+01
9.999681e-01 7.565726e-03 -2.568924e-03 -3.776911e-01 -7.549751e-03 9.999524e-01 6.172480e-03 7.287284e-01 2.615501e-03 -6.152889e-03 9.999777e-01 -5.098856e+01
9.999669e-01 -5.770450e-03 -5.730329e-03 -3.672717e-01 5.739532e-03 9.999690e-01 -5.397434e-03 7.406864e-01 5.761297e-03 5.364366e-03 9.999690e-01 -5.159200e+01
9.999693e-01 7.191790e-03 -3.099440e-03 -4.613072e-01 -7.172313e-03 9.999547e-01 6.250202e-03 7.501971e-01 3.144251e-03 -6.227781e-03 9.999757e-01 -5.199448e+01
9.999669e-01 -4.145058e-03 -6.995958e-03 -8.046160e-01 4.100333e-03 9.999711e-01 -6.395396e-03 7.802118e-01 7.022265e-03 6.366499e-03 9.999551e-01 -5.271799e+01
9.999733e-01 7.194768e-03 -1.253480e-03 -1.199148e+00 -7.186967e-03 9.999554e-01 6.121145e-03 8.175524e-01 1.297464e-03 -6.111973e-03 9.999805e-01 -5.350761e+01
9.999712e-01 -4.468738e-03 -6.132699e-03 -1.531418e+00 4.429755e-03 9.999700e-01 -6.355666e-03 8.470518e-01 6.160917e-03 6.328317e-03 9.999610e-01 -5.421689e+01
9.999685e-01 7.942850e-03 -1.186335e-05 -1.724058e+00 -7.942588e-03 9.999456e-01 6.766060e-03 8.760704e-01 6.560464e-05 -6.765753e-03 9.999771e-01 -5.519170e+01
9.999472e-01 -6.437128e-03 -8.012987e-03 -1.764040e+00 6.388791e-03 9.999613e-01 -6.043527e-03 8.879706e-01 8.051580e-03 5.992015e-03 9.999496e-01 -5.572832e+01
