1.000000e+00 1.197625e-11 1.704638e-10 5.551115e-17 1.197625e-11 1.000000e+00 3.562503e-10 0.000000e+00 1.704638e-10 3.562503e-10 1.000000e+00 2.220446e-16 0.000000e+00 0.000000e+00 0.000000e+00 1.000000e+00
4.493874e-01 -1.174972e-01 8.855763e-01 4.629428e-02 1.855626e-01 9.819683e-01 3.612226e-02 -4.664069e-03 -8.738521e-01 1.480969e-01 4.630872e-01 3.870223e-01
9.822823e-01 1.965837e-02 -1.863733e-01 -6.382876e-02 -2.484130e-02 9.993658e-01 -2.551470e-02 -1.808900e-03 1.857536e-01 2.969239e-02 9.821476e-01 8.053837e-01
4.486406e-01 -6.888729e-02 8.910534e-01 -2.043448e-01 1.522840e-01 9.883367e-01 -2.659110e-04 2.102294e-03 -8.806425e-01 1.358125e-01 4.538984e-01 1.241155e+00
9.816522e-01 -5.210507e-02 1.834232e-01 -6.245036e-02 5.213852e-02 9.986291e-01 4.643610e-03 -8.536123e-03 -1.834137e-01 5.005006e-03 9.830231e-01 1.698210e+00
3.087628e-01 -8.181241e-02 9.476140e-01 4.979837e-01 1.987803e-01 9.798435e-01 1.982601e-02 -1.861830e-02 -9.301354e-01 1.822454e-01 3.188019e-01 1.981143e+00
9.966557e-01 -3.804495e-03 8.162696e-02 1.088714e+00 1.059273e-03 9.994332e-01 3.364829e-02 -2.752461e-02 -8.170871e-02 -3.344930e-02 9.960948e-01 2.214112e+00
3.782603e-01 -1.251246e-01 9.172039e-01 1.485333e+00 2.111163e-01 9.763718e-01 4.613070e-02 -3.976380e-02 -9.013041e-01 1.761873e-01 3.957385e-01 2.517415e+00
9.991820e-01 6.670487e-03 3.988625e-02 1.891062e+00 -6.739270e-03 9.999760e-01 1.590288e-03 -4.807787e-02 -3.987468e-02 -1.857791e-03 9.992030e-01 2.704878e+00
4.379319e-01 -1.380724e-01 8.883421e-01 2.068287e+00 2.175325e-01 9.750468e-01 4.431024e-02 -5.550860e-02 -8.722931e-01 1.738384e-01 4.570393e-01 2.927873e+00
9.964441e-01 6.055046e-03 8.403814e-02 2.309641e+00 -4.963291e-03 9.999006e-01 -1.319403e-02 -6.477548e-02 -8.410968e-02 1.273001e-02 9.963752e-01 3.169637e+00
2.367815e-01 -1.323779e-01 9.625023e-01 2.906162e+00 2.043356e-01 9.753014e-01 8.387039e-02 -7.356611e-02 -9.498324e-01 1.768145e-01 2.579828e-01 3.365662e+00
9.991107e-01 3.893133e-03 4.198388e-02 3.263220e+00 -2.647796e-03 9.995560e-01 -2.967718e-02 -8.682832e-02 -4.208078e-02 2.953962e-02 9.986774e-01 3.683822e+00
2.128513e-01 -1.100079e-01 9.708721e-01 3.730577e+00 1.813741e-01 9.808209e-01 7.137123e-02 -9.627952e-02 -9.601030e-01 1.608996e-01 2.287216e-01 3.929446e+00
9.961481e-01 -7.646684e-02 4.291495e-02 4.936600e+00 7.577050e-02 9.969695e-01 1.762710e-02 -8.978158e-02 -4.413278e-02 -1.430752e-02 9.989232e-01 3.763567e+00
5.009606e-01 -2.936629e-02 8.649718e-01 4.926834e+00 1.745356e-01 9.823184e-01 -6.773447e-02 -9.277119e-02 -8.476885e-01 1.849007e-01 4.972282e-01 4.160162e+00
9.991117e-01 -2.602430e-02 3.314493e-02 4.918719e+00 2.416166e-02 9.981714e-01 5.540867e-02 -9.577677e-02 -3.452630e-02 -5.455861e-02 9.979135e-01 4.492087e+00
1.711942e-01 -8.382829e-02 9.816646e-01 5.493871e+00 2.592575e-01 9.650915e-01 3.720069e-02 -1.052534e-01 -9.505147e-01 2.481354e-01 1.869512e-01 4.717895e+00
9.989085e-01 3.664615e-02 2.896455e-02 6.146632e+00 -3.780286e-02 9.984661e-01 4.045169e-02 -1.135441e-01 -2.743772e-02 -4.150248e-02 9.987616e-01 4.878540e+00
2.483675e-01 -1.605941e-01 9.552607e-01 6.792843e+00 2.735558e-01 9.576484e-01 8.987107e-02 -1.173123e-01 -9.292367e-01 2.389960e-01 2.817802e-01 4.974541e+00
9.942877e-01 5.476882e-02 9.160971e-02 7.535866e+00 -5.230391e-02 9.982072e-01 -2.909630e-02 -1.242974e-01 -9.303905e-02 2.413855e-02 9.953698e-01 5.102809e+00
1.259060e-01 -1.721028e-01 9.769996e-01 8.066777e+00 1.970263e-01 9.695562e-01 1.454009e-01 -1.378404e-01 -9.722800e-01 1.741877e-01 1.559817e-01 5.377350e+00
9.995029e-01 -6.331974e-03 -3.088451e-02 8.457030e+00 4.326610e-03 9.979037e-01 -6.457091e-02 -1.516320e-01 3.122863e-02 6.440519e-02 9.974351e-01 5.680624e+00
3.532983e-01 -1.084381e-01 9.292048e-01 8.570937e+00 1.341079e-01 9.888712e-01 6.441123e-02 -1.615842e-01 -9.258485e-01 1.018573e-01 3.639089e-01 6.012421e+00
9.977715e-01 -6.644595e-02 -6.085717e-03 8.662034e+00 6.613323e-02 9.969252e-01 -4.203099e-02 -1.717772e-01 8.859793e-03 4.153485e-02 9.990978e-01 6.386751e+00
3.732363e-01 -4.720272e-02 9.265347e-01 8.766029e+00 1.398560e-01 9.901543e-01 -5.894384e-03 -1.814996e-01 -9.171341e-01 1.317814e-01 3.761631e-01 6.698782e+00
9.870518e-01 -5.243096e-02 -1.515907e-01 8.815836e+00 6.080162e-02 9.968400e-01 5.111840e-02 -1.874198e-01 1.484315e-01 -5.967347e-02 9.871206e-01 6.967538e+00
2.864570e-01 -3.205979e-02 9.575566e-01 8.943631e+00 2.353728e-01 9.711660e-01 -3.789730e-02 -1.962433e-01 -9.287314e-01 2.362388e-01 2.857433e-01 7.225731e+00
9.963326e-01 2.754127e-02 -8.101131e-02 9.068720e+00 -1.925637e-02 9.946668e-01 1.013270e-01 -2.055717e-01 8.336994e-02 -9.939541e-02 9.915493e-01 7.503897e+00
2.757616e-01 -1.105323e-01 9.548498e-01 9.198351e+00 3.063901e-01 9.516592e-01 2.167718e-02 -2.150494e-01 -9.110876e-01 2.865788e-01 2.962971e-01 7.785953e+00
9.964730e-01 8.381054e-02 4.175240e-03 9.398165e+00 -8.391159e-02 9.956167e-01 4.130574e-02 -2.265309e-01 -6.950828e-04 -4.151040e-02 9.991378e-01 8.051632e+00
5.410718e-01 -1.922069e-01 8.187171e-01 9.385572e+00 2.684544e-01 9.620734e-01 4.844657e-02 -2.294043e-01 -7.969777e-01 1.935752e-01 5.721496e-01 8.307602e+00
9.897514e-01 9.360902e-02 -1.078399e-01 9.267451e+00 -9.785214e-02 9.945945e-01 -3.473928e-02 -2.259464e-01 1.040051e-01 4.493562e-02 9.935611e-01 8.604728e+00
6.355685e-01 -1.534869e-01 7.566336e-01 9.001755e+00 1.874824e-01 9.813869e-01 4.159501e-02 -2.116778e-01 -7.489346e-01 1.154190e-01 6.525147e-01 8.994144e+00
9.990882e-01 1.666161e-02 3.930759e-02 8.779154e+00 -1.241014e-02 9.942860e-01 -1.060250e-01 -2.030945e-01 -4.084953e-02 1.054405e-01 9.935862e-01 9.449769e+00
3.958140e-01 -1.064213e-01 9.121435e-01 8.753183e+00 1.262215e-01 9.901402e-01 6.074898e-02 -2.057843e-01 -9.096150e-01 9.108686e-02 4.053441e-01 9.865587e+00
8.246178e-01 7.708024e-03 -5.656378e-01 8.486009e+00 -1.943960e-02 9.997027e-01 -1.471702e-02 -1.894122e-01 5.653562e-01 2.313169e-02 8.245224e-01 1.023500e+01
6.975248e-01 -7.612661e-03 7.165202e-01 8.115567e+00 3.880280e-02 9.988777e-01 -2.716155e-02 -1.604655e-01 -7.155092e-01 4.674885e-02 6.970374e-01 1.055225e+01
6.776067e-01 3.132357e-02 -7.347571e-01 7.651934e+00 -1.840113e-02 9.995019e-01 2.564009e-02 -1.212969e-01 7.351942e-01 -3.853533e-03 6.778455e-01 1.094386e+01
8.280699e-01 4.119314e-02 5.591095e-01 7.135214e+00 -2.227555e-02 9.989269e-01 -4.060605e-02 -7.387954e-02 -5.601822e-01 2.117018e-02 8.280989e-01 1.131532e+01
7.563023e-01 -1.774108e-02 -6.539817e-01 6.724264e+00 2.334149e-02 9.997275e-01 -1.269420e-04 -3.702742e-02 6.538057e-01 -1.516890e-02 7.565104e-01 1.162193e+01
7.953095e-01 4.570975e-02 6.044777e-01 6.346585e+00 -2.801373e-02 9.988591e-01 -3.867472e-02 -2.917816e-03 -6.055559e-01 1.382470e-02 7.956827e-01 1.188978e+01
7.114696e-01 -2.534402e-02 -7.022597e-01 5.916905e+00 2.036588e-02 9.996733e-01 -1.544448e-02 3.570763e-02 7.024217e-01 -3.313856e-03 7.117533e-01 1.220659e+01
5.712352e-01 4.338840e-02 8.196388e-01 5.599431e+00 1.003699e-02 9.981579e-01 -5.983362e-02 6.055407e-02 -8.207251e-01 4.240577e-02 5.697474e-01 1.246487e+01
7.492318e-01 -6.178032e-02 -6.594201e-01 5.287866e+00 8.221542e-02 9.966146e-01 4.131576e-05 8.506944e-02 6.571852e-01 -5.424546e-02 7.517746e-01 1.271378e+01
5.952957e-01 9.528418e-02 7.978370e-01 4.976549e+00 -3.001483e-03 9.932006e-01 -1.163766e-01 1.099731e-01 -8.035011e-01 6.688378e-02 5.915341e-01 1.295391e+01
7.690634e-01 -7.031880e-02 -6.352927e-01 4.643530e+00 1.217438e-01 9.918494e-01 3.759380e-02 1.351239e-01 6.274711e-01 -1.062550e-01 7.713559e-01 1.325464e+01
3.991556e-01 1.416548e-01 9.058745e-01 4.362774e+00 8.498326e-02 9.780246e-01 -1.903833e-01 1.535890e-01 -9.129363e-01 1.529768e-01 3.783457e-01 1.353856e+01
9.646928e-01 -1.132955e-01 -2.377643e-01 4.293037e+00 1.612119e-01 9.678860e-01 1.928920e-01 1.585903e-01 2.082750e-01 -2.244120e-01 9.519773e-01 1.377067e+01
7.740091e-01 1.079807e-01 6.238991e-01 3.986229e+00 1.029954e-01 9.507559e-01 -2.923272e-01 1.803846e-01 -6.247415e-01 2.905226e-01 7.247722e-01 1.412086e+01
9.298848e-01 3.337999e-02 -3.663332e-01 3.522734e+00 5.335888e-02 9.731015e-01 2.241122e-01 2.153714e-01 3.639603e-01 -2.279456e-01 9.030912e-01 1.454015e+01
3.717130e-01 5.249860e-02 9.268621e-01 3.300573e+00 3.583746e-01 9.128933e-01 -1.954316e-01 2.294460e-01 -8.563860e-01 4.048083e-01 3.205202e-01 1.488719e+01
9.915262e-01 1.294042e-01 -1.142034e-02 3.488951e+00 -1.229294e-01 9.630595e-01 2.395930e-01 2.304182e-01 4.200282e-02 -2.361589e-01 9.708062e-01 1.507669e+01
2.903204e-01 -2.633729e-01 9.199722e-01 4.673436e+00 5.353550e-01 8.415546e-01 7.197852e-02 2.487771e-01 -7.931640e-01 4.716148e-01 3.853184e-01 1.472423e+01
8.342135e-01 3.280577e-01 -4.432448e-01 5.586628e+00 -2.669823e-01 9.435815e-01 1.958939e-01 2.696933e-01 4.825021e-01 -4.507883e-02 8.747340e-01 1.431513e+01
2.561687e-01 -3.378165e-01 9.056808e-01 6.578978e+00 5.211765e-01 8.373626e-01 1.649210e-01 2.934081e-01 -8.140962e-01 4.297720e-01 3.905681e-01 1.384448e+01
6.747018e-01 2.809882e-01 -6.825123e-01 8.119437e+00 -1.912138e-01 9.596733e-01 2.060689e-01 3.401528e-01 7.128918e-01 -8.529264e-03 7.012222e-01 1.292961e+01
1.453282e-01 -2.193228e-01 9.647680e-01 9.494819e+00 5.163391e-01 8.486091e-01 1.151372e-01 3.774521e-01 -8.439631e-01 4.814147e-01 2.365718e-01 1.216609e+01
8.265257e-01 2.402878e-01 -5.090354e-01 1.110579e+01 -1.696855e-01 9.686023e-01 1.817042e-01 4.174973e-01 5.367141e-01 -6.380728e-02 8.413481e-01 1.135081e+01
2.266415e-01 -2.410447e-01 9.436796e-01 1.273452e+01 5.376686e-01 8.388470e-01 8.513657e-02 4.608915e-01 -8.121245e-01 4.880914e-01 3.197197e-01 1.046082e+01
8.103263e-01 2.408294e-01 -5.342027e-01 1.449303e+01 -1.418485e-01 9.651456e-01 2.199386e-01 5.104276e-01 5.685510e-01 -1.024461e-01 8.162442e-01 9.424524e+00
1.899456e-01 -2.025726e-01 9.606690e-01 1.636439e+01 5.980903e-01 7.998422e-01 5.040393e-02 5.620986e-01 -7.785941e-01 5.649928e-01 2.730832e-01 8.354101e+00
7.534688e-01 3.572032e-01 -5.519879e-01 1.778492e+01 -2.009524e-01 9.244853e-01 3.239523e-01 6.012124e-01 6.260215e-01 -1.331647e-01 7.683517e-01 7.550446e+00
1.427882e-01 -2.418318e-01 9.597546e-01 1.934323e+01 6.502166e-01 7.540043e-01 9.325188e-02 6.424704e-01 -7.462104e-01 6.107331e-01 2.649060e-01 6.706099e+00
8.524056e-01 3.719434e-01 -3.675088e-01 2.100428e+01 -3.139222e-01 9.261194e-01 2.091786e-01 6.837318e-01 4.181597e-01 -6.293581e-02 9.061907e-01 5.832385e+00
1.147800e-01 -3.766475e-01 9.192182e-01 2.281617e+01 6.144901e-01 7.539763e-01 2.322105e-01 7.299157e-01 -7.805302e-01 5.381974e-01 3.179876e-01 4.873574e+00
8.160051e-01 3.431719e-01 -4.651545e-01 2.449367e+01 -3.358311e-01 9.364146e-01 1.017109e-01 7.734080e-01 4.704818e-01 7.321670e-02 8.793669e-01 3.951361e+00
1.962869e-01 -4.121074e-01 8.897410e-01 2.607098e+01 5.337571e-01 8.060825e-01 2.556059e-01 8.152683e-01 -8.225417e-01 4.247335e-01 3.781887e-01 3.083391e+00
6.905178e-01 3.061944e-01 -6.553092e-01 2.759243e+01 -2.823089e-01 9.482135e-01 1.455776e-01 8.591832e-01 6.659481e-01 8.447575e-02 7.411997e-01 2.188105e+00
1.272880e-02 -2.850541e-01 9.584269e-01 2.923392e+01 4.990350e-01 8.324113e-01 2.409471e-01 9.031510e-01 -8.664883e-01 4.752216e-01 1.528476e-01 1.277286e+00
8.771133e-01 2.049648e-01 -4.343520e-01 3.088646e+01 -2.120824e-01 9.767071e-01 3.262390e-02 9.412534e-01 4.309215e-01 6.350357e-02 9.001522e-01 4.547405e-01
-9.113705e-02 -2.597643e-01 9.613618e-01 3.209727e+01 2.957668e-01 9.147575e-01 2.752103e-01 9.578556e-01 -9.509028e-01 3.094207e-01 -6.538661e-03 9.026374e-02
8.740935e-01 6.012126e-02 -4.820229e-01 3.314607e+01 -1.042884e-01 9.923987e-01 -6.533612e-02 9.771333e-01 4.744308e-01 1.073793e-01 8.737191e-01 -2.545552e-01
2.698301e-01 -2.013792e-01 9.416147e-01 3.493857e+01 3.373764e-01 9.356707e-01 1.034290e-01 1.025219e+00 -9.018696e-01 2.897704e-01 3.204127e-01 -1.231288e+00
8.544966e-01 9.910047e-03 -5.193624e-01 3.677919e+01 2.795155e-02 9.974923e-01 6.502145e-02 1.074699e+00 5.187044e-01 -7.007759e-02 8.520768e-01 -2.226117e+00
1.297424e-01 -3.343993e-02 9.909837e-01 3.840103e+01 3.895547e-01 9.207877e-01 -1.993038e-02 1.108992e+00 -9.118191e-01 3.886281e-01 1.324919e-01 -2.923176e+00
9.810133e-01 1.715557e-01 -9.045237e-02 3.936350e+01 -1.566176e-01 9.758566e-01 1.522326e-01 1.112838e+00 1.143849e-01 -1.351758e-01 9.841969e-01 -3.027234e+00
-1.313085e-02 -2.285526e-01 9.734430e-01 3.994369e+01 4.046748e-01 8.890224e-01 2.141904e-01 1.111582e+00 -9.143664e-01 3.967403e-01 8.081587e-02 -2.932399e+00
9.782287e-01 1.647045e-01 -1.262576e-01 4.080871e+01 -1.751284e-01 9.815773e-01 -7.639462e-02 1.113863e+00 1.113491e-01 9.684270e-02 9.890515e-01 -2.977580e+00
4.486254e-02 -2.841397e-01 9.577327e-01 4.222344e+01 2.444871e-01 9.326672e-01 2.652508e-01 1.135856e+00 -9.686142e-01 2.222534e-01 1.113103e-01 -3.389079e+00
8.907261e-01 -6.794723e-02 -4.494331e-01 4.429147e+01 2.025129e-02 9.937144e-01 -1.100982e-01 1.181550e+00 4.540890e-01 8.896576e-02 8.865034e-01 -4.304083e+00
2.129101e-01 -5.821397e-02 9.753361e-01 4.579837e+01 2.414942e-01 9.703883e-01 5.201905e-03 1.219363e+00 -9.467575e-01 2.344305e-01 2.206638e-01 -5.112357e+00
9.256500e-01 -6.966631e-02 -3.719121e-01 4.721494e+01 1.160510e-01 9.878041e-01 1.038041e-01 1.251421e+00 3.601446e-01 -1.392470e-01 9.224457e-01 -5.792489e+00
1.001045e-01 3.929874e-02 9.942005e-01 4.866052e+01 4.070876e-01 9.101407e-01 -7.696503e-02 1.277714e+00 -9.078870e-01 4.124313e-01 7.511113e-02 -6.365292e+00
9.573429e-01 8.495859e-02 -2.761821e-01 5.023067e+01 -1.438384e-02 9.686258e-01 2.481073e-01 1.310309e+00 2.885960e-01 -2.335513e-01 9.285290e-01 -7.059217e+00
3.128065e-01 -1.471512e-01 9.383489e-01 5.186069e+01 5.786923e-01 8.129170e-01 -6.543087e-02 1.352146e+00 -7.531715e-01 5.634825e-01 3.394410e-01 -7.957379e+00
8.504339e-01 2.677510e-01 -4.528483e-01 5.346838e+01 -1.200607e-01 9.368575e-01 3.284562e-01 1.399720e+00 5.121988e-01 -2.249610e-01 8.288818e-01 -8.959756e+00
3.683885e-01 -2.223427e-01 9.026924e-01 5.498756e+01 6.446729e-01 7.606990e-01 -7.572264e-02 1.443244e+00 -6.698408e-01 6.098367e-01 4.235710e-01 -9.871143e+00
8.421936e-01 3.668074e-01 -3.951736e-01 5.662308e+01 -2.229720e-01 9.042560e-01 3.641492e-01 1.488404e+00 4.909107e-01 -2.185714e-01 8.433464e-01 -1.077075e+01
1.750540e-01 -2.883673e-01 9.413822e-01 5.817172e+01 6.994045e-01 7.093815e-01 8.724288e-02 1.528825e+00 -6.929571e-01 6.431347e-01 3.258655e-01 -1.161427e+01
7.909019e-01 4.314050e-01 -4.340091e-01 5.976509e+01 -3.393415e-01 8.993841e-01 2.756004e-01 1.573282e+00 5.092363e-01 -7.069558e-02 8.577182e-01 -1.254212e+01
3.240822e-01 -4.280463e-01 8.436510e-01 6.134477e+01 6.758089e-01 7.287975e-01 1.101657e-01 1.618556e+00 -6.620068e-01 5.344441e-01 5.254679e-01 -1.346165e+01
8.208131e-01 4.282802e-01 -3.779443e-01 6.275840e+01 -3.939351e-01 9.035829e-01 1.683836e-01 1.657357e+00 4.136194e-01 1.067407e-02 9.103873e-01 -1.424557e+01
4.430043e-01 -5.111600e-01 7.365206e-01 6.424421e+01 6.501851e-01 7.488108e-01 1.286147e-01 1.701042e+00 -6.172573e-01 4.218979e-01 6.640750e-01 -1.511558e+01
8.221296e-01 3.936470e-01 -4.112724e-01 6.582791e+01 -3.756097e-01 9.179307e-01 1.277521e-01 1.748391e+00 4.278088e-01 4.944914e-02 9.025156e-01 -1.606713e+01
3.650895e-01 -4.788109e-01 7.984045e-01 6.728280e+01 5.918680e-01 7.813529e-01 1.979391e-01 1.791631e+00 -7.186111e-01 4.002846e-01 5.686566e-01 -1.697065e+01
8.093143e-01 3.349337e-01 -4.825245e-01 6.851987e+01 -3.442918e-01 9.360753e-01 7.229248e-02 1.832668e+00 4.758924e-01 1.076219e-01 8.728940e-01 -1.784709e+01
-7.374242e-03 -3.963682e-01 9.180620e-01 6.919794e+01 3.583054e-01 8.560793e-01 3.724855e-01 1.846130e+00 -9.335753e-01 3.316934e-01 1.357079e-01 -1.809458e+01
8.884106e-01 1.408443e-01 -4.369090e-01 6.982967e+01 -2.353438e-01 9.569164e-01 -1.700715e-01 1.857886e+00 3.941318e-01 2.539171e-01 8.832815e-01 -1.827854e+01
2.300763e-01 -2.993847e-01 9.259772e-01 7.091146e+01 2.156120e-01 9.435383e-01 2.514896e-01 1.889446e+00 -9.489870e-01 1.417900e-01 2.816367e-01 -1.898348e+01
9.969736e-01 -2.093494e-02 -7.486912e-02 7.146058e+01 1.069269e-02 9.908327e-01 -1.346710e-01 1.891048e+00 7.700210e-02 1.334628e-01 9.880579e-01 -1.893532e+01
6.220891e-02 -1.938129e-02 9.978750e-01 7.163580e+01 1.186944e-01 9.928597e-01 1.188431e-02 1.889594e+00 -9.909802e-01 1.177029e-01 6.406518e-02 -1.846921e+01
8.925856e-01 -1.290123e-01 -4.320264e-01 7.262483e+01 1.783697e-01 9.810585e-01 7.555468e-02 1.906189e+00 4.140957e-01 -1.444995e-01 8.986905e-01 -1.883758e+01
1.144423e-01 9.949355e-02 9.884351e-01 7.389445e+01 3.504738e-01 9.269538e-01 -1.338833e-01 1.927064e+00 -9.295542e-01 3.617425e-01 7.121285e-02 -1.929205e+01
9.984012e-01 4.617584e-02 3.260225e-02 7.525530e+01 -5.258366e-02 9.703328e-01 2.359855e-01 1.939377e+00 -2.073820e-02 -2.373225e-01 9.712095e-01 -1.963180e+01
3.689240e-01 -2.192692e-01 9.032254e-01 7.636724e+01 5.047174e-01 8.632778e-01 3.418754e-03 1.952549e+00 -7.804841e-01 4.546123e-01 4.291529e-01 -1.999060e+01
9.620657e-01 2.458867e-01 -1.181923e-01 7.723540e+01 -2.368759e-01 9.677917e-01 8.525860e-02 1.969541e+00 1.353495e-01 -5.402747e-02 9.893238e-01 -2.039956e+01
4.395507e-01 -3.913909e-01 8.084605e-01 7.833688e+01 4.812437e-01 8.626022e-01 1.559553e-01 1.994349e+00 -7.584192e-01 3.205163e-01 5.675118e-01 -2.094655e+01
9.818287e-01 1.895201e-01 9.726978e-03 7.967752e+01 -1.865622e-01 9.733498e-01 -1.333591e-01 2.019843e+00 -3.474198e-02 1.291211e-01 9.910200e-01 -2.148405e+01
4.124153e-01 -3.926249e-01 8.220458e-01 8.144514e+01 3.111123e-01 9.088098e-01 2.779819e-01 2.055801e+00 -8.562259e-01 1.411046e-01 4.969575e-01 -2.223099e+01
9.890417e-01 2.206364e-02 -1.459783e-01 8.283972e+01 -5.452117e-02 9.734611e-01 -2.222632e-01 2.083242e+00 1.372003e-01 2.277865e-01 9.639966e-01 -2.281534e+01
5.273960e-01 -2.093817e-01 8.234153e-01 8.362283e+01 9.857980e-02 9.776923e-01 1.854718e-01 2.097369e+00 -8.438812e-01 -1.664495e-02 5.362718e-01 -2.312951e+01
9.733602e-01 -2.192002e-01 -6.724051e-02 8.504639e+01 2.079996e-01 9.675771e-01 -1.432853e-01 2.126083e+00 9.646855e-02 1.254822e-01 9.873946e-01 -2.372625e+01
6.304564e-01 1.412001e-02 7.760962e-01 8.641777e+01 5.479732e-02 9.965304e-01 -6.264473e-02 2.155002e+00 -7.742881e-01 8.202277e-02 6.274952e-01 -2.431233e+01
8.421363e-01 -2.139371e-01 4.950124e-01 8.758320e+01 1.711888e-01 9.765168e-01 1.308026e-01 2.159352e+00 -5.113715e-01 -2.541303e-02 8.589839e-01 -2.442567e+01
4.906510e-01 -5.161972e-02 8.698258e-01 8.892828e+01 2.991483e-01 9.475503e-01 -1.125112e-01 2.162792e+00 -8.183959e-01 3.154107e-01 4.803585e-01 -2.457275e+01
7.381282e-01 2.640904e-03 6.746553e-01 9.026163e+01 -6.720748e-03 9.999715e-01 3.438713e-03 2.164115e+00 -6.746270e-01 -7.072399e-03 7.381249e-01 -2.478992e+01
3.903443e-01 -2.614814e-01 8.827563e-01 9.152886e+01 2.676982e-01 9.496293e-01 1.629169e-01 2.154183e+00 -8.808910e-01 1.727186e-01 4.406805e-01 -2.476687e+01
8.798312e-01 8.607751e-03 4.752083e-01 9.237380e+01 8.844546e-02 9.794066e-01 -1.814942e-01 2.148038e+00 -4.669844e-01 2.017143e-01 8.609512e-01 -2.479364e+01
7.528040e-01 -1.965686e-01 6.282093e-01 9.340535e+01 1.515775e-01 9.804896e-01 1.251578e-01 2.168603e+00 -6.405548e-01 1.003125e-03 7.679118e-01 -2.534458e+01
9.649311e-01 -1.352787e-01 2.249616e-01 9.448694e+01 1.693486e-01 9.756021e-01 -1.397196e-01 2.189822e+00 -2.005720e-01 1.729167e-01 9.642980e-01 -2.582423e+01
7.119148e-01 -5.041443e-02 7.004539e-01 9.557114e+01 5.931809e-02 9.981723e-01 1.155373e-02 2.208841e+00 -6.997562e-01 3.332432e-02 7.136041e-01 -2.627830e+01
7.666185e-01 -2.033147e-01 6.090642e-01 9.646928e+01 2.210514e-01 9.741316e-01 4.694611e-02 2.207081e+00 -6.028535e-01 9.864477e-02 7.917303e-01 -2.634314e+01
7.375121e-01 -3.146891e-02 6.746003e-01 9.744623e+01 1.231128e-01 9.884400e-01 -8.848509e-02 2.207237e+00 -6.640174e-01 1.483108e-01 7.328607e-01 -2.641226e+01
9.413786e-01 -1.428821e-01 3.055996e-01 9.843468e+01 1.234680e-01 9.889510e-01 8.204602e-02 2.222060e+00 -3.139459e-01 -3.950459e-02 9.486186e-01 -2.675909e+01
7.826950e-01 -1.156867e-01 6.115596e-01 9.936725e+01 2.327101e-01 9.657050e-01 -1.151513e-01 2.238858e+00 -5.772648e-01 2.324444e-01 7.827739e-01 -2.716312e+01
8.324441e-01 -5.473702e-03 5.540820e-01 1.001893e+02 -1.201179e-02 9.995380e-01 2.792063e-02 2.241816e+00 -5.539788e-01 -2.989788e-02 8.319937e-01 -2.727730e+01
7.533012e-01 -2.458419e-01 6.099992e-01 1.010569e+02 2.587803e-01 9.634878e-01 6.873149e-02 2.242373e+00 -6.046238e-01 1.060803e-01 7.894156e-01 -2.732428e+01
7.783475e-01 1.057472e-02 6.277446e-01 1.021113e+02 1.105895e-01 9.819154e-01 -1.536621e-01 2.250712e+00 -6.180171e-01 1.890244e-01 7.631020e-01 -2.759069e+01
7.129678e-01 -1.425216e-01 6.865599e-01 1.029846e+02 1.061173e-01 9.897794e-01 9.526737e-02 2.259306e+00 -6.931205e-01 4.933312e-03 7.208049e-01 -2.796283e+01
7.110782e-01 -1.643356e-01 6.836385e-01 1.040187e+02 2.923495e-01 9.533732e-01 -7.490827e-02 2.269462e+00 -6.394526e-01 2.531270e-01 7.259663e-01 -2.838910e+01
7.068829e-01 3.283593e-02 7.065680e-01 1.050029e+02 4.416281e-02 9.949241e-01 -9.041903e-02 2.279095e+00 -7.059506e-01 9.511970e-02 7.018448e-01 -2.881595e+01
6.371840e-01 -2.152460e-01 7.400444e-01 1.058911e+02 1.963987e-01 9.738568e-01 1.141508e-01 2.282112e+00 -7.452678e-01 7.260866e-02 6.628000e-01 -2.912567e+01
6.481587e-01 -7.414393e-02 7.578872e-01 1.068763e+02 2.472420e-01 9.618213e-01 -1.173510e-01 2.282873e+00 -7.202512e-01 2.634436e-01 6.417443e-01 -2.936806e+01
7.149246e-01 -2.738113e-02 6.986653e-01 1.078585e+02 5.432593e-02 9.983875e-01 -1.646276e-02 2.295085e+00 -6.970879e-01 4.972527e-02 7.152593e-01 -2.990824e+01
5.714311e-01 -2.093692e-01 7.934929e-01 1.088200e+02 2.523699e-01 9.648847e-01 7.284893e-02 2.295717e+00 -7.808815e-01 1.586256e-01 6.042036e-01 -3.017242e+01
7.260087e-01 -4.176091e-02 6.864164e-01 1.097466e+02 1.479451e-01 9.842669e-01 -9.659668e-02 2.288728e+00 -6.715829e-01 1.716820e-01 7.207646e-01 -3.021103e+01
4.957777e-01 -1.083694e-01 8.616615e-01 1.109438e+02 1.121724e-01 9.918633e-01 6.020349e-02 2.281473e+00 -8.611747e-01 6.680707e-02 5.038998e-01 -3.022136e+01
6.963258e-01 -1.812125e-01 6.944728e-01 1.123215e+02 2.272477e-01 9.734855e-01 2.616272e-02 2.275207e+00 -6.808002e-01 1.395996e-01 7.190432e-01 -3.023523e+01
4.402090e-01 -4.880074e-02 8.965682e-01 1.139456e+02 2.057651e-01 9.774320e-01 -4.782710e-02 2.270473e+00 -8.740004e-01 2.055364e-01 4.403159e-01 -3.031449e+01
8.536375e-01 -6.681733e-02 5.165641e-01 1.146350e+02 4.071017e-02 9.972629e-01 6.172075e-02 2.255460e+00 -5.192742e-01 -3.165774e-02 8.540211e-01 -3.005489e+01
5.839494e-01 -1.409947e-01 7.994521e-01 1.151109e+02 2.393201e-01 9.709341e-01 -3.570240e-03 2.244684e+00 -7.757119e-01 1.934098e-01 6.007193e-01 -2.974659e+01
8.652652e-01 -3.088386e-02 5.003622e-01 1.162435e+02 4.615141e-02 9.987693e-01 -1.816156e-02 2.247887e+00 -4.991855e-01 3.880699e-02 8.656257e-01 -2.985470e+01
6.169724e-01 -1.693005e-01 7.685587e-01 1.170739e+02 1.821605e-01 9.807869e-01 6.981868e-02 2.242635e+00 -7.656126e-01 9.692480e-02 6.359583e-01 -2.978152e+01
8.246277e-01 -4.971713e-02 5.634868e-01 1.177662e+02 1.158910e-01 9.898495e-01 -8.226367e-02 2.235149e+00 -5.536772e-01 1.331400e-01 8.220191e-01 -2.960267e+01
6.782157e-01 -1.219270e-01 7.246773e-01 1.188209e+02 1.107476e-01 9.918352e-01 6.322920e-02 2.237655e+00 -7.264698e-01 3.737323e-02 6.861813e-01 -2.967589e+01
8.627093e-01 -1.349183e-01 4.873702e-01 1.199272e+02 1.674732e-01 9.855939e-01 -2.360824e-02 2.241972e+00 -4.771639e-01 1.019885e-01 8.728762e-01 -2.978008e+01
7.016951e-01 -5.778771e-02 7.101300e-01 1.210602e+02 1.037770e-01 9.943654e-01 -2.162663e-02 2.248698e+00 -7.048790e-01 8.887048e-02 7.037384e-01 -2.994491e+01
8.321114e-01 -1.639861e-01 5.298105e-01 1.221336e+02 1.701704e-01 9.847002e-01 3.751621e-02 2.255443e+00 -5.278567e-01 5.894039e-02 8.472859e-01 -3.014880e+01
7.596746e-01 -6.583546e-02 6.469623e-01 1.230019e+02 1.397325e-01 9.881497e-01 -6.352138e-02 2.257104e+00 -6.351136e-01 1.386572e-01 7.598716e-01 -3.021887e+01
8.709062e-01 -1.262435e-01 4.749579e-01 1.241047e+02 1.162950e-01 9.919346e-01 5.041138e-02 2.269535e+00 -4.774913e-01 1.133163e-02 8.785634e-01 -3.048220e+01
8.919050e-01 -1.586486e-01 4.234809e-01 1.254000e+02 2.048167e-01 9.766060e-01 -6.550435e-02 2.293324e+00 -4.031818e-01 1.451596e-01 9.035337e-01 -3.095887e+01
8.139900e-01 -4.556372e-02 5.790891e-01 1.266520e+02 7.138752e-02 9.972086e-01 -2.188300e-02 2.313080e+00 -5.764755e-01 5.915228e-02 8.149705e-01 -3.137391e+01
8.806032e-01 -2.152740e-01 4.221317e-01 1.278734e+02 2.187691e-01 9.749229e-01 4.080903e-02 2.331799e+00 -4.203310e-01 5.641279e-02 9.056155e-01 -3.177922e+01
8.008632e-01 2.111465e-02 5.984749e-01 1.284923e+02 4.240987e-02 9.948692e-01 -9.185150e-02 2.328587e+00 -5.973437e-01 9.894173e-02 7.958587e-01 -3.168948e+01
9.860189e-01 -1.018057e-01 1.319179e-01 1.283250e+02 9.580377e-02 9.940883e-01 5.108894e-02 2.335583e+00 -1.363392e-01 -3.773642e-02 9.899432e-01 -3.130258e+01
4.999224e-01 -4.650016e-02 8.648210e-01 1.286234e+02 2.208898e-01 9.723794e-01 -7.540513e-02 2.333168e+00 -8.374278e-01 2.287268e-01 4.963856e-01 -3.111786e+01
9.886687e-01 -1.647021e-02 1.492079e-01 1.292321e+02 -2.171558e-04 9.938048e-01 1.111394e-01 2.332126e+00 -1.501140e-01 -1.099124e-01 9.825401e-01 -3.109048e+01
5.374741e-01 -1.413923e-01 8.313421e-01 1.292463e+02 2.885225e-01 9.571788e-01 -2.373955e-02 2.329786e+00 -7.923865e-01 2.526203e-01 5.552537e-01 -3.068831e+01
9.766821e-01 8.508360e-02 1.971114e-01 1.292295e+02 -7.770161e-02 9.959650e-01 -4.490111e-02 2.328371e+00 -2.001364e-01 2.853823e-02 9.793523e-01 -3.021320e+01
2.442057e-01 -2.224340e-01 9.438680e-01 1.296626e+02 1.934706e-01 9.649446e-01 1.773446e-01 2.314489e+00 -9.502277e-01 1.393021e-01 2.786794e-01 -2.989753e+01
9.833098e-01 -3.943559e-02 1.776138e-01 1.300040e+02 6.154176e-02 9.907763e-01 -1.207269e-01 2.300698e+00 -1.712146e-01 1.296427e-01 9.766670e-01 -2.952450e+01
4.640798e-01 -7.287396e-02 8.827907e-01 1.300653e+02 6.505458e-02 9.967227e-01 4.808005e-02 2.295999e+00 -8.834013e-01 3.511660e-02 4.672997e-01 -2.904537e+01
9.763363e-01 -1.410024e-01 1.639689e-01 1.300789e+02 1.504362e-01 9.875231e-01 -4.655278e-02 2.291267e+00 -1.553590e-01 7.011802e-02 9.853665e-01 -2.851773e+01
3.115612e-01 2.206343e-02 9.499699e-01 1.303689e+02 1.190225e-01 9.909507e-01 -6.205098e-02 2.278665e+00 -9.427424e-01 1.324005e-01 3.061157e-01 -2.813732e+01
9.556178e-01 -1.223840e-01 2.679864e-01 1.309965e+02 9.718631e-02 9.896691e-01 1.054036e-01 2.269357e+00 -2.781176e-01 -7.468096e-02 9.576395e-01 -2.799730e+01
4.576283e-01 -9.846594e-02 8.836746e-01 1.317067e+02 2.929484e-01 9.550550e-01 -4.528940e-02 2.265065e+00 -8.394984e-01 2.795968e-01 4.659057e-01 -2.796863e+01
9.365013e-01 2.138694e-02 3.500112e-01 1.323558e+02 -4.062663e-02 9.980343e-01 4.771844e-02 2.257962e+00 -3.483026e-01 -5.890816e-02 9.355293e-01 -2.789647e+01
4.361688e-01 -2.048228e-01 8.762445e-01 1.326453e+02 2.719625e-01 9.582196e-01 8.860961e-02 2.244002e+00 -8.577839e-01 1.996569e-01 4.736496e-01 -2.751315e+01
9.343067e-01 3.564029e-02 3.546839e-01 1.332992e+02 4.966380e-03 9.935913e-01 -1.129231e-01 2.236577e+00 -3.564355e-01 1.072663e-01 9.281421e-01 -2.736587e+01
4.665671e-01 -1.944339e-01 8.628503e-01 1.340696e+02 1.279949e-01 9.801124e-01 1.516473e-01 2.228635e+00 -8.751756e-01 3.968683e-02 4.821748e-01 -2.727702e+01
9.071460e-01 -8.660342e-02 4.118081e-01 1.346382e+02 1.461671e-01 9.825107e-01 -1.153599e-01 2.213175e+00 -3.946153e-01 1.648411e-01 9.039393e-01 -2.693442e+01
4.920814e-01 -2.815254e-02 8.700939e-01 1.355433e+02 2.699632e-02 9.994898e-01 1.707148e-02 2.202577e+00 -8.701305e-01 1.508877e-02 4.925903e-01 -2.675106e+01
9.050905e-01 -2.178081e-01 3.651996e-01 1.365081e+02 2.130390e-01 9.755587e-01 5.384741e-02 2.200148e+00 -3.680021e-01 2.906499e-02 9.293706e-01 -2.677724e+01
5.829452e-01 -1.799009e-02 8.123123e-01 1.377040e+02 1.960656e-01 9.733252e-01 -1.191479e-01 2.206259e+00 -7.885006e-01 2.287232e-01 5.709225e-01 -2.697471e+01
9.636265e-01 -7.475647e-02 2.565843e-01 1.391847e+02 4.244394e-02 9.907043e-01 1.292419e-01 2.225568e+00 -2.638608e-01 -1.136505e-01 9.578419e-01 -2.737542e+01
7.279776e-01 -1.928408e-01 6.579218e-01 1.406050e+02 3.338768e-01 9.378643e-01 -9.453451e-02 2.250364e+00 -5.988112e-01 2.884838e-01 7.471293e-01 -2.788979e+01
9.290007e-01 7.923715e-02 3.614958e-01 1.417525e+02 -9.270109e-02 9.954926e-01 2.002620e-02 2.263184e+00 -3.582795e-01 -5.211540e-02 9.321587e-01 -2.817147e+01
6.389200e-01 -2.868153e-01 7.138054e-01 1.425463e+02 2.845868e-01 9.501917e-01 1.270673e-01 2.260958e+00 -7.146968e-01 1.219537e-01 6.887204e-01 -2.816602e+01
9.672033e-01 1.063176e-01 2.306823e-01 1.428609e+02 -7.310205e-02 9.862737e-01 -1.480550e-01 2.252729e+00 -2.432568e-01 1.263360e-01 9.616992e-01 -2.792418e+01
6.156240e-01 -2.158851e-01 7.578923e-01 1.430766e+02 1.076033e-01 9.757641e-01 1.905414e-01 2.242054e+00 -7.806591e-01 -3.575015e-02 6.239337e-01 -2.760175e+01
9.611177e-01 -7.457223e-02 2.658791e-01 1.433766e+02 1.210802e-01 9.791583e-01 -1.630603e-01 2.230701e+00 -2.481779e-01 1.889128e-01 9.501156e-01 -2.726017e+01
7.223410e-01 -4.270146e-02 6.902174e-01 1.439570e+02 -5.767850e-03 9.976850e-01 6.775975e-02 2.230902e+00 -6.915130e-01 -5.292672e-02 7.204224e-01 -2.719619e+01
9.693526e-01 -2.340698e-01 7.461158e-02 1.450166e+02 2.365331e-01 9.712763e-01 -2.596897e-02 2.246104e+00 -6.638991e-02 4.282120e-02 9.968745e-01 -2.748264e+01
7.121826e-01 7.094909e-02 6.983997e-01 1.457754e+02 2.552121e-03 9.946113e-01 -1.036431e-01 2.251378e+00 -7.019896e-01 7.559525e-02 7.081638e-01 -2.758336e+01
9.645346e-01 -2.212910e-01 1.438860e-01 1.466731e+02 2.003044e-01 9.686427e-01 1.470013e-01 2.261730e+00 -1.719042e-01 -1.129668e-01 9.786151e-01 -2.779212e+01
7.970735e-01 -6.263046e-03 6.038498e-01 1.476984e+02 1.645004e-01 9.643829e-01 -2.071359e-01 2.277804e+00 -5.810451e-01 2.644361e-01 7.697143e-01 -2.810287e+01
9.957684e-01 -7.514451e-02 5.290220e-02 1.487343e+02 6.244609e-02 9.756191e-01 2.103991e-01 2.299058e+00 -6.742274e-02 -2.062053e-01 9.761832e-01 -2.850402e+01
7.634629e-01 -1.054624e-01 6.371829e-01 1.494184e+02 2.735830e-01 9.464998e-01 -1.711446e-01 2.307171e+00 -5.850442e-01 3.049850e-01 7.514702e-01 -2.868222e+01
9.383905e-01 3.069786e-02 3.442107e-01 1.502555e+02 -7.229952e-02 9.914437e-01 1.086834e-01 2.317705e+00 -3.379292e-01 -1.268737e-01 9.325808e-01 -2.890340e+01
7.633919e-01 -3.296501e-01 5.554851e-01 1.515812e+02 4.062317e-01 9.136285e-01 -1.608716e-02 2.342048e+00 -5.022039e-01 2.379364e-01 8.313709e-01 -2.939970e+01
9.426630e-01 1.359861e-01 3.047855e-01 1.530010e+02 -1.142684e-01 9.895372e-01 -8.808415e-02 2.368879e+00 -3.135748e-01 4.820633e-02 9.483391e-01 -2.993883e+01
7.425514e-01 -3.529654e-01 5.692389e-01 1.543136e+02 3.158932e-01 9.339726e-01 1.670529e-01 2.391844e+00 -5.906174e-01 5.577335e-02 8.050220e-01 -3.040139e+01
8.941809e-01 -3.622867e-03 4.476911e-01 1.559120e+02 1.334823e-01 9.566459e-01 -2.588650e-01 2.423816e+00 -4.273440e-01 2.912310e-01 8.558981e-01 -3.112178e+01
8.456313e-01 -1.595041e-01 5.093781e-01 1.574845e+02 6.611556e-02 9.782587e-01 1.965670e-01 2.453570e+00 -5.296568e-01 -1.325454e-01 8.377920e-01 -3.172593e+01
8.196245e-01 -2.056380e-01 5.347230e-01 1.589129e+02 3.298604e-01 9.325153e-01 -1.469941e-01 2.473863e+00 -4.684098e-01 2.968639e-01 8.321443e-01 -3.217362e+01
9.192418e-01 3.591941e-02 3.920514e-01 1.603885e+02 -5.284745e-02 9.980746e-01 3.246853e-02 2.504176e+00 -3.901303e-01 -5.056534e-02 9.193702e-01 -3.277796e+01
8.778590e-01 -3.427969e-01 3.344456e-01 1.619604e+02 3.708848e-01 9.284206e-01 -2.190139e-02 2.541274e+00 -3.029985e-01 1.432671e-01 9.421605e-01 -3.351652e+01
8.689011e-01 1.350920e-01 4.761944e-01 1.632024e+02 -7.618161e-02 9.870718e-01 -1.410164e-01 2.560302e+00 -4.890882e-01 8.625205e-02 8.679593e-01 -3.388857e+01
8.131417e-01 -2.880166e-01 5.058132e-01 1.643398e+02 1.990793e-01 9.542041e-01 2.232978e-01 2.572410e+00 -5.469625e-01 -8.087585e-02 8.332413e-01 -3.412181e+01
9.585156e-01 -7.369382e-02 2.753490e-01 1.657023e+02 1.441733e-01 9.586653e-01 -2.453056e-01 2.597182e+00 -2.458900e-01 2.748272e-01 9.295204e-01 -3.460948e+01
7.553450e-01 -7.159436e-02 6.514048e-01 1.669717e+02 -2.352054e-02 9.904121e-01 1.361274e-01 2.616126e+00 -6.549052e-01 -1.181445e-01 7.464188e-01 -3.498643e+01
9.313100e-01 -2.945086e-01 2.143044e-01 1.683183e+02 3.203966e-01 9.422568e-01 -9.745855e-02 2.639577e+00 -1.732274e-01 1.594265e-01 9.718927e-01 -3.545260e+01
7.768479e-01 1.089153e-01 6.201973e-01 1.695968e+02 -6.365095e-02 9.934653e-01 -9.473830e-02 2.660727e+00 -6.264630e-01 3.412110e-02 7.787040e-01 -3.587058e+01
9.316409e-01 -3.260223e-01 1.604830e-01 1.708826e+02 3.084042e-01 9.429685e-01 1.252891e-01 2.684999e+00 -1.921775e-01 -6.723081e-02 9.790546e-01 -3.633540e+01
9.399293e-01 6.207107e-02 3.356785e-01 1.721270e+02 2.062862e-02 9.712052e-01 -2.373497e-01 2.714570e+00 -3.407453e-01 2.300165e-01 9.115838e-01 -3.688625e+01
9.622389e-01 -2.533627e-01 9.951676e-02 1.735005e+02 2.277700e-01 9.496115e-01 2.153109e-01 2.749554e+00 -1.490540e-01 -1.845136e-01 9.714616e-01 -3.753429e+01
9.599522e-01 -3.496907e-03 2.801421e-01 1.746887e+02 8.638151e-02 9.549013e-01 -2.840805e-01 2.778244e+00 -2.665147e-01 2.969028e-01 9.169616e-01 -3.806931e+01
9.437091e-01 -1.561964e-01 2.915748e-01 1.759002e+02 8.365548e-02 9.655317e-01 2.464759e-01 2.805895e+00 -3.200234e-01 -2.082097e-01 9.242477e-01 -3.858350e+01
7.645973e-01 -1.296957e-01 6.313240e-01 1.770803e+02 3.174308e-01 9.282793e-01 -1.937403e-01 2.816512e+00 -5.609177e-01 3.485350e-01 7.509292e-01 -3.877130e+01
9.381671e-01 8.747177e-02 3.349495e-01 1.782668e+02 -1.342058e-01 9.837842e-01 1.189853e-01 2.832376e+00 -3.191102e-01 -1.565803e-01 9.346932e-01 -3.908164e+01
8.226081e-01 -3.534795e-01 4.453853e-01 1.793426e+02 4.051502e-01 9.139625e-01 -2.293039e-02 2.850234e+00 -3.989601e-01 1.993107e-01 8.950453e-01 -3.940885e+01
8.645150e-01 1.747258e-01 4.712587e-01 1.805621e+02 -1.199132e-01 9.822552e-01 -1.442065e-01 2.865977e+00 -4.880929e-01 6.815852e-02 8.701263e-01 -3.969023e+01
5.264400e-01 -3.574665e-01 7.714134e-01 1.822643e+02 2.217023e-01 9.336448e-01 2.813457e-01 2.883995e+00 -8.207978e-01 2.291248e-02 5.707592e-01 -4.000409e+01
8.341124e-01 -5.852919e-02 5.484805e-01 1.836760e+02 2.538592e-01 9.235220e-01 -2.875109e-01 2.894288e+00 -4.897061e-01 3.790533e-01 7.851793e-01 -4.019784e+01
9.948996e-01 -6.555746e-02 7.666181e-02 1.852546e+02 4.574591e-02 9.705962e-01 2.363267e-01 2.933948e+00 -8.990064e-02 -2.316144e-01 9.686447e-01 -4.095511e+01
8.262075e-01 -2.015717e-01 5.260704e-01 1.869069e+02 3.880312e-01 8.805951e-01 -2.720001e-01 2.975563e+00 -4.084275e-01 4.288603e-01 8.057704e-01 -4.178091e+01
9.857665e-01 1.562644e-01 6.201510e-02 1.878354e+02 -1.667743e-01 9.554984e-01 2.433294e-01 2.998009e+00 -2.123160e-02 -2.502085e-01 9.679592e-01 -4.220546e+01
8.098486e-01 -3.691210e-01 4.559549e-01 1.888584e+02 4.922850e-01 8.503323e-01 -1.859851e-01 3.025608e+00 -3.190622e-01 3.750795e-01 8.703532e-01 -4.272159e+01
9.537254e-01 2.345114e-01 1.881815e-01 1.901334e+02 -2.510218e-01 9.655207e-01 6.897723e-02 3.060533e+00 -1.655172e-01 -1.130230e-01 9.797091e-01 -4.332226e+01
8.913218e-01 -4.508049e-01 4.816997e-02 1.909144e+02 4.533353e-01 8.848702e-01 -1.071997e-01 3.086095e+00 5.702005e-03 1.173866e-01 9.930699e-01 -4.378926e+01
9.504305e-01 2.970036e-01 9.203645e-02 1.913381e+02 -3.014116e-01 9.527330e-01 3.809063e-02 3.105766e+00 -7.637311e-02 -6.394335e-02 9.950268e-01 -4.407806e+01
7.038935e-01 -4.605220e-01 5.407897e-01 1.919988e+02 4.656808e-01 8.740917e-01 1.382215e-01 3.117147e+00 -5.363538e-01 1.545421e-01 8.297237e-01 -4.429217e+01
9.687066e-01 2.274624e-01 9.933990e-02 1.932027e+02 -2.048597e-01 9.586724e-01 -1.974330e-01 3.139992e+00 -1.401430e-01 1.709039e-01 9.752701e-01 -4.473403e+01
7.956813e-01 -4.232856e-01 4.332673e-01 1.944517e+02 3.420278e-01 9.043252e-01 2.553683e-01 3.169806e+00 -4.999082e-01 -5.500233e-02 8.643301e-01 -4.532237e+01
9.415394e-01 8.388623e-02 3.262923e-01 1.956207e+02 3.729544e-02 9.366005e-01 -3.484085e-01 3.190255e+00 -3.348322e-01 3.402096e-01 8.787177e-01 -4.573287e+01
9.593283e-01 -2.274806e-01 1.671581e-01 1.969593e+02 1.676530e-01 9.355210e-01 3.109547e-01 3.224964e+00 -2.271161e-01 -2.702831e-01 9.356096e-01 -4.639649e+01
9.300572e-01 -6.904316e-02 3.608692e-01 1.981264e+02 2.100941e-01 9.057040e-01 -3.681857e-01 3.252338e+00 -3.014200e-01 4.182502e-01 8.568622e-01 -4.692803e+01
9.394495e-01 -3.022282e-02 3.413520e-01 1.991277e+02 -7.002176e-02 9.581578e-01 2.775438e-01 3.274790e+00 -3.354572e-01 -2.846405e-01 8.980246e-01 -4.738231e+01
9.307551e-01 -3.073398e-01 1.980837e-01 2.000266e+02 3.535595e-01 8.946084e-01 -2.732610e-01 3.297594e+00 -9.322339e-02 3.243734e-01 9.413242e-01 -4.782673e+01
8.660880e-01 1.318866e-01 4.821800e-01 2.009503e+02 -1.793727e-01 9.823254e-01 5.350070e-02 3.322222e+00 -4.666016e-01 -1.328262e-01 8.744371e-01 -4.830579e+01
8.784883e-01 -4.749920e-01 -5.138996e-02 2.023251e+02 4.662531e-01 8.758178e-01 -1.247045e-01 3.364232e+00 1.042419e-01 8.559072e-02 9.908622e-01 -4.914935e+01
8.984435e-01 2.564439e-01 3.564209e-01 2.034802e+02 -2.306074e-01 9.663477e-01 -1.139839e-01 3.399412e+00 -3.736570e-01 2.021484e-02 9.273467e-01 -4.983685e+01
8.768423e-01 -4.549266e-01 -1.555293e-01 2.044913e+02 4.646369e-01 8.849583e-01 3.100582e-02 3.431354e+00 1.235316e-01 -9.945186e-02 9.873446e-01 -5.043595e+01
8.765419e-01 2.879851e-01 3.856667e-01 2.053214e+02 -1.851107e-01 9.413300e-01 -2.821910e-01 3.456957e+00 -4.443065e-01 1.759612e-01 8.784244e-01 -5.091336e+01
9.035594e-01 -4.251386e-01 5.326879e-02 2.062920e+02 3.963783e-01 8.766170e-01 2.728128e-01 3.482430e+00 -1.626796e-01 -2.253879e-01 9.605913e-01 -5.142176e+01
8.956070e-01 1.600411e-01 4.150601e-01 2.073446e+02 5.279158e-02 8.882105e-01 -4.563936e-01 3.509566e+00 -4.417025e-01 4.306610e-01 7.870388e-01 -5.198959e+01
9.517535e-01 -2.273752e-01 2.060724e-01 2.083425e+02 1.236990e-01 8.988428e-01 4.204523e-01 3.535703e+00 -2.808271e-01 -3.746759e-01 8.836029e-01 -5.253341e+01
9.373135e-01 -1.318261e-01 3.225914e-01 2.092823e+02 2.758290e-01 8.463909e-01 -4.555665e-01 3.561417e+00 -2.129828e-01 5.159887e-01 8.296951e-01 -5.307017e+01
9.770748e-01 3.265294e-02 2.103774e-01 2.102102e+02 -1.111217e-01 9.211015e-01 3.731274e-01 3.588053e+00 -1.815952e-01 -3.879509e-01 9.036135e-01 -5.360084e+01
9.117462e-01 -3.223151e-01 2.546209e-01 2.110757e+02 3.987224e-01 8.434173e-01 -3.600940e-01 3.611291e+00 -9.868798e-02 4.298374e-01 8.974968e-01 -5.405049e+01
8.804614e-01 1.972964e-01 4.311171e-01 2.118858e+02 -2.904717e-01 9.431381e-01 1.616065e-01 3.630788e+00 -3.747186e-01 -2.675156e-01 8.877057e-01 -5.443780e+01
8.434461e-01 -5.223098e-01 1.256628e-01 2.128111e+02 5.368571e-01 8.280238e-01 -1.617437e-01 3.655989e+00 -1.957149e-02 2.038851e-01 9.787992e-01 -5.493791e+01
9.313349e-01 3.402337e-01 1.298320e-01 2.136802e+02 -3.485472e-01 9.361053e-01 4.713501e-02 3.685766e+00 -1.054995e-01 -8.915107e-02 9.904150e-01 -5.550928e+01
8.135069e-01 -5.434991e-01 2.069184e-01 2.144530e+02 5.579245e-01 8.297739e-01 -1.398673e-02 3.711385e+00 -1.640937e-01 1.268232e-01 9.782582e-01 -5.600393e+01
9.230688e-01 3.631821e-01 1.266596e-01 2.151067e+02 -3.511648e-01 9.300956e-01 -1.077282e-01 3.735138e+00 -1.569305e-01 5.496210e-02 9.860791e-01 -5.646198e+01
7.994026e-01 -5.614021e-01 2.139700e-01 2.159007e+02 5.421378e-01 8.275430e-01 1.458055e-01 3.763052e+00 -2.589249e-01 -5.561206e-04 9.658973e-01 -5.700582e+01
9.182128e-01 3.155024e-01 2.394651e-01 2.167096e+02 -2.220949e-01 9.107036e-01 -3.482713e-01 3.785252e+00 -3.279622e-01 2.666032e-01 9.062911e-01 -5.744399e+01
8.866794e-01 -4.471964e-01 1.175372e-01 2.175953e+02 3.860612e-01 8.558993e-01 3.440829e-01 3.810470e+00 -2.544726e-01 -2.597147e-01 9.315535e-01 -5.792992e+01
9.878992e-01 1.459327e-01 5.252411e-02 2.186787e+02 -1.095112e-01 8.961312e-01 -4.300652e-01 3.842994e+00 -1.098291e-01 4.191091e-01 9.012686e-01 -5.857946e+01
