1.000000e+00 1.197624e-11 1.704639e-10 3.214096e-14 1.197625e-11 1.000000e+00 3.562503e-10 -1.998401e-15 1.704639e-10 3.562503e-10 1.000000e+00 -4.041212e-14 0.000000e+00 0.000000e+00 0.000000e+00 1.000000e+00
9.859649e-01 -2.466073e-03 -1.669345e-01 -2.318606e-01 4.875297e-03 9.998898e-01 1.402388e-02 2.593856e-02 1.668816e-01 -1.464091e-02 9.858682e-01 9.491183e-02
9.809379e-01 -1.438632e-02 1.937881e-01 -4.972846e-01 2.295034e-02 9.988531e-01 -4.202031e-02 5.034065e-02 -1.929613e-01 4.566682e-02 9.801431e-01 2.308460e-01
9.720144e-01 1.219445e-02 -2.346045e-01 -8.497549e-01 -3.121302e-03 9.992341e-01 3.900674e-02 8.122279e-02 2.349004e-01 -3.718285e-02 9.713080e-01 4.889820e-01
9.744196e-01 -1.158471e-03 2.247333e-01 -1.216916e+00 2.032208e-02 9.963441e-01 -8.297837e-02 1.139458e-01 -2.238156e-01 8.542280e-02 9.708808e-01 7.309285e-01
9.599941e-01 4.964069e-03 -2.799761e-01 -1.525526e+00 1.523548e-02 9.974359e-01 6.992492e-02 1.424534e-01 2.796054e-01 -7.139308e-02 9.574570e-01 9.233246e-01
9.511447e-01 -4.136359e-02 3.059621e-01 -1.688186e+00 7.136098e-02 9.936041e-01 -8.751277e-02 1.620158e-01 -3.003853e-01 1.050711e-01 9.480130e-01 9.928859e-01
9.497410e-01 3.632344e-02 -3.109223e-01 -1.948596e+00 -7.667428e-03 9.956464e-01 9.289532e-02 1.872771e-01 3.129429e-01 -8.584252e-02 9.458847e-01 1.117826e+00
9.879283e-01 -2.925707e-02 1.521238e-01 -2.135533e+00 4.569200e-02 9.933488e-01 -1.056898e-01 2.106135e-01 -1.480199e-01 1.113648e-01 9.826943e-01 1.178190e+00
9.107294e-01 -5.324046e-02 -4.095575e-01 -2.044641e+00 9.346774e-02 9.924972e-01 7.882366e-02 2.381534e-01 4.022880e-01 -1.100674e-01 9.088727e-01 9.380869e-01
9.804476e-01 1.423456e-02 1.962647e-01 -1.971010e+00 1.293961e-02 9.905579e-01 -1.364828e-01 2.618569e-01 -1.963543e-01 1.363539e-01 9.710060e-01 7.072522e-01
8.889701e-01 7.119657e-03 -4.579100e-01 -2.115092e+00 6.899133e-02 9.863861e-01 1.492738e-01 2.849700e-01 4.527388e-01 -1.642917e-01 8.763765e-01 7.215042e-01
9.800445e-01 7.395788e-02 1.845076e-01 -2.337631e+00 -4.983452e-02 9.899805e-01 -1.321182e-01 3.115056e-01 -1.924301e-01 1.202869e-01 9.739105e-01 7.984535e-01
9.717726e-01 -1.120366e-01 -2.076193e-01 -2.470465e+00 1.319880e-01 9.876144e-01 8.483466e-02 3.317204e-01 1.955433e-01 -1.098433e-01 9.745241e-01 7.828641e-01
9.931321e-01 7.552448e-02 8.935753e-02 -2.540118e+00 -6.532221e-02 9.915527e-01 -1.120546e-01 3.522854e-01 -9.706557e-02 1.054480e-01 9.896762e-01 6.940950e-01
9.861891e-01 -1.490866e-01 7.214054e-02 -2.666944e+00 1.422698e-01 9.855546e-01 9.187671e-02 3.675781e-01 -8.479603e-02 -8.034439e-02 9.931538e-01 7.459151e-01
9.646401e-01 1.182195e-01 -2.355708e-01 -2.876582e+00 -1.384997e-01 9.877830e-01 -7.143161e-02 3.910865e-01 2.242482e-01 1.015323e-01 9.692285e-01 8.439784e-01
9.736529e-01 -2.236073e-01 -4.471824e-02 -2.884569e+00 2.251555e-01 9.737575e-01 3.318567e-02 4.142905e-01 3.612416e-02 -4.237988e-02 9.984483e-01 7.423672e-01
9.711608e-01 1.246008e-01 -2.032767e-01 -2.771754e+00 -1.298061e-01 9.914615e-01 -1.242508e-02 4.376235e-01 1.999928e-01 3.845330e-02 9.790425e-01 5.688803e-01
9.111475e-01 -3.017607e-01 2.806255e-01 -2.057859e+00 3.141934e-01 9.493587e-01 7.220471e-04 4.653285e-01 -2.666321e-01 8.751278e-02 9.598171e-01 7.036632e-02
9.284094e-01 1.555747e-01 -3.374204e-01 -1.630854e+00 -1.412445e-01 9.877201e-01 6.677575e-02 4.908124e-01 3.436655e-01 -1.433646e-02 9.389827e-01 -3.066478e-01
9.377285e-01 -2.623419e-01 2.276885e-01 -1.285057e+00 2.859475e-01 9.551333e-01 -7.716500e-02 5.149671e-01 -1.972292e-01 1.374668e-01 9.706717e-01 -6.339283e-01
9.610858e-01 1.227968e-01 -2.474570e-01 -8.758039e-01 -1.004232e-01 9.897908e-01 1.011403e-01 5.396216e-01 2.573504e-01 -7.235410e-02 9.636056e-01 -1.004581e+00
9.860067e-01 -1.638017e-01 3.098017e-02 -9.227054e-01 1.662112e-01 9.802596e-01 -1.070745e-01 5.578766e-01 -1.282962e-02 1.107254e-01 9.937682e-01 -1.018671e+00
9.040472e-01 1.033885e-01 -4.147402e-01 -9.775903e-01 -3.730413e-02 9.856878e-01 1.644020e-01 5.830320e-01 4.258016e-01 -1.331556e-01 8.949651e-01 -1.030259e+00
9.423567e-01 -1.707617e-01 2.877572e-01 -3.477626e-01 2.272803e-01 9.578078e-01 -1.759199e-01 6.135316e-01 -2.455757e-01 2.311809e-01 9.414074e-01 -1.534828e+00
9.664763e-01 3.718792e-02 -2.540486e-01 3.823430e-01 1.290762e-02 9.811672e-01 1.927288e-01 6.425975e-01 2.564313e-01 -1.895470e-01 9.477948e-01 -2.054926e+00
9.506318e-01 -1.609230e-01 2.653354e-01 1.262271e+00 2.232377e-01 9.485551e-01 -2.245175e-01 6.759424e-01 -2.155553e-01 2.726663e-01 9.376508e-01 -2.660830e+00
9.769486e-01 3.811274e-02 -2.100448e-01 1.774764e+00 9.724103e-03 9.749671e-01 2.221365e-01 7.010540e-01 2.132530e-01 -2.190584e-01 9.521221e-01 -3.075057e+00
9.097945e-01 -1.719704e-01 3.777568e-01 2.667173e+00 2.804203e-01 9.256708e-01 -2.539647e-01 7.308050e-01 -3.060040e-01 3.369864e-01 8.903941e-01 -3.643021e+00
9.971165e-01 4.763225e-02 -5.907531e-02 3.652657e+00 -3.228815e-02 9.707872e-01 2.377598e-01 7.615967e-01 6.867459e-02 -2.351668e-01 9.695258e-01 -4.256400e+00
9.469537e-01 -2.375534e-01 2.164420e-01 4.546274e+00 2.936229e-01 9.133053e-01 -2.822393e-01 7.926010e-01 -1.306307e-01 3.308199e-01 9.346089e-01 -4.843938e+00
9.969619e-01 7.788779e-02 -6.807475e-04 5.587089e+00 -7.509708e-02 9.634870e-01 2.570081e-01 8.266192e-01 2.067369e-02 -2.561762e-01 9.664090e-01 -5.486497e+00
9.191512e-01 -2.899002e-01 2.666815e-01 6.671748e+00 3.608856e-01 8.910940e-01 -2.751601e-01 8.603605e-01 -1.578693e-01 3.491552e-01 9.236709e-01 -6.144017e+00
9.856579e-01 1.247981e-01 1.135955e-01 7.789586e+00 -1.464110e-01 9.671341e-01 2.078834e-01 8.935496e-01 -8.391866e-02 -2.215336e-01 9.715351e-01 -6.789310e+00
9.067613e-01 -3.693198e-01 2.034377e-01 8.889538e+00 4.091093e-01 8.873955e-01 -2.125061e-01 9.263386e-01 -1.020470e-01 2.759206e-01 9.557480e-01 -7.417615e+00
9.663110e-01 1.643040e-01 1.981091e-01 1.016959e+01 -1.861702e-01 9.776963e-01 9.721367e-02 9.632893e-01 -1.777180e-01 -1.308207e-01 9.753473e-01 -8.121103e+00
8.948425e-01 -4.358734e-01 9.628721e-02 1.147305e+01 4.453684e-01 8.863204e-01 -1.268192e-01 1.002508e+00 -3.006420e-02 1.563665e-01 9.872414e-01 -8.872318e+00
9.355724e-01 2.144891e-01 2.805329e-01 1.275197e+01 -2.091488e-01 9.766447e-01 -4.921263e-02 1.038146e+00 -2.845365e-01 -1.263115e-02 9.585820e-01 -9.550038e+00
9.001724e-01 -4.320514e-01 5.496605e-02 1.376081e+01 4.298006e-01 9.016301e-01 4.831843e-02 1.066174e+00 -7.043508e-02 -1.987047e-02 9.973184e-01 -1.008009e+01
9.086681e-01 2.565519e-01 3.293984e-01 1.410172e+01 -1.954554e-01 9.585361e-01 -2.073784e-01 1.079971e+00 -3.689436e-01 1.240554e-01 9.211356e-01 -1.019012e+01
8.624487e-01 -4.066150e-01 3.014075e-01 1.458371e+01 3.327727e-01 9.042259e-01 2.676526e-01 1.092520e+00 -3.813720e-01 -1.305364e-01 9.151588e-01 -1.031545e+01
8.731859e-01 2.069092e-01 -4.412878e-01 1.467285e+01 -2.850782e-01 9.512013e-01 -1.180951e-01 1.114207e+00 3.953185e-01 2.289205e-01 8.895609e-01 -1.039396e+01
8.668454e-01 -3.977349e-01 3.006427e-01 1.484675e+01 3.586715e-01 9.163193e-01 1.780833e-01 1.136385e+00 -3.463147e-01 -4.653872e-02 9.369633e-01 -1.047937e+01
9.864520e-01 1.096988e-01 -1.219776e-01 1.605020e+01 -1.303894e-01 9.755041e-01 -1.771733e-01 1.171985e+00 9.955394e-02 1.906776e-01 9.765916e-01 -1.114549e+01
7.675252e-01 -3.043809e-01 5.641430e-01 1.695877e+01 2.054423e-01 9.504535e-01 2.333057e-01 1.192038e+00 -6.072055e-01 -6.316919e-02 7.920298e-01 -1.151804e+01
9.457455e-01 -1.599955e-02 -3.245142e-01 1.781575e+01 -4.460942e-02 9.829338e-01 -1.784688e-01 1.217143e+00 3.218314e-01 1.832624e-01 9.288915e-01 -1.197837e+01
8.990865e-01 -2.196215e-01 3.786949e-01 1.855150e+01 1.719208e-01 9.726907e-01 1.559358e-01 1.244109e+00 -4.025999e-01 -7.509427e-02 9.122906e-01 -1.244754e+01
9.761425e-01 -1.159853e-02 -2.168209e-01 1.923524e+01 -1.388880e-02 9.931920e-01 -1.156577e-01 1.264496e+00 2.166863e-01 1.159098e-01 9.693358e-01 -1.278925e+01
7.254805e-01 -2.051492e-01 6.569565e-01 2.038390e+01 1.811513e-01 9.778023e-01 1.052941e-01 1.291901e+00 -6.639746e-01 4.261968e-02 7.465395e-01 -1.329242e+01
9.852858e-01 -3.345131e-02 -1.676096e-01 2.140756e+01 2.395439e-02 9.980078e-01 -5.836629e-02 1.313254e+00 1.692281e-01 5.349248e-02 9.841242e-01 -1.369740e+01
7.153913e-01 -1.519009e-01 6.820127e-01 2.217028e+01 1.747969e-01 9.839535e-01 3.579882e-02 1.330959e+00 -6.765067e-01 9.360355e-02 7.304636e-01 -1.401962e+01
9.027252e-01 -8.653518e-02 -4.214248e-01 2.347006e+01 9.918493e-02 9.950357e-01 8.141786e-03 1.368567e+00 4.186282e-01 -4.914878e-02 9.068268e-01 -1.472566e+01
7.177540e-01 -6.468788e-02 6.932854e-01 2.465827e+01 1.885923e-01 9.765189e-01 -1.041331e-01 1.402295e+00 -6.702702e-01 2.054902e-01 7.131000e-01 -1.537284e+01
8.882131e-01 -1.296992e-02 -4.592485e-01 2.526980e+01 9.367389e-02 9.837159e-01 1.533890e-01 1.423744e+00 4.497806e-01 -1.792617e-01 8.749644e-01 -1.573856e+01
6.738994e-01 -4.268002e-02 7.375893e-01 2.595347e+01 2.578898e-01 9.491259e-01 -1.807009e-01 1.443447e+00 -6.923528e-01 3.119910e-01 6.506221e-01 -1.608728e+01
8.394549e-01 4.012459e-02 -5.419460e-01 2.697652e+01 1.193004e-01 9.593351e-01 2.558193e-01 1.475104e+00 5.301725e-01 -2.794031e-01 8.005317e-01 -1.668118e+01
7.125533e-01 -1.432260e-02 7.014718e-01 2.791422e+01 3.114860e-01 9.023206e-01 -2.979832e-01 1.503729e+00 -6.286846e-01 4.308275e-01 6.474129e-01 -1.720986e+01
9.240800e-01 1.264735e-01 -3.606670e-01 2.844820e+01 2.356664e-02 9.230117e-01 3.840495e-01 1.521647e+00 3.814719e-01 -3.633922e-01 8.499561e-01 -1.752347e+01
9.208700e-01 -9.142124e-02 3.789995e-01 2.865425e+01 2.547646e-01 8.769609e-01 -4.074735e-01 1.540654e+00 -2.951160e-01 4.717857e-01 8.308578e-01 -1.775402e+01
9.052684e-01 1.898083e-01 -3.800815e-01 2.863360e+01 1.857140e-02 8.761106e-01 4.817524e-01 1.554765e+00 4.244341e-01 -4.431739e-01 7.895902e-01 -1.776595e+01
8.464254e-01 -7.771414e-02 5.268060e-01 2.877872e+01 3.595691e-01 8.131133e-01 -4.577738e-01 1.571701e+00 -3.927775e-01 5.768945e-01 7.161833e-01 -1.792288e+01
8.438917e-01 1.768128e-01 -5.065412e-01 2.946216e+01 1.418089e-01 8.370487e-01 5.284314e-01 1.605191e+00 5.174330e-01 -5.177710e-01 6.813048e-01 -1.848328e+01
9.456860e-01 7.123073e-03 3.250034e-01 3.019352e+01 1.941975e-01 7.893864e-01 -5.823714e-01 1.641204e+00 -2.607016e-01 6.138554e-01 7.451284e-01 -1.908695e+01
9.983842e-01 -5.350071e-02 -1.914949e-02 3.135316e+01 5.515111e-02 8.311234e-01 5.533464e-01 1.676437e+00 -1.368884e-02 -5.535084e-01 8.327311e-01 -1.975357e+01
9.821680e-01 -1.523445e-01 1.101686e-01 3.204564e+01 1.879241e-01 7.783088e-01 -5.990992e-01 1.704524e+00 5.524305e-03 6.091194e-01 7.930593e-01 -2.025827e+01
9.796211e-01 9.384264e-02 1.775837e-01 3.200866e+01 -1.798590e-01 8.034043e-01 5.676199e-01 1.713879e+00 -8.940458e-02 -5.879925e-01 8.039102e-01 -2.020962e+01
9.554024e-01 -2.531840e-01 1.520003e-01 3.181386e+01 2.942414e-01 7.724795e-01 -5.627588e-01 1.730743e+00 2.506442e-02 5.823859e-01 8.125260e-01 -2.006104e+01
9.576549e-01 2.847950e-01 4.229569e-02 3.155202e+01 -2.611536e-01 7.973550e-01 5.440807e-01 1.754768e+00 1.212268e-01 -5.320872e-01 8.379662e-01 -1.990442e+01
9.614663e-01 -2.736791e-01 -2.612071e-02 3.130832e+01 2.149645e-01 8.076072e-01 -5.491455e-01 1.778808e+00 1.713849e-01 5.223699e-01 8.353185e-01 -1.974366e+01
9.216537e-01 1.715302e-01 3.480401e-01 3.108429e+01 -3.208133e-01 8.414084e-01 4.348687e-01 1.797430e+00 -2.182508e-01 -5.124542e-01 8.305163e-01 -1.959484e+01
9.152045e-01 -3.653679e-01 -1.700205e-01 3.088345e+01 2.391461e-01 8.319864e-01 -5.006074e-01 1.818404e+00 3.243606e-01 4.174984e-01 8.488140e-01 -1.947290e+01
9.553198e-01 2.679406e-01 1.247875e-01 3.049630e+01 -2.946299e-01 8.295207e-01 4.744350e-01 1.855942e+00 2.360654e-02 -4.900032e-01 8.714009e-01 -1.924321e+01
9.521775e-01 -3.054230e-01 8.645742e-03 3.019050e+01 2.651564e-01 8.119215e-01 -5.200727e-01 1.884025e+00 1.518225e-01 4.974940e-01 8.540782e-01 -1.905026e+01
9.518247e-01 2.224493e-01 2.110594e-01 2.998512e+01 -2.968062e-01 8.412707e-01 4.518513e-01 1.903091e+00 -7.704406e-02 -4.927270e-01 8.667666e-01 -1.889155e+01
9.143311e-01 -3.952569e-01 8.815105e-02 2.994115e+01 3.892190e-01 7.975901e-01 -4.608239e-01 1.915368e+00 1.118354e-01 4.556557e-01 8.831029e-01 -1.886747e+01
9.629496e-01 2.164496e-01 1.608655e-01 3.042816e+01 -2.630644e-01 8.852382e-01 3.836020e-01 1.938822e+00 -5.937378e-02 -4.117074e-01 9.093799e-01 -1.924743e+01
9.164508e-01 -2.858016e-01 -2.800633e-01 3.030285e+01 1.477952e-01 8.921754e-01 -4.268251e-01 1.963091e+00 3.718529e-01 3.497722e-01 8.598749e-01 -1.923212e+01
9.602401e-01 1.421609e-01 2.402693e-01 3.004408e+01 -2.231523e-01 9.080022e-01 3.545914e-01 1.988970e+00 -1.677560e-01 -3.941095e-01 9.036236e-01 -1.906422e+01
9.108471e-01 -2.172109e-01 -3.509657e-01 2.983304e+01 7.106631e-02 9.201574e-01 -3.850453e-01 2.012597e+00 4.065798e-01 3.257756e-01 8.535591e-01 -1.893442e+01
8.812561e-01 6.860023e-02 4.676341e-01 2.954331e+01 -2.218721e-01 9.336626e-01 2.811529e-01 2.036888e+00 -4.173253e-01 -3.515227e-01 8.380164e-01 -1.870778e+01
9.277282e-01 -3.179810e-01 -1.954698e-01 2.944616e+01 2.344034e-01 9.038735e-01 -3.578656e-01 2.048734e+00 2.904744e-01 2.861832e-01 9.130848e-01 -1.859386e+01
8.542893e-01 1.478443e-01 4.983291e-01 2.944738e+01 -2.885566e-01 9.322959e-01 2.180813e-01 2.056412e+00 -4.323481e-01 -3.301007e-01 8.391118e-01 -1.852845e+01
9.165737e-01 -3.615969e-01 -1.707052e-01 2.923200e+01 3.002165e-01 9.042854e-01 -3.035425e-01 2.071224e+00 2.641263e-01 2.269706e-01 9.374016e-01 -1.830945e+01
9.042465e-01 2.297860e-01 3.599120e-01 2.913260e+01 -3.034644e-01 9.387873e-01 1.630578e-01 2.085656e+00 -3.004124e-01 -2.566649e-01 9.186270e-01 -1.823467e+01
7.618725e-01 -2.435165e-01 -6.002083e-01 2.882931e+01 1.172853e-01 9.631848e-01 -2.419075e-01 2.116692e+00 6.370200e-01 1.139071e-01 7.623849e-01 -1.794756e+01
9.630576e-01 1.171811e-01 2.424636e-01 2.856435e+01 -1.745715e-01 9.572187e-01 2.307751e-01 2.150004e+00 -2.050482e-01 -2.645770e-01 9.423132e-01 -1.777719e+01
7.910530e-01 -2.148779e-01 -5.727675e-01 2.850068e+01 3.930411e-02 9.521985e-01 -3.029411e-01 2.176382e+00 6.104837e-01 2.171303e-01 7.616850e-01 -1.782129e+01
9.965767e-01 6.008791e-02 5.678309e-02 2.821072e+01 -7.698008e-02 9.249141e-01 3.723010e-01 2.213350e+00 -3.014869e-02 -3.753977e-01 9.263734e-01 -1.747728e+01
8.822836e-01 -1.473624e-02 -4.704876e-01 2.790342e+01 -1.410204e-01 9.453270e-01 -2.940579e-01 2.248339e+00 4.490979e-01 3.257908e-01 8.319684e-01 -1.727587e+01
9.900804e-01 -1.032685e-01 9.526991e-02 2.755573e+01 6.954250e-02 9.493705e-01 3.063650e-01 2.286327e+00 -1.220843e-01 -2.967007e-01 9.471347e-01 -1.708943e+01
8.489200e-01 8.244600e-02 -5.220512e-01 2.731966e+01 -2.264159e-01 9.492606e-01 -2.182664e-01 2.317688e+00 4.775675e-01 3.034914e-01 8.245134e-01 -1.700973e+01
9.551307e-01 -2.402841e-01 1.731731e-01 2.716687e+01 1.852360e-01 9.408297e-01 2.837728e-01 2.341159e+00 -2.311125e-01 -2.389622e-01 9.431246e-01 -1.697153e+01
6.547271e-01 3.234228e-01 -6.831765e-01 2.683128e+01 -3.895294e-01 9.189431e-01 6.172880e-02 2.375648e+00 6.477648e-01 2.257018e-01 7.276396e-01 -1.645706e+01
9.139535e-01 -3.978208e-01 8.017283e-02 2.656918e+01 3.955317e-01 9.174291e-01 4.334167e-02 2.414286e+00 -9.079511e-02 -7.901373e-03 9.958382e-01 -1.613688e+01
9.692677e-01 2.430110e-01 -3.828616e-02 2.700928e+01 -2.450010e-01 9.676071e-01 -6.091882e-02 2.435470e+00 2.224201e-02 6.842679e-02 9.974082e-01 -1.644603e+01
8.882221e-01 -3.815171e-01 2.559418e-01 2.727063e+01 3.590654e-01 9.240312e-01 1.312950e-01 2.445547e+00 -2.865895e-01 -2.471928e-02 9.577345e-01 -1.654091e+01
9.701043e-01 2.426728e-01 2.737489e-03 2.724405e+01 -2.393882e-01 9.587061e-01 -1.535446e-01 2.452417e+00 -3.988554e-02 1.482989e-01 9.881379e-01 -1.647244e+01
9.473777e-01 -2.929913e-01 -1.289638e-01 2.716682e+01 3.102734e-01 9.395719e-01 1.446893e-01 2.464438e+00 7.877802e-02 -1.770894e-01 9.810369e-01 -1.637255e+01
9.578512e-01 2.360349e-01 1.637332e-01 2.708071e+01 -1.986245e-01 9.559513e-01 -2.161144e-01 2.475713e+00 -2.075315e-01 1.744840e-01 9.625414e-01 -1.631278e+01
9.396317e-01 -3.293060e-01 9.300423e-02 2.710676e+01 3.013572e-01 9.251149e-01 2.309682e-01 2.484387e+00 -1.620988e-01 -1.889975e-01 9.685060e-01 -1.632484e+01
8.409415e-01 3.283552e-01 -4.301165e-01 2.688644e+01 -3.758132e-01 9.262832e-01 -2.763667e-02 2.507836e+00 3.893350e-01 1.848843e-01 9.023503e-01 -1.608373e+01
9.211151e-01 -3.273951e-01 -2.106168e-01 2.655848e+01 3.399456e-01 9.401027e-01 2.537310e-02 2.547201e+00 1.896944e-01 -9.496979e-02 9.772394e-01 -1.573817e+01
9.315233e-01 3.404004e-01 -1.280311e-01 2.635299e+01 -3.357062e-01 9.402233e-01 5.728424e-02 2.572326e+00 1.398774e-01 -1.038077e-02 9.901144e-01 -1.560202e+01
9.061524e-01 -4.098935e-01 1.042843e-01 2.632330e+01 4.150629e-01 9.091956e-01 -3.295737e-02 2.585504e+00 -8.130578e-02 7.314893e-02 9.940013e-01 -1.560023e+01
9.577837e-01 2.566415e-01 1.295591e-01 2.680314e+01 -2.541226e-01 9.665056e-01 -3.589862e-02 2.601648e+00 -1.344327e-01 1.459218e-03 9.909217e-01 -1.585992e+01
8.279423e-01 -3.802559e-01 4.122098e-01 2.702458e+01 3.437733e-01 9.248547e-01 1.626769e-01 2.601756e+00 -4.430930e-01 7.019680e-03 8.964481e-01 -1.580455e+01
9.640542e-01 1.664546e-01 -2.071046e-01 2.738301e+01 -1.936718e-01 9.738438e-01 -1.188257e-01 2.615327e+00 1.819085e-01 1.546647e-01 9.710758e-01 -1.603229e+01
8.618465e-01 -3.384570e-01 3.777136e-01 2.786902e+01 2.898647e-01 9.398418e-01 1.807644e-01 2.632382e+00 -4.161720e-01 -4.630529e-02 9.081061e-01 -1.633281e+01
9.972182e-01 6.576478e-02 -3.508485e-02 2.867359e+01 -7.139825e-02 9.779557e-01 -1.962268e-01 2.655806e+00 2.140661e-02 1.981860e-01 9.799306e-01 -1.681251e+01
7.099829e-01 -2.593934e-01 6.547056e-01 2.953378e+01 1.734266e-01 9.654607e-01 1.944450e-01 2.675204e+00 -6.825303e-01 -2.450923e-02 7.304463e-01 -1.722074e+01
9.924792e-01 -9.215435e-02 -8.057736e-02 3.057646e+01 7.572963e-02 9.793757e-01 -1.873188e-01 2.698577e+00 9.617775e-02 1.798079e-01 9.789887e-01 -1.770065e+01
6.359017e-01 -1.013810e-01 7.650823e-01 3.156528e+01 7.460943e-02 9.947667e-01 6.980453e-02 2.720396e+00 -7.681552e-01 1.269353e-02 6.401378e-01 -1.817331e+01
9.674767e-01 -2.220895e-01 -1.210994e-01 3.278119e+01 2.157315e-01 9.743878e-01 -6.346939e-02 2.749210e+00 1.320937e-01 3.528020e-02 9.906092e-01 -1.875695e+01
7.130147e-01 2.875568e-02 7.005592e-01 3.380849e+01 7.154628e-02 9.909593e-01 -1.134940e-01 2.773776e+00 -6.974892e-01 1.310453e-01 7.045112e-01 -1.928111e+01
9.726953e-01 -2.188953e-01 -7.712825e-02 3.490730e+01 2.268280e-01 9.669657e-01 1.163033e-01 2.800477e+00 4.912213e-02 -1.306225e-01 9.902145e-01 -1.984467e+01
5.246349e-01 5.280587e-02 8.496880e-01 3.621665e+01 3.079424e-01 9.187204e-01 -2.472333e-01 2.832295e+00 -7.936811e-01 3.913622e-01 4.657317e-01 -2.058806e+01
9.983551e-01 -5.531742e-02 -1.506652e-02 3.753547e+01 5.732906e-02 9.603233e-01 2.729331e-01 2.865183e+00 -6.292282e-04 -2.733479e-01 9.619150e-01 -2.133838e+01
7.236096e-01 -1.784725e-01 6.667358e-01 3.893125e+01 4.424925e-01 8.613129e-01 -2.496809e-01 2.900409e+00 -5.297070e-01 4.756971e-01 7.022270e-01 -2.209142e+01
9.439867e-01 1.201197e-01 3.073440e-01 4.026023e+01 -1.648945e-01 9.784802e-01 1.240418e-01 2.932583e+00 -2.858301e-01 -1.677731e-01 9.434794e-01 -2.283611e+01
4.950473e-01 -3.992764e-01 7.716907e-01 4.165165e+01 5.191357e-01 8.481194e-01 1.057902e-01 2.959254e+00 -6.967254e-01 3.482411e-01 6.271378e-01 -2.347288e+01
9.273443e-01 1.978560e-01 3.176248e-01 4.292328e+01 -1.132084e-01 9.573496e-01 -2.658298e-01 2.986475e+00 -3.566740e-01 2.105580e-01 9.101917e-01 -2.421311e+01
5.144268e-01 -3.452229e-01 7.849753e-01 4.419564e+01 2.208511e-01 9.378438e-01 2.677198e-01 3.021649e+00 -8.286072e-01 3.564045e-02 5.586948e-01 -2.513014e+01
9.779973e-01 -1.635706e-01 1.294834e-01 4.572011e+01 1.955623e-01 9.349492e-01 -2.960157e-01 3.062712e+00 -7.264098e-02 3.148246e-01 9.463661e-01 -2.613816e+01
5.175322e-01 -3.734426e-02 8.548484e-01 4.733236e+01 4.165796e-02 9.989621e-01 1.841984e-02 3.093857e+00 -8.546491e-01 2.607838e-02 5.185507e-01 -2.685268e+01
9.621371e-01 -2.722803e-01 1.247509e-02 4.886462e+01 2.721326e-01 9.621806e-01 1.234175e-02 3.123567e+00 -1.536371e-02 -8.479579e-03 9.998460e-01 -2.746917e+01
7.601748e-01 2.339024e-02 6.492974e-01 5.043310e+01 1.707504e-01 9.570309e-01 -2.343847e-01 3.168981e+00 -6.268800e-01 2.890411e-01 7.235169e-01 -2.846863e+01
9.641402e-01 -1.727537e-01 2.014692e-01 5.200085e+01 1.313190e-01 9.702269e-01 2.035070e-01 3.204545e+00 -2.306274e-01 -1.697525e-01 9.581206e-01 -2.926321e+01
6.217657e-01 -1.274742e-01 7.727598e-01 5.355299e+01 4.353260e-01 8.764618e-01 -2.056843e-01 3.240573e+00 -6.510750e-01 4.642898e-01 6.004467e-01 -3.011819e+01
9.057914e-01 1.147719e-01 4.078841e-01 5.487037e+01 -1.625274e-01 9.830964e-01 8.429850e-02 3.259928e+00 -3.913143e-01 -1.426492e-01 9.091338e-01 -3.063369e+01
7.135579e-01 -4.440839e-01 5.418714e-01 5.620678e+01 5.030683e-01 8.630812e-01 4.486695e-02 3.288480e+00 -4.876037e-01 2.405832e-01 8.392630e-01 -3.123337e+01
9.810376e-01 1.922637e-01 -2.449068e-02 5.773082e+01 -1.935658e-01 9.783467e-01 -7.328039e-02 3.330269e+00 9.871218e-03 7.663138e-02 9.970106e-01 -3.209098e+01
6.093031e-01 -4.139195e-01 6.763286e-01 5.910188e+01 4.139372e-01 8.935336e-01 1.739358e-01 3.366535e+00 -6.763178e-01 1.739780e-01 7.157695e-01 -3.288447e+01
6.405763e-01 2.005944e-01 7.412313e-01 5.986237e+01 6.092019e-02 9.489597e-01 -3.094581e-01 3.352254e+00 -7.654742e-01 2.433875e-01 5.956609e-01 -3.246364e+01
8.440327e-01 -2.282656e-01 4.852871e-01 6.096661e+01 8.982653e-02 9.522835e-01 2.916974e-01 3.366786e+00 -5.287154e-01 -2.026105e-01 8.242627e-01 -3.283457e+01
6.324967e-01 -1.834678e-01 7.525207e-01 6.227613e+01 4.870328e-01 8.496545e-01 -2.022036e-01 3.392352e+00 -6.022848e-01 4.943954e-01 6.267585e-01 -3.353194e+01
9.037689e-01 1.547997e-01 3.990475e-01 6.368745e+01 -1.785029e-01 9.836778e-01 2.268496e-02 3.424864e+00 -3.890226e-01 -9.173311e-02 9.166496e-01 -3.435123e+01
8.389645e-01 -4.741587e-01 2.670433e-01 6.458240e+01 4.908321e-01 8.712403e-01 4.925925e-03 3.453809e+00 -2.349945e-01 1.269407e-01 9.636719e-01 -3.484958e+01
7.644767e-01 2.818406e-01 5.797768e-01 6.562415e+01 -1.117434e-01 9.436854e-01 -3.114021e-01 3.470909e+00 -6.348927e-01 1.732734e-01 7.529194e-01 -3.522814e+01
2.845633e-01 -3.368996e-01 8.975090e-01 6.685189e+01 4.484509e-02 9.398679e-01 3.385813e-01 3.469958e+00 -9.576078e-01 -5.609895e-02 2.825602e-01 -3.544710e+01
8.242946e-01 -3.587006e-01 4.380324e-01 6.839546e+01 4.867464e-01 8.441494e-01 -2.246992e-01 3.500453e+00 -2.891650e-01 3.984290e-01 8.704240e-01 -3.635911e+01
7.109831e-01 2.666653e-01 6.506863e-01 6.908882e+01 -2.536651e-01 9.602670e-01 -1.163668e-01 3.508791e+00 -6.558636e-01 -8.232158e-02 7.503773e-01 -3.662858e+01
8.243245e-01 -4.569714e-01 3.341652e-01 6.941318e+01 3.891598e-01 8.861000e-01 2.517568e-01 3.503970e+00 -4.111494e-01 -7.748558e-02 9.082688e-01 -3.648098e+01
8.059195e-01 2.032983e-01 5.560248e-01 6.956144e+01 4.572907e-02 9.150087e-01 -4.008341e-01 3.498511e+00 -5.902564e-01 3.484665e-01 7.281267e-01 -3.622732e+01
7.478249e-01 -1.548585e-01 6.455825e-01 6.987849e+01 -9.630025e-02 9.368282e-01 3.362724e-01 3.488309e+00 -6.568746e-01 -3.136426e-01 6.856705e-01 -3.593945e+01
7.341479e-01 -3.211415e-01 5.982433e-01 7.055835e+01 4.858789e-01 8.639251e-01 -1.324958e-01 3.482164e+00 -4.742875e-01 3.879453e-01 7.902847e-01 -3.583135e+01
9.246780e-01 2.303766e-01 3.031455e-01 7.146769e+01 -2.419966e-01 9.702768e-01 7.912741e-04 3.501650e+00 -2.939528e-01 -7.409186e-02 9.529439e-01 -3.618651e+01
7.851914e-01 -5.020417e-01 3.625308e-01 7.268046e+01 5.143706e-01 8.547384e-01 6.960780e-02 3.531876e+00 -3.448150e-01 1.318197e-01 9.293687e-01 -3.678188e+01
8.242561e-01 3.328542e-01 4.580502e-01 7.334649e+01 -1.920912e-01 9.253731e-01 -3.267807e-01 3.545548e+00 -5.326376e-01 1.813636e-01 8.266828e-01 -3.684245e+01
4.906789e-01 -4.207057e-01 7.630471e-01 7.445162e+01 1.173456e-01 8.996444e-01 4.205592e-01 3.553357e+00 -8.634027e-01 -1.168193e-01 4.908045e-01 -3.709847e+01
9.590704e-01 -2.111531e-01 -1.886752e-01 7.578369e+01 1.236861e-01 9.117582e-01 -3.916616e-01 3.584855e+00 2.547267e-01 3.522945e-01 9.005570e-01 -3.778253e+01
6.563885e-01 -5.571031e-02 7.523633e-01 7.617049e+01 -1.515382e-01 9.672079e-01 2.038262e-01 3.599017e+00 -7.390469e-01 -2.478010e-01 6.264219e-01 -3.787719e+01
9.145019e-01 -3.695963e-01 -1.645749e-01 7.650535e+01 3.158935e-01 9.064418e-01 -2.803117e-01 3.617866e+00 2.527797e-01 2.043574e-01 9.456958e-01 -3.784459e+01
7.177138e-01 1.156214e-01 6.866721e-01 7.792884e+01 -1.230935e-01 9.916551e-01 -3.831614e-02 3.654501e+00 -6.853721e-01 -5.702483e-02 7.259568e-01 -3.856048e+01
8.381293e-01 -3.800114e-01 -3.913191e-01 7.923064e+01 3.903889e-01 9.189307e-01 -5.624012e-02 3.692057e+00 3.809670e-01 -1.056301e-01 9.185349e-01 -3.927761e+01
8.075658e-01 2.021645e-01 5.540460e-01 8.078426e+01 -5.553462e-02 9.613072e-01 -2.698229e-01 3.741245e+00 -5.871570e-01 1.871310e-01 7.875459e-01 -4.021378e+01
8.852795e-01 -3.679306e-01 -2.844422e-01 8.239032e+01 4.242026e-01 8.895383e-01 1.696285e-01 3.790584e+00 1.906107e-01 -2.708297e-01 9.435671e-01 -4.116781e+01
8.808127e-01 1.737428e-01 4.404344e-01 8.400296e+01 5.284802e-02 8.883454e-01 -4.561244e-01 3.841181e+00 -4.705062e-01 4.250362e-01 7.732840e-01 -4.214898e+01
8.990349e-01 -2.177640e-01 -3.798883e-01 8.533086e+01 3.655026e-01 8.509603e-01 3.771928e-01 3.886792e+00 2.411309e-01 -4.779596e-01 8.446363e-01 -4.298797e+01
9.480988e-01 1.477793e-01 2.815492e-01 8.655092e+01 3.105897e-02 8.381685e-01 -5.445263e-01 3.928722e+00 -3.164554e-01 5.250094e-01 7.900766e-01 -4.374904e+01
9.584828e-01 -1.915173e-01 2.112626e-01 8.754048e+01 5.179234e-02 8.454835e-01 5.314840e-01 3.950868e+00 -2.804074e-01 -4.984764e-01 8.203005e-01 -4.417821e+01
8.114934e-01 -1.735461e-01 5.579965e-01 8.836945e+01 4.724705e-01 7.567677e-01 -4.517459e-01 3.967437e+00 -3.438750e-01 6.302257e-01 6.961074e-01 -4.445695e+01
9.200306e-01 2.278015e-01 3.188263e-01 8.939591e+01 -3.380064e-01 8.729891e-01 3.516273e-01 3.989100e+00 -1.982307e-01 -4.312732e-01 8.801750e-01 -4.488748e+01
6.346000e-01 -5.160566e-01 5.752985e-01 8.978333e+01 6.647182e-01 7.442024e-01 -6.566970e-02 3.994996e+00 -3.942493e-01 4.240854e-01 8.153031e-01 -4.487540e+01
8.837124e-01 4.445965e-01 1.462405e-01 9.060508e+01 -4.447697e-01 8.950241e-01 -3.334345e-02 4.010864e+00 -1.457132e-01 -3.557732e-02 9.886870e-01 -4.512731e+01
6.464008e-01 -6.321823e-01 4.272137e-01 9.192921e+01 5.874748e-01 7.696495e-01 2.500262e-01 4.039889e+00 -4.868669e-01 8.936010e-02 8.688932e-01 -4.570287e+01
9.462432e-01 3.234484e-01 -2.237175e-03 9.319395e+01 -3.060461e-01 8.930515e-01 -3.298404e-01 4.069980e+00 -1.046885e-01 3.127939e-01 9.440340e-01 -4.632278e+01
6.046756e-01 -5.076537e-01 6.137224e-01 9.445870e+01 2.602110e-01 8.541826e-01 4.501802e-01 4.099002e+00 -7.527667e-01 -1.125156e-01 6.486005e-01 -4.694908e+01
9.764519e-01 -7.432875e-02 2.025263e-01 9.577522e+01 1.664009e-01 8.569698e-01 -4.877637e-01 4.128188e+00 -1.373041e-01 5.099784e-01 8.491582e-01 -4.766302e+01
5.400880e-01 -4.419454e-02 8.404474e-01 9.704323e+01 -1.777634e-01 9.700999e-01 1.652465e-01 4.154692e+00 -8.226209e-01 -2.386485e-01 5.160831e-01 -4.831548e+01
8.606037e-01 -5.074414e-01 4.317936e-02 9.836576e+01 5.072785e-01 8.466421e-01 -1.608282e-01 4.188287e+00 4.505341e-02 1.603133e-01 9.860374e-01 -4.910508e+01
5.958426e-01 3.379561e-01 7.285309e-01 9.918995e+01 -1.649345e-01 9.393050e-01 -3.008367e-01 4.206381e+00 -7.859823e-01 5.909142e-02 6.154185e-01 -4.949983e+01
8.833528e-01 -3.962294e-01 2.503798e-01 9.986732e+01 2.833357e-01 8.769532e-01 3.881673e-01 4.208682e+00 -3.733747e-01 -2.719472e-01 8.869251e-01 -4.954747e+01
6.502040e-01 5.019448e-02 7.580998e-01 1.005877e+02 3.780181e-01 8.441674e-01 -3.801102e-01 4.209138e+00 -6.590425e-01 5.337246e-01 5.299066e-01 -4.959186e+01
8.909316e-01 1.479930e-01 4.293470e-01 1.012407e+02 -2.838454e-01 9.194613e-01 2.720713e-01 4.209283e+00 -3.545033e-01 -3.642651e-01 8.611843e-01 -4.953831e+01
6.832742e-01 -5.248306e-01 5.076310e-01 1.022730e+02 6.351391e-01 7.701688e-01 -5.863715e-02 4.231610e+00 -3.601870e-01 3.624816e-01 8.595769e-01 -4.993778e+01
9.292105e-01 3.695371e-01 3.187379e-03 1.036543e+02 -3.695441e-01 9.291070e-01 1.404886e-02 4.271172e+00 2.230161e-03 -1.423223e-02 9.998962e-01 -5.067263e+01
4.310085e-01 -5.588535e-01 7.084592e-01 1.051965e+02 5.397074e-01 7.888698e-01 2.939395e-01 4.305993e+00 -7.231511e-01 2.556703e-01 6.416269e-01 -5.137963e+01
9.748804e-01 2.223066e-01 -1.371296e-02 1.068317e+02 -2.160268e-01 9.287606e-01 -3.012245e-01 4.341088e+00 -5.422816e-02 2.966203e-01 9.534546e-01 -5.211606e+01
2.762614e-01 -3.494831e-01 8.952883e-01 1.074402e+02 2.754726e-02 9.340383e-01 3.561091e-01 4.342480e+00 -9.606877e-01 -7.371646e-02 2.676660e-01 -5.207515e+01
6.019909e-01 -7.010356e-02 -7.954197e-01 1.070185e+02 -2.575083e-01 9.258744e-01 -2.764889e-01 4.373202e+00 7.558416e-01 3.712710e-01 5.393156e-01 -5.165452e+01
-5.055029e-01 -1.544786e-01 8.488835e-01 1.071373e+02 -1.656756e-01 9.829129e-01 8.021062e-02 4.371108e+00 -8.467694e-01 -1.000926e-01 -5.224586e-01 -5.128235e+01
7.550373e-01 -2.731633e-01 -5.960708e-01 1.078071e+02 2.909670e-01 9.542600e-01 -6.874656e-02 4.362224e+00 5.875856e-01 -1.215307e-01 7.999834e-01 -5.107817e+01
-3.860849e-01 3.169277e-01 8.663113e-01 1.084728e+02 2.879328e-01 9.336108e-01 -2.132266e-01 4.357344e+00 -8.763750e-01 1.671159e-01 -4.517069e-01 -5.092756e+01
8.493244e-01 1.267234e-01 -5.124346e-01 1.095049e+02 1.203031e-01 8.987426e-01 4.216502e-01 4.361441e+00 5.139798e-01 -4.197653e-01 7.480788e-01 -5.102456e+01
-3.962701e-01 1.191262e-01 9.103730e-01 1.102427e+02 6.315903e-01 7.550331e-01 1.761213e-01 4.353962e+00 -6.663811e-01 6.447744e-01 -3.744360e-01 -5.092875e+01
6.983656e-01 5.064596e-01 -5.057512e-01 1.103215e+02 -4.094103e-01 8.622630e-01 2.981373e-01 4.349044e+00 5.870850e-01 -1.149068e-03 8.095245e-01 -5.049242e+01
-7.109714e-01 -3.203207e-01 6.260307e-01 1.108943e+02 1.572852e-01 7.952465e-01 5.855291e-01 4.337510e+00 -6.854058e-01 5.147598e-01 -5.150158e-01 -5.015623e+01
7.385441e-01 4.932853e-02 -6.723981e-01 1.118951e+02 -2.792314e-01 9.301425e-01 -2.384631e-01 4.335901e+00 6.136631e-01 3.638702e-01 7.007254e-01 -5.011769e+01
-5.159720e-01 -2.396236e-01 8.224071e-01 1.122640e+02 -1.282678e-01 9.708653e-01 2.024055e-01 4.330128e+00 -8.469476e-01 -1.052765e-03 -5.316753e-01 -4.981534e+01
6.762959e-01 -2.500697e-01 -6.928845e-01 1.125815e+02 1.832413e-01 9.681582e-01 -1.705648e-01 4.325266e+00 7.134749e-01 -1.161281e-02 7.005846e-01 -4.951200e+01
-4.281881e-01 2.349357e-01 8.726168e-01 1.127622e+02 1.577073e-01 9.702244e-01 -1.838287e-01 4.320121e+00 -8.898221e-01 5.890478e-02 -4.524896e-01 -4.919499e+01
7.053545e-01 8.828291e-03 -7.087997e-01 1.127846e+02 2.459346e-01 9.347644e-01 2.563819e-01 4.318317e+00 6.648242e-01 -3.551585e-01 6.571691e-01 -4.878524e+01
-4.779251e-01 3.157668e-01 8.196822e-01 1.134195e+02 5.581679e-01 8.297077e-01 5.817223e-03 4.315106e+00 -6.782597e-01 4.603005e-01 -5.727890e-01 -4.866981e+01
7.244514e-01 4.266433e-01 -5.414293e-01 1.146608e+02 -1.516030e-01 8.648292e-01 4.786304e-01 4.319778e+00 6.724482e-01 -2.646621e-01 6.912072e-01 -4.881696e+01
-4.626033e-01 -8.440474e-02 8.825384e-01 1.160848e+02 6.099337e-01 6.921396e-01 3.859064e-01 4.338077e+00 -6.434121e-01 7.168115e-01 -2.687048e-01 -4.922605e+01
3.451024e-01 5.594825e-01 -7.535806e-01 1.174981e+02 -3.653457e-01 8.196576e-01 4.412300e-01 4.361482e+00 8.645385e-01 1.230479e-01 4.872703e-01 -4.968420e+01
-4.841385e-01 -2.634243e-01 8.343965e-01 1.189230e+02 4.955498e-01 7.033815e-01 5.095929e-01 4.386751e+00 -7.211382e-01 6.601985e-01 -2.099942e-01 -5.016195e+01
5.012832e-01 4.360795e-01 -7.473619e-01 1.202228e+02 -5.164724e-01 8.437792e-01 1.459211e-01 4.401410e+00 6.942416e-01 3.128440e-01 6.481953e-01 -5.047654e+01
-5.866487e-01 -4.231155e-01 6.905190e-01 1.215491e+02 1.012366e-01 8.076555e-01 5.808991e-01 4.414569e+00 -8.034889e-01 4.106895e-01 -4.309753e-01 -5.072139e+01
3.218969e-01 4.729342e-02 -9.455928e-01 1.229596e+02 -3.441765e-01 9.362667e-01 -7.033691e-02 4.437264e+00 8.820005e-01 3.480920e-01 3.176586e-01 -5.118120e+01
-6.377180e-01 -1.967955e-01 7.447062e-01 1.242600e+02 1.817622e-03 9.664248e-01 2.569432e-01 4.459663e+00 -7.702678e-01 1.652109e-01 -6.159488e-01 -5.167349e+01
3.807450e-01 -9.640561e-02 -9.196408e-01 1.255444e+02 1.040404e-01 9.927013e-01 -6.099023e-02 4.484367e+00 9.188084e-01 -7.245806e-02 3.879962e-01 -5.224977e+01
-5.579071e-01 2.746020e-01 7.831561e-01 1.269854e+02 3.509975e-01 9.331915e-01 -7.716501e-02 4.512549e+00 -7.520242e-01 2.318349e-01 -6.170188e-01 -5.287871e+01
4.236677e-01 2.347705e-01 -8.748648e-01 1.283594e+02 2.840129e-01 8.826968e-01 3.744102e-01 4.542891e+00 8.601409e-01 -4.070984e-01 3.072922e-01 -5.355914e+01
-1.320428e-01 3.990303e-01 9.073806e-01 1.296776e+02 7.048765e-01 6.814020e-01 -1.970796e-01 4.583862e+00 -6.969317e-01 6.135683e-01 -3.712413e-01 -5.449003e+01
7.891269e-01 5.089234e-01 -3.439123e-01 1.306745e+02 -2.011322e-01 7.431394e-01 6.381925e-01 4.597359e+00 5.803659e-01 -4.344431e-01 6.887922e-01 -5.483941e+01
-4.882425e-01 -1.295772e-01 8.630348e-01 1.319782e+02 7.006694e-01 5.313467e-01 4.761650e-01 4.611247e+00 -5.202708e-01 8.371860e-01 -1.686353e-01 -5.520295e+01
6.466174e-01 5.418856e-01 -5.368854e-01 1.333375e+02 -6.075213e-01 7.914606e-01 6.714144e-02 4.633912e+00 4.613066e-01 2.827545e-01 8.409792e-01 -5.582141e+01
-4.676381e-01 -5.311401e-01 7.065442e-01 1.345414e+02 1.291794e-01 7.496820e-01 6.490682e-01 4.650443e+00 -8.744297e-01 3.948000e-01 -2.819676e-01 -5.627508e+01
6.817610e-01 1.166549e-02 -7.314820e-01 1.354715e+02 -3.359585e-01 8.931987e-01 -2.988779e-01 4.654590e+00 6.498722e-01 4.495109e-01 6.128671e-01 -5.642978e+01
-5.740412e-01 -2.868278e-01 7.669462e-01 1.360123e+02 -2.366168e-01 9.547885e-01 1.799762e-01 4.645835e+00 -7.838936e-01 -7.815861e-02 -6.159562e-01 -5.622965e+01
5.266343e-01 -3.427763e-01 -7.779208e-01 1.362013e+02 2.152624e-01 9.390490e-01 -2.680467e-01 4.640654e+00 8.223858e-01 -2.629452e-02 5.683223e-01 -5.585990e+01
-6.482258e-01 3.116177e-01 6.947645e-01 1.369648e+02 1.853339e-01 9.495545e-01 -2.529775e-01 4.635501e+00 -7.385490e-01 -3.522314e-02 -6.732790e-01 -5.578553e+01
5.961585e-01 1.020136e-01 -7.963594e-01 1.375627e+02 3.176279e-01 8.810040e-01 3.506344e-01 4.631160e+00 7.373653e-01 -4.619797e-01 4.928156e-01 -5.566520e+01
-4.865158e-01 3.881696e-01 7.827047e-01 1.381192e+02 6.749399e-01 7.358500e-01 5.459826e-02 4.624940e+00 -5.547599e-01 5.548416e-01 -6.199938e-01 -5.559569e+01
5.932785e-01 5.635294e-01 -5.748524e-01 1.388984e+02 -2.279865e-01 8.024908e-01 5.513897e-01 4.631948e+00 7.720381e-01 -1.960691e-01 6.045776e-01 -5.584323e+01
-6.368920e-01 -1.083674e-01 7.632988e-01 1.399570e+02 5.543385e-01 6.237088e-01 5.510863e-01 4.640916e+00 -5.357960e-01 7.741084e-01 -3.371630e-01 -5.613059e+01
5.845879e-01 4.904397e-01 -6.463171e-01 1.408257e+02 -6.057183e-01 7.938109e-01 5.449458e-02 4.636140e+00 5.397798e-01 3.596292e-01 7.611206e-01 -5.610362e+01
-6.015325e-01 -5.379443e-01 5.905713e-01 1.413776e+02 -1.270504e-01 7.942922e-01 5.941027e-01 4.624203e+00 -7.886804e-01 2.823398e-01 -5.461387e-01 -5.590469e+01
6.980327e-01 -2.384282e-01 -6.752054e-01 1.416939e+02 -1.333687e-01 8.831487e-01 -4.497346e-01 4.610985e+00 7.035362e-01 4.039807e-01 5.846678e-01 -5.556130e+01
-6.957275e-01 -6.072424e-02 7.157344e-01 1.418862e+02 -2.030075e-01 9.724206e-01 -1.148309e-01 4.600314e+00 -6.890219e-01 -2.251905e-01 -6.888673e-01 -5.510592e+01
6.218778e-01 -3.260210e-01 -7.120241e-01 1.422539e+02 4.579139e-01 8.889682e-01 -7.100631e-03 4.591820e+00 6.352817e-01 -3.216300e-01 7.021192e-01 -5.466650e+01
-5.242945e-01 5.362427e-01 6.614824e-01 1.432018e+02 5.533625e-01 8.049864e-01 -2.139787e-01 4.585632e+00 -6.472289e-01 2.538517e-01 -7.187865e-01 -5.463393e+01
7.456335e-01 4.505362e-01 -4.909663e-01 1.435801e+02 -6.183957e-02 7.803980e-01 6.222176e-01 4.577562e+00 6.634807e-01 -4.335851e-01 6.097519e-01 -5.422967e+01
-6.856399e-01 6.556785e-02 7.249819e-01 1.439095e+02 5.990883e-01 6.165722e-01 5.108149e-01 4.574319e+00 -4.135107e-01 7.845633e-01 -4.620275e-01 -5.371105e+01
5.917794e-01 5.315223e-01 -6.060373e-01 1.446879e+02 -6.096703e-01 7.869572e-01 9.487033e-02 4.564215e+00 5.273511e-01 3.133406e-01 7.897585e-01 -5.354414e+01
-7.035118e-01 -4.840929e-01 5.203125e-01 1.457839e+02 -9.214132e-02 7.880803e-01 6.086373e-01 4.568658e+00 -7.046851e-01 3.802412e-01 -5.990288e-01 -5.376599e+01
5.521402e-01 -2.227647e-01 -8.034408e-01 1.469731e+02 -1.670377e-01 9.145527e-01 -3.683635e-01 4.583758e+00 8.168474e-01 3.375932e-01 4.677512e-01 -5.424852e+01
-7.404289e-01 1.398309e-02 6.719892e-01 1.481977e+02 -6.400790e-02 9.937729e-01 -9.120579e-02 4.596076e+00 -6.690800e-01 -1.105440e-01 -7.349231e-01 -5.462745e+01
4.517321e-01 -2.129347e-01 -8.663699e-01 1.495158e+02 4.711600e-01 8.815711e-01 2.899571e-02 4.625069e+00 7.575925e-01 -4.212971e-01 4.985603e-01 -5.543241e+01
-4.290400e-01 6.339058e-01 6.434967e-01 1.510085e+02 6.723287e-01 6.998649e-01 -2.411706e-01 4.647719e+00 -6.032402e-01 3.291695e-01 -7.264631e-01 -5.599129e+01
6.611096e-01 5.178378e-01 -5.429347e-01 1.525065e+02 7.145175e-02 6.768916e-01 7.326065e-01 4.668763e+00 7.468794e-01 -5.231268e-01 4.104991e-01 -5.647475e+01
-3.451139e-01 2.220723e-01 9.119103e-01 1.540194e+02 8.896410e-01 3.869874e-01 2.424452e-01 4.707553e+00 -2.990574e-01 8.949440e-01 -3.311193e-01 -5.743801e+01
3.685278e-01 8.137027e-01 -4.495278e-01 1.555487e+02 -4.503618e-01 5.793021e-01 6.793992e-01 4.736905e+00 8.132414e-01 -4.792735e-02 5.799495e-01 -5.808821e+01
-5.805273e-01 -3.137625e-01 7.513595e-01 1.568133e+02 6.259952e-01 4.181098e-01 6.582661e-01 4.756188e+00 -5.206899e-01 8.524889e-01 -4.631036e-02 -5.849057e+01
3.854924e-01 5.887138e-01 -7.105010e-01 1.579402e+02 -7.498214e-01 6.486201e-01 1.306136e-01 4.771413e+00 5.377393e-01 4.823983e-01 6.914683e-01 -5.884449e+01
-4.679032e-01 -6.066503e-01 6.426835e-01 1.593886e+02 1.745463e-01 6.494418e-01 7.401074e-01 4.809411e+00 -8.663718e-01 4.584766e-01 -1.979873e-01 -5.968175e+01
5.423971e-01 -8.161576e-03 -8.400826e-01 1.606263e+02 -4.533897e-01 8.389925e-01 -3.008808e-01 4.835732e+00 7.072787e-01 5.440817e-01 4.513667e-01 -6.035991e+01
-6.848137e-01 -3.031135e-01 6.626858e-01 1.622179e+02 -2.461216e-01 9.521549e-01 1.811773e-01 4.857158e+00 -6.858968e-01 -3.902860e-02 -7.266515e-01 -6.083750e+01
8.768041e-02 -2.906011e-01 -9.528185e-01 1.639214e+02 1.951675e-01 9.429762e-01 -2.696396e-01 4.894033e+00 9.768428e-01 -1.623171e-01 1.393964e-01 -6.161860e+01
-6.678666e-01 4.414261e-01 5.992472e-01 1.652056e+02 2.876709e-01 8.956634e-01 -3.391645e-01 4.920808e+00 -6.864398e-01 -5.413071e-02 -7.251691e-01 -6.227462e+01
3.673457e-01 1.619192e-01 -9.158817e-01 1.665329e+02 5.450222e-01 7.604678e-01 3.530434e-01 4.957218e+00 7.536630e-01 -6.288648e-01 1.911050e-01 -6.317855e+01
-3.351274e-01 7.198953e-01 6.078161e-01 1.686018e+02 9.102867e-01 4.138108e-01 1.178251e-02 5.002145e+00 -2.430387e-01 5.572355e-01 -7.939904e-01 -6.412170e+01
5.934749e-01 7.974259e-01 -1.090849e-01 1.699934e+02 -6.390955e-01 5.492863e-01 5.383693e-01 4.996732e+00 4.892284e-01 -2.497929e-01 8.356189e-01 -6.409293e+01
-7.071523e-01 -4.744487e-01 5.242461e-01 1.716422e+02 4.065042e-01 3.338505e-01 8.504694e-01 5.015800e+00 -5.785240e-01 8.145196e-01 -4.321773e-02 -6.458123e+01
4.232967e-01 3.082020e-01 -8.519574e-01 1.729667e+02 -7.723000e-01 6.143980e-01 -1.614557e-01 5.037844e+00 4.736799e-01 7.263103e-01 4.980970e-01 -6.512708e+01
-2.838296e-01 -6.716557e-01 6.843386e-01 1.742913e+02 -4.999864e-02 7.230851e-01 6.889471e-01 5.080363e+00 -9.575703e-01 1.613275e-01 -2.388148e-01 -6.611724e+01
6.496368e-01 -3.086783e-01 -6.947588e-01 1.755556e+02 -1.660934e-01 8.341592e-01 -5.259195e-01 5.112732e+00 7.418794e-01 4.570516e-01 4.906311e-01 -6.693231e+01
