9.999878e-01 1.891501e-03 -4.561712e-03 3.294829e-02 -1.893336e-03 9.999981e-01 -3.981285e-04 3.773079e-03 4.560950e-03 4.067598e-04 9.999895e-01 -2.870674e-01
9.999999e-01 -2.412890e-04 -3.575220e-04 4.739670e-02 2.413132e-04 1.000000e+00 6.766337e-05 4.398649e-03 3.575060e-04 -6.774892e-05 9.999999e-01 -4.289131e-01
9.999887e-01 1.832677e-03 -4.387461e-03 5.668296e-02 -1.835569e-03 9.999981e-01 -6.553064e-04 6.705306e-03 4.386252e-03 6.633517e-04 9.999902e-01 -6.430729e-01
9.999983e-01 -5.303410e-04 -1.762708e-03 6.640358e-02 5.313578e-04 9.999997e-01 5.763867e-04 9.872995e-04 1.762402e-03 -5.773217e-04 9.999983e-01 -4.648805e-01
9.999875e-01 1.925437e-03 -4.610799e-03 9.474532e-02 -1.929325e-03 9.999978e-01 -8.389598e-04 -8.386251e-03 4.609173e-03 8.478443e-04 9.999890e-01 -1.114471e-01
9.999983e-01 -4.351799e-04 -1.798323e-03 1.242157e-01 4.359903e-04 9.999998e-01 4.502348e-04 -1.809732e-02 1.798127e-03 -4.510174e-04 9.999983e-01 2.645131e-01
9.999865e-01 2.124351e-03 -4.743826e-03 1.719803e-01 -2.128461e-03 9.999974e-01 -8.614624e-04 -2.525470e-02 4.741983e-03 8.715471e-04 9.999884e-01 4.578089e-01
9.999991e-01 -6.769283e-04 -1.163024e-03 1.998839e-01 6.779833e-04 9.999994e-01 9.069045e-04 -3.011645e-02 1.162410e-03 -9.076915e-04 9.999989e-01 5.678703e-01
9.999904e-01 2.274386e-03 -3.754263e-03 2.533231e-01 -2.283858e-03 9.999942e-01 -2.520690e-03 -4.745532e-02 3.748508e-03 2.529240e-03 9.999898e-01 1.288129e+00
9.999944e-01 -7.115535e-04 -3.277156e-03 2.810242e-01 7.182979e-04 9.999976e-01 2.057285e-03 -5.213147e-02 3.275685e-03 -2.059627e-03 9.999925e-01 1.430357e+00
9.999952e-01 2.562953e-03 -1.733267e-03 3.308816e-01 -2.567486e-03 9.999933e-01 -2.617878e-03 -4.810973e-02 1.726546e-03 2.622315e-03 9.999951e-01 1.114053e+00
9.999978e-01 -8.073385e-04 -1.957129e-03 3.464055e-01 8.110902e-04 9.999978e-01 1.916868e-03 -4.266702e-02 1.955577e-03 -1.918450e-03 9.999962e-01 7.600944e-01
9.999962e-01 2.490270e-03 -1.178279e-03 3.482272e-01 -2.493883e-03 9.999922e-01 -3.075270e-03 -3.663667e-02 1.170611e-03 3.078196e-03 9.999946e-01 3.776242e-01
9.999955e-01 -8.586208e-04 -2.858714e-03 3.242895e-01 8.660164e-04 9.999963e-01 2.586772e-03 -3.263772e-02 2.856483e-03 -2.589235e-03 9.999926e-01 1.402345e-01
9.999917e-01 2.356440e-03 -3.332339e-03 3.434895e-01 -2.364866e-03 9.999940e-01 -2.526594e-03 -3.792773e-02 3.326365e-03 2.534453e-03 9.999913e-01 2.627048e-01
9.999946e-01 -7.408187e-04 -3.211241e-03 3.921064e-01 7.468095e-04 9.999980e-01 1.864756e-03 -4.669640e-02 3.209854e-03 -1.867144e-03 9.999931e-01 5.463786e-01
9.999967e-01 2.566008e-03 1.611986e-04 3.835720e-01 -2.565515e-03 9.999922e-01 -2.987952e-03 -3.895602e-02 -1.688647e-04 2.987527e-03 9.999955e-01 1.148082e-01
9.999964e-01 -4.236544e-04 -2.634008e-03 3.996187e-01 4.279551e-04 9.999986e-01 1.632419e-03 -2.900325e-02 2.633313e-03 -1.633540e-03 9.999952e-01 -4.493429e-01
9.999953e-01 2.499827e-03 -1.758133e-03 4.312925e-01 -2.504045e-03 9.999940e-01 -2.401073e-03 -2.305547e-02 1.752119e-03 2.405464e-03 9.999956e-01 -8.382359e-01
9.999995e-01 -3.502330e-04 -9.113781e-04 5.073095e-01 3.508324e-04 9.999997e-01 6.576081e-04 -1.747062e-02 9.111479e-04 -6.579268e-04 9.999994e-01 -1.358079e+00
9.999955e-01 3.007483e-03 2.093910e-04 5.648061e-01 -3.006843e-03 9.999910e-01 -2.994029e-03 -2.736723e-03 -2.183939e-04 2.993385e-03 9.999955e-01 -2.223884e+00
1.000000e+00 -1.352174e-04 7.081927e-05 5.976949e-01 1.351743e-04 9.999998e-01 6.084989e-04 1.448595e-02 -7.090122e-05 -6.084886e-04 9.999998e-01 -3.165144e+00
9.999956e-01 2.972443e-03 -1.872916e-05 6.310892e-01 -2.972486e-03 9.999912e-01 -2.951355e-03 3.187116e-02 9.955939e-06 2.951397e-03 9.999956e-01 -4.097231e+00
9.999995e-01 -2.378645e-04 -9.389436e-04 6.847130e-01 2.387229e-04 9.999996e-01 9.142332e-04 4.492308e-02 9.387260e-04 -9.144562e-04 9.999991e-01 -4.897007e+00
9.999940e-01 2.586555e-03 -2.318517e-03 7.234141e-01 -2.591894e-03 9.999940e-01 -2.302611e-03 5.520890e-02 2.312547e-03 2.308606e-03 9.999947e-01 -5.514633e+00
9.999997e-01 -2.190268e-04 -7.632742e-04 7.540105e-01 2.198815e-04 9.999993e-01 1.119804e-03 6.584746e-02 7.630288e-04 -1.119971e-03 9.999991e-01 -6.119409e+00
9.999957e-01 2.845356e-03 6.782078e-04 7.865440e-01 -2.843049e-03 9.999902e-01 -3.379113e-03 8.222257e-02 -6.878163e-04 3.377170e-03 9.999941e-01 -7.008058e+00
9.999871e-01 3.513192e-04 5.065707e-03 8.171957e-01 -3.472546e-04 9.999996e-01 -8.032232e-04 1.115681e-01 -5.065987e-03 8.014545e-04 9.999868e-01 -8.497051e+00
9.999751e-01 3.617822e-03 6.051078e-03 7.489173e-01 -3.589769e-03 9.999828e-01 -4.640467e-03 1.553599e-01 -6.067762e-03 4.618629e-03 9.999709e-01 -1.048992e+01
9.999975e-01 1.746806e-04 2.206854e-03 6.422323e-01 -1.754288e-04 9.999999e-01 3.388642e-04 1.946672e-01 -2.206795e-03 -3.392498e-04 9.999975e-01 -1.219665e+01
9.999915e-01 2.730241e-03 3.089146e-03 5.606427e-01 -2.719082e-03 9.999898e-01 -3.610857e-03 2.239807e-01 -3.098974e-03 3.602426e-03 9.999887e-01 -1.347673e+01
9.999308e-01 5.036775e-04 1.175645e-02 3.683336e-01 -4.792897e-04 9.999977e-01 -2.077143e-03 2.717341e-01 -1.175747e-02 2.071366e-03 9.999287e-01 -1.544524e+01
9.999784e-01 3.322820e-03 5.665216e-03 3.544898e-02 -3.302185e-03 9.999879e-01 -3.647862e-03 3.327097e-01 -5.677269e-03 3.629075e-03 9.999773e-01 -1.768381e+01
9.999916e-01 1.666587e-04 4.084763e-03 -1.736772e-01 -1.652421e-04 9.999999e-01 -3.471316e-04 3.763879e-01 -4.084820e-03 3.464545e-04 9.999916e-01 -1.935240e+01
9.999675e-01 2.292003e-03 7.730886e-03 -4.672079e-01 -2.260825e-03 9.999893e-01 -4.039248e-03 4.291172e-01 -7.740061e-03 4.021638e-03 9.999620e-01 -2.116345e+01
9.999901e-01 7.292495e-04 4.380188e-03 -8.631445e-01 -7.326313e-04 9.999994e-01 7.705171e-04 4.804399e-01 -4.379623e-03 -7.737179e-04 9.999901e-01 -2.271454e+01
9.999974e-01 1.906521e-03 1.271027e-03 -1.088805e+00 -1.903033e-03 9.999944e-01 -2.739447e-03 5.109024e-01 -1.276243e-03 2.737020e-03 9.999954e-01 -2.373774e+01
9.999868e-01 2.156276e-04 -5.130394e-03 -1.103253e+00 -2.051617e-04 9.999979e-01 2.040413e-03 5.157778e-01 5.130823e-03 -2.039332e-03 9.999848e-01 -2.403475e+01
9.999982e-01 1.482647e-03 1.144079e-03 -1.100204e+00 -1.479378e-03 9.999948e-01 -2.852687e-03 5.250861e-01 -1.148303e-03 2.850989e-03 9.999953e-01 -2.450074e+01
9.999997e-01 8.205482e-04 -2.905009e-05 -1.171258e+00 -8.205162e-04 9.999991e-01 1.086228e-03 5.451179e-01 2.994168e-05 -1.086203e-03 9.999994e-01 -2.534643e+01
9.999982e-01 1.493043e-03 1.149633e-03 -1.258301e+00 -1.490177e-03 9.999958e-01 -2.489506e-03 5.634996e-01 -1.153345e-03 2.487788e-03 9.999962e-01 -2.609718e+01
9.999894e-01 7.538640e-04 -4.550320e-03 -1.207688e+00 -7.474979e-04 9.999987e-01 1.400577e-03 5.749429e-01 4.551370e-03 -1.397160e-03 9.999887e-01 -2.671358e+01
9.999994e-01 1.112963e-03 1.968981e-04 -1.147289e+00 -1.112498e-03 9.999966e-01 -2.343474e-03 5.819112e-01 -1.995060e-04 2.343253e-03 9.999972e-01 -2.716740e+01
9.999791e-01 8.464581e-04 -6.409780e-03 -1.072435e+00 -8.329748e-04 9.999974e-01 2.105916e-03 5.851225e-01 6.411547e-03 -2.100532e-03 9.999772e-01 -2.745716e+01
9.999827e-01 1.410802e-03 5.706691e-03 -1.059130e+00 -1.387104e-03 9.999904e-01 -4.154582e-03 6.018195e-01 -5.712497e-03 4.146593e-03 9.999751e-01 -2.828834e+01
9.999852e-01 1.325559e-03 -5.268811e-03 -1.066179e+00 -1.312442e-03 9.999960e-01 2.492271e-03 6.199465e-01 5.272094e-03 -2.485319e-03 9.999830e-01 -2.914151e+01
9.999996e-01 2.947231e-04 -7.886733e-04 -1.022817e+00 -2.969953e-04 9.999958e-01 -2.882439e-03 6.184059e-01 7.878202e-04 2.882671e-03 9.999955e-01 -2.921473e+01
9.999858e-01 1.249786e-03 -5.183381e-03 -9.591938e-01 -1.240302e-03 9.999976e-01 1.832485e-03 6.017810e-01 5.185659e-03 -1.826029e-03 9.999849e-01 -2.861693e+01
9.999988e-01 3.440845e-04 -1.515739e-03 -9.086076e-01 -3.477406e-04 9.999970e-01 -2.412462e-03 5.942701e-01 1.514904e-03 2.412985e-03 9.999959e-01 -2.844085e+01
9.999845e-01 1.607039e-03 5.324918e-03 -9.914436e-01 -1.601599e-03 9.999982e-01 -1.025780e-03 6.198283e-01 -5.326556e-03 1.017236e-03 9.999853e-01 -2.959129e+01
9.999956e-01 8.685023e-04 -2.821886e-03 -1.116324e+00 -8.708744e-04 9.999993e-01 -8.394807e-04 6.392719e-01 2.821154e-03 8.419338e-04 9.999957e-01 -3.038119e+01
9.999856e-01 9.470333e-04 5.289643e-03 -1.314464e+00 -9.436493e-04 9.999993e-01 -6.421913e-04 6.644064e-01 -5.290248e-03 6.371912e-04 9.999858e-01 -3.119913e+01
9.999821e-01 2.438283e-03 5.456525e-03 -1.580252e+00 -2.419593e-03 9.999912e-01 -3.429207e-03 7.069141e-01 -5.464839e-03 3.415943e-03 9.999792e-01 -3.273925e+01
9.999570e-01 1.194437e-03 9.196460e-03 -1.698621e+00 -1.168028e-03 9.999952e-01 -2.876389e-03 7.478752e-01 -9.199851e-03 2.865524e-03 9.999536e-01 -3.468652e+01
9.999881e-01 3.998723e-03 2.777175e-03 -1.735734e+00 -3.990104e-03 9.999872e-01 -3.102060e-03 7.941967e-01 -2.789544e-03 3.090941e-03 9.999913e-01 -3.691640e+01
9.999911e-01 4.812326e-05 4.225396e-03 -1.696403e+00 -4.018893e-05 9.999982e-01 -1.877829e-03 8.274047e-01 -4.225478e-03 1.877643e-03 9.999893e-01 -3.861211e+01
9.999833e-01 4.209479e-03 3.956136e-03 -1.703792e+00 -4.196704e-03 9.999860e-01 -3.231899e-03 8.670969e-01 -3.969686e-03 3.215242e-03 9.999870e-01 -4.051444e+01
9.999836e-01 -5.997446e-04 5.688988e-03 -1.854316e+00 6.064253e-04 9.999991e-01 -1.172665e-03 9.035822e-01 -5.688279e-03 1.176096e-03 9.999831e-01 -4.207635e+01
9.999775e-01 4.802860e-03 4.680667e-03 -1.956473e+00 -4.785822e-03 9.999819e-01 -3.644516e-03 9.404312e-01 -4.698086e-03 3.622032e-03 9.999824e-01 -4.374829e+01
9.999865e-01 -1.135045e-03 5.065531e-03 -2.028767e+00 1.142523e-03 9.999983e-01 -1.473593e-03 9.794104e-01 -5.063849e-03 1.479362e-03 9.999861e-01 -4.552788e+01
9.999612e-01 5.811127e-03 6.623043e-03 -2.137593e+00 -5.785143e-03 9.999755e-01 -3.935766e-03 1.020294e+00 -6.645752e-03 3.897297e-03 9.999703e-01 -4.737756e+01
9.999877e-01 -2.615614e-03 -4.210593e-03 -2.061609e+00 2.617574e-03 9.999965e-01 4.600442e-04 1.041673e+00 4.209375e-03 -4.710594e-04 9.999910e-01 -4.856785e+01
9.998820e-01 6.596114e-03 1.387667e-02 -2.058708e+00 -6.506394e-03 9.999577e-01 -6.500730e-03 1.081826e+00 -1.391897e-02 6.409674e-03 9.998826e-01 -5.056793e+01
9.999984e-01 -1.472665e-03 9.783492e-04 -2.196881e+00 1.472896e-03 9.999989e-01 -2.353325e-04 1.131595e+00 -9.780013e-04 2.367738e-04 9.999995e-01 -5.282923e+01
9.999750e-01 5.560719e-03 4.364575e-03 -2.168453e+00 -5.547129e-03 9.999797e-01 -3.119779e-03 1.156813e+00 -4.381835e-03 3.095490e-03 9.999856e-01 -5.413923e+01
9.999663e-01 -2.946869e-03 -7.661848e-03 -2.042736e+00 2.946869e-03 9.999957e-01 -1.127599e-05 1.173887e+00 7.661848e-03 -1.130212e-05 9.999706e-01 -5.518313e+01
9.999639e-01 5.833500e-03 6.180920e-03 -1.924673e+00 -5.819547e-03 9.999805e-01 -2.273083e-03 1.189404e+00 -6.194060e-03 2.237030e-03 9.999783e-01 -5.610021e+01
9.999962e-01 -2.708418e-03 4.300513e-04 -1.928537e+00 2.709281e-03 9.999943e-01 -2.019469e-03 1.219987e+00 -4.245790e-04 2.020627e-03 9.999979e-01 -5.756954e+01
9.999376e-01 6.457383e-03 9.120839e-03 -2.018105e+00 -6.430346e-03 9.999749e-01 -2.990565e-03 1.260010e+00 -9.139922e-03 2.931727e-03 9.999539e-01 -5.935725e+01
9.999474e-01 -1.275320e-03 1.017247e-02 -2.210765e+00 1.320619e-03 9.999892e-01 -4.447649e-03 1.315521e+00 -1.016669e-02 4.460850e-03 9.999384e-01 -6.179243e+01
9.999815e-01 5.604019e-03 -2.346717e-03 -2.279324e+00 -5.604051e-03 9.999843e-01 -7.098576e-06 1.350454e+00 2.346640e-03 2.024883e-05 9.999972e-01 -6.341887e+01
9.999668e-01 -2.223483e-03 7.833977e-03 -2.303181e+00 2.255206e-03 9.999893e-01 -4.042850e-03 1.378355e+00 -7.824903e-03 4.060383e-03 9.999611e-01 -6.479275e+01
9.999777e-01 5.790792e-03 -3.338366e-03 -2.315792e+00 -5.789218e-03 9.999831e-01 4.811586e-04 1.405360e+00 3.341096e-03 -4.618220e-04 9.999943e-01 -6.610677e+01
9.999392e-01 -2.260347e-03 1.079087e-02 -2.371820e+00 2.310979e-03 9.999864e-01 -4.681915e-03 1.437221e+00 -1.078014e-02 4.706568e-03 9.999308e-01 -6.759829e+01
9.999760e-01 6.459305e-03 -2.492446e-03 -2.397141e+00 -6.459387e-03 9.999791e-01 -2.468563e-05 1.471174e+00 2.492234e-03 4.078398e-05 9.999969e-01 -6.924332e+01
9.999777e-01 -3.198604e-03 5.863283e-03 -2.404875e+00 3.218299e-03 9.999892e-01 -3.352597e-03 1.497993e+00 -5.852495e-03 3.371392e-03 9.999772e-01 -7.055239e+01
9.999800e-01 6.238682e-03 1.055526e-03 -2.485969e+00 -6.238004e-03 9.999803e-01 -6.442270e-04 1.528239e+00 -1.059524e-03 6.376290e-04 9.999992e-01 -7.192794e+01
9.999875e-01 -2.590728e-03 4.281255e-03 -2.517085e+00 2.603294e-03 9.999923e-01 -2.932184e-03 1.556265e+00 -4.273625e-03 2.943293e-03 9.999865e-01 -7.326286e+01
9.999651e-01 6.207261e-03 5.583640e-03 -2.489667e+00 -6.191488e-03 9.999768e-01 -2.837838e-03 1.591549e+00 -5.601126e-03 2.803168e-03 9.999804e-01 -7.508142e+01
9.999767e-01 -1.545350e-03 6.644106e-03 -2.584911e+00 1.564959e-03 9.999944e-01 -2.947120e-03 1.633722e+00 -6.639514e-03 2.957450e-03 9.999736e-01 -7.701250e+01
9.999800e-01 4.841263e-03 -4.058655e-03 -2.592767e+00 -4.842403e-03 9.999882e-01 -2.710672e-04 1.656920e+00 4.057295e-03 2.907147e-04 9.999917e-01 -7.818058e+01
9.999813e-01 -2.231530e-03 5.699779e-03 -2.604608e+00 2.244350e-03 9.999950e-01 -2.243745e-03 1.673433e+00 -5.694743e-03 2.256496e-03 9.999812e-01 -7.903049e+01
9.999708e-01 5.223689e-03 -5.579765e-03 -2.524323e+00 -5.225804e-03 9.999863e-01 -3.644812e-04 1.691581e+00 5.577784e-03 3.936285e-04 9.999844e-01 -8.004613e+01
9.999753e-01 -2.259142e-03 6.654001e-03 -2.463435e+00 2.275601e-03 9.999944e-01 -2.466995e-03 1.710212e+00 -6.648390e-03 2.482077e-03 9.999748e-01 -8.107136e+01
9.999841e-01 5.616853e-03 -5.386156e-04 -2.407253e+00 -5.617976e-03 9.999820e-01 -2.105692e-03 1.736355e+00 5.267783e-04 2.108684e-03 9.999976e-01 -8.251198e+01
9.999382e-01 -9.642697e-04 1.107744e-02 -2.422779e+00 1.005120e-03 9.999927e-01 -3.682741e-03 1.776780e+00 -1.107381e-02 3.693648e-03 9.999319e-01 -8.449061e+01
9.999689e-01 4.870453e-03 -6.196398e-03 -2.369926e+00 -4.874434e-03 9.999879e-01 -6.274909e-04 1.805657e+00 6.193267e-03 6.576746e-04 9.999806e-01 -8.599662e+01
9.999774e-01 -1.449324e-03 6.571064e-03 -2.212912e+00 1.468180e-03 9.999948e-01 -2.865620e-03 1.825736e+00 -6.566877e-03 2.875203e-03 9.999743e-01 -8.720468e+01
9.999831e-01 5.144525e-03 -2.720836e-03 -2.120649e+00 -5.147972e-03 9.999860e-01 -1.261314e-03 1.850232e+00 2.714309e-03 1.275299e-03 9.999955e-01 -8.858073e+01
9.999947e-01 -1.668446e-03 2.809604e-03 -1.925186e+00 1.675725e-03 9.999952e-01 -2.590205e-03 1.870421e+00 -2.805269e-03 2.594900e-03 9.999927e-01 -8.985692e+01
9.999866e-01 5.146852e-03 6.174376e-04 -1.880884e+00 -5.145982e-03 9.999858e-01 -1.402425e-03 1.895590e+00 -6.246471e-04 1.399228e-03 9.999988e-01 -9.119494e+01
9.999306e-01 -7.916612e-04 1.175084e-02 -1.821771e+00 8.519174e-04 9.999865e-01 -5.123703e-03 1.932548e+00 -1.174663e-02 5.133359e-03 9.999178e-01 -9.320435e+01
9.999849e-01 5.424262e-03 8.831157e-04 -1.776705e+00 -5.422252e-03 9.999827e-01 -2.262347e-03 1.978770e+00 -8.953722e-04 2.257523e-03 9.999971e-01 -9.556916e+01
9.999126e-01 -4.697638e-04 1.321188e-02 -1.773913e+00 5.280917e-04 9.999901e-01 -4.411670e-03 2.028851e+00 -1.320968e-02 4.418262e-03 9.999030e-01 -9.797689e+01
9.999649e-01 4.418560e-03 -7.112786e-03 -1.692932e+00 -4.421782e-03 9.999901e-01 -4.373924e-04 2.054981e+00 7.110782e-03 4.688276e-04 9.999746e-01 -9.949801e+01
9.998841e-01 -7.608028e-04 1.520350e-02 -1.762025e+00 8.182406e-04 9.999926e-01 -3.772074e-03 2.085440e+00 -1.520051e-02 3.784078e-03 9.998773e-01 -1.009304e+02
9.999587e-01 4.052677e-03 -8.132033e-03 -1.794070e+00 -4.059414e-03 9.999914e-01 -8.122365e-04 2.118775e+00 8.128672e-03 8.452135e-04 9.999666e-01 -1.025134e+02
9.998573e-01 -1.877798e-04 1.689176e-02 -1.907062e+00 2.447089e-04 9.999943e-01 -3.368233e-03 2.153973e+00 -1.689103e-02 3.371886e-03 9.998517e-01 -1.040621e+02
9.999244e-01 3.705405e-03 -1.172297e-02 -1.887099e+00 -3.713371e-03 9.999929e-01 -6.578627e-04 2.180452e+00 1.172045e-02 7.013440e-04 9.999311e-01 -1.054330e+02
9.998987e-01 -4.332789e-04 1.422563e-02 -1.849576e+00 4.679871e-04 9.999969e-01 -2.436596e-03 2.201860e+00 -1.422453e-02 2.443007e-03 9.998958e-01 -1.065609e+02
9.999761e-01 3.687914e-03 -5.847678e-03 -1.842600e+00 -3.704510e-03 9.999891e-01 -2.829647e-03 2.235227e+00 5.837179e-03 2.851242e-03 9.999789e-01 -1.082368e+02
9.998152e-01 5.667814e-05 1.922299e-02 -2.007946e+00 -3.693665e-06 9.999962e-01 -2.756335e-03 2.281737e+00 -1.922308e-02 2.755755e-03 9.998114e-01 -1.102121e+02
9.999707e-01 3.686981e-03 -6.710593e-03 -2.185751e+00 -3.703106e-03 9.999903e-01 -2.392124e-03 2.325832e+00 6.701708e-03 2.416903e-03 9.999746e-01 -1.120393e+02
9.998017e-01 6.224494e-04 1.990463e-02 -2.303337e+00 -5.498637e-04 9.999932e-01 -3.651942e-03 2.372955e+00 -1.990677e-02 3.640274e-03 9.997952e-01 -1.141166e+02
9.999629e-01 3.561039e-03 -7.846713e-03 -2.372459e+00 -3.577848e-03 9.999913e-01 -2.129221e-03 2.415481e+00 7.839063e-03 2.157215e-03 9.999669e-01 -1.160798e+02
9.998405e-01 1.057242e-03 1.783071e-02 -2.388611e+00 -9.969395e-04 9.999938e-01 -3.390526e-03 2.456659e+00 -1.783418e-02 3.372209e-03 9.998353e-01 -1.180590e+02
9.999220e-01 2.734202e-03 -1.218979e-02 -2.368953e+00 -2.744621e-03 9.999959e-01 -8.380548e-04 2.486365e+00 1.218745e-02 8.714450e-04 9.999254e-01 -1.195556e+02
9.998452e-01 9.910763e-04 1.756511e-02 -2.304146e+00 -9.297677e-04 9.999934e-01 -3.498192e-03 2.513859e+00 -1.756846e-02 3.481320e-03 9.998396e-01 -1.210412e+02
9.998480e-01 1.689023e-03 -1.735537e-02 -2.313287e+00 -1.665144e-03 9.999976e-01 1.390221e-03 2.531081e+00 1.735767e-02 -1.361111e-03 9.998484e-01 -1.218864e+02
9.997367e-01 1.157259e-03 2.291624e-02 -2.343171e+00 -1.040024e-03 9.999863e-01 -5.127091e-03 2.557707e+00 -2.292185e-02 5.101909e-03 9.997242e-01 -1.231518e+02
9.998853e-01 2.418774e-03 -1.495368e-02 -2.470718e+00 -2.404049e-03 9.999966e-01 1.002580e-03 2.594936e+00 1.495606e-02 -9.665163e-04 9.998877e-01 -1.247312e+02
9.998317e-01 5.172557e-04 1.833762e-02 -2.593604e+00 -4.639390e-04 9.999957e-01 -2.911645e-03 2.617862e+00 -1.833904e-02 2.902648e-03 9.998276e-01 -1.256484e+02
9.998115e-01 1.911493e-03 -1.932199e-02 -2.538070e+00 -1.899745e-03 9.999980e-01 6.263553e-04 2.629631e+00 1.932315e-02 -5.895310e-04 9.998131e-01 -1.263864e+02
9.997844e-01 1.108989e-03 2.073360e-02 -2.513335e+00 -1.040167e-03 9.999939e-01 -3.329816e-03 2.647544e+00 -2.073717e-02 3.307532e-03 9.997795e-01 -1.273475e+02
9.997532e-01 1.738947e-03 -2.214681e-02 -2.456407e+00 -1.707954e-03 9.999975e-01 1.418307e-03 2.661775e+00 2.214922e-02 -1.380132e-03 9.997537e-01 -1.281622e+02
9.998554e-01 -9.341456e-05 1.700716e-02 -2.441812e+00 1.211836e-04 9.999987e-01 -1.631766e-03 2.662942e+00 -1.700698e-02 1.633592e-03 9.998540e-01 -1.283071e+02
9.997309e-01 1.325334e-03 -2.316080e-02 -2.399021e+00 -1.291958e-03 9.999981e-01 1.455963e-03 2.655366e+00 2.316269e-02 -1.425649e-03 9.997307e-01 -1.281166e+02
9.998500e-01 1.912164e-04 1.731730e-02 -2.333485e+00 -1.539420e-04 9.999977e-01 -2.153750e-03 2.643153e+00 -1.731767e-02 2.150762e-03 9.998477e-01 -1.277130e+02
9.997340e-01 1.521718e-03 -2.301177e-02 -2.254166e+00 -1.496956e-03 9.999983e-01 1.093211e-03 2.642051e+00 2.301340e-02 -1.058473e-03 9.997346e-01 -1.278845e+02
9.998046e-01 1.198664e-03 1.973363e-02 -2.139279e+00 -1.142125e-03 9.999952e-01 -2.876139e-03 2.652395e+00 -1.973698e-02 2.853040e-03 9.998011e-01 -1.285985e+02
9.997241e-01 1.263907e-03 -2.345315e-02 -2.047030e+00 -1.233367e-03 9.999984e-01 1.316562e-03 2.660844e+00 2.345477e-02 -1.287274e-03 9.997241e-01 -1.292017e+02
9.998411e-01 8.431757e-04 1.780446e-02 -1.963031e+00 -8.083597e-04 9.999977e-01 -1.962578e-03 2.663370e+00 -1.780607e-02 1.947875e-03 9.998396e-01 -1.295138e+02
9.997064e-01 8.921327e-04 -2.421403e-02 -1.878366e+00 -8.633718e-04 9.999989e-01 1.198205e-03 2.656504e+00 2.421507e-02 -1.176948e-03 9.997061e-01 -1.294267e+02
9.997881e-01 1.427348e-03 2.053435e-02 -1.805124e+00 -1.375957e-03 9.999959e-01 -2.516598e-03 2.664454e+00 -2.053785e-02 2.487811e-03 9.997860e-01 -1.299800e+02
9.996984e-01 1.011191e-03 -2.453770e-02 -1.734242e+00 -9.759238e-04 9.999985e-01 1.449197e-03 2.672624e+00 2.453913e-02 -1.424814e-03 9.996979e-01 -1.305322e+02
9.998067e-01 1.253558e-03 1.962335e-02 -1.642887e+00 -1.204682e-03 9.999961e-01 -2.502301e-03 2.676790e+00 -1.962641e-02 2.478178e-03 9.998043e-01 -1.309510e+02
9.996688e-01 8.581813e-04 -2.572227e-02 -1.555304e+00 -8.124947e-04 9.999981e-01 1.786548e-03 2.678075e+00 2.572375e-02 -1.765058e-03 9.996675e-01 -1.312202e+02
9.998068e-01 5.498287e-04 1.965037e-02 -1.471646e+00 -5.114617e-04 9.999980e-01 -1.957458e-03 2.667588e+00 -1.965140e-02 1.947030e-03 9.998050e-01 -1.309703e+02
9.996932e-01 9.313935e-04 -2.475348e-02 -1.387786e+00 -9.031815e-04 9.999989e-01 1.150872e-03 2.652939e+00 2.475452e-02 -1.128162e-03 9.996929e-01 -1.305229e+02
9.998118e-01 5.497561e-04 1.939393e-02 -1.309183e+00 -5.144728e-04 9.999982e-01 -1.824242e-03 2.639680e+00 -1.939490e-02 1.813922e-03 9.998103e-01 -1.301245e+02
9.996785e-01 1.119344e-03 -2.533135e-02 -1.255904e+00 -1.092617e-03 9.999988e-01 1.068904e-03 2.633558e+00 2.533252e-02 -1.040884e-03 9.996785e-01 -1.299996e+02
9.997711e-01 1.064927e-03 2.136685e-02 -1.203108e+00 -1.015810e-03 9.999968e-01 -2.309473e-03 2.639617e+00 -2.136924e-02 2.287241e-03 9.997690e-01 -1.304590e+02
9.996710e-01 1.337782e-03 -2.561627e-02 -1.142286e+00 -1.303415e-03 9.999982e-01 1.358230e-03 2.647416e+00 2.561804e-02 -1.324395e-03 9.996709e-01 -1.309813e+02
9.998129e-01 5.506831e-04 1.933421e-02 -1.060117e+00 -5.141684e-04 9.999981e-01 -1.893533e-03 2.645720e+00 -1.933522e-02 1.883239e-03 9.998113e-01 -1.311179e+02
9.996778e-01 1.122695e-03 -2.535740e-02 -9.793538e-01 -1.081010e-03 9.999980e-01 1.657521e-03 2.636383e+00 2.535921e-02 -1.629576e-03 9.996771e-01 -1.309377e+02
9.998120e-01 5.614026e-04 1.938065e-02 -8.876101e-01 -5.202257e-04 9.999976e-01 -2.129618e-03 2.627035e+00 -1.938180e-02 2.119136e-03 9.998099e-01 -1.307652e+02
9.996553e-01 1.275111e-03 -2.622258e-02 -8.046228e-01 -1.238567e-03 9.999982e-01 1.409775e-03 2.622250e+00 2.622433e-02 -1.376812e-03 9.996551e-01 -1.307589e+02
9.997969e-01 2.191498e-04 2.015457e-02 -7.044071e-01 -1.886012e-04 9.999988e-01 -1.517611e-03 2.612692e+00 -2.015487e-02 1.513503e-03 9.997957e-01 -1.305845e+02
9.996812e-01 1.123013e-03 -2.522252e-02 -6.174108e-01 -1.103021e-03 9.999991e-01 8.065203e-04 2.597788e+00 2.522341e-02 -7.784429e-04 9.996815e-01 -1.301596e+02
9.998055e-01 4.443020e-04 1.971699e-02 -5.269428e-01 -4.140520e-04 9.999987e-01 -1.538265e-03 2.584513e+00 -1.971765e-02 1.529803e-03 9.998044e-01 -1.297853e+02
9.996694e-01 1.043231e-03 -2.569139e-02 -4.443278e-01 -1.012702e-03 9.999988e-01 1.201288e-03 2.573590e+00 2.569261e-02 -1.174874e-03 9.996692e-01 -1.295156e+02
9.998044e-01 6.030008e-04 1.976858e-02 -3.626815e-01 -5.687136e-04 9.999983e-01 -1.740008e-03 2.562988e+00 -1.976959e-02 1.728425e-03 9.998031e-01 -1.292518e+02
9.996690e-01 9.861342e-04 -2.570686e-02 -2.784453e-01 -9.519426e-04 9.999986e-01 1.342258e-03 2.552344e+00 2.570814e-02 -1.317343e-03 9.996686e-01 -1.289904e+02
9.998014e-01 5.429428e-04 1.992291e-02 -1.990744e-01 -5.049426e-04 9.999980e-01 -1.912345e-03 2.540737e+00 -1.992391e-02 1.901906e-03 9.997997e-01 -1.286640e+02
9.996517e-01 1.122352e-03 -2.636692e-02 -1.041788e-01 -1.083277e-03 9.999983e-01 1.496177e-03 2.531605e+00 2.636855e-02 -1.467094e-03 9.996512e-01 -1.284801e+02
9.997894e-01 3.837519e-04 2.051708e-02 -2.631269e-02 -3.452103e-04 9.999982e-01 -1.882025e-03 2.519932e+00 -2.051776e-02 1.874546e-03 9.997877e-01 -1.281468e+02
9.996508e-01 1.247618e-03 -2.639398e-02 4.830860e-02 -1.221105e-03 9.999987e-01 1.020604e-03 2.507889e+00 2.639522e-02 -9.880181e-04 9.996511e-01 -1.277692e+02
9.997814e-01 2.578712e-04 2.090545e-02 1.337148e-01 -2.238508e-04 9.999986e-01 -1.629672e-03 2.494798e+00 -2.090584e-02 1.624636e-03 9.997801e-01 -1.274004e+02
9.996463e-01 1.282565e-03 -2.656391e-02 2.123688e-01 -1.252353e-03 9.999985e-01 1.153951e-03 2.484081e+00 2.656535e-02 -1.120276e-03 9.996465e-01 -1.271291e+02
9.997947e-01 4.243815e-04 2.025722e-02 2.767063e-01 -3.938796e-04 9.999988e-01 -1.509695e-03 2.476848e+00 -2.025784e-02 1.501407e-03 9.997937e-01 -1.269757e+02
9.996773e-01 1.409487e-03 -2.536304e-02 3.420157e-01 -1.394963e-03 9.999989e-01 5.903311e-04 2.480230e+00 2.536384e-02 -5.547608e-04 9.996781e-01 -1.272992e+02
9.997930e-01 7.633194e-04 2.032970e-02 4.331328e-01 -7.348934e-04 9.999987e-01 -1.405682e-03 2.486452e+00 -2.033075e-02 1.390451e-03 9.997923e-01 -1.277571e+02
9.996411e-01 1.220353e-03 -2.676275e-02 5.148702e-01 -1.194158e-03 9.999988e-01 9.947466e-04 2.487819e+00 2.676393e-02 -9.624314e-04 9.996413e-01 -1.280002e+02
9.998050e-01 6.001239e-04 1.973704e-02 5.981031e-01 -5.755070e-04 9.999990e-01 -1.252901e-03 2.485838e+00 -1.973777e-02 1.241298e-03 9.998044e-01 -1.280958e+02
9.996468e-01 9.772898e-04 -2.655673e-02 6.710754e-01 -9.408717e-04 9.999986e-01 1.383791e-03 2.479596e+00 2.655805e-02 -1.358316e-03 9.996464e-01 -1.280008e+02
9.997994e-01 5.657687e-04 2.002235e-02 7.353299e-01 -5.313861e-04 9.999984e-01 -1.722489e-03 2.470947e+00 -2.002329e-02 1.711504e-03 9.997980e-01 -1.277544e+02
9.996491e-01 8.231562e-04 -2.647594e-02 8.181545e-01 -7.789278e-04 9.999983e-01 1.680782e-03 2.462594e+00 2.647728e-02 -1.659570e-03 9.996480e-01 -1.275841e+02
9.997970e-01 8.212269e-04 2.013222e-02 9.122090e-01 -7.821462e-04 9.999978e-01 -1.949001e-03 2.452750e+00 -2.013377e-02 1.932860e-03 9.997954e-01 -1.273641e+02
9.996280e-01 1.013504e-03 -2.725475e-02 1.032657e+00 -9.766535e-04 9.999986e-01 1.365334e-03 2.449427e+00 2.725609e-02 -1.338208e-03 9.996276e-01 -1.274677e+02
9.998092e-01 7.919941e-04 1.951988e-02 1.148736e+00 -7.609340e-04 9.999984e-01 -1.598583e-03 2.444956e+00 -1.952111e-02 1.583425e-03 9.998082e-01 -1.275104e+02
9.996666e-01 8.107789e-04 -2.580723e-02 1.236075e+00 -7.855745e-04 9.999992e-01 9.867625e-04 2.434516e+00 2.580800e-02 -9.661607e-04 9.996665e-01 -1.272458e+02
9.998139e-01 8.046850e-04 1.927484e-02 1.347336e+00 -7.765071e-04 9.999986e-01 -1.469340e-03 2.423869e+00 -1.927599e-02 1.454100e-03 9.998131e-01 -1.270154e+02
9.996540e-01 8.163128e-04 -2.629148e-02 1.459094e+00 -7.897299e-04 9.999992e-01 1.021451e-03 2.415479e+00 2.629229e-02 -1.000335e-03 9.996538e-01 -1.268877e+02
9.998044e-01 1.263057e-03 1.973951e-02 1.570518e+00 -1.230530e-03 9.999979e-01 -1.659866e-03 2.416546e+00 -1.974157e-02 1.635252e-03 9.998038e-01 -1.271759e+02
9.997081e-01 1.018858e-03 -2.413741e-02 1.688110e+00 -1.013553e-03 9.999995e-01 2.320354e-04 2.423987e+00 2.413763e-02 -2.075039e-04 9.997086e-01 -1.277462e+02
9.998188e-01 1.532427e-03 1.897437e-02 1.818030e+00 -1.506341e-03 9.999979e-01 -1.389005e-03 2.431141e+00 -1.897646e-02 1.360172e-03 9.998190e-01 -1.283046e+02
9.997718e-01 1.096974e-03 -2.133221e-02 1.961086e+00 -1.118802e-03 9.999989e-01 -1.011328e-03 2.442753e+00 2.133107e-02 1.034964e-03 9.997719e-01 -1.291153e+02
9.998333e-01 2.181330e-03 1.812721e-02 2.136507e+00 -2.159424e-03 9.999969e-01 -1.227962e-03 2.460739e+00 -1.812983e-02 1.188614e-03 9.998349e-01 -1.301763e+02
9.997619e-01 5.777179e-04 -2.181460e-02 2.285552e+00 -5.939949e-04 9.999995e-01 -7.396813e-04 2.471570e+00 2.181416e-02 7.524622e-04 9.997618e-01 -1.309537e+02
9.998351e-01 7.632963e-04 1.814366e-02 2.286835e+00 -7.715028e-04 9.999996e-01 4.453084e-04 2.475412e+00 -1.814331e-02 -4.592322e-04 9.998353e-01 -1.311945e+02
9.996856e-01 5.540051e-04 -2.506618e-02 2.326503e+00 -5.846286e-04 9.999991e-01 -1.214396e-03 2.470312e+00 2.506548e-02 1.228668e-03 9.996851e-01 -1.310569e+02
9.998325e-01 2.080780e-03 1.818216e-02 2.632547e+00 -2.071611e-03 9.999977e-01 -5.231238e-04 2.472411e+00 -1.818320e-02 4.853706e-04 9.998346e-01 -1.315815e+02
9.995751e-01 -2.022541e-05 -2.914894e-02 2.972001e+00 -6.673800e-06 9.999996e-01 -9.227223e-04 2.469448e+00 2.914894e-02 9.225240e-04 9.995747e-01 -1.318844e+02
9.998281e-01 1.787838e-03 1.845595e-02 3.205395e+00 -1.784446e-03 9.999984e-01 -2.002512e-04 2.463721e+00 -1.845628e-02 1.672838e-04 9.998297e-01 -1.319906e+02
9.996564e-01 1.155275e-04 -2.621104e-02 3.350911e+00 -1.270400e-04 9.999999e-01 -4.375586e-04 2.460256e+00 2.621099e-02 4.407374e-04 9.996563e-01 -1.321099e+02
9.997907e-01 1.836012e-03 2.037481e-02 3.636836e+00 -1.809190e-03 9.999975e-01 -1.334820e-03 2.445456e+00 -2.037721e-02 1.297680e-03 9.997915e-01 -1.318411e+02
9.995342e-01 1.072568e-03 -3.050063e-02 4.035907e+00 -1.147353e-03 9.999964e-01 -2.434514e-03 2.443510e+00 3.049791e-02 2.468374e-03 9.995318e-01 -1.323626e+02
9.996990e-01 -8.840769e-04 2.451836e-02 4.113885e+00 8.605453e-04 9.999992e-01 9.702894e-04 2.427818e+00 -2.451920e-02 -9.488975e-04 9.996989e-01 -1.317349e+02
9.995694e-01 2.267894e-03 -2.925430e-02 4.129775e+00 -2.385895e-03 9.999892e-01 -3.999345e-03 2.404503e+00 2.924491e-02 4.067420e-03 9.995640e-01 -1.304970e+02
9.997271e-01 -1.347952e-03 2.332081e-02 4.226235e+00 1.310432e-03 9.999978e-01 1.624099e-03 2.381972e+00 -2.332295e-02 -1.593095e-03 9.997267e-01 -1.296250e+02
9.995599e-01 2.607498e-03 -2.954983e-02 4.283143e+00 -2.733820e-03 9.999873e-01 -4.235286e-03 2.358634e+00 2.953841e-02 4.314205e-03 9.995543e-01 -1.285862e+02
9.997940e-01 5.326719e-04 2.028911e-02 4.819793e+00 -5.168047e-04 9.999996e-01 -7.872871e-04 2.354393e+00 -2.028952e-02 7.766402e-04 9.997938e-01 -1.292973e+02
9.995141e-01 2.432648e-03 -3.107450e-02 5.246856e+00 -2.532165e-03 9.999918e-01 -3.163595e-03 2.355810e+00 3.106655e-02 3.240742e-03 9.995121e-01 -1.300346e+02
9.997448e-01 -7.285678e-04 2.257690e-02 5.509890e+00 7.170766e-04 9.999996e-01 5.170774e-04 2.341986e+00 -2.257726e-02 -5.007553e-04 9.997450e-01 -1.299941e+02
9.995856e-01 2.587838e-03 -2.867042e-02 5.836926e+00 -2.731959e-03 9.999838e-01 -4.988789e-03 2.340086e+00 2.865704e-02 5.065048e-03 9.995765e-01 -1.306151e+02
9.996705e-01 2.819509e-04 2.566830e-02 6.233717e+00 -2.680633e-04 9.999998e-01 -5.444770e-04 2.353376e+00 -2.566844e-02 5.374175e-04 9.996704e-01 -1.319795e+02
9.995475e-01 2.943692e-03 -2.993499e-02 6.654525e+00 -3.100791e-03 9.999817e-01 -5.202920e-03 2.370548e+00 2.991913e-02 5.293387e-03 9.995383e-01 -1.335029e+02
9.995706e-01 8.464277e-04 2.928947e-02 6.802142e+00 -8.813021e-04 9.999989e-01 1.177795e-03 2.396072e+00 -2.928844e-02 -1.203102e-03 9.995703e-01 -1.349617e+02
9.993618e-01 3.471500e-04 -3.571999e-02 6.875969e+00 -4.169901e-04 9.999980e-01 -1.947779e-03 2.381600e+00 3.571924e-02 1.961430e-03 9.993599e-01 -1.345121e+02
9.995393e-01 1.282823e-03 3.032519e-02 6.954678e+00 -1.287733e-03 9.999992e-01 1.423986e-04 2.359914e+00 -3.032499e-02 -1.813831e-04 9.995401e-01 -1.337009e+02
9.993589e-01 3.205768e-04 -3.580011e-02 7.023834e+00 -3.761675e-04 9.999987e-01 -1.546083e-03 2.341423e+00 3.579956e-02 1.558558e-03 9.993578e-01 -1.330292e+02
9.995713e-01 8.609186e-04 2.926516e-02 7.139171e+00 -8.349261e-04 9.999992e-01 -9.003799e-04 2.316786e+00 -2.926592e-02 8.755604e-04 9.995713e-01 -1.321563e+02
9.993091e-01 7.481980e-04 -3.715735e-02 7.325502e+00 -8.046709e-04 9.999985e-01 -1.504900e-03 2.298409e+00 3.715617e-02 1.533759e-03 9.993083e-01 -1.317476e+02
9.995030e-01 7.521269e-04 3.151516e-02 7.343096e+00 -7.866292e-04 9.999991e-01 1.082403e-03 2.293099e+00 -3.151432e-02 -1.106655e-03 9.995027e-01 -1.316474e+02
9.993025e-01 9.190722e-04 -3.733056e-02 7.418611e+00 -1.001089e-03 9.999971e-01 -2.178421e-03 2.279263e+00 3.732845e-02 2.214272e-03 9.993006e-01 -1.311881e+02
9.994172e-01 5.632653e-04 3.412990e-02 7.452720e+00 -5.852276e-04 9.999996e-01 6.335081e-04 2.283433e+00 -3.412953e-02 -6.531120e-04 9.994172e-01 -1.315394e+02
9.993591e-01 1.916094e-03 -3.574524e-02 7.465758e+00 -1.985866e-03 9.999962e-01 -1.916523e-03 2.298784e+00 3.574143e-02 1.986280e-03 9.993591e-01 -1.323036e+02
9.995401e-01 -3.988577e-04 3.032065e-02 7.521340e+00 3.676241e-04 9.999994e-01 1.035679e-03 2.283542e+00 -3.032104e-02 -1.024055e-03 9.995397e-01 -1.317499e+02
9.993724e-01 1.918511e-03 -3.537192e-02 7.528920e+00 -1.983467e-03 9.999964e-01 -1.801374e-03 2.279498e+00 3.536834e-02 1.870401e-03 9.993726e-01 -1.316413e+02
9.993818e-01 -2.027708e-04 3.515738e-02 7.419987e+00 1.775052e-04 9.999997e-01 7.217659e-04 2.294761e+00 -3.515752e-02 -7.150783e-04 9.993815e-01 -1.322582e+02
9.995247e-01 3.050847e-03 -3.067646e-02 7.562483e+00 -3.213086e-03 9.999811e-01 -5.240820e-03 2.315998e+00 3.065989e-02 5.336894e-03 9.995156e-01 -1.336510e+02
9.994118e-01 2.328932e-03 3.421487e-02 7.968478e+00 -2.224850e-03 9.999928e-01 -3.079770e-03 2.359543e+00 -3.422179e-02 3.001836e-03 9.994098e-01 -1.363266e+02
9.994247e-01 2.755663e-03 -3.380436e-02 8.471106e+00 -2.895931e-03 9.999874e-01 -4.101147e-03 2.398073e+00 3.379263e-02 4.196682e-03 9.994201e-01 -1.388044e+02
9.996326e-01 1.394479e-03 2.706856e-02 9.013780e+00 -1.322475e-03 9.999955e-01 -2.677749e-03 2.420391e+00 -2.707217e-02 2.640968e-03 9.996300e-01 -1.406239e+02
9.994031e-01 1.676620e-03 -3.450511e-02 9.577143e+00 -1.825479e-03 9.999892e-01 -4.283072e-03 2.431449e+00 3.449756e-02 4.343503e-03 9.993953e-01 -1.420438e+02
9.996905e-01 1.426021e-03 2.483516e-02 1.003393e+01 -1.381137e-03 9.999974e-01 -1.824334e-03 2.434207e+00 -2.483769e-02 1.789469e-03 9.996899e-01 -1.430358e+02
9.994549e-01 1.438623e-03 -3.298160e-02 1.046260e+01 -1.583802e-03 9.999892e-01 -4.376117e-03 2.426337e+00 3.297494e-02 4.425967e-03 9.994464e-01 -1.436562e+02
9.996664e-01 1.784920e-03 2.576762e-02 1.083193e+01 -1.730531e-03 9.999962e-01 -2.132887e-03 2.428576e+00 -2.577133e-02 2.087584e-03 9.996657e-01 -1.446023e+02
9.995205e-01 1.659733e-03 -3.091849e-02 1.125322e+01 -1.826540e-03 9.999839e-01 -5.367586e-03 2.440079e+00 3.090908e-02 5.421486e-03 9.995075e-01 -1.459999e+02
9.996721e-01 1.370803e-03 2.557142e-02 1.168094e+01 -1.361181e-03 9.999990e-01 -3.936726e-04 2.451227e+00 -2.557194e-02 3.587368e-04 9.996729e-01 -1.473588e+02
9.994925e-01 3.226076e-04 -3.185283e-02 1.192540e+01 -4.669792e-04 9.999897e-01 -4.525121e-03 2.436605e+00 3.185104e-02 4.537699e-03 9.994823e-01 -1.474129e+02
9.995208e-01 4.741024e-03 3.058782e-02 1.235608e+01 -4.632213e-03 9.999827e-01 -3.627206e-03 2.465101e+00 -3.060449e-02 3.483779e-03 9.995255e-01 -1.495815e+02
9.995655e-01 1.175621e-03 -2.945049e-02 1.281638e+01 -1.339323e-03 9.999838e-01 -5.539448e-03 2.503499e+00 2.944350e-02 5.576484e-03 9.995509e-01 -1.522110e+02
9.995776e-01 2.671119e-03 2.893849e-02 1.295894e+01 -2.698774e-03 9.999959e-01 9.166319e-04 2.532586e+00 -2.893593e-02 -9.943425e-04 9.995808e-01 -1.538667e+02
9.994142e-01 -1.230586e-03 -3.420147e-02 1.305109e+01 1.121850e-03 9.999943e-01 -3.198301e-03 2.507510e+00 3.420521e-02 3.158058e-03 9.994098e-01 -1.529624e+02
9.991635e-01 2.982222e-03 4.078521e-02 1.301380e+01 -2.911585e-03 9.999942e-01 -1.791217e-03 2.527624e+00 -4.079031e-02 1.670970e-03 9.991663e-01 -1.542130e+02
9.994793e-01 1.528985e-03 -3.223068e-02 1.307848e+01 -1.661060e-03 9.999903e-01 -4.071415e-03 2.567374e+00 3.222415e-02 4.122831e-03 9.994722e-01 -1.564093e+02
9.994425e-01 3.772871e-03 3.317344e-02 1.343061e+01 -3.673310e-03 9.999886e-01 -3.061653e-03 2.600366e+00 -3.318461e-02 2.938091e-03 9.994449e-01 -1.586739e+02
9.995409e-01 -1.270786e-04 -3.029939e-02 1.370706e+01 2.499490e-05 9.999943e-01 -3.369520e-03 2.627888e+00 3.029964e-02 3.367215e-03 9.995352e-01 -1.606233e+02
9.997154e-01 3.638427e-03 2.357681e-02 1.413422e+01 -3.561350e-03 9.999882e-01 -3.310344e-03 2.633345e+00 -2.358857e-02 3.225437e-03 9.997165e-01 -1.617933e+02
9.994476e-01 -7.574765e-04 -3.322446e-02 1.458008e+01 6.556742e-04 9.999951e-01 -3.074863e-03 2.627054e+00 3.322663e-02 3.051380e-03 9.994432e-01 -1.624317e+02
9.997047e-01 3.037776e-03 2.410884e-02 1.488618e+01 -3.001366e-03 9.999943e-01 -1.546277e-03 2.613286e+00 -2.411340e-02 1.473461e-03 9.997081e-01 -1.625312e+02
9.997564e-01 1.410980e-03 -2.202413e-02 1.493781e+01 -1.498391e-03 9.999911e-01 -3.952891e-03 2.649531e+00 2.201836e-02 3.984929e-03 9.997496e-01 -1.644314e+02
9.997812e-01 4.046858e-04 2.091534e-02 1.490604e+01 -4.630963e-04 9.999960e-01 2.787947e-03 2.657381e+00 -2.091413e-02 -2.797022e-03 9.997774e-01 -1.649020e+02
9.997687e-01 1.713771e-03 -2.143719e-02 1.480691e+01 -1.801750e-03 9.999900e-01 -4.085393e-03 2.669911e+00 2.142998e-02 4.123072e-03 9.997619e-01 -1.654742e+02
9.997630e-01 1.804487e-04 2.177058e-02 1.475019e+01 -2.282596e-04 9.999976e-01 2.193666e-03 2.684702e+00 -2.177013e-02 -2.198115e-03 9.997606e-01 -1.662185e+02
9.995980e-01 8.390400e-04 -2.833858e-02 1.477245e+01 -9.383256e-04 9.999935e-01 -3.490432e-03 2.675604e+00 2.833546e-02 3.515619e-03 9.995923e-01 -1.659532e+02
9.996433e-01 1.705193e-03 2.665223e-02 1.486096e+01 -1.710319e-03 9.999985e-01 1.695094e-04 2.687862e+00 -2.665190e-02 -2.150321e-04 9.996448e-01 -1.668616e+02
9.997476e-01 1.362266e-03 -2.242718e-02 1.487121e+01 -1.449994e-03 9.999914e-01 -3.895894e-03 2.711827e+00 2.242168e-02 3.927429e-03 9.997409e-01 -1.682163e+02
9.992645e-01 4.267723e-03 3.810800e-02 1.501699e+01 -4.093914e-03 9.999809e-01 -4.637837e-03 2.761448e+00 -3.812706e-02 4.478416e-03 9.992629e-01 -1.710321e+02
9.995465e-01 7.861179e-04 -3.010149e-02 1.509560e+01 -8.574016e-04 9.999969e-01 -2.355276e-03 2.804943e+00 3.009954e-02 2.380017e-03 9.995441e-01 -1.733710e+02
9.988761e-01 4.938057e-03 4.713969e-02 1.525312e+01 -4.641874e-03 9.999688e-01 -6.390510e-03 2.852290e+00 -4.716978e-02 6.164512e-03 9.988679e-01 -1.761610e+02
9.994505e-01 2.741799e-03 -3.303349e-02 1.549314e+01 -2.901900e-03 9.999843e-01 -4.799666e-03 2.918279e+00 3.301981e-02 4.892888e-03 9.994427e-01 -1.797594e+02
9.990202e-01 2.110920e-03 4.420574e-02 1.562258e+01 -2.031923e-03 9.999963e-01 -1.831890e-03 2.960308e+00 -4.420944e-02 1.740273e-03 9.990208e-01 -1.821122e+02
9.996987e-01 4.349011e-03 -2.415867e-02 1.585621e+01 -4.570213e-03 9.999481e-01 -9.108563e-03 3.022376e+00 2.411781e-02 9.216228e-03 9.996666e-01 -1.856532e+02
9.991416e-01 3.041010e-03 4.131416e-02 1.616255e+01 -2.947186e-03 9.999929e-01 -2.331709e-03 3.087156e+00 -4.132096e-02 2.207948e-03 9.991435e-01 -1.894519e+02
9.993281e-01 2.274357e-03 -3.658221e-02 1.633815e+01 -2.475574e-03 9.999821e-01 -5.456056e-03 3.128992e+00 3.656914e-02 5.542951e-03 9.993158e-01 -1.918594e+02
9.990462e-01 2.653082e-03 4.358496e-02 1.671600e+01 -2.526138e-03 9.999924e-01 -2.967373e-03 3.165083e+00 -4.359251e-02 2.854441e-03 9.990453e-01 -1.943453e+02
9.991345e-01 3.454762e-03 -4.145311e-02 1.703326e+01 -3.679424e-03 9.999789e-01 -5.344573e-03 3.212045e+00 4.143378e-02 5.492470e-03 9.991262e-01 -1.970958e+02
9.986452e-01 1.510035e-03 5.201379e-02 1.716342e+01 -1.426181e-03 9.999976e-01 -1.649243e-03 3.257255e+00 -5.201616e-02 1.572828e-03 9.986450e-01 -1.995424e+02
9.989684e-01 2.324532e-03 -4.535218e-02 1.710221e+01 -2.456833e-03 9.999929e-01 -2.861670e-03 3.297787e+00 4.534521e-02 2.970140e-03 9.989670e-01 -2.013850e+02
9.978785e-01 3.873119e-03 6.498900e-02 1.733221e+01 -3.447748e-03 9.999719e-01 -6.656151e-03 3.347898e+00 -6.501295e-02 6.417965e-03 9.978638e-01 -2.044264e+02
9.980298e-01 3.389954e-03 -6.264932e-02 1.760511e+01 -3.541081e-03 9.999911e-01 -2.301384e-03 3.398344e+00 6.264096e-02 2.518695e-03 9.980329e-01 -2.072910e+02
9.972827e-01 8.249337e-04 7.366554e-02 1.758268e+01 -5.859206e-04 9.999945e-01 -3.266123e-03 3.437215e+00 -7.366782e-02 3.214086e-03 9.972777e-01 -2.092191e+02
9.976484e-01 2.777287e-03 -6.848394e-02 1.747714e+01 -2.793357e-03 9.999961e-01 -1.388910e-04 3.469921e+00 6.848328e-02 3.298639e-04 9.976522e-01 -2.106146e+02
9.975959e-01 1.670188e-04 6.929946e-02 1.748847e+01 -2.700313e-05 9.999980e-01 -2.021375e-03 3.486326e+00 -6.929966e-02 2.014645e-03 9.975939e-01 -2.114827e+02
9.972788e-01 2.256608e-03 -7.368750e-02 1.759553e+01 -2.264334e-03 9.999974e-01 -2.131034e-05 3.496622e+00 7.368726e-02 1.881049e-04 9.972814e-01 -2.121667e+02
9.972719e-01 7.555801e-04 7.381156e-02 1.768531e+01 -6.028335e-04 9.999976e-01 -2.091668e-03 3.513405e+00 -7.381296e-02 2.041467e-03 9.972700e-01 -2.131460e+02
9.969435e-01 9.099801e-04 -7.812000e-02 1.769822e+01 -8.032852e-04 9.999987e-01 1.397194e-03 3.519416e+00 7.812117e-02 -1.330172e-03 9.969430e-01 -2.134882e+02
