9.999996e-01 6.965932e-04 -4.904056e-04 3.466800e-03 -6.977816e-04 9.999968e-01 -2.427240e-03 6.642297e-03 4.887129e-04 2.427581e-03 9.999969e-01 -4.265380e-01
9.999977e-01 -6.945467e-05 -2.130090e-03 -5.586330e-03 7.257571e-05 9.999989e-01 1.465161e-03 6.904987e-03 2.129986e-03 -1.465311e-03 9.999967e-01 -4.950789e-01
9.999998e-01 5.298648e-04 2.604267e-04 -9.978915e-02 -5.291542e-04 9.999962e-01 -2.721017e-03 1.358829e-02 -2.618678e-04 2.720878e-03 9.999963e-01 -6.680831e-01
9.999890e-01 -2.576415e-05 -4.695236e-03 -1.463994e-01 3.584422e-05 9.999977e-01 2.146795e-03 1.361206e-02 4.695171e-03 -2.146939e-03 9.999867e-01 -6.530825e-01
9.999998e-01 6.865705e-04 -1.298300e-05 -1.289992e-01 -6.865968e-04 9.999975e-01 -2.149390e-03 9.143277e-03 1.150692e-05 2.149398e-03 9.999977e-01 -5.722220e-01
9.999884e-01 4.726141e-05 -4.813767e-03 -6.719472e-02 -4.043156e-05 9.999990e-01 1.418898e-03 6.157500e-03 4.813829e-03 -1.418686e-03 9.999874e-01 -6.614305e-01
9.999974e-01 5.259426e-04 -2.224968e-03 -4.010291e-02 -5.279676e-04 9.999994e-01 -9.096109e-04 9.680074e-05 2.224488e-03 9.107825e-04 9.999971e-01 -5.517696e-01
9.999822e-01 3.215537e-05 -5.959267e-03 -2.342911e-03 -2.361453e-05 9.999990e-01 1.433261e-03 -7.243420e-03 5.959307e-03 -1.433094e-03 9.999812e-01 -4.035774e-01
9.999971e-01 4.981280e-04 -2.365435e-03 6.488318e-03 -4.976823e-04 9.999999e-01 1.890197e-04 -1.669906e-02 2.365528e-03 -1.878426e-04 9.999972e-01 -4.716855e-02
9.999972e-01 1.134310e-04 -2.383330e-03 5.646115e-03 -1.147298e-04 9.999998e-01 -5.448077e-04 -1.725573e-02 2.383268e-03 5.450803e-04 9.999970e-01 -1.310455e-01
9.999940e-01 5.504976e-04 -3.425650e-03 6.182645e-02 -5.499066e-04 9.999998e-01 1.734893e-04 -2.163792e-02 3.425745e-03 -1.716051e-04 9.999941e-01 -1.410178e-01
9.999919e-01 -3.311963e-06 -4.033673e-03 6.292368e-02 8.900808e-06 9.999990e-01 1.385519e-03 -3.080779e-02 4.033664e-03 -1.385543e-03 9.999909e-01 2.909559e-01
9.999989e-01 5.027145e-04 1.399845e-03 -2.498885e-02 -4.996735e-04 9.999975e-01 -2.171923e-03 -2.609297e-02 -1.400934e-03 2.171221e-03 9.999967e-01 2.246479e-01
9.999915e-01 -9.183004e-05 -4.118127e-03 -1.311512e-01 9.665749e-05 9.999993e-01 1.172049e-03 -1.902899e-02 4.118017e-03 -1.172436e-03 9.999908e-01 4.860579e-02
9.999997e-01 4.952290e-04 5.415683e-04 -2.792178e-01 -4.941477e-04 9.999979e-01 -1.995039e-03 -1.180990e-02 -5.425555e-04 1.994770e-03 9.999979e-01 -3.639842e-02
9.999940e-01 -5.216595e-05 -3.454538e-03 -4.310487e-01 5.641222e-05 9.999992e-01 1.229084e-03 -2.862881e-03 3.454471e-03 -1.229271e-03 9.999933e-01 -1.845058e-01
9.999945e-01 7.791387e-04 3.222706e-03 -4.274708e-01 -7.687261e-04 9.999945e-01 -3.230995e-03 3.838875e-03 -3.225206e-03 3.228499e-03 9.999896e-01 -5.687695e-01
1.000000e+00 -3.990883e-05 1.288704e-04 -4.144502e-01 3.993781e-05 1.000000e+00 -2.245086e-04 1.543711e-02 -1.288611e-04 2.245145e-04 1.000000e+00 -1.170485e+00
9.999935e-01 5.884080e-04 -3.557122e-03 -4.413748e-01 -5.927771e-04 9.999991e-01 -1.227340e-03 1.701277e-02 3.556396e-03 1.229440e-03 9.999929e-01 -1.298459e+00
9.999997e-01 3.598614e-05 -7.369964e-04 -4.891190e-01 -3.501388e-05 9.999991e-01 1.319117e-03 1.663162e-02 7.370435e-04 -1.319090e-03 9.999989e-01 -1.268471e+00
9.999763e-01 7.268314e-04 6.842389e-03 -4.455211e-01 -6.879358e-04 9.999836e-01 -5.685140e-03 3.075195e-02 -6.846409e-03 5.680298e-03 9.999604e-01 -2.011221e+00
9.999735e-01 -5.089443e-05 -7.285110e-03 -4.293268e-01 7.916134e-05 9.999925e-01 3.879850e-03 3.506979e-02 7.284858e-03 -3.880323e-03 9.999659e-01 -2.279731e+00
9.999869e-01 5.967682e-04 5.086917e-03 -4.677181e-01 -5.736073e-04 9.999895e-01 -4.553299e-03 3.591664e-02 -5.089581e-03 4.550321e-03 9.999767e-01 -2.272124e+00
9.999565e-01 -7.053930e-06 -9.331115e-03 -4.882753e-01 4.630635e-05 9.999912e-01 4.206401e-03 3.495525e-02 9.331003e-03 -4.206649e-03 9.999476e-01 -2.220522e+00
9.999898e-01 5.668866e-04 4.486407e-03 -4.852803e-01 -5.480840e-04 9.999911e-01 -4.191135e-03 3.241681e-02 -4.488743e-03 4.188633e-03 9.999812e-01 -2.180597e+00
9.999592e-01 8.269436e-05 -9.036418e-03 -4.831132e-01 -4.651208e-05 9.999920e-01 4.004181e-03 2.987562e-02 9.036677e-03 -4.003597e-03 9.999512e-01 -2.210514e+00
9.999506e-01 4.951296e-04 9.925941e-03 -3.937789e-01 -4.293531e-04 9.999779e-01 -6.627771e-03 3.645253e-02 -9.929004e-03 6.623181e-03 9.999288e-01 -2.748359e+00
9.999592e-01 7.985594e-05 -9.030949e-03 -3.812332e-01 -3.978442e-05 9.999902e-01 4.437219e-03 4.075916e-02 9.031215e-03 -4.436679e-03 9.999494e-01 -2.991485e+00
9.999403e-01 4.484753e-04 1.091577e-02 -4.378564e-01 -3.824717e-04 9.999816e-01 -6.047971e-03 4.632407e-02 -1.091828e-02 6.043434e-03 9.999221e-01 -3.074687e+00
9.999393e-01 1.420683e-04 -1.101606e-02 -4.863560e-01 -9.176229e-05 9.999896e-01 4.566975e-03 5.381919e-02 1.101660e-02 -4.565686e-03 9.999289e-01 -3.371701e+00
9.999258e-01 4.012200e-04 1.217498e-02 -3.729105e-01 -3.128885e-04 9.999736e-01 -7.256209e-03 6.115107e-02 -1.217757e-02 7.251860e-03 9.998996e-01 -3.932125e+00
9.999039e-01 1.371365e-05 -1.385993e-02 -3.455899e-01 6.452107e-05 9.999841e-01 5.644201e-03 6.549581e-02 1.385979e-02 -5.644553e-03 9.998880e-01 -4.310569e+00
9.998880e-01 5.873659e-04 1.495295e-02 -3.579511e-01 -4.633396e-04 9.999655e-01 -8.296561e-03 7.547917e-02 -1.495730e-02 8.288703e-03 9.998538e-01 -4.829441e+00
9.999642e-01 8.205409e-05 -8.459401e-03 -2.961933e-01 -5.062976e-05 9.999931e-01 3.714863e-03 9.101317e-02 8.459648e-03 -3.714301e-03 9.999573e-01 -5.619850e+00
9.998749e-01 6.426558e-04 1.580231e-02 -2.291965e-01 -5.101452e-04 9.999647e-01 -8.388129e-03 1.065643e-01 -1.580715e-02 8.379018e-03 9.998400e-01 -6.453107e+00
9.999591e-01 2.613163e-05 -9.042142e-03 -2.005854e-01 1.035758e-05 9.999919e-01 4.035386e-03 1.228555e-01 9.042174e-03 -4.035314e-03 9.999510e-01 -7.238767e+00
9.998988e-01 5.344209e-04 1.421764e-02 -2.155153e-01 -4.208529e-04 9.999680e-01 -7.989621e-03 1.385676e-01 -1.422146e-02 7.982828e-03 9.998670e-01 -7.938263e+00
9.999322e-01 1.055558e-04 -1.164331e-02 -2.919240e-01 -5.017425e-05 9.999887e-01 4.756703e-03 1.531816e-01 1.164368e-02 -4.755796e-03 9.999209e-01 -8.491043e+00
9.998895e-01 5.464152e-04 1.485639e-02 -3.660009e-01 -4.263198e-04 9.999672e-01 -8.085727e-03 1.688743e-01 -1.486032e-02 8.078499e-03 9.998569e-01 -9.072429e+00
9.998962e-01 7.784274e-05 -1.440463e-02 -4.178018e-01 2.510741e-06 9.999844e-01 5.578203e-03 1.808782e-01 1.440484e-02 -5.577660e-03 9.998807e-01 -9.568648e+00
9.998385e-01 5.914935e-04 1.796130e-02 -4.703016e-01 -4.257407e-04 9.999573e-01 -9.230750e-03 1.969523e-01 -1.796600e-02 9.221611e-03 9.997961e-01 -1.021396e+01
9.999189e-01 -1.560443e-05 -1.273858e-02 -4.478586e-01 8.091115e-05 9.999869e-01 5.126186e-03 2.122044e-01 1.273833e-02 -5.126800e-03 9.999057e-01 -1.094144e+01
9.998597e-01 6.758017e-04 1.673814e-02 -4.078798e-01 -5.271711e-04 9.999604e-01 -8.882584e-03 2.251286e-01 -1.674348e-02 8.872513e-03 9.998205e-01 -1.162799e+01
9.998982e-01 -5.510769e-05 -1.426802e-02 -3.876475e-01 1.352553e-04 9.999842e-01 5.616385e-03 2.369669e-01 1.426748e-02 -5.617742e-03 9.998824e-01 -1.224281e+01
9.998341e-01 7.459293e-04 1.820066e-02 -3.533000e-01 -5.753433e-04 9.999559e-01 -9.375963e-03 2.498507e-01 -1.820685e-02 9.363934e-03 9.997904e-01 -1.293079e+01
9.999557e-01 3.272051e-05 -9.411425e-03 -3.175520e-01 6.802817e-06 9.999912e-01 4.199438e-03 2.679965e-01 9.411480e-03 -4.199315e-03 9.999469e-01 -1.382855e+01
9.997808e-01 8.375646e-04 2.091787e-02 -2.592864e-01 -6.213118e-04 9.999463e-01 -1.034255e-02 2.888954e-01 -2.092541e-02 1.032729e-02 9.997277e-01 -1.485104e+01
9.999507e-01 9.532138e-05 -9.930826e-03 -2.204209e-01 -5.154374e-05 9.999903e-01 4.408417e-03 3.092458e-01 9.931150e-03 -4.407687e-03 9.999410e-01 -1.585255e+01
9.997927e-01 7.343449e-04 2.034801e-02 -1.545984e-01 -5.277946e-04 9.999483e-01 -1.015440e-02 3.284176e-01 -2.035441e-02 1.014155e-02 9.997414e-01 -1.683195e+01
9.999496e-01 7.744262e-05 -1.003864e-02 -1.005056e-01 -3.280845e-05 9.999901e-01 4.446321e-03 3.475658e-01 1.003889e-02 -4.445767e-03 9.999397e-01 -1.779915e+01
9.998100e-01 7.794812e-04 1.947949e-02 -6.467706e-02 -5.854503e-04 9.999502e-01 -9.964497e-03 3.666262e-01 -1.948629e-02 9.951198e-03 9.997606e-01 -1.872706e+01
9.999601e-01 1.626072e-04 -8.936880e-03 -4.058406e-03 -1.268630e-04 9.999920e-01 4.000054e-03 3.863241e-01 8.937459e-03 -3.998759e-03 9.999521e-01 -1.972954e+01
9.997472e-01 7.790299e-04 2.246863e-02 3.596761e-02 -5.380348e-04 9.999423e-01 -1.072990e-02 4.094778e-01 -2.247569e-02 1.071510e-02 9.996900e-01 -2.083472e+01
9.999373e-01 2.243588e-04 -1.119725e-02 1.741997e-01 -1.787689e-04 9.999917e-01 4.072358e-03 4.256379e-01 1.119807e-02 -4.070101e-03 9.999290e-01 -2.188773e+01
9.997734e-01 1.090951e-03 2.126027e-02 3.307441e-01 -8.749641e-04 9.999479e-01 -1.016582e-02 4.418446e-01 -2.127025e-02 1.014492e-02 9.997223e-01 -2.292199e+01
9.999767e-01 -1.630589e-04 -6.821071e-03 3.722628e-01 1.839478e-04 9.999953e-01 3.061892e-03 4.662433e-01 6.820540e-03 -3.063075e-03 9.999720e-01 -2.406770e+01
9.997120e-01 1.241902e-03 2.396631e-02 4.052683e-01 -9.780994e-04 9.999388e-01 -1.101581e-02 4.943132e-01 -2.397853e-02 1.098919e-02 9.996521e-01 -2.533448e+01
9.999935e-01 -1.430303e-04 -3.599292e-03 4.381184e-01 1.498465e-04 9.999982e-01 1.893544e-03 5.259379e-01 3.599015e-03 -1.894071e-03 9.999917e-01 -2.675015e+01
9.998956e-01 9.516142e-04 1.441806e-02 5.054406e-01 -8.345804e-04 9.999667e-01 -8.121011e-03 5.463020e-01 -1.442531e-02 8.108129e-03 9.998631e-01 -2.774688e+01
9.999998e-01 -1.319426e-04 -5.691918e-04 5.471343e-01 1.328177e-04 9.999988e-01 1.537700e-03 5.690113e-01 5.689886e-04 -1.537775e-03 9.999987e-01 -2.887166e+01
9.996561e-01 1.283734e-03 2.619133e-02 5.730014e-01 -9.640584e-04 9.999249e-01 -1.221437e-02 6.066397e-01 -2.620504e-02 1.218492e-02 9.995823e-01 -3.053060e+01
1.000000e+00 -1.202196e-04 1.792905e-04 6.056958e-01 1.199953e-04 9.999992e-01 1.250414e-03 6.446029e-01 -1.794403e-04 -1.250392e-03 9.999992e-01 -3.213674e+01
9.999077e-01 9.171976e-04 1.355803e-02 6.510672e-01 -8.075143e-04 9.999669e-01 -8.093172e-03 6.675132e-01 -1.356500e-02 8.081476e-03 9.998753e-01 -3.326546e+01
9.999925e-01 3.456479e-04 3.857334e-03 6.998416e-01 -3.455207e-04 9.999999e-01 -3.362838e-05 6.946525e-01 -3.857345e-03 3.229605e-05 9.999926e-01 -3.453652e+01
9.999861e-01 3.225698e-04 5.269086e-03 7.644196e-01 -2.934561e-04 9.999847e-01 -5.525211e-03 7.128364e-01 -5.270788e-03 5.523587e-03 9.999709e-01 -3.544018e+01
9.999662e-01 2.159341e-04 -8.218391e-03 7.378736e-01 -1.801229e-04 9.999905e-01 4.357941e-03 7.194427e-01 8.219255e-03 -4.356313e-03 9.999567e-01 -3.578154e+01
9.999130e-01 5.384234e-04 1.318325e-02 7.299418e-01 -4.296907e-04 9.999659e-01 -8.249236e-03 7.344538e-01 -1.318724e-02 8.242853e-03 9.998791e-01 -3.650534e+01
9.999986e-01 3.932373e-04 1.639213e-03 7.570745e-01 -3.948918e-04 9.999994e-01 1.009087e-03 7.596485e-01 -1.638815e-03 -1.009732e-03 9.999981e-01 -3.767284e+01
9.998563e-01 6.450244e-04 1.694204e-02 7.934064e-01 -4.849001e-04 9.999552e-01 -9.453705e-03 7.891750e-01 -1.694737e-02 9.444131e-03 9.998118e-01 -3.900347e+01
9.999969e-01 3.128246e-04 2.463313e-03 8.282898e-01 -3.143538e-04 9.999998e-01 6.204251e-04 8.194067e-01 -2.463118e-03 -6.211968e-04 9.999968e-01 -4.038213e+01
9.999589e-01 4.788407e-04 9.048864e-03 8.800034e-01 -4.165327e-04 9.999762e-01 -6.886349e-03 8.403065e-01 -9.051946e-03 6.882297e-03 9.999353e-01 -4.140416e+01
9.999999e-01 2.877822e-04 1.742375e-04 9.198125e-01 -2.880556e-04 9.999987e-01 1.570666e-03 8.591954e-01 -1.737849e-04 -1.570715e-03 9.999988e-01 -4.231438e+01
9.999651e-01 4.595172e-04 8.338821e-03 9.516163e-01 -4.044955e-04 9.999781e-01 -6.598742e-03 8.775396e-01 -8.341671e-03 6.595138e-03 9.999435e-01 -4.319873e+01
9.999719e-01 4.698633e-04 7.487304e-03 9.715672e-01 -4.635242e-04 9.999995e-01 -8.483731e-04 9.040023e-01 -7.487699e-03 8.448793e-04 9.999716e-01 -4.440524e+01
9.998568e-01 4.926465e-04 1.691452e-02 1.001349e+00 -3.283371e-04 9.999527e-01 -9.715505e-03 9.400451e-01 -1.691851e-02 9.708559e-03 9.998097e-01 -4.601180e+01
9.999954e-01 7.363473e-04 2.952277e-03 1.063740e+00 -7.383626e-04 9.999995e-01 6.815672e-04 9.698226e-01 -2.951773e-03 -6.837432e-04 9.999954e-01 -4.738396e+01
9.999707e-01 9.057826e-05 7.654094e-03 1.065906e+00 -4.018954e-05 9.999783e-01 -6.583127e-03 9.919458e-01 -7.654525e-03 6.582626e-03 9.999490e-01 -4.835735e+01
9.999911e-01 7.373451e-04 4.155285e-03 1.088544e+00 -7.389387e-04 9.999997e-01 3.819588e-04 1.014144e+00 -4.155001e-03 -3.850252e-04 9.999913e-01 -4.938447e+01
9.997768e-01 3.727829e-04 2.112439e-02 1.060651e+00 -1.418204e-04 9.999402e-01 -1.093389e-02 1.053351e+00 -2.112720e-02 1.092845e-02 9.997171e-01 -5.102871e+01
9.999996e-01 7.124896e-04 4.616926e-04 1.103749e+00 -7.131695e-04 9.999987e-01 1.474083e-03 1.086087e+00 -4.606413e-04 -1.474411e-03 9.999988e-01 -5.247332e+01
9.999004e-01 2.583324e-04 1.411387e-02 1.165859e+00 -1.333545e-04 9.999608e-01 -8.855190e-03 1.110181e+00 -1.411560e-02 8.852425e-03 9.998612e-01 -5.364975e+01
9.999415e-01 3.543844e-04 -1.081040e-02 1.183161e+00 -2.964369e-04 9.999856e-01 5.361498e-03 1.123078e+00 1.081214e-02 -5.357979e-03 9.999272e-01 -5.429112e+01
9.999014e-01 3.456283e-04 1.403654e-02 1.227920e+00 -2.221618e-04 9.999613e-01 -8.796681e-03 1.134859e+00 -1.403903e-02 8.792695e-03 9.998628e-01 -5.494846e+01
9.999714e-01 5.095936e-04 -7.542814e-03 1.282953e+00 -4.775746e-04 9.999909e-01 4.246175e-03 1.148979e+00 7.544909e-03 -4.242451e-03 9.999625e-01 -5.575337e+01
9.998366e-01 6.732506e-04 1.806351e-02 1.365764e+00 -4.883221e-04 9.999474e-01 -1.024014e-02 1.167350e+00 -1.806945e-02 1.022964e-02 9.997844e-01 -5.676084e+01
9.999798e-01 3.841286e-04 -6.341596e-03 1.533077e+00 -3.634976e-04 9.999946e-01 3.254122e-03 1.183072e+00 6.342812e-03 -3.251751e-03 9.999746e-01 -5.787105e+01
9.998428e-01 1.019439e-03 1.770058e-02 1.699215e+00 -8.477126e-04 9.999525e-01 -9.706502e-03 1.199751e+00 -1.770963e-02 9.689971e-03 9.997962e-01 -5.891796e+01
9.999559e-01 -1.406790e-04 -9.387350e-03 1.750461e+00 1.835685e-04 9.999895e-01 4.568163e-03 1.217287e+00 9.386609e-03 -4.569684e-03 9.999455e-01 -5.980456e+01
9.998764e-01 1.036681e-03 1.568790e-02 1.902293e+00 -8.848655e-04 9.999527e-01 -9.681050e-03 1.227223e+00 -1.569719e-02 9.665971e-03 9.998301e-01 -6.066163e+01
9.999733e-01 2.552679e-04 -7.296939e-03 2.063748e+00 -2.250434e-04 9.999914e-01 4.142610e-03 1.241214e+00 7.297934e-03 -4.140857e-03 9.999648e-01 -6.159711e+01
9.998658e-01 7.325601e-04 1.636723e-02 2.149630e+00 -5.685916e-04 9.999496e-01 -1.002050e-02 1.256491e+00 -1.637374e-02 1.000985e-02 9.998158e-01 -6.253559e+01
9.999963e-01 5.896342e-04 -2.647466e-03 2.307989e+00 -5.832644e-04 9.999969e-01 2.406149e-03 1.274832e+00 2.648877e-03 -2.404595e-03 9.999936e-01 -6.373082e+01
9.998134e-01 7.007941e-04 1.930312e-02 2.505191e+00 -4.853106e-04 9.999375e-01 -1.116556e-02 1.295493e+00 -1.930974e-02 1.115410e-02 9.997513e-01 -6.510352e+01
9.999985e-01 8.713688e-04 1.517773e-03 2.726390e+00 -8.728051e-04 9.999992e-01 9.458704e-04 1.322150e+00 -1.516947e-03 -9.471930e-04 9.999984e-01 -6.666804e+01
9.999672e-01 3.236472e-04 8.097634e-03 2.892687e+00 -2.633057e-04 9.999722e-01 -7.451695e-03 1.337059e+00 -8.099821e-03 7.449317e-03 9.999394e-01 -6.767611e+01
9.998802e-01 7.383656e-04 -1.545979e-02 2.972347e+00 -5.906401e-04 9.999541e-01 9.557860e-03 1.319327e+00 1.546614e-02 -9.547583e-03 9.998348e-01 -6.694089e+01
9.998939e-01 -1.298150e-04 1.456663e-02 2.991986e+00 2.946093e-04 9.999360e-01 -1.131156e-02 1.319330e+00 -1.456423e-02 1.131465e-02 9.998299e-01 -6.719319e+01
9.998012e-01 5.866426e-04 -1.993234e-02 3.043662e+00 -3.857752e-04 9.999491e-01 1.007982e-02 1.309764e+00 1.993724e-02 -1.007013e-02 9.997505e-01 -6.698968e+01
9.999144e-01 4.624467e-04 1.307621e-02 3.102325e+00 -3.580208e-04 9.999680e-01 -7.987148e-03 1.290750e+00 -1.307949e-02 7.981782e-03 9.998826e-01 -6.630067e+01
9.999980e-01 4.372730e-04 -1.972352e-03 3.151168e+00 -4.330016e-04 9.999976e-01 2.165593e-03 1.310781e+00 1.973295e-03 -2.164733e-03 9.999957e-01 -6.730740e+01
9.997828e-01 7.203177e-04 2.083040e-02 3.159990e+00 -4.971361e-04 9.999424e-01 -1.071741e-02 1.341015e+00 -2.083692e-02 1.070473e-02 9.997256e-01 -6.864598e+01
9.999768e-01 2.806336e-04 -6.808841e-03 3.211955e+00 -2.566792e-04 9.999938e-01 3.518766e-03 1.365670e+00 6.809787e-03 -3.516936e-03 9.999706e-01 -6.977949e+01
9.998581e-01 5.531932e-04 1.683822e-02 3.251652e+00 -4.014288e-04 9.999593e-01 -9.015129e-03 1.385375e+00 -1.684252e-02 9.007089e-03 9.998176e-01 -7.073455e+01
9.999964e-01 4.203489e-04 -2.644785e-03 3.277532e+00 -4.151287e-04 9.999980e-01 1.974063e-03 1.410405e+00 2.645609e-03 -1.972957e-03 9.999946e-01 -7.186669e+01
9.998690e-01 4.744875e-04 1.617933e-02 3.305654e+00 -3.343015e-04 9.999624e-01 -8.666107e-03 1.434309e+00 -1.618283e-02 8.659562e-03 9.998315e-01 -7.296875e+01
9.999930e-01 3.712314e-04 -3.728640e-03 3.344473e+00 -3.628433e-04 9.999974e-01 2.250097e-03 1.456865e+00 3.729466e-03 -2.248728e-03 9.999905e-01 -7.402887e+01
9.999086e-01 3.991981e-04 1.351313e-02 3.398101e+00 -2.922245e-04 9.999686e-01 -7.917306e-03 1.476242e+00 -1.351587e-02 7.912633e-03 9.998773e-01 -7.497864e+01
9.999586e-01 2.739263e-04 -9.089980e-03 3.466686e+00 -2.382063e-04 9.999922e-01 3.930466e-03 1.488121e+00 9.090987e-03 -3.928137e-03 9.999510e-01 -7.567991e+01
9.999391e-01 4.320581e-04 1.102532e-02 3.538735e+00 -3.563446e-04 9.999763e-01 -6.868276e-03 1.497604e+00 -1.102802e-02 6.863929e-03 9.999156e-01 -7.628156e+01
9.999941e-01 3.006589e-04 -3.436354e-03 3.575578e+00 -2.929446e-04 9.999974e-01 2.245230e-03 1.514049e+00 3.437021e-03 -2.244210e-03 9.999916e-01 -7.712419e+01
9.999020e-01 5.295146e-04 1.398854e-02 3.598963e+00 -4.161741e-04 9.999671e-01 -8.104037e-03 1.535174e+00 -1.399237e-02 8.097421e-03 9.998693e-01 -7.809728e+01
9.998973e-01 4.343179e-05 -1.432812e-02 3.553220e+00 4.047348e-05 9.999829e-01 5.855657e-03 1.544117e+00 1.432812e-02 -5.855635e-03 9.998802e-01 -7.849513e+01
9.999142e-01 5.347215e-04 1.308548e-02 3.627166e+00 -4.338701e-04 9.999702e-01 -7.708738e-03 1.549040e+00 -1.308921e-02 7.702399e-03 9.998847e-01 -7.892220e+01
9.998494e-01 -1.566788e-04 -1.735173e-02 3.518932e+00 2.879885e-04 9.999713e-01 7.565297e-03 1.554194e+00 1.735004e-02 -7.569154e-03 9.998208e-01 -7.887255e+01
9.998239e-01 5.207755e-04 1.875698e-02 3.128104e+00 -3.686713e-04 9.999670e-01 -8.111743e-03 1.579742e+00 -1.876058e-02 8.103399e-03 9.997912e-01 -7.885234e+01
9.997116e-01 -6.439112e-05 -2.401508e-02 3.083186e+00 2.624977e-04 9.999660e-01 8.246205e-03 1.578093e+00 2.401373e-02 -8.250130e-03 9.996776e-01 -7.870769e+01
9.998928e-01 6.987027e-04 1.462235e-02 3.145923e+00 -6.075057e-04 9.999803e-01 -6.240323e-03 1.563974e+00 -1.462642e-02 6.230771e-03 9.998736e-01 -7.826854e+01
9.996602e-01 8.523073e-05 -2.606763e-02 3.225321e+00 1.334871e-04 9.999648e-01 8.388551e-03 1.551030e+00 2.606742e-02 -8.389179e-03 9.996250e-01 -7.793064e+01
9.997266e-01 6.824925e-04 2.337351e-02 3.309714e+00 -4.551584e-04 9.999526e-01 -9.730076e-03 1.552039e+00 -2.337905e-02 9.716776e-03 9.996795e-01 -7.828075e+01
9.997520e-01 4.301290e-05 -2.227112e-02 3.405561e+00 1.105290e-04 9.999762e-01 6.892948e-03 1.559152e+00 2.227089e-02 -6.893699e-03 9.997282e-01 -7.883028e+01
9.998156e-01 6.913476e-04 1.918934e-02 3.538974e+00 -5.371831e-04 9.999676e-01 -8.037845e-03 1.559343e+00 -1.919428e-02 8.026054e-03 9.997836e-01 -7.917802e+01
9.995925e-01 1.163940e-05 -2.854482e-02 3.632065e+00 2.411179e-04 9.999608e-01 8.851299e-03 1.551152e+00 2.854381e-02 -8.854574e-03 9.995533e-01 -7.910847e+01
9.997717e-01 7.364969e-04 2.135370e-02 3.676794e+00 -5.578891e-04 9.999648e-01 -8.368997e-03 1.545913e+00 -2.135911e-02 8.355173e-03 9.997370e-01 -7.910670e+01
9.997495e-01 8.840014e-06 -2.238151e-02 3.737474e+00 1.331912e-04 9.999799e-01 6.344423e-03 1.550883e+00 2.238112e-02 -6.345814e-03 9.997294e-01 -7.954540e+01
9.998028e-01 7.624285e-04 1.984619e-02 3.837938e+00 -6.066266e-04 9.999690e-01 -7.855303e-03 1.552108e+00 -1.985156e-02 7.841713e-03 9.997722e-01 -7.988508e+01
9.996820e-01 -1.318406e-05 -2.521891e-02 3.944674e+00 2.055561e-04 9.999709e-01 7.625515e-03 1.548922e+00 2.521808e-02 -7.628273e-03 9.996529e-01 -8.006072e+01
9.998178e-01 7.882032e-04 1.907257e-02 4.074374e+00 -6.394055e-04 9.999693e-01 -7.806491e-03 1.545223e+00 -1.907814e-02 7.792872e-03 9.997876e-01 -8.024111e+01
9.995771e-01 -1.023657e-04 -2.907839e-02 4.176764e+00 3.689346e-04 9.999580e-01 9.162040e-03 1.534732e+00 2.907623e-02 -9.168893e-03 9.995351e-01 -8.008939e+01
9.998055e-01 9.684218e-04 1.970074e-02 4.221284e+00 -8.311899e-04 9.999753e-01 -6.972812e-03 1.522022e+00 -1.970701e-02 6.955079e-03 9.997816e-01 -7.965003e+01
9.995849e-01 -1.818927e-05 -2.881189e-02 4.285039e+00 2.863457e-04 9.999567e-01 9.303051e-03 1.505885e+00 2.881047e-02 -9.307439e-03 9.995416e-01 -7.908854e+01
9.997522e-01 9.919185e-04 2.223766e-02 4.293487e+00 -8.324541e-04 9.999739e-01 -7.179022e-03 1.492990e+00 -2.224420e-02 7.158731e-03 9.997269e-01 -7.848703e+01
9.995432e-01 -4.852892e-04 -3.021778e-02 4.359963e+00 7.414732e-04 9.999639e-01 8.467302e-03 1.480560e+00 3.021257e-02 -8.485839e-03 9.995075e-01 -7.808945e+01
9.997417e-01 1.074087e-03 2.270309e-02 4.477561e+00 -9.052963e-04 9.999719e-01 -7.443679e-03 1.464698e+00 -2.271045e-02 7.421203e-03 9.997145e-01 -7.761532e+01
9.994914e-01 -1.761695e-04 -3.188886e-02 4.551382e+00 4.796602e-04 9.999547e-01 9.509743e-03 1.448402e+00 3.188574e-02 -9.520202e-03 9.994462e-01 -7.710078e+01
9.997498e-01 1.257445e-03 2.233271e-02 4.628638e+00 -1.097479e-03 9.999737e-01 -7.173694e-03 1.431995e+00 -2.234114e-02 7.147389e-03 9.997249e-01 -7.656971e+01
9.994860e-01 -3.375975e-04 -3.205717e-02 4.708290e+00 6.419049e-04 9.999548e-01 9.482831e-03 1.414837e+00 3.205252e-02 -9.498534e-03 9.994411e-01 -7.599892e+01
9.997092e-01 1.348416e-03 2.407632e-02 4.773843e+00 -1.176031e-03 9.999736e-01 -7.172659e-03 1.397390e+00 -2.408536e-02 7.142258e-03 9.996844e-01 -7.538143e+01
9.994512e-01 -3.335474e-04 -3.312292e-02 4.827731e+00 6.421008e-04 9.999565e-01 9.305207e-03 1.383687e+00 3.311838e-02 -9.321369e-03 9.994080e-01 -7.490404e+01
9.997229e-01 1.094720e-03 2.351308e-02 4.885319e+00 -9.280007e-04 9.999744e-01 -7.100235e-03 1.369131e+00 -2.352025e-02 7.076447e-03 9.996983e-01 -7.441526e+01
9.995220e-01 5.153811e-04 -3.091190e-02 4.969433e+00 -2.018432e-04 9.999485e-01 1.014522e-02 1.347709e+00 3.091554e-02 -1.013413e-02 9.994706e-01 -7.344090e+01
9.996826e-01 8.502022e-04 2.517846e-02 5.036471e+00 -6.715395e-04 9.999745e-01 -7.103456e-03 1.321449e+00 -2.518386e-02 7.084293e-03 9.996577e-01 -7.232026e+01
9.994273e-01 -8.753737e-05 -3.383750e-02 5.105735e+00 3.528478e-04 9.999692e-01 7.834832e-03 1.313864e+00 3.383578e-02 -7.842284e-03 9.993966e-01 -7.225306e+01
9.996859e-01 8.286588e-04 2.504769e-02 5.192246e+00 -6.486562e-04 9.999739e-01 -7.193666e-03 1.306848e+00 -2.505299e-02 7.175159e-03 9.996604e-01 -7.222896e+01
9.994051e-01 -1.649956e-04 -3.448790e-02 5.258837e+00 4.577519e-04 9.999639e-01 8.480948e-03 1.296834e+00 3.448526e-02 -8.491689e-03 9.993691e-01 -7.202311e+01
9.996652e-01 8.887298e-04 2.585864e-02 5.333809e+00 -6.962725e-04 9.999720e-01 -7.450715e-03 1.287268e+00 -2.586454e-02 7.430215e-03 9.996378e-01 -7.184810e+01
9.993719e-01 -1.776288e-04 -3.543741e-02 5.409765e+00 4.938209e-04 9.999601e-01 8.914000e-03 1.275952e+00 3.543442e-02 -8.925900e-03 9.993321e-01 -7.159028e+01
9.996744e-01 1.022630e-03 2.549769e-02 5.477491e+00 -8.457413e-04 9.999755e-01 -6.947267e-03 1.262321e+00 -2.550417e-02 6.923439e-03 9.996507e-01 -7.120219e+01
9.994406e-01 -2.636172e-04 -3.344173e-02 5.539340e+00 5.149202e-04 9.999717e-01 7.506266e-03 1.254418e+00 3.343880e-02 -7.519286e-03 9.994125e-01 -7.108760e+01
9.996674e-01 1.060676e-03 2.576808e-02 5.605053e+00 -8.803023e-04 9.999750e-01 -7.010214e-03 1.248012e+00 -2.577487e-02 6.985198e-03 9.996434e-01 -7.105493e+01
9.993922e-01 -3.780599e-04 -3.485683e-02 5.644075e+00 6.659132e-04 9.999658e-01 8.246924e-03 1.238641e+00 3.485251e-02 -8.265123e-03 9.993583e-01 -7.080628e+01
9.996635e-01 1.137711e-03 2.591400e-02 5.673656e+00 -9.756270e-04 9.999799e-01 -6.266462e-03 1.226785e+00 -2.592061e-02 6.239071e-03 9.996445e-01 -7.039159e+01
9.994506e-01 -4.502192e-04 -3.313945e-02 5.719727e+00 6.746219e-04 9.999769e-01 6.760597e-03 1.219945e+00 3.313564e-02 -6.779239e-03 9.994279e-01 -7.028028e+01
9.996632e-01 1.241804e-03 2.592169e-02 5.796503e+00 -1.073255e-03 9.999782e-01 -6.515143e-03 1.213851e+00 -2.592922e-02 6.485127e-03 9.996427e-01 -7.027109e+01
9.993655e-01 -6.500849e-04 -3.561081e-02 5.879598e+00 9.258957e-04 9.999697e-01 7.729204e-03 1.204135e+00 3.560470e-02 -7.757271e-03 9.993358e-01 -7.010267e+01
9.996862e-01 1.431482e-03 2.500945e-02 5.939045e+00 -1.281588e-03 9.999811e-01 -6.008527e-03 1.193384e+00 -2.501758e-02 5.974589e-03 9.996692e-01 -6.985816e+01
9.993686e-01 -5.624704e-04 -3.552587e-02 5.984496e+00 8.439077e-04 9.999684e-01 7.907541e-03 1.182582e+00 3.552030e-02 -7.932528e-03 9.993375e-01 -6.956082e+01
9.996134e-01 1.343899e-03 2.776972e-02 6.030592e+00 -1.135578e-03 9.999711e-01 -7.516159e-03 1.175648e+00 -2.777902e-02 7.481718e-03 9.995861e-01 -6.945607e+01
9.993485e-01 -8.124506e-04 -3.608326e-02 6.152995e+00 1.137123e-03 9.999590e-01 8.978249e-03 1.159219e+00 3.607448e-02 -9.013429e-03 9.993085e-01 -6.891109e+01
9.996100e-01 1.514256e-03 2.788499e-02 6.250906e+00 -1.333980e-03 9.999781e-01 -6.482437e-03 1.137945e+00 -2.789420e-02 6.442710e-03 9.995901e-01 -6.813277e+01
9.993778e-01 -6.757933e-04 -3.526508e-02 6.315693e+00 9.860915e-04 9.999609e-01 8.782373e-03 1.118021e+00 3.525777e-02 -8.811682e-03 9.993394e-01 -6.732617e+01
9.996349e-01 1.575197e-03 2.697378e-02 6.383342e+00 -1.394527e-03 9.999765e-01 -6.715498e-03 1.098775e+00 -2.698372e-02 6.675430e-03 9.996136e-01 -6.661364e+01
9.993132e-01 -6.681225e-04 -3.704954e-02 6.463967e+00 9.932870e-04 9.999611e-01 8.758768e-03 1.083960e+00 3.704225e-02 -8.789553e-03 9.992750e-01 -6.619151e+01
9.996421e-01 1.467098e-03 2.671224e-02 6.551561e+00 -1.283308e-03 9.999754e-01 -6.896198e-03 1.069056e+00 -2.672170e-02 6.859449e-03 9.996194e-01 -6.577149e+01
9.993589e-01 -7.240861e-04 -3.579413e-02 6.737056e+00 1.050448e-03 9.999580e-01 9.099773e-03 1.045685e+00 3.578604e-02 -9.131538e-03 9.993178e-01 -6.507712e+01
9.995553e-01 1.515110e-03 2.978058e-02 6.960228e+00 -1.268900e-03 9.999649e-01 -8.284628e-03 1.025589e+00 -2.979208e-02 8.243155e-03 9.995221e-01 -6.448873e+01
9.992777e-01 -5.752302e-04 -3.799724e-02 7.031567e+00 9.725747e-04 9.999450e-01 1.043954e-02 1.006318e+00 3.798914e-02 -1.046895e-02 9.992233e-01 -6.370097e+01
9.994973e-01 1.774828e-03 3.165589e-02 7.089404e+00 -1.518194e-03 9.999658e-01 -8.129179e-03 9.850871e-01 -3.166923e-02 8.077031e-03 9.994658e-01 -6.285236e+01
9.992646e-01 -1.228713e-03 -3.832545e-02 7.207432e+00 1.598393e-03 9.999525e-01 9.616677e-03 9.668183e-01 3.831181e-02 -9.670863e-03 9.992190e-01 -6.218205e+01
9.992302e-01 2.825824e-03 3.912885e-02 7.567689e+00 -2.320167e-03 9.999133e-01 -1.296224e-02 9.597774e-01 -3.916209e-02 1.286147e-02 9.991501e-01 -6.267429e+01
9.997289e-01 -1.885087e-03 -2.320520e-02 7.183987e+00 2.094048e-03 9.999575e-01 8.983911e-03 9.892575e-01 2.318728e-02 -9.030068e-03 9.996904e-01 -6.245660e+01
9.996034e-01 3.383258e-03 2.795831e-02 6.873414e+00 -3.180885e-03 9.999684e-01 -7.279702e-03 1.006260e+00 -2.798206e-02 7.187882e-03 9.995826e-01 -6.137228e+01
9.993187e-01 -1.708570e-03 -3.686681e-02 6.988273e+00 2.090471e-03 9.999445e-01 1.032288e-02 9.805198e-01 3.684713e-02 -1.039291e-02 9.992669e-01 -6.042692e+01
9.996064e-01 2.964179e-03 2.789902e-02 7.097407e+00 -2.730242e-03 9.999608e-01 -8.419488e-03 9.618966e-01 -2.792288e-02 8.340002e-03 9.995753e-01 -5.987506e+01
9.995659e-01 -2.008880e-03 -2.939468e-02 7.325406e+00 2.187496e-03 9.999793e-01 6.045577e-03 9.562599e-01 2.938193e-02 -6.107252e-03 9.995496e-01 -6.022499e+01
9.995225e-01 3.216163e-03 3.073170e-02 7.492127e+00 -2.927278e-03 9.999512e-01 -9.440591e-03 9.564506e-01 -3.076057e-02 9.346122e-03 9.994831e-01 -6.076675e+01
9.998518e-01 -2.051004e-03 -1.709594e-02 7.585044e+00 2.081007e-03 9.999963e-01 1.737403e-03 9.746392e-01 1.709231e-02 -1.772722e-03 9.998523e-01 -6.196149e+01
9.987473e-01 3.861900e-03 4.988936e-02 7.670264e+00 -3.068011e-03 9.998676e-01 -1.597978e-02 1.013404e+00 -4.994446e-02 1.580670e-02 9.986269e-01 -6.399338e+01
9.995313e-01 -2.714517e-03 -3.049136e-02 8.131758e+00 2.827196e-03 9.999893e-01 3.652963e-03 1.031045e+00 3.048112e-02 -3.737456e-03 9.995284e-01 -6.559945e+01
9.994437e-01 4.547951e-03 3.303896e-02 8.470877e+00 -4.288359e-03 9.999594e-01 -7.923760e-03 1.027850e+00 -3.307366e-02 7.777669e-03 9.994227e-01 -6.625398e+01
9.993938e-01 -3.082707e-03 -3.467753e-02 8.625310e+00 3.249925e-03 9.999834e-01 4.766760e-03 1.026540e+00 3.466226e-02 -4.876569e-03 9.993872e-01 -6.660683e+01
9.993757e-01 4.013048e-03 3.510056e-02 8.625771e+00 -3.726288e-03 9.999592e-01 -8.231279e-03 1.034003e+00 -3.513216e-02 8.095345e-03 9.993499e-01 -6.714412e+01
9.997987e-01 -2.988470e-03 -1.984099e-02 8.829632e+00 2.981255e-03 9.999955e-01 -3.932281e-04 1.053788e+00 1.984207e-02 3.339985e-04 9.998031e-01 -6.850300e+01
9.995561e-01 4.475823e-03 2.945297e-02 9.134894e+00 -4.265305e-03 9.999649e-01 -7.206540e-03 1.066212e+00 -2.948420e-02 7.077715e-03 9.995402e-01 -6.964205e+01
9.995099e-01 -3.129452e-03 -3.114876e-02 9.274300e+00 3.282788e-03 9.999827e-01 4.872788e-03 1.064225e+00 3.113297e-02 -4.972653e-03 9.995029e-01 -6.998991e+01
9.994160e-01 4.246190e-03 3.390527e-02 9.336743e+00 -3.950849e-03 9.999537e-01 -8.773013e-03 1.072077e+00 -3.394095e-02 8.633935e-03 9.993865e-01 -7.064816e+01
9.997548e-01 -3.142199e-03 -2.191908e-02 9.489943e+00 3.167209e-03 9.999944e-01 1.106427e-03 1.087745e+00 2.191548e-02 -1.175577e-03 9.997591e-01 -7.179192e+01
9.992652e-01 5.136448e-03 3.798204e-02 9.810609e+00 -4.731343e-03 9.999310e-01 -1.074791e-02 1.108623e+00 -3.803463e-02 1.056031e-02 9.992206e-01 -7.330816e+01
9.997088e-01 -3.494657e-03 -2.387756e-02 9.958179e+00 3.560051e-03 9.999900e-01 2.696735e-03 1.129580e+00 2.386790e-02 -2.780954e-03 9.997113e-01 -7.453926e+01
9.994215e-01 4.748608e-03 3.367586e-02 1.004186e+01 -4.445641e-03 9.999490e-01 -9.065747e-03 1.146820e+00 -3.371719e-02 8.910792e-03 9.993917e-01 -7.554139e+01
9.996351e-01 -3.583080e-03 -2.677271e-02 1.018125e+01 3.672292e-03 9.999879e-01 3.283796e-03 1.158437e+00 2.676062e-02 -3.380914e-03 9.996362e-01 -7.644007e+01
9.995529e-01 4.949505e-03 2.948626e-02 1.030753e+01 -4.730394e-03 9.999607e-01 -7.496053e-03 1.164956e+00 -2.952220e-02 7.353219e-03 9.995371e-01 -7.709945e+01
9.996746e-01 -3.923943e-03 -2.520437e-02 1.037134e+01 4.002314e-03 9.999873e-01 3.059763e-03 1.175446e+00 2.519204e-02 -3.159643e-03 9.996776e-01 -7.783531e+01
9.995473e-01 4.853248e-03 2.969381e-02 1.092305e+01 -4.566939e-03 9.999425e-01 -9.702258e-03 1.180091e+00 -2.973919e-02 9.562254e-03 9.995120e-01 -7.906322e+01
9.997029e-01 -3.486951e-03 -2.412188e-02 1.154537e+01 3.536501e-03 9.999917e-01 2.011803e-03 1.195705e+00 2.411467e-02 -2.096512e-03 9.997070e-01 -8.049133e+01
9.993124e-01 4.912521e-03 3.674925e-02 1.165586e+01 -4.566798e-03 9.999446e-01 -9.485640e-03 1.214248e+00 -3.679382e-02 9.311291e-03 9.992795e-01 -8.165100e+01
9.998190e-01 -3.636161e-03 -1.867235e-02 1.178806e+01 3.638888e-03 9.999934e-01 1.120920e-04 1.240567e+00 1.867182e-02 -1.800177e-04 9.998256e-01 -8.306527e+01
9.997025e-01 4.374259e-03 2.399660e-02 1.243184e+01 -4.188793e-03 9.999610e-01 -7.773676e-03 1.252862e+00 -2.402967e-02 7.670846e-03 9.996818e-01 -8.451298e+01
9.998350e-01 -3.394028e-03 -1.784531e-02 1.285234e+01 3.405530e-03 9.999940e-01 6.141902e-04 1.266187e+00 1.784312e-02 -6.748610e-04 9.998406e-01 -8.575575e+01
9.995219e-01 4.948914e-03 3.051856e-02 1.302777e+01 -4.700227e-03 9.999552e-01 -8.215081e-03 1.282975e+00 -3.055785e-02 8.067709e-03 9.995004e-01 -8.691774e+01
9.997925e-01 -4.006077e-03 -1.997471e-02 1.309343e+01 4.051014e-03 9.999894e-01 2.209732e-03 1.301929e+00 1.996565e-02 -2.290191e-03 9.997980e-01 -8.791696e+01
9.994487e-01 4.982589e-03 3.282605e-02 1.331645e+01 -4.664364e-03 9.999415e-01 -9.763715e-03 1.319658e+00 -3.287277e-02 9.605218e-03 9.994134e-01 -8.915855e+01
9.998184e-01 -3.902404e-03 -1.865151e-02 1.369243e+01 3.910820e-03 9.999923e-01 4.147544e-04 1.341230e+00 1.864975e-02 -4.876212e-04 9.998260e-01 -9.070684e+01
9.993509e-01 5.341300e-03 3.562737e-02 1.404191e+01 -4.971785e-03 9.999330e-01 -1.045222e-02 1.366127e+00 -3.568081e-02 1.026831e-02 9.993105e-01 -9.233300e+01
9.997812e-01 -4.427710e-03 -2.044280e-02 1.428968e+01 4.468316e-03 9.999881e-01 1.941061e-03 1.388158e+00 2.043397e-02 -2.031981e-03 9.997891e-01 -9.371800e+01
9.994638e-01 5.511900e-03 3.227673e-02 1.483015e+01 -5.148559e-03 9.999226e-01 -1.132937e-02 1.401469e+00 -3.233668e-02 1.115711e-02 9.994148e-01 -9.525648e+01
9.998633e-01 -3.969614e-03 -1.604985e-02 1.574360e+01 3.944384e-03 9.999909e-01 -1.603327e-03 1.422409e+00 1.605607e-02 1.539802e-03 9.998699e-01 -9.746343e+01
9.994006e-01 5.781365e-03 3.413172e-02 1.655998e+01 -5.380480e-03 9.999156e-01 -1.182539e-02 1.447785e+00 -3.419720e-02 1.163466e-02 9.993474e-01 -9.971514e+01
9.998058e-01 -4.395240e-03 -1.920970e-02 1.700301e+01 4.424381e-03 9.999891e-01 1.474765e-03 1.465318e+00 1.920301e-02 -1.559469e-03 9.998144e-01 -1.013077e+02
9.996669e-01 5.995432e-03 2.510332e-02 1.747806e+01 -5.780861e-03 9.999462e-01 -8.611344e-03 1.476435e+00 -2.515360e-02 8.463356e-03 9.996478e-01 -1.025654e+02
9.997043e-01 -4.781059e-03 -2.384212e-02 1.771386e+01 4.892036e-03 9.999775e-01 4.598494e-03 1.480714e+00 2.381960e-02 -4.713770e-03 9.997052e-01 -1.032593e+02
9.996864e-01 5.786171e-03 2.436451e-02 1.783104e+01 -5.584220e-03 9.999496e-01 -8.348629e-03 1.485700e+00 -2.441159e-02 8.209953e-03 9.996683e-01 -1.038918e+02
9.998000e-01 -4.855191e-03 -1.939827e-02 1.796345e+01 4.917010e-03 9.999830e-01 3.140388e-03 1.495517e+00 1.938270e-02 -3.235141e-03 9.998069e-01 -1.046842e+02
9.993571e-01 6.249843e-03 3.530315e-02 1.833576e+01 -5.780043e-03 9.998936e-01 -1.339402e-02 1.512298e+00 -3.538310e-02 1.318135e-02 9.992869e-01 -1.062496e+02
9.999008e-01 -4.552263e-03 -1.332559e-02 1.911116e+01 4.532558e-03 9.999886e-01 -1.508571e-03 1.539254e+00 1.333230e-02 1.448023e-03 9.999101e-01 -1.085172e+02
9.997564e-01 5.915770e-03 2.126443e-02 1.984038e+01 -5.739448e-03 9.999487e-01 -8.343361e-03 1.554964e+00 -2.131269e-02 8.219282e-03 9.997391e-01 -1.101530e+02
9.998214e-01 -4.539407e-03 -1.834751e-02 2.028623e+01 4.580910e-03 9.999870e-01 2.220657e-03 1.561172e+00 1.833719e-02 -2.304308e-03 9.998292e-01 -1.112003e+02
9.997875e-01 5.707913e-03 1.980717e-02 2.046505e+01 -5.587863e-03 9.999657e-01 -6.111027e-03 1.566693e+00 -1.984137e-02 5.999048e-03 9.997851e-01 -1.118921e+02
9.998305e-01 -4.884534e-03 -1.775222e-02 2.060896e+01 4.920570e-03 9.999859e-01 1.986853e-03 1.572106e+00 1.774227e-02 -2.073867e-03 9.998404e-01 -1.125825e+02
9.998221e-01 6.143809e-03 1.783164e-02 2.083541e+01 -6.045678e-03 9.999663e-01 -5.551882e-03 1.572818e+00 -1.786515e-02 5.443089e-03 9.998256e-01 -1.132019e+02
9.999170e-01 -4.948065e-03 -1.189334e-02 2.109450e+01 4.946610e-03 9.999878e-01 -1.518072e-04 1.580012e+00 1.189394e-02 9.296350e-05 9.999293e-01 -1.141562e+02
9.997859e-01 6.152530e-03 1.975605e-02 2.140037e+01 -6.023987e-03 9.999603e-01 -6.559431e-03 1.588690e+00 -1.979563e-02 6.439015e-03 9.997833e-01 -1.152430e+02
9.999151e-01 -4.874076e-03 -1.208383e-02 2.162915e+01 4.876404e-03 9.999881e-01 1.632467e-04 1.601056e+00 1.208289e-02 -2.221579e-04 9.999270e-01 -1.162803e+02
9.998048e-01 5.963469e-03 1.883777e-02 2.174101e+01 -5.856886e-03 9.999666e-01 -5.708047e-03 1.613817e+00 -1.887118e-02 5.596601e-03 9.998063e-01 -1.171563e+02
9.999722e-01 -4.561467e-03 -5.903666e-03 2.190534e+01 4.549719e-03 9.999876e-01 -2.001717e-03 1.631940e+00 5.912724e-03 1.974802e-03 9.999806e-01 -1.183329e+02
9.998943e-01 5.586382e-03 1.342320e-02 2.200223e+01 -5.534497e-03 9.999771e-01 -3.899374e-03 1.646049e+00 -1.344467e-02 3.824670e-03 9.999023e-01 -1.192188e+02
9.998971e-01 -4.838986e-03 -1.350787e-02 2.205381e+01 4.851185e-03 9.999879e-01 8.704569e-04 1.651712e+00 1.350349e-02 -9.358959e-04 9.999084e-01 -1.197378e+02
9.998187e-01 5.609031e-03 1.819403e-02 2.218874e+01 -5.512660e-03 9.999705e-01 -5.342681e-03 1.661206e+00 -1.822346e-02 5.241414e-03 9.998202e-01 -1.204918e+02
9.996826e-01 -4.495481e-03 -2.478980e-02 2.237507e+01 4.607411e-03 9.999794e-01 4.459910e-03 1.654322e+00 2.476924e-02 -4.572710e-03 9.996827e-01 -1.206458e+02
9.997084e-01 5.489869e-03 2.351677e-02 2.246925e+01 -5.333952e-03 9.999634e-01 -6.687622e-03 1.656322e+00 -2.355263e-02 6.560233e-03 9.997011e-01 -1.211062e+02
9.998366e-01 -4.544374e-03 -1.749830e-02 2.250202e+01 4.575876e-03 9.999880e-01 1.760704e-03 1.670449e+00 1.749009e-02 -1.840485e-03 9.998453e-01 -1.219047e+02
9.997312e-01 5.451067e-03 2.253637e-02 2.260633e+01 -5.299240e-03 9.999629e-01 -6.791214e-03 1.681969e+00 -2.257255e-02 6.669962e-03 9.997230e-01 -1.227240e+02
9.998230e-01 -4.429156e-03 -1.828362e-02 2.270687e+01 4.470293e-03 9.999876e-01 2.209686e-03 1.692724e+00 1.827360e-02 -2.291028e-03 9.998304e-01 -1.235078e+02
9.997044e-01 5.338615e-03 2.371946e-02 2.286635e+01 -5.161284e-03 9.999583e-01 -7.531089e-03 1.703547e+00 -2.375867e-02 7.406439e-03 9.996903e-01 -1.244043e+02
9.998469e-01 -4.270117e-03 -1.697104e-02 2.298866e+01 4.301877e-03 9.999891e-01 1.835389e-03 1.716828e+00 1.696302e-02 -1.908114e-03 9.998543e-01 -1.252760e+02
9.998258e-01 5.251896e-03 1.791331e-02 2.307915e+01 -5.154864e-03 9.999718e-01 -5.458606e-03 1.723315e+00 -1.794148e-02 5.365313e-03 9.998246e-01 -1.258675e+02
9.998295e-01 -4.318414e-03 -1.795301e-02 2.315537e+01 4.363733e-03 9.999874e-01 2.485877e-03 1.728663e+00 1.794205e-02 -2.563795e-03 9.998357e-01 -1.264210e+02
9.997921e-01 5.231162e-03 1.970944e-02 2.319996e+01 -5.112298e-03 9.999685e-01 -6.076375e-03 1.737224e+00 -1.974061e-02 5.974350e-03 9.997873e-01 -1.270365e+02
9.998803e-01 -4.336757e-03 -1.485467e-02 2.322632e+01 4.361859e-03 9.999891e-01 1.657847e-03 1.750496e+00 1.484732e-02 -1.722441e-03 9.998883e-01 -1.277886e+02
9.996785e-01 5.374124e-03 2.477996e-02 2.328844e+01 -5.181881e-03 9.999560e-01 -7.815688e-03 1.769610e+00 -2.482088e-02 7.684767e-03 9.996624e-01 -1.287910e+02
9.998595e-01 -4.490749e-03 -1.615207e-02 2.335348e+01 4.525300e-03 9.999875e-01 2.103162e-03 1.786768e+00 1.614242e-02 -2.175959e-03 9.998673e-01 -1.297316e+02
9.996959e-01 5.447020e-03 2.405090e-02 2.344393e+01 -5.265249e-03 9.999571e-01 -7.614620e-03 1.802695e+00 -2.409135e-02 7.485670e-03 9.996817e-01 -1.306585e+02
9.998408e-01 -4.725126e-03 -1.720850e-02 2.360223e+01 4.761313e-03 9.999865e-01 2.062518e-03 1.815903e+00 1.719852e-02 -2.144124e-03 9.998498e-01 -1.316008e+02
9.996723e-01 5.685283e-03 2.496016e-02 2.369898e+01 -5.491637e-03 9.999543e-01 -7.819913e-03 1.831349e+00 -2.500348e-02 7.680278e-03 9.996579e-01 -1.325386e+02
9.998779e-01 -4.690509e-03 -1.490546e-02 2.376418e+01 4.711665e-03 9.999879e-01 1.384545e-03 1.848817e+00 1.489879e-02 -1.454605e-03 9.998879e-01 -1.335612e+02
9.997111e-01 5.832496e-03 2.331767e-02 2.384844e+01 -5.655506e-03 9.999548e-01 -7.649123e-03 1.864412e+00 -2.336123e-02 7.515039e-03 9.996988e-01 -1.344754e+02
9.998875e-01 -4.800073e-03 -1.420944e-02 2.388260e+01 4.827749e-03 9.999865e-01 1.914054e-03 1.881915e+00 1.420006e-02 -1.982437e-03 9.998972e-01 -1.354183e+02
9.996191e-01 6.063983e-03 2.692222e-02 2.395401e+01 -5.818495e-03 9.999409e-01 -9.187378e-03 1.902482e+00 -2.697634e-02 9.027232e-03 9.995953e-01 -1.365285e+02
9.998129e-01 -4.962347e-03 -1.869604e-02 2.402315e+01 5.026758e-03 9.999816e-01 3.399733e-03 1.918675e+00 1.867882e-02 -3.493077e-03 9.998194e-01 -1.374476e+02
9.995926e-01 6.098488e-03 2.788402e-02 2.413197e+01 -5.834958e-03 9.999376e-01 -9.522522e-03 1.934175e+00 -2.794036e-02 9.355939e-03 9.995658e-01 -1.384488e+02
