9.999498e-01 3.761742e-04 -1.001662e-02 1.389217e-01 -3.738473e-04 9.999999e-01 2.341767e-04 -1.388925e-02 1.001671e-02 -2.304209e-04 9.999498e-01 2.433576e-01
9.999999e-01 4.909504e-05 -3.396733e-04 1.868449e-01 -4.911446e-05 1.000000e+00 -5.727426e-05 -2.744327e-02 3.396708e-04 5.729165e-05 9.999999e-01 6.527464e-01
9.999667e-01 1.514218e-03 -8.024540e-03 2.441196e-01 -1.507492e-03 9.999985e-01 8.441513e-04 -2.797497e-02 8.025805e-03 -8.320269e-04 9.999674e-01 3.320946e-01
9.999938e-01 -1.438393e-03 -3.205051e-03 3.446617e-01 1.438568e-03 9.999990e-01 5.228031e-05 -3.410195e-02 3.204973e-03 -5.688996e-05 9.999949e-01 2.721907e-01
9.999987e-01 1.008512e-03 -1.248458e-03 3.420418e-01 -1.009478e-03 9.999992e-01 -7.731878e-04 -5.444913e-02 1.247677e-03 7.744464e-04 9.999989e-01 1.281629e+00
9.999734e-01 -1.621632e-03 -7.114759e-03 1.092890e-01 1.613526e-03 9.999980e-01 -1.144923e-03 -6.642980e-02 7.116602e-03 1.133413e-03 9.999740e-01 2.649122e+00
9.999507e-01 2.659751e-03 -9.568185e-03 -6.269652e-01 -2.651823e-03 9.999961e-01 8.412021e-04 -2.782432e-02 9.570385e-03 -8.157882e-04 9.999539e-01 3.543693e+00
9.999837e-01 -3.089246e-03 4.804955e-03 -8.273025e-01 3.100424e-03 9.999925e-01 -2.320647e-03 -3.993464e-02 -4.797750e-03 2.335507e-03 9.999858e-01 4.807708e+00
9.999787e-01 2.234696e-03 -6.125827e-03 -8.684140e-01 -2.231895e-03 9.999974e-01 4.640666e-04 -6.859943e-02 6.126847e-03 -4.503853e-04 9.999811e-01 6.412426e+00
9.999748e-01 -3.179451e-03 6.349815e-03 -9.175035e-01 3.195412e-03 9.999918e-01 -2.504961e-03 -9.888275e-02 -6.341798e-03 2.525189e-03 9.999767e-01 8.160579e+00
9.999385e-01 2.441637e-03 -1.081591e-02 -9.281902e-01 -2.432435e-03 9.999967e-01 8.638805e-04 -1.261408e-01 1.081798e-02 -8.375191e-04 9.999411e-01 9.496993e+00
9.999952e-01 -2.367088e-03 2.009734e-03 -8.937833e-01 2.369624e-03 9.999964e-01 -1.259953e-03 -1.432681e-01 -2.006744e-03 1.264710e-03 9.999972e-01 1.013270e+01
9.999210e-01 2.452057e-03 -1.232759e-02 -8.474562e-01 -2.436029e-03 9.999962e-01 1.314975e-03 -1.578254e-01 1.233077e-02 -1.284841e-03 9.999231e-01 1.057265e+01
9.999962e-01 -2.076633e-03 1.797076e-03 -8.026123e-01 2.078926e-03 9.999970e-01 -1.274955e-03 -1.701502e-01 -1.794423e-03 1.278687e-03 9.999976e-01 1.090178e+01
9.999211e-01 2.543536e-03 -1.230302e-02 -7.629207e-01 -2.520953e-03 9.999951e-01 1.850739e-03 -1.776180e-01 1.230766e-02 -1.819578e-03 9.999226e-01 1.101655e+01
9.999965e-01 -2.106047e-03 1.614053e-03 -7.124286e-01 2.108195e-03 9.999969e-01 -1.330232e-03 -1.847710e-01 -1.611246e-03 1.333631e-03 9.999978e-01 1.106512e+01
9.999190e-01 2.389891e-03 -1.250517e-02 -6.973874e-01 -2.367985e-03 9.999956e-01 1.766270e-03 -1.920160e-01 1.250934e-02 -1.736516e-03 9.999202e-01 1.118566e+01
9.999971e-01 -2.183272e-03 1.024602e-03 -6.899657e-01 2.184594e-03 9.999968e-01 -1.290747e-03 -1.993194e-01 -1.021781e-03 1.292983e-03 9.999986e-01 1.132892e+01
9.999023e-01 2.527563e-03 -1.374442e-02 -7.463855e-01 -2.504071e-03 9.999954e-01 1.726159e-03 -2.002171e-01 1.374872e-02 -1.691574e-03 9.999041e-01 1.145552e+01
9.999954e-01 -1.768739e-03 2.451242e-03 -7.694724e-01 1.771534e-03 9.999978e-01 -1.138856e-03 -1.987356e-01 -2.449222e-03 1.143194e-03 9.999963e-01 1.133584e+01
9.999074e-01 2.746065e-03 -1.332556e-02 -7.036172e-01 -2.721437e-03 9.999946e-01 1.866035e-03 -1.999864e-01 1.333062e-02 -1.829598e-03 9.999095e-01 1.111745e+01
9.999960e-01 -2.401248e-03 1.465804e-03 -6.876718e-01 2.402995e-03 9.999964e-01 -1.191040e-03 -2.039894e-01 -1.462938e-03 1.194558e-03 9.999982e-01 1.108731e+01
9.999424e-01 2.142019e-03 -1.051505e-02 -6.974544e-01 -2.130093e-03 9.999971e-01 1.145276e-03 -2.146842e-01 1.051747e-02 -1.122813e-03 9.999441e-01 1.150765e+01
9.999967e-01 -2.338987e-03 1.088744e-03 -7.047114e-01 2.340353e-03 9.999965e-01 -1.255533e-03 -2.261001e-01 -1.085803e-03 1.258077e-03 9.999986e-01 1.196251e+01
9.999188e-01 2.604862e-03 -1.247061e-02 -7.022595e-01 -2.581388e-03 9.999949e-01 1.898059e-03 -2.326058e-01 1.247549e-02 -1.865714e-03 9.999204e-01 1.210436e+01
9.999972e-01 -2.261746e-03 7.068253e-04 -6.630304e-01 2.262628e-03 9.999967e-01 -1.249098e-03 -2.381940e-01 -7.039975e-04 1.250694e-03 9.999990e-01 1.210088e+01
9.999411e-01 3.186570e-03 -1.037668e-02 -6.094968e-01 -3.166172e-03 9.999930e-01 1.981540e-03 -2.412551e-01 1.038292e-02 -1.948569e-03 9.999442e-01 1.191201e+01
9.999939e-01 -2.445483e-03 -2.477733e-03 -6.035841e-01 2.442555e-03 9.999963e-01 -1.184124e-03 -2.411079e-01 2.480620e-03 1.178066e-03 9.999962e-01 1.176026e+01
9.999386e-01 3.101377e-03 -1.064243e-02 -8.167032e-01 -3.082583e-03 9.999937e-01 1.781957e-03 -2.257950e-01 1.064789e-02 -1.749042e-03 9.999418e-01 1.185386e+01
9.999934e-01 -3.043929e-03 -1.966193e-03 -9.087123e-01 3.041624e-03 9.999947e-01 -1.174096e-03 -2.241015e-01 1.969757e-03 1.168109e-03 9.999974e-01 1.205596e+01
9.999360e-01 3.226905e-03 -1.084476e-02 -1.055313e+00 -3.208393e-03 9.999934e-01 1.723996e-03 -2.166556e-01 1.085025e-02 -1.689092e-03 9.999397e-01 1.222482e+01
9.999938e-01 -3.245113e-03 -1.399217e-03 -1.124815e+00 3.243361e-03 9.999940e-01 -1.252945e-03 -2.176714e-01 1.403274e-03 1.248400e-03 9.999982e-01 1.239406e+01
9.999249e-01 3.861273e-03 -1.163283e-02 -1.218101e+00 -3.841528e-03 9.999911e-01 1.719223e-03 -2.153206e-01 1.163936e-02 -1.674407e-03 9.999309e-01 1.234568e+01
9.999947e-01 -2.901408e-03 -1.506047e-03 -1.309534e+00 2.899623e-03 9.999951e-01 -1.186151e-03 -2.106644e-01 1.509481e-03 1.181779e-03 9.999982e-01 1.220013e+01
9.998843e-01 4.011758e-03 -1.467257e-02 -1.547885e+00 -3.984771e-03 9.999903e-01 1.868034e-03 -1.951917e-01 1.467992e-02 -1.809352e-03 9.998906e-01 1.216867e+01
9.999947e-01 -2.776550e-03 -1.693419e-03 -1.919020e+00 2.774277e-03 9.999952e-01 -1.343413e-03 -1.677541e-01 1.697141e-03 1.338709e-03 9.999977e-01 1.217574e+01
9.999180e-01 2.808777e-03 -1.249570e-02 -2.140305e+00 -2.785459e-03 9.999943e-01 1.883138e-03 -1.577876e-01 1.250092e-02 -1.848178e-03 9.999202e-01 1.237318e+01
9.999903e-01 -3.051329e-03 3.191735e-03 -2.183109e+00 3.057672e-03 9.999934e-01 -1.984256e-03 -1.664750e-01 -3.185659e-03 1.993997e-03 9.999929e-01 1.284376e+01
9.998861e-01 2.942832e-03 -1.480319e-02 -2.208086e+00 -2.908103e-03 9.999930e-01 2.367021e-03 -1.737195e-01 1.481005e-02 -2.323703e-03 9.998876e-01 1.315949e+01
9.999966e-01 -2.611246e-03 9.952484e-05 -2.348093e+00 2.611431e-03 9.999948e-01 -1.896471e-03 -1.703393e-01 -9.457186e-05 1.896725e-03 9.999982e-01 1.320451e+01
9.998937e-01 3.658175e-03 -1.411651e-02 -2.570298e+00 -3.624268e-03 9.999905e-01 2.426809e-03 -1.580176e-01 1.412525e-02 -2.375389e-03 9.998974e-01 1.311902e+01
9.999950e-01 -2.310615e-03 -2.181731e-03 -2.807904e+00 2.306993e-03 9.999960e-01 -1.661055e-03 -1.445746e-01 2.185560e-03 1.656014e-03 9.999962e-01 1.303405e+01
9.999230e-01 2.734077e-03 -1.210784e-02 -2.970551e+00 -2.706866e-03 9.999938e-01 2.263199e-03 -1.390917e-01 1.211395e-02 -2.230251e-03 9.999241e-01 1.310447e+01
9.999902e-01 -3.159296e-03 3.116628e-03 -3.021620e+00 3.166883e-03 9.999920e-01 -2.432413e-03 -1.477338e-01 -3.108918e-03 2.442260e-03 9.999922e-01 1.361637e+01
9.998519e-01 3.290351e-03 -1.689256e-02 -3.161804e+00 -3.236348e-03 9.999896e-01 3.223228e-03 -1.407586e-01 1.690299e-02 -3.168081e-03 9.998521e-01 1.377353e+01
9.999803e-01 -2.086758e-03 5.925219e-03 -3.131859e+00 2.101150e-03 9.999949e-01 -2.423597e-03 -1.399102e-01 -5.920131e-03 2.436000e-03 9.999795e-01 1.352853e+01
9.998509e-01 2.397302e-03 -1.710100e-02 -3.229992e+00 -2.350070e-03 9.999934e-01 2.781516e-03 -1.380257e-01 1.710755e-02 -2.740913e-03 9.998499e-01 1.360259e+01
9.999747e-01 -2.824150e-03 6.527440e-03 -3.283279e+00 2.841224e-03 9.999926e-01 -2.607931e-03 -1.435467e-01 -6.520026e-03 2.626412e-03 9.999753e-01 1.403730e+01
9.998639e-01 2.698177e-03 -1.627589e-02 -3.285277e+00 -2.654219e-03 9.999928e-01 2.721801e-03 -1.535437e-01 1.628312e-02 -2.678232e-03 9.998638e-01 1.441687e+01
9.999689e-01 -2.932065e-03 7.327456e-03 -3.309421e+00 2.952102e-03 9.999919e-01 -2.725243e-03 -1.624553e-01 -7.319406e-03 2.746790e-03 9.999694e-01 1.485218e+01
9.998193e-01 2.827725e-03 -1.879887e-02 -3.314171e+00 -2.767991e-03 9.999910e-01 3.202755e-03 -1.703463e-01 1.880776e-02 -3.150142e-03 9.998182e-01 1.508789e+01
9.999875e-01 -1.791154e-03 4.677221e-03 -3.422544e+00 1.802496e-03 9.999954e-01 -2.421817e-03 -1.677145e-01 -4.672862e-03 2.430218e-03 9.999861e-01 1.500725e+01
9.998193e-01 2.566248e-03 -1.883703e-02 -3.571786e+00 -2.509768e-03 9.999923e-01 3.021397e-03 -1.628241e-01 1.884464e-02 -2.973575e-03 9.998180e-01 1.498823e+01
9.999814e-01 -2.129891e-03 5.708904e-03 -3.669290e+00 2.144189e-03 9.999946e-01 -2.499595e-03 -1.615678e-01 -5.703549e-03 2.511790e-03 9.999806e-01 1.501141e+01
9.998188e-01 3.101229e-03 -1.878174e-02 -3.747139e+00 -3.044178e-03 9.999907e-01 3.065418e-03 -1.585102e-01 1.879107e-02 -3.007688e-03 9.998189e-01 1.489542e+01
9.999850e-01 -1.228698e-03 5.334915e-03 -3.927218e+00 1.242539e-03 9.999959e-01 -2.591692e-03 -1.454024e-01 -5.331708e-03 2.598283e-03 9.999824e-01 1.464416e+01
9.998204e-01 2.419964e-03 -1.879846e-02 -4.104323e+00 -2.362326e-03 9.999924e-01 3.087722e-03 -1.347397e-01 1.880579e-02 -3.042760e-03 9.998185e-01 1.451547e+01
9.999717e-01 -2.180362e-03 7.201756e-03 -4.135333e+00 2.199351e-03 9.999941e-01 -2.629844e-03 -1.400210e-01 -7.195979e-03 2.645610e-03 9.999706e-01 1.472895e+01
9.998007e-01 3.414163e-03 -1.967179e-02 -4.242007e+00 -3.353188e-03 9.999895e-01 3.131783e-03 -1.340595e-01 1.968228e-02 -3.065196e-03 9.998016e-01 1.457032e+01
9.999816e-01 -2.161576e-03 5.671351e-03 -4.381792e+00 2.175949e-03 9.999944e-01 -2.529361e-03 -1.243235e-01 -5.665852e-03 2.541656e-03 9.999807e-01 1.444470e+01
9.997992e-01 3.279130e-03 -1.976938e-02 -4.575680e+00 -3.218771e-03 9.999901e-01 3.084188e-03 -1.119797e-01 1.977929e-02 -3.019937e-03 9.997998e-01 1.434256e+01
9.999698e-01 -1.711834e-03 7.582697e-03 -4.730085e+00 1.732177e-03 9.999949e-01 -2.677089e-03 -1.003606e-01 -7.578075e-03 2.690143e-03 9.999677e-01 1.409330e+01
9.997886e-01 2.411397e-03 -2.042048e-02 -4.856604e+00 -2.344709e-03 9.999918e-01 3.289063e-03 -9.474566e-02 2.042825e-02 -3.240488e-03 9.997861e-01 1.405326e+01
9.999568e-01 -2.258572e-03 9.011870e-03 -4.939390e+00 2.284490e-03 9.999933e-01 -2.866709e-03 -9.684103e-02 -9.005334e-03 2.887174e-03 9.999553e-01 1.436028e+01
9.998331e-01 2.227293e-03 -1.813349e-02 -4.983700e+00 -2.173714e-03 9.999932e-01 2.973882e-03 -1.038403e-01 1.813999e-02 -2.933969e-03 9.998312e-01 1.478542e+01
9.999703e-01 -2.316002e-03 7.352584e-03 -5.009973e+00 2.336229e-03 9.999935e-01 -2.743605e-03 -1.119415e-01 -7.346182e-03 2.760702e-03 9.999692e-01 1.515309e+01
9.997918e-01 2.534121e-03 -2.024762e-02 -5.065267e+00 -2.465984e-03 9.999912e-01 3.389482e-03 -1.141686e-01 2.025603e-02 -3.338847e-03 9.997893e-01 1.522225e+01
9.999595e-01 -2.163364e-03 8.734791e-03 -5.100546e+00 2.187773e-03 9.999937e-01 -2.785856e-03 -1.169475e-01 -8.728709e-03 2.804854e-03 9.999580e-01 1.523796e+01
9.997793e-01 2.509884e-03 -2.085631e-02 -5.125105e+00 -2.437962e-03 9.999910e-01 3.473173e-03 -1.200689e-01 2.086484e-02 -3.421560e-03 9.997765e-01 1.525864e+01
9.999476e-01 -1.339801e-03 1.014616e-02 -5.172475e+00 1.368973e-03 9.999949e-01 -2.868718e-03 -1.168782e-01 -1.014227e-02 2.882458e-03 9.999444e-01 1.505225e+01
9.998223e-01 1.321311e-03 -1.880599e-02 -5.179082e+00 -1.264033e-03 9.999945e-01 3.057345e-03 -1.277465e-01 1.880993e-02 -3.033031e-03 9.998185e-01 1.544666e+01
9.999246e-01 -1.589994e-03 1.218024e-02 -5.197621e+00 1.634495e-03 9.999920e-01 -3.644394e-03 -1.456891e-01 -1.217435e-02 3.664028e-03 9.999192e-01 1.634809e+01
9.998016e-01 9.721414e-04 -1.989302e-02 -5.246964e+00 -9.041003e-04 9.999937e-01 3.429071e-03 -1.610146e-01 1.989623e-02 -3.410407e-03 9.997962e-01 1.722293e+01
9.998866e-01 -1.202473e-03 1.500902e-02 -5.269372e+00 1.268340e-03 9.999896e-01 -4.379710e-03 -1.814651e-01 -1.500360e-02 4.398250e-03 9.998778e-01 1.831410e+01
9.996760e-01 1.083529e-03 -2.542981e-02 -5.277601e+00 -9.702289e-04 9.999896e-01 4.467329e-03 -1.958066e-01 2.543439e-02 -4.441210e-03 9.996666e-01 1.893071e+01
9.998806e-01 -7.726375e-04 1.543135e-02 -5.278694e+00 8.364786e-04 9.999911e-01 -4.131059e-03 -2.040682e-01 -1.542802e-02 4.143474e-03 9.998724e-01 1.917099e+01
9.997108e-01 8.599901e-04 -2.403468e-02 -5.249011e+00 -7.627341e-04 9.999915e-01 4.055375e-03 -2.192549e-01 2.403796e-02 -4.035871e-03 9.997029e-01 1.973032e+01
9.998494e-01 -8.727448e-04 1.733235e-02 -5.246111e+00 9.508187e-04 9.999894e-01 -4.496767e-03 -2.355852e-01 -1.732824e-02 4.512571e-03 9.998397e-01 2.046113e+01
9.997474e-01 6.087725e-04 -2.246813e-02 -5.247862e+00 -5.235266e-04 9.999926e-01 3.799780e-03 -2.559524e-01 2.247027e-02 -3.787058e-03 9.997403e-01 2.146584e+01
9.998389e-01 -7.602237e-04 1.793195e-02 -5.236781e+00 8.456891e-04 9.999883e-01 -4.758979e-03 -2.780003e-01 -1.792812e-02 4.773378e-03 9.998279e-01 2.250371e+01
9.996977e-01 5.767007e-04 -2.457818e-02 -5.219614e+00 -4.874405e-04 9.999933e-01 3.637533e-03 -3.015548e-01 2.458012e-02 -3.624454e-03 9.996913e-01 2.358095e+01
9.998377e-01 -7.365804e-04 1.800312e-02 -5.184176e+00 8.164239e-04 9.999899e-01 -4.428020e-03 -3.248302e-01 -1.799968e-02 4.442000e-03 9.998281e-01 2.461867e+01
9.996735e-01 5.345182e-04 -2.554772e-02 -5.227800e+00 -4.258394e-04 9.999908e-01 4.259215e-03 -3.346471e-01 2.554976e-02 -4.246946e-03 9.996645e-01 2.520973e+01
9.999013e-01 -3.785873e-04 1.404274e-02 -5.277295e+00 4.338025e-04 9.999922e-01 -3.929080e-03 -3.402988e-01 -1.404114e-02 3.934785e-03 9.998937e-01 2.549084e+01
9.996639e-01 1.343315e-03 -2.588913e-02 -5.297699e+00 -1.228631e-03 9.999894e-01 4.445238e-03 -3.394995e-01 2.589483e-02 -4.411937e-03 9.996549e-01 2.533081e+01
9.998618e-01 -1.162329e-03 1.658434e-02 -5.327509e+00 1.229485e-03 9.999911e-01 -4.039728e-03 -3.459224e-01 -1.657950e-02 4.059560e-03 9.998543e-01 2.558539e+01
9.995675e-01 1.372471e-03 -2.937427e-02 -5.438119e+00 -1.242638e-03 9.999894e-01 4.437767e-03 -3.449895e-01 2.938005e-02 -4.399347e-03 9.995586e-01 2.581301e+01
9.998417e-01 -1.133543e-03 1.775659e-02 -5.537818e+00 1.201391e-03 9.999920e-01 -3.810765e-03 -3.440934e-01 -1.775213e-02 3.831495e-03 9.998351e-01 2.602256e+01
9.995937e-01 1.429489e-03 -2.846809e-02 -5.559015e+00 -1.309763e-03 9.999902e-01 4.223834e-03 -3.507099e-01 2.847385e-02 -4.184832e-03 9.995858e-01 2.623632e+01
9.998555e-01 -8.831441e-04 1.697789e-02 -5.608865e+00 9.460397e-04 9.999927e-01 -3.696868e-03 -3.523788e-01 -1.697450e-02 3.712396e-03 9.998490e-01 2.622707e+01
9.996463e-01 1.061998e-03 -2.657413e-02 -5.596181e+00 -9.559298e-04 9.999915e-01 4.003807e-03 -3.628122e-01 2.657816e-02 -3.976989e-03 9.996388e-01 2.655424e+01
9.998667e-01 -1.781515e-04 1.632513e-02 -5.592496e+00 2.296862e-04 9.999950e-01 -3.154923e-03 -3.636521e-01 -1.632449e-02 3.158253e-03 9.998618e-01 2.640998e+01
9.996410e-01 1.641839e-03 -2.674293e-02 -5.573127e+00 -1.537358e-03 9.999911e-01 3.926996e-03 -3.595142e-01 2.674914e-02 -3.884474e-03 9.996346e-01 2.606185e+01
9.998710e-01 -1.182119e-03 1.601603e-02 -5.619235e+00 1.237756e-03 9.999932e-01 -3.464324e-03 -3.619405e-01 -1.601182e-02 3.483701e-03 9.998657e-01 2.606869e+01
9.995979e-01 1.709553e-03 -2.830562e-02 -5.685724e+00 -1.596694e-03 9.999907e-01 4.009287e-03 -3.623936e-01 2.831221e-02 -3.962480e-03 9.995913e-01 2.605143e+01
9.998663e-01 -1.259883e-03 1.630240e-02 -5.726993e+00 1.316371e-03 9.999932e-01 -3.454727e-03 -3.646462e-01 -1.629794e-02 3.475726e-03 9.998611e-01 2.605095e+01
9.995881e-01 2.041435e-03 -2.862684e-02 -5.775778e+00 -1.926036e-03 9.999899e-01 4.058164e-03 -3.649398e-01 2.863483e-02 -4.001357e-03 9.995819e-01 2.596206e+01
9.998505e-01 -1.679693e-03 1.720716e-02 -5.787768e+00 1.738495e-03 9.999927e-01 -3.402899e-03 -3.696009e-01 -1.720132e-02 3.432305e-03 9.998462e-01 2.598984e+01
9.996194e-01 1.790107e-03 -2.753018e-02 -5.753428e+00 -1.686919e-03 9.999915e-01 3.770951e-03 -3.805957e-01 2.753670e-02 -3.723075e-03 9.996139e-01 2.626323e+01
9.998547e-01 -1.450244e-03 1.698582e-02 -5.713081e+00 1.511204e-03 9.999925e-01 -3.576557e-03 -3.936878e-01 -1.698050e-02 3.601707e-03 9.998493e-01 2.665162e+01
9.996354e-01 2.008383e-03 -2.692793e-02 -5.682452e+00 -1.899303e-03 9.999899e-01 4.075782e-03 -4.012284e-01 2.693584e-02 -4.023152e-03 9.996291e-01 2.679370e+01
9.998623e-01 -1.625479e-03 1.651619e-02 -5.652576e+00 1.685452e-03 9.999920e-01 -3.617879e-03 -4.091663e-01 -1.651018e-02 3.645219e-03 9.998571e-01 2.693015e+01
9.996845e-01 2.144502e-03 -2.502450e-02 -5.577656e+00 -2.053583e-03 9.999912e-01 3.658341e-03 -4.279824e-01 2.503213e-02 -3.605798e-03 9.996801e-01 2.758224e+01
9.998692e-01 -1.431535e-03 1.611158e-02 -5.523496e+00 1.490988e-03 9.999921e-01 -3.678683e-03 -4.428361e-01 -1.610619e-02 3.702225e-03 9.998634e-01 2.807726e+01
9.996891e-01 1.537181e-03 -2.488589e-02 -5.476140e+00 -1.445090e-03 9.999920e-01 3.718110e-03 -4.583979e-01 2.489141e-02 -3.680993e-03 9.996834e-01 2.858919e+01
9.998989e-01 -1.107729e-03 1.417538e-02 -5.464720e+00 1.157902e-03 9.999931e-01 -3.531670e-03 -4.694608e-01 -1.417137e-02 3.547727e-03 9.998933e-01 2.895732e+01
9.996534e-01 2.264552e-03 -2.622829e-02 -5.521182e+00 -2.163285e-03 9.999901e-01 3.888702e-03 -4.655429e-01 2.623683e-02 -3.830616e-03 9.996484e-01 2.875658e+01
9.998885e-01 -1.946848e-03 1.480665e-02 -5.554128e+00 1.995541e-03 9.999926e-01 -3.274515e-03 -4.708385e-01 -1.480017e-02 3.303698e-03 9.998850e-01 2.889823e+01
9.996998e-01 2.291119e-03 -2.439343e-02 -5.521667e+00 -2.209629e-03 9.999919e-01 3.367109e-03 -4.831365e-01 2.440095e-02 -3.312198e-03 9.996968e-01 2.926612e+01
9.999009e-01 -1.695958e-03 1.397472e-02 -5.466521e+00 1.737953e-03 9.999940e-01 -2.993470e-03 -4.933034e-01 -1.396956e-02 3.017461e-03 9.998979e-01 2.952153e+01
9.996678e-01 2.135233e-03 -2.568649e-02 -5.465596e+00 -2.044097e-03 9.999915e-01 3.573748e-03 -4.967186e-01 2.569390e-02 -3.520055e-03 9.996637e-01 2.947576e+01
9.999006e-01 -1.796370e-03 1.398363e-02 -5.470001e+00 1.838009e-03 9.999939e-01 -2.965368e-03 -5.010519e-01 -1.397821e-02 2.990776e-03 9.998978e-01 2.946292e+01
9.997507e-01 1.889345e-03 -2.224946e-02 -5.478872e+00 -1.817802e-03 9.999931e-01 3.235315e-03 -5.114471e-01 2.225542e-02 -3.194064e-03 9.997472e-01 2.996156e+01
9.999246e-01 -1.381977e-03 1.220127e-02 -5.499568e+00 1.416042e-03 9.999951e-01 -2.783711e-03 -5.161610e-01 -1.219736e-02 2.800780e-03 9.999217e-01 3.017312e+01
9.997653e-01 1.683282e-03 -2.159674e-02 -5.519574e+00 -1.608506e-03 9.999927e-01 3.479324e-03 -5.226075e-01 2.160243e-02 -3.443770e-03 9.997607e-01 3.047720e+01
9.999386e-01 -1.439169e-03 1.098955e-02 -5.536515e+00 1.475990e-03 9.999933e-01 -3.343081e-03 -5.321988e-01 -1.098467e-02 3.359096e-03 9.999340e-01 3.091619e+01
9.997324e-01 1.829230e-03 -2.305998e-02 -5.519147e+00 -1.733823e-03 9.999899e-01 4.156698e-03 -5.362153e-01 2.306735e-02 -4.115605e-03 9.997254e-01 3.088363e+01
9.998981e-01 -4.452591e-04 1.427187e-02 -5.484250e+00 4.952430e-04 9.999938e-01 -3.498898e-03 -5.357329e-01 -1.427022e-02 3.505610e-03 9.998920e-01 3.058011e+01
9.996961e-01 2.031934e-03 -2.456944e-02 -5.376275e+00 -1.924492e-03 9.999885e-01 4.395878e-03 -5.334294e-01 2.457809e-02 -4.347259e-03 9.996885e-01 3.014752e+01
9.999036e-01 -7.142713e-04 1.386298e-02 -5.286144e+00 7.638566e-04 9.999933e-01 -3.571814e-03 -5.326363e-01 -1.386033e-02 3.582060e-03 9.998975e-01 2.979341e+01
9.996736e-01 2.042328e-03 -2.546443e-02 -5.283346e+00 -1.932465e-03 9.999887e-01 4.338262e-03 -5.292189e-01 2.547301e-02 -4.287638e-03 9.996663e-01 2.950974e+01
9.999098e-01 -1.507818e-03 1.334824e-02 -5.282096e+00 1.554891e-03 9.999926e-01 -3.516796e-03 -5.318180e-01 -1.334284e-02 3.537234e-03 9.999047e-01 2.946445e+01
9.997044e-01 1.959622e-03 -2.423405e-02 -5.254425e+00 -1.861501e-03 9.999900e-01 4.070786e-03 -5.386822e-01 2.424178e-02 -4.024472e-03 9.996980e-01 2.955592e+01
9.999034e-01 -6.037811e-04 1.388667e-02 -5.182939e+00 6.521901e-04 9.999937e-01 -3.481701e-03 -5.381472e-01 -1.388448e-02 3.490422e-03 9.998975e-01 2.924210e+01
9.996978e-01 9.370354e-04 -2.456429e-02 -5.254642e+00 -8.356571e-04 9.999911e-01 4.137020e-03 -5.373251e-01 2.456795e-02 -4.115243e-03 9.996897e-01 2.932736e+01
9.999195e-01 -4.916208e-04 1.267984e-02 -5.375327e+00 5.384038e-04 9.999931e-01 -3.686371e-03 -5.324878e-01 -1.267794e-02 3.692902e-03 9.999128e-01 2.945808e+01
9.997709e-01 3.460303e-04 -2.140165e-02 -5.445550e+00 -2.658841e-04 9.999929e-01 3.747614e-03 -5.383513e-01 2.140279e-02 -3.741065e-03 9.997639e-01 2.986211e+01
9.999478e-01 -3.232019e-04 1.021530e-02 -5.460208e+00 3.590191e-04 9.999938e-01 -3.504545e-03 -5.480973e-01 -1.021410e-02 3.508030e-03 9.999417e-01 3.028417e+01
9.997660e-01 7.583056e-04 -2.162030e-02 -5.415837e+00 -6.716425e-04 9.999917e-01 4.015418e-03 -5.551525e-01 2.162316e-02 -3.999957e-03 9.997582e-01 3.035047e+01
9.999507e-01 -3.043922e-04 9.924539e-03 -5.404018e+00 3.387093e-04 9.999940e-01 -3.456256e-03 -5.594985e-01 -9.923427e-03 3.459448e-03 9.999448e-01 3.031538e+01
9.998134e-01 1.822450e-03 -1.922941e-02 -5.390088e+00 -1.740277e-03 9.999893e-01 4.289162e-03 -5.588162e-01 1.923702e-02 -4.254897e-03 9.998059e-01 3.003648e+01
9.999682e-01 -1.504498e-03 7.830409e-03 -5.368898e+00 1.530352e-03 9.999934e-01 -3.296767e-03 -5.617239e-01 -7.825397e-03 3.308646e-03 9.999639e-01 2.998768e+01
9.998410e-01 2.266283e-03 -1.768491e-02 -5.269812e+00 -2.211890e-03 9.999928e-01 3.094658e-03 -5.736846e-01 1.769180e-02 -3.055050e-03 9.998388e-01 3.013909e+01
9.998609e-01 -3.054767e-03 1.639637e-02 -5.305378e+00 3.128918e-03 9.999850e-01 -4.498594e-03 -5.904305e-01 -1.638239e-02 4.549272e-03 9.998555e-01 3.102106e+01
9.997425e-01 2.247099e-03 -2.258237e-02 -5.420786e+00 -2.174198e-03 9.999923e-01 3.252293e-03 -6.064327e-01 2.258951e-02 -3.202358e-03 9.997397e-01 3.225822e+01
9.999179e-01 -2.371115e-03 1.259363e-02 -5.397686e+00 2.410012e-03 9.999924e-01 -3.074259e-03 -6.180376e-01 -1.258624e-02 3.104357e-03 9.999160e-01 3.259875e+01
9.998173e-01 2.063078e-03 -1.900524e-02 -5.394231e+00 -2.012366e-03 9.999944e-01 2.687078e-03 -6.326450e-01 1.901068e-02 -2.648342e-03 9.998158e-01 3.321237e+01
9.999527e-01 -1.784895e-03 9.558373e-03 -5.352948e+00 1.814403e-03 9.999936e-01 -3.079324e-03 -6.470272e-01 -9.552815e-03 3.096521e-03 9.999496e-01 3.366643e+01
9.998418e-01 1.978361e-03 -1.767529e-02 -5.251266e+00 -1.931068e-03 9.999945e-01 2.692376e-03 -6.649815e-01 1.768052e-02 -2.657819e-03 9.998402e-01 3.418311e+01
9.999155e-01 -1.936714e-03 1.285670e-02 -5.206723e+00 1.985072e-03 9.999910e-01 -3.749564e-03 -6.887419e-01 -1.284932e-02 3.774769e-03 9.999103e-01 3.521255e+01
9.998416e-01 1.679289e-03 -1.771733e-02 -5.168751e+00 -1.628888e-03 9.999946e-01 2.858824e-03 -7.122944e-01 1.772203e-02 -2.829512e-03 9.998389e-01 3.621551e+01
9.999224e-01 -1.843415e-03 1.231962e-02 -5.145872e+00 1.890800e-03 9.999909e-01 -3.835726e-03 -7.347709e-01 -1.231243e-02 3.858723e-03 9.999168e-01 3.719965e+01
9.998862e-01 1.083974e-03 -1.504597e-02 -5.154886e+00 -1.044041e-03 9.999959e-01 2.661709e-03 -7.610784e-01 1.504879e-02 -2.645698e-03 9.998833e-01 3.855018e+01
9.999206e-01 -1.464873e-03 1.251681e-02 -5.135209e+00 1.520276e-03 9.999891e-01 -4.417888e-03 -7.909994e-01 -1.251020e-02 4.436566e-03 9.999119e-01 3.998436e+01
9.997584e-01 1.903416e-03 -2.189879e-02 -5.083315e+00 -1.818770e-03 9.999908e-01 3.884593e-03 -8.105904e-01 2.190599e-02 -3.843826e-03 9.997526e-01 4.070772e+01
9.999271e-01 -1.590722e-03 1.197245e-02 -5.027904e+00 1.635186e-03 9.999918e-01 -3.704952e-03 -8.248134e-01 -1.196646e-02 3.724260e-03 9.999215e-01 4.111833e+01
9.997441e-01 1.929868e-03 -2.253810e-02 -4.978236e+00 -1.843462e-03 9.999909e-01 3.853959e-03 -8.378489e-01 2.254533e-02 -3.811425e-03 9.997386e-01 4.147886e+01
9.999370e-01 -1.342722e-03 1.114737e-02 -4.911641e+00 1.382202e-03 9.999928e-01 -3.534663e-03 -8.503773e-01 -1.114254e-02 3.549849e-03 9.999316e-01 4.175774e+01
9.997743e-01 1.739392e-03 -2.117346e-02 -4.843067e+00 -1.663945e-03 9.999922e-01 3.580378e-03 -8.650372e-01 2.117952e-02 -3.544339e-03 9.997694e-01 4.215050e+01
9.999137e-01 -1.774134e-03 1.301953e-02 -4.793893e+00 1.824714e-03 9.999908e-01 -3.874104e-03 -8.838749e-01 -1.301254e-02 3.897527e-03 9.999077e-01 4.282226e+01
9.997363e-01 2.298225e-03 -2.284689e-02 -4.761191e+00 -2.220643e-03 9.999917e-01 3.420550e-03 -8.991533e-01 2.285456e-02 -3.368914e-03 9.997331e-01 4.336148e+01
9.998889e-01 -2.727948e-03 1.465599e-02 -4.722797e+00 2.776318e-03 9.999908e-01 -3.280995e-03 -9.150458e-01 -1.464690e-02 3.321321e-03 9.998872e-01 4.391717e+01
9.997693e-01 3.021534e-03 -2.126608e-02 -4.674872e+00 -2.974747e-03 9.999931e-01 2.231398e-03 -9.389348e-01 2.127268e-02 -2.167622e-03 9.997714e-01 4.490289e+01
9.999313e-01 -2.659502e-03 1.141390e-02 -4.618128e+00 2.684813e-03 9.999940e-01 -2.202783e-03 -9.546548e-01 -1.140797e-02 2.233276e-03 9.999324e-01 4.539656e+01
9.997573e-01 3.080663e-03 -2.181215e-02 -4.565646e+00 -3.029857e-03 9.999926e-01 2.361924e-03 -9.684073e-01 2.181927e-02 -2.295264e-03 9.997593e-01 4.579357e+01
9.999065e-01 -3.205678e-03 1.329278e-02 -4.547498e+00 3.238585e-03 9.999917e-01 -2.454781e-03 -9.821332e-01 -1.328480e-02 2.497601e-03 9.999086e-01 4.630134e+01
9.997476e-01 3.138861e-03 -2.224768e-02 -4.512574e+00 -3.089766e-03 9.999927e-01 2.240762e-03 -9.987037e-01 2.225456e-02 -2.171457e-03 9.997500e-01 4.689506e+01
9.998364e-01 -3.689359e-03 1.770571e-02 -4.491135e+00 3.745239e-03 9.999881e-01 -3.123886e-03 -1.021626e+00 -1.769397e-02 3.189688e-03 9.998384e-01 4.788864e+01
9.996981e-01 3.693821e-03 -2.428965e-02 -4.462628e+00 -3.646783e-03 9.999914e-01 1.980570e-03 -1.046156e+00 2.429675e-02 -1.891393e-03 9.997030e-01 4.895884e+01
9.998751e-01 -3.424545e-03 1.542837e-02 -4.407933e+00 3.458389e-03 9.999917e-01 -2.167440e-03 -1.063822e+00 -1.542081e-02 2.220528e-03 9.998786e-01 4.957028e+01
9.996712e-01 4.044854e-03 -2.532125e-02 -4.345093e+00 -3.992747e-03 9.999898e-01 2.108069e-03 -1.080028e+00 2.532952e-02 -2.006275e-03 9.996771e-01 5.008156e+01
9.998454e-01 -3.956005e-03 1.713227e-02 -4.308913e+00 3.995352e-03 9.999895e-01 -2.262975e-03 -1.095096e+00 -1.712313e-02 2.331075e-03 9.998507e-01 5.058951e+01
9.996272e-01 3.956757e-03 -2.701343e-02 -4.280758e+00 -3.895421e-03 9.999897e-01 2.322861e-03 -1.108564e+00 2.702235e-02 -2.216766e-03 9.996324e-01 5.102490e+01
9.998668e-01 -3.598655e-03 1.591915e-02 -4.238851e+00 3.629783e-03 9.999916e-01 -1.926882e-03 -1.119118e+00 -1.591208e-02 1.984409e-03 9.998714e-01 5.126422e+01
9.996258e-01 3.912444e-03 -2.707395e-02 -4.199539e+00 -3.845411e-03 9.999894e-01 2.527559e-03 -1.127926e+00 2.708356e-02 -2.422503e-03 9.996302e-01 5.140976e+01
9.998662e-01 -3.497175e-03 1.598238e-02 -4.149271e+00 3.529983e-03 9.999917e-01 -2.024982e-03 -1.136054e+00 -1.597517e-02 2.081129e-03 9.998702e-01 5.151284e+01
9.996038e-01 3.883289e-03 -2.787641e-02 -4.089370e+00 -3.809518e-03 9.999891e-01 2.698996e-03 -1.144524e+00 2.788658e-02 -2.591732e-03 9.996077e-01 5.160999e+01
9.998541e-01 -3.450614e-03 1.672879e-02 -4.038593e+00 3.489285e-03 9.999913e-01 -2.282966e-03 -1.155343e+00 -1.672077e-02 2.341005e-03 9.998575e-01 5.183948e+01
9.996023e-01 3.816142e-03 -2.794228e-02 -3.993747e+00 -3.736866e-03 9.999888e-01 2.888812e-03 -1.164574e+00 2.795299e-02 -2.783247e-03 9.996054e-01 5.199173e+01
9.998403e-01 -3.640499e-03 1.749879e-02 -3.954808e+00 3.685375e-03 9.999900e-01 -2.532937e-03 -1.175471e+00 -1.748939e-02 2.597023e-03 9.998437e-01 5.225540e+01
9.996247e-01 3.669520e-03 -2.714645e-02 -3.929915e+00 -3.598914e-03 9.999900e-01 2.649332e-03 -1.188666e+00 2.715591e-02 -2.550641e-03 9.996280e-01 5.269137e+01
9.998409e-01 -3.620806e-03 1.746360e-02 -3.902207e+00 3.666373e-03 9.999900e-01 -2.577925e-03 -1.202000e+00 -1.745409e-02 2.641543e-03 9.998442e-01 5.312589e+01
9.995852e-01 3.815776e-03 -2.854457e-02 -3.915432e+00 -3.736902e-03 9.999891e-01 2.816022e-03 -1.208823e+00 2.855500e-02 -2.708186e-03 9.995886e-01 5.338727e+01
9.998239e-01 -2.862988e-03 1.854479e-02 -3.933089e+00 2.901500e-03 9.999937e-01 -2.050136e-03 -1.208262e+00 -1.853880e-02 2.103583e-03 9.998259e-01 5.322989e+01
9.995624e-01 3.563572e-03 -2.936386e-02 -3.817789e+00 -3.484788e-03 9.999902e-01 2.733770e-03 -1.211958e+00 2.937331e-02 -2.630247e-03 9.995651e-01 5.305156e+01
9.998411e-01 -3.006367e-03 1.756922e-02 -3.733256e+00 3.048089e-03 9.999926e-01 -2.348407e-03 -1.221211e+00 -1.756203e-02 2.401587e-03 9.998429e-01 5.316041e+01
9.995722e-01 3.376409e-03 -2.905105e-02 -3.679438e+00 -3.293147e-03 9.999903e-01 2.913437e-03 -1.231000e+00 2.906061e-02 -2.816521e-03 9.995737e-01 5.333169e+01
9.998220e-01 -3.153475e-03 1.859907e-02 -3.633637e+00 3.203929e-03 9.999913e-01 -2.683497e-03 -1.243393e+00 -1.859045e-02 2.742610e-03 9.998234e-01 5.365734e+01
9.995736e-01 3.866606e-03 -2.894400e-02 -3.563459e+00 -3.769838e-03 9.999871e-01 3.397126e-03 -1.251655e+00 2.895676e-02 -3.286563e-03 9.995753e-01 5.370279e+01
9.998306e-01 -3.449020e-03 1.807819e-02 -3.484910e+00 3.502963e-03 9.999895e-01 -2.953037e-03 -1.262153e+00 -1.806781e-02 3.015864e-03 9.998322e-01 5.389569e+01
9.997112e-01 4.275505e-03 -2.364918e-02 -3.325051e+00 -4.234895e-03 9.999895e-01 1.767044e-03 -1.284640e+00 2.365649e-02 -1.666382e-03 9.997188e-01 5.453808e+01
9.999059e-01 -2.665110e-03 1.345826e-02 -3.134240e+00 2.699760e-03 9.999931e-01 -2.557011e-03 -1.303337e+00 -1.345136e-02 2.593105e-03 9.999062e-01 5.498079e+01
9.996998e-01 3.198480e-03 -2.429132e-02 -3.068804e+00 -3.123711e-03 9.999903e-01 3.115379e-03 -1.312828e+00 2.430104e-02 -3.038565e-03 9.997001e-01 5.512333e+01
9.998895e-01 -3.023176e-03 1.455568e-02 -3.020465e+00 3.067560e-03 9.999907e-01 -3.027809e-03 -1.326618e+00 -1.454639e-02 3.072125e-03 9.998895e-01 5.550849e+01
9.997035e-01 3.047106e-03 -2.415881e-02 -2.987750e+00 -2.976093e-03 9.999911e-01 2.974864e-03 -1.341341e+00 2.416766e-02 -2.902084e-03 9.997037e-01 5.600237e+01
9.998904e-01 -2.825753e-03 1.453071e-02 -2.936407e+00 2.871880e-03 9.999909e-01 -3.154523e-03 -1.355389e+00 -1.452167e-02 3.195908e-03 9.998894e-01 5.640506e+01
9.996576e-01 3.407841e-03 -2.594400e-02 -2.873132e+00 -3.319864e-03 9.999886e-01 3.433367e-03 -1.367647e+00 2.595541e-02 -3.346061e-03 9.996575e-01 5.667506e+01
9.998795e-01 -2.929847e-03 1.524710e-02 -2.829660e+00 2.973721e-03 9.999915e-01 -2.855627e-03 -1.374879e+00 -1.523860e-02 2.900624e-03 9.998797e-01 5.674123e+01
9.996553e-01 3.930633e-03 -2.595751e-02 -2.759339e+00 -3.835542e-03 9.999858e-01 3.712133e-03 -1.376539e+00 2.597173e-02 -3.611293e-03 9.996562e-01 5.651931e+01
9.998685e-01 -2.574438e-03 1.601003e-02 -2.671325e+00 2.618708e-03 9.999928e-01 -2.744723e-03 -1.375364e+00 -1.600285e-02 2.786288e-03 9.998681e-01 5.618354e+01
9.996304e-01 3.788180e-03 -2.692226e-02 -2.616836e+00 -3.691435e-03 9.999866e-01 3.642319e-03 -1.374384e+00 2.693569e-02 -3.541592e-03 9.996309e-01 5.591645e+01
9.998764e-01 -2.788534e-03 1.547573e-02 -2.577905e+00 2.832067e-03 9.999921e-01 -2.791750e-03 -1.374478e+00 -1.546782e-02 2.835233e-03 9.998763e-01 5.571888e+01
9.996260e-01 3.703631e-03 -2.709464e-02 -2.552148e+00 -3.606186e-03 9.999869e-01 3.644475e-03 -1.374702e+00 2.710778e-02 -3.545404e-03 9.996262e-01 5.556003e+01
9.998590e-01 -2.389635e-03 1.661943e-02 -2.494202e+00 2.435888e-03 9.999932e-01 -2.763331e-03 -1.373656e+00 -1.661271e-02 2.803425e-03 9.998581e-01 5.528019e+01
9.996050e-01 3.265499e-03 -2.791224e-02 -2.450343e+00 -3.164307e-03 9.999883e-01 3.668797e-03 -1.374467e+00 2.792390e-02 -3.579026e-03 9.996036e-01 5.509630e+01
9.998674e-01 -2.624561e-03 1.607269e-02 -2.447937e+00 2.672252e-03 9.999921e-01 -2.946454e-03 -1.377870e+00 -1.606483e-02 2.989014e-03 9.998665e-01 5.503896e+01
9.996776e-01 4.450761e-03 -2.499939e-02 -2.413362e+00 -4.359721e-03 9.999837e-01 3.695019e-03 -1.376599e+00 2.501543e-02 -3.584838e-03 9.996806e-01 5.467412e+01
9.998875e-01 -4.093748e-03 1.442826e-02 -2.407201e+00 4.132837e-03 9.999879e-01 -2.680352e-03 -1.378772e+00 -1.441712e-02 2.739680e-03 9.998923e-01 5.461093e+01
9.996471e-01 4.500380e-03 -2.617964e-02 -2.417307e+00 -4.413502e-03 9.999846e-01 3.375386e-03 -1.383084e+00 2.619442e-02 -3.258651e-03 9.996516e-01 5.463250e+01
9.998780e-01 -4.115110e-03 1.507053e-02 -2.387505e+00 4.160957e-03 9.999868e-01 -3.012000e-03 -1.393393e+00 -1.505794e-02 3.074341e-03 9.998819e-01 5.488584e+01
9.996266e-01 5.130265e-03 -2.684064e-02 -2.439857e+00 -5.034488e-03 9.999807e-01 3.634721e-03 -1.392434e+00 2.685877e-02 -3.498235e-03 9.996331e-01 5.474323e+01
9.998931e-01 -3.523160e-03 1.418981e-02 -2.556358e+00 3.567251e-03 9.999889e-01 -3.083126e-03 -1.385914e+00 -1.417879e-02 3.133416e-03 9.998946e-01 5.453350e+01
9.996440e-01 4.835397e-03 -2.624078e-02 -2.647166e+00 -4.739996e-03 9.999819e-01 3.696630e-03 -1.379734e+00 2.625818e-02 -3.570933e-03 9.996488e-01 5.430161e+01
9.998748e-01 -3.966950e-03 1.531771e-02 -2.612508e+00 4.013216e-03 9.999875e-01 -2.990845e-03 -1.381571e+00 -1.530565e-02 3.051944e-03 9.998782e-01 5.412996e+01
9.996269e-01 4.608178e-03 -2.692357e-02 -2.580374e+00 -4.509998e-03 9.999830e-01 3.706222e-03 -1.384637e+00 2.694019e-02 -3.583414e-03 9.996306e-01 5.401758e+01
9.998754e-01 -4.190984e-03 1.522037e-02 -2.526648e+00 4.239552e-03 9.999860e-01 -3.160086e-03 -1.392444e+00 -1.520692e-02 3.224220e-03 9.998792e-01 5.407390e+01
9.996405e-01 4.838998e-03 -2.637050e-02 -2.465886e+00 -4.737655e-03 9.999812e-01 3.904205e-03 -1.398215e+00 2.638890e-02 -3.777868e-03 9.996446e-01 5.401561e+01
9.998665e-01 -3.681166e-03 1.591955e-02 -2.394359e+00 3.730373e-03 9.999884e-01 -3.062353e-03 -1.399491e+00 -1.590809e-02 3.121331e-03 9.998686e-01 5.376845e+01
9.996315e-01 4.758271e-03 -2.672318e-02 -2.299884e+00 -4.651945e-03 9.999810e-01 4.039586e-03 -1.400211e+00 2.674189e-02 -3.913783e-03 9.996347e-01 5.349830e+01
9.998674e-01 -4.067599e-03 1.576829e-02 -2.209772e+00 4.119093e-03 9.999863e-01 -3.234546e-03 -1.404367e+00 -1.575491e-02 3.299069e-03 9.998704e-01 5.335122e+01
9.996564e-01 5.134197e-03 -2.570581e-02 -2.148976e+00 -5.032798e-03 9.999793e-01 4.007762e-03 -1.406010e+00 2.572586e-02 -3.877013e-03 9.996615e-01 5.311900e+01
9.998902e-01 -4.045330e-03 1.425341e-02 -2.095636e+00 4.091695e-03 9.999864e-01 -3.225244e-03 -1.406056e+00 -1.424017e-02 3.283211e-03 9.998932e-01 5.287493e+01
9.996741e-01 4.796008e-03 -2.507344e-02 -2.050422e+00 -4.695198e-03 9.999807e-01 4.077951e-03 -1.409052e+00 2.509251e-02 -3.958898e-03 9.996773e-01 5.272316e+01
9.998907e-01 -3.829867e-03 1.428043e-02 -1.988919e+00 3.877911e-03 9.999869e-01 -3.338158e-03 -1.411174e+00 -1.426746e-02 3.393171e-03 9.998925e-01 5.252058e+01
9.996560e-01 4.486005e-03 -2.584250e-02 -1.926071e+00 -4.379469e-03 9.999817e-01 4.177661e-03 -1.414364e+00 2.586077e-02 -4.063047e-03 9.996573e-01 5.237917e+01
9.998841e-01 -3.906422e-03 1.471502e-02 -1.875394e+00 3.957001e-03 9.999864e-01 -3.409649e-03 -1.419058e+00 -1.470150e-02 3.467481e-03 9.998859e-01 5.229493e+01
9.996535e-01 4.611720e-03 -2.591599e-02 -1.779733e+00 -4.505216e-03 9.999812e-01 4.166500e-03 -1.423245e+00 2.593471e-02 -4.048300e-03 9.996554e-01 5.213863e+01
9.998613e-01 -3.391368e-03 1.630590e-02 -1.666698e+00 3.446331e-03 9.999885e-01 -3.343746e-03 -1.423900e+00 -1.629437e-02 3.399478e-03 9.998615e-01 5.181646e+01
9.996120e-01 4.159740e-03 -2.754135e-02 -1.570119e+00 -4.042597e-03 9.999826e-01 4.307678e-03 -1.425348e+00 2.755879e-02 -4.194668e-03 9.996114e-01 5.159488e+01
9.998577e-01 -3.798161e-03 1.643397e-02 -1.546856e+00 3.861362e-03 9.999853e-01 -3.815689e-03 -1.433703e+00 -1.641923e-02 3.878604e-03 9.998577e-01 5.177403e+01
9.996484e-01 3.911889e-03 -2.622645e-02 -1.542601e+00 -3.805903e-03 9.999844e-01 4.089887e-03 -1.443684e+00 2.624204e-02 -3.988634e-03 9.996477e-01 5.213823e+01
9.998845e-01 -2.994346e-03 1.490353e-02 -1.569131e+00 3.042947e-03 9.999901e-01 -3.239358e-03 -1.443250e+00 -1.489368e-02 3.284335e-03 9.998837e-01 5.199948e+01
9.996620e-01 4.151955e-03 -2.566412e-02 -1.653413e+00 -4.050682e-03 9.999838e-01 3.996844e-03 -1.436053e+00 2.568030e-02 -3.891537e-03 9.996626e-01 5.174467e+01
9.998769e-01 -2.860630e-03 1.542830e-02 -1.725276e+00 2.915046e-03 9.999896e-01 -3.505646e-03 -1.430345e+00 -1.541811e-02 3.550188e-03 9.998748e-01 5.145423e+01
9.996364e-01 4.104789e-03 -2.665147e-02 -1.699348e+00 -3.989230e-03 9.999824e-01 4.387700e-03 -1.427408e+00 2.666901e-02 -4.279786e-03 9.996352e-01 5.116532e+01
9.998720e-01 -2.634295e-03 1.578423e-02 -1.696405e+00 2.691475e-03 9.999899e-01 -3.602393e-03 -1.423978e+00 -1.577458e-02 3.644415e-03 9.998689e-01 5.087801e+01
9.996567e-01 4.363311e-03 -2.583640e-02 -1.651956e+00 -4.247106e-03 9.999806e-01 4.550894e-03 -1.419201e+00 2.585575e-02 -4.439602e-03 9.996558e-01 5.048467e+01
9.998751e-01 -2.871905e-03 1.554446e-02 -1.577539e+00 2.927677e-03 9.999894e-01 -3.566233e-03 -1.416246e+00 -1.553406e-02 3.611297e-03 9.998728e-01 5.011785e+01
9.996140e-01 3.382705e-03 -2.757409e-02 -1.555776e+00 -3.263007e-03 9.999851e-01 4.384846e-03 -1.419235e+00 2.758852e-02 -4.293179e-03 9.996101e-01 5.004424e+01
9.998571e-01 -2.403646e-03 1.673426e-02 -1.530264e+00 2.463122e-03 9.999907e-01 -3.534412e-03 -1.420641e+00 -1.672561e-02 3.575125e-03 9.998537e-01 4.986741e+01
9.996184e-01 3.567232e-03 -2.739244e-02 -1.453218e+00 -3.445309e-03 9.999840e-01 4.496874e-03 -1.420119e+00 2.740804e-02 -4.400783e-03 9.996146e-01 4.958342e+01
9.998772e-01 -2.993572e-03 1.537991e-02 -1.411044e+00 3.051095e-03 9.999884e-01 -3.717987e-03 -1.423685e+00 -1.536860e-02 3.764456e-03 9.998748e-01 4.949566e+01
9.996410e-01 3.510758e-03 -2.656395e-02 -1.363768e+00 -3.394679e-03 9.999845e-01 4.413690e-03 -1.432241e+00 2.657903e-02 -4.321929e-03 9.996374e-01 4.961955e+01
9.998248e-01 -3.336338e-03 1.841626e-02 -1.312127e+00 3.419045e-03 9.999842e-01 -4.461280e-03 -1.450449e+00 -1.840108e-02 4.523464e-03 9.998205e-01 5.026661e+01
9.995927e-01 3.890331e-03 -2.827135e-02 -1.268948e+00 -3.766016e-03 9.999830e-01 4.449129e-03 -1.465420e+00 2.828817e-02 -4.340846e-03 9.995904e-01 5.079451e+01
9.998332e-01 -2.617138e-03 1.807493e-02 -1.159514e+00 2.680943e-03 9.999903e-01 -3.506637e-03 -1.465644e+00 -1.806558e-02 3.554510e-03 9.998305e-01 5.048743e+01
9.995774e-01 3.624750e-03 -2.884185e-02 -1.044700e+00 -3.497935e-03 9.999840e-01 4.446172e-03 -1.467934e+00 2.885750e-02 -4.343406e-03 9.995741e-01 5.025159e+01
9.998060e-01 -2.026840e-03 1.959262e-02 -9.755533e-01 2.096712e-03 9.999915e-01 -3.546312e-03 -1.466515e+00 -1.958527e-02 3.586704e-03 9.998018e-01 4.990011e+01
9.996152e-01 4.398166e-03 -2.738781e-02 -9.056793e-01 -4.275489e-03 9.999806e-01 4.536249e-03 -1.460332e+00 2.740722e-02 -4.417407e-03 9.996146e-01 4.933705e+01
9.998444e-01 -2.812074e-03 1.741315e-02 -7.709293e-01 2.873238e-03 9.999898e-01 -3.488450e-03 -1.459711e+00 -1.740316e-02 3.537940e-03 9.998423e-01 4.890457e+01
9.996190e-01 3.964650e-03 -2.731718e-02 -6.478950e-01 -3.849068e-03 9.999834e-01 4.282409e-03 -1.460240e+00 2.733370e-02 -4.175631e-03 9.996176e-01 4.853067e+01
9.998420e-01 -2.025276e-03 1.765846e-02 -5.839890e-01 2.081270e-03 9.999929e-01 -3.153125e-03 -1.454285e+00 -1.765195e-02 3.189379e-03 9.998391e-01 4.805025e+01
9.995981e-01 3.520352e-03 -2.812936e-02 -4.876945e-01 -3.402725e-03 9.999853e-01 4.228429e-03 -1.451271e+00 2.814384e-02 -4.131014e-03 9.995953e-01 4.765232e+01
9.998302e-01 -2.131317e-03 1.830130e-02 -4.103454e-01 2.192643e-03 9.999920e-01 -3.331459e-03 -1.450787e+00 -1.829405e-02 3.371022e-03 9.998270e-01 4.733441e+01
9.995724e-01 3.120293e-03 -2.907344e-02 -3.201377e-01 -2.997708e-03 9.999864e-01 4.259045e-03 -1.451635e+00 2.908633e-02 -4.170071e-03 9.995682e-01 4.708274e+01
9.998515e-01 -2.311202e-03 1.707980e-02 -2.783097e-01 2.372299e-03 9.999909e-01 -3.557685e-03 -1.454696e+00 -1.707143e-02 3.597675e-03 9.998478e-01 4.695486e+01
9.996387e-01 4.485049e-03 -2.650256e-02 -2.846617e-01 -4.368796e-03 9.999806e-01 4.442793e-03 -1.446940e+00 2.652197e-02 -4.325404e-03 9.996389e-01 4.651000e+01
9.998679e-01 -2.399341e-03 1.607304e-02 -2.651479e-01 2.452503e-03 9.999916e-01 -3.288598e-03 -1.436842e+00 -1.606501e-02 3.327583e-03 9.998654e-01 4.597320e+01
