9.999906e-01 2.924392e-03 -3.209776e-03 1.502020e-01 -2.931340e-03 9.999934e-01 -2.162053e-03 1.623727e-02 3.203432e-03 2.171441e-03 9.999925e-01 -9.917363e-01
9.999993e-01 -3.175848e-04 -1.180819e-03 2.967250e-01 3.182273e-04 9.999998e-01 5.439529e-04 2.837298e-02 1.180647e-03 -5.443275e-04 9.999992e-01 -1.774240e+00
9.999926e-01 3.136114e-03 -2.209651e-03 4.821317e-01 -3.141863e-03 9.999917e-01 -2.603138e-03 3.987575e-02 2.201469e-03 2.610061e-03 9.999942e-01 -2.636171e+00
9.999934e-01 -7.142204e-04 -3.566072e-03 6.026059e-01 7.203607e-04 9.999983e-01 1.720889e-03 4.262679e-02 3.564837e-03 -1.723445e-03 9.999922e-01 -3.018119e+00
9.999910e-01 2.834466e-03 -3.141608e-03 7.419935e-01 -2.843769e-03 9.999916e-01 -2.960735e-03 3.912480e-02 3.133189e-03 2.969641e-03 9.999907e-01 -3.173875e+00
9.999952e-01 -6.716369e-04 -3.040445e-03 8.742001e-01 6.761129e-04 9.999987e-01 1.471346e-03 3.925331e-02 3.039453e-03 -1.473394e-03 9.999943e-01 -3.490587e+00
9.999923e-01 2.708193e-03 -2.835131e-03 9.697332e-01 -2.714868e-03 9.999935e-01 -2.353106e-03 3.842923e-02 2.828740e-03 2.360785e-03 9.999932e-01 -3.681440e+00
9.999920e-01 -1.056026e-03 -3.852895e-03 1.056431e+00 1.063169e-03 9.999977e-01 1.852530e-03 3.361053e-02 3.850930e-03 -1.856611e-03 9.999909e-01 -3.673755e+00
9.999946e-01 2.512473e-03 -2.096752e-03 1.106695e+00 -2.517775e-03 9.999936e-01 -2.530047e-03 2.162769e-02 2.090382e-03 2.535312e-03 9.999946e-01 -3.257125e+00
9.999930e-01 -1.075941e-03 -3.586057e-03 1.171712e+00 1.081760e-03 9.999981e-01 1.621358e-03 7.243167e-03 3.584306e-03 -1.625225e-03 9.999923e-01 -2.761342e+00
9.999930e-01 2.675584e-03 -2.598782e-03 1.266558e+00 -2.682845e-03 9.999925e-01 -2.794435e-03 -6.089554e-03 2.591286e-03 2.801387e-03 9.999927e-01 -2.362701e+00
9.999922e-01 -9.990968e-04 -3.826266e-03 1.324859e+00 1.007976e-03 9.999968e-01 2.319390e-03 -1.121808e-02 3.823937e-03 -2.323228e-03 9.999900e-01 -2.300342e+00
9.999960e-01 2.824005e-03 -1.901736e-05 1.344676e+00 -2.824055e-03 9.999897e-01 -3.543834e-03 -5.913661e-03 9.009028e-06 3.543873e-03 9.999937e-01 -2.655956e+00
9.999902e-01 -1.061248e-03 -4.292945e-03 1.322307e+00 1.075320e-03 9.999941e-01 3.277028e-03 -1.631704e-03 4.289442e-03 -3.281611e-03 9.999854e-01 -2.879559e+00
9.999922e-01 3.171834e-03 2.355896e-03 1.376121e+00 -3.160173e-03 9.999828e-01 -4.937068e-03 7.828020e-03 -2.371515e-03 4.929583e-03 9.999850e-01 -3.477020e+00
9.999778e-01 -6.652238e-04 -6.626811e-03 1.477772e+00 6.895338e-04 9.999930e-01 3.666816e-03 1.779972e-02 6.624326e-03 -3.671304e-03 9.999713e-01 -4.123519e+00
9.999971e-01 2.365103e-03 3.894991e-04 1.529754e+00 -2.363637e-03 9.999903e-01 -3.722325e-03 1.735971e-02 -3.982993e-04 3.721393e-03 9.999930e-01 -4.237190e+00
9.999797e-01 -9.296275e-04 -6.296382e-03 1.560540e+00 9.549260e-04 9.999915e-01 4.016116e-03 1.776036e-02 6.292596e-03 -4.022047e-03 9.999721e-01 -4.338625e+00
9.999827e-01 2.772124e-03 5.191825e-03 1.552964e+00 -2.741273e-03 9.999786e-01 -5.939987e-03 2.910946e-02 -5.208181e-03 5.925651e-03 9.999689e-01 -4.930856e+00
9.999955e-01 -1.833994e-04 -2.995976e-03 1.471714e+00 1.950364e-04 9.999924e-01 3.884362e-03 4.711487e-02 2.995241e-03 -3.884928e-03 9.999880e-01 -5.724127e+00
9.999971e-01 2.396132e-03 8.641391e-06 1.504917e+00 -2.396058e-03 9.999845e-01 -5.021687e-03 5.653223e-02 -2.067421e-05 5.021652e-03 9.999874e-01 -6.276283e+00
9.999987e-01 -3.129595e-05 -1.616726e-03 1.513235e+00 3.655359e-05 9.999947e-01 3.252058e-03 6.726275e-02 1.616616e-03 -3.252113e-03 9.999934e-01 -6.919764e+00
9.999964e-01 2.685955e-03 -2.566845e-04 1.555391e+00 -2.687205e-03 9.999839e-01 -4.999911e-03 7.940596e-02 2.432505e-04 5.000581e-03 9.999875e-01 -7.644304e+00
9.999998e-01 6.683105e-06 -5.819845e-04 1.610208e+00 -5.109587e-06 9.999963e-01 2.703560e-03 9.247120e-02 5.820008e-04 -2.703555e-03 9.999962e-01 -8.457008e+00
9.999906e-01 3.232580e-03 2.905896e-03 1.637223e+00 -3.215560e-03 9.999778e-01 -5.842904e-03 1.142115e-01 -2.924720e-03 5.833504e-03 9.999787e-01 -9.606004e+00
1.000000e+00 1.183455e-04 -1.056624e-06 1.666503e+00 -1.183423e-04 9.999966e-01 2.595229e-03 1.390786e-01 1.364072e-06 -2.595228e-03 9.999966e-01 -1.087606e+01
9.999903e-01 3.224193e-03 2.991425e-03 1.689969e+00 -3.206365e-03 9.999772e-01 -5.945393e-03 1.639668e-01 -3.010526e-03 5.935743e-03 9.999779e-01 -1.215354e+01
9.999995e-01 1.736955e-04 -1.003109e-03 1.719775e+00 -1.706930e-04 9.999955e-01 2.992414e-03 1.874047e-01 1.003624e-03 -2.992241e-03 9.999950e-01 -1.336798e+01
9.999961e-01 2.660114e-03 -8.680394e-04 1.766891e+00 -2.664159e-03 9.999854e-01 -4.692797e-03 2.020436e-01 8.555431e-04 4.695090e-03 9.999886e-01 -1.418188e+01
9.999919e-01 1.689321e-04 4.017394e-03 1.709490e+00 -1.755528e-04 9.999986e-01 1.647735e-03 2.260880e-01 -4.017110e-03 -1.648426e-03 9.999906e-01 -1.523481e+01
9.999921e-01 1.905893e-03 -3.479132e-03 1.570810e+00 -1.915127e-03 9.999946e-01 -2.652751e-03 2.441816e-01 3.474057e-03 2.659392e-03 9.999904e-01 -1.582159e+01
9.999953e-01 -9.551383e-04 2.926689e-03 1.344809e+00 9.468452e-04 9.999955e-01 2.833695e-03 2.557236e-01 -2.929382e-03 -2.830909e-03 9.999917e-01 -1.561045e+01
9.999677e-01 1.976791e-03 -7.786979e-03 1.194216e+00 -1.997587e-03 9.999945e-01 -2.663655e-03 2.624497e-01 7.781670e-03 2.679123e-03 9.999661e-01 -1.545198e+01
9.999868e-01 -6.120877e-04 5.100228e-03 1.104481e+00 5.982905e-04 9.999962e-01 2.706302e-03 2.713305e-01 -5.101864e-03 -2.703214e-03 9.999833e-01 -1.575492e+01
9.999563e-01 1.950447e-03 -9.139617e-03 1.035732e+00 -1.975297e-03 9.999944e-01 -2.710667e-03 2.727919e-01 9.134279e-03 2.728601e-03 9.999546e-01 -1.578623e+01
9.999940e-01 -6.469022e-04 3.393486e-03 1.020228e+00 6.374403e-04 9.999959e-01 2.788606e-03 2.679098e-01 -3.395275e-03 -2.786426e-03 9.999904e-01 -1.557912e+01
9.999938e-01 2.511108e-03 -2.458597e-03 8.935940e-01 -2.520601e-03 9.999894e-01 -3.865995e-03 2.846389e-01 2.448863e-03 3.872168e-03 9.999895e-01 -1.621322e+01
9.999990e-01 -6.078020e-04 1.251508e-03 8.011731e-01 6.036896e-04 9.999944e-01 3.283830e-03 2.970436e-01 -1.253497e-03 -3.283070e-03 9.999938e-01 -1.669184e+01
9.999853e-01 2.040748e-03 -5.021522e-03 7.327849e-01 -2.060178e-03 9.999904e-01 -3.867186e-03 3.039981e-01 5.013581e-03 3.877474e-03 9.999799e-01 -1.695741e+01
9.999083e-01 -4.587233e-04 1.353726e-02 5.774191e-01 4.512822e-04 9.999997e-01 5.527278e-04 3.376886e-01 -1.353751e-02 -5.465673e-04 9.999082e-01 -1.830514e+01
9.999894e-01 3.167099e-03 3.356940e-03 1.350210e-01 -3.149629e-03 9.999815e-01 -5.196672e-03 3.937841e-01 -3.373337e-03 5.186043e-03 9.999809e-01 -2.016905e+01
9.999429e-01 -2.791174e-04 1.068441e-02 -2.126763e-01 2.654985e-04 9.999992e-01 1.276055e-03 4.438986e-01 -1.068476e-02 -1.273144e-03 9.999421e-01 -2.191722e+01
9.999895e-01 3.879254e-03 -2.433962e-03 -3.993648e-01 -3.890293e-03 9.999821e-01 -4.547223e-03 4.758940e-01 2.416278e-03 4.556643e-03 9.999867e-01 -2.319798e+01
9.999967e-01 -1.549028e-03 2.050769e-03 -4.454932e-01 1.543193e-03 9.999948e-01 2.843580e-03 4.915737e-01 -2.055162e-03 -2.840405e-03 9.999939e-01 -2.385397e+01
9.999729e-01 2.935646e-03 -6.753529e-03 -4.804513e-01 -2.954533e-03 9.999917e-01 -2.788236e-03 4.953854e-01 6.745288e-03 2.808114e-03 9.999733e-01 -2.400563e+01
9.999991e-01 -1.354375e-03 -2.891309e-05 -4.063765e-01 1.354448e-03 9.999954e-01 2.709560e-03 4.880109e-01 2.524350e-05 -2.709595e-03 9.999963e-01 -2.386078e+01
9.999864e-01 2.429095e-03 -4.618552e-03 -3.814612e-01 -2.444106e-03 9.999917e-01 -3.247148e-03 4.782629e-01 4.610626e-03 3.258391e-03 9.999841e-01 -2.346327e+01
9.999984e-01 -1.182188e-03 -1.346141e-03 -3.999612e-01 1.186432e-03 9.999943e-01 3.156467e-03 4.699432e-01 1.342402e-03 -3.158058e-03 9.999941e-01 -2.303152e+01
9.999840e-01 2.551927e-03 -5.056738e-03 -3.876804e-01 -2.568692e-03 9.999912e-01 -3.311644e-03 4.644449e-01 5.048242e-03 3.324580e-03 9.999817e-01 -2.281904e+01
9.999974e-01 -1.079584e-03 1.990020e-03 -4.211472e-01 1.074540e-03 9.999962e-01 2.534269e-03 4.714323e-01 -1.992748e-03 -2.532124e-03 9.999948e-01 -2.317208e+01
9.999897e-01 3.224358e-03 -3.209418e-03 -4.413772e-01 -3.237093e-03 9.999869e-01 -3.970821e-03 4.838839e-01 3.196572e-03 3.981168e-03 9.999870e-01 -2.378143e+01
9.999959e-01 -1.306012e-03 2.554122e-03 -5.125477e-01 1.299162e-03 9.999956e-01 2.681864e-03 4.982114e-01 -2.557613e-03 -2.678534e-03 9.999931e-01 -2.438961e+01
9.999851e-01 2.901463e-03 -4.630956e-03 -6.352249e-01 -2.915285e-03 9.999913e-01 -2.980849e-03 5.110611e-01 4.622267e-03 2.994304e-03 9.999848e-01 -2.478929e+01
9.999987e-01 -1.497049e-03 -6.034846e-04 -6.685724e-01 1.498959e-03 9.999938e-01 3.177128e-03 5.107299e-01 5.987249e-04 -3.178028e-03 9.999948e-01 -2.477293e+01
9.999893e-01 2.887377e-03 -3.612455e-03 -7.131121e-01 -2.899802e-03 9.999899e-01 -3.438981e-03 5.153700e-01 3.602489e-03 3.449419e-03 9.999876e-01 -2.496700e+01
9.999967e-01 -1.489030e-03 2.115280e-03 -8.768145e-01 1.481992e-03 9.999934e-01 3.324801e-03 5.279947e-01 -2.120216e-03 -3.321655e-03 9.999922e-01 -2.529031e+01
9.999752e-01 2.916000e-03 -6.413538e-03 -9.393448e-01 -2.936643e-03 9.999905e-01 -3.211597e-03 5.292293e-01 6.404112e-03 3.230351e-03 9.999743e-01 -2.529994e+01
9.999982e-01 -1.555864e-03 1.078952e-03 -9.577326e-01 1.552371e-03 9.999936e-01 3.230597e-03 5.273252e-01 -1.083971e-03 -3.228915e-03 9.999942e-01 -2.523855e+01
9.999840e-01 2.585193e-03 -5.034808e-03 -9.611889e-01 -2.605154e-03 9.999888e-01 -3.961981e-03 5.162512e-01 5.024509e-03 3.975033e-03 9.999795e-01 -2.470001e+01
9.999982e-01 -1.425763e-03 1.212519e-03 -9.994350e-01 1.421930e-03 9.999940e-01 3.155858e-03 5.058035e-01 -1.217011e-03 -3.154127e-03 9.999943e-01 -2.407628e+01
9.999677e-01 2.613235e-03 -7.604061e-03 -1.033626e+00 -2.635396e-03 9.999923e-01 -2.905765e-03 5.016093e-01 7.596408e-03 2.925710e-03 9.999669e-01 -2.378747e+01
9.999917e-01 -1.254166e-03 3.885335e-03 -1.121526e+00 1.243574e-03 9.999955e-01 2.727168e-03 5.074036e-01 -3.888738e-03 -2.722313e-03 9.999887e-01 -2.395553e+01
9.999631e-01 2.315127e-03 -8.271448e-03 -1.162802e+00 -2.337575e-03 9.999936e-01 -2.705273e-03 5.054886e-01 8.265132e-03 2.724508e-03 9.999621e-01 -2.381322e+01
9.999980e-01 -9.550225e-04 1.743903e-03 -1.154466e+00 9.507008e-04 9.999965e-01 2.477328e-03 5.012524e-01 -1.746262e-03 -2.475664e-03 9.999954e-01 -2.364293e+01
9.999791e-01 1.900658e-03 -6.176208e-03 -1.168128e+00 -1.916661e-03 9.999948e-01 -2.586175e-03 4.966644e-01 6.171260e-03 2.597958e-03 9.999776e-01 -2.342651e+01
9.999931e-01 -7.850993e-04 3.642529e-03 -1.181745e+00 7.797142e-04 9.999986e-01 1.479606e-03 4.806059e-01 -3.643685e-03 -1.476755e-03 9.999923e-01 -2.263308e+01
9.999825e-01 1.862968e-03 -5.615715e-03 -1.202929e+00 -1.879358e-03 9.999940e-01 -2.914698e-03 4.622791e-01 5.610250e-03 2.925200e-03 9.999800e-01 -2.170289e+01
9.999961e-01 -4.777072e-04 2.767854e-03 -1.203277e+00 4.744176e-04 9.999992e-01 1.189073e-03 4.418102e-01 -2.768419e-03 -1.187754e-03 9.999955e-01 -2.071956e+01
9.999760e-01 1.908117e-03 -6.660007e-03 -1.162272e+00 -1.928675e-03 9.999934e-01 -3.081760e-03 4.214572e-01 6.654083e-03 3.094531e-03 9.999731e-01 -1.983050e+01
9.999996e-01 -3.761770e-04 8.593630e-04 -1.138621e+00 3.742646e-04 9.999975e-01 2.224483e-03 4.084796e-01 -8.601973e-04 -2.224160e-03 9.999972e-01 -1.927219e+01
9.999818e-01 1.653546e-03 -5.800412e-03 -1.107641e+00 -1.672168e-03 9.999935e-01 -3.207035e-03 3.955777e-01 5.795071e-03 3.216676e-03 9.999780e-01 -1.869786e+01
9.999912e-01 -5.887161e-04 4.153476e-03 -1.126590e+00 5.825749e-04 9.999987e-01 1.479642e-03 3.773414e-01 -4.154342e-03 -1.477208e-03 9.999903e-01 -1.773833e+01
9.999530e-01 2.184464e-03 -9.447917e-03 -1.142550e+00 -2.206895e-03 9.999948e-01 -2.364349e-03 3.663421e-01 9.442703e-03 2.385087e-03 9.999526e-01 -1.711450e+01
9.999570e-01 -8.057954e-04 9.242126e-03 -1.260312e+00 7.946927e-04 9.999990e-01 1.204937e-03 3.814901e-01 -9.243087e-03 -1.197540e-03 9.999566e-01 -1.769961e+01
9.999479e-01 3.120308e-03 -9.714227e-03 -1.227286e+00 -3.152040e-03 9.999897e-01 -3.253015e-03 3.968395e-01 9.703976e-03 3.283464e-03 9.999475e-01 -1.852469e+01
9.999602e-01 -6.487154e-04 8.900825e-03 -1.189658e+00 6.373787e-04 9.999990e-01 1.276455e-03 4.107073e-01 -8.901644e-03 -1.270730e-03 9.999596e-01 -1.929473e+01
9.998948e-01 1.958760e-03 -1.437187e-02 -1.180679e+00 -1.980961e-03 9.999969e-01 -1.530630e-03 4.053623e-01 1.436883e-02 1.558939e-03 9.998955e-01 -1.912778e+01
9.999669e-01 -5.133306e-04 8.123694e-03 -1.160035e+00 5.028936e-04 9.999990e-01 1.286765e-03 3.979292e-01 -8.124347e-03 -1.282636e-03 9.999662e-01 -1.886840e+01
9.999216e-01 1.713221e-03 -1.240345e-02 -1.141109e+00 -1.737792e-03 9.999965e-01 -1.970391e-03 3.859280e-01 1.240003e-02 1.991790e-03 9.999211e-01 -1.834759e+01
9.999683e-01 -3.596681e-04 7.950779e-03 -1.122498e+00 3.540574e-04 9.999997e-01 7.070922e-04 3.711746e-01 -7.951031e-03 -7.042540e-04 9.999681e-01 -1.766208e+01
9.999248e-01 1.800328e-03 -1.213042e-02 -1.081535e+00 -1.829555e-03 9.999954e-01 -2.398704e-03 3.530199e-01 1.212604e-02 2.420716e-03 9.999235e-01 -1.686205e+01
9.999787e-01 -2.326641e-04 6.520938e-03 -1.029360e+00 2.260714e-04 9.999995e-01 1.011744e-03 3.375438e-01 -6.521170e-03 -1.010247e-03 9.999782e-01 -1.621759e+01
9.999349e-01 1.512609e-03 -1.131266e-02 -1.006277e+00 -1.534243e-03 9.999970e-01 -1.903895e-03 3.252914e-01 1.130974e-02 1.921126e-03 9.999342e-01 -1.566355e+01
9.999816e-01 -1.458374e-04 6.068337e-03 -9.987271e-01 1.385244e-04 9.999993e-01 1.205525e-03 3.151587e-01 -6.068508e-03 -1.204662e-03 9.999809e-01 -1.515963e+01
9.999281e-01 1.534866e-03 -1.189570e-02 -9.848891e-01 -1.552929e-03 9.999977e-01 -1.509317e-03 3.075574e-01 1.189336e-02 1.527681e-03 9.999281e-01 -1.481783e+01
9.999757e-01 -6.650231e-05 6.974325e-03 -9.871156e-01 5.955417e-05 9.999995e-01 9.964668e-04 3.104590e-01 -6.974388e-03 -9.960265e-04 9.999752e-01 -1.499069e+01
9.999564e-01 2.593307e-03 -8.967606e-03 -9.248009e-01 -2.617645e-03 9.999929e-01 -2.703272e-03 3.227321e-01 8.960532e-03 2.726627e-03 9.999561e-01 -1.570969e+01
9.999826e-01 -3.567697e-04 5.883661e-03 -8.884194e-01 3.470391e-04 9.999986e-01 1.654801e-03 3.315096e-01 -5.884243e-03 -1.652730e-03 9.999813e-01 -1.622791e+01
9.999401e-01 1.724790e-03 -1.081125e-02 -8.900856e-01 -1.742720e-03 9.999971e-01 -1.649264e-03 3.287754e-01 1.080837e-02 1.668005e-03 9.999402e-01 -1.614063e+01
9.999872e-01 -4.233443e-04 5.046586e-03 -8.704340e-01 4.169784e-04 9.999991e-01 1.262438e-03 3.198354e-01 -5.047116e-03 -1.260317e-03 9.999865e-01 -1.574227e+01
9.999516e-01 1.639651e-03 -9.698062e-03 -8.671981e-01 -1.657596e-03 9.999969e-01 -1.842578e-03 3.099262e-01 9.695011e-03 1.858564e-03 9.999513e-01 -1.525957e+01
9.999967e-01 -1.255649e-04 2.576993e-03 -8.318746e-01 1.221581e-04 9.999991e-01 1.322174e-03 3.030578e-01 -2.577156e-03 -1.321854e-03 9.999958e-01 -1.500233e+01
9.999585e-01 1.762191e-03 -8.941070e-03 -7.749018e-01 -1.776953e-03 9.999971e-01 -1.643307e-03 3.003941e-01 8.938147e-03 1.659126e-03 9.999587e-01 -1.504086e+01
9.999964e-01 -1.445885e-04 2.670994e-03 -7.408743e-01 1.410789e-04 9.999991e-01 1.314184e-03 2.976960e-01 -2.671181e-03 -1.313801e-03 9.999956e-01 -1.503355e+01
9.999790e-01 1.900021e-03 -6.191251e-03 -7.303004e-01 -1.913383e-03 9.999959e-01 -2.153032e-03 3.047245e-01 6.187134e-03 2.164833e-03 9.999785e-01 -1.542665e+01
9.999991e-01 -2.345791e-04 1.331918e-03 -7.243929e-01 2.322140e-04 9.999984e-01 1.775700e-03 3.084946e-01 -1.332332e-03 -1.775388e-03 9.999975e-01 -1.566310e+01
9.999744e-01 1.731695e-03 -6.941323e-03 -7.349722e-01 -1.743989e-03 9.999969e-01 -1.765387e-03 3.073317e-01 6.938244e-03 1.777447e-03 9.999744e-01 -1.565300e+01
9.999998e-01 -2.825148e-04 4.919019e-04 -7.159494e-01 2.816586e-04 9.999984e-01 1.740092e-03 3.026014e-01 -4.923925e-04 -1.739953e-03 9.999984e-01 -1.552880e+01
9.999777e-01 1.771769e-03 -6.440088e-03 -6.658340e-01 -1.787637e-03 9.999954e-01 -2.458962e-03 2.900442e-01 6.435701e-03 2.470419e-03 9.999762e-01 -1.507113e+01
9.999998e-01 -2.180400e-04 6.331471e-04 -6.064240e-01 2.171284e-04 9.999989e-01 1.439680e-03 2.764344e-01 -6.334600e-04 -1.439541e-03 9.999988e-01 -1.457175e+01
9.999728e-01 1.783630e-03 -7.159915e-03 -5.478157e-01 -1.798757e-03 9.999962e-01 -2.106757e-03 2.666432e-01 7.156130e-03 2.119578e-03 9.999721e-01 -1.423103e+01
9.999988e-01 -1.291643e-04 1.565717e-03 -4.875448e-01 1.267951e-04 9.999988e-01 1.513223e-03 2.646891e-01 -1.565911e-03 -1.513022e-03 9.999976e-01 -1.431273e+01
9.999770e-01 2.270362e-03 -6.391187e-03 -4.137848e-01 -2.284727e-03 9.999949e-01 -2.241097e-03 2.696125e-01 6.386066e-03 2.255646e-03 9.999771e-01 -1.470882e+01
9.999975e-01 -1.053771e-03 1.982280e-03 -4.428001e-01 1.050904e-03 9.999984e-01 1.446506e-03 2.727394e-01 -1.983801e-03 -1.444418e-03 9.999970e-01 -1.487420e+01
9.999896e-01 3.311957e-03 -3.126305e-03 -4.612993e-01 -3.320720e-03 9.999906e-01 -2.801787e-03 2.871411e-01 3.116996e-03 2.812139e-03 9.999912e-01 -1.555331e+01
9.999993e-01 -9.201581e-04 -6.755784e-04 -3.574607e-01 9.212679e-04 9.999982e-01 1.644007e-03 2.968373e-01 6.740647e-04 -1.644628e-03 9.999984e-01 -1.617069e+01
9.999867e-01 2.588445e-03 -4.463374e-03 -3.352053e-01 -2.596074e-03 9.999952e-01 -1.704112e-03 2.983206e-01 4.458942e-03 1.715676e-03 9.999886e-01 -1.633533e+01
9.999925e-01 -9.623996e-04 3.744979e-03 -3.777238e-01 9.630970e-04 9.999995e-01 -1.843782e-04 3.114489e-01 -3.744800e-03 1.879843e-04 9.999930e-01 -1.699508e+01
9.999870e-01 4.129631e-03 -2.989387e-03 -3.783786e-01 -4.135003e-03 9.999898e-01 -1.793226e-03 3.308810e-01 2.981951e-03 1.805563e-03 9.999939e-01 -1.794797e+01
9.999884e-01 -2.312469e-03 -4.235819e-03 -2.914013e-01 2.317968e-03 9.999965e-01 1.293662e-03 3.294243e-01 4.232813e-03 -1.303465e-03 9.999902e-01 -1.807508e+01
9.999902e-01 3.740084e-03 -2.356516e-03 -2.562563e-01 -3.743128e-03 9.999922e-01 -1.288771e-03 3.236434e-01 2.351677e-03 1.297579e-03 9.999964e-01 -1.793264e+01
9.999945e-01 -2.121993e-03 -2.543944e-03 -2.700940e-01 2.124582e-03 9.999972e-01 1.015283e-03 3.241876e-01 2.541783e-03 -1.020681e-03 9.999962e-01 -1.800331e+01
9.999907e-01 3.195678e-03 -2.880111e-03 -2.535759e-01 -3.199364e-03 9.999941e-01 -1.276022e-03 3.158237e-01 2.876016e-03 1.285223e-03 9.999950e-01 -1.766855e+01
9.999977e-01 -2.122617e-03 1.623402e-04 -3.074648e-01 2.122501e-03 9.999975e-01 7.107226e-04 3.067656e-01 -1.638481e-04 -7.103757e-04 9.999997e-01 -1.701689e+01
9.999852e-01 3.458803e-03 -4.205280e-03 -3.718713e-01 -3.464246e-03 9.999932e-01 -1.287676e-03 2.983839e-01 4.200798e-03 1.302224e-03 9.999903e-01 -1.636582e+01
9.999921e-01 -2.007257e-03 -3.436327e-03 -3.603110e-01 2.010236e-03 9.999976e-01 8.638076e-04 2.932050e-01 3.434585e-03 -8.707079e-04 9.999937e-01 -1.609203e+01
9.999905e-01 4.138926e-03 -1.362205e-03 -2.656865e-01 -4.141674e-03 9.999894e-01 -2.020116e-03 3.000255e-01 1.353829e-03 2.025738e-03 9.999970e-01 -1.659253e+01
9.999897e-01 -1.162542e-03 4.398577e-03 -2.048891e-01 1.169288e-03 9.999981e-01 -1.531324e-03 3.249006e-01 -4.396788e-03 1.536453e-03 9.999892e-01 -1.790597e+01
9.999883e-01 4.657201e-03 -1.325034e-03 -2.346564e-01 -4.658633e-03 9.999886e-01 -1.079574e-03 3.512858e-01 1.319990e-03 1.085734e-03 9.999985e-01 -1.914612e+01
9.999907e-01 -3.801623e-03 -2.059618e-03 -2.817322e-01 3.802837e-03 9.999926e-01 5.854836e-04 3.464209e-01 2.057377e-03 -5.933098e-04 9.999977e-01 -1.885541e+01
9.999855e-01 5.377801e-03 -4.092558e-04 -4.438069e-01 -5.378629e-03 9.999834e-01 -2.048780e-03 3.600453e-01 3.982308e-04 2.050951e-03 9.999978e-01 -1.918940e+01
9.999731e-01 -1.442280e-03 7.193956e-03 -4.420563e-01 1.458081e-03 9.999965e-01 -2.191546e-03 3.916841e-01 -7.190770e-03 2.201978e-03 9.999717e-01 -2.072499e+01
9.999745e-01 4.732240e-03 -5.345013e-03 -4.167118e-01 -4.737457e-03 9.999883e-01 -9.638871e-04 4.173398e-01 5.340389e-03 9.891835e-04 9.999853e-01 -2.199312e+01
9.999842e-01 -1.939426e-03 5.268551e-03 -4.121158e-01 1.944012e-03 9.999977e-01 -8.655293e-04 4.363244e-01 -5.266861e-03 8.757585e-04 9.999857e-01 -2.291051e+01
9.999394e-01 3.631259e-03 -1.038889e-02 -3.907592e-01 -3.618796e-03 9.999927e-01 1.218179e-03 4.356141e-01 1.039324e-02 -1.180511e-03 9.999453e-01 -2.295964e+01
9.999801e-01 -2.386223e-03 5.832637e-03 -3.826263e-01 2.395267e-03 9.999959e-01 -1.543932e-03 4.263020e-01 -5.828929e-03 1.557873e-03 9.999818e-01 -2.255731e+01
9.999198e-01 3.963604e-03 -1.203020e-02 -3.647622e-01 -3.951823e-03 9.999917e-01 1.002868e-03 4.165856e-01 1.203407e-02 -9.552472e-04 9.999271e-01 -2.214353e+01
9.999847e-01 -2.441773e-03 4.956622e-03 -3.291394e-01 2.447595e-03 9.999963e-01 -1.168973e-03 4.095179e-01 -4.953749e-03 1.181087e-03 9.999870e-01 -2.188101e+01
9.999178e-01 4.249534e-03 -1.209486e-02 -2.433595e-01 -4.239210e-03 9.999906e-01 8.791258e-04 4.086432e-01 1.209849e-02 -8.277817e-04 9.999265e-01 -2.201057e+01
9.999831e-01 -2.505047e-03 5.248442e-03 -1.701856e-01 2.509562e-03 9.999965e-01 -8.538943e-04 4.067539e-01 -5.246284e-03 8.670519e-04 9.999859e-01 -2.209227e+01
9.999469e-01 4.273157e-03 -9.372595e-03 -1.207778e-01 -4.276442e-03 9.999908e-01 -3.304186e-04 4.113784e-01 9.371097e-03 3.704817e-04 9.999560e-01 -2.245497e+01
9.999870e-01 -2.204927e-03 4.602565e-03 -8.661535e-02 2.205301e-03 9.999976e-01 -7.597352e-05 4.178770e-01 -4.602386e-03 8.612328e-05 9.999894e-01 -2.286216e+01
9.999461e-01 4.103753e-03 -9.536212e-03 -1.792596e-02 -4.111772e-03 9.999912e-01 -8.214563e-04 4.200240e-01 9.532757e-03 8.606220e-04 9.999542e-01 -2.314372e+01
9.999918e-01 -2.857942e-03 2.882643e-03 8.463803e-02 2.856211e-03 9.999957e-01 6.044153e-04 4.063128e-01 -2.884358e-03 -5.961761e-04 9.999957e-01 -2.278528e+01
9.999661e-01 4.548838e-03 -6.863881e-03 1.940449e-01 -4.567776e-03 9.999858e-01 -2.745857e-03 3.827635e-01 6.851292e-03 2.777116e-03 9.999727e-01 -2.199156e+01
9.999941e-01 -3.022645e-03 1.662364e-03 2.650046e-01 3.020478e-03 9.999946e-01 1.304841e-03 3.643409e-01 -1.666299e-03 -1.299811e-03 9.999978e-01 -2.133102e+01
9.999757e-01 4.563717e-03 -5.276411e-03 3.320457e-01 -4.582134e-03 9.999834e-01 -3.483516e-03 3.405067e-01 5.260425e-03 3.507608e-03 9.999800e-01 -2.039146e+01
9.999959e-01 -2.862274e-03 6.611752e-05 3.782265e-01 2.862122e-03 9.999935e-01 2.206609e-03 3.247420e-01 -7.243280e-05 -2.206410e-03 9.999976e-01 -1.977052e+01
9.999735e-01 4.529695e-03 -5.694335e-03 4.090999e-01 -4.544886e-03 9.999861e-01 -2.657642e-03 3.145909e-01 5.682218e-03 2.683451e-03 9.999803e-01 -1.939629e+01
9.999955e-01 -2.861982e-03 8.624602e-04 3.948305e-01 2.859897e-03 9.999930e-01 2.408468e-03 3.133905e-01 -8.693470e-04 -2.405990e-03 9.999967e-01 -1.941063e+01
9.999667e-01 4.538862e-03 -6.786806e-03 4.431915e-01 -4.555570e-03 9.999866e-01 -2.448266e-03 3.094546e-01 6.775603e-03 2.479102e-03 9.999740e-01 -1.938037e+01
9.999915e-01 -3.162888e-03 2.645046e-03 4.953773e-01 3.160341e-03 9.999945e-01 9.668072e-04 2.910553e-01 -2.648090e-03 -9.584390e-04 9.999960e-01 -1.865749e+01
9.999773e-01 4.407809e-03 -5.092171e-03 5.453124e-01 -4.424678e-03 9.999847e-01 -3.306189e-03 2.652506e-01 5.077520e-03 3.328645e-03 9.999816e-01 -1.757129e+01
9.999959e-01 -2.732452e-03 -8.999517e-04 6.041725e-01 2.733520e-03 9.999956e-01 1.186959e-03 2.466655e-01 8.967046e-04 -1.189413e-03 9.999989e-01 -1.676823e+01
9.999768e-01 4.139259e-03 -5.415985e-03 6.343552e-01 -4.148724e-03 9.999899e-01 -1.737460e-03 2.365265e-01 5.408738e-03 1.759888e-03 9.999838e-01 -1.633679e+01
9.999957e-01 -2.712235e-03 -1.076626e-03 6.715729e-01 2.713706e-03 9.999954e-01 1.367371e-03 2.275671e-01 1.072912e-03 -1.370286e-03 9.999985e-01 -1.601128e+01
9.999786e-01 4.053456e-03 -5.144446e-03 6.890189e-01 -4.061099e-03 9.999907e-01 -1.476234e-03 2.201494e-01 5.138414e-03 1.497093e-03 9.999857e-01 -1.572646e+01
9.999921e-01 -2.345851e-03 3.209462e-03 6.927100e-01 2.346514e-03 9.999972e-01 -2.025848e-04 2.295449e-01 -3.208978e-03 2.101149e-04 9.999948e-01 -1.623747e+01
9.999708e-01 4.902739e-03 -5.866247e-03 7.081657e-01 -4.907999e-03 9.999876e-01 -8.825164e-04 2.454682e-01 5.861847e-03 9.112814e-04 9.999824e-01 -1.700667e+01
9.999945e-01 -3.120305e-03 1.144319e-03 7.092792e-01 3.119462e-03 9.999949e-01 7.375105e-04 2.511952e-01 -1.146615e-03 -7.339361e-04 9.999991e-01 -1.730314e+01
9.999652e-01 4.298383e-03 -7.155483e-03 7.296528e-01 -4.304424e-03 9.999904e-01 -8.290062e-04 2.433004e-01 7.151851e-03 8.597769e-04 9.999741e-01 -1.701562e+01
9.999958e-01 -2.825716e-03 5.744377e-04 7.552908e-01 2.825508e-03 9.999959e-01 3.642581e-04 2.340348e-01 -5.754645e-04 -3.626328e-04 9.999998e-01 -1.662772e+01
9.999637e-01 4.453614e-03 -7.259607e-03 7.915419e-01 -4.454457e-03 9.999901e-01 -9.998558e-05 2.288073e-01 7.259089e-03 1.323189e-04 9.999736e-01 -1.650747e+01
9.999945e-01 -3.097485e-03 1.197048e-03 8.240787e-01 3.097718e-03 9.999952e-01 -1.929536e-04 2.199442e-01 -1.196445e-03 1.966614e-04 9.999993e-01 -1.619099e+01
9.999684e-01 4.303869e-03 -6.677653e-03 7.772334e-01 -4.307553e-03 9.999906e-01 -5.373051e-04 2.251130e-01 6.675277e-03 5.660518e-04 9.999776e-01 -1.635323e+01
9.999845e-01 -2.618823e-03 4.907862e-03 6.715386e-01 2.614305e-03 9.999962e-01 9.268333e-04 2.332742e-01 -4.910270e-03 -9.139876e-04 9.999875e-01 -1.656882e+01
9.999298e-01 3.986936e-03 -1.115454e-02 6.543842e-01 -3.998855e-03 9.999915e-01 -1.046438e-03 2.315838e-01 1.115027e-02 1.090969e-03 9.999372e-01 -1.647228e+01
9.999780e-01 -2.206684e-03 6.250027e-03 7.211340e-01 2.205719e-03 9.999976e-01 1.612646e-04 2.375220e-01 -6.250367e-03 -1.474745e-04 9.999805e-01 -1.688395e+01
9.999039e-01 4.330874e-03 -1.317044e-02 8.295472e-01 -4.337808e-03 9.999905e-01 -4.979868e-04 2.416177e-01 1.316816e-02 5.550691e-04 9.999131e-01 -1.722421e+01
9.999614e-01 -2.489208e-03 8.422995e-03 9.148068e-01 2.494650e-03 9.999967e-01 -6.356084e-04 2.483780e-01 -8.421384e-03 6.565970e-04 9.999643e-01 -1.765958e+01
9.998920e-01 4.741029e-03 -1.390765e-02 1.047856e+00 -4.744051e-03 9.999887e-01 -1.842907e-04 2.575675e-01 1.390662e-02 2.502487e-04 9.999033e-01 -1.823051e+01
9.999595e-01 -2.342615e-03 8.685386e-03 1.177198e+00 2.349192e-03 9.999970e-01 -7.471229e-04 2.676622e-01 -8.683609e-03 7.674970e-04 9.999620e-01 -1.884800e+01
9.998724e-01 4.406147e-03 -1.535778e-02 1.272147e+00 -4.396772e-03 9.999901e-01 6.441749e-04 2.750960e-01 1.536046e-02 -5.765688e-04 9.998819e-01 -1.927754e+01
9.999571e-01 -2.959019e-03 8.773674e-03 1.299285e+00 2.963276e-03 9.999955e-01 -4.722356e-04 2.703993e-01 -8.772237e-03 4.982149e-04 9.999614e-01 -1.916368e+01
9.998766e-01 4.335053e-03 -1.510253e-02 1.338646e+00 -4.331242e-03 9.999906e-01 2.850250e-04 2.613423e-01 1.510362e-02 -2.195778e-04 9.998859e-01 -1.887349e+01
9.999611e-01 -2.790822e-03 8.372901e-03 1.364229e+00 2.795917e-03 9.999959e-01 -5.968361e-04 2.599137e-01 -8.371201e-03 6.202234e-04 9.999648e-01 -1.888059e+01
9.999115e-01 4.807261e-03 -1.240248e-02 1.469400e+00 -4.812873e-03 9.999883e-01 -4.226551e-04 2.704529e-01 1.240030e-02 4.823085e-04 9.999230e-01 -1.947858e+01
9.999551e-01 -2.550516e-03 9.127288e-03 1.542048e+00 2.556351e-03 9.999965e-01 -6.277385e-04 2.846239e-01 -9.125655e-03 6.510435e-04 9.999581e-01 -2.019099e+01
9.999111e-01 4.782265e-03 -1.244493e-02 1.630001e+00 -4.787919e-03 9.999884e-01 -4.245060e-04 2.961139e-01 1.244275e-02 4.840529e-04 9.999225e-01 -2.081647e+01
9.999451e-01 -3.477580e-03 9.884084e-03 1.525769e+00 3.469832e-03 9.999937e-01 8.009469e-04 3.025574e-01 -9.886806e-03 -7.666062e-04 9.999508e-01 -2.091818e+01
9.999253e-01 4.715988e-03 -1.127450e-02 1.311108e+00 -4.724170e-03 9.999886e-01 -6.992200e-04 3.087979e-01 1.127107e-02 7.524297e-04 9.999362e-01 -2.032576e+01
9.999709e-01 -3.793307e-03 6.622743e-03 1.116776e+00 3.783271e-03 9.999917e-01 1.527325e-03 3.182509e-01 -6.628482e-03 -1.502225e-03 9.999769e-01 -1.989228e+01
9.999196e-01 5.027696e-03 -1.164043e-02 1.105244e+00 -5.046246e-03 9.999860e-01 -1.564689e-03 3.234547e-01 1.163240e-02 1.623303e-03 9.999310e-01 -2.010921e+01
9.999565e-01 -2.670372e-03 8.937605e-03 1.215693e+00 2.670359e-03 9.999964e-01 1.337265e-05 3.354912e-01 -8.937609e-03 1.049523e-05 9.999601e-01 -2.082802e+01
9.998892e-01 4.544921e-03 -1.417644e-02 1.237363e+00 -4.541340e-03 9.999896e-01 2.848193e-04 3.423892e-01 1.417759e-02 -2.204084e-04 9.998995e-01 -2.116618e+01
9.999693e-01 -3.102443e-03 7.199714e-03 1.277885e+00 3.105446e-03 9.999951e-01 -4.059698e-04 3.383669e-01 -7.198419e-03 4.283163e-04 9.999740e-01 -2.107624e+01
9.999147e-01 4.874196e-03 -1.212159e-02 1.294659e+00 -4.875849e-03 9.999881e-01 -1.068186e-04 3.446010e-01 1.212092e-02 1.659118e-04 9.999265e-01 -2.141073e+01
9.999682e-01 -2.768339e-03 7.481305e-03 1.331416e+00 2.769048e-03 9.999962e-01 -8.438048e-05 3.517530e-01 -7.481043e-03 1.050946e-04 9.999720e-01 -2.179275e+01
9.999299e-01 4.987111e-03 -1.074326e-02 1.463237e+00 -5.004644e-03 9.999862e-01 -1.605679e-03 3.613843e-01 1.073510e-02 1.659332e-03 9.999410e-01 -2.245723e+01
9.999847e-01 -2.569675e-03 4.894192e-03 1.595750e+00 2.566013e-03 9.999964e-01 7.544127e-04 3.726181e-01 -4.896113e-03 -7.418419e-04 9.999877e-01 -2.312096e+01
9.999150e-01 4.689928e-03 -1.216377e-02 1.757041e+00 -4.705995e-03 9.999881e-01 -1.292625e-03 3.751538e-01 1.215756e-02 1.349757e-03 9.999252e-01 -2.347101e+01
9.999855e-01 -3.062547e-03 4.432406e-03 1.872544e+00 3.057002e-03 9.999945e-01 1.257268e-03 3.692264e-01 -4.436232e-03 -1.243699e-03 9.999894e-01 -2.344813e+01
9.999230e-01 4.827226e-03 -1.143127e-02 1.982685e+00 -4.848575e-03 9.999866e-01 -1.840592e-03 3.701682e-01 1.142223e-02 1.895875e-03 9.999330e-01 -2.367193e+01
9.999862e-01 -2.745381e-03 4.480541e-03 2.099398e+00 2.738784e-03 9.999952e-01 1.478006e-03 3.739901e-01 -4.484577e-03 -1.465714e-03 9.999889e-01 -2.402409e+01
9.999418e-01 4.524148e-03 -9.797666e-03 2.164809e+00 -4.545686e-03 9.999873e-01 -2.177069e-03 3.784869e-01 9.787692e-03 2.221478e-03 9.999496e-01 -2.436916e+01
9.999873e-01 -2.512542e-03 4.361318e-03 2.217100e+00 2.504012e-03 9.999949e-01 1.960164e-03 3.834739e-01 -4.366221e-03 -1.949218e-03 9.999886e-01 -2.470145e+01
9.999314e-01 4.257169e-03 -1.091148e-02 2.289220e+00 -4.283611e-03 9.999879e-01 -2.401042e-03 3.837744e-01 1.090113e-02 2.447617e-03 9.999376e-01 -2.487426e+01
9.999798e-01 -2.079620e-03 5.999946e-03 2.355507e+00 2.068411e-03 9.999961e-01 1.873740e-03 3.912441e-01 -6.003819e-03 -1.861291e-03 9.999802e-01 -2.533253e+01
9.999094e-01 4.061156e-03 -1.283022e-02 2.452907e+00 -4.088558e-03 9.999894e-01 -2.110156e-03 3.941873e-01 1.282151e-02 2.162421e-03 9.999155e-01 -2.562567e+01
9.999714e-01 -2.112223e-03 7.268827e-03 2.539033e+00 2.101582e-03 9.999967e-01 1.471271e-03 3.983833e-01 -7.271910e-03 -1.455953e-03 9.999725e-01 -2.599433e+01
9.999421e-01 4.551270e-03 -9.753513e-03 2.618379e+00 -4.580523e-03 9.999851e-01 -2.979017e-03 4.091794e-01 9.739809e-03 3.023520e-03 9.999480e-01 -2.665774e+01
9.999797e-01 -2.088202e-03 6.022843e-03 2.726518e+00 2.078477e-03 9.999965e-01 1.620528e-03 4.191972e-01 -6.026206e-03 -1.607976e-03 9.999805e-01 -2.730177e+01
9.999141e-01 3.901660e-03 -1.251042e-02 2.808985e+00 -3.922182e-03 9.999910e-01 -1.616318e-03 4.189689e-01 1.250401e-02 1.665247e-03 9.999204e-01 -2.745098e+01
9.999836e-01 -2.337004e-03 5.231970e-03 2.910998e+00 2.331188e-03 9.999967e-01 1.117431e-03 4.133494e-01 -5.234564e-03 -1.105215e-03 9.999857e-01 -2.741896e+01
9.999232e-01 4.263244e-03 -1.163542e-02 3.028842e+00 -4.284258e-03 9.999892e-01 -1.781645e-03 4.142837e-01 1.162769e-02 1.831356e-03 9.999307e-01 -2.768438e+01
9.999841e-01 -2.766876e-03 4.913200e-03 3.099097e+00 2.758166e-03 9.999946e-01 1.778624e-03 4.076379e-01 -4.918095e-03 -1.765043e-03 9.999863e-01 -2.756326e+01
9.999556e-01 4.473307e-03 -8.291834e-03 3.142859e+00 -4.500168e-03 9.999847e-01 -3.223535e-03 4.114852e-01 8.277287e-03 3.260706e-03 9.999604e-01 -2.791111e+01
9.999790e-01 -2.615516e-03 5.933954e-03 3.097535e+00 2.597015e-03 9.999917e-01 3.123576e-03 4.219046e-01 -5.942075e-03 -3.108100e-03 9.999775e-01 -2.834771e+01
9.999208e-01 4.065256e-03 -1.191353e-02 3.094809e+00 -4.102288e-03 9.999868e-01 -3.085553e-03 4.197520e-01 1.190083e-02 3.134180e-03 9.999243e-01 -2.828519e+01
9.999437e-01 -2.138844e-03 1.039553e-02 3.087138e+00 2.120974e-03 9.999963e-01 1.729761e-03 4.325375e-01 -1.039919e-02 -1.707614e-03 9.999445e-01 -2.891546e+01
9.999331e-01 4.809719e-03 -1.051886e-02 3.058508e+00 -4.843951e-03 9.999830e-01 -3.231260e-03 4.491192e-01 1.050314e-02 3.281996e-03 9.999395e-01 -2.968348e+01
9.999388e-01 -2.630535e-03 1.074536e-02 3.057351e+00 2.616295e-03 9.999957e-01 1.339048e-03 4.644591e-01 -1.074884e-02 -1.310852e-03 9.999414e-01 -3.045473e+01
9.999623e-01 5.432383e-03 -6.776586e-03 3.041017e+00 -5.461921e-03 9.999756e-01 -4.347801e-03 4.889451e-01 6.752802e-03 4.384650e-03 9.999676e-01 -3.159275e+01
9.999827e-01 -2.553011e-03 5.299689e-03 3.105240e+00 2.539540e-03 9.999935e-01 2.547244e-03 5.065903e-01 -5.306157e-03 -2.533740e-03 9.999827e-01 -3.250823e+01
9.999298e-01 4.460287e-03 -1.098102e-02 3.160029e+00 -4.489261e-03 9.999865e-01 -2.615275e-03 5.098215e-01 1.096921e-02 2.664388e-03 9.999363e-01 -3.275980e+01
9.999859e-01 -3.037771e-03 4.361208e-03 3.225911e+00 3.025872e-03 9.999917e-01 2.732388e-03 5.022349e-01 -4.369472e-03 -2.719152e-03 9.999868e-01 -3.258198e+01
9.999192e-01 4.648683e-03 -1.182917e-02 3.319161e+00 -4.686082e-03 9.999841e-01 -3.135784e-03 5.002375e-01 1.181440e-02 3.190963e-03 9.999251e-01 -3.266570e+01
9.999756e-01 -2.556888e-03 6.500583e-03 3.426576e+00 2.540369e-03 9.999935e-01 2.548123e-03 5.089433e-01 -6.507056e-03 -2.531546e-03 9.999756e-01 -3.319358e+01
9.998912e-01 4.422127e-03 -1.406913e-02 3.535249e+00 -4.455970e-03 9.999873e-01 -2.375009e-03 5.097522e-01 1.405845e-02 2.437442e-03 9.998982e-01 -3.338315e+01
9.999678e-01 -3.039418e-03 7.432247e-03 3.610162e+00 3.023324e-03 9.999931e-01 2.175745e-03 5.012910e-01 -7.438809e-03 -2.153204e-03 9.999700e-01 -3.317783e+01
9.998861e-01 4.487383e-03 -1.441076e-02 3.700082e+00 -4.517694e-03 9.999876e-01 -2.071437e-03 4.942607e-01 1.440128e-02 2.136304e-03 9.998940e-01 -3.306105e+01
9.999655e-01 -3.144245e-03 7.694351e-03 3.773137e+00 3.128249e-03 9.999929e-01 2.090104e-03 4.864365e-01 -7.700869e-03 -2.065961e-03 9.999682e-01 -3.287665e+01
9.998992e-01 4.592534e-03 -1.343549e-02 3.833626e+00 -4.626408e-03 9.999862e-01 -2.491235e-03 4.759647e-01 1.342386e-02 2.553141e-03 9.999066e-01 -3.255937e+01
9.999641e-01 -3.253905e-03 7.823569e-03 3.897171e+00 3.239351e-03 9.999930e-01 1.872311e-03 4.634665e-01 -7.829607e-03 -1.846899e-03 9.999676e-01 -3.216371e+01
9.999104e-01 4.631647e-03 -1.256027e-02 3.945951e+00 -4.669433e-03 9.999847e-01 -2.980696e-03 4.483732e-01 1.254627e-02 3.039077e-03 9.999167e-01 -3.159343e+01
9.999759e-01 -3.111481e-03 6.208145e-03 3.998260e+00 3.097319e-03 9.999926e-01 2.289596e-03 4.373457e-01 -6.215223e-03 -2.270311e-03 9.999781e-01 -3.119230e+01
9.999057e-01 4.601713e-03 -1.294109e-02 4.062943e+00 -4.628386e-03 9.999872e-01 -2.031885e-03 4.302889e-01 1.293157e-02 2.091589e-03 9.999142e-01 -3.104472e+01
9.999526e-01 -3.037329e-03 9.249339e-03 4.067712e+00 3.028636e-03 9.999950e-01 9.536966e-04 4.385386e-01 -9.252189e-03 -9.256379e-04 9.999568e-01 -3.148059e+01
9.999625e-01 5.972313e-03 -6.270352e-03 4.084182e+00 -5.995474e-03 9.999753e-01 -3.681347e-03 4.623780e-01 6.248211e-03 3.718802e-03 9.999736e-01 -3.264019e+01
9.999824e-01 -2.936676e-03 5.145738e-03 4.159874e+00 2.926839e-03 9.999939e-01 1.918196e-03 4.806987e-01 -5.151340e-03 -1.903101e-03 9.999849e-01 -3.357863e+01
9.999511e-01 5.281112e-03 -8.360014e-03 4.286520e+00 -5.309272e-03 9.999803e-01 -3.349856e-03 4.911390e-01 8.342158e-03 3.394077e-03 9.999594e-01 -3.425868e+01
9.999606e-01 -2.357623e-03 8.560119e-03 4.415702e+00 2.353974e-03 9.999971e-01 4.363855e-04 5.087434e-01 -8.561123e-03 -4.162174e-04 9.999633e-01 -3.530807e+01
9.999555e-01 5.847401e-03 -7.402823e-03 4.515144e+00 -5.874580e-03 9.999761e-01 -3.655001e-03 5.327379e-01 7.381274e-03 3.698326e-03 9.999659e-01 -3.657633e+01
9.999000e-01 -2.149577e-03 1.397751e-02 4.634433e+00 2.169730e-03 9.999966e-01 -1.426775e-03 5.645927e-01 -1.397440e-02 1.456961e-03 9.999013e-01 -3.830237e+01
9.999077e-01 6.173629e-03 -1.210407e-02 4.671419e+00 -6.190156e-03 9.999800e-01 -1.328435e-03 5.948674e-01 1.209563e-02 1.403238e-03 9.999259e-01 -3.970405e+01
9.999667e-01 -4.173548e-03 7.006251e-03 4.755726e+00 4.169073e-03 9.999911e-01 6.532051e-04 6.003836e-01 -7.008915e-03 -6.239732e-04 9.999752e-01 -4.010288e+01
9.999098e-01 6.296825e-03 -1.186568e-02 4.882838e+00 -6.315309e-03 9.999789e-01 -1.520918e-03 6.068880e-01 1.185585e-02 1.595715e-03 9.999284e-01 -4.058243e+01
9.999813e-01 -4.313403e-03 4.343466e-03 5.007452e+00 4.307796e-03 9.999899e-01 1.299413e-03 6.097981e-01 -4.349027e-03 -1.280677e-03 9.999897e-01 -4.087671e+01
9.999260e-01 6.174931e-03 -1.047725e-02 5.118617e+00 -6.193309e-03 9.999793e-01 -1.722553e-03 6.135702e-01 1.046640e-02 1.787314e-03 9.999436e-01 -4.122445e+01
9.999258e-01 -3.359989e-03 1.170905e-02 5.213877e+00 3.374601e-03 9.999936e-01 -1.228303e-03 6.311913e-01 -1.170484e-02 1.267726e-03 9.999307e-01 -4.222785e+01
9.998632e-01 7.150252e-03 -1.491798e-02 5.358012e+00 -7.169060e-03 9.999736e-01 -1.207614e-03 6.540913e-01 1.490895e-02 1.314396e-03 9.998880e-01 -4.342830e+01
9.999443e-01 -5.056242e-03 9.264257e-03 5.424596e+00 5.047510e-03 9.999868e-01 9.656986e-04 6.601019e-01 -9.269017e-03 -9.188828e-04 9.999566e-01 -4.381927e+01
9.998466e-01 6.860735e-03 -1.611588e-02 5.516927e+00 -6.877451e-03 9.999759e-01 -9.820278e-04 6.583991e-01 1.610876e-02 1.092713e-03 9.998696e-01 -4.393189e+01
9.999391e-01 -5.042358e-03 9.820344e-03 5.648291e+00 5.043848e-03 9.999873e-01 -1.268978e-04 6.605565e-01 -9.819579e-03 1.764230e-04 9.999518e-01 -4.426636e+01
9.998046e-01 7.282854e-03 -1.837796e-02 5.830692e+00 -7.288345e-03 9.999734e-01 -2.318032e-04 6.635849e-01 1.837578e-02 3.657021e-04 9.998311e-01 -4.465307e+01
9.999209e-01 -5.621073e-03 1.125316e-02 5.938054e+00 5.623522e-03 9.999842e-01 -1.859561e-04 6.616541e-01 -1.125194e-02 2.492244e-04 9.999367e-01 -4.478218e+01
9.998133e-01 7.545155e-03 -1.778761e-02 6.050031e+00 -7.551781e-03 9.999714e-01 -3.053766e-04 6.654028e-01 1.778479e-02 4.396470e-04 9.998417e-01 -4.513165e+01
9.999159e-01 -5.553628e-03 1.171994e-02 6.162479e+00 5.556922e-03 9.999845e-01 -2.485506e-04 6.693218e-01 -1.171837e-02 3.136571e-04 9.999313e-01 -4.550272e+01
9.998553e-01 7.895977e-03 -1.506459e-02 6.288077e+00 -7.915982e-03 9.999679e-01 -1.268719e-03 6.791129e-01 1.505409e-02 1.387786e-03 9.998857e-01 -4.617764e+01
9.999226e-01 -5.243916e-03 1.128090e-02 6.407237e+00 5.245116e-03 9.999862e-01 -7.672790e-05 6.912055e-01 -1.128034e-02 1.358922e-04 9.999364e-01 -4.694245e+01
9.998050e-01 7.301345e-03 -1.834726e-02 6.509107e+00 -7.309849e-03 9.999732e-01 -3.964452e-04 6.953530e-01 1.834387e-02 5.304829e-04 9.998316e-01 -4.730765e+01
9.998832e-01 -5.222834e-03 1.436564e-02 6.610929e+00 5.230242e-03 9.999862e-01 -4.781421e-04 7.018723e-01 -1.436295e-02 5.532227e-04 9.998967e-01 -4.778330e+01
9.997775e-01 7.619943e-03 -1.967017e-02 6.793613e+00 -7.638318e-03 9.999705e-01 -8.591884e-04 7.098186e-01 1.966304e-02 1.009244e-03 9.998062e-01 -4.838897e+01
9.999062e-01 -4.974857e-03 1.276270e-02 6.987390e+00 4.979605e-03 9.999875e-01 -3.402351e-04 7.184102e-01 -1.276085e-02 4.037571e-04 9.999185e-01 -4.902151e+01
9.998096e-01 7.149148e-03 -1.815702e-02 7.109329e+00 -7.158141e-03 9.999743e-01 -4.303377e-04 7.273057e-01 1.815347e-02 5.602257e-04 9.998351e-01 -4.959778e+01
9.998981e-01 -4.939569e-03 1.339479e-02 7.197446e+00 4.944632e-03 9.999877e-01 -3.448617e-04 7.352829e-01 -1.339292e-02 4.110595e-04 9.999102e-01 -5.013208e+01
9.999123e-01 7.310891e-03 -1.104651e-02 7.161543e+00 -7.335606e-03 9.999707e-01 -2.198424e-03 7.583064e-01 1.103011e-02 2.279264e-03 9.999366e-01 -5.118972e+01
9.996798e-01 -4.765091e-03 2.485069e-02 6.876904e+00 4.819612e-03 9.999861e-01 -2.134508e-03 8.089962e-01 -2.484017e-02 2.253596e-03 9.996889e-01 -5.304790e+01
9.999465e-01 8.385161e-03 6.051052e-03 6.558237e+00 -8.345087e-03 9.999433e-01 -6.617854e-03 8.875522e-01 -6.106200e-03 6.567003e-03 9.999598e-01 -5.629745e+01
