9.999872e-01 9.100371e-04 4.968843e-03 8.453806e-02 -8.862052e-04 9.999881e-01 -4.796354e-03 7.404489e-03 -4.973149e-03 4.791889e-03 9.999762e-01 -6.789804e-01
9.999988e-01 8.670510e-05 -1.568205e-03 1.494702e-01 -8.562416e-05 9.999998e-01 6.893268e-04 1.498898e-02 1.568265e-03 -6.891909e-04 9.999985e-01 -1.319817e+00
9.999362e-01 9.373238e-04 1.125813e-02 2.259589e-01 -8.566289e-04 9.999739e-01 -7.170388e-03 3.021528e-02 -1.126456e-02 7.160286e-03 9.999109e-01 -2.310295e+00
9.998322e-01 3.787987e-04 -1.831268e-02 2.099360e-01 -2.406686e-04 9.999715e-01 7.544477e-03 2.190392e-02 1.831502e-02 -7.538803e-03 9.998038e-01 -1.897159e+00
9.998288e-01 1.370955e-03 1.845380e-02 1.617454e-01 -1.301191e-03 9.999920e-01 -3.791958e-03 1.144474e-04 -1.845885e-02 3.767296e-03 9.998225e-01 -4.560565e-01
9.998020e-01 3.646145e-04 -1.989674e-02 1.358072e-01 -2.136457e-04 9.999712e-01 7.589211e-03 -2.269816e-02 1.989894e-02 -7.583456e-03 9.997732e-01 9.391848e-01
9.998082e-01 1.250778e-03 1.954476e-02 1.262068e-01 -1.175779e-03 9.999919e-01 -3.848313e-03 -4.880832e-02 -1.954942e-02 3.824594e-03 9.998016e-01 2.397602e+00
9.996721e-01 2.271945e-04 -2.560574e-02 1.539081e-01 -4.429813e-05 9.999745e-01 7.143126e-03 -6.995044e-02 2.560671e-02 -7.139649e-03 9.996466e-01 3.388073e+00
9.997969e-01 1.293766e-03 2.011241e-02 1.784343e-01 -1.216257e-03 9.999918e-01 -3.865512e-03 -9.062854e-02 -2.011725e-02 3.840264e-03 9.997903e-01 4.394794e+00
9.997333e-01 5.262856e-04 -2.308846e-02 1.602470e-01 -3.511317e-04 9.999711e-01 7.589609e-03 -1.108889e-01 2.309179e-02 -7.579477e-03 9.997046e-01 5.708890e+00
9.998214e-01 7.941835e-04 1.888227e-02 2.052024e-01 -7.236057e-04 9.999927e-01 -3.744320e-03 -1.369479e-01 -1.888511e-02 3.729988e-03 9.998147e-01 6.920851e+00
9.996119e-01 5.770505e-05 -2.785888e-02 2.894565e-01 1.041636e-04 9.999831e-01 5.808818e-03 -1.548249e-01 2.785875e-02 -5.809464e-03 9.995950e-01 7.510125e+00
9.998330e-01 6.006820e-04 1.826713e-02 3.586493e-01 -5.273839e-04 9.999918e-01 -4.017124e-03 -1.664271e-01 -1.826940e-02 4.006818e-03 9.998251e-01 7.807198e+00
9.998101e-01 2.142616e-04 -1.948436e-02 4.901541e-01 -1.680508e-04 9.999972e-01 2.373291e-03 -1.667353e-01 1.948481e-02 -2.369565e-03 9.998073e-01 7.481407e+00
9.998307e-01 7.440968e-04 1.838495e-02 6.461706e-01 -6.652750e-04 9.999906e-01 -4.293047e-03 -1.665947e-01 -1.838797e-02 4.280088e-03 9.998218e-01 7.135611e+00
9.998217e-01 -2.563926e-04 -1.888357e-02 7.776602e-01 2.963603e-04 9.999977e-01 2.113763e-03 -1.627547e-01 1.888299e-02 -2.118981e-03 9.998195e-01 6.655020e+00
9.998768e-01 8.061040e-04 1.567424e-02 8.908901e-01 -7.570840e-04 9.999948e-01 -3.133111e-03 -1.627159e-01 -1.567668e-02 3.120858e-03 9.998722e-01 6.356762e+00
9.997285e-01 -1.643652e-04 -2.329996e-02 1.006470e+00 2.557866e-04 9.999923e-01 3.920744e-03 -1.704416e-01 2.329913e-02 -3.925638e-03 9.997208e-01 6.387680e+00
9.998462e-01 6.267213e-04 1.752720e-02 1.113356e+00 -5.562551e-04 9.999917e-01 -4.024984e-03 -1.744693e-01 -1.752958e-02 4.014615e-03 9.998383e-01 6.252593e+00
9.997849e-01 -4.710908e-07 -2.073793e-02 1.230741e+00 5.679043e-05 9.999963e-01 2.715174e-03 -1.754841e-01 2.073786e-02 -2.715767e-03 9.997813e-01 5.943286e+00
9.999213e-01 5.128122e-04 1.253466e-02 1.326697e+00 -4.842189e-04 9.999973e-01 -2.284075e-03 -1.841026e-01 -1.253579e-02 2.277825e-03 9.999188e-01 6.026338e+00
9.997597e-01 6.762091e-04 -2.191144e-02 1.423538e+00 -5.675408e-04 9.999875e-01 4.965269e-03 -2.049419e-01 2.191452e-02 -4.951640e-03 9.997476e-01 6.767472e+00
9.999213e-01 6.109747e-04 1.253388e-02 1.537516e+00 -5.844558e-04 9.999976e-01 -2.119338e-03 -2.282643e-01 -1.253514e-02 2.111845e-03 9.999192e-01 7.598412e+00
9.997590e-01 6.523682e-04 -2.194492e-02 1.639035e+00 -5.445348e-04 9.999878e-01 4.919436e-03 -2.491200e-01 2.194786e-02 -4.906300e-03 9.997471e-01 8.331723e+00
9.999343e-01 2.832244e-04 1.146081e-02 1.723248e+00 -2.544327e-04 9.999968e-01 -2.513575e-03 -2.646134e-01 -1.146149e-02 2.510494e-03 9.999312e-01 8.783460e+00
9.998001e-01 4.603406e-04 -1.999066e-02 1.787117e+00 -4.028842e-04 9.999958e-01 2.878093e-03 -2.705381e-01 1.999190e-02 -2.869463e-03 9.997960e-01 8.748835e+00
9.998824e-01 1.266107e-04 1.533835e-02 1.843565e+00 -7.152250e-05 9.999935e-01 -3.592035e-03 -2.699353e-01 -1.533871e-02 3.590514e-03 9.998759e-01 8.496058e+00
9.998949e-01 1.768202e-04 -1.449403e-02 1.996077e+00 -1.619891e-04 9.999995e-01 1.024417e-03 -2.653968e-01 1.449421e-02 -1.021961e-03 9.998944e-01 7.971606e+00
9.998686e-01 4.272674e-04 1.620443e-02 1.611761e+00 -3.826405e-04 9.999961e-01 -2.757001e-03 -2.403090e-01 -1.620554e-02 2.750438e-03 9.998649e-01 7.806037e+00
9.998097e-01 1.576687e-04 -1.950976e-02 1.465024e+00 -1.210938e-04 9.999982e-01 1.875863e-03 -2.290690e-01 1.951002e-02 -1.873143e-03 9.998079e-01 7.572960e+00
9.997152e-01 3.476746e-04 2.386234e-02 9.873113e-01 -3.036569e-04 9.999982e-01 -1.848254e-03 -1.967616e-01 -2.386294e-02 1.840480e-03 9.997135e-01 7.540307e+00
9.996375e-01 1.901893e-04 -2.692187e-02 1.021682e+00 -1.722109e-04 9.999998e-01 6.701155e-04 -1.933975e-01 2.692199e-02 -6.652356e-04 9.996373e-01 7.224077e+00
9.997178e-01 3.578738e-04 2.375099e-02 9.243406e-01 -3.238754e-04 9.999989e-01 -1.435286e-03 -1.839071e-01 -2.375148e-02 1.427188e-03 9.997169e-01 6.949765e+00
9.996534e-01 2.130159e-04 -2.632603e-02 7.507981e-01 -2.072870e-04 1.000000e+00 2.203416e-04 -1.713800e-01 2.632608e-02 -2.148075e-04 9.996534e-01 6.684881e+00
9.997449e-01 2.957028e-04 2.258440e-02 5.903959e-01 -2.719389e-04 9.999994e-01 -1.055293e-03 -1.591634e-01 -2.258470e-02 1.048881e-03 9.997444e-01 6.469885e+00
9.995242e-01 2.049237e-04 -3.084211e-02 5.677935e-01 -1.700067e-04 9.999993e-01 1.134739e-03 -1.603468e-01 3.084232e-02 -1.128955e-03 9.995236e-01 6.409608e+00
9.996872e-01 4.132013e-04 2.500674e-02 4.225936e-01 -3.992815e-04 9.999998e-01 -5.616352e-04 -1.553406e-01 -2.500696e-02 5.514741e-04 9.996871e-01 6.537835e+00
9.995748e-01 6.953399e-05 -2.915683e-02 2.671482e-01 -3.825507e-05 9.999994e-01 1.073336e-03 -1.500112e-01 2.915689e-02 -1.071764e-03 9.995743e-01 6.680181e+00
9.997180e-01 3.495483e-04 2.374580e-02 1.390541e-01 -3.285858e-04 9.999996e-01 -8.866881e-04 -1.456284e-01 -2.374610e-02 8.786348e-04 9.997176e-01 6.763378e+00
9.996496e-01 2.522395e-04 -2.646830e-02 -1.030763e-01 -2.196661e-04 9.999992e-01 1.233555e-03 -1.332356e-01 2.646859e-02 -1.227308e-03 9.996489e-01 6.921171e+00
9.993879e-01 2.414632e-04 3.498299e-02 -7.166709e-01 -1.896180e-04 9.999989e-01 -1.485324e-03 -9.360499e-02 -3.498331e-02 1.477781e-03 9.993868e-01 7.108293e+00
9.999172e-01 6.553301e-04 -1.285018e-02 -1.761248e+00 -6.405890e-04 9.999991e-01 1.151235e-03 -2.285157e-02 1.285092e-02 -1.142908e-03 9.999168e-01 7.466703e+00
9.996718e-01 3.299777e-04 2.561761e-02 -2.401782e+00 -3.364035e-04 9.999999e-01 2.465216e-04 1.512351e-02 -2.561753e-02 -2.550592e-04 9.996718e-01 7.939943e+00
9.995186e-01 3.012317e-04 -3.102266e-02 -2.503531e+00 -2.677797e-04 9.999994e-01 1.082455e-03 1.576909e-02 3.102297e-02 -1.073626e-03 9.995181e-01 8.168432e+00
9.997781e-01 7.805030e-05 2.106293e-02 -2.451301e+00 -8.337844e-05 1.000000e+00 2.520817e-04 6.628493e-03 -2.106291e-02 -2.537827e-04 9.997781e-01 8.371306e+00
9.994798e-01 4.987200e-04 -3.224818e-02 -2.396951e+00 -4.533526e-04 9.999989e-01 1.414116e-03 -2.965893e-03 3.224885e-02 -1.398760e-03 9.994789e-01 8.571930e+00
9.988774e-01 1.219871e-04 4.737060e-02 -3.162788e+00 -2.504872e-05 9.999979e-01 -2.046973e-03 4.765994e-02 -4.737075e-02 2.043487e-03 9.988753e-01 9.058688e+00
9.996188e-01 7.232853e-04 -2.760019e-02 -4.144239e+00 -6.976569e-04 9.999993e-01 9.381720e-04 1.248377e-01 2.760085e-02 -9.185582e-04 9.996186e-01 9.264457e+00
9.997474e-01 -9.849464e-05 2.247432e-02 -4.282462e+00 8.783109e-05 9.999999e-01 4.754605e-04 1.291271e-01 -2.247437e-02 -4.733672e-04 9.997473e-01 9.481039e+00
9.996086e-01 7.429259e-04 -2.796440e-02 -4.362262e+00 -7.076596e-04 9.999989e-01 1.270987e-03 1.265574e-01 2.796531e-02 -1.250700e-03 9.996081e-01 9.896690e+00
9.997045e-01 -5.508695e-05 2.430890e-02 -4.507336e+00 4.652658e-05 9.999999e-01 3.527124e-04 1.283991e-01 -2.430892e-02 -3.514779e-04 9.997044e-01 1.036669e+01
9.996249e-01 1.045108e-03 -2.736723e-02 -4.621050e+00 -1.002269e-03 9.999983e-01 1.579019e-03 1.250803e-01 2.736883e-02 -1.550997e-03 9.996242e-01 1.102024e+01
9.997037e-01 -1.242644e-04 2.434035e-02 -4.705593e+00 1.054823e-04 9.999997e-01 7.729234e-04 1.185215e-01 -2.434044e-02 -7.701276e-04 9.997034e-01 1.163797e+01
9.995141e-01 7.438283e-04 -3.116080e-02 -4.761501e+00 -7.142483e-04 9.999993e-01 9.603873e-04 1.148738e-01 3.116149e-02 -9.376634e-04 9.995139e-01 1.197323e+01
9.997216e-01 -2.952584e-04 2.359331e-02 -4.839151e+00 2.908693e-04 9.999999e-01 1.894561e-04 1.153481e-01 -2.359337e-02 -1.825415e-04 9.997216e-01 1.208773e+01
9.995264e-01 8.602860e-04 -3.076070e-02 -4.933868e+00 -8.241868e-04 9.999990e-01 1.186208e-03 1.168930e-01 3.076169e-02 -1.160293e-03 9.995261e-01 1.225609e+01
9.997877e-01 -2.707070e-04 2.060392e-02 -4.916351e+00 2.566429e-04 9.999997e-01 6.852297e-04 1.093490e-01 -2.060410e-02 -6.797970e-04 9.997875e-01 1.247800e+01
9.996071e-01 8.012561e-04 -2.801872e-02 -4.983671e+00 -7.875955e-04 9.999996e-01 4.985842e-04 1.086583e-01 2.801911e-02 -4.763202e-04 9.996073e-01 1.265059e+01
9.991178e-01 -4.197621e-04 4.199333e-02 -5.662451e+00 4.167485e-04 9.999999e-01 8.051658e-05 1.516840e-01 -4.199336e-02 -6.294561e-05 9.991179e-01 1.342919e+01
9.999990e-01 1.092702e-03 -8.961218e-04 -7.245983e+00 -1.094532e-03 9.999973e-01 -2.044158e-03 2.689413e-01 8.938860e-04 2.045138e-03 9.999975e-01 1.415004e+01
9.997701e-01 -8.702109e-05 2.144010e-02 -8.221644e+00 6.299923e-05 9.999994e-01 1.121088e-03 3.443055e-01 -2.144018e-02 -1.119480e-03 9.997695e-01 1.445375e+01
9.996337e-01 4.024918e-04 -2.706055e-02 -8.345929e+00 -4.186476e-04 9.999997e-01 -5.913617e-04 3.494484e-01 2.706030e-02 6.024747e-04 9.996336e-01 1.447347e+01
9.997780e-01 1.853781e-04 2.106840e-02 -8.443288e+00 -2.255618e-04 9.999982e-01 1.904936e-03 3.504130e-01 -2.106800e-02 -1.909266e-03 9.997762e-01 1.473176e+01
9.996698e-01 4.155285e-04 -2.569329e-02 -8.493496e+00 -4.127429e-04 9.999999e-01 1.137193e-04 3.428438e-01 2.569334e-02 -1.030763e-04 9.996699e-01 1.532597e+01
9.995530e-01 1.831344e-04 2.989595e-02 -8.868473e+00 -2.256368e-04 9.999990e-01 1.418307e-03 3.604001e-01 -2.989566e-02 -1.424419e-03 9.995520e-01 1.611760e+01
9.997109e-01 8.126588e-04 -2.402881e-02 -9.280863e+00 -8.116532e-04 9.999997e-01 5.160205e-05 3.850863e-01 2.402885e-02 -3.208335e-05 9.997113e-01 1.681322e+01
9.998057e-01 -2.623039e-05 1.971361e-02 -9.341995e+00 -2.039440e-05 9.999972e-01 2.364899e-03 3.781464e-01 -1.971361e-02 -2.364843e-03 9.998029e-01 1.744706e+01
9.998925e-01 1.053417e-03 -1.462172e-02 -9.660109e+00 -1.061045e-03 9.999993e-01 -5.139337e-04 3.863626e-01 1.462117e-02 5.293935e-04 9.998930e-01 1.852813e+01
9.998171e-01 8.424592e-05 1.912547e-02 -9.880865e+00 -1.414594e-04 9.999955e-01 2.990147e-03 3.888204e-01 -1.912513e-02 -2.992306e-03 9.998126e-01 1.951667e+01
9.997031e-01 6.174952e-04 -2.435639e-02 -9.886291e+00 -6.359068e-04 9.999995e-01 -7.481890e-04 3.751024e-01 2.435592e-02 7.634560e-04 9.997031e-01 2.021949e+01
9.997744e-01 1.427955e-04 2.124191e-02 -9.899197e+00 -2.153637e-04 9.999941e-01 3.414025e-03 3.583345e-01 -2.124129e-02 -3.417830e-03 9.997685e-01 2.124895e+01
9.998577e-01 1.112386e-03 -1.682994e-02 -9.951935e+00 -1.110029e-03 9.999994e-01 1.493584e-04 3.318786e-01 1.683009e-02 -1.306547e-04 9.998584e-01 2.308744e+01
9.997791e-01 1.703591e-04 2.101639e-02 -9.948155e+00 -2.455099e-04 9.999936e-01 3.573287e-03 2.970616e-01 -2.101565e-02 -3.577658e-03 9.997727e-01 2.491375e+01
9.998585e-01 1.155612e-03 -1.678412e-02 -9.995612e+00 -1.158915e-03 9.999993e-01 -1.870985e-04 2.712007e-01 1.678389e-02 2.065241e-04 9.998591e-01 2.669663e+01
9.998280e-01 -8.873996e-05 1.854584e-02 -1.000655e+01 2.869403e-05 9.999948e-01 3.237941e-03 2.432048e-01 -1.854603e-02 -3.236853e-03 9.998228e-01 2.813871e+01
9.996776e-01 7.242413e-04 -2.538095e-02 -9.995825e+00 -7.519150e-04 9.999991e-01 -1.080810e-03 2.305923e-01 2.538014e-02 1.099547e-03 9.996773e-01 2.868788e+01
9.998639e-01 -1.427722e-04 1.649869e-02 -9.947595e+00 8.555583e-05 9.999940e-01 3.468586e-03 2.166589e-01 -1.649908e-02 -3.466703e-03 9.998579e-01 2.918450e+01
9.997717e-01 1.000294e-03 -2.134482e-02 -9.933107e+00 -1.025007e-03 9.999988e-01 -1.146904e-03 1.984716e-01 2.134365e-02 1.168521e-03 9.997715e-01 3.007634e+01
9.998289e-01 -2.312314e-04 1.849790e-02 -9.942916e+00 1.615732e-04 9.999929e-01 3.767140e-03 1.795737e-01 -1.849864e-02 -3.763507e-03 9.998218e-01 3.103858e+01
9.997492e-01 1.170222e-03 -2.236587e-02 -9.940062e+00 -1.192893e-03 9.999988e-01 -1.000308e-03 1.604072e-01 2.236468e-02 1.026738e-03 9.997494e-01 3.203672e+01
9.997889e-01 -2.383823e-05 2.054613e-02 -9.934557e+00 -6.321500e-05 9.999910e-01 4.236302e-03 1.358942e-01 -2.054605e-02 -4.236707e-03 9.997799e-01 3.338709e+01
9.997670e-01 1.104811e-03 -2.155780e-02 -9.939471e+00 -1.137564e-03 9.999982e-01 -1.507119e-03 1.128733e-01 2.155609e-02 1.531292e-03 9.997665e-01 3.455212e+01
9.996988e-01 -2.575213e-04 2.454110e-02 -1.008662e+01 1.646140e-04 9.999928e-01 3.787727e-03 1.048033e-01 -2.454190e-02 -3.782547e-03 9.996916e-01 3.573492e+01
9.998306e-01 7.577395e-04 -1.839241e-02 -1.026414e+01 -7.880503e-04 9.999983e-01 -1.640817e-03 9.577138e-02 1.839114e-02 1.655034e-03 9.998295e-01 3.704117e+01
9.998655e-01 -2.637896e-04 1.639855e-02 -1.035569e+01 2.057238e-04 9.999937e-01 3.542493e-03 8.894668e-02 -1.639938e-02 -3.538643e-03 9.998593e-01 3.776821e+01
9.997898e-01 7.408282e-04 -2.048861e-02 -1.045734e+01 -7.796315e-04 9.999979e-01 -1.885975e-03 8.800991e-02 2.048717e-02 1.901552e-03 9.997883e-01 3.824062e+01
9.998446e-01 5.744810e-06 1.763038e-02 -1.051303e+01 -7.901309e-05 9.999914e-01 4.155099e-03 7.947222e-02 -1.763021e-02 -4.155847e-03 9.998359e-01 3.895890e+01
9.997653e-01 5.297340e-04 -2.165920e-02 -1.053357e+01 -5.734694e-04 9.999978e-01 -2.013092e-03 6.492546e-02 2.165808e-02 2.025041e-03 9.997634e-01 3.972858e+01
9.998754e-01 -1.516652e-05 1.578279e-02 -1.055066e+01 -4.880474e-05 9.999918e-01 4.052832e-03 5.477130e-02 -1.578272e-02 -4.053098e-03 9.998672e-01 4.030506e+01
9.997641e-01 5.763381e-04 -2.171034e-02 -1.055721e+01 -6.166912e-04 9.999981e-01 -1.852060e-03 4.317534e-02 2.170923e-02 1.865013e-03 9.997626e-01 4.089447e+01
9.998683e-01 6.466542e-05 1.623171e-02 -1.057181e+01 -1.304045e-04 9.999918e-01 4.049014e-03 3.145144e-02 -1.623131e-02 -4.050598e-03 9.998601e-01 4.156195e+01
9.997385e-01 4.120530e-04 -2.286388e-02 -1.057616e+01 -4.573976e-04 9.999979e-01 -1.978048e-03 2.085614e-02 2.286302e-02 1.987989e-03 9.997366e-01 4.205112e+01
9.998992e-01 -4.904783e-06 1.419932e-02 -1.057277e+01 -4.501567e-05 9.999938e-01 3.515368e-03 1.360998e-02 -1.419925e-02 -3.515653e-03 9.998930e-01 4.234602e+01
9.997464e-01 5.534069e-04 -2.251155e-02 -1.057052e+01 -5.896357e-04 9.999985e-01 -1.602741e-03 5.284177e-03 2.251063e-02 1.615609e-03 9.997453e-01 4.270498e+01
9.998649e-01 6.330224e-05 1.643698e-02 -1.060775e+01 -1.213115e-04 9.999938e-01 3.528217e-03 -1.111176e-03 -1.643666e-02 -3.529735e-03 9.998587e-01 4.319005e+01
9.997881e-01 3.658352e-04 -2.058449e-02 -1.070828e+01 -4.070820e-04 9.999979e-01 -1.999629e-03 -3.049834e-03 2.058371e-02 2.007586e-03 9.997861e-01 4.369352e+01
9.999148e-01 1.459957e-04 1.305433e-02 -1.073143e+01 -1.959415e-04 9.999927e-01 3.824793e-03 -9.488608e-03 -1.305367e-02 -3.827025e-03 9.999075e-01 4.406319e+01
9.997861e-01 5.331304e-04 -2.067425e-02 -1.072780e+01 -5.665854e-04 9.999985e-01 -1.612378e-03 -1.960205e-02 2.067337e-02 1.623748e-03 9.997850e-01 4.451401e+01
9.999236e-01 2.124458e-06 1.236435e-02 -1.070645e+01 -4.908836e-05 9.999928e-01 3.798024e-03 -3.232996e-02 -1.236425e-02 -3.798341e-03 9.999163e-01 4.503187e+01
9.997904e-01 8.470788e-04 -2.045810e-02 -1.067300e+01 -8.735963e-04 9.999988e-01 -1.287289e-03 -4.619353e-02 2.045699e-02 1.304892e-03 9.997899e-01 4.561564e+01
9.999133e-01 -2.039889e-04 1.316815e-02 -1.064475e+01 1.562432e-04 9.999934e-01 3.626768e-03 -6.129245e-02 -1.316881e-02 -3.624396e-03 9.999067e-01 4.621016e+01
9.997417e-01 1.006423e-03 -2.270637e-02 -1.060241e+01 -1.038953e-03 9.999985e-01 -1.420886e-03 -7.392006e-02 2.270491e-02 1.444110e-03 9.997412e-01 4.662088e+01
9.998755e-01 4.047321e-05 1.577786e-02 -1.058420e+01 -1.043118e-04 9.999918e-01 4.045275e-03 -8.991793e-02 -1.577757e-02 -4.046418e-03 9.998673e-01 4.735455e+01
9.997945e-01 7.263286e-04 -2.025921e-02 -1.059549e+01 -8.161837e-04 9.999899e-01 -4.427362e-03 -9.192598e-02 2.025579e-02 4.442988e-03 9.997850e-01 4.735557e+01
9.998553e-01 -1.193316e-04 1.701291e-02 -1.060977e+01 2.673043e-05 9.999852e-01 5.443109e-03 -9.990533e-02 -1.701331e-02 -5.441867e-03 9.998405e-01 4.799357e+01
9.998022e-01 5.426476e-04 -1.988121e-02 -1.049361e+01 -6.340136e-04 9.999893e-01 -4.589589e-03 -1.181693e-01 1.987850e-02 4.601287e-03 9.997918e-01 4.859283e+01
9.998433e-01 1.330758e-04 1.770413e-02 -1.022709e+01 -1.853037e-04 9.999956e-01 2.948427e-03 -1.288567e-01 -1.770366e-02 -2.951246e-03 9.998389e-01 4.868720e+01
9.998459e-01 1.245943e-03 -1.750923e-02 -1.024644e+01 -1.236378e-03 9.999991e-01 5.570905e-04 -1.495041e-01 1.750991e-02 -5.353560e-04 9.998465e-01 5.018683e+01
9.998085e-01 -4.933502e-04 1.956216e-02 -1.022391e+01 4.433039e-04 9.999966e-01 2.562568e-03 -1.829212e-01 -1.956336e-02 -2.553406e-03 9.998054e-01 5.186094e+01
9.996413e-01 1.185693e-03 -2.675737e-02 -1.021132e+01 -1.210119e-03 9.999989e-01 -8.966773e-04 -1.971051e-01 2.675627e-02 9.287360e-04 9.996416e-01 5.245610e+01
9.997194e-01 -5.978707e-04 2.368129e-02 -1.028159e+01 5.307519e-04 9.999958e-01 2.840434e-03 -2.040503e-01 -2.368289e-02 -2.827069e-03 9.997155e-01 5.316878e+01
9.997598e-01 1.122634e-03 -2.188836e-02 -1.045152e+01 -1.152518e-03 9.999984e-01 -1.352737e-03 -2.072393e-01 2.188681e-02 1.377639e-03 9.997595e-01 5.410822e+01
9.996958e-01 -4.606686e-04 2.465851e-02 -1.058617e+01 3.777963e-04 9.999943e-01 3.365350e-03 -2.159978e-01 -2.465991e-02 -3.355011e-03 9.996903e-01 5.520981e+01
9.997295e-01 7.497908e-04 -2.324548e-02 -1.074799e+01 -7.893358e-04 9.999983e-01 -1.692066e-03 -2.175594e-01 2.324417e-02 1.709958e-03 9.997284e-01 5.608324e+01
9.996976e-01 -3.669728e-04 2.458749e-02 -1.095046e+01 2.872825e-04 9.999947e-01 3.244538e-03 -2.122595e-01 -2.458855e-02 -3.236495e-03 9.996924e-01 5.680017e+01
9.996392e-01 7.979687e-04 -2.684830e-02 -1.104286e+01 -8.857531e-04 9.999943e-01 -3.257912e-03 -2.079442e-01 2.684555e-02 3.280519e-03 9.996342e-01 5.694779e+01
9.995194e-01 2.409453e-04 3.099885e-02 -1.078108e+01 -1.872621e-04 9.999985e-01 -1.734677e-03 -2.016207e-01 -3.099922e-02 1.728038e-03 9.995179e-01 5.607338e+01
9.998981e-01 1.250052e-03 -1.421974e-02 -1.038824e+01 -1.364618e-03 9.999667e-01 -8.049962e-03 -1.804257e-01 1.420921e-02 8.068547e-03 9.998665e-01 5.443971e+01
9.996444e-01 2.153018e-04 2.666491e-02 -1.013885e+01 -2.118237e-04 1.000000e+00 -1.332636e-04 -1.630038e-01 -2.666494e-02 1.275673e-04 9.996444e-01 5.327164e+01
9.995256e-01 8.678631e-04 -3.078585e-02 -9.981785e+00 -8.846580e-04 9.999995e-01 -5.319254e-04 -1.719269e-01 3.078537e-02 5.589087e-04 9.995259e-01 5.331548e+01
9.996115e-01 6.692960e-05 2.787020e-02 -9.852323e+00 -5.293953e-05 9.999999e-01 -5.027131e-04 -1.785812e-01 -2.787023e-02 5.010416e-04 9.996114e-01 5.322767e+01
9.997305e-01 9.898405e-04 -2.319178e-02 -9.650052e+00 -1.092771e-03 9.999896e-01 -4.425966e-03 -1.735446e-01 2.318716e-02 4.450117e-03 9.997212e-01 5.241117e+01
9.992165e-01 6.297607e-04 3.957160e-02 -9.398486e+00 -4.544524e-04 9.999900e-01 -4.438994e-03 -1.495545e-01 -3.957400e-02 4.417532e-03 9.992069e-01 5.099641e+01
9.995013e-01 2.007589e-04 -3.157622e-02 -9.380616e+00 -2.219372e-04 9.999998e-01 -6.672026e-04 -1.349148e-01 3.157608e-02 6.738786e-04 9.995011e-01 5.023674e+01
9.996815e-01 -1.222682e-04 2.523513e-02 -9.301541e+00 6.739217e-05 9.999976e-01 2.175423e-03 -1.507567e-01 -2.523533e-02 -2.173031e-03 9.996792e-01 5.096621e+01
9.995544e-01 4.427206e-04 -2.984636e-02 -9.255514e+00 -4.466623e-04 9.999999e-01 -1.254009e-04 -1.698182e-01 2.984631e-02 1.386770e-04 9.995545e-01 5.185097e+01
9.994171e-01 -7.064925e-05 3.413740e-02 -9.382352e+00 -7.597132e-06 9.999974e-01 2.291964e-03 -1.818661e-01 -3.413747e-02 -2.290888e-03 9.994145e-01 5.311759e+01
9.991129e-01 3.919498e-04 -4.211021e-02 -9.276028e+00 -4.226018e-04 9.999997e-01 -7.190015e-04 -2.003185e-01 4.210991e-02 7.361603e-04 9.991127e-01 5.374235e+01
9.993728e-01 1.693120e-04 3.541069e-02 -9.187173e+00 -2.096063e-04 9.999993e-01 1.134199e-03 -2.082381e-01 -3.541048e-02 -1.140911e-03 9.993722e-01 5.380671e+01
9.990099e-01 3.400476e-04 -4.448684e-02 -9.130127e+00 -3.477900e-04 9.999999e-01 -1.663012e-04 -2.177567e-01 4.448678e-02 1.816094e-04 9.990100e-01 5.403759e+01
9.991292e-01 2.141401e-04 4.172262e-02 -9.092117e+00 -1.763585e-04 9.999996e-01 -9.092216e-04 -2.174048e-01 -4.172280e-02 9.010710e-04 9.991288e-01 5.379497e+01
9.989910e-01 3.747996e-04 -4.490931e-02 -9.059903e+00 -4.003072e-04 9.999998e-01 -5.589918e-04 -2.179660e-01 4.490909e-02 5.764061e-04 9.989909e-01 5.362556e+01
9.957485e-01 1.803880e-03 9.209606e-02 -5.915008e+00 1.347671e-03 9.994159e-01 -3.414660e-02 -1.947853e-01 -9.210387e-02 3.412554e-02 9.951645e-01 4.772066e+01
9.999632e-01 7.021952e-03 -4.938491e-03 -2.896141e+00 -7.050919e-03 9.999579e-01 -5.872809e-03 -1.073619e-01 4.897045e-03 5.907414e-03 9.999706e-01 4.169626e+01
9.999640e-01 -6.350089e-03 -5.621735e-03 -2.832657e+00 6.394129e-03 9.999487e-01 7.850975e-03 -1.201468e-01 5.571592e-03 -7.886639e-03 9.999534e-01 4.207272e+01
9.999632e-01 7.112466e-03 -4.788581e-03 -2.781564e+00 -7.139819e-03 9.999582e-01 -5.719386e-03 -1.319038e-01 4.747701e-03 5.753366e-03 9.999722e-01 4.241270e+01
9.999730e-01 -6.349978e-03 -3.695790e-03 -2.754726e+00 6.379721e-03 9.999469e-01 8.092336e-03 -1.447232e-01 3.644207e-03 -8.115697e-03 9.999604e-01 4.297231e+01
9.999439e-01 6.985926e-03 7.957920e-03 -1.907190e+00 -6.846443e-03 9.998248e-01 -1.742205e-02 -1.471602e-01 -8.078234e-03 1.736659e-02 9.998166e-01 4.136191e+01
9.999456e-01 -4.854503e-03 9.234596e-03 -8.812631e-01 4.822059e-03 9.999821e-01 3.532276e-03 -1.262851e-01 -9.251579e-03 -3.487555e-03 9.999511e-01 3.943559e+01
9.997935e-01 5.766727e-03 -1.948791e-02 -8.138616e-01 -5.789747e-03 9.999826e-01 -1.125014e-03 -1.406625e-01 1.948108e-02 1.237612e-03 9.998095e-01 3.986787e+01
9.998417e-01 -4.576093e-03 1.719265e-02 -8.170615e-01 4.500650e-03 9.999801e-01 4.424211e-03 -1.607660e-01 -1.721255e-02 -4.346133e-03 9.998424e-01 4.115594e+01
9.998749e-01 6.156668e-03 -1.456986e-02 -8.270536e-01 -6.165635e-03 9.999808e-01 -5.706550e-04 -1.912535e-01 1.456607e-02 6.604168e-04 9.998937e-01 4.281177e+01
9.999039e-01 -4.916481e-03 1.296018e-02 -8.127245e-01 4.862578e-03 9.999794e-01 4.187360e-03 -2.175153e-01 -1.298050e-02 -4.123939e-03 9.999072e-01 4.416666e+01
9.998612e-01 5.996694e-03 -1.554270e-02 -7.979035e-01 -6.018884e-03 9.999809e-01 -1.381272e-03 -2.398887e-01 1.553412e-02 1.474631e-03 9.998783e-01 4.519864e+01
9.999707e-01 -5.548392e-03 5.273129e-03 -7.545680e-01 5.531410e-03 9.999795e-01 3.229557e-03 -2.496834e-01 -5.290940e-03 -3.200296e-03 9.999809e-01 4.546961e+01
9.998851e-01 5.951377e-03 -1.394282e-02 -7.087568e-01 -5.979875e-03 9.999801e-01 -2.003107e-03 -2.574219e-01 1.393063e-02 2.086253e-03 9.999008e-01 4.564386e+01
9.999505e-01 -5.635122e-03 8.204108e-03 -6.017390e-01 5.618342e-03 9.999821e-01 2.066836e-03 -2.594883e-01 -8.215608e-03 -2.020641e-03 9.999642e-01 4.545800e+01
9.999400e-01 5.928639e-03 -9.207105e-03 -4.697587e-01 -5.966214e-03 9.999740e-01 -4.059021e-03 -2.555295e-01 9.182801e-03 4.113710e-03 9.999494e-01 4.497327e+01
9.998929e-01 -5.610817e-03 1.351882e-02 -3.656751e-01 5.603531e-03 9.999841e-01 5.767790e-04 -2.451707e-01 -1.352184e-02 -5.009648e-04 9.999085e-01 4.428478e+01
9.999164e-01 5.853330e-03 -1.153185e-02 -2.421924e-01 -5.895101e-03 9.999762e-01 -3.591623e-03 -2.366350e-01 1.151056e-02 3.659305e-03 9.999271e-01 4.370086e+01
9.999628e-01 -5.629939e-03 6.533904e-03 -2.120093e-01 5.608346e-03 9.999788e-01 3.318451e-03 -2.358806e-01 -6.552448e-03 -3.281683e-03 9.999731e-01 4.355204e+01
9.999101e-01 5.974541e-03 -1.200139e-02 -1.798757e-01 -6.015733e-03 9.999761e-01 -3.399060e-03 -2.356190e-01 1.198080e-02 3.470952e-03 9.999222e-01 4.340888e+01
9.999810e-01 -5.486190e-03 2.825212e-03 -1.868643e-01 5.473253e-03 9.999746e-01 4.566541e-03 -2.413566e-01 -2.850193e-03 -4.550992e-03 9.999856e-01 4.361541e+01
9.999015e-01 6.004133e-03 -1.268923e-02 -1.517328e-01 -6.041968e-03 9.999774e-01 -2.945478e-03 -2.489646e-01 1.267126e-02 3.021856e-03 9.999152e-01 4.378300e+01
9.999651e-01 -5.650570e-03 6.147994e-03 -7.208218e-02 5.634651e-03 9.999807e-01 2.603492e-03 -2.513882e-01 -6.162587e-03 -2.568760e-03 9.999777e-01 4.359698e+01
9.999363e-01 5.921802e-03 -9.603796e-03 1.195373e-02 -5.958981e-03 9.999748e-01 -3.847284e-03 -2.484371e-01 9.580772e-03 3.904268e-03 9.999465e-01 4.324538e+01
9.999845e-01 -5.517089e-03 6.956795e-04 9.755833e-02 5.513781e-03 9.999739e-01 4.670881e-03 -2.546466e-01 -7.214313e-04 -4.666974e-03 9.999888e-01 4.323345e+01
9.999348e-01 5.969962e-03 -9.732656e-03 1.980387e-01 -6.007676e-03 9.999745e-01 -3.850313e-03 -2.619553e-01 9.709422e-03 3.908533e-03 9.999452e-01 4.324763e+01
9.999857e-01 -5.347973e-03 -7.830008e-05 2.462484e-01 5.348343e-03 9.999681e-01 5.928296e-03 -2.731492e-01 4.659292e-05 -5.928631e-03 9.999824e-01 4.359950e+01
9.999312e-01 5.771862e-03 -1.021430e-02 3.097405e-01 -5.813297e-03 9.999750e-01 -4.031590e-03 -2.836205e-01 1.019078e-02 4.090692e-03 9.999397e-01 4.386253e+01
9.999725e-01 -5.496582e-03 4.969133e-03 4.764722e-01 5.478974e-03 9.999787e-01 3.550141e-03 -2.863104e-01 -4.988542e-03 -3.522818e-03 9.999814e-01 4.359248e+01
9.999541e-01 5.803160e-03 -7.617268e-03 6.287223e-01 -5.839991e-03 9.999713e-01 -4.821841e-03 -2.861794e-01 7.589067e-03 4.866105e-03 9.999594e-01 4.321920e+01
9.999858e-01 -5.328225e-03 2.849736e-04 7.535661e-01 5.326602e-03 9.999711e-01 5.420958e-03 -2.925383e-01 -3.138497e-04 -5.419364e-03 9.999853e-01 4.318606e+01
9.999518e-01 5.849311e-03 -7.879423e-03 7.213650e-01 -5.882447e-03 9.999739e-01 -4.188855e-03 -2.953648e-01 7.854716e-03 4.235005e-03 9.999602e-01 4.333465e+01
9.999858e-01 -5.335767e-03 5.051458e-05 7.608741e-01 5.335482e-03 9.999754e-01 4.556981e-03 -2.988453e-01 -7.482862e-05 -4.556647e-03 9.999896e-01 4.331057e+01
9.999604e-01 5.617283e-03 -6.897910e-03 8.564010e-01 -5.648440e-03 9.999739e-01 -4.505758e-03 -3.019409e-01 6.872421e-03 4.544543e-03 9.999661e-01 4.314180e+01
9.999823e-01 -5.256735e-03 2.788005e-03 1.001515e+00 5.246326e-03 9.999793e-01 3.727639e-03 -3.026732e-01 -2.807543e-03 -3.712947e-03 9.999892e-01 4.282935e+01
9.998902e-01 5.828627e-03 -1.362633e-02 1.073689e+00 -5.856151e-03 9.999809e-01 -1.980905e-03 -3.128278e-01 1.361452e-02 2.060486e-03 9.999052e-01 4.302040e+01
9.999732e-01 -5.305463e-03 5.053422e-03 1.106879e+00 5.289918e-03 9.999813e-01 3.084510e-03 -3.195060e-01 -5.069693e-03 -3.057696e-03 9.999825e-01 4.312615e+01
9.999379e-01 5.577739e-03 -9.647493e-03 1.000702e+00 -5.610839e-03 9.999785e-01 -3.407306e-03 -3.140940e-01 9.628281e-03 3.461226e-03 9.999477e-01 4.308557e+01
9.999577e-01 -5.168472e-03 7.602820e-03 7.924805e-01 5.137800e-03 9.999786e-01 4.048328e-03 -3.032407e-01 -7.623581e-03 -4.009096e-03 9.999629e-01 4.330970e+01
9.999817e-01 6.022718e-03 -4.995269e-04 3.912067e-01 -6.023880e-03 9.999791e-01 -2.358905e-03 -2.811038e-01 4.853097e-04 2.361871e-03 9.999971e-01 4.418706e+01
9.999826e-01 -5.230005e-03 2.712280e-03 5.673542e-02 5.220081e-03 9.999797e-01 3.653232e-03 -2.604959e-01 -2.731331e-03 -3.639011e-03 9.999896e-01 4.460402e+01
9.999840e-01 5.561423e-03 1.068910e-03 1.466286e-01 -5.553495e-03 9.999581e-01 -7.282321e-03 -2.497795e-01 -1.109365e-03 7.276269e-03 9.999729e-01 4.392704e+01
9.999743e-01 -5.046042e-03 -5.090875e-03 1.378899e-01 5.077362e-03 9.999681e-01 6.158123e-03 -2.497041e-01 5.059638e-03 -6.183814e-03 9.999681e-01 4.381918e+01
9.999787e-01 5.502216e-03 -3.503688e-03 2.454205e-01 -5.521249e-03 9.999699e-01 -5.445923e-03 -2.569412e-01 3.473619e-03 5.465153e-03 9.999790e-01 4.384472e+01
9.999852e-01 -5.236007e-03 -1.460134e-03 3.019733e-01 5.243383e-03 9.999733e-01 5.094653e-03 -2.574941e-01 1.433419e-03 -5.102235e-03 9.999860e-01 4.363286e+01
9.999777e-01 5.618267e-03 3.615487e-03 4.216972e-01 -5.588653e-03 9.999512e-01 -8.149619e-03 -2.492924e-01 -3.661097e-03 8.129232e-03 9.999603e-01 4.302800e+01
9.999744e-01 -5.145920e-03 4.973882e-03 5.483995e-01 5.131158e-03 9.999824e-01 2.976072e-03 -2.346488e-01 -4.989110e-03 -2.950475e-03 9.999832e-01 4.210025e+01
9.999827e-01 5.606867e-03 1.760293e-03 7.051307e-01 -5.592619e-03 9.999524e-01 -7.997137e-03 -2.222426e-01 -1.805048e-03 7.987155e-03 9.999665e-01 4.125653e+01
9.999720e-01 -5.215560e-03 -5.368212e-03 8.647804e-01 5.252592e-03 9.999623e-01 6.907647e-03 -2.238456e-01 5.331983e-03 -6.935651e-03 9.999617e-01 4.094144e+01
9.999831e-01 5.812963e-03 1.033666e-04 1.001735e+00 -5.812061e-03 9.999568e-01 -7.248351e-03 -2.279321e-01 -1.454962e-04 7.247628e-03 9.999737e-01 4.075787e+01
9.999758e-01 -5.393442e-03 -4.389825e-03 1.102104e+00 5.421844e-03 9.999643e-01 6.484146e-03 -2.291133e-01 4.354696e-03 -6.507791e-03 9.999693e-01 4.049848e+01
9.999766e-01 5.903071e-03 -3.461535e-03 1.150732e+00 -5.924369e-03 9.999634e-01 -6.175101e-03 -2.351677e-01 3.424957e-03 6.195465e-03 9.999749e-01 4.055201e+01
9.999831e-01 -5.388484e-03 -2.181584e-03 1.189981e+00 5.401979e-03 9.999660e-01 6.227984e-03 -2.384522e-01 2.147950e-03 -6.239664e-03 9.999782e-01 4.047884e+01
9.999823e-01 5.773583e-03 1.422160e-03 1.301168e+00 -5.761341e-03 9.999476e-01 -8.466630e-03 -2.342345e-01 -1.470968e-03 8.458288e-03 9.999631e-01 4.001003e+01
9.999725e-01 -5.313148e-03 -5.174801e-03 1.438099e+00 5.351922e-03 9.999575e-01 7.508186e-03 -2.354424e-01 5.134689e-03 -7.535676e-03 9.999584e-01 3.972120e+01
9.999788e-01 5.778776e-03 2.988625e-03 1.555541e+00 -5.751422e-03 9.999422e-01 -9.081763e-03 -2.330644e-01 -3.040934e-03 9.064382e-03 9.999543e-01 3.930663e+01
9.999819e-01 -5.269080e-03 -2.894490e-03 1.649781e+00 5.288213e-03 9.999640e-01 6.642914e-03 -2.269123e-01 2.859383e-03 -6.658102e-03 9.999737e-01 3.878273e+01
9.999753e-01 5.800895e-03 3.958551e-03 1.735775e+00 -5.763473e-03 9.999392e-01 -9.400241e-03 -2.192985e-01 -4.012839e-03 9.377195e-03 9.999480e-01 3.822023e+01
9.999779e-01 -5.287612e-03 -4.033948e-03 1.826719e+00 5.315864e-03 9.999612e-01 7.025491e-03 -2.132270e-01 3.996643e-03 -7.046780e-03 9.999672e-01 3.771440e+01
9.999831e-01 5.759192e-03 7.556142e-04 1.920724e+00 -5.752619e-03 9.999479e-01 -8.430109e-03 -2.111488e-01 -8.041252e-04 8.425621e-03 9.999642e-01 3.735531e+01
9.999555e-01 -5.207270e-03 -7.870078e-03 2.003556e+00 5.274463e-03 9.999496e-01 8.541236e-03 -2.150925e-01 7.825204e-03 -8.582367e-03 9.999326e-01 3.725322e+01
9.999581e-01 5.871950e-03 7.017396e-03 2.064480e+00 -5.796822e-03 9.999262e-01 -1.067876e-02 -2.092706e-01 -7.079582e-03 1.063764e-02 9.999184e-01 3.676542e+01
9.999559e-01 -5.222656e-03 -7.808507e-03 2.117771e+00 5.283926e-03 9.999553e-01 7.846681e-03 -2.049466e-01 7.767177e-03 -7.887595e-03 9.999387e-01 3.632439e+01
9.999810e-01 6.005505e-03 1.392640e-03 2.199411e+00 -5.993918e-03 9.999486e-01 -8.180119e-03 -2.085131e-01 -1.441694e-03 8.171617e-03 9.999656e-01 3.616090e+01
9.999648e-01 -5.332563e-03 6.470266e-03 2.262229e+00 5.311675e-03 9.999806e-01 3.241162e-03 -1.930603e-01 -6.487425e-03 -3.206681e-03 9.999738e-01 3.527693e+01
9.999790e-01 6.095949e-03 -2.182806e-03 2.292549e+00 -6.112757e-03 9.999511e-01 -7.778348e-03 -1.835798e-01 2.135283e-03 7.791529e-03 9.999674e-01 3.466200e+01
9.999738e-01 -5.278786e-03 -4.946476e-03 2.315105e+00 5.327405e-03 9.999371e-01 9.868041e-03 -1.971203e-01 4.894073e-03 -9.894136e-03 9.999391e-01 3.526647e+01
9.999789e-01 6.142006e-03 -2.125585e-03 2.346700e+00 -6.157542e-03 9.999538e-01 -7.381247e-03 -2.138754e-01 2.080151e-03 7.394180e-03 9.999705e-01 3.596373e+01
9.999676e-01 -5.480868e-03 -5.890036e-03 2.385893e+00 5.535942e-03 9.999407e-01 9.375076e-03 -2.276986e-01 5.838303e-03 -9.407380e-03 9.999387e-01 3.647026e+01
9.999819e-01 5.992742e-03 5.617449e-04 2.426797e+00 -5.986995e-03 9.999348e-01 -9.727898e-03 -2.294295e-01 -6.200047e-04 9.724359e-03 9.999525e-01 3.631004e+01
9.999806e-01 -5.448306e-03 3.025256e-03 2.504791e+00 5.429400e-03 9.999659e-01 6.222759e-03 -2.187911e-01 -3.059056e-03 -6.206214e-03 9.999761e-01 3.563744e+01
9.999747e-01 5.825342e-03 -4.088592e-03 2.602384e+00 -5.859376e-03 9.999479e-01 -8.362029e-03 -2.146460e-01 4.039668e-03 8.385775e-03 9.999567e-01 3.519196e+01
9.999657e-01 -5.423112e-03 -6.259570e-03 2.694655e+00 5.481159e-03 9.999418e-01 9.293771e-03 -2.226383e-01 6.208805e-03 -9.327763e-03 9.999372e-01 3.525406e+01
9.999699e-01 5.934532e-03 -4.988234e-03 2.787097e+00 -5.972057e-03 9.999537e-01 -7.541805e-03 -2.328242e-01 4.943247e-03 7.571369e-03 9.999591e-01 3.541498e+01
9.999817e-01 -5.562827e-03 -2.379387e-03 2.950489e+00 5.580971e-03 9.999549e-01 7.688244e-03 -2.394523e-01 2.336511e-03 -7.701384e-03 9.999676e-01 3.528389e+01
9.999809e-01 5.880836e-03 -1.889930e-03 3.106311e+00 -5.896687e-03 9.999465e-01 -8.494100e-03 -2.413180e-01 1.839877e-03 8.505083e-03 9.999621e-01 3.497686e+01
9.999711e-01 -5.399365e-03 -5.351956e-03 3.230908e+00 5.444080e-03 9.999501e-01 8.375888e-03 -2.461972e-01 5.306464e-03 -8.404783e-03 9.999506e-01 3.483490e+01
9.999650e-01 5.951135e-03 -5.881647e-03 3.309752e+00 -5.988408e-03 9.999620e-01 -6.340144e-03 -2.578696e-01 5.843693e-03 6.375145e-03 9.999626e-01 3.511181e+01
9.999779e-01 -5.658270e-03 -3.497719e-03 3.389671e+00 5.685791e-03 9.999526e-01 7.908899e-03 -2.681730e-01 3.452802e-03 -7.928612e-03 9.999626e-01 3.530485e+01
9.999562e-01 6.134620e-03 -7.068243e-03 3.490546e+00 -6.179549e-03 9.999607e-01 -6.352213e-03 -2.792662e-01 7.028997e-03 6.395614e-03 9.999548e-01 3.552548e+01
9.999779e-01 -5.627713e-03 -3.542164e-03 3.565148e+00 5.657261e-03 9.999488e-01 8.387891e-03 -2.924336e-01 3.494778e-03 -8.407745e-03 9.999585e-01 3.588797e+01
9.999530e-01 6.218525e-03 -7.441198e-03 3.643095e+00 -6.265562e-03 9.999604e-01 -6.314648e-03 -3.041260e-01 7.401636e-03 6.360975e-03 9.999524e-01 3.616977e+01
9.999746e-01 -5.671110e-03 -4.317165e-03 3.714509e+00 5.706049e-03 9.999507e-01 8.124122e-03 -3.143738e-01 4.270880e-03 -8.148551e-03 9.999577e-01 3.635951e+01
9.999617e-01 6.167223e-03 -6.208395e-03 3.768050e+00 -6.208777e-03 9.999583e-01 -6.696345e-03 -3.233642e-01 6.166839e-03 6.734636e-03 9.999583e-01 3.652192e+01
9.999750e-01 -5.757231e-03 -4.100754e-03 3.892846e+00 5.790704e-03 9.999496e-01 8.198140e-03 -3.331339e-01 4.053348e-03 -8.221682e-03 9.999580e-01 3.662867e+01
9.999758e-01 6.182835e-03 -3.202936e-03 4.031321e+00 -6.207801e-03 9.999500e-01 -7.844651e-03 -3.401394e-01 3.154274e-03 7.864344e-03 9.999641e-01 3.654351e+01
9.999830e-01 -5.808375e-03 -5.083515e-04 4.159645e+00 5.811690e-03 9.999601e-01 6.783939e-03 -3.399648e-01 4.689273e-04 -6.786779e-03 9.999769e-01 3.623310e+01
9.999751e-01 6.167002e-03 -3.427924e-03 4.242705e+00 -6.192182e-03 9.999536e-01 -7.384129e-03 -3.411522e-01 3.382227e-03 7.405172e-03 9.999669e-01 3.609145e+01
9.999676e-01 -5.824536e-03 5.562361e-03 4.248943e+00 5.800042e-03 9.999735e-01 4.409531e-03 -3.305584e-01 -5.587897e-03 -4.377126e-03 9.999748e-01 3.550516e+01
9.999714e-01 6.467834e-03 3.925422e-03 4.309362e+00 -6.428283e-03 9.999293e-01 -1.000589e-02 -3.121839e-01 -3.989861e-03 9.980368e-03 9.999422e-01 3.457274e+01
9.999824e-01 -5.938305e-03 1.572149e-04 4.383531e+00 5.937224e-03 9.999634e-01 6.158719e-03 -3.008992e-01 -1.937817e-04 -6.157678e-03 9.999810e-01 3.387623e+01
9.999759e-01 6.486348e-03 2.460596e-03 4.470198e+00 -6.462573e-03 9.999335e-01 -9.549785e-03 -2.922326e-01 -2.522375e-03 9.533654e-03 9.999514e-01 3.323594e+01
9.999545e-01 -5.938022e-03 -7.464663e-03 4.531758e+00 5.999975e-03 9.999475e-01 8.304688e-03 -2.951911e-01 7.414958e-03 -8.349098e-03 9.999377e-01 3.308977e+01
9.999773e-01 6.718352e-03 5.742477e-04 4.622635e+00 -6.713335e-03 9.999428e-01 -8.331312e-03 -3.006937e-01 -6.301873e-04 8.327269e-03 9.999651e-01 3.296760e+01
9.999794e-01 -6.070037e-03 -2.088666e-03 4.742544e+00 6.082210e-03 9.999643e-01 5.872156e-03 -2.983580e-01 2.052947e-03 -5.884740e-03 9.999806e-01 3.248644e+01
9.999701e-01 6.999076e-03 -3.275138e-03 4.957710e+00 -7.020335e-03 9.999541e-01 -6.525088e-03 -3.066494e-01 3.229318e-03 6.547886e-03 9.999733e-01 3.233712e+01
9.999787e-01 -6.208879e-03 -2.001780e-03 5.113319e+00 6.221281e-03 9.999611e-01 6.250401e-03 -3.140107e-01 1.962894e-03 -6.262722e-03 9.999785e-01 3.224773e+01
9.999003e-01 7.095986e-03 1.221008e-02 5.305062e+00 -6.943082e-03 9.998975e-01 -1.251984e-02 -3.016567e-01 -1.229767e-02 1.243381e-02 9.998471e-01 3.115626e+01
9.999803e-01 -5.926981e-03 -2.065053e-03 5.519856e+00 5.938776e-03 9.999658e-01 5.753312e-03 -2.856993e-01 2.030883e-03 -5.765463e-03 9.999813e-01 3.010071e+01
9.999649e-01 6.419481e-03 -5.378856e-03 5.596863e+00 -6.449780e-03 9.999633e-01 -5.634725e-03 -2.905564e-01 5.342487e-03 5.669221e-03 9.999697e-01 3.004217e+01
9.999697e-01 -6.080822e-03 -4.852640e-03 5.683994e+00 6.115313e-03 9.999559e-01 7.124666e-03 -3.017348e-01 4.809102e-03 -7.154126e-03 9.999628e-01 3.028256e+01
9.999729e-01 6.959693e-03 -2.412179e-03 5.924595e+00 -6.977280e-03 9.999486e-01 -7.361002e-03 -3.098059e-01 2.360825e-03 7.377634e-03 9.999700e-01 3.011891e+01
9.999719e-01 -6.384218e-03 -3.920274e-03 6.065675e+00 6.411959e-03 9.999542e-01 7.104942e-03 -3.141091e-01 3.874735e-03 -7.129880e-03 9.999671e-01 2.993961e+01
9.999729e-01 6.833611e-03 -2.730846e-03 6.183020e+00 -6.852428e-03 9.999524e-01 -6.941700e-03 -3.187839e-01 2.683279e-03 6.960226e-03 9.999722e-01 2.982213e+01
9.999646e-01 -6.198197e-03 -5.687999e-03 6.472693e+00 6.241047e-03 9.999520e-01 7.546871e-03 -3.329154e-01 5.640949e-03 -7.582104e-03 9.999553e-01 2.981839e+01
9.999720e-01 6.776173e-03 -3.182997e-03 6.925182e+00 -6.799611e-03 9.999494e-01 -7.411236e-03 -3.553116e-01 3.132616e-03 7.432673e-03 9.999675e-01 2.998170e+01
9.999723e-01 -5.685128e-03 4.808881e-03 7.400204e+00 5.669987e-03 9.999789e-01 3.156189e-03 -3.524373e-01 -4.826723e-03 -3.128836e-03 9.999835e-01 2.901600e+01
9.999472e-01 6.932357e-03 7.584427e-03 7.688927e+00 -6.846348e-03 9.999126e-01 -1.130795e-02 -3.364229e-01 -7.662155e-03 1.125543e-02 9.999073e-01 2.777186e+01
9.999374e-01 -6.065705e-03 -9.406286e-03 7.869568e+00 6.150252e-03 9.999407e-01 8.985706e-03 -3.360599e-01 9.351224e-03 -9.042995e-03 9.999154e-01 2.735834e+01
9.999549e-01 6.624968e-03 6.807580e-03 7.984677e+00 -6.552628e-03 9.999224e-01 -1.059436e-02 -3.334332e-01 -6.877238e-03 1.054927e-02 9.999207e-01 2.694362e+01
9.998994e-01 -6.132656e-03 -1.279375e-02 8.050007e+00 6.273134e-03 9.999202e-01 1.096918e-02 -3.387969e-01 1.272546e-02 -1.104834e-02 9.998580e-01 2.706529e+01
9.999538e-01 6.781130e-03 6.807041e-03 8.320807e+00 -6.705919e-03 9.999169e-01 -1.101174e-02 -3.531432e-01 -6.881147e-03 1.096558e-02 9.999162e-01 2.710356e+01
9.999308e-01 -5.822603e-03 -1.022479e-02 8.561631e+00 5.918774e-03 9.999383e-01 9.400802e-03 -3.579800e-01 1.016942e-02 -9.460670e-03 9.999035e-01 2.674654e+01
9.999525e-01 6.991468e-03 6.792575e-03 8.926348e+00 -6.914020e-03 9.999116e-01 -1.135922e-02 -3.672367e-01 -6.871392e-03 1.131172e-02 9.999124e-01 2.636984e+01
9.999732e-01 -5.497056e-03 -4.844545e-03 9.427568e+00 5.529778e-03 9.999618e-01 6.767178e-03 -3.669745e-01 4.807160e-03 -6.793787e-03 9.999654e-01 2.547410e+01
9.998789e-01 6.884453e-03 1.396010e-02 9.709898e+00 -6.697115e-03 9.998875e-01 -1.342219e-02 -3.524722e-01 -1.405094e-02 1.332707e-02 9.998125e-01 2.434912e+01
9.999795e-01 -5.879147e-03 -2.555895e-03 9.802704e+00 5.896702e-03 9.999587e-01 6.916005e-03 -3.321885e-01 2.515129e-03 -6.930935e-03 9.999728e-01 2.328293e+01
