9.999876e-01 1.397114e-03 -4.786511e-03 7.227060e-02 -1.404948e-03 9.999977e-01 -1.633691e-03 -5.389480e-04 4.784217e-03 1.640395e-03 9.999872e-01 -2.475357e-01
9.999993e-01 1.151917e-03 -1.376152e-04 2.382043e-01 -1.152000e-03 9.999992e-01 -6.052039e-04 1.779896e-03 1.369182e-04 6.053628e-04 9.999998e-01 -7.573537e-01
9.999769e-01 1.696643e-03 -6.581109e-03 5.814068e-01 -1.715997e-03 9.999942e-01 -2.936205e-03 1.293020e-02 6.576089e-03 2.947430e-03 9.999740e-01 -1.781115e+00
9.999993e-01 5.777951e-04 1.034974e-03 7.478173e-01 -5.779235e-04 9.999998e-01 1.238170e-04 1.815076e-02 -1.034902e-03 -1.244143e-04 9.999995e-01 -2.413352e+00
9.999872e-01 1.210679e-03 -4.916496e-03 8.630536e-01 -1.222026e-03 9.999966e-01 -2.305558e-03 1.800993e-02 4.913688e-03 2.311536e-03 9.999853e-01 -2.774859e+00
9.999989e-01 5.569055e-04 -1.343145e-03 9.538708e-01 -5.554061e-04 9.999992e-01 1.116396e-03 6.394668e-03 1.343766e-03 -1.115648e-03 9.999985e-01 -2.513712e+00
9.999974e-01 9.883203e-04 -2.075215e-03 1.054181e+00 -9.967465e-04 9.999912e-01 -4.063286e-03 4.134648e-03 2.071181e-03 4.065343e-03 9.999896e-01 -2.817053e+00
9.999589e-01 3.310533e-03 8.441111e-03 1.199017e+00 -3.289096e-03 9.999913e-01 -2.552188e-03 4.146949e-02 -8.449486e-03 2.524321e-03 9.999611e-01 -4.961634e+00
9.999629e-01 2.171008e-03 8.340497e-03 1.275650e+00 -2.119445e-03 9.999786e-01 -6.186159e-03 9.159411e-02 -8.353749e-03 6.168252e-03 9.999461e-01 -7.718171e+00
9.999944e-01 3.086322e-03 1.321730e-03 1.338148e+00 -3.085880e-03 9.999952e-01 -3.364423e-04 1.349316e-01 -1.322762e-03 3.323624e-04 9.999991e-01 -1.005050e+01
9.998154e-01 2.089906e-03 1.910017e-02 1.475016e+00 -1.901988e-03 9.999497e-01 -9.851413e-03 1.892267e-01 -1.911979e-02 9.813265e-03 9.997690e-01 -1.318067e+01
9.999792e-01 6.442977e-03 4.059340e-04 1.694617e+00 -6.441755e-03 9.999749e-01 -2.941871e-03 2.618413e-01 -4.248779e-04 2.939196e-03 9.999956e-01 -1.728798e+01
9.999842e-01 -1.038374e-03 5.519479e-03 1.758341e+00 1.062189e-03 9.999901e-01 -4.313564e-03 3.106233e-01 -5.514945e-03 4.319358e-03 9.999755e-01 -1.972617e+01
9.999888e-01 4.273791e-03 2.009515e-03 1.878674e+00 -4.271267e-03 9.999901e-01 -1.258522e-03 3.370861e-01 -2.014874e-03 1.249926e-03 9.999972e-01 -2.134294e+01
9.999974e-01 -2.057529e-04 2.279543e-03 2.128673e+00 2.182319e-04 9.999850e-01 -5.475427e-03 3.740171e-01 -2.278383e-03 5.475909e-03 9.999824e-01 -2.353699e+01
9.999855e-01 3.477826e-03 -4.118547e-03 2.510298e+00 -3.479554e-03 9.999939e-01 -4.124590e-04 3.925181e-01 4.117088e-03 4.267844e-04 9.999914e-01 -2.514250e+01
9.999994e-01 -3.729288e-04 9.883286e-04 2.945779e+00 3.799483e-04 9.999746e-01 -7.111849e-03 4.087426e-01 -9.856516e-04 7.112220e-03 9.999742e-01 -2.677031e+01
9.999847e-01 4.143337e-03 -3.651786e-03 3.404659e+00 -4.145492e-03 9.999912e-01 -5.827425e-04 4.344640e-01 3.649340e-03 5.978728e-04 9.999932e-01 -2.878843e+01
9.999991e-01 8.845184e-05 1.366012e-03 3.853053e+00 -7.823333e-05 9.999720e-01 -7.478799e-03 4.590027e-01 -1.366636e-03 7.478684e-03 9.999711e-01 -3.080264e+01
9.999871e-01 3.532154e-03 -3.636987e-03 4.248472e+00 -3.533219e-03 9.999937e-01 -2.865025e-04 4.775861e-01 3.635952e-03 2.993498e-04 9.999933e-01 -3.255351e+01
9.999997e-01 -1.943847e-04 8.121876e-04 4.614791e+00 1.998604e-04 9.999772e-01 -6.747274e-03 4.899423e-01 -8.108578e-04 6.747433e-03 9.999769e-01 -3.401369e+01
9.999890e-01 3.970648e-03 -2.515727e-03 5.109632e+00 -3.976832e-03 9.999891e-01 -2.457600e-03 5.154456e-01 2.505941e-03 2.467578e-03 9.999938e-01 -3.613039e+01
9.999985e-01 5.320215e-04 1.624624e-03 5.469278e+00 -5.238366e-04 9.999872e-01 -5.034346e-03 5.464232e-01 -1.627282e-03 5.033487e-03 9.999860e-01 -3.828426e+01
9.999732e-01 3.007621e-03 -6.672183e-03 5.825350e+00 -3.016705e-03 9.999945e-01 -1.351712e-03 5.598588e-01 6.668081e-03 1.371804e-03 9.999768e-01 -3.965946e+01
9.999905e-01 6.113460e-04 4.305744e-03 6.283008e+00 -5.834106e-04 9.999788e-01 -6.486223e-03 5.723181e-01 -4.309618e-03 6.483649e-03 9.999697e-01 -4.126358e+01
9.999421e-01 2.553217e-03 -1.045202e-02 6.720541e+00 -2.560529e-03 9.999965e-01 -6.862993e-04 5.820401e-01 1.045023e-02 7.130230e-04 9.999451e-01 -4.262814e+01
9.999904e-01 5.605431e-04 4.356715e-03 7.132983e+00 -5.314557e-04 9.999776e-01 -6.674737e-03 5.818464e-01 -4.360360e-03 6.672357e-03 9.999682e-01 -4.360754e+01
9.999700e-01 2.826300e-03 -7.216337e-03 7.570830e+00 -2.839501e-03 9.999943e-01 -1.819724e-03 5.872636e-01 7.211153e-03 1.840161e-03 9.999723e-01 -4.494451e+01
9.999848e-01 1.331118e-03 5.350125e-03 8.097932e+00 -1.289373e-03 9.999688e-01 -7.798516e-03 6.097286e-01 -5.360339e-03 7.791499e-03 9.999553e-01 -4.704515e+01
9.999365e-01 2.191726e-03 -1.105520e-02 8.511935e+00 -2.192151e-03 9.999976e-01 -2.634335e-05 6.182892e-01 1.105511e-02 5.057705e-05 9.999389e-01 -4.837610e+01
9.999941e-01 1.019332e-03 3.271131e-03 8.893550e+00 -9.939345e-04 9.999694e-01 -7.756460e-03 6.110098e-01 -3.278938e-03 7.753163e-03 9.999646e-01 -4.899842e+01
9.999331e-01 1.048968e-03 -1.151557e-02 9.283915e+00 -1.037441e-03 9.999990e-01 1.006961e-03 5.910092e-01 1.151661e-02 -9.949463e-04 9.999332e-01 -4.905460e+01
9.999928e-01 1.870542e-03 3.312075e-03 9.688822e+00 -1.841887e-03 9.999610e-01 -8.633719e-03 5.772832e-01 -3.328096e-03 8.627555e-03 9.999572e-01 -4.944509e+01
9.999280e-01 -5.564670e-04 -1.198590e-02 1.004900e+01 5.933455e-04 9.999951e-01 3.073482e-03 5.524611e-01 1.198414e-02 -3.080372e-03 9.999234e-01 -4.919505e+01
9.999974e-01 1.639482e-03 1.581917e-03 1.035221e+01 -1.625778e-03 9.999615e-01 -8.626100e-03 5.187288e-01 -1.595999e-03 8.623505e-03 9.999615e-01 -4.838730e+01
9.999285e-01 -5.961440e-04 -1.194312e-02 1.061392e+01 6.338450e-04 9.999948e-01 3.153169e-03 4.868204e-01 1.194118e-02 -3.160513e-03 9.999237e-01 -4.759369e+01
9.999940e-01 1.906214e-03 2.878830e-03 1.086322e+01 -1.880309e-03 9.999580e-01 -8.974352e-03 4.613626e-01 -2.895817e-03 8.968885e-03 9.999556e-01 -4.713063e+01
9.999198e-01 -4.893382e-04 -1.265338e-02 1.118160e+01 5.218778e-04 9.999966e-01 2.568435e-03 4.373779e-01 1.265208e-02 -2.574832e-03 9.999166e-01 -4.683686e+01
9.999941e-01 1.004817e-03 3.287206e-03 1.143484e+01 -9.774650e-04 9.999650e-01 -8.311852e-03 4.041371e-01 -3.295444e-03 8.308589e-03 9.999601e-01 -4.598781e+01
9.999332e-01 1.222732e-03 -1.149679e-02 1.168581e+01 -1.220587e-03 9.999992e-01 1.935703e-04 3.903053e-01 1.149702e-02 -1.795238e-04 9.999339e-01 -4.612901e+01
9.999935e-01 1.585465e-03 3.243601e-03 1.209388e+01 -1.557268e-03 9.999611e-01 -8.677228e-03 3.710364e-01 -3.257232e-03 8.672120e-03 9.999571e-01 -4.634996e+01
9.999247e-01 1.546046e-03 -1.217690e-02 1.258777e+01 -1.557673e-03 9.999983e-01 -9.453920e-04 3.556891e-01 1.217542e-02 9.642891e-04 9.999254e-01 -4.687465e+01
9.999934e-01 8.904524e-04 3.532684e-03 1.308188e+01 -8.615834e-04 9.999663e-01 -8.165129e-03 3.327237e-01 -3.539836e-03 8.162030e-03 9.999604e-01 -4.705463e+01
9.999234e-01 1.394475e-03 -1.229591e-02 1.348769e+01 -1.392500e-03 9.999990e-01 1.691541e-04 3.076193e-01 1.229613e-02 -1.520184e-04 9.999244e-01 -4.697666e+01
9.999996e-01 7.981969e-04 -4.098559e-04 1.382685e+01 -8.011022e-04 9.999742e-01 -7.137738e-03 2.746788e-01 4.041477e-04 7.138063e-03 9.999744e-01 -4.618911e+01
9.999868e-01 1.908647e-03 -4.766092e-03 1.422714e+01 -1.910980e-03 9.999981e-01 -4.850064e-04 2.578810e-01 4.765158e-03 4.941086e-04 9.999885e-01 -4.653280e+01
9.999972e-01 -4.072488e-04 -2.323488e-03 1.464457e+01 3.965488e-04 9.999893e-01 -4.603697e-03 2.288281e-01 2.325338e-03 4.602762e-03 9.999867e-01 -4.629578e+01
9.999796e-01 5.622285e-03 -3.026636e-03 1.531797e+01 -5.632200e-03 9.999788e-01 -3.277681e-03 2.439136e-01 3.008144e-03 3.294662e-03 9.999900e-01 -4.823464e+01
9.999660e-01 -2.721705e-03 -7.789182e-03 1.575047e+01 2.718732e-03 9.999962e-01 -3.922013e-04 2.381957e-01 7.790220e-03 3.710106e-04 9.999696e-01 -4.874396e+01
9.999929e-01 3.756451e-03 3.109434e-04 1.600566e+01 -3.755163e-03 9.999848e-01 -4.044253e-03 2.234795e-01 -3.261305e-04 4.043058e-03 9.999918e-01 -4.861343e+01
9.999767e-01 -9.415618e-04 -6.761506e-03 1.617109e+01 9.470915e-04 9.999992e-01 8.146949e-04 2.243584e-01 6.760733e-03 -8.210804e-04 9.999768e-01 -4.909357e+01
9.999844e-01 3.789805e-03 4.115477e-03 1.624267e+01 -3.772340e-03 9.999839e-01 -4.243318e-03 2.408857e-01 -4.131492e-03 4.227727e-03 9.999825e-01 -5.005881e+01
9.999941e-01 -1.081295e-03 -3.259328e-03 1.628116e+01 1.086594e-03 9.999981e-01 1.624646e-03 2.606984e-01 3.257565e-03 -1.628179e-03 9.999934e-01 -5.108653e+01
9.999670e-01 4.384674e-03 6.844402e-03 1.627595e+01 -4.351292e-03 9.999786e-01 -4.884543e-03 2.873273e-01 -6.865673e-03 4.854600e-03 9.999646e-01 -5.234955e+01
9.999991e-01 -1.339557e-03 4.752912e-05 1.615110e+01 1.339498e-03 9.999984e-01 1.207223e-03 3.222593e-01 -4.914644e-05 -1.207159e-03 9.999993e-01 -5.377021e+01
9.999900e-01 4.468101e-03 2.548127e-04 1.617728e+01 -4.467333e-03 9.999857e-01 -2.938945e-03 3.402340e-01 -2.679403e-04 2.937778e-03 9.999956e-01 -5.470142e+01
9.999951e-01 -1.612282e-03 2.694331e-03 1.623248e+01 1.615636e-03 9.999979e-01 -1.243169e-03 3.659714e-01 -2.692321e-03 1.247515e-03 9.999956e-01 -5.608129e+01
9.999553e-01 5.844860e-03 7.433880e-03 1.622872e+01 -5.814002e-03 9.999744e-01 -4.165803e-03 4.100134e-01 -7.458038e-03 4.122397e-03 9.999637e-01 -5.814522e+01
9.999920e-01 -1.596942e-03 3.668125e-03 1.625291e+01 1.602688e-03 9.999975e-01 -1.563936e-03 4.545580e-01 -3.665619e-03 1.569801e-03 9.999920e-01 -6.029662e+01
9.999706e-01 5.905800e-03 4.891353e-03 1.627173e+01 -5.888087e-03 9.999761e-01 -3.627683e-03 4.985381e-01 -4.912660e-03 3.598777e-03 9.999815e-01 -6.235499e+01
9.999744e-01 -1.539184e-03 6.982101e-03 1.627015e+01 1.555812e-03 9.999960e-01 -2.376745e-03 5.452449e-01 -6.978415e-03 2.387547e-03 9.999728e-01 -6.454638e+01
9.999712e-01 5.742147e-03 4.957429e-03 1.616766e+01 -5.724682e-03 9.999774e-01 -3.530137e-03 5.980050e-01 -4.977587e-03 3.501657e-03 9.999815e-01 -6.681277e+01
9.999606e-01 -1.459674e-03 8.753743e-03 1.604446e+01 1.480123e-03 9.999962e-01 -2.330087e-03 6.515862e-01 -8.750309e-03 2.342951e-03 9.999590e-01 -6.909558e+01
9.999618e-01 5.618239e-03 6.688920e-03 1.590700e+01 -5.592489e-03 9.999769e-01 -3.862149e-03 7.053786e-01 -6.710464e-03 3.824595e-03 9.999702e-01 -7.138822e+01
9.999823e-01 -1.791659e-03 5.672718e-03 1.579412e+01 1.799685e-03 9.999974e-01 -1.410115e-03 7.531862e-01 -5.670177e-03 1.420299e-03 9.999829e-01 -7.343076e+01
9.999595e-01 5.432113e-03 7.171407e-03 1.565628e+01 -5.402399e-03 9.999768e-01 -4.156293e-03 8.036198e-01 -7.193817e-03 4.117383e-03 9.999656e-01 -7.554587e+01
9.998169e-01 -8.131223e-04 1.911651e-02 1.535656e+01 8.978489e-04 9.999898e-01 -4.423959e-03 8.778136e-01 -1.911272e-02 4.440312e-03 9.998075e-01 -7.853204e+01
9.999661e-01 6.928302e-03 4.454232e-03 1.515128e+01 -6.908478e-03 9.999662e-01 -4.450757e-03 9.517338e-01 -4.484918e-03 4.419835e-03 9.999802e-01 -8.169519e+01
9.999000e-01 -2.431312e-03 1.393075e-02 1.493593e+01 2.467770e-03 9.999936e-01 -2.600517e-03 1.015289e+00 -1.392434e-02 2.634634e-03 9.998996e-01 -8.429338e+01
9.999658e-01 7.285514e-03 3.908997e-03 1.481086e+01 -7.267032e-03 9.999624e-01 -4.721580e-03 1.075192e+00 -3.943249e-03 4.693012e-03 9.999812e-01 -8.691599e+01
9.998820e-01 -1.873264e-03 1.524821e-02 1.471299e+01 1.918148e-03 9.999939e-01 -2.929447e-03 1.136954e+00 -1.524263e-02 2.958349e-03 9.998794e-01 -8.970465e+01
9.999679e-01 6.769574e-03 -4.290794e-03 1.470871e+01 -6.781680e-03 9.999730e-01 -2.813242e-03 1.188029e+00 4.271634e-03 2.842252e-03 9.999868e-01 -9.205046e+01
9.998776e-01 -3.029494e-03 1.535077e-02 1.466909e+01 3.070185e-03 9.999918e-01 -2.627851e-03 1.235273e+00 -1.534268e-02 2.674658e-03 9.998787e-01 -9.416749e+01
9.999691e-01 7.628988e-03 1.890118e-03 1.457397e+01 -7.620443e-03 9.999609e-01 -4.487856e-03 1.292462e+00 -1.924281e-03 4.473315e-03 9.999881e-01 -9.673348e+01
9.999017e-01 -3.147674e-03 1.366196e-02 1.434441e+01 3.165105e-03 9.999942e-01 -1.254473e-03 1.349274e+00 -1.365793e-02 1.297590e-03 9.999059e-01 -9.901686e+01
9.999666e-01 6.927344e-03 -4.330227e-03 1.425008e+01 -6.940213e-03 9.999715e-01 -2.963950e-03 1.389264e+00 4.309571e-03 2.993904e-03 9.999862e-01 -1.007503e+02
9.999687e-01 -3.691068e-03 6.991081e-03 1.430961e+01 3.691049e-03 9.999932e-01 1.550209e-05 1.415133e+00 -6.991090e-03 1.030214e-05 9.999756e-01 -1.020347e+02
9.999754e-01 7.016768e-03 -3.087937e-05 1.434328e+01 -7.016836e-03 9.999641e-01 -4.759662e-03 1.450527e+00 -2.518931e-06 4.759763e-03 9.999887e-01 -1.037529e+02
9.998604e-01 -2.398378e-03 1.653652e-02 1.422264e+01 2.424220e-03 9.999959e-01 -1.542862e-03 1.505718e+00 -1.653275e-02 1.582734e-03 9.998621e-01 -1.061715e+02
9.999570e-01 6.865718e-03 -6.235655e-03 1.426571e+01 -6.892617e-03 9.999670e-01 -4.302612e-03 1.551759e+00 6.205909e-03 4.345408e-03 9.999713e-01 -1.083822e+02
9.998462e-01 -2.920239e-03 1.729221e-02 1.415796e+01 2.933774e-03 9.999954e-01 -7.574568e-04 1.597875e+00 -1.728992e-02 8.080711e-04 9.998502e-01 -1.104252e+02
9.999692e-01 7.286492e-03 -2.905705e-03 1.406089e+01 -7.301839e-03 9.999593e-01 -5.306528e-03 1.647771e+00 2.866921e-03 5.327583e-03 9.999817e-01 -1.126245e+02
9.999243e-01 -2.948219e-03 1.194215e-02 1.407530e+01 2.945911e-03 9.999956e-01 2.108890e-04 1.691313e+00 -1.194272e-02 -1.756932e-04 9.999287e-01 -1.146844e+02
9.999658e-01 6.830070e-03 -4.671744e-03 1.411461e+01 -6.852811e-03 9.999647e-01 -4.869197e-03 1.727184e+00 4.638322e-03 4.901045e-03 9.999772e-01 -1.164375e+02
9.999745e-01 -3.158812e-03 6.408285e-03 1.424914e+01 3.147867e-03 9.999936e-01 1.717359e-03 1.755277e+00 -6.413669e-03 -1.697143e-03 9.999780e-01 -1.178688e+02
9.999723e-01 6.872326e-03 2.865769e-03 1.437170e+01 -6.848964e-03 9.999439e-01 -8.083894e-03 1.794799e+00 -2.921163e-03 8.064044e-03 9.999632e-01 -1.199484e+02
9.999914e-01 -1.763667e-03 3.759842e-03 1.442194e+01 1.749939e-03 9.999918e-01 3.651300e-03 1.839443e+00 -3.766251e-03 -3.644689e-03 9.999863e-01 -1.219857e+02
9.999825e-01 4.876116e-03 -3.363760e-03 1.454168e+01 -4.896961e-03 9.999687e-01 -6.216634e-03 1.861873e+00 3.333342e-03 6.232998e-03 9.999750e-01 -1.231566e+02
9.999943e-01 -1.627182e-03 2.971456e-03 1.475051e+01 1.618038e-03 9.999940e-01 3.077109e-03 1.884677e+00 -2.976445e-03 -3.072284e-03 9.999909e-01 -1.244645e+02
9.999844e-01 5.122438e-03 -2.242301e-03 1.494851e+01 -5.137181e-03 9.999649e-01 -6.619222e-03 1.910826e+00 2.208316e-03 6.630638e-03 9.999756e-01 -1.259155e+02
9.999832e-01 -1.450302e-03 5.609618e-03 1.511090e+01 1.437928e-03 9.999965e-01 2.209338e-03 1.941538e+00 -5.612803e-03 -2.201235e-03 9.999818e-01 -1.275787e+02
9.999843e-01 5.589378e-03 2.728356e-04 1.523970e+01 -5.587350e-03 9.999603e-01 -6.941997e-03 1.977717e+00 -3.116260e-04 6.940365e-03 9.999759e-01 -1.294414e+02
9.999945e-01 -1.723621e-03 2.828084e-03 1.538747e+01 1.715873e-03 9.999948e-01 2.739696e-03 2.008771e+00 -2.832791e-03 -2.734829e-03 9.999922e-01 -1.311187e+02
9.999745e-01 5.525158e-03 4.519939e-03 1.540233e+01 -5.492584e-03 9.999591e-01 -7.187712e-03 2.043989e+00 -4.559467e-03 7.162703e-03 9.999640e-01 -1.328401e+02
9.999829e-01 -1.675570e-03 5.594334e-03 1.534269e+01 1.665623e-03 9.999970e-01 1.782322e-03 2.087848e+00 -5.597304e-03 -1.772974e-03 9.999828e-01 -1.348090e+02
9.999468e-01 6.693353e-03 7.844212e-03 1.533203e+01 -6.629813e-03 9.999452e-01 -8.098465e-03 2.135584e+00 -7.897989e-03 8.046030e-03 9.999364e-01 -1.370688e+02
9.999851e-01 -2.129089e-03 -5.033228e-03 1.552003e+01 2.146339e-03 9.999918e-01 3.424121e-03 2.167726e+00 5.025896e-03 -3.434873e-03 9.999815e-01 -1.388074e+02
9.999041e-01 6.417297e-03 1.226835e-02 1.566174e+01 -6.305149e-03 9.999382e-01 -9.158174e-03 2.204285e+00 -1.232636e-02 9.079943e-03 9.998828e-01 -1.407680e+02
9.999945e-01 -1.511288e-03 -2.945170e-03 1.580189e+01 1.519843e-03 9.999946e-01 2.904579e-03 2.248495e+00 2.940764e-03 -2.909040e-03 9.999914e-01 -1.430589e+02
9.998663e-01 5.834072e-03 1.527488e-02 1.578421e+01 -5.690583e-03 9.999394e-01 -9.420447e-03 2.299580e+00 -1.532892e-02 9.332265e-03 9.998390e-01 -1.454278e+02
9.999978e-01 -1.012134e-03 -1.819860e-03 1.585092e+01 1.017805e-03 9.999946e-01 3.117981e-03 2.348906e+00 1.816694e-03 -3.119827e-03 9.999935e-01 -1.478430e+02
9.999628e-01 6.941342e-03 5.111332e-03 1.623257e+01 -6.893738e-03 9.999332e-01 -9.272957e-03 2.390672e+00 -5.175358e-03 9.237377e-03 9.999439e-01 -1.501756e+02
9.999962e-01 -8.714645e-04 -2.602833e-03 1.672950e+01 8.766769e-04 9.999976e-01 2.002113e-03 2.428176e+00 2.601082e-03 -2.004388e-03 9.999946e-01 -1.525346e+02
9.999300e-01 7.409776e-03 9.219019e-03 1.704039e+01 -7.317859e-03 9.999236e-01 -9.964473e-03 2.478004e+00 -9.292148e-03 9.896313e-03 9.999079e-01 -1.552475e+02
9.999981e-01 -1.757053e-03 8.376104e-04 1.718529e+01 1.754935e-03 9.999953e-01 2.522978e-03 2.528675e+00 -8.420397e-04 -2.521504e-03 9.999965e-01 -1.578568e+02
9.998107e-01 7.342261e-03 1.801570e-02 1.726434e+01 -7.143832e-03 9.999134e-01 -1.105396e-02 2.590973e+00 -1.809530e-02 1.092317e-02 9.997766e-01 -1.608926e+02
9.999148e-01 -1.843768e-03 -1.291986e-02 1.735125e+01 1.921132e-03 9.999803e-01 5.978137e-03 2.635924e+00 1.290859e-02 -6.002449e-03 9.998987e-01 -1.630353e+02
9.996487e-01 5.576224e-03 2.591217e-02 1.732532e+01 -5.262671e-03 9.999123e-01 -1.215309e-02 2.681364e+00 -2.597766e-02 1.201246e-02 9.995903e-01 -1.651452e+02
9.998010e-01 -1.227341e-03 -1.990987e-02 1.731831e+01 1.389911e-03 9.999658e-01 8.153508e-03 2.716468e+00 1.989918e-02 -8.179559e-03 9.997685e-01 -1.668213e+02
9.997756e-01 4.115011e-03 2.077788e-02 1.730608e+01 -3.915639e-03 9.999460e-01 -9.626959e-03 2.735811e+00 -2.081637e-02 9.543441e-03 9.997378e-01 -1.677235e+02
9.998099e-01 -1.591939e-03 -1.943324e-02 1.736486e+01 1.702975e-03 9.999823e-01 5.698494e-03 2.750226e+00 1.942382e-02 -5.730506e-03 9.997949e-01 -1.686654e+02
9.997788e-01 4.933888e-03 2.044708e-02 1.732531e+01 -4.751676e-03 9.999487e-01 -8.950418e-03 2.779703e+00 -2.049019e-02 8.851281e-03 9.997509e-01 -1.699221e+02
9.998928e-01 -2.041735e-03 -1.449564e-02 1.734280e+01 2.109540e-03 9.999869e-01 4.663904e-03 2.806531e+00 1.448592e-02 -4.693984e-03 9.998841e-01 -1.712929e+02
9.997565e-01 6.907660e-03 2.095804e-02 1.741908e+01 -6.701028e-03 9.999284e-01 -9.913598e-03 2.846013e+00 -2.102502e-02 9.770744e-03 9.997312e-01 -1.732912e+02
9.998806e-01 -3.158572e-03 -1.512901e-02 1.747191e+01 3.240860e-03 9.999801e-01 5.417689e-03 2.874371e+00 1.511160e-02 -5.466074e-03 9.998709e-01 -1.748075e+02
9.997217e-01 7.245555e-03 2.245056e-02 1.746133e+01 -7.020097e-03 9.999243e-01 -1.010500e-02 2.910627e+00 -2.252208e-02 9.944582e-03 9.996969e-01 -1.765271e+02
9.998015e-01 -3.298153e-03 -1.964700e-02 1.759757e+01 3.417330e-03 9.999759e-01 6.035390e-03 2.936035e+00 1.962662e-02 -6.101333e-03 9.997888e-01 -1.779655e+02
9.997008e-01 7.401740e-03 2.331156e-02 1.773883e+01 -7.158105e-03 9.999191e-01 -1.051744e-02 2.962716e+00 -2.338752e-02 1.034743e-02 9.996729e-01 -1.794700e+02
9.998223e-01 -3.381505e-03 -1.854374e-02 1.782889e+01 3.493060e-03 9.999760e-01 5.986693e-03 2.992135e+00 1.852305e-02 -6.050405e-03 9.998101e-01 -1.810350e+02
9.997183e-01 7.332361e-03 2.257396e-02 1.793232e+01 -7.095693e-03 9.999192e-01 -1.054641e-02 3.021887e+00 -2.264946e-02 1.038326e-02 9.996895e-01 -1.826397e+02
9.997573e-01 -3.667193e-03 -2.172245e-02 1.808023e+01 3.819631e-03 9.999683e-01 6.980180e-03 3.045885e+00 2.169617e-02 -7.061458e-03 9.997397e-01 -1.839710e+02
9.997460e-01 7.450355e-03 2.126988e-02 1.828783e+01 -7.227583e-03 9.999184e-01 -1.053133e-02 3.067700e+00 -2.134660e-02 1.037493e-02 9.997183e-01 -1.852811e+02
9.997039e-01 -3.781174e-03 -2.403806e-02 1.859738e+01 3.950726e-03 9.999676e-01 7.009892e-03 3.085286e+00 2.401078e-02 -7.102785e-03 9.996865e-01 -1.865090e+02
9.997254e-01 7.640271e-03 2.215121e-02 1.884884e+01 -7.403493e-03 9.999148e-01 -1.075152e-02 3.106795e+00 -2.223147e-02 1.058458e-02 9.996968e-01 -1.878520e+02
9.995960e-01 -4.592187e-03 -2.804914e-02 1.910052e+01 4.836620e-03 9.999509e-01 8.652836e-03 3.118477e+00 2.800803e-02 -8.785004e-03 9.995691e-01 -1.886958e+02
9.996844e-01 7.702870e-03 2.391254e-02 1.925251e+01 -7.459459e-03 9.999196e-01 -1.025178e-02 3.132002e+00 -2.398959e-02 1.007017e-02 9.996615e-01 -1.895068e+02
9.995180e-01 -6.189624e-03 -3.042285e-02 1.928950e+01 6.500706e-03 9.999275e-01 1.013705e-02 3.127025e+00 3.035790e-02 -1.032993e-02 9.994857e-01 -1.893777e+02
9.996904e-01 7.960696e-03 2.357212e-02 1.932693e+01 -7.717686e-03 9.999163e-01 -1.038233e-02 3.120218e+00 -2.365280e-02 1.019719e-02 9.996682e-01 -1.891590e+02
9.995663e-01 -6.522819e-03 -2.871735e-02 1.935798e+01 6.804298e-03 9.999297e-01 9.714936e-03 3.110725e+00 2.865196e-02 -9.906125e-03 9.995404e-01 -1.887967e+02
9.996525e-01 8.191026e-03 2.505717e-02 1.937087e+01 -7.914281e-03 9.999068e-01 -1.112386e-02 3.095820e+00 -2.514595e-02 1.092168e-02 9.996241e-01 -1.881048e+02
9.994704e-01 -6.308091e-03 -3.192224e-02 1.941876e+01 6.631760e-03 9.999276e-01 1.004358e-02 3.085400e+00 3.185657e-02 -1.024996e-02 9.994399e-01 -1.876827e+02
9.996377e-01 8.536334e-03 2.552592e-02 1.956733e+01 -8.250211e-03 9.999022e-01 -1.129352e-02 3.088149e+00 -2.561983e-02 1.107883e-02 9.996104e-01 -1.880346e+02
9.996583e-01 -5.476697e-03 -2.555858e-02 1.968549e+01 5.686928e-03 9.999505e-01 8.160060e-03 3.108470e+00 2.551263e-02 -8.302622e-03 9.996400e-01 -1.891597e+02
9.996785e-01 8.402051e-03 2.392283e-02 1.967714e+01 -8.182138e-03 9.999235e-01 -9.275673e-03 3.127305e+00 -2.399893e-02 9.076951e-03 9.996708e-01 -1.899807e+02
9.996718e-01 -6.066356e-03 -2.489080e-02 1.974056e+01 6.239090e-03 9.999570e-01 6.867900e-03 3.138281e+00 2.484806e-02 -7.020942e-03 9.996666e-01 -1.906676e+02
9.996620e-01 9.293308e-03 2.427826e-02 1.979252e+01 -9.071544e-03 9.999163e-01 -9.228462e-03 3.159676e+00 -2.436199e-02 9.005102e-03 9.996626e-01 -1.917450e+02
9.997802e-01 -6.059293e-03 -2.007112e-02 1.980677e+01 6.173340e-03 9.999651e-01 5.625060e-03 3.184572e+00 2.003634e-02 -5.747730e-03 9.997827e-01 -1.929836e+02
9.996364e-01 1.002281e-02 2.503194e-02 1.982610e+01 -9.785165e-03 9.999061e-01 -9.598031e-03 3.212108e+00 -2.512579e-02 9.349600e-03 9.996406e-01 -1.943683e+02
9.997006e-01 -6.668516e-03 -2.354368e-02 1.990580e+01 6.817750e-03 9.999571e-01 6.264003e-03 3.233458e+00 2.350090e-02 -6.422643e-03 9.997032e-01 -1.955299e+02
9.995328e-01 1.031634e-02 2.877141e-02 1.997420e+01 -1.000813e-02 9.998912e-01 -1.083607e-02 3.262262e+00 -2.888007e-02 1.054306e-02 9.995273e-01 -1.970405e+02
9.996904e-01 -6.231749e-03 -2.408700e-02 2.001667e+01 6.397874e-03 9.999562e-01 6.825954e-03 3.292607e+00 2.404341e-02 -6.977948e-03 9.996866e-01 -1.985376e+02
9.996771e-01 9.621372e-03 2.351883e-02 2.014686e+01 -9.396215e-03 9.999091e-01 -9.665287e-03 3.311714e+00 -2.360969e-02 9.441178e-03 9.996767e-01 -1.996285e+02
9.996584e-01 -6.707273e-03 -2.525899e-02 2.026206e+01 6.891357e-03 9.999503e-01 7.207859e-03 3.327527e+00 2.520939e-02 -7.379466e-03 9.996550e-01 -2.005497e+02
9.996112e-01 1.000200e-02 2.602842e-02 2.032843e+01 -9.746965e-03 9.999034e-01 -9.906676e-03 3.347457e+00 -2.612500e-02 9.649127e-03 9.996121e-01 -2.016019e+02
9.996151e-01 -6.927908e-03 -2.686335e-02 2.042553e+01 7.120515e-03 9.999496e-01 7.080863e-03 3.364160e+00 2.681294e-02 -7.269419e-03 9.996140e-01 -2.025788e+02
9.996308e-01 9.855612e-03 2.531966e-02 2.048558e+01 -9.627302e-03 9.999120e-01 -9.123246e-03 3.379118e+00 -2.540734e-02 8.876118e-03 9.996378e-01 -2.034151e+02
9.995288e-01 -7.402111e-03 -2.978805e-02 2.055410e+01 7.643867e-03 9.999387e-01 8.010206e-03 3.386780e+00 2.972694e-02 -8.234128e-03 9.995241e-01 -2.039028e+02
9.996252e-01 9.853729e-03 2.554193e-02 2.069028e+01 -9.612985e-03 9.999084e-01 -9.531144e-03 3.394445e+00 -2.563351e-02 9.282038e-03 9.996283e-01 -2.044613e+02
9.997106e-01 -6.299432e-03 -2.321856e-02 2.113095e+01 6.400402e-03 9.999704e-01 4.276907e-03 3.417725e+00 2.319093e-02 -4.424278e-03 9.997213e-01 -2.062228e+02
9.998081e-01 1.266043e-02 1.494926e-02 2.150267e+01 -1.250093e-02 9.998644e-01 -1.071549e-02 3.446041e+00 -1.508290e-02 1.052656e-02 9.998308e-01 -2.080965e+02
9.998259e-01 -9.798075e-03 -1.587834e-02 2.159668e+01 9.933390e-03 9.999148e-01 8.465693e-03 3.461609e+00 1.579404e-02 -8.621946e-03 9.998381e-01 -2.089868e+02
9.998610e-01 1.236879e-02 1.118003e-02 2.166423e+01 -1.226371e-02 9.998804e-01 -9.419699e-03 3.472237e+00 -1.129521e-02 9.281282e-03 9.998931e-01 -2.095860e+02
9.998222e-01 -1.046412e-02 -1.568478e-02 2.168200e+01 1.059918e-02 9.999073e-01 8.552342e-03 3.479665e+00 1.559384e-02 -8.717068e-03 9.998404e-01 -2.099910e+02
9.995453e-01 1.237052e-02 2.749675e-02 2.155669e+01 -1.201846e-02 9.998441e-01 -1.293211e-02 3.520132e+00 -2.765244e-02 1.259577e-02 9.995382e-01 -2.116823e+02
9.997985e-01 -7.476409e-03 -1.862917e-02 2.145038e+01 7.632304e-03 9.999363e-01 8.311330e-03 3.558985e+00 1.856584e-02 -8.451839e-03 9.997919e-01 -2.133570e+02
9.998266e-01 1.003800e-02 1.568509e-02 2.150604e+01 -9.883335e-03 9.999021e-01 -9.907405e-03 3.571076e+00 -1.578301e-02 9.750667e-03 9.998279e-01 -2.140725e+02
9.997578e-01 -8.245191e-03 -2.040604e-02 2.155868e+01 8.446942e-03 9.999161e-01 9.820461e-03 3.569053e+00 2.032336e-02 -9.990452e-03 9.997435e-01 -2.141656e+02
9.998407e-01 9.948652e-03 1.481950e-02 2.163903e+01 -9.789282e-03 9.998939e-01 -1.078809e-02 3.555996e+00 -1.492526e-02 1.064130e-02 9.998320e-01 -2.137694e+02
9.997857e-01 -8.583249e-03 -1.883786e-02 2.167872e+01 8.764348e-03 9.999160e-01 9.552141e-03 3.541408e+00 1.875429e-02 -9.715197e-03 9.997769e-01 -2.132075e+02
9.998529e-01 1.021747e-02 1.377809e-02 2.169627e+01 -1.006749e-02 9.998898e-01 -1.091135e-02 3.528485e+00 -1.388806e-02 1.077104e-02 9.998455e-01 -2.125718e+02
9.997465e-01 -8.564617e-03 -2.082034e-02 2.173001e+01 8.782749e-03 9.999073e-01 1.040810e-02 3.523214e+00 2.072926e-02 -1.058832e-02 9.997291e-01 -2.124071e+02
9.998355e-01 1.061565e-02 1.470764e-02 2.181843e+01 -1.045378e-02 9.998844e-01 -1.103915e-02 3.524514e+00 -1.482312e-02 1.088359e-02 9.998309e-01 -2.126601e+02
9.997507e-01 -9.097815e-03 -2.039066e-02 2.188048e+01 9.325044e-03 9.998952e-01 1.107655e-02 3.515819e+00 2.028775e-02 -1.126393e-02 9.997307e-01 -2.124967e+02
9.997946e-01 1.086312e-02 1.711165e-02 2.188927e+01 -1.064886e-02 9.998644e-01 -1.256306e-02 3.500910e+00 -1.724581e-02 1.237826e-02 9.997747e-01 -2.117780e+02
9.996870e-01 -9.112933e-03 -2.329923e-02 2.194426e+01 9.382220e-03 9.998901e-01 1.147466e-02 3.488253e+00 2.319210e-02 -1.168967e-02 9.996627e-01 -2.113113e+02
9.997875e-01 1.066072e-02 1.764124e-02 2.202365e+01 -1.045033e-02 9.998737e-01 -1.197547e-02 3.476332e+00 -1.776668e-02 1.178857e-02 9.997727e-01 -2.109955e+02
9.996722e-01 -9.042564e-03 -2.395377e-02 2.204699e+01 9.314755e-03 9.998930e-01 1.127607e-02 3.474841e+00 2.384924e-02 -1.149550e-02 9.996495e-01 -2.110194e+02
9.995996e-01 1.097909e-02 2.607874e-02 2.195705e+01 -1.062878e-02 9.998519e-01 -1.353363e-02 3.497244e+00 -2.622347e-02 1.325103e-02 9.995683e-01 -2.118783e+02
9.997381e-01 -8.375550e-03 -2.129792e-02 2.174769e+01 8.614887e-03 9.999005e-01 1.117077e-02 3.529432e+00 2.120224e-02 -1.135133e-02 9.997108e-01 -2.129532e+02
9.997208e-01 1.051982e-02 2.115650e-02 2.160643e+01 -1.027875e-02 9.998814e-01 -1.147112e-02 3.542837e+00 -2.127467e-02 1.125045e-02 9.997104e-01 -2.133703e+02
9.995827e-01 -8.895137e-03 -2.748126e-02 2.164727e+01 9.200922e-03 9.998969e-01 1.102068e-02 3.534633e+00 2.738040e-02 -1.126894e-02 9.995616e-01 -2.131281e+02
9.997131e-01 1.067531e-02 2.144210e-02 2.170029e+01 -1.043181e-02 9.998802e-01 -1.143641e-02 3.526388e+00 -2.156162e-02 1.120945e-02 9.997047e-01 -2.129159e+02
9.995724e-01 -9.029507e-03 -2.780993e-02 2.179185e+01 9.339954e-03 9.998953e-01 1.105359e-02 3.517272e+00 2.770721e-02 -1.130861e-02 9.995521e-01 -2.127216e+02
9.996797e-01 1.069862e-02 2.293517e-02 2.187872e+01 -1.042561e-02 9.998738e-01 -1.199009e-02 3.502898e+00 -2.306055e-02 1.174714e-02 9.996651e-01 -2.123185e+02
9.995671e-01 -9.104258e-03 -2.797768e-02 2.196693e+01 9.416461e-03 9.998946e-01 1.104757e-02 3.488829e+00 2.787416e-02 -1.130624e-02 9.995475e-01 -2.119338e+02
9.996783e-01 1.077574e-02 2.296101e-02 2.205421e+01 -1.050034e-02 9.998719e-01 -1.208146e-02 3.473748e+00 -2.308826e-02 1.183647e-02 9.996634e-01 -2.114984e+02
9.995527e-01 -9.005102e-03 -2.851704e-02 2.212395e+01 9.315954e-03 9.998984e-01 1.078651e-02 3.459320e+00 2.841701e-02 -1.104735e-02 9.995351e-01 -2.110057e+02
9.996651e-01 1.069413e-02 2.356734e-02 2.220992e+01 -1.042037e-02 9.998772e-01 -1.170842e-02 3.444816e+00 -2.368965e-02 1.145891e-02 9.996537e-01 -2.105968e+02
9.995739e-01 -8.880603e-03 -2.780404e-02 2.230456e+01 9.162291e-03 9.999078e-01 1.002022e-02 3.426825e+00 2.771249e-02 -1.027070e-02 9.995632e-01 -2.100254e+02
9.995204e-01 1.054564e-02 2.911501e-02 2.224753e+01 -1.017480e-02 9.998656e-01 -1.285595e-02 3.444725e+00 -2.924667e-02 1.255355e-02 9.994934e-01 -2.108675e+02
9.998267e-01 -6.708670e-03 -1.736463e-02 2.200843e+01 6.852476e-03 9.999426e-01 8.235352e-03 3.492876e+00 1.730838e-02 -8.352917e-03 9.998153e-01 -2.126973e+02
9.995083e-01 1.063802e-02 2.949574e-02 2.188524e+01 -1.024911e-02 9.998590e-01 -1.330539e-02 3.533985e+00 -2.963312e-02 1.299654e-02 9.994763e-01 -2.144765e+02
9.999902e-01 -3.694051e-03 -2.446873e-03 2.173023e+01 3.702289e-03 9.999875e-01 3.371019e-03 3.607322e+00 2.434389e-03 -3.380046e-03 9.999913e-01 -2.178628e+02
9.998018e-01 9.555808e-03 1.746304e-02 2.189108e+01 -9.344784e-03 9.998828e-01 -1.212591e-02 3.660058e+00 -1.757687e-02 1.196031e-02 9.997740e-01 -2.206650e+02
9.999742e-01 -1.982254e-03 -6.898420e-03 2.279690e+01 1.984584e-03 9.999980e-01 3.308585e-04 3.722693e+00 6.897750e-03 -3.445410e-04 9.999762e-01 -2.247323e+02
9.999514e-01 9.831455e-03 7.063248e-04 2.331563e+01 -9.825220e-03 9.999169e-01 -8.345378e-03 3.777759e+00 -7.883131e-04 8.338034e-03 9.999649e-01 -2.278276e+02
9.999176e-01 -5.050864e-03 1.180396e-02 2.376044e+01 5.043111e-03 9.999870e-01 6.864298e-04 3.820912e+00 -1.180728e-02 -6.268451e-04 9.999301e-01 -2.304861e+02
9.998980e-01 1.011421e-02 -1.008491e-02 2.392495e+01 -1.017925e-02 9.999276e-01 -6.418953e-03 3.870434e+00 1.001926e-02 6.520956e-03 9.999285e-01 -2.329334e+02
9.996100e-01 -5.844350e-03 2.730910e-02 2.387263e+01 5.856795e-03 9.999828e-01 -3.757366e-04 3.921142e+00 -2.730643e-02 5.355333e-04 9.996270e-01 -2.353507e+02
9.999180e-01 1.182243e-02 4.927576e-03 2.391526e+01 -1.176358e-02 9.998611e-01 -1.180543e-02 4.005658e+00 -5.066460e-03 1.174650e-02 9.999182e-01 -2.394953e+02
9.998547e-01 -1.652793e-04 1.704443e-02 2.428899e+01 1.780769e-04 9.999997e-01 -7.493127e-04 4.088015e+00 -1.704430e-02 7.522385e-04 9.998545e-01 -2.439459e+02
9.998186e-01 5.527705e-03 -1.822887e-02 2.462767e+01 -5.627868e-03 9.999693e-01 -5.448018e-03 4.128476e+00 1.819820e-02 5.549619e-03 9.998190e-01 -2.462462e+02
9.997747e-01 -4.546281e-03 2.073576e-02 2.436759e+01 4.441788e-03 9.999772e-01 5.082569e-03 4.160488e+00 -2.075840e-02 -4.989320e-03 9.997721e-01 -2.467239e+02
9.997002e-01 5.346253e-03 -2.389382e-02 2.422004e+01 -5.462200e-03 9.999736e-01 -4.789946e-03 4.164036e+00 2.386758e-02 4.919023e-03 9.997030e-01 -2.463152e+02
9.997884e-01 -4.179613e-03 2.014275e-02 2.419947e+01 4.097766e-03 9.999832e-01 4.102932e-03 4.152597e+00 -2.015956e-02 -4.019524e-03 9.997887e-01 -2.457054e+02
9.997194e-01 5.391908e-03 -2.306602e-02 2.412101e+01 -5.502351e-03 9.999737e-01 -4.727323e-03 4.145051e+00 2.303993e-02 4.852915e-03 9.997228e-01 -2.449861e+02
9.997751e-01 -4.160872e-03 2.079295e-02 2.391183e+01 4.060272e-03 9.999799e-01 4.878084e-03 4.149837e+00 -2.081283e-02 -4.792562e-03 9.997719e-01 -2.442101e+02
9.997028e-01 5.265226e-03 -2.380154e-02 2.375594e+01 -5.383412e-03 9.999735e-01 -4.904095e-03 4.150885e+00 2.377509e-02 5.030772e-03 9.997047e-01 -2.435127e+02
9.997312e-01 -3.943385e-03 2.284527e-02 2.352973e+01 3.836371e-03 9.999815e-01 4.726242e-03 4.153797e+00 -2.286348e-02 -4.637329e-03 9.997278e-01 -2.426088e+02
9.997048e-01 5.068325e-03 -2.376375e-02 2.318135e+01 -5.166815e-03 9.999783e-01 -4.084978e-03 4.168951e+00 2.374253e-02 4.206555e-03 9.997093e-01 -2.416146e+02
9.997634e-01 -4.037575e-03 2.137471e-02 2.291323e+01 3.933722e-03 9.999803e-01 4.898527e-03 4.181617e+00 -2.139406e-02 -4.813287e-03 9.997595e-01 -2.408833e+02
9.997286e-01 5.223433e-03 -2.270241e-02 2.255102e+01 -5.316830e-03 9.999776e-01 -4.055582e-03 4.199755e+00 2.268072e-02 4.175187e-03 9.997340e-01 -2.399662e+02
9.997821e-01 -4.429912e-03 2.039827e-02 2.219931e+01 4.314722e-03 9.999745e-01 5.687595e-03 4.224559e+00 -2.042294e-02 -5.598344e-03 9.997758e-01 -2.393892e+02
9.997780e-01 5.004576e-03 -2.046517e-02 2.187442e+01 -5.112732e-03 9.999732e-01 -5.235964e-03 4.239990e+00 2.043842e-02 5.339435e-03 9.997769e-01 -2.386416e+02
9.998463e-01 -3.662752e-03 1.714315e-02 2.177560e+01 3.582665e-03 9.999825e-01 4.700042e-03 4.233844e+00 -1.716006e-02 -4.637902e-03 9.998420e-01 -2.378129e+02
9.997236e-01 5.052943e-03 -2.296140e-02 2.178959e+01 -5.173768e-03 9.999731e-01 -5.205723e-03 4.224861e+00 2.293448e-02 5.323081e-03 9.997228e-01 -2.373919e+02
9.998349e-01 -3.966675e-03 1.773054e-02 2.177831e+01 3.876712e-03 9.999795e-01 5.105397e-03 4.218179e+00 -1.775042e-02 -5.035819e-03 9.998298e-01 -2.370397e+02
9.996962e-01 5.288179e-03 -2.407167e-02 2.178879e+01 -5.413054e-03 9.999722e-01 -5.125438e-03 4.211947e+00 2.404389e-02 5.254182e-03 9.996971e-01 -2.367649e+02
9.998043e-01 -4.131505e-03 1.934568e-02 2.173232e+01 4.032817e-03 9.999787e-01 5.137560e-03 4.208993e+00 -1.936649e-02 -5.058538e-03 9.997997e-01 -2.363740e+02
9.996880e-01 5.103708e-03 -2.445029e-02 2.169885e+01 -5.234446e-03 9.999723e-01 -5.286044e-03 4.205379e+00 2.442264e-02 5.412379e-03 9.996871e-01 -2.360742e+02
9.998013e-01 -4.315737e-03 1.945903e-02 2.165858e+01 4.211848e-03 9.999767e-01 5.376708e-03 4.202523e+00 -1.948178e-02 -5.293682e-03 9.997962e-01 -2.358150e+02
9.996973e-01 5.341421e-03 -2.401640e-02 2.164083e+01 -5.483349e-03 9.999679e-01 -5.847675e-03 4.191791e+00 2.398439e-02 5.977595e-03 9.996945e-01 -2.352585e+02
9.997923e-01 -4.156474e-03 1.995117e-02 2.167101e+01 4.088338e-03 9.999857e-01 3.454729e-03 4.170564e+00 -1.996524e-02 -3.372445e-03 9.997950e-01 -2.342411e+02
9.997052e-01 4.931842e-03 -2.377368e-02 2.164477e+01 -5.052882e-03 9.999746e-01 -5.033955e-03 4.158973e+00 2.374825e-02 5.152597e-03 9.997047e-01 -2.334452e+02
9.998035e-01 -3.320113e-03 1.954211e-02 2.166042e+01 3.244944e-03 9.999872e-01 3.876978e-03 4.164815e+00 -1.955474e-02 -3.812804e-03 9.998015e-01 -2.337749e+02
9.996221e-01 4.999879e-03 -2.703004e-02 2.176100e+01 -5.121250e-03 9.999771e-01 -4.422828e-03 4.168186e+00 2.700731e-02 4.559584e-03 9.996248e-01 -2.340929e+02
9.997711e-01 -3.776222e-03 2.106061e-02 2.177181e+01 3.679330e-03 9.999825e-01 4.637482e-03 4.164618e+00 -2.107775e-02 -4.558932e-03 9.997674e-01 -2.339735e+02
9.997118e-01 5.013652e-03 -2.347770e-02 2.173393e+01 -5.148309e-03 9.999706e-01 -5.678597e-03 4.173784e+00 2.344854e-02 5.797831e-03 9.997082e-01 -2.343852e+02
9.997697e-01 -2.424693e-03 2.132407e-02 2.175597e+01 2.333612e-03 9.999881e-01 4.295126e-03 4.186323e+00 -2.133423e-02 -4.244375e-03 9.997634e-01 -2.350448e+02
9.996199e-01 3.466086e-03 -2.734930e-02 2.178124e+01 -3.588171e-03 9.999838e-01 -4.416102e-03 4.179938e+00 2.733355e-02 4.512559e-03 9.996162e-01 -2.348029e+02
9.997583e-01 -2.210361e-03 2.187366e-02 2.181898e+01 2.132326e-03 9.999913e-01 3.590256e-03 4.168088e+00 -2.188140e-02 -3.542747e-03 9.997543e-01 -2.343027e+02
9.996008e-01 3.632605e-03 -2.801992e-02 2.188127e+01 -3.749649e-03 9.999845e-01 -4.125762e-03 4.157734e+00 2.800450e-02 4.229180e-03 9.995989e-01 -2.339599e+02
9.997122e-01 -2.281747e-03 2.388179e-02 2.192249e+01 2.212087e-03 9.999932e-01 2.942871e-03 4.145118e+00 -2.388834e-02 -2.889195e-03 9.997105e-01 -2.334127e+02
9.995233e-01 3.744431e-03 -3.064527e-02 2.195028e+01 -3.861009e-03 9.999855e-01 -3.745825e-03 4.135544e+00 3.063080e-02 3.862362e-03 9.995233e-01 -2.329320e+02
9.997227e-01 -2.160638e-03 2.344921e-02 2.209001e+01 2.085705e-03 9.999926e-01 3.219524e-03 4.132535e+00 -2.345599e-02 -3.169723e-03 9.997198e-01 -2.330488e+02
9.995453e-01 4.256983e-03 -2.985201e-02 2.224268e+01 -4.389061e-03 9.999809e-01 -4.360311e-03 4.134438e+00 2.983287e-02 4.489351e-03 9.995448e-01 -2.334111e+02
9.997507e-01 -2.432513e-03 2.219620e-02 2.239550e+01 2.349769e-03 9.999902e-01 3.753161e-03 4.134358e+00 -2.220511e-02 -3.700070e-03 9.997466e-01 -2.336341e+02
9.995100e-01 4.099107e-03 -3.103172e-02 2.253793e+01 -4.219142e-03 9.999839e-01 -3.803649e-03 4.132735e+00 3.101563e-02 3.932713e-03 9.995112e-01 -2.337578e+02
9.997124e-01 -2.695607e-03 2.383150e-02 2.262364e+01 2.603854e-03 9.999891e-01 3.880269e-03 4.127724e+00 -2.384170e-02 -3.817100e-03 9.997085e-01 -2.337149e+02
9.995378e-01 4.387254e-03 -3.008232e-02 2.271806e+01 -4.521249e-03 9.999802e-01 -4.387685e-03 4.128295e+00 3.006247e-02 4.521668e-03 9.995378e-01 -2.339390e+02
9.997239e-01 -2.782065e-03 2.333340e-02 2.283242e+01 2.686126e-03 9.999878e-01 4.142023e-03 4.126369e+00 -2.334464e-02 -4.078204e-03 9.997192e-01 -2.340374e+02
9.995341e-01 4.056878e-03 -3.025148e-02 2.289366e+01 -4.204268e-03 9.999796e-01 -4.810122e-03 4.126423e+00 3.023135e-02 4.935066e-03 9.995307e-01 -2.342053e+02
9.995448e-01 -5.851348e-05 3.017085e-02 2.318596e+01 2.465343e-05 9.999994e-01 1.122651e-03 4.141905e+00 -3.017090e-02 -1.121396e-03 9.995441e-01 -2.354182e+02
9.993806e-01 3.791008e-03 -3.498528e-02 2.341454e+01 -3.925633e-03 9.999852e-01 -3.780149e-03 4.163766e+00 3.497043e-02 3.915147e-03 9.993807e-01 -2.366943e+02
9.995116e-01 -1.670483e-03 3.120433e-02 2.347123e+01 1.581265e-03 9.999946e-01 2.883629e-03 4.171062e+00 -3.120897e-02 -2.832878e-03 9.995089e-01 -2.371698e+02
9.993358e-01 3.493631e-03 -3.627336e-02 2.356262e+01 -3.609392e-03 9.999886e-01 -3.126330e-03 4.173150e+00 3.626202e-02 3.255179e-03 9.993370e-01 -2.374129e+02
9.995943e-01 -2.654125e-03 2.835920e-02 2.361508e+01 2.565392e-03 9.999917e-01 3.164832e-03 4.166332e+00 -2.836736e-02 -3.090796e-03 9.995928e-01 -2.372397e+02
9.993649e-01 3.681586e-03 -3.544450e-02 2.364021e+01 -3.816553e-03 9.999857e-01 -3.740944e-03 4.165075e+00 3.543022e-02 3.873845e-03 9.993646e-01 -2.372612e+02
9.995249e-01 -1.904951e-03 3.076201e-02 2.369088e+01 1.809699e-03 9.999935e-01 3.123957e-03 4.168012e+00 -3.076776e-02 -3.066804e-03 9.995219e-01 -2.375415e+02
9.993695e-01 4.031039e-03 -3.527441e-02 2.380903e+01 -4.182754e-03 9.999823e-01 -4.228248e-03 4.173483e+00 3.525674e-02 4.373127e-03 9.993687e-01 -2.380256e+02
9.995309e-01 -2.225519e-03 3.054482e-02 2.384202e+01 2.118242e-03 9.999915e-01 3.544011e-03 4.178199e+00 -3.055244e-02 -3.477648e-03 9.995271e-01 -2.383784e+02
9.993547e-01 3.130474e-03 -3.578291e-02 2.380500e+01 -3.257802e-03 9.999886e-01 -3.500612e-03 4.177274e+00 3.577155e-02 3.614927e-03 9.993535e-01 -2.382172e+02
9.995649e-01 -1.994141e-03 2.942757e-02 2.381422e+01 1.902999e-03 9.999933e-01 3.124842e-03 4.176409e+00 -2.943361e-02 -3.067482e-03 9.995620e-01 -2.381903e+02
9.993681e-01 3.853515e-03 -3.533425e-02 2.389228e+01 -3.996371e-03 9.999841e-01 -3.973271e-03 4.178949e+00 3.531838e-02 4.111970e-03 9.993677e-01 -2.384821e+02
9.995536e-01 -2.086322e-03 2.980400e-02 2.395872e+01 1.982916e-03 9.999919e-01 3.498672e-03 4.182897e+00 -2.981106e-02 -3.438012e-03 9.995496e-01 -2.388083e+02
9.993869e-01 3.782061e-03 -3.480700e-02 2.399530e+01 -3.913813e-03 9.999854e-01 -3.717861e-03 4.187236e+00 3.479243e-02 3.851811e-03 9.993871e-01 -2.391092e+02
9.996091e-01 -2.460938e-03 2.785001e-02 2.405774e+01 2.357253e-03 9.999902e-01 3.755174e-03 4.180729e+00 -2.785898e-02 -3.688057e-03 9.996051e-01 -2.389791e+02
9.993971e-01 3.865097e-03 -3.450269e-02 2.412858e+01 -4.024222e-03 9.999816e-01 -4.543703e-03 4.169526e+00 3.448449e-02 4.679811e-03 9.993943e-01 -2.386153e+02
9.996102e-01 -3.345186e-03 2.771856e-02 2.440396e+01 3.314066e-03 9.999938e-01 1.168591e-03 4.152865e+00 -2.772230e-02 -1.076275e-03 9.996151e-01 -2.385385e+02
