1.000000e+00 1.197625e-11 1.704638e-10 1.665335e-16 1.197625e-11 1.000000e+00 3.562503e-10 -1.110223e-16 1.704638e-10 3.562503e-10 1.000000e+00 2.220446e-16 0.000000e+00 0.000000e+00 0.000000e+00 1.000000e+00
9.245158e-01 -2.098294e-01 3.181858e-01 1.017558e+00 2.317593e-01 9.722385e-01 -3.224788e-02 2.905195e-02 -3.025859e-01 1.035562e-01 9.474797e-01 -5.323102e-01
9.990438e-01 -3.090759e-02 -3.092278e-02 2.306634e+00 3.077975e-02 9.995156e-01 -4.601751e-03 6.607641e-02 3.105003e-02 3.645556e-03 9.995112e-01 -1.220430e+00
8.887854e-01 -1.840324e-01 4.197529e-01 3.573313e+00 2.195519e-01 9.748813e-01 -3.746203e-02 9.897581e-02 -4.023151e-01 1.254533e-01 9.068650e-01 -1.843401e+00
9.612849e-01 -2.853398e-02 2.740752e-01 4.697793e+00 3.825067e-02 9.988125e-01 -3.017308e-02 1.237077e-01 -2.728888e-01 3.948849e-02 9.612348e-01 -2.354491e+00
7.920738e-01 -1.970035e-01 5.777618e-01 5.782843e+00 2.413439e-01 9.704397e-01 3.086463e-05 1.470127e-01 -5.606891e-01 1.394148e-01 8.162054e-01 -2.897026e+00
9.995260e-01 -1.226848e-02 -2.823538e-02 6.827226e+00 1.183316e-02 9.998093e-01 -1.553318e-02 1.728651e-01 2.842056e-02 1.519171e-02 9.994806e-01 -3.439118e+00
8.129423e-01 -1.864272e-01 5.516971e-01 7.941968e+00 2.404156e-01 9.703116e-01 -2.637599e-02 2.024985e-01 -5.304009e-01 1.540787e-01 8.336274e-01 -4.066927e+00
9.946812e-01 -3.028301e-02 9.844971e-02 9.027119e+00 3.391260e-02 9.987975e-01 -3.540524e-02 2.321310e-01 -9.725914e-02 3.855561e-02 9.945120e-01 -4.728034e+00
3.183716e-01 -1.451381e-01 9.367894e-01 1.031078e+01 2.700444e-01 9.611511e-01 5.713677e-02 2.482488e-01 -9.086889e-01 2.347840e-01 3.451969e-01 -5.116550e+00
9.164129e-01 3.468869e-02 -3.987280e-01 1.110774e+01 -2.850684e-02 9.993640e-01 2.142462e-02 2.641873e-01 3.992176e-01 -8.267326e-03 9.168189e-01 -5.361960e+00
-3.170403e-02 -5.023574e-02 9.982341e-01 1.188707e+01 2.472352e-01 9.673050e-01 5.653146e-02 2.675601e-01 -9.684367e-01 2.485909e-01 -1.824742e-02 -5.414499e+00
9.822269e-01 2.947915e-02 -1.853682e-01 1.232203e+01 -1.469846e-02 9.966372e-01 8.061142e-02 2.592420e-01 1.871212e-01 -7.645408e-02 9.793571e-01 -5.231948e+00
2.756787e-01 -5.371442e-02 9.597479e-01 1.223315e+01 2.941385e-01 9.552591e-01 -3.102537e-02 2.617337e-01 -9.151414e-01 2.908519e-01 2.791440e-01 -4.832390e+00
9.377394e-01 1.273520e-01 -3.231507e-01 1.229179e+01 -8.956522e-02 9.875544e-01 1.292839e-01 2.583965e-01 3.355935e-01 -9.229155e-02 9.374750e-01 -4.596162e+00
5.401038e-01 -1.849594e-01 8.210225e-01 1.229676e+01 3.130373e-01 9.497070e-01 8.019962e-03 2.593207e-01 -7.812141e-01 2.526791e-01 5.708395e-01 -4.482758e+00
5.895359e-01 2.890853e-01 -7.542394e-01 1.203606e+01 -1.736965e-01 9.572889e-01 2.311440e-01 2.831883e-01 7.888453e-01 -5.258953e-03 6.145693e-01 -4.339200e+00
4.695954e-01 -1.778367e-01 8.647857e-01 1.176680e+01 3.226709e-01 9.463127e-01 1.938557e-02 3.063198e-01 -8.218052e-01 2.699378e-01 5.017668e-01 -4.163700e+00
6.997197e-01 2.514464e-01 -6.687055e-01 1.153909e+01 -1.776745e-01 9.678541e-01 1.780173e-01 3.245973e-01 6.919712e-01 -5.750268e-03 7.219022e-01 -3.993601e+00
4.632464e-01 -1.776265e-01 8.682463e-01 1.134842e+01 3.069283e-01 9.512327e-01 3.084459e-02 3.391141e-01 -8.313831e-01 2.522007e-01 4.951737e-01 -3.871746e+00
7.826853e-01 2.319088e-01 -5.776002e-01 1.125358e+01 -1.683745e-01 9.722837e-01 1.622175e-01 3.450441e-01 5.992109e-01 -2.971213e-02 8.000397e-01 -3.750952e+00
4.048916e-01 -1.922763e-01 8.939198e-01 1.114721e+01 3.226680e-01 9.447902e-01 5.706915e-02 3.509200e-01 -8.555397e-01 2.653325e-01 4.445790e-01 -3.598917e+00
8.247429e-01 2.217116e-01 -5.202337e-01 1.111056e+01 -1.831965e-01 9.750803e-01 1.251296e-01 3.510860e-01 5.350124e-01 -7.894762e-03 8.448073e-01 -3.451455e+00
5.880697e-01 -2.296862e-01 7.755117e-01 1.098137e+01 2.979619e-01 9.529170e-01 5.628480e-02 3.609455e-01 -7.519261e-01 1.979735e-01 6.288193e-01 -3.364746e+00
9.739736e-01 1.399219e-01 -1.783179e-01 1.100720e+01 -1.380024e-01 9.901605e-01 2.318610e-02 3.597787e-01 1.798076e-01 2.025649e-03 9.836997e-01 -3.246558e+00
6.783211e-01 -2.159797e-01 7.023057e-01 1.092205e+01 2.409851e-01 9.683470e-01 6.504013e-02 3.622797e-01 -6.941230e-01 1.251271e-01 7.088981e-01 -3.067525e+00
7.530527e-01 2.090070e-01 -6.238812e-01 1.068696e+01 -1.941191e-01 9.765737e-01 9.285239e-02 3.829766e-01 6.286728e-01 5.118450e-02 7.759837e-01 -2.937617e+00
7.149186e-01 -2.070752e-01 6.678408e-01 1.041877e+01 2.318831e-01 9.713020e-01 5.293928e-02 4.074852e-01 -6.596375e-01 1.170137e-01 7.424191e-01 -2.799431e+00
6.178228e-01 2.290976e-01 -7.522030e-01 1.014412e+01 -1.914585e-01 9.716539e-01 1.386809e-01 4.343148e-01 7.626524e-01 5.833543e-02 6.441726e-01 -2.637916e+00
5.680814e-01 -1.972605e-01 7.989817e-01 9.908926e+00 2.327542e-01 9.697219e-01 7.392467e-02 4.562330e-01 -7.893725e-01 1.439711e-01 5.967942e-01 -2.474859e+00
9.530890e-01 1.230473e-01 -2.765516e-01 9.848184e+00 -1.397993e-01 9.893048e-01 -4.161927e-02 4.611047e-01 2.684727e-01 7.832860e-02 9.600974e-01 -2.171718e+00
5.826280e-01 -2.168212e-01 7.832836e-01 9.793681e+00 1.700497e-01 9.749477e-01 1.433882e-01 4.644632e-01 -7.947501e-01 4.965517e-02 6.049022e-01 -1.915263e+00
7.413511e-01 1.226898e-01 -6.598073e-01 9.528133e+00 -1.829620e-01 9.828553e-01 -2.281380e-02 4.857390e-01 6.456961e-01 1.376327e-01 7.510884e-01 -1.629676e+00
7.628807e-01 -1.809011e-01 6.207156e-01 9.230845e+00 1.293531e-01 9.833533e-01 1.276087e-01 5.105156e-01 -6.334673e-01 -1.705875e-02 7.735814e-01 -1.342708e+00
6.064770e-01 1.543361e-01 -7.799783e-01 8.934769e+00 -2.067872e-01 9.778394e-01 3.269865e-02 5.395300e-01 7.677400e-01 1.414586e-01 6.249518e-01 -1.110483e+00
7.892062e-01 -2.027168e-01 5.797064e-01 8.596614e+00 1.557765e-01 9.791570e-01 1.303276e-01 5.707378e-01 -5.940431e-01 -1.255073e-02 8.043353e-01 -7.999686e-01
3.479778e-01 2.442616e-01 -9.051230e-01 8.100763e+00 -2.638508e-01 9.519531e-01 1.554610e-01 6.220212e-01 8.996078e-01 1.847205e-01 3.957072e-01 -2.850137e-01
4.420186e-01 -2.599904e-01 8.585014e-01 7.734915e+00 2.457545e-01 9.555546e-01 1.628500e-01 6.545682e-01 -8.626844e-01 1.389979e-01 4.862667e-01 1.573942e-02
1.588169e-01 2.680500e-01 -9.502244e-01 7.294588e+00 -2.522471e-01 9.415142e-01 2.234333e-01 6.965891e-01 9.545410e-01 2.042064e-01 2.171432e-01 3.368491e-01
4.382474e-01 -2.070248e-01 8.746885e-01 6.867309e+00 2.522075e-01 9.623450e-01 1.014075e-01 7.380597e-01 -8.627459e-01 1.761615e-01 4.739584e-01 6.274820e-01
6.831030e-01 1.839441e-01 -7.067778e-01 6.638978e+00 -1.910153e-01 9.790740e-01 7.019428e-02 7.547975e-01 7.048996e-01 8.705544e-02 7.039446e-01 8.227272e-01
2.857152e-01 -1.971698e-01 9.378118e-01 6.569710e+00 2.264347e-01 9.647851e-01 1.338549e-01 7.601283e-01 -9.311789e-01 1.741087e-01 3.202998e-01 9.601920e-01
7.957599e-01 1.192312e-01 -5.937593e-01 6.857625e+00 -1.172511e-01 9.922094e-01 4.210225e-02 7.584642e-01 5.941535e-01 3.611563e-02 8.035404e-01 1.001098e+00
4.661565e-02 -1.510027e-01 9.874336e-01 7.222263e+00 2.204611e-01 9.656883e-01 1.372696e-01 7.543266e-01 -9.742812e-01 2.112918e-01 7.830642e-02 1.081426e+00
8.458069e-01 9.548658e-02 -5.248743e-01 7.540900e+00 -8.854886e-02 9.953321e-01 3.838179e-02 7.467552e-01 5.260892e-01 1.401344e-02 8.503139e-01 1.229080e+00
-4.042595e-02 -1.264514e-01 9.911487e-01 7.826931e+00 1.990064e-01 9.710668e-01 1.320062e-01 7.357727e-01 -9.791640e-01 2.025814e-01 -1.409165e-02 1.470281e+00
9.333843e-01 6.042861e-02 -3.537542e-01 8.410693e+00 -5.853003e-02 9.981562e-01 1.607382e-02 7.254742e-01 3.540733e-01 5.702192e-03 9.352003e-01 1.666988e+00
5.832814e-02 -1.221036e-01 9.908020e-01 8.822998e+00 1.808186e-01 9.773678e-01 1.098033e-01 7.142381e-01 -9.817853e-01 1.727508e-01 7.908665e-02 1.915807e+00
9.253365e-01 5.969907e-02 -3.744173e-01 9.311505e+00 -5.302342e-02 9.981974e-01 2.811555e-02 7.056600e-01 3.754209e-01 -6.163455e-03 9.268340e-01 2.084507e+00
1.234113e-01 -1.378154e-01 9.827393e-01 9.687459e+00 2.101297e-01 9.714827e-01 1.098489e-01 6.978478e-01 -9.698532e-01 1.929461e-01 1.488511e-01 2.260547e+00
9.207705e-01 8.490715e-02 -3.807525e-01 9.949041e+00 -8.179466e-02 9.963509e-01 2.438124e-02 6.891086e-01 3.814333e-01 8.694000e-03 9.243555e-01 2.502683e+00
1.205994e-02 -1.282809e-01 9.916645e-01 1.014422e+01 2.109801e-01 9.697362e-01 1.228784e-01 6.782356e-01 -9.774160e-01 2.077395e-01 3.875966e-02 2.811842e+00
9.944656e-01 2.590463e-02 -1.018190e-01 1.080660e+01 -2.845927e-02 9.993135e-01 -2.371781e-02 6.667792e-01 1.011347e-01 2.648425e-02 9.945202e-01 3.058424e+00
-9.060979e-02 -1.148137e-01 9.892460e-01 1.157539e+01 1.702346e-01 9.769264e-01 1.289765e-01 6.514411e-01 -9.812288e-01 1.800904e-01 -6.897383e-02 3.307252e+00
9.933884e-01 -1.023095e-02 -1.143455e-01 1.215346e+01 8.426932e-03 9.998325e-01 -1.624919e-02 6.341080e-01 1.144926e-01 1.517818e-02 9.933081e-01 3.643166e+00
-8.983343e-02 -6.405197e-02 9.938950e-01 1.278931e+01 1.716912e-01 9.819940e-01 7.880336e-02 6.177019e-01 -9.810464e-01 1.777222e-01 -7.721873e-02 3.934674e+00
9.884126e-01 6.359214e-04 -1.517899e-01 1.340095e+01 6.228644e-03 9.989791e-01 4.474436e-02 6.007517e-01 1.516634e-01 -4.517133e-02 9.873995e-01 4.236399e+00
7.175360e-02 -8.736010e-02 9.935893e-01 1.381228e+01 2.242234e-01 9.720724e-01 6.927561e-02 5.857646e-01 -9.718926e-01 2.178152e-01 8.933788e-02 4.534744e+00
9.847249e-01 5.131364e-02 -1.663846e-01 1.410602e+01 -4.515899e-02 9.981558e-01 4.056760e-02 5.706276e-01 1.681594e-01 -3.243416e-02 9.852261e-01 4.878767e+00
3.238708e-01 -1.312343e-01 9.369553e-01 1.409203e+01 2.434487e-01 9.685451e-01 5.150768e-02 5.658419e-01 -9.142431e-01 2.114187e-01 3.456323e-01 5.225151e+00
9.981877e-01 4.583218e-02 3.899584e-02 1.418870e+01 -4.450412e-02 9.984213e-01 -3.426918e-02 5.562389e-01 -4.050491e-02 3.247160e-02 9.986516e-01 5.658682e+00
1.161922e-02 -1.384772e-01 9.902975e-01 1.464198e+01 1.567151e-01 9.783777e-01 1.349717e-01 5.393136e-01 -9.875755e-01 1.536263e-01 3.306946e-02 6.100515e+00
9.983959e-01 -4.660431e-02 -3.215171e-02 1.503212e+01 4.571799e-02 9.985682e-01 -2.777267e-02 5.222658e-01 3.340001e-02 2.625821e-02 9.990971e-01 6.526005e+00
9.749311e-02 -2.836800e-02 9.948318e-01 1.531351e+01 1.514678e-01 9.883722e-01 1.334002e-02 5.083949e-01 -9.836425e-01 1.493844e-01 1.006563e-01 6.958917e+00
9.721577e-01 -3.430815e-02 -2.318026e-01 1.549763e+01 5.244727e-02 9.959850e-01 7.254713e-02 4.961091e-01 2.283829e-01 -8.268466e-02 9.700539e-01 7.256667e+00
8.304458e-02 -2.774456e-02 9.961595e-01 1.573953e+01 2.645096e-01 9.643711e-01 4.808433e-03 4.831658e-01 -9.608009e-01 2.630944e-01 8.742449e-02 7.544560e+00
9.966001e-01 6.568500e-02 -4.973738e-02 1.608213e+01 -6.051078e-02 9.932241e-01 9.921867e-02 4.670973e-01 5.591754e-02 -9.587168e-02 9.938218e-01 7.897869e+00
-1.129874e-01 -1.392170e-01 9.837949e-01 1.661290e+01 2.942228e-01 9.410409e-01 1.669579e-01 4.495837e-01 -9.490347e-01 3.083190e-01 -6.536492e-02 8.256527e+00
9.956819e-01 9.272742e-02 4.386196e-03 1.743577e+01 -9.229017e-02 9.938678e-01 -6.090467e-02 4.327465e-01 -1.000683e-02 6.023687e-02 9.981340e-01 8.554848e+00
-3.336826e-02 -1.939185e-01 9.804500e-01 1.808684e+01 1.521570e-01 9.685754e-01 1.967483e-01 4.161700e-01 -9.877929e-01 1.557475e-01 -2.813620e-03 8.850634e+00
9.749613e-01 -2.884192e-02 -2.204965e-01 1.838031e+01 9.511029e-03 9.960544e-01 -8.823378e-02 4.017466e-01 2.221713e-01 8.392737e-02 9.713888e-01 9.192689e+00
-2.522608e-01 -4.286208e-02 9.667095e-01 1.898343e+01 1.237681e-01 9.893839e-01 7.616443e-02 3.837970e-01 -9.597114e-01 1.388611e-01 -2.442778e-01 9.548798e+00
9.752319e-01 -5.690977e-02 -2.137380e-01 1.960945e+01 7.142174e-02 9.955918e-01 6.079340e-02 3.661913e-01 2.093361e-01 -7.455321e-02 9.749975e-01 9.874815e+00
-5.756921e-02 -5.770865e-03 9.983248e-01 1.995359e+01 2.767766e-01 9.606934e-01 2.151388e-02 3.519876e-01 -9.592083e-01 2.775515e-01 -5.370913e-02 1.020060e+01
9.919734e-01 6.847328e-02 1.063022e-01 2.058325e+01 -7.388789e-02 9.961176e-01 4.785784e-02 3.336591e-01 -1.026125e-01 -5.532815e-02 9.931815e-01 1.056638e+01
1.406940e-02 -1.913975e-01 9.814118e-01 2.112502e+01 2.579435e-01 9.489827e-01 1.813752e-01 3.142046e-01 -9.660576e-01 2.505969e-01 6.272134e-02 1.096355e+01
9.685825e-01 8.427797e-02 -2.339767e-01 2.124879e+01 -1.029920e-01 9.922910e-01 -6.892973e-02 3.040527e-01 2.263637e-01 9.086185e-02 9.697957e-01 1.141935e+01
4.686418e-01 -1.518512e-01 8.702391e-01 2.111324e+01 1.463449e-01 9.848486e-01 9.304010e-02 3.081253e-01 -8.711820e-01 8.375256e-02 4.837638e-01 1.178339e+01
9.618188e-01 -6.702216e-02 2.653539e-01 2.164757e+01 8.856668e-02 9.936031e-01 -7.006368e-02 2.985404e-01 -2.589607e-01 9.089008e-02 9.616020e-01 1.196914e+01
4.199630e-01 -8.870676e-02 9.031956e-01 2.237286e+01 1.024809e-01 9.934814e-01 4.992312e-02 2.893461e-01 -9.017365e-01 7.159440e-02 4.263162e-01 1.211371e+01
9.390975e-01 -1.443283e-01 3.118736e-01 2.314460e+01 1.503481e-01 9.886215e-01 4.791840e-03 2.823449e-01 -3.090166e-01 4.238961e-02 9.501115e-01 1.225506e+01
6.547240e-01 -4.251612e-02 7.546714e-01 2.375183e+01 1.408917e-01 9.877835e-01 -6.658318e-02 2.814128e-01 -7.426211e-01 1.499205e-01 6.527157e-01 1.227252e+01
9.889502e-01 -8.620349e-02 1.206083e-01 2.421289e+01 7.665980e-02 9.937080e-01 8.165580e-02 2.818854e-01 -1.268885e-01 -7.150771e-02 9.893361e-01 1.228750e+01
5.551777e-01 -5.209105e-02 8.300989e-01 2.449615e+01 2.008194e-01 9.769041e-01 -7.300632e-02 2.738323e-01 -8.071241e-01 2.072314e-01 5.528163e-01 1.252659e+01
9.076332e-01 -4.952877e-03 4.197350e-01 2.518163e+01 -3.760839e-02 9.949495e-01 9.306463e-02 2.641740e-01 -4.180761e-01 -1.002541e-01 9.028629e-01 1.276275e+01
5.415448e-01 -1.849434e-01 8.200763e-01 2.567594e+01 2.568035e-01 9.652658e-01 4.810405e-02 2.517679e-01 -8.004881e-01 1.845479e-01 5.702288e-01 1.315092e+01
9.933889e-01 8.055741e-02 8.178628e-02 2.567891e+01 -7.787621e-02 9.963320e-01 -3.546509e-02 2.494979e-01 -8.434327e-02 2.886142e-02 9.960187e-01 1.362135e+01
1.786234e-01 -2.023306e-01 9.628894e-01 2.605766e+01 1.908332e-01 9.671691e-01 1.678289e-01 2.355590e-01 -9.652338e-01 1.537731e-01 2.113704e-01 1.396826e+01
9.850116e-01 7.812904e-03 -1.723111e-01 2.618434e+01 -2.682272e-02 9.937593e-01 -1.082724e-01 2.271683e-01 1.703899e-01 1.112715e-01 9.790740e-01 1.436114e+01
1.681347e-01 -1.023512e-01 9.804361e-01 2.637071e+01 9.515315e-02 9.916358e-01 8.720259e-02 2.178131e-01 -9.811608e-01 7.862981e-02 1.764674e-01 1.471448e+01
9.864717e-01 -1.061271e-01 -1.249423e-01 2.697810e+01 1.055526e-01 9.943503e-01 -1.122778e-02 2.126381e-01 1.254280e-01 -2.112103e-03 9.921005e-01 1.484877e+01
3.714257e-01 -4.162814e-02 9.275290e-01 2.818425e+01 2.289471e-01 9.722525e-01 -4.804569e-02 2.316379e-01 -8.997923e-01 2.302005e-01 3.706502e-01 1.446230e+01
8.691903e-01 -3.699284e-02 -4.930920e-01 2.963496e+01 1.248112e-01 9.813219e-01 1.463881e-01 2.660595e-01 4.784667e-01 -1.887826e-01 8.575726e-01 1.377829e+01
-1.059460e-01 7.152848e-02 9.917959e-01 3.054094e+01 3.681010e-01 9.293730e-01 -2.770512e-02 2.671893e-01 -9.237300e-01 3.621458e-01 -1.247930e-01 1.372727e+01
8.260322e-01 2.619189e-01 -4.990684e-01 3.038131e+01 -1.479427e-01 9.551753e-01 2.564237e-01 2.723450e-01 5.438600e-01 -1.379807e-01 8.277546e-01 1.442030e+01
-2.185900e-01 -1.338199e-01 9.665975e-01 3.042755e+01 3.805795e-01 9.004192e-01 2.107236e-01 2.684014e-01 -8.985420e-01 4.139292e-01 -1.458935e-01 1.501131e+01
9.064731e-01 2.380060e-01 -3.487975e-01 3.110146e+01 -2.493653e-01 9.683264e-01 1.268523e-02 2.595174e-01 3.407690e-01 7.547917e-02 9.371123e-01 1.526010e+01
-2.690552e-01 -2.923112e-01 9.176946e-01 3.158478e+01 1.456937e-01 9.295128e-01 3.387910e-01 2.460247e-01 -9.520413e-01 2.248558e-01 -2.075023e-01 1.556717e+01
8.169307e-01 8.644894e-03 -5.766711e-01 3.177512e+01 -1.324833e-01 9.759621e-01 -1.730494e-01 2.383373e-01 5.613131e-01 2.177687e-01 7.984387e-01 1.602339e+01
-2.743347e-01 -1.297524e-01 9.528404e-01 3.305499e+01 6.561966e-02 9.860198e-01 1.531633e-01 2.522645e-01 -9.593928e-01 1.045431e-01 -2.619852e-01 1.570629e+01
8.023205e-01 -8.455225e-02 -5.908746e-01 3.405499e+01 1.012050e-01 9.948533e-01 -4.938894e-03 2.576051e-01 5.882512e-01 -5.583687e-02 8.067483e-01 1.556552e+01
-4.519657e-01 1.223297e-01 8.836076e-01 3.478760e+01 2.679064e-01 9.634380e-01 3.652530e-03 2.481025e-01 -8.508543e-01 2.383750e-01 -4.682139e-01 1.571449e+01
8.054648e-01 1.618054e-01 -5.701277e-01 3.542965e+01 -2.441910e-02 9.702516e-01 2.408640e-01 2.380516e-01 5.921404e-01 -1.800855e-01 7.854546e-01 1.596602e+01
-3.570858e-01 -1.845513e-02 9.338893e-01 3.643015e+01 4.299050e-01 8.843697e-01 1.818568e-01 2.410117e-01 -8.292596e-01 4.664222e-01 -3.078619e-01 1.591669e+01
8.076912e-01 3.102150e-01 -5.013997e-01 3.747528e+01 -2.617546e-01 9.506609e-01 1.665186e-01 2.403638e-01 5.283176e-01 -3.251914e-03 8.490406e-01 1.589570e+01
-3.335892e-01 -2.719758e-01 9.026336e-01 3.859390e+01 3.099931e-01 8.725867e-01 3.774874e-01 2.456783e-01 -8.902935e-01 4.057359e-01 -2.067749e-01 1.576274e+01
7.428859e-01 1.702451e-01 -6.474080e-01 3.993521e+01 -2.382278e-01 9.710423e-01 -1.801161e-02 2.625151e-01 6.255942e-01 1.676112e-01 7.619307e-01 1.542321e+01
-4.547236e-01 -2.306140e-01 8.602579e-01 4.090510e+01 8.719242e-02 9.497285e-01 3.006880e-01 2.627684e-01 -8.863543e-01 2.117379e-01 -4.117562e-01 1.543153e+01
7.771765e-01 -3.769273e-02 -6.281528e-01 4.184475e+01 -3.513099e-02 9.940489e-01 -1.031141e-01 2.628306e-01 6.283013e-01 1.022055e-01 7.712273e-01 1.546400e+01
-3.941042e-01 -3.192415e-02 9.185111e-01 4.277114e+01 1.042247e-01 9.913971e-01 7.917696e-02 2.624237e-01 -9.131369e-01 1.269356e-01 -3.873865e-01 1.546699e+01
8.095741e-01 -1.388486e-02 -5.868534e-01 4.343032e+01 6.814538e-02 9.951841e-01 7.046179e-02 2.548792e-01 5.830488e-01 -9.703539e-02 8.066215e-01 1.567751e+01
-4.098185e-01 7.373188e-02 9.091823e-01 4.405355e+01 2.805904e-01 9.585893e-01 4.873890e-02 2.446688e-01 -8.679388e-01 2.750819e-01 -4.135361e-01 1.592892e+01
7.921418e-01 1.481533e-01 -5.920827e-01 4.488580e+01 -3.082578e-02 9.785648e-01 2.036189e-01 2.448651e-01 6.095581e-01 -1.430437e-01 7.797291e-01 1.600370e+01
-2.104263e-01 -4.560019e-02 9.765456e-01 4.614563e+01 4.251637e-01 8.952294e-01 1.334175e-01 2.594705e-01 -8.803162e-01 4.432663e-01 -1.689923e-01 1.570296e+01
8.527735e-01 2.687844e-01 -4.478084e-01 4.737973e+01 -2.111341e-01 9.616403e-01 1.751293e-01 2.690580e-01 4.777026e-01 -5.479804e-02 8.768109e-01 1.549816e+01
-1.137831e-01 -2.463385e-01 9.624815e-01 4.873942e+01 4.135721e-01 8.691017e-01 2.713307e-01 2.883317e-01 -9.033336e-01 4.289283e-01 2.989624e-03 1.510876e+01
7.761713e-01 2.981175e-01 -5.555934e-01 4.957828e+01 -3.026061e-01 9.491770e-01 8.655989e-02 2.933497e-01 5.531615e-01 1.009407e-01 8.269361e-01 1.502617e+01
-8.050730e-02 -3.484861e-01 9.338501e-01 5.004624e+01 2.640628e-01 8.959590e-01 3.571111e-01 2.955206e-01 -9.611396e-01 2.753451e-01 1.989097e-02 1.516430e+01
5.587416e-01 1.608020e-01 -8.136034e-01 5.047156e+01 -2.532736e-01 9.672412e-01 1.723183e-02 3.092245e-01 7.897217e-01 1.964361e-01 5.811648e-01 1.522910e+01
-2.712881e-01 -2.683966e-01 9.243192e-01 5.096216e+01 1.148321e-01 9.444488e-01 3.079450e-01 3.112645e-01 -9.556235e-01 1.896833e-01 -2.253972e-01 1.537086e+01
6.286814e-01 5.477817e-02 -7.757313e-01 5.173391e+01 -1.239203e-01 9.918266e-01 -3.039191e-02 3.164088e-01 7.677262e-01 1.152357e-01 6.303311e-01 1.537680e+01
-1.623395e-01 -1.697589e-01 9.720225e-01 5.191148e+01 9.867994e-02 9.773582e-01 1.871715e-01 3.160605e-01 -9.817882e-01 1.263044e-01 -1.419120e-01 1.577203e+01
5.494943e-01 2.531779e-02 -8.351138e-01 5.178225e+01 -9.460908e-02 9.949973e-01 -3.208667e-02 3.274632e-01 8.301236e-01 9.664079e-02 5.491406e-01 1.626304e+01
-1.857008e-01 -3.677249e-02 9.819180e-01 5.216197e+01 1.588724e-01 9.850275e-01 6.693497e-02 3.392186e-01 -9.696777e-01 1.684296e-01 -1.770783e-01 1.638933e+01
4.539363e-01 8.148025e-02 -8.873009e-01 5.305461e+01 9.040575e-02 9.864596e-01 1.368368e-01 3.567783e-01 8.864359e-01 -1.423323e-01 4.404235e-01 1.607897e+01
-2.648958e-01 1.143795e-01 9.574693e-01 5.316973e+01 3.056936e-01 9.516847e-01 -2.911454e-02 3.636742e-01 -9.145390e-01 2.849800e-01 -2.870624e-01 1.638855e+01
3.451696e-01 2.371494e-01 -9.080849e-01 5.334194e+01 1.239749e-01 9.475510e-01 2.945798e-01 3.815565e-01 9.303162e-01 -2.142597e-01 2.976652e-01 1.653162e+01
-1.841834e-01 1.444379e-01 9.722213e-01 5.387165e+01 5.158259e-01 8.561861e-01 -2.947796e-02 4.009599e-01 -8.366601e-01 4.960676e-01 -2.322001e-01 1.639828e+01
4.898834e-01 4.299065e-01 -7.584159e-01 5.405419e+01 -4.470560e-02 8.811981e-01 4.706287e-01 4.135397e-01 8.706410e-01 -1.966477e-01 4.509035e-01 1.659837e+01
-8.139200e-02 -2.556237e-02 9.963543e-01 5.396112e+01 5.763907e-01 8.143419e-01 6.797793e-02 4.279974e-01 -8.131107e-01 5.798222e-01 -5.154700e-02 1.687957e+01
8.345039e-02 5.469676e-01 -8.329841e-01 5.358821e+01 -1.073087e-01 8.359715e-01 5.381788e-01 4.606591e-01 9.907174e-01 4.447519e-02 1.284565e-01 1.724515e+01
-2.082204e-03 -5.170470e-02 9.986602e-01 5.309889e+01 5.335715e-01 8.445655e-01 4.483908e-02 5.012632e-01 -8.457524e-01 5.329500e-01 2.582960e-02 1.768983e+01
3.595126e-01 4.695573e-01 -8.063911e-01 5.271123e+01 -2.162920e-01 8.825668e-01 4.174848e-01 5.290201e-01 9.077271e-01 2.432485e-02 4.188554e-01 1.818991e+01
-3.496680e-01 -1.384859e-01 9.265819e-01 5.245220e+01 4.208422e-01 8.603997e-01 2.874094e-01 5.428803e-01 -8.370329e-01 4.904426e-01 -2.425735e-01 1.879497e+01
5.100346e-01 3.382116e-01 -7.908715e-01 5.232795e+01 -3.558758e-01 9.200405e-01 1.639450e-01 5.444718e-01 7.830819e-01 1.978344e-01 5.896138e-01 1.940714e+01
-8.159442e-02 -3.276713e-01 9.412618e-01 5.198936e+01 2.464045e-01 9.084616e-01 3.376128e-01 5.639621e-01 -9.657262e-01 2.594785e-01 6.614305e-03 2.002865e+01
2.033276e-01 1.867287e-01 -9.611401e-01 5.146550e+01 -3.687803e-01 9.239593e-01 1.014904e-01 6.010083e-01 9.070055e-01 3.338137e-01 2.567283e-01 2.065556e+01
-1.294439e-01 -2.993179e-01 9.453323e-01 5.097987e+01 8.071291e-02 9.470090e-01 3.109008e-01 6.341444e-01 -9.882964e-01 1.165447e-01 -9.842569e-02 2.126536e+01
1.277591e-01 6.204978e-02 -9.898623e-01 5.046489e+01 -2.948677e-01 9.552888e-01 2.182470e-02 6.705139e-01 9.469587e-01 2.890901e-01 1.403433e-01 2.193183e+01
1.499800e-01 -2.225808e-01 9.633088e-01 4.979259e+01 2.072993e-02 9.748231e-01 2.220138e-01 7.250114e-01 -9.884717e-01 -1.332830e-02 1.508180e-01 2.255695e+01
6.573000e-01 -1.046015e-01 -7.463345e-01 4.948445e+01 -9.761448e-02 9.701616e-01 -2.219412e-01 7.417028e-01 7.472805e-01 2.187350e-01 6.274766e-01 2.305289e+01
-3.839903e-02 -9.769961e-02 9.944749e-01 4.941575e+01 -7.176083e-02 9.929089e-01 9.477491e-02 7.440468e-01 -9.966824e-01 -6.772508e-02 -4.513774e-02 2.332790e+01
5.450503e-01 -1.705451e-01 -8.208742e-01 4.939104e+01 8.937232e-02 9.853324e-01 -1.453709e-01 7.511328e-01 8.336262e-01 5.871007e-03 5.522978e-01 2.354934e+01
-2.154586e-01 1.099029e-01 9.703087e-01 5.005306e+01 9.206492e-02 9.915068e-01 -9.186077e-02 7.619406e-01 -9.721634e-01 6.953920e-02 -2.237468e-01 2.342121e+01
6.213546e-01 -4.608762e-03 -7.835160e-01 5.028740e+01 1.998809e-01 9.678294e-01 1.528194e-01 7.631509e-01 7.576055e-01 -2.515649e-01 6.022865e-01 2.354635e+01
-2.944283e-01 2.313937e-01 9.272373e-01 5.083274e+01 4.256811e-01 9.004325e-01 -8.953675e-02 7.636065e-01 -8.556328e-01 3.683452e-01 -3.636127e-01 2.355484e+01
4.395966e-01 4.058969e-01 -8.012507e-01 5.086581e+01 3.626299e-02 8.833196e-01 4.673665e-01 7.655914e-01 8.974630e-01 -2.345085e-01 3.735852e-01 2.388440e+01
-3.384965e-01 1.264370e-01 9.324344e-01 5.067279e+01 5.697127e-01 8.162009e-01 9.614378e-02 7.731012e-01 -7.488976e-01 5.637640e-01 -3.483138e-01 2.437642e+01
5.013247e-01 4.691647e-01 -7.270200e-01 5.073180e+01 -2.175214e-01 8.815861e-01 4.189158e-01 7.762637e-01 8.374712e-01 -5.187041e-02 5.440143e-01 2.459469e+01
-1.560359e-01 -2.230621e-01 9.622350e-01 5.070620e+01 5.369281e-01 7.985159e-01 2.721775e-01 7.812897e-01 -8.290724e-01 5.591205e-01 -4.828877e-03 2.477593e+01
6.656923e-01 4.152273e-01 -6.200323e-01 5.069708e+01 -4.479237e-01 8.868978e-01 1.130342e-01 7.810316e-01 5.968402e-01 2.024812e-01 7.763911e-01 2.516884e+01
-4.667611e-01 -4.246974e-01 7.757359e-01 5.090102e+01 1.102872e-01 8.423493e-01 5.275267e-01 7.733765e-01 -8.774798e-01 3.317827e-01 -3.463371e-01 2.553733e+01
2.453429e-01 4.642343e-02 -9.683242e-01 5.060477e+01 -4.240530e-01 9.033638e-01 -6.413261e-02 7.893843e-01 8.717717e-01 4.263552e-01 2.413199e-01 2.604719e+01
-2.269924e-01 -3.432351e-01 9.114078e-01 5.013516e+01 -9.997656e-02 9.391047e-01 3.287659e-01 8.209722e-01 -9.687513e-01 -1.649204e-02 -2.474851e-01 2.663274e+01
7.284140e-03 -1.522710e-01 -9.883119e-01 4.957921e+01 -3.105317e-01 9.391306e-01 -1.469822e-01 8.642361e-01 9.505351e-01 3.079728e-01 -4.044420e-02 2.722836e+01
-1.555159e-02 -1.877281e-01 9.820979e-01 4.889052e+01 -2.287117e-01 9.568437e-01 1.792791e-01 9.218695e-01 -9.733700e-01 -2.218292e-01 -5.781605e-02 2.779890e+01
4.240438e-01 -3.370010e-01 -8.406052e-01 4.840932e+01 -3.636127e-03 9.275464e-01 -3.736902e-01 9.575285e-01 9.056344e-01 1.615176e-01 3.920950e-01 2.832988e+01
1.151853e-01 1.025930e-01 9.880319e-01 4.780453e+01 -3.660883e-01 9.290244e-01 -5.378716e-02 1.003270e+00 -9.234239e-01 -3.555114e-01 1.445680e-01 2.893752e+01
6.129281e-01 -4.980318e-01 -6.134195e-01 4.724327e+01 3.673810e-01 8.669521e-01 -3.367867e-01 1.041868e+00 6.995358e-01 -1.893265e-02 7.143467e-01 2.964478e+01
-2.500921e-01 4.648952e-01 8.493093e-01 4.697686e+01 -5.853871e-02 8.683196e-01 -4.925387e-01 1.062969e+00 -9.664508e-01 -1.728975e-01 -1.899455e-01 3.035187e+01
4.930818e-01 -1.768067e-01 -8.518273e-01 4.656078e+01 5.576540e-01 8.157612e-01 1.534783e-01 1.091962e+00 6.677517e-01 -5.507023e-01 5.008340e-01 3.098835e+01
-2.673321e-01 6.548059e-01 7.069390e-01 4.646358e+01 5.475494e-01 7.069162e-01 -4.477266e-01 1.099218e+00 -7.929207e-01 2.673923e-01 -5.475199e-01 3.159190e+01
8.252564e-01 4.270565e-01 -3.695600e-01 4.678718e+01 -5.785184e-03 6.607267e-01 7.506043e-01 1.088780e+00 5.647286e-01 -6.173030e-01 5.477395e-01 3.197867e+01
-1.994005e-01 -1.900740e-03 9.799162e-01 4.680054e+01 8.527995e-01 4.922264e-01 1.744886e-01 1.096311e+00 -4.826723e-01 8.704652e-01 -9.652922e-02 3.246272e+01
9.096612e-02 7.943034e-01 -6.006724e-01 4.619216e+01 -3.707921e-01 5.868189e-01 7.198311e-01 1.140002e+00 9.242502e-01 1.572444e-01 3.479021e-01 3.316749e+01
-7.820137e-02 -2.871026e-01 9.547024e-01 4.552946e+01 7.340264e-01 6.314267e-01 2.500111e-01 1.189167e+00 -6.746034e-01 7.203280e-01 1.613625e-01 3.391641e+01
-1.491296e-01 7.042607e-01 -6.941018e-01 4.482418e+01 -3.099226e-01 6.332911e-01 7.091476e-01 1.244086e+00 9.389932e-01 3.208727e-01 1.238239e-01 3.470416e+01
1.061464e-01 -2.759266e-01 9.552997e-01 4.401242e+01 6.861642e-01 7.156518e-01 1.304654e-01 1.313009e+00 -7.196608e-01 6.416440e-01 2.652948e-01 3.550390e+01
3.515803e-01 6.038875e-01 -7.153399e-01 4.349645e+01 -4.870702e-01 7.705529e-01 4.111093e-01 1.350809e+00 7.994710e-01 2.038829e-01 5.650468e-01 3.613215e+01
2.280401e-01 -4.876200e-01 8.427482e-01 4.291548e+01 5.805760e-01 7.629415e-01 2.843446e-01 1.398121e+00 -7.816197e-01 4.244374e-01 4.570817e-01 3.679335e+01
-2.487691e-01 5.466461e-01 -7.995573e-01 4.192785e+01 -3.371941e-01 7.249882e-01 6.005766e-01 1.485736e+00 9.079725e-01 4.190109e-01 3.971177e-03 3.762205e+01
4.718254e-01 -3.422409e-01 8.125589e-01 4.063322e+01 5.414708e-01 8.398004e-01 3.930092e-02 1.600458e+00 -6.958377e-01 4.214338e-01 5.815527e-01 3.883555e+01
-1.822511e-01 4.762866e-01 -8.601951e-01 3.933551e+01 -1.956200e-01 8.397942e-01 5.064370e-01 1.717827e+00 9.635961e-01 2.605701e-01 -5.988219e-02 3.995877e+01
-2.707004e-01 -1.346943e-01 9.531940e-01 3.866838e+01 4.181062e-01 8.754465e-01 2.424472e-01 1.768988e+00 -8.671266e-01 4.641668e-01 -1.806673e-01 4.066518e+01
-5.093237e-02 3.856392e-01 -9.212428e-01 3.814194e+01 -2.289405e-01 8.933674e-01 3.866277e-01 1.806330e+00 9.721071e-01 2.306016e-01 4.278710e-02 4.131350e+01
7.342065e-02 -2.176047e-01 9.732716e-01 3.744736e+01 3.533922e-01 9.182590e-01 1.786461e-01 1.862865e+00 -9.325896e-01 3.308303e-01 1.443190e-01 4.200807e+01
-1.857300e-01 3.263537e-01 -9.268212e-01 3.663760e+01 -2.157359e-01 9.066740e-01 3.624917e-01 1.930074e+00 9.586253e-01 2.672742e-01 -9.799041e-02 4.280507e+01
-2.722390e-03 -1.955048e-01 9.806990e-01 3.590576e+01 2.920649e-01 9.377867e-01 1.877609e-01 1.990634e+00 -9.563946e-01 2.869389e-01 5.454705e-02 4.355092e+01
-2.429464e-01 2.697401e-01 -9.317818e-01 3.511950e+01 -2.065850e-01 9.241378e-01 3.213908e-01 2.055985e+00 9.477867e-01 2.705729e-01 -1.687917e-01 4.432684e+01
8.752585e-02 -1.848083e-01 9.788693e-01 3.428180e+01 2.362512e-01 9.584570e-01 1.598300e-01 2.127814e+00 -9.677420e-01 2.172697e-01 1.275509e-01 4.512589e+01
1.812711e-01 1.835417e-01 -9.661538e-01 3.369658e+01 -2.437729e-01 9.601549e-01 1.366651e-01 2.171368e+00 9.527411e-01 2.107487e-01 2.187908e-01 4.583915e+01
-4.524461e-01 -1.495380e-01 8.791649e-01 3.338885e+01 1.081330e-01 9.693679e-01 2.205294e-01 2.187314e+00 -8.852117e-01 1.948444e-01 -4.224167e-01 4.641453e+01
2.480004e-01 4.055540e-02 -9.679107e-01 3.305298e+01 -1.482212e-01 9.889482e-01 3.459290e-03 2.204281e+00 9.573538e-01 1.426070e-01 2.512707e-01 4.708735e+01
7.374774e-02 -1.201237e-01 9.900159e-01 3.253446e+01 1.495252e-02 9.927408e-01 1.193405e-01 2.243025e+00 -9.971648e-01 6.002141e-03 7.500854e-02 4.770959e+01
1.127922e-02 -2.364450e-02 -9.996568e-01 3.193365e+01 -1.740096e-01 9.844202e-01 -2.524749e-02 2.292550e+00 9.846794e-01 1.742347e-01 6.989126e-03 4.829224e+01
-2.635350e-01 -1.057589e-01 9.588349e-01 3.145063e+01 -5.760568e-02 9.939235e-01 9.379629e-02 2.325270e+00 -9.629283e-01 -3.051574e-02 -2.680259e-01 4.889027e+01
2.437233e-01 -1.164084e-01 -9.628333e-01 3.112316e+01 -1.109727e-03 9.927364e-01 -1.203046e-01 2.344314e+00 9.698442e-01 3.038952e-02 2.418238e-01 4.943705e+01
-2.439661e-01 8.426124e-02 9.661162e-01 3.113822e+01 -2.830027e-03 9.961521e-01 -8.759551e-02 2.353596e+00 -9.697796e-01 -2.410447e-02 -2.427888e-01 4.964236e+01
1.834755e-01 2.399590e-02 -9.827314e-01 3.136044e+01 2.324971e-01 9.702798e-01 6.709896e-02 2.361697e+00 9.551345e-01 -2.407932e-01 1.724436e-01 4.969038e+01
-5.022609e-01 3.422621e-01 7.940974e-01 3.128831e+01 3.176526e-01 9.271548e-01 -1.986978e-01 2.365759e+00 -8.042579e-01 1.524490e-01 -5.743941e-01 5.006518e+01
-3.084285e-01 3.770478e-01 -8.733309e-01 3.099180e+01 3.464166e-01 8.995676e-01 2.660334e-01 2.389919e+00 8.859274e-01 -2.204840e-01 -4.080679e-01 5.052566e+01
-2.484910e-02 3.427091e-01 9.391129e-01 3.021730e+01 1.906823e-01 9.237807e-01 -3.320684e-01 2.457251e+00 -9.813372e-01 1.708206e-01 -8.830368e-02 5.124577e+01
-2.304778e-01 1.606620e-01 -9.597227e-01 2.955250e+01 3.092526e-01 9.472358e-01 8.430448e-02 2.514768e+00 9.226282e-01 -2.773664e-01 -2.680019e-01 5.188800e+01
-8.879996e-02 3.085665e-01 9.470487e-01 2.895476e+01 5.614510e-02 9.508438e-01 -3.045386e-01 2.565655e+00 -9.944658e-01 2.612913e-02 -1.017594e-01 5.244508e+01
1.501574e-02 -2.464758e-03 -9.998842e-01 2.839098e+01 2.843635e-01 9.587146e-01 1.907151e-03 2.608569e+00 9.585989e-01 -2.843592e-01 1.509670e-02 5.306529e+01
-2.945379e-01 3.334598e-01 8.955736e-01 2.797765e+01 1.321393e-01 9.423545e-01 -3.074201e-01 2.634247e+00 -9.464601e-01 2.779360e-02 -3.216223e-01 5.362915e+01
-4.195545e-02 1.135665e-01 -9.926441e-01 2.754433e+01 3.425441e-01 9.349384e-01 9.248637e-02 2.662399e+00 9.385645e-01 -3.361441e-01 -7.812729e-02 5.421110e+01
-6.820645e-02 3.055154e-01 9.497411e-01 2.683490e+01 8.857448e-02 9.500532e-01 -2.992548e-01 2.714528e+00 -9.937316e-01 6.371172e-02 -9.186063e-02 5.512065e+01
-3.379582e-01 4.263380e-02 -9.401950e-01 2.576160e+01 1.984349e-01 9.797448e-01 -2.690129e-02 2.800502e+00 9.200043e-01 -1.956590e-01 -3.395728e-01 5.633378e+01
2.308921e-01 1.836280e-01 9.554944e-01 2.462750e+01 -2.354618e-01 9.633850e-01 -1.282459e-01 2.898759e+00 -9.440586e-01 -1.953715e-01 2.656753e-01 5.752997e+01
-6.387295e-01 -1.846195e-01 -7.469539e-01 2.310439e+01 -2.254718e-01 9.730810e-01 -4.770612e-02 3.030364e+00 7.356542e-01 1.379457e-01 -6.631621e-01 5.917880e+01
5.010717e-01 -2.231384e-01 8.361438e-01 2.124315e+01 -1.973624e-01 9.112611e-01 3.614571e-01 3.201413e+00 -8.426003e-01 -3.461393e-01 4.125680e-01 6.106835e+01
-3.468746e-01 -1.428525e-01 -9.269688e-01 1.976768e+01 -5.888690e-01 8.024231e-01 9.669749e-02 3.332276e+00 7.300077e-01 5.794051e-01 -3.624616e-01 6.254204e+01
4.759555e-01 -5.418272e-01 6.927407e-01 1.833082e+01 1.749913e-01 8.302753e-01 5.291701e-01 3.466030e+00 -8.618842e-01 -1.306378e-01 4.899891e-01 6.391006e+01
-3.194425e-01 2.288477e-01 -9.195571e-01 1.719261e+01 -6.001585e-01 7.021063e-01 3.832188e-01 3.569568e+00 7.333255e-01 6.742963e-01 -8.693768e-02 6.500808e+01
3.765681e-01 -5.876377e-01 7.161553e-01 1.596067e+01 4.726852e-01 7.867368e-01 3.970061e-01 3.678835e+00 -7.967215e-01 1.890162e-01 5.740276e-01 6.626819e+01
-3.721854e-01 5.249341e-01 -7.654555e-01 1.457188e+01 -4.299862e-01 6.333516e-01 6.434109e-01 3.797793e+00 8.225508e-01 5.686035e-01 -1.000980e-02 6.777199e+01
5.056123e-02 -4.017205e-01 9.143655e-01 1.347722e+01 5.839554e-01 7.546179e-01 2.992457e-01 3.892853e+00 -8.102096e-01 5.188184e-01 2.727412e-01 6.886915e+01
-1.270371e-01 5.406325e-01 -8.316117e-01 1.257331e+01 -3.943556e-01 7.417651e-01 5.424649e-01 3.968126e+00 9.101347e-01 3.968639e-01 1.189698e-01 6.974371e+01
-2.025521e-01 -2.962997e-01 9.333698e-01 1.179136e+01 4.576100e-01 8.140210e-01 3.577190e-01 4.030570e+00 -8.657746e-01 4.995761e-01 -2.929200e-02 7.048488e+01
-1.456285e-01 3.934291e-01 -9.077477e-01 1.123234e+01 -3.530308e-01 8.364609e-01 4.191686e-01 4.075892e+00 9.242086e-01 3.815058e-01 1.708009e-02 7.101464e+01
-2.937440e-02 -3.387874e-01 9.404043e-01 1.068411e+01 4.009998e-01 8.577903e-01 3.215508e-01 4.122807e+00 -9.156071e-01 3.865473e-01 1.106566e-01 7.148972e+01
-3.824067e-01 3.656550e-01 -8.485644e-01 1.002877e+01 -2.618061e-01 8.378516e-01 4.790221e-01 4.183515e+00 8.861279e-01 4.053406e-01 -2.246694e-01 7.199602e+01
1.162861e-02 -2.568481e-01 9.663818e-01 9.368650e+00 4.108634e-01 8.823221e-01 2.295625e-01 4.245416e+00 -9.116227e-01 3.943815e-01 1.157897e-01 7.248944e+01
-4.846193e-01 3.974839e-01 -7.791988e-01 8.659045e+00 -1.221781e-01 8.513016e-01 5.102530e-01 4.312923e+00 8.661505e-01 3.424794e-01 -3.639934e-01 7.304427e+01
-2.259726e-01 -9.233112e-02 9.697481e-01 8.028363e+00 3.810670e-01 9.077900e-01 1.752290e-01 4.370264e+00 -8.965067e-01 4.091359e-01 -1.699513e-01 7.358864e+01
-4.109679e-01 3.751591e-01 -8.308797e-01 7.430718e+00 -7.864235e-02 8.934159e-01 4.422933e-01 4.421668e+00 9.082515e-01 2.471107e-01 -3.376619e-01 7.419054e+01
-1.571667e-02 -9.011363e-02 9.958075e-01 6.438583e+00 3.160904e-01 9.444075e-01 9.045109e-02 4.508284e+00 -9.485989e-01 3.161867e-01 1.364111e-02 7.511083e+01
1.210019e-02 2.060628e-01 -9.784640e-01 5.823716e+00 -1.733351e-01 9.641535e-01 2.009055e-01 4.561138e+00 9.847886e-01 1.671712e-01 4.738436e-02 7.586143e+01
-2.983974e-02 -2.283427e-01 9.731234e-01 5.348906e+00 1.948135e-01 9.535585e-01 2.297256e-01 4.599059e+00 -9.803863e-01 1.964326e-01 1.603031e-02 7.645360e+01
-3.627691e-01 1.294475e-01 -9.228445e-01 4.429046e+00 -2.704555e-01 9.330552e-01 2.371955e-01 4.678202e+00 8.917692e-01 3.356356e-01 -3.034738e-01 7.731733e+01
-6.550238e-02 -2.519077e-01 9.655320e-01 3.595834e+00 1.218935e-01 9.583435e-01 2.583016e-01 4.752954e+00 -9.903794e-01 1.346114e-01 -3.206787e-02 7.807625e+01
-4.473374e-01 8.513398e-02 -8.903041e-01 2.821277e+00 -2.744657e-01 9.343579e-01 2.272531e-01 4.821656e+00 8.512096e-01 3.460167e-01 -3.946069e-01 7.874316e+01
-4.949944e-02 -2.945587e-01 9.543505e-01 1.970607e+00 1.067077e-01 9.484931e-01 2.982855e-01 4.897389e+00 -9.930575e-01 1.166016e-01 -1.551819e-02 7.951582e+01
-5.179188e-01 6.098949e-02 -8.532528e-01 1.082915e+00 -3.235085e-01 9.094105e-01 2.613711e-01 4.977886e+00 7.918980e-01 4.114036e-01 -4.512701e-01 8.028272e+01
-2.305700e-01 -2.910978e-01 9.284932e-01 2.938147e-01 8.749358e-02 9.441361e-01 3.177292e-01 5.048458e+00 -9.691142e-01 1.544960e-01 -1.922203e-01 8.095718e+01
-2.228178e-01 3.398395e-02 -9.742676e-01 -3.483173e-01 -3.301785e-01 9.376942e-01 1.082210e-01 5.107633e+00 9.172428e-01 3.457958e-01 -1.977142e-01 8.160832e+01
4.904256e-02 -3.375734e-01 9.400207e-01 -1.227006e+00 2.285585e-02 9.412861e-01 3.368354e-01 5.185293e+00 -9.985351e-01 4.965708e-03 5.387861e-02 8.248272e+01
-3.377160e-01 -4.630417e-02 -9.401084e-01 -2.281951e+00 -4.460525e-01 8.873885e-01 1.165284e-01 5.278331e+00 8.288456e-01 4.586912e-01 -3.203394e-01 8.347242e+01
2.127445e-01 -4.436385e-01 8.705887e-01 -3.331529e+00 6.081347e-02 8.952697e-01 4.413547e-01 5.371779e+00 -9.752136e-01 -4.095227e-02 2.174429e-01 8.440758e+01
-2.750238e-01 3.252946e-02 -9.608869e-01 -4.349304e+00 -5.342786e-01 8.257305e-01 1.808745e-01 5.461438e+00 7.993174e-01 5.631261e-01 -2.097158e-01 8.531182e+01
1.245881e-01 -4.955564e-01 8.595939e-01 -5.339481e+00 1.294092e-01 8.670595e-01 4.811040e-01 5.548202e+00 -9.837332e-01 5.129956e-02 1.721548e-01 8.621780e+01
-2.476019e-01 9.640029e-02 -9.640541e-01 -6.317463e+00 -5.481727e-01 8.065186e-01 2.214370e-01 5.633467e+00 7.988742e-01 5.832964e-01 -1.468515e-01 8.714418e+01
-9.016034e-02 -4.994705e-01 8.616266e-01 -7.195712e+00 8.927574e-02 8.576139e-01 5.064862e-01 5.707960e+00 -9.919178e-01 1.225873e-01 -3.273217e-02 8.797732e+01
-2.036478e-01 3.491375e-02 -9.784215e-01 -8.033827e+00 -5.419961e-01 8.282345e-01 1.423651e-01 5.777555e+00 8.153329e-01 5.592930e-01 -1.497450e-01 8.877744e+01
-4.994533e-02 -4.947631e-01 8.675915e-01 -8.846967e+00 4.046145e-02 8.669601e-01 4.967323e-01 5.845756e+00 -9.979320e-01 5.991347e-02 -2.328177e-02 8.957334e+01
-1.133846e-01 1.021556e-02 -9.934987e-01 -9.562872e+00 -5.318122e-01 8.440161e-01 6.937243e-02 5.903997e+00 8.392376e-01 5.362205e-01 -9.026568e-02 9.031876e+01
-5.912901e-01 -3.803449e-01 7.111355e-01 -9.436046e+00 -1.004188e-01 9.096612e-01 4.030292e-01 5.934435e+00 -8.001825e-01 1.668958e-01 -5.760675e-01 9.054137e+01
-1.172836e-01 -1.797417e-02 -9.929358e-01 -8.829776e+00 -2.076042e-01 9.781892e-01 6.814586e-03 5.953907e+00 9.711565e-01 2.069369e-01 -1.184571e-01 9.045749e+01
-2.077987e-01 -1.949627e-01 9.585454e-01 -9.264341e+00 -2.553112e-02 9.806830e-01 1.939306e-01 5.985851e+00 -9.778384e-01 1.582578e-02 -2.087622e-01 9.096419e+01
1.642893e-01 -1.227824e-01 -9.787408e-01 -9.261143e+00 -5.732511e-02 9.893575e-01 -1.337367e-01 6.009203e+00 9.847451e-01 7.807792e-02 1.555023e-01 9.118462e+01
-5.497664e-01 3.368627e-02 8.346389e-01 -8.308824e+00 9.888784e-02 9.947848e-01 2.498640e-02 6.030398e+00 -8.294444e-01 9.627232e-02 -5.502305e-01 9.088902e+01
7.377364e-02 7.999235e-02 -9.940617e-01 -8.215358e+00 1.414390e-01 9.858629e-01 8.982940e-02 6.040326e+00 9.871942e-01 -1.472262e-01 6.141666e-02 9.106887e+01
-1.475891e-01 1.814284e-01 9.722660e-01 -8.464556e+00 1.572648e-01 9.748297e-01 -1.580341e-01 6.061382e+00 -9.764657e-01 1.295791e-01 -1.724066e-01 9.131988e+01
-2.235034e-01 1.342164e-01 -9.654181e-01 -8.955288e+00 1.640820e-01 9.815198e-01 9.846835e-02 6.104355e+00 9.607931e-01 -1.363997e-01 -2.413955e-01 9.172218e+01
-4.117992e-01 2.529087e-01 8.754762e-01 -9.377254e+00 1.770947e-01 9.646102e-01 -1.953575e-01 6.137767e+00 -8.939009e-01 7.459410e-02 -4.420145e-01 9.211233e+01
-2.827491e-01 1.716579e-01 -9.437089e-01 -9.744910e+00 2.720332e-01 9.578107e-01 9.271780e-02 6.169730e+00 9.198102e-01 -2.305043e-01 -3.175168e-01 9.247105e+01
-5.065447e-01 3.851960e-01 7.713861e-01 -9.908917e+00 2.939914e-01 9.182058e-01 -2.654564e-01 6.191539e+00 -8.105440e-01 9.231540e-02 -5.783566e-01 9.273350e+01
2.655030e-01 2.834380e-01 -9.215048e-01 -9.100862e+00 3.842752e-01 8.454930e-01 3.707751e-01 6.201351e+00 8.842176e-01 -4.525534e-01 1.155627e-01 9.255558e+01
-1.530697e-01 4.176880e-01 8.956039e-01 -9.013983e+00 6.075695e-01 7.545376e-01 -2.480570e-01 6.210965e+00 -7.793773e-01 5.061716e-01 -3.692713e-01 9.261163e+01
