9.999706e-01 1.308546e-03 7.552452e-03 1.897669e-01 -1.260711e-03 9.999791e-01 -6.334961e-03 1.264739e-02 -7.560584e-03 6.325253e-03 9.999514e-01 -9.997318e-01
9.999987e-01 -2.794777e-05 1.585849e-03 4.539095e-01 2.937006e-05 9.999996e-01 -8.968356e-04 2.582532e-02 -1.585823e-03 8.968818e-04 9.999983e-01 -2.147940e+00
9.999498e-01 1.551594e-03 9.902827e-03 6.968436e-01 -1.483041e-03 9.999749e-01 -6.926087e-03 4.173763e-02 -9.913326e-03 6.911052e-03 9.999270e-01 -3.352856e+00
9.999995e-01 -1.781807e-04 1.003437e-03 9.355380e-01 1.791682e-04 9.999995e-01 -9.840722e-04 5.757727e-02 -1.003261e-03 9.842522e-04 9.999990e-01 -4.545682e+00
9.999596e-01 1.723718e-03 8.818641e-03 1.217512e+00 -1.668296e-03 9.999788e-01 -6.288177e-03 7.324204e-02 -8.829294e-03 6.273211e-03 9.999413e-01 -5.741982e+00
9.999889e-01 -5.254448e-04 -4.688312e-03 1.495195e+00 5.297320e-04 9.999994e-01 9.132511e-04 7.879056e-02 4.687830e-03 -9.157238e-04 9.999886e-01 -6.603008e+00
9.999052e-01 2.208962e-03 1.359213e-02 1.873205e+00 -2.095106e-03 9.999626e-01 -8.385132e-03 8.964784e-02 -1.361015e-02 8.355859e-03 9.998725e-01 -7.811788e+00
9.999930e-01 -6.904198e-04 -3.674382e-03 2.164784e+00 6.928510e-04 9.999995e-01 6.604248e-04 1.026794e-01 3.673925e-03 -6.629653e-04 9.999930e-01 -8.998597e+00
9.999787e-01 2.035405e-03 6.201173e-03 2.396973e+00 -2.006222e-03 9.999869e-01 -4.708557e-03 1.079403e-01 -6.210676e-03 4.696015e-03 9.999697e-01 -9.686767e+00
9.999814e-01 -8.542345e-04 -6.041598e-03 2.606256e+00 8.625175e-04 9.999987e-01 1.368527e-03 1.109518e-01 6.040422e-03 -1.373712e-03 9.999808e-01 -1.025247e+01
9.998388e-01 2.193870e-03 1.781858e-02 2.729090e+00 -2.043756e-03 9.999623e-01 -8.438430e-03 1.271455e-01 -1.783642e-02 8.400653e-03 9.998056e-01 -1.135616e+01
9.999992e-01 -1.097690e-03 6.907392e-04 2.935164e+00 1.099115e-03 9.999973e-01 -2.065147e-03 1.526854e-01 -6.884701e-04 2.065905e-03 9.999976e-01 -1.284902e+01
9.999984e-01 1.814866e-03 1.199945e-05 3.045365e+00 -1.814841e-03 9.999967e-01 -1.823036e-03 1.571222e-01 -1.530831e-05 1.823011e-03 9.999983e-01 -1.341991e+01
9.999854e-01 -1.036750e-03 -5.301574e-03 3.112555e+00 1.042175e-03 9.999989e-01 1.020687e-03 1.540790e-01 5.300510e-03 -1.026197e-03 9.999854e-01 -1.359052e+01
9.998836e-01 2.142311e-03 1.510931e-02 3.268709e+00 -2.028247e-03 9.999694e-01 -7.560546e-03 1.671797e-01 -1.512504e-02 7.529019e-03 9.998573e-01 -1.461711e+01
9.999997e-01 -7.079393e-04 -5.953069e-05 3.388861e+00 7.079047e-04 9.999996e-01 -5.779901e-04 1.880242e-01 5.994018e-05 5.779485e-04 9.999998e-01 -1.588721e+01
9.999178e-01 1.460346e-03 1.274127e-02 3.699101e+00 -1.354587e-03 9.999646e-01 -8.305206e-03 2.007495e-01 -1.275294e-02 8.287263e-03 9.998843e-01 -1.717637e+01
9.999384e-01 -3.627753e-04 -1.109035e-02 3.876183e+00 4.117231e-04 9.999902e-01 4.411591e-03 2.063775e-01 1.108864e-02 -4.415885e-03 9.999288e-01 -1.785550e+01
9.999854e-01 1.111368e-03 5.283329e-03 4.075893e+00 -1.076764e-03 9.999780e-01 -6.547875e-03 1.999181e-01 -5.290490e-03 6.542090e-03 9.999646e-01 -1.816457e+01
9.999677e-01 -6.882546e-05 -8.033687e-03 4.398068e+00 9.699779e-05 9.999938e-01 3.506439e-03 1.974820e-01 8.033396e-03 -3.507104e-03 9.999616e-01 -1.877082e+01
9.999505e-01 1.077006e-03 9.893534e-03 5.078005e+00 -9.710246e-04 9.999422e-01 -1.071078e-02 1.970276e-01 -9.904498e-03 1.070064e-02 9.998937e-01 -2.003639e+01
9.999484e-01 5.503179e-04 -1.014027e-02 5.611812e+00 -4.856421e-04 9.999795e-01 6.379477e-03 2.005316e-01 1.014357e-02 -6.374223e-03 9.999282e-01 -2.097178e+01
9.999921e-01 2.719892e-04 3.954594e-03 5.885985e+00 -2.389876e-04 9.999652e-01 -8.343210e-03 1.974707e-01 -3.956726e-03 8.342198e-03 9.999574e-01 -2.148871e+01
9.999912e-01 6.773740e-04 -4.131773e-03 6.264752e+00 -6.614815e-04 9.999924e-01 3.846571e-03 2.001432e-01 4.134348e-03 -3.843804e-03 9.999841e-01 -2.234197e+01
9.999983e-01 4.171211e-04 -1.819390e-03 6.691872e+00 -4.285142e-04 9.999803e-01 -6.266161e-03 1.927619e-01 1.816740e-03 6.266929e-03 9.999787e-01 -2.286031e+01
9.999698e-01 6.232907e-04 -7.749874e-03 7.221734e+00 -5.822452e-04 9.999858e-01 5.297404e-03 1.764519e-01 7.753066e-03 -5.292731e-03 9.999559e-01 -2.317332e+01
9.999942e-01 6.746164e-04 -3.332321e-03 7.901123e+00 -6.965901e-04 9.999780e-01 -6.597375e-03 1.571288e-01 3.327797e-03 6.599657e-03 9.999727e-01 -2.356228e+01
9.999736e-01 9.668840e-04 7.205142e-03 8.635197e+00 -9.571482e-04 9.999986e-01 -1.354544e-03 1.623192e-01 -7.206442e-03 1.347613e-03 9.999731e-01 -2.506710e+01
9.999873e-01 9.236899e-04 4.957438e-03 9.447496e+00 -8.753347e-04 9.999521e-01 -9.747389e-03 1.729956e-01 -4.966204e-03 9.742925e-03 9.999402e-01 -2.676455e+01
9.999501e-01 6.061314e-04 -9.966702e-03 1.017317e+01 -5.545652e-04 9.999865e-01 5.175805e-03 1.644585e-01 9.969705e-03 -5.170019e-03 9.999369e-01 -2.764116e+01
9.999607e-01 1.446159e-03 8.742196e-03 1.066018e+01 -1.367779e-03 9.999589e-01 -8.965000e-03 1.649147e-01 -8.754801e-03 8.952690e-03 9.999216e-01 -2.845904e+01
9.999774e-01 -1.803964e-04 -6.722179e-03 1.090397e+01 2.133551e-04 9.999880e-01 4.902579e-03 1.685715e-01 6.721214e-03 -4.903902e-03 9.999654e-01 -2.920646e+01
9.998821e-01 1.363660e-03 1.529785e-02 1.103886e+01 -1.197877e-03 9.999405e-01 -1.084095e-02 1.833819e-01 -1.531173e-02 1.082135e-02 9.998242e-01 -3.019432e+01
9.999425e-01 -2.015904e-04 -1.072103e-02 1.153907e+01 2.395462e-04 9.999937e-01 3.539144e-03 1.875909e-01 1.072025e-02 -3.541508e-03 9.999363e-01 -3.132417e+01
9.998248e-01 1.696879e-03 1.863879e-02 1.182730e+01 -1.509136e-03 9.999480e-01 -1.008214e-02 2.016344e-01 -1.865493e-02 1.005224e-02 9.997754e-01 -3.248825e+01
9.998523e-01 -7.859070e-04 -1.716698e-02 1.214187e+01 8.640815e-04 9.999893e-01 4.546829e-03 1.989466e-01 1.716323e-02 -4.560990e-03 9.998423e-01 -3.315033e+01
9.999284e-01 2.174864e-03 1.176335e-02 1.264747e+01 -2.099254e-03 9.999771e-01 -6.436105e-03 1.866583e-01 -1.177708e-02 6.410950e-03 9.999101e-01 -3.363090e+01
9.998078e-01 -1.082400e-03 -1.957480e-02 1.340638e+01 1.127087e-03 9.999968e-01 2.272005e-03 1.736265e-01 1.957228e-02 -2.293630e-03 9.998058e-01 -3.437766e+01
9.999519e-01 2.709532e-03 9.422932e-03 1.419902e+01 -2.692840e-03 9.999948e-01 -1.783693e-03 1.340373e-01 -9.427716e-03 1.758232e-03 9.999540e-01 -3.378731e+01
9.997283e-01 -1.067583e-03 -2.328599e-02 1.498717e+01 1.142720e-03 9.999942e-01 3.213651e-03 9.026633e-02 2.328242e-02 -3.239387e-03 9.997237e-01 -3.284181e+01
9.999511e-01 3.000542e-03 9.426257e-03 1.588401e+01 -2.985996e-03 9.999943e-01 -1.556862e-03 3.496921e-02 -9.430875e-03 1.528638e-03 9.999544e-01 -3.148290e+01
9.997502e-01 -1.418397e-03 -2.230686e-02 1.673696e+01 1.512088e-03 9.999901e-01 4.183761e-03 -2.237974e-02 2.230071e-02 -4.216445e-03 9.997424e-01 -2.984847e+01
9.999553e-01 2.304054e-03 9.165474e-03 1.772051e+01 -2.267379e-03 9.999894e-01 -4.009823e-03 -7.438268e-02 -9.174616e-03 3.988862e-03 9.999500e-01 -2.886280e+01
9.997547e-01 -8.220765e-04 -2.213348e-02 1.852018e+01 9.445479e-04 9.999843e-01 5.523428e-03 -1.099372e-01 2.212859e-02 -5.542978e-03 9.997398e-01 -2.806782e+01
9.999623e-01 1.436189e-03 8.566893e-03 1.872054e+01 -1.406859e-03 9.999931e-01 -3.428742e-03 -1.296893e-01 -8.571759e-03 3.416560e-03 9.999574e-01 -2.748698e+01
9.998610e-01 -3.109062e-04 -1.666892e-02 1.879752e+01 4.057310e-04 9.999838e-01 5.685640e-03 -1.520238e-01 1.666688e-02 -5.691612e-03 9.998449e-01 -2.665786e+01
9.999454e-01 1.988992e-03 1.025899e-02 1.877142e+01 -1.962544e-03 9.999947e-01 -2.587485e-03 -1.658941e-01 -1.026408e-02 2.567209e-03 9.999440e-01 -2.572247e+01
9.999298e-01 -5.744988e-04 -1.183176e-02 1.875869e+01 6.472291e-04 9.999809e-01 6.144126e-03 -1.891714e-01 1.182800e-02 -6.151352e-03 9.999111e-01 -2.439508e+01
9.999703e-01 1.687238e-03 7.522377e-03 1.876392e+01 -1.667436e-03 9.999951e-01 -2.637898e-03 -2.100728e-01 -7.526791e-03 2.625276e-03 9.999682e-01 -2.334996e+01
9.999087e-01 -1.008773e-03 -1.347720e-02 1.881068e+01 1.049028e-03 9.999950e-01 2.980106e-03 -2.172146e-01 1.347413e-02 -2.993971e-03 9.999047e-01 -2.332191e+01
9.999726e-01 1.552999e-03 7.238383e-03 1.875544e+01 -1.528626e-03 9.999931e-01 -3.371564e-03 -2.174614e-01 -7.243570e-03 3.360406e-03 9.999681e-01 -2.329671e+01
9.999459e-01 -1.026434e-03 -1.035222e-02 1.863327e+01 1.051439e-03 9.999965e-01 2.410294e-03 -2.118577e-01 1.034971e-02 -2.421047e-03 9.999435e-01 -2.346373e+01
9.999148e-01 1.605608e-03 1.295545e-02 1.872589e+01 -1.527623e-03 9.999807e-01 -6.027142e-03 -2.039365e-01 -1.296487e-02 6.006836e-03 9.998979e-01 -2.407899e+01
9.998711e-01 -9.442820e-04 -1.602676e-02 1.881995e+01 1.014729e-03 9.999899e-01 4.388032e-03 -2.034143e-01 1.602246e-02 -4.403729e-03 9.998619e-01 -2.443078e+01
9.998910e-01 1.661055e-03 1.467051e-02 1.892237e+01 -1.564529e-03 9.999771e-01 -6.588629e-03 -2.016610e-01 -1.468112e-02 6.564958e-03 9.998707e-01 -2.483856e+01
9.997465e-01 -9.133299e-04 -2.249879e-02 1.901047e+01 1.081838e-03 9.999714e-01 7.478600e-03 -2.138174e-01 2.249132e-02 -7.501043e-03 9.997189e-01 -2.456953e+01
9.997784e-01 1.768137e-03 2.097493e-02 1.910823e+01 -1.581316e-03 9.999590e-01 -8.920103e-03 -2.136715e-01 -2.098984e-02 8.884957e-03 9.997402e-01 -2.487411e+01
9.997557e-01 -1.148517e-03 -2.207521e-02 1.920823e+01 1.294679e-03 9.999773e-01 6.607960e-03 -2.113228e-01 2.206712e-02 -6.634925e-03 9.997345e-01 -2.527582e+01
9.997205e-01 1.827573e-03 2.357256e-02 1.931665e+01 -1.600906e-03 9.999523e-01 -9.630989e-03 -2.052456e-01 -2.358904e-02 9.590558e-03 9.996757e-01 -2.587176e+01
9.999265e-01 -1.103464e-03 -1.207586e-02 1.938066e+01 1.146326e-03 9.999931e-01 3.543077e-03 -1.849730e-01 1.207186e-02 -3.556659e-03 9.999208e-01 -2.688400e+01
9.996134e-01 1.950542e-03 2.773642e-02 1.943281e+01 -1.646070e-03 9.999382e-01 -1.099593e-02 -1.594615e-01 -2.775615e-02 1.094602e-02 9.995548e-01 -2.808189e+01
9.999263e-01 -1.098468e-03 -1.209461e-02 1.948628e+01 1.141655e-03 9.999930e-01 3.564423e-03 -1.339465e-01 1.209061e-02 -3.577967e-03 9.999205e-01 -2.927645e+01
9.995762e-01 2.022896e-03 2.904179e-02 1.954129e+01 -1.688399e-03 9.999320e-01 -1.153766e-02 -1.071200e-01 -2.906316e-02 1.148374e-02 9.995116e-01 -3.053525e+01
9.998928e-01 -1.096912e-03 -1.459771e-02 1.960290e+01 1.159945e-03 9.999900e-01 4.310259e-03 -8.322068e-02 1.459284e-02 -4.326729e-03 9.998842e-01 -3.168589e+01
9.996041e-01 2.008150e-03 2.806537e-02 1.966437e+01 -1.699174e-03 9.999377e-01 -1.102867e-02 -6.067259e-02 -2.808577e-02 1.097662e-02 9.995452e-01 -3.279319e+01
9.999171e-01 -1.181875e-03 -1.281832e-02 1.972062e+01 1.231419e-03 9.999918e-01 3.857896e-03 -3.603055e-02 1.281365e-02 -3.873361e-03 9.999104e-01 -3.396740e+01
9.994590e-01 2.134370e-03 3.282108e-02 1.975815e+01 -1.717563e-03 9.999176e-01 -1.272233e-02 -5.111803e-03 -3.284553e-02 1.265908e-02 9.993803e-01 -3.534932e+01
9.999133e-01 -1.195079e-03 -1.311391e-02 1.980387e+01 1.245650e-03 9.999918e-01 3.848837e-03 2.551157e-02 1.310920e-02 -3.864838e-03 9.999066e-01 -3.671825e+01
9.995358e-01 2.157873e-03 3.038835e-02 1.985861e+01 -1.799153e-03 9.999284e-01 -1.182694e-02 5.303612e-02 -3.041170e-02 1.176677e-02 9.994682e-01 -3.798801e+01
9.999363e-01 -1.186043e-03 -1.122708e-02 1.990265e+01 1.222985e-03 9.999939e-01 3.284141e-03 8.261673e-02 1.122312e-02 -3.297661e-03 9.999316e-01 -3.933637e+01
9.993545e-01 2.292144e-03 3.585174e-02 1.993412e+01 -1.801925e-03 9.999045e-01 -1.369983e-02 1.180949e-01 -3.587972e-02 1.362638e-02 9.992632e-01 -4.092935e+01
9.999550e-01 -1.295336e-03 -9.398062e-03 2.000850e+01 1.318770e-03 9.999960e-01 2.487780e-03 1.554703e-01 9.394803e-03 -2.500061e-03 9.999527e-01 -4.260607e+01
9.996290e-01 1.986250e-03 2.716391e-02 2.009264e+01 -1.695649e-03 9.999411e-01 -1.071687e-02 1.831801e-01 -2.718360e-02 1.066684e-02 9.995735e-01 -4.388533e+01
9.999758e-01 -1.046887e-03 -6.881446e-03 2.011849e+01 1.059073e-03 9.999979e-01 1.767425e-03 2.142418e-01 6.879582e-03 -1.774669e-03 9.999748e-01 -4.528075e+01
9.996123e-01 2.068661e-03 2.776665e-02 2.020011e+01 -1.752713e-03 9.999335e-01 -1.139820e-02 2.457320e-01 -2.778838e-02 1.134512e-02 9.995494e-01 -4.672051e+01
9.998684e-01 -1.269829e-03 -1.617136e-02 2.027871e+01 1.355165e-03 9.999852e-01 5.267109e-03 2.659151e-01 1.616444e-02 -5.288330e-03 9.998554e-01 -4.773542e+01
9.996577e-01 1.982338e-03 2.608735e-02 2.039792e+01 -1.692889e-03 9.999368e-01 -1.111281e-02 2.831975e-01 -2.610773e-02 1.106484e-02 9.995979e-01 -4.870666e+01
9.999827e-01 -1.130958e-03 -5.780419e-03 2.047265e+01 1.143235e-03 9.999971e-01 2.121053e-03 3.124513e-01 5.778004e-03 -2.127624e-03 9.999810e-01 -5.012569e+01
9.995204e-01 2.277219e-03 3.088227e-02 2.054194e+01 -1.876043e-03 9.999136e-01 -1.301325e-02 3.478317e-01 -3.090924e-02 1.294908e-02 9.994383e-01 -5.175104e+01
9.999441e-01 -1.211222e-03 -1.050710e-02 2.061216e+01 1.250258e-03 9.999923e-01 3.709489e-03 3.787285e-01 1.050253e-02 -3.722417e-03 9.999379e-01 -5.317109e+01
9.996132e-01 2.193480e-03 2.772520e-02 2.066765e+01 -1.871889e-03 9.999307e-01 -1.161988e-02 4.057002e-01 -2.774877e-02 1.156348e-02 9.995480e-01 -5.443246e+01
9.999410e-01 -1.204719e-03 -1.079997e-02 2.071762e+01 1.245014e-03 9.999923e-01 3.725070e-03 4.327384e-01 1.079540e-02 -3.738296e-03 9.999347e-01 -5.568635e+01
9.996283e-01 2.126228e-03 2.717982e-02 2.077357e+01 -1.810280e-03 9.999306e-01 -1.164371e-02 4.595168e-01 -2.720269e-02 1.159018e-02 9.995627e-01 -5.692794e+01
9.999454e-01 -1.210999e-03 -1.037542e-02 2.081376e+01 1.250755e-03 9.999919e-01 3.826118e-03 4.861742e-01 1.037070e-02 -3.838886e-03 9.999389e-01 -5.817639e+01
9.995818e-01 2.265249e-03 2.882970e-02 2.087210e+01 -1.904942e-03 9.999198e-01 -1.251910e-02 5.149010e-01 -2.885575e-02 1.245894e-02 9.995059e-01 -5.951445e+01
9.999608e-01 -1.202322e-03 -8.777755e-03 2.090026e+01 1.234023e-03 9.999927e-01 3.606974e-03 5.455515e-01 8.773354e-03 -3.617664e-03 9.999550e-01 -6.091362e+01
9.995960e-01 2.254008e-03 2.833451e-02 2.095607e+01 -1.895958e-03 9.999181e-01 -1.265706e-02 5.762799e-01 -2.836072e-02 1.259823e-02 9.995184e-01 -6.229291e+01
9.998853e-01 -1.325478e-03 -1.508546e-02 2.101265e+01 1.414301e-03 9.999817e-01 5.878852e-03 5.991547e-01 1.507739e-02 -5.899512e-03 9.998689e-01 -6.339310e+01
9.995766e-01 2.254041e-03 2.901049e-02 2.106909e+01 -1.882387e-03 9.999159e-01 -1.283197e-02 6.226810e-01 -2.903697e-02 1.277193e-02 9.994967e-01 -6.452112e+01
9.997474e-01 -1.598647e-03 -2.241817e-02 2.121114e+01 1.783638e-03 9.999645e-01 8.234291e-03 6.336948e-01 2.240421e-02 -8.272197e-03 9.997148e-01 -6.529473e+01
9.996919e-01 2.388684e-03 2.470594e-02 2.140270e+01 -2.110414e-03 9.999341e-01 -1.128324e-02 6.377144e-01 -2.473126e-02 1.122762e-02 9.996311e-01 -6.588260e+01
9.998962e-01 -1.474410e-03 -1.433550e-02 2.148004e+01 1.554811e-03 9.999831e-01 5.598941e-03 6.561492e-01 1.432701e-02 -5.620648e-03 9.998816e-01 -6.684669e+01
9.998323e-01 2.291822e-03 1.816750e-02 2.152975e+01 -2.133437e-03 9.999596e-01 -8.732667e-03 6.661358e-01 -1.818678e-02 8.692443e-03 9.997968e-01 -6.741748e+01
9.997909e-01 -1.753429e-03 -2.037475e-02 2.170995e+01 1.908576e-03 9.999693e-01 7.597708e-03 6.653020e-01 2.036081e-02 -7.635005e-03 9.997635e-01 -6.776881e+01
9.997574e-01 2.235773e-03 2.191381e-02 2.173869e+01 -2.018200e-03 9.999485e-01 -9.945678e-03 6.694517e-01 -2.193492e-02 9.899037e-03 9.997104e-01 -6.804425e+01
9.998829e-01 -1.375606e-03 -1.524214e-02 2.171088e+01 1.476255e-03 9.999772e-01 6.594051e-03 6.840045e-01 1.523272e-02 -6.615779e-03 9.998621e-01 -6.866726e+01
9.997831e-01 1.796697e-03 2.075053e-02 2.188663e+01 -1.575299e-03 9.999417e-01 -1.068095e-02 6.932635e-01 -2.076851e-02 1.064594e-02 9.997276e-01 -6.941082e+01
9.999676e-01 -1.129943e-03 -7.965470e-03 2.197212e+01 1.163794e-03 9.999903e-01 4.246476e-03 7.134014e-01 7.960595e-03 -4.255608e-03 9.999593e-01 -7.051555e+01
9.995192e-01 2.190154e-03 3.092916e-02 2.200041e+01 -1.759378e-03 9.999012e-01 -1.394819e-02 7.466145e-01 -3.095665e-02 1.388707e-02 9.994243e-01 -7.203431e+01
9.999454e-01 -1.287897e-03 -1.037054e-02 2.210236e+01 1.335418e-03 9.999886e-01 4.576673e-03 7.760701e-01 1.036453e-02 -4.590272e-03 9.999358e-01 -7.345274e+01
9.997117e-01 2.050014e-03 2.392136e-02 2.219252e+01 -1.778936e-03 9.999340e-01 -1.134782e-02 7.977204e-01 -2.394304e-02 1.130200e-02 9.996494e-01 -7.457852e+01
9.998784e-01 -1.395626e-03 -1.552923e-02 2.235158e+01 1.491963e-03 9.999797e-01 6.193743e-03 8.111929e-01 1.552027e-02 -6.216158e-03 9.998602e-01 -7.545852e+01
9.995027e-01 2.350947e-03 3.144644e-02 2.244146e+01 -1.926634e-03 9.999068e-01 -1.351669e-02 8.326099e-01 -3.147529e-02 1.344938e-02 9.994140e-01 -7.666717e+01
9.999858e-01 -1.189714e-03 -5.202470e-03 2.248004e+01 1.202063e-03 9.999965e-01 2.371230e-03 8.697582e-01 5.199631e-03 -2.377450e-03 9.999837e-01 -7.833139e+01
9.997390e-01 2.144165e-03 2.274642e-02 2.255129e+01 -1.898376e-03 9.999396e-01 -1.082169e-02 8.969141e-01 -2.276825e-02 1.077569e-02 9.996827e-01 -7.963158e+01
9.999856e-01 -1.133519e-03 -5.244137e-03 2.259430e+01 1.148249e-03 9.999954e-01 2.806614e-03 9.243321e-01 5.240932e-03 -2.812594e-03 9.999823e-01 -8.091862e+01
9.998626e-01 1.872860e-03 1.646916e-02 2.267497e+01 -1.721451e-03 9.999562e-01 -9.202873e-03 9.447171e-01 -1.648567e-02 9.173257e-03 9.998220e-01 -8.193449e+01
9.999669e-01 -1.130034e-03 -8.053569e-03 2.275516e+01 1.162894e-03 9.999910e-01 4.076639e-03 9.602873e-01 8.048891e-03 -4.085869e-03 9.999593e-01 -8.283229e+01
9.997119e-01 2.150209e-03 2.390622e-02 2.281614e+01 -1.870291e-03 9.999295e-01 -1.172519e-02 9.853066e-01 -2.392975e-02 1.167710e-02 9.996454e-01 -8.405397e+01
9.999493e-01 -1.200059e-03 -1.000011e-02 2.288539e+01 1.245892e-03 9.999887e-01 4.578271e-03 1.008619e+00 9.994502e-03 -4.590497e-03 9.999395e-01 -8.519588e+01
9.996605e-01 2.267426e-03 2.595780e-02 2.296059e+01 -1.948535e-03 9.999224e-01 -1.230368e-02 1.033198e+00 -2.598368e-02 1.224892e-02 9.995873e-01 -8.643675e+01
9.998998e-01 -1.444427e-03 -1.408444e-02 2.308605e+01 1.523957e-03 9.999829e-01 5.637597e-03 1.052848e+00 1.407605e-02 -5.658495e-03 9.998849e-01 -8.751613e+01
9.997516e-01 2.236549e-03 2.217366e-02 2.317445e+01 -2.003897e-03 9.999428e-01 -1.050891e-02 1.067503e+00 -2.219590e-02 1.046187e-02 9.996989e-01 -8.840623e+01
9.999454e-01 -1.332667e-03 -1.036428e-02 2.323651e+01 1.376625e-03 9.999901e-01 4.235299e-03 1.088524e+00 1.035853e-02 -4.249334e-03 9.999373e-01 -8.944579e+01
9.997824e-01 2.248397e-03 2.074068e-02 2.329797e+01 -2.041252e-03 9.999479e-01 -1.000311e-02 1.107591e+00 -2.076209e-02 9.958594e-03 9.997348e-01 -9.041815e+01
9.999446e-01 -1.377615e-03 -1.043184e-02 2.335801e+01 1.421930e-03 9.999900e-01 4.241883e-03 1.127008e+00 1.042589e-02 -4.256481e-03 9.999366e-01 -9.138452e+01
9.997773e-01 2.217251e-03 2.098455e-02 2.344044e+01 -2.006259e-03 9.999473e-01 -1.007033e-02 1.145862e+00 -2.100577e-02 1.002599e-02 9.997291e-01 -9.238424e+01
9.999536e-01 -1.244811e-03 -9.547479e-03 2.349827e+01 1.281475e-03 9.999918e-01 3.835041e-03 1.167079e+00 9.542628e-03 -3.847097e-03 9.999471e-01 -9.341949e+01
9.997455e-01 2.246696e-03 2.244571e-02 2.354056e+01 -2.009582e-03 9.999420e-01 -1.058085e-02 1.189947e+00 -2.246818e-02 1.053305e-02 9.996921e-01 -9.451745e+01
9.999614e-01 -1.225870e-03 -8.699201e-03 2.358376e+01 1.256070e-03 9.999932e-01 3.466912e-03 1.214106e+00 8.694893e-03 -3.477705e-03 9.999562e-01 -9.565418e+01
9.997866e-01 2.143437e-03 2.054881e-02 2.364368e+01 -1.939754e-03 9.999488e-01 -9.926971e-03 1.235596e+00 -2.056903e-02 9.884992e-03 9.997396e-01 -9.670924e+01
9.999637e-01 -1.232444e-03 -8.427270e-03 2.369688e+01 1.261815e-03 9.999931e-01 3.480863e-03 1.257305e+00 8.422923e-03 -3.491370e-03 9.999584e-01 -9.777407e+01
9.998071e-01 2.112937e-03 1.952473e-02 2.376447e+01 -1.925253e-03 9.999518e-01 -9.626438e-03 1.277612e+00 -1.954413e-02 9.586990e-03 9.997630e-01 -9.879368e+01
9.999324e-01 -1.319744e-03 -1.154803e-02 2.385270e+01 1.370475e-03 9.999894e-01 4.386251e-03 1.293746e+00 1.154212e-02 -4.401781e-03 9.999237e-01 -9.969072e+01
9.998477e-01 2.081699e-03 1.732548e-02 2.393473e+01 -1.928670e-03 9.999590e-01 -8.844601e-03 1.307610e+00 -1.734318e-02 8.809839e-03 9.998108e-01 -1.004890e+02
9.999085e-01 -1.376639e-03 -1.345420e-02 2.399668e+01 1.445046e-03 9.999861e-01 5.076015e-03 1.319757e+00 1.344703e-02 -5.094992e-03 9.998966e-01 -1.011943e+02
9.999492e-01 1.946665e-03 9.888816e-03 2.404550e+01 -1.885785e-03 9.999792e-01 -6.161979e-03 1.322675e+00 -9.900607e-03 6.143017e-03 9.999321e-01 -1.015071e+02
9.999142e-01 -1.467566e-03 -1.302059e-02 2.408602e+01 1.531493e-03 9.999868e-01 4.901077e-03 1.326296e+00 1.301322e-02 -4.920597e-03 9.999032e-01 -1.018770e+02
9.999407e-01 2.134485e-03 1.067719e-02 2.414560e+01 -2.059521e-03 9.999732e-01 -7.027045e-03 1.330767e+00 -1.069191e-02 7.004638e-03 9.999183e-01 -1.023002e+02
9.998528e-01 -1.419381e-03 -1.709789e-02 2.422299e+01 1.533584e-03 9.999766e-01 6.668111e-03 1.327457e+00 1.708803e-02 -6.693351e-03 9.998316e-01 -1.024264e+02
9.999296e-01 2.023740e-03 1.169328e-02 2.429525e+01 -1.940752e-03 9.999729e-01 -7.104101e-03 1.326957e+00 -1.170734e-02 7.080906e-03 9.999064e-01 -1.026698e+02
9.998839e-01 -1.529010e-03 -1.515966e-02 2.428754e+01 1.621396e-03 9.999802e-01 6.083761e-03 1.329648e+00 1.515006e-02 -6.107634e-03 9.998666e-01 -1.028747e+02
9.999104e-01 2.165351e-03 1.320843e-02 2.430439e+01 -2.067673e-03 9.999704e-01 -7.404294e-03 1.334699e+00 -1.322407e-02 7.376320e-03 9.998854e-01 -1.031917e+02
9.999314e-01 -1.577430e-03 -1.160994e-02 2.440038e+01 1.629802e-03 9.999885e-01 4.502910e-03 1.343146e+00 1.160270e-02 -4.521523e-03 9.999225e-01 -1.037860e+02
9.998822e-01 2.388761e-03 1.516041e-02 2.446530e+01 -2.265757e-03 9.999644e-01 -8.125479e-03 1.353573e+00 -1.517929e-02 8.090172e-03 9.998521e-01 -1.044727e+02
9.999549e-01 -1.549219e-03 -9.365850e-03 2.453585e+01 1.582232e-03 9.999926e-01 3.518450e-03 1.366924e+00 9.360330e-03 -3.533110e-03 9.999499e-01 -1.052713e+02
9.998884e-01 2.420419e-03 1.474355e-02 2.458036e+01 -2.309071e-03 9.999687e-01 -7.564676e-03 1.380117e+00 -1.476140e-02 7.529787e-03 9.998627e-01 -1.060208e+02
9.999551e-01 -1.721401e-03 -9.318798e-03 2.464258e+01 1.752863e-03 9.999928e-01 3.369090e-03 1.393734e+00 9.312932e-03 -3.385273e-03 9.999509e-01 -1.067692e+02
9.998809e-01 2.397997e-03 1.524647e-02 2.470991e+01 -2.283818e-03 9.999693e-01 -7.501904e-03 1.407631e+00 -1.526399e-02 7.466189e-03 9.998556e-01 -1.075370e+02
9.999039e-01 -1.891148e-03 -1.373315e-02 2.460358e+01 1.963491e-03 9.999843e-01 5.256214e-03 1.413267e+00 1.372300e-02 -5.282673e-03 9.998919e-01 -1.074928e+02
9.998812e-01 2.883993e-03 1.513976e-02 2.457616e+01 -2.786873e-03 9.999754e-01 -6.432118e-03 1.415260e+00 -1.515794e-02 6.389161e-03 9.998647e-01 -1.075185e+02
9.999597e-01 -2.267233e-03 -8.690144e-03 2.469196e+01 2.281894e-03 9.999960e-01 1.677585e-03 1.426844e+00 8.686306e-03 -1.697347e-03 9.999608e-01 -1.083426e+02
9.998090e-01 3.138875e-03 1.928963e-02 2.475260e+01 -2.991152e-03 9.999660e-01 -7.682203e-03 1.446386e+00 -1.931309e-02 7.623037e-03 9.997844e-01 -1.093338e+02
9.999369e-01 -2.303962e-03 -1.099809e-02 2.481491e+01 2.329707e-03 9.999946e-01 2.328640e-03 1.462758e+00 1.099266e-02 -2.354115e-03 9.999368e-01 -1.102220e+02
9.998074e-01 3.127856e-03 1.937503e-02 2.486346e+01 -2.982499e-03 9.999672e-01 -7.526639e-03 1.479491e+00 -1.939794e-02 7.467403e-03 9.997840e-01 -1.111125e+02
9.998331e-01 -2.508180e-03 -1.809847e-02 2.496313e+01 2.588498e-03 9.999869e-01 4.415832e-03 1.486359e+00 1.808716e-02 -4.461943e-03 9.998265e-01 -1.116709e+02
9.998981e-01 2.993323e-03 1.395562e-02 2.509419e+01 -2.918823e-03 9.999814e-01 -5.355613e-03 1.486257e+00 -1.397140e-02 5.314333e-03 9.998883e-01 -1.119948e+02
9.999211e-01 -2.489350e-03 -1.231634e-02 2.520726e+01 2.520953e-03 9.999936e-01 2.551063e-03 1.493867e+00 1.230992e-02 -2.581910e-03 9.999209e-01 -1.125940e+02
9.996407e-01 3.423216e-03 2.658379e-02 2.564609e+01 -3.121788e-03 9.999305e-01 -1.137203e-02 1.506162e+00 -2.662087e-02 1.128495e-02 9.995819e-01 -1.140237e+02
9.998086e-01 -1.869011e-03 -1.947387e-02 2.612223e+01 1.958282e-03 9.999877e-01 4.566078e-03 1.519716e+00 1.946510e-02 -4.603339e-03 9.997999e-01 -1.151862e+02
9.997478e-01 2.827624e-03 2.227663e-02 2.623051e+01 -2.653050e-03 9.999656e-01 -7.862320e-03 1.526738e+00 -2.229809e-02 7.801235e-03 9.997209e-01 -1.158335e+02
9.996712e-01 -2.041828e-03 -2.555988e-02 2.634508e+01 2.202420e-03 9.999780e-01 6.256393e-03 1.526901e+00 2.554654e-02 -6.310629e-03 9.996537e-01 -1.161614e+02
9.995860e-01 3.478128e-03 2.856253e-02 2.587385e+01 -3.332189e-03 9.999812e-01 -5.155446e-03 1.554530e+00 -2.857993e-02 5.058135e-03 9.995787e-01 -1.156904e+02
9.998671e-01 -2.285869e-03 -1.614237e-02 2.518075e+01 2.385737e-03 9.999781e-01 6.170212e-03 1.603580e+00 1.612791e-02 -6.207903e-03 9.998507e-01 -1.154595e+02
9.999291e-01 2.658330e-03 1.160794e-02 2.530041e+01 -2.578122e-03 9.999727e-01 -6.919262e-03 1.601748e+00 -1.162601e-02 6.888844e-03 9.999087e-01 -1.157173e+02
9.999278e-01 -2.066780e-03 -1.183534e-02 2.554424e+01 2.121868e-03 9.999870e-01 4.643936e-03 1.601268e+00 1.182558e-02 -4.668714e-03 9.999192e-01 -1.162221e+02
9.999925e-01 2.953948e-03 2.523880e-03 2.573752e+01 -2.943415e-03 9.999870e-01 -4.167012e-03 1.589624e+00 -2.536156e-03 4.159551e-03 9.999881e-01 -1.161943e+02
9.999081e-01 -2.205731e-03 -1.337931e-02 2.581498e+01 2.290793e-03 9.999772e-01 6.345738e-03 1.575732e+00 1.336501e-02 -6.375803e-03 9.998904e-01 -1.158086e+02
9.999919e-01 3.273992e-03 2.319956e-03 2.590284e+01 -3.265096e-03 9.999873e-01 -3.827903e-03 1.559638e+00 -2.332459e-03 3.820296e-03 9.999900e-01 -1.152887e+02
9.999275e-01 -1.870732e-03 -1.189786e-02 2.599401e+01 1.953021e-03 9.999742e-01 6.908391e-03 1.538681e+00 1.188463e-02 -6.931126e-03 9.999054e-01 -1.144898e+02
9.999947e-01 2.799122e-03 1.681283e-03 2.607692e+01 -2.791597e-03 9.999862e-01 -4.461581e-03 1.522821e+00 -1.693749e-03 4.456863e-03 9.999886e-01 -1.139832e+02
9.999369e-01 -1.447622e-03 -1.114330e-02 2.616793e+01 1.526631e-03 9.999737e-01 7.085052e-03 1.504246e+00 1.113275e-02 -7.101616e-03 9.999128e-01 -1.134024e+02
9.999730e-01 2.589487e-03 6.877301e-03 2.614200e+01 -2.557396e-03 9.999858e-01 -4.670837e-03 1.488111e+00 -6.889299e-03 4.653123e-03 9.999654e-01 -1.125689e+02
9.999662e-01 -1.731963e-03 -8.041951e-03 2.598027e+01 1.785127e-03 9.999766e-01 6.608461e-03 1.489426e+00 8.030317e-03 -6.622592e-03 9.999458e-01 -1.118988e+02
9.999258e-01 2.928657e-03 1.182408e-02 2.579958e+01 -2.879391e-03 9.999871e-01 -4.181482e-03 1.485097e+00 -1.183617e-02 4.147125e-03 9.999214e-01 -1.107797e+02
9.999741e-01 -1.362649e-03 -7.067289e-03 2.566304e+01 1.416561e-03 9.999699e-01 7.629040e-03 1.465658e+00 7.056680e-03 -7.638853e-03 9.999459e-01 -1.090774e+02
9.999368e-01 3.624482e-03 1.063979e-02 2.552391e+01 -3.578459e-03 9.999842e-01 -4.341406e-03 1.443437e+00 -1.065536e-02 4.303057e-03 9.999340e-01 -1.072920e+02
9.999547e-01 -2.617293e-03 -9.156546e-03 2.533604e+01 2.681269e-03 9.999720e-01 6.981614e-03 1.442493e+00 9.138017e-03 -7.005848e-03 9.999337e-01 -1.064827e+02
9.999943e-01 3.233668e-03 -9.752357e-04 2.543011e+01 -3.239370e-03 9.999773e-01 -5.903084e-03 1.436275e+00 9.561247e-04 5.906209e-03 9.999821e-01 -1.064885e+02
9.999975e-01 -2.196659e-03 -2.910730e-04 2.529120e+01 2.198859e-03 9.999672e-01 7.790188e-03 1.434913e+00 2.739514e-04 -7.790808e-03 9.999696e-01 -1.056902e+02
9.999938e-01 3.157894e-03 1.549698e-03 2.508487e+01 -3.149679e-03 9.999811e-01 -5.274951e-03 1.433624e+00 -1.566326e-03 5.270037e-03 9.999849e-01 -1.046098e+02
9.999726e-01 -2.308369e-03 -7.034686e-03 2.502071e+01 2.362126e-03 9.999680e-01 7.643002e-03 1.426992e+00 7.016818e-03 -7.659409e-03 9.999460e-01 -1.039322e+02
9.999915e-01 3.288430e-03 2.506938e-03 2.498460e+01 -3.275488e-03 9.999814e-01 -5.149121e-03 1.417828e+00 -2.523825e-03 5.140865e-03 9.999836e-01 -1.032428e+02
9.999373e-01 -2.474833e-03 -1.092030e-02 2.499191e+01 2.557445e-03 9.999682e-01 7.557549e-03 1.408370e+00 1.090125e-02 -7.585002e-03 9.999118e-01 -1.027486e+02
9.999945e-01 3.236305e-03 -7.607763e-04 2.507080e+01 -3.240450e-03 9.999796e-01 -5.512513e-03 1.396321e+00 7.429203e-04 5.514947e-03 9.999845e-01 -1.024719e+02
9.999541e-01 -2.170700e-03 -9.330352e-03 2.515892e+01 2.246450e-03 9.999645e-01 8.115855e-03 1.378725e+00 9.312405e-03 -8.136442e-03 9.999235e-01 -1.018693e+02
9.999935e-01 3.356147e-03 1.353845e-03 2.522786e+01 -3.349108e-03 9.999810e-01 -5.168067e-03 1.357574e+00 -1.371165e-03 5.163498e-03 9.999857e-01 -1.010126e+02
9.999578e-01 -2.582554e-03 -8.815236e-03 2.522648e+01 2.644435e-03 9.999719e-01 7.015324e-03 1.347100e+00 8.796871e-03 -7.038339e-03 9.999365e-01 -1.005676e+02
9.999929e-01 3.735900e-03 5.582507e-04 2.525468e+01 -3.733499e-03 9.999840e-01 -4.242105e-03 1.335129e+00 -5.740901e-04 4.239990e-03 9.999908e-01 -9.996872e+01
9.999527e-01 -2.676456e-03 -9.346681e-03 2.531934e+01 2.741867e-03 9.999718e-01 6.992508e-03 1.317057e+00 9.327703e-03 -7.017804e-03 9.999319e-01 -9.931796e+01
9.999931e-01 3.103811e-03 2.017831e-03 2.539863e+01 -3.089179e-03 9.999692e-01 -7.214717e-03 1.314511e+00 -2.040162e-03 7.208433e-03 9.999719e-01 -9.950127e+01
9.999954e-01 -2.744057e-03 -1.297870e-03 2.551940e+01 2.749816e-03 9.999863e-01 4.457043e-03 1.320471e+00 1.285622e-03 -4.460590e-03 9.999892e-01 -1.000528e+02
9.999792e-01 3.093730e-03 5.662606e-03 2.584843e+01 -3.044404e-03 9.999575e-01 -8.698923e-03 1.325776e+00 -5.689278e-03 8.681502e-03 9.999461e-01 -1.008867e+02
9.999961e-01 -2.288386e-03 1.611147e-03 2.621141e+01 2.281642e-03 9.999887e-01 4.175065e-03 1.334321e+00 -1.620683e-03 -4.171372e-03 9.999900e-01 -1.018340e+02
9.998763e-01 2.938339e-03 1.545129e-02 2.653468e+01 -2.739534e-03 9.999134e-01 -1.287198e-02 1.352290e+00 -1.548778e-02 1.282806e-02 9.997978e-01 -1.032382e+02
9.999787e-01 -2.065499e-03 -6.183976e-03 2.673646e+01 2.103769e-03 9.999786e-01 6.188616e-03 1.367693e+00 6.171061e-03 -6.201494e-03 9.999617e-01 -1.042661e+02
9.996270e-01 3.230777e-03 2.711991e-02 2.701114e+01 -2.786879e-03 9.998618e-01 -1.638983e-02 1.392508e+00 -2.716912e-02 1.630814e-02 9.994978e-01 -1.059653e+02
9.999662e-01 -1.543506e-03 -8.072735e-03 2.727605e+01 1.589564e-03 9.999825e-01 5.702068e-03 1.415606e+00 8.063793e-03 -5.714707e-03 9.999512e-01 -1.074025e+02
9.999701e-01 2.423434e-03 7.339441e-03 2.747136e+01 -2.363112e-03 9.999635e-01 -8.216453e-03 1.412442e+00 -7.359085e-03 8.198863e-03 9.999393e-01 -1.076816e+02
9.998591e-01 -1.712681e-03 -1.670157e-02 2.760904e+01 1.875387e-03 9.999509e-01 9.731179e-03 1.397874e+00 1.668408e-02 -9.761129e-03 9.998132e-01 -1.073994e+02
9.998579e-01 2.323449e-03 1.669697e-02 2.780320e+01 -2.121004e-03 9.999242e-01 -1.213209e-02 1.399221e+00 -1.672389e-02 1.209495e-02 9.997870e-01 -1.078974e+02
9.996118e-01 -1.281069e-03 -2.783311e-02 2.799985e+01 1.682310e-03 9.998949e-01 1.439733e-02 1.380388e+00 2.781174e-02 -1.443856e-02 9.995089e-01 -1.074234e+02
9.997887e-01 3.223726e-03 2.030344e-02 2.808828e+01 -2.998238e-03 9.999336e-01 -1.112658e-02 1.354492e+00 -2.033796e-02 1.106335e-02 9.997319e-01 -1.063383e+02
9.995986e-01 -2.198758e-03 -2.824502e-02 2.812273e+01 2.578122e-03 9.999069e-01 1.340181e-02 1.339047e+00 2.821292e-02 -1.346925e-02 9.995112e-01 -1.057336e+02
9.998411e-01 3.053079e-03 1.756144e-02 2.815698e+01 -2.837087e-03 9.999202e-01 -1.231096e-02 1.332066e+00 -1.759762e-02 1.225918e-02 9.997700e-01 -1.056287e+02
9.996091e-01 -2.058140e-03 -2.788354e-02 2.815960e+01 2.446029e-03 9.999006e-01 1.388408e-02 1.325792e+00 2.785219e-02 -1.394686e-02 9.995148e-01 -1.054219e+02
9.997023e-01 3.150050e-03 2.419570e-02 2.805502e+01 -2.857447e-03 9.999225e-01 -1.211823e-02 1.323800e+00 -2.423200e-02 1.204548e-02 9.996338e-01 -1.049042e+02
9.995579e-01 -2.176946e-03 -2.965269e-02 2.800193e+01 2.593326e-03 9.998985e-01 1.401067e-02 1.317963e+00 2.961918e-02 -1.408138e-02 9.994621e-01 -1.044163e+02
9.997502e-01 3.299994e-03 2.210717e-02 2.798804e+01 -3.032731e-03 9.999220e-01 -1.211203e-02 1.310095e+00 -2.214542e-02 1.204196e-02 9.996822e-01 -1.040002e+02
9.997155e-01 -2.395375e-03 -2.373192e-02 2.780841e+01 2.720350e-03 9.999029e-01 1.367075e-02 1.314174e+00 2.369687e-02 -1.373142e-02 9.996249e-01 -1.034265e+02
9.997064e-01 3.563481e-03 2.396821e-02 2.753464e+01 -3.276596e-03 9.999227e-01 -1.199806e-02 1.328883e+00 -2.400911e-02 1.191600e-02 9.996407e-01 -1.028059e+02
9.995890e-01 -2.416988e-03 -2.856630e-02 2.744612e+01 2.808056e-03 9.999028e-01 1.365765e-02 1.324335e+00 2.853051e-02 -1.373225e-02 9.994986e-01 -1.022424e+02
9.994603e-01 3.660409e-03 3.264664e-02 2.715909e+01 -3.270912e-03 9.999229e-01 -1.197611e-02 1.333329e+00 -3.268796e-02 1.186286e-02 9.993952e-01 -1.013133e+02
9.998494e-01 -2.118326e-03 -1.722192e-02 2.650331e+01 2.348747e-03 9.999079e-01 1.337035e-02 1.371503e+00 1.719201e-02 -1.340878e-02 9.997623e-01 -1.000216e+02
9.997777e-01 3.381963e-03 2.081208e-02 2.612206e+01 -3.137085e-03 9.999256e-01 -1.178757e-02 1.395100e+00 -2.085040e-02 1.171965e-02 9.997139e-01 -9.929083e+01
9.995809e-01 -2.528004e-03 -2.883948e-02 2.607262e+01 2.911932e-03 9.999076e-01 1.327837e-02 1.392550e+00 2.880325e-02 -1.335678e-02 9.994959e-01 -9.904035e+01
9.997835e-01 3.238336e-03 2.055239e-02 2.600667e+01 -2.990663e-03 9.999227e-01 -1.207012e-02 1.394001e+00 -2.058989e-02 1.200604e-02 9.997159e-01 -9.895220e+01
9.995161e-01 -2.512068e-03 -3.100279e-02 2.604490e+01 2.925849e-03 9.999072e-01 1.330844e-02 1.388750e+00 3.096648e-02 -1.339271e-02 9.994307e-01 -9.892188e+01
9.997287e-01 3.706412e-03 2.299447e-02 2.599495e+01 -3.443346e-03 9.999283e-01 -1.146946e-02 1.386115e+00 -2.303533e-02 1.138717e-02 9.996698e-01 -9.856235e+01
9.997000e-01 -2.487072e-03 -2.436548e-02 2.590460e+01 2.827298e-03 9.998989e-01 1.393897e-02 1.377561e+00 2.432835e-02 -1.400368e-02 9.996059e-01 -9.766056e+01
9.997307e-01 3.533115e-03 2.293681e-02 2.583645e+01 -3.260904e-03 9.999239e-01 -1.189444e-02 1.364754e+00 -2.297709e-02 1.181644e-02 9.996662e-01 -9.678328e+01
9.996661e-01 -2.669159e-03 -2.570245e-02 2.564268e+01 3.018503e-03 9.999035e-01 1.356266e-02 1.372399e+00 2.566377e-02 -1.363572e-02 9.995776e-01 -9.634278e+01
9.997411e-01 3.467825e-03 2.248686e-02 2.554361e+01 -3.218241e-03 9.999329e-01 -1.112579e-02 1.368300e+00 -2.252394e-02 1.105054e-02 9.996852e-01 -9.567964e+01
9.995405e-01 -2.512818e-03 -3.020728e-02 2.554003e+01 2.897486e-03 9.999152e-01 1.269727e-02 1.358304e+00 3.017281e-02 -1.277896e-02 9.994630e-01 -9.525475e+01
9.997915e-01 3.499832e-03 2.011651e-02 2.562991e+01 -3.291357e-03 9.999406e-01 -1.038715e-02 1.345302e+00 -2.015167e-02 1.031877e-02 9.997437e-01 -9.485173e+01
9.994408e-01 -2.485239e-03 -3.334457e-02 2.584238e+01 2.897668e-03 9.999198e-01 1.232609e-02 1.328857e+00 3.331127e-02 -1.241581e-02 9.993679e-01 -9.461381e+01
9.996518e-01 3.941002e-03 2.609249e-02 2.581245e+01 -3.675540e-03 9.999411e-01 -1.021402e-02 1.319765e+00 -2.613121e-02 1.011456e-02 9.996074e-01 -9.402273e+01
9.996777e-01 -2.933925e-03 -2.521647e-02 2.562507e+01 3.159886e-03 9.999552e-01 8.925699e-03 1.327269e+00 2.518915e-02 -9.002503e-03 9.996422e-01 -9.397430e+01
9.992989e-01 3.788287e-03 3.724608e-02 2.583412e+01 -3.223228e-03 9.998790e-01 -1.521932e-02 1.341476e+00 -3.729923e-02 1.508860e-02 9.991902e-01 -9.499795e+01
9.993563e-01 -2.739163e-03 -3.576943e-02 2.607952e+01 3.192810e-03 9.999151e-01 1.263157e-02 1.343770e+00 3.573179e-02 -1.273764e-02 9.992802e-01 -9.556923e+01
9.995388e-01 3.807001e-03 3.012914e-02 2.630490e+01 -3.418593e-03 9.999105e-01 -1.293244e-02 1.337721e+00 -3.017568e-02 1.282348e-02 9.994623e-01 -9.580729e+01
9.992697e-01 -2.702879e-03 -3.811585e-02 2.657738e+01 3.226436e-03 9.999012e-01 1.368113e-02 1.328136e+00 3.807511e-02 -1.379411e-02 9.991797e-01 -9.590534e+01
9.995705e-01 3.903030e-03 2.904445e-02 2.671223e+01 -3.553237e-03 9.999207e-01 -1.208526e-02 1.317947e+00 -2.908932e-02 1.197687e-02 9.995051e-01 -9.571098e+01
9.993479e-01 -3.328516e-03 -3.595449e-02 2.672943e+01 3.794953e-03 9.999094e-01 1.291255e-02 1.317606e+00 3.590825e-02 -1.304057e-02 9.992700e-01 -9.569314e+01
9.995540e-01 4.410759e-03 2.953647e-02 2.691894e+01 -4.025724e-03 9.999063e-01 -1.308272e-02 1.312922e+00 -2.959140e-02 1.295798e-02 9.994781e-01 -9.590418e+01
9.994493e-01 -3.634696e-03 -3.298167e-02 2.708012e+01 4.037081e-03 9.999181e-01 1.214186e-02 1.312109e+00 3.293484e-02 -1.226833e-02 9.993822e-01 -9.621616e+01
9.995578e-01 4.536146e-03 2.938732e-02 2.721565e+01 -4.146699e-03 9.999030e-01 -1.329962e-02 1.312737e+00 -2.944479e-02 1.317188e-02 9.994796e-01 -9.652194e+01
9.992829e-01 -3.702836e-03 -3.768344e-02 2.733965e+01 4.226357e-03 9.998955e-01 1.382243e-02 1.305615e+00 3.762833e-02 -1.397178e-02 9.991941e-01 -9.653972e+01
9.996695e-01 5.114903e-03 2.519419e-02 2.744640e+01 -4.829486e-03 9.999236e-01 -1.137655e-02 1.288236e+00 -2.525045e-02 1.125111e-02 9.996178e-01 -9.598367e+01
9.993921e-01 -3.992699e-03 -3.463345e-02 2.751783e+01 4.466118e-03 9.998975e-01 1.360287e-02 1.270707e+00 3.457558e-02 -1.374927e-02 9.993075e-01 -9.534897e+01
9.996442e-01 5.045054e-03 2.619371e-02 2.757718e+01 -4.738782e-03 9.999198e-01 -1.174153e-02 1.253955e+00 -2.625085e-02 1.161322e-02 9.995879e-01 -9.476119e+01
9.994719e-01 -4.170520e-03 -3.222584e-02 2.764123e+01 4.553844e-03 9.999196e-01 1.183071e-02 1.245959e+00 3.217391e-02 -1.197121e-02 9.994106e-01 -9.460660e+01
9.993416e-01 5.298287e-03 3.589389e-02 2.769956e+01 -4.742183e-03 9.998677e-01 -1.556045e-02 1.256274e+00 -3.597159e-02 1.537998e-02 9.992345e-01 -9.529037e+01
9.995996e-01 -4.036276e-03 -2.800506e-02 2.780387e+01 4.316292e-03 9.999412e-01 9.945541e-03 1.271357e+00 2.796327e-02 -1.006244e-02 9.995583e-01 -9.616818e+01
9.997316e-01 4.932852e-03 2.263590e-02 2.786114e+01 -4.690276e-03 9.999311e-01 -1.075703e-02 1.269812e+00 -2.268740e-02 1.064797e-02 9.996859e-01 -9.635629e+01
9.997959e-01 -3.998362e-03 -1.980380e-02 2.800908e+01 4.132152e-03 9.999689e-01 6.719433e-03 1.277735e+00 1.977631e-02 -6.799893e-03 9.997813e-01 -9.711491e+01
9.996047e-01 5.399540e-03 2.759183e-02 2.829417e+01 -5.030215e-03 9.998971e-01 -1.343722e-02 1.290711e+00 -2.766154e-02 1.329311e-02 9.995290e-01 -9.817858e+01
9.995455e-01 -3.984952e-03 -2.988065e-02 2.850902e+01 4.325036e-03 9.999265e-01 1.132543e-02 1.291280e+00 2.983333e-02 -1.144951e-02 9.994893e-01 -9.863263e+01
9.997383e-01 5.140814e-03 2.229083e-02 2.869857e+01 -4.890253e-03 9.999244e-01 -1.128049e-02 1.281128e+00 -2.234714e-02 1.116853e-02 9.996879e-01 -9.854029e+01
9.999751e-01 -4.303720e-03 -5.593645e-03 2.980133e+01 4.289388e-03 9.999875e-01 -2.571619e-03 1.292144e+00 5.604643e-03 2.547562e-03 9.999810e-01 -1.009907e+02
9.995997e-01 6.832466e-03 2.745564e-02 3.083639e+01 -6.483193e-03 9.998972e-01 -1.279031e-02 1.323852e+00 -2.754021e-02 1.260719e-02 9.995412e-01 -1.032812e+02
9.994793e-01 -5.757855e-03 -3.174920e-02 3.075929e+01 6.215191e-03 9.998781e-01 1.432482e-02 1.319514e+00 3.166285e-02 -1.451469e-02 9.993932e-01 -1.027321e+02
9.996469e-01 6.540293e-03 2.575628e-02 3.067918e+01 -6.216049e-03 9.999007e-01 -1.264892e-02 1.318955e+00 -2.583645e-02 1.248435e-02 9.995882e-01 -1.023801e+02
9.994475e-01 -5.512374e-03 -3.277617e-02 3.066377e+01 5.989275e-03 9.998774e-01 1.446992e-02 1.311357e+00 3.269239e-02 -1.465823e-02 9.993580e-01 -1.019046e+02
9.996143e-01 6.442563e-03 2.701269e-02 3.059827e+01 -6.083669e-03 9.998924e-01 -1.334731e-02 1.309181e+00 -2.709577e-02 1.317782e-02 9.995460e-01 -1.016706e+02
9.994700e-01 -5.675590e-03 -3.205606e-02 3.065342e+01 6.072612e-03 9.999059e-01 1.230152e-02 1.310692e+00 3.198322e-02 -1.248966e-02 9.994104e-01 -1.019670e+02
9.988768e-01 6.890244e-03 4.687840e-02 3.246222e+01 -5.469647e-03 9.995239e-01 -3.036495e-02 1.288637e+00 -4.706530e-02 3.007443e-02 9.984390e-01 -1.045021e+02
9.999461e-01 -2.311391e-03 -1.012425e-02 3.583168e+01 2.298103e-03 9.999965e-01 -1.323846e-03 1.292010e+00 1.012728e-02 1.300508e-03 9.999479e-01 -1.096010e+02
9.997688e-01 6.579764e-03 2.047092e-02 3.922046e+01 -6.164239e-03 9.997750e-01 -2.029563e-02 1.270680e+00 -2.059986e-02 2.016475e-02 9.995844e-01 -1.131774e+02
