9.999895e-01 3.855385e-04 -4.569954e-03 -3.256761e-02 -4.087903e-04 9.999870e-01 -5.088133e-03 1.581231e-02 4.567933e-03 5.089947e-03 9.999766e-01 -9.117879e-01
1.000000e+00 -1.716387e-04 -1.824171e-04 -5.822347e-02 1.718432e-04 9.999994e-01 1.121458e-03 2.775259e-02 1.822249e-04 -1.121489e-03 9.999994e-01 -1.617797e+00
9.999867e-01 3.776101e-04 -5.140598e-03 -1.093845e-01 -4.079801e-04 9.999825e-01 -5.908096e-03 4.279299e-02 5.138276e-03 5.910114e-03 9.999693e-01 -2.458000e+00
9.999996e-01 3.015274e-05 8.426780e-04 -1.348951e-01 -3.095964e-05 9.999995e-01 9.575865e-04 5.807931e-02 -8.426484e-04 -9.576116e-04 9.999992e-01 -3.342772e+00
9.999943e-01 -5.562836e-04 -3.328999e-03 -7.727014e-01 5.203954e-04 9.999418e-01 -1.077164e-02 1.150919e-01 3.334798e-03 1.076984e-02 9.999364e-01 -4.614666e+00
9.999840e-01 -3.162431e-03 4.682836e-03 -1.992483e+00 3.192320e-03 9.999745e-01 -6.388949e-03 2.182000e-01 -4.662511e-03 6.403797e-03 9.999686e-01 -6.519282e+00
9.999952e-01 -7.246333e-04 -3.016753e-03 -3.229263e+00 6.925690e-04 9.999434e-01 -1.061624e-02 3.204808e-01 3.024274e-03 1.061410e-02 9.999391e-01 -8.308039e+00
9.999956e-01 -2.077534e-03 2.103537e-03 -4.100022e+00 2.081156e-03 9.999964e-01 -1.720734e-03 3.933983e-01 -2.099954e-03 1.725105e-03 9.999963e-01 -9.652739e+00
9.999812e-01 9.736312e-04 -6.047054e-03 -4.583907e+00 -1.001964e-03 9.999885e-01 -4.684048e-03 4.307255e-01 6.042424e-03 4.690018e-03 9.999707e-01 -1.035481e+01
9.999976e-01 -2.126241e-03 5.229058e-04 -5.023033e+00 2.126563e-03 9.999975e-01 -6.152441e-04 4.628310e-01 -5.215960e-04 6.163554e-04 9.999997e-01 -1.103930e+01
9.999795e-01 1.721554e-03 -6.170270e-03 -5.189893e+00 -1.743333e-03 9.999923e-01 -3.525932e-03 4.806715e-01 6.164152e-03 3.536615e-03 9.999747e-01 -1.169133e+01
9.999973e-01 -8.127308e-04 2.180269e-03 -5.186585e+00 8.028571e-04 9.999894e-01 4.525725e-03 4.734344e-01 -2.183924e-03 -4.523962e-03 9.999874e-01 -1.137219e+01
9.999712e-01 8.977943e-04 -7.534186e-03 -5.295728e+00 -9.421398e-04 9.999822e-01 -5.884409e-03 4.788166e-01 7.528769e-03 5.891337e-03 9.999543e-01 -1.152395e+01
9.999974e-01 -7.751733e-04 2.132375e-03 -5.387121e+00 7.653576e-04 9.999891e-01 4.600188e-03 4.827473e-01 -2.135917e-03 -4.598544e-03 9.999871e-01 -1.162750e+01
9.999655e-01 1.156218e-03 -8.221605e-03 -5.407661e+00 -1.201253e-03 9.999843e-01 -5.474813e-03 4.842635e-01 8.215146e-03 5.484500e-03 9.999512e-01 -1.172513e+01
9.999948e-01 -5.597121e-04 3.163741e-03 -5.379028e+00 5.514604e-04 9.999964e-01 2.608506e-03 4.900288e-01 -3.165189e-03 -2.606747e-03 9.999916e-01 -1.222057e+01
9.999576e-01 1.237566e-03 -9.128491e-03 -5.370848e+00 -1.276021e-03 9.999903e-01 -4.208037e-03 4.930530e-01 9.123195e-03 4.219506e-03 9.999495e-01 -1.251493e+01
9.999953e-01 -6.470423e-04 3.008021e-03 -5.347894e+00 6.373150e-04 9.999946e-01 3.233646e-03 4.928863e-01 -3.010096e-03 -3.231713e-03 9.999902e-01 -1.266247e+01
9.999652e-01 1.273424e-03 -8.243965e-03 -5.364576e+00 -1.322461e-03 9.999815e-01 -5.945512e-03 5.005012e-01 8.236241e-03 5.956207e-03 9.999483e-01 -1.312290e+01
9.999935e-01 -1.014410e-03 3.462048e-03 -5.433750e+00 1.007680e-03 9.999976e-01 1.945188e-03 5.146873e-01 -3.464013e-03 -1.941686e-03 9.999921e-01 -1.377962e+01
9.999556e-01 1.319298e-03 -9.332623e-03 -5.498749e+00 -1.360287e-03 9.999895e-01 -4.386995e-03 5.238556e-01 9.326736e-03 4.399495e-03 9.999468e-01 -1.420779e+01
9.999943e-01 -1.080462e-03 3.200226e-03 -5.558349e+00 1.071660e-03 9.999956e-01 2.750998e-03 5.290819e-01 -3.203184e-03 -2.747552e-03 9.999911e-01 -1.445798e+01
9.999622e-01 1.367920e-03 -8.589597e-03 -5.567868e+00 -1.399858e-03 9.999921e-01 -3.713261e-03 5.287027e-01 8.584449e-03 3.725144e-03 9.999562e-01 -1.455792e+01
9.999953e-01 -7.199752e-04 2.965419e-03 -5.532173e+00 7.120667e-04 9.999962e-01 2.667133e-03 5.281357e-01 -2.967328e-03 -2.665008e-03 9.999920e-01 -1.473191e+01
9.999684e-01 1.340229e-03 -7.838229e-03 -5.504341e+00 -1.374075e-03 9.999897e-01 -4.314306e-03 5.284881e-01 7.832366e-03 4.324939e-03 9.999600e-01 -1.497869e+01
9.999979e-01 -7.832853e-04 1.887681e-03 -5.509484e+00 7.779128e-04 9.999956e-01 2.845209e-03 5.313289e-01 -1.889901e-03 -2.843734e-03 9.999942e-01 -1.524108e+01
9.999823e-01 1.294340e-03 -5.803298e-03 -5.539067e+00 -1.339627e-03 9.999686e-01 -7.806670e-03 5.454379e-01 5.793011e-03 7.814306e-03 9.999527e-01 -1.600654e+01
9.999979e-01 -7.381121e-04 1.910539e-03 -5.531878e+00 7.337298e-04 9.999971e-01 2.293485e-03 5.606195e-01 -1.912226e-03 -2.292078e-03 9.999955e-01 -1.693868e+01
9.999792e-01 1.027929e-03 -6.371786e-03 -5.511192e+00 -1.051270e-03 9.999927e-01 -3.660942e-03 5.601304e-01 6.367976e-03 3.667564e-03 9.999730e-01 -1.710686e+01
9.999990e-01 -3.070388e-04 1.376820e-03 -5.492051e+00 3.014452e-04 9.999917e-01 4.061088e-03 5.540929e-01 -1.378055e-03 -4.060668e-03 9.999908e-01 -1.694276e+01
9.999764e-01 1.074542e-03 -6.779655e-03 -5.479761e+00 -1.099514e-03 9.999926e-01 -3.680734e-03 5.483719e-01 6.775650e-03 3.688100e-03 9.999702e-01 -1.675398e+01
9.999941e-01 1.854085e-05 3.442764e-03 -5.455904e+00 -3.537729e-05 9.999880e-01 4.890416e-03 5.384459e-01 -3.442632e-03 -4.890508e-03 9.999821e-01 -1.632598e+01
9.999591e-01 4.164515e-04 -9.029619e-03 -5.488369e+00 -4.795554e-04 9.999755e-01 -6.987505e-03 5.443951e-01 9.026488e-03 6.991549e-03 9.999348e-01 -1.666862e+01
9.999908e-01 -2.889504e-04 4.285804e-03 -5.595655e+00 2.712477e-04 9.999914e-01 4.130581e-03 5.564963e-01 -4.286961e-03 -4.129380e-03 9.999823e-01 -1.712787e+01
9.999440e-01 2.481433e-04 -1.058041e-02 -5.724342e+00 -3.088071e-04 9.999835e-01 -5.732340e-03 5.639538e-01 1.057882e-02 5.735286e-03 9.999276e-01 -1.730234e+01
9.999886e-01 -1.830430e-04 4.780398e-03 -5.876840e+00 1.698318e-04 9.999962e-01 2.763905e-03 5.786259e-01 -4.780885e-03 -2.763060e-03 9.999848e-01 -1.774224e+01
9.999455e-01 -9.139753e-05 -1.043658e-02 -6.065877e+00 3.137540e-05 9.999835e-01 -5.751138e-03 5.939656e-01 1.043694e-02 5.750496e-03 9.999290e-01 -1.815189e+01
9.999803e-01 4.192829e-05 6.273371e-03 -6.150804e+00 -4.890939e-05 9.999994e-01 1.112683e-03 6.099028e-01 -6.273320e-03 -1.112967e-03 9.999797e-01 -1.888644e+01
9.999378e-01 1.036146e-04 -1.114864e-02 -6.193511e+00 -1.470771e-04 9.999924e-01 -3.897704e-03 6.194051e-01 1.114815e-02 3.899101e-03 9.999303e-01 -1.938316e+01
9.999819e-01 -2.316769e-04 6.006004e-03 -6.340912e+00 2.266985e-04 9.999996e-01 8.295858e-04 6.326173e-01 -6.006194e-03 -8.282086e-04 9.999816e-01 -1.982681e+01
9.999566e-01 -9.874577e-05 -9.316084e-03 -6.483574e+00 3.764250e-05 9.999785e-01 -6.558836e-03 6.547032e-01 9.316531e-03 6.558200e-03 9.999351e-01 -2.073017e+01
9.999866e-01 -7.156541e-05 5.180954e-03 -6.697547e+00 5.877850e-05 9.999970e-01 2.468195e-03 6.754229e-01 -5.181115e-03 -2.467857e-03 9.999835e-01 -2.131673e+01
9.999440e-01 -2.192411e-05 -1.058019e-02 -6.857038e+00 -4.427857e-05 9.999804e-01 -6.256946e-03 6.929592e-01 1.058012e-02 6.257063e-03 9.999245e-01 -2.189513e+01
9.999894e-01 2.677591e-04 4.591686e-03 -6.893844e+00 -2.890482e-04 9.999892e-01 4.636452e-03 6.976462e-01 -4.590394e-03 -4.637730e-03 9.999787e-01 -2.211662e+01
9.999630e-01 7.338080e-04 -8.575675e-03 -6.796292e+00 -7.730005e-04 9.999893e-01 -4.567750e-03 6.895540e-01 8.572231e-03 4.574209e-03 9.999528e-01 -2.201110e+01
9.999863e-01 1.828106e-04 5.240401e-03 -6.742133e+00 -2.112886e-04 9.999852e-01 5.434303e-03 6.788390e-01 -5.239330e-03 -5.435335e-03 9.999715e-01 -2.170045e+01
9.999548e-01 4.410448e-04 -9.502449e-03 -6.856539e+00 -4.960923e-04 9.999831e-01 -5.791390e-03 6.826232e-01 9.499734e-03 5.795841e-03 9.999381e-01 -2.159839e+01
9.999868e-01 1.730423e-06 5.131959e-03 -6.985894e+00 -2.481049e-05 9.999899e-01 4.497286e-03 6.861825e-01 -5.131899e-03 -4.497354e-03 9.999767e-01 -2.148620e+01
9.999734e-01 1.211970e-03 -7.190703e-03 -6.988440e+00 -1.235323e-03 9.999940e-01 -3.244098e-03 6.771019e-01 7.186727e-03 3.252894e-03 9.999689e-01 -2.098595e+01
9.999867e-01 -4.003917e-05 5.164915e-03 -7.001224e+00 1.671051e-05 9.999898e-01 4.516746e-03 6.687033e-01 -5.165043e-03 -4.516598e-03 9.999765e-01 -2.050381e+01
9.999420e-01 2.676827e-04 -1.076683e-02 -7.106180e+00 -3.238589e-04 9.999863e-01 -5.216105e-03 6.730222e-01 1.076529e-02 5.219289e-03 9.999284e-01 -2.052610e+01
9.999889e-01 -1.854647e-04 4.698258e-03 -7.235186e+00 1.724377e-04 9.999961e-01 2.773002e-03 6.854499e-01 -4.698753e-03 -2.772160e-03 9.999851e-01 -2.090056e+01
9.999561e-01 7.682331e-04 -9.339810e-03 -7.299119e+00 -7.970452e-04 9.999949e-01 -3.081523e-03 6.845378e-01 9.337395e-03 3.088831e-03 9.999516e-01 -2.074555e+01
9.999738e-01 3.171959e-04 7.227421e-03 -7.278652e+00 -3.493403e-04 9.999901e-01 4.446750e-03 6.734244e-01 -7.225938e-03 -4.449157e-03 9.999640e-01 -2.024049e+01
9.999273e-01 3.922685e-04 -1.205348e-02 -7.254674e+00 -4.457139e-04 9.999901e-01 -4.431645e-03 6.684333e-01 1.205162e-02 4.436695e-03 9.999175e-01 -2.013555e+01
9.999700e-01 1.895594e-04 7.737991e-03 -7.253437e+00 -2.253154e-04 9.999893e-01 4.620251e-03 6.626912e-01 -7.737032e-03 -4.621856e-03 9.999594e-01 -1.993434e+01
9.999442e-01 8.128318e-04 -1.053381e-02 -7.233651e+00 -8.507661e-04 9.999932e-01 -3.597202e-03 6.531860e-01 1.053082e-02 3.605962e-03 9.999380e-01 -1.952612e+01
9.999657e-01 2.332633e-04 8.275686e-03 -7.222618e+00 -2.731278e-04 9.999884e-01 4.816277e-03 6.432653e-01 -8.274466e-03 -4.818372e-03 9.999542e-01 -1.904861e+01
9.999320e-01 4.707356e-04 -1.164969e-02 -7.293639e+00 -5.245979e-04 9.999892e-01 -4.620864e-03 6.425670e-01 1.164739e-02 4.626660e-03 9.999215e-01 -1.877171e+01
9.999710e-01 -2.990647e-04 7.615205e-03 -7.568486e+00 2.827161e-04 9.999977e-01 2.147838e-03 6.581358e-01 -7.615829e-03 -2.145622e-03 9.999687e-01 -1.880220e+01
9.999345e-01 8.545148e-04 -1.141001e-02 -7.656930e+00 -8.843707e-04 9.999962e-01 -2.611838e-03 6.571432e-01 1.140774e-02 2.621757e-03 9.999315e-01 -1.856450e+01
9.999776e-01 -5.691328e-04 6.667170e-03 -7.699472e+00 5.547791e-04 9.999975e-01 2.154573e-03 6.561355e-01 -6.668379e-03 -2.150826e-03 9.999755e-01 -1.850281e+01
9.999394e-01 1.158696e-03 -1.094789e-02 -7.737874e+00 -1.180922e-03 9.999973e-01 -2.023965e-03 6.536465e-01 1.094552e-02 2.036770e-03 9.999380e-01 -1.829284e+01
9.999705e-01 -1.976343e-04 7.679990e-03 -7.746096e+00 1.754997e-04 9.999958e-01 2.882711e-03 6.474011e-01 -7.680527e-03 -2.881278e-03 9.999664e-01 -1.791033e+01
9.999410e-01 1.144274e-03 -1.080109e-02 -7.763963e+00 -1.168927e-03 9.999967e-01 -2.276449e-03 6.414301e-01 1.079845e-02 2.288940e-03 9.999391e-01 -1.752687e+01
9.999671e-01 -3.853771e-04 8.096644e-03 -7.933162e+00 3.730761e-04 9.999988e-01 1.520748e-03 6.484504e-01 -8.097220e-03 -1.517677e-03 9.999661e-01 -1.728659e+01
9.999294e-01 6.249481e-04 -1.186999e-02 -8.197990e+00 -6.675175e-04 9.999934e-01 -3.582673e-03 6.647012e-01 1.186767e-02 3.590343e-03 9.999231e-01 -1.725781e+01
9.999793e-01 -4.745559e-04 6.418642e-03 -8.329877e+00 4.604520e-04 9.999975e-01 2.198653e-03 6.703614e-01 -6.419669e-03 -2.195651e-03 9.999770e-01 -1.728647e+01
9.999604e-01 1.540796e-03 -8.762309e-03 -8.329819e+00 -1.552345e-03 9.999979e-01 -1.311329e-03 6.615441e-01 8.760270e-03 1.324878e-03 9.999608e-01 -1.686610e+01
9.999812e-01 -4.947615e-04 6.106830e-03 -8.306193e+00 4.779323e-04 9.999961e-01 2.756967e-03 6.507187e-01 -6.108170e-03 -2.753996e-03 9.999776e-01 -1.637669e+01
9.999546e-01 1.423296e-03 -9.425936e-03 -8.304140e+00 -1.444469e-03 9.999964e-01 -2.239824e-03 6.432477e-01 9.422714e-03 2.253337e-03 9.999531e-01 -1.598076e+01
9.999796e-01 -6.593528e-04 6.358979e-03 -8.405334e+00 6.475573e-04 9.999981e-01 1.856831e-03 6.468897e-01 -6.360191e-03 -1.852674e-03 9.999781e-01 -1.563045e+01
9.999265e-01 8.833821e-04 -1.209048e-02 -8.617167e+00 -9.261567e-04 9.999933e-01 -3.532714e-03 6.622853e-01 1.208728e-02 3.543651e-03 9.999207e-01 -1.569404e+01
9.999713e-01 -9.654980e-04 7.511562e-03 -8.768065e+00 9.618410e-04 9.999994e-01 4.904669e-04 6.752381e-01 -7.512031e-03 -4.832272e-04 9.999717e-01 -1.608192e+01
9.999115e-01 1.076156e-03 -1.325787e-02 -8.851955e+00 -1.123255e-03 9.999931e-01 -3.545571e-03 6.876581e-01 1.325396e-02 3.560148e-03 9.999058e-01 -1.661510e+01
9.999578e-01 -1.029689e-03 9.129653e-03 -8.912369e+00 1.037118e-03 9.999991e-01 -8.089693e-04 7.021760e-01 -9.128812e-03 8.184043e-04 9.999580e-01 -1.732675e+01
9.998973e-01 1.085932e-03 -1.429056e-02 -8.934190e+00 -1.087936e-03 9.999994e-01 -1.324826e-04 7.022671e-01 1.429040e-02 1.480156e-04 9.998979e-01 -1.737173e+01
9.999466e-01 -1.498036e-04 1.033615e-02 -8.909223e+00 1.383188e-04 9.999994e-01 1.111855e-03 6.942962e-01 -1.033631e-02 -1.110365e-03 9.999460e-01 -1.701469e+01
9.999748e-01 1.841692e-03 -6.860370e-03 -9.283601e+00 -1.851382e-03 9.999973e-01 -1.406282e-03 7.099243e-01 6.857761e-03 1.418947e-03 9.999755e-01 -1.610556e+01
9.999138e-01 -1.847708e-03 1.300071e-02 -9.527772e+00 1.828406e-03 9.999972e-01 1.496406e-03 7.145553e-01 -1.300344e-02 -1.472505e-03 9.999144e-01 -1.499081e+01
9.998653e-01 2.960078e-03 -1.614510e-02 -9.474877e+00 -2.969038e-03 9.999955e-01 -5.310241e-04 7.035629e-01 1.614346e-02 5.788872e-04 9.998695e-01 -1.459842e+01
9.999326e-01 -2.199216e-03 1.139911e-02 -9.448116e+00 2.187314e-03 9.999970e-01 1.056470e-03 6.967935e-01 -1.140139e-02 -1.031464e-03 9.999345e-01 -1.435813e+01
9.999285e-01 3.302309e-03 -1.149098e-02 -9.459860e+00 -3.297545e-03 9.999945e-01 4.334583e-04 6.845326e-01 1.149234e-02 -3.955360e-04 9.999339e-01 -1.363403e+01
9.999491e-01 -2.219201e-03 9.845565e-03 -9.456025e+00 2.210645e-03 9.999972e-01 8.799232e-04 6.739023e-01 -9.847489e-03 -8.581127e-04 9.999511e-01 -1.307753e+01
9.999173e-01 3.215836e-03 -1.245146e-02 -9.472766e+00 -3.216159e-03 9.999948e-01 -5.863185e-06 6.669009e-01 1.245138e-02 4.590790e-05 9.999225e-01 -1.262581e+01
9.999704e-01 -2.909517e-03 7.125003e-03 -9.547769e+00 2.910549e-03 9.999958e-01 -1.344890e-04 6.687762e-01 -7.124581e-03 1.552234e-04 9.999746e-01 -1.249958e+01
9.999145e-01 3.131422e-03 -1.269755e-02 -9.576093e+00 -3.153908e-03 9.999935e-01 -1.751247e-03 6.742887e-01 1.269199e-02 1.791144e-03 9.999178e-01 -1.282117e+01
9.999716e-01 -2.871298e-03 6.963747e-03 -9.545386e+00 2.871175e-03 9.999959e-01 2.778272e-05 6.769761e-01 -6.963798e-03 -7.787114e-06 9.999758e-01 -1.313147e+01
9.999463e-01 3.540549e-03 -9.741667e-03 -9.572226e+00 -3.535191e-03 9.999936e-01 5.672399e-04 6.711312e-01 9.743612e-03 -5.327715e-04 9.999524e-01 -1.272782e+01
9.999480e-01 -2.495281e-03 9.884899e-03 -9.609479e+00 2.488132e-03 9.999966e-01 7.355200e-04 6.606471e-01 -9.886701e-03 -7.108862e-04 9.999509e-01 -1.201156e+01
9.999475e-01 3.414642e-03 -9.659731e-03 -9.652794e+00 -3.410979e-03 9.999941e-01 3.957192e-04 6.510527e-01 9.661025e-03 -3.627500e-04 9.999533e-01 -1.130329e+01
9.999729e-01 -2.485518e-03 6.927664e-03 -9.640522e+00 2.481189e-03 9.999967e-01 6.335006e-04 6.419866e-01 -6.929216e-03 -6.162940e-04 9.999758e-01 -1.083850e+01
9.999371e-01 3.408823e-03 -1.068959e-02 -9.606091e+00 -3.407568e-03 9.999942e-01 1.356141e-04 6.332977e-01 1.068999e-02 -9.918077e-05 9.999429e-01 -1.048583e+01
9.999792e-01 -2.536089e-03 5.938645e-03 -9.583461e+00 2.532403e-03 9.999966e-01 6.281494e-04 6.269663e-01 -5.940218e-03 -6.130966e-04 9.999822e-01 -1.022210e+01
9.999381e-01 3.247427e-03 -1.064231e-02 -9.608630e+00 -3.251560e-03 9.999946e-01 -3.710436e-04 6.238069e-01 1.064105e-02 4.056240e-04 9.999433e-01 -1.000100e+01
9.999811e-01 -2.857706e-03 5.450485e-03 -9.714927e+00 2.857321e-03 9.999959e-01 7.837355e-05 6.272559e-01 -5.450686e-03 -6.279760e-05 9.999851e-01 -9.897509e+00
9.999412e-01 2.915341e-03 -1.044636e-02 -9.894805e+00 -2.936463e-03 9.999937e-01 -2.007235e-03 6.386175e-01 1.044044e-02 2.037791e-03 9.999434e-01 -9.987333e+00
9.999838e-01 -2.730800e-03 4.984749e-03 -1.002663e+01 2.726343e-03 9.999959e-01 9.007542e-04 6.463025e-01 -4.987188e-03 -8.871489e-04 9.999872e-01 -1.000690e+01
9.999385e-01 3.267298e-03 -1.059668e-02 -9.993186e+00 -3.274954e-03 9.999944e-01 -7.052061e-04 6.410798e-01 1.059432e-02 7.398657e-04 9.999436e-01 -9.886775e+00
9.999667e-01 -2.235703e-03 7.852461e-03 -9.953639e+00 2.220312e-03 9.999956e-01 1.968328e-03 6.296935e-01 -7.856827e-03 -1.950827e-03 9.999672e-01 -9.438307e+00
9.999497e-01 3.371569e-03 -9.445655e-03 -9.917197e+00 -3.377115e-03 9.999941e-01 -5.712594e-04 6.169933e-01 9.443674e-03 6.031291e-04 9.999552e-01 -8.875682e+00
9.999869e-01 -2.498541e-03 4.460469e-03 -9.878850e+00 2.496763e-03 9.999968e-01 4.039990e-04 6.124054e-01 -4.461464e-03 -3.928563e-04 9.999900e-01 -8.813187e+00
9.999473e-01 3.018299e-03 -9.810466e-03 -9.789940e+00 -3.043412e-03 9.999921e-01 -2.545849e-03 6.141538e-01 9.802704e-03 2.575571e-03 9.999486e-01 -9.216425e+00
9.999766e-01 -2.170906e-03 6.494422e-03 -9.717764e+00 2.193683e-03 9.999915e-01 -3.502013e-03 6.289784e-01 -6.486764e-03 3.516178e-03 9.999728e-01 -1.022999e+01
9.999341e-01 2.108600e-03 -1.128505e-02 -9.766900e+00 -2.102763e-03 9.999976e-01 5.291518e-04 6.409145e-01 1.128614e-02 -5.053879e-04 9.999362e-01 -1.077920e+01
9.999847e-01 -1.733727e-03 5.247629e-03 -9.807656e+00 1.740077e-03 9.999978e-01 -1.205711e-03 6.422874e-01 -5.245526e-03 1.214824e-03 9.999855e-01 -1.083723e+01
9.999479e-01 1.684325e-03 -1.007179e-02 -9.951348e+00 -1.708354e-03 9.999957e-01 -2.377643e-03 6.584777e-01 1.006774e-02 2.394724e-03 9.999465e-01 -1.138415e+01
9.999668e-01 -1.165502e-03 8.061292e-03 -1.020443e+01 1.158299e-03 9.999989e-01 8.981557e-04 6.699905e-01 -8.062330e-03 -8.887878e-04 9.999671e-01 -1.109738e+01
9.999673e-01 2.351356e-03 -7.736166e-03 -1.022909e+01 -2.346818e-03 9.999971e-01 5.955914e-04 6.571814e-01 7.737544e-03 -5.774172e-04 9.999699e-01 -1.036724e+01
9.999843e-01 -9.737099e-04 5.515176e-03 -1.014014e+01 9.696610e-04 9.999993e-01 7.367928e-04 6.428415e-01 -5.515889e-03 -7.314327e-04 9.999845e-01 -9.898420e+00
9.999337e-01 1.498586e-03 -1.142027e-02 -1.016198e+01 -1.511167e-03 9.999983e-01 -1.093139e-03 6.424687e-01 1.141861e-02 1.110324e-03 9.999342e-01 -9.922593e+00
9.999869e-01 -1.183727e-03 4.977158e-03 -1.026417e+01 1.181881e-03 9.999992e-01 3.738524e-04 6.481110e-01 -4.977596e-03 -3.679645e-04 9.999875e-01 -9.958431e+00
9.999864e-01 2.438305e-03 -4.612226e-03 -1.030079e+01 -2.433953e-03 9.999966e-01 9.488174e-04 6.368122e-01 4.614523e-03 -9.375792e-04 9.999889e-01 -9.246439e+00
9.999951e-01 -1.253738e-03 2.870826e-03 -1.022547e+01 1.252796e-03 9.999992e-01 3.298052e-04 6.218672e-01 -2.871236e-03 -3.262064e-04 9.999958e-01 -8.526036e+00
9.999745e-01 2.493562e-03 -6.686601e-03 -1.006154e+01 -2.495470e-03 9.999968e-01 -2.769818e-04 6.126665e-01 6.685889e-03 2.936603e-04 9.999776e-01 -8.280725e+00
9.999975e-01 -1.862687e-03 1.268979e-03 -1.010974e+01 1.862158e-03 9.999982e-01 4.180115e-04 6.135188e-01 -1.269755e-03 -4.156467e-04 9.999991e-01 -8.174784e+00
9.999765e-01 2.275216e-03 -6.474266e-03 -1.014951e+01 -2.298246e-03 9.999911e-01 -3.551780e-03 6.230182e-01 6.466126e-03 3.566575e-03 9.999727e-01 -8.688388e+00
9.999792e-01 -2.043813e-03 6.111762e-03 -1.029332e+01 2.086124e-03 9.999738e-01 -6.924484e-03 6.596782e-01 -6.097450e-03 6.937091e-03 9.999573e-01 -1.029544e+01
9.999536e-01 1.267893e-03 -9.548230e-03 -1.049327e+01 -1.265280e-03 9.999992e-01 2.797825e-04 6.884343e-01 9.548576e-03 -2.676890e-04 9.999544e-01 -1.141872e+01
9.999834e-01 -8.770965e-04 5.696276e-03 -1.048619e+01 8.859400e-04 9.999984e-01 -1.550140e-03 6.887166e-01 -5.694907e-03 1.555162e-03 9.999826e-01 -1.158149e+01
9.999583e-01 1.008203e-03 -9.076346e-03 -1.058619e+01 -1.050357e-03 9.999887e-01 -4.640784e-03 7.117629e-01 9.071564e-03 4.650123e-03 9.999480e-01 -1.258556e+01
9.999761e-01 -1.225907e-03 6.803191e-03 -1.063848e+01 1.252270e-03 9.999917e-01 -3.872115e-03 7.413159e-01 -6.798387e-03 3.880543e-03 9.999694e-01 -1.403877e+01
9.999633e-01 2.190648e-03 -8.276453e-03 -1.054675e+01 -2.235845e-03 9.999826e-01 -5.455561e-03 7.688421e-01 8.264358e-03 5.473865e-03 9.999509e-01 -1.564279e+01
9.999923e-01 -1.446774e-03 3.657209e-03 -1.047377e+01 1.446622e-03 9.999990e-01 4.416429e-05 7.871688e-01 -3.657269e-03 -3.887269e-05 9.999933e-01 -1.669624e+01
9.999742e-01 2.478049e-03 -6.739697e-03 -1.042455e+01 -2.471405e-03 9.999965e-01 9.940507e-04 7.768095e-01 6.742136e-03 -9.773692e-04 9.999768e-01 -1.628046e+01
9.999807e-01 -1.220829e-03 6.090516e-03 -1.038543e+01 1.217324e-03 9.999991e-01 5.792087e-04 7.626615e-01 -6.091218e-03 -5.717828e-04 9.999813e-01 -1.561533e+01
9.999472e-01 2.116869e-03 -1.005860e-02 -1.033071e+01 -2.119154e-03 9.999977e-01 -2.164784e-04 7.536756e-01 1.005812e-02 2.377820e-04 9.999494e-01 -1.531132e+01
9.999910e-01 -1.180515e-03 4.082430e-03 -1.028958e+01 1.183771e-03 9.999990e-01 -7.953748e-04 7.550479e-01 -4.081487e-03 8.002010e-04 9.999914e-01 -1.551772e+01
9.999652e-01 1.670454e-03 -8.178540e-03 -1.031153e+01 -1.686615e-03 9.999966e-01 -1.969574e-03 7.611008e-01 8.175222e-03 1.983299e-03 9.999646e-01 -1.596593e+01
9.999922e-01 -1.585107e-03 3.627163e-03 -1.037230e+01 1.580405e-03 9.999979e-01 1.299004e-03 7.599969e-01 -3.629214e-03 -1.293260e-03 9.999926e-01 -1.591408e+01
9.999535e-01 1.468905e-03 -9.528545e-03 -1.053265e+01 -1.505513e-03 9.999915e-01 -3.835852e-03 7.724056e-01 9.522830e-03 3.850019e-03 9.999472e-01 -1.626959e+01
9.999924e-01 -1.432317e-03 3.620715e-03 -1.060096e+01 1.428394e-03 9.999984e-01 1.085724e-03 7.825307e-01 -3.622264e-03 -1.080543e-03 9.999929e-01 -1.675799e+01
9.999564e-01 1.994908e-03 -9.127357e-03 -1.061594e+01 -2.027851e-03 9.999915e-01 -3.601413e-03 7.887439e-01 9.120094e-03 3.619764e-03 9.999519e-01 -1.716344e+01
9.999801e-01 -1.633755e-03 6.098399e-03 -1.071039e+01 1.621385e-03 9.999966e-01 2.032928e-03 7.913300e-01 -6.101700e-03 -2.022999e-03 9.999793e-01 -1.727132e+01
9.999636e-01 2.564958e-03 -8.136961e-03 -1.065342e+01 -2.570813e-03 9.999964e-01 -7.091985e-04 7.762918e-01 8.135113e-03 7.300907e-04 9.999666e-01 -1.676341e+01
9.999830e-01 -1.626509e-03 5.603703e-03 -1.060985e+01 1.616932e-03 9.999972e-01 1.713300e-03 7.645729e-01 -5.606474e-03 -1.704209e-03 9.999828e-01 -1.635507e+01
9.999712e-01 2.302183e-03 -7.236782e-03 -1.065295e+01 -2.309592e-03 9.999968e-01 -1.015563e-03 7.583648e-01 7.234420e-03 1.032247e-03 9.999733e-01 -1.591456e+01
9.999294e-01 -1.048948e-03 1.184001e-02 -1.106273e+01 1.049526e-03 9.999994e-01 -4.256548e-05 7.776973e-01 -1.183996e-02 5.498952e-05 9.999299e-01 -1.514660e+01
9.999461e-01 2.124191e-04 -1.037894e-02 -1.142992e+01 -2.320493e-04 9.999982e-01 -1.890157e-03 7.987475e-01 1.037852e-02 1.892463e-03 9.999444e-01 -1.473975e+01
9.999867e-01 5.571854e-04 5.123768e-03 -1.140754e+01 -5.491538e-04 9.999986e-01 -1.568754e-03 8.065395e-01 -5.124635e-03 1.565920e-03 9.999856e-01 -1.533283e+01
9.999486e-01 1.023004e-04 -1.013596e-02 -1.137248e+01 -8.178442e-05 9.999979e-01 2.024501e-03 7.998830e-01 1.013615e-02 -2.023568e-03 9.999466e-01 -1.511384e+01
9.999259e-01 8.853904e-04 1.214104e-02 -1.143211e+01 -8.778666e-04 9.999994e-01 -6.249907e-04 7.891515e-01 -1.214159e-02 6.142868e-04 9.999261e-01 -1.431067e+01
9.998932e-01 -1.156595e-03 -1.456967e-02 -1.180487e+01 1.135589e-03 9.999983e-01 -1.449883e-03 8.121923e-01 1.457132e-02 1.433183e-03 9.998928e-01 -1.417869e+01
9.999487e-01 5.189817e-04 1.012033e-02 -1.210568e+01 -4.975142e-04 9.999976e-01 -2.123608e-03 8.339363e-01 -1.012141e-02 2.118465e-03 9.999465e-01 -1.448594e+01
9.998837e-01 2.108179e-04 -1.524897e-02 -1.209736e+01 -1.730132e-04 9.999969e-01 2.480454e-03 8.286878e-01 1.524945e-02 -2.477528e-03 9.998807e-01 -1.428364e+01
9.999252e-01 8.942915e-04 1.219881e-02 -1.206599e+01 -8.777049e-04 9.999987e-01 -1.364953e-03 8.190215e-01 -1.220002e-02 1.354145e-03 9.999247e-01 -1.387558e+01
9.999058e-01 -2.011433e-04 -1.372388e-02 -1.210623e+01 2.265100e-04 9.999983e-01 1.846851e-03 8.133658e-01 1.372348e-02 -1.849786e-03 9.999041e-01 -1.341895e+01
9.999587e-01 3.058779e-04 9.079793e-03 -1.220958e+01 -2.625223e-04 9.999886e-01 -4.775740e-03 8.244695e-01 -9.081150e-03 4.773160e-03 9.999474e-01 -1.383787e+01
9.998925e-01 -3.525823e-04 -1.466144e-02 -1.232678e+01 3.725242e-04 9.999990e-01 1.357463e-03 8.408661e-01 1.466094e-02 -1.362779e-03 9.998916e-01 -1.443673e+01
9.999666e-01 8.818042e-04 8.123004e-03 -1.236138e+01 -8.581408e-04 9.999954e-01 -2.916127e-03 8.467152e-01 -8.125538e-03 2.909060e-03 9.999628e-01 -1.469377e+01
9.999016e-01 -3.711616e-04 -1.402491e-02 -1.241818e+01 3.876343e-04 9.999992e-01 1.171852e-03 8.541008e-01 1.402446e-02 -1.177174e-03 9.999010e-01 -1.497787e+01
9.999668e-01 9.866873e-04 8.093981e-03 -1.243159e+01 -9.571146e-04 9.999929e-01 -3.656694e-03 8.616870e-01 -8.097531e-03 3.648826e-03 9.999606e-01 -1.540633e+01
9.999008e-01 -5.952858e-04 -1.407251e-02 -1.244729e+01 6.389734e-04 9.999950e-01 3.100190e-03 8.617282e-01 1.407059e-02 -3.108875e-03 9.998962e-01 -1.543903e+01
9.999446e-01 1.338940e-03 1.043755e-02 -1.244694e+01 -1.313447e-03 9.999961e-01 -2.448886e-03 8.554693e-01 -1.044079e-02 2.435042e-03 9.999425e-01 -1.513884e+01
9.998564e-01 -1.236187e-03 -1.689891e-02 -1.260431e+01 1.254714e-03 9.999986e-01 1.085848e-03 8.659136e-01 1.689755e-02 -1.106896e-03 9.998566e-01 -1.525966e+01
9.999327e-01 1.108497e-03 1.155155e-02 -1.273288e+01 -1.059862e-03 9.999906e-01 -4.215510e-03 8.807793e-01 -1.155611e-02 4.202983e-03 9.999244e-01 -1.567600e+01
9.998543e-01 1.036348e-04 -1.707092e-02 -1.261651e+01 -7.410639e-05 9.999985e-01 1.730390e-03 8.851247e-01 1.707107e-02 -1.728873e-03 9.998528e-01 -1.613554e+01
9.999335e-01 9.798581e-04 1.148728e-02 -1.251803e+01 -9.256152e-04 9.999884e-01 -4.726340e-03 8.920031e-01 -1.149177e-02 4.715394e-03 9.999228e-01 -1.670720e+01
9.998381e-01 -1.965332e-04 -1.799268e-02 -1.244285e+01 2.674020e-04 9.999922e-01 3.936451e-03 8.910787e-01 1.799177e-02 -3.940626e-03 9.998304e-01 -1.687741e+01
9.999299e-01 9.156832e-04 1.180344e-02 -1.241436e+01 -8.672289e-04 9.999912e-01 -4.109542e-03 8.886741e-01 -1.180710e-02 4.099018e-03 9.999219e-01 -1.688780e+01
9.998344e-01 -9.642222e-05 -1.820039e-02 -1.236160e+01 1.416592e-04 9.999969e-01 2.484240e-03 8.908001e-01 1.820009e-02 -2.486408e-03 9.998313e-01 -1.719961e+01
9.999186e-01 1.063587e-03 1.271195e-02 -1.230510e+01 -9.990938e-04 9.999866e-01 -5.078650e-03 8.956975e-01 -1.271719e-02 5.065537e-03 9.999063e-01 -1.766689e+01
9.998337e-01 -8.332460e-04 -1.821815e-02 -1.239201e+01 9.008669e-04 9.999927e-01 3.703857e-03 9.010895e-01 1.821494e-02 -3.719654e-03 9.998272e-01 -1.778014e+01
9.998936e-01 1.253288e-03 1.453271e-02 -1.250325e+01 -1.191465e-03 9.999902e-01 -4.261877e-03 9.058511e-01 -1.453791e-02 4.244109e-03 9.998853e-01 -1.761909e+01
9.997980e-01 -8.623126e-04 -2.007955e-02 -1.252732e+01 9.487388e-04 9.999903e-01 4.295078e-03 9.037785e-01 2.007565e-02 -4.313261e-03 9.997892e-01 -1.751196e+01
9.999082e-01 1.389896e-03 1.348035e-02 -1.257146e+01 -1.316878e-03 9.999844e-01 -5.423983e-03 9.086157e-01 -1.348768e-02 5.405734e-03 9.998944e-01 -1.771363e+01
9.998441e-01 -4.110001e-04 -1.765016e-02 -1.258613e+01 4.268079e-04 9.999995e-01 8.918790e-04 9.244557e-01 1.764978e-02 -8.992739e-04 9.998438e-01 -1.839457e+01
9.999277e-01 9.025005e-04 1.199250e-02 -1.261195e+01 -8.310989e-04 9.999819e-01 -5.957483e-03 9.440188e-01 -1.199766e-02 5.947086e-03 9.999103e-01 -1.923038e+01
9.998417e-01 -4.229689e-04 -1.778784e-02 -1.267650e+01 4.894860e-04 9.999929e-01 3.735300e-03 9.530348e-01 1.778614e-02 -3.743416e-03 9.998348e-01 -1.955696e+01
9.999322e-01 1.181143e-03 1.158471e-02 -1.269662e+01 -1.112470e-03 9.999818e-01 -5.932457e-03 9.604404e-01 -1.159150e-02 5.919168e-03 9.999153e-01 -1.993068e+01
9.998440e-01 -1.013735e-03 -1.763137e-02 -1.286421e+01 1.076731e-03 9.999931e-01 3.563834e-03 9.758179e-01 1.762764e-02 -3.582263e-03 9.998382e-01 -2.018466e+01
9.999080e-01 1.407684e-03 1.349199e-02 -1.300912e+01 -1.327109e-03 9.999812e-01 -5.979124e-03 9.898468e-01 -1.350016e-02 5.960669e-03 9.998911e-01 -2.028856e+01
9.998285e-01 -2.749207e-04 -1.851763e-02 -1.301666e+01 3.460625e-04 9.999926e-01 3.838761e-03 1.000088e+00 1.851644e-02 -3.844512e-03 9.998212e-01 -2.052667e+01
9.998916e-01 1.298311e-03 1.466572e-02 -1.297878e+01 -1.178496e-03 9.999659e-01 -8.175400e-03 1.010600e+00 -1.467583e-02 8.157231e-03 9.998590e-01 -2.120130e+01
9.997808e-01 -7.898575e-04 -2.092271e-02 -1.297698e+01 9.032504e-04 9.999850e-01 5.410728e-03 1.020695e+00 2.091812e-02 -5.428441e-03 9.997665e-01 -2.172019e+01
9.998869e-01 1.539818e-03 1.495924e-02 -1.294930e+01 -1.441108e-03 9.999771e-01 -6.607060e-03 1.022216e+00 -1.496907e-02 6.584756e-03 9.998663e-01 -2.192659e+01
9.997912e-01 -9.263792e-04 -2.041505e-02 -1.293715e+01 1.015285e-03 9.999900e-01 4.345005e-03 1.027053e+00 2.041083e-02 -4.364825e-03 9.997821e-01 -2.230181e+01
9.998900e-01 1.758925e-03 1.472461e-02 -1.290994e+01 -1.650656e-03 9.999715e-01 -7.361824e-03 1.036185e+00 -1.473714e-02 7.336709e-03 9.998645e-01 -2.290483e+01
9.998615e-01 -6.447851e-04 -1.663131e-02 -1.277751e+01 6.514258e-04 9.999997e-01 3.938903e-04 1.051921e+00 1.663105e-02 -4.046704e-04 9.998616e-01 -2.402044e+01
9.999128e-01 1.728840e-03 1.309512e-02 -1.267602e+01 -1.634729e-03 9.999728e-01 -7.193972e-03 1.072938e+00 -1.310720e-02 7.171938e-03 9.998884e-01 -2.527331e+01
9.998354e-01 -1.026052e-03 -1.811523e-02 -1.262508e+01 1.084234e-03 9.999943e-01 3.202246e-03 1.083350e+00 1.811184e-02 -3.221361e-03 9.998308e-01 -2.602372e+01
9.999101e-01 1.694617e-03 1.330132e-02 -1.256785e+01 -1.608138e-03 9.999775e-01 -6.509528e-03 1.089090e+00 -1.331206e-02 6.487553e-03 9.998903e-01 -2.659997e+01
9.998482e-01 -7.177739e-04 -1.740774e-02 -1.246312e+01 7.430826e-04 9.999987e-01 1.447470e-03 1.100454e+00 1.740668e-02 -1.460186e-03 9.998474e-01 -2.749501e+01
9.999253e-01 1.349291e-03 1.214483e-02 -1.243000e+01 -1.286274e-03 9.999857e-01 -5.195096e-03 1.110614e+00 -1.215167e-02 5.179087e-03 9.999128e-01 -2.819809e+01
9.998351e-01 -9.550298e-04 -1.813697e-02 -1.247500e+01 1.003261e-03 9.999960e-01 2.650381e-03 1.119949e+00 1.813436e-02 -2.668141e-03 9.998320e-01 -2.866395e+01
9.999216e-01 1.427824e-03 1.243759e-02 -1.253379e+01 -1.363111e-03 9.999855e-01 -5.209870e-03 1.129676e+00 -1.244485e-02 5.192509e-03 9.999091e-01 -2.909210e+01
9.998491e-01 -9.045632e-04 -1.734635e-02 -1.255650e+01 9.368661e-04 9.999978e-01 1.854217e-03 1.139789e+00 1.734463e-02 -1.870189e-03 9.998478e-01 -2.965098e+01
9.999216e-01 1.485569e-03 1.243206e-02 -1.257291e+01 -1.420928e-03 9.999854e-01 -5.206756e-03 1.149743e+00 -1.243962e-02 5.188683e-03 9.999092e-01 -3.022690e+01
9.998687e-01 -7.701333e-04 -1.618680e-02 -1.251366e+01 7.748117e-04 9.999997e-01 2.827773e-04 1.162810e+00 1.618658e-02 -2.952825e-04 9.998689e-01 -3.105739e+01
9.999318e-01 1.497224e-03 1.158091e-02 -1.249578e+01 -1.443308e-03 9.999881e-01 -4.662530e-03 1.176929e+00 -1.158776e-02 4.645498e-03 9.999221e-01 -3.185844e+01
9.998733e-01 -1.222296e-03 -1.587199e-02 -1.252755e+01 1.227919e-03 9.999992e-01 3.445954e-04 1.191210e+00 1.587156e-02 -3.640418e-04 9.998740e-01 -3.256928e+01
9.999465e-01 1.348067e-03 1.025962e-02 -1.258358e+01 -1.317734e-03 9.999947e-01 -2.962778e-03 1.201527e+00 -1.026356e-02 2.949101e-03 9.999430e-01 -3.306021e+01
9.998836e-01 -3.394653e-04 -1.525475e-02 -1.253530e+01 3.940506e-04 9.999935e-01 3.575412e-03 1.193790e+00 1.525344e-02 -3.581007e-03 9.998772e-01 -3.286058e+01
9.999460e-01 1.276843e-03 1.031742e-02 -1.248312e+01 -1.225845e-03 9.999870e-01 -4.947647e-03 1.194157e+00 -1.032360e-02 4.934733e-03 9.999345e-01 -3.308076e+01
9.998939e-01 -8.836180e-04 -1.454238e-02 -1.250299e+01 8.842457e-04 9.999996e-01 3.675850e-05 1.210292e+00 1.454234e-02 -4.961421e-05 9.998943e-01 -3.392481e+01
9.999539e-01 1.182452e-03 9.528921e-03 -1.257138e+01 -1.146795e-03 9.999923e-01 -3.746529e-03 1.224692e+00 -9.533278e-03 3.735429e-03 9.999476e-01 -3.459452e+01
9.999192e-01 -1.004786e-03 -1.267272e-02 -1.262957e+01 9.703056e-04 9.999958e-01 -2.726676e-03 1.244974e+00 1.267541e-02 2.714159e-03 9.999160e-01 -3.559211e+01
9.999597e-01 7.786580e-04 8.938933e-03 -1.277988e+01 -7.724799e-04 9.999995e-01 -6.945409e-04 1.259413e+00 -8.939469e-03 6.876083e-04 9.999598e-01 -3.610289e+01
9.998913e-01 -4.970618e-04 -1.473261e-02 -1.288266e+01 4.872074e-04 9.999997e-01 -6.724403e-04 1.266496e+00 1.473294e-02 6.651888e-04 9.998912e-01 -3.626740e+01
9.999502e-01 6.513405e-04 9.962374e-03 -1.293366e+01 -6.199828e-04 9.999948e-01 -3.150340e-03 1.279663e+00 -9.964374e-03 3.144007e-03 9.999454e-01 -3.690164e+01
9.998990e-01 -2.750313e-04 -1.420910e-02 -1.294066e+01 2.493902e-04 9.999983e-01 -1.806269e-03 1.294903e+00 1.420957e-02 1.802543e-03 9.998974e-01 -3.773700e+01
9.999126e-01 8.011809e-04 1.319471e-02 -1.288825e+01 -7.006965e-04 9.999707e-01 -7.618341e-03 1.324227e+00 -1.320043e-02 7.608430e-03 9.998839e-01 -3.929914e+01
9.998755e-01 -4.019404e-04 -1.577509e-02 -1.279859e+01 3.736183e-04 9.999983e-01 -1.798256e-03 1.354924e+00 1.577578e-02 1.792137e-03 9.998739e-01 -4.096597e+01
9.999243e-01 1.100203e-03 1.225395e-02 -1.275761e+01 -1.042612e-03 9.999884e-01 -4.705105e-03 1.374914e+00 -1.225898e-02 4.691973e-03 9.999138e-01 -4.212103e+01
9.998569e-01 -6.858705e-04 -1.690403e-02 -1.274378e+01 7.140506e-04 9.999984e-01 1.661100e-03 1.382005e+00 1.690287e-02 -1.672933e-03 9.998557e-01 -4.265680e+01
9.999374e-01 1.515075e-03 1.108469e-02 -1.268800e+01 -1.487534e-03 9.999958e-01 -2.492391e-03 1.379093e+00 -1.108842e-02 2.475747e-03 9.999355e-01 -4.278070e+01
9.998645e-01 -6.941526e-04 -1.644641e-02 -1.261171e+01 6.906694e-04 9.999997e-01 -2.174452e-04 1.383289e+00 1.644656e-02 2.060561e-04 9.998647e-01 -4.326065e+01
9.999375e-01 1.690607e-03 1.104884e-02 -1.252723e+01 -1.659437e-03 9.999946e-01 -2.829623e-03 1.390052e+00 -1.105356e-02 2.811112e-03 9.999350e-01 -4.384337e+01
9.998839e-01 -1.039628e-03 -1.520138e-02 -1.253316e+01 1.089934e-03 9.999940e-01 3.301448e-03 1.388255e+00 1.519786e-02 -3.317634e-03 9.998790e-01 -4.356625e+01
9.999117e-01 1.274208e-03 1.322658e-02 -1.254925e+01 -1.235548e-03 9.999949e-01 -2.930662e-03 1.383148e+00 -1.323024e-02 2.914062e-03 9.999082e-01 -4.309959e+01
9.998245e-01 -4.405573e-04 -1.872709e-02 -1.249861e+01 4.858509e-04 9.999970e-01 2.414148e-03 1.380853e+00 1.872597e-02 -2.422824e-03 9.998217e-01 -4.316543e+01
9.999240e-01 1.313911e-03 1.225891e-02 -1.242331e+01 -1.270844e-03 9.999930e-01 -3.520229e-03 1.380893e+00 -1.226345e-02 3.504383e-03 9.999187e-01 -4.340826e+01
9.998345e-01 -4.321064e-04 -1.818842e-02 -1.237312e+01 4.845786e-04 9.999957e-01 2.880636e-03 1.378973e+00 1.818710e-02 -2.888974e-03 9.998304e-01 -4.352024e+01
9.999242e-01 1.156459e-03 1.225880e-02 -1.232685e+01 -1.118740e-03 9.999946e-01 -3.083266e-03 1.374869e+00 -1.226230e-02 3.069319e-03 9.999201e-01 -4.353153e+01
9.998380e-01 -3.968963e-04 -1.799488e-02 -1.228871e+01 4.482033e-04 9.999958e-01 2.847278e-03 1.371270e+00 1.799368e-02 -2.854882e-03 9.998340e-01 -4.353451e+01
9.999276e-01 1.112676e-03 1.197807e-02 -1.226393e+01 -1.077620e-03 9.999951e-01 -2.932709e-03 1.367899e+00 -1.198128e-02 2.919590e-03 9.999240e-01 -4.351806e+01
9.998371e-01 -5.010068e-04 -1.804072e-02 -1.222915e+01 5.485825e-04 9.999964e-01 2.632292e-03 1.364400e+00 1.803934e-02 -2.641760e-03 9.998338e-01 -4.352506e+01
9.999324e-01 1.053475e-03 1.157778e-02 -1.222701e+01 -1.013321e-03 9.999935e-01 -3.473479e-03 1.365417e+00 -1.158137e-02 3.461513e-03 9.999269e-01 -4.365343e+01
9.998726e-01 -5.233532e-04 -1.595298e-02 -1.222014e+01 5.342299e-04 9.999996e-01 6.775722e-04 1.372164e+00 1.595262e-02 -6.860090e-04 9.998725e-01 -4.409198e+01
9.999269e-01 1.352285e-03 1.201142e-02 -1.214249e+01 -1.283638e-03 9.999828e-01 -5.720918e-03 1.386513e+00 -1.201895e-02 5.705083e-03 9.999115e-01 -4.500357e+01
9.998644e-01 -6.728224e-05 -1.646904e-02 -1.182680e+01 7.664984e-05 9.999998e-01 5.681925e-04 1.396458e+00 1.646900e-02 -5.693784e-04 9.998642e-01 -4.605665e+01
9.998888e-01 6.876968e-04 1.490014e-02 -1.177056e+01 -5.303892e-04 9.999441e-01 -1.055881e-02 1.426033e+00 -1.490657e-02 1.054974e-02 9.998332e-01 -4.769635e+01
9.998182e-01 -3.728664e-04 -1.906210e-02 -1.178859e+01 4.676316e-04 9.999876e-01 4.967197e-03 1.447546e+00 1.906001e-02 -4.975209e-03 9.998060e-01 -4.872991e+01
9.997276e-01 1.236767e-03 2.330621e-02 -1.198708e+01 -7.648135e-04 9.997947e-01 -2.024814e-02 1.503774e+00 -2.332647e-02 2.022480e-02 9.995233e-01 -5.098276e+01
9.996131e-01 -2.889044e-03 -2.766284e-02 -1.220080e+01 3.146878e-03 9.999520e-01 9.281621e-03 1.551512e+00 2.763469e-02 -9.365082e-03 9.995742e-01 -5.270994e+01
9.997608e-01 4.069867e-03 2.149121e-02 -1.212186e+01 -3.841729e-03 9.999359e-01 -1.064601e-02 1.551625e+00 -2.153316e-02 1.056090e-02 9.997124e-01 -5.295793e+01
9.996422e-01 -3.040230e-03 -2.657438e-02 -1.202401e+01 3.249776e-03 9.999639e-01 7.845664e-03 1.556318e+00 2.654957e-02 -7.929219e-03 9.996161e-01 -5.344512e+01
9.997787e-01 4.309061e-03 2.058962e-02 -1.193646e+01 -4.102349e-03 9.999409e-01 -1.007134e-02 1.560688e+00 -2.063180e-02 9.984647e-03 9.997373e-01 -5.390000e+01
9.996605e-01 -3.314222e-03 -2.584472e-02 -1.184156e+01 3.516007e-03 9.999637e-01 7.766096e-03 1.562839e+00 2.581805e-02 -7.854330e-03 9.996358e-01 -5.428996e+01
9.997225e-01 5.578997e-03 2.288548e-02 -1.143675e+01 -5.234205e-03 9.998723e-01 -1.509827e-02 1.576735e+00 -2.296679e-02 1.497429e-02 9.996241e-01 -5.559150e+01
9.996112e-01 -4.511624e-03 -2.751395e-02 -1.124982e+01 4.745387e-03 9.999531e-01 8.436808e-03 1.594281e+00 2.747460e-02 -8.564093e-03 9.995858e-01 -5.677909e+01
9.997529e-01 5.518882e-03 2.153374e-02 -1.120582e+01 -5.292037e-03 9.999301e-01 -1.057717e-02 1.598322e+00 -2.159061e-02 1.046060e-02 9.997122e-01 -5.717705e+01
9.996349e-01 -4.334595e-03 -2.666829e-02 -1.110935e+01 4.612121e-03 9.999358e-01 1.035392e-02 1.591433e+00 2.662170e-02 -1.047313e-02 9.995907e-01 -5.714692e+01
9.997430e-01 5.806879e-03 2.191571e-02 -1.100039e+01 -5.526060e-03 9.999021e-01 -1.285247e-02 1.593311e+00 -2.198819e-02 1.272805e-02 9.996772e-01 -5.756378e+01
9.995881e-01 -4.900732e-03 -2.827762e-02 -1.093970e+01 5.212165e-03 9.999265e-01 1.095025e-02 1.596581e+00 2.822188e-02 -1.109312e-02 9.995401e-01 -5.793033e+01
9.997206e-01 6.060512e-03 2.284882e-02 -1.086706e+01 -5.802046e-03 9.999186e-01 -1.136134e-02 1.591508e+00 -2.291582e-02 1.122560e-02 9.996744e-01 -5.794511e+01
9.995782e-01 -4.978361e-03 -2.861294e-02 -1.076238e+01 5.265375e-03 9.999365e-01 9.964377e-03 1.588842e+00 2.856152e-02 -1.011083e-02 9.995409e-01 -5.815772e+01
9.997009e-01 6.115719e-03 2.367750e-02 -1.068374e+01 -5.857967e-03 9.999230e-01 -1.094005e-02 1.584719e+00 -2.374259e-02 1.079807e-02 9.996598e-01 -5.826213e+01
9.996004e-01 -5.099017e-03 -2.780510e-02 -1.060372e+01 5.275168e-03 9.999665e-01 6.265550e-03 1.594087e+00 2.777222e-02 -6.409723e-03 9.995937e-01 -5.899558e+01
9.997128e-01 6.259176e-03 2.313506e-02 -1.051824e+01 -6.026376e-03 9.999306e-01 -1.011868e-02 1.600683e+00 -2.319679e-02 9.976349e-03 9.996811e-01 -5.966602e+01
9.995985e-01 -5.159675e-03 -2.786141e-02 -1.040072e+01 5.426423e-03 9.999401e-01 9.507018e-03 1.591706e+00 2.781069e-02 -9.654389e-03 9.995666e-01 -5.965451e+01
9.997197e-01 6.422181e-03 2.278800e-02 -1.031863e+01 -6.149568e-03 9.999089e-01 -1.201297e-02 1.594959e+00 -2.286308e-02 1.186947e-02 9.996681e-01 -6.006696e+01
9.995653e-01 -5.682522e-03 -2.892922e-02 -1.027506e+01 5.968468e-03 9.999341e-01 9.807616e-03 1.600645e+00 2.887158e-02 -9.976016e-03 9.995333e-01 -6.049171e+01
9.996919e-01 6.898393e-03 2.384303e-02 -1.018764e+01 -6.654037e-03 9.999247e-01 -1.031269e-02 1.595534e+00 -2.391238e-02 1.015086e-02 9.996625e-01 -6.050522e+01
9.995553e-01 -5.932104e-03 -2.922396e-02 -1.011952e+01 6.162110e-03 9.999507e-01 7.786711e-03 1.599040e+00 2.917633e-02 -7.963330e-03 9.995426e-01 -6.092554e+01
9.996790e-01 6.974698e-03 2.435668e-02 -1.009851e+01 -6.693083e-03 9.999100e-01 -1.162455e-02 1.608553e+00 -2.443557e-02 1.145780e-02 9.996357e-01 -6.155813e+01
9.996144e-01 -6.246998e-03 -2.705620e-02 -1.006090e+01 6.386255e-03 9.999668e-01 5.063604e-03 1.625749e+00 2.702366e-02 -5.234439e-03 9.996211e-01 -6.259379e+01
9.995612e-01 6.944647e-03 2.879437e-02 -1.010226e+01 -6.399380e-03 9.997993e-01 -1.898564e-02 1.671922e+00 -2.892044e-02 1.879305e-02 9.994050e-01 -6.481538e+01
