9.999994e-01 6.319812e-04 9.113306e-04 3.156511e-01 -6.203524e-04 9.999191e-01 -1.270452e-02 2.409395e-02 -9.192862e-04 1.270395e-02 9.999189e-01 -2.108690e+00
9.999898e-01 7.609449e-04 -4.458115e-03 6.421252e-01 -7.649908e-04 9.999993e-01 -9.059169e-04 6.078131e-02 4.457423e-03 9.093187e-04 9.999897e-01 -4.793868e+00
9.999999e-01 -1.477315e-04 -5.031951e-04 8.178205e-01 1.444597e-04 9.999789e-01 -6.496013e-03 8.268137e-02 5.041438e-04 6.495939e-03 9.999788e-01 -6.390138e+00
9.999938e-01 4.248802e-04 -3.501277e-03 9.147406e-01 -4.077095e-04 9.999879e-01 4.903363e-03 7.987345e-02 3.503318e-03 -4.901904e-03 9.999818e-01 -6.617945e+00
9.999999e-01 4.705034e-04 -2.653411e-04 1.095304e+00 -4.724181e-04 9.999735e-01 -7.262368e-03 7.496039e-02 2.619168e-04 7.262492e-03 9.999736e-01 -6.935216e+00
9.999994e-01 1.104608e-03 -3.797199e-05 1.204728e+00 -1.104230e-03 9.999604e-01 8.830271e-03 5.518753e-02 4.772482e-05 -8.830222e-03 9.999610e-01 -6.216729e+00
9.999975e-01 5.698863e-04 2.174012e-03 1.330693e+00 -5.541528e-04 9.999737e-01 -7.230833e-03 3.349634e-02 -2.178076e-03 7.229610e-03 9.999715e-01 -5.385756e+00
9.999972e-01 1.425589e-03 -1.887342e-03 1.541605e+00 -1.411337e-03 9.999706e-01 7.531323e-03 1.432070e-02 1.898023e-03 -7.528638e-03 9.999699e-01 -5.029961e+00
9.999986e-01 -7.747513e-05 -1.657658e-03 1.799213e+00 6.060190e-05 9.999482e-01 -1.017657e-02 8.232453e-03 1.658360e-03 1.017645e-02 9.999468e-01 -5.447442e+00
9.999960e-01 2.446648e-03 -1.440354e-03 2.218910e+00 -2.440494e-03 9.999880e-01 4.258305e-03 8.782803e-03 1.450756e-03 -4.254771e-03 9.999899e-01 -6.544912e+00
9.999998e-01 -2.226214e-04 -6.297058e-04 2.571314e+00 2.143557e-04 9.999142e-01 -1.309603e-02 2.408003e-02 6.325669e-04 1.309589e-02 9.999140e-01 -8.216014e+00
9.999944e-01 4.839906e-04 -3.312388e-03 2.750482e+00 -4.749125e-04 9.999961e-01 2.740872e-03 5.259604e-02 3.313702e-03 -2.739283e-03 9.999908e-01 -1.016891e+01
9.999964e-01 1.353809e-03 2.331974e-03 3.073553e+00 -1.323524e-03 9.999154e-01 -1.293985e-02 7.208334e-02 -2.349295e-03 1.293672e-02 9.999136e-01 -1.199168e+01
9.999691e-01 -7.011234e-04 -7.835379e-03 3.238159e+00 7.550932e-04 9.999760e-01 6.887118e-03 8.772019e-02 7.830363e-03 -6.892821e-03 9.999456e-01 -1.327395e+01
9.999892e-01 1.519696e-03 4.396081e-03 3.445171e+00 -1.469128e-03 9.999330e-01 -1.148334e-02 9.179185e-02 -4.413238e-03 1.147676e-02 9.999244e-01 -1.411990e+01
9.999796e-01 9.357162e-05 -6.387343e-03 3.762926e+00 -4.272226e-05 9.999683e-01 7.960620e-03 8.307664e-02 6.387886e-03 -7.960184e-03 9.999479e-01 -1.461407e+01
9.999866e-01 2.215526e-03 4.676280e-03 4.041965e+00 -2.173919e-03 9.999582e-01 -8.883985e-03 7.014965e-02 -4.695768e-03 8.873699e-03 9.999496e-01 -1.474961e+01
9.999729e-01 -1.085849e-03 -7.287995e-03 4.273674e+00 1.110361e-03 9.999937e-01 3.360179e-03 7.740505e-02 7.284301e-03 -3.368179e-03 9.999678e-01 -1.574818e+01
9.999839e-01 3.166609e-03 4.714685e-03 4.546788e+00 -3.113851e-03 9.999329e-01 -1.115570e-02 9.557961e-02 -4.749695e-03 1.114084e-02 9.999267e-01 -1.731337e+01
9.999690e-01 -2.087834e-03 -7.590851e-03 4.724196e+00 2.109777e-03 9.999936e-01 2.883806e-03 1.181278e-01 7.584782e-03 -2.899731e-03 9.999670e-01 -1.892096e+01
9.999890e-01 2.452245e-03 3.999968e-03 4.848994e+00 -2.429828e-03 9.999814e-01 -5.599679e-03 1.153526e-01 -4.013625e-03 5.589897e-03 9.999763e-01 -1.926737e+01
9.999909e-01 -1.035196e-03 -4.138580e-03 4.984439e+00 1.060732e-03 9.999804e-01 6.172755e-03 9.824608e-02 4.132109e-03 -6.177088e-03 9.999724e-01 -1.880364e+01
9.999904e-01 2.275609e-03 3.742120e-03 5.110665e+00 -2.251945e-03 9.999775e-01 -6.315720e-03 8.273249e-02 -3.756409e-03 6.307232e-03 9.999731e-01 -1.840348e+01
9.999817e-01 -1.345867e-03 -5.899258e-03 5.243462e+00 1.377297e-03 9.999849e-01 5.326941e-03 7.134751e-02 5.892000e-03 -5.334967e-03 9.999684e-01 -1.836746e+01
9.999867e-01 2.666199e-03 4.411343e-03 5.383201e+00 -2.640596e-03 9.999797e-01 -5.799551e-03 5.794671e-02 -4.426717e-03 5.787825e-03 9.999735e-01 -1.819305e+01
9.999776e-01 -1.671528e-03 -6.487301e-03 5.597595e+00 1.667665e-03 9.999984e-01 -6.007957e-04 6.645883e-02 6.488296e-03 5.899643e-04 9.999788e-01 -1.934058e+01
9.999928e-01 2.387096e-03 2.949613e-03 5.782333e+00 -2.364683e-03 9.999685e-01 -7.578961e-03 8.580744e-02 -2.967612e-03 7.571931e-03 9.999669e-01 -2.088057e+01
9.999719e-01 -1.965785e-03 -7.229281e-03 5.893189e+00 1.967870e-03 9.999980e-01 2.811919e-04 1.045855e-01 7.228715e-03 -2.954096e-04 9.999738e-01 -2.225877e+01
9.999801e-01 2.811131e-03 5.649576e-03 6.164823e+00 -2.748908e-03 9.999358e-01 -1.099135e-02 1.282795e-01 -5.680111e-03 1.097560e-02 9.999236e-01 -2.414890e+01
9.999401e-01 -1.729251e-03 -1.080944e-02 6.362524e+00 1.768197e-03 9.999920e-01 3.594373e-03 1.486779e-01 1.080313e-02 -3.613270e-03 9.999351e-01 -2.571506e+01
9.999759e-01 2.118012e-03 6.609291e-03 6.501688e+00 -2.069267e-03 9.999707e-01 -7.373437e-03 1.538603e-01 -6.624715e-03 7.359582e-03 9.999510e-01 -2.644591e+01
9.999502e-01 -1.440207e-03 -9.880421e-03 6.713173e+00 1.468746e-03 9.999948e-01 2.881762e-03 1.595886e-01 9.876219e-03 -2.896129e-03 9.999470e-01 -2.728767e+01
9.999772e-01 2.125318e-03 6.405420e-03 6.800030e+00 -2.100973e-03 9.999906e-01 -3.804994e-03 1.540738e-01 -6.413446e-03 3.791449e-03 9.999722e-01 -2.734261e+01
9.999567e-01 -1.582943e-03 -9.165231e-03 6.903838e+00 1.590612e-03 9.999984e-01 8.295770e-04 1.530219e-01 9.163904e-03 -8.441188e-04 9.999577e-01 -2.770271e+01
9.999856e-01 1.797386e-03 5.059757e-03 6.976098e+00 -1.782470e-03 9.999941e-01 -2.951064e-03 1.521948e-01 -5.065031e-03 2.942002e-03 9.999828e-01 -2.801100e+01
9.999573e-01 -1.057312e-03 -9.184025e-03 7.126520e+00 1.071832e-03 9.999982e-01 1.576134e-03 1.471830e-01 9.182342e-03 -1.585910e-03 9.999566e-01 -2.817102e+01
9.999851e-01 1.750138e-03 5.179159e-03 7.241845e+00 -1.727538e-03 9.999890e-01 -4.364966e-03 1.472919e-01 -5.186742e-03 4.355953e-03 9.999771e-01 -2.862783e+01
9.999559e-01 -1.277091e-03 -9.307081e-03 7.410676e+00 1.263812e-03 9.999982e-01 -1.432514e-03 1.594939e-01 9.308894e-03 1.420689e-03 9.999557e-01 -2.974174e+01
9.999807e-01 2.757022e-03 5.565034e-03 7.601671e+00 -2.724711e-03 9.999794e-01 -5.805223e-03 1.748738e-01 -5.580926e-03 5.789947e-03 9.999677e-01 -3.108871e+01
9.999422e-01 -2.457116e-03 -1.046970e-02 7.697930e+00 2.484215e-03 9.999936e-01 2.576091e-03 1.791413e-01 1.046330e-02 -2.601950e-03 9.999419e-01 -3.168409e+01
9.999712e-01 3.401144e-03 6.785880e-03 7.793700e+00 -3.379201e-03 9.999890e-01 -3.242549e-03 1.711091e-01 -6.796835e-03 3.219524e-03 9.999717e-01 -3.162933e+01
9.999435e-01 -2.365657e-03 -1.036422e-02 7.865322e+00 2.399858e-03 9.999917e-01 3.288667e-03 1.610846e-01 1.035635e-02 -3.313354e-03 9.999409e-01 -3.139030e+01
9.999799e-01 3.177699e-03 5.478540e-03 8.001091e+00 -3.143203e-03 9.999753e-01 -6.293749e-03 1.628693e-01 -5.498405e-03 6.276402e-03 9.999652e-01 -3.190964e+01
9.999529e-01 -1.839224e-03 -9.525843e-03 8.173784e+00 1.849539e-03 9.999977e-01 1.074130e-03 1.739002e-01 9.523846e-03 -1.091697e-03 9.999541e-01 -3.292231e+01
9.999820e-01 2.439245e-03 5.472819e-03 8.254684e+00 -2.430419e-03 9.999957e-01 -1.618788e-03 1.675505e-01 -5.476745e-03 1.605457e-03 9.999837e-01 -3.289734e+01
9.999617e-01 -1.741966e-03 -8.580163e-03 8.314476e+00 1.746893e-03 9.999983e-01 5.667471e-04 1.629813e-01 8.579162e-03 -5.817133e-04 9.999630e-01 -3.291860e+01
9.999804e-01 2.552103e-03 5.719307e-03 8.495488e+00 -2.509875e-03 9.999696e-01 -7.378517e-03 1.775779e-01 -5.737964e-03 7.364017e-03 9.999564e-01 -3.415498e+01
9.999573e-01 -2.095094e-03 -8.999291e-03 8.559172e+00 2.088131e-03 9.999975e-01 -7.830753e-04 2.038417e-01 9.000909e-03 7.642508e-04 9.999592e-01 -3.572287e+01
9.999838e-01 2.018653e-03 5.324793e-03 8.504388e+00 -2.015215e-03 9.999978e-01 -6.508656e-04 2.054918e-01 -5.326095e-03 6.401237e-04 9.999856e-01 -3.576168e+01
9.999927e-01 -5.270714e-04 -3.771425e-03 8.528975e+00 5.369037e-04 9.999965e-01 2.606472e-03 1.885591e-01 3.770038e-03 -2.608477e-03 9.999895e-01 -3.486921e+01
9.999945e-01 1.785350e-03 2.790796e-03 8.569954e+00 -1.782362e-03 9.999978e-01 -1.072777e-03 1.747932e-01 -2.792705e-03 1.067796e-03 9.999955e-01 -3.423155e+01
9.999980e-01 -4.529713e-04 -1.928492e-03 8.616974e+00 4.580269e-04 9.999965e-01 2.621878e-03 1.573837e-01 1.927298e-03 -2.622755e-03 9.999947e-01 -3.344112e+01
9.999763e-01 2.069703e-03 6.570787e-03 8.624502e+00 -2.069134e-03 9.999979e-01 -9.335037e-05 1.364339e-01 -6.570967e-03 7.975161e-05 9.999784e-01 -3.225393e+01
9.999650e-01 -8.496583e-04 -8.317492e-03 8.689110e+00 8.632604e-04 9.999983e-01 1.631896e-03 1.225385e-01 8.316092e-03 -1.639018e-03 9.999641e-01 -3.168068e+01
9.999874e-01 1.491669e-03 4.786168e-03 8.797437e+00 -1.472812e-03 9.999911e-01 -3.941000e-03 1.218585e-01 -4.792005e-03 3.933900e-03 9.999808e-01 -3.206534e+01
9.999644e-01 -1.020757e-03 -8.370230e-03 8.886942e+00 1.037605e-03 9.999974e-01 2.008709e-03 1.197809e-01 8.368159e-03 -2.017322e-03 9.999630e-01 -3.234957e+01
9.999876e-01 1.506526e-03 4.736912e-03 8.938963e+00 -1.494087e-03 9.999954e-01 -2.628429e-03 1.144088e-01 -4.740850e-03 2.621318e-03 9.999853e-01 -3.228978e+01
9.999663e-01 -6.380874e-04 -8.188972e-03 9.104529e+00 6.497230e-04 9.999988e-01 1.418285e-03 1.103777e-01 8.188058e-03 -1.423557e-03 9.999655e-01 -3.240035e+01
9.999802e-01 1.258074e-03 6.158789e-03 9.191330e+00 -1.197995e-03 9.999518e-01 -9.749027e-03 1.333263e-01 -6.170757e-03 9.741455e-03 9.999335e-01 -3.383008e+01
9.999589e-01 2.327916e-04 -9.068739e-03 9.443942e+00 -2.100453e-04 9.999968e-01 2.509061e-03 1.545233e-01 9.069295e-03 -2.507053e-03 9.999557e-01 -3.531534e+01
9.999849e-01 1.302473e-03 5.337624e-03 9.632599e+00 -1.251484e-03 9.999537e-01 -9.544881e-03 1.714693e-01 -5.349809e-03 9.538057e-03 9.999402e-01 -3.668702e+01
9.999876e-01 8.940216e-06 -4.972570e-03 9.692860e+00 4.503616e-05 9.999411e-01 1.085458e-02 1.576416e-01 4.972375e-03 -1.085467e-02 9.999287e-01 -3.602648e+01
9.999109e-01 2.153037e-03 1.317700e-02 9.784767e+00 -2.055445e-03 9.999704e-01 -7.415328e-03 1.259037e-01 -1.319258e-02 7.387582e-03 9.998857e-01 -3.453767e+01
9.998804e-01 -6.700586e-04 -1.545220e-02 9.966269e+00 7.595199e-04 9.999830e-01 5.784406e-03 1.184940e-01 1.544806e-02 -5.795450e-03 9.998639e-01 -3.476635e+01
9.999088e-01 1.787744e-03 1.338323e-02 1.007513e+01 -1.704011e-03 9.999789e-01 -6.265307e-03 1.095551e-01 -1.339415e-02 6.241930e-03 9.998908e-01 -3.471500e+01
9.998869e-01 -1.097248e-05 -1.504049e-02 1.016863e+01 1.348021e-04 9.999661e-01 8.232088e-03 9.275550e-02 1.503989e-02 -8.233184e-03 9.998530e-01 -3.403910e+01
9.999511e-01 5.855036e-04 9.868766e-03 1.023679e+01 -4.684148e-04 9.999295e-01 -1.186273e-02 1.012965e-01 -9.875017e-03 1.185753e-02 9.998809e-01 -3.472101e+01
9.998992e-01 7.789365e-05 -1.419913e-02 1.038209e+01 2.640471e-05 9.999730e-01 7.345063e-03 1.104095e-01 1.419932e-02 -7.344697e-03 9.998722e-01 -3.558249e+01
9.999546e-01 6.841453e-04 9.508125e-03 1.049721e+01 -5.783162e-04 9.999379e-01 -1.112869e-02 1.168551e-01 -9.515149e-03 1.112269e-02 9.998929e-01 -3.628350e+01
9.998939e-01 -4.708355e-04 -1.455944e-02 1.051321e+01 5.946539e-04 9.999637e-01 8.501167e-03 1.207412e-01 1.455491e-02 -8.508922e-03 9.998579e-01 -3.669501e+01
9.999419e-01 3.819172e-04 1.077018e-02 1.051756e+01 -2.548474e-04 9.999304e-01 -1.179721e-02 1.260007e-01 -1.077394e-02 1.179378e-02 9.998724e-01 -3.716085e+01
9.998827e-01 6.686901e-05 -1.531346e-02 1.060790e+01 6.204696e-05 9.999646e-01 8.417835e-03 1.318305e-01 1.531348e-02 -8.417798e-03 9.998473e-01 -3.781964e+01
9.999377e-01 3.540039e-04 1.115895e-02 1.062000e+01 -2.323874e-04 9.999406e-01 -1.089799e-02 1.361090e-01 -1.116214e-02 1.089471e-02 9.998783e-01 -3.824870e+01
9.998799e-01 1.510575e-04 -1.550013e-02 1.067969e+01 -4.452091e-05 9.999764e-01 6.873377e-03 1.432744e-01 1.550081e-02 -6.871860e-03 9.998562e-01 -3.894463e+01
9.999434e-01 -2.257433e-04 1.063296e-02 1.069653e+01 3.207649e-04 9.999600e-01 -8.935671e-03 1.451325e-01 -1.063052e-02 8.938576e-03 9.999035e-01 -3.923120e+01
9.999035e-01 1.457644e-03 -1.381577e-02 1.086969e+01 -1.345161e-03 9.999659e-01 8.147386e-03 1.346911e-01 1.382718e-02 -8.128014e-03 9.998714e-01 -3.916327e+01
9.999328e-01 1.299632e-04 1.159315e-02 1.103173e+01 -3.332782e-05 9.999653e-01 -8.335379e-03 1.207068e-01 -1.159383e-02 8.334431e-03 9.998981e-01 -3.897891e+01
9.999014e-01 1.280718e-03 -1.398546e-02 1.113882e+01 -1.153535e-03 9.999579e-01 9.098210e-03 1.067944e-01 1.399653e-02 -9.081180e-03 9.998608e-01 -3.860236e+01
9.999265e-01 5.359144e-05 1.212178e-02 1.120330e+01 4.586873e-05 9.999663e-01 -8.204665e-03 9.252412e-02 -1.212181e-02 8.204618e-03 9.998929e-01 -3.806880e+01
9.998945e-01 1.183576e-03 -1.447891e-02 1.124991e+01 -1.046246e-03 9.999544e-01 9.488708e-03 8.046853e-02 1.448948e-02 -9.472557e-03 9.998502e-01 -3.757599e+01
9.999379e-01 -7.262912e-04 1.112150e-02 1.134874e+01 8.972137e-04 9.998815e-01 -1.537140e-02 9.305728e-02 -1.110902e-02 1.538042e-02 9.998200e-01 -3.857519e+01
9.998729e-01 1.200396e-03 -1.589515e-02 1.137428e+01 -1.073015e-03 9.999673e-01 8.019899e-03 1.187743e-01 1.590426e-02 -8.001824e-03 9.998415e-01 -4.002338e+01
9.999310e-01 -1.325357e-03 1.166981e-02 1.129893e+01 1.462538e-03 9.999298e-01 -1.175454e-02 1.299982e-01 -1.165342e-02 1.177080e-02 9.998628e-01 -4.057657e+01
9.998882e-01 2.184509e-03 -1.479067e-02 1.132981e+01 -1.999618e-03 9.999198e-01 1.250379e-02 1.207579e-01 1.481680e-02 -1.247282e-02 9.998124e-01 -4.020313e+01
9.999274e-01 -1.427712e-03 1.196490e-02 1.143026e+01 1.600496e-03 9.998944e-01 -1.444380e-02 1.176245e-01 -1.194301e-02 1.446190e-02 9.998241e-01 -4.033839e+01
9.998679e-01 1.885140e-03 -1.614659e-02 1.162244e+01 -1.706715e-03 9.999374e-01 1.105701e-02 1.163539e-01 1.616643e-02 -1.102799e-02 9.998085e-01 -4.091538e+01
9.998679e-01 1.156399e-04 1.625177e-02 1.182810e+01 5.118815e-05 9.999473e-01 -1.026444e-02 9.386454e-02 -1.625210e-02 1.026392e-02 9.998152e-01 -4.034534e+01
9.999326e-01 1.927361e-03 -1.144564e-02 1.197026e+01 -1.790804e-03 9.999272e-01 1.192923e-02 6.522770e-02 1.146780e-02 -1.190793e-02 9.998633e-01 -3.922223e+01
9.997620e-01 3.959001e-04 2.181367e-02 1.206376e+01 -2.015080e-04 9.999603e-01 -8.912963e-03 3.099430e-02 -2.181633e-02 8.906445e-03 9.997223e-01 -3.758107e+01
9.999362e-01 1.937042e-03 -1.112438e-02 1.218446e+01 -1.804566e-03 9.999275e-01 1.190637e-02 -4.064421e-03 1.114664e-02 -1.188554e-02 9.998672e-01 -3.598983e+01
9.998178e-01 3.755616e-04 1.908620e-02 1.242121e+01 -1.808946e-04 9.999480e-01 -1.020007e-02 -3.768720e-02 -1.908904e-02 1.019476e-02 9.997658e-01 -3.478352e+01
9.999135e-01 1.897462e-03 -1.301646e-02 1.275671e+01 -1.754599e-03 9.999382e-01 1.097820e-02 -6.882097e-02 1.303649e-02 -1.095441e-02 9.998550e-01 -3.386304e+01
9.998982e-01 9.927598e-04 1.423579e-02 1.320475e+01 -8.203777e-04 9.999263e-01 -1.210981e-02 -8.976534e-02 -1.424676e-02 1.209690e-02 9.998253e-01 -3.372669e+01
9.998246e-01 1.616019e-03 -1.865946e-02 1.365251e+01 -1.466651e-03 9.999668e-01 8.015840e-03 -8.914865e-02 1.867179e-02 -7.987067e-03 9.997938e-01 -3.462173e+01
9.998906e-01 2.892756e-04 1.479202e-02 1.397264e+01 -1.403590e-04 9.999493e-01 -1.006741e-02 -9.627417e-02 -1.479419e-02 1.006423e-02 9.998399e-01 -3.497391e+01
9.998436e-01 1.327870e-03 -1.763825e-02 1.412527e+01 -1.139890e-03 9.999425e-01 1.066329e-02 -1.110637e-01 1.765140e-02 -1.064151e-02 9.997876e-01 -3.465883e+01
9.999014e-01 -7.536933e-05 1.404351e-02 1.429647e+01 2.506577e-04 9.999221e-01 -1.248048e-02 -1.153148e-01 -1.404147e-02 1.248277e-02 9.998235e-01 -3.488452e+01
9.998269e-01 1.183329e-03 -1.856991e-02 1.447942e+01 -1.014906e-03 9.999583e-01 9.076490e-03 -1.111611e-01 1.857987e-02 -9.056071e-03 9.997864e-01 -3.557023e+01
9.998561e-01 4.243165e-04 1.696120e-02 1.461493e+01 -2.764337e-04 9.999619e-01 -8.720288e-03 -1.263321e-01 -1.696426e-02 8.714343e-03 9.998181e-01 -3.522954e+01
9.997970e-01 8.036090e-04 -2.013031e-02 1.478916e+01 -6.621088e-04 9.999750e-01 7.034887e-03 -1.320334e-01 2.013546e-02 -7.020130e-03 9.997726e-01 -3.543812e+01
9.998464e-01 9.265037e-04 1.750266e-02 1.500456e+01 -7.909315e-04 9.999696e-01 -7.751149e-03 -1.439081e-01 -1.750931e-02 7.736114e-03 9.998168e-01 -3.545168e+01
9.998003e-01 6.585064e-04 -1.997189e-02 1.516819e+01 -5.057986e-04 9.999706e-01 7.650220e-03 -1.562181e-01 1.997634e-02 -7.638590e-03 9.997713e-01 -3.532558e+01
9.998576e-01 9.208114e-04 1.684777e-02 1.538662e+01 -7.786995e-04 9.999641e-01 -8.439680e-03 -1.682336e-01 -1.685493e-02 8.425358e-03 9.998224e-01 -3.532801e+01
9.997852e-01 6.928612e-04 -2.071572e-02 1.562453e+01 -5.553754e-04 9.999778e-01 6.641794e-03 -1.729492e-01 2.071986e-02 -6.628861e-03 9.997633e-01 -3.567878e+01
9.998599e-01 7.372660e-04 1.672105e-02 1.580576e+01 -5.535546e-04 9.999395e-01 -1.098880e-02 -1.648242e-01 -1.672814e-02 1.097801e-02 9.997998e-01 -3.651391e+01
9.997722e-01 6.585613e-05 -2.134365e-02 1.589518e+01 1.402697e-04 9.999534e-01 9.655830e-03 -1.656770e-01 2.134329e-02 -9.656623e-03 9.997256e-01 -3.674424e+01
9.998517e-01 7.654370e-04 1.720320e-02 1.600924e+01 -5.554906e-04 9.999254e-01 -1.220539e-02 -1.653039e-01 -1.721126e-02 1.219403e-02 9.997775e-01 -3.714318e+01
9.997863e-01 6.937488e-04 -2.066252e-02 1.624857e+01 -5.439487e-04 9.999735e-01 7.254580e-03 -1.558167e-01 2.066700e-02 -7.241789e-03 9.997602e-01 -3.811078e+01
9.998479e-01 6.631494e-04 1.742876e-02 1.641985e+01 -4.436677e-04 9.999206e-01 -1.259393e-02 -1.428691e-01 -1.743573e-02 1.258428e-02 9.997688e-01 -3.914766e+01
9.997868e-01 3.111096e-04 -2.064725e-02 1.656315e+01 -1.687213e-04 9.999762e-01 6.897613e-03 -1.288196e-01 2.064890e-02 -6.892658e-03 9.997630e-01 -4.020021e+01
9.998573e-01 6.409948e-04 1.687999e-02 1.670731e+01 -4.373720e-04 9.999271e-01 -1.206391e-02 -1.165259e-01 -1.688649e-02 1.205481e-02 9.997847e-01 -4.119120e+01
9.997848e-01 1.305385e-04 -2.074388e-02 1.683918e+01 1.103939e-05 9.999767e-01 6.824774e-03 -1.035601e-01 2.074429e-02 -6.823534e-03 9.997615e-01 -4.218939e+01
9.998493e-01 1.005258e-03 1.732980e-02 1.702037e+01 -7.839726e-04 9.999181e-01 -1.277115e-02 -8.894212e-02 -1.734122e-02 1.275564e-02 9.997683e-01 -4.332622e+01
9.998101e-01 1.003243e-04 -1.948733e-02 1.716353e+01 1.069759e-05 9.999838e-01 5.696938e-03 -6.905255e-02 1.948759e-02 -5.696064e-03 9.997939e-01 -4.463869e+01
9.998533e-01 8.554629e-04 1.710942e-02 1.724188e+01 -6.402638e-04 9.999207e-01 -1.257935e-02 -4.744753e-02 -1.711883e-02 1.256655e-02 9.997745e-01 -4.588488e+01
9.998088e-01 -3.890135e-04 -1.954964e-02 1.726505e+01 4.975799e-04 9.999845e-01 5.548803e-03 -2.383059e-02 1.954718e-02 -5.557469e-03 9.997935e-01 -4.713159e+01
9.998639e-01 9.794780e-04 1.646829e-02 1.732167e+01 -7.834350e-04 9.999288e-01 -1.190651e-02 -5.643240e-03 -1.647878e-02 1.189199e-02 9.997935e-01 -4.823629e+01
9.997871e-01 -3.043245e-04 -2.063222e-02 1.743327e+01 4.531915e-04 9.999739e-01 7.210970e-03 5.471554e-03 2.062949e-02 -7.218784e-03 9.997611e-01 -4.910164e+01
9.998387e-01 1.254671e-03 1.791835e-02 1.750482e+01 -1.008547e-03 9.999051e-01 -1.373830e-02 2.460032e-02 -1.793389e-02 1.371801e-02 9.997451e-01 -5.025993e+01
9.998126e-01 -7.969143e-04 -1.933989e-02 1.751943e+01 8.875611e-04 9.999887e-01 4.678898e-03 5.262542e-02 1.933594e-02 -4.695186e-03 9.998020e-01 -5.174053e+01
9.998425e-01 1.877439e-03 1.764534e-02 1.762981e+01 -1.642519e-03 9.999100e-01 -1.331851e-02 7.900998e-02 -1.766875e-02 1.328743e-02 9.997556e-01 -5.327393e+01
9.998074e-01 -1.126618e-03 -1.959489e-02 1.773038e+01 1.224913e-03 9.999867e-01 5.005090e-03 1.038637e-01 1.958899e-02 -5.028127e-03 9.997955e-01 -5.472902e+01
9.998424e-01 2.187174e-03 1.761695e-02 1.788215e+01 -1.959143e-03 9.999142e-01 -1.295071e-02 1.267387e-01 -1.764377e-02 1.291415e-02 9.997609e-01 -5.616070e+01
9.997685e-01 -9.062128e-04 -2.149552e-02 1.809671e+01 1.061292e-03 9.999735e-01 7.204167e-03 1.375270e-01 2.148842e-02 -7.225312e-03 9.997430e-01 -5.723918e+01
9.998527e-01 2.319357e-03 1.700436e-02 1.826605e+01 -2.102654e-03 9.999165e-01 -1.275083e-02 1.490598e-01 -1.703251e-02 1.271320e-02 9.997741e-01 -5.826071e+01
9.997918e-01 -1.594991e-03 -2.034408e-02 1.837591e+01 1.713064e-03 9.999818e-01 5.787645e-03 1.684888e-01 2.033448e-02 -5.821290e-03 9.997763e-01 -5.952538e+01
9.998446e-01 2.671106e-03 1.742465e-02 1.854136e+01 -2.450470e-03 9.999167e-01 -1.267139e-02 1.853157e-01 -1.745705e-02 1.262672e-02 9.997679e-01 -6.078340e+01
9.998028e-01 -1.745563e-03 -1.978236e-02 1.870847e+01 1.842496e-03 9.999864e-01 4.882755e-03 2.048872e-01 1.977357e-02 -4.918240e-03 9.997924e-01 -6.218200e+01
9.998456e-01 2.704547e-03 1.736037e-02 1.883422e+01 -2.471524e-03 9.999068e-01 -1.343016e-02 2.283861e-01 -1.739507e-02 1.338518e-02 9.997591e-01 -6.372315e+01
9.997902e-01 -2.033037e-03 -2.038259e-02 1.893875e+01 2.152038e-03 9.999808e-01 5.818161e-03 2.489600e-01 2.037037e-02 -5.860804e-03 9.997753e-01 -6.509260e+01
9.998433e-01 2.789754e-03 1.748040e-02 1.899969e+01 -2.557640e-03 9.999085e-01 -1.328689e-02 2.716132e-01 -1.751587e-02 1.324009e-02 9.997589e-01 -6.642918e+01
9.997369e-01 -2.961581e-03 -2.274581e-02 1.891244e+01 3.185466e-03 9.999468e-01 9.812972e-03 2.817291e-01 2.271553e-02 -9.882846e-03 9.996931e-01 -6.693102e+01
9.997537e-01 3.775212e-03 2.187089e-02 1.890876e+01 -3.356649e-03 9.998111e-01 -1.914310e-02 3.107705e-01 -2.193903e-02 1.906498e-02 9.995775e-01 -6.844876e+01
9.997273e-01 -3.099913e-03 -2.314386e-02 1.893397e+01 3.323196e-03 9.999482e-01 9.615375e-03 3.412052e-01 2.311286e-02 -9.689664e-03 9.996859e-01 -7.005840e+01
9.997392e-01 4.128729e-03 2.245996e-02 1.897214e+01 -3.685787e-03 9.997986e-01 -1.972721e-02 3.726974e-01 -2.253688e-02 1.963928e-02 9.995531e-01 -7.175847e+01
9.997364e-01 -3.338142e-03 -2.271367e-02 1.900659e+01 3.553046e-03 9.999492e-01 9.427655e-03 4.051451e-01 2.268104e-02 -9.505872e-03 9.996976e-01 -7.346849e+01
9.997619e-01 4.320137e-03 2.138866e-02 1.903693e+01 -3.916309e-03 9.998140e-01 -1.888650e-02 4.357518e-01 -2.146627e-02 1.879824e-02 9.995928e-01 -7.508198e+01
9.997210e-01 -3.556161e-03 -2.335137e-02 1.906430e+01 3.810294e-03 9.999339e-01 1.084754e-02 4.607203e-01 2.331125e-02 -1.093349e-02 9.996685e-01 -7.642482e+01
9.997871e-01 4.446755e-03 2.014830e-02 1.910140e+01 -4.087896e-03 9.998329e-01 -1.781723e-02 4.823927e-01 -2.022416e-02 1.773108e-02 9.996382e-01 -7.764547e+01
9.998230e-01 -3.776491e-03 -1.843022e-02 1.910614e+01 3.886707e-03 9.999748e-01 5.948033e-03 5.195814e-01 1.840730e-02 -6.018613e-03 9.998125e-01 -7.953604e+01
9.997794e-01 2.295198e-03 2.087747e-02 1.867361e+01 -1.835399e-03 9.997559e-01 -2.201624e-02 5.856128e-01 -2.092291e-02 2.197306e-02 9.995396e-01 -8.190278e+01
9.997687e-01 -1.054978e-03 -2.148311e-02 1.882064e+01 1.296240e-03 9.999362e-01 1.121949e-02 6.198173e-01 2.146990e-02 -1.124474e-02 9.997063e-01 -8.383001e+01
9.997610e-01 1.766749e-03 2.179138e-02 1.877312e+01 -1.236238e-03 9.997031e-01 -2.433447e-02 6.646585e-01 -2.182791e-02 2.430171e-02 9.994663e-01 -8.601511e+01
9.998554e-01 -2.331808e-03 -1.684443e-02 1.841675e+01 2.424488e-03 9.999820e-01 5.483792e-03 7.395774e-01 1.683134e-02 -5.523838e-03 9.998431e-01 -8.893846e+01
9.998257e-01 9.080273e-04 1.864544e-02 1.809281e+01 -4.840694e-04 9.997415e-01 -2.272983e-02 8.085136e-01 -1.866126e-02 2.271684e-02 9.995678e-01 -9.164168e+01
9.998362e-01 -6.578744e-04 -1.808860e-02 1.800234e+01 8.574053e-04 9.999389e-01 1.102520e-02 8.511905e-01 1.808024e-02 -1.103890e-02 9.997756e-01 -9.358220e+01
9.998456e-01 1.322137e-03 1.752011e-02 1.801344e+01 -9.370014e-04 9.997581e-01 -2.197250e-02 8.874757e-01 -1.754492e-02 2.195269e-02 9.996050e-01 -9.546106e+01
9.998086e-01 -5.407602e-04 -1.955935e-02 1.807071e+01 8.073444e-04 9.999069e-01 1.362416e-02 9.145849e-01 1.955016e-02 -1.363734e-02 9.997159e-01 -9.693923e+01
9.998418e-01 1.973879e-03 1.767613e-02 1.821441e+01 -1.601679e-03 9.997772e-01 -2.104613e-02 9.346221e-01 -1.771374e-02 2.101449e-02 9.996222e-01 -9.821975e+01
9.998049e-01 -6.188748e-04 -1.974252e-02 1.837344e+01 8.819230e-04 9.999109e-01 1.331801e-02 9.562723e-01 1.973252e-02 -1.333282e-02 9.997164e-01 -9.960831e+01
9.998689e-01 1.960025e-03 1.607314e-02 1.852135e+01 -1.649214e-03 9.998118e-01 -1.932778e-02 9.721241e-01 -1.610800e-02 1.929874e-02 9.996840e-01 -1.007148e+02
9.997905e-01 -5.723694e-04 -2.046096e-02 1.870079e+01 8.734420e-04 9.998914e-01 1.470857e-02 9.813385e-01 2.045032e-02 -1.472336e-02 9.996825e-01 -1.015932e+02
9.998386e-01 2.258191e-03 1.782581e-02 1.887755e+01 -1.866712e-03 9.997574e-01 -2.194754e-02 1.000425e+00 -1.787105e-02 2.191072e-02 9.996002e-01 -1.029098e+02
9.998068e-01 -9.977683e-04 -1.963133e-02 1.902794e+01 1.269209e-03 9.999037e-01 1.381932e-02 1.024006e+00 1.961565e-02 -1.384156e-02 9.997118e-01 -1.043656e+02
9.998514e-01 2.451499e-03 1.706587e-02 1.924294e+01 -2.093076e-03 9.997775e-01 -2.098861e-02 1.043445e+00 -1.711353e-02 2.094977e-02 9.996341e-01 -1.056963e+02
9.997841e-01 -9.393737e-04 -2.075869e-02 1.943215e+01 1.258767e-03 9.998810e-01 1.537827e-02 1.057671e+00 2.074177e-02 -1.540108e-02 9.996662e-01 -1.067810e+02
9.998466e-01 2.511126e-03 1.733443e-02 1.963318e+01 -2.137702e-03 9.997660e-01 -2.152733e-02 1.072281e+00 -1.738443e-02 2.148698e-02 9.996180e-01 -1.079177e+02
9.997618e-01 3.569832e-05 -2.182368e-02 2.002504e+01 3.303772e-04 9.998593e-01 1.677039e-02 1.076415e+00 2.182121e-02 -1.677360e-02 9.996212e-01 -1.089149e+02
9.997965e-01 2.352050e-03 2.003776e-02 2.028109e+01 -1.850831e-03 9.996858e-01 -2.499567e-02 1.094495e+00 -2.009025e-02 2.495350e-02 9.994867e-01 -1.104071e+02
9.997709e-01 -1.387845e-03 -2.136075e-02 2.034318e+01 1.717005e-03 9.998800e-01 1.539895e-02 1.125535e+00 2.133682e-02 -1.543210e-02 9.996532e-01 -1.121045e+02
9.997726e-01 2.880723e-03 2.112985e-02 2.049085e+01 -2.331669e-03 9.996602e-01 -2.596353e-02 1.155565e+00 -2.119747e-02 2.590835e-02 9.994396e-01 -1.139030e+02
9.997552e-01 -2.300966e-03 -2.200506e-02 2.049473e+01 2.635342e-03 9.998813e-01 1.517847e-02 1.191938e+00 2.196753e-02 -1.523274e-02 9.996426e-01 -1.157530e+02
9.997557e-01 3.187847e-03 2.187032e-02 2.050246e+01 -2.625365e-03 9.996663e-01 -2.569966e-02 1.227190e+00 -2.194495e-02 2.563597e-02 9.994304e-01 -1.175372e+02
9.997604e-01 -2.761846e-03 -2.171232e-02 2.043437e+01 3.057183e-03 9.999031e-01 1.358084e-02 1.268230e+00 2.167271e-02 -1.364396e-02 9.996720e-01 -1.195144e+02
9.998035e-01 3.414539e-03 1.952509e-02 2.041701e+01 -2.958149e-03 9.997228e-01 -2.335585e-02 1.301648e+00 -1.959943e-02 2.329350e-02 9.995365e-01 -1.212321e+02
9.997464e-01 -2.880049e-03 -2.233276e-02 2.046345e+01 3.236942e-03 9.998674e-01 1.596104e-02 1.323843e+00 2.228383e-02 -1.602928e-02 9.996232e-01 -1.225001e+02
9.997872e-01 4.209922e-03 2.019359e-02 2.058303e+01 -3.729351e-03 9.997103e-01 -2.377714e-02 1.346486e+00 -2.028784e-02 2.369678e-02 9.995133e-01 -1.238828e+02
9.997394e-01 -3.164504e-03 -2.260703e-02 2.064469e+01 3.526968e-03 9.998656e-01 1.601141e-02 1.370381e+00 2.255332e-02 -1.608697e-02 9.996162e-01 -1.252309e+02
9.997940e-01 4.246380e-03 1.984656e-02 2.066836e+01 -3.785162e-03 9.997232e-01 -2.321924e-02 1.392865e+00 -1.993967e-02 2.313933e-02 9.995334e-01 -1.264555e+02
9.997919e-01 -3.487403e-03 -2.009807e-02 2.065572e+01 3.748655e-03 9.999088e-01 1.297586e-02 1.425452e+00 2.005099e-02 -1.304850e-02 9.997138e-01 -1.281051e+02
9.997937e-01 4.281414e-03 1.985459e-02 2.063833e+01 -3.817600e-03 9.997203e-01 -2.333989e-02 1.459590e+00 -1.994897e-02 2.325928e-02 9.995304e-01 -1.298027e+02
9.998247e-01 -3.975037e-03 -1.829934e-02 2.048650e+01 4.159483e-03 9.999408e-01 1.005234e-02 1.508610e+00 1.825830e-02 -1.012670e-02 9.997820e-01 -1.319416e+02
9.997947e-01 4.821031e-03 1.968030e-02 2.048261e+01 -4.396357e-03 9.997578e-01 -2.156519e-02 1.545531e+00 -1.977950e-02 2.147424e-02 9.995737e-01 -1.337747e+02
9.997504e-01 -3.972179e-03 -2.198767e-02 2.049813e+01 4.277897e-03 9.998946e-01 1.387454e-02 1.572459e+00 2.193024e-02 -1.396513e-02 9.996620e-01 -1.351387e+02
9.998041e-01 4.786985e-03 1.920435e-02 2.045457e+01 -4.411279e-03 9.997990e-01 -1.955849e-02 1.594050e+00 -1.929411e-02 1.946994e-02 9.996243e-01 -1.360743e+02
9.997703e-01 -4.471392e-03 -2.096113e-02 2.036298e+01 4.713468e-03 9.999226e-01 1.151366e-02 1.622616e+00 2.090803e-02 -1.160981e-02 9.997140e-01 -1.373391e+02
9.997820e-01 5.056844e-03 2.025620e-02 2.030574e+01 -4.620411e-03 9.997574e-01 -2.153480e-02 1.656936e+00 -2.036018e-02 2.143651e-02 9.995629e-01 -1.389802e+02
9.997625e-01 -3.773420e-03 -2.146595e-02 2.043968e+01 4.046597e-03 9.999112e-01 1.269688e-02 1.682664e+00 2.141614e-02 -1.278073e-02 9.996890e-01 -1.405063e+02
9.997936e-01 4.828701e-03 1.973585e-02 2.052076e+01 -4.414198e-03 9.997699e-01 -2.099241e-02 1.708543e+00 -1.983268e-02 2.090096e-02 9.995848e-01 -1.419584e+02
9.997451e-01 -4.320229e-03 -2.215840e-02 2.041901e+01 4.630822e-03 9.998915e-01 1.398483e-02 1.735891e+00 2.209558e-02 -1.408388e-02 9.996567e-01 -1.431136e+02
9.997628e-01 5.591358e-03 2.105174e-02 2.054230e+01 -5.098464e-03 9.997133e-01 -2.339476e-02 1.763547e+00 -2.117652e-02 2.328187e-02 9.995046e-01 -1.447232e+02
9.997746e-01 -5.049297e-03 -2.061967e-02 2.043073e+01 5.285963e-03 9.999206e-01 1.143932e-02 1.805621e+00 2.056028e-02 -1.154574e-02 9.997219e-01 -1.466504e+02
9.996527e-01 3.711486e-03 2.609200e-02 1.977437e+01 -2.898437e-03 9.995111e-01 -3.112990e-02 1.889539e+00 -2.619478e-02 3.104346e-02 9.991747e-01 -1.494498e+02
9.996332e-01 -4.421577e-03 -2.671968e-02 1.954625e+01 4.883356e-03 9.998394e-01 1.724185e-02 1.942399e+00 2.663915e-02 -1.736601e-02 9.994943e-01 -1.517065e+02
9.997219e-01 6.523174e-03 2.266365e-02 1.995003e+01 -5.914036e-03 9.996222e-01 -2.684116e-02 1.964712e+00 -2.283018e-02 2.669966e-02 9.993828e-01 -1.535575e+02
9.995772e-01 -4.969812e-03 -2.864728e-02 2.018618e+01 5.649603e-03 9.997032e-01 2.369779e-02 1.965234e+00 2.852100e-02 -2.384962e-02 9.993086e-01 -1.541301e+02
9.996542e-01 6.643806e-03 2.544279e-02 2.036905e+01 -5.881054e-03 9.995345e-01 -2.993747e-02 1.980386e+00 -2.562985e-02 2.977749e-02 9.992279e-01 -1.553014e+02
9.996313e-01 -5.702792e-03 -2.654677e-02 2.034898e+01 6.223111e-03 9.997893e-01 1.955889e-02 2.015323e+00 2.642963e-02 -1.971688e-02 9.994562e-01 -1.570480e+02
9.996023e-01 6.611872e-03 2.741375e-02 2.029363e+01 -5.728777e-03 9.994661e-01 -3.216789e-02 2.057203e+00 -2.761180e-02 3.199805e-02 9.991065e-01 -1.590484e+02
9.996887e-01 -5.585266e-03 -2.431663e-02 2.032583e+01 5.962439e-03 9.998626e-01 1.546613e-02 2.113148e+00 2.422691e-02 -1.560630e-02 9.995847e-01 -1.618439e+02
9.997230e-01 6.484143e-03 2.262381e-02 2.042770e+01 -5.836585e-03 9.995747e-01 -2.857243e-02 2.154133e+00 -2.279946e-02 2.843247e-02 9.993357e-01 -1.640388e+02
9.997123e-01 -4.889965e-03 -2.348200e-02 2.059708e+01 5.332802e-03 9.998084e-01 1.883313e-02 2.181074e+00 2.338541e-02 -1.895294e-02 9.995469e-01 -1.657063e+02
9.996834e-01 6.333452e-03 2.435077e-02 2.068618e+01 -5.554823e-03 9.994753e-01 -3.191130e-02 2.221852e+00 -2.454011e-02 3.176593e-02 9.991940e-01 -1.679197e+02
9.996272e-01 -5.094728e-03 -2.682381e-02 2.086671e+01 5.677368e-03 9.997486e-01 2.168982e-02 2.250697e+00 2.670657e-02 -2.183403e-02 9.994048e-01 -1.697697e+02
9.997076e-01 7.317353e-03 2.304528e-02 2.099729e+01 -6.620021e-03 9.995222e-01 -3.019152e-02 2.273119e+00 -2.325520e-02 3.003014e-02 9.992784e-01 -1.712794e+02
9.997214e-01 -6.330577e-03 -2.273784e-02 2.101163e+01 6.725945e-03 9.998268e-01 1.735392e-02 2.314514e+00 2.262404e-02 -1.750202e-02 9.995908e-01 -1.734063e+02
9.997514e-01 7.724900e-03 2.091357e-02 2.112141e+01 -7.132776e-03 9.995757e-01 -2.824098e-02 2.348220e+00 -2.112285e-02 2.808479e-02 9.993823e-01 -1.753295e+02
9.997084e-01 -5.743031e-03 -2.345663e-02 2.138656e+01 6.201790e-03 9.997900e-01 1.953208e-02 2.368512e+00 2.333953e-02 -1.967186e-02 9.995340e-01 -1.768924e+02
9.998018e-01 7.797157e-03 1.831977e-02 2.158987e+01 -7.329979e-03 9.996497e-01 -2.543152e-02 2.380564e+00 -1.851164e-02 2.529220e-02 9.995087e-01 -1.780382e+02
9.997439e-01 -6.096602e-03 -2.179524e-02 2.177898e+01 6.495763e-03 9.998116e-01 1.829047e-02 2.396119e+00 2.167962e-02 -1.842736e-02 9.995951e-01 -1.792819e+02
9.997562e-01 7.667627e-03 2.070598e-02 2.188607e+01 -7.104424e-03 9.996065e-01 -2.713793e-02 2.424165e+00 -2.090592e-02 2.698421e-02 9.994172e-01 -1.808255e+02
9.997361e-01 -6.674955e-03 -2.198156e-02 2.191971e+01 7.078523e-03 9.998069e-01 1.833304e-02 2.452168e+00 2.185494e-02 -1.848380e-02 9.995903e-01 -1.822964e+02
9.997241e-01 8.154869e-03 2.202744e-02 2.203171e+01 -7.529715e-03 9.995707e-01 -2.831606e-02 2.483922e+00 -2.224890e-02 2.814238e-02 9.993563e-01 -1.840061e+02
9.997370e-01 -7.115911e-03 -2.180204e-02 2.209657e+01 7.483329e-03 9.998306e-01 1.681748e-02 2.520442e+00 2.167867e-02 -1.697621e-02 9.996208e-01 -1.859250e+02
9.997414e-01 8.522277e-03 2.108539e-02 2.219033e+01 -7.940966e-03 9.995902e-01 -2.750117e-02 2.553774e+00 -2.131112e-02 2.732662e-02 9.993994e-01 -1.877592e+02
9.997361e-01 -7.996928e-03 -2.153666e-02 2.226082e+01 8.310974e-03 9.998599e-01 1.453209e-02 2.596255e+00 2.141743e-02 -1.470725e-02 9.996624e-01 -1.899745e+02
9.997528e-01 9.408716e-03 2.014534e-02 2.235624e+01 -8.936549e-03 9.996862e-01 -2.340112e-02 2.622407e+00 -2.035919e-02 2.321530e-02 9.995232e-01 -1.914815e+02
9.997602e-01 -8.333795e-03 -2.024978e-02 2.244905e+01 8.581105e-03 9.998893e-01 1.215694e-02 2.655505e+00 2.014622e-02 -1.232779e-02 9.997210e-01 -1.933438e+02
9.997569e-01 9.218325e-03 2.002666e-02 2.243180e+01 -8.727541e-03 9.996628e-01 -2.445722e-02 2.696509e+00 -2.024536e-02 2.427649e-02 9.995003e-01 -1.953990e+02
9.997329e-01 -8.331897e-03 -2.155833e-02 2.244405e+01 8.639601e-03 9.998616e-01 1.421956e-02 2.730116e+00 2.143687e-02 -1.440202e-02 9.996665e-01 -1.971298e+02
9.997801e-01 9.394345e-03 1.874986e-02 2.248790e+01 -8.953194e-03 9.996843e-01 -2.347510e-02 2.760124e+00 -1.896448e-02 2.330207e-02 9.995486e-01 -1.987310e+02
9.996458e-01 -8.918719e-03 -2.507436e-02 2.259483e+01 9.417625e-03 9.997586e-01 1.984987e-02 2.767470e+00 2.489127e-02 -2.007898e-02 9.994885e-01 -1.994171e+02
9.997484e-01 1.023539e-02 1.995983e-02 2.274607e+01 -9.746865e-03 9.996542e-01 -2.442102e-02 2.776232e+00 -2.020289e-02 2.422032e-02 9.995025e-01 -2.002518e+02
9.996546e-01 -9.152424e-03 -2.463508e-02 2.285796e+01 9.611384e-03 9.997812e-01 1.857685e-02 2.792401e+00 2.445966e-02 -1.880721e-02 9.995239e-01 -2.012912e+02
9.996672e-01 1.095349e-02 2.335695e-02 2.298561e+01 -1.028951e-02 9.995448e-01 -2.836029e-02 2.819827e+00 -2.365697e-02 2.811052e-02 9.993248e-01 -2.029232e+02
9.996633e-01 -9.961219e-03 -2.395989e-02 2.300773e+01 1.036777e-02 9.998034e-01 1.690389e-02 2.856520e+00 2.378679e-02 -1.714661e-02 9.995700e-01 -2.048337e+02
9.996351e-01 1.084200e-02 2.474080e-02 2.296547e+01 -1.010134e-02 9.995028e-01 -2.986792e-02 2.899420e+00 -2.505233e-02 2.960711e-02 9.992476e-01 -2.069137e+02
9.996380e-01 -1.007383e-02 -2.494762e-02 2.301627e+01 1.053020e-02 9.997784e-01 1.822959e-02 2.938078e+00 2.475844e-02 -1.848569e-02 9.995225e-01 -2.088821e+02
9.997614e-01 1.072881e-02 1.902728e-02 2.314007e+01 -1.027547e-02 9.996647e-01 -2.376558e-02 2.953360e+00 -1.927588e-02 2.356440e-02 9.995365e-01 -2.099193e+02
9.997010e-01 -9.529359e-03 -2.251715e-02 2.333453e+01 9.924181e-03 9.997978e-01 1.748809e-02 2.967498e+00 2.234595e-02 -1.770633e-02 9.995935e-01 -2.110608e+02
9.996904e-01 1.049879e-02 2.255669e-02 2.330911e+01 -9.836586e-03 9.995231e-01 -2.927031e-02 3.005819e+00 -2.285324e-02 2.903937e-02 9.993170e-01 -2.129735e+02
9.997089e-01 -9.352417e-03 -2.223933e-02 2.344816e+01 9.738218e-03 9.998029e-01 1.730313e-02 3.042762e+00 2.207312e-02 -1.751467e-02 9.996029e-01 -2.149968e+02
9.997056e-01 1.136871e-02 2.143484e-02 2.364732e+01 -1.077413e-02 9.995595e-01 -2.765348e-02 3.072980e+00 -2.173979e-02 2.741440e-02 9.993877e-01 -2.168213e+02
9.996986e-01 -1.026042e-02 -2.230504e-02 2.369350e+01 1.064433e-02 9.997961e-01 1.716181e-02 3.106101e+00 2.212440e-02 -1.739406e-02 9.996039e-01 -2.185680e+02
9.996912e-01 1.159062e-02 2.197886e-02 2.376708e+01 -1.097096e-02 9.995447e-01 -2.810736e-02 3.140019e+00 -2.229464e-02 2.785756e-02 9.993633e-01 -2.203767e+02
9.996873e-01 -1.049606e-02 -2.269808e-02 2.382073e+01 1.089682e-02 9.997856e-01 1.760471e-02 3.173197e+00 2.250843e-02 -1.784654e-02 9.995874e-01 -2.221349e+02
9.996979e-01 1.160394e-02 2.166808e-02 2.383081e+01 -1.099784e-02 9.995506e-01 -2.788475e-02 3.206507e+00 -2.198192e-02 2.763802e-02 9.993763e-01 -2.238318e+02
9.996963e-01 -1.075992e-02 -2.217188e-02 2.381944e+01 1.114795e-02 9.997856e-01 1.745196e-02 3.240896e+00 2.197935e-02 -1.769383e-02 9.996018e-01 -2.255366e+02
9.996931e-01 1.162156e-02 2.187927e-02 2.374703e+01 -1.098198e-02 9.995153e-01 -2.912872e-02 3.281030e+00 -2.220719e-02 2.887950e-02 9.993362e-01 -2.274263e+02
9.996983e-01 -1.190675e-02 -2.148405e-02 2.336439e+01 1.223875e-02 9.998067e-01 1.538820e-02 3.340622e+00 2.129667e-02 -1.564649e-02 9.996508e-01 -2.295190e+02
9.996323e-01 1.155085e-02 2.453403e-02 2.295203e+01 -1.075929e-02 9.994250e-01 -3.215402e-02 3.406291e+00 -2.489133e-02 3.187823e-02 9.991818e-01 -2.319377e+02
9.997329e-01 -1.193859e-02 -1.979032e-02 2.268394e+01 1.218197e-02 9.998511e-01 1.222320e-02 3.479795e+00 1.964145e-02 -1.246102e-02 9.997294e-01 -2.349959e+02
9.995930e-01 1.188755e-02 2.593447e-02 2.240142e+01 -1.085219e-02 9.991526e-01 -3.970394e-02 3.576755e+00 -2.638448e-02 3.940633e-02 9.988749e-01 -2.392064e+02
9.996159e-01 -1.313751e-02 -2.440388e-02 2.213981e+01 1.359218e-02 9.997354e-01 1.855977e-02 3.654142e+00 2.415359e-02 -1.888435e-02 9.995299e-01 -2.425287e+02
9.994566e-01 1.351496e-02 3.006470e-02 2.208176e+01 -1.228888e-02 9.991000e-01 -4.059879e-02 3.724974e+00 -3.058633e-02 4.020726e-02 9.987231e-01 -2.459812e+02
9.996010e-01 -1.365406e-02 -2.472513e-02 2.191656e+01 1.408666e-02 9.997492e-01 1.740751e-02 3.802214e+00 2.448125e-02 -1.774885e-02 9.995427e-01 -2.497238e+02
9.992719e-01 1.484604e-02 3.514767e-02 2.207073e+01 -1.316435e-02 9.987795e-01 -4.760373e-02 3.894123e+00 -3.581150e-02 4.710637e-02 9.982477e-01 -2.544651e+02
9.994236e-01 -1.435585e-02 -3.076468e-02 2.214386e+01 1.507152e-02 9.996182e-01 2.315835e-02 3.971492e+00 3.042047e-02 -2.360867e-02 9.992583e-01 -2.584474e+02
9.992717e-01 1.642269e-02 3.444258e-02 2.232820e+01 -1.488866e-02 9.989059e-01 -4.433194e-02 4.031072e+00 -3.513295e-02 4.378685e-02 9.984230e-01 -2.618630e+02
9.994853e-01 -1.529290e-02 -2.819940e-02 2.247023e+01 1.589245e-02 9.996498e-01 2.116102e-02 4.101312e+00 2.786591e-02 -2.159828e-02 9.993783e-01 -2.656539e+02
9.993938e-01 1.682863e-02 3.047743e-02 2.278174e+01 -1.547669e-02 9.989088e-01 -4.406414e-02 4.169038e+00 -3.118571e-02 4.356574e-02 9.985637e-01 -2.695555e+02
9.994856e-01 -1.510871e-02 -2.828999e-02 2.288618e+01 1.585864e-02 9.995237e-01 2.647467e-02 4.221109e+00 2.787652e-02 -2.690969e-02 9.992491e-01 -2.724478e+02
9.994592e-01 1.595826e-02 2.875123e-02 2.285971e+01 -1.474917e-02 9.990177e-01 -4.178561e-02 4.272276e+00 -2.938981e-02 4.133896e-02 9.987128e-01 -2.749039e+02
9.994576e-01 -1.372659e-02 -2.993347e-02 2.307231e+01 1.464575e-02 9.994211e-01 3.070689e-02 4.303931e+00 2.949464e-02 -3.112864e-02 9.990801e-01 -2.768780e+02
9.994531e-01 1.578364e-02 2.905807e-02 2.321936e+01 -1.458016e-02 9.990457e-01 -4.117247e-02 4.333465e+00 -2.968019e-02 4.072628e-02 9.987294e-01 -2.786283e+02
9.994584e-01 -1.403358e-02 -2.976437e-02 2.336695e+01 1.492975e-02 9.994353e-01 3.010341e-02 4.365619e+00 2.932511e-02 -3.053148e-02 9.991035e-01 -2.804887e+02
9.994449e-01 1.647242e-02 2.895698e-02 2.360327e+01 -1.529232e-02 9.990620e-01 -4.051291e-02 4.393747e+00 -2.959716e-02 4.004761e-02 9.987593e-01 -2.822865e+02
9.994517e-01 -1.427846e-02 -2.987484e-02 2.386701e+01 1.517344e-02 9.994363e-01 2.994880e-02 4.422150e+00 2.943038e-02 -3.038568e-02 9.991049e-01 -2.841269e+02
9.994401e-01 1.700773e-02 2.881401e-02 2.420912e+01 -1.582753e-02 9.990459e-01 -4.070359e-02 4.449680e+00 -2.947879e-02 4.022475e-02 9.987557e-01 -2.860100e+02
