9.999514e-01 -2.646702e-04 -9.852810e-03 1.173326e-01 2.978642e-04 9.999943e-01 3.367669e-03 -1.230035e-02 9.851862e-03 -3.370441e-03 9.999458e-01 1.875858e-01
9.999992e-01 4.642084e-04 -1.144265e-03 1.571729e-01 -4.641643e-04 9.999999e-01 3.880769e-05 -2.336525e-02 1.144283e-03 -3.827582e-05 9.999993e-01 5.377330e-01
9.999705e-01 -1.283488e-03 -7.578299e-03 2.613741e-01 1.297935e-03 9.999973e-01 1.901836e-03 -2.914582e-02 7.575837e-03 -1.911616e-03 9.999695e-01 3.880032e-01
9.999979e-01 2.333034e-04 -2.019039e-03 3.484215e-01 -2.325426e-04 9.999999e-01 3.770126e-04 -3.386397e-02 2.019127e-03 -3.765416e-04 9.999979e-01 2.549994e-01
9.999690e-01 1.560891e-04 -7.866413e-03 3.488428e-01 -1.261033e-04 9.999927e-01 3.812223e-03 -4.647877e-02 7.866950e-03 -3.811114e-03 9.999618e-01 9.258987e-01
9.999998e-01 2.685518e-04 -4.811236e-04 3.373699e-01 -2.677558e-04 9.999986e-01 1.653733e-03 -6.366134e-02 4.815674e-04 -1.653603e-03 9.999985e-01 1.996045e+00
9.999540e-01 -2.079828e-04 -9.592259e-03 3.532212e-01 2.434247e-04 9.999931e-01 3.693833e-03 -8.505038e-02 9.591424e-03 -3.695999e-03 9.999472e-01 3.116797e+00
9.999994e-01 2.622300e-04 -1.106674e-03 3.925107e-01 -2.617941e-04 9.999999e-01 3.939410e-04 -1.001952e-01 1.106778e-03 -3.936503e-04 9.999993e-01 3.739004e+00
9.999672e-01 -3.861391e-05 -8.094522e-03 3.981217e-01 7.434909e-05 9.999903e-01 4.414488e-03 -1.160922e-01 8.094273e-03 -4.414945e-03 9.999575e-01 4.564985e+00
9.999972e-01 1.034587e-03 2.108357e-03 2.712909e-01 -1.039681e-03 9.999965e-01 2.416611e-03 -1.299300e-01 -2.105850e-03 -2.418796e-03 9.999949e-01 6.061380e+00
9.999561e-01 -3.204676e-04 -9.364058e-03 1.419914e-01 3.592881e-04 9.999913e-01 4.144310e-03 -1.467262e-01 9.362649e-03 -4.147493e-03 9.999476e-01 7.649334e+00
9.999999e-01 4.800663e-04 -1.570621e-04 1.390095e-01 -4.800555e-04 9.999999e-01 6.814346e-05 -1.603425e-01 1.570951e-04 -6.806734e-05 1.000000e+00 8.362503e+00
9.999632e-01 -3.418023e-04 -8.577225e-03 1.444011e-01 3.742177e-04 9.999928e-01 3.777924e-03 -1.720647e-01 8.575871e-03 -3.780996e-03 9.999561e-01 8.932091e+00
9.999771e-01 7.002609e-04 6.733714e-03 -1.218286e-01 -7.014918e-04 9.999997e-01 1.804399e-04 -1.589741e-01 -6.733585e-03 -1.851587e-04 9.999773e-01 9.876134e+00
9.998833e-01 -4.916501e-04 -1.527015e-02 -1.391325e-01 5.486453e-04 9.999929e-01 3.728496e-03 -1.700964e-01 1.526821e-02 -3.736440e-03 9.998765e-01 1.054634e+01
9.999789e-01 1.851132e-04 6.487521e-03 -1.004741e-01 -1.848519e-04 1.000000e+00 -4.086779e-05 -1.858928e-01 -6.487528e-03 3.966841e-05 9.999790e-01 1.110948e+01
9.998841e-01 -1.075193e-04 -1.522354e-02 -1.117619e-01 1.660116e-04 9.999926e-01 3.841018e-03 -1.973835e-01 1.522302e-02 -3.843101e-03 9.998767e-01 1.168578e+01
9.999756e-01 4.098521e-04 6.975558e-03 -1.379267e-01 -4.078953e-04 9.999999e-01 -2.819378e-04 -2.037634e-01 -6.975672e-03 2.790863e-04 9.999756e-01 1.212955e+01
9.999106e-01 -1.192192e-04 -1.336781e-02 -2.469819e-01 1.637566e-04 9.999944e-01 3.330653e-03 -1.993933e-01 1.336734e-02 -3.332546e-03 9.999051e-01 1.252607e+01
9.999681e-01 9.840981e-05 7.988649e-03 -4.488332e-01 -9.197909e-05 9.999997e-01 -8.053372e-04 -1.856151e-01 -7.988725e-03 8.045774e-04 9.999678e-01 1.287726e+01
9.998916e-01 -9.556504e-04 -1.468963e-02 -5.467645e-01 9.999258e-04 9.999950e-01 3.007014e-03 -1.810752e-01 1.468668e-02 -3.021378e-03 9.998876e-01 1.290684e+01
9.999537e-01 -1.260465e-03 9.543538e-03 -5.711422e-01 1.273032e-03 9.999983e-01 -1.310859e-03 -1.736725e-01 -9.541869e-03 1.322949e-03 9.999536e-01 1.259186e+01
9.998555e-01 1.016426e-03 -1.696667e-02 -6.400067e-01 -9.499966e-04 9.999919e-01 3.922918e-03 -1.733870e-01 1.697052e-02 -3.906234e-03 9.998484e-01 1.275584e+01
9.999547e-01 -8.586790e-04 9.474625e-03 -7.272930e-01 8.686565e-04 9.999991e-01 -1.048998e-03 -1.712592e-01 -9.473716e-03 1.057182e-03 9.999546e-01 1.307023e+01
9.998851e-01 4.104404e-04 -1.515522e-02 -8.897949e-01 -3.595262e-04 9.999943e-01 3.362095e-03 -1.614964e-01 1.515652e-02 -3.356261e-03 9.998795e-01 1.321731e+01
9.999702e-01 -8.225369e-04 7.675552e-03 -9.684194e-01 8.295298e-04 9.999992e-01 -9.079053e-04 -1.594717e-01 -7.674799e-03 9.142460e-04 9.999701e-01 1.327440e+01
9.998660e-01 5.420545e-04 -1.636374e-02 -9.449701e-01 -4.866228e-04 9.999941e-01 3.391264e-03 -1.651367e-01 1.636549e-02 -3.382847e-03 9.998604e-01 1.326741e+01
9.999728e-01 -7.869311e-04 7.332833e-03 -8.761651e-01 7.916388e-04 9.999995e-01 -6.391108e-04 -1.745480e-01 -7.332326e-03 6.448991e-04 9.999729e-01 1.335764e+01
9.998847e-01 9.887370e-04 -1.515393e-02 -9.015463e-01 -9.276914e-04 9.999914e-01 4.034876e-03 -1.805907e-01 1.515779e-02 -4.020353e-03 9.998770e-01 1.378132e+01
9.999729e-01 -8.000235e-04 7.316439e-03 -9.464463e-01 8.062267e-04 9.999993e-01 -8.449309e-04 -1.835042e-01 -7.315758e-03 8.508074e-04 9.999729e-01 1.415750e+01
9.998837e-01 1.078348e-03 -1.521042e-02 -9.722932e-01 -1.015397e-03 9.999909e-01 4.145814e-03 -1.881261e-01 1.521476e-02 -4.129889e-03 9.998757e-01 1.452402e+01
9.999785e-01 -8.053595e-04 6.514318e-03 -9.829821e-01 8.088109e-04 9.999995e-01 -5.271877e-04 -1.968275e-01 -6.513890e-03 5.324459e-04 9.999786e-01 1.500451e+01
9.998954e-01 2.844622e-04 -1.446103e-02 -9.838791e-01 -2.408422e-04 9.999954e-01 3.018037e-03 -2.001069e-01 1.446182e-02 -3.014239e-03 9.998909e-01 1.493652e+01
9.999927e-01 -4.915204e-04 3.796012e-03 -1.063112e+00 4.936924e-04 9.999997e-01 -5.712398e-04 -1.999236e-01 -3.795730e-03 5.731103e-04 9.999926e-01 1.495528e+01
9.999083e-01 6.498558e-04 -1.352380e-02 -1.063133e+00 -5.981381e-04 9.999925e-01 3.827900e-03 -2.071983e-01 1.352619e-02 -3.819461e-03 9.999012e-01 1.521783e+01
9.999934e-01 -3.413018e-04 3.619906e-03 -1.049343e+00 3.421571e-04 9.999999e-01 -2.356548e-04 -2.174416e-01 -3.619825e-03 2.368925e-04 9.999934e-01 1.562412e+01
9.999174e-01 9.165835e-04 -1.282252e-02 -1.062370e+00 -8.536940e-04 9.999876e-01 4.909240e-03 -2.304104e-01 1.282686e-02 -4.897889e-03 9.999057e-01 1.641385e+01
9.999971e-01 -5.207264e-04 2.371795e-03 -1.065107e+00 5.221489e-04 9.999997e-01 -5.991472e-04 -2.434371e-01 -2.371482e-03 6.003846e-04 9.999970e-01 1.709391e+01
9.999251e-01 7.434074e-04 -1.221858e-02 -1.068714e+00 -6.969150e-04 9.999925e-01 3.808886e-03 -2.496310e-01 1.222132e-02 -3.800086e-03 9.999181e-01 1.736079e+01
9.999830e-01 -9.235679e-04 5.759451e-03 -1.204774e+00 9.312548e-04 9.999987e-01 -1.332088e-03 -2.451103e-01 -5.758213e-03 1.337429e-03 9.999825e-01 1.751986e+01
9.999004e-01 4.489913e-04 -1.410904e-02 -1.324290e+00 -3.981199e-04 9.999934e-01 3.608200e-03 -2.431605e-01 1.411057e-02 -3.602225e-03 9.998940e-01 1.754771e+01
9.999844e-01 -7.895469e-04 5.534219e-03 -1.430484e+00 7.955260e-04 9.999991e-01 -1.078253e-03 -2.425373e-01 -5.533362e-03 1.082639e-03 9.999841e-01 1.767217e+01
9.998863e-01 6.561988e-04 -1.506672e-02 -1.487234e+00 -5.949751e-04 9.999916e-01 4.067637e-03 -2.456124e-01 1.506927e-02 -4.058210e-03 9.998782e-01 1.791504e+01
9.999726e-01 -3.685880e-04 7.390411e-03 -1.499153e+00 3.630386e-04 9.999997e-01 7.522278e-04 -2.561532e-01 -7.390686e-03 -7.495235e-04 9.999724e-01 1.854071e+01
9.998564e-01 3.546661e-04 -1.694016e-02 -1.475308e+00 -3.029493e-04 9.999953e-01 3.055386e-03 -2.677536e-01 1.694117e-02 -3.049816e-03 9.998518e-01 1.907719e+01
9.999787e-01 -2.343825e-04 6.525981e-03 -1.421969e+00 2.339024e-04 1.000000e+00 7.433674e-05 -2.777355e-01 -6.525997e-03 -7.280802e-05 9.999787e-01 1.928076e+01
9.998615e-01 3.499406e-04 -1.663771e-02 -1.385622e+00 -2.977293e-04 9.999950e-01 3.140509e-03 -2.886133e-01 1.663873e-02 -3.135121e-03 9.998567e-01 1.960886e+01
9.999781e-01 -1.021087e-04 6.615417e-03 -1.370496e+00 1.008883e-04 1.000000e+00 1.848363e-04 -2.980272e-01 -6.615435e-03 -1.841642e-04 9.999781e-01 1.995715e+01
9.998654e-01 4.149565e-04 -1.640181e-02 -1.364906e+00 -3.686971e-04 9.999959e-01 2.823319e-03 -3.038816e-01 1.640292e-02 -2.816892e-03 9.998615e-01 2.017230e+01
9.999803e-01 -1.695351e-04 6.272028e-03 -1.345243e+00 1.699423e-04 1.000000e+00 -6.435335e-05 -3.100348e-01 -6.272017e-03 6.541866e-05 9.999803e-01 2.030370e+01
9.998850e-01 -2.009171e-05 -1.516298e-02 -1.356396e+00 5.779360e-05 9.999969e-01 2.486019e-03 -3.140590e-01 1.516288e-02 -2.486610e-03 9.998819e-01 2.032794e+01
9.999703e-01 -1.158007e-03 7.614892e-03 -1.404066e+00 1.165015e-03 9.999989e-01 -9.159799e-04 -3.126808e-01 -7.613823e-03 9.248249e-04 9.999706e-01 2.015576e+01
9.998587e-01 9.286403e-04 -1.678268e-02 -1.474419e+00 -8.630562e-04 9.999920e-01 3.914673e-03 -3.159733e-01 1.678618e-02 -3.899636e-03 9.998515e-01 2.042958e+01
9.999737e-01 -6.895269e-04 7.223204e-03 -1.483179e+00 6.927960e-04 9.999997e-01 -4.500634e-04 -3.239108e-01 -7.222891e-03 4.550565e-04 9.999738e-01 2.082511e+01
9.998724e-01 5.351962e-05 -1.597710e-02 -1.538169e+00 -1.148013e-05 9.999965e-01 2.631323e-03 -3.239233e-01 1.597719e-02 -2.630804e-03 9.998689e-01 2.079502e+01
9.999726e-01 -8.035667e-04 7.355942e-03 -1.626399e+00 8.076640e-04 9.999995e-01 -5.540238e-04 -3.212925e-01 -7.355493e-03 5.599505e-04 9.999728e-01 2.073104e+01
9.998430e-01 7.902192e-04 -1.770425e-02 -1.665781e+00 -7.354115e-04 9.999949e-01 3.102044e-03 -3.241849e-01 1.770661e-02 -3.088538e-03 9.998385e-01 2.082592e+01
9.999675e-01 -7.740689e-04 8.023427e-03 -1.708085e+00 7.769508e-04 9.999996e-01 -3.560585e-04 -3.262972e-01 -8.023148e-03 3.622815e-04 9.999677e-01 2.099015e+01
9.998793e-01 -4.630052e-04 -1.553200e-02 -1.812224e+00 4.948208e-04 9.999978e-01 2.044622e-03 -3.210949e-01 1.553102e-02 -2.052062e-03 9.998773e-01 2.085059e+01
9.999538e-01 -2.142394e-03 9.369366e-03 -1.978131e+00 2.153780e-03 9.999970e-01 -1.205291e-03 -3.093203e-01 -9.366755e-03 1.225416e-03 9.999554e-01 2.052563e+01
9.998744e-01 -6.033067e-04 -1.583603e-02 -2.139607e+00 6.403595e-04 9.999971e-01 2.334819e-03 -2.961474e-01 1.583457e-02 -2.344668e-03 9.998719e-01 2.021175e+01
9.999651e-01 -9.571057e-04 8.303222e-03 -2.216088e+00 9.636181e-04 9.999992e-01 -7.803340e-04 -2.900279e-01 -8.302468e-03 7.883085e-04 9.999652e-01 2.001280e+01
9.998585e-01 2.501858e-04 -1.682258e-02 -2.321948e+00 -2.049408e-04 9.999964e-01 2.691221e-03 -2.851366e-01 1.682319e-02 -2.687393e-03 9.998549e-01 1.994775e+01
9.999708e-01 -1.935923e-04 7.636442e-03 -2.398396e+00 1.960511e-04 9.999999e-01 -3.212120e-04 -2.828048e-01 -7.636379e-03 3.227004e-04 9.999708e-01 2.003720e+01
9.998614e-01 4.975424e-04 -1.663953e-02 -2.417280e+00 -4.425871e-04 9.999944e-01 3.306223e-03 -2.867080e-01 1.664109e-02 -3.298401e-03 9.998561e-01 2.031231e+01
9.999724e-01 -3.188122e-04 7.423208e-03 -2.425793e+00 3.199955e-04 9.999999e-01 -1.581806e-04 -2.934440e-01 -7.423156e-03 1.605523e-04 9.999724e-01 2.062786e+01
9.998668e-01 4.452494e-04 -1.631621e-02 -2.449229e+00 -3.937906e-04 9.999949e-01 3.156934e-03 -2.983139e-01 1.631753e-02 -3.150089e-03 9.998619e-01 2.087509e+01
9.999695e-01 -3.383534e-04 7.798582e-03 -2.457464e+00 3.363653e-04 9.999999e-01 2.562714e-04 -3.064372e-01 -7.798668e-03 -2.536398e-04 9.999696e-01 2.124716e+01
9.998422e-01 3.661733e-04 -1.775948e-02 -2.431727e+00 -3.111282e-04 9.999951e-01 3.102153e-03 -3.173170e-01 1.776053e-02 -3.096138e-03 9.998375e-01 2.157267e+01
9.999122e-01 -2.015478e-04 1.325120e-02 -2.679921e+00 2.111077e-04 9.999997e-01 -7.200260e-04 -2.987592e-01 -1.325105e-02 7.227609e-04 9.999119e-01 2.183502e+01
9.997988e-01 1.965701e-04 -2.006023e-02 -2.873782e+00 -1.276399e-04 9.999941e-01 3.437393e-03 -2.879825e-01 2.006079e-02 -3.434141e-03 9.997929e-01 2.214162e+01
9.999528e-01 2.808189e-05 9.718638e-03 -2.843342e+00 -3.103304e-05 1.000000e+00 3.035280e-04 -2.999317e-01 -9.718629e-03 -3.038146e-04 9.999527e-01 2.260523e+01
9.998026e-01 3.014468e-04 -1.986572e-02 -2.832017e+00 -2.247415e-04 9.999925e-01 3.863323e-03 -3.130438e-01 1.986674e-02 -3.858096e-03 9.997952e-01 2.322296e+01
9.999468e-01 3.542529e-04 1.031160e-02 -2.891277e+00 -3.557389e-04 9.999999e-01 1.422982e-04 -3.191840e-01 -1.031155e-02 -1.459582e-04 9.999468e-01 2.384785e+01
9.998024e-01 -8.027453e-04 -1.986239e-02 -3.019123e+00 8.565283e-04 9.999960e-01 2.699431e-03 -3.179594e-01 1.986014e-02 -2.715911e-03 9.997991e-01 2.402996e+01
9.999396e-01 -4.952290e-04 1.098220e-02 -3.014213e+00 5.027842e-04 9.999996e-01 -6.851776e-04 -3.172093e-01 -1.098185e-02 6.906585e-04 9.999395e-01 2.384102e+01
9.997754e-01 6.611527e-04 -2.118200e-02 -3.016480e+00 -5.789729e-04 9.999923e-01 3.885605e-03 -3.241619e-01 2.118441e-02 -3.872469e-03 9.997681e-01 2.409279e+01
9.999364e-01 -3.664824e-04 1.127434e-02 -3.006165e+00 3.648728e-04 9.999999e-01 1.448434e-04 -3.362188e-01 -1.127439e-02 -1.407198e-04 9.999364e-01 2.465390e+01
9.998143e-01 1.150232e-03 -1.923809e-02 -3.103118e+00 -1.063421e-03 9.999892e-01 4.522065e-03 -3.417185e-01 1.924309e-02 -4.500767e-03 9.998047e-01 2.548874e+01
9.999397e-01 -5.369552e-04 1.096894e-02 -3.165383e+00 5.356020e-04 9.999998e-01 1.263228e-04 -3.496923e-01 -1.096900e-02 -1.204395e-04 9.999398e-01 2.625582e+01
9.997745e-01 7.757675e-04 -2.121941e-02 -3.140899e+00 -7.014899e-04 9.999936e-01 3.507685e-03 -3.612988e-01 2.122199e-02 -3.492010e-03 9.997687e-01 2.668898e+01
9.999358e-01 -6.827267e-04 1.130795e-02 -3.163577e+00 6.879128e-04 9.999997e-01 -4.547157e-04 -3.666193e-01 -1.130764e-02 4.624661e-04 9.999360e-01 2.692935e+01
9.997979e-01 1.028924e-03 -2.007675e-02 -3.231965e+00 -9.539144e-04 9.999925e-01 3.745377e-03 -3.673538e-01 2.008045e-02 -3.725469e-03 9.997914e-01 2.728090e+01
9.999349e-01 -7.702684e-04 1.138393e-02 -3.318258e+00 7.766052e-04 9.999995e-01 -5.522121e-04 -3.671634e-01 -1.138350e-02 5.610176e-04 9.999350e-01 2.764324e+01
9.998039e-01 1.943616e-04 -1.980415e-02 -3.447832e+00 -1.363449e-04 9.999957e-01 2.930838e-03 -3.631330e-01 1.980463e-02 -2.927564e-03 9.997996e-01 2.770811e+01
9.999485e-01 -3.252098e-04 1.013965e-02 -3.525351e+00 3.279427e-04 9.999999e-01 -2.678443e-04 -3.630151e-01 -1.013956e-02 2.711564e-04 9.999486e-01 2.781921e+01
9.998136e-01 3.353381e-04 -1.930198e-02 -3.622318e+00 -2.779322e-04 9.999955e-01 2.976714e-03 -3.613906e-01 1.930289e-02 -2.970795e-03 9.998093e-01 2.800030e+01
9.999460e-01 -2.159951e-04 1.039351e-02 -3.714319e+00 2.178190e-04 1.000000e+00 -1.743296e-04 -3.595897e-01 -1.039347e-02 1.765847e-04 9.999460e-01 2.819922e+01
9.998110e-01 2.405818e-04 -1.943998e-02 -3.800068e+00 -1.808651e-04 9.999953e-01 3.073562e-03 -3.589806e-01 1.944063e-02 -3.069466e-03 9.998063e-01 2.840131e+01
9.999437e-01 1.213813e-05 1.061074e-02 -3.860563e+00 -1.521029e-05 1.000000e+00 2.894754e-04 -3.608350e-01 -1.061074e-02 -2.896198e-04 9.999437e-01 2.876672e+01
9.998107e-01 4.561817e-04 -1.944912e-02 -3.898273e+00 -3.882764e-04 9.999938e-01 3.495077e-03 -3.661473e-01 1.945059e-02 -3.486865e-03 9.998047e-01 2.926002e+01
9.999517e-01 -7.288047e-04 9.800381e-03 -3.930996e+00 7.326923e-04 9.999997e-01 -3.930735e-04 -3.714289e-01 -9.800091e-03 4.002358e-04 9.999519e-01 2.949815e+01
9.998262e-01 -6.227212e-05 -1.864410e-02 -3.965827e+00 1.226043e-04 9.999948e-01 3.234881e-03 -3.739051e-01 1.864380e-02 -3.236605e-03 9.998210e-01 2.954280e+01
9.999602e-01 2.090351e-05 8.918854e-03 -4.051413e+00 -1.775680e-05 9.999999e-01 -3.528652e-04 -3.748952e-01 -8.918861e-03 3.526934e-04 9.999602e-01 2.979000e+01
9.998312e-01 1.382181e-04 -1.837522e-02 -4.120594e+00 -8.180299e-05 9.999953e-01 3.070905e-03 -3.749044e-01 1.837556e-02 -3.068884e-03 9.998264e-01 2.995542e+01
9.999595e-01 -2.923155e-04 8.994408e-03 -4.177797e+00 2.991913e-04 9.999997e-01 -7.630895e-04 -3.747833e-01 -8.994181e-03 7.657503e-04 9.999593e-01 2.997189e+01
9.998306e-01 2.881211e-04 -1.840393e-02 -4.237730e+00 -2.308189e-04 9.999951e-01 3.115647e-03 -3.744048e-01 1.840473e-02 -3.110872e-03 9.998258e-01 2.998695e+01
9.999645e-01 -1.892785e-04 8.428330e-03 -4.202607e+00 1.924074e-04 9.999999e-01 -3.704023e-04 -3.826485e-01 -8.428259e-03 3.720114e-04 9.999644e-01 3.008173e+01
9.998460e-01 5.175505e-06 -1.754925e-02 -4.153543e+00 6.550872e-05 9.999919e-01 4.027201e-03 -3.974721e-01 1.754913e-02 -4.027732e-03 9.998379e-01 3.054584e+01
9.999681e-01 8.408916e-05 7.991165e-03 -4.135042e+00 -8.635538e-05 1.000000e+00 2.832804e-04 -4.126316e-01 -7.991140e-03 -2.839608e-04 9.999680e-01 3.123237e+01
9.998342e-01 -1.508220e-04 -1.821113e-02 -4.095441e+00 2.138783e-04 9.999940e-01 3.460631e-03 -4.264600e-01 1.821050e-02 -3.463952e-03 9.998282e-01 3.172479e+01
9.999672e-01 7.303240e-05 8.096979e-03 -4.032104e+00 -7.080266e-05 1.000000e+00 -2.756308e-04 -4.386548e-01 -8.096998e-03 2.750491e-04 9.999672e-01 3.200705e+01
9.998412e-01 -2.169060e-04 -1.781795e-02 -3.968860e+00 2.797178e-04 9.999938e-01 3.522799e-03 -4.503446e-01 1.781708e-02 -3.527224e-03 9.998350e-01 3.226905e+01
9.999740e-01 5.923536e-05 7.209565e-03 -3.904192e+00 -5.781145e-05 1.000000e+00 -1.976733e-04 -4.647087e-01 -7.209577e-03 1.972520e-04 9.999740e-01 3.267367e+01
9.998355e-01 1.282678e-05 -1.813610e-02 -3.850853e+00 5.457598e-05 9.999931e-01 3.716012e-03 -4.783449e-01 1.813602e-02 -3.716391e-03 9.998286e-01 3.312343e+01
9.999672e-01 8.460221e-05 8.096934e-03 -3.841298e+00 -7.905851e-05 9.999998e-01 -6.849494e-04 -4.868251e-01 -8.096990e-03 6.842874e-04 9.999670e-01 3.335549e+01
9.998842e-01 -1.740229e-03 -1.511675e-02 -3.948879e+00 1.774073e-03 9.999959e-01 2.225757e-03 -4.793847e-01 1.511281e-02 -2.252318e-03 9.998833e-01 3.317198e+01
9.999751e-01 1.153162e-03 6.955017e-03 -4.113701e+00 -1.150816e-03 9.999993e-01 -3.412720e-04 -4.713528e-01 -6.955405e-03 3.332602e-04 9.999758e-01 3.319072e+01
9.998499e-01 -9.826922e-04 -1.729504e-02 -4.081229e+00 1.062160e-03 9.999889e-01 4.586278e-03 -4.868388e-01 1.729034e-02 -4.603961e-03 9.998399e-01 3.386359e+01
9.999639e-01 1.315422e-03 8.388666e-03 -4.155066e+00 -1.310824e-03 9.999990e-01 -5.535769e-04 -4.930959e-01 -8.389386e-03 5.425615e-04 9.999647e-01 3.450459e+01
9.998673e-01 -1.362172e-03 -1.623501e-02 -4.300817e+00 1.411475e-03 9.999944e-01 3.025754e-03 -4.859127e-01 1.623079e-02 -3.048268e-03 9.998636e-01 3.467370e+01
9.999778e-01 1.472609e-03 6.494330e-03 -4.267525e+00 -1.473181e-03 9.999989e-01 8.341836e-05 -4.957736e-01 -6.494199e-03 -9.298322e-05 9.999789e-01 3.492972e+01
9.998804e-01 -8.475744e-04 -1.544465e-02 -4.314578e+00 9.012856e-04 9.999936e-01 3.471053e-03 -4.990902e-01 1.544161e-02 -3.484559e-03 9.998747e-01 3.537774e+01
9.999809e-01 8.351923e-04 6.121102e-03 -4.358708e+00 -8.303375e-04 9.999993e-01 -7.955748e-04 -5.020401e-01 -6.121762e-03 7.904777e-04 9.999809e-01 3.555296e+01
9.998728e-01 -7.133087e-04 -1.593352e-02 -4.413551e+00 7.679109e-04 9.999939e-01 3.421035e-03 -5.027576e-01 1.593099e-02 -3.432836e-03 9.998672e-01 3.572204e+01
9.999769e-01 6.632620e-04 6.766457e-03 -4.479922e+00 -6.584016e-04 9.999995e-01 -7.204576e-04 -5.042266e-01 -6.766931e-03 7.159865e-04 9.999768e-01 3.593003e+01
9.998867e-01 -2.235416e-03 -1.488531e-02 -4.530316e+00 2.268899e-03 9.999949e-01 2.232944e-03 -4.991499e-01 1.488024e-02 -2.266464e-03 9.998867e-01 3.567178e+01
9.999669e-01 -2.013387e-03 7.884987e-03 -4.442021e+00 2.028204e-03 9.999962e-01 -1.871576e-03 -4.843220e-01 -7.881188e-03 1.887507e-03 9.999672e-01 3.483777e+01
9.998290e-01 -2.897680e-03 -1.826410e-02 -4.264946e+00 2.939005e-03 9.999932e-01 2.236223e-03 -4.699666e-01 1.825749e-02 -2.289520e-03 9.998307e-01 3.389017e+01
9.999582e-01 -1.646099e-03 8.992457e-03 -4.078223e+00 1.662394e-03 9.999970e-01 -1.804906e-03 -4.558979e-01 -8.989458e-03 1.819780e-03 9.999579e-01 3.293721e+01
9.998407e-01 -2.783612e-03 -1.762822e-02 -4.006132e+00 2.827970e-03 9.999929e-01 2.491893e-03 -4.404666e-01 1.762116e-02 -2.541349e-03 9.998415e-01 3.216318e+01
9.999598e-01 2.287865e-04 8.959579e-03 -3.967254e+00 -2.169696e-04 9.999991e-01 -1.319829e-03 -4.328255e-01 -8.959873e-03 1.317832e-03 9.999590e-01 3.169855e+01
9.998810e-01 -1.494968e-03 -1.535275e-02 -4.104242e+00 1.544279e-03 9.999937e-01 3.200503e-03 -4.234786e-01 1.534786e-02 -3.223831e-03 9.998770e-01 3.160743e+01
9.999636e-01 -2.133984e-04 8.532276e-03 -4.255102e+00 2.272929e-04 9.999986e-01 -1.627495e-03 -4.118326e-01 -8.531917e-03 1.629376e-03 9.999623e-01 3.146937e+01
9.999003e-01 -2.662709e-04 -1.412154e-02 -4.524621e+00 3.181688e-04 9.999932e-01 3.672990e-03 -3.938822e-01 1.412047e-02 -3.677117e-03 9.998935e-01 3.159910e+01
9.999623e-01 5.624846e-04 8.661012e-03 -4.694093e+00 -5.539064e-04 9.999994e-01 -9.927726e-04 -3.828218e-01 -8.661564e-03 9.879385e-04 9.999620e-01 3.206301e+01
9.999019e-01 -5.628330e-05 -1.400867e-02 -4.883022e+00 1.105518e-04 9.999925e-01 3.873198e-03 -3.718085e-01 1.400835e-02 -3.874367e-03 9.998944e-01 3.250321e+01
9.999679e-01 3.939531e-04 7.996640e-03 -5.033316e+00 -3.852185e-04 9.999993e-01 -1.093745e-03 -3.626489e-01 -7.997066e-03 1.090630e-03 9.999674e-01 3.289633e+01
9.998453e-01 -3.006456e-04 -1.758394e-02 -5.002303e+00 3.720038e-04 9.999917e-01 4.055035e-03 -3.724535e-01 1.758257e-02 -4.060950e-03 9.998372e-01 3.316938e+01
9.999713e-01 4.699556e-04 7.561490e-03 -4.974376e+00 -4.632510e-04 9.999995e-01 -8.883498e-04 -3.824902e-01 -7.561903e-03 8.848220e-04 9.999710e-01 3.348549e+01
9.998793e-01 -1.638826e-03 -1.544978e-02 -5.010121e+00 1.684923e-03 9.999942e-01 2.971092e-03 -3.811834e-01 1.544482e-02 -2.996765e-03 9.998762e-01 3.333563e+01
9.999795e-01 6.092821e-04 6.378408e-03 -5.064471e+00 -6.046536e-04 9.999996e-01 -7.274964e-04 -3.776443e-01 -6.378848e-03 7.236253e-04 9.999794e-01 3.322075e+01
9.998879e-01 -9.137230e-04 -1.494695e-02 -5.004787e+00 9.643994e-04 9.999938e-01 3.383586e-03 -3.877680e-01 1.494377e-02 -3.397622e-03 9.998826e-01 3.335978e+01
9.996333e-01 -7.429231e-07 2.707744e-02 -6.017696e+00 5.449858e-05 9.999980e-01 -1.984505e-03 -2.970246e-01 -2.707739e-02 1.985254e-03 9.996314e-01 3.428442e+01
9.998622e-01 -7.859937e-04 -1.657953e-02 -7.097779e+00 8.389271e-04 9.999946e-01 3.186007e-03 -2.031443e-01 1.657693e-02 -3.199478e-03 9.998575e-01 3.545637e+01
9.999724e-01 9.735148e-04 7.364714e-03 -7.081466e+00 -9.766704e-04 9.999994e-01 4.249394e-04 -2.142786e-01 -7.364295e-03 -4.321200e-04 9.999728e-01 3.591134e+01
9.998708e-01 -4.187531e-04 -1.606822e-02 -7.114995e+00 4.750734e-04 9.999938e-01 3.501434e-03 -2.226701e-01 1.606665e-02 -3.508616e-03 9.998648e-01 3.648421e+01
9.999786e-01 5.267699e-04 6.514194e-03 -7.097808e+00 -5.286979e-04 9.999998e-01 2.943115e-04 -2.356455e-01 -6.514037e-03 -2.977487e-04 9.999787e-01 3.706697e+01
9.999147e-01 -9.431444e-05 -1.306210e-02 -7.203679e+00 1.451471e-04 9.999924e-01 3.890745e-03 -2.408299e-01 1.306164e-02 -3.892309e-03 9.999071e-01 3.799252e+01
9.999763e-01 7.395701e-04 6.846810e-03 -7.317703e+00 -7.518264e-04 9.999981e-01 1.787711e-03 -2.520159e-01 -6.845475e-03 -1.792816e-03 9.999750e-01 3.924500e+01
9.998715e-01 -3.053293e-04 -1.603078e-02 -7.341387e+00 3.511600e-04 9.999959e-01 2.856202e-03 -2.661304e-01 1.602984e-02 -2.861465e-03 9.998674e-01 4.026132e+01
9.999813e-01 5.479770e-04 6.084235e-03 -7.334756e+00 -5.605806e-04 9.999977e-01 2.070058e-03 -2.841267e-01 -6.083086e-03 -2.073429e-03 9.999793e-01 4.120082e+01
9.998957e-01 -1.063776e-04 -1.444399e-02 -7.371030e+00 1.490288e-04 9.999956e-01 2.951848e-03 -2.985077e-01 1.444361e-02 -2.953693e-03 9.998913e-01 4.217543e+01
9.999878e-01 6.153216e-04 4.898016e-03 -7.406157e+00 -6.243825e-04 9.999981e-01 1.848670e-03 -3.126002e-01 -4.896868e-03 -1.851705e-03 9.999863e-01 4.324408e+01
9.998916e-01 -7.008004e-04 -1.470868e-02 -7.363898e+00 7.384676e-04 9.999965e-01 2.555629e-03 -3.320785e-01 1.470684e-02 -2.566214e-03 9.998886e-01 4.411269e+01
9.999877e-01 2.941077e-04 4.943582e-03 -7.290557e+00 -2.974551e-04 9.999997e-01 6.764688e-04 -3.484363e-01 -4.943382e-03 -6.779305e-04 9.999876e-01 4.456154e+01
9.998922e-01 -5.975650e-04 -1.467345e-02 -7.220317e+00 6.333801e-04 9.999968e-01 2.436308e-03 -3.625750e-01 1.467195e-02 -2.445339e-03 9.998894e-01 4.489759e+01
9.999891e-01 5.630945e-04 4.626644e-03 -7.147555e+00 -5.656966e-04 9.999997e-01 5.612042e-04 -3.743386e-01 -4.626326e-03 -5.638149e-04 9.999891e-01 4.511196e+01
9.998752e-01 -4.096359e-04 -1.579337e-02 -7.070526e+00 4.452993e-04 9.999974e-01 2.254699e-03 -3.850646e-01 1.579240e-02 -2.261451e-03 9.998727e-01 4.527862e+01
9.999864e-01 4.160436e-04 5.193808e-03 -7.007574e+00 -4.186288e-04 9.999998e-01 4.967489e-04 -3.958431e-01 -5.193600e-03 -4.989158e-04 9.999864e-01 4.547442e+01
9.998763e-01 -4.406219e-04 -1.572508e-02 -6.939840e+00 4.799139e-04 9.999968e-01 2.495020e-03 -4.073672e-01 1.572393e-02 -2.502258e-03 9.998732e-01 4.571514e+01
9.999807e-01 2.491574e-04 6.202725e-03 -6.865459e+00 -2.553216e-04 9.999995e-01 9.930804e-04 -4.218445e-01 -6.202474e-03 -9.946444e-04 9.999803e-01 4.609187e+01
9.998635e-01 -1.729797e-04 -1.652000e-02 -6.814770e+00 2.165782e-04 9.999965e-01 2.637407e-03 -4.356598e-01 1.651949e-02 -2.640626e-03 9.998601e-01 4.651218e+01
9.999691e-01 6.964369e-04 7.833461e-03 -6.832078e+00 -7.088233e-04 9.999985e-01 1.578605e-03 -4.460920e-01 -7.832350e-03 -1.584109e-03 9.999681e-01 4.716567e+01
9.998472e-01 -8.244402e-04 -1.746252e-02 -6.804778e+00 8.644538e-04 9.999970e-01 2.283998e-03 -4.623012e-01 1.746058e-02 -2.298745e-03 9.998449e-01 4.782177e+01
9.999583e-01 5.298288e-04 9.121689e-03 -6.771790e+00 -5.440222e-04 9.999986e-01 1.553632e-03 -4.784999e-01 -9.120853e-03 -1.558529e-03 9.999572e-01 4.842755e+01
9.998498e-01 -4.382664e-04 -1.732480e-02 -6.778486e+00 4.938521e-04 9.999947e-01 3.204324e-03 -4.963859e-01 1.732330e-02 -3.212399e-03 9.998448e-01 4.937989e+01
9.999675e-01 5.316437e-04 8.043510e-03 -6.768486e+00 -5.400702e-04 9.999993e-01 1.045531e-03 -5.112352e-01 -8.042948e-03 -1.049840e-03 9.999671e-01 5.006837e+01
9.998427e-01 -7.781216e-04 -1.772072e-02 -6.713446e+00 8.175206e-04 9.999972e-01 2.216215e-03 -5.261961e-01 1.771894e-02 -2.230354e-03 9.998405e-01 5.050852e+01
9.999694e-01 3.937462e-04 7.816829e-03 -6.625663e+00 -4.002111e-04 9.999996e-01 8.255471e-04 -5.416301e-01 -7.816500e-03 -8.286497e-04 9.999691e-01 5.088954e+01
9.998514e-01 -5.945467e-04 -1.722820e-02 -6.502694e+00 6.281434e-04 9.999979e-01 1.944776e-03 -5.585673e-01 1.722701e-02 -1.955309e-03 9.998497e-01 5.127358e+01
9.999757e-01 2.006391e-04 6.962498e-03 -6.410696e+00 -2.089870e-04 9.999993e-01 1.198330e-03 -5.740694e-01 -6.962253e-03 -1.199756e-03 9.999750e-01 5.164913e+01
9.998844e-01 -7.796974e-04 -1.518571e-02 -6.297371e+00 8.148533e-04 9.999970e-01 2.309041e-03 -5.933385e-01 1.518387e-02 -2.321148e-03 9.998820e-01 5.216504e+01
9.999830e-01 4.945093e-04 5.816922e-03 -6.246668e+00 -5.015375e-04 9.999991e-01 1.206918e-03 -6.072812e-01 -5.816320e-03 -1.209814e-03 9.999824e-01 5.259438e+01
9.998807e-01 4.374216e-05 -1.544421e-02 -6.252717e+00 -8.125834e-06 9.999973e-01 2.306209e-03 -6.146813e-01 1.544427e-02 -2.305809e-03 9.998781e-01 5.298922e+01
9.999760e-01 4.466183e-04 6.917293e-03 -6.271363e+00 -4.602955e-04 9.999979e-01 1.975838e-03 -6.252090e-01 -6.916396e-03 -1.978974e-03 9.999741e-01 5.364581e+01
9.998522e-01 -3.254261e-04 -1.718945e-02 -6.242517e+00 3.550985e-04 9.999985e-01 1.723193e-03 -6.383167e-01 1.718887e-02 -1.729043e-03 9.998508e-01 5.412944e+01
9.999744e-01 9.794510e-05 7.156340e-03 -6.195954e+00 -1.028547e-04 9.999998e-01 6.857337e-04 -6.443663e-01 -7.156271e-03 -6.864517e-04 9.999742e-01 5.410445e+01
9.998574e-01 -3.299579e-04 -1.688134e-02 -6.169520e+00 3.573945e-04 9.999986e-01 1.622294e-03 -6.493002e-01 1.688078e-02 -1.628097e-03 9.998562e-01 5.406243e+01
9.999784e-01 2.210342e-04 6.564813e-03 -6.139119e+00 -2.269600e-04 9.999996e-01 9.019910e-04 -6.550732e-01 -6.564610e-03 -9.034609e-04 9.999780e-01 5.406139e+01
9.998714e-01 1.250222e-04 -1.603399e-02 -6.142714e+00 -8.967886e-05 9.999976e-01 2.204999e-03 -6.601721e-01 1.603423e-02 -2.203278e-03 9.998690e-01 5.427951e+01
9.999773e-01 2.272056e-04 6.727252e-03 -6.155631e+00 -2.325729e-04 9.999997e-01 7.971315e-04 -6.643334e-01 -6.727069e-03 -7.986776e-04 9.999771e-01 5.452370e+01
9.998828e-01 3.694133e-04 -1.530249e-02 -6.190737e+00 -3.310398e-04 9.999968e-01 2.510152e-03 -6.670063e-01 1.530336e-02 -2.504793e-03 9.998798e-01 5.484108e+01
9.999837e-01 -4.692855e-04 5.689089e-03 -6.125477e+00 4.679322e-04 9.999999e-01 2.392764e-04 -6.769137e-01 -5.689201e-03 -2.366099e-04 9.999838e-01 5.497823e+01
9.998720e-01 4.070876e-04 -1.599308e-02 -6.015872e+00 -3.687112e-04 9.999970e-01 2.402463e-03 -6.874401e-01 1.599401e-02 -2.396259e-03 9.998692e-01 5.505687e+01
9.999827e-01 -7.157221e-04 5.839501e-03 -5.926184e+00 7.125478e-04 9.999996e-01 5.457279e-04 -7.047455e-01 -5.839889e-03 -5.415571e-04 9.999828e-01 5.549643e+01
9.998965e-01 -1.077354e-05 -1.439032e-02 -5.829236e+00 5.346153e-05 9.999956e-01 2.966085e-03 -7.252158e-01 1.439022e-02 -2.966548e-03 9.998921e-01 5.609324e+01
9.999815e-01 -8.840088e-04 6.011819e-03 -5.724667e+00 8.811495e-04 9.999995e-01 4.783198e-04 -7.470657e-01 -6.012238e-03 -4.730132e-04 9.999818e-01 5.675589e+01
9.998994e-01 -5.662745e-05 -1.418751e-02 -5.605442e+00 1.027646e-04 9.999947e-01 3.251280e-03 -7.708519e-01 1.418725e-02 -3.252411e-03 9.998941e-01 5.749260e+01
9.999865e-01 -5.932159e-04 5.158471e-03 -5.518693e+00 5.893607e-04 9.999995e-01 7.489119e-04 -7.909769e-01 -5.158912e-03 -7.458611e-04 9.999864e-01 5.812037e+01
9.998843e-01 2.577898e-04 -1.520615e-02 -5.454196e+00 -2.166769e-04 9.999963e-01 2.705313e-03 -8.066564e-01 1.520680e-02 -2.701706e-03 9.998807e-01 5.858657e+01
9.999889e-01 -4.216232e-04 4.700692e-03 -5.381823e+00 4.201833e-04 9.999999e-01 3.073777e-04 -8.199487e-01 -4.700821e-03 -3.053986e-04 9.999889e-01 5.889610e+01
9.998941e-01 5.044070e-04 -1.454168e-02 -5.355592e+00 -4.644334e-04 9.999961e-01 2.752172e-03 -8.291272e-01 1.454301e-02 -2.745127e-03 9.998905e-01 5.914916e+01
9.999855e-01 -6.559612e-04 5.338399e-03 -5.315917e+00 6.553027e-04 9.999998e-01 1.251796e-04 -8.394440e-01 -5.338479e-03 -1.216791e-04 9.999857e-01 5.941972e+01
9.998834e-01 5.261581e-04 -1.526066e-02 -5.254783e+00 -4.816091e-04 9.999956e-01 2.922760e-03 -8.517066e-01 1.526213e-02 -2.915070e-03 9.998793e-01 5.969022e+01
9.999867e-01 -5.545058e-04 5.135881e-03 -5.199744e+00 5.540126e-04 9.999998e-01 9.754333e-05 -8.618800e-01 -5.135934e-03 -9.469622e-05 9.999868e-01 5.988014e+01
9.998796e-01 7.507253e-04 -1.550229e-02 -5.153770e+00 -7.046090e-04 9.999953e-01 2.980082e-03 -8.713460e-01 1.550446e-02 -2.968801e-03 9.998754e-01 6.008272e+01
9.999861e-01 -7.043500e-04 5.232121e-03 -5.108989e+00 7.046026e-04 9.999998e-01 -4.634728e-05 -8.801106e-01 -5.232087e-03 5.003366e-05 9.999863e-01 6.023573e+01
9.998856e-01 4.786363e-04 -1.512014e-02 -5.055310e+00 -4.348316e-04 9.999957e-01 2.900294e-03 -8.880599e-01 1.512147e-02 -2.893388e-03 9.998815e-01 6.031670e+01
9.999889e-01 -8.451131e-04 4.631702e-03 -4.983942e+00 8.460019e-04 9.999996e-01 -1.898310e-04 -8.937069e-01 -4.631540e-03 1.937478e-04 9.999893e-01 6.029196e+01
9.998998e-01 6.507438e-05 -1.415738e-02 -4.928587e+00 -2.852176e-05 9.999967e-01 2.582094e-03 -8.968821e-01 1.415751e-02 -2.581432e-03 9.998964e-01 6.016476e+01
9.999904e-01 -3.382727e-04 4.375980e-03 -4.912455e+00 3.382461e-04 9.999999e-01 6.934389e-06 -9.012794e-01 -4.375982e-03 -5.453711e-06 9.999904e-01 6.017234e+01
9.999008e-01 5.306302e-04 -1.407810e-02 -4.912201e+00 -4.911129e-04 9.999959e-01 2.810339e-03 -9.059995e-01 1.407954e-02 -2.803146e-03 9.998969e-01 6.035775e+01
9.999918e-01 -5.739531e-04 3.996591e-03 -4.900003e+00 5.740626e-04 9.999998e-01 -2.613509e-05 -9.113619e-01 -3.996575e-03 2.842961e-05 9.999920e-01 6.046167e+01
9.999147e-01 -1.178580e-04 -1.306351e-02 -4.905173e+00 1.495026e-04 9.999971e-01 2.421452e-03 -9.123408e-01 1.306319e-02 -2.423199e-03 9.999117e-01 6.037402e+01
9.999897e-01 -1.277938e-03 4.353888e-03 -4.874129e+00 1.281607e-03 9.999988e-01 -8.399621e-04 -9.105260e-01 -4.352809e-03 8.455339e-04 9.999902e-01 6.009625e+01
9.999185e-01 -2.131093e-03 -1.258576e-02 -4.788032e+00 2.151047e-03 9.999965e-01 1.572148e-03 -9.008685e-01 1.258236e-02 -1.599093e-03 9.999196e-01 5.942486e+01
9.999988e-01 3.283707e-04 1.501413e-03 -4.767425e+00 -3.292775e-04 9.999998e-01 6.040046e-04 -8.991607e-01 -1.501214e-03 -6.044979e-04 9.999987e-01 5.914613e+01
9.999352e-01 -2.674743e-04 -1.138508e-02 -4.737215e+00 2.995417e-04 9.999960e-01 2.815043e-03 -9.108402e-01 1.138428e-02 -2.818271e-03 9.999312e-01 5.954069e+01
9.999992e-01 4.573241e-04 1.192513e-03 -4.709406e+00 -4.582519e-04 9.999996e-01 7.783140e-04 -9.225215e-01 -1.192157e-03 -7.788594e-04 9.999990e-01 5.994315e+01
9.999361e-01 -1.420211e-04 -1.130805e-02 -4.698017e+00 1.777336e-04 9.999950e-01 3.157252e-03 -9.345902e-01 1.130754e-02 -3.159061e-03 9.999311e-01 6.051295e+01
9.999999e-01 1.640892e-04 4.789313e-04 -4.642712e+00 -1.639218e-04 9.999999e-01 -3.484841e-04 -9.461620e-01 -4.789883e-04 3.484059e-04 9.999998e-01 6.076692e+01
9.999278e-01 -1.022923e-04 -1.201406e-02 -4.564125e+00 1.370896e-04 9.999958e-01 2.895633e-03 -9.558285e-01 1.201371e-02 -2.897071e-03 9.999236e-01 6.084875e+01
9.999971e-01 -9.580577e-05 2.408350e-03 -4.452893e+00 9.601708e-05 1.000000e+00 -8.743207e-05 -9.707498e-01 -2.408341e-03 8.766348e-05 9.999971e-01 6.116365e+01
9.999210e-01 2.565172e-05 -1.256795e-02 -4.357564e+00 1.232742e-05 9.999954e-01 3.021855e-03 -9.833678e-01 1.256797e-02 -3.021772e-03 9.999165e-01 6.139717e+01
9.999963e-01 -1.456810e-04 2.711806e-03 -4.274008e+00 1.468531e-04 9.999999e-01 -4.318591e-04 -9.962921e-01 -2.711742e-03 4.322561e-04 9.999962e-01 6.165801e+01
9.999206e-01 -7.855760e-06 -1.259785e-02 -4.169025e+00 5.041383e-05 9.999943e-01 3.377925e-03 -1.010773e+00 1.259775e-02 -3.378293e-03 9.999149e-01 6.196349e+01
9.999964e-01 -1.496395e-04 2.669068e-03 -4.038816e+00 1.513431e-04 9.999998e-01 -6.379086e-04 -1.026438e+00 -2.668972e-03 6.383107e-04 9.999962e-01 6.229080e+01
9.999233e-01 -9.236451e-05 -1.238337e-02 -3.950972e+00 1.434304e-04 9.999915e-01 4.122962e-03 -1.041128e+00 1.238288e-02 -4.124422e-03 9.999148e-01 6.265231e+01
9.999984e-01 -8.527070e-06 1.784662e-03 -3.892815e+00 1.049716e-05 9.999994e-01 -1.103629e-03 -1.053701e+00 -1.784651e-03 1.103646e-03 9.999978e-01 6.296669e+01
9.999272e-01 6.292800e-05 -1.206538e-02 -3.819355e+00 -1.742894e-05 9.999929e-01 3.771150e-03 -1.062712e+00 1.206553e-02 -3.770665e-03 9.999201e-01 6.306047e+01
9.999980e-01 1.039378e-04 1.999851e-03 -3.787674e+00 -1.022972e-04 9.999997e-01 -8.201745e-04 -1.070590e+00 -1.999936e-03 8.199686e-04 9.999977e-01 6.321593e+01
9.999239e-01 -1.109552e-04 -1.233759e-02 -3.734809e+00 1.567135e-04 9.999931e-01 3.707987e-03 -1.080607e+00 1.233709e-02 -3.709638e-03 9.999170e-01 6.340778e+01
9.999979e-01 2.518584e-04 2.038447e-03 -3.688446e+00 -2.501136e-04 9.999996e-01 -8.559151e-04 -1.089010e+00 -2.038662e-03 8.554038e-04 9.999976e-01 6.353712e+01
9.999224e-01 -1.545081e-04 -1.245356e-02 -3.637401e+00 1.963370e-04 9.999943e-01 3.357678e-03 -1.095908e+00 1.245297e-02 -3.359863e-03 9.999168e-01 6.355274e+01
9.999982e-01 2.915357e-04 1.864057e-03 -3.585678e+00 -2.903951e-04 9.999998e-01 -6.118818e-04 -1.104435e+00 -1.864235e-03 6.113398e-04 9.999981e-01 6.366621e+01
9.999262e-01 -4.043084e-04 -1.214560e-02 -3.520987e+00 4.458365e-04 9.999941e-01 3.416719e-03 -1.116378e+00 1.214415e-02 -3.421882e-03 9.999204e-01 6.392066e+01
9.999988e-01 -4.134533e-04 1.459405e-03 -3.334163e+00 4.154263e-04 9.999990e-01 -1.351540e-03 -1.120319e+00 -1.458844e-03 1.352145e-03 9.999980e-01 6.367117e+01
9.999099e-01 -1.044460e-03 -1.338105e-02 -3.108713e+00 1.085200e-03 9.999948e-01 3.037763e-03 -1.122412e+00 1.337781e-02 -3.052011e-03 9.999059e-01 6.330981e+01
9.999915e-01 8.935915e-04 4.032126e-03 -3.058163e+00 -8.931997e-04 9.999996e-01 -9.885613e-05 -1.134450e+00 -4.032213e-03 9.525417e-05 9.999919e-01 6.367845e+01
9.999305e-01 -9.879374e-04 -1.174727e-02 -3.085053e+00 1.024659e-03 9.999946e-01 3.120429e-03 -1.140030e+00 1.174412e-02 -3.132250e-03 9.999261e-01 6.408059e+01
9.999942e-01 -4.605088e-04 3.363068e-03 -3.137108e+00 4.652822e-04 9.999989e-01 -1.418587e-03 -1.134512e+00 -3.362411e-03 1.420144e-03 9.999933e-01 6.386286e+01
9.999363e-01 -1.686001e-03 -1.116316e-02 -3.180272e+00 1.719755e-03 9.999940e-01 3.014801e-03 -1.125123e+00 1.115801e-02 -3.033807e-03 9.999331e-01 6.356475e+01
9.999907e-01 -1.537572e-04 4.303074e-03 -3.243820e+00 1.598923e-04 9.999990e-01 -1.425333e-03 -1.115290e+00 -4.302850e-03 1.426008e-03 9.999897e-01 6.329787e+01
9.999016e-01 -8.626065e-04 -1.399850e-02 -3.224403e+00 9.106830e-04 9.999937e-01 3.428427e-03 -1.115367e+00 1.399546e-02 -3.440839e-03 9.998961e-01 6.313321e+01
9.999908e-01 2.450020e-04 4.283986e-03 -3.183186e+00 -2.391708e-04 9.999990e-01 -1.361489e-03 -1.117060e+00 -4.284315e-03 1.360452e-03 9.999899e-01 6.296901e+01
9.999039e-01 -2.346478e-03 -1.366097e-02 -3.058692e+00 2.386368e-03 9.999929e-01 2.904426e-03 -1.112986e+00 1.365406e-02 -2.936747e-03 9.999025e-01 6.249412e+01
9.999973e-01 1.046330e-03 2.085902e-03 -2.902564e+00 -1.045065e-03 9.999993e-01 -6.069760e-04 -1.115221e+00 -2.086536e-03 6.047948e-04 9.999976e-01 6.220531e+01
9.999269e-01 -1.083532e-03 -1.203843e-02 -2.818246e+00 1.125321e-03 9.999934e-01 3.465097e-03 -1.125536e+00 1.203460e-02 -3.478391e-03 9.999215e-01 6.237590e+01
9.999992e-01 4.338336e-04 1.155588e-03 -2.705728e+00 -4.324942e-04 9.999992e-01 -1.158581e-03 -1.129029e+00 -1.156090e-03 1.158080e-03 9.999987e-01 6.223277e+01
9.999316e-01 -2.620768e-03 -1.140088e-02 -2.561670e+00 2.651526e-03 9.999929e-01 2.683642e-03 -1.125085e+00 1.139377e-02 -2.713688e-03 9.999314e-01 6.174181e+01
9.999962e-01 1.457372e-03 2.328969e-03 -2.584493e+00 -1.455644e-03 9.999987e-01 -7.433517e-04 -1.123130e+00 -2.330050e-03 7.399591e-04 9.999970e-01 6.158549e+01
9.999184e-01 -1.471355e-03 -1.268608e-02 -2.523871e+00 1.515857e-03 9.999927e-01 3.499096e-03 -1.133443e+00 1.268084e-02 -3.518041e-03 9.999134e-01 6.176010e+01
9.999970e-01 1.441221e-03 1.968178e-03 -2.399653e+00 -1.439411e-03 9.999985e-01 -9.201582e-04 -1.144403e+00 -1.969501e-03 9.173228e-04 9.999976e-01 6.187723e+01
9.999389e-01 -1.709105e-03 -1.092484e-02 -2.276920e+00 1.747242e-03 9.999924e-01 3.482304e-03 -1.152246e+00 1.091881e-02 -3.501180e-03 9.999343e-01 6.184641e+01
9.999995e-01 6.610108e-04 6.959855e-04 -2.151968e+00 -6.601400e-04 9.999990e-01 -1.249926e-03 -1.156254e+00 -6.968109e-04 1.249466e-03 9.999990e-01 6.167302e+01
9.999420e-01 -7.401739e-04 -1.074339e-02 -2.025474e+00 7.841845e-04 9.999913e-01 4.092942e-03 -1.171015e+00 1.074027e-02 -4.101130e-03 9.999339e-01 6.198569e+01
9.999997e-01 5.980835e-04 5.065144e-04 -1.918564e+00 -5.975689e-04 9.999993e-01 -1.014413e-03 -1.183275e+00 -5.071207e-04 1.014111e-03 9.999994e-01 6.220434e+01
9.999494e-01 -3.183297e-03 -9.542939e-03 -1.797227e+00 3.204411e-03 9.999925e-01 2.198028e-03 -1.176836e+00 9.535870e-03 -2.228496e-03 9.999520e-01 6.159249e+01
9.999996e-01 1.735502e-04 -8.958356e-04 -1.602662e+00 -1.747925e-04 9.999990e-01 -1.387414e-03 -1.172555e+00 8.955940e-04 1.387570e-03 9.999986e-01 6.094716e+01
9.999511e-01 -2.513765e-03 -9.568964e-03 -1.434671e+00 2.542523e-03 9.999923e-01 2.994400e-03 -1.169240e+00 9.561363e-03 -3.018583e-03 9.999497e-01 6.041901e+01
9.999997e-01 9.821213e-05 -8.164231e-04 -1.300911e+00 -9.940977e-05 9.999989e-01 -1.467658e-03 -1.163850e+00 8.162781e-04 1.467739e-03 9.999986e-01 5.988277e+01
9.999798e-01 -1.551151e-03 -6.158978e-03 -1.322490e+00 1.572776e-03 9.999926e-01 3.507880e-03 -1.160145e+00 6.153491e-03 -3.517496e-03 9.999749e-01 5.972259e+01
9.999970e-01 8.757706e-04 -2.266199e-03 -1.310404e+00 -8.782474e-04 9.999990e-01 -1.092421e-03 -1.163244e+00 2.265240e-03 1.094409e-03 9.999968e-01 5.976408e+01
9.999756e-01 -1.224362e-03 -6.879146e-03 -1.237105e+00 1.251423e-03 9.999915e-01 3.930848e-03 -1.172446e+00 6.874275e-03 -3.939361e-03 9.999686e-01 5.985506e+01
9.999974e-01 6.681489e-04 -2.198257e-03 -1.201425e+00 -6.711495e-04 9.999988e-01 -1.364782e-03 -1.177794e+00 2.197343e-03 1.366254e-03 9.999967e-01 5.988159e+01
9.999856e-01 -2.871183e-03 -4.543063e-03 -1.194127e+00 2.883102e-03 9.999924e-01 2.619379e-03 -1.171664e+00 4.535508e-03 -2.632439e-03 9.999862e-01 5.948044e+01
9.999951e-01 -2.157883e-04 -3.130357e-03 -1.198319e+00 2.110364e-04 9.999988e-01 -1.518406e-03 -1.163404e+00 3.130681e-03 1.517738e-03 9.999939e-01 5.898004e+01
