1.000000e+00 1.197624e-11 1.704639e-10 3.214096e-14 1.197625e-11 1.000000e+00 3.562503e-10 -1.998401e-15 1.704639e-10 3.562503e-10 1.000000e+00 -4.041212e-14 0.000000e+00 0.000000e+00 0.000000e+00 1.000000e+00
8.883400e-01 1.059300e-01 -4.468007e-01 1.610133e-02 -9.069510e-02 9.943354e-01 5.542046e-02 -4.609754e-02 4.501405e-01 -8.709580e-03 8.929153e-01 1.300243e+00
9.985584e-01 -3.689619e-03 5.354885e-02 2.017521e-01 1.553499e-03 9.992033e-01 3.987799e-02 -9.343716e-02 -5.365332e-02 -3.973731e-02 9.977686e-01 2.536812e+00
7.591153e-01 1.544095e-01 -6.323778e-01 2.375364e-01 -1.346979e-01 9.876944e-01 7.947481e-02 -1.406201e-01 6.368677e-01 2.484944e-02 7.705725e-01 3.875592e+00
9.968261e-01 -7.734366e-03 7.923352e-02 9.273481e-02 5.937980e-03 9.997205e-01 2.288264e-02 -1.838553e-01 -7.938836e-02 -2.233952e-02 9.965934e-01 5.274747e+00
8.429746e-01 1.098199e-01 -5.266245e-01 -5.407049e-02 -1.088710e-01 9.935109e-01 3.291111e-02 -2.148909e-01 5.268215e-01 2.959089e-02 8.494607e-01 6.290965e+00
9.953056e-01 5.187744e-02 8.170391e-02 1.718725e-01 -6.033412e-02 9.926731e-01 1.046895e-01 -2.844659e-01 -7.567425e-02 -1.091276e-01 9.911431e-01 8.047390e+00
8.396558e-01 1.847631e-01 -5.107257e-01 8.095669e-01 -1.579802e-01 9.827831e-01 9.581075e-02 -3.827895e-01 5.196349e-01 2.364938e-04 8.543884e-01 1.045084e+01
9.827281e-01 -1.776918e-01 -5.168181e-02 1.199301e+00 1.806900e-01 9.816680e-01 6.065499e-02 -4.300002e-01 3.995649e-02 -6.894576e-02 9.968199e-01 1.173504e+01
7.606490e-01 3.051457e-01 -5.729740e-01 1.055522e+00 -2.891231e-01 9.495055e-01 1.218491e-01 -4.638193e-01 5.812237e-01 7.297565e-02 8.104650e-01 1.279869e+01
9.867780e-01 -1.604523e-01 -2.289520e-02 9.642003e-01 1.567732e-01 9.807556e-01 -1.163638e-01 -4.991825e-01 4.112543e-02 1.112358e-01 9.929427e-01 1.391969e+01
8.636400e-01 2.745184e-01 -4.228069e-01 8.632317e-01 -1.566945e-01 9.433611e-01 2.924322e-01 -5.391090e-01 4.791376e-01 -1.863047e-01 8.577399e-01 1.509513e+01
9.993022e-01 -9.378577e-03 -3.615584e-02 7.031805e-01 -1.110027e-03 9.600815e-01 -2.797183e-01 -5.845789e-01 3.733591e-02 2.795632e-01 9.594011e-01 1.645835e+01
8.668436e-01 1.465866e-01 -4.765445e-01 6.438620e-01 3.384994e-03 9.540506e-01 2.996264e-01 -6.304779e-01 4.985687e-01 -2.613423e-01 8.265164e-01 1.776695e+01
9.898604e-01 1.285729e-01 -6.037744e-02 5.331851e-01 -1.396169e-01 9.589151e-01 -2.469594e-01 -6.706389e-01 2.614456e-02 2.528851e-01 9.671430e-01 1.901971e+01
8.987664e-01 -1.833537e-02 -4.380442e-01 4.322010e-01 1.280116e-01 9.665627e-01 2.221928e-01 -7.089371e-01 4.193232e-01 -2.557742e-01 8.710612e-01 2.016435e+01
9.645251e-01 2.639904e-01 -7.094004e-04 7.408137e-01 -2.623715e-01 9.583063e-01 -1.131820e-01 -7.675123e-01 -2.919915e-02 1.093530e-01 9.935740e-01 2.163554e+01
9.252587e-01 -1.570096e-01 -3.453176e-01 1.436066e+00 2.500107e-01 9.370372e-01 2.438358e-01 -8.361998e-01 2.852909e-01 -3.119444e-01 9.062559e-01 2.329172e+01
9.369899e-01 3.414475e-01 -7.391589e-02 2.075832e+00 -3.439490e-01 9.386846e-01 -2.388168e-02 -9.018641e-01 6.122936e-02 4.780019e-02 9.969785e-01 2.491653e+01
9.160862e-01 -2.313298e-01 -3.275249e-01 2.704259e+00 2.866187e-01 9.489906e-01 1.314027e-01 -9.678346e-01 2.804207e-01 -2.142509e-01 9.356606e-01 2.656606e+01
9.412384e-01 3.369824e-01 2.265460e-02 3.140404e+00 -3.377390e-01 9.387808e-01 6.799290e-02 -1.026458e+00 1.644703e-03 -7.164887e-02 9.974286e-01 2.805712e+01
8.470548e-01 -2.175903e-01 -4.849253e-01 3.679663e+00 2.339382e-01 9.718640e-01 -2.744694e-02 -1.085079e+00 4.772536e-01 -9.019350e-02 8.741248e-01 2.953522e+01
9.702715e-01 2.381575e-01 4.306157e-02 3.957432e+00 -2.420127e-01 9.534607e-01 1.798402e-01 -1.120623e+00 1.772786e-03 -1.849153e-01 9.827529e-01 3.049657e+01
8.129914e-01 -1.330565e-01 -5.668694e-01 3.904251e+00 2.910310e-02 9.816100e-01 -1.886661e-01 -1.145474e+00 5.815479e-01 1.368862e-01 8.019129e-01 3.130332e+01
9.510745e-01 6.975909e-02 3.009835e-01 4.355069e+00 -1.631201e-01 9.407113e-01 2.974124e-01 -1.199221e+00 -2.623913e-01 -3.319578e-01 9.060656e-01 3.256408e+01
9.036451e-01 -4.687942e-02 -4.257087e-01 4.902618e+00 -2.906726e-02 9.849862e-01 -1.701681e-01 -1.263076e+00 4.272946e-01 1.661458e-01 8.887153e-01 3.405556e+01
9.916706e-01 1.357426e-02 1.280830e-01 5.381829e+00 -6.029676e-02 9.276589e-01 3.685285e-01 -1.326759e+00 -1.138148e-01 -3.731818e-01 9.207505e-01 3.565751e+01
9.359517e-01 6.228361e-02 -3.465764e-01 5.789137e+00 -1.310089e-01 9.751702e-01 -1.785490e-01 -1.389371e+00 3.268503e-01 2.125178e-01 9.208719e-01 3.722422e+01
9.927970e-01 -7.258875e-02 9.531564e-02 6.160316e+00 3.753459e-02 9.439575e-01 3.279258e-01 -1.448251e+00 -1.137776e-01 -3.219861e-01 9.398827e-01 3.867945e+01
8.513785e-01 1.950385e-01 -4.869442e-01 6.704247e+00 -2.658169e-01 9.607016e-01 -7.996193e-02 -1.508751e+00 4.522124e-01 1.975158e-01 8.697652e-01 4.022268e+01
9.721532e-01 -2.317315e-01 3.490908e-02 7.235716e+00 2.137817e-01 9.379710e-01 2.729613e-01 -1.561494e+00 -9.599742e-02 -2.578973e-01 9.613914e-01 4.154512e+01
8.287383e-01 3.235089e-01 -4.566561e-01 7.793210e+00 -3.516968e-01 9.357885e-01 2.468217e-02 -1.611179e+00 4.353185e-01 1.401495e-01 8.893008e-01 4.276618e+01
9.417663e-01 -3.208593e-01 -1.006256e-01 8.439420e+00 3.314422e-01 9.362307e-01 1.166972e-01 -1.658531e+00 5.676540e-02 -1.432530e-01 9.880568e-01 4.394726e+01
7.843858e-01 3.402630e-01 -5.186136e-01 8.973367e+00 -2.888358e-01 9.402915e-01 1.800717e-01 -1.684831e+00 5.489197e-01 8.548468e-03 8.358314e-01 4.463452e+01
9.374923e-01 -3.477934e-01 -1.216207e-02 9.436290e+00 3.418275e-01 9.268418e-01 -1.553005e-01 -1.700493e+00 6.528479e-02 1.414357e-01 9.877924e-01 4.500540e+01
8.473656e-01 3.084513e-01 -4.322375e-01 9.823687e+00 -1.468672e-01 9.183755e-01 3.674459e-01 -1.713402e+00 5.102955e-01 -2.478795e-01 8.235012e-01 4.536864e+01
9.737490e-01 -1.914716e-01 -1.230918e-01 1.035191e+01 1.348895e-01 9.209777e-01 -3.655200e-01 -1.731199e+00 1.833515e-01 3.393210e-01 9.226286e-01 4.576480e+01
9.659378e-01 1.907860e-01 -1.748282e-01 1.081609e+01 -7.555826e-02 8.540985e-01 5.145937e-01 -1.768693e+00 2.474978e-01 -4.838558e-01 8.394215e-01 4.669886e+01
9.718278e-01 -9.595906e-04 -2.356901e-01 1.116354e+01 -8.725696e-02 9.274732e-01 -3.635652e-01 -1.801473e+00 2.189452e-01 3.738884e-01 9.012605e-01 4.759561e+01
9.115825e-01 -2.426438e-02 -4.104006e-01 1.161617e+01 2.069835e-01 8.895965e-01 4.071559e-01 -1.832655e+00 3.552115e-01 -4.561023e-01 8.159629e-01 4.839479e+01
8.679396e-01 1.925735e-01 -4.578170e-01 1.215829e+01 -3.241320e-01 9.180417e-01 -2.283369e-01 -1.851632e+00 3.763235e-01 3.465758e-01 8.592240e-01 4.889869e+01
8.700497e-01 -3.438194e-01 -3.532728e-01 1.259644e+01 4.187700e-01 8.935820e-01 1.616876e-01 -1.867258e+00 2.600869e-01 -2.886163e-01 9.214420e-01 4.934582e+01
7.014598e-01 3.753997e-01 -6.058294e-01 1.307025e+01 -3.780989e-01 9.165686e-01 1.301660e-01 -1.872429e+00 6.041484e-01 1.377572e-01 7.848743e-01 4.955682e+01
7.825791e-01 -4.456394e-01 -4.347132e-01 1.366586e+01 3.034409e-01 8.827607e-01 -3.586880e-01 -1.865827e+00 5.435933e-01 1.487920e-01 8.260553e-01 4.946821e+01
7.695533e-01 2.128040e-01 -6.020816e-01 1.433450e+01 5.001397e-02 9.198592e-01 3.890472e-01 -1.855963e+00 6.366211e-01 -3.295050e-01 6.972374e-01 4.927794e+01
8.707632e-01 -2.134736e-02 -4.912391e-01 1.492743e+01 -1.859691e-01 9.105470e-01 -3.692149e-01 -1.849288e+00 4.551780e-01 4.128540e-01 7.889008e-01 4.916830e+01
5.372377e-01 -2.846087e-01 -7.939607e-01 1.571055e+01 4.397315e-01 8.978009e-01 -2.428531e-02 -1.831590e+00 7.197304e-01 -3.360826e-01 6.074839e-01 4.876732e+01
8.002304e-01 3.423853e-01 -4.923450e-01 1.648100e+01 -3.341352e-01 9.363121e-01 1.080430e-01 -1.807482e+00 4.979809e-01 7.805051e-02 8.636684e-01 4.822716e+01
5.138429e-01 -4.670634e-01 -7.195952e-01 1.735153e+01 1.178757e-01 8.692854e-01 -4.800502e-01 -1.775670e+00 8.497475e-01 1.618476e-01 5.017315e-01 4.747311e+01
8.204142e-01 2.311505e-02 -5.713022e-01 1.847606e+01 2.075687e-01 9.189757e-01 3.352595e-01 -1.759507e+00 5.327624e-01 -3.936361e-01 7.491428e-01 4.704089e+01
4.822474e-01 7.004507e-02 -8.732303e-01 1.945566e+01 -3.549446e-01 9.269365e-01 -1.216675e-01 -1.731996e+00 8.009069e-01 3.686222e-01 4.718749e-01 4.649660e+01
7.948091e-01 -4.523701e-01 -4.045241e-01 2.041202e+01 3.998427e-01 8.918066e-01 -2.116761e-01 -1.700550e+00 4.565132e-01 6.496079e-03 8.896929e-01 4.572092e+01
4.919835e-01 2.748476e-01 -8.260817e-01 2.143553e+01 1.673849e-02 9.456983e-01 3.246143e-01 -1.686391e+00 8.704436e-01 -1.735323e-01 4.606674e-01 4.537230e+01
9.125361e-01 -3.953001e-02 -4.070813e-01 2.247160e+01 -1.177434e-01 9.277911e-01 -3.540341e-01 -1.688995e+00 3.916814e-01 3.710000e-01 8.419885e-01 4.548734e+01
5.631463e-01 -2.423877e-01 -7.900091e-01 2.325716e+01 4.346687e-01 8.999588e-01 3.372504e-02 -1.677873e+00 7.028011e-01 -3.623843e-01 6.121668e-01 4.537125e+01
9.168690e-01 3.821400e-01 1.154131e-01 2.370964e+01 -3.720871e-01 9.228363e-01 -9.962111e-02 -1.685155e+00 -1.445766e-01 4.839580e-02 9.883094e-01 4.555859e+01
7.923472e-01 -3.467279e-01 -5.019618e-01 2.402091e+01 3.928714e-01 9.194715e-01 -1.497291e-02 -1.704733e+00 4.667311e-01 -1.853427e-01 8.647602e-01 4.605313e+01
8.263734e-01 3.503264e-01 4.408836e-01 2.430195e+01 -3.699761e-01 9.280024e-01 -4.392380e-02 -1.737107e+00 -4.245287e-01 -1.268189e-01 8.964889e-01 4.684458e+01
7.520589e-01 -2.704703e-01 -6.010434e-01 2.447924e+01 3.001561e-01 9.524157e-01 -5.301623e-02 -1.775845e+00 5.867825e-01 -1.405355e-01 7.974560e-01 4.785374e+01
9.634605e-01 2.521305e-01 9.041085e-02 2.470188e+01 -2.600719e-01 9.613334e-01 9.055829e-02 -1.773970e+00 -6.408246e-02 -1.107627e-01 9.917787e-01 4.788839e+01
6.098899e-01 -3.329140e-01 -7.191679e-01 2.536124e+01 1.684739e-01 9.412067e-01 -2.928250e-01 -1.743974e+00 7.743712e-01 5.743002e-02 6.301198e-01 4.714321e+01
8.788945e-01 1.290488e-01 4.592285e-01 2.545805e+01 -2.477106e-01 9.462018e-01 2.081867e-01 -1.744978e+00 -4.076566e-01 -2.967299e-01 8.635783e-01 4.723558e+01
-2.339271e-01 -3.333210e-01 -9.133319e-01 2.661010e+01 -2.206144e-01 9.330905e-01 -2.840271e-01 -1.723385e+00 9.468936e-01 1.350526e-01 -2.918106e-01 4.662844e+01
9.576764e-01 -2.400403e-01 1.588603e-01 2.828498e+01 2.204786e-01 9.665164e-01 1.312830e-01 -1.710503e+00 -1.850543e-01 -9.070132e-02 9.785337e-01 4.617182e+01
3.061385e-02 1.470506e-01 -9.886551e-01 2.911818e+01 -1.888210e-02 9.890273e-01 1.465212e-01 -1.687559e+00 9.993529e-01 1.418231e-02 3.305456e-02 4.589053e+01
9.798434e-01 -2.593500e-02 1.980767e-01 3.013612e+01 5.350568e-02 9.893811e-01 -1.351375e-01 -1.681518e+00 -1.924686e-01 1.430118e-01 9.708262e-01 4.570536e+01
-2.513386e-02 -5.831300e-02 -9.979819e-01 3.081041e+01 2.287645e-01 9.714718e-01 -6.252535e-02 -1.648656e+00 9.731573e-01 -2.298743e-01 -1.107689e-02 4.514377e+01
5.916854e-01 1.715304e-01 7.877092e-01 3.070074e+01 -1.761741e-01 9.809969e-01 -8.128778e-02 -1.644787e+00 -7.866836e-01 -9.067714e-02 6.106608e-01 4.532218e+01
-3.652115e-02 -2.314093e-01 -9.721707e-01 3.057606e+01 9.015055e-02 9.680903e-01 -2.338246e-01 -1.630769e+00 9.952583e-01 -9.618127e-02 -1.449410e-02 4.532217e+01
4.784748e-01 6.365249e-02 8.757912e-01 3.053225e+01 -2.270763e-01 9.724127e-01 5.338463e-02 -1.616813e+00 -8.482324e-01 -2.244146e-01 4.797289e-01 4.521100e+01
-2.369072e-02 -1.758954e-01 -9.841238e-01 3.033901e+01 -1.036611e-01 9.795260e-01 -1.725782e-01 -1.612527e+00 9.943305e-01 9.792686e-02 -4.143918e-02 4.542463e+01
4.668615e-01 -1.348500e-01 8.739885e-01 3.028188e+01 -1.117690e-01 9.713822e-01 2.095812e-01 -1.610395e+00 -8.772389e-01 -1.955302e-01 4.384289e-01 4.557262e+01
-2.941161e-02 -6.182156e-02 -9.976538e-01 3.025074e+01 -2.166035e-01 9.747641e-01 -5.401752e-02 -1.600139e+00 9.758165e-01 2.145066e-01 -4.206015e-02 4.555091e+01
4.379424e-01 -2.732412e-01 8.564728e-01 3.013296e+01 -1.150446e-02 9.509104e-01 3.092523e-01 -1.597299e+00 -8.989294e-01 -1.452880e-01 4.133005e-01 4.578028e+01
-8.346606e-02 4.354224e-02 -9.955589e-01 3.007715e+01 -3.128644e-01 9.473844e-01 6.766531e-02 -1.591641e+00 9.461233e-01 3.171227e-01 -6.545163e-02 4.587114e+01
2.700376e-01 -3.515321e-01 8.963843e-01 2.999379e+01 1.590792e-01 9.344646e-01 3.185430e-01 -1.583026e+00 -9.496176e-01 5.657749e-02 3.082620e-01 4.588517e+01
-1.482913e-01 1.625362e-01 -9.754956e-01 2.994208e+01 -2.932814e-01 9.347996e-01 2.003391e-01 -1.576256e+00 9.444553e-01 3.158032e-01 -9.095383e-02 4.589444e+01
4.709222e-01 -2.606320e-01 8.427949e-01 3.014956e+01 3.628091e-01 9.280452e-01 8.427131e-02 -1.563043e+00 -8.041156e-01 2.660884e-01 5.315967e-01 4.564417e+01
8.403250e-03 3.830429e-01 -9.236923e-01 3.018424e+01 -6.711706e-02 9.218580e-01 3.816716e-01 -1.557940e+00 9.977097e-01 5.878823e-02 3.345532e-02 4.566652e+01
2.234657e-01 -1.468277e-01 9.635895e-01 3.019295e+01 3.802457e-01 9.233931e-01 5.252010e-02 -1.565795e+00 -8.974833e-01 3.546643e-01 2.621773e-01 4.595767e+01
-1.084432e-01 4.484463e-01 -8.872069e-01 3.009646e+01 -4.796423e-02 8.890704e-01 4.552508e-01 -1.572208e+00 9.929449e-01 9.192306e-02 -7.490427e-02 4.631954e+01
2.045862e-01 -1.052205e-01 9.731768e-01 3.003446e+01 4.335150e-01 9.011244e-01 6.294377e-03 -1.579968e+00 -8.776157e-01 4.205990e-01 2.299722e-01 4.666570e+01
-1.017732e-01 4.898830e-01 -8.658273e-01 2.997950e+01 8.131339e-03 8.707270e-01 4.916995e-01 -1.587430e+00 9.947744e-01 4.300148e-02 -9.260005e-02 4.700023e+01
2.817524e-01 -6.353983e-02 9.573810e-01 2.988167e+01 4.428647e-01 8.937717e-01 -7.101465e-02 -1.593179e+00 -8.511677e-01 4.439988e-01 2.799618e-01 4.735524e+01
-1.717615e-01 5.056045e-01 -8.454952e-01 2.971440e+01 1.132052e-01 8.626946e-01 4.928922e-01 -1.592188e+00 9.786126e-01 -1.105454e-02 -2.054147e-01 4.764944e+01
3.948260e-01 1.033386e-01 9.129258e-01 2.963274e+01 3.801062e-01 8.862551e-01 -2.647095e-01 -1.592433e+00 -8.364399e-01 4.515230e-01 3.106369e-01 4.788293e+01
-3.202118e-01 3.822350e-01 -8.668107e-01 2.967131e+01 4.126385e-01 8.799056e-01 2.355750e-01 -1.586959e+00 8.527566e-01 -2.822456e-01 -4.394811e-01 4.791154e+01
3.829262e-01 4.548572e-01 8.040351e-01 2.967030e+01 1.378228e-01 8.325044e-01 -5.366017e-01 -1.576949e+00 -9.134399e-01 3.162932e-01 2.560980e-01 4.787523e+01
-3.926387e-01 4.932730e-02 -9.183690e-01 2.995809e+01 6.039102e-01 7.669439e-01 -2.170013e-01 -1.556159e+00 6.936334e-01 -6.398156e-01 -3.309211e-01 4.747134e+01
1.658631e-02 5.884563e-01 8.083589e-01 2.995273e+01 -2.625132e-01 7.826707e-01 -5.643698e-01 -1.552906e+00 -9.647858e-01 -2.028441e-01 1.674592e-01 4.753624e+01
-5.545669e-01 -2.613577e-01 -7.900302e-01 2.998670e+01 3.447107e-01 7.919548e-01 -5.039664e-01 -1.547588e+00 7.573837e-01 -5.518149e-01 -3.490992e-01 4.756655e+01
9.337303e-02 3.761257e-01 9.218519e-01 2.997275e+01 -5.255363e-01 8.050227e-01 -2.752273e-01 -1.537380e+00 -8.456318e-01 -4.587678e-01 2.728351e-01 4.753382e+01
-3.939055e-01 -5.298882e-01 -7.510373e-01 2.979963e+01 9.972153e-03 8.145871e-01 -5.799555e-01 -1.538815e+00 9.190968e-01 -2.359371e-01 -3.155862e-01 4.784397e+01
1.946490e-01 -4.306325e-02 9.799272e-01 2.958934e+01 -6.195456e-01 7.691275e-01 1.568637e-01 -1.549534e+00 -7.604440e-01 -6.376429e-01 1.230302e-01 4.841481e+01
-2.184828e-01 -5.865099e-01 -7.799175e-01 2.947916e+01 -3.800143e-01 7.872716e-01 -4.855847e-01 -1.555089e+00 8.988072e-01 1.902879e-01 -3.948875e-01 4.879717e+01
2.610603e-01 -3.959103e-01 8.803991e-01 2.956026e+01 -3.867089e-01 7.927541e-01 4.711658e-01 -1.552709e+00 -8.844793e-01 -4.634609e-01 5.385460e-02 4.884615e+01
6.436223e-02 -3.245265e-01 -9.436843e-01 2.956977e+01 -4.969397e-01 8.096338e-01 -3.123203e-01 -1.564932e+00 8.653949e-01 4.890558e-01 -1.091603e-01 4.924255e+01
3.508681e-01 -5.479360e-01 7.593798e-01 2.955472e+01 -1.758079e-01 7.579703e-01 6.281502e-01 -1.575545e+00 -9.197734e-01 -3.539029e-01 1.696161e-01 4.964663e+01
-2.334412e-01 -1.448832e-01 -9.615165e-01 2.945466e+01 -6.959664e-01 7.154649e-01 6.116213e-02 -1.588214e+00 6.790699e-01 6.834609e-01 -2.678529e-01 5.016208e+01
2.532058e-01 -7.109498e-01 6.560771e-01 2.938327e+01 3.059840e-01 7.022168e-01 6.428572e-01 -1.592471e+00 -9.177476e-01 3.797396e-02 3.953446e-01 5.048811e+01
-3.056440e-01 3.346434e-01 -8.914009e-01 2.938740e+01 -5.622262e-01 6.921306e-01 4.526112e-01 -1.592787e+00 7.684292e-01 6.395069e-01 -2.340026e-02 5.066954e+01
2.600424e-01 -5.466886e-01 7.959331e-01 2.937809e+01 6.979186e-01 6.760594e-01 2.363333e-01 -1.591136e+00 -6.672988e-01 4.940398e-01 5.573482e-01 5.080308e+01
-2.189252e-01 6.461732e-01 -7.311169e-01 2.947184e+01 -2.264585e-02 7.457269e-01 6.658668e-01 -1.578404e+00 9.754788e-01 1.623318e-01 -1.486252e-01 5.063429e+01
4.232423e-01 -1.055939e-02 9.059550e-01 2.963624e+01 6.516605e-01 6.982428e-01 -2.963031e-01 -1.566285e+00 -6.294478e-01 7.157831e-01 3.024070e-01 5.043283e+01
1.610301e-01 6.571381e-01 -7.363687e-01 2.955047e+01 2.661733e-01 6.895439e-01 6.735585e-01 -1.564037e+00 9.503794e-01 -3.044649e-01 -6.387524e-02 5.055236e+01
3.961813e-01 1.984795e-01 8.964632e-01 2.962329e+01 5.718518e-01 7.105317e-01 -4.100368e-01 -1.573074e+00 -7.183494e-01 6.750931e-01 1.679985e-01 5.084479e+01
-3.436485e-01 5.558499e-01 -7.569257e-01 3.015126e+01 6.739059e-01 7.073096e-01 2.134571e-01 -1.564408e+00 6.540309e-01 -4.367425e-01 -6.176565e-01 5.061598e+01
4.467244e-01 7.163281e-01 5.360143e-01 3.057382e+01 -9.230412e-02 6.328230e-01 -7.687750e-01 -1.541201e+00 -8.898973e-01 2.939542e-01 3.488175e-01 5.010194e+01
-3.403485e-01 -1.293162e-01 -9.313647e-01 3.075497e+01 7.325495e-01 5.845268e-01 -3.488547e-01 -1.529938e+00 5.895202e-01 -8.010029e-01 -1.042123e-01 4.994317e+01
-2.802720e-01 6.899385e-01 6.674073e-01 3.076786e+01 -2.236639e-01 6.291998e-01 -7.443669e-01 -1.552202e+00 -9.334999e-01 -3.579001e-01 -2.203276e-02 5.055662e+01
-4.871164e-01 -1.782530e-01 -8.549523e-01 3.081705e+01 5.527700e-01 6.949741e-01 -4.598438e-01 -1.581349e+00 6.761383e-01 -6.965894e-01 -2.400004e-01 5.133615e+01
-2.288575e-01 4.840089e-01 8.446062e-01 3.088937e+01 -4.316837e-01 7.271975e-01 -5.336974e-01 -1.602274e+00 -8.725098e-01 -4.867434e-01 4.251409e-02 5.192583e+01
-3.027880e-01 -3.535082e-01 -8.850714e-01 3.103266e+01 4.261414e-01 7.804443e-01 -4.575043e-01 -1.630927e+00 8.524805e-01 -5.156924e-01 -8.566472e-02 5.263606e+01
-2.008645e-01 3.540489e-01 9.134018e-01 3.117773e+01 -3.901826e-01 8.263385e-01 -4.061062e-01 -1.654037e+00 -8.985605e-01 -4.379658e-01 -2.783832e-02 5.321229e+01
-2.187544e-01 -3.247017e-01 -9.201714e-01 3.126621e+01 3.584624e-01 8.503335e-01 -3.852760e-01 -1.673393e+00 9.075523e-01 -4.141276e-01 -6.962084e-02 5.367658e+01
-2.002267e-01 2.936944e-01 9.346940e-01 3.137307e+01 -3.163931e-01 8.835163e-01 -3.453901e-01 -1.694754e+00 -9.272565e-01 -3.648871e-01 -8.398068e-02 5.420461e+01
-3.133393e-01 -2.349796e-01 -9.201104e-01 3.152352e+01 2.579665e-01 9.114081e-01 -3.206065e-01 -1.709199e+00 9.139320e-01 -3.378163e-01 -2.249631e-01 5.457150e+01
-3.586198e-01 1.842804e-01 9.151134e-01 3.175245e+01 -1.914699e-01 9.449562e-01 -2.653244e-01 -1.730328e+00 -9.136362e-01 -2.703673e-01 -3.035959e-01 5.505418e+01
-3.701379e-01 -1.359804e-01 -9.189708e-01 3.177311e+01 2.033131e-01 9.533894e-01 -2.229627e-01 -1.747844e+00 9.064556e-01 -2.693657e-01 -3.252389e-01 5.551679e+01
-4.778939e-01 1.709048e-01 8.616316e-01 3.183441e+01 -6.785935e-02 9.707766e-01 -2.301911e-01 -1.769029e+00 -8.757925e-01 -1.684767e-01 -4.523307e-01 5.601692e+01
-4.160797e-01 -8.540919e-03 -9.092880e-01 3.188365e+01 2.080759e-01 9.725307e-01 -1.043481e-01 -1.789889e+00 8.852017e-01 -2.326181e-01 -4.028731e-01 5.652299e+01
-3.090354e-01 1.323355e-01 9.417985e-01 3.200057e+01 -6.899700e-02 9.845427e-01 -1.609819e-01 -1.816155e+00 -9.485444e-01 -1.147304e-01 -2.951278e-01 5.716287e+01
-3.440651e-01 -2.390546e-02 -9.386414e-01 3.200355e+01 1.356706e-01 9.879194e-01 -7.489143e-02 -1.838354e+00 9.290924e-01 -1.531136e-01 -3.366653e-01 5.776801e+01
-4.630830e-01 1.263047e-01 8.772692e-01 3.203192e+01 4.477588e-02 9.918640e-01 -1.191677e-01 -1.851240e+00 -8.851832e-01 -1.590403e-02 -4.649707e-01 5.807474e+01
-2.210262e-01 1.190499e-01 -9.679745e-01 3.224398e+01 1.322129e-01 9.870166e-01 9.120248e-02 -1.890745e+00 9.662646e-01 -1.078206e-01 -2.338964e-01 5.896111e+01
-4.160027e-01 4.029122e-02 9.084704e-01 3.246378e+01 1.806827e-01 9.827619e-01 3.915130e-02 -1.929321e+00 -8.912326e-01 1.804319e-01 -4.161115e-01 5.983196e+01
-5.575398e-01 2.384807e-01 -7.951580e-01 3.280132e+01 1.221485e-01 9.709898e-01 2.055688e-01 -1.936221e+00 8.211145e-01 1.748543e-02 -5.704956e-01 5.995051e+01
-3.651026e-01 9.285192e-02 9.263253e-01 3.310380e+01 2.719541e-01 9.622504e-01 1.073525e-02 -1.953081e+00 -8.903601e-01 2.558374e-01 -3.765715e-01 6.030778e+01
-3.511933e-01 3.441344e-01 -8.707668e-01 3.324754e+01 1.143456e-01 9.388078e-01 3.249075e-01 -1.975235e+00 9.292945e-01 1.453703e-02 -3.690533e-01 6.081708e+01
-4.223247e-01 6.887471e-02 9.038242e-01 3.341382e+01 3.594003e-01 9.281065e-01 9.720975e-02 -1.998535e+00 -8.321498e-01 3.658887e-01 -4.167159e-01 6.133585e+01
-5.469044e-01 4.294893e-01 -7.186338e-01 3.373254e+01 1.780817e-01 8.984186e-01 4.014111e-01 -2.011777e+00 8.180358e-01 9.155794e-02 -5.678333e-01 6.160544e+01
-2.681329e-01 1.834212e-01 9.457597e-01 3.401070e+01 5.066010e-01 8.618597e-01 -2.352282e-02 -2.011480e+00 -8.194268e-01 4.728156e-01 -3.240142e-01 6.159993e+01
-2.682284e-01 5.371217e-01 -7.997211e-01 3.425878e+01 2.466462e-01 8.407615e-01 4.819603e-01 -2.011672e+00 9.312460e-01 -6.797271e-02 -3.579952e-01 6.155982e+01
-3.094245e-01 2.531002e-01 9.166225e-01 3.438040e+01 5.817554e-01 8.128793e-01 -2.807106e-02 -2.013053e+00 -7.522082e-01 5.245642e-01 -3.987672e-01 6.154154e+01
-4.648738e-02 6.011105e-01 -7.978127e-01 3.448185e+01 1.371681e-01 7.949518e-01 5.909624e-01 -2.023128e+00 9.894563e-01 -8.196213e-02 -1.194084e-01 6.171702e+01
-1.406548e-01 9.340446e-02 9.856428e-01 3.456359e+01 6.347226e-01 7.725449e-01 1.736702e-02 -2.040746e+00 -7.598311e-01 6.280526e-01 -1.679481e-01 6.212176e+01
-1.202601e-02 6.660755e-01 -7.457874e-01 3.460031e+01 2.784619e-02 7.457751e-01 6.656155e-01 -2.061328e+00 9.995399e-01 -1.276264e-02 -2.751637e-02 6.261736e+01
-1.937738e-01 1.194557e-02 9.809735e-01 3.465276e+01 7.015693e-01 7.006335e-01 1.300507e-01 -2.075819e+00 -6.857494e-01 7.134213e-01 -1.441450e-01 6.295768e+01
-1.318892e-01 7.081912e-01 -6.935925e-01 3.463450e+01 1.097958e-02 7.007055e-01 7.133661e-01 -2.070031e+00 9.912036e-01 8.646996e-02 -1.001912e-01 6.275780e+01
-4.072833e-01 7.012602e-02 9.106057e-01 3.456991e+01 6.929866e-01 6.731636e-01 2.581090e-01 -2.060943e+00 -5.948865e-01 7.361610e-01 -3.227647e-01 6.238247e+01
-4.120006e-01 6.771511e-01 -6.096900e-01 3.500749e+01 1.025803e-01 6.993345e-01 7.073956e-01 -2.041560e+00 9.053910e-01 2.289052e-01 -3.575886e-01 6.157485e+01
-2.192810e-01 1.513970e-01 9.638438e-01 3.555607e+01 7.482874e-01 6.600265e-01 6.656592e-02 -2.023954e+00 -6.260845e-01 7.358288e-01 -2.580197e-01 6.094130e+01
-3.585703e-01 7.560402e-01 -5.475679e-01 3.674091e+01 3.877900e-01 6.542044e-01 6.493347e-01 -1.998494e+00 8.491445e-01 2.049079e-02 -5.277630e-01 6.000982e+01
-2.105821e-01 4.305663e-01 8.776490e-01 3.730537e+01 7.869615e-01 6.072793e-01 -1.091028e-01 -1.987847e+00 -5.799541e-01 6.677009e-01 -4.667213e-01 5.960859e+01
-3.443956e-01 7.969992e-01 -4.961694e-01 3.736153e+01 5.468485e-01 5.998878e-01 5.840302e-01 -2.004719e+00 7.631175e-01 -7.019205e-02 -6.424365e-01 6.005390e+01
-7.350820e-02 5.610324e-01 8.245236e-01 3.745330e+01 7.939450e-01 5.332485e-01 -2.920573e-01 -2.012305e+00 -6.035296e-01 6.331578e-01 -4.846269e-01 6.031940e+01
-2.023781e-01 8.343101e-01 -5.128058e-01 3.773495e+01 7.097741e-01 4.857438e-01 5.101702e-01 -2.018294e+00 6.747324e-01 -2.607290e-01 -6.904756e-01 6.043997e+01
5.189061e-03 6.980180e-01 7.160614e-01 3.791077e+01 7.731752e-01 4.513173e-01 -4.455479e-01 -2.017937e+00 -6.341713e-01 5.559529e-01 -5.373483e-01 6.044563e+01
2.666331e-02 8.053529e-01 -5.921957e-01 3.795794e+01 6.978465e-01 4.091704e-01 5.878689e-01 -2.036872e+00 7.157509e-01 -4.289362e-01 -5.511029e-01 6.091626e+01
-1.046776e-02 6.515726e-01 7.585140e-01 3.809095e+01 8.471424e-01 4.087930e-01 -3.394672e-01 -2.057128e+00 -5.312628e-01 6.390160e-01 -5.562540e-01 6.137664e+01
-1.162725e-01 8.754552e-01 -4.691044e-01 3.827992e+01 7.698377e-01 3.778621e-01 5.143639e-01 -2.072791e+00 6.275593e-01 -3.013279e-01 -7.178933e-01 6.174149e+01
3.527091e-01 7.610202e-01 5.444672e-01 3.879951e+01 5.272761e-01 3.190500e-01 -7.875195e-01 -2.060217e+00 -7.730305e-01 5.648499e-01 -2.887359e-01 6.139117e+01
2.414801e-01 5.383649e-01 -8.073726e-01 3.906482e+01 8.564326e-01 2.729832e-01 4.381818e-01 -2.071781e+00 4.563009e-01 -7.972725e-01 -3.951533e-01 6.162916e+01
3.661401e-01 8.132840e-01 4.522285e-01 3.936297e+01 3.840629e-01 3.105836e-01 -8.695019e-01 -2.083831e+00 -8.476067e-01 4.920437e-01 -1.986351e-01 6.191191e+01
4.139025e-01 4.367153e-01 -7.987268e-01 3.949592e+01 7.880420e-01 2.673463e-01 5.545410e-01 -2.103609e+00 4.557132e-01 -8.589562e-01 -2.334947e-01 6.235741e+01
5.203960e-01 7.617403e-01 3.859272e-01 3.963474e+01 1.997264e-01 3.308325e-01 -9.223119e-01 -2.120801e+00 -8.302394e-01 5.570472e-01 2.002424e-02 6.279135e+01
4.885480e-01 2.471363e-01 -8.368061e-01 3.984284e+01 7.900180e-01 2.818307e-01 5.444658e-01 -2.140893e+00 3.703949e-01 -9.270896e-01 -5.755431e-02 6.324490e+01
6.125748e-01 7.541703e-01 2.365993e-01 4.015820e+01 -6.033945e-02 3.430822e-01 -9.373653e-01 -2.147113e+00 -7.881061e-01 5.599301e-01 2.556697e-01 6.337577e+01
-2.298337e-01 -1.128135e-01 -9.666693e-01 4.055840e+01 9.354184e-01 2.485649e-01 -2.514119e-01 -2.122956e+00 2.686427e-01 -9.620232e-01 4.839922e-02 6.283580e+01
-1.458824e-01 9.283214e-01 3.419617e-01 4.065043e+01 -3.455237e-01 2.760817e-01 -8.968792e-01 -2.130810e+00 -9.270015e-01 -2.489947e-01 2.804816e-01 6.304833e+01
-2.136478e-01 -2.798708e-01 -9.359631e-01 4.071887e+01 9.060358e-01 3.015067e-01 -2.969727e-01 -2.153705e+00 3.653131e-01 -9.114637e-01 1.891567e-01 6.364260e+01
1.870849e-02 8.830574e-01 4.688918e-01 4.131022e+01 -6.776137e-01 3.560391e-01 -6.434872e-01 -2.140114e+00 -7.351800e-01 -3.056889e-01 6.050328e-01 6.330928e+01
-1.643035e-01 -6.796973e-01 -7.148538e-01 4.192211e+01 7.932396e-01 3.397203e-01 -5.053326e-01 -2.128561e+00 5.863236e-01 -6.500783e-01 4.833455e-01 6.289019e+01
-1.498503e-01 7.872434e-01 5.981577e-01 4.186538e+01 -6.447008e-01 3.808795e-01 -6.627909e-01 -2.137903e+00 -7.496037e-01 -4.849522e-01 4.504616e-01 6.319981e+01
-3.280192e-02 -5.530564e-01 -8.324979e-01 4.214482e+01 8.389831e-01 4.374366e-01 -3.236613e-01 -2.179232e+00 5.431680e-01 -7.090683e-01 4.496562e-01 6.413165e+01
8.225670e-03 7.377915e-01 6.749785e-01 4.248463e+01 -5.914939e-01 5.478400e-01 -5.916133e-01 -2.224365e+00 -8.062675e-01 -3.943793e-01 4.409056e-01 6.517033e+01
-4.457227e-02 -5.404509e-01 -8.401941e-01 4.256440e+01 7.369324e-01 5.500477e-01 -3.929099e-01 -2.239473e+00 6.744954e-01 -6.366791e-01 3.737589e-01 6.554856e+01
8.859938e-02 6.966976e-01 7.118726e-01 4.268172e+01 -6.183821e-01 5.987490e-01 -5.090219e-01 -2.238996e+00 -7.808673e-01 -3.951102e-01 4.838741e-01 6.555154e+01
2.301081e-02 -5.865517e-01 -8.095848e-01 4.264860e+01 6.508363e-01 6.234835e-01 -4.332209e-01 -2.255814e+00 7.588693e-01 -5.169385e-01 3.960960e-01 6.603914e+01
1.049476e-02 6.296636e-01 7.767970e-01 4.262433e+01 -5.588982e-01 6.478613e-01 -5.175988e-01 -2.274170e+00 -8.291699e-01 -4.287183e-01 3.587170e-01 6.655349e+01
9.506577e-02 -5.845355e-01 -8.057796e-01 4.246652e+01 7.344941e-01 5.875473e-01 -3.395681e-01 -2.275231e+00 6.719233e-01 -5.595591e-01 4.851936e-01 6.665000e+01
1.085808e-02 7.779800e-01 6.281952e-01 4.253609e+01 -4.207601e-01 5.734622e-01 -7.029239e-01 -2.259351e+00 -9.071070e-01 -2.566871e-01 3.335696e-01 6.596994e+01
1.943073e-01 -4.533061e-01 -8.699186e-01 4.248497e+01 8.381372e-01 5.374945e-01 -9.287466e-02 -2.248476e+00 5.096771e-01 -7.110649e-01 4.843718e-01 6.554745e+01
2.870186e-01 8.297950e-01 4.786028e-01 4.217710e+01 -7.448169e-01 5.075016e-01 -4.332319e-01 -2.250008e+00 -6.023854e-01 -2.321259e-01 7.637077e-01 6.593181e+01
-2.465697e-02 -7.518799e-01 -6.588388e-01 4.185525e+01 5.839800e-01 5.240697e-01 -6.199341e-01 -2.249342e+00 8.113935e-01 -4.000344e-01 4.261609e-01 6.635726e+01
1.219412e-01 5.748633e-01 8.091122e-01 4.204218e+01 -7.536396e-01 5.841025e-01 -3.014160e-01 -2.242500e+00 -6.458775e-01 -5.730240e-01 5.044659e-01 6.615224e+01
-5.348843e-02 -7.160549e-01 -6.959917e-01 4.217510e+01 4.191394e-01 6.165191e-01 -6.665031e-01 -2.254892e+00 9.063449e-01 -3.273677e-01 2.671502e-01 6.647975e+01
1.761026e-01 3.746937e-01 9.102706e-01 4.224307e+01 -7.828021e-01 6.139723e-01 -1.012864e-01 -2.270843e+00 -5.968323e-01 -6.947249e-01 4.014331e-01 6.696305e+01
2.278139e-01 -7.881415e-01 -5.717813e-01 4.227165e+01 5.190195e-01 5.951356e-01 -6.135409e-01 -2.284496e+00 8.238444e-01 -1.569925e-01 5.446409e-01 6.728696e+01
2.215260e-01 4.647868e-01 8.572628e-01 4.233714e+01 -7.851448e-01 6.063848e-01 -1.258770e-01 -2.308806e+00 -5.783371e-01 -6.451904e-01 4.992550e-01 6.789062e+01
1.844676e-01 -7.631214e-01 -6.193685e-01 4.234663e+01 4.726057e-01 6.214167e-01 -6.248880e-01 -2.324212e+00 8.617514e-01 -1.774455e-01 4.752868e-01 6.833030e+01
-6.541722e-02 5.027031e-01 8.619804e-01 4.251276e+01 -5.988186e-01 6.712201e-01 -4.368980e-01 -2.324426e+00 -7.982085e-01 -5.447505e-01 2.571186e-01 6.822511e+01
-8.783220e-02 -6.011165e-01 -7.943201e-01 4.302782e+01 5.610504e-01 6.290426e-01 -5.380780e-01 -2.314066e+00 8.231087e-01 -4.929142e-01 2.820065e-01 6.778269e+01
1.186690e-02 5.636237e-01 8.259464e-01 4.357937e+01 -6.049482e-01 6.617384e-01 -4.428769e-01 -2.301242e+00 -7.961764e-01 -4.943992e-01 3.488160e-01 6.730019e+01
6.010660e-02 -6.198215e-01 -7.824375e-01 4.396054e+01 6.499451e-01 6.192262e-01 -4.406023e-01 -2.292613e+00 7.576006e-01 -4.820583e-01 4.400695e-01 6.687801e+01
-2.003289e-01 6.860832e-01 6.993984e-01 4.431980e+01 -2.773730e-01 6.449461e-01 -7.121156e-01 -2.293934e+00 -9.396449e-01 -3.366516e-01 6.109965e-02 6.671271e+01
2.168614e-01 -3.013262e-01 -9.285331e-01 4.460745e+01 8.165949e-01 5.772012e-01 3.405427e-03 -2.296267e+00 5.349242e-01 -7.589739e-01 3.712341e-01 6.658247e+01
-7.034268e-02 8.495167e-01 5.228512e-01 4.469797e+01 3.284780e-01 5.146430e-01 -7.919879e-01 -2.298319e+00 -9.418886e-01 1.160345e-01 -3.152489e-01 6.640065e+01
4.487916e-01 2.316563e-01 -8.630883e-01 4.460374e+01 7.254272e-01 4.695736e-01 5.032455e-01 -2.287823e+00 5.218635e-01 -8.519601e-01 4.269091e-02 6.596199e+01
1.837929e-01 7.340591e-01 6.537411e-01 4.453574e+01 7.203703e-01 3.519178e-01 -5.976792e-01 -2.283458e+00 -6.687950e-01 5.807849e-01 -4.641144e-01 6.571590e+01
4.105822e-01 6.875952e-01 -5.988615e-01 4.473300e+01 5.840218e-01 3.060673e-01 7.518254e-01 -2.286196e+00 7.002434e-01 -6.584343e-01 -2.759048e-01 6.566806e+01
4.317339e-01 5.638830e-01 7.040183e-01 4.537538e+01 6.759869e-01 3.144918e-01 -6.664358e-01 -2.278586e+00 -5.971998e-01 7.636301e-01 -2.454007e-01 6.535874e+01
3.952747e-01 6.639736e-01 -6.347416e-01 4.573089e+01 6.559141e-01 2.797428e-01 7.010854e-01 -2.269066e+00 6.430666e-01 -6.934573e-01 -3.249344e-01 6.505448e+01
3.531143e-01 6.220193e-01 6.988579e-01 4.581854e+01 7.545077e-01 2.523493e-01 -6.058365e-01 -2.273132e+00 -5.531983e-01 7.412232e-01 -3.802102e-01 6.510919e+01
5.210696e-01 7.640458e-01 -3.804214e-01 4.601821e+01 3.874784e-01 1.853759e-01 9.030483e-01 -2.306484e+00 7.604912e-01 -6.179561e-01 -1.994576e-01 6.583366e+01
3.168401e-01 2.774671e-01 9.069864e-01 4.621892e+01 9.063878e-01 1.931318e-01 -3.757143e-01 -2.344156e+00 -2.794163e-01 9.411228e-01 -1.903009e-01 6.666715e+01
2.079812e-01 9.155425e-01 -3.442756e-01 4.651845e+01 6.147253e-01 1.514309e-01 7.740681e-01 -2.342825e+00 7.608263e-01 -3.726266e-01 -5.313124e-01 6.663864e+01
5.618231e-01 5.922396e-01 5.775873e-01 4.694331e+01 6.525232e-01 1.119073e-01 -7.494599e-01 -2.341226e+00 -5.084961e-01 7.979530e-01 -3.235780e-01 6.660042e+01
6.651593e-01 6.660005e-01 -3.376483e-01 4.725229e+01 4.314582e-01 2.625549e-02 9.017508e-01 -2.366753e+00 6.094316e-01 -7.454891e-01 -2.698873e-01 6.713977e+01
3.673933e-01 3.345277e-01 8.678210e-01 4.770582e+01 9.069501e-01 7.787347e-02 -4.139773e-01 -2.410976e+00 -2.060671e-01 9.391629e-01 -2.747898e-01 6.802469e+01
4.327830e-01 9.010585e-01 -2.815054e-02 4.797659e+01 1.656505e-01 -4.879048e-02 9.849769e-01 -2.442775e+00 8.861483e-01 -4.309444e-01 -1.703765e-01 6.872094e+01
3.266335e-01 1.298145e-01 9.361937e-01 4.804430e+01 9.443801e-01 -8.482591e-02 -3.177276e-01 -2.452305e+00 3.816783e-02 9.879032e-01 -1.503012e-01 6.893472e+01
3.526600e-01 9.281759e-01 1.188293e-01 4.807685e+01 -2.782100e-02 -1.165319e-01 9.927972e-01 -2.471037e+00 9.353379e-01 -3.534258e-01 -1.527335e-02 6.938913e+01
1.433077e-01 -5.940665e-02 9.878936e-01 4.810591e+01 9.723061e-01 -1.777555e-01 -1.517358e-01 -2.485452e+00 1.846177e-01 9.822799e-01 3.228772e-02 6.973820e+01
1.767034e-01 9.630557e-01 2.032228e-01 4.834761e+01 -2.169721e-01 -1.632794e-01 9.624256e-01 -2.483402e+00 9.600516e-01 -2.141576e-01 1.801042e-01 6.958356e+01
6.372318e-02 -1.954300e-01 9.786452e-01 4.864937e+01 9.699645e-01 -2.185466e-01 -1.068005e-01 -2.473025e+00 2.347516e-01 9.560568e-01 1.756337e-01 6.908545e+01
8.851789e-02 9.765342e-01 1.963303e-01 4.885242e+01 -2.375894e-01 -1.707152e-01 9.562466e-01 -2.461205e+00 9.673241e-01 -1.312909e-01 2.169028e-01 6.862895e+01
-8.866142e-02 -2.486148e-01 9.645361e-01 4.890904e+01 9.741608e-01 -2.235895e-01 3.191462e-02 -2.467876e+00 2.077257e-01 9.424428e-01 2.620146e-01 6.878632e+01
-7.454563e-02 9.728804e-01 2.189671e-01 4.896539e+01 -3.952682e-01 -2.304191e-01 8.891963e-01 -2.476869e+00 9.155359e-01 -2.026504e-02 4.017255e-01 6.897925e+01
1.111553e-01 -4.060320e-01 9.070736e-01 4.917824e+01 9.330802e-01 -2.715171e-01 -2.358810e-01 -2.470286e+00 3.420612e-01 8.725918e-01 3.486799e-01 6.880804e+01
3.027287e-01 9.165059e-01 2.614807e-01 5.012156e+01 8.324525e-02 -2.987326e-01 9.506992e-01 -2.445018e+00 9.494343e-01 -2.660370e-01 -1.667297e-01 6.806263e+01
8.171420e-01 5.218964e-02 5.740690e-01 5.152778e+01 5.635319e-01 -2.818723e-01 -7.765178e-01 -2.408279e+00 1.212879e-01 9.580315e-01 -2.597402e-01 6.698426e+01
8.343227e-01 5.512216e-01 -7.775131e-03 5.233405e+01 2.172722e-01 -3.158330e-01 9.236029e-01 -2.395377e+00 5.066542e-01 -7.722722e-01 -3.832718e-01 6.653571e+01
8.986628e-01 1.740005e-01 4.026525e-01 5.298549e+01 4.381761e-01 -3.138911e-01 -8.423028e-01 -2.384841e+00 -2.017212e-02 9.333789e-01 -3.583251e-01 6.619450e+01
9.173204e-01 3.848504e-01 -1.020464e-01 5.316831e+01 2.442731e-01 -3.416002e-01 9.075461e-01 -2.374377e+00 3.144104e-01 -8.574377e-01 -4.073654e-01 6.597802e+01
9.217513e-01 1.993642e-01 3.326086e-01 5.306180e+01 3.868080e-01 -4.119521e-01 -8.250303e-01 -2.364410e+00 -2.746271e-02 8.891284e-01 -4.568331e-01 6.577179e+01
9.330343e-01 3.436019e-01 1.066995e-01 5.325964e+01 2.129048e-02 -3.487716e-01 9.369659e-01 -2.345067e+00 3.591570e-01 -8.719496e-01 -3.327313e-01 6.498327e+01
7.469031e-01 1.152446e-02 6.648330e-01 5.335408e+01 5.990164e-01 -4.456910e-01 -6.652360e-01 -2.329177e+00 2.886436e-01 8.951127e-01 -3.397913e-01 6.424313e+01
7.724531e-01 5.779275e-01 2.632795e-01 5.385981e+01 -3.104857e-02 -3.797038e-01 9.245870e-01 -2.308291e+00 6.343124e-01 -7.223745e-01 -2.753595e-01 6.340854e+01
6.528327e-01 -5.742725e-02 7.553222e-01 5.385194e+01 6.615330e-01 -4.425440e-01 -6.054164e-01 -2.300768e+00 3.690307e-01 8.949061e-01 -2.509171e-01 6.316513e+01
5.307947e-01 6.411610e-01 5.542288e-01 5.367704e+01 -3.984126e-01 -3.884139e-01 8.309044e-01 -2.292859e+00 7.480136e-01 -6.618513e-01 4.927863e-02 6.294153e+01
1.974800e-01 -3.656605e-01 9.095570e-01 5.376537e+01 8.076460e-01 -4.651857e-01 -3.623676e-01 -2.283943e+00 5.556165e-01 8.061604e-01 2.034594e-01 6.250903e+01
2.035379e-01 8.346123e-01 5.118541e-01 5.435860e+01 -4.529296e-01 -3.832249e-01 8.049804e-01 -2.263892e+00 8.680018e-01 -3.956779e-01 3.000198e-01 6.168251e+01
2.819690e-01 -4.163750e-01 8.643641e-01 5.542861e+01 7.979215e-01 -3.984859e-01 -4.522501e-01 -2.233215e+00 5.327426e-01 8.172153e-01 2.198739e-01 6.042191e+01
3.829900e-01 8.308605e-01 4.037195e-01 5.612894e+01 -3.505244e-01 -2.736421e-01 8.956856e-01 -2.202161e+00 8.546644e-01 -4.845522e-01 1.864347e-01 5.931472e+01
1.729843e-01 -3.208909e-01 9.311850e-01 5.648891e+01 8.839237e-01 -3.664626e-01 -2.904894e-01 -2.186891e+00 4.344599e-01 8.733466e-01 2.202508e-01 5.864119e+01
2.611797e-01 8.881236e-01 3.781821e-01 5.694392e+01 -2.767267e-01 -3.064479e-01 9.107755e-01 -2.169502e+00 9.247743e-01 -3.425291e-01 1.657296e-01 5.800658e+01
-3.249481e-02 -2.663083e-01 9.633400e-01 5.682039e+01 9.253634e-01 -3.722408e-01 -7.168946e-02 -2.169123e+00 3.776860e-01 8.891100e-01 2.585279e-01 5.802167e+01
8.870374e-02 9.284214e-01 3.607844e-01 5.724599e+01 -1.729159e-01 -3.423591e-01 9.235206e-01 -2.158523e+00 9.809341e-01 -1.443051e-01 1.301703e-01 5.766075e+01
5.999649e-01 -1.684381e-01 7.820938e-01 5.798252e+01 6.931735e-01 -3.786466e-01 -6.133003e-01 -2.127594e+00 3.994403e-01 9.100854e-01 -1.104178e-01 5.676870e+01
6.923041e-01 6.718252e-01 2.633742e-01 5.876518e+01 -1.877498e-02 -3.480899e-01 9.372731e-01 -2.110402e+00 7.213616e-01 -6.538229e-01 -2.283706e-01 5.618437e+01
9.867249e-01 -3.445706e-02 1.587033e-01 5.978129e+01 1.322262e-01 -3.969138e-01 -9.082817e-01 -2.077524e+00 9.428826e-02 9.172089e-01 -3.870886e-01 5.518571e+01
8.155098e-01 1.348241e-01 -5.628199e-01 6.157371e+01 5.584321e-01 -4.386893e-01 7.040635e-01 -2.033729e+00 -1.519783e-01 -8.884673e-01 -4.330455e-01 5.380186e+01
3.246277e-01 5.288770e-01 -7.841594e-01 6.464035e+01 -6.401628e-01 -4.874574e-01 -5.937818e-01 -1.963384e+00 -6.962818e-01 6.947477e-01 1.803253e-01 5.146222e+01
-3.342727e-01 -6.936424e-01 -6.380611e-01 6.661928e+01 8.934350e-01 -4.487565e-01 1.978764e-02 -1.908194e+00 -3.000596e-01 -5.634516e-01 7.697314e-01 4.976056e+01
-4.446912e-01 8.932911e-01 6.542783e-02 6.759693e+01 -8.756710e-01 -4.489490e-01 1.778907e-01 -1.867815e+00 1.882819e-01 2.181316e-02 9.818728e-01 4.867118e+01
-1.046722e-01 -8.910821e-01 4.416066e-01 6.937243e+01 6.127584e-01 -4.075318e-01 -6.770857e-01 -1.811455e+00 7.833077e-01 1.997261e-01 5.886753e-01 4.698504e+01
-2.557833e-01 8.121652e-01 5.243687e-01 7.138954e+01 -9.339605e-01 -3.476382e-01 8.285806e-02 -1.760204e+00 2.495850e-01 -4.685460e-01 8.474503e-01 4.486229e+01
-4.849164e-01 -7.482137e-01 4.528049e-01 7.348989e+01 7.894834e-01 -5.972547e-01 -1.414312e-01 -1.709340e+00 3.762606e-01 2.888997e-01 8.803209e-01 4.283583e+01
-2.730142e-01 9.506435e-01 1.474452e-01 7.508110e+01 -8.865630e-01 -3.081291e-01 3.450543e-01 -1.679653e+00 3.734558e-01 -3.651476e-02 9.269290e-01 4.176480e+01
-4.283749e-01 -7.104715e-01 5.583236e-01 7.658262e+01 8.541814e-01 -5.199376e-01 -6.252740e-03 -1.654170e+00 2.947358e-01 4.742311e-01 8.295997e-01 4.088053e+01
-3.853261e-01 9.024816e-01 1.924860e-01 7.740048e+01 -7.882920e-01 -4.303641e-01 4.397527e-01 -1.646927e+00 4.797078e-01 1.771298e-02 8.772495e-01 4.052855e+01
-4.295774e-01 -7.740946e-01 4.650170e-01 7.777714e+01 8.877854e-01 -4.562465e-01 6.063130e-02 -1.637768e+00 1.652281e-01 4.388812e-01 8.832231e-01 4.012871e+01
-3.112882e-01 9.419657e-01 1.256993e-01 7.863058e+01 -7.728334e-01 -3.278999e-01 5.433325e-01 -1.619533e+00 5.530173e-01 7.198840e-02 8.300539e-01 3.943800e+01
-3.957783e-01 -7.823276e-01 4.809605e-01 7.930533e+01 9.181923e-01 -3.275189e-01 2.228323e-01 -1.616379e+00 -1.680423e-02 5.298065e-01 8.479521e-01 3.920974e+01
-3.586036e-01 9.312218e-01 -6.503356e-02 7.960254e+01 -8.775396e-01 -3.125345e-01 3.636570e-01 -1.623506e+00 3.183201e-01 1.874782e-01 9.292600e-01 3.932563e+01
-4.315991e-01 -8.732413e-01 2.262119e-01 7.991217e+01 8.799549e-01 -3.523852e-01 3.185969e-01 -1.628715e+00 -1.984982e-01 3.365624e-01 9.205021e-01 3.939376e+01
-3.683374e-01 9.064670e-01 -2.065068e-01 8.013668e+01 -9.073008e-01 -3.020298e-01 2.925462e-01 -1.630060e+00 2.028123e-01 2.951195e-01 9.336871e-01 3.938473e+01
