9.999373e-01 2.291544e-03 -1.095664e-02 1.645839e-02 -2.279233e-03 9.999968e-01 1.135912e-03 1.433303e-02 1.095921e-02 -1.110868e-03 9.999393e-01 -7.024898e-01
9.999999e-01 -2.048473e-04 3.195664e-04 3.575256e-02 2.048623e-04 1.000000e+00 -4.685658e-05 2.542447e-02 -3.195565e-04 4.692275e-05 9.999999e-01 -1.290414e+00
9.999353e-01 2.413091e-03 -1.111741e-02 3.503357e-02 -2.400096e-03 9.999964e-01 1.182125e-03 3.930761e-02 1.112022e-02 -1.155366e-03 9.999375e-01 -1.954744e+00
9.999999e-01 -1.786461e-04 3.376133e-04 5.710732e-02 1.786805e-04 1.000000e+00 -1.017804e-04 5.216937e-02 -3.375947e-04 1.018414e-04 9.999999e-01 -2.609364e+00
9.999405e-01 2.660841e-03 -1.057950e-02 8.638217e-02 -2.650753e-03 9.999960e-01 9.674764e-04 6.870109e-02 1.058203e-02 -9.393759e-04 9.999436e-01 -3.432921e+00
9.999999e-01 -4.569052e-04 6.020289e-05 1.284461e-01 4.569061e-04 9.999999e-01 -1.448968e-05 8.141037e-02 -6.019593e-05 1.451789e-05 1.000000e+00 -4.114240e+00
9.999407e-01 2.769108e-03 -1.053599e-02 1.727659e-01 -2.760827e-03 9.999959e-01 8.005049e-04 9.596237e-02 1.053817e-02 -7.713700e-04 9.999442e-01 -4.875525e+00
9.999993e-01 -7.875559e-04 -8.771806e-04 2.098877e-01 7.878363e-04 9.999996e-01 3.192932e-04 1.055860e-01 8.769291e-04 -3.199834e-04 9.999996e-01 -5.434523e+00
9.999392e-01 2.712484e-03 -1.068676e-02 2.348728e-01 -2.705190e-03 9.999961e-01 6.968683e-04 1.157849e-01 1.068860e-02 -6.679169e-04 9.999427e-01 -5.986313e+00
9.999999e-01 -3.518411e-04 -3.032337e-04 2.576212e-01 3.519060e-04 9.999999e-01 2.136807e-04 1.321639e-01 3.031588e-04 -2.137866e-04 9.999999e-01 -6.789713e+00
9.999450e-01 2.778396e-03 -1.011214e-02 2.910788e-01 -2.772278e-03 9.999960e-01 6.190151e-04 1.487283e-01 1.011382e-02 -5.909481e-04 9.999487e-01 -7.608927e+00
9.999992e-01 -7.039405e-04 -1.040230e-03 3.225856e-01 7.044514e-04 9.999996e-01 4.908415e-04 1.613687e-01 1.039885e-03 -4.915732e-04 9.999993e-01 -8.266584e+00
9.999444e-01 2.745446e-03 -1.018087e-02 3.401775e-01 -2.740266e-03 9.999961e-01 5.226946e-04 1.713944e-01 1.018227e-02 -4.947679e-04 9.999480e-01 -8.802015e+00
9.999999e-01 -3.195980e-04 -2.518598e-04 3.677304e-01 3.196847e-04 9.999999e-01 3.438972e-04 1.879330e-01 2.517501e-04 -3.439769e-04 9.999999e-01 -9.622184e+00
9.999411e-01 2.547784e-03 -1.054851e-02 4.066745e-01 -2.540266e-03 9.999965e-01 7.259957e-04 2.009137e-01 1.055033e-02 -6.991576e-04 9.999441e-01 -1.029862e+01
9.999997e-01 -3.857989e-04 -6.266884e-04 4.227912e-01 3.859455e-04 9.999999e-01 2.337777e-04 2.127060e-01 6.265984e-04 -2.340188e-04 9.999998e-01 -1.090339e+01
9.999565e-01 3.143709e-03 -8.786896e-03 4.427021e-01 -3.138112e-03 9.999949e-01 6.506260e-04 2.331380e-01 8.788896e-03 -6.230241e-04 9.999612e-01 -1.186781e+01
9.999997e-01 -4.196015e-04 -7.219818e-04 4.599755e-01 4.197931e-04 9.999999e-01 2.650910e-04 2.530766e-01 7.218708e-04 -2.653932e-04 9.999997e-01 -1.280667e+01
9.999517e-01 2.932787e-03 -9.377555e-03 4.810457e-01 -2.927410e-03 9.999955e-01 5.871773e-04 2.706062e-01 9.379235e-03 -5.596977e-04 9.999559e-01 -1.364989e+01
9.999994e-01 -3.852002e-04 -1.049834e-03 5.187339e-01 3.854204e-04 9.999999e-01 2.094562e-04 2.885407e-01 1.049754e-03 -2.098600e-04 9.999994e-01 -1.453114e+01
9.999583e-01 3.028847e-03 -8.612451e-03 5.521067e-01 -3.024261e-03 9.999953e-01 5.454745e-04 3.078361e-01 8.614062e-03 -5.194062e-04 9.999628e-01 -1.545889e+01
9.999991e-01 -5.170193e-04 -1.201737e-03 5.868052e-01 5.173986e-04 9.999998e-01 3.152437e-04 3.248979e-01 1.201574e-03 -3.158645e-04 9.999992e-01 -1.630466e+01
9.999584e-01 2.891196e-03 -8.651848e-03 6.334932e-01 -2.886943e-03 9.999957e-01 5.040117e-04 3.401699e-01 8.653268e-03 -4.790141e-04 9.999624e-01 -1.709456e+01
9.999991e-01 -3.865205e-04 -1.245745e-03 6.713996e-01 3.869236e-04 9.999999e-01 3.232046e-04 3.570254e-01 1.245620e-03 -3.236856e-04 9.999992e-01 -1.794342e+01
9.999664e-01 2.910940e-03 -7.668884e-03 7.420187e-01 -2.908981e-03 9.999957e-01 2.666268e-04 3.716878e-01 7.669627e-03 -2.443099e-04 9.999706e-01 -1.875470e+01
9.999974e-01 -5.113113e-04 -2.205854e-03 7.802658e-01 5.123646e-04 9.999998e-01 4.769365e-04 3.876796e-01 2.205610e-03 -4.780648e-04 9.999975e-01 -1.955293e+01
9.999658e-01 3.162371e-03 -7.641268e-03 8.226621e-01 -3.160149e-03 9.999950e-01 3.028184e-04 4.053729e-01 7.642187e-03 -2.786612e-04 9.999708e-01 -2.044982e+01
9.999976e-01 -7.073350e-04 -2.073890e-03 8.814700e-01 7.084881e-04 9.999996e-01 5.552717e-04 4.201832e-01 2.073496e-03 -5.567390e-04 9.999977e-01 -2.123827e+01
9.999672e-01 3.433037e-03 -7.335018e-03 9.105134e-01 -3.430006e-03 9.999940e-01 4.258241e-04 4.342810e-01 7.336435e-03 -4.006517e-04 9.999730e-01 -2.196237e+01
9.999985e-01 -5.736579e-04 -1.610558e-03 9.401936e-01 5.741267e-04 9.999998e-01 2.905519e-04 4.534781e-01 1.610391e-03 -2.914754e-04 9.999987e-01 -2.289156e+01
9.999610e-01 2.859306e-03 -8.359867e-03 1.007170e+00 -2.855711e-03 9.999958e-01 4.419150e-04 4.672363e-01 8.361095e-03 -4.180251e-04 9.999650e-01 -2.363498e+01
9.999978e-01 -6.029168e-04 -1.989500e-03 1.081769e+00 6.035354e-04 9.999998e-01 3.103010e-04 4.803204e-01 1.989313e-03 -3.115003e-04 9.999980e-01 -2.439002e+01
9.999651e-01 3.322783e-03 -7.659197e-03 1.136037e+00 -3.319983e-03 9.999944e-01 3.782562e-04 4.998435e-01 7.660411e-03 -3.528153e-04 9.999706e-01 -2.536692e+01
9.999985e-01 -3.592318e-04 -1.672492e-03 1.175192e+00 3.598165e-04 9.999999e-01 3.492260e-04 5.219488e-01 1.672367e-03 -3.498265e-04 9.999985e-01 -2.642591e+01
9.999651e-01 3.433137e-03 -7.610885e-03 1.219387e+00 -3.428039e-03 9.999939e-01 6.827670e-04 5.428686e-01 7.613183e-03 -6.566535e-04 9.999708e-01 -2.747000e+01
9.999997e-01 -3.811459e-04 -6.823655e-04 1.224034e+00 3.812904e-04 9.999999e-01 2.113978e-04 5.644792e-01 6.822851e-04 -2.116572e-04 9.999997e-01 -2.849604e+01
9.999441e-01 3.129468e-03 -1.009976e-02 1.224917e+00 -3.122202e-03 9.999949e-01 7.352042e-04 5.860129e-01 1.010201e-02 -7.036304e-04 9.999487e-01 -2.945389e+01
9.999999e-01 -3.929009e-04 4.146993e-05 1.248747e+00 3.929004e-04 9.999999e-01 1.668332e-05 6.066583e-01 -4.147620e-05 -1.666632e-05 1.000000e+00 -3.042146e+01
9.999349e-01 2.655247e-03 -1.109786e-02 1.263712e+00 -2.645427e-03 9.999961e-01 8.994108e-04 6.225368e-01 1.110020e-02 -8.699944e-04 9.999380e-01 -3.117704e+01
1.000000e+00 3.841419e-05 -1.661905e-04 1.181662e+00 -3.836335e-05 1.000000e+00 3.049255e-04 6.455147e-01 1.662025e-04 -3.049185e-04 9.999999e-01 -3.208856e+01
9.999325e-01 3.140372e-03 -1.119027e-02 1.049009e+00 -3.126269e-03 9.999943e-01 1.277610e-03 6.754405e-01 1.119421e-02 -1.242541e-03 9.999366e-01 -3.317341e+01
9.999997e-01 -4.119931e-04 6.777956e-04 1.039349e+00 4.121795e-04 9.999999e-01 -2.747454e-04 6.965192e-01 -6.776820e-04 2.750254e-04 9.999997e-01 -3.410932e+01
9.999321e-01 3.074882e-03 -1.123933e-02 1.026116e+00 -3.060314e-03 9.999945e-01 1.313187e-03 7.172194e-01 1.124330e-02 -1.278703e-03 9.999360e-01 -3.502463e+01
9.999997e-01 -3.284706e-04 7.118210e-04 1.016690e+00 3.286625e-04 9.999999e-01 -2.692128e-04 7.385801e-01 -7.117322e-04 2.694474e-04 9.999997e-01 -3.596532e+01
9.999316e-01 2.916838e-03 -1.132223e-02 1.013214e+00 -2.902238e-03 9.999949e-01 1.305689e-03 7.582536e-01 1.132598e-02 -1.272741e-03 9.999350e-01 -3.685906e+01
9.999989e-01 2.047638e-05 1.492316e-03 1.010221e+00 -1.996811e-05 9.999999e-01 -3.404827e-04 7.814727e-01 -1.492323e-03 3.404532e-04 9.999988e-01 -3.790134e+01
9.999385e-01 2.910091e-03 -1.070523e-02 1.033715e+00 -2.897720e-03 9.999951e-01 1.170932e-03 8.035970e-01 1.070858e-02 -1.139840e-03 9.999420e-01 -3.894124e+01
9.999977e-01 4.314081e-04 2.118763e-03 1.036476e+00 -4.308696e-04 9.999999e-01 -2.545166e-04 8.301479e-01 -2.118872e-03 2.536038e-04 9.999977e-01 -4.015541e+01
9.999440e-01 2.982236e-03 -1.015375e-02 1.037038e+00 -2.970886e-03 9.999949e-01 1.132644e-03 8.572520e-01 1.015707e-02 -1.102415e-03 9.999478e-01 -4.138076e+01
9.999991e-01 3.567353e-04 1.289174e-03 1.020229e+00 -3.566292e-04 9.999999e-01 -8.233489e-05 8.838605e-01 -1.289203e-03 8.187576e-05 9.999992e-01 -4.256313e+01
9.999444e-01 3.127885e-03 -1.006629e-02 9.862031e-01 -3.117506e-03 9.999946e-01 1.046632e-03 9.132582e-01 1.006951e-02 -1.015193e-03 9.999488e-01 -4.381107e+01
9.999990e-01 2.514480e-04 1.365095e-03 9.623222e-01 -2.513908e-04 1.000000e+00 -4.191196e-05 9.410565e-01 -1.365105e-03 4.156945e-05 9.999991e-01 -4.501104e+01
9.999490e-01 3.256565e-03 -9.563321e-03 9.269799e-01 -3.244172e-03 9.999939e-01 1.311167e-03 9.689747e-01 9.567532e-03 -1.280076e-03 9.999534e-01 -4.623396e+01
9.999978e-01 4.188476e-04 2.039416e-03 8.979434e-01 -4.188773e-04 9.999999e-01 1.426690e-05 9.965964e-01 -2.039410e-03 -1.512043e-05 9.999979e-01 -4.747653e+01
9.999523e-01 2.951516e-03 -9.313012e-03 8.972186e-01 -2.939141e-03 9.999948e-01 1.342143e-03 1.019734e+00 9.316924e-03 -1.314708e-03 9.999557e-01 -4.859504e+01
9.999982e-01 7.801133e-04 1.756582e-03 8.409664e-01 -7.799593e-04 9.999997e-01 -8.819748e-05 1.050167e+00 -1.756650e-03 8.682796e-05 9.999985e-01 -4.989742e+01
9.999509e-01 2.669812e-03 -9.545266e-03 8.414877e-01 -2.656007e-03 9.999954e-01 1.458771e-03 1.075990e+00 9.549116e-03 -1.433348e-03 9.999534e-01 -5.107898e+01
9.999883e-01 1.006147e-03 4.725607e-03 8.667633e-01 -1.006083e-03 9.999995e-01 -1.579593e-05 1.094301e+00 -4.725620e-03 1.104209e-05 9.999888e-01 -5.200604e+01
9.999226e-01 2.675352e-03 -1.215012e-02 8.344481e-01 -2.660974e-03 9.999957e-01 1.199417e-03 1.123152e+00 1.215328e-02 -1.166994e-03 9.999255e-01 -5.329122e+01
9.999810e-01 8.682015e-04 6.110329e-03 8.716820e-01 -8.681842e-04 9.999996e-01 -5.435740e-06 1.148445e+00 -6.110331e-03 1.314467e-07 9.999813e-01 -5.455666e+01
9.999338e-01 3.167290e-03 -1.106614e-02 8.777310e-01 -3.150375e-03 9.999938e-01 1.545634e-03 1.175754e+00 1.107097e-02 -1.510669e-03 9.999376e-01 -5.585490e+01
9.999871e-01 5.959910e-04 5.034383e-03 8.368395e-01 -5.943041e-04 9.999998e-01 -3.365121e-04 1.204751e+00 -5.034583e-03 3.335165e-04 9.999873e-01 -5.711535e+01
9.999346e-01 3.125880e-03 -1.100117e-02 8.216083e-01 -3.104002e-03 9.999932e-01 2.005264e-03 1.227013e+00 1.100737e-02 -1.970986e-03 9.999375e-01 -5.809112e+01
9.999536e-01 5.573588e-04 9.613873e-03 7.563418e-01 -5.555812e-04 9.999998e-01 -1.875452e-04 1.248654e+00 -9.613976e-03 1.821959e-04 9.999538e-01 -5.876836e+01
9.998577e-01 2.506580e-03 -1.668424e-02 7.774266e-01 -2.486372e-03 9.999962e-01 1.231848e-03 1.269261e+00 1.668727e-02 -1.190190e-03 9.998600e-01 -5.977902e+01
9.999667e-01 6.001017e-04 8.133442e-03 7.592075e-01 -5.990453e-04 9.999998e-01 -1.322819e-04 1.293218e+00 -8.133520e-03 1.274059e-04 9.999669e-01 -6.084609e+01
9.998542e-01 2.906415e-03 -1.682438e-02 6.862629e-01 -2.882438e-03 9.999948e-01 1.449223e-03 1.322489e+00 1.682851e-02 -1.400517e-03 9.998574e-01 -6.205171e+01
9.999580e-01 9.072817e-04 9.120880e-03 6.177968e-01 -9.066343e-04 9.999996e-01 -7.508385e-05 1.353876e+00 -9.120944e-03 6.681209e-05 9.999584e-01 -6.337906e+01
9.998603e-01 2.667588e-03 -1.649839e-02 6.091366e-01 -2.645322e-03 9.999956e-01 1.371302e-03 1.381097e+00 1.650197e-02 -1.327467e-03 9.998630e-01 -6.460869e+01
9.999476e-01 7.668110e-04 1.021031e-02 5.881566e-01 -7.692821e-04 9.999997e-01 2.381174e-04 1.403807e+00 -1.021012e-02 -2.459588e-04 9.999478e-01 -6.563394e+01
9.998590e-01 2.765434e-03 -1.656223e-02 5.214210e-01 -2.744716e-03 9.999954e-01 1.273511e-03 1.430320e+00 1.656567e-02 -1.227874e-03 9.998620e-01 -6.672005e+01
9.999606e-01 8.651756e-04 8.838469e-03 4.724281e-01 -8.654041e-04 9.999996e-01 2.205884e-05 1.459849e+00 -8.838446e-03 -2.970612e-05 9.999609e-01 -6.797520e+01
9.998504e-01 2.204796e-03 -1.715648e-02 4.591047e-01 -2.178561e-03 9.999964e-01 1.547693e-03 1.479928e+00 1.715983e-02 -1.510086e-03 9.998516e-01 -6.890163e+01
9.999291e-01 1.328571e-03 1.183275e-02 4.204385e-01 -1.331706e-03 9.999991e-01 2.570842e-04 1.501670e+00 -1.183240e-02 -2.728230e-04 9.999300e-01 -6.981349e+01
9.997895e-01 2.151975e-03 -2.040307e-02 3.644016e-01 -2.128637e-03 9.999971e-01 1.165496e-03 1.528407e+00 2.040552e-02 -1.121821e-03 9.997912e-01 -7.096169e+01
9.998990e-01 1.521133e-03 1.413004e-02 3.633241e-01 -1.517283e-03 9.999988e-01 -2.831792e-04 1.556279e+00 -1.413046e-02 2.617121e-04 9.999001e-01 -7.224472e+01
9.997360e-01 1.817891e-03 -2.290274e-02 3.202507e-01 -1.783161e-03 9.999972e-01 1.536734e-03 1.582840e+00 2.290547e-02 -1.495490e-03 9.997365e-01 -7.339923e+01
9.998935e-01 1.280067e-03 1.453993e-02 2.711991e-01 -1.281350e-03 9.999992e-01 7.897969e-05 1.606066e+00 -1.453981e-02 -9.760133e-05 9.998943e-01 -7.437501e+01
9.997499e-01 2.370312e-03 -2.223938e-02 2.048147e-01 -2.343511e-03 9.999965e-01 1.231119e-03 1.636086e+00 2.224222e-02 -1.178694e-03 9.997519e-01 -7.564304e+01
9.998692e-01 1.239010e-03 1.612362e-02 1.466588e-01 -1.242038e-03 9.999992e-01 1.778112e-04 1.664803e+00 -1.612339e-02 -1.978134e-04 9.998700e-01 -7.684372e+01
9.997029e-01 2.997688e-03 -2.419024e-02 3.058438e-01 -2.965301e-03 9.999947e-01 1.374643e-03 1.685023e+00 2.419423e-02 -1.302504e-03 9.997064e-01 -7.818511e+01
9.997880e-01 1.068941e-03 2.056274e-02 5.509904e-01 -1.073238e-03 9.999994e-01 1.979544e-04 1.701902e+00 -2.056251e-02 -2.199805e-04 9.997885e-01 -7.946514e+01
9.996564e-01 2.347109e-03 -2.610705e-02 6.923036e-01 -2.320258e-03 9.999967e-01 1.058757e-03 1.717228e+00 2.610945e-02 -9.978186e-04 9.996586e-01 -8.052031e+01
9.998427e-01 1.282942e-03 1.769012e-02 7.107793e-01 -1.288474e-03 9.999991e-01 3.013766e-04 1.742547e+00 -1.768972e-02 -3.241218e-04 9.998435e-01 -8.177704e+01
9.997614e-01 2.925659e-03 -2.164677e-02 8.757549e-01 -2.908973e-03 9.999954e-01 8.022681e-04 1.765498e+00 2.164902e-02 -7.391075e-04 9.997654e-01 -8.324079e+01
9.998538e-01 1.593899e-03 1.702623e-02 1.073653e+00 -1.608378e-03 9.999984e-01 8.367354e-04 1.788060e+00 -1.702486e-02 -8.639969e-04 9.998547e-01 -8.475894e+01
9.998155e-01 2.488348e-03 -1.904786e-02 1.272164e+00 -2.489696e-03 9.999969e-01 -4.701164e-05 1.811380e+00 1.904769e-02 9.442565e-05 9.998186e-01 -8.625199e+01
9.998946e-01 1.389256e-03 1.444918e-02 1.384014e+00 -1.406967e-03 9.999983e-01 1.215636e-03 1.834991e+00 -1.444747e-02 -1.235837e-03 9.998949e-01 -8.763503e+01
9.997616e-01 2.636934e-03 -2.167353e-02 1.522920e+00 -2.636604e-03 9.999965e-01 4.377547e-05 1.854258e+00 2.167357e-02 1.337879e-05 9.997651e-01 -8.886868e+01
9.998130e-01 1.400023e-03 1.928734e-02 1.740662e+00 -1.420072e-03 9.999985e-01 1.025849e-03 1.871242e+00 -1.928587e-02 -1.053046e-03 9.998135e-01 -9.010434e+01
9.996648e-01 2.529001e-03 -2.576459e-02 1.811695e+00 -2.524230e-03 9.999968e-01 2.177093e-04 1.895043e+00 2.576506e-02 -1.526013e-04 9.996680e-01 -9.141435e+01
9.997846e-01 1.680595e-03 2.068601e-02 2.023554e+00 -1.706057e-03 9.999978e-01 1.213333e-03 1.914511e+00 -2.068392e-02 -1.248363e-03 9.997853e-01 -9.276846e+01
9.996865e-01 2.930962e-03 -2.486786e-02 2.216898e+00 -2.928424e-03 9.999957e-01 1.384845e-04 1.941199e+00 2.486816e-02 -6.561812e-05 9.996907e-01 -9.442126e+01
9.997860e-01 1.471319e-03 2.063354e-02 2.246451e+00 -1.489539e-03 9.999985e-01 8.676667e-04 1.974546e+00 -2.063223e-02 -8.982149e-04 9.997867e-01 -9.602013e+01
9.996038e-01 1.944360e-03 -2.807916e-02 2.297512e+00 -1.941756e-03 9.999981e-01 1.200029e-04 1.996490e+00 2.807934e-02 -6.543322e-05 9.996057e-01 -9.715863e+01
9.997724e-01 1.613355e-03 2.127298e-02 2.679521e+00 -1.645547e-03 9.999975e-01 1.495866e-03 1.981542e+00 -2.127052e-02 -1.530531e-03 9.997726e-01 -9.719492e+01
9.997216e-01 2.354026e-03 -2.347929e-02 3.009448e+00 -2.357248e-03 9.999972e-01 -1.095255e-04 1.980431e+00 2.347896e-02 1.648408e-04 9.997243e-01 -9.781876e+01
9.998535e-01 1.834502e-03 1.701730e-02 3.216326e+00 -1.865773e-03 9.999966e-01 1.821954e-03 1.982997e+00 -1.701389e-02 -1.853436e-03 9.998535e-01 -9.842180e+01
9.997935e-01 1.962463e-03 -2.022874e-02 3.531964e+00 -1.970661e-03 9.999980e-01 -3.853336e-04 1.978800e+00 2.022794e-02 4.251173e-04 9.997953e-01 -9.884569e+01
9.998994e-01 1.061816e-03 1.414586e-02 3.626449e+00 -1.076915e-03 9.999989e-01 1.059799e-03 1.996223e+00 -1.414472e-02 -1.074925e-03 9.998994e-01 -9.988347e+01
9.997474e-01 2.645970e-03 -2.231687e-02 3.608181e+00 -2.637895e-03 9.999964e-01 3.912823e-04 2.023519e+00 2.231782e-02 -3.323147e-04 9.997509e-01 -1.011595e+02
9.998458e-01 1.214718e-03 1.752071e-02 3.673061e+00 -1.228890e-03 9.999989e-01 7.981979e-04 2.048988e+00 -1.751972e-02 -8.196052e-04 9.998462e-01 -1.025269e+02
9.996930e-01 2.700056e-03 -2.462923e-02 3.650471e+00 -2.684705e-03 9.999962e-01 6.563469e-04 2.077647e+00 2.463091e-02 -5.900239e-04 9.996964e-01 -1.038575e+02
9.998203e-01 1.325604e-03 1.891141e-02 3.587650e+00 -1.345824e-03 9.999985e-01 1.056530e-03 2.108782e+00 -1.890998e-02 -1.081791e-03 9.998206e-01 -1.052560e+02
9.996824e-01 2.693759e-03 -2.505551e-02 3.520489e+00 -2.689992e-03 9.999964e-01 1.840721e-04 2.141666e+00 2.505592e-02 -1.166152e-04 9.996860e-01 -1.066584e+02
9.998459e-01 1.202159e-03 1.751376e-02 3.466769e+00 -1.225763e-03 9.999984e-01 1.337090e-03 2.173053e+00 -1.751213e-02 -1.358351e-03 9.998457e-01 -1.080295e+02
9.996989e-01 2.589213e-03 -2.440125e-02 3.515556e+00 -2.580783e-03 9.999966e-01 3.770001e-04 2.191762e+00 2.440214e-02 -3.139129e-04 9.997022e-01 -1.090736e+02
9.998076e-01 2.222952e-04 1.961217e-02 3.575552e+00 -2.508720e-04 9.999989e-01 1.454665e-03 2.191685e+00 -1.961183e-02 -1.459305e-03 9.998066e-01 -1.092403e+02
9.995895e-01 2.247917e-03 -2.856081e-02 3.548895e+00 -2.246890e-03 9.999975e-01 6.809207e-05 2.204739e+00 2.856090e-02 -3.891810e-06 9.995921e-01 -1.097882e+02
9.998024e-01 1.026413e-03 1.985031e-02 3.498002e+00 -1.049347e-03 9.999988e-01 1.144968e-03 2.232320e+00 -1.984911e-02 -1.165571e-03 9.998023e-01 -1.109687e+02
9.996142e-01 2.865264e-03 -2.762604e-02 3.407345e+00 -2.858346e-03 9.999959e-01 2.899271e-04 2.265450e+00 2.762676e-02 -2.108512e-04 9.996183e-01 -1.123169e+02
9.998144e-01 5.270785e-04 1.925716e-02 3.396735e+00 -5.503468e-04 9.999991e-01 1.203031e-03 2.289808e+00 -1.925651e-02 -1.213405e-03 9.998138e-01 -1.134218e+02
9.995890e-01 1.890557e-03 -2.860539e-02 3.413458e+00 -1.894003e-03 9.999982e-01 -9.336620e-05 2.305024e+00 2.860517e-02 1.475058e-04 9.995908e-01 -1.141899e+02
9.996752e-01 5.212895e-05 2.548612e-02 3.072762e+00 -1.208046e-04 9.999964e-01 2.693113e-03 2.324436e+00 -2.548588e-02 -2.695316e-03 9.996715e-01 -1.140334e+02
9.995245e-01 2.673516e-03 -3.071839e-02 2.897582e+00 -2.681759e-03 9.999964e-01 -2.271363e-04 2.336028e+00 3.071767e-02 3.094069e-04 9.995281e-01 -1.138953e+02
9.997642e-01 -1.207922e-03 2.168204e-02 2.918197e+00 1.161085e-03 9.999970e-01 2.172664e-03 2.332563e+00 -2.168460e-02 -2.146977e-03 9.997626e-01 -1.137137e+02
9.996057e-01 3.551910e-03 -2.785485e-02 2.993074e+00 -3.579970e-03 9.999931e-01 -9.575531e-04 2.312972e+00 2.785126e-02 1.056894e-03 9.996115e-01 -1.130130e+02
9.998443e-01 -1.682226e-03 1.756373e-02 3.094184e+00 1.641808e-03 9.999960e-01 2.315409e-03 2.302669e+00 -1.756755e-02 -2.286211e-03 9.998431e-01 -1.128029e+02
9.996742e-01 4.637076e-03 -2.509937e-02 3.294453e+00 -4.654577e-03 9.999890e-01 -6.388642e-04 2.293570e+00 2.509613e-02 7.554823e-04 9.996848e-01 -1.128199e+02
9.998746e-01 -2.211970e-03 1.567889e-02 3.348363e+00 2.187379e-03 9.999964e-01 1.585399e-03 2.307571e+00 -1.568234e-02 -1.550904e-03 9.998758e-01 -1.135920e+02
9.996737e-01 4.516566e-03 -2.514125e-02 3.431662e+00 -4.538760e-03 9.999894e-01 -8.257680e-04 2.318565e+00 2.513725e-02 9.396080e-04 9.996836e-01 -1.142920e+02
9.998852e-01 -2.545192e-03 1.493707e-02 3.517165e+00 2.517668e-03 9.999951e-01 1.861204e-03 2.321804e+00 -1.494173e-02 -1.823383e-03 9.998867e-01 -1.146610e+02
9.996765e-01 4.423885e-03 -2.504843e-02 3.598440e+00 -4.446421e-03 9.999898e-01 -8.440678e-04 2.319476e+00 2.504444e-02 9.551699e-04 9.996859e-01 -1.147762e+02
9.998636e-01 -2.068751e-03 1.638447e-02 3.701036e+00 2.042408e-03 9.999966e-01 1.624369e-03 2.326356e+00 -1.638777e-02 -1.590683e-03 9.998644e-01 -1.153467e+02
9.996465e-01 4.218866e-03 -2.625047e-02 3.777930e+00 -4.240949e-03 9.999907e-01 -7.856092e-04 2.336771e+00 2.624691e-02 8.966577e-04 9.996551e-01 -1.160036e+02
9.998687e-01 -2.184962e-03 1.605678e-02 3.863438e+00 2.159349e-03 9.999964e-01 1.612325e-03 2.345125e+00 -1.606025e-02 -1.577440e-03 9.998698e-01 -1.165966e+02
9.996434e-01 4.166972e-03 -2.637443e-02 3.958845e+00 -4.189198e-03 9.999909e-01 -7.875173e-04 2.352152e+00 2.637091e-02 8.977235e-04 9.996518e-01 -1.171465e+02
9.998697e-01 -2.379252e-03 1.596665e-02 4.073145e+00 2.350678e-03 9.999956e-01 1.808138e-03 2.347748e+00 -1.597088e-02 -1.770370e-03 9.998709e-01 -1.172301e+02
9.997547e-01 3.994805e-03 -2.178707e-02 4.117445e+00 -4.003760e-03 9.999919e-01 -3.674453e-04 2.332073e+00 2.178543e-02 4.545847e-04 9.997626e-01 -1.165469e+02
9.998782e-01 -1.826613e-03 1.550270e-02 4.178928e+00 1.802086e-03 9.999971e-01 1.595971e-03 2.311729e+00 -1.550558e-02 -1.567839e-03 9.998786e-01 -1.157885e+02
9.998650e-01 3.748507e-03 -1.599518e-02 4.121983e+00 -3.760524e-03 9.999927e-01 -7.212600e-04 2.296265e+00 1.599236e-02 7.813122e-04 9.998718e-01 -1.147068e+02
9.998816e-01 -1.474266e-03 1.531466e-02 4.110805e+00 1.445652e-03 9.999972e-01 1.879361e-03 2.282630e+00 -1.531738e-02 -1.856999e-03 9.998810e-01 -1.136606e+02
9.998222e-01 4.282857e-03 -1.836387e-02 4.180678e+00 -4.297807e-03 9.999905e-01 -7.747156e-04 2.256992e+00 1.836038e-02 8.535016e-04 9.998311e-01 -1.126072e+02
9.999252e-01 -2.018684e-03 1.206684e-02 4.298451e+00 1.997317e-03 9.999964e-01 1.782496e-03 2.239599e+00 -1.207040e-02 -1.758260e-03 9.999256e-01 -1.120934e+02
9.998083e-01 4.056197e-03 -1.915735e-02 4.385130e+00 -4.065201e-03 9.999916e-01 -4.310709e-04 2.222842e+00 1.915544e-02 5.088660e-04 9.998164e-01 -1.115084e+02
9.998859e-01 -1.421619e-03 1.503629e-02 4.478433e+00 1.397190e-03 9.999977e-01 1.635085e-03 2.195548e+00 -1.503858e-02 -1.613890e-03 9.998856e-01 -1.104020e+02
9.998307e-01 4.588449e-03 -1.782172e-02 4.666252e+00 -4.600284e-03 9.999892e-01 -6.231051e-04 2.173315e+00 1.781867e-02 7.049839e-04 9.998410e-01 -1.098403e+02
9.999323e-01 -2.758829e-03 1.130349e-02 4.730275e+00 2.737018e-03 9.999944e-01 1.944579e-03 2.158496e+00 -1.130879e-02 -1.913509e-03 9.999342e-01 -1.092526e+02
9.998077e-01 5.165649e-03 -1.892033e-02 4.804230e+00 -5.183925e-03 9.999861e-01 -9.169995e-04 2.140245e+00 1.891533e-02 1.014904e-03 9.998206e-01 -1.086384e+02
9.997768e-01 -2.622311e-03 2.096211e-02 4.848470e+00 2.584091e-03 9.999949e-01 1.850197e-03 2.114764e+00 -2.096685e-02 -1.795615e-03 9.997786e-01 -1.071438e+02
9.997018e-01 7.179940e-03 -2.334091e-02 4.997587e+00 -7.201010e-03 9.999737e-01 -8.187660e-04 2.082044e+00 2.333442e-02 9.865992e-04 9.997272e-01 -1.059843e+02
9.999053e-01 -4.984370e-03 1.282948e-02 5.113196e+00 4.962509e-03 9.999862e-01 1.735303e-03 2.082118e+00 -1.283796e-02 -1.671471e-03 9.999162e-01 -1.062848e+02
9.997009e-01 7.135740e-03 -2.339192e-02 5.218070e+00 -7.153910e-03 9.999742e-01 -6.931202e-04 2.082193e+00 2.338637e-02 8.602559e-04 9.997261e-01 -1.065588e+02
9.998842e-01 -5.348656e-03 1.424762e-02 5.331641e+00 5.323238e-03 9.999842e-01 1.821395e-03 2.072907e+00 -1.425714e-02 -1.745340e-03 9.998968e-01 -1.064156e+02
9.997326e-01 7.260834e-03 -2.195436e-02 5.425907e+00 -7.279681e-03 9.999732e-01 -7.786403e-04 2.060849e+00 2.194811e-02 9.382522e-04 9.997587e-01 -1.061213e+02
9.999046e-01 -5.178676e-03 1.280673e-02 5.537321e+00 5.156841e-03 9.999852e-01 1.737495e-03 2.053919e+00 -1.281554e-02 -1.671286e-03 9.999165e-01 -1.060786e+02
9.997045e-01 7.518160e-03 -2.311737e-02 5.615998e+00 -7.540875e-03 9.999712e-01 -8.955781e-04 2.054834e+00 2.310997e-02 1.069638e-03 9.997324e-01 -1.063668e+02
9.999099e-01 -5.438022e-03 1.227205e-02 5.686479e+00 5.415170e-03 9.999835e-01 1.894624e-03 2.058424e+00 -1.228215e-02 -1.827998e-03 9.999229e-01 -1.067434e+02
9.997005e-01 7.411013e-03 -2.332373e-02 5.758999e+00 -7.435994e-03 9.999719e-01 -9.845131e-04 2.065255e+00 2.331578e-02 1.157653e-03 9.997275e-01 -1.072532e+02
9.999103e-01 -5.558054e-03 1.218445e-02 5.864340e+00 5.531969e-03 9.999823e-01 2.173560e-03 2.059933e+00 -1.219631e-02 -2.105960e-03 9.999234e-01 -1.072981e+02
9.997189e-01 7.741431e-03 -2.241094e-02 5.928221e+00 -7.765410e-03 9.999694e-01 -9.831303e-04 2.056070e+00 2.240264e-02 1.156883e-03 9.997484e-01 -1.073141e+02
9.999126e-01 -5.707917e-03 1.192893e-02 6.008340e+00 5.686711e-03 9.999822e-01 1.810932e-03 2.063902e+00 -1.193905e-02 -1.742936e-03 9.999272e-01 -1.078742e+02
9.997333e-01 7.855805e-03 -2.171738e-02 6.105076e+00 -7.880912e-03 9.999684e-01 -1.070746e-03 2.072883e+00 2.170828e-02 1.241613e-03 9.997636e-01 -1.085113e+02
9.999143e-01 -5.867169e-03 1.170542e-02 6.218598e+00 5.846044e-03 9.999812e-01 1.838206e-03 2.078037e+00 -1.171599e-02 -1.769617e-03 9.999298e-01 -1.090193e+02
9.997223e-01 7.810010e-03 -2.223148e-02 6.330631e+00 -7.830102e-03 9.999690e-01 -8.168275e-04 2.079753e+00 2.222442e-02 9.906748e-04 9.997525e-01 -1.093594e+02
9.999186e-01 -6.094507e-03 1.121070e-02 6.431190e+00 6.075265e-03 9.999800e-01 1.749690e-03 2.082114e+00 -1.122114e-02 -1.681439e-03 9.999356e-01 -1.097307e+02
9.997192e-01 7.931794e-03 -2.233162e-02 6.525404e+00 -7.945184e-03 9.999683e-01 -5.109466e-04 2.083512e+00 2.232686e-02 6.882313e-04 9.997505e-01 -1.100321e+02
9.998007e-01 -4.875286e-03 1.935779e-02 6.813253e+00 4.822636e-03 9.999845e-01 2.765644e-03 2.060643e+00 -1.937098e-02 -2.671737e-03 9.998088e-01 -1.092718e+02
9.998000e-01 9.365450e-03 -1.767068e-02 7.270182e+00 -9.389316e-03 9.999551e-01 -1.268099e-03 2.033164e+00 1.765801e-02 1.433760e-03 9.998431e-01 -1.088358e+02
9.998747e-01 -6.335751e-03 1.450932e-02 7.545996e+00 6.297434e-03 9.999766e-01 2.685079e-03 2.014942e+00 -1.452599e-02 -2.593370e-03 9.998911e-01 -1.085518e+02
9.997396e-01 8.476022e-03 -2.118699e-02 7.756384e+00 -8.514093e-03 9.999623e-01 -1.707302e-03 1.999152e+00 2.117172e-02 1.887244e-03 9.997741e-01 -1.082949e+02
9.998935e-01 -6.174954e-03 1.322040e-02 8.016626e+00 6.131763e-03 9.999757e-01 3.305080e-03 1.986277e+00 -1.324049e-02 -3.223663e-03 9.999071e-01 -1.082613e+02
9.997885e-01 9.098275e-03 -1.844438e-02 8.319673e+00 -9.120208e-03 9.999578e-01 -1.105353e-03 1.963520e+00 1.843354e-02 1.273335e-03 9.998293e-01 -1.078111e+02
9.998486e-01 -4.902183e-03 1.669485e-02 8.724737e+00 4.835950e-03 9.999803e-01 4.005410e-03 1.932697e+00 -1.671416e-02 -3.924068e-03 9.998526e-01 -1.071149e+02
9.998739e-01 1.017720e-02 -1.218991e-02 9.212716e+00 -1.021342e-02 9.999436e-01 -2.912715e-03 1.911359e+00 1.215958e-02 3.036848e-03 9.999215e-01 -1.070064e+02
9.999506e-01 -7.055638e-03 7.001021e-03 9.383667e+00 7.028516e-03 9.999677e-01 3.891251e-03 1.907493e+00 -7.028250e-03 -3.841852e-03 9.999679e-01 -1.072321e+02
9.998293e-01 9.854956e-03 -1.562768e-02 9.506448e+00 -9.901142e-03 9.999468e-01 -2.880714e-03 1.906701e+00 1.559846e-02 3.034953e-03 9.998737e-01 -1.075274e+02
9.999331e-01 -6.756494e-03 9.389269e-03 9.798441e+00 6.710852e-03 9.999656e-01 4.884210e-03 1.892175e+00 -9.421945e-03 -4.820873e-03 9.999440e-01 -1.074044e+02
9.999022e-01 1.158538e-02 -7.833435e-03 1.025131e+01 -1.161312e-02 9.999264e-01 -3.504876e-03 1.866360e+00 7.792253e-03 3.595503e-03 9.999632e-01 -1.070575e+02
9.999620e-01 -7.531121e-03 4.387938e-03 1.030347e+01 7.501811e-03 9.999497e-01 6.658516e-03 1.863775e+00 -4.437863e-03 -6.625345e-03 9.999682e-01 -1.071244e+02
9.998380e-01 1.174363e-02 -1.363684e-02 1.031545e+01 -1.182551e-02 9.999124e-01 -5.939200e-03 1.870626e+00 1.356590e-02 6.099500e-03 9.998894e-01 -1.074683e+02
9.999553e-01 -7.436164e-03 5.838184e-03 1.055911e+01 7.391332e-03 9.999433e-01 7.663604e-03 1.847544e+00 -5.894841e-03 -7.620109e-03 9.999536e-01 -1.070435e+02
9.997757e-01 1.065608e-02 -1.830356e-02 1.065729e+01 -1.077373e-02 9.999219e-01 -6.341325e-03 1.843365e+00 1.823455e-02 6.537100e-03 9.998124e-01 -1.071785e+02
9.999530e-01 -7.290722e-03 6.389529e-03 1.090670e+01 7.242970e-03 9.999459e-01 7.465122e-03 1.846316e+00 -6.443609e-03 -7.418491e-03 9.999517e-01 -1.078804e+02
9.998790e-01 1.318396e-02 -8.256895e-03 1.198663e+01 -1.323715e-02 9.998918e-01 -6.420919e-03 1.812153e+00 8.171348e-03 6.529439e-03 9.999453e-01 -1.082320e+02
9.999620e-01 -8.675122e-03 -9.065387e-04 1.230107e+01 8.681949e-03 9.999317e-01 7.820094e-03 1.822940e+00 8.386366e-04 -7.827666e-03 9.999690e-01 -1.094345e+02
9.998890e-01 1.485078e-02 -1.178477e-03 1.322043e+01 -1.485912e-02 9.998621e-01 -7.410627e-03 1.821014e+00 1.068261e-03 7.427315e-03 9.999718e-01 -1.110784e+02
9.999456e-01 -6.899702e-03 7.825180e-03 1.540878e+01 6.840500e-03 9.999480e-01 7.567397e-03 1.772564e+00 -7.876986e-03 -7.513457e-03 9.999407e-01 -1.123857e+02
9.998686e-01 1.600101e-02 -2.610102e-03 1.758262e+01 -1.601838e-02 9.998488e-01 -6.771484e-03 1.737087e+00 2.501356e-03 6.812403e-03 9.999737e-01 -1.139108e+02
9.999404e-01 -1.079908e-02 1.597531e-03 1.813560e+01 1.078824e-02 9.999197e-01 6.643793e-03 1.754344e+00 -1.669149e-03 -6.626162e-03 9.999767e-01 -1.155938e+02
9.998283e-01 1.504568e-02 -1.081773e-02 1.810941e+01 -1.510823e-02 9.998695e-01 -5.724304e-03 1.791653e+00 1.073020e-02 5.886757e-03 9.999251e-01 -1.172055e+02
9.999428e-01 -1.035281e-02 2.695922e-03 1.804233e+01 1.033436e-02 9.999237e-01 6.768541e-03 1.833639e+00 -2.765790e-03 -6.740293e-03 9.999735e-01 -1.189733e+02
9.998374e-01 1.499099e-02 -1.001831e-02 1.798121e+01 -1.504674e-02 9.998716e-01 -5.513032e-03 1.871701e+00 9.934373e-03 5.662878e-03 9.999346e-01 -1.206055e+02
9.999336e-01 -1.147894e-02 1.053116e-03 1.795800e+01 1.147167e-02 9.999119e-01 6.675173e-03 1.899673e+00 -1.129647e-03 -6.662648e-03 9.999772e-01 -1.218550e+02
9.998247e-01 1.455477e-02 -1.177997e-02 1.805115e+01 -1.462151e-02 9.998774e-01 -5.599517e-03 1.917550e+00 1.169702e-02 5.770775e-03 9.999149e-01 -1.228937e+02
9.999311e-01 -1.078751e-02 4.618931e-03 1.823502e+01 1.075529e-02 9.999180e-01 6.944940e-03 1.931745e+00 -4.693471e-03 -6.894783e-03 9.999652e-01 -1.239732e+02
9.998327e-01 1.442496e-02 -1.125010e-02 1.823621e+01 -1.448744e-02 9.998800e-01 -5.491696e-03 1.957834e+00 1.116953e-02 5.653762e-03 9.999216e-01 -1.252377e+02
9.999323e-01 -1.115717e-02 3.289818e-03 1.822174e+01 1.113434e-02 9.999144e-01 6.878251e-03 1.982243e+00 -3.366278e-03 -6.841155e-03 9.999709e-01 -1.263828e+02
9.998222e-01 1.416259e-02 -1.244820e-02 1.821403e+01 -1.423035e-02 9.998843e-01 -5.371028e-03 2.002711e+00 1.237069e-02 5.547215e-03 9.999081e-01 -1.273781e+02
9.999295e-01 -1.110984e-02 4.195159e-03 1.827953e+01 1.108138e-02 9.999158e-01 6.748566e-03 2.018025e+00 -4.269782e-03 -6.701601e-03 9.999684e-01 -1.283085e+02
9.998268e-01 1.428625e-02 -1.193027e-02 1.828666e+01 -1.435229e-02 9.998820e-01 -5.468389e-03 2.039827e+00 1.185074e-02 5.638668e-03 9.999139e-01 -1.293916e+02
9.999313e-01 -1.141626e-02 2.643425e-03 1.827279e+01 1.139831e-02 9.999125e-01 6.711402e-03 2.061764e+00 -2.719813e-03 -6.680810e-03 9.999740e-01 -1.303939e+02
9.998247e-01 1.464476e-02 -1.166585e-02 1.824231e+01 -1.470550e-02 9.998787e-01 -5.137820e-03 2.086224e+00 1.158919e-02 5.308471e-03 9.999188e-01 -1.315097e+02
9.999277e-01 -1.139472e-02 3.848458e-03 1.823909e+01 1.136935e-02 9.999139e-01 6.552075e-03 2.109677e+00 -3.922785e-03 -6.507846e-03 9.999711e-01 -1.326121e+02
9.997916e-01 1.402468e-02 -1.483438e-02 1.846156e+01 -1.410755e-02 9.998854e-01 -5.496720e-03 2.115938e+00 1.475559e-02 5.704851e-03 9.998749e-01 -1.333922e+02
9.999101e-01 -1.032926e-02 8.547386e-03 1.876913e+01 1.027250e-02 9.999251e-01 6.657943e-03 2.127589e+00 -8.615518e-03 -6.569541e-03 9.999413e-01 -1.345126e+02
9.997719e-01 1.392832e-02 -1.619278e-02 1.873277e+01 -1.401595e-02 9.998877e-01 -5.310843e-03 2.156658e+00 1.611699e-02 5.536588e-03 9.998548e-01 -1.357600e+02
9.999237e-01 -1.108217e-02 5.454632e-03 1.875758e+01 1.104531e-02 9.999163e-01 6.741461e-03 2.170860e+00 -5.528886e-03 -6.680698e-03 9.999624e-01 -1.364974e+02
9.997888e-01 1.386869e-02 -1.516627e-02 1.878531e+01 -1.395843e-02 9.998856e-01 -5.827259e-03 2.183846e+00 1.508372e-02 6.037725e-03 9.998680e-01 -1.372600e+02
9.999211e-01 -1.068343e-02 6.600907e-03 1.874245e+01 1.063556e-02 9.999172e-01 7.244725e-03 2.209692e+00 -6.677759e-03 -7.173948e-03 9.999520e-01 -1.383767e+02
9.997864e-01 1.377910e-02 -1.540648e-02 1.869999e+01 -1.386979e-02 9.998870e-01 -5.795082e-03 2.234173e+00 1.532489e-02 6.007528e-03 9.998645e-01 -1.394320e+02
9.999249e-01 -1.061042e-02 6.133145e-03 1.864938e+01 1.056542e-02 9.999174e-01 7.324576e-03 2.260006e+00 -6.210355e-03 -7.259226e-03 9.999544e-01 -1.405443e+02
9.997983e-01 1.398736e-02 -1.441416e-02 1.868960e+01 -1.407404e-02 9.998834e-01 -5.929681e-03 2.281859e+00 1.432954e-02 6.131350e-03 9.998785e-01 -1.417177e+02
9.999197e-01 -1.086280e-02 6.530637e-03 1.876538e+01 1.081344e-02 9.999131e-01 7.546875e-03 2.300546e+00 -6.612049e-03 -7.475650e-03 9.999502e-01 -1.427861e+02
9.997859e-01 1.401884e-02 -1.522098e-02 1.888147e+01 -1.410796e-02 9.998839e-01 -5.763706e-03 2.313786e+00 1.513841e-02 5.977208e-03 9.998675e-01 -1.436843e+02
9.999172e-01 -1.090665e-02 6.829622e-03 1.901998e+01 1.085550e-02 9.999131e-01 7.482427e-03 2.325447e+00 -6.910637e-03 -7.407668e-03 9.999487e-01 -1.445311e+02
9.997737e-01 1.474031e-02 -1.533663e-02 1.908944e+01 -1.482997e-02 9.998735e-01 -5.749258e-03 2.347016e+00 1.524994e-02 5.975398e-03 9.998659e-01 -1.457681e+02
9.999110e-01 -1.057275e-02 8.138000e-03 1.917000e+01 1.050841e-02 9.999135e-01 7.908978e-03 2.371345e+00 -8.220916e-03 -7.822756e-03 9.999356e-01 -1.471287e+02
9.997762e-01 1.373104e-02 -1.609178e-02 1.920688e+01 -1.383410e-02 9.998844e-01 -6.310691e-03 2.391888e+00 1.600327e-02 6.531893e-03 9.998506e-01 -1.482317e+02
9.999179e-01 -1.079697e-02 6.900374e-03 1.924536e+01 1.074313e-02 9.999119e-01 7.791955e-03 2.408276e+00 -6.983896e-03 -7.717183e-03 9.999458e-01 -1.491496e+02
9.997836e-01 1.375931e-02 -1.560517e-02 1.933726e+01 -1.385759e-02 9.998847e-01 -6.207508e-03 2.421778e+00 1.551796e-02 6.422414e-03 9.998590e-01 -1.499901e+02
9.999185e-01 -1.074074e-02 6.903475e-03 1.935410e+01 1.068807e-02 9.999138e-01 7.622098e-03 2.441866e+00 -6.984747e-03 -7.547691e-03 9.999471e-01 -1.510286e+02
9.997969e-01 1.440942e-02 -1.408657e-02 1.948386e+01 -1.449648e-02 9.998763e-01 -6.097701e-03 2.447121e+00 1.399696e-02 6.300668e-03 9.998822e-01 -1.515664e+02
9.998628e-01 -1.045698e-02 1.284514e-02 1.980404e+01 1.036131e-02 9.999182e-01 7.492494e-03 2.437045e+00 -1.292244e-02 -7.358374e-03 9.998894e-01 -1.517100e+02
9.997989e-01 1.402121e-02 -1.433712e-02 2.012702e+01 -1.411584e-02 9.998791e-01 -6.520571e-03 2.435416e+00 1.424396e-02 6.721640e-03 9.998760e-01 -1.522157e+02
9.999069e-01 -1.057549e-02 8.621313e-03 2.019237e+01 1.050962e-02 9.999155e-01 7.649776e-03 2.453465e+00 -8.701485e-03 -7.558457e-03 9.999336e-01 -1.532323e+02
9.997758e-01 1.449612e-02 -1.543597e-02 2.015554e+01 -1.459119e-02 9.998752e-01 -6.063855e-03 2.481055e+00 1.534614e-02 6.287724e-03 9.998625e-01 -1.545152e+02
9.999081e-01 -1.110486e-02 7.770182e-03 2.015979e+01 1.104679e-02 9.999110e-01 7.476588e-03 2.502913e+00 -7.852517e-03 -7.390065e-03 9.999419e-01 -1.556161e+02
9.997810e-01 1.440538e-02 -1.518197e-02 2.025978e+01 -1.449944e-02 9.998762e-01 -6.103673e-03 2.513824e+00 1.509216e-02 6.322466e-03 9.998661e-01 -1.563699e+02
9.999092e-01 -1.143799e-02 7.130950e-03 2.038170e+01 1.138363e-02 9.999062e-01 7.618098e-03 2.523141e+00 -7.217417e-03 -7.536229e-03 9.999456e-01 -1.570731e+02
9.997811e-01 1.525987e-02 -1.431714e-02 2.047812e+01 -1.534511e-02 9.998651e-01 -5.862536e-03 2.541069e+00 1.422574e-02 6.080950e-03 9.998803e-01 -1.581897e+02
9.998960e-01 -1.187414e-02 8.184062e-03 2.054973e+01 1.181388e-02 9.999030e-01 7.372560e-03 2.556407e+00 -8.270812e-03 -7.275107e-03 9.999393e-01 -1.591053e+02
9.997517e-01 1.490569e-02 -1.656581e-02 2.051801e+01 -1.500196e-02 9.998712e-01 -5.702127e-03 2.576398e+00 1.647868e-02 5.949230e-03 9.998465e-01 -1.600480e+02
9.998992e-01 -1.179682e-02 7.899663e-03 2.047529e+01 1.173915e-02 9.999044e-01 7.306926e-03 2.600350e+00 -7.985106e-03 -7.213454e-03 9.999421e-01 -1.611285e+02
9.997394e-01 1.480451e-02 -1.737801e-02 2.047081e+01 -1.490855e-02 9.998716e-01 -5.872817e-03 2.622598e+00 1.728884e-02 6.130367e-03 9.998317e-01 -1.621723e+02
9.998995e-01 -1.226878e-02 7.107229e-03 2.046653e+01 1.221784e-02 9.998997e-01 7.168146e-03 2.641467e+00 -7.194460e-03 -7.080590e-03 9.999491e-01 -1.630587e+02
9.997522e-01 1.481252e-02 -1.661792e-02 2.052840e+01 -1.491161e-02 9.998717e-01 -5.855169e-03 2.651915e+00 1.652906e-02 6.101518e-03 9.998448e-01 -1.637057e+02
9.998762e-01 -1.150508e-02 1.073364e-02 2.069972e+01 1.142845e-02 9.999090e-01 7.173910e-03 2.661198e+00 -1.081520e-02 -7.050353e-03 9.999167e-01 -1.644573e+02
9.997183e-01 1.451729e-02 -1.877786e-02 2.071436e+01 -1.462969e-02 9.998758e-01 -5.862249e-03 2.681342e+00 1.869043e-02 6.135311e-03 9.998065e-01 -1.654984e+02
9.998972e-01 -1.081810e-02 9.414823e-03 2.064782e+01 1.075067e-02 9.999164e-01 7.183514e-03 2.713793e+00 -9.491748e-03 -7.081559e-03 9.999299e-01 -1.669247e+02
9.997260e-01 1.555828e-02 -1.749072e-02 2.053202e+01 -1.566039e-02 9.998610e-01 -5.716501e-03 2.757212e+00 1.739935e-02 5.988846e-03 9.998307e-01 -1.686786e+02
9.998866e-01 -1.165733e-02 9.537163e-03 2.048332e+01 1.159027e-02 9.999079e-01 7.056648e-03 2.790121e+00 -9.618547e-03 -6.945308e-03 9.999296e-01 -1.700731e+02
9.997087e-01 1.486343e-02 -1.901519e-02 2.043712e+01 -1.497044e-02 9.998728e-01 -5.497515e-03 2.815985e+00 1.893106e-02 5.780579e-03 9.998041e-01 -1.712289e+02
9.998828e-01 -1.149505e-02 1.011056e-02 2.038937e+01 1.142235e-02 9.999087e-01 7.219569e-03 2.841296e+00 -1.019263e-02 -7.103236e-03 9.999228e-01 -1.723753e+02
9.997100e-01 1.440018e-02 -1.930145e-02 2.035496e+01 -1.450951e-02 9.998794e-01 -5.536484e-03 2.862386e+00 1.921939e-02 5.814932e-03 9.997984e-01 -1.733522e+02
9.998768e-01 -1.180034e-02 1.034804e-02 2.038275e+01 1.172910e-02 9.999073e-01 6.918089e-03 2.879551e+00 -1.042871e-02 -6.795863e-03 9.999225e-01 -1.742770e+02
9.996914e-01 1.476208e-02 -1.997960e-02 2.035789e+01 -1.486920e-02 9.998758e-01 -5.223949e-03 2.900482e+00 1.990000e-02 5.519417e-03 9.997867e-01 -1.752755e+02
9.998670e-01 -1.200330e-02 1.103745e-02 2.038172e+01 1.193018e-02 9.999066e-01 6.666759e-03 2.919284e+00 -1.111644e-02 -6.534194e-03 9.999169e-01 -1.762795e+02
9.996862e-01 1.523294e-02 -1.988473e-02 2.039735e+01 -1.533456e-02 9.998701e-01 -4.967762e-03 2.940871e+00 1.980648e-02 5.271127e-03 9.997899e-01 -1.774136e+02
9.998474e-01 -1.210263e-02 1.259393e-02 2.048493e+01 1.201973e-02 9.999057e-01 6.636941e-03 2.960867e+00 -1.267307e-02 -6.484552e-03 9.998987e-01 -1.785406e+02
9.996545e-01 1.504545e-02 -2.155131e-02 2.047759e+01 -1.515737e-02 9.998724e-01 -5.038894e-03 2.982860e+00 2.147275e-02 5.363814e-03 9.997550e-01 -1.796106e+02
9.998561e-01 -1.216356e-02 1.182487e-02 2.044508e+01 1.208593e-02 9.999051e-01 6.614991e-03 3.005499e+00 -1.190421e-02 -6.471124e-03 9.999082e-01 -1.806473e+02
9.996696e-01 1.525689e-02 -2.068504e-02 2.040541e+01 -1.536451e-02 9.998692e-01 -5.054197e-03 3.029665e+00 2.060523e-02 5.370343e-03 9.997733e-01 -1.817479e+02
9.998663e-01 -1.225550e-02 1.082502e-02 2.036814e+01 1.218691e-02 9.999054e-01 6.379344e-03 3.054681e+00 -1.090218e-02 -6.246567e-03 9.999211e-01 -1.828441e+02
9.996656e-01 1.510260e-02 -2.099094e-02 2.035285e+01 -1.521154e-02 9.998716e-01 -5.039900e-03 3.077218e+00 2.091213e-02 5.357519e-03 9.997670e-01 -1.838419e+02
9.998622e-01 -1.234742e-02 1.109820e-02 2.033390e+01 1.227710e-02 9.999043e-01 6.382181e-03 3.099386e+00 -1.117594e-02 -6.245048e-03 9.999180e-01 -1.848412e+02
9.996743e-01 1.533046e-02 -2.040320e-02 2.030796e+01 -1.543181e-02 9.998693e-01 -4.819220e-03 3.122596e+00 2.032666e-02 5.132509e-03 9.997802e-01 -1.858759e+02
9.998619e-01 -1.253038e-02 1.091974e-02 2.027987e+01 1.246163e-02 9.999022e-01 6.341462e-03 3.144808e+00 -1.099813e-02 -6.204508e-03 9.999203e-01 -1.868686e+02
9.996679e-01 1.531775e-02 -2.072264e-02 2.025399e+01 -1.541799e-02 9.998702e-01 -4.685850e-03 3.165709e+00 2.064818e-02 5.003795e-03 9.997743e-01 -1.878149e+02
9.998942e-01 -1.316072e-02 6.189565e-03 2.027375e+01 1.312027e-02 9.998926e-01 6.532082e-03 3.166699e+00 -6.274867e-03 -6.450182e-03 9.999595e-01 -1.880073e+02
