9.999868e-01 -9.601529e-05 -5.137097e-03 -8.024010e-02 8.111167e-05 9.999958e-01 -2.901301e-03 9.251552e-03 5.137354e-03 2.900846e-03 9.999826e-01 -4.479480e-01
1.000000e+00 -9.758019e-07 -1.524638e-04 -1.513558e-01 1.131109e-06 9.999995e-01 1.018465e-03 1.437727e-02 1.524630e-04 -1.018465e-03 9.999995e-01 -7.096075e-01
9.999905e-01 1.472609e-04 -4.357592e-03 -1.947870e-01 -1.722572e-04 9.999835e-01 -5.736432e-03 2.987783e-02 4.356675e-03 5.737128e-03 9.999741e-01 -1.500013e+00
9.999994e-01 -1.552376e-04 -1.046784e-03 -2.436372e-01 1.575236e-04 9.999976e-01 2.184016e-03 4.130006e-02 1.046442e-03 -2.184179e-03 9.999971e-01 -2.111024e+00
9.999923e-01 1.027967e-04 -3.912598e-03 -2.803426e-01 -1.218866e-04 9.999881e-01 -4.879163e-03 4.826428e-02 3.912049e-03 4.879602e-03 9.999804e-01 -2.550638e+00
9.999996e-01 5.682200e-04 7.347864e-04 -2.703732e-01 -5.720989e-04 9.999858e-01 5.289645e-03 3.983310e-02 -7.317699e-04 -5.290062e-03 9.999857e-01 -2.224989e+00
9.999905e-01 4.110996e-04 -4.347209e-03 -2.542179e-01 -4.304346e-04 9.999900e-01 -4.447661e-03 3.109356e-02 4.345337e-03 4.449489e-03 9.999807e-01 -1.865661e+00
1.000000e+00 9.168317e-05 2.735743e-04 -2.636336e-01 -9.289463e-05 9.999902e-01 4.431693e-03 2.619979e-02 -2.731650e-04 -4.431717e-03 9.999901e-01 -1.674792e+00
9.999979e-01 1.185214e-03 -1.696141e-03 -2.389210e-01 -1.190317e-03 9.999948e-01 -3.011266e-03 1.428060e-02 1.692563e-03 3.013278e-03 9.999940e-01 -1.141737e+00
9.999918e-01 -8.953064e-04 -3.954928e-03 -3.051280e-01 9.025779e-04 9.999979e-01 1.837180e-03 1.820058e-02 3.953275e-03 -1.840734e-03 9.999905e-01 -1.258863e+00
9.999993e-01 1.173603e-03 -3.089834e-04 -3.296099e-01 -1.175624e-03 9.999774e-01 -6.622894e-03 3.311381e-02 3.012034e-04 6.623251e-03 9.999780e-01 -2.052209e+00
9.999895e-01 -1.277934e-03 -4.410115e-03 -4.533716e-01 1.287850e-03 9.999966e-01 2.246262e-03 5.161097e-02 4.407230e-03 -2.251917e-03 9.999878e-01 -2.830588e+00
9.999994e-01 1.086596e-03 -1.531754e-04 -5.687956e-01 -1.087385e-03 9.999856e-01 -5.249112e-03 6.130487e-02 1.474692e-04 5.249275e-03 9.999862e-01 -3.229692e+00
9.999877e-01 -1.267907e-03 -4.794364e-03 -6.589998e-01 1.274895e-03 9.999981e-01 1.454697e-03 7.388931e-02 4.792511e-03 -1.460791e-03 9.999874e-01 -3.840348e+00
9.999985e-01 1.447133e-03 9.586285e-04 -7.101192e-01 -1.444827e-03 9.999961e-01 -2.402011e-03 7.218182e-02 -9.621011e-04 2.400622e-03 9.999967e-01 -3.792018e+00
9.999918e-01 -6.319095e-04 -4.005456e-03 -7.250599e-01 6.438838e-04 9.999953e-01 2.988914e-03 6.477205e-02 4.003549e-03 -2.991468e-03 9.999875e-01 -3.430839e+00
9.999996e-01 4.283037e-04 -7.836320e-04 -8.395951e-01 -4.321577e-04 9.999878e-01 -4.924513e-03 7.065292e-02 7.815129e-04 4.924849e-03 9.999876e-01 -3.642781e+00
9.999953e-01 -4.943086e-04 -3.041802e-03 -9.352526e-01 4.907926e-04 9.999992e-01 -1.156562e-03 9.296905e-02 3.042372e-03 1.155064e-03 9.999947e-01 -4.638495e+00
9.999976e-01 3.044618e-04 -2.149229e-03 -1.082347e+00 -3.090783e-04 9.999976e-01 -2.147957e-03 1.081532e-01 2.148569e-03 2.148616e-03 9.999954e-01 -5.187845e+00
9.999970e-01 -2.731953e-04 -2.425370e-03 -1.162816e+00 2.734469e-04 1.000000e+00 1.034114e-04 1.137158e-01 2.425342e-03 -1.040736e-04 9.999971e-01 -5.450605e+00
9.999971e-01 3.123288e-04 -2.371721e-03 -1.277783e+00 -3.236658e-04 9.999885e-01 -4.781172e-03 1.321246e-01 2.370201e-03 4.781925e-03 9.999858e-01 -6.249065e+00
9.999967e-01 -4.080644e-04 -2.526681e-03 -1.399343e+00 4.090176e-04 9.999998e-01 3.767046e-04 1.499146e-01 2.526527e-03 -3.777361e-04 9.999967e-01 -7.012256e+00
9.999983e-01 3.059881e-04 -1.825683e-03 -1.540927e+00 -3.169398e-04 9.999819e-01 -6.001373e-03 1.726532e-01 1.823813e-03 6.001940e-03 9.999803e-01 -7.914277e+00
9.999961e-01 -6.906196e-04 -2.716259e-03 -1.709952e+00 6.951937e-04 9.999983e-01 1.683376e-03 1.908699e-01 2.715093e-03 -1.685257e-03 9.999949e-01 -8.587226e+00
9.999970e-01 8.674448e-04 -2.287675e-03 -1.819462e+00 -8.752861e-04 9.999937e-01 -3.428799e-03 1.988147e-01 2.284686e-03 3.430791e-03 9.999915e-01 -8.842879e+00
9.999995e-01 -2.449201e-04 -1.000456e-03 -1.890262e+00 2.482537e-04 9.999944e-01 3.333225e-03 1.958066e-01 9.996341e-04 -3.333471e-03 9.999939e-01 -8.598257e+00
9.999914e-01 5.076688e-04 -4.114883e-03 -1.940282e+00 -5.283609e-04 9.999872e-01 -5.029052e-03 1.992562e-01 4.112277e-03 5.031182e-03 9.999789e-01 -8.776154e+00
9.999997e-01 2.307913e-04 6.913899e-04 -1.866631e+00 -2.303499e-04 9.999998e-01 -6.383347e-04 2.139373e-01 -6.915368e-04 6.381760e-04 9.999996e-01 -9.730845e+00
9.999905e-01 4.374265e-04 -4.343969e-03 -1.828574e+00 -4.639722e-04 9.999812e-01 -6.111788e-03 2.352423e-01 4.341213e-03 6.113745e-03 9.999719e-01 -1.092859e+01
9.999999e-01 -4.893837e-05 -4.341883e-04 -1.875726e+00 4.942523e-05 9.999994e-01 1.121175e-03 2.538983e-01 4.341335e-04 -1.121195e-03 9.999993e-01 -1.181415e+01
9.999905e-01 3.031884e-04 -4.355852e-03 -1.987849e+00 -3.253889e-04 9.999870e-01 -5.096897e-03 2.700767e-01 4.354250e-03 5.098265e-03 9.999775e-01 -1.241993e+01
9.999989e-01 8.275449e-05 1.476770e-03 -2.105262e+00 -8.183678e-05 9.999998e-01 -6.214189e-04 2.910231e-01 -1.476821e-03 6.212981e-04 9.999987e-01 -1.324203e+01
9.999889e-01 3.584033e-04 -4.687626e-03 -2.170460e+00 -3.869782e-04 9.999813e-01 -6.096295e-03 3.141644e-01 4.685353e-03 6.098041e-03 9.999704e-01 -1.433253e+01
9.999999e-01 -9.271488e-05 4.973729e-04 -2.243391e+00 9.257703e-05 1.000000e+00 2.773654e-04 3.357357e-01 -4.973982e-04 -2.773186e-04 9.999998e-01 -1.532672e+01
9.999948e-01 -6.072494e-05 -3.222813e-03 -2.524592e+00 3.161329e-05 9.999592e-01 -9.032246e-03 3.753960e-01 3.223230e-03 9.032097e-03 9.999540e-01 -1.665641e+01
9.999996e-01 -8.670708e-04 -4.404847e-05 -2.870955e+00 8.670807e-04 9.999996e-01 2.235401e-04 4.173338e-01 4.385496e-05 -2.235775e-04 1.000000e+00 -1.798297e+01
9.999876e-01 7.731041e-04 -4.917087e-03 -3.020218e+00 -7.997237e-04 9.999850e-01 -5.414020e-03 4.397230e-01 4.912827e-03 5.417885e-03 9.999733e-01 -1.882725e+01
9.999996e-01 -5.276629e-04 -7.201124e-04 -3.066361e+00 5.297166e-04 9.999958e-01 2.854581e-03 4.483721e-01 7.186034e-04 -2.854961e-03 9.999957e-01 -1.927994e+01
9.999853e-01 8.011545e-04 -5.359312e-03 -3.095128e+00 -8.239903e-04 9.999906e-01 -4.260089e-03 4.518257e-01 5.355848e-03 4.264442e-03 9.999766e-01 -1.951540e+01
9.999998e-01 -5.474072e-04 -1.877983e-04 -3.157852e+00 5.477640e-04 9.999980e-01 1.904390e-03 4.596296e-01 1.867557e-04 -1.904492e-03 9.999982e-01 -1.988221e+01
9.999851e-01 8.188395e-04 -5.404835e-03 -3.181176e+00 -8.467910e-04 9.999863e-01 -5.171298e-03 4.699228e-01 5.400526e-03 5.175797e-03 9.999720e-01 -2.046445e+01
9.999998e-01 -6.117295e-04 -6.665752e-06 -3.237479e+00 6.117391e-04 9.999986e-01 1.528047e-03 4.832862e-01 5.731315e-06 -1.528050e-03 9.999988e-01 -2.110914e+01
9.999889e-01 8.281368e-04 -4.640753e-03 -3.278115e+00 -8.547582e-04 9.999832e-01 -5.737368e-03 4.974793e-01 4.635923e-03 5.741270e-03 9.999728e-01 -2.183625e+01
9.999997e-01 -7.780913e-04 -6.739931e-05 -3.347062e+00 7.781969e-04 9.999984e-01 1.579651e-03 5.134166e-01 6.617041e-05 -1.579702e-03 9.999987e-01 -2.257703e+01
9.999886e-01 5.827357e-04 -4.729153e-03 -3.529886e+00 -6.128478e-04 9.999795e-01 -6.368366e-03 5.361204e-01 4.725345e-03 6.371191e-03 9.999685e-01 -2.335061e+01
9.999994e-01 -1.075197e-03 2.349013e-04 -3.767985e+00 1.074827e-03 9.999982e-01 1.569735e-03 5.596704e-01 -2.365883e-04 -1.569480e-03 9.999987e-01 -2.404831e+01
9.999887e-01 1.246574e-03 -4.588415e-03 -3.852287e+00 -1.275282e-03 9.999796e-01 -6.258865e-03 5.767393e-01 4.580519e-03 6.264646e-03 9.999699e-01 -2.481368e+01
9.999994e-01 -9.327292e-04 5.168541e-04 -3.896741e+00 9.321882e-04 9.999990e-01 1.046286e-03 5.943761e-01 -5.178292e-04 -1.045803e-03 9.999993e-01 -2.569348e+01
9.999913e-01 1.256381e-03 -3.987244e-03 -3.913536e+00 -1.284289e-03 9.999746e-01 -7.004382e-03 6.137416e-01 3.978343e-03 7.009440e-03 9.999675e-01 -2.670904e+01
9.999994e-01 -1.069116e-03 1.196229e-04 -3.972850e+00 1.068970e-03 9.999987e-01 1.214519e-03 6.350617e-01 -1.209209e-04 -1.214390e-03 9.999993e-01 -2.771029e+01
9.999917e-01 1.439365e-03 -3.820005e-03 -3.967557e+00 -1.470009e-03 9.999667e-01 -8.031367e-03 6.576286e-01 3.808317e-03 8.036915e-03 9.999605e-01 -2.890284e+01
9.999993e-01 -4.351557e-04 1.061283e-03 -3.880560e+00 4.342746e-04 9.999996e-01 8.304088e-04 6.764178e-01 -1.061643e-03 -8.299467e-04 9.999991e-01 -3.010799e+01
9.999945e-01 4.428377e-04 -3.292749e-03 -3.937199e+00 -4.728054e-04 9.999584e-01 -9.105884e-03 7.051145e-01 3.288579e-03 9.107390e-03 9.999531e-01 -3.148384e+01
9.999957e-01 3.443134e-04 2.897453e-03 -3.840566e+00 -3.409121e-04 9.999993e-01 -1.174273e-03 7.360682e-01 -2.897855e-03 1.173281e-03 9.999951e-01 -3.323876e+01
9.999926e-01 2.941195e-04 -3.843381e-03 -3.781932e+00 -3.278756e-04 9.999614e-01 -8.785210e-03 7.655116e-01 3.840649e-03 8.786404e-03 9.999540e-01 -3.489535e+01
9.999882e-01 4.284211e-04 4.840604e-03 -3.724020e+00 -4.091405e-04 9.999920e-01 -3.983363e-03 8.070774e-01 -4.842272e-03 3.981336e-03 9.999804e-01 -3.707297e+01
9.999914e-01 -1.351821e-03 -3.915424e-03 -4.021750e+00 1.306586e-03 9.999326e-01 -1.153259e-02 8.695430e-01 3.930750e-03 1.152737e-02 9.999258e-01 -3.958268e+01
9.999924e-01 1.153638e-03 3.722257e-03 -4.158899e+00 -1.154821e-03 9.999993e-01 3.157587e-04 9.108739e-01 -3.721890e-03 -3.200542e-04 9.999930e-01 -4.140516e+01
9.999869e-01 -1.325984e-03 -4.943483e-03 -4.258860e+00 1.271243e-03 9.999380e-01 -1.106016e-02 9.507570e-01 4.957842e-03 1.105373e-02 9.999266e-01 -4.323387e+01
9.999844e-01 1.256277e-03 5.447852e-03 -4.435153e+00 -1.251591e-03 9.999988e-01 -8.633625e-04 9.962083e-01 -5.448930e-03 8.565311e-04 9.999848e-01 -4.511354e+01
9.999791e-01 -2.051771e-03 -6.125154e-03 -4.660830e+00 1.983165e-03 9.999355e-01 -1.118581e-02 1.043162e+00 6.147709e-03 1.117343e-02 9.999187e-01 -4.704710e+01
9.999874e-01 2.344232e-03 4.427963e-03 -4.673708e+00 -2.353301e-03 9.999951e-01 2.044146e-03 1.073180e+00 -4.423149e-03 -2.054540e-03 9.999881e-01 -4.858482e+01
9.999857e-01 -2.175649e-03 -4.886886e-03 -4.773521e+00 2.115017e-03 9.999212e-01 -1.237807e-02 1.110244e+00 4.913431e-03 1.236756e-02 9.999114e-01 -5.024987e+01
9.999880e-01 1.827666e-03 4.553041e-03 -4.937979e+00 -1.832165e-03 9.999978e-01 9.840856e-04 1.153074e+00 -4.551232e-03 -9.924150e-04 9.999892e-01 -5.205368e+01
9.999811e-01 -1.779976e-03 -5.879545e-03 -4.952067e+00 1.710825e-03 9.999296e-01 -1.174544e-02 1.189932e+00 5.900037e-03 1.173516e-02 9.999137e-01 -5.387936e+01
9.999946e-01 2.429169e-03 2.219670e-03 -4.888052e+00 -2.440793e-03 9.999832e-01 5.249288e-03 1.210310e+00 -2.206881e-03 -5.254676e-03 9.999838e-01 -5.507193e+01
9.999821e-01 -1.761421e-03 -5.714078e-03 -4.813715e+00 1.697304e-03 9.999358e-01 -1.120623e-02 1.227827e+00 5.733450e-03 1.119633e-02 9.999209e-01 -5.613082e+01
9.999826e-01 2.140242e-03 5.505799e-03 -4.841162e+00 -2.146692e-03 9.999970e-01 1.165941e-03 1.260872e+00 -5.503287e-03 -1.177739e-03 9.999842e-01 -5.774589e+01
9.999839e-01 -3.236288e-03 -4.668608e-03 -5.199663e+00 3.162206e-03 9.998703e-01 -1.578929e-02 1.322953e+00 4.719101e-03 1.577427e-02 9.998644e-01 -6.007644e+01
9.999917e-01 2.403560e-03 3.303821e-03 -5.454884e+00 -2.418543e-03 9.999868e-01 4.538749e-03 1.369551e+00 -3.292868e-03 -4.546701e-03 9.999842e-01 -6.190437e+01
9.999710e-01 -2.725580e-03 -7.111726e-03 -5.594426e+00 2.645831e-03 9.999338e-01 -1.119910e-02 1.397469e+00 7.141779e-03 1.117996e-02 9.999120e-01 -6.305499e+01
9.999917e-01 2.657758e-03 3.100729e-03 -5.670953e+00 -2.676676e-03 9.999777e-01 6.113103e-03 1.415882e+00 -3.084412e-03 -6.121351e-03 9.999765e-01 -6.388280e+01
9.999751e-01 -2.677968e-03 -6.528969e-03 -5.775596e+00 2.594789e-03 9.999158e-01 -1.271542e-02 1.441083e+00 6.562470e-03 1.269816e-02 9.998978e-01 -6.496629e+01
9.999849e-01 2.296256e-03 4.983171e-03 -5.947404e+00 -2.314191e-03 9.999909e-01 3.596504e-03 1.476337e+00 -4.974866e-03 -3.607981e-03 9.999811e-01 -6.638590e+01
9.999762e-01 -2.609921e-03 -6.383532e-03 -6.068775e+00 2.521658e-03 9.999017e-01 -1.379573e-02 1.513110e+00 6.418909e-03 1.377930e-02 9.998845e-01 -6.803366e+01
9.999907e-01 2.428126e-03 3.552939e-03 -6.162687e+00 -2.450085e-03 9.999778e-01 6.189352e-03 1.541285e+00 -3.537831e-03 -6.197999e-03 9.999745e-01 -6.934283e+01
9.999795e-01 -2.552852e-03 -5.868481e-03 -6.224137e+00 2.468458e-03 9.998941e-01 -1.434331e-02 1.569788e+00 5.904475e-03 1.432853e-02 9.998799e-01 -7.068764e+01
9.999952e-01 2.327379e-03 2.046329e-03 -6.281907e+00 -2.342484e-03 9.999698e-01 7.410068e-03 1.595558e+00 -2.029021e-03 -7.414825e-03 9.999705e-01 -7.191946e+01
9.999912e-01 -2.013520e-03 -3.682465e-03 -6.273633e+00 1.954016e-03 9.998686e-01 -1.609152e-02 1.622811e+00 3.714381e-03 1.608418e-02 9.998637e-01 -7.335577e+01
9.999958e-01 2.388658e-03 1.624314e-03 -6.257346e+00 -2.400345e-03 9.999710e-01 7.231722e-03 1.651927e+00 -1.606993e-03 -7.235590e-03 9.999725e-01 -7.488979e+01
9.999822e-01 -2.248023e-03 -5.521702e-03 -6.279696e+00 2.174721e-03 9.999099e-01 -1.324556e-02 1.673388e+00 5.550981e-03 1.323332e-02 9.998970e-01 -7.599198e+01
9.999963e-01 2.379543e-03 1.280804e-03 -6.306483e+00 -2.390390e-03 9.999607e-01 8.534890e-03 1.688196e+00 -1.260445e-03 -8.537920e-03 9.999628e-01 -7.676696e+01
9.999859e-01 -2.047274e-03 -4.891119e-03 -6.307853e+00 1.977728e-03 9.998975e-01 -1.418160e-02 1.705792e+00 4.919651e-03 1.417172e-02 9.998875e-01 -7.772158e+01
9.999970e-01 2.209390e-03 1.012216e-03 -6.330019e+00 -2.218052e-03 9.999602e-01 8.638733e-03 1.724218e+00 -9.930895e-04 -8.640952e-03 9.999622e-01 -7.866938e+01
9.999946e-01 -1.855605e-03 -2.714650e-03 -6.325607e+00 1.809651e-03 9.998567e-01 -1.683366e-02 1.749373e+00 2.745498e-03 1.682866e-02 9.998546e-01 -8.000044e+01
9.999970e-01 2.422961e-03 2.996128e-04 -6.299258e+00 -2.425454e-03 9.999599e-01 8.619514e-03 1.775496e+00 -2.787157e-04 -8.620214e-03 9.999628e-01 -8.141552e+01
9.999922e-01 -2.138334e-03 -3.330453e-03 -6.327731e+00 2.086279e-03 9.998768e-01 -1.555592e-02 1.799175e+00 3.363307e-03 1.554885e-02 9.998735e-01 -8.260264e+01
9.999974e-01 2.245619e-03 2.503008e-04 -6.377085e+00 -2.247730e-03 9.999589e-01 8.781218e-03 1.823023e+00 -2.305710e-04 -8.781758e-03 9.999614e-01 -8.375274e+01
9.999897e-01 -2.066534e-03 -4.033035e-03 -6.385341e+00 2.005447e-03 9.998841e-01 -1.509228e-02 1.843641e+00 4.063756e-03 1.508404e-02 9.998780e-01 -8.484204e+01
9.999961e-01 2.557587e-03 1.162087e-03 -6.369474e+00 -2.567270e-03 9.999613e-01 8.408913e-03 1.864675e+00 -1.140535e-03 -8.411862e-03 9.999640e-01 -8.597580e+01
9.999850e-01 -2.239824e-03 -5.005483e-03 -6.368386e+00 2.168191e-03 9.998958e-01 -1.427078e-02 1.883602e+00 5.036926e-03 1.425971e-02 9.998856e-01 -8.699058e+01
9.999823e-01 2.877270e-03 5.211632e-03 -6.300813e+00 -2.898435e-03 9.999876e-01 4.058196e-03 1.912282e+00 -5.199890e-03 -4.073229e-03 9.999782e-01 -8.862540e+01
9.999907e-01 -2.262912e-03 -3.664127e-03 -6.298897e+00 2.196237e-03 9.998338e-01 -1.809943e-02 1.958308e+00 3.704476e-03 1.809121e-02 9.998295e-01 -9.098582e+01
9.999898e-01 2.206696e-03 3.944722e-03 -6.396833e+00 -2.226215e-03 9.999853e-01 4.950685e-03 2.004997e+00 -3.933739e-03 -4.959416e-03 9.999800e-01 -9.319549e+01
9.999842e-01 -2.189593e-03 -5.186179e-03 -6.411717e+00 2.106278e-03 9.998695e-01 -1.601613e-02 2.041810e+00 5.220570e-03 1.600495e-02 9.998583e-01 -9.508246e+01
9.999934e-01 2.484303e-03 2.633368e-03 -6.411543e+00 -2.507060e-03 9.999592e-01 8.673918e-03 2.065272e+00 -2.611712e-03 -8.680463e-03 9.999589e-01 -9.634102e+01
9.999903e-01 -2.219689e-03 -3.810037e-03 -6.458869e+00 2.152383e-03 9.998432e-01 -1.757949e-02 2.096299e+00 3.848460e-03 1.757112e-02 9.998382e-01 -9.779647e+01
9.999980e-01 1.908484e-03 6.587327e-04 -6.539637e+00 -1.914846e-03 9.999502e-01 9.796671e-03 2.124778e+00 -6.400029e-04 -9.797912e-03 9.999518e-01 -9.913427e+01
9.999935e-01 -1.453154e-03 -3.290301e-03 -6.514567e+00 1.396704e-03 9.998529e-01 -1.709427e-02 2.147158e+00 3.314657e-03 1.708957e-02 9.998485e-01 -1.003594e+02
9.999985e-01 1.706950e-03 5.806502e-05 -6.543035e+00 -1.707454e-03 9.999464e-01 1.020738e-02 2.170761e+00 -4.063818e-05 -1.020746e-02 9.999479e-01 -1.015341e+02
9.999973e-01 -1.974636e-03 -1.221442e-03 -6.771569e+00 1.949289e-03 9.997897e-01 -2.041633e-02 2.212434e+00 1.261500e-03 2.041389e-02 9.997908e-01 -1.031223e+02
9.999987e-01 1.581107e-03 -2.857222e-04 -6.939016e+00 -1.577853e-03 9.999377e-01 1.105170e-02 2.248082e+00 3.031785e-04 -1.105123e-02 9.999389e-01 -1.046119e+02
9.999968e-01 -2.499632e-03 -3.098949e-04 -7.323042e+00 2.491944e-03 9.997386e-01 -2.272653e-02 2.300484e+00 3.666216e-04 2.272569e-02 9.997417e-01 -1.063886e+02
9.999985e-01 1.703567e-03 -2.208779e-04 -7.638465e+00 -1.700893e-03 9.999314e-01 1.158705e-02 2.347436e+00 2.406023e-04 -1.158665e-02 9.999328e-01 -1.080788e+02
9.999970e-01 -2.176770e-03 -1.161008e-03 -7.865529e+00 2.150676e-03 9.997552e-01 -2.202169e-02 2.390370e+00 1.208659e-03 2.201912e-02 9.997568e-01 -1.097514e+02
9.999972e-01 1.982184e-03 -1.324262e-03 -7.976503e+00 -1.964181e-03 9.999075e-01 1.346048e-02 2.422785e+00 1.350820e-03 -1.345784e-02 9.999085e-01 -1.112031e+02
9.999973e-01 -1.649532e-03 -1.650673e-03 -7.999732e+00 1.615647e-03 9.997922e-01 -2.032267e-02 2.445354e+00 1.683853e-03 2.031995e-02 9.997921e-01 -1.123606e+02
9.999956e-01 1.831535e-03 -2.323275e-03 -8.028795e+00 -1.797873e-03 9.998946e-01 1.440948e-02 2.465689e+00 2.349422e-03 -1.440524e-02 9.998935e-01 -1.133965e+02
9.999952e-01 -1.596771e-03 -2.668896e-03 -8.040990e+00 1.549132e-03 9.998411e-01 -1.775739e-02 2.476485e+00 2.696826e-03 1.775317e-02 9.998388e-01 -1.139847e+02
9.999977e-01 1.923351e-03 -9.253099e-04 -8.043389e+00 -1.911109e-03 9.999130e-01 1.305357e-02 2.490448e+00 9.503362e-04 -1.305177e-02 9.999144e-01 -1.147458e+02
9.999940e-01 -2.005328e-03 -2.826962e-03 -8.142932e+00 1.950466e-03 9.998123e-01 -1.927782e-02 2.515575e+00 2.865089e-03 1.927219e-02 9.998102e-01 -1.158344e+02
9.999975e-01 1.704766e-03 -1.454012e-03 -8.279893e+00 -1.679723e-03 9.998532e-01 1.705373e-02 2.523906e+00 1.482871e-03 -1.705125e-02 9.998535e-01 -1.160588e+02
9.999909e-01 -1.296014e-03 -4.055268e-03 -8.300721e+00 1.224087e-03 9.998428e-01 -1.768920e-02 2.523753e+00 4.077555e-03 1.768407e-02 9.998353e-01 -1.160855e+02
9.999989e-01 1.459358e-03 -3.638199e-04 -8.443335e+00 -1.453546e-03 9.998789e-01 1.549348e-02 2.535315e+00 3.863866e-04 -1.549293e-02 9.998799e-01 -1.163016e+02
9.999958e-01 -1.374268e-03 -2.542683e-03 -8.722607e+00 1.329160e-03 9.998432e-01 -1.765757e-02 2.554275e+00 2.566550e-03 1.765411e-02 9.998409e-01 -1.162121e+02
9.999972e-01 2.100206e-03 1.105218e-03 -8.884675e+00 -2.119183e-03 9.998453e-01 1.745859e-02 2.560557e+00 -1.068380e-03 -1.746088e-02 9.998470e-01 -1.157772e+02
9.999984e-01 -1.480381e-03 9.988674e-04 -9.199578e+00 1.498451e-03 9.998307e-01 -1.833888e-02 2.577054e+00 -9.715500e-04 1.834035e-02 9.998313e-01 -1.150539e+02
9.999951e-01 2.500126e-03 -1.862145e-03 -9.212747e+00 -2.463226e-03 9.998056e-01 1.956126e-02 2.566739e+00 1.910688e-03 -1.955658e-02 9.998069e-01 -1.144485e+02
9.999939e-01 -1.789016e-03 -3.000192e-03 -9.178040e+00 1.729383e-03 9.998032e-01 -1.976229e-02 2.562894e+00 3.034957e-03 1.975699e-02 9.998002e-01 -1.144164e+02
9.999966e-01 2.120988e-03 -1.547934e-03 -9.189981e+00 -2.091205e-03 9.998174e-01 1.899471e-02 2.562654e+00 1.587939e-03 -1.899140e-02 9.998184e-01 -1.144406e+02
9.999980e-01 -1.272846e-03 -1.555441e-03 -9.190335e+00 1.244219e-03 9.998323e-01 -1.826846e-02 2.555759e+00 1.578433e-03 1.826648e-02 9.998319e-01 -1.140604e+02
9.999976e-01 2.152972e-03 -4.298487e-04 -9.176791e+00 -2.144328e-03 9.998136e-01 1.918564e-02 2.546005e+00 4.710750e-04 -1.918467e-02 9.998158e-01 -1.135721e+02
9.999898e-01 -1.387213e-03 -4.298828e-03 -9.141261e+00 1.307987e-03 9.998303e-01 -1.837795e-02 2.538533e+00 4.323592e-03 1.837214e-02 9.998219e-01 -1.133029e+02
9.999974e-01 1.937378e-03 -1.208533e-03 -9.091214e+00 -1.917711e-03 9.998691e-01 1.606703e-02 2.542311e+00 1.239503e-03 -1.606467e-02 9.998702e-01 -1.137145e+02
9.999926e-01 -1.396202e-03 -3.596755e-03 -9.056892e+00 1.324828e-03 9.998037e-01 -1.977064e-02 2.552334e+00 3.623652e-03 1.976572e-02 9.997981e-01 -1.143807e+02
9.999966e-01 1.843930e-03 -1.855603e-03 -8.999501e+00 -1.810390e-03 9.998378e-01 1.791698e-02 2.554413e+00 1.888339e-03 -1.791356e-02 9.998378e-01 -1.147265e+02
9.999962e-01 -9.966760e-04 -2.557772e-03 -8.924781e+00 9.497836e-04 9.998326e-01 -1.826938e-02 2.548061e+00 2.575552e-03 1.826688e-02 9.998298e-01 -1.146910e+02
9.999983e-01 1.866243e-03 -2.547497e-05 -8.875645e+00 -1.865411e-03 9.998144e-01 1.917302e-02 2.536704e+00 6.125196e-05 -1.917294e-02 9.998162e-01 -1.142880e+02
9.999990e-01 -9.039797e-04 -1.131983e-03 -8.832400e+00 8.834102e-04 9.998368e-01 -1.804152e-02 2.523318e+00 1.148107e-03 1.804050e-02 9.998366e-01 -1.137506e+02
9.999982e-01 1.740039e-03 -7.742621e-04 -8.782920e+00 -1.724970e-03 9.998170e-01 1.905437e-02 2.510820e+00 8.072759e-04 -1.905300e-02 9.998181e-01 -1.132803e+02
9.999976e-01 -9.270134e-04 -2.006067e-03 -8.738881e+00 8.901928e-04 9.998325e-01 -1.827820e-02 2.500418e+00 2.022675e-03 1.827637e-02 9.998309e-01 -1.129173e+02
9.999949e-01 1.456805e-03 -2.834912e-03 -8.695378e+00 -1.404614e-03 9.998311e-01 1.832574e-02 2.494243e+00 2.861131e-03 -1.832166e-02 9.998281e-01 -1.128237e+02
9.999985e-01 -6.214735e-04 -1.587031e-03 -8.641345e+00 5.932738e-04 9.998430e-01 -1.770775e-02 2.484941e+00 1.597786e-03 1.770678e-02 9.998419e-01 -1.125950e+02
9.999981e-01 1.530675e-03 -1.168136e-03 -8.568361e+00 -1.508637e-03 9.998251e-01 1.863917e-02 2.472102e+00 1.196462e-03 -1.863737e-02 9.998256e-01 -1.122220e+02
9.999987e-01 -5.771691e-04 -1.520642e-03 -8.488322e+00 5.499484e-04 9.998407e-01 -1.784060e-02 2.459363e+00 1.530697e-03 1.783974e-02 9.998397e-01 -1.118784e+02
9.999984e-01 1.495332e-03 -9.565025e-04 -8.410825e+00 -1.477125e-03 9.998229e-01 1.876030e-02 2.446209e+00 9.843862e-04 -1.875886e-02 9.998236e-01 -1.115033e+02
9.999976e-01 -6.192604e-04 -2.102211e-03 -8.340097e+00 5.813609e-04 9.998382e-01 -1.798125e-02 2.434104e+00 2.113005e-03 1.797999e-02 9.998361e-01 -1.111786e+02
9.999988e-01 1.417287e-03 -6.948067e-04 -8.254249e+00 -1.404021e-03 9.998235e-01 1.873541e-02 2.421277e+00 7.212377e-04 -1.873441e-02 9.998242e-01 -1.108503e+02
9.999993e-01 -4.606785e-04 -1.131298e-03 -8.164954e+00 4.405380e-04 9.998426e-01 -1.773894e-02 2.406594e+00 1.139292e-03 1.773842e-02 9.998420e-01 -1.104373e+02
9.999970e-01 1.396189e-03 -2.020645e-03 -8.092139e+00 -1.358480e-03 9.998271e-01 1.854440e-02 2.394582e+00 2.046188e-03 -1.854160e-02 9.998260e-01 -1.101049e+02
9.999988e-01 -3.680948e-04 -1.537331e-03 -8.017289e+00 3.409018e-04 9.998441e-01 -1.765124e-02 2.383200e+00 1.543588e-03 1.765069e-02 9.998430e-01 -1.097823e+02
9.999983e-01 1.259245e-03 -1.326851e-03 -7.942139e+00 -1.234525e-03 9.998287e-01 1.846950e-02 2.370570e+00 1.349881e-03 -1.846783e-02 9.998285e-01 -1.094375e+02
9.999955e-01 -3.993879e-04 -2.971465e-03 -7.869663e+00 3.459925e-04 9.998389e-01 -1.794816e-02 2.360736e+00 2.978154e-03 1.794705e-02 9.998345e-01 -1.092303e+02
9.999987e-01 1.286773e-03 -9.248114e-04 -7.799703e+00 -1.269148e-03 9.998222e-01 1.881156e-02 2.350453e+00 9.488534e-04 -1.881036e-02 9.998226e-01 -1.089545e+02
9.999974e-01 -2.756776e-04 -2.242618e-03 -7.724170e+00 2.354106e-04 9.998391e-01 -1.793576e-02 2.338286e+00 2.247201e-03 1.793519e-02 9.998366e-01 -1.085875e+02
9.999991e-01 1.287599e-03 3.629651e-04 -7.678508e+00 -1.294319e-03 9.998155e-01 1.916612e-02 2.325605e+00 -3.382196e-04 -1.916657e-02 9.998162e-01 -1.080755e+02
9.999973e-01 -2.138114e-04 -2.310927e-03 -7.618815e+00 1.724794e-04 9.998403e-01 -1.787075e-02 2.312175e+00 2.314378e-03 1.787030e-02 9.998376e-01 -1.075690e+02
9.999983e-01 1.115111e-03 -1.464437e-03 -7.536587e+00 -1.088092e-03 9.998315e-01 1.832236e-02 2.301128e+00 1.484622e-03 -1.832074e-02 9.998311e-01 -1.073312e+02
9.999957e-01 -2.573822e-04 -2.910335e-03 -7.484214e+00 2.058422e-04 9.998434e-01 -1.769567e-02 2.291954e+00 2.914434e-03 1.769500e-02 9.998392e-01 -1.070929e+02
9.999963e-01 8.915456e-04 -2.553196e-03 -7.479309e+00 -8.450112e-04 9.998346e-01 1.816928e-02 2.287536e+00 2.568973e-03 -1.816706e-02 9.998317e-01 -1.069365e+02
9.999947e-01 -4.809642e-04 -3.205929e-03 -7.517720e+00 4.160795e-04 9.997957e-01 -2.020892e-02 2.293649e+00 3.214993e-03 2.020748e-02 9.997906e-01 -1.072648e+02
9.999964e-01 9.320495e-04 -2.534822e-03 -7.521265e+00 -8.858233e-04 9.998344e-01 1.817673e-02 2.298825e+00 2.551344e-03 -1.817442e-02 9.998316e-01 -1.076326e+02
9.999951e-01 -3.417167e-04 -3.127316e-03 -7.526207e+00 2.816651e-04 9.998160e-01 -1.918254e-02 2.299971e+00 3.133296e-03 1.918156e-02 9.998111e-01 -1.077980e+02
9.999958e-01 7.638551e-04 -2.799743e-03 -7.527520e+00 -7.121776e-04 9.998302e-01 1.841259e-02 2.299803e+00 2.813333e-03 -1.841051e-02 9.998266e-01 -1.079070e+02
9.999979e-01 1.615501e-04 -2.047857e-03 -7.498909e+00 -1.981436e-04 9.998401e-01 -1.788141e-02 2.292966e+00 2.044640e-03 1.788178e-02 9.998380e-01 -1.076973e+02
9.999979e-01 7.740943e-04 -1.890389e-03 -7.451386e+00 -7.385372e-04 9.998242e-01 1.873808e-02 2.283610e+00 1.904562e-03 -1.873665e-02 9.998226e-01 -1.074088e+02
9.999951e-01 -5.868690e-06 -3.116343e-03 -7.376230e+00 -5.323508e-05 9.998201e-01 -1.896524e-02 2.276955e+00 3.115893e-03 1.896531e-02 9.998153e-01 -1.073762e+02
9.999986e-01 7.576597e-04 -1.459981e-03 -7.294600e+00 -7.291796e-04 9.998113e-01 1.940978e-02 2.267570e+00 1.474412e-03 -1.940869e-02 9.998105e-01 -1.072096e+02
9.999961e-01 2.203565e-04 -2.775471e-03 -7.213123e+00 -2.756548e-04 9.998012e-01 -1.993925e-02 2.261857e+00 2.770525e-03 1.993994e-02 9.997973e-01 -1.072311e+02
9.999988e-01 6.906492e-04 -1.376750e-03 -7.108837e+00 -6.633726e-04 9.998054e-01 1.971510e-02 2.253378e+00 1.390098e-03 -1.971416e-02 9.998047e-01 -1.071881e+02
9.999975e-01 4.529927e-04 -2.181744e-03 -7.021135e+00 -4.945716e-04 9.998176e-01 -1.909486e-02 2.243016e+00 2.172696e-03 1.909590e-02 9.998153e-01 -1.069546e+02
9.999975e-01 6.633435e-04 -2.132318e-03 -6.911698e+00 -6.222718e-04 9.998154e-01 1.920468e-02 2.233536e+00 2.144664e-03 -1.920331e-02 9.998133e-01 -1.068371e+02
9.999969e-01 5.158955e-04 -2.428706e-03 -6.802115e+00 -5.620702e-04 9.998184e-01 -1.904979e-02 2.224307e+00 2.418437e-03 1.905110e-02 9.998156e-01 -1.067245e+02
9.999974e-01 3.830510e-04 -2.256444e-03 -6.705197e+00 -3.417489e-04 9.998329e-01 1.827601e-02 2.219184e+00 2.263068e-03 -1.827519e-02 9.998304e-01 -1.068226e+02
9.999961e-01 4.198325e-04 -2.761513e-03 -6.626523e+00 -4.764885e-04 9.997888e-01 -2.054763e-02 2.221007e+00 2.752303e-03 2.054886e-02 9.997851e-01 -1.072248e+02
9.999970e-01 1.990143e-04 -2.455350e-03 -6.564053e+00 -1.534433e-04 9.998280e-01 1.854598e-02 2.222327e+00 2.458618e-03 -1.854555e-02 9.998250e-01 -1.075889e+02
9.999973e-01 5.705050e-04 -2.251716e-03 -6.499704e+00 -6.204766e-04 9.997521e-01 -2.225460e-02 2.229456e+00 2.238462e-03 2.225594e-02 9.997498e-01 -1.082305e+02
9.999956e-01 -4.792370e-05 -2.979306e-03 -6.431722e+00 1.051318e-04 9.998156e-01 1.920454e-02 2.234879e+00 2.977836e-03 -1.920477e-02 9.998111e-01 -1.087932e+02
9.999983e-01 1.036714e-03 -1.510963e-03 -6.374570e+00 -1.071917e-03 9.997236e-01 -2.348663e-02 2.242923e+00 1.486197e-03 2.348821e-02 9.997230e-01 -1.094885e+02
9.999937e-01 -5.895917e-04 -3.496935e-03 -6.409256e+00 6.572610e-04 9.998119e-01 1.938148e-02 2.256347e+00 3.484851e-03 -1.938366e-02 9.998060e-01 -1.102470e+02
9.999976e-01 1.292804e-03 -1.753229e-03 -6.325871e+00 -1.328980e-03 9.997829e-01 -2.079206e-02 2.253270e+00 1.725969e-03 2.079434e-02 9.997823e-01 -1.104196e+02
1.000000e+00 -6.933562e-05 2.223139e-04 -6.217050e+00 6.441148e-05 9.997563e-01 2.207482e-02 2.235876e+00 -2.237901e-04 -2.207481e-02 9.997563e-01 -1.099029e+02
9.999989e-01 1.405028e-03 -5.568383e-04 -6.070267e+00 -1.416414e-03 9.997784e-01 -2.100482e-02 2.216127e+00 5.272024e-04 2.100559e-02 9.997792e-01 -1.093754e+02
9.999989e-01 4.397712e-04 -1.402465e-03 -5.873202e+00 -4.099384e-04 9.997751e-01 2.120132e-02 2.202604e+00 1.411473e-03 -2.120072e-02 9.997742e-01 -1.092399e+02
9.999983e-01 5.651571e-04 -1.764220e-03 -5.793277e+00 -6.012994e-04 9.997886e-01 -2.055323e-02 2.190852e+00 1.752231e-03 2.055425e-02 9.997872e-01 -1.089001e+02
9.999976e-01 5.277991e-04 -2.144273e-03 -5.697997e+00 -4.827561e-04 9.997804e-01 2.095254e-02 2.181773e+00 2.154861e-03 -2.095145e-02 9.997782e-01 -1.087360e+02
9.999997e-01 3.851251e-04 -6.794436e-04 -5.594624e+00 -4.035343e-04 9.996271e-01 -2.730533e-02 2.195558e+00 6.686741e-04 2.730559e-02 9.996269e-01 -1.097802e+02
9.999928e-01 1.287917e-04 -3.796253e-03 -5.498263e+00 -4.440141e-05 9.997531e-01 2.222153e-02 2.208840e+00 3.798178e-03 -2.222120e-02 9.997459e-01 -1.107785e+02
9.999997e-01 6.127114e-04 5.586526e-04 -5.473403e+00 -5.964294e-04 9.995881e-01 -2.869418e-02 2.224169e+00 -5.760039e-04 2.869383e-02 9.995881e-01 -1.118156e+02
9.999870e-01 -9.718285e-04 -5.001240e-03 -5.543422e+00 1.092767e-03 9.997057e-01 2.423607e-02 2.240777e+00 4.976214e-03 -2.424122e-02 9.996938e-01 -1.125967e+02
9.999981e-01 1.713239e-03 9.430950e-04 -5.461833e+00 -1.689820e-03 9.997034e-01 -2.429677e-02 2.231662e+00 -9.844416e-04 2.429513e-02 9.997043e-01 -1.124185e+02
9.999968e-01 -3.618953e-05 -2.514888e-03 -5.114862e+00 7.782627e-05 9.998629e-01 1.655786e-02 2.245738e+00 2.513944e-03 -1.655800e-02 9.998597e-01 -1.138340e+02
9.999970e-01 1.326895e-03 -2.073964e-03 -4.950257e+00 -1.370798e-03 9.997719e-01 -2.131245e-02 2.257957e+00 2.045211e-03 2.131523e-02 9.997707e-01 -1.148774e+02
9.999964e-01 -7.068776e-04 -2.573806e-03 -4.828842e+00 7.548975e-04 9.998248e-01 1.870415e-02 2.256658e+00 2.560134e-03 -1.870602e-02 9.998217e-01 -1.152847e+02
9.999982e-01 1.625582e-03 -1.001111e-03 -4.629353e+00 -1.650083e-03 9.996866e-01 -2.497967e-02 2.270630e+00 9.601905e-04 2.498128e-02 9.996875e-01 -1.164969e+02
9.999982e-01 -6.173722e-04 1.817723e-03 -4.412922e+00 5.928510e-04 9.999092e-01 1.345998e-02 2.300178e+00 -1.825868e-03 -1.345888e-02 9.999078e-01 -1.184610e+02
9.999967e-01 2.577574e-03 -2.002836e-04 -4.050231e+00 -2.582566e-03 9.995105e-01 -3.117967e-02 2.353913e+00 1.198175e-04 3.118008e-02 9.995138e-01 -1.218185e+02
9.999877e-01 -1.859237e-03 -4.599538e-03 -3.804398e+00 1.956912e-03 9.997707e-01 2.132335e-02 2.380443e+00 4.558838e-03 -2.133208e-02 9.997621e-01 -1.236910e+02
9.999941e-01 3.202841e-03 -1.212101e-03 -3.623739e+00 -3.231800e-03 9.996898e-01 -2.469494e-02 2.384769e+00 1.132631e-03 2.469871e-02 9.996943e-01 -1.243446e+02
9.999930e-01 -1.930670e-03 -3.210484e-03 -3.510501e+00 1.995462e-03 9.997919e-01 2.030198e-02 2.395128e+00 3.170619e-03 -2.030824e-02 9.997887e-01 -1.251151e+02
9.999974e-01 2.174230e-03 -6.876325e-04 -3.561205e+00 -2.192017e-03 9.996325e-01 -2.702014e-02 2.418945e+00 6.286317e-04 2.702158e-02 9.996347e-01 -1.263119e+02
9.999972e-01 -1.847275e-03 -1.476393e-03 -3.549448e+00 1.875930e-03 9.998052e-01 1.964872e-02 2.440694e+00 1.439809e-03 -1.965143e-02 9.998059e-01 -1.274971e+02
9.999945e-01 2.749434e-03 -1.868824e-03 -3.399448e+00 -2.799869e-03 9.996167e-01 -2.754354e-02 2.462327e+00 1.792379e-03 2.754862e-02 9.996189e-01 -1.289390e+02
9.999912e-01 -1.773407e-03 -3.789151e-03 -3.264117e+00 1.861593e-03 9.997245e-01 2.339798e-02 2.472410e+00 3.746613e-03 -2.340483e-02 9.997190e-01 -1.297997e+02
9.999934e-01 3.106174e-03 -1.905032e-03 -3.078938e+00 -3.155215e-03 9.996490e-01 -2.630386e-02 2.474254e+00 1.822659e-03 2.630970e-02 9.996522e-01 -1.303818e+02
9.999963e-01 -2.199922e-03 -1.615296e-03 -2.922084e+00 2.238152e-03 9.997080e-01 2.406010e-02 2.470159e+00 1.561894e-03 -2.406363e-02 9.997092e-01 -1.306756e+02
9.999940e-01 3.063812e-03 -1.638165e-03 -2.784042e+00 -3.105876e-03 9.996487e-01 -2.632328e-02 2.468773e+00 1.556940e-03 2.632821e-02 9.996521e-01 -1.310535e+02
9.999887e-01 -1.996843e-03 -4.319425e-03 -2.560453e+00 2.098406e-03 9.997184e-01 2.363755e-02 2.467666e+00 4.271008e-03 -2.364635e-02 9.997113e-01 -1.316062e+02
9.999917e-01 4.044718e-03 -4.661537e-04 -2.302824e+00 -4.055993e-03 9.996148e-01 -2.745602e-02 2.470638e+00 3.549222e-04 2.745769e-02 9.996229e-01 -1.323542e+02
9.999846e-01 -2.386024e-03 -5.011496e-03 -2.007595e+00 2.504132e-03 9.997161e-01 2.369478e-02 2.472816e+00 4.953537e-03 -2.370696e-02 9.997067e-01 -1.331373e+02
9.999916e-01 3.936941e-03 1.121687e-03 -1.824420e+00 -3.906331e-03 9.996518e-01 -2.609643e-02 2.470126e+00 -1.224037e-03 2.609183e-02 9.996588e-01 -1.335199e+02
9.999851e-01 -1.605250e-03 -5.224989e-03 -1.432361e+00 1.703763e-03 9.998198e-01 1.890460e-02 2.482252e+00 5.193701e-03 -1.891322e-02 9.998076e-01 -1.349277e+02
9.999821e-01 4.097235e-03 4.370414e-03 -1.024673e+00 -3.965866e-03 9.995523e-01 -2.965536e-02 2.504724e+00 -4.489962e-03 2.963750e-02 9.995506e-01 -1.368451e+02
9.999878e-01 -2.066378e-03 -4.480524e-03 -6.627018e-01 2.141683e-03 9.998554e-01 1.686793e-02 2.535740e+00 4.445021e-03 -1.687732e-02 9.998477e-01 -1.390793e+02
9.999036e-01 5.996433e-03 1.252586e-02 2.398385e-02 -5.497248e-03 9.992039e-01 -3.951363e-02 2.587032e+00 -1.275282e-02 3.944096e-02 9.991405e-01 -1.427209e+02
9.999542e-01 -1.418905e-03 -9.462925e-03 6.616488e-01 1.554702e-03 9.998957e-01 1.435845e-02 2.656727e+00 9.441565e-03 -1.437251e-02 9.998521e-01 -1.472431e+02
9.999069e-01 5.776169e-03 1.236510e-02 1.211190e+00 -5.329837e-03 9.993437e-01 -3.582968e-02 2.718750e+00 -1.256394e-02 3.576044e-02 9.992814e-01 -1.513177e+02
9.999565e-01 -1.104417e-03 -9.266249e-03 1.730879e+00 1.212052e-03 9.999318e-01 1.161821e-02 2.793865e+00 9.252785e-03 -1.162894e-02 9.998896e-01 -1.558986e+02
9.999298e-01 4.344920e-03 1.102283e-02 2.105304e+00 -3.992227e-03 9.994857e-01 -3.181931e-02 2.853717e+00 -1.115541e-02 3.177307e-02 9.994329e-01 -1.595114e+02
9.999624e-01 -2.481570e-03 -8.310357e-03 2.334103e+00 2.605859e-03 9.998844e-01 1.497857e-02 2.907876e+00 8.272226e-03 -1.499966e-02 9.998533e-01 -1.625865e+02
9.999475e-01 4.567291e-03 9.176698e-03 2.463402e+00 -4.221248e-03 9.992922e-01 -3.738079e-02 2.983886e+00 -9.340932e-03 3.734009e-02 9.992590e-01 -1.665874e+02
9.999872e-01 -2.804469e-03 -4.221530e-03 2.695880e+00 2.875492e-03 9.998528e-01 1.691288e-02 3.041866e+00 4.173477e-03 -1.692480e-02 9.998481e-01 -1.699541e+02
9.999764e-01 4.163963e-03 5.468900e-03 2.789307e+00 -3.969254e-03 9.993744e-01 -3.514379e-02 3.101444e+00 -5.611816e-03 3.512125e-02 9.993673e-01 -1.731095e+02
9.999810e-01 -2.779391e-03 -5.494055e-03 2.941515e+00 2.895279e-03 9.997711e-01 2.119915e-02 3.143471e+00 5.433877e-03 -2.121465e-02 9.997602e-01 -1.755516e+02
9.999880e-01 4.466783e-03 2.000588e-03 3.132727e+00 -4.405221e-03 9.995466e-01 -2.978597e-02 3.165775e+00 -2.132728e-03 2.977680e-02 9.995543e-01 -1.771524e+02
9.999968e-01 -2.542107e-03 1.886743e-04 3.367996e+00 2.538630e-03 9.998593e-01 1.657939e-02 3.201515e+00 -2.307943e-04 -1.657886e-02 9.998625e-01 -1.794093e+02
9.999831e-01 3.132224e-03 4.899323e-03 3.400288e+00 -2.949968e-03 9.993192e-01 -3.677518e-02 3.264066e+00 -5.011176e-03 3.676010e-02 9.993116e-01 -1.826285e+02
9.999979e-01 -1.081553e-03 -1.740985e-03 3.726079e+00 1.110945e-03 9.998554e-01 1.697057e-02 3.319798e+00 1.722379e-03 -1.697247e-02 9.998545e-01 -1.860105e+02
9.999711e-01 3.367460e-03 6.815866e-03 4.224232e+00 -3.125036e-03 9.993729e-01 -3.527096e-02 3.366136e+00 -6.930366e-03 3.524864e-02 9.993545e-01 -1.891517e+02
9.999668e-01 -1.567539e-03 -8.002528e-03 4.600367e+00 1.725145e-03 9.998039e-01 1.972575e-02 3.412703e+00 7.970038e-03 -1.973890e-02 9.997734e-01 -1.920758e+02
9.999050e-01 3.447821e-03 1.334649e-02 4.925577e+00 -2.935244e-03 9.992644e-01 -3.823627e-02 3.461715e+00 -1.346850e-02 3.819346e-02 9.991796e-01 -1.951666e+02
9.999113e-01 -2.492746e-03 -1.308594e-02 5.031777e+00 2.797151e-03 9.997247e-01 2.329547e-02 3.510022e+00 1.302426e-02 -2.333000e-02 9.996430e-01 -1.977651e+02
9.999305e-01 2.798088e-03 1.145688e-02 4.961755e+00 -2.408968e-03 9.994244e-01 -3.383790e-02 3.547366e+00 -1.154497e-02 3.380795e-02 9.993617e-01 -1.995523e+02
9.999217e-01 -2.637674e-03 -1.223057e-02 4.831289e+00 2.915404e-03 9.997370e-01 2.274595e-02 3.587442e+00 1.216736e-02 -2.277982e-02 9.996665e-01 -2.013627e+02
9.999147e-01 1.814788e-03 1.293798e-02 4.469741e+00 -1.349328e-03 9.993547e-01 -3.589467e-02 3.641362e+00 -1.299477e-02 3.587415e-02 9.992718e-01 -2.033486e+02
9.999318e-01 -1.988048e-03 -1.150808e-02 4.274671e+00 2.247936e-03 9.997417e-01 2.261435e-02 3.690548e+00 1.146015e-02 -2.263868e-02 9.996780e-01 -2.054707e+02
9.999302e-01 1.643442e-03 1.170084e-02 4.083420e+00 -1.229130e-03 9.993750e-01 -3.532830e-02 3.737308e+00 -1.175158e-02 3.531146e-02 9.993073e-01 -2.075071e+02
9.999264e-01 -8.475851e-04 -1.210528e-02 4.114975e+00 1.137439e-03 9.997123e-01 2.395763e-02 3.773730e+00 1.208149e-02 -2.396964e-02 9.996397e-01 -2.094638e+02
9.998914e-01 1.398457e-03 1.467332e-02 4.071329e+00 -8.098815e-04 9.991977e-01 -4.004150e-02 3.827174e+00 -1.471754e-02 4.002527e-02 9.990903e-01 -2.121383e+02
9.999336e-01 -2.563675e-03 -1.123211e-02 3.767680e+00 2.797348e-03 9.997790e-01 2.083798e-02 3.899008e+00 1.117621e-02 -2.086802e-02 9.997198e-01 -2.152096e+02
9.999224e-01 2.880994e-03 1.211591e-02 3.822051e+00 -2.413538e-03 9.992587e-01 -3.842126e-02 3.955055e+00 -1.221762e-02 3.838903e-02 9.991882e-01 -2.181823e+02
9.999824e-01 -1.688431e-03 -5.684492e-03 3.968690e+00 1.795826e-03 9.998190e-01 1.894088e-02 4.012837e+00 5.651483e-03 -1.895075e-02 9.998044e-01 -2.214195e+02
9.999652e-01 1.254374e-03 8.251071e-03 3.913089e+00 -9.204091e-04 9.991850e-01 -4.035536e-02 4.084846e+00 -8.294967e-03 4.034636e-02 9.991513e-01 -2.250123e+02
9.999836e-01 -4.973857e-04 -5.710102e-03 3.981552e+00 6.280857e-04 9.997373e-01 2.291028e-02 4.141163e+00 5.697207e-03 -2.291349e-02 9.997212e-01 -2.280277e+02
9.999447e-01 1.153663e-03 1.044836e-02 4.186026e+00 -6.984622e-04 9.990547e-01 -4.346611e-02 4.201177e+00 -1.048862e-02 4.345641e-02 9.990003e-01 -2.314793e+02
9.999987e-01 1.102123e-03 1.155614e-03 4.687107e+00 -1.119181e-03 9.998889e-01 1.486600e-02 4.279252e+00 -1.139101e-03 -1.486728e-02 9.998888e-01 -2.363576e+02
9.999951e-01 -5.307098e-04 -3.084592e-03 4.887171e+00 4.238083e-04 9.994027e-01 -3.455440e-02 4.347379e+00 3.101088e-03 3.455293e-02 9.993981e-01 -2.401912e+02
9.999278e-01 1.427074e-03 1.193103e-02 5.027350e+00 -1.569056e-03 9.999280e-01 1.189937e-02 4.413292e+00 -1.191319e-02 -1.191724e-02 9.998580e-01 -2.437735e+02
9.999189e-01 -1.230417e-03 -1.267234e-02 5.176593e+00 8.444577e-04 9.995369e-01 -3.041726e-02 4.478016e+00 1.270389e-02 3.040409e-02 9.994570e-01 -2.472737e+02
9.998344e-01 1.494398e-03 1.813747e-02 5.192921e+00 -1.686146e-03 9.999428e-01 1.056130e-02 4.541820e+00 -1.812065e-02 -1.059013e-02 9.997797e-01 -2.505262e+02
9.998835e-01 -3.605433e-03 -1.483336e-02 4.777120e+00 3.151545e-03 9.995295e-01 -3.050953e-02 4.622174e+00 1.493638e-02 3.045923e-02 9.994244e-01 -2.537073e+02
9.996959e-01 3.711633e-03 2.437831e-02 4.832291e+00 -3.835890e-03 9.999799e-01 5.052266e-03 4.698248e+00 -2.435907e-02 -5.144242e-03 9.996900e-01 -2.576232e+02
9.996465e-01 -5.168473e-03 -2.608137e-02 4.702288e+00 4.552838e-03 9.997109e-01 -2.360882e-02 4.771728e+00 2.619585e-02 2.348173e-02 9.993810e-01 -2.610364e+02
9.996583e-01 4.244512e-03 2.579169e-02 4.545300e+00 -4.526563e-03 9.999305e-01 1.088720e-02 4.818753e+00 -2.574369e-02 -1.100023e-02 9.996081e-01 -2.631102e+02
9.996090e-01 -5.637784e-03 -2.738745e-02 4.335924e+00 5.059781e-03 9.997640e-01 -2.112830e-02 4.858701e+00 2.750010e-02 2.098147e-02 9.994016e-01 -2.647612e+02
9.996860e-01 5.588114e-03 2.442666e-02 4.367762e+00 -5.924597e-03 9.998883e-01 1.372463e-02 4.880067e+00 -2.434724e-02 -1.386503e-02 9.996074e-01 -2.660001e+02
9.996588e-01 -5.542015e-03 -2.552449e-02 4.402150e+00 4.930657e-03 9.997009e-01 -2.395278e-02 4.910852e+00 2.564960e-02 2.381876e-02 9.993872e-01 -2.677011e+02
9.996865e-01 5.665469e-03 2.439037e-02 4.423644e+00 -6.006108e-03 9.998851e-01 1.391561e-02 4.941949e+00 -2.430873e-02 -1.405774e-02 9.996057e-01 -2.693853e+02
