1.000000e+00 1.197625e-11 1.704638e-10 5.551115e-17 1.197625e-11 1.000000e+00 3.562503e-10 0.000000e+00 1.704638e-10 3.562503e-10 1.000000e+00 2.220446e-16 0.000000e+00 0.000000e+00 0.000000e+00 1.000000e+00
9.528404e-01 2.956492e-02 -3.020282e-01 1.017683e-01 1.167220e-02 9.909363e-01 1.338243e-01 -2.322739e-02 3.032472e-01 -1.310385e-01 9.438591e-01 6.598186e-01
9.736758e-01 7.134446e-02 -2.164842e-01 -1.075085e-01 -8.590190e-02 9.945796e-01 -5.858557e-02 -1.527539e-02 2.111310e-01 7.563976e-02 9.745267e-01 8.480717e-01
9.707664e-01 -5.558593e-02 -2.335013e-01 -2.536659e-01 7.806840e-02 9.930418e-01 8.816666e-02 -8.710719e-03 2.269757e-01 -1.038183e-01 9.683511e-01 9.760365e-01
9.949833e-01 4.763512e-02 -8.797230e-02 -1.808214e-01 -5.624273e-02 9.935849e-01 -9.811098e-02 -2.870656e-03 8.273442e-02 1.025666e-01 9.912795e-01 9.011075e-01
9.507604e-01 -9.534627e-02 -2.948961e-01 1.231787e-01 1.320999e-01 9.854126e-01 1.072919e-01 7.353494e-03 2.803645e-01 -1.409647e-01 9.494866e-01 6.924654e-01
9.764815e-01 7.857356e-02 -2.007738e-01 6.100404e-01 -1.057778e-01 9.860432e-01 -1.285682e-01 2.025511e-02 1.878695e-01 1.467818e-01 9.711643e-01 3.257941e-01
8.167343e-01 3.418892e-02 -5.760001e-01 5.192566e-01 9.041549e-02 9.783288e-01 1.862733e-01 5.725667e-03 5.698860e-01 -2.042151e-01 7.959435e-01 1.098056e+00
9.890360e-01 6.325583e-02 -1.334412e-01 6.158299e-01 -8.018978e-02 9.888340e-01 -1.256063e-01 9.538711e-03 1.240058e-01 1.349298e-01 9.830649e-01 1.287926e+00
9.215648e-01 -1.228049e-01 -3.682897e-01 8.792146e-01 1.575668e-01 9.853187e-01 6.572549e-02 2.363076e-02 3.548113e-01 -1.186005e-01 9.273849e-01 9.812501e-01
9.788723e-01 1.518659e-01 -1.369155e-01 1.161419e+00 -1.655642e-01 9.816240e-01 -9.488300e-02 3.306206e-02 1.199900e-01 1.155466e-01 9.860281e-01 7.763170e-01
8.251096e-01 -7.199529e-02 -5.603668e-01 1.137733e+00 1.338336e-01 9.885244e-01 7.005827e-02 2.354165e-02 5.488923e-01 -1.328017e-01 8.252763e-01 1.287365e+00
9.943356e-01 1.018698e-01 -3.031794e-02 1.206905e+00 -1.027725e-01 9.942562e-01 -2.987448e-02 2.936056e-02 2.710049e-02 3.282111e-02 9.990938e-01 1.365583e+00
9.834085e-01 -1.437764e-01 -1.106172e-01 1.433439e+00 1.480083e-01 9.885000e-01 3.100483e-02 3.707574e-02 1.048873e-01 -4.686267e-02 9.933794e-01 1.162111e+00
9.941299e-01 1.035224e-01 3.144544e-02 1.599838e+00 -1.031547e-01 9.945790e-01 -1.310302e-02 4.262369e-02 -3.263143e-02 9.782361e-03 9.994196e-01 1.010997e+00
9.645767e-01 -1.458464e-01 -2.198196e-01 1.867897e+00 1.510581e-01 9.885001e-01 6.996420e-03 5.175997e-02 2.162713e-01 -3.995411e-02 9.755155e-01 7.574261e-01
9.914844e-01 1.091235e-01 -7.106867e-02 2.198488e+00 -1.084147e-01 9.940104e-01 1.376608e-02 6.616913e-02 7.214520e-02 -5.943961e-03 9.973764e-01 3.795545e-01
9.643280e-01 -1.424156e-01 -2.231351e-01 2.506939e+00 1.418479e-01 9.897127e-01 -1.865527e-02 7.995851e-02 2.234964e-01 -1.366145e-02 9.746090e-01 2.624883e-02
9.817069e-01 1.004124e-01 1.617680e-01 2.720051e+00 -1.046606e-01 9.943463e-01 1.793506e-02 8.459780e-02 -1.590525e-01 -3.453771e-02 9.866658e-01 -1.104849e-01
9.632986e-01 -1.336469e-01 -2.327966e-01 2.879290e+00 1.337122e-01 9.908978e-01 -1.557440e-02 8.902739e-02 2.327591e-01 -1.612495e-02 9.724007e-01 -2.277451e-01
9.829461e-01 9.534516e-02 1.572459e-01 3.011434e+00 -1.003511e-01 9.946580e-01 2.419107e-02 9.386764e-02 -1.540994e-01 -3.955832e-02 9.872631e-01 -3.503744e-01
9.707130e-01 -1.289939e-01 -2.026740e-01 3.063288e+00 1.309513e-01 9.913816e-01 -3.779793e-03 9.661197e-02 2.014148e-01 -2.287132e-02 9.792390e-01 -4.078642e-01
9.817982e-01 1.001080e-01 1.614024e-01 3.053658e+00 -1.038250e-01 9.944863e-01 1.474053e-02 9.913804e-02 -1.590368e-01 -3.122982e-02 9.867786e-01 -4.302814e-01
9.675172e-01 -1.191828e-01 -2.229482e-01 3.039160e+00 1.220533e-01 9.925231e-01 -9.105642e-04 1.018307e-01 2.213898e-01 -2.633059e-02 9.748299e-01 -4.521724e-01
9.898269e-01 1.087010e-01 9.179791e-02 2.978957e+00 -1.118200e-01 9.932896e-01 2.953098e-02 1.063250e-01 -8.797186e-02 -3.949540e-02 9.953397e-01 -4.643896e-01
9.700692e-01 -1.221266e-01 -2.098829e-01 2.925994e+00 1.207228e-01 9.924940e-01 -1.953694e-02 1.105419e-01 2.106935e-01 -6.385460e-03 9.775313e-01 -4.768697e-01
9.852349e-01 9.862721e-02 1.399461e-01 2.853928e+00 -1.042473e-01 9.939906e-01 3.339522e-02 1.146289e-01 -1.358114e-01 -4.749113e-02 9.895958e-01 -4.924042e-01
9.768046e-01 -1.225654e-01 -1.755864e-01 2.796485e+00 1.211263e-01 9.924566e-01 -1.893161e-02 1.178800e-01 1.765822e-01 -2.775634e-03 9.842820e-01 -5.095093e-01
9.898912e-01 9.892379e-02 1.016341e-01 2.719946e+00 -1.025174e-01 9.942557e-01 3.075236e-02 1.222299e-01 -9.800814e-02 -4.086075e-02 9.943464e-01 -5.155923e-01
9.689682e-01 -1.076955e-01 -2.224911e-01 2.628152e+00 1.051301e-01 9.941837e-01 -2.337792e-02 1.276311e-01 2.237147e-01 -7.380504e-04 9.746544e-01 -5.266526e-01
9.927014e-01 9.751215e-02 7.095986e-02 2.504688e+00 -1.010190e-01 9.937438e-01 4.762712e-02 1.339253e-01 -6.587170e-02 -5.444781e-02 9.963415e-01 -5.169201e-01
9.678179e-01 -9.654370e-02 -2.323959e-01 2.366636e+00 8.967716e-02 9.951690e-01 -3.995829e-02 1.405268e-01 2.351309e-01 1.783174e-02 9.718001e-01 -4.994883e-01
9.940921e-01 8.678730e-02 6.518309e-02 2.192748e+00 -9.078697e-02 9.939923e-01 6.113096e-02 1.482690e-01 -5.948610e-02 -6.668758e-02 9.959991e-01 -4.670582e-01
9.629910e-01 -8.353608e-02 -2.562617e-01 1.993146e+00 7.014591e-02 9.956717e-01 -6.097137e-02 1.567839e-01 2.602458e-01 4.073917e-02 9.646825e-01 -4.208397e-01
9.964945e-01 7.784788e-02 3.063411e-02 1.774002e+00 -8.028874e-02 9.928122e-01 8.875590e-02 1.667391e-01 -2.350447e-02 -9.090434e-02 9.955822e-01 -3.804322e-01
9.474551e-01 -5.230518e-02 -3.155836e-01 1.546341e+00 3.105733e-02 9.969217e-01 -7.198962e-02 1.769058e-01 3.183776e-01 5.840574e-02 9.461630e-01 -3.157170e-01
9.984268e-01 5.467988e-02 -1.240882e-02 1.332183e+00 -5.282493e-02 9.915135e-01 1.187877e-01 1.863522e-01 1.879881e-02 -1.179454e-01 9.928421e-01 -2.349354e-01
9.478022e-01 -1.827914e-02 -3.183344e-01 1.135245e+00 -7.757334e-03 9.967381e-01 -8.033043e-02 1.950316e-01 3.187644e-01 7.860679e-02 9.445688e-01 -1.444079e-01
9.999902e-01 1.629470e-03 4.111199e-03 9.279810e-01 -2.115583e-03 9.926312e-01 1.211564e-01 2.033349e-01 -3.883484e-03 -1.211640e-01 9.926249e-01 -4.803499e-02
9.795930e-01 2.113398e-03 -2.009805e-01 7.168831e-01 -2.605138e-02 9.928447e-01 -1.165360e-01 2.118633e-01 1.992962e-01 1.193937e-01 9.726388e-01 1.065751e-02
9.961110e-01 -5.523134e-02 6.864717e-02 7.166319e-01 4.606775e-02 9.906311e-01 1.285602e-01 2.183854e-01 -7.510457e-02 -1.248978e-01 9.893229e-01 -1.025586e-01
9.780577e-01 4.462325e-02 -2.034992e-01 5.764629e-01 -6.406611e-02 9.938812e-01 -8.997650e-02 2.253404e-01 1.982390e-01 1.010396e-01 9.749319e-01 -9.928269e-02
9.975025e-01 -6.778707e-02 1.984058e-02 3.957840e-01 6.507885e-02 9.912537e-01 1.148080e-01 2.332759e-01 -2.744954e-02 -1.132301e-01 9.931895e-01 -5.791768e-02
9.645176e-01 7.761386e-02 -2.523527e-01 1.826683e-01 -9.979479e-02 9.920782e-01 -7.630116e-02 2.425109e-01 2.444316e-01 9.877730e-02 9.646223e-01 -9.776378e-03
9.936292e-01 -1.002109e-01 5.156374e-02 -3.530266e-03 9.550646e-02 9.916385e-01 8.678535e-02 2.511283e-01 -5.982943e-02 -8.130779e-02 9.948917e-01 1.923626e-02
8.997572e-01 1.612196e-01 -4.055185e-01 -1.552558e-01 -1.655004e-01 9.858991e-01 2.474889e-02 2.549949e-01 4.037904e-01 4.484547e-02 9.137517e-01 1.917805e-01
9.850115e-01 -1.694757e-01 3.209783e-02 -2.974640e-01 1.685696e-01 9.852597e-01 2.911455e-02 2.600002e-01 -3.655891e-02 -2.326744e-02 9.990606e-01 3.417104e-01
9.669005e-01 1.082006e-01 -2.310761e-01 9.004783e-02 -9.784878e-02 9.936339e-01 5.583325e-02 2.679415e-01 2.356462e-01 -3.137468e-02 9.713323e-01 1.129409e-01
9.877339e-01 -1.467435e-01 5.336782e-02 5.123343e-01 1.495248e-01 9.873634e-01 -5.249518e-02 2.788967e-01 -4.499011e-02 5.983108e-02 9.971941e-01 -2.217910e-01
9.740571e-01 1.438483e-01 -1.747009e-01 3.460955e-01 -1.290874e-01 9.872474e-01 9.316141e-02 2.872937e-01 1.858741e-01 -6.819286e-02 9.802043e-01 -2.319381e-01
9.908485e-01 -1.318226e-01 2.901857e-02 1.434771e-01 1.335524e-01 9.886253e-01 -6.916487e-02 2.966677e-01 -1.957100e-02 7.240741e-02 9.971831e-01 -2.237387e-01
9.735678e-01 1.319909e-01 -1.863979e-01 -7.388914e-02 -1.156987e-01 9.886557e-01 9.577910e-02 3.062343e-01 1.969253e-01 -7.168147e-02 9.777946e-01 -1.935003e-01
9.918793e-01 -1.229395e-01 3.257849e-02 -2.473303e-01 1.252107e-01 9.888535e-01 -8.056686e-02 3.147853e-01 -2.231050e-02 8.399178e-02 9.962167e-01 -1.829583e-01
9.530464e-01 1.454518e-01 -2.656055e-01 -4.630610e-01 -1.104040e-01 9.836181e-01 1.425006e-01 3.238154e-01 2.819813e-01 -1.064858e-01 9.534922e-01 -1.122136e-01
9.956339e-01 -9.320647e-02 -5.062070e-03 -7.241916e-01 9.165151e-02 9.864243e-01 -1.362614e-01 3.342150e-01 1.769379e-02 1.352025e-01 9.906600e-01 -2.102198e-02
9.521501e-01 1.187859e-01 -2.816027e-01 -9.485006e-01 -6.643218e-02 9.797898e-01 1.886764e-01 3.436468e-01 2.983236e-01 -1.609407e-01 9.407981e-01 6.664028e-02
9.984157e-01 -3.569490e-02 -4.349671e-02 -1.192402e+00 2.864072e-02 9.877811e-01 -1.531933e-01 3.536719e-01 4.843345e-02 1.517048e-01 9.872385e-01 1.714565e-01
9.497876e-01 5.874034e-02 -3.073323e-01 -1.411889e+00 -1.725999e-03 9.831890e-01 1.825825e-01 3.614512e-01 3.128907e-01 -1.728842e-01 9.339221e-01 3.139685e-01
9.967703e-01 3.080588e-02 -7.416189e-02 -1.613707e+00 -3.925590e-02 9.925519e-01 -1.153244e-01 3.645519e-01 7.005686e-02 1.178632e-01 9.905555e-01 5.591117e-01
9.863904e-01 -6.348388e-02 -1.516698e-01 -1.485916e+00 8.781175e-02 9.832817e-01 1.595184e-01 3.667695e-01 1.390073e-01 -1.706659e-01 9.754743e-01 5.906917e-01
9.850980e-01 5.200357e-02 -1.639440e-01 -7.514950e-01 -7.061380e-02 9.914409e-01 -1.098122e-01 3.815612e-01 1.568301e-01 1.197525e-01 9.803385e-01 1.482985e-01
9.941349e-01 -1.067188e-01 1.751715e-02 -6.115743e-01 1.040551e-01 9.880237e-01 1.139371e-01 3.826208e-01 -2.946659e-02 -1.114461e-01 9.933335e-01 1.246928e-01
9.370428e-01 1.196593e-01 -3.280739e-01 -8.081246e-01 -1.427977e-01 9.886222e-01 -4.727508e-02 3.884967e-01 3.186842e-01 9.114698e-02 9.434684e-01 2.724976e-01
9.925720e-01 -1.213662e-01 -8.428761e-03 -9.826045e-01 1.215913e-01 9.873362e-01 1.018961e-01 3.916121e-01 -4.044719e-03 -1.021641e-01 9.947593e-01 4.747540e-01
9.380852e-01 1.449642e-01 -3.146133e-01 -1.124074e+00 -1.555337e-01 9.877930e-01 -8.611473e-03 3.928772e-01 3.095244e-01 5.701127e-02 9.491809e-01 6.914633e-01
9.771915e-01 -1.932644e-01 8.800949e-02 -1.027386e+00 1.878267e-01 9.799525e-01 6.643915e-02 3.965216e-01 -9.908544e-02 -4.839324e-02 9.939015e-01 6.668073e-01
9.723374e-01 1.660567e-01 -1.642715e-01 -1.125197e+00 -1.714922e-01 9.849949e-01 -1.937806e-02 4.035046e-01 1.585887e-01 4.701329e-02 9.862248e-01 6.008423e-01
9.730898e-01 -2.303280e-01 6.729614e-03 -8.481861e-01 2.302478e-01 9.730706e-01 1.093310e-02 4.134239e-01 -9.066589e-03 -9.089411e-03 9.999176e-01 3.207015e-01
9.035916e-01 2.188658e-01 -3.682663e-01 -7.394175e-02 -1.906986e-01 9.752714e-01 1.117123e-01 4.325047e-01 3.836096e-01 -3.071438e-02 9.229845e-01 -2.670095e-01
9.610133e-01 -2.352168e-01 1.453499e-01 2.590232e-01 2.483921e-01 9.653415e-01 -8.010745e-02 4.449242e-01 -1.214696e-01 1.130881e-01 9.861319e-01 -5.979966e-01
9.238186e-01 2.530024e-01 -2.873134e-01 1.284748e-01 -2.063557e-01 9.612259e-01 1.829264e-01 4.509335e-01 3.224539e-01 -1.097020e-01 9.402069e-01 -5.496486e-01
9.565792e-01 -6.886909e-02 -2.832193e-01 -2.180758e-02 4.978977e-02 9.960124e-01 -7.402955e-02 4.273786e-01 2.871883e-01 5.671371e-02 9.561937e-01 3.524012e-01
6.049478e-01 3.364143e-01 -7.217088e-01 -3.214993e-01 -9.556308e-02 9.304901e-01 3.536323e-01 3.882837e-01 7.905098e-01 -1.449604e-01 5.950468e-01 2.091179e+00
9.623202e-01 2.293921e-02 -2.709495e-01 -5.060486e-01 -8.267828e-02 9.739423e-01 -2.111889e-01 3.719498e-01 2.590446e-01 2.256329e-01 9.391409e-01 3.217618e+00
9.842634e-01 -6.171412e-02 -1.655804e-01 -5.567487e-01 1.042479e-01 9.593923e-01 2.621045e-01 3.722741e-01 1.426810e-01 -2.752413e-01 9.507283e-01 3.441005e+00
9.899897e-01 1.139546e-01 -8.327526e-02 -5.665351e-01 -1.290265e-01 9.698524e-01 -2.067330e-01 3.660333e-01 5.720653e-02 2.154083e-01 9.748470e-01 3.686520e+00
8.887888e-01 -4.935807e-02 -4.556515e-01 -7.610942e-01 1.583090e-01 9.660547e-01 2.041486e-01 3.618195e-01 4.301079e-01 -2.535787e-01 8.664324e-01 4.167215e+00
9.491984e-01 2.788906e-01 -1.457478e-01 -9.363109e-01 -2.875142e-01 9.568783e-01 -4.146615e-02 3.412009e-01 1.278984e-01 8.126416e-02 9.884524e-01 5.010489e+00
7.278347e-01 -8.385508e-02 -6.806064e-01 -1.105133e+00 1.363421e-01 9.903763e-01 2.378230e-02 3.140234e-01 6.720621e-01 -1.101049e-01 7.322632e-01 6.243085e+00
9.676954e-01 2.519366e-01 -9.670969e-03 -1.254747e+00 -2.467765e-01 9.543377e-01 1.683479e-01 2.804836e-01 5.164236e-02 -1.605229e-01 9.856802e-01 7.516583e+00
8.256238e-01 -1.511778e-01 -5.435905e-01 -1.303379e+00 7.006549e-02 9.834491e-01 -1.670888e-01 2.582343e-01 5.598537e-01 9.986555e-02 8.225513e-01 8.430763e+00
8.715259e-01 2.783217e-02 4.895590e-01 -1.296800e+00 -1.272884e-01 9.770040e-01 1.710580e-01 2.466037e-01 -4.735402e-01 -2.113966e-01 8.550270e-01 8.774381e+00
7.539736e-01 -9.806227e-02 -6.495442e-01 -1.401155e+00 -6.416076e-03 9.876486e-01 -1.565538e-01 2.431410e-01 6.568734e-01 1.222050e-01 7.440318e-01 9.033199e+00
9.479784e-01 4.608417e-03 3.183014e-01 -1.588004e+00 -7.412920e-02 9.756028e-01 2.066497e-01 2.460609e-01 -3.095834e-01 -2.194949e-01 9.251919e-01 9.267716e+00
7.816327e-01 -1.959899e-02 -6.234310e-01 -1.725563e+00 -9.185521e-02 9.849917e-01 -1.461299e-01 2.449517e-01 6.169384e-01 1.714853e-01 7.681014e-01 9.541705e+00
9.459958e-01 -1.004541e-01 3.082221e-01 -1.861360e+00 2.769258e-02 9.723437e-01 2.319070e-01 2.477073e-01 -3.229938e-01 -2.108476e-01 9.226149e-01 9.724382e+00
7.978042e-01 8.003513e-02 -5.975809e-01 -2.004219e+00 -1.796716e-01 9.776771e-01 -1.089296e-01 2.492826e-01 5.755229e-01 1.942728e-01 7.943749e-01 9.935591e+00
9.118228e-01 -1.851388e-01 3.664736e-01 -2.130436e+00 1.122742e-01 9.709778e-01 2.111790e-01 2.441273e-01 -3.949351e-01 -1.514123e-01 9.061460e-01 1.025694e+01
8.430158e-01 1.239506e-01 -5.234125e-01 -2.183341e+00 -1.952136e-01 9.772432e-01 -8.299037e-02 2.361031e-01 5.012146e-01 1.721394e-01 8.480283e-01 1.055591e+01
8.785085e-01 -2.317428e-01 4.177537e-01 -2.208402e+00 1.597990e-01 9.666392e-01 2.001823e-01 2.306913e-01 -4.502079e-01 -1.091052e-01 8.862330e-01 1.075881e+01
7.952504e-01 1.765056e-01 -5.800194e-01 -2.247854e+00 -2.307245e-01 9.728072e-01 -2.030588e-02 2.294105e-01 5.606630e-01 1.499729e-01 8.143495e-01 1.089666e+01
9.025388e-01 -2.491464e-01 3.512118e-01 -2.336049e+00 2.055188e-01 9.659608e-01 1.571045e-01 2.289009e-01 -3.783989e-01 -6.961234e-02 9.230214e-01 1.107360e+01
8.334020e-01 1.915148e-01 -5.184238e-01 -2.273454e+00 -2.193856e-01 9.756076e-01 7.729033e-03 2.261191e-01 5.072584e-01 1.072933e-01 8.550889e-01 1.119746e+01
9.213799e-01 -2.759214e-01 2.737271e-01 -2.175831e+00 2.612539e-01 9.611185e-01 8.942898e-02 2.292074e-01 -2.877595e-01 -1.088580e-02 9.576408e-01 1.118022e+01
7.845321e-01 2.853435e-01 -5.505347e-01 -2.276736e+00 -2.675583e-01 9.567045e-01 1.145818e-01 2.365987e-01 5.593942e-01 5.740701e-02 8.269115e-01 1.120216e+01
8.880893e-01 -2.722101e-01 3.704040e-01 -2.454437e+00 2.883989e-01 9.574333e-01 1.214629e-02 2.455537e-01 -3.579435e-01 9.603713e-02 9.287913e-01 1.122195e+01
8.003775e-01 2.936748e-01 -5.226385e-01 -2.630075e+00 -2.489857e-01 9.558901e-01 1.558213e-01 2.539790e-01 5.453457e-01 5.413655e-03 8.381937e-01 1.124419e+01
8.985984e-01 -2.548055e-01 3.572046e-01 -2.821119e+00 2.851612e-01 9.578735e-01 -3.408135e-02 2.626843e-01 -3.334727e-01 1.324864e-01 9.334041e-01 1.128419e+01
8.001547e-01 2.761837e-01 -5.324237e-01 -2.920124e+00 -2.066464e-01 9.602699e-01 1.875607e-01 2.692767e-01 5.630716e-01 -4.005414e-02 8.254369e-01 1.130822e+01
9.060143e-01 -2.560194e-01 3.370344e-01 -2.729455e+00 2.952768e-01 9.528472e-01 -6.995597e-02 2.785854e-01 -3.032322e-01 1.628995e-01 9.388898e-01 1.109129e+01
8.307748e-01 2.915043e-01 -4.741714e-01 -2.692831e+00 -1.917335e-01 9.496302e-01 2.478723e-01 2.852846e-01 5.225433e-01 -1.150115e-01 8.448200e-01 1.099022e+01
9.069568e-01 -2.330324e-01 3.508921e-01 -2.637882e+00 2.977793e-01 9.438902e-01 -1.428245e-01 2.902219e-01 -2.979209e-01 2.340241e-01 9.254598e-01 1.092484e+01
8.186218e-01 2.829326e-01 -4.998075e-01 -2.448247e+00 -1.283355e-01 9.383486e-01 3.209859e-01 2.990192e-01 5.598110e-01 -1.986230e-01 8.044629e-01 1.072071e+01
9.763796e-01 -1.771062e-01 1.237590e-01 -2.041941e+00 2.052738e-01 9.391118e-01 -2.755570e-01 3.163516e-01 -6.742070e-02 2.944527e-01 9.532849e-01 1.028334e+01
8.624833e-01 1.688272e-01 -4.770954e-01 -1.615376e+00 1.219142e-02 9.355121e-01 3.530841e-01 3.354582e-01 5.059387e-01 -3.103456e-01 8.048053e-01 9.793432e+00
9.912711e-01 1.052500e-01 -7.939803e-02 -1.610974e+00 -1.219921e-01 9.606204e-01 -2.496525e-01 3.247934e-01 4.999544e-02 2.571593e-01 9.650749e-01 1.028525e+01
6.947094e-01 -4.843015e-02 -7.176583e-01 -1.704740e+00 2.557074e-01 9.491840e-01 1.834761e-01 3.249166e-01 6.723040e-01 -3.109731e-01 6.717909e-01 1.073333e+01
9.002130e-01 2.685384e-01 3.427882e-01 -1.850603e+00 -2.116856e-01 9.578047e-01 -1.944208e-01 3.316238e-01 -3.805335e-01 1.024568e-01 9.190739e-01 1.086364e+01
2.262829e-02 9.562089e-03 -9.996982e-01 -2.147110e+00 7.960350e-02 9.967621e-01 1.133584e-02 3.216065e-01 9.965697e-01 -7.983599e-02 2.179385e-02 1.181781e+01
9.235540e-01 7.417277e-02 3.762265e-01 -2.221539e+00 -8.863656e-02 9.958372e-01 2.125486e-02 3.236258e-01 -3.730838e-01 -5.297744e-02 9.262839e-01 1.239298e+01
8.142571e-01 -7.556954e-02 -5.755646e-01 -2.098774e+00 8.758607e-02 9.961332e-01 -6.879770e-03 3.301809e-01 5.738589e-01 -4.480954e-02 8.177274e-01 1.228215e+01
8.834366e-01 6.243816e-02 4.643719e-01 -2.182515e+00 -6.915995e-02 9.976023e-01 -2.562642e-03 3.362704e-01 -4.634185e-01 -2.985201e-02 8.856366e-01 1.225374e+01
8.190395e-01 -6.303538e-02 -5.702639e-01 -2.365029e+00 6.598475e-02 9.977000e-01 -1.551263e-02 3.445166e-01 5.699301e-01 -2.492326e-02 8.213151e-01 1.226626e+01
9.524204e-01 9.175687e-02 -2.906478e-01 -1.526931e+00 -5.179820e-02 9.884646e-01 1.423191e-01 3.162219e-01 3.003538e-01 -1.204926e-01 9.461866e-01 1.294972e+01
8.367230e-01 -6.816930e-02 -5.433668e-01 -1.065339e+00 9.104104e-02 9.957300e-01 1.527129e-02 3.061623e-01 5.400056e-01 -6.224652e-02 8.393565e-01 1.354633e+01
9.851293e-01 1.343145e-01 -1.071440e-01 -5.900486e-01 -1.280381e-01 9.897354e-01 6.348221e-02 2.827859e-01 1.145708e-01 -4.881967e-02 9.922148e-01 1.414829e+01
8.769949e-01 -1.155293e-01 -4.664042e-01 8.268926e-02 1.361876e-01 9.906253e-01 1.069791e-02 2.739499e-01 4.607959e-01 -7.290047e-02 8.845070e-01 1.454681e+01
9.031365e-01 9.719741e-02 4.182070e-01 3.347645e-01 -7.974984e-02 9.950647e-01 -5.904423e-02 2.783402e-01 -4.218820e-01 1.997305e-02 9.064307e-01 1.442288e+01
1.393736e-01 -9.400752e-02 -9.857675e-01 8.247906e-01 9.221265e-02 9.923901e-01 -8.160151e-02 3.243900e-01 9.859370e-01 -7.952713e-02 1.469817e-01 1.334019e+01
9.399965e-01 8.248142e-02 3.310641e-01 1.265536e+00 -8.495024e-02 9.963604e-01 -7.032757e-03 3.703004e-01 -3.304392e-01 -2.151320e-02 9.435821e-01 1.236351e+01
6.813163e-01 6.550276e-02 -7.290525e-01 1.107844e+00 -5.557769e-03 9.964223e-01 8.433112e-02 3.696360e-01 7.319681e-01 -5.340426e-02 6.792428e-01 1.271719e+01
8.902083e-01 1.322050e-02 4.553618e-01 9.628530e-01 2.137915e-02 9.972650e-01 -7.074867e-02 3.757912e-01 -4.550518e-01 7.271630e-02 8.874910e-01 1.282504e+01
7.811357e-01 -3.054315e-02 -6.236137e-01 1.122134e+00 7.981341e-02 9.954932e-01 5.121697e-02 3.827140e-01 6.192389e-01 -8.978014e-02 7.800530e-01 1.265338e+01
9.186221e-01 5.161122e-02 3.917522e-01 1.113304e+00 -3.826821e-02 9.983930e-01 -4.179751e-02 3.886119e-01 -3.932798e-01 2.340446e-02 9.191209e-01 1.262647e+01
8.304914e-01 -3.960759e-02 -5.556215e-01 1.071841e+00 7.455529e-02 9.963978e-01 4.040992e-02 3.947999e-01 5.520195e-01 -7.498461e-02 8.304528e-01 1.257757e+01
9.986905e-01 3.563424e-02 3.670870e-02 1.636618e+00 -3.717710e-02 9.984155e-01 4.224168e-02 3.793022e-01 -3.514528e-02 -4.355109e-02 9.984328e-01 1.293358e+01
8.012135e-01 -6.329673e-02 -5.950214e-01 2.152158e+00 9.250547e-02 9.955373e-01 1.865878e-02 3.776658e-01 5.911850e-01 -6.999240e-02 8.034932e-01 1.311517e+01
9.870259e-01 3.287905e-02 -1.571586e-01 3.073400e+00 -2.152165e-02 9.970681e-01 7.343041e-02 3.656057e-01 1.591122e-01 -6.909541e-02 9.848397e-01 1.332497e+01
8.064273e-01 -7.540082e-02 -5.865064e-01 3.778847e+00 7.221882e-02 9.969709e-01 -2.887129e-02 3.688560e-01 5.869067e-01 -1.907420e-02 8.094299e-01 1.341135e+01
9.514023e-01 2.917409e-02 3.065656e-01 4.137838e+00 -3.556272e-02 9.992507e-01 1.527315e-02 3.843613e-01 -3.058904e-01 -2.543322e-02 9.517270e-01 1.300704e+01
8.102895e-01 -4.040020e-02 -5.846355e-01 4.245934e+00 4.640566e-02 9.989116e-01 -4.710986e-03 3.960679e-01 5.841895e-01 -2.331313e-02 8.112824e-01 1.277316e+01
9.148095e-01 4.269354e-02 4.016227e-01 4.135530e+00 -5.002646e-02 9.987176e-01 7.783167e-03 4.034364e-01 -4.007753e-01 -2.721188e-02 9.157722e-01 1.274370e+01
7.720605e-01 -6.015765e-03 -6.355206e-01 3.953243e+00 2.217571e-02 9.996013e-01 1.747799e-02 4.133173e-01 6.351621e-01 -2.758719e-02 7.718861e-01 1.276320e+01
8.473876e-01 8.138317e-03 5.309125e-01 4.065806e+00 -3.969163e-02 9.980559e-01 4.805255e-02 3.900468e-01 -5.294892e-01 -6.179191e-02 8.460632e-01 1.336439e+01
3.124228e-01 5.830829e-02 -9.481519e-01 4.500617e+00 1.538265e-02 9.976730e-01 6.642237e-02 4.028293e-01 9.498186e-01 -3.533695e-02 3.107989e-01 1.311150e+01
8.984076e-01 -1.056645e-02 4.390355e-01 4.830670e+00 5.289166e-02 9.950369e-01 -8.428535e-02 4.363894e-01 -4.359659e-01 9.894391e-02 8.945076e-01 1.238667e+01
7.988600e-01 6.486017e-02 -5.980099e-01 4.735052e+00 1.123019e-02 9.923881e-01 1.226364e-01 4.430667e-01 6.014122e-01 -1.046851e-01 7.920508e-01 1.236656e+01
9.261006e-01 4.035001e-04 3.772765e-01 4.585148e+00 2.487006e-02 9.977591e-01 -6.211566e-02 4.512193e-01 -3.764561e-01 6.690824e-02 9.240152e-01 1.238841e+01
8.205899e-01 6.529999e-02 -5.677747e-01 4.551595e+00 2.789179e-03 9.929818e-01 1.182343e-01 4.490296e-01 5.715107e-01 -9.860553e-02 8.146487e-01 1.257668e+01
8.940770e-01 2.664959e-02 -4.471197e-01 4.924348e+00 -4.972985e-02 9.979630e-01 -3.996024e-02 4.890199e-01 4.451440e-01 5.796272e-02 8.935811e-01 1.174249e+01
4.402890e-01 -1.095835e-01 -8.911437e-01 5.641978e+00 4.833969e-02 9.939776e-01 -9.834570e-02 5.712131e-01 8.965539e-01 2.229129e-04 4.429346e-01 9.946689e+00
9.955538e-01 3.736702e-02 8.646543e-02 5.959019e+00 -4.235153e-02 9.975011e-01 5.654956e-02 6.144929e-01 -8.413628e-02 -5.996007e-02 9.946486e-01 9.103931e+00
7.558577e-01 1.270349e-01 -6.422938e-01 5.786289e+00 -1.037128e-01 9.918417e-01 7.411941e-02 6.010560e-01 6.464695e-01 1.059034e-02 7.628663e-01 9.792503e+00
9.601379e-01 5.924965e-02 -2.731752e-01 5.599403e+00 -2.780357e-02 9.926739e-01 1.175814e-01 5.705166e-01 2.781405e-01 -1.052991e-01 9.547512e-01 1.114675e+01
6.315713e-01 2.353490e-01 -7.387344e-01 5.314175e+00 -1.819517e-01 9.711970e-01 1.538507e-01 5.415117e-01 7.536653e-01 3.724631e-02 6.562023e-01 1.265294e+01
9.896573e-01 -1.318317e-01 -5.655786e-02 5.174258e+00 1.283997e-01 9.898721e-01 -6.055381e-02 5.349927e-01 6.396796e-02 5.266550e-02 9.965613e-01 1.336920e+01
9.902214e-01 1.028538e-01 -9.424749e-02 5.294165e+00 -9.180705e-02 9.891289e-01 1.148713e-01 5.411002e-01 1.050379e-01 -1.050954e-01 9.888994e-01 1.324434e+01
9.899065e-01 -1.218933e-01 -7.229952e-02 5.486097e+00 1.150018e-01 9.890159e-01 -9.285515e-02 5.491724e-01 8.282380e-02 8.360334e-02 9.930512e-01 1.305051e+01
9.961183e-01 7.855049e-02 -3.972570e-02 5.678756e+00 -7.292692e-02 9.891806e-01 1.272926e-01 5.559132e-01 4.929479e-02 -1.239014e-01 9.910694e-01 1.288361e+01
9.942228e-01 -1.070868e-01 7.316471e-03 5.715415e+00 1.073150e-01 9.903500e-01 -8.769532e-02 5.578672e-01 2.145139e-03 8.797385e-02 9.961205e-01 1.284757e+01
9.942369e-01 8.853557e-02 -6.045277e-02 5.697151e+00 -7.992463e-02 9.879643e-01 1.324335e-01 5.609104e-01 7.145025e-02 -1.268386e-01 9.893467e-01 1.282573e+01
9.950619e-01 -9.708861e-02 -2.063178e-02 5.682346e+00 9.472848e-02 9.909912e-01 -9.467256e-02 5.642915e-01 2.963754e-02 9.225064e-02 9.952946e-01 1.279637e+01
9.931370e-01 7.890742e-02 -8.632757e-02 5.707704e+00 -6.558281e-02 9.868754e-01 1.475666e-01 5.684971e-01 9.683866e-02 -1.408923e-01 9.852774e-01 1.273916e+01
9.945727e-01 -8.660140e-02 -5.766586e-02 5.745323e+00 7.989702e-02 9.907305e-01 -1.098614e-01 5.730150e-01 6.664547e-02 1.046578e-01 9.922727e-01 1.267036e+01
9.907194e-01 6.608780e-02 -1.187751e-01 5.788974e+00 -4.582831e-02 9.850852e-01 1.658522e-01 5.788383e-01 1.279644e-01 -1.588697e-01 9.789717e-01 1.258075e+01
9.923861e-01 -5.764172e-02 -1.088452e-01 5.817724e+00 4.330244e-02 9.905956e-01 -1.297890e-01 5.837551e-01 1.153028e-01 1.240875e-01 9.855494e-01 1.254533e+01
9.883554e-01 2.558631e-02 -1.499968e-01 5.901088e+00 1.845205e-03 9.836736e-01 1.799525e-01 5.898528e-01 1.521522e-01 -1.781338e-01 9.721718e-01 1.246542e+01
9.902436e-01 -2.864401e-02 -1.363713e-01 6.053717e+00 9.985807e-03 9.907156e-01 -1.355834e-01 6.000120e-01 1.389888e-01 1.328988e-01 9.813358e-01 1.224025e+01
9.920573e-01 -7.542016e-03 -1.255605e-01 6.118179e+00 3.076982e-02 9.824254e-01 1.841022e-01 6.067456e-01 1.219653e-01 -1.865034e-01 9.748543e-01 1.215250e+01
9.978152e-01 1.386034e-02 -6.459678e-02 6.130962e+00 -2.228633e-02 9.910516e-01 -1.316060e-01 6.112364e-01 6.219463e-02 1.327581e-01 9.891952e-01 1.212229e+01
9.985500e-01 -4.568165e-02 -2.847791e-02 6.150087e+00 5.007069e-02 9.824386e-01 1.797421e-01 6.141379e-01 1.976689e-02 -1.809074e-01 9.833015e-01 1.208603e+01
9.972900e-01 2.397040e-02 -6.955585e-02 6.197048e+00 -3.308323e-02 9.905669e-01 -1.329766e-01 6.179208e-01 6.571222e-02 1.349173e-01 9.886755e-01 1.201623e+01
9.974289e-01 -6.282324e-02 -3.448059e-02 6.300685e+00 6.780668e-02 9.830455e-01 1.703637e-01 6.219124e-01 2.319320e-02 -1.722636e-01 9.847778e-01 1.191858e+01
9.912040e-01 4.309745e-02 -1.251286e-01 6.459274e+00 -5.925924e-02 9.899426e-01 -1.284598e-01 6.286211e-01 1.183338e-01 1.347449e-01 9.837891e-01 1.175573e+01
9.870821e-01 -8.971911e-02 -1.327379e-01 6.670159e+00 1.094479e-01 9.826548e-01 1.497019e-01 6.393345e-01 1.170044e-01 -1.622960e-01 9.797806e-01 1.149321e+01
9.888090e-01 7.449743e-02 -1.292555e-01 6.852823e+00 -8.807257e-02 9.908057e-01 -1.026995e-01 6.494338e-01 1.204162e-01 1.129341e-01 9.862788e-01 1.124820e+01
9.923134e-01 -1.131872e-01 -5.002744e-02 6.896067e+00 1.191703e-01 9.829851e-01 1.397808e-01 6.549878e-01 3.335483e-02 -1.446681e-01 9.889179e-01 1.115381e+01
9.904561e-01 9.159820e-02 -1.029874e-01 6.976796e+00 -1.011715e-01 9.906125e-01 -9.193023e-02 6.608025e-01 9.359996e-02 1.014723e-01 9.904254e-01 1.103128e+01
9.900144e-01 -1.298759e-01 -5.480615e-02 7.075833e+00 1.359290e-01 9.825366e-01 1.270636e-01 6.663849e-01 3.734655e-02 -1.332446e-01 9.903793e-01 1.091146e+01
9.887718e-01 1.099802e-01 -1.011662e-01 7.177622e+00 -1.177600e-01 9.902486e-01 -7.443300e-02 6.717206e-01 9.199350e-02 8.551058e-02 9.920812e-01 1.079952e+01
9.875871e-01 -1.543798e-01 -2.895887e-02 7.375145e+00 1.565368e-01 9.825600e-01 1.003598e-01 6.775418e-01 1.296030e-02 -1.036472e-01 9.945297e-01 1.064919e+01
9.941006e-01 1.030010e-01 -3.398267e-02 7.680296e+00 -1.059280e-01 9.893219e-01 -1.001072e-01 6.845546e-01 2.330866e-02 1.031163e-01 9.943962e-01 1.043028e+01
9.738746e-01 -1.493388e-01 -1.710736e-01 8.021238e+00 1.656666e-01 9.824735e-01 8.544292e-02 6.961384e-01 1.553154e-01 -1.115519e-01 9.815464e-01 1.011316e+01
9.917024e-01 1.263114e-01 -2.391372e-02 8.309521e+00 -1.276355e-01 9.896336e-01 -6.583738e-02 7.064851e-01 1.534980e-02 6.834332e-02 9.975438e-01 9.838271e+00
9.753553e-01 -1.635796e-01 -1.480669e-01 8.432262e+00 1.764210e-01 9.812098e-01 7.812185e-02 7.129924e-01 1.325055e-01 -1.023187e-01 9.858870e-01 9.695069e+00
9.893409e-01 1.456147e-01 1.021025e-03 8.544010e+00 -1.454737e-01 9.886471e-01 -3.760742e-02 7.187272e-01 -6.485625e-03 3.705802e-02 9.992921e-01 9.576670e+00
9.782478e-01 -1.716297e-01 -1.165098e-01 8.672936e+00 1.791853e-01 9.821198e-01 5.773464e-02 7.236409e-01 1.045176e-01 -7.735563e-02 9.915100e-01 9.465319e+00
9.899205e-01 1.408642e-01 -1.465208e-02 8.972244e+00 -1.413696e-01 9.890391e-01 -4.261695e-02 7.321607e-01 8.488281e-03 4.425875e-02 9.989840e-01 9.227864e+00
9.602626e-01 -1.785837e-01 -2.144844e-01 9.357252e+00 1.851547e-01 9.826503e-01 1.077864e-02 7.454542e-01 2.088383e-01 -5.006313e-02 9.766679e-01 8.856362e+00
9.817993e-01 1.560178e-01 -1.082982e-01 9.753596e+00 -1.556531e-01 9.877405e-01 1.186559e-02 7.619877e-01 1.088218e-01 5.207325e-03 9.940476e-01 8.419136e+00
9.625209e-01 -1.847509e-01 -1.985462e-01 1.006727e+01 1.844016e-01 9.826390e-01 -2.041388e-02 7.761816e-01 1.988707e-01 -1.696344e-02 9.798789e-01 8.054972e+00
9.892763e-01 1.460391e-01 2.213686e-03 1.028280e+01 -1.459865e-01 9.882252e-01 4.581374e-02 7.855707e-01 4.502977e-03 -4.564562e-02 9.989475e-01 7.818332e+00
9.604999e-01 -1.751381e-01 -2.162559e-01 1.044317e+01 1.705016e-01 9.845426e-01 -4.006401e-02 7.942549e-01 2.199299e-01 1.609493e-03 9.755144e-01 7.610040e+00
9.890438e-01 1.344368e-01 -6.098396e-02 1.073987e+01 -1.304452e-01 9.893024e-01 6.530603e-02 8.072321e-01 6.911111e-02 -5.663546e-02 9.960000e-01 7.268864e+00
9.571362e-01 -1.532352e-01 -2.457828e-01 1.116081e+01 1.387591e-01 9.874609e-01 -7.527930e-02 8.225530e-01 2.542363e-01 3.794794e-02 9.663973e-01 6.855412e+00
9.939448e-01 1.057551e-01 2.982574e-02 1.150645e+01 -1.079987e-01 9.902648e-01 8.781715e-02 8.347804e-01 -2.024827e-02 -9.050654e-02 9.956900e-01 6.533893e+00
9.521788e-01 -1.376950e-01 -2.727557e-01 1.178065e+01 1.174563e-01 9.890576e-01 -8.926989e-02 8.461470e-01 2.820631e-01 5.296401e-02 9.579328e-01 6.248450e+00
9.957509e-01 7.601376e-02 5.198143e-02 1.201262e+01 -8.139215e-02 9.905176e-01 1.106806e-01 8.567202e-01 -4.307527e-02 -1.144412e-01 9.924957e-01 5.987324e+00
9.489764e-01 -1.157892e-01 -2.933199e-01 1.226806e+01 8.978672e-02 9.908612e-01 -1.006599e-01 8.679530e-01 3.022946e-01 6.918763e-02 9.507003e-01 5.691751e+00
9.968076e-01 4.225159e-02 6.774468e-02 1.251314e+01 -5.010483e-02 9.916572e-01 1.187663e-01 8.788177e-01 -6.216143e-02 -1.217815e-01 9.906085e-01 5.407400e+00
9.413402e-01 -8.263097e-02 -3.271861e-01 1.284090e+01 5.293787e-02 9.937125e-01 -9.865605e-02 8.911342e-01 3.332810e-01 7.554837e-02 9.397959e-01 5.067406e+00
9.996567e-01 1.172547e-03 2.617638e-02 1.326328e+01 -4.313420e-03 9.927333e-01 1.202577e-01 9.053420e-01 -2.584516e-02 -1.203294e-01 9.923975e-01 4.652013e+00
9.104656e-01 -4.589959e-02 -4.110300e-01 1.368492e+01 6.754756e-03 9.953404e-01 -9.618702e-02 9.223410e-01 4.135297e-01 8.479856e-02 9.065332e-01 4.190162e+00
9.978860e-01 -4.792071e-02 -4.390023e-02 1.409907e+01 5.258114e-02 9.923141e-01 1.120172e-01 9.421931e-01 3.819488e-02 -1.140887e-01 9.927361e-01 3.671492e+00
9.307064e-01 2.241638e-02 -3.650796e-01 1.447714e+01 -4.226200e-02 9.980258e-01 -4.645941e-02 9.595228e-01 3.633174e-01 5.866906e-02 9.298163e-01 3.208486e+00
9.884210e-01 -8.778745e-02 1.237627e-01 1.462336e+01 7.870859e-02 9.939628e-01 7.643851e-02 9.687883e-01 -1.297259e-01 -6.581224e-02 9.893634e-01 2.996646e+00
9.538784e-01 6.512569e-02 -2.930438e-01 1.459465e+01 -7.481377e-02 9.969557e-01 -2.196193e-02 9.736936e-01 2.907214e-01 4.287272e-02 9.558468e-01 2.976156e+00
9.926852e-01 -1.135984e-01 4.088386e-02 1.464211e+01 1.118214e-01 9.927797e-01 4.340929e-02 9.804941e-01 -4.551989e-02 -3.852007e-02 9.982205e-01 2.872700e+00
8.629687e-01 1.715880e-01 -4.752289e-01 1.464113e+01 -1.566087e-01 9.850843e-01 7.129245e-02 9.797362e-01 4.803735e-01 1.290184e-02 8.769691e-01 3.074481e+00
9.850497e-01 -1.715734e-01 1.548340e-02 1.462179e+01 1.716857e-01 9.851321e-01 -6.231446e-03 9.783768e-01 -1.418404e-02 8.796563e-03 9.998607e-01 3.340348e+00
8.998537e-01 2.448153e-01 -3.610109e-01 1.457238e+01 -1.996913e-01 9.670313e-01 1.580314e-01 9.719112e-01 3.877973e-01 -7.011437e-02 9.190741e-01 3.678851e+00
8.812089e-01 -3.113740e-02 -4.717005e-01 1.437333e+01 1.023069e-02 9.988508e-01 -4.682259e-02 9.580199e-01 4.726164e-01 3.643466e-02 8.805148e-01 4.536569e+00
9.586210e-01 1.925645e-02 -2.840335e-01 1.435108e+01 1.097414e-02 9.944686e-01 1.044594e-01 9.596705e-01 2.844739e-01 -1.032540e-01 9.531071e-01 4.885164e+00
9.997592e-01 -2.187512e-02 -1.734691e-03 1.469369e+01 2.160352e-02 9.950434e-01 -9.706694e-02 9.731850e-01 3.849444e-03 9.700609e-02 9.952763e-01 4.523085e+00
9.558952e-01 -7.432367e-03 -2.936139e-01 1.487217e+01 4.747158e-02 9.904453e-01 1.294779e-01 9.844672e-01 2.898462e-01 -1.377056e-01 9.471148e-01 4.263401e+00
9.997048e-01 2.415026e-02 2.658680e-03 1.492550e+01 -2.378861e-02 9.951928e-01 -9.500217e-02 9.924975e-01 -4.940226e-03 9.491088e-02 9.954735e-01 4.136504e+00
9.581803e-01 -5.209730e-02 -2.813830e-01 1.511264e+01 8.734171e-02 9.896113e-01 1.141968e-01 1.003326e+00 2.725104e-01 -1.339976e-01 9.527763e-01 3.875792e+00
9.931215e-01 4.704975e-02 1.072191e-01 1.529991e+01 -3.698554e-02 9.948855e-01 -9.399428e-02 1.011097e+00 -1.110932e-01 8.938219e-02 9.897824e-01 3.680169e+00
9.791233e-01 -6.859503e-02 -1.913431e-01 1.544432e+01 9.222295e-02 9.887883e-01 1.174418e-01 1.015429e+00 1.811419e-01 -1.326362e-01 9.744718e-01 3.565868e+00
9.936650e-01 4.768016e-02 1.017664e-01 1.558541e+01 -3.751518e-02 9.943240e-01 -9.956138e-02 1.019404e+00 -1.059359e-01 9.511288e-02 9.898137e-01 3.460803e+00
9.520013e-01 -6.936495e-02 -2.981308e-01 1.572990e+01 1.110614e-01 9.858878e-01 1.252623e-01 1.023981e+00 2.852347e-01 -1.523607e-01 9.462702e-01 3.365386e+00
9.967129e-01 6.580744e-02 -4.725318e-02 1.594006e+01 -6.926704e-02 9.947179e-01 -7.575180e-02 1.034814e+00 4.201855e-02 7.877588e-02 9.960064e-01 3.130111e+00
9.335766e-01 -1.091256e-01 -3.413596e-01 1.615463e+01 1.416092e-01 9.873258e-01 7.165602e-02 1.047600e+00 3.292137e-01 -1.152360e-01 9.371974e-01 2.839157e+00
9.923138e-01 9.943060e-02 -7.366679e-02 1.641743e+01 -1.017445e-01 9.944067e-01 -2.834387e-02 1.062873e+00 7.043650e-02 3.562120e-02 9.968800e-01 2.473382e+00
9.140734e-01 -1.388133e-01 -3.810521e-01 1.677533e+01 1.519683e-01 9.883752e-01 4.489054e-03 1.082348e+00 3.759993e-01 -6.201114e-02 9.245427e-01 1.983419e+00
9.895553e-01 1.078254e-01 9.567684e-02 1.703929e+01 -1.084704e-01 9.940985e-01 1.550785e-03 1.095721e+00 -9.494499e-02 -1.191269e-02 9.954112e-01 1.648423e+00
9.340386e-01 -1.370778e-01 -3.298206e-01 1.727397e+01 1.400764e-01 9.900304e-01 -1.477923e-02 1.106830e+00 3.285583e-01 -3.239570e-02 9.439279e-01 1.371139e+00
9.858079e-01 1.038189e-01 1.319261e-01 1.749816e+01 -1.073528e-01 9.940209e-01 1.994330e-02 1.116649e+00 -1.290669e-01 -3.382290e-02 9.910589e-01 1.124839e+00
9.414878e-01 -1.374542e-01 -3.077451e-01 1.772802e+01 1.345902e-01 9.904281e-01 -3.062101e-02 1.124720e+00 3.090084e-01 -1.259016e-02 9.509760e-01 9.195084e-01
9.924938e-01 8.758147e-02 8.535520e-02 1.816501e+01 -9.111332e-02 9.951002e-01 3.839336e-02 1.137504e+00 -8.157443e-02 -4.588217e-02 9.956106e-01 5.607313e-01
9.704597e-01 -1.415960e-01 -1.953419e-01 1.868405e+01 1.298342e-01 9.889311e-01 -7.182215e-02 1.146355e+00 2.033494e-01 4.433845e-02 9.781018e-01 2.473924e-01
9.679817e-01 8.119096e-02 2.375276e-01 1.899330e+01 -9.733258e-02 9.936173e-01 5.701830e-02 1.147869e+00 -2.313822e-01 -7.831185e-02 9.697059e-01 1.397211e-01
9.235060e-01 -1.293728e-01 -3.611085e-01 1.921349e+01 1.162672e-01 9.915296e-01 -5.788691e-02 1.154955e+00 3.655387e-01 1.147382e-02 9.307254e-01 -5.921083e-02
9.973174e-01 6.824874e-02 2.645959e-02 1.990582e+01 -6.996057e-02 9.950678e-01 7.032511e-02 1.172555e+00 -2.152949e-02 -7.198758e-02 9.971731e-01 -5.663226e-01
9.735321e-01 -1.899663e-01 -1.270748e-01 2.094875e+01 1.531866e-01 9.549842e-01 -2.540452e-01 1.201691e+00 1.696144e-01 2.278550e-01 9.588081e-01 -1.641851e+00
9.809388e-01 8.884896e-02 -1.728149e-01 2.138623e+01 -3.983105e-02 9.623985e-01 2.687054e-01 1.216385e+00 1.901910e-01 -2.567001e-01 9.475930e-01 -2.061069e+00
9.945461e-01 -8.463709e-02 -6.094821e-02 2.163425e+01 6.689459e-02 9.659732e-01 -2.498419e-01 1.224456e+00 8.002023e-02 2.444021e-01 9.663666e-01 -2.244725e+00
9.793665e-01 3.123670e-02 -1.996637e-01 2.200202e+01 2.609353e-02 9.601670e-01 2.782057e-01 1.238226e+00 2.004007e-01 -2.776753e-01 9.395403e-01 -2.609228e+00
9.966041e-01 -2.065373e-02 7.970994e-02 2.228882e+01 4.088379e-02 9.643970e-01 -2.612793e-01 1.245626e+00 -7.147564e-02 2.636509e-01 9.619664e-01 -2.820485e+00
9.501235e-01 -8.482851e-04 -3.118728e-01 2.264296e+01 8.831981e-02 9.597919e-01 2.664565e-01 1.258743e+00 2.991070e-01 -2.807112e-01 9.119958e-01 -3.180000e+00
9.815828e-01 4.027492e-02 -1.867433e-01 2.308490e+01 -8.314972e-02 9.701439e-01 -2.278307e-01 1.280017e+00 1.719921e-01 2.391624e-01 9.556255e-01 -3.739406e+00
8.895840e-01 -1.270944e-01 -4.387338e-01 2.332976e+01 2.049238e-01 9.694695e-01 1.346667e-01 1.293494e+00 4.082236e-01 -2.097043e-01 8.884692e-01 -4.025092e+00
9.267416e-01 1.714853e-01 -3.342796e-01 2.349184e+01 -2.037390e-01 9.769533e-01 -6.365995e-02 1.311266e+00 3.156588e-01 1.271021e-01 9.403215e-01 -4.248883e+00
9.665727e-01 -2.559495e-01 -1.506713e-02 2.376481e+01 2.562925e-01 9.628829e-01 8.467999e-02 1.321285e+00 -7.165923e-03 -8.571096e-02 9.962943e-01 -4.482329e+00
9.329258e-01 2.466841e-01 -2.622907e-01 2.389384e+01 -2.426910e-01 9.689130e-01 4.804903e-02 1.325949e+00 2.659898e-01 1.882940e-02 9.637919e-01 -4.532164e+00
9.565771e-01 -2.875649e-01 4.760896e-02 2.407436e+01 2.878759e-01 9.576677e-01 3.390780e-04 1.331027e+00 -4.569107e-02 1.338112e-02 9.988660e-01 -4.634986e+00
8.988628e-01 2.544316e-01 -3.568056e-01 2.429124e+01 -2.172073e-01 9.658127e-01 1.415160e-01 1.340653e+00 3.806135e-01 -4.970274e-02 9.233975e-01 -4.847909e+00
9.630498e-01 -2.686271e-01 -1.935215e-02 2.459843e+01 2.647858e-01 9.575115e-01 -1.142813e-01 1.356470e+00 4.922896e-02 1.049344e-01 9.932599e-01 -5.240181e+00
9.204489e-01 2.283819e-01 -3.171997e-01 2.496642e+01 -1.629285e-01 9.618557e-01 2.197449e-01 1.373373e+00 3.552861e-01 -1.505831e-01 9.225489e-01 -5.690747e+00
9.134737e-01 -2.101213e-01 -3.484463e-01 2.555320e+01 1.189818e-01 9.568551e-01 -2.650880e-01 1.406950e+00 3.891133e-01 2.006921e-01 8.990626e-01 -6.573921e+00
9.880330e-01 1.067434e-01 1.113402e-01 2.611106e+01 -1.391423e-01 9.283242e-01 3.447515e-01 1.405584e+00 -6.655989e-02 -3.561180e-01 9.320675e-01 -6.615041e+00
9.746499e-01 -1.481402e-01 -1.676667e-01 2.649609e+01 1.087237e-01 9.685631e-01 -2.237513e-01 1.387714e+00 1.955423e-01 1.998499e-01 9.601163e-01 -6.221667e+00
9.720000e-01 7.280493e-02 -2.234175e-01 2.690071e+01 -1.205884e-02 9.649930e-01 2.619985e-01 1.406288e+00 2.346711e-01 -2.519683e-01 9.388511e-01 -6.714989e+00
9.788527e-01 -5.351809e-02 -1.974418e-01 2.729550e+01 6.096954e-03 9.723754e-01 -2.333430e-01 1.424501e+00 2.044756e-01 2.272046e-01 9.521385e-01 -7.198103e+00
9.989538e-01 -3.957025e-02 -2.292481e-02 2.761727e+01 4.404025e-02 9.674690e-01 2.491267e-01 1.435483e+00 1.232104e-02 -2.498757e-01 9.681995e-01 -7.512124e+00
9.735697e-01 8.818412e-03 -2.282199e-01 2.787832e+01 -5.913387e-02 9.749124e-01 -2.145902e-01 1.446244e+00 2.206021e-01 2.224141e-01 9.496666e-01 -7.784562e+00
9.951195e-01 -9.266754e-02 3.390906e-02 2.797923e+01 8.092795e-02 9.630497e-01 2.568771e-01 1.453306e+00 -5.646028e-02 -2.528793e-01 9.658490e-01 -7.925134e+00
9.701512e-01 3.081821e-02 -2.405348e-01 2.824670e+01 -8.465984e-02 9.725257e-01 -2.168557e-01 1.462164e+00 2.272431e-01 2.307465e-01 9.461060e-01 -8.166283e+00
9.947809e-01 -8.030667e-02 -6.294256e-02 2.917238e+01 9.205941e-02 9.724270e-01 2.142680e-01 1.487472e+00 4.399989e-02 -2.189441e-01 9.747448e-01 -9.006827e+00
9.574281e-01 1.379524e-01 -2.535754e-01 3.139536e+01 -2.341176e-01 8.849711e-01 -4.025110e-01 1.556374e+00 1.688795e-01 4.447419e-01 8.795933e-01 -1.162648e+01
