9.999553e-01 -2.672426e-03 -9.065399e-03 1.311317e-01 2.693579e-03 9.999937e-01 2.321896e-03 4.904768e-04 9.059137e-03 -2.346211e-03 9.999562e-01 -3.601715e-01
9.999991e-01 6.825574e-06 -1.343824e-03 3.249340e-01 -6.756897e-06 1.000000e+00 5.108863e-05 -2.707387e-04 1.343825e-03 -5.107879e-05 9.999991e-01 -7.137196e-01
9.999656e-01 -2.512697e-03 -7.908067e-03 4.466863e-01 2.530582e-03 9.999943e-01 2.252371e-03 1.792628e-03 7.902362e-03 -2.272306e-03 9.999662e-01 -1.090130e+00
9.999991e-01 9.523874e-04 -9.022325e-04 4.798668e-01 -9.519520e-04 9.999994e-01 4.828135e-04 -9.513453e-04 9.026922e-04 -4.819535e-04 9.999995e-01 -1.149117e+00
9.999490e-01 -4.862146e-03 -8.857551e-03 7.728269e-01 4.871070e-03 9.999876e-01 9.862918e-04 7.564814e-03 8.852646e-03 -1.029388e-03 9.999603e-01 -1.995207e+00
9.999982e-01 1.881837e-03 -3.492641e-04 9.633216e-01 -1.881354e-03 9.999973e-01 1.379816e-03 8.980220e-03 3.518601e-04 -1.379155e-03 9.999990e-01 -2.431780e+00
9.999342e-01 -2.147293e-03 -1.127009e-02 1.023751e+00 2.182939e-03 9.999927e-01 3.151557e-03 -8.223584e-03 1.126324e-02 -3.175953e-03 9.999315e-01 -1.766556e+00
9.999979e-01 2.014444e-03 2.726573e-04 1.084331e+00 -2.014779e-03 9.999972e-01 1.234368e-03 -2.430882e-02 -2.701696e-04 -1.234914e-03 9.999992e-01 -1.119202e+00
9.999309e-01 -1.943142e-03 -1.159715e-02 1.127801e+00 1.974788e-03 9.999944e-01 2.717960e-03 -3.888391e-02 1.159181e-02 -2.740675e-03 9.999291e-01 -5.472156e-01
9.999991e-01 1.235303e-03 5.755659e-04 1.189806e+00 -1.235887e-03 9.999987e-01 1.015533e-03 -5.195329e-02 -5.743103e-04 -1.016243e-03 9.999993e-01 -1.384334e-01
9.999334e-01 -2.892177e-03 -1.117428e-02 1.285240e+00 2.917676e-03 9.999932e-01 2.266286e-03 -5.659586e-02 1.116765e-02 -2.298739e-03 9.999350e-01 -1.653347e-01
9.999982e-01 1.811440e-03 4.845741e-04 1.344799e+00 -1.812097e-03 9.999974e-01 1.358727e-03 -6.712018e-02 -4.821113e-04 -1.359602e-03 9.999990e-01 1.019824e-01
9.999047e-01 -4.324942e-03 -1.311182e-02 1.665591e+00 4.340807e-03 9.999899e-01 1.181760e-03 -6.733746e-02 1.310658e-02 -1.238564e-03 9.999133e-01 -4.066582e-01
9.999967e-01 1.154317e-03 2.316408e-03 1.994676e+00 -1.156066e-03 9.999990e-01 7.537625e-04 -6.536812e-02 -2.315536e-03 -7.564371e-04 9.999970e-01 -9.920509e-01
9.999202e-01 -2.924533e-03 -1.228978e-02 2.108579e+00 2.953547e-03 9.999929e-01 2.343394e-03 -7.060241e-02 1.228284e-02 -2.379506e-03 9.999217e-01 -1.069832e+00
9.999971e-01 9.280377e-04 2.201561e-03 2.270506e+00 -9.305268e-04 9.999989e-01 1.129875e-03 -7.742101e-02 -2.200509e-03 -1.131920e-03 9.999969e-01 -1.129253e+00
9.999138e-01 -2.810887e-03 -1.282354e-02 2.432658e+00 2.846926e-03 9.999920e-01 2.793009e-03 -8.940239e-02 1.281559e-02 -2.829277e-03 9.999139e-01 -9.008251e-01
9.999959e-01 2.934981e-04 2.834319e-03 2.478938e+00 -2.946397e-04 9.999999e-01 4.024033e-04 -9.321296e-02 -2.834200e-03 -4.032361e-04 9.999959e-01 -8.428508e-01
9.999141e-01 -4.041779e-03 -1.246656e-02 2.481895e+00 4.070492e-03 9.999891e-01 2.278703e-03 -8.934488e-02 1.245721e-02 -2.329253e-03 9.999197e-01 -1.054485e+00
9.999911e-01 4.169879e-03 6.249660e-04 2.514451e+00 -4.171725e-03 9.999869e-01 2.981619e-03 -1.117587e-01 -6.125245e-04 -2.984199e-03 9.999954e-01 9.934069e-02
9.999182e-01 -4.738660e-03 -1.187732e-02 2.566518e+00 4.753709e-03 9.999879e-01 1.239198e-03 -1.277786e-01 1.187131e-02 -1.295559e-03 9.999287e-01 7.413378e-01
9.999881e-01 4.869071e-03 4.138766e-04 2.610169e+00 -4.870426e-03 9.999826e-01 3.338897e-03 -1.457206e-01 -3.976117e-04 -3.340873e-03 9.999943e-01 1.554164e+00
9.999049e-01 -7.515172e-03 -1.156711e-02 2.944932e+00 7.508461e-03 9.999716e-01 -6.234788e-04 -1.458385e-01 1.157146e-02 5.365676e-04 9.999329e-01 1.033989e+00
9.999870e-01 5.086520e-03 -3.715562e-04 3.222692e+00 -5.085164e-03 9.999807e-01 3.562672e-03 -1.510241e-01 3.896710e-04 -3.560736e-03 9.999936e-01 8.429824e-01
9.999179e-01 -6.160613e-03 -1.123936e-02 3.334280e+00 6.167577e-03 9.999808e-01 5.850628e-04 -1.630973e-01 1.123554e-02 -6.543350e-04 9.999367e-01 1.182269e+00
9.999981e-01 1.922222e-03 -1.474400e-04 3.885419e+00 -1.921983e-03 9.999969e-01 1.602207e-03 -1.581852e-01 1.505197e-04 -1.601920e-03 9.999987e-01 2.191173e-01
9.999012e-01 -6.815088e-03 -1.229142e-02 4.486273e+00 6.818278e-03 9.999767e-01 2.176528e-04 -1.486786e-01 1.228965e-02 -3.014383e-04 9.999244e-01 -9.469130e-01
9.999948e-01 2.918999e-03 1.372686e-03 4.920888e+00 -2.921147e-03 9.999945e-01 1.565531e-03 -1.430129e-01 -1.368108e-03 -1.569532e-03 9.999978e-01 -1.846199e+00
9.998628e-01 -7.648525e-03 -1.469585e-02 5.595483e+00 7.655044e-03 9.999706e-01 3.874523e-04 -1.350754e-01 1.469246e-02 -4.998972e-04 9.998919e-01 -3.040824e+00
9.999908e-01 3.565088e-03 2.374599e-03 6.111035e+00 -3.568979e-03 9.999923e-01 1.636565e-03 -1.313851e-01 -2.368746e-03 -1.645024e-03 9.999958e-01 -3.892095e+00
9.998999e-01 -4.746937e-03 -1.332681e-02 6.247830e+00 4.779624e-03 9.999856e-01 2.421957e-03 -1.448764e-01 1.331512e-02 -2.485412e-03 9.999083e-01 -3.562254e+00
9.999902e-01 3.854879e-03 2.187435e-03 6.365438e+00 -3.859247e-03 9.999906e-01 1.996172e-03 -1.586956e-01 -2.179719e-03 -2.004593e-03 9.999956e-01 -3.158657e+00
9.999109e-01 -3.858457e-03 -1.278024e-02 6.418196e+00 3.895368e-03 9.999883e-01 2.864511e-03 -1.782865e-01 1.276904e-02 -2.914040e-03 9.999142e-01 -2.293108e+00
9.999915e-01 3.837534e-03 1.529054e-03 6.462300e+00 -3.840714e-03 9.999905e-01 2.082530e-03 -1.999778e-01 -1.521047e-03 -2.088384e-03 9.999967e-01 -1.248089e+00
9.999037e-01 -3.763395e-03 -1.335602e-02 6.515591e+00 3.791804e-03 9.999906e-01 2.102368e-03 -2.177636e-01 1.334798e-02 -2.152810e-03 9.999086e-01 -5.072786e-01
9.999910e-01 3.761970e-03 1.948597e-03 6.575792e+00 -3.766209e-03 9.999905e-01 2.176021e-03 -2.355859e-01 -1.940392e-03 -2.183340e-03 9.999957e-01 2.139732e-01
9.998995e-01 -3.757417e-03 -1.366928e-02 6.634362e+00 3.786959e-03 9.999905e-01 2.135955e-03 -2.542094e-01 1.366112e-02 -2.187506e-03 9.999043e-01 9.961411e-01
9.999923e-01 3.327544e-03 2.086213e-03 6.711579e+00 -3.331435e-03 9.999927e-01 1.864481e-03 -2.683172e-01 -2.079993e-03 -1.871416e-03 9.999961e-01 1.454010e+00
9.999081e-01 -3.206032e-03 -1.316912e-02 6.763947e+00 3.235478e-03 9.999923e-01 2.215338e-03 -2.846977e-01 1.316191e-02 -2.257743e-03 9.999108e-01 2.114798e+00
9.999926e-01 3.302135e-03 1.997724e-03 6.797127e+00 -3.306987e-03 9.999916e-01 2.430295e-03 -3.033297e-01 -1.989681e-03 -2.436883e-03 9.999951e-01 3.017351e+00
9.999036e-01 -3.203670e-03 -1.350994e-02 6.845764e+00 3.226867e-03 9.999934e-01 1.695579e-03 -3.201971e-01 1.350442e-02 -1.739011e-03 9.999073e-01 3.728055e+00
9.999932e-01 2.896466e-03 2.270711e-03 6.915660e+00 -2.901748e-03 9.999931e-01 2.326410e-03 -3.359700e-01 -2.263957e-03 -2.332983e-03 9.999947e-01 4.290297e+00
9.998996e-01 -3.428969e-03 -1.374625e-02 6.983063e+00 3.449109e-03 9.999930e-01 1.441697e-03 -3.477345e-01 1.374121e-02 -1.488965e-03 9.999045e-01 4.643854e+00
9.999907e-01 2.793227e-03 3.294419e-03 7.012117e+00 -2.799453e-03 9.999943e-01 1.886694e-03 -3.574681e-01 -3.289129e-03 -1.895898e-03 9.999928e-01 4.938107e+00
9.999038e-01 -4.314127e-03 -1.318590e-02 7.058658e+00 4.327643e-03 9.999901e-01 9.966889e-04 -3.627640e-01 1.318147e-02 -1.053658e-03 9.999126e-01 4.961528e+00
9.999894e-01 4.149210e-03 1.999688e-03 7.118719e+00 -4.155248e-03 9.999868e-01 3.024990e-03 -3.781282e-01 -1.987110e-03 -3.033266e-03 9.999934e-01 5.543744e+00
9.999026e-01 -4.403698e-03 -1.324239e-02 7.193795e+00 4.417546e-03 9.999897e-01 1.016718e-03 -3.923490e-01 1.323777e-02 -1.075118e-03 9.999118e-01 6.045373e+00
9.999921e-01 3.279363e-03 2.249077e-03 7.281704e+00 -3.284855e-03 9.999916e-01 2.442385e-03 -3.999343e-01 -2.241049e-03 -2.449753e-03 9.999945e-01 6.144143e+00
9.999113e-01 -3.475068e-03 -1.285665e-02 7.343765e+00 3.493813e-03 9.999929e-01 1.435831e-03 -4.137354e-01 1.285156e-02 -1.480623e-03 9.999163e-01 6.609189e+00
9.999945e-01 3.127998e-03 1.084493e-03 7.404578e+00 -3.130762e-03 9.999918e-01 2.556233e-03 -4.268312e-01 -1.076488e-03 -2.559614e-03 9.999961e-01 7.082719e+00
9.999217e-01 -3.241712e-03 -1.208806e-02 7.454444e+00 3.258495e-03 9.999938e-01 1.368967e-03 -4.411722e-01 1.208355e-02 -1.408250e-03 9.999260e-01 7.616202e+00
9.999974e-01 1.114215e-03 1.975726e-03 7.461909e+00 -1.117450e-03 9.999980e-01 1.637315e-03 -4.425208e-01 -1.973897e-03 -1.639518e-03 9.999967e-01 7.519973e+00
9.999161e-01 -1.801270e-03 -1.283111e-02 7.525663e+00 1.827178e-03 9.999963e-01 2.007789e-03 -4.534373e-01 1.282745e-02 -2.031066e-03 9.999157e-01 7.828305e+00
9.999964e-01 9.629512e-04 2.498731e-03 7.556748e+00 -9.668599e-04 9.999983e-01 1.563600e-03 -4.649655e-01 -2.497220e-03 -1.566010e-03 9.999957e-01 8.213133e+00
9.999000e-01 -2.018043e-03 -1.399427e-02 7.553187e+00 2.042994e-03 9.999963e-01 1.768880e-03 -4.706258e-01 1.399065e-02 -1.797294e-03 9.999005e-01 8.444216e+00
9.999890e-01 1.234918e-03 4.525220e-03 7.549292e+00 -1.242801e-03 9.999977e-01 1.739857e-03 -4.799289e-01 -4.523061e-03 -1.745461e-03 9.999882e-01 8.812932e+00
9.998962e-01 -2.818408e-03 -1.413140e-02 7.307582e+00 2.835048e-03 9.999953e-01 1.157599e-03 -4.734320e-01 1.412807e-02 -1.197543e-03 9.998995e-01 9.123965e+00
9.999918e-01 2.579237e-03 3.120266e-03 7.317319e+00 -2.587388e-03 9.999932e-01 2.611070e-03 -4.853365e-01 -3.113510e-03 -2.619121e-03 9.999917e-01 9.625237e+00
9.999055e-01 -4.548289e-03 -1.297680e-02 7.346211e+00 4.548220e-03 9.999897e-01 -3.485173e-05 -4.857386e-01 1.297682e-02 -2.417355e-05 9.999158e-01 9.494484e+00
9.999836e-01 -5.884585e-05 5.722201e-03 7.479526e+00 5.399220e-05 9.999996e-01 8.484001e-04 -4.704795e-01 -5.722249e-03 -8.480766e-04 9.999833e-01 8.571640e+00
9.998990e-01 -5.586067e-03 -1.307180e-02 7.535421e+00 5.582506e-03 9.999844e-01 -3.088207e-04 -4.502230e-01 1.307332e-02 2.358154e-04 9.999145e-01 7.545966e+00
9.999931e-01 2.803577e-03 2.420511e-03 7.661639e+00 -2.808942e-03 9.999936e-01 2.216009e-03 -4.476446e-01 -2.414283e-03 -2.222792e-03 9.999946e-01 7.089852e+00
9.999233e-01 -6.149962e-03 -1.075002e-02 7.814448e+00 6.141308e-03 9.999808e-01 -8.378211e-04 -4.404249e-01 1.075496e-02 7.717370e-04 9.999419e-01 6.451611e+00
9.999920e-01 3.061432e-03 2.560764e-03 7.864699e+00 -3.069125e-03 9.999908e-01 3.005761e-03 -4.371543e-01 -2.551538e-03 -3.013595e-03 9.999922e-01 6.061186e+00
9.998951e-01 -2.894985e-03 -1.419012e-02 7.896682e+00 2.914420e-03 9.999948e-01 1.349117e-03 -4.549827e-01 1.418614e-02 -1.390332e-03 9.998984e-01 6.879659e+00
9.999890e-01 2.368824e-03 4.040723e-03 7.889365e+00 -2.377428e-03 9.999949e-01 2.125921e-03 -4.640491e-01 -4.035666e-03 -2.135504e-03 9.999896e-01 7.258820e+00
9.998968e-01 -2.825393e-03 -1.408307e-02 7.894374e+00 2.842125e-03 9.999953e-01 1.168272e-03 -4.728698e-01 1.407970e-02 -1.208178e-03 9.999001e-01 7.546550e+00
9.999902e-01 3.050620e-03 3.203910e-03 7.919442e+00 -3.058768e-03 9.999921e-01 2.541388e-03 -4.850750e-01 -3.196131e-03 -2.551162e-03 9.999916e-01 8.042574e+00
9.998971e-01 -3.202101e-03 -1.398145e-02 7.935907e+00 3.212639e-03 9.999946e-01 7.313504e-04 -4.953807e-01 1.397903e-02 -7.761931e-04 9.999020e-01 8.381173e+00
9.999908e-01 2.839695e-03 3.225407e-03 7.944015e+00 -2.848068e-03 9.999926e-01 2.594525e-03 -5.056415e-01 -3.218015e-03 -2.603686e-03 9.999914e-01 8.730640e+00
9.998839e-01 -2.730654e-03 -1.499088e-02 7.993431e+00 2.752310e-03 9.999952e-01 1.424135e-03 -5.220315e-01 1.498691e-02 -1.465230e-03 9.998866e-01 9.385203e+00
9.999896e-01 2.642823e-03 3.724165e-03 8.034983e+00 -2.652245e-03 9.999933e-01 2.527466e-03 -5.367226e-01 -3.717460e-03 -2.537317e-03 9.999899e-01 9.914428e+00
9.998918e-01 -2.400206e-03 -1.451205e-02 8.059179e+00 2.420517e-03 9.999961e-01 1.382255e-03 -5.507262e-01 1.450867e-02 -1.417232e-03 9.998937e-01 1.051824e+01
9.999915e-01 2.191361e-03 3.489273e-03 8.091649e+00 -2.199163e-03 9.999951e-01 2.233750e-03 -5.636081e-01 -3.484361e-03 -2.241404e-03 9.999914e-01 1.096699e+01
9.998861e-01 -2.186129e-03 -1.493587e-02 8.144072e+00 2.215400e-03 9.999957e-01 1.943521e-03 -5.815312e-01 1.493156e-02 -1.976389e-03 9.998866e-01 1.170551e+01
9.999906e-01 2.033082e-03 3.829212e-03 8.201971e+00 -2.040596e-03 9.999960e-01 1.959501e-03 -5.967419e-01 -3.825213e-03 -1.967296e-03 9.999907e-01 1.223242e+01
9.998801e-01 -2.182504e-03 -1.532948e-02 8.262832e+00 2.210551e-03 9.999959e-01 1.812877e-03 -6.097455e-01 1.532546e-02 -1.846547e-03 9.998809e-01 1.265469e+01
9.999847e-01 2.237836e-03 5.067887e-03 8.305021e+00 -2.249275e-03 9.999949e-01 2.252635e-03 -6.246223e-01 -5.062820e-03 -2.263999e-03 9.999846e-01 1.323253e+01
9.998748e-01 -1.938187e-03 -1.570501e-02 8.321488e+00 1.976997e-03 9.999950e-01 2.456102e-03 -6.425158e-01 1.570018e-02 -2.486844e-03 9.998737e-01 1.417907e+01
9.999897e-01 1.825373e-03 4.159337e-03 8.342699e+00 -1.830529e-03 9.999976e-01 1.236115e-03 -6.558027e-01 -4.157070e-03 -1.243716e-03 9.999906e-01 1.467384e+01
9.998947e-01 -3.987847e-03 -1.395530e-02 8.398956e+00 4.002503e-03 9.999915e-01 1.022465e-03 -6.543177e-01 1.395111e-02 -1.078214e-03 9.999021e-01 1.437554e+01
9.999842e-01 2.213382e-03 5.171001e-03 8.438608e+00 -2.223004e-03 9.999958e-01 1.855842e-03 -6.579690e-01 -5.166871e-03 -1.867307e-03 9.999849e-01 1.430742e+01
9.998662e-01 -2.588655e-03 -1.615023e-02 8.485102e+00 2.616227e-03 9.999952e-01 1.686366e-03 -6.695978e-01 1.614578e-02 -1.728394e-03 9.998682e-01 1.465822e+01
9.999825e-01 2.512894e-03 5.361236e-03 8.522518e+00 -2.523237e-03 9.999950e-01 1.923359e-03 -6.818224e-01 -5.356376e-03 -1.936853e-03 9.999838e-01 1.508084e+01
9.998563e-01 -3.508306e-03 -1.658532e-02 8.598265e+00 3.536074e-03 9.999924e-01 1.645219e-03 -6.887433e-01 1.657943e-02 -1.703630e-03 9.998611e-01 1.516214e+01
9.999778e-01 2.854867e-03 6.022363e-03 8.671648e+00 -2.867277e-03 9.999938e-01 2.053134e-03 -6.998864e-01 -6.016464e-03 -2.070355e-03 9.999798e-01 1.539824e+01
9.998393e-01 -3.327650e-03 -1.761790e-02 8.748163e+00 3.358508e-03 9.999929e-01 1.722231e-03 -7.127222e-01 1.761204e-02 -1.781125e-03 9.998433e-01 1.576997e+01
9.999696e-01 2.929007e-03 7.219991e-03 8.819805e+00 -2.942876e-03 9.999938e-01 1.911177e-03 -7.267203e-01 -7.214349e-03 -1.932366e-03 9.999721e-01 1.616182e+01
9.998276e-01 -2.741565e-03 -1.836526e-02 8.856461e+00 2.784941e-03 9.999934e-01 2.336703e-03 -7.442698e-01 1.835873e-02 -2.387447e-03 9.998286e-01 1.698770e+01
9.999726e-01 2.751406e-03 6.869004e-03 8.906463e+00 -2.763133e-03 9.999947e-01 1.698412e-03 -7.606098e-01 -6.864294e-03 -1.717345e-03 9.999750e-01 1.763088e+01
9.998121e-01 -4.279494e-03 -1.890395e-02 9.092497e+00 4.297294e-03 9.999904e-01 9.010870e-04 -7.637850e-01 1.889991e-02 -9.821541e-04 9.998209e-01 1.737874e+01
9.999600e-01 2.149256e-03 8.685705e-03 9.264785e+00 -2.160162e-03 9.999969e-01 1.246520e-03 -7.641619e-01 -8.682998e-03 -1.265232e-03 9.999615e-01 1.698658e+01
9.997383e-01 -7.492571e-03 -2.161631e-02 9.886943e+00 7.482010e-03 9.999718e-01 -5.693961e-04 -7.499675e-01 2.161996e-02 4.075130e-04 9.997662e-01 1.558144e+01
9.999700e-01 1.944081e-03 7.498037e-03 1.056255e+01 -1.954452e-03 9.999971e-01 1.376139e-03 -7.343804e-01 -7.495340e-03 -1.390751e-03 9.999709e-01 1.408950e+01
9.997154e-01 -8.016704e-03 -2.246932e-02 1.131312e+01 7.994312e-03 9.999675e-01 -1.086227e-03 -7.174870e-01 2.247730e-02 9.062902e-04 9.997469e-01 1.248742e+01
9.999498e-01 3.754580e-03 9.286202e-03 1.181140e+01 -3.776288e-03 9.999902e-01 2.321207e-03 -7.050391e-01 -9.277396e-03 -2.356158e-03 9.999542e-01 1.130406e+01
9.996747e-01 -9.120191e-03 -2.381764e-02 1.245345e+01 9.082797e-03 9.999573e-01 -1.677726e-03 -6.902696e-01 2.383192e-02 1.460849e-03 9.997149e-01 9.931952e+00
9.999037e-01 6.884858e-03 1.204831e-02 1.265841e+01 -6.926635e-03 9.999701e-01 3.429190e-03 -6.876414e-01 -1.202434e-02 -3.512313e-03 9.999215e-01 9.405650e+00
9.995263e-01 -1.199902e-02 -2.834132e-02 1.339544e+01 1.193016e-02 9.999255e-01 -2.597529e-03 -6.739713e-01 2.837038e-02 2.258182e-03 9.995949e-01 8.033982e+00
9.998247e-01 8.488824e-03 1.669034e-02 1.372433e+01 -8.550095e-03 9.999570e-01 3.603106e-03 -6.648910e-01 -1.665904e-02 -3.745178e-03 9.998542e-01 7.139152e+00
9.994858e-01 -1.258805e-02 -2.949186e-02 1.422660e+01 1.251337e-02 9.999180e-01 -2.715434e-03 -6.547863e-01 2.952363e-02 2.344994e-03 9.995613e-01 6.022488e+00
9.998223e-01 8.021331e-03 1.705995e-02 1.472509e+01 -8.078104e-03 9.999621e-01 3.261546e-03 -6.433649e-01 -1.703315e-02 -3.398778e-03 9.998491e-01 4.859218e+00
9.994659e-01 -1.292125e-02 -3.001600e-02 1.526934e+01 1.283990e-02 9.999134e-01 -2.901556e-03 -6.302337e-01 3.005089e-02 2.514603e-03 9.995452e-01 3.561476e+00
9.998156e-01 9.018044e-03 1.695468e-02 1.569755e+01 -9.082473e-03 9.999518e-01 3.726927e-03 -6.207298e-01 -1.692026e-02 -3.880229e-03 9.998493e-01 2.533528e+00
9.994793e-01 -1.283951e-02 -2.960267e-02 1.614178e+01 1.275828e-02 9.999143e-01 -2.931105e-03 -6.110354e-01 2.963776e-02 2.551899e-03 9.995574e-01 1.487314e+00
9.997806e-01 1.065935e-02 1.802969e-02 1.636601e+01 -1.075440e-02 9.999287e-01 5.182647e-03 -6.113897e-01 -1.797316e-02 -5.375408e-03 9.998240e-01 1.092787e+00
9.995120e-01 -1.218894e-02 -2.876211e-02 1.654343e+01 1.211405e-02 9.999228e-01 -2.776435e-03 -6.158646e-01 2.879373e-02 2.426654e-03 9.995824e-01 8.973925e-01
9.997707e-01 1.037656e-02 1.873045e-02 1.671724e+01 -1.047395e-02 9.999321e-01 5.108761e-03 -6.180732e-01 -1.867616e-02 -5.303771e-03 9.998115e-01 6.179261e-01
9.995127e-01 -1.267559e-02 -2.852378e-02 1.687736e+01 1.257728e-02 9.999143e-01 -3.623167e-03 -6.148429e-01 2.856726e-02 3.262650e-03 9.995865e-01 1.136684e-01
9.997904e-01 9.402832e-03 1.818771e-02 1.710005e+01 -9.489021e-03 9.999441e-01 4.658393e-03 -6.068268e-01 -1.814289e-02 -4.829999e-03 9.998237e-01 -6.266319e-01
9.995319e-01 -1.290474e-02 -2.773994e-02 1.725948e+01 1.280113e-02 9.999104e-01 -3.909458e-03 -5.963998e-01 2.778790e-02 3.552525e-03 9.996075e-01 -1.387645e+00
9.997395e-01 1.078620e-02 2.011321e-02 1.714377e+01 -1.089516e-02 9.999265e-01 5.315669e-03 -5.888671e-01 -2.005439e-02 -5.533421e-03 9.997836e-01 -1.603307e+00
9.994884e-01 -1.331966e-02 -2.907908e-02 1.718167e+01 1.319813e-02 9.999034e-01 -4.367315e-03 -5.806536e-01 2.913444e-02 3.981290e-03 9.995676e-01 -2.089265e+00
9.997720e-01 9.555970e-03 1.909391e-02 1.733779e+01 -9.656402e-03 9.999400e-01 5.174672e-03 -5.712641e-01 -1.904332e-02 -5.357870e-03 9.998043e-01 -2.813149e+00
9.995464e-01 -1.273984e-02 -2.728885e-02 1.741498e+01 1.263501e-02 9.999121e-01 -4.010496e-03 -5.643244e-01 2.733755e-02 3.663882e-03 9.996195e-01 -3.379587e+00
9.997727e-01 9.796078e-03 1.893403e-02 1.751054e+01 -9.901389e-03 9.999360e-01 5.476288e-03 -5.602798e-01 -1.887917e-02 -5.662516e-03 9.998057e-01 -3.857084e+00
9.995489e-01 -1.253918e-02 -2.729030e-02 1.761262e+01 1.244726e-02 9.999163e-01 -3.535313e-03 -5.580937e-01 2.733234e-02 3.194028e-03 9.996213e-01 -4.243951e+00
9.997734e-01 9.597059e-03 1.900054e-02 1.771284e+01 -9.698007e-03 9.999393e-01 5.227897e-03 -5.538678e-01 -1.894922e-02 -5.410979e-03 9.998058e-01 -4.723336e+00
9.995533e-01 -1.221986e-02 -2.727308e-02 1.775917e+01 1.213168e-02 9.999206e-01 -3.396237e-03 -5.511899e-01 2.731242e-02 3.063851e-03 9.996223e-01 -5.056156e+00
9.997915e-01 9.132995e-03 1.826247e-02 1.784506e+01 -9.221235e-03 9.999462e-01 4.753479e-03 -5.464001e-01 -1.821807e-02 -4.920890e-03 9.998219e-01 -5.538038e+00
9.995581e-01 -1.297423e-02 -2.674278e-02 1.798377e+01 1.287317e-02 9.999093e-01 -3.947949e-03 -5.360356e-01 2.679158e-02 3.601940e-03 9.996346e-01 -6.308099e+00
9.998055e-01 8.843109e-03 1.762882e-02 1.813212e+01 -8.925194e-03 9.999497e-01 4.583075e-03 -5.245746e-01 -1.758741e-02 -4.739523e-03 9.998341e-01 -7.103276e+00
9.995606e-01 -1.298137e-02 -2.664758e-02 1.831653e+01 1.288112e-02 9.999093e-01 -3.930232e-03 -5.127641e-01 2.669619e-02 3.585254e-03 9.996372e-01 -7.960921e+00
9.998244e-01 9.398371e-03 1.621440e-02 1.856266e+01 -9.471107e-03 9.999454e-01 4.415010e-03 -5.056472e-01 -1.617202e-02 -4.567802e-03 9.998588e-01 -8.746234e+00
9.995687e-01 -1.271603e-02 -2.647232e-02 1.877714e+01 1.263070e-02 9.999145e-01 -3.388064e-03 -4.979703e-01 2.651314e-02 3.052238e-03 9.996438e-01 -9.496936e+00
9.998045e-01 8.665018e-03 1.777336e-02 1.894434e+01 -8.738992e-03 9.999535e-01 4.088651e-03 -4.868403e-01 -1.773710e-02 -4.243172e-03 9.998337e-01 -1.031426e+01
9.995569e-01 -1.247361e-02 -2.702520e-02 1.911599e+01 1.238772e-02 9.999177e-01 -3.343073e-03 -4.775482e-01 2.706467e-02 3.006810e-03 9.996292e-01 -1.107823e+01
9.997182e-01 1.036873e-02 2.135527e-02 1.898839e+01 -1.048252e-02 9.999314e-01 5.222986e-03 -4.682603e-01 -2.129965e-02 -5.445370e-03 9.997583e-01 -1.126168e+01
9.995284e-01 -1.357526e-02 -2.754279e-02 1.884231e+01 1.345572e-02 9.998992e-01 -4.520816e-03 -4.500470e-01 2.760139e-02 4.148076e-03 9.996104e-01 -1.172461e+01
9.998112e-01 8.263332e-03 1.758624e-02 1.904645e+01 -8.348518e-03 9.999537e-01 4.775997e-03 -4.324978e-01 -1.754596e-02 -4.921914e-03 9.998339e-01 -1.279534e+01
9.995156e-01 -1.383163e-02 -2.787988e-02 1.927373e+01 1.370813e-02 9.998954e-01 -4.615910e-03 -4.129809e-01 2.794081e-02 4.231493e-03 9.996006e-01 -1.396036e+01
9.998123e-01 8.168987e-03 1.756583e-02 1.948647e+01 -8.256997e-03 9.999537e-01 4.943610e-03 -3.945200e-01 -1.752463e-02 -5.087722e-03 9.998335e-01 -1.506100e+01
9.994880e-01 -1.391242e-02 -2.881326e-02 1.971742e+01 1.377522e-02 9.998928e-01 -4.954560e-03 -3.746106e-01 2.887910e-02 4.555113e-03 9.995725e-01 -1.621287e+01
9.997745e-01 9.720406e-03 1.887861e-02 1.992944e+01 -9.825978e-03 9.999366e-01 5.507491e-03 -3.625431e-01 -1.882387e-02 -5.691749e-03 9.998066e-01 -1.708278e+01
9.994749e-01 -1.415787e-02 -2.914454e-02 2.018847e+01 1.401517e-02 9.998888e-01 -5.094654e-03 -3.495798e-01 2.921343e-02 4.683513e-03 9.995622e-01 -1.805436e+01
9.997663e-01 8.934146e-03 1.968569e-02 2.041761e+01 -9.040031e-03 9.999451e-01 5.296354e-03 -3.325955e-01 -1.963730e-02 -5.473075e-03 9.997922e-01 -1.913480e+01
9.994601e-01 -1.422515e-02 -2.961596e-02 2.065648e+01 1.408260e-02 9.998883e-01 -5.016376e-03 -3.159245e-01 2.968401e-02 4.596598e-03 9.995488e-01 -2.021224e+01
9.997561e-01 8.894691e-03 2.021477e-02 2.086238e+01 -9.001656e-03 9.999459e-01 5.206628e-03 -2.976510e-01 -2.016736e-02 -5.387324e-03 9.997821e-01 -2.129860e+01
9.994545e-01 -1.437167e-02 -2.973597e-02 2.107467e+01 1.422775e-02 9.998860e-01 -5.046179e-03 -2.785780e-01 2.980510e-02 4.620349e-03 9.995451e-01 -2.241550e+01
9.997491e-01 8.479188e-03 2.073275e-02 2.125291e+01 -8.584619e-03 9.999506e-01 5.001580e-03 -2.570037e-01 -2.068932e-02 -5.178307e-03 9.997725e-01 -2.355191e+01
9.994395e-01 -1.460815e-02 -3.012040e-02 2.143520e+01 1.445607e-02 9.998817e-01 -5.260652e-03 -2.323435e-01 3.019368e-02 4.822281e-03 9.995324e-01 -2.477604e+01
9.996914e-01 1.034202e-02 2.258827e-02 2.145875e+01 -1.047753e-02 9.999278e-01 5.889019e-03 -2.197770e-01 -2.252574e-02 -6.123870e-03 9.997275e-01 -2.543410e+01
9.995090e-01 -1.365244e-02 -2.820351e-02 2.130134e+01 1.352926e-02 9.998981e-01 -4.553652e-03 -2.065901e-01 2.826281e-02 4.169843e-03 9.995918e-01 -2.576983e+01
9.996821e-01 1.070417e-02 2.282902e-02 2.107859e+01 -1.083532e-02 9.999255e-01 5.629224e-03 -1.912703e-01 -2.276706e-02 -5.874794e-03 9.997235e-01 -2.605470e+01
9.994637e-01 -1.558780e-02 -2.879754e-02 2.091133e+01 1.543551e-02 9.998657e-01 -5.502909e-03 -1.729557e-01 2.887945e-02 5.055452e-03 9.995701e-01 -2.662760e+01
9.997263e-01 1.137212e-02 2.044423e-02 2.104550e+01 -1.149970e-02 9.999151e-01 6.133562e-03 -1.604413e-01 -2.037274e-02 -6.366986e-03 9.997722e-01 -2.744513e+01
9.994237e-01 -1.724657e-02 -2.923805e-02 2.126178e+01 1.707177e-02 9.998349e-01 -6.217549e-03 -1.398635e-01 2.934046e-02 5.714820e-03 9.995531e-01 -2.864312e+01
9.997474e-01 1.161738e-02 1.924046e-02 2.146688e+01 -1.174220e-02 9.999107e-01 6.387323e-03 -1.215385e-01 -1.916454e-02 -6.611634e-03 9.997945e-01 -2.973941e+01
9.994706e-01 -1.683097e-02 -2.784154e-02 2.166507e+01 1.666224e-02 9.998414e-01 -6.281310e-03 -1.053885e-01 2.794285e-02 5.814082e-03 9.995926e-01 -3.078555e+01
9.997656e-01 1.231539e-02 1.780489e-02 2.186298e+01 -1.243999e-02 9.998988e-01 6.904219e-03 -9.249839e-02 -1.771806e-02 -7.124093e-03 9.998176e-01 -3.169644e+01
9.994619e-01 -1.621361e-02 -2.851236e-02 2.207670e+01 1.604342e-02 9.998522e-01 -6.187659e-03 -8.246553e-02 2.860847e-02 5.726893e-03 9.995743e-01 -3.251042e+01
9.997237e-01 1.251531e-02 1.989756e-02 2.218168e+01 -1.265709e-02 9.998953e-01 7.015413e-03 -7.331328e-02 -1.980768e-02 -7.265319e-03 9.997774e-01 -3.318951e+01
9.994513e-01 -1.606399e-02 -2.896597e-02 2.232799e+01 1.590023e-02 9.998563e-01 -5.875098e-03 -6.645249e-02 2.905619e-02 5.411309e-03 9.995631e-01 -3.383341e+01
9.997274e-01 1.227005e-02 1.986325e-02 2.252798e+01 -1.240660e-02 9.999001e-01 6.766049e-03 -5.743479e-02 -1.977824e-02 -7.010639e-03 9.997798e-01 -3.461831e+01
9.994174e-01 -1.521385e-02 -3.055026e-02 2.270716e+01 1.508568e-02 9.998764e-01 -4.421453e-03 -6.168424e-02 3.061375e-02 3.958006e-03 9.995235e-01 -3.483485e+01
9.997259e-01 1.450508e-02 1.837613e-02 2.281266e+01 -1.468217e-02 9.998467e-01 9.538945e-03 -8.055750e-02 -1.823495e-02 -9.806131e-03 9.997856e-01 -3.405678e+01
9.994574e-01 -1.782609e-02 -2.769848e-02 2.303732e+01 1.759708e-02 9.998091e-01 -8.489778e-03 -7.343592e-02 2.784453e-02 7.997758e-03 9.995803e-01 -3.478746e+01
9.997926e-01 1.207022e-02 1.640588e-02 2.344737e+01 -1.220995e-02 9.998898e-01 8.443855e-03 -5.701981e-02 -1.630215e-02 -8.642418e-03 9.998298e-01 -3.608820e+01
9.994553e-01 -1.799493e-02 -2.766369e-02 2.382290e+01 1.775846e-02 9.998038e-01 -8.769967e-03 -3.768309e-02 2.781608e-02 8.273925e-03 9.995788e-01 -3.745291e+01
9.997531e-01 1.323756e-02 1.784944e-02 2.394415e+01 -1.340745e-02 9.998656e-01 9.432435e-03 -2.497195e-02 -1.772218e-02 -9.669421e-03 9.997962e-01 -3.824629e+01
9.995306e-01 -1.546746e-02 -2.644434e-02 2.395328e+01 1.526446e-02 9.998526e-01 -7.861186e-03 -2.048994e-02 2.656203e-02 7.453837e-03 9.996194e-01 -3.858432e+01
9.997086e-01 1.450083e-02 1.929743e-02 2.385327e+01 -1.468988e-02 9.998451e-01 9.691642e-03 -1.696914e-02 -1.915391e-02 -9.972295e-03 9.997668e-01 -3.858960e+01
9.995062e-01 -1.476140e-02 -2.773803e-02 2.383561e+01 1.457219e-02 9.998692e-01 -7.011147e-03 -2.391799e-02 2.783790e-02 6.603481e-03 9.995906e-01 -3.824737e+01
9.997463e-01 1.376048e-02 1.782951e-02 2.401456e+01 -1.392655e-02 9.998605e-01 9.223552e-03 -3.587615e-02 -1.770010e-02 -9.469516e-03 9.997985e-01 -3.815446e+01
9.994937e-01 -1.821810e-02 -2.608679e-02 2.429092e+01 1.798755e-02 9.997973e-01 -9.045270e-03 -2.482920e-02 2.624629e-02 8.571452e-03 9.996188e-01 -3.911414e+01
9.997929e-01 1.366472e-02 1.507877e-02 2.451066e+01 -1.380506e-02 9.998620e-01 9.242859e-03 -1.182634e-02 -1.495038e-02 -9.449108e-03 9.998436e-01 -4.004968e+01
9.995202e-01 -1.827195e-02 -2.501185e-02 2.474549e+01 1.804789e-02 9.997952e-01 -9.155126e-03 1.887595e-03 2.517401e-02 8.699321e-03 9.996452e-01 -4.104393e+01
9.997972e-01 1.299823e-02 1.537901e-02 2.492013e+01 -1.314299e-02 9.998699e-01 9.349749e-03 1.937480e-02 -1.525548e-02 -9.549979e-03 9.998380e-01 -4.207596e+01
9.995451e-01 -1.828612e-02 -2.398323e-02 2.505713e+01 1.806796e-02 9.997937e-01 -9.281643e-03 3.856066e-02 2.414801e-02 8.844092e-03 9.996693e-01 -4.309345e+01
9.997935e-01 1.382981e-02 1.489066e-02 2.518973e+01 -1.397483e-02 9.998555e-01 9.679760e-03 5.287061e-02 -1.475464e-02 -9.885855e-03 9.998423e-01 -4.392147e+01
9.995867e-01 -1.792313e-02 -2.247842e-02 2.528768e+01 1.772031e-02 9.998008e-01 -9.189636e-03 6.681346e-02 2.263865e-02 8.787512e-03 9.997051e-01 -4.471831e+01
9.998218e-01 1.304213e-02 1.364523e-02 2.543355e+01 -1.317188e-02 9.998685e-01 9.463081e-03 8.295560e-02 -1.352001e-02 -9.641128e-03 9.998621e-01 -4.564841e+01
9.995994e-01 -1.716910e-02 -2.250178e-02 2.555642e+01 1.696838e-02 9.998148e-01 -9.081021e-03 9.600171e-02 2.265353e-02 8.695564e-03 9.997056e-01 -4.643406e+01
9.998001e-01 1.324899e-02 1.497613e-02 2.563167e+01 -1.339639e-02 9.998624e-01 9.785324e-03 1.086946e-01 -1.484443e-02 -9.983993e-03 9.998400e-01 -4.712176e+01
9.996238e-01 -1.656353e-02 -2.186240e-02 2.564973e+01 1.636989e-02 9.998254e-01 -9.006859e-03 1.208322e-01 2.200777e-02 8.645585e-03 9.997204e-01 -4.766623e+01
9.998015e-01 1.357924e-02 1.458231e-02 2.569748e+01 -1.373335e-02 9.998503e-01 1.052098e-02 1.255607e-01 -1.443726e-02 -1.071915e-02 9.998383e-01 -4.807986e+01
9.995852e-01 -1.643098e-02 -2.365359e-02 2.582089e+01 1.621941e-02 9.998270e-01 -9.108904e-03 1.318428e-01 2.379917e-02 8.721477e-03 9.996787e-01 -4.865089e+01
9.998139e-01 1.240616e-02 1.477204e-02 2.596267e+01 -1.255211e-02 9.998729e-01 9.828400e-03 1.437945e-01 -1.464823e-02 -1.001199e-02 9.998426e-01 -4.944763e+01
9.996572e-01 -1.532817e-02 -2.122371e-02 2.595449e+01 1.515502e-02 9.998507e-01 -8.295137e-03 1.483958e-01 2.134769e-02 7.970648e-03 9.997403e-01 -4.980871e+01
9.997902e-01 1.410935e-02 1.484919e-02 2.579896e+01 -1.426510e-02 9.998438e-01 1.043579e-02 1.526664e-01 -1.469962e-02 -1.064542e-02 9.998353e-01 -4.979927e+01
9.997040e-01 -1.540489e-02 -1.883270e-02 2.540419e+01 1.523471e-02 9.998421e-01 -9.146872e-03 1.795404e-01 1.897064e-02 8.857253e-03 9.997808e-01 -4.968049e+01
9.996953e-01 1.419480e-02 2.019414e-02 2.486265e+01 -1.439628e-02 9.998477e-01 9.867092e-03 2.272468e-01 -2.005101e-02 -1.015481e-02 9.997474e-01 -4.929570e+01
9.995148e-01 -1.825404e-02 -2.523697e-02 2.468904e+01 1.800928e-02 9.997889e-01 -9.891978e-03 2.520450e-01 2.541221e-02 9.432679e-03 9.996326e-01 -4.989331e+01
9.998415e-01 1.188110e-02 1.326152e-02 2.497386e+01 -1.201695e-02 9.998756e-01 1.021184e-02 2.722461e-01 -1.313854e-02 -1.036959e-02 9.998599e-01 -5.113093e+01
9.996247e-01 -1.607620e-02 -2.218329e-02 2.512202e+01 1.586885e-02 9.998290e-01 -9.491783e-03 2.837796e-01 2.233209e-02 9.136197e-03 9.997089e-01 -5.191877e+01
9.997604e-01 1.160275e-02 1.856206e-02 2.479024e+01 -1.178664e-02 9.998822e-01 9.828232e-03 3.106965e-01 -1.844584e-02 -1.004466e-02 9.997794e-01 -5.230259e+01
9.995339e-01 -1.556281e-02 -2.626368e-02 2.469574e+01 1.533003e-02 9.998416e-01 -9.041353e-03 3.266025e-01 2.640023e-02 8.634516e-03 9.996142e-01 -5.282458e+01
9.997774e-01 1.127846e-02 1.782909e-02 2.482753e+01 -1.144939e-02 9.998892e-01 9.514181e-03 3.404072e-01 -1.771981e-02 -9.716196e-03 9.997958e-01 -5.365341e+01
9.995103e-01 -1.649560e-02 -2.659125e-02 2.499281e+01 1.624903e-02 9.998232e-01 -9.462070e-03 3.587835e-01 2.674263e-02 9.025353e-03 9.996016e-01 -5.468600e+01
9.997236e-01 1.221698e-02 2.008884e-02 2.495270e+01 -1.242724e-02 9.998689e-01 1.037558e-02 3.739105e-01 -1.995945e-02 -1.062236e-02 9.997444e-01 -5.526190e+01
9.995201e-01 -1.567518e-02 -2.671671e-02 2.493242e+01 1.542509e-02 9.998355e-01 -9.541315e-03 3.885900e-01 2.686187e-02 9.124628e-03 9.995975e-01 -5.585271e+01
9.997759e-01 1.052966e-02 1.836562e-02 2.508372e+01 -1.070980e-02 9.998952e-01 9.737819e-03 4.064046e-01 -1.826116e-02 -9.932328e-03 9.997839e-01 -5.684224e+01
9.995341e-01 -1.674671e-02 -2.551746e-02 2.526223e+01 1.649576e-02 9.998138e-01 -1.001352e-02 4.298777e-01 2.568040e-02 9.587923e-03 9.996242e-01 -5.807516e+01
9.998388e-01 1.001272e-02 1.490271e-02 2.554376e+01 -1.015672e-02 9.999022e-01 9.618642e-03 4.503863e-01 -1.480495e-02 -9.768454e-03 9.998427e-01 -5.937619e+01
9.995790e-01 -1.514399e-02 -2.474850e-02 2.578120e+01 1.491590e-02 9.998448e-01 -9.375062e-03 4.665602e-01 2.488663e-02 9.001968e-03 9.996497e-01 -6.046865e+01
9.998098e-01 1.116622e-02 1.598956e-02 2.590677e+01 -1.133143e-02 9.998830e-01 1.027902e-02 4.747599e-01 -1.587292e-02 -1.045825e-02 9.998193e-01 -6.114860e+01
9.995771e-01 -1.427287e-02 -2.533527e-02 2.609708e+01 1.405092e-02 9.998615e-01 -8.917027e-03 4.818260e-01 2.545903e-02 8.557272e-03 9.996392e-01 -6.185377e+01
9.997786e-01 1.324707e-02 1.635109e-02 2.625582e+01 -1.346403e-02 9.998218e-01 1.323091e-02 4.601768e-01 -1.617291e-02 -1.344813e-02 9.997788e-01 -6.117870e+01
9.994054e-01 -1.428666e-02 -3.138148e-02 2.645521e+01 1.402432e-02 9.998650e-01 -8.563844e-03 4.451437e-01 3.149959e-02 8.118647e-03 9.994708e-01 -6.065989e+01
9.997168e-01 8.916920e-03 2.206231e-02 2.668680e+01 -9.111311e-03 9.999204e-01 8.726235e-03 4.611353e-01 -2.198274e-02 -8.924780e-03 9.997185e-01 -6.173855e+01
9.993842e-01 -1.440612e-02 -3.199511e-02 2.690531e+01 1.413894e-02 9.998634e-01 -8.561355e-03 4.791526e-01 3.211407e-02 8.103706e-03 9.994514e-01 -6.283926e+01
9.996958e-01 9.553890e-03 2.273736e-02 2.705627e+01 -9.755125e-03 9.999141e-01 8.755997e-03 4.952390e-01 -2.265175e-02 -8.975139e-03 9.997031e-01 -6.374382e+01
9.993459e-01 -1.437428e-02 -3.318330e-02 2.734367e+01 1.410132e-02 9.998649e-01 -8.445365e-03 5.086128e-01 3.330021e-02 7.971913e-03 9.994136e-01 -6.477063e+01
9.996734e-01 8.789397e-03 2.399656e-02 2.758745e+01 -8.995450e-03 9.999235e-01 8.492398e-03 5.260622e-01 -2.392008e-02 -8.705484e-03 9.996760e-01 -6.588853e+01
9.993155e-01 -1.454991e-02 -3.401175e-02 2.782788e+01 1.427259e-02 9.998630e-01 -8.382121e-03 5.452722e-01 3.412905e-02 7.890947e-03 9.993863e-01 -6.705271e+01
9.996709e-01 9.525798e-03 2.381919e-02 2.804162e+01 -9.734401e-03 9.999151e-01 8.657197e-03 5.605948e-01 -2.373470e-02 -8.886213e-03 9.996788e-01 -6.804697e+01
9.993313e-01 -1.444903e-02 -3.358811e-02 2.824355e+01 1.417644e-02 9.998647e-01 -8.339548e-03 5.761564e-01 3.370407e-02 7.857811e-03 9.994010e-01 -6.902979e+01
9.996715e-01 9.825568e-03 2.367105e-02 2.839498e+01 -1.003718e-02 9.999106e-01 8.837378e-03 5.895397e-01 -2.358211e-02 -9.072065e-03 9.996807e-01 -6.985457e+01
9.994340e-01 -1.249882e-02 -3.123127e-02 2.840268e+01 1.226954e-02 9.998964e-01 -7.522123e-03 5.956255e-01 3.132205e-02 7.134673e-03 9.994839e-01 -7.023292e+01
9.996736e-01 1.021179e-02 2.341650e-02 2.837810e+01 -1.045149e-02 9.998940e-01 1.013721e-02 5.975280e-01 -2.331050e-02 -1.037864e-02 9.996744e-01 -7.039323e+01
9.994186e-01 -1.191308e-02 -3.194643e-02 2.833201e+01 1.166955e-02 9.999015e-01 -7.798928e-03 5.978374e-01 3.203620e-02 7.421593e-03 9.994592e-01 -7.047222e+01
9.996730e-01 8.241224e-03 2.420524e-02 2.833080e+01 -8.448661e-03 9.999284e-01 8.480217e-03 6.079230e-01 -2.413362e-02 -8.681946e-03 9.996710e-01 -7.105887e+01
9.993860e-01 -1.348071e-02 -3.233874e-02 2.839281e+01 1.322343e-02 9.998793e-01 -8.156473e-03 6.277961e-01 3.244479e-02 7.723836e-03 9.994437e-01 -7.196137e+01
9.995937e-01 9.430286e-03 2.689884e-02 2.829797e+01 -9.662980e-03 9.999169e-01 8.533875e-03 6.462253e-01 -2.681613e-02 -8.790330e-03 9.996017e-01 -7.252447e+01
9.993224e-01 -1.409636e-02 -3.400062e-02 2.834093e+01 1.381640e-02 9.998688e-01 -8.454733e-03 6.637561e-01 3.411534e-02 7.979237e-03 9.993860e-01 -7.335203e+01
9.996752e-01 9.428764e-03 2.367759e-02 2.854164e+01 -9.638908e-03 9.999150e-01 8.776835e-03 6.770647e-01 -2.359282e-02 -9.002210e-03 9.996811e-01 -7.425603e+01
9.994076e-01 -1.322289e-02 -3.177374e-02 2.863786e+01 1.296953e-02 9.998825e-01 -8.166747e-03 6.887761e-01 3.187800e-02 7.749819e-03 9.994617e-01 -7.496463e+01
9.996821e-01 7.464911e-03 2.408410e-02 2.883758e+01 -7.659949e-03 9.999385e-01 8.016152e-03 7.082735e-01 -2.402278e-02 -8.198086e-03 9.996778e-01 -7.610632e+01
9.995245e-01 -1.332122e-02 -2.780898e-02 2.869857e+01 1.310410e-02 9.998823e-01 -7.975096e-03 7.316844e-01 2.791194e-02 7.606892e-03 9.995814e-01 -7.687517e+01
9.997278e-01 8.600838e-03 2.168550e-02 2.845377e+01 -8.780773e-03 9.999277e-01 8.216004e-03 7.538757e-01 -2.161327e-02 -8.404183e-03 9.997311e-01 -7.735064e+01
9.994871e-01 -1.277968e-02 -2.936410e-02 2.854009e+01 1.255900e-02 9.998916e-01 -7.687327e-03 7.677162e-01 2.945915e-02 7.314600e-03 9.995392e-01 -7.810582e+01
9.997234e-01 7.336697e-03 2.234497e-02 2.862551e+01 -7.508979e-03 9.999427e-01 7.635993e-03 7.869553e-01 -2.228767e-02 -7.801668e-03 9.997212e-01 -7.908980e+01
9.993997e-01 -1.257367e-02 -3.228357e-02 2.877297e+01 1.234089e-02 9.998965e-01 -7.399690e-03 8.042577e-01 3.237326e-02 6.996839e-03 9.994514e-01 -8.006095e+01
9.996875e-01 8.207648e-03 2.361281e-02 2.887626e+01 -8.393891e-03 9.999344e-01 7.799120e-03 8.189007e-01 -2.354725e-02 -7.994886e-03 9.996908e-01 -8.084479e+01
9.994045e-01 -1.264517e-02 -3.210590e-02 2.901106e+01 1.241547e-02 9.998960e-01 -7.343671e-03 8.343172e-01 3.219542e-02 6.940687e-03 9.994575e-01 -8.171233e+01
9.996969e-01 7.991082e-03 2.328527e-02 2.913141e+01 -8.172605e-03 9.999369e-01 7.710911e-03 8.498378e-01 -2.322218e-02 -7.898875e-03 9.996991e-01 -8.256195e+01
9.994203e-01 -1.275112e-02 -3.156631e-02 2.927935e+01 1.252273e-02 9.998940e-01 -7.422225e-03 8.667040e-01 3.165761e-02 7.022626e-03 9.994741e-01 -8.351174e+01
9.997295e-01 7.782393e-03 2.191738e-02 2.944595e+01 -7.954019e-03 9.999383e-01 7.754325e-03 8.836244e-01 -2.185568e-02 -7.926558e-03 9.997297e-01 -8.447705e+01
9.994330e-01 -1.231331e-02 -3.133802e-02 2.965103e+01 1.208951e-02 9.999001e-01 -7.320876e-03 8.976625e-01 3.142503e-02 6.937864e-03 9.994820e-01 -8.540223e+01
9.997263e-01 7.537683e-03 2.214688e-02 2.982222e+01 -7.709433e-03 9.999408e-01 7.679922e-03 9.138866e-01 -2.208768e-02 -7.848560e-03 9.997252e-01 -8.634616e+01
9.994494e-01 -1.419394e-02 -2.998924e-02 3.001620e+01 1.395176e-02 9.998685e-01 -8.269204e-03 9.369048e-01 3.010266e-02 7.846248e-03 9.995160e-01 -8.765220e+01
9.997609e-01 7.410714e-03 2.057040e-02 3.023939e+01 -7.580650e-03 9.999377e-01 8.195576e-03 9.594211e-01 -2.050839e-02 -8.349553e-03 9.997548e-01 -8.892663e+01
9.994669e-01 -1.354030e-02 -2.970884e-02 3.036287e+01 1.330213e-02 9.998779e-01 -8.199957e-03 9.828262e-01 2.981624e-02 7.800394e-03 9.995250e-01 -9.005140e+01
9.993552e-01 1.313147e-02 3.341866e-02 2.972569e+01 -1.349213e-02 9.998529e-01 1.058961e-02 1.036867e+00 -3.327469e-02 -1.103367e-02 9.993853e-01 -8.951590e+01
9.994125e-01 -1.821686e-02 -2.902956e-02 2.893389e+01 1.789106e-02 9.997745e-01 -1.144347e-02 1.102782e+00 2.923147e-02 1.091738e-02 9.995130e-01 -8.937536e+01
9.996583e-01 1.196567e-02 2.324221e-02 2.879874e+01 -1.223474e-02 9.998594e-01 1.146935e-02 1.135101e+00 -2.310171e-02 -1.174979e-02 9.996641e-01 -9.036129e+01
9.992027e-01 -2.005148e-02 -3.452468e-02 2.937885e+01 1.965932e-02 9.997387e-01 -1.166111e-02 1.160711e+00 3.474949e-02 1.097308e-02 9.993358e-01 -9.214303e+01
9.998477e-01 8.137273e-03 1.543786e-02 3.078705e+01 -8.304428e-03 9.999073e-01 1.079460e-02 1.198656e+00 -1.534859e-02 -1.092116e-02 9.998226e-01 -9.516139e+01
9.992116e-01 -1.980799e-02 -3.440666e-02 3.215199e+01 1.941224e-02 9.997420e-01 -1.179824e-02 1.236154e+00 3.463148e-02 1.112103e-02 9.993383e-01 -9.808587e+01
9.997627e-01 7.758694e-03 2.035639e-02 3.332683e+01 -7.966862e-03 9.999166e-01 1.016508e-02 1.274359e+00 -2.027582e-02 -1.032484e-02 9.997411e-01 -1.009562e+02
9.991788e-01 -1.929866e-02 -3.562766e-02 3.416988e+01 1.888110e-02 9.997495e-01 -1.201958e-02 1.314454e+00 3.585069e-02 1.133702e-02 9.992928e-01 -1.035190e+02
9.995704e-01 1.210056e-02 2.669444e-02 3.431960e+01 -1.240646e-02 9.998589e-01 1.132364e-02 1.339655e+00 -2.655365e-02 -1.164996e-02 9.995795e-01 -1.047942e+02
9.991887e-01 -1.912595e-02 -3.544134e-02 3.450662e+01 1.871027e-02 9.997527e-01 -1.202337e-02 1.367156e+00 3.566253e-02 1.135050e-02 9.992994e-01 -1.061007e+02
9.995350e-01 1.350409e-02 2.733877e-02 3.469655e+01 -1.383715e-02 9.998319e-01 1.203048e-02 1.385772e+00 -2.717172e-02 -1.240318e-02 9.995538e-01 -1.071210e+02
9.992883e-01 -1.809373e-02 -3.309829e-02 3.468751e+01 1.772653e-02 9.997784e-01 -1.135415e-02 1.407345e+00 3.329639e-02 1.075935e-02 9.993876e-01 -1.078611e+02
9.996472e-01 1.311648e-02 2.309776e-02 3.499796e+01 -1.338742e-02 9.998429e-01 1.161489e-02 1.420509e+00 -2.294179e-02 -1.192001e-02 9.996657e-01 -1.088955e+02
9.993825e-01 -1.771764e-02 -3.034416e-02 3.505352e+01 1.738751e-02 9.997871e-01 -1.110925e-02 1.440319e+00 3.053453e-02 1.057478e-02 9.994778e-01 -1.096893e+02
9.995298e-01 1.401519e-02 2.727096e-02 3.477933e+01 -1.433735e-02 9.998293e-01 1.165407e-02 1.471923e+00 -2.710297e-02 -1.203958e-02 9.995601e-01 -1.100093e+02
9.992638e-01 -1.808353e-02 -3.383529e-02 3.479706e+01 1.771809e-02 9.997817e-01 -1.106933e-02 1.489732e+00 3.402808e-02 1.046168e-02 9.993661e-01 -1.106912e+02
