9.999706e-01 2.216417e-03 -7.344295e-03 3.063476e-02 -2.208895e-03 9.999970e-01 1.032174e-03 -1.224354e-04 7.346560e-03 -1.015922e-03 9.999725e-01 -8.603412e-02
9.999999e-01 1.515599e-04 -4.203318e-04 6.208570e-02 -1.515603e-04 1.000000e+00 -8.630693e-07 4.595656e-03 4.203320e-04 9.274880e-07 9.999999e-01 -3.945822e-01
9.999718e-01 2.670226e-03 -7.015484e-03 9.109087e-02 -2.663129e-03 9.999959e-01 1.020858e-03 1.319263e-02 7.018181e-03 -1.002147e-03 9.999749e-01 -8.586705e-01
9.999996e-01 -3.532938e-04 -8.310032e-04 1.281247e-01 3.533124e-04 9.999999e-01 2.228834e-05 1.749032e-02 8.309956e-04 -2.258122e-05 9.999997e-01 -1.147644e+00
9.999631e-01 2.644318e-03 -8.176970e-03 1.621318e-01 -2.635171e-03 9.999959e-01 1.129183e-03 2.348899e-02 8.179922e-03 -1.107594e-03 9.999659e-01 -1.531936e+00
9.999993e-01 -9.191704e-04 7.421542e-04 2.272158e-01 9.192370e-04 9.999996e-01 -8.928273e-05 1.749728e-02 -7.420714e-04 8.996560e-05 9.999997e-01 -1.364879e+00
9.999896e-01 3.160020e-03 -3.293930e-03 3.361717e-01 -3.156236e-03 9.999944e-01 1.153308e-03 -2.562698e-03 3.297556e-03 -1.142900e-03 9.999939e-01 -5.682409e-01
9.999999e-01 2.552337e-06 5.114362e-04 5.292547e-01 -2.153117e-06 9.999997e-01 -7.805034e-04 -1.562282e-02 -5.114377e-04 7.805029e-04 9.999996e-01 -3.340361e-01
9.999706e-01 2.090734e-03 -7.380743e-03 6.544808e-01 -2.079492e-03 9.999967e-01 1.530464e-03 -2.696371e-02 7.383918e-03 -1.515072e-03 9.999716e-01 -7.575870e-02
1.000000e+00 2.811615e-04 4.023126e-05 7.813640e-01 -2.811259e-04 9.999996e-01 -8.810234e-04 -3.757722e-02 -4.047862e-05 8.810127e-04 9.999996e-01 1.405008e-01
9.999714e-01 1.918774e-03 -7.318730e-03 9.185930e-01 -1.902396e-03 9.999957e-01 2.244091e-03 -4.791212e-02 7.323004e-03 -2.230105e-03 9.999707e-01 3.249997e-01
9.999994e-01 6.522592e-04 8.997753e-04 1.077412e+00 -6.512192e-04 9.999991e-01 -1.155551e-03 -5.502921e-02 -9.005279e-04 1.154965e-03 9.999989e-01 3.268580e-01
9.999679e-01 1.646942e-03 -7.846404e-03 1.212379e+00 -1.630932e-03 9.999966e-01 2.046379e-03 -6.071029e-02 7.849747e-03 -2.033517e-03 9.999671e-01 3.036662e-01
9.999998e-01 5.697723e-04 1.272694e-04 1.295698e+00 -5.696701e-04 9.999995e-01 -8.015547e-04 -6.148948e-02 -1.277257e-04 8.014828e-04 9.999997e-01 1.343116e-01
9.999839e-01 1.283088e-03 -5.532203e-03 1.397124e+00 -1.273140e-03 9.999976e-01 1.801422e-03 -7.444156e-02 5.534501e-03 -1.794351e-03 9.999831e-01 5.536446e-01
9.999995e-01 9.402136e-04 1.577066e-04 1.521959e+00 -9.400448e-04 9.999990e-01 -1.066217e-03 -8.417469e-02 -1.587085e-04 1.066069e-03 9.999994e-01 7.652510e-01
9.999900e-01 1.005245e-03 -4.353398e-03 1.632071e+00 -9.943876e-04 9.999964e-01 2.495531e-03 -1.019837e-01 4.355890e-03 -2.491178e-03 9.999874e-01 1.410918e+00
9.999846e-01 1.744809e-03 5.275322e-03 1.653524e+00 -1.735615e-03 9.999970e-01 -1.747013e-03 -1.269484e-01 -5.278354e-03 1.737831e-03 9.999846e-01 2.687326e+00
9.999571e-01 1.554687e-04 -9.261306e-03 1.755783e+00 -1.269085e-04 9.999952e-01 3.084334e-03 -1.471624e-01 9.261741e-03 -3.083027e-03 9.999524e-01 3.482539e+00
9.999712e-01 2.771184e-03 7.059495e-03 1.814274e+00 -2.755165e-03 9.999936e-01 -2.277820e-03 -1.742681e-01 -7.065761e-03 2.258305e-03 9.999725e-01 4.617861e+00
9.999490e-01 -1.778997e-05 -1.009510e-02 1.883255e+00 5.098569e-05 9.999946e-01 3.288059e-03 -1.984067e-01 1.009499e-02 -3.288407e-03 9.999436e-01 5.582254e+00
9.999846e-01 2.372053e-03 5.017404e-03 1.962989e+00 -2.360920e-03 9.999947e-01 -2.223509e-03 -2.174062e-01 -5.022652e-03 2.211630e-03 9.999849e-01 6.285012e+00
9.999247e-01 3.567944e-06 -1.227487e-02 2.051575e+00 3.521452e-05 9.999950e-01 3.159290e-03 -2.288398e-01 1.227481e-02 -3.159485e-03 9.999197e-01 6.591637e+00
9.999819e-01 2.494788e-03 5.476024e-03 2.206112e+00 -2.482799e-03 9.999945e-01 -2.195141e-03 -2.329749e-01 -5.481470e-03 2.181506e-03 9.999826e-01 6.485658e+00
9.999189e-01 -2.797477e-04 -1.273353e-02 2.295057e+00 3.256968e-04 9.999934e-01 3.606586e-03 -2.383341e-01 1.273243e-02 -3.610442e-03 9.999124e-01 6.518561e+00
9.999732e-01 2.630880e-03 6.833625e-03 2.392286e+00 -2.610964e-03 9.999923e-01 -2.921715e-03 -2.434831e-01 -6.841259e-03 2.903795e-03 9.999724e-01 6.576065e+00
9.999070e-01 -2.457428e-04 -1.363470e-02 2.455095e+00 2.989169e-04 9.999924e-01 3.898020e-03 -2.422877e-01 1.363364e-02 -3.901733e-03 9.998994e-01 6.383039e+00
9.999769e-01 2.952107e-03 6.121878e-03 2.538324e+00 -2.935660e-03 9.999921e-01 -2.693764e-03 -2.347085e-01 -6.129782e-03 2.675731e-03 9.999776e-01 5.825994e+00
9.999016e-01 -1.426611e-04 -1.402534e-02 2.661714e+00 1.939292e-04 9.999933e-01 3.654100e-03 -2.268722e-01 1.402472e-02 -3.656461e-03 9.998950e-01 5.191343e+00
9.999780e-01 2.577423e-03 6.109061e-03 2.751434e+00 -2.563134e-03 9.999940e-01 -2.345698e-03 -2.206639e-01 -6.115069e-03 2.329989e-03 9.999786e-01 4.713807e+00
9.999158e-01 1.566507e-04 -1.297686e-02 2.861522e+00 -1.109146e-04 9.999938e-01 3.525086e-03 -2.163630e-01 1.297733e-02 -3.523351e-03 9.999096e-01 4.274270e+00
9.999789e-01 2.336199e-03 6.067659e-03 2.943617e+00 -2.322072e-03 9.999946e-01 -2.334227e-03 -2.138009e-01 -6.073079e-03 2.320089e-03 9.999789e-01 3.970940e+00
9.999196e-01 -8.854983e-05 -1.268074e-02 3.019507e+00 1.308573e-04 9.999944e-01 3.335576e-03 -2.133727e-01 1.268037e-02 -3.336968e-03 9.999140e-01 3.778498e+00
9.999839e-01 1.830549e-03 5.370385e-03 3.077607e+00 -1.818924e-03 9.999960e-01 -2.168739e-03 -2.215995e-01 -5.374333e-03 2.158936e-03 9.999832e-01 4.044212e+00
9.999172e-01 -2.054013e-05 -1.286589e-02 3.147531e+00 6.384274e-05 9.999943e-01 3.365297e-03 -2.334168e-01 1.286574e-02 -3.365841e-03 9.999116e-01 4.429004e+00
9.999852e-01 1.765784e-03 5.137122e-03 3.197176e+00 -1.754509e-03 9.999960e-01 -2.198469e-03 -2.418745e-01 -5.140983e-03 2.189424e-03 9.999844e-01 4.697508e+00
9.999235e-01 2.226947e-04 -1.236713e-02 3.255658e+00 -1.822138e-04 9.999946e-01 3.274304e-03 -2.493261e-01 1.236779e-02 -3.271801e-03 9.999182e-01 4.883223e+00
9.999883e-01 1.722233e-03 4.527921e-03 3.296565e+00 -1.712379e-03 9.999962e-01 -2.179277e-03 -2.513997e-01 -4.531657e-03 2.171499e-03 9.999874e-01 4.864179e+00
9.999320e-01 2.695290e-04 -1.165823e-02 3.357700e+00 -2.323466e-04 9.999949e-01 3.190620e-03 -2.564381e-01 1.165903e-02 -3.187695e-03 9.999270e-01 4.940101e+00
9.999918e-01 1.624921e-03 3.721429e-03 3.396502e+00 -1.617164e-03 9.999965e-01 -2.086467e-03 -2.581394e-01 -3.724806e-03 2.080432e-03 9.999909e-01 4.904263e+00
9.999254e-01 3.594012e-04 -1.221165e-02 3.426729e+00 -3.205436e-04 9.999949e-01 3.183833e-03 -2.568473e-01 1.221273e-02 -3.179682e-03 9.999204e-01 4.741805e+00
9.999890e-01 1.474478e-03 4.463608e-03 3.474833e+00 -1.464995e-03 9.999967e-01 -2.126909e-03 -2.600768e-01 -4.466729e-03 2.120347e-03 9.999878e-01 4.766955e+00
9.999234e-01 6.328733e-04 -1.236242e-02 3.516209e+00 -5.937342e-04 9.999948e-01 3.169396e-03 -2.576130e-01 1.236436e-02 -3.161814e-03 9.999186e-01 4.539286e+00
9.999918e-01 1.490691e-03 3.770419e-03 3.543998e+00 -1.482970e-03 9.999968e-01 -2.049636e-03 -2.544214e-01 -3.773462e-03 2.044028e-03 9.999908e-01 4.294542e+00
9.999264e-01 4.450439e-04 -1.212465e-02 3.555535e+00 -4.044435e-04 9.999943e-01 3.350833e-03 -2.551289e-01 1.212607e-02 -3.345684e-03 9.999209e-01 4.267424e+00
9.999908e-01 1.715949e-03 3.943461e-03 3.596429e+00 -1.707369e-03 9.999962e-01 -2.178057e-03 -2.597470e-01 -3.947183e-03 2.171304e-03 9.999899e-01 4.353503e+00
9.999207e-01 4.395624e-04 -1.258494e-02 3.626607e+00 -3.981652e-04 9.999945e-01 3.291756e-03 -2.560065e-01 1.258631e-02 -3.286485e-03 9.999154e-01 4.072904e+00
9.999934e-01 1.813253e-03 3.136119e-03 3.681017e+00 -1.806504e-03 9.999960e-01 -2.153661e-03 -2.490887e-01 -3.140011e-03 2.147982e-03 9.999928e-01 3.606477e+00
9.999594e-01 -6.603693e-05 -9.010477e-03 3.731320e+00 9.438567e-05 9.999950e-01 3.145822e-03 -2.673921e-01 9.010225e-03 -3.146546e-03 9.999545e-01 4.366511e+00
9.999671e-01 3.590293e-03 7.269385e-03 3.797847e+00 -3.575943e-03 9.999916e-01 -1.986008e-03 -2.967376e-01 -7.276455e-03 1.959948e-03 9.999716e-01 5.531743e+00
9.999201e-01 -1.396559e-03 -1.256444e-02 3.874202e+00 1.430897e-03 9.999953e-01 2.724362e-03 -3.170446e-01 1.256058e-02 -2.742124e-03 9.999174e-01 6.289555e+00
9.999705e-01 3.488578e-03 6.846171e-03 3.945065e+00 -3.478764e-03 9.999929e-01 -1.444865e-03 -3.366915e-01 -6.851162e-03 1.421007e-03 9.999755e-01 7.020836e+00
9.999569e-01 -7.843321e-04 -9.247237e-03 4.011724e+00 8.056146e-04 9.999970e-01 2.298020e-03 -3.637153e-01 9.245406e-03 -2.305371e-03 9.999546e-01 8.171496e+00
9.999883e-01 3.307296e-03 3.516695e-03 4.082477e+00 -3.303059e-03 9.999938e-01 -1.209837e-03 -3.758179e-01 -3.520674e-03 1.198208e-03 9.999931e-01 8.592579e+00
9.999589e-01 -6.466095e-04 -9.044930e-03 4.177715e+00 6.688632e-04 9.999968e-01 2.457559e-03 -3.726237e-01 9.043312e-03 -2.463509e-03 9.999561e-01 8.236963e+00
9.999940e-01 2.549155e-03 2.337576e-03 4.223436e+00 -2.546108e-03 9.999959e-01 -1.305507e-03 -3.721408e-01 -2.340894e-03 1.299548e-03 9.999964e-01 8.141200e+00
9.999701e-01 -7.262860e-04 -7.700992e-03 4.268254e+00 7.437967e-04 9.999971e-01 2.271231e-03 -3.793745e-01 7.699320e-03 -2.276892e-03 9.999678e-01 8.415762e+00
9.999934e-01 2.735530e-03 2.384942e-03 4.337342e+00 -2.732571e-03 9.999955e-01 -1.243179e-03 -3.937880e-01 -2.388331e-03 1.236654e-03 9.999964e-01 8.959325e+00
9.999372e-01 -4.654773e-04 -1.119691e-02 4.351919e+00 4.913153e-04 9.999972e-01 2.304975e-03 -3.895657e-01 1.119581e-02 -2.310332e-03 9.999347e-01 8.681671e+00
9.999969e-01 2.381859e-03 7.631805e-04 4.379317e+00 -2.381022e-03 9.999966e-01 -1.096221e-03 -3.904938e-01 -7.657886e-04 1.094401e-03 9.999991e-01 8.608844e+00
9.999713e-01 -4.612837e-04 -7.559381e-03 4.434383e+00 4.794177e-04 9.999970e-01 2.397261e-03 -4.079866e-01 7.558252e-03 -2.400817e-03 9.999686e-01 9.272862e+00
9.999966e-01 2.190975e-03 1.430564e-03 4.492945e+00 -2.189411e-03 9.999970e-01 -1.094087e-03 -4.270939e-01 -1.432957e-03 1.090952e-03 9.999984e-01 1.002374e+01
9.999705e-01 -2.345695e-04 -7.683677e-03 4.563001e+00 2.517852e-04 9.999975e-01 2.239686e-03 -4.402013e-01 7.683131e-03 -2.241555e-03 9.999680e-01 1.049983e+01
9.999949e-01 3.045876e-03 9.702623e-04 4.600487e+00 -3.044441e-03 9.999943e-01 -1.476822e-03 -4.369489e-01 -9.747546e-04 1.473862e-03 9.999984e-01 1.020575e+01
9.999378e-01 -4.742274e-04 -1.114479e-02 4.596050e+00 5.042252e-04 9.999963e-01 2.688997e-03 -4.208931e-01 1.114348e-02 -2.694450e-03 9.999343e-01 9.440075e+00
9.999956e-01 2.829916e-03 9.076703e-04 4.627925e+00 -2.828134e-03 9.999941e-01 -1.958860e-03 -4.106951e-01 -9.132081e-04 1.956285e-03 9.999977e-01 8.855781e+00
9.999323e-01 -4.654484e-04 -1.162616e-02 4.619919e+00 5.023339e-04 9.999948e-01 3.169922e-03 -3.943313e-01 1.162463e-02 -3.175549e-03 9.999274e-01 8.082662e+00
9.999969e-01 2.498280e-03 -2.163903e-04 4.589020e+00 -2.498658e-03 9.999953e-01 -1.765348e-03 -3.843736e-01 2.119792e-04 1.765884e-03 9.999984e-01 7.622672e+00
9.999373e-01 -4.629620e-04 -1.119206e-02 4.574753e+00 4.960115e-04 9.999955e-01 2.950364e-03 -3.711036e-01 1.119064e-02 -2.955731e-03 9.999330e-01 6.990717e+00
9.999961e-01 2.344227e-03 -1.547011e-03 4.535354e+00 -2.346088e-03 9.999965e-01 -1.202671e-03 -3.636204e-01 1.544186e-03 1.206297e-03 9.999981e-01 6.635609e+00
9.999591e-01 -7.691969e-04 -9.008940e-03 4.504293e+00 7.946798e-04 9.999957e-01 2.825406e-03 -3.686448e-01 9.006727e-03 -2.832450e-03 9.999554e-01 6.885587e+00
9.999962e-01 2.690183e-03 6.570697e-04 4.502068e+00 -2.689182e-03 9.999952e-01 -1.519046e-03 -3.788667e-01 -6.611528e-04 1.517274e-03 9.999986e-01 7.322091e+00
9.999597e-01 -1.139248e-03 -8.902906e-03 4.505459e+00 1.163809e-03 9.999955e-01 2.754079e-03 -3.908593e-01 8.899729e-03 -2.764330e-03 9.999566e-01 7.851199e+00
9.999791e-01 3.298190e-03 5.561612e-03 4.518662e+00 -3.288488e-03 9.999931e-01 -1.752681e-03 -4.100784e-01 -5.567354e-03 1.734356e-03 9.999830e-01 8.757335e+00
9.999488e-01 -1.131867e-03 -1.005996e-02 4.544465e+00 1.160291e-03 9.999954e-01 2.820109e-03 -4.296078e-01 1.005672e-02 -2.831638e-03 9.999454e-01 9.601052e+00
9.999929e-01 2.956350e-03 2.357704e-03 4.596819e+00 -2.952137e-03 9.999940e-01 -1.788253e-03 -4.434194e-01 -2.362976e-03 1.781281e-03 9.999956e-01 1.008461e+01
9.999316e-01 -1.529839e-03 -1.159406e-02 4.664839e+00 1.564234e-03 9.999944e-01 2.958139e-03 -4.553890e-01 1.158947e-02 -2.976073e-03 9.999284e-01 1.045404e+01
9.999940e-01 2.779375e-03 2.071711e-03 4.697309e+00 -2.776662e-03 9.999953e-01 -1.311526e-03 -4.636589e-01 -2.075347e-03 1.305766e-03 9.999970e-01 1.076306e+01
9.999629e-01 -1.159178e-03 -8.535054e-03 4.722896e+00 1.178898e-03 9.999966e-01 2.305933e-03 -4.782740e-01 8.532352e-03 -2.315910e-03 9.999609e-01 1.137319e+01
9.999943e-01 2.900576e-03 1.756449e-03 4.772107e+00 -2.898592e-03 9.999952e-01 -1.130765e-03 -4.920916e-01 -1.759720e-03 1.125668e-03 9.999978e-01 1.189632e+01
9.999410e-01 -7.264166e-04 -1.084208e-02 4.807579e+00 7.499297e-04 9.999974e-01 2.164800e-03 -4.970011e-01 1.084048e-02 -2.172803e-03 9.999389e-01 1.201297e+01
9.999966e-01 2.616476e-03 -6.039357e-05 4.835635e+00 -2.616519e-03 9.999963e-01 -7.144151e-04 -4.946646e-01 5.852434e-05 7.145714e-04 9.999997e-01 1.177910e+01
9.999450e-01 -6.294496e-04 -1.046731e-02 4.848390e+00 6.494628e-04 9.999980e-01 1.908705e-03 -4.916819e-01 1.046608e-02 -1.915399e-03 9.999434e-01 1.156043e+01
9.999968e-01 2.367830e-03 -8.484960e-04 4.859275e+00 -2.368237e-03 9.999971e-01 -4.789549e-04 -4.890292e-01 8.473597e-04 4.809635e-04 9.999995e-01 1.134875e+01
9.999821e-01 -6.874825e-04 -5.941781e-03 4.922094e+00 6.967771e-04 9.999985e-01 1.562392e-03 -5.048280e-01 5.940698e-03 -1.566504e-03 9.999811e-01 1.192758e+01
9.999953e-01 2.310917e-03 -2.029917e-03 5.005237e+00 -2.310936e-03 9.999973e-01 -7.144915e-06 -5.184894e-01 2.029895e-03 1.183659e-05 9.999979e-01 1.234019e+01
9.999868e-01 -3.853128e-04 -5.125900e-03 5.045298e+00 3.917917e-04 9.999991e-01 1.263046e-03 -5.348170e-01 5.125409e-03 -1.265038e-03 9.999861e-01 1.296133e+01
9.999950e-01 2.257523e-03 -2.221188e-03 5.087111e+00 -2.257687e-03 9.999974e-01 -7.126694e-05 -5.511375e-01 2.221022e-03 7.628203e-05 9.999975e-01 1.358817e+01
9.999940e-01 -4.399703e-05 -3.459313e-03 5.135360e+00 4.804743e-05 9.999993e-01 1.170865e-03 -5.704405e-01 3.459259e-03 -1.171025e-03 9.999933e-01 1.432915e+01
9.999928e-01 2.131846e-03 -3.140244e-03 5.264793e+00 -2.133072e-03 9.999977e-01 -3.871378e-04 -5.861713e-01 3.139411e-03 3.938341e-04 9.999950e-01 1.482758e+01
9.999916e-01 -3.646189e-05 -4.098082e-03 5.427347e+00 4.332864e-05 9.999986e-01 1.675586e-03 -5.978752e-01 4.098015e-03 -1.675750e-03 9.999902e-01 1.503222e+01
9.999884e-01 2.385619e-03 -4.182332e-03 5.593258e+00 -2.387166e-03 9.999971e-01 -3.649951e-04 -6.029794e-01 4.181449e-03 3.749755e-04 9.999912e-01 1.490923e+01
9.999872e-01 -8.886145e-04 -4.989861e-03 5.650726e+00 8.987754e-04 9.999975e-01 2.034485e-03 -6.150197e-01 4.988041e-03 -2.038944e-03 9.999855e-01 1.532202e+01
9.999956e-01 2.969394e-03 -1.462313e-04 5.712374e+00 -2.969552e-03 9.999950e-01 -1.097786e-03 -6.351647e-01 1.429710e-04 1.098216e-03 9.999994e-01 1.611022e+01
9.999852e-01 -1.164076e-03 -5.314336e-03 5.813649e+00 1.175443e-03 9.999970e-01 2.136217e-03 -6.476393e-01 5.311834e-03 -2.142433e-03 9.999836e-01 1.649614e+01
9.999950e-01 3.173700e-03 3.115443e-05 5.908115e+00 -3.173662e-03 9.999943e-01 -1.126655e-03 -6.584608e-01 -3.472970e-05 1.126551e-03 9.999994e-01 1.678206e+01
9.999716e-01 -7.444786e-04 -7.503745e-03 5.955142e+00 7.613995e-04 9.999972e-01 2.252431e-03 -6.544903e-01 7.502047e-03 -2.258081e-03 9.999693e-01 1.644436e+01
9.999944e-01 2.758418e-03 -1.869305e-03 5.980978e+00 -2.759924e-03 9.999959e-01 -8.034763e-04 -6.495208e-01 1.867081e-03 8.086316e-04 9.999979e-01 1.609482e+01
9.999810e-01 -8.247924e-04 -6.108976e-03 6.027417e+00 8.366779e-04 9.999978e-01 1.943318e-03 -6.492719e-01 6.107359e-03 -1.948393e-03 9.999795e-01 1.595668e+01
9.999939e-01 2.713161e-03 -2.214115e-03 6.071727e+00 -2.714785e-03 9.999960e-01 -7.307919e-04 -6.522955e-01 2.212124e-03 7.367989e-04 9.999973e-01 1.595755e+01
9.999848e-01 -1.233257e-03 -5.374102e-03 6.101790e+00 1.244910e-03 9.999969e-01 2.165653e-03 -6.629103e-01 5.371414e-03 -2.172311e-03 9.999832e-01 1.640904e+01
9.999951e-01 3.098873e-03 4.848484e-04 6.214921e+00 -3.098356e-03 9.999946e-01 -1.062540e-03 -6.770469e-01 -4.881382e-04 1.061033e-03 9.999993e-01 1.684619e+01
9.999816e-01 -9.396984e-04 -5.997198e-03 6.316550e+00 9.523748e-04 9.999973e-01 2.111253e-03 -6.890168e-01 5.995197e-03 -2.116926e-03 9.999798e-01 1.717251e+01
9.999944e-01 3.347477e-03 -2.503123e-05 6.393995e+00 -3.347499e-03 9.999939e-01 -9.717543e-04 -6.904026e-01 2.177836e-05 9.718333e-04 9.999995e-01 1.704433e+01
9.999823e-01 -1.207279e-03 -5.824618e-03 6.501124e+00 1.219575e-03 9.999970e-01 2.108024e-03 -6.941293e-01 5.822055e-03 -2.115091e-03 9.999808e-01 1.698428e+01
9.999932e-01 3.639783e-03 -6.693541e-04 6.578578e+00 -3.640391e-03 9.999930e-01 -9.100288e-04 -6.906015e-01 6.660373e-04 9.124600e-04 9.999994e-01 1.660737e+01
9.999628e-01 -1.211851e-03 -8.540491e-03 6.608514e+00 1.233936e-03 9.999959e-01 2.581164e-03 -6.811546e-01 8.537328e-03 -2.591607e-03 9.999602e-01 1.604529e+01
9.999921e-01 3.877615e-03 8.352463e-04 6.604815e+00 -3.876616e-03 9.999918e-01 -1.194772e-03 -6.691355e-01 -8.398721e-04 1.191526e-03 9.999989e-01 1.546515e+01
9.999616e-01 -8.178256e-04 -8.720695e-03 6.577764e+00 8.391985e-04 9.999967e-01 2.447490e-03 -6.473087e-01 8.718664e-03 -2.454715e-03 9.999590e-01 1.448975e+01
9.999911e-01 4.210528e-03 2.306183e-04 6.479683e+00 -4.210328e-03 9.999908e-01 -8.613126e-04 -6.190559e-01 -2.342426e-04 8.603347e-04 9.999996e-01 1.338576e+01
9.999565e-01 -1.007613e-03 -9.277533e-03 6.361293e+00 1.032094e-03 9.999960e-01 2.634464e-03 -5.928117e-01 9.274841e-03 -2.643926e-03 9.999535e-01 1.240725e+01
9.999926e-01 3.825123e-03 -4.467949e-04 6.269117e+00 -3.825519e-03 9.999923e-01 -8.893525e-04 -5.719803e-01 4.433898e-04 8.910559e-04 9.999995e-01 1.160561e+01
9.999558e-01 -8.364928e-04 -9.365555e-03 6.210799e+00 8.586491e-04 9.999968e-01 2.361976e-03 -5.490250e-01 9.363549e-03 -2.369914e-03 9.999534e-01 1.063165e+01
9.999922e-01 3.892527e-03 7.000069e-04 6.179455e+00 -3.891821e-03 9.999919e-01 -1.007018e-03 -5.269017e-01 -7.039209e-04 1.004287e-03 9.999992e-01 9.635764e+00
9.999633e-01 -5.376854e-04 -8.554653e-03 6.119986e+00 5.579876e-04 9.999970e-01 2.371061e-03 -5.003531e-01 8.553353e-03 -2.375748e-03 9.999606e-01 8.506491e+00
9.999912e-01 4.116170e-03 8.404279e-04 6.040932e+00 -4.115486e-03 9.999912e-01 -8.135610e-04 -4.710832e-01 -8.437691e-04 8.100957e-04 9.999993e-01 7.294047e+00
9.999579e-01 -7.301438e-04 -9.147147e-03 5.984829e+00 7.514366e-04 9.999970e-01 2.324623e-03 -4.446521e-01 9.145422e-03 -2.331399e-03 9.999555e-01 6.177499e+00
9.999906e-01 4.194783e-03 1.099708e-03 5.924091e+00 -4.193962e-03 9.999909e-01 -7.474639e-04 -4.171713e-01 -1.102833e-03 7.428454e-04 9.999991e-01 5.026209e+00
9.999517e-01 -1.047158e-03 -9.771825e-03 5.878719e+00 1.068955e-03 9.999970e-01 2.225651e-03 -3.929984e-01 9.769464e-03 -2.235990e-03 9.999498e-01 3.991827e+00
9.999898e-01 4.325237e-03 1.279531e-03 5.825953e+00 -4.324345e-03 9.999904e-01 -6.989295e-04 -3.676013e-01 -1.282541e-03 6.933899e-04 9.999989e-01 2.911916e+00
9.999589e-01 -7.511152e-04 -9.038737e-03 5.764550e+00 7.704614e-04 9.999974e-01 2.137117e-03 -3.385377e-01 9.037108e-03 -2.143994e-03 9.999569e-01 1.696554e+00
9.999893e-01 4.410107e-03 1.412571e-03 5.699301e+00 -4.409082e-03 9.999900e-01 -7.280733e-04 -3.084888e-01 -1.415768e-03 7.218381e-04 9.999987e-01 4.436462e-01
9.999632e-01 -7.041370e-04 -8.548154e-03 5.635913e+00 7.230013e-04 9.999973e-01 2.203981e-03 -2.780651e-01 8.546579e-03 -2.210081e-03 9.999610e-01 -8.230468e-01
9.999918e-01 3.957211e-03 -8.818962e-04 5.647465e+00 -3.958202e-03 9.999915e-01 -1.125385e-03 -2.561003e-01 8.774355e-04 1.128867e-03 9.999990e-01 -1.882688e+00
9.999708e-01 -7.666962e-04 -7.604993e-03 5.720928e+00 7.826699e-04 9.999975e-01 2.097723e-03 -2.386121e-01 7.603366e-03 -2.103615e-03 9.999689e-01 -2.848661e+00
9.999918e-01 4.042516e-03 -3.647195e-04 5.700464e+00 -4.042783e-03 9.999916e-01 -7.337495e-04 -2.140497e-01 3.617504e-04 7.352186e-04 9.999997e-01 -3.964229e+00
9.999731e-01 -6.401519e-04 -7.311186e-03 5.666492e+00 6.567387e-04 9.999972e-01 2.266570e-03 -1.886477e-01 7.309715e-03 -2.271311e-03 9.999707e-01 -5.087581e+00
9.999924e-01 3.721067e-03 -1.201565e-03 5.644819e+00 -3.722281e-03 9.999926e-01 -1.009986e-03 -1.654644e-01 1.197798e-03 1.014452e-03 9.999988e-01 -6.128008e+00
9.999787e-01 -2.256864e-04 -6.528770e-03 5.588928e+00 2.410149e-04 9.999972e-01 2.347208e-03 -1.374236e-01 6.528222e-03 -2.348732e-03 9.999759e-01 -7.319956e+00
9.999914e-01 4.034519e-03 -9.125956e-04 5.522337e+00 -4.035230e-03 9.999916e-01 -7.788529e-04 -1.059914e-01 9.094457e-04 7.825295e-04 9.999993e-01 -8.613590e+00
9.999807e-01 -3.086680e-04 -6.197271e-03 5.446647e+00 3.228797e-04 9.999973e-01 2.292409e-03 -7.597593e-02 6.196546e-03 -2.294366e-03 9.999782e-01 -9.850936e+00
9.999905e-01 3.976975e-03 -1.800574e-03 5.380817e+00 -3.978735e-03 9.999916e-01 -9.753014e-04 -4.570849e-02 1.796681e-03 9.824568e-04 9.999979e-01 -1.112253e+01
9.999781e-01 -4.628039e-04 -6.603864e-03 5.328087e+00 4.776913e-04 9.999973e-01 2.253006e-03 -1.734487e-02 6.602804e-03 -2.256112e-03 9.999757e-01 -1.234069e+01
9.999899e-01 4.078222e-03 -1.905704e-03 5.273021e+00 -4.079084e-03 9.999916e-01 -4.489398e-04 9.385870e-03 1.903857e-03 4.567095e-04 9.999981e-01 -1.353673e+01
9.999881e-01 -4.214682e-05 -4.880313e-03 5.180777e+00 5.348351e-05 9.999973e-01 2.322913e-03 4.024616e-02 4.880202e-03 -2.323147e-03 9.999854e-01 -1.483636e+01
9.999905e-01 4.283353e-03 -8.393129e-04 5.067421e+00 -4.283985e-03 9.999905e-01 -7.524475e-04 7.616223e-02 8.360821e-04 7.560366e-04 9.999994e-01 -1.628513e+01
9.999834e-01 -3.665827e-04 -5.748280e-03 5.004109e+00 3.783853e-04 9.999978e-01 2.052348e-03 1.078500e-01 5.747515e-03 -2.054490e-03 9.999814e-01 -1.764661e+01
9.999860e-01 3.621713e-03 -3.865463e-03 4.968101e+00 -3.624030e-03 9.999933e-01 -5.927044e-04 1.315669e-01 3.863291e-03 6.067053e-04 9.999924e-01 -1.872243e+01
9.999915e-01 1.388514e-04 -4.130356e-03 4.903079e+00 -1.312357e-04 9.999983e-01 1.844131e-03 1.631270e-01 4.130605e-03 -1.843574e-03 9.999898e-01 -2.006300e+01
9.999459e-01 5.530871e-03 8.804778e-03 4.544652e+00 -5.540630e-03 9.999841e-01 1.084376e-03 2.099869e-01 -8.798640e-03 -1.133100e-03 9.999606e-01 -2.107251e+01
9.999636e-01 -8.941764e-04 -8.486687e-03 4.467902e+00 8.989506e-04 9.999994e-01 5.587876e-04 2.388762e-01 8.486182e-03 -5.663970e-04 9.999638e-01 -2.215025e+01
9.999888e-01 4.660213e-03 8.509732e-04 4.343361e+00 -4.661071e-03 9.999886e-01 1.009011e-03 2.723382e-01 -8.462611e-04 -1.012965e-03 9.999991e-01 -2.344056e+01
9.999638e-01 -8.903684e-04 -8.467036e-03 4.272713e+00 8.939250e-04 9.999995e-01 4.163298e-04 3.018893e-01 8.466661e-03 -4.238843e-04 9.999641e-01 -2.470428e+01
9.999877e-01 4.918915e-03 7.052103e-04 4.142987e+00 -4.919650e-03 9.999874e-01 1.044431e-03 3.382879e-01 -7.000637e-04 -1.047887e-03 9.999992e-01 -2.612229e+01
9.999764e-01 5.195399e-05 -6.867667e-03 3.998184e+00 -4.979593e-05 9.999999e-01 3.144618e-04 3.837668e-01 6.867683e-03 -3.141130e-04 9.999764e-01 -2.787273e+01
9.999906e-01 4.326518e-03 2.458811e-04 3.906240e+00 -4.326793e-03 9.999900e-01 1.130035e-03 4.212177e-01 -2.409894e-04 -1.131087e-03 9.999993e-01 -2.943361e+01
9.999682e-01 -4.362087e-04 -7.967875e-03 3.838814e+00 4.420726e-04 9.999996e-01 7.342448e-04 4.494461e-01 7.967551e-03 -7.377445e-04 9.999680e-01 -3.066911e+01
9.999862e-01 4.613786e-03 2.500452e-03 3.791887e+00 -4.615434e-03 9.999891e-01 6.538106e-04 4.824388e-01 -2.497408e-03 -6.653417e-04 9.999967e-01 -3.214305e+01
9.999468e-01 -8.816129e-04 -1.027904e-02 3.709916e+00 8.905167e-04 9.999992e-01 8.617074e-04 5.128820e-01 1.027827e-02 -8.708159e-04 9.999468e-01 -3.340929e+01
9.999877e-01 4.384758e-03 2.310639e-03 3.638179e+00 -4.386322e-03 9.999902e-01 6.724794e-04 5.412599e-01 -2.307667e-03 -6.826057e-04 9.999971e-01 -3.459453e+01
9.999420e-01 -1.114238e-03 -1.070964e-02 3.587133e+00 1.123066e-03 9.999990e-01 8.184072e-04 5.665554e-01 1.070871e-02 -8.303881e-04 9.999423e-01 -3.570787e+01
9.999847e-01 4.437577e-03 3.295320e-03 3.556369e+00 -4.439765e-03 9.999899e-01 6.572262e-04 5.906901e-01 -3.292371e-03 -6.718459e-04 9.999944e-01 -3.680706e+01
9.999358e-01 -1.013682e-03 -1.128658e-02 3.485003e+00 1.024788e-03 9.999990e-01 9.783019e-04 6.176175e-01 1.128557e-02 -9.898061e-04 9.999358e-01 -3.793077e+01
9.999812e-01 4.732032e-03 3.891913e-03 3.396082e+00 -4.734792e-03 9.999885e-01 7.003133e-04 6.484660e-01 -3.888554e-03 -7.187269e-04 9.999922e-01 -3.919203e+01
9.999234e-01 -1.611603e-03 -1.227428e-02 3.367820e+00 1.621209e-03 9.999984e-01 7.727164e-04 6.711455e-01 1.227301e-02 -7.925570e-04 9.999244e-01 -4.020017e+01
9.999835e-01 4.459586e-03 3.610328e-03 3.363300e+00 -4.461369e-03 9.999899e-01 4.860736e-04 6.901260e-01 -3.608124e-03 -5.021720e-04 9.999934e-01 -4.110090e+01
9.999224e-01 -1.250252e-03 -1.239624e-02 3.338015e+00 1.259270e-03 9.999989e-01 7.197369e-04 7.146369e-01 1.239533e-02 -7.352919e-04 9.999229e-01 -4.220168e+01
9.999818e-01 4.516615e-03 4.009588e-03 3.303908e+00 -4.518592e-03 9.999897e-01 4.841957e-04 7.404219e-01 -4.007359e-03 -5.023039e-04 9.999918e-01 -4.333430e+01
9.999094e-01 -1.270523e-03 -1.340420e-02 3.249352e+00 1.282888e-03 9.999988e-01 9.139971e-04 7.662482e-01 1.340303e-02 -9.311110e-04 9.999097e-01 -4.443961e+01
9.999776e-01 4.573358e-03 4.880034e-03 3.220783e+00 -4.574856e-03 9.999895e-01 2.958414e-04 7.918366e-01 -4.878630e-03 -3.181596e-04 9.999880e-01 -4.558420e+01
9.999145e-01 -1.124670e-03 -1.303147e-02 3.181735e+00 1.135915e-03 9.999990e-01 8.555808e-04 8.196214e-01 1.303049e-02 -8.703109e-04 9.999147e-01 -4.679981e+01
9.999775e-01 4.869602e-03 4.618785e-03 3.207208e+00 -4.873715e-03 9.999877e-01 8.797162e-04 8.431861e-01 -4.614444e-03 -9.022064e-04 9.999889e-01 -4.799930e+01
9.999527e-01 -1.148320e-03 -9.662295e-03 3.323011e+00 1.153096e-03 9.999992e-01 4.887755e-04 8.572209e-01 9.661726e-03 -4.998945e-04 9.999532e-01 -4.889401e+01
9.999873e-01 4.729894e-03 1.753442e-03 3.397428e+00 -4.729818e-03 9.999888e-01 -4.720811e-05 8.774230e-01 -1.753646e-03 3.891467e-05 9.999985e-01 -5.002050e+01
9.999511e-01 -8.807791e-04 -9.854189e-03 3.043636e+00 9.111792e-04 9.999948e-01 3.080974e-03 9.161730e-01 9.851425e-03 -3.089802e-03 9.999467e-01 -5.104448e+01
9.999875e-01 4.685165e-03 -1.760952e-03 2.547209e+00 -4.684276e-03 9.999889e-01 5.084890e-04 9.593346e-01 1.763315e-03 -5.002332e-04 9.999983e-01 -5.185935e+01
9.999694e-01 -8.987554e-04 -7.776544e-03 2.423004e+00 9.094191e-04 9.999987e-01 1.367902e-03 9.889033e-01 7.775304e-03 -1.374933e-03 9.999688e-01 -5.291677e+01
9.999904e-01 4.301529e-03 8.516154e-04 2.466455e+00 -4.300898e-03 9.999905e-01 -7.412476e-04 1.012968e+00 -8.547957e-04 7.375783e-04 9.999994e-01 -5.410287e+01
9.999569e-01 -9.727212e-04 -9.234666e-03 2.413174e+00 9.923197e-04 9.999973e-01 2.117979e-03 1.039734e+00 9.232581e-03 -2.127052e-03 9.999551e-01 -5.524291e+01
9.999915e-01 4.122182e-03 7.198854e-05 2.370914e+00 -4.122157e-03 9.999914e-01 -3.388800e-04 1.061923e+00 -7.338478e-05 3.385810e-04 9.999999e-01 -5.618606e+01
9.999789e-01 -4.721331e-04 -6.471656e-03 2.302602e+00 4.822779e-04 9.999987e-01 1.566174e-03 1.091835e+00 6.470908e-03 -1.569262e-03 9.999778e-01 -5.742023e+01
9.999895e-01 4.519575e-03 -7.189870e-04 2.263709e+00 -4.519608e-03 9.999898e-01 -4.466618e-05 1.124058e+00 7.187779e-04 4.791586e-05 9.999997e-01 -5.886995e+01
9.999810e-01 -8.225228e-04 -6.113182e-03 2.242745e+00 8.313284e-04 9.999986e-01 1.438107e-03 1.152849e+00 6.111991e-03 -1.443162e-03 9.999803e-01 -6.017999e+01
9.999875e-01 4.029075e-03 -2.967056e-03 2.262605e+00 -4.028517e-03 9.999919e-01 1.937244e-04 1.167088e+00 2.967812e-03 -1.817685e-04 9.999956e-01 -6.093381e+01
9.999945e-01 -8.218251e-04 -3.198456e-03 2.286970e+00 8.239358e-04 9.999994e-01 6.587986e-04 1.188126e+00 3.197913e-03 -6.614309e-04 9.999947e-01 -6.201462e+01
9.999818e-01 4.235160e-03 -4.292804e-03 2.232800e+00 -4.232139e-03 9.999908e-01 7.124180e-04 1.214669e+00 4.295782e-03 -6.942367e-04 9.999905e-01 -6.315409e+01
9.999884e-01 -1.155014e-03 -4.673113e-03 2.189283e+00 1.158583e-03 9.999990e-01 7.612183e-04 1.238139e+00 4.672230e-03 -7.666243e-04 9.999888e-01 -6.418522e+01
9.999843e-01 4.348207e-03 -3.522701e-03 2.149475e+00 -4.345958e-03 9.999903e-01 6.455354e-04 1.262451e+00 3.525474e-03 -6.302151e-04 9.999936e-01 -6.524473e+01
9.999888e-01 -1.092380e-03 -4.605083e-03 2.128193e+00 1.095367e-03 9.999992e-01 6.462203e-04 1.286571e+00 4.604373e-03 -6.512580e-04 9.999892e-01 -6.634124e+01
9.999884e-01 4.440776e-03 -1.862902e-03 2.158928e+00 -4.440098e-03 9.999901e-01 3.678294e-04 1.309443e+00 1.864517e-03 -3.595531e-04 9.999982e-01 -6.749913e+01
9.999836e-01 -6.358849e-04 -5.690424e-03 2.143444e+00 6.410914e-04 9.999994e-01 9.132642e-04 1.339183e+00 5.689840e-03 -9.168979e-04 9.999834e-01 -6.886485e+01
9.999891e-01 4.626012e-03 -6.587294e-04 2.109096e+00 -4.625815e-03 9.999893e-01 2.993506e-04 1.370997e+00 6.601071e-04 -2.962996e-04 9.999997e-01 -7.030889e+01
9.999762e-01 -7.230122e-04 -6.865223e-03 2.051528e+00 7.322626e-04 9.999988e-01 1.345088e-03 1.401449e+00 6.864243e-03 -1.350084e-03 9.999755e-01 -7.159852e+01
9.999886e-01 4.767164e-03 -2.270653e-04 1.958514e+00 -4.767161e-03 9.999886e-01 1.088135e-05 1.436293e+00 2.271147e-04 -9.798175e-06 1.000000e+00 -7.304250e+01
9.999506e-01 -2.079455e-03 -9.714949e-03 1.951182e+00 2.094917e-03 9.999966e-01 1.581714e-03 1.448634e+00 9.711627e-03 -1.601989e-03 9.999516e-01 -7.368136e+01
9.999876e-01 4.935201e-03 -6.456225e-04 2.011442e+00 -4.935709e-03 9.999875e-01 -7.884975e-04 1.465817e+00 6.417230e-04 7.916749e-04 9.999995e-01 -7.461883e+01
9.999709e-01 -1.628631e-03 -7.452469e-03 2.045790e+00 1.640037e-03 9.999975e-01 1.524749e-03 1.489631e+00 7.449967e-03 -1.536927e-03 9.999711e-01 -7.579889e+01
9.999849e-01 5.483258e-03 -2.392699e-04 2.013882e+00 -5.483341e-03 9.999849e-01 -3.467743e-04 1.521605e+00 2.373649e-04 3.480817e-04 9.999999e-01 -7.720435e+01
9.999374e-01 -2.674563e-03 -1.086761e-02 1.914890e+00 2.701081e-03 9.999934e-01 2.426265e-03 1.534327e+00 1.086105e-02 -2.455468e-03 9.999380e-01 -7.763508e+01
9.999791e-01 5.689945e-03 3.055166e-03 1.798102e+00 -5.688280e-03 9.999837e-01 -5.531315e-04 1.542769e+00 -3.058263e-03 5.357419e-04 9.999952e-01 -7.780059e+01
9.999230e-01 -2.607287e-03 -1.213443e-02 1.761174e+00 2.628868e-03 9.999950e-01 1.762966e-03 1.566135e+00 1.212977e-02 -1.794730e-03 9.999248e-01 -7.875865e+01
9.999767e-01 5.819394e-03 3.557701e-03 1.769639e+00 -5.816632e-03 9.999828e-01 -7.858473e-04 1.590645e+00 -3.562213e-03 7.651357e-04 9.999934e-01 -7.988666e+01
9.999379e-01 -2.126921e-03 -1.093969e-02 1.787396e+00 2.144823e-03 9.999964e-01 1.625085e-03 1.620694e+00 1.093620e-02 -1.648448e-03 9.999388e-01 -8.126266e+01
9.999818e-01 5.640679e-03 2.163246e-03 1.876740e+00 -5.638214e-03 9.999835e-01 -1.143890e-03 1.644392e+00 -2.169662e-03 1.131673e-03 9.999970e-01 -8.249525e+01
9.999385e-01 -2.258801e-03 -1.086238e-02 1.948647e+00 2.280721e-03 9.999954e-01 2.006074e-03 1.665010e+00 1.085780e-02 -2.030725e-03 9.999390e-01 -8.358899e+01
9.999848e-01 5.299188e-03 1.500076e-03 1.959941e+00 -5.297651e-03 9.999854e-01 -1.026023e-03 1.685818e+00 -1.505491e-03 1.018061e-03 9.999983e-01 -8.457461e+01
9.999362e-01 -2.047665e-03 -1.111272e-02 2.031877e+00 2.066299e-03 9.999965e-01 1.665581e-03 1.704931e+00 1.110927e-02 -1.688438e-03 9.999369e-01 -8.562185e+01
9.999805e-01 5.596054e-03 2.772693e-03 2.088960e+00 -5.593612e-03 9.999840e-01 -8.875462e-04 1.729085e+00 -2.777615e-03 8.720201e-04 9.999958e-01 -8.685076e+01
9.999336e-01 -1.914338e-03 -1.136190e-02 2.086976e+00 1.936760e-03 9.999962e-01 1.962837e-03 1.747510e+00 1.135810e-02 -1.984713e-03 9.999335e-01 -8.777143e+01
9.999611e-01 5.595016e-03 6.816778e-03 2.114288e+00 -5.587838e-03 9.999838e-01 -1.071437e-03 1.760542e+00 -6.822663e-03 1.033304e-03 9.999762e-01 -8.851323e+01
9.998894e-01 -2.082844e-03 -1.472830e-02 2.061126e+00 2.119043e-03 9.999948e-01 2.442658e-03 1.788566e+00 1.472314e-02 -2.473598e-03 9.998885e-01 -8.970197e+01
9.999553e-01 6.015373e-03 7.294676e-03 1.985074e+00 -6.008860e-03 9.999815e-01 -9.143698e-04 1.821372e+00 -7.300042e-03 8.704968e-04 9.999730e-01 -9.107139e+01
9.998977e-01 -1.790145e-03 -1.419107e-02 1.907800e+00 1.828189e-03 9.999948e-01 2.668314e-03 1.855881e+00 1.418622e-02 -2.693985e-03 9.998957e-01 -9.252077e+01
9.999381e-01 6.434960e-03 9.075966e-03 1.885638e+00 -6.423287e-03 9.999785e-01 -1.314673e-03 1.891525e+00 -9.084231e-03 1.256295e-03 9.999579e-01 -9.419642e+01
9.999245e-01 -1.673501e-03 -1.217582e-02 1.921346e+00 1.703191e-03 9.999956e-01 2.428542e-03 1.927702e+00 1.217170e-02 -2.449097e-03 9.999229e-01 -9.596146e+01
9.999729e-01 5.736590e-03 4.606216e-03 1.862749e+00 -5.731586e-03 9.999830e-01 -1.098592e-03 1.961344e+00 -4.612440e-03 1.072161e-03 9.999888e-01 -9.736719e+01
9.999251e-01 -2.092470e-03 -1.205681e-02 1.813402e+00 2.120441e-03 9.999951e-01 2.307612e-03 1.990793e+00 1.205193e-02 -2.333005e-03 9.999247e-01 -9.861726e+01
9.999782e-01 5.527210e-03 3.611438e-03 1.760942e+00 -5.524435e-03 9.999844e-01 -7.778950e-04 2.017387e+00 -3.615682e-03 7.579274e-04 9.999932e-01 -9.974231e+01
9.999352e-01 -2.013438e-03 -1.120775e-02 1.759676e+00 2.032882e-03 9.999964e-01 1.723802e-03 2.044303e+00 1.120424e-02 -1.746474e-03 9.999357e-01 -1.009708e+02
9.999866e-01 5.146486e-03 -5.647948e-04 1.565189e+00 -5.146052e-03 9.999865e-01 7.668381e-04 2.074481e+00 5.687337e-04 -7.639209e-04 9.999995e-01 -1.019646e+02
9.999354e-01 -2.075724e-03 -1.117447e-02 1.433013e+00 2.082742e-03 9.999976e-01 6.164624e-04 2.101849e+00 1.117316e-02 -6.396966e-04 9.999374e-01 -1.028986e+02
9.999862e-01 4.956881e-03 -1.741443e-03 1.411232e+00 -4.955349e-03 9.999873e-01 8.823536e-04 2.120881e+00 1.745795e-03 -8.737114e-04 9.999981e-01 -1.037743e+02
9.999706e-01 -1.365926e-03 -7.539046e-03 1.461986e+00 1.367963e-03 9.999990e-01 2.650617e-04 2.118589e+00 7.538677e-03 -2.753676e-04 9.999715e-01 -1.038659e+02
9.999919e-01 4.021139e-03 -2.789728e-04 1.660352e+00 -4.021015e-03 9.999918e-01 4.424326e-04 2.116218e+00 2.807496e-04 -4.413067e-04 9.999999e-01 -1.041698e+02
9.999665e-01 -9.514456e-04 -8.127753e-03 1.740174e+00 9.525909e-04 9.999995e-01 1.371186e-04 2.134553e+00 8.127619e-03 -1.448570e-04 9.999670e-01 -1.051992e+02
9.999888e-01 4.696024e-03 5.865678e-04 1.724098e+00 -4.696718e-03 9.999883e-01 1.188138e-03 2.163727e+00 -5.809814e-04 -1.190879e-03 9.999991e-01 -1.065138e+02
9.999744e-01 -4.463831e-04 -7.138627e-03 1.750360e+00 4.458376e-04 9.999999e-01 -7.792013e-05 2.195376e+00 7.138661e-03 7.473495e-05 9.999745e-01 -1.081236e+02
9.999829e-01 5.643563e-03 1.530816e-03 1.807769e+00 -5.648221e-03 9.999794e-01 3.056251e-03 2.217890e+00 -1.513536e-03 -3.064845e-03 9.999942e-01 -1.094505e+02
9.999877e-01 -2.257043e-03 -4.411613e-03 1.925936e+00 2.250868e-03 9.999965e-01 -1.404138e-03 2.224371e+00 4.414767e-03 1.394190e-03 9.999893e-01 -1.099402e+02
9.999730e-01 4.991638e-03 -5.390382e-03 1.955694e+00 -4.976882e-03 9.999838e-01 2.747249e-03 2.228924e+00 5.404009e-03 -2.720347e-03 9.999817e-01 -1.103076e+02
9.999995e-01 -7.709674e-04 5.682390e-04 2.023522e+00 7.716642e-04 9.999989e-01 -1.228141e-03 2.244688e+00 -5.672915e-04 1.228578e-03 9.999991e-01 -1.112417e+02
9.999669e-01 4.379829e-03 -6.861116e-03 2.007995e+00 -4.363346e-03 9.999876e-01 2.415429e-03 2.271912e+00 6.871610e-03 -2.385412e-03 9.999735e-01 -1.124549e+02
9.999993e-01 -9.222986e-04 -7.184597e-04 2.039212e+00 9.211408e-04 9.999983e-01 -1.609348e-03 2.297762e+00 7.199428e-04 1.608685e-03 9.999984e-01 -1.136899e+02
9.999602e-01 3.844293e-03 -8.051704e-03 2.084267e+00 -3.825948e-03 9.999901e-01 2.292399e-03 2.318805e+00 8.060436e-03 -2.261501e-03 9.999650e-01 -1.147195e+02
9.999969e-01 -5.960956e-04 -2.430233e-03 2.133861e+00 5.930200e-04 9.999990e-01 -1.265851e-03 2.338935e+00 2.430985e-03 1.264405e-03 9.999962e-01 -1.157794e+02
9.999815e-01 4.925452e-03 -3.569152e-03 2.156668e+00 -4.914235e-03 9.999830e-01 3.144501e-03 2.353466e+00 3.584579e-03 -3.126903e-03 9.999887e-01 -1.165294e+02
9.999996e-01 -4.037606e-04 7.985633e-04 2.147894e+00 4.050256e-04 9.999987e-01 -1.585297e-03 2.380809e+00 -7.979221e-04 1.585620e-03 9.999984e-01 -1.178225e+02
9.999366e-01 3.792273e-03 -1.060335e-02 2.120844e+00 -3.759356e-03 9.999881e-01 3.122573e-03 2.406076e+00 1.061506e-02 -3.082512e-03 9.999389e-01 -1.189835e+02
9.999950e-01 -4.069902e-04 3.124162e-03 2.143050e+00 4.115985e-04 9.999988e-01 -1.474762e-03 2.419677e+00 -3.123558e-03 1.476040e-03 9.999940e-01 -1.196896e+02
9.999785e-01 3.695193e-03 -5.419178e-03 2.032698e+00 -3.676533e-03 9.999873e-01 3.449026e-03 2.441135e+00 5.431854e-03 -3.429028e-03 9.999794e-01 -1.203045e+02
9.999937e-01 -2.605446e-03 2.393874e-03 1.836290e+00 2.608360e-03 9.999959e-01 -1.215114e-03 2.455138e+00 -2.390698e-03 1.221350e-03 9.999964e-01 -1.202080e+02
9.999642e-01 7.300037e-03 -4.277369e-03 2.801019e+00 -7.292298e-03 9.999718e-01 1.821820e-03 2.417714e+00 4.290548e-03 -1.790563e-03 9.999892e-01 -1.201250e+02
9.999773e-01 -1.161120e-03 6.633301e-03 4.397330e+00 1.172239e-03 9.999979e-01 -1.672623e-03 2.375221e+00 -6.631345e-03 1.680361e-03 9.999766e-01 -1.208589e+02
9.999572e-01 7.860991e-03 -4.869835e-03 5.791997e+00 -7.847673e-03 9.999654e-01 2.747728e-03 2.331928e+00 4.891267e-03 -2.709393e-03 9.999844e-01 -1.213256e+02
9.999993e-01 -1.178395e-03 2.699891e-04 7.163911e+00 1.178661e-03 9.999988e-01 -9.890257e-04 2.267846e+00 -2.688233e-04 9.893427e-04 9.999995e-01 -1.210304e+02
9.998402e-01 1.703034e-02 5.431157e-03 1.096992e+01 -1.704011e-02 9.998533e-01 1.758029e-03 2.139491e+00 -5.400420e-03 -1.850295e-03 9.999837e-01 -1.214334e+02
9.999876e-01 -3.944741e-03 3.045017e-03 1.432043e+01 3.943874e-03 9.999922e-01 2.904252e-04 2.064967e+00 -3.046139e-03 -2.784130e-04 9.999953e-01 -1.227242e+02
9.999415e-01 1.060110e-02 2.167259e-03 1.475142e+01 -1.060177e-02 9.999438e-01 3.005273e-04 2.080301e+00 -2.163951e-03 -3.234860e-04 9.999976e-01 -1.242848e+02
9.999737e-01 -5.471789e-03 -4.753517e-03 1.470958e+01 5.476959e-03 9.999844e-01 1.075475e-03 2.118815e+00 4.747558e-03 -1.101482e-03 9.999881e-01 -1.260252e+02
9.999472e-01 1.027588e-02 -1.170223e-04 1.463825e+01 -1.027586e-02 9.999472e-01 1.617740e-04 2.158606e+00 1.186784e-04 -1.605624e-04 1.000000e+00 -1.277767e+02
9.999475e-01 -5.539808e-03 -8.618432e-03 1.495468e+01 5.552082e-03 9.999836e-01 1.401011e-03 2.174518e+00 8.610529e-03 -1.448788e-03 9.999619e-01 -1.291820e+02
9.999053e-01 1.165764e-02 7.312794e-03 1.541595e+01 -1.166055e-02 9.999320e-01 3.556251e-04 2.181503e+00 -7.308151e-03 -4.408621e-04 9.999732e-01 -1.304686e+02
9.999304e-01 -7.206581e-03 -9.343168e-03 1.541211e+01 7.213720e-03 9.999737e-01 7.306910e-04 2.212718e+00 9.337657e-03 -7.980396e-04 9.999561e-01 -1.319634e+02
9.999430e-01 1.060653e-02 1.234266e-03 1.537727e+01 -1.060743e-02 9.999435e-01 7.234682e-04 2.238375e+00 -1.226523e-03 -7.365188e-04 9.999990e-01 -1.331237e+02
9.999376e-01 -7.177617e-03 -8.559192e-03 1.533372e+01 7.182051e-03 9.999741e-01 4.875534e-04 2.265444e+00 8.555471e-03 -5.489960e-04 9.999633e-01 -1.342865e+02
9.999447e-01 1.050678e-02 4.905738e-04 1.531419e+01 -1.050723e-02 9.999444e-01 9.318437e-04 2.291222e+00 -4.807559e-04 -9.369462e-04 9.999994e-01 -1.354822e+02
9.999395e-01 -7.153153e-03 -8.360754e-03 1.528412e+01 7.156821e-03 9.999743e-01 4.089989e-04 2.317334e+00 8.357614e-03 -4.688111e-04 9.999650e-01 -1.366802e+02
9.999443e-01 1.055503e-02 2.215819e-04 1.525284e+01 -1.055528e-02 9.999436e-01 1.176296e-03 2.343578e+00 -2.091536e-04 -1.178568e-03 9.999993e-01 -1.378741e+02
9.999395e-01 -7.392301e-03 -8.148785e-03 1.524512e+01 7.394380e-03 9.999726e-01 2.250384e-04 2.366549e+00 8.146899e-03 -2.852805e-04 9.999668e-01 -1.389870e+02
