9.999951e-01 3.033913e-03 -7.375272e-04 3.229221e-02 -3.031853e-03 9.999915e-01 2.777553e-03 -9.537924e-03 7.459475e-04 -2.775304e-03 9.999959e-01 5.510324e-01
9.999889e-01 2.486695e-04 4.703281e-03 -8.747870e-02 -2.461006e-04 9.999998e-01 -5.467652e-04 -1.399265e-02 -4.703415e-03 5.456023e-04 9.999888e-01 1.442469e+00
9.999843e-01 2.848259e-03 -4.823831e-03 -1.336419e-01 -2.837405e-03 9.999934e-01 2.255328e-03 -1.989806e-02 4.830223e-03 -2.241606e-03 9.999858e-01 2.051143e+00
9.999999e-01 2.237284e-04 -2.376954e-04 -6.685833e-02 -2.237216e-04 1.000000e+00 2.815228e-05 -4.071668e-02 2.377020e-04 -2.809839e-05 1.000000e+00 2.795498e+00
9.999841e-01 1.750854e-03 -5.366352e-03 -2.743285e-03 -1.743804e-03 9.999976e-01 1.318251e-03 -5.603577e-02 5.368647e-03 -1.308873e-03 9.999847e-01 3.475972e+00
9.999786e-01 2.670812e-03 5.975106e-03 4.107824e-02 -2.668580e-03 9.999964e-01 -3.814366e-04 -8.968867e-02 -5.976103e-03 3.654841e-04 9.999821e-01 4.906372e+00
9.999479e-01 -2.195531e-05 -1.020462e-02 8.509161e-02 3.529700e-05 9.999991e-01 1.307240e-03 -1.118179e-01 1.020458e-02 -1.307533e-03 9.999471e-01 5.851232e+00
9.999950e-01 2.620614e-03 1.781299e-03 1.262926e-01 -2.620551e-03 9.999966e-01 -3.760725e-05 -1.204314e-01 -1.781391e-03 3.293980e-05 9.999984e-01 6.042574e+00
9.999969e-01 8.065791e-04 2.344232e-03 7.082619e-02 -8.092187e-04 9.999990e-01 1.125256e-03 -1.381645e-01 -2.343322e-03 -1.127150e-03 9.999966e-01 7.375917e+00
9.997476e-01 6.507982e-03 2.150471e-02 -4.488805e-02 -6.473459e-03 9.999776e-01 -1.674597e-03 -1.870168e-01 -2.151513e-02 1.534965e-03 9.997673e-01 1.062402e+01
9.999937e-01 2.179580e-03 -2.815113e-03 -1.112097e-01 -2.175521e-03 9.999966e-01 1.444403e-03 -2.384439e-01 2.818251e-03 -1.438271e-03 9.999950e-01 1.361015e+01
9.999967e-01 1.333860e-03 2.175354e-03 -4.557513e-02 -1.332581e-03 9.999989e-01 -5.894730e-04 -2.744123e-01 -2.176137e-03 5.865729e-04 9.999975e-01 1.516416e+01
9.999915e-01 3.199354e-03 2.605322e-03 -8.704342e-03 -3.202648e-03 9.999941e-01 1.261170e-03 -3.152930e-01 -2.601272e-03 -1.269504e-03 9.999958e-01 1.710952e+01
9.999995e-01 1.006576e-03 -1.792070e-04 5.854569e-02 -1.006629e-03 9.999994e-01 -2.944877e-04 -3.439643e-01 1.789108e-04 2.946687e-04 9.999999e-01 1.841526e+01
9.999933e-01 2.538351e-03 -2.645853e-03 1.980302e-01 -2.532156e-03 9.999941e-01 2.342310e-03 -3.401071e-01 2.651782e-03 -2.335595e-03 9.999938e-01 1.795108e+01
9.999985e-01 1.414089e-04 -1.713589e-03 2.894042e-01 -1.425641e-04 9.999998e-01 -6.740816e-04 -3.449068e-01 1.713494e-03 6.743257e-04 9.999983e-01 1.799883e+01
9.999976e-01 2.185937e-03 -8.418895e-06 2.336505e-01 -2.185903e-03 9.999934e-01 2.903438e-03 -3.472751e-01 1.476525e-05 -2.903413e-03 9.999958e-01 1.835004e+01
9.999926e-01 2.541238e-04 -3.829097e-03 2.326523e-01 -2.602108e-04 9.999987e-01 -1.589265e-03 -3.479901e-01 3.828688e-03 1.590250e-03 9.999914e-01 1.844330e+01
9.999795e-01 2.302922e-03 -5.974439e-03 2.908018e-01 -2.287898e-03 9.999942e-01 2.520429e-03 -3.385846e-01 5.980209e-03 -2.506709e-03 9.999790e-01 1.787195e+01
9.999995e-01 7.775545e-04 6.479467e-04 3.563094e-01 -7.768715e-04 9.999991e-01 -1.053780e-03 -3.331583e-01 -6.487652e-04 1.053277e-03 9.999992e-01 1.750109e+01
9.999463e-01 1.556998e-03 -1.024595e-02 4.097655e-01 -1.535271e-03 9.999966e-01 2.128054e-03 -3.300511e-01 1.024923e-02 -2.112210e-03 9.999452e-01 1.721464e+01
9.999996e-01 7.860982e-04 -4.877499e-04 5.248029e-01 -7.867962e-04 9.999987e-01 -1.432639e-03 -3.223689e-01 4.866233e-04 1.433023e-03 9.999989e-01 1.658473e+01
9.999432e-01 1.618944e-03 -1.053651e-02 6.821198e-01 -1.594497e-03 9.999960e-01 2.328224e-03 -3.178455e-01 1.054024e-02 -2.311292e-03 9.999418e-01 1.602683e+01
9.999996e-01 8.266439e-04 -3.658677e-04 8.514571e-01 -8.271095e-04 9.999988e-01 -1.274132e-03 -3.257729e-01 3.648143e-04 1.274435e-03 9.999991e-01 1.595037e+01
9.999429e-01 1.523631e-03 -1.057837e-02 9.399539e-01 -1.493257e-03 9.999947e-01 2.878609e-03 -3.287632e-01 1.058270e-02 -2.862649e-03 9.999399e-01 1.588600e+01
9.999992e-01 9.450788e-04 8.191062e-04 1.010050e+00 -9.434929e-04 9.999977e-01 -1.934300e-03 -3.208766e-01 -8.209320e-04 1.933526e-03 9.999978e-01 1.533335e+01
9.999319e-01 1.367927e-03 -1.158724e-02 1.165845e+00 -1.338127e-03 9.999958e-01 2.579244e-03 -3.159453e-01 1.159072e-02 -2.563563e-03 9.999295e-01 1.479028e+01
9.999948e-01 9.469694e-04 -3.077037e-03 1.322211e+00 -9.503569e-04 9.999989e-01 -1.099646e-03 -3.137313e-01 3.075993e-03 1.102566e-03 9.999947e-01 1.431144e+01
9.999818e-01 1.819003e-03 -5.749931e-03 1.473290e+00 -1.808752e-03 9.999968e-01 1.787589e-03 -3.028165e-01 5.753164e-03 -1.777157e-03 9.999819e-01 1.348538e+01
9.999867e-01 8.507950e-04 -5.082045e-03 1.656583e+00 -8.551420e-04 9.999993e-01 -8.532678e-04 -2.984926e-01 5.081315e-03 8.576030e-04 9.999867e-01 1.286711e+01
9.999848e-01 1.500318e-03 -5.313067e-03 1.754482e+00 -1.490296e-03 9.999971e-01 1.889904e-03 -2.906711e-01 5.315887e-03 -1.881958e-03 9.999841e-01 1.227173e+01
9.999882e-01 4.863164e-04 -4.843032e-03 1.777243e+00 -4.904557e-04 9.999995e-01 -8.535447e-04 -2.833374e-01 4.842615e-03 8.559107e-04 9.999879e-01 1.181658e+01
9.999684e-01 1.323566e-03 -7.844817e-03 1.813954e+00 -1.308268e-03 9.999972e-01 1.954886e-03 -2.744745e-01 7.847382e-03 -1.944562e-03 9.999673e-01 1.129223e+01
9.999881e-01 8.903613e-04 -4.805465e-03 1.624997e+00 -8.859429e-04 9.999992e-01 9.215018e-04 -2.582237e-01 4.806281e-03 -9.172327e-04 9.999880e-01 1.090148e+01
9.999538e-01 9.832693e-04 -9.559573e-03 1.407017e+00 -9.689817e-04 9.999984e-01 1.499104e-03 -2.409037e-01 9.561032e-03 -1.489773e-03 9.999532e-01 1.055006e+01
9.999971e-01 4.557816e-04 -2.381742e-03 1.219076e+00 -4.535715e-04 9.999995e-01 9.283195e-04 -2.306968e-01 2.382164e-03 -9.272358e-04 9.999967e-01 1.050389e+01
9.999677e-01 1.394143e-03 -7.913784e-03 9.081308e-01 -1.380232e-03 9.999975e-01 1.763087e-03 -2.131638e-01 7.916222e-03 -1.752108e-03 9.999671e-01 1.052832e+01
9.999912e-01 7.377303e-04 -4.121605e-03 7.810382e-01 -7.372605e-04 9.999997e-01 1.154914e-04 -1.991526e-01 4.121690e-03 -1.124510e-04 9.999915e-01 1.018069e+01
9.999780e-01 1.404418e-03 -6.476867e-03 7.547957e-01 -1.396614e-03 9.999983e-01 1.209252e-03 -1.847335e-01 6.478554e-03 -1.200181e-03 9.999783e-01 9.557960e+00
9.999838e-01 7.787828e-04 -5.638387e-03 6.268238e-01 -7.737757e-04 9.999993e-01 8.901455e-04 -1.672814e-01 5.639077e-03 -8.857675e-04 9.999837e-01 8.998799e+00
9.999766e-01 1.445697e-03 -6.687175e-03 2.120043e-01 -1.429029e-03 9.999959e-01 2.496590e-03 -1.369856e-01 6.690756e-03 -2.486977e-03 9.999745e-01 8.526247e+00
9.999876e-01 1.619250e-03 -4.719166e-03 -6.644395e-01 -1.604777e-03 9.999940e-01 3.068939e-03 -7.817428e-02 4.724108e-03 -3.061327e-03 9.999842e-01 8.062297e+00
9.999776e-01 1.156170e-03 -6.598931e-03 -1.261585e+00 -1.151202e-03 9.999991e-01 7.566101e-04 -4.120691e-02 6.599799e-03 -7.489971e-04 9.999779e-01 7.876307e+00
9.999856e-01 2.439017e-04 -5.366697e-03 -1.379521e+00 -2.383262e-04 9.999994e-01 1.039499e-03 -3.472257e-02 5.366948e-03 -1.038204e-03 9.999851e-01 7.808022e+00
9.999985e-01 1.525188e-03 -7.722954e-04 -1.355284e+00 -1.525315e-03 9.999988e-01 -1.635378e-04 -4.967827e-02 7.720448e-04 1.647148e-04 9.999997e-01 8.492274e+00
9.999866e-01 1.190905e-03 -5.042369e-03 -1.290285e+00 -1.184578e-03 9.999985e-01 1.257539e-03 -6.879116e-02 5.043859e-03 -1.251548e-03 9.999865e-01 9.162877e+00
9.999989e-01 1.057960e-03 -1.061292e-03 -2.003311e+00 -1.054065e-03 9.999927e-01 3.664677e-03 -2.695206e-02 1.065161e-03 -3.663555e-03 9.999927e-01 9.212499e+00
9.999541e-01 2.905278e-03 -9.126808e-03 -2.891936e+00 -2.892207e-03 9.999948e-01 1.444996e-03 3.154732e-02 9.130959e-03 -1.418532e-03 9.999573e-01 8.904818e+00
9.999965e-01 -1.037866e-03 -2.445555e-03 -2.895045e+00 1.037426e-03 9.999994e-01 -1.810403e-04 4.382061e-02 2.445741e-03 1.785019e-04 9.999970e-01 8.335542e+00
9.999584e-01 2.831270e-03 -8.674259e-03 -2.877493e+00 -2.819125e-03 9.999950e-01 1.412050e-03 5.422239e-02 8.678214e-03 -1.387537e-03 9.999614e-01 7.805920e+00
9.999883e-01 -1.412682e-03 -4.635224e-03 -3.013108e+00 1.417737e-03 9.999984e-01 1.087470e-03 6.305133e-02 4.633680e-03 -1.094030e-03 9.999887e-01 7.664618e+00
9.999953e-01 2.770400e-03 -1.283989e-03 -3.245940e+00 -2.768990e-03 9.999956e-01 1.097943e-03 7.069526e-02 1.287025e-03 -1.094382e-03 9.999986e-01 8.059578e+00
9.999816e-01 -1.279582e-03 -5.937125e-03 -3.439540e+00 1.284122e-03 9.999989e-01 7.610594e-04 7.515686e-02 5.936145e-03 -7.686700e-04 9.999821e-01 8.414633e+00
9.999880e-01 3.509682e-03 -3.416894e-03 -3.403278e+00 -3.507303e-03 9.999936e-01 7.020730e-04 6.990346e-02 3.419337e-03 -6.900798e-04 9.999939e-01 8.504338e+00
9.999870e-01 -1.373840e-03 -4.909293e-03 -3.331025e+00 1.375295e-03 9.999990e-01 2.929154e-04 7.868951e-02 4.908886e-03 -2.996640e-04 9.999879e-01 7.883874e+00
9.999751e-01 3.659166e-03 -6.028222e-03 -3.383005e+00 -3.652271e-03 9.999927e-01 1.154322e-03 9.582778e-02 6.032402e-03 -1.132276e-03 9.999812e-01 7.175819e+00
9.999847e-01 -1.574958e-03 -5.302155e-03 -3.398378e+00 1.575691e-03 9.999987e-01 1.341413e-04 1.098973e-01 5.301937e-03 -1.424945e-04 9.999859e-01 6.535080e+00
9.999769e-01 3.228372e-03 -5.979797e-03 -3.373249e+00 -3.221777e-03 9.999942e-01 1.112255e-03 1.175925e-01 5.983353e-03 -1.092963e-03 9.999815e-01 6.082563e+00
9.999977e-01 -1.173847e-03 -1.782054e-03 -4.049191e+00 1.180474e-03 9.999924e-01 3.722410e-03 1.583833e-01 1.777671e-03 -3.724506e-03 9.999915e-01 6.070088e+00
9.999814e-01 4.943559e-03 3.585218e-03 -5.323784e+00 -4.953238e-03 9.999841e-01 2.695898e-03 2.392306e-01 -3.571833e-03 -2.713605e-03 9.999899e-01 6.146683e+00
9.999124e-01 -1.733445e-03 -1.312516e-02 -6.062026e+00 1.756371e-03 9.999970e-01 1.735352e-03 2.901316e-01 1.312211e-02 -1.758253e-03 9.999124e-01 5.907846e+00
9.999894e-01 3.843281e-03 2.553398e-03 -6.053626e+00 -3.841648e-03 9.999924e-01 -6.439374e-04 3.037102e-01 -2.555853e-03 6.341220e-04 9.999965e-01 5.244287e+00
9.998709e-01 -1.963782e-03 -1.595049e-02 -6.195796e+00 2.012080e-03 9.999934e-01 3.012544e-03 3.180926e-01 1.594447e-02 -3.044250e-03 9.998682e-01 4.818351e+00
9.999883e-01 3.736044e-03 3.074016e-03 -6.323141e+00 -3.732631e-03 9.999924e-01 -1.115069e-03 3.297337e-01 -3.078158e-03 1.103582e-03 9.999947e-01 4.551368e+00
9.998899e-01 -1.680346e-03 -1.474305e-02 -6.343967e+00 1.718716e-03 9.999952e-01 2.590349e-03 3.432593e-01 1.473862e-02 -2.615404e-03 9.998880e-01 3.955612e+00
9.999639e-01 2.881762e-03 7.993498e-03 -6.655551e+00 -2.882949e-03 9.999958e-01 1.370117e-04 3.586887e-01 -7.993070e-03 -1.600509e-04 9.999680e-01 4.124895e+00
9.998700e-01 -8.016606e-04 -1.610260e-02 -6.909372e+00 8.391450e-04 9.999970e-01 2.321239e-03 3.714247e-01 1.610069e-02 -2.334450e-03 9.998677e-01 4.321016e+00
9.999866e-01 2.480584e-03 4.548995e-03 -7.137471e+00 -2.481148e-03 9.999969e-01 1.183252e-04 3.843162e-01 -4.548687e-03 -1.296096e-04 9.999896e-01 4.270704e+00
9.998717e-01 -4.974277e-04 -1.600935e-02 -7.326937e+00 5.344266e-04 9.999972e-01 2.306898e-03 3.931201e-01 1.600815e-02 -2.315158e-03 9.998692e-01 4.290501e+00
9.999934e-01 2.456147e-03 2.685549e-03 -7.374816e+00 -2.454631e-03 9.999968e-01 -5.678920e-04 3.954181e-01 -2.686936e-03 5.612969e-04 9.999962e-01 4.233683e+00
9.999771e-01 1.827074e-04 -6.763657e-03 -7.343966e+00 -1.719744e-04 9.999987e-01 1.587443e-03 3.760496e-01 6.763938e-03 -1.586244e-03 9.999759e-01 5.080886e+00
9.998110e-01 4.904850e-03 1.881459e-02 -7.414238e+00 -4.874573e-03 9.999868e-01 -1.654764e-03 3.423061e-01 -1.882246e-02 1.562738e-03 9.998216e-01 7.220876e+00
9.999905e-01 2.383707e-03 3.639306e-03 -7.536891e+00 -2.388375e-03 9.999963e-01 1.278929e-03 2.942666e-01 -3.636244e-03 -1.287610e-03 9.999926e-01 1.027914e+01
9.995886e-01 6.016065e-03 2.804371e-02 -7.770589e+00 -5.972149e-03 9.999808e-01 -1.649481e-03 2.508456e-01 -2.805310e-02 1.481322e-03 9.996053e-01 1.366154e+01
9.996460e-01 4.503272e-03 2.622211e-02 -8.172656e+00 -4.502668e-03 9.999899e-01 -8.208551e-05 1.843763e-01 -2.622221e-02 -3.601370e-05 9.996561e-01 1.915911e+01
9.999361e-01 7.675802e-03 8.304546e-03 -8.442641e+00 -7.674126e-03 9.999705e-01 -2.336189e-04 1.329686e-01 -8.306094e-03 1.698745e-04 9.999655e-01 2.299280e+01
9.999612e-01 -4.646753e-03 -7.484308e-03 -8.404236e+00 4.651573e-03 9.999890e-01 6.267271e-04 1.050644e-01 7.481314e-03 -6.615174e-04 9.999718e-01 2.444222e+01
9.995396e-01 1.150248e-02 2.807787e-02 -8.472531e+00 -1.148604e-02 9.999338e-01 -7.465622e-04 5.302658e-02 -2.808460e-02 4.237156e-04 9.996055e-01 2.747281e+01
9.999082e-01 -4.213160e-03 -1.287551e-02 -8.555189e+00 4.227662e-03 9.999905e-01 1.099319e-03 7.125104e-03 1.287076e-02 -1.153652e-03 9.999165e-01 2.998737e+01
9.998887e-01 7.986996e-03 1.260449e-02 -8.547285e+00 -7.978037e-03 9.999679e-01 -7.608753e-04 -2.165819e-02 -1.261016e-02 6.602323e-04 9.999203e-01 3.130614e+01
9.999837e-01 -3.069303e-03 -4.823993e-03 -8.555576e+00 3.074684e-03 9.999947e-01 1.108317e-03 -6.013771e-02 4.820565e-03 -1.123131e-03 9.999878e-01 3.338392e+01
9.999351e-01 8.044726e-03 8.064891e-03 -8.566366e+00 -8.041925e-03 9.999676e-01 -3.795588e-04 -8.894629e-02 -8.067683e-03 3.146777e-04 9.999674e-01 3.474343e+01
9.997730e-01 -6.470414e-03 -2.029885e-02 -8.650518e+00 6.520775e-03 9.999758e-01 2.415773e-03 -8.698807e-02 2.028273e-02 -2.547590e-03 9.997910e-01 3.478508e+01
9.998947e-01 8.433312e-03 1.181062e-02 -8.705238e+00 -8.422553e-03 9.999641e-01 -9.603986e-04 -9.140972e-02 -1.181829e-02 8.608226e-04 9.999298e-01 3.511128e+01
9.997495e-01 -6.020273e-03 -2.155748e-02 -8.813822e+00 6.071900e-03 9.999789e-01 2.330210e-03 -8.021687e-02 2.154299e-02 -2.460522e-03 9.997649e-01 3.481850e+01
9.999003e-01 8.454783e-03 1.131312e-02 -8.849775e+00 -8.444829e-03 9.999639e-01 -9.273376e-04 -6.301452e-02 -1.132055e-02 8.317086e-04 9.999356e-01 3.411488e+01
9.997561e-01 -6.264828e-03 -2.117810e-02 -8.898394e+00 6.318438e-03 9.999770e-01 2.465424e-03 -5.383374e-02 2.116217e-02 -2.598636e-03 9.997727e-01 3.384617e+01
9.998926e-01 8.626122e-03 1.184551e-02 -8.974454e+00 -8.618302e-03 9.999626e-01 -7.111043e-04 -4.053281e-02 -1.185120e-02 6.089405e-04 9.999296e-01 3.346916e+01
9.997228e-01 -6.870319e-03 -2.251821e-02 -8.975688e+00 6.920310e-03 9.999738e-01 2.142883e-03 -3.483484e-02 2.250290e-02 -2.298122e-03 9.997441e-01 3.318319e+01
9.998896e-01 8.375934e-03 1.227497e-02 -8.977953e+00 -8.364888e-03 9.999646e-01 -9.509254e-04 -3.946008e-02 -1.228250e-02 8.481424e-04 9.999242e-01 3.334363e+01
9.998539e-01 -6.310545e-03 -1.588539e-02 -8.971092e+00 6.337024e-03 9.999786e-01 1.617138e-03 -5.663641e-02 1.587484e-02 -1.717569e-03 9.998725e-01 3.419939e+01
9.999291e-01 8.462011e-03 8.383802e-03 -8.986723e+00 -8.459277e-03 9.999642e-01 -3.615447e-04 -6.518799e-02 -8.386560e-03 2.905989e-04 9.999648e-01 3.462273e+01
9.997861e-01 -6.981739e-03 -1.946619e-02 -8.961990e+00 7.012746e-03 9.999742e-01 1.525081e-03 -6.284234e-02 1.945504e-02 -1.661267e-03 9.998094e-01 3.439898e+01
9.999278e-01 8.789699e-03 8.195443e-03 -8.959120e+00 -8.785599e-03 9.999613e-01 -5.362066e-04 -6.235671e-02 -8.199839e-03 4.641667e-04 9.999663e-01 3.428258e+01
9.997579e-01 -7.229430e-03 -2.078178e-02 -8.926922e+00 7.261044e-03 9.999726e-01 1.446152e-03 -5.638746e-02 2.077076e-02 -1.596700e-03 9.997830e-01 3.388034e+01
9.999010e-01 9.531971e-03 1.034969e-02 -8.827935e+00 -9.535165e-03 9.999545e-01 2.593393e-04 -5.775396e-02 -1.034674e-02 -3.579989e-04 9.999464e-01 3.376453e+01
9.998487e-01 -6.803183e-03 -1.600793e-02 -8.685573e+00 6.814742e-03 9.999766e-01 6.676597e-04 -6.203922e-02 1.600302e-02 -7.766494e-04 9.998716e-01 3.361336e+01
9.999564e-01 8.567614e-03 3.726135e-03 -8.690619e+00 -8.569932e-03 9.999631e-01 6.065718e-04 -5.488339e-02 -3.720801e-03 -6.384773e-04 9.999929e-01 3.322267e+01
9.998689e-01 -6.931319e-03 -1.463557e-02 -8.661227e+00 6.942835e-03 9.999756e-01 7.361661e-04 -6.112512e-02 1.463011e-02 -8.376827e-04 9.998926e-01 3.339170e+01
9.998999e-01 9.414672e-03 1.056414e-02 -8.627501e+00 -9.416242e-03 9.999557e-01 9.890926e-05 -8.394107e-02 -1.056274e-02 -1.983731e-04 9.999442e-01 3.437159e+01
9.998880e-01 -6.380874e-03 -1.354103e-02 -8.583987e+00 6.390313e-03 9.999794e-01 6.539775e-04 -1.105587e-01 1.353658e-02 -7.404364e-04 9.999081e-01 3.547912e+01
9.999444e-01 8.606128e-03 6.089004e-03 -8.530201e+00 -8.607928e-03 9.999629e-01 2.695785e-04 -1.248284e-01 -6.086458e-03 -3.219765e-04 9.999814e-01 3.594379e+01
9.998400e-01 -6.251419e-03 -1.675767e-02 -8.563319e+00 6.265182e-03 9.999801e-01 7.689373e-04 -1.081285e-01 1.675253e-02 -8.738049e-04 9.998593e-01 3.519741e+01
9.999288e-01 8.970357e-03 7.873740e-03 -8.364795e+00 -8.968130e-03 9.999597e-01 -3.181835e-04 -1.277769e-01 -7.876277e-03 2.475488e-04 9.999690e-01 3.580503e+01
9.999765e-01 -5.015307e-03 -4.675361e-03 -8.290228e+00 5.023645e-03 9.999858e-01 1.773378e-03 -1.697970e-01 4.666400e-03 -1.796824e-03 9.999875e-01 3.759350e+01
9.999337e-01 8.137973e-03 8.152010e-03 -8.264474e+00 -8.136569e-03 9.999669e-01 -2.052928e-04 -1.978820e-01 -8.153410e-03 1.389505e-04 9.999668e-01 3.906981e+01
9.999939e-01 -3.431900e-03 6.239768e-04 -8.317905e+00 3.430951e-03 9.999930e-01 1.515612e-03 -2.282545e-01 -6.291740e-04 -1.513463e-03 9.999987e-01 4.087943e+01
9.994054e-01 1.091056e-02 3.270881e-02 -8.434595e+00 -1.078845e-02 9.999342e-01 -3.907436e-03 -2.945331e-01 -3.274928e-02 3.552236e-03 9.994573e-01 4.529402e+01
9.999975e-01 1.888900e-03 -1.222176e-03 -8.386294e+00 -1.884545e-03 9.999919e-01 3.554472e-03 -3.792913e-01 1.228880e-03 -3.552160e-03 9.999929e-01 4.944569e+01
9.999965e-01 8.490395e-04 -2.505188e-03 -8.321711e+00 -8.533253e-04 9.999982e-01 -1.710273e-03 -3.933085e-01 2.503731e-03 1.712405e-03 9.999954e-01 4.991438e+01
9.999919e-01 5.212164e-04 -3.979274e-03 -8.413107e+00 -5.082268e-04 9.999945e-01 3.264686e-03 -3.962392e-01 3.980954e-03 -3.262638e-03 9.999868e-01 5.035146e+01
9.999952e-01 1.953241e-03 -2.395233e-03 -8.464227e+00 -1.957802e-03 9.999963e-01 -1.903409e-03 -3.938860e-01 2.391507e-03 1.908090e-03 9.999953e-01 5.036107e+01
9.999761e-01 -2.639892e-04 -6.914768e-03 -8.425044e+00 2.880718e-04 9.999939e-01 3.482040e-03 -4.003163e-01 6.913806e-03 -3.483949e-03 9.999700e-01 5.059999e+01
9.998981e-01 4.331052e-03 1.360004e-02 -8.432533e+00 -4.295450e-03 9.999873e-01 -2.645915e-03 -4.230209e-01 -1.361132e-02 2.587228e-03 9.999040e-01 5.208189e+01
9.999147e-01 -9.463207e-04 -1.302768e-02 -8.351835e+00 1.002369e-03 9.999903e-01 4.296443e-03 -4.319052e-01 1.302348e-02 -4.309136e-03 9.999059e-01 5.258646e+01
9.998666e-01 4.424786e-03 1.572401e-02 -8.319846e+00 -4.389439e-03 9.999878e-01 -2.281772e-03 -4.437210e-01 -1.573391e-02 2.212448e-03 9.998738e-01 5.335549e+01
9.997788e-01 -1.187053e-03 -2.099915e-02 -8.270260e+00 1.272204e-03 9.999910e-01 4.042051e-03 -4.453646e-01 2.099417e-02 -4.067873e-03 9.997713e-01 5.339473e+01
9.998990e-01 5.060625e-03 1.328118e-02 -8.139024e+00 -5.029429e-03 9.999845e-01 -2.381194e-03 -4.312339e-01 -1.329303e-02 2.314158e-03 9.999090e-01 5.243216e+01
9.998269e-01 -1.722204e-03 -1.852582e-02 -8.050301e+00 1.787248e-03 9.999923e-01 3.495016e-03 -4.238418e-01 1.851966e-02 -3.527522e-03 9.998223e-01 5.183946e+01
9.999689e-01 3.999691e-03 6.798902e-03 -7.975318e+00 -3.982643e-03 9.999889e-01 -2.519105e-03 -4.208747e-01 -6.808902e-03 2.491950e-03 9.999737e-01 5.145768e+01
9.998677e-01 -1.222744e-03 -1.622134e-02 -7.940771e+00 1.274634e-03 9.999941e-01 3.188942e-03 -4.016298e-01 1.621735e-02 -3.209197e-03 9.998633e-01 5.051112e+01
9.999735e-01 4.271094e-03 5.894280e-03 -7.916973e+00 -4.258365e-03 9.999886e-01 -2.170451e-03 -3.795222e-01 -5.903483e-03 2.145294e-03 9.999803e-01 4.944846e+01
9.998885e-01 -1.396058e-04 -1.493006e-02 -7.877745e+00 1.891304e-04 9.999945e-01 3.315760e-03 -3.511245e-01 1.492952e-02 -3.318215e-03 9.998830e-01 4.803532e+01
9.999323e-01 5.045800e-03 1.048044e-02 -7.726605e+00 -5.028272e-03 9.999859e-01 -1.698094e-03 -3.277464e-01 -1.048886e-02 1.645282e-03 9.999436e-01 4.671345e+01
9.997835e-01 -3.053071e-03 -2.058141e-02 -7.680557e+00 3.112251e-03 9.999911e-01 2.844002e-03 -3.283298e-01 2.057254e-02 -2.907442e-03 9.997841e-01 4.661527e+01
9.998356e-01 6.418546e-03 1.695672e-02 -7.540566e+00 -6.389773e-03 9.999781e-01 -1.750475e-03 -3.443101e-01 -1.696759e-02 1.641838e-03 9.998547e-01 4.709987e+01
9.997421e-01 -3.848495e-03 -2.237914e-02 -7.512245e+00 3.916507e-03 9.999878e-01 2.996059e-03 -3.486371e-01 2.236734e-02 -3.082935e-03 9.997451e-01 4.730626e+01
9.998014e-01 7.217225e-03 1.857683e-02 -7.379316e+00 -7.178967e-03 9.999720e-01 -2.125274e-03 -3.595496e-01 -1.859165e-02 1.991491e-03 9.998252e-01 4.749971e+01
9.997369e-01 -4.271812e-03 -2.253628e-02 -7.189578e+00 4.341628e-03 9.999859e-01 3.049931e-03 -3.740821e-01 2.252293e-02 -3.146973e-03 9.997414e-01 4.776355e+01
9.998799e-01 6.891451e-03 1.387783e-02 -7.024784e+00 -6.862673e-03 9.999742e-01 -2.120230e-03 -3.748895e-01 -1.389208e-02 2.024737e-03 9.999015e-01 4.743156e+01
9.997453e-01 -4.155126e-03 -2.218114e-02 -6.900628e+00 4.215567e-03 9.999875e-01 2.678807e-03 -3.674186e-01 2.216973e-02 -2.771632e-03 9.997504e-01 4.679795e+01
9.999150e-01 6.563070e-03 1.126435e-02 -6.802145e+00 -6.542363e-03 9.999768e-01 -1.874093e-03 -3.582251e-01 -1.127639e-02 1.800239e-03 9.999348e-01 4.617224e+01
9.997319e-01 -4.260638e-03 -2.275744e-02 -6.703267e+00 4.320285e-03 9.999874e-01 2.572445e-03 -3.586148e-01 2.274619e-02 -2.670074e-03 9.997377e-01 4.596796e+01
9.998904e-01 7.211101e-03 1.293274e-02 -6.583096e+00 -7.194493e-03 9.999732e-01 -1.330240e-03 -3.522088e-01 -1.294199e-02 1.237050e-03 9.999155e-01 4.537083e+01
9.997235e-01 -4.535183e-03 -2.307466e-02 -6.467417e+00 4.578358e-03 9.999879e-01 1.818651e-03 -3.420868e-01 2.306613e-02 -1.923792e-03 9.997321e-01 4.469376e+01
9.999255e-01 6.280410e-03 1.046657e-02 -6.397506e+00 -6.270177e-03 9.999798e-01 -1.010221e-03 -3.357569e-01 -1.047270e-02 9.445191e-04 9.999447e-01 4.423482e+01
9.996762e-01 -4.735693e-03 -2.500276e-02 -6.369987e+00 4.797217e-03 9.999856e-01 2.401293e-03 -3.342139e-01 2.499103e-02 -2.520460e-03 9.996845e-01 4.401839e+01
9.997134e-01 8.202742e-03 2.249034e-02 -6.348627e+00 -8.174126e-03 9.999657e-01 -1.364006e-03 -3.555847e-01 -2.250076e-02 1.179777e-03 9.997461e-01 4.511108e+01
9.997740e-01 -3.140716e-03 -2.102513e-02 -6.329389e+00 3.187973e-03 9.999925e-01 2.214523e-03 -3.884508e-01 2.101801e-02 -2.281051e-03 9.997765e-01 4.661052e+01
9.997571e-01 6.754334e-03 2.097868e-02 -6.324238e+00 -6.726347e-03 9.999764e-01 -1.404344e-03 -4.145238e-01 -2.098767e-02 1.262894e-03 9.997789e-01 4.799017e+01
9.999962e-01 -5.506054e-04 2.714407e-03 -6.484832e+00 5.479760e-04 9.999994e-01 9.692296e-04 -4.603112e-01 -2.714939e-03 -9.677392e-04 9.999958e-01 5.121801e+01
9.997456e-01 9.678680e-03 2.037242e-02 -6.643282e+00 -9.657446e-03 9.999527e-01 -1.140429e-03 -5.141776e-01 -2.038249e-02 9.433938e-04 9.997918e-01 5.445077e+01
9.999972e-01 -2.344957e-03 2.589633e-04 -6.774446e+00 2.344698e-03 9.999968e-01 9.926564e-04 -5.607754e-01 -2.612904e-04 -9.920472e-04 9.999995e-01 5.739658e+01
9.999291e-01 8.702365e-03 8.132472e-03 -6.820517e+00 -8.698080e-03 9.999620e-01 -5.620557e-04 -5.950434e-01 -8.137054e-03 4.912796e-04 9.999668e-01 5.919595e+01
9.997831e-01 -6.703296e-03 -1.971893e-02 -6.752468e+00 6.735356e-03 9.999761e-01 1.559891e-03 -5.993553e-01 1.970800e-02 -1.692367e-03 9.998043e-01 5.917526e+01
9.999253e-01 8.497546e-03 8.780789e-03 -6.655591e+00 -8.491902e-03 9.999637e-01 -6.798967e-04 -5.947430e-01 -8.786248e-03 6.052810e-04 9.999612e-01 5.873791e+01
9.998017e-01 -6.427002e-03 -1.885031e-02 -6.576899e+00 6.452251e-03 9.999784e-01 1.278979e-03 -5.848666e-01 1.884168e-02 -1.400353e-03 9.998215e-01 5.814487e+01
9.999441e-01 8.294738e-03 6.556078e-03 -6.476744e+00 -8.293207e-03 9.999656e-01 -2.605777e-04 -5.822414e-01 -6.558014e-03 2.061930e-04 9.999785e-01 5.779931e+01
9.997875e-01 -6.519978e-03 -1.955586e-02 -6.398177e+00 6.544686e-03 9.999779e-01 1.199779e-03 -5.776490e-01 1.954760e-02 -1.327511e-03 9.998080e-01 5.736309e+01
9.999221e-01 8.860372e-03 8.789679e-03 -6.329826e+00 -8.855393e-03 9.999606e-01 -6.051106e-04 -5.636078e-01 -8.794694e-03 5.272281e-04 9.999612e-01 5.660146e+01
9.997638e-01 -6.787337e-03 -2.064791e-02 -6.297983e+00 6.818311e-03 9.999757e-01 1.430113e-03 -5.512581e-01 2.063770e-02 -1.570560e-03 9.997858e-01 5.596615e+01
9.999197e-01 8.990245e-03 8.930084e-03 -6.220008e+00 -8.988121e-03 9.999596e-01 -2.779275e-04 -5.473027e-01 -8.932222e-03 1.976413e-04 9.999601e-01 5.560413e+01
9.997586e-01 -7.280901e-03 -2.073076e-02 -6.129516e+00 7.302781e-03 9.999729e-01 9.799684e-04 -5.441784e-01 2.072306e-02 -1.131125e-03 9.997846e-01 5.523001e+01
9.999199e-01 9.072351e-03 8.830629e-03 -6.065860e+00 -9.071111e-03 9.999588e-01 -1.804563e-04 -5.370506e-01 -8.831902e-03 1.003389e-04 9.999610e-01 5.474804e+01
9.997920e-01 -6.867523e-03 -1.920474e-02 -6.011443e+00 6.883934e-03 9.999760e-01 7.885892e-04 -5.239581e-01 1.919886e-02 -9.206300e-04 9.998153e-01 5.404179e+01
9.999219e-01 9.112054e-03 8.555617e-03 -5.959378e+00 -9.112646e-03 9.999585e-01 3.028978e-05 -5.107292e-01 -8.554985e-03 -1.082510e-04 9.999634e-01 5.335183e+01
9.997842e-01 -6.976949e-03 -1.956854e-02 -5.859626e+00 6.988834e-03 9.999754e-01 5.390715e-04 -5.007937e-01 1.956430e-02 -6.757172e-04 9.998084e-01 5.270622e+01
9.999245e-01 9.205773e-03 8.141796e-03 -5.743800e+00 -9.211430e-03 9.999574e-01 6.576096e-04 -5.036936e-01 -8.135394e-03 -7.325568e-04 9.999666e-01 5.252308e+01
9.998041e-01 -6.948954e-03 -1.853411e-02 -5.628217e+00 6.956196e-03 9.999758e-01 3.263161e-04 -5.087560e-01 1.853139e-02 -4.551798e-04 9.998282e-01 5.246381e+01
9.999252e-01 9.018047e-03 8.263112e-03 -5.510467e+00 -9.020384e-03 9.999593e-01 2.456303e-04 -4.985165e-01 -8.260561e-03 -3.201476e-04 9.999658e-01 5.178078e+01
9.998215e-01 -6.741456e-03 -1.765207e-02 -5.358693e+00 6.746891e-03 9.999772e-01 2.484047e-04 -4.886671e-01 1.764999e-02 -3.674576e-04 9.998442e-01 5.105118e+01
9.999410e-01 8.679340e-03 6.525972e-03 -5.226261e+00 -8.687091e-03 9.999616e-01 1.160351e-03 -4.969082e-01 -6.515650e-03 -1.216973e-03 9.999780e-01 5.109210e+01
9.998704e-01 -6.485323e-03 -1.473437e-02 -5.166739e+00 6.488131e-03 9.999789e-01 1.428071e-04 -5.140154e-01 1.473313e-02 -2.383878e-04 9.998914e-01 5.167219e+01
9.999547e-01 7.902176e-03 5.307959e-03 -5.178620e+00 -7.908371e-03 9.999681e-01 1.147354e-03 -5.216149e-01 -5.298723e-03 -1.189278e-03 9.999853e-01 5.200444e+01
9.998104e-01 -6.109423e-03 -1.849079e-02 -5.194848e+00 6.108115e-03 9.999813e-01 -1.271918e-04 -5.111345e-01 1.849123e-02 1.422303e-05 9.998290e-01 5.152369e+01
9.999356e-01 8.319879e-03 7.712190e-03 -5.124721e+00 -8.325895e-03 9.999651e-01 7.483384e-04 -4.978559e-01 -7.705694e-03 -8.125004e-04 9.999700e-01 5.079195e+01
9.997702e-01 -6.639038e-03 -2.038177e-02 -5.065601e+00 6.640912e-03 9.999779e-01 2.427952e-05 -4.938051e-01 2.038116e-02 -1.596282e-04 9.997923e-01 5.041478e+01
9.999372e-01 8.440828e-03 7.365730e-03 -5.039558e+00 -8.451798e-03 9.999632e-01 1.459496e-03 -4.881560e-01 -7.353140e-03 -1.521657e-03 9.999718e-01 5.004858e+01
9.997786e-01 -6.549350e-03 -1.999648e-02 -5.024724e+00 6.541621e-03 9.999785e-01 -4.519053e-04 -4.872017e-01 1.999901e-02 3.209951e-04 9.997999e-01 4.989014e+01
9.999327e-01 8.307753e-03 8.092481e-03 -4.921402e+00 -8.320470e-03 9.999642e-01 1.539173e-03 -4.856914e-01 -8.079404e-03 -1.606402e-03 9.999661e-01 4.955844e+01
9.997811e-01 -6.352892e-03 -1.993651e-02 -4.846445e+00 6.338979e-03 9.999796e-01 -7.609456e-04 -4.796268e-01 1.994094e-02 6.344012e-04 9.998010e-01 4.909154e+01
9.999151e-01 8.581280e-03 9.806970e-03 -4.783931e+00 -8.596056e-03 9.999620e-01 1.465526e-03 -4.655754e-01 -9.794021e-03 -1.549702e-03 9.999508e-01 4.834811e+01
9.997828e-01 -6.300286e-03 -1.986646e-02 -4.709613e+00 6.282168e-03 9.999798e-01 -9.742132e-04 -4.514267e-01 1.987220e-02 8.491965e-04 9.998022e-01 4.757198e+01
9.999213e-01 8.817319e-03 8.923768e-03 -4.645600e+00 -8.831385e-03 9.999598e-01 1.538010e-03 -4.336941e-01 -8.909848e-03 -1.616698e-03 9.999590e-01 4.665456e+01
9.998106e-01 -6.135258e-03 -1.847152e-02 -4.574263e+00 6.117159e-03 9.999808e-01 -1.036197e-03 -4.159272e-01 1.847753e-02 9.230066e-04 9.998288e-01 4.575092e+01
9.999274e-01 8.581069e-03 8.463926e-03 -4.527109e+00 -8.596416e-03 9.999615e-01 1.778540e-03 -3.998136e-01 -8.448338e-03 -1.851169e-03 9.999626e-01 4.496058e+01
9.998129e-01 -6.024252e-03 -1.837894e-02 -4.466783e+00 6.002487e-03 9.999812e-01 -1.239109e-03 -3.819752e-01 1.838606e-02 1.128557e-03 9.998303e-01 4.405562e+01
9.999198e-01 8.713247e-03 9.196168e-03 -4.401098e+00 -8.729711e-03 9.999604e-01 1.751724e-03 -3.633628e-01 -9.180540e-03 -1.831862e-03 9.999562e-01 4.310012e+01
9.998059e-01 -6.033617e-03 -1.875712e-02 -4.327847e+00 6.008316e-03 9.999810e-01 -1.404919e-03 -3.445782e-01 1.876524e-02 1.291947e-03 9.998231e-01 4.211469e+01
9.999161e-01 8.505239e-03 9.774876e-03 -4.203799e+00 -8.524837e-03 9.999617e-01 1.965053e-03 -3.337077e-01 -9.757789e-03 -2.048217e-03 9.999503e-01 4.137374e+01
9.997648e-01 -6.481337e-03 -2.069798e-02 -4.091977e+00 6.454040e-03 9.999782e-01 -1.385358e-03 -3.294961e-01 2.070651e-02 1.251446e-03 9.997848e-01 4.091127e+01
9.999048e-01 8.561794e-03 1.081996e-02 -3.963041e+00 -8.586528e-03 9.999606e-01 2.241646e-03 -3.305058e-01 -1.080034e-02 -2.334338e-03 9.999389e-01 4.064727e+01
9.997505e-01 -6.670663e-03 -2.131985e-02 -3.890148e+00 6.636508e-03 9.999766e-01 -1.672329e-03 -3.265835e-01 2.133051e-02 1.530422e-03 9.997713e-01 4.025850e+01
9.998950e-01 8.820404e-03 1.149380e-02 -3.810527e+00 -8.846508e-03 9.999584e-01 2.222267e-03 -3.159957e-01 -1.147372e-02 -2.323713e-03 9.999315e-01 3.960374e+01
9.997415e-01 -6.757141e-03 -2.170913e-02 -3.747623e+00 6.721650e-03 9.999760e-01 -1.707370e-03 -3.053550e-01 2.172014e-02 1.561007e-03 9.997629e-01 3.897171e+01
9.998934e-01 8.976673e-03 1.151400e-02 -3.684465e+00 -9.003753e-03 9.999568e-01 2.302269e-03 -2.919890e-01 -1.149283e-02 -2.405692e-03 9.999311e-01 3.823049e+01
9.997331e-01 -6.934627e-03 -2.203637e-02 -3.603653e+00 6.896532e-03 9.999746e-01 -1.804263e-03 -2.817074e-01 2.204832e-02 1.651807e-03 9.997555e-01 3.759184e+01
9.998908e-01 9.003505e-03 1.171654e-02 -3.524951e+00 -9.032725e-03 9.999562e-01 2.443442e-03 -2.710664e-01 -1.169403e-02 -2.549006e-03 9.999284e-01 3.693480e+01
9.997404e-01 -6.914693e-03 -2.170873e-02 -3.438711e+00 6.873530e-03 9.999744e-01 -1.970143e-03 -2.619319e-01 2.172180e-02 1.820415e-03 9.997624e-01 3.631463e+01
9.998940e-01 8.870438e-03 1.154383e-02 -3.355353e+00 -8.901519e-03 9.999569e-01 2.643894e-03 -2.535004e-01 -1.151988e-02 -2.746370e-03 9.999299e-01 3.572521e+01
9.997459e-01 -6.768342e-03 -2.150220e-02 -3.287783e+00 6.724997e-03 9.999752e-01 -2.087502e-03 -2.424161e-01 2.151580e-02 1.942368e-03 9.997666e-01 3.506371e+01
9.998948e-01 8.844346e-03 1.149976e-02 -3.211704e+00 -8.876355e-03 9.999569e-01 2.735475e-03 -2.314882e-01 -1.147507e-02 -2.837263e-03 9.999301e-01 3.440213e+01
9.997511e-01 -6.528751e-03 -2.133549e-02 -3.092591e+00 6.496281e-03 9.999776e-01 -1.590803e-03 -2.274692e-01 2.134540e-02 1.451805e-03 9.997711e-01 3.394881e+01
9.998431e-01 8.914381e-03 1.530736e-02 -2.940372e+00 -8.954212e-03 9.999567e-01 2.535546e-03 -2.218491e-01 -1.528410e-02 -2.672212e-03 9.998796e-01 3.337706e+01
9.997035e-01 -6.988909e-03 -2.332496e-02 -2.920838e+00 6.965511e-03 9.999752e-01 -1.084208e-03 -2.206615e-01 2.333196e-02 9.214158e-04 9.997273e-01 3.340443e+01
9.997745e-01 9.741282e-03 1.886703e-02 -2.823542e+00 -9.773522e-03 9.999509e-01 1.617388e-03 -2.231906e-01 -1.885034e-02 -1.801420e-03 9.998207e-01 3.325982e+01
9.995292e-01 -7.172188e-03 -2.983236e-02 -2.766851e+00 7.142299e-03 9.999739e-01 -1.108321e-03 -2.061239e-01 2.983953e-02 8.947267e-04 9.995543e-01 3.234415e+01
9.997774e-01 9.500338e-03 1.883962e-02 -2.667147e+00 -9.553428e-03 9.999506e-01 2.730023e-03 -2.137838e-01 -1.881275e-02 -2.909398e-03 9.998188e-01 3.246874e+01
9.997298e-01 -6.457527e-03 -2.233149e-02 -2.601471e+00 6.421065e-03 9.999779e-01 -1.704062e-03 -2.418396e-01 2.234200e-02 1.560209e-03 9.997492e-01 3.355245e+01
9.998078e-01 9.475015e-03 1.716458e-02 -2.524321e+00 -9.523011e-03 9.999510e-01 2.716674e-03 -2.676849e-01 -1.713800e-02 -2.879610e-03 9.998490e-01 3.453642e+01
9.997189e-01 -6.634619e-03 -2.276350e-02 -2.441322e+00 6.588382e-03 9.999761e-01 -2.105548e-03 -2.916616e-01 2.277693e-02 1.954980e-03 9.997387e-01 3.541183e+01
9.998567e-01 9.411386e-03 1.406804e-02 -2.386473e+00 -9.459512e-03 9.999496e-01 3.358358e-03 -3.039809e-01 -1.403573e-02 -3.490953e-03 9.998954e-01 3.578044e+01
9.996885e-01 -6.758401e-03 -2.402350e-02 -2.336731e+00 6.692430e-03 9.999736e-01 -2.825428e-03 -2.855057e-01 2.404196e-02 2.663772e-03 9.997074e-01 3.485677e+01
9.998527e-01 9.589465e-03 1.423773e-02 -2.169827e+00 -9.643991e-03 9.999464e-01 3.765955e-03 -2.824841e-01 -1.420085e-02 -3.902708e-03 9.998915e-01 3.437921e+01
9.997916e-01 -6.883290e-03 -1.921791e-02 -1.935016e+00 6.832990e-03 9.999731e-01 -2.681725e-03 -3.023121e-01 1.923585e-02 2.549850e-03 9.998117e-01 3.476718e+01
9.998815e-01 9.185185e-03 1.235436e-02 -1.744364e+00 -9.229449e-03 9.999512e-01 3.530674e-03 -3.140752e-01 -1.232133e-02 -3.644279e-03 9.999174e-01 3.483487e+01
9.996898e-01 -7.451037e-03 -2.376526e-02 -1.627642e+00 7.384059e-03 9.999685e-01 -2.904845e-03 -3.135149e-01 2.378616e-02 2.728459e-03 9.997133e-01 3.450448e+01
9.998751e-01 9.735334e-03 1.244805e-02 -1.459051e+00 -9.786465e-03 9.999439e-01 4.053302e-03 -3.106907e-01 -1.240789e-02 -4.174618e-03 9.999143e-01 3.399425e+01
9.997269e-01 -7.775266e-03 -2.203967e-02 -1.303422e+00 7.701917e-03 9.999645e-01 -3.410975e-03 -3.079273e-01 2.206541e-02 3.240295e-03 9.997513e-01 3.354356e+01
9.998618e-01 1.029669e-02 1.305522e-02 -1.003494e+00 -1.036046e-02 9.999347e-01 4.826663e-03 -3.208886e-01 -1.300467e-02 -4.961253e-03 9.999031e-01 3.356711e+01
9.998430e-01 -7.434476e-03 -1.608204e-02 -7.630655e-01 7.365887e-03 9.999635e-01 -4.319967e-03 -3.384221e-01 1.611358e-02 4.200829e-03 9.998613e-01 3.387338e+01
9.999102e-01 9.366068e-03 9.586501e-03 -6.496148e-01 -9.424285e-03 9.999373e-01 6.045734e-03 -3.516465e-01 -9.529275e-03 -6.135536e-03 9.999358e-01 3.420270e+01
9.998127e-01 -7.511484e-03 -1.783571e-02 -5.320628e-01 7.417661e-03 9.999583e-01 -5.320665e-03 -3.638456e-01 1.787493e-02 5.187369e-03 9.998268e-01 3.443738e+01
9.999372e-01 8.953804e-03 6.732767e-03 -4.341626e-01 -8.994900e-03 9.999409e-01 6.098736e-03 -3.666912e-01 -6.677763e-03 -6.158913e-03 9.999587e-01 3.431983e+01
9.998466e-01 -6.821935e-03 -1.613309e-02 -3.217871e-01 6.738867e-03 9.999638e-01 -5.197671e-03 -3.745941e-01 1.616796e-02 5.088154e-03 9.998563e-01 3.449070e+01
9.999330e-01 8.797379e-03 7.522822e-03 -1.348742e-01 -8.841814e-03 9.999435e-01 5.894029e-03 -3.746814e-01 -7.470545e-03 -5.960149e-03 9.999543e-01 3.408203e+01
9.998226e-01 -6.922961e-03 -1.751576e-02 2.553115e-02 6.830288e-03 9.999624e-01 -5.345132e-03 -3.715671e-01 1.755210e-02 5.224546e-03 9.998323e-01 3.359594e+01
9.999296e-01 8.974493e-03 7.767580e-03 1.987402e-01 -9.021974e-03 9.999407e-01 6.099448e-03 -3.658314e-01 -7.712380e-03 -6.169096e-03 9.999512e-01 3.299615e+01
9.998215e-01 -5.869505e-03 -1.795633e-02 5.038268e-01 5.784394e-03 9.999718e-01 -4.788097e-03 -3.663041e-01 1.798393e-02 4.683376e-03 9.998273e-01 3.244067e+01
9.998641e-01 8.852484e-03 1.390710e-02 7.441493e-01 -8.945355e-03 9.999380e-01 6.629980e-03 -3.729571e-01 -1.384754e-02 -6.753482e-03 9.998813e-01 3.229271e+01
9.998554e-01 -4.756473e-03 -1.632825e-02 1.815558e+00 4.648075e-03 9.999670e-01 -6.670169e-03 -4.043617e-01 1.635943e-02 6.593309e-03 9.998444e-01 3.181342e+01
9.998367e-01 9.672207e-03 1.526704e-02 2.839760e+00 -9.779495e-03 9.999279e-01 6.968547e-03 -4.078518e-01 -1.519854e-02 -7.116712e-03 9.998592e-01 3.052020e+01
9.996328e-01 -6.424100e-03 -2.632374e-02 2.845919e+00 6.263927e-03 9.999614e-01 -6.162649e-03 -3.830550e-01 2.636231e-02 5.995496e-03 9.996345e-01 2.934439e+01
9.998427e-01 8.994056e-03 1.528343e-02 2.888171e+00 -9.101326e-03 9.999343e-01 6.963742e-03 -3.650694e-01 -1.521980e-02 -7.101746e-03 9.998590e-01 2.842719e+01
9.996572e-01 -6.820018e-03 -2.527690e-02 2.985598e+00 6.659557e-03 9.999572e-01 -6.426886e-03 -3.544854e-01 2.531964e-02 6.256349e-03 9.996598e-01 2.773969e+01
9.998449e-01 9.110020e-03 1.506932e-02 3.136589e+00 -9.229676e-03 9.999263e-01 7.890014e-03 -3.533474e-01 -1.499633e-02 -8.027875e-03 9.998553e-01 2.735073e+01
9.997409e-01 -5.890457e-03 -2.198935e-02 3.401453e+00 5.757496e-03 9.999648e-01 -6.105005e-03 -3.609107e-01 2.202453e-02 5.976819e-03 9.997396e-01 2.718317e+01
9.997132e-01 9.822508e-03 2.183996e-02 3.722388e+00 -9.992719e-03 9.999204e-01 7.698181e-03 -3.878366e-01 -2.176260e-02 -7.914213e-03 9.997318e-01 2.783424e+01
9.996761e-01 -6.667002e-03 -2.456043e-02 3.976362e+00 6.499713e-03 9.999552e-01 -6.884858e-03 -4.023700e-01 2.460523e-02 6.722992e-03 9.996746e-01 2.795502e+01
9.997809e-01 9.772374e-03 1.851333e-02 4.105172e+00 -9.916578e-03 9.999211e-01 7.713496e-03 -3.853121e-01 -1.843649e-02 -7.895394e-03 9.997989e-01 2.683609e+01
9.996646e-01 -6.324675e-03 -2.511196e-02 4.164983e+00 6.148336e-03 9.999559e-01 -7.093097e-03 -3.629659e-01 2.515572e-02 6.936321e-03 9.996595e-01 2.562754e+01
9.998378e-01 8.403300e-03 1.592682e-02 4.265564e+00 -8.525574e-03 9.999346e-01 7.624951e-03 -3.515851e-01 -1.586170e-02 -7.759499e-03 9.998441e-01 2.491787e+01
9.997169e-01 -5.538594e-03 -2.313811e-02 4.543265e+00 5.382394e-03 9.999623e-01 -6.807573e-03 -3.621230e-01 2.317494e-02 6.681107e-03 9.997091e-01 2.485961e+01
9.996922e-01 9.378300e-03 2.296762e-02 4.932209e+00 -9.551672e-03 9.999266e-01 7.450511e-03 -3.655059e-01 -2.289606e-02 -7.667596e-03 9.997084e-01 2.431819e+01
9.994661e-01 -7.071668e-03 -3.189950e-02 5.037103e+00 6.846014e-03 9.999508e-01 -7.177579e-03 -3.529130e-01 3.194869e-02 6.955362e-03 9.994653e-01 2.354366e+01
9.997079e-01 8.999576e-03 2.243223e-02 5.168282e+00 -9.174206e-03 9.999283e-01 7.694087e-03 -3.449248e-01 -2.236138e-02 -7.897636e-03 9.997188e-01 2.290506e+01
9.996456e-01 -5.999517e-03 -2.593679e-02 5.446053e+00 5.845004e-03 9.999647e-01 -6.028978e-03 -3.535431e-01 2.597205e-02 5.875240e-03 9.996454e-01 2.293638e+01
9.995011e-01 1.091354e-02 2.963882e-02 5.825337e+00 -1.115479e-02 9.999059e-01 7.986565e-03 -3.906369e-01 -2.954887e-02 -8.313194e-03 9.995288e-01 2.398378e+01
9.996680e-01 -4.899264e-03 -2.529492e-02 6.537097e+00 4.720517e-03 9.999635e-01 -7.121402e-03 -4.162854e-01 2.532889e-02 6.999632e-03 9.996547e-01 2.394763e+01
9.996912e-01 8.986458e-03 2.316880e-02 6.909431e+00 -9.180674e-03 9.999235e-01 8.289983e-03 -4.283316e-01 -2.309253e-02 -8.500128e-03 9.996972e-01 2.380024e+01
9.994607e-01 -6.244195e-03 -3.223783e-02 7.062319e+00 5.996780e-03 9.999519e-01 -7.765658e-03 -4.340795e-01 3.228477e-02 7.568146e-03 9.994501e-01 2.361880e+01
9.996520e-01 8.520006e-03 2.496717e-02 7.269876e+00 -8.737562e-03 9.999247e-01 8.617615e-03 -4.311651e-01 -2.489187e-02 -8.832768e-03 9.996511e-01 2.303774e+01
9.995414e-01 -5.608082e-03 -2.975660e-02 7.525858e+00 5.407923e-03 9.999622e-01 -6.802717e-03 -4.421940e-01 2.979363e-02 6.638676e-03 9.995340e-01 2.323261e+01
9.994037e-01 1.062992e-02 3.285131e-02 8.060131e+00 -1.090111e-02 9.999079e-01 8.086933e-03 -4.742494e-01 -3.276232e-02 -8.440226e-03 9.994275e-01 2.369388e+01
9.994703e-01 -5.613532e-03 -3.205643e-02 8.640487e+00 5.421788e-03 9.999669e-01 -6.065226e-03 -5.060361e-01 3.208942e-02 5.888209e-03 9.994677e-01 2.404714e+01
9.994572e-01 9.248626e-03 3.162022e-02 8.955476e+00 -9.505434e-03 9.999230e-01 7.980993e-03 -5.291294e-01 -3.154397e-02 -8.277224e-03 9.994681e-01 2.455625e+01
9.993971e-01 -5.375655e-03 -3.429955e-02 9.306324e+00 5.139854e-03 9.999626e-01 -6.959222e-03 -5.468655e-01 3.433568e-02 6.778732e-03 9.993874e-01 2.464151e+01
9.995404e-01 8.499114e-03 2.909818e-02 9.488750e+00 -8.730888e-03 9.999311e-01 7.847506e-03 -5.350413e-01 -2.902948e-02 -8.097952e-03 9.995458e-01 2.367655e+01
9.993259e-01 -4.550415e-03 -3.642884e-02 9.424476e+00 4.294524e-03 9.999656e-01 -7.099572e-03 -5.003606e-01 3.645989e-02 6.938341e-03 9.993110e-01 2.220788e+01
