9.999462e-01 3.926998e-03 -9.601311e-03 -4.580155e-02 -3.916161e-03 9.999917e-01 1.147194e-03 3.226305e-02 9.605736e-03 -1.109532e-03 9.999532e-01 -1.365457e+00
9.999997e-01 -6.563026e-04 -4.359075e-04 -9.707111e-02 6.563707e-04 9.999998e-01 1.559964e-04 5.818798e-02 4.358054e-04 -1.562817e-04 9.999999e-01 -2.480523e+00
9.999699e-01 4.277858e-03 -6.468749e-03 6.924724e-01 -4.275916e-03 9.999908e-01 3.139932e-04 3.827042e-02 6.470032e-03 -2.863246e-04 9.999790e-01 -2.983629e+00
1.000000e+00 7.333854e-05 2.300346e-04 1.433999e+00 -7.367356e-05 9.999989e-01 1.456881e-03 2.037493e-02 -2.299272e-04 -1.456897e-03 9.999989e-01 -3.445004e+00
9.999369e-01 2.625212e-03 -1.091853e-02 1.397539e+00 -2.626715e-03 9.999965e-01 -1.233393e-04 4.038643e-02 1.091817e-02 1.520107e-04 9.999404e-01 -4.324595e+00
9.999997e-01 4.409117e-05 7.755281e-04 1.380273e+00 -4.513512e-05 9.999991e-01 1.346195e-03 5.997115e-02 -7.754677e-04 -1.346228e-03 9.999988e-01 -5.216640e+00
9.999330e-01 2.731369e-03 -1.124813e-02 1.336614e+00 -2.732774e-03 9.999963e-01 -1.095407e-04 8.173452e-02 1.124779e-02 1.402712e-04 9.999367e-01 -6.154577e+00
9.999996e-01 2.102319e-04 8.133603e-04 1.266428e+00 -2.114167e-04 9.999989e-01 1.456950e-03 1.058102e-01 -8.130527e-04 -1.457121e-03 9.999986e-01 -7.139735e+00
9.999312e-01 2.677727e-03 -1.142458e-02 1.213565e+00 -2.679031e-03 9.999964e-01 -9.880286e-05 1.284938e-01 1.142428e-02 1.294021e-04 9.999347e-01 -8.107144e+00
9.999969e-01 8.415734e-04 2.357010e-03 1.193081e+00 -8.445101e-04 9.999989e-01 1.245224e-03 1.552810e-01 -2.355959e-03 -1.247210e-03 9.999964e-01 -9.331072e+00
9.999328e-01 2.461872e-03 -1.132705e-02 1.197075e+00 -2.463521e-03 9.999970e-01 -1.316796e-04 1.809107e-01 1.132669e-02 1.595745e-04 9.999358e-01 -1.049375e+01
9.999915e-01 1.302509e-03 3.922632e-03 1.152675e+00 -1.307049e-03 9.999985e-01 1.154985e-03 2.103533e-01 -3.921121e-03 -1.160101e-03 9.999916e-01 -1.177069e+01
9.998929e-01 1.607132e-03 -1.454949e-02 1.129274e+00 -1.608322e-03 9.999987e-01 -7.012484e-05 2.326364e-01 1.454936e-02 9.351687e-05 9.998941e-01 -1.275082e+01
9.999930e-01 5.023499e-04 3.697340e-03 1.156104e+00 -5.071825e-04 9.999990e-01 1.306226e-03 2.448818e-01 -3.696680e-03 -1.308091e-03 9.999923e-01 -1.342694e+01
9.999236e-01 2.187744e-03 -1.216902e-02 1.283024e+00 -2.193424e-03 9.999975e-01 -4.534313e-04 2.626884e-01 1.216800e-02 4.800877e-04 9.999259e-01 -1.444474e+01
9.999979e-01 1.541053e-03 1.330441e-03 1.238313e+00 -1.542861e-03 9.999979e-01 1.358542e-03 2.955318e-01 -1.328344e-03 -1.360591e-03 9.999982e-01 -1.584654e+01
9.999332e-01 1.934683e-03 -1.139314e-02 1.243613e+00 -1.937754e-03 9.999981e-01 -2.584922e-04 3.214997e-01 1.139262e-02 2.805513e-04 9.999351e-01 -1.698700e+01
9.999982e-01 3.882180e-04 -1.848730e-03 1.210853e+00 -3.857680e-04 9.999990e-01 1.325364e-03 3.355144e-01 1.849243e-03 -1.324648e-03 9.999974e-01 -1.764743e+01
9.999613e-01 2.575774e-03 -8.416128e-03 1.228842e+00 -2.579583e-03 9.999966e-01 -4.417252e-04 3.578813e-01 8.414961e-03 4.634175e-04 9.999645e-01 -1.866048e+01
9.999941e-01 -2.647092e-04 -3.426876e-03 1.095591e+00 2.718629e-04 9.999978e-01 2.087206e-03 3.776722e-01 3.426317e-03 -2.088125e-03 9.999919e-01 -1.935573e+01
9.999411e-01 2.603518e-03 -1.053816e-02 9.597072e-01 -2.604659e-03 9.999966e-01 -9.452888e-05 3.975816e-01 1.053787e-02 1.219709e-04 9.999445e-01 -2.005381e+01
9.999998e-01 -1.855506e-04 -5.902101e-04 9.054901e-01 1.863569e-04 9.999990e-01 1.366118e-03 4.154914e-01 5.899564e-04 -1.366227e-03 9.999989e-01 -2.081352e+01
9.999374e-01 2.638980e-03 -1.087313e-02 8.318615e-01 -2.639575e-03 9.999965e-01 -4.038873e-05 4.352367e-01 1.087299e-02 6.908593e-05 9.999409e-01 -2.160862e+01
1.000000e+00 2.582539e-05 -2.943181e-04 7.419561e-01 -2.536179e-05 9.999988e-01 1.574668e-03 4.580236e-01 2.943587e-04 -1.574659e-03 9.999987e-01 -2.248013e+01
9.999298e-01 2.115210e-03 -1.165530e-02 7.132158e-01 -2.119649e-03 9.999977e-01 -3.685033e-04 4.719250e-01 1.165450e-02 3.931819e-04 9.999320e-01 -2.312427e+01
9.999998e-01 2.699841e-04 5.071961e-04 7.631888e-01 -2.708093e-04 9.999986e-01 1.627672e-03 4.864232e-01 -5.067557e-04 -1.627808e-03 9.999985e-01 -2.387567e+01
9.999659e-01 1.999376e-03 -8.018733e-03 8.861327e-01 -2.001056e-03 9.999980e-01 -2.014756e-04 4.702731e-01 8.018314e-03 2.175140e-04 9.999678e-01 -2.340691e+01
9.999993e-01 1.036767e-03 -5.058450e-04 1.013509e+00 -1.036289e-03 9.999990e-01 9.431047e-04 4.594816e-01 5.068226e-04 -9.425792e-04 9.999994e-01 -2.321998e+01
9.999517e-01 1.947496e-03 -9.637587e-03 1.079427e+00 -1.949307e-03 9.999981e-01 -1.785103e-04 4.791453e-01 9.637220e-03 1.972875e-04 9.999535e-01 -2.425034e+01
9.999995e-01 5.176225e-04 -9.101058e-04 1.169495e+00 -5.162564e-04 9.999987e-01 1.500515e-03 4.846724e-01 9.108817e-04 -1.500043e-03 9.999985e-01 -2.472896e+01
9.999633e-01 1.779999e-03 -8.381756e-03 1.287587e+00 -1.781558e-03 9.999984e-01 -1.785291e-04 4.812201e-01 8.381425e-03 1.934544e-04 9.999649e-01 -2.486732e+01
9.999996e-01 4.731707e-04 -6.946413e-04 1.384656e+00 -4.722374e-04 9.999990e-01 1.342837e-03 4.758678e-01 6.952763e-04 -1.342508e-03 9.999989e-01 -2.487553e+01
9.999530e-01 1.853143e-03 -9.515198e-03 1.430019e+00 -1.857481e-03 9.999982e-01 -4.470643e-04 4.863421e-01 9.514352e-03 4.647168e-04 9.999546e-01 -2.550446e+01
9.999994e-01 3.727065e-04 -1.007336e-03 1.503527e+00 -3.710472e-04 9.999986e-01 1.646689e-03 4.958348e-01 1.007948e-03 -1.646314e-03 9.999981e-01 -2.612265e+01
9.999762e-01 2.606373e-03 -6.386487e-03 2.125820e+00 -2.614499e-03 9.999958e-01 -1.264410e-03 4.782489e-01 6.383164e-03 1.281076e-03 9.999788e-01 -2.649473e+01
9.999982e-01 1.745569e-03 -7.702502e-04 2.831615e+00 -1.742441e-03 9.999903e-01 4.043204e-03 4.537204e-01 7.773007e-04 -4.041853e-03 9.999915e-01 -2.648602e+01
9.999800e-01 6.923004e-04 -6.286167e-03 3.003407e+00 -7.100483e-04 9.999958e-01 -2.821506e-03 4.372948e-01 6.284186e-03 2.825912e-03 9.999763e-01 -2.600933e+01
9.999938e-01 1.966734e-03 -2.920329e-03 3.151243e+00 -1.953906e-03 9.999885e-01 4.388895e-03 4.342040e-01 2.928927e-03 -4.383161e-03 9.999861e-01 -2.620729e+01
9.999978e-01 1.004279e-03 -1.824536e-03 3.424633e+00 -1.010869e-03 9.999930e-01 -3.614483e-03 4.166915e-01 1.820893e-03 3.616319e-03 9.999918e-01 -2.584276e+01
9.999866e-01 1.837677e-03 -4.830422e-03 3.669435e+00 -1.814425e-03 9.999868e-01 4.813500e-03 4.091555e-01 4.839204e-03 -4.804670e-03 9.999767e-01 -2.598738e+01
9.999925e-01 1.557313e-03 -3.560029e-03 3.838094e+00 -1.571642e-03 9.999907e-01 -4.025897e-03 4.268996e-01 3.553726e-03 4.031460e-03 9.999856e-01 -2.714013e+01
9.999853e-01 2.557432e-03 -4.780053e-03 4.182261e+00 -2.532617e-03 9.999833e-01 5.190152e-03 4.384091e-01 4.793247e-03 -5.177969e-03 9.999751e-01 -2.832299e+01
9.999684e-01 6.580257e-03 4.454092e-03 6.261763e+00 -6.558115e-03 9.999662e-01 -4.967645e-03 3.694788e-01 -4.486630e-03 4.938277e-03 9.999777e-01 -2.867839e+01
9.999627e-01 6.487704e-03 -5.701191e-03 8.417015e+00 -6.444690e-03 9.999509e-01 7.531009e-03 2.824922e-01 5.749770e-03 -7.493985e-03 9.999554e-01 -2.807582e+01
9.999993e-01 -8.036439e-04 -9.214719e-04 8.861212e+00 7.990836e-04 9.999875e-01 -4.938535e-03 2.412000e-01 9.254289e-04 4.937794e-03 9.999874e-01 -2.699597e+01
9.999379e-01 3.579893e-03 -1.055794e-02 8.900712e+00 -3.514862e-03 9.999748e-01 6.171608e-03 2.388911e-01 1.057976e-02 -6.134114e-03 9.999252e-01 -2.709310e+01
9.999985e-01 -1.369868e-03 -1.055746e-03 8.963066e+00 1.365151e-03 9.999891e-01 -4.455944e-03 2.299732e-01 1.061838e-03 4.454495e-03 9.999895e-01 -2.689944e+01
9.999786e-01 4.175039e-03 -5.039685e-03 9.046307e+00 -4.147005e-03 9.999759e-01 5.560419e-03 2.094265e-01 5.062779e-03 -5.539400e-03 9.999718e-01 -2.619013e+01
9.999973e-01 -1.568843e-03 -1.738566e-03 9.135164e+00 1.560962e-03 9.999885e-01 -4.525090e-03 1.885151e-01 1.745645e-03 4.522363e-03 9.999883e-01 -2.548394e+01
9.999550e-01 3.621382e-03 -8.772545e-03 9.267824e+00 -3.573052e-03 9.999784e-01 5.518589e-03 1.850503e-01 8.792341e-03 -5.486995e-03 9.999463e-01 -2.566699e+01
9.999972e-01 -1.183349e-03 -2.038049e-03 9.283951e+00 1.174575e-03 9.999901e-01 -4.300525e-03 1.985437e-01 2.043117e-03 4.298119e-03 9.999887e-01 -2.636228e+01
9.999621e-01 3.912695e-03 -7.780609e-03 9.287987e+00 -3.871374e-03 9.999784e-01 5.318736e-03 2.166344e-01 7.801252e-03 -5.288412e-03 9.999556e-01 -2.724389e+01
9.999946e-01 -1.304525e-03 -3.030944e-03 9.320713e+00 1.291820e-03 9.999904e-01 -4.190019e-03 2.321281e-01 3.036381e-03 4.186081e-03 9.999866e-01 -2.807630e+01
9.999669e-01 3.595930e-03 -7.294114e-03 9.363491e+00 -3.558785e-03 9.999807e-01 5.099047e-03 2.462739e-01 7.312309e-03 -5.072919e-03 9.999604e-01 -2.883282e+01
9.999997e-01 -4.236071e-04 -6.515725e-04 1.004812e+01 4.203550e-04 9.999875e-01 -4.982816e-03 2.182854e-01 6.536749e-04 4.982540e-03 9.999874e-01 -2.876627e+01
9.999648e-01 4.545146e-03 -7.053691e-03 1.049651e+01 -4.493241e-03 9.999628e-01 7.357083e-03 1.867271e-01 7.086868e-03 -7.325129e-03 9.999481e-01 -2.828442e+01
9.999873e-01 -2.031356e-03 -4.614940e-03 1.058036e+01 2.001627e-03 9.999773e-01 -6.437290e-03 1.907345e-01 4.627911e-03 6.427970e-03 9.999686e-01 -2.872099e+01
9.999892e-01 4.014439e-03 -2.354376e-03 1.061691e+01 -3.995937e-03 9.999615e-01 7.810997e-03 1.738908e-01 2.385642e-03 -7.801504e-03 9.999667e-01 -2.796310e+01
9.999962e-01 -7.441392e-04 -2.659675e-03 1.060211e+01 7.256650e-04 9.999757e-01 -6.940175e-03 1.591982e-01 2.664775e-03 6.938218e-03 9.999724e-01 -2.733565e+01
9.999639e-01 3.726341e-03 -7.634260e-03 1.062011e+01 -3.667925e-03 9.999640e-01 7.651484e-03 1.833533e-01 7.662498e-03 -7.623205e-03 9.999416e-01 -2.844701e+01
9.999994e-01 -1.190147e-04 -1.078523e-03 1.063759e+01 1.114475e-04 9.999754e-01 -7.013385e-03 2.125458e-01 1.079331e-03 7.013260e-03 9.999748e-01 -2.976144e+01
9.999643e-01 3.746200e-03 -7.567693e-03 1.064624e+01 -3.688492e-03 9.999641e-01 7.625152e-03 2.428978e-01 7.595987e-03 -7.596966e-03 9.999423e-01 -3.111528e+01
9.999986e-01 -2.315274e-04 -1.636643e-03 1.068086e+01 2.199839e-04 9.999751e-01 -7.049643e-03 2.708210e-01 1.638235e-03 7.049273e-03 9.999738e-01 -3.240383e+01
9.999653e-01 3.448213e-03 -7.588481e-03 1.073863e+01 -3.390261e-03 9.999651e-01 7.636467e-03 2.958640e-01 7.614548e-03 -7.610474e-03 9.999420e-01 -3.360684e+01
9.999998e-01 -9.271598e-05 -6.272732e-04 1.080665e+01 8.822908e-05 9.999744e-01 -7.148908e-03 3.202543e-01 6.279198e-04 7.148850e-03 9.999742e-01 -3.480270e+01
9.999574e-01 3.122761e-03 -8.680270e-03 1.085736e+01 -3.055291e-03 9.999651e-01 7.775195e-03 3.436768e-01 8.704247e-03 -7.748343e-03 9.999321e-01 -3.592021e+01
9.999998e-01 4.874514e-04 -2.682670e-04 1.085386e+01 -4.893141e-04 9.999755e-01 -6.986845e-03 3.734938e-01 2.648545e-04 6.986974e-03 9.999756e-01 -3.723886e+01
9.999548e-01 3.614260e-03 -8.795417e-03 1.084570e+01 -3.545292e-03 9.999629e-01 7.844351e-03 4.080188e-01 8.823443e-03 -7.812813e-03 9.999306e-01 -3.875065e+01
9.999986e-01 4.524004e-04 1.609669e-03 1.086565e+01 -4.405468e-04 9.999728e-01 -7.356917e-03 4.413619e-01 -1.612953e-03 7.356197e-03 9.999716e-01 -4.024501e+01
9.999460e-01 3.545811e-03 -9.772225e-03 1.085452e+01 -3.466698e-03 9.999612e-01 8.100721e-03 4.751539e-01 9.800569e-03 -8.066405e-03 9.999194e-01 -4.171230e+01
9.999995e-01 8.210860e-04 6.275301e-04 1.083192e+01 -8.164316e-04 9.999724e-01 -7.382024e-03 5.138092e-01 -6.335743e-04 7.381507e-03 9.999726e-01 -4.338869e+01
9.999652e-01 4.162543e-03 -7.236288e-03 1.084107e+01 -4.105272e-03 9.999603e-01 7.911368e-03 5.565825e-01 7.268933e-03 -7.881385e-03 9.999425e-01 -4.526061e+01
9.999998e-01 -4.683008e-04 -4.431115e-04 1.090127e+01 4.649590e-04 9.999717e-01 -7.511337e-03 5.853788e-01 4.466163e-04 7.511129e-03 9.999717e-01 -4.660543e+01
9.999522e-01 3.975987e-03 -8.935580e-03 1.091374e+01 -3.901896e-03 9.999580e-01 8.293915e-03 6.149189e-01 8.968182e-03 -8.258652e-03 9.999257e-01 -4.793581e+01
9.999989e-01 1.072690e-05 1.456223e-03 1.094949e+01 4.031133e-07 9.999708e-01 -7.643037e-03 6.460628e-01 -1.456262e-03 7.643029e-03 9.999697e-01 -4.937671e+01
9.999528e-01 3.420328e-03 -9.096313e-03 1.101442e+01 -3.347232e-03 9.999621e-01 8.038874e-03 6.723416e-01 9.123464e-03 -8.008046e-03 9.999263e-01 -5.064958e+01
9.999991e-01 8.957822e-05 1.318965e-03 1.107724e+01 -7.972179e-05 9.999721e-01 -7.471213e-03 6.986445e-01 -1.319598e-03 7.471101e-03 9.999712e-01 -5.191164e+01
9.999448e-01 3.717129e-03 -9.827006e-03 1.109563e+01 -3.636496e-03 9.999597e-01 8.210383e-03 7.307821e-01 9.857129e-03 -8.174193e-03 9.999180e-01 -5.338766e+01
9.999942e-01 7.994939e-04 3.312599e-03 1.108548e+01 -7.749311e-04 9.999722e-01 -7.409724e-03 7.686556e-01 -3.318432e-03 7.407114e-03 9.999671e-01 -5.505818e+01
9.999403e-01 3.136264e-03 -1.046607e-02 1.108622e+01 -3.049518e-03 9.999610e-01 8.293969e-03 8.001983e-01 1.049167e-02 -8.261557e-03 9.999108e-01 -5.647993e+01
9.999960e-01 4.856160e-04 2.782619e-03 1.108560e+01 -4.651403e-04 9.999728e-01 -7.354468e-03 8.281720e-01 -2.786115e-03 7.353144e-03 9.999691e-01 -5.774820e+01
9.999344e-01 3.045984e-03 -1.104569e-02 1.108361e+01 -2.954534e-03 9.999613e-01 8.286102e-03 8.563198e-01 1.107050e-02 -8.252922e-03 9.999047e-01 -5.903018e+01
9.999928e-01 6.861314e-04 3.721750e-03 1.109601e+01 -6.580415e-04 9.999713e-01 -7.543555e-03 8.847654e-01 -3.726820e-03 7.541052e-03 9.999646e-01 -6.033208e+01
9.999138e-01 2.815536e-03 -1.282745e-02 1.110633e+01 -2.710043e-03 9.999624e-01 8.233988e-03 9.136614e-01 1.285015e-02 -8.198515e-03 9.998838e-01 -6.164819e+01
9.999856e-01 1.175055e-03 5.229389e-03 1.111909e+01 -1.135755e-03 9.999711e-01 -7.511911e-03 9.453763e-01 -5.238065e-03 7.505863e-03 9.999581e-01 -6.306885e+01
9.999127e-01 2.943028e-03 -1.288464e-02 1.111065e+01 -2.836105e-03 9.999615e-01 8.308897e-03 9.800166e-01 1.290860e-02 -8.271628e-03 9.998825e-01 -6.460251e+01
9.999814e-01 1.269181e-03 5.965381e-03 1.109347e+01 -1.224669e-03 9.999714e-01 -7.459438e-03 1.013854e+00 -5.974678e-03 7.451993e-03 9.999544e-01 -6.608444e+01
9.998977e-01 2.286765e-03 -1.412027e-02 1.110385e+01 -2.171629e-03 9.999643e-01 8.163890e-03 1.042212e+00 1.413843e-02 -8.132390e-03 9.998670e-01 -6.736883e+01
9.999813e-01 1.387573e-03 5.953695e-03 1.113356e+01 -1.343747e-03 9.999720e-01 -7.358864e-03 1.070724e+00 -5.963739e-03 7.350725e-03 9.999552e-01 -6.869019e+01
9.999073e-01 1.726551e-03 -1.350367e-02 1.122182e+01 -1.620273e-03 9.999677e-01 7.877259e-03 1.091712e+00 1.351684e-02 -7.854649e-03 9.998778e-01 -6.978506e+01
9.999872e-01 1.003024e-03 4.956161e-03 1.131933e+01 -9.675839e-04 9.999740e-01 -7.147956e-03 1.109085e+00 -4.963201e-03 7.143068e-03 9.999622e-01 -7.073957e+01
9.999072e-01 1.929675e-03 -1.348318e-02 1.137092e+01 -1.821806e-03 9.999663e-01 8.007904e-03 1.129263e+00 1.349818e-02 -7.982597e-03 9.998770e-01 -7.174179e+01
9.999894e-01 7.780287e-04 4.535664e-03 1.146801e+01 -7.442837e-04 9.999721e-01 -7.436945e-03 1.143838e+00 -4.541324e-03 7.433490e-03 9.999621e-01 -7.259024e+01
9.999111e-01 1.733911e-03 -1.321948e-02 1.164478e+01 -1.629543e-03 9.999675e-01 7.901649e-03 1.152518e+00 1.323275e-02 -7.879404e-03 9.998814e-01 -7.332016e+01
9.999913e-01 7.212477e-04 4.117502e-03 1.182773e+01 -6.920504e-04 9.999746e-01 -7.088138e-03 1.159268e+00 -4.122510e-03 7.085226e-03 9.999664e-01 -7.395654e+01
9.999199e-01 2.373072e-03 -1.243488e-02 1.205253e+01 -2.280407e-03 9.999696e-01 7.460885e-03 1.169343e+00 1.245221e-02 -7.431930e-03 9.998948e-01 -7.480887e+01
9.999877e-01 6.415217e-04 4.925180e-03 1.222477e+01 -6.069772e-04 9.999752e-01 -7.012221e-03 1.187566e+00 -4.929556e-03 7.009144e-03 9.999633e-01 -7.591027e+01
9.999220e-01 2.638943e-03 -1.220934e-02 1.232483e+01 -2.547076e-03 9.999684e-01 7.533723e-03 1.211506e+00 1.222884e-02 -7.502036e-03 9.998971e-01 -7.714262e+01
9.999928e-01 1.468448e-03 3.508963e-03 1.234092e+01 -1.444585e-03 9.999759e-01 -6.793421e-03 1.245452e+00 -3.518854e-03 6.788302e-03 9.999708e-01 -7.869896e+01
9.999523e-01 2.725163e-03 -9.383578e-03 1.239678e+01 -2.657651e-03 9.999706e-01 7.199632e-03 1.277235e+00 9.402922e-03 -7.174349e-03 9.999301e-01 -8.020535e+01
9.999994e-01 5.407309e-04 9.560035e-04 1.244903e+01 -5.345124e-04 9.999788e-01 -6.493338e-03 1.302433e+00 -9.594945e-04 6.492823e-03 9.999785e-01 -8.142191e+01
9.999548e-01 2.671672e-03 -9.120832e-03 1.255781e+01 -2.604679e-03 9.999696e-01 7.348981e-03 1.325223e+00 9.140189e-03 -7.324892e-03 9.999314e-01 -8.261937e+01
9.999864e-01 9.495475e-04 5.134101e-03 1.265282e+01 -9.192787e-04 9.999822e-01 -5.894848e-03 1.342619e+00 -5.139607e-03 5.890047e-03 9.999694e-01 -8.350759e+01
9.999346e-01 2.803966e-03 -1.108832e-02 1.262910e+01 -2.727772e-03 9.999726e-01 6.880732e-03 1.371380e+00 1.110731e-02 -6.850035e-03 9.999148e-01 -8.480881e+01
9.999917e-01 7.614369e-04 4.013846e-03 1.264710e+01 -7.374635e-04 9.999819e-01 -5.970861e-03 1.397298e+00 -4.018320e-03 5.967850e-03 9.999741e-01 -8.604232e+01
9.999304e-01 3.190745e-03 -1.135874e-02 1.262406e+01 -3.114027e-03 9.999723e-01 6.765393e-03 1.430295e+00 1.138001e-02 -6.729550e-03 9.999126e-01 -8.749282e+01
9.999941e-01 3.386243e-04 3.431611e-03 1.264727e+01 -3.184093e-04 9.999826e-01 -5.889743e-03 1.456169e+00 -3.433546e-03 5.888615e-03 9.999768e-01 -8.868338e+01
9.999175e-01 2.308269e-03 -1.263946e-02 1.271310e+01 -2.223295e-03 9.999749e-01 6.732851e-03 1.472661e+00 1.265468e-02 -6.704194e-03 9.998975e-01 -8.957687e+01
9.999877e-01 8.403055e-04 4.894398e-03 1.274239e+01 -8.127263e-04 9.999838e-01 -5.634199e-03 1.493666e+00 -4.899053e-03 5.630151e-03 9.999722e-01 -9.061785e+01
9.999076e-01 2.413198e-03 -1.337561e-02 1.273996e+01 -2.321939e-03 9.999740e-01 6.834118e-03 1.517587e+00 1.339175e-02 -6.802429e-03 9.998872e-01 -9.170883e+01
9.999845e-01 1.215151e-03 5.439989e-03 1.271590e+01 -1.184023e-03 9.999829e-01 -5.721648e-03 1.546248e+00 -5.446849e-03 5.715118e-03 9.999688e-01 -9.297995e+01
9.999034e-01 2.199541e-03 -1.372529e-02 1.274658e+01 -2.105832e-03 9.999744e-01 6.838186e-03 1.570506e+00 1.373998e-02 -6.808622e-03 9.998824e-01 -9.413825e+01
9.999826e-01 8.316524e-04 5.844637e-03 1.284607e+01 -7.953389e-04 9.999804e-01 -6.212771e-03 1.589452e+00 -5.849689e-03 6.208014e-03 9.999636e-01 -9.517961e+01
9.999125e-01 2.437846e-03 -1.300055e-02 1.294666e+01 -2.348456e-03 9.999735e-01 6.886627e-03 1.610782e+00 1.301700e-02 -6.855492e-03 9.998918e-01 -9.630161e+01
9.999835e-01 7.699248e-04 5.700985e-03 1.299995e+01 -7.354512e-04 9.999814e-01 -6.046656e-03 1.632803e+00 -5.705534e-03 6.042362e-03 9.999655e-01 -9.740768e+01
9.999023e-01 2.610381e-03 -1.372963e-02 1.300983e+01 -2.513888e-03 9.999721e-01 7.040620e-03 1.657787e+00 1.374763e-02 -7.005417e-03 9.998810e-01 -9.856302e+01
9.999841e-01 7.104688e-04 5.590166e-03 1.302841e+01 -6.765557e-04 9.999814e-01 -6.066197e-03 1.681688e+00 -5.594371e-03 6.062318e-03 9.999660e-01 -9.968133e+01
9.999050e-01 2.725601e-03 -1.351369e-02 1.302094e+01 -2.631384e-03 9.999721e-01 6.984793e-03 1.708277e+00 1.353235e-02 -6.948569e-03 9.998843e-01 -1.008727e+02
9.999838e-01 8.295383e-04 5.622686e-03 1.298933e+01 -7.964168e-04 9.999823e-01 -5.890449e-03 1.736049e+00 -5.627474e-03 5.885876e-03 9.999668e-01 -1.020844e+02
9.999008e-01 2.740285e-03 -1.381940e-02 1.294779e+01 -2.643143e-03 9.999717e-01 7.042752e-03 1.765039e+00 1.383831e-02 -7.005526e-03 9.998797e-01 -1.033332e+02
9.999835e-01 8.557223e-04 5.672737e-03 1.289458e+01 -8.229230e-04 9.999829e-01 -5.781801e-03 1.793632e+00 -5.677588e-03 5.777037e-03 9.999672e-01 -1.045482e+02
9.998949e-01 2.481213e-03 -1.428121e-02 1.287830e+01 -2.382932e-03 9.999734e-01 6.894711e-03 1.819561e+00 1.429794e-02 -6.859955e-03 9.998742e-01 -1.057045e+02
9.999825e-01 8.700195e-04 5.852782e-03 1.287270e+01 -8.364916e-04 9.999832e-01 -5.728613e-03 1.843520e+00 -5.857668e-03 5.723617e-03 9.999665e-01 -1.068038e+02
9.998993e-01 2.340529e-03 -1.399679e-02 1.286052e+01 -2.245136e-03 9.999742e-01 6.827137e-03 1.867013e+00 1.401241e-02 -6.795024e-03 9.998787e-01 -1.078712e+02
9.999905e-01 4.054949e-04 4.351303e-03 1.286940e+01 -3.812542e-04 9.999844e-01 -5.570374e-03 1.885875e+00 -4.353494e-03 5.568662e-03 9.999750e-01 -1.087631e+02
9.999013e-01 2.130940e-03 -1.388961e-02 1.287787e+01 -2.037724e-03 9.999753e-01 6.721833e-03 1.903727e+00 1.390359e-02 -6.692866e-03 9.998809e-01 -1.095962e+02
9.999953e-01 4.048851e-05 3.055480e-03 1.289755e+01 -2.350134e-05 9.999845e-01 -5.559543e-03 1.917079e+00 -3.055658e-03 5.559445e-03 9.999799e-01 -1.102528e+02
9.998983e-01 1.927136e-03 -1.413338e-02 1.292644e+01 -1.833708e-03 9.999764e-01 6.620399e-03 1.928969e+00 1.414581e-02 -6.593808e-03 9.998782e-01 -1.108763e+02
9.999957e-01 1.184203e-04 2.947076e-03 1.292325e+01 -1.027277e-04 9.999858e-01 -5.324514e-03 1.941950e+00 -2.947665e-03 5.324187e-03 9.999815e-01 -1.114932e+02
9.998882e-01 1.709299e-03 -1.485789e-02 1.288451e+01 -1.607575e-03 9.999752e-01 6.855691e-03 1.954372e+00 1.486924e-02 -6.831038e-03 9.998661e-01 -1.120119e+02
9.999951e-01 1.757046e-04 3.111862e-03 1.289271e+01 -1.582882e-04 9.999843e-01 -5.596294e-03 1.965451e+00 -3.112797e-03 5.595774e-03 9.999795e-01 -1.125707e+02
9.999105e-01 2.091796e-03 -1.321579e-02 1.292597e+01 -2.003575e-03 9.999756e-01 6.685114e-03 1.979543e+00 1.322945e-02 -6.658036e-03 9.998903e-01 -1.133080e+02
9.999927e-01 7.200419e-04 3.759698e-03 1.291010e+01 -6.990115e-04 9.999841e-01 -5.592064e-03 2.000193e+00 -3.763665e-03 5.589394e-03 9.999773e-01 -1.142462e+02
9.999046e-01 1.897893e-03 -1.368202e-02 1.291825e+01 -1.807191e-03 9.999763e-01 6.638555e-03 2.018880e+00 1.369429e-02 -6.613195e-03 9.998844e-01 -1.150988e+02
9.999967e-01 3.592008e-04 2.560874e-03 1.294396e+01 -3.447079e-04 9.999839e-01 -5.657740e-03 2.033102e+00 -2.562865e-03 5.656838e-03 9.999807e-01 -1.158288e+02
9.999204e-01 2.279451e-03 -1.240788e-02 1.295782e+01 -2.198697e-03 9.999763e-01 6.518014e-03 2.052173e+00 1.242244e-02 -6.490213e-03 9.999018e-01 -1.167242e+02
9.999967e-01 6.334135e-04 2.472307e-03 1.294130e+01 -6.197759e-04 9.999846e-01 -5.513208e-03 2.075192e+00 -2.475761e-03 5.511657e-03 9.999817e-01 -1.177468e+02
9.999316e-01 2.560837e-03 -1.141407e-02 1.293919e+01 -2.487063e-03 9.999760e-01 6.472890e-03 2.099711e+00 1.143038e-02 -6.444059e-03 9.999139e-01 -1.188619e+02
9.999965e-01 8.659420e-04 2.509653e-03 1.297166e+01 -8.518112e-04 9.999838e-01 -5.626388e-03 2.125789e+00 -2.514484e-03 5.624230e-03 9.999810e-01 -1.200920e+02
9.999124e-01 1.114032e-03 -1.318690e-02 1.296177e+01 -1.011104e-03 9.999690e-01 7.809420e-03 2.121988e+00 1.319519e-02 -7.795402e-03 9.998826e-01 -1.199888e+02
9.999513e-01 3.192382e-03 9.333073e-03 1.327517e+01 -3.127487e-03 9.999709e-01 -6.959656e-03 2.087666e+00 -9.355020e-03 6.930127e-03 9.999322e-01 -1.189334e+02
9.998742e-01 7.276087e-04 -1.584580e-02 1.376172e+01 -5.983219e-04 9.999665e-01 8.162241e-03 2.078028e+00 1.585121e-02 -8.151732e-03 9.998411e-01 -1.194779e+02
9.999812e-01 2.264970e-03 5.693604e-03 1.384876e+01 -2.224353e-03 9.999721e-01 -7.130093e-03 2.094525e+00 -5.709595e-03 7.117294e-03 9.999584e-01 -1.204249e+02
9.999331e-01 8.645684e-04 -1.153701e-02 1.398290e+01 -7.761547e-04 9.999703e-01 7.665719e-03 2.106409e+00 1.154330e-02 -7.656251e-03 9.999041e-01 -1.212931e+02
9.999960e-01 1.974974e-03 2.039406e-03 1.402629e+01 -1.961457e-03 9.999762e-01 -6.608804e-03 2.124965e+00 -2.052410e-03 6.604776e-03 9.999761e-01 -1.222634e+02
9.999382e-01 4.719557e-04 -1.111070e-02 1.412710e+01 -3.909920e-04 9.999734e-01 7.288005e-03 2.138125e+00 1.111384e-02 -7.283209e-03 9.999117e-01 -1.230613e+02
9.999980e-01 1.760903e-03 9.001108e-04 1.425190e+01 -1.755123e-03 9.999781e-01 -6.383398e-03 2.147870e+00 -9.113317e-04 6.381806e-03 9.999792e-01 -1.237619e+02
9.999519e-01 8.698006e-04 -9.764982e-03 1.438343e+01 -8.004585e-04 9.999745e-01 7.102712e-03 2.163271e+00 9.770911e-03 -7.094553e-03 9.999271e-01 -1.247256e+02
9.999932e-01 2.960197e-03 2.215005e-03 1.457581e+01 -2.946994e-03 9.999780e-01 -5.940472e-03 2.181326e+00 -2.232541e-03 5.933903e-03 9.999799e-01 -1.259871e+02
9.999748e-01 1.627247e-03 -6.903868e-03 1.486536e+01 -1.567579e-03 9.999615e-01 8.639144e-03 2.186415e+00 6.917660e-03 -8.628104e-03 9.999388e-01 -1.267689e+02
9.999983e-01 1.573983e-03 -9.278430e-04 1.504336e+01 -1.580754e-03 9.999718e-01 -7.342014e-03 2.191308e+00 9.162606e-04 7.343468e-03 9.999726e-01 -1.274032e+02
9.999805e-01 9.914279e-04 -6.169638e-03 1.520223e+01 -9.400883e-04 9.999650e-01 8.318600e-03 2.194995e+00 6.177669e-03 -8.312637e-03 9.999464e-01 -1.279427e+02
9.999914e-01 7.580857e-04 -4.066863e-03 1.496055e+01 -7.794768e-04 9.999859e-01 -5.260715e-03 2.207184e+00 4.062818e-03 5.263839e-03 9.999779e-01 -1.279246e+02
9.999550e-01 2.207286e-03 -9.229419e-03 1.455706e+01 -2.126330e-03 9.999593e-01 8.772167e-03 2.241789e+00 9.248405e-03 -8.752147e-03 9.999189e-01 -1.284523e+02
9.999997e-01 3.890801e-04 6.497542e-04 1.470075e+01 -3.837152e-04 9.999660e-01 -8.237419e-03 2.254889e+00 -6.529372e-04 8.237166e-03 9.999659e-01 -1.293147e+02
9.999307e-01 2.306212e-03 -1.154712e-02 1.498941e+01 -2.194600e-03 9.999508e-01 9.669083e-03 2.253184e+00 1.156885e-02 -9.643071e-03 9.998866e-01 -1.298035e+02
9.999907e-01 5.895625e-04 4.280248e-03 1.515492e+01 -5.597475e-04 9.999756e-01 -6.963713e-03 2.234403e+00 -4.284249e-03 6.961251e-03 9.999666e-01 -1.293411e+02
9.999446e-01 1.845848e-03 -1.035876e-02 1.516900e+01 -1.759599e-03 9.999638e-01 8.329040e-03 2.219765e+00 1.037376e-02 -8.310351e-03 9.999117e-01 -1.287180e+02
9.999543e-01 -6.500070e-04 9.542221e-03 1.495576e+01 7.104383e-04 9.999797e-01 -6.331073e-03 2.223481e+00 -9.537912e-03 6.337562e-03 9.999344e-01 -1.281052e+02
9.999813e-01 1.800484e-03 5.844716e-03 1.429466e+01 -1.849830e-03 9.999626e-01 8.448570e-03 2.256357e+00 -5.829286e-03 -8.459223e-03 9.999472e-01 -1.267331e+02
9.999738e-01 1.799667e-03 -7.013197e-03 1.412948e+01 -1.851149e-03 9.999713e-01 -7.341099e-03 2.246090e+00 6.999784e-03 7.353889e-03 9.999485e-01 -1.256326e+02
9.999928e-01 1.362489e-03 3.527687e-03 1.407549e+01 -1.395803e-03 9.999543e-01 9.458509e-03 2.232008e+00 -3.514638e-03 -9.463365e-03 9.999490e-01 -1.248845e+02
9.999893e-01 9.357593e-04 4.537670e-03 1.344576e+01 -9.041854e-04 9.999754e-01 -6.955336e-03 2.270360e+00 -4.544067e-03 6.951158e-03 9.999655e-01 -1.239915e+02
9.999971e-01 6.501830e-04 2.335668e-03 1.270490e+01 -6.740178e-04 9.999476e-01 1.021865e-02 2.315459e+00 -2.328901e-03 -1.022019e-02 9.999451e-01 -1.232455e+02
9.997672e-01 4.576077e-04 2.157082e-02 1.174847e+01 -2.963993e-04 9.999720e-01 -7.476073e-03 2.368286e+00 -2.157364e-02 7.467939e-03 9.997394e-01 -1.215618e+02
9.998883e-01 2.631160e-03 1.471210e-02 1.090667e+01 -2.760301e-03 9.999578e-01 8.764525e-03 2.384636e+00 -1.468842e-02 -8.804155e-03 9.998534e-01 -1.186667e+02
9.998338e-01 2.390645e-03 1.807561e-02 9.764210e+00 -2.300159e-03 9.999847e-01 -5.025138e-03 2.428674e+00 -1.808734e-02 4.982725e-03 9.998240e-01 -1.161855e+02
9.998518e-01 1.775862e-03 -1.712158e-02 8.803995e+00 -1.613447e-03 9.999536e-01 9.495123e-03 2.487801e+00 1.713765e-02 -9.466091e-03 9.998083e-01 -1.157360e+02
9.999389e-01 5.059349e-04 1.104696e-02 8.575432e+00 -4.244401e-04 9.999727e-01 -7.378270e-03 2.498572e+00 -1.105039e-02 7.373129e-03 9.999118e-01 -1.156388e+02
9.999377e-01 1.951165e-04 1.116055e-02 7.802762e+00 -3.071633e-04 9.999496e-01 1.003875e-02 2.532671e+00 -1.115803e-02 -1.004155e-02 9.998873e-01 -1.140507e+02
9.999172e-01 4.990183e-03 1.185772e-02 6.738456e+00 -4.906676e-03 9.999630e-01 -7.061122e-03 2.595002e+00 -1.189251e-02 7.002355e-03 9.999048e-01 -1.122322e+02
9.999933e-01 -3.224445e-03 1.749758e-03 6.175810e+00 3.209034e-03 9.999567e-01 8.740143e-03 2.620151e+00 -1.777864e-03 -8.734469e-03 9.999603e-01 -1.109685e+02
9.998767e-01 6.232854e-03 1.441407e-02 5.485319e+00 -6.135181e-03 9.999580e-01 -6.810571e-03 2.653570e+00 -1.445592e-02 6.721298e-03 9.998729e-01 -1.095010e+02
9.998788e-01 -2.640499e-03 -1.534049e-02 5.306062e+00 2.756654e-03 9.999677e-01 7.555556e-03 2.654721e+00 1.532004e-02 -7.596928e-03 9.998538e-01 -1.086715e+02
9.999852e-01 4.446136e-03 3.134783e-03 5.397763e+00 -4.427002e-03 9.999717e-01 -6.084556e-03 2.645086e+00 -3.161747e-03 6.070588e-03 9.999766e-01 -1.085436e+02
9.999542e-01 -2.611434e-03 -9.207439e-03 5.393412e+00 2.679212e-03 9.999694e-01 7.356513e-03 2.637808e+00 9.187946e-03 -7.380844e-03 9.999305e-01 -1.081208e+02
9.999901e-01 4.421769e-03 5.377692e-04 5.368963e+00 -4.418508e-03 9.999727e-01 -5.921403e-03 2.630717e+00 -5.639377e-04 5.918968e-03 9.999823e-01 -1.077104e+02
9.999649e-01 -2.935564e-03 -7.852920e-03 5.082608e+00 3.000718e-03 9.999611e-01 8.297796e-03 2.645879e+00 7.828256e-03 -8.321068e-03 9.999347e-01 -1.075657e+02
9.999889e-01 4.317616e-03 1.867390e-03 4.905722e+00 -4.305274e-03 9.999692e-01 -6.563693e-03 2.651730e+00 -1.895672e-03 6.555580e-03 9.999767e-01 -1.072235e+02
9.998638e-01 -2.756936e-03 -1.627392e-02 4.916489e+00 2.887848e-03 9.999636e-01 8.026206e-03 2.649141e+00 1.625120e-02 -8.072109e-03 9.998354e-01 -1.072132e+02
9.999835e-01 4.759672e-03 3.214658e-03 4.972094e+00 -4.736649e-03 9.999633e-01 -7.132125e-03 2.657491e+00 -3.248487e-03 7.116780e-03 9.999694e-01 -1.077340e+02
9.998767e-01 -2.385065e-03 -1.551768e-02 5.015052e+00 2.504425e-03 9.999674e-01 7.676976e-03 2.673966e+00 1.549886e-02 -7.714892e-03 9.998501e-01 -1.085788e+02
9.999687e-01 5.779122e-03 5.408064e-03 5.083514e+00 -5.740051e-03 9.999575e-01 -7.212588e-03 2.699764e+00 -5.449517e-03 7.181319e-03 9.999594e-01 -1.097929e+02
9.999048e-01 -2.331377e-03 -1.359974e-02 5.163514e+00 2.437342e-03 9.999668e-01 7.780299e-03 2.725061e+00 1.358115e-02 -7.812705e-03 9.998772e-01 -1.110040e+02
9.999620e-01 5.948933e-03 6.378539e-03 5.688204e+00 -5.905646e-03 9.999596e-01 -6.783809e-03 2.731510e+00 -6.418638e-03 6.745881e-03 9.999566e-01 -1.121133e+02
9.999293e-01 -2.802259e-03 -1.155661e-02 6.144203e+00 2.891585e-03 9.999660e-01 7.719921e-03 2.735904e+00 1.153459e-02 -7.752792e-03 9.999034e-01 -1.130117e+02
9.999777e-01 6.232324e-03 2.407829e-03 6.200807e+00 -6.214932e-03 9.999550e-01 -7.164137e-03 2.761715e+00 -2.452370e-03 7.149012e-03 9.999714e-01 -1.143133e+02
9.999552e-01 -2.234031e-03 -9.199228e-03 6.291944e+00 2.305397e-03 9.999673e-01 7.754465e-03 2.786821e+00 9.181603e-03 -7.775325e-03 9.999276e-01 -1.156295e+02
9.999850e-01 5.336039e-03 1.211760e-03 6.364749e+00 -5.327397e-03 9.999611e-01 -7.027376e-03 2.802770e+00 -1.249211e-03 7.020815e-03 9.999746e-01 -1.165287e+02
9.999152e-01 -3.007958e-03 -1.266712e-02 6.503986e+00 3.111295e-03 9.999620e-01 8.146020e-03 2.813012e+00 1.264213e-02 -8.184740e-03 9.998866e-01 -1.172591e+02
9.999801e-01 5.485632e-03 3.104453e-03 6.623693e+00 -5.462993e-03 9.999588e-01 -7.254684e-03 2.827755e+00 -3.144121e-03 7.237580e-03 9.999689e-01 -1.181250e+02
9.999377e-01 -2.402292e-03 -1.090148e-02 7.175722e+00 2.488106e-03 9.999660e-01 7.865017e-03 2.807447e+00 1.088222e-02 -7.891651e-03 9.999096e-01 -1.182565e+02
9.999428e-01 6.167307e-03 8.737297e-03 7.431968e+00 -6.123686e-03 9.999687e-01 -5.010539e-03 2.778353e+00 -8.767925e-03 4.956748e-03 9.999493e-01 -1.174009e+02
9.999690e-01 -3.414983e-03 -7.092344e-03 7.408261e+00 3.461611e-03 9.999724e-01 6.572483e-03 2.765323e+00 7.069704e-03 -6.596830e-03 9.999532e-01 -1.162223e+02
9.999488e-01 6.953987e-03 7.346805e-03 7.709929e+00 -6.912694e-03 9.999603e-01 -5.631137e-03 2.747137e+00 -7.385672e-03 5.580062e-03 9.999572e-01 -1.159505e+02
9.997831e-01 -5.428543e-03 -2.010699e-02 7.748663e+00 5.563591e-03 9.999623e-01 6.666611e-03 2.750638e+00 2.007004e-02 -6.777031e-03 9.997756e-01 -1.162649e+02
9.999193e-01 6.789244e-03 1.074099e-02 7.659121e+00 -6.736826e-03 9.999653e-01 -4.908885e-03 2.750706e+00 -1.077395e-02 4.836128e-03 9.999303e-01 -1.160776e+02
9.998311e-01 -5.157882e-03 -1.763745e-02 7.565713e+00 5.272155e-03 9.999654e-01 6.438637e-03 2.748564e+00 1.760363e-02 -6.530536e-03 9.998237e-01 -1.156413e+02
9.999128e-01 5.847335e-03 1.184172e-02 7.435905e+00 -5.791584e-03 9.999720e-01 -4.736845e-03 2.750322e+00 -1.186908e-02 4.667849e-03 9.999187e-01 -1.152635e+02
9.999165e-01 -4.736168e-03 -1.202134e-02 6.998357e+00 4.821886e-03 9.999631e-01 7.111525e-03 2.776614e+00 1.198721e-02 -7.168896e-03 9.999025e-01 -1.147890e+02
9.998931e-01 5.987630e-03 1.334295e-02 6.442030e+00 -5.925610e-03 9.999715e-01 -4.682834e-03 2.814953e+00 -1.337061e-02 4.603268e-03 9.999000e-01 -1.143154e+02
9.998923e-01 -4.817866e-03 -1.386390e-02 5.992491e+00 4.915181e-03 9.999635e-01 6.993774e-03 2.844764e+00 1.382970e-02 -7.061163e-03 9.998794e-01 -1.137735e+02
9.995123e-01 6.057109e-03 3.063566e-02 5.239875e+00 -5.929096e-03 9.999733e-01 -4.267686e-03 2.885134e+00 -3.066069e-02 4.083962e-03 9.995215e-01 -1.124907e+02
9.999472e-01 -4.129744e-03 -9.408961e-03 4.125699e+00 4.206467e-03 9.999579e-01 8.149041e-03 2.955489e+00 9.374912e-03 -8.188189e-03 9.999225e-01 -1.110861e+02
9.998815e-01 5.798489e-03 1.426110e-02 3.413919e+00 -5.722104e-03 9.999691e-01 -5.391219e-03 3.004894e+00 -1.429192e-02 5.308976e-03 9.998838e-01 -1.104159e+02
9.997137e-01 -4.597853e-03 -2.348085e-02 3.269044e+00 4.762672e-03 9.999644e-01 6.968164e-03 3.014123e+00 2.344797e-02 -7.078000e-03 9.997000e-01 -1.102609e+02
9.999086e-01 6.238019e-03 1.199616e-02 3.025521e+00 -6.186973e-03 9.999717e-01 -4.287643e-03 3.031508e+00 -1.202257e-02 4.213030e-03 9.999189e-01 -1.104385e+02
9.997551e-01 -3.959655e-03 -2.177161e-02 2.941429e+00 4.101310e-03 9.999707e-01 6.465581e-03 3.044928e+00 2.174537e-02 -6.553289e-03 9.997421e-01 -1.106143e+02
9.999010e-01 5.775948e-03 1.283258e-02 2.993353e+00 -5.723694e-03 9.999752e-01 -4.105061e-03 3.049055e+00 -1.285598e-02 4.031204e-03 9.999092e-01 -1.107975e+02
9.997987e-01 -4.165805e-03 -1.962447e-02 2.563773e+00 4.304346e-03 9.999661e-01 7.022659e-03 3.077545e+00 1.959455e-02 -7.105716e-03 9.997828e-01 -1.107483e+02
9.999231e-01 6.104782e-03 1.079257e-02 2.201980e+00 -6.060327e-03 9.999730e-01 -4.146976e-03 3.103512e+00 -1.081760e-02 4.081250e-03 9.999332e-01 -1.107163e+02
9.998643e-01 -4.727395e-03 -1.577781e-02 1.815053e+00 4.835262e-03 9.999652e-01 6.805454e-03 3.124478e+00 1.574509e-02 -6.880820e-03 9.998524e-01 -1.105017e+02
9.998898e-01 6.464483e-03 1.336606e-02 1.375571e+00 -6.396217e-03 9.999663e-01 -5.143902e-03 3.153102e+00 -1.339886e-02 5.057842e-03 9.998974e-01 -1.100350e+02
9.997395e-01 -3.724757e-03 -2.251896e-02 1.350148e+00 3.883669e-03 9.999678e-01 7.017206e-03 3.163812e+00 2.249209e-02 -7.102833e-03 9.997218e-01 -1.104740e+02
9.999214e-01 6.711567e-03 1.059348e-02 1.568104e+00 -6.649229e-03 9.999604e-01 -5.908876e-03 3.165127e+00 -1.063272e-02 5.837972e-03 9.999264e-01 -1.109930e+02
9.997484e-01 -2.915186e-03 -2.224026e-02 2.035601e+00 3.067455e-03 9.999721e-01 6.815476e-03 3.142442e+00 2.221977e-02 -6.881982e-03 9.997294e-01 -1.109152e+02
9.998702e-01 6.467725e-03 1.475736e-02 2.548855e+00 -6.393777e-03 9.999668e-01 -5.052614e-03 3.123472e+00 -1.478955e-02 4.957603e-03 9.998783e-01 -1.110757e+02
9.996780e-01 -3.443637e-03 -2.514010e-02 2.573988e+00 3.597489e-03 9.999751e-01 6.077116e-03 3.140137e+00 2.511855e-02 -6.165600e-03 9.996655e-01 -1.119066e+02
9.998066e-01 7.881443e-03 1.801732e-02 2.642839e+00 -7.779084e-03 9.999532e-01 -5.744254e-03 3.174637e+00 -1.806175e-02 5.602985e-03 9.998212e-01 -1.135619e+02
9.996918e-01 -4.529301e-03 -2.440882e-02 2.785164e+00 4.686179e-03 9.999687e-01 6.373699e-03 3.193600e+00 2.437919e-02 -6.486118e-03 9.996817e-01 -1.146504e+02
9.998620e-01 6.716036e-03 1.519430e-02 2.936908e+00 -6.633444e-03 9.999630e-01 -5.479635e-03 3.200804e+00 -1.523054e-02 5.378088e-03 9.998695e-01 -1.152566e+02
9.996863e-01 -4.620110e-03 -2.461749e-02 3.163676e+00 4.772715e-03 9.999697e-01 6.143884e-03 3.204697e+00 2.458836e-02 -6.259448e-03 9.996781e-01 -1.158731e+02
9.998459e-01 6.840359e-03 1.616691e-02 3.369306e+00 -6.765083e-03 9.999660e-01 -4.706324e-03 3.208628e+00 -1.619856e-02 4.596228e-03 9.998582e-01 -1.164038e+02
9.996455e-01 -4.619718e-03 -2.622224e-02 3.475783e+00 4.763283e-03 9.999740e-01 5.415105e-03 3.219176e+00 2.619654e-02 -5.538089e-03 9.996415e-01 -1.170839e+02
9.998284e-01 6.979132e-03 1.715743e-02 3.614307e+00 -6.902822e-03 9.999660e-01 -4.502898e-03 3.228683e+00 -1.718827e-02 4.383691e-03 9.998427e-01 -1.177745e+02
9.996209e-01 -4.659644e-03 -2.713485e-02 3.683272e+00 4.801187e-03 9.999752e-01 5.153455e-03 3.242198e+00 2.711016e-02 -5.281781e-03 9.996185e-01 -1.185283e+02
9.997994e-01 7.095023e-03 1.873061e-02 3.855892e+00 -7.014789e-03 9.999660e-01 -4.345821e-03 3.251121e+00 -1.876081e-02 4.213558e-03 9.998151e-01 -1.192359e+02
9.995836e-01 -5.190017e-03 -2.838382e-02 4.066175e+00 5.339630e-03 9.999722e-01 5.197798e-03 3.249351e+00 2.835605e-02 -5.347192e-03 9.995836e-01 -1.196019e+02
9.997850e-01 7.494138e-03 1.933132e-02 4.436158e+00 -7.419929e-03 9.999648e-01 -3.907704e-03 3.232265e+00 -1.935992e-02 3.763427e-03 9.998055e-01 -1.195391e+02
9.996703e-01 -4.240655e-03 -2.532359e-02 4.903482e+00 4.390900e-03 9.999731e-01 5.880320e-03 3.205871e+00 2.529797e-02 -5.989574e-03 9.996620e-01 -1.192648e+02
9.998022e-01 7.141115e-03 1.856148e-02 5.213003e+00 -7.062904e-03 9.999659e-01 -4.275784e-03 3.191232e+00 -1.859138e-02 4.143840e-03 9.998186e-01 -1.192534e+02
9.996467e-01 -4.413856e-03 -2.621078e-02 5.443784e+00 4.560308e-03 9.999743e-01 5.530292e-03 3.184884e+00 2.618569e-02 -5.647867e-03 9.996411e-01 -1.194773e+02
9.998148e-01 7.408515e-03 1.776255e-02 5.494432e+00 -7.321368e-03 9.999609e-01 -4.966267e-03 3.203315e+00 -1.779865e-02 4.835301e-03 9.998299e-01 -1.204757e+02
9.996770e-01 -3.923896e-03 -2.511102e-02 5.530526e+00 4.071969e-03 9.999746e-01 5.848298e-03 3.224372e+00 2.508743e-02 -5.948659e-03 9.996676e-01 -1.215568e+02
9.998484e-01 6.309432e-03 1.622793e-02 5.620493e+00 -6.230653e-03 9.999686e-01 -4.900582e-03 3.231156e+00 -1.625834e-02 4.798727e-03 9.998563e-01 -1.221170e+02
9.997105e-01 -3.498685e-03 -2.380351e-02 5.675542e+00 3.636766e-03 9.999768e-01 5.760038e-03 3.246947e+00 2.378280e-02 -5.844938e-03 9.997001e-01 -1.230388e+02
9.997926e-01 7.401035e-03 1.897525e-02 5.971079e+00 -7.327027e-03 9.999653e-01 -3.966881e-03 3.255254e+00 -1.900395e-02 3.827025e-03 9.998121e-01 -1.240186e+02
9.996707e-01 -3.820260e-03 -2.537476e-02 6.228189e+00 3.967935e-03 9.999755e-01 5.771909e-03 3.252687e+00 2.535209e-02 -5.870694e-03 9.996613e-01 -1.244613e+02
9.996863e-01 7.029257e-03 2.403951e-02 6.505323e+00 -6.911790e-03 9.999638e-01 -4.966062e-03 3.249173e+00 -2.407354e-02 4.798347e-03 9.996987e-01 -1.248090e+02
9.994451e-01 -4.564495e-03 -3.299340e-02 6.589966e+00 4.742515e-03 9.999746e-01 5.319387e-03 3.249751e+00 3.296829e-02 -5.472907e-03 9.994414e-01 -1.250455e+02
9.996289e-01 7.096386e-03 2.630192e-02 6.670035e+00 -7.002037e-03 9.999687e-01 -3.677550e-03 3.243410e+00 -2.632720e-02 3.492017e-03 9.996473e-01 -1.250449e+02
9.993150e-01 -5.807527e-03 -3.654829e-02 6.459605e+00 6.016977e-03 9.999661e-01 5.623369e-03 3.254289e+00 3.651439e-02 -5.839427e-03 9.993161e-01 -1.249884e+02
9.995838e-01 7.426987e-03 2.787415e-02 6.191904e+00 -7.334202e-03 9.999672e-01 -3.429493e-03 3.269670e+00 -2.789871e-02 3.223631e-03 9.996056e-01 -1.248933e+02
9.995797e-01 -6.730514e-03 -2.819750e-02 5.987721e+00 6.862706e-03 9.999659e-01 4.593884e-03 3.273602e+00 2.816562e-02 -4.785464e-03 9.995918e-01 -1.242105e+02
9.996953e-01 9.201433e-03 2.290470e-02 5.858253e+00 -9.130618e-03 9.999532e-01 -3.194437e-03 3.272245e+00 -2.293302e-02 2.984329e-03 9.997325e-01 -1.237171e+02
9.996417e-01 -5.685125e-03 -2.615470e-02 6.256814e+00 5.801625e-03 9.999736e-01 4.380515e-03 3.260336e+00 2.612910e-02 -4.530685e-03 9.996483e-01 -1.239468e+02
9.993212e-01 1.243353e-02 3.467795e-02 6.918207e+00 -1.228848e-02 9.999148e-01 -4.392716e-03 3.199536e+00 -3.472962e-02 3.963594e-03 9.993889e-01 -1.216815e+02
9.999678e-01 5.228667e-03 -6.085388e-03 7.701907e+00 -5.195429e-03 9.999716e-01 5.465004e-03 3.069513e+00 6.113789e-03 -5.433211e-03 9.999666e-01 -1.167333e+02
9.992783e-01 1.182436e-02 3.609778e-02 8.988507e+00 -1.165843e-02 9.999205e-01 -4.803752e-03 2.983340e+00 -3.615171e-02 4.379441e-03 9.993367e-01 -1.146790e+02
