9.999938e-01 1.749984e-03 -3.070606e-03 2.979431e-01 -1.759571e-03 9.999936e-01 -3.122139e-03 -7.988420e-03 3.065122e-03 3.127522e-03 9.999904e-01 -4.847771e-01
9.999991e-01 2.568201e-05 -1.359493e-03 5.695918e-01 -2.808108e-05 9.999984e-01 -1.764709e-03 -3.487139e-03 1.359446e-03 1.764746e-03 9.999975e-01 -1.409173e+00
9.999943e-01 1.570986e-03 -2.972978e-03 8.358853e-01 -1.582035e-03 9.999918e-01 -3.717625e-03 6.825573e-03 2.967113e-03 3.722306e-03 9.999887e-01 -2.481804e+00
9.999999e-01 -2.519375e-04 -2.807150e-04 1.019702e+00 2.511380e-04 9.999959e-01 -2.844489e-03 2.201479e-02 2.814308e-04 2.844419e-03 9.999959e-01 -3.703011e+00
9.999945e-01 9.674613e-04 -3.185982e-03 1.163247e+00 -9.819713e-04 9.999891e-01 -4.555905e-03 4.122719e-02 3.181539e-03 4.559008e-03 9.999845e-01 -5.029523e+00
9.999989e-01 -6.724950e-04 -1.335187e-03 1.232936e+00 6.713188e-04 9.999994e-01 -8.811513e-04 5.679722e-02 1.335779e-03 8.802547e-04 9.999987e-01 -6.035732e+00
9.999972e-01 1.936007e-03 -1.364836e-03 1.554324e+00 -1.945634e-03 9.999730e-01 -7.087885e-03 7.232881e-02 1.351076e-03 7.090520e-03 9.999739e-01 -7.484405e+00
9.999934e-01 -5.444354e-04 3.590340e-03 1.819643e+00 5.704245e-04 9.999736e-01 -7.241552e-03 1.122569e-01 -3.586302e-03 7.243553e-03 9.999673e-01 -1.000453e+01
9.999965e-01 1.344538e-03 -2.273424e-03 2.079439e+00 -1.364887e-03 9.999588e-01 -8.973444e-03 1.550909e-01 2.261265e-03 8.976514e-03 9.999572e-01 -1.271640e+01
9.999925e-01 1.867659e-04 3.866692e-03 2.368156e+00 -1.606867e-04 9.999772e-01 -6.743791e-03 1.997951e-01 -3.867863e-03 6.743120e-03 9.999698e-01 -1.554957e+01
9.999677e-01 1.215640e-03 7.941152e-03 2.671819e+00 -1.054362e-03 9.997937e-01 -2.028194e-02 2.755163e-01 -7.964170e-03 2.027291e-02 9.997628e-01 -1.993327e+01
9.999979e-01 -8.231328e-04 -1.863508e-03 2.809863e+00 8.054169e-04 9.999547e-01 -9.487662e-03 3.710795e-01 1.871234e-03 9.486142e-03 9.999533e-01 -2.510677e+01
9.999970e-01 7.508369e-04 -2.332849e-03 2.853381e+00 -7.602279e-04 9.999916e-01 -4.027260e-03 4.193528e-01 2.329805e-03 4.029021e-03 9.999892e-01 -2.770684e+01
9.999977e-01 6.708073e-04 2.042137e-03 3.289059e+00 -6.541085e-04 9.999664e-01 -8.166826e-03 4.464346e-01 -2.047547e-03 8.165472e-03 9.999646e-01 -2.992286e+01
9.999965e-01 2.539728e-03 -7.012787e-04 4.003431e+00 -2.545529e-03 9.999615e-01 -8.398439e-03 4.784420e-01 6.799216e-04 8.400194e-03 9.999645e-01 -3.298712e+01
9.999968e-01 1.542596e-04 2.508899e-03 4.586441e+00 -1.313178e-04 9.999582e-01 -9.141723e-03 5.130313e-01 -2.510204e-03 9.141366e-03 9.999551e-01 -3.609823e+01
9.999929e-01 2.673457e-03 -2.672445e-03 5.162853e+00 -2.695765e-03 9.999613e-01 -8.379110e-03 5.473407e-01 2.649939e-03 8.386254e-03 9.999613e-01 -3.922397e+01
9.999971e-01 1.335387e-04 2.414722e-03 5.701456e+00 -1.097620e-04 9.999515e-01 -9.843983e-03 5.895079e-01 -2.415919e-03 9.843690e-03 9.999486e-01 -4.261175e+01
9.999978e-01 2.078492e-03 1.545029e-04 6.134546e+00 -2.076485e-03 9.999256e-01 -1.201742e-02 6.429261e-01 -1.794699e-04 1.201707e-02 9.999278e-01 -4.638615e+01
9.999993e-01 -3.258476e-04 -1.128625e-03 6.532731e+00 3.162494e-04 9.999639e-01 -8.494112e-03 6.972319e-01 1.131352e-03 8.493750e-03 9.999633e-01 -5.012749e+01
9.999976e-01 2.171968e-03 3.534165e-04 6.990492e+00 -2.167466e-03 9.999223e-01 -1.227607e-02 7.499907e-01 -3.800526e-04 1.227527e-02 9.999246e-01 -5.389414e+01
9.999997e-01 -6.266079e-04 -4.429967e-04 7.296723e+00 6.230548e-04 9.999680e-01 -7.975881e-03 8.126238e-01 4.479806e-04 7.975603e-03 9.999681e-01 -5.779761e+01
9.999815e-01 7.971534e-04 6.028645e-03 7.518293e+00 -6.854567e-04 9.998285e-01 -1.850711e-02 8.811688e-01 -6.042364e-03 1.850263e-02 9.998106e-01 -6.205846e+01
9.999820e-01 1.521691e-05 -5.992995e-03 7.773813e+00 -2.602812e-05 9.999984e-01 -1.803914e-03 9.306640e-01 5.992958e-03 1.804038e-03 9.999804e-01 -6.550468e+01
9.999672e-01 2.015051e-03 7.839278e-03 8.184144e+00 -1.870370e-03 9.998286e-01 -1.841968e-02 9.769465e-01 -7.875051e-03 1.840442e-02 9.997996e-01 -6.890831e+01
9.999769e-01 -1.627981e-04 -6.788933e-03 8.668909e+00 1.279933e-04 9.999868e-01 -5.126836e-03 1.036554e+00 6.789679e-03 5.125849e-03 9.999638e-01 -7.309427e+01
9.999800e-01 2.515104e-03 5.797366e-03 9.134591e+00 -2.419542e-03 9.998621e-01 -1.643222e-02 1.091246e+00 -5.837895e-03 1.641787e-02 9.998482e-01 -7.708641e+01
9.999911e-01 -1.872698e-04 -4.225643e-03 9.662158e+00 1.567582e-04 9.999739e-01 -7.219768e-03 1.151405e+00 4.226885e-03 7.219042e-03 9.999650e-01 -8.130792e+01
9.999769e-01 1.844257e-03 6.545595e-03 1.010273e+01 -1.723406e-03 9.998288e-01 -1.842073e-02 1.225232e+00 -6.578448e-03 1.840902e-02 9.998089e-01 -8.606531e+01
9.999874e-01 -4.102367e-04 -5.004138e-03 1.051204e+01 3.764590e-04 9.999772e-01 -6.749048e-03 1.293543e+00 5.006793e-03 6.747080e-03 9.999647e-01 -9.058216e+01
9.999890e-01 1.758596e-03 4.341926e-03 1.091908e+01 -1.688885e-03 9.998705e-01 -1.600695e-02 1.356838e+00 -4.369513e-03 1.599944e-02 9.998625e-01 -9.481478e+01
9.999952e-01 6.022052e-05 -3.105408e-03 1.136883e+01 -8.306375e-05 9.999729e-01 -7.356380e-03 1.417066e+00 3.104882e-03 7.356603e-03 9.999681e-01 -9.898135e+01
9.999958e-01 1.887386e-03 2.219378e-03 1.180460e+01 -1.855087e-03 9.998936e-01 -1.446593e-02 1.475833e+00 -2.246445e-03 1.446175e-02 9.998929e-01 -1.030217e+02
9.999993e-01 -7.550805e-04 -8.729431e-04 1.223250e+01 7.491528e-04 9.999768e-01 -6.771154e-03 1.525363e+00 8.780359e-04 6.770496e-03 9.999767e-01 -1.067496e+02
9.999865e-01 2.098547e-03 -4.745744e-03 1.251166e+01 -2.124198e-03 9.999831e-01 -5.406563e-03 1.559319e+00 4.734318e-03 5.416570e-03 9.999741e-01 -1.092532e+02
9.999979e-01 -6.883280e-04 1.925525e-03 1.286687e+01 7.060245e-04 9.999574e-01 -9.204895e-03 1.594349e+00 -1.919107e-03 9.206236e-03 9.999558e-01 -1.120551e+02
9.999668e-01 8.560881e-04 -8.098008e-03 1.304032e+01 -8.507550e-04 9.999994e-01 6.619998e-04 1.616050e+00 8.098570e-03 -6.550890e-04 9.999670e-01 -1.137956e+02
9.999489e-01 -1.253279e-03 1.003539e-02 1.313425e+01 1.413877e-03 9.998708e-01 -1.601208e-02 1.645888e+00 -1.001403e-02 1.602546e-02 9.998214e-01 -1.159834e+02
9.999513e-01 6.579199e-04 -9.846521e-03 1.336545e+01 -6.325893e-04 9.999965e-01 2.575448e-03 1.668481e+00 9.848180e-03 -2.569094e-03 9.999482e-01 -1.181440e+02
9.999222e-01 -7.299843e-04 1.245467e-02 1.349527e+01 8.761060e-04 9.999308e-01 -1.173085e-02 1.674104e+00 -1.244525e-02 1.174085e-02 9.998536e-01 -1.192317e+02
9.999311e-01 4.673717e-04 -1.173230e-02 1.374138e+01 -5.411299e-04 9.999801e-01 -6.284366e-03 1.712573e+00 1.172913e-02 6.290281e-03 9.999114e-01 -1.222108e+02
9.999152e-01 1.492733e-04 1.302082e-02 1.404771e+01 2.717908e-05 9.999082e-01 -1.355032e-02 1.757954e+00 -1.302165e-02 1.354952e-02 9.998234e-01 -1.256393e+02
9.999287e-01 7.568144e-04 -1.191418e-02 1.424591e+01 -8.586869e-04 9.999631e-01 -8.547729e-03 1.819827e+00 1.190727e-02 8.557350e-03 9.998925e-01 -1.296027e+02
9.999738e-01 -1.915313e-03 6.974157e-03 1.439114e+01 1.923979e-03 9.999974e-01 -1.236025e-03 1.842012e+00 -6.971771e-03 1.249412e-03 9.999749e-01 -1.313721e+02
9.999739e-01 2.428997e-03 -6.804717e-03 1.458229e+01 -2.433929e-03 9.999968e-01 -7.166143e-04 1.824826e+00 6.802954e-03 7.331573e-04 9.999766e-01 -1.312173e+02
9.999955e-01 -2.433673e-03 1.758365e-03 1.447741e+01 2.444373e-03 9.999784e-01 -6.108674e-03 1.847255e+00 -1.743460e-03 6.112945e-03 9.999798e-01 -1.322687e+02
9.999778e-01 1.595074e-03 -6.475189e-03 1.432902e+01 -1.605688e-03 9.999974e-01 -1.634369e-03 1.871476e+00 6.472565e-03 1.644729e-03 9.999777e-01 -1.334658e+02
9.999980e-01 -1.793557e-03 -9.178759e-04 1.454683e+01 1.789672e-03 9.999895e-01 -4.216424e-03 1.881446e+00 9.254289e-04 4.214773e-03 9.999907e-01 -1.346424e+02
9.999948e-01 3.069434e-03 -9.836149e-04 1.470137e+01 -3.067061e-03 9.999924e-01 2.405623e-03 1.873601e+00 9.909910e-04 -2.402595e-03 9.999966e-01 -1.348235e+02
9.999944e-01 -1.991273e-03 -2.694060e-03 1.476576e+01 1.973109e-03 9.999754e-01 -6.728172e-03 1.882177e+00 2.707392e-03 6.722819e-03 9.999737e-01 -1.355643e+02
9.999962e-01 1.781737e-03 -2.083650e-03 1.478427e+01 -1.779989e-03 9.999981e-01 8.406910e-04 1.896415e+00 2.085143e-03 -8.369795e-04 9.999975e-01 -1.365891e+02
9.999963e-01 -1.268791e-03 -2.403232e-03 1.483045e+01 1.253093e-03 9.999779e-01 -6.522479e-03 1.912330e+00 2.411455e-03 6.519444e-03 9.999758e-01 -1.376239e+02
9.999984e-01 1.479791e-03 1.041201e-03 1.475310e+01 -1.477216e-03 9.999959e-01 -2.468963e-03 1.944149e+00 -1.044851e-03 2.467420e-03 9.999964e-01 -1.391006e+02
9.999889e-01 -1.599982e-03 -4.431568e-03 1.466664e+01 1.575834e-03 9.999839e-01 -5.447208e-03 1.973714e+00 4.440213e-03 5.440165e-03 9.999753e-01 -1.404563e+02
9.999980e-01 1.941055e-03 5.324978e-04 1.460286e+01 -1.940749e-03 9.999980e-01 -5.755003e-04 1.995426e+00 -5.336141e-04 5.744652e-04 9.999997e-01 -1.414712e+02
9.999855e-01 -1.640575e-03 -5.136793e-03 1.462180e+01 1.631462e-03 9.999971e-01 -1.777808e-03 1.997627e+00 5.139695e-03 1.769402e-03 9.999852e-01 -1.418170e+02
9.999972e-01 2.360460e-03 1.555709e-04 1.461365e+01 -2.360208e-03 9.999959e-01 -1.605314e-03 2.006765e+00 -1.593598e-04 1.604942e-03 9.999987e-01 -1.423952e+02
9.999918e-01 -1.842036e-03 -3.615158e-03 1.458742e+01 1.824850e-03 9.999870e-01 -4.751488e-03 2.025880e+00 3.623864e-03 4.744852e-03 9.999822e-01 -1.433915e+02
9.999952e-01 3.029263e-03 -7.146980e-04 1.467172e+01 -3.030516e-03 9.999939e-01 -1.758776e-03 2.043804e+00 7.093655e-04 1.760933e-03 9.999982e-01 -1.445678e+02
9.999958e-01 -2.527307e-03 -1.447516e-03 1.461595e+01 2.517216e-03 9.999728e-01 -6.930934e-03 2.072596e+00 1.464993e-03 6.927261e-03 9.999749e-01 -1.459888e+02
9.999944e-01 3.114280e-03 -1.202098e-03 1.458465e+01 -3.115887e-03 9.999943e-01 -1.337072e-03 2.101122e+00 1.197927e-03 1.340809e-03 9.999984e-01 -1.474017e+02
9.999960e-01 -2.829841e-03 -1.535356e-04 1.445093e+01 2.828422e-03 9.999593e-01 -8.562784e-03 2.137834e+00 1.777610e-04 8.562316e-03 9.999633e-01 -1.489866e+02
9.999974e-01 2.183509e-03 -6.698667e-04 1.411213e+01 -2.185635e-03 9.999925e-01 -3.189373e-03 2.188988e+00 6.628974e-04 3.190828e-03 9.999947e-01 -1.507886e+02
9.999956e-01 -2.739856e-03 -1.119171e-03 1.385689e+01 2.732392e-03 9.999744e-01 -6.617450e-03 2.229188e+00 1.137274e-03 6.614364e-03 9.999775e-01 -1.522901e+02
9.999930e-01 3.021707e-03 -2.193895e-03 1.374528e+01 -3.023256e-03 9.999952e-01 -7.029704e-04 2.257171e+00 2.191760e-03 7.095977e-04 9.999973e-01 -1.534991e+02
9.999921e-01 -3.763047e-03 1.299168e-03 1.315652e+01 3.777956e-03 9.999248e-01 -1.167053e-02 2.320915e+00 -1.255153e-03 1.167535e-02 9.999311e-01 -1.552191e+02
9.999891e-01 1.138020e-06 4.662750e-03 1.169246e+01 5.936076e-05 9.999158e-01 -1.297479e-02 2.455378e+00 -4.662372e-03 1.297493e-02 9.999050e-01 -1.581933e+02
9.999894e-01 -4.136971e-03 -2.011255e-03 1.075376e+01 4.125525e-03 9.999755e-01 -5.662150e-03 2.547041e+00 2.034630e-03 5.653793e-03 9.999819e-01 -1.605196e+02
9.999931e-01 3.607914e-03 8.283682e-04 1.042554e+01 -3.602574e-03 9.999733e-01 -6.360698e-03 2.599317e+00 -8.512952e-04 6.357670e-03 9.999794e-01 -1.624050e+02
9.999845e-01 -5.529020e-03 6.006874e-04 9.636330e+00 5.535275e-03 9.999246e-01 -1.096504e-02 2.686426e+00 -5.400159e-04 1.096820e-02 9.999397e-01 -1.648389e+02
9.999949e-01 2.737488e-03 1.659625e-03 9.006623e+00 -2.725372e-03 9.999699e-01 -7.259351e-03 2.765967e+00 -1.679448e-03 7.254790e-03 9.999723e-01 -1.674455e+02
9.999952e-01 -2.261738e-03 -2.120581e-03 8.974767e+00 2.253433e-03 9.999898e-01 -3.910433e-03 2.803665e+00 2.129404e-03 3.905636e-03 9.999901e-01 -1.693243e+02
9.999970e-01 2.417462e-03 4.773737e-04 8.813872e+00 -2.414443e-03 9.999777e-01 -6.225920e-03 2.844052e+00 -4.924142e-04 6.224748e-03 9.999805e-01 -1.710118e+02
9.999943e-01 -2.598098e-03 2.143920e-03 8.506027e+00 2.617297e-03 9.999561e-01 -9.001125e-03 2.901772e+00 -2.120440e-03 9.006686e-03 9.999572e-01 -1.732446e+02
9.999942e-01 1.448192e-03 -3.086606e-03 8.068699e+00 -1.461625e-03 9.999895e-01 -4.354257e-03 2.963955e+00 3.080267e-03 4.358743e-03 9.999858e-01 -1.753701e+02
9.999968e-01 -1.434935e-03 2.064813e-03 7.931144e+00 1.447684e-03 9.999798e-01 -6.186083e-03 3.001790e+00 -2.055895e-03 6.189053e-03 9.999787e-01 -1.770395e+02
9.999898e-01 1.971022e-03 -4.057854e-03 7.916801e+00 -1.981920e-03 9.999944e-01 -2.683251e-03 3.031378e+00 4.052542e-03 2.691266e-03 9.999882e-01 -1.785438e+02
9.999835e-01 -1.685141e-03 5.487592e-03 7.738010e+00 1.743272e-03 9.999422e-01 -1.060569e-02 3.079505e+00 -5.469403e-03 1.061508e-02 9.999287e-01 -1.805935e+02
9.999992e-01 -2.047842e-04 -1.225674e-03 7.179018e+00 1.937535e-04 9.999595e-01 -8.992839e-03 3.161039e+00 1.227466e-03 8.992594e-03 9.999588e-01 -1.834614e+02
9.999993e-01 -5.657927e-04 1.078331e-03 6.997260e+00 5.710041e-04 9.999881e-01 -4.838557e-03 3.215566e+00 -1.075581e-03 4.839170e-03 9.999877e-01 -1.857241e+02
9.999955e-01 1.311393e-03 -2.692854e-03 7.007086e+00 -1.321423e-03 9.999922e-01 -3.726402e-03 3.243452e+00 2.687946e-03 3.729944e-03 9.999894e-01 -1.871720e+02
9.999996e-01 -5.672951e-04 6.353538e-04 7.014742e+00 5.702148e-04 9.999892e-01 -4.604486e-03 3.271206e+00 -6.327346e-04 4.604847e-03 9.999892e-01 -1.885913e+02
9.999992e-01 9.519407e-05 -1.233769e-03 6.754261e+00 -1.028315e-04 9.999808e-01 -6.191580e-03 3.315095e+00 1.233155e-03 6.191702e-03 9.999801e-01 -1.901999e+02
9.999997e-01 6.352418e-04 4.760351e-04 6.784650e+00 -6.335803e-04 9.999937e-01 -3.481933e-03 3.345559e+00 -4.782438e-04 3.481631e-03 9.999938e-01 -1.917697e+02
9.999939e-01 2.471725e-04 -3.497061e-03 6.856561e+00 -2.606848e-04 9.999925e-01 -3.863937e-03 3.370273e+00 3.496079e-03 3.864825e-03 9.999864e-01 -1.930693e+02
9.999868e-01 4.888787e-05 5.143284e-03 6.504092e+00 6.850835e-07 9.999536e-01 -9.637902e-03 3.428205e+00 -5.143516e-03 9.637778e-03 9.999403e-01 -1.950453e+02
9.999774e-01 -2.289403e-03 -6.323699e-03 6.046261e+00 2.264005e-03 9.999894e-01 -4.020548e-03 3.490420e+00 6.332837e-03 4.006140e-03 9.999719e-01 -1.969813e+02
9.999882e-01 2.585569e-03 4.114961e-03 5.977544e+00 -2.570915e-03 9.999904e-01 -3.562333e-03 3.516401e+00 -4.124132e-03 3.551712e-03 9.999852e-01 -1.981768e+02
9.999757e-01 -1.366722e-03 -6.835314e-03 6.139851e+00 1.345137e-03 9.999941e-01 -3.161434e-03 3.535308e+00 6.839595e-03 3.152162e-03 9.999716e-01 -1.993439e+02
9.999891e-01 3.132702e-03 3.461578e-03 6.480788e+00 -3.122955e-03 9.999912e-01 -2.817657e-03 3.548999e+00 -3.470374e-03 2.806816e-03 9.999900e-01 -2.004149e+02
9.999783e-01 -1.616872e-03 -6.379285e-03 6.720003e+00 1.596283e-03 9.999935e-01 -3.231166e-03 3.564297e+00 6.384468e-03 3.220912e-03 9.999744e-01 -2.015096e+02
9.999906e-01 3.152976e-03 2.969898e-03 6.963401e+00 -3.144439e-03 9.999909e-01 -2.874453e-03 3.580138e+00 -2.978934e-03 2.865088e-03 9.999915e-01 -2.026139e+02
9.999725e-01 -1.693618e-03 -7.218043e-03 7.193717e+00 1.679210e-03 9.999966e-01 -2.001759e-03 3.591996e+00 7.221409e-03 1.989583e-03 9.999719e-01 -2.035326e+02
9.999898e-01 2.860923e-03 3.489986e-03 7.299548e+00 -2.848097e-03 9.999892e-01 -3.674544e-03 3.607494e+00 -3.500461e-03 3.664567e-03 9.999872e-01 -2.045184e+02
9.999913e-01 -2.012095e-03 -3.641570e-03 7.173632e+00 1.984321e-03 9.999690e-01 -7.614240e-03 3.649969e+00 3.656777e-03 7.606948e-03 9.999644e-01 -2.062475e+02
9.999902e-01 1.252471e-03 4.251711e-03 6.899875e+00 -1.224493e-03 9.999776e-01 -6.576519e-03 3.706479e+00 -4.259853e-03 6.571248e-03 9.999693e-01 -2.083873e+02
9.999766e-01 -4.692729e-04 -6.821513e-03 7.007083e+00 4.614060e-04 9.999992e-01 -1.154741e-03 3.730208e+00 6.822050e-03 1.151566e-03 9.999761e-01 -2.096583e+02
9.999875e-01 1.834893e-03 4.642583e-03 7.119357e+00 -1.803753e-03 9.999759e-01 -6.702783e-03 3.754757e+00 -4.654770e-03 6.694326e-03 9.999668e-01 -2.110156e+02
9.999910e-01 -1.313597e-03 -4.034403e-03 7.066622e+00 1.287939e-03 9.999790e-01 -6.355787e-03 3.800915e+00 4.042667e-03 6.350533e-03 9.999717e-01 -2.130233e+02
9.999943e-01 1.891423e-03 2.788744e-03 7.201974e+00 -1.878460e-03 9.999875e-01 -4.643313e-03 3.834984e+00 -2.797491e-03 4.638048e-03 9.999853e-01 -2.148389e+02
9.999989e-01 -1.104847e-03 -9.672999e-04 7.146173e+00 1.096712e-03 9.999644e-01 -8.370579e-03 3.879076e+00 9.765135e-04 8.369509e-03 9.999645e-01 -2.168828e+02
9.999996e-01 6.198006e-04 5.737622e-04 7.020183e+00 -6.172240e-04 9.999898e-01 -4.479740e-03 3.926290e+00 -5.765327e-04 4.479384e-03 9.999898e-01 -2.188869e+02
9.999995e-01 7.529949e-04 6.020015e-04 7.169501e+00 -7.482978e-04 9.999696e-01 -7.765322e-03 3.965011e+00 -6.078306e-04 7.764867e-03 9.999697e-01 -2.208975e+02
9.999999e-01 -4.952827e-04 -1.095809e-04 7.279936e+00 4.944978e-04 9.999750e-01 -7.052135e-03 4.012751e+00 1.130711e-04 7.052080e-03 9.999751e-01 -2.232470e+02
9.999980e-01 1.087470e-03 -1.677798e-03 7.351366e+00 -1.094456e-03 9.999907e-01 -4.168372e-03 4.050244e+00 1.673250e-03 4.170200e-03 9.999899e-01 -2.250910e+02
9.999874e-01 -2.132858e-04 5.013416e-03 7.362211e+00 2.681911e-04 9.999400e-01 -1.095351e-02 4.100790e+00 -5.010778e-03 1.095472e-02 9.999274e-01 -2.274694e+02
9.999690e-01 1.389657e-04 -7.876392e-03 7.419274e+00 -1.452251e-04 9.999997e-01 -7.941054e-04 4.141913e+00 7.876279e-03 7.952245e-04 9.999687e-01 -2.294253e+02
9.999825e-01 1.596192e-03 5.697027e-03 7.686230e+00 -1.558964e-03 9.999774e-01 -6.533083e-03 4.160883e+00 -5.707326e-03 6.524087e-03 9.999624e-01 -2.307058e+02
9.999738e-01 -7.197282e-04 -7.196526e-03 7.874604e+00 6.954233e-04 9.999940e-01 -3.379207e-03 4.189423e+00 7.198915e-03 3.374114e-03 9.999684e-01 -2.323909e+02
9.999873e-01 2.420193e-03 4.422421e-03 8.196168e+00 -2.399832e-03 9.999865e-01 -4.603588e-03 4.208841e+00 -4.433503e-03 4.592916e-03 9.999796e-01 -2.338731e+02
9.999764e-01 -7.204904e-04 -6.829546e-03 8.487323e+00 7.018175e-04 9.999960e-01 -2.736111e-03 4.225677e+00 6.831490e-03 2.731254e-03 9.999729e-01 -2.352190e+02
9.999847e-01 2.520785e-03 4.933737e-03 8.792798e+00 -2.494770e-03 9.999830e-01 -5.271870e-03 4.245165e+00 -4.946942e-03 5.259481e-03 9.999739e-01 -2.366769e+02
9.999794e-01 -9.999259e-04 -6.345425e-03 8.989145e+00 9.770679e-04 9.999930e-01 -3.604319e-03 4.269989e+00 6.348985e-03 3.598044e-03 9.999734e-01 -2.382817e+02
9.999904e-01 1.950111e-03 3.915403e-03 9.119505e+00 -1.932504e-03 9.999880e-01 -4.495607e-03 4.293424e+00 -3.924123e-03 4.487997e-03 9.999822e-01 -2.396816e+02
9.999781e-01 -6.456694e-04 -6.585037e-03 9.298242e+00 6.282256e-04 9.999963e-01 -2.650689e-03 4.312732e+00 6.586724e-03 2.646494e-03 9.999748e-01 -2.409663e+02
9.999860e-01 2.021973e-03 4.899661e-03 9.469364e+00 -1.995406e-03 9.999833e-01 -5.421077e-03 4.334667e+00 -4.910540e-03 5.411224e-03 9.999733e-01 -2.423769e+02
9.999734e-01 -1.188483e-03 -7.195693e-03 9.584090e+00 1.165117e-03 9.999940e-01 -3.250543e-03 4.360821e+00 7.199513e-03 3.242073e-03 9.999688e-01 -2.438913e+02
9.999725e-01 1.973398e-03 7.142413e-03 9.589077e+00 -1.921203e-03 9.999715e-01 -7.307215e-03 4.396345e+00 -7.156629e-03 7.293292e-03 9.999478e-01 -2.456553e+02
9.999666e-01 -1.126764e-03 -8.092522e-03 9.640218e+00 1.110504e-03 9.999974e-01 -2.013357e-03 4.426620e+00 8.094769e-03 2.004303e-03 9.999652e-01 -2.472051e+02
9.999679e-01 1.650257e-03 7.841672e-03 9.550634e+00 -1.583457e-03 9.999625e-01 -8.517071e-03 4.464824e+00 -7.855433e-03 8.504381e-03 9.999330e-01 -2.488767e+02
9.999584e-01 -2.254287e-03 -8.839372e-03 9.339653e+00 2.240952e-03 9.999963e-01 -1.518112e-03 4.504089e+00 8.842762e-03 1.498240e-03 9.999598e-01 -2.504107e+02
9.999733e-01 2.683673e-03 6.798603e-03 9.399545e+00 -2.627575e-03 9.999625e-01 -8.246939e-03 4.534752e+00 -6.820480e-03 8.228855e-03 9.999429e-01 -2.520156e+02
9.999515e-01 -1.579738e-03 -9.722156e-03 9.552613e+00 1.592801e-03 9.999978e-01 1.336029e-03 4.553821e+00 9.720024e-03 -1.351449e-03 9.999518e-01 -2.532251e+02
9.999766e-01 2.928568e-03 6.189301e-03 9.727064e+00 -2.883105e-03 9.999689e-01 -7.341686e-03 4.569851e+00 -6.210609e-03 7.323670e-03 9.999539e-01 -2.543409e+02
9.999398e-01 -1.978707e-03 -1.079693e-02 9.830190e+00 2.008782e-03 9.999941e-01 2.775371e-03 4.582992e+00 1.079137e-02 -2.796893e-03 9.999379e-01 -2.551971e+02
9.999824e-01 2.520411e-03 5.372440e-03 9.823243e+00 -2.488542e-03 9.999793e-01 -5.930218e-03 4.594180e+00 -5.387276e-03 5.916744e-03 9.999680e-01 -2.557880e+02
9.999339e-01 -2.375409e-03 -1.124841e-02 9.726052e+00 2.420960e-03 9.999889e-01 4.037752e-03 4.603153e+00 1.123870e-02 -4.064717e-03 9.999286e-01 -2.561001e+02
9.999661e-01 2.603792e-03 7.807277e-03 9.610280e+00 -2.532184e-03 9.999548e-01 -9.167873e-03 4.621169e+00 -7.830795e-03 9.147793e-03 9.999275e-01 -2.568576e+02
9.999135e-01 -2.707932e-03 -1.287309e-02 9.498592e+00 2.775838e-03 9.999823e-01 5.260076e-03 4.638138e+00 1.285862e-02 -5.295355e-03 9.999033e-01 -2.575541e+02
9.999691e-01 3.185382e-03 7.185704e-03 9.460435e+00 -3.144384e-03 9.999788e-01 -5.709525e-03 4.637973e+00 -7.203738e-03 5.686754e-03 9.999579e-01 -2.575563e+02
9.999032e-01 -2.741273e-03 -1.364025e-02 9.416756e+00 2.804046e-03 9.999856e-01 4.585070e-03 4.642037e+00 1.362749e-02 -4.622874e-03 9.998965e-01 -2.577424e+02
9.999531e-01 3.665741e-03 8.963191e-03 9.460573e+00 -3.591131e-03 9.999589e-01 -8.326066e-03 4.651483e+00 -8.993344e-03 8.293487e-03 9.999252e-01 -2.583609e+02
9.999098e-01 -2.732822e-03 -1.315097e-02 9.521183e+00 2.773444e-03 9.999914e-01 3.071642e-03 4.666687e+00 1.314246e-02 -3.107838e-03 9.999088e-01 -2.592792e+02
9.999660e-01 3.197080e-03 7.597539e-03 9.424713e+00 -3.149799e-03 9.999757e-01 -6.227006e-03 4.682104e+00 -7.617262e-03 6.202864e-03 9.999517e-01 -2.598406e+02
9.999458e-01 -2.895253e-03 -9.996080e-03 9.352117e+00 2.897608e-03 9.999958e-01 2.211748e-04 4.700360e+00 9.995397e-03 -2.501276e-04 9.999500e-01 -2.606905e+02
9.999743e-01 3.139589e-03 6.438870e-03 9.223517e+00 -3.091483e-03 9.999673e-01 -7.467544e-03 4.730315e+00 -6.462105e-03 7.447447e-03 9.999514e-01 -2.619375e+02
9.999332e-01 -3.276481e-03 -1.108813e-02 9.060528e+00 3.307901e-03 9.999906e-01 2.816543e-03 4.751237e+00 1.107880e-02 -2.853033e-03 9.999346e-01 -2.626567e+02
9.999661e-01 3.508098e-03 7.444769e-03 8.999919e+00 -3.447252e-03 9.999607e-01 -8.170040e-03 4.768584e+00 -7.473137e-03 8.144100e-03 9.999389e-01 -2.634934e+02
9.999297e-01 -3.281143e-03 -1.138993e-02 8.955158e+00 3.313181e-03 9.999906e-01 2.795172e-03 4.787370e+00 1.138066e-02 -2.832712e-03 9.999312e-01 -2.644127e+02
9.999612e-01 4.232830e-03 7.721596e-03 9.016975e+00 -4.169654e-03 9.999579e-01 -8.179496e-03 4.802762e+00 -7.755892e-03 8.146983e-03 9.999367e-01 -2.653104e+02
9.999185e-01 -2.769353e-03 -1.246459e-02 9.280697e+00 2.803914e-03 9.999923e-01 2.756157e-03 4.815306e+00 1.245686e-02 -2.790882e-03 9.999185e-01 -2.662737e+02
9.999600e-01 5.298004e-03 7.204941e-03 9.776817e+00 -5.240497e-03 9.999545e-01 -7.977130e-03 4.822771e+00 -7.246875e-03 7.939053e-03 9.999422e-01 -2.671957e+02
9.999038e-01 -3.311823e-03 -1.347198e-02 1.010919e+01 3.364877e-03 9.999867e-01 3.917366e-03 4.831508e+00 1.345883e-02 -3.962320e-03 9.999016e-01 -2.679489e+02
9.999439e-01 4.653573e-03 9.512459e-03 1.024988e+01 -4.570798e-03 9.999517e-01 -8.704931e-03 4.842978e+00 -9.552508e-03 8.660963e-03 9.999169e-01 -2.687089e+02
9.999200e-01 -3.584320e-03 -1.212716e-02 1.035005e+01 3.612258e-03 9.999909e-01 2.282670e-03 4.859340e+00 1.211886e-02 -2.326293e-03 9.999239e-01 -2.697616e+02
9.999654e-01 4.323360e-03 7.105140e-03 1.036992e+01 -4.276246e-03 9.999689e-01 -6.632833e-03 4.874206e+00 -7.133595e-03 6.602220e-03 9.999528e-01 -2.705646e+02
9.999043e-01 -3.632323e-03 -1.335096e-02 1.037306e+01 3.696471e-03 9.999817e-01 4.783210e-03 4.879561e+00 1.333334e-02 -4.832104e-03 9.998994e-01 -2.708999e+02
9.999470e-01 4.977579e-03 9.016100e-03 1.053168e+01 -4.902349e-03 9.999531e-01 -8.346843e-03 4.885786e+00 -9.057224e-03 8.302200e-03 9.999245e-01 -2.714921e+02
9.999797e-01 -2.920200e-03 -5.663110e-03 1.091938e+01 2.892803e-03 9.999841e-01 -4.839854e-03 4.916259e+00 5.677153e-03 4.823374e-03 9.999723e-01 -2.735404e+02
9.999914e-01 4.121504e-03 -5.101607e-04 1.107367e+01 -4.123684e-03 9.999820e-01 -4.348929e-03 4.954813e+00 4.922275e-04 4.350995e-03 9.999904e-01 -2.755224e+02
9.999875e-01 -3.341996e-03 -3.721596e-03 1.106689e+01 3.344505e-03 9.999942e-01 6.681794e-04 4.965685e+00 3.719341e-03 -6.806178e-04 9.999929e-01 -2.760904e+02
9.999881e-01 3.869600e-03 -2.978769e-03 1.106124e+01 -3.875965e-03 9.999902e-01 -2.134191e-03 4.970708e+00 2.970481e-03 2.145711e-03 9.999933e-01 -2.763784e+02
9.999917e-01 -3.308279e-03 -2.384147e-03 1.109857e+01 3.313334e-03 9.999923e-01 2.119502e-03 4.965183e+00 2.377117e-03 -2.127384e-03 9.999949e-01 -2.762873e+02
9.999930e-01 3.700079e-03 -6.087840e-04 1.092850e+01 -3.704862e-03 9.999607e-01 -8.052940e-03 4.989468e+00 5.789637e-04 8.055138e-03 9.999674e-01 -2.771182e+02
9.999885e-01 -4.167462e-03 -2.377168e-03 1.075065e+01 4.167030e-03 9.999913e-01 -1.864662e-04 5.021558e+00 2.377924e-03 1.765585e-04 9.999972e-01 -2.783792e+02
9.999881e-01 4.770143e-03 -1.048347e-03 1.069452e+01 -4.775818e-03 9.999736e-01 -5.479607e-03 5.039078e+00 1.022181e-03 5.484548e-03 9.999844e-01 -2.792380e+02
9.999810e-01 -4.763670e-03 -3.911590e-03 1.062548e+01 4.781138e-03 9.999786e-01 4.468684e-03 5.041815e+00 3.890219e-03 -4.487301e-03 9.999824e-01 -2.792708e+02
9.999830e-01 5.552201e-03 1.776772e-03 1.065824e+01 -5.546075e-03 9.999787e-01 -3.434136e-03 5.030436e+00 -1.795802e-03 3.424224e-03 9.999925e-01 -2.787983e+02
9.999753e-01 -4.683589e-03 -5.232068e-03 1.071720e+01 4.705921e-03 9.999798e-01 4.264209e-03 5.019667e+00 5.211990e-03 -4.288726e-03 9.999772e-01 -2.784983e+02
9.999863e-01 5.221714e-03 -2.232993e-04 1.074489e+01 -5.222545e-03 9.999787e-01 -3.902065e-03 5.014090e+00 2.029192e-04 3.903178e-03 9.999924e-01 -2.783437e+02
9.999726e-01 -4.538766e-03 -5.851105e-03 1.078040e+01 4.554567e-03 9.999860e-01 2.690105e-03 5.014309e+00 5.838814e-03 -2.716681e-03 9.999793e-01 -2.785441e+02
9.999858e-01 5.300592e-03 -6.093959e-04 1.078830e+01 -5.303318e-03 9.999755e-01 -4.563108e-03 5.018699e+00 5.851939e-04 4.566274e-03 9.999894e-01 -2.788858e+02
9.999789e-01 -4.821361e-03 -4.350228e-03 1.080929e+01 4.842468e-03 9.999765e-01 4.854691e-03 5.012114e+00 4.326719e-03 -4.875654e-03 9.999788e-01 -2.787183e+02
9.999607e-01 6.169058e-03 6.362612e-03 1.062487e+01 -6.142300e-03 9.999722e-01 -4.216365e-03 5.013434e+00 -6.388446e-03 4.177119e-03 9.999709e-01 -2.779840e+02
9.999692e-01 -6.067570e-03 -4.973175e-03 1.050732e+01 6.090641e-03 9.999707e-01 4.637084e-03 5.011688e+00 4.944893e-03 -4.667231e-03 9.999769e-01 -2.773111e+02
9.999408e-01 7.279141e-03 8.090235e-03 1.031353e+01 -7.247284e-03 9.999659e-01 -3.960037e-03 5.011321e+00 -8.118784e-03 3.901170e-03 9.999594e-01 -2.764861e+02
9.999647e-01 -7.458724e-03 -3.863302e-03 1.012108e+01 7.473919e-03 9.999643e-01 3.933877e-03 5.014201e+00 3.833822e-03 -3.962612e-03 9.999848e-01 -2.756245e+02
9.999672e-01 7.846436e-03 -1.993371e-03 1.007206e+01 -7.855899e-03 9.999577e-01 -4.784889e-03 5.016244e+00 1.955742e-03 4.800392e-03 9.999866e-01 -2.757181e+02
9.999631e-01 -7.864846e-03 -3.461874e-03 9.891500e+00 7.868623e-03 9.999685e-01 1.078724e-03 5.034250e+00 3.453281e-03 -1.105924e-03 9.999934e-01 -2.762238e+02
9.999671e-01 7.799481e-03 -2.245805e-03 9.744723e+00 -7.806114e-03 9.999652e-01 -2.960241e-03 5.043534e+00 2.222639e-03 2.977675e-03 9.999931e-01 -2.763631e+02
9.999718e-01 -7.278281e-03 1.852538e-03 9.615952e+00 7.272466e-03 9.999687e-01 3.126380e-03 5.045006e+00 -1.875234e-03 -3.112820e-03 9.999934e-01 -2.758922e+02
9.999712e-01 7.534663e-03 -9.473235e-04 9.508308e+00 -7.537093e-03 9.999682e-01 -2.588073e-03 5.042645e+00 9.277932e-04 2.595138e-03 9.999962e-01 -2.752487e+02
9.999745e-01 -7.137249e-03 2.521660e-04 9.499071e+00 7.136309e-03 9.999682e-01 3.548123e-03 5.032727e+00 -2.774820e-04 -3.546233e-03 9.999937e-01 -2.746557e+02
9.999587e-01 7.860907e-03 -4.560776e-03 9.579193e+00 -7.873924e-03 9.999650e-01 -2.843211e-03 5.021662e+00 4.538266e-03 2.879005e-03 9.999856e-01 -2.744120e+02
9.999748e-01 -7.083659e-03 5.427538e-04 9.651046e+00 7.081794e-03 9.999693e-01 3.363685e-03 5.011653e+00 -5.665644e-04 -3.359756e-03 9.999942e-01 -2.741935e+02
9.999628e-01 7.933678e-03 -3.391368e-03 9.587668e+00 -7.943960e-03 9.999639e-01 -3.029201e-03 5.010497e+00 3.367213e-03 3.056029e-03 9.999897e-01 -2.738985e+02
9.999723e-01 -7.432802e-03 -3.447715e-04 9.555210e+00 7.433884e-03 9.999671e-01 3.250271e-03 5.007352e+00 3.206015e-04 -3.252744e-03 9.999947e-01 -2.736322e+02
9.999603e-01 8.295107e-03 -3.245461e-03 9.613675e+00 -8.303229e-03 9.999624e-01 -2.497050e-03 4.997003e+00 3.224626e-03 2.523898e-03 9.999916e-01 -2.733660e+02
9.999724e-01 -7.415011e-03 -4.345814e-04 9.675713e+00 7.416366e-03 9.999674e-01 3.203766e-03 4.986354e+00 4.108112e-04 -3.206901e-03 9.999948e-01 -2.730796e+02
9.999719e-01 7.198343e-03 -2.113402e-03 9.155988e+00 -7.223946e-03 9.998974e-01 -1.236820e-02 5.035732e+00 2.024155e-03 1.238312e-02 9.999213e-01 -2.742738e+02
9.999229e-01 -1.041741e-02 6.759090e-03 7.936691e+00 1.048245e-02 9.998984e-01 -9.660131e-03 5.151072e+00 -6.657770e-03 9.730239e-03 9.999305e-01 -2.769235e+02
9.999753e-01 6.329971e-03 -3.052228e-03 6.625862e+00 -6.368929e-03 9.998962e-01 -1.292766e-02 5.271697e+00 2.970079e-03 1.294678e-02 9.999118e-01 -2.796468e+02
9.999420e-01 -8.973376e-03 5.964479e-03 6.145178e+00 9.024851e-03 9.999218e-01 -8.660101e-03 5.357538e+00 -5.886302e-03 8.713427e-03 9.999447e-01 -2.828593e+02
9.999507e-01 8.723610e-03 -4.734190e-03 6.061059e+00 -8.757539e-03 9.999358e-01 -7.193941e-03 5.410702e+00 4.671129e-03 7.235046e-03 9.999629e-01 -2.854073e+02
9.998753e-01 -7.983082e-03 1.362514e-02 6.163753e+00 8.193649e-03 9.998468e-01 -1.546916e-02 5.478116e+00 -1.349956e-02 1.557887e-02 9.997875e-01 -2.889774e+02
9.998192e-01 7.930643e-03 -1.728354e-02 6.036758e+00 -7.889059e-03 9.999658e-01 2.472874e-03 5.535206e+00 1.730256e-02 -2.336076e-03 9.998476e-01 -2.915192e+02
9.997403e-01 -7.337263e-03 2.157332e-02 5.981422e+00 7.745030e-03 9.997918e-01 -1.887906e-02 5.588519e+00 -2.143030e-02 1.904125e-02 9.995890e-01 -2.940284e+02
9.998368e-01 5.414925e-03 -1.723483e-02 5.460868e+00 -5.442358e-03 9.999840e-01 -1.545191e-03 5.671401e+00 1.722619e-02 1.638737e-03 9.998503e-01 -2.971760e+02
9.996811e-01 -6.936153e-03 2.428172e-02 4.708203e+00 7.532939e-03 9.996697e-01 -2.457303e-02 5.777278e+00 -2.410326e-02 2.474810e-02 9.994031e-01 -3.008507e+02
9.999084e-01 3.894651e-03 -1.295965e-02 3.748977e+00 -4.018556e-03 9.999463e-01 -9.548519e-03 5.919070e+00 1.292177e-02 9.599724e-03 9.998704e-01 -3.056617e+02
9.998711e-01 -7.292653e-03 1.430637e-02 3.367886e+00 7.509217e-03 9.998571e-01 -1.514276e-02 6.014425e+00 -1.419390e-02 1.524824e-02 9.997830e-01 -3.093511e+02
9.998353e-01 8.098188e-03 -1.624053e-02 3.379023e+00 -7.994972e-03 9.999475e-01 6.410386e-03 6.044414e+00 1.629159e-02 -6.279489e-03 9.998476e-01 -3.109384e+02
9.998468e-01 -8.258943e-03 1.543535e-02 2.893882e+00 8.436506e-03 9.998986e-01 -1.147420e-02 6.080347e+00 -1.533902e-02 1.160266e-02 9.998150e-01 -3.111938e+02
9.998612e-01 9.763338e-03 -1.349941e-02 2.512143e+00 -9.620293e-03 9.998973e-01 1.062105e-02 6.101228e+00 1.360172e-02 -1.048971e-02 9.998525e-01 -3.105121e+02
9.998502e-01 -8.571704e-03 1.503607e-02 2.423954e+00 8.711713e-03 9.999191e-01 -9.270931e-03 6.093817e+00 -1.495539e-02 9.400532e-03 9.998440e-01 -3.097697e+02
9.998478e-01 9.549722e-03 -1.459733e-02 2.277516e+00 -9.408348e-03 9.999085e-01 9.723079e-03 6.095248e+00 1.468885e-02 -9.584263e-03 9.998462e-01 -3.091951e+02
9.998109e-01 -8.586821e-03 1.744926e-02 1.890867e+00 8.764722e-03 9.999101e-01 -1.014458e-02 6.115739e+00 -1.736058e-02 1.029559e-02 9.997963e-01 -3.084398e+02
9.998899e-01 9.815236e-03 -1.113264e-02 1.267683e+00 -9.725139e-03 9.999198e-01 8.118478e-03 6.154950e+00 1.121144e-02 -8.009318e-03 9.999051e-01 -3.074457e+02
9.997237e-01 -8.351081e-03 2.197421e-02 3.171022e-01 8.596686e-03 9.999014e-01 -1.110635e-02 6.218718e+00 -2.187929e-02 1.129219e-02 9.996968e-01 -3.061059e+02
9.998582e-01 9.631017e-03 -1.381619e-02 -4.027211e-01 -9.519050e-03 9.999215e-01 8.147030e-03 6.265172e+00 1.389357e-02 -8.014358e-03 9.998714e-01 -3.050343e+02
9.996169e-01 -7.382484e-03 2.667521e-02 -1.375602e+00 7.679065e-03 9.999096e-01 -1.103296e-02 6.326462e+00 -2.659135e-02 1.123357e-02 9.995833e-01 -3.036294e+02
9.999267e-01 7.806861e-03 -9.259147e-03 -2.718270e+00 -7.762662e-03 9.999584e-01 4.799918e-03 6.423948e+00 9.296234e-03 -4.727691e-03 9.999456e-01 -3.021026e+02
9.997752e-01 -7.302607e-03 1.990342e-02 -3.764634e+00 7.495467e-03 9.999255e-01 -9.632468e-03 6.502135e+00 -1.983160e-02 9.779488e-03 9.997555e-01 -3.010722e+02
9.999205e-01 8.554371e-03 -9.263097e-03 -4.791053e+00 -8.511198e-03 9.999528e-01 4.690152e-03 6.576371e+00 9.302781e-03 -4.610939e-03 9.999461e-01 -3.000152e+02
9.998240e-01 -8.021398e-03 1.695969e-02 -5.429852e+00 8.141172e-03 9.999423e-01 -7.005097e-03 6.615688e+00 -1.690253e-02 7.141936e-03 9.998316e-01 -2.989774e+02
9.998650e-01 8.696247e-03 -1.393906e-02 -5.835280e+00 -8.618416e-03 9.999470e-01 5.634006e-03 6.640584e+00 1.398731e-02 -5.513113e-03 9.998870e-01 -2.983344e+02
9.997580e-01 -6.700666e-03 2.095320e-02 -6.586051e+00 6.878577e-03 9.999408e-01 -8.430394e-03 6.690775e+00 -2.089547e-02 8.572482e-03 9.997449e-01 -2.974609e+02
9.999626e-01 8.189523e-03 -2.764377e-03 -7.864187e+00 -8.180282e-03 9.999610e-01 3.337374e-03 6.776967e+00 2.791601e-03 -3.314637e-03 9.999906e-01 -2.957488e+02
9.998046e-01 -7.197356e-03 1.840980e-02 -9.039330e+00 7.354475e-03 9.999370e-01 -8.481105e-03 6.858164e+00 -1.834759e-02 8.614843e-03 9.997946e-01 -2.942311e+02
9.999320e-01 8.343718e-03 -8.146670e-03 -9.880104e+00 -8.301181e-03 9.999518e-01 5.241316e-03 6.912885e+00 8.190010e-03 -5.173333e-03 9.999531e-01 -2.930076e+02
9.998177e-01 -7.790661e-03 1.742984e-02 -1.056553e+01 7.920604e-03 9.999413e-01 -7.398644e-03 6.955247e+00 -1.737117e-02 7.535350e-03 9.998207e-01 -2.918363e+02
9.998866e-01 9.421784e-03 -1.175011e-02 -1.095289e+01 -9.334230e-03 9.999284e-01 7.484002e-03 6.969776e+00 1.181978e-02 -7.373475e-03 9.999030e-01 -2.907516e+02
9.998917e-01 -8.655751e-03 1.190540e-02 -1.101355e+01 8.730729e-03 9.999423e-01 -6.260345e-03 6.962826e+00 -1.185052e-02 6.363609e-03 9.999095e-01 -2.900632e+02
9.998347e-01 9.195575e-03 -1.568440e-02 -1.103986e+01 -9.090643e-03 9.999359e-01 6.748454e-03 6.959181e+00 1.574545e-02 -6.604758e-03 9.998542e-01 -2.897568e+02
9.998993e-01 -8.258162e-03 1.153830e-02 -1.101844e+01 8.332773e-03 9.999446e-01 -6.433384e-03 6.954131e+00 -1.148453e-02 6.528883e-03 9.999127e-01 -2.896000e+02
9.998304e-01 8.549352e-03 -1.631140e-02 -1.116327e+01 -8.471623e-03 9.999525e-01 4.828469e-03 6.963053e+00 1.635191e-02 -4.689466e-03 9.998553e-01 -2.897971e+02
9.998778e-01 -8.523306e-03 1.310695e-02 -1.142484e+01 8.628841e-03 9.999306e-01 -8.016503e-03 6.980906e+00 -1.303771e-02 8.128622e-03 9.998820e-01 -2.899034e+02
9.997996e-01 8.800150e-03 -1.798058e-02 -1.159564e+01 -8.711512e-03 9.999495e-01 5.002017e-03 6.997397e+00 1.802370e-02 -4.844377e-03 9.998258e-01 -2.903663e+02
9.998720e-01 -8.768781e-03 1.338472e-02 -1.167088e+01 8.899385e-03 9.999131e-01 -9.729568e-03 7.016573e+00 -1.329824e-02 9.847438e-03 9.998631e-01 -2.912220e+02
9.997845e-01 9.756133e-03 -1.832567e-02 -1.157188e+01 -9.571791e-03 9.999030e-01 1.012012e-02 7.009607e+00 1.842262e-02 -9.942528e-03 9.997809e-01 -2.911264e+02
9.998537e-01 -8.587051e-03 1.479371e-02 -1.149206e+01 8.726284e-03 9.999180e-01 -9.372935e-03 6.998422e+00 -1.471201e-02 9.500658e-03 9.998466e-01 -2.908018e+02
9.997698e-01 9.705234e-03 -1.913760e-02 -1.143462e+01 -9.509444e-03 9.999018e-01 1.029523e-02 6.989513e+00 1.923564e-02 -1.011087e-02 9.997639e-01 -2.905458e+02
9.998298e-01 -8.635345e-03 1.630521e-02 -1.139374e+01 8.786645e-03 9.999188e-01 -9.230479e-03 6.979407e+00 -1.622418e-02 9.372177e-03 9.998245e-01 -2.901490e+02
9.997866e-01 9.825082e-03 -1.817455e-02 -1.133495e+01 -9.642443e-03 9.999024e-01 1.010961e-02 6.967292e+00 1.827210e-02 -9.932206e-03 9.997837e-01 -2.896846e+02
9.998663e-01 -8.626453e-03 1.388764e-02 -1.121365e+01 8.760397e-03 9.999154e-01 -9.613092e-03 6.958365e+00 -1.380354e-02 9.733468e-03 9.998574e-01 -2.895484e+02
9.997841e-01 9.691392e-03 -1.838270e-02 -1.108454e+01 -9.542767e-03 9.999212e-01 8.155633e-03 6.956621e+00 1.846029e-02 -7.978450e-03 9.997978e-01 -2.898384e+02
9.998823e-01 -8.679327e-03 1.265353e-02 -1.096939e+01 8.809178e-03 9.999087e-01 -1.024269e-02 6.959657e+00 -1.256347e-02 1.035295e-02 9.998675e-01 -2.902969e+02
9.997863e-01 9.707952e-03 -1.824878e-02 -1.086216e+01 -9.528777e-03 9.999058e-01 9.879879e-03 6.954885e+00 1.834298e-02 -9.703880e-03 9.997847e-01 -2.903787e+02
9.998612e-01 -8.599699e-03 1.426706e-02 -1.079500e+01 8.729261e-03 9.999210e-01 -9.043955e-03 6.945424e+00 -1.418816e-02 9.167241e-03 9.998573e-01 -2.901381e+02
9.997819e-01 9.655030e-03 -1.851839e-02 -1.074506e+01 -9.495409e-03 9.999172e-01 8.688229e-03 6.941387e+00 1.860075e-02 -8.510495e-03 9.997908e-01 -2.901459e+02
9.998557e-01 -8.990972e-03 1.441380e-02 -1.078610e+01 9.128512e-03 9.999132e-01 -9.505034e-03 6.943845e+00 -1.432709e-02 9.635240e-03 9.998509e-01 -2.901250e+02
9.997798e-01 9.601847e-03 -1.865715e-02 -1.084426e+01 -9.435136e-03 9.999150e-01 9.003026e-03 6.947505e+00 1.874201e-02 -8.825011e-03 9.997854e-01 -2.900876e+02
9.998719e-01 -8.134657e-03 1.378510e-02 -1.063123e+01 8.294296e-03 9.998987e-01 -1.156325e-02 6.950919e+00 -1.368964e-02 1.167611e-02 9.998381e-01 -2.906379e+02
9.997696e-01 9.476777e-03 -1.925812e-02 -1.047340e+01 -9.306525e-03 9.999170e-01 8.910995e-03 6.954700e+00 1.934097e-02 -8.729716e-03 9.997748e-01 -2.911780e+02
9.998578e-01 -8.551805e-03 1.453367e-02 -1.046043e+01 8.710235e-03 9.999030e-01 -1.087282e-02 6.959727e+00 -1.443927e-02 1.099786e-02 9.998353e-01 -2.915066e+02
9.997630e-01 9.319076e-03 -1.967571e-02 -1.040082e+01 -9.140174e-03 9.999162e-01 9.162941e-03 6.962619e+00 1.975945e-02 -8.980931e-03 9.997644e-01 -2.918547e+02
9.998592e-01 -8.339184e-03 1.456448e-02 -1.031995e+01 8.503951e-03 9.999001e-01 -1.128787e-02 6.966500e+00 -1.446890e-02 1.141014e-02 9.998302e-01 -2.922886e+02
9.997818e-01 8.933472e-03 -1.888330e-02 -1.034990e+01 -8.730956e-03 9.999038e-01 1.077995e-02 6.968192e+00 1.897778e-02 -1.061272e-02 9.997636e-01 -2.922557e+02
9.998637e-01 -8.079137e-03 1.439622e-02 -1.035234e+01 8.248082e-03 9.998974e-01 -1.171492e-02 6.970295e+00 -1.430009e-02 1.183207e-02 9.998277e-01 -2.923454e+02
9.997736e-01 8.894185e-03 -1.932763e-02 -1.030030e+01 -8.710806e-03 9.999164e-01 9.551505e-03 6.973766e+00 1.941097e-02 -9.380984e-03 9.997676e-01 -2.926973e+02
9.998582e-01 -8.187039e-03 1.471385e-02 -1.024986e+01 8.341968e-03 9.999101e-01 -1.049916e-02 6.972404e+00 -1.462657e-02 1.062042e-02 9.998366e-01 -2.928806e+02
9.997918e-01 9.179549e-03 -1.822124e-02 -1.018822e+01 -8.983888e-03 9.999014e-01 1.079102e-02 6.964200e+00 1.831850e-02 -1.062507e-02 9.997757e-01 -2.925843e+02
9.998659e-01 -8.169240e-03 1.419327e-02 -1.010872e+01 8.316462e-03 9.999119e-01 -1.034478e-02 6.956034e+00 -1.410751e-02 1.046143e-02 9.998458e-01 -2.923041e+02
9.997956e-01 9.419346e-03 -1.788757e-02 -1.003581e+01 -9.221255e-03 9.998956e-01 1.112456e-02 6.946864e+00 1.799049e-02 -1.095734e-02 9.997781e-01 -2.920638e+02
9.998759e-01 -8.366229e-03 1.334795e-02 -9.963388e+00 8.528779e-03 9.998896e-01 -1.216786e-02 6.945478e+00 -1.324468e-02 1.228019e-02 9.998369e-01 -2.922241e+02
9.998113e-01 9.174011e-03 -1.712350e-02 -1.005823e+01 -8.967116e-03 9.998863e-01 1.212046e-02 6.948122e+00 1.723274e-02 -1.196462e-02 9.997799e-01 -2.920014e+02
9.994008e-01 -7.076675e-03 3.388072e-02 -1.004519e+01 7.309263e-03 9.999505e-01 -6.746006e-03 6.913358e+00 -3.383131e-02 6.989608e-03 9.994031e-01 -2.897517e+02
9.999216e-01 1.141657e-02 5.135390e-03 -9.831481e+00 -1.148865e-02 9.998327e-01 1.423216e-02 6.830848e+00 -4.972048e-03 -1.429005e-02 9.998855e-01 -2.858207e+02
9.998126e-01 -7.581975e-03 1.781297e-02 -9.484592e+00 7.786611e-03 9.999042e-01 -1.144693e-02 6.772571e+00 -1.772447e-02 1.158349e-02 9.997758e-01 -2.837289e+02
