9.998751e-01 -4.432315e-03 -1.517096e-02 6.502832e-01 4.456805e-03 9.999888e-01 1.580889e-03 1.301088e-02 1.516378e-02 -1.648306e-03 9.998837e-01 -1.301497e+00
9.999985e-01 7.119693e-04 1.565765e-03 1.218002e+00 -7.127452e-04 9.999996e-01 4.950422e-04 2.057692e-02 -1.565412e-03 -4.961568e-04 9.999987e-01 -2.309047e+00
9.999161e-01 -4.512278e-03 -1.214522e-02 1.431446e+00 4.519386e-03 9.999896e-01 5.578123e-04 3.280436e-02 1.214257e-02 -6.126551e-04 9.999261e-01 -3.168661e+00
9.999950e-01 5.333851e-04 3.106165e-03 1.628573e+00 -5.343444e-04 9.999998e-01 3.080398e-04 4.568301e-02 -3.106000e-03 -3.096973e-04 9.999951e-01 -4.066018e+00
9.998880e-01 -4.404510e-03 -1.430202e-02 1.854204e+00 4.413587e-03 9.999901e-01 6.031977e-04 5.678022e-02 1.429922e-02 -6.662541e-04 9.998975e-01 -4.905740e+00
9.999912e-01 3.330103e-04 4.170735e-03 2.031867e+00 -3.342281e-04 9.999999e-01 2.913105e-04 6.944155e-02 -4.170638e-03 -2.927012e-04 9.999913e-01 -5.770289e+00
9.999011e-01 -4.525019e-03 -1.331251e-02 2.102687e+00 4.532531e-03 9.999896e-01 5.341719e-04 8.372064e-02 1.330995e-02 -5.944591e-04 9.999112e-01 -6.548625e+00
9.999409e-01 -2.950038e-03 1.046798e-02 1.996663e+00 2.966936e-03 9.999943e-01 -1.599067e-03 1.166572e-01 -1.046320e-02 1.630031e-03 9.999439e-01 -7.738914e+00
9.997997e-01 -7.195425e-03 -1.867719e-02 2.347647e+00 7.218051e-03 9.999733e-01 1.144343e-03 1.539794e-01 1.866846e-02 -1.278927e-03 9.998249e-01 -9.698783e+00
9.999853e-01 -4.618621e-03 2.843078e-03 3.246151e+00 4.625380e-03 9.999865e-01 -2.375364e-03 1.916532e-01 -2.832068e-03 2.388480e-03 9.999931e-01 -1.227903e+01
9.998884e-01 -4.651028e-03 -1.419819e-02 3.991307e+00 4.669354e-03 9.999883e-01 1.257869e-03 2.225436e-01 1.419217e-02 -1.324026e-03 9.998984e-01 -1.450683e+01
9.999649e-01 -8.129877e-03 -2.018281e-03 5.023558e+00 8.125848e-03 9.999650e-01 -1.996717e-03 2.664855e-01 2.034443e-03 1.980247e-03 9.999960e-01 -1.746570e+01
9.998518e-01 -7.267859e-05 -1.721277e-02 5.759062e+00 1.183126e-04 9.999965e-01 2.650173e-03 2.961344e-01 1.721251e-02 -2.651817e-03 9.998483e-01 -1.938375e+01
9.999424e-01 -6.814538e-03 8.287770e-03 6.285428e+00 6.836511e-03 9.999732e-01 -2.625839e-03 3.177921e-01 -8.269654e-03 2.682348e-03 9.999622e-01 -2.099300e+01
9.996887e-01 -1.212644e-03 -2.491899e-02 7.094039e+00 1.277831e-03 9.999958e-01 2.600197e-03 3.433111e-01 2.491573e-02 -2.631231e-03 9.996861e-01 -2.294852e+01
9.999277e-01 -4.989392e-03 1.093990e-02 7.568458e+00 5.017913e-03 9.999841e-01 -2.581119e-03 3.636347e-01 -1.092685e-02 2.635828e-03 9.999368e-01 -2.440475e+01
9.997756e-01 -9.655940e-04 -2.116342e-02 7.825557e+00 1.022013e-03 9.999960e-01 2.655244e-03 3.816157e-01 2.116077e-02 -2.676278e-03 9.997725e-01 -2.561712e+01
9.998505e-01 -3.792862e-03 1.687191e-02 7.641356e+00 3.835950e-03 9.999895e-01 -2.522168e-03 4.042572e-01 -1.686216e-02 2.586511e-03 9.998545e-01 -2.625769e+01
9.996957e-01 -1.545514e-03 -2.461779e-02 7.736335e+00 1.621307e-03 9.999940e-01 3.059110e-03 4.242893e-01 2.461291e-02 -3.098092e-03 9.996923e-01 -2.726418e+01
9.998845e-01 -5.359196e-03 1.422168e-02 8.088588e+00 5.401212e-03 9.999812e-01 -2.917573e-03 4.488917e-01 -1.420578e-02 2.994051e-03 9.998946e-01 -2.873620e+01
9.997056e-01 -2.397081e-03 -2.414554e-02 8.499667e+00 2.462507e-03 9.999934e-01 2.680298e-03 4.771578e-01 2.413896e-02 -2.738968e-03 9.997049e-01 -3.043154e+01
9.998352e-01 -2.884462e-03 1.792394e-02 8.333107e+00 2.927170e-03 9.999929e-01 -2.356955e-03 5.041387e-01 -1.791701e-02 2.409033e-03 9.998366e-01 -3.114514e+01
9.997233e-01 -1.270084e-03 -2.349016e-02 8.245692e+00 1.333964e-03 9.999955e-01 2.703968e-03 5.179259e-01 2.348662e-02 -2.734556e-03 9.997204e-01 -3.172609e+01
9.998783e-01 -4.869831e-03 1.482288e-02 8.444268e+00 4.905440e-03 9.999852e-01 -2.366877e-03 5.391779e-01 -1.481113e-02 2.439303e-03 9.998873e-01 -3.292191e+01
9.996330e-01 -2.721715e-03 -2.695420e-02 9.083608e+00 2.802231e-03 9.999917e-01 2.949827e-03 5.639186e-01 2.694595e-02 -3.024276e-03 9.996323e-01 -3.473009e+01
9.999079e-01 -5.188078e-03 1.253986e-02 9.828761e+00 5.219787e-03 9.999833e-01 -2.497288e-03 5.892914e-01 -1.252669e-02 2.562514e-03 9.999183e-01 -3.664568e+01
9.996468e-01 -2.217125e-03 -2.648213e-02 1.050644e+01 2.307438e-03 9.999916e-01 3.380296e-03 6.127858e-01 2.647441e-02 -3.440209e-03 9.996436e-01 -3.843818e+01
9.998869e-01 -6.992942e-03 1.331453e-02 1.153786e+01 7.035807e-03 9.999702e-01 -3.175333e-03 6.398642e-01 -1.329193e-02 3.268653e-03 9.999063e-01 -4.076336e+01
9.995265e-01 -3.351686e-03 -3.058675e-02 1.276230e+01 3.450029e-03 9.999890e-01 3.163026e-03 6.711015e-01 3.057582e-02 -3.267054e-03 9.995271e-01 -4.336869e+01
9.998942e-01 -5.146261e-03 1.360255e-02 1.370507e+01 5.180286e-03 9.999835e-01 -2.467312e-03 6.972979e-01 -1.358963e-02 2.537517e-03 9.999044e-01 -4.547930e+01
9.996402e-01 -1.316534e-03 -2.679101e-02 1.430897e+01 1.408831e-03 9.999931e-01 3.426513e-03 7.169049e-01 2.678631e-02 -3.463025e-03 9.996352e-01 -4.705175e+01
9.998828e-01 -5.781033e-03 1.417887e-02 1.493298e+01 5.824774e-03 9.999784e-01 -3.045555e-03 7.392512e-01 -1.416095e-02 3.127787e-03 9.998948e-01 -4.877674e+01
9.996365e-01 -2.604031e-03 -2.683333e-02 1.574678e+01 2.698411e-03 9.999903e-01 3.481654e-03 7.653794e-01 2.682400e-02 -3.552796e-03 9.996339e-01 -5.085453e+01
9.999159e-01 -5.318016e-03 1.182509e-02 1.663303e+01 5.353241e-03 9.999813e-01 -2.949196e-03 7.879388e-01 -1.180918e-02 3.012251e-03 9.999257e-01 -5.285228e+01
9.997132e-01 -2.399873e-04 -2.394890e-02 1.711759e+01 3.371459e-04 9.999917e-01 4.052961e-03 8.055725e-01 2.394773e-02 -4.059873e-03 9.997050e-01 -5.421253e+01
9.999006e-01 -3.900700e-03 1.355054e-02 1.731789e+01 3.932657e-03 9.999895e-01 -2.332498e-03 8.194633e-01 -1.354130e-02 2.385557e-03 9.999055e-01 -5.516005e+01
9.997141e-01 9.176730e-05 -2.390896e-02 1.755188e+01 2.638943e-06 9.999922e-01 3.948517e-03 8.298811e-01 2.390913e-02 -3.947452e-03 9.997063e-01 -5.601084e+01
9.998920e-01 -4.140267e-03 1.409846e-02 1.781994e+01 4.176706e-03 9.999880e-01 -2.556162e-03 8.421182e-01 -1.408771e-02 2.614772e-03 9.998973e-01 -5.698456e+01
9.996716e-01 -1.858850e-03 -2.556009e-02 1.841074e+01 1.956847e-03 9.999908e-01 3.809527e-03 8.604294e-01 2.555277e-02 -3.858294e-03 9.996660e-01 -5.853520e+01
9.999364e-01 -6.210824e-03 9.416609e-03 1.938277e+01 6.236467e-03 9.999769e-01 -2.696172e-03 8.845140e-01 -9.399646e-03 2.754728e-03 9.999520e-01 -6.060299e+01
9.996496e-01 -6.756476e-03 -2.559240e-02 2.107643e+01 6.806912e-03 9.999751e-01 1.884167e-03 9.266593e-01 2.557903e-02 -2.057713e-03 9.996707e-01 -6.403755e+01
9.999707e-01 -5.304347e-03 5.527722e-03 2.288913e+01 5.309696e-03 9.999854e-01 -9.533075e-04 9.631546e-01 -5.522585e-03 9.826307e-04 9.999843e-01 -6.727225e+01
9.996998e-01 -7.789483e-03 -2.322791e-02 2.448843e+01 7.804174e-03 9.999694e-01 5.419080e-04 1.004688e+00 2.322297e-02 -7.230206e-04 9.997300e-01 -7.060941e+01
9.999790e-01 -1.921163e-03 6.194478e-03 2.585643e+01 1.918817e-03 9.999981e-01 3.845768e-04 1.032576e+00 -6.195204e-03 -3.726820e-04 9.999807e-01 -7.316475e+01
9.997681e-01 -6.085043e-03 -2.065588e-02 2.688995e+01 6.123669e-03 9.999796e-01 1.807248e-03 1.052695e+00 2.064446e-02 -1.933319e-03 9.997850e-01 -7.505803e+01
9.999472e-01 1.115720e-03 1.021589e-02 2.725932e+01 -1.117704e-03 9.999994e-01 1.885093e-04 1.065638e+00 -1.021568e-02 -1.999171e-04 9.999478e-01 -7.612610e+01
9.998350e-01 -2.076289e-03 -1.804444e-02 2.724042e+01 2.163710e-03 9.999860e-01 4.826638e-03 1.056964e+00 1.803417e-02 -4.864885e-03 9.998255e-01 -7.581201e+01
9.999704e-01 1.579200e-03 7.535120e-03 2.732616e+01 -1.589135e-03 9.999979e-01 1.312757e-03 1.032972e+00 -7.533030e-03 -1.324692e-03 9.999707e-01 -7.482559e+01
9.998557e-01 -2.320300e-03 -1.682840e-02 2.744188e+01 2.369694e-03 9.999929e-01 2.915854e-03 1.012307e+00 1.682152e-02 -2.955312e-03 9.998541e-01 -7.419259e+01
9.999798e-01 2.107828e-03 5.988282e-03 2.755394e+01 -2.111345e-03 9.999976e-01 5.811030e-04 9.987674e-01 -5.987043e-03 -5.937340e-04 9.999819e-01 -7.387419e+01
9.998735e-01 -5.044725e-03 -1.508114e-02 2.767891e+01 5.060863e-03 9.999867e-01 1.032127e-03 1.004009e+00 1.507573e-02 -1.108321e-03 9.998857e-01 -7.445207e+01
9.999849e-01 1.210319e-03 5.367546e-03 2.789279e+01 -1.210993e-03 9.999993e-01 1.224197e-04 1.016641e+00 -5.367394e-03 -1.289173e-04 9.999856e-01 -7.538071e+01
9.998857e-01 -7.506253e-03 -1.312709e-02 2.804442e+01 7.505759e-03 9.999718e-01 -8.688322e-05 1.040777e+00 1.312737e-02 -1.165610e-05 9.999138e-01 -7.660379e+01
9.999849e-01 4.029988e-03 3.739559e-03 2.815712e+01 -4.034456e-03 9.999912e-01 1.188057e-03 1.050774e+00 -3.734738e-03 -1.203126e-03 9.999923e-01 -7.728385e+01
9.999014e-01 -6.941153e-03 -1.220575e-02 2.823656e+01 6.942692e-03 9.999759e-01 8.371858e-05 1.057508e+00 1.220488e-02 -1.684517e-04 9.999255e-01 -7.783535e+01
9.999738e-01 6.771140e-03 2.564802e-03 2.823089e+01 -6.781302e-03 9.999691e-01 3.974375e-03 1.047121e+00 -2.537811e-03 -3.991663e-03 9.999888e-01 -7.730470e+01
9.998924e-01 -6.423273e-03 -1.318613e-02 2.824732e+01 6.427277e-03 9.999793e-01 2.612610e-04 1.031939e+00 1.318417e-02 -3.459843e-04 9.999130e-01 -7.657660e+01
9.999599e-01 7.375489e-03 5.074038e-03 2.818257e+01 -7.401183e-03 9.999598e-01 5.063905e-03 1.021111e+00 -5.036485e-03 -5.101255e-03 9.999743e-01 -7.543504e+01
9.998551e-01 -6.505706e-03 -1.572825e-02 2.813787e+01 6.503443e-03 9.999788e-01 -1.950221e-04 1.004674e+00 1.572919e-02 9.270541e-05 9.998763e-01 -7.426930e+01
9.999696e-01 4.875430e-03 6.085476e-03 2.820815e+01 -4.886719e-03 9.999864e-01 1.841648e-03 1.006336e+00 -6.076414e-03 -1.871329e-03 9.999798e-01 -7.461454e+01
9.998384e-01 -7.912757e-03 -1.614455e-02 2.834883e+01 7.900872e-03 9.999685e-01 -7.997916e-04 1.013480e+00 1.615037e-02 6.721057e-04 9.998693e-01 -7.523176e+01
9.999696e-01 4.457270e-03 6.391618e-03 2.849188e+01 -4.468342e-03 9.999885e-01 1.719140e-03 1.022810e+00 -6.383882e-03 -1.747647e-03 9.999781e-01 -7.592574e+01
9.998325e-01 -7.479075e-03 -1.670293e-02 2.863956e+01 7.468679e-03 9.999719e-01 -6.846854e-04 1.029517e+00 1.670758e-02 5.598212e-04 9.998603e-01 -7.653303e+01
9.999642e-01 5.446204e-03 6.474335e-03 2.876303e+01 -5.459821e-03 9.999829e-01 2.087393e-03 1.031378e+00 -6.462855e-03 -2.122666e-03 9.999769e-01 -7.693930e+01
9.998467e-01 -7.015890e-03 -1.603930e-02 2.885171e+01 7.008099e-03 9.999753e-01 -5.418648e-04 1.031616e+00 1.604271e-02 4.293761e-04 9.998712e-01 -7.724168e+01
9.999618e-01 4.365341e-03 7.571294e-03 2.896431e+01 -4.377499e-03 9.999892e-01 1.589960e-03 1.036568e+00 -7.564270e-03 -1.623042e-03 9.999701e-01 -7.779649e+01
9.998283e-01 -9.040706e-03 -1.617316e-02 2.907767e+01 9.022281e-03 9.999586e-01 -1.211853e-03 1.051874e+00 1.618345e-02 1.065725e-03 9.998685e-01 -7.869689e+01
9.999657e-01 4.520921e-03 6.939714e-03 2.916618e+01 -4.532905e-03 9.999883e-01 1.712144e-03 1.067143e+00 -6.931892e-03 -1.743542e-03 9.999745e-01 -7.948131e+01
9.998375e-01 -7.729176e-03 -1.628592e-02 2.930296e+01 7.717510e-03 9.999699e-01 -7.790319e-04 1.075572e+00 1.629145e-02 6.532180e-04 9.998671e-01 -8.014542e+01
9.999756e-01 3.258539e-03 6.177088e-03 2.944718e+01 -3.266916e-03 9.999938e-01 1.346559e-03 1.090276e+00 -6.172661e-03 -1.366705e-03 9.999800e-01 -8.099754e+01
9.998831e-01 -7.341084e-03 -1.340954e-02 2.953594e+01 7.330652e-03 9.999728e-01 -8.269449e-04 1.104220e+00 1.341525e-02 7.285470e-04 9.999097e-01 -8.179775e+01
9.999898e-01 2.711603e-03 3.624865e-03 2.969204e+01 -2.716258e-03 9.999955e-01 1.280116e-03 1.117639e+00 -3.621377e-03 -1.289948e-03 9.999926e-01 -8.267629e+01
9.998955e-01 -6.461249e-03 -1.293458e-02 2.979469e+01 6.456256e-03 9.999791e-01 -4.277831e-04 1.128725e+00 1.293707e-02 3.442289e-04 9.999163e-01 -8.336412e+01
9.999865e-01 1.337789e-03 5.014142e-03 2.995463e+01 -1.340809e-03 9.999989e-01 5.990881e-04 1.146669e+00 -5.013334e-03 -6.058025e-04 9.999872e-01 -8.442623e+01
9.998537e-01 -6.218982e-03 -1.593739e-02 3.015985e+01 6.220371e-03 9.999807e-01 3.755749e-05 1.159784e+00 1.593684e-02 -1.366890e-04 9.998730e-01 -8.536221e+01
9.999785e-01 3.550737e-03 5.510004e-03 3.031160e+01 -3.557086e-03 9.999930e-01 1.142877e-03 1.164895e+00 -5.505907e-03 -1.162452e-03 9.999842e-01 -8.593025e+01
9.998653e-01 -6.535034e-03 -1.505316e-02 3.043175e+01 6.534557e-03 9.999786e-01 -8.082549e-05 1.173148e+00 1.505337e-02 -1.755170e-05 9.998867e-01 -8.654800e+01
9.999762e-01 2.657236e-03 6.364262e-03 3.059068e+01 -2.661254e-03 9.999963e-01 6.231292e-04 1.184728e+00 -6.362582e-03 -6.400507e-04 9.999796e-01 -8.738070e+01
9.998320e-01 -7.040148e-03 -1.692075e-02 3.076208e+01 7.040928e-03 9.999752e-01 -1.345746e-05 1.197457e+00 1.692042e-02 -1.056832e-04 9.998568e-01 -8.824534e+01
9.999595e-01 3.763098e-03 8.170934e-03 3.088815e+01 -3.768818e-03 9.999927e-01 6.848626e-04 1.204048e+00 -8.168296e-03 -7.156291e-04 9.999664e-01 -8.888379e+01
9.998034e-01 -8.000773e-03 -1.813991e-02 3.099769e+01 8.005031e-03 9.999679e-01 1.621478e-04 1.216680e+00 1.813803e-02 -3.073271e-04 9.998354e-01 -8.965663e+01
9.999484e-01 4.937942e-03 8.873118e-03 3.109564e+01 -4.945182e-03 9.999875e-01 7.942228e-04 1.225723e+00 -8.869085e-03 -8.380604e-04 9.999603e-01 -9.024150e+01
9.998088e-01 -7.397273e-03 -1.810277e-02 3.118290e+01 7.404861e-03 9.999725e-01 3.522099e-04 1.231860e+00 1.809967e-02 -4.861916e-04 9.998361e-01 -9.071558e+01
9.999391e-01 5.101686e-03 9.788583e-03 3.122921e+01 -5.110281e-03 9.999866e-01 8.533176e-04 1.237402e+00 -9.784098e-03 -9.032874e-04 9.999517e-01 -9.115204e+01
9.999469e-01 -4.580477e-03 -9.234723e-03 3.084007e+01 4.616563e-03 9.999818e-01 3.890171e-03 1.257830e+00 9.216736e-03 -3.932597e-03 9.999498e-01 -8.996499e+01
9.999850e-01 3.885784e-03 3.862689e-03 3.052029e+01 -3.886238e-03 9.999924e-01 1.101091e-04 1.264906e+00 -3.862231e-03 -1.251182e-04 9.999925e-01 -8.902436e+01
9.998961e-01 -8.822441e-03 -1.139922e-02 3.060013e+01 8.824884e-03 9.999610e-01 1.640390e-04 1.284334e+00 1.139733e-02 -2.646193e-04 9.999350e-01 -8.994597e+01
9.999869e-01 4.833902e-03 1.681255e-03 3.070353e+01 -4.834980e-03 9.999881e-01 6.380630e-04 1.297532e+00 -1.678151e-03 -6.461829e-04 9.999984e-01 -9.066990e+01
9.999210e-01 -7.384296e-03 -1.017664e-02 3.079385e+01 7.389016e-03 9.999726e-01 4.262738e-04 1.304370e+00 1.017322e-02 -5.014360e-04 9.999481e-01 -9.118879e+01
9.999885e-01 4.614620e-03 1.276827e-03 3.094392e+01 -4.615791e-03 9.999889e-01 9.159265e-04 1.309095e+00 -1.272585e-03 -9.218090e-04 9.999988e-01 -9.174137e+01
9.999103e-01 -7.206059e-03 -1.128654e-02 3.111617e+01 7.209158e-03 9.999740e-01 2.339973e-04 1.314474e+00 1.128456e-02 -3.153434e-04 9.999363e-01 -9.234739e+01
9.999894e-01 3.954247e-03 2.342034e-03 3.124276e+01 -3.955763e-03 9.999920e-01 6.433223e-04 1.323329e+00 -2.339471e-03 -6.525795e-04 9.999971e-01 -9.298768e+01
9.999202e-01 -7.034032e-03 -1.049734e-02 3.132047e+01 7.037393e-03 9.999752e-01 2.832450e-04 1.330740e+00 1.049509e-02 -3.570968e-04 9.999449e-01 -9.354131e+01
9.999814e-01 5.572106e-03 2.477044e-03 3.127468e+01 -5.576211e-03 9.999831e-01 1.653388e-03 1.331485e+00 -2.467789e-03 -1.667169e-03 9.999956e-01 -9.364443e+01
9.999130e-01 -7.041800e-03 -1.115423e-02 3.136389e+01 7.041940e-03 9.999752e-01 -2.669892e-05 1.331809e+00 1.115415e-02 -5.185141e-05 9.999378e-01 -9.396957e+01
9.999894e-01 3.583287e-03 2.899536e-03 3.150891e+01 -3.586213e-03 9.999931e-01 1.004787e-03 1.338313e+00 -2.895915e-03 -1.015174e-03 9.999953e-01 -9.458017e+01
9.999153e-01 -5.171910e-03 -1.194364e-02 3.169009e+01 5.188119e-03 9.999857e-01 1.326575e-03 1.333367e+00 1.193661e-02 -1.388428e-03 9.999278e-01 -9.479284e+01
9.999910e-01 2.603553e-03 3.347699e-03 3.180833e+01 -2.604007e-03 9.999966e-01 1.314568e-04 1.339190e+00 -3.347345e-03 -1.401725e-04 9.999944e-01 -9.533609e+01
9.999500e-01 -6.267964e-03 -7.794230e-03 3.178311e+01 6.270592e-03 9.999803e-01 3.127491e-04 1.357620e+00 7.792115e-03 -3.616084e-04 9.999696e-01 -9.591210e+01
9.999962e-01 2.365900e-03 1.434096e-03 3.174534e+01 -2.367528e-03 9.999966e-01 1.135121e-03 1.380444e+00 -1.431405e-03 -1.138511e-03 9.999983e-01 -9.640470e+01
9.999191e-01 -6.248975e-03 -1.108231e-02 3.195591e+01 6.245088e-03 9.999804e-01 -3.853155e-04 1.391162e+00 1.108450e-02 3.160738e-04 9.999385e-01 -9.724261e+01
9.999925e-01 3.111068e-03 2.300314e-03 3.210970e+01 -3.114926e-03 9.999937e-01 1.675802e-03 1.398224e+00 -2.295086e-03 -1.682954e-03 9.999959e-01 -9.790024e+01
9.999190e-01 -1.189242e-02 -4.526428e-03 3.218709e+01 1.187747e-02 9.999240e-01 -3.314483e-03 1.438508e+00 4.565501e-03 3.260451e-03 9.999843e-01 -9.963619e+01
9.999954e-01 9.960264e-04 -2.864127e-03 3.223963e+01 -9.915241e-04 9.999983e-01 1.572867e-03 1.488698e+00 2.865689e-03 -1.570019e-03 9.999947e-01 -1.014872e+02
9.999504e-01 -5.712076e-03 -8.154814e-03 3.244136e+01 5.704279e-03 9.999833e-01 -9.790928e-04 1.504047e+00 8.160270e-03 9.325264e-04 9.999663e-01 -1.024426e+02
9.999987e-01 1.406647e-03 -8.071467e-04 3.262540e+01 -1.405274e-03 9.999976e-01 1.697832e-03 1.518249e+00 8.095333e-04 -1.696695e-03 9.999982e-01 -1.033436e+02
9.999518e-01 -4.569469e-03 -8.693171e-03 3.270386e+01 4.566249e-03 9.999895e-01 -3.902124e-04 1.527387e+00 8.694862e-03 3.504978e-04 9.999621e-01 -1.038939e+02
9.999975e-01 2.128545e-03 6.260311e-04 3.275978e+01 -2.129641e-03 9.999962e-01 1.755577e-03 1.534845e+00 -6.222916e-04 -1.756905e-03 9.999983e-01 -1.043868e+02
9.999341e-01 -6.123152e-03 -9.713708e-03 3.292218e+01 6.113963e-03 9.999808e-01 -9.754584e-04 1.547952e+00 9.719494e-03 9.160043e-04 9.999523e-01 -1.052364e+02
9.999993e-01 8.075237e-04 -8.154802e-04 3.312805e+01 -8.062575e-04 9.999985e-01 1.551404e-03 1.566354e+00 8.167320e-04 -1.550745e-03 9.999985e-01 -1.063091e+02
9.999455e-01 -5.383179e-03 -8.950566e-03 3.330219e+01 5.376107e-03 9.999852e-01 -8.140445e-04 1.582392e+00 8.954816e-03 7.658803e-04 9.999596e-01 -1.072570e+02
9.999993e-01 6.046888e-04 -9.956716e-04 3.348754e+01 -6.032521e-04 9.999988e-01 1.442317e-03 1.598715e+00 9.965428e-04 -1.441715e-03 9.999985e-01 -1.082411e+02
9.999496e-01 -4.835860e-03 -8.800832e-03 3.365077e+01 4.830246e-03 9.999881e-01 -6.589685e-04 1.612800e+00 8.803914e-03 6.164245e-04 9.999611e-01 -1.091272e+02
9.999997e-01 6.084399e-04 -4.547646e-04 3.381429e+01 -6.077806e-04 9.999988e-01 1.447831e-03 1.626840e+00 4.556452e-04 -1.447554e-03 9.999988e-01 -1.100063e+02
9.999484e-01 -4.854472e-03 -8.919421e-03 3.396945e+01 4.848530e-03 9.999880e-01 -6.876076e-04 1.641309e+00 8.922652e-03 6.443256e-04 9.999600e-01 -1.108941e+02
1.000000e+00 2.006888e-04 -6.535909e-05 3.412012e+01 -2.006036e-04 9.999991e-01 1.295377e-03 1.657694e+00 6.561927e-05 -1.295363e-03 9.999992e-01 -1.118473e+02
9.999354e-01 -4.943388e-03 -1.023064e-02 3.430879e+01 4.936739e-03 9.999876e-01 -6.749985e-04 1.673821e+00 1.023385e-02 6.244484e-04 9.999474e-01 -1.128215e+02
9.999777e-01 -2.532316e-03 6.184132e-03 3.451869e+01 2.531729e-03 9.999968e-01 1.027863e-04 1.702874e+00 -6.184372e-03 -8.712699e-05 9.999809e-01 -1.143087e+02
9.998199e-01 -4.888519e-03 -1.833973e-02 3.472472e+01 4.891781e-03 9.999880e-01 1.330411e-04 1.731979e+00 1.833885e-02 -2.227316e-04 9.998318e-01 -1.156653e+02
9.999233e-01 -6.842785e-04 1.236724e-02 3.485911e+01 6.865960e-04 9.999997e-01 -1.831285e-04 1.754100e+00 -1.236711e-02 1.916062e-04 9.999235e-01 -1.167842e+02
9.997200e-01 -5.055378e-03 -2.311660e-02 3.518978e+01 5.067877e-03 9.999870e-01 4.821591e-04 1.773129e+00 2.311387e-02 -5.991767e-04 9.997327e-01 -1.180517e+02
9.998902e-01 -1.066951e-03 1.478303e-02 3.525528e+01 1.065511e-03 9.999994e-01 1.052884e-04 1.801379e+00 -1.478313e-02 -8.952483e-05 9.998907e-01 -1.191553e+02
9.997653e-01 -3.163653e-03 -2.143069e-02 3.529913e+01 3.178296e-03 9.999947e-01 6.492840e-04 1.821016e+00 2.142852e-02 -7.172453e-04 9.997701e-01 -1.199566e+02
9.999592e-01 -1.425463e-03 8.914528e-03 3.559082e+01 1.425033e-03 9.999990e-01 5.455746e-05 1.834543e+00 -8.914597e-03 -4.185123e-05 9.999603e-01 -1.209565e+02
9.998064e-01 -9.621069e-04 -1.965336e-02 3.576840e+01 9.911813e-04 9.999984e-01 1.469687e-03 1.840175e+00 1.965192e-02 -1.488883e-03 9.998058e-01 -1.215256e+02
9.998358e-01 -2.060300e-05 1.812145e-02 3.524319e+01 2.283201e-05 1.000000e+00 -1.227808e-04 1.884875e+00 -1.812145e-02 1.231749e-04 9.998358e-01 -1.211693e+02
9.996664e-01 -5.215957e-04 -2.582292e-02 3.512275e+01 5.882708e-04 9.999965e-01 2.574493e-03 1.890919e+00 2.582148e-02 -2.588825e-03 9.996632e-01 -1.210796e+02
9.998588e-01 8.070661e-04 1.678574e-02 3.505199e+01 -8.167461e-04 9.999995e-01 5.698554e-04 1.890238e+00 -1.678527e-02 -5.834842e-04 9.998589e-01 -1.207291e+02
9.996735e-01 -4.181755e-04 -2.554979e-02 3.499311e+01 4.879226e-04 9.999962e-01 2.723689e-03 1.888729e+00 2.554856e-02 -2.735266e-03 9.996698e-01 -1.203347e+02
9.998752e-01 8.925904e-04 1.577537e-02 3.497956e+01 -9.034977e-04 9.999994e-01 6.843198e-04 1.882331e+00 -1.577475e-02 -6.984868e-04 9.998753e-01 -1.199107e+02
9.996793e-01 -6.135419e-04 -2.531750e-02 3.494827e+01 6.723652e-04 9.999971e-01 2.314989e-03 1.878472e+00 2.531601e-02 -2.331270e-03 9.996768e-01 -1.196525e+02
9.998379e-01 -5.067304e-04 1.799742e-02 3.486540e+01 5.147726e-04 9.999998e-01 -4.422066e-04 1.883525e+00 -1.799719e-02 4.514000e-04 9.998379e-01 -1.197562e+02
9.997249e-01 -1.414531e-03 -2.341206e-02 3.474567e+01 1.465174e-03 9.999966e-01 2.146122e-03 1.894224e+00 2.340895e-02 -2.179835e-03 9.997236e-01 -1.199485e+02
9.998432e-01 -4.055591e-05 1.770798e-02 3.460721e+01 4.600484e-05 1.000000e+00 -3.072859e-04 1.904243e+00 -1.770796e-02 3.080528e-04 9.998432e-01 -1.200521e+02
9.996959e-01 -1.109040e-03 -2.463519e-02 3.451199e+01 1.163061e-03 9.999970e-01 2.178619e-03 1.910144e+00 2.463270e-02 -2.206609e-03 9.996941e-01 -1.201642e+02
9.998456e-01 -4.876295e-04 1.756272e-02 3.439356e+01 4.960712e-04 9.999998e-01 -4.762903e-04 1.918110e+00 -1.756248e-02 4.849296e-04 9.998456e-01 -1.203243e+02
9.997199e-01 -1.214393e-03 -2.363611e-02 3.422342e+01 1.258866e-03 9.999975e-01 1.866786e-03 1.931064e+00 2.363379e-02 -1.896018e-03 9.997189e-01 -1.204961e+02
9.997155e-01 2.096985e-04 2.385190e-02 3.367499e+01 -1.953763e-04 9.999998e-01 -6.027796e-04 1.977034e+00 -2.385202e-02 5.979485e-04 9.997153e-01 -1.201736e+02
9.996795e-01 -1.552434e-03 -2.526670e-02 3.320223e+01 1.593889e-03 9.999974e-01 1.620667e-03 2.015088e+00 2.526411e-02 -1.660420e-03 9.996794e-01 -1.198828e+02
9.998259e-01 -9.990879e-04 1.863489e-02 3.314606e+01 1.004883e-03 9.999994e-01 -3.015896e-04 2.026742e+00 -1.863458e-02 3.202634e-04 9.998263e-01 -1.202598e+02
9.997181e-01 -5.090824e-04 -2.373791e-02 3.296993e+01 5.581134e-04 9.999977e-01 2.058949e-03 2.041448e+00 2.373680e-02 -2.071618e-03 9.997161e-01 -1.203559e+02
9.998361e-01 -2.746777e-06 1.810639e-02 3.277777e+01 3.089477e-06 1.000000e+00 -1.888202e-05 2.056123e+00 -1.810639e-02 1.893534e-05 9.998361e-01 -1.202469e+02
9.997101e-01 -4.038734e-04 -2.407502e-02 3.259140e+01 4.534802e-04 9.999978e-01 2.055099e-03 2.070095e+00 2.407414e-02 -2.065422e-03 9.997080e-01 -1.201323e+02
9.998648e-01 2.942662e-04 1.644296e-02 3.251625e+01 -3.053463e-04 9.999997e-01 6.713633e-04 2.071066e+00 -1.644276e-02 -6.762928e-04 9.998646e-01 -1.199851e+02
9.996727e-01 -1.462339e-03 -2.554271e-02 3.252504e+01 1.496653e-03 9.999980e-01 1.324349e-03 2.070597e+00 2.554072e-02 -1.362144e-03 9.996729e-01 -1.201317e+02
9.998526e-01 -7.661209e-04 1.715447e-02 3.251716e+01 7.625037e-04 9.999997e-01 2.174155e-04 2.076349e+00 -1.715463e-02 -2.043026e-04 9.998528e-01 -1.204518e+02
9.996858e-01 4.025608e-04 -2.506255e-02 3.247052e+01 -3.474300e-04 9.999975e-01 2.204060e-03 2.077037e+00 2.506337e-02 -2.194660e-03 9.996835e-01 -1.204393e+02
9.998749e-01 -5.254028e-04 1.580643e-02 3.251216e+01 5.188488e-04 9.999998e-01 4.187636e-04 2.069424e+00 -1.580665e-02 -4.105096e-04 9.998750e-01 -1.203663e+02
9.995713e-01 -2.950711e-03 -2.912791e-02 3.315762e+01 2.988548e-03 9.999947e-01 1.255545e-03 2.077843e+00 2.912405e-02 -1.342058e-03 9.995749e-01 -1.214441e+02
9.998882e-01 -2.700932e-03 1.470906e-02 3.377624e+01 2.700951e-03 9.999964e-01 1.860146e-05 2.093977e+00 -1.470906e-02 2.112954e-05 9.998918e-01 -1.227611e+02
9.997360e-01 -2.196077e-04 -2.297471e-02 3.388289e+01 2.512237e-04 9.999990e-01 1.373258e-03 2.101443e+00 2.297438e-02 -1.378668e-03 9.997351e-01 -1.233345e+02
9.998649e-01 -4.951887e-05 1.643960e-02 3.373745e+01 2.914758e-05 9.999992e-01 1.239416e-03 2.106567e+00 -1.643965e-02 -1.238769e-03 9.998641e-01 -1.231630e+02
9.997484e-01 5.114452e-04 -2.242433e-02 3.363081e+01 -4.556577e-04 9.999968e-01 2.492861e-03 2.106320e+00 2.242553e-02 -2.482017e-03 9.997454e-01 -1.225054e+02
9.998564e-01 -4.562307e-04 1.694243e-02 3.350054e+01 4.469358e-04 9.999997e-01 5.524196e-04 2.109299e+00 -1.694268e-02 -5.447676e-04 9.998563e-01 -1.220274e+02
9.997172e-01 1.184559e-04 -2.377942e-02 3.343228e+01 -7.703680e-05 9.999985e-01 1.742728e-03 2.107274e+00 2.377959e-02 -1.740404e-03 9.997157e-01 -1.218872e+02
9.998973e-01 -2.776754e-03 1.406235e-02 3.354515e+01 2.785673e-03 9.999959e-01 -6.146976e-04 2.111856e+00 -1.406059e-02 6.538081e-04 9.999009e-01 -1.224515e+02
9.997464e-01 2.613819e-03 -2.236675e-02 3.343215e+01 -2.534118e-03 9.999903e-01 3.591009e-03 2.112623e+00 2.237592e-02 -3.533418e-03 9.997434e-01 -1.222297e+02
9.998576e-01 -2.031015e-03 1.675349e-02 3.329461e+01 2.020922e-03 9.999978e-01 6.193963e-04 2.112804e+00 -1.675471e-02 -5.854501e-04 9.998595e-01 -1.214165e+02
9.997498e-01 2.480231e-03 -2.223142e-02 3.317486e+01 -2.408868e-03 9.999919e-01 3.236216e-03 2.112682e+00 2.223927e-02 -3.181854e-03 9.997476e-01 -1.206901e+02
9.995477e-01 -9.843883e-04 3.005616e-02 3.258722e+01 8.768331e-04 9.999932e-01 3.591454e-03 2.141196e+00 -3.005949e-02 -3.563475e-03 9.995418e-01 -1.185006e+02
9.995225e-01 1.254532e-03 -3.087297e-02 3.252036e+01 -9.499928e-04 9.999508e-01 9.876979e-03 2.084301e+00 3.088384e-02 -9.842935e-03 9.994745e-01 -1.145701e+02
9.999069e-01 -3.173195e-03 1.327055e-02 3.281772e+01 3.200749e-03 9.999928e-01 -2.055593e-03 2.031665e+00 -1.326394e-02 2.097878e-03 9.999098e-01 -1.121583e+02
9.997364e-01 3.497930e-03 -2.269203e-02 3.287794e+01 -3.374704e-03 9.999794e-01 5.466391e-03 2.018895e+00 2.271068e-02 -5.388372e-03 9.997276e-01 -1.117905e+02
9.998897e-01 -3.171177e-03 1.450819e-02 3.283027e+01 3.204532e-03 9.999923e-01 -2.276346e-03 2.015744e+00 -1.450086e-02 2.322587e-03 9.998922e-01 -1.113243e+02
9.997326e-01 3.114071e-03 -2.291541e-02 3.285478e+01 -2.981762e-03 9.999787e-01 5.805710e-03 2.003068e+00 2.293300e-02 -5.735829e-03 9.997205e-01 -1.108528e+02
9.997823e-01 -2.584339e-03 2.070487e-02 3.257672e+01 2.635977e-03 9.999935e-01 -2.467078e-03 2.021921e+00 -2.069836e-02 2.521119e-03 9.997826e-01 -1.101610e+02
9.997704e-01 2.717641e-03 -2.125362e-02 3.219166e+01 -2.613616e-03 9.999845e-01 4.920737e-03 2.053769e+00 2.126666e-02 -4.864059e-03 9.997620e-01 -1.095524e+02
9.999166e-01 -2.586879e-03 1.264961e-02 3.218866e+01 2.609607e-03 9.999950e-01 -1.780539e-03 2.047239e+00 -1.264494e-02 1.813401e-03 9.999184e-01 -1.093143e+02
9.997741e-01 2.543033e-03 -2.110197e-02 3.218265e+01 -2.441847e-03 9.999854e-01 4.819468e-03 2.041627e+00 2.111392e-02 -4.766852e-03 9.997657e-01 -1.091263e+02
9.998591e-01 -2.316181e-03 1.662473e-02 3.198499e+01 2.347818e-03 9.999955e-01 -1.883685e-03 2.054644e+00 -1.662029e-02 1.922452e-03 9.998600e-01 -1.085129e+02
9.997281e-01 2.440703e-03 -2.318847e-02 3.190500e+01 -2.326290e-03 9.999850e-01 4.959741e-03 2.056106e+00 2.320022e-02 -4.904450e-03 9.997188e-01 -1.080001e+02
9.999112e-01 -2.655856e-03 1.306128e-02 3.196607e+01 2.678475e-03 9.999949e-01 -1.714523e-03 2.041926e+00 -1.305666e-02 1.749355e-03 9.999132e-01 -1.075534e+02
9.997759e-01 2.602837e-03 -2.100925e-02 3.198665e+01 -2.494314e-03 9.999834e-01 5.190050e-03 2.029596e+00 2.102241e-02 -5.136484e-03 9.997658e-01 -1.070347e+02
9.998772e-01 -2.518424e-03 1.547000e-02 3.187275e+01 2.549815e-03 9.999947e-01 -2.009705e-03 2.032257e+00 -1.546486e-02 2.048904e-03 9.998783e-01 -1.065078e+02
9.999754e-01 1.861066e-03 -6.763216e-03 3.102750e+01 -1.835583e-03 9.999912e-01 3.772151e-03 2.108370e+00 6.770176e-03 -3.759644e-03 9.999700e-01 -1.056608e+02
9.999735e-01 -1.784693e-03 7.056427e-03 3.061008e+01 1.793228e-03 9.999977e-01 -1.203346e-03 2.140377e+00 -7.054263e-03 1.215969e-03 9.999744e-01 -1.047819e+02
9.998859e-01 1.721367e-03 -1.500971e-02 3.061702e+01 -1.651068e-03 9.999876e-01 4.694701e-03 2.130222e+00 1.501760e-02 -4.669384e-03 9.998763e-01 -1.043404e+02
9.999753e-01 -1.214583e-03 6.921848e-03 3.059445e+01 1.221169e-03 9.999988e-01 -9.472653e-04 2.123025e+00 -6.920689e-03 9.556951e-04 9.999756e-01 -1.038577e+02
9.998699e-01 1.639060e-03 -1.604517e-02 3.058344e+01 -1.564548e-03 9.999879e-01 4.655354e-03 2.113824e+00 1.605261e-02 -4.629646e-03 9.998604e-01 -1.033709e+02
9.999362e-01 -1.447595e-03 1.120007e-02 3.036494e+01 1.472393e-03 9.999965e-01 -2.206085e-03 2.130729e+00 -1.119684e-02 2.222436e-03 9.999348e-01 -1.030824e+02
9.999909e-01 2.508416e-04 -4.258412e-03 2.950137e+01 -2.383130e-04 9.999956e-01 2.942416e-03 2.210164e+00 4.259131e-03 -2.941375e-03 9.999866e-01 -1.025265e+02
9.999776e-01 -2.767692e-03 6.094610e-03 2.877015e+01 2.784503e-03 9.999923e-01 -2.751534e-03 2.268851e+00 -6.086948e-03 2.768443e-03 9.999776e-01 -1.024305e+02
9.999281e-01 -2.065936e-03 -1.181165e-02 2.865106e+01 2.097386e-03 9.999943e-01 2.650963e-03 2.286262e+00 1.180610e-02 -2.675546e-03 9.999267e-01 -1.030662e+02
9.999999e-01 -4.814271e-04 -2.329213e-04 2.881897e+01 4.811994e-04 9.999994e-01 -9.778767e-04 2.285593e+00 2.333921e-04 9.777649e-04 9.999995e-01 -1.035257e+02
9.999807e-01 1.064099e-03 -6.119197e-03 2.882846e+01 -1.023868e-03 9.999779e-01 6.573951e-03 2.265742e+00 6.126057e-03 -6.567560e-03 9.999597e-01 -1.021888e+02
9.999912e-01 -1.491623e-03 -3.928853e-03 2.883342e+01 1.486110e-03 9.999979e-01 -1.405856e-03 2.241335e+00 3.930942e-03 1.400005e-03 9.999913e-01 -1.008311e+02
9.999931e-01 7.159600e-04 -3.655315e-03 2.895962e+01 -7.026920e-04 9.999932e-01 3.629851e-03 2.234000e+00 3.657889e-03 -3.627258e-03 9.999867e-01 -1.009403e+02
9.999545e-01 -6.458190e-03 -7.017063e-03 2.955704e+01 6.447050e-03 9.999779e-01 -1.608976e-03 2.237346e+00 7.027299e-03 1.563664e-03 9.999741e-01 -1.020642e+02
9.999691e-01 1.777634e-03 -7.655822e-03 3.028973e+01 -1.757811e-03 9.999951e-01 2.595203e-03 2.247503e+00 7.660398e-03 -2.581665e-03 9.999673e-01 -1.032759e+02
9.999782e-01 -6.560037e-03 7.336775e-04 3.027259e+01 6.561505e-03 9.999764e-01 -2.016015e-03 2.263832e+00 -7.204350e-04 2.020785e-03 9.999977e-01 -1.040078e+02
9.999308e-01 6.157762e-03 -1.002503e-02 3.031495e+01 -6.105667e-03 9.999677e-01 5.218873e-03 2.254500e+00 1.005684e-02 -5.157303e-03 9.999361e-01 -1.039500e+02
9.999788e-01 -6.506456e-03 -1.144578e-04 3.037004e+01 6.506245e-03 9.999773e-01 -1.759557e-03 2.238676e+00 1.259038e-04 1.758775e-03 9.999984e-01 -1.034417e+02
9.999635e-01 6.566674e-03 -5.471315e-03 3.020143e+01 -6.542604e-03 9.999689e-01 4.405688e-03 2.250555e+00 5.500075e-03 -4.369731e-03 9.999753e-01 -1.031276e+02
9.999751e-01 -6.742250e-03 2.072264e-03 2.994600e+01 6.746238e-03 9.999754e-01 -1.923309e-03 2.266661e+00 -2.059246e-03 1.937242e-03 9.999960e-01 -1.028180e+02
9.999515e-01 6.366818e-03 -7.519848e-03 2.974203e+01 -6.329331e-03 9.999675e-01 4.998542e-03 2.274937e+00 7.551428e-03 -4.950704e-03 9.999592e-01 -1.024402e+02
9.999819e-01 -5.872921e-03 1.339733e-03 2.962654e+01 5.874979e-03 9.999816e-01 -1.536910e-03 2.277695e+00 -1.330682e-03 1.544753e-03 9.999979e-01 -1.019469e+02
9.999597e-01 6.464552e-03 -6.222940e-03 2.945045e+01 -6.433051e-03 9.999665e-01 5.068896e-03 2.286862e+00 6.255499e-03 -5.028660e-03 9.999678e-01 -1.013533e+02
9.999659e-01 -6.501089e-03 5.089440e-03 2.906395e+01 6.513566e-03 9.999758e-01 -2.438783e-03 2.319589e+00 -5.073462e-03 2.471851e-03 9.999841e-01 -1.007521e+02
9.999435e-01 7.174471e-03 7.841762e-03 2.824345e+01 -7.229580e-03 9.999492e-01 7.021973e-03 2.384335e+00 -7.790985e-03 -7.078269e-03 9.999446e-01 -9.905585e+01
9.999764e-01 -6.872587e-03 1.507917e-04 2.741786e+01 6.872954e-03 9.999730e-01 -2.584298e-03 2.445735e+00 -1.330267e-04 2.585274e-03 9.999966e-01 -9.722210e+01
9.999611e-01 6.981303e-03 5.394185e-03 2.677686e+01 -7.010328e-03 9.999610e-01 5.380635e-03 2.500133e+00 -5.356411e-03 -5.418241e-03 9.999710e-01 -9.624675e+01
9.999500e-01 -5.914036e-03 8.068660e-03 2.591194e+01 5.916534e-03 9.999825e-01 -2.856557e-04 2.566090e+00 -8.066829e-03 3.333804e-04 9.999674e-01 -9.428486e+01
9.999793e-01 6.303792e-03 1.322268e-03 2.506800e+01 -6.309649e-03 9.999701e-01 4.472624e-03 2.632428e+00 -1.294034e-03 -4.480875e-03 9.999891e-01 -9.253757e+01
9.999787e-01 -6.468725e-03 8.780892e-04 2.454966e+01 6.470379e-03 9.999773e-01 -1.893469e-03 2.676721e+00 -8.658208e-04 1.899111e-03 9.999978e-01 -9.172425e+01
9.999740e-01 5.487705e-03 -4.681631e-03 2.421320e+01 -5.471180e-03 9.999788e-01 3.535294e-03 2.699722e+00 4.700932e-03 -3.509588e-03 9.999828e-01 -9.158295e+01
9.999690e-01 -7.727738e-03 -1.499653e-03 2.397328e+01 7.723728e-03 9.999666e-01 -2.661791e-03 2.717630e+00 1.520172e-03 2.650126e-03 9.999953e-01 -9.177987e+01
9.999736e-01 6.238075e-03 -3.729403e-03 2.370710e+01 -6.224595e-03 9.999741e-01 3.615447e-03 2.735414e+00 3.751859e-03 -3.592138e-03 9.999865e-01 -9.185326e+01
9.999656e-01 -7.844966e-03 -2.677396e-03 2.349483e+01 7.838484e-03 9.999663e-01 -2.423159e-03 2.749182e+00 2.696315e-03 2.402089e-03 9.999935e-01 -9.196546e+01
9.999499e-01 7.481866e-03 -6.648659e-03 2.341531e+01 -7.451284e-03 9.999616e-01 4.612673e-03 2.751741e+00 6.682915e-03 -4.562901e-03 9.999673e-01 -9.197195e+01
9.999743e-01 -7.109417e-03 -8.937686e-04 2.335151e+01 7.108214e-03 9.999738e-01 -1.342833e-03 2.750776e+00 9.032921e-04 1.336446e-03 9.999987e-01 -9.157172e+01
9.999781e-01 6.610369e-03 -3.896131e-04 2.293391e+01 -6.609031e-03 9.999726e-01 3.340727e-03 2.788785e+00 4.116858e-04 -3.338079e-03 9.999943e-01 -9.118891e+01
9.999627e-01 -6.083544e-03 -6.129987e-03 2.284477e+01 6.086748e-03 9.999813e-01 5.040418e-04 2.787531e+00 6.126806e-03 -5.413343e-04 9.999811e-01 -9.058196e+01
9.999867e-01 4.851138e-03 1.732561e-03 2.253399e+01 -4.852887e-03 9.999877e-01 1.006490e-03 2.812877e+00 -1.727657e-03 -1.014885e-03 9.999980e-01 -9.036623e+01
9.999787e-01 -5.375890e-03 -3.709341e-03 2.211029e+01 5.379274e-03 9.999851e-01 9.029108e-04 2.850131e+00 3.704432e-03 -9.228447e-04 9.999927e-01 -9.003602e+01
9.999850e-01 5.457095e-03 -3.570532e-04 2.187465e+01 -5.456452e-03 9.999835e-01 1.778789e-03 2.868902e+00 3.667543e-04 -1.776815e-03 9.999984e-01 -8.956347e+01
9.999564e-01 -6.090262e-03 -7.076363e-03 2.182239e+01 6.097346e-03 9.999809e-01 9.798469e-04 2.870600e+00 7.070261e-03 -1.022951e-03 9.999745e-01 -8.939386e+01
9.999800e-01 6.160799e-03 -1.398954e-03 2.179016e+01 -6.157466e-03 9.999782e-01 2.374741e-03 2.865725e+00 1.413554e-03 -2.366080e-03 9.999962e-01 -8.905024e+01
9.999588e-01 -7.606658e-03 -4.959413e-03 2.168773e+01 7.604795e-03 9.999710e-01 -3.945129e-04 2.872606e+00 4.962270e-03 3.567817e-04 9.999876e-01 -8.920078e+01
9.999892e-01 3.003236e-03 -3.541997e-03 2.178847e+01 -2.999566e-03 9.999950e-01 1.041065e-03 2.888862e+00 3.545106e-03 -1.030429e-03 9.999932e-01 -9.006657e+01
9.999566e-01 -7.455302e-03 -5.578385e-03 2.187513e+01 7.452648e-03 9.999721e-01 -4.964566e-04 2.903626e+00 5.581930e-03 4.548617e-04 9.999843e-01 -9.085603e+01
9.999776e-01 5.650628e-03 -3.600331e-03 2.193538e+01 -5.641050e-03 9.999805e-01 2.665176e-03 2.905148e+00 3.615321e-03 -2.644807e-03 9.999900e-01 -9.114383e+01
9.999639e-01 -6.458144e-03 -5.522799e-03 2.193874e+01 6.456255e-03 9.999791e-01 -3.599054e-04 2.904074e+00 5.525007e-03 3.242362e-04 9.999847e-01 -9.124134e+01
9.999778e-01 5.585877e-03 -3.635809e-03 2.193858e+01 -5.575109e-03 9.999801e-01 2.965366e-03 2.900550e+00 3.652301e-03 -2.945030e-03 9.999890e-01 -9.122365e+01
9.999551e-01 -7.220871e-03 -6.132414e-03 2.199662e+01 7.215310e-03 9.999735e-01 -9.286212e-04 2.901598e+00 6.138957e-03 8.843327e-04 9.999808e-01 -9.148299e+01
9.999826e-01 4.556970e-03 -3.743060e-03 2.214403e+01 -4.547988e-03 9.999868e-01 2.404917e-03 2.906189e+00 3.753970e-03 -2.387852e-03 9.999901e-01 -9.201995e+01
9.999571e-01 -7.135794e-03 -5.906099e-03 2.228589e+01 7.129671e-03 9.999740e-01 -1.057093e-03 2.911173e+00 5.913489e-03 1.014940e-03 9.999820e-01 -9.257477e+01
9.999786e-01 3.944298e-03 -5.217013e-03 2.247454e+01 -3.932672e-03 9.999898e-01 2.236985e-03 2.919408e+00 5.225783e-03 -2.216421e-03 9.999839e-01 -9.327352e+01
9.999698e-01 -6.176347e-03 -4.719797e-03 2.256360e+01 6.173680e-03 9.999808e-01 -5.796031e-04 2.924198e+00 4.723286e-03 5.504475e-04 9.999887e-01 -9.371789e+01
9.999855e-01 4.420929e-03 -3.082023e-03 2.253814e+01 -4.413636e-03 9.999875e-01 2.369320e-03 2.927612e+00 3.092459e-03 -2.355683e-03 9.999924e-01 -9.395436e+01
9.999652e-01 -5.553556e-03 -6.230299e-03 2.255299e+01 5.550876e-03 9.999845e-01 -4.473985e-04 2.928013e+00 6.232687e-03 4.127997e-04 9.999805e-01 -9.416986e+01
9.999932e-01 2.226621e-03 -2.926688e-03 2.276514e+01 -2.222273e-03 9.999964e-01 1.488303e-03 2.935514e+00 2.929992e-03 -1.481789e-03 9.999946e-01 -9.490473e+01
9.999562e-01 -4.836751e-03 -8.012468e-03 2.292111e+01 4.837794e-03 9.999883e-01 1.107867e-04 2.940017e+00 8.011838e-03 -1.495442e-04 9.999679e-01 -9.542635e+01
9.999966e-01 2.392415e-03 -1.000237e-03 2.305349e+01 -2.391187e-03 9.999964e-01 1.227046e-03 2.945746e+00 1.003169e-03 -1.224650e-03 9.999987e-01 -9.596901e+01
9.999441e-01 -4.940235e-03 -9.353305e-03 2.317802e+01 4.943168e-03 9.999877e-01 2.904748e-04 2.951596e+00 9.351756e-03 -3.366931e-04 9.999562e-01 -9.649707e+01
9.999956e-01 2.841605e-03 -8.468773e-04 2.329681e+01 -2.840453e-03 9.999950e-01 1.357789e-03 2.955344e+00 8.507315e-04 -1.355378e-03 9.999987e-01 -9.695817e+01
9.999345e-01 -6.576947e-03 -9.366384e-03 2.348443e+01 6.572737e-03 9.999783e-01 -4.802546e-04 2.964827e+00 9.369339e-03 4.186607e-04 9.999560e-01 -9.773159e+01
9.999909e-01 3.722311e-03 -2.086460e-03 2.364607e+01 -3.718535e-03 9.999914e-01 1.810957e-03 2.970668e+00 2.093183e-03 -1.803182e-03 9.999962e-01 -9.832556e+01
9.999484e-01 -5.676767e-03 -8.418782e-03 2.375390e+01 5.675400e-03 9.999839e-01 -1.862338e-04 2.974032e+00 8.419703e-03 1.384446e-04 9.999645e-01 -9.873804e+01
9.999889e-01 4.597374e-03 -1.039193e-03 2.380624e+01 -4.594965e-03 9.999868e-01 2.308711e-03 2.973213e+00 1.049793e-03 -2.303911e-03 9.999968e-01 -9.894270e+01
9.999524e-01 -5.530894e-03 -8.037375e-03 2.392064e+01 5.526674e-03 9.999846e-01 -5.471252e-04 2.968990e+00 8.040277e-03 5.026796e-04 9.999675e-01 -9.916113e+01
9.999866e-01 4.809104e-03 -1.895136e-03 2.397647e+01 -4.802919e-03 9.999832e-01 3.254639e-03 2.963846e+00 1.910756e-03 -3.245494e-03 9.999929e-01 -9.923062e+01
9.999522e-01 -5.055243e-03 -8.368425e-03 2.392650e+01 5.049107e-03 9.999870e-01 -7.543313e-04 2.961897e+00 8.372129e-03 7.120425e-04 9.999647e-01 -9.912915e+01
9.999897e-01 4.443911e-03 -9.423032e-04 2.385621e+01 -4.440864e-03 9.999850e-01 3.211118e-03 2.961741e+00 9.565590e-04 -3.206901e-03 9.999944e-01 -9.910479e+01
9.999545e-01 -5.944092e-03 -7.460968e-03 2.378488e+01 5.930956e-03 9.999808e-01 -1.781625e-03 2.968191e+00 7.471415e-03 1.737293e-03 9.999706e-01 -9.932805e+01
9.999891e-01 4.201296e-03 -2.018786e-03 2.378430e+01 -4.194088e-03 9.999849e-01 3.561603e-03 2.971712e+00 2.033719e-03 -3.553097e-03 9.999916e-01 -9.956719e+01
9.999582e-01 -4.191400e-03 -8.126954e-03 2.378512e+01 4.182769e-03 9.999907e-01 -1.078734e-03 2.967148e+00 8.131400e-03 1.044696e-03 9.999664e-01 -9.951795e+01
9.999913e-01 3.719688e-03 -1.900077e-03 2.378838e+01 -3.713168e-03 9.999872e-01 3.423857e-03 2.961919e+00 1.912788e-03 -3.416773e-03 9.999923e-01 -9.947806e+01
9.999636e-01 -4.177527e-03 -7.436776e-03 2.376802e+01 4.171792e-03 9.999910e-01 -7.866683e-04 2.959017e+00 7.439995e-03 7.556154e-04 9.999720e-01 -9.946913e+01
9.999897e-01 1.662248e-03 -4.233971e-03 2.418801e+01 -1.647710e-03 9.999927e-01 3.434804e-03 2.957395e+00 4.239649e-03 -3.427792e-03 9.999851e-01 -1.000058e+02
