1.000000e+00 1.197625e-11 1.704638e-10 1.665335e-16 1.197625e-11 1.000000e+00 3.562503e-10 -1.110223e-16 1.704638e-10 3.562503e-10 1.000000e+00 2.220446e-16 0.000000e+00 0.000000e+00 0.000000e+00 1.000000e+00
4.406856e-01 -6.478013e-02 -8.953210e-01 -4.192507e-02 -5.374121e-03 9.971844e-01 -7.479556e-02 3.862492e-02 8.976454e-01 3.777289e-02 4.390967e-01 -4.949245e-01
7.858618e-01 4.577952e-03 6.183852e-01 2.769002e-02 -3.204113e-02 9.989309e-01 3.332363e-02 4.130158e-02 -6.175715e-01 -4.600153e-02 7.851683e-01 -4.192739e-01
7.306819e-01 3.453394e-02 -6.818441e-01 4.843988e-01 7.778643e-03 9.982339e-01 5.889421e-02 2.033105e-02 6.826738e-01 -4.833675e-02 7.291228e-01 7.430044e-02
7.498767e-01 -5.428879e-02 6.593464e-01 9.870534e-01 2.686007e-02 9.983040e-01 5.164960e-02 -1.157979e-03 -6.610322e-01 -2.102074e-02 7.500631e-01 5.695257e-01
8.572157e-01 1.059034e-01 -5.039501e-01 1.595750e+00 -7.315624e-02 9.937434e-01 8.439358e-02 -3.282245e-02 5.097346e-01 -3.547642e-02 8.595999e-01 1.251252e+00
9.416541e-01 -9.270913e-02 3.235623e-01 1.677147e+00 8.558688e-02 9.956727e-01 3.620543e-02 -5.495637e-02 -3.255187e-01 -6.400303e-03 9.455139e-01 1.857774e+00
8.728708e-01 1.181783e-01 -4.734242e-01 1.816659e+00 -8.393689e-02 9.921309e-01 9.290248e-02 -6.847471e-02 4.806778e-01 -4.135411e-02 8.759216e-01 2.220679e+00
9.510750e-01 -9.751955e-02 2.931661e-01 1.916477e+00 9.252121e-02 9.952310e-01 3.090354e-02 -8.449378e-02 -2.947817e-01 -2.267495e-03 9.555619e-01 2.668517e+00
8.650020e-01 1.288135e-01 -4.849522e-01 2.004823e+00 -8.262635e-02 9.898593e-01 1.155481e-01 -9.545320e-02 4.949186e-01 -5.987951e-02 8.668737e-01 3.027574e+00
9.472670e-01 -1.023571e-01 3.036582e-01 2.150558e+00 1.127951e-01 9.934731e-01 -1.698622e-02 -1.032935e-01 -2.999376e-01 5.034162e-02 9.526296e-01 3.271027e+00
8.436469e-01 1.522490e-01 -5.148593e-01 2.177773e+00 -7.382344e-02 9.827375e-01 1.696384e-01 -1.088537e-01 5.317988e-01 -1.051062e-01 8.403230e-01 3.522624e+00
9.851879e-01 -9.751166e-02 1.410543e-01 2.293372e+00 1.105157e-01 9.900162e-01 -8.748860e-02 -1.052033e-01 -1.311149e-01 1.017814e-01 9.861285e-01 3.591639e+00
9.295809e-01 1.377919e-01 -3.418957e-01 2.550944e+00 -9.649518e-02 9.861260e-01 1.350708e-01 -1.121821e-01 3.557639e-01 -9.256798e-02 9.299802e-01 3.794152e+00
9.962890e-01 -8.102663e-02 2.903202e-02 2.539584e+00 8.208821e-02 9.959209e-01 -3.745771e-02 -1.254194e-01 -2.587852e-02 3.970190e-02 9.988764e-01 4.261647e+00
9.126851e-01 1.302923e-01 -3.873369e-01 2.515649e+00 -7.156157e-02 9.841236e-01 1.624183e-01 -1.304029e-01 4.023492e-01 -1.205183e-01 9.075188e-01 4.562741e+00
9.846923e-01 -9.420885e-02 1.466482e-01 2.657817e+00 1.070833e-01 9.908204e-01 -8.251113e-02 -1.333984e-01 -1.375287e-01 9.695166e-02 9.857415e-01 4.730844e+00
8.597431e-01 1.746165e-01 -4.799489e-01 2.638553e+00 -6.663727e-02 9.700563e-01 2.335600e-01 -1.345847e-01 5.063609e-01 -1.688191e-01 8.456351e-01 4.947828e+00
9.932570e-01 -7.777014e-02 8.597844e-02 2.665217e+00 9.363405e-02 9.754376e-01 -1.993843e-01 -1.267417e-01 -6.836046e-02 2.060904e-01 9.761422e-01 4.948623e+00
8.675321e-01 1.054981e-01 -4.860639e-01 2.821254e+00 5.912099e-04 9.770270e-01 2.131147e-01 -1.191767e-01 4.973808e-01 -1.851712e-01 8.475399e-01 4.876632e+00
9.728313e-01 -4.486988e-02 2.271252e-01 3.489675e+00 1.022643e-01 9.634266e-01 -2.476918e-01 -1.080431e-01 -2.077046e-01 2.641891e-01 9.418402e-01 4.572993e+00
8.388916e-01 -7.440432e-02 -5.391892e-01 4.718995e+00 1.532760e-01 9.828164e-01 1.028510e-01 -7.719751e-02 5.222714e-01 -1.689256e-01 8.358808e-01 3.675752e+00
9.984361e-01 4.667920e-02 -3.076216e-02 5.885323e+00 -5.265334e-02 9.701104e-01 -2.368827e-01 -4.438060e-02 1.878520e-02 2.381319e-01 9.710511e-01 2.762329e+00
8.846709e-01 -2.262754e-01 -4.076234e-01 7.413905e+00 2.655496e-01 9.631973e-01 4.164664e-02 -9.166135e-03 3.831982e-01 -1.450878e-01 9.121999e-01 1.716460e+00
9.649375e-01 1.936626e-01 1.771732e-01 7.727216e+00 -1.696478e-01 9.752168e-01 -1.420277e-01 2.412021e-04 -2.002877e-01 1.069908e-01 9.738777e-01 1.486291e+00
7.173524e-01 -8.148886e-02 -6.919285e-01 7.395302e+00 1.665787e-01 9.843927e-01 5.676678e-02 -7.336559e-03 6.765036e-01 -1.559823e-01 7.197308e-01 2.108052e+00
9.640117e-01 1.808047e-01 1.949132e-01 7.128410e+00 -1.711740e-01 9.830735e-01 -6.531422e-02 -1.845784e-02 -2.034231e-01 2.959959e-02 9.786434e-01 2.756072e+00
5.091276e-01 -9.158334e-02 -8.558046e-01 6.603843e+00 7.317663e-02 9.953284e-01 -6.298079e-02 -2.990062e-02 8.575746e-01 -3.055964e-02 5.134509e-01 3.692377e+00
8.894256e-01 1.758557e-01 4.218968e-01 6.339501e+00 -2.095933e-01 9.771782e-01 3.454703e-02 -7.198410e-02 -4.061931e-01 -1.191537e-01 9.059854e-01 5.006440e+00
6.969091e-01 -2.386936e-01 -6.762715e-01 6.395929e+00 1.678188e-01 9.710828e-01 -1.698088e-01 -1.004418e-01 6.972479e-01 4.850241e-03 7.168137e-01 5.792151e+00
7.074759e-01 5.986104e-02 7.041978e-01 6.600321e+00 -8.017447e-02 9.967721e-01 -4.183917e-03 -1.051538e-01 -7.021752e-01 -5.349867e-02 7.099915e-01 5.944819e+00
3.017352e-01 -9.652589e-02 -9.484928e-01 6.310901e+00 7.888276e-02 9.939780e-01 -7.606057e-02 -1.065635e-01 9.501228e-01 -5.186958e-02 3.075324e-01 6.423185e+00
8.855329e-01 6.750169e-02 4.596466e-01 5.891158e+00 -8.410120e-02 9.963334e-01 1.570814e-02 -9.483840e-02 -4.569009e-01 -5.256691e-02 8.879630e-01 6.756268e+00
2.703427e-01 -7.350018e-02 -9.599544e-01 5.398213e+00 -1.454425e-02 9.966561e-01 -8.040624e-02 -8.435424e-02 9.626543e-01 3.569906e-02 2.683697e-01 7.193102e+00
8.991679e-01 9.870522e-04 4.376028e-01 4.935501e+00 -2.108634e-03 9.999956e-01 2.077155e-03 -7.880912e-02 -4.375988e-01 -2.790455e-03 8.991660e-01 7.707145e+00
1.835227e-01 -1.887154e-02 -9.828343e-01 4.413965e+00 8.642550e-03 9.998080e-01 -1.758365e-02 -7.190408e-02 9.829775e-01 -5.267195e-03 1.836506e-01 8.330511e+00
9.531686e-01 8.449572e-02 2.903965e-01 3.705416e+00 -7.363110e-02 9.961221e-01 -4.815899e-02 -7.172392e-02 -2.933396e-01 2.452143e-02 9.556938e-01 9.237359e+00
2.326187e-01 -8.136308e-02 -9.691587e-01 3.076930e+00 3.169114e-02 9.965995e-01 -7.606025e-02 -6.872102e-02 9.720515e-01 -1.302071e-02 2.344062e-01 1.004434e+01
9.725095e-01 9.087747e-02 2.143979e-01 2.362840e+00 -1.028548e-01 9.936614e-01 4.536348e-02 -6.141689e-02 -2.089164e-01 -6.616827e-02 9.756924e-01 1.082266e+01
3.949674e-01 -2.272237e-01 -8.901517e-01 1.904529e+00 5.922058e-02 9.732125e-01 -2.221495e-01 -5.017479e-02 9.167844e-01 3.502651e-02 3.978435e-01 1.128653e+01
9.259928e-01 -2.224898e-02 3.768851e-01 1.782207e+00 1.588257e-02 9.996740e-01 1.999170e-02 -3.377226e-02 -3.772070e-01 -1.252627e-02 9.260442e-01 1.132961e+01
5.176906e-01 -1.957337e-01 -8.328774e-01 1.776517e+00 1.450398e-01 9.794665e-01 -1.400313e-01 -2.658312e-02 8.431844e-01 -4.830742e-02 5.354498e-01 1.142816e+01
7.675392e-01 4.163262e-02 6.396486e-01 1.995158e+00 1.382485e-02 9.965813e-01 -8.145318e-02 -2.320348e-02 -6.408529e-01 7.136155e-02 7.643396e-01 1.145882e+01
4.527894e-01 -1.548255e-01 -8.780722e-01 2.256689e+00 2.642440e-01 9.638672e-01 -3.369245e-02 -1.066803e-02 8.515615e-01 -2.167697e-01 4.773405e-01 1.129794e+01
7.643830e-01 1.849823e-01 6.176570e-01 2.248356e+00 -8.437292e-02 9.784206e-01 -1.886116e-01 3.451413e-03 -6.392182e-01 9.205795e-02 7.634955e-01 1.119545e+01
4.769493e-01 -1.415050e-01 -8.674651e-01 2.109400e+00 3.078256e-01 9.513389e-01 1.406171e-02 2.031243e-02 8.232635e-01 -2.737347e-01 4.972993e-01 1.114876e+01
8.351090e-01 2.552203e-01 4.872942e-01 1.832023e+00 -1.886925e-01 9.650143e-01 -1.820509e-01 3.540937e-02 -5.167089e-01 6.008361e-02 8.540503e-01 1.126981e+01
3.992238e-01 -1.924518e-01 -8.964277e-01 1.410561e+00 2.698735e-01 9.590733e-01 -8.571292e-02 4.480003e-02 8.762355e-01 -2.077035e-01 4.348226e-01 1.164542e+01
9.054603e-01 3.357698e-01 2.596157e-01 7.291006e-01 -3.586841e-01 9.323680e-01 4.511720e-02 4.723288e-02 -2.269084e-01 -1.339718e-01 9.646575e-01 1.245324e+01
4.920144e-01 -3.087459e-01 -8.140011e-01 1.064964e-01 9.634989e-02 9.485698e-01 -3.015493e-01 5.562959e-02 8.652390e-01 6.993769e-02 4.964576e-01 1.306615e+01
9.813958e-01 1.363474e-01 1.351727e-01 -4.744492e-01 -1.697430e-01 9.451688e-01 2.790040e-01 5.921282e-02 -8.971953e-02 -2.967580e-01 9.507287e-01 1.375788e+01
6.615738e-01 -1.673660e-01 -7.309642e-01 -8.480868e-01 -1.560981e-01 9.226845e-01 -3.525431e-01 6.085497e-02 7.334531e-01 3.473354e-01 5.842984e-01 1.421638e+01
8.207669e-01 -2.363178e-01 5.200920e-01 -9.675868e-01 -1.659164e-02 9.001790e-01 4.352041e-01 6.860216e-02 -5.710223e-01 -3.658302e-01 7.349162e-01 1.434426e+01
8.239251e-01 -1.451684e-01 -5.477897e-01 -7.310091e-01 -1.492140e-01 8.769503e-01 -4.568298e-01 7.288599e-02 5.467016e-01 4.581314e-01 7.008802e-01 1.418884e+01
9.336811e-01 -1.773375e-01 3.111125e-01 -5.123802e-01 8.438130e-04 8.698603e-01 4.932975e-01 7.618438e-02 -3.581046e-01 -4.603200e-01 8.123217e-01 1.415488e+01
8.218861e-01 3.731122e-02 -5.684286e-01 -5.130631e-01 -2.809601e-01 8.945909e-01 -3.475176e-01 7.648797e-02 4.955447e-01 4.453257e-01 7.457348e-01 1.427221e+01
8.377380e-01 -2.852097e-01 4.656721e-01 -3.547029e-01 1.377441e-02 8.635317e-01 5.041063e-01 4.173921e-02 -5.458986e-01 -4.158947e-01 7.273419e-01 1.510793e+01
9.735954e-01 -3.725917e-02 -2.252193e-01 -1.978796e-01 -6.195915e-02 9.064255e-01 -4.177963e-01 8.071460e-03 2.197113e-01 4.207190e-01 8.801832e-01 1.585728e+01
8.832190e-01 -1.359968e-01 4.488086e-01 -1.693566e-01 -7.717458e-02 9.018298e-01 4.251435e-01 -2.913242e-03 -4.625671e-01 -4.101315e-01 7.860177e-01 1.606979e+01
9.455679e-01 -1.408714e-01 -2.933540e-01 -2.064402e-01 8.761515e-03 9.121428e-01 -4.097789e-01 -1.074713e-02 3.253069e-01 3.849035e-01 8.637272e-01 1.626457e+01
8.345704e-01 -5.360024e-02 5.482876e-01 -2.455397e-01 -1.647241e-01 9.254436e-01 3.412039e-01 -1.330159e-02 -5.256978e-01 -3.750749e-01 7.635186e-01 1.632379e+01
9.536743e-01 -2.609501e-01 -1.497011e-01 -2.187161e-01 1.926250e-01 9.118888e-01 -3.624284e-01 -2.044882e-02 2.310865e-01 3.168025e-01 9.199104e-01 1.641896e+01
7.869593e-01 1.090682e-01 6.072884e-01 -2.388582e-01 -2.700629e-01 9.458508e-01 1.800895e-01 -2.695474e-02 -5.547622e-01 -3.057291e-01 7.738014e-01 1.651299e+01
9.029664e-01 -3.612499e-01 -2.327018e-01 -3.120485e-01 3.070465e-01 9.212644e-01 -2.387347e-01 -3.198308e-02 3.006228e-01 1.441191e-01 9.427914e-01 1.662527e+01
7.242639e-01 2.405935e-01 6.461862e-01 -4.452811e-01 -2.761371e-01 9.599237e-01 -4.790445e-02 -3.544272e-02 -6.318150e-01 -1.437406e-01 7.616748e-01 1.672272e+01
8.689709e-01 -3.793063e-01 -3.178306e-01 -6.123643e-01 3.773690e-01 9.233948e-01 -7.024728e-02 -3.515855e-02 3.201284e-01 -5.889659e-02 9.455416e-01 1.677772e+01
7.961436e-01 3.219582e-01 5.123458e-01 -7.898629e-01 -2.753245e-01 9.467198e-01 -1.670872e-01 -3.353700e-02 -5.388430e-01 -8.035969e-03 8.423679e-01 1.684686e+01
8.740459e-01 -3.543018e-01 -3.324366e-01 -9.602192e-01 3.929234e-01 9.179391e-01 5.476411e-02 -3.344174e-02 2.857535e-01 -1.784885e-01 9.415343e-01 1.694951e+01
7.980635e-01 3.401995e-01 4.973519e-01 -1.112600e+00 -2.192564e-01 9.327480e-01 -2.861955e-01 -3.451063e-02 -5.612675e-01 1.193546e-01 8.189831e-01 1.704952e+01
9.083239e-01 -3.087576e-01 -2.821639e-01 -1.258824e+00 3.702166e-01 9.074154e-01 1.988391e-01 -3.342176e-02 1.946468e-01 -2.850721e-01 9.385342e-01 1.707595e+01
8.812705e-01 3.162492e-01 3.512104e-01 -1.440459e+00 -1.941775e-01 9.197924e-01 -3.409941e-01 -2.986824e-02 -4.308797e-01 2.323109e-01 8.719944e-01 1.711273e+01
9.491044e-01 -2.872769e-01 -1.291234e-01 -1.575179e+00 3.135095e-01 9.010107e-01 2.998192e-01 -3.169241e-02 3.021040e-02 -3.250411e-01 9.452172e-01 1.720484e+01
9.276924e-01 2.378395e-01 2.877834e-01 -1.708785e+00 -1.068679e-01 9.077355e-01 -4.057037e-01 -3.080026e-02 -3.577235e-01 3.456134e-01 8.675167e-01 1.724500e+01
9.774511e-01 -1.975347e-01 -7.462896e-02 -1.806085e+00 2.108871e-01 8.951500e-01 3.927252e-01 -3.289071e-02 -1.077272e-02 -3.996079e-01 9.166229e-01 1.732381e+01
9.250748e-01 1.210460e-01 3.599784e-01 -1.829462e+00 5.634552e-02 8.936151e-01 -4.452832e-01 -3.904984e-02 -3.755818e-01 4.322035e-01 8.198405e-01 1.742124e+01
9.990738e-01 -3.918944e-02 -1.776689e-02 -1.843958e+00 4.299523e-02 8.929215e-01 4.481547e-01 -4.499466e-02 -1.698494e-03 -4.485036e-01 8.937794e-01 1.751607e+01
9.539607e-01 -4.508238e-02 2.965243e-01 -1.864661e+00 1.739269e-01 8.885898e-01 -4.244497e-01 -5.070534e-02 -2.443532e-01 4.564819e-01 8.555208e-01 1.761787e+01
9.957305e-01 9.229624e-02 -1.501387e-03 -1.950561e+00 -8.270405e-02 8.992340e-01 4.295792e-01 -5.424098e-02 4.099864e-02 -4.276209e-01 9.030279e-01 1.772958e+01
9.672043e-01 -1.324549e-01 -2.167293e-01 -1.723955e+00 2.508733e-02 8.989102e-01 -4.374141e-01 -4.203561e-02 2.527578e-01 4.176316e-01 8.727527e-01 1.739862e+01
9.994834e-01 -3.152186e-02 6.262747e-03 -1.469321e+00 2.481412e-02 8.807563e-01 4.729193e-01 -2.980176e-02 -2.042325e-02 -4.725196e-01 8.810835e-01 1.708884e+01
9.502966e-01 -4.355490e-02 3.082845e-01 -1.255263e+00 1.928582e-01 8.596764e-01 -4.730351e-01 -3.073637e-02 -2.444219e-01 5.089789e-01 8.253475e-01 1.703059e+01
9.872133e-01 1.169992e-01 -1.082644e-01 -1.001419e+00 -4.780215e-02 8.652087e-01 4.991280e-01 -2.867867e-02 1.520689e-01 -4.875705e-01 8.597383e-01 1.689013e+01
9.183618e-01 -1.263370e-01 3.750340e-01 -1.009686e+00 2.945919e-01 8.510327e-01 -4.346942e-01 -3.407092e-02 -2.642482e-01 5.096885e-01 8.187738e-01 1.699299e+01
9.730135e-01 2.267299e-01 -4.287591e-02 -1.001617e+00 -1.777602e-01 8.549957e-01 4.872204e-01 -3.908239e-02 1.471262e-01 -4.664504e-01 8.722259e-01 1.708505e+01
8.605297e-01 -2.447206e-01 4.467667e-01 -9.118498e-01 4.313443e-01 8.166131e-01 -3.835167e-01 -4.210790e-02 -2.709811e-01 5.227378e-01 8.082787e-01 1.711036e+01
9.191069e-01 3.867916e-01 -7.506556e-02 -6.733185e-01 -3.082428e-01 8.245383e-01 4.744712e-01 -4.536672e-02 2.454159e-01 -4.129513e-01 8.770646e-01 1.710607e+01
7.354766e-01 -3.780287e-01 5.622886e-01 -6.417459e-01 5.828714e-01 7.761242e-01 -2.406079e-01 -5.365886e-02 -3.454490e-01 5.047035e-01 7.911633e-01 1.723688e+01
8.664416e-01 4.986849e-01 -2.433707e-02 -6.169844e-01 -4.669614e-01 8.266480e-01 3.140065e-01 -6.124723e-02 1.767085e-01 -2.607039e-01 9.491088e-01 1.735078e+01
7.059174e-01 -5.338171e-01 4.655318e-01 -6.098046e-01 6.292942e-01 7.743315e-01 -6.632928e-02 -7.011258e-02 -3.250682e-01 3.397795e-01 8.825421e-01 1.750455e+01
8.350198e-01 5.500110e-01 -1.515796e-02 -5.871207e-01 -5.465423e-01 8.323038e-01 9.253037e-02 -8.249572e-02 6.350875e-02 -6.898023e-02 9.955945e-01 1.773148e+01
7.123871e-01 -6.050037e-01 3.556334e-01 -3.350310e-01 6.047533e-01 7.863343e-01 1.263005e-01 -8.934560e-02 -3.560590e-01 1.250956e-01 9.260524e-01 1.780934e+01
8.299938e-01 5.573375e-01 -2.202574e-02 -1.876822e-01 -5.557402e-01 8.229567e-01 -1.178772e-01 -1.117663e-01 -4.757117e-02 1.100780e-01 9.927839e-01 1.825310e+01
7.449657e-01 -6.188913e-01 2.489973e-01 -1.258203e-01 5.398391e-01 7.785630e-01 3.200209e-01 -1.371823e-01 -3.919182e-01 -1.039861e-01 9.141045e-01 1.881433e+01
7.243029e-01 4.820726e-01 -4.929414e-01 2.424843e-01 -5.748670e-01 8.169682e-01 -4.572520e-02 -1.300801e-01 3.806746e-01 3.164947e-01 8.688602e-01 1.856983e+01
7.990696e-01 -5.791716e-01 -1.613940e-01 1.142308e+00 5.899677e-01 8.070449e-01 2.483238e-02 -9.847868e-02 1.158700e-01 -1.150601e-01 9.865776e-01 1.766966e+01
8.310259e-01 5.531743e-01 5.825955e-02 1.679017e+00 -5.513903e-01 8.330506e-01 -4.467156e-02 -8.875400e-02 -7.324431e-02 4.999470e-03 9.973015e-01 1.734021e+01
8.000728e-01 -5.985956e-01 3.958323e-02 2.156945e+00 5.937903e-01 7.995901e-01 8.982625e-02 -8.754707e-02 -8.541995e-02 -4.836340e-02 9.951705e-01 1.721135e+01
8.608802e-01 5.029856e-01 -7.675171e-02 2.907915e+00 -5.081172e-01 8.577306e-01 -7.819920e-02 -7.649436e-02 2.649922e-02 1.063190e-01 9.939789e-01 1.677494e+01
6.904988e-01 -5.574521e-01 4.609322e-01 3.270386e+00 4.261984e-01 8.284186e-01 3.634248e-01 -8.985536e-02 -5.844367e-01 -5.449589e-02 8.096072e-01 1.693288e+01
9.416855e-01 3.284438e-01 -7.316433e-02 3.621897e+00 -3.320959e-01 8.721014e-01 -3.593765e-01 -1.025652e-01 -5.422826e-02 3.627172e-01 9.303201e-01 1.708039e+01
8.691442e-01 -3.861894e-01 3.089436e-01 3.900231e+00 2.168838e-01 8.590466e-01 4.636813e-01 -1.130276e-01 -4.444658e-01 -3.360010e-01 8.303936e-01 1.721606e+01
7.975807e-01 1.468902e-01 -5.850541e-01 4.290338e+00 -3.784715e-01 8.770953e-01 -2.957416e-01 -1.035668e-01 4.697066e-01 4.573041e-01 7.551481e-01 1.689601e+01
7.595924e-01 -4.316542e-01 4.865121e-01 4.890283e+00 1.975420e-01 8.657984e-01 4.597503e-01 -9.542714e-02 -6.196745e-01 -2.531163e-01 7.429237e-01 1.657328e+01
5.864765e-01 1.659111e-01 -7.927918e-01 5.722115e+00 -4.302133e-01 8.931205e-01 -1.313478e-01 -7.720754e-02 6.862666e-01 4.181019e-01 5.951714e-01 1.594595e+01
6.557403e-01 -4.701839e-01 5.907045e-01 6.449373e+00 2.869422e-01 8.789015e-01 3.810463e-01 -6.322711e-02 -6.983329e-01 -8.036935e-02 7.112467e-01 1.546668e+01
5.712160e-01 2.874867e-01 -7.688067e-01 7.017559e+00 -4.449526e-01 8.955439e-01 4.283104e-03 -5.415203e-02 6.897315e-01 3.396360e-01 6.394669e-01 1.513660e+01
3.936407e-01 -4.804303e-01 7.837307e-01 7.475641e+00 2.581408e-01 8.760285e-01 4.073541e-01 -5.392075e-02 -8.822756e-01 4.196175e-02 4.688592e-01 1.502469e+01
2.574963e-01 2.337367e-01 -9.375835e-01 8.260458e+00 -4.163344e-01 9.024549e-01 1.106379e-01 -3.937789e-02 8.719870e-01 3.618594e-01 3.296915e-01 1.451686e+01
1.984133e-01 -4.281513e-01 8.816568e-01 8.541584e+00 2.735442e-01 8.879871e-01 3.696654e-01 -3.900351e-02 -9.411725e-01 1.678256e-01 2.933067e-01 1.444128e+01
1.991093e-01 2.810792e-01 -9.388024e-01 8.865597e+00 -3.854036e-01 9.032488e-01 1.886946e-01 -4.107233e-02 9.010103e-01 3.242470e-01 2.881742e-01 1.446725e+01
2.272678e-01 -4.134524e-01 8.817065e-01 9.275937e+00 2.978064e-01 8.915311e-01 3.412971e-01 -4.132534e-02 -9.271789e-01 1.850120e-01 3.257451e-01 1.443852e+01
3.240189e-01 3.200049e-01 -8.902857e-01 9.609140e+00 -3.983677e-01 8.997080e-01 1.784060e-01 -4.674277e-02 8.580880e-01 2.968541e-01 4.190020e-01 1.452412e+01
6.710409e-01 -4.152804e-01 6.142038e-01 1.036716e+01 4.786785e-01 8.752880e-01 6.883235e-02 -2.186819e-02 -5.661899e-01 2.478168e-01 7.861398e-01 1.381801e+01
2.799681e-01 5.088242e-01 -8.140736e-01 1.109869e+01 -2.060873e-01 8.600703e-01 4.666982e-01 4.928519e-03 9.376278e-01 3.710959e-02 3.456544e-01 1.305267e+01
6.878182e-01 -2.253994e-01 6.900009e-01 1.189703e+01 5.367613e-01 7.978564e-01 -2.744312e-01 3.306263e-02 -4.886650e-01 5.591245e-01 6.697658e-01 1.222241e+01
3.773663e-02 5.323124e-01 -8.457065e-01 1.300611e+01 3.354449e-01 7.904540e-01 5.125029e-01 7.819995e-02 9.413037e-01 -3.030281e-01 -1.487324e-01 1.098709e+01
6.103843e-01 3.168953e-01 7.259535e-01 1.393943e+01 2.371970e-01 8.013054e-01 -5.492243e-01 1.097616e-01 -7.557570e-01 5.074318e-01 4.139376e-01 1.009188e+01
1.504508e-01 2.319277e-01 -9.610276e-01 1.473621e+01 5.443889e-01 7.920008e-01 2.763611e-01 1.355739e-01 8.252304e-01 -5.647516e-01 -7.101693e-03 9.393700e+00
7.175975e-01 5.300130e-01 4.518186e-01 1.565088e+01 -2.436081e-01 7.987735e-01 -5.501054e-01 1.733901e-01 -6.524637e-01 2.846876e-01 7.023134e-01 8.377960e+00
-1.243014e-03 -2.311948e-01 -9.729067e-01 1.654022e+01 5.877190e-01 7.869763e-01 -1.877624e-01 2.113917e-01 8.090642e-01 -5.720291e-01 1.348993e-01 7.343228e+00
6.794443e-01 5.649972e-01 4.681171e-01 1.750963e+01 -5.763724e-01 8.057930e-01 -1.359871e-01 2.555615e-01 -4.540378e-01 -1.774142e-01 8.731402e-01 6.149804e+00
-3.231733e-02 -5.516744e-01 -8.334333e-01 1.856046e+01 1.698530e-01 8.187080e-01 -5.485135e-01 3.032702e-01 9.849394e-01 -1.592876e-01 6.724507e-02 4.864370e+00
8.062878e-01 1.583606e-01 5.699315e-01 1.958633e+01 -4.179258e-01 8.343643e-01 3.594081e-01 3.500157e-01 -4.186144e-01 -5.279755e-01 7.389207e-01 3.603202e+00
-2.375103e-02 -4.084823e-01 -9.124572e-01 2.079846e+01 -3.922461e-01 8.433346e-01 -3.673279e-01 4.061927e-01 9.195536e-01 3.491834e-01 -1.802557e-01 2.077590e+00
8.123917e-01 -4.371166e-01 3.859388e-01 2.182120e+01 1.962677e-01 8.282207e-01 5.249090e-01 4.605628e-01 -5.490890e-01 -3.506844e-01 7.586315e-01 6.594188e-01
1.152990e-01 2.085056e-01 -9.712011e-01 2.274218e+01 -5.350882e-01 8.367774e-01 1.161218e-01 5.003884e-01 8.368912e-01 5.062895e-01 2.080484e-01 -4.006896e-01
7.793324e-01 -5.535334e-01 2.936694e-01 2.382239e+01 5.610637e-01 8.251127e-01 6.630688e-02 5.530084e-01 -2.790135e-01 1.130922e-01 9.536046e-01 -1.802199e+00
3.350794e-02 5.472164e-01 -8.363202e-01 2.505044e+01 -6.677873e-02 8.361459e-01 5.444268e-01 6.146509e-01 9.972050e-01 3.760578e-02 6.455994e-02 -3.445556e+00
8.969251e-01 -9.355872e-02 4.321715e-01 2.611663e+01 3.102865e-01 8.294948e-01 -4.643928e-01 6.682765e-01 -3.150360e-01 5.506225e-01 7.730247e-01 -4.871894e+00
2.702221e-01 3.093232e-01 -9.117561e-01 2.700404e+01 4.219516e-01 8.131511e-01 4.009265e-01 7.136707e-01 8.654114e-01 -4.930562e-01 8.921202e-02 -6.072229e+00
9.181104e-01 3.911378e-01 6.390997e-02 2.810651e+01 -3.170552e-01 8.216218e-01 -4.737232e-01 7.728932e-01 -2.378009e-01 4.146672e-01 8.783518e-01 -7.632176e+00
4.281605e-01 -3.414108e-01 -8.367301e-01 2.883586e+01 6.022484e-01 7.981173e-01 -1.748105e-02 8.105146e-01 6.737770e-01 -4.964347e-01 5.473364e-01 -8.609549e+00
8.178571e-01 5.705968e-01 7.435769e-02 2.963720e+01 -5.703655e-01 8.209665e-01 -2.640499e-02 8.529641e-01 -7.611178e-02 -2.081555e-02 9.968820e-01 -9.722115e+00
1.853761e-01 -5.499976e-01 -8.143331e-01 3.060832e+01 2.230053e-01 8.306208e-01 -5.102329e-01 9.146693e-01 9.570289e-01 -8.701559e-02 2.766297e-01 -1.123168e+01
6.816233e-01 1.829735e-01 7.084563e-01 3.122292e+01 -4.831140e-01 8.397178e-01 2.479414e-01 9.402907e-01 -5.495367e-01 -5.112678e-01 6.607682e-01 -1.192088e+01
4.436325e-01 -4.980325e-01 -7.450865e-01 3.161929e+01 4.304148e-02 8.422566e-01 -5.373558e-01 9.538167e-01 8.951747e-01 2.063189e-01 3.950884e-01 -1.228373e+01
7.519754e-01 -1.233413e-02 6.590758e-01 3.189870e+01 -3.496309e-01 8.401403e-01 4.146355e-01 9.683612e-01 -5.588303e-01 -5.422289e-01 6.274524e-01 -1.262500e+01
5.361456e-01 -3.473438e-01 -7.693505e-01 3.217791e+01 -1.380789e-01 8.630536e-01 -4.858731e-01 9.811132e-01 8.327557e-01 3.667298e-01 4.147616e-01 -1.294081e+01
7.755551e-01 -1.748965e-01 6.065686e-01 3.279715e+01 -1.630373e-01 8.727647e-01 4.601094e-01 9.995075e-01 -6.098632e-01 -4.557335e-01 6.483624e-01 -1.347275e+01
2.947582e-01 -1.568156e-01 -9.426168e-01 3.344849e+01 -3.664968e-01 8.924527e-01 -2.630746e-01 1.027532e+00 8.824951e-01 4.230095e-01 2.055853e-01 -1.421590e+01
3.462911e-01 -3.924475e-01 8.520959e-01 3.379362e+01 -8.699277e-02 8.909478e-01 4.456952e-01 1.036151e+00 -9.340850e-01 -2.284665e-01 2.743872e-01 -1.450253e+01
3.120296e-01 -1.159240e-01 -9.429736e-01 3.402851e+01 -3.321387e-01 9.165913e-01 -2.225853e-01 1.042284e+00 8.901244e-01 3.826512e-01 2.475008e-01 -1.470236e+01
3.883931e-01 -3.594234e-01 8.485079e-01 3.442144e+01 -2.647356e-02 9.160639e-01 4.001576e-01 1.051503e+00 -9.211134e-01 -1.778815e-01 3.462777e-01 -1.500438e+01
3.269576e-01 -2.469489e-02 -9.447163e-01 3.443237e+01 -3.379915e-01 9.304818e-01 -1.412985e-01 1.060812e+00 8.825307e-01 3.655048e-01 2.958814e-01 -1.523208e+01
6.135399e-01 -3.387439e-01 7.133172e-01 3.417478e+01 4.730308e-02 9.174614e-01 3.950025e-01 1.068901e+00 -7.882457e-01 -2.086077e-01 5.789228e-01 -1.509853e+01
4.415748e-01 3.660113e-02 -8.964776e-01 3.409046e+01 -3.438235e-01 9.297962e-01 -1.313945e-01 1.072119e+00 8.287322e-01 3.662505e-01 4.231589e-01 -1.501458e+01
5.301150e-01 -3.973596e-01 7.490551e-01 3.443575e+01 1.269145e-01 9.106290e-01 3.932526e-01 1.081235e+00 -8.383739e-01 -1.134031e-01 5.331687e-01 -1.530067e+01
5.382805e-01 8.937016e-02 -8.380138e-01 3.462502e+01 -3.324632e-01 9.362368e-01 -1.137055e-01 1.086414e+00 7.744174e-01 3.398142e-01 5.336703e-01 -1.547857e+01
4.522687e-01 -3.457457e-01 8.221392e-01 3.461834e+01 1.218110e-01 9.371107e-01 3.270866e-01 1.094528e+00 -8.835242e-01 -4.778542e-02 4.659415e-01 -1.570367e+01
3.147394e-01 7.116474e-02 -9.465066e-01 3.489874e+01 -2.756042e-01 9.610757e-01 -1.938581e-02 1.107522e+00 9.082849e-01 2.669626e-01 3.221017e-01 -1.609351e+01
5.093595e-01 -3.226391e-01 7.977825e-01 3.509263e+01 1.723101e-01 9.465209e-01 2.727772e-01 1.117931e+00 -8.431264e-01 -1.475702e-03 5.377134e-01 -1.636212e+01
3.872091e-01 1.656274e-01 -9.069932e-01 3.521036e+01 -2.758281e-01 9.594881e-01 5.745837e-02 1.124779e+00 8.797659e-01 2.279258e-01 4.172072e-01 -1.652935e+01
5.758304e-01 -3.161337e-01 7.539754e-01 3.542368e+01 2.562565e-01 9.455343e-01 2.007425e-01 1.135286e+00 -7.763710e-01 7.761744e-02 6.254787e-01 -1.680277e+01
6.271351e-01 2.474461e-01 -7.385608e-01 3.536573e+01 -2.781206e-01 9.568298e-01 8.441361e-02 1.136716e+00 7.275648e-01 1.524702e-01 6.688814e-01 -1.677685e+01
6.519057e-01 -3.204676e-01 6.872550e-01 3.528973e+01 2.747627e-01 9.445488e-01 1.798138e-01 1.139155e+00 -7.067704e-01 7.161036e-02 7.038093e-01 -1.673409e+01
4.648327e-01 2.387745e-01 -8.525945e-01 3.537353e+01 -2.514331e-01 9.589046e-01 1.314665e-01 1.148320e+00 8.489476e-01 1.532606e-01 5.057660e-01 -1.689421e+01
8.684822e-01 -2.863490e-01 4.046516e-01 3.595122e+01 3.289620e-01 9.435651e-01 -3.832632e-02 1.178384e+00 -3.708404e-01 1.664007e-01 9.136674e-01 -1.765420e+01
6.513095e-01 3.501032e-01 -6.732189e-01 3.604846e+01 -1.858471e-01 9.337789e-01 3.058070e-01 1.194425e+00 7.357016e-01 -7.405926e-02 6.732447e-01 -1.794720e+01
6.920638e-01 -2.103475e-01 6.905082e-01 3.593365e+01 3.556061e-01 9.318158e-01 -7.255100e-02 1.197537e+00 -6.281655e-01 2.957589e-01 7.196769e-01 -1.788795e+01
7.854054e-01 3.260915e-01 -5.261204e-01 3.590983e+01 -2.012244e-01 9.383205e-01 2.811820e-01 1.194177e+00 5.853607e-01 -1.149736e-01 8.025796e-01 -1.779373e+01
8.797593e-01 -2.364132e-01 4.124710e-01 3.601901e+01 3.248602e-01 9.323888e-01 -1.584834e-01 1.202096e+00 -3.471157e-01 2.734226e-01 8.970790e-01 -1.795885e+01
4.726634e-01 3.369170e-01 -8.142950e-01 3.642282e+01 -1.199006e-02 9.264031e-01 3.763424e-01 1.227870e+00 8.811615e-01 -1.681198e-01 4.419164e-01 -1.855350e+01
7.005062e-01 -7.485113e-02 7.097101e-01 3.668154e+01 3.123831e-01 9.263093e-01 -2.106367e-01 1.235156e+00 -6.416447e-01 3.692538e-01 6.722676e-01 -1.869531e+01
8.197421e-01 2.960218e-01 -4.902999e-01 3.677265e+01 -8.860479e-02 9.113115e-01 4.020703e-01 1.221452e+00 5.658375e-01 -2.861510e-01 7.732694e-01 -1.842088e+01
8.457057e-01 -9.989652e-02 5.242161e-01 3.669073e+01 2.910550e-01 9.097003e-01 -2.961966e-01 1.221107e+00 -4.472905e-01 4.030709e-01 7.984141e-01 -1.829865e+01
8.282183e-01 2.632024e-01 -4.947513e-01 3.681855e+01 -3.405085e-02 9.048490e-01 4.243686e-01 1.225099e+00 5.593701e-01 -3.346232e-01 7.583748e-01 -1.838899e+01
8.665202e-01 -8.205541e-02 4.923511e-01 3.706874e+01 2.710054e-01 9.056868e-01 -3.260176e-01 1.230354e+00 -4.191644e-01 4.159306e-01 8.070334e-01 -1.853159e+01
8.786187e-01 2.445622e-01 -4.101444e-01 3.728739e+01 -4.770380e-02 8.995539e-01 4.341970e-01 1.232078e+00 4.751352e-01 -3.619282e-01 8.020315e-01 -1.860236e+01
9.298460e-01 -8.706769e-02 3.574991e-01 3.747693e+01 2.211721e-01 9.087396e-01 -3.539425e-01 1.236123e+00 -2.940566e-01 4.081809e-01 8.642448e-01 -1.869109e+01
8.549112e-01 2.061777e-01 -4.760438e-01 3.768035e+01 3.092077e-02 8.957487e-01 4.434842e-01 1.243951e+00 5.178521e-01 -3.938592e-01 7.594104e-01 -1.888022e+01
8.953399e-01 -1.186244e-02 4.452255e-01 3.784015e+01 2.008323e-01 9.030007e-01 -3.798106e-01 1.247838e+00 -3.975335e-01 4.294753e-01 8.108749e-01 -1.897991e+01
5.575941e-01 2.948145e-01 -7.759982e-01 3.767926e+01 1.746933e-01 8.722008e-01 4.568895e-01 1.258236e+00 8.115239e-01 -3.903206e-01 4.348319e-01 -1.887635e+01
9.753216e-01 2.205636e-01 -9.970997e-03 3.760894e+01 -1.999334e-01 8.631328e-01 -4.637116e-01 1.291655e+00 -9.367162e-02 4.542615e-01 8.859301e-01 -1.913606e+01
9.557178e-01 -2.333602e-01 -1.792945e-01 3.779936e+01 2.909820e-01 8.403757e-01 4.572725e-01 1.295912e+00 4.396556e-02 -4.891950e-01 8.710656e-01 -1.925299e+01
9.548535e-01 2.667510e-01 -1.307620e-01 3.799599e+01 -2.970322e-01 8.649061e-01 -4.046101e-01 1.304501e+00 5.166691e-03 4.251839e-01 9.050922e-01 -1.945878e+01
9.231785e-01 -3.209531e-01 -2.114961e-01 3.819467e+01 3.803972e-01 8.418126e-01 3.829484e-01 1.314174e+00 5.513165e-02 -4.339823e-01 8.992329e-01 -1.969973e+01
9.376756e-01 3.463037e-01 -2.895235e-02 3.835269e+01 -3.323348e-01 8.692541e-01 -3.659931e-01 1.318821e+00 -1.015778e-01 3.528047e-01 9.301671e-01 -1.981860e+01
9.203542e-01 -3.714706e-01 -1.223017e-01 3.851452e+01 3.896268e-01 8.439450e-01 3.687110e-01 1.321093e+00 -3.374941e-02 -3.869967e-01 9.214632e-01 -1.989653e+01
9.270093e-01 3.618008e-01 -9.876170e-02 3.868988e+01 -3.735569e-01 8.673748e-01 -3.288102e-01 1.325769e+00 -3.330037e-02 3.417032e-01 9.392178e-01 -2.002343e+01
9.097741e-01 -4.111235e-01 -5.734573e-02 3.880380e+01 4.016592e-01 8.369927e-01 3.716357e-01 1.327237e+00 -1.047902e-01 -3.611380e-01 9.266058e-01 -2.006874e+01
9.136357e-01 3.774097e-01 -1.511018e-01 3.898315e+01 -4.063515e-01 8.589345e-01 -3.116248e-01 1.331269e+00 1.217634e-02 3.461120e-01 9.381142e-01 -2.018208e+01
8.761853e-01 -4.124995e-01 -2.492858e-01 3.922006e+01 4.731602e-01 8.346357e-01 2.819621e-01 1.340172e+00 9.175362e-02 -3.650032e-01 9.264739e-01 -2.037298e+01
8.810142e-01 4.564197e-01 -1.244788e-01 3.956920e+01 -4.730055e-01 8.547837e-01 -2.135663e-01 1.349644e+00 8.926592e-03 2.470341e-01 9.689657e-01 -2.056909e+01
8.340643e-01 -5.284295e-01 -1.584270e-01 4.012245e+01 5.482108e-01 8.260223e-01 1.309656e-01 1.362554e+00 6.165816e-02 -1.960852e-01 9.786465e-01 -2.093618e+01
8.533653e-01 5.165391e-01 -7.039216e-02 4.069403e+01 -5.213034e-01 8.463709e-01 -1.090828e-01 1.376137e+00 3.232335e-03 1.297832e-01 9.915371e-01 -2.132837e+01
8.176374e-01 -5.479214e-01 -1.767799e-01 4.109886e+01 5.609600e-01 8.272844e-01 3.040516e-02 1.388477e+00 1.295876e-01 -1.240269e-01 9.837807e-01 -2.167749e+01
8.033110e-01 5.341635e-01 -2.633642e-01 4.160538e+01 -5.178068e-01 8.448995e-01 1.342420e-01 1.411269e+00 2.942235e-01 2.853369e-02 9.553106e-01 -2.226984e+01
8.316858e-01 -5.459207e-01 -1.013373e-01 4.221991e+01 5.179692e-01 8.285635e-01 -2.125802e-01 1.434833e+00 2.000164e-01 1.243103e-01 9.718747e-01 -2.288343e+01
7.168263e-01 4.960555e-01 -4.899887e-01 4.429148e+01 -2.417799e-01 8.359820e-01 4.926221e-01 1.484039e+00 6.539897e-01 -2.346550e-01 7.191902e-01 -2.440300e+01
9.773245e-01 -1.968881e-01 7.792186e-02 4.579223e+01 2.080805e-01 8.248250e-01 -5.257055e-01 1.522011e+00 3.923327e-02 5.299989e-01 8.470902e-01 -2.564148e+01
9.666288e-01 1.892458e-01 -1.726699e-01 4.609546e+01 -5.059064e-02 8.017547e-01 5.955081e-01 1.531604e+00 2.511363e-01 -5.668998e-01 7.845732e-01 -2.586899e+01
9.529951e-01 -8.074735e-02 -2.920279e-01 4.671236e+01 -1.116102e-01 8.024994e-01 -5.861210e-01 1.556045e+00 2.816799e-01 5.911637e-01 7.557658e-01 -2.649705e+01
8.050104e-01 -1.385824e-01 -5.768477e-01 4.753673e+01 4.405108e-01 7.909162e-01 4.247373e-01 1.596430e+00 3.973771e-01 -5.960256e-01 6.977428e-01 -2.754447e+01
9.022652e-01 4.274019e-01 -5.696667e-02 4.810482e+01 -4.025246e-01 7.875545e-01 -4.666174e-01 1.615494e+00 -1.545688e-01 4.439431e-01 8.826228e-01 -2.806529e+01
7.978017e-01 -3.371296e-01 -4.998561e-01 4.802952e+01 5.370601e-01 7.741476e-01 3.350552e-01 1.617396e+00 2.740054e-01 -5.357604e-01 7.986751e-01 -2.788967e+01
3.578433e-01 5.140279e-01 -7.795662e-01 4.924215e+01 -5.728990e-01 7.801145e-01 2.514122e-01 1.691878e+00 7.373838e-01 3.566465e-01 5.736448e-01 -2.980310e+01
6.210542e-01 -5.836411e-01 -5.231202e-01 5.094649e+01 2.983218e-01 7.932338e-01 -5.308336e-01 1.802556e+00 7.247729e-01 1.736183e-01 6.667540e-01 -3.264269e+01
5.815935e-01 2.803371e-01 -7.636492e-01 5.269296e+01 3.160907e-01 7.870997e-01 5.296798e-01 1.912319e+00 7.495570e-01 -5.494408e-01 3.691601e-01 -3.546384e+01
5.538364e-01 3.012480e-01 -7.762183e-01 5.460575e+01 -5.654602e-01 8.203763e-01 -8.507365e-02 2.037658e+00 6.111628e-01 4.860374e-01 6.246980e-01 -3.866602e+01
5.345555e-01 -5.617047e-01 -6.314572e-01 5.590205e+01 4.906997e-01 8.146112e-01 -3.092288e-01 2.131969e+00 6.880874e-01 -1.445559e-01 7.110832e-01 -4.100019e+01
5.533759e-01 5.387678e-01 -6.352199e-01 5.682454e+01 -5.771616e-02 7.856012e-01 6.160354e-01 2.228404e+00 8.309296e-01 -3.042367e-01 4.658284e-01 -4.311038e+01
4.352271e-01 -5.717189e-03 -9.003026e-01 5.800846e+01 -5.822235e-01 7.609549e-01 -2.862926e-01 2.382284e+00 6.867264e-01 6.487796e-01 3.278595e-01 -4.622139e+01
4.095064e-01 -5.707698e-01 -7.117066e-01 5.962665e+01 5.905195e-01 7.604793e-01 -2.701073e-01 2.528378e+00 6.954072e-01 -3.096660e-01 6.484718e-01 -4.953846e+01
7.484695e-01 5.660340e-01 -3.455416e-01 6.083542e+01 -2.946570e-01 7.506365e-01 5.913730e-01 2.610904e+00 5.941134e-01 -3.408083e-01 7.286144e-01 -5.155799e+01
5.363632e-01 -2.754733e-01 -7.977650e-01 6.209017e+01 -3.772832e-01 7.672727e-01 -5.186039e-01 2.693881e+00 7.549648e-01 5.791434e-01 3.076054e-01 -5.361651e+01
8.225150e-01 -3.843899e-01 -4.191819e-01 6.286995e+01 5.463070e-01 7.389454e-01 3.943455e-01 2.762173e+00 1.581701e-01 -5.533571e-01 8.177886e-01 -5.509338e+01
7.286203e-01 5.384652e-01 -4.232820e-01 6.339989e+01 -6.329295e-01 7.655206e-01 -1.156654e-01 2.793594e+00 2.617493e-01 3.521838e-01 8.985844e-01 -5.585862e+01
7.441628e-01 -6.622361e-01 -8.755070e-02 6.373231e+01 6.670974e-01 7.299436e-01 1.488738e-01 2.808592e+00 -3.468255e-02 -1.691912e-01 9.849728e-01 -5.616876e+01
3.073836e-01 6.773177e-01 -6.683982e-01 6.464832e+01 -4.203152e-01 7.268104e-01 5.432144e-01 2.854033e+00 8.537274e-01 1.139627e-01 5.080965e-01 -5.732574e+01
8.392042e-01 -4.745423e-01 -2.656049e-01 6.598698e+01 1.761530e-01 6.992834e-01 -6.928007e-01 2.936359e+00 5.144964e-01 5.346142e-01 6.704336e-01 -5.941076e+01
9.511408e-01 1.554580e-01 -2.667659e-01 6.672072e+01 9.280737e-02 6.800950e-01 7.272259e-01 2.974666e+00 2.944793e-01 -7.164520e-01 6.324385e-01 -6.045065e+01
9.990831e-01 -4.535066e-03 -4.257140e-02 6.728090e+01 -2.903962e-02 6.588637e-01 -7.517016e-01 2.993627e+00 3.145777e-02 7.522486e-01 6.581279e-01 -6.102837e+01
7.826526e-01 -6.633464e-02 -6.189141e-01 6.776779e+01 5.149035e-01 6.276890e-01 5.838501e-01 3.021556e+00 3.497561e-01 -7.756328e-01 5.254183e-01 -6.171760e+01
8.715011e-01 4.756629e-01 -1.192925e-01 6.811256e+01 -4.479008e-01 6.730258e-01 -5.885755e-01 3.041932e+00 -1.996766e-01 5.663754e-01 7.995925e-01 -6.220196e+01
5.145000e-01 -4.640977e-01 -7.210430e-01 6.879996e+01 7.620019e-01 6.330800e-01 1.362456e-01 3.071754e+00 3.932466e-01 -6.195345e-01 6.793630e-01 -6.294655e+01
6.395421e-01 7.463707e-01 1.841648e-01 6.915529e+01 -6.427209e-01 6.505569e-01 -4.045806e-01 3.081503e+00 -4.217768e-01 1.403798e-01 8.957666e-01 -6.321176e+01
4.203379e-01 -6.033996e-01 -6.776614e-01 6.931234e+01 7.290713e-01 6.691963e-01 -1.436359e-01 3.082249e+00 5.401584e-01 -4.336879e-01 7.212099e-01 -6.312521e+01
6.068096e-01 6.917964e-01 3.914077e-01 6.954422e+01 -6.906870e-01 7.026274e-01 -1.710737e-01 3.093656e+00 -3.933619e-01 -1.665310e-01 9.041758e-01 -6.337919e+01
5.953892e-01 -6.568377e-01 -4.626833e-01 6.965328e+01 6.846869e-01 7.161203e-01 -1.355563e-01 3.074196e+00 4.203754e-01 -2.360845e-01 8.760985e-01 -6.288443e+01
6.406196e-01 6.098468e-01 4.665763e-01 6.988500e+01 -6.387978e-01 7.604463e-01 -1.168711e-01 3.059691e+00 -4.260797e-01 -2.231780e-01 8.767256e-01 -6.254563e+01
4.553311e-01 -6.536785e-01 -6.044650e-01 7.011259e+01 5.592615e-01 7.382620e-01 -3.770885e-01 3.058808e+00 6.927482e-01 -1.663539e-01 7.017309e-01 -6.252483e+01
7.338873e-01 4.812615e-01 4.793713e-01 7.028265e+01 -6.162229e-01 7.686162e-01 1.717515e-01 3.063332e+00 -2.857952e-01 -4.214458e-01 8.606420e-01 -6.252503e+01
6.158220e-01 -6.087547e-01 -5.001809e-01 7.035487e+01 3.718699e-01 7.842546e-01 -4.966462e-01 3.071202e+00 6.946049e-01 1.198434e-01 7.093388e-01 -6.265173e+01
7.719458e-01 3.246165e-01 5.465563e-01 7.055813e+01 -5.346052e-01 7.967072e-01 2.818775e-01 3.067243e+00 -3.439433e-01 -5.097860e-01 7.885564e-01 -6.255891e+01
6.191390e-01 -5.455903e-01 -5.647992e-01 7.090098e+01 2.016260e-01 8.055664e-01 -5.571443e-01 3.072724e+00 7.589557e-01 2.310716e-01 6.087628e-01 -6.265438e+01
7.821455e-01 1.577548e-01 6.027950e-01 7.129117e+01 -4.380494e-01 8.272130e-01 3.518967e-01 3.079542e+00 -4.431264e-01 -5.392885e-01 7.161054e-01 -6.288142e+01
6.120749e-01 -4.483701e-01 -6.514051e-01 7.165745e+01 3.527014e-02 8.383878e-01 -5.439319e-01 3.088906e+00 7.900129e-01 3.099519e-01 5.289702e-01 -6.310324e+01
9.088654e-01 5.580022e-03 4.170523e-01 7.256307e+01 -2.225182e-01 8.522101e-01 4.735226e-01 3.113759e+00 -3.527739e-01 -5.231700e-01 7.757859e-01 -6.383307e+01
6.975583e-01 -2.278407e-01 -6.793387e-01 7.261810e+01 -1.726314e-01 8.667299e-01 -4.679504e-01 3.119464e+00 6.954213e-01 4.436979e-01 5.652622e-01 -6.381843e+01
9.033580e-01 -1.481627e-01 4.024826e-01 7.248783e+01 -6.723260e-02 8.779112e-01 4.740798e-01 3.123068e+00 -4.235849e-01 -4.553237e-01 7.831067e-01 -6.355384e+01
8.440684e-01 -9.877159e-02 -5.270604e-01 7.288043e+01 -1.606847e-01 8.911364e-01 -4.243305e-01 3.131627e+00 5.115945e-01 4.428545e-01 7.363090e-01 -6.382848e+01
9.430547e-01 -1.548743e-01 2.943839e-01 7.285471e+01 -7.916370e-03 8.742979e-01 4.853251e-01 3.135606e+00 -3.325436e-01 -4.600185e-01 8.232847e-01 -6.379082e+01
8.580128e-01 -1.314400e-02 -5.134600e-01 7.285673e+01 -2.227564e-01 8.912436e-01 -3.950499e-01 3.138840e+00 4.628105e-01 4.533344e-01 7.617706e-01 -6.377033e+01
8.985836e-01 -2.216945e-01 3.786805e-01 7.314739e+01 3.825218e-02 8.992775e-01 4.357027e-01 3.150340e+00 -4.371318e-01 -3.770299e-01 8.165563e-01 -6.416422e+01
9.695909e-01 -2.731832e-02 -2.432021e-01 7.320554e+01 -8.473133e-02 8.948177e-01 -4.383171e-01 3.157994e+00 2.295957e-01 4.455951e-01 8.652924e-01 -6.447446e+01
9.867118e-01 -1.248655e-01 1.039635e-01 7.324108e+01 6.377674e-02 8.861433e-01 4.590017e-01 3.162639e+00 -1.494400e-01 -4.462719e-01 8.823316e-01 -6.453959e+01
9.357754e-01 3.981863e-02 -3.503410e-01 7.349899e+01 -1.812448e-01 9.066067e-01 -3.810704e-01 3.171621e+00 3.024478e-01 4.200938e-01 8.555972e-01 -6.477429e+01
9.505195e-01 -2.295541e-01 -2.093268e-01 7.403096e+01 2.913591e-01 8.925289e-01 3.442412e-01 3.194722e+00 1.078082e-01 -3.881972e-01 9.152488e-01 -6.540539e+01
8.947002e-01 2.622387e-01 -3.615832e-01 7.448330e+01 -3.490211e-01 9.156195e-01 -1.995623e-01 3.216128e+00 2.787397e-01 3.047486e-01 9.107318e-01 -6.598417e+01
8.150260e-01 -3.973928e-01 -4.216771e-01 7.515516e+01 4.565842e-01 8.885348e-01 4.513113e-02 3.249214e+00 3.567400e-01 -2.293142e-01 9.056222e-01 -6.687369e+01
9.054134e-01 4.227798e-01 -3.851971e-02 7.575762e+01 -4.215006e-01 9.060643e-01 3.721081e-02 3.259155e+00 5.063331e-02 -1.745509e-02 9.985648e-01 -6.717884e+01
8.755524e-01 -4.263049e-01 -2.273149e-01 7.606665e+01 4.384179e-01 8.987658e-01 3.121541e-03 3.248097e+00 2.029722e-01 -1.023920e-01 9.738163e-01 -6.689911e+01
8.914571e-01 3.891398e-01 -2.321086e-01 7.643781e+01 -3.660185e-01 9.204156e-01 1.373519e-01 3.265081e+00 2.670854e-01 -3.748725e-02 9.629434e-01 -6.730224e+01
8.780191e-01 -4.131146e-01 -2.417000e-01 7.688099e+01 3.693328e-01 9.059849e-01 -2.068444e-01 3.285014e+00 3.044270e-01 9.234558e-02 9.480488e-01 -6.779591e+01
9.458344e-01 3.214100e-01 -4.574762e-02 7.725101e+01 -2.977908e-01 9.150492e-01 2.720396e-01 3.299852e+00 1.292975e-01 -2.436812e-01 9.611980e-01 -6.816975e+01
9.248799e-01 -3.196261e-01 -2.060006e-01 7.764792e+01 2.524693e-01 9.212543e-01 -2.958881e-01 3.314573e+00 2.843525e-01 2.216521e-01 9.327454e-01 -6.855635e+01
9.731940e-01 2.049068e-01 -1.044347e-01 7.816011e+01 -1.611245e-01 9.314837e-01 3.261549e-01 3.333037e+00 1.641106e-01 -3.005850e-01 9.395299e-01 -6.907005e+01
1.958373e-01 -2.526172e-01 -9.475401e-01 8.055936e+01 -1.398783e-01 9.491739e-01 -2.819628e-01 3.368718e+00 9.706090e-01 1.877591e-01 1.505480e-01 -7.027557e+01
9.633619e-01 -2.137226e-01 -1.620383e-01 8.304140e+01 2.190616e-01 9.755860e-01 1.561842e-02 3.378744e+00 1.547443e-01 -5.054255e-02 9.866609e-01 -7.082964e+01
