9.999142e-01 9.813527e-04 -1.306086e-02 9.228167e-02 -9.534956e-04 9.999973e-01 2.138927e-03 8.777771e-04 1.306293e-02 -2.126290e-03 9.999124e-01 -3.379090e-01
9.999991e-01 -3.467144e-04 -1.259803e-03 1.357773e-01 3.462470e-04 9.999999e-01 -3.712214e-04 1.385772e-02 1.259932e-03 3.707855e-04 9.999991e-01 -1.053670e+00
9.999131e-01 8.786454e-04 -1.315575e-02 1.754675e-01 -8.515494e-04 9.999975e-01 2.065089e-03 2.684319e-02 1.315753e-02 -2.053707e-03 9.999113e-01 -1.775532e+00
9.999983e-01 -7.487505e-05 1.819058e-03 2.383207e-01 7.492094e-05 1.000000e+00 -2.513554e-05 2.176992e-02 -1.819056e-03 2.527249e-05 9.999983e-01 -1.809702e+00
9.999349e-01 1.061430e-03 -1.135708e-02 3.244953e-01 -1.022221e-03 9.999935e-01 3.457616e-03 8.345974e-03 1.136068e-02 -3.445782e-03 9.999295e-01 -1.423397e+00
9.999965e-01 -2.710051e-04 -2.636211e-03 4.780814e-01 2.678861e-04 9.999993e-01 -1.183439e-03 5.617936e-03 2.636530e-03 1.182729e-03 9.999958e-01 -1.653858e+00
9.999056e-01 1.217321e-03 -1.368844e-02 6.201235e-01 -1.172183e-03 9.999939e-01 3.305026e-03 1.339519e-02 1.369238e-02 -3.288669e-03 9.999008e-01 -2.279250e+00
9.999990e-01 -5.852613e-04 -1.276286e-03 7.035034e-01 5.832752e-04 9.999986e-01 -1.556047e-03 2.069134e-02 1.277195e-03 1.555302e-03 9.999980e-01 -2.817629e+00
9.999898e-01 1.248277e-03 -4.332036e-03 7.291716e-01 -1.227984e-03 9.999883e-01 4.683912e-03 6.853956e-03 4.337832e-03 -4.678546e-03 9.999796e-01 -2.232075e+00
9.999973e-01 8.420739e-05 -2.334605e-03 7.554110e-01 -8.487951e-05 1.000000e+00 -2.878198e-04 -1.064118e-02 2.334581e-03 2.880179e-04 9.999972e-01 -1.393779e+00
9.999753e-01 9.808077e-04 -6.958303e-03 8.117442e-01 -9.589353e-04 9.999946e-01 3.145994e-03 -2.017989e-02 6.961350e-03 -3.139245e-03 9.999708e-01 -1.149382e+00
9.999872e-01 -1.304127e-04 -5.051487e-03 8.717395e-01 1.238007e-04 9.999991e-01 -1.309230e-03 -1.901539e-02 5.051654e-03 1.308588e-03 9.999864e-01 -1.453156e+00
9.999678e-01 8.545814e-04 -7.976396e-03 9.088299e-01 -8.301959e-04 9.999950e-01 3.060022e-03 -7.308932e-03 7.978970e-03 -3.053303e-03 9.999635e-01 -2.151141e+00
9.999822e-01 -4.294034e-04 -5.956535e-03 9.308312e-01 4.209870e-04 9.999989e-01 -1.414161e-03 6.724898e-03 5.957136e-03 1.411629e-03 9.999813e-01 -2.901371e+00
9.999764e-01 1.104710e-03 -6.774553e-03 9.523111e-01 -1.085537e-03 9.999954e-01 2.833097e-03 1.561784e-02 6.777652e-03 -2.825677e-03 9.999730e-01 -3.435540e+00
9.999797e-01 -4.074872e-04 -6.365093e-03 9.880309e-01 3.997239e-04 9.999992e-01 -1.220901e-03 2.476789e-02 6.365585e-03 1.218333e-03 9.999790e-01 -4.010567e+00
9.999964e-01 7.159941e-04 -2.592833e-03 8.897248e-01 -7.102443e-04 9.999973e-01 2.217883e-03 3.547628e-02 2.594414e-03 -2.216034e-03 9.999942e-01 -4.397647e+00
9.999955e-01 -5.352638e-04 -2.936298e-03 6.857024e-01 5.306567e-04 9.999986e-01 -1.569609e-03 5.124116e-02 2.937135e-03 1.568045e-03 9.999945e-01 -4.669731e+00
9.999864e-01 1.231375e-03 -5.068240e-03 6.024740e-01 -1.217825e-03 9.999957e-01 2.675762e-03 5.866421e-02 5.071512e-03 -2.669554e-03 9.999836e-01 -4.967429e+00
9.999666e-01 -3.960633e-04 -8.167570e-03 6.401769e-01 3.869416e-04 9.999993e-01 -1.118380e-03 6.853873e-02 8.168007e-03 1.115183e-03 9.999660e-01 -5.555941e+00
9.999914e-01 1.164875e-03 -3.973102e-03 6.744553e-01 -1.154528e-03 9.999959e-01 2.605733e-03 7.239789e-02 3.976121e-03 -2.601125e-03 9.999887e-01 -5.892038e+00
9.999741e-01 -2.383831e-04 -7.197637e-03 7.072855e-01 2.302978e-04 9.999993e-01 -1.124154e-03 7.459623e-02 7.197901e-03 1.122468e-03 9.999735e-01 -6.179560e+00
9.999899e-01 9.725292e-04 -4.391522e-03 7.383560e-01 -9.611130e-04 9.999962e-01 2.600988e-03 7.785759e-02 4.394035e-03 -2.596741e-03 9.999870e-01 -6.507393e+00
9.999839e-01 -1.113479e-04 -5.677638e-03 7.617159e-01 1.051834e-04 9.999994e-01 -1.086047e-03 7.851911e-02 5.677756e-03 1.085433e-03 9.999833e-01 -6.730763e+00
9.999842e-01 9.382590e-04 -5.548268e-03 7.720250e-01 -9.238493e-04 9.999962e-01 2.599164e-03 8.416057e-02 5.550686e-03 -2.593998e-03 9.999812e-01 -7.150471e+00
9.999800e-01 -3.294376e-04 -6.322465e-03 7.645267e-01 3.226075e-04 9.999994e-01 -1.081300e-03 9.603624e-02 6.322817e-03 1.079239e-03 9.999794e-01 -7.784210e+00
9.999822e-01 9.109827e-04 -5.900738e-03 7.747378e-01 -8.954722e-04 9.999961e-01 2.630699e-03 1.050129e-01 5.903111e-03 -2.625369e-03 9.999791e-01 -8.311113e+00
9.999819e-01 -1.958140e-04 -6.016920e-03 8.122469e-01 1.890282e-04 9.999993e-01 -1.128353e-03 1.090128e-01 6.017137e-03 1.127196e-03 9.999813e-01 -8.672011e+00
9.999935e-01 9.866417e-04 -3.470418e-03 8.031076e-01 -9.770871e-04 9.999957e-01 2.753805e-03 1.085611e-01 3.473120e-03 -2.750397e-03 9.999902e-01 -8.740691e+00
9.999966e-01 -1.076770e-04 -2.624273e-03 6.917904e-01 1.052983e-04 9.999996e-01 -9.065828e-04 1.150917e-01 2.624369e-03 9.063040e-04 9.999961e-01 -8.711707e+00
9.999893e-01 1.048138e-03 -4.501330e-03 6.638153e-01 -1.035109e-03 9.999953e-01 2.895770e-03 1.129617e-01 4.504344e-03 -2.891080e-03 9.999857e-01 -8.558383e+00
9.999924e-01 -1.640607e-04 -3.883409e-03 6.465611e-01 1.597188e-04 9.999994e-01 -1.118384e-03 1.119106e-01 3.883590e-03 1.117756e-03 9.999918e-01 -8.570545e+00
9.999821e-01 9.161256e-04 -5.914362e-03 6.206815e-01 -9.018701e-04 9.999967e-01 2.412563e-03 1.199331e-01 5.916552e-03 -2.407187e-03 9.999796e-01 -9.014093e+00
9.999831e-01 -3.386094e-04 -5.801568e-03 6.254393e-01 3.332859e-04 9.999995e-01 -9.185705e-04 1.293584e-01 5.801876e-03 9.166221e-04 9.999827e-01 -9.558270e+00
9.999892e-01 8.991010e-04 -4.558287e-03 6.027600e-01 -8.892413e-04 9.999973e-01 2.164629e-03 1.365548e-01 4.560221e-03 -2.160553e-03 9.999873e-01 -9.957379e+00
9.999881e-01 -1.827527e-04 -4.878698e-03 5.715913e-01 1.780261e-04 9.999995e-01 -9.692816e-04 1.414188e-01 4.878873e-03 9.684022e-04 9.999876e-01 -1.024398e+01
9.999875e-01 8.476740e-04 -4.926956e-03 5.295247e-01 -8.368565e-04 9.999972e-01 2.197267e-03 1.508323e-01 4.928805e-03 -2.193117e-03 9.999854e-01 -1.070842e+01
9.999784e-01 -2.237976e-04 -6.564022e-03 5.121577e-01 2.188261e-04 9.999997e-01 -7.581174e-04 1.626621e-01 6.564190e-03 7.566654e-04 9.999782e-01 -1.131824e+01
9.999931e-01 6.645616e-04 -3.648481e-03 4.479929e-01 -6.574125e-04 9.999979e-01 1.960368e-03 1.751674e-01 3.649776e-03 -1.957957e-03 9.999914e-01 -1.186059e+01
9.999704e-01 2.021136e-05 -7.699489e-03 3.828191e-01 -2.329473e-05 9.999999e-01 -4.003962e-04 1.986189e-01 7.699481e-03 4.005644e-04 9.999703e-01 -1.291131e+01
9.999685e-01 -2.834708e-05 -7.933345e-03 3.568564e-01 4.549465e-05 9.999977e-01 2.161305e-03 2.255953e-01 7.933265e-03 -2.161598e-03 9.999662e-01 -1.410659e+01
9.999832e-01 3.975218e-04 -5.787937e-03 3.267061e-01 -4.009993e-04 9.999997e-01 -5.997017e-04 2.478760e-01 5.787698e-03 6.020132e-04 9.999831e-01 -1.511842e+01
9.999710e-01 -2.811031e-04 -7.614248e-03 2.866435e-01 2.964426e-04 9.999979e-01 2.013549e-03 2.679389e-01 7.613666e-03 -2.015748e-03 9.999690e-01 -1.599293e+01
9.999861e-01 9.897206e-04 -5.177219e-03 3.063904e-01 -9.916100e-04 9.999994e-01 -3.624195e-04 2.778402e-01 5.176858e-03 3.675490e-04 9.999865e-01 -1.659209e+01
9.999685e-01 -2.718871e-04 -7.937758e-03 4.066923e-01 2.892660e-04 9.999976e-01 2.188343e-03 2.765209e-01 7.937143e-03 -2.190571e-03 9.999661e-01 -1.683263e+01
9.999973e-01 1.230698e-03 -1.965316e-03 4.595781e-01 -1.231540e-03 9.999992e-01 -4.276613e-04 2.704829e-01 1.964788e-03 4.300812e-04 9.999980e-01 -1.680864e+01
9.999914e-01 -8.605432e-04 4.047737e-03 2.799701e-01 8.483134e-04 9.999951e-01 3.022091e-03 2.712632e-01 -4.050318e-03 -3.018632e-03 9.999872e-01 -1.617223e+01
9.999817e-01 1.401763e-03 -5.887379e-03 9.211114e-03 -1.398161e-03 9.999988e-01 6.159687e-04 2.799571e-01 5.888236e-03 -6.077252e-04 9.999825e-01 -1.546955e+01
9.999995e-01 -6.865884e-04 6.754567e-04 -7.940655e-02 6.858336e-04 9.999991e-01 1.116680e-03 2.808881e-01 -6.762231e-04 -1.116217e-03 9.999991e-01 -1.524425e+01
9.999794e-01 1.420345e-03 -6.258499e-03 -1.911122e-01 -1.418860e-03 9.999990e-01 2.417636e-04 2.849148e-01 6.258836e-03 -2.328780e-04 9.999804e-01 -1.517032e+01
9.999951e-01 -8.894628e-04 3.016884e-03 -3.910982e-01 8.876672e-04 9.999994e-01 5.964026e-04 2.959492e-01 -3.017413e-03 -5.937224e-04 9.999953e-01 -1.517323e+01
9.999686e-01 1.556556e-03 -7.770251e-03 -5.558563e-01 -1.550108e-03 9.999984e-01 8.358319e-04 3.036511e-01 7.771541e-03 -8.237602e-04 9.999695e-01 -1.509563e+01
9.999981e-01 -9.282739e-04 1.685910e-03 -6.679941e-01 9.278576e-04 9.999995e-01 2.475573e-04 3.083316e-01 -1.686139e-03 -2.459933e-04 9.999985e-01 -1.511862e+01
9.999586e-01 1.688814e-03 -8.941814e-03 -7.342789e-01 -1.678002e-03 9.999979e-01 1.216493e-03 3.092727e-01 8.943850e-03 -1.201438e-03 9.999593e-01 -1.508608e+01
9.999995e-01 -9.106947e-04 -3.525634e-04 -7.681902e-01 9.107296e-04 9.999996e-01 9.937019e-05 3.144926e-01 3.524725e-04 -9.969192e-05 9.999999e-01 -1.539505e+01
9.999621e-01 1.543447e-03 -8.569757e-03 -8.444284e-01 -1.535040e-03 9.999983e-01 9.874149e-04 3.201035e-01 8.571267e-03 -9.742218e-04 9.999628e-01 -1.563266e+01
9.999994e-01 -7.880805e-04 7.723728e-04 -9.269870e-01 7.876292e-04 9.999995e-01 5.841488e-04 3.232534e-01 -7.728330e-04 -5.835408e-04 9.999995e-01 -1.572408e+01
9.999647e-01 1.305472e-03 -8.302371e-03 -1.029606e+00 -1.301520e-03 9.999990e-01 4.814086e-04 3.308937e-01 8.302991e-03 -4.705852e-04 9.999654e-01 -1.595040e+01
9.999673e-01 -9.825428e-04 8.029439e-03 -1.275688e+00 9.785317e-04 9.999994e-01 5.034385e-04 3.441657e-01 -8.029929e-03 -4.955656e-04 9.999676e-01 -1.582264e+01
9.999992e-01 1.038648e-03 7.827028e-04 -1.698888e+00 -1.040029e-03 9.999979e-01 1.766024e-03 3.623106e-01 -7.808666e-04 -1.766835e-03 9.999981e-01 -1.514112e+01
9.999908e-01 -3.387568e-04 -4.267995e-03 -1.957072e+00 3.489962e-04 9.999971e-01 2.398640e-03 3.693748e-01 4.267170e-03 -2.400108e-03 9.999880e-01 -1.436437e+01
9.999966e-01 9.082743e-04 -2.442011e-03 -2.083449e+00 -9.109574e-04 9.999990e-01 -1.097920e-03 3.771166e-01 2.441011e-03 1.100141e-03 9.999964e-01 -1.447365e+01
9.999901e-01 -4.755168e-04 -4.435416e-03 -2.207800e+00 4.849200e-04 9.999976e-01 2.119251e-03 3.851661e-01 4.434397e-03 -2.121382e-03 9.999879e-01 -1.461767e+01
9.999979e-01 1.321313e-03 1.578412e-03 -2.291383e+00 -1.322231e-03 9.999990e-01 5.805327e-04 3.823748e-01 -1.577643e-03 -5.826178e-04 9.999986e-01 -1.408914e+01
9.999886e-01 -5.899724e-04 -4.727890e-03 -2.412295e+00 5.979636e-04 9.999984e-01 1.689052e-03 3.842402e-01 4.726886e-03 -1.691860e-03 9.999874e-01 -1.369402e+01
9.999992e-01 1.253119e-03 -2.191957e-04 -2.530210e+00 -1.253130e-03 9.999992e-01 -5.007281e-05 3.873562e-01 2.191330e-04 5.034813e-05 1.000000e+00 -1.352467e+01
9.999944e-01 -8.917214e-04 -3.212845e-03 -2.706091e+00 8.959615e-04 9.999987e-01 1.318612e-03 3.957815e-01 3.211664e-03 -1.321484e-03 9.999940e-01 -1.342243e+01
9.999979e-01 1.499621e-03 -1.385385e-03 -2.815421e+00 -1.499157e-03 9.999988e-01 3.354429e-04 3.974359e-01 1.385887e-03 -3.333646e-04 9.999990e-01 -1.323856e+01
9.999897e-01 -7.396293e-04 -4.480911e-03 -2.841657e+00 7.475788e-04 9.999981e-01 1.772720e-03 3.913770e-01 4.479591e-03 -1.776052e-03 9.999884e-01 -1.294387e+01
9.999951e-01 1.680466e-03 -2.633552e-03 -2.841622e+00 -1.679330e-03 9.999985e-01 4.337410e-04 3.847254e-01 2.634277e-03 -4.293156e-04 9.999964e-01 -1.264552e+01
9.999939e-01 -8.361550e-04 -3.400064e-03 -2.836010e+00 8.441885e-04 9.999969e-01 2.362064e-03 3.742761e-01 3.398078e-03 -2.364921e-03 9.999914e-01 -1.213793e+01
9.999978e-01 2.021596e-03 4.647231e-04 -2.883035e+00 -2.022595e-03 9.999956e-01 2.160855e-03 3.578255e-01 -4.603524e-04 -2.161790e-03 9.999976e-01 -1.110235e+01
9.999685e-01 -1.003528e-03 -7.874979e-03 -2.918383e+00 1.009077e-03 9.999992e-01 7.007181e-04 3.544465e-01 7.874269e-03 -7.086432e-04 9.999687e-01 -1.080427e+01
9.999977e-01 1.942545e-03 -8.743063e-04 -2.968850e+00 -1.942161e-03 9.999980e-01 4.404137e-04 3.584772e-01 8.751603e-04 -4.387139e-04 9.999995e-01 -1.099102e+01
9.999701e-01 -1.079878e-03 -7.659952e-03 -3.030949e+00 1.090271e-03 9.999985e-01 1.352759e-03 3.627171e-01 7.658479e-03 -1.361070e-03 9.999697e-01 -1.115125e+01
9.999973e-01 1.634190e-03 -1.665962e-03 -3.106018e+00 -1.634745e-03 9.999986e-01 -3.319843e-04 3.700942e-01 1.665417e-03 3.347075e-04 9.999986e-01 -1.145883e+01
9.999881e-01 -7.189683e-04 -4.823687e-03 -3.105637e+00 7.341685e-04 9.999948e-01 3.150168e-03 3.595351e-01 4.821396e-03 -3.153673e-03 9.999834e-01 -1.094771e+01
9.999940e-01 1.722750e-03 -3.021457e-03 -3.074056e+00 -1.722943e-03 9.999985e-01 -6.141156e-05 3.480486e-01 3.021347e-03 6.661767e-05 9.999954e-01 -1.046133e+01
9.999982e-01 -7.244012e-04 -1.770329e-03 -3.083268e+00 7.305289e-04 9.999937e-01 3.463302e-03 3.370941e-01 1.767809e-03 -3.464590e-03 9.999924e-01 -9.806253e+00
9.999908e-01 1.835202e-03 -3.872712e-03 -3.087523e+00 -1.834524e-03 9.999983e-01 1.786007e-04 3.243395e-01 3.873034e-03 -1.714938e-04 9.999925e-01 -9.099968e+00
9.999967e-01 -8.179855e-04 -2.441435e-03 -3.078459e+00 8.255953e-04 9.999948e-01 3.117667e-03 3.117932e-01 2.438872e-03 -3.119673e-03 9.999922e-01 -8.485426e+00
9.999888e-01 1.787000e-03 -4.378121e-03 -3.067016e+00 -1.788259e-03 9.999984e-01 -2.838272e-04 3.018875e-01 4.377607e-03 2.916539e-04 9.999904e-01 -8.016481e+00
9.999957e-01 -9.838368e-04 2.776586e-03 -3.158915e+00 9.743799e-04 9.999937e-01 3.405157e-03 2.952619e-01 -2.779919e-03 -3.402437e-03 9.999903e-01 -7.322245e+00
9.999749e-01 2.154941e-03 -6.747466e-03 -3.250888e+00 -2.151885e-03 9.999976e-01 4.600583e-04 2.878704e-01 6.748441e-03 -4.455264e-04 9.999771e-01 -6.560644e+00
9.999972e-01 -1.204698e-03 2.019472e-03 -3.294081e+00 1.199953e-03 9.999965e-01 2.348897e-03 2.820435e-01 -2.022295e-03 -2.346468e-03 9.999952e-01 -6.043168e+00
9.999593e-01 2.055722e-03 -8.782678e-03 -3.358276e+00 -2.059538e-03 9.999978e-01 -4.254694e-04 2.834870e-01 8.781784e-03 4.435410e-04 9.999613e-01 -5.943189e+00
9.999985e-01 -1.303876e-03 -1.144321e-03 -3.377960e+00 1.305916e-03 9.999976e-01 1.784052e-03 2.885928e-01 1.141992e-03 -1.785544e-03 9.999978e-01 -6.262231e+00
9.999487e-01 1.959956e-03 -9.937754e-03 -3.358420e+00 -1.960890e-03 9.999981e-01 -8.428399e-05 2.928646e-01 9.937570e-03 1.037672e-04 9.999506e-01 -6.623383e+00
9.999978e-01 -1.202048e-03 1.713933e-03 -3.365691e+00 1.198377e-03 9.999970e-01 2.141032e-03 2.887964e-01 -1.716502e-03 -2.138974e-03 9.999962e-01 -6.491336e+00
9.999649e-01 2.107315e-03 -8.103083e-03 -3.363927e+00 -2.103250e-03 9.999977e-01 5.102161e-04 2.801064e-01 8.104140e-03 -4.931547e-04 9.999670e-01 -6.038730e+00
9.999981e-01 -1.190460e-03 1.547542e-03 -3.353318e+00 1.186843e-03 9.999966e-01 2.336151e-03 2.695810e-01 -1.550318e-03 -2.334311e-03 9.999961e-01 -5.535999e+00
9.999548e-01 2.106078e-03 -9.275246e-03 -3.323717e+00 -2.101255e-03 9.999977e-01 5.297384e-04 2.581288e-01 9.276340e-03 -5.102241e-04 9.999568e-01 -5.060595e+00
9.999991e-01 -1.141843e-03 -7.567625e-04 -3.261627e+00 1.143561e-03 9.999968e-01 2.274002e-03 2.481870e-01 7.541632e-04 -2.274866e-03 9.999971e-01 -4.816976e+00
9.999659e-01 1.985863e-03 -8.014240e-03 -3.253646e+00 -1.987872e-03 9.999980e-01 -2.426444e-04 2.454995e-01 8.013743e-03 2.585681e-04 9.999679e-01 -4.773412e+00
9.999969e-01 -1.426370e-03 2.056314e-03 -3.351110e+00 1.423576e-03 9.999981e-01 1.359496e-03 2.508575e-01 -2.058250e-03 -1.356565e-03 9.999970e-01 -4.777169e+00
9.999633e-01 2.145267e-03 -8.289657e-03 -3.434550e+00 -2.147054e-03 9.999977e-01 -2.066873e-04 2.540696e-01 8.289195e-03 2.244787e-04 9.999656e-01 -4.763930e+00
9.999987e-01 -1.439376e-03 6.847077e-04 -3.469629e+00 1.438273e-03 9.999977e-01 1.608177e-03 2.538506e-01 -6.870211e-04 -1.607191e-03 9.999985e-01 -4.760370e+00
9.999695e-01 2.179567e-03 -7.503313e-03 -3.500033e+00 -2.179803e-03 9.999976e-01 -2.330147e-05 2.518252e-01 7.503245e-03 3.965717e-05 9.999718e-01 -4.641142e+00
9.999990e-01 -1.424680e-03 -1.330306e-04 -3.469543e+00 1.424969e-03 9.999966e-01 2.205088e-03 2.429398e-01 1.298883e-04 -2.205276e-03 9.999976e-01 -4.365089e+00
9.999641e-01 2.306877e-03 -8.157640e-03 -3.411899e+00 -2.302671e-03 9.999972e-01 5.248804e-04 2.301592e-01 8.158828e-03 -5.060766e-04 9.999666e-01 -3.939976e+00
9.999988e-01 -1.485610e-03 -3.942012e-04 -3.356877e+00 1.486404e-03 9.999969e-01 2.022334e-03 2.184126e-01 3.911953e-04 -2.022918e-03 9.999979e-01 -3.551055e+00
9.999496e-01 2.360391e-03 -9.754326e-03 -3.333029e+00 -2.362256e-03 9.999972e-01 -1.797243e-04 2.199147e-01 9.753874e-03 2.027581e-04 9.999524e-01 -3.790231e+00
9.999977e-01 -1.683773e-03 -1.320742e-03 -3.294891e+00 1.686123e-03 9.999970e-01 1.780533e-03 2.186689e-01 1.317739e-03 -1.782757e-03 9.999975e-01 -3.928212e+00
9.999562e-01 2.519878e-03 -9.008568e-03 -3.274817e+00 -2.517258e-03 9.999968e-01 3.021484e-04 2.206471e-01 9.009301e-03 -2.794577e-04 9.999594e-01 -4.199775e+00
9.999896e-01 -2.084163e-03 -4.047462e-03 -3.252412e+00 2.088996e-03 9.999971e-01 1.190229e-03 2.303280e-01 4.044970e-03 -1.198672e-03 9.999911e-01 -4.726723e+00
9.999715e-01 2.806795e-03 -7.007857e-03 -3.238231e+00 -2.804440e-03 9.999960e-01 3.458085e-04 2.361262e-01 7.008800e-03 -3.261449e-04 9.999754e-01 -5.123744e+00
9.999770e-01 -2.084610e-03 -6.459603e-03 -3.205017e+00 2.093314e-03 9.999969e-01 1.340975e-03 2.498335e-01 6.456788e-03 -1.354467e-03 9.999782e-01 -5.872660e+00
9.999647e-01 2.389376e-03 -8.061612e-03 -3.206489e+00 -2.387433e-03 9.999971e-01 2.506030e-04 2.668590e-01 8.062188e-03 -2.313470e-04 9.999675e-01 -6.665982e+00
9.999885e-01 -1.679280e-03 -4.498780e-03 -3.154275e+00 1.685206e-03 9.999977e-01 1.313762e-03 2.667077e-01 4.496564e-03 -1.321329e-03 9.999890e-01 -6.861864e+00
9.999584e-01 2.582927e-03 -8.745914e-03 -2.995443e+00 -2.571030e-03 9.999958e-01 1.371207e-03 2.651405e-01 8.749419e-03 -1.348664e-03 9.999608e-01 -7.197574e+00
9.999715e-01 -2.047165e-03 -7.265007e-03 -2.880356e+00 2.050627e-03 9.999978e-01 4.692703e-04 2.715068e-01 7.264030e-03 -4.841554e-04 9.999735e-01 -7.690498e+00
9.999961e-01 2.565811e-03 -1.135704e-03 -2.922629e+00 -2.564995e-03 9.999965e-01 7.197759e-04 2.754382e-01 1.137547e-03 -7.168593e-04 9.999991e-01 -7.857856e+00
9.999975e-01 -1.983403e-03 -1.074072e-03 -2.902181e+00 1.987624e-03 9.999903e-01 3.943028e-03 2.523806e-01 1.066241e-03 -3.945153e-03 9.999916e-01 -6.735013e+00
9.999773e-01 3.468170e-03 -5.778655e-03 -2.959279e+00 -3.452623e-03 9.999904e-01 2.698174e-03 2.374217e-01 5.787958e-03 -2.678160e-03 9.999797e-01 -5.656135e+00
9.999864e-01 -2.712386e-03 4.445664e-03 -3.059584e+00 2.708574e-03 9.999960e-01 8.631752e-04 2.275124e-01 -4.447987e-03 -8.511227e-04 9.999897e-01 -4.867807e+00
9.999043e-01 3.944626e-03 -1.326274e-02 -3.013515e+00 -3.888012e-03 9.999832e-01 4.291735e-03 2.140869e-01 1.327945e-02 -4.239758e-03 9.999028e-01 -4.208594e+00
9.999931e-01 -3.389259e-03 1.517889e-03 -3.041452e+00 3.393641e-03 9.999901e-01 -2.893548e-03 2.273719e-01 -1.508068e-03 2.898679e-03 9.999947e-01 -4.840203e+00
9.998999e-01 4.046516e-03 -1.355930e-02 -3.103808e+00 -3.986689e-03 9.999822e-01 4.436327e-03 2.506276e-01 1.357701e-02 -4.381826e-03 9.998982e-01 -5.873416e+00
9.999929e-01 -3.692078e-03 -7.855444e-04 -3.143307e+00 3.689757e-03 9.999889e-01 -2.934925e-03 2.706328e-01 7.963714e-04 2.932005e-03 9.999954e-01 -6.760977e+00
9.999510e-01 4.346361e-03 -8.890686e-03 -3.267307e+00 -4.309053e-03 9.999818e-01 4.211026e-03 2.912294e-01 8.908828e-03 -4.172509e-03 9.999516e-01 -7.566875e+00
9.999916e-01 -3.971202e-03 1.014956e-03 -3.573426e+00 3.974526e-03 9.999867e-01 -3.294471e-03 3.303790e-01 -1.001860e-03 3.298477e-03 9.999941e-01 -8.829014e+00
9.998778e-01 3.875840e-03 -1.514147e-02 -3.657730e+00 -3.803272e-03 9.999812e-01 4.818497e-03 3.580485e-01 1.515986e-02 -4.760320e-03 9.998738e-01 -9.953123e+00
9.997346e-01 -3.976222e-03 2.269105e-02 -4.187692e+00 4.073852e-03 9.999826e-01 -4.257980e-03 3.943473e-01 -2.267373e-02 4.349290e-03 9.997335e-01 -9.942553e+00
9.997979e-01 3.879585e-03 -1.972786e-02 -4.786092e+00 -3.761364e-03 9.999748e-01 6.026166e-03 4.364533e-01 1.975075e-02 -5.950743e-03 9.997872e-01 -9.734222e+00
9.998621e-01 -3.293076e-03 1.627412e-02 -4.845724e+00 3.349606e-03 9.999884e-01 -3.447570e-03 4.333400e-01 -1.626258e-02 3.501606e-03 9.998616e-01 -9.381507e+00
9.997140e-01 4.617523e-03 -2.346555e-02 -4.845600e+00 -4.430630e-03 9.999581e-01 8.010283e-03 4.215984e-01 2.350155e-02 -7.904024e-03 9.996926e-01 -8.646089e+00
9.998183e-01 -3.704456e-03 1.869674e-02 -4.877037e+00 3.807721e-03 9.999777e-01 -5.490580e-03 4.164228e-01 -1.867599e-02 5.560774e-03 9.998101e-01 -8.255896e+00
9.996610e-01 4.645802e-03 -2.561920e-02 -4.882377e+00 -4.444559e-03 9.999589e-01 7.906517e-03 4.103385e-01 2.565488e-02 -7.789970e-03 9.996405e-01 -7.955553e+00
9.998554e-01 -3.541224e-03 1.663205e-02 -4.873470e+00 3.643261e-03 9.999747e-01 -6.108737e-03 4.091088e-01 -1.661000e-02 6.168448e-03 9.998430e-01 -8.048895e+00
9.995448e-01 4.444062e-03 -2.984062e-02 -4.764212e+00 -4.203546e-03 9.999582e-01 8.117912e-03 4.071824e-01 2.987545e-02 -7.988780e-03 9.995217e-01 -8.266036e+00
9.997964e-01 -3.328901e-03 1.990126e-02 -4.740807e+00 3.455845e-03 9.999739e-01 -6.347723e-03 4.077954e-01 -1.987961e-02 6.415205e-03 9.997818e-01 -8.462560e+00
9.995029e-01 4.329688e-03 -3.122808e-02 -4.690326e+00 -4.077566e-03 9.999586e-01 8.132717e-03 4.060783e-01 3.126200e-02 -8.001339e-03 9.994792e-01 -8.607020e+00
9.997581e-01 -3.241722e-03 2.175290e-02 -4.590066e+00 3.364708e-03 9.999785e-01 -5.619554e-03 3.921630e-01 -2.173421e-02 5.691386e-03 9.997476e-01 -8.311529e+00
9.994801e-01 4.549907e-03 -3.191762e-02 -4.454704e+00 -4.278603e-03 9.999542e-01 8.563283e-03 3.747348e-01 3.195512e-02 -8.422268e-03 9.994538e-01 -7.961797e+00
9.997604e-01 -3.265612e-03 2.164236e-02 -4.332808e+00 3.386411e-03 9.999789e-01 -5.547307e-03 3.568463e-01 -2.162379e-02 5.619267e-03 9.997504e-01 -7.596276e+00
9.995344e-01 4.338555e-03 -3.020257e-02 -4.250476e+00 -4.092677e-03 9.999580e-01 8.198048e-03 3.414307e-01 3.023687e-02 -8.070621e-03 9.995102e-01 -7.193184e+00
9.997548e-01 -3.316142e-03 2.189617e-02 -4.172919e+00 3.445269e-03 9.999769e-01 -5.862164e-03 3.278757e-01 -2.187622e-02 5.936164e-03 9.997431e-01 -6.863551e+00
9.995380e-01 4.288592e-03 -3.008820e-02 -4.103679e+00 -4.038944e-03 9.999570e-01 8.353056e-03 3.149923e-01 3.012272e-02 -8.227672e-03 9.995123e-01 -6.526537e+00
9.997486e-01 -3.277363e-03 2.218147e-02 -4.052721e+00 3.414152e-03 9.999754e-01 -6.131750e-03 3.034782e-01 -2.216083e-02 6.205939e-03 9.997352e-01 -6.217695e+00
9.995395e-01 4.273871e-03 -3.004223e-02 -3.980420e+00 -4.022749e-03 9.999565e-01 8.414419e-03 2.900581e-01 3.007689e-02 -8.289691e-03 9.995132e-01 -5.877012e+00
9.996837e-01 -3.352212e-03 2.492713e-02 -3.928609e+00 3.485081e-03 9.999799e-01 -5.288806e-03 2.733205e-01 -2.490890e-02 5.374005e-03 9.996753e-01 -5.266307e+00
9.994814e-01 4.628099e-03 -3.186848e-02 -3.912911e+00 -4.353660e-03 9.999529e-01 8.675591e-03 2.608784e-01 3.190713e-02 -8.532347e-03 9.994544e-01 -4.694717e+00
9.997067e-01 -3.621814e-03 2.394597e-02 -3.875541e+00 3.771303e-03 9.999737e-01 -6.200558e-03 2.510589e-01 -2.392288e-02 6.289046e-03 9.996940e-01 -4.363543e+00
9.995178e-01 4.644474e-03 -3.070154e-02 -3.868086e+00 -4.384170e-03 9.999539e-01 8.540383e-03 2.444486e-01 3.073980e-02 -8.401664e-03 9.994921e-01 -4.066316e+00
9.996903e-01 -3.713456e-03 2.460881e-02 -3.883687e+00 3.867409e-03 9.999732e-01 -6.211420e-03 2.391667e-01 -2.458509e-02 6.304668e-03 9.996779e-01 -3.724372e+00
9.994993e-01 4.851829e-03 -3.126655e-02 -3.864365e+00 -4.570693e-03 9.999485e-01 9.056784e-03 2.291564e-01 3.130888e-02 -8.909339e-03 9.994700e-01 -3.282113e+00
9.996235e-01 -3.927589e-03 2.715737e-02 -3.915137e+00 4.099102e-03 9.999720e-01 -6.262760e-03 2.235776e-01 -2.713201e-02 6.371722e-03 9.996116e-01 -2.814770e+00
9.994138e-01 4.763697e-03 -3.390157e-02 -4.023640e+00 -4.484537e-03 9.999555e-01 8.305719e-03 2.276566e-01 3.393962e-02 -8.148817e-03 9.993907e-01 -2.742772e+00
9.996758e-01 -4.065156e-03 2.513639e-02 -4.093283e+00 4.245051e-03 9.999657e-01 -7.107564e-03 2.348370e-01 -2.510663e-02 7.211964e-03 9.996588e-01 -2.941546e+00
9.994329e-01 4.782108e-03 -3.333184e-02 -4.164803e+00 -4.508333e-03 9.999555e-01 8.283934e-03 2.403449e-01 3.336997e-02 -8.128964e-03 9.994100e-01 -3.078498e+00
9.996025e-01 -3.969821e-03 2.791295e-02 -4.228284e+00 4.164788e-03 9.999673e-01 -6.930162e-03 2.418330e-01 -2.788453e-02 7.043658e-03 9.995863e-01 -3.015389e+00
9.993882e-01 5.019970e-03 -3.461157e-02 -4.223418e+00 -4.699518e-03 9.999454e-01 9.333667e-03 2.338325e-01 3.465653e-02 -9.165299e-03 9.993573e-01 -2.699814e+00
9.995759e-01 -4.003463e-03 2.884450e-02 -4.216584e+00 4.195326e-03 9.999695e-01 -6.594215e-03 2.229637e-01 -2.881722e-02 6.712430e-03 9.995622e-01 -2.266639e+00
9.994386e-01 5.140873e-03 -3.310722e-02 -4.263159e+00 -4.820606e-03 9.999409e-01 9.746185e-03 2.146636e-01 3.315537e-02 -9.581116e-03 9.994043e-01 -1.710548e+00
9.996168e-01 -4.335837e-03 2.733965e-02 -4.386080e+00 4.546208e-03 9.999605e-01 -7.637269e-03 2.195133e-01 -2.730546e-02 7.758634e-03 9.995970e-01 -1.598028e+00
9.995334e-01 4.813906e-03 -3.016332e-02 -4.582491e+00 -4.549663e-03 9.999507e-01 8.822897e-03 2.313099e-01 3.020431e-02 -8.681547e-03 9.995060e-01 -1.559121e+00
9.996256e-01 -4.126691e-03 2.704706e-02 -4.700836e+00 4.307407e-03 9.999688e-01 -6.626724e-03 2.341474e-01 -2.701886e-02 6.740746e-03 9.996122e-01 -1.222104e+00
9.994006e-01 4.947218e-03 -3.426241e-02 -4.750959e+00 -4.662264e-03 9.999539e-01 8.391710e-03 2.351455e-01 3.430235e-02 -8.226940e-03 9.993776e-01 -1.159990e+00
9.996480e-01 -4.113664e-03 2.620943e-02 -4.753703e+00 4.297969e-03 9.999664e-01 -6.979586e-03 2.341858e-01 -2.617984e-02 7.089776e-03 9.996321e-01 -1.171546e+00
9.994395e-01 4.957178e-03 -3.310680e-02 -4.789007e+00 -4.672030e-03 9.999514e-01 8.684788e-03 2.337734e-01 3.314824e-02 -8.525244e-03 9.994141e-01 -1.095169e+00
9.996742e-01 -4.152026e-03 2.518485e-02 -4.817738e+00 4.330471e-03 9.999659e-01 -7.035036e-03 2.336362e-01 -2.515478e-02 7.141805e-03 9.996581e-01 -1.077311e+00
9.993553e-01 4.990880e-03 -3.555440e-02 -4.788103e+00 -4.686328e-03 9.999517e-01 8.643996e-03 2.342418e-01 3.559583e-02 -8.471803e-03 9.993304e-01 -1.196411e+00
9.995093e-01 -4.333017e-03 3.102298e-02 -4.879683e+00 4.561485e-03 9.999630e-01 -7.297507e-03 2.374970e-01 -3.099021e-02 7.435436e-03 9.994920e-01 -1.113848e+00
9.993799e-01 4.958597e-03 -3.485965e-02 -5.002211e+00 -4.641446e-03 9.999472e-01 9.172965e-03 2.408357e-01 3.490329e-02 -9.005477e-03 9.993501e-01 -9.077520e-01
9.996021e-01 -4.080988e-03 2.791173e-02 -5.001376e+00 4.278330e-03 9.999662e-01 -7.014188e-03 2.346808e-01 -2.788217e-02 7.130812e-03 9.995858e-01 -6.729813e-01
9.994448e-01 4.740423e-03 -3.297992e-02 -5.108523e+00 -4.456513e-03 9.999524e-01 8.676742e-03 2.386405e-01 3.301948e-02 -8.524949e-03 9.994184e-01 -5.563224e-01
9.996198e-01 -4.247082e-03 2.724221e-02 -5.288179e+00 4.456992e-03 9.999608e-01 -7.649265e-03 2.518386e-01 -2.720866e-02 7.767774e-03 9.995996e-01 -7.226336e-01
9.994283e-01 4.505868e-03 -3.350700e-02 -5.483425e+00 -4.221505e-03 9.999545e-01 8.552551e-03 2.679692e-01 3.354402e-02 -8.406212e-03 9.994019e-01 -9.822741e-01
9.995780e-01 -4.161526e-03 2.874990e-02 -5.727354e+00 4.387938e-03 9.999598e-01 -7.816680e-03 2.855799e-01 -2.871622e-02 7.939534e-03 9.995561e-01 -1.173433e+00
9.996917e-01 4.325725e-03 -2.444934e-02 -6.113657e+00 -4.108646e-03 9.999518e-01 8.921955e-03 3.111160e-01 2.448675e-02 -8.818750e-03 9.996613e-01 -1.022522e+00
9.991604e-01 -4.735372e-03 4.069445e-02 -6.832257e+00 5.009123e-03 9.999655e-01 -6.627673e-03 3.582013e-01 -4.066166e-02 6.825951e-03 9.991497e-01 -2.796092e-01
9.992905e-01 4.841445e-03 -3.735104e-02 -7.385236e+00 -4.497246e-03 9.999467e-01 9.293742e-03 3.966208e-01 3.739404e-02 -9.119170e-03 9.992590e-01 2.084948e-01
9.994997e-01 -4.302412e-03 3.133272e-02 -7.553194e+00 4.557764e-03 9.999569e-01 -8.082868e-03 4.090934e-01 -3.129659e-02 8.221631e-03 9.994763e-01 7.270540e-02
9.991691e-01 5.042502e-03 -4.044330e-02 -7.602750e+00 -4.663091e-03 9.999443e-01 9.470162e-03 4.162619e-01 4.048880e-02 -9.273702e-03 9.991370e-01 -1.931658e-01
9.994587e-01 -4.316734e-03 3.261397e-02 -7.703931e+00 4.589569e-03 9.999551e-01 -8.295363e-03 4.242174e-01 -3.257669e-02 8.440556e-03 9.994336e-01 -3.423097e-01
9.991716e-01 5.126418e-03 -4.037142e-02 -7.725922e+00 -4.733291e-03 9.999405e-01 9.827328e-03 4.256010e-01 4.041939e-02 -9.628097e-03 9.991364e-01 -3.595980e-01
9.995244e-01 -4.024826e-03 3.057506e-02 -7.738022e+00 4.278181e-03 9.999570e-01 -8.225452e-03 4.317656e-01 -3.054064e-02 8.352345e-03 9.994986e-01 -7.185383e-01
9.990423e-01 4.732424e-03 -4.349706e-02 -7.705700e+00 -4.307774e-03 9.999422e-01 9.851274e-03 4.386397e-01 4.354117e-02 -9.654464e-03 9.990050e-01 -1.143298e+00
9.995269e-01 -3.767409e-03 3.052576e-02 -7.651631e+00 4.013104e-03 9.999600e-01 -7.991547e-03 4.480819e-01 -3.049443e-02 8.110268e-03 9.995020e-01 -1.740540e+00
9.989676e-01 4.543277e-03 -4.519956e-02 -7.587133e+00 -4.097062e-03 9.999420e-01 9.959854e-03 4.608884e-01 4.524218e-02 -9.764386e-03 9.989283e-01 -2.461520e+00
9.995068e-01 -3.628587e-03 3.119253e-02 -7.523389e+00 3.883291e-03 9.999596e-01 -8.108882e-03 4.715584e-01 -3.116185e-02 8.226012e-03 9.994805e-01 -3.107071e+00
9.989837e-01 4.420203e-03 -4.485553e-02 -7.479550e+00 -3.980266e-03 9.999431e-01 9.892432e-03 4.815885e-01 4.489670e-02 -9.703841e-03 9.989445e-01 -3.712174e+00
9.995014e-01 -3.498586e-03 3.138017e-02 -7.388857e+00 3.749606e-03 9.999614e-01 -7.944054e-03 4.859485e-01 -3.135116e-02 8.057756e-03 9.994760e-01 -4.153637e+00
9.989469e-01 4.421817e-03 -4.566748e-02 -7.287244e+00 -3.973469e-03 9.999431e-01 9.903753e-03 4.908795e-01 4.570867e-02 -9.711864e-03 9.989076e-01 -4.624062e+00
9.993829e-01 -3.382219e-03 3.496218e-02 -7.282162e+00 3.668771e-03 9.999602e-01 -8.135170e-03 4.990812e-01 -3.493328e-02 8.258418e-03 9.993555e-01 -5.124923e+00
9.988694e-01 4.086678e-03 -4.736187e-02 -7.299795e+00 -3.634502e-03 9.999470e-01 9.629445e-03 5.112039e-01 4.739871e-02 -9.446421e-03 9.988314e-01 -5.682998e+00
9.993413e-01 -3.065972e-03 3.616145e-02 -7.300060e+00 3.357987e-03 9.999622e-01 -8.017351e-03 5.209186e-01 -3.613550e-02 8.133499e-03 9.993138e-01 -6.216170e+00
9.988518e-01 3.975756e-03 -4.774087e-02 -7.307603e+00 -3.513491e-03 9.999462e-01 9.762799e-03 5.343997e-01 4.777711e-02 -9.583852e-03 9.988120e-01 -6.912537e+00
9.993936e-01 -3.220038e-03 3.467031e-02 -7.296671e+00 3.498252e-03 9.999621e-01 -7.966901e-03 5.494777e-01 -3.464334e-02 8.083355e-03 9.993670e-01 -7.670391e+00
9.988883e-01 4.089515e-03 -4.696153e-02 -7.288535e+00 -3.636984e-03 9.999462e-01 9.717609e-03 5.633541e-01 4.699874e-02 -9.536008e-03 9.988494e-01 -8.381550e+00
9.994131e-01 -3.361653e-03 3.408939e-02 -7.307008e+00 3.639089e-03 9.999607e-01 -8.079708e-03 5.806187e-01 -3.406089e-02 8.199020e-03 9.993861e-01 -9.183791e+00
9.988738e-01 4.065702e-03 -4.727167e-02 -7.281095e+00 -3.608577e-03 9.999459e-01 9.751480e-03 5.903593e-01 4.730876e-02 -9.569913e-03 9.988345e-01 -9.737683e+00
9.993601e-01 -2.953935e-03 3.564699e-02 -7.201604e+00 3.228186e-03 9.999656e-01 -7.638454e-03 5.863552e-01 -3.562320e-02 7.748641e-03 9.993353e-01 -9.833884e+00
9.988038e-01 3.926961e-03 -4.874043e-02 -7.122283e+00 -3.457503e-03 9.999469e-01 9.712359e-03 5.940654e-01 4.877598e-02 -9.532220e-03 9.987643e-01 -1.042150e+01
9.993957e-01 -3.081910e-03 3.462235e-02 -7.083407e+00 3.355721e-03 9.999635e-01 -7.853209e-03 6.086859e-01 -3.459688e-02 7.964646e-03 9.993696e-01 -1.120709e+01
9.988502e-01 3.945921e-03 -4.777759e-02 -7.062314e+00 -3.487612e-03 9.999471e-01 9.672117e-03 6.217315e-01 4.781323e-02 -9.494366e-03 9.988112e-01 -1.190391e+01
9.993647e-01 -3.009812e-03 3.551271e-02 -7.089151e+00 3.293553e-03 9.999631e-01 -7.934051e-03 6.418805e-01 -3.548752e-02 8.045973e-03 9.993377e-01 -1.285691e+01
9.987933e-01 3.505336e-03 -4.898642e-02 -7.115646e+00 -3.044693e-03 9.999505e-01 9.474918e-03 6.579407e-01 4.901721e-02 -9.314336e-03 9.987545e-01 -1.357504e+01
9.992025e-01 -2.239351e-03 3.986768e-02 -7.148099e+00 2.561012e-03 9.999646e-01 -8.018988e-03 6.641636e-01 -3.984831e-02 8.114694e-03 9.991728e-01 -1.390255e+01
9.985672e-01 2.949626e-03 -5.343105e-02 -7.162717e+00 -2.435397e-03 9.999501e-01 9.686712e-03 6.823824e-01 5.345696e-02 -9.542707e-03 9.985246e-01 -1.472551e+01
9.991151e-01 -2.173748e-03 4.200257e-02 -7.230285e+00 2.520330e-03 9.999632e-01 -8.200283e-03 7.026724e-01 -4.198320e-02 8.298887e-03 9.990839e-01 -1.556544e+01
9.986368e-01 3.089674e-03 -5.210503e-02 -7.276147e+00 -2.566261e-03 9.999456e-01 1.010924e-02 7.276647e-01 5.213343e-02 -9.961744e-03 9.985904e-01 -1.665440e+01
9.993100e-01 -3.121824e-03 3.701026e-02 -7.256772e+00 3.431226e-03 9.999597e-01 -8.299350e-03 7.499417e-01 -3.698286e-02 8.420614e-03 9.992804e-01 -1.762917e+01
9.987262e-01 3.987280e-03 -5.030029e-02 -7.219448e+00 -3.490249e-03 9.999443e-01 9.965242e-03 7.603643e-01 5.033722e-02 -9.776987e-03 9.986844e-01 -1.820882e+01
9.992412e-01 -2.989423e-03 3.883436e-02 -7.173036e+00 3.317171e-03 9.999594e-01 -8.377968e-03 7.601821e-01 -3.880774e-02 8.500431e-03 9.992105e-01 -1.837609e+01
9.988460e-01 4.120891e-03 -4.784977e-02 -7.106233e+00 -3.623342e-03 9.999385e-01 1.048022e-02 7.502068e-01 4.789001e-02 -1.029475e-02 9.987996e-01 -1.816875e+01
9.992607e-01 -2.816975e-03 3.834165e-02 -7.088326e+00 3.144611e-03 9.999590e-01 -8.487566e-03 7.482102e-01 -3.831617e-02 8.601860e-03 9.992286e-01 -1.823716e+01
9.987424e-01 3.718232e-03 -4.999803e-02 -7.060675e+00 -3.208373e-03 9.999421e-01 1.027397e-02 7.554857e-01 5.003333e-02 -1.010063e-02 9.986965e-01 -1.871287e+01
9.993408e-01 -2.726997e-03 3.620256e-02 -6.983777e+00 3.038477e-03 9.999588e-01 -8.551596e-03 7.605099e-01 -3.617775e-02 8.655958e-03 9.993079e-01 -1.912450e+01
9.989526e-01 3.823027e-03 -4.559731e-02 -6.911431e+00 -3.344604e-03 9.999386e-01 1.056402e-02 7.513002e-01 4.563489e-02 -1.040045e-02 9.989040e-01 -1.896407e+01
9.993577e-01 -2.593146e-03 3.574221e-02 -6.834221e+00 2.890643e-03 9.999616e-01 -8.274268e-03 7.428525e-01 -3.571938e-02 8.372271e-03 9.993268e-01 -1.883235e+01
9.989117e-01 3.689405e-03 -4.649453e-02 -6.746714e+00 -3.220455e-03 9.999432e-01 1.015699e-02 7.360426e-01 4.652937e-02 -9.996204e-03 9.988669e-01 -1.879346e+01
9.992776e-01 -2.582564e-03 3.791659e-02 -6.685035e+00 2.894407e-03 9.999624e-01 -8.171870e-03 7.261664e-01 -3.789406e-02 8.275712e-03 9.992475e-01 -1.857228e+01
9.989171e-01 3.739147e-03 -4.637461e-02 -6.621531e+00 -3.263464e-03 9.999413e-01 1.032886e-02 7.157111e-01 4.641051e-02 -1.016633e-02 9.988707e-01 -1.831960e+01
9.992588e-01 -2.633938e-03 3.840575e-02 -6.557234e+00 2.949018e-03 9.999624e-01 -8.149660e-03 7.041115e-01 -3.838285e-02 8.256878e-03 9.992290e-01 -1.802191e+01
9.989210e-01 3.769106e-03 -4.628860e-02 -6.533339e+00 -3.305886e-03 9.999437e-01 1.007968e-02 6.970788e-01 4.632399e-02 -9.915774e-03 9.988773e-01 -1.784981e+01
9.992931e-01 -2.605337e-03 3.750240e-02 -6.508998e+00 2.913035e-03 9.999625e-01 -8.152474e-03 6.929910e-01 -3.747976e-02 8.255956e-03 9.992633e-01 -1.783884e+01
9.986746e-01 3.761188e-03 -5.133083e-02 -6.389541e+00 -3.246386e-03 9.999436e-01 1.010878e-02 6.943952e-01 5.136596e-02 -9.928746e-03 9.986305e-01 -1.816544e+01
9.992920e-01 -2.543351e-03 3.753672e-02 -6.310503e+00 2.849268e-03 9.999631e-01 -8.098567e-03 7.077009e-01 -3.751474e-02 8.199785e-03 9.992624e-01 -1.893138e+01
9.985163e-01 3.259243e-03 -5.435685e-02 -6.229764e+00 -2.705944e-03 9.999438e-01 1.024948e-02 7.282078e-01 5.438720e-02 -1.008718e-02 9.984690e-01 -2.000555e+01
9.992979e-01 -2.230241e-03 3.739889e-02 -6.117998e+00 2.532533e-03 9.999645e-01 -8.037514e-03 7.496613e-01 -3.737964e-02 8.126584e-03 9.992681e-01 -2.115397e+01
9.986151e-01 3.128968e-03 -5.251803e-02 -6.117926e+00 -2.589415e-03 9.999432e-01 1.033856e-02 7.837247e-01 5.254740e-02 -1.018825e-02 9.985665e-01 -2.273271e+01
9.994261e-01 -3.122557e-03 3.373095e-02 -6.118638e+00 3.405550e-03 9.999595e-01 -8.335539e-03 8.180561e-01 -3.370356e-02 8.445627e-03 9.993962e-01 -2.423003e+01
9.986680e-01 4.319064e-03 -5.141652e-02 -5.960589e+00 -3.745801e-03 9.999298e-01 1.124053e-02 8.484908e-01 5.146146e-02 -1.103296e-02 9.986140e-01 -2.583290e+01
9.996373e-01 -4.179870e-03 2.660312e-02 -5.753045e+00 4.414638e-03 9.999518e-01 -8.772266e-03 8.708575e-01 -2.656517e-02 8.886527e-03 9.996076e-01 -2.701053e+01
9.991952e-01 5.078925e-03 -3.978940e-02 -5.688625e+00 -4.659224e-03 9.999326e-01 1.063369e-02 8.792965e-01 3.984072e-02 -1.043974e-02 9.991515e-01 -2.756213e+01
9.996485e-01 -4.108872e-03 2.619203e-02 -5.619492e+00 4.340333e-03 9.999520e-01 -8.786415e-03 8.886632e-01 -2.615467e-02 8.897008e-03 9.996183e-01 -2.815955e+01
9.991787e-01 4.914057e-03 -4.022130e-02 -5.529126e+00 -4.489934e-03 9.999334e-01 1.062827e-02 8.936187e-01 4.027085e-02 -1.043895e-02 9.991343e-01 -2.857078e+01
9.996406e-01 -3.852754e-03 2.652934e-02 -5.421375e+00 4.085916e-03 9.999535e-01 -8.740264e-03 9.008193e-01 -2.649443e-02 8.845519e-03 9.996098e-01 -2.909320e+01
9.989755e-01 4.456986e-03 -4.503503e-02 -5.211071e+00 -3.960405e-03 9.999304e-01 1.110975e-02 9.160284e-01 4.508141e-02 -1.092001e-02 9.989236e-01 -3.005631e+01
9.996141e-01 -3.610757e-03 2.754113e-02 -5.108402e+00 3.860436e-03 9.999519e-01 -9.017917e-03 9.296308e-01 -2.750724e-02 9.120758e-03 9.995800e-01 -3.082923e+01
9.991685e-01 4.398432e-03 -4.053227e-02 -5.041236e+00 -3.966821e-03 9.999346e-01 1.072285e-02 9.344954e-01 4.057679e-02 -1.055315e-02 9.991207e-01 -3.122389e+01
9.996013e-01 -3.365390e-03 2.803359e-02 -4.941732e+00 3.615928e-03 9.999539e-01 -8.891188e-03 9.324141e-01 -2.800237e-02 8.989010e-03 9.995674e-01 -3.139235e+01
9.991870e-01 4.283070e-03 -4.008788e-02 -4.830654e+00 -3.841980e-03 9.999313e-01 1.107363e-02 9.322948e-01 4.013256e-02 -1.091061e-02 9.991348e-01 -3.167522e+01
9.996078e-01 -3.175164e-03 2.782449e-02 -4.741492e+00 3.432671e-03 9.999517e-01 -9.211855e-03 9.292845e-01 -2.779390e-02 9.303754e-03 9.995704e-01 -3.178671e+01
9.992550e-01 4.433395e-03 -3.833725e-02 -4.646815e+00 -3.994974e-03 9.999258e-01 1.150494e-02 9.226942e-01 3.838541e-02 -1.134321e-02 9.991986e-01 -3.180821e+01
9.996765e-01 -3.353984e-03 2.521322e-02 -4.509689e+00 3.591188e-03 9.999497e-01 -9.368593e-03 9.200960e-01 -2.518053e-02 9.456107e-03 9.996382e-01 -3.204090e+01
9.992807e-01 4.424909e-03 -3.766171e-02 -4.388614e+00 -3.993404e-03 9.999256e-01 1.152490e-02 9.187902e-01 3.770990e-02 -1.136621e-02 9.992241e-01 -3.231472e+01
9.996719e-01 -3.474645e-03 2.537562e-02 -4.336143e+00 3.722729e-03 9.999457e-01 -9.735837e-03 9.257688e-01 -2.534041e-02 9.827109e-03 9.996306e-01 -3.282462e+01
9.992479e-01 4.482982e-03 -3.851698e-02 -4.247134e+00 -4.039117e-03 9.999246e-01 1.159396e-02 9.275928e-01 3.856605e-02 -1.142966e-02 9.991907e-01 -3.317029e+01
9.996247e-01 -3.241293e-03 2.720177e-02 -4.101600e+00 3.488086e-03 9.999531e-01 -9.030149e-03 9.158299e-01 -2.717123e-02 9.121642e-03 9.995892e-01 -3.306890e+01
9.991782e-01 4.235672e-03 -4.031192e-02 -3.998782e+00 -3.797099e-03 9.999328e-01 1.094984e-02 9.210195e-01 4.035559e-02 -1.078777e-02 9.991271e-01 -3.353544e+01
9.996667e-01 -3.309267e-03 2.560375e-02 -3.848107e+00 3.538223e-03 9.999541e-01 -8.902168e-03 9.237636e-01 -2.557312e-02 8.989792e-03 9.996325e-01 -3.395509e+01
9.992427e-01 4.378850e-03 -3.866243e-02 -3.733374e+00 -3.960162e-03 9.999328e-01 1.089925e-02 9.266332e-01 3.870756e-02 -1.073789e-02 9.991929e-01 -3.437108e+01
9.996643e-01 -3.513843e-03 2.566957e-02 -3.678488e+00 3.747135e-03 9.999521e-01 -9.045850e-03 9.349226e-01 -2.563655e-02 9.139001e-03 9.996296e-01 -3.492859e+01
9.992842e-01 4.418575e-03 -3.757107e-02 -3.660047e+00 -4.016046e-03 9.999338e-01 1.078251e-02 9.433030e-01 3.761623e-02 -1.062390e-02 9.992358e-01 -3.545075e+01
9.996290e-01 -3.480151e-03 2.701264e-02 -3.713598e+00 3.728174e-03 9.999513e-01 -9.136868e-03 9.605211e-01 -2.697953e-02 9.234186e-03 9.995933e-01 -3.623452e+01
9.992137e-01 4.773859e-03 -3.935903e-02 -3.742114e+00 -4.316306e-03 9.999222e-01 1.170188e-02 9.992213e-01 3.941183e-02 -1.152280e-02 9.991566e-01 -3.795963e+01
