9.999989e-01 -1.473734e-03 3.437446e-05 1.247051e-02 1.473714e-03 9.999988e-01 5.703623e-04 -2.359524e-02 -3.521532e-05 -5.703117e-04 9.999998e-01 1.119362e+00
9.999998e-01 -5.830505e-05 6.310362e-04 1.089597e-02 5.824290e-05 1.000000e+00 9.854420e-05 -4.701201e-02 -6.310416e-04 -9.850671e-05 9.999998e-01 2.290342e+00
9.999974e-01 -1.053219e-03 -2.011506e-03 2.297121e-02 1.054017e-03 9.999994e-01 3.958079e-04 -6.621404e-02 2.011088e-03 -3.979278e-04 9.999979e-01 3.167404e+00
9.999955e-01 -4.041114e-04 2.975335e-03 -6.348843e-02 4.037447e-04 9.999999e-01 1.238498e-04 -7.809853e-02 -2.975385e-03 -1.226473e-04 9.999956e-01 4.146440e+00
9.999993e-01 -1.182692e-03 -3.118095e-04 -1.690577e-01 1.182781e-03 9.999993e-01 2.882697e-04 -8.822670e-02 3.114680e-04 -2.886390e-04 9.999999e-01 5.204893e+00
9.999893e-01 -9.235071e-04 4.543060e-03 -2.274254e-01 9.223497e-04 9.999995e-01 2.568464e-04 -1.062626e-01 -4.543295e-03 -2.526526e-04 9.999896e-01 6.461027e+00
9.999993e-01 -8.673992e-04 -7.812671e-04 -2.436158e-01 8.676296e-04 9.999996e-01 2.946327e-04 -1.329259e-01 7.810108e-04 -2.953111e-04 9.999997e-01 7.901354e+00
9.999961e-01 -6.307210e-04 2.709894e-03 -2.515329e-01 6.297359e-04 9.999997e-01 3.643579e-04 -1.590576e-01 -2.710122e-03 -3.626493e-04 9.999963e-01 9.245401e+00
9.999982e-01 -8.526104e-04 -1.672167e-03 -2.560548e-01 8.530707e-04 9.999996e-01 2.745729e-04 -1.818120e-01 1.671931e-03 -2.759996e-04 9.999986e-01 1.040391e+01
9.999967e-01 -7.101161e-04 2.461736e-03 -2.460385e-01 7.094302e-04 9.999997e-01 2.795087e-04 -2.052903e-01 -2.461933e-03 -2.777607e-04 9.999969e-01 1.156451e+01
9.999983e-01 -7.541082e-04 -1.658321e-03 -2.270863e-01 7.543879e-04 9.999997e-01 1.680482e-04 -2.307493e-01 1.658194e-03 -1.692997e-04 9.999986e-01 1.277621e+01
9.999958e-01 -7.166350e-04 2.803985e-03 -2.278635e-01 7.156760e-04 9.999997e-01 3.430025e-04 -2.532883e-01 -2.804230e-03 -3.409936e-04 9.999960e-01 1.391715e+01
9.999936e-01 -4.999724e-04 -3.533905e-03 -2.005785e-01 5.001082e-04 9.999999e-01 3.753020e-05 -2.764114e-01 3.533886e-03 -3.929801e-05 9.999938e-01 1.495042e+01
9.999865e-01 -1.066192e-03 5.086244e-03 -1.919558e-01 1.063530e-03 9.999993e-01 5.260238e-04 -3.029420e-01 -5.086801e-03 -5.206066e-04 9.999869e-01 1.626636e+01
9.999865e-01 -2.075798e-04 -5.189069e-03 -1.715999e-01 2.071218e-04 1.000000e+00 -8.879653e-05 -3.264257e-01 5.189087e-03 8.771985e-05 9.999865e-01 1.735001e+01
9.999522e-01 -1.902060e-03 9.593252e-03 -2.072006e-01 1.893717e-03 9.999978e-01 8.786708e-04 -3.535749e-01 -9.594902e-03 -8.604612e-04 9.999536e-01 1.888542e+01
9.999946e-01 -3.470261e-04 -3.270269e-03 -2.481092e-01 3.463540e-04 9.999999e-01 -2.060783e-04 -3.835669e-01 3.270340e-03 2.049438e-04 9.999946e-01 2.061301e+01
9.999732e-01 -1.551619e-03 7.153649e-03 -2.503468e-01 1.546150e-03 9.999985e-01 7.700558e-04 -4.128400e-01 -7.154833e-03 -7.589739e-04 9.999741e-01 2.213844e+01
9.999888e-01 -1.835249e-04 -4.739040e-03 -2.512073e-01 1.819753e-04 9.999999e-01 -3.274229e-04 -4.391351e-01 4.739100e-03 3.265561e-04 9.999887e-01 2.346334e+01
9.999748e-01 -1.475922e-03 6.949652e-03 -2.687821e-01 1.469333e-03 9.999985e-01 9.531839e-04 -4.618442e-01 -6.951048e-03 -9.429477e-04 9.999754e-01 2.468834e+01
9.999923e-01 -2.817559e-04 -3.922227e-03 -2.789081e-01 2.803772e-04 9.999999e-01 -3.520502e-04 -4.866713e-01 3.922325e-03 3.509470e-04 9.999922e-01 2.601791e+01
9.999859e-01 -1.184973e-03 5.182295e-03 -2.925435e-01 1.179269e-03 9.999987e-01 1.103605e-03 -5.112367e-01 -5.183595e-03 -1.097478e-03 9.999860e-01 2.728408e+01
9.999860e-01 -2.115144e-04 -5.277853e-03 -2.809189e-01 2.086523e-04 9.999998e-01 -5.428254e-04 -5.361496e-01 5.277966e-03 5.417159e-04 9.999859e-01 2.845736e+01
9.999825e-01 -1.305518e-03 5.765199e-03 -2.600354e-01 1.299758e-03 9.999987e-01 1.002775e-03 -5.611814e-01 -5.766500e-03 -9.952635e-04 9.999829e-01 2.964468e+01
9.999923e-01 -3.165801e-04 -3.916375e-03 -2.612775e-01 3.150591e-04 9.999999e-01 -3.889853e-04 -5.863532e-01 3.916498e-03 3.877477e-04 9.999923e-01 3.093979e+01
9.999779e-01 -1.396166e-03 6.496511e-03 -2.679074e-01 1.389410e-03 9.999985e-01 1.044311e-03 -6.123683e-01 -6.497959e-03 -1.035261e-03 9.999784e-01 3.230879e+01
9.999888e-01 -1.967589e-04 -4.722815e-03 -2.641351e-01 1.942898e-04 9.999998e-01 -5.232508e-04 -6.372622e-01 4.722917e-03 5.223266e-04 9.999887e-01 3.356250e+01
9.999875e-01 -1.277842e-03 4.842207e-03 -2.532282e-01 1.272675e-03 9.999986e-01 1.069954e-03 -6.602734e-01 -4.843567e-03 -1.063777e-03 9.999877e-01 3.466592e+01
9.999907e-01 -2.246769e-04 -4.314526e-03 -2.432247e-01 2.221800e-04 9.999998e-01 -5.792048e-04 -6.829031e-01 4.314655e-03 5.782401e-04 9.999905e-01 3.577131e+01
9.999885e-01 -1.188816e-03 4.645695e-03 -2.185315e-01 1.184603e-03 9.999989e-01 9.095312e-04 -7.073393e-01 -4.646770e-03 -9.040167e-04 9.999888e-01 3.690026e+01
9.999870e-01 -2.936655e-04 -5.099578e-03 -1.847157e-01 2.915474e-04 9.999999e-01 -4.160861e-04 -7.340205e-01 5.099699e-03 4.145932e-04 9.999869e-01 3.808746e+01
9.999829e-01 -1.174423e-03 5.730080e-03 -1.548178e-01 1.170124e-03 9.999990e-01 7.534866e-04 -7.609450e-01 -5.730959e-03 -7.467681e-04 9.999833e-01 3.931591e+01
9.999938e-01 -6.333990e-04 -3.471614e-03 -1.581670e-01 6.333679e-04 9.999998e-01 -1.006872e-05 -7.903291e-01 3.471619e-03 7.869147e-06 9.999940e-01 4.079754e+01
9.999803e-01 -1.153684e-03 6.163959e-03 -1.689638e-01 1.149303e-03 9.999991e-01 7.143607e-04 -8.191094e-01 -6.164777e-03 -7.072617e-04 9.999807e-01 4.228241e+01
9.999881e-01 -5.379777e-04 -4.844208e-03 -1.516502e-01 5.372194e-04 9.999998e-01 -1.578285e-04 -8.486776e-01 4.844291e-03 1.552235e-04 9.999883e-01 4.369131e+01
9.999818e-01 -1.109551e-03 5.929087e-03 -1.357953e-01 1.104831e-03 9.999991e-01 7.991499e-04 -8.773049e-01 -5.929968e-03 -7.925840e-04 9.999821e-01 4.506952e+01
9.999866e-01 -4.182348e-04 -5.158182e-03 -1.086234e-01 4.168758e-04 9.999999e-01 -2.645352e-04 -9.066011e-01 5.158292e-03 2.623806e-04 9.999867e-01 4.642934e+01
9.999854e-01 -9.852712e-04 5.315558e-03 -8.041582e-02 9.816519e-04 9.999993e-01 6.834494e-04 -9.337378e-01 -5.316227e-03 -6.782207e-04 9.999856e-01 4.766303e+01
9.999791e-01 -3.748103e-04 -6.451863e-03 -5.539639e-02 3.741427e-04 9.999999e-01 -1.046797e-04 -9.573209e-01 6.451902e-03 1.022628e-04 9.999792e-01 4.872802e+01
9.999773e-01 -1.075339e-03 6.648247e-03 -4.346793e-02 1.070822e-03 9.999992e-01 6.828495e-04 -9.830092e-01 -6.648975e-03 -6.757143e-04 9.999777e-01 4.996042e+01
9.999767e-01 -3.823824e-04 -6.811491e-03 -1.897369e-02 3.817049e-04 9.999999e-01 -1.007571e-04 -1.010403e+00 6.811529e-03 9.815408e-05 9.999768e-01 5.122314e+01
9.999770e-01 -1.125043e-03 6.692299e-03 1.785698e-02 1.121262e-03 9.999992e-01 5.686585e-04 -1.038691e+00 -6.692933e-03 -5.611409e-04 9.999774e-01 5.250386e+01
9.999725e-01 -2.257887e-04 -7.409814e-03 5.549968e-02 2.253151e-04 1.000000e+00 -6.474508e-05 -1.066171e+00 7.409828e-03 6.307305e-05 9.999725e-01 5.371647e+01
9.999802e-01 -1.119441e-03 6.190422e-03 9.549569e-02 1.116171e-03 9.999992e-01 5.317758e-04 -1.091987e+00 -6.191012e-03 -5.248550e-04 9.999807e-01 5.483854e+01
9.999702e-01 2.742333e-05 -7.721666e-03 1.388812e-01 -3.026829e-05 9.999999e-01 -3.683217e-04 -1.115988e+00 7.721655e-03 3.685438e-04 9.999701e-01 5.580124e+01
9.999753e-01 -1.394807e-03 6.881890e-03 1.645594e-01 1.388059e-03 9.999986e-01 9.852220e-04 -1.142275e+00 -6.883254e-03 -9.756445e-04 9.999758e-01 5.698821e+01
9.999708e-01 -3.175579e-05 -7.638103e-03 1.880572e-01 2.724372e-05 9.999998e-01 -5.908352e-04 -1.165339e+00 7.638120e-03 5.906091e-04 9.999707e-01 5.804129e+01
9.999655e-01 -1.624593e-03 8.140829e-03 2.192958e-01 1.615943e-03 9.999981e-01 1.069090e-03 -1.194242e+00 -8.142550e-03 -1.055898e-03 9.999663e-01 5.938710e+01
9.999858e-01 -4.030577e-04 -5.305187e-03 2.309565e-01 4.010148e-04 9.999998e-01 -3.861472e-04 -1.228341e+00 5.305341e-03 3.840136e-04 9.999859e-01 6.108638e+01
9.999726e-01 -1.172506e-03 7.307081e-03 2.500885e-01 1.167545e-03 9.999991e-01 6.830364e-04 -1.259945e+00 -7.307875e-03 -6.744856e-04 9.999731e-01 6.259832e+01
9.999609e-01 -8.947108e-05 -8.839166e-03 3.006007e-01 8.543594e-05 9.999999e-01 -4.568845e-04 -1.285605e+00 8.839205e-03 4.561108e-04 9.999608e-01 6.365468e+01
9.999618e-01 -1.511652e-03 8.606557e-03 3.310197e-01 1.504284e-03 9.999985e-01 8.625410e-04 -1.312966e+00 -8.607848e-03 -8.495606e-04 9.999626e-01 6.490487e+01
9.999684e-01 -1.256186e-04 -7.945955e-03 3.589014e-01 1.218216e-04 9.999999e-01 -4.783314e-04 -1.341249e+00 7.946014e-03 4.773476e-04 9.999683e-01 6.621579e+01
9.999800e-01 -1.117975e-03 6.232586e-03 3.988307e-01 1.112376e-03 9.999990e-01 9.017584e-04 -1.367469e+00 -6.233587e-03 -8.948067e-04 9.999802e-01 6.733228e+01
9.999589e-01 2.980283e-04 -9.066798e-03 4.488604e-01 -3.054691e-04 9.999996e-01 -8.192941e-04 -1.386680e+00 9.066550e-03 8.220293e-04 9.999586e-01 6.804411e+01
9.999638e-01 -1.630260e-03 8.345414e-03 4.453171e-01 1.619494e-03 9.999978e-01 1.296647e-03 -1.397129e+00 -8.347510e-03 -1.283084e-03 9.999643e-01 6.855451e+01
9.999580e-01 3.377672e-04 -9.158084e-03 4.564917e-01 -3.448479e-04 9.999996e-01 -7.715950e-04 -1.417225e+00 9.157819e-03 7.747201e-04 9.999578e-01 6.949353e+01
9.999576e-01 -1.760109e-03 9.034385e-03 4.782004e-01 1.749153e-03 9.999977e-01 1.220492e-03 -1.440870e+00 -9.036512e-03 -1.204637e-03 9.999584e-01 7.058197e+01
9.999318e-01 7.893270e-04 -1.165507e-02 5.095580e-01 -7.979640e-04 9.999994e-01 -7.364172e-04 -1.462119e+00 1.165448e-02 7.456666e-04 9.999318e-01 7.146046e+01
9.999675e-01 -1.705816e-03 7.882869e-03 5.590755e-01 1.697464e-03 9.999980e-01 1.066146e-03 -1.478972e+00 -7.884671e-03 -1.052730e-03 9.999684e-01 7.202786e+01
9.999558e-01 1.518416e-04 -9.403733e-03 6.157566e-01 -1.559871e-04 9.999999e-01 -4.401002e-04 -1.483469e+00 9.403665e-03 4.415469e-04 9.999557e-01 7.202569e+01
9.999800e-01 -1.066097e-03 6.229619e-03 6.910659e-01 1.061371e-03 9.999991e-01 7.619146e-04 -1.502103e+00 -6.230425e-03 -7.552868e-04 9.999803e-01 7.264990e+01
9.999693e-01 -2.056414e-04 -7.835536e-03 7.475168e-01 2.013327e-04 9.999998e-01 -5.506836e-04 -1.529399e+00 7.835648e-03 5.490884e-04 9.999692e-01 7.376161e+01
9.999922e-01 -7.454122e-04 3.877067e-03 8.084241e-01 7.431851e-04 9.999996e-01 5.758472e-04 -1.548048e+00 -3.877494e-03 -5.729606e-04 9.999923e-01 7.443764e+01
9.999882e-01 -1.041408e-03 -4.736820e-03 8.802993e-01 1.040742e-03 9.999994e-01 -1.430829e-04 -1.557236e+00 4.736966e-03 1.381507e-04 9.999888e-01 7.470734e+01
9.999991e-01 3.854305e-05 1.377362e-03 9.148171e-01 -3.930698e-05 9.999998e-01 5.546175e-04 -1.579430e+00 -1.377340e-03 -5.546705e-04 9.999989e-01 7.559392e+01
9.999832e-01 -8.939653e-04 -5.733687e-03 9.413914e-01 8.940370e-04 9.999996e-01 9.946746e-06 -1.596234e+00 5.733676e-03 -1.507340e-05 9.999836e-01 7.625161e+01
9.999961e-01 -2.144375e-04 2.768339e-03 9.572657e-01 2.129152e-04 9.999998e-01 5.501643e-04 -1.614525e+00 -2.768456e-03 -5.495721e-04 9.999960e-01 7.705002e+01
9.999812e-01 -8.322631e-04 -6.075652e-03 9.841851e-01 8.319917e-04 9.999997e-01 -4.719548e-05 -1.632961e+00 6.075689e-03 4.213901e-05 9.999815e-01 7.781624e+01
9.999972e-01 -1.378369e-04 2.367790e-03 1.015412e+00 1.365124e-04 9.999998e-01 5.595667e-04 -1.651487e+00 -2.367866e-03 -5.592412e-04 9.999970e-01 7.855883e+01
9.999839e-01 -9.866309e-04 -5.587915e-03 1.053471e+00 9.859070e-04 9.999995e-01 -1.323057e-04 -1.671414e+00 5.588042e-03 1.267937e-04 9.999844e-01 7.936231e+01
9.999975e-01 -1.365850e-04 2.228295e-03 1.099672e+00 1.352003e-04 9.999998e-01 6.215543e-04 -1.693603e+00 -2.228379e-03 -6.212507e-04 9.999973e-01 8.024522e+01
9.999891e-01 -1.077984e-03 -4.548850e-03 1.140210e+00 1.077334e-03 9.999994e-01 -1.453400e-04 -1.718181e+00 4.549003e-03 1.404371e-04 9.999896e-01 8.126835e+01
9.999986e-01 -1.265187e-04 1.673583e-03 1.177342e+00 1.255094e-04 9.999998e-01 6.031413e-04 -1.738465e+00 -1.673659e-03 -6.029297e-04 9.999984e-01 8.210695e+01
9.999900e-01 -1.027515e-03 -4.359461e-03 1.220686e+00 1.026760e-03 9.999995e-01 -1.753526e-04 -1.760953e+00 4.359638e-03 1.708740e-04 9.999905e-01 8.301891e+01
9.999999e-01 -1.009224e-05 5.036367e-04 1.272776e+00 9.771947e-06 9.999998e-01 6.360014e-04 -1.783038e+00 -5.036426e-04 -6.359957e-04 9.999997e-01 8.386206e+01
9.999833e-01 -6.268649e-04 -5.751962e-03 1.333920e+00 6.241805e-04 9.999997e-01 -4.684699e-04 -1.799581e+00 5.752253e-03 4.648711e-04 9.999833e-01 8.438823e+01
9.999992e-01 -4.096187e-04 1.168580e-03 1.377462e+00 4.085498e-04 9.999995e-01 9.148177e-04 -1.817648e+00 -1.168953e-03 -9.143389e-04 9.999989e-01 8.504815e+01
9.999951e-01 -8.957975e-04 -3.000651e-03 1.400891e+00 8.947822e-04 9.999995e-01 -3.396710e-04 -1.842028e+00 3.000954e-03 3.369837e-04 9.999954e-01 8.611907e+01
9.999996e-01 -2.935733e-05 -8.758706e-04 1.446672e+00 2.987499e-05 9.999998e-01 5.909932e-04 -1.862029e+00 8.758535e-04 -5.910185e-04 9.999994e-01 8.685817e+01
9.999977e-01 -1.235626e-03 -1.777201e-03 1.463419e+00 1.235658e-03 9.999992e-01 1.697529e-05 -1.880820e+00 1.777179e-03 -1.917195e-05 9.999984e-01 8.767524e+01
9.999994e-01 -2.112625e-04 1.076555e-03 1.465240e+00 2.106606e-04 9.999998e-01 5.591559e-04 -1.901643e+00 -1.076673e-03 -5.589281e-04 9.999993e-01 8.867516e+01
9.999916e-01 -7.915135e-04 -4.025128e-03 1.478388e+00 7.914093e-04 9.999997e-01 -2.747632e-05 -1.920025e+00 4.025148e-03 2.428987e-05 9.999919e-01 8.947562e+01
1.000000e+00 -1.204500e-04 -2.298674e-04 1.489065e+00 1.205929e-04 9.999998e-01 6.216465e-04 -1.934940e+00 2.297928e-04 -6.216735e-04 9.999998e-01 9.009243e+01
9.999914e-01 -5.800800e-04 -4.104576e-03 1.526482e+00 5.785132e-04 9.999998e-01 -3.828966e-04 -1.950973e+00 4.104797e-03 3.805181e-04 9.999915e-01 9.066890e+01
9.999992e-01 -8.409542e-05 -1.289828e-03 1.601951e+00 8.491768e-05 9.999998e-01 6.374322e-04 -1.968060e+00 1.289775e-03 -6.375405e-04 9.999990e-01 9.119827e+01
9.999951e-01 -1.029428e-03 -2.959451e-03 1.654772e+00 1.028910e-03 9.999995e-01 -1.765524e-04 -1.990027e+00 2.959631e-03 1.735058e-04 9.999956e-01 9.203477e+01
1.000000e+00 -1.361466e-04 -2.843764e-04 1.695283e+00 1.363279e-04 9.999998e-01 6.374619e-04 -2.011943e+00 2.842900e-04 -6.374999e-04 9.999998e-01 9.292625e+01
9.999933e-01 -7.486364e-04 -3.592076e-03 1.702653e+00 7.486662e-04 9.999997e-01 6.958439e-06 -2.028780e+00 3.592070e-03 -9.648347e-06 9.999935e-01 9.364366e+01
9.999996e-01 -1.805628e-04 -9.070149e-04 1.729331e+00 1.809921e-04 9.999999e-01 4.733066e-04 -2.043802e+00 9.069297e-04 -4.734698e-04 9.999995e-01 9.422211e+01
9.999899e-01 -5.369458e-04 -4.471235e-03 1.792764e+00 5.360983e-04 9.999998e-01 -1.907240e-04 -2.062047e+00 4.471337e-03 1.883244e-04 9.999900e-01 9.482087e+01
9.999997e-01 -2.721469e-04 -6.585961e-04 1.856680e+00 2.724920e-04 9.999998e-01 5.239111e-04 -2.081419e+00 6.584538e-04 -5.240898e-04 9.999996e-01 9.548003e+01
9.999990e-01 -1.195229e-03 -7.636107e-04 1.894167e+00 1.195124e-03 9.999993e-01 -1.388323e-04 -2.104518e+00 7.637757e-04 1.379188e-04 9.999997e-01 9.648788e+01
9.999977e-01 -4.202485e-05 -2.138246e-03 1.974688e+00 4.290672e-05 9.999999e-01 4.123632e-04 -2.115815e+00 2.138229e-03 -4.124533e-04 9.999976e-01 9.679312e+01
9.999944e-01 -2.225504e-03 2.503828e-03 2.075126e+00 2.224627e-03 9.999975e-01 3.530790e-04 -2.109864e+00 -2.504608e-03 -3.475076e-04 9.999968e-01 9.628825e+01
9.999944e-01 3.045203e-04 -3.324025e-03 2.126703e+00 -3.023568e-04 9.999997e-01 6.513452e-04 -2.105167e+00 3.324222e-03 -6.503358e-04 9.999943e-01 9.592176e+01
9.999940e-01 -2.260331e-03 2.643613e-03 2.184107e+00 2.259991e-03 9.999974e-01 1.315315e-04 -2.096711e+00 -2.643903e-03 -1.255568e-04 9.999965e-01 9.538845e+01
9.999883e-01 7.460100e-04 -4.785167e-03 2.223930e+00 -7.423897e-04 9.999994e-01 7.582962e-04 -2.093720e+00 4.785731e-03 -7.547342e-04 9.999883e-01 9.509427e+01
9.999987e-01 -1.592145e-03 -3.479529e-04 2.269049e+00 1.592039e-03 9.999987e-01 -3.037576e-04 -2.105778e+00 3.484357e-04 3.032026e-04 9.999999e-01 9.542387e+01
9.999972e-01 1.855678e-04 -2.359634e-03 2.314443e+00 -1.841927e-04 9.999998e-01 5.829553e-04 -2.111042e+00 2.359743e-03 -5.825183e-04 9.999970e-01 9.544927e+01
9.999918e-01 -2.247057e-03 3.356076e-03 2.410281e+00 2.246446e-03 9.999975e-01 1.857122e-04 -2.104921e+00 -3.356485e-03 -1.781721e-04 9.999944e-01 9.494736e+01
9.999990e-01 -3.562761e-04 -1.335979e-03 2.546600e+00 3.573023e-04 9.999996e-01 7.679376e-04 -2.095030e+00 1.335705e-03 -7.684135e-04 9.999988e-01 9.424376e+01
9.999917e-01 -2.252811e-03 3.397070e-03 2.674502e+00 2.252153e-03 9.999974e-01 1.973169e-04 -2.086335e+00 -3.397506e-03 -1.896653e-04 9.999942e-01 9.360624e+01
9.999989e-01 -3.160486e-04 -1.424345e-03 2.841654e+00 3.171409e-04 9.999997e-01 7.666678e-04 -2.076639e+00 1.424103e-03 -7.671180e-04 9.999987e-01 9.287920e+01
9.999929e-01 -2.296295e-03 2.980897e-03 3.025086e+00 2.295857e-03 9.999974e-01 1.506178e-04 -2.067896e+00 -2.981235e-03 -1.437737e-04 9.999955e-01 9.217467e+01
9.999840e-01 9.241158e-04 -5.589158e-03 3.101923e+00 -9.199771e-04 9.999993e-01 7.430065e-04 -2.078202e+00 5.589841e-03 -7.378520e-04 9.999841e-01 9.241040e+01
9.999962e-01 -1.751142e-03 2.123781e-03 3.158299e+00 1.752239e-03 9.999983e-01 -5.147642e-04 -2.094867e+00 -2.122877e-03 5.184829e-04 9.999976e-01 9.296119e+01
9.999969e-01 -6.513670e-05 -2.483693e-03 3.235313e+00 6.786986e-05 9.999994e-01 1.100357e-03 -2.092986e+00 2.483620e-03 -1.100521e-03 9.999963e-01 9.269142e+01
9.999886e-01 -2.448475e-03 4.098978e-03 3.311866e+00 2.449044e-03 9.999970e-01 -1.337510e-04 -2.079883e+00 -4.098638e-03 1.437873e-04 9.999916e-01 9.198878e+01
9.999998e-01 -6.055593e-04 -1.772216e-04 3.380506e+00 6.057562e-04 9.999992e-01 1.112957e-03 -2.062134e+00 1.765479e-04 -1.113063e-03 9.999994e-01 9.116869e+01
9.999845e-01 -2.669457e-03 4.889569e-03 3.429467e+00 2.668805e-03 9.999964e-01 1.398555e-04 -2.042310e+00 -4.889925e-03 -1.268047e-04 9.999880e-01 9.021381e+01
9.999998e-01 -5.952267e-04 -1.622661e-04 3.293065e+00 5.954148e-04 9.999991e-01 1.161436e-03 -2.014210e+00 1.615751e-04 -1.161532e-03 9.999993e-01 8.936011e+01
9.999970e-01 -2.113972e-03 1.225140e-03 3.189932e+00 2.114684e-03 9.999976e-01 -5.800825e-04 -1.995760e+00 -1.223911e-03 5.826709e-04 9.999991e-01 8.876922e+01
9.999521e-01 -2.708453e-03 9.401940e-03 3.231954e+00 2.689884e-03 9.999944e-01 1.987065e-03 -1.963845e+00 -9.407269e-03 -1.961679e-03 9.999538e-01 8.746565e+01
9.999972e-01 -1.831572e-03 1.528792e-03 3.314181e+00 1.832599e-03 9.999981e-01 -6.707279e-04 -1.933818e+00 -1.527561e-03 6.735270e-04 9.999986e-01 8.618746e+01
9.999659e-01 -2.382158e-03 7.905525e-03 3.391490e+00 2.366986e-03 9.999953e-01 1.927963e-03 -1.906596e+00 -7.910081e-03 -1.909184e-03 9.999669e-01 8.500740e+01
9.999989e-01 -1.356002e-03 5.407425e-04 3.495665e+00 1.356424e-03 9.999988e-01 -7.803461e-04 -1.883034e+00 -5.396841e-04 7.810780e-04 9.999995e-01 8.389805e+01
9.999587e-01 -2.900082e-03 8.613015e-03 3.614686e+00 2.882125e-03 9.999936e-01 2.096506e-03 -1.857342e+00 -8.619040e-03 -2.071595e-03 9.999607e-01 8.270406e+01
9.999963e-01 -1.823040e-03 1.996135e-03 3.672589e+00 1.824167e-03 9.999982e-01 -5.629577e-04 -1.826569e+00 -1.995106e-03 5.665962e-04 9.999978e-01 8.140678e+01
9.999416e-01 -3.265797e-03 1.030268e-02 3.839896e+00 3.244626e-03 9.999926e-01 2.070868e-03 -1.795647e+00 -1.030937e-02 -2.037318e-03 9.999448e-01 7.994714e+01
9.999958e-01 -1.837514e-03 2.254814e-03 4.051382e+00 1.838823e-03 9.999981e-01 -5.786364e-04 -1.765180e+00 -2.253747e-03 5.827795e-04 9.999973e-01 7.847634e+01
9.999679e-01 -2.508694e-03 7.610903e-03 4.232855e+00 2.490219e-03 9.999939e-01 2.435966e-03 -1.737776e+00 -7.616967e-03 -2.416934e-03 9.999681e-01 7.714193e+01
9.999899e-01 -2.339884e-03 3.850056e-03 4.373339e+00 2.343339e-03 9.999969e-01 -8.930448e-04 -1.707642e+00 -3.847955e-03 9.020571e-04 9.999922e-01 7.576219e+01
9.999964e-01 -7.886980e-04 2.580287e-03 4.516465e+00 7.846237e-04 9.999984e-01 1.579620e-03 -1.694836e+00 -2.581529e-03 -1.577589e-03 9.999954e-01 7.496094e+01
9.999980e-01 -1.994243e-03 -2.444222e-04 4.642125e+00 1.993998e-03 9.999975e-01 -9.985965e-04 -1.689210e+00 2.464126e-04 9.981065e-04 9.999995e-01 7.445564e+01
9.999812e-01 -1.552141e-03 5.929571e-03 4.763139e+00 1.538948e-03 9.999963e-01 2.228961e-03 -1.671182e+00 -5.933009e-03 -2.219793e-03 9.999799e-01 7.352470e+01
9.999974e-01 -1.459982e-03 -1.737697e-03 4.854924e+00 1.457820e-03 9.999982e-01 -1.244336e-03 -1.656526e+00 1.739510e-03 1.241799e-03 9.999977e-01 7.273959e+01
9.999924e-01 -9.639969e-04 3.782189e-03 4.771038e+00 9.559049e-04 9.999973e-01 2.140717e-03 -1.640452e+00 -3.784242e-03 -2.137085e-03 9.999906e-01 7.231190e+01
9.999976e-01 -2.134294e-03 5.216369e-04 4.657622e+00 2.135119e-03 9.999965e-01 -1.586268e-03 -1.614698e+00 -5.182499e-04 1.587378e-03 9.999986e-01 7.160659e+01
9.999701e-01 -2.029247e-03 7.466322e-03 4.688828e+00 2.008283e-03 9.999940e-01 2.814145e-03 -1.586658e+00 -7.471988e-03 -2.799066e-03 9.999682e-01 7.050152e+01
9.999894e-01 -2.779026e-03 3.658303e-03 4.693610e+00 2.785066e-03 9.999948e-01 -1.647090e-03 -1.553451e+00 -3.653707e-03 1.657261e-03 9.999920e-01 6.922671e+01
9.999737e-01 -1.636211e-03 7.065322e-03 4.745648e+00 1.616237e-03 9.999947e-01 2.831845e-03 -1.523170e+00 -7.069918e-03 -2.820351e-03 9.999710e-01 6.799374e+01
9.999903e-01 -2.706560e-03 3.462151e-03 4.865631e+00 2.711843e-03 9.999952e-01 -1.522007e-03 -1.495659e+00 -3.458016e-03 1.531381e-03 9.999928e-01 6.671873e+01
9.999489e-01 -2.447984e-03 9.810578e-03 5.060769e+00 2.418525e-03 9.999925e-01 3.013509e-03 -1.463864e+00 -9.817881e-03 -2.989627e-03 9.999473e-01 6.519894e+01
9.999908e-01 -2.742953e-03 3.303272e-03 5.304009e+00 2.747518e-03 9.999953e-01 -1.378302e-03 -1.433091e+00 -3.299477e-03 1.387365e-03 9.999936e-01 6.364715e+01
9.999400e-01 -2.613388e-03 1.063648e-02 5.652957e+00 2.576615e-03 9.999907e-01 3.469480e-03 -1.403247e+00 -1.064544e-02 -3.441865e-03 9.999374e-01 6.197614e+01
9.999919e-01 -2.639656e-03 3.033003e-03 5.968782e+00 2.643756e-03 9.999956e-01 -1.348623e-03 -1.372752e+00 -3.029431e-03 1.356630e-03 9.999945e-01 6.034097e+01
9.999357e-01 -2.955190e-03 1.095029e-02 6.081196e+00 2.923439e-03 9.999915e-01 2.914478e-03 -1.336222e+00 -1.095881e-02 -2.882277e-03 9.999358e-01 5.878243e+01
9.999946e-01 -2.546571e-03 2.059195e-03 6.094718e+00 2.549501e-03 9.999957e-01 -1.421582e-03 -1.298017e+00 -2.055567e-03 1.426824e-03 9.999969e-01 5.733158e+01
9.999501e-01 -1.791485e-04 9.992768e-03 5.406132e+00 1.473424e-04 9.999949e-01 3.183550e-03 -1.229669e+00 -9.993288e-03 -3.181918e-03 9.999450e-01 5.682425e+01
9.999409e-01 -6.297379e-03 8.867149e-03 5.372843e+00 6.313781e-03 9.999784e-01 -1.822948e-03 -1.178929e+00 -8.855478e-03 1.878825e-03 9.999590e-01 5.511782e+01
9.999974e-01 1.650709e-03 1.551725e-03 5.364925e+00 -1.655630e-03 9.999936e-01 3.175043e-03 -1.145830e+00 -1.546474e-03 -3.177603e-03 9.999938e-01 5.387295e+01
9.999855e-01 -3.892534e-03 3.728396e-03 5.023286e+00 3.898737e-03 9.999910e-01 -1.657837e-03 -1.112894e+00 -3.721909e-03 1.672348e-03 9.999917e-01 5.333388e+01
9.999999e-01 4.972376e-04 1.439300e-04 4.703180e+00 -4.975278e-04 9.999978e-01 2.022406e-03 -1.083083e+00 -1.429236e-04 -2.022477e-03 9.999979e-01 5.280662e+01
9.999255e-01 -5.211452e-03 1.103987e-02 4.637284e+00 5.221576e-03 9.999860e-01 -8.883740e-04 -1.047488e+00 -1.103508e-02 9.459527e-04 9.999387e-01 5.159756e+01
9.999989e-01 2.901982e-04 1.459865e-03 4.698371e+00 -2.935563e-04 9.999973e-01 2.300497e-03 -1.013539e+00 -1.459194e-03 -2.300922e-03 9.999963e-01 5.019891e+01
9.999089e-01 -5.793992e-03 1.219047e-02 4.757281e+00 5.803798e-03 9.999829e-01 -7.691525e-04 -9.763903e-01 -1.218580e-02 8.398328e-04 9.999254e-01 4.869423e+01
9.999995e-01 8.409657e-04 -4.758324e-04 4.774286e+00 -8.399352e-04 9.999973e-01 2.161949e-03 -9.417565e-01 4.776496e-04 -2.161548e-03 9.999975e-01 4.736305e+01
9.999128e-01 -5.581345e-03 1.196447e-02 4.977168e+00 5.589929e-03 9.999841e-01 -6.841477e-04 -9.144528e-01 -1.196046e-02 7.509680e-04 9.999282e-01 4.597784e+01
9.999996e-01 4.345216e-04 7.655858e-04 5.201950e+00 -4.363131e-04 9.999972e-01 2.341242e-03 -8.834417e-01 -7.645659e-04 -2.341575e-03 9.999970e-01 4.444699e+01
9.999669e-01 -4.286549e-03 6.914433e-03 5.357117e+00 4.294037e-03 9.999902e-01 -1.068486e-03 -8.617160e-01 -6.909786e-03 1.098141e-03 9.999755e-01 4.334820e+01
9.999909e-01 1.677247e-03 -3.922734e-03 5.432413e+00 -1.670653e-03 9.999972e-01 1.683704e-03 -8.520106e-01 3.925547e-03 -1.677135e-03 9.999909e-01 4.277565e+01
9.999591e-01 -4.448805e-03 7.876202e-03 5.508155e+00 4.455487e-03 9.999897e-01 -8.310181e-04 -8.393888e-01 -7.872425e-03 8.660758e-04 9.999686e-01 4.209527e+01
9.999998e-01 6.574293e-04 -1.421558e-05 5.628155e+00 -6.573970e-04 9.999974e-01 2.170133e-03 -8.160822e-01 1.564267e-05 -2.170122e-03 9.999976e-01 4.094755e+01
9.999708e-01 -4.271854e-03 6.337362e-03 5.794462e+00 4.278295e-03 9.999903e-01 -1.003167e-03 -7.978569e-01 -6.333015e-03 1.030250e-03 9.999794e-01 3.995685e+01
9.999738e-01 2.446108e-03 -6.814845e-03 5.916475e+00 -2.434399e-03 9.999955e-01 1.725974e-03 -7.993796e-01 6.819037e-03 -1.709338e-03 9.999753e-01 3.976431e+01
9.999356e-01 -5.259955e-03 1.005546e-02 6.024554e+00 5.267847e-03 9.999858e-01 -7.585508e-04 -7.869694e-01 -1.005133e-02 8.114719e-04 9.999492e-01 3.898850e+01
9.999773e-01 2.198795e-03 -6.371105e-03 6.138681e+00 -2.186377e-03 9.999957e-01 1.955497e-03 -7.713876e-01 6.375377e-03 -1.941522e-03 9.999778e-01 3.812270e+01
9.998902e-01 -5.741133e-03 1.366291e-02 6.246544e+00 5.751706e-03 9.999832e-01 -7.347040e-04 -7.502090e-01 -1.365846e-02 8.132078e-04 9.999064e-01 3.703706e+01
9.999707e-01 2.335042e-03 -7.289030e-03 6.359975e+00 -2.320776e-03 9.999954e-01 1.965149e-03 -7.299141e-01 7.293585e-03 -1.948174e-03 9.999715e-01 3.602897e+01
9.998621e-01 -6.569292e-03 1.525404e-02 6.388921e+00 6.581280e-03 9.999781e-01 -7.358054e-04 -7.027228e-01 -1.524888e-02 8.360944e-04 9.998834e-01 3.488736e+01
9.999927e-01 1.744237e-03 -3.407087e-03 6.424250e+00 -1.737191e-03 9.999963e-01 2.069794e-03 -6.688128e-01 3.410685e-03 -2.063859e-03 9.999921e-01 3.356640e+01
9.998961e-01 -6.179408e-03 1.302171e-02 6.420858e+00 6.190721e-03 9.999805e-01 -8.286169e-04 -6.387453e-01 -1.301634e-02 9.091439e-04 9.999149e-01 3.241397e+01
9.999605e-01 4.412354e-03 -7.710601e-03 6.613299e+00 -4.394802e-03 9.999877e-01 2.291821e-03 -6.286772e-01 7.720619e-03 -2.257844e-03 9.999676e-01 3.152198e+01
9.998663e-01 -7.981576e-03 1.427323e-02 6.908455e+00 7.994082e-03 9.999677e-01 -8.193145e-04 -6.108555e-01 -1.426623e-02 9.333057e-04 9.998978e-01 3.028782e+01
9.999683e-01 4.439010e-03 -6.612741e-03 7.006539e+00 -4.425647e-03 9.999881e-01 2.033997e-03 -5.887109e-01 6.621692e-03 -2.004666e-03 9.999761e-01 2.923370e+01
9.999360e-01 -6.927466e-03 8.949888e-03 7.095207e+00 6.937944e-03 9.999753e-01 -1.140232e-03 -5.777750e-01 -8.941769e-03 1.202252e-03 9.999593e-01 2.853509e+01
9.999874e-01 3.798312e-03 -3.269099e-03 7.220286e+00 -3.790790e-03 9.999902e-01 2.304140e-03 -5.584945e-01 3.277819e-03 -2.291718e-03 9.999920e-01 2.751508e+01
9.998697e-01 -8.456546e-03 1.374860e-02 7.314497e+00 8.468837e-03 9.999638e-01 -8.360367e-04 -5.286942e-01 -1.374103e-02 9.523618e-04 9.999051e-01 2.621067e+01
9.999880e-01 3.921327e-03 -2.923943e-03 7.391158e+00 -3.915520e-03 9.999904e-01 1.989217e-03 -4.978308e-01 2.931715e-03 -1.977744e-03 9.999937e-01 2.495058e+01
9.998731e-01 -8.450976e-03 1.350761e-02 7.477148e+00 8.460197e-03 9.999640e-01 -6.255892e-04 -4.673043e-01 -1.350184e-02 7.397862e-04 9.999086e-01 2.364947e+01
9.999888e-01 3.761697e-03 -2.886476e-03 7.566304e+00 -3.755839e-03 9.999909e-01 2.032032e-03 -4.367538e-01 2.894094e-03 -2.021167e-03 9.999938e-01 2.233974e+01
9.999182e-01 -7.513808e-03 1.034628e-02 7.623524e+00 7.523016e-03 9.999713e-01 -8.513692e-04 -4.121145e-01 -1.033959e-02 9.291342e-04 9.999461e-01 2.129272e+01
9.999791e-01 4.207699e-03 -4.909511e-03 7.678984e+00 -4.198863e-03 9.999895e-01 1.808873e-03 -3.913735e-01 4.917071e-03 -1.788220e-03 9.999863e-01 2.036749e+01
9.999388e-01 -6.994486e-03 8.567996e-03 7.649437e+00 7.004256e-03 9.999749e-01 -1.110810e-03 -3.706751e-01 -8.560012e-03 1.170754e-03 9.999627e-01 1.968853e+01
9.999791e-01 4.276698e-03 -4.842412e-03 7.693460e+00 -4.266948e-03 9.999889e-01 2.022020e-03 -3.533800e-01 4.851006e-03 -2.001315e-03 9.999862e-01 1.891632e+01
9.999252e-01 -7.511322e-03 9.652500e-03 7.828041e+00 7.519869e-03 9.999714e-01 -8.494773e-04 -3.362772e-01 -9.645844e-03 9.219987e-04 9.999531e-01 1.801154e+01
9.999792e-01 4.087040e-03 -4.993441e-03 7.868520e+00 -4.077184e-03 9.999897e-01 1.982363e-03 -3.159265e-01 5.001492e-03 -1.961962e-03 9.999856e-01 1.707212e+01
9.998391e-01 -8.700927e-03 1.568841e-02 7.919589e+00 8.711020e-03 9.999619e-01 -5.751222e-04 -2.846051e-01 -1.568281e-02 7.116911e-04 9.998768e-01 1.579527e+01
9.999542e-01 4.830613e-03 -8.265041e-03 7.985202e+00 -4.814312e-03 9.999864e-01 1.990950e-03 -2.592201e-01 8.274547e-03 -1.951067e-03 9.999639e-01 1.471246e+01
9.998437e-01 -7.677557e-03 1.592414e-02 8.153829e+00 7.678650e-03 9.999705e-01 -7.448816e-06 -2.419815e-01 -1.592362e-02 1.297230e-04 9.998732e-01 1.359327e+01
9.999808e-01 3.458437e-03 -5.149845e-03 8.301399e+00 -3.447277e-03 9.999917e-01 2.174330e-03 -2.155260e-01 5.157322e-03 -2.156534e-03 9.999844e-01 1.213955e+01
9.996549e-01 -9.921822e-03 2.432460e-02 8.514608e+00 9.902978e-03 9.999506e-01 8.950054e-04 -1.737065e-01 -2.433228e-02 -6.538110e-04 9.997037e-01 1.005699e+01
9.999560e-01 3.863318e-03 -8.552042e-03 8.822693e+00 -3.844694e-03 9.999902e-01 2.193091e-03 -1.361421e-01 8.560431e-03 -2.160114e-03 9.999610e-01 8.188665e+00
9.998496e-01 -7.843883e-03 1.546842e-02 8.888024e+00 7.858085e-03 9.999688e-01 -8.575946e-04 -1.119685e-01 -1.546121e-02 9.790172e-04 9.998800e-01 7.127130e+00
9.999169e-01 5.719804e-03 -1.154957e-02 8.874934e+00 -5.701919e-03 9.999825e-01 1.580864e-03 -1.035282e-01 1.155841e-02 -1.514877e-03 9.999321e-01 6.757715e+00
9.999027e-01 -7.781199e-03 1.157646e-02 8.907456e+00 7.794526e-03 9.999690e-01 -1.106529e-03 -9.833600e-02 -1.156749e-02 1.196654e-03 9.999324e-01 6.408064e+00
9.999812e-01 4.192294e-03 -4.474466e-03 8.942062e+00 -4.182519e-03 9.999889e-01 2.191981e-03 -7.370085e-02 4.483606e-03 -2.173224e-03 9.999876e-01 5.392783e+00
9.998875e-01 -8.299288e-03 1.249331e-02 8.959836e+00 8.312909e-03 9.999649e-01 -1.038670e-03 -4.640223e-02 -1.248425e-02 1.142408e-03 9.999214e-01 4.298297e+00
9.999821e-01 4.228181e-03 -4.232656e-03 8.927720e+00 -4.218318e-03 9.999884e-01 2.336476e-03 -1.703590e-02 4.242486e-03 -2.318579e-03 9.999883e-01 3.206594e+00
9.999111e-01 -7.993760e-03 1.067245e-02 8.890877e+00 8.007085e-03 9.999672e-01 -1.206371e-03 9.344964e-03 -1.066246e-02 1.291719e-03 9.999423e-01 2.237505e+00
9.999787e-01 4.519908e-03 -4.715733e-03 8.813837e+00 -4.509603e-03 9.999874e-01 2.193695e-03 3.559646e-02 4.725589e-03 -2.172381e-03 9.999865e-01 1.359327e+00
9.998202e-01 -8.652490e-03 1.687491e-02 9.030282e+00 8.655977e-03 9.999625e-01 -1.336100e-04 6.218172e-02 -1.687312e-02 2.796542e-04 9.998576e-01 -1.285128e-01
9.999523e-01 5.099960e-03 -8.333039e-03 9.353269e+00 -5.084422e-03 9.999853e-01 1.884847e-03 8.171763e-02 8.342530e-03 -1.842388e-03 9.999635e-01 -1.389472e+00
9.998937e-01 -8.229189e-03 1.203603e-02 9.458084e+00 8.239224e-03 9.999657e-01 -7.843563e-04 9.865619e-02 -1.202916e-02 8.834399e-04 9.999273e-01 -2.288506e+00
9.999921e-01 3.728224e-03 -1.389695e-03 9.564406e+00 -3.725340e-03 9.999909e-01 2.072143e-03 1.287136e-01 1.397408e-03 -2.066949e-03 9.999969e-01 -3.578261e+00
9.999456e-01 -7.145118e-03 7.593732e-03 9.691470e+00 7.152562e-03 9.999740e-01 -9.535441e-04 1.479932e-01 -7.586722e-03 1.007806e-03 9.999707e-01 -4.550835e+00
9.999747e-01 5.161155e-03 -4.893918e-03 9.497946e+00 -5.152410e-03 9.999851e-01 1.797821e-03 1.493911e-01 4.903124e-03 -1.772560e-03 9.999864e-01 -3.609498e+00
9.999515e-01 -6.375218e-03 7.502024e-03 9.406377e+00 6.387039e-03 9.999784e-01 -1.552813e-03 1.364310e-01 -7.491963e-03 1.600653e-03 9.999707e-01 -2.538730e+00
9.999775e-01 3.742296e-03 -5.570188e-03 9.530625e+00 -3.728229e-03 9.999898e-01 2.533728e-03 1.495824e-01 5.579614e-03 -2.512903e-03 9.999813e-01 -3.350996e+00
9.998678e-01 -7.850198e-03 1.423938e-02 9.667605e+00 7.868300e-03 9.999683e-01 -1.215721e-03 1.748696e-01 -1.422938e-02 1.327599e-03 9.998979e-01 -4.533490e+00
9.999683e-01 3.903692e-03 -6.939986e-03 9.727107e+00 -3.887804e-03 9.999898e-01 2.301328e-03 2.008456e-01 6.948899e-03 -2.274273e-03 9.999733e-01 -5.581947e+00
9.998163e-01 -8.432670e-03 1.721473e-02 9.900428e+00 8.447951e-03 9.999640e-01 -8.151170e-04 2.286341e-01 -1.720724e-02 9.603959e-04 9.998515e-01 -6.909189e+00
9.999739e-01 3.664440e-03 -6.223720e-03 1.003700e+01 -3.650222e-03 9.999907e-01 2.294462e-03 2.588581e-01 6.232071e-03 -2.271684e-03 9.999780e-01 -8.269886e+00
9.998215e-01 -8.503719e-03 1.687388e-02 1.012482e+01 8.519110e-03 9.999634e-01 -8.404784e-04 2.903186e-01 -1.686612e-02 9.840783e-04 9.998573e-01 -9.603620e+00
9.999705e-01 4.061457e-03 -6.523385e-03 1.021241e+01 -4.046745e-03 9.999892e-01 2.266891e-03 3.200562e-01 6.532522e-03 -2.240425e-03 9.999762e-01 -1.086288e+01
9.998349e-01 -8.347333e-03 1.613777e-02 1.041167e+01 8.360532e-03 9.999648e-01 -7.506326e-04 3.451797e-01 -1.613094e-02 8.854285e-04 9.998695e-01 -1.215078e+01
9.999687e-01 3.932637e-03 -6.867942e-03 1.055893e+01 -3.917763e-03 9.999900e-01 2.177878e-03 3.714291e-01 6.876438e-03 -2.150902e-03 9.999740e-01 -1.338487e+01
9.998510e-01 -7.844473e-03 1.537633e-02 1.065448e+01 7.860483e-03 9.999686e-01 -9.810454e-04 3.966345e-01 -1.536815e-02 1.101764e-03 9.998813e-01 -1.451573e+01
9.999190e-01 5.014457e-03 -1.170180e-02 1.061067e+01 -4.990386e-03 9.999854e-01 2.085356e-03 4.185537e-01 1.171209e-02 -2.026790e-03 9.999294e-01 -1.525830e+01
9.998839e-01 -7.059137e-03 1.350333e-02 1.036840e+01 7.077491e-03 9.999741e-01 -1.311947e-03 4.433710e-01 -1.349372e-02 1.407364e-03 9.999080e-01 -1.571762e+01
9.999357e-01 4.346680e-03 -1.047465e-02 1.015322e+01 -4.327549e-03 9.999889e-01 1.848362e-03 4.691570e-01 1.048257e-02 -1.802913e-03 9.999434e-01 -1.633405e+01
9.998412e-01 -7.138619e-03 1.633137e-02 9.824313e+00 7.156924e-03 9.999738e-01 -1.062653e-03 5.051404e-01 -1.632336e-02 1.179366e-03 9.998661e-01 -1.700297e+01
9.999057e-01 4.918193e-03 -1.282561e-02 9.278492e+00 -4.904747e-03 9.999874e-01 1.079643e-03 5.467632e-01 1.283076e-02 -1.016634e-03 9.999172e-01 -1.731630e+01
9.998205e-01 -8.159501e-03 1.710018e-02 9.058876e+00 8.168345e-03 9.999665e-01 -4.473588e-04 5.736347e-01 -1.709596e-02 5.869582e-04 9.998537e-01 -1.806136e+01
9.999389e-01 4.493440e-03 -1.010081e-02 9.212566e+00 -4.475625e-03 9.999884e-01 1.785697e-03 5.955602e-01 1.010872e-02 -1.740380e-03 9.999474e-01 -1.917357e+01
9.997912e-01 -8.760918e-03 1.846294e-02 9.255192e+00 8.771248e-03 9.999614e-01 -4.785749e-04 6.232041e-01 -1.845804e-02 6.404174e-04 9.998294e-01 -2.032799e+01
9.999891e-01 3.085729e-03 -3.507274e-03 9.283065e+00 -3.078499e-03 9.999931e-01 2.065172e-03 6.635202e-01 3.513623e-03 -2.054352e-03 9.999917e-01 -2.190711e+01
9.998184e-01 -8.171848e-03 1.721831e-02 9.249616e+00 8.183964e-03 9.999663e-01 -6.333079e-04 7.025808e-01 -1.721255e-02 7.741064e-04 9.998516e-01 -2.329682e+01
9.999711e-01 3.940110e-03 -6.496030e-03 9.278809e+00 -3.927788e-03 9.999905e-01 1.908476e-03 7.330471e-01 6.503488e-03 -1.882906e-03 9.999771e-01 -2.451168e+01
9.998286e-01 -8.436557e-03 1.648047e-02 9.280998e+00 8.447909e-03 9.999641e-01 -6.192904e-04 7.645187e-01 -1.647466e-02 7.584093e-04 9.998640e-01 -2.572856e+01
9.999882e-01 3.258574e-03 -3.590162e-03 9.328763e+00 -3.250870e-03 9.999924e-01 2.149512e-03 7.996701e-01 3.597140e-03 -2.137815e-03 9.999912e-01 -2.716143e+01
9.998361e-01 -8.424708e-03 1.602631e-02 9.386282e+00 8.435678e-03 9.999642e-01 -6.170000e-04 8.342272e-01 -1.602054e-02 7.520911e-04 9.998714e-01 -2.856758e+01
9.999696e-01 4.160779e-03 -6.587621e-03 9.391073e+00 -4.149487e-03 9.999899e-01 1.726827e-03 8.642922e-01 6.594740e-03 -1.699439e-03 9.999768e-01 -2.970082e+01
9.998503e-01 -8.323210e-03 1.516623e-02 9.405425e+00 8.331939e-03 9.999652e-01 -5.124386e-04 8.926763e-01 -1.516143e-02 6.387254e-04 9.998849e-01 -3.082774e+01
9.999778e-01 3.940130e-03 -5.368404e-03 9.477510e+00 -3.930439e-03 9.999906e-01 1.814513e-03 9.216573e-01 5.375504e-03 -1.793372e-03 9.999839e-01 -3.203897e+01
9.998935e-01 -7.641340e-03 1.243756e-02 9.563649e+00 7.650964e-03 9.999705e-01 -7.263829e-04 9.450624e-01 -1.243164e-02 8.214643e-04 9.999224e-01 -3.308010e+01
9.999833e-01 3.576747e-03 -4.543946e-03 9.648088e+00 -3.568099e-03 9.999918e-01 1.909945e-03 9.706678e-01 4.550740e-03 -1.893700e-03 9.999879e-01 -3.418734e+01
9.998674e-01 -7.974969e-03 1.419883e-02 9.757834e+00 7.984035e-03 9.999680e-01 -5.818624e-04 9.988231e-01 -1.419373e-02 6.951487e-04 9.998990e-01 -3.542250e+01
9.999871e-01 3.430805e-03 -3.746275e-03 9.912803e+00 -3.423411e-03 9.999922e-01 1.978301e-03 1.026875e+00 3.753033e-03 -1.965450e-03 9.999910e-01 -3.673286e+01
9.999300e-01 -6.542753e-03 9.859051e-03 1.002780e+01 6.553868e-03 9.999779e-01 -1.095494e-03 1.042852e+00 -9.851666e-03 1.160032e-03 9.999508e-01 -3.760601e+01
9.999823e-01 2.525071e-03 -5.387101e-03 1.004921e+01 -2.513181e-03 9.999944e-01 2.212654e-03 1.065505e+00 5.392658e-03 -2.199076e-03 9.999830e-01 -3.865749e+01
9.997376e-01 -8.640675e-03 2.121711e-02 1.007649e+01 8.648444e-03 9.999626e-01 -2.744100e-04 1.108924e+00 -2.121395e-02 4.578325e-04 9.997749e-01 -4.029908e+01
9.999441e-01 4.343170e-03 -9.641426e-03 1.036827e+01 -4.313665e-03 9.999860e-01 3.078920e-03 1.133946e+00 9.654663e-03 -3.037157e-03 9.999488e-01 -4.191457e+01
9.996242e-01 -1.116429e-02 2.503471e-02 1.055564e+01 1.116704e-02 9.999376e-01 3.005407e-05 1.177308e+00 -2.503348e-02 2.495204e-04 9.996866e-01 -4.392013e+01
9.999364e-01 5.248669e-03 -9.981548e-03 1.069841e+01 -5.224737e-03 9.999834e-01 2.422170e-03 1.217478e+00 9.994096e-03 -2.369864e-03 9.999472e-01 -4.560687e+01
9.997021e-01 -1.040406e-02 2.208037e-02 1.086298e+01 1.042202e-02 9.999454e-01 -6.983507e-04 1.249948e+00 -2.207190e-02 9.282640e-04 9.997560e-01 -4.711055e+01
9.999352e-01 5.150938e-03 -1.014932e-02 1.102941e+01 -5.121907e-03 9.999827e-01 2.884344e-03 1.281005e+00 1.016400e-02 -2.832173e-03 9.999443e-01 -4.857960e+01
9.998514e-01 -8.482453e-03 1.500904e-02 1.115790e+01 8.505845e-03 9.999627e-01 -1.495349e-03 1.298996e+00 -1.499580e-02 1.622791e-03 9.998862e-01 -4.953963e+01
9.999909e-01 3.388133e-03 -2.604237e-03 1.135649e+01 -3.380023e-03 9.999894e-01 3.112407e-03 1.330364e+00 2.614755e-03 -3.103575e-03 9.999918e-01 -5.108225e+01
9.997561e-01 -9.626459e-03 1.987445e-02 1.148172e+01 9.646432e-03 9.999531e-01 -9.093541e-04 1.370879e+00 -1.986476e-02 1.100849e-03 9.998021e-01 -5.285141e+01
9.999921e-01 3.544199e-03 -1.820973e-03 1.162388e+01 -3.538897e-03 9.999895e-01 2.906926e-03 1.412551e+00 1.831257e-03 -2.900458e-03 9.999941e-01 -5.466640e+01
9.998653e-01 -8.458335e-03 1.406462e-02 1.183791e+01 8.474270e-03 9.999635e-01 -1.073719e-03 1.443015e+00 -1.405502e-02 1.192761e-03 9.999005e-01 -5.614795e+01
9.999589e-01 4.696515e-03 -7.755446e-03 1.200704e+01 -4.677573e-03 9.999860e-01 2.458851e-03 1.462572e+00 7.766886e-03 -2.422473e-03 9.999669e-01 -5.718600e+01
9.998802e-01 -7.939297e-03 1.328824e-02 1.216849e+01 7.957548e-03 9.999675e-01 -1.321113e-03 1.481583e+00 -1.327732e-02 1.426696e-03 9.999108e-01 -5.821281e+01
9.999893e-01 3.498082e-03 -3.015495e-03 1.240829e+01 -3.489723e-03 9.999901e-01 2.773195e-03 1.507460e+00 3.025166e-03 -2.762642e-03 9.999916e-01 -5.957540e+01
9.998851e-01 -7.996975e-03 1.287566e-02 1.265404e+01 8.014727e-03 9.999670e-01 -1.327688e-03 1.532597e+00 -1.286462e-02 1.430730e-03 9.999162e-01 -6.091957e+01
9.999797e-01 4.002739e-03 -4.947726e-03 1.288867e+01 -3.989676e-03 9.999885e-01 2.647351e-03 1.554013e+00 4.958266e-03 -2.627557e-03 9.999843e-01 -6.211106e+01
9.998980e-01 -7.877549e-03 1.191344e-02 1.312711e+01 7.893448e-03 9.999680e-01 -1.288075e-03 1.574195e+00 -1.190291e-02 1.381982e-03 9.999282e-01 -6.327371e+01
