1.000000e+00 1.197625e-11 1.704638e-10 5.551115e-17 1.197625e-11 1.000000e+00 3.562503e-10 0.000000e+00 1.704638e-10 3.562503e-10 1.000000e+00 2.220446e-16 0.000000e+00 0.000000e+00 0.000000e+00 1.000000e+00
9.916760e-01 2.303504e-02 -1.266814e-01 -5.123963e-02 -1.289027e-02 9.966854e-01 8.032522e-02 -2.506371e-03 1.281118e-01 -7.802364e-02 9.886858e-01 6.081069e-02
9.994220e-01 3.672721e-03 -3.379500e-02 -2.330376e-01 -4.298757e-03 9.998202e-01 -1.847053e-02 5.297102e-04 3.372109e-02 1.860513e-02 9.992581e-01 1.697429e-01
9.909100e-01 2.433733e-02 -1.323069e-01 -4.278653e-01 -1.290556e-02 9.961610e-01 8.658389e-02 3.934495e-03 1.339062e-01 -8.408934e-02 9.874199e-01 2.783459e-01
9.999733e-01 -1.445744e-03 -7.161884e-03 -6.493776e-01 1.163877e-03 9.992305e-01 -3.920557e-02 8.684324e-03 7.213055e-03 3.919619e-02 9.992055e-01 3.868979e-01
9.793463e-01 4.741051e-02 -1.965529e-01 -8.672503e-01 -2.445164e-02 9.927565e-01 1.176297e-01 1.216235e-02 2.007061e-01 -1.103942e-01 9.734116e-01 5.580463e-01
9.878111e-01 4.137165e-02 -1.500590e-01 -1.107970e+00 -4.505163e-02 9.987596e-01 -2.120615e-02 1.263926e-02 1.489955e-01 2.770807e-02 9.884496e-01 9.938774e-01
9.851192e-01 8.049892e-03 -1.716842e-01 -1.336639e+00 6.446344e-03 9.964692e-01 8.371120e-02 1.397187e-02 1.717519e-01 -8.357224e-02 9.815890e-01 1.414656e+00
9.890040e-01 6.965730e-02 -1.304569e-01 -1.486542e+00 -6.684957e-02 9.974298e-01 2.578465e-02 1.121138e-02 1.319177e-01 -1.678014e-02 9.911186e-01 1.794782e+00
9.814081e-01 1.158883e-03 -1.919291e-01 -1.626601e+00 1.281372e-02 9.973552e-01 7.154364e-02 8.429563e-03 1.915044e-01 -7.267283e-02 9.787976e-01 2.175253e+00
9.840197e-01 8.390010e-02 -1.570539e-01 -1.792324e+00 -7.805248e-02 9.960194e-01 4.304858e-02 6.907394e-03 1.600405e-01 -3.010221e-02 9.866514e-01 2.556969e+00
9.868459e-01 -3.597706e-02 -1.576095e-01 -1.865423e+00 4.012820e-02 9.989244e-01 2.323457e-02 3.912848e-03 1.566041e-01 -2.925352e-02 9.872281e-01 2.802301e+00
9.802584e-01 6.662371e-02 -1.861579e-01 -1.848363e+00 -5.458697e-02 9.961181e-01 6.905827e-02 2.939976e-05 1.900361e-01 -5.753316e-02 9.800899e-01 2.966635e+00
9.989137e-01 -2.865349e-02 -3.674679e-02 -1.875303e+00 2.887656e-02 9.995676e-01 5.554143e-03 -5.174139e-03 3.657176e-02 -6.609231e-03 9.993092e-01 3.222806e+00
9.999931e-01 3.307746e-03 1.708791e-03 -1.765858e+00 -3.362744e-03 9.994413e-01 3.325358e-02 -1.243955e-02 -1.597842e-03 -3.325910e-02 9.994455e-01 3.277394e+00
9.982511e-01 -2.707031e-02 -5.255468e-02 -1.585838e+00 2.798931e-02 9.994665e-01 1.683000e-02 -2.074783e-02 5.207105e-02 -1.827154e-02 9.984762e-01 3.267876e+00
9.844721e-01 9.680156e-03 -1.752741e-01 -1.344403e+00 -4.449316e-03 9.995336e-01 3.021218e-02 -2.648661e-02 1.754848e-01 -2.896320e-02 9.840560e-01 3.135571e+00
9.983898e-01 -3.498443e-02 4.465404e-02 -1.087922e+00 3.429583e-02 9.992821e-01 1.609499e-02 -3.438214e-02 -4.518506e-02 -1.453762e-02 9.988728e-01 3.071611e+00
9.994340e-01 9.515612e-03 -3.226790e-02 -8.786021e-01 -8.422699e-03 9.993918e-01 3.383837e-02 -4.494900e-02 3.257026e-02 -3.354744e-02 9.989063e-01 3.136154e+00
9.862006e-01 -5.689819e-02 1.554699e-01 -6.861170e-01 5.679855e-02 9.983727e-01 5.086750e-03 -5.506902e-02 -1.555063e-01 3.813907e-03 9.878275e-01 3.195921e+00
9.998796e-01 9.859595e-03 1.197965e-02 -4.890561e-01 -1.022657e-02 9.994681e-01 3.096806e-02 -6.458133e-02 -1.166794e-02 -3.108684e-02 9.994486e-01 3.226932e+00
9.928674e-01 -5.328680e-02 1.066528e-01 -4.274437e-01 5.137084e-02 9.984665e-01 2.063378e-02 -7.315731e-02 -1.075888e-01 -1.500777e-02 9.940822e-01 3.311116e+00
9.941533e-01 4.046721e-02 -1.001079e-01 -4.626695e-01 -3.643668e-02 9.984627e-01 4.176841e-02 -7.851747e-02 1.016443e-01 -3.787661e-02 9.940995e-01 3.430197e+00
9.964907e-01 -5.250738e-02 6.518607e-02 -5.241289e-01 5.163749e-02 9.985538e-01 1.495977e-02 -8.227446e-02 -6.587729e-02 -1.154123e-02 9.977610e-01 3.553010e+00
9.785476e-01 7.444475e-02 -1.921002e-01 -5.979825e-01 -6.213355e-02 9.956561e-01 6.934263e-02 -8.501057e-02 1.964279e-01 -5.591920e-02 9.789224e-01 3.668774e+00
9.975185e-01 -5.447691e-02 4.459880e-02 -6.826632e-01 5.443970e-02 9.985150e-01 2.049496e-03 -8.694103e-02 -4.464421e-02 3.835349e-04 9.990029e-01 3.787615e+00
9.955070e-01 3.889153e-02 -8.633224e-02 -7.688041e-01 -3.459245e-02 9.981123e-01 5.074683e-02 -8.814618e-02 8.814289e-02 -4.753238e-02 9.949731e-01 3.850624e+00
9.933522e-01 -5.907745e-02 9.879942e-02 -8.562402e-01 6.022389e-02 9.981473e-01 -8.659311e-03 -8.886351e-02 -9.810481e-02 1.455183e-02 9.950697e-01 3.847866e+00
9.709117e-01 8.296893e-02 -2.246032e-01 -1.015090e+00 -6.419134e-02 9.939013e-01 8.966391e-02 -8.561182e-02 2.306728e-01 -7.263816e-02 9.703163e-01 3.855358e+00
9.972420e-01 -2.701251e-02 -6.912894e-02 -1.301530e+00 2.510625e-02 9.992842e-01 -2.829741e-02 -7.585008e-02 6.984384e-02 2.648380e-02 9.972063e-01 3.910652e+00
9.504765e-01 9.163550e-02 -2.969803e-01 -1.581723e+00 -6.043734e-02 9.918007e-01 1.125997e-01 -6.637365e-02 3.048634e-01 -8.907464e-02 9.482215e-01 4.012456e+00
9.985108e-01 -1.282148e-02 -5.302573e-02 -1.843933e+00 1.089589e-02 9.992763e-01 -3.644513e-02 -5.781405e-02 5.345464e-02 3.581310e-02 9.979279e-01 4.106795e+00
9.355348e-01 8.536414e-02 -3.427647e-01 -2.153630e+00 -4.736450e-02 9.919124e-01 1.177560e-01 -4.660685e-02 3.500447e-01 -9.392997e-02 9.320117e-01 4.206148e+00
9.951741e-01 -3.093060e-02 9.312297e-02 -2.418447e+00 3.723331e-02 9.970766e-01 -6.672296e-02 -3.796453e-02 -9.078695e-02 6.986824e-02 9.934164e-01 4.264208e+00
9.240118e-01 9.819505e-02 -3.695401e-01 -2.723634e+00 -4.635081e-02 9.881000e-01 1.466629e-01 -2.712371e-02 3.795442e-01 -1.183898e-01 9.175675e-01 4.300258e+00
9.993903e-01 1.727349e-02 -3.034347e-02 -3.090461e+00 -1.933374e-02 9.974313e-01 -6.897118e-02 -1.321862e-02 2.907415e-02 6.951578e-02 9.971571e-01 4.392483e+00
8.876279e-01 7.856655e-02 -4.538106e-01 -3.478424e+00 -1.751792e-02 9.903887e-01 1.371983e-01 1.849112e-03 4.602281e-01 -1.138312e-01 8.804729e-01 4.537614e+00
9.978608e-01 5.728835e-02 -3.149354e-02 -3.873361e+00 -5.889736e-02 9.968674e-01 -5.278792e-02 1.720442e-02 2.837075e-02 5.452988e-02 9.981090e-01 4.686270e+00
9.084384e-01 2.332504e-02 -4.173674e-01 -4.238612e+00 2.008255e-02 9.948539e-01 9.931001e-02 3.096498e-02 4.175360e-01 -9.859884e-02 9.032950e-01 4.840141e+00
9.848042e-01 3.928379e-02 1.691672e-01 -4.488959e+00 -2.776180e-02 9.971644e-01 -6.994540e-02 3.823160e-02 -1.714352e-01 6.418613e-02 9.831023e-01 4.950404e+00
9.381676e-01 9.046176e-03 -3.460630e-01 -4.639392e+00 3.435073e-02 9.922923e-01 1.190627e-01 4.036178e-02 3.444728e-01 -1.235883e-01 9.306258e-01 5.028968e+00
9.891854e-01 4.777880e-02 1.386699e-01 -4.831453e+00 -4.074522e-02 9.977562e-01 -5.312623e-02 4.465104e-02 -1.408971e-01 4.690155e-02 9.889127e-01 5.110102e+00
9.031120e-01 3.098879e-02 -4.282854e-01 -5.079313e+00 2.018919e-02 9.932253e-01 1.144376e-01 5.167399e-02 4.289302e-01 -1.119967e-01 8.963680e-01 5.228322e+00
9.921275e-01 5.096911e-02 1.143905e-01 -5.412813e+00 -4.443077e-02 9.972688e-01 -5.899890e-02 6.354251e-02 -1.170852e-01 5.345197e-02 9.916824e-01 5.322906e+00
9.152559e-01 3.349392e-03 -4.028591e-01 -5.714852e+00 3.218293e-02 9.961619e-01 8.139856e-02 7.387920e-02 4.015855e-01 -8.746569e-02 9.116352e-01 5.390310e+00
9.955046e-01 9.013965e-02 2.907715e-02 -5.979406e+00 -9.073484e-02 9.956774e-01 1.984160e-02 8.157355e-02 -2.716294e-02 -2.239072e-02 9.993802e-01 5.538378e+00
8.976331e-01 -2.931404e-02 -4.397676e-01 -6.222663e+00 3.946274e-02 9.991237e-01 1.394989e-02 8.908090e-02 4.389733e-01 -2.987632e-02 8.980032e-01 5.723180e+00
9.670841e-01 6.470096e-02 2.460939e-01 -6.320097e+00 -8.814018e-02 9.924367e-01 8.544446e-02 8.214215e-02 -2.387042e-01 -1.043227e-01 9.654725e-01 6.141482e+00
7.744745e-01 3.366443e-02 -6.317088e-01 -6.483196e+00 -4.257980e-02 9.990925e-01 1.039903e-03 8.366320e-02 6.311705e-01 2.609265e-02 7.752051e-01 6.476812e+00
9.625759e-01 -1.328687e-02 2.706862e-01 -6.852036e+00 -9.496749e-03 9.965304e-01 8.268658e-02 9.801030e-02 -2.708456e-01 -8.216276e-02 9.591100e-01 6.545253e+00
7.878255e-01 6.978862e-02 -6.119319e-01 -7.268182e+00 -9.613089e-02 9.953159e-01 -1.025056e-02 1.146412e-01 6.083502e-01 6.690121e-02 7.908441e-01 6.593939e+00
9.638604e-01 -5.838925e-02 2.599304e-01 -7.671006e+00 3.479135e-02 9.949185e-01 9.448120e-02 1.301877e-01 -2.641263e-01 -8.202336e-02 9.609940e-01 6.669036e+00
7.942705e-01 1.156789e-01 -5.964502e-01 -7.998022e+00 -1.378747e-01 9.904133e-01 8.483599e-03 1.415831e-01 5.917136e-01 7.549715e-02 8.026053e-01 6.796084e+00
9.644070e-01 -1.069754e-01 2.418170e-01 -8.317416e+00 8.214703e-02 9.904699e-01 1.105497e-01 1.519135e-01 -2.513386e-01 -8.675032e-02 9.640038e-01 6.974868e+00
7.836566e-01 1.499744e-01 -6.028184e-01 -8.682581e+00 -1.775035e-01 9.840197e-01 1.406060e-02 1.654226e-01 5.952939e-01 9.598369e-02 7.977545e-01 7.105305e+00
9.524739e-01 -1.518925e-01 2.640496e-01 -8.998625e+00 1.294003e-01 9.864672e-01 1.006875e-01 1.767399e-01 -2.757699e-01 -6.173412e-02 9.592392e-01 7.194721e+00
7.011269e-01 2.459150e-01 -6.692884e-01 -9.353132e+00 -2.313513e-01 9.663209e-01 1.126961e-01 1.892698e-01 6.744610e-01 7.582649e-02 7.344063e-01 7.373839e+00
9.349767e-01 -1.983540e-01 2.940649e-01 -9.684400e+00 1.949091e-01 9.799518e-01 4.128986e-02 2.003983e-01 -2.963595e-01 1.871088e-02 9.548932e-01 7.555629e+00
6.530964e-01 3.148009e-01 -6.887419e-01 -1.004879e+01 -2.225776e-01 9.491255e-01 2.227553e-01 2.112700e-01 7.238261e-01 7.817854e-03 6.899381e-01 7.862900e+00
7.933185e-01 -1.995110e-01 5.751878e-01 -1.021094e+01 2.415462e-01 9.703832e-01 3.440697e-03 2.038496e-01 -5.588391e-01 1.362049e-01 8.180141e-01 8.486515e+00
6.632298e-01 4.065449e-01 -6.283689e-01 -1.022967e+01 -2.663897e-01 9.128472e-01 3.094293e-01 1.874504e-01 6.994017e-01 -3.783174e-02 7.137268e-01 9.266487e+00
9.016663e-01 -2.447744e-01 3.564875e-01 -1.040425e+01 2.847895e-01 9.564796e-01 -6.357396e-02 1.850062e-01 -3.254117e-01 1.588464e-01 9.321347e-01 9.810209e+00
7.168342e-01 3.497411e-01 -6.031831e-01 -1.067725e+01 -2.072869e-01 9.328795e-01 2.945639e-01 1.927018e-01 6.657183e-01 -8.612154e-02 7.412167e-01 1.003566e+01
9.631173e-01 -1.739408e-01 2.053039e-01 -1.104083e+01 2.035216e-01 9.700038e-01 -1.329344e-01 2.044400e-01 -1.760229e-01 1.698152e-01 9.696282e-01 1.029981e+01
8.283158e-01 2.536106e-01 -4.995743e-01 -1.136461e+01 -1.367410e-01 9.562276e-01 2.587097e-01 2.142577e-01 5.433183e-01 -1.459810e-01 8.267374e-01 1.057187e+01
9.724200e-01 -1.074393e-01 2.070173e-01 -1.160825e+01 1.359780e-01 9.822860e-01 -1.289345e-01 2.190799e-01 -1.894976e-01 1.535282e-01 9.698040e-01 1.080072e+01
7.623088e-01 3.144878e-01 -5.656702e-01 -1.183241e+01 -1.327798e-01 9.314105e-01 3.388866e-01 2.151163e-01 6.334468e-01 -1.832267e-01 7.517800e-01 1.149006e+01
9.752264e-01 -7.974243e-02 2.063362e-01 -1.208384e+01 1.198134e-01 9.745106e-01 -1.896679e-01 2.174230e-01 -1.859522e-01 2.096910e-01 9.599226e-01 1.194794e+01
8.851503e-01 2.438363e-01 -3.962988e-01 -1.219481e+01 -1.061878e-01 9.350774e-01 3.381632e-01 2.071992e-01 4.530266e-01 -2.572432e-01 8.535765e-01 1.258135e+01
9.744879e-01 -8.354004e-02 2.083133e-01 -1.231601e+01 1.253523e-01 9.724775e-01 -1.964036e-01 2.027949e-01 -1.861724e-01 2.175055e-01 9.581394e-01 1.302290e+01
8.548633e-01 1.854315e-01 -4.845863e-01 -1.259955e+01 -4.152404e-02 9.554113e-01 2.923440e-01 2.119920e-01 5.171890e-01 -2.297922e-01 8.244459e-01 1.314744e+01
9.793791e-01 1.040390e-01 -1.731835e-01 -1.302580e+01 -1.209696e-01 9.885461e-01 -9.023822e-02 2.186138e-01 1.618116e-01 1.093274e-01 9.807469e-01 1.385064e+01
6.376727e-01 1.499352e-01 -7.555746e-01 -1.357591e+01 3.769244e-02 9.736258e-01 2.250158e-01 2.273601e-01 7.693847e-01 -1.719659e-01 6.152032e-01 1.505668e+01
9.876092e-01 1.549143e-01 -2.509307e-02 -1.406153e+01 -1.553859e-01 9.876885e-01 -1.807140e-02 2.379627e-01 2.198462e-02 2.174659e-02 9.995218e-01 1.598356e+01
8.144870e-01 -1.966109e-02 -5.798485e-01 -1.441946e+01 5.917786e-02 9.970284e-01 4.931794e-02 2.478843e-01 5.771558e-01 -7.448302e-02 8.132302e-01 1.644931e+01
9.498767e-01 7.566672e-02 3.033294e-01 -1.463493e+01 -7.780771e-02 9.969556e-01 -5.039489e-03 2.511391e-01 -3.027873e-01 -1.881447e-02 9.528724e-01 1.675570e+01
8.584290e-01 -1.077300e-02 -5.128193e-01 -1.482024e+01 4.180719e-02 9.979225e-01 4.901900e-02 2.526552e-01 5.112258e-01 -6.351886e-02 8.570960e-01 1.696959e+01
9.807246e-01 1.734393e-01 -8.998936e-02 -1.515548e+01 -1.588410e-01 9.758801e-01 1.497583e-01 2.529738e-01 1.137928e-01 -1.325776e-01 9.846189e-01 1.774848e+01
7.179359e-01 9.563338e-02 -6.895087e-01 -1.554735e+01 -1.056193e-01 9.940153e-01 2.789395e-02 2.552341e-01 6.880498e-01 5.279939e-02 7.237401e-01 1.880237e+01
9.998387e-01 3.966726e-03 -1.751568e-02 -1.595092e+01 -7.201895e-04 9.833738e-01 1.815916e-01 2.582973e-01 1.794479e-02 -1.815497e-01 9.832180e-01 1.975941e+01
8.822366e-01 1.263526e-01 -4.535345e-01 -1.620321e+01 -1.632967e-01 9.856369e-01 -4.305858e-02 2.576938e-01 4.415798e-01 1.120486e-01 8.901980e-01 2.043671e+01
9.693893e-01 -1.458403e-01 1.975222e-01 -1.639200e+01 1.164418e-01 9.813273e-01 1.530948e-01 2.576319e-01 -2.161613e-01 -1.254087e-01 9.682701e-01 2.078227e+01
7.659607e-01 2.301916e-01 -6.002633e-01 -1.670398e+01 -2.439332e-01 9.679391e-01 5.992069e-02 2.663261e-01 5.948115e-01 1.005272e-01 7.975547e-01 2.103436e+01
9.819831e-01 -1.822817e-01 4.982624e-02 -1.706020e+01 1.787271e-01 9.815207e-01 6.836454e-02 2.775020e-01 -6.136709e-02 -5.822753e-02 9.964154e-01 2.135686e+01
7.834545e-01 2.977860e-01 -5.454563e-01 -1.740413e+01 -2.513887e-01 9.545606e-01 1.600554e-01 2.869516e-01 5.683334e-01 1.172546e-02 8.227148e-01 2.173297e+01
9.785517e-01 -1.983830e-01 5.550488e-02 -1.776511e+01 2.005050e-01 9.790438e-01 -3.565215e-02 2.978048e-01 -4.726893e-02 4.601647e-02 9.978217e-01 2.209373e+01
8.022731e-01 3.028044e-01 -5.144584e-01 -1.813027e+01 -2.084791e-01 9.496593e-01 2.338456e-01 3.093988e-01 5.593696e-01 -8.035417e-02 8.250144e-01 2.242842e+01
9.872544e-01 -1.512050e-01 4.965703e-02 -1.850833e+01 1.562450e-01 9.801907e-01 -1.217117e-01 3.213721e-01 -3.026995e-02 1.279190e-01 9.913226e-01 2.276241e+01
8.442205e-01 2.476257e-01 -4.753665e-01 -1.886915e+01 -1.330383e-01 9.559375e-01 2.616951e-01 3.319776e-01 5.192231e-01 -1.576864e-01 8.399657e-01 2.311176e+01
9.828732e-01 -9.872272e-02 1.556089e-01 -1.916213e+01 1.253974e-01 9.770516e-01 -1.721789e-01 3.395857e-01 -1.350399e-01 1.887430e-01 9.726974e-01 2.339097e+01
8.361146e-01 2.090163e-01 -5.071731e-01 -1.945629e+01 -6.093673e-02 9.542304e-01 2.927987e-01 3.481668e-01 5.451597e-01 -2.139078e-01 8.105827e-01 2.362459e+01
9.946760e-01 -1.772283e-02 1.015162e-01 -1.975216e+01 3.671125e-02 9.814121e-01 -1.883681e-01 3.566078e-01 -9.629079e-02 1.910920e-01 9.768377e-01 2.389177e+01
8.223520e-01 1.428147e-01 -5.507641e-01 -2.005628e+01 2.018822e-02 9.600534e-01 2.790878e-01 3.651592e-01 5.686208e-01 -2.406273e-01 7.866186e-01 2.419355e+01
9.949882e-01 7.800597e-02 6.255801e-02 -2.041313e+01 -6.550080e-02 9.811754e-01 -1.816716e-01 3.775647e-01 -7.555185e-02 1.766635e-01 9.813674e-01 2.446247e+01
8.577640e-01 7.553055e-03 -5.139882e-01 -2.073855e+01 9.987860e-02 9.783874e-01 1.810588e-01 3.891503e-01 5.042472e-01 -2.066421e-01 8.384711e-01 2.465475e+01
9.791737e-01 1.360696e-01 1.506785e-01 -2.105804e+01 -1.183491e-01 9.855795e-01 -1.209399e-01 4.008320e-01 -1.649619e-01 1.005884e-01 9.811572e-01 2.474338e+01
8.351096e-01 -3.746927e-02 -5.488059e-01 -2.145754e+01 1.092748e-01 9.890940e-01 9.875222e-02 4.163094e-01 5.391205e-01 -1.424396e-01 8.300964e-01 2.482538e+01
9.678364e-01 1.411529e-01 2.082512e-01 -2.180816e+01 -1.315005e-01 9.895253e-01 -5.955988e-02 4.293934e-01 -2.144769e-01 3.025908e-02 9.762602e-01 2.489707e+01
8.112506e-01 -3.786486e-02 -5.834712e-01 -2.206628e+01 8.431568e-02 9.950468e-01 5.265700e-02 4.369382e-01 5.785873e-01 -9.191380e-02 8.104249e-01 2.505842e+01
9.646079e-01 1.162940e-01 2.366586e-01 -2.221088e+01 -1.306326e-01 9.903732e-01 4.578214e-02 4.358447e-01 -2.290562e-01 -7.507714e-02 9.705136e-01 2.538814e+01
7.459961e-01 3.562678e-02 -6.649966e-01 -2.238318e+01 -1.028519e-02 9.990652e-01 4.198633e-02 4.339176e-01 6.658709e-01 -2.448202e-02 7.456652e-01 2.588819e+01
9.835947e-01 4.674066e-02 1.742319e-01 -2.261261e+01 -6.907541e-02 9.898228e-01 1.244160e-01 4.333278e-01 -1.666435e-01 -1.344100e-01 9.768131e-01 2.651321e+01
8.026295e-01 4.554717e-02 -5.947364e-01 -2.283189e+01 -7.712771e-02 9.966346e-01 -2.776203e-02 4.360788e-01 5.914704e-01 6.815328e-02 8.034413e-01 2.691870e+01
9.343206e-01 -8.520618e-02 3.460995e-01 -2.295903e+01 4.194322e-02 9.905432e-01 1.306329e-01 4.365817e-01 -3.539573e-01 -1.075365e-01 9.290587e-01 2.710758e+01
8.180450e-01 9.708221e-02 -5.669017e-01 -2.299406e+01 -1.294747e-01 9.914361e-01 -1.704942e-02 4.334561e-01 5.603916e-01 8.734664e-02 8.236090e-01 2.722093e+01
9.903509e-01 -6.498735e-02 1.224001e-01 -2.304251e+01 4.927797e-02 9.906443e-01 1.272618e-01 4.307719e-01 -1.295254e-01 -1.200022e-01 9.842879e-01 2.745628e+01
8.418414e-01 1.212145e-01 -5.259374e-01 -2.309008e+01 -1.240961e-01 9.918180e-01 2.995321e-02 4.284736e-01 5.252650e-01 4.005094e-02 8.499957e-01 2.772222e+01
9.850146e-01 -8.257158e-02 1.514205e-01 -2.326921e+01 6.696377e-02 9.921692e-01 1.054328e-01 4.331836e-01 -1.589405e-01 -9.371315e-02 9.828305e-01 2.783833e+01
7.782365e-01 1.876750e-01 -5.992713e-01 -2.349214e+01 -1.905313e-01 9.798800e-01 5.943991e-02 4.376507e-01 5.983693e-01 6.792160e-02 7.983363e-01 2.816015e+01
9.463959e-01 -2.060379e-01 2.487634e-01 -2.340412e+01 1.948578e-01 9.783987e-01 6.903976e-02 4.334471e-01 -2.576146e-01 -1.686544e-02 9.661005e-01 2.824739e+01
8.585643e-01 2.251599e-01 -4.606196e-01 -2.335256e+01 -2.030940e-01 9.742738e-01 9.769039e-02 4.303193e-01 4.707655e-01 9.675599e-03 8.822053e-01 2.820314e+01
9.357599e-01 -2.092275e-01 2.838614e-01 -2.357190e+01 2.125077e-01 9.769637e-01 1.955708e-02 4.360172e-01 -2.814141e-01 4.202199e-02 9.586659e-01 2.828422e+01
8.362723e-01 2.554542e-01 -4.851718e-01 -2.383844e+01 -2.111988e-01 9.666398e-01 1.449229e-01 4.445814e-01 5.060076e-01 -1.872733e-02 8.623257e-01 2.836060e+01
9.637596e-01 -1.276468e-01 2.342513e-01 -2.376145e+01 8.995040e-02 9.821632e-01 1.651192e-01 4.112847e-01 -2.511499e-01 -1.380642e-01 9.580511e-01 2.966520e+01
5.166597e-01 4.154443e-01 -7.486447e-01 -2.391546e+01 -2.540884e-01 9.093968e-01 3.292971e-01 3.949309e-01 8.176197e-01 2.008740e-02 5.754082e-01 3.112737e+01
9.578903e-01 -1.564947e-01 2.407396e-01 -2.413230e+01 1.696397e-01 9.848933e-01 -3.474970e-02 3.802990e-01 -2.316647e-01 7.412539e-02 9.699675e-01 3.245353e+01
7.999836e-01 3.105638e-01 -5.133968e-01 -2.403352e+01 -1.454710e-01 9.304894e-01 3.361960e-01 3.626462e-01 5.821206e-01 -1.942669e-01 7.895543e-01 3.323041e+01
9.054303e-01 -1.794465e-01 3.847010e-01 -2.383022e+01 2.772019e-01 9.362908e-01 -2.156816e-01 3.565345e-01 -3.214887e-01 3.019245e-01 8.974891e-01 3.316186e+01
-1.732158e-01 3.760012e-01 -9.102853e-01 -2.311345e+01 2.971671e-01 9.011336e-01 3.156739e-01 3.742485e-01 9.389824e-01 -2.158271e-01 -2.678258e-01 3.160326e+01
9.365769e-01 3.012511e-01 1.790853e-01 -2.252308e+01 -2.117861e-01 8.936436e-01 -3.956611e-01 3.986567e-01 -2.792318e-01 3.326393e-01 9.007667e-01 3.023821e+01
8.887823e-01 -1.835124e-01 -4.199872e-01 -2.254502e+01 3.433467e-01 8.735970e-01 3.448786e-01 3.965371e-01 3.036101e-01 -4.507232e-01 8.394459e-01 3.023671e+01
9.008861e-01 3.091458e-01 3.046854e-01 -2.263100e+01 -1.651514e-01 8.932865e-01 -4.180482e-01 3.959266e-01 -4.014092e-01 3.262946e-01 8.558052e-01 3.028397e+01
8.517009e-01 -1.488947e-01 -5.024301e-01 -2.267592e+01 3.535319e-01 8.709834e-01 3.411790e-01 3.940957e-01 3.868086e-01 -4.682075e-01 7.944563e-01 3.031581e+01
9.065884e-01 3.454287e-01 2.424385e-01 -2.278239e+01 -2.362750e-01 8.914592e-01 -3.866195e-01 3.954905e-01 -3.496735e-01 2.932226e-01 8.898028e-01 3.034564e+01
8.645512e-01 -2.138276e-01 -4.547846e-01 -2.292974e+01 3.751022e-01 8.768161e-01 3.008185e-01 3.983781e-01 3.344392e-01 -4.306637e-01 8.382596e-01 3.033764e+01
8.668155e-01 4.536789e-01 2.068972e-01 -2.282044e+01 -4.314740e-01 8.904277e-01 -1.448058e-01 3.660147e-01 -2.499223e-01 3.624911e-02 9.675871e-01 3.154640e+01
7.229605e-01 -2.937672e-01 -6.253231e-01 -2.284576e+01 4.030871e-01 9.144360e-01 3.643685e-02 3.549196e-01 5.611140e-01 -2.784021e-01 7.795148e-01 3.219572e+01
7.866554e-01 4.139081e-01 4.580976e-01 -2.275191e+01 -4.684569e-01 8.834646e-01 6.201777e-03 3.249044e-01 -4.021461e-01 -2.194777e-01 8.888803e-01 3.332211e+01
5.805831e-01 -2.684971e-01 -7.686564e-01 -2.260321e+01 2.805875e-01 9.522116e-01 -1.206803e-01 3.011840e-01 7.643258e-01 -1.456104e-01 6.281748e-01 3.429791e+01
9.613876e-01 2.732541e-01 3.265023e-02 -2.199277e+01 -2.743591e-01 9.424323e-01 1.911765e-01 3.046139e-01 2.146912e-02 -1.927526e-01 9.810125e-01 3.343082e+01
5.914510e-01 -2.330508e-01 -7.719281e-01 -2.159988e+01 1.853344e-02 9.609984e-01 -2.759322e-01 3.113388e-01 8.061279e-01 1.488939e-01 5.727027e-01 3.272871e+01
7.172240e-01 -3.528107e-02 6.959490e-01 -2.153534e+01 -1.817125e-01 9.546949e-01 2.356655e-01 3.079807e-01 -6.727335e-01 -2.954876e-01 6.783191e-01 3.266299e+01
6.001871e-01 -1.173324e-01 -7.912070e-01 -2.159558e+01 -9.439467e-02 9.718796e-01 -2.157304e-01 3.071112e-01 7.942702e-01 2.041643e-01 5.722340e-01 3.267719e+01
6.159598e-01 -1.383481e-01 7.755342e-01 -2.162890e+01 -9.113724e-02 9.653337e-01 2.445913e-01 3.049693e-01 -7.824880e-01 -2.213385e-01 5.819981e-01 3.268449e+01
-7.801510e-01 -1.403143e-02 -6.254339e-01 -2.038411e+01 -1.875533e-01 9.590075e-01 2.124344e-01 3.207758e-01 5.968150e-01 2.830331e-01 -7.508023e-01 3.068305e+01
7.055755e-01 -2.223166e-01 6.728585e-01 -1.951431e+01 2.899565e-01 9.569630e-01 1.213125e-02 3.462829e-01 -6.465976e-01 1.865402e-01 7.396717e-01 2.891253e+01
4.781499e-01 3.503978e-01 -8.053534e-01 -1.974697e+01 -1.873526e-01 9.365554e-01 2.962480e-01 3.535631e-01 8.580627e-01 9.234103e-03 5.134618e-01 2.896415e+01
7.969510e-01 -1.973445e-01 5.708977e-01 -1.996740e+01 2.644857e-01 9.637144e-01 -3.608070e-02 3.603015e-01 -5.430620e-01 1.797488e-01 8.202280e-01 2.907902e+01
6.129110e-01 3.129535e-01 -7.255344e-01 -2.007951e+01 -1.626631e-01 9.485280e-01 2.717267e-01 3.623599e-01 7.732275e-01 -4.852659e-02 6.322692e-01 2.913853e+01
7.620258e-01 -1.174265e-01 -6.368106e-01 -1.926621e+01 -2.187666e-02 9.781905e-01 -2.065545e-01 3.839446e-01 6.471770e-01 1.713311e-01 7.428375e-01 2.731064e+01
4.686450e-02 8.727901e-03 -9.988631e-01 -1.800045e+01 2.176831e-01 9.758396e-01 1.873994e-02 4.404980e-01 9.748937e-01 -2.183138e-01 4.383232e-02 2.397193e+01
9.427109e-01 2.807660e-01 -1.801849e-01 -1.770966e+01 -2.817978e-01 9.592572e-01 2.038443e-02 4.767675e-01 1.785669e-01 3.155910e-02 9.834215e-01 2.264065e+01
8.461987e-01 -1.245499e-01 -5.181072e-01 -1.806938e+01 1.508242e-01 9.885223e-01 8.698838e-03 4.880614e-01 5.110771e-01 -8.550407e-02 8.552715e-01 2.306503e+01
9.782180e-01 2.047831e-01 3.396216e-02 -1.836450e+01 -2.070319e-01 9.743719e-01 8.796138e-02 4.966316e-01 -1.507877e-02 -9.307666e-02 9.955448e-01 2.337874e+01
8.872128e-01 -8.839753e-02 -4.528127e-01 -1.854322e+01 7.700329e-02 9.960780e-01 -4.357771e-02 4.956510e-01 4.548890e-01 3.794632e-03 8.905401e-01 2.382332e+01
9.899222e-01 1.055038e-01 9.446177e-02 -1.863194e+01 -1.180683e-01 9.832041e-01 1.391744e-01 4.936306e-01 -7.819177e-02 -1.489248e-01 9.857522e-01 2.414678e+01
9.045843e-01 -7.002725e-02 -4.205039e-01 -1.870529e+01 3.012138e-02 9.944496e-01 -1.008106e-01 4.945612e-01 4.252294e-01 7.852552e-02 9.016727e-01 2.421900e+01
9.807245e-01 3.372931e-02 1.924622e-01 -1.874301e+01 -6.226126e-02 9.875899e-01 1.441864e-01 4.932064e-01 -1.852104e-01 -1.533901e-01 9.706537e-01 2.428048e+01
8.980866e-01 -5.481540e-02 -4.363893e-01 -1.848214e+01 6.277274e-03 9.936995e-01 -1.119012e-01 4.880847e-01 4.397738e-01 9.775765e-02 8.927723e-01 2.410704e+01
9.878647e-01 -1.104428e-02 1.549235e-01 -1.837210e+01 -1.613511e-02 9.847742e-01 1.730882e-01 4.845454e-01 -1.544763e-01 -1.734874e-01 9.726455e-01 2.405554e+01
8.658580e-01 4.582635e-02 -4.981866e-01 -1.855088e+01 -1.019832e-01 9.910544e-01 -8.608528e-02 4.894954e-01 4.897851e-01 1.253443e-01 8.627858e-01 2.420515e+01
9.799287e-01 -9.192240e-02 1.768899e-01 -1.868371e+01 6.423687e-02 9.856144e-01 1.563260e-01 4.932793e-01 -1.887151e-01 -1.418254e-01 9.717367e-01 2.427380e+01
8.570228e-01 1.492938e-01 -4.931767e-01 -1.881353e+01 -1.760635e-01 9.843465e-01 -7.976065e-03 4.951862e-01 4.842660e-01 9.366608e-02 8.698926e-01 2.441768e+01
9.887092e-01 -1.348265e-01 6.539044e-02 -1.900635e+01 1.258071e-01 9.839489e-01 1.265587e-01 4.989529e-01 -8.140432e-02 -1.169032e-01 9.898015e-01 2.468075e+01
8.952521e-01 1.916034e-01 -4.022584e-01 -1.914937e+01 -1.977211e-01 9.798946e-01 2.670160e-02 5.011573e-01 3.992869e-01 5.563029e-02 9.151367e-01 2.487329e+01
9.907768e-01 -1.324146e-01 -2.877148e-02 -1.932392e+01 1.347708e-01 9.850075e-01 1.076896e-01 5.019461e-01 1.408045e-02 -1.105739e-01 9.937682e-01 2.520260e+01
8.639417e-01 2.448136e-01 -4.400807e-01 -1.952706e+01 -2.267348e-01 9.693948e-01 9.415390e-02 5.053309e-01 4.496621e-01 1.843815e-02 8.930084e-01 2.555487e+01
9.798831e-01 -1.881709e-01 6.648976e-02 -1.965224e+01 1.863386e-01 9.819374e-01 3.281693e-02 5.053204e-01 -7.146397e-02 -1.976714e-02 9.972473e-01 2.582137e+01
8.638247e-01 2.819284e-01 -4.175205e-01 -1.973695e+01 -2.286432e-01 9.578789e-01 1.737535e-01 5.027687e-01 4.489201e-01 -5.462934e-02 8.919004e-01 2.612563e+01
9.790038e-01 -1.874203e-01 8.015677e-02 -1.985001e+01 1.910802e-01 9.807319e-01 -4.065998e-02 5.009435e-01 -7.099180e-02 5.512265e-02 9.959526e-01 2.645892e+01
9.549944e-01 2.181709e-01 -2.009655e-01 -1.990893e+01 -1.896063e-01 9.700160e-01 1.520477e-01 4.970921e-01 2.281121e-01 -1.071004e-01 9.677264e-01 2.667283e+01
9.675856e-01 -2.074212e-01 1.440641e-01 -1.979803e+01 2.189379e-01 9.732859e-01 -6.914277e-02 4.905461e-01 -1.258739e-01 9.844264e-02 9.871498e-01 2.674045e+01
9.530786e-01 2.077516e-01 -2.201827e-01 -1.950632e+01 -1.694793e-01 9.688542e-01 1.805499e-01 4.819313e-01 2.508345e-01 -1.347619e-01 9.586038e-01 2.670179e+01
9.850398e-01 -1.673909e-01 4.095061e-02 -1.936242e+01 1.709084e-01 9.793763e-01 -1.077605e-01 4.761911e-01 -2.206794e-02 1.131471e-01 9.933331e-01 2.673783e+01
9.744053e-01 1.772804e-01 -1.382243e-01 -1.918516e+01 -1.435107e-01 9.638455e-01 2.245141e-01 4.662832e-01 1.730288e-01 -1.989311e-01 9.646178e-01 2.686095e+01
9.858156e-01 -1.620372e-01 4.372145e-02 -1.911675e+01 1.666675e-01 9.758087e-01 -1.414898e-01 4.586732e-01 -1.973716e-02 1.467698e-01 9.889737e-01 2.699450e+01
9.897413e-01 1.426908e-01 -7.176508e-03 -1.908469e+01 -1.388701e-01 9.726139e-01 1.863792e-01 4.536927e-01 3.357457e-02 -1.834706e-01 9.824517e-01 2.701705e+01
9.846570e-01 -1.700063e-01 3.935121e-02 -1.890659e+01 1.738563e-01 9.751184e-01 -1.375430e-01 4.459896e-01 -1.498890e-02 1.422741e-01 9.897138e-01 2.702213e+01
9.892159e-01 1.412281e-01 3.881319e-02 -1.874252e+01 -1.459113e-01 9.732570e-01 1.774281e-01 4.384550e-01 -1.271738e-02 -1.811780e-01 9.833681e-01 2.702708e+01
9.820822e-01 -1.818884e-01 4.930778e-02 -1.863686e+01 1.868503e-01 9.738618e-01 -1.291519e-01 4.317081e-01 -2.452772e-02 1.360510e-01 9.903982e-01 2.703033e+01
9.819466e-01 1.833204e-01 -4.663196e-02 -1.848256e+01 -1.683524e-01 9.593684e-01 2.264284e-01 4.195217e-01 8.624617e-02 -2.144900e-01 9.729109e-01 2.725269e+01
9.872897e-01 -1.573083e-01 2.265324e-02 -1.825815e+01 1.589266e-01 9.761147e-01 -1.481298e-01 4.055647e-01 1.189895e-03 1.498473e-01 9.887084e-01 2.746734e+01
9.862772e-01 1.484877e-01 -7.217172e-02 -1.799158e+01 -1.289977e-01 9.659113e-01 2.244437e-01 3.935808e-01 1.030386e-01 -2.120537e-01 9.718108e-01 2.756437e+01
9.883518e-01 -1.506299e-01 2.171292e-02 -1.773892e+01 1.521256e-01 9.738021e-01 -1.690184e-01 3.849042e-01 4.315145e-03 1.703528e-01 9.853737e-01 2.754376e+01
9.929972e-01 1.101092e-01 4.280864e-02 -1.749362e+01 -1.163524e-01 9.742867e-01 1.929446e-01 3.773901e-01 -2.046293e-02 -1.965743e-01 9.802754e-01 2.748969e+01
9.864886e-01 -1.333528e-01 -9.516976e-02 -1.720723e+01 1.181048e-01 9.814533e-01 -1.509987e-01 3.692298e-01 1.135408e-01 1.377185e-01 9.839421e-01 2.741886e+01
9.891440e-01 8.990379e-02 1.162384e-01 -1.697120e+01 -1.108429e-01 9.757965e-01 1.885073e-01 3.607699e-01 -9.647753e-02 -1.993451e-01 9.751685e-01 2.739876e+01
9.745174e-01 -1.174702e-01 -1.910930e-01 -1.666168e+01 8.677758e-02 9.830100e-01 -1.617438e-01 3.527097e-01 2.068464e-01 1.410396e-01 9.681541e-01 2.731815e+01
9.855167e-01 8.856476e-02 -1.446138e-01 -1.625950e+01 -5.236996e-02 9.700508e-01 2.371893e-01 3.468444e-01 1.612894e-01 -2.261806e-01 9.606394e-01 2.708277e+01
8.579530e-01 -1.769785e-02 -5.134233e-01 -1.565804e+01 -7.542852e-02 9.842356e-01 -1.599713e-01 3.460478e-01 5.081606e-01 1.759746e-01 8.430929e-01 2.651653e+01
9.944389e-01 -8.512464e-02 -6.200893e-02 -1.511981e+01 9.751842e-02 9.666132e-01 2.369581e-01 3.432304e-01 3.976768e-02 -2.416874e-01 9.695389e-01 2.604544e+01
9.968649e-01 7.019339e-02 -3.651480e-02 -1.483689e+01 -7.585078e-02 9.791329e-01 -1.885350e-01 3.357340e-01 2.251893e-02 1.907136e-01 9.813874e-01 2.595516e+01
9.947744e-01 -9.254594e-02 -4.311818e-02 -1.464904e+01 1.001524e-01 9.665753e-01 2.360121e-01 3.271863e-01 1.983501e-02 -2.390972e-01 9.707930e-01 2.595298e+01
9.342316e-01 1.083808e-01 -3.398013e-01 -1.422159e+01 -1.652794e-01 9.757988e-01 -1.431760e-01 3.224951e-01 3.160602e-01 1.899217e-01 9.295352e-01 2.567056e+01
9.728504e-01 -1.466568e-01 -1.790360e-01 -1.367041e+01 1.819452e-01 9.627491e-01 2.000253e-01 3.179219e-01 1.430317e-01 -2.271694e-01 9.632944e-01 2.526774e+01
9.878487e-01 1.551709e-01 8.772303e-03 -1.340011e+01 -1.517540e-01 9.752029e-01 -1.610900e-01 3.112223e-01 -3.355125e-02 1.578013e-01 9.869007e-01 2.513836e+01
9.387431e-01 -1.584830e-01 -3.060139e-01 -1.310007e+01 2.139489e-01 9.641467e-01 1.569937e-01 3.054448e-01 2.701615e-01 -2.128481e-01 9.389933e-01 2.495206e+01
9.786492e-01 1.867848e-01 8.577416e-02 -1.283088e+01 -1.745743e-01 9.756495e-01 -1.327849e-01 2.991751e-01 -1.084877e-01 1.149758e-01 9.874264e-01 2.483554e+01
9.300336e-01 -1.853494e-01 -3.173059e-01 -1.250668e+01 2.334595e-01 9.648493e-01 1.206752e-01 2.931720e-01 2.837853e-01 -1.863101e-01 9.406139e-01 2.463991e+01
9.709248e-01 2.116500e-01 1.118450e-01 -1.217234e+01 -2.010557e-01 9.745765e-01 -9.887984e-02 2.871608e-01 -1.299294e-01 7.351781e-02 9.887939e-01 2.444317e+01
9.423986e-01 -2.113360e-01 -2.592722e-01 -1.185921e+01 2.425849e-01 9.654911e-01 9.476000e-02 2.803432e-01 2.302988e-01 -1.521972e-01 9.611444e-01 2.430060e+01
9.746340e-01 2.184083e-01 -4.884951e-02 -1.140472e+01 -2.201615e-01 9.748740e-01 -3.390567e-02 2.759267e-01 4.021684e-02 4.380040e-02 9.982305e-01 2.398226e+01
9.300678e-01 -2.185112e-01 -2.953416e-01 -1.102455e+01 2.356275e-01 9.715665e-01 2.319805e-02 2.706077e-01 2.818750e-01 -9.116636e-02 9.551100e-01 2.372632e+01
9.516602e-01 2.216005e-01 -2.126877e-01 -1.065964e+01 -2.092247e-01 9.746450e-01 7.932279e-02 2.693775e-01 2.248729e-01 -3.098884e-02 9.738952e-01 2.333325e+01
9.176135e-01 -2.257350e-01 -3.271530e-01 -1.029765e+01 2.060106e-01 9.740020e-01 -9.423186e-02 2.685782e-01 3.399191e-01 1.907144e-02 9.402613e-01 2.286951e+01
9.826012e-01 1.853798e-01 -1.137085e-02 -1.004948e+01 -1.813787e-01 9.709620e-01 1.559956e-01 2.653364e-01 3.995910e-02 -1.512190e-01 9.876923e-01 2.265248e+01
9.705480e-01 -1.877567e-01 -1.509434e-01 -9.937943e+00 1.696613e-01 9.775371e-01 -1.250448e-01 2.590375e-01 1.710308e-01 9.575271e-02 9.806018e-01 2.265920e+01
9.847335e-01 1.695352e-01 -3.946773e-02 -9.833379e+00 -1.590087e-01 9.683639e-01 1.923217e-01 2.539972e-01 7.082442e-02 -1.831099e-01 9.805379e-01 2.265424e+01
9.398208e-01 -2.816488e-02 -3.405049e-01 -9.925854e+00 -5.602821e-03 9.951921e-01 -9.778158e-02 2.502373e-01 3.416218e-01 9.380496e-02 9.351445e-01 2.299073e+01
9.905090e-01 6.061703e-02 -1.233589e-01 -1.003844e+01 -3.237194e-02 9.751341e-01 2.192387e-01 2.482853e-01 1.335810e-01 -2.131645e-01 9.678414e-01 2.341268e+01
9.419646e-01 9.097892e-02 -3.231492e-01 -1.020282e+01 -1.140319e-01 9.920573e-01 -5.309535e-02 2.473161e-01 3.157520e-01 8.686327e-02 9.448574e-01 2.381930e+01
9.335329e-01 2.894772e-02 -3.573211e-01 -1.049579e+01 3.930023e-02 9.824632e-01 1.822678e-01 2.525396e-01 3.563310e-01 -1.841958e-01 9.160241e-01 2.437832e+01
9.970197e-01 5.824289e-02 5.059052e-02 -1.054371e+01 -5.230918e-02 9.923763e-01 -1.115935e-01 2.504032e-01 -5.670436e-02 1.086146e-01 9.924654e-01 2.462338e+01
9.682663e-01 -4.398598e-02 -2.460194e-01 -1.032105e+01 8.586708e-02 9.830155e-01 1.621957e-01 2.406389e-01 2.347065e-01 -1.781736e-01 9.555977e-01 2.469358e+01
9.918981e-01 1.093198e-01 -6.470965e-02 -1.030741e+01 -1.129543e-01 9.920516e-01 -5.545156e-02 2.358687e-01 5.813336e-02 6.231152e-02 9.963623e-01 2.486616e+01
9.845318e-01 -9.759048e-02 -1.455104e-01 -1.028004e+01 1.132210e-01 9.881845e-01 1.033071e-01 2.305505e-01 1.337093e-01 -1.181840e-01 9.839484e-01 2.498099e+01
9.923058e-01 1.081604e-01 -6.025314e-02 -1.015737e+01 -1.104141e-01 9.932546e-01 -3.541315e-02 2.238551e-01 5.601641e-02 4.179348e-02 9.975547e-01 2.502027e+01
9.871546e-01 -9.010767e-02 -1.319333e-01 -1.015772e+01 1.034298e-01 9.898104e-01 9.786551e-02 2.189638e-01 1.217705e-01 -1.102542e-01 9.864157e-01 2.514918e+01
9.935609e-01 7.780234e-02 8.236212e-02 -1.008730e+01 -7.222506e-02 9.950222e-01 -6.866097e-02 2.123615e-01 -8.729412e-02 6.227025e-02 9.942345e-01 2.522172e+01
9.940862e-01 -9.954351e-02 -4.340070e-02 -1.004033e+01 1.040110e-01 9.876635e-01 1.170575e-01 2.063220e-01 3.121298e-02 -1.208794e-01 9.921764e-01 2.524501e+01
9.830020e-01 1.238018e-01 -1.355734e-01 -1.007972e+01 -1.296616e-01 9.909316e-01 -3.524677e-02 2.031565e-01 1.299804e-01 5.222632e-02 9.901402e-01 2.533961e+01
9.866214e-01 -9.556433e-02 -1.320819e-01 -1.009846e+01 1.094295e-01 9.887437e-01 1.020344e-01 1.989057e-01 1.208443e-01 -1.151230e-01 9.859733e-01 2.550310e+01
9.824321e-01 1.279697e-01 -1.358340e-01 -1.005343e+01 -1.308713e-01 9.913191e-01 -1.261329e-02 1.939208e-01 1.330408e-01 3.016848e-02 9.906513e-01 2.559547e+01
9.453295e-01 -1.179798e-01 -3.040279e-01 -9.933155e+00 1.323690e-01 9.908304e-01 2.708409e-02 1.931273e-01 2.980447e-01 -6.584725e-02 9.522780e-01 2.544092e+01
9.508342e-01 1.245373e-01 -2.835574e-01 -9.583896e+00 -1.083705e-01 9.914948e-01 7.206920e-02 1.932051e-01 2.901209e-01 -3.779661e-02 9.562433e-01 2.498691e+01
9.920051e-01 -1.245231e-01 -2.049100e-02 -9.280850e+00 1.240296e-01 9.919927e-01 -2.381605e-02 1.879660e-01 2.329257e-02 2.108415e-02 9.995063e-01 2.476159e+01
9.852882e-01 1.085335e-01 -1.320135e-01 -9.009235e+00 -9.790746e-02 9.916018e-01 8.449854e-02 1.810194e-01 1.400757e-01 -7.033031e-02 9.876398e-01 2.464966e+01
9.648792e-01 -1.166126e-01 -2.353925e-01 -8.660767e+00 1.044960e-01 9.925055e-01 -6.335220e-02 1.775345e-01 2.410160e-01 3.652965e-02 9.698334e-01 2.431890e+01
9.933421e-01 8.647782e-02 -7.611257e-02 -8.370551e+00 -7.638565e-02 9.889873e-01 1.267648e-01 1.731952e-01 8.623671e-02 -1.201069e-01 9.890084e-01 2.409033e+01
9.808279e-01 -9.394266e-02 -1.707377e-01 -8.057428e+00 7.867405e-02 9.924486e-01 -9.410671e-02 1.674828e-01 1.782890e-01 7.886986e-02 9.808122e-01 2.390392e+01
9.907862e-01 6.264026e-02 -1.200789e-01 -7.708410e+00 -4.416283e-02 9.875794e-01 1.507867e-01 1.619953e-01 1.280327e-01 -1.440944e-01 9.812464e-01 2.367746e+01
9.973064e-01 -6.136109e-02 -4.018423e-02 -7.345376e+00 5.757135e-02 9.943217e-01 -8.949764e-02 1.546661e-01 4.544773e-02 8.694311e-02 9.951761e-01 2.356081e+01
9.840736e-01 1.798679e-02 1.768490e-01 -7.010607e+00 -4.032080e-02 9.915226e-01 1.235196e-01 1.431705e-01 -1.731281e-01 -1.286831e-01 9.764565e-01 2.359276e+01
9.916043e-01 -7.251700e-02 -1.070620e-01 -6.455661e+00 6.328541e-02 9.941748e-01 -8.724379e-02 1.333900e-01 1.127650e-01 7.973586e-02 9.904172e-01 2.343700e+01
9.972335e-01 2.997961e-02 6.801869e-02 -5.972025e+00 -3.753353e-02 9.929258e-01 1.126479e-01 1.228008e-01 -6.416037e-02 -1.148892e-01 9.913041e-01 2.325611e+01
9.914534e-01 -3.088278e-02 -1.267535e-01 -5.909467e+00 2.498034e-02 9.985400e-01 -4.789494e-02 1.142384e-01 1.280475e-01 4.431926e-02 9.907773e-01 2.338994e+01
9.897853e-01 1.018131e-02 1.422022e-01 -5.829757e+00 -2.384804e-02 9.952166e-01 9.473713e-02 1.053685e-01 -1.405574e-01 -9.716066e-02 9.852936e-01 2.356290e+01
9.755595e-01 -1.343830e-02 -2.193242e-01 -5.692815e+00 6.342408e-03 9.994344e-01 -3.302555e-02 9.782398e-02 2.196439e-01 3.082735e-02 9.750929e-01 2.361135e+01
9.570822e-01 -3.919906e-02 2.871536e-01 -5.436977e+00 1.910052e-02 9.971882e-01 7.246324e-02 8.852671e-02 -2.891866e-01 -6.386849e-02 9.551397e-01 2.361393e+01
8.611469e-01 2.295377e-02 -5.078377e-01 -5.110494e+00 -2.603726e-02 9.996604e-01 1.031961e-03 8.165305e-02 5.076889e-01 1.233403e-02 8.614522e-01 2.344094e+01
9.836076e-01 -6.179928e-02 1.694015e-01 -4.758637e+00 5.215302e-02 9.967855e-01 6.081714e-02 7.802443e-02 -1.726155e-01 -5.098540e-02 9.836688e-01 2.317721e+01
9.740524e-01 3.178342e-02 -2.240798e-01 -4.423673e+00 -3.606724e-02 9.992360e-01 -1.504928e-02 6.995264e-02 2.234303e-01 2.274073e-02 9.744546e-01 2.306383e+01
9.932328e-01 -4.548883e-02 -1.068611e-01 -4.134464e+00 5.266309e-02 9.964749e-01 6.530190e-02 6.580518e-02 1.035139e-01 -7.048763e-02 9.921272e-01 2.282667e+01
9.819004e-01 5.501492e-02 -1.812317e-01 -4.013411e+00 -5.515299e-02 9.984687e-01 4.281442e-03 6.182380e-02 1.811897e-01 5.791519e-03 9.834311e-01 2.274029e+01
9.826890e-01 -4.850754e-02 -1.787997e-01 -3.792875e+00 5.562508e-02 9.978378e-01 3.500842e-02 5.883992e-02 1.767149e-01 -4.434813e-02 9.832625e-01 2.254498e+01
9.950789e-01 3.505871e-02 -9.267597e-02 -3.485718e+00 -3.345567e-02 9.992635e-01 1.879508e-02 5.226320e-02 9.326665e-02 -1.560205e-02 9.955189e-01 2.238286e+01
9.723441e-01 -3.807097e-02 -2.304292e-01 -3.262268e+00 4.468705e-02 9.987232e-01 2.355962e-02 4.852013e-02 2.292381e-01 -3.320526e-02 9.728038e-01 2.217975e+01
9.895752e-01 2.533105e-02 -1.417722e-01 -2.887263e+00 -2.042094e-02 9.991438e-01 3.598236e-02 4.490462e-02 1.425623e-01 -3.271213e-02 9.892451e-01 2.186246e+01
9.764907e-01 -5.103726e-02 -2.094305e-01 -2.448528e+00 5.218203e-02 9.986376e-01 -5.949671e-05 4.109957e-02 2.091482e-01 -1.087041e-02 9.778235e-01 2.150566e+01
8.277962e-01 3.526903e-02 -5.599193e-01 -1.845911e+00 -4.521150e-04 9.980637e-01 6.219911e-02 4.369490e-02 5.610288e-01 -5.123504e-02 8.262092e-01 2.071453e+01
9.984052e-01 -4.598925e-02 3.274346e-02 -1.278548e+00 4.635926e-02 9.988682e-01 -1.063195e-02 4.106598e-02 -3.221745e-02 1.213296e-02 9.994072e-01 2.022377e+01
9.866837e-01 6.220171e-03 -1.625317e-01 -7.882888e-01 5.294589e-03 9.975106e-01 7.031721e-02 3.271136e-02 1.625644e-01 -7.024138e-02 9.841946e-01 1.998545e+01
9.986669e-01 -9.913440e-03 -5.065697e-02 -3.683545e-01 9.020758e-03 9.998005e-01 -1.782044e-02 2.652754e-02 5.082353e-02 1.733972e-02 9.985571e-01 1.973914e+01
9.962219e-01 -9.492518e-03 -8.632440e-02 -1.288698e-02 1.569686e-02 9.973185e-01 7.148025e-02 2.015341e-02 8.541439e-02 -7.256521e-02 9.936995e-01 1.954073e+01
9.977699e-01 9.663661e-03 -6.604470e-02 1.225616e-01 -1.067928e-02 9.998298e-01 -1.504202e-02 1.540111e-02 6.588810e-02 1.571378e-02 9.977033e-01 1.945397e+01
9.980862e-01 -2.738381e-02 -5.544494e-02 3.128854e-01 3.044576e-02 9.980135e-01 5.515517e-02 9.712398e-03 5.382444e-02 -5.673768e-02 9.969372e-01 1.937312e+01
9.891446e-01 3.363598e-02 -1.430438e-01 4.231286e-01 -3.175420e-02 9.993768e-01 1.541848e-02 5.328164e-03 1.434733e-01 -1.070886e-02 9.895963e-01 1.929732e+01
9.917419e-01 -5.346569e-02 1.165740e-01 5.502663e-01 5.076425e-02 9.983716e-01 2.602293e-02 -1.067047e-03 -1.177755e-01 -1.989023e-02 9.928410e-01 1.931609e+01
9.871045e-01 3.946655e-02 -1.551361e-01 1.071211e+00 -3.664791e-02 9.991078e-01 2.098821e-02 -7.784110e-03 1.558260e-01 -1.503214e-02 9.876701e-01 1.900094e+01
