9.999299e-01 5.010131e-04 -1.183321e-02 1.992608e-01 -4.994741e-04 9.999999e-01 1.330082e-04 -6.996996e-03 1.183327e-02 -1.270892e-04 9.999300e-01 -1.504944e-01
9.999999e-01 -1.451298e-04 4.584526e-04 3.425469e-01 1.449789e-04 9.999999e-01 3.292906e-04 -2.132107e-03 -4.585001e-04 -3.292234e-04 9.999998e-01 -7.133508e-01
9.999277e-01 6.572369e-04 -1.200385e-02 5.248245e-01 -6.543223e-04 9.999998e-01 2.467378e-04 2.714890e-03 1.200400e-02 -2.388663e-04 9.999279e-01 -1.356522e+00
9.999996e-01 8.913161e-04 -4.548519e-06 5.196847e-01 -8.913128e-04 9.999994e-01 6.660734e-04 -1.245023e-02 5.142537e-06 -6.660684e-04 9.999998e-01 -5.359307e-01
9.999577e-01 2.377961e-03 -8.883718e-03 5.047972e-01 -2.372639e-03 9.999970e-01 6.095895e-04 -5.260345e-02 8.885141e-03 -5.884866e-04 9.999604e-01 1.316959e+00
9.999863e-01 5.142828e-03 1.010184e-03 5.492772e-01 -5.141707e-03 9.999862e-01 -1.109024e-03 -1.345400e-01 -1.015873e-03 1.103815e-03 9.999989e-01 4.642227e+00
9.999311e-01 -1.206443e-03 -1.167496e-02 6.142099e-01 1.215570e-03 9.999990e-01 7.746465e-04 -1.782158e-01 1.167401e-02 -7.887856e-04 9.999315e-01 6.331208e+00
9.999989e-01 1.465487e-03 -6.280928e-05 7.422399e-01 -1.465509e-03 9.999989e-01 -3.487940e-04 -1.704066e-01 6.229839e-05 3.488864e-04 9.999999e-01 5.678172e+00
9.999439e-01 -5.381663e-04 -1.057893e-02 7.963013e-01 5.529133e-04 9.999989e-01 1.391122e-03 -1.848245e-01 1.057817e-02 -1.396893e-03 9.999431e-01 6.104137e+00
9.999703e-01 5.722760e-03 5.162726e-03 6.645449e-01 -5.722549e-03 9.999836e-01 -5.562680e-05 -2.329706e-01 -5.162959e-03 2.608192e-05 9.999867e-01 8.823852e+00
9.999547e-01 -2.225809e-04 -9.510833e-03 6.420574e-01 2.118180e-04 9.999993e-01 -1.132635e-03 -2.839346e-01 9.511079e-03 1.130569e-03 9.999541e-01 1.118246e+01
9.999978e-01 4.077569e-04 -2.066723e-03 7.502201e-01 -4.044573e-04 9.999986e-01 1.596684e-03 -2.773493e-01 2.067372e-03 -1.595844e-03 9.999966e-01 1.056328e+01
9.999716e-01 1.305145e-03 -7.427218e-03 7.460800e-01 -1.308776e-03 9.999990e-01 -4.839733e-04 -3.008260e-01 7.426578e-03 4.936794e-04 9.999723e-01 1.150536e+01
9.999976e-01 1.778492e-03 -1.316211e-03 8.973811e-01 -1.778439e-03 9.999984e-01 4.105284e-05 -3.370852e-01 1.316282e-03 -3.871123e-05 9.999991e-01 1.258375e+01
9.999221e-01 -1.499180e-03 -1.239368e-02 1.115349e+00 1.506527e-03 9.999987e-01 5.834575e-04 -3.323171e-01 1.239279e-02 -6.020841e-04 9.999230e-01 1.184429e+01
9.999976e-01 1.959377e-03 9.500023e-04 1.445593e+00 -1.959017e-03 9.999980e-01 -3.788118e-04 -3.362589e-01 -9.507424e-04 3.769506e-04 9.999995e-01 1.127809e+01
9.999110e-01 -1.693720e-03 -1.323099e-02 1.636375e+00 1.705480e-03 9.999982e-01 8.775648e-04 -3.337846e-01 1.322948e-02 -9.000526e-04 9.999121e-01 1.070363e+01
9.999943e-01 2.066168e-03 2.680255e-03 1.780857e+00 -2.064654e-03 9.999977e-01 -5.672091e-04 -3.310180e-01 -2.681421e-03 5.616728e-04 9.999962e-01 1.025859e+01
9.999065e-01 -1.746306e-03 -1.356309e-02 1.910727e+00 1.759474e-03 9.999980e-01 9.590140e-04 -3.252471e-01 1.356139e-02 -9.827890e-04 9.999076e-01 9.680455e+00
9.999949e-01 2.042902e-03 2.436458e-03 2.035844e+00 -2.041100e-03 9.999976e-01 -7.416090e-04 -3.155191e-01 -2.437967e-03 7.366329e-04 9.999968e-01 8.961141e+00
9.999235e-01 -1.848053e-03 -1.222834e-02 2.223122e+00 1.855944e-03 9.999981e-01 6.339467e-04 -3.109110e-01 1.222714e-02 -6.565941e-04 9.999250e-01 8.305339e+00
9.999973e-01 2.134973e-03 9.218065e-04 2.444873e+00 -2.134495e-03 9.999976e-01 -5.197960e-04 -3.084095e-01 -9.229137e-04 5.178278e-04 9.999994e-01 7.691746e+00
9.999340e-01 -1.839940e-03 -1.133805e-02 2.702220e+00 1.845418e-03 9.999982e-01 4.727303e-04 -3.099723e-01 1.133716e-02 -4.936232e-04 9.999356e-01 7.198272e+00
9.999972e-01 2.322757e-03 4.564266e-04 3.078689e+00 -2.322488e-03 9.999971e-01 -5.889639e-04 -3.178313e-01 -4.577930e-04 5.879029e-04 9.999997e-01 6.765450e+00
9.999297e-01 -1.835965e-03 -1.171738e-02 3.323985e+00 1.844434e-03 9.999980e-01 7.120528e-04 -3.178980e-01 1.171605e-02 -7.336154e-04 9.999311e-01 6.207384e+00
9.999955e-01 2.171041e-03 2.061001e-03 3.621841e+00 -2.169020e-03 9.999972e-01 -9.823889e-04 -3.209058e-01 -2.063128e-03 9.779148e-04 9.999974e-01 5.661913e+00
9.999388e-01 -3.375110e-03 -1.053397e-02 3.319670e+00 3.379437e-03 9.999942e-01 3.930272e-04 -2.886767e-01 1.053258e-02 -4.286028e-04 9.999444e-01 4.680677e+00
9.999905e-01 2.954220e-03 3.207149e-03 3.249955e+00 -2.950544e-03 9.999950e-01 -1.150251e-03 -2.667386e-01 -3.210531e-03 1.140778e-03 9.999942e-01 3.792368e+00
9.998992e-01 -2.293832e-03 -1.400936e-02 3.948453e+00 2.300809e-03 9.999972e-01 4.819811e-04 -2.855174e-01 1.400822e-02 -5.141661e-04 9.999017e-01 3.238580e+00
9.999893e-01 2.970414e-03 3.558381e-03 4.565813e+00 -2.967499e-03 9.999953e-01 -8.239822e-04 -3.056832e-01 -3.560812e-03 8.134146e-04 9.999933e-01 2.875418e+00
9.999031e-01 -2.156022e-03 -1.375598e-02 5.111015e+00 2.165604e-03 9.999974e-01 6.817388e-04 -3.237780e-01 1.375447e-02 -7.114634e-04 9.999051e-01 2.613213e+00
9.999855e-01 2.134877e-03 4.942409e-03 5.128976e+00 -2.131137e-03 9.999974e-01 -7.617835e-04 -3.156858e-01 -4.944023e-03 7.512402e-04 9.999875e-01 2.148929e+00
9.999005e-01 -2.061260e-03 -1.395601e-02 4.994151e+00 2.071917e-03 9.999976e-01 7.491528e-04 -3.022224e-01 1.395443e-02 -7.779946e-04 9.999023e-01 1.823804e+00
9.999854e-01 2.522266e-03 4.786496e-03 4.908369e+00 -2.522007e-03 9.999968e-01 -6.006386e-05 -3.004275e-01 -4.786632e-03 4.799211e-05 9.999885e-01 1.831256e+00
9.999052e-01 -2.054228e-03 -1.361338e-02 4.715524e+00 2.061682e-03 9.999977e-01 5.335996e-04 -2.930850e-01 1.361226e-02 -5.616162e-04 9.999072e-01 1.885303e+00
9.999850e-01 2.429044e-03 4.915117e-03 4.584314e+00 -2.429778e-03 9.999970e-01 1.434204e-04 -2.893939e-01 -4.914754e-03 -1.553602e-04 9.999879e-01 1.977544e+00
9.999254e-01 -1.798265e-03 -1.208104e-02 4.375611e+00 1.803493e-03 9.999983e-01 4.219290e-04 -2.828511e-01 1.208026e-02 -4.436863e-04 9.999269e-01 2.228980e+00
9.999954e-01 2.125762e-03 2.171773e-03 4.323259e+00 -2.126118e-03 9.999977e-01 1.615515e-04 -2.789589e-01 -2.171424e-03 -1.661675e-04 9.999976e-01 2.113952e+00
9.999538e-01 -1.979920e-03 -9.407104e-03 3.979078e+00 1.982580e-03 9.999980e-01 2.734881e-04 -2.597250e-01 9.406543e-03 -2.921265e-04 9.999557e-01 1.991549e+00
9.999523e-01 1.734277e-03 9.614902e-03 2.780528e+00 -1.722847e-03 9.999978e-01 -1.196938e-03 -1.853229e-01 -9.616956e-03 1.180317e-03 9.999531e-01 1.518640e+00
9.999693e-01 -2.806253e-03 -7.316905e-03 9.859511e-01 2.795413e-03 9.999950e-01 -1.491271e-03 -7.190753e-02 7.321053e-03 1.470771e-03 9.999721e-01 7.493093e-01
9.999280e-01 1.665768e-03 1.188518e-02 -1.078442e+00 -1.648435e-03 9.999976e-01 -1.467977e-03 5.881690e-02 -1.188760e-02 1.448280e-03 9.999283e-01 -1.309989e-01
9.999230e-01 -2.312914e-03 -1.219380e-02 -2.584756e+00 2.298896e-03 9.999967e-01 -1.163406e-03 1.557242e-01 1.219645e-02 1.135283e-03 9.999250e-01 -6.296555e-01
9.999586e-01 1.903041e-03 8.897560e-03 -3.583071e+00 -1.903375e-03 9.999982e-01 2.911901e-05 2.176902e-01 -8.897488e-03 -4.605250e-05 9.999604e-01 -1.010401e+00
9.998590e-01 6.604646e-04 -1.678182e-02 -3.837136e+00 -6.395585e-04 9.999990e-01 1.251105e-03 2.061292e-01 1.678263e-02 -1.240197e-03 9.998584e-01 2.303618e-01
9.999476e-01 3.051275e-03 9.768703e-03 -3.852882e+00 -3.042652e-03 9.999950e-01 -8.973582e-04 1.714724e-01 -9.771392e-03 8.675891e-04 9.999519e-01 1.705448e+00
9.998481e-01 -2.727618e-03 -1.721263e-02 -4.006211e+00 2.752959e-03 9.999952e-01 1.448758e-03 1.801335e-01 1.720860e-02 -1.495925e-03 9.998508e-01 1.621790e+00
9.999353e-01 3.014697e-03 1.096951e-02 -4.368651e+00 -3.000469e-03 9.999946e-01 -1.313325e-03 2.023635e-01 -1.097341e-02 1.280327e-03 9.999390e-01 1.496804e+00
9.998488e-01 -2.687873e-03 -1.717916e-02 -4.690670e+00 2.715685e-03 9.999950e-01 1.595814e-03 2.196017e-01 1.717479e-02 -1.642226e-03 9.998512e-01 1.465445e+00
9.999479e-01 2.944132e-03 9.769831e-03 -4.919675e+00 -2.932484e-03 9.999950e-01 -1.206380e-03 2.322422e-01 -9.773333e-03 1.177668e-03 9.999515e-01 1.392486e+00
9.998627e-01 -2.460072e-03 -1.638569e-02 -5.227497e+00 2.480720e-03 9.999962e-01 1.239921e-03 2.469421e-01 1.638257e-02 -1.280400e-03 9.998650e-01 1.455092e+00
9.999365e-01 3.089028e-03 1.083909e-02 -5.698711e+00 -3.082380e-03 9.999951e-01 -6.299879e-04 2.720441e-01 -1.084098e-02 5.965384e-04 9.999411e-01 1.530759e+00
9.998642e-01 -2.561256e-03 -1.627765e-02 -6.294163e+00 2.562244e-03 9.999967e-01 3.990450e-05 3.052392e-01 1.627750e-02 -8.160710e-05 9.998675e-01 1.624841e+00
9.999556e-01 3.014214e-03 8.925589e-03 -6.572130e+00 -3.017305e-03 9.999954e-01 3.328531e-04 3.192158e-01 -8.924544e-03 -3.597689e-04 9.999601e-01 1.661013e+00
9.998273e-01 -3.117048e-03 -1.831814e-02 -6.706074e+00 3.120111e-03 9.999951e-01 1.386794e-04 3.300792e-01 1.831762e-02 -1.958108e-04 9.998322e-01 1.353310e+00
9.999424e-01 3.328514e-03 1.020743e-02 -6.977739e+00 -3.334640e-03 9.999943e-01 5.832075e-04 3.441085e-01 -1.020543e-02 -6.172113e-04 9.999477e-01 1.232372e+00
9.998267e-01 -2.845032e-03 -1.839606e-02 -7.263600e+00 2.833904e-03 9.999958e-01 -6.309354e-04 3.584692e-01 1.839778e-02 5.786927e-04 9.998306e-01 1.285570e+00
9.999489e-01 3.037972e-03 9.643374e-03 -7.413429e+00 -3.050720e-03 9.999945e-01 1.307479e-03 3.652074e-01 -9.639349e-03 -1.336831e-03 9.999526e-01 1.252892e+00
9.999271e-01 -2.121514e-03 -1.188649e-02 -7.941318e+00 2.115883e-03 9.999976e-01 -4.863323e-04 3.896058e-01 1.188750e-02 4.611457e-04 9.999292e-01 1.782468e+00
9.999220e-01 3.348657e-03 1.203555e-02 -8.651431e+00 -3.351747e-03 9.999944e-01 2.365899e-04 4.329612e-01 -1.203469e-02 -2.769108e-04 9.999275e-01 2.246522e+00
9.998388e-01 -2.767182e-03 -1.773970e-02 -8.994627e+00 2.770641e-03 9.999961e-01 1.704383e-04 4.512470e-01 1.773916e-02 -2.195618e-04 9.998426e-01 2.367244e+00
9.999470e-01 3.011601e-03 9.849168e-03 -9.210161e+00 -3.013630e-03 9.999954e-01 1.912457e-04 4.635978e-01 -9.848547e-03 -2.209166e-04 9.999515e-01 2.285786e+00
9.998595e-01 -2.384723e-03 -1.659105e-02 -9.506458e+00 2.389950e-03 9.999971e-01 2.952405e-04 4.742846e-01 1.659029e-02 -3.348515e-04 9.998623e-01 2.667044e+00
9.999323e-01 3.567150e-03 1.107474e-02 -9.742638e+00 -3.569298e-03 9.999936e-01 1.741834e-04 4.815879e-01 -1.107405e-02 -2.136999e-04 9.999387e-01 3.125374e+00
9.998587e-01 -2.509354e-03 -1.662339e-02 -9.993792e+00 2.519784e-03 9.999966e-01 6.065357e-04 4.870422e-01 1.662182e-02 -6.483381e-04 9.998616e-01 3.514594e+00
9.999283e-01 3.634703e-03 1.141407e-02 -1.032920e+01 -3.632105e-03 9.999934e-01 -2.483036e-04 4.979161e-01 -1.141490e-02 2.068293e-04 9.999348e-01 3.917163e+00
9.998419e-01 -2.943558e-03 -1.753466e-02 -1.070558e+01 2.951653e-03 9.999955e-01 4.358102e-04 5.156111e-01 1.753329e-02 -4.874983e-04 9.998462e-01 4.103669e+00
9.999235e-01 4.026263e-03 1.169556e-02 -1.094179e+01 -4.033693e-03 9.999917e-01 6.117736e-04 5.188568e-01 -1.169300e-02 -6.589024e-04 9.999314e-01 4.734905e+00
9.998602e-01 -2.486200e-03 -1.653205e-02 -1.122743e+01 2.482904e-03 9.999969e-01 -2.199085e-04 5.248043e-01 1.653254e-02 1.788296e-04 9.998633e-01 5.487751e+00
9.999204e-01 3.307266e-03 1.217864e-02 -1.163060e+01 -3.315597e-03 9.999943e-01 6.639641e-04 5.417804e-01 -1.217637e-02 -7.042900e-04 9.999256e-01 5.916530e+00
9.998274e-01 -7.324234e-04 -1.856377e-02 -1.181021e+01 7.396727e-04 9.999997e-01 3.836545e-04 5.274305e-01 1.856349e-02 -3.973201e-04 9.998276e-01 7.181152e+00
9.999063e-01 4.790510e-03 1.282309e-02 -1.193694e+01 -4.795800e-03 9.999884e-01 3.818209e-04 4.941963e-01 -1.282111e-02 -4.432815e-04 9.999177e-01 9.047853e+00
9.998451e-01 3.457593e-04 -1.759891e-02 -1.209728e+01 -3.338313e-04 9.999997e-01 6.807107e-04 4.501591e-01 1.759914e-02 -6.747309e-04 9.998449e-01 1.159950e+01
9.998625e-01 7.140622e-03 1.496904e-02 -1.233027e+01 -7.140025e-03 9.999745e-01 -9.326339e-05 3.856578e-01 -1.496932e-02 -1.362805e-05 9.998880e-01 1.533327e+01
9.999520e-01 4.017145e-03 -8.936147e-03 -1.273517e+01 -4.025724e-03 9.999915e-01 -9.422638e-04 2.987374e-01 8.932285e-03 9.781923e-04 9.999596e-01 2.079398e+01
9.999653e-01 2.515528e-03 7.944072e-03 -1.292029e+01 -2.520381e-03 9.999966e-01 6.009184e-04 2.611759e-01 -7.942534e-03 -6.209189e-04 9.999683e-01 2.342669e+01
9.998235e-01 -8.438064e-06 -1.878817e-02 -1.274945e+01 6.068572e-06 1.000000e+00 -1.261614e-04 2.232705e-01 1.878817e-02 1.260244e-04 9.998235e-01 2.454038e+01
9.999301e-01 5.137445e-03 1.065166e-02 -1.277583e+01 -5.146036e-03 9.999865e-01 7.793476e-04 1.711338e-01 -1.064751e-02 -8.341062e-04 9.999430e-01 2.689808e+01
9.998905e-01 -1.336740e-03 -1.473721e-02 -1.302333e+01 1.333712e-03 9.999991e-01 -2.152317e-04 1.573772e-01 1.473748e-02 1.955523e-04 9.998914e-01 2.852294e+01
9.999469e-01 4.496301e-03 9.271249e-03 -1.318901e+01 -4.508126e-03 9.999891e-01 1.254957e-03 1.384779e-01 -9.265505e-03 -1.296685e-03 9.999562e-01 2.991427e+01
9.999034e-01 4.966448e-04 -1.389381e-02 -1.336467e+01 -5.013020e-04 9.999998e-01 -3.317094e-04 9.405106e-02 1.389364e-02 3.386416e-04 9.999034e-01 3.238390e+01
9.999533e-01 3.948407e-03 8.820455e-03 -1.347522e+01 -3.953152e-03 9.999921e-01 5.205219e-04 6.133389e-02 -8.818330e-03 -5.553655e-04 9.999610e-01 3.412398e+01
9.999092e-01 -3.048854e-03 -1.312826e-02 -1.391337e+01 3.046192e-03 9.999953e-01 -2.227056e-04 7.958917e-02 1.312888e-02 1.826935e-04 9.999138e-01 3.450621e+01
9.999470e-01 4.084542e-03 9.455414e-03 -1.435152e+01 -4.088726e-03 9.999916e-01 4.232346e-04 1.002511e-01 -9.453605e-03 -4.618721e-04 9.999552e-01 3.497092e+01
9.998620e-01 -3.908309e-03 -1.614803e-02 -1.473644e+01 3.905301e-03 9.999924e-01 -2.178143e-04 1.219537e-01 1.614876e-02 1.547206e-04 9.998696e-01 3.490227e+01
9.999726e-01 3.846080e-03 6.329349e-03 -1.485243e+01 -3.849603e-03 9.999924e-01 5.446330e-04 1.385123e-01 -6.327207e-03 -5.689829e-04 9.999798e-01 3.429577e+01
9.999096e-01 -3.547182e-03 -1.297268e-02 -1.508280e+01 3.548018e-03 9.999937e-01 4.146371e-05 1.499905e-01 1.297245e-02 -8.748796e-05 9.999159e-01 3.424985e+01
9.999692e-01 4.141662e-03 6.662817e-03 -1.533192e+01 -4.145132e-03 9.999913e-01 5.072213e-04 1.631706e-01 -6.660658e-03 -5.348233e-04 9.999777e-01 3.436432e+01
9.999010e-01 -3.638945e-03 -1.358902e-02 -1.553160e+01 3.640814e-03 9.999934e-01 1.128298e-04 1.696736e-01 1.358852e-02 -1.622944e-04 9.999077e-01 3.455353e+01
9.999610e-01 4.815413e-03 7.398883e-03 -1.567388e+01 -4.820232e-03 9.999882e-01 6.335740e-04 1.693475e-01 -7.395744e-03 -6.692130e-04 9.999724e-01 3.508582e+01
9.998879e-01 -3.688782e-03 -1.451407e-02 -1.578267e+01 3.691001e-03 9.999932e-01 1.261831e-04 1.663247e-01 1.451351e-02 -1.797411e-04 9.998947e-01 3.557457e+01
9.999649e-01 4.671612e-03 6.949053e-03 -1.588101e+01 -4.674539e-03 9.999890e-01 4.050287e-04 1.645153e-01 -6.947085e-03 -4.374974e-04 9.999758e-01 3.593229e+01
9.998545e-01 -4.273428e-03 -1.651170e-02 -1.588737e+01 4.282685e-03 9.999907e-01 5.253240e-04 1.638599e-01 1.650930e-02 -5.959627e-04 9.998635e-01 3.588903e+01
9.999349e-01 4.366888e-03 1.053924e-02 -1.637705e+01 -4.365466e-03 9.999905e-01 -1.579133e-04 1.920762e-01 -1.053983e-02 1.118950e-04 9.999444e-01 3.570747e+01
9.998566e-01 -4.952131e-03 -1.619731e-02 -1.705363e+01 4.944667e-03 9.999876e-01 -5.008012e-04 2.341185e-01 1.619959e-02 4.206383e-04 9.998687e-01 3.533173e+01
9.999453e-01 5.189597e-03 9.083859e-03 -1.742596e+01 -5.196261e-03 9.999862e-01 7.101729e-04 2.547702e-01 -9.080048e-03 -7.573355e-04 9.999585e-01 3.520976e+01
9.998129e-01 -4.854133e-03 -1.872259e-02 -1.750396e+01 4.852378e-03 9.999882e-01 -1.391444e-04 2.591218e-01 1.872304e-02 4.826857e-05 9.998247e-01 3.511137e+01
9.999534e-01 5.315857e-03 8.052900e-03 -1.747137e+01 -5.324510e-03 9.999853e-01 1.053427e-03 2.549588e-01 -8.047182e-03 -1.096255e-03 9.999670e-01 3.510071e+01
9.998122e-01 -4.754843e-03 -1.878585e-02 -1.735525e+01 4.748976e-03 9.999887e-01 -3.569033e-04 2.526169e-01 1.878733e-02 2.676221e-04 9.998235e-01 3.488624e+01
9.999542e-01 5.563310e-03 7.789644e-03 -1.730143e+01 -5.574473e-03 9.999835e-01 1.412040e-03 2.401460e-01 -7.781659e-03 -1.455398e-03 9.999687e-01 3.523222e+01
9.998381e-01 -4.068351e-03 -1.752664e-02 -1.727658e+01 4.058059e-03 9.999916e-01 -6.227456e-04 2.236812e-01 1.752902e-02 5.515200e-04 9.998462e-01 3.579989e+01
9.999684e-01 4.411806e-03 6.610855e-03 -1.721128e+01 -4.421523e-03 9.999892e-01 1.455879e-03 2.216848e-01 -6.604360e-03 -1.485063e-03 9.999771e-01 3.562291e+01
9.998289e-01 -4.571029e-03 -1.792258e-02 -1.721677e+01 4.545411e-03 9.999886e-01 -1.469834e-03 2.391409e-01 1.792910e-02 1.388117e-03 9.998383e-01 3.468687e+01
9.999710e-01 4.600676e-03 6.075014e-03 -1.702696e+01 -4.614582e-03 9.999868e-01 2.277061e-03 2.414380e-01 -6.064458e-03 -2.305028e-03 9.999790e-01 3.420160e+01
9.998696e-01 -1.842124e-03 -1.604341e-02 -1.692565e+01 1.827779e-03 9.999979e-01 -9.086962e-04 2.054589e-01 1.604505e-02 8.792532e-04 9.998709e-01 3.549985e+01
9.999622e-01 3.983462e-03 7.730432e-03 -1.692486e+01 -3.994406e-03 9.999910e-01 1.400742e-03 1.850745e-01 -7.724783e-03 -1.431566e-03 9.999691e-01 3.629906e+01
9.998639e-01 -2.765856e-03 -1.626491e-02 -1.647161e+01 2.739300e-03 9.999949e-01 -1.654775e-03 1.617597e-01 1.626941e-02 1.609994e-03 9.998663e-01 3.643199e+01
9.999451e-01 1.009285e-02 2.801666e-03 -1.600036e+01 -1.009686e-02 9.999480e-01 1.422626e-03 5.010731e-02 -2.787162e-03 -1.450835e-03 9.999951e-01 3.997780e+01
9.999670e-01 -2.230227e-03 -7.817921e-03 -1.556220e+01 2.209350e-03 9.999940e-01 -2.677915e-03 -4.680802e-02 7.823846e-03 2.660553e-03 9.999659e-01 4.316149e+01
9.999945e-01 2.395247e-03 -2.291739e-03 -1.551876e+01 -2.388353e-03 9.999926e-01 3.006271e-03 -4.162903e-02 2.298923e-03 -3.000780e-03 9.999929e-01 4.276602e+01
9.999791e-01 -2.071588e-03 -6.130130e-03 -1.550737e+01 2.055543e-03 9.999944e-01 -2.622555e-03 -3.681027e-02 6.135529e-03 2.609899e-03 9.999778e-01 4.252632e+01
9.999967e-01 2.507015e-03 -5.422196e-04 -1.560313e+01 -2.505213e-03 9.999914e-01 3.297343e-03 -2.605942e-02 5.504816e-04 -3.295973e-03 9.999944e-01 4.233254e+01
9.999564e-01 -1.668233e-03 -9.185229e-03 -1.562128e+01 1.647016e-03 9.999960e-01 -2.316966e-03 -3.307405e-02 9.189057e-03 2.301736e-03 9.999551e-01 4.268253e+01
9.999918e-01 2.164040e-03 3.418676e-03 -1.593491e+01 -2.174739e-03 9.999927e-01 3.128993e-03 -1.622085e-02 -3.411880e-03 -3.136401e-03 9.999893e-01 4.267459e+01
9.999573e-01 -1.704111e-03 -9.079388e-03 -1.630356e+01 1.679730e-03 9.999950e-01 -2.692183e-03 2.136440e-03 9.083929e-03 2.676816e-03 9.999552e-01 4.278764e+01
9.999914e-01 2.560004e-03 3.268176e-03 -1.653655e+01 -2.570625e-03 9.999914e-01 3.249833e-03 1.413670e-02 -3.259828e-03 -3.258205e-03 9.999894e-01 4.294235e+01
9.998996e-01 -2.324741e-03 -1.397484e-02 -1.646248e+01 2.283775e-03 9.999931e-01 -2.946630e-03 2.489473e-02 1.398160e-02 2.914418e-03 9.998980e-01 4.224473e+01
9.999933e-01 2.248913e-03 2.885426e-03 -1.641110e+01 -2.257300e-03 9.999932e-01 2.906775e-03 4.443640e-02 -2.878869e-03 -2.913268e-03 9.999916e-01 4.119099e+01
9.998603e-01 -2.377490e-03 -1.654454e-02 -1.634665e+01 2.346268e-03 9.999954e-01 -1.906273e-03 5.248126e-02 1.654899e-02 1.867188e-03 9.998613e-01 4.056964e+01
9.999789e-01 2.969063e-03 5.778848e-03 -1.620160e+01 -2.980757e-03 9.999935e-01 2.016036e-03 4.324960e-02 -5.772825e-03 -2.033218e-03 9.999813e-01 4.056805e+01
9.998490e-01 -3.011471e-03 -1.711569e-02 -1.616375e+01 2.979096e-03 9.999937e-01 -1.916718e-03 5.876999e-02 1.712135e-02 1.865439e-03 9.998517e-01 3.967762e+01
9.999818e-01 3.081786e-03 5.189151e-03 -1.609983e+01 -3.092593e-03 9.999931e-01 2.075818e-03 7.491534e-02 -5.182717e-03 -2.091828e-03 9.999844e-01 3.876366e+01
9.998527e-01 -3.116379e-03 -1.688020e-02 -1.602981e+01 3.080749e-03 9.999930e-01 -2.136299e-03 9.728469e-02 1.688674e-02 2.083980e-03 9.998552e-01 3.748267e+01
9.999838e-01 2.841822e-03 4.929819e-03 -1.600717e+01 -2.850381e-03 9.999944e-01 1.730227e-03 1.242816e-01 -4.924874e-03 -1.744250e-03 9.999864e-01 3.619141e+01
9.998803e-01 -2.899379e-03 -1.519700e-02 -1.606114e+01 2.877144e-03 9.999948e-01 -1.484787e-03 1.390411e-01 1.520123e-02 1.440885e-03 9.998834e-01 3.558229e+01
9.999749e-01 2.993320e-03 6.416833e-03 -1.616768e+01 -3.006289e-03 9.999935e-01 2.012368e-03 1.513051e-01 -6.410768e-03 -2.031607e-03 9.999774e-01 3.521768e+01
9.998868e-01 -2.402044e-03 -1.485422e-02 -1.627277e+01 2.385225e-03 9.999965e-01 -1.149888e-03 1.509357e-01 1.485693e-02 1.114327e-03 9.998890e-01 3.545671e+01
9.999692e-01 3.515160e-03 7.019188e-03 -1.629229e+01 -3.528630e-03 9.999920e-01 1.907664e-03 1.429482e-01 -7.012426e-03 -1.932372e-03 9.999735e-01 3.582224e+01
9.998929e-01 -3.306969e-03 -1.425971e-02 -1.643201e+01 3.287292e-03 9.999936e-01 -1.403073e-03 1.536813e-01 1.426426e-02 1.356047e-03 9.998973e-01 3.565827e+01
9.999695e-01 3.885252e-03 6.771978e-03 -1.661541e+01 -3.898660e-03 9.999905e-01 1.967806e-03 1.661593e-01 -6.764268e-03 -1.994147e-03 9.999751e-01 3.568990e+01
9.998397e-01 -3.476290e-03 -1.756270e-02 -1.653687e+01 3.453633e-03 9.999932e-01 -1.320168e-03 1.705619e-01 1.756716e-02 1.259301e-03 9.998449e-01 3.523167e+01
9.999654e-01 3.596830e-03 7.503214e-03 -1.653846e+01 -3.610723e-03 9.999918e-01 1.838856e-03 1.723620e-01 -7.496538e-03 -1.865884e-03 9.999702e-01 3.504512e+01
9.998177e-01 -2.468283e-03 -1.893538e-02 -1.639451e+01 2.458927e-03 9.999968e-01 -5.173905e-04 1.597516e-01 1.893660e-02 4.707348e-04 9.998206e-01 3.517951e+01
9.999537e-01 4.035435e-03 8.736612e-03 -1.609007e+01 -4.044768e-03 9.999913e-01 1.050857e-03 1.318400e-01 -8.732295e-03 -1.086146e-03 9.999613e-01 3.564019e+01
9.998287e-01 -2.372824e-03 -1.835368e-02 -1.579325e+01 2.349215e-03 9.999964e-01 -1.307771e-03 1.094277e-01 1.835672e-02 1.264430e-03 9.998307e-01 3.601683e+01
9.999601e-01 2.808687e-03 8.480865e-03 -1.579787e+01 -2.826268e-03 9.999939e-01 2.061793e-03 1.086202e-01 -8.475022e-03 -2.085679e-03 9.999619e-01 3.598336e+01
9.998094e-01 -2.393436e-03 -1.937735e-02 -1.573487e+01 2.368098e-03 9.999963e-01 -1.330433e-03 1.063250e-01 1.938046e-02 1.284291e-03 9.998114e-01 3.587889e+01
9.999593e-01 3.710228e-03 8.221659e-03 -1.565065e+01 -3.731917e-03 9.999896e-01 2.624317e-03 8.816637e-02 -8.211837e-03 -2.654892e-03 9.999628e-01 3.638176e+01
9.998044e-01 -2.781423e-03 -1.957881e-02 -1.545242e+01 2.733842e-03 9.999932e-01 -2.456537e-03 7.170192e-02 1.958551e-02 2.402531e-03 9.998053e-01 3.662231e+01
9.999629e-01 3.074613e-03 8.047119e-03 -1.529953e+01 -3.098712e-03 9.999907e-01 2.984016e-03 7.055243e-02 -8.037870e-03 -3.008841e-03 9.999632e-01 3.629289e+01
9.998815e-01 7.251161e-05 -1.539130e-02 -1.537220e+01 -9.499059e-05 9.999989e-01 -1.459745e-03 4.383547e-02 1.539118e-02 1.461034e-03 9.998805e-01 3.789546e+01
9.999340e-01 4.495911e-03 1.057666e-02 -1.548052e+01 -4.507816e-03 9.999892e-01 1.102007e-03 1.165849e-02 -1.057159e-02 -1.149611e-03 9.999435e-01 3.978332e+01
9.998120e-01 -2.199106e-03 -1.926350e-02 -1.550275e+01 2.202972e-03 9.999976e-01 1.794641e-04 -1.241630e-02 1.926306e-02 -2.218680e-04 9.998144e-01 4.090630e+01
9.999395e-01 4.302455e-03 1.012309e-02 -1.547740e+01 -4.305491e-03 9.999907e-01 2.782331e-04 -3.463854e-02 -1.012180e-02 -3.218006e-04 9.999487e-01 4.176701e+01
9.997744e-01 -3.902452e-03 -2.087732e-02 -1.537537e+01 3.911225e-03 9.999923e-01 3.794274e-04 -3.498196e-02 2.087568e-02 -4.609984e-04 9.997820e-01 4.150705e+01
9.999156e-01 4.185635e-03 1.230019e-02 -1.537245e+01 -4.187124e-03 9.999912e-01 9.532449e-05 -3.053305e-02 -1.229968e-02 -1.468182e-04 9.999243e-01 4.131139e+01
9.997760e-01 -3.713028e-03 -2.083529e-02 -1.541917e+01 3.723235e-03 9.999930e-01 4.511230e-04 -2.090998e-02 2.083347e-02 -5.285972e-04 9.997828e-01 4.107259e+01
9.999402e-01 4.118862e-03 1.013440e-02 -1.527605e+01 -4.119392e-03 9.999915e-01 3.148157e-05 -1.726241e-02 -1.013418e-02 -7.322665e-05 9.999486e-01 4.058913e+01
9.997716e-01 -3.937029e-03 -2.100557e-02 -1.519043e+01 3.940576e-03 9.999922e-01 1.274991e-04 -1.114057e-02 2.100490e-02 -2.102447e-04 9.997794e-01 4.009941e+01
9.999342e-01 4.156426e-03 1.069301e-02 -1.514243e+01 -4.157123e-03 9.999914e-01 4.304564e-05 -3.455711e-03 -1.069274e-02 -8.749439e-05 9.999428e-01 3.957532e+01
9.998072e-01 -4.098404e-03 -1.920518e-02 -1.529627e+01 4.099043e-03 9.999916e-01 -6.071165e-06 1.036132e-02 1.920504e-02 -7.265347e-05 9.998156e-01 3.922135e+01
9.999274e-01 4.130194e-03 1.132161e-02 -1.558547e+01 -4.129250e-03 9.999915e-01 -1.067254e-04 3.012776e-02 -1.132195e-02 5.996844e-05 9.999359e-01 3.900657e+01
9.998371e-01 -4.124414e-03 -1.757130e-02 -1.605209e+01 4.131400e-03 9.999914e-01 3.613213e-04 5.810803e-02 1.756966e-02 -4.338571e-04 9.998455e-01 3.874714e+01
9.999297e-01 3.771936e-03 1.124449e-02 -1.658552e+01 -3.762351e-03 9.999925e-01 -8.733325e-04 9.155129e-02 -1.124770e-02 8.309659e-04 9.999364e-01 3.844422e+01
9.998614e-01 -4.954934e-03 -1.589571e-02 -1.737655e+01 4.958879e-03 9.999877e-01 2.087661e-04 1.439276e-01 1.589448e-02 -2.875627e-04 9.998736e-01 3.767502e+01
9.999167e-01 3.473526e-03 1.242793e-02 -1.839599e+01 -3.450175e-03 9.999922e-01 -1.899777e-03 2.105919e-01 -1.243444e-02 1.856741e-03 9.999210e-01 3.698135e+01
9.998124e-01 -3.277730e-03 -1.908971e-02 -1.867493e+01 3.325027e-03 9.999915e-01 2.446456e-03 2.273581e-01 1.908153e-02 -2.509471e-03 9.998148e-01 3.682973e+01
9.999177e-01 3.865634e-03 1.223086e-02 -1.890564e+01 -3.838181e-03 9.999901e-01 -2.267138e-03 2.393604e-01 -1.223950e-02 2.220007e-03 9.999226e-01 3.689380e+01
9.997764e-01 -3.298814e-03 -2.088543e-02 -1.902684e+01 3.361599e-03 9.999899e-01 2.971802e-03 2.437879e-01 2.087541e-02 -3.041347e-03 9.997775e-01 3.697844e+01
9.999162e-01 3.797260e-03 1.237550e-02 -1.899529e+01 -3.768117e-03 9.999901e-01 -2.377294e-03 2.454450e-01 -1.238441e-02 2.330463e-03 9.999206e-01 3.681253e+01
9.997601e-01 -3.607320e-03 -2.160503e-02 -1.896596e+01 3.662398e-03 9.999901e-01 2.510317e-03 2.562464e-01 2.159576e-02 -2.588842e-03 9.997634e-01 3.630733e+01
9.998566e-01 3.314397e-03 1.660465e-02 -1.951100e+01 -3.263685e-03 9.999899e-01 -3.080275e-03 2.938249e-01 -1.661469e-02 3.025641e-03 9.998574e-01 3.588607e+01
9.997342e-01 -2.602271e-03 -2.290712e-02 -1.981338e+01 2.671209e-03 9.999920e-01 2.979412e-03 3.079434e-01 2.289918e-02 -3.039811e-03 9.997332e-01 3.605010e+01
9.998840e-01 3.536540e-03 1.481398e-02 -1.981969e+01 -3.501609e-03 9.999910e-01 -2.383166e-03 3.049397e-01 -1.482228e-02 2.331018e-03 9.998874e-01 3.614422e+01
9.997052e-01 -3.313490e-03 -2.405117e-02 -1.984514e+01 3.374058e-03 9.999912e-01 2.478145e-03 3.155208e-01 2.404274e-02 -2.558565e-03 9.997077e-01 3.568566e+01
9.999035e-01 3.655236e-03 1.340117e-02 -1.974768e+01 -3.625806e-03 9.999910e-01 -2.219687e-03 3.236759e-01 -1.340916e-02 2.170883e-03 9.999077e-01 3.507174e+01
9.997282e-01 -3.436667e-03 -2.305732e-02 -1.965859e+01 3.489119e-03 9.999914e-01 2.235024e-03 3.325365e-01 2.304944e-02 -2.314867e-03 9.997316e-01 3.446227e+01
9.998859e-01 4.041249e-03 1.455761e-02 -1.971942e+01 -4.015987e-03 9.999904e-01 -1.764055e-03 3.356722e-01 -1.456460e-02 1.705391e-03 9.998925e-01 3.441008e+01
9.997390e-01 -3.006413e-03 -2.264752e-02 -1.974932e+01 3.058630e-03 9.999927e-01 2.271367e-03 3.299061e-01 2.264053e-02 -2.340045e-03 9.997409e-01 3.471845e+01
9.998338e-01 5.086070e-03 1.750963e-02 -1.985857e+01 -5.054293e-03 9.999855e-01 -1.858618e-03 3.162166e-01 -1.751883e-02 1.769811e-03 9.998450e-01 3.566959e+01
9.996921e-01 -4.501786e-03 -2.440245e-02 -2.001039e+01 4.555905e-03 9.999873e-01 2.162650e-03 3.231754e-01 2.439240e-02 -2.273160e-03 9.996999e-01 3.568679e+01
9.998241e-01 5.726346e-03 1.785791e-02 -2.010843e+01 -5.695032e-03 9.999822e-01 -1.803847e-03 3.181693e-01 -1.786792e-02 1.701829e-03 9.998389e-01 3.613429e+01
9.996355e-01 -5.099178e-03 -2.651240e-02 -2.015009e+01 5.156920e-03 9.999845e-01 2.110029e-03 3.205838e-01 2.650123e-02 -2.245983e-03 9.996463e-01 3.609269e+01
9.998317e-01 5.236426e-03 1.758071e-02 -2.009192e+01 -5.198836e-03 9.999841e-01 -2.183148e-03 3.269647e-01 -1.759186e-02 2.091382e-03 9.998431e-01 3.561705e+01
9.995816e-01 -4.763492e-03 -2.852991e-02 -1.984939e+01 4.839062e-03 9.999850e-01 2.580342e-03 3.285499e-01 2.851719e-02 -2.717321e-03 9.995896e-01 3.505809e+01
9.998183e-01 5.311610e-03 1.830682e-02 -1.977125e+01 -5.275917e-03 9.999841e-01 -1.997455e-03 3.306382e-01 -1.831713e-02 1.900507e-03 9.998304e-01 3.477400e+01
9.996168e-01 -5.223401e-03 -2.718448e-02 -1.973120e+01 5.281922e-03 9.999839e-01 2.081402e-03 3.434862e-01 2.717317e-02 -2.224191e-03 9.996283e-01 3.411400e+01
9.998543e-01 5.384420e-03 1.619585e-02 -1.959544e+01 -5.351008e-03 9.999835e-01 -2.105636e-03 3.574085e-01 -1.620692e-02 2.018665e-03 9.998666e-01 3.316699e+01
9.996265e-01 -5.190645e-03 -2.683073e-02 -1.919623e+01 5.243430e-03 9.999845e-01 1.897368e-03 3.608876e-01 2.682046e-02 -2.037345e-03 9.996382e-01 3.228915e+01
9.998912e-01 5.581041e-03 1.365453e-02 -1.868858e+01 -5.562467e-03 9.999836e-01 -1.397857e-03 3.552789e-01 -1.366210e-02 1.321752e-03 9.999058e-01 3.160602e+01
9.996693e-01 -5.194622e-03 -2.518528e-02 -1.835658e+01 5.234967e-03 9.999851e-01 1.536283e-03 3.546792e-01 2.517692e-02 -1.667620e-03 9.996816e-01 3.101663e+01
9.999038e-01 5.697946e-03 1.264657e-02 -1.807305e+01 -5.686894e-03 9.999834e-01 -9.096315e-04 3.526190e-01 -1.265155e-02 8.376248e-04 9.999196e-01 3.052343e+01
9.997096e-01 -5.381839e-03 -2.348991e-02 -1.796161e+01 5.410024e-03 9.999847e-01 1.136521e-03 3.562245e-01 2.348344e-02 -1.263273e-03 9.997234e-01 3.005867e+01
9.999089e-01 5.682855e-03 1.224576e-02 -1.783534e+01 -5.675209e-03 9.999837e-01 -6.590100e-04 3.624531e-01 -1.224930e-02 5.894532e-04 9.999248e-01 2.950980e+01
9.997042e-01 -5.593988e-03 -2.366825e-02 -1.776393e+01 5.617085e-03 9.999838e-01 9.095202e-04 3.748183e-01 2.366278e-02 -1.042198e-03 9.997195e-01 2.869490e+01
9.999151e-01 5.796204e-03 1.167343e-02 -1.764525e+01 -5.789158e-03 9.999830e-01 -6.371963e-04 3.846744e-01 -1.167693e-02 5.695633e-04 9.999317e-01 2.800040e+01
9.997246e-01 -5.414225e-03 -2.283292e-02 -1.737195e+01 5.435806e-03 9.999848e-01 8.832342e-04 3.830692e-01 2.282779e-02 -1.007107e-03 9.997389e-01 2.753268e+01
9.999148e-01 5.726738e-03 1.172601e-02 -1.699981e+01 -5.717745e-03 9.999833e-01 -8.002940e-04 3.808437e-01 -1.173040e-02 7.331801e-04 9.999309e-01 2.692255e+01
9.997376e-01 -5.259973e-03 -2.229377e-02 -1.656631e+01 5.280425e-03 9.999857e-01 8.586615e-04 3.703073e-01 2.228894e-02 -9.761573e-04 9.997511e-01 2.657194e+01
9.999045e-01 5.735011e-03 1.257430e-02 -1.614989e+01 -5.732106e-03 9.999835e-01 -2.669650e-04 3.545609e-01 -1.257562e-02 1.948628e-04 9.999209e-01 2.643634e+01
9.997603e-01 -5.499068e-03 -2.119361e-02 -1.590353e+01 5.510664e-03 9.999847e-01 4.888425e-04 3.496466e-01 2.119060e-02 -6.055167e-04 9.997753e-01 2.614758e+01
9.999231e-01 5.965648e-03 1.086817e-02 -1.549895e+01 -5.963159e-03 9.999822e-01 -2.613119e-04 3.411186e-01 -1.086953e-02 1.964837e-04 9.999409e-01 2.577803e+01
9.997176e-01 -5.506772e-03 -2.311555e-02 -1.523178e+01 5.531838e-03 9.999842e-01 1.020598e-03 3.400290e-01 2.310956e-02 -1.148182e-03 9.997323e-01 2.528851e+01
9.999214e-01 5.696570e-03 1.116954e-02 -1.513974e+01 -5.691442e-03 9.999837e-01 -4.907496e-04 3.480892e-01 -1.117215e-02 4.271408e-04 9.999375e-01 2.465142e+01
9.997083e-01 -5.507670e-03 -2.351415e-02 -1.505516e+01 5.537011e-03 9.999840e-01 1.182878e-03 3.541804e-01 2.350726e-02 -1.312732e-03 9.997228e-01 2.412989e+01
9.998860e-01 5.924799e-03 1.388717e-02 -1.493366e+01 -5.919028e-03 9.999824e-01 -4.566470e-04 3.471970e-01 -1.388963e-02 3.743969e-04 9.999035e-01 2.411189e+01
9.996804e-01 -5.777195e-03 -2.461318e-02 -1.473956e+01 5.805276e-03 9.999826e-01 1.069613e-03 3.488669e-01 2.460657e-02 -1.212158e-03 9.996965e-01 2.355748e+01
9.999173e-01 6.645112e-03 1.100771e-02 -1.463999e+01 -6.654010e-03 9.999776e-01 7.719641e-04 3.303861e-01 -1.100233e-02 -8.451452e-04 9.999391e-01 2.400989e+01
9.998592e-01 -3.113021e-03 -1.648911e-02 -1.470601e+01 3.120696e-03 9.999950e-01 4.398107e-04 2.949639e-01 1.648766e-02 -4.912067e-04 9.998639e-01 2.572772e+01
9.999166e-01 7.360190e-03 1.060781e-02 -1.477225e+01 -7.359769e-03 9.999729e-01 -7.865181e-05 2.503733e-01 -1.060810e-02 5.746842e-07 9.999437e-01 2.777830e+01
9.998524e-01 -2.208786e-03 -1.703820e-02 -1.491902e+01 2.229696e-03 9.999968e-01 1.208365e-03 2.053317e-01 1.703547e-02 -1.246177e-03 9.998541e-01 3.016815e+01
9.999495e-01 5.071255e-03 8.681135e-03 -1.514041e+01 -5.058497e-03 9.999861e-01 -1.490895e-03 1.960087e-01 -8.688575e-03 1.446907e-03 9.999612e-01 3.103400e+01
9.997750e-01 -5.170221e-03 -2.057144e-02 -1.515421e+01 5.197738e-03 9.999857e-01 1.284393e-03 2.181371e-01 2.056450e-02 -1.391029e-03 9.997876e-01 2.996185e+01
9.999468e-01 5.271603e-03 8.863421e-03 -1.507796e+01 -5.261519e-03 9.999855e-01 -1.160524e-03 2.305941e-01 -8.869410e-03 1.113827e-03 9.999600e-01 2.921235e+01
9.997855e-01 -4.929138e-03 -2.011702e-02 -1.496556e+01 4.962253e-03 9.999864e-01 1.596561e-03 2.325881e-01 2.010888e-02 -1.696045e-03 9.997964e-01 2.884890e+01
9.999434e-01 5.493434e-03 9.115656e-03 -1.484947e+01 -5.486140e-03 9.999846e-01 -8.248825e-04 2.232185e-01 -9.120047e-03 7.748265e-04 9.999581e-01 2.893883e+01
9.997872e-01 -5.023630e-03 -2.000603e-02 -1.471188e+01 5.050713e-03 9.999864e-01 1.303492e-03 2.213426e-01 1.999921e-02 -1.404260e-03 9.997990e-01 2.866201e+01
9.999443e-01 5.338529e-03 9.101536e-03 -1.451654e+01 -5.329850e-03 9.999853e-01 -9.774911e-04 2.240797e-01 -9.106621e-03 9.289273e-04 9.999581e-01 2.808861e+01
9.998016e-01 -5.224078e-03 -1.922104e-02 -1.447037e+01 5.254462e-03 9.999850e-01 1.530657e-03 2.252461e-01 1.921276e-02 -1.631350e-03 9.998141e-01 2.784615e+01
9.999401e-01 5.942271e-03 9.194266e-03 -1.433613e+01 -5.934155e-03 9.999820e-01 -9.095941e-04 2.129423e-01 -9.199505e-03 8.549798e-04 9.999573e-01 2.803335e+01
9.997616e-01 -5.507449e-03 -2.112718e-02 -1.420815e+01 5.541600e-03 9.999834e-01 1.558250e-03 2.051539e-01 2.111825e-02 -1.674958e-03 9.997756e-01 2.803099e+01
9.999216e-01 6.391034e-03 1.077102e-02 -1.411445e+01 -6.382890e-03 9.999793e-01 -7.903257e-04 1.937089e-01 -1.077585e-02 7.215139e-04 9.999417e-01 2.826735e+01
9.997482e-01 -5.961304e-03 -2.163200e-02 -1.399040e+01 5.990831e-03 9.999812e-01 1.300431e-03 1.905369e-01 2.162384e-02 -1.429697e-03 9.997652e-01 2.809119e+01
9.998932e-01 6.687199e-03 1.299230e-02 -1.393443e+01 -6.676986e-03 9.999774e-01 -8.292130e-04 1.907320e-01 -1.299755e-02 7.423755e-04 9.999153e-01 2.801996e+01
9.996908e-01 -6.130159e-03 -2.409669e-02 -1.374799e+01 6.164531e-03 9.999801e-01 1.352399e-03 1.830489e-01 2.408792e-02 -1.500526e-03 9.997087e-01 2.792230e+01
9.998923e-01 6.547942e-03 1.313645e-02 -1.363105e+01 -6.539927e-03 9.999784e-01 -6.529763e-04 1.796632e-01 -1.314045e-02 5.669949e-04 9.999135e-01 2.775818e+01
9.997712e-01 -5.131054e-03 -2.076462e-02 -1.309069e+01 5.133109e-03 9.999868e-01 4.569801e-05 1.536133e-01 2.076411e-02 -1.522750e-04 9.997844e-01 2.786730e+01
9.999393e-01 5.672820e-03 9.444340e-03 -1.273221e+01 -5.675600e-03 9.999839e-01 2.676240e-04 1.441257e-01 -9.442669e-03 -3.212096e-04 9.999554e-01 2.754824e+01
9.997941e-01 -5.659400e-03 -1.948843e-02 -1.250126e+01 5.653698e-03 9.999840e-01 -3.476190e-04 1.449365e-01 1.949008e-02 2.373653e-04 9.998100e-01 2.702128e+01
9.999506e-01 5.989953e-03 7.936770e-03 -1.231416e+01 -5.996914e-03 9.999817e-01 8.536010e-04 1.493002e-01 -7.931511e-03 -9.011545e-04 9.999681e-01 2.642123e+01
9.996972e-01 -4.171060e-03 -2.424914e-02 -1.084484e+01 4.107410e-03 9.999880e-01 -2.674047e-03 9.647058e-02 2.426001e-02 2.573636e-03 9.997024e-01 2.619887e+01
9.999846e-01 5.242284e-03 1.814158e-03 -9.165983e+00 -5.247042e-03 9.999828e-01 2.628275e-03 5.276218e-02 -1.800349e-03 -2.637753e-03 9.999949e-01 2.546367e+01
9.998731e-01 -3.916595e-03 -1.544351e-02 -7.978263e+00 3.869792e-03 9.999878e-01 -3.059220e-03 8.579206e-03 1.545531e-02 2.999068e-03 9.998761e-01 2.531767e+01
9.999857e-01 5.349982e-03 2.217689e-04 -6.722610e+00 -5.350423e-03 9.999836e-01 2.044305e-03 -4.302742e-02 -2.108283e-04 -2.045462e-03 9.999979e-01 2.535401e+01
9.999070e-01 -5.337002e-03 -1.255378e-02 -6.624344e+00 5.309399e-03 9.999834e-01 -2.230988e-03 -2.454093e-02 1.256548e-02 2.164127e-03 9.999187e-01 2.427566e+01
9.999858e-01 5.280774e-03 6.578286e-04 -6.576648e+00 -5.282425e-03 9.999828e-01 2.535716e-03 -9.473613e-03 -6.444269e-04 -2.539155e-03 9.999966e-01 2.336732e+01
9.999012e-01 -5.310599e-03 -1.301149e-02 -6.530105e+00 5.280263e-03 9.999833e-01 -2.364653e-03 6.333814e-03 1.302383e-02 2.295715e-03 9.999126e-01 2.245594e+01
9.999852e-01 5.339115e-03 1.089549e-03 -6.445371e+00 -5.342125e-03 9.999819e-01 2.778865e-03 1.751675e-02 -1.074693e-03 -2.784644e-03 9.999955e-01 2.167612e+01
9.999064e-01 -5.258354e-03 -1.262828e-02 -6.331936e+00 5.225815e-03 9.999829e-01 -2.608246e-03 3.161803e-02 1.264177e-02 2.542008e-03 9.999169e-01 2.070984e+01
9.999860e-01 4.871586e-03 2.073913e-03 -6.111480e+00 -4.875366e-03 9.999865e-01 1.821801e-03 5.117059e-02 -2.065010e-03 -1.831886e-03 9.999962e-01 1.929050e+01
9.998588e-01 -4.944179e-03 -1.605790e-02 -5.841379e+00 4.917491e-03 9.999865e-01 -1.701064e-03 6.724309e-02 1.606609e-02 1.621859e-03 9.998696e-01 1.801444e+01
9.999785e-01 5.257193e-03 3.915943e-03 -5.653337e+00 -5.265018e-03 9.999842e-01 1.990812e-03 7.498468e-02 -3.905415e-03 -2.011386e-03 9.999904e-01 1.727711e+01
9.998668e-01 -4.959252e-03 -1.554737e-02 -5.494294e+00 4.935701e-03 9.999866e-01 -1.552733e-03 7.561876e-02 1.555487e-02 1.475788e-03 9.998779e-01 1.688865e+01
9.999776e-01 5.409322e-03 3.930054e-03 -5.293724e+00 -5.418356e-03 9.999827e-01 2.291961e-03 7.187089e-02 -3.917588e-03 -2.313204e-03 9.999897e-01 1.656827e+01
9.998697e-01 -4.981265e-03 -1.535381e-02 -5.091601e+00 4.950136e-03 9.999856e-01 -2.064693e-03 7.124490e-02 1.536388e-02 1.988421e-03 9.998800e-01 1.616342e+01
9.999783e-01 5.375691e-03 3.817936e-03 -4.931414e+00 -5.384889e-03 9.999826e-01 2.403150e-03 7.000211e-02 -3.804951e-03 -2.423657e-03 9.999898e-01 1.583512e+01
9.999264e-01 -4.079875e-03 -1.142421e-02 -4.674862e+00 4.055043e-03 9.999894e-01 -2.195839e-03 5.148704e-02 1.143304e-02 2.149352e-03 9.999323e-01 1.613339e+01
9.999881e-01 4.813460e-03 8.340047e-04 -4.255056e+00 -4.815942e-03 9.999839e-01 3.001183e-03 4.097459e-02 -8.195454e-04 -3.005164e-03 9.999951e-01 1.573152e+01
9.998978e-01 -4.941960e-03 -1.341855e-02 -4.145397e+00 4.902475e-03 9.999836e-01 -2.973783e-03 5.897461e-02 1.343303e-02 2.907694e-03 9.999055e-01 1.456875e+01
9.999876e-01 4.790119e-03 -1.331113e-03 -4.068035e+00 -4.783519e-03 9.999765e-01 4.917425e-03 5.992540e-02 1.354636e-03 -4.910996e-03 9.999870e-01 1.420029e+01
9.999441e-01 -4.223747e-03 -9.691436e-03 -3.917746e+00 4.181674e-03 9.999818e-01 -4.357293e-03 5.256452e-02 9.709663e-03 4.316523e-03 9.999435e-01 1.407813e+01
9.999887e-01 4.278023e-03 -2.051550e-03 -3.808722e+00 -4.269048e-03 9.999814e-01 4.359434e-03 6.825589e-02 2.070162e-03 -4.350627e-03 9.999884e-01 1.307239e+01
9.999545e-01 -5.002948e-03 -8.117549e-03 -3.936614e+00 4.964194e-03 9.999762e-01 -4.787113e-03 9.293047e-02 8.141306e-03 4.746598e-03 9.999556e-01 1.208751e+01
9.999905e-01 4.349164e-03 1.472108e-04 -4.342316e+00 -4.349744e-03 9.999817e-01 4.200131e-03 1.267236e-01 -1.289412e-04 -4.200732e-03 9.999912e-01 1.143562e+01
9.999244e-01 -4.182412e-03 -1.156451e-02 -4.104468e+00 4.137254e-03 9.999837e-01 -3.925981e-03 1.273974e-01 1.158074e-02 3.877839e-03 9.999254e-01 1.086279e+01
9.999910e-01 4.231513e-03 2.957589e-04 -3.874234e+00 -4.232626e-03 9.999835e-01 3.871128e-03 1.356064e-01 -2.793734e-04 -3.872345e-03 9.999925e-01 9.967349e+00
9.999269e-01 -4.416352e-03 -1.125642e-02 -3.710286e+00 4.371739e-03 9.999825e-01 -3.984787e-03 1.452746e-01 1.127383e-02 3.935285e-03 9.999287e-01 9.188780e+00
9.999906e-01 4.289313e-03 6.082041e-04 -3.650854e+00 -4.291690e-03 9.999829e-01 3.963538e-03 1.616794e-01 -5.911930e-04 -3.966110e-03 9.999920e-01 8.192561e+00
9.999359e-01 -7.554443e-03 -8.436012e-03 -4.502326e+00 7.503522e-03 9.999535e-01 -6.051488e-03 2.400964e-01 8.481336e-03 5.987800e-03 9.999461e-01 6.109599e+00
