9.999945e-01 -8.417189e-04 -3.209886e-03 -8.727897e-03 8.438988e-04 9.999994e-01 6.778275e-04 1.469132e-03 3.209313e-03 -6.805333e-04 9.999946e-01 -1.801336e-01
9.999986e-01 1.908573e-04 -1.662328e-03 1.951877e-03 -1.910514e-04 1.000000e+00 -1.165955e-04 -1.273749e-03 1.662306e-03 1.169137e-04 9.999986e-01 -2.260108e-01
9.999970e-01 -9.936408e-04 -2.246735e-03 -2.914636e-02 9.951218e-04 9.999993e-01 6.581780e-04 -1.044970e-04 2.246079e-03 -6.604125e-04 9.999973e-01 -3.556349e-01
9.999983e-01 2.344803e-04 -1.839030e-03 -3.565827e-02 -2.345526e-04 1.000000e+00 -3.912786e-05 -1.138408e-03 1.839021e-03 3.955985e-05 9.999983e-01 -4.572907e-01
9.999944e-01 -9.036988e-04 -3.213736e-03 1.253190e-02 9.050889e-04 9.999995e-01 4.311381e-04 -6.060267e-03 3.213344e-03 -4.340451e-04 9.999947e-01 -4.737570e-01
9.999985e-01 2.291062e-04 -1.721455e-03 6.687289e-02 -2.289133e-04 1.000000e+00 1.122439e-04 -8.594140e-03 1.721481e-03 -1.118489e-04 9.999985e-01 -6.201367e-01
9.999850e-01 -7.193985e-04 -5.437766e-03 1.240670e-01 7.209613e-04 9.999997e-01 2.854547e-04 -1.713362e-02 5.437558e-03 -2.893715e-04 9.999852e-01 -5.197820e-01
9.999980e-01 2.963931e-04 -1.961167e-03 1.724105e-01 -2.961378e-04 9.999999e-01 1.304100e-04 -2.595412e-02 1.961206e-03 -1.298283e-04 9.999981e-01 -3.741821e-01
9.999868e-01 -7.392684e-04 -5.080775e-03 1.669672e-01 7.406900e-04 9.999997e-01 2.779478e-04 -3.082822e-02 5.080567e-03 -2.817081e-04 9.999871e-01 -3.119733e-01
9.999998e-01 8.007770e-05 -5.942630e-04 1.431767e-01 -7.994276e-05 1.000000e+00 2.270076e-04 -3.157153e-02 5.942815e-04 -2.269594e-04 9.999998e-01 -4.001519e-01
9.999876e-01 -6.444047e-04 -4.941459e-03 1.562450e-01 6.457886e-04 9.999998e-01 2.784836e-04 -3.459519e-02 4.941278e-03 -2.816719e-04 9.999878e-01 -4.567281e-01
9.999966e-01 -9.804847e-04 2.399050e-03 1.100080e-01 9.801387e-04 9.999995e-01 1.454013e-04 -2.708553e-02 -2.399191e-03 -1.430487e-04 9.999971e-01 -8.144265e-01
9.999988e-01 -1.177455e-03 9.910016e-04 4.861584e-02 1.176820e-03 9.999991e-01 6.409021e-04 -1.026167e-02 -9.917557e-04 -6.397358e-04 9.999993e-01 -1.442945e+00
9.999873e-01 5.272636e-04 -5.018799e-03 2.865140e-02 -5.270462e-04 9.999999e-01 4.461550e-05 -1.406575e-02 5.018822e-03 -4.196908e-05 9.999874e-01 -1.405809e+00
9.999993e-01 -1.060497e-03 -4.769890e-04 2.817659e-02 1.060725e-03 9.999993e-01 4.767774e-04 -2.324384e-02 4.764827e-04 -4.772837e-04 9.999998e-01 -1.118247e+00
9.999900e-01 4.700535e-04 -4.455624e-03 -2.660844e-03 -4.691652e-04 9.999999e-01 2.004052e-04 -2.686802e-02 4.455718e-03 -1.983121e-04 9.999901e-01 -1.060249e+00
9.999960e-01 -1.795290e-03 2.195262e-03 -7.011782e-02 1.794480e-03 9.999983e-01 3.710455e-04 -2.070320e-02 -2.195925e-03 -3.671054e-04 9.999975e-01 -1.333866e+00
9.999996e-01 -5.501405e-04 7.284091e-04 -9.149401e-02 5.498355e-04 9.999998e-01 4.189391e-04 -5.417839e-03 -7.286390e-04 -4.185377e-04 9.999996e-01 -1.996342e+00
9.999996e-01 -8.658540e-04 -2.994937e-04 -1.050245e-01 8.659634e-04 9.999996e-01 3.654670e-04 3.220639e-03 2.991768e-04 -3.657269e-04 9.999999e-01 -2.431016e+00
9.999902e-01 2.550892e-05 -4.437980e-03 -1.187044e-01 -2.488407e-05 1.000000e+00 1.408406e-04 4.990767e-04 4.437984e-03 -1.407281e-04 9.999901e-01 -2.470014e+00
9.999840e-01 -1.876191e-03 5.337301e-03 -1.438117e-01 1.873232e-03 9.999981e-01 5.592357e-04 1.194320e-02 -5.338341e-03 -5.492295e-04 9.999856e-01 -2.991591e+00
9.999655e-01 9.699383e-04 -8.247999e-03 -1.705122e-01 -9.689148e-04 9.999995e-01 1.280845e-04 1.228997e-02 8.248120e-03 -1.200877e-04 9.999660e-01 -3.102701e+00
9.999961e-01 -1.692539e-03 2.236345e-03 -1.667751e-01 1.691814e-03 9.999985e-01 3.263386e-04 7.082165e-03 -2.236894e-03 -3.225545e-04 9.999974e-01 -3.032507e+00
9.999858e-01 7.380849e-04 -5.276275e-03 -2.047840e-01 -7.366372e-04 9.999997e-01 2.763127e-04 8.980157e-03 5.276478e-03 -2.724213e-04 9.999860e-01 -3.180928e+00
9.999983e-01 -1.197540e-03 -1.404171e-03 -1.603446e-01 1.197746e-03 9.999993e-01 1.464009e-04 -3.700915e-03 1.403994e-03 -1.480832e-04 9.999990e-01 -2.849663e+00
9.999916e-01 5.965646e-04 -4.060974e-03 -1.364371e-01 -5.953929e-04 9.999998e-01 2.897165e-04 -9.196978e-03 4.061146e-03 -2.872955e-04 9.999917e-01 -2.840232e+00
9.999944e-01 -2.206026e-03 2.515211e-03 -9.924792e-02 2.205155e-03 9.999975e-01 3.490331e-04 -4.103596e-03 -2.515975e-03 -3.434854e-04 9.999968e-01 -3.261698e+00
9.999992e-01 3.751960e-04 -1.185767e-03 -1.610797e-01 -3.748449e-04 9.999999e-01 2.963230e-04 5.762306e-03 1.185878e-03 -2.958776e-04 9.999993e-01 -3.605762e+00
9.999919e-01 -2.339163e-03 3.271405e-03 -2.208320e-01 2.338181e-03 9.999972e-01 3.038467e-04 1.145048e-02 -3.272107e-03 -2.961958e-04 9.999946e-01 -3.770292e+00
9.999979e-01 5.542509e-04 -1.993512e-03 -2.236169e-01 -5.532498e-04 9.999997e-01 5.026715e-04 2.054460e-02 1.993790e-03 -5.015669e-04 9.999979e-01 -4.230146e+00
9.999984e-01 -1.632007e-03 -7.683883e-04 -2.213607e-01 1.632055e-03 9.999987e-01 6.221089e-05 2.324292e-02 7.682854e-04 -6.346555e-05 9.999997e-01 -4.477048e+00
9.999998e-01 1.233500e-04 -6.096752e-04 -1.453380e-01 -1.229826e-04 9.999998e-01 6.024734e-04 2.814530e-02 6.097498e-04 -6.023976e-04 9.999996e-01 -4.918950e+00
9.999944e-01 -2.422772e-03 2.312919e-03 -6.456709e-02 2.422341e-03 9.999970e-01 1.891871e-04 3.914949e-02 -2.313371e-03 -1.835840e-04 9.999973e-01 -5.567051e+00
9.999988e-01 3.746754e-04 -1.514769e-03 8.539412e-03 -3.737770e-04 9.999998e-01 5.933367e-04 4.911014e-02 1.514991e-03 -5.927690e-04 9.999987e-01 -6.164524e+00
9.999840e-01 -3.267388e-03 4.612650e-03 -3.785450e-03 3.266493e-03 9.999946e-01 2.014885e-04 6.680146e-02 -4.613284e-03 -1.864188e-04 9.999893e-01 -6.906669e+00
9.999998e-01 2.831184e-04 4.983896e-04 -1.057963e-01 -2.834038e-04 9.999998e-01 5.728779e-04 9.116940e-02 -4.982269e-04 -5.730183e-04 9.999997e-01 -7.673596e+00
9.999889e-01 -3.099717e-03 3.555040e-03 -1.621989e-01 3.098789e-03 9.999952e-01 2.667371e-04 1.115342e-01 -3.555850e-03 -2.557186e-04 9.999936e-01 -8.394675e+00
9.999603e-01 2.373535e-03 -8.592515e-03 -2.430326e-01 -2.371651e-03 9.999972e-01 2.294284e-04 1.147741e-01 8.593036e-03 -2.090401e-04 9.999631e-01 -8.475205e+00
9.999840e-01 -3.220772e-03 4.644327e-03 -3.356399e-01 3.219821e-03 9.999948e-01 2.122853e-04 1.223305e-01 -4.644987e-03 -1.973287e-04 9.999892e-01 -8.691054e+00
9.999867e-01 1.232483e-03 -5.017479e-03 -4.491183e-01 -1.231361e-03 9.999992e-01 2.266881e-04 1.366647e-01 5.017754e-03 -2.205060e-04 9.999874e-01 -9.186665e+00
9.999857e-01 -2.861923e-03 4.513882e-03 -5.507094e-01 2.858886e-03 9.999957e-01 6.792293e-04 1.514023e-01 -4.515807e-03 -6.663156e-04 9.999896e-01 -9.652653e+00
9.999560e-01 2.075763e-03 -9.152149e-03 -6.027601e-01 -2.077863e-03 9.999978e-01 -2.199961e-04 1.558357e-01 9.151673e-03 2.390041e-04 9.999581e-01 -9.846690e+00
9.999797e-01 -3.229736e-03 5.490746e-03 -6.586627e-01 3.225855e-03 9.999945e-01 7.155520e-04 1.623309e-01 -5.493027e-03 -6.978259e-04 9.999847e-01 -1.012041e+01
9.999562e-01 2.323097e-03 -9.064610e-03 -6.779893e-01 -2.324503e-03 9.999973e-01 -1.446882e-04 1.668974e-01 9.064250e-03 1.657533e-04 9.999589e-01 -1.037344e+01
9.999884e-01 -3.094445e-03 3.692560e-03 -7.144245e-01 3.092610e-03 9.999951e-01 5.025122e-04 1.690819e-01 -3.694097e-03 -4.910874e-04 9.999931e-01 -1.053452e+01
9.999887e-01 1.224298e-03 -4.595042e-03 -8.495954e-01 -1.225048e-03 9.999992e-01 -1.605613e-04 1.844260e-01 4.594842e-03 1.661894e-04 9.999894e-01 -1.096170e+01
9.999723e-01 -3.466511e-03 6.586881e-03 -9.743070e-01 3.461464e-03 9.999937e-01 7.774306e-04 2.038075e-01 -6.589535e-03 -7.546095e-04 9.999780e-01 -1.152112e+01
9.999937e-01 8.355584e-04 -3.450065e-03 -1.022808e+00 -8.354314e-04 9.999997e-01 3.822296e-05 2.217163e-01 3.450096e-03 -3.533972e-05 9.999940e-01 -1.221304e+01
9.999549e-01 -4.087527e-03 8.571211e-03 -1.014623e+00 4.079282e-03 9.999912e-01 9.791195e-04 2.428907e-01 -8.575138e-03 -9.441117e-04 9.999628e-01 -1.309385e+01
9.999937e-01 7.456747e-04 -3.467110e-03 -1.005279e+00 -7.454972e-04 9.999997e-01 5.246560e-05 2.641906e-01 3.467148e-03 -4.987985e-05 9.999940e-01 -1.404170e+01
9.999371e-01 -4.665856e-03 1.020138e-02 -1.040555e+00 4.651414e-03 9.999881e-01 1.438979e-03 2.892466e-01 -1.020797e-02 -1.391439e-03 9.999469e-01 -1.510279e+01
9.999993e-01 2.592625e-04 -1.137554e-03 -9.312670e-01 -2.586531e-04 9.999998e-01 5.358260e-04 3.172016e-01 1.137693e-03 -5.355307e-04 9.999992e-01 -1.644719e+01
9.999128e-01 -5.275525e-03 1.210444e-02 -9.374967e-01 5.261874e-03 9.999855e-01 1.159320e-03 3.509921e-01 -1.211038e-02 -1.095527e-03 9.999261e-01 -1.777656e+01
9.999770e-01 1.570153e-03 -6.604813e-03 -7.851899e-01 -1.567074e-03 9.999987e-01 4.713726e-04 3.726879e-01 6.605544e-03 -4.610108e-04 9.999781e-01 -1.881977e+01
9.999410e-01 -4.332197e-03 9.957250e-03 -7.726410e-01 4.322003e-03 9.999901e-01 1.045029e-03 3.933683e-01 -9.961680e-03 -1.001932e-03 9.999499e-01 -1.958798e+01
9.999615e-01 2.597296e-03 -8.386357e-03 -1.066318e+00 -2.599769e-03 9.999966e-01 -2.839985e-04 4.203180e-01 8.385591e-03 3.057908e-04 9.999648e-01 -2.009094e+01
9.998809e-01 -6.688930e-03 1.391137e-02 -1.242595e+00 6.673147e-03 9.999770e-01 1.180661e-03 4.502897e-01 -1.391894e-02 -1.087688e-03 9.999025e-01 -2.108124e+01
9.999735e-01 3.169557e-03 -6.557464e-03 -1.446269e+00 -3.167780e-03 9.999949e-01 2.814189e-04 4.864218e-01 6.558324e-03 -2.606381e-04 9.999785e-01 -2.203756e+01
9.999259e-01 -6.145738e-03 1.051031e-02 -1.505518e+00 6.137392e-03 9.999808e-01 8.261486e-04 5.077929e-01 -1.051519e-02 -7.615822e-04 9.999444e-01 -2.283889e+01
9.999981e-01 1.445258e-03 -1.290123e-03 -1.374164e+00 -1.443905e-03 9.999984e-01 1.049574e-03 5.362765e-01 1.291639e-03 -1.047708e-03 9.999986e-01 -2.422288e+01
9.999347e-01 -5.699316e-03 9.901191e-03 -1.362310e+00 5.697890e-03 9.999838e-01 1.721847e-04 5.670588e-01 -9.902012e-03 -1.157582e-04 9.999510e-01 -2.534930e+01
9.999856e-01 2.043395e-03 -4.968098e-03 -1.289712e+00 -2.036488e-03 9.999970e-01 1.394825e-03 5.876445e-01 4.970934e-03 -1.384687e-03 9.999867e-01 -2.634395e+01
9.999363e-01 -5.045348e-03 1.009206e-02 -1.254792e+00 5.048552e-03 9.999872e-01 -2.921149e-04 6.075672e-01 -1.009046e-02 3.430459e-04 9.999490e-01 -2.725025e+01
9.999993e-01 3.679765e-04 -1.146805e-03 -1.262503e+00 -3.660333e-04 9.999985e-01 1.694208e-03 6.386345e-01 1.147427e-03 -1.693787e-03 9.999979e-01 -2.848134e+01
9.999420e-01 -4.419757e-03 9.820702e-03 -1.257889e+00 4.423187e-03 9.999902e-01 -3.275184e-04 6.668151e-01 -9.819159e-03 3.709375e-04 9.999517e-01 -2.957736e+01
9.999811e-01 1.221643e-03 -6.031183e-03 -1.244952e+00 -1.214279e-03 9.999985e-01 1.224559e-03 6.861702e-01 6.032671e-03 -1.217211e-03 9.999811e-01 -3.040028e+01
9.999451e-01 -4.192415e-03 9.599926e-03 -1.294231e+00 4.196007e-03 9.999911e-01 -3.540230e-04 7.065376e-01 -9.598357e-03 3.942842e-04 9.999539e-01 -3.114416e+01
9.999824e-01 1.369122e-03 -5.777391e-03 -1.406912e+00 -1.361851e-03 9.999983e-01 1.262228e-03 7.296447e-01 5.779109e-03 -1.254337e-03 9.999825e-01 -3.186655e+01
9.999239e-01 -4.490696e-03 1.148710e-02 -1.676227e+00 4.498139e-03 9.999897e-01 -6.221815e-04 7.637145e-01 -1.148419e-02 6.738041e-04 9.999338e-01 -3.265269e+01
9.999993e-01 -1.220838e-04 -1.213025e-03 -1.742836e+00 1.243701e-04 9.999982e-01 1.884884e-03 7.978916e-01 1.212793e-03 -1.885033e-03 9.999975e-01 -3.385914e+01
9.999474e-01 -3.838578e-03 9.515926e-03 -1.796872e+00 3.846960e-03 9.999922e-01 -8.626889e-04 8.282150e-01 -9.512541e-03 8.992502e-04 9.999544e-01 -3.487892e+01
9.999871e-01 8.028600e-04 -5.014359e-03 -1.972232e+00 -7.955280e-04 9.999986e-01 1.464029e-03 8.558478e-01 5.015528e-03 -1.460021e-03 9.999864e-01 -3.561469e+01
9.999111e-01 -4.523955e-03 1.254663e-02 -2.210526e+00 4.530577e-03 9.999896e-01 -4.994399e-04 8.916666e-01 -1.254424e-02 5.562383e-04 9.999212e-01 -3.651176e+01
9.999942e-01 5.441647e-04 -3.355397e-03 -2.417062e+00 -5.391967e-04 9.999988e-01 1.481324e-03 9.289925e-01 3.356199e-03 -1.479505e-03 9.999933e-01 -3.752184e+01
9.999705e-01 -2.709915e-03 7.180830e-03 -2.490781e+00 2.715337e-03 9.999960e-01 -7.454602e-04 9.456909e-01 -7.178781e-03 7.649359e-04 9.999739e-01 -3.813508e+01
9.999538e-01 6.554286e-04 -9.585778e-03 -2.503293e+00 -6.415294e-04 9.999987e-01 1.452992e-03 9.535894e-01 9.586719e-03 -1.446775e-03 9.999530e-01 -3.858375e+01
9.998185e-01 -4.331951e-03 1.855122e-02 -2.729196e+00 4.343503e-03 9.999904e-01 -5.824566e-04 9.907475e-01 -1.854852e-02 6.629275e-04 9.998277e-01 -3.952603e+01
9.999289e-01 1.034259e-03 -1.188086e-02 -2.909732e+00 -1.017305e-03 9.999985e-01 1.432993e-03 1.020900e+00 1.188232e-02 -1.420804e-03 9.999284e-01 -4.033893e+01
9.997608e-01 -5.372737e-03 2.120233e-02 -2.960356e+00 5.380773e-03 9.999855e-01 -3.220185e-04 1.051905e+00 -2.120029e-02 4.360257e-04 9.997752e-01 -4.148331e+01
9.999571e-01 3.646346e-04 -9.250547e-03 -3.009335e+00 -3.485930e-04 9.999984e-01 1.735681e-03 1.088879e+00 9.251165e-03 -1.732381e-03 9.999557e-01 -4.279114e+01
9.997985e-01 -4.695658e-03 1.951573e-02 -3.116711e+00 4.709766e-03 9.999887e-01 -6.769724e-04 1.123640e+00 -1.951233e-02 7.687498e-04 9.998093e-01 -4.388725e+01
9.999383e-01 9.897602e-04 -1.106042e-02 -3.255263e+00 -9.729336e-04 9.999984e-01 1.526620e-03 1.156401e+00 1.106191e-02 -1.515764e-03 9.999377e-01 -4.483693e+01
9.999020e-01 -3.630611e-03 1.352188e-02 -3.296336e+00 3.640823e-03 9.999931e-01 -7.306937e-04 1.173915e+00 -1.351914e-02 7.798522e-04 9.999083e-01 -4.549644e+01
9.999531e-01 6.783985e-04 -9.660048e-03 -3.323792e+00 -6.627887e-04 9.999985e-01 1.619025e-03 1.193797e+00 9.661132e-03 -1.612546e-03 9.999520e-01 -4.626407e+01
9.998471e-01 -4.406706e-03 1.691993e-02 -3.431929e+00 4.417126e-03 9.999901e-01 -5.785537e-04 1.223184e+00 -1.691721e-02 6.532020e-04 9.998567e-01 -4.719532e+01
9.999308e-01 1.316936e-03 -1.168742e-02 -3.492290e+00 -1.299729e-03 9.999981e-01 1.479779e-03 1.246506e+00 1.168934e-02 -1.464485e-03 9.999306e-01 -4.799970e+01
9.998839e-01 -3.929830e-03 1.472215e-02 -3.558746e+00 3.938874e-03 9.999921e-01 -5.853323e-04 1.264995e+00 -1.471973e-02 6.432524e-04 9.998915e-01 -4.870503e+01
9.999649e-01 1.078769e-04 -8.381481e-03 -3.753611e+00 -9.448775e-05 9.999987e-01 1.597848e-03 1.296807e+00 8.381643e-03 -1.596999e-03 9.999636e-01 -4.962265e+01
9.999391e-01 -2.453270e-03 1.076216e-02 -3.859799e+00 2.464257e-03 9.999965e-01 -1.007683e-03 1.317097e+00 -1.075965e-02 1.034141e-03 9.999416e-01 -5.021588e+01
9.999675e-01 -2.415583e-04 -8.054730e-03 -4.009344e+00 2.554322e-04 9.999985e-01 1.721470e-03 1.339629e+00 8.054303e-03 -1.723471e-03 9.999661e-01 -5.085156e+01
9.999168e-01 -2.738550e-03 1.260427e-02 -4.189686e+00 2.752530e-03 9.999956e-01 -1.091944e-03 1.367314e+00 -1.260123e-02 1.126546e-03 9.999200e-01 -5.157762e+01
9.999891e-01 -1.069319e-03 -4.550334e-03 -4.375458e+00 1.078936e-03 9.999972e-01 2.111479e-03 1.400598e+00 4.548064e-03 -2.116365e-03 9.999874e-01 -5.254225e+01
9.999154e-01 -2.871880e-03 1.268811e-02 -4.601491e+00 2.884621e-03 9.999954e-01 -9.860303e-04 1.434423e+00 -1.268522e-02 1.022547e-03 9.999190e-01 -5.359261e+01
9.999945e-01 -1.737732e-03 -2.829852e-03 -4.650495e+00 1.747129e-03 9.999930e-01 3.321655e-03 1.466735e+00 2.824060e-03 -3.326580e-03 9.999905e-01 -5.497269e+01
9.999692e-01 -1.147169e-03 7.770011e-03 -4.517506e+00 1.159336e-03 9.999981e-01 -1.561571e-03 1.487604e+00 -7.768205e-03 1.570530e-03 9.999686e-01 -5.596697e+01
9.999435e-01 -6.090579e-05 -1.062732e-02 -4.674369e+00 8.124132e-05 9.999982e-01 1.913100e-03 1.500855e+00 1.062718e-02 -1.913855e-03 9.999417e-01 -5.620279e+01
9.999023e-01 -3.214401e-03 1.360557e-02 -4.919629e+00 3.235940e-03 9.999935e-01 -1.561352e-03 1.529935e+00 -1.360046e-02 1.605226e-03 9.999062e-01 -5.690253e+01
9.999805e-01 -1.634984e-04 -6.245121e-03 -5.172946e+00 1.783485e-04 9.999972e-01 2.377403e-03 1.565908e+00 6.244714e-03 -2.378470e-03 9.999777e-01 -5.769213e+01
9.999748e-01 -1.864341e-03 6.856954e-03 -5.481511e+00 1.879020e-03 9.999960e-01 -2.134919e-03 1.592230e+00 -6.852947e-03 2.147749e-03 9.999742e-01 -5.807382e+01
9.999887e-01 -9.634475e-04 -4.647577e-03 -5.692863e+00 9.755074e-04 9.999962e-01 2.593304e-03 1.617443e+00 4.645061e-03 -2.597808e-03 9.999858e-01 -5.866201e+01
9.999422e-01 -2.522238e-03 1.045376e-02 -5.821878e+00 2.540897e-03 9.999952e-01 -1.772086e-03 1.645217e+00 -1.044924e-02 1.798544e-03 9.999438e-01 -5.950954e+01
9.999927e-01 -7.023824e-04 -3.767899e-03 -5.957247e+00 7.120169e-04 9.999965e-01 2.556270e-03 1.674667e+00 3.766091e-03 -2.558933e-03 9.999896e-01 -6.036401e+01
9.999503e-01 -2.960714e-03 9.516025e-03 -6.085563e+00 2.974389e-03 9.999946e-01 -1.423178e-03 1.702815e+00 -9.511760e-03 1.451411e-03 9.999537e-01 -6.125695e+01
9.999934e-01 -4.126126e-04 -3.614337e-03 -6.046305e+00 4.212673e-04 9.999970e-01 2.394154e-03 1.724818e+00 3.613339e-03 -2.395660e-03 9.999906e-01 -6.216748e+01
9.999564e-01 -2.918764e-03 8.866776e-03 -6.046823e+00 2.931761e-03 9.999946e-01 -1.453223e-03 1.746808e+00 -8.862487e-03 1.479155e-03 9.999596e-01 -6.305405e+01
9.999975e-01 -6.877659e-04 -2.109739e-03 -6.065856e+00 6.930964e-04 9.999966e-01 2.526957e-03 1.772285e+00 2.107994e-03 -2.528412e-03 9.999946e-01 -6.401188e+01
9.999833e-01 -1.735306e-03 5.519732e-03 -6.107820e+00 1.745582e-03 9.999968e-01 -1.857328e-03 1.791863e+00 -5.516492e-03 1.866931e-03 9.999830e-01 -6.465604e+01
9.999674e-01 3.564622e-04 -8.063832e-03 -6.261515e+00 -3.382610e-04 9.999974e-01 2.258395e-03 1.805945e+00 8.064616e-03 -2.255593e-03 9.999649e-01 -6.491116e+01
9.999800e-01 -2.031577e-03 5.990159e-03 -6.412050e+00 2.043067e-03 9.999961e-01 -1.912650e-03 1.820980e+00 -5.986250e-03 1.924849e-03 9.999802e-01 -6.521773e+01
9.999794e-01 1.803040e-04 -6.423087e-03 -6.447695e+00 -1.645257e-04 9.999970e-01 2.456953e-03 1.833148e+00 6.423511e-03 -2.455845e-03 9.999764e-01 -6.567434e+01
9.999712e-01 -2.302991e-03 7.224681e-03 -6.465960e+00 2.316504e-03 9.999956e-01 -1.862523e-03 1.846963e+00 -7.220360e-03 1.879204e-03 9.999722e-01 -6.623109e+01
9.999560e-01 1.212523e-03 -9.303428e-03 -6.632262e+00 -1.187562e-03 9.999957e-01 2.688057e-03 1.862722e+00 9.306648e-03 -2.676889e-03 9.999531e-01 -6.641025e+01
9.999448e-01 -2.290895e-03 1.025181e-02 -7.030624e+00 2.314284e-03 9.999947e-01 -2.270083e-03 1.897199e+00 -1.024655e-02 2.293683e-03 9.999449e-01 -6.635500e+01
9.999988e-01 1.255227e-03 8.717831e-04 -7.814556e+00 -1.257940e-03 9.999943e-01 3.118478e-03 1.971258e+00 -8.678633e-04 -3.119570e-03 9.999948e-01 -6.598861e+01
9.999809e-01 -2.741716e-03 5.544633e-03 -8.260163e+00 2.763469e-03 9.999885e-01 -3.919406e-03 2.006892e+00 -5.533824e-03 3.934653e-03 9.999769e-01 -6.530414e+01
9.999513e-01 2.170411e-03 9.623869e-03 -9.075787e+00 -2.206256e-03 9.999907e-01 3.715518e-03 2.086952e+00 -9.615715e-03 -3.736570e-03 9.999468e-01 -6.463279e+01
9.999790e-01 -3.691620e-03 -5.327708e-03 -9.480512e+00 3.670034e-03 9.999850e-01 -4.055779e-03 2.121427e+00 5.342601e-03 4.036140e-03 9.999776e-01 -6.419157e+01
9.999758e-01 2.969682e-03 6.294790e-03 -9.787204e+00 -2.996086e-03 9.999867e-01 4.189299e-03 2.149124e+00 -6.282265e-03 -4.208057e-03 9.999714e-01 -6.392370e+01
9.999644e-01 -4.782855e-03 -6.949708e-03 -9.942646e+00 4.754022e-03 9.999800e-01 -4.159317e-03 2.149847e+00 6.969463e-03 4.126129e-03 9.999672e-01 -6.324543e+01
9.999867e-01 3.651364e-03 3.648330e-03 -9.911987e+00 -3.667745e-03 9.999832e-01 4.493440e-03 2.129825e+00 -3.631861e-03 -4.506761e-03 9.999832e-01 -6.247523e+01
9.999473e-01 -4.417131e-03 -9.262904e-03 -9.877779e+00 4.379587e-03 9.999821e-01 -4.069558e-03 2.115535e+00 9.280714e-03 4.028776e-03 9.999488e-01 -6.201901e+01
9.999876e-01 3.687834e-03 3.340226e-03 -9.838224e+00 -3.702662e-03 9.999833e-01 4.444178e-03 2.101910e+00 -3.323780e-03 -4.456490e-03 9.999845e-01 -6.161391e+01
9.999595e-01 -4.727429e-03 -7.656914e-03 -9.808239e+00 4.695531e-03 9.999802e-01 -4.178575e-03 2.085726e+00 7.676516e-03 4.142452e-03 9.999620e-01 -6.103683e+01
9.999894e-01 3.924270e-03 2.397526e-03 -9.731693e+00 -3.934864e-03 9.999824e-01 4.430254e-03 2.076745e+00 -2.380098e-03 -4.439640e-03 9.999873e-01 -6.087429e+01
9.999742e-01 -5.327405e-03 -4.817200e-03 -9.629510e+00 5.308225e-03 9.999780e-01 -3.985734e-03 2.076001e+00 4.838327e-03 3.960060e-03 9.999805e-01 -6.113897e+01
9.999906e-01 4.306653e-03 -5.073701e-04 -9.581912e+00 -4.304373e-03 9.999810e-01 4.411931e-03 2.057225e+00 5.263615e-04 -4.409705e-03 9.999901e-01 -6.050343e+01
9.999782e-01 -5.224480e-03 -4.040420e-03 -9.545632e+00 5.208132e-03 9.999783e-01 -4.046119e-03 2.039125e+00 4.061471e-03 4.024987e-03 9.999837e-01 -5.985956e+01
9.999860e-01 4.511712e-03 -2.773645e-03 -9.463785e+00 -4.499932e-03 9.999809e-01 4.238769e-03 2.024192e+00 2.792717e-03 -4.226228e-03 9.999872e-01 -5.949530e+01
9.999793e-01 -5.273818e-03 -3.681791e-03 -9.398656e+00 5.259275e-03 9.999784e-01 -3.948550e-03 2.006683e+00 3.702535e-03 3.929105e-03 9.999854e-01 -5.899141e+01
9.999858e-01 4.584356e-03 -2.733636e-03 -9.334224e+00 -4.572704e-03 9.999805e-01 4.253601e-03 1.990461e+00 2.753083e-03 -4.241040e-03 9.999872e-01 -5.854127e+01
9.999773e-01 -4.715792e-03 -4.811124e-03 -9.300884e+00 4.696987e-03 9.999813e-01 -3.912527e-03 1.983008e+00 4.829484e-03 3.889840e-03 9.999808e-01 -5.838345e+01
9.999892e-01 4.222390e-03 -1.928148e-03 -9.325723e+00 -4.214424e-03 9.999826e-01 4.117310e-03 1.982745e+00 1.945500e-03 -4.109139e-03 9.999897e-01 -5.835122e+01
9.999752e-01 -4.827296e-03 -5.128974e-03 -9.246732e+00 4.807338e-03 9.999809e-01 -3.896365e-03 1.967032e+00 5.147684e-03 3.871611e-03 9.999793e-01 -5.797458e+01
9.999932e-01 3.671421e-03 3.096140e-04 -9.183287e+00 -3.672692e-03 9.999844e-01 4.211395e-03 1.943042e+00 -2.941469e-04 -4.212503e-03 9.999911e-01 -5.715494e+01
9.999760e-01 -4.600541e-03 -5.172830e-03 -9.129142e+00 4.580218e-03 9.999818e-01 -3.933775e-03 1.922209e+00 5.190833e-03 3.909988e-03 9.999789e-01 -5.642521e+01
9.999928e-01 3.685842e-03 -8.602853e-04 -9.061666e+00 -3.682175e-03 9.999843e-01 4.226104e-03 1.904249e+00 8.758490e-04 -4.222905e-03 9.999907e-01 -5.590187e+01
9.999870e-01 -4.890440e-03 1.446254e-03 -9.057897e+00 4.896345e-03 9.999796e-01 -4.108076e-03 1.887174e+00 -1.426134e-03 4.115104e-03 9.999905e-01 -5.497272e+01
9.999904e-01 3.508302e-03 2.632098e-03 -9.134110e+00 -3.517341e-03 9.999879e-01 3.437180e-03 1.873351e+00 -2.620007e-03 -3.446404e-03 9.999906e-01 -5.372637e+01
9.999622e-01 -4.344819e-03 -7.531776e-03 -9.081710e+00 4.321607e-03 9.999859e-01 -3.095426e-03 1.853759e+00 7.545118e-03 3.062759e-03 9.999668e-01 -5.301341e+01
9.999915e-01 4.076008e-03 6.878296e-04 -9.141828e+00 -4.078222e-03 9.999864e-01 3.249582e-03 1.855676e+00 -6.745745e-04 -3.252359e-03 9.999945e-01 -5.295037e+01
9.999633e-01 -4.733793e-03 -7.142949e-03 -9.192277e+00 4.711879e-03 9.999842e-01 -3.081713e-03 1.856075e+00 7.157423e-03 3.047943e-03 9.999697e-01 -5.291963e+01
9.999907e-01 4.287173e-03 -4.624122e-04 -9.100493e+00 -4.285608e-03 9.999853e-01 3.334270e-03 1.844210e+00 4.767004e-04 -3.332256e-03 9.999943e-01 -5.273549e+01
9.999634e-01 -4.810361e-03 -7.070872e-03 -9.025707e+00 4.788499e-03 9.999837e-01 -3.105579e-03 1.831819e+00 7.085696e-03 3.071606e-03 9.999702e-01 -5.249432e+01
9.999903e-01 4.365556e-03 -5.067393e-04 -8.957411e+00 -4.363816e-03 9.999847e-01 3.385537e-03 1.820161e+00 5.215117e-04 -3.383293e-03 9.999941e-01 -5.227714e+01
9.999656e-01 -4.977526e-03 -6.638984e-03 -8.880829e+00 4.957277e-03 9.999830e-01 -3.063080e-03 1.803975e+00 6.654118e-03 3.030062e-03 9.999733e-01 -5.184814e+01
9.999906e-01 4.321245e-03 -1.772498e-04 -8.827938e+00 -4.320608e-03 9.999847e-01 3.448373e-03 1.789172e+00 1.921488e-04 -3.447574e-03 9.999940e-01 -5.144116e+01
9.999638e-01 -4.836409e-03 -7.004928e-03 -8.778359e+00 4.814587e-03 9.999835e-01 -3.128873e-03 1.776270e+00 7.019945e-03 3.095034e-03 9.999706e-01 -5.112282e+01
9.999907e-01 4.292021e-03 -3.038067e-04 -8.684485e+00 -4.290967e-03 9.999850e-01 3.391241e-03 1.767135e+00 3.183579e-04 -3.389905e-03 9.999942e-01 -5.105549e+01
9.999732e-01 -4.969986e-03 -5.375883e-03 -8.602999e+00 4.953976e-03 9.999833e-01 -2.987246e-03 1.762491e+00 5.390639e-03 2.960533e-03 9.999811e-01 -5.115778e+01
9.999897e-01 4.399400e-03 -1.122269e-03 -8.520054e+00 -4.395569e-03 9.999846e-01 3.393288e-03 1.753968e+00 1.137180e-03 -3.388320e-03 9.999936e-01 -5.107344e+01
9.999745e-01 -5.172248e-03 -4.917304e-03 -8.477173e+00 5.156833e-03 9.999818e-01 -3.142215e-03 1.749972e+00 4.933466e-03 3.116776e-03 9.999830e-01 -5.112963e+01
9.999897e-01 4.108108e-03 1.922402e-03 -8.396836e+00 -4.115178e-03 9.999847e-01 3.688435e-03 1.750603e+00 -1.907220e-03 -3.696308e-03 9.999913e-01 -5.140126e+01
9.999623e-01 -4.870322e-03 -7.187197e-03 -8.309520e+00 4.846574e-03 9.999828e-01 -3.317945e-03 1.746570e+00 7.203232e-03 3.282986e-03 9.999687e-01 -5.152871e+01
9.999905e-01 4.235723e-03 1.060427e-03 -8.201374e+00 -4.239602e-03 9.999842e-01 3.682473e-03 1.739838e+00 -1.044812e-03 -3.686933e-03 9.999927e-01 -5.158607e+01
9.999695e-01 -5.033019e-03 -5.967187e-03 -8.103548e+00 5.013295e-03 9.999819e-01 -3.315836e-03 1.737221e+00 5.983767e-03 3.285819e-03 9.999767e-01 -5.177699e+01
9.999900e-01 4.218058e-03 1.513479e-03 -8.021471e+00 -4.223736e-03 9.999840e-01 3.768342e-03 1.736593e+00 -1.497559e-03 -3.774696e-03 9.999918e-01 -5.201885e+01
9.999730e-01 -5.102277e-03 -5.279407e-03 -7.925447e+00 5.084659e-03 9.999815e-01 -3.345236e-03 1.736549e+00 5.296377e-03 3.318301e-03 9.999805e-01 -5.230199e+01
9.999886e-01 4.707859e-03 -7.794646e-04 -7.965605e+00 -4.705001e-03 9.999823e-01 3.629315e-03 1.737648e+00 7.965376e-04 -3.625606e-03 9.999931e-01 -5.225935e+01
9.999661e-01 -5.255321e-03 -6.339292e-03 -7.927157e+00 5.233906e-03 9.999806e-01 -3.389974e-03 1.730097e+00 6.356984e-03 3.356679e-03 9.999742e-01 -5.210004e+01
9.999893e-01 4.612845e-03 4.073043e-04 -7.819638e+00 -4.614316e-03 9.999825e-01 3.688925e-03 1.723432e+00 -3.902803e-04 -3.690765e-03 9.999931e-01 -5.215128e+01
9.999585e-01 -5.146872e-03 -7.517918e-03 -7.721024e+00 5.120853e-03 9.999808e-01 -3.476119e-03 1.712317e+00 7.535664e-03 3.437476e-03 9.999657e-01 -5.200272e+01
9.999894e-01 4.601500e-03 2.506509e-04 -7.636715e+00 -4.602374e-03 9.999829e-01 3.605269e-03 1.701369e+00 -2.340566e-04 -3.606384e-03 9.999935e-01 -5.183517e+01
9.999666e-01 -5.184062e-03 -6.312499e-03 -7.534479e+00 5.162922e-03 9.999810e-01 -3.360619e-03 1.695163e+00 6.329801e-03 3.327916e-03 9.999744e-01 -5.189121e+01
9.999881e-01 4.793334e-03 -8.837746e-04 -7.465072e+00 -4.790164e-03 9.999822e-01 3.554701e-03 1.684788e+00 9.007982e-04 -3.550424e-03 9.999933e-01 -5.172902e+01
9.999660e-01 -5.226135e-03 -6.383933e-03 -7.383429e+00 5.204492e-03 9.999807e-01 -3.402200e-03 1.673581e+00 6.401590e-03 3.368859e-03 9.999738e-01 -5.155100e+01
9.999898e-01 3.970121e-03 2.174793e-03 -7.333968e+00 -3.978527e-03 9.999846e-01 3.874830e-03 1.676068e+00 -2.159375e-03 -3.883442e-03 9.999901e-01 -5.186027e+01
9.999802e-01 -6.194818e-03 -1.066520e-03 -7.396354e+00 6.191282e-03 9.999754e-01 -3.287414e-03 1.692753e+00 1.086858e-03 3.280745e-03 9.999940e-01 -5.242608e+01
9.999869e-01 3.337602e-03 3.880772e-03 -7.510810e+00 -3.353307e-03 9.999862e-01 4.047530e-03 1.714903e+00 -3.867209e-03 -4.060490e-03 9.999843e-01 -5.308964e+01
9.999656e-01 -4.494877e-03 -6.977062e-03 -7.386247e+00 4.469246e-03 9.999832e-01 -3.684980e-03 1.707172e+00 6.993508e-03 3.653670e-03 9.999689e-01 -5.313085e+01
9.999922e-01 3.947868e-03 -1.412941e-04 -7.312133e+00 -3.947276e-03 9.999844e-01 3.964623e-03 1.692795e+00 1.569441e-04 -3.964034e-03 9.999921e-01 -5.282869e+01
9.999738e-01 -5.229586e-03 -5.000116e-03 -7.361189e+00 5.212788e-03 9.999807e-01 -3.366681e-03 1.695611e+00 5.017625e-03 3.340528e-03 9.999818e-01 -5.305780e+01
9.999845e-01 3.590349e-03 4.264624e-03 -7.317054e+00 -3.607821e-03 9.999851e-01 4.096420e-03 1.703468e+00 -4.249852e-03 -4.111742e-03 9.999825e-01 -5.353523e+01
9.999279e-01 -4.327703e-03 -1.119796e-02 -7.243926e+00 4.284584e-03 9.999833e-01 -3.871710e-03 1.691187e+00 1.121453e-02 3.823451e-03 9.999298e-01 -5.332770e+01
9.999803e-01 3.381554e-03 5.280173e-03 -7.188964e+00 -3.403174e-03 9.999858e-01 4.090924e-03 1.675484e+00 -5.266264e-03 -4.108812e-03 9.999777e-01 -5.287453e+01
9.999485e-01 -4.348720e-03 -9.171056e-03 -7.163572e+00 4.316080e-03 9.999843e-01 -3.575809e-03 1.671910e+00 9.186462e-03 3.536041e-03 9.999516e-01 -5.291369e+01
9.999718e-01 2.756613e-03 6.979195e-03 -7.139908e+00 -2.785167e-03 9.999878e-01 4.084907e-03 1.650101e+00 -6.967848e-03 -4.104229e-03 9.999673e-01 -5.200834e+01
9.999383e-01 -4.185963e-03 -1.029041e-02 -7.052526e+00 4.143347e-03 9.999828e-01 -4.159237e-03 1.644388e+00 1.030764e-02 4.116343e-03 9.999384e-01 -5.197014e+01
9.999723e-01 2.361788e-03 7.059339e-03 -7.282347e+00 -2.393725e-03 9.999869e-01 4.519080e-03 1.661129e+00 -7.048573e-03 -4.535853e-03 9.999649e-01 -5.210152e+01
9.999495e-01 -3.320289e-03 -9.480288e-03 -7.443608e+00 3.280850e-03 9.999859e-01 -4.172553e-03 1.662988e+00 9.494008e-03 4.141239e-03 9.999464e-01 -5.173219e+01
9.999878e-01 2.467901e-03 4.270477e-03 -7.436548e+00 -2.488119e-03 9.999857e-01 4.735665e-03 1.657770e+00 -4.258729e-03 -4.746232e-03 9.999797e-01 -5.167765e+01
9.999368e-01 -3.046991e-03 -1.082264e-02 -7.390818e+00 2.998538e-03 9.999854e-01 -4.490430e-03 1.644872e+00 1.083616e-02 4.457693e-03 9.999314e-01 -5.130675e+01
9.999768e-01 1.825295e-03 6.561330e-03 -7.334438e+00 -1.857984e-03 9.999859e-01 4.979438e-03 1.639734e+00 -6.552148e-03 -4.991513e-03 9.999661e-01 -5.134907e+01
9.999273e-01 -2.643222e-03 -1.176182e-02 -7.275350e+00 2.592305e-03 9.999872e-01 -4.342072e-03 1.630162e+00 1.177315e-02 4.311266e-03 9.999214e-01 -5.121003e+01
9.999828e-01 2.145005e-03 5.458523e-03 -7.210024e+00 -2.170543e-03 9.999867e-01 4.677014e-03 1.615067e+00 -5.448418e-03 -4.688781e-03 9.999742e-01 -5.079263e+01
9.999268e-01 -2.663041e-03 -1.179981e-02 -7.139510e+00 2.611664e-03 9.999871e-01 -4.367314e-03 1.602368e+00 1.181129e-02 4.336177e-03 9.999208e-01 -5.048285e+01
9.999733e-01 1.623942e-03 7.119922e-03 -7.086605e+00 -1.659387e-03 9.999862e-01 4.975262e-03 1.599482e+00 -7.111744e-03 -4.986943e-03 9.999623e-01 -5.059897e+01
9.999397e-01 -2.946652e-03 -1.057891e-02 -7.049946e+00 2.900279e-03 9.999861e-01 -4.396197e-03 1.600571e+00 1.059172e-02 4.365250e-03 9.999344e-01 -5.083838e+01
9.999679e-01 1.456787e-03 7.880493e-03 -7.031140e+00 -1.497618e-03 9.999855e-01 5.177828e-03 1.603943e+00 -7.872835e-03 -5.189464e-03 9.999555e-01 -5.114534e+01
9.999282e-01 -2.463344e-03 -1.172762e-02 -7.003395e+00 2.409885e-03 9.999867e-01 -4.570268e-03 1.602675e+00 1.173872e-02 4.541677e-03 9.999208e-01 -5.127328e+01
9.999707e-01 1.323490e-03 7.535823e-03 -6.947813e+00 -1.362581e-03 9.999856e-01 5.184692e-03 1.597283e+00 -7.528852e-03 -5.194808e-03 9.999582e-01 -5.127892e+01
9.999110e-01 -2.182952e-03 -1.315832e-02 -6.892047e+00 2.117652e-03 9.999854e-01 -4.974517e-03 1.585591e+00 1.316898e-02 4.946209e-03 9.999011e-01 -5.097593e+01
9.999256e-01 2.082559e-04 1.219416e-02 -6.833633e+00 -2.791331e-04 9.999831e-01 5.810982e-03 1.593441e+00 -1.219275e-02 -5.813953e-03 9.999088e-01 -5.148565e+01
9.998987e-01 -2.053846e-03 -1.408786e-02 -6.729587e+00 1.983624e-03 9.999855e-01 -4.996786e-03 1.596469e+00 1.409792e-02 4.968334e-03 9.998883e-01 -5.188143e+01
9.999150e-01 -2.151606e-04 1.303559e-02 -6.624511e+00 1.392618e-04 9.999830e-01 5.823060e-03 1.602641e+00 -1.303662e-02 -5.820749e-03 9.998981e-01 -5.237132e+01
9.998840e-01 -1.537197e-03 -1.515478e-02 -6.559451e+00 1.462588e-03 9.999868e-01 -4.932985e-03 1.606052e+00 1.516216e-02 4.910247e-03 9.998730e-01 -5.273589e+01
9.999371e-01 4.867301e-04 1.120159e-02 -6.469071e+00 -5.467286e-04 9.999855e-01 5.353806e-03 1.592748e+00 -1.119882e-02 -5.359593e-03 9.999229e-01 -5.245794e+01
9.998828e-01 -1.376878e-03 -1.524634e-02 -6.404434e+00 1.298304e-03 9.999858e-01 -5.162350e-03 1.571328e+00 1.525323e-02 5.141950e-03 9.998704e-01 -5.169558e+01
9.999240e-01 -2.012047e-04 1.232430e-02 -6.327255e+00 1.358222e-04 9.999859e-01 5.305780e-03 1.542764e+00 -1.232519e-02 -5.303703e-03 9.999100e-01 -5.060428e+01
9.998544e-01 -7.213131e-04 -1.704830e-02 -6.231870e+00 6.313697e-04 9.999859e-01 -5.280586e-03 1.525580e+00 1.705187e-02 5.269053e-03 9.998407e-01 -5.002185e+01
9.999143e-01 -4.097806e-04 1.308254e-02 -6.137936e+00 3.312067e-04 9.999819e-01 6.007615e-03 1.518015e+00 -1.308477e-02 -6.002766e-03 9.998964e-01 -4.997342e+01
9.998616e-01 -8.827502e-04 -1.661569e-02 -6.073603e+00 7.889906e-04 9.999837e-01 -5.648540e-03 1.511835e+00 1.662041e-02 5.634647e-03 9.998460e-01 -4.992993e+01
9.998962e-01 -5.954311e-04 1.439840e-02 -6.008892e+00 5.028282e-04 9.999792e-01 6.434244e-03 1.511908e+00 -1.440193e-02 -6.426335e-03 9.998756e-01 -5.015709e+01
9.998221e-01 -4.844071e-04 -1.885561e-02 -5.939083e+00 3.761698e-04 9.999834e-01 -5.743448e-03 1.505211e+00 1.885808e-02 5.735332e-03 9.998057e-01 -5.012779e+01
9.999088e-01 -4.241820e-04 1.349637e-02 -5.857816e+00 3.410968e-04 9.999810e-01 6.157830e-03 1.493850e+00 -1.349872e-02 -6.152665e-03 9.998900e-01 -4.990176e+01
9.998196e-01 -2.057329e-04 -1.899026e-02 -5.788566e+00 9.373977e-05 9.999826e-01 -5.898096e-03 1.477243e+00 1.899114e-02 5.895252e-03 9.998023e-01 -4.940602e+01
9.999017e-01 -5.017070e-04 1.401041e-02 -5.728055e+00 4.161156e-04 9.999812e-01 6.111375e-03 1.458525e+00 -1.401322e-02 -6.104944e-03 9.998832e-01 -4.878851e+01
9.998139e-01 -7.308267e-05 -1.929045e-02 -5.662056e+00 -3.932256e-05 9.999830e-01 -5.826545e-03 1.441832e+00 1.929054e-02 5.826219e-03 9.997969e-01 -4.827315e+01
9.998842e-01 -1.256475e-03 1.516510e-02 -5.540859e+00 1.164307e-03 9.999808e-01 6.084985e-03 1.434196e+00 -1.517245e-02 -6.066623e-03 9.998665e-01 -4.819746e+01
9.998544e-01 -6.670524e-04 -1.705342e-02 -5.360546e+00 5.798475e-04 9.999867e-01 -5.118060e-03 1.434812e+00 1.705661e-02 5.107425e-03 9.998415e-01 -4.858857e+01
9.999315e-01 -3.963765e-04 1.170101e-02 -5.298159e+00 3.317635e-04 9.999847e-01 5.523433e-03 1.415042e+00 -1.170302e-02 -5.519172e-03 9.999163e-01 -4.793287e+01
9.999311e-01 -1.109424e-03 -1.168878e-02 -5.273285e+00 1.048484e-03 9.999858e-01 -5.218309e-03 1.389823e+00 1.169440e-02 5.205694e-03 9.999181e-01 -4.671809e+01
9.999499e-01 -6.434456e-04 9.990050e-03 -5.193333e+00 5.881668e-04 9.999845e-01 5.535337e-03 1.355525e+00 -9.993456e-03 -5.529183e-03 9.999348e-01 -4.534248e+01
9.999491e-01 -1.314110e-03 -9.999940e-03 -5.114681e+00 1.264748e-03 9.999870e-01 -4.940916e-03 1.317644e+00 1.000630e-02 4.928016e-03 9.999378e-01 -4.370980e+01
9.999784e-01 7.438989e-04 6.535477e-03 -5.011510e+00 -7.768551e-04 9.999870e-01 5.041582e-03 1.295570e+00 -6.531641e-03 -5.046549e-03 9.999659e-01 -4.287680e+01
9.999616e-01 -2.084614e-03 -8.515894e-03 -4.945201e+00 2.045519e-03 9.999873e-01 -4.596950e-03 1.267917e+00 8.525369e-03 4.579354e-03 9.999532e-01 -4.175037e+01
9.999891e-01 1.230112e-03 4.500978e-03 -4.890131e+00 -1.251441e-03 9.999880e-01 4.739144e-03 1.246697e+00 -4.495094e-03 -4.744724e-03 9.999786e-01 -4.094147e+01
9.999720e-01 -2.205352e-03 -7.154184e-03 -4.851456e+00 2.173551e-03 9.999877e-01 -4.449832e-03 1.227821e+00 7.163909e-03 4.434157e-03 9.999645e-01 -4.014929e+01
9.999939e-01 1.252283e-03 3.262272e-03 -4.796478e+00 -1.267866e-03 9.999878e-01 4.779011e-03 1.208440e+00 -3.256247e-03 -4.783118e-03 9.999833e-01 -3.945973e+01
9.999804e-01 -2.588316e-03 -5.701119e-03 -4.757707e+00 2.563952e-03 9.999876e-01 -4.276708e-03 1.184719e+00 5.712117e-03 4.262006e-03 9.999746e-01 -3.844801e+01
9.999975e-01 1.937084e-03 1.105600e-03 -4.696842e+00 -1.942072e-03 9.999879e-01 4.528305e-03 1.166156e+00 -1.096814e-03 -4.530440e-03 9.999891e-01 -3.781670e+01
9.999900e-01 -3.652738e-03 -2.596689e-03 -4.667908e+00 3.642221e-03 9.999852e-01 -4.043210e-03 1.139628e+00 2.611419e-03 4.033711e-03 9.999885e-01 -3.665809e+01
9.999969e-01 2.483693e-03 -6.284719e-05 -4.627033e+00 -2.483387e-03 9.999869e-01 4.467893e-03 1.116414e+00 7.394371e-05 -4.467723e-03 9.999900e-01 -3.567630e+01
9.999895e-01 -4.166531e-03 -1.911498e-03 -4.514952e+00 4.159858e-03 9.999853e-01 -3.481766e-03 1.117432e+00 1.925977e-03 3.473777e-03 9.999921e-01 -3.599195e+01
9.999942e-01 3.173094e-03 -1.218803e-03 -4.462574e+00 -3.168478e-03 9.999879e-01 3.770237e-03 1.096175e+00 1.230752e-03 -3.766353e-03 9.999921e-01 -3.516318e+01
9.999857e-01 -3.694388e-03 -3.870144e-03 -4.389593e+00 3.680952e-03 9.999872e-01 -3.473029e-03 1.080783e+00 3.882924e-03 3.458733e-03 9.999865e-01 -3.470528e+01
9.999967e-01 2.533148e-03 4.590691e-04 -4.316667e+00 -2.534938e-03 9.999890e-01 3.940587e-03 1.065094e+00 -4.490815e-04 -3.941737e-03 9.999921e-01 -3.416115e+01
9.999915e-01 -3.583310e-03 -2.029448e-03 -4.264755e+00 3.575894e-03 9.999870e-01 -3.646117e-03 1.039479e+00 2.042486e-03 3.638828e-03 9.999913e-01 -3.308851e+01
9.999983e-01 1.669688e-03 -7.906240e-04 -4.057457e+00 -1.666341e-03 9.999897e-01 4.214912e-03 1.036404e+00 7.976539e-04 -4.213587e-03 9.999908e-01 -3.335951e+01
9.999909e-01 -3.795895e-03 -1.925166e-03 -3.972381e+00 3.788293e-03 9.999851e-01 -3.937386e-03 1.032188e+00 1.940083e-03 3.930056e-03 9.999904e-01 -3.337546e+01
9.999964e-01 2.083476e-03 -1.693152e-03 -3.941765e+00 -2.075478e-03 9.999867e-01 4.711983e-03 1.017104e+00 1.702947e-03 -4.708451e-03 9.999875e-01 -3.265652e+01
9.999946e-01 -3.118283e-03 1.022684e-03 -3.901610e+00 3.123013e-03 9.999843e-01 -4.656277e-03 9.899394e-01 -1.008149e-03 4.659445e-03 9.999886e-01 -3.150976e+01
9.999998e-01 5.789931e-04 -1.616690e-04 -3.768981e+00 -5.780496e-04 9.999832e-01 5.775999e-03 1.000565e+00 1.650110e-04 -5.775904e-03 9.999833e-01 -3.222056e+01
9.999896e-01 -3.836907e-03 2.473523e-03 -3.556925e+00 3.847436e-03 9.999835e-01 -4.266075e-03 1.013829e+00 -2.457114e-03 4.275547e-03 9.999878e-01 -3.315853e+01
9.999996e-01 7.627358e-04 5.250476e-04 -3.370871e+00 -7.656136e-04 9.999846e-01 5.502771e-03 1.027594e+00 -5.208419e-04 -5.503170e-03 9.999847e-01 -3.403724e+01
9.999885e-01 -3.986136e-03 2.680383e-03 -3.035167e+00 3.997123e-03 9.999836e-01 -4.106133e-03 1.039322e+00 -2.663972e-03 4.116798e-03 9.999880e-01 -3.507026e+01
9.999997e-01 7.300433e-04 -1.071449e-04 -2.759712e+00 -7.294480e-04 9.999849e-01 5.454575e-03 1.051768e+00 1.111258e-04 -5.454495e-03 9.999851e-01 -3.603686e+01
9.999947e-01 -2.584773e-03 -1.962702e-03 -2.651455e+00 2.575783e-03 9.999862e-01 -4.569060e-03 1.054974e+00 1.974484e-03 4.563980e-03 9.999876e-01 -3.643640e+01
9.999980e-01 1.520033e-03 -1.278905e-03 -2.603011e+00 -1.513664e-03 9.999865e-01 4.966348e-03 1.038527e+00 1.286437e-03 -4.964402e-03 9.999868e-01 -3.577806e+01
9.999924e-01 -2.052147e-03 -3.328399e-03 -2.537513e+00 2.035979e-03 9.999861e-01 -4.853526e-03 1.022110e+00 3.338313e-03 4.846712e-03 9.999827e-01 -3.521680e+01
9.999994e-01 1.104573e-03 -1.225715e-04 -2.505794e+00 -1.103898e-03 9.999849e-01 5.381055e-03 1.008969e+00 1.285139e-04 -5.380916e-03 9.999855e-01 -3.468586e+01
9.999969e-01 -2.470876e-03 1.465423e-04 -2.500691e+00 2.471564e-03 9.999850e-01 -4.897203e-03 9.890927e-01 -1.344402e-04 4.897550e-03 9.999880e-01 -3.367847e+01
9.999885e-01 1.956050e-03 -4.384020e-03 -2.459416e+00 -1.933026e-03 9.999844e-01 5.249908e-03 9.715432e-01 4.394221e-03 -5.241373e-03 9.999766e-01 -3.303448e+01
9.999962e-01 -2.733498e-03 -4.761279e-04 -2.397529e+00 2.731152e-03 9.999845e-01 -4.859850e-03 9.599823e-01 4.894044e-04 4.858530e-03 9.999881e-01 -3.276018e+01
9.999908e-01 1.826462e-03 -3.877426e-03 -2.352740e+00 -1.805519e-03 9.999838e-01 5.397936e-03 9.542582e-01 3.887223e-03 -5.390885e-03 9.999779e-01 -3.271000e+01
9.999959e-01 -2.837801e-03 2.692622e-04 -2.302029e+00 2.839023e-03 9.999852e-01 -4.651293e-03 9.499624e-01 -2.560593e-04 4.652038e-03 9.999891e-01 -3.274627e+01
9.999888e-01 1.948804e-03 -4.315534e-03 -2.249280e+00 -1.926628e-03 9.999849e-01 5.136984e-03 9.387555e-01 4.325481e-03 -5.128612e-03 9.999775e-01 -3.243266e+01
9.999925e-01 -3.435558e-03 1.790625e-03 -2.195388e+00 3.443495e-03 9.999842e-01 -4.448681e-03 9.369445e-01 -1.775313e-03 4.454813e-03 9.999885e-01 -3.254612e+01
9.999920e-01 1.669965e-03 -3.636038e-03 -2.135363e+00 -1.651537e-03 9.999858e-01 5.065153e-03 9.399078e-01 3.644445e-03 -5.059107e-03 9.999806e-01 -3.285659e+01
