9.999620e-01 1.084791e-03 -8.652890e-03 6.997271e-02 -1.031014e-03 9.999801e-01 6.216975e-03 -3.011268e-02 8.659462e-03 -6.207819e-03 9.999432e-01 1.231609e+00
9.999891e-01 7.170053e-04 -4.603848e-03 2.475200e-01 -7.049796e-04 9.999963e-01 2.613179e-03 -6.809908e-02 4.605705e-03 -2.609904e-03 9.999860e-01 2.637052e+00
9.999243e-01 9.248552e-04 -1.227321e-02 4.521417e-01 -8.796896e-04 9.999928e-01 3.684903e-03 -8.821334e-02 1.227653e-02 -3.673828e-03 9.999179e-01 2.859136e+00
9.999998e-01 5.611110e-05 -6.478558e-04 5.034526e-01 -5.659087e-05 9.999997e-01 -7.406071e-04 -9.217329e-02 6.478144e-04 7.406443e-04 9.999995e-01 2.747536e+00
9.999222e-01 1.389166e-03 -1.240015e-02 5.666264e-01 -1.337478e-03 9.999904e-01 4.175648e-03 -9.944008e-02 1.240583e-02 -4.158739e-03 9.999144e-01 2.738613e+00
9.999883e-01 -3.783911e-04 4.826900e-03 6.170689e-01 3.744131e-04 9.999996e-01 8.250165e-04 -1.221723e-01 -4.827209e-03 -8.231989e-04 9.999880e-01 3.739602e+00
9.999330e-01 2.305440e-03 -1.134106e-02 6.754203e-01 -2.222327e-03 9.999706e-01 7.335729e-03 -1.556911e-01 1.135763e-02 -7.310035e-03 9.999088e-01 5.420645e+00
9.999958e-01 -6.504925e-04 2.822790e-03 7.661564e-01 6.527484e-04 9.999995e-01 -7.983241e-04 -1.839282e-01 -2.822268e-03 8.001640e-04 9.999957e-01 6.683950e+00
9.999227e-01 1.782858e-03 -1.230797e-02 8.427145e-01 -1.715898e-03 9.999837e-01 5.448810e-03 -2.046155e-01 1.231749e-02 -5.427270e-03 9.999094e-01 7.496534e+00
9.999954e-01 -6.406093e-04 2.960772e-03 9.232685e-01 6.422769e-04 9.999996e-01 -5.623107e-04 -2.266873e-01 -2.960411e-03 5.642105e-04 9.999955e-01 8.375703e+00
9.998719e-01 2.829826e-03 -1.575233e-02 9.510463e-01 -2.760950e-03 9.999865e-01 4.392471e-03 -2.290545e-01 1.576455e-02 -4.348418e-03 9.998663e-01 8.213702e+00
9.999964e-01 -2.024760e-03 1.741842e-03 8.755582e-01 2.028210e-03 9.999960e-01 -1.981363e-03 -2.085681e-01 -1.737823e-03 1.984889e-03 9.999965e-01 7.135651e+00
9.998535e-01 3.123399e-03 -1.683164e-02 9.177614e-01 -3.035940e-03 9.999818e-01 5.219153e-03 -2.134350e-01 1.684763e-02 -5.167289e-03 9.998447e-01 7.050571e+00
9.999910e-01 -1.720260e-03 3.878145e-03 1.073130e+00 1.716723e-03 9.999981e-01 9.152684e-04 -2.376320e-01 -3.879711e-03 -9.086017e-04 9.999921e-01 7.788203e+00
9.998947e-01 2.877976e-03 -1.422533e-02 1.152954e+00 -2.822504e-03 9.999883e-01 3.918094e-03 -2.589543e-01 1.423644e-02 -3.877531e-03 9.998911e-01 8.537560e+00
9.999698e-01 -1.396921e-03 7.649760e-03 1.203865e+00 1.368514e-03 9.999922e-01 3.717352e-03 -2.936361e-01 -7.654892e-03 -3.706770e-03 9.999638e-01 1.020974e+01
9.998299e-01 2.918389e-03 -1.821304e-02 1.326061e+00 -2.864445e-03 9.999914e-01 2.987236e-03 -3.216210e-01 1.822160e-02 -2.934558e-03 9.998297e-01 1.132953e+01
9.999699e-01 -1.472628e-03 7.623781e-03 1.405800e+00 1.460866e-03 9.999977e-01 1.548065e-03 -3.392855e-01 -7.626043e-03 -1.536881e-03 9.999697e-01 1.193515e+01
9.997498e-01 2.834520e-03 -2.218956e-02 1.504116e+00 -2.781836e-03 9.999932e-01 2.404792e-03 -3.476823e-01 2.219623e-02 -2.342463e-03 9.997509e-01 1.187310e+01
9.999631e-01 -1.526055e-03 8.455608e-03 1.586798e+00 1.515476e-03 9.999981e-01 1.257350e-03 -3.553256e-01 -8.457510e-03 -1.244488e-03 9.999635e-01 1.181840e+01
9.998652e-01 2.800603e-03 -1.617768e-02 1.655373e+00 -2.729789e-03 9.999866e-01 4.397710e-03 -3.807967e-01 1.618978e-02 -4.352956e-03 9.998595e-01 1.293976e+01
9.999406e-01 -1.240870e-03 1.083180e-02 1.689272e+00 1.205545e-03 9.999939e-01 3.267201e-03 -4.137660e-01 -1.083579e-02 -3.253948e-03 9.999360e-01 1.462118e+01
9.998940e-01 3.319055e-03 -1.417300e-02 1.686011e+00 -3.226314e-03 9.999733e-01 6.561354e-03 -4.558706e-01 1.419440e-02 -6.514933e-03 9.998780e-01 1.692804e+01
9.999649e-01 -9.787194e-04 8.319969e-03 1.730315e+00 9.428479e-04 9.999902e-01 4.314337e-03 -5.012747e-01 -8.324110e-03 -4.306341e-03 9.999561e-01 1.925059e+01
9.998897e-01 2.817834e-03 -1.458202e-02 1.777881e+00 -2.757526e-03 9.999876e-01 4.154220e-03 -5.374530e-01 1.459354e-02 -4.113553e-03 9.998850e-01 2.107957e+01
9.999650e-01 -9.406277e-04 8.311291e-03 1.836043e+00 8.969127e-04 9.999858e-01 5.261891e-03 -5.783896e-01 -8.316122e-03 -5.254251e-03 9.999516e-01 2.313548e+01
9.998160e-01 2.762903e-03 -1.898093e-02 1.976891e+00 -2.706376e-03 9.999918e-01 3.003134e-03 -6.145437e-01 1.898907e-02 -2.951213e-03 9.998153e-01 2.462230e+01
9.999769e-01 -1.497543e-03 6.635808e-03 2.116119e+00 1.480283e-03 9.999955e-01 2.605334e-03 -6.393774e-01 -6.639679e-03 -2.595450e-03 9.999746e-01 2.538955e+01
9.998230e-01 2.845363e-03 -1.859571e-02 2.229619e+00 -2.789681e-03 9.999915e-01 3.019592e-03 -6.646268e-01 1.860415e-02 -2.967182e-03 9.998225e-01 2.621864e+01
9.999888e-01 -1.442881e-03 4.511044e-03 2.399476e+00 1.428911e-03 9.999942e-01 3.098385e-03 -6.880037e-01 -4.515488e-03 -3.091903e-03 9.999850e-01 2.682105e+01
9.998570e-01 2.647617e-03 -1.670155e-02 2.514568e+00 -2.624358e-03 9.999956e-01 1.414394e-03 -7.083917e-01 1.670522e-02 -1.370362e-03 9.998595e-01 2.735879e+01
9.999864e-01 -1.345860e-03 5.047378e-03 2.627133e+00 1.329483e-03 9.999938e-01 3.246723e-03 -7.279471e-01 -5.051716e-03 -3.239967e-03 9.999820e-01 2.793895e+01
9.998260e-01 2.694882e-03 -1.845965e-02 2.745010e+00 -2.674654e-03 9.999958e-01 1.120372e-03 -7.442634e-01 1.846259e-02 -1.070805e-03 9.998290e-01 2.823999e+01
9.999690e-01 -1.503160e-03 7.723625e-03 2.835446e+00 1.479100e-03 9.999940e-01 3.119801e-03 -7.621044e-01 -7.728268e-03 -3.108280e-03 9.999653e-01 2.881450e+01
9.998091e-01 2.690016e-03 -1.935237e-02 2.944061e+00 -2.665256e-03 9.999956e-01 1.305121e-03 -7.799618e-01 1.935580e-02 -1.253294e-03 9.998119e-01 2.932178e+01
9.999710e-01 -1.442645e-03 7.477551e-03 3.007583e+00 1.427965e-03 9.999970e-01 1.968232e-03 -7.885518e-01 -7.480368e-03 -1.957497e-03 9.999701e-01 2.940698e+01
9.997990e-01 2.650672e-03 -1.987046e-02 3.068136e+00 -2.628342e-03 9.999959e-01 1.149805e-03 -7.941952e-01 1.987342e-02 -1.097348e-03 9.998019e-01 2.932565e+01
9.999748e-01 -1.538350e-03 6.937732e-03 3.124801e+00 1.528576e-03 9.999978e-01 1.413878e-03 -7.934821e-01 -6.939892e-03 -1.403236e-03 9.999749e-01 2.897852e+01
9.998184e-01 2.701228e-03 -1.886318e-02 3.180652e+00 -2.671059e-03 9.999951e-01 1.624396e-03 -8.011777e-01 1.886748e-02 -1.573717e-03 9.998208e-01 2.903156e+01
9.999767e-01 -1.727758e-03 6.610188e-03 3.230721e+00 1.719947e-03 9.999978e-01 1.187165e-03 -8.061494e-01 -6.612224e-03 -1.175768e-03 9.999774e-01 2.897359e+01
9.998392e-01 2.936037e-03 -1.769271e-02 3.283895e+00 -2.898994e-03 9.999936e-01 2.118942e-03 -8.164217e-01 1.769881e-02 -2.067311e-03 9.998412e-01 2.919290e+01
9.999770e-01 -1.774416e-03 6.542949e-03 3.324663e+00 1.767220e-03 9.999978e-01 1.105395e-03 -8.237751e-01 -6.544896e-03 -1.093807e-03 9.999780e-01 2.929698e+01
9.998319e-01 2.941787e-03 -1.809479e-02 3.268154e+00 -2.929141e-03 9.999954e-01 7.253574e-04 -8.070433e-01 1.809684e-02 -6.722340e-04 9.998360e-01 2.846444e+01
9.999805e-01 -2.233991e-03 5.828753e-03 3.244302e+00 2.228507e-03 9.999971e-01 9.472201e-04 -7.955147e-01 -5.830851e-03 -9.342116e-04 9.999826e-01 2.781607e+01
9.998114e-01 2.532326e-03 -1.925553e-02 3.234546e+00 -2.519427e-03 9.999966e-01 6.941150e-04 -7.850544e-01 1.925722e-02 -6.454719e-04 9.998144e-01 2.722544e+01
9.999671e-01 -1.376012e-03 7.997500e-03 3.271674e+00 1.359514e-03 9.999969e-01 2.067991e-03 -7.890568e-01 -8.000321e-03 -2.057049e-03 9.999659e-01 2.718131e+01
9.997907e-01 2.702544e-03 -2.027804e-02 3.316811e+00 -2.690999e-03 9.999962e-01 5.966041e-04 -7.914325e-01 2.027958e-02 -5.419118e-04 9.997942e-01 2.698197e+01
9.999599e-01 -2.120359e-03 8.705508e-03 3.270908e+00 2.107653e-03 9.999967e-01 1.468411e-03 -7.816734e-01 -8.708592e-03 -1.450003e-03 9.999610e-01 2.642660e+01
9.999072e-01 3.230892e-03 -1.323631e-02 3.259960e+00 -3.194470e-03 9.999911e-01 2.771907e-03 -7.984120e-01 1.324515e-02 -2.729367e-03 9.999086e-01 2.731493e+01
9.999795e-01 -1.934284e-03 6.110160e-03 3.281853e+00 1.923293e-03 9.999965e-01 1.804238e-03 -8.153581e-01 -6.113628e-03 -1.792449e-03 9.999797e-01 2.817852e+01
9.998629e-01 3.170666e-03 -1.625010e-02 3.334607e+00 -3.148716e-03 9.999941e-01 1.376212e-03 -8.256380e-01 1.625437e-02 -1.324857e-03 9.998670e-01 2.847263e+01
9.999376e-01 -1.966169e-03 1.099626e-02 3.345065e+00 1.928843e-03 9.999923e-01 3.404006e-03 -8.446628e-01 -1.100287e-02 -3.382583e-03 9.999337e-01 2.945765e+01
9.998796e-01 3.475767e-03 -1.512052e-02 3.334267e+00 -3.443290e-03 9.999917e-01 2.173330e-03 -8.662092e-01 1.512795e-02 -2.121005e-03 9.998833e-01 3.067387e+01
9.999588e-01 -2.117656e-03 8.824292e-03 3.350143e+00 2.093282e-03 9.999940e-01 2.770478e-03 -8.847233e-01 -8.830106e-03 -2.751891e-03 9.999572e-01 3.165459e+01
9.998162e-01 3.290640e-03 -1.888874e-02 3.404597e+00 -3.275496e-03 9.999943e-01 8.326770e-04 -8.978707e-01 1.889137e-02 -7.706546e-04 9.998212e-01 3.208276e+01
9.999729e-01 -2.037942e-03 7.075290e-03 3.467640e+00 2.020347e-03 9.999949e-01 2.493056e-03 -9.055419e-01 -7.080334e-03 -2.478693e-03 9.999719e-01 3.214701e+01
9.997938e-01 3.033411e-03 -2.008058e-02 3.554234e+00 -3.021634e-03 9.999952e-01 6.167956e-04 -9.123297e-01 2.008236e-02 -5.559929e-04 9.997982e-01 3.212319e+01
9.999641e-01 -1.737347e-03 8.297794e-03 3.581760e+00 1.717700e-03 9.999957e-01 2.374302e-03 -9.145156e-01 -8.301884e-03 -2.359963e-03 9.999628e-01 3.199803e+01
9.996250e-01 2.175580e-03 -2.729864e-02 3.708497e+00 -2.173308e-03 9.999976e-01 1.129001e-04 -8.987502e-01 2.729882e-02 -5.353005e-05 9.996273e-01 3.096913e+01
9.999088e-01 -1.412731e-03 1.343145e-02 3.773324e+00 1.382931e-03 9.999966e-01 2.227724e-03 -8.913123e-01 -1.343455e-02 -2.208946e-03 9.999073e-01 3.032615e+01
9.996128e-01 2.023706e-03 -2.775052e-02 3.830157e+00 -2.028055e-03 9.999979e-01 -1.285634e-04 -8.816767e-01 2.775020e-02 1.847926e-04 9.996149e-01 2.963491e+01
9.997497e-01 -1.522224e-03 2.232206e-02 3.889307e+00 1.408929e-03 9.999861e-01 5.090342e-03 -9.061265e-01 -2.232950e-02 -5.057617e-03 9.997379e-01 3.068927e+01
9.995520e-01 3.579488e-03 -2.971635e-02 3.979269e+00 -3.475540e-03 9.999877e-01 3.548924e-03 -9.431251e-01 2.972868e-02 -3.444054e-03 9.995521e-01 3.243116e+01
9.998514e-01 -2.209124e-03 1.709687e-02 4.102601e+00 2.192522e-03 9.999971e-01 9.897250e-04 -9.565142e-01 -1.709901e-02 -9.520920e-04 9.998533e-01 3.269314e+01
9.997016e-01 2.988470e-03 -2.424563e-02 4.146360e+00 -2.911906e-03 9.999907e-01 3.192545e-03 -9.754096e-01 2.425495e-02 -3.120992e-03 9.997009e-01 3.343583e+01
9.998737e-01 -1.573708e-03 1.581484e-02 4.204788e+00 1.538160e-03 9.999963e-01 2.259705e-03 -9.944919e-01 -1.581833e-02 -2.235094e-03 9.998724e-01 3.432162e+01
9.996648e-01 2.551719e-03 -2.576530e-02 4.222241e+00 -2.556863e-03 9.999967e-01 -1.667126e-04 -9.985478e-01 2.576479e-02 2.325344e-04 9.996680e-01 3.435764e+01
9.998705e-01 -1.720828e-03 1.600004e-02 4.255916e+00 1.682037e-03 9.999956e-01 2.437587e-03 -1.005351e+00 -1.600416e-02 -2.410358e-03 9.998690e-01 3.449518e+01
9.996604e-01 2.647564e-03 -2.592588e-02 4.260780e+00 -2.662021e-03 9.999963e-01 -5.231300e-04 -1.007742e+00 2.592440e-02 5.919669e-04 9.996637e-01 3.445535e+01
9.998664e-01 -1.762839e-03 1.625016e-02 4.241204e+00 1.726284e-03 9.999959e-01 2.263265e-03 -1.006891e+00 -1.625409e-02 -2.234909e-03 9.998654e-01 3.431314e+01
9.996091e-01 2.615787e-03 -2.783592e-02 4.269040e+00 -2.630093e-03 9.999964e-01 -4.773397e-04 -1.001712e+00 2.783457e-02 5.503635e-04 9.996124e-01 3.386755e+01
9.998580e-01 -1.889271e-03 1.674745e-02 4.279634e+00 1.844609e-03 9.999947e-01 2.681904e-03 -1.002817e+00 -1.675243e-02 -2.650630e-03 9.998562e-01 3.372459e+01
9.996196e-01 2.906010e-03 -2.742490e-02 4.286114e+00 -2.922689e-03 9.999956e-01 -5.680821e-04 -1.002394e+00 2.742313e-02 6.480198e-04 9.996237e-01 3.350842e+01
9.998617e-01 -1.923853e-03 1.651923e-02 4.322507e+00 1.872333e-03 9.999933e-01 3.133676e-03 -1.008534e+00 -1.652515e-02 -3.102313e-03 9.998586e-01 3.354768e+01
9.996287e-01 3.001247e-03 -2.708267e-02 4.385508e+00 -3.001681e-03 9.999955e-01 2.463823e-05 -1.020655e+00 2.708262e-02 5.666378e-05 9.996332e-01 3.385105e+01
9.998527e-01 -2.110442e-03 1.703291e-02 4.455259e+00 2.053132e-03 9.999922e-01 3.381457e-03 -1.035012e+00 -1.703991e-02 -3.345988e-03 9.998492e-01 3.429070e+01
9.996052e-01 3.223844e-03 -2.790979e-02 4.538250e+00 -3.224404e-03 9.999948e-01 2.496201e-05 -1.048455e+00 2.790972e-02 6.503961e-05 9.996104e-01 3.462876e+01
9.998563e-01 -2.249631e-03 1.680030e-02 4.619872e+00 2.196729e-03 9.999926e-01 3.166664e-03 -1.061008e+00 -1.680730e-02 -3.129302e-03 9.998539e-01 3.490808e+01
9.996351e-01 3.322505e-03 -2.680759e-02 4.673483e+00 -3.326849e-03 9.999945e-01 -1.174050e-04 -1.072016e+00 2.680705e-02 2.065463e-04 9.996406e-01 3.522618e+01
9.998639e-01 -2.421876e-03 1.632052e-02 4.670882e+00 2.387812e-03 9.999949e-01 2.106385e-03 -1.068883e+00 -1.632554e-02 -2.067128e-03 9.998646e-01 3.491050e+01
9.995769e-01 3.376446e-03 -2.889072e-02 4.717922e+00 -3.378637e-03 9.999943e-01 -2.701914e-05 -1.063896e+00 2.889046e-02 1.246183e-04 9.995826e-01 3.440242e+01
9.998184e-01 -2.615726e-03 1.887884e-02 4.693949e+00 2.579565e-03 9.999948e-01 1.939569e-03 -1.061326e+00 -1.888381e-02 -1.890517e-03 9.998199e-01 3.415283e+01
9.995972e-01 3.683036e-03 -2.813855e-02 4.579980e+00 -3.699900e-03 9.999930e-01 -5.472695e-04 -1.043641e+00 2.813634e-02 6.511583e-04 9.996039e-01 3.339120e+01
9.998622e-01 -3.278780e-03 1.627110e-02 4.563931e+00 3.248296e-03 9.999929e-01 1.899556e-03 -1.035223e+00 -1.627722e-02 -1.846441e-03 9.998658e-01 3.291258e+01
9.996164e-01 4.456838e-03 -2.733338e-02 4.572613e+00 -4.458070e-03 9.999901e-01 1.584929e-05 -1.029194e+00 2.733318e-02 1.060103e-04 9.996264e-01 3.243302e+01
9.997401e-01 -3.808715e-03 2.247591e-02 4.566049e+00 3.711277e-03 9.999835e-01 4.375356e-03 -1.049228e+00 -2.249221e-02 -4.290804e-03 9.997378e-01 3.332586e+01
9.996076e-01 5.801557e-03 -2.740239e-02 4.588555e+00 -5.673777e-03 9.999727e-01 4.738552e-03 -1.088106e+00 2.742913e-02 -4.581218e-03 9.996133e-01 3.531625e+01
9.997327e-01 -3.824456e-03 2.280057e-02 4.615141e+00 3.707058e-03 9.999797e-01 5.188960e-03 -1.129178e+00 -2.281995e-02 -5.103049e-03 9.997266e-01 3.742722e+01
9.996695e-01 6.096123e-03 -2.497595e-02 4.627404e+00 -5.953645e-03 9.999656e-01 5.775034e-03 -1.175798e+00 2.501029e-02 -5.624428e-03 9.996714e-01 3.990438e+01
9.996629e-01 -3.819986e-03 2.568206e-02 4.610523e+00 3.620339e-03 9.999629e-01 7.815815e-03 -1.233795e+00 -2.571096e-02 -7.720202e-03 9.996396e-01 4.310073e+01
9.994769e-01 6.805816e-03 -3.161526e-02 4.699013e+00 -6.648910e-03 9.999651e-01 5.065460e-03 -1.288175e+00 3.164863e-02 -4.852604e-03 9.994873e-01 4.579684e+01
9.997044e-01 -5.234765e-03 2.374249e-02 4.766634e+00 5.177992e-03 9.999836e-01 2.452047e-03 -1.320771e+00 -2.375494e-02 -2.328383e-03 9.997151e-01 4.731688e+01
9.993747e-01 6.732311e-03 -3.471058e-02 4.898766e+00 -6.605078e-03 9.999710e-01 3.778932e-03 -1.341702e+00 3.473501e-02 -3.547304e-03 9.993903e-01 4.805286e+01
9.997752e-01 -5.783322e-03 2.039670e-02 4.999392e+00 5.812755e-03 9.999821e-01 -1.384008e-03 -1.337168e+00 -2.038833e-02 1.502259e-03 9.997910e-01 4.752143e+01
9.993482e-01 6.347457e-03 -3.553675e-02 5.150845e+00 -6.216523e-03 9.999735e-01 3.793761e-03 -1.333668e+00 3.555988e-02 -3.570374e-03 9.993612e-01 4.699628e+01
9.997601e-01 -5.783251e-03 2.112791e-02 5.277596e+00 5.815349e-03 9.999820e-01 -1.458058e-03 -1.332998e+00 -2.111910e-02 1.580575e-03 9.997757e-01 4.662134e+01
9.993776e-01 6.640599e-03 -3.464542e-02 5.405403e+00 -6.503347e-03 9.999706e-01 4.072829e-03 -1.334372e+00 3.467145e-02 -3.844984e-03 9.993914e-01 4.631615e+01
9.997862e-01 -5.826314e-03 1.984082e-02 5.571892e+00 5.855134e-03 9.999819e-01 -1.394748e-03 -1.339406e+00 -1.983233e-02 1.510622e-03 9.998022e-01 4.612274e+01
9.994426e-01 6.981163e-03 -3.264695e-02 5.701527e+00 -6.834746e-03 9.999661e-01 4.594322e-03 -1.350311e+00 3.267792e-02 -4.368628e-03 9.994564e-01 4.620935e+01
9.997762e-01 -5.727613e-03 2.036642e-02 5.831403e+00 5.752397e-03 9.999828e-01 -1.158530e-03 -1.362217e+00 -2.035944e-02 1.275427e-03 9.997919e-01 4.633970e+01
9.993270e-01 6.428436e-03 -3.611400e-02 6.008947e+00 -6.295440e-03 9.999730e-01 3.795181e-03 -1.360825e+00 3.613742e-02 -3.565274e-03 9.993405e-01 4.584883e+01
9.997553e-01 -5.552092e-03 2.141291e-02 6.165351e+00 5.578655e-03 9.999837e-01 -1.180991e-03 -1.359800e+00 -2.140601e-02 1.300158e-03 9.997700e-01 4.538611e+01
9.993367e-01 6.244085e-03 -3.587757e-02 6.270855e+00 -6.120675e-03 9.999750e-01 3.548580e-03 -1.352393e+00 3.589883e-02 -3.326632e-03 9.993499e-01 4.473953e+01
9.997434e-01 -5.447124e-03 2.198933e-02 6.389320e+00 5.473511e-03 9.999844e-01 -1.139997e-03 -1.350173e+00 -2.198277e-02 1.260064e-03 9.997576e-01 4.428400e+01
9.992835e-01 6.097776e-03 -3.735310e-02 6.504354e+00 -5.971416e-03 9.999761e-01 3.493507e-03 -1.338233e+00 3.737351e-02 -3.267954e-03 9.992960e-01 4.345662e+01
9.996687e-01 -5.632576e-03 2.511342e-02 6.550179e+00 5.669531e-03 9.999829e-01 -1.400540e-03 -1.335405e+00 -2.510510e-02 1.542458e-03 9.996836e-01 4.312858e+01
9.993421e-01 6.584214e-03 -3.566459e-02 6.555220e+00 -6.454394e-03 9.999721e-01 3.753961e-03 -1.333463e+00 3.568831e-02 -3.521299e-03 9.993568e-01 4.282369e+01
9.997506e-01 -6.004153e-03 2.150855e-02 6.650414e+00 6.036921e-03 9.999807e-01 -1.458863e-03 -1.325266e+00 -2.149938e-02 1.588346e-03 9.997676e-01 4.216272e+01
9.993184e-01 6.555710e-03 -3.632917e-02 6.754327e+00 -6.422820e-03 9.999723e-01 3.773442e-03 -1.314564e+00 3.635290e-02 -3.537534e-03 9.993328e-01 4.138564e+01
9.997354e-01 -6.019606e-03 2.220303e-02 6.824226e+00 6.056116e-03 9.999804e-01 -1.577501e-03 -1.300089e+00 -2.219310e-02 1.711549e-03 9.997522e-01 4.051116e+01
9.992696e-01 6.513951e-03 -3.765512e-02 6.906401e+00 -6.376996e-03 9.999726e-01 3.756084e-03 -1.281914e+00 3.767856e-02 -3.513214e-03 9.992837e-01 3.950477e+01
9.997223e-01 -6.010855e-03 2.278561e-02 6.965619e+00 6.050713e-03 9.999803e-01 -1.680709e-03 -1.262175e+00 -2.277506e-02 1.818112e-03 9.997390e-01 3.846448e+01
9.992195e-01 6.423474e-03 -3.897700e-02 7.062700e+00 -6.270091e-03 9.999721e-01 4.056220e-03 -1.243410e+00 3.900196e-02 -3.808665e-03 9.992319e-01 3.740462e+01
9.997271e-01 -5.956327e-03 2.258936e-02 7.139185e+00 5.998005e-03 9.999804e-01 -1.777702e-03 -1.220608e+00 -2.257833e-02 1.912708e-03 9.997432e-01 3.619325e+01
9.992662e-01 6.348411e-03 -3.777190e-02 7.161006e+00 -6.201691e-03 9.999728e-01 4.000261e-03 -1.193687e+00 3.779627e-02 -3.763077e-03 9.992784e-01 3.487326e+01
9.997299e-01 -6.068995e-03 2.243370e-02 7.154747e+00 6.114104e-03 9.999794e-01 -1.942700e-03 -1.166508e+00 -2.242145e-02 2.079338e-03 9.997464e-01 3.356631e+01
9.992969e-01 6.472164e-03 -3.692891e-02 7.154066e+00 -6.329035e-03 9.999720e-01 3.991409e-03 -1.145039e+00 3.695371e-02 -3.754879e-03 9.993099e-01 3.247922e+01
9.997204e-01 -6.117687e-03 2.284038e-02 7.173553e+00 6.161178e-03 9.999793e-01 -1.834228e-03 -1.126557e+00 -2.282868e-02 1.974440e-03 9.997374e-01 3.148390e+01
9.993099e-01 6.675022e-03 -3.653955e-02 7.174935e+00 -6.538298e-03 9.999712e-01 3.860039e-03 -1.105224e+00 3.656426e-02 -3.618469e-03 9.993248e-01 3.040176e+01
9.997310e-01 -6.132319e-03 2.236801e-02 7.183345e+00 6.172678e-03 9.999794e-01 -1.735692e-03 -1.082184e+00 -2.235691e-02 1.873296e-03 9.997483e-01 2.924035e+01
9.992571e-01 6.503352e-03 -3.798601e-02 7.197762e+00 -6.357853e-03 9.999720e-01 3.949872e-03 -1.054611e+00 3.801063e-02 -3.705428e-03 9.992705e-01 2.790728e+01
9.997299e-01 -6.284064e-03 2.237565e-02 7.216915e+00 6.325292e-03 9.999784e-01 -1.772219e-03 -1.027980e+00 -2.236403e-02 1.913273e-03 9.997481e-01 2.660972e+01
9.992602e-01 6.590595e-03 -3.788849e-02 7.239592e+00 -6.442881e-03 9.999712e-01 4.019435e-03 -1.000765e+00 3.791389e-02 -3.772351e-03 9.992739e-01 2.527287e+01
9.997320e-01 -6.195318e-03 2.230639e-02 7.304152e+00 6.241257e-03 9.999785e-01 -1.990371e-03 -9.843173e-01 -2.229358e-02 2.129058e-03 9.997492e-01 2.432673e+01
9.993102e-01 6.981662e-03 -3.647312e-02 7.353024e+00 -6.829573e-03 9.999675e-01 4.292840e-03 -9.683199e-01 3.650190e-02 -4.040783e-03 9.993254e-01 2.338012e+01
9.997703e-01 -6.567937e-03 2.040137e-02 7.395613e+00 6.611997e-03 9.999760e-01 -2.092944e-03 -9.451580e-01 -2.038713e-02 2.227358e-03 9.997897e-01 2.218306e+01
9.993527e-01 7.133648e-03 -3.526168e-02 7.443116e+00 -6.982003e-03 9.999658e-01 4.421838e-03 -9.267199e-01 3.529202e-02 -4.172779e-03 9.993683e-01 2.114295e+01
9.997573e-01 -6.693168e-03 2.098968e-02 7.467597e+00 6.741173e-03 9.999748e-01 -2.217109e-03 -9.068968e-01 -2.097432e-02 2.358067e-03 9.997772e-01 2.007084e+01
9.993329e-01 7.136954e-03 -3.581726e-02 7.480906e+00 -6.981306e-03 9.999656e-01 4.468806e-03 -8.835009e-01 3.584793e-02 -4.215774e-03 9.993484e-01 1.888260e+01
9.997503e-01 -6.695931e-03 2.131772e-02 7.501678e+00 6.746677e-03 9.999746e-01 -2.309450e-03 -8.634858e-01 -2.130171e-02 2.452698e-03 9.997701e-01 1.780775e+01
9.993375e-01 7.226043e-03 -3.566959e-02 7.541612e+00 -7.064387e-03 9.999642e-01 4.656017e-03 -8.455657e-01 3.570196e-02 -4.400949e-03 9.993528e-01 1.678727e+01
9.997773e-01 -6.839554e-03 1.996354e-02 7.603109e+00 6.888014e-03 9.999735e-01 -2.359637e-03 -8.236884e-01 -1.994688e-02 2.496622e-03 9.997979e-01 1.560183e+01
9.993185e-01 7.475141e-03 -3.614886e-02 7.646776e+00 -7.307097e-03 9.999619e-01 4.778554e-03 -7.969811e-01 3.618321e-02 -4.511154e-03 9.993350e-01 1.423261e+01
9.997696e-01 -7.145391e-03 2.024295e-02 7.646803e+00 7.200021e-03 9.999706e-01 -2.627087e-03 -7.661894e-01 -2.022358e-02 2.772232e-03 9.997916e-01 1.277861e+01
9.993182e-01 7.471157e-03 -3.615673e-02 7.638067e+00 -7.299111e-03 9.999614e-01 4.888019e-03 -7.333033e-01 3.619185e-02 -4.620775e-03 9.993342e-01 1.124643e+01
9.997687e-01 -7.168482e-03 2.027748e-02 7.608389e+00 7.226581e-03 9.999700e-01 -2.793339e-03 -6.986660e-01 -2.025685e-02 2.939230e-03 9.997905e-01 9.668107e+00
9.993230e-01 7.365418e-03 -3.604623e-02 7.575819e+00 -7.192806e-03 9.999620e-01 4.915980e-03 -6.654502e-01 3.608107e-02 -4.653378e-03 9.993380e-01 8.175882e+00
9.997645e-01 -7.022018e-03 2.053621e-02 7.560017e+00 7.083766e-03 9.999706e-01 -2.935534e-03 -6.360045e-01 -2.051499e-02 3.080316e-03 9.997848e-01 6.821735e+00
9.993334e-01 7.482955e-03 -3.573079e-02 7.573088e+00 -7.304299e-03 9.999602e-01 5.127990e-03 -6.076029e-01 3.576774e-02 -4.863584e-03 9.993483e-01 5.449379e+00
9.997680e-01 -6.828255e-03 2.042741e-02 7.551748e+00 6.892670e-03 9.999715e-01 -3.084618e-03 -5.728401e-01 -2.040577e-02 3.224702e-03 9.997866e-01 3.855648e+00
9.991433e-01 6.978609e-03 -4.079182e-02 7.628699e+00 -6.750937e-03 9.999609e-01 5.716416e-03 -5.367776e-01 4.083012e-02 -5.436136e-03 9.991513e-01 2.125666e+00
9.998150e-01 -6.757993e-03 1.800610e-02 7.892168e+00 6.811604e-03 9.999725e-01 -2.917728e-03 -5.096638e-01 -1.798589e-02 3.039840e-03 9.998336e-01 5.376502e-01
9.993861e-01 7.272699e-03 -3.427074e-02 7.814640e+00 -7.101480e-03 9.999617e-01 5.115152e-03 -4.727934e-01 3.430663e-02 -4.868639e-03 9.993995e-01 -1.075981e+00
9.997090e-01 -6.735478e-03 2.316222e-02 7.454138e+00 6.819420e-03 9.999705e-01 -3.546985e-03 -4.085162e-01 -2.313765e-02 3.703906e-03 9.997254e-01 -3.364208e+00
9.991396e-01 6.438410e-03 -4.097054e-02 7.199283e+00 -6.223757e-03 9.999662e-01 5.364613e-03 -3.486714e-01 4.100369e-02 -5.105007e-03 9.991460e-01 -5.555623e+00
9.996722e-01 -5.960148e-03 2.489742e-02 7.144258e+00 6.048250e-03 9.999757e-01 -3.464787e-03 -3.113098e-01 -2.487617e-02 3.614238e-03 9.996840e-01 -7.167041e+00
9.991518e-01 6.243957e-03 -4.070183e-02 7.089927e+00 -6.025736e-03 9.999668e-01 5.481940e-03 -2.737889e-01 4.073470e-02 -5.232033e-03 9.991563e-01 -8.789245e+00
9.996819e-01 -6.078187e-03 2.447835e-02 7.088001e+00 6.166699e-03 9.999747e-01 -3.542035e-03 -2.458057e-01 -2.445620e-02 3.691859e-03 9.996941e-01 -1.007793e+01
9.992215e-01 6.641101e-03 -3.888806e-02 7.140604e+00 -6.417533e-03 9.999622e-01 5.871039e-03 -2.235679e-01 3.892558e-02 -5.616904e-03 9.992263e-01 -1.125840e+01
9.997307e-01 -6.242382e-03 2.235013e-02 7.203876e+00 6.325453e-03 9.999733e-01 -3.648020e-03 -2.008598e-01 -2.232676e-02 3.788412e-03 9.997435e-01 -1.245875e+01
9.992712e-01 6.817826e-03 -3.755841e-02 7.331985e+00 -6.590027e-03 9.999592e-01 6.185673e-03 -1.908828e-01 3.759905e-02 -5.933654e-03 9.992753e-01 -1.323440e+01
9.997716e-01 -6.239150e-03 2.044029e-02 7.475213e+00 6.316887e-03 9.999731e-01 -3.740775e-03 -1.763461e-01 -2.041640e-02 3.869040e-03 9.997841e-01 -1.417580e+01
9.993313e-01 6.794784e-03 -3.592798e-02 7.550353e+00 -6.578313e-03 9.999595e-01 6.139939e-03 -1.562634e-01 3.596825e-02 -5.899488e-03 9.993355e-01 -1.529231e+01
9.997756e-01 -6.314166e-03 2.022289e-02 7.602505e+00 6.394357e-03 9.999719e-01 -3.903162e-03 -1.321805e-01 -2.019767e-02 4.031598e-03 9.997879e-01 -1.654610e+01
9.992924e-01 6.654115e-03 -3.701998e-02 7.691407e+00 -6.423042e-03 9.999592e-01 6.357300e-03 -1.117531e-01 3.706077e-02 -6.115021e-03 9.992943e-01 -1.768133e+01
9.997766e-01 -5.938159e-03 2.028460e-02 7.809705e+00 6.019959e-03 9.999740e-01 -3.973894e-03 -9.532502e-02 -2.026048e-02 4.095120e-03 9.997863e-01 -1.869345e+01
9.992699e-01 6.386462e-03 -3.766775e-02 7.947357e+00 -6.147713e-03 9.999603e-01 6.450731e-03 -7.970838e-02 3.770745e-02 -6.214452e-03 9.992695e-01 -1.967989e+01
9.997650e-01 -5.738766e-03 2.090538e-02 8.080381e+00 5.825744e-03 9.999746e-01 -4.102036e-03 -6.490527e-02 -2.088131e-02 4.222862e-03 9.997730e-01 -2.060978e+01
9.993244e-01 6.304842e-03 -3.620768e-02 8.146259e+00 -6.076218e-03 9.999609e-01 6.420839e-03 -4.442748e-02 3.624675e-02 -6.196495e-03 9.993237e-01 -2.172927e+01
9.997724e-01 -5.784679e-03 2.053563e-02 8.180552e+00 5.871390e-03 9.999741e-01 -4.164635e-03 -1.881669e-02 -2.051100e-02 4.284260e-03 9.997804e-01 -2.300834e+01
9.992915e-01 6.340669e-03 -3.709769e-02 8.225097e+00 -6.105816e-03 9.999606e-01 6.440559e-03 9.980560e-03 3.713707e-02 -6.209485e-03 9.992909e-01 -2.441285e+01
9.997825e-01 -6.067349e-03 1.995156e-02 8.178716e+00 6.155964e-03 9.999714e-01 -4.383066e-03 4.924511e-02 -1.992440e-02 4.504934e-03 9.997913e-01 -2.615261e+01
9.993403e-01 6.219355e-03 -3.577988e-02 8.109775e+00 -5.994832e-03 9.999617e-01 6.378997e-03 8.761118e-02 3.581818e-02 -6.160295e-03 9.993393e-01 -2.779984e+01
9.997899e-01 -5.735868e-03 1.968129e-02 8.113531e+00 5.822028e-03 9.999737e-01 -4.323265e-03 1.224057e-01 -1.965598e-02 4.436941e-03 9.997970e-01 -2.939902e+01
9.993402e-01 6.035161e-03 -3.581615e-02 8.130716e+00 -5.807722e-03 9.999623e-01 6.450858e-03 1.512508e-01 3.585374e-02 -6.238592e-03 9.993376e-01 -3.075608e+01
9.997656e-01 -5.523449e-03 2.093298e-02 8.133180e+00 5.621864e-03 9.999734e-01 -4.645508e-03 1.772008e-01 -2.090677e-02 4.762102e-03 9.997701e-01 -3.197877e+01
9.993250e-01 6.138306e-03 -3.621868e-02 8.157727e+00 -5.898006e-03 9.999599e-01 6.737839e-03 2.025161e-01 3.625859e-02 -6.519673e-03 9.993212e-01 -3.321696e+01
9.997600e-01 -5.592502e-03 2.118209e-02 8.186175e+00 5.692221e-03 9.999730e-01 -4.650309e-03 2.265632e-01 -2.115551e-02 4.769767e-03 9.997648e-01 -3.440314e+01
9.993022e-01 6.059497e-03 -3.685514e-02 8.221037e+00 -5.814234e-03 9.999603e-01 6.758365e-03 2.500059e-01 3.689463e-02 -6.539365e-03 9.992978e-01 -3.556169e+01
9.997729e-01 -5.549544e-03 2.057517e-02 8.249027e+00 5.645252e-03 9.999735e-01 -4.596442e-03 2.787437e-01 -2.054911e-02 4.711550e-03 9.997777e-01 -3.695087e+01
9.992783e-01 6.030397e-03 -3.750416e-02 8.244397e+00 -5.780248e-03 9.999603e-01 6.774759e-03 3.112416e-01 3.754353e-02 -6.553086e-03 9.992735e-01 -3.846282e+01
9.997715e-01 -5.515853e-03 2.065416e-02 8.216987e+00 5.612475e-03 9.999736e-01 -4.623024e-03 3.492026e-01 -2.062811e-02 4.737889e-03 9.997760e-01 -4.018519e+01
9.992776e-01 5.763155e-03 -3.756482e-02 8.190665e+00 -5.512810e-03 9.999619e-01 6.764526e-03 3.828557e-01 3.760237e-02 -6.552552e-03 9.992713e-01 -4.168751e+01
9.997397e-01 -5.357129e-03 2.217742e-02 8.173979e+00 5.467392e-03 9.999730e-01 -4.914208e-03 4.095120e-01 -2.215049e-02 5.034182e-03 9.997420e-01 -4.290575e+01
9.993245e-01 6.047446e-03 -3.624941e-02 8.173462e+00 -5.799541e-03 9.999591e-01 6.940121e-03 4.309388e-01 3.628989e-02 -6.725203e-03 9.993187e-01 -4.395522e+01
9.997548e-01 -5.318394e-03 2.149499e-02 8.177744e+00 5.426281e-03 9.999730e-01 -4.963950e-03 4.560228e-01 -2.146801e-02 5.079371e-03 9.997566e-01 -4.516575e+01
9.992682e-01 5.743065e-03 -3.781671e-02 8.187603e+00 -5.476498e-03 9.999595e-01 7.148741e-03 4.859865e-01 3.785623e-02 -6.936407e-03 9.992591e-01 -4.658569e+01
9.997949e-01 -5.228678e-03 1.956581e-02 8.288157e+00 5.322724e-03 9.999745e-01 -4.757633e-03 5.127546e-01 -1.954044e-02 4.860801e-03 9.997973e-01 -4.796992e+01
9.993007e-01 5.684378e-03 -3.695726e-02 8.332112e+00 -5.425321e-03 9.999600e-01 7.106158e-03 5.416209e-01 3.699618e-02 -6.900684e-03 9.992916e-01 -4.937543e+01
9.997550e-01 -5.248875e-03 2.150245e-02 8.320989e+00 5.360604e-03 9.999724e-01 -5.141710e-03 5.705441e-01 -2.147486e-02 5.255717e-03 9.997556e-01 -5.070910e+01
9.994208e-01 5.285639e-03 -3.361856e-02 8.197348e+00 -5.065909e-03 9.999653e-01 6.617828e-03 6.012030e-01 3.365237e-02 -6.443686e-03 9.994128e-01 -5.188681e+01
9.997897e-01 -4.540783e-03 2.000015e-02 8.178500e+00 4.635108e-03 9.999783e-01 -4.672331e-03 6.302660e-01 -1.997850e-02 4.764052e-03 9.997891e-01 -5.323019e+01
9.992511e-01 5.087001e-03 -3.835894e-02 8.229586e+00 -4.811562e-03 9.999620e-01 7.269493e-03 6.725089e-01 3.839447e-02 -7.079483e-03 9.992376e-01 -5.521369e+01
9.998604e-01 -5.052170e-03 1.592515e-02 8.370041e+00 5.129824e-03 9.999751e-01 -4.839035e-03 7.076052e-01 -1.590031e-02 4.920053e-03 9.998615e-01 -5.691195e+01
9.993906e-01 5.554540e-03 -3.446113e-02 8.515290e+00 -5.306139e-03 9.999593e-01 7.295448e-03 7.256996e-01 3.450025e-02 -7.108147e-03 9.993794e-01 -5.801268e+01
9.997467e-01 -4.859668e-03 2.197461e-02 8.592071e+00 4.963370e-03 9.999768e-01 -4.667064e-03 7.217946e-01 -2.195142e-02 4.774950e-03 9.997476e-01 -5.808348e+01
9.994112e-01 6.037523e-03 -3.377604e-02 8.673437e+00 -5.772980e-03 9.999519e-01 7.924339e-03 7.179592e-01 3.382226e-02 -7.724685e-03 9.993980e-01 -5.820788e+01
9.998217e-01 -5.277011e-03 1.812992e-02 8.707861e+00 5.383434e-03 9.999685e-01 -5.826220e-03 7.436010e-01 -1.809860e-02 5.922782e-03 9.998187e-01 -5.948145e+01
9.993795e-01 5.790267e-03 -3.474295e-02 8.707799e+00 -5.517802e-03 9.999533e-01 7.933082e-03 7.766026e-01 3.478726e-02 -7.736455e-03 9.993648e-01 -6.097521e+01
9.998112e-01 -5.265667e-03 1.870604e-02 8.768977e+00 5.364539e-03 9.999719e-01 -5.239275e-03 8.144921e-01 -1.867793e-02 5.338635e-03 9.998113e-01 -6.283128e+01
9.991519e-01 5.047957e-03 -4.086560e-02 8.856587e+00 -4.733032e-03 9.999584e-01 7.799463e-03 8.488330e-01 4.090327e-02 -7.599430e-03 9.991342e-01 -6.442182e+01
9.996964e-01 -4.290862e-03 2.426374e-02 8.921064e+00 4.428964e-03 9.999743e-01 -5.640814e-03 8.739185e-01 -2.423892e-02 5.746565e-03 9.996897e-01 -6.567886e+01
9.990514e-01 4.854472e-03 -4.327425e-02 9.000181e+00 -4.509466e-03 9.999573e-01 8.066614e-03 9.035439e-01 4.331156e-02 -7.863818e-03 9.990307e-01 -6.712949e+01
9.997114e-01 -4.261867e-03 2.364122e-02 9.133690e+00 4.398475e-03 9.999739e-01 -5.729388e-03 9.269776e-01 -2.361619e-02 5.831720e-03 9.997041e-01 -6.840046e+01
9.990746e-01 5.096521e-03 -4.270768e-02 9.276829e+00 -4.744382e-03 9.999539e-01 8.342672e-03 9.487340e-01 4.274823e-02 -8.132331e-03 9.990528e-01 -6.964120e+01
9.997282e-01 -4.218039e-03 2.292951e-02 9.408094e+00 4.348837e-03 9.999745e-01 -5.657434e-03 9.740319e-01 -2.290506e-02 5.755613e-03 9.997211e-01 -7.105008e+01
9.990094e-01 4.811346e-03 -4.423903e-02 9.564415e+00 -4.432758e-03 9.999527e-01 8.651929e-03 9.980823e-01 4.427857e-02 -8.447258e-03 9.989835e-01 -7.242069e+01
9.996842e-01 -3.901960e-03 2.482363e-02 9.716155e+00 4.059876e-03 9.999718e-01 -6.314272e-03 1.014288e+00 -2.479829e-02 6.413059e-03 9.996719e-01 -7.340727e+01
9.991124e-01 4.815222e-03 -4.184877e-02 9.887467e+00 -4.447373e-03 9.999507e-01 8.878617e-03 1.021406e+00 4.188946e-02 -8.684619e-03 9.990845e-01 -7.409922e+01
9.997316e-01 -3.966187e-03 2.282557e-02 1.014008e+01 4.105535e-03 9.999732e-01 -6.061246e-03 1.032506e+00 -2.280091e-02 6.153330e-03 9.997211e-01 -7.502184e+01
9.988260e-01 4.656689e-03 -4.821668e-02 1.044217e+01 -4.211273e-03 9.999476e-01 9.335281e-03 1.055995e+00 4.825762e-02 -9.121269e-03 9.987933e-01 -7.646663e+01
9.996036e-01 -3.879193e-03 2.788631e-02 1.060606e+01 4.063771e-03 9.999702e-01 -6.565294e-03 1.084030e+00 -2.786002e-02 6.676015e-03 9.995895e-01 -7.800212e+01
9.987226e-01 4.582629e-03 -5.031967e-02 1.075189e+01 -4.106789e-03 9.999459e-01 9.555684e-03 1.114958e+00 5.036074e-02 -9.336826e-03 9.986874e-01 -7.963983e+01
9.994677e-01 -3.899930e-03 3.238995e-02 1.080256e+01 4.136407e-03 9.999653e-01 -7.237124e-03 1.146690e+00 -3.236060e-02 7.367250e-03 9.994491e-01 -8.116333e+01
9.986865e-01 4.605076e-03 -5.103080e-02 1.084434e+01 -4.114622e-03 9.999444e-01 9.711845e-03 1.182380e+00 5.107268e-02 -9.489116e-03 9.986499e-01 -8.284758e+01
9.995709e-01 -4.329582e-03 2.897112e-02 1.095223e+01 4.539712e-03 9.999638e-01 -7.191226e-03 1.215673e+00 -2.893893e-02 7.319661e-03 9.995544e-01 -8.444904e+01
9.989579e-01 5.073676e-03 -4.535838e-02 1.101744e+01 -4.648366e-03 9.999443e-01 9.477235e-03 1.240697e+00 4.540394e-02 -9.256516e-03 9.989258e-01 -8.573273e+01
9.995981e-01 -4.336273e-03 2.801338e-02 1.106104e+01 4.540093e-03 9.999637e-01 -7.216293e-03 1.266727e+00 -2.798107e-02 7.340577e-03 9.995815e-01 -8.704554e+01
9.989872e-01 5.069859e-03 -4.470884e-02 1.108978e+01 -4.651699e-03 9.999445e-01 9.452060e-03 1.295497e+00 4.475428e-02 -9.234515e-03 9.989553e-01 -8.843457e+01
9.994578e-01 -5.151067e-03 3.252098e-02 1.095748e+01 5.417488e-03 9.999524e-01 -8.109482e-03 1.319655e+00 -3.247766e-02 8.281267e-03 9.994382e-01 -8.931724e+01
9.993999e-01 5.786028e-03 -3.415331e-02 1.070993e+01 -5.461639e-03 9.999392e-01 9.583712e-03 1.335050e+00 3.420668e-02 -9.391427e-03 9.993707e-01 -8.930603e+01
9.988939e-01 -4.755612e-03 4.678027e-02 1.036482e+01 4.926327e-03 9.999816e-01 -3.534666e-03 1.332572e+00 -4.676260e-02 3.761211e-03 9.988990e-01 -8.773244e+01
9.992451e-01 7.255980e-03 -3.816442e-02 1.000933e+01 -6.762582e-03 9.998921e-01 1.304147e-02 1.320065e+00 3.825493e-02 -1.277354e-02 9.991864e-01 -8.535431e+01
9.990739e-01 -5.918590e-03 4.261812e-02 9.621383e+00 6.163584e-03 9.999652e-01 -5.619471e-03 1.327139e+00 -4.258338e-02 5.876947e-03 9.990756e-01 -8.375248e+01
9.988742e-01 6.699984e-03 -4.696256e-02 9.279580e+00 -6.350175e-03 9.999510e-01 7.593936e-03 1.349596e+00 4.701114e-02 -7.287166e-03 9.988678e-01 -8.397039e+01
9.995280e-01 -6.082818e-03 3.011253e-02 9.217877e+00 6.244492e-03 9.999666e-01 -5.277839e-03 1.390789e+00 -3.007942e-02 5.463386e-03 9.995326e-01 -8.580627e+01
9.989404e-01 6.584575e-03 -4.554854e-02 9.121413e+00 -6.235112e-03 9.999501e-01 7.810176e-03 1.438857e+00 4.559769e-02 -7.517900e-03 9.989316e-01 -8.786419e+01
9.996062e-01 -6.614124e-03 2.727140e-02 9.028065e+00 6.775097e-03 9.999601e-01 -5.814420e-03 1.487184e+00 -2.723185e-02 5.996896e-03 9.996112e-01 -8.983355e+01
9.989962e-01 7.090211e-03 -4.423122e-02 9.074546e+00 -6.752827e-03 9.999470e-01 7.772515e-03 1.505551e+00 4.428398e-02 -7.466027e-03 9.989911e-01 -9.075156e+01
9.995529e-01 -5.900250e-03 2.931075e-02 9.160029e+00 6.054953e-03 9.999682e-01 -5.192050e-03 1.522002e+00 -2.927919e-02 5.367204e-03 9.995569e-01 -9.175392e+01
9.989353e-01 6.319255e-03 -4.569841e-02 9.100078e+00 -5.990766e-03 9.999553e-01 7.321577e-03 1.559999e+00 4.574264e-02 -7.040013e-03 9.989285e-01 -9.340531e+01
9.995895e-01 -6.127885e-03 2.798573e-02 9.136044e+00 6.274807e-03 9.999670e-01 -5.165076e-03 1.592892e+00 -2.795316e-02 5.338561e-03 9.995950e-01 -9.492317e+01
9.989120e-01 6.760224e-03 -4.614237e-02 9.230600e+00 -6.413729e-03 9.999501e-01 7.653200e-03 1.618007e+00 4.619181e-02 -7.348929e-03 9.989056e-01 -9.621958e+01
9.995637e-01 -6.027383e-03 2.891630e-02 9.286301e+00 6.185715e-03 9.999663e-01 -5.389196e-03 1.643825e+00 -2.888285e-02 5.565713e-03 9.995673e-01 -9.749480e+01
9.989137e-01 6.671593e-03 -4.611761e-02 9.357342e+00 -6.312268e-03 9.999486e-01 7.932759e-03 1.675862e+00 4.616816e-02 -7.633036e-03 9.989045e-01 -9.906945e+01
9.995930e-01 -6.259536e-03 2.783365e-02 9.390655e+00 6.417088e-03 9.999639e-01 -5.574756e-03 1.712036e+00 -2.779775e-02 5.751098e-03 9.995970e-01 -1.007613e+02
9.989872e-01 6.586636e-03 -4.451115e-02 9.375438e+00 -6.244944e-03 9.999500e-01 7.811269e-03 1.746511e+00 4.456037e-02 -7.525388e-03 9.989783e-01 -1.023119e+02
9.995687e-01 -6.024421e-03 2.874140e-02 9.390559e+00 6.188283e-03 9.999651e-01 -5.615687e-03 1.777292e+00 -2.870657e-02 5.791125e-03 9.995711e-01 -1.037914e+02
9.989268e-01 6.621253e-03 -4.584039e-02 9.425595e+00 -6.257070e-03 9.999478e-01 8.083549e-03 1.809116e+00 4.589152e-02 -7.788048e-03 9.989161e-01 -1.053495e+02
9.995742e-01 -6.034119e-03 2.854820e-02 9.476806e+00 6.197970e-03 9.999648e-01 -5.654429e-03 1.839661e+00 -2.851307e-02 5.828962e-03 9.995764e-01 -1.068673e+02
9.987661e-01 6.478231e-03 -4.923674e-02 9.622370e+00 -6.074657e-03 9.999468e-01 8.341854e-03 1.869730e+00 4.928815e-02 -8.032465e-03 9.987523e-01 -1.084579e+02
9.999154e-01 -7.626416e-03 1.054123e-02 1.069370e+01 7.654002e-03 9.999674e-01 -2.579034e-03 1.891603e+00 -1.052122e-02 2.659498e-03 9.999411e-01 -1.105925e+02
9.982299e-01 6.246851e-03 -5.914357e-02 1.196755e+01 -5.647694e-03 9.999311e-01 1.029230e-02 1.925937e+00 5.920379e-02 -9.940062e-03 9.981964e-01 -1.132939e+02
9.997905e-01 -7.083770e-03 1.920366e-02 1.270263e+01 7.182827e-03 9.999612e-01 -5.094110e-03 1.962973e+00 -1.916683e-02 5.230979e-03 9.998026e-01 -1.156645e+02
9.980254e-01 6.627931e-03 -6.246041e-02 1.385995e+01 -5.907236e-03 9.999139e-01 1.171604e-02 1.988432e+00 6.253269e-02 -1.132394e-02 9.979787e-01 -1.180206e+02
9.994929e-01 -6.160050e-03 3.124010e-02 1.434955e+01 6.364494e-03 9.999590e-01 -6.449052e-03 2.032458e+00 -3.119909e-02 6.644609e-03 9.994911e-01 -1.205640e+02
9.985063e-01 6.181587e-03 -5.428523e-02 1.468782e+01 -5.575320e-03 9.999205e-01 1.131253e-02 2.074239e+00 5.435084e-02 -1.099297e-02 9.984614e-01 -1.229576e+02
9.997476e-01 -6.633513e-03 2.146608e-02 1.519447e+01 6.769358e-03 9.999575e-01 -6.261836e-03 2.118313e+00 -2.142363e-02 6.405567e-03 9.997500e-01 -1.255746e+02
9.986600e-01 6.909899e-03 -5.128829e-02 1.558720e+01 -6.365682e-03 9.999218e-01 1.076673e-02 2.161954e+00 5.135868e-02 -1.042582e-02 9.986259e-01 -1.279741e+02
9.995335e-01 -5.976648e-03 2.995143e-02 1.571903e+01 6.186328e-03 9.999570e-01 -6.912881e-03 2.218189e+00 -2.990883e-02 7.094945e-03 9.995275e-01 -1.307313e+02
9.983681e-01 5.253005e-03 -5.686364e-02 1.588799e+01 -4.633402e-03 9.999285e-01 1.102267e-02 2.271124e+00 5.691747e-02 -1.074121e-02 9.983211e-01 -1.333439e+02
9.990742e-01 -4.698939e-03 4.276283e-02 1.572623e+01 5.085804e-03 9.999471e-01 -8.942448e-03 2.314189e+00 -4.271854e-02 9.151652e-03 9.990452e-01 -1.350645e+02
9.982187e-01 5.370239e-03 -5.941859e-02 1.566544e+01 -4.718546e-03 9.999272e-01 1.110271e-02 2.354206e+00 5.947390e-02 -1.080256e-02 9.981714e-01 -1.366849e+02
9.992305e-01 -4.759812e-03 3.893300e-02 1.585720e+01 5.085866e-03 9.999528e-01 -8.279986e-03 2.380650e+00 -3.889175e-02 8.471623e-03 9.992075e-01 -1.381461e+02
9.982619e-01 5.581430e-03 -5.866795e-02 1.599048e+01 -4.940952e-03 9.999267e-01 1.105642e-02 2.407892e+00 5.872536e-02 -1.074733e-02 9.982163e-01 -1.396045e+02
9.992578e-01 -4.766160e-03 3.822596e-02 1.619582e+01 5.082082e-03 9.999537e-01 -8.171663e-03 2.430392e+00 -3.818524e-02 8.359865e-03 9.992357e-01 -1.409321e+02
9.982466e-01 5.637855e-03 -5.892264e-02 1.639099e+01 -4.992077e-03 9.999259e-01 1.110123e-02 2.453012e+00 5.898086e-02 -1.078762e-02 9.982008e-01 -1.422587e+02
9.992569e-01 -4.701246e-03 3.825519e-02 1.658718e+01 5.018636e-03 9.999537e-01 -8.204835e-03 2.476286e+00 -3.821485e-02 8.390727e-03 9.992343e-01 -1.436265e+02
9.982458e-01 5.540357e-03 -5.894614e-02 1.678581e+01 -4.890379e-03 9.999257e-01 1.116521e-02 2.499891e+00 5.900362e-02 -1.085736e-02 9.981987e-01 -1.450061e+02
