9.998958e-01 7.972877e-04 -1.441290e-02 1.856040e-01 -7.801215e-04 9.999990e-01 1.196616e-03 -8.099820e-03 1.441384e-02 -1.185249e-03 9.998954e-01 -1.479976e-01
9.999856e-01 8.532649e-04 5.294130e-03 2.328387e-01 -8.518318e-04 9.999996e-01 -2.729264e-04 -2.621988e-02 -5.294361e-03 2.684135e-04 9.999859e-01 4.923703e-01
9.998745e-01 5.352483e-04 -1.583625e-02 3.035033e-01 -5.158861e-04 9.999991e-01 1.226711e-03 -4.207292e-02 1.583689e-02 -1.218388e-03 9.998738e-01 9.759584e-01
9.999963e-01 2.648260e-04 2.701299e-03 4.177230e-01 -2.640264e-04 9.999999e-01 -2.963445e-04 -4.811822e-02 -2.701377e-03 2.956309e-04 9.999963e-01 9.039407e-01
9.999061e-01 8.513171e-04 -1.367895e-02 4.907306e-01 -8.335238e-04 9.999988e-01 1.306433e-03 -6.172855e-02 1.368004e-02 -1.294909e-03 9.999056e-01 1.252745e+00
9.999983e-01 9.132117e-05 1.844157e-03 5.757442e-01 -9.130293e-05 1.000000e+00 -9.948510e-06 -7.604147e-02 -1.844158e-03 9.780829e-06 9.999983e-01 1.584833e+00
9.999145e-01 1.203300e-03 -1.302138e-02 6.718167e-01 -1.186509e-03 9.999985e-01 1.297191e-03 -9.375720e-02 1.302293e-02 -1.281631e-03 9.999144e-01 2.016004e+00
9.999996e-01 -2.902521e-04 7.918183e-04 7.725920e-01 2.906708e-04 9.999998e-01 -5.286073e-04 -1.078559e-01 -7.916644e-04 5.288380e-04 9.999995e-01 2.257507e+00
9.998686e-01 5.539426e-04 -1.620010e-02 9.027429e-01 -5.215438e-04 9.999979e-01 2.004076e-03 -1.064732e-01 1.620118e-02 -1.995364e-03 9.998668e-01 1.745245e+00
1.000000e+00 3.276928e-05 -2.537290e-04 1.152861e+00 -3.294385e-05 9.999998e-01 -6.883087e-04 -1.127843e-01 2.537067e-04 6.883177e-04 9.999997e-01 1.400427e+00
9.998839e-01 7.800738e-04 -1.522070e-02 1.409852e+00 -7.515782e-04 9.999980e-01 1.877795e-03 -1.227685e-01 1.522213e-02 -1.866139e-03 9.998824e-01 1.262224e+00
9.999973e-01 -4.918399e-05 -2.344052e-03 1.693332e+00 4.753383e-05 9.999998e-01 -7.040573e-04 -1.279014e-01 2.344087e-03 7.039446e-04 9.999970e-01 8.515100e-01
9.998922e-01 6.951186e-04 -1.466939e-02 1.994726e+00 -6.641822e-04 9.999975e-01 2.113685e-03 -1.402985e-01 1.467082e-02 -2.103715e-03 9.998902e-01 7.213616e-01
9.999988e-01 8.699241e-04 1.297583e-03 2.229277e+00 -8.689307e-04 9.999993e-01 -7.659363e-04 -1.615642e-01 -1.298248e-03 7.648086e-04 9.999989e-01 1.166291e+00
9.998984e-01 5.706000e-04 -1.424568e-02 2.428617e+00 -5.422659e-04 9.999979e-01 1.992753e-03 -1.811329e-01 1.424679e-02 -1.984826e-03 9.998965e-01 1.582126e+00
9.999992e-01 1.205302e-03 2.807201e-04 2.678635e+00 -1.205097e-03 9.999990e-01 -7.311204e-04 -2.052854e-01 -2.816007e-04 7.307822e-04 9.999997e-01 2.098161e+00
9.998344e-01 -4.217343e-04 -1.819111e-02 3.043115e+00 4.614930e-04 9.999975e-01 2.181473e-03 -2.153060e-01 1.819014e-02 -2.189508e-03 9.998321e-01 1.829143e+00
9.999819e-01 1.965462e-03 5.691847e-03 3.249059e+00 -1.960851e-03 9.999977e-01 -8.155435e-04 -2.349167e-01 -5.693436e-03 8.043685e-04 9.999835e-01 2.283188e+00
9.998275e-01 -5.439032e-04 -1.856374e-02 3.460050e+00 5.859055e-04 9.999973e-01 2.257240e-03 -2.554297e-01 1.856246e-02 -2.267728e-03 9.998251e-01 2.698938e+00
9.999594e-01 2.844002e-03 8.544707e-03 3.623477e+00 -2.833268e-03 9.999952e-01 -1.267968e-03 -2.856641e-01 -8.548272e-03 1.243708e-03 9.999627e-01 3.672951e+00
9.998456e-01 -1.004685e-04 -1.757299e-02 3.764330e+00 1.316588e-04 9.999984e-01 1.773756e-03 -3.184699e-01 1.757279e-02 -1.775797e-03 9.998440e-01 4.790013e+00
9.999634e-01 2.977311e-03 8.022443e-03 3.920053e+00 -2.971122e-03 9.999953e-01 -7.831582e-04 -3.553308e-01 -8.024736e-03 7.592946e-04 9.999675e-01 6.037376e+00
9.998256e-01 -2.806235e-04 -1.867460e-02 4.101783e+00 3.062488e-04 9.999990e-01 1.369362e-03 -3.919836e-01 1.867420e-02 -1.374843e-03 9.998247e-01 7.145539e+00
9.999841e-01 2.966220e-03 4.789616e-03 4.412360e+00 -2.962958e-03 9.999954e-01 -6.879829e-04 -4.233752e-01 -4.791634e-03 6.737813e-04 9.999883e-01 7.856239e+00
9.998114e-01 -1.394886e-03 -1.937207e-02 4.702944e+00 1.433536e-03 9.999970e-01 1.981386e-03 -4.433825e-01 1.936925e-02 -2.008784e-03 9.998104e-01 8.151764e+00
9.999733e-01 2.835254e-03 6.739710e-03 4.908118e+00 -2.831296e-03 9.999958e-01 -5.967131e-04 -4.643314e-01 -6.741374e-03 5.776157e-04 9.999771e-01 8.598048e+00
9.998386e-01 -1.026739e-03 -1.793680e-02 5.079533e+00 1.053872e-03 9.999983e-01 1.503324e-03 -4.879850e-01 1.793523e-02 -1.521985e-03 9.998380e-01 9.219930e+00
9.999889e-01 1.891867e-03 4.304989e-03 5.264262e+00 -1.889512e-03 9.999981e-01 -5.509582e-04 -5.019191e-01 -4.306023e-03 5.428185e-04 9.999906e-01 9.334816e+00
9.997526e-01 -1.491014e-03 -2.219384e-02 5.533323e+00 1.524584e-03 9.999977e-01 1.495742e-03 -5.043952e-01 2.219156e-02 -1.529209e-03 9.997526e-01 8.821985e+00
9.999815e-01 2.539679e-03 5.531241e-03 5.860391e+00 -2.538375e-03 9.999967e-01 -2.426303e-04 -5.196311e-01 -5.531839e-03 2.285861e-04 9.999847e-01 8.828626e+00
9.997220e-01 -2.154936e-03 -2.347943e-02 6.124399e+00 2.196971e-03 9.999960e-01 1.764668e-03 -5.189288e-01 2.347553e-02 -1.815762e-03 9.997228e-01 8.241676e+00
9.999614e-01 3.071358e-03 8.235393e-03 6.375559e+00 -3.066030e-03 9.999951e-01 -6.594602e-04 -5.325655e-01 -8.237377e-03 6.341855e-04 9.999659e-01 8.270128e+00
9.996920e-01 -2.718320e-03 -2.466889e-02 6.567148e+00 2.757817e-03 9.999950e-01 1.567221e-03 -5.295150e-01 2.466451e-02 -1.634772e-03 9.996944e-01 7.653695e+00
9.999379e-01 3.652143e-03 1.052561e-02 6.791325e+00 -3.647634e-03 9.999932e-01 -4.475744e-04 -5.400822e-01 -1.052717e-02 4.091538e-04 9.999445e-01 7.607981e+00
9.996988e-01 -2.711648e-03 -2.439225e-02 6.960205e+00 2.745227e-03 9.999953e-01 1.343245e-03 -5.466807e-01 2.438849e-02 -1.409803e-03 9.997016e-01 7.447396e+00
9.999021e-01 3.687430e-03 1.349626e-02 7.028032e+00 -3.685076e-03 9.999932e-01 -1.992136e-04 -5.590873e-01 -1.349690e-02 1.494601e-04 9.999089e-01 7.785069e+00
9.996861e-01 -2.587885e-03 -2.492138e-02 7.139411e+00 2.625638e-03 9.999955e-01 1.482292e-03 -5.720090e-01 2.491743e-02 -1.547262e-03 9.996883e-01 8.058032e+00
9.998928e-01 3.603351e-03 1.418906e-02 7.204551e+00 -3.599485e-03 9.999935e-01 -2.979909e-04 -5.858460e-01 -1.419004e-02 2.468864e-04 9.998993e-01 8.431493e+00
9.997095e-01 -2.105832e-03 -2.400923e-02 7.251850e+00 2.133680e-03 9.999971e-01 1.134329e-03 -6.031409e-01 2.400677e-02 -1.185228e-03 9.997111e-01 9.003109e+00
9.999111e-01 3.270522e-03 1.292845e-02 7.321844e+00 -3.265729e-03 9.999946e-01 -3.917683e-04 -6.165085e-01 -1.292966e-02 3.495133e-04 9.999163e-01 9.351475e+00
9.997203e-01 -2.202111e-03 -2.354522e-02 7.388098e+00 2.238483e-03 9.999963e-01 1.518563e-03 -6.279124e-01 2.354179e-02 -1.570844e-03 9.997216e-01 9.661575e+00
9.999176e-01 3.363646e-03 1.239058e-02 7.488968e+00 -3.358181e-03 9.999943e-01 -4.617922e-04 -6.410515e-01 -1.239206e-02 4.201450e-04 9.999231e-01 9.978678e+00
9.997157e-01 -2.400476e-03 -2.372100e-02 7.568648e+00 2.436902e-03 9.999959e-01 1.506800e-03 -6.492541e-01 2.371729e-02 -1.564178e-03 9.997175e-01 1.008748e+01
9.999145e-01 3.317650e-03 1.264984e-02 7.635252e+00 -3.312306e-03 9.999944e-01 -4.434002e-04 -6.569846e-01 -1.265124e-02 4.014629e-04 9.999199e-01 1.019311e+01
9.997155e-01 -2.421597e-03 -2.373080e-02 7.703653e+00 2.458669e-03 9.999958e-01 1.533114e-03 -6.644575e-01 2.372699e-02 -1.591025e-03 9.997172e-01 1.029697e+01
9.999189e-01 3.122487e-03 1.234418e-02 7.751986e+00 -3.115772e-03 9.999950e-01 -5.631952e-04 -6.672398e-01 -1.234588e-02 5.246886e-04 9.999236e-01 1.016931e+01
9.996919e-01 -2.643011e-03 -2.467832e-02 7.814317e+00 2.682351e-03 9.999952e-01 1.561164e-03 -6.658345e-01 2.467408e-02 -1.626880e-03 9.996942e-01 9.853806e+00
9.999216e-01 3.012806e-03 1.215503e-02 7.871320e+00 -3.007392e-03 9.999954e-01 -4.636058e-04 -6.633396e-01 -1.215637e-02 4.270152e-04 9.999260e-01 9.502396e+00
9.997519e-01 -2.030657e-03 -2.218359e-02 7.899008e+00 2.073262e-03 9.999961e-01 1.897751e-03 -6.776948e-01 2.217965e-02 -1.943273e-03 9.997521e-01 9.983443e+00
9.999059e-01 4.079383e-03 1.309969e-02 7.948095e+00 -4.060514e-03 9.999907e-01 -1.466672e-03 -6.987172e-01 -1.310555e-02 1.413343e-03 9.999131e-01 1.075031e+01
9.997457e-01 -2.564939e-03 -2.240409e-02 8.010945e+00 2.617169e-03 9.999939e-01 2.302280e-03 -7.163540e-01 2.239804e-02 -2.360331e-03 9.997463e-01 1.132803e+01
9.999232e-01 3.566478e-03 1.186953e-02 8.049930e+00 -3.550578e-03 9.999928e-01 -1.360400e-03 -7.277980e-01 -1.187430e-02 1.318152e-03 9.999286e-01 1.163539e+01
9.997843e-01 -2.043924e-03 -2.066699e-02 8.096172e+00 2.085913e-03 9.999958e-01 2.010360e-03 -7.454046e-01 2.066279e-02 -2.053036e-03 9.997844e-01 1.224951e+01
9.999874e-01 2.427601e-03 4.402014e-03 8.383131e+00 -2.420725e-03 9.999958e-01 -1.566610e-03 -7.494282e-01 -4.405799e-03 1.555934e-03 9.999891e-01 1.171846e+01
9.997098e-01 -2.008542e-03 -2.400696e-02 8.745211e+00 2.050923e-03 9.999964e-01 1.740856e-03 -7.377513e-01 2.400337e-02 -1.789588e-03 9.997103e-01 1.045098e+01
9.999861e-01 2.507329e-03 4.640404e-03 9.049925e+00 -2.502872e-03 9.999964e-01 -9.659639e-04 -7.274654e-01 -4.642809e-03 9.543368e-04 9.999888e-01 9.357213e+00
9.998754e-01 -1.277150e-03 -1.573237e-02 9.157128e+00 1.309283e-03 9.999971e-01 2.032357e-03 -7.412157e-01 1.572973e-02 -2.052703e-03 9.998742e-01 9.707573e+00
9.999811e-01 2.409682e-03 5.663678e-03 9.217167e+00 -2.403857e-03 9.999966e-01 -1.034945e-03 -7.502944e-01 -5.666152e-03 1.021311e-03 9.999834e-01 9.915057e+00
9.998453e-01 -1.976950e-03 -1.747613e-02 9.278949e+00 2.009070e-03 9.999963e-01 1.820609e-03 -7.504547e-01 1.747246e-02 -1.855439e-03 9.998456e-01 9.651631e+00
9.999806e-01 2.505583e-03 5.694268e-03 9.322078e+00 -2.504086e-03 9.999968e-01 -2.699771e-04 -7.582728e-01 -5.694926e-03 2.557137e-04 9.999838e-01 9.761663e+00
9.998784e-01 -1.115410e-03 -1.555325e-02 9.354739e+00 1.133575e-03 9.999987e-01 1.159188e-03 -7.746644e-01 1.555194e-02 -1.176679e-03 9.998784e-01 1.027731e+01
9.999838e-01 2.251836e-03 5.231430e-03 9.417542e+00 -2.250600e-03 9.999974e-01 -2.421085e-04 -7.888299e-01 -5.231961e-03 2.303313e-04 9.999863e-01 1.067004e+01
9.999077e-01 -4.778162e-04 -1.358041e-02 9.459700e+00 4.895976e-04 9.999995e-01 8.642387e-04 -8.090525e-01 1.357999e-02 -8.708085e-04 9.999074e-01 1.144291e+01
9.999685e-01 3.408094e-03 7.168587e-03 9.424115e+00 -3.408179e-03 9.999942e-01 -2.484667e-07 -8.333595e-01 -7.168546e-03 -2.418271e-05 9.999743e-01 1.264559e+01
9.998459e-01 -2.742159e-03 -1.733905e-02 9.361663e+00 2.753768e-03 9.999960e-01 6.457463e-04 -8.369762e-01 1.733721e-02 -6.933952e-04 9.998495e-01 1.280145e+01
9.999641e-01 3.399194e-03 7.760596e-03 9.356458e+00 -3.400728e-03 9.999942e-01 1.845138e-04 -8.413601e-01 -7.759924e-03 -2.108982e-04 9.999699e-01 1.286563e+01
9.998157e-01 -3.134877e-03 -1.893818e-02 9.385967e+00 3.148630e-03 9.999948e-01 6.964529e-04 -8.383991e-01 1.893589e-02 -7.559546e-04 9.998204e-01 1.253715e+01
9.999689e-01 3.404125e-03 7.121100e-03 9.417002e+00 -3.405471e-03 9.999942e-01 1.769572e-04 -8.378452e-01 -7.120456e-03 -2.012018e-04 9.999746e-01 1.232140e+01
9.998257e-01 -3.185664e-03 -1.839470e-02 9.449827e+00 3.195567e-03 9.999948e-01 5.089925e-04 -8.347130e-01 1.839298e-02 -5.676860e-04 9.998307e-01 1.199073e+01
9.999706e-01 3.370459e-03 6.890925e-03 9.494261e+00 -3.371594e-03 9.999943e-01 1.530779e-04 -8.306066e-01 -6.890369e-03 -1.763061e-04 9.999762e-01 1.159195e+01
9.998274e-01 -2.834179e-03 -1.835986e-02 9.538067e+00 2.850442e-03 9.999956e-01 8.596924e-04 -8.334266e-01 1.835734e-02 -9.118784e-04 9.998311e-01 1.151347e+01
9.999567e-01 3.817701e-03 8.489566e-03 9.569020e+00 -3.818901e-03 9.999927e-01 1.252322e-04 -8.452611e-01 -8.489025e-03 -1.576469e-04 9.999640e-01 1.188944e+01
9.998504e-01 -2.391751e-03 -1.713138e-02 9.582514e+00 2.400810e-03 9.999970e-01 5.082654e-04 -8.597413e-01 1.713011e-02 -5.493191e-04 9.998531e-01 1.244407e+01
9.999548e-01 3.877268e-03 8.679005e-03 9.612010e+00 -3.878548e-03 9.999925e-01 1.306778e-04 -8.754509e-01 -8.678432e-03 -1.643332e-04 9.999623e-01 1.300095e+01
9.998311e-01 -2.698948e-03 -1.818162e-02 9.648537e+00 2.709674e-03 9.999962e-01 5.653001e-04 -8.888629e-01 1.818002e-02 -6.144715e-04 9.998345e-01 1.342117e+01
9.999557e-01 4.010371e-03 8.515623e-03 9.700494e+00 -4.013204e-03 9.999919e-01 3.156510e-04 -9.040761e-01 -8.514288e-03 -3.498113e-04 9.999637e-01 1.388821e+01
9.998202e-01 -2.903390e-03 -1.873734e-02 9.759381e+00 2.916237e-03 9.999955e-01 6.583341e-04 -9.192470e-01 1.873535e-02 -7.128590e-04 9.998242e-01 1.432108e+01
9.999529e-01 4.205320e-03 8.744857e-03 9.812893e+00 -4.204678e-03 9.999912e-01 -9.172796e-05 -9.347094e-01 -8.745165e-03 5.495497e-05 9.999618e-01 1.480567e+01
9.997875e-01 -3.619541e-03 -2.029322e-02 9.868004e+00 3.643128e-03 9.999927e-01 1.125493e-03 -9.417877e-01 2.028900e-02 -1.199185e-03 9.997934e-01 1.485239e+01
9.999336e-01 4.768145e-03 1.049175e-02 9.907285e+00 -4.765708e-03 9.999886e-01 -2.572032e-04 -9.530002e-01 -1.049286e-02 2.071861e-04 9.999449e-01 1.518777e+01
9.997504e-01 -4.091533e-03 -2.196319e-02 9.971925e+00 4.119182e-03 9.999908e-01 1.213816e-03 -9.569674e-01 2.195802e-02 -1.303984e-03 9.997580e-01 1.508974e+01
9.999435e-01 4.242305e-03 9.747765e-03 1.001948e+01 -4.238754e-03 9.999909e-01 -3.848102e-04 -9.548393e-01 -9.749309e-03 3.434707e-04 9.999524e-01 1.475101e+01
9.997585e-01 -3.850465e-03 -2.163811e-02 1.007149e+01 3.877948e-03 9.999917e-01 1.228336e-03 -9.551669e-01 2.163320e-02 -1.311952e-03 9.997651e-01 1.453209e+01
9.999356e-01 4.396474e-03 1.046453e-02 1.012854e+01 -4.393212e-03 9.999903e-01 -3.346950e-04 -9.589878e-01 -1.046590e-02 2.887012e-04 9.999452e-01 1.444514e+01
9.997597e-01 -3.432752e-03 -2.165307e-02 1.019958e+01 3.458195e-03 9.999934e-01 1.137744e-03 -9.723615e-01 2.164902e-02 -1.212352e-03 9.997649e-01 1.478309e+01
9.999154e-01 4.997939e-03 1.201249e-02 1.027526e+01 -4.995041e-03 9.999875e-01 -2.711886e-04 -9.936009e-01 -1.201369e-02 2.111634e-04 9.999278e-01 1.546304e+01
9.997664e-01 -2.797813e-03 -2.143263e-02 1.036981e+01 2.819356e-03 9.999956e-01 9.750087e-04 -1.020139e+00 2.142980e-02 -1.035208e-03 9.997698e-01 1.636181e+01
9.999187e-01 4.837352e-03 1.179560e-02 1.045550e+01 -4.835621e-03 9.999883e-01 -1.752049e-04 -1.045025e+00 -1.179630e-02 1.181523e-04 9.999304e-01 1.722711e+01
9.997667e-01 -1.962658e-03 -2.151238e-02 1.060591e+01 1.982602e-03 9.999976e-01 9.058421e-04 -1.082536e+00 2.151055e-02 -9.482818e-04 9.997682e-01 1.853851e+01
9.999147e-01 5.946262e-03 1.162978e-02 1.082163e+01 -5.942764e-03 9.999823e-01 -3.352871e-04 -1.135086e+00 -1.163157e-02 2.661460e-04 9.999323e-01 2.036542e+01
9.997713e-01 -1.970060e-03 -2.129273e-02 1.106127e+01 1.980986e-03 9.999979e-01 4.920687e-04 -1.184614e+00 2.129171e-02 -5.341374e-04 9.997732e-01 2.196254e+01
9.999380e-01 4.371599e-03 1.023804e-02 1.128929e+01 -4.375040e-03 9.999904e-01 3.137912e-04 -1.217990e+00 -1.023657e-02 -3.585629e-04 9.999475e-01 2.287858e+01
9.997807e-01 -1.986323e-03 -2.084636e-02 1.147186e+01 1.992803e-03 9.999980e-01 2.901035e-04 -1.249360e+00 2.084574e-02 -3.315832e-04 9.997826e-01 2.382260e+01
9.999443e-01 3.913227e-03 9.797284e-03 1.164163e+01 -3.916757e-03 9.999923e-01 3.412105e-04 -1.270540e+00 -9.795873e-03 -3.795645e-04 9.999519e-01 2.435535e+01
9.997247e-01 -3.153928e-03 -2.325100e-02 1.177059e+01 3.169824e-03 9.999948e-01 6.468770e-04 -1.277733e+00 2.324884e-02 -7.204011e-04 9.997294e-01 2.427002e+01
9.999319e-01 3.937530e-03 1.098149e-02 1.187632e+01 -3.939982e-03 9.999922e-01 2.017019e-04 -1.287418e+00 -1.098061e-02 -2.449544e-04 9.999397e-01 2.435903e+01
9.997241e-01 -3.861965e-03 -2.317014e-02 1.190981e+01 3.868604e-03 9.999925e-01 2.417617e-04 -1.277651e+00 2.316903e-02 -3.313317e-04 9.997315e-01 2.369864e+01
9.999342e-01 3.935352e-03 1.077554e-02 1.193287e+01 -3.939915e-03 9.999922e-01 4.023480e-04 -1.268391e+00 -1.077387e-02 -4.447756e-04 9.999419e-01 2.308916e+01
9.997153e-01 -3.566155e-03 -2.359239e-02 1.199284e+01 3.579333e-03 9.999935e-01 5.163514e-04 -1.267792e+00 2.359039e-02 -6.006500e-04 9.997215e-01 2.280104e+01
9.999241e-01 4.351035e-03 1.152913e-02 1.208704e+01 -4.358858e-03 9.999903e-01 6.535527e-04 -1.277938e+00 -1.152617e-02 -7.037563e-04 9.999333e-01 2.291667e+01
9.997226e-01 -3.384540e-03 -2.330662e-02 1.214939e+01 3.387158e-03 9.999943e-01 7.287809e-05 -1.290892e+00 2.330624e-02 -1.518017e-04 9.997284e-01 2.321038e+01
9.999205e-01 4.457215e-03 1.179485e-02 1.220945e+01 -4.463566e-03 9.999899e-01 5.122466e-04 -1.305859e+00 -1.179244e-02 -5.648524e-04 9.999303e-01 2.359955e+01
9.996992e-01 -4.022020e-03 -2.419317e-02 1.226468e+01 4.029824e-03 9.999918e-01 2.738559e-04 -1.306379e+00 2.419188e-02 -3.712684e-04 9.997073e-01 2.333864e+01
9.999386e-01 4.227997e-03 1.024609e-02 1.233319e+01 -4.235337e-03 9.999908e-01 6.948132e-04 -1.303248e+00 -1.024306e-02 -7.381655e-04 9.999473e-01 2.289400e+01
9.996995e-01 -4.202573e-03 -2.415098e-02 1.239180e+01 4.201384e-03 9.999912e-01 -9.993568e-05 -1.291407e+00 2.415119e-02 -1.562501e-06 9.997083e-01 2.210619e+01
9.999393e-01 4.212302e-03 1.018172e-02 1.244114e+01 -4.220346e-03 9.999908e-01 7.687309e-04 -1.279126e+00 -1.017839e-02 -8.116540e-04 9.999479e-01 2.130433e+01
9.996994e-01 -4.166697e-03 -2.415974e-02 1.248801e+01 4.165846e-03 9.999913e-01 -8.553798e-05 -1.267461e+00 2.415989e-02 -1.513408e-05 9.997081e-01 2.052673e+01
9.999416e-01 4.174493e-03 9.971604e-03 1.253293e+01 -4.182408e-03 9.999910e-01 7.730722e-04 -1.253909e+00 -9.968287e-03 -8.147318e-04 9.999500e-01 1.965331e+01
9.997078e-01 -4.316322e-03 -2.378370e-02 1.253884e+01 4.308465e-03 9.999906e-01 -3.815865e-04 -1.235766e+00 2.378512e-02 2.790032e-04 9.997171e-01 1.863566e+01
9.999389e-01 4.080731e-03 1.027693e-02 1.252542e+01 -4.089476e-03 9.999913e-01 8.300691e-04 -1.216358e+00 -1.027345e-02 -8.720451e-04 9.999468e-01 1.762368e+01
9.997213e-01 -4.370385e-03 -2.319909e-02 1.249854e+01 4.357347e-03 9.999903e-01 -6.125126e-04 -1.195734e+00 2.320154e-02 5.112548e-04 9.997307e-01 1.657044e+01
9.999291e-01 3.980098e-03 1.122029e-02 1.239480e+01 -3.987930e-03 9.999918e-01 6.757679e-04 -1.172207e+00 -1.121751e-02 -7.204652e-04 9.999368e-01 1.553932e+01
9.996935e-01 -4.360559e-03 -2.437084e-02 1.232630e+01 4.346325e-03 9.999904e-01 -6.369774e-04 -1.148123e+00 2.437338e-02 5.308580e-04 9.997028e-01 1.442035e+01
9.999301e-01 4.102111e-03 1.109350e-02 1.231097e+01 -4.112922e-03 9.999911e-01 9.519422e-04 -1.127718e+00 -1.108950e-02 -9.975018e-04 9.999380e-01 1.335140e+01
9.996923e-01 -4.317088e-03 -2.442875e-02 1.229992e+01 4.301940e-03 9.999905e-01 -6.725866e-04 -1.108257e+00 2.443142e-02 5.672880e-04 9.997013e-01 1.229589e+01
9.999371e-01 4.057973e-03 1.045461e-02 1.229557e+01 -4.068778e-03 9.999912e-01 1.012481e-03 -1.085357e+00 -1.045041e-02 -1.054954e-03 9.999448e-01 1.109657e+01
9.996961e-01 -4.344441e-03 -2.426682e-02 1.228658e+01 4.326093e-03 9.999903e-01 -8.085115e-04 -1.061495e+00 2.427010e-02 7.032847e-04 9.997052e-01 9.863739e+00
9.999339e-01 4.056733e-03 1.076098e-02 1.227406e+01 -4.068157e-03 9.999912e-01 1.040001e-03 -1.038312e+00 -1.075667e-02 -1.083709e-03 9.999416e-01 8.665006e+00
9.996982e-01 -4.201112e-03 -2.420521e-02 1.226881e+01 4.188391e-03 9.999911e-01 -5.761822e-04 -1.018713e+00 2.420741e-02 4.746269e-04 9.997068e-01 7.634883e+00
9.999330e-01 3.953037e-03 1.088126e-02 1.226356e+01 -3.964569e-03 9.999916e-01 1.038404e-03 -9.994739e-01 -1.087706e-02 -1.081474e-03 9.999403e-01 6.583913e+00
9.996947e-01 -4.120581e-03 -2.436228e-02 1.225725e+01 4.112158e-03 9.999915e-01 -3.958317e-04 -9.837427e-01 2.436370e-02 2.955288e-04 9.997031e-01 5.725988e+00
9.999230e-01 3.905845e-03 1.177845e-02 1.225096e+01 -3.915178e-03 9.999920e-01 7.694909e-04 -9.657945e-01 -1.177535e-02 -8.155459e-04 9.999303e-01 4.742176e+00
9.996507e-01 -4.208300e-03 -2.609194e-02 1.229703e+01 4.192573e-03 9.999910e-01 -6.574052e-04 -9.440914e-01 2.609447e-02 5.477827e-04 9.996593e-01 3.514899e+00
9.999263e-01 4.382955e-03 1.131968e-02 1.241814e+01 -4.410855e-03 9.999873e-01 2.440959e-03 -9.400198e-01 -1.130883e-02 -2.490708e-03 9.999330e-01 2.936392e+00
9.996771e-01 -4.160745e-03 -2.506825e-02 1.255787e+01 4.104390e-03 9.999889e-01 -2.299098e-03 -9.320739e-01 2.507754e-02 2.195466e-03 9.996831e-01 2.147128e+00
9.999380e-01 3.814627e-03 1.046370e-02 1.258883e+01 -3.840274e-03 9.999897e-01 2.432075e-03 -9.077072e-01 -1.045431e-02 -2.472107e-03 9.999423e-01 8.107761e-01
9.996091e-01 -3.435810e-03 -2.774426e-02 1.284871e+01 3.385867e-03 9.999926e-01 -1.846859e-03 -8.937815e-01 2.775040e-02 1.752198e-03 9.996133e-01 -4.154791e-01
9.998829e-01 3.340191e-03 1.493390e-02 1.284858e+01 -3.383692e-03 9.999901e-01 2.888628e-03 -8.822040e-01 -1.492410e-02 -2.938821e-03 9.998843e-01 -1.083735e+00
9.995941e-01 -3.601863e-03 -2.825935e-02 1.284755e+01 3.528243e-03 9.999903e-01 -2.654600e-03 -8.592484e-01 2.826863e-02 2.553816e-03 9.995971e-01 -2.282144e+00
9.998828e-01 3.308471e-03 1.494913e-02 1.284440e+01 -3.352151e-03 9.999902e-01 2.897878e-03 -8.365848e-01 -1.493940e-02 -2.947649e-03 9.998841e-01 -3.474749e+00
9.995777e-01 -3.617014e-03 -2.883314e-02 1.282477e+01 3.543186e-03 9.999903e-01 -2.611176e-03 -8.138734e-01 2.884231e-02 2.507912e-03 9.995808e-01 -4.659574e+00
9.998871e-01 3.297193e-03 1.465857e-02 1.281175e+01 -3.344107e-03 9.999894e-01 3.177133e-03 -7.921509e-01 -1.464794e-02 -3.225794e-03 9.998875e-01 -5.812201e+00
9.995863e-01 -3.618048e-03 -2.853367e-02 1.280688e+01 3.539859e-03 9.999898e-01 -2.790278e-03 -7.708303e-01 2.854347e-02 2.688118e-03 9.995889e-01 -6.949438e+00
9.998909e-01 3.204379e-03 1.441628e-02 1.277480e+01 -3.249016e-03 9.999900e-01 3.073998e-03 -7.464882e-01 -1.440629e-02 -3.120501e-03 9.998914e-01 -8.201725e+00
9.995810e-01 -3.605722e-03 -2.871954e-02 1.273768e+01 3.524386e-03 9.999896e-01 -2.882172e-03 -7.191004e-01 2.872964e-02 2.779746e-03 9.995834e-01 -9.585238e+00
9.998864e-01 3.109721e-03 1.475124e-02 1.269536e+01 -3.152912e-03 9.999908e-01 2.905645e-03 -6.895835e-01 -1.474207e-02 -2.951824e-03 9.998870e-01 -1.104350e+01
9.995956e-01 -3.407995e-03 -2.823311e-02 1.268104e+01 3.329497e-03 9.999905e-01 -2.826888e-03 -6.628022e-01 2.824248e-02 2.731743e-03 9.995974e-01 -1.240947e+01
9.998816e-01 2.994473e-03 1.509387e-02 1.268774e+01 -3.038837e-03 9.999911e-01 2.917218e-03 -6.390146e-01 -1.508500e-02 -2.962740e-03 9.998818e-01 -1.366631e+01
9.997108e-01 -4.929264e-03 -2.353666e-02 1.211459e+01 4.847194e-03 9.999820e-01 -3.542630e-03 -5.890936e-01 2.355370e-02 3.427518e-03 9.997167e-01 -1.489432e+01
9.999428e-01 3.293857e-03 1.017696e-02 1.182236e+01 -3.322378e-03 9.999906e-01 2.786996e-03 -5.464555e-01 -1.016769e-02 -2.820647e-03 9.999443e-01 -1.655394e+01
9.996773e-01 -4.142798e-03 -2.506137e-02 1.165590e+01 4.076713e-03 9.999881e-01 -2.687407e-03 -5.082159e-01 2.507221e-02 2.584371e-03 9.996823e-01 -1.827009e+01
9.998973e-01 1.795192e-03 1.421615e-02 1.077411e+01 -1.804704e-03 9.999982e-01 6.563349e-04 -4.224730e-01 -1.421494e-02 -6.819230e-04 9.998987e-01 -2.057828e+01
9.996520e-01 -2.650949e-03 -2.624744e-02 1.050130e+01 2.622646e-03 9.999959e-01 -1.112651e-03 -3.824009e-01 2.625028e-02 1.043426e-03 9.996549e-01 -2.200625e+01
9.998913e-01 4.967421e-04 1.473391e-02 1.007139e+01 -4.946971e-04 9.999999e-01 -1.423973e-04 -3.269581e-01 -1.473398e-02 1.350935e-04 9.998914e-01 -2.401016e+01
9.995630e-01 -2.583548e-03 -2.944614e-02 9.588699e+00 2.541153e-03 9.999957e-01 -1.477078e-03 -2.497125e-01 2.944983e-02 1.401605e-03 9.995653e-01 -2.683002e+01
9.999072e-01 1.347371e-03 1.355981e-02 9.301029e+00 -1.357370e-03 9.999988e-01 7.282812e-04 -1.909321e-01 -1.355881e-02 -7.466188e-04 9.999078e-01 -2.907087e+01
9.996607e-01 -1.578321e-03 -2.599876e-02 9.303472e+00 1.576952e-03 9.999988e-01 -7.314881e-05 -1.766802e-01 2.599884e-02 3.212476e-05 9.996620e-01 -2.987512e+01
9.999184e-01 1.357983e-03 1.270217e-02 9.294276e+00 -1.366495e-03 9.999988e-01 6.614777e-04 -1.586428e-01 -1.270126e-02 -6.787808e-04 9.999191e-01 -3.084416e+01
9.996479e-01 -1.579892e-03 -2.648558e-02 9.283300e+00 1.578794e-03 9.999988e-01 -6.236486e-05 -1.355399e-01 2.648565e-02 2.052720e-05 9.996492e-01 -3.206595e+01
9.999013e-01 1.660522e-03 1.395356e-02 9.269577e+00 -1.670542e-03 9.999984e-01 7.064872e-04 -1.253331e-01 -1.395236e-02 -7.297271e-04 9.999024e-01 -3.260167e+01
9.996308e-01 -1.822850e-03 -2.711123e-02 9.269650e+00 1.817242e-03 9.999983e-01 -2.314659e-04 -1.061104e-01 2.711161e-02 1.821124e-04 9.996324e-01 -3.366832e+01
9.999069e-01 1.637606e-03 1.354979e-02 9.276388e+00 -1.647567e-03 9.999984e-01 7.239970e-04 -9.380508e-02 -1.354858e-02 -7.462534e-04 9.999079e-01 -3.435591e+01
9.996160e-01 -1.524927e-03 -2.766924e-02 9.310719e+00 1.535580e-03 9.999988e-01 3.637816e-04 -8.417050e-02 2.766865e-02 -4.061306e-04 9.996171e-01 -3.501554e+01
9.999052e-01 1.327640e-03 1.370353e-02 9.315460e+00 -1.329532e-03 9.999991e-01 1.289622e-04 -6.403454e-02 -1.370334e-02 -1.471689e-04 9.999061e-01 -3.611073e+01
9.996188e-01 -1.375247e-03 -2.757508e-02 9.339343e+00 1.395684e-03 9.999988e-01 7.219398e-04 -4.895487e-02 2.757405e-02 -7.601511e-04 9.996195e-01 -3.699556e+01
9.998965e-01 1.351839e-03 1.432414e-02 9.371998e+00 -1.351451e-03 9.999991e-01 -3.669914e-05 -3.721627e-02 -1.432418e-02 1.733736e-05 9.998974e-01 -3.775549e+01
9.996154e-01 -1.546891e-03 -2.768880e-02 9.377444e+00 1.558722e-03 9.999987e-01 4.057353e-04 -1.885865e-02 2.768813e-02 -4.487388e-04 9.996165e-01 -3.878438e+01
9.999119e-01 1.252326e-03 1.321377e-02 9.369164e+00 -1.249425e-03 9.999992e-01 -2.277977e-04 8.084357e-03 -1.321405e-02 2.112684e-04 9.999127e-01 -4.017216e+01
9.996304e-01 -1.507100e-03 -2.714288e-02 9.366066e+00 1.522543e-03 9.999987e-01 5.483413e-04 2.928160e-02 2.714201e-02 -5.894652e-04 9.996314e-01 -4.131257e+01
9.999056e-01 1.372474e-03 1.367125e-02 9.369086e+00 -1.371178e-03 9.999991e-01 -1.041631e-04 4.903753e-02 -1.367138e-02 8.540798e-05 9.999065e-01 -4.236643e+01
9.996434e-01 -1.520373e-03 -2.666190e-02 9.370751e+00 1.530445e-03 9.999988e-01 3.573770e-04 6.851275e-02 2.666132e-02 -3.980545e-04 9.996444e-01 -4.343770e+01
9.999159e-01 1.307067e-03 1.290569e-02 9.367462e+00 -1.306555e-03 9.999991e-01 -4.809401e-05 9.129661e-02 -1.290574e-02 3.122835e-05 9.999167e-01 -4.461378e+01
9.997431e-01 -4.753815e-04 -2.266235e-02 9.276468e+00 4.820126e-04 9.999998e-01 2.871711e-04 9.420846e-02 2.266221e-02 -2.980212e-04 9.997431e-01 -4.451056e+01
9.998929e-01 3.044199e-03 1.431846e-02 9.444405e+00 -3.066427e-03 9.999941e-01 1.530775e-03 7.339685e-02 -1.431372e-02 -1.574518e-03 9.998963e-01 -4.395040e+01
9.997057e-01 -2.756570e-03 -2.410105e-02 9.387994e+00 2.725946e-03 9.999954e-01 -1.303371e-03 8.132103e-02 2.410453e-02 1.237289e-03 9.997087e-01 -4.425087e+01
9.999242e-01 2.527286e-03 1.204687e-02 9.303623e+00 -2.546696e-03 9.999955e-01 1.596204e-03 1.026036e-01 -1.204278e-02 -1.626763e-03 9.999262e-01 -4.507320e+01
9.999434e-01 -1.401989e-03 -1.055128e-02 8.076953e+00 1.363963e-03 9.999926e-01 -3.610242e-03 1.669813e-01 1.055626e-02 3.595646e-03 9.999378e-01 -4.458326e+01
9.999943e-01 2.051251e-03 2.672683e-03 8.021256e+00 -2.062177e-03 9.999895e-01 4.091861e-03 1.762518e-01 -2.664262e-03 -4.097349e-03 9.999881e-01 -4.494903e+01
9.998719e-01 -2.267235e-03 -1.584426e-02 8.016440e+00 2.206993e-03 9.999903e-01 -3.818555e-03 1.975316e-01 1.585276e-02 3.783097e-03 9.998672e-01 -4.606435e+01
9.999616e-01 1.963390e-03 8.535673e-03 7.599332e+00 -2.005238e-03 9.999860e-01 4.896951e-03 2.252470e-01 -8.525939e-03 -4.913879e-03 9.999516e-01 -4.638639e+01
9.998609e-01 -2.307066e-03 -1.651785e-02 7.245249e+00 2.227323e-03 9.999858e-01 -4.844423e-03 2.618673e-01 1.652879e-02 4.806959e-03 9.998518e-01 -4.711629e+01
9.999946e-01 1.906628e-03 2.692040e-03 7.221885e+00 -1.920138e-03 9.999855e-01 5.024926e-03 2.888842e-01 -2.682421e-03 -5.030067e-03 9.999838e-01 -4.846802e+01
9.998715e-01 -1.986700e-03 -1.590796e-02 7.250795e+00 1.916418e-03 9.999883e-01 -4.431997e-03 3.054680e-01 1.591658e-02 4.400940e-03 9.998636e-01 -4.938712e+01
9.999920e-01 1.939314e-03 3.510800e-03 7.287376e+00 -1.956470e-03 9.999861e-01 4.890182e-03 3.240959e-01 -3.501268e-03 -4.897011e-03 9.999819e-01 -5.046142e+01
9.998638e-01 -2.367746e-03 -1.633101e-02 7.279774e+00 2.286178e-03 9.999848e-01 -5.011541e-03 3.541700e-01 1.634263e-02 4.973522e-03 9.998541e-01 -5.199657e+01
9.999948e-01 2.054386e-03 2.478981e-03 7.276437e+00 -2.066834e-03 9.999852e-01 5.029522e-03 3.820147e-01 -2.468612e-03 -5.034619e-03 9.999843e-01 -5.342746e+01
9.998709e-01 -2.184714e-03 -1.591729e-02 7.284836e+00 2.113666e-03 9.999877e-01 -4.478997e-03 4.002392e-01 1.592688e-02 4.444774e-03 9.998633e-01 -5.443006e+01
9.999911e-01 1.903775e-03 3.752798e-03 7.290643e+00 -1.921600e-03 9.999869e-01 4.752195e-03 4.185079e-01 -3.743702e-03 -4.759364e-03 9.999817e-01 -5.543252e+01
9.998837e-01 -2.092004e-03 -1.510558e-02 7.407025e+00 2.022661e-03 9.999874e-01 -4.604313e-03 4.326314e-01 1.511502e-02 4.573223e-03 9.998753e-01 -5.635299e+01
9.999858e-01 2.252041e-03 4.822382e-03 7.593112e+00 -2.276156e-03 9.999849e-01 5.001061e-03 4.348191e-01 -4.811046e-03 -5.011967e-03 9.999759e-01 -5.686095e+01
9.998387e-01 -2.521672e-03 -1.778326e-02 7.702025e+00 2.430522e-03 9.999838e-01 -5.145275e-03 4.607527e-01 1.779595e-02 5.101222e-03 9.998286e-01 -5.847478e+01
9.999982e-01 1.884143e-03 3.395117e-04 7.717151e+00 -1.885743e-03 9.999868e-01 4.778417e-03 5.096526e-01 -3.305042e-04 -4.779049e-03 9.999885e-01 -6.098318e+01
9.998854e-01 -2.389296e-03 -1.494834e-02 7.863416e+00 2.308919e-03 9.999828e-01 -5.391897e-03 5.382976e-01 1.496096e-02 5.356765e-03 9.998737e-01 -6.271311e+01
9.999954e-01 2.850874e-03 -1.068292e-03 8.518482e+00 -2.845160e-03 9.999818e-01 5.312275e-03 5.279585e-01 1.083417e-03 -5.309210e-03 9.999853e-01 -6.356138e+01
9.999040e-01 -2.786110e-03 -1.357441e-02 8.729139e+00 2.720306e-03 9.999845e-01 -4.863602e-03 5.438380e-01 1.358775e-02 4.826208e-03 9.998960e-01 -6.481327e+01
9.998829e-01 7.225323e-03 1.349134e-02 8.013486e+00 -7.288587e-03 9.999626e-01 4.645988e-03 5.441963e-01 -1.345727e-02 -4.743776e-03 9.998982e-01 -6.221232e+01
9.999978e-01 -5.462517e-04 -2.021318e-03 7.183866e+00 5.353247e-04 9.999853e-01 -5.402172e-03 5.578517e-01 2.024239e-03 5.401078e-03 9.999834e-01 -6.002153e+01
9.999309e-01 2.596235e-04 -1.175425e-02 7.186382e+00 -1.965563e-04 9.999856e-01 5.366255e-03 5.863345e-01 1.175547e-02 -5.363574e-03 9.999165e-01 -6.147412e+01
9.999988e-01 -3.929454e-04 -1.515718e-03 7.214238e+00 3.850853e-04 9.999865e-01 -5.182140e-03 6.110314e-01 1.517734e-03 5.181549e-03 9.999854e-01 -6.278556e+01
9.999535e-01 -2.934549e-04 -9.639476e-03 7.233425e+00 3.403828e-04 9.999881e-01 4.866960e-03 6.414065e-01 9.637933e-03 -4.870015e-03 9.999417e-01 -6.436958e+01
9.999957e-01 2.271477e-04 -2.939680e-03 7.393753e+00 -2.421685e-04 9.999869e-01 -5.110086e-03 6.677783e-01 2.938481e-03 5.110775e-03 9.999826e-01 -6.587441e+01
9.999517e-01 -2.873380e-04 -9.828082e-03 7.629958e+00 3.416258e-04 9.999847e-01 5.522439e-03 6.823931e-01 9.826344e-03 -5.525530e-03 9.999365e-01 -6.704508e+01
9.999970e-01 5.593644e-04 -2.368159e-03 8.149924e+00 -5.716055e-04 9.999865e-01 -5.171215e-03 6.811574e-01 2.365234e-03 5.172553e-03 9.999838e-01 -6.793268e+01
9.999066e-01 4.417947e-05 -1.366751e-02 8.739330e+00 4.370538e-05 9.999793e-01 6.429786e-03 6.702247e-01 1.366751e-02 -6.429782e-03 9.998859e-01 -6.848339e+01
9.999996e-01 2.460879e-04 8.090769e-04 8.874676e+00 -2.409595e-04 9.999799e-01 -6.333354e-03 6.808712e-01 -8.106190e-04 6.333157e-03 9.999796e-01 -6.933525e+01
9.999117e-01 -1.594327e-04 -1.329021e-02 8.929973e+00 2.506971e-04 9.999764e-01 6.865601e-03 6.966722e-01 1.328880e-02 -6.868326e-03 9.998881e-01 -7.028204e+01
9.999997e-01 4.651018e-04 6.640560e-04 9.046043e+00 -4.611557e-04 9.999823e-01 -5.931261e-03 7.025304e-01 -6.668027e-04 5.930953e-03 9.999822e-01 -7.089633e+01
9.999099e-01 -2.089704e-04 -1.342040e-02 9.187548e+00 2.931262e-04 9.999803e-01 6.269019e-03 7.116875e-01 1.341883e-02 -6.272388e-03 9.998903e-01 -7.171345e+01
9.999998e-01 4.420936e-04 3.344256e-04 9.315265e+00 -4.404164e-04 9.999874e-01 -5.000639e-03 7.131659e-01 -3.366319e-04 5.000491e-03 9.999874e-01 -7.218303e+01
9.999145e-01 -1.590103e-04 -1.307470e-02 9.432177e+00 2.270249e-04 9.999865e-01 5.200626e-03 7.171795e-01 1.307370e-02 -5.203150e-03 9.999010e-01 -7.271701e+01
9.999999e-01 9.150965e-05 4.416157e-04 9.432443e+00 -8.934396e-05 9.999880e-01 -4.903118e-03 7.381661e-01 -4.420589e-04 4.903078e-03 9.999879e-01 -7.384220e+01
9.999011e-01 -3.674717e-04 -1.406180e-02 9.417488e+00 4.380854e-04 9.999873e-01 5.018869e-03 7.647508e-01 1.405977e-02 -5.024533e-03 9.998885e-01 -7.518219e+01
9.999997e-01 2.765634e-04 6.905985e-04 9.418897e+00 -2.733039e-04 9.999888e-01 -4.716431e-03 7.878426e-01 -6.918949e-04 4.716241e-03 9.999886e-01 -7.639207e+01
9.998996e-01 -7.367247e-04 -1.415407e-02 9.368339e+00 8.058202e-04 9.999878e-01 4.876544e-03 8.208378e-01 1.415030e-02 -4.887460e-03 9.998879e-01 -7.804021e+01
9.999997e-01 -2.376238e-04 7.761603e-04 9.221500e+00 2.421319e-04 9.999831e-01 -5.814191e-03 8.699256e-01 -7.747654e-04 5.814377e-03 9.999828e-01 -8.025278e+01
9.998808e-01 -2.975843e-04 -1.543729e-02 9.136096e+00 3.850626e-04 9.999839e-01 5.663982e-03 9.087399e-01 1.543536e-02 -5.669251e-03 9.998648e-01 -8.195227e+01
9.999978e-01 7.929583e-05 2.096864e-03 9.097867e+00 -6.789797e-05 9.999852e-01 -5.435519e-03 9.358804e-01 -2.097263e-03 5.435364e-03 9.999830e-01 -8.331305e+01
9.998801e-01 -2.947343e-04 -1.548299e-02 9.081158e+00 3.845703e-04 9.999831e-01 5.799532e-03 9.604968e-01 1.548102e-02 -5.804791e-03 9.998633e-01 -8.456779e+01
9.999971e-01 2.326415e-04 2.417375e-03 9.098534e+00 -2.193117e-04 9.999848e-01 -5.513290e-03 9.812060e-01 -2.418620e-03 5.512743e-03 9.999819e-01 -8.568305e+01
9.999755e-01 1.287610e-03 -6.883761e-03 8.605965e+00 -1.238615e-03 9.999739e-01 7.116986e-03 9.951853e-01 6.892745e-03 -7.108285e-03 9.999510e-01 -8.480115e+01
9.999633e-01 1.864412e-03 8.357216e-03 8.011459e+00 -1.803850e-03 9.999721e-01 -7.248465e-03 1.017368e+00 -8.370496e-03 7.233124e-03 9.999388e-01 -8.380185e+01
9.998747e-01 -1.062642e-03 -1.579313e-02 7.641949e+00 1.186613e-03 9.999685e-01 7.842354e-03 1.030005e+00 1.578430e-02 -7.860111e-03 9.998445e-01 -8.335437e+01
9.999685e-01 1.592731e-03 7.778591e-03 7.334570e+00 -1.527928e-03 9.999641e-01 -8.329933e-03 1.067209e+00 -7.791579e-03 8.317785e-03 9.999351e-01 -8.442285e+01
9.997397e-01 -2.089360e-03 -2.272134e-02 7.364953e+00 2.255029e-03 9.999710e-01 7.268132e-03 1.123307e+00 2.270549e-02 -7.317477e-03 9.997154e-01 -8.719703e+01
9.999639e-01 1.649982e-03 8.334746e-03 7.345365e+00 -1.581415e-03 9.999649e-01 -8.226643e-03 1.171565e+00 -8.348027e-03 8.213165e-03 9.999314e-01 -8.948438e+01
9.997635e-01 -1.837964e-03 -2.167049e-02 7.368582e+00 2.013198e-03 9.999654e-01 8.067224e-03 1.201098e+00 2.165491e-02 -8.108943e-03 9.997326e-01 -9.099125e+01
9.999615e-01 1.881455e-03 8.569093e-03 7.458301e+00 -1.813546e-03 9.999669e-01 -7.925879e-03 1.223971e+00 -8.583721e-03 7.910033e-03 9.999319e-01 -9.237650e+01
9.997502e-01 -2.168850e-03 -2.224459e-02 7.466278e+00 2.348505e-03 9.999648e-01 8.053398e-03 1.250852e+00 2.222634e-02 -8.103628e-03 9.997201e-01 -9.380691e+01
9.999373e-01 2.952309e-03 1.080169e-02 7.250557e+00 -2.886274e-03 9.999771e-01 -6.123961e-03 1.253675e+00 -1.081952e-02 6.092401e-03 9.999229e-01 -9.342038e+01
9.998740e-01 -1.317417e-03 -1.582093e-02 6.965620e+00 1.417372e-03 9.999791e-01 6.308271e-03 1.260125e+00 1.581229e-02 -6.329900e-03 9.998549e-01 -9.302600e+01
9.999942e-01 1.098461e-03 3.218043e-03 6.965110e+00 -1.077843e-03 9.999789e-01 -6.401894e-03 1.287825e+00 -3.225007e-03 6.398388e-03 9.999743e-01 -9.446605e+01
9.998701e-01 -1.074402e-03 -1.607988e-02 7.125369e+00 1.181334e-03 9.999772e-01 6.641977e-03 1.307296e+00 1.607237e-02 -6.660110e-03 9.998486e-01 -9.573762e+01
9.999922e-01 1.154288e-03 3.783150e-03 7.161087e+00 -1.129634e-03 9.999782e-01 -6.512589e-03 1.330133e+00 -3.790584e-03 6.508265e-03 9.999716e-01 -9.695073e+01
9.999162e-01 -9.270389e-04 -1.290952e-02 7.086253e+00 1.016553e-03 9.999755e-01 6.929036e-03 1.344090e+00 1.290278e-02 -6.941578e-03 9.998927e-01 -9.747151e+01
9.999997e-01 7.251920e-04 2.723127e-04 7.118047e+00 -7.232793e-04 9.999755e-01 -6.962286e-03 1.372094e+00 -2.773548e-04 6.962087e-03 9.999757e-01 -9.900481e+01
9.998843e-01 -1.112295e-03 -1.516905e-02 7.154756e+00 1.211821e-03 9.999778e-01 6.553492e-03 1.410206e+00 1.516142e-02 -6.571116e-03 9.998635e-01 -1.010422e+02
9.999985e-01 8.515493e-04 1.529487e-03 7.175269e+00 -8.408795e-04 9.999754e-01 -6.963669e-03 1.442253e+00 -1.535379e-03 6.962372e-03 9.999746e-01 -1.027042e+02
9.999041e-01 -1.075871e-03 -1.380714e-02 7.042654e+00 1.180290e-03 9.999708e-01 7.556759e-03 1.469457e+00 1.379861e-02 -7.572330e-03 9.998761e-01 -1.038031e+02
9.999995e-01 1.021086e-03 1.206002e-04 7.094339e+00 -1.020157e-03 9.999716e-01 -7.470678e-03 1.488608e+00 -1.282247e-04 7.470551e-03 9.999721e-01 -1.049729e+02
9.999240e-01 -7.452448e-04 -1.230958e-02 7.015190e+00 8.448180e-04 9.999670e-01 8.085812e-03 1.506817e+00 1.230315e-02 -8.095596e-03 9.998915e-01 -1.056466e+02
9.999996e-01 6.522435e-04 6.242992e-04 7.055800e+00 -6.476657e-04 9.999731e-01 -7.306074e-03 1.519432e+00 -6.290475e-04 7.305667e-03 9.999731e-01 -1.064230e+02
9.998966e-01 -3.585586e-04 -1.437317e-02 7.238340e+00 4.671794e-04 9.999714e-01 7.554495e-03 1.536683e+00 1.437005e-02 -7.560429e-03 9.998682e-01 -1.076870e+02
9.999815e-01 2.030491e-03 -5.725166e-03 9.094417e+00 -2.081556e-03 9.999580e-01 -8.927416e-03 1.476393e+00 5.706798e-03 8.939169e-03 9.999438e-01 -1.081638e+02
9.998665e-01 -2.319611e-04 -1.633903e-02 1.106138e+01 3.615656e-04 9.999685e-01 7.929655e-03 1.413350e+00 1.633667e-02 -7.934504e-03 9.998351e-01 -1.086267e+02
9.999934e-01 -3.442541e-05 3.628623e-03 1.115958e+01 6.523211e-05 9.999640e-01 -8.490339e-03 1.456402e+00 -3.628200e-03 8.490520e-03 9.999574e-01 -1.109584e+02
9.997269e-01 7.606445e-04 -2.335669e-02 1.295650e+01 -6.273476e-04 9.999835e-01 5.713778e-03 1.409389e+00 2.336065e-02 -5.697565e-03 9.997109e-01 -1.119734e+02
9.998959e-01 5.921383e-03 1.315874e-02 1.539483e+01 -5.766073e-03 9.999136e-01 -1.180957e-02 1.262399e+00 -1.322753e-02 1.173247e-02 9.998437e-01 -1.103747e+02
9.994813e-01 -2.172902e-03 -3.213211e-02 1.744063e+01 2.417473e-03 9.999684e-01 7.574506e-03 1.171859e+00 3.211463e-02 -7.648255e-03 9.994549e-01 -1.100647e+02
9.998540e-01 2.761896e-03 1.686158e-02 1.784870e+01 -2.625223e-03 9.999636e-01 -8.122427e-03 1.177745e+00 -1.688340e-02 8.076976e-03 9.998248e-01 -1.112498e+02
9.994906e-01 -2.710236e-03 -3.179974e-02 1.807389e+01 2.969422e-03 9.999627e-01 8.106151e-03 1.199125e+00 3.177659e-02 -8.196449e-03 9.994614e-01 -1.128326e+02
9.998218e-01 2.390802e-03 1.872802e-02 1.804108e+01 -2.227496e-03 9.999594e-01 -8.735952e-03 1.244580e+00 -1.874814e-02 8.692678e-03 9.997864e-01 -1.150912e+02
9.994409e-01 -2.835476e-03 -3.331386e-02 1.802228e+01 3.109224e-03 9.999618e-01 8.168292e-03 1.282729e+00 3.328943e-02 -8.267305e-03 9.994116e-01 -1.168784e+02
9.997941e-01 3.038146e-03 2.006313e-02 1.801774e+01 -2.889436e-03 9.999682e-01 -7.436999e-03 1.302844e+00 -2.008509e-02 7.377496e-03 9.997711e-01 -1.179302e+02
9.993816e-01 -2.894980e-03 -3.504471e-02 1.803936e+01 3.170506e-03 9.999645e-01 7.809076e-03 1.325582e+00 3.502085e-02 -7.915356e-03 9.993552e-01 -1.192032e+02
9.997870e-01 2.959283e-03 2.042473e-02 1.809679e+01 -2.815542e-03 9.999711e-01 -7.062793e-03 1.342162e+00 -2.044504e-02 7.003782e-03 9.997664e-01 -1.202063e+02
9.993860e-01 -2.974319e-03 -3.491019e-02 1.812808e+01 3.232478e-03 9.999678e-01 7.340814e-03 1.364226e+00 3.488723e-02 -7.449154e-03 9.993635e-01 -1.214234e+02
9.997744e-01 3.052063e-03 2.101987e-02 1.813444e+01 -2.910320e-03 9.999728e-01 -6.770606e-03 1.384217e+00 -2.103997e-02 6.707904e-03 9.997561e-01 -1.225268e+02
9.993605e-01 -2.940714e-03 -3.563575e-02 1.816712e+01 3.209302e-03 9.999669e-01 7.482162e-03 1.400341e+00 3.561257e-02 -7.591743e-03 9.993368e-01 -1.234851e+02
9.997578e-01 3.071149e-03 2.179261e-02 1.818953e+01 -2.919360e-03 9.999713e-01 -6.993613e-03 1.420857e+00 -2.181346e-02 6.928298e-03 9.997381e-01 -1.246303e+02
