1.000000e+00 1.197624e-11 1.704639e-10 3.214096e-14 1.197625e-11 1.000000e+00 3.562503e-10 -1.998401e-15 1.704639e-10 3.562503e-10 1.000000e+00 -4.041212e-14 0.000000e+00 0.000000e+00 0.000000e+00 1.000000e+00
6.882994e-01 1.787457e-01 -7.030604e-01 -7.834229e-01 -1.025116e-01 9.834087e-01 1.496620e-01 2.150039e-02 7.181472e-01 -3.094047e-02 6.952031e-01 9.929050e-01
9.945239e-01 -1.630906e-02 1.032288e-01 -1.569262e+00 2.069703e-02 9.989208e-01 -4.157976e-02 4.200608e-02 -1.024393e-01 4.348860e-02 9.937882e-01 1.982304e+00
9.019795e-01 1.507299e-01 -4.046152e-01 -1.885355e+00 -9.308653e-02 9.829356e-01 1.586586e-01 3.434122e-02 4.216253e-01 -1.054425e-01 9.006187e-01 3.080269e+00
9.999577e-01 -2.201978e-03 8.932477e-03 -2.277703e+00 2.729637e-03 9.982248e-01 -5.949663e-02 3.295126e-02 -8.785609e-03 5.951849e-02 9.981885e-01 3.998847e+00
9.586877e-01 8.546507e-02 -2.713181e-01 -2.561270e+00 -4.988001e-02 9.895275e-01 1.354524e-01 2.873082e-02 2.800532e-01 -1.163232e-01 9.529109e-01 4.805867e+00
9.597395e-01 1.093468e-01 -2.587342e-01 -3.112857e+00 -1.143440e-01 9.934319e-01 -4.297049e-03 2.665550e-02 2.565650e-01 3.370875e-02 9.659390e-01 6.166836e+00
9.983612e-01 3.309935e-02 4.668320e-02 -3.455234e+00 -4.291120e-02 9.727098e-01 2.280224e-01 -6.689644e-03 -3.786182e-02 -2.296520e-01 9.725361e-01 8.435611e+00
9.678949e-01 9.820249e-02 -2.313777e-01 -3.947706e+00 -1.286916e-01 9.843282e-01 -1.205669e-01 -1.846723e-02 2.159116e-01 1.464724e-01 9.653642e-01 1.023710e+01
9.523555e-01 -1.993199e-02 -3.043381e-01 -4.625931e+00 7.331955e-02 9.835612e-01 1.650203e-01 -4.657994e-03 2.960459e-01 -1.794719e-01 9.381613e-01 1.123782e+01
9.601445e-01 1.940571e-01 -2.011575e-01 -5.151428e+00 -2.074069e-01 9.771079e-01 -4.735547e-02 -1.364772e-03 1.873629e-01 8.718956e-02 9.784136e-01 1.234472e+01
9.487676e-01 -8.036625e-02 -3.055836e-01 -5.675299e+00 1.206396e-01 9.859833e-01 1.152523e-01 -2.402708e-03 2.920379e-01 -1.462131e-01 9.451643e-01 1.363647e+01
9.670245e-01 2.362561e-01 9.511364e-02 -6.102388e+00 -2.286992e-01 9.698742e-01 -8.390884e-02 -1.377655e-02 -1.120722e-01 5.938949e-02 9.919237e-01 1.514373e+01
9.693813e-01 -1.593639e-01 -1.868234e-01 -6.270602e+00 1.921680e-01 9.659712e-01 1.731215e-01 -2.915760e-02 1.528767e-01 -2.037223e-01 9.670191e-01 1.612749e+01
9.438841e-01 2.797151e-01 -1.756198e-01 -6.693087e+00 -2.922865e-01 9.550328e-01 -4.980937e-02 -2.842778e-02 1.537902e-01 9.834557e-02 9.831972e-01 1.705799e+01
9.666048e-01 -2.545023e-01 -3.006196e-02 -7.014321e+00 2.556619e-01 9.657344e-01 4.465514e-02 -2.910410e-02 1.766703e-02 -5.084957e-02 9.985500e-01 1.775151e+01
9.333311e-01 3.481590e-01 8.762611e-02 -7.029104e+00 -3.555942e-01 9.300971e-01 9.204408e-02 -5.968399e-02 -4.945482e-02 -1.170669e-01 9.918919e-01 1.909032e+01
9.395688e-01 -2.056277e-01 -2.737291e-01 -7.224001e+00 2.220170e-01 9.745826e-01 2.995318e-02 -8.996162e-02 2.606124e-01 -8.891559e-02 9.613403e-01 2.097388e+01
9.452878e-01 3.225477e-01 4.892726e-02 -7.466291e+00 -3.262198e-01 9.361084e-01 1.314597e-01 -1.119103e-01 -3.399209e-03 -1.402283e-01 9.901134e-01 2.253244e+01
9.449311e-01 -2.239630e-01 -2.386332e-01 -7.518691e+00 2.216159e-01 9.744325e-01 -3.698205e-02 -1.340239e-01 2.408146e-01 -1.793942e-02 9.704053e-01 2.364019e+01
9.581870e-01 2.682103e-01 9.970369e-02 -7.619145e+00 -2.839343e-01 9.344131e-01 2.150664e-01 -1.545961e-01 -3.548141e-02 -2.343831e-01 9.714966e-01 2.477232e+01
9.315583e-01 -1.636368e-01 -3.246878e-01 -7.834266e+00 1.090804e-01 9.776451e-01 -1.797541e-01 -1.691111e-01 3.468439e-01 1.320343e-01 9.285829e-01 2.589046e+01
9.814090e-01 1.919116e-01 -2.507627e-03 -8.112207e+00 -1.785626e-01 9.177784e-01 3.546805e-01 -1.784600e-01 7.036876e-02 -3.476388e-01 9.349842e-01 2.697064e+01
8.219138e-01 -4.733838e-04 -5.696117e-01 -8.734274e+00 -1.705097e-01 9.539406e-01 -2.468275e-01 -1.702438e-01 5.434926e-01 2.999953e-01 7.839762e-01 2.807717e+01
9.984583e-01 -5.130153e-02 -2.119488e-02 -9.275876e+00 5.550547e-02 9.259498e-01 3.735454e-01 -1.732144e-01 4.619414e-04 -3.741460e-01 9.273697e-01 2.948684e+01
9.434061e-01 2.524516e-01 -2.150653e-01 -9.446583e+00 -2.850914e-01 9.486569e-01 -1.370144e-01 -2.094258e-01 1.694336e-01 1.905735e-01 9.669405e-01 3.157899e+01
9.798298e-01 -1.573846e-01 -1.231406e-01 -9.628638e+00 1.916254e-01 9.147909e-01 3.555802e-01 -2.398561e-01 5.668506e-02 -3.720050e-01 9.264983e-01 3.340792e+01
9.362715e-01 3.478499e-01 -4.895132e-02 -9.775587e+00 -3.512149e-01 9.243444e-01 -1.491159e-01 -2.732740e-01 -6.622088e-03 1.568054e-01 9.876073e-01 3.522890e+01
9.565490e-01 -1.735454e-01 -2.342989e-01 -9.799790e+00 2.482719e-01 9.061569e-01 3.424042e-01 -3.124388e-01 1.528889e-01 -3.856962e-01 9.098700e-01 3.712724e+01
9.178837e-01 3.968464e-01 -1.563342e-03 -9.833868e+00 -3.965329e-01 9.169871e-01 -4.354643e-02 -3.544006e-01 -1.584768e-02 4.059048e-02 9.990502e-01 3.923172e+01
9.289854e-01 -2.435138e-01 -2.787241e-01 -9.897860e+00 3.002791e-01 9.361429e-01 1.829451e-01 -3.885690e-01 2.163760e-01 -2.536484e-01 9.427852e-01 4.098667e+01
9.236814e-01 3.752401e-01 7.750775e-02 -9.807139e+00 -3.801279e-01 9.228279e-01 6.238179e-02 -4.230422e-01 -4.811817e-02 -8.708376e-02 9.950382e-01 4.244785e+01
9.181185e-01 -1.841145e-01 -3.509419e-01 -9.666383e+00 2.332395e-01 9.669602e-01 1.028946e-01 -4.612475e-01 3.204025e-01 -1.763230e-01 9.307268e-01 4.396853e+01
9.477857e-01 2.937304e-01 1.241966e-01 -9.607004e+00 -3.098591e-01 9.403018e-01 1.407832e-01 -4.932973e-01 -7.542995e-02 -1.719157e-01 9.822196e-01 4.540811e+01
9.399844e-01 -2.395180e-01 -2.430238e-01 -9.643904e+00 2.253227e-01 9.705653e-01 -8.504529e-02 -5.098466e-01 2.562403e-01 2.518247e-02 9.662850e-01 4.615878e+01
9.525584e-01 2.303949e-01 1.988736e-01 -9.614623e+00 -2.662715e-01 9.473420e-01 1.778839e-01 -5.280301e-01 -1.474178e-01 -2.223991e-01 9.637461e-01 4.683020e+01
9.335598e-01 -1.492424e-01 -3.258725e-01 -9.531606e+00 1.298742e-01 9.882544e-01 -8.053503e-02 -5.517417e-01 3.340642e-01 3.286185e-02 9.419773e-01 4.767650e+01
9.682647e-01 1.504339e-01 1.995826e-01 -9.452492e+00 -1.974846e-01 9.499485e-01 2.420695e-01 -5.757594e-01 -1.531777e-01 -2.738018e-01 9.495100e-01 4.857376e+01
9.417001e-01 -6.348458e-02 -3.304099e-01 -9.356151e+00 3.465725e-02 9.951164e-01 -9.242403e-02 -6.025689e-01 3.346638e-01 7.558462e-02 9.393014e-01 4.955414e+01
9.836936e-01 8.568740e-02 1.581283e-01 -9.274568e+00 -1.312602e-01 9.431023e-01 3.054976e-01 -6.304970e-01 -1.229539e-01 -3.212720e-01 9.389711e-01 5.064237e+01
8.813808e-01 9.104881e-02 -4.635493e-01 -9.233564e+00 -1.331438e-01 9.893491e-01 -5.883165e-02 -6.607377e-01 4.532555e-01 1.135718e-01 8.841159e-01 5.201965e+01
9.849304e-01 -9.281032e-02 1.459393e-01 -9.186768e+00 4.410554e-02 9.507066e-01 3.069392e-01 -6.853528e-01 -1.672326e-01 -2.958770e-01 9.404733e-01 5.308588e+01
8.396642e-01 2.565899e-01 -4.786707e-01 -9.269596e+00 -2.787169e-01 9.600292e-01 2.570710e-02 -7.093611e-01 4.661341e-01 1.118283e-01 8.776181e-01 5.445227e+01
9.602740e-01 -2.428042e-01 1.375495e-01 -9.262235e+00 2.092317e-01 9.526030e-01 2.208385e-01 -7.271446e-01 -1.846506e-01 -1.832857e-01 9.655623e-01 5.527062e+01
8.384353e-01 3.362638e-01 -4.288974e-01 -9.337834e+00 -3.457466e-01 9.365115e-01 5.835609e-02 -7.384700e-01 4.212904e-01 9.936200e-02 9.014664e-01 5.593689e+01
9.520444e-01 -2.964528e-01 7.567810e-02 -9.387466e+00 2.850474e-01 9.492864e-01 1.326775e-01 -7.514018e-01 -1.111728e-01 -1.047431e-01 9.882659e-01 5.662761e+01
7.964244e-01 4.325936e-01 -4.225766e-01 -9.483267e+00 -3.838793e-01 9.015828e-01 1.994623e-01 -7.617440e-01 4.672739e-01 3.361766e-03 8.841062e-01 5.735948e+01
9.444066e-01 -3.219279e-01 6.677309e-02 -9.555369e+00 3.225843e-01 9.465402e-01 1.002701e-03 -7.755294e-01 -6.352621e-02 2.059299e-02 9.977677e-01 5.817495e+01
8.099488e-01 4.685661e-01 -3.527446e-01 -9.636839e+00 -3.535351e-01 8.699431e-01 3.438196e-01 -7.893989e-01 4.679699e-01 -1.537687e-01 8.702639e-01 5.905858e+01
9.717535e-01 -2.334767e-01 -3.440726e-02 -9.632608e+00 2.289472e-01 9.680187e-01 -1.025818e-01 -8.157760e-01 5.725732e-02 9.180674e-02 9.941293e-01 6.038945e+01
8.061350e-01 4.670093e-01 -3.633850e-01 -9.639768e+00 -2.287478e-01 8.123095e-01 5.364958e-01 -8.463455e-01 5.457296e-01 -3.493646e-01 7.616584e-01 6.214176e+01
9.664686e-01 -1.778395e-01 1.852340e-01 -9.623142e+00 2.248930e-01 9.343867e-01 -2.763054e-01 -8.722761e-01 -1.239421e-01 3.086983e-01 9.430502e-01 6.333635e+01
8.160795e-01 4.409110e-01 -3.736465e-01 -9.580097e+00 -1.593973e-01 7.931507e-01 5.877963e-01 -9.030109e-01 5.555238e-01 -4.201303e-01 7.175541e-01 6.471392e+01
9.788021e-01 -1.068335e-01 1.747374e-01 -9.535646e+00 1.554813e-01 9.429405e-01 -2.944296e-01 -9.353316e-01 -1.333120e-01 3.153567e-01 9.395627e-01 6.620104e+01
7.919673e-01 3.889365e-01 -4.706551e-01 -9.505130e+00 -2.943711e-02 7.942803e-01 6.068379e-01 -9.652900e-01 6.098535e-01 -4.667410e-01 6.404932e-01 6.771671e+01
8.936022e-01 -5.748917e-02 4.451630e-01 -9.475578e+00 2.405534e-01 8.986514e-01 -3.668237e-01 -9.881170e-01 -3.789580e-01 4.348800e-01 8.168661e-01 6.865117e+01
8.244130e-01 3.339136e-01 -4.569955e-01 -9.445555e+00 -1.342275e-02 8.187363e-01 5.740128e-01 -1.004909e+00 5.658295e-01 -4.670895e-01 6.794589e-01 6.930820e+01
8.473571e-01 -6.343775e-02 5.272206e-01 -9.396735e+00 3.070312e-01 8.685897e-01 -3.889523e-01 -1.020042e+00 -4.332641e-01 4.914546e-01 7.554830e-01 6.975718e+01
7.892371e-01 3.876563e-01 -4.762640e-01 -9.409966e+00 -2.583303e-02 7.958347e-01 6.049627e-01 -1.034067e+00 6.135449e-01 -4.651557e-01 6.381166e-01 7.031268e+01
8.067654e-01 -6.859951e-02 5.868762e-01 -9.417509e+00 3.868100e-01 8.121433e-01 -4.368081e-01 -1.040867e+00 -4.466628e-01 5.794112e-01 6.817441e-01 7.053813e+01
8.298246e-01 3.579013e-01 -4.281329e-01 -9.130290e+00 -3.688617e-02 8.007327e-01 5.978851e-01 -1.052361e+00 5.568039e-01 -4.803476e-01 6.776693e-01 7.057551e+01
8.430916e-01 -8.216745e-02 5.314556e-01 -8.974121e+00 3.873068e-01 7.783874e-01 -4.940713e-01 -1.058570e+00 -3.730818e-01 6.223838e-01 6.880759e-01 7.055293e+01
8.038517e-01 4.574030e-01 -3.802695e-01 -8.419626e+00 -2.355307e-02 6.632659e-01 7.480131e-01 -1.088350e+00 5.943632e-01 -5.923351e-01 5.439407e-01 7.104868e+01
8.763928e-01 -5.142914e-02 4.788431e-01 -8.004775e+00 3.017201e-01 8.335985e-01 -4.626862e-01 -1.130858e+00 -3.753673e-01 5.499715e-01 7.460769e-01 7.225462e+01
7.421410e-01 4.141681e-01 -5.269645e-01 -7.776434e+00 8.234095e-02 7.239328e-01 6.849388e-01 -1.150924e+00 6.651667e-01 -5.517120e-01 5.031572e-01 7.288843e+01
8.736946e-01 4.254175e-02 4.846112e-01 -7.251951e+00 2.692128e-01 7.874465e-01 -5.544840e-01 -1.174700e+00 -4.051941e-01 6.149132e-01 6.765349e-01 7.317163e+01
6.684756e-01 4.285531e-01 -6.078508e-01 -7.232200e+00 2.206833e-01 6.661934e-01 7.123799e-01 -1.191848e+00 7.102389e-01 -6.103512e-01 3.507595e-01 7.396557e+01
8.916377e-01 1.901047e-01 4.109045e-01 -7.185491e+00 1.857239e-01 6.741200e-01 -7.148908e-01 -1.190252e+00 -4.129030e-01 7.137383e-01 5.657638e-01 7.379144e+01
6.837000e-01 1.206215e-01 -7.197255e-01 -7.156557e+00 4.902794e-01 6.545916e-01 5.754441e-01 -1.186373e+00 5.405372e-01 -7.462977e-01 3.884061e-01 7.345038e+01
7.844895e-01 4.835286e-01 3.882993e-01 -7.319420e+00 -5.323711e-02 6.763441e-01 -7.346594e-01 -1.182600e+00 -6.178528e-01 5.556607e-01 5.563265e-01 7.350157e+01
6.514264e-01 -2.512788e-02 -7.582956e-01 -7.371602e+00 5.779205e-01 6.639931e-01 4.744693e-01 -1.182020e+00 4.915806e-01 -7.473164e-01 4.470646e-01 7.348589e+01
7.307620e-01 5.617975e-01 3.877764e-01 -7.553642e+00 -1.573149e-01 6.913665e-01 -7.051697e-01 -1.178396e+00 -6.642582e-01 4.543082e-01 5.936035e-01 7.360187e+01
6.134059e-01 -1.475238e-01 -7.758672e-01 -7.635376e+00 6.337836e-01 6.781091e-01 3.721376e-01 -1.177356e+00 4.712235e-01 -7.200033e-01 5.094543e-01 7.353944e+01
7.033349e-01 6.335271e-01 3.224335e-01 -7.840922e+00 -3.307322e-01 6.931342e-01 -6.404539e-01 -1.171468e+00 -6.292346e-01 3.438144e-01 6.970333e-01 7.358944e+01
4.501505e-01 -2.561789e-01 -8.554162e-01 -8.029166e+00 6.883403e-01 7.097802e-01 1.496652e-01 -1.166554e+00 5.688164e-01 -6.561894e-01 4.958462e-01 7.369961e+01
5.443885e-01 6.710252e-01 5.033551e-01 -8.231642e+00 -4.151188e-01 7.369459e-01 -5.334670e-01 -1.163881e+00 -7.289153e-01 8.146113e-02 6.797400e-01 7.389194e+01
4.025756e-01 -4.011027e-01 -8.228302e-01 -8.109277e+00 6.813415e-01 7.315954e-01 -2.327748e-02 -1.167450e+00 6.113155e-01 -5.512575e-01 5.678103e-01 7.375755e+01
5.649010e-01 6.495540e-01 5.088876e-01 -7.834993e+00 -5.226470e-01 7.588916e-01 -3.884890e-01 -1.171694e+00 -6.385351e-01 -4.651076e-02 7.681860e-01 7.355702e+01
4.065098e-01 -4.996698e-01 -7.649052e-01 -7.648242e+00 6.321012e-01 7.583076e-01 -1.594290e-01 -1.175814e+00 6.596953e-01 -4.186880e-01 6.241014e-01 7.333970e+01
5.405604e-01 6.252328e-01 5.629196e-01 -7.774139e+00 -6.241139e-01 7.467029e-01 -2.300362e-01 -1.173339e+00 -5.641598e-01 -2.269774e-01 7.938545e-01 7.336158e+01
3.124036e-01 -5.485446e-01 -7.755661e-01 -8.001088e+00 4.567263e-01 8.026067e-01 -3.836974e-01 -1.168230e+00 8.329497e-01 -2.343530e-01 5.012719e-01 7.359456e+01
5.465147e-01 4.150585e-01 7.273570e-01 -8.082179e+00 -5.891100e-01 8.078445e-01 -1.834790e-02 -1.167114e+00 -5.952068e-01 -4.184659e-01 6.860140e-01 7.365973e+01
3.839480e-01 -5.241402e-01 -7.601717e-01 -8.191222e+00 2.518063e-01 8.515029e-01 -4.599309e-01 -1.167424e+00 8.883566e-01 -1.482653e-02 4.589146e-01 7.378997e+01
6.710020e-01 2.202561e-01 7.079856e-01 -8.398617e+00 -5.307714e-01 8.094222e-01 2.512318e-01 -1.163432e+00 -5.177239e-01 -5.443555e-01 6.600295e-01 7.402769e+01
3.606964e-01 -4.332171e-01 -8.259667e-01 -8.681603e+00 -1.193065e-01 8.568749e-01 -5.015290e-01 -1.153458e+00 9.250211e-01 2.794429e-01 2.573861e-01 7.419289e+01
7.875587e-01 -1.236977e-01 6.036970e-01 -8.905534e+00 -2.879469e-01 7.922545e-01 5.379771e-01 -1.146729e+00 -5.448282e-01 -5.975213e-01 5.883286e-01 7.439720e+01
5.223473e-01 -1.658105e-01 -8.364569e-01 -9.170984e+00 -3.897948e-01 8.260048e-01 -4.071561e-01 -1.143965e+00 7.584282e-01 5.387235e-01 3.668293e-01 7.484083e+01
8.338080e-01 -3.866409e-01 3.940469e-01 -9.651232e+00 7.836820e-02 7.894530e-01 6.087876e-01 -1.131221e+00 -5.464637e-01 -4.767312e-01 6.885526e-01 7.536465e+01
6.188213e-01 8.868647e-02 -7.805094e-01 -9.999346e+00 -5.420193e-01 7.673857e-01 -3.425409e-01 -1.123055e+00 5.685730e-01 6.350227e-01 5.229444e-01 7.578832e+01
8.574547e-01 -4.951933e-01 1.398396e-01 -1.031772e+01 3.178506e-01 7.234443e-01 6.128616e-01 -1.116889e+00 -4.046511e-01 -4.810529e-01 7.777182e-01 7.619204e+01
7.177539e-01 3.024914e-01 -6.271589e-01 -1.031032e+01 -5.846043e-01 7.510765e-01 -3.067928e-01 -1.120823e+00 3.782422e-01 5.868415e-01 7.159259e-01 7.630119e+01
8.095256e-01 -5.858454e-01 3.812514e-02 -1.043755e+01 5.050907e-01 7.280963e-01 4.634210e-01 -1.119926e+00 -2.992519e-01 -3.558945e-01 8.853177e-01 7.654733e+01
4.693122e-01 6.151139e-01 -6.335464e-01 -1.086058e+01 -7.427279e-01 6.630267e-01 9.354596e-02 -1.108904e+00 4.775996e-01 4.266503e-01 7.680288e-01 7.701878e+01
6.975796e-01 -7.077814e-01 1.114815e-01 -1.128050e+01 6.948517e-01 7.062210e-01 1.357684e-01 -1.101302e+00 -1.748249e-01 -1.724618e-02 9.844485e-01 7.762632e+01
4.840021e-01 7.581602e-01 -4.369612e-01 -1.178436e+01 -6.998135e-01 6.351476e-01 3.268769e-01 -1.091551e+00 5.253599e-01 1.475823e-01 8.379836e-01 7.839141e+01
6.604791e-01 -7.072648e-01 2.520792e-01 -1.191363e+01 7.404705e-01 6.691638e-01 -6.263588e-02 -1.090956e+00 -1.243821e-01 2.280269e-01 9.656774e-01 7.860999e+01
5.474587e-01 7.910649e-01 -2.729566e-01 -1.202660e+01 -6.117207e-01 6.008810e-01 5.145288e-01 -1.090797e+00 5.710401e-01 -1.147100e-01 8.128683e-01 7.879966e+01
7.598167e-01 -6.083261e-01 2.293861e-01 -1.231688e+01 6.459486e-01 6.663842e-01 -3.724010e-01 -1.083570e+00 7.368197e-02 4.311281e-01 8.992772e-01 7.909829e+01
6.440267e-01 7.397733e-01 -1.948462e-01 -1.269795e+01 -3.788468e-01 5.296927e-01 7.588812e-01 -1.077966e+00 6.646087e-01 -4.149229e-01 6.213970e-01 7.964700e+01
9.028974e-01 -3.431299e-01 2.589173e-01 -1.318631e+01 4.214666e-01 5.882439e-01 -6.901703e-01 -1.064051e+00 8.451151e-02 7.322779e-01 6.757417e-01 8.017690e+01
8.369318e-01 4.625471e-01 -2.925667e-01 -1.344778e+01 -4.231488e-03 5.400094e-01 8.416484e-01 -1.055329e+00 5.472908e-01 -7.031643e-01 4.539083e-01 8.036607e+01
9.800694e-01 -4.020447e-02 1.945445e-01 -1.359477e+01 1.826932e-01 5.670259e-01 -8.031842e-01 -1.052331e+00 -7.802016e-02 8.227182e-01 5.630698e-01 8.053787e+01
8.087696e-01 1.416230e-01 -5.708192e-01 -1.319538e+01 4.295753e-01 5.206545e-01 7.378239e-01 -1.052846e+00 4.016924e-01 -8.419394e-01 3.602518e-01 8.013045e+01
8.862330e-01 4.512083e-01 1.048913e-01 -1.332725e+01 -2.019760e-01 5.801423e-01 -7.890758e-01 -1.051706e+00 -4.168894e-01 6.781195e-01 6.052745e-01 8.037489e+01
6.298112e-01 -1.097335e-01 -7.689580e-01 -1.362446e+01 6.771497e-01 5.625596e-01 4.743364e-01 -1.043898e+00 3.805341e-01 -8.194421e-01 4.286123e-01 8.067718e+01
7.111427e-01 6.973752e-01 8.912912e-02 -1.397576e+01 -5.008459e-01 5.914936e-01 -6.318930e-01 -1.033200e+00 -4.933858e-01 4.047261e-01 7.699138e-01 8.098846e+01
4.620982e-01 -4.817677e-01 -7.445570e-01 -1.395117e+01 8.084251e-01 5.739869e-01 1.303372e-01 -1.033494e+00 3.645738e-01 -6.621472e-01 6.547114e-01 8.094791e+01
5.247572e-01 8.239865e-01 2.137196e-01 -1.413092e+01 -7.810917e-01 5.658954e-01 -2.639285e-01 -1.032514e+00 -3.384164e-01 -2.843621e-02 9.405667e-01 8.132480e+01
3.107387e-01 -6.910783e-01 -6.525735e-01 -1.442270e+01 6.418055e-01 6.589660e-01 -3.922367e-01 -1.024396e+00 7.010900e-01 -2.969422e-01 6.483040e-01 8.167519e+01
5.125643e-01 6.145505e-01 5.996712e-01 -1.459811e+01 -7.594860e-01 6.502945e-01 -1.726500e-02 -1.022193e+00 -4.005731e-01 -4.465925e-01 8.000602e-01 8.188081e+01
3.596509e-01 -6.885009e-01 -6.297759e-01 -1.484066e+01 3.685235e-01 7.248781e-01 -5.820157e-01 -1.019780e+00 8.572291e-01 -2.276475e-02 5.144318e-01 8.226284e+01
5.673367e-01 3.357702e-01 7.519225e-01 -1.498232e+01 -6.900846e-01 6.920973e-01 2.116238e-01 -1.021173e+00 -4.493466e-01 -6.389520e-01 6.243621e-01 8.257413e+01
4.629109e-01 -6.395903e-01 -6.137082e-01 -1.508655e+01 1.703709e-01 7.436469e-01 -6.465007e-01 -1.023819e+00 8.698777e-01 1.947142e-01 4.532099e-01 8.281951e+01
6.867988e-01 1.168734e-01 7.173898e-01 -1.519361e+01 -5.444523e-01 7.366033e-01 4.012321e-01 -1.023096e+00 -4.815383e-01 -6.661502e-01 5.695303e-01 8.292717e+01
5.390603e-01 -5.281155e-01 -6.561311e-01 -1.526951e+01 -3.725631e-02 7.632926e-01 -6.449778e-01 -1.021763e+00 8.414428e-01 3.721269e-01 3.917851e-01 8.289928e+01
7.507162e-01 -5.945725e-02 6.579437e-01 -1.548826e+01 -4.132238e-01 7.347915e-01 5.378917e-01 -1.016985e+00 -5.154331e-01 -6.756820e-01 5.270508e-01 8.304942e+01
6.655068e-01 -4.197806e-01 -6.171587e-01 -1.554561e+01 -1.426323e-01 7.400933e-01 -6.572047e-01 -1.016326e+00 7.326368e-01 5.254010e-01 4.326628e-01 8.295149e+01
7.121250e-01 -1.751405e-01 6.798557e-01 -1.575840e+01 -3.640149e-01 7.359286e-01 5.708784e-01 -1.013400e+00 -6.003092e-01 -6.540144e-01 4.603194e-01 8.311705e+01
7.008512e-01 -3.714771e-01 -6.089437e-01 -1.595349e+01 -1.695920e-01 7.424329e-01 -6.480987e-01 -1.008821e+00 6.928536e-01 5.574927e-01 4.573355e-01 8.306952e+01
7.397403e-01 -1.869268e-01 6.464075e-01 -1.610439e+01 -3.279729e-01 7.386457e-01 5.889281e-01 -1.005097e+00 -5.875525e-01 -6.476580e-01 4.850991e-01 8.298212e+01
6.654959e-01 -3.078545e-01 -6.799565e-01 -1.630423e+01 -2.670743e-01 7.524504e-01 -6.020711e-01 -1.000848e+00 6.969839e-01 5.822748e-01 4.185326e-01 8.300338e+01
6.977367e-01 -2.697353e-01 6.636312e-01 -1.653961e+01 -2.786563e-01 7.512405e-01 5.983214e-01 -9.939219e-01 -6.599350e-01 -6.023958e-01 4.490046e-01 8.292155e+01
7.295498e-01 -3.051526e-01 -6.120776e-01 -1.660492e+01 -2.058092e-01 7.555102e-01 -6.219701e-01 -9.930285e-01 6.522267e-01 5.797294e-01 4.883791e-01 8.270679e+01
5.980700e-01 -2.308178e-01 7.674865e-01 -1.665816e+01 -3.577795e-01 7.800166e-01 5.133887e-01 -9.921498e-01 -7.171514e-01 -5.816333e-01 3.839226e-01 8.237118e+01
7.872421e-01 -4.318669e-01 -4.401600e-01 -1.655208e+01 9.423060e-02 7.896680e-01 -6.062549e-01 -1.002573e+00 6.094017e-01 4.357929e-01 6.623550e-01 8.244792e+01
6.540669e-01 4.941869e-02 7.548207e-01 -1.651792e+01 -4.689668e-01 8.094424e-01 3.533740e-01 -1.007815e+00 -5.935206e-01 -5.851161e-01 5.526051e-01 8.235575e+01
7.033904e-01 -4.875142e-01 -5.172735e-01 -1.669324e+01 1.423636e-01 8.096084e-01 -5.694443e-01 -1.004002e+00 6.964011e-01 3.269007e-01 6.388751e-01 8.224685e+01
5.731225e-01 1.185787e-01 8.108451e-01 -1.689318e+01 -4.989696e-01 8.354001e-01 2.305126e-01 -1.001848e+00 -6.500461e-01 -5.366990e-01 5.379537e-01 8.227904e+01
6.018029e-01 -4.646680e-01 -6.495513e-01 -1.696416e+01 1.314463e-01 8.598542e-01 -4.933281e-01 -1.010098e+00 7.877532e-01 2.115052e-01 5.785416e-01 8.257066e+01
6.144621e-01 6.725708e-02 7.860743e-01 -1.695452e+01 -4.881088e-01 8.151878e-01 3.117990e-01 -1.027814e+00 -6.198275e-01 -5.752784e-01 5.337308e-01 8.317298e+01
5.824037e-01 -4.186903e-01 -6.967815e-01 -1.701959e+01 1.777367e-02 8.635093e-01 -5.040196e-01 -1.038690e+00 8.127054e-01 2.811585e-01 5.103527e-01 8.365040e+01
7.057361e-01 -5.249518e-02 7.065273e-01 -1.699001e+01 -3.474619e-01 8.434353e-01 4.097403e-01 -1.045671e+00 -6.174195e-01 -5.346598e-01 5.770027e-01 8.380714e+01
4.840051e-01 -3.366900e-01 -8.076997e-01 -1.692203e+01 -2.010316e-01 8.555471e-01 -4.771012e-01 -1.044042e+00 8.516603e-01 3.932926e-01 3.464038e-01 8.346149e+01
4.653991e-01 -1.965297e-01 8.630062e-01 -1.708330e+01 -3.251921e-01 8.688762e-01 3.732349e-01 -1.039243e+00 -8.231973e-01 -4.543460e-01 3.404643e-01 8.326076e+01
4.527254e-01 -3.441404e-01 -8.225613e-01 -1.707981e+01 -1.910114e-01 8.636678e-01 -4.664681e-01 -1.036121e+00 8.709503e-01 3.683005e-01 3.252697e-01 8.270505e+01
5.105739e-01 -1.818803e-01 8.403772e-01 -1.711572e+01 -3.148219e-01 8.699577e-01 3.795533e-01 -1.031586e+00 -8.001259e-01 -4.583592e-01 3.869178e-01 8.216254e+01
5.086237e-01 -3.135279e-01 -8.018742e-01 -1.723505e+01 -1.717573e-01 8.756730e-01 -4.513273e-01 -1.030732e+00 8.436832e-01 3.672835e-01 3.915374e-01 8.210598e+01
3.483883e-01 -1.690572e-01 9.219790e-01 -1.744919e+01 -3.336906e-01 8.967955e-01 2.905312e-01 -1.025023e+00 -8.759430e-01 -4.088734e-01 2.560203e-01 8.191271e+01
4.300520e-01 -3.668138e-01 -8.249260e-01 -1.773732e+01 -1.211409e-01 8.820281e-01 -4.553584e-01 -1.012197e+00 8.946397e-01 2.957600e-01 3.348818e-01 8.130497e+01
3.034683e-01 -8.701794e-02 9.488598e-01 -1.794472e+01 -3.780249e-01 9.031025e-01 2.037231e-01 -1.001602e+00 -8.746452e-01 -4.205161e-01 2.411680e-01 8.056742e+01
4.124880e-01 -4.311516e-01 -8.024724e-01 -1.804032e+01 3.005984e-03 8.815450e-01 -4.720905e-01 -9.946860e-01 9.109581e-01 1.923194e-01 3.649228e-01 7.981450e+01
4.074341e-01 -7.919599e-03 9.132003e-01 -1.817297e+01 -3.924973e-01 9.013773e-01 1.829340e-01 -9.915411e-01 -8.245867e-01 -4.329622e-01 3.641434e-01 7.969223e+01
3.973585e-01 -3.905868e-01 -8.303904e-01 -1.822876e+01 9.736039e-03 9.066399e-01 -4.217930e-01 -9.904956e-01 9.176118e-01 1.595183e-01 3.640638e-01 7.938612e+01
4.244446e-01 -2.514832e-02 9.051046e-01 -1.844801e+01 -3.959272e-01 8.938289e-01 2.105033e-01 -9.868847e-01 -8.143024e-01 -4.477025e-01 3.694240e-01 7.943611e+01
1.572168e-01 -2.053687e-01 -9.659744e-01 -1.896940e+01 -2.349623e-01 9.422721e-01 -2.385707e-01 -9.925185e-01 9.592057e-01 2.644749e-01 9.988714e-02 8.068241e+01
6.578260e-01 -2.184767e-01 7.207863e-01 -1.958967e+01 -1.535678e-01 8.979923e-01 4.123431e-01 -9.933191e-01 -7.373479e-01 -3.819396e-01 5.571717e-01 8.225902e+01
2.234641e-02 -4.852053e-03 -9.997385e-01 -2.017444e+01 -5.196573e-01 8.542294e-01 -1.576136e-02 -9.849049e-01 8.540825e-01 5.198736e-01 1.656756e-02 8.327239e+01
4.584819e-01 -5.088024e-01 7.286388e-01 -2.073885e+01 1.985289e-01 8.578081e-01 4.740797e-01 -9.677986e-01 -8.662451e-01 -7.270105e-02 4.943014e-01 8.383224e+01
2.241924e-01 2.890715e-01 -9.306855e-01 -2.121724e+01 -5.538990e-01 8.235428e-01 1.223645e-01 -9.568004e-01 8.018314e-01 4.880726e-01 3.447485e-01 8.416431e+01
4.339315e-01 -5.835747e-01 6.863993e-01 -2.165424e+01 3.698700e-01 8.100931e-01 4.549124e-01 -9.541895e-01 -8.215228e-01 5.647772e-02 5.673717e-01 8.490173e+01
1.995964e-02 5.097492e-01 -8.600915e-01 -2.204167e+01 -5.722284e-01 7.112526e-01 4.082577e-01 -9.577766e-01 8.198514e-01 4.840201e-01 3.058893e-01 8.580439e+01
6.210997e-01 -6.051909e-01 4.979750e-01 -2.244419e+01 6.290735e-01 7.639303e-01 1.437951e-01 -9.543462e-01 -4.674417e-01 2.239518e-01 8.551864e-01 8.667470e+01
2.177536e-01 7.464738e-01 -6.287767e-01 -2.280755e+01 -4.596040e-01 6.467611e-01 6.086577e-01 -9.519677e-01 8.610154e-01 1.564509e-01 4.839169e-01 8.747589e+01
5.504779e-01 -4.868780e-01 6.781769e-01 -2.324072e+01 7.178098e-01 6.908209e-01 -8.669253e-02 -9.463235e-01 -4.262901e-01 5.345243e-01 7.297675e-01 8.816824e+01
3.137425e-01 7.625490e-01 -5.657602e-01 -2.364417e+01 -3.074288e-01 6.453303e-01 6.993114e-01 -9.402138e-01 8.983614e-01 -4.547273e-02 4.368970e-01 8.877460e+01
6.354184e-01 -3.639216e-01 6.810319e-01 -2.399200e+01 6.483820e-01 7.304331e-01 -2.146353e-01 -9.442226e-01 -4.193378e-01 5.779520e-01 7.000909e-01 8.961968e+01
3.088884e-01 7.418583e-01 -5.951758e-01 -2.447155e+01 -1.289973e-01 6.526727e-01 7.465775e-01 -9.445907e-01 9.423098e-01 -1.538330e-01 2.973007e-01 9.074247e+01
7.006962e-01 -1.343076e-01 7.007041e-01 -2.469136e+01 5.738972e-01 6.895874e-01 -4.417139e-01 -9.419666e-01 -4.238712e-01 7.116394e-01 5.602701e-01 9.114944e+01
3.813266e-01 6.692821e-01 -6.376923e-01 -2.499081e+01 1.866233e-01 6.198785e-01 7.621826e-01 -9.322675e-01 9.054070e-01 -4.096488e-01 1.114725e-01 9.135408e+01
7.345454e-01 1.806958e-01 6.540582e-01 -2.544731e+01 3.674961e-01 7.043575e-01 -6.073114e-01 -9.214149e-01 -5.704294e-01 6.864616e-01 4.509776e-01 9.182193e+01
5.461559e-01 3.858997e-01 -7.435020e-01 -2.582644e+01 3.471159e-01 7.035246e-01 6.201320e-01 -9.140048e-01 7.623806e-01 -5.967701e-01 2.502822e-01 9.229439e+01
5.158014e-01 3.272305e-01 7.917507e-01 -2.593638e+01 4.517056e-01 6.814006e-01 -5.758952e-01 -9.131865e-01 -7.279498e-01 6.546858e-01 2.036556e-01 9.228936e+01
5.613928e-01 4.408693e-01 -7.003373e-01 -2.599429e+01 3.151183e-01 6.686391e-01 6.735148e-01 -9.135500e-01 7.652049e-01 -5.987955e-01 2.364432e-01 9.211452e+01
5.124807e-01 3.041242e-01 8.030392e-01 -2.610883e+01 5.055781e-01 6.490413e-01 -5.684507e-01 -9.109108e-01 -6.940852e-01 6.973190e-01 1.788626e-01 9.187651e+01
5.417653e-01 4.972057e-01 -6.776997e-01 -2.612887e+01 3.121584e-01 6.295928e-01 7.114563e-01 -9.146562e-01 7.804150e-01 -5.969919e-01 1.858846e-01 9.190332e+01
6.699887e-01 2.660304e-01 6.930678e-01 -2.623167e+01 3.810525e-01 6.779805e-01 -6.286028e-01 -9.161257e-01 -6.371139e-01 6.852519e-01 3.528677e-01 9.205544e+01
5.067678e-01 4.448259e-01 -7.384554e-01 -2.633003e+01 3.878546e-01 6.473607e-01 6.561196e-01 -9.197720e-01 7.699060e-01 -6.189136e-01 1.555338e-01 9.240145e+01
5.863716e-01 3.567258e-01 7.272654e-01 -2.649018e+01 3.748566e-01 6.763975e-01 -6.340102e-01 -9.165873e-01 -7.180883e-01 6.443858e-01 2.628993e-01 9.240487e+01
6.378670e-01 3.679904e-01 -6.765417e-01 -2.668955e+01 3.234371e-01 6.692351e-01 6.689639e-01 -9.107043e-01 6.989378e-01 -6.455288e-01 3.078613e-01 9.217264e+01
4.683400e-01 3.192596e-01 8.238513e-01 -2.687692e+01 5.500169e-01 6.243886e-01 -5.546353e-01 -9.065924e-01 -6.914760e-01 7.128900e-01 1.168279e-01 9.195506e+01
6.661232e-01 5.008117e-01 -5.526912e-01 -2.704371e+01 1.587206e-01 6.288711e-01 7.611366e-01 -9.013086e-01 7.287576e-01 -5.947342e-01 3.394165e-01 9.155941e+01
4.406251e-01 1.624306e-01 8.828736e-01 -2.714717e+01 6.957748e-01 5.596489e-01 -4.502116e-01 -8.977449e-01 -5.672274e-01 8.126558e-01 1.335802e-01 9.108531e+01
6.523845e-01 6.392999e-01 -4.070505e-01 -2.722031e+01 -6.471390e-02 5.821126e-01 8.105288e-01 -8.955993e-01 7.551203e-01 -5.024346e-01 4.211328e-01 9.067141e+01
4.570646e-01 -1.166376e-01 8.817526e-01 -2.733500e+01 7.732440e-01 5.420079e-01 -3.291218e-01 -8.955430e-01 -4.395289e-01 8.322398e-01 3.379220e-01 9.062729e+01
5.832261e-01 7.407498e-01 -3.333721e-01 -2.744552e+01 -2.519774e-01 5.551341e-01 7.926749e-01 -8.976168e-01 7.722400e-01 -3.783065e-01 5.104209e-01 9.070306e+01
3.907463e-01 -2.866048e-01 8.747428e-01 -2.754398e+01 8.348931e-01 5.105427e-01 -2.056688e-01 -8.985010e-01 -3.876479e-01 8.106811e-01 4.387771e-01 9.065911e+01
4.186239e-01 8.418076e-01 -3.407551e-01 -2.760748e+01 -3.091727e-01 4.849054e-01 8.180947e-01 -9.036763e-01 8.539123e-01 -2.371218e-01 4.632569e-01 9.081508e+01
2.143976e-01 -3.423127e-01 9.147982e-01 -2.757190e+01 8.932194e-01 4.476716e-01 -4.182388e-02 -9.134250e-01 -3.952123e-01 8.260824e-01 4.017400e-01 9.100254e+01
4.413935e-01 8.595171e-01 -2.576859e-01 -2.754100e+01 -6.058370e-01 4.973003e-01 6.210104e-01 -9.226327e-01 6.619164e-01 -1.179943e-01 7.402324e-01 9.110528e+01
5.803384e-01 -6.459734e-01 4.959089e-01 -2.763669e+01 7.928030e-01 5.873685e-01 -1.626702e-01 -9.380128e-01 -1.862007e-01 4.875619e-01 8.530022e-01 9.183953e+01
4.721426e-01 8.330240e-01 -2.883615e-01 -2.787798e+01 -5.164344e-01 5.264882e-01 6.753559e-01 -9.392411e-01 7.144066e-01 -1.699445e-01 6.787798e-01 9.243373e+01
3.273483e-01 -5.350248e-01 7.788399e-01 -2.796032e+01 8.777611e-01 4.773396e-01 -4.101620e-02 -9.411486e-01 -3.498265e-01 6.970619e-01 6.258803e-01 9.246104e+01
5.200740e-01 8.342903e-01 -1.829830e-01 -2.777996e+01 -7.278182e-01 5.449962e-01 4.162450e-01 -9.472754e-01 4.469942e-01 -8.329986e-02 8.906499e-01 9.226978e+01
3.764114e-01 -7.515876e-01 5.416923e-01 -2.743660e+01 8.637404e-01 4.961565e-01 8.821124e-02 -9.532100e-01 -3.350627e-01 4.346778e-01 8.359355e-01 9.192139e+01
3.730720e-01 8.534139e-01 -3.640083e-01 -2.686114e+01 -7.159556e-01 5.143400e-01 4.720825e-01 -9.577954e-01 5.901058e-01 8.449304e-02 8.028923e-01 9.129600e+01
3.835404e-01 -7.346087e-01 5.596846e-01 -2.614744e+01 8.831984e-01 4.688887e-01 1.019765e-02 -9.646812e-01 -2.699210e-01 4.904013e-01 8.286430e-01 9.080748e+01
4.327679e-01 8.745070e-01 -2.189737e-01 -2.555474e+01 -7.461554e-01 4.837803e-01 4.573935e-01 -9.740072e-01 5.059289e-01 -3.455679e-02 8.618827e-01 9.050056e+01
1.678613e-01 -7.566297e-01 6.319288e-01 -2.530653e+01 8.854148e-01 3.975557e-01 2.408113e-01 -9.802056e-01 -4.334319e-01 5.190962e-01 7.366654e-01 9.019565e+01
4.893762e-01 8.239080e-01 -2.858086e-01 -2.529340e+01 -8.579166e-01 5.136545e-01 1.175663e-02 -9.820073e-01 1.564933e-01 2.394465e-01 9.582146e-01 8.984476e+01
1.923561e-01 -8.892094e-01 4.150973e-01 -2.524534e+01 6.124733e-01 4.392820e-01 6.571969e-01 -9.849097e-01 -7.667305e-01 1.278202e-01 6.291156e-01 8.959692e+01
5.076059e-01 5.769310e-01 -6.399116e-01 -2.468050e+01 -8.336638e-01 5.164416e-01 -1.956856e-01 -9.933973e-01 2.175799e-01 6.328023e-01 7.431152e-01 8.928994e+01
3.977979e-01 -8.615110e-01 3.155245e-01 -2.418037e+01 4.973386e-01 4.914778e-01 7.149153e-01 -1.002083e+00 -7.709807e-01 -1.274693e-01 6.239715e-01 8.891898e+01
6.294790e-01 4.467915e-01 -6.357149e-01 -2.415333e+01 -7.504928e-01 5.615423e-01 -3.484693e-01 -1.005099e+00 2.012877e-01 6.964536e-01 6.887929e-01 8.876414e+01
4.709449e-01 -7.993047e-01 3.732599e-01 -2.426238e+01 2.676495e-01 5.326392e-01 8.029067e-01 -1.006939e+00 -8.405800e-01 -2.782220e-01 4.647772e-01 8.880401e+01
7.802462e-01 1.968233e-01 -5.936973e-01 -2.406078e+01 -5.741503e-01 6.019319e-01 -5.550039e-01 -1.017939e+00 2.481277e-01 7.739112e-01 5.826612e-01 8.888943e+01
6.852108e-01 -6.247106e-01 3.744634e-01 -2.386536e+01 4.100271e-02 5.463997e-01 8.365203e-01 -1.031450e+00 -7.271898e-01 -5.578387e-01 4.000138e-01 8.906157e+01
8.514679e-01 6.091302e-03 -5.243714e-01 -2.385656e+01 -4.307332e-01 5.784775e-01 -6.926995e-01 -1.042310e+00 2.991176e-01 8.156756e-01 4.951788e-01 8.934298e+01
7.482313e-01 -4.834824e-01 4.543068e-01 -2.351799e+01 -1.476665e-01 5.462327e-01 8.245147e-01 -1.057425e+00 -6.467956e-01 -6.840136e-01 3.373143e-01 8.947124e+01
8.139014e-01 -4.940951e-02 -5.788983e-01 -2.327070e+01 -4.308064e-01 6.172138e-01 -6.583715e-01 -1.082039e+00 3.898338e-01 7.852426e-01 4.810652e-01 9.000862e+01
6.488396e-01 -4.784851e-01 5.916580e-01 -2.285881e+01 -2.795653e-01 5.732695e-01 7.701982e-01 -1.101506e+00 -7.077079e-01 -6.651421e-01 2.381921e-01 9.026593e+01
8.049785e-01 -3.147375e-01 -5.029412e-01 -2.259003e+01 -2.275760e-01 6.190591e-01 -7.516482e-01 -1.111415e+00 5.479222e-01 7.195180e-01 4.267026e-01 9.019895e+01
4.630456e-01 -2.724326e-01 8.434270e-01 -2.266258e+01 -5.176400e-01 6.893188e-01 5.068416e-01 -1.112594e+00 -7.194703e-01 -6.712824e-01 1.781640e-01 9.002155e+01
6.644938e-01 -6.005127e-01 -4.447837e-01 -2.278491e+01 1.187262e-01 6.724682e-01 -7.305413e-01 -1.111492e+00 7.378022e-01 4.326327e-01 5.181475e-01 8.985077e+01
1.509441e-01 1.007393e-01 9.833959e-01 -2.274788e+01 -6.437296e-01 7.649799e-01 2.044308e-02 -1.116675e+00 -7.502187e-01 -6.361268e-01 1.803181e-01 8.971186e+01
4.129431e-01 -7.067876e-01 -5.743947e-01 -2.261879e+01 4.658158e-01 7.058500e-01 -5.336585e-01 -1.120314e+00 7.826197e-01 -4.719155e-02 6.207087e-01 8.928955e+01
2.210225e-01 4.890488e-01 8.437893e-01 -2.258235e+01 -6.199923e-01 7.383159e-01 -2.655169e-01 -1.119148e+00 -7.528338e-01 -4.644576e-01 4.663909e-01 8.867476e+01
3.276594e-01 -6.536444e-01 -6.821938e-01 -2.262465e+01 6.052369e-01 6.996624e-01 -3.796852e-01 -1.116904e+00 7.254844e-01 -2.884814e-01 6.248607e-01 8.822930e+01
1.016801e-01 6.092574e-01 7.864264e-01 -2.270209e+01 -4.382410e-01 7.371176e-01 -5.143952e-01 -1.116723e+00 -8.930879e-01 -2.923405e-01 3.419517e-01 8.799835e+01
4.175090e-01 -4.943550e-01 -7.624299e-01 -2.266184e+01 7.551855e-01 6.554116e-01 -1.142309e-02 -1.120218e+00 5.053525e-01 -5.710067e-01 6.469700e-01 8.779695e+01
3.399662e-01 7.279779e-01 5.953748e-01 -2.268270e+01 -2.910453e-01 6.834456e-01 -6.694735e-01 -1.122579e+00 -8.942682e-01 5.431731e-02 4.442230e-01 8.765037e+01
4.673975e-01 -2.706272e-01 -8.416059e-01 -2.269317e+01 7.325856e-01 6.514296e-01 1.973775e-01 -1.132946e+00 4.948313e-01 -7.088021e-01 5.027341e-01 8.793577e+01
4.069729e-01 7.060758e-01 5.795085e-01 -2.246309e+01 -2.469925e-01 6.958538e-01 -6.743754e-01 -1.152766e+00 -8.794133e-01 1.313182e-01 4.575891e-01 8.836644e+01
4.578954e-01 -1.749551e-01 -8.716206e-01 -2.218151e+01 6.800636e-01 7.004036e-01 2.166754e-01 -1.172497e+00 5.725778e-01 -6.919722e-01 4.396922e-01 8.872044e+01
4.516568e-01 6.346550e-01 6.270718e-01 -2.200286e+01 -2.518115e-01 7.649482e-01 -5.928281e-01 -1.190928e+00 -8.559188e-01 1.098510e-01 5.053075e-01 8.916758e+01
1.834544e-01 -9.160105e-02 -9.787511e-01 -2.216542e+01 5.720219e-01 8.196709e-01 3.050541e-02 -1.199380e+00 7.994595e-01 -5.654634e-01 2.027700e-01 8.990589e+01
2.895836e-01 5.998107e-01 7.459011e-01 -2.239737e+01 -1.813999e-01 7.995608e-01 -5.725353e-01 -1.195590e+00 -9.398061e-01 3.049049e-02 3.403453e-01 9.019435e+01
5.387539e-01 -2.472911e-01 -8.053517e-01 -2.241421e+01 6.222755e-01 7.612170e-01 1.825428e-01 -1.195288e+00 5.679062e-01 -5.994963e-01 5.639918e-01 8.973059e+01
4.215131e-01 6.346968e-01 6.476780e-01 -2.226371e+01 -8.161593e-02 7.378821e-01 -6.699768e-01 -1.194165e+00 -9.031421e-01 2.295431e-01 3.628283e-01 8.897814e+01
4.979216e-01 -1.724572e-01 -8.499015e-01 -2.203479e+01 6.563649e-01 7.154669e-01 2.393581e-01 -1.194899e+00 5.667974e-01 -6.770271e-01 4.694413e-01 8.833322e+01
3.918722e-01 6.290814e-01 6.713366e-01 -2.184948e+01 3.590994e-02 7.186835e-01 -6.944095e-01 -1.200954e+00 -9.193186e-01 2.962274e-01 2.590418e-01 8.815806e+01
6.304652e-01 3.751403e-03 -7.762084e-01 -2.194251e+01 5.671700e-01 6.804810e-01 4.639653e-01 -1.199841e+00 5.299356e-01 -7.327561e-01 4.268919e-01 8.790324e+01
4.451826e-01 5.461878e-01 7.095712e-01 -2.213969e+01 3.346015e-01 6.335551e-01 -6.976028e-01 -1.194224e+00 -8.305747e-01 5.479842e-01 9.929245e-02 8.765509e+01
6.129562e-01 2.999334e-01 -7.309752e-01 -2.192423e+01 4.735795e-01 6.010843e-01 6.437547e-01 -1.198815e+00 6.324612e-01 -7.407683e-01 2.263960e-01 8.742580e+01
7.160015e-01 4.575986e-01 5.272053e-01 -2.162080e+01 1.688017e-01 6.193056e-01 -7.667898e-01 -1.202253e+00 -6.773831e-01 6.380158e-01 3.661803e-01 8.701321e+01
8.582754e-01 1.050007e-01 -5.023327e-01 -2.168226e+01 3.463588e-01 6.037663e-01 7.179846e-01 -1.200810e+00 3.786804e-01 -7.902159e-01 4.818298e-01 8.672999e+01
7.430024e-01 3.010057e-01 5.977817e-01 -2.174350e+01 3.717097e-01 5.571640e-01 -7.425633e-01 -1.200464e+00 -5.565782e-01 7.739276e-01 3.020875e-01 8.643167e+01
8.569062e-01 3.180663e-01 -4.056422e-01 -2.176784e+01 1.712729e-01 5.665419e-01 8.060371e-01 -1.199142e+00 4.861866e-01 -7.601737e-01 4.309971e-01 8.598616e+01
8.142118e-01 1.394689e-01 5.635668e-01 -2.167169e+01 4.135750e-01 5.419240e-01 -7.316243e-01 -1.201336e+00 -4.074492e-01 8.287743e-01 3.835600e-01 8.566375e+01
8.794466e-01 3.762074e-01 -2.916192e-01 -2.147281e+01 5.080094e-02 5.349673e-01 8.433441e-01 -1.206243e+00 4.732790e-01 -7.564906e-01 4.513635e-01 8.538752e+01
9.354480e-01 2.075789e-02 3.528543e-01 -2.106573e+01 2.853495e-01 5.447818e-01 -7.885356e-01 -1.209616e+00 -2.085969e-01 8.383209e-01 5.036918e-01 8.492161e+01
7.443473e-01 2.951561e-01 -5.990242e-01 -2.038750e+01 4.194106e-01 4.914086e-01 7.632904e-01 -1.212200e+00 5.196555e-01 -8.193903e-01 2.419871e-01 8.434298e+01
9.076028e-01 3.745471e-01 1.896621e-01 -1.969263e+01 -3.547440e-02 5.185616e-01 -8.543040e-01 -1.216568e+00 -4.183285e-01 7.686406e-01 4.839348e-01 8.386577e+01
7.724145e-01 -1.542302e-02 -6.349315e-01 -1.870250e+01 5.717184e-01 4.522835e-01 6.845274e-01 -1.224367e+00 2.766116e-01 -8.917408e-01 3.581680e-01 8.332261e+01
8.189324e-01 5.704091e-01 6.311256e-02 -1.770648e+01 -2.791337e-01 4.919919e-01 -8.246383e-01 -1.231555e+00 -5.014320e-01 6.577062e-01 5.621285e-01 8.268689e+01
5.886503e-01 -3.021335e-01 -7.498040e-01 -1.641007e+01 7.806298e-01 4.534247e-01 4.301433e-01 -1.236956e+00 2.100190e-01 -8.385233e-01 5.027630e-01 8.185913e+01
6.028012e-01 7.955975e-01 -6.045827e-02 -1.503745e+01 -6.846045e-01 4.768085e-01 -5.513351e-01 -1.243942e+00 -4.098138e-01 3.737355e-01 8.320904e-01 8.089986e+01
4.413129e-01 -6.997390e-01 -5.617902e-01 -1.408619e+01 8.844179e-01 4.450831e-01 1.403780e-01 -1.249838e+00 1.518154e-01 -5.588080e-01 8.152826e-01 8.022815e+01
4.654878e-01 8.849655e-01 -1.253393e-02 -1.308415e+01 -8.585233e-01 4.480472e-01 -2.493822e-01 -1.254674e+00 -2.150789e-01 1.268450e-01 9.683240e-01 7.938134e+01
2.918218e-01 -8.934378e-01 -3.414806e-01 -1.184756e+01 8.804470e-01 3.904138e-01 -2.690541e-01 -1.257941e+00 3.737018e-01 -2.221398e-01 9.005559e-01 7.837794e+01
4.858411e-01 8.737186e-01 2.396208e-02 -9.809196e+00 -7.510959e-01 4.033209e-01 5.226731e-01 -1.258522e+00 4.470048e-01 -2.719339e-01 8.521963e-01 7.666897e+01
6.193635e-01 -7.830046e-01 -5.738130e-02 -7.906826e+00 3.943906e-01 3.734965e-01 -8.396168e-01 -1.260680e+00 6.788555e-01 4.973974e-01 5.401398e-01 7.515909e+01
7.948329e-01 3.925627e-01 4.627474e-01 -6.728740e+00 -5.941090e-01 3.480951e-01 7.251650e-01 -1.269134e+00 1.235927e-01 -8.513074e-01 5.099025e-01 7.429124e+01
7.678154e-01 -6.180161e-01 1.688657e-01 -6.180390e+00 4.459992e-01 3.263867e-01 -8.334005e-01 -1.275391e+00 4.599394e-01 7.152117e-01 5.262395e-01 7.374827e+01
8.686538e-01 4.121677e-01 2.748787e-01 -5.435574e+00 -4.317938e-01 3.578496e-01 8.279480e-01 -1.280899e+00 2.428881e-01 -8.378911e-01 4.888189e-01 7.317673e+01
8.998794e-01 -4.361385e-01 5.527303e-04 -4.622230e+00 1.889317e-01 3.886777e-01 -9.017951e-01 -1.287298e+00 3.930927e-01 8.116113e-01 4.321635e-01 7.262392e+01
9.501130e-01 1.708183e-01 2.609721e-01 -4.034788e+00 -3.071668e-01 3.671313e-01 8.779881e-01 -1.293858e+00 5.416539e-02 -9.143499e-01 4.012859e-01 7.220842e+01
9.410900e-01 -3.236373e-01 -9.802336e-02 -3.572435e+00 3.737802e-02 3.876565e-01 -9.210458e-01 -1.299435e+00 3.360841e-01 8.631230e-01 3.769166e-01 7.185483e+01
9.802805e-01 1.574328e-02 1.969832e-01 -3.078736e+00 -1.895193e-01 3.572324e-01 9.145859e-01 -1.305578e+00 -5.597020e-02 -9.338828e-01 3.531716e-01 7.152537e+01
