1.000000e+00 1.197625e-11 1.704638e-10 5.551115e-17 1.197625e-11 1.000000e+00 3.562503e-10 0.000000e+00 1.704638e-10 3.562503e-10 1.000000e+00 2.220446e-16 0.000000e+00 0.000000e+00 0.000000e+00 1.000000e+00
9.815656e-01 3.006906e-02 -1.887452e-01 -1.817073e-01 -2.072568e-02 9.984691e-01 5.128298e-02 2.609764e-03 1.899983e-01 -4.642574e-02 9.806861e-01 1.511103e-01
9.997926e-01 8.939964e-03 -1.829642e-02 -3.915045e-01 -8.491945e-03 9.996657e-01 2.441962e-02 6.647782e-03 1.850861e-02 -2.425918e-02 9.995344e-01 2.766611e-01
9.363169e-01 6.902713e-02 -3.443049e-01 -7.007611e-01 -5.266559e-02 9.970035e-01 5.666084e-02 1.652858e-02 3.471843e-01 -3.491948e-02 9.371466e-01 4.317183e-01
9.984145e-01 1.151587e-02 -5.509877e-02 -9.782126e-01 -9.865229e-03 9.994971e-01 3.013661e-02 2.359634e-02 5.541811e-02 -2.954526e-02 9.980260e-01 6.597454e-01
9.394136e-01 6.319667e-02 -3.369098e-01 -1.278749e+00 -4.929416e-02 9.975485e-01 4.966950e-02 3.241913e-02 3.392228e-01 -3.005252e-02 9.402259e-01 8.790528e-01
9.990477e-01 -1.426351e-02 4.123398e-02 -1.519496e+00 1.386105e-02 9.998536e-01 1.002994e-02 3.827830e-02 -4.137100e-02 -9.448843e-03 9.990992e-01 1.059259e+00
9.255807e-01 9.629305e-02 -3.660985e-01 -1.709096e+00 -6.200601e-02 9.926094e-01 1.043157e-01 4.062262e-02 3.734377e-01 -7.385231e-02 9.247108e-01 1.284699e+00
9.998132e-01 -1.365776e-02 -1.367678e-02 -1.941471e+00 1.342889e-02 9.997705e-01 -1.668875e-02 4.684507e-02 1.390157e-02 1.650197e-02 9.997672e-01 1.477856e+00
9.349179e-01 8.909748e-02 -3.434969e-01 -2.204801e+00 -5.848820e-02 9.934182e-01 9.848530e-02 5.462945e-02 3.500109e-01 -7.198515e-02 9.339756e-01 1.637386e+00
9.843377e-01 -5.189876e-02 1.684808e-01 -2.320460e+00 5.498109e-02 9.983937e-01 -1.367850e-02 5.451143e-02 -1.675003e-01 2.272752e-02 9.856100e-01 1.768818e+00
8.934197e-01 1.372703e-01 -4.277359e-01 -2.448898e+00 -8.037227e-02 9.856496e-01 1.484426e-01 5.482154e-02 4.419745e-01 -9.824347e-02 8.916315e-01 1.934432e+00
9.991699e-01 -2.269650e-02 3.383011e-02 -2.753220e+00 2.448660e-02 9.982689e-01 -5.347494e-02 6.400523e-02 -3.255786e-02 5.425893e-02 9.979960e-01 2.136035e+00
9.227561e-01 9.551485e-02 -3.733606e-01 -3.081362e+00 -5.177707e-02 9.907428e-01 1.254901e-01 7.402140e-02 3.818905e-01 -9.646520e-02 9.191594e-01 2.320144e+00
9.997750e-01 -7.153556e-03 1.996776e-02 -3.369354e+00 8.105664e-03 9.988137e-01 -4.801590e-02 8.160007e-02 -1.960058e-02 4.816695e-02 9.986470e-01 2.551500e+00
8.826281e-01 1.094877e-01 -4.571435e-01 -3.704815e+00 -4.639113e-02 9.880377e-01 1.470694e-01 9.211395e-02 4.677773e-01 -1.086002e-01 8.771490e-01 2.782421e+00
9.996634e-01 1.728466e-02 1.934564e-02 -4.081280e+00 -1.581469e-02 9.971538e-01 -7.371640e-02 1.061069e-01 -2.056475e-02 7.338564e-02 9.970916e-01 2.960552e+00
9.237973e-01 5.764324e-02 -3.785179e-01 -4.432958e+00 -9.862082e-03 9.918566e-01 1.269775e-01 1.182991e-01 3.827548e-01 -1.135685e-01 9.168429e-01 3.100350e+00
9.900364e-01 1.093689e-02 1.403861e-01 -4.764747e+00 -6.730146e-04 9.973352e-01 -7.295191e-02 1.290803e-01 -1.408099e-01 7.213056e-02 9.874056e-01 3.214328e+00
8.951755e-01 7.388945e-02 -4.395466e-01 -5.019345e+00 -1.173248e-02 9.897277e-01 1.424827e-01 1.353242e-01 4.455595e-01 -1.223901e-01 8.868469e-01 3.396293e+00
9.627041e-01 -1.307606e-02 2.702403e-01 -5.167824e+00 3.178948e-02 9.973796e-01 -6.498687e-02 1.359007e-01 -2.686824e-01 7.115393e-02 9.605972e-01 3.573963e+00
9.232523e-01 5.786455e-02 -3.798116e-01 -5.363065e+00 -8.891232e-03 9.915461e-01 1.294497e-01 1.395631e-01 3.840913e-01 -1.161378e-01 9.159617e-01 3.664954e+00
9.283057e-01 -3.391148e-02 3.702683e-01 -5.550076e+00 6.815755e-02 9.944781e-01 -7.979838e-02 1.429020e-01 -3.655176e-01 9.931387e-02 9.254910e-01 3.709864e+00
9.165227e-01 7.905428e-02 -3.920925e-01 -5.736163e+00 -2.427178e-02 9.894596e-01 1.427606e-01 1.462110e-01 3.992455e-01 -1.213266e-01 9.087810e-01 3.746009e+00
9.061272e-01 -5.008604e-02 4.200296e-01 -5.925614e+00 1.019054e-01 9.895676e-01 -1.018398e-01 1.497694e-01 -4.105469e-01 1.350831e-01 9.017781e-01 3.781011e+00
9.443143e-01 8.330712e-02 -3.183244e-01 -6.025060e+00 -2.918610e-02 9.848127e-01 1.711495e-01 1.490424e-01 3.277479e-01 -1.523283e-01 9.324041e-01 3.791848e+00
9.378736e-01 -6.548468e-02 3.407417e-01 -6.047360e+00 1.059664e-01 9.891691e-01 -1.015656e-01 1.455216e-01 -3.304002e-01 1.313629e-01 9.346548e-01 3.837809e+00
9.512615e-01 9.432854e-02 -2.936045e-01 -6.084383e+00 -4.249608e-02 9.830838e-01 1.781579e-01 1.426075e-01 3.054432e-01 -1.569978e-01 9.391784e-01 3.840413e+00
9.480805e-01 -6.969748e-02 3.102993e-01 -6.300800e+00 1.104970e-01 9.870962e-01 -1.158943e-01 1.475900e-01 -2.982177e-01 1.441643e-01 9.435480e-01 3.852434e+00
9.584752e-01 9.358414e-02 -2.693834e-01 -6.586552e+00 -5.452962e-02 9.873351e-01 1.489833e-01 1.558251e-01 2.799141e-01 -1.281074e-01 9.514392e-01 3.870793e+00
9.121553e-01 -9.476888e-02 3.987374e-01 -6.859992e+00 1.482840e-01 9.833001e-01 -1.055124e-01 1.634870e-01 -3.820792e-01 1.553701e-01 9.109751e-01 3.850693e+00
9.344206e-01 1.286885e-01 -3.321106e-01 -7.125956e+00 -7.736228e-02 9.835163e-01 1.634345e-01 1.712394e-01 3.476683e-01 -1.270237e-01 9.289735e-01 3.821273e+00
9.224345e-01 -1.080724e-01 3.707221e-01 -7.335515e+00 1.571585e-01 9.820000e-01 -1.047720e-01 1.762554e-01 -3.527262e-01 1.549074e-01 9.228152e-01 3.808822e+00
9.294287e-01 1.422523e-01 -3.404798e-01 -7.441201e+00 -8.170028e-02 9.791357e-01 1.860600e-01 1.767778e-01 3.598434e-01 -1.451122e-01 9.216589e-01 3.797004e+00
9.307970e-01 -1.214468e-01 3.447718e-01 -7.449322e+00 1.636517e-01 9.818397e-01 -9.596269e-02 1.735799e-01 -3.268563e-01 1.457443e-01 9.337685e-01 3.787190e+00
8.810949e-01 1.994220e-01 -4.288388e-01 -7.543660e+00 -1.077375e-01 9.675458e-01 2.285776e-01 1.731599e-01 4.605046e-01 -1.551965e-01 8.739849e-01 3.835570e+00
9.648289e-01 -1.102797e-01 2.386286e-01 -7.726527e+00 1.425978e-01 9.821504e-01 -1.226642e-01 1.775376e-01 -2.208418e-01 1.523779e-01 9.633327e-01 3.901436e+00
8.824302e-01 1.930143e-01 -4.290250e-01 -7.972771e+00 -1.000355e-01 9.680883e-01 2.297782e-01 1.850311e-01 4.596845e-01 -1.598455e-01 8.735786e-01 3.933663e+00
9.864945e-01 -7.019564e-02 1.479906e-01 -8.200182e+00 9.167254e-02 9.853664e-01 -1.436985e-01 1.915364e-01 -1.357380e-01 1.553245e-01 9.784935e-01 4.031263e+00
8.030477e-01 2.065424e-01 -5.589764e-01 -8.480190e+00 -5.723783e-02 9.604112e-01 2.726429e-01 2.011151e-01 5.931595e-01 -1.869507e-01 7.830781e-01 4.177939e+00
9.972925e-01 2.120129e-02 7.041360e-02 -8.883543e+00 -9.364179e-03 9.863559e-01 -1.643602e-01 2.171317e-01 -7.293752e-02 1.632559e-01 9.838840e-01 4.333178e+00
7.661526e-01 1.241336e-01 -6.305561e-01 -9.298730e+00 2.703730e-02 9.740733e-01 2.246111e-01 2.329161e-01 6.420897e-01 -1.891349e-01 7.429326e-01 4.573820e+00
9.926685e-01 1.188448e-01 -2.202627e-02 -9.759584e+00 -1.203034e-01 9.890865e-01 -8.505864e-02 2.498897e-01 1.167711e-02 8.708487e-02 9.961325e-01 4.924247e+00
8.517715e-01 -3.479102e-02 -5.227570e-01 -1.024265e+01 8.089037e-02 9.945612e-01 6.561043e-02 2.698755e-01 5.176312e-01 -9.817110e-02 8.499532e-01 5.103723e+00
9.584081e-01 2.187430e-01 -1.833176e-01 -1.079839e+01 -2.016982e-01 9.735639e-01 1.071969e-01 2.901496e-01 2.019199e-01 -6.576356e-02 9.771916e-01 5.467269e+00
8.743524e-01 -7.667114e-02 -4.791967e-01 -1.133183e+01 3.272792e-02 9.945087e-01 -9.940468e-02 3.123593e-01 4.841867e-01 7.123161e-02 8.720604e-01 5.739903e+00
9.957199e-01 7.947467e-02 4.717750e-02 -1.174584e+01 -8.504746e-02 9.877137e-01 1.311054e-01 3.282605e-01 -3.617831e-02 -1.345566e-01 9.902453e-01 5.914157e+00
9.846613e-01 -8.010350e-02 -1.550020e-01 -1.192398e+01 6.359058e-02 9.920373e-01 -1.087113e-01 3.322560e-01 1.624760e-01 9.718717e-02 9.819146e-01 5.949083e+00
9.975819e-01 6.777895e-02 1.537742e-02 -1.206223e+01 -6.941019e-02 9.829154e-01 1.704687e-01 3.351978e-01 -3.560512e-03 -1.711238e-01 9.852431e-01 5.940367e+00
9.952142e-01 -8.433687e-02 -4.935484e-02 -1.218438e+01 7.702930e-02 9.878730e-01 -1.348087e-01 3.367432e-01 6.012566e-02 1.303618e-01 9.896417e-01 5.939147e+00
9.910654e-01 9.292287e-02 -9.568065e-02 -1.234767e+01 -7.177479e-02 9.762060e-01 2.046219e-01 3.408178e-01 1.124181e-01 -1.959263e-01 9.741535e-01 5.935280e+00
9.962112e-01 -5.750589e-02 -6.524099e-02 -1.264640e+01 4.529459e-02 9.834826e-01 -1.752435e-01 3.506954e-01 7.424092e-02 1.716245e-01 9.823611e-01 5.969946e+00
9.969966e-01 5.175035e-02 -5.761664e-02 -1.294905e+01 -3.883542e-02 9.777420e-01 2.061853e-01 3.606183e-01 6.700437e-02 -2.033285e-01 9.768152e-01 5.982688e+00
9.989197e-01 -4.478823e-02 1.239050e-02 -1.322604e+01 4.635210e-02 9.793274e-01 -1.968995e-01 3.693194e-01 -3.315577e-03 1.972611e-01 9.803454e-01 5.943478e+00
9.994834e-01 2.890780e-02 1.404825e-02 -1.341857e+01 -3.122360e-02 9.769669e-01 2.110943e-01 3.742388e-01 -7.622399e-03 -2.114238e-01 9.773648e-01 5.867759e+00
9.978175e-01 -6.247409e-02 2.138376e-02 -1.347500e+01 6.547016e-02 9.781790e-01 -1.971790e-01 3.734896e-01 -8.598565e-03 1.981487e-01 9.801343e-01 5.826395e+00
9.989500e-01 4.577095e-02 -1.995796e-03 -1.356602e+01 -4.410248e-02 9.725064e-01 2.286620e-01 3.736549e-01 1.240700e-02 -2.283339e-01 9.735038e-01 5.779954e+00
9.960837e-01 -4.786576e-02 -7.433752e-02 -1.380337e+01 3.177206e-02 9.784007e-01 -2.042611e-01 3.801505e-01 8.250899e-02 2.010993e-01 9.760898e-01 5.799453e+00
9.985742e-01 7.144536e-03 5.290030e-02 -1.383020e+01 -1.854870e-02 9.756917e-01 2.183615e-01 3.784553e-01 -5.005429e-02 -2.190314e-01 9.744331e-01 5.796585e+00
9.962096e-01 -3.373199e-02 -8.017787e-02 -1.384033e+01 1.825325e-02 9.822915e-01 -1.864677e-01 3.765803e-01 8.504796e-02 1.842974e-01 9.791840e-01 5.678287e+00
9.918438e-01 3.612109e-03 1.274080e-01 -1.415233e+01 -2.707568e-02 9.827555e-01 1.829165e-01 3.867290e-01 -1.245502e-01 -1.848743e-01 9.748378e-01 5.545916e+00
9.908391e-01 -2.569255e-02 -1.325812e-01 -1.447712e+01 2.132324e-03 9.845901e-01 -1.748653e-01 3.986668e-01 1.350308e-01 1.729806e-01 9.756251e-01 5.372761e+00
9.871010e-01 -1.680292e-02 1.592149e-01 -1.473388e+01 -9.520189e-03 9.865569e-01 1.631407e-01 4.064988e-01 -1.598158e-01 -1.625521e-01 9.736713e-01 5.264320e+00
9.907972e-01 -2.308539e-02 -1.333718e-01 -1.495140e+01 3.054039e-03 9.889102e-01 -1.484830e-01 4.123305e-01 1.353206e-01 1.467092e-01 9.798800e-01 5.174776e+00
9.630218e-01 -2.633506e-02 2.681333e-01 -1.519623e+01 -9.682427e-03 9.911857e-01 1.321258e-01 4.190925e-01 -2.692494e-01 -1.298362e-01 9.542784e-01 5.009870e+00
9.780822e-01 -1.893185e-02 -2.073565e-01 -1.546706e+01 -5.134507e-03 9.933622e-01 -1.149139e-01 4.283145e-01 2.081556e-01 1.134600e-01 9.714927e-01 4.809202e+00
9.642797e-01 -2.736786e-02 2.634687e-01 -1.574981e+01 -8.701472e-05 9.946155e-01 1.036343e-01 4.365271e-01 -2.648863e-01 -9.995540e-02 9.590851e-01 4.727424e+00
9.723766e-01 -1.668436e-02 -2.328203e-01 -1.596432e+01 -4.785885e-03 9.958074e-01 -9.134979e-02 4.426654e-01 2.333683e-01 8.994065e-02 9.682200e-01 4.599231e+00
9.656595e-01 -2.006723e-02 2.590348e-01 -1.619414e+01 -4.898537e-03 9.954292e-01 9.537648e-02 4.492616e-01 -2.597648e-01 -9.337010e-02 9.611474e-01 4.478102e+00
9.557050e-01 -8.459901e-03 -2.942048e-01 -1.649381e+01 -1.897723e-02 9.957357e-01 -9.027884e-02 4.601635e-01 2.937139e-01 9.186312e-02 9.514690e-01 4.291772e+00
9.218322e-01 -4.596256e-02 3.848543e-01 -1.673176e+01 1.359507e-02 9.961672e-01 8.640679e-02 4.671353e-01 -3.873507e-01 -7.442044e-02 9.189238e-01 4.153744e+00
9.302827e-01 3.271765e-03 -3.668289e-01 -1.689596e+01 -2.817127e-02 9.976445e-01 -6.254466e-02 4.711239e-01 3.657602e-01 6.851825e-02 9.281836e-01 4.037922e+00
9.190617e-01 -4.423570e-02 3.916232e-01 -1.712893e+01 2.021184e-02 9.976637e-01 6.525769e-02 4.778965e-01 -3.935950e-01 -5.206042e-02 9.178086e-01 3.901691e+00
9.459997e-01 -1.051747e-02 -3.239969e-01 -1.725735e+01 -6.053257e-03 9.987261e-01 -5.009447e-02 4.818090e-01 3.241111e-01 4.935058e-02 9.447309e-01 3.653035e+00
9.683364e-01 -2.115119e-02 2.487515e-01 -1.722525e+01 3.315547e-03 9.974062e-01 7.190214e-02 4.803143e-01 -2.496271e-01 -6.880071e-02 9.658948e-01 3.462901e+00
9.603622e-01 -3.088349e-02 -2.770393e-01 -1.706946e+01 1.566468e-02 9.982524e-01 -5.698019e-02 4.758279e-01 2.783149e-01 5.038188e-02 9.591676e-01 3.353137e+00
9.776356e-01 -1.467577e-02 2.097932e-01 -1.705691e+01 -8.224416e-03 9.941311e-01 1.078687e-01 4.736440e-01 -2.101450e-01 -1.071817e-01 9.717773e-01 3.305382e+00
9.771216e-01 -2.022447e-02 -2.117175e-01 -1.732934e+01 -2.199699e-03 9.944541e-01 -1.051481e-01 4.820842e-01 2.126699e-01 1.032082e-01 9.716582e-01 3.215930e+00
9.785969e-01 -1.625359e-02 2.051436e-01 -1.758421e+01 -8.122993e-03 9.930481e-01 1.174286e-01 4.900908e-01 -2.056261e-01 -1.165817e-01 9.716618e-01 3.112940e+00
9.755348e-01 -1.613207e-02 -2.192522e-01 -1.787302e+01 -8.344072e-03 9.938686e-01 -1.102524e-01 4.987666e-01 2.196864e-01 1.093846e-01 9.694188e-01 3.082516e+00
9.582835e-01 -3.423120e-02 2.837620e-01 -1.812591e+01 2.155000e-03 9.936394e-01 1.125886e-01 5.059398e-01 -2.858112e-01 -1.072803e-01 9.522620e-01 2.998540e+00
9.800652e-01 -2.923934e-02 -1.965127e-01 -1.837891e+01 3.848638e-03 9.917196e-01 -1.283647e-01 5.141746e-01 1.986388e-01 1.250495e-01 9.720624e-01 2.733867e+00
9.588964e-01 -1.756968e-02 2.832121e-01 -1.861595e+01 -1.971638e-02 9.915435e-01 1.282681e-01 5.229045e-01 -2.830708e-01 -1.285797e-01 9.504411e-01 2.423756e+00
9.839851e-01 -5.272293e-02 -1.702749e-01 -1.884644e+01 2.720015e-02 9.884806e-01 -1.488831e-01 5.298653e-01 1.761630e-01 1.418672e-01 9.740843e-01 2.189064e+00
9.585153e-01 -8.616514e-03 2.849109e-01 -1.903761e+01 -3.022158e-02 9.908369e-01 1.316391e-01 5.358729e-01 -2.834345e-01 -1.347885e-01 9.494719e-01 1.928597e+00
9.839300e-01 -6.694818e-02 -1.655286e-01 -1.920215e+01 4.292276e-02 9.885473e-01 -1.446786e-01 5.413535e-01 1.733188e-01 1.352487e-01 9.755349e-01 1.553179e+00
9.738453e-01 1.858697e-02 2.264506e-01 -1.935534e+01 -4.578892e-02 9.922550e-01 1.154702e-01 5.480019e-01 -2.225505e-01 -1.228191e-01 9.671539e-01 1.116700e+00
9.819474e-01 -6.814315e-02 -1.764537e-01 -1.950081e+01 4.843394e-02 9.923349e-01 -1.136912e-01 5.523212e-01 1.828484e-01 1.030925e-01 9.777210e-01 8.755468e-01
9.534498e-01 1.610923e-03 3.015475e-01 -1.960872e+01 -3.468935e-02 9.939331e-01 1.043730e-01 5.537295e-01 -2.995499e-01 -1.099749e-01 9.477212e-01 7.470366e-01
9.827463e-01 -8.520525e-02 -1.641637e-01 -1.967237e+01 6.806889e-02 9.918905e-01 -1.073308e-01 5.544838e-01 1.719776e-01 9.430452e-02 9.805765e-01 4.877676e-01
9.657387e-01 3.397939e-02 2.572822e-01 -1.976625e+01 -5.580394e-02 9.953900e-01 7.800491e-02 5.577157e-01 -2.534456e-01 -8.968973e-02 9.631828e-01 1.375538e-01
9.781244e-01 -8.678240e-02 -1.890540e-01 -1.984193e+01 7.186606e-02 9.938381e-01 -8.438706e-02 5.598630e-01 1.952123e-01 6.895448e-02 9.783340e-01 -1.757434e-01
9.522350e-01 3.715155e-02 3.030978e-01 -1.993442e+01 -5.469718e-02 9.972702e-01 4.960260e-02 5.627137e-01 -3.004275e-01 -6.381192e-02 9.516677e-01 -4.843014e-01
9.697054e-01 -8.695342e-02 -2.282773e-01 -1.988641e+01 7.798113e-02 9.957961e-01 -4.805187e-02 5.602752e-01 2.314959e-01 2.879484e-02 9.724096e-01 -6.499695e-01
9.576757e-01 5.921444e-02 2.816930e-01 -1.978875e+01 -6.816965e-02 9.974292e-01 2.208863e-02 5.580839e-01 -2.796608e-01 -4.035665e-02 9.592503e-01 -1.050344e+00
9.664271e-01 -8.682065e-02 -2.418280e-01 -1.987069e+01 7.729778e-02 9.958223e-01 -4.861004e-02 5.620383e-01 2.450381e-01 2.828530e-02 9.691008e-01 -1.520238e+00
9.464009e-01 5.452678e-02 3.183586e-01 -1.999380e+01 -5.681464e-02 9.983825e-01 -2.101910e-03 5.675648e-01 -3.179583e-01 -1.609818e-02 9.479680e-01 -2.013687e+00
9.719481e-01 -9.319344e-02 -2.159441e-01 -2.016252e+01 8.994125e-02 9.956367e-01 -2.486101e-02 5.743332e-01 2.173187e-01 4.741336e-03 9.760892e-01 -2.421514e+00
9.490314e-01 5.538257e-02 3.102775e-01 -2.023319e+01 -5.078143e-02 9.984474e-01 -2.289375e-02 5.776651e-01 -3.110637e-01 5.970557e-03 9.503703e-01 -2.902693e+00
9.497756e-01 -6.814836e-02 -3.054212e-01 -2.025462e+01 6.314529e-02 9.976593e-01 -2.624242e-02 5.818544e-01 3.064947e-01 5.638497e-03 9.518557e-01 -3.557394e+00
8.870833e-01 2.393624e-02 4.609883e-01 -2.028821e+01 -1.733662e-02 9.996777e-01 -1.854602e-02 5.831189e-01 -4.612837e-01 8.459886e-03 8.872124e-01 -3.920767e+00
9.651440e-01 -7.677911e-02 -2.502040e-01 -2.042289e+01 8.273665e-02 9.964818e-01 1.336430e-02 5.854127e-01 2.482976e-01 -3.359951e-02 9.681009e-01 -4.114558e+00
9.200906e-01 4.764729e-02 3.887969e-01 -2.065824e+01 -2.984886e-02 9.982168e-01 -5.169451e-02 5.926095e-01 -3.905667e-01 3.595849e-02 9.198721e-01 -4.349971e+00
9.409069e-01 -6.912808e-02 -3.315352e-01 -2.070919e+01 8.066442e-02 9.965170e-01 2.114524e-02 5.953240e-01 3.289187e-01 -4.663880e-02 9.432059e-01 -4.714609e+00
9.023157e-01 4.517620e-02 4.287021e-01 -2.072985e+01 -2.928713e-02 9.986201e-01 -4.359116e-02 5.952932e-01 -4.300798e-01 2.677753e-02 9.023937e-01 -4.997419e+00
9.600792e-01 -8.875464e-02 -2.652746e-01 -2.082449e+01 9.661683e-02 9.951814e-01 1.671040e-02 5.973671e-01 2.625132e-01 -4.167330e-02 9.640281e-01 -5.258983e+00
9.438543e-01 7.961830e-02 3.206243e-01 -2.093901e+01 -7.307641e-02 9.967997e-01 -3.240557e-02 6.009675e-01 -3.221783e-01 7.156070e-03 9.466520e-01 -5.561916e+00
9.732238e-01 -1.112737e-01 -2.011307e-01 -2.113026e+01 1.144664e-01 9.934179e-01 4.276546e-03 6.070541e-01 1.993310e-01 -2.718475e-02 9.795551e-01 -5.818389e+00
9.581283e-01 7.532761e-02 2.762534e-01 -2.112235e+01 -6.252470e-02 9.965336e-01 -5.487647e-02 6.075271e-01 -2.794296e-01 3.530603e-02 9.595169e-01 -6.149649e+00
9.772259e-01 -9.890961e-02 -1.877402e-01 -2.112143e+01 1.101198e-01 9.926485e-01 5.022602e-02 6.067227e-01 1.813922e-01 -6.975608e-02 9.809337e-01 -6.419991e+00
9.403080e-01 6.107203e-02 3.348000e-01 -2.119576e+01 -3.255190e-02 9.953961e-01 -9.014951e-02 6.081531e-01 -3.387642e-01 7.386993e-02 9.379670e-01 -6.676712e+00
9.685275e-01 -6.685114e-02 -2.397610e-01 -2.130260e+01 9.098874e-02 9.916809e-01 9.104941e-02 6.104441e-01 2.316796e-01 -1.099994e-01 9.665530e-01 -6.883702e+00
8.750466e-01 1.956347e-02 4.836431e-01 -2.141467e+01 4.767438e-02 9.908412e-01 -1.263361e-01 6.105619e-01 -4.816851e-01 1.336074e-01 8.660996e-01 -6.911914e+00
9.766521e-01 -3.657220e-02 -2.116911e-01 -2.142216e+01 6.723578e-02 9.879340e-01 1.395195e-01 6.073927e-01 2.040343e-01 -1.504953e-01 9.673268e-01 -6.982272e+00
8.464438e-01 -6.944178e-03 5.324327e-01 -2.129374e+01 1.046444e-01 9.825851e-01 -1.535449e-01 6.008999e-01 -5.220942e-01 1.856832e-01 8.324298e-01 -7.078252e+00
9.583923e-01 2.987270e-02 -2.838871e-01 -2.108108e+01 2.167187e-02 9.840244e-01 1.767098e-01 5.952564e-01 2.846306e-01 -1.755096e-01 9.424340e-01 -7.303802e+00
9.348540e-01 -1.855434e-02 3.545473e-01 -2.100304e+01 8.053330e-02 9.836849e-01 -1.608678e-01 5.922602e-01 -3.457781e-01 1.789408e-01 9.210959e-01 -7.521219e+00
9.880567e-01 -4.048296e-02 1.486776e-01 -2.096159e+01 2.079763e-02 9.910788e-01 1.316444e-01 5.891705e-01 -1.526806e-01 -1.269800e-01 9.800840e-01 -7.745777e+00
9.461154e-01 -8.807735e-02 3.116217e-01 -2.083677e+01 1.358249e-01 9.814967e-01 -1.349662e-01 5.836274e-01 -2.939682e-01 1.700196e-01 9.405722e-01 -7.915553e+00
9.918168e-01 7.653548e-02 -1.021845e-01 -2.092987e+01 -5.950012e-02 9.852521e-01 1.604305e-01 5.842288e-01 1.129562e-01 -1.530377e-01 9.817435e-01 -8.048217e+00
9.904903e-01 -6.747941e-02 1.198981e-01 -2.117713e+01 8.397484e-02 9.868187e-01 -1.383368e-01 5.918475e-01 -1.089828e-01 1.470897e-01 9.831009e-01 -8.153567e+00
9.991117e-01 3.659746e-02 2.088909e-02 -2.138101e+01 -3.903458e-02 9.905351e-01 1.315921e-01 5.966495e-01 -1.587544e-02 -1.322906e-01 9.910838e-01 -8.219923e+00
9.819515e-01 -1.150118e-01 1.501450e-01 -2.129860e+01 1.343921e-01 9.828803e-01 -1.260362e-01 5.922758e-01 -1.330789e-01 1.439398e-01 9.805974e-01 -8.302045e+00
9.883481e-01 1.050314e-01 -1.101659e-01 -2.104040e+01 -8.434720e-02 9.804091e-01 1.779989e-01 5.849708e-01 1.267031e-01 -1.666327e-01 9.778445e-01 -8.393825e+00
9.829510e-01 -1.139628e-01 1.442908e-01 -2.110994e+01 1.330584e-01 9.824855e-01 -1.304521e-01 5.836952e-01 -1.268969e-01 1.474272e-01 9.808988e-01 -8.372961e+00
9.801673e-01 1.257999e-01 -1.531220e-01 -2.126221e+01 -9.806175e-02 9.793361e-01 1.768750e-01 5.864164e-01 1.722088e-01 -1.583517e-01 9.722494e-01 -8.366253e+00
9.194742e-01 -1.644499e-01 3.571043e-01 -2.124657e+01 2.227751e-01 9.663521e-01 -1.285884e-01 5.821532e-01 -3.239421e-01 1.977876e-01 9.251711e-01 -8.355982e+00
9.775911e-01 1.518040e-01 -1.458466e-01 -2.104373e+01 -1.245681e-01 9.756482e-01 1.805365e-01 5.737901e-01 1.697012e-01 -1.583230e-01 9.726949e-01 -8.381239e+00
8.419571e-01 -1.996085e-01 5.012632e-01 -2.069456e+01 2.700103e-01 9.602245e-01 -7.115653e-02 5.621403e-01 -4.671217e-01 1.952570e-01 8.623642e-01 -8.384917e+00
9.813429e-01 1.825627e-01 -6.030800e-02 -2.027560e+01 -1.751010e-01 9.781779e-01 1.118374e-01 5.505051e-01 7.940931e-02 -9.919088e-02 9.918948e-01 -8.434293e+00
8.821494e-01 -2.418392e-01 4.041364e-01 -1.980399e+01 2.633985e-01 9.646843e-01 2.329871e-03 5.382981e-01 -3.904275e-01 1.043937e-01 9.146957e-01 -8.496556e+00
9.832346e-01 1.822665e-01 -5.352665e-03 -1.938093e+01 -1.821119e-01 9.830381e-01 2.170942e-02 5.267407e-01 9.218773e-03 -2.037067e-02 9.997500e-01 -8.556001e+00
9.125009e-01 -2.567569e-01 3.184621e-01 -1.906373e+01 2.531155e-01 9.659540e-01 5.352993e-02 5.174013e-01 -3.213639e-01 3.176157e-02 9.464230e-01 -8.646217e+00
9.847270e-01 1.600599e-01 6.850919e-02 -1.875198e+01 -1.556367e-01 9.856282e-01 -6.568275e-02 5.082505e-01 -7.803777e-02 5.401704e-02 9.954859e-01 -8.746971e+00
9.055513e-01 -2.505914e-01 3.423168e-01 -1.845258e+01 2.196365e-01 9.672711e-01 1.270685e-01 4.984929e-01 -3.629554e-01 -3.988180e-02 9.309526e-01 -8.803255e+00
9.887427e-01 1.074273e-01 1.041502e-01 -1.828392e+01 -9.124626e-02 9.845712e-01 -1.493107e-01 4.913202e-01 -1.185834e-01 1.381266e-01 9.832899e-01 -8.895492e+00
9.024228e-01 -1.968130e-01 3.832725e-01 -1.817428e+01 1.362806e-01 9.742861e-01 1.794272e-01 4.842959e-01 -4.087307e-01 -1.096866e-01 9.060398e-01 -8.950427e+00
9.833454e-01 -6.949951e-04 1.817454e-01 -1.811630e+01 3.647600e-02 9.804009e-01 -1.936067e-01 4.752632e-01 -1.780488e-01 1.970116e-01 9.640980e-01 -8.884309e+00
9.416951e-01 -7.820272e-02 3.272532e-01 -1.810982e+01 1.878623e-02 9.833180e-01 1.809218e-01 4.679876e-01 -3.359426e-01 -1.642253e-01 9.274549e-01 -8.820292e+00
9.885397e-01 -9.119772e-02 1.203003e-01 -1.817733e+01 1.113075e-01 9.786583e-01 -1.727384e-01 4.630651e-01 -1.019795e-01 1.841491e-01 9.775936e-01 -8.745421e+00
9.898691e-01 4.243723e-02 1.354930e-01 -1.832181e+01 -6.641404e-02 9.818446e-01 1.776803e-01 4.627548e-01 -1.254928e-01 -1.848789e-01 9.747160e-01 -8.694567e+00
9.922572e-01 -9.016448e-02 -8.541676e-02 -1.851171e+01 7.596594e-02 9.846817e-01 -1.569430e-01 4.643563e-01 9.825900e-02 1.492391e-01 9.839069e-01 -8.580294e+00
9.962677e-01 6.062511e-02 6.144350e-02 -1.869431e+01 -7.131698e-02 9.791395e-01 1.902621e-01 4.662493e-01 -4.862710e-02 -1.939339e-01 9.798087e-01 -8.462039e+00
9.767889e-01 -4.080579e-02 -2.102816e-01 -1.891869e+01 1.171314e-02 9.903936e-01 -1.377797e-01 4.695797e-01 2.138838e-01 1.321186e-01 9.678835e-01 -8.285035e+00
9.996059e-01 2.775482e-02 4.218665e-03 -1.919509e+01 -2.805845e-02 9.827842e-01 1.826139e-01 4.765908e-01 9.223798e-04 -1.826603e-01 9.831756e-01 -8.113819e+00
9.787006e-01 7.728609e-03 -2.051474e-01 -1.940601e+01 -3.479789e-02 9.910763e-01 -1.286737e-01 4.801165e-01 2.023223e-01 1.330717e-01 9.702359e-01 -7.945515e+00
9.979241e-01 -3.737917e-03 -6.429297e-02 -1.960186e+01 1.694680e-02 9.783718e-01 2.061585e-01 4.825239e-01 6.213183e-02 -2.068201e-01 9.764042e-01 -7.723532e+00
9.726517e-01 6.132230e-02 -2.240274e-01 -1.988841e+01 -9.159378e-02 9.876221e-01 -1.273307e-01 4.908640e-01 2.134462e-01 1.443680e-01 9.662291e-01 -7.567014e+00
9.939393e-01 -4.626973e-02 -9.971893e-02 -2.024163e+01 6.343430e-02 9.822529e-01 1.765087e-01 5.026968e-01 8.978220e-02 -1.817646e-01 9.792348e-01 -7.429389e+00
9.733598e-01 1.124838e-01 -1.997950e-01 -2.054009e+01 -1.348825e-01 9.855721e-01 -1.022463e-01 5.110798e-01 1.854113e-01 1.264713e-01 9.744884e-01 -7.255762e+00
9.855312e-01 -9.358904e-02 -1.413132e-01 -2.082568e+01 1.139725e-01 9.830189e-01 1.438196e-01 5.187032e-01 1.254537e-01 -1.578445e-01 9.794624e-01 -7.033029e+00
9.917260e-01 1.178226e-01 -5.096506e-02 -2.103313e+01 -1.228007e-01 9.864098e-01 -1.091588e-01 5.233761e-01 3.741107e-02 1.145141e-01 9.927169e-01 -6.896156e+00
9.871878e-01 -1.113733e-01 -1.142636e-01 -2.115633e+01 1.286692e-01 9.791364e-01 1.572772e-01 5.237449e-01 9.436321e-02 -1.699643e-01 9.809219e-01 -6.787744e+00
9.889798e-01 1.069556e-01 1.023695e-01 -2.130466e+01 -9.199089e-02 9.857049e-01 -1.411505e-01 5.245876e-01 -1.160029e-01 1.301779e-01 9.846812e-01 -6.703535e+00
9.583208e-01 -5.704242e-02 -2.799420e-01 -2.144744e+01 1.110838e-01 9.771599e-01 1.811601e-01 5.248747e-01 2.632142e-01 -2.047065e-01 9.427691e-01 -6.568991e+00
9.914291e-01 1.281177e-01 2.557700e-02 -2.165867e+01 -1.241453e-01 9.848536e-01 -1.210427e-01 5.299273e-01 -4.069730e-02 1.168299e-01 9.923177e-01 -6.426009e+00
9.657818e-01 -1.038969e-01 -2.376363e-01 -2.182353e+01 1.411261e-01 9.792540e-01 1.454136e-01 5.331178e-01 2.175983e-01 -1.739745e-01 9.604082e-01 -6.334474e+00
9.820327e-01 1.253189e-01 1.410920e-01 -2.194343e+01 -1.076184e-01 9.860744e-01 -1.267894e-01 5.341116e-01 -1.550163e-01 1.093272e-01 9.818439e-01 -6.281337e+00
9.812432e-01 -1.229542e-01 -1.484725e-01 -2.200867e+01 1.450132e-01 9.782592e-01 1.482570e-01 5.317989e-01 1.270158e-01 -1.670067e-01 9.777401e-01 -6.214733e+00
9.801550e-01 1.125526e-01 1.631813e-01 -2.206604e+01 -9.347283e-02 9.883339e-01 -1.202449e-01 5.285276e-01 -1.748115e-01 1.026057e-01 9.792410e-01 -6.140116e+00
9.769905e-01 -9.825382e-02 -1.893032e-01 -2.217019e+01 1.264066e-01 9.816338e-01 1.428862e-01 5.271619e-01 1.717873e-01 -1.635277e-01 9.714669e-01 -6.042955e+00
9.824353e-01 9.847155e-02 1.585061e-01 -2.209347e+01 -7.681434e-02 9.875327e-01 -1.374001e-01 5.215870e-01 -1.700600e-01 1.228112e-01 9.777510e-01 -6.050710e+00
9.808494e-01 -1.079151e-01 -1.621385e-01 -2.177293e+01 1.342628e-01 9.776992e-01 1.614859e-01 5.124652e-01 1.410959e-01 -1.801625e-01 9.734646e-01 -6.142690e+00
8.821844e-01 5.247850e-02 4.679708e-01 -2.163224e+01 3.852195e-02 9.823979e-01 -1.827854e-01 5.031868e-01 -4.693259e-01 1.792776e-01 8.646345e-01 -6.102346e+00
9.768568e-01 -2.876828e-02 -2.119507e-01 -2.159796e+01 7.380150e-02 9.753936e-01 2.077517e-01 4.966093e-01 2.007587e-01 -2.185859e-01 9.549430e-01 -6.064441e+00
9.614681e-01 3.383786e-02 2.728262e-01 -2.170432e+01 1.727986e-02 9.829956e-01 -1.828142e-01 4.954206e-01 -2.743730e-01 1.804844e-01 9.445342e-01 -6.009749e+00
9.906435e-01 -1.932138e-02 -1.351005e-01 -2.177161e+01 4.815782e-02 9.757381e-01 2.135789e-01 4.916860e-01 1.276961e-01 -2.180867e-01 9.675391e-01 -5.932434e+00
9.384218e-01 -9.430481e-03 3.453630e-01 -2.183650e+01 8.205220e-02 9.771105e-01 -1.962716e-01 4.862798e-01 -3.356069e-01 2.125233e-01 9.177156e-01 -5.813055e+00
9.909311e-01 4.365497e-02 -1.270819e-01 -2.186354e+01 -1.299006e-02 9.724469e-01 2.327624e-01 4.783645e-01 1.337416e-01 -2.290007e-01 9.641949e-01 -5.650217e+00
8.998334e-01 -9.166701e-02 4.264938e-01 -2.166926e+01 1.841267e-01 9.661258e-01 -1.808266e-01 4.670624e-01 -3.954709e-01 2.412427e-01 8.862306e-01 -5.550926e+00
8.831905e-01 2.468745e-01 -3.987826e-01 -2.124099e+01 -8.382187e-02 9.196511e-01 3.836871e-01 4.452117e-01 4.614634e-01 -3.054420e-01 8.329206e-01 -5.157865e+00
9.319706e-01 -8.599205e-02 3.521876e-01 -2.093348e+01 1.701904e-01 9.615387e-01 -2.155890e-01 4.262076e-01 -3.201031e-01 2.608615e-01 9.107608e-01 -4.779339e+00
9.600243e-01 1.704690e-01 -2.220219e-01 -2.063147e+01 -9.758715e-02 9.472354e-01 3.053224e-01 4.135198e-01 2.623550e-01 -2.714504e-01 9.260046e-01 -4.679614e+00
9.431865e-01 -1.369375e-01 3.027331e-01 -2.041413e+01 2.056575e-01 9.562190e-01 -2.082070e-01 4.029162e-01 -2.609678e-01 2.586374e-01 9.300551e-01 -4.617862e+00
9.591929e-01 1.988330e-01 -2.010335e-01 -2.036608e+01 -1.329485e-01 9.446412e-01 2.999630e-01 3.939690e-01 2.495470e-01 -2.609952e-01 9.325276e-01 -4.467922e+00
9.410085e-01 -1.654302e-01 2.951877e-01 -2.037437e+01 2.318667e-01 9.505947e-01 -2.064160e-01 3.870302e-01 -2.464564e-01 2.626834e-01 9.328755e-01 -4.335694e+00
9.671875e-01 1.975326e-01 -1.597784e-01 -2.023000e+01 -1.500679e-01 9.516340e-01 2.680902e-01 3.785944e-01 2.050071e-01 -2.353159e-01 9.500518e-01 -4.305388e+00
9.847037e-01 -1.589865e-01 7.128824e-02 -2.013738e+01 1.703241e-01 9.645592e-01 -2.015321e-01 3.715719e-01 -3.672085e-02 2.105915e-01 9.768842e-01 -4.271143e+00
8.326756e-01 3.617244e-01 -4.192933e-01 -2.031552e+01 -1.566513e-01 8.801117e-01 4.481782e-01 3.582775e-01 5.311420e-01 -3.075042e-01 7.895121e-01 -3.283941e+00
9.862714e-01 -9.973830e-02 1.316092e-01 -2.047200e+01 1.372849e-01 9.381535e-01 -3.178377e-01 3.530387e-01 -9.176906e-02 3.315422e-01 9.389666e-01 -2.483664e+00
9.762831e-01 1.355192e-01 -1.688365e-01 -2.029233e+01 -5.915227e-02 9.171520e-01 3.941232e-01 3.446296e-01 2.082600e-01 -3.747888e-01 9.034164e-01 -2.446787e+00
9.976595e-01 -4.334694e-02 5.288162e-02 -2.018048e+01 5.756061e-02 9.498586e-01 -3.073360e-01 3.354842e-01 -3.690798e-02 3.096606e-01 9.501306e-01 -2.271955e+00
9.546884e-01 8.503503e-02 -2.852001e-01 -2.006445e+01 3.102188e-02 9.246558e-01 3.795382e-01 3.295553e-01 2.959860e-01 -3.711882e-01 8.801202e-01 -2.191173e+00
9.892660e-01 4.521697e-02 1.389541e-01 -2.003464e+01 -1.003664e-03 9.529997e-01 -3.029696e-01 3.234050e-01 -1.461226e-01 2.995780e-01 9.428156e-01 -2.061673e+00
9.199817e-01 5.322909e-02 -3.883301e-01 -2.011760e+01 9.869525e-02 9.273557e-01 3.609303e-01 3.210453e-01 3.793322e-01 -3.703756e-01 8.478968e-01 -1.857254e+00
9.865249e-01 1.277222e-01 1.022528e-01 -2.022736e+01 -9.440935e-02 9.548185e-01 -2.817952e-01 3.199134e-01 -1.336244e-01 2.683443e-01 9.540104e-01 -1.659304e+00
8.431802e-01 5.302510e-03 -5.376049e-01 -2.041251e+01 1.833394e-01 9.371769e-01 2.967932e-01 3.231131e-01 5.054047e-01 -3.488143e-01 7.892368e-01 -1.411181e+00
9.631156e-01 2.463731e-01 1.082061e-01 -2.080957e+01 -2.196188e-01 9.520589e-01 -2.129586e-01 3.335099e-01 -1.554859e-01 1.813397e-01 9.710510e-01 -1.086843e+00
7.797130e-01 -1.497413e-01 -6.079681e-01 -2.128095e+01 2.548810e-01 9.627986e-01 8.974705e-02 3.500356e-01 5.719120e-01 -2.249365e-01 7.888728e-01 -7.569711e-01
9.429436e-01 3.274894e-01 6.006732e-02 -2.169674e+01 -3.273596e-01 9.448202e-01 -1.227028e-02 3.664955e-01 -6.077120e-02 -8.093426e-03 9.981189e-01 -5.520879e-01
7.535279e-01 -1.574107e-01 -6.382927e-01 -2.213062e+01 1.717672e-01 9.843264e-01 -3.996939e-02 3.780115e-01 6.345800e-01 -7.951968e-02 7.687554e-01 -1.187712e-01
9.662140e-01 2.364019e-01 1.026871e-01 -2.254808e+01 -2.472844e-01 9.625954e-01 1.107274e-01 3.922112e-01 -7.266997e-02 -1.323793e-01 9.885316e-01 2.213037e-01
8.122108e-01 -1.386546e-01 -5.666467e-01 -2.288216e+01 7.357339e-02 9.879341e-01 -1.362833e-01 4.012482e-01 5.787059e-01 6.900062e-02 8.126121e-01 5.629013e-01
9.332099e-01 9.091166e-02 3.476410e-01 -2.297442e+01 -1.639134e-01 9.686463e-01 1.866995e-01 3.944635e-01 -3.197680e-01 -2.312129e-01 9.188520e-01 9.797053e-01
7.729011e-01 -1.278765e-02 -6.343976e-01 -2.309498e+01 -5.568702e-02 9.945722e-01 -8.789253e-02 3.877326e-01 6.320781e-01 1.032599e-01 7.679939e-01 1.506883e+00
9.938754e-01 -2.448757e-03 1.104795e-01 -2.341506e+01 -2.161067e-02 9.761440e-01 2.160460e-01 3.965730e-01 -1.083729e-01 -2.171104e-01 9.701126e-01 1.850575e+00
8.407092e-01 1.042465e-01 -5.313574e-01 -2.364907e+01 -1.719532e-01 9.818980e-01 -7.942526e-02 3.966129e-01 5.134590e-01 1.581422e-01 8.434162e-01 2.329922e+00
9.913303e-01 -1.211910e-01 5.076468e-02 -2.389408e+01 1.086779e-01 9.734203e-01 2.015988e-01 4.005465e-01 -7.384733e-02 -1.943340e-01 9.781518e-01 2.690477e+00
8.213674e-01 2.389284e-01 -5.179467e-01 -2.411952e+01 -2.669143e-01 9.634875e-01 2.117934e-02 4.030210e-01 5.040956e-01 1.208514e-01 8.551506e-01 3.082862e+00
9.808059e-01 -1.863063e-01 -5.753101e-02 -2.436083e+01 1.920206e-01 9.741543e-01 1.189599e-01 4.059041e-01 3.388110e-02 -1.277237e-01 9.912309e-01 3.551832e+00
8.462837e-01 3.266098e-01 -4.208680e-01 -2.464115e+01 -3.004387e-01 9.450050e-01 1.292365e-01 4.087625e-01 4.399323e-01 1.707429e-02 8.978686e-01 4.037159e+00
9.652231e-01 -1.821417e-01 -1.875336e-01 -2.500107e+01 1.821560e-01 9.831173e-01 -1.730637e-02 4.133221e-01 1.875198e-01 -1.745586e-02 9.821057e-01 4.660317e+00
8.467540e-01 3.199498e-01 -4.250173e-01 -2.537124e+01 -2.425545e-01 9.432468e-01 2.268323e-01 4.205847e-01 4.734712e-01 -8.898124e-02 8.763033e-01 5.233707e+00
9.791095e-01 -1.336611e-01 -1.532294e-01 -2.566371e+01 1.188076e-01 9.876288e-01 -1.023427e-01 4.250443e-01 1.650130e-01 8.199992e-02 9.828768e-01 5.757472e+00
8.920165e-01 2.527670e-01 -3.747205e-01 -2.591958e+01 -1.490916e-01 9.471630e-01 2.839964e-01 4.275756e-01 4.267063e-01 -1.974618e-01 8.825704e-01 6.258109e+00
9.962137e-01 -5.709594e-02 -6.556104e-02 -2.608957e+01 4.557509e-02 9.851661e-01 -1.654405e-01 4.245768e-01 7.403450e-02 1.618262e-01 9.840382e-01 6.803504e+00
9.391503e-01 1.636482e-01 -3.020198e-01 -2.620100e+01 -5.982419e-02 9.437102e-01 3.253184e-01 4.157530e-01 3.382570e-01 -2.874548e-01 8.960759e-01 7.437156e+00
9.983835e-01 1.308962e-02 -5.530891e-02 -2.628539e+01 -2.132194e-02 9.883058e-01 -1.509869e-01 4.060006e-01 5.268575e-02 1.519221e-01 9.869873e-01 8.078526e+00
9.049578e-01 1.066988e-01 -4.119063e-01 -2.642668e+01 -3.123513e-03 9.696890e-01 2.443227e-01 4.003526e-01 4.254899e-01 -2.198151e-01 8.778608e-01 8.681042e+00
9.976746e-01 3.311849e-02 5.956968e-02 -2.652365e+01 -2.626018e-02 9.933117e-01 -1.124375e-01 3.974342e-01 -6.289502e-02 1.106118e-01 9.918716e-01 9.006681e+00
9.805357e-01 5.005653e-04 -1.963404e-01 -2.645848e+01 3.035192e-02 9.875894e-01 1.540971e-01 3.844954e-01 1.939809e-01 -1.570570e-01 9.683514e-01 9.346659e+00
9.919665e-01 5.649722e-03 -1.263747e-01 -2.572431e+01 -2.180734e-02 9.916834e-01 -1.268403e-01 3.751494e-01 1.246071e-01 1.285773e-01 9.838399e-01 9.027145e+00
9.993776e-01 -2.077997e-02 2.850522e-02 -2.539022e+01 1.531664e-02 9.835471e-01 1.800013e-01 3.619498e-01 -3.177665e-02 -1.794527e-01 9.832533e-01 9.089008e+00
9.953349e-01 3.632492e-02 -8.938101e-02 -2.498983e+01 -4.017845e-02 9.983221e-01 -4.169839e-02 3.346727e-01 8.771634e-02 4.509505e-02 9.951243e-01 9.604620e+00
9.903008e-01 1.107184e-01 -8.393843e-02 -2.490157e+01 -7.771709e-02 9.422029e-01 3.259046e-01 2.971910e-01 1.151707e-01 -3.162202e-01 9.416690e-01 1.112010e+01
9.717531e-01 1.454323e-01 -1.858638e-01 -2.494353e+01 -1.452238e-01 9.892880e-01 1.481022e-02 2.494816e-01 1.860267e-01 1.259998e-02 9.824639e-01 1.352195e+01
9.480719e-01 4.148963e-02 -3.153384e-01 -2.511255e+01 3.870686e-02 9.690350e-01 2.438707e-01 2.244964e-01 3.156920e-01 -2.434127e-01 9.171089e-01 1.523749e+01
9.686557e-01 1.605841e-01 -1.895227e-01 -2.555933e+01 -1.794071e-01 9.799530e-01 -8.663240e-02 2.223971e-01 1.718115e-01 1.179187e-01 9.780470e-01 1.635082e+01
9.751441e-01 -8.032054e-02 -2.065010e-01 -2.590234e+01 1.162787e-01 9.788426e-01 1.683641e-01 2.150593e-01 1.886089e-01 -1.881909e-01 9.638521e-01 1.745893e+01
9.177175e-01 2.567040e-01 -3.031462e-01 -2.638780e+01 -2.684039e-01 9.633012e-01 3.180887e-03 2.125438e-01 2.928376e-01 7.844646e-02 9.529388e-01 1.869046e+01
9.608775e-01 -1.205534e-01 -2.493617e-01 -2.686063e+01 1.370998e-01 9.892934e-01 5.002147e-02 2.080547e-01 2.406616e-01 -8.225194e-02 9.671177e-01 1.996620e+01
9.593228e-01 2.407016e-01 -1.475211e-01 -2.720029e+01 -2.291138e-01 9.691067e-01 9.131869e-02 2.020985e-01 1.649443e-01 -5.380497e-02 9.848342e-01 2.101480e+01
9.098200e-01 -7.609869e-02 -4.079665e-01 -2.763552e+01 6.174845e-02 9.969248e-01 -4.825078e-02 2.028238e-01 4.103837e-01 1.870822e-02 9.117210e-01 2.198445e+01
9.886403e-01 1.483929e-01 -2.387298e-02 -2.792970e+01 -1.437023e-01 9.797832e-01 1.391920e-01 2.031940e-01 4.404545e-02 -1.341803e-01 9.899776e-01 2.265627e+01
9.555196e-01 -6.773751e-02 -2.870433e-01 -2.802130e+01 5.005611e-02 9.963943e-01 -6.850418e-02 1.993780e-01 2.906486e-01 5.108881e-02 9.554650e-01 2.299005e+01
9.870452e-01 1.384759e-01 -8.103161e-02 -2.819530e+01 -1.160896e-01 9.650244e-01 2.350554e-01 1.938310e-01 1.107470e-01 -2.226034e-01 9.685984e-01 2.354957e+01
9.614781e-01 -3.676190e-02 -2.724124e-01 -2.831255e+01 -4.755365e-03 9.886440e-01 -1.502010e-01 1.926797e-01 2.748405e-01 1.457104e-01 9.503847e-01 2.382414e+01
9.857352e-01 9.438082e-02 -1.393502e-01 -2.850519e+01 -4.568666e-02 9.469317e-01 3.181714e-01 1.875896e-01 1.619844e-01 -3.072663e-01 9.377358e-01 2.444487e+01
9.568013e-01 5.762755e-02 -2.849742e-01 -2.876694e+01 -1.251327e-01 9.663563e-01 -2.247162e-01 1.862834e-01 2.624368e-01 2.506684e-01 9.318220e-01 2.511462e+01
9.955365e-01 -9.400128e-02 8.413868e-03 -2.896299e+01 8.819181e-02 9.583303e-01 2.717079e-01 1.876596e-01 -3.360415e-02 -2.697531e-01 9.623430e-01 2.544820e+01
9.938554e-01 5.178946e-02 -9.782296e-02 -2.898478e+01 -7.366838e-02 9.691057e-01 -2.353870e-01 1.844698e-01 8.261023e-02 2.411471e-01 9.669662e-01 2.555554e+01
9.908181e-01 -1.320815e-01 2.887862e-02 -2.892308e+01 1.209228e-01 9.612646e-01 2.476856e-01 1.802076e-01 -6.047469e-02 -2.419193e-01 9.684100e-01 2.554954e+01
9.789163e-01 1.071148e-01 -1.739234e-01 -2.882241e+01 -1.412631e-01 9.700367e-01 -1.976702e-01 1.763744e-01 1.475387e-01 2.180716e-01 9.647161e-01 2.544816e+01
9.826960e-01 -1.813976e-01 3.746364e-02 -2.835980e+01 1.678305e-01 9.575786e-01 2.342566e-01 1.687542e-01 -7.836798e-02 -2.239155e-01 9.714527e-01 2.526696e+01
9.790287e-01 1.483706e-01 -1.396026e-01 -2.778549e+01 -1.710562e-01 9.708739e-01 -1.677604e-01 1.595545e-01 1.106458e-01 1.881222e-01 9.758932e-01 2.504812e+01
9.727486e-01 -2.021928e-01 1.134826e-01 -2.762639e+01 1.752014e-01 9.615615e-01 2.114330e-01 1.533707e-01 -1.518707e-01 -1.857888e-01 9.707821e-01 2.492643e+01
9.415381e-01 1.977701e-01 -2.727508e-01 -2.769675e+01 -2.372441e-01 9.640141e-01 -1.199672e-01 1.537629e-01 2.392097e-01 1.776622e-01 9.545757e-01 2.486196e+01
9.776280e-01 -2.095748e-01 -1.794012e-02 -2.785455e+01 2.095250e-01 9.627787e-01 1.707528e-01 1.576315e-01 -1.851312e-02 -1.706917e-01 9.851506e-01 2.488589e+01
9.731998e-01 2.014450e-01 -1.109147e-01 -2.798487e+01 -2.148666e-01 9.684243e-01 -1.264387e-01 1.598920e-01 8.194208e-02 1.468820e-01 9.857541e-01 2.490807e+01
9.718061e-01 -1.890499e-01 -1.409010e-01 -2.818647e+01 2.091131e-01 9.671347e-01 1.446450e-01 1.648582e-01 1.089252e-01 -1.700311e-01 9.794002e-01 2.497665e+01
9.640077e-01 2.364516e-01 -1.215723e-01 -2.824104e+01 -2.445856e-01 9.679622e-01 -5.680701e-02 1.640479e-01 1.042453e-01 8.449724e-02 9.909557e-01 2.500567e+01
9.597202e-01 -2.050318e-01 -1.920914e-01 -2.844100e+01 2.226174e-01 9.720389e-01 7.471176e-02 1.697917e-01 1.714021e-01 -1.144653e-01 9.785290e-01 2.506466e+01
9.626068e-01 2.532991e-01 -9.606073e-02 -2.859509e+01 -2.541343e-01 9.671621e-01 3.642763e-03 1.728804e-01 9.382900e-02 2.090577e-02 9.953688e-01 2.515327e+01
9.586278e-01 -2.320258e-01 -1.649144e-01 -2.862714e+01 2.371860e-01 9.713896e-01 1.204046e-02 1.715935e-01 1.574024e-01 -5.065771e-02 9.862344e-01 2.517434e+01
9.642015e-01 2.587502e-01 -5.799799e-02 -2.868561e+01 -2.547100e-01 9.645671e-01 6.879773e-02 1.712906e-01 7.374438e-02 -5.156221e-02 9.959433e-01 2.520178e+01
9.531424e-01 -2.064138e-01 -2.211625e-01 -2.882669e+01 2.024106e-01 9.784475e-01 -4.087022e-02 1.727567e-01 2.248320e-01 -5.810484e-03 9.743802e-01 2.533709e+01
9.096220e-01 3.101302e-01 -2.764182e-01 -2.945141e+01 -2.601035e-01 9.439666e-01 2.031584e-01 1.870396e-01 3.239351e-01 -1.129000e-01 9.393187e-01 2.606980e+01
9.222057e-01 -1.137840e-01 -3.695806e-01 -3.011288e+01 6.486065e-02 9.877045e-01 -1.422425e-01 2.001308e-01 3.812213e-01 1.072056e-01 9.182469e-01 2.698952e+01
9.714236e-01 1.637215e-01 -1.718472e-01 -3.077673e+01 -1.302358e-01 9.729604e-01 1.907528e-01 2.155407e-01 1.984309e-01 -1.629211e-01 9.664791e-01 2.785251e+01
