9.999738e-01 -4.341056e-04 -7.223113e-03 1.442314e-01 4.369777e-04 9.999998e-01 3.960527e-04 -1.076932e-02 7.222940e-03 -3.991994e-04 9.999738e-01 7.046903e-02
9.999900e-01 -8.898999e-04 4.384851e-03 2.032624e-01 8.890248e-04 9.999996e-01 2.015234e-04 -7.276868e-03 -4.385028e-03 -1.976225e-04 9.999904e-01 -2.919203e-01
9.999620e-01 1.970737e-05 -8.718496e-03 2.836024e-01 -1.864246e-05 1.000000e+00 1.222281e-04 -1.077862e-02 8.718498e-03 -1.220617e-04 9.999620e-01 -4.113720e-01
9.999947e-01 -7.805016e-04 3.154059e-03 3.312093e-01 7.791848e-04 9.999996e-01 4.187253e-04 -2.767204e-02 -3.154384e-03 -4.162647e-04 9.999949e-01 1.376479e-01
9.999990e-01 -1.075805e-03 -8.748292e-04 2.119721e-01 1.076009e-03 9.999994e-01 2.328586e-04 -3.657601e-02 8.745778e-04 -2.338004e-04 9.999996e-01 1.191403e+00
9.999097e-01 -1.874975e-03 1.330867e-02 2.688795e-03 1.864224e-03 9.999979e-01 8.201795e-04 -6.397224e-02 -1.331018e-02 -7.952944e-04 9.999111e-01 3.405198e+00
9.999698e-01 -4.703542e-04 -7.762811e-03 -1.187477e-01 4.727096e-04 9.999998e-01 3.015991e-04 -8.888472e-02 7.762668e-03 -3.052602e-04 9.999698e-01 5.064032e+00
9.999909e-01 -4.982875e-04 4.233476e-03 -1.017251e-01 4.970879e-04 9.999998e-01 2.844129e-04 -1.079841e-01 -4.233617e-03 -2.823052e-04 9.999910e-01 5.854114e+00
9.999890e-01 -9.730041e-04 -4.585869e-03 -1.065889e-01 9.742358e-04 9.999995e-01 2.663707e-04 -1.317786e-01 4.585607e-03 -2.708362e-04 9.999894e-01 7.002142e+00
9.999513e-01 -1.986086e-03 9.662397e-03 -1.643252e-01 1.979049e-03 9.999978e-01 7.378326e-04 -1.594957e-01 -9.663841e-03 -7.186736e-04 9.999530e-01 8.664148e+00
9.999941e-01 -1.476241e-04 -3.420036e-03 -2.538244e-01 1.478578e-04 1.000000e+00 6.809734e-05 -1.919805e-01 3.420026e-03 -6.860333e-05 9.999941e-01 1.055566e+01
9.999989e-01 -6.948862e-04 -1.328111e-03 -2.315892e-01 6.952549e-04 9.999997e-01 2.771448e-04 -2.072858e-01 1.327919e-03 -2.780671e-04 9.999991e-01 1.113339e+01
9.999845e-01 -2.512724e-05 -5.575558e-03 -1.680201e-01 2.516744e-05 1.000000e+00 7.144870e-06 -2.215062e-01 5.575557e-03 -7.285791e-06 9.999845e-01 1.149939e+01
9.999996e-01 -6.809113e-04 -6.188053e-04 -1.058764e-01 6.810725e-04 9.999997e-01 2.602955e-04 -2.331460e-01 6.186283e-04 -2.607161e-04 9.999998e-01 1.175959e+01
9.999981e-01 2.086643e-04 -1.936868e-03 -2.879405e-01 -2.098026e-04 9.999998e-01 -5.875141e-04 -2.183608e-01 1.936745e-03 5.879187e-04 9.999980e-01 1.186484e+01
9.999900e-01 -9.649941e-04 -4.373186e-03 -3.264322e-01 9.690321e-04 9.999991e-01 9.213364e-04 -2.164732e-01 4.372293e-03 -9.255642e-04 9.999900e-01 1.177594e+01
9.999979e-01 3.071310e-04 -2.040800e-03 -3.356187e-01 -3.086427e-04 9.999997e-01 -7.404756e-04 -2.192573e-01 2.040571e-03 7.411032e-04 9.999976e-01 1.185545e+01
9.999900e-01 -9.218819e-04 -4.385710e-03 -3.369220e-01 9.269141e-04 9.999989e-01 1.145526e-03 -2.256919e-01 4.384649e-03 -1.149579e-03 9.999897e-01 1.209395e+01
9.999930e-01 1.590128e-04 3.733981e-03 -6.294162e-01 -1.557185e-04 9.999996e-01 -8.825273e-04 -2.021715e-01 -3.734121e-03 8.819389e-04 9.999926e-01 1.226842e+01
9.999973e-01 -1.693033e-03 -1.583947e-03 -1.110524e+00 1.694405e-03 9.999982e-01 8.652080e-04 -1.623081e-01 1.582480e-03 -8.678888e-04 9.999984e-01 1.219722e+01
9.999957e-01 6.200421e-04 2.859887e-03 -1.538205e+00 -6.195906e-04 9.999998e-01 -1.587490e-04 -1.251156e-01 -2.859985e-03 1.569757e-04 9.999959e-01 1.222308e+01
9.999916e-01 -9.021285e-04 3.996696e-03 -2.165356e+00 8.975832e-04 9.999989e-01 1.138914e-03 -6.701299e-02 -3.997719e-03 -1.135316e-03 9.999914e-01 1.254193e+01
9.999875e-01 -1.370067e-04 5.003697e-03 -2.825863e+00 1.447859e-04 9.999988e-01 -1.554369e-03 -4.241127e-03 -5.003479e-03 1.555073e-03 9.999863e-01 1.286016e+01
9.999974e-01 -1.135463e-03 1.976578e-03 -3.429903e+00 1.133741e-03 9.999990e-01 8.721153e-04 5.186435e-02 -1.977566e-03 -8.698714e-04 9.999977e-01 1.306169e+01
9.999995e-01 -5.633861e-05 -9.735443e-04 -3.847248e+00 5.535449e-05 9.999995e-01 -1.010837e-03 8.730920e-02 9.736004e-04 1.010782e-03 9.999990e-01 1.305446e+01
9.999956e-01 -1.058817e-03 -2.776995e-03 -4.058702e+00 1.061866e-03 9.999988e-01 1.096678e-03 1.022441e-01 2.775831e-03 -1.099621e-03 9.999955e-01 1.294364e+01
1.000000e+00 -1.128285e-04 1.937166e-04 -3.963534e+00 1.129312e-04 9.999999e-01 -5.301489e-04 1.043654e-01 -1.936571e-04 5.301700e-04 9.999998e-01 1.255629e+01
9.999956e-01 -1.084761e-03 -2.743807e-03 -4.060198e+00 1.087761e-03 9.999988e-01 1.092049e-03 1.161893e-01 2.742620e-03 -1.095028e-03 9.999956e-01 1.223307e+01
9.999999e-01 -9.423555e-05 -4.944529e-04 -4.254560e+00 9.375765e-05 9.999995e-01 -9.664012e-04 1.307628e-01 4.945434e-04 9.663540e-04 9.999994e-01 1.208641e+01
9.999985e-01 -7.679504e-04 -1.530420e-03 -4.525744e+00 7.698540e-04 9.999989e-01 1.243638e-03 1.532604e-01 1.529463e-03 -1.244814e-03 9.999981e-01 1.214451e+01
9.999982e-01 -2.974258e-04 -1.848858e-03 -4.721832e+00 2.953952e-04 9.999994e-01 -1.098465e-03 1.683263e-01 1.849183e-03 1.097917e-03 9.999977e-01 1.209738e+01
9.999969e-01 -7.403572e-04 -2.356868e-03 -4.908488e+00 7.432043e-04 9.999990e-01 1.207356e-03 1.813869e-01 2.355972e-03 -1.209103e-03 9.999965e-01 1.206885e+01
9.999980e-01 -3.115819e-04 -1.970968e-03 -5.097519e+00 3.096691e-04 9.999995e-01 -9.706895e-04 1.930723e-01 1.971269e-03 9.700765e-04 9.999976e-01 1.196513e+01
9.999950e-01 -6.716371e-04 -3.087148e-03 -5.234436e+00 6.757571e-04 9.999989e-01 1.333727e-03 2.000899e-01 3.086249e-03 -1.335806e-03 9.999943e-01 1.187382e+01
9.999965e-01 3.454707e-05 -2.645266e-03 -5.318717e+00 -3.710031e-05 9.999995e-01 -9.651567e-04 2.027482e-01 2.645231e-03 9.652508e-04 9.999960e-01 1.179046e+01
9.999988e-01 -1.029272e-03 -1.178899e-03 -5.560740e+00 1.030547e-03 9.999989e-01 1.081113e-03 2.186320e-01 1.177786e-03 -1.082325e-03 9.999987e-01 1.168947e+01
9.999996e-01 -2.429056e-04 -8.314951e-04 -5.842792e+00 2.421500e-04 9.999996e-01 -9.086750e-04 2.356181e-01 8.317151e-04 9.084726e-04 9.999992e-01 1.187296e+01
9.999995e-01 -9.213834e-04 2.758251e-04 -6.087081e+00 9.211228e-04 9.999991e-01 9.434821e-04 2.507336e-01 -2.766939e-04 -9.432269e-04 9.999995e-01 1.218809e+01
9.999880e-01 -1.180976e-04 -4.892143e-03 -6.251093e+00 1.149285e-04 9.999998e-01 -6.480727e-04 2.609171e-01 4.892218e-03 6.475020e-04 9.999878e-01 1.215317e+01
9.999986e-01 -1.237518e-03 1.144535e-03 -6.388957e+00 1.236371e-03 9.999987e-01 1.002031e-03 2.720097e-01 -1.145773e-03 -1.000614e-03 9.999988e-01 1.191001e+01
9.999993e-01 -4.524142e-04 -1.075254e-03 -6.550702e+00 4.517838e-04 9.999997e-01 -5.864495e-04 2.897526e-01 1.075518e-03 5.859627e-04 9.999992e-01 1.151703e+01
9.999982e-01 -1.288163e-03 1.371941e-03 -6.752922e+00 1.286801e-03 9.999987e-01 9.937934e-04 3.092158e-01 -1.373219e-03 -9.920256e-04 9.999986e-01 1.111405e+01
9.999899e-01 1.313407e-04 -4.500174e-03 -6.860159e+00 -1.331745e-04 9.999999e-01 -4.071931e-04 3.184837e-01 4.500120e-03 4.077876e-04 9.999898e-01 1.087339e+01
9.999848e-01 -1.331457e-03 5.358539e-03 -7.244566e+00 1.322649e-03 9.999978e-01 1.647057e-03 3.458933e-01 -5.360720e-03 -1.639944e-03 9.999843e-01 1.132579e+01
9.999960e-01 -3.035109e-04 -2.824773e-03 -7.527584e+00 2.972956e-04 9.999975e-01 -2.200427e-03 3.684408e-01 2.825434e-03 2.199578e-03 9.999936e-01 1.172452e+01
9.999914e-01 -1.525608e-04 -4.138664e-03 -7.470073e+00 1.632550e-04 9.999966e-01 2.583738e-03 3.616295e-01 4.138256e-03 -2.584391e-03 9.999881e-01 1.173258e+01
9.999956e-01 -1.216184e-04 -2.962141e-03 -7.536916e+00 1.150027e-04 9.999975e-01 -2.233461e-03 3.616741e-01 2.962405e-03 2.233110e-03 9.999931e-01 1.180780e+01
9.999994e-01 -1.047984e-03 -2.317318e-04 -7.760950e+00 1.048541e-03 9.999965e-01 2.416191e-03 3.764608e-01 2.291992e-04 -2.416431e-03 9.999971e-01 1.183776e+01
9.999873e-01 2.039037e-04 -5.031436e-03 -7.889516e+00 -2.148117e-04 9.999976e-01 -2.167521e-03 3.838694e-01 5.030982e-03 2.168574e-03 9.999850e-01 1.178518e+01
9.999994e-01 -9.724264e-04 -5.928065e-04 -8.006615e+00 9.738559e-04 9.999966e-01 2.415803e-03 3.905898e-01 5.904557e-04 -2.416378e-03 9.999969e-01 1.175307e+01
9.999950e-01 -2.512810e-04 -3.141370e-03 -8.169374e+00 2.445439e-04 9.999977e-01 -2.144824e-03 4.027048e-01 3.141901e-03 2.144044e-03 9.999928e-01 1.155020e+01
9.999955e-01 -1.220960e-03 2.739606e-03 -8.509741e+00 1.214343e-03 9.999963e-01 2.415746e-03 4.280475e-01 -2.742545e-03 -2.412407e-03 9.999933e-01 1.125886e+01
9.999791e-01 1.417127e-04 -6.463417e-03 -8.721140e+00 -1.554809e-04 9.999977e-01 -2.129714e-03 4.395904e-01 6.463100e-03 2.130673e-03 9.999768e-01 1.125745e+01
9.999997e-01 -6.015569e-04 -5.529827e-04 -8.707996e+00 6.029591e-04 9.999966e-01 2.539007e-03 4.315978e-01 5.514538e-04 -2.539339e-03 9.999966e-01 1.147122e+01
9.999834e-01 2.298628e-05 -5.759923e-03 -8.716291e+00 -3.538322e-05 9.999977e-01 -2.152173e-03 4.300953e-01 5.759860e-03 2.152340e-03 9.999811e-01 1.139382e+01
9.999979e-01 -8.252299e-04 1.890152e-03 -8.844092e+00 8.205238e-04 9.999966e-01 2.489283e-03 4.392366e-01 -1.892199e-03 -2.487726e-03 9.999951e-01 1.121266e+01
9.999752e-01 -6.162584e-05 -7.041609e-03 -8.973077e+00 4.661606e-05 9.999977e-01 -2.131721e-03 4.454256e-01 7.041724e-03 2.131339e-03 9.999729e-01 1.113812e+01
9.999981e-01 -7.449397e-04 1.776801e-03 -9.030999e+00 7.406133e-04 9.999968e-01 2.434378e-03 4.446602e-01 -1.778608e-03 -2.433056e-03 9.999955e-01 1.133956e+01
9.999953e-01 -4.064263e-04 -3.033785e-03 -9.320250e+00 3.987027e-04 9.999967e-01 -2.546016e-03 4.655467e-01 3.034809e-03 2.544793e-03 9.999922e-01 1.115325e+01
9.999549e-01 -2.256649e-03 9.226064e-03 -1.001115e+01 2.235912e-03 9.999950e-01 2.257327e-03 5.179510e-01 -9.231111e-03 -2.236596e-03 9.999549e-01 1.069980e+01
9.999875e-01 -2.452737e-04 -4.986667e-03 -1.058864e+01 2.329058e-04 9.999969e-01 -2.480596e-03 5.614975e-01 4.987260e-03 2.479403e-03 9.999845e-01 1.039206e+01
9.999931e-01 -1.619894e-03 3.355290e-03 -1.084434e+01 1.610943e-03 9.999951e-01 2.668671e-03 5.816130e-01 -3.359596e-03 -2.663246e-03 9.999908e-01 1.010779e+01
9.999866e-01 4.726937e-04 -5.161990e-03 -1.109544e+01 -4.848405e-04 9.999971e-01 -2.352105e-03 6.017781e-01 5.160863e-03 2.354576e-03 9.999839e-01 9.919139e+00
9.999979e-01 -1.410476e-03 1.498895e-03 -1.127625e+01 1.406033e-03 9.999946e-01 2.961395e-03 6.140945e-01 -1.503063e-03 -2.959280e-03 9.999945e-01 1.001624e+01
9.999974e-01 6.346846e-04 -2.204404e-03 -1.156268e+01 -6.406230e-04 9.999962e-01 -2.694184e-03 6.356701e-01 2.202685e-03 2.695588e-03 9.999939e-01 1.026432e+01
9.999909e-01 -2.377736e-03 3.553207e-03 -1.194095e+01 2.368263e-03 9.999936e-01 2.667704e-03 6.648923e-01 -3.559527e-03 -2.659264e-03 9.999901e-01 1.047177e+01
9.999853e-01 1.036741e-03 -5.328195e-03 -1.213536e+01 -1.049357e-03 9.999967e-01 -2.365518e-03 6.747242e-01 5.325725e-03 2.371073e-03 9.999830e-01 1.084973e+01
9.999733e-01 -2.789619e-03 6.755993e-03 -1.256135e+01 2.775262e-03 9.999939e-01 2.133549e-03 7.093103e-01 -6.761903e-03 -2.114741e-03 9.999749e-01 1.090691e+01
9.999823e-01 9.544819e-04 -5.868932e-03 -1.302552e+01 -9.687514e-04 9.999966e-01 -2.428988e-03 7.450960e-01 5.866593e-03 2.434630e-03 9.999798e-01 1.086902e+01
9.999895e-01 -2.326277e-03 3.951911e-03 -1.337401e+01 2.317235e-03 9.999947e-01 2.291077e-03 7.705469e-01 -3.957219e-03 -2.281894e-03 9.999896e-01 1.076604e+01
9.999786e-01 1.296641e-03 -6.407504e-03 -1.370395e+01 -1.310585e-03 9.999968e-01 -2.172367e-03 7.947712e-01 6.404666e-03 2.180717e-03 9.999771e-01 1.073789e+01
9.999434e-01 -2.435174e-03 1.035290e-02 -1.418367e+01 2.405443e-03 9.999930e-01 2.883267e-03 8.346950e-01 -1.035985e-02 -2.858199e-03 9.999423e-01 1.109499e+01
9.999885e-01 8.254127e-04 -4.719415e-03 -1.465362e+01 -8.389406e-04 9.999955e-01 -2.865163e-03 8.705963e-01 4.717029e-03 2.869089e-03 9.999848e-01 1.165408e+01
9.999599e-01 -2.206568e-03 8.681655e-03 -1.517611e+01 2.177732e-03 9.999921e-01 3.329581e-03 9.123439e-01 -8.688933e-03 -3.310540e-03 9.999568e-01 1.195560e+01
9.999855e-01 -5.110392e-04 -5.355799e-03 -1.570123e+01 4.933491e-04 9.999944e-01 -3.303785e-03 9.545851e-01 5.357457e-03 3.301094e-03 9.999802e-01 1.159040e+01
9.998529e-01 -3.712268e-03 1.674311e-02 -1.623969e+01 3.646292e-03 9.999855e-01 3.969312e-03 1.010326e+00 -1.675760e-02 -3.907678e-03 9.998519e-01 1.064456e+01
9.998862e-01 1.531478e-03 -1.501013e-02 -1.653309e+01 -1.578448e-03 9.999939e-01 -3.117839e-03 1.035041e+00 1.500527e-02 3.141176e-03 9.998825e-01 1.028215e+01
9.999135e-01 -2.549046e-03 1.290440e-02 -1.671974e+01 2.503703e-03 9.999906e-01 3.528674e-03 1.046095e+00 -1.291328e-02 -3.496059e-03 9.999105e-01 1.057990e+01
9.998852e-01 1.374056e-03 -1.509004e-02 -1.688942e+01 -1.424940e-03 9.999933e-01 -3.361828e-03 1.055366e+00 1.508532e-02 3.382943e-03 9.998805e-01 1.091875e+01
9.999415e-01 -2.435908e-03 1.053586e-02 -1.688443e+01 2.394781e-03 9.999895e-01 3.914375e-03 1.043932e+00 -1.054529e-02 -3.888915e-03 9.999368e-01 1.140485e+01
9.998702e-01 1.813173e-03 -1.601151e-02 -1.688119e+01 -1.867815e-03 9.999925e-01 -3.398415e-03 1.034198e+00 1.600523e-02 3.427879e-03 9.998660e-01 1.175706e+01
9.999467e-01 -2.551023e-03 1.000344e-02 -1.689743e+01 2.513388e-03 9.999897e-01 3.772930e-03 1.029410e+00 -1.001297e-02 -3.747586e-03 9.999428e-01 1.200177e+01
9.999129e-01 1.859974e-03 -1.306798e-02 -1.706091e+01 -1.906693e-03 9.999918e-01 -3.563521e-03 1.038653e+00 1.306124e-02 3.588126e-03 9.999083e-01 1.226769e+01
9.999340e-01 -3.044677e-03 1.107654e-02 -1.728559e+01 3.002885e-03 9.999883e-01 3.787705e-03 1.054550e+00 -1.108795e-02 -3.754193e-03 9.999315e-01 1.249312e+01
9.998616e-01 2.207276e-03 -1.648790e-02 -1.736816e+01 -2.264018e-03 9.999916e-01 -3.423537e-03 1.056560e+00 1.648020e-02 3.460391e-03 9.998582e-01 1.259592e+01
9.999256e-01 -3.043223e-03 1.181340e-02 -1.740680e+01 2.996474e-03 9.999876e-01 3.972970e-03 1.056928e+00 -1.182534e-02 -3.937275e-03 9.999223e-01 1.260446e+01
9.998989e-01 2.033445e-03 -1.407606e-02 -1.766744e+01 -2.086401e-03 9.999908e-01 -3.748439e-03 1.075095e+00 1.406831e-02 3.777427e-03 9.998939e-01 1.267422e+01
9.999277e-01 -3.243457e-03 1.157890e-02 -1.792222e+01 3.196655e-03 9.999867e-01 4.058216e-03 1.093068e+00 -1.159191e-02 -4.020908e-03 9.999247e-01 1.273100e+01
9.998604e-01 2.382043e-03 -1.653702e-02 -1.797664e+01 -2.441601e-03 9.999906e-01 -3.582263e-03 1.092123e+00 1.652833e-02 3.622139e-03 9.998568e-01 1.286273e+01
9.999247e-01 -3.333913e-03 1.180799e-02 -1.800888e+01 3.287151e-03 9.999867e-01 3.977453e-03 1.085637e+00 -1.182110e-02 -3.938338e-03 9.999224e-01 1.329178e+01
9.998848e-01 2.515071e-03 -1.497170e-02 -1.812952e+01 -2.571494e-03 9.999897e-01 -3.750589e-03 1.087877e+00 1.496212e-02 3.788656e-03 9.998809e-01 1.365096e+01
9.999329e-01 -3.982844e-03 1.087496e-02 -1.814405e+01 3.937798e-03 9.999836e-01 4.160388e-03 1.089627e+00 -1.089135e-02 -4.117285e-03 9.999322e-01 1.350772e+01
9.999137e-01 2.448177e-03 -1.290863e-02 -1.809611e+01 -2.492403e-03 9.999911e-01 -3.411045e-03 1.094371e+00 1.290016e-02 3.442924e-03 9.999109e-01 1.313746e+01
9.999478e-01 -3.484725e-03 9.601683e-03 -1.809222e+01 3.446587e-03 9.999861e-01 3.985664e-03 1.098016e+00 -9.615438e-03 -3.952362e-03 9.999460e-01 1.289824e+01
9.998924e-01 2.761312e-03 -1.440433e-02 -1.812792e+01 -2.810609e-03 9.999903e-01 -3.403291e-03 1.101497e+00 1.439479e-02 3.443409e-03 9.998905e-01 1.273485e+01
9.999604e-01 -3.459130e-03 8.193920e-03 -1.818994e+01 3.427213e-03 9.999865e-01 3.906168e-03 1.102660e+00 -8.207321e-03 -3.877930e-03 9.999588e-01 1.281105e+01
9.998772e-01 2.946083e-03 -1.539198e-02 -1.820912e+01 -2.999779e-03 9.999895e-01 -3.466661e-03 1.100927e+00 1.538161e-02 3.512408e-03 9.998755e-01 1.283600e+01
9.999603e-01 -3.666717e-03 8.126123e-03 -1.817337e+01 3.635388e-03 9.999859e-01 3.866789e-03 1.094126e+00 -8.140187e-03 -3.837093e-03 9.999595e-01 1.290587e+01
9.998760e-01 3.086645e-03 -1.544431e-02 -1.812593e+01 -3.140100e-03 9.999892e-01 -3.438070e-03 1.081142e+00 1.543353e-02 3.486139e-03 9.998748e-01 1.323832e+01
9.999521e-01 -3.826280e-03 9.005858e-03 -1.808028e+01 3.792394e-03 9.999857e-01 3.776809e-03 1.066370e+00 -9.020180e-03 -3.742474e-03 9.999523e-01 1.366953e+01
9.998809e-01 3.264585e-03 -1.508421e-02 -1.802401e+01 -3.315253e-03 9.999889e-01 -3.335211e-03 1.057913e+00 1.507316e-02 3.384821e-03 9.998807e-01 1.379740e+01
9.999562e-01 -3.943038e-03 8.491297e-03 -1.795561e+01 3.910840e-03 9.999851e-01 3.805089e-03 1.048585e+00 -8.506174e-03 -3.771714e-03 9.999567e-01 1.392452e+01
9.999487e-01 1.694399e-03 -9.984878e-03 -1.801626e+01 -1.727699e-03 9.999930e-01 -3.327356e-03 1.060767e+00 9.979170e-03 3.344436e-03 9.999446e-01 1.342088e+01
9.999155e-01 -4.054993e-03 1.235180e-02 -1.809241e+01 4.001557e-03 9.999825e-01 4.347822e-03 1.078624e+00 -1.236922e-02 -4.298028e-03 9.999143e-01 1.278735e+01
9.998292e-01 3.306046e-03 -1.818314e-02 -1.810739e+01 -3.372423e-03 9.999878e-01 -3.621011e-03 1.075337e+00 1.817095e-02 3.681713e-03 9.998281e-01 1.281590e+01
9.999166e-01 -3.935414e-03 1.230273e-02 -1.820179e+01 3.886405e-03 9.999844e-01 4.004962e-03 1.078185e+00 -1.231830e-02 -3.956814e-03 9.999163e-01 1.282465e+01
9.998747e-01 2.512464e-03 -1.563003e-02 -1.834828e+01 -2.566244e-03 9.999909e-01 -3.421742e-03 1.090070e+00 1.562129e-02 3.461423e-03 9.998720e-01 1.257192e+01
9.999349e-01 -3.675697e-03 1.080560e-02 -1.840204e+01 3.632576e-03 9.999854e-01 4.007522e-03 1.094351e+00 -1.082018e-02 -3.968008e-03 9.999336e-01 1.236911e+01
9.998803e-01 2.945913e-03 -1.518937e-02 -1.863029e+01 -3.004886e-03 9.999880e-01 -3.861163e-03 1.107205e+00 1.517782e-02 3.906343e-03 9.998772e-01 1.242263e+01
9.998893e-01 -4.445811e-03 1.419601e-02 -1.893230e+01 4.390665e-03 9.999827e-01 3.913397e-03 1.125444e+00 -1.421317e-02 -3.850634e-03 9.998916e-01 1.253323e+01
9.998168e-01 3.426520e-03 -1.883060e-02 -1.909720e+01 -3.494631e-03 9.999875e-01 -3.585341e-03 1.135227e+00 1.881808e-02 3.650490e-03 9.998163e-01 1.238884e+01
9.998779e-01 -4.415032e-03 1.498827e-02 -1.934027e+01 4.361064e-03 9.999839e-01 3.631465e-03 1.151287e+00 -1.500406e-02 -3.565656e-03 9.998811e-01 1.232560e+01
9.998519e-01 3.049523e-03 -1.693531e-02 -1.945854e+01 -3.101324e-03 9.999906e-01 -3.033366e-03 1.151377e+00 1.692590e-02 3.085438e-03 9.998520e-01 1.289344e+01
9.998607e-01 -3.938980e-03 1.622034e-02 -1.967070e+01 3.890186e-03 9.999878e-01 3.038642e-03 1.161990e+00 -1.623211e-02 -2.975118e-03 9.998638e-01 1.328922e+01
9.997915e-01 2.754950e-03 -2.023342e-02 -1.974187e+01 -2.809546e-03 9.999925e-01 -2.670362e-03 1.160490e+00 2.022591e-02 2.726651e-03 9.997917e-01 1.359135e+01
9.998968e-01 -2.935955e-03 1.406556e-02 -1.972628e+01 2.893510e-03 9.999912e-01 3.037061e-03 1.150229e+00 -1.407435e-02 -2.996048e-03 9.998965e-01 1.387997e+01
9.998674e-01 1.156336e-03 -1.624639e-02 -1.980479e+01 -1.198100e-03 9.999960e-01 -2.561133e-03 1.160943e+00 1.624336e-02 2.580257e-03 9.998647e-01 1.347951e+01
9.998126e-01 -3.712907e-03 1.899969e-02 -1.981689e+01 3.647363e-03 9.999873e-01 3.483260e-03 1.176719e+00 -1.901238e-02 -3.413308e-03 9.998134e-01 1.277894e+01
9.997609e-01 2.359725e-03 -2.173769e-02 -1.972953e+01 -2.425297e-03 9.999926e-01 -2.990624e-03 1.175390e+00 2.173048e-02 3.042629e-03 9.997592e-01 1.254526e+01
9.998510e-01 -3.421904e-03 1.691928e-02 -1.969172e+01 3.364662e-03 9.999885e-01 3.410568e-03 1.175280e+00 -1.693076e-02 -3.353131e-03 9.998510e-01 1.232877e+01
9.998910e-01 1.282682e-03 -1.470827e-02 -1.979778e+01 -1.323879e-03 9.999952e-01 -2.791510e-03 1.194782e+00 1.470461e-02 2.810677e-03 9.998879e-01 1.174695e+01
9.998842e-01 -3.183825e-03 1.488069e-02 -1.992060e+01 3.133122e-03 9.999892e-01 3.429371e-03 1.209624e+00 -1.489145e-02 -3.382351e-03 9.998834e-01 1.131119e+01
9.999219e-01 7.273480e-04 -1.247732e-02 -2.011282e+01 -7.649555e-04 9.999952e-01 -3.009549e-03 1.233851e+00 1.247507e-02 3.018858e-03 9.999176e-01 1.069298e+01
9.998677e-01 -3.262205e-03 1.593859e-02 -2.048272e+01 3.208012e-03 9.999890e-01 3.424504e-03 1.267199e+00 -1.594958e-02 -3.372919e-03 9.998671e-01 1.017811e+01
9.998555e-01 2.158983e-03 -1.686263e-02 -2.080109e+01 -2.215236e-03 9.999920e-01 -3.317927e-03 1.287032e+00 1.685533e-02 3.354801e-03 9.998523e-01 1.033661e+01
9.998066e-01 -3.218812e-03 1.940233e-02 -2.113691e+01 3.163216e-03 9.999908e-01 2.895445e-03 1.310127e+00 -1.941147e-02 -2.833511e-03 9.998076e-01 1.088517e+01
9.998313e-01 2.500700e-03 -1.819470e-02 -2.145668e+01 -2.548380e-03 9.999934e-01 -2.597780e-03 1.334224e+00 1.818808e-02 2.643709e-03 9.998311e-01 1.136433e+01
9.999107e-01 -3.257647e-03 1.296348e-02 -2.148583e+01 3.220329e-03 9.999906e-01 2.898499e-03 1.327526e+00 -1.297280e-02 -2.856492e-03 9.999118e-01 1.172470e+01
9.997772e-01 2.990691e-03 -2.089490e-02 -2.141574e+01 -3.046977e-03 9.999918e-01 -2.662404e-03 1.316892e+00 2.088677e-02 2.725477e-03 9.997781e-01 1.184208e+01
9.999028e-01 -3.204540e-03 1.356700e-02 -2.142611e+01 3.164532e-03 9.999906e-01 2.969431e-03 1.313283e+00 -1.357639e-02 -2.926208e-03 9.999036e-01 1.191671e+01
9.998466e-01 1.762904e-03 -1.742604e-02 -2.155964e+01 -1.807112e-03 9.999952e-01 -2.521430e-03 1.321245e+00 1.742151e-02 2.552533e-03 9.998450e-01 1.174109e+01
9.999454e-01 -2.344609e-03 1.018090e-02 -2.153385e+01 2.312848e-03 9.999924e-01 3.130304e-03 1.313784e+00 -1.018817e-02 -3.106586e-03 9.999433e-01 1.188853e+01
9.998878e-01 1.494751e-03 -1.490250e-02 -2.158146e+01 -1.538195e-03 9.999946e-01 -2.904154e-03 1.314457e+00 1.489808e-02 2.926751e-03 9.998847e-01 1.206329e+01
9.998861e-01 -2.554949e-03 1.487408e-02 -2.184718e+01 2.517913e-03 9.999937e-01 2.508158e-03 1.331783e+00 -1.488040e-02 -2.470421e-03 9.998862e-01 1.251234e+01
9.999077e-01 1.125981e-03 -1.353673e-02 -2.212132e+01 -1.162709e-03 9.999957e-01 -2.705633e-03 1.351586e+00 1.353363e-02 2.721122e-03 9.999047e-01 1.291524e+01
9.999684e-01 -1.825215e-03 7.734266e-03 -2.210808e+01 1.800016e-03 9.999931e-01 3.263901e-03 1.340606e+00 -7.740169e-03 -3.249876e-03 9.999648e-01 1.327391e+01
9.999760e-01 -1.000227e-04 -6.923931e-03 -2.229407e+01 8.091902e-05 9.999962e-01 -2.759296e-03 1.338035e+00 6.924181e-03 2.758669e-03 9.999722e-01 1.413774e+01
9.999777e-01 -1.328618e-03 6.543278e-03 -2.236126e+01 1.305641e-03 9.999930e-01 3.514492e-03 1.322746e+00 -6.547901e-03 -3.505870e-03 9.999724e-01 1.508280e+01
9.999689e-01 -1.253036e-04 -7.881059e-03 -2.237806e+01 1.033143e-04 9.999961e-01 -2.790471e-03 1.297490e+00 7.881377e-03 2.789570e-03 9.999651e-01 1.623324e+01
9.999637e-01 -1.819576e-03 8.320785e-03 -2.244383e+01 1.789815e-03 9.999920e-01 3.582747e-03 1.276653e+00 -8.327237e-03 -3.567723e-03 9.999590e-01 1.741174e+01
9.999976e-01 -1.109787e-03 -1.910369e-03 -2.257593e+01 1.104730e-03 9.999959e-01 -2.646160e-03 1.250502e+00 1.913298e-03 2.644043e-03 9.999947e-01 1.915416e+01
9.999554e-01 -1.751968e-03 9.276064e-03 -2.273468e+01 1.718866e-03 9.999921e-01 3.575317e-03 1.226453e+00 -9.282255e-03 -3.559213e-03 9.999506e-01 2.091187e+01
9.999983e-01 -1.436121e-03 -1.116524e-03 -2.289317e+01 1.433094e-03 9.999953e-01 -2.707473e-03 1.200586e+00 1.120406e-03 2.705868e-03 9.999957e-01 2.277758e+01
9.999862e-01 -9.297771e-04 5.171917e-03 -2.298599e+01 9.127973e-04 9.999942e-01 3.284485e-03 1.179356e+00 -5.174940e-03 -3.279718e-03 9.999812e-01 2.414863e+01
9.999445e-01 3.212305e-04 -1.052980e-02 -2.297350e+01 -3.512528e-04 9.999959e-01 -2.849441e-03 1.167469e+00 1.052884e-02 2.852981e-03 9.999405e-01 2.459090e+01
9.999943e-01 -8.188540e-04 3.278780e-03 -2.296272e+01 8.084782e-04 9.999947e-01 3.164616e-03 1.160569e+00 -3.281354e-03 -3.161946e-03 9.999896e-01 2.479167e+01
9.999433e-01 4.892646e-04 -1.063839e-02 -2.296253e+01 -5.178797e-04 9.999963e-01 -2.687195e-03 1.155090e+00 1.063704e-02 2.692552e-03 9.999398e-01 2.491049e+01
9.999919e-01 -1.025955e-03 3.880002e-03 -2.292256e+01 1.014336e-03 9.999950e-01 2.995476e-03 1.151572e+00 -3.883055e-03 -2.991516e-03 9.999880e-01 2.480643e+01
9.999479e-01 5.169421e-04 -1.019720e-02 -2.285884e+01 -5.423018e-04 9.999968e-01 -2.484309e-03 1.148315e+00 1.019589e-02 2.489708e-03 9.999449e-01 2.466396e+01
9.999960e-01 -9.134346e-04 2.678016e-03 -2.277065e+01 9.056859e-04 9.999954e-01 2.893273e-03 1.141000e+00 -2.680647e-03 -2.890835e-03 9.999922e-01 2.463453e+01
9.999620e-01 4.128327e-04 -8.702188e-03 -2.289703e+01 -4.363820e-04 9.999962e-01 -2.704398e-03 1.148667e+00 8.701038e-03 2.708092e-03 9.999585e-01 2.456276e+01
9.999912e-01 -1.424995e-03 3.939403e-03 -2.305868e+01 1.414147e-03 9.999952e-01 2.755283e-03 1.157765e+00 -3.943310e-03 -2.749687e-03 9.999884e-01 2.454973e+01
9.999380e-01 9.165856e-04 -1.109505e-02 -2.302514e+01 -9.416224e-04 9.999970e-01 -2.251549e-03 1.147418e+00 1.109295e-02 2.261856e-03 9.999359e-01 2.481110e+01
9.999772e-01 -1.875634e-03 6.490990e-03 -2.304420e+01 1.857685e-03 9.999944e-01 2.770062e-03 1.139702e+00 -6.496149e-03 -2.757940e-03 9.999751e-01 2.521153e+01
9.999141e-01 1.351803e-03 -1.303926e-02 -2.308612e+01 -1.383027e-03 9.999962e-01 -2.385873e-03 1.137335e+00 1.303598e-02 2.403701e-03 9.999121e-01 2.540388e+01
9.999540e-01 -2.322160e-03 9.304085e-03 -2.324284e+01 2.297826e-03 9.999939e-01 2.625205e-03 1.145948e+00 -9.310124e-03 -2.603705e-03 9.999533e-01 2.556615e+01
9.998715e-01 1.850470e-03 -1.592564e-02 -2.324558e+01 -1.887993e-03 9.999955e-01 -2.341434e-03 1.141686e+00 1.592124e-02 2.371200e-03 9.998704e-01 2.575454e+01
9.999687e-01 -2.138878e-03 7.616504e-03 -2.315970e+01 2.117871e-03 9.999939e-01 2.765102e-03 1.130326e+00 -7.622372e-03 -2.748884e-03 9.999672e-01 2.592336e+01
9.998805e-01 1.745793e-03 -1.535786e-02 -2.310585e+01 -1.782392e-03 9.999956e-01 -2.369739e-03 1.119528e+00 1.535365e-02 2.396829e-03 9.998793e-01 2.613559e+01
9.999695e-01 -2.251538e-03 7.485176e-03 -2.305128e+01 2.231468e-03 9.999939e-01 2.688579e-03 1.110935e+00 -7.491183e-03 -2.671793e-03 9.999684e-01 2.624308e+01
9.998891e-01 1.749944e-03 -1.479024e-02 -2.305020e+01 -1.784895e-03 9.999956e-01 -2.350213e-03 1.107516e+00 1.478607e-02 2.376351e-03 9.998879e-01 2.626485e+01
9.999711e-01 -2.273974e-03 7.249321e-03 -2.306189e+01 2.254969e-03 9.999940e-01 2.628787e-03 1.104576e+00 -7.255255e-03 -2.612364e-03 9.999703e-01 2.635064e+01
9.998991e-01 1.751050e-03 -1.409734e-02 -2.306452e+01 -1.781253e-03 9.999961e-01 -2.130165e-03 1.098173e+00 1.409356e-02 2.155061e-03 9.998984e-01 2.656515e+01
9.999752e-01 -2.107177e-03 6.720330e-03 -2.304001e+01 2.089464e-03 9.999943e-01 2.641676e-03 1.089765e+00 -6.725858e-03 -2.627568e-03 9.999739e-01 2.674898e+01
9.999054e-01 1.619244e-03 -1.366100e-02 -2.301176e+01 -1.647451e-03 9.999965e-01 -2.053799e-03 1.080695e+00 1.365763e-02 2.076110e-03 9.999046e-01 2.697825e+01
9.999759e-01 -2.054179e-03 6.634468e-03 -2.297330e+01 2.037737e-03 9.999948e-01 2.484119e-03 1.071422e+00 -6.639536e-03 -2.470539e-03 9.999749e-01 2.717615e+01
9.999194e-01 1.459085e-03 -1.260932e-02 -2.303986e+01 -1.487932e-03 9.999963e-01 -2.278641e-03 1.075322e+00 1.260595e-02 2.297219e-03 9.999179e-01 2.708209e+01
9.999460e-01 -2.799451e-03 1.000311e-02 -2.330014e+01 2.776338e-03 9.999934e-01 2.323754e-03 1.093235e+00 -1.000954e-02 -2.295856e-03 9.999473e-01 2.692293e+01
9.998898e-01 1.818696e-03 -1.473044e-02 -2.346284e+01 -1.850152e-03 9.999960e-01 -2.122076e-03 1.102864e+00 1.472652e-02 2.149095e-03 9.998892e-01 2.682932e+01
9.999696e-01 -2.408751e-03 7.412376e-03 -2.348588e+01 2.390830e-03 9.999942e-01 2.425715e-03 1.101634e+00 -7.418175e-03 -2.407919e-03 9.999696e-01 2.681967e+01
9.998954e-01 1.813485e-03 -1.434877e-02 -2.347280e+01 -1.844126e-03 9.999960e-01 -2.122476e-03 1.097526e+00 1.434486e-02 2.148714e-03 9.998948e-01 2.691309e+01
9.999617e-01 -2.331007e-03 8.433050e-03 -2.351745e+01 2.311153e-03 9.999945e-01 2.363274e-03 1.098597e+00 -8.438512e-03 -2.343693e-03 9.999616e-01 2.701698e+01
9.999490e-01 1.329673e-03 -1.001417e-02 -2.380610e+01 -1.351060e-03 9.999968e-01 -2.129187e-03 1.122677e+00 1.001131e-02 2.142607e-03 9.999476e-01 2.708767e+01
9.999810e-01 -2.260493e-03 5.730469e-03 -2.393746e+01 2.247712e-03 9.999950e-01 2.235922e-03 1.128883e+00 -5.735494e-03 -2.222998e-03 9.999811e-01 2.714181e+01
9.999171e-01 1.785867e-03 -1.275364e-02 -2.384218e+01 -1.807570e-03 9.999969e-01 -1.690365e-03 1.119759e+00 1.275058e-02 1.713277e-03 9.999172e-01 2.720192e+01
9.999838e-01 -2.265625e-03 5.217564e-03 -2.385993e+01 2.254978e-03 9.999954e-01 2.045785e-03 1.116540e+00 -5.222174e-03 -2.033986e-03 9.999843e-01 2.730657e+01
9.999353e-01 1.675889e-03 -1.125393e-02 -2.396819e+01 -1.696546e-03 9.999969e-01 -1.826173e-03 1.122121e+00 1.125084e-02 1.845147e-03 9.999350e-01 2.729386e+01
9.999830e-01 -2.283304e-03 5.365398e-03 -2.410129e+01 2.272362e-03 9.999953e-01 2.044613e-03 1.128967e+00 -5.370041e-03 -2.032386e-03 9.999835e-01 2.723517e+01
9.999180e-01 2.002996e-03 -1.264838e-02 -2.411746e+01 -2.024454e-03 9.999965e-01 -1.683913e-03 1.125175e+00 1.264496e-02 1.709381e-03 9.999186e-01 2.728591e+01
9.999874e-01 -2.390191e-03 4.414576e-03 -2.406141e+01 2.381004e-03 9.999950e-01 2.085107e-03 1.115550e+00 -4.419538e-03 -2.074569e-03 9.999881e-01 2.741555e+01
9.999256e-01 1.973448e-03 -1.204083e-02 -2.399864e+01 -1.993550e-03 9.999966e-01 -1.657734e-03 1.102925e+00 1.203752e-02 1.681614e-03 9.999261e-01 2.770070e+01
9.999894e-01 -2.262411e-03 4.018816e-03 -2.394070e+01 2.254450e-03 9.999955e-01 1.984256e-03 1.093467e+00 -4.023287e-03 -1.975174e-03 9.999900e-01 2.782542e+01
9.999243e-01 1.830269e-03 -1.216351e-02 -2.388241e+01 -1.850354e-03 9.999969e-01 -1.640174e-03 1.081936e+00 1.216047e-02 1.662556e-03 9.999247e-01 2.803678e+01
9.999877e-01 -2.283967e-03 4.407047e-03 -2.381933e+01 2.275318e-03 9.999955e-01 1.966666e-03 1.071395e+00 -4.411519e-03 -1.956614e-03 9.999884e-01 2.824777e+01
9.999234e-01 1.822929e-03 -1.224233e-02 -2.378216e+01 -1.841323e-03 9.999972e-01 -1.491334e-03 1.065549e+00 1.223957e-02 1.513761e-03 9.999239e-01 2.825776e+01
9.999892e-01 -2.209288e-03 4.085136e-03 -2.372609e+01 2.201811e-03 9.999959e-01 1.833922e-03 1.056594e+00 -4.089171e-03 -1.824907e-03 9.999900e-01 2.836713e+01
9.999255e-01 1.881269e-03 -1.206197e-02 -2.366086e+01 -1.899533e-03 9.999971e-01 -1.502902e-03 1.047026e+00 1.205911e-02 1.525701e-03 9.999261e-01 2.849384e+01
9.999869e-01 -2.341297e-03 4.552216e-03 -2.358617e+01 2.332869e-03 9.999956e-01 1.855927e-03 1.039067e+00 -4.556540e-03 -1.845282e-03 9.999879e-01 2.854026e+01
9.999215e-01 2.017849e-03 -1.236968e-02 -2.350259e+01 -2.036714e-03 9.999968e-01 -1.512662e-03 1.030478e+00 1.236659e-02 1.537736e-03 9.999223e-01 2.860414e+01
9.999771e-01 -2.670544e-03 6.223736e-03 -2.342318e+01 2.659121e-03 9.999948e-01 1.842900e-03 1.027567e+00 -6.228625e-03 -1.826307e-03 9.999789e-01 2.844813e+01
9.999526e-01 1.349135e-03 -9.645484e-03 -2.339502e+01 -1.362080e-03 9.999982e-01 -1.335654e-03 1.031996e+00 9.643664e-03 1.348728e-03 9.999526e-01 2.811903e+01
9.999867e-01 -2.041373e-03 4.731941e-03 -2.341046e+01 2.032991e-03 9.999964e-01 1.775663e-03 1.033397e+00 -4.735548e-03 -1.766019e-03 9.999872e-01 2.798763e+01
9.999250e-01 1.822642e-03 -1.210915e-02 -2.338535e+01 -1.839390e-03 9.999974e-01 -1.372080e-03 1.025259e+00 1.210662e-02 1.394250e-03 9.999257e-01 2.815813e+01
9.999831e-01 -2.357951e-03 5.313341e-03 -2.332567e+01 2.347989e-03 9.999955e-01 1.880308e-03 1.019772e+00 -5.317750e-03 -1.867800e-03 9.999841e-01 2.814942e+01
9.999516e-01 1.464016e-03 -9.731546e-03 -2.329342e+01 -1.477145e-03 9.999980e-01 -1.342070e-03 1.021279e+00 9.729562e-03 1.356379e-03 9.999517e-01 2.792365e+01
9.999773e-01 -2.705302e-03 6.171220e-03 -2.327825e+01 2.694386e-03 9.999948e-01 1.776410e-03 1.024999e+00 -6.175993e-03 -1.759742e-03 9.999794e-01 2.761827e+01
9.999699e-01 1.357717e-03 -7.645120e-03 -2.328025e+01 -1.366175e-03 9.999985e-01 -1.101164e-03 1.031564e+00 7.643613e-03 1.111575e-03 9.999702e-01 2.721709e+01
9.999967e-01 -2.223659e-03 1.324112e-03 -2.327968e+01 2.221189e-03 9.999958e-01 1.864086e-03 1.026285e+00 -1.328252e-03 -1.861138e-03 9.999974e-01 2.729118e+01
9.999725e-01 1.654638e-03 -7.235223e-03 -2.330189e+01 -1.665461e-03 9.999975e-01 -1.490132e-03 1.020225e+00 7.232739e-03 1.502140e-03 9.999727e-01 2.752795e+01
9.999970e-01 -2.281364e-03 8.889501e-04 -2.329571e+01 2.279665e-03 9.999956e-01 1.908229e-03 1.010863e+00 -8.932992e-04 -1.906196e-03 9.999978e-01 2.782449e+01
9.999941e-01 8.726170e-04 -3.331483e-03 -2.330167e+01 -8.770168e-04 9.999987e-01 -1.319358e-03 9.928443e-01 3.330328e-03 1.322272e-03 9.999936e-01 2.867376e+01
9.999977e-01 -1.603910e-03 -1.433078e-03 -2.325748e+01 1.606675e-03 9.999968e-01 1.930319e-03 9.889987e-01 1.429978e-03 -1.932616e-03 9.999971e-01 2.854540e+01
9.999964e-01 -3.616280e-04 2.667368e-03 -2.317308e+01 3.631790e-04 9.999998e-01 -5.810992e-04 1.003924e+00 -2.667158e-03 5.820652e-04 9.999963e-01 2.778244e+01
9.999917e-01 -1.123196e-03 -3.925250e-03 -2.333703e+01 1.127131e-03 9.999989e-01 1.000382e-03 1.019366e+00 3.924122e-03 -1.004798e-03 9.999918e-01 2.744749e+01
9.999983e-01 4.281635e-04 -1.767805e-03 -2.330804e+01 -4.289392e-04 9.999998e-01 -4.383475e-04 1.018090e+00 1.767617e-03 4.391044e-04 9.999983e-01 2.728378e+01
9.999818e-01 -7.110278e-04 -5.988350e-03 -2.323248e+01 7.153216e-04 9.999995e-01 7.148892e-04 1.010998e+00 5.987839e-03 -7.191592e-04 9.999818e-01 2.727404e+01
9.999965e-01 5.809717e-04 -2.587450e-03 -2.314333e+01 -5.820994e-04 9.999997e-01 -4.350449e-04 1.001325e+00 2.587196e-03 4.365489e-04 9.999966e-01 2.734798e+01
9.999839e-01 -8.424648e-04 -5.616102e-03 -2.305019e+01 8.469016e-04 9.999993e-01 7.876316e-04 9.901488e-01 5.615435e-03 -7.923746e-04 9.999839e-01 2.749062e+01
9.999975e-01 4.686247e-04 -2.186800e-03 -2.296874e+01 -4.697099e-04 9.999998e-01 -4.956563e-04 9.788455e-01 2.186567e-03 4.966816e-04 9.999975e-01 2.767919e+01
9.999840e-01 -8.542005e-04 -5.599776e-03 -2.291180e+01 8.590442e-04 9.999993e-01 8.625995e-04 9.678210e-01 5.599036e-03 -8.673955e-04 9.999839e-01 2.789583e+01
9.999965e-01 5.609224e-04 -2.594847e-03 -2.284024e+01 -5.622456e-04 9.999997e-01 -5.091321e-04 9.601371e-01 2.594560e-03 5.105886e-04 9.999965e-01 2.792337e+01
9.999851e-01 -8.280745e-04 -5.400319e-03 -2.273136e+01 8.318748e-04 9.999994e-01 7.014510e-04 9.513340e-01 5.399735e-03 -7.059323e-04 9.999852e-01 2.793375e+01
9.999947e-01 7.785738e-04 -3.170902e-03 -2.264256e+01 -7.800192e-04 9.999996e-01 -4.545387e-04 9.422291e-01 3.170547e-03 4.570090e-04 9.999949e-01 2.799982e+01
9.999904e-01 -1.281879e-03 -4.195690e-03 -2.266030e+01 1.284790e-03 9.999989e-01 6.911567e-04 9.404137e-01 4.194800e-03 -6.965400e-04 9.999910e-01 2.797779e+01
9.999909e-01 1.075026e-03 -4.138834e-03 -2.259426e+01 -1.076825e-03 9.999993e-01 -4.323824e-04 9.334851e-01 4.138366e-03 4.368346e-04 9.999913e-01 2.798622e+01
9.999907e-01 -1.334570e-03 -4.109636e-03 -2.250687e+01 1.337582e-03 9.999988e-01 7.300179e-04 9.250361e-01 4.108658e-03 -7.355074e-04 9.999913e-01 2.800546e+01
9.999901e-01 1.225778e-03 -4.274975e-03 -2.238956e+01 -1.227658e-03 9.999992e-01 -4.371757e-04 9.148019e-01 4.274436e-03 4.424189e-04 9.999908e-01 2.808066e+01
9.999975e-01 -1.984892e-03 -1.036955e-03 -2.226667e+01 1.985764e-03 9.999977e-01 8.407724e-04 9.138486e-01 1.035284e-03 -8.428289e-04 9.999991e-01 2.778841e+01
9.999994e-01 6.610801e-04 -8.540321e-04 -2.207229e+01 -6.612917e-04 9.999998e-01 -2.472714e-04 9.174936e-01 8.538681e-04 2.478354e-04 9.999996e-01 2.726832e+01
9.999893e-01 -1.271738e-03 -4.457371e-03 -2.187119e+01 1.276233e-03 9.999987e-01 1.005859e-03 9.140620e-01 4.456087e-03 -1.011536e-03 9.999896e-01 2.698807e+01
9.999978e-01 -5.845340e-04 2.023118e-03 -2.183664e+01 5.852729e-04 9.999998e-01 -3.647893e-04 9.223455e-01 -2.022904e-03 3.659720e-04 9.999979e-01 2.651033e+01
9.999883e-01 -3.098436e-03 3.722639e-03 -2.193688e+01 3.093476e-03 9.999943e-01 1.337369e-03 9.512913e-01 -3.726761e-03 -1.325837e-03 9.999922e-01 2.560005e+01
9.999997e-01 7.331330e-04 7.332681e-05 -2.226888e+01 -7.330543e-04 9.999992e-01 -1.070343e-03 9.856713e-01 -7.411178e-05 1.070288e-03 9.999994e-01 2.514996e+01
9.999931e-01 -2.311803e-03 -2.924767e-03 -2.239140e+01 2.315778e-03 9.999964e-01 1.356300e-03 9.984512e-01 2.921621e-03 -1.363064e-03 9.999948e-01 2.486607e+01
9.999994e-01 1.037454e-03 1.828830e-04 -2.237934e+01 -1.037317e-03 9.999992e-01 -7.500890e-04 1.004319e+00 -1.836613e-04 7.498982e-04 9.999997e-01 2.453448e+01
9.999775e-01 -1.531993e-03 -6.531787e-03 -2.235764e+01 1.539723e-03 9.999981e-01 1.178583e-03 1.000248e+00 6.529970e-03 -1.188613e-03 9.999780e-01 2.450747e+01
9.999982e-01 1.193097e-03 -1.444129e-03 -2.229668e+01 -1.194148e-03 9.999990e-01 -7.267385e-04 9.927239e-01 1.443260e-03 7.284611e-04 9.999987e-01 2.455257e+01
9.999792e-01 -1.412988e-03 -6.300356e-03 -2.220466e+01 1.419332e-03 9.999985e-01 1.002464e-03 9.849469e-01 6.298930e-03 -1.011384e-03 9.999796e-01 2.455546e+01
9.999978e-01 1.106563e-03 -1.768778e-03 -2.215226e+01 -1.107616e-03 9.999992e-01 -5.939193e-04 9.776043e-01 1.768119e-03 5.958766e-04 9.999983e-01 2.460581e+01
9.999850e-01 -1.539222e-03 -5.249013e-03 -2.211238e+01 1.544432e-03 9.999983e-01 9.886074e-04 9.737627e-01 5.247483e-03 -9.966987e-04 9.999857e-01 2.456032e+01
9.999980e-01 1.265202e-04 2.010996e-03 -2.215452e+01 -1.251805e-04 9.999998e-01 -6.664237e-04 9.825043e-01 -2.011080e-03 6.661700e-04 9.999978e-01 2.422355e+01
9.999849e-01 -1.403956e-03 -5.317537e-03 -2.221426e+01 1.409997e-03 9.999984e-01 1.132503e-03 9.901453e-01 5.315939e-03 -1.139983e-03 9.999852e-01 2.398462e+01
9.999966e-01 9.576271e-04 -2.407511e-03 -2.217027e+01 -9.596373e-04 9.999992e-01 -8.338451e-04 9.838975e-01 2.406711e-03 8.361521e-04 9.999968e-01 2.400161e+01
9.999973e-01 -2.206199e-03 6.837491e-04 -2.239874e+01 2.205296e-03 9.999967e-01 1.319169e-03 1.002140e+00 -6.866569e-04 -1.317657e-03 9.999989e-01 2.382191e+01
9.999996e-01 5.380001e-04 -6.666354e-04 -2.265895e+01 -5.386463e-04 9.999994e-01 -9.690900e-04 1.023157e+00 6.661133e-04 9.694481e-04 9.999993e-01 2.369113e+01
9.999941e-01 -1.662251e-03 -2.998826e-03 -2.260935e+01 1.666705e-03 9.999975e-01 1.483263e-03 1.025960e+00 2.996353e-03 -1.488252e-03 9.999944e-01 2.338402e+01
9.999975e-01 8.652393e-04 -2.065853e-03 -2.250414e+01 -8.671810e-04 9.999992e-01 -9.390571e-04 1.025384e+00 2.065038e-03 9.408456e-04 9.999974e-01 2.314919e+01
9.999876e-01 -1.535089e-03 -4.744331e-03 -2.246463e+01 1.541754e-03 9.999978e-01 1.401320e-03 1.022873e+00 4.742170e-03 -1.408617e-03 9.999878e-01 2.301482e+01
9.999929e-01 -8.995260e-05 3.763570e-03 -2.237221e+01 9.308826e-05 9.999996e-01 -8.330648e-04 1.029614e+00 -3.763494e-03 8.334086e-04 9.999926e-01 2.246509e+01
9.999751e-01 -1.202568e-03 -6.959310e-03 -2.221820e+01 1.211211e-03 9.999985e-01 1.237890e-03 1.023615e+00 6.957812e-03 -1.246287e-03 9.999750e-01 2.231182e+01
9.999996e-01 7.593450e-04 -4.302647e-04 -2.209581e+01 -7.597332e-04 9.999993e-01 -9.021792e-04 1.014156e+00 4.295790e-04 9.025051e-04 9.999995e-01 2.236190e+01
9.999957e-01 -2.265409e-03 -1.862197e-03 -2.203453e+01 2.268111e-03 9.999964e-01 1.450097e-03 1.020016e+00 1.858906e-03 -1.454314e-03 9.999972e-01 2.195216e+01
9.999970e-01 1.177460e-03 -2.125565e-03 -2.197112e+01 -1.179347e-03 9.999989e-01 -8.865675e-04 1.022458e+00 2.124519e-03 8.890710e-04 9.999973e-01 2.167062e+01
9.999915e-01 -1.719047e-03 -3.743539e-03 -2.188863e+01 1.723785e-03 9.999977e-01 1.262785e-03 1.020497e+00 3.741360e-03 -1.269227e-03 9.999922e-01 2.148527e+01
9.999962e-01 1.119291e-03 -2.516726e-03 -2.195204e+01 -1.121764e-03 9.999989e-01 -9.813883e-04 1.024326e+00 2.515625e-03 9.842071e-04 9.999964e-01 2.137438e+01
9.999905e-01 -1.869213e-03 -3.946402e-03 -2.198389e+01 1.873918e-03 9.999975e-01 1.188767e-03 1.023895e+00 3.944170e-03 -1.196151e-03 9.999915e-01 2.131321e+01
9.999981e-01 1.426759e-03 -1.320861e-03 -2.182415e+01 -1.427703e-03 9.999987e-01 -7.137291e-04 1.018642e+00 1.319841e-03 7.156130e-04 9.999989e-01 2.106803e+01
9.999902e-01 -3.452819e-03 2.779961e-03 -2.169728e+01 3.447638e-03 9.999923e-01 1.866287e-03 1.028532e+00 -2.786384e-03 -1.856684e-03 9.999944e-01 2.031529e+01
9.999898e-01 1.103361e-03 4.380203e-03 -2.118718e+01 -1.104806e-03 9.999993e-01 3.274268e-04 1.036246e+00 -4.379840e-03 -3.322633e-04 9.999904e-01 1.899582e+01
