9.999978e-01 -1.766794e-03 1.160994e-03 -1.297357e-02 1.766220e-03 9.999983e-01 4.951673e-04 -2.734710e-02 -1.161867e-03 -4.931164e-04 9.999992e-01 1.402025e+00
9.999876e-01 8.649136e-04 -4.905187e-03 2.468347e-02 -8.660267e-04 9.999996e-01 -2.248174e-04 -4.857210e-02 4.904991e-03 2.290633e-04 9.999879e-01 2.283457e+00
9.999985e-01 -1.498968e-03 -8.347110e-04 7.691021e-02 1.499410e-03 9.999987e-01 5.281684e-04 -6.685056e-02 8.339179e-04 -5.294199e-04 9.999995e-01 2.944611e+00
9.999888e-01 1.653105e-04 -4.721953e-03 2.383825e-01 -1.656040e-04 1.000000e+00 -6.178189e-05 -6.979553e-02 4.721943e-03 6.256389e-05 9.999888e-01 2.752315e+00
9.999896e-01 -2.124606e-03 4.025334e-03 4.056027e-01 2.119289e-03 9.999969e-01 1.324857e-03 -6.245116e-02 -4.028136e-03 -1.316314e-03 9.999910e-01 2.156595e+00
9.999989e-01 -9.281924e-04 -1.191415e-03 5.279613e-01 9.280805e-04 9.999996e-01 -9.449282e-05 -4.833077e-02 1.191502e-03 9.338769e-05 9.999993e-01 1.285018e+00
9.999689e-01 -2.661655e-03 7.429307e-03 7.962871e-01 2.647336e-03 9.999946e-01 1.936493e-03 -3.123400e-02 -7.434422e-03 -1.916765e-03 9.999705e-01 9.345180e-02
9.999981e-01 -1.746707e-03 8.654980e-04 1.107381e+00 1.746348e-03 9.999984e-01 4.153229e-04 -9.807426e-03 -8.662217e-04 -4.138100e-04 9.999995e-01 -1.381581e+00
9.999674e-01 -2.275536e-03 7.741086e-03 1.402679e+00 2.260171e-03 9.999955e-01 1.992985e-03 1.097208e-02 -7.745587e-03 -1.975425e-03 9.999681e-01 -2.790407e+00
9.999813e-01 -2.572253e-04 -6.111414e-03 1.528418e+00 2.538242e-04 9.999998e-01 -5.572910e-04 2.293383e-02 6.111557e-03 5.557300e-04 9.999812e-01 -3.548987e+00
9.999577e-01 -2.530371e-03 8.844460e-03 1.588322e+00 2.514954e-03 9.999953e-01 1.753776e-03 3.743729e-02 -8.848857e-03 -1.731459e-03 9.999593e-01 -4.379910e+00
9.999976e-01 -1.261598e-03 -1.771896e-03 1.776054e+00 1.261982e-03 9.999992e-01 2.157496e-04 5.852782e-02 1.771623e-03 -2.179844e-04 9.999984e-01 -5.605418e+00
9.999601e-01 -2.605136e-03 8.548882e-03 1.841799e+00 2.593286e-03 9.999957e-01 1.396887e-03 8.247572e-02 -8.552484e-03 -1.374662e-03 9.999625e-01 -6.705178e+00
9.999995e-01 -5.675559e-04 -7.637022e-04 2.087029e+00 5.676635e-04 9.999998e-01 1.406583e-04 1.000271e-01 7.636226e-04 -1.410911e-04 9.999997e-01 -7.884722e+00
9.999763e-01 -2.771345e-03 6.300059e-03 2.446438e+00 2.759788e-03 9.999945e-01 1.842274e-03 1.138507e-01 -6.305131e-03 -1.824844e-03 9.999785e-01 -9.078865e+00
9.999882e-01 6.618831e-04 -4.804901e-03 2.644287e+00 -6.644584e-04 9.999996e-01 -5.344117e-04 1.210527e-01 4.804546e-03 5.375988e-04 9.999883e-01 -9.814975e+00
9.999510e-01 -3.083303e-03 9.403285e-03 2.870873e+00 3.064227e-03 9.999932e-01 2.042430e-03 1.316227e-01 -9.409519e-03 -2.013517e-03 9.999537e-01 -1.082428e+01
9.999986e-01 -7.934649e-04 1.485709e-03 3.179442e+00 7.927432e-04 9.999996e-01 4.862820e-04 1.520614e-01 -1.486094e-03 -4.851028e-04 9.999988e-01 -1.236505e+01
9.999132e-01 -3.828806e-03 1.260838e-02 3.500053e+00 3.800738e-03 9.999902e-01 2.249388e-03 1.792875e-01 -1.261687e-02 -2.201272e-03 9.999180e-01 -1.410331e+01
9.999943e-01 -1.377699e-04 -3.383918e-03 3.686791e+00 1.371877e-04 1.000000e+00 -1.722582e-04 2.018309e-01 3.383942e-03 1.717937e-04 9.999943e-01 -1.541722e+01
9.999255e-01 -3.125420e-03 1.179735e-02 3.993921e+00 3.098197e-03 9.999925e-01 2.325111e-03 2.180271e-01 -1.180453e-02 -2.288388e-03 9.999277e-01 -1.675730e+01
9.999934e-01 9.487749e-05 -3.642352e-03 4.422474e+00 -9.478175e-05 1.000000e+00 2.646210e-05 2.303664e-01 3.642355e-03 -2.611599e-05 9.999934e-01 -1.808203e+01
9.999116e-01 -3.008277e-03 1.295534e-02 4.862584e+00 2.982151e-03 9.999935e-01 2.035445e-03 2.424711e-01 -1.296138e-02 -1.996631e-03 9.999140e-01 -1.948386e+01
9.999986e-01 -6.949657e-04 -1.522403e-03 5.247020e+00 6.950808e-04 9.999998e-01 7.511412e-05 2.624587e-01 1.522351e-03 -7.617151e-05 9.999988e-01 -2.097717e+01
9.999978e-01 -5.534181e-04 2.041268e-03 5.320184e+00 5.513538e-04 9.999993e-01 1.011758e-03 2.685280e-01 -2.041827e-03 -1.010631e-03 9.999974e-01 -2.147313e+01
9.999939e-01 -1.248366e-03 -3.262794e-03 5.352310e+00 1.246717e-03 9.999991e-01 -5.073434e-04 2.741879e-01 3.263425e-03 5.032732e-04 9.999945e-01 -2.194207e+01
9.999995e-01 2.273399e-04 9.926415e-04 5.381682e+00 -2.288428e-04 9.999988e-01 1.514228e-03 2.734326e-01 -9.922965e-04 -1.514455e-03 9.999984e-01 -2.211171e+01
9.999895e-01 -1.385898e-03 -4.378960e-03 5.446149e+00 1.380156e-03 9.999982e-01 -1.314190e-03 2.496836e-01 4.380774e-03 1.308133e-03 9.999895e-01 -2.121418e+01
9.999997e-01 7.799731e-05 -7.815157e-04 5.524120e+00 -7.660216e-05 9.999984e-01 1.785028e-03 2.409340e-01 7.816533e-04 -1.784968e-03 9.999981e-01 -2.110307e+01
9.999894e-01 -9.451881e-04 -4.501338e-03 5.529965e+00 9.401935e-04 9.999989e-01 -1.111566e-03 2.299459e-01 4.502385e-03 1.107323e-03 9.999893e-01 -2.079197e+01
9.999995e-01 3.691795e-04 -9.538098e-04 5.585901e+00 -3.679023e-04 9.999990e-01 1.338918e-03 2.109758e-01 9.543029e-04 -1.338567e-03 9.999986e-01 -2.017887e+01
9.999894e-01 -1.321335e-03 -4.401039e-03 5.666427e+00 1.316833e-03 9.999986e-01 -1.025836e-03 1.960476e-01 4.402389e-03 1.020030e-03 9.999898e-01 -1.980746e+01
9.999850e-01 -1.063604e-03 5.379234e-03 5.714800e+00 1.054745e-03 9.999981e-01 1.649433e-03 2.044686e-01 -5.380978e-03 -1.643735e-03 9.999842e-01 -2.037044e+01
9.999645e-01 -4.072830e-04 -8.410299e-03 5.774571e+00 4.003077e-04 9.999996e-01 -8.310423e-04 1.976937e-01 8.410635e-03 8.276468e-04 9.999643e-01 -2.035201e+01
9.999921e-01 -6.094361e-04 3.922610e-03 5.839620e+00 6.049540e-04 9.999992e-01 1.143743e-03 1.744625e-01 -3.923304e-03 -1.141362e-03 9.999917e-01 -1.951430e+01
9.999595e-01 -2.042538e-04 -8.994716e-03 5.898110e+00 1.975275e-04 9.999997e-01 -7.486843e-04 1.534227e-01 8.994867e-03 7.468780e-04 9.999593e-01 -1.877660e+01
9.999913e-01 -7.486235e-04 4.103132e-03 5.964167e+00 7.440283e-04 9.999991e-01 1.121330e-03 1.312130e-01 -4.103968e-03 -1.118269e-03 9.999910e-01 -1.799415e+01
9.999572e-01 -1.334519e-05 -9.255680e-03 6.023135e+00 6.621063e-06 9.999997e-01 -7.265159e-04 1.105715e-01 9.255688e-03 7.264242e-04 9.999569e-01 -1.727430e+01
9.999926e-01 -7.691986e-04 3.756495e-03 6.083220e+00 7.650524e-04 9.999991e-01 1.105049e-03 9.080200e-02 -3.757342e-03 -1.102168e-03 9.999923e-01 -1.660843e+01
9.999564e-01 1.655436e-04 -9.331493e-03 6.144239e+00 -1.734780e-04 9.999996e-01 -8.494705e-04 7.209556e-02 9.331350e-03 8.510530e-04 9.999561e-01 -1.600558e+01
9.999885e-01 -1.218599e-03 4.639700e-03 6.233485e+00 1.213193e-03 9.999986e-01 1.167727e-03 5.650981e-02 -4.641117e-03 -1.162085e-03 9.999886e-01 -1.560638e+01
9.999927e-01 -2.289729e-04 -3.807501e-03 6.277950e+00 2.261134e-04 9.999997e-01 -7.514073e-04 2.907129e-02 3.807672e-03 7.505416e-04 9.999925e-01 -1.431322e+01
9.999966e-01 -1.092517e-03 2.365983e-03 6.343954e+00 1.089920e-03 9.999988e-01 1.098594e-03 -2.013540e-03 -2.367180e-03 -1.096012e-03 9.999966e-01 -1.302072e+01
9.999928e-01 -1.643658e-04 -3.803754e-03 6.395635e+00 1.617596e-04 9.999998e-01 -6.854770e-04 -3.434843e-02 3.803866e-03 6.848574e-04 9.999925e-01 -1.166881e+01
9.999960e-01 -1.569399e-03 2.365123e-03 6.486232e+00 1.567170e-03 9.999983e-01 9.442238e-04 -6.895930e-02 -2.366601e-03 -9.405142e-04 9.999968e-01 -1.027625e+01
9.999918e-01 3.374072e-04 -4.035846e-03 6.567030e+00 -3.406620e-04 9.999996e-01 -8.058241e-04 -9.907885e-02 4.035573e-03 8.071930e-04 9.999915e-01 -9.081742e+00
9.999987e-01 -1.604167e-03 -5.575436e-05 6.680012e+00 1.604236e-03 9.999979e-01 1.269557e-03 -1.197565e-01 5.371728e-05 -1.269646e-03 9.999992e-01 -8.472260e+00
9.999903e-01 5.154207e-04 -4.366624e-03 6.776437e+00 -5.204454e-04 9.999992e-01 -1.149646e-03 -1.401418e-01 4.366028e-03 1.151909e-03 9.999898e-01 -7.823442e+00
9.999758e-01 -3.272811e-03 6.144106e-03 6.766337e+00 3.259679e-03 9.999924e-01 2.146144e-03 -1.663577e-01 -6.151083e-03 -2.126065e-03 9.999788e-01 -6.421407e+00
9.999812e-01 2.226898e-03 -5.719038e-03 6.763543e+00 -2.237645e-03 9.999957e-01 -1.873513e-03 -1.919007e-01 5.714842e-03 1.886276e-03 9.999819e-01 -5.188120e+00
9.999872e-01 -3.735343e-03 3.414544e-03 6.806121e+00 3.727045e-03 9.999901e-01 2.433424e-03 -1.921855e-01 -3.423600e-03 -2.420667e-03 9.999912e-01 -5.402057e+00
9.999861e-01 2.094548e-03 -4.844057e-03 6.863124e+00 -2.103593e-03 9.999961e-01 -1.862865e-03 -1.869810e-01 4.840136e-03 1.873030e-03 9.999865e-01 -5.830555e+00
9.999704e-01 -4.584935e-03 6.176723e-03 6.993554e+00 4.568401e-03 9.999860e-01 2.688321e-03 -1.756751e-01 -6.188962e-03 -2.660024e-03 9.999773e-01 -6.542268e+00
9.999868e-01 2.210763e-03 -4.628602e-03 7.100637e+00 -2.218720e-03 9.999961e-01 -1.714648e-03 -1.632990e-01 4.624793e-03 1.724896e-03 9.999878e-01 -7.266909e+00
9.999783e-01 -4.147434e-03 5.109379e-03 7.201804e+00 4.135264e-03 9.999886e-01 2.390003e-03 -1.554859e-01 -5.119233e-03 -2.368824e-03 9.999841e-01 -7.813814e+00
9.999432e-01 3.540079e-03 -1.005531e-02 7.282102e+00 -3.559249e-03 9.999919e-01 -1.889227e-03 -1.696368e-01 1.004854e-02 1.924909e-03 9.999477e-01 -7.407152e+00
9.999798e-01 -4.188135e-03 4.779451e-03 7.337908e+00 4.177047e-03 9.999886e-01 2.327385e-03 -1.896530e-01 -4.789144e-03 -2.307374e-03 9.999859e-01 -6.732360e+00
9.999432e-01 3.505415e-03 -1.006812e-02 7.377093e+00 -3.522937e-03 9.999923e-01 -1.723127e-03 -2.050731e-01 1.006200e-02 1.758499e-03 9.999478e-01 -6.209428e+00
9.999887e-01 -3.780133e-03 2.888175e-03 7.447322e+00 3.774024e-03 9.999906e-01 2.117556e-03 -2.183229e-01 -2.896153e-03 -2.106632e-03 9.999936e-01 -5.908052e+00
9.999625e-01 3.107881e-03 -8.086375e-03 7.567476e+00 -3.121407e-03 9.999937e-01 -1.660565e-03 -2.226781e-01 8.081164e-03 1.685744e-03 9.999659e-01 -6.080683e+00
9.999576e-01 -4.994833e-03 7.737689e-03 7.588589e+00 4.976895e-03 9.999849e-01 2.335747e-03 -2.130917e-01 -7.749239e-03 -2.297139e-03 9.999673e-01 -6.608395e+00
9.999825e-01 2.504413e-03 -5.360936e-03 7.509729e+00 -2.512994e-03 9.999956e-01 -1.594569e-03 -1.948148e-01 5.356919e-03 1.608013e-03 9.999844e-01 -7.226710e+00
9.999779e-01 -4.341224e-03 5.025620e-03 7.494535e+00 4.329669e-03 9.999880e-01 2.307773e-03 -1.847135e-01 -5.035579e-03 -2.285963e-03 9.999847e-01 -7.676256e+00
9.999687e-01 3.119788e-03 -7.273034e-03 7.611703e+00 -3.132074e-03 9.999937e-01 -1.678440e-03 -1.824355e-01 7.267752e-03 1.701168e-03 9.999721e-01 -8.073869e+00
9.999816e-01 -4.238547e-03 4.349891e-03 7.726851e+00 4.228760e-03 9.999885e-01 2.256563e-03 -1.813327e-01 -4.359406e-03 -2.238128e-03 9.999880e-01 -8.419184e+00
9.999887e-01 2.334549e-03 -4.140310e-03 7.801100e+00 -2.341338e-03 9.999959e-01 -1.635661e-03 -1.727755e-01 4.136475e-03 1.645337e-03 9.999901e-01 -8.988117e+00
9.999300e-01 -5.617902e-03 1.041710e-02 7.842540e+00 5.589032e-03 9.999805e-01 2.798423e-03 -1.516596e-01 -1.043262e-02 -2.740006e-03 9.999418e-01 -9.995370e+00
9.999851e-01 2.642078e-03 -4.781324e-03 7.849120e+00 -2.649893e-03 9.999952e-01 -1.628824e-03 -1.306013e-01 4.776998e-03 1.641470e-03 9.999872e-01 -1.086350e+01
9.999697e-01 -4.775168e-03 6.150614e-03 7.925174e+00 4.759918e-03 9.999856e-01 2.491798e-03 -1.200860e-01 -6.162424e-03 -2.462447e-03 9.999780e-01 -1.151071e+01
9.999917e-01 2.307881e-03 -3.370255e-03 7.997796e+00 -2.313780e-03 9.999958e-01 -1.747687e-03 -1.066933e-01 3.366208e-03 1.755471e-03 9.999928e-01 -1.218715e+01
9.999629e-01 -4.880230e-03 7.102126e-03 8.098708e+00 4.861466e-03 9.999847e-01 2.656930e-03 -9.274222e-02 -7.114983e-03 -2.622306e-03 9.999712e-01 -1.298755e+01
9.999939e-01 2.127922e-03 -2.779134e-03 8.181023e+00 -2.132505e-03 9.999964e-01 -1.647023e-03 -7.750539e-02 2.775619e-03 1.652940e-03 9.999948e-01 -1.381743e+01
9.999782e-01 -4.503555e-03 4.838683e-03 8.116274e+00 4.492472e-03 9.999873e-01 2.298916e-03 -5.897678e-02 -4.848975e-03 -2.277129e-03 9.999857e-01 -1.439101e+01
9.999978e-01 1.019374e-03 1.822055e-03 8.181649e+00 -1.017132e-03 9.999987e-01 -1.231301e-03 -3.717244e-02 -1.823308e-03 1.229446e-03 9.999976e-01 -1.543630e+01
9.999605e-01 -5.025777e-03 7.336547e-03 8.324422e+00 5.007436e-03 9.999843e-01 2.516062e-03 -1.299305e-02 -7.349077e-03 -2.479226e-03 9.999699e-01 -1.660479e+01
9.999870e-01 2.863029e-03 -4.214500e-03 8.485735e+00 -2.867612e-03 9.999953e-01 -1.081702e-03 -3.268752e-03 4.211384e-03 1.093774e-03 9.999905e-01 -1.744007e+01
9.999694e-01 -5.308335e-03 5.752142e-03 8.445376e+00 5.297149e-03 9.999841e-01 1.958269e-03 1.213032e-02 -5.762445e-03 -1.927740e-03 9.999815e-01 -1.805406e+01
9.999959e-01 2.558533e-03 -1.269336e-03 8.545241e+00 -2.559801e-03 9.999962e-01 -9.985196e-04 2.790044e-02 1.266776e-03 1.001765e-03 9.999987e-01 -1.891467e+01
9.999585e-01 -5.910283e-03 6.932843e-03 8.677437e+00 5.895623e-03 9.999803e-01 2.133177e-03 4.605980e-02 -6.945314e-03 -2.092216e-03 9.999737e-01 -1.989373e+01
9.999982e-01 1.884396e-03 2.433641e-04 8.641542e+00 -1.884142e-03 9.999977e-01 -1.041368e-03 7.351113e-02 -2.453255e-04 1.040908e-03 9.999994e-01 -2.094084e+01
9.999582e-01 -6.084678e-03 6.817970e-03 8.748112e+00 6.067093e-03 9.999782e-01 2.596803e-03 9.812866e-02 -6.833623e-03 -2.555330e-03 9.999734e-01 -2.208672e+01
9.999969e-01 2.481758e-03 2.073281e-04 8.816360e+00 -2.481455e-03 9.999959e-01 -1.448208e-03 1.210260e-01 -2.109209e-04 1.447690e-03 9.999989e-01 -2.311126e+01
9.999794e-01 -5.305985e-03 3.618195e-03 8.808553e+00 5.297978e-03 9.999835e-01 2.218867e-03 1.409504e-01 -3.629909e-03 -2.199653e-03 9.999910e-01 -2.388320e+01
9.999966e-01 2.605168e-03 -3.357484e-04 8.769320e+00 -2.605601e-03 9.999958e-01 -1.295917e-03 1.587125e-01 3.323713e-04 1.296788e-03 9.999991e-01 -2.460476e+01
9.999866e-01 -4.091130e-03 -3.181972e-03 8.635434e+00 4.096288e-03 9.999903e-01 1.616161e-03 1.645589e-01 3.175329e-03 -1.629174e-03 9.999936e-01 -2.461887e+01
9.999636e-01 2.939521e-03 8.010404e-03 8.405628e+00 -2.931755e-03 9.999952e-01 -9.809969e-04 1.763661e-01 -8.013249e-03 9.574773e-04 9.999674e-01 -2.371375e+01
9.999897e-01 -4.524307e-03 3.110678e-04 8.142328e+00 4.524164e-03 9.999897e-01 4.569804e-04 2.122095e-01 -3.131325e-04 -4.555690e-04 9.999998e-01 -2.375659e+01
9.999958e-01 2.278070e-03 1.766005e-03 8.093129e+00 -2.277887e-03 9.999974e-01 -1.056979e-04 2.321897e-01 -1.766240e-03 1.016754e-04 9.999984e-01 -2.430215e+01
9.999908e-01 -3.713761e-03 -2.164560e-03 8.084455e+00 3.714827e-03 9.999930e-01 4.883708e-04 2.434407e-01 2.162731e-03 -4.964080e-04 9.999975e-01 -2.460632e+01
9.999862e-01 1.063669e-03 5.149613e-03 8.247126e+00 -1.067571e-03 9.999991e-01 7.550210e-04 2.570537e-01 -5.148805e-03 -7.605074e-04 9.999865e-01 -2.545272e+01
9.999909e-01 -4.130652e-03 -1.098572e-03 8.383801e+00 4.130976e-03 9.999914e-01 2.929517e-04 2.730402e-01 1.097352e-03 -2.974879e-04 9.999994e-01 -2.633695e+01
9.999791e-01 8.941279e-04 6.400626e-03 8.475005e+00 -8.985883e-04 9.999994e-01 6.940243e-04 2.922997e-01 -6.400001e-03 -6.997607e-04 9.999793e-01 -2.725566e+01
9.999868e-01 -3.081837e-03 -4.115753e-03 8.591645e+00 3.082297e-03 9.999952e-01 1.055288e-04 3.025093e-01 4.115408e-03 -1.182140e-04 9.999915e-01 -2.791431e+01
9.999976e-01 1.777012e-03 1.255543e-03 8.672924e+00 -1.777687e-03 9.999983e-01 5.367687e-04 3.060947e-01 -1.254587e-03 -5.389988e-04 9.999991e-01 -2.833341e+01
9.999893e-01 -4.386143e-03 1.437779e-03 8.723259e+00 4.386026e-03 9.999904e-01 8.414328e-05 3.207200e-01 -1.438135e-03 -7.783692e-05 9.999990e-01 -2.902807e+01
9.999972e-01 2.356484e-03 -1.712202e-04 8.871009e+00 -2.356365e-03 9.999970e-01 6.897735e-04 3.291846e-01 1.728456e-04 -6.893674e-04 9.999997e-01 -2.967105e+01
9.999907e-01 -3.738576e-03 -2.143197e-03 9.000299e+00 3.738325e-03 9.999930e-01 -1.207811e-04 3.328318e-01 2.143633e-03 1.127673e-04 9.999977e-01 -3.011918e+01
9.999944e-01 1.863004e-03 2.776062e-03 8.921501e+00 -1.864592e-03 9.999981e-01 5.694567e-04 3.503228e-01 -2.774995e-03 -5.746290e-04 9.999960e-01 -3.036739e+01
9.999849e-01 -3.823963e-03 3.942088e-03 8.769238e+00 3.822206e-03 9.999926e-01 4.531520e-04 3.769445e-01 -3.943792e-03 -4.380784e-04 9.999921e-01 -3.044296e+01
9.999982e-01 6.639106e-04 1.763270e-03 9.016041e+00 -6.662178e-04 9.999989e-01 1.308176e-03 3.949525e-01 -1.762399e-03 -1.309348e-03 9.999976e-01 -3.148990e+01
9.999961e-01 -2.787948e-03 -3.371581e-04 9.198715e+00 2.787762e-03 9.999960e-01 -5.509144e-04 4.038182e-01 3.386923e-04 5.499716e-04 9.999998e-01 -3.219462e+01
9.999966e-01 2.099118e-04 2.603141e-03 9.362307e+00 -2.134663e-04 9.999990e-01 1.365257e-03 4.151540e-01 -2.602851e-03 -1.365807e-03 9.999957e-01 -3.295720e+01
9.999836e-01 -3.899305e-03 4.203138e-03 9.486853e+00 3.900039e-03 9.999924e-01 -1.665377e-04 4.365530e-01 -4.202457e-03 1.829267e-04 9.999912e-01 -3.408691e+01
9.999804e-01 -5.928754e-04 6.238862e-03 9.604594e+00 5.819306e-04 9.999983e-01 1.755965e-03 4.650968e-01 -6.239892e-03 -1.752299e-03 9.999790e-01 -3.540002e+01
9.999938e-01 -3.237716e-03 1.357359e-03 9.696070e+00 3.238553e-03 9.999946e-01 -6.149931e-04 4.888731e-01 -1.355361e-03 6.193845e-04 9.999989e-01 -3.646709e+01
9.999838e-01 -6.606300e-04 5.650542e-03 9.757512e+00 6.509392e-04 9.999983e-01 1.716676e-03 5.135733e-01 -5.651666e-03 -1.712969e-03 9.999826e-01 -3.754229e+01
9.999965e-01 -2.639507e-03 -3.467173e-04 9.853208e+00 2.639316e-03 9.999964e-01 -5.531021e-04 5.334360e-01 3.481755e-04 5.521844e-04 9.999998e-01 -3.845247e+01
9.999933e-01 -2.087028e-04 3.665847e-03 9.912529e+00 2.036133e-04 9.999990e-01 1.388639e-03 5.499951e-01 -3.666133e-03 -1.387883e-03 9.999923e-01 -3.924659e+01
9.999881e-01 -3.632217e-03 3.259820e-03 9.973512e+00 3.633193e-03 9.999934e-01 -2.934502e-04 5.742574e-01 -3.258733e-03 3.052896e-04 9.999946e-01 -4.030982e+01
9.999908e-01 -3.095587e-04 4.288057e-03 1.009240e+01 3.028284e-04 9.999987e-01 1.570100e-03 5.982631e-01 -4.288537e-03 -1.568786e-03 9.999896e-01 -4.141818e+01
9.999918e-01 -3.423507e-03 2.148796e-03 1.020092e+01 3.424253e-03 9.999941e-01 -3.436288e-04 6.206509e-01 -2.147608e-03 3.509833e-04 9.999976e-01 -4.248427e+01
9.999891e-01 -3.165691e-04 4.652742e-03 1.030754e+01 3.094072e-04 9.999988e-01 1.539897e-03 6.429632e-01 -4.653224e-03 -1.538440e-03 9.999880e-01 -4.354027e+01
9.999940e-01 -3.256606e-03 1.190246e-03 1.039188e+01 3.257110e-03 9.999946e-01 -4.216608e-04 6.640310e-01 -1.188867e-03 4.255344e-04 9.999992e-01 -4.452609e+01
9.999806e-01 -5.981419e-04 6.199407e-03 1.046120e+01 5.882983e-04 9.999986e-01 1.589522e-03 6.883104e-01 -6.200348e-03 -1.585843e-03 9.999795e-01 -4.559011e+01
9.999928e-01 -3.398860e-03 1.663553e-03 1.052135e+01 3.399583e-03 9.999941e-01 -4.321856e-04 7.140318e-01 -1.662075e-03 4.378373e-04 9.999985e-01 -4.668535e+01
9.999771e-01 -7.061072e-04 6.725682e-03 1.059590e+01 6.953885e-04 9.999985e-01 1.595899e-03 7.403526e-01 -6.726798e-03 -1.591184e-03 9.999761e-01 -4.782721e+01
9.999954e-01 -3.025962e-03 2.903745e-04 1.071832e+01 3.026064e-03 9.999954e-01 -3.535955e-04 7.625606e-01 -2.893036e-04 3.544719e-04 9.999999e-01 -4.888910e+01
9.999715e-01 -9.400286e-04 7.492592e-03 1.088377e+01 9.275648e-04 9.999982e-01 1.666774e-03 7.857257e-01 -7.494145e-03 -1.659776e-03 9.999705e-01 -5.004946e+01
9.999917e-01 -2.538834e-03 -3.179442e-03 1.100820e+01 2.538224e-03 9.999968e-01 -1.956624e-04 8.045190e-01 3.179928e-03 1.875900e-04 9.999949e-01 -5.098382e+01
9.999422e-01 -1.417561e-03 1.066024e-02 1.118098e+01 1.401960e-03 9.999979e-01 1.470850e-03 8.268563e-01 -1.066231e-02 -1.455819e-03 9.999421e-01 -5.213177e+01
9.999891e-01 -2.473806e-03 -3.965624e-03 1.143523e+01 2.474319e-03 9.999969e-01 1.243560e-04 8.465788e-01 3.965303e-03 -1.341675e-04 9.999921e-01 -5.332939e+01
9.999731e-01 -5.452657e-04 7.320769e-03 1.165947e+01 5.385332e-04 9.999994e-01 9.215810e-04 8.601838e-01 -7.321267e-03 -9.176130e-04 9.999728e-01 -5.424574e+01
9.999858e-01 -1.853248e-03 -4.994892e-03 1.178988e+01 1.853111e-03 9.999983e-01 -3.206139e-05 8.726728e-01 4.994942e-03 2.280421e-05 9.999875e-01 -5.498431e+01
9.999797e-01 -5.437266e-04 6.340983e-03 1.198679e+01 5.377015e-04 9.999994e-01 9.518295e-04 8.827373e-01 -6.341496e-03 -9.484000e-04 9.999794e-01 -5.572918e+01
9.999638e-01 -1.261388e-03 -8.418124e-03 1.210215e+01 1.260493e-03 9.999992e-01 -1.116333e-04 8.883018e-01 8.418257e-03 1.010176e-04 9.999646e-01 -5.620187e+01
9.999853e-01 1.251315e-04 5.421883e-03 1.210264e+01 -1.296496e-04 9.999996e-01 8.329488e-04 8.907094e-01 -5.421776e-03 -8.336389e-04 9.999850e-01 -5.634481e+01
9.999570e-01 -1.001383e-03 -9.216994e-03 1.200792e+01 9.987802e-04 9.999995e-01 -2.870060e-04 8.901290e-01 9.217276e-03 2.777873e-04 9.999575e-01 -5.591006e+01
9.999792e-01 -1.723502e-04 6.451650e-03 1.180942e+01 1.690856e-04 9.999999e-01 5.065376e-04 9.019250e-01 -6.451736e-03 -5.054355e-04 9.999791e-01 -5.571571e+01
9.999370e-01 -7.398601e-04 -1.119838e-02 1.173763e+01 7.384500e-04 9.999997e-01 -1.300594e-04 9.011866e-01 1.119848e-02 1.217811e-04 9.999373e-01 -5.542529e+01
9.999849e-01 1.546579e-04 5.500633e-03 1.172622e+01 -1.579302e-04 9.999998e-01 5.944502e-04 8.945621e-01 -5.500540e-03 -5.953093e-04 9.999847e-01 -5.510909e+01
9.999301e-01 -8.048976e-04 -1.179379e-02 1.170893e+01 8.020053e-04 9.999996e-01 -2.499736e-04 8.911557e-01 1.179399e-02 2.404969e-04 9.999304e-01 -5.496576e+01
9.999681e-01 -1.884419e-04 7.981583e-03 1.174148e+01 1.831104e-04 9.999998e-01 6.686997e-04 8.932393e-01 -7.981707e-03 -6.672162e-04 9.999679e-01 -5.520277e+01
9.999568e-01 -1.476115e-03 -9.180916e-03 1.181377e+01 1.476073e-03 9.999989e-01 -1.135225e-05 9.007043e-01 9.180922e-03 -2.200584e-06 9.999579e-01 -5.565992e+01
9.999898e-01 5.455142e-04 4.476541e-03 1.176522e+01 -5.467244e-04 9.999998e-01 2.691048e-04 8.957860e-01 -4.476393e-03 -2.715489e-04 9.999899e-01 -5.531730e+01
9.999665e-01 -1.283861e-03 -8.088877e-03 1.167598e+01 1.284136e-03 9.999992e-01 2.878317e-05 8.960375e-01 8.088833e-03 -3.917007e-05 9.999673e-01 -5.521988e+01
9.999475e-01 -1.064228e-03 1.018917e-02 1.151444e+01 1.057833e-03 9.999992e-01 6.329652e-04 9.188900e-01 -1.018983e-02 -6.221529e-04 9.999479e-01 -5.580756e+01
9.999646e-01 -1.532814e-03 -8.276972e-03 1.136770e+01 1.533166e-03 9.999988e-01 3.618986e-05 9.399960e-01 8.276907e-03 -4.887919e-05 9.999657e-01 -5.638791e+01
9.999689e-01 1.372067e-04 7.880966e-03 1.114510e+01 -1.409259e-04 9.999999e-01 4.713603e-04 9.610970e-01 -7.880899e-03 -4.724556e-04 9.999688e-01 -5.659284e+01
9.999568e-01 -2.117876e-03 -9.054745e-03 1.093410e+01 2.116326e-03 9.999977e-01 -1.807729e-04 9.836293e-01 9.055107e-03 1.616016e-04 9.999590e-01 -5.693438e+01
9.998875e-01 -1.460097e-03 1.492818e-02 1.087521e+01 1.443294e-03 9.999983e-01 1.136303e-03 1.008880e+00 -1.492981e-02 -1.114629e-03 9.998879e-01 -5.783538e+01
9.999496e-01 -1.529033e-03 -9.926168e-03 1.090961e+01 1.527005e-03 9.999988e-01 -2.118638e-04 1.029143e+00 9.926480e-03 1.966951e-04 9.999507e-01 -5.864642e+01
9.999679e-01 2.171243e-04 8.003767e-03 1.099026e+01 -2.243040e-04 9.999996e-01 8.961451e-04 1.035169e+00 -8.003568e-03 -8.979110e-04 9.999676e-01 -5.906103e+01
9.999551e-01 -1.856634e-03 -9.288344e-03 1.106944e+01 1.853290e-03 9.999982e-01 -3.685837e-04 1.042422e+00 9.289011e-03 3.513525e-04 9.999568e-01 -5.954384e+01
9.999828e-01 6.568887e-04 5.820451e-03 1.105458e+01 -6.626696e-04 9.999993e-01 9.913172e-04 1.047043e+00 -5.819795e-03 -9.951566e-04 9.999826e-01 -5.976403e+01
9.999456e-01 -1.578748e-03 -1.031355e-02 1.102564e+01 1.571126e-03 9.999985e-01 -7.470850e-04 1.045079e+00 1.031471e-02 7.308398e-04 9.999465e-01 -5.976111e+01
9.999855e-01 7.273471e-04 5.339847e-03 1.093577e+01 -7.347162e-04 9.999988e-01 1.378174e-03 1.049460e+00 -5.338837e-03 -1.382076e-03 9.999848e-01 -5.972668e+01
9.999328e-01 -1.267278e-03 -1.152259e-02 1.092593e+01 1.253733e-03 9.999985e-01 -1.182633e-03 1.047594e+00 1.152407e-02 1.168106e-03 9.999329e-01 -5.959308e+01
9.999887e-01 1.218928e-03 4.595030e-03 1.113663e+01 -1.225492e-03 9.999982e-01 1.425923e-03 1.038747e+00 -4.593283e-03 -1.431537e-03 9.999884e-01 -5.971624e+01
9.999783e-01 -2.760374e-03 -5.979910e-03 1.144025e+01 2.756001e-03 9.999959e-01 -7.394125e-04 1.041128e+00 5.981926e-03 7.229152e-04 9.999818e-01 -6.036225e+01
9.999867e-01 6.145605e-04 5.116580e-03 1.164236e+01 -6.231527e-04 9.999984e-01 1.677846e-03 1.048265e+00 -5.115540e-03 -1.681012e-03 9.999855e-01 -6.098624e+01
9.999587e-01 -1.614310e-03 -8.939220e-03 1.176498e+01 1.602841e-03 9.999979e-01 -1.290016e-03 1.048446e+00 8.941283e-03 1.275634e-03 9.999592e-01 -6.129877e+01
9.999899e-01 5.167861e-04 4.466887e-03 1.178048e+01 -5.248656e-04 9.999982e-01 1.807753e-03 1.030714e+00 -4.465945e-03 -1.810079e-03 9.999884e-01 -6.063645e+01
9.999876e-01 -2.282897e-03 -4.430801e-03 1.175322e+01 2.276864e-03 9.999965e-01 -1.366271e-03 1.004390e+00 4.433904e-03 1.356165e-03 9.999893e-01 -5.940315e+01
9.999977e-01 1.799309e-03 -1.207512e-03 1.178357e+01 -1.797532e-03 9.999973e-01 1.471638e-03 9.898645e-01 1.210157e-03 -1.469464e-03 9.999982e-01 -5.899323e+01
9.999848e-01 -2.690982e-03 -4.809111e-03 1.185202e+01 2.687032e-03 9.999960e-01 -8.276389e-04 9.655485e-01 4.811319e-03 8.147034e-04 9.999881e-01 -5.820101e+01
9.999966e-01 1.451132e-03 2.174219e-03 1.194351e+01 -1.453836e-03 9.999982e-01 1.242620e-03 9.356092e-01 -2.172411e-03 -1.245776e-03 9.999969e-01 -5.703450e+01
9.999682e-01 -1.503056e-03 -7.837667e-03 1.189137e+01 1.495101e-03 9.999984e-01 -1.020736e-03 9.361112e-01 7.839188e-03 1.008985e-03 9.999688e-01 -5.680819e+01
9.999769e-01 3.740137e-04 6.780451e-03 1.166779e+01 -3.796452e-04 9.999996e-01 8.292788e-04 9.521548e-01 -6.780137e-03 -8.318332e-04 9.999767e-01 -5.649436e+01
9.999982e-01 -9.804444e-04 -1.631718e-03 1.118205e+01 9.794914e-04 9.999993e-01 -5.847906e-04 9.954050e-01 1.632289e-03 5.831907e-04 9.999985e-01 -5.602119e+01
9.991557e-01 -2.806632e-03 4.098794e-02 9.333686e+00 2.732891e-03 9.999945e-01 1.855024e-03 1.151301e+00 -4.099292e-02 -1.741441e-03 9.991579e-01 -5.388766e+01
9.999973e-01 -1.450853e-03 -1.823929e-03 8.089920e+00 1.441121e-03 9.999848e-01 -5.325982e-03 1.235950e+00 1.831628e-03 5.323339e-03 9.999842e-01 -5.123680e+01
9.999953e-01 2.851137e-04 3.051528e-03 8.044131e+00 -3.039433e-04 9.999809e-01 6.171841e-03 1.212008e+00 -3.049709e-03 -6.172739e-03 9.999763e-01 -5.002462e+01
9.999908e-01 -1.117592e-03 4.150330e-03 7.556503e+00 1.143212e-03 9.999803e-01 -6.175733e-03 1.251171e+00 -4.143347e-03 6.180420e-03 9.999723e-01 -4.926461e+01
9.995619e-01 -1.818154e-03 2.954078e-02 6.016431e+00 1.636364e-03 9.999796e-01 6.176869e-03 1.386520e+00 -2.955141e-02 -6.125822e-03 9.995445e-01 -4.769779e+01
9.999984e-01 -1.574208e-03 -8.968613e-04 4.656200e+00 1.567425e-03 9.999705e-01 -7.514261e-03 1.512899e+00 9.086635e-04 7.512842e-03 9.999714e-01 -4.691852e+01
9.998685e-01 -3.225143e-04 1.621424e-02 3.698230e+00 1.989739e-04 9.999709e-01 7.620288e-03 1.601860e+00 -1.621623e-02 -7.616059e-03 9.998395e-01 -4.644996e+01
9.999969e-01 -1.977809e-03 -1.487361e-03 2.850979e+00 1.965690e-03 9.999652e-01 -8.105825e-03 1.680776e+00 1.503340e-03 8.102876e-03 9.999660e-01 -4.600925e+01
9.999998e-01 5.955182e-04 -3.242676e-04 2.540177e+00 -5.928619e-04 9.999668e-01 8.131517e-03 1.704741e+00 3.290997e-04 -8.131323e-03 9.999669e-01 -4.615137e+01
9.999988e-01 -1.498959e-03 3.885748e-04 2.287026e+00 1.501998e-03 9.999673e-01 -7.943743e-03 1.725998e+00 -3.766552e-04 7.944316e-03 9.999684e-01 -4.608927e+01
9.999892e-01 1.616561e-03 -4.352708e-03 2.133215e+00 -1.578333e-03 9.999603e-01 8.771796e-03 1.737680e+00 4.366716e-03 -8.764831e-03 9.999521e-01 -4.581859e+01
9.999480e-01 -2.367661e-03 9.915813e-03 1.630473e+00 2.452596e-03 9.999603e-01 -8.562190e-03 1.786938e+00 -9.895147e-03 8.586063e-03 9.999142e-01 -4.548849e+01
9.998481e-01 1.998241e-03 -1.731270e-02 1.626980e+00 -1.845618e-03 9.999593e-01 8.827124e-03 1.784925e+00 1.732963e-02 -8.793830e-03 9.998112e-01 -4.543842e+01
9.998317e-01 -2.574859e-03 1.816497e-02 1.263103e+00 2.730482e-03 9.999597e-01 -8.547606e-03 1.818004e+00 -1.814223e-02 8.595765e-03 9.997985e-01 -4.522497e+01
9.998641e-01 1.375896e-03 -1.643115e-02 9.066915e-01 -1.241675e-03 9.999658e-01 8.176079e-03 1.848932e+00 1.644184e-02 -8.154565e-03 9.998316e-01 -4.503550e+01
9.998786e-01 -1.949608e-03 1.546065e-02 6.989864e-01 2.078683e-03 9.999631e-01 -8.336969e-03 1.863884e+00 -1.544382e-02 8.368094e-03 9.998457e-01 -4.472968e+01
9.999634e-01 9.719279e-04 -8.497525e-03 1.189801e-01 -8.997624e-04 9.999635e-01 8.492245e-03 1.918841e+00 8.505469e-03 -8.484288e-03 9.999278e-01 -4.438488e+01
9.999660e-01 -1.995619e-03 7.996307e-03 -1.470833e-01 2.065866e-03 9.999593e-01 -8.786262e-03 1.941282e+00 -7.978448e-03 8.802482e-03 9.999294e-01 -4.419200e+01
9.998708e-01 1.751112e-03 -1.597724e-02 -8.657255e-02 -1.603819e-03 9.999561e-01 9.227108e-03 1.930981e+00 1.599270e-02 -9.200291e-03 9.998298e-01 -4.403603e+01
9.999061e-01 -2.302046e-03 1.350958e-02 -3.160101e-01 2.425247e-03 9.999556e-01 -9.110225e-03 1.950026e+00 -1.348801e-02 9.142133e-03 9.998672e-01 -4.390913e+01
9.998596e-01 1.461307e-03 -1.669002e-02 -5.291340e-01 -1.308988e-03 9.999574e-01 9.133648e-03 1.965701e+00 1.670266e-02 -9.110518e-03 9.998190e-01 -4.388878e+01
9.999530e-01 -1.586786e-03 9.560876e-03 -5.401700e-01 1.671211e-03 9.999596e-01 -8.828813e-03 1.966513e+00 -9.546481e-03 8.844376e-03 9.999153e-01 -4.396875e+01
9.999644e-01 5.318689e-04 -8.415409e-03 -7.497293e-02 -4.468958e-04 9.999489e-01 1.009600e-02 1.962698e+00 8.420349e-03 -1.009188e-02 9.999136e-01 -4.478825e+01
9.998804e-01 -3.227615e-03 1.512835e-02 3.100046e-01 3.347513e-03 9.999631e-01 -7.906773e-03 1.977530e+00 -1.510227e-02 7.956469e-03 9.998543e-01 -4.610885e+01
9.998806e-01 1.931764e-03 -1.533190e-02 3.876043e-01 -1.788365e-03 9.999546e-01 9.361154e-03 1.984409e+00 1.534929e-02 -9.332616e-03 9.998386e-01 -4.672785e+01
9.999554e-01 -1.890700e-03 9.256716e-03 5.916895e-01 1.976019e-03 9.999556e-01 -9.216560e-03 1.966379e+00 -9.238879e-03 9.234439e-03 9.999147e-01 -4.647940e+01
9.998517e-01 1.598812e-03 -1.714945e-02 6.534278e-01 -1.431309e-03 9.999512e-01 9.775080e-03 1.953241e+00 1.716425e-02 -9.749083e-03 9.998052e-01 -4.619185e+01
9.998617e-01 -2.606977e-03 1.642662e-02 9.160967e-01 2.750388e-03 9.999583e-01 -8.713870e-03 1.950960e+00 -1.640321e-02 8.757844e-03 9.998271e-01 -4.681946e+01
9.999348e-01 -5.233738e-04 -1.140707e-02 1.173460e+00 6.484154e-04 9.999397e-01 1.096083e-02 1.969075e+00 1.140065e-02 -1.096751e-02 9.998749e-01 -4.811105e+01
9.997864e-01 -3.739725e-03 2.032776e-02 1.032566e+00 3.916462e-03 9.999548e-01 -8.661486e-03 2.005142e+00 -2.029446e-02 8.739248e-03 9.997559e-01 -4.932554e+01
9.998824e-01 1.065827e-03 -1.529607e-02 1.229270e+00 -8.937029e-04 9.999363e-01 1.125528e-02 2.020181e+00 1.530709e-02 -1.124028e-02 9.998197e-01 -5.050783e+01
9.999297e-01 -1.678350e-03 1.173866e-02 1.097646e+00 1.810904e-03 9.999346e-01 -1.129064e-02 2.023338e+00 -1.171895e-02 1.131110e-02 9.998674e-01 -5.041265e+01
9.998909e-01 1.175339e-03 -1.472573e-02 1.041706e+00 -9.999333e-04 9.999285e-01 1.191319e-02 2.009540e+00 1.473868e-02 -1.189717e-02 9.998206e-01 -4.969212e+01
9.998323e-01 -1.608057e-03 1.824121e-02 5.184173e-01 1.812841e-03 9.999355e-01 -1.121548e-02 2.057170e+00 -1.822200e-02 1.124667e-02 9.997707e-01 -4.949462e+01
9.998566e-01 8.796073e-04 -1.691169e-02 1.441031e-01 -6.844987e-04 9.999332e-01 1.153924e-02 2.089393e+00 1.692071e-02 -1.152601e-02 9.997904e-01 -4.928672e+01
9.998828e-01 -1.421872e-03 1.524403e-02 -4.136806e-03 1.600974e-03 9.999298e-01 -1.174323e-02 2.097849e+00 -1.522627e-02 1.176626e-02 9.998148e-01 -4.890869e+01
9.997984e-01 7.201418e-04 -2.006425e-02 -7.523437e-02 -4.755654e-04 9.999256e-01 1.219178e-02 2.097293e+00 2.007154e-02 -1.217978e-02 9.997244e-01 -4.860084e+01
9.998107e-01 -1.605370e-03 1.938825e-02 -2.952479e-01 1.838563e-03 9.999261e-01 -1.201570e-02 2.112430e+00 -1.936752e-02 1.204907e-02 9.997398e-01 -4.824067e+01
9.999759e-01 1.876548e-03 -6.682985e-03 -1.059914e+00 -1.784632e-03 9.999041e-01 1.373326e-02 2.182462e+00 6.708116e-03 -1.372100e-02 9.998834e-01 -4.734804e+01
9.993681e-01 -2.467272e-03 3.545946e-02 -2.286245e+00 2.960589e-03 9.998995e-01 -1.386637e-02 2.302300e+00 -3.542168e-02 1.396258e-02 9.992749e-01 -4.604428e+01
9.999748e-01 1.732410e-03 -6.878793e-03 -3.518379e+00 -1.638027e-03 9.999048e-01 1.370288e-02 2.420015e+00 6.901878e-03 -1.369127e-02 9.998824e-01 -4.479335e+01
9.991011e-01 -2.941078e-03 4.228995e-02 -5.016310e+00 3.522516e-03 9.999002e-01 -1.368090e-02 2.562321e+00 -4.224549e-02 1.381757e-02 9.990117e-01 -4.331624e+01
9.999906e-01 3.558354e-03 2.464296e-03 -6.808023e+00 -3.592651e-03 9.998948e-01 1.405579e-02 2.736824e+00 -2.414021e-03 -1.406451e-02 9.998982e-01 -4.138150e+01
9.978853e-01 -3.406511e-03 6.490947e-02 -9.446194e+00 4.269356e-03 9.999043e-01 -1.315899e-02 2.997337e+00 -6.485843e-02 1.340828e-02 9.978044e-01 -3.873013e+01
9.999056e-01 2.721791e-03 -1.346457e-02 -1.150093e+01 -2.570522e-03 9.999335e-01 1.123920e-02 3.202713e+00 1.349427e-02 -1.120353e-02 9.998462e-01 -3.701312e+01
9.997120e-01 -3.365056e-03 2.376099e-02 -1.220447e+01 3.665705e-03 9.999136e-01 -1.262080e-02 3.265414e+00 -2.371647e-02 1.270427e-02 9.996380e-01 -3.678178e+01
9.996672e-01 3.215653e-03 -2.559726e-02 -1.200100e+01 -2.859612e-03 9.998988e-01 1.393380e-02 3.264224e+00 2.563947e-02 -1.385597e-02 9.995752e-01 -3.733033e+01
9.996493e-01 -3.917279e-03 2.619136e-02 -1.174757e+01 4.242637e-03 9.999144e-01 -1.237834e-02 3.264392e+00 -2.614063e-02 1.248512e-02 9.995803e-01 -3.808350e+01
9.994946e-01 4.979029e-03 -3.139830e-02 -1.144686e+01 -4.561859e-03 9.999006e-01 1.334405e-02 3.255633e+00 3.146162e-02 -1.319407e-02 9.994179e-01 -3.819417e+01
9.991017e-01 -3.191364e-03 4.225584e-02 -1.213273e+01 3.694501e-03 9.999231e-01 -1.183418e-02 3.327710e+00 -4.221482e-02 1.197966e-02 9.990367e-01 -3.731476e+01
9.999765e-01 4.337648e-03 -5.313804e-03 -1.382200e+01 -4.266258e-03 9.999015e-01 1.337339e-02 3.493204e+00 5.371290e-03 -1.335041e-02 9.998965e-01 -3.571666e+01
9.995202e-01 -4.111819e-03 3.069916e-02 -1.494812e+01 4.539272e-03 9.998935e-01 -1.386725e-02 3.607875e+00 -3.063887e-02 1.399994e-02 9.994325e-01 -3.457431e+01
9.999764e-01 4.802513e-03 4.909240e-03 -1.654749e+01 -4.877153e-03 9.998709e-01 1.530677e-02 3.763721e+00 -4.835096e-03 -1.533035e-02 9.998708e-01 -3.299758e+01
9.998668e-01 -5.793742e-03 1.525846e-02 -1.738111e+01 6.053807e-03 9.998363e-01 -1.705329e-02 3.843934e+00 -1.515716e-02 1.714339e-02 9.997381e-01 -3.196733e+01
9.999040e-01 8.078956e-03 1.125789e-02 -1.874953e+01 -8.317207e-03 9.997390e-01 2.127941e-02 3.973484e+00 -1.108303e-02 -2.137100e-02 9.997102e-01 -3.034820e+01
9.991350e-01 -7.640617e-03 4.087722e-02 -2.083005e+01 8.474434e-03 9.997588e-01 -2.026383e-02 4.178391e+00 -4.071253e-02 2.059272e-02 9.989587e-01 -2.811872e+01
9.997919e-01 9.180024e-03 -1.821683e-02 -2.165120e+01 -8.821728e-03 9.997680e-01 1.965226e-02 4.263004e+00 1.839301e-02 -1.948746e-02 9.996409e-01 -2.675115e+01
9.989624e-01 -7.610892e-03 4.490107e-02 -2.277437e+01 8.448719e-03 9.997932e-01 -1.849922e-02 4.374030e+00 -4.475099e-02 1.885938e-02 9.988201e-01 -2.504007e+01
9.995994e-01 7.646635e-03 -2.725055e-02 -2.350897e+01 -7.196091e-03 9.998364e-01 1.659332e-02 4.446893e+00 2.737298e-02 -1.639057e-02 9.994909e-01 -2.420420e+01
9.997233e-01 -7.035103e-03 2.244791e-02 -2.355766e+01 7.396640e-03 9.998436e-01 -1.606340e-02 4.451765e+00 -2.233139e-02 1.622500e-02 9.996190e-01 -2.409359e+01
9.996390e-01 6.615550e-03 -2.603854e-02 -2.354533e+01 -6.158313e-03 9.998261e-01 1.760124e-02 4.459905e+00 2.615045e-02 -1.743454e-02 9.995060e-01 -2.438218e+01
9.996300e-01 -6.367934e-03 2.644365e-02 -2.375951e+01 6.826864e-03 9.998270e-01 -1.730114e-02 4.478353e+00 -2.632891e-02 1.747527e-02 9.995006e-01 -2.404440e+01
9.995655e-01 7.854693e-03 -2.841027e-02 -2.390370e+01 -7.323891e-03 9.997976e-01 1.873950e-02 4.494298e+00 2.855171e-02 -1.852328e-02 9.994207e-01 -2.364329e+01
9.991521e-01 -6.213048e-03 4.070028e-02 -2.456610e+01 6.919264e-03 9.998275e-01 -1.723377e-02 4.560785e+00 -4.058619e-02 1.750078e-02 9.990228e-01 -2.262915e+01
9.996042e-01 5.483750e-03 -2.759264e-02 -2.506933e+01 -5.059820e-03 9.998685e-01 1.541032e-02 4.617642e+00 2.767351e-02 -1.526461e-02 9.995005e-01 -2.226733e+01
9.996899e-01 -6.051070e-03 2.415347e-02 -2.462827e+01 6.413539e-03 9.998676e-01 -1.495777e-02 4.614609e+00 -2.405977e-02 1.510804e-02 9.995964e-01 -2.276573e+01
9.996056e-01 5.874235e-03 -2.746044e-02 -2.438466e+01 -5.460457e-03 9.998708e-01 1.511896e-02 4.616888e+00 2.754570e-02 -1.496305e-02 9.995086e-01 -2.301492e+01
9.997169e-01 -6.556863e-03 2.287204e-02 -2.421519e+01 6.888679e-03 9.998717e-01 -1.445898e-02 4.616485e+00 -2.277430e-02 1.461245e-02 9.996338e-01 -2.332649e+01
9.996560e-01 5.390765e-03 -2.566729e-02 -2.418430e+01 -5.000621e-03 9.998714e-01 1.524005e-02 4.622365e+00 2.574615e-02 -1.510646e-02 9.995544e-01 -2.370873e+01
9.996786e-01 -6.566508e-03 2.448636e-02 -2.438030e+01 6.928828e-03 9.998673e-01 -1.474144e-02 4.640080e+00 -2.438631e-02 1.490636e-02 9.995915e-01 -2.403058e+01
9.996305e-01 5.335302e-03 -2.665291e-02 -2.456924e+01 -4.929014e-03 9.998710e-01 1.528620e-02 4.655620e+00 2.673103e-02 -1.514918e-02 9.995279e-01 -2.430190e+01
9.996198e-01 -7.026607e-03 2.666331e-02 -2.453884e+01 7.415395e-03 9.998672e-01 -1.451064e-02 4.666662e+00 -2.655781e-02 1.470284e-02 9.995391e-01 -2.487190e+01
9.995715e-01 5.786599e-03 -2.869300e-02 -2.452456e+01 -5.346043e-03 9.998670e-01 1.540713e-02 4.676650e+00 2.877834e-02 -1.524714e-02 9.994695e-01 -2.526721e+01
9.997125e-01 -5.920396e-03 2.323307e-02 -2.460993e+01 6.271795e-03 9.998666e-01 -1.508134e-02 4.681956e+00 -2.314068e-02 1.522272e-02 9.996163e-01 -2.524404e+01
9.995963e-01 5.333032e-03 -2.790567e-02 -2.461930e+01 -4.897525e-03 9.998655e-01 1.565155e-02 4.686164e+00 2.798539e-02 -1.550856e-02 9.994880e-01 -2.544535e+01
9.997044e-01 -5.824394e-03 2.360455e-02 -2.456506e+01 6.179657e-03 9.998683e-01 -1.500569e-02 4.687207e+00 -2.351405e-02 1.514712e-02 9.996088e-01 -2.569333e+01
9.996148e-01 5.252978e-03 -2.725316e-02 -2.459234e+01 -4.819876e-03 9.998614e-01 1.593322e-02 4.691811e+00 2.733308e-02 -1.579573e-02 9.995016e-01 -2.595210e+01
9.997480e-01 -5.517333e-03 2.176060e-02 -2.456395e+01 5.853321e-03 9.998642e-01 -1.540683e-02 4.691266e+00 -2.167264e-02 1.553032e-02 9.996445e-01 -2.610608e+01
9.995816e-01 5.423805e-03 -2.841030e-02 -2.457820e+01 -4.976372e-03 9.998629e-01 1.579607e-02 4.689139e+00 2.849208e-02 -1.564808e-02 9.994715e-01 -2.600166e+01
9.997162e-01 -6.230075e-03 2.299474e-02 -2.458410e+01 6.581836e-03 9.998620e-01 -1.525361e-02 4.692469e+00 -2.289654e-02 1.540063e-02 9.996192e-01 -2.621456e+01
9.995741e-01 5.847484e-03 -2.858906e-02 -2.447603e+01 -5.398663e-03 9.998614e-01 1.575111e-02 4.680689e+00 2.867720e-02 -1.559006e-02 9.994671e-01 -2.597408e+01
9.997325e-01 -5.836198e-03 2.237936e-02 -2.441822e+01 6.177541e-03 9.998652e-01 -1.521390e-02 4.666879e+00 -2.228755e-02 1.534808e-02 9.996338e-01 -2.556956e+01
9.996195e-01 5.505702e-03 -2.702785e-02 -2.439929e+01 -5.077769e-03 9.998611e-01 1.587620e-02 4.665431e+00 2.711151e-02 -1.573292e-02 9.995086e-01 -2.567512e+01
9.997135e-01 -6.403465e-03 2.306472e-02 -2.440335e+01 6.759633e-03 9.998586e-01 -1.539740e-02 4.669185e+00 -2.296286e-02 1.554889e-02 9.996154e-01 -2.594126e+01
9.996742e-01 5.538860e-03 -2.491623e-02 -2.459037e+01 -5.141720e-03 9.998592e-01 1.597495e-02 4.687297e+00 2.500120e-02 -1.584163e-02 9.995619e-01 -2.619456e+01
9.997716e-01 -5.993776e-03 2.051397e-02 -2.474833e+01 6.320193e-03 9.998539e-01 -1.588425e-02 4.698179e+00 -2.041577e-02 1.601028e-02 9.996634e-01 -2.621002e+01
9.995693e-01 6.202515e-03 -2.868185e-02 -2.465644e+01 -5.731390e-03 9.998478e-01 1.647906e-02 4.690131e+00 2.877969e-02 -1.630758e-02 9.994527e-01 -2.620467e+01
9.997531e-01 -6.279576e-03 2.131242e-02 -2.454673e+01 6.615808e-03 9.998542e-01 -1.574270e-02 4.674486e+00 -2.121046e-02 1.587981e-02 9.996489e-01 -2.585455e+01
9.996556e-01 5.815021e-03 -2.559226e-02 -2.451686e+01 -5.399978e-03 9.998533e-01 1.625687e-02 4.655372e+00 2.568304e-02 -1.611307e-02 9.995403e-01 -2.513140e+01
9.997843e-01 -6.051278e-03 1.986593e-02 -2.446536e+01 6.367464e-03 9.998534e-01 -1.589147e-02 4.638138e+00 -1.976685e-02 1.601454e-02 9.996764e-01 -2.454310e+01
