1.000000e+00 1.197625e-11 1.704638e-10 1.665335e-16 1.197625e-11 1.000000e+00 3.562503e-10 -1.110223e-16 1.704638e-10 3.562503e-10 1.000000e+00 2.220446e-16 0.000000e+00 0.000000e+00 0.000000e+00 1.000000e+00
5.569912e-01 3.859132e-02 -8.296213e-01 -2.637701e-01 -5.160750e-02 9.985977e-01 1.180331e-02 2.150014e-02 8.289134e-01 3.624033e-02 5.582017e-01 -2.160675e-01
9.033578e-01 -4.745248e-02 4.262545e-01 -3.196436e-01 5.009850e-02 9.987317e-01 5.009733e-03 2.814651e-02 -4.259516e-01 1.682913e-02 9.045894e-01 -2.973053e-01
7.732332e-01 1.025752e-01 -6.257706e-01 -1.029260e-01 -4.774448e-02 9.934465e-01 1.038485e-01 1.874400e-02 6.323219e-01 -5.042200e-02 7.730632e-01 -2.033623e-01
9.240904e-01 -7.009104e-02 3.756915e-01 2.290470e-01 8.231845e-02 9.964683e-01 -1.657263e-02 1.306107e-02 -3.732031e-01 4.624095e-02 9.265966e-01 -3.418332e-01
8.573120e-01 9.262264e-02 -5.063962e-01 6.921907e-01 -4.460365e-02 9.933465e-01 1.061760e-01 4.701436e-03 5.128612e-01 -6.843885e-02 8.557392e-01 -5.322074e-01
9.398520e-01 -7.758183e-02 3.326548e-01 1.147608e+00 9.471883e-02 9.948678e-01 -3.558650e-02 -2.525585e-03 -3.281867e-01 6.495471e-02 9.423770e-01 -7.322303e-01
8.889363e-01 1.008285e-01 -4.467951e-01 1.450599e+00 -5.272618e-02 9.915111e-01 1.188518e-01 -1.098984e-02 4.549859e-01 -8.209387e-02 8.867065e-01 -8.088184e-01
9.414294e-01 -8.384874e-02 3.266191e-01 1.684219e+00 1.063639e-01 9.929843e-01 -5.166153e-02 -1.704865e-02 -3.199958e-01 8.337617e-02 9.437431e-01 -9.113206e-01
8.450317e-01 8.533812e-02 -5.278624e-01 2.354989e+00 -2.626075e-02 9.926146e-01 1.184337e-01 -2.196209e-02 5.340709e-01 -8.621819e-02 8.410319e-01 -1.386259e+00
9.283604e-01 -4.410260e-02 3.690554e-01 2.902965e+00 8.510022e-02 9.917802e-01 -9.555094e-02 -2.868322e-02 -3.618078e-01 1.201124e-01 9.244826e-01 -1.791460e+00
8.689682e-01 1.072462e-01 -4.831071e-01 2.861372e+00 -3.889179e-02 9.880151e-01 1.493771e-01 -2.898743e-02 4.933373e-01 -1.110150e-01 8.627247e-01 -1.868397e+00
9.913589e-01 -6.462332e-02 1.141551e-01 3.467836e+00 8.140837e-02 9.854648e-01 -1.491034e-01 -3.108937e-02 -1.028603e-01 1.571081e-01 9.822102e-01 -2.438870e+00
8.780159e-01 5.159735e-02 -4.758422e-01 4.093894e+00 2.570088e-02 9.876556e-01 1.545180e-01 -3.635314e-02 4.779410e-01 -1.478988e-01 8.658512e-01 -3.005592e+00
9.267906e-01 1.920861e-03 3.755736e-01 4.220880e+00 4.765020e-02 9.913048e-01 -1.226548e-01 -4.029927e-02 -3.725435e-01 1.315715e-01 9.186404e-01 -3.014717e+00
9.205899e-01 2.255520e-02 -3.898788e-01 4.859889e+00 4.108374e-02 9.871978e-01 1.541190e-01 -5.151714e-02 3.883636e-01 -1.578981e-01 9.078777e-01 -3.185233e+00
9.159418e-01 8.869599e-03 4.012132e-01 5.382511e+00 4.061317e-02 9.925743e-01 -1.146598e-01 -6.562061e-02 -3.992509e-01 1.213163e-01 9.087800e-01 -3.181121e+00
8.489359e-01 2.308972e-02 -5.279911e-01 6.358147e+00 7.471124e-02 9.837690e-01 1.631467e-01 -7.723556e-02 5.231883e-01 -1.779480e-01 8.334318e-01 -3.549565e+00
9.111920e-01 3.140414e-02 4.107832e-01 7.207286e+00 3.127505e-02 9.889405e-01 -1.449777e-01 -9.137245e-02 -4.107930e-01 1.449498e-01 9.001326e-01 -3.750186e+00
9.278642e-01 -4.620622e-02 -3.700446e-01 7.903901e+00 1.172422e-01 9.781229e-01 1.718426e-01 -1.053551e-01 3.540089e-01 -2.028315e-01 9.129825e-01 -3.854900e+00
9.339825e-01 8.298706e-02 3.475484e-01 8.423731e+00 -3.108856e-02 9.878407e-01 -1.523294e-01 -1.185529e-01 -3.559638e-01 1.314682e-01 9.252059e-01 -3.849310e+00
9.154956e-01 -8.175513e-02 -3.939339e-01 9.478878e+00 1.612086e-01 9.716398e-01 1.729965e-01 -1.334333e-01 3.686185e-01 -2.218831e-01 9.027116e-01 -4.143789e+00
9.648422e-01 1.008985e-01 2.426912e-01 1.036512e+01 -5.775705e-02 9.822014e-01 -1.787302e-01 -1.464763e-01 -2.564053e-01 1.584293e-01 9.534970e-01 -4.454354e+00
9.537053e-01 -1.031541e-01 -2.824984e-01 1.126830e+01 1.613966e-01 9.681621e-01 1.913459e-01 -1.596124e-01 2.537662e-01 -2.280819e-01 9.399901e-01 -4.711296e+00
9.833521e-01 1.280321e-01 1.289433e-01 1.161322e+01 -1.017738e-01 9.759296e-01 -1.928822e-01 -1.678361e-01 -1.505347e-01 1.765480e-01 9.727127e-01 -4.839489e+00
9.480888e-01 -1.299703e-01 -2.902333e-01 1.153086e+01 1.865973e-01 9.664007e-01 1.767798e-01 -1.689895e-01 2.575056e-01 -2.217597e-01 9.404858e-01 -4.736129e+00
9.886836e-01 1.194177e-01 9.079717e-02 1.189823e+01 -9.824004e-02 9.728121e-01 -2.097274e-01 -1.773014e-01 -1.133737e-01 1.984341e-01 9.735349e-01 -4.895266e+00
8.113767e-01 -2.608653e-01 -5.230843e-01 1.232538e+01 3.624770e-01 9.265958e-01 1.001535e-01 -1.772769e-01 4.585611e-01 -2.708682e-01 8.463759e-01 -5.314773e+00
9.578668e-01 2.868638e-01 1.415356e-02 1.223679e+01 -2.796479e-01 9.427404e-01 -1.817626e-01 -1.750414e-01 -6.548424e-02 1.701464e-01 9.832406e-01 -5.186312e+00
7.549331e-01 -3.423120e-01 -5.593733e-01 1.243196e+01 4.061409e-01 9.137438e-01 -1.104137e-02 -1.724505e-01 5.149035e-01 -2.188489e-01 8.288423e-01 -5.589951e+00
9.322373e-01 3.306930e-01 1.468869e-01 1.229221e+01 -3.186306e-01 9.426011e-01 -9.988855e-02 -1.584090e-01 -1.714882e-01 4.631717e-02 9.840968e-01 -5.866332e+00
8.695587e-01 -2.676959e-01 -4.149778e-01 1.163514e+01 2.887214e-01 9.573307e-01 -1.256296e-02 -1.352907e-01 4.006341e-01 -1.088887e-01 9.097448e-01 -5.608604e+00
8.599672e-01 4.215021e-01 -2.877368e-01 1.066477e+01 -3.652975e-01 9.021045e-01 2.297069e-01 -1.054309e-01 3.563906e-01 -9.243088e-02 9.297539e-01 -4.699717e+00
8.798825e-01 -2.494483e-01 -4.044533e-01 9.505305e+00 1.251691e-01 9.427441e-01 -3.091379e-01 -7.000681e-02 4.584098e-01 2.213799e-01 8.607272e-01 -3.483648e+00
9.728937e-01 9.193030e-02 -2.121949e-01 8.850024e+00 -2.241789e-02 9.507593e-01 3.091184e-01 -4.735378e-02 2.301636e-01 -2.959824e-01 9.270486e-01 -3.011918e+00
8.578234e-01 -3.039130e-02 -5.130452e-01 8.347824e+00 -1.150575e-01 9.615571e-01 -2.493386e-01 -2.587391e-02 5.009000e-01 2.729182e-01 8.213494e-01 -2.667956e+00
9.712909e-01 -7.711501e-02 -2.250496e-01 7.587236e+00 1.365186e-01 9.554123e-01 2.618205e-01 -5.886998e-03 1.948249e-01 -2.850273e-01 9.385109e-01 -1.696619e+00
9.433739e-01 1.345743e-01 -3.032086e-01 7.045697e+00 -2.054316e-01 9.546622e-01 -2.154481e-01 8.439976e-03 2.604680e-01 2.655368e-01 9.282492e-01 -9.736847e-01
9.330788e-01 -2.374426e-01 -2.701573e-01 6.525387e+00 2.885933e-01 9.425339e-01 1.683559e-01 2.108499e-02 2.146575e-01 -2.350549e-01 9.479828e-01 -3.986385e-01
8.557723e-01 2.955499e-01 -4.246221e-01 5.837787e+00 -3.155165e-01 9.486070e-01 2.437549e-02 3.279764e-02 4.100037e-01 1.131154e-01 9.050425e-01 6.910049e-01
9.083409e-01 -2.902567e-01 -3.011110e-01 5.063500e+00 2.784093e-01 9.569079e-01 -8.255555e-02 5.368515e-02 3.120978e-01 -8.843540e-03 9.500088e-01 1.720507e+00
9.105222e-01 1.904196e-01 -3.670011e-01 4.454629e+00 -1.384531e-01 9.768095e-01 1.633213e-01 7.552937e-02 3.895897e-01 -9.789517e-02 9.157709e-01 2.201850e+00
8.597103e-01 -2.052235e-01 -4.677409e-01 3.825358e+00 8.847081e-02 9.617225e-01 -2.593505e-01 1.066533e-01 5.030618e-01 1.815849e-01 8.449590e-01 2.347826e+00
8.915443e-01 -2.700892e-02 -4.521276e-01 3.623173e+00 1.094239e-01 9.814956e-01 1.571395e-01 1.336103e-01 4.395171e-01 -1.895704e-01 8.780022e-01 1.776631e+00
9.581578e-01 1.492922e-01 -2.442244e-01 3.149569e+00 -1.671503e-01 9.844521e-01 -5.398843e-02 1.550751e-01 2.323671e-01 9.255160e-02 9.682147e-01 1.983244e+00
8.592954e-01 -2.707399e-02 -5.107626e-01 2.257440e+00 5.857421e-02 9.972372e-01 4.568339e-02 1.791484e-01 5.081146e-01 -6.917304e-02 8.585072e-01 3.087294e+00
9.501879e-01 1.957576e-01 -2.425323e-01 1.345485e+00 -1.695565e-01 9.775907e-01 1.247681e-01 2.026310e-01 2.615217e-01 -7.743021e-02 9.620868e-01 4.235810e+00
8.995602e-01 -7.062902e-02 -4.310488e-01 2.860005e-01 6.984795e-03 9.890402e-01 -1.474814e-01 2.325222e-01 4.367410e-01 1.296576e-01 8.901945e-01 5.443757e+00
9.979228e-01 5.939555e-02 -2.494321e-02 -4.869269e-01 -5.501677e-02 9.872051e-01 1.496640e-01 2.555730e-01 3.351343e-02 -1.479808e-01 9.884222e-01 6.234219e+00
6.253763e-01 1.374907e-01 -7.681151e-01 -1.460019e+00 -1.385051e-01 9.882830e-01 6.413359e-02 2.858229e-01 7.679328e-01 6.628020e-02 6.370919e-01 7.313427e+00
9.802345e-01 3.458752e-02 -1.947924e-01 -2.658141e+00 -1.642156e-02 9.954262e-01 9.411221e-02 3.213601e-01 1.971565e-01 -8.905324e-02 9.763190e-01 8.817643e+00
8.034190e-01 1.492185e-01 -5.764128e-01 -3.707065e+00 -1.563077e-01 9.869909e-01 3.764101e-02 3.456318e-01 5.745310e-01 5.985624e-02 8.162913e-01 1.024434e+01
9.369267e-01 -1.163616e-01 3.295881e-01 -4.466632e+00 1.511876e-01 9.850987e-01 -8.199349e-02 3.663954e-01 -3.151359e-01 1.266515e-01 9.405577e-01 1.106422e+01
8.907669e-01 1.627634e-01 -4.243141e-01 -4.728177e+00 -1.007215e-01 9.811513e-01 1.649158e-01 3.733228e-01 4.431586e-01 -1.041640e-01 8.903709e-01 1.117644e+01
9.862869e-01 -7.873526e-02 1.450478e-01 -4.946450e+00 8.988423e-02 9.933479e-01 -7.197714e-02 3.797641e-01 -1.384158e-01 8.402762e-02 9.868031e-01 1.125317e+01
9.144518e-01 1.343346e-01 -3.817487e-01 -5.164502e+00 -7.767739e-02 9.840235e-01 1.602000e-01 3.857969e-01 3.971701e-01 -1.168419e-01 9.102768e-01 1.134133e+01
8.079886e-01 -1.392055e-01 5.725175e-01 -5.134363e+00 2.035142e-01 9.778217e-01 -4.946396e-02 3.782614e-01 -5.529344e-01 1.564817e-01 8.183990e-01 1.144946e+01
9.775121e-01 1.297927e-01 -1.662045e-01 -5.003008e+00 -1.085466e-01 9.854060e-01 1.311209e-01 3.662502e-01 1.807974e-01 -1.101314e-01 9.773348e-01 1.157628e+01
9.388071e-01 1.861625e-01 -2.898013e-01 -5.224616e+00 -1.375869e-01 9.740026e-01 1.799688e-01 3.323165e-01 3.157706e-01 -1.290831e-01 9.400141e-01 1.360854e+01
9.998315e-01 -1.555813e-02 -9.747361e-03 -5.685196e+00 1.485897e-02 9.975677e-01 -6.810254e-02 3.249334e-01 1.078320e-02 6.794622e-02 9.976307e-01 1.539362e+01
9.315796e-01 -6.177392e-02 3.582504e-01 -5.433018e+00 3.137872e-02 9.954428e-01 9.005050e-02 3.132382e-01 -3.621806e-01 -7.264777e-02 9.292726e-01 1.545903e+01
9.991785e-01 -3.768554e-02 -1.490660e-02 -5.138769e+00 3.688045e-02 9.980161e-01 -5.102629e-02 3.010003e-01 1.679998e-02 5.043461e-02 9.985861e-01 1.549790e+01
8.849849e-01 -6.120912e-02 4.615789e-01 -4.949291e+00 4.331527e-02 9.978456e-01 4.927411e-02 2.910583e-01 -4.636005e-01 -2.361343e-02 8.857296e-01 1.551991e+01
8.703866e-01 1.171555e-01 -4.782278e-01 -5.057523e+00 -9.200151e-02 9.928706e-01 7.578687e-02 2.839427e-01 4.836972e-01 -2.196620e-02 8.749597e-01 1.587823e+01
8.842414e-01 -7.846039e-02 4.603924e-01 -5.318890e+00 1.082807e-01 9.933677e-01 -3.867623e-02 2.841993e-01 -4.543044e-01 8.405073e-02 8.868726e-01 1.635802e+01
9.983810e-01 3.117350e-04 -5.687890e-02 -5.406400e+00 2.831827e-03 9.984725e-01 5.517865e-02 2.819053e-01 5.680922e-02 -5.525038e-02 9.968551e-01 1.637195e+01
9.827993e-01 -1.567652e-02 1.840101e-01 -5.517795e+00 1.935154e-02 9.996472e-01 -1.819301e-02 2.769722e-01 -1.836600e-01 2.144096e-02 9.827560e-01 1.660252e+01
9.836625e-01 1.504048e-02 -1.793933e-01 -5.658697e+00 -4.795598e-03 9.983394e-01 5.740604e-02 2.744211e-01 1.799588e-01 -5.560787e-02 9.821011e-01 1.688079e+01
8.957522e-01 -8.135651e-02 4.370460e-01 -5.731134e+00 1.089813e-01 9.932995e-01 -3.846024e-02 2.721709e-01 -4.309885e-01 8.208070e-02 8.986165e-01 1.690308e+01
9.907141e-01 2.140073e-02 -1.342665e-01 -5.842423e+00 -1.294735e-02 9.978966e-01 6.351992e-02 2.719041e-01 1.353434e-01 -6.119169e-02 9.889073e-01 1.686314e+01
9.142955e-01 -9.362141e-02 3.940797e-01 -5.928515e+00 1.158848e-01 9.927136e-01 -3.302297e-02 2.708308e-01 -3.881166e-01 7.586059e-02 9.184828e-01 1.683569e+01
9.965252e-01 3.011364e-02 -7.765774e-02 -5.852571e+00 -2.541966e-02 9.978299e-01 6.074032e-02 2.641556e-01 7.931833e-02 -5.855523e-02 9.951281e-01 1.684857e+01
9.637189e-01 -9.346531e-02 2.500203e-01 -5.785808e+00 1.025477e-01 9.944500e-01 -2.352058e-02 2.592283e-01 -2.464344e-01 4.830624e-02 9.679549e-01 1.682533e+01
9.985030e-01 4.108721e-02 -3.610515e-02 -5.728997e+00 -3.868620e-02 9.971445e-01 6.485484e-02 2.536670e-01 3.866676e-02 -6.336098e-02 9.972413e-01 1.683043e+01
9.384262e-01 -1.103560e-01 3.273803e-01 -5.581555e+00 1.256241e-01 9.917426e-01 -2.579323e-02 2.452968e-01 -3.218305e-01 6.533190e-02 9.445405e-01 1.684956e+01
9.955438e-01 6.388212e-02 -6.936610e-02 -5.409808e+00 -5.959273e-02 9.962805e-01 6.223995e-02 2.372279e-01 7.308411e-02 -5.782888e-02 9.956478e-01 1.684008e+01
9.441408e-01 -1.283292e-01 3.035289e-01 -5.275979e+00 1.397833e-01 9.900493e-01 -1.621880e-02 2.294422e-01 -2.984273e-01 5.774110e-02 9.526842e-01 1.684110e+01
9.976017e-01 6.464617e-02 -2.473302e-02 -5.251053e+00 -6.381666e-02 9.974167e-01 3.297472e-02 2.244165e-01 2.680081e-02 -3.131725e-02 9.991501e-01 1.681491e+01
9.647436e-01 -1.152908e-01 -2.365964e-01 -4.901904e+00 1.099535e-01 9.932962e-01 -3.567679e-02 2.223477e-01 2.391235e-01 8.404346e-03 9.709528e-01 1.635984e+01
9.394990e-01 6.968003e-02 -3.353898e-01 -4.355578e+00 -3.535379e-02 9.935879e-01 1.073926e-01 2.209433e-01 3.407224e-01 -8.903793e-02 9.359383e-01 1.577752e+01
6.781353e-01 -1.142564e-01 7.260014e-01 -3.838148e+00 2.019000e-01 9.787966e-01 -3.454777e-02 2.093401e-01 -7.066604e-01 1.700078e-01 6.868249e-01 1.569437e+01
8.031587e-01 1.550651e-01 -5.752312e-01 -3.236595e+00 -7.794392e-02 9.845839e-01 1.565863e-01 1.982781e-01 5.906444e-01 -8.092786e-02 8.028635e-01 1.545584e+01
6.609504e-01 -1.287654e-01 7.392997e-01 -3.058747e+00 2.493447e-01 9.668791e-01 -5.451641e-02 1.921325e-01 -7.077935e-01 2.203731e-01 6.711661e-01 1.527760e+01
8.485683e-01 1.869070e-01 -4.949724e-01 -2.954083e+00 -1.120477e-01 9.777881e-01 1.771318e-01 1.858665e-01 5.170853e-01 -9.484789e-02 8.506625e-01 1.522568e+01
6.868354e-01 -1.623672e-01 7.084448e-01 -2.657388e+00 2.575973e-01 9.658354e-01 -2.838186e-02 1.767813e-01 -6.796328e-01 2.019871e-01 7.051953e-01 1.513862e+01
8.262286e-01 2.209463e-01 -5.181979e-01 -2.350157e+00 -1.483165e-01 9.727392e-01 1.782713e-01 1.676370e-01 5.434598e-01 -7.043557e-02 8.364749e-01 1.503643e+01
5.881456e-01 -2.016809e-01 7.832047e-01 -2.163662e+00 3.059458e-01 9.519247e-01 1.537832e-02 1.607521e-01 -7.486534e-01 2.305735e-01 6.215738e-01 1.490535e+01
8.171049e-01 2.440690e-01 -5.222738e-01 -2.106334e+00 -1.937384e-01 9.695227e-01 1.499707e-01 1.568535e-01 5.429595e-01 -2.135728e-02 8.394873e-01 1.471353e+01
5.565030e-01 -2.385175e-01 7.958730e-01 -2.027656e+00 3.201293e-01 9.455026e-01 5.951454e-02 1.523008e-01 -7.666953e-01 2.216623e-01 6.025315e-01 1.454604e+01
7.966889e-01 2.703929e-01 -5.405317e-01 -1.794628e+00 -2.278999e-01 9.627237e-01 1.456869e-01 1.440904e-01 5.597754e-01 7.120007e-03 8.286138e-01 1.446086e+01
7.179915e-01 -2.801999e-01 6.371626e-01 -1.437193e+00 3.163600e-01 9.467492e-01 5.985158e-02 1.349673e-01 -6.200036e-01 1.585999e-01 7.684020e-01 1.436106e+01
7.956382e-01 3.175962e-01 -5.158415e-01 -1.005915e+00 -2.698294e-01 9.482081e-01 1.676110e-01 1.243462e-01 5.423577e-01 5.831522e-03 8.401274e-01 1.427497e+01
5.116479e-01 -3.281805e-01 7.940491e-01 -6.614318e-01 3.636194e-01 9.200425e-01 1.459544e-01 1.132446e-01 -7.784583e-01 2.140544e-01 5.900706e-01 1.425323e+01
6.694781e-01 3.321505e-01 -6.644360e-01 -1.354402e-01 -2.900222e-01 9.403481e-01 1.778555e-01 1.024380e-01 6.838759e-01 7.363083e-02 7.258734e-01 1.409720e+01
5.877719e-01 -3.525410e-01 7.281751e-01 4.690616e-01 3.697095e-01 9.176303e-01 1.458406e-01 9.082498e-02 -7.196104e-01 1.834922e-01 6.696951e-01 1.392465e+01
5.723748e-01 3.740252e-01 -7.297207e-01 1.182034e+00 -2.984158e-01 9.239021e-01 2.394847e-01 8.061777e-02 7.637638e-01 8.068518e-02 6.404333e-01 1.361502e+01
6.602724e-01 -3.518277e-01 6.635192e-01 1.931904e+00 4.041090e-01 9.111188e-01 8.098453e-02 7.124010e-02 -6.330374e-01 2.146622e-01 7.437633e-01 1.327306e+01
7.144236e-01 4.105525e-01 -5.666088e-01 2.623574e+00 -3.411590e-01 9.113808e-01 2.302077e-01 5.910327e-02 6.109088e-01 2.883789e-02 7.911756e-01 1.304432e+01
6.952329e-01 -3.950799e-01 6.004691e-01 3.155152e+00 4.437737e-01 8.930945e-01 7.380486e-02 4.895019e-02 -5.654345e-01 2.151609e-01 7.962347e-01 1.287005e+01
6.915208e-01 4.405027e-01 -5.725001e-01 3.778676e+00 -3.458513e-01 8.977038e-01 2.729739e-01 3.942938e-02 6.341813e-01 9.232833e-03 7.731293e-01 1.261427e+01
6.096895e-01 -3.930321e-01 6.883345e-01 4.261056e+00 4.573100e-01 8.837196e-01 9.953458e-02 2.779594e-02 -6.474150e-01 2.540971e-01 7.185321e-01 1.250791e+01
7.373791e-01 4.517476e-01 -5.021913e-01 4.753652e+00 -3.931415e-01 8.915826e-01 2.247670e-01 1.579143e-02 5.492830e-01 3.169370e-02 8.350351e-01 1.242028e+01
6.714952e-01 -4.387675e-01 5.971410e-01 5.365687e+00 4.705105e-01 8.750189e-01 1.138496e-01 3.804018e-03 -5.724632e-01 2.045117e-01 7.940157e-01 1.224747e+01
6.539955e-01 4.703241e-01 -5.925244e-01 5.981263e+00 -3.912836e-01 8.806423e-01 2.671445e-01 -5.460656e-03 6.474466e-01 5.713378e-02 7.599662e-01 1.197889e+01
8.009863e-01 -4.227594e-01 4.239050e-01 6.678045e+00 4.744762e-01 8.800664e-01 -1.885470e-02 -1.267998e-02 -3.650935e-01 2.162352e-01 9.055104e-01 1.159809e+01
7.081137e-01 4.885819e-01 -5.097673e-01 7.279051e+00 -3.449052e-01 8.692975e-01 3.540653e-01 -1.976065e-02 6.161294e-01 -7.489714e-02 7.840759e-01 1.127642e+01
7.089894e-01 -3.687065e-01 6.011568e-01 7.830310e+00 4.828619e-01 8.750834e-01 -3.276185e-02 -3.004185e-02 -5.139828e-01 3.135035e-01 7.984593e-01 1.106028e+01
8.020348e-01 4.654889e-01 -3.742463e-01 8.351601e+00 -3.750524e-01 8.801530e-01 2.909751e-01 -4.154212e-02 4.648397e-01 -9.301015e-02 8.804960e-01 1.093796e+01
7.438326e-01 -4.191086e-01 5.206352e-01 8.862337e+00 4.981606e-01 8.669748e-01 -1.381297e-02 -5.314148e-02 -4.455885e-01 2.696345e-01 8.536675e-01 1.083688e+01
7.355038e-01 4.921644e-01 -4.656268e-01 9.285430e+00 -3.732665e-01 8.678999e-01 3.277528e-01 -6.249465e-02 5.654257e-01 -6.726054e-02 8.220522e-01 1.071996e+01
8.215643e-01 -4.083287e-01 3.978691e-01 9.757295e+00 4.869419e-01 8.655352e-01 -1.172024e-01 -7.080161e-02 -2.965126e-01 2.900284e-01 9.099252e-01 1.051249e+01
7.921426e-01 4.831981e-01 -3.728667e-01 1.025341e+01 -3.445498e-01 8.582957e-01 3.802814e-01 -7.954398e-02 5.037812e-01 -1.727660e-01 8.463784e-01 1.032915e+01
8.819283e-01 -3.889499e-01 2.663090e-01 1.079742e+01 4.525977e-01 8.566000e-01 -2.477734e-01 -8.594869e-02 -1.317488e-01 3.390492e-01 9.314976e-01 1.002631e+01
8.769030e-01 4.481557e-01 -1.737743e-01 1.140103e+01 -3.523816e-01 8.452618e-01 4.016960e-01 -9.456480e-02 3.269071e-01 -2.910136e-01 8.991345e-01 9.742465e+00
8.311597e-01 -3.960997e-01 3.902289e-01 1.196586e+01 5.041114e-01 8.329272e-01 -2.282632e-01 -1.053390e-01 -2.346173e-01 3.864420e-01 8.919738e-01 9.565704e+00
8.204477e-01 4.969997e-01 -2.825897e-01 1.247095e+01 -3.395769e-01 8.212656e-01 4.584870e-01 -1.140757e-01 4.599491e-01 -2.802036e-01 8.425751e-01 9.376856e+00
8.569197e-01 -3.765895e-01 3.519503e-01 1.297725e+01 4.831327e-01 8.247833e-01 -2.937948e-01 -1.231420e-01 -1.796427e-01 4.217972e-01 8.887157e-01 9.199115e+00
7.536639e-01 4.709824e-01 -4.584389e-01 1.365433e+01 -1.653389e-01 8.109274e-01 5.613018e-01 -1.290062e-01 6.361240e-01 -3.472351e-01 6.890385e-01 8.786572e+00
9.554923e-01 -1.873992e-01 -2.278510e-01 1.441656e+01 2.828763e-02 8.269723e-01 -5.615306e-01 -1.270135e-01 2.936568e-01 5.300927e-01 7.954668e-01 7.899343e+00
6.133800e-01 2.419684e-02 -7.894172e-01 1.525423e+01 4.690484e-01 7.930069e-01 3.887592e-01 -1.190024e-01 6.354200e-01 -6.087320e-01 4.750651e-01 6.719359e+00
7.990114e-01 4.427857e-01 -4.068434e-01 1.612951e+01 -5.411030e-01 8.245523e-01 -1.652909e-01 -1.099342e-01 2.622752e-01 3.522135e-01 8.984194e-01 5.408239e+00
4.293127e-01 -5.436474e-01 -7.212060e-01 1.699525e+01 4.936774e-01 8.099418e-01 -3.166652e-01 -1.004042e-01 7.562891e-01 -2.200947e-01 6.161047e-01 4.093691e+00
8.826603e-01 4.560887e-01 -1.135511e-01 1.784743e+01 -3.612399e-01 8.128572e-01 4.569123e-01 -9.238848e-02 3.006934e-01 -3.622792e-01 8.822343e-01 2.932614e+00
4.562259e-01 -3.597218e-01 -8.139153e-01 1.882403e+01 -2.291253e-01 8.363251e-01 -4.980582e-01 -8.211139e-02 8.598602e-01 4.137156e-01 2.991318e-01 1.470984e+00
9.600756e-01 -2.788820e-01 -2.189998e-02 1.943196e+01 2.466886e-01 8.071275e-01 5.363673e-01 -7.616740e-02 -1.319071e-01 -5.203557e-01 8.437005e-01 5.343982e-01
1.853660e-01 2.744460e-01 -9.435671e-01 2.007934e+01 -5.402711e-01 8.305218e-01 1.354281e-01 -6.618113e-02 8.208207e-01 4.846782e-01 3.022257e-01 -5.158483e-01
8.088221e-01 -5.850902e-01 5.895947e-02 2.091045e+01 5.880196e-01 8.036263e-01 -9.174781e-02 -5.704961e-02 6.299363e-03 1.088770e-01 9.940353e-01 -1.791020e+00
4.196556e-01 5.903393e-01 -6.894844e-01 2.159970e+01 -1.450055e-01 7.934556e-01 5.911021e-01 -5.059546e-02 8.960260e-01 -1.480803e-01 4.185805e-01 -2.788566e+00
9.149338e-01 -1.806521e-01 3.609168e-01 2.225149e+01 3.502201e-01 7.998189e-01 -4.874788e-01 -5.043511e-02 -2.006040e-01 5.724112e-01 7.950494e-01 -3.468535e+00
6.265930e-01 3.683367e-01 -6.868110e-01 2.281294e+01 2.062142e-01 7.714967e-01 6.018875e-01 -5.237976e-02 7.515697e-01 -5.187687e-01 4.074581e-01 -4.027056e+00
9.085480e-01 1.695778e-01 3.818166e-01 2.321711e+01 1.016877e-01 7.966703e-01 -5.957986e-01 -5.726429e-02 -4.052162e-01 5.801377e-01 7.065692e-01 -4.329491e+00
4.014212e-01 1.322205e-01 -9.062995e-01 2.371427e+01 5.428341e-01 7.626532e-01 3.516978e-01 -5.622558e-02 7.376938e-01 -6.331492e-01 2.343714e-01 -4.911548e+00
7.947259e-01 5.114260e-01 3.268855e-01 2.424169e+01 -2.894342e-01 7.926943e-01 -5.365292e-01 -5.636332e-02 -5.335153e-01 3.317818e-01 7.779989e-01 -5.514236e+00
3.100174e-01 -2.565922e-01 -9.154505e-01 2.463674e+01 6.341938e-01 7.731717e-01 -1.942981e-03 -5.623187e-02 7.082990e-01 -5.799707e-01 4.024259e-01 -6.028772e+00
7.222084e-01 5.949319e-01 3.528046e-01 2.519198e+01 -5.446268e-01 8.035585e-01 -2.401571e-01 -5.550606e-02 -4.263763e-01 -1.870339e-02 9.043525e-01 -6.660729e+00
2.949235e-01 -5.197070e-01 -8.018259e-01 2.566633e+01 4.729461e-01 8.085465e-01 -3.501064e-01 -5.597182e-02 8.302663e-01 -2.759659e-01 4.842527e-01 -7.232896e+00
7.262884e-01 4.303828e-01 5.359812e-01 2.609405e+01 -5.648570e-01 8.180159e-01 1.085656e-01 -5.668889e-02 -3.917164e-01 -3.816027e-01 8.372202e-01 -7.710563e+00
3.717770e-01 -5.336495e-01 -7.596052e-01 2.660749e+01 1.598656e-01 8.428358e-01 -5.138782e-01 -5.802038e-02 9.144533e-01 6.961339e-02 3.986592e-01 -8.211713e+00
7.367378e-01 1.038584e-01 6.681548e-01 2.725469e+01 -4.196298e-01 8.450563e-01 3.313468e-01 -6.178449e-02 -5.302153e-01 -5.244934e-01 6.661670e-01 -8.696019e+00
5.056233e-01 -3.903382e-01 -7.694031e-01 2.786306e+01 -6.383876e-02 8.724269e-01 -4.845574e-01 -6.739302e-02 8.603893e-01 2.941212e-01 4.162007e-01 -9.100139e+00
6.177321e-01 -1.185683e-01 7.773986e-01 2.842147e+01 -3.133370e-01 8.695932e-01 3.816118e-01 -7.454338e-02 -7.212676e-01 -4.793216e-01 5.000238e-01 -9.387520e+00
5.195886e-01 -2.959860e-01 -8.015111e-01 2.890710e+01 -1.486543e-01 8.924567e-01 -4.259377e-01 -8.260882e-02 8.413855e-01 3.404604e-01 4.197108e-01 -9.625932e+00
7.752890e-01 -2.071001e-01 5.966879e-01 2.948167e+01 -1.148140e-01 8.827636e-01 4.555723e-01 -8.642989e-02 -6.210835e-01 -4.217083e-01 6.606190e-01 -1.006809e+01
5.265504e-01 -7.210075e-02 -8.470810e-01 3.004971e+01 -3.251776e-01 9.035467e-01 -2.790392e-01 -9.172676e-02 7.854962e-01 4.223799e-01 4.523173e-01 -1.046872e+01
5.472473e-01 -3.659685e-01 7.527201e-01 3.038325e+01 -4.597485e-02 8.848365e-01 4.636277e-01 -9.961484e-02 -8.357073e-01 -2.883252e-01 4.673990e-01 -1.059976e+01
3.334210e-01 -2.297228e-02 -9.424981e-01 3.082732e+01 -3.848052e-01 9.093229e-01 -1.582935e-01 -1.045264e-01 8.606715e-01 4.154565e-01 2.943475e-01 -1.089529e+01
5.469029e-01 -4.446571e-01 7.093499e-01 3.136997e+01 1.200529e-01 8.801894e-01 4.591883e-01 -1.102637e-01 -8.285436e-01 -1.659719e-01 5.347605e-01 -1.126187e+01
6.459063e-01 1.142478e-01 -7.548195e-01 3.185553e+01 -3.796107e-01 9.059009e-01 -1.877214e-01 -1.199918e-01 6.623449e-01 4.077880e-01 6.284968e-01 -1.141645e+01
5.295926e-01 -4.309210e-01 7.306427e-01 3.217586e+01 8.905549e-02 8.848363e-01 4.573116e-01 -1.303158e-01 -8.435643e-01 -1.771211e-01 5.069786e-01 -1.142606e+01
4.292667e-01 8.246271e-02 -8.994053e-01 3.279680e+01 -4.107055e-01 9.047299e-01 -1.130700e-01 -1.377214e-01 8.043948e-01 4.179279e-01 4.222383e-01 -1.173867e+01
6.046777e-01 -4.395324e-01 6.642109e-01 3.349210e+01 2.084204e-01 8.922046e-01 4.006644e-01 -1.447875e-01 -7.687170e-01 -1.038377e-01 6.311037e-01 -1.224184e+01
1.698165e-01 2.487989e-01 -9.535520e-01 3.393683e+01 -4.092545e-01 8.980266e-01 1.614279e-01 -1.463613e-01 8.964782e-01 3.628323e-01 2.543218e-01 -1.272647e+01
3.655268e-01 -4.589589e-01 8.097820e-01 3.424263e+01 3.476910e-01 8.743342e-01 3.386010e-01 -1.515056e-01 -8.634241e-01 1.577862e-01 4.791684e-01 -1.294995e+01
4.257503e-01 3.644800e-01 -8.281854e-01 3.450293e+01 -4.337894e-01 8.854617e-01 1.666863e-01 -1.598488e-01 7.940803e-01 2.882913e-01 5.350931e-01 -1.298889e+01
3.339618e-01 -4.802327e-01 8.110771e-01 3.477599e+01 3.650367e-01 8.592268e-01 3.584376e-01 -1.689317e-01 -8.690326e-01 1.763684e-01 4.622515e-01 -1.299364e+01
2.371438e-01 3.870110e-01 -8.910585e-01 3.517758e+01 -4.202114e-01 8.678410e-01 2.650932e-01 -1.761761e-01 8.758911e-01 3.115678e-01 3.684296e-01 -1.318559e+01
3.098603e-01 -4.681970e-01 8.275133e-01 3.556652e+01 4.541782e-01 8.375162e-01 3.037907e-01 -1.838643e-01 -8.352896e-01 2.817058e-01 4.721579e-01 -1.335633e+01
2.226353e-01 4.854577e-01 -8.454374e-01 3.593832e+01 -3.999584e-01 8.363454e-01 3.749129e-01 -1.915821e-01 8.890820e-01 2.546709e-01 3.803629e-01 -1.353079e+01
6.875057e-02 -4.445606e-01 8.931065e-01 3.620134e+01 4.832533e-01 7.980248e-01 3.600315e-01 -2.011138e-01 -8.727770e-01 4.068443e-01 2.697000e-01 -1.354174e+01
3.681810e-01 4.911647e-01 -7.894302e-01 3.649646e+01 -4.962755e-01 8.218205e-01 2.798601e-01 -2.133501e-01 7.862273e-01 2.887357e-01 5.463317e-01 -1.349971e+01
3.683233e-01 -5.552121e-01 7.457060e-01 3.686119e+01 5.365730e-01 7.819729e-01 3.171873e-01 -2.239594e-01 -7.592281e-01 2.832983e-01 5.859307e-01 -1.351432e+01
8.396989e-02 6.099110e-01 -7.880087e-01 3.705157e+01 -4.189569e-01 7.391186e-01 5.274267e-01 -2.298023e-01 9.041152e-01 2.858537e-01 3.175901e-01 -1.348790e+01
-4.705538e-02 -4.557426e-01 8.888670e-01 3.743330e+01 6.058850e-01 6.944464e-01 3.881334e-01 -2.407764e-01 -7.941594e-01 5.568149e-01 2.434501e-01 -1.350454e+01
2.084621e-01 6.452381e-01 -7.349907e-01 3.788830e+01 -5.655298e-01 6.926521e-01 4.476708e-01 -2.550279e-01 7.979471e-01 3.223367e-01 5.092931e-01 -1.350394e+01
-1.051171e-01 -5.926852e-01 7.985453e-01 3.820289e+01 5.439927e-01 6.379301e-01 5.450845e-01 -2.678022e-01 -8.324796e-01 4.917005e-01 2.553590e-01 -1.344585e+01
3.069886e-02 5.790126e-01 -8.147405e-01 3.847377e+01 -6.221482e-01 6.490397e-01 4.378117e-01 -2.781894e-01 7.822974e-01 4.934490e-01 3.801564e-01 -1.345046e+01
-5.046916e-02 -6.573618e-01 7.518832e-01 3.867795e+01 5.712081e-01 5.985559e-01 5.616513e-01 -2.863302e-01 -8.192522e-01 4.578279e-01 3.452818e-01 -1.345362e+01
2.311835e-02 6.099681e-01 -7.920887e-01 3.887404e+01 -6.644170e-01 6.013844e-01 4.437194e-01 -2.949238e-01 7.470044e-01 5.160191e-01 4.191762e-01 -1.345022e+01
4.563194e-02 -7.076853e-01 7.050527e-01 3.911963e+01 6.488597e-01 5.576295e-01 5.177166e-01 -3.034921e-01 -7.595385e-01 4.338559e-01 4.846342e-01 -1.345619e+01
6.363653e-02 6.897913e-01 -7.212062e-01 3.940947e+01 -6.972633e-01 5.477555e-01 4.623720e-01 -3.133320e-01 7.139848e-01 4.734468e-01 5.158234e-01 -1.345950e+01
-2.112590e-02 -7.281005e-01 6.851447e-01 3.970168e+01 6.677196e-01 4.997775e-01 5.517001e-01 -3.230975e-01 -7.441131e-01 4.691397e-01 4.756087e-01 -1.348685e+01
-1.290737e-01 7.203481e-01 -6.814973e-01 3.991636e+01 -6.425237e-01 4.627145e-01 6.107852e-01 -3.287365e-01 7.553166e-01 5.167145e-01 4.031165e-01 -1.359725e+01
4.312802e-03 -7.023052e-01 7.118629e-01 4.008295e+01 8.047250e-01 4.250300e-01 4.144480e-01 -3.334357e-01 -5.936321e-01 5.710665e-01 5.669956e-01 -1.362070e+01
-6.936239e-02 8.451523e-01 -5.300061e-01 4.033476e+01 -6.101548e-01 3.843831e-01 6.927920e-01 -3.398399e-01 7.892401e-01 3.714395e-01 4.890120e-01 -1.368586e+01
3.622593e-01 -6.672087e-01 6.508462e-01 4.075862e+01 9.160810e-01 3.836770e-01 -1.165655e-01 -3.414418e-01 -1.719412e-01 6.384548e-01 7.502078e-01 -1.412229e+01
2.489932e-01 9.297162e-01 -2.713488e-01 4.114297e+01 -2.583397e-01 3.337783e-01 9.065609e-01 -3.432630e-01 9.334147e-01 -1.556273e-01 3.232911e-01 -1.453147e+01
5.187118e-01 -3.343767e-01 7.868483e-01 4.148265e+01 8.429586e-01 3.536253e-01 -4.054257e-01 -3.482560e-01 -1.426846e-01 8.735796e-01 4.652953e-01 -1.472328e+01
5.542569e-01 8.315464e-01 -3.646655e-02 4.169510e+01 -4.176956e-01 3.157711e-01 8.519501e-01 -3.582709e-01 7.199512e-01 -4.569673e-01 5.223516e-01 -1.466513e+01
3.809954e-01 -4.713133e-01 7.954284e-01 4.199160e+01 9.190754e-01 2.867735e-01 -2.702988e-01 -3.697984e-01 -1.007123e-01 8.340412e-01 5.424318e-01 -1.462816e+01
4.257453e-01 9.046908e-01 1.659770e-02 4.234896e+01 -5.827755e-01 2.601284e-01 7.698740e-01 -3.818347e-01 6.921804e-01 -3.374430e-01 6.379800e-01 -1.461386e+01
2.028515e-01 -6.302625e-01 7.494134e-01 4.280798e+01 9.728646e-01 2.167003e-01 -8.108882e-02 -3.963106e-01 -1.112908e-01 7.455268e-01 6.571181e-01 -1.458504e+01
2.364219e-01 9.701305e-01 -5.432802e-02 4.319972e+01 -6.573114e-01 2.008641e-01 7.263575e-01 -4.083196e-01 7.155742e-01 -1.360164e-01 6.851665e-01 -1.463156e+01
1.565937e-01 -6.895785e-01 7.070784e-01 4.382778e+01 9.842762e-01 1.681953e-01 -5.395107e-02 -4.216411e-01 -8.172373e-02 7.044088e-01 7.050741e-01 -1.464304e+01
2.223846e-01 9.737972e-01 -4.758340e-02 4.506997e+01 -7.293071e-01 1.985441e-01 6.547453e-01 -4.407216e-01 6.470365e-01 -1.109024e-01 7.543503e-01 -1.494583e+01
2.289095e-01 -7.490716e-01 6.216850e-01 4.628472e+01 9.733635e-01 1.677318e-01 -1.562994e-01 -4.576368e-01 1.280306e-02 6.409039e-01 7.675144e-01 -1.535594e+01
2.547259e-01 9.660279e-01 -4.364370e-02 4.722436e+01 -4.487942e-01 1.580762e-01 8.795429e-01 -4.662845e-01 8.565620e-01 -2.044553e-01 4.738138e-01 -1.587417e+01
7.596805e-01 -4.681616e-01 4.513427e-01 4.839665e+01 5.786242e-01 1.698786e-01 -7.977063e-01 -4.702461e-01 2.967820e-01 8.671597e-01 3.999431e-01 -1.670126e+01
8.063430e-01 5.739788e-01 -1.426861e-01 5.016284e+01 9.567832e-02 1.114822e-01 9.891498e-01 -4.793082e-01 5.836580e-01 -8.112460e-01 3.497554e-02 -1.761444e+01
9.996526e-01 1.957929e-02 -1.764462e-02 5.287050e+01 -2.032486e-02 1.464335e-01 -9.890117e-01 -4.911786e-01 -1.678038e-02 9.890267e-01 1.467806e-01 -1.905204e+01
8.457256e-01 -6.761682e-02 -5.293167e-01 5.523550e+01 5.335932e-01 9.759035e-02 8.400919e-01 -5.020101e-01 -5.148133e-03 -9.929270e-01 1.186145e-01 -2.030532e+01
8.422167e-01 5.215472e-01 -1.365998e-01 5.655832e+01 -2.255307e-01 1.106841e-01 -9.679282e-01 -5.169255e-01 -4.897008e-01 8.460127e-01 2.108449e-01 -2.087578e+01
7.980213e-01 -2.132468e-01 -5.636380e-01 5.714300e+01 5.872885e-01 6.550821e-02 8.067223e-01 -5.296543e-01 -1.351080e-01 -9.747997e-01 1.775143e-01 -2.098392e+01
6.844118e-01 5.949310e-01 -4.214707e-01 5.769127e+01 -5.970137e-01 1.254726e-01 -7.923581e-01 -5.341664e-01 -4.185154e-01 7.939230e-01 4.410568e-01 -2.137480e+01
5.036378e-01 -5.663750e-01 -6.523560e-01 5.806094e+01 8.209351e-01 7.854412e-02 5.655938e-01 -5.402954e-01 -2.690995e-01 -8.203964e-01 5.045149e-01 -2.160521e+01
4.226606e-01 8.476495e-01 -3.206999e-01 5.806764e+01 -7.369799e-01 1.155142e-01 -6.659708e-01 -5.427750e-01 -5.274644e-01 5.178290e-01 6.735240e-01 -2.163589e+01
1.208527e-01 -6.868643e-01 -7.166673e-01 5.812966e+01 9.901020e-01 1.353072e-01 3.728198e-02 -5.407384e-01 7.136260e-02 -7.140794e-01 6.964180e-01 -2.184559e+01
1.061700e-01 9.921864e-01 6.552890e-02 5.814976e+01 -9.734013e-01 1.171630e-01 -1.968828e-01 -5.359035e-01 -2.030220e-01 -4.288287e-02 9.782347e-01 -2.207720e+01
1.958685e-02 -9.503949e-01 -3.104287e-01 5.807985e+01 7.632966e-01 2.147510e-01 -6.093113e-01 -5.283788e-01 6.457513e-01 -2.250147e-01 7.296394e-01 -2.223130e+01
3.948906e-01 7.489796e-01 5.320630e-01 5.787113e+01 -8.662182e-01 1.105444e-01 4.872842e-01 -5.146635e-01 3.061493e-01 -6.533066e-01 6.924327e-01 -2.230462e+01
5.394814e-01 -8.416330e-01 2.477145e-02 5.757435e+01 3.377157e-01 1.893365e-01 -9.220086e-01 -5.024010e-01 7.713027e-01 5.057722e-01 3.863762e-01 -2.217402e+01
8.094993e-01 3.454678e-01 4.747240e-01 5.726346e+01 -5.317563e-01 8.863897e-02 8.422460e-01 -4.919569e-01 2.488898e-01 -9.342351e-01 2.554579e-01 -2.193362e+01
8.523556e-01 -4.622234e-01 -2.446210e-01 5.691674e+01 -1.894601e-01 1.630557e-01 -9.682550e-01 -4.783240e-01 4.874370e-01 8.716435e-01 5.140857e-02 -2.168722e+01
9.922846e-01 -1.210993e-01 -2.657600e-02 5.656569e+01 4.059185e-02 1.147850e-01 9.925607e-01 -4.635293e-01 -1.171479e-01 -9.859814e-01 1.188150e-01 -2.148726e+01
8.153483e-01 1.410959e-01 -5.615149e-01 5.633195e+01 -5.781608e-01 1.471428e-01 -8.025454e-01 -4.558320e-01 -3.061299e-02 9.790000e-01 2.015487e-01 -2.127027e+01
7.655541e-01 -5.154044e-01 -3.850782e-01 5.615117e+01 4.924241e-01 8.419475e-02 8.662735e-01 -4.515385e-01 -4.140596e-01 -8.528010e-01 3.182532e-01 -2.109584e+01
6.474800e-01 5.274582e-01 -5.500522e-01 5.609876e+01 -6.891032e-01 9.700339e-02 -7.181415e-01 -4.515806e-01 -3.254327e-01 8.440250e-01 4.262809e-01 -2.101053e+01
4.980152e-01 -6.556142e-01 -5.675833e-01 5.628436e+01 7.751091e-01 4.306729e-02 6.303579e-01 -4.551618e-01 -3.888273e-01 -7.538668e-01 5.296207e-01 -2.116371e+01
3.509100e-01 8.092168e-01 -4.712009e-01 5.645854e+01 -8.574619e-01 7.545276e-02 -5.089852e-01 -4.585646e-01 -3.763260e-01 5.826448e-01 7.203498e-01 -2.126346e+01
2.361329e-01 -8.211582e-01 -5.195580e-01 5.671197e+01 9.322146e-01 4.052570e-02 3.596298e-01 -4.643824e-01 -2.742575e-01 -5.692599e-01 7.750651e-01 -2.136304e+01
1.544927e-01 9.536191e-01 -2.583459e-01 5.682299e+01 -9.422634e-01 6.358268e-02 -3.287808e-01 -4.694976e-01 -2.971054e-01 2.942241e-01 9.083835e-01 -2.136857e+01
7.412392e-02 -9.161793e-01 -3.938542e-01 5.673459e+01 9.970585e-01 7.580487e-02 1.131137e-02 -4.686467e-01 1.949282e-02 -3.935341e-01 9.191033e-01 -2.130118e+01
7.283179e-02 9.952337e-01 6.484892e-02 5.671830e+01 -9.778485e-01 8.405042e-02 -1.916972e-01 -4.699128e-01 -1.962341e-01 -4.945077e-02 9.793093e-01 -2.133129e+01
4.263628e-02 -9.606468e-01 -2.744812e-01 5.670111e+01 9.624322e-01 1.132286e-01 -2.467862e-01 -4.714167e-01 2.681535e-01 -2.536475e-01 9.293851e-01 -2.136880e+01
8.150093e-02 9.451971e-01 3.161647e-01 5.678193e+01 -9.873440e-01 1.198697e-01 -1.038416e-01 -4.762494e-01 -1.360493e-01 -3.037001e-01 9.430041e-01 -2.133117e+01
4.300988e-02 -9.773148e-01 -2.073788e-01 5.700149e+01 8.675621e-01 1.394743e-01 -4.773708e-01 -4.845932e-01 4.954656e-01 -1.593823e-01 8.538801e-01 -2.129666e+01
1.905650e-01 8.356164e-01 5.151991e-01 5.729373e+01 -9.816738e-01 1.628795e-01 9.892846e-02 -4.909976e-01 -1.249137e-03 -5.246098e-01 8.513419e-01 -2.141039e+01
1.753972e-01 -9.737040e-01 -1.453835e-01 5.749459e+01 6.317353e-01 2.245760e-01 -7.419408e-01 -4.989487e-01 7.550804e-01 3.829048e-02 6.545132e-01 -2.135289e+01
4.528180e-01 5.655139e-01 6.893111e-01 5.746956e+01 -8.822926e-01 1.727735e-01 4.378460e-01 -5.011407e-01 1.285133e-01 -8.064387e-01 5.771837e-01 -2.113262e+01
4.117652e-01 -9.029771e-01 1.228078e-01 5.760275e+01 6.195255e-01 1.785479e-01 -7.644010e-01 -5.078164e-01 6.683095e-01 3.908363e-01 6.329371e-01 -2.109850e+01
4.706897e-01 5.653573e-01 6.773642e-01 5.801350e+01 -8.734623e-01 1.902030e-01 4.482035e-01 -5.178019e-01 1.245584e-01 -8.026169e-01 5.833449e-01 -2.122382e+01
4.741321e-01 -8.783898e-01 -6.025064e-02 5.823638e+01 3.500657e-01 2.508614e-01 -9.025090e-01 -5.235669e-01 8.078693e-01 4.068168e-01 4.264356e-01 -2.129370e+01
7.026754e-01 3.146606e-01 6.381505e-01 5.839484e+01 -7.055482e-01 1.922804e-01 6.820777e-01 -5.280396e-01 9.191916e-02 -9.295251e-01 3.571188e-01 -2.131541e+01
6.934848e-01 -7.179796e-01 -5.986740e-02 5.861140e+01 1.716963e-01 2.453943e-01 -9.540975e-01 -5.351522e-01 6.997137e-01 6.513731e-01 2.934516e-01 -2.137503e+01
7.083735e-01 9.953767e-02 6.987842e-01 5.869523e+01 -7.028532e-01 1.904191e-01 6.853743e-01 -5.458816e-01 -6.484133e-02 -9.766436e-01 2.048482e-01 -2.115924e+01
7.104693e-01 -6.869413e-01 -1.527907e-01 5.874900e+01 4.268442e-02 2.587816e-01 -9.649923e-01 -5.555492e-01 7.024325e-01 6.790756e-01 2.131781e-01 -2.089705e+01
7.810626e-01 -1.049486e-02 6.243646e-01 5.891411e+01 -6.079679e-01 2.154435e-01 7.641722e-01 -5.645347e-01 -1.425352e-01 -9.764599e-01 1.618943e-01 -2.081848e+01
7.661425e-01 -6.072286e-01 -2.104736e-01 5.905801e+01 -4.247964e-02 2.789340e-01 -9.593703e-01 -5.734201e-01 6.412653e-01 7.439552e-01 1.879083e-01 -2.068901e+01
8.951306e-01 -9.810596e-02 4.348752e-01 5.956365e+01 -4.146012e-01 1.753300e-01 8.929531e-01 -5.898218e-01 -1.638507e-01 -9.796094e-01 1.162684e-01 -2.047543e+01
6.916059e-01 -2.468530e-01 -6.787819e-01 5.952372e+01 -6.042468e-01 3.170981e-01 -7.309819e-01 -5.935065e-01 3.956855e-01 9.157032e-01 7.014684e-02 -1.991053e+01
8.352862e-01 -5.462590e-01 6.243394e-02 5.928978e+01 1.252120e-01 2.995638e-01 9.458242e-01 -5.869301e-01 -5.353680e-01 -7.822165e-01 3.186198e-01 -1.955401e+01
7.899577e-01 1.730145e-01 -5.882456e-01 5.930681e+01 -6.068686e-01 3.577060e-01 -7.097583e-01 -5.936481e-01 8.762050e-02 9.176668e-01 3.875697e-01 -1.942568e+01
7.985360e-01 -5.766301e-01 -1.727367e-01 5.918649e+01 4.009848e-01 2.955458e-01 8.671009e-01 -5.931254e-01 -4.489449e-01 -7.616760e-01 4.672239e-01 -1.925849e+01
6.627405e-01 4.583147e-01 -5.922184e-01 5.910661e+01 -7.452537e-01 3.262627e-01 -5.815063e-01 -5.944322e-01 -7.329410e-02 8.267407e-01 5.577883e-01 -1.913237e+01
6.290981e-01 -7.165224e-01 -3.013821e-01 5.894107e+01 6.617002e-01 2.901748e-01 6.913403e-01 -5.909158e-01 -4.079073e-01 -6.343455e-01 6.566715e-01 -1.903045e+01
4.790462e-01 7.149340e-01 -5.092977e-01 5.876841e+01 -8.678313e-01 2.985943e-01 -3.971275e-01 -5.869834e-01 -1.318465e-01 6.322269e-01 7.634825e-01 -1.895039e+01
4.509089e-01 -8.323562e-01 -3.222799e-01 5.864863e+01 8.495641e-01 2.895031e-01 4.409409e-01 -5.873743e-01 -2.737188e-01 -4.726216e-01 8.376794e-01 -1.876678e+01
3.383161e-01 8.939813e-01 -2.938362e-01 5.857506e+01 -9.344328e-01 2.822304e-01 -2.172128e-01 -5.905011e-01 -1.112547e-01 3.480567e-01 9.308485e-01 -1.855168e+01
3.006659e-01 -9.217912e-01 -2.447466e-01 5.857528e+01 9.517038e-01 2.732632e-01 1.399542e-01 -5.930494e-01 -6.212828e-02 -2.750057e-01 9.594331e-01 -1.852143e+01
2.654596e-01 9.636909e-01 -2.882849e-02 5.853548e+01 -9.604719e-01 2.617368e-01 -9.480320e-02 -5.973059e-01 -8.381550e-02 5.285537e-02 9.950785e-01 -1.837388e+01
2.478882e-01 -9.398767e-01 -2.349111e-01 5.842448e+01 9.282925e-01 2.998115e-01 -2.199683e-01 -5.979657e-01 2.771721e-01 -1.635387e-01 9.468003e-01 -1.814773e+01
3.319556e-01 9.139373e-01 2.335041e-01 5.858362e+01 -9.412240e-01 3.045240e-01 1.461591e-01 -6.015719e-01 6.247264e-02 -2.682980e-01 9.613082e-01 -1.821535e+01
3.311870e-01 -9.418439e-01 -5.696745e-02 5.870855e+01 8.840736e-01 3.308383e-01 -3.300907e-01 -6.113331e-01 3.297409e-01 5.895832e-02 9.422286e-01 -1.806887e+01
3.656777e-01 8.726783e-01 3.235931e-01 5.865274e+01 -9.063314e-01 2.547706e-01 3.371281e-01 -6.181808e-01 2.117624e-01 -4.165628e-01 8.840996e-01 -1.766457e+01
4.415025e-01 -8.972555e-01 -2.834616e-03 5.865067e+01 7.172233e-01 3.548108e-01 -5.997500e-01 -6.258983e-01 5.391348e-01 2.627581e-01 8.001824e-01 -1.731486e+01
5.717348e-01 6.863922e-01 4.494274e-01 5.854943e+01 -7.615458e-01 2.401901e-01 6.019608e-01 -6.285401e-01 3.052332e-01 -6.864215e-01 6.600441e-01 -1.699412e+01
6.663444e-01 -7.454381e-01 1.752706e-02 5.830897e+01 3.590828e-01 3.002047e-01 -8.837062e-01 -6.204217e-01 6.534866e-01 5.951464e-01 4.677137e-01 -1.685395e+01
7.409639e-01 3.425813e-01 5.775903e-01 5.821954e+01 -6.667930e-01 2.731818e-01 6.933677e-01 -6.199270e-01 7.974767e-02 -8.988936e-01 4.308487e-01 -1.687539e+01
7.548895e-01 -4.738123e-01 -4.534797e-01 5.932656e+01 -6.878790e-02 6.304231e-01 -7.731978e-01 -6.774137e-01 6.522347e-01 6.148728e-01 4.433072e-01 -1.570350e+01
