9.999069e-01 2.595272e-04 -1.364211e-02 3.342676e-01 -2.618880e-04 1.000000e+00 -1.712694e-04 -7.555245e-03 1.364206e-02 1.748254e-04 9.999069e-01 -4.182283e-01
1.000000e+00 -6.277445e-06 -1.089794e-05 6.187915e-01 6.286983e-06 9.999996e-01 8.723607e-04 -9.378983e-03 1.089280e-05 -8.723601e-04 9.999996e-01 -1.007880e+00
9.998920e-01 9.382216e-04 -1.466329e-02 1.373625e+00 -9.399735e-04 9.999996e-01 -1.125851e-04 -3.761895e-02 1.466317e-02 1.263553e-04 9.998925e-01 -1.135798e+00
1.000000e+00 -4.144006e-05 -1.780609e-04 2.047599e+00 4.146854e-05 1.000000e+00 1.596470e-04 -6.395598e-02 1.780546e-04 -1.596537e-04 1.000000e+00 -1.259232e+00
9.999168e-01 -7.500592e-05 -1.289661e-02 2.073274e+00 7.907929e-05 9.999999e-01 3.153417e-04 -5.020201e-02 1.289659e-02 -3.163360e-04 9.999168e-01 -2.094518e+00
9.999999e-01 -5.914506e-05 -4.002446e-04 2.083154e+00 5.925683e-05 1.000000e+00 2.791179e-04 -3.452003e-02 4.002284e-04 -2.791409e-04 9.999999e-01 -3.000284e+00
9.999149e-01 -4.017174e-05 -1.304269e-02 2.099330e+00 4.549828e-05 9.999999e-01 4.081004e-04 -1.901533e-02 1.304267e-02 -4.086598e-04 9.999149e-01 -3.901009e+00
1.000000e+00 -1.395222e-04 -1.346217e-04 2.102360e+00 1.395379e-04 1.000000e+00 1.163120e-04 -6.078540e-04 1.346058e-04 -1.163301e-04 1.000000e+00 -4.921437e+00
9.999165e-01 1.051775e-04 -1.292192e-02 2.144633e+00 -9.742823e-05 9.999998e-01 6.003358e-04 1.293779e-02 1.292198e-02 -5.990274e-04 9.999163e-01 -5.747176e+00
9.999997e-01 1.071953e-04 7.570586e-04 2.210038e+00 -1.073862e-04 1.000000e+00 2.522206e-04 1.662190e-02 -7.570312e-04 -2.523011e-04 9.999997e-01 -6.182297e+00
9.999249e-01 9.777910e-04 -1.221587e-02 2.295251e+00 -9.744433e-04 9.999995e-01 2.800025e-04 -1.924217e-04 1.221614e-02 -2.680785e-04 9.999253e-01 -5.765800e+00
9.999997e-01 -7.249047e-04 2.093705e-04 2.433002e+00 7.249309e-04 9.999997e-01 -1.249629e-04 7.531386e-03 -2.092796e-04 1.251153e-04 1.000000e+00 -6.445253e+00
9.999144e-01 1.401177e-03 -1.300681e-02 2.479504e+00 -1.386007e-03 9.999983e-01 1.175300e-03 -7.285702e-04 1.300843e-02 -1.157173e-03 9.999147e-01 -6.308093e+00
9.999930e-01 -8.727212e-04 3.634929e-03 2.518910e+00 8.755812e-04 9.999993e-01 -7.852656e-04 -6.395526e-03 -3.634241e-03 7.884435e-04 9.999931e-01 -6.353282e+00
9.998401e-01 1.101763e-03 -1.784801e-02 2.836270e+00 -1.080945e-03 9.999987e-01 1.176037e-03 -4.953973e-04 1.784928e-02 -1.156557e-03 9.998400e-01 -7.362151e+00
9.999814e-01 -1.392106e-03 5.937444e-03 2.797453e+00 1.401961e-03 9.999976e-01 -1.655954e-03 3.496455e-02 -5.935125e-03 1.664248e-03 9.999810e-01 -9.071943e+00
9.998063e-01 1.217171e-03 -1.964443e-02 2.819372e+00 -1.189910e-03 9.999983e-01 1.399372e-03 6.507491e-02 1.964610e-02 -1.375727e-03 9.998061e-01 -1.052608e+01
9.999620e-01 -1.244406e-03 8.631227e-03 2.816070e+00 1.256558e-03 9.999982e-01 -1.402619e-03 8.653125e-02 -8.629466e-03 1.413412e-03 9.999618e-01 -1.166140e+01
9.997411e-01 1.334699e-03 -2.271628e-02 2.954913e+00 -1.279997e-03 9.999962e-01 2.422408e-03 8.914949e-02 2.271942e-02 -2.392705e-03 9.997390e-01 -1.216855e+01
9.999421e-01 -1.410167e-04 1.076408e-02 3.177664e+00 1.524342e-04 9.999994e-01 -1.059877e-03 7.018592e-02 -1.076392e-02 1.061457e-03 9.999415e-01 -1.184320e+01
9.997554e-01 3.220255e-04 -2.211515e-02 3.213961e+00 -2.836440e-04 9.999984e-01 1.738649e-03 7.457165e-02 2.211568e-02 -1.731951e-03 9.997539e-01 -1.227245e+01
9.999525e-01 1.528103e-04 9.750160e-03 3.313459e+00 -1.490942e-04 9.999999e-01 -3.818443e-04 6.912911e-02 -9.750217e-03 3.803732e-04 9.999524e-01 -1.234589e+01
9.997911e-01 -3.653328e-04 -2.043701e-02 3.178604e+00 3.799610e-04 9.999997e-01 7.118937e-04 8.573434e-02 2.043674e-02 -7.195110e-04 9.997909e-01 -1.297933e+01
9.999724e-01 6.088060e-04 7.405855e-03 3.237482e+00 -6.122662e-04 9.999997e-01 4.649789e-04 8.625287e-02 -7.405569e-03 -4.694998e-04 9.999725e-01 -1.325489e+01
9.997935e-01 2.992958e-04 -2.031734e-02 3.396487e+00 -2.881722e-04 9.999998e-01 5.504252e-04 7.914482e-02 2.031751e-02 -5.444574e-04 9.997934e-01 -1.337812e+01
9.999792e-01 1.505692e-06 6.446438e-03 3.537830e+00 -1.347177e-06 1.000000e+00 -2.457193e-05 8.133763e-02 -6.446438e-03 2.456344e-05 9.999792e-01 -1.388167e+01
9.998098e-01 2.123608e-03 -1.938749e-02 3.759212e+00 -2.101082e-03 9.999971e-01 1.182180e-03 5.286037e-02 1.938994e-02 -1.141221e-03 9.998113e-01 -1.308294e+01
9.999729e-01 6.260757e-04 7.340065e-03 4.101279e+00 -6.292158e-04 9.999997e-01 4.255126e-04 1.991443e-02 -7.339796e-03 -4.301189e-04 9.999730e-01 -1.231986e+01
9.997635e-01 -1.590404e-04 -2.174699e-02 4.299760e+00 1.615374e-04 1.000000e+00 1.130706e-04 1.790825e-02 2.174697e-02 -1.165576e-04 9.997635e-01 -1.279444e+01
9.999856e-01 8.541256e-04 5.298544e-03 4.581822e+00 -8.590660e-04 9.999992e-01 9.302226e-04 1.818012e-04 -5.297745e-03 -9.347603e-04 9.999855e-01 -1.271223e+01
9.998257e-01 1.190077e-03 -1.863440e-02 4.936277e+00 -1.180103e-03 9.999992e-01 5.462422e-04 -2.402120e-02 1.863503e-02 -5.241572e-04 9.998262e-01 -1.235643e+01
9.999924e-01 1.776848e-04 3.892172e-03 5.236378e+00 -1.807053e-04 9.999997e-01 7.757484e-04 -4.123366e-02 -3.892033e-03 -7.764451e-04 9.999921e-01 -1.224210e+01
9.997531e-01 1.835384e-05 -2.222223e-02 5.467719e+00 1.315643e-06 9.999996e-01 8.851191e-04 -3.687938e-02 2.222224e-02 -8.849304e-04 9.997527e-01 -1.303266e+01
9.999936e-01 7.261072e-04 3.496713e-03 5.811961e+00 -7.290459e-04 9.999994e-01 8.392703e-04 -4.440685e-02 -3.496101e-03 -8.418136e-04 9.999935e-01 -1.346966e+01
9.997869e-01 4.542823e-04 -2.064008e-02 6.176342e+00 -4.460489e-04 9.999998e-01 4.035125e-04 -5.243300e-02 2.064026e-02 -3.942207e-04 9.997869e-01 -1.388628e+01
9.999920e-01 5.154727e-05 4.011072e-03 6.479568e+00 -5.402749e-05 9.999998e-01 6.182860e-04 -6.149172e-02 -4.011039e-03 -6.184971e-04 9.999918e-01 -1.422141e+01
9.996784e-01 1.928219e-03 -2.528621e-02 7.163379e+00 -1.910359e-03 9.999979e-01 7.304309e-04 -7.761612e-02 2.528757e-02 -6.818909e-04 9.996800e-01 -1.466970e+01
9.998774e-01 1.806291e-03 1.555569e-02 7.545511e+00 -1.807579e-03 9.999984e-01 6.875140e-05 -1.214449e-01 -1.555554e-02 -9.686043e-05 9.998790e-01 -1.346243e+01
9.991337e-01 2.402444e-03 -4.154664e-02 8.560489e+00 -2.375666e-03 9.999969e-01 6.939012e-04 -1.765656e-01 4.154818e-02 -5.945998e-04 9.991363e-01 -1.288742e+01
9.999456e-01 -4.200876e-04 1.042132e-02 9.702152e+00 4.176926e-04 9.999999e-01 2.320202e-04 -1.944744e-01 -1.042142e-02 -2.276540e-04 9.999457e-01 -1.399925e+01
9.996294e-01 3.335699e-03 -2.701574e-02 1.107176e+01 -3.353408e-03 9.999942e-01 -6.102069e-04 -2.515049e-01 2.701355e-02 7.005749e-04 9.996348e-01 -1.400926e+01
9.998515e-01 -2.345323e-03 1.707410e-02 1.153907e+01 2.337345e-03 9.999971e-01 4.872243e-04 -2.673900e-01 -1.707520e-02 -4.472432e-04 9.998541e-01 -1.436527e+01
9.996431e-01 1.147215e-02 -2.412719e-02 1.200980e+01 -1.147488e-02 9.999342e-01 2.521021e-05 -3.859442e-01 2.412589e-02 2.516548e-04 9.997089e-01 -1.051738e+01
9.998515e-01 -6.326665e-03 1.603137e-02 1.289404e+01 6.367435e-03 9.999766e-01 -2.493357e-03 -4.630117e-01 -1.601522e-02 2.595066e-03 9.998684e-01 -9.048317e+00
9.996609e-01 1.207683e-02 -2.307232e-02 1.260940e+01 -1.203597e-02 9.999257e-01 1.908995e-03 -5.055896e-01 2.309366e-02 -1.630651e-03 9.997320e-01 -5.696011e+00
9.994739e-01 -4.290011e-03 3.214751e-02 1.199532e+01 4.350711e-03 9.999889e-01 -1.818445e-03 -5.180838e-01 -3.213935e-02 1.957353e-03 9.994815e-01 -3.012638e+00
9.990334e-01 6.243503e-03 -4.351268e-02 1.198453e+01 -6.091899e-03 9.999749e-01 3.615870e-03 -5.400430e-01 4.353416e-02 -3.347301e-03 9.990463e-01 -1.949976e+00
9.991812e-01 -1.307029e-03 4.043809e-02 1.178727e+01 1.442780e-03 9.999934e-01 -3.328006e-03 -5.703018e-01 -4.043347e-02 3.383625e-03 9.991765e-01 1.061345e-01
9.987713e-01 1.945325e-03 -4.951922e-02 1.171353e+01 -1.741892e-03 9.999899e-01 4.150989e-03 -5.637425e-01 4.952679e-02 -4.059632e-03 9.987645e-01 -1.202603e-01
9.993176e-01 -1.795933e-03 3.689447e-02 1.182445e+01 1.956774e-03 9.999887e-01 -4.323842e-03 -5.395200e-01 -3.688628e-02 4.393086e-03 9.993098e-01 -1.476119e+00
9.987415e-01 1.823000e-03 -5.012173e-02 1.187494e+01 -1.588154e-03 9.999876e-01 4.724936e-03 -5.191249e-01 5.012972e-02 -4.639389e-03 9.987319e-01 -2.602948e+00
9.992799e-01 -1.605708e-03 3.790833e-02 1.193916e+01 1.768383e-03 9.999894e-01 -4.258143e-03 -5.009967e-01 -3.790109e-02 4.322114e-03 9.992721e-01 -3.695925e+00
9.987574e-01 1.504498e-03 -4.981363e-02 1.201350e+01 -1.296943e-03 9.999903e-01 4.198691e-03 -4.791563e-01 4.981947e-02 -4.128869e-03 9.987497e-01 -4.939571e+00
9.992821e-01 -1.366065e-03 3.785923e-02 1.203219e+01 1.526280e-03 9.999900e-01 -4.203271e-03 -4.562607e-01 -3.785311e-02 4.258038e-03 9.992742e-01 -6.092883e+00
9.987339e-01 4.346925e-03 -5.011684e-02 1.322848e+01 -4.178720e-03 9.999853e-01 3.460553e-03 -5.130155e-01 5.013114e-02 -3.246748e-03 9.987374e-01 -5.757872e+00
9.993247e-01 -1.457760e-03 3.671590e-02 1.428654e+01 1.632841e-03 9.999874e-01 -4.738978e-03 -5.762101e-01 -3.670853e-02 4.795730e-03 9.993145e-01 -5.001803e+00
9.988526e-01 2.103751e-03 -4.784428e-02 1.444962e+01 -1.863859e-03 9.999855e-01 5.058088e-03 -5.800223e-01 4.785423e-02 -4.963110e-03 9.988420e-01 -5.255398e+00
9.993668e-01 -1.494233e-03 3.554930e-02 1.463683e+01 1.649591e-03 9.999892e-01 -4.341267e-03 -5.766669e-01 -3.554243e-02 4.397161e-03 9.993585e-01 -5.811247e+00
9.989084e-01 2.023056e-03 -4.666748e-02 1.480073e+01 -1.811998e-03 9.999879e-01 4.564448e-03 -5.738541e-01 4.667615e-02 -4.474905e-03 9.989001e-01 -6.341962e+00
9.993649e-01 -1.753415e-03 3.559155e-02 1.489126e+01 1.912148e-03 9.999884e-01 -4.426294e-03 -5.581220e-01 -3.558338e-02 4.491539e-03 9.993566e-01 -7.318656e+00
9.988571e-01 1.737479e-03 -4.776579e-02 1.496415e+01 -1.537378e-03 9.999899e-01 4.225631e-03 -5.330395e-01 4.777264e-02 -4.147367e-03 9.988496e-01 -8.658427e+00
9.993673e-01 -1.718126e-03 3.552579e-02 1.500338e+01 1.868845e-03 9.999894e-01 -4.209730e-03 -5.095144e-01 -3.551818e-02 4.273460e-03 9.993599e-01 -9.907892e+00
9.988610e-01 1.644854e-03 -4.768727e-02 1.504574e+01 -1.447400e-03 9.999902e-01 4.174849e-03 -4.852209e-01 4.769367e-02 -4.101072e-03 9.988536e-01 -1.119361e+01
9.993669e-01 -1.572499e-03 3.554354e-02 1.512127e+01 1.722704e-03 9.999897e-01 -4.195728e-03 -4.622986e-01 -3.553657e-02 4.254303e-03 9.993593e-01 -1.244786e+01
9.988764e-01 1.683397e-03 -4.736200e-02 1.519583e+01 -1.486925e-03 9.999901e-01 4.183219e-03 -4.423236e-01 4.736858e-02 -4.108096e-03 9.988690e-01 -1.353696e+01
9.993747e-01 -1.601757e-03 3.532186e-02 1.524856e+01 1.748313e-03 9.999900e-01 -4.118653e-03 -4.204904e-01 -3.531491e-02 4.177832e-03 9.993675e-01 -1.474947e+01
9.988609e-01 1.368155e-03 -4.769724e-02 1.524459e+01 -1.180514e-03 9.999915e-01 3.961957e-03 -3.914626e-01 4.770226e-02 -3.901137e-03 9.988540e-01 -1.620540e+01
9.993693e-01 -1.422255e-03 3.548113e-02 1.526636e+01 1.575188e-03 9.999896e-01 -4.282674e-03 -3.608621e-01 -3.547467e-02 4.335863e-03 9.993612e-01 -1.774271e+01
9.988548e-01 1.494256e-03 -4.782091e-02 1.534980e+01 -1.296893e-03 9.999905e-01 4.157900e-03 -3.365535e-01 4.782667e-02 -4.091121e-03 9.988473e-01 -1.905840e+01
9.993689e-01 -1.511294e-03 3.548876e-02 1.539246e+01 1.665604e-03 9.999893e-01 -4.318988e-03 -3.107433e-01 -3.548185e-02 4.375373e-03 9.993607e-01 -2.042756e+01
9.988321e-01 1.046698e-03 -4.830500e-02 1.536279e+01 -8.445153e-04 9.999908e-01 4.205761e-03 -2.762894e-01 4.830895e-02 -4.160055e-03 9.988238e-01 -2.214905e+01
9.994015e-01 -1.377974e-03 3.456511e-02 1.536318e+01 1.538431e-03 9.999882e-01 -4.615995e-03 -2.374304e-01 -3.455834e-02 4.666409e-03 9.993918e-01 -2.404611e+01
9.989516e-01 3.008517e-04 -4.577880e-02 1.511699e+01 -1.201999e-04 9.999922e-01 3.948898e-03 -1.971098e-01 4.577963e-02 -3.939255e-03 9.989438e-01 -2.554139e+01
9.992932e-01 -1.635099e-03 3.755629e-02 1.445203e+01 1.831417e-03 9.999848e-01 -5.193469e-03 -1.366742e-01 -3.754723e-02 5.258580e-03 9.992810e-01 -2.703221e+01
9.987179e-01 1.550462e-03 -5.059751e-02 1.449602e+01 -1.295429e-03 9.999863e-01 5.072832e-03 -1.057214e-01 5.060468e-02 -5.000783e-03 9.987062e-01 -2.864373e+01
9.992521e-01 -1.284138e-03 3.864822e-02 1.459159e+01 1.488349e-03 9.999851e-01 -5.255520e-03 -8.190494e-02 -3.864090e-02 5.309112e-03 9.992391e-01 -2.997220e+01
9.987003e-01 1.318491e-03 -5.095019e-02 1.466154e+01 -1.059789e-03 9.999864e-01 5.104241e-03 -5.760708e-02 5.095623e-02 -5.043611e-03 9.986882e-01 -3.128693e+01
9.992840e-01 -1.465540e-03 3.780707e-02 1.467859e+01 1.655329e-03 9.999862e-01 -4.989113e-03 -2.953584e-02 -3.779923e-02 5.048124e-03 9.992726e-01 -3.277717e+01
9.986744e-01 1.274062e-03 -5.145631e-02 1.469878e+01 -1.018880e-03 9.999871e-01 4.985126e-03 1.405519e-03 5.146199e-02 -4.926090e-03 9.986628e-01 -3.436910e+01
9.992544e-01 -1.158005e-03 3.859198e-02 1.474353e+01 1.346781e-03 9.999873e-01 -4.865921e-03 2.490176e-02 -3.858585e-02 4.914268e-03 9.992432e-01 -3.564197e+01
9.986761e-01 1.151153e-03 -5.142660e-02 1.476851e+01 -8.927381e-04 9.999869e-01 5.047623e-03 4.813257e-02 5.143173e-02 -4.995031e-03 9.986640e-01 -3.689184e+01
9.992561e-01 -1.083927e-03 3.855007e-02 1.478767e+01 1.270400e-03 9.999876e-01 -4.812993e-03 7.092788e-02 -3.854438e-02 4.858387e-03 9.992451e-01 -3.811807e+01
9.986738e-01 1.086810e-03 -5.147262e-02 1.481472e+01 -8.313163e-04 9.999872e-01 4.984841e-03 9.517762e-02 5.147738e-02 -4.935440e-03 9.986620e-01 -3.940418e+01
9.992389e-01 -1.010731e-03 3.899372e-02 1.485938e+01 1.201471e-03 9.999874e-01 -4.868425e-03 1.180358e-01 -3.898831e-02 4.911570e-03 9.992276e-01 -4.065567e+01
9.986541e-01 9.876415e-04 -5.185531e-02 1.489211e+01 -7.322604e-04 9.999875e-01 4.943652e-03 1.433579e-01 5.185955e-02 -4.899028e-03 9.986424e-01 -4.200882e+01
9.992546e-01 -1.163454e-03 3.858626e-02 1.488024e+01 1.357020e-03 9.999866e-01 -4.990628e-03 1.747156e-01 -3.857994e-02 5.039271e-03 9.992428e-01 -4.361137e+01
9.986517e-01 9.572862e-04 -5.190219e-02 1.488339e+01 -7.029040e-04 9.999877e-01 4.919223e-03 2.067549e-01 5.190625e-02 -4.876109e-03 9.986401e-01 -4.522587e+01
9.992361e-01 -9.266651e-04 3.906957e-02 1.492493e+01 1.123090e-03 9.999868e-01 -5.005908e-03 2.326033e-01 -3.906441e-02 5.045963e-03 9.992240e-01 -4.658183e+01
9.986574e-01 9.320370e-04 -5.179362e-02 1.495391e+01 -6.643272e-04 9.999863e-01 5.185762e-03 2.560365e-01 5.179774e-02 -5.144393e-03 9.986443e-01 -4.784134e+01
9.992310e-01 -7.861636e-04 3.920163e-02 1.501180e+01 9.822205e-04 9.999871e-01 -4.982225e-03 2.753371e-01 -3.919721e-02 5.016899e-03 9.992189e-01 -4.892015e+01
9.986790e-01 1.137429e-03 -5.137079e-02 1.511866e+01 -8.573760e-04 9.999847e-01 5.473316e-03 2.878903e-01 5.137623e-02 -5.422042e-03 9.986647e-01 -4.977283e+01
9.992199e-01 -7.432496e-04 3.948490e-02 1.520027e+01 9.413632e-04 9.999871e-01 -4.999086e-03 3.004526e-01 -3.948067e-02 5.032357e-03 9.992077e-01 -5.058638e+01
9.987506e-01 9.226020e-04 -4.996288e-02 1.526449e+01 -6.639372e-04 9.999863e-01 5.193497e-03 3.109517e-01 4.996698e-02 -5.153837e-03 9.987376e-01 -5.128826e+01
9.991795e-01 -6.162458e-04 4.049566e-02 1.524545e+01 8.327082e-04 9.999855e-01 -5.328660e-03 3.255935e-01 -4.049179e-02 5.358010e-03 9.991655e-01 -5.191950e+01
9.987211e-01 4.261074e-04 -5.055626e-02 1.524010e+01 -1.579055e-04 9.999859e-01 5.308902e-03 3.473723e-01 5.055781e-02 -5.294130e-03 9.987071e-01 -5.301989e+01
9.992663e-01 -4.355077e-04 3.829683e-02 1.528609e+01 6.630701e-04 9.999822e-01 -5.929558e-03 3.822986e-01 -3.829356e-02 5.950602e-03 9.992488e-01 -5.479210e+01
9.987373e-01 7.583324e-04 -5.023205e-02 1.548320e+01 -4.697333e-04 9.999833e-01 5.756883e-03 4.036771e-01 5.023558e-02 -5.726019e-03 9.987210e-01 -5.618173e+01
9.992566e-01 -4.020591e-04 3.854992e-02 1.572749e+01 6.383480e-04 9.999811e-01 -6.117304e-03 4.224896e-01 -3.854673e-02 6.137365e-03 9.992380e-01 -5.754175e+01
9.986564e-01 5.220431e-04 -5.181865e-02 1.585124e+01 -2.044026e-04 9.999812e-01 6.134967e-03 4.471011e-01 5.182088e-02 -6.116133e-03 9.986377e-01 -5.900945e+01
9.992253e-01 -6.493081e-04 3.935018e-02 1.587799e+01 9.015122e-04 9.999792e-01 -6.391806e-03 4.741392e-01 -3.934521e-02 6.422330e-03 9.992050e-01 -6.040021e+01
9.987189e-01 8.342837e-04 -5.059493e-02 1.605223e+01 -5.148719e-04 9.999799e-01 6.325833e-03 4.914452e-01 5.059919e-02 -6.291680e-03 9.986992e-01 -6.161145e+01
9.992012e-01 -4.000793e-04 3.995891e-02 1.610624e+01 6.393563e-04 9.999819e-01 -5.975465e-03 5.072813e-01 -3.995580e-02 5.996241e-03 9.991835e-01 -6.246765e+01
9.986847e-01 7.628266e-04 -5.126606e-02 1.625120e+01 -4.627194e-04 9.999827e-01 5.865538e-03 5.173734e-01 5.126964e-02 -5.834103e-03 9.986678e-01 -6.320162e+01
9.992588e-01 -5.486443e-04 3.849124e-02 1.634627e+01 7.589660e-04 9.999849e-01 -5.449732e-03 5.371453e-01 -3.848767e-02 5.474907e-03 9.992441e-01 -6.441685e+01
9.988438e-01 -7.440960e-04 -4.806827e-02 1.600585e+01 9.731346e-04 9.999883e-01 4.741643e-03 5.792841e-01 4.806418e-02 -4.782939e-03 9.988328e-01 -6.576655e+01
9.992138e-01 -5.752883e-05 3.964673e-02 1.549964e+01 2.994380e-04 9.999814e-01 -6.095694e-03 6.358557e-01 -3.964565e-02 6.102774e-03 9.991952e-01 -6.737244e+01
9.988570e-01 -1.391590e-03 -4.777897e-02 1.492314e+01 1.652896e-03 9.999839e-01 5.429994e-03 6.869409e-01 4.777064e-02 -5.502761e-03 9.988432e-01 -6.857829e+01
9.991137e-01 4.371970e-04 4.209167e-02 1.419136e+01 -1.725692e-04 9.999802e-01 -6.290358e-03 7.375778e-01 -4.209358e-02 6.277519e-03 9.990940e-01 -6.927682e+01
9.984889e-01 -2.394141e-04 -5.495311e-02 1.423652e+01 6.053440e-04 9.999778e-01 6.642409e-03 7.535561e-01 5.495030e-02 -6.665637e-03 9.984668e-01 -7.022517e+01
9.991227e-01 4.819439e-04 4.187555e-02 1.427279e+01 -2.232093e-04 9.999809e-01 -6.183102e-03 7.699012e-01 -4.187773e-02 6.168331e-03 9.991037e-01 -7.119081e+01
9.985047e-01 -3.709172e-04 -5.466440e-02 1.429007e+01 7.332829e-04 9.999779e-01 6.609017e-03 7.895865e-01 5.466074e-02 -6.639220e-03 9.984829e-01 -7.230599e+01
9.991240e-01 7.831985e-04 4.184106e-02 1.441666e+01 -5.194525e-04 9.999799e-01 -6.314010e-03 8.075552e-01 -4.184516e-02 6.286745e-03 9.991043e-01 -7.343254e+01
9.988215e-01 -2.155656e-03 -4.848727e-02 1.386970e+01 2.435411e-03 9.999807e-01 5.711324e-03 8.578837e-01 4.847402e-02 -5.822680e-03 9.988075e-01 -7.467033e+01
9.991068e-01 1.008719e-03 4.224496e-02 1.299120e+01 -6.859766e-04 9.999705e-01 -7.653562e-03 9.270199e-01 -4.225143e-02 7.617747e-03 9.990780e-01 -7.589160e+01
9.984933e-01 -7.495776e-04 -5.486888e-02 1.303394e+01 1.183620e-03 9.999683e-01 7.878479e-03 9.448126e-01 5.486124e-02 -7.931552e-03 9.984625e-01 -7.691872e+01
9.991206e-01 1.158447e-03 4.191309e-02 1.309243e+01 -8.462121e-04 9.999718e-01 -7.466549e-03 9.602957e-01 -4.192056e-02 7.424516e-03 9.990934e-01 -7.783886e+01
9.985107e-01 -8.689880e-04 -5.454920e-02 1.312218e+01 1.301772e-03 9.999680e-01 7.898802e-03 9.765199e-01 5.454059e-02 -7.958050e-03 9.984798e-01 -7.878974e+01
9.991428e-01 1.126630e-03 4.138010e-02 1.314473e+01 -8.181611e-04 9.999718e-01 -7.470701e-03 9.906192e-01 -4.138735e-02 7.430442e-03 9.991155e-01 -7.961800e+01
9.987539e-01 3.475149e-04 -4.990566e-02 1.310172e+01 8.381533e-05 9.999627e-01 8.640568e-03 1.005549e+00 4.990680e-02 -8.633984e-03 9.987166e-01 -8.002352e+01
9.992810e-01 1.858679e-04 3.791287e-02 1.308118e+01 1.111178e-04 9.999693e-01 -7.831105e-03 1.013600e+00 -3.791316e-02 7.829688e-03 9.992504e-01 -8.042033e+01
9.986696e-01 3.609025e-04 -5.156530e-02 1.311636e+01 9.200948e-05 9.999614e-01 8.780636e-03 1.021987e+00 5.156648e-02 -8.773699e-03 9.986310e-01 -8.097929e+01
9.992457e-01 2.966631e-04 3.883175e-02 1.316212e+01 1.189199e-05 9.999684e-01 -7.945464e-03 1.034641e+00 -3.883288e-02 7.939933e-03 9.992142e-01 -8.173388e+01
9.986260e-01 -1.129055e-04 -5.240302e-02 1.318807e+01 5.590938e-04 9.999637e-01 8.499980e-03 1.048185e+00 5.240016e-02 -8.517600e-03 9.985898e-01 -8.254385e+01
9.992294e-01 4.836908e-04 3.924828e-02 1.321236e+01 -1.740399e-04 9.999688e-01 -7.892558e-03 1.063045e+00 -3.925088e-02 7.879646e-03 9.991983e-01 -8.344533e+01
9.986202e-01 -2.019792e-04 -5.251378e-02 1.323429e+01 6.443071e-04 9.999645e-01 8.406300e-03 1.080081e+00 5.251022e-02 -8.428536e-03 9.985848e-01 -8.440868e+01
9.992152e-01 6.276522e-04 3.960437e-02 1.326916e+01 -3.231828e-04 9.999704e-01 -7.693694e-03 1.091996e+00 -3.960802e-02 7.674858e-03 9.991858e-01 -8.513746e+01
9.986566e-01 -2.770493e-04 -5.181658e-02 1.328341e+01 7.053160e-04 9.999657e-01 8.246958e-03 1.105179e+00 5.181252e-02 -8.272427e-03 9.986226e-01 -8.588821e+01
9.991515e-01 7.643486e-04 4.117849e-02 1.319656e+01 -4.623471e-04 9.999729e-01 -7.342972e-03 1.114799e+00 -4.118299e-02 7.317704e-03 9.991248e-01 -8.624939e+01
9.988251e-01 3.138886e-05 -4.846019e-02 1.299255e+01 3.510466e-04 9.999689e-01 7.883224e-03 1.124183e+00 4.845893e-02 -7.890974e-03 9.987940e-01 -8.618338e+01
9.992150e-01 5.567425e-04 3.961148e-02 1.284028e+01 -2.900547e-04 9.999773e-01 -6.738000e-03 1.131485e+00 -3.961433e-02 6.721222e-03 9.991924e-01 -8.623793e+01
9.989160e-01 -2.551515e-04 -4.654898e-02 1.248970e+01 5.847141e-04 9.999749e-01 7.066441e-03 1.151738e+00 4.654601e-02 -7.085999e-03 9.988910e-01 -8.640836e+01
9.992914e-01 3.985383e-04 3.763631e-02 1.220025e+01 -1.456572e-04 9.999774e-01 -6.721562e-03 1.171489e+00 -3.763814e-02 6.711318e-03 9.992689e-01 -8.674756e+01
9.988014e-01 6.413431e-05 -4.894668e-02 1.228075e+01 2.852451e-04 9.999745e-01 7.130952e-03 1.183018e+00 4.894589e-02 -7.136367e-03 9.987759e-01 -8.754572e+01
9.993155e-01 4.592889e-04 3.698979e-02 1.237429e+01 -2.067190e-04 9.999766e-01 -6.831615e-03 1.195132e+00 -3.699207e-02 6.819293e-03 9.992923e-01 -8.832539e+01
9.987925e-01 8.797956e-05 -4.912861e-02 1.247045e+01 2.802240e-04 9.999719e-01 7.487760e-03 1.202638e+00 4.912789e-02 -7.492485e-03 9.987644e-01 -8.893398e+01
9.993008e-01 4.037001e-04 3.738760e-02 1.254545e+01 -1.361909e-04 9.999744e-01 -7.157280e-03 1.215060e+00 -3.738953e-02 7.147184e-03 9.992752e-01 -8.973907e+01
9.987826e-01 -2.368658e-04 -4.932765e-02 1.255574e+01 5.991893e-04 9.999730e-01 7.330594e-03 1.234003e+00 4.932458e-02 -7.351227e-03 9.987557e-01 -9.074682e+01
9.993124e-01 6.744179e-04 3.707094e-02 1.261764e+01 -4.193740e-04 9.999762e-01 -6.887218e-03 1.246971e+00 -3.707470e-02 6.866936e-03 9.992889e-01 -9.152827e+01
9.988426e-01 -2.537243e-04 -4.809820e-02 1.271561e+01 6.000682e-04 9.999740e-01 7.186475e-03 1.258773e+00 4.809513e-02 -7.207020e-03 9.988168e-01 -9.236973e+01
9.994132e-01 7.296467e-04 3.424542e-02 1.290677e+01 -4.990738e-04 9.999772e-01 -6.741004e-03 1.271209e+00 -3.424956e-02 6.719957e-03 9.993907e-01 -9.337383e+01
9.990530e-01 3.368391e-04 -4.350815e-02 1.328791e+01 -5.614333e-05 9.999792e-01 6.452641e-03 1.262501e+00 4.350942e-02 -6.444088e-03 9.990322e-01 -9.379314e+01
9.995379e-01 -1.947969e-05 3.039706e-02 1.348482e+01 2.171195e-04 9.999789e-01 -6.498633e-03 1.275612e+00 -3.039629e-02 6.502231e-03 9.995168e-01 -9.487049e+01
9.990997e-01 4.934305e-05 -4.242365e-02 1.350958e+01 2.251673e-04 9.999791e-01 6.465901e-03 1.300967e+00 4.242309e-02 -6.469633e-03 9.990788e-01 -9.623906e+01
9.994919e-01 -1.364562e-03 3.184565e-02 1.316085e+01 1.604616e-03 9.999705e-01 -7.513679e-03 1.347463e+00 -3.183445e-02 7.560962e-03 9.994646e-01 -9.782536e+01
9.990562e-01 7.622585e-04 -4.342926e-02 1.288043e+01 -4.509378e-04 9.999741e-01 7.177815e-03 1.384675e+00 4.343361e-02 -7.151457e-03 9.990307e-01 -9.910768e+01
9.995227e-01 -4.613932e-04 3.089078e-02 1.295083e+01 6.765548e-04 9.999756e-01 -6.955129e-03 1.401488e+00 -3.088682e-02 6.972708e-03 9.994986e-01 -1.001115e+02
9.991630e-01 2.031031e-04 -4.090605e-02 1.285787e+01 7.535167e-05 9.999768e-01 6.805535e-03 1.421969e+00 4.090649e-02 -6.802922e-03 9.991398e-01 -1.009610e+02
9.995492e-01 -4.862286e-05 3.002197e-02 1.279655e+01 2.582553e-04 9.999756e-01 -6.978776e-03 1.445885e+00 -3.002090e-02 6.983384e-03 9.995249e-01 -1.020324e+02
9.988154e-01 -1.523326e-03 -4.863675e-02 1.266395e+01 1.856391e-03 9.999751e-01 6.803578e-03 1.499086e+00 4.862518e-02 -6.885807e-03 9.987934e-01 -1.046628e+02
9.995422e-01 1.036067e-03 3.023827e-02 1.268357e+01 -8.386722e-04 9.999783e-01 -6.539902e-03 1.540357e+00 -3.024439e-02 6.511548e-03 9.995213e-01 -1.067540e+02
9.991102e-01 -1.106735e-03 -4.216088e-02 1.278739e+01 1.382917e-03 9.999778e-01 6.522064e-03 1.556376e+00 4.215273e-02 -6.574566e-03 9.990895e-01 -1.077873e+02
9.995642e-01 1.495466e-03 2.948008e-02 1.298959e+01 -1.315009e-03 9.999803e-01 -6.139745e-03 1.563936e+00 -2.948868e-02 6.098303e-03 9.995465e-01 -1.085481e+02
9.996440e-01 -1.608672e-03 -2.663389e-02 1.165446e+01 1.755303e-03 9.999834e-01 5.482983e-03 1.647213e+00 2.662462e-02 -5.527782e-03 9.996302e-01 -1.090469e+02
9.994086e-01 1.018137e-04 3.438589e-02 9.107639e+00 2.362035e-04 9.999517e-01 -9.825890e-03 1.809950e+00 -3.438523e-02 9.828202e-03 9.993603e-01 -1.101517e+02
9.993474e-01 -1.654793e-03 -3.608480e-02 7.876048e+00 1.931821e-03 9.999689e-01 7.643640e-03 1.890534e+00 3.607103e-02 -7.708361e-03 9.993195e-01 -1.109291e+02
9.996791e-01 2.484284e-03 2.520937e-02 8.636454e+00 -2.285668e-03 9.999661e-01 -7.904383e-03 1.868873e+00 -2.522816e-02 7.844226e-03 9.996509e-01 -1.113387e+02
9.992812e-01 -1.755607e-03 -3.786717e-02 9.087131e+00 2.087752e-03 9.999597e-01 8.733587e-03 1.848705e+00 3.785031e-02 -8.806367e-03 9.992446e-01 -1.113166e+02
9.995043e-01 2.972231e-03 3.134191e-02 8.903280e+00 -2.718543e-03 9.999632e-01 -8.133697e-03 1.857231e+00 -3.136493e-02 8.044461e-03 9.994756e-01 -1.110115e+02
9.993425e-01 -1.959520e-03 -3.620449e-02 8.559673e+00 2.272390e-03 9.999604e-01 8.602636e-03 1.872943e+00 3.618620e-02 -8.679251e-03 9.993074e-01 -1.107333e+02
9.994088e-01 3.653347e-03 3.418521e-02 8.341899e+00 -3.371865e-03 9.999600e-01 -8.288030e-03 1.894218e+00 -3.421412e-02 8.167863e-03 9.993811e-01 -1.105025e+02
9.989188e-01 -1.906679e-03 -4.644939e-02 8.629493e+00 2.368250e-03 9.999483e-01 9.884082e-03 1.878417e+00 4.642814e-02 -9.983400e-03 9.988717e-01 -1.103528e+02
9.993138e-01 2.884866e-03 3.692726e-02 8.950470e+00 -2.484115e-03 9.999376e-01 -1.089373e-02 1.863759e+00 -3.695638e-02 1.079452e-02 9.992586e-01 -1.104250e+02
9.990248e-01 -1.645335e-03 -4.412121e-02 9.012192e+00 2.140593e-03 9.999352e-01 1.118006e-02 1.862813e+00 4.409996e-02 -1.126360e-02 9.989636e-01 -1.103909e+02
9.991859e-01 2.754439e-03 4.024888e-02 8.686686e+00 -2.332239e-03 9.999418e-01 -1.053290e-02 1.881308e+00 -4.027555e-02 1.043046e-02 9.991342e-01 -1.100997e+02
9.989908e-01 -1.560046e-03 -4.488797e-02 8.287741e+00 2.046156e-03 9.999397e-01 1.078551e-02 1.903813e+00 4.486844e-02 -1.086647e-02 9.989338e-01 -1.098206e+02
9.990384e-01 2.909188e-03 4.374753e-02 7.812975e+00 -2.453938e-03 9.999423e-01 -1.045641e-02 1.930838e+00 -4.377543e-02 1.033900e-02 9.989879e-01 -1.094723e+02
9.992847e-01 -3.270797e-03 -3.767470e-02 6.057954e+00 3.607747e-03 9.999541e-01 8.879159e-03 2.041473e+00 3.764392e-02 -9.008729e-03 9.992506e-01 -1.101956e+02
9.987485e-01 6.925418e-04 5.000976e-02 2.730890e+00 2.945736e-05 9.998958e-01 -1.443497e-02 2.254210e+00 -5.001455e-02 1.441838e-02 9.986444e-01 -1.118481e+02
9.988189e-01 -1.912675e-03 -4.855010e-02 1.052953e+00 2.454233e-03 9.999354e-01 1.109748e-02 2.367134e+00 4.852573e-02 -1.120352e-02 9.987591e-01 -1.126519e+02
9.988649e-01 3.547769e-03 4.750063e-02 8.245663e-01 -3.021486e-03 9.999333e-01 -1.114669e-02 2.379917e+00 -4.753701e-02 1.099051e-02 9.988090e-01 -1.121519e+02
9.988972e-01 -1.393088e-03 -4.693078e-02 2.449108e-01 1.929608e-03 9.999333e-01 1.138880e-02 2.423995e+00 4.691179e-02 -1.146680e-02 9.988332e-01 -1.116534e+02
9.989091e-01 3.088035e-03 4.659399e-02 -2.830900e-01 -2.587914e-03 9.999384e-01 -1.079010e-02 2.454119e+00 -4.662444e-02 1.065775e-02 9.988556e-01 -1.111049e+02
9.989658e-01 -1.202574e-03 -4.545244e-02 -9.089527e-01 1.704173e-03 9.999381e-01 1.099858e-02 2.500045e+00 4.543640e-02 -1.106466e-02 9.989060e-01 -1.106595e+02
9.991338e-01 2.670427e-03 4.152666e-02 -1.309594e+00 -2.245508e-03 9.999447e-01 -1.027569e-02 2.527822e+00 -4.155180e-02 1.017354e-02 9.990846e-01 -1.103417e+02
9.990502e-01 -1.135488e-03 -4.355934e-02 -1.822343e+00 1.602372e-03 9.999416e-01 1.068496e-02 2.555794e+00 4.354466e-02 -1.074461e-02 9.989937e-01 -1.098419e+02
9.990389e-01 2.545003e-03 4.375850e-02 -2.491730e+00 -2.091656e-03 9.999437e-01 -1.040285e-02 2.600247e+00 -4.378251e-02 1.030133e-02 9.989880e-01 -1.095027e+02
9.988869e-01 -8.551276e-04 -4.716164e-02 -2.788580e+00 1.371320e-03 9.999395e-01 1.091392e-02 2.623815e+00 4.714945e-02 -1.096644e-02 9.988276e-01 -1.091720e+02
9.991311e-01 2.123528e-03 4.162332e-02 -2.989868e+00 -1.688907e-03 9.999437e-01 -1.047414e-02 2.631497e+00 -4.164322e-02 1.039474e-02 9.990785e-01 -1.088961e+02
9.991856e-01 -6.023012e-04 -4.034480e-02 -3.615019e+00 1.044129e-03 9.999397e-01 1.093113e-02 2.678273e+00 4.033579e-02 -1.096435e-02 9.991260e-01 -1.086191e+02
9.994460e-01 1.663429e-03 3.324111e-02 -3.729685e+00 -1.315417e-03 9.999441e-01 -1.048844e-02 2.694912e+00 -3.325670e-02 1.043890e-02 9.993923e-01 -1.089171e+02
9.990669e-01 -1.066214e-03 -4.317547e-02 -3.672111e+00 1.509298e-03 9.999465e-01 1.023112e-02 2.707158e+00 4.316226e-02 -1.028674e-02 9.990151e-01 -1.096834e+02
9.995147e-01 1.729562e-03 3.110120e-02 -3.363301e+00 -1.398123e-03 9.999420e-01 -1.067536e-02 2.712632e+00 -3.111786e-02 1.062670e-02 9.994592e-01 -1.105610e+02
9.991586e-01 -1.036454e-03 -4.099911e-02 -3.014680e+00 1.446805e-03 9.999491e-01 9.980392e-03 2.713580e+00 4.098668e-02 -1.003131e-02 9.991093e-01 -1.112645e+02
9.995968e-01 1.736695e-03 2.834251e-02 -2.484997e+00 -1.451036e-03 9.999480e-01 -1.009627e-02 2.705658e+00 -2.835857e-02 1.005107e-02 9.995473e-01 -1.119715e+02
9.990760e-01 -1.751544e-03 -4.294259e-02 -2.017873e+00 2.169785e-03 9.999506e-01 9.694872e-03 2.716518e+00 4.292349e-02 -9.779090e-03 9.990305e-01 -1.134020e+02
9.996410e-01 2.331080e-03 2.669006e-02 -1.575059e+00 -2.089291e-03 9.999566e-01 -9.083428e-03 2.726595e+00 -2.671007e-02 9.024405e-03 9.996025e-01 -1.146706e+02
9.992022e-01 -2.670559e-03 -3.984843e-02 -1.439922e+00 3.007527e-03 9.999602e-01 8.398720e-03 2.756768e+00 3.982441e-02 -8.511865e-03 9.991704e-01 -1.165087e+02
9.997124e-01 2.474164e-03 2.385317e-02 -9.238056e-01 -2.272196e-03 9.999614e-01 -8.490466e-03 2.774325e+00 -2.387326e-02 8.433825e-03 9.996794e-01 -1.182312e+02
9.992813e-01 -9.595666e-04 -3.789294e-02 2.947797e-02 1.247480e-03 9.999705e-01 7.575191e-03 2.743204e+00 3.788456e-02 -7.617018e-03 9.992531e-01 -1.186783e+02
9.996660e-01 1.563854e-03 2.579468e-02 3.045379e-01 -1.353073e-03 9.999656e-01 -8.186877e-03 2.750610e+00 -2.580659e-02 8.149241e-03 9.996337e-01 -1.195512e+02
9.993982e-01 -9.566099e-04 -3.467534e-02 9.263657e-01 1.217835e-03 9.999710e-01 7.513123e-03 2.748761e+00 3.466715e-02 -7.550831e-03 9.993704e-01 -1.206541e+02
9.996566e-01 2.386551e-03 2.609391e-02 2.283334e+00 -2.124297e-03 9.999470e-01 -1.007346e-02 2.703891e+00 -2.611656e-02 1.001457e-02 9.996087e-01 -1.210278e+02
9.992465e-01 -8.591125e-04 -3.880231e-02 3.232624e+00 1.224781e-03 9.999551e-01 9.401110e-03 2.662535e+00 3.879249e-02 -9.441552e-03 9.992027e-01 -1.209053e+02
9.994528e-01 1.581162e-03 3.304025e-02 3.031410e+00 -1.278287e-03 9.999570e-01 -9.185960e-03 2.676474e+00 -3.305335e-02 9.138699e-03 9.994118e-01 -1.209387e+02
9.991270e-01 -9.113890e-04 -4.176706e-02 3.061752e+00 1.308727e-03 9.999541e-01 9.486841e-03 2.679065e+00 4.175650e-02 -9.533221e-03 9.990823e-01 -1.211395e+02
9.994515e-01 1.672883e-03 3.307539e-02 3.036473e+00 -1.381815e-03 9.999601e-01 -8.821013e-03 2.678426e+00 -3.308883e-02 8.770470e-03 9.994139e-01 -1.211325e+02
9.992444e-01 -6.494189e-04 -3.886193e-02 2.736656e+00 1.017060e-03 9.999549e-01 9.441173e-03 2.691241e+00 3.885405e-02 -9.473564e-03 9.992000e-01 -1.208644e+02
9.994000e-01 1.992361e-03 3.457798e-02 2.416647e+00 -1.677134e-03 9.999568e-01 -9.143011e-03 2.712505e+00 -3.459470e-02 9.079533e-03 9.993602e-01 -1.206718e+02
9.991282e-01 -8.658268e-04 -4.173835e-02 2.313703e+00 1.278666e-03 9.999505e-01 9.865451e-03 2.711915e+00 4.172774e-02 -9.910220e-03 9.990799e-01 -1.203734e+02
9.993145e-01 2.138715e-03 3.695800e-02 2.062092e+00 -1.798422e-03 9.999557e-01 -9.238351e-03 2.721821e+00 -3.697612e-02 9.165553e-03 9.992741e-01 -1.199917e+02
9.991590e-01 -4.469461e-04 -4.100081e-02 2.043562e+00 8.447675e-04 9.999527e-01 9.685972e-03 2.721436e+00 4.099454e-02 -9.712463e-03 9.991122e-01 -1.195215e+02
9.993612e-01 2.250800e-03 3.566782e-02 2.096945e+00 -1.927234e-03 9.999567e-01 -9.103421e-03 2.715245e+00 -3.568676e-02 9.028865e-03 9.993222e-01 -1.190757e+02
9.993020e-01 -7.396642e-04 -3.734925e-02 1.678168e+00 1.099489e-03 9.999532e-01 9.614465e-03 2.736419e+00 3.734039e-02 -9.648820e-03 9.992560e-01 -1.184708e+02
9.993334e-01 2.405843e-03 3.642789e-02 1.243489e+00 -2.080594e-03 9.999577e-01 -8.963822e-03 2.762768e+00 -3.644791e-02 8.882056e-03 9.992961e-01 -1.179114e+02
9.991821e-01 -8.590518e-04 -4.042729e-02 1.024934e+00 1.240139e-03 9.999550e-01 9.402372e-03 2.771975e+00 4.041739e-02 -9.444818e-03 9.991382e-01 -1.174826e+02
9.993840e-01 1.918816e-03 3.504267e-02 8.971357e-01 -1.590269e-03 9.999545e-01 -9.401053e-03 2.773775e+00 -3.505912e-02 9.339535e-03 9.993416e-01 -1.171528e+02
9.991653e-01 -1.070468e-03 -4.083519e-02 7.997148e-01 1.460523e-03 9.999536e-01 9.523317e-03 2.778180e+00 4.082310e-02 -9.575009e-03 9.991205e-01 -1.170034e+02
9.994903e-01 3.903101e-03 3.168519e-02 1.638015e+00 -3.558472e-03 9.999340e-01 -1.092575e-02 2.734261e+00 -3.172574e-02 1.080743e-02 9.994382e-01 -1.165178e+02
9.991238e-01 -2.590682e-03 -4.177208e-02 2.277351e+00 3.055067e-03 9.999342e-01 1.105712e-02 2.702152e+00 4.174069e-02 -1.117505e-02 9.990660e-01 -1.163276e+02
9.993927e-01 3.484925e-03 3.467113e-02 2.302771e+00 -3.107515e-03 9.999354e-01 -1.093334e-02 2.701067e+00 -3.470699e-02 1.081896e-02 9.993390e-01 -1.162250e+02
9.991339e-01 -2.690221e-03 -4.152306e-02 2.297475e+00 3.155400e-03 9.999330e-01 1.114146e-02 2.703666e+00 4.149031e-02 -1.126283e-02 9.990754e-01 -1.162238e+02
9.993366e-01 3.738700e-03 3.622606e-02 2.182622e+00 -3.327856e-03 9.999295e-01 -1.139476e-02 2.709598e+00 -3.626611e-02 1.126665e-02 9.992787e-01 -1.160562e+02
9.990397e-01 -2.646306e-03 -4.373457e-02 2.242355e+00 3.176706e-03 9.999222e-01 1.206268e-02 2.714953e+00 4.369925e-02 -1.219003e-02 9.989704e-01 -1.161249e+02
9.994030e-01 4.144552e-03 3.430103e-02 2.939360e+00 -3.695684e-03 9.999068e-01 -1.313919e-02 2.685803e+00 -3.435230e-02 1.300458e-02 9.993252e-01 -1.161656e+02
9.989388e-01 -3.120998e-03 -4.595059e-02 3.844798e+00 3.713285e-03 9.999111e-01 1.280996e-02 2.655518e+00 4.590653e-02 -1.296699e-02 9.988616e-01 -1.165410e+02
9.993698e-01 4.811105e-03 3.516791e-02 4.924381e+00 -4.321514e-03 9.998929e-01 -1.398430e-02 2.622933e+00 -3.523142e-02 1.382351e-02 9.992836e-01 -1.171172e+02
9.987547e-01 -3.175306e-03 -4.978913e-02 6.212260e+00 3.791278e-03 9.999174e-01 1.228205e-02 2.583231e+00 4.974602e-02 -1.245552e-02 9.986842e-01 -1.177064e+02
9.993198e-01 3.965561e-03 3.666216e-02 6.962450e+00 -3.529792e-03 9.999224e-01 -1.194315e-02 2.572299e+00 -3.670668e-02 1.180561e-02 9.992563e-01 -1.186135e+02
9.987958e-01 -3.626245e-03 -4.892697e-02 7.591647e+00 4.172885e-03 9.999300e-01 1.107507e-02 2.577761e+00 4.888339e-02 -1.126590e-02 9.987410e-01 -1.200667e+02
9.994049e-01 4.234490e-03 3.423242e-02 8.221390e+00 -3.845161e-03 9.999273e-01 -1.143094e-02 2.575880e+00 -3.427833e-02 1.129251e-02 9.993485e-01 -1.211006e+02
9.989272e-01 -3.424488e-03 -4.618033e-02 8.594144e+00 3.961958e-03 9.999254e-01 1.155203e-02 2.570743e+00 4.613733e-02 -1.172260e-02 9.988663e-01 -1.215540e+02
9.993782e-01 4.426977e-03 3.497915e-02 9.247590e+00 -4.005121e-03 9.999185e-01 -1.212107e-02 2.555184e+00 -3.502996e-02 1.197344e-02 9.993145e-01 -1.220773e+02
9.987739e-01 -3.743206e-03 -4.936249e-02 9.859920e+00 4.371143e-03 9.999108e-01 1.261914e-02 2.540603e+00 4.931085e-02 -1.281943e-02 9.987012e-01 -1.224839e+02
9.991066e-01 5.045387e-03 4.195936e-02 1.034648e+01 -4.518629e-03 9.999099e-01 -1.263938e-02 2.524847e+00 -4.201935e-02 1.243849e-02 9.990394e-01 -1.226786e+02
9.983762e-01 -3.931244e-03 -5.682837e-02 1.094519e+01 4.665850e-03 9.999072e-01 1.279987e-02 2.511497e+00 5.677278e-02 -1.304424e-02 9.983019e-01 -1.230881e+02
9.989296e-01 4.790586e-03 4.600762e-02 1.113060e+01 -4.214117e-03 9.999115e-01 -1.261866e-02 2.518022e+00 -4.606400e-02 1.241127e-02 9.988614e-01 -1.238121e+02
9.984154e-01 -3.722837e-03 -5.614941e-02 1.178981e+01 4.401797e-03 9.999186e-01 1.197320e-02 2.505475e+00 5.610027e-02 -1.220139e-02 9.983506e-01 -1.243999e+02
9.990017e-01 5.729067e-03 4.430392e-02 1.287548e+01 -5.178727e-03 9.999081e-01 -1.252673e-02 2.467889e+00 -4.437162e-02 1.228478e-02 9.989396e-01 -1.245568e+02
9.983083e-01 -4.049696e-03 -5.800092e-02 1.370351e+01 4.774980e-03 9.999121e-01 1.237159e-02 2.437241e+00 5.794572e-02 -1.262761e-02 9.982399e-01 -1.245676e+02
9.988152e-01 4.876649e-03 4.841959e-02 1.387207e+01 -4.278048e-03 9.999132e-01 -1.245873e-02 2.434751e+00 -4.847615e-02 1.223683e-02 9.987494e-01 -1.248418e+02
9.982729e-01 -3.709809e-03 -5.863047e-02 1.413772e+01 4.460389e-03 9.999097e-01 1.267621e-02 2.425992e+00 5.857815e-02 -1.291583e-02 9.981993e-01 -1.250049e+02
9.988649e-01 4.856033e-03 4.738555e-02 1.438171e+01 -4.263113e-03 9.999115e-01 -1.260572e-02 2.420901e+00 -4.744257e-02 1.238940e-02 9.987971e-01 -1.253451e+02
9.982296e-01 -4.250667e-03 -5.932644e-02 1.452557e+01 5.005399e-03 9.999084e-01 1.257889e-02 2.433426e+00 5.926753e-02 -1.285357e-02 9.981594e-01 -1.263306e+02
9.989009e-01 5.014978e-03 4.660408e-02 1.476162e+01 -4.424785e-03 9.999088e-01 -1.275851e-02 2.444767e+00 -4.666381e-02 1.253828e-02 9.988320e-01 -1.273870e+02
9.982935e-01 -4.202363e-03 -5.824467e-02 1.495101e+01 4.946001e-03 9.999080e-01 1.262921e-02 2.448646e+00 5.818624e-02 -1.289574e-02 9.982225e-01 -1.279786e+02
9.989060e-01 4.991503e-03 4.649620e-02 1.505522e+01 -4.419996e-03 9.999135e-01 -1.238619e-02 2.456358e+00 -4.655401e-02 1.216713e-02 9.988417e-01 -1.286354e+02
9.982492e-01 -4.272630e-03 -5.899458e-02 1.512587e+01 5.030808e-03 9.999066e-01 1.270913e-02 2.464661e+00 5.893477e-02 -1.298367e-02 9.981774e-01 -1.292273e+02
9.988997e-01 5.129464e-03 4.661671e-02 1.522058e+01 -4.562631e-03 9.999145e-01 -1.225771e-02 2.468547e+00 -4.667560e-02 1.203152e-02 9.988376e-01 -1.297158e+02
9.982435e-01 -4.384850e-03 -5.908206e-02 1.530102e+01 5.149250e-03 9.999049e-01 1.279192e-02 2.472181e+00 5.902035e-02 -1.307368e-02 9.981712e-01 -1.301823e+02
9.988788e-01 5.569882e-03 4.701121e-02 1.546274e+01 -5.021864e-03 9.999182e-01 -1.176724e-02 2.465579e+00 -4.707290e-02 1.151797e-02 9.988250e-01 -1.303454e+02
9.983103e-01 -4.207573e-03 -5.795550e-02 1.572746e+01 4.905037e-03 9.999172e-01 1.189749e-02 2.449685e+00 5.790064e-02 -1.216167e-02 9.982483e-01 -1.302277e+02
9.987258e-01 5.587325e-03 5.015616e-02 1.564968e+01 -5.030669e-03 9.999244e-01 -1.121783e-02 2.445902e+00 -5.021505e-02 1.095121e-02 9.986784e-01 -1.298942e+02
9.983747e-01 -3.971796e-03 -5.685143e-02 1.551665e+01 4.635318e-03 9.999226e-01 1.154405e-02 2.446927e+00 5.680118e-02 -1.178881e-02 9.983159e-01 -1.294430e+02
9.987575e-01 5.584860e-03 4.951971e-02 1.547528e+01 -5.035303e-03 9.999244e-01 -1.121555e-02 2.440945e+00 -4.957861e-02 1.095227e-02 9.987102e-01 -1.290363e+02
9.982121e-01 -4.295052e-03 -5.961625e-02 1.559725e+01 4.970154e-03 9.999251e-01 1.118048e-02 2.431210e+00 5.956376e-02 -1.145679e-02 9.981588e-01 -1.288838e+02
9.987964e-01 5.282410e-03 4.876384e-02 1.579200e+01 -4.762611e-03 9.999307e-01 -1.076955e-02 2.424340e+00 -4.881735e-02 1.052434e-02 9.987523e-01 -1.290262e+02
9.968169e-01 -1.315602e-03 -7.971399e-02 1.675810e+01 2.226346e-03 9.999333e-01 1.133735e-02 2.373302e+00 7.969375e-02 -1.147873e-02 9.967533e-01 -1.285968e+02
9.994391e-01 7.510914e-03 3.263501e-02 1.895290e+01 -7.242108e-03 9.999389e-01 -8.347143e-03 2.296929e+00 -3.269572e-02 8.106115e-03 9.994325e-01 -1.286468e+02
9.973301e-01 -3.419479e-03 -7.294565e-02 2.050747e+01 4.203049e-03 9.999351e-01 1.059104e-02 2.250710e+00 7.290470e-02 -1.086936e-02 9.972797e-01 -1.291920e+02
