9.998687e-01 4.886982e-04 -1.619459e-02 2.343271e-01 -4.426955e-04 9.999959e-01 2.844086e-03 -8.772071e-04 1.619591e-02 -2.836545e-03 9.998648e-01 -4.732237e-01
9.999967e-01 2.723857e-04 -2.569984e-03 5.327597e-01 -2.707551e-04 9.999998e-01 6.348099e-04 -5.375423e-03 2.570157e-03 -6.341112e-04 9.999965e-01 -8.961401e-01
9.998931e-01 3.868607e-04 -1.461324e-02 7.396493e-01 -3.555256e-04 9.999976e-01 2.146836e-03 -3.728583e-03 1.461404e-02 -2.141412e-03 9.998909e-01 -1.444904e+00
9.999988e-01 2.354198e-04 -1.556183e-03 8.618997e-01 -2.352376e-04 1.000000e+00 1.171988e-04 1.072697e-02 1.556211e-03 -1.168319e-04 9.999988e-01 -2.374769e+00
9.998675e-01 2.905302e-04 -1.627783e-02 1.002935e+00 -2.548236e-04 9.999976e-01 2.195611e-03 2.823925e-02 1.627842e-02 -2.191173e-03 9.998651e-01 -3.442537e+00
9.999997e-01 1.028140e-04 7.119588e-04 1.090561e+00 -1.026883e-04 1.000000e+00 -1.764794e-04 4.171274e-02 -7.119766e-04 1.764070e-04 9.999997e-01 -4.290785e+00
9.998872e-01 5.516135e-04 -1.500782e-02 1.140022e+00 -5.181938e-04 9.999974e-01 2.230619e-03 5.893485e-02 1.500901e-02 -2.222591e-03 9.998849e-01 -5.261476e+00
9.999978e-01 -2.302714e-04 2.085887e-03 1.056321e+00 2.308474e-04 9.999999e-01 -2.758702e-04 9.242804e-02 -2.085823e-03 2.763518e-04 9.999978e-01 -6.725126e+00
9.998319e-01 4.650690e-04 -1.832716e-02 1.054398e+00 -4.222574e-04 9.999972e-01 2.339773e-03 1.235518e-01 1.832820e-02 -2.331641e-03 9.998293e-01 -8.146970e+00
9.999947e-01 -3.741636e-04 -3.244229e-03 1.155732e+00 3.766321e-04 9.999996e-01 7.602943e-04 1.624438e-01 3.243943e-03 -7.615114e-04 9.999944e-01 -1.010177e+01
9.998215e-01 1.610014e-03 -1.882621e-02 1.339527e+00 -1.559953e-03 9.999952e-01 2.673468e-03 2.135362e-01 1.883042e-02 -2.643624e-03 9.998192e-01 -1.270831e+01
9.999699e-01 -8.993748e-04 -7.709951e-03 1.458967e+00 9.081300e-04 9.999989e-01 1.132133e-03 2.727425e-01 7.708925e-03 -1.139100e-03 9.999696e-01 -1.560908e+01
9.998784e-01 3.189091e-04 -1.558883e-02 1.573547e+00 -2.875495e-04 9.999979e-01 2.013874e-03 3.079661e-01 1.558944e-02 -2.009148e-03 9.998765e-01 -1.737617e+01
9.999660e-01 4.582775e-04 -8.227961e-03 1.942238e+00 -4.487963e-04 9.999992e-01 1.154113e-03 3.212770e-01 8.228483e-03 -1.150380e-03 9.999655e-01 -1.859989e+01
9.997067e-01 3.684372e-04 -2.421329e-02 2.513077e+00 -2.796092e-04 9.999932e-01 3.671852e-03 3.372326e-01 2.421448e-02 -3.664006e-03 9.997001e-01 -2.011157e+01
9.999847e-01 7.846412e-04 -5.471332e-03 3.045566e+00 -7.722076e-04 9.999971e-01 2.274225e-03 3.235698e-01 5.473101e-03 -2.269964e-03 9.999824e-01 -2.055440e+01
9.998291e-01 4.405458e-04 -1.847945e-02 3.506188e+00 -3.368883e-04 9.999842e-01 5.612086e-03 2.870361e-01 1.848163e-02 -5.604902e-03 9.998135e-01 -1.990723e+01
9.999805e-01 1.629797e-03 -6.031687e-03 3.930124e+00 -1.616671e-03 9.999963e-01 2.180380e-03 2.559583e-01 6.035219e-03 -2.170585e-03 9.999794e-01 -1.962148e+01
9.997458e-01 2.448561e-05 -2.254568e-02 4.358681e+00 5.429919e-05 9.999939e-01 3.493840e-03 2.449381e-01 2.254562e-02 -3.494177e-03 9.997397e-01 -2.010343e+01
9.999963e-01 2.156891e-03 -1.658269e-03 4.733967e+00 -2.150168e-03 9.999895e-01 4.045365e-03 2.153807e-01 1.666978e-03 -4.041784e-03 9.999904e-01 -1.979065e+01
9.997775e-01 -7.830341e-05 -2.109139e-02 5.070955e+00 1.445399e-04 9.999951e-01 3.138953e-03 1.862364e-01 2.109104e-02 -3.141304e-03 9.997726e-01 -1.939647e+01
9.999891e-01 2.511134e-03 -3.938408e-03 5.446105e+00 -2.495209e-03 9.999887e-01 4.043156e-03 1.613543e-01 3.948516e-03 -4.033284e-03 9.999841e-01 -1.934076e+01
9.997293e-01 -6.836393e-04 -2.325591e-02 5.819355e+00 7.352999e-04 9.999973e-01 2.212925e-03 1.590145e-01 2.325433e-02 -2.229427e-03 9.997271e-01 -2.028334e+01
9.999967e-01 2.380962e-03 -1.012830e-03 6.192271e+00 -2.375410e-03 9.999823e-01 5.448132e-03 1.280026e-01 1.025784e-03 -5.445708e-03 9.999846e-01 -1.986741e+01
9.998523e-01 -7.694079e-04 -1.716975e-02 6.437224e+00 8.038335e-04 9.999977e-01 1.998215e-03 9.250296e-02 1.716818e-02 -2.011722e-03 9.998506e-01 -1.895471e+01
9.999968e-01 2.424248e-03 -6.780763e-04 6.726045e+00 -2.419151e-03 9.999696e-01 7.418763e-03 4.392033e-02 6.960409e-04 -7.417098e-03 9.999723e-01 -1.754439e+01
9.999085e-01 -5.775308e-04 -1.351486e-02 6.952879e+00 6.160861e-04 9.999958e-01 2.848835e-03 -8.194267e-03 1.351316e-02 -2.856901e-03 9.999046e-01 -1.574175e+01
9.999947e-01 2.650182e-03 -1.899968e-03 7.187689e+00 -2.635693e-03 9.999677e-01 7.588118e-03 -5.728221e-02 1.920017e-03 -7.583070e-03 9.999694e-01 -1.410258e+01
9.998513e-01 -5.660434e-04 -1.723749e-02 7.454378e+00 5.959266e-04 9.999983e-01 1.728543e-03 -9.895397e-02 1.723649e-02 -1.738559e-03 9.998499e-01 -1.303806e+01
9.999910e-01 2.100580e-03 3.680491e-03 7.626153e+00 -2.131863e-03 9.999615e-01 8.516585e-03 -1.484325e-01 -3.662459e-03 -8.524354e-03 9.999570e-01 -1.125038e+01
9.998298e-01 5.658591e-04 -1.844262e-02 7.870895e+00 -5.165139e-04 9.999963e-01 2.680274e-03 -1.968125e-01 1.844406e-02 -2.670292e-03 9.998263e-01 -9.552646e+00
9.999984e-01 1.381542e-03 1.141978e-03 8.097182e+00 -1.389448e-03 9.999749e-01 6.951661e-03 -2.394166e-01 -1.132345e-03 -6.953236e-03 9.999752e-01 -8.320372e+00
9.998771e-01 7.026840e-04 -1.565989e-02 8.296266e+00 -6.540782e-04 9.999950e-01 3.108761e-03 -2.856748e-01 1.566199e-02 -3.098136e-03 9.998725e-01 -6.724193e+00
9.999917e-01 1.051090e-03 3.925773e-03 8.460284e+00 -1.082976e-03 9.999664e-01 8.128960e-03 -3.399820e-01 -3.917097e-03 -8.133143e-03 9.999593e-01 -4.547924e+00
9.998431e-01 1.289344e-03 -1.766729e-02 8.725820e+00 -1.237631e-03 9.999949e-01 2.937662e-03 -3.927023e-01 1.767098e-02 -2.915336e-03 9.998396e-01 -2.678784e+00
9.999492e-01 1.163934e-03 1.000801e-02 8.855173e+00 -1.269222e-03 9.999439e-01 1.052048e-02 -4.562841e-01 -9.995204e-03 -1.053265e-02 9.998946e-01 2.681330e-01
9.995931e-01 9.582851e-04 -2.850926e-02 9.031200e+00 -1.086017e-03 9.999894e-01 -4.465205e-03 -4.657130e-01 2.850468e-02 4.494349e-03 9.995836e-01 -9.881822e-02
9.998351e-01 6.548427e-04 1.814975e-02 9.185197e+00 -9.466706e-04 9.998703e-01 1.607499e-02 -5.206113e-01 -1.813687e-02 -1.608952e-02 9.997060e-01 2.252723e+00
9.995932e-01 1.265681e-03 -2.849296e-02 9.326748e+00 -1.389075e-03 9.999897e-01 -4.311309e-03 -5.749071e-01 2.848721e-02 4.349133e-03 9.995847e-01 4.558524e+00
9.998710e-01 5.814475e-04 1.605034e-02 9.517346e+00 -8.380638e-04 9.998719e-01 1.598614e-02 -6.269152e-01 -1.603899e-02 -1.599753e-02 9.997434e-01 6.581610e+00
9.995981e-01 1.254589e-03 -2.832029e-02 9.681583e+00 -1.409511e-03 9.999841e-01 -5.451051e-03 -6.751966e-01 2.831300e-02 5.488777e-03 9.995840e-01 8.387318e+00
9.998997e-01 5.916629e-05 1.416542e-02 9.908485e+00 -2.958630e-04 9.998604e-01 1.670798e-02 -7.305875e-01 -1.416245e-02 -1.671049e-02 9.997601e-01 1.031941e+01
9.994946e-01 2.212565e-03 -3.171091e-02 1.019800e+01 -2.420333e-03 9.999758e-01 -6.515026e-03 -7.750384e-01 3.169573e-02 6.588484e-03 9.994758e-01 1.147293e+01
9.998560e-01 -9.952170e-04 1.693834e-02 1.042555e+01 7.335275e-04 9.998804e-01 1.544876e-02 -8.190047e-01 -1.695169e-02 -1.543411e-02 9.997372e-01 1.274695e+01
9.995587e-01 2.516462e-03 -2.959690e-02 1.063737e+01 -2.745718e-03 9.999665e-01 -7.707834e-03 -8.494912e-01 2.957652e-02 7.785697e-03 9.995322e-01 1.365993e+01
9.998070e-01 -1.442466e-03 1.959442e-02 1.063190e+01 1.239310e-03 9.999454e-01 1.037625e-02 -8.469148e-01 -1.960831e-02 -1.034996e-02 9.997542e-01 1.333127e+01
9.994989e-01 3.198145e-03 -3.149219e-02 1.072858e+01 -3.384821e-03 9.999770e-01 -5.876159e-03 -8.676163e-01 3.147267e-02 5.979809e-03 9.994867e-01 1.379939e+01
9.998206e-01 -2.401454e-03 1.878695e-02 1.089692e+01 2.219475e-03 9.999505e-01 9.701330e-03 -8.811445e-01 -1.880931e-02 -9.657892e-03 9.997764e-01 1.391927e+01
9.992532e-01 2.830190e-03 -3.853707e-02 1.127734e+01 -3.058494e-03 9.999781e-01 -5.866604e-03 -8.848469e-01 3.851963e-02 5.980087e-03 9.992399e-01 1.337667e+01
9.998231e-01 -2.083220e-03 1.869449e-02 1.146899e+01 1.916060e-03 9.999581e-01 8.955111e-03 -8.699127e-01 -1.871236e-02 -8.917706e-03 9.997851e-01 1.226745e+01
9.994881e-01 2.578283e-03 -3.188996e-02 1.153265e+01 -2.805253e-03 9.999710e-01 -7.074579e-03 -8.688696e-01 3.187080e-02 7.160416e-03 9.994663e-01 1.199547e+01
9.998241e-01 -1.885832e-03 1.866125e-02 1.164587e+01 1.706929e-03 9.999525e-01 9.598194e-03 -8.649170e-01 -1.867846e-02 -9.564652e-03 9.997798e-01 1.147612e+01
9.994318e-01 2.033844e-03 -3.364298e-02 1.169732e+01 -2.290353e-03 9.999686e-01 -7.587659e-03 -8.449441e-01 3.362649e-02 7.660402e-03 9.994051e-01 1.044534e+01
9.998622e-01 -2.008154e-03 1.647703e-02 1.176838e+01 1.849027e-03 9.999516e-01 9.667064e-03 -8.239358e-01 -1.649565e-02 -9.635265e-03 9.998175e-01 9.362396e+00
9.995750e-01 2.100475e-03 -2.907552e-02 1.170259e+01 -2.340638e-03 9.999634e-01 -8.228374e-03 -8.008971e-01 2.905717e-02 8.292932e-03 9.995433e-01 8.402222e+00
9.998902e-01 -1.867803e-03 1.470062e-02 1.171263e+01 1.721954e-03 9.999492e-01 9.927719e-03 -7.840961e-01 -1.471841e-02 -9.901314e-03 9.998427e-01 7.556124e+00
9.996187e-01 2.524559e-03 -2.749684e-02 1.175200e+01 -2.745765e-03 9.999641e-01 -8.009993e-03 -7.748667e-01 2.747564e-02 8.082438e-03 9.995898e-01 6.967864e+00
9.999314e-01 -2.129555e-03 1.151996e-02 1.180249e+01 2.014124e-03 9.999477e-01 1.002238e-02 -7.567351e-01 -1.154070e-02 -9.998491e-03 9.998834e-01 6.014851e+00
9.996211e-01 2.516992e-03 -2.740997e-02 1.184246e+01 -2.726526e-03 9.999673e-01 -7.609757e-03 -7.335309e-01 2.738993e-02 7.681608e-03 9.995953e-01 4.806809e+00
9.999518e-01 -2.607972e-03 9.463443e-03 1.187226e+01 2.514753e-03 9.999483e-01 9.848978e-03 -7.040704e-01 -9.488640e-03 -9.824704e-03 9.999067e-01 3.437161e+00
9.996198e-01 2.710727e-03 -2.744037e-02 1.191728e+01 -2.917110e-03 9.999677e-01 -7.483881e-03 -6.738678e-01 2.741920e-02 7.561082e-03 9.995954e-01 2.009413e+00
9.999580e-01 -2.700709e-03 8.762313e-03 1.195887e+01 2.613050e-03 9.999466e-01 1.000023e-02 -6.395474e-01 -8.788853e-03 -9.976910e-03 9.999116e-01 4.043983e-01
9.996364e-01 2.781381e-03 -2.682086e-02 1.195130e+01 -2.984794e-03 9.999671e-01 -7.547066e-03 -6.017796e-01 2.679898e-02 7.624376e-03 9.996118e-01 -1.288904e+00
9.999600e-01 -2.877342e-03 8.465808e-03 1.198045e+01 2.795206e-03 9.999491e-01 9.697970e-03 -5.718419e-01 -8.493281e-03 -9.673918e-03 9.999171e-01 -2.683484e+00
9.996962e-01 3.009795e-03 -2.446381e-02 1.195860e+01 -3.198632e-03 9.999654e-01 -7.683576e-03 -5.436157e-01 2.443984e-02 7.759491e-03 9.996712e-01 -3.950567e+00
9.999291e-01 -2.935447e-03 1.153876e-02 1.183678e+01 2.825291e-03 9.999504e-01 9.551432e-03 -5.067055e-01 -1.156622e-02 -9.518154e-03 9.998878e-01 -5.472942e+00
9.997668e-01 3.250525e-03 -2.135083e-02 1.142999e+01 -3.422247e-03 9.999621e-01 -8.011256e-03 -4.451970e-01 2.132398e-02 8.082454e-03 9.997399e-01 -7.580985e+00
9.999780e-01 -3.720765e-03 5.485912e-03 1.122167e+01 3.666533e-03 9.999446e-01 9.862866e-03 -3.913069e-01 -5.522306e-03 -9.842535e-03 9.999363e-01 -9.591757e+00
9.997753e-01 3.936584e-03 -2.082776e-02 1.113558e+01 -4.095649e-03 9.999627e-01 -7.600040e-03 -3.525377e-01 2.079706e-02 7.683635e-03 9.997542e-01 -1.129310e+01
9.999805e-01 -4.135655e-03 4.686624e-03 1.101889e+01 4.090194e-03 9.999449e-01 9.668525e-03 -3.085939e-01 -4.726351e-03 -9.649166e-03 9.999423e-01 -1.305537e+01
9.997119e-01 4.256516e-03 -2.362384e-02 1.101033e+01 -4.429790e-03 9.999636e-01 -7.287222e-03 -2.714365e-01 2.359197e-02 7.389770e-03 9.996944e-01 -1.472500e+01
9.999705e-01 -4.136250e-03 6.469171e-03 1.099072e+01 4.075953e-03 9.999484e-01 9.306342e-03 -2.405251e-01 -6.507330e-03 -9.279700e-03 9.999358e-01 -1.612122e+01
9.997616e-01 4.617399e-03 -2.133988e-02 1.100400e+01 -4.766357e-03 9.999646e-01 -6.934667e-03 -2.146658e-01 2.130711e-02 7.034727e-03 9.997482e-01 -1.740271e+01
9.999901e-01 -4.459867e-03 9.270311e-07 1.121151e+01 4.459649e-03 9.999430e-01 9.697374e-03 -1.869524e-01 -4.417579e-05 -9.697273e-03 9.999530e-01 -1.896614e+01
9.998177e-01 4.472673e-03 -1.856109e-02 1.120829e+01 -4.607934e-03 9.999631e-01 -7.250947e-03 -1.492892e-01 1.852797e-02 7.335154e-03 9.998014e-01 -2.068176e+01
9.999894e-01 -4.478658e-03 1.102773e-03 1.120903e+01 4.468328e-03 9.999477e-01 9.198218e-03 -1.183027e-01 -1.143910e-03 -9.193192e-03 9.999571e-01 -2.206468e+01
9.998484e-01 4.846223e-03 -1.672115e-02 1.122957e+01 -4.969318e-03 9.999608e-01 -7.327893e-03 -9.595101e-02 1.668498e-02 7.409875e-03 9.998333e-01 -2.311893e+01
9.999673e-01 -4.714277e-03 6.572889e-03 1.097444e+01 4.658541e-03 9.999533e-01 8.469416e-03 -5.311652e-02 -6.612509e-03 -8.438518e-03 9.999425e-01 -2.461589e+01
9.997466e-01 4.917416e-03 -2.196580e-02 1.087467e+01 -5.060120e-03 9.999664e-01 -6.445767e-03 -1.143709e-02 2.193337e-02 6.555283e-03 9.997379e-01 -2.637256e+01
9.999803e-01 -4.927208e-03 3.877950e-03 1.087149e+01 4.894704e-03 9.999532e-01 8.347064e-03 2.065904e-02 -3.918896e-03 -8.327918e-03 9.999576e-01 -2.776201e+01
9.997574e-01 5.299889e-03 -2.137800e-02 1.092605e+01 -5.429792e-03 9.999671e-01 -6.023041e-03 4.856923e-02 2.134537e-02 6.137657e-03 9.997533e-01 -2.911061e+01
9.999799e-01 -5.188124e-03 3.631221e-03 1.093812e+01 5.158381e-03 9.999535e-01 8.153031e-03 8.114885e-02 -3.673351e-03 -8.134136e-03 9.999602e-01 -3.057914e+01
9.998046e-01 5.349192e-03 -1.902923e-02 1.084805e+01 -5.472570e-03 9.999643e-01 -6.437433e-03 1.158268e-01 1.899412e-02 6.540314e-03 9.997982e-01 -3.195221e+01
9.999851e-01 -5.346805e-03 1.125942e-03 1.089680e+01 5.337175e-03 9.999506e-01 8.389611e-03 1.404767e-01 -1.170744e-03 -8.383476e-03 9.999642e-01 -3.310432e+01
9.998263e-01 5.731272e-03 -1.773201e-02 1.097928e+01 -5.845190e-03 9.999626e-01 -6.379258e-03 1.571090e-01 1.769479e-02 6.481796e-03 9.998224e-01 -3.397343e+01
9.999798e-01 -5.143855e-03 3.744077e-03 1.096715e+01 5.110090e-03 9.999467e-01 8.972725e-03 1.948354e-01 -3.790031e-03 -8.953410e-03 9.999527e-01 -3.559675e+01
9.997430e-01 4.752122e-03 -2.216740e-02 1.086608e+01 -4.916435e-03 9.999608e-01 -7.363747e-03 2.358585e-01 2.213154e-02 7.470838e-03 9.997272e-01 -3.709318e+01
9.999661e-01 -4.503642e-03 6.897020e-03 1.089856e+01 4.440418e-03 9.999482e-01 9.154909e-03 2.554552e-01 -6.937894e-03 -9.123972e-03 9.999343e-01 -3.804302e+01
9.996973e-01 4.972220e-03 -2.409373e-02 1.097373e+01 -5.142183e-03 9.999623e-01 -6.997406e-03 2.779635e-01 2.405803e-02 7.119182e-03 9.996852e-01 -3.916751e+01
9.999717e-01 -4.864001e-03 5.732338e-03 1.107240e+01 4.812010e-03 9.999475e-01 9.048884e-03 2.987447e-01 -5.776051e-03 -9.021044e-03 9.999426e-01 -4.019160e+01
9.996820e-01 5.386143e-03 -2.463323e-02 1.123619e+01 -5.550759e-03 9.999627e-01 -6.619188e-03 3.175612e-01 2.459666e-02 6.753816e-03 9.996746e-01 -4.126678e+01
9.999668e-01 -5.102964e-03 6.356538e-03 1.131738e+01 5.046566e-03 9.999480e-01 8.857325e-03 3.410836e-01 -6.401406e-03 -8.824951e-03 9.999406e-01 -4.247029e+01
9.996870e-01 5.442557e-03 -2.441700e-02 1.143517e+01 -5.601298e-03 9.999636e-01 -6.437552e-03 3.586967e-01 2.438107e-02 6.572304e-03 9.996811e-01 -4.348026e+01
9.999705e-01 -5.327332e-03 5.524890e-03 1.161609e+01 5.278663e-03 9.999475e-01 8.786503e-03 3.736259e-01 -5.571408e-03 -8.757080e-03 9.999461e-01 -4.441517e+01
9.997619e-01 5.668058e-03 -2.107107e-02 1.168154e+01 -5.800003e-03 9.999639e-01 -6.206038e-03 3.971286e-01 2.103514e-02 6.326772e-03 9.997587e-01 -4.565524e+01
9.999815e-01 -5.972347e-03 -1.164348e-03 1.185982e+01 5.982406e-03 9.999431e-01 8.835235e-03 4.268080e-01 1.111515e-03 -8.842036e-03 9.999603e-01 -4.716293e+01
9.996977e-01 5.784215e-03 -2.389488e-02 1.221144e+01 -5.926967e-03 9.999650e-01 -5.907667e-03 4.441477e-01 2.385988e-02 6.047505e-03 9.996970e-01 -4.829743e+01
9.999776e-01 -5.539561e-03 3.751581e-03 1.245561e+01 5.507886e-03 9.999495e-01 8.401516e-03 4.621533e-01 -3.797933e-03 -8.380665e-03 9.999577e-01 -4.940300e+01
9.996673e-01 5.932657e-03 -2.510013e-02 1.262036e+01 -6.077554e-03 9.999653e-01 -5.700404e-03 4.892109e-01 2.506544e-02 5.851054e-03 9.996687e-01 -5.084884e+01
9.999751e-01 -5.822947e-03 3.992103e-03 1.278431e+01 5.789855e-03 9.999492e-01 8.251502e-03 5.120663e-01 -4.039949e-03 -8.228182e-03 9.999580e-01 -5.214169e+01
9.997452e-01 5.953044e-03 -2.177471e-02 1.292554e+01 -6.073339e-03 9.999666e-01 -5.462591e-03 5.429015e-01 2.174147e-02 5.593444e-03 9.997480e-01 -5.371353e+01
9.999733e-01 -6.305864e-03 -3.696419e-03 1.323079e+01 6.336353e-03 9.999455e-01 8.295204e-03 5.665899e-01 3.643910e-03 -8.318404e-03 9.999588e-01 -5.505972e+01
9.998446e-01 6.832132e-03 -1.625233e-02 1.342643e+01 -6.924860e-03 9.999600e-01 -5.656038e-03 5.911427e-01 1.621304e-02 5.767703e-03 9.998519e-01 -5.644250e+01
9.999689e-01 -6.984179e-03 -3.654832e-03 1.346221e+01 7.012659e-03 9.999447e-01 7.838383e-03 6.294842e-01 3.599885e-03 -7.863769e-03 9.999626e-01 -5.813588e+01
9.998389e-01 7.100377e-03 -1.648378e-02 1.358456e+01 -7.189839e-03 9.999597e-01 -5.374367e-03 6.594615e-01 1.644495e-02 5.492017e-03 9.998497e-01 -5.961858e+01
9.999174e-01 -7.629491e-03 -1.034162e-02 1.413110e+01 7.730467e-03 9.999225e-01 9.759409e-03 6.933663e-01 1.026636e-02 -9.838548e-03 9.998989e-01 -6.179853e+01
9.997022e-01 7.013709e-03 -2.337151e-02 1.455542e+01 -7.158900e-03 9.999556e-01 -6.134452e-03 7.246015e-01 2.332745e-02 6.299939e-03 9.997080e-01 -6.356871e+01
9.999572e-01 -6.690381e-03 6.392574e-03 1.468129e+01 6.636101e-03 9.999421e-01 8.474972e-03 7.462872e-01 -6.448904e-03 -8.432187e-03 9.999437e-01 -6.477453e+01
9.995795e-01 6.801155e-03 -2.818937e-02 1.490905e+01 -6.966012e-03 9.999592e-01 -5.754141e-03 7.707035e-01 2.814908e-02 5.948088e-03 9.995860e-01 -6.612388e+01
9.999514e-01 -6.958382e-03 6.979176e-03 1.512805e+01 6.899628e-03 9.999409e-01 8.407687e-03 7.923465e-01 -7.037267e-03 -8.359125e-03 9.999403e-01 -6.737703e+01
9.995121e-01 7.011605e-03 -3.043645e-02 1.546913e+01 -7.174624e-03 9.999605e-01 -5.250119e-03 8.099370e-01 3.039844e-02 5.465927e-03 9.995229e-01 -6.856833e+01
9.999550e-01 -7.226221e-03 6.143477e-03 1.584419e+01 7.175105e-03 9.999398e-01 8.302229e-03 8.273617e-01 -6.203101e-03 -8.257775e-03 9.999467e-01 -6.979963e+01
9.995657e-01 7.514669e-03 -2.849339e-02 1.614569e+01 -7.668427e-03 9.999566e-01 -5.290825e-03 8.477733e-01 2.845240e-02 5.507027e-03 9.995800e-01 -7.110729e+01
9.999679e-01 -8.015865e-03 -1.776432e-04 1.662904e+01 8.017100e-03 9.999306e-01 8.626820e-03 8.664762e-01 1.084794e-04 -8.627966e-03 9.999628e-01 -7.246137e+01
9.997767e-01 8.409572e-03 -1.938633e-02 1.683283e+01 -8.526544e-03 9.999459e-01 -5.958955e-03 8.847493e-01 1.933517e-02 6.122922e-03 9.997943e-01 -7.358831e+01
9.999654e-01 -8.302325e-03 -5.206325e-04 1.703925e+01 8.306447e-03 9.999295e-01 8.487554e-03 9.041259e-01 4.501293e-04 -8.491585e-03 9.999638e-01 -7.476378e+01
9.997708e-01 8.544888e-03 -1.963109e-02 1.724683e+01 -8.659887e-03 9.999458e-01 -5.780405e-03 9.234712e-01 1.958064e-02 5.949082e-03 9.997906e-01 -7.592991e+01
9.999643e-01 -8.436611e-03 4.389048e-04 1.743801e+01 8.432696e-03 9.999303e-01 8.267641e-03 9.434759e-01 -5.086251e-04 -8.263645e-03 9.999657e-01 -7.711038e+01
9.997640e-01 8.592242e-03 -1.995366e-02 1.759428e+01 -8.709501e-03 9.999453e-01 -5.797125e-03 9.620192e-01 1.990276e-02 5.969543e-03 9.997841e-01 -7.816894e+01
9.999656e-01 -8.135230e-03 1.633797e-03 1.775851e+01 8.121272e-03 9.999319e-01 8.376151e-03 9.819535e-01 -1.701828e-03 -8.362593e-03 9.999636e-01 -7.931578e+01
9.997185e-01 8.447518e-03 -2.217299e-02 1.799208e+01 -8.573303e-03 9.999477e-01 -5.583952e-03 1.001394e+00 2.212466e-02 5.772476e-03 9.997386e-01 -8.049887e+01
9.999605e-01 -8.419390e-03 2.860429e-03 1.818786e+01 8.396172e-03 9.999325e-01 8.034554e-03 1.019683e+00 -2.927882e-03 -8.010220e-03 9.999636e-01 -8.158838e+01
9.997187e-01 8.554176e-03 -2.212144e-02 1.838471e+01 -8.675776e-03 9.999477e-01 -5.406796e-03 1.037637e+00 2.207403e-02 5.597196e-03 9.997407e-01 -8.268152e+01
9.999615e-01 -8.761677e-03 -4.934982e-04 1.870722e+01 8.765397e-03 9.999286e-01 8.121633e-03 1.050834e+00 4.223038e-04 -8.125646e-03 9.999669e-01 -8.362604e+01
9.997585e-01 8.876574e-03 -2.010178e-02 1.896899e+01 -8.990143e-03 9.999441e-01 -5.566363e-03 1.062637e+00 2.005125e-02 5.745736e-03 9.997824e-01 -8.445419e+01
9.999558e-01 -8.746220e-03 3.446812e-03 1.910007e+01 8.720139e-03 9.999338e-01 7.510536e-03 1.071899e+00 -3.512273e-03 -7.480147e-03 9.999659e-01 -8.507694e+01
9.998632e-01 9.169633e-03 -1.376543e-02 1.910746e+01 -9.254717e-03 9.999384e-01 -6.129985e-03 1.074965e+00 1.370837e-02 6.256541e-03 9.998865e-01 -8.526678e+01
9.999541e-01 -8.635475e-03 4.153063e-03 1.908984e+01 8.604668e-03 9.999357e-01 7.379745e-03 1.080515e+00 -4.216524e-03 -7.343670e-03 9.999641e-01 -8.555707e+01
9.998510e-01 9.061074e-03 -1.469473e-02 1.909392e+01 -9.151093e-03 9.999397e-01 -6.070228e-03 1.083943e+00 1.463884e-02 6.203795e-03 9.998736e-01 -8.578273e+01
9.999255e-01 -8.629476e-03 8.628414e-03 1.906214e+01 8.564690e-03 9.999351e-01 7.517446e-03 1.082289e+00 -8.692725e-03 -7.442986e-03 9.999345e-01 -8.565477e+01
9.998071e-01 9.221962e-03 -1.734196e-02 1.909412e+01 -9.318658e-03 9.999414e-01 -5.503257e-03 1.078025e+00 1.729019e-02 5.663798e-03 9.998345e-01 -8.558357e+01
9.999458e-01 -8.777989e-03 5.595257e-03 1.917969e+01 8.737928e-03 9.999363e-01 7.144516e-03 1.079567e+00 -5.657615e-03 -7.095238e-03 9.999588e-01 -8.581933e+01
9.997963e-01 9.279520e-03 -1.792142e-02 1.920981e+01 -9.376310e-03 9.999419e-01 -5.324291e-03 1.090717e+00 1.787097e-02 5.491243e-03 9.998252e-01 -8.643095e+01
9.999421e-01 -8.836797e-03 6.139097e-03 1.921573e+01 8.796084e-03 9.999394e-01 6.627542e-03 1.095944e+00 -6.197291e-03 -6.573158e-03 9.999592e-01 -8.673386e+01
9.998948e-01 9.034249e-03 -1.134467e-02 1.906870e+01 -9.099438e-03 9.999423e-01 -5.707783e-03 1.105712e+00 1.129245e-02 5.810413e-03 9.999194e-01 -8.679517e+01
9.999529e-01 -8.581354e-03 4.526224e-03 1.888574e+01 8.551345e-03 9.999416e-01 6.608408e-03 1.122041e+00 -4.582669e-03 -6.569392e-03 9.999679e-01 -8.720159e+01
9.998322e-01 8.860850e-03 -1.603111e-02 1.882397e+01 -8.943974e-03 9.999469e-01 -5.120863e-03 1.141253e+00 1.598488e-02 5.263385e-03 9.998584e-01 -8.801083e+01
9.999582e-01 -8.511391e-03 3.354115e-03 1.877622e+01 8.488750e-03 9.999415e-01 6.707804e-03 1.164695e+00 -3.411012e-03 -6.679051e-03 9.999719e-01 -8.906543e+01
9.998088e-01 8.658237e-03 -1.753016e-02 1.872077e+01 -8.746540e-03 9.999494e-01 -4.966745e-03 1.193406e+00 1.748627e-02 5.119124e-03 9.998340e-01 -9.030883e+01
9.999571e-01 -8.480613e-03 3.720122e-03 1.865176e+01 8.455525e-03 9.999417e-01 6.708721e-03 1.225073e+00 -3.776800e-03 -6.676978e-03 9.999706e-01 -9.169189e+01
9.997739e-01 8.756228e-03 -1.937791e-02 1.863151e+01 -8.849707e-03 9.999496e-01 -4.743474e-03 1.252208e+00 1.933540e-02 4.913890e-03 9.998010e-01 -9.291787e+01
9.999547e-01 -8.477174e-03 4.321153e-03 1.864829e+01 8.448652e-03 9.999427e-01 6.576773e-03 1.272581e+00 -4.376658e-03 -6.539967e-03 9.999690e-01 -9.391900e+01
9.998182e-01 8.842782e-03 -1.689534e-02 1.861582e+01 -8.926190e-03 9.999483e-01 -4.867722e-03 1.290278e+00 1.685142e-02 5.017648e-03 9.998454e-01 -9.475271e+01
9.999569e-01 -8.451193e-03 3.854650e-03 1.859365e+01 8.426710e-03 9.999445e-01 6.324319e-03 1.308455e+00 -3.907884e-03 -6.291564e-03 9.999726e-01 -9.558160e+01
9.998124e-01 8.964650e-03 -1.716959e-02 1.857873e+01 -9.045689e-03 9.999483e-01 -4.648082e-03 1.326277e+00 1.712703e-02 4.802521e-03 9.998418e-01 -9.642641e+01
9.999530e-01 -8.523005e-03 4.615199e-03 1.857502e+01 8.493763e-03 9.999440e-01 6.319037e-03 1.340593e+00 -4.668798e-03 -6.279540e-03 9.999694e-01 -9.716182e+01
9.998018e-01 8.882583e-03 -1.781785e-02 1.862768e+01 -8.962897e-03 9.999500e-01 -4.432630e-03 1.348784e+00 1.777759e-02 4.591450e-03 9.998314e-01 -9.770297e+01
9.999641e-01 -8.357199e-03 1.430824e-03 1.880132e+01 8.347817e-03 9.999444e-01 6.442665e-03 1.355246e+00 -1.484587e-03 -6.430489e-03 9.999782e-01 -9.828833e+01
9.997295e-01 9.751923e-03 -2.111650e-02 1.896970e+01 -9.831088e-03 9.999450e-01 -3.648388e-03 1.382478e+00 2.107976e-02 3.854999e-03 9.997704e-01 -9.975498e+01
9.999433e-01 -1.045274e-02 2.049376e-03 1.902485e+01 1.044046e-02 9.999280e-01 5.915338e-03 1.408773e+00 -2.111061e-03 -5.893606e-03 9.999804e-01 -1.010231e+02
9.998378e-01 1.110647e-02 -1.417963e-02 1.904921e+01 -1.116779e-02 9.999286e-01 -4.252692e-03 1.419885e+00 1.413138e-02 4.410357e-03 9.998904e-01 -1.016277e+02
9.999404e-01 -1.060597e-02 2.586822e-03 1.907379e+01 1.059121e-02 9.999279e-01 5.652720e-03 1.422525e+00 -2.646589e-03 -5.624986e-03 9.999807e-01 -1.018752e+02
9.998669e-01 1.146434e-02 -1.160687e-02 1.914077e+01 -1.150602e-02 9.999276e-01 -3.530114e-03 1.412446e+00 1.156556e-02 3.663193e-03 9.999264e-01 -1.016627e+02
9.999426e-01 -1.066061e-02 1.102876e-03 1.914906e+01 1.065474e-02 9.999297e-01 5.199048e-03 1.421022e+00 -1.158224e-03 -5.186998e-03 9.999859e-01 -1.021649e+02
9.998388e-01 1.100362e-02 -1.419069e-02 1.912777e+01 -1.105539e-02 9.999325e-01 -3.574743e-03 1.435875e+00 1.415040e-02 3.731050e-03 9.998929e-01 -1.028589e+02
9.999435e-01 -1.030613e-02 2.613574e-03 1.917539e+01 1.029257e-02 9.999338e-01 5.149557e-03 1.437847e+00 -2.666473e-03 -5.122365e-03 9.999833e-01 -1.031797e+02
9.998698e-01 1.105363e-02 -1.175510e-02 1.925595e+01 -1.109095e-02 9.999336e-01 -3.113962e-03 1.427783e+00 1.171989e-02 3.243932e-03 9.999261e-01 -1.030412e+02
9.999422e-01 -1.016928e-02 3.491091e-03 1.931805e+01 1.014970e-02 9.999329e-01 5.583174e-03 1.414506e+00 -3.547634e-03 -5.547417e-03 9.999783e-01 -1.026420e+02
9.998746e-01 1.113742e-02 -1.125377e-02 1.933244e+01 -1.117331e-02 9.999327e-01 -3.131159e-03 1.406412e+00 1.121814e-02 3.256508e-03 9.999318e-01 -1.022753e+02
9.999455e-01 -1.035681e-02 1.321076e-03 1.942810e+01 1.034965e-02 9.999323e-01 5.313732e-03 1.395262e+00 -1.376020e-03 -5.299770e-03 9.999850e-01 -1.020780e+02
9.998564e-01 1.123412e-02 -1.268526e-02 1.953143e+01 -1.127769e-02 9.999307e-01 -3.367842e-03 1.391101e+00 1.264654e-02 3.510418e-03 9.999139e-01 -1.022069e+02
9.999457e-01 -1.041882e-02 3.642013e-04 1.963485e+01 1.041676e-02 9.999319e-01 5.257407e-03 1.387244e+00 -4.189526e-04 -5.253327e-03 9.999861e-01 -1.023445e+02
9.998682e-01 1.139687e-02 -1.156632e-02 1.977685e+01 -1.143370e-02 9.999298e-01 -3.122657e-03 1.376813e+00 1.152992e-02 3.254491e-03 9.999282e-01 -1.022766e+02
9.999234e-01 -1.091107e-02 5.848953e-03 1.979207e+01 1.088236e-02 9.999287e-01 4.917813e-03 1.369920e+00 -5.902195e-03 -4.853785e-03 9.999708e-01 -1.020253e+02
9.998360e-01 1.169788e-02 -1.382851e-02 1.980595e+01 -1.173315e-02 9.999281e-01 -2.472285e-03 1.362774e+00 1.379860e-02 2.634131e-03 9.999013e-01 -1.017821e+02
9.999194e-01 -1.101471e-02 6.317244e-03 1.989520e+01 1.098405e-02 9.999278e-01 4.867692e-03 1.347427e+00 -6.370405e-03 -4.797910e-03 9.999682e-01 -1.013888e+02
9.998268e-01 1.194736e-02 -1.427035e-02 1.995331e+01 -1.197974e-02 9.999259e-01 -2.185324e-03 1.334776e+00 1.424319e-02 2.355901e-03 9.998958e-01 -1.010234e+02
9.999179e-01 -1.114191e-02 6.326553e-03 1.991638e+01 1.111928e-02 9.999317e-01 3.601500e-03 1.337472e+00 -6.366248e-03 -3.530858e-03 9.999735e-01 -1.011734e+02
9.998021e-01 1.191128e-02 -1.593588e-02 1.994525e+01 -1.194575e-02 9.999265e-01 -2.069783e-03 1.334443e+00 1.591006e-02 2.259739e-03 9.998709e-01 -1.012204e+02
9.999170e-01 -1.106375e-02 6.600031e-03 2.003658e+01 1.103873e-02 9.999318e-01 3.815464e-03 1.325284e+00 -6.641794e-03 -3.742291e-03 9.999709e-01 -1.011051e+02
9.998205e-01 1.189481e-02 -1.474544e-02 2.011496e+01 -1.191836e-02 9.999278e-01 -1.510840e-03 1.312742e+00 1.472641e-02 1.686311e-03 9.998901e-01 -1.008288e+02
9.999228e-01 -1.103136e-02 5.718866e-03 2.020509e+01 1.100953e-02 9.999320e-01 3.833522e-03 1.299203e+00 -5.760766e-03 -3.770264e-03 9.999763e-01 -1.005258e+02
9.998174e-01 1.189301e-02 -1.495520e-02 2.030873e+01 -1.191711e-02 9.999278e-01 -1.523668e-03 1.285810e+00 1.493600e-02 1.701612e-03 9.998870e-01 -1.002575e+02
9.999222e-01 -1.104004e-02 5.811276e-03 2.041861e+01 1.101792e-02 9.999320e-01 3.825473e-03 1.271447e+00 -5.853115e-03 -3.761147e-03 9.999758e-01 -9.996472e+01
9.998170e-01 1.197849e-02 -1.491389e-02 2.053562e+01 -1.200172e-02 9.999269e-01 -1.468917e-03 1.256525e+00 1.489521e-02 1.647640e-03 9.998877e-01 -9.967211e+01
9.999182e-01 -1.113102e-02 6.297233e-03 2.064210e+01 1.110890e-02 9.999320e-01 3.537751e-03 1.242865e+00 -6.336184e-03 -3.467506e-03 9.999739e-01 -9.942350e+01
9.998100e-01 1.212212e-02 -1.526469e-02 2.076501e+01 -1.214044e-02 9.999257e-01 -1.107676e-03 1.227064e+00 1.525013e-02 1.292785e-03 9.998829e-01 -9.911745e+01
9.999162e-01 -1.125960e-02 6.393072e-03 2.087945e+01 1.123775e-02 9.999309e-01 3.444769e-03 1.211751e+00 -6.431417e-03 -3.372637e-03 9.999736e-01 -9.879844e+01
9.998222e-01 1.209680e-02 -1.446155e-02 2.098447e+01 -1.211179e-02 9.999262e-01 -9.495797e-04 1.195621e+00 1.444899e-02 1.124566e-03 9.998950e-01 -9.841927e+01
9.999112e-01 -1.117038e-02 7.266423e-03 2.086059e+01 1.115258e-02 9.999347e-01 2.486114e-03 1.209369e+00 -7.293720e-03 -2.404853e-03 9.999705e-01 -9.894085e+01
9.997946e-01 1.150425e-02 -1.668289e-02 2.061497e+01 -1.152061e-02 9.999332e-01 -8.852588e-04 1.247801e+00 1.667159e-02 1.077274e-03 9.998604e-01 -1.002549e+02
9.998837e-01 -1.141537e-02 1.010989e-02 2.017441e+01 1.139626e-02 9.999332e-01 1.945718e-03 1.300767e+00 -1.013143e-02 -1.830277e-03 9.999470e-01 -1.018278e+02
9.996167e-01 1.082063e-02 -2.548372e-02 1.997729e+01 -1.081340e-02 9.999414e-01 4.215859e-04 1.352602e+00 2.548679e-02 -1.458587e-04 9.996751e-01 -1.036806e+02
9.998953e-01 -1.073181e-02 9.703209e-03 1.998717e+01 1.071541e-02 9.999411e-01 1.740039e-03 1.375629e+00 -9.721311e-03 -1.635882e-03 9.999514e-01 -1.047251e+02
9.996318e-01 1.165090e-02 -2.450598e-02 2.000961e+01 -1.163100e-02 9.999319e-01 9.545259e-04 1.420058e+00 2.451543e-02 -6.691455e-04 9.996992e-01 -1.067531e+02
9.999234e-01 -1.228495e-02 1.485629e-03 2.004054e+01 1.228214e-02 9.999228e-01 1.887315e-03 1.462289e+00 -1.508700e-03 -1.868924e-03 9.999971e-01 -1.086080e+02
9.998330e-01 1.268070e-02 -1.315698e-02 2.000374e+01 -1.267195e-02 9.999194e-01 7.484480e-04 1.503597e+00 1.316541e-02 -5.815985e-04 9.999132e-01 -1.103953e+02
9.998984e-01 -1.307684e-02 -5.680744e-03 2.000947e+01 1.308823e-02 9.999124e-01 1.972424e-03 1.552211e+00 5.654453e-03 -2.046574e-03 9.999819e-01 -1.124904e+02
9.997934e-01 1.289019e-02 -1.571843e-02 2.023699e+01 -1.285300e-02 9.999144e-01 2.464933e-03 1.600339e+00 1.574886e-02 -2.262395e-03 9.998734e-01 -1.149717e+02
9.998932e-01 -1.360620e-02 -5.343061e-03 2.049445e+01 1.362196e-02 9.999029e-01 2.922879e-03 1.666278e+00 5.302773e-03 -2.995350e-03 9.999815e-01 -1.182210e+02
9.996710e-01 1.186701e-02 -2.273744e-02 2.063428e+01 -1.185994e-02 9.999296e-01 4.459137e-04 1.717647e+00 2.274113e-02 -1.761024e-04 9.997414e-01 -1.203097e+02
9.999186e-01 -1.235123e-02 -3.190136e-03 2.109535e+01 1.236059e-02 9.999193e-01 2.930259e-03 1.735856e+00 3.153686e-03 -2.969453e-03 9.999906e-01 -1.216879e+02
9.998118e-01 1.182603e-02 1.537917e-02 2.054653e+01 -1.179780e-02 9.999286e-01 -1.924836e-03 1.778098e+00 -1.540084e-02 1.743033e-03 9.998799e-01 -1.214534e+02
9.999310e-01 -1.152524e-02 -2.285311e-03 1.957194e+01 1.153867e-02 9.999157e-01 5.951953e-03 1.850416e+00 2.216520e-03 -5.977912e-03 9.999797e-01 -1.203018e+02
9.997946e-01 1.169657e-02 1.655146e-02 1.899552e+01 -1.163270e-02 9.999245e-01 -3.950463e-03 1.886622e+00 -1.659642e-02 3.757114e-03 9.998552e-01 -1.194566e+02
9.999309e-01 -1.162655e-02 1.723806e-03 1.811927e+01 1.161367e-02 9.999059e-01 7.304398e-03 1.946254e+00 -1.808569e-03 -7.283874e-03 9.999718e-01 -1.182884e+02
9.997577e-01 1.196093e-02 1.848171e-02 1.722804e+01 -1.188535e-02 9.999206e-01 -4.193881e-03 2.006114e+00 -1.853041e-02 3.973203e-03 9.998204e-01 -1.169912e+02
9.999173e-01 -1.164293e-02 5.466615e-03 1.602177e+01 1.159601e-02 9.998963e-01 8.537106e-03 2.092492e+00 -5.565445e-03 -8.473008e-03 9.999486e-01 -1.153981e+02
9.994346e-01 1.166863e-02 3.153439e-02 1.457793e+01 -1.152431e-02 9.999223e-01 -4.754401e-03 2.194840e+00 -3.158742e-02 4.388301e-03 9.994914e-01 -1.135170e+02
9.999013e-01 -1.134806e-02 -8.286213e-03 1.328947e+01 1.142384e-02 9.998928e-01 9.156640e-03 2.290286e+00 8.181415e-03 -9.250396e-03 9.999237e-01 -1.119857e+02
9.986277e-01 1.132794e-02 5.113052e-02 1.180581e+01 -1.103315e-02 9.999209e-01 -6.044041e-03 2.395601e+00 -5.119494e-02 5.471616e-03 9.986737e-01 -1.100953e+02
9.998867e-01 -1.146312e-02 9.756153e-03 9.449708e+00 1.134179e-02 9.998588e-01 1.240166e-02 2.569196e+00 -9.896937e-03 -1.228961e-02 9.998755e-01 -1.072238e+02
9.996387e-01 1.155722e-02 2.426725e-02 7.905355e+00 -1.140455e-02 9.999144e-01 -6.420241e-03 2.677197e+00 -2.433937e-02 6.141165e-03 9.996849e-01 -1.050060e+02
9.999360e-01 -1.121232e-02 1.514595e-03 6.698350e+00 1.119464e-02 9.998744e-01 1.122261e-02 2.759817e+00 -1.640237e-03 -1.120493e-02 9.999359e-01 -1.032568e+02
9.998536e-01 1.113485e-02 1.299046e-02 5.784305e+00 -1.103248e-02 9.999077e-01 -7.925719e-03 2.827788e+00 -1.307751e-02 7.781242e-03 9.998842e-01 -1.022054e+02
9.998708e-01 -1.058714e-02 -1.209888e-02 5.382908e+00 1.071030e-02 9.998910e-01 1.016028e-02 2.857290e+00 1.198999e-02 -1.028855e-02 9.998752e-01 -1.017221e+02
9.998117e-01 1.094619e-02 1.602436e-02 5.033409e+00 -1.080648e-02 9.999031e-01 -8.779463e-03 2.881478e+00 -1.611890e-02 8.604642e-03 9.998331e-01 -1.013042e+02
9.999387e-01 -1.042291e-02 -3.735049e-03 4.291538e+00 1.046341e-02 9.998848e-01 1.099327e-02 2.935169e+00 3.620037e-03 -1.103167e-02 9.999326e-01 -1.005265e+02
9.998613e-01 1.107109e-02 1.244419e-02 3.639697e+00 -1.096769e-02 9.999050e-01 -8.347242e-03 2.980480e+00 -1.253542e-02 8.209600e-03 9.998877e-01 -9.966354e+01
9.998080e-01 -9.989191e-03 -1.685955e-02 3.508042e+00 1.017379e-02 9.998888e-01 1.089908e-02 2.985064e+00 1.674880e-02 -1.106851e-02 9.997985e-01 -9.912924e+01
9.998986e-01 1.107295e-02 8.958336e-03 3.519118e+00 -1.099655e-02 9.999031e-01 -8.532922e-03 2.975827e+00 -9.051953e-03 8.433546e-03 9.999235e-01 -9.865812e+01
9.999365e-01 -9.535371e-03 6.012313e-03 3.001175e+00 9.451034e-03 9.998587e-01 1.390331e-02 2.994942e+00 -6.144037e-03 -1.384561e-02 9.998853e-01 -9.709919e+01
9.998833e-01 1.062949e-02 -1.097306e-02 2.791480e+00 -1.071403e-02 9.999132e-01 -7.674574e-03 2.995658e+00 1.089053e-02 7.791244e-03 9.999103e-01 -9.584151e+01
9.995973e-01 -9.859284e-03 2.660961e-02 2.349897e+00 9.517090e-03 9.998708e-01 1.295598e-02 3.012058e+00 -2.673391e-02 -1.269752e-02 9.995619e-01 -9.427120e+01
9.994598e-01 1.146524e-02 -3.080103e-02 2.208838e+00 -1.164258e-02 9.999166e-01 -5.584248e-03 3.006670e+00 3.073444e-02 5.939834e-03 9.995099e-01 -9.279688e+01
9.999163e-01 -1.290466e-02 -8.959760e-04 3.055421e+00 1.291396e-02 9.998528e-01 1.129891e-02 2.984111e+00 7.500354e-04 -1.130954e-02 9.999358e-01 -9.280033e+01
9.999017e-01 1.330393e-02 4.427337e-03 2.910498e+00 -1.326983e-02 9.998827e-01 -7.645315e-03 2.984791e+00 -4.528531e-03 7.585813e-03 9.999610e-01 -9.187782e+01
9.998731e-01 -1.262187e-02 -9.721711e-03 2.612111e+00 1.272784e-02 9.998594e-01 1.091601e-02 3.001957e+00 9.582563e-03 -1.103836e-02 9.998932e-01 -9.162859e+01
9.998958e-01 1.279123e-02 -6.684922e-03 2.703417e+00 -1.285136e-02 9.998766e-01 -9.030331e-03 3.016585e+00 6.568588e-03 9.115301e-03 9.999369e-01 -9.233543e+01
9.998969e-01 -1.306060e-02 -5.973117e-03 2.906490e+00 1.312555e-02 9.998537e-01 1.096740e-02 3.007190e+00 5.829002e-03 -1.104467e-02 9.999220e-01 -9.221865e+01
9.998963e-01 1.395720e-02 -3.534730e-03 2.979510e+00 -1.398677e-02 9.998662e-01 -8.482016e-03 2.996159e+00 3.415872e-03 8.530576e-03 9.999578e-01 -9.191845e+01
9.998988e-01 -1.319751e-02 -5.319587e-03 3.042847e+00 1.325454e-02 9.998535e-01 1.083126e-02 2.985073e+00 5.175862e-03 -1.090067e-02 9.999272e-01 -9.157017e+01
9.998992e-01 1.405660e-02 2.000841e-03 3.016326e+00 -1.404111e-02 9.998729e-01 -7.554439e-03 2.976259e+00 -2.106776e-03 7.525584e-03 9.999695e-01 -9.088967e+01
9.998734e-01 -1.257872e-02 -9.744842e-03 3.108353e+00 1.270702e-02 9.998319e-01 1.321775e-02 2.965276e+00 9.576942e-03 -1.333990e-02 9.998652e-01 -9.007849e+01
9.996949e-01 1.095545e-02 -2.213981e-02 3.925092e+00 -1.115291e-02 9.998989e-01 -8.815240e-03 2.957272e+00 2.204099e-02 9.059473e-03 9.997160e-01 -9.054280e+01
9.999202e-01 -1.035801e-02 7.231694e-03 4.118479e+00 1.027589e-02 9.998833e-01 1.130160e-02 2.955574e+00 -7.347913e-03 -1.122639e-02 9.999100e-01 -9.088140e+01
9.996559e-01 1.075281e-02 -2.392536e-02 4.337628e+00 -1.096891e-02 9.999001e-01 -8.919090e-03 2.954165e+00 2.382707e-02 9.178456e-03 9.996740e-01 -9.119862e+01
9.998998e-01 -1.024372e-02 9.772904e-03 4.521813e+00 1.013251e-02 9.998841e-01 1.136113e-02 2.946679e+00 -9.888151e-03 -1.126097e-02 9.998877e-01 -9.127100e+01
9.996756e-01 1.101047e-02 -2.296446e-02 4.682946e+00 -1.121638e-02 9.998979e-01 -8.856891e-03 2.939463e+00 2.286460e-02 9.111597e-03 9.996970e-01 -9.138229e+01
9.998917e-01 -1.063272e-02 1.017426e-02 4.774434e+00 1.052282e-02 9.998864e-01 1.079503e-02 2.942277e+00 -1.028788e-02 -1.068680e-02 9.998900e-01 -9.177703e+01
9.996672e-01 1.125390e-02 -2.321363e-02 4.877491e+00 -1.145880e-02 9.998964e-01 -8.712847e-03 2.943739e+00 2.311318e-02 8.975947e-03 9.996926e-01 -9.212088e+01
9.998832e-01 -1.074401e-02 1.086952e-02 4.972682e+00 1.062724e-02 9.998858e-01 1.074422e-02 2.943708e+00 -1.098372e-02 -1.062745e-02 9.998832e-01 -9.242384e+01
9.990645e-01 1.008700e-02 -4.205266e-02 5.945927e+00 -1.029869e-02 9.999353e-01 -4.820524e-03 2.941121e+00 4.200132e-02 5.249102e-03 9.991038e-01 -9.334757e+01
9.999091e-01 -1.239499e-02 5.301485e-03 6.873331e+00 1.234415e-02 9.998785e-01 9.518618e-03 2.938932e+00 -5.418824e-03 -9.452311e-03 9.999406e-01 -9.413836e+01
9.997495e-01 1.310766e-02 -1.814220e-02 6.968693e+00 -1.324397e-02 9.998848e-01 -7.414090e-03 2.940710e+00 1.804293e-02 7.652508e-03 9.998079e-01 -9.449919e+01
9.999066e-01 -1.266516e-02 5.141075e-03 7.033548e+00 1.261749e-02 9.998781e-01 9.201456e-03 2.949390e+00 -5.256987e-03 -9.135728e-03 9.999444e-01 -9.508282e+01
9.997489e-01 1.310128e-02 -1.818172e-02 7.077659e+00 -1.323712e-02 9.998852e-01 -7.371399e-03 2.958272e+00 1.808306e-02 7.610222e-03 9.998075e-01 -9.562951e+01
9.999015e-01 -1.264808e-02 6.083064e-03 7.134266e+00 1.259267e-02 9.998796e-01 9.061661e-03 2.963772e+00 -6.196944e-03 -8.984166e-03 9.999404e-01 -9.605593e+01
9.997302e-01 1.318604e-02 -1.912304e-02 7.215538e+00 -1.332420e-02 9.998859e-01 -7.115386e-03 2.969163e+00 1.902704e-02 7.368265e-03 9.997918e-01 -9.651441e+01
9.998970e-01 -1.273776e-02 6.611072e-03 7.299146e+00 1.267861e-02 9.998799e-01 8.913077e-03 2.970975e+00 -6.723810e-03 -8.828340e-03 9.999384e-01 -9.685566e+01
9.997421e-01 1.339405e-02 -1.833832e-02 7.379855e+00 -1.352007e-02 9.998857e-01 -6.765303e-03 2.968560e+00 1.824561e-02 7.011493e-03 9.998090e-01 -9.701786e+01
9.998923e-01 -1.283942e-02 7.107299e-03 7.460702e+00 1.277613e-02 9.998790e-01 8.879357e-03 2.963843e+00 -7.220445e-03 -8.787597e-03 9.999353e-01 -9.703548e+01
9.997671e-01 1.364002e-02 -1.672642e-02 7.518206e+00 -1.375189e-02 9.998837e-01 -6.591791e-03 2.956592e+00 1.663456e-02 6.820275e-03 9.998384e-01 -9.686784e+01
9.999017e-01 -1.302279e-02 5.205349e-03 7.593471e+00 1.297847e-02 9.998800e-01 8.459940e-03 2.955937e+00 -5.314897e-03 -8.391551e-03 9.999507e-01 -9.709055e+01
9.997379e-01 1.363049e-02 -1.839549e-02 7.702031e+00 -1.374918e-02 9.998854e-01 -6.341046e-03 2.955884e+00 1.830695e-02 6.592307e-03 9.998107e-01 -9.737039e+01
9.999020e-01 -1.303921e-02 5.102045e-03 7.806934e+00 1.299697e-02 9.998817e-01 8.227062e-03 2.957299e+00 -5.208716e-03 -8.159945e-03 9.999531e-01 -9.770716e+01
9.999127e-01 1.212957e-02 -5.240021e-03 8.157209e+00 -1.211771e-02 9.999240e-01 2.290377e-03 2.899869e+00 5.267404e-03 -2.226680e-03 9.999836e-01 -9.504240e+01
9.999713e-01 -7.571562e-03 -2.117772e-04 8.575535e+00 7.574279e-03 9.997727e-01 1.993045e-02 2.777715e+00 6.082427e-05 -1.993148e-02 9.998013e-01 -8.988886e+01
9.999055e-01 1.179902e-02 -7.051151e-03 8.877801e+00 -1.180788e-02 9.999295e-01 -1.216005e-03 2.683925e+00 7.036306e-03 1.299149e-03 9.999744e-01 -8.580254e+01
