9.999744e-01 -1.559018e-03 -6.983283e-03 1.946305e-01 1.560058e-03 9.999988e-01 1.434643e-04 -2.269841e-02 6.983050e-03 -1.543557e-04 9.999756e-01 4.745583e-01
9.999985e-01 1.066242e-03 -1.399157e-03 4.016325e-01 -1.066082e-03 9.999994e-01 1.151537e-04 -3.652418e-02 1.399280e-03 -1.136612e-04 9.999990e-01 5.164126e-01
9.999776e-01 -1.209137e-03 -6.584120e-03 6.181902e-01 1.209502e-03 9.999993e-01 5.148452e-05 -4.653934e-02 6.584053e-03 -5.944759e-05 9.999783e-01 4.020335e-01
9.999997e-01 1.505467e-04 -7.060388e-04 7.805536e-01 -1.504857e-04 1.000000e+00 8.653613e-05 -6.593236e-02 7.060521e-04 -8.642915e-05 9.999997e-01 7.896868e-01
9.999814e-01 -1.710664e-03 -5.861170e-03 9.241874e-01 1.710612e-03 9.999985e-01 -1.375474e-05 -8.606648e-02 5.861184e-03 3.727584e-06 9.999828e-01 1.310966e+00
9.999991e-01 6.765423e-04 -1.162247e-03 1.067643e+00 -6.759279e-04 9.999996e-01 5.288891e-04 -1.039477e-01 1.162605e-03 -5.281023e-04 9.999992e-01 1.673054e+00
9.999776e-01 -1.931911e-03 -6.402429e-03 1.235343e+00 1.929608e-03 9.999981e-01 -3.658089e-04 -1.207012e-01 6.403123e-03 3.534459e-04 9.999794e-01 1.993537e+00
9.999980e-01 1.421899e-03 -1.421072e-03 1.392982e+00 -1.420866e-03 9.999987e-01 7.274946e-04 -1.338528e-01 1.422105e-03 -7.254733e-04 9.999987e-01 2.108966e+00
9.999794e-01 -2.559160e-03 -5.885707e-03 1.484342e+00 2.555873e-03 9.999966e-01 -5.658701e-04 -1.511591e-01 5.887134e-03 5.508146e-04 9.999825e-01 2.565523e+00
9.999994e-01 1.030709e-03 -2.961735e-04 1.567777e+00 -1.030508e-03 9.999992e-01 6.789910e-04 -1.719531e-01 2.968734e-04 -6.786847e-04 9.999997e-01 3.204969e+00
9.999743e-01 -2.341186e-03 -6.782836e-03 1.693594e+00 2.339345e-03 9.999972e-01 -2.793396e-04 -1.894086e-01 6.783471e-03 2.634643e-04 9.999770e-01 3.668970e+00
9.999969e-01 2.244491e-03 -1.097041e-03 1.850955e+00 -2.244306e-03 9.999975e-01 1.701904e-04 -1.951797e-01 1.097420e-03 -1.677271e-04 9.999994e-01 3.451338e+00
9.999745e-01 -2.068900e-03 -6.831643e-03 1.950524e+00 2.065282e-03 9.999977e-01 -5.365905e-04 -1.951484e-01 6.832737e-03 5.224668e-04 9.999765e-01 3.107617e+00
9.999979e-01 1.918376e-03 -6.900891e-04 2.014063e+00 -1.918049e-03 9.999980e-01 4.745361e-04 -1.977606e-01 6.909984e-04 -4.732108e-04 9.999996e-01 2.930284e+00
9.999699e-01 -2.152277e-03 -7.456031e-03 2.073197e+00 2.149899e-03 9.999976e-01 -3.268672e-04 -2.060827e-01 7.456717e-03 3.108270e-04 9.999722e-01 3.068552e+00
9.999973e-01 2.295042e-03 -3.644197e-04 2.178506e+00 -2.295006e-03 9.999974e-01 9.731571e-05 -2.071168e-01 3.646424e-04 -9.647839e-05 9.999999e-01 2.736460e+00
9.999675e-01 -2.487730e-03 -7.674841e-03 2.175268e+00 2.485477e-03 9.999969e-01 -3.030072e-04 -2.072174e-01 7.675570e-03 2.839210e-04 9.999705e-01 2.597338e+00
9.999983e-01 1.828983e-03 8.880993e-05 2.161153e+00 -1.829029e-03 9.999982e-01 5.244947e-04 -2.139417e-01 -8.785014e-05 -5.246556e-04 9.999999e-01 2.804134e+00
9.999615e-01 -2.438374e-03 -8.427676e-03 2.214578e+00 2.437016e-03 9.999970e-01 -1.712938e-04 -2.227511e-01 8.428068e-03 1.507481e-04 9.999645e-01 2.993423e+00
9.999968e-01 2.536241e-03 -9.386547e-05 2.251637e+00 -2.536244e-03 9.999968e-01 -3.318625e-05 -2.230359e-01 9.378134e-05 3.342492e-05 1.000000e+00 2.774385e+00
9.999693e-01 -2.229285e-03 -7.509970e-03 2.348659e+00 2.225039e-03 9.999974e-01 -5.736554e-04 -2.186899e-01 7.511229e-03 5.569271e-04 9.999716e-01 2.238871e+00
9.999969e-01 2.486289e-03 -2.625470e-04 2.443688e+00 -2.486250e-03 9.999969e-01 1.479632e-04 -2.170411e-01 2.629144e-04 -1.473092e-04 1.000000e+00 1.810471e+00
9.999692e-01 -2.278382e-03 -7.515577e-03 2.570061e+00 2.273985e-03 9.999972e-01 -5.936116e-04 -2.186485e-01 7.516909e-03 5.765023e-04 9.999716e-01 1.476357e+00
9.999966e-01 2.568871e-03 -3.658852e-04 2.673904e+00 -2.568847e-03 9.999967e-01 6.589478e-05 -2.177782e-01 3.660536e-04 -6.495395e-05 9.999999e-01 1.079512e+00
9.999737e-01 -2.150107e-03 -6.920035e-03 2.739772e+00 2.142869e-03 9.999971e-01 -1.053278e-03 -2.102899e-01 6.922280e-03 1.038421e-03 9.999755e-01 4.545768e-01
9.999965e-01 2.604889e-03 -5.212598e-04 2.811547e+00 -2.604822e-03 9.999966e-01 1.282403e-04 -2.031452e-01 5.215924e-04 -1.268814e-04 9.999999e-01 -1.558524e-01
9.999819e-01 -2.013128e-03 -5.661934e-03 2.844641e+00 2.003741e-03 9.999966e-01 -1.663044e-03 -1.897388e-01 5.665263e-03 1.651668e-03 9.999826e-01 -1.003068e+00
9.999965e-01 2.257572e-03 -1.371379e-03 2.938515e+00 -2.256097e-03 9.999969e-01 1.076522e-03 -1.851095e-01 1.373805e-03 -1.073423e-03 9.999985e-01 -1.566152e+00
9.999770e-01 -3.019125e-03 -6.078943e-03 3.029850e+00 3.014011e-03 9.999951e-01 -8.502554e-04 -1.986384e-01 6.081480e-03 8.319131e-04 9.999812e-01 -1.307849e+00
9.999976e-01 2.168988e-03 1.558497e-04 3.046619e+00 -2.169120e-03 9.999973e-01 8.462912e-04 -2.113482e-01 -1.540133e-04 -8.466266e-04 9.999996e-01 -7.890698e-01
9.999928e-01 -2.240256e-03 -3.057554e-03 2.920564e+00 2.237947e-03 9.999972e-01 -7.583688e-04 -2.117427e-01 3.059244e-03 7.515200e-04 9.999950e-01 -1.652112e-01
9.999980e-01 1.547824e-03 -1.257136e-03 2.866421e+00 -1.546736e-03 9.999984e-01 8.660987e-04 -2.182370e-01 1.258475e-03 -8.641518e-04 9.999988e-01 3.700868e-01
9.999745e-01 -1.102222e-03 -7.062319e-03 2.776549e+00 1.095047e-03 9.999989e-01 -1.019668e-03 -2.128056e-01 7.063435e-03 1.011907e-03 9.999745e-01 1.984867e-01
9.999989e-01 1.494256e-03 2.154354e-04 2.775410e+00 -1.494218e-03 9.999989e-01 -1.762126e-04 -2.008974e-01 -2.156981e-04 1.758912e-04 1.000000e+00 -4.995658e-01
9.999730e-01 -1.237779e-03 -7.238600e-03 2.735519e+00 1.232085e-03 9.999989e-01 -7.910732e-04 -1.895671e-01 7.239572e-03 7.821326e-04 9.999735e-01 -1.084056e+00
9.999991e-01 1.328302e-03 -2.620383e-04 2.591755e+00 -1.328254e-03 9.999991e-01 1.817854e-04 -1.778585e-01 2.622799e-04 -1.814365e-04 9.999999e-01 -1.438812e+00
9.999918e-01 -1.399972e-03 -3.790501e-03 2.299454e+00 1.393392e-03 9.999975e-01 -1.737931e-03 -1.510004e-01 3.792925e-03 1.732635e-03 9.999913e-01 -2.049888e+00
9.999978e-01 1.551104e-03 -1.427993e-03 2.143462e+00 -1.550879e-03 9.999988e-01 1.589114e-04 -1.310693e-01 1.428238e-03 -1.566957e-04 9.999990e-01 -2.760421e+00
9.999810e-01 -1.606573e-03 -5.944033e-03 2.054138e+00 1.602441e-03 9.999985e-01 -6.999027e-04 -1.230622e-01 5.945148e-03 6.903638e-04 9.999821e-01 -3.104625e+00
9.999972e-01 2.145747e-03 -9.756984e-04 1.895781e+00 -2.146680e-03 9.999972e-01 -9.564820e-04 -1.044049e-01 9.736437e-04 9.585745e-04 9.999991e-01 -3.875708e+00
9.999932e-01 -1.638074e-03 -3.294041e-03 1.862222e+00 1.632352e-03 9.999972e-01 -1.738955e-03 -7.925878e-02 3.296879e-03 1.733565e-03 9.999931e-01 -5.149955e+00
9.999953e-01 2.149365e-03 -2.167852e-03 1.860869e+00 -2.149988e-03 9.999976e-01 -2.852597e-04 -6.074494e-02 2.167234e-03 2.899200e-04 9.999976e-01 -6.158219e+00
9.999904e-01 -1.883219e-03 -3.943889e-03 1.834223e+00 1.878747e-03 9.999976e-01 -1.137114e-03 -4.583219e-02 3.946021e-03 1.129692e-03 9.999916e-01 -6.960558e+00
9.999956e-01 1.651512e-03 -2.475410e-03 1.773813e+00 -1.649671e-03 9.999984e-01 7.455010e-04 -3.907259e-02 2.476638e-03 -7.414134e-04 9.999967e-01 -7.236821e+00
9.999812e-01 -1.679418e-03 -5.903434e-03 1.740626e+00 1.676054e-03 9.999984e-01 -5.747522e-04 -4.003496e-02 5.904390e-03 5.648462e-04 9.999824e-01 -7.242231e+00
9.999951e-01 1.515321e-03 -2.743495e-03 1.767363e+00 -1.513612e-03 9.999987e-01 6.247583e-04 -4.455221e-02 2.744438e-03 -6.206020e-04 9.999960e-01 -7.251272e+00
9.999912e-01 -3.039780e-03 2.883750e-03 1.477090e+00 3.045086e-03 9.999937e-01 -1.837308e-03 -3.520878e-02 -2.878148e-03 1.846072e-03 9.999942e-01 -6.790866e+00
9.999944e-01 2.561736e-03 -2.159966e-03 1.173072e+00 -2.557843e-03 9.999951e-01 1.803049e-03 -2.402693e-02 2.164574e-03 -1.797513e-03 9.999960e-01 -6.268105e+00
9.999840e-01 -3.093524e-03 -4.741652e-03 1.096779e+00 3.084749e-03 9.999935e-01 -1.856840e-03 -2.639297e-02 4.747365e-03 1.842183e-03 9.999870e-01 -6.067395e+00
9.999935e-01 2.983965e-03 -2.020398e-03 9.121344e-01 -2.980959e-03 9.999944e-01 1.488841e-03 -1.475267e-02 2.024830e-03 -1.482807e-03 9.999969e-01 -6.235610e+00
9.999866e-01 -3.109054e-03 -4.144958e-03 7.287519e-01 3.101096e-03 9.999933e-01 -1.924900e-03 -5.470104e-03 4.150914e-03 1.912020e-03 9.999896e-01 -6.326299e+00
9.999912e-01 3.029480e-03 -2.902926e-03 5.774325e-01 -3.024746e-03 9.999941e-01 1.633657e-03 1.721123e-03 2.907859e-03 -1.624861e-03 9.999945e-01 -6.432481e+00
9.999917e-01 -3.509793e-03 -2.069687e-03 4.270286e-01 3.506115e-03 9.999923e-01 -1.778288e-03 3.596740e-03 2.075912e-03 1.771016e-03 9.999963e-01 -6.146798e+00
9.999834e-01 3.172874e-03 -4.802331e-03 3.447805e-01 -3.164127e-03 9.999933e-01 1.827755e-03 2.285316e-03 4.808099e-03 -1.812529e-03 9.999868e-01 -5.975396e+00
9.999878e-01 -2.935515e-03 -3.976227e-03 2.448990e-01 2.926882e-03 9.999934e-01 -2.175107e-03 9.353503e-03 3.982586e-03 2.163441e-03 9.999897e-01 -6.271668e+00
9.999846e-01 2.785209e-03 -4.793806e-03 1.570723e-01 -2.774795e-03 9.999938e-01 2.177588e-03 1.055377e-02 4.799841e-03 -2.164252e-03 9.999861e-01 -6.378144e+00
9.999906e-01 -3.379841e-03 -2.730039e-03 9.533189e-02 3.374642e-03 9.999925e-01 -1.906709e-03 4.404299e-03 2.736463e-03 1.897477e-03 9.999945e-01 -6.110118e+00
9.999851e-01 3.372741e-03 -4.286161e-03 -5.010742e-02 -3.365583e-03 9.999929e-01 1.676043e-03 1.213358e-02 4.291784e-03 -1.661592e-03 9.999894e-01 -6.231090e+00
9.999778e-01 -4.587136e-03 4.835853e-03 -3.757129e-01 4.601152e-03 9.999852e-01 -2.891171e-03 2.643737e-02 -4.822520e-03 2.913357e-03 9.999841e-01 -5.902832e+00
9.999933e-01 3.042468e-03 2.018770e-03 -7.901110e-01 -3.046986e-03 9.999929e-01 2.238771e-03 4.083100e-02 -2.011944e-03 -2.244907e-03 9.999955e-01 -4.964417e+00
9.999916e-01 -3.671579e-03 -1.830833e-03 -1.022314e+00 3.667636e-03 9.999910e-01 -2.151907e-03 4.525189e-02 1.838717e-03 2.145173e-03 9.999960e-01 -4.343343e+00
9.999758e-01 3.708275e-03 -5.882276e-03 -1.181921e+00 -3.698028e-03 9.999916e-01 1.751920e-03 5.526956e-02 5.888724e-03 -1.730124e-03 9.999812e-01 -4.622551e+00
9.999921e-01 -3.964951e-03 3.131472e-04 -1.419730e+00 3.965746e-03 9.999888e-01 -2.580852e-03 7.007956e-02 -3.029110e-04 2.582073e-03 9.999966e-01 -4.871008e+00
9.999719e-01 3.726454e-03 -6.498377e-03 -1.548881e+00 -3.709842e-03 9.999898e-01 2.566502e-03 7.349537e-02 6.507875e-03 -2.542322e-03 9.999756e-01 -4.776700e+00
9.999877e-01 -4.536837e-03 2.007435e-03 -1.673549e+00 4.542587e-03 9.999856e-01 -2.868881e-03 7.374160e-02 -1.994390e-03 2.877964e-03 9.999939e-01 -4.456802e+00
9.999911e-01 3.041975e-03 -2.915389e-03 -1.775571e+00 -3.033873e-03 9.999915e-01 2.779559e-03 6.518182e-02 2.923820e-03 -2.770689e-03 9.999919e-01 -3.608821e+00
9.999937e-01 -3.561015e-03 -6.804705e-05 -1.834182e+00 3.560834e-03 9.999906e-01 -2.488413e-03 6.314783e-02 7.690736e-05 2.488154e-03 9.999969e-01 -3.092857e+00
9.999932e-01 2.016817e-03 -3.092935e-03 -1.848453e+00 -2.009645e-03 9.999953e-01 2.320331e-03 5.429174e-02 3.097600e-03 -2.314098e-03 9.999925e-01 -2.527053e+00
9.999943e-01 -3.340086e-03 -3.879731e-04 -1.857400e+00 3.339292e-03 9.999924e-01 -2.028494e-03 4.301770e-02 3.947451e-04 2.027187e-03 9.999979e-01 -1.874299e+00
9.999666e-01 3.302687e-03 -7.476733e-03 -1.963377e+00 -3.287940e-03 9.999926e-01 1.983779e-03 4.714180e-02 7.483230e-03 -1.959129e-03 9.999701e-01 -1.954967e+00
9.999923e-01 -3.925044e-03 -5.372135e-05 -1.971768e+00 3.924945e-03 9.999908e-01 -1.732041e-03 3.914970e-02 6.051888e-05 1.731816e-03 9.999985e-01 -1.687676e+00
9.999799e-01 2.817010e-03 -5.678713e-03 -1.958002e+00 -2.804967e-03 9.999938e-01 2.127564e-03 2.484927e-02 5.684672e-03 -2.111592e-03 9.999816e-01 -1.096625e+00
9.999948e-01 -3.068080e-03 -9.515047e-04 -2.028196e+00 3.066086e-03 9.999931e-01 -2.089605e-03 2.523915e-02 9.579089e-04 2.086676e-03 9.999974e-01 -9.703828e-01
9.999867e-01 2.591619e-03 -4.466619e-03 -2.168079e+00 -2.582810e-03 9.999947e-01 1.976748e-03 2.748331e-02 4.471718e-03 -1.965184e-03 9.999881e-01 -7.742082e-01
9.999926e-01 -2.814506e-03 -2.603584e-03 -2.282199e+00 2.809101e-03 9.999939e-01 -2.077285e-03 2.978767e-02 2.609414e-03 2.069955e-03 9.999945e-01 -7.230329e-01
9.999895e-01 2.793740e-03 -3.639790e-03 -2.485229e+00 -2.790651e-03 9.999957e-01 8.533490e-04 4.815793e-02 3.642158e-03 -8.431819e-04 9.999930e-01 -1.279638e+00
9.999900e-01 -3.684553e-03 -2.547982e-03 -2.474114e+00 3.683386e-03 9.999931e-01 -4.623100e-04 3.579906e-02 2.549667e-03 4.529194e-04 9.999966e-01 -8.522003e-01
9.999862e-01 2.864525e-03 -4.413586e-03 -2.410185e+00 -2.861669e-03 9.999957e-01 6.531246e-04 2.491303e-02 4.415438e-03 -6.404847e-04 9.999900e-01 -5.094654e-01
9.999927e-01 -3.789651e-03 5.357159e-04 -2.439847e+00 3.790084e-03 9.999925e-01 -8.092320e-04 2.047192e-02 -5.326455e-04 8.112558e-04 9.999995e-01 -2.327434e-01
9.999923e-01 2.360975e-03 -3.121236e-03 -2.463543e+00 -2.357991e-03 9.999968e-01 9.594473e-04 6.431069e-03 3.123492e-03 -9.520794e-04 9.999947e-01 5.941891e-01
9.999908e-01 -4.033607e-03 -1.493100e-03 -2.433617e+00 4.032637e-03 9.999917e-01 -6.518928e-04 -1.432222e-02 1.495717e-03 6.458650e-04 9.999987e-01 1.440733e+00
9.999851e-01 2.762585e-03 -4.710319e-03 -2.401731e+00 -2.758032e-03 9.999957e-01 9.726612e-04 -3.017028e-02 4.712986e-03 -9.596548e-04 9.999884e-01 2.035690e+00
9.999913e-01 -3.594641e-03 2.121505e-03 -2.566751e+00 3.597017e-03 9.999929e-01 -1.117153e-03 -3.022718e-02 -2.117474e-03 1.124774e-03 9.999971e-01 2.545288e+00
9.999941e-01 3.078438e-03 -1.512085e-03 -2.869615e+00 -3.077159e-03 9.999949e-01 8.479190e-04 -1.708748e-02 1.514688e-03 -8.432605e-04 9.999985e-01 2.996910e+00
9.999920e-01 -3.534327e-03 -1.860465e-03 -3.122109e+00 3.531807e-03 9.999928e-01 -1.355880e-03 -4.792984e-03 1.865244e-03 1.349298e-03 9.999974e-01 3.118767e+00
9.999820e-01 3.528210e-03 -4.854512e-03 -3.299783e+00 -3.523327e-03 9.999933e-01 1.014014e-03 7.033652e-03 4.858057e-03 -9.968913e-04 9.999877e-01 2.909762e+00
9.999923e-01 -3.771661e-03 1.041810e-03 -3.562194e+00 3.773445e-03 9.999914e-01 -1.716484e-03 2.339615e-02 -1.035327e-03 1.720402e-03 9.999980e-01 2.816165e+00
9.999713e-01 3.884190e-03 -6.503553e-03 -3.770648e+00 -3.877024e-03 9.999919e-01 1.114021e-03 3.907284e-02 6.507827e-03 -1.088774e-03 9.999782e-01 2.564396e+00
9.999912e-01 -4.190902e-03 1.579101e-04 -3.857252e+00 4.191100e-03 9.999904e-01 -1.273457e-03 4.193084e-02 -1.525719e-04 1.274106e-03 9.999992e-01 2.515049e+00
9.999883e-01 2.932644e-03 -3.834690e-03 -3.890532e+00 -2.927104e-03 9.999947e-01 1.449522e-03 2.964094e-02 3.838921e-03 -1.438280e-03 9.999916e-01 3.204178e+00
9.999909e-01 -4.258590e-03 1.052956e-04 -3.911219e+00 4.258715e-03 9.999902e-01 -1.217422e-03 1.526173e-02 -1.001104e-04 1.217858e-03 9.999993e-01 3.969407e+00
9.999679e-01 3.588869e-03 -7.160878e-03 -3.886765e+00 -3.576227e-03 9.999920e-01 1.777513e-03 4.734131e-03 7.167200e-03 -1.751846e-03 9.999728e-01 4.344148e+00
9.999897e-01 -4.506500e-03 -5.184935e-04 -3.837824e+00 4.505791e-03 9.999889e-01 -1.360024e-03 -8.831845e-03 5.246164e-04 1.357673e-03 9.999989e-01 4.697787e+00
9.999675e-01 3.943528e-03 -7.036105e-03 -3.852340e+00 -3.932190e-03 9.999909e-01 1.624528e-03 -1.514483e-02 7.042448e-03 -1.596807e-03 9.999739e-01 4.939639e+00
9.999875e-01 -4.112533e-03 2.829772e-03 -4.128920e+00 4.119406e-03 9.999886e-01 -2.427329e-03 5.821130e-03 -2.819757e-03 2.438955e-03 9.999931e-01 4.667423e+00
9.999599e-01 3.980243e-03 -8.020306e-03 -4.367745e+00 -3.965577e-03 9.999904e-01 1.843619e-03 2.244344e-02 8.027568e-03 -1.811739e-03 9.999661e-01 4.461760e+00
9.999848e-01 -4.217070e-03 3.541332e-03 -4.607482e+00 4.225471e-03 9.999883e-01 -2.368129e-03 3.705974e-02 -3.531304e-03 2.383057e-03 9.999909e-01 4.382168e+00
9.999366e-01 3.560269e-03 -1.068369e-02 -4.597069e+00 -3.531135e-03 9.999900e-01 2.744614e-03 2.823481e-02 1.069336e-02 -2.706714e-03 9.999392e-01 4.694155e+00
9.999713e-01 -5.105586e-03 5.591395e-03 -4.576734e+00 5.119106e-03 9.999840e-01 -2.406284e-03 1.065443e-02 -5.579020e-03 2.434838e-03 9.999815e-01 5.392413e+00
9.999216e-01 3.753441e-03 -1.194524e-02 -4.513700e+00 -3.719285e-03 9.999889e-01 2.880336e-03 -6.711771e-03 1.195592e-02 -2.835682e-03 9.999245e-01 5.989884e+00
9.999791e-01 -4.629242e-03 4.519131e-03 -4.448356e+00 4.640616e-03 9.999861e-01 -2.509677e-03 -2.059227e-02 -4.507451e-03 2.530595e-03 9.999866e-01 6.370151e+00
9.999327e-01 3.556949e-03 -1.103839e-02 -4.410492e+00 -3.525071e-03 9.999896e-01 2.906003e-03 -3.421206e-02 1.104862e-02 -2.866896e-03 9.999349e-01 6.846438e+00
9.999850e-01 -4.351158e-03 3.334731e-03 -4.376605e+00 4.359460e-03 9.999874e-01 -2.486482e-03 -4.564146e-02 -3.323871e-03 2.500982e-03 9.999913e-01 7.183226e+00
9.999217e-01 4.832748e-03 -1.154298e-02 -4.460912e+00 -4.810990e-03 9.999866e-01 1.911895e-03 -3.518253e-02 1.155206e-02 -1.856211e-03 9.999315e-01 6.684817e+00
9.999576e-01 -4.160984e-03 8.209047e-03 -4.433644e+00 4.202412e-03 9.999785e-01 -5.035933e-03 -9.438659e-03 -8.187916e-03 5.070217e-03 9.999536e-01 5.318607e+00
9.998846e-01 4.711557e-03 -1.444508e-02 -4.305542e+00 -4.657770e-03 9.999821e-01 3.754974e-03 2.480161e-04 1.446252e-02 -3.687258e-03 9.998886e-01 4.549305e+00
9.999630e-01 -4.104471e-03 7.553593e-03 -4.174098e+00 4.141271e-03 9.999796e-01 -4.862721e-03 6.689852e-03 -7.533480e-03 4.893822e-03 9.999596e-01 3.921522e+00
9.998876e-01 4.332447e-03 -1.435138e-02 -4.158557e+00 -4.276235e-03 9.999831e-01 3.945166e-03 1.712937e-02 1.436823e-02 -3.883352e-03 9.998892e-01 3.296097e+00
9.999611e-01 -5.195741e-03 7.127654e-03 -4.116314e+00 5.219384e-03 9.999809e-01 -3.302519e-03 1.320805e-03 -7.110360e-03 3.339592e-03 9.999691e-01 3.753466e+00
9.998732e-01 4.292193e-03 -1.533303e-02 -3.960410e+00 -4.236236e-03 9.999843e-01 3.680044e-03 -1.369289e-02 1.534859e-02 -3.614622e-03 9.998757e-01 3.996113e+00
9.999492e-01 -4.101634e-03 9.208137e-03 -3.971669e+00 4.144432e-03 9.999807e-01 -4.633552e-03 -1.853802e-03 -9.188954e-03 4.671478e-03 9.999469e-01 3.384534e+00
9.998590e-01 4.072337e-03 -1.628955e-02 -3.996877e+00 -4.004400e-03 9.999832e-01 4.200974e-03 4.763685e-03 1.630639e-02 -4.135151e-03 9.998585e-01 3.026072e+00
9.998777e-01 -5.384596e-03 1.467967e-02 -4.100889e+00 5.447588e-03 9.999761e-01 -4.254468e-03 -2.072191e-03 -1.465641e-02 4.333916e-03 9.998832e-01 3.716361e+00
9.998887e-01 5.049165e-03 -1.404192e-02 -4.420499e+00 -4.994587e-03 9.999798e-01 3.919157e-03 1.234261e-02 1.406142e-02 -3.848587e-03 9.998937e-01 4.118695e+00
9.998996e-01 -5.800678e-03 1.293219e-02 -4.795376e+00 5.867134e-03 9.999697e-01 -5.106849e-03 3.521831e-02 -1.290218e-02 5.182210e-03 9.999033e-01 4.039363e+00
9.997666e-01 6.246732e-03 -2.068183e-02 -4.863528e+00 -6.142813e-03 9.999682e-01 5.084351e-03 4.037398e-02 2.071293e-02 -4.956119e-03 9.997732e-01 3.872679e+00
9.998829e-01 -5.396535e-03 1.432262e-02 -4.779921e+00 5.491297e-03 9.999632e-01 -6.585244e-03 5.312988e-02 -1.428656e-02 6.663121e-03 9.998757e-01 2.987333e+00
9.998119e-01 6.650203e-03 -1.821845e-02 -4.824496e+00 -6.590359e-03 9.999727e-01 3.342862e-03 8.384325e-02 1.824019e-02 -3.222167e-03 9.998284e-01 1.463563e+00
9.998849e-01 -6.272477e-03 1.381796e-02 -4.884405e+00 6.355062e-03 9.999622e-01 -5.940848e-03 1.103317e-01 -1.378017e-02 6.027978e-03 9.998869e-01 1.841419e-01
9.997545e-01 6.674926e-03 -2.112946e-02 -4.811651e+00 -6.570008e-03 9.999658e-01 5.030997e-03 1.178515e-01 2.116232e-02 -4.890940e-03 9.997641e-01 -4.175796e-01
9.998390e-01 -5.894943e-03 1.694629e-02 -5.004542e+00 6.026780e-03 9.999519e-01 -7.739212e-03 1.488819e-01 -1.689986e-02 7.840097e-03 9.998264e-01 -1.628997e+00
9.997886e-01 6.122078e-03 -1.962815e-02 -5.159704e+00 -6.034317e-03 9.999715e-01 4.527314e-03 1.824576e-01 1.965531e-02 -4.407913e-03 9.997971e-01 -3.063678e+00
9.998284e-01 -6.612430e-03 1.730409e-02 -5.437943e+00 6.718052e-03 9.999591e-01 -6.052901e-03 2.085533e-01 -1.726336e-02 6.168111e-03 9.998320e-01 -3.652906e+00
9.997705e-01 6.769054e-03 -2.032412e-02 -5.785750e+00 -6.676987e-03 9.999672e-01 4.594333e-03 2.372435e-01 2.035455e-02 -4.457574e-03 9.997829e-01 -4.133539e+00
9.998592e-01 -6.421516e-03 1.550138e-02 -5.890185e+00 6.521440e-03 9.999582e-01 -6.404169e-03 2.593129e-01 -1.545961e-02 6.504359e-03 9.998593e-01 -5.042829e+00
9.997812e-01 6.335793e-03 -1.993624e-02 -6.030949e+00 -6.228584e-03 9.999658e-01 5.435083e-03 2.775007e-01 1.997000e-02 -5.309718e-03 9.997865e-01 -5.616126e+00
9.998875e-01 -5.756759e-03 1.384872e-02 -5.952587e+00 5.846063e-03 9.999623e-01 -6.416690e-03 2.868420e-01 -1.381126e-02 6.496928e-03 9.998835e-01 -6.186010e+00
9.997732e-01 6.394685e-03 -2.031262e-02 -5.889006e+00 -6.288698e-03 9.999663e-01 5.277336e-03 2.976169e-01 2.034569e-02 -5.148399e-03 9.997797e-01 -6.886554e+00
9.998912e-01 -5.866731e-03 1.353356e-02 -5.775051e+00 5.955072e-03 9.999612e-01 -6.496546e-03 3.050070e-01 -1.349492e-02 6.576432e-03 9.998873e-01 -7.547370e+00
9.997550e-01 6.244566e-03 -2.123599e-02 -5.608514e+00 -6.115712e-03 9.999625e-01 6.127258e-03 3.053445e-01 2.127346e-02 -5.995883e-03 9.997557e-01 -7.994784e+00
9.998825e-01 -5.530059e-03 1.429453e-02 -5.514739e+00 5.629353e-03 9.999602e-01 -6.915429e-03 3.125954e-01 -1.425572e-02 6.995085e-03 9.998739e-01 -8.627753e+00
9.997449e-01 5.771799e-03 -2.183825e-02 -5.397379e+00 -5.629721e-03 9.999626e-01 6.561824e-03 3.144271e-01 2.187530e-02 -6.437206e-03 9.997400e-01 -9.071889e+00
9.998887e-01 -6.113632e-03 1.360744e-02 -5.251052e+00 6.196877e-03 9.999623e-01 -6.083922e-03 3.006176e-01 -1.356973e-02 6.167568e-03 9.998889e-01 -8.894429e+00
9.997633e-01 5.147338e-03 -2.114015e-02 -5.111936e+00 -5.012306e-03 9.999667e-01 6.435468e-03 2.826800e-01 2.117257e-02 -6.327983e-03 9.997558e-01 -8.547200e+00
9.998889e-01 -6.045325e-03 1.362727e-02 -5.012034e+00 6.129207e-03 9.999625e-01 -6.122124e-03 2.652934e-01 -1.358975e-02 6.204968e-03 9.998884e-01 -8.116471e+00
9.997594e-01 5.281602e-03 -2.128957e-02 -4.894098e+00 -5.146460e-03 9.999663e-01 6.397597e-03 2.491189e-01 2.132264e-02 -6.286491e-03 9.997529e-01 -7.779668e+00
9.998883e-01 -6.112964e-03 1.364128e-02 -4.804352e+00 6.196569e-03 9.999622e-01 -6.094973e-03 2.327495e-01 -1.360350e-02 6.178820e-03 9.998884e-01 -7.384757e+00
9.997691e-01 4.954119e-03 -2.090777e-02 -4.732335e+00 -4.820396e-03 9.999676e-01 6.441367e-03 2.163090e-01 2.093901e-02 -6.339095e-03 9.997607e-01 -6.917621e+00
9.998993e-01 -5.521115e-03 1.307081e-02 -4.669617e+00 5.598666e-03 9.999669e-01 -5.904080e-03 2.038311e-01 -1.303778e-02 5.976664e-03 9.998971e-01 -6.604155e+00
9.997503e-01 5.281199e-03 -2.171426e-02 -4.599729e+00 -5.140927e-03 9.999656e-01 6.510642e-03 1.935596e-01 2.174790e-02 -6.397384e-03 9.997430e-01 -6.409542e+00
9.998868e-01 -5.755969e-03 1.390031e-02 -4.478922e+00 5.843328e-03 9.999634e-01 -6.252318e-03 1.792199e-01 -1.386381e-02 6.332834e-03 9.998838e-01 -6.149559e+00
9.997761e-01 4.674057e-03 -2.063725e-02 -4.418696e+00 -4.538939e-03 9.999680e-01 6.589241e-03 1.628745e-01 2.066739e-02 -6.494094e-03 9.997653e-01 -5.640129e+00
9.998864e-01 -5.604192e-03 1.398983e-02 -4.365575e+00 5.691078e-03 9.999647e-01 -6.178617e-03 1.472670e-01 -1.395471e-02 6.257532e-03 9.998830e-01 -5.132587e+00
9.997816e-01 5.011670e-03 -2.028886e-02 -4.357742e+00 -4.880177e-03 9.999668e-01 6.525369e-03 1.385085e-01 2.032089e-02 -6.424930e-03 9.997729e-01 -4.739340e+00
9.998937e-01 -5.452671e-03 1.352501e-02 -4.337558e+00 5.535223e-03 9.999662e-01 -6.073803e-03 1.294899e-01 -1.349144e-02 6.148020e-03 9.998901e-01 -4.397832e+00
9.997641e-01 4.758650e-03 -2.119313e-02 -4.275487e+00 -4.623908e-03 9.999688e-01 6.402259e-03 1.172714e-01 2.122293e-02 -6.302753e-03 9.997549e-01 -4.069548e+00
9.998739e-01 -5.265691e-03 1.498384e-02 -4.262956e+00 5.356955e-03 9.999673e-01 -6.057227e-03 1.086446e-01 -1.495146e-02 6.136730e-03 9.998694e-01 -3.711900e+00
9.997216e-01 4.961047e-03 -2.306715e-02 -4.266028e+00 -4.821955e-03 9.999699e-01 6.081592e-03 1.070592e-01 2.309663e-02 -5.968670e-03 9.997154e-01 -3.759946e+00
9.998673e-01 -4.580946e-03 1.563562e-02 -4.185956e+00 4.686400e-03 9.999665e-01 -6.714530e-03 1.120151e-01 -1.560434e-02 6.786913e-03 9.998552e-01 -4.226780e+00
9.997057e-01 4.620176e-03 -2.381625e-02 -4.168446e+00 -4.456178e-03 9.999660e-01 6.934455e-03 1.106435e-01 2.384748e-02 -6.826284e-03 9.996923e-01 -4.277918e+00
9.998507e-01 -4.861090e-03 1.658161e-02 -4.174713e+00 4.974489e-03 9.999645e-01 -6.804469e-03 1.076385e-01 -1.654794e-02 6.885938e-03 9.998394e-01 -4.200301e+00
9.997261e-01 4.351850e-03 -2.299504e-02 -4.182537e+00 -4.186384e-03 9.999650e-01 7.238967e-03 1.003573e-01 2.302574e-02 -7.140717e-03 9.997094e-01 -3.886766e+00
9.998289e-01 -5.510584e-03 1.765950e-02 -4.186533e+00 5.634220e-03 9.999599e-01 -6.959040e-03 8.795055e-02 -1.762044e-02 7.057346e-03 9.998198e-01 -3.338890e+00
9.997842e-01 4.356437e-03 -2.031050e-02 -4.250288e+00 -4.210601e-03 9.999651e-01 7.217547e-03 7.916193e-02 2.034123e-02 -7.130470e-03 9.997677e-01 -2.646773e+00
9.998482e-01 -5.194195e-03 1.663251e-02 -4.308240e+00 5.312064e-03 9.999610e-01 -7.050347e-03 7.370178e-02 -1.659524e-02 7.137629e-03 9.998368e-01 -2.131882e+00
9.998053e-01 4.343166e-03 -1.924866e-02 -4.400113e+00 -4.206775e-03 9.999658e-01 7.120563e-03 7.119723e-02 1.927892e-02 -7.038201e-03 9.997894e-01 -1.633232e+00
9.998614e-01 -5.433641e-03 1.573475e-02 -4.435531e+00 5.541874e-03 9.999612e-01 -6.843184e-03 6.073506e-02 -1.569696e-02 6.929435e-03 9.998528e-01 -9.546823e-01
9.997663e-01 4.348970e-03 -2.117587e-02 -4.395357e+00 -4.195921e-03 9.999648e-01 7.266586e-03 4.538257e-02 2.120672e-02 -7.176035e-03 9.997494e-01 -3.258920e-01
9.998979e-01 -4.597950e-03 1.353052e-02 -4.375935e+00 4.694682e-03 9.999636e-01 -7.126128e-03 3.806358e-02 -1.349726e-02 7.188921e-03 9.998831e-01 -1.386910e-01
9.997792e-01 4.389828e-03 -2.055045e-02 -4.390954e+00 -4.245130e-03 9.999659e-01 7.079461e-03 3.950743e-02 2.058083e-02 -6.990657e-03 9.997638e-01 -2.255863e-01
9.999112e-01 -4.301980e-03 1.261652e-02 -4.339545e+00 4.392506e-03 9.999647e-01 -7.156306e-03 3.750805e-02 -1.258529e-02 7.211088e-03 9.998948e-01 -3.308646e-01
9.997950e-01 4.415974e-03 -1.975751e-02 -4.163694e+00 -4.287243e-03 9.999693e-01 6.553127e-03 3.786666e-02 1.978585e-02 -6.467078e-03 9.997833e-01 -7.076088e-01
9.999023e-01 -5.020128e-03 1.304619e-02 -4.101509e+00 5.101756e-03 9.999676e-01 -6.231174e-03 2.826674e-02 -1.301449e-02 6.297123e-03 9.998955e-01 -5.058828e-01
9.998095e-01 4.330455e-03 -1.903378e-02 -4.098033e+00 -4.204344e-03 9.999690e-01 6.660616e-03 1.947237e-02 1.906203e-02 -6.579322e-03 9.997967e-01 -1.054548e-01
9.999034e-01 -4.860859e-03 1.302293e-02 -4.119807e+00 4.943716e-03 9.999677e-01 -6.337808e-03 1.432396e-02 -1.299171e-02 6.401576e-03 9.998951e-01 1.735461e-01
9.998485e-01 4.345149e-03 -1.685503e-02 -4.250316e+00 -4.240408e-03 9.999715e-01 6.244949e-03 1.826075e-02 1.688168e-02 -6.172530e-03 9.998384e-01 3.959799e-01
9.999253e-01 -4.361149e-03 1.141799e-02 -4.361701e+00 4.433673e-03 9.999701e-01 -6.334178e-03 2.491938e-02 -1.139003e-02 6.384327e-03 9.999148e-01 4.150863e-01
9.998353e-01 4.140480e-03 -1.766779e-02 -4.418732e+00 -4.034678e-03 9.999737e-01 6.019813e-03 3.128955e-02 1.769225e-02 -5.947538e-03 9.998258e-01 2.786595e-01
9.999189e-01 -4.162825e-03 1.203597e-02 -4.555562e+00 4.240255e-03 9.999704e-01 -6.414839e-03 4.161393e-02 -1.200891e-02 6.465354e-03 9.999070e-01 1.313044e-01
9.998722e-01 3.465740e-03 -1.560889e-02 -4.687219e+00 -3.371380e-03 9.999759e-01 6.067519e-03 4.481475e-02 1.562955e-02 -6.014119e-03 9.998598e-01 3.633383e-01
9.997938e-01 -4.174465e-03 1.987424e-02 -5.018388e+00 4.301946e-03 9.999704e-01 -6.375976e-03 5.765685e-02 -1.984704e-02 6.460159e-03 9.997822e-01 1.169162e+00
9.999508e-01 4.583366e-03 -8.802444e-03 -5.621007e+00 -4.534246e-03 9.999741e-01 5.592096e-03 9.813434e-02 8.827846e-03 -5.551908e-03 9.999456e-01 1.980312e+00
9.999461e-01 -4.360988e-03 9.424162e-03 -5.978503e+00 4.421507e-03 9.999697e-01 -6.410453e-03 1.264325e-01 -9.395920e-03 6.451776e-03 9.999350e-01 2.064230e+00
9.998660e-01 5.144440e-03 -1.554023e-02 -5.868776e+00 -5.062644e-03 9.999731e-01 5.298224e-03 1.368241e-01 1.556707e-02 -5.218838e-03 9.998652e-01 1.334768e+00
9.999519e-01 -5.368460e-03 8.203613e-03 -5.846611e+00 5.414148e-03 9.999699e-01 -5.557246e-03 1.395898e-01 -8.173532e-03 5.601394e-03 9.999509e-01 1.050810e+00
9.998609e-01 5.350367e-03 -1.579873e-02 -5.850213e+00 -5.265108e-03 9.999714e-01 5.433202e-03 1.398469e-01 1.582735e-02 -5.349263e-03 9.998604e-01 9.878735e-01
9.999489e-01 -5.153713e-03 8.693035e-03 -5.777909e+00 5.206300e-03 9.999682e-01 -6.037529e-03 1.444001e-01 -8.661643e-03 6.082479e-03 9.999440e-01 5.915282e-01
9.998605e-01 5.439633e-03 -1.579438e-02 -5.658176e+00 -5.356704e-03 9.999717e-01 5.288068e-03 1.489554e-01 1.582270e-02 -5.202724e-03 9.998613e-01 6.078380e-02
9.999373e-01 -4.469630e-03 1.026356e-02 -5.534909e+00 4.541124e-03 9.999655e-01 -6.953138e-03 1.608219e-01 -1.023213e-02 6.999310e-03 9.999232e-01 -8.548364e-01
9.998626e-01 5.344782e-03 -1.569216e-02 -5.350778e+00 -5.265064e-03 9.999730e-01 5.116997e-03 1.726826e-01 1.571908e-02 -5.033673e-03 9.998638e-01 -1.885149e+00
9.999392e-01 -4.319820e-03 1.014105e-02 -5.230188e+00 4.390492e-03 9.999662e-01 -6.957088e-03 1.866601e-01 -1.011065e-02 7.001189e-03 9.999244e-01 -2.915282e+00
9.998565e-01 4.779012e-03 -1.625363e-02 -5.192579e+00 -4.691142e-03 9.999742e-01 5.440031e-03 2.009319e-01 1.627921e-02 -5.363001e-03 9.998531e-01 -3.795989e+00
9.999521e-01 -4.247037e-03 8.814073e-03 -5.092096e+00 4.300694e-03 9.999723e-01 -6.077638e-03 2.054734e-01 -8.788017e-03 6.115253e-03 9.999427e-01 -4.344377e+00
9.998615e-01 4.457872e-03 -1.603356e-02 -4.950558e+00 -4.370073e-03 9.999753e-01 5.506773e-03 2.086561e-01 1.605771e-02 -5.435942e-03 9.998563e-01 -4.873023e+00
9.999580e-01 -4.146837e-03 8.172118e-03 -4.990948e+00 4.196800e-03 9.999725e-01 -6.106276e-03 2.164225e-01 -8.146572e-03 6.140316e-03 9.999480e-01 -5.260467e+00
9.998767e-01 4.322230e-03 -1.509451e-02 -5.076711e+00 -4.243873e-03 9.999774e-01 5.219228e-03 2.287589e-01 1.511673e-02 -5.154525e-03 9.998724e-01 -5.785447e+00
9.999634e-01 -3.900839e-03 7.616013e-03 -5.039807e+00 3.946024e-03 9.999746e-01 -5.926948e-03 2.351264e-01 -7.592700e-03 5.956784e-03 9.999534e-01 -6.298631e+00
9.998861e-01 4.420549e-03 -1.443166e-02 -4.945170e+00 -4.347106e-03 9.999775e-01 5.116346e-03 2.423728e-01 1.445395e-02 -5.053026e-03 9.998828e-01 -6.946111e+00
9.999615e-01 -3.994635e-03 7.807573e-03 -4.859015e+00 4.042748e-03 9.999729e-01 -6.156337e-03 2.508124e-01 -7.782769e-03 6.187663e-03 9.999506e-01 -7.635191e+00
9.998927e-01 4.446489e-03 -1.396113e-02 -4.842353e+00 -4.378235e-03 9.999783e-01 4.915598e-03 2.639108e-01 1.398268e-02 -4.853945e-03 9.998905e-01 -8.386362e+00
9.999442e-01 -4.102001e-03 9.730442e-03 -4.964535e+00 4.171505e-03 9.999659e-01 -7.133537e-03 2.879028e-01 -9.700848e-03 7.173729e-03 9.999272e-01 -9.381313e+00
9.998577e-01 4.324650e-03 -1.630378e-02 -5.001829e+00 -4.225400e-03 9.999724e-01 6.117064e-03 2.999945e-01 1.632978e-02 -6.047303e-03 9.998484e-01 -1.001826e+01
9.999592e-01 -4.276024e-03 7.951096e-03 -4.986963e+00 4.323382e-03 9.999730e-01 -5.948587e-03 3.000542e-01 -7.925445e-03 5.982720e-03 9.999507e-01 -1.021027e+01
9.998677e-01 4.809080e-03 -1.554042e-02 -4.995756e+00 -4.728542e-03 9.999752e-01 5.215113e-03 3.091069e-01 1.556512e-02 -5.140939e-03 9.998656e-01 -1.078106e+01
9.999463e-01 -4.390401e-03 9.388069e-03 -5.020350e+00 4.452736e-03 9.999681e-01 -6.629261e-03 3.247331e-01 -9.358665e-03 6.670707e-03 9.999340e-01 -1.160401e+01
9.998763e-01 4.603255e-03 -1.504137e-02 -5.142400e+00 -4.529292e-03 9.999775e-01 4.947652e-03 3.444515e-01 1.506380e-02 -4.878912e-03 9.998746e-01 -1.241916e+01
9.999523e-01 -3.842921e-03 8.978353e-03 -5.208996e+00 3.902248e-03 9.999706e-01 -6.599683e-03 3.621927e-01 -8.952727e-03 6.634403e-03 9.999379e-01 -1.331182e+01
9.998710e-01 4.016343e-03 -1.555130e-02 -5.204997e+00 -3.928779e-03 9.999763e-01 5.657048e-03 3.724948e-01 1.557365e-02 -5.595220e-03 9.998631e-01 -1.394325e+01
9.999692e-01 -3.503645e-03 7.020476e-03 -5.288375e+00 3.546399e-03 9.999752e-01 -6.086798e-03 3.808503e-01 -6.998976e-03 6.111507e-03 9.999568e-01 -1.429841e+01
9.999076e-01 3.698730e-03 -1.307835e-02 -5.462081e+00 -3.638098e-03 9.999825e-01 4.656783e-03 3.997409e-01 1.309534e-02 -4.608772e-03 9.999036e-01 -1.496743e+01
9.999651e-01 -3.310475e-03 7.667039e-03 -5.551022e+00 3.359047e-03 9.999743e-01 -6.331033e-03 4.177466e-01 -7.645884e-03 6.356566e-03 9.999506e-01 -1.575851e+01
9.999552e-01 4.078061e-03 -8.542485e-03 -5.928932e+00 -4.059946e-03 9.999895e-01 2.136896e-03 4.653832e-01 8.551109e-03 -2.102117e-03 9.999612e-01 -1.737056e+01
9.999422e-01 -4.259321e-03 9.873225e-03 -6.251812e+00 4.321302e-03 9.999710e-01 -6.264968e-03 5.131198e-01 -9.846255e-03 6.307270e-03 9.999316e-01 -1.903062e+01
9.998912e-01 4.837481e-03 -1.393334e-02 -6.299336e+00 -4.784390e-03 9.999812e-01 3.841180e-03 5.370079e-01 1.395166e-02 -3.774099e-03 9.998955e-01 -2.016550e+01
9.999596e-01 -4.489211e-03 7.792583e-03 -6.272402e+00 4.529708e-03 9.999763e-01 -5.187092e-03 5.502630e-01 -7.769112e-03 5.222180e-03 9.999562e-01 -2.093309e+01
9.998669e-01 4.393460e-03 -1.571362e-02 -6.178781e+00 -4.312744e-03 9.999774e-01 5.166862e-03 5.471848e-01 1.573596e-02 -5.098404e-03 9.998632e-01 -2.110104e+01
9.999630e-01 -4.620745e-03 7.251492e-03 -6.060861e+00 4.657578e-03 9.999763e-01 -5.070685e-03 5.370976e-01 -7.227890e-03 5.104272e-03 9.999609e-01 -2.104496e+01
9.998912e-01 4.917051e-03 -1.391069e-02 -5.895052e+00 -4.855052e-03 9.999781e-01 4.487219e-03 5.392958e-01 1.393245e-02 -4.419193e-03 9.998932e-01 -2.159203e+01
9.999657e-01 -4.760469e-03 6.784619e-03 -5.711044e+00 4.794744e-03 9.999758e-01 -5.044675e-03 5.401528e-01 -6.760440e-03 5.077032e-03 9.999643e-01 -2.208144e+01
9.998844e-01 4.776377e-03 -1.443805e-02 -5.547044e+00 -4.704844e-03 9.999765e-01 4.984327e-03 5.356943e-01 1.446152e-02 -4.915822e-03 9.998833e-01 -2.229739e+01
9.999639e-01 -4.365200e-03 7.283581e-03 -5.399460e+00 4.405400e-03 9.999751e-01 -5.512460e-03 5.364040e-01 -7.259336e-03 5.544348e-03 9.999583e-01 -2.268874e+01
9.998922e-01 4.798881e-03 -1.387989e-02 -5.291859e+00 -4.735060e-03 9.999781e-01 4.627317e-03 5.429006e-01 1.390179e-02 -4.561095e-03 9.998930e-01 -2.326632e+01
9.999696e-01 -4.667573e-03 6.241476e-03 -5.208613e+00 4.698579e-03 9.999766e-01 -4.962514e-03 5.446675e-01 -6.218167e-03 4.991689e-03 9.999682e-01 -2.358133e+01
9.998916e-01 4.876419e-03 -1.389212e-02 -5.101070e+00 -4.813758e-03 9.999781e-01 4.540387e-03 5.456863e-01 1.391395e-02 -4.473021e-03 9.998932e-01 -2.392921e+01
9.999639e-01 -5.235176e-03 6.690398e-03 -5.096342e+00 5.264808e-03 9.999764e-01 -4.419189e-03 5.420441e-01 -6.667105e-03 4.454253e-03 9.999679e-01 -2.389331e+01
9.998960e-01 4.834459e-03 -1.358943e-02 -5.169435e+00 -4.774628e-03 9.999788e-01 4.431690e-03 5.418521e-01 1.361056e-02 -4.366344e-03 9.998978e-01 -2.380840e+01
9.999685e-01 -5.385943e-03 5.821675e-03 -5.153421e+00 5.410363e-03 9.999766e-01 -4.187226e-03 5.369694e-01 -5.798987e-03 4.218591e-03 9.999743e-01 -2.371977e+01
9.999066e-01 5.120904e-03 -1.267421e-02 -5.117084e+00 -5.072273e-03 9.999797e-01 3.866097e-03 5.351142e-01 1.269375e-02 -3.801449e-03 9.999122e-01 -2.379106e+01
9.999713e-01 -4.760027e-03 5.893797e-03 -5.158729e+00 4.788838e-03 9.999766e-01 -4.884020e-03 5.443516e-01 -5.870411e-03 4.912104e-03 9.999707e-01 -2.425315e+01
9.999209e-01 5.662514e-03 -1.122920e-02 -5.064471e+00 -5.630455e-03 9.999800e-01 2.884481e-03 5.597353e-01 1.124530e-02 -2.821027e-03 9.999328e-01 -2.530412e+01
9.999678e-01 -4.691548e-03 6.515401e-03 -5.009209e+00 4.726953e-03 9.999741e-01 -5.429484e-03 5.805751e-01 -6.489760e-03 5.460106e-03 9.999640e-01 -2.653055e+01
9.999336e-01 5.734836e-03 -9.994350e-03 -4.985629e+00 -5.708144e-03 9.999801e-01 2.697114e-03 6.056402e-01 1.000962e-02 -2.639886e-03 9.999464e-01 -2.783858e+01
9.999652e-01 -4.933101e-03 6.729980e-03 -5.059472e+00 4.974063e-03 9.999691e-01 -6.083594e-03 6.376786e-01 -6.699761e-03 6.116857e-03 9.999588e-01 -2.933964e+01
9.999404e-01 6.205667e-03 -8.986497e-03 -5.225309e+00 -6.186302e-03 9.999785e-01 2.181072e-03 6.774215e-01 8.999839e-03 -2.125349e-03 9.999572e-01 -3.110779e+01
9.999654e-01 -5.696459e-03 6.069215e-03 -5.256017e+00 5.728805e-03 9.999694e-01 -5.325674e-03 7.073720e-01 -6.038692e-03 5.360258e-03 9.999674e-01 -3.256062e+01
9.999120e-01 6.107149e-03 -1.177737e-02 -5.287725e+00 -6.062059e-03 9.999742e-01 3.860351e-03 7.234802e-01 1.180064e-02 -3.788616e-03 9.999232e-01 -3.334376e+01
9.999644e-01 -5.509101e-03 6.397423e-03 -5.309349e+00 5.544662e-03 9.999692e-01 -5.554339e-03 7.396350e-01 -6.366627e-03 5.589613e-03 9.999641e-01 -3.417676e+01
9.998991e-01 6.004142e-03 -1.287599e-02 -5.238773e+00 -5.948051e-03 9.999727e-01 4.390150e-03 7.500847e-01 1.290200e-02 -4.313119e-03 9.999075e-01 -3.489113e+01
9.999670e-01 -5.339646e-03 6.126731e-03 -5.196632e+00 5.374418e-03 9.999695e-01 -5.673256e-03 7.619803e-01 -6.096251e-03 5.705996e-03 9.999651e-01 -3.561849e+01
9.999265e-01 6.637376e-03 -1.014269e-02 -5.172076e+00 -6.607381e-03 9.999737e-01 2.987918e-03 7.854207e-01 1.016225e-02 -2.920682e-03 9.999441e-01 -3.690851e+01
9.999697e-01 -5.831244e-03 5.161238e-03 -5.103134e+00 5.858583e-03 9.999688e-01 -5.297965e-03 8.055722e-01 -5.130183e-03 5.328041e-03 9.999726e-01 -3.809748e+01
9.999106e-01 6.272750e-03 -1.181166e-02 -5.027068e+00 -6.223380e-03 9.999718e-01 4.211799e-03 8.151298e-01 1.183775e-02 -4.137913e-03 9.999214e-01 -3.878164e+01
9.999718e-01 -5.742518e-03 4.831866e-03 -4.921432e+00 5.766707e-03 9.999708e-01 -5.007331e-03 8.203817e-01 -4.802970e-03 5.035054e-03 9.999758e-01 -3.933442e+01
9.999261e-01 6.715431e-03 -1.013373e-02 -4.700715e+00 -6.680992e-03 9.999718e-01 3.428452e-03 8.289638e-01 1.015647e-02 -3.360495e-03 9.999428e-01 -4.022335e+01
9.999736e-01 -6.310710e-03 3.612239e-03 -4.496210e+00 6.326160e-03 9.999708e-01 -4.281868e-03 8.327003e-01 -3.585112e-03 4.304606e-03 9.999843e-01 -4.087175e+01
9.999200e-01 6.202317e-03 -1.102051e-02 -4.334523e+00 -6.155476e-03 9.999719e-01 4.279180e-03 8.265433e-01 1.104675e-02 -4.211001e-03 9.999301e-01 -4.104435e+01
9.999767e-01 -5.633657e-03 3.860656e-03 -4.226502e+00 5.653130e-03 9.999713e-01 -5.051736e-03 8.310365e-01 -3.832085e-03 5.073442e-03 9.999798e-01 -4.156363e+01
9.999323e-01 5.681540e-03 -1.015507e-02 -4.369931e+00 -5.636646e-03 9.999742e-01 4.444006e-03 8.422633e-01 1.018006e-02 -4.386464e-03 9.999386e-01 -4.177895e+01
9.999727e-01 -4.930737e-03 5.502651e-03 -4.367799e+00 4.966403e-03 9.999666e-01 -6.486811e-03 8.617580e-01 -5.470482e-03 6.513962e-03 9.999638e-01 -4.279197e+01
9.999146e-01 5.487597e-03 -1.185823e-02 -4.306711e+00 -5.426942e-03 9.999721e-01 5.141055e-03 8.726126e-01 1.188612e-02 -5.076262e-03 9.999165e-01 -4.364931e+01
9.999748e-01 -5.522307e-03 4.460467e-03 -4.139893e+00 5.545362e-03 9.999712e-01 -5.173209e-03 8.643257e-01 -4.431770e-03 5.197813e-03 9.999767e-01 -4.380372e+01
9.999174e-01 5.909938e-03 -1.141462e-02 -4.078706e+00 -5.860957e-03 9.999735e-01 4.319773e-03 8.714648e-01 1.143984e-02 -4.252515e-03 9.999255e-01 -4.435142e+01
9.999748e-01 -5.427362e-03 4.567307e-03 -3.985037e+00 5.450867e-03 9.999719e-01 -5.149780e-03 8.779329e-01 -4.539229e-03 5.174546e-03 9.999763e-01 -4.494283e+01
9.999117e-01 5.768005e-03 -1.196831e-02 -3.831966e+00 -5.715115e-03 9.999738e-01 4.448621e-03 8.793040e-01 1.199365e-02 -4.379828e-03 9.999185e-01 -4.537939e+01
9.999706e-01 -5.487675e-03 5.360938e-03 -3.671202e+00 5.515942e-03 9.999709e-01 -5.272332e-03 8.813483e-01 -5.331849e-03 5.301747e-03 9.999717e-01 -4.589268e+01
9.999162e-01 6.172232e-03 -1.138187e-02 -3.594715e+00 -6.128130e-03 9.999736e-01 3.905491e-03 8.923249e-01 1.140567e-02 -3.835414e-03 9.999276e-01 -4.665816e+01
9.999545e-01 -5.457800e-03 7.820411e-03 -3.650068e+00 5.507929e-03 9.999643e-01 -6.403039e-03 9.172072e-01 -7.785185e-03 6.445821e-03 9.999489e-01 -4.780785e+01
9.999312e-01 6.258126e-03 -9.925944e-03 -3.728411e+00 -6.224721e-03 9.999749e-01 3.392758e-03 9.506345e-01 9.946927e-03 -3.330738e-03 9.999450e-01 -4.938004e+01
