9.999621e-01 -1.785960e-03 -8.519392e-03 1.229768e-01 1.794887e-03 9.999978e-01 1.040387e-03 -2.470556e-02 8.517515e-03 -1.055639e-03 9.999632e-01 3.372018e-01
9.999995e-01 -3.949103e-04 9.694157e-04 4.934171e-01 3.944411e-04 9.999998e-01 4.841835e-04 -4.682024e-02 -9.696064e-04 -4.838002e-04 9.999994e-01 -4.307100e-02
9.999638e-01 -2.720463e-05 -8.514053e-03 5.865356e-01 2.593153e-05 1.000000e+00 -1.496357e-04 -4.300840e-02 8.514057e-03 1.494088e-04 9.999637e-01 -8.022605e-01
9.999980e-01 -1.915706e-03 5.452905e-04 7.238436e-01 1.914823e-03 9.999969e-01 1.616412e-03 -6.621479e-02 -5.483850e-04 -1.615364e-03 9.999985e-01 -3.365512e-01
9.999800e-01 -6.865908e-04 -6.288788e-03 8.836933e-01 6.819875e-04 9.999995e-01 -7.340916e-04 -9.254697e-02 6.289288e-03 7.297874e-04 9.999800e-01 4.017513e-01
9.999971e-01 -5.177389e-04 -2.335972e-03 9.928656e-01 5.207268e-04 9.999990e-01 1.278667e-03 -1.023658e-01 2.335308e-03 -1.279879e-03 9.999965e-01 3.682478e-01
9.999879e-01 -1.724534e-03 -4.597722e-03 1.148642e+00 1.723417e-03 9.999985e-01 -2.469645e-04 -1.274797e-01 4.598141e-03 2.390371e-04 9.999894e-01 9.504466e-01
9.999913e-01 -1.509273e-04 -4.167610e-03 1.290182e+00 1.576059e-04 9.999987e-01 1.602206e-03 -1.489652e-01 4.167363e-03 -1.602848e-03 9.999900e-01 1.295111e+00
9.999961e-01 -2.495810e-03 -1.290190e-03 1.397047e+00 2.495055e-03 9.999967e-01 -5.862328e-04 -1.757058e-01 1.291649e-03 5.830107e-04 9.999990e-01 2.174153e+00
9.999761e-01 7.584980e-04 -6.878314e-03 1.484096e+00 -7.455859e-04 9.999980e-01 1.879583e-03 -1.931598e-01 6.879726e-03 -1.874409e-03 9.999746e-01 2.465910e+00
9.999978e-01 -1.898041e-03 -9.408185e-04 1.505876e+00 1.897050e-03 9.999976e-01 -1.052857e-03 -2.006979e-01 9.428143e-04 1.051069e-03 9.999990e-01 2.538621e+00
9.999759e-01 1.254600e-03 -6.823829e-03 1.536188e+00 -1.245941e-03 9.999984e-01 1.273061e-03 -1.950983e-01 6.825416e-03 -1.264527e-03 9.999759e-01 1.794063e+00
9.999923e-01 -3.892570e-03 -4.709831e-04 1.676885e+00 3.892861e-03 9.999922e-01 6.177498e-04 -2.276734e-01 4.685744e-04 -6.195792e-04 9.999997e-01 2.582671e+00
9.999852e-01 5.733493e-04 -5.411291e-03 2.123455e+00 -5.683796e-04 9.999994e-01 9.198766e-04 -2.671307e-01 5.411816e-03 -9.167866e-04 9.999849e-01 3.110712e+00
9.999945e-01 -3.152837e-03 -1.005743e-03 2.297649e+00 3.153172e-03 9.999950e-01 3.312329e-04 -2.948270e-01 1.004693e-03 -3.344031e-04 9.999994e-01 3.801439e+00
9.999914e-01 5.434424e-05 -4.137772e-03 2.511058e+00 -4.977807e-05 9.999994e-01 1.103614e-03 -3.299927e-01 4.137830e-03 -1.103398e-03 9.999908e-01 4.672646e+00
9.999947e-01 -3.226381e-03 3.408849e-04 2.731136e+00 3.226244e-03 9.999947e-01 3.992200e-04 -3.628590e-01 -3.421715e-04 -3.981188e-04 9.999999e-01 5.643941e+00
9.999573e-01 2.565053e-03 -8.879404e-03 2.691470e+00 -2.565842e-03 9.999967e-01 -7.741443e-05 -3.623059e-01 8.879176e-03 1.001950e-04 9.999606e-01 5.464903e+00
9.999927e-01 -3.749590e-03 6.900539e-04 2.755582e+00 3.748954e-03 9.999925e-01 9.195427e-04 -3.711304e-01 -6.934970e-04 -9.169498e-04 9.999993e-01 5.420934e+00
9.999641e-01 1.919524e-03 -8.251325e-03 2.901640e+00 -1.915888e-03 9.999981e-01 4.484653e-04 -3.927985e-01 8.252170e-03 -4.326399e-04 9.999659e-01 5.878406e+00
9.999820e-01 -4.573845e-03 3.880133e-03 3.021447e+00 4.572174e-03 9.999895e-01 4.393221e-04 -4.206152e-01 -3.882102e-03 -4.215742e-04 9.999924e-01 6.807763e+00
9.999943e-01 1.311098e-04 -3.365490e-03 3.119019e+00 -1.317245e-04 1.000000e+00 -1.824308e-04 -4.656619e-01 3.365467e-03 1.828738e-04 9.999943e-01 8.654662e+00
9.999582e-01 -6.364497e-03 6.568494e-03 3.250084e+00 6.363182e-03 9.999797e-01 2.210022e-04 -5.314966e-01 -6.569768e-03 -1.791971e-04 9.999784e-01 1.131636e+01
9.999901e-01 3.347314e-04 -4.436229e-03 3.502448e+00 -3.328260e-04 9.999999e-01 4.302296e-04 -5.919867e-01 4.436373e-03 -4.287482e-04 9.999901e-01 1.350896e+01
9.999845e-01 -4.393461e-03 3.429229e-03 3.647662e+00 4.391449e-03 9.999902e-01 5.940199e-04 -6.312560e-01 -3.431805e-03 -5.789521e-04 9.999939e-01 1.497405e+01
9.999834e-01 -5.760655e-04 -5.725174e-03 3.879582e+00 5.795262e-04 9.999997e-01 6.028253e-04 -6.803303e-01 5.724825e-03 -6.061325e-04 9.999834e-01 1.651526e+01
9.999885e-01 -3.890543e-03 2.789095e-03 4.275706e+00 3.888555e-03 9.999922e-01 7.177259e-04 -7.289764e-01 -2.791866e-03 -7.068728e-04 9.999959e-01 1.763418e+01
9.999627e-01 1.277100e-03 -8.543181e-03 4.467694e+00 -1.269522e-03 9.999988e-01 8.923525e-04 -7.591879e-01 8.544311e-03 -8.814727e-04 9.999631e-01 1.837129e+01
9.999846e-01 -4.739902e-03 2.903795e-03 4.750841e+00 4.739002e-03 9.999887e-01 3.167050e-04 -7.998178e-01 -2.905264e-03 -3.029397e-04 9.999957e-01 1.923110e+01
9.999780e-01 7.381954e-04 -6.596317e-03 5.113319e+00 -7.321897e-04 9.999993e-01 9.128207e-04 -8.432206e-01 6.596986e-03 -9.079701e-04 9.999778e-01 2.019559e+01
9.999819e-01 -4.524433e-03 3.977152e-03 5.272985e+00 4.525555e-03 9.999897e-01 -2.730361e-04 -8.805397e-01 -3.975876e-03 2.910293e-04 9.999921e-01 2.146678e+01
9.999707e-01 1.043955e-03 -7.587044e-03 5.432925e+00 -1.034052e-03 9.999986e-01 1.308999e-03 -9.155078e-01 7.588400e-03 -1.301115e-03 9.999704e-01 2.261433e+01
9.999881e-01 -4.019176e-03 2.758171e-03 5.599342e+00 4.020415e-03 9.999918e-01 -4.437397e-04 -9.447431e-01 -2.756365e-03 4.548228e-04 9.999961e-01 2.347908e+01
9.999671e-01 1.561250e-03 -7.965150e-03 5.719112e+00 -1.547114e-03 9.999972e-01 1.780661e-03 -9.723232e-01 7.967908e-03 -1.768279e-03 9.999667e-01 2.432647e+01
9.999854e-01 -4.219443e-03 3.388889e-03 5.851602e+00 4.221824e-03 9.999908e-01 -6.958289e-04 -1.002083e+00 -3.385923e-03 7.101253e-04 9.999940e-01 2.525336e+01
9.999404e-01 2.283236e-03 -1.067947e-02 5.956837e+00 -2.265731e-03 9.999961e-01 1.650938e-03 -1.023053e+00 1.068320e-02 -1.626642e-03 9.999416e-01 2.585351e+01
9.999926e-01 -3.390057e-03 1.812500e-03 5.957835e+00 3.391721e-03 9.999938e-01 -9.160879e-04 -1.030888e+00 -1.809384e-03 9.222280e-04 9.999979e-01 2.590473e+01
9.999404e-01 2.159649e-03 -1.070375e-02 6.044006e+00 -2.137734e-03 9.999956e-01 2.058457e-03 -1.043652e+00 1.070815e-02 -2.035452e-03 9.999406e-01 2.604077e+01
9.999922e-01 -3.422727e-03 1.957502e-03 6.129798e+00 3.425213e-03 9.999933e-01 -1.268254e-03 -1.055858e+00 -1.953149e-03 1.274949e-03 9.999973e-01 2.620325e+01
9.999455e-01 2.548796e-03 -1.012565e-02 6.222018e+00 -2.526672e-03 9.999944e-01 2.197172e-03 -1.066431e+00 1.013119e-02 -2.171467e-03 9.999463e-01 2.628827e+01
9.999829e-01 -3.971150e-03 4.284016e-03 6.291610e+00 3.977852e-03 9.999909e-01 -1.557117e-03 -1.085544e+00 -4.277794e-03 1.574130e-03 9.999896e-01 2.694565e+01
9.999444e-01 2.308476e-03 -1.029324e-02 6.382124e+00 -2.286699e-03 9.999951e-01 2.126900e-03 -1.103723e+00 1.029810e-02 -2.103244e-03 9.999448e-01 2.753158e+01
9.999926e-01 -3.210777e-03 2.139014e-03 6.478687e+00 3.213885e-03 9.999938e-01 -1.451444e-03 -1.116782e+00 -2.134340e-03 1.458307e-03 9.999967e-01 2.780131e+01
9.999458e-01 2.241658e-03 -1.016567e-02 6.590364e+00 -2.218594e-03 9.999949e-01 2.279583e-03 -1.132023e+00 1.017073e-02 -2.256905e-03 9.999457e-01 2.807779e+01
9.999908e-01 -3.281424e-03 2.766203e-03 6.688439e+00 3.285853e-03 9.999933e-01 -1.598463e-03 -1.147402e+00 -2.760939e-03 1.607537e-03 9.999949e-01 2.842044e+01
9.999522e-01 2.173497e-03 -9.533812e-03 6.763834e+00 -2.150899e-03 9.999949e-01 2.379937e-03 -1.163259e+00 9.538936e-03 -2.359316e-03 9.999517e-01 2.891583e+01
9.999974e-01 -2.253379e-03 2.898489e-04 6.856474e+00 2.254148e-03 9.999939e-01 -2.680204e-03 -1.167193e+00 -2.838080e-04 2.680849e-03 9.999964e-01 2.858640e+01
9.999678e-01 1.034369e-03 -7.953875e-03 7.109034e+00 -1.003757e-03 9.999921e-01 3.851748e-03 -1.184070e+00 7.957797e-03 -3.843639e-03 9.999609e-01 2.860144e+01
9.999970e-01 -2.157640e-03 1.153578e-03 7.173851e+00 2.161544e-03 9.999919e-01 -3.393913e-03 -1.198574e+00 -1.146247e-03 3.396396e-03 9.999936e-01 2.906291e+01
9.999812e-01 6.167458e-04 -6.100936e-03 7.202259e+00 -5.940373e-04 9.999929e-01 3.723231e-03 -1.217327e+00 6.103189e-03 -3.719536e-03 9.999745e-01 2.981729e+01
9.999977e-01 -1.551270e-03 -1.473825e-03 7.286937e+00 1.546745e-03 9.999941e-01 -3.066354e-03 -1.230669e+00 1.478573e-03 3.064067e-03 9.999942e-01 3.018463e+01
9.999876e-01 3.042112e-04 -4.971591e-03 7.380435e+00 -2.866980e-04 9.999938e-01 3.522974e-03 -1.247005e+00 4.972632e-03 -3.521504e-03 9.999814e-01 3.059098e+01
9.999969e-01 -2.417543e-03 6.376650e-04 7.439794e+00 2.419715e-03 9.999912e-01 -3.428577e-03 -1.269931e+00 -6.293710e-04 3.430108e-03 9.999939e-01 3.146346e+01
9.999733e-01 1.139688e-03 -7.212106e-03 7.549779e+00 -1.111027e-03 9.999915e-01 3.976653e-03 -1.285601e+00 7.216577e-03 -3.968534e-03 9.999661e-01 3.194564e+01
9.999983e-01 -1.738762e-03 -6.134896e-04 7.680585e+00 1.736221e-03 9.999900e-01 -4.118353e-03 -1.291762e+00 6.206439e-04 4.117280e-03 9.999913e-01 3.178141e+01
9.999718e-01 2.002465e-03 -7.242340e-03 7.667241e+00 -1.976322e-03 9.999915e-01 3.615119e-03 -1.285754e+00 7.249518e-03 -3.600703e-03 9.999672e-01 3.132553e+01
9.999979e-01 -2.037441e-03 -1.665537e-04 7.723333e+00 2.036798e-03 9.999908e-01 -3.772458e-03 -1.284229e+00 1.742379e-04 3.772110e-03 9.999929e-01 3.096347e+01
9.999724e-01 1.260414e-03 -7.328506e-03 7.689452e+00 -1.234835e-03 9.999931e-01 3.493837e-03 -1.286773e+00 7.332860e-03 -3.484690e-03 9.999670e-01 3.108524e+01
9.999991e-01 -8.256994e-04 1.031591e-03 7.603182e+00 8.309645e-04 9.999866e-01 -5.114002e-03 -1.268565e+00 -1.027355e-03 5.114854e-03 9.999864e-01 3.013075e+01
9.999571e-01 1.477988e-03 -9.138870e-03 7.628240e+00 -1.438393e-03 9.999896e-01 4.337665e-03 -1.258529e+00 9.145186e-03 -4.324333e-03 9.999488e-01 2.933363e+01
9.999976e-01 -1.235629e-03 1.781645e-03 7.663887e+00 1.244509e-03 9.999868e-01 -4.991665e-03 -1.249214e+00 -1.775454e-03 4.993870e-03 9.999860e-01 2.857009e+01
9.999548e-01 -1.104287e-04 -9.508126e-03 7.794398e+00 1.669879e-04 9.999823e-01 5.947917e-03 -1.267676e+00 9.507301e-03 -5.949236e-03 9.999371e-01 2.893388e+01
9.999985e-01 -1.290738e-03 1.136967e-03 8.033245e+00 1.297017e-03 9.999838e-01 -5.539399e-03 -1.286653e+00 -1.129799e-03 5.540865e-03 9.999840e-01 2.904164e+01
9.999622e-01 1.716128e-03 -8.529342e-03 8.166677e+00 -1.671856e-03 9.999851e-01 5.194875e-03 -1.283170e+00 8.538131e-03 -5.180418e-03 9.999501e-01 2.834591e+01
9.999978e-01 -1.997176e-03 5.990252e-04 8.292950e+00 2.000031e-03 9.999865e-01 -4.803600e-03 -1.289558e+00 -5.894238e-04 4.804787e-03 9.999883e-01 2.818614e+01
9.999565e-01 9.229239e-04 -9.276490e-03 8.399464e+00 -8.693582e-04 9.999829e-01 5.776709e-03 -1.303643e+00 9.281664e-03 -5.768393e-03 9.999403e-01 2.843154e+01
9.999989e-01 -1.378166e-03 4.520263e-04 8.490947e+00 1.380516e-03 9.999853e-01 -5.241249e-03 -1.311571e+00 -4.447967e-04 5.241866e-03 9.999862e-01 2.833788e+01
9.999577e-01 5.598227e-04 -9.177570e-03 8.558363e+00 -5.038026e-04 9.999812e-01 6.105180e-03 -1.320346e+00 9.180816e-03 -6.100298e-03 9.999392e-01 2.836075e+01
9.999990e-01 -1.382040e-03 2.913782e-04 8.594720e+00 1.383523e-03 9.999858e-01 -5.152308e-03 -1.330130e+00 -2.842537e-04 5.152705e-03 9.999867e-01 2.855175e+01
9.999581e-01 5.343027e-04 -9.136511e-03 8.616754e+00 -4.796959e-04 9.999820e-01 5.977897e-03 -1.337759e+00 9.139541e-03 -5.973263e-03 9.999404e-01 2.861127e+01
9.999988e-01 -1.543064e-03 2.349341e-04 8.741153e+00 1.544226e-03 9.999862e-01 -5.029796e-03 -1.355006e+00 -2.271699e-04 5.030152e-03 9.999873e-01 2.886420e+01
9.999745e-01 -1.280539e-04 -7.143252e-03 8.851063e+00 1.716123e-04 9.999814e-01 6.097538e-03 -1.375977e+00 7.142339e-03 -6.098607e-03 9.999559e-01 2.940332e+01
9.999983e-01 -6.348936e-04 -1.753900e-03 8.897057e+00 6.250756e-04 9.999842e-01 -5.592599e-03 -1.382981e+00 1.757423e-03 5.591492e-03 9.999828e-01 2.947127e+01
9.999752e-01 -3.778119e-04 -7.030958e-03 8.973760e+00 4.237019e-04 9.999786e-01 6.526482e-03 -1.399023e+00 7.028342e-03 -6.529298e-03 9.999540e-01 2.975160e+01
9.999930e-01 -2.037015e-03 3.126665e-03 9.050853e+00 2.054643e-03 9.999820e-01 -5.645171e-03 -1.428516e+00 -3.115109e-03 5.651555e-03 9.999792e-01 3.081670e+01
9.999858e-01 -9.812388e-04 -5.238301e-03 9.119953e+00 1.012524e-03 9.999816e-01 5.973056e-03 -1.462515e+00 5.232344e-03 -5.978274e-03 9.999684e-01 3.220598e+01
9.999954e-01 -2.021828e-03 2.260725e-03 9.212336e+00 2.034406e-03 9.999824e-01 -5.575221e-03 -1.495813e+00 -2.249413e-03 5.579794e-03 9.999819e-01 3.348830e+01
9.999838e-01 -8.541191e-04 -5.628373e-03 9.280344e+00 8.872158e-04 9.999823e-01 5.880429e-03 -1.527401e+00 5.623252e-03 -5.885327e-03 9.999669e-01 3.472484e+01
9.999963e-01 -1.264950e-03 2.410712e-03 9.326576e+00 1.278112e-03 9.999842e-01 -5.466369e-03 -1.554291e+00 -2.403759e-03 5.469429e-03 9.999822e-01 3.582146e+01
9.999613e-01 -7.162408e-05 -8.802238e-03 9.414813e+00 1.255328e-04 9.999812e-01 6.124010e-03 -1.570879e+00 8.801635e-03 -6.124877e-03 9.999425e-01 3.638701e+01
9.999994e-01 -1.062198e-03 1.362222e-04 9.518495e+00 1.062929e-03 9.999844e-01 -5.486508e-03 -1.589120e+00 -1.303927e-04 5.486649e-03 9.999849e-01 3.676619e+01
9.999776e-01 -4.706554e-04 -6.675395e-03 9.637054e+00 5.141135e-04 9.999787e-01 6.509943e-03 -1.608614e+00 6.672189e-03 -6.513229e-03 9.999565e-01 3.732244e+01
9.999982e-01 -4.055931e-04 -1.880084e-03 9.727691e+00 3.949681e-04 9.999840e-01 -5.648214e-03 -1.623712e+00 1.882344e-03 5.647460e-03 9.999823e-01 3.763425e+01
9.999902e-01 -1.171379e-03 -4.272300e-03 9.821453e+00 1.197225e-03 9.999810e-01 6.052058e-03 -1.643368e+00 4.265130e-03 -6.057113e-03 9.999726e-01 3.821805e+01
9.999982e-01 -8.104296e-04 -1.689826e-03 9.918095e+00 8.010002e-04 9.999841e-01 -5.573259e-03 -1.666818e+00 1.694315e-03 5.571895e-03 9.999830e-01 3.898325e+01
9.999954e-01 -3.036228e-03 -2.243317e-04 1.002574e+01 3.037472e-03 9.999787e-01 5.769138e-03 -1.708008e+00 2.068109e-04 -5.769792e-03 9.999833e-01 4.050808e+01
9.999917e-01 -2.494180e-03 3.234886e-03 1.010614e+01 2.514212e-03 9.999776e-01 -6.203338e-03 -1.766264e+00 -3.219342e-03 6.211419e-03 9.999755e-01 4.294345e+01
9.999980e-01 -1.949731e-03 -3.547479e-04 1.014315e+01 1.951939e-03 9.999780e-01 6.332038e-03 -1.817491e+00 3.423947e-04 -6.332717e-03 9.999799e-01 4.527115e+01
9.999896e-01 -2.963834e-03 3.452566e-03 1.015738e+01 2.986679e-03 9.999736e-01 -6.630712e-03 -1.869944e+00 -3.432822e-03 6.640954e-03 9.999721e-01 4.767488e+01
9.999832e-01 -4.085932e-03 4.110352e-03 1.015516e+01 4.061556e-03 9.999742e-01 5.921405e-03 -1.943572e+00 -4.134440e-03 -5.904611e-03 9.999740e-01 5.107972e+01
9.999990e-01 -1.157092e-03 -8.588376e-04 1.022463e+01 1.151970e-03 9.999817e-01 -5.939433e-03 -2.002983e+00 8.656940e-04 5.938437e-03 9.999820e-01 5.368105e+01
9.999983e-01 -1.753987e-03 -5.110664e-04 1.024100e+01 1.757343e-03 9.999764e-01 6.641954e-03 -2.036580e+00 4.994048e-04 -6.642840e-03 9.999778e-01 5.521277e+01
9.999960e-01 -1.333024e-03 -2.494834e-03 1.033157e+01 1.319140e-03 9.999837e-01 -5.558430e-03 -2.068538e+00 2.502202e-03 5.555116e-03 9.999814e-01 5.647852e+01
9.999964e-01 -8.435013e-04 -2.546930e-03 1.045029e+01 8.600980e-04 9.999784e-01 6.522242e-03 -2.092705e+00 2.541373e-03 -6.524408e-03 9.999755e-01 5.725309e+01
9.999917e-01 -5.114376e-04 -4.048208e-03 1.055620e+01 4.886277e-04 9.999840e-01 -5.633495e-03 -2.111170e+00 4.051024e-03 5.631469e-03 9.999759e-01 5.776369e+01
9.999951e-01 -9.840746e-04 -2.974818e-03 1.068850e+01 1.002024e-03 9.999813e-01 6.038371e-03 -2.129526e+00 2.968821e-03 -6.041322e-03 9.999773e-01 5.821928e+01
9.999848e-01 -4.093766e-05 -5.511140e-03 1.082245e+01 1.002134e-05 9.999843e-01 -5.609664e-03 -2.145709e+00 5.511283e-03 5.609523e-03 9.999691e-01 5.848462e+01
9.999975e-01 -2.219915e-03 -1.796209e-04 1.095986e+01 2.220992e-03 9.999781e-01 6.236526e-03 -2.170914e+00 1.657728e-04 -6.236909e-03 9.999805e-01 5.918928e+01
9.999877e-01 -2.284859e-05 -4.958239e-03 1.109427e+01 -5.307060e-06 9.999839e-01 -5.678433e-03 -2.197094e+00 4.958289e-03 5.678389e-03 9.999716e-01 5.999451e+01
9.999967e-01 -1.865318e-03 -1.755915e-03 1.126109e+01 1.876407e-03 9.999782e-01 6.334888e-03 -2.218921e+00 1.744061e-03 -6.338162e-03 9.999784e-01 6.049577e+01
9.999881e-01 5.054497e-04 -4.845715e-03 1.147600e+01 -5.331772e-04 9.999835e-01 -5.722444e-03 -2.238970e+00 4.842743e-03 5.724959e-03 9.999719e-01 6.081341e+01
9.999963e-01 -1.802591e-03 -2.016321e-03 1.167052e+01 1.815049e-03 9.999792e-01 6.193734e-03 -2.256813e+00 2.005114e-03 -6.197371e-03 9.999788e-01 6.109895e+01
9.999896e-01 3.567612e-04 -4.550344e-03 1.182240e+01 -3.832006e-04 9.999830e-01 -5.810820e-03 -2.276438e+00 4.548194e-03 5.812503e-03 9.999728e-01 6.157956e+01
9.999960e-01 -1.821355e-03 -2.174723e-03 1.198797e+01 1.835043e-03 9.999784e-01 6.308539e-03 -2.296003e+00 2.163186e-03 -6.312504e-03 9.999777e-01 6.201644e+01
9.999854e-01 1.022055e-03 -5.311005e-03 1.222016e+01 -1.052904e-03 9.999826e-01 -5.808888e-03 -2.310945e+00 5.304975e-03 5.814395e-03 9.999690e-01 6.206094e+01
9.999955e-01 -2.534113e-03 -1.611232e-03 1.234601e+01 2.544366e-03 9.999763e-01 6.393079e-03 -2.327554e+00 1.594994e-03 -6.397149e-03 9.999783e-01 6.239917e+01
9.999788e-01 1.704722e-03 -6.284907e-03 1.246397e+01 -1.739766e-03 9.999829e-01 -5.574610e-03 -2.340959e+00 6.275296e-03 5.585425e-03 9.999647e-01 6.265434e+01
9.999983e-01 -1.427563e-03 -1.170857e-03 1.265655e+01 1.433893e-03 9.999843e-01 5.423253e-03 -2.342830e+00 1.163097e-03 -5.424922e-03 9.999846e-01 6.218613e+01
9.999790e-01 2.146632e-03 -6.118260e-03 1.279002e+01 -2.184318e-03 9.999786e-01 -6.159658e-03 -2.337359e+00 6.104906e-03 6.172892e-03 9.999623e-01 6.147680e+01
9.999986e-01 -1.463000e-03 -7.772398e-04 1.286207e+01 1.466816e-03 9.999868e-01 4.932308e-03 -2.326528e+00 7.700139e-04 -4.933440e-03 9.999875e-01 6.063317e+01
9.999754e-01 2.155024e-03 -6.671508e-03 1.293308e+01 -2.193809e-03 9.999807e-01 -5.811663e-03 -2.318197e+00 6.658854e-03 5.826156e-03 9.999609e-01 5.989009e+01
9.999988e-01 -1.501059e-03 -4.173078e-04 1.301958e+01 1.503014e-03 9.999877e-01 4.724501e-03 -2.308376e+00 4.102113e-04 -4.725122e-03 9.999888e-01 5.905315e+01
9.999813e-01 2.506637e-03 -5.577502e-03 1.313621e+01 -2.542195e-03 9.999764e-01 -6.377238e-03 -2.295074e+00 5.561385e-03 6.391298e-03 9.999641e-01 5.803983e+01
9.999984e-01 -1.720454e-03 -5.671549e-04 1.321113e+01 1.723010e-03 9.999882e-01 4.536946e-03 -2.279721e+00 5.593429e-04 -4.537915e-03 9.999895e-01 5.698112e+01
9.999869e-01 2.533776e-03 -4.451965e-03 1.323261e+01 -2.564204e-03 9.999733e-01 -6.842341e-03 -2.259045e+00 4.434509e-03 6.853667e-03 9.999667e-01 5.573916e+01
9.999979e-01 -1.858542e-03 -8.260440e-04 1.322793e+01 1.862257e-03 9.999881e-01 4.519399e-03 -2.237713e+00 8.176349e-04 -4.520927e-03 9.999894e-01 5.452308e+01
9.999837e-01 2.428772e-03 -5.175551e-03 1.320932e+01 -2.461929e-03 9.999764e-01 -6.409600e-03 -2.219794e+00 5.159862e-03 6.422236e-03 9.999661e-01 5.348499e+01
9.999987e-01 -1.585560e-03 -9.295654e-05 1.331110e+01 1.585941e-03 9.999897e-01 4.251957e-03 -2.202313e+00 8.621419e-05 -4.252098e-03 9.999910e-01 5.228541e+01
9.999803e-01 2.261017e-03 -5.862410e-03 1.325232e+01 -2.297555e-03 9.999779e-01 -6.233173e-03 -2.180365e+00 5.848187e-03 6.246519e-03 9.999634e-01 5.120004e+01
9.999976e-01 -1.513315e-03 1.558325e-03 1.323488e+01 1.507816e-03 9.999927e-01 3.523811e-03 -2.156364e+00 -1.563646e-03 -3.521453e-03 9.999926e-01 4.988976e+01
9.999797e-01 2.572617e-03 -5.824886e-03 1.325669e+01 -2.610780e-03 9.999751e-01 -6.553503e-03 -2.130210e+00 5.807881e-03 6.568577e-03 9.999616e-01 4.842860e+01
9.999970e-01 -1.701912e-03 1.771451e-03 1.329482e+01 1.695269e-03 9.999916e-01 3.744779e-03 -2.106329e+00 -1.777809e-03 -3.741764e-03 9.999914e-01 4.705194e+01
9.999749e-01 2.569696e-03 -6.596150e-03 1.334810e+01 -2.611443e-03 9.999766e-01 -6.328237e-03 -2.084687e+00 6.579734e-03 6.345303e-03 9.999582e-01 4.572176e+01
9.999980e-01 -1.765060e-03 9.767179e-04 1.347069e+01 1.760641e-03 9.999883e-01 4.507259e-03 -2.072081e+00 -9.846617e-04 -4.505530e-03 9.999894e-01 4.455139e+01
9.999750e-01 2.395816e-03 -6.658995e-03 1.352775e+01 -2.435190e-03 9.999796e-01 -5.911092e-03 -2.055713e+00 6.644697e-03 5.927159e-03 9.999604e-01 4.338154e+01
9.999981e-01 -1.511221e-03 1.215150e-03 1.363872e+01 1.506651e-03 9.999918e-01 3.753255e-03 -2.038498e+00 -1.220811e-03 -3.751417e-03 9.999922e-01 4.217107e+01
9.999689e-01 2.377300e-03 -7.518875e-03 1.375230e+01 -2.417564e-03 9.999828e-01 -5.350511e-03 -2.025343e+00 7.506025e-03 5.368521e-03 9.999574e-01 4.113457e+01
9.999979e-01 -1.612456e-03 1.248247e-03 1.385934e+01 1.607819e-03 9.999918e-01 3.706865e-03 -2.011464e+00 -1.254213e-03 -3.704850e-03 9.999924e-01 4.005901e+01
9.999739e-01 2.428457e-03 -6.811704e-03 1.392504e+01 -2.468450e-03 9.999797e-01 -5.868930e-03 -1.992549e+00 6.797313e-03 5.885590e-03 9.999596e-01 3.881840e+01
9.999982e-01 -1.725469e-03 7.261593e-04 1.399666e+01 1.722497e-03 9.999902e-01 4.074005e-03 -1.977002e+00 -7.331815e-04 -4.072747e-03 9.999914e-01 3.771438e+01
9.999818e-01 2.575362e-03 -5.450198e-03 1.404430e+01 -2.611244e-03 9.999749e-01 -6.586720e-03 -1.955597e+00 5.433098e-03 6.600832e-03 9.999635e-01 3.638520e+01
9.999982e-01 -1.867993e-03 -4.271560e-04 1.410526e+01 1.869956e-03 9.999875e-01 4.641187e-03 -1.938680e+00 4.184812e-04 -4.641977e-03 9.999891e-01 3.524817e+01
9.999851e-01 2.796036e-03 -4.689389e-03 1.408003e+01 -2.830184e-03 9.999694e-01 -7.291198e-03 -1.914141e+00 4.668858e-03 7.304361e-03 9.999624e-01 3.391828e+01
9.999964e-01 -2.044576e-03 1.759341e-03 1.402224e+01 2.037626e-03 9.999901e-01 3.943332e-03 -1.883321e+00 -1.767385e-03 -3.939732e-03 9.999907e-01 3.236322e+01
9.999797e-01 2.938240e-03 -5.660741e-03 1.404557e+01 -2.977445e-03 9.999716e-01 -6.929885e-03 -1.857568e+00 5.640218e-03 6.946598e-03 9.999600e-01 3.090257e+01
9.999965e-01 -1.809215e-03 1.943956e-03 1.401560e+01 1.802490e-03 9.999924e-01 3.455894e-03 -1.826628e+00 -1.950193e-03 -3.452377e-03 9.999921e-01 2.930376e+01
9.999849e-01 2.653249e-03 -4.807262e-03 1.397130e+01 -2.686484e-03 9.999724e-01 -6.920263e-03 -1.795053e+00 4.788768e-03 6.933073e-03 9.999645e-01 2.771553e+01
9.999980e-01 -1.797044e-03 9.274848e-04 1.397108e+01 1.793447e-03 9.999909e-01 3.865664e-03 -1.768822e+00 -9.344228e-04 -3.863992e-03 9.999921e-01 2.628504e+01
9.999833e-01 2.729476e-03 -5.103691e-03 1.396608e+01 -2.764575e-03 9.999725e-01 -6.882636e-03 -1.742525e+00 5.084764e-03 6.896630e-03 9.999633e-01 2.484350e+01
9.999958e-01 -2.877239e-03 1.925446e-04 1.400288e+01 2.875967e-03 9.999760e-01 6.309212e-03 -1.739351e+00 -2.106928e-04 -6.308631e-03 9.999801e-01 2.451105e+01
9.999711e-01 3.944998e-03 -6.505471e-03 1.418359e+01 -3.989166e-03 9.999690e-01 -6.790415e-03 -1.738042e+00 6.478481e-03 6.816169e-03 9.999558e-01 2.402003e+01
9.999931e-01 -3.110839e-03 2.009510e-03 1.408787e+01 3.103053e-03 9.999877e-01 3.866107e-03 -1.707882e+00 -2.021512e-03 -3.859844e-03 9.999905e-01 2.267462e+01
9.999663e-01 3.437472e-03 -7.454039e-03 1.395589e+01 -3.481593e-03 9.999765e-01 -5.914157e-03 -1.685685e+00 7.433533e-03 5.939909e-03 9.999547e-01 2.165487e+01
9.999887e-01 -2.293092e-03 4.157446e-03 1.386875e+01 2.284314e-03 9.999952e-01 2.114924e-03 -1.651012e+00 -4.162276e-03 -2.105402e-03 9.999891e-01 1.999932e+01
9.999803e-01 3.003244e-03 -5.505126e-03 1.374447e+01 -3.037942e-03 9.999755e-01 -6.305317e-03 -1.611703e+00 5.486055e-03 6.321917e-03 9.999650e-01 1.818094e+01
9.999952e-01 -2.096585e-03 2.282004e-03 1.370660e+01 2.090197e-03 9.999939e-01 2.798251e-03 -1.581079e+00 -2.287856e-03 -2.793467e-03 9.999935e-01 1.662339e+01
9.999840e-01 3.107348e-03 -4.720060e-03 1.362395e+01 -3.139575e-03 9.999717e-01 -6.835459e-03 -1.544786e+00 4.698686e-03 6.850169e-03 9.999655e-01 1.486145e+01
9.999966e-01 -2.531125e-03 6.625051e-04 1.360636e+01 2.528444e-03 9.999887e-01 4.017345e-03 -1.519686e+00 -6.726658e-04 -4.015656e-03 9.999917e-01 1.349097e+01
9.999777e-01 3.452431e-03 -5.719409e-03 1.367399e+01 -3.488509e-03 9.999740e-01 -6.309981e-03 -1.500569e+00 5.697475e-03 6.329792e-03 9.999637e-01 1.226725e+01
9.999963e-01 -2.683992e-03 5.398482e-04 1.374704e+01 2.681724e-03 9.999878e-01 4.160164e-03 -1.482643e+00 -5.510072e-04 -4.158700e-03 9.999912e-01 1.108537e+01
9.999723e-01 3.300611e-03 -6.678535e-03 1.383628e+01 -3.337346e-03 9.999793e-01 -5.496788e-03 -1.470931e+00 6.660254e-03 5.518924e-03 9.999626e-01 1.017638e+01
9.999936e-01 -3.574548e-03 -2.572907e-04 1.398423e+01 3.575974e-03 9.999769e-01 5.772424e-03 -1.476062e+00 2.366512e-04 -5.773306e-03 9.999833e-01 9.935493e+00
9.999695e-01 4.141706e-03 -6.616295e-03 1.408129e+01 -4.185319e-03 9.999695e-01 -6.591432e-03 -1.469532e+00 6.588793e-03 6.618922e-03 9.999564e-01 9.231121e+00
9.999940e-01 -3.268325e-03 1.116733e-03 1.418333e+01 3.263210e-03 9.999843e-01 4.552082e-03 -1.452587e+00 -1.131593e-03 -4.548410e-03 9.999890e-01 8.034213e+00
9.999651e-01 3.713141e-03 -7.484538e-03 1.433595e+01 -3.753073e-03 9.999788e-01 -5.328209e-03 -1.447467e+00 7.464595e-03 5.356112e-03 9.999578e-01 7.273144e+00
9.999945e-01 -3.221180e-03 8.195019e-04 1.450925e+01 3.217473e-03 9.999848e-01 4.485353e-03 -1.442641e+00 -8.339373e-04 -4.482691e-03 9.999896e-01 6.523682e+00
9.999702e-01 4.281981e-03 -6.420562e-03 1.465147e+01 -4.322595e-03 9.999707e-01 -6.325029e-03 -1.428251e+00 6.393290e-03 6.352594e-03 9.999594e-01 5.407481e+00
9.999937e-01 -3.542003e-03 1.030206e-04 1.469510e+01 3.541487e-03 9.999829e-01 4.644594e-03 -1.412762e+00 -1.194697e-04 -4.644199e-03 9.999892e-01 4.411345e+00
9.999792e-01 4.256963e-03 -4.855524e-03 1.464701e+01 -4.291694e-03 9.999651e-01 -7.164840e-03 -1.388781e+00 4.824854e-03 7.185529e-03 9.999625e-01 3.157380e+00
9.999935e-01 -3.382183e-03 1.252294e-03 1.457209e+01 3.377410e-03 9.999871e-01 3.794540e-03 -1.357220e+00 -1.265111e-03 -3.790285e-03 9.999920e-01 1.631874e+00
9.999815e-01 4.738275e-03 -3.812507e-03 1.455646e+01 -4.768089e-03 9.999578e-01 -7.849078e-03 -1.323561e+00 3.775155e-03 7.867110e-03 9.999619e-01 -1.221419e-01
9.999921e-01 -3.673186e-03 1.515560e-03 1.452554e+01 3.667585e-03 9.999865e-01 3.682064e-03 -1.287296e+00 -1.529064e-03 -3.676476e-03 9.999921e-01 -2.018198e+00
9.999813e-01 4.525531e-03 -4.109847e-03 1.446174e+01 -4.555893e-03 9.999622e-01 -7.408472e-03 -1.252980e+00 4.076164e-03 7.427057e-03 9.999641e-01 -3.733587e+00
9.999927e-01 -3.665715e-03 -1.088007e-03 1.444538e+01 3.670555e-03 9.999832e-01 4.480448e-03 -1.227712e+00 1.071565e-03 -4.484409e-03 9.999894e-01 -5.158332e+00
9.999805e-01 4.486503e-03 -4.343880e-03 1.445016e+01 -4.515939e-03 9.999667e-01 -6.790409e-03 -1.205747e+00 4.313270e-03 6.809892e-03 9.999675e-01 -6.454580e+00
9.999931e-01 -3.664915e-03 -6.430564e-04 1.449043e+01 3.667716e-03 9.999835e-01 4.410089e-03 -1.186011e+00 6.268835e-04 -4.412417e-03 9.999901e-01 -7.668813e+00
9.999749e-01 4.527297e-03 -5.442611e-03 1.456545e+01 -4.561096e-03 9.999703e-01 -6.213715e-03 -1.170425e+00 5.414318e-03 6.238383e-03 9.999659e-01 -8.757003e+00
9.999929e-01 -3.746146e-03 5.142675e-04 1.459428e+01 3.744173e-03 9.999858e-01 3.784165e-03 -1.149602e+00 -5.284360e-04 -3.782212e-03 9.999927e-01 -9.974576e+00
9.999798e-01 4.426545e-03 -4.567606e-03 1.457918e+01 -4.456174e-03 9.999690e-01 -6.497021e-03 -1.125074e+00 4.538705e-03 6.517243e-03 9.999685e-01 -1.129031e+01
9.999932e-01 -3.659286e-03 3.947612e-04 1.455735e+01 3.657795e-03 9.999864e-01 3.715153e-03 -1.100440e+00 -4.083504e-04 -3.713684e-03 9.999930e-01 -1.263948e+01
9.999824e-01 4.652550e-03 -3.670090e-03 1.454763e+01 -4.679005e-03 9.999629e-01 -7.232846e-03 -1.069648e+00 3.636303e-03 7.249890e-03 9.999671e-01 -1.427574e+01
9.999929e-01 -3.642129e-03 9.957258e-04 1.443534e+01 3.638947e-03 9.999883e-01 3.178792e-03 -1.032015e+00 -1.007292e-03 -3.175145e-03 9.999945e-01 -1.604222e+01
9.999843e-01 4.640454e-03 -3.156559e-03 1.440918e+01 -4.662802e-03 9.999639e-01 -7.109448e-03 -9.988261e-01 3.123453e-03 7.124054e-03 9.999697e-01 -1.778411e+01
9.999914e-01 -3.902348e-03 -1.379147e-03 1.447491e+01 3.908574e-03 9.999821e-01 4.541018e-03 -9.769814e-01 1.361402e-03 -4.546369e-03 9.999887e-01 -1.911723e+01
9.999828e-01 4.503600e-03 -3.746953e-03 1.444797e+01 -4.528982e-03 9.999667e-01 -6.793141e-03 -9.555402e-01 3.716235e-03 6.809993e-03 9.999699e-01 -2.023600e+01
9.999925e-01 -3.780449e-03 -8.534791e-04 1.436883e+01 3.783926e-03 9.999844e-01 4.108685e-03 -9.295243e-01 8.379333e-04 -4.111883e-03 9.999912e-01 -2.146889e+01
9.999839e-01 4.750039e-03 -3.118969e-03 1.440114e+01 -4.771132e-03 9.999656e-01 -6.790397e-03 -9.067692e-01 3.086606e-03 6.805168e-03 9.999721e-01 -2.276037e+01
9.999914e-01 -3.922559e-03 -1.312849e-03 1.434868e+01 3.927801e-03 9.999842e-01 4.014114e-03 -8.806297e-01 1.297083e-03 -4.019236e-03 9.999911e-01 -2.404091e+01
9.999847e-01 4.695262e-03 -2.934156e-03 1.433222e+01 -4.714683e-03 9.999668e-01 -6.647498e-03 -8.565366e-01 2.902847e-03 6.661229e-03 9.999736e-01 -2.529672e+01
9.999905e-01 -4.044487e-03 -1.630287e-03 1.432012e+01 4.051058e-03 9.999836e-01 4.047478e-03 -8.334701e-01 1.613890e-03 -4.054044e-03 9.999905e-01 -2.657574e+01
9.999843e-01 4.664817e-03 -3.098530e-03 1.426695e+01 -4.684795e-03 9.999681e-01 -6.471632e-03 -8.110182e-01 3.068242e-03 6.486046e-03 9.999743e-01 -2.770723e+01
9.999926e-01 -3.418231e-03 1.746581e-03 1.401631e+01 3.415014e-03 9.999925e-01 1.841747e-03 -7.650228e-01 -1.752863e-03 -1.835768e-03 9.999968e-01 -2.956974e+01
9.999853e-01 4.246078e-03 -3.378468e-03 1.382630e+01 -4.267209e-03 9.999712e-01 -6.272241e-03 -7.225097e-01 3.351738e-03 6.286565e-03 9.999746e-01 -3.141978e+01
9.999952e-01 -3.094422e-03 1.378138e-04 1.384152e+01 3.093985e-03 9.999905e-01 3.070471e-03 -6.956941e-01 -1.473136e-04 -3.070029e-03 9.999953e-01 -3.286250e+01
9.999806e-01 4.782039e-03 -3.998268e-03 1.514657e+01 -4.796598e-03 9.999819e-01 -3.639587e-03 -7.036701e-01 3.980791e-03 3.658694e-03 9.999854e-01 -3.421072e+01
9.999784e-01 -6.563190e-03 -2.791385e-04 1.549310e+01 6.564339e-03 9.999691e-01 4.332835e-03 -7.300591e-01 2.506928e-04 -4.334574e-03 9.999906e-01 -3.374824e+01
9.999627e-01 5.080252e-03 -6.989588e-03 1.568508e+01 -5.109221e-03 9.999784e-01 -4.133030e-03 -7.495601e-01 6.968440e-03 4.168587e-03 9.999670e-01 -3.339737e+01
9.999907e-01 -4.210920e-03 8.927864e-04 1.574335e+01 4.208714e-03 9.999881e-01 2.459586e-03 -7.354946e-01 -9.031327e-04 -2.455805e-03 9.999966e-01 -3.434887e+01
9.999793e-01 5.071176e-03 -3.963324e-03 1.570089e+01 -5.094804e-03 9.999692e-01 -5.974361e-03 -7.039788e-01 3.932905e-03 5.994429e-03 9.999743e-01 -3.590153e+01
9.999866e-01 -4.555280e-03 2.466452e-03 1.541468e+01 4.550578e-03 9.999878e-01 1.909127e-03 -6.587188e-01 -2.475118e-03 -1.897877e-03 9.999951e-01 -3.763090e+01
9.999784e-01 4.619432e-03 -4.684698e-03 1.526388e+01 -4.643307e-03 9.999762e-01 -5.098375e-03 -6.258691e-01 4.661035e-03 5.120017e-03 9.999760e-01 -3.904614e+01
9.999933e-01 -3.599192e-03 -6.430291e-04 1.536581e+01 3.601000e-03 9.999895e-01 2.832856e-03 -6.093904e-01 6.328265e-04 -2.835152e-03 9.999958e-01 -4.016137e+01
9.999829e-01 4.672854e-03 -3.528885e-03 1.548727e+01 -4.692991e-03 9.999726e-01 -5.719660e-03 -5.872025e-01 3.502061e-03 5.736122e-03 9.999774e-01 -4.157237e+01
9.999928e-01 -3.489929e-03 -1.518551e-03 1.568105e+01 3.494795e-03 9.999887e-01 3.213422e-03 -5.729284e-01 1.507319e-03 -3.218706e-03 9.999937e-01 -4.289553e+01
9.999835e-01 4.272024e-03 -3.836191e-03 1.578121e+01 -4.290519e-03 9.999792e-01 -4.825962e-03 -5.565619e-01 3.815494e-03 4.842341e-03 9.999810e-01 -4.408561e+01
9.999922e-01 -3.431248e-03 -1.974465e-03 1.592071e+01 3.437526e-03 9.999890e-01 3.184947e-03 -5.455928e-01 1.963515e-03 -3.191709e-03 9.999930e-01 -4.499476e+01
9.999812e-01 3.910873e-03 -4.718720e-03 1.618612e+01 -3.929532e-03 9.999845e-01 -3.951435e-03 -5.439768e-01 4.703193e-03 3.969903e-03 9.999811e-01 -4.564674e+01
9.999947e-01 -2.490719e-03 2.087842e-03 1.682377e+01 2.486266e-03 9.999946e-01 2.132486e-03 -5.353082e-01 -2.093142e-03 -2.127283e-03 9.999955e-01 -4.705033e+01
9.999631e-01 2.947359e-03 -8.063150e-03 1.754150e+01 -2.965018e-03 9.999932e-01 -2.179001e-03 -5.499015e-01 8.056673e-03 2.202827e-03 9.999651e-01 -4.772226e+01
9.999948e-01 -2.258481e-03 2.310891e-03 1.766270e+01 2.257518e-03 9.999974e-01 4.194226e-04 -5.372848e-01 -2.311832e-03 -4.142030e-04 9.999972e-01 -4.877720e+01
9.999754e-01 3.315453e-03 -6.182280e-03 1.774165e+01 -3.337370e-03 9.999882e-01 -3.538142e-03 -5.127811e-01 6.170476e-03 3.558687e-03 9.999746e-01 -5.023692e+01
9.999937e-01 -2.318947e-03 2.674458e-03 1.777606e+01 2.318361e-03 9.999973e-01 2.222686e-04 -4.858419e-01 -2.674966e-03 -2.160663e-04 9.999964e-01 -5.175155e+01
9.999723e-01 3.360982e-03 -6.643458e-03 1.786474e+01 -3.382346e-03 9.999891e-01 -3.207143e-03 -4.628168e-01 6.632606e-03 3.229524e-03 9.999728e-01 -5.315039e+01
9.999931e-01 -2.042440e-03 3.118292e-03 1.791302e+01 2.043266e-03 9.999979e-01 -2.614393e-04 -4.340893e-01 -3.117751e-03 2.678096e-04 9.999951e-01 -5.474546e+01
9.999754e-01 3.092130e-03 -6.293696e-03 1.789448e+01 -3.112999e-03 9.999897e-01 -3.308713e-03 -4.023530e-01 6.283400e-03 3.328223e-03 9.999747e-01 -5.635641e+01
9.999944e-01 -1.967702e-03 2.694802e-03 1.796921e+01 1.967288e-03 9.999981e-01 1.565268e-04 -3.771161e-01 -2.695104e-03 -1.512240e-04 9.999964e-01 -5.785191e+01
9.999678e-01 3.112137e-03 -7.398893e-03 1.805043e+01 -3.134215e-03 9.999907e-01 -2.974283e-03 -3.543878e-01 7.389567e-03 2.997377e-03 9.999682e-01 -5.923053e+01
9.999937e-01 -2.077424e-03 2.887813e-03 1.811222e+01 2.076649e-03 9.999978e-01 2.715144e-04 -3.325579e-01 -2.888370e-03 -2.655152e-04 9.999958e-01 -6.056158e+01
9.999702e-01 3.091265e-03 -7.076704e-03 1.816379e+01 -3.113930e-03 9.999901e-01 -3.193943e-03 -3.085543e-01 7.066760e-03 3.215884e-03 9.999699e-01 -6.196009e+01
9.999873e-01 -4.045467e-03 2.992178e-03 1.811822e+01 4.037956e-03 9.999887e-01 2.512302e-03 -3.038918e-01 -3.002308e-03 -2.500188e-03 9.999924e-01 -6.223321e+01
9.999955e-01 2.937066e-03 -6.487173e-04 1.794534e+01 -2.938799e-03 9.999921e-01 -2.685257e-03 -3.009945e-01 6.408252e-04 2.687151e-03 9.999962e-01 -6.142916e+01
9.999760e-01 -4.670126e-03 5.107824e-03 1.773261e+01 4.658497e-03 9.999865e-01 2.286435e-03 -3.029588e-01 -5.118433e-03 -2.262585e-03 9.999843e-01 -6.032876e+01
9.999874e-01 2.957090e-03 -4.054824e-03 1.767695e+01 -2.966479e-03 9.999929e-01 -2.311259e-03 -3.124848e-01 4.047961e-03 2.323258e-03 9.999891e-01 -5.938168e+01
9.999920e-01 -3.121753e-03 -2.498935e-03 1.770570e+01 3.124959e-03 9.999943e-01 1.280181e-03 -3.071687e-01 2.494925e-03 -1.287979e-03 9.999961e-01 -5.978635e+01
9.999899e-01 4.103326e-03 -1.855318e-03 1.778630e+01 -4.110762e-03 9.999835e-01 -4.021898e-03 -2.862895e-01 1.838784e-03 4.029483e-03 9.999902e-01 -6.104840e+01
9.999932e-01 -3.080291e-03 -2.038323e-03 1.777758e+01 3.081494e-03 9.999951e-01 5.872637e-04 -2.569585e-01 2.036504e-03 -5.935403e-04 9.999977e-01 -6.260669e+01
9.999890e-01 4.260192e-03 1.956572e-03 1.748634e+01 -4.248833e-03 9.999743e-01 -5.773820e-03 -2.030551e-01 -1.981120e-03 5.765443e-03 9.999814e-01 -6.476588e+01
9.999898e-01 -4.071619e-03 -1.971263e-03 1.727956e+01 4.073180e-03 9.999914e-01 7.882997e-04 -1.553741e-01 1.968037e-03 -7.963204e-04 9.999977e-01 -6.683289e+01
9.999814e-01 4.043254e-03 -4.562612e-03 1.744021e+01 -4.046910e-03 9.999915e-01 -7.923516e-04 -1.588696e-01 4.559369e-03 8.108008e-04 9.999893e-01 -6.719444e+01
9.999825e-01 -4.866949e-03 -3.368039e-03 1.760301e+01 4.869474e-03 9.999879e-01 7.416140e-04 -1.705377e-01 3.364389e-03 -7.580010e-04 9.999941e-01 -6.720800e+01
9.999815e-01 6.043195e-03 -6.629862e-04 1.757017e+01 -6.045928e-03 9.999729e-01 -4.200695e-03 -1.402357e-01 6.375825e-04 4.204626e-03 9.999910e-01 -6.877280e+01
9.999859e-01 -4.909439e-03 -2.017432e-03 1.761397e+01 4.911015e-03 9.999876e-01 7.764054e-04 -1.120515e-01 2.013595e-03 -7.863016e-04 9.999977e-01 -7.033881e+01
9.999781e-01 5.961486e-03 -2.859153e-03 1.774573e+01 -5.970757e-03 9.999769e-01 -3.244806e-03 -9.321356e-02 2.839743e-03 3.261806e-03 9.999906e-01 -7.160075e+01
9.999843e-01 -5.029179e-03 -2.485465e-03 1.786880e+01 5.031761e-03 9.999868e-01 1.033606e-03 -7.724343e-02 2.480235e-03 -1.046095e-03 9.999964e-01 -7.271714e+01
9.999766e-01 6.472407e-03 -2.236749e-03 1.795024e+01 -6.481569e-03 9.999705e-01 -4.113151e-03 -5.324507e-02 2.210061e-03 4.127551e-03 9.999890e-01 -7.415740e+01
9.999849e-01 -5.450309e-03 -6.453867e-04 1.791800e+01 5.450707e-03 9.999850e-01 6.159467e-04 -2.107321e-02 6.420201e-04 -6.194547e-04 9.999996e-01 -7.578200e+01
9.999751e-01 6.342321e-03 -3.084590e-03 1.795133e+01 -6.353395e-03 9.999734e-01 -3.593636e-03 3.516895e-03 3.061716e-03 3.613144e-03 9.999888e-01 -7.717417e+01
9.999855e-01 -5.261051e-03 -1.153562e-03 1.799570e+01 5.261819e-03 9.999859e-01 6.633692e-04 2.768869e-02 1.150056e-03 -6.694289e-04 9.999991e-01 -7.857648e+01
9.999770e-01 6.208019e-03 -2.733576e-03 1.795876e+01 -6.218168e-03 9.999737e-01 -3.720160e-03 5.520675e-02 2.710409e-03 3.737072e-03 9.999893e-01 -7.997556e+01
9.999864e-01 -5.169334e-03 -6.204541e-04 1.793696e+01 5.169654e-03 9.999865e-01 5.149156e-04 8.388012e-02 6.177840e-04 -5.181156e-04 9.999997e-01 -8.143966e+01
9.999767e-01 6.557114e-03 -1.904094e-03 1.798332e+01 -6.564655e-03 9.999705e-01 -3.981182e-03 1.123456e-01 1.877933e-03 3.993588e-03 9.999903e-01 -8.301305e+01
9.999850e-01 -5.443008e-03 -6.585556e-04 1.838006e+01 5.444249e-03 9.999834e-01 1.897171e-03 1.350306e-01 6.482184e-04 -1.900727e-03 9.999980e-01 -8.473250e+01
9.999691e-01 7.812455e-03 -8.738313e-04 1.918106e+01 -7.816342e-03 9.999592e-01 -4.536237e-03 1.630499e-01 8.383564e-04 4.542926e-03 9.999893e-01 -8.691378e+01
9.999754e-01 -6.888669e-03 1.292427e-03 1.976883e+01 6.885449e-03 9.999732e-01 2.480102e-03 1.858771e-01 -1.309477e-03 -2.471142e-03 9.999961e-01 -8.874935e+01
9.999510e-01 8.061241e-03 -5.738042e-03 2.053902e+01 -8.081664e-03 9.999611e-01 -3.544878e-03 1.998500e-01 5.709243e-03 3.591077e-03 9.999773e-01 -9.043192e+01
9.999711e-01 -7.011356e-03 2.932593e-03 2.086357e+01 7.007650e-03 9.999746e-01 1.272037e-03 2.252156e-01 -2.941437e-03 -1.251450e-03 9.999949e-01 -9.213136e+01
9.999622e-01 7.829003e-03 -3.786852e-03 2.065740e+01 -7.850324e-03 9.999532e-01 -5.648496e-03 2.801108e-01 3.742452e-03 5.678010e-03 9.999769e-01 -9.446076e+01
9.999643e-01 -7.849564e-03 3.114173e-03 2.060486e+01 7.842821e-03 9.999669e-01 2.171805e-03 3.226831e-01 -3.131117e-03 -2.147303e-03 9.999928e-01 -9.646603e+01
9.999566e-01 8.358479e-03 -4.111417e-03 2.039989e+01 -8.385067e-03 9.999438e-01 -6.492447e-03 3.696917e-01 4.056918e-03 6.526639e-03 9.999705e-01 -9.852265e+01
9.999633e-01 -6.931854e-03 5.026524e-03 1.996525e+01 6.932113e-03 9.999760e-01 -3.410397e-05 4.410796e-01 -5.026166e-03 6.894765e-05 9.999874e-01 -1.013446e+02
9.999696e-01 7.389900e-03 -2.470933e-03 1.973262e+01 -7.404325e-03 9.999553e-01 -5.880417e-03 5.017615e-01 2.427367e-03 5.898533e-03 9.999797e-01 -1.040287e+02
9.999792e-01 -6.312883e-03 1.291036e-03 1.955302e+01 6.311394e-03 9.999794e-01 1.154688e-03 5.481841e-01 -1.298298e-03 -1.146515e-03 9.999985e-01 -1.060825e+02
9.999742e-01 7.058613e-03 -1.301466e-03 1.940641e+01 -7.066361e-03 9.999567e-01 -6.047543e-03 5.942028e-01 1.258723e-03 6.056583e-03 9.999809e-01 -1.080965e+02
9.999804e-01 -6.208629e-03 -7.667798e-04 1.938457e+01 6.210396e-03 9.999780e-01 2.323803e-03 6.266606e-01 7.523354e-04 -2.328519e-03 9.999970e-01 -1.097322e+02
9.999644e-01 7.329392e-03 -4.190296e-03 1.953161e+01 -7.348708e-03 9.999624e-01 -4.612900e-03 6.438675e-01 4.156329e-03 4.643529e-03 9.999806e-01 -1.109802e+02
9.999798e-01 -6.109056e-03 -1.747813e-03 1.978681e+01 6.114209e-03 9.999769e-01 2.958222e-03 6.543102e-01 1.729701e-03 -2.968848e-03 9.999941e-01 -1.120809e+02
9.999623e-01 7.308144e-03 -4.687764e-03 2.003818e+01 -7.328227e-03 9.999640e-01 -4.281135e-03 6.627821e-01 4.656308e-03 4.315326e-03 9.999798e-01 -1.130924e+02
9.999802e-01 -6.046531e-03 -1.738019e-03 2.027484e+01 6.051392e-03 9.999778e-01 2.804909e-03 6.727837e-01 1.721021e-03 -2.815370e-03 9.999946e-01 -1.141727e+02
9.999633e-01 7.428867e-03 -4.263484e-03 2.051626e+01 -7.448127e-03 9.999620e-01 -4.519387e-03 6.849844e-01 4.229748e-03 4.550975e-03 9.999807e-01 -1.153498e+02
