1.000000e+00 1.197624e-11 1.704639e-10 3.214096e-14 1.197625e-11 1.000000e+00 3.562503e-10 -1.998401e-15 1.704639e-10 3.562503e-10 1.000000e+00 -4.041212e-14 0.000000e+00 0.000000e+00 0.000000e+00 1.000000e+00
7.758683e-01 1.956141e-01 -5.998029e-01 -6.724669e-01 -9.184278e-02 9.756100e-01 1.993742e-01 7.586245e-03 6.241741e-01 -9.960053e-02 7.749106e-01 1.416732e+00
9.782536e-01 -4.372346e-02 2.027513e-01 -1.331049e+00 4.430066e-02 9.990168e-01 1.692687e-03 7.993757e-03 -2.026260e-01 7.326139e-03 9.792288e-01 3.266874e+00
7.945695e-01 1.513328e-01 -5.880116e-01 -1.939844e+00 -1.047698e-01 9.880873e-01 1.127243e-01 1.585960e-02 5.980657e-01 -2.796142e-02 8.009592e-01 4.582339e+00
9.861768e-01 -6.707097e-02 1.515147e-01 -2.367092e+00 5.015239e-02 9.923455e-01 1.128501e-01 1.260146e-02 -1.579239e-01 -1.036913e-01 9.819919e-01 5.818867e+00
6.911220e-01 2.506578e-01 -6.778799e-01 -2.979438e+00 -2.039490e-01 9.674528e-01 1.497992e-01 1.862019e-02 6.933651e-01 3.472340e-02 7.197493e-01 7.171794e+00
9.643426e-01 -1.640388e-01 2.076889e-01 -3.578171e+00 1.504990e-01 9.854080e-01 7.950604e-02 2.100726e-02 -2.177004e-01 -4.541408e-02 9.749585e-01 8.733908e+00
8.510619e-01 3.093880e-01 -4.242319e-01 -4.006821e+00 -2.554193e-01 9.498653e-01 1.803243e-01 7.849497e-03 4.587534e-01 -4.511016e-02 8.874178e-01 1.060192e+01
8.923183e-01 -2.669718e-01 3.639975e-01 -4.369504e+00 2.326516e-01 9.630071e-01 1.359802e-01 -1.098831e-02 -3.868350e-01 -3.665302e-02 9.214202e-01 1.256519e+01
6.376573e-01 4.080173e-01 -6.533874e-01 -4.962241e+00 -3.443253e-01 9.097207e-01 2.320525e-01 -1.286596e-02 6.890814e-01 7.700787e-02 7.205807e-01 1.434543e+01
8.798383e-01 -3.205165e-01 3.509327e-01 -5.545719e+00 3.304048e-01 9.432577e-01 3.313145e-02 -1.285020e-02 -3.416392e-01 8.679953e-02 9.358144e-01 1.600550e+01
6.156814e-01 4.833867e-01 -6.223131e-01 -6.154358e+00 -3.303187e-01 8.753268e-01 3.531184e-01 -1.215107e-02 7.154201e-01 -1.184678e-02 6.985941e-01 1.764109e+01
7.845046e-01 -3.514496e-01 5.109165e-01 -6.637730e+00 4.114825e-01 9.114046e-01 -4.887539e-03 -1.831699e-02 -4.639339e-01 2.140675e-01 8.596165e-01 1.928313e+01
6.376420e-01 5.465900e-01 -5.428187e-01 -7.092761e+00 -3.585251e-01 8.342567e-01 4.188980e-01 -2.856405e-02 6.818156e-01 -7.249284e-02 7.279233e-01 2.099510e+01
8.163409e-01 -3.747006e-01 4.395304e-01 -7.624006e+00 4.491246e-01 8.903008e-01 -7.517694e-02 -3.616263e-02 -3.631454e-01 2.587739e-01 8.950762e-01 2.284635e+01
5.809073e-01 5.830615e-01 -5.679666e-01 -8.107979e+00 -3.229461e-01 8.055989e-01 4.967053e-01 -3.954069e-02 7.471630e-01 -1.051172e-01 6.562757e-01 2.432598e+01
7.682426e-01 -3.621227e-01 5.278924e-01 -8.424641e+00 4.733023e-01 8.765428e-01 -8.750811e-02 -5.389179e-02 -4.310316e-01 3.170801e-01 8.447910e-01 2.591334e+01
6.029008e-01 6.334779e-01 -4.849911e-01 -8.708336e+00 -3.256809e-01 7.503594e-01 5.752328e-01 -6.916372e-02 7.283149e-01 -1.888560e-01 6.587040e-01 2.749750e+01
7.320872e-01 -3.871108e-01 5.605297e-01 -8.944389e+00 5.532978e-01 8.179031e-01 -1.577847e-01 -8.150811e-02 -3.973789e-01 4.256520e-01 8.129640e-01 2.875858e+01
6.049889e-01 6.582792e-01 -4.479475e-01 -9.292070e+00 -3.327290e-01 7.201180e-01 6.088690e-01 -9.003462e-02 7.233809e-01 -2.193139e-01 6.546920e-01 3.017669e+01
8.889172e-01 -3.376593e-01 3.095358e-01 -9.659741e+00 4.326832e-01 8.407702e-01 -3.254086e-01 -9.574332e-02 -1.503712e-01 4.231922e-01 8.934746e-01 3.148185e+01
6.817115e-01 5.908958e-01 -4.314066e-01 -9.986754e+00 -1.681584e-01 7.004205e-01 6.936381e-01 -1.028728e-01 7.120339e-01 -4.003164e-01 5.768488e-01 3.278010e+01
9.744510e-01 -1.252254e-01 1.864505e-01 -1.046188e+01 2.025039e-01 8.489150e-01 -4.881962e-01 -1.054300e-01 -9.714610e-02 5.134802e-01 8.525847e-01 3.417079e+01
8.348782e-01 3.418524e-01 -4.314108e-01 -1.091310e+01 2.166683e-02 7.627462e-01 6.463349e-01 -1.107792e-01 5.500081e-01 -5.489582e-01 6.293934e-01 3.562056e+01
9.314428e-01 3.561092e-02 3.621412e-01 -1.129040e+01 1.439005e-01 8.780307e-01 -4.564589e-01 -1.257947e-01 -3.342260e-01 4.772776e-01 8.127109e-01 3.737131e+01
8.467742e-01 2.873069e-01 -4.476920e-01 -1.169724e+01 6.837683e-02 7.758336e-01 6.272216e-01 -1.391468e-01 5.275396e-01 -5.617268e-01 6.373107e-01 3.918561e+01
9.758184e-01 1.099289e-01 1.889287e-01 -1.213012e+01 -8.737144e-03 8.832606e-01 -4.688011e-01 -1.466374e-01 -2.184080e-01 4.558140e-01 8.628624e-01 4.069513e+01
8.798914e-01 1.449107e-01 -4.525396e-01 -1.251142e+01 1.689111e-01 7.947775e-01 5.829218e-01 -1.599643e-01 4.441398e-01 -5.893468e-01 6.748408e-01 4.236325e+01
9.403175e-01 1.830870e-01 2.868487e-01 -1.284254e+01 -4.768844e-02 9.055114e-01 -4.216336e-01 -1.759920e-01 -3.369404e-01 3.827901e-01 8.601993e-01 4.399794e+01
8.282196e-01 1.051733e-01 -5.504461e-01 -1.321861e+01 2.158027e-01 8.466272e-01 4.864684e-01 -1.866101e-01 5.171862e-01 -5.216904e-01 6.784966e-01 4.549386e+01
8.915620e-01 2.086883e-01 4.019533e-01 -1.358221e+01 -4.248346e-02 9.221353e-01 -3.845277e-01 -1.988227e-01 -4.509017e-01 3.257539e-01 8.310066e-01 4.704042e+01
8.233045e-01 1.197971e-01 -5.548138e-01 -1.375980e+01 1.923766e-01 8.607238e-01 4.713234e-01 -2.169710e-01 5.340046e-01 -4.947759e-01 6.855916e-01 4.837852e+01
9.117735e-01 1.695920e-01 3.740423e-01 -1.394529e+01 -5.800121e-02 9.548029e-01 -2.915258e-01 -2.361296e-01 -4.065771e-01 2.441106e-01 8.804005e-01 4.976830e+01
8.138949e-01 1.292233e-01 -5.664596e-01 -1.408000e+01 1.511355e-01 8.943030e-01 4.211654e-01 -2.569709e-01 5.610109e-01 -4.283965e-01 7.083384e-01 5.109931e+01
9.345581e-01 1.680714e-01 3.136130e-01 -1.425626e+01 -9.319240e-02 9.662581e-01 -2.401259e-01 -2.740810e-01 -3.433894e-01 1.951853e-01 9.186873e-01 5.235925e+01
8.785330e-01 3.838119e-02 -4.761373e-01 -1.435140e+01 1.461023e-01 9.274090e-01 3.443351e-01 -2.912347e-01 4.547900e-01 -3.720745e-01 8.091518e-01 5.340491e+01
9.488721e-01 1.450684e-01 2.803513e-01 -1.439033e+01 -1.003614e-01 9.807017e-01 -1.677849e-01 -3.107541e-01 -2.992812e-01 1.310700e-01 9.451198e-01 5.438330e+01
8.578804e-01 6.114338e-02 -5.101986e-01 -1.449889e+01 1.098577e-01 9.481144e-01 2.983460e-01 -3.290447e-01 5.019685e-01 -3.119944e-01 8.066518e-01 5.546418e+01
9.600088e-01 1.350038e-01 2.452694e-01 -1.470733e+01 -1.049280e-01 9.856992e-01 -1.318606e-01 -3.422418e-01 -2.595636e-01 1.008518e-01 9.604456e-01 5.661848e+01
8.523942e-01 5.194576e-02 -5.203132e-01 -1.488299e+01 9.449312e-02 9.633691e-01 2.509802e-01 -3.552370e-01 5.142910e-01 -2.631001e-01 8.162617e-01 5.765917e+01
9.568562e-01 1.139666e-01 2.672787e-01 -1.516831e+01 -7.835617e-02 9.869983e-01 -1.403377e-01 -3.601563e-01 -2.797974e-01 1.133400e-01 9.533454e-01 5.866812e+01
6.843836e-01 1.790324e-01 -7.068001e-01 -1.551985e+01 6.885640e-02 9.491829e-01 3.071005e-01 -3.710656e-01 7.258635e-01 -2.588423e-01 6.372777e-01 6.008063e+01
9.145182e-01 6.376940e-02 3.994871e-01 -1.570079e+01 -8.303551e-03 9.902487e-01 -1.390629e-01 -3.781523e-01 -4.044595e-01 1.238584e-01 9.061300e-01 6.089158e+01
6.777489e-01 1.514201e-01 -7.195335e-01 -1.587742e+01 4.783876e-02 9.674126e-01 2.486450e-01 -3.824543e-01 7.337356e-01 -2.029405e-01 6.484190e-01 6.160782e+01
9.654644e-01 7.225329e-02 2.503159e-01 -1.618757e+01 -4.941627e-02 9.941197e-01 -9.635335e-02 -3.761645e-01 -2.558058e-01 8.065605e-02 9.633577e-01 6.209258e+01
7.038763e-01 1.242454e-01 -6.993720e-01 -1.644853e+01 3.415342e-02 9.775253e-01 2.080334e-01 -3.776772e-01 7.095010e-01 -1.703157e-01 6.838135e-01 6.280258e+01
9.692316e-01 6.372546e-02 2.377587e-01 -1.661744e+01 -6.954949e-02 9.974473e-01 1.617931e-02 -3.867127e-01 -2.361207e-01 -3.221750e-02 9.711895e-01 6.371550e+01
6.944015e-01 1.530539e-01 -7.031224e-01 -1.680740e+01 -5.026052e-02 9.850480e-01 1.647856e-01 -3.950029e-01 7.178304e-01 -7.908806e-02 6.917114e-01 6.466068e+01
9.760241e-01 -8.702903e-03 2.174885e-01 -1.701470e+01 -7.255805e-03 9.973441e-01 7.247111e-02 -4.022198e-01 -2.175415e-01 -7.231160e-02 9.733687e-01 6.559309e+01
7.271474e-01 2.327359e-01 -6.458256e-01 -1.717156e+01 -1.323607e-01 9.706560e-01 2.007675e-01 -4.158009e-01 6.736003e-01 -6.050564e-02 7.366151e-01 6.665849e+01
9.823446e-01 -9.353933e-02 1.620166e-01 -1.732529e+01 8.523192e-02 9.947004e-01 5.750327e-02 -4.261198e-01 -1.665368e-01 -4.267904e-02 9.851112e-01 6.763202e+01
7.423016e-01 2.610587e-01 -6.171196e-01 -1.749634e+01 -1.835828e-01 9.649779e-01 1.873900e-01 -4.304900e-01 6.444266e-01 -2.580735e-02 7.642306e-01 6.827356e+01
9.687856e-01 -1.508718e-01 1.967034e-01 -1.761666e+01 1.357041e-01 9.867879e-01 8.851037e-02 -4.411345e-01 -2.074583e-01 -5.905411e-02 9.764598e-01 6.906929e+01
7.818478e-01 2.904689e-01 -5.516719e-01 -1.782302e+01 -2.202255e-01 9.564680e-01 1.914932e-01 -4.471123e-01 5.832793e-01 -2.822629e-02 8.117811e-01 6.992125e+01
9.691417e-01 -1.908237e-01 1.560473e-01 -1.807050e+01 1.917051e-01 9.814064e-01 9.523983e-03 -4.493241e-01 -1.549632e-01 2.068498e-02 9.877037e-01 7.064861e+01
7.561679e-01 3.176490e-01 -5.721095e-01 -1.848726e+01 -2.119342e-01 9.460378e-01 2.451457e-01 -4.443879e-01 6.191075e-01 -6.412176e-02 7.826841e-01 7.138508e+01
9.164661e-01 -2.080983e-01 3.417383e-01 -1.883347e+01 2.465368e-01 9.664047e-01 -7.267397e-02 -4.425944e-01 -3.151342e-01 1.508543e-01 9.369810e-01 7.209504e+01
8.077468e-01 3.361979e-01 -4.842685e-01 -1.910564e+01 -2.019695e-01 9.295517e-01 3.084509e-01 -4.461825e-01 5.538532e-01 -1.513428e-01 8.187442e-01 7.284720e+01
9.174827e-01 -2.050152e-01 3.408728e-01 -1.930531e+01 2.501154e-01 9.636807e-01 -9.360494e-02 -4.561637e-01 -3.093021e-01 1.711385e-01 9.354378e-01 7.372702e+01
8.226903e-01 3.512838e-01 -4.469679e-01 -1.956743e+01 -2.185885e-01 9.212613e-01 3.217089e-01 -4.641760e-01 5.247854e-01 -1.669648e-01 8.346994e-01 7.470123e+01
9.872227e-01 -6.479078e-02 -1.455801e-01 -1.987707e+01 4.519456e-02 9.899372e-01 -1.340960e-01 -4.692328e-01 1.528033e-01 1.258032e-01 9.802167e-01 7.579280e+01
9.187883e-01 1.469397e-02 3.944771e-01 -1.974433e+01 -1.241677e-01 9.593416e-01 2.534680e-01 -4.972426e-01 -3.747139e-01 -2.818648e-01 8.832563e-01 7.677653e+01
9.504778e-01 -2.467567e-03 -3.107828e-01 -1.929785e+01 -7.953720e-04 9.999459e-01 -1.037193e-02 -5.378758e-01 3.107916e-01 1.010547e-02 9.504244e-01 7.786126e+01
8.514639e-01 -7.259688e-02 5.193640e-01 -1.929538e+01 -4.768056e-02 9.755524e-01 2.145323e-01 -5.680169e-01 -5.222412e-01 -2.074300e-01 8.271861e-01 7.929372e+01
9.628531e-01 -1.585851e-02 -2.695598e-01 -1.935724e+01 -9.929281e-03 9.955194e-01 -9.403443e-02 -5.887498e-01 2.698432e-01 9.321787e-02 9.583815e-01 8.033699e+01
9.854735e-01 2.788942e-02 1.675234e-01 -1.936756e+01 -7.242732e-02 9.612390e-01 2.660334e-01 -6.094232e-01 -1.536105e-01 -2.743022e-01 9.492956e-01 8.121041e+01
8.453963e-01 9.959550e-02 -5.247721e-01 -1.943646e+01 -1.375231e-01 9.899261e-01 -3.367055e-02 -6.253564e-01 5.161322e-01 1.006333e-01 8.505766e-01 8.212428e+01
9.891439e-01 -4.018298e-03 -1.468954e-01 -1.983210e+01 3.684836e-02 9.744712e-01 2.214678e-01 -6.239276e-01 1.422554e-01 -2.244764e-01 9.640403e-01 8.297187e+01
9.865211e-01 1.075978e-02 1.632798e-01 -2.023307e+01 2.232383e-02 9.796566e-01 -1.994357e-01 -6.211541e-01 -1.621040e-01 2.003926e-01 9.662117e-01 8.364928e+01
9.965787e-01 -5.567634e-03 -8.246130e-02 -2.053335e+01 2.248522e-02 9.783597e-01 2.056861e-01 -6.201530e-01 7.953163e-02 -2.068366e-01 9.751376e-01 8.410443e+01
9.991476e-01 2.614147e-02 -3.194710e-02 -2.067808e+01 -3.144647e-02 9.833797e-01 -1.788167e-01 -6.231558e-01 2.674160e-02 1.796689e-01 9.833636e-01 8.439560e+01
9.968624e-01 -4.450309e-02 6.545844e-02 -2.072651e+01 2.708834e-02 9.688498e-01 2.461633e-01 -6.334292e-01 -7.437442e-02 -2.436178e-01 9.670154e-01 8.482315e+01
8.412154e-01 1.668138e-01 -5.143247e-01 -2.095179e+01 -2.215580e-01 9.740399e-01 -4.645833e-02 -6.335347e-01 4.932229e-01 1.530342e-01 8.563362e-01 8.530393e+01
9.851197e-01 -1.073450e-01 -1.342245e-01 -2.133558e+01 1.311103e-01 9.743202e-01 1.830583e-01 -6.265066e-01 1.111272e-01 -1.979325e-01 9.738960e-01 8.576169e+01
8.093550e-01 2.869091e-01 -5.124721e-01 -2.168778e+01 -2.916175e-01 9.537159e-01 7.338483e-02 -6.198286e-01 5.098076e-01 9.005144e-02 8.555624e-01 8.627558e+01
9.727207e-01 -2.226645e-01 -6.507573e-02 -2.213945e+01 2.254712e-01 9.734505e-01 3.945628e-02 -6.085071e-01 5.456249e-02 -5.305264e-02 9.971000e-01 8.671261e+01
9.276922e-01 2.968956e-01 -2.263630e-01 -2.247008e+01 -2.834236e-01 9.547020e-01 9.063760e-02 -6.074381e-01 2.430191e-01 -1.992720e-02 9.698168e-01 8.735476e+01
9.276688e-01 -1.319159e-01 -3.493262e-01 -2.271747e+01 1.442182e-01 9.895020e-01 9.319633e-03 -6.100239e-01 3.444296e-01 -5.902471e-02 9.369548e-01 8.807370e+01
9.778717e-01 1.841329e-01 9.930810e-02 -2.294924e+01 -1.909406e-01 9.795136e-01 6.399019e-02 -6.116457e-01 -8.549094e-02 -8.153614e-02 9.929971e-01 8.868162e+01
8.935691e-01 -9.119494e-02 -4.395655e-01 -2.312123e+01 8.449368e-02 9.958149e-01 -3.483517e-02 -6.139414e-01 4.409027e-01 -6.012871e-03 8.975348e-01 8.908353e+01
9.871433e-01 1.503164e-01 5.434281e-02 -2.324430e+01 -1.584427e-01 9.650601e-01 2.086980e-01 -6.204441e-01 -2.107335e-02 -2.146250e-01 9.764692e-01 8.962181e+01
8.614700e-01 -3.655365e-02 -5.064912e-01 -2.347841e+01 -3.136649e-02 9.916710e-01 -1.249192e-01 -6.177308e-01 5.068388e-01 1.235010e-01 8.531482e-01 9.000308e+01
9.971220e-01 4.254521e-02 6.274991e-02 -2.368021e+01 -5.664691e-02 9.681965e-01 2.436938e-01 -6.192131e-01 -5.038624e-02 -2.465470e-01 9.678201e-01 9.048794e+01
8.462760e-01 8.098170e-02 -5.265539e-01 -2.373884e+01 -1.483237e-01 9.851153e-01 -8.687893e-02 -6.258638e-01 5.116807e-01 1.516239e-01 8.456909e-01 9.092124e+01
9.762115e-01 -1.870174e-02 -2.160122e-01 -2.405576e+01 6.937792e-02 9.708368e-01 2.294832e-01 -6.167553e-01 2.054209e-01 -2.390107e-01 9.490396e-01 9.121523e+01
8.054740e-01 2.495025e-01 -5.375502e-01 -2.458151e+01 -2.991096e-01 9.542040e-01 -5.299474e-03 -6.012247e-01 5.116103e-01 1.650550e-01 8.432151e-01 9.172452e+01
9.747969e-01 -2.171804e-01 5.102718e-02 -2.491075e+01 2.077563e-01 9.670578e-01 1.470936e-01 -6.008963e-01 -8.129207e-02 -1.327852e-01 9.878055e-01 9.253416e+01
8.346978e-01 3.538335e-01 -4.219970e-01 -2.517936e+01 -3.391727e-01 9.340016e-01 1.122621e-01 -6.064383e-01 4.338680e-01 4.942489e-02 8.996198e-01 9.349789e+01
9.613568e-01 -2.720975e-01 4.190577e-02 -2.546262e+01 2.705454e-01 9.619091e-01 3.919244e-02 -6.108519e-01 -5.097370e-02 -2.634050e-02 9.983526e-01 9.443793e+01
7.343624e-01 4.270260e-01 -5.275990e-01 -2.566091e+01 -3.103161e-01 9.025327e-01 2.985610e-01 -6.110589e-01 6.036687e-01 -5.552954e-02 7.952991e-01 9.495260e+01
9.416313e-01 -2.606081e-01 2.131056e-01 -2.591454e+01 2.783049e-01 9.587871e-01 -5.721531e-02 -6.191307e-01 -1.894121e-01 1.131840e-01 9.753525e-01 9.593059e+01
8.828084e-01 3.762140e-01 -2.812692e-01 -2.610248e+01 -2.914272e-01 9.082745e-01 3.001792e-01 -6.340542e-01 3.684012e-01 -1.830312e-01 9.114714e-01 9.713073e+01
9.565974e-01 -1.690152e-01 -2.373925e-01 -2.641593e+01 1.239682e-01 9.732596e-01 -1.933844e-01 -6.323850e-01 2.637294e-01 1.555619e-01 9.519702e-01 9.776386e+01
9.092148e-01 2.748611e-01 -3.126976e-01 -2.683340e+01 -1.293555e-01 9.004187e-01 4.153473e-01 -6.317716e-01 3.957216e-01 -3.371908e-01 8.542288e-01 9.868056e+01
9.630351e-01 6.825653e-03 -2.692894e-01 -2.734407e+01 -7.876393e-02 9.631259e-01 -2.572640e-01 -6.264410e-01 2.576035e-01 2.689646e-01 9.280617e-01 9.967712e+01
9.338331e-01 5.340443e-02 -3.537000e-01 -2.780036e+01 8.102804e-02 9.315098e-01 3.545756e-01 -6.191415e-01 3.484110e-01 -3.597741e-01 8.655475e-01 1.004257e+02
9.803296e-01 1.637733e-01 -1.101466e-01 -2.810288e+01 -1.854819e-01 9.552196e-01 -2.305470e-01 -6.147833e-01 6.745673e-02 2.464422e-01 9.668070e-01 1.008909e+02
9.005869e-01 -4.783160e-02 -4.320363e-01 -2.833651e+01 1.924544e-01 9.350751e-01 2.976504e-01 -6.157814e-01 3.897493e-01 -3.512074e-01 8.513218e-01 1.014498e+02
9.438575e-01 2.948161e-01 -1.490521e-01 -2.873752e+01 -3.113346e-01 9.447114e-01 -1.029130e-01 -6.100630e-01 1.104708e-01 1.435402e-01 9.834594e-01 1.020687e+02
8.947886e-01 -1.873989e-01 -4.052591e-01 -2.908698e+01 2.443278e-01 9.652100e-01 9.313178e-02 -6.066740e-01 3.737074e-01 -1.823493e-01 9.094457e-01 1.027671e+02
9.295054e-01 3.432740e-01 -1.348429e-01 -2.937862e+01 -3.331265e-01 9.383398e-01 9.243966e-02 -6.027180e-01 1.582606e-01 -4.100341e-02 9.865456e-01 1.032109e+02
8.140993e-01 -1.363348e-01 -5.644955e-01 -2.987131e+01 1.175885e-01 9.906157e-01 -6.966689e-02 -5.954752e-01 5.686961e-01 -9.662413e-03 8.224910e-01 1.041151e+02
9.759778e-01 1.848097e-01 1.153807e-01 -3.003310e+01 -2.046544e-01 9.593003e-01 1.945750e-01 -5.959759e-01 -7.472540e-02 -2.135140e-01 9.740780e-01 1.044886e+02
7.555885e-01 -3.533587e-02 -6.540928e-01 -3.028531e+01 -5.323898e-02 9.919277e-01 -1.150867e-01 -5.938146e-01 6.528795e-01 1.217814e-01 7.476080e-01 1.050145e+02
9.817580e-01 -5.990300e-03 1.900405e-01 -3.056651e+01 -4.366011e-02 9.656930e-01 2.559899e-01 -5.905374e-01 -1.850543e-01 -2.596173e-01 9.478153e-01 1.054454e+02
8.729507e-01 2.707264e-02 -4.870567e-01 -3.058210e+01 -1.170674e-01 9.809068e-01 -1.552968e-01 -5.977480e-01 4.735529e-01 1.925849e-01 8.594526e-01 1.057675e+02
9.799305e-01 -9.372825e-02 1.759294e-01 -3.049778e+01 3.531985e-02 9.502378e-01 3.095169e-01 -6.127682e-01 -1.961852e-01 -2.970913e-01 9.344775e-01 1.061985e+02
8.147575e-01 2.109438e-01 -5.400675e-01 -3.048876e+01 -2.794295e-01 9.590165e-01 -4.697330e-02 -6.250755e-01 5.080249e-01 1.891827e-01 8.403098e-01 1.067600e+02
9.798795e-01 -1.995607e-01 3.420466e-03 -3.068422e+01 1.933127e-01 9.531862e-01 2.325215e-01 -6.280297e-01 -4.966249e-02 -2.271818e-01 9.725852e-01 1.073968e+02
9.425809e-01 2.558227e-01 -2.146999e-01 -3.080969e+01 -2.769684e-01 9.579884e-01 -7.447588e-02 -6.355702e-01 1.866274e-01 1.296646e-01 9.738364e-01 1.079673e+02
9.756231e-01 -2.182324e-01 -2.311469e-02 -3.082266e+01 2.171441e-01 9.447490e-01 2.455562e-01 -6.517523e-01 -3.175073e-02 -2.445895e-01 9.691067e-01 1.086571e+02
9.406077e-01 2.954872e-01 -1.671660e-01 -3.075617e+01 -3.012936e-01 9.534798e-01 -9.918143e-03 -6.714151e-01 1.564587e-01 5.969512e-02 9.858789e-01 1.094021e+02
9.507589e-01 -2.938761e-01 9.846001e-02 -3.067596e+01 2.670059e-01 9.379538e-01 2.212475e-01 -6.916770e-01 -1.573703e-01 -1.840636e-01 9.702346e-01 1.099770e+02
8.318870e-01 2.940484e-01 -4.706375e-01 -3.047306e+01 -3.191035e-01 9.473112e-01 2.782878e-02 -6.989695e-01 4.540232e-01 1.270317e-01 8.818877e-01 1.100384e+02
8.767124e-01 -3.596692e-01 3.193954e-01 -3.030521e+01 3.169826e-01 9.314278e-01 1.787856e-01 -7.101712e-01 -3.617974e-01 -5.550077e-02 9.306032e-01 1.101258e+02
8.040847e-01 3.780561e-01 -4.588262e-01 -3.043430e+01 -3.813248e-01 9.200657e-01 8.983580e-02 -7.133270e-01 4.561132e-01 1.027262e-01 8.839729e-01 1.104867e+02
7.607994e-01 -4.244872e-01 4.909123e-01 -3.042969e+01 3.727725e-01 9.050270e-01 2.048581e-01 -7.251014e-01 -5.312485e-01 2.714271e-02 8.467811e-01 1.108909e+02
7.814705e-01 4.117943e-01 -4.687529e-01 -3.032601e+01 -4.174023e-01 9.034434e-01 9.780261e-02 -7.374689e-01 4.637662e-01 1.192287e-01 8.778983e-01 1.111284e+02
7.424111e-01 -4.633856e-01 4.838383e-01 -3.026506e+01 4.053238e-01 8.857118e-01 2.263344e-01 -7.500157e-01 -5.334214e-01 2.807798e-02 8.453835e-01 1.114182e+02
7.937303e-01 4.148608e-01 -4.448401e-01 -3.039102e+01 -4.447785e-01 8.947111e-01 4.079293e-02 -7.552204e-01 4.149268e-01 1.654767e-01 8.946805e-01 1.117624e+02
7.641497e-01 -4.823891e-01 4.282241e-01 -3.055466e+01 4.141685e-01 8.758770e-01 2.475965e-01 -7.598666e-01 -4.945095e-01 -1.184383e-02 8.690915e-01 1.121641e+02
8.336380e-01 4.078713e-01 -3.724093e-01 -3.076474e+01 -4.523366e-01 8.910957e-01 -3.660679e-02 -7.617378e-01 3.169214e-01 1.989712e-01 9.273464e-01 1.124884e+02
6.292798e-01 -5.106909e-01 5.858342e-01 -3.084615e+01 3.739805e-01 8.597644e-01 3.477698e-01 -7.684063e-01 -6.812822e-01 2.460219e-04 7.320208e-01 1.127075e+02
8.382274e-01 3.440522e-01 -4.230873e-01 -3.092893e+01 -4.348597e-01 8.898753e-01 -1.379095e-01 -7.768470e-01 3.290469e-01 2.995832e-01 8.955323e-01 1.129710e+02
4.924736e-01 -5.126134e-01 7.033471e-01 -3.083059e+01 2.211814e-01 8.553235e-01 4.685088e-01 -7.917813e-01 -8.417533e-01 -7.516094e-02 5.346048e-01 1.132288e+02
7.694251e-01 2.327434e-01 -5.948240e-01 -3.066437e+01 -4.192095e-01 8.866256e-01 -1.953418e-01 -8.083495e-01 4.819217e-01 3.996567e-01 7.797603e-01 1.133986e+02
5.243015e-01 -4.787902e-01 7.041789e-01 -3.076876e+01 1.286082e-01 8.619923e-01 4.903357e-01 -8.157447e-01 -8.417648e-01 -1.665206e-01 5.135202e-01 1.136616e+02
6.772037e-01 1.764090e-01 -7.143353e-01 -3.087180e+01 -4.208117e-01 8.892452e-01 -1.793337e-01 -8.264604e-01 6.035832e-01 4.220461e-01 6.764351e-01 1.141783e+02
4.930116e-01 -4.883286e-01 7.200519e-01 -3.097332e+01 9.293442e-02 8.524476e-01 5.144864e-01 -8.368558e-01 -8.650449e-01 -1.867301e-01 4.656491e-01 1.146729e+02
6.767894e-01 1.089933e-01 -7.280635e-01 -3.111710e+01 -4.019093e-01 8.832938e-01 -2.413730e-01 -8.444340e-01 6.167860e-01 4.559742e-01 6.416094e-01 1.151296e+02
5.568979e-01 -4.593675e-01 6.919871e-01 -3.129456e+01 6.989671e-02 8.561006e-01 5.120608e-01 -8.485715e-01 -8.276347e-01 -2.367980e-01 5.088689e-01 1.155092e+02
7.745100e-01 3.346344e-02 -6.316759e-01 -3.134103e+01 -3.148238e-01 8.865287e-01 -3.390471e-01 -8.554902e-01 5.486531e-01 4.614619e-01 6.971604e-01 1.157496e+02
7.227005e-01 -3.673757e-01 5.854393e-01 -3.126774e+01 2.788818e-02 8.618472e-01 5.064007e-01 -8.638655e-01 -6.905985e-01 -3.496492e-01 6.331028e-01 1.158510e+02
9.172569e-01 -4.832797e-02 -3.953532e-01 -3.134746e+01 -1.507057e-01 8.767006e-01 -4.568194e-01 -8.687556e-01 3.686835e-01 4.786027e-01 7.968763e-01 1.159484e+02
5.729094e-01 -2.155448e-01 7.907688e-01 -3.137799e+01 -2.066281e-01 8.956552e-01 3.938357e-01 -8.779283e-01 -7.931454e-01 -3.890272e-01 4.685917e-01 1.159884e+02
8.484982e-01 -2.389971e-01 -4.721560e-01 -3.144393e+01 2.908204e-02 9.119203e-01 -4.093356e-01 -8.887450e-01 5.283986e-01 3.335892e-01 7.807132e-01 1.162629e+02
6.058955e-01 -5.269740e-02 7.937970e-01 -3.152395e+01 -3.102556e-01 9.031437e-01 2.967708e-01 -9.022072e-01 -7.325518e-01 -4.260920e-01 5.308610e-01 1.168262e+02
7.494336e-01 -3.347358e-01 -5.712278e-01 -3.169982e+01 1.172350e-01 9.162370e-01 -3.831002e-01 -9.070126e-01 6.516174e-01 2.201403e-01 7.259015e-01 1.172494e+02
5.929205e-01 9.527436e-02 7.996050e-01 -3.199305e+01 -3.295724e-01 9.347140e-01 1.330106e-01 -9.025801e-01 -7.347294e-01 -3.423924e-01 5.856109e-01 1.171909e+02
7.677088e-01 -4.141691e-01 -4.889654e-01 -3.225095e+01 2.759838e-01 9.023638e-01 -3.310173e-01 -8.996874e-01 5.783218e-01 1.191784e-01 8.070566e-01 1.168512e+02
5.640421e-01 2.552408e-01 7.853080e-01 -3.246734e+01 -3.576249e-01 9.327174e-01 -4.629015e-02 -8.977667e-01 -7.442855e-01 -2.547361e-01 6.173724e-01 1.165255e+02
6.543505e-01 -4.109074e-01 -6.348075e-01 -3.257784e+01 3.530848e-01 9.083731e-01 -2.240301e-01 -8.976012e-01 6.686976e-01 -7.754663e-02 7.394795e-01 1.163592e+02
6.906343e-01 3.157364e-01 6.506419e-01 -3.268734e+01 -4.092988e-01 9.123628e-01 -8.284687e-03 -8.992505e-01 -5.962372e-01 -2.605852e-01 7.593395e-01 1.164653e+02
7.288848e-01 -3.992262e-01 -5.561883e-01 -3.299657e+01 3.471494e-01 9.157184e-01 -2.023538e-01 -8.947892e-01 5.900968e-01 -4.558785e-02 8.060443e-01 1.165969e+02
7.963367e-01 3.207485e-01 5.128043e-01 -3.341043e+01 -4.528583e-01 8.781894e-01 1.539567e-01 -8.985473e-01 -4.009580e-01 -3.548291e-01 8.445881e-01 1.174387e+02
7.854812e-01 -3.786562e-01 -4.895292e-01 -3.361536e+01 2.575402e-01 9.192333e-01 -2.977971e-01 -9.081219e-01 5.627543e-01 1.078406e-01 8.195596e-01 1.183887e+02
8.740899e-01 2.395314e-01 4.226009e-01 -3.377074e+01 -3.874603e-01 8.685113e-01 3.091320e-01 -9.168278e-01 -2.929868e-01 -4.339502e-01 8.519659e-01 1.190248e+02
8.207942e-01 -3.335424e-01 -4.637309e-01 -3.401488e+01 1.479821e-01 9.082649e-01 -3.913518e-01 -9.192725e-01 5.517229e-01 2.525954e-01 7.948568e-01 1.195766e+02
8.421694e-01 1.106595e-01 5.277359e-01 -3.422781e+01 -3.331429e-01 8.763558e-01 3.478741e-01 -9.251572e-01 -4.239888e-01 -4.687804e-01 7.749054e-01 1.201257e+02
8.884239e-01 -2.639325e-01 -3.755564e-01 -3.429122e+01 1.394671e-01 9.346924e-01 -3.269542e-01 -9.433283e-01 4.373235e-01 2.380962e-01 8.672130e-01 1.209510e+02
8.399311e-01 8.413184e-02 5.361321e-01 -3.430794e+01 -3.079836e-01 8.873089e-01 3.432624e-01 -9.627417e-01 -4.468355e-01 -4.534367e-01 7.711895e-01 1.217168e+02
8.317843e-01 -2.104778e-01 -5.136477e-01 -3.435055e+01 3.509843e-02 9.434165e-01 -3.297473e-01 -9.790825e-01 5.539882e-01 2.562504e-01 7.921065e-01 1.224139e+02
8.937950e-01 2.083405e-03 4.484710e-01 -3.436834e+01 -2.315795e-01 8.585003e-01 4.575459e-01 -9.977269e-01 -3.840592e-01 -5.128089e-01 7.678057e-01 1.231882e+02
9.049463e-01 -2.030580e-01 -3.739515e-01 -3.451683e+01 1.628171e-02 8.946781e-01 -4.464147e-01 -1.006391e+00 4.252142e-01 3.978928e-01 8.129417e-01 1.238214e+02
9.177089e-01 -1.366211e-02 3.970185e-01 -3.472939e+01 -2.021869e-01 8.442163e-01 4.964063e-01 -1.012425e+00 -3.419515e-01 -5.358285e-01 7.719825e-01 1.244347e+02
8.649274e-01 -4.093411e-02 -5.002249e-01 -3.483026e+01 -1.593480e-01 9.227054e-01 -3.510314e-01 -1.033050e+00 4.759293e-01 3.833265e-01 7.915504e-01 1.255392e+02
9.542165e-01 -1.527480e-01 2.571749e-01 -3.490365e+01 -1.928592e-02 8.265735e-01 5.624983e-01 -1.053055e+00 -2.984944e-01 -5.417050e-01 7.857842e-01 1.265613e+02
6.043347e-01 5.654909e-02 -7.947212e-01 -3.460377e+01 -4.201863e-01 8.701032e-01 -2.576119e-01 -1.058847e+00 6.769217e-01 4.896147e-01 5.495947e-01 1.264623e+02
8.667368e-01 -4.207270e-01 2.678734e-01 -3.449069e+01 2.671613e-01 8.451498e-01 4.629758e-01 -1.062967e+00 -4.211796e-01 -3.297128e-01 8.449244e-01 1.264451e+02
6.627068e-01 4.084836e-01 -6.276630e-01 -3.466854e+01 -5.593696e-01 8.272724e-01 -5.221082e-02 -1.071467e+00 4.979211e-01 3.856961e-01 7.767323e-01 1.271600e+02
8.122315e-01 -5.466165e-01 2.036917e-01 -3.477138e+01 4.435445e-01 8.055095e-01 3.929666e-01 -1.085105e+00 -3.788776e-01 -2.288335e-01 8.967090e-01 1.279721e+02
7.897118e-01 5.152453e-01 -3.329828e-01 -3.474522e+01 -5.715714e-01 8.151192e-01 -9.426984e-02 -1.101191e+00 2.228486e-01 2.647695e-01 9.382087e-01 1.285638e+02
7.398685e-01 -6.076177e-01 2.887825e-01 -3.469324e+01 5.059761e-01 7.854813e-01 3.563809e-01 -1.109692e+00 -4.433766e-01 -1.175580e-01 8.885929e-01 1.287149e+02
8.374409e-01 4.654696e-01 -2.864102e-01 -3.490905e+01 -5.305897e-01 8.180722e-01 -2.218838e-01 -1.107694e+00 1.310240e-01 3.377808e-01 9.320605e-01 1.287653e+02
7.783378e-01 -5.842860e-01 2.297826e-01 -3.482970e+01 4.635360e-01 7.816242e-01 4.173704e-01 -1.115121e+00 -4.234673e-01 -2.183426e-01 8.792053e-01 1.288313e+02
7.862997e-01 5.178221e-01 -3.370358e-01 -3.462418e+01 -5.835926e-01 8.015785e-01 -1.299673e-01 -1.134860e+00 2.028607e-01 2.988849e-01 9.324781e-01 1.291376e+02
7.856149e-01 -6.012973e-01 1.457763e-01 -3.449250e+01 5.345762e-01 7.782937e-01 3.293740e-01 -1.144628e+00 -3.115084e-01 -1.808326e-01 9.328784e-01 1.292766e+02
8.006830e-01 5.261275e-01 -2.865249e-01 -3.426832e+01 -5.794115e-01 8.016443e-01 -1.471351e-01 -1.152977e+00 1.522792e-01 2.838244e-01 9.467073e-01 1.292074e+02
7.598848e-01 -6.119347e-01 2.193422e-01 -3.436004e+01 5.136155e-01 7.720078e-01 3.744369e-01 -1.156568e+00 -3.984648e-01 -1.718714e-01 9.009362e-01 1.292771e+02
8.514635e-01 4.645380e-01 -2.433400e-01 -3.462893e+01 -5.212548e-01 8.005586e-01 -2.956339e-01 -1.153594e+00 5.747481e-02 3.785636e-01 9.237891e-01 1.294078e+02
7.367328e-01 -5.827517e-01 3.429653e-01 -3.485849e+01 3.876849e-01 7.795974e-01 4.918621e-01 -1.151400e+00 -5.540083e-01 -2.294085e-01 8.002790e-01 1.293312e+02
9.582333e-01 2.633391e-01 -1.115416e-01 -3.486843e+01 -2.820815e-01 8.060514e-01 -5.202991e-01 -1.156109e+00 -4.710683e-02 5.300318e-01 8.466683e-01 1.291748e+02
7.897983e-01 -3.604310e-01 4.962944e-01 -3.459106e+01 -1.913055e-03 8.076802e-01 5.896176e-01 -1.169028e+00 -6.133637e-01 -4.666284e-01 6.372149e-01 1.290568e+02
9.879188e-01 -1.112718e-01 -1.078654e-01 -3.425582e+01 3.020783e-02 8.209468e-01 -5.702051e-01 -1.181653e+00 1.519995e-01 5.600579e-01 8.143901e-01 1.290330e+02
9.483363e-01 -3.554032e-02 3.152701e-01 -3.380684e+01 -1.626436e-01 7.987407e-01 5.792758e-01 -1.193919e+00 -2.724067e-01 -6.006249e-01 7.516943e-01 1.289451e+02
9.765943e-01 -2.080189e-01 -5.469712e-02 -3.366801e+01 1.435327e-01 8.196675e-01 -5.545661e-01 -1.204720e+00 1.601937e-01 5.337352e-01 8.303401e-01 1.290711e+02
9.412685e-01 1.069837e-01 3.202625e-01 -3.376051e+01 -2.766971e-01 7.879990e-01 5.499966e-01 -1.213961e+00 -1.935258e-01 -6.063102e-01 7.713207e-01 1.295159e+02
9.457323e-01 -3.110759e-01 9.392663e-02 -3.377821e+01 3.163400e-01 8.152957e-01 -4.849968e-01 -1.228676e+00 7.429285e-02 4.883899e-01 8.694572e-01 1.300216e+02
7.713865e-01 2.227070e-01 5.961245e-01 -3.354635e+01 -4.494789e-01 8.538046e-01 2.626528e-01 -1.246149e+00 -4.504792e-01 -4.705522e-01 7.587154e-01 1.302961e+02
1.983467e-01 1.801253e-01 -9.634383e-01 -3.383596e+01 -3.421441e-01 9.338570e-01 1.041563e-01 -1.290504e+00 9.184748e-01 3.089757e-01 2.468563e-01 1.330776e+02
8.538997e-01 -3.871031e-01 3.478599e-01 -3.444085e+01 2.502100e-01 8.914359e-01 3.778054e-01 -1.295349e+00 -4.563444e-01 -2.355699e-01 8.580539e-01 1.356700e+02
9.287663e-01 2.547616e-01 -2.692391e-01 -3.416103e+01 -3.204246e-01 9.169741e-01 -2.376690e-01 -1.311475e+00 1.863363e-01 3.070098e-01 9.332865e-01 1.358145e+02
7.664219e-01 -3.951383e-01 5.064219e-01 -3.395001e+01 1.792772e-01 8.886627e-01 4.220644e-01 -1.325840e+00 -6.168120e-01 -2.326895e-01 7.519299e-01 1.359815e+02
9.226224e-01 1.047696e-01 -3.712025e-01 -3.346719e+01 -2.327853e-01 9.186128e-01 -3.193142e-01 -1.338079e+00 3.075369e-01 3.810169e-01 8.719215e-01 1.358460e+02
8.606712e-01 -2.871456e-01 4.204670e-01 -3.279358e+01 1.083965e-01 9.102066e-01 3.997175e-01 -1.350455e+00 -4.974890e-01 -2.984482e-01 8.145142e-01 1.355322e+02
9.336059e-01 1.793242e-01 -3.101982e-01 -3.265548e+01 -2.522418e-01 9.438027e-01 -2.135661e-01 -1.373826e+00 2.544683e-01 2.776315e-01 9.263728e-01 1.360046e+02
6.269090e-01 -3.289981e-01 7.062191e-01 -3.252518e+01 1.088189e-01 9.345545e-01 3.387718e-01 -1.387045e+00 -7.714555e-01 -1.355291e-01 6.216818e-01 1.361664e+02
9.764579e-01 -3.176679e-02 -2.133560e-01 -3.234424e+01 -3.977204e-02 9.456250e-01 -3.228181e-01 -1.397134e+00 2.120097e-01 3.237039e-01 9.220996e-01 1.360057e+02
6.128880e-01 -1.388096e-01 7.778818e-01 -3.240484e+01 -6.242010e-02 9.728674e-01 2.227843e-01 -1.400626e+00 -7.877004e-01 -1.850973e-01 5.875943e-01 1.358259e+02
9.505694e-01 -2.155168e-01 -2.235404e-01 -3.239527e+01 1.599656e-01 9.569132e-01 -2.423388e-01 -1.405879e+00 2.661369e-01 1.946011e-01 9.440877e-01 1.357156e+02
6.785093e-01 5.869594e-02 7.322431e-01 -3.150979e+01 -1.764624e-01 9.806386e-01 8.490605e-02 -1.424232e+00 -7.130821e-01 -1.868229e-01 6.757300e-01 1.355776e+02
9.215792e-01 -1.761066e-01 -3.459455e-01 -3.030802e+01 1.520621e-01 9.837278e-01 -9.569055e-02 -1.452911e+00 3.571680e-01 3.558120e-02 9.333622e-01 1.353711e+02
6.223297e-01 8.098390e-02 7.785546e-01 -3.008731e+01 -5.515911e-02 9.966982e-01 -5.958394e-02 -1.463760e+00 -7.808093e-01 -5.863521e-03 6.247419e-01 1.352605e+02
8.989584e-01 -1.673731e-01 -4.047963e-01 -3.015416e+01 1.949535e-01 9.804251e-01 2.756519e-02 -1.466970e+00 3.922588e-01 -1.036964e-01 9.139913e-01 1.351827e+02
6.590372e-01 1.019135e-01 7.451735e-01 -2.975332e+01 -1.577747e-03 9.909620e-01 -1.341334e-01 -1.482203e+00 -7.521087e-01 8.722317e-02 6.532417e-01 1.351816e+02
8.912597e-01 2.395126e-02 -4.528604e-01 -2.942029e+01 7.983553e-02 9.747213e-01 2.086736e-01 -1.503963e+00 4.464106e-01 -2.221367e-01 8.668176e-01 1.353770e+02
6.937250e-01 6.561162e-03 7.202101e-01 -2.932598e+01 1.217583e-01 9.844978e-01 -1.262496e-01 -1.521761e+00 -7.098736e-01 1.752741e-01 6.821719e-01 1.357746e+02
8.902093e-01 1.713715e-01 -4.220891e-01 -2.900152e+01 -5.359625e-02 9.595093e-01 2.765309e-01 -1.547097e+00 4.523880e-01 -2.235480e-01 8.633490e-01 1.361771e+02
6.847663e-01 -1.611871e-01 7.107136e-01 -2.850483e+01 2.075012e-01 9.779901e-01 2.187876e-02 -1.581498e+00 -6.985974e-01 1.324921e-01 7.031412e-01 1.366779e+02
9.098581e-01 2.609432e-01 -3.225939e-01 -2.787839e+01 -2.124306e-01 9.608184e-01 1.780485e-01 -1.612186e+00 3.564147e-01 -9.347008e-02 9.296407e-01 1.369578e+02
7.221466e-01 -2.890168e-01 6.284692e-01 -2.732311e+01 3.066404e-01 9.481401e-01 8.367814e-02 -1.633518e+00 -6.200613e-01 1.322861e-01 7.733204e-01 1.369815e+02
9.641599e-01 1.944038e-01 -1.805625e-01 -2.736913e+01 -2.043419e-01 9.781621e-01 -3.799128e-02 -1.639450e+00 1.692338e-01 7.352615e-02 9.828295e-01 1.368903e+02
7.089378e-01 -2.857531e-01 6.447886e-01 -2.747409e+01 2.533183e-01 9.564039e-01 1.453321e-01 -1.642147e+00 -6.582074e-01 6.030531e-02 7.504174e-01 1.367544e+02
9.896618e-01 1.165662e-01 -8.355758e-02 -2.726611e+01 -1.271251e-01 9.826851e-01 -1.347932e-01 -1.654335e+00 6.639846e-02 1.440219e-01 9.873444e-01 1.365872e+02
6.761646e-01 -2.247487e-01 7.016334e-01 -2.722436e+01 1.447870e-01 9.742999e-01 1.725584e-01 -1.663978e+00 -7.223837e-01 -1.509052e-02 6.913278e-01 1.364474e+02
9.457213e-01 2.370320e-02 -3.241131e-01 -2.707997e+01 -7.904812e-02 9.841609e-01 -1.586783e-01 -1.671999e+00 3.152183e-01 1.756860e-01 9.326156e-01 1.361478e+02
7.908677e-01 -1.314644e-01 5.977001e-01 -2.696440e+01 4.373970e-02 9.862993e-01 1.590613e-01 -1.679713e+00 -6.104221e-01 -9.965320e-02 7.857825e-01 1.358966e+02
9.845704e-01 -6.570794e-02 -1.621836e-01 -2.707194e+01 4.024143e-02 9.870025e-01 -1.555853e-01 -1.683157e+00 1.702988e-01 1.466582e-01 9.744176e-01 1.358230e+02
6.881127e-01 -5.279203e-02 7.236808e-01 -2.690185e+01 -1.079738e-02 9.964944e-01 8.296030e-02 -1.695673e+00 -7.255235e-01 -6.489989e-02 6.851304e-01 1.358352e+02
9.198393e-01 -8.869182e-02 -3.821379e-01 -2.661333e+01 7.082746e-02 9.956464e-01 -6.059541e-02 -1.707906e+00 3.858486e-01 2.867218e-02 9.221165e-01 1.357982e+02
7.366289e-01 -1.366676e-02 6.761591e-01 -2.667788e+01 4.643286e-03 9.998744e-01 1.515127e-02 -1.712185e+00 -6.762813e-01 -8.021260e-03 7.365998e-01 1.358511e+02
9.413382e-01 -1.051154e-01 -3.206759e-01 -2.679009e+01 1.073775e-01 9.941610e-01 -1.067483e-02 -1.714160e+00 3.199256e-01 -2.438474e-02 9.471288e-01 1.358856e+02
7.602660e-01 2.482701e-02 6.491373e-01 -2.667280e+01 9.624818e-03 9.987292e-01 -4.947009e-02 -1.723536e+00 -6.495406e-01 4.385825e-02 7.590609e-01 1.359287e+02
9.424619e-01 -6.124647e-02 -3.286555e-01 -2.648307e+01 8.893135e-02 9.935846e-01 6.986300e-02 -1.734868e+00 3.222682e-01 -9.507099e-02 9.418624e-01 1.359739e+02
7.300629e-01 1.384490e-03 6.833785e-01 -2.659667e+01 9.195983e-02 9.907035e-01 -1.002491e-01 -1.737330e+00 -6.771643e-01 1.360315e-01 7.231486e-01 1.359872e+02
9.628778e-01 -4.813344e-02 -2.656117e-01 -2.677124e+01 7.463453e-02 9.930872e-01 9.059552e-02 -1.736525e+00 2.594149e-01 -1.070562e-01 9.598140e-01 1.358857e+02
7.713511e-01 7.606969e-03 6.363643e-01 -2.679157e+01 1.111602e-01 9.829467e-01 -1.464897e-01 -1.740665e+00 -6.266266e-01 1.837334e-01 7.573514e-01 1.355475e+02
9.728868e-01 -1.773743e-02 -2.306007e-01 -2.671691e+01 4.537757e-02 9.923149e-01 1.151173e-01 -1.746188e+00 2.267866e-01 -1.224602e-01 9.662149e-01 1.350936e+02
8.161095e-01 -1.364696e-02 5.777361e-01 -2.643933e+01 1.290954e-01 9.787630e-01 -1.592402e-01 -1.755360e+00 -5.632936e-01 2.045405e-01 8.005395e-01 1.347229e+02
9.746614e-01 3.487818e-02 -2.209496e-01 -2.625212e+01 1.996840e-03 9.863729e-01 1.645132e-01 -1.763947e+00 2.236766e-01 -1.607859e-01 9.613099e-01 1.344846e+02
8.075998e-01 -7.241269e-02 5.852683e-01 -2.633019e+01 1.877861e-01 9.723508e-01 -1.388175e-01 -1.766423e+00 -5.590339e-01 2.220143e-01 7.988684e-01 1.342770e+02
9.860820e-01 6.603030e-02 -1.525854e-01 -2.650236e+01 -4.581255e-02 9.901356e-01 1.324112e-01 -1.766100e+00 1.598234e-01 -1.235780e-01 9.793799e-01 1.340313e+02
9.279551e-01 -1.208212e-01 3.525642e-01 -2.598960e+01 1.811327e-01 9.729599e-01 -1.433180e-01 -1.774158e+00 -3.257150e-01 1.968535e-01 9.247478e-01 1.336507e+02
9.865545e-01 1.039224e-01 -1.261359e-01 -2.546667e+01 -8.205414e-02 9.824277e-01 1.676393e-01 -1.787895e+00 1.413409e-01 -1.550353e-01 9.777458e-01 1.333529e+02
7.814477e-01 -1.730107e-01 5.995055e-01 -2.555359e+01 2.924911e-01 9.502604e-01 -1.070236e-01 -1.789973e+00 -5.511701e-01 2.589833e-01 7.931829e-01 1.331386e+02
9.790803e-01 1.654527e-01 -1.184361e-01 -2.560344e+01 -1.510349e-01 9.809892e-01 1.218547e-01 -1.793567e+00 1.363458e-01 -1.014176e-01 9.854564e-01 1.329127e+02
7.909022e-01 -2.285451e-01 5.676626e-01 -2.556559e+01 3.073766e-01 9.504957e-01 -4.557933e-02 -1.798907e+00 -5.291440e-01 2.105350e-01 8.219986e-01 1.325974e+02
9.808649e-01 1.750671e-01 -8.517911e-02 -2.544279e+01 -1.716652e-01 9.840901e-01 4.580188e-02 -1.806047e+00 9.184231e-02 -3.030317e-02 9.953124e-01 1.323908e+02
9.119283e-01 -2.575280e-01 3.194780e-01 -2.493214e+01 2.627361e-01 9.644760e-01 2.749199e-02 -1.816735e+00 -3.152088e-01 5.886767e-02 9.471948e-01 1.321575e+02
8.065371e-01 2.231716e-01 -5.474417e-01 -2.424141e+01 -1.639303e-01 9.741233e-01 1.555979e-01 -1.820550e+00 5.680007e-01 -3.575322e-02 8.222511e-01 1.316318e+02
9.759312e-01 -2.177839e-01 -1.133375e-02 -2.344448e+01 2.148159e-01 9.689874e-01 -1.221374e-01 -1.819017e+00 3.758181e-02 1.167630e-01 9.924485e-01 1.308906e+02
9.173060e-01 1.814850e-01 -3.544191e-01 -2.258704e+01 -1.033315e-01 9.680956e-01 2.282839e-01 -1.824136e+00 3.845417e-01 -1.727835e-01 9.067930e-01 1.303182e+02
9.384505e-01 -1.340740e-01 3.183314e-01 -2.160136e+01 1.832109e-01 9.744827e-01 -1.296809e-01 -1.837399e+00 -2.928216e-01 1.800209e-01 9.390676e-01 1.298889e+02
9.869714e-01 1.362214e-01 -8.562270e-02 -2.063466e+01 -1.220333e-01 9.805987e-01 1.534083e-01 -1.854278e+00 1.048590e-01 -1.409608e-01 9.844464e-01 1.295035e+02
9.037332e-01 -1.757274e-01 3.903668e-01 -1.992764e+01 2.256900e-01 9.704272e-01 -8.564479e-02 -1.871131e+00 -3.637724e-01 1.655019e-01 9.166672e-01 1.292910e+02
9.651844e-01 1.889441e-01 -1.808843e-01 -1.920018e+01 -1.602368e-01 9.736844e-01 1.620583e-01 -1.885192e+00 2.067441e-01 -1.274318e-01 9.700608e-01 1.290416e+02
9.632720e-01 -2.658469e-01 3.784742e-02 -1.808790e+01 2.685264e-01 9.532558e-01 -1.385532e-01 -1.892432e+00 7.556622e-04 1.436274e-01 9.896315e-01 1.283753e+02
9.321120e-01 2.197825e-01 -2.878590e-01 -1.666634e+01 -1.510441e-01 9.583017e-01 2.425768e-01 -1.901498e+00 3.291699e-01 -1.826293e-01 9.264414e-01 1.275194e+02
9.652260e-01 -2.613173e-01 -7.207171e-03 -1.524091e+01 2.518024e-01 9.367821e-01 -2.429707e-01 -1.912104e+00 7.024400e-02 2.327068e-01 9.700069e-01 1.266434e+02
7.646897e-01 1.516327e-01 -6.263044e-01 -1.348240e+01 1.055287e-01 9.293322e-01 3.538436e-01 -1.915581e+00 6.356992e-01 -3.366736e-01 6.946491e-01 1.254465e+02
9.411137e-01 -3.845442e-02 -3.358961e-01 -1.139726e+01 -7.992478e-02 9.400452e-01 -3.315525e-01 -1.914086e+00 3.285072e-01 3.388750e-01 8.816160e-01 1.239435e+02
8.790956e-01 -1.388758e-01 -4.559654e-01 -9.665586e+00 2.949825e-01 9.099261e-01 2.915816e-01 -1.918429e+00 3.744012e-01 -3.908299e-01 8.408779e-01 1.228255e+02
9.643931e-01 2.167802e-01 1.514999e-01 -8.484554e+00 -1.616601e-01 9.365492e-01 -3.110330e-01 -1.930378e+00 -2.093130e-01 2.754666e-01 9.382464e-01 1.222099e+02
6.221211e-01 -1.727571e-01 -7.636231e-01 -7.505999e+00 4.050365e-01 9.057042e-01 1.250813e-01 -1.928954e+00 6.700080e-01 -3.871109e-01 6.334306e-01 1.213977e+02
9.233226e-01 3.460268e-01 1.665559e-01 -6.590583e+00 -3.245961e-01 9.349777e-01 -1.430180e-01 -1.928561e+00 -2.052141e-01 7.798834e-02 9.756049e-01 1.206165e+02
7.368134e-01 -3.590444e-01 -5.728814e-01 -5.817978e+00 4.116556e-01 9.104107e-01 -4.113341e-02 -1.930411e+00 5.363261e-01 -2.055222e-01 8.186055e-01 1.199825e+02
9.262416e-01 3.593037e-01 1.139183e-01 -5.113731e+00 -3.656206e-01 9.299135e-01 3.978042e-02 -1.929966e+00 -9.164092e-02 -7.849717e-02 9.926934e-01 1.193278e+02
7.449311e-01 -3.834939e-01 -5.459031e-01 -4.404068e+00 3.238714e-01 9.232601e-01 -2.066351e-01 -1.929776e+00 5.832538e-01 -2.287346e-02 8.119679e-01 1.186715e+02
