1.000000e+00 1.197625e-11 1.704638e-10 5.551115e-17 1.197625e-11 1.000000e+00 3.562503e-10 0.000000e+00 1.704638e-10 3.562503e-10 1.000000e+00 2.220446e-16 0.000000e+00 0.000000e+00 0.000000e+00 1.000000e+00
9.986739e-01 -7.530177e-03 5.092935e-02 -1.199481e-01 3.625681e-03 9.970762e-01 7.632707e-02 -8.262539e-03 -5.135520e-02 -7.604119e-02 9.957813e-01 5.102993e-01
9.877276e-01 3.130199e-02 -1.530176e-01 -2.770182e-01 -3.005611e-02 9.994936e-01 1.044904e-02 -1.291443e-02 1.532672e-01 -5.721693e-03 9.881682e-01 9.639457e-01
9.996883e-01 -1.322616e-02 -2.117323e-02 -4.667703e-01 1.474790e-02 9.971930e-01 7.340707e-02 -1.423969e-02 2.014291e-02 -7.369645e-02 9.970773e-01 1.309900e+00
9.895842e-01 4.808657e-02 -1.356861e-01 -6.449281e-01 -4.516220e-02 9.986779e-01 2.455071e-02 -1.814175e-02 1.366873e-01 -1.816711e-02 9.904476e-01 1.720799e+00
9.983423e-01 -1.203258e-02 -5.628463e-02 -7.752549e-01 1.615098e-02 9.971793e-01 7.329827e-02 -2.389154e-02 5.524390e-02 -7.408581e-02 9.957205e-01 2.160607e+00
9.671575e-01 7.399910e-02 -2.431675e-01 -9.250937e-01 -6.932104e-02 9.972083e-01 2.775104e-02 -2.502606e-02 2.445423e-01 -9.983004e-03 9.695872e-01 2.458752e+00
9.982670e-01 -1.887624e-02 -5.573805e-02 -1.019180e+00 2.398725e-02 9.954236e-01 9.250092e-02 -2.958341e-02 5.373690e-02 -9.367761e-02 9.941513e-01 2.754783e+00
9.484725e-01 9.765555e-02 -3.014355e-01 -1.187650e+00 -9.423175e-02 9.952129e-01 2.591546e-02 -2.924388e-02 3.025233e-01 3.824692e-03 9.531343e-01 3.037793e+00
9.966384e-01 -4.190678e-02 -7.039651e-02 -1.348908e+00 4.761897e-02 9.955328e-01 8.152847e-02 -2.972513e-02 6.666544e-02 -8.460662e-02 9.941818e-01 3.335231e+00
9.509693e-01 -3.327272e-03 3.092674e-01 -8.825109e-01 1.478405e-02 9.992881e-01 -3.470871e-02 -4.744372e-02 -3.089317e-01 3.757914e-02 9.503415e-01 3.461291e+00
9.787151e-01 2.477601e-02 -2.037224e-01 -4.653116e-01 3.900164e-03 9.902609e-01 1.391691e-01 -6.753728e-02 2.051864e-01 -1.370015e-01 9.690868e-01 3.571774e+00
9.919854e-01 6.633463e-02 -1.075389e-01 -6.703395e-01 -6.889356e-02 9.974184e-01 -2.025341e-02 -6.787188e-02 1.059178e-01 2.749982e-02 9.939946e-01 3.870095e+00
9.717543e-01 -4.540978e-03 -2.359513e-01 -9.168281e-01 3.124495e-02 9.934889e-01 1.095608e-01 -6.787493e-02 2.339175e-01 -1.138384e-01 9.655690e-01 4.320468e+00
9.928251e-01 7.653346e-02 -9.187482e-02 -1.184632e+00 -7.746756e-02 9.969728e-01 -6.639097e-03 -6.598323e-02 9.108858e-02 1.370878e-02 9.957484e-01 4.714240e+00
9.683401e-01 -7.285638e-03 -2.495281e-01 -1.406320e+00 3.485979e-02 9.937266e-01 1.062654e-01 -6.755894e-02 2.471885e-01 -1.115995e-01 9.625193e-01 5.174445e+00
9.791608e-01 1.018627e-01 -1.756933e-01 -1.742485e+00 -1.024662e-01 9.947204e-01 5.657756e-03 -6.126975e-02 1.753420e-01 1.246276e-02 9.844287e-01 5.530318e+00
9.906746e-01 -6.479047e-02 -1.198582e-01 -2.037978e+00 7.223108e-02 9.956527e-01 5.880860e-02 -5.741862e-02 1.155269e-01 -6.691767e-02 9.910477e-01 5.860305e+00
9.957355e-01 8.349278e-02 -3.924089e-02 -2.289934e+00 -8.316634e-02 9.964867e-01 9.881756e-03 -5.544723e-02 3.992808e-02 -6.576094e-03 9.991809e-01 6.136943e+00
9.890318e-01 -6.625909e-02 -1.320066e-01 -2.495777e+00 7.169592e-02 9.967451e-01 3.686276e-02 -5.464055e-02 1.291345e-01 -4.592278e-02 9.905632e-01 6.388412e+00
9.877150e-01 5.062783e-02 1.478377e-01 -2.575663e+00 -5.432458e-02 9.983009e-01 2.107305e-02 -6.087340e-02 -1.465197e-01 -2.884539e-02 9.887871e-01 6.652394e+00
9.873046e-01 -6.124316e-02 -1.465567e-01 -2.740602e+00 6.678311e-02 9.972157e-01 3.317924e-02 -6.273229e-02 1.441166e-01 -4.254552e-02 9.886457e-01 6.857708e+00
9.378597e-01 1.032579e-02 3.468610e-01 -2.881235e+00 3.947320e-03 9.991751e-01 -4.041765e-02 -6.580751e-02 -3.469923e-01 3.927526e-02 9.370453e-01 7.037177e+00
9.619752e-01 -3.807608e-03 -2.731103e-01 -3.008065e+00 2.961234e-02 9.954629e-01 9.042501e-02 -6.895160e-02 2.715269e-01 -9.507405e-02 9.577234e-01 7.184145e+00
8.901698e-01 -2.094266e-02 4.551474e-01 -3.178653e+00 7.105834e-02 9.931011e-01 -9.327924e-02 -6.937246e-02 -4.500538e-01 1.153764e-01 8.855167e-01 7.311817e+00
9.406085e-01 4.658622e-02 -3.362817e-01 -3.329540e+00 1.348432e-04 9.904889e-01 1.375929e-01 -7.096589e-02 3.394932e-01 -1.294664e-01 9.316560e-01 7.429974e+00
9.438449e-01 -2.865158e-02 3.291442e-01 -3.487125e+00 6.901147e-02 9.913541e-01 -1.115993e-01 -7.020635e-02 -3.231009e-01 1.280472e-01 9.376618e-01 7.533919e+00
9.903092e-01 1.884170e-02 -1.375958e-01 -3.642178e+00 -1.079684e-03 9.917688e-01 1.280373e-01 -6.963188e-02 1.388756e-01 -1.266479e-01 9.821781e-01 7.549848e+00
9.618689e-01 -4.332939e-02 2.700570e-01 -3.815766e+00 7.239733e-02 9.924882e-01 -9.861932e-02 -6.835485e-02 -2.637552e-01 1.144103e-01 9.577805e-01 7.527955e+00
9.804136e-01 3.835607e-02 -1.931787e-01 -4.172825e+00 -1.744798e-02 9.939114e-01 1.087920e-01 -5.958376e-02 1.961753e-01 -1.032906e-01 9.751135e-01 7.509668e+00
8.987754e-01 -7.815291e-02 4.313872e-01 -4.433790e+00 1.313286e-01 9.867915e-01 -9.484359e-02 -5.483465e-02 -4.182769e-01 1.418966e-01 8.971676e-01 7.485115e+00
9.778010e-01 6.531750e-02 -1.990952e-01 -4.652342e+00 -4.245928e-02 9.922246e-01 1.169938e-01 -5.157070e-02 2.051889e-01 -1.059432e-01 9.729715e-01 7.472909e+00
9.131054e-01 -1.016611e-01 3.948462e-01 -4.826250e+00 1.480871e-01 9.849743e-01 -8.885900e-02 -4.997222e-02 -3.798798e-01 1.396093e-01 9.144400e-01 7.454079e+00
9.871860e-01 9.459938e-02 -1.285095e-01 -4.732605e+00 -7.766592e-02 9.883444e-01 1.309324e-01 -5.662377e-02 1.393977e-01 -1.192738e-01 9.830270e-01 7.437146e+00
9.585513e-01 -1.220746e-01 2.574435e-01 -4.834695e+00 1.491655e-01 9.848531e-01 -8.839710e-02 -5.749391e-02 -2.427529e-01 1.231348e-01 9.622416e-01 7.416268e+00
9.857946e-01 1.072817e-01 -1.292270e-01 -4.877176e+00 -8.996759e-02 9.870121e-01 1.330899e-01 -6.021503e-02 1.418267e-01 -1.195731e-01 9.826431e-01 7.401900e+00
9.966990e-01 -7.759767e-02 2.386749e-02 -5.119300e+00 7.934836e-02 9.932835e-01 -8.421269e-02 -5.547348e-02 -1.717247e-02 8.582856e-02 9.961619e-01 7.413651e+00
9.739283e-01 1.006186e-01 -2.033213e-01 -5.388073e+00 -7.434640e-02 9.883274e-01 1.329722e-01 -4.916979e-02 2.143275e-01 -1.143892e-01 9.700406e-01 7.444695e+00
9.977412e-01 -4.070047e-02 -5.344111e-02 -5.642680e+00 3.605064e-02 9.957061e-01 -8.526209e-02 -4.313572e-02 5.668184e-02 8.314292e-02 9.949243e-01 7.492218e+00
9.073611e-01 1.340023e-01 -3.984209e-01 -5.847209e+00 -6.078091e-02 9.796907e-01 1.910807e-01 -3.836184e-02 4.159345e-01 -1.491628e-01 8.970780e-01 7.613280e+00
9.936073e-01 4.602132e-02 -1.030856e-01 -6.093583e+00 -5.178148e-02 9.972020e-01 -5.391546e-02 -3.558371e-02 1.003159e-01 5.890872e-02 9.932102e-01 7.947115e+00
8.363334e-01 1.172173e-01 -5.355432e-01 -6.331274e+00 -2.696426e-02 9.844873e-01 1.733714e-01 -3.277051e-02 5.475576e-01 -1.305557e-01 8.265203e-01 8.365669e+00
9.781665e-01 1.014287e-01 -1.813903e-01 -6.605226e+00 -9.540377e-02 9.945665e-01 4.166056e-02 -2.822176e-02 1.846303e-01 -2.344565e-02 9.825283e-01 8.897994e+00
8.601485e-01 4.634495e-02 -5.079337e-01 -7.012682e+00 -1.833839e-02 9.980295e-01 6.000761e-02 -1.570731e-02 5.097139e-01 -4.230078e-02 8.593034e-01 9.286727e+00
9.960252e-01 7.104654e-02 -5.372337e-02 -7.467625e+00 -6.856418e-02 9.965522e-01 4.671967e-02 -2.887869e-03 5.685741e-02 -4.285047e-02 9.974623e-01 9.629244e+00
8.846755e-01 2.686773e-02 -4.654325e-01 -7.949795e+00 -2.935283e-02 9.995673e-01 1.908697e-03 1.322702e-02 4.652824e-01 1.197319e-02 8.850813e-01 9.869542e+00
9.984277e-01 -3.791007e-04 5.605393e-02 -8.333046e+00 -2.078896e-03 9.990388e-01 4.378574e-02 2.614106e-02 -5.601665e-02 -4.383342e-02 9.974672e-01 1.003133e+01
9.925517e-01 -8.157231e-03 -1.215508e-01 -8.642131e+00 2.797252e-03 9.990187e-01 -4.420218e-02 3.408795e-02 1.217921e-01 4.353294e-02 9.916005e-01 1.004643e+01
9.879561e-01 -2.291443e-02 1.530286e-01 -8.984647e+00 1.513635e-02 9.985427e-01 5.180072e-02 4.237123e-02 -1.539926e-01 -4.886054e-02 9.868632e-01 1.005358e+01
9.811875e-01 9.114998e-03 -1.928417e-01 -9.375431e+00 -1.559247e-02 9.993631e-01 -3.209860e-02 5.248691e-02 1.924263e-01 3.450163e-02 9.807047e-01 1.014302e+01
9.975044e-01 -8.331096e-03 7.011115e-02 -9.806375e+00 4.416022e-03 9.984315e-01 5.581177e-02 6.439248e-02 -7.046616e-02 -5.536287e-02 9.959766e-01 1.022635e+01
9.831528e-01 -1.382154e-02 -1.822625e-01 -1.021958e+01 2.961578e-03 9.982106e-01 -5.972226e-02 7.585413e-02 1.827618e-01 5.817632e-02 9.814345e-01 1.037346e+01
9.995927e-01 1.957794e-02 2.076396e-02 -1.059551e+01 -2.165903e-02 9.942086e-01 1.052620e-01 8.543288e-02 -1.858290e-02 -1.056689e-01 9.942277e-01 1.046706e+01
9.955829e-01 -2.168816e-02 -9.134678e-02 -1.098716e+01 1.313427e-02 9.955587e-01 -9.322255e-02 9.596015e-02 9.296291e-02 9.161101e-02 9.914461e-01 1.052476e+01
9.993554e-01 5.278575e-03 3.550966e-02 -1.134875e+01 -8.971170e-03 9.944689e-01 1.046478e-01 1.044492e-01 -3.476086e-02 -1.048989e-01 9.938752e-01 1.064705e+01
9.906852e-01 -6.104211e-02 1.217236e-01 -1.147537e+01 7.203047e-02 9.935114e-01 -8.801491e-02 1.034588e-01 -1.155612e-01 9.596288e-02 9.886540e-01 1.072063e+01
9.940366e-01 1.241196e-02 1.083380e-01 -1.117171e+01 -2.267965e-02 9.953078e-01 9.406379e-02 9.220725e-02 -1.066621e-01 -9.595992e-02 9.896539e-01 1.069557e+01
9.817294e-01 9.031733e-03 -1.900680e-01 -1.121098e+01 -1.273461e-02 9.997520e-01 -1.826950e-02 8.618468e-02 1.898558e-01 2.035615e-02 9.816009e-01 1.085790e+01
9.879766e-01 -4.015072e-02 1.492987e-01 -1.140466e+01 3.640401e-02 9.989519e-01 2.774526e-02 8.976796e-02 -1.502563e-01 -2.197660e-02 9.884028e-01 1.093115e+01
9.383919e-01 7.901745e-02 -3.364178e-01 -1.153985e+01 -6.961918e-02 9.967743e-01 3.992799e-02 9.074836e-02 3.384876e-01 -1.404698e-02 9.408660e-01 1.093209e+01
9.527091e-01 -7.441486e-02 2.946315e-01 -1.194705e+01 8.076497e-02 9.966886e-01 -9.425606e-03 1.011103e-01 -2.929545e-01 3.277577e-02 9.555645e-01 1.097362e+01
9.248857e-01 8.540517e-02 -3.705299e-01 -1.239849e+01 -7.655750e-02 9.963197e-01 3.854996e-02 1.136019e-01 3.724586e-01 -7.287458e-03 9.280202e-01 1.098432e+01
9.515208e-01 -7.195588e-02 2.990493e-01 -1.276580e+01 7.758508e-02 9.969613e-01 -6.977404e-03 1.228446e-01 -2.976385e-01 2.984091e-02 9.542122e-01 1.098929e+01
9.230001e-01 8.392207e-02 -3.755367e-01 -1.311986e+01 -6.977595e-02 9.962511e-01 5.113811e-02 1.316931e-01 3.784205e-01 -2.099705e-02 9.253956e-01 1.106706e+01
9.307840e-01 -9.111792e-02 3.540320e-01 -1.346239e+01 1.041807e-01 9.943960e-01 -1.797145e-02 1.399852e-01 -3.504105e-01 5.361085e-02 9.350606e-01 1.112278e+01
9.300549e-01 8.787016e-02 -3.567587e-01 -1.386574e+01 -7.357570e-02 9.958551e-01 5.347175e-02 1.504643e-01 3.599785e-01 -2.348289e-02 9.326650e-01 1.111905e+01
9.197302e-01 -8.908856e-02 3.823082e-01 -1.423455e+01 1.073583e-01 9.938624e-01 -2.667706e-02 1.593088e-01 -3.775852e-01 6.557965e-02 9.236497e-01 1.114834e+01
9.418961e-01 9.049422e-02 -3.234849e-01 -1.444045e+01 -6.908665e-02 9.946281e-01 7.708441e-02 1.615942e-01 3.287229e-01 -5.025702e-02 9.430883e-01 1.117580e+01
9.640633e-01 -8.775708e-02 2.507603e-01 -1.475751e+01 9.911677e-02 9.945281e-01 -3.301146e-02 1.691648e-01 -2.464911e-01 5.667968e-02 9.674862e-01 1.125561e+01
9.702230e-01 7.564383e-02 -2.300987e-01 -1.512306e+01 -6.752876e-02 9.967923e-01 4.295215e-02 1.781734e-01 2.326097e-01 -2.613488e-02 9.722189e-01 1.122266e+01
9.301065e-01 -1.067899e-01 3.514226e-01 -1.539242e+01 1.205641e-01 9.925516e-01 -1.748030e-02 1.828636e-01 -3.469383e-01 5.862749e-02 9.360537e-01 1.121932e+01
9.606132e-01 8.909174e-02 -2.632204e-01 -1.571939e+01 -7.885180e-02 9.956697e-01 4.923581e-02 1.898785e-01 2.664671e-01 -2.654116e-02 9.634785e-01 1.119093e+01
9.150129e-01 -1.172728e-01 3.860031e-01 -1.610501e+01 1.432676e-01 9.889085e-01 -3.916979e-02 1.990802e-01 -3.771282e-01 9.114261e-02 9.216655e-01 1.115263e+01
9.610993e-01 1.017454e-01 -2.567802e-01 -1.635516e+01 -8.503773e-02 9.935221e-01 7.538192e-02 2.033490e-01 2.627865e-01 -5.061351e-02 9.635256e-01 1.108762e+01
9.130621e-01 -1.275386e-01 3.873649e-01 -1.663595e+01 1.522740e-01 9.877633e-01 -3.370900e-02 2.083910e-01 -3.783256e-01 8.976402e-02 9.213100e-01 1.111311e+01
9.436802e-01 8.564303e-02 -3.195825e-01 -1.652575e+01 -6.247264e-02 9.946656e-01 8.208205e-02 2.050112e-01 3.249075e-01 -5.749404e-02 9.439966e-01 1.094696e+01
9.809170e-01 -8.428929e-02 1.752058e-01 -1.636714e+01 8.560357e-02 9.963293e-01 5.641850e-05 1.984541e-01 -1.745675e-01 1.494290e-02 9.845318e-01 1.084246e+01
9.256565e-01 1.214540e-01 -3.583421e-01 -1.675327e+01 -1.019090e-01 9.921108e-01 7.301153e-02 2.086949e-01 3.643826e-01 -3.106532e-02 9.307310e-01 1.097972e+01
9.693776e-01 -1.016011e-01 2.235718e-01 -1.718962e+01 1.098252e-01 9.936457e-01 -2.462997e-02 2.207029e-01 -2.196487e-01 4.842956e-02 9.743762e-01 1.113308e+01
9.799264e-01 8.396844e-02 -1.808135e-01 -1.754098e+01 -7.713358e-02 9.960264e-01 4.451853e-02 2.288159e-01 1.838331e-01 -2.967810e-02 9.825093e-01 1.118491e+01
9.573641e-01 -9.578447e-02 2.725424e-01 -1.747377e+01 9.889168e-02 9.950954e-01 2.345868e-03 2.198684e-01 -2.714304e-01 2.470632e-02 9.621409e-01 1.140274e+01
9.570636e-01 1.285444e-01 -2.598184e-01 -1.742722e+01 -1.007182e-01 9.879205e-01 1.177664e-01 2.093277e-01 2.718181e-01 -8.654150e-02 9.584495e-01 1.164435e+01
9.201691e-01 -1.302219e-01 3.692304e-01 -1.781336e+01 1.738771e-01 9.808829e-01 -8.738150e-02 2.185878e-01 -3.507928e-01 1.446065e-01 9.252207e-01 1.170957e+01
9.369152e-01 1.517994e-01 -3.148760e-01 -1.818136e+01 -1.110120e-01 9.833668e-01 1.437571e-01 2.273467e-01 3.314608e-01 -9.973318e-02 9.381828e-01 1.177957e+01
9.076150e-01 -1.382094e-01 3.964002e-01 -1.852774e+01 1.887491e-01 9.777762e-01 -9.125543e-02 2.352099e-01 -3.749783e-01 1.576450e-01 9.135312e-01 1.182862e+01
9.037090e-01 1.930592e-01 -3.821494e-01 -1.890719e+01 -1.319404e-01 9.747038e-01 1.804002e-01 2.442117e-01 4.073104e-01 -1.126083e-01 9.063209e-01 1.186532e+01
9.296825e-01 -1.343325e-01 3.429946e-01 -1.934125e+01 1.902082e-01 9.724596e-01 -1.346968e-01 2.565935e-01 -3.154543e-01 1.904656e-01 9.296297e-01 1.190180e+01
9.235563e-01 1.885952e-01 -3.338796e-01 -1.968921e+01 -1.199832e-01 9.691010e-01 2.155165e-01 2.639985e-01 3.642085e-01 -1.589816e-01 9.176476e-01 1.203819e+01
8.591453e-01 -1.597497e-01 4.861578e-01 -1.998598e+01 2.521651e-01 9.588362e-01 -1.305598e-01 2.693720e-01 -4.452888e-01 2.347618e-01 8.640629e-01 1.213404e+01
9.036632e-01 2.301143e-01 -3.611650e-01 -2.029949e+01 -1.540002e-01 9.615629e-01 2.273339e-01 2.756233e-01 3.995957e-01 -1.498137e-01 9.043667e-01 1.219129e+01
8.599113e-01 -1.829970e-01 4.765129e-01 -2.064067e+01 2.713560e-01 9.545747e-01 -1.230979e-01 2.828677e-01 -4.323406e-01 2.351579e-01 8.705069e-01 1.224603e+01
9.237480e-01 2.249658e-01 -3.099679e-01 -2.094913e+01 -1.681542e-01 9.653605e-01 1.995076e-01 2.890060e-01 3.441131e-01 -1.321723e-01 9.295787e-01 1.226514e+01
7.700873e-01 -2.270217e-01 5.961767e-01 -2.092489e+01 3.406664e-01 9.364746e-01 -8.343632e-02 2.864732e-01 -5.393625e-01 2.673506e-01 7.985059e-01 1.219309e+01
8.916945e-01 2.626079e-01 -3.686706e-01 -2.017257e+01 -1.909928e-01 9.567264e-01 2.195364e-01 2.720327e-01 4.103689e-01 -1.253460e-01 9.032639e-01 1.190767e+01
7.085990e-01 -2.473053e-01 6.608536e-01 -1.978975e+01 3.602462e-01 9.321048e-01 -3.746008e-02 2.583631e-01 -6.067207e-01 2.646142e-01 7.495794e-01 1.170909e+01
7.761243e-01 3.456154e-01 -5.274287e-01 -2.007780e+01 -2.470795e-01 9.362158e-01 2.499033e-01 2.638777e-01 5.801575e-01 -6.363916e-02 8.120144e-01 1.159169e+01
7.892661e-01 -2.522719e-01 5.598374e-01 -2.053006e+01 3.496808e-01 9.340930e-01 -7.206702e-02 2.761642e-01 -5.047597e-01 2.526445e-01 8.254625e-01 1.158595e+01
8.892726e-01 2.866475e-01 -3.564092e-01 -2.087280e+01 -2.381748e-01 9.554745e-01 1.741876e-01 2.834467e-01 3.904703e-01 -7.001255e-02 9.179494e-01 1.150150e+01
8.158188e-01 -2.748011e-01 5.088457e-01 -2.114718e+01 3.332419e-01 9.425023e-01 -2.528152e-02 2.882236e-01 -4.726409e-01 1.901939e-01 8.604864e-01 1.146840e+01
9.170963e-01 2.713113e-01 -2.921036e-01 -2.132497e+01 -2.500611e-01 9.621268e-01 1.085427e-01 2.893650e-01 3.104895e-01 -2.650032e-02 9.502073e-01 1.128136e+01
7.329190e-01 -3.125871e-01 6.042507e-01 -2.135239e+01 3.509309e-01 9.346139e-01 5.783086e-02 2.860729e-01 -5.828183e-01 1.696649e-01 7.946928e-01 1.108777e+01
8.942335e-01 2.998698e-01 -3.323020e-01 -2.142669e+01 -2.874811e-01 9.538171e-01 8.710650e-02 2.816799e-01 3.430759e-01 1.763699e-02 9.391421e-01 1.109863e+01
7.901260e-01 -3.300754e-01 5.164795e-01 -2.170956e+01 3.478650e-01 9.352515e-01 6.553274e-02 2.867549e-01 -5.046690e-01 1.278860e-01 8.537882e-01 1.100942e+01
8.209875e-01 3.132859e-01 -4.773169e-01 -2.173511e+01 -2.971589e-01 9.483177e-01 1.113114e-01 2.857285e-01 4.875204e-01 5.045371e-02 8.716526e-01 1.081663e+01
7.225447e-01 -3.385291e-01 6.027663e-01 -2.166057e+01 3.492509e-01 9.312024e-01 1.043351e-01 2.804254e-01 -5.966180e-01 1.351299e-01 7.910669e-01 1.060791e+01
9.207721e-01 2.495165e-01 -2.998671e-01 -2.160517e+01 -2.685069e-01 9.629989e-01 -2.317517e-02 2.750788e-01 2.829891e-01 1.018554e-01 9.536994e-01 1.036270e+01
7.922670e-01 -3.237220e-01 5.172205e-01 -2.168272e+01 2.749963e-01 9.461278e-01 1.709364e-01 2.721235e-01 -5.446926e-01 6.806435e-03 8.386082e-01 1.018501e+01
8.850558e-01 2.224822e-01 -4.088740e-01 -2.179925e+01 -2.671916e-01 9.620802e-01 -5.486714e-02 2.720706e-01 3.811626e-01 1.578082e-01 9.109400e-01 1.013905e+01
8.672473e-01 -3.270646e-01 3.753810e-01 -2.130954e+01 2.829969e-01 9.441478e-01 1.688126e-01 2.652618e-01 -4.096278e-01 -4.017058e-02 9.113679e-01 9.797216e+00
9.623986e-01 2.168419e-01 -1.636107e-01 -2.115564e+01 -2.365994e-01 9.650481e-01 -1.127067e-01 2.561225e-01 1.334527e-01 1.471790e-01 9.800657e-01 9.711584e+00
8.127821e-01 -3.136939e-01 4.908986e-01 -2.108726e+01 2.403747e-01 9.481547e-01 2.079005e-01 2.499827e-01 -5.306649e-01 -5.097819e-02 8.460473e-01 9.648391e+00
9.639683e-01 1.601026e-01 -2.124438e-01 -2.072877e+01 -1.961060e-01 9.672992e-01 -1.608561e-01 2.396432e-01 1.797433e-01 1.967217e-01 9.638428e-01 9.497775e+00
8.216859e-01 -2.698409e-01 5.020140e-01 -2.013806e+01 1.414175e-01 9.498019e-01 2.790653e-01 2.247756e-01 -5.521171e-01 -1.583104e-01 8.185991e-01 9.394925e+00
9.939230e-01 7.023725e-02 -8.475743e-02 -1.981903e+01 -8.860844e-02 9.673489e-01 -2.374546e-01 2.098612e-01 6.531184e-02 2.435218e-01 9.676939e-01 9.437474e+00
7.699730e-01 -1.909777e-01 6.088260e-01 -1.975085e+01 5.029839e-02 9.693555e-01 2.404577e-01 2.008168e-01 -6.360910e-01 -1.545230e-01 7.559834e-01 9.441906e+00
9.940219e-01 -7.801028e-02 -7.638670e-02 -1.965439e+01 5.751786e-02 9.688331e-01 -2.409442e-01 1.920103e-01 9.280209e-02 2.351102e-01 9.675283e-01 9.336117e+00
7.811299e-01 -4.101011e-02 6.230202e-01 -1.966216e+01 -7.671984e-02 9.839746e-01 1.609596e-01 1.838903e-01 -6.196371e-01 -1.735283e-01 7.654657e-01 9.382039e+00
9.774195e-01 -2.112042e-01 6.620230e-03 -1.968244e+01 2.097462e-01 9.659171e-01 -1.516930e-01 1.754685e-01 2.564362e-02 1.496563e-01 9.884055e-01 9.458560e+00
7.444024e-01 9.579496e-02 6.608240e-01 -1.968531e+01 -1.220537e-01 9.925030e-01 -6.385517e-03 1.649529e-01 -6.564815e-01 -7.590263e-02 7.505137e-01 9.607487e+00
9.583442e-01 -2.462742e-01 -1.446564e-01 -1.968605e+01 2.485240e-01 9.686223e-01 -2.593359e-03 1.568894e-01 1.407561e-01 -3.346526e-02 9.894786e-01 9.711058e+00
9.313200e-01 1.974399e-01 3.060402e-01 -1.998193e+01 -1.817923e-01 9.801488e-01 -7.911912e-02 1.626541e-01 -3.155862e-01 1.804946e-02 9.487252e-01 9.681877e+00
9.669988e-01 -2.440000e-01 -7.333041e-02 -2.022727e+01 2.491748e-01 9.657485e-01 7.240011e-02 1.649520e-01 5.315311e-02 -8.828291e-02 9.946763e-01 9.779092e+00
8.588786e-01 1.423881e-01 4.919890e-01 -2.011451e+01 -5.576523e-02 9.808663e-01 -1.865248e-01 1.562538e-01 -5.091343e-01 1.327662e-01 8.503854e-01 9.856608e+00
9.737701e-01 -1.199994e-01 -1.933181e-01 -1.972433e+01 1.600776e-01 9.650999e-01 2.072617e-01 1.436226e-01 1.617000e-01 -2.327711e-01 9.589946e-01 9.858709e+00
9.187629e-01 1.017471e-01 3.814738e-01 -1.971598e+01 -1.677461e-02 9.754094e-01 -2.197613e-01 1.367906e-01 -3.944532e-01 1.955095e-01 8.978768e-01 9.970545e+00
9.501088e-01 -3.861525e-02 -3.095191e-01 -1.994689e+01 1.142938e-01 9.663907e-01 2.302736e-01 1.391832e-01 2.902243e-01 -2.541611e-01 9.225898e-01 1.009044e+01
8.260561e-01 5.028056e-02 5.613405e-01 -2.008835e+01 1.112277e-01 9.618781e-01 -2.498378e-01 1.361659e-01 -5.525032e-01 2.688166e-01 7.889727e-01 1.029697e+01
9.660558e-01 5.667135e-02 -2.520409e-01 -1.989197e+01 2.572283e-02 9.496906e-01 3.121317e-01 1.231125e-01 2.570497e-01 -3.080198e-01 9.159963e-01 1.047957e+01
7.245346e-01 -5.886225e-02 6.867204e-01 -1.943955e+01 2.544287e-01 9.488180e-01 -1.871108e-01 1.049407e-01 -6.405589e-01 3.102896e-01 7.024277e-01 1.059972e+01
9.764293e-01 1.857938e-01 -1.098472e-01 -1.885303e+01 -1.496851e-01 9.495660e-01 2.755335e-01 8.599656e-02 1.554996e-01 -2.525965e-01 9.549947e-01 1.064745e+01
7.312701e-01 -2.302891e-01 6.420365e-01 -1.822271e+01 3.498103e-01 9.346884e-01 -6.316976e-02 6.608908e-02 -5.855568e-01 2.707851e-01 7.640672e-01 1.067038e+01
9.569880e-01 2.868362e-01 -4.357648e-02 -1.769415e+01 -2.783324e-01 9.500583e-01 1.411395e-01 4.609203e-02 8.188412e-02 -1.229401e-01 9.890302e-01 1.075174e+01
7.131600e-01 -3.652501e-01 5.983269e-01 -1.718409e+01 3.831850e-01 9.178462e-01 1.035742e-01 2.773624e-02 -5.870026e-01 1.554049e-01 7.945296e-01 1.080758e+01
9.479238e-01 2.980815e-01 -1.121954e-01 -1.673374e+01 -3.038684e-01 9.519478e-01 -3.820219e-02 1.240534e-02 9.541682e-02 7.030542e-02 9.929515e-01 1.078740e+01
6.227508e-01 -3.970023e-01 6.742185e-01 -1.640700e+01 2.921525e-01 9.173710e-01 2.703282e-01 -3.885523e-03 -7.258295e-01 2.862748e-02 6.872787e-01 1.087533e+01
9.778577e-01 1.734226e-01 -1.171278e-01 -1.614906e+01 -1.960341e-01 9.549890e-01 -2.226356e-01 -1.950799e-02 7.324573e-02 2.406670e-01 9.678401e-01 1.100342e+01
6.658378e-01 -2.990760e-01 6.835302e-01 -1.605347e+01 9.620663e-02 9.429098e-01 3.188502e-01 -3.365237e-02 -7.398678e-01 -1.465424e-01 6.565981e-01 1.118181e+01
9.945554e-01 -3.873390e-02 -9.674349e-02 -1.594202e+01 1.002063e-02 9.596007e-01 -2.811869e-01 -4.791032e-02 1.037266e-01 2.786865e-01 9.547642e-01 1.139843e+01
7.154952e-01 -9.065948e-02 6.927102e-01 -1.577674e+01 -9.608601e-02 9.693508e-01 2.261118e-01 -6.276260e-02 -6.919784e-01 -2.283416e-01 6.848548e-01 1.157469e+01
9.587187e-01 -2.100426e-01 -1.916785e-01 -1.583229e+01 1.655085e-01 9.603166e-01 -2.244974e-01 -7.075879e-02 2.312261e-01 1.835054e-01 9.554372e-01 1.174352e+01
7.738622e-01 7.950670e-02 6.283439e-01 -1.597173e+01 -1.647456e-01 9.832081e-01 7.849001e-02 -7.442600e-02 -6.115523e-01 -1.642573e-01 7.739659e-01 1.190851e+01
9.240512e-01 -2.492263e-01 -2.898544e-01 -1.612053e+01 2.235244e-01 9.673827e-01 -1.191951e-01 -7.683589e-02 3.101067e-01 4.535287e-02 9.496194e-01 1.203625e+01
8.353480e-01 1.630320e-01 5.249898e-01 -1.607561e+01 -2.210564e-01 9.740160e-01 4.926432e-02 -8.947609e-02 -5.033167e-01 -1.572052e-01 8.496816e-01 1.231354e+01
8.526371e-01 -1.953593e-01 -4.846078e-01 -1.625276e+01 1.761568e-01 9.806513e-01 -8.539176e-02 -9.346924e-02 4.919134e-01 -1.255879e-02 8.705536e-01 1.265634e+01
8.822254e-01 1.498852e-01 4.463325e-01 -1.646274e+01 -1.896667e-01 9.807922e-01 4.553239e-02 -9.429856e-02 -4.309348e-01 -1.248243e-01 8.937081e-01 1.303195e+01
8.890176e-01 -1.675550e-01 -4.261138e-01 -1.655078e+01 1.549752e-01 9.858229e-01 -6.431122e-02 -1.006882e-01 4.308484e-01 -8.863243e-03 9.023808e-01 1.334836e+01
9.058194e-01 1.262054e-01 4.044299e-01 -1.667527e+01 -1.701227e-01 9.826102e-01 7.440053e-02 -1.068215e-01 -3.880072e-01 -1.361962e-01 9.115377e-01 1.374047e+01
8.213209e-01 -1.180734e-01 -5.581135e-01 -1.694513e+01 8.512018e-02 9.927587e-01 -8.476300e-02 -1.035005e-01 5.640803e-01 2.211090e-02 8.254238e-01 1.402202e+01
9.633196e-01 1.140268e-01 2.429262e-01 -1.730387e+01 -1.491755e-01 9.800222e-01 1.315413e-01 -9.470716e-02 -2.230739e-01 -1.629550e-01 9.610847e-01 1.427549e+01
8.262213e-01 -5.567140e-02 -5.605881e-01 -1.756552e+01 6.158398e-03 9.959382e-01 -8.982901e-02 -9.254673e-02 5.633120e-01 7.076632e-02 8.232082e-01 1.467247e+01
9.686399e-01 2.134437e-02 2.475504e-01 -1.783487e+01 -6.713377e-02 9.817304e-01 1.780407e-01 -8.921289e-02 -2.392276e-01 -1.890763e-01 9.523761e-01 1.506254e+01
9.062585e-01 -5.090350e-02 -4.196479e-01 -1.799995e+01 -1.789240e-02 9.872146e-01 -1.583895e-01 -8.726184e-02 4.223451e-01 1.510503e-01 8.937608e-01 1.526529e+01
8.685585e-01 -5.943615e-02 4.920097e-01 -1.798747e+01 -4.474149e-02 9.793240e-01 1.972885e-01 -9.527517e-02 -4.935629e-01 -1.933698e-01 8.479409e-01 1.544170e+01
9.385041e-01 -4.918384e-02 -3.417469e-01 -1.796743e+01 -2.596354e-03 9.887685e-01 -1.494326e-01 -1.057626e-01 3.452583e-01 1.411304e-01 9.278356e-01 1.570122e+01
9.845026e-01 3.116358e-03 1.753421e-01 -1.806347e+01 -4.892911e-02 9.650191e-01 2.575735e-01 -1.118923e-01 -1.684058e-01 -2.621611e-01 9.502163e-01 1.605298e+01
9.118016e-01 1.300503e-03 -4.106290e-01 -1.825705e+01 -8.426424e-02 9.793063e-01 -1.840071e-01 -1.101674e-01 4.018923e-01 2.023793e-01 8.930426e-01 1.630818e+01
9.675720e-01 -9.626604e-02 2.335322e-01 -1.840842e+01 3.449568e-02 9.662271e-01 2.553729e-01 -1.090425e-01 -2.502289e-01 -2.390358e-01 9.382150e-01 1.643126e+01
9.712292e-01 7.124227e-03 -2.380402e-01 -1.847444e+01 -6.092447e-02 9.737228e-01 -2.194361e-01 -1.106781e-01 2.302218e-01 2.276252e-01 9.461420e-01 1.645005e+01
8.805810e-01 -1.332194e-01 4.547853e-01 -1.835406e+01 1.691453e-02 9.678980e-01 2.507736e-01 -1.201756e-01 -4.735937e-01 -2.131339e-01 8.545659e-01 1.651818e+01
9.743402e-01 -3.291523e-02 -2.226605e-01 -1.811585e+01 -1.210342e-02 9.801562e-01 -1.978569e-01 -1.329268e-01 2.247546e-01 1.954749e-01 9.546072e-01 1.660204e+01
8.698777e-01 -8.630833e-02 4.856579e-01 -1.805121e+01 -2.042629e-02 9.774259e-01 2.102887e-01 -1.425636e-01 -4.928443e-01 -1.928457e-01 8.484781e-01 1.673353e+01
9.916441e-01 -1.200105e-01 -4.732358e-02 -1.796446e+01 1.085322e-01 9.744130e-01 -1.968248e-01 -1.521589e-01 6.973376e-02 1.900441e-01 9.792959e-01 1.683967e+01
8.685677e-01 2.122456e-02 4.951157e-01 -1.766065e+01 -1.115020e-01 9.818351e-01 1.535156e-01 -1.659689e-01 -4.828637e-01 -1.885451e-01 8.551569e-01 1.690162e+01
9.784735e-01 -2.056546e-01 1.719734e-02 -1.744154e+01 2.061703e-01 9.704276e-01 -1.255549e-01 -1.789732e-01 9.132180e-03 1.263977e-01 9.919376e-01 1.697808e+01
9.157150e-01 1.162277e-01 3.846520e-01 -1.749909e+01 -1.459918e-01 9.880719e-01 4.899366e-02 -1.838497e-01 -3.743694e-01 -1.010202e-01 9.217605e-01 1.702465e+01
9.730819e-01 -2.304337e-01 -3.452004e-03 -1.756871e+01 2.301422e-01 9.724185e-01 -3.790628e-02 -1.890576e-01 1.209168e-02 3.609146e-02 9.992753e-01 1.712000e+01
9.163149e-01 1.620419e-01 3.662096e-01 -1.748015e+01 -1.738900e-01 9.847649e-01 -6.421880e-04 -2.026438e-01 -3.607345e-01 -6.309175e-02 9.305322e-01 1.735415e+01
9.587300e-01 -2.644925e-01 1.043095e-01 -1.729250e+01 2.601873e-01 9.640932e-01 5.316892e-02 -2.165832e-01 -1.146269e-01 -2.383463e-02 9.931226e-01 1.752760e+01
9.050564e-01 1.693344e-01 3.901266e-01 -1.707374e+01 -1.373111e-01 9.845357e-01 -1.087891e-01 -2.330636e-01 -4.025153e-01 4.489154e-02 9.143119e-01 1.774343e+01
9.763472e-01 -2.141687e-01 -2.962903e-02 -1.650804e+01 2.161246e-01 9.629428e-01 1.613423e-01 -2.534528e-01 -6.023410e-03 -1.639297e-01 9.864536e-01 1.782505e+01
9.740922e-01 2.176022e-01 6.159320e-02 -1.623342e+01 -2.145775e-01 9.753137e-01 -5.215116e-02 -2.725053e-01 -7.142090e-02 3.758352e-02 9.967379e-01 1.800232e+01
9.801700e-01 -1.598876e-01 -1.170590e-01 -1.617135e+01 1.761806e-01 9.735499e-01 1.454679e-01 -2.895596e-01 9.070427e-02 -1.632068e-01 9.824135e-01 1.849424e+01
9.569090e-01 1.791077e-01 2.285732e-01 -1.585204e+01 -1.866776e-01 9.823509e-01 1.175479e-02 -3.178645e-01 -2.224337e-01 -5.391774e-02 9.734558e-01 1.907302e+01
9.769255e-01 -1.488636e-01 -1.531539e-01 -1.557898e+01 1.677478e-01 9.786477e-01 1.187830e-01 -3.400251e-01 1.322012e-01 -1.417334e-01 9.810375e-01 1.942085e+01
9.599876e-01 1.329772e-01 2.464566e-01 -1.546560e+01 -1.152658e-01 9.896900e-01 -8.501504e-02 -3.522486e-01 -2.552207e-01 5.320537e-02 9.654178e-01 1.962615e+01
9.665585e-01 -8.737434e-02 -2.411025e-01 -1.543242e+01 1.291025e-01 9.781276e-01 1.630918e-01 -3.662491e-01 2.215790e-01 -1.887647e-01 9.566978e-01 1.997416e+01
9.359823e-01 9.906477e-02 3.378214e-01 -1.541521e+01 -7.275107e-02 9.933068e-01 -8.971604e-02 -3.816834e-01 -3.444480e-01 5.939576e-02 9.369246e-01 2.046629e+01
8.936407e-01 -8.654481e-02 -4.403593e-01 -1.502906e+01 1.540038e-01 9.807842e-01 1.197711e-01 -3.937555e-01 4.215319e-01 -1.748493e-01 8.897969e-01 2.050036e+01
9.019796e-01 1.179082e-01 4.153678e-01 -1.506926e+01 -1.184179e-01 9.926582e-01 -2.463353e-02 -4.082310e-01 -4.152228e-01 -2.696806e-02 9.093199e-01 2.104349e+01
8.596569e-01 -1.198575e-01 -4.966127e-01 -1.508536e+01 1.462363e-01 9.891447e-01 1.441078e-02 -4.120260e-01 4.894946e-01 -8.501112e-02 8.678526e-01 2.134276e+01
9.484560e-01 7.342717e-02 3.082852e-01 -1.450820e+01 -7.484531e-02 9.971689e-01 -7.239443e-03 -4.267549e-01 -3.079440e-01 -1.620741e-02 9.512664e-01 2.116853e+01
9.123585e-01 4.237422e-02 -4.071933e-01 -1.451336e+01 1.883091e-02 9.892325e-01 1.451362e-01 -4.447926e-01 4.089588e-01 -1.400841e-01 9.017367e-01 2.188049e+01
9.985806e-01 -3.512587e-02 4.003697e-02 -1.423944e+01 3.836985e-02 9.957800e-01 -8.336655e-02 -4.520695e-01 -3.693969e-02 8.478443e-02 9.957143e-01 2.196515e+01
9.974647e-01 2.998529e-02 -6.453748e-02 -1.387314e+01 -1.549686e-02 9.766541e-01 2.142583e-01 -4.755893e-01 6.945539e-02 -2.127149e-01 9.746427e-01 2.223207e+01
9.967496e-01 5.058357e-02 -6.270256e-02 -1.399230e+01 -5.543328e-02 9.953966e-01 -7.818475e-02 -4.906727e-01 5.845905e-02 8.140642e-02 9.949651e-01 2.312753e+01
9.794619e-01 4.479511e-02 -1.965906e-01 -1.406025e+01 1.807061e-03 9.730196e-01 2.307153e-01 -5.051223e-01 2.016215e-01 -2.263321e-01 9.529547e-01 2.385553e+01
9.723687e-01 1.298942e-01 -1.939760e-01 -1.423003e+01 -1.367950e-01 9.903425e-01 -2.255644e-02 -5.173826e-01 1.891727e-01 4.846813e-02 9.807469e-01 2.477604e+01
9.753771e-01 -3.378246e-03 -2.205176e-01 -1.445784e+01 4.951484e-02 9.777112e-01 2.040322e-01 -5.312548e-01 2.149132e-01 -2.099273e-01 9.538044e-01 2.590109e+01
9.266297e-01 2.359217e-01 -2.927427e-01 -1.476834e+01 -2.282251e-01 9.717146e-01 6.069628e-02 -5.447842e-01 2.987820e-01 1.056825e-02 9.542629e-01 2.736741e+01
9.257746e-01 -4.442647e-02 -3.754565e-01 -1.505266e+01 8.583362e-02 9.918385e-01 9.428176e-02 -5.542477e-01 3.682036e-01 -1.195104e-01 9.220322e-01 2.857415e+01
9.415017e-01 2.483380e-01 -2.278219e-01 -1.537651e+01 -2.081678e-01 9.601745e-01 1.863628e-01 -5.637520e-01 2.650297e-01 -1.280357e-01 9.557019e-01 2.979672e+01
9.536632e-01 -5.610747e-02 -2.955983e-01 -1.563109e+01 4.665932e-02 9.981521e-01 -3.892618e-02 -5.727802e-01 2.972361e-01 2.333005e-02 9.545189e-01 3.083963e+01
9.761348e-01 1.744172e-01 -1.293812e-01 -1.577130e+01 -1.356281e-01 9.549239e-01 2.640554e-01 -5.886109e-01 1.696050e-01 -2.402060e-01 9.557904e-01 3.191570e+01
9.886024e-01 -4.586056e-02 -1.433952e-01 -1.588963e+01 2.899089e-02 9.926384e-01 -1.175945e-01 -6.025199e-01 1.477325e-01 1.120971e-01 9.826542e-01 3.285087e+01
9.871143e-01 1.305018e-01 -9.259918e-02 -1.596153e+01 -9.253354e-02 9.376508e-01 3.350351e-01 -6.225426e-01 1.305484e-01 -3.221495e-01 9.376443e-01 3.384163e+01
9.177633e-01 1.199169e-01 -3.785900e-01 -1.617271e+01 -1.580125e-01 9.848746e-01 -7.109245e-02 -6.418601e-01 3.643385e-01 1.250680e-01 9.228301e-01 3.524474e+01
9.869721e-01 -4.485274e-02 -1.545129e-01 -1.638290e+01 8.298394e-02 9.646724e-01 2.500415e-01 -6.518595e-01 1.378393e-01 -2.596060e-01 9.558269e-01 3.623762e+01
9.502607e-01 1.953438e-01 -2.425806e-01 -1.652444e+01 -2.133002e-01 9.757144e-01 -4.984349e-02 -6.614352e-01 2.269528e-01 9.910681e-02 9.688500e-01 3.697676e+01
9.561921e-01 -3.843506e-02 -2.902058e-01 -1.661849e+01 1.147568e-01 9.612114e-01 2.508058e-01 -6.793600e-01 2.693094e-01 -2.731216e-01 9.235134e-01 3.801584e+01
9.385211e-01 2.683480e-01 -2.171808e-01 -1.670005e+01 -2.641872e-01 9.632494e-01 4.853469e-02 -6.962792e-01 2.222235e-01 1.182558e-02 9.749240e-01 3.904935e+01
9.499783e-01 -8.592385e-02 -3.002637e-01 -1.677175e+01 1.431055e-01 9.743006e-01 1.739518e-01 -7.185255e-01 2.776005e-01 -2.082199e-01 9.378606e-01 4.026603e+01
9.237632e-01 3.237109e-01 -2.046285e-01 -1.700936e+01 -2.943133e-01 9.419641e-01 1.615035e-01 -7.380911e-01 2.450331e-01 -8.896613e-02 9.654242e-01 4.179021e+01
9.461259e-01 -1.150287e-01 -3.026785e-01 -1.724353e+01 1.251704e-01 9.920328e-01 1.425523e-02 -7.560110e-01 2.986272e-01 -5.137363e-02 9.529861e-01 4.321776e+01
9.028228e-01 3.275483e-01 -2.786092e-01 -1.748098e+01 -2.356955e-01 9.188491e-01 3.164870e-01 -7.720686e-01 3.596646e-01 -2.200647e-01 9.067596e-01 4.463763e+01
9.470414e-01 -3.689896e-02 -3.189845e-01 -1.770763e+01 2.402132e-03 9.941622e-01 -1.078693e-01 -7.882853e-01 3.211026e-01 1.013904e-01 9.416014e-01 4.606413e+01
9.527200e-01 1.959157e-01 -2.322535e-01 -1.788771e+01 -8.793809e-02 9.094424e-01 4.064252e-01 -8.110130e-01 2.908463e-01 -3.667855e-01 8.836724e-01 4.766651e+01
9.915283e-01 5.950989e-02 -1.154562e-01 -1.799201e+01 -7.553109e-02 9.872992e-01 -1.397686e-01 -8.385123e-01 1.056722e-01 1.473050e-01 9.834300e-01 4.932781e+01
9.262548e-01 1.326046e-01 -3.528004e-01 -1.808012e+01 2.756640e-02 9.097209e-01 4.143043e-01 -8.642929e-01 3.758885e-01 -3.934768e-01 8.389779e-01 5.085568e+01
9.910541e-01 1.321992e-01 1.830601e-02 -1.819595e+01 -1.268497e-01 9.756944e-01 -1.786887e-01 -8.874733e-01 -4.148356e-02 1.747680e-01 9.837354e-01 5.226907e+01
8.882310e-01 5.589494e-02 -4.559841e-01 -1.831051e+01 1.098071e-01 9.379679e-01 3.288748e-01 -9.031896e-01 4.460809e-01 -3.421871e-01 8.269945e-01 5.330773e+01
9.711912e-01 2.165248e-01 9.952211e-02 -1.844925e+01 -2.078777e-01 9.739666e-01 -9.042139e-02 -9.245647e-01 -1.165097e-01 6.712804e-02 9.909184e-01 5.466171e+01
9.190559e-01 -2.146579e-02 -3.935423e-01 -1.855662e+01 1.340698e-01 9.559960e-01 2.609539e-01 -9.490196e-01 3.706233e-01 -2.925934e-01 8.814916e-01 5.618483e+01
9.649632e-01 2.134454e-01 1.526011e-01 -1.862790e+01 -2.123336e-01 9.769089e-01 -2.373904e-02 -9.759090e-01 -1.541444e-01 -9.495039e-03 9.880027e-01 5.759780e+01
8.853841e-01 -4.319840e-02 -4.628486e-01 -1.846566e+01 1.187432e-01 9.836584e-01 1.353377e-01 -1.003646e+00 4.494385e-01 -1.747860e-01 8.760450e-01 5.868112e+01
9.473203e-01 8.715098e-02 3.082028e-01 -1.815489e+01 -1.621233e-01 9.603640e-01 2.267533e-01 -1.045380e+00 -2.762251e-01 -2.647749e-01 9.239015e-01 6.001693e+01
7.589820e-01 1.409711e-01 -6.356678e-01 -1.828158e+01 -1.393838e-01 9.888262e-01 5.286738e-02 -1.076754e+00 6.360177e-01 4.847639e-02 7.701503e-01 6.190845e+01
9.921932e-01 -6.413049e-02 1.069579e-01 -1.845575e+01 2.799332e-02 9.502911e-01 3.101021e-01 -1.103057e+00 -1.215281e-01 -3.046870e-01 9.446675e-01 6.375229e+01
8.872637e-01 2.962203e-01 -3.535769e-01 -1.845443e+01 -2.876969e-01 9.545589e-01 7.776729e-02 -1.142952e+00 3.605463e-01 3.272288e-02 9.321672e-01 6.574186e+01
9.757330e-01 -2.036931e-01 8.033795e-02 -1.842679e+01 1.678433e-01 9.313976e-01 3.229972e-01 -1.188048e+00 -1.406189e-01 -3.016748e-01 9.429839e-01 6.786218e+01
9.093961e-01 3.740389e-01 -1.819164e-01 -1.847934e+01 -3.696390e-01 9.273112e-01 5.883009e-02 -1.230537e+00 1.906979e-01 1.374356e-02 9.815526e-01 7.001993e+01
9.582048e-01 -2.792829e-01 6.200485e-02 -1.834306e+01 2.446192e-01 9.122338e-01 3.286197e-01 -1.280331e+00 -1.483408e-01 -2.997174e-01 9.424248e-01 7.209347e+01
6.478672e-01 5.157410e-01 -5.606062e-01 -1.865873e+01 -5.112689e-01 8.399541e-01 1.818824e-01 -1.299292e+00 5.646877e-01 1.687849e-01 8.078610e-01 7.390562e+01
9.051755e-01 -4.249037e-01 -1.068531e-02 -1.896691e+01 4.245123e-01 9.025199e-01 7.243778e-02 -1.312760e+00 -2.113538e-02 -7.010494e-02 9.973157e-01 7.542664e+01
6.900272e-01 6.249183e-01 -3.651569e-01 -1.913901e+01 -4.963414e-01 7.757545e-01 3.896794e-01 -1.329840e+00 5.267899e-01 -8.764695e-02 8.454646e-01 7.673903e+01
8.893474e-01 -4.526792e-01 6.436366e-02 -1.919090e+01 4.571568e-01 8.777927e-01 -1.431350e-01 -1.345620e+00 8.296303e-03 1.567211e-01 9.876081e-01 7.761750e+01
7.268197e-01 6.238977e-01 -2.872016e-01 -1.928850e+01 -3.972393e-01 7.229747e-01 5.652508e-01 -1.361889e+00 5.602982e-01 -2.967476e-01 7.733090e-01 7.862507e+01
9.584224e-01 -2.757700e-01 -7.333147e-02 -1.947390e+01 2.259933e-01 8.904583e-01 -3.949825e-01 -1.375779e+00 1.742229e-01 3.619876e-01 9.157573e-01 7.984131e+01
8.617098e-01 4.236375e-01 -2.792623e-01 -1.963173e+01 -1.381932e-01 7.255187e-01 6.741849e-01 -1.393948e+00 4.882201e-01 -5.423596e-01 6.837304e-01 8.116829e+01
9.987431e-01 -5.012157e-02 2.244288e-04 -1.979863e+01 4.405307e-02 8.756664e-01 -4.809030e-01 -1.408667e+00 2.390709e-02 4.803084e-01 8.767738e-01 8.238906e+01
9.425345e-01 1.774867e-01 -2.830673e-01 -1.989225e+01 5.404005e-02 7.550906e-01 6.533895e-01 -1.424842e+00 3.297094e-01 -6.311392e-01 7.021076e-01 8.338900e+01
8.609384e-01 1.102769e-02 5.085896e-01 -1.979364e+01 2.835903e-01 8.195976e-01 -4.978317e-01 -1.445755e+00 -4.223288e-01 5.728335e-01 7.024957e-01 8.412339e+01
8.431300e-01 4.108442e-01 -3.468987e-01 -1.959713e+01 -2.162883e-02 6.705317e-01 7.415656e-01 -1.476100e+00 5.372745e-01 -6.177332e-01 5.742315e-01 8.498773e+01
8.759069e-01 -8.748076e-02 4.744831e-01 -1.939124e+01 3.447129e-01 8.015458e-01 -4.885665e-01 -1.501648e+00 -3.375798e-01 5.914993e-01 7.322353e-01 8.577032e+01
9.128738e-01 3.177712e-01 -2.562866e-01 -1.869365e+01 -6.715274e-02 7.361136e-01 6.735185e-01 -1.525912e+00 4.026808e-01 -5.976271e-01 6.933181e-01 8.600594e+01
8.323779e-01 -1.463612e-01 5.345330e-01 -1.841404e+01 4.223539e-01 7.920142e-01 -4.408296e-01 -1.550226e+00 -3.588373e-01 5.926989e-01 7.210713e-01 8.639653e+01
7.363581e-01 5.078579e-01 -4.470539e-01 -1.862956e+01 -6.686596e-02 7.121329e-01 6.988531e-01 -1.555913e+00 6.732798e-01 -4.847134e-01 5.583432e-01 8.707075e+01
9.206571e-01 -6.219772e-02 3.853856e-01 -1.883067e+01 2.727934e-01 8.086820e-01 -5.211690e-01 -1.561751e+00 -2.792389e-01 5.849486e-01 7.614859e-01 8.774290e+01
6.931919e-01 4.560705e-01 -5.581081e-01 -1.889733e+01 1.205668e-01 6.900559e-01 7.136432e-01 -1.574845e+00 7.105974e-01 -5.619810e-01 4.233542e-01 8.851087e+01
9.245030e-01 1.298813e-01 3.583644e-01 -1.915455e+01 1.263131e-01 7.826478e-01 -6.095141e-01 -1.573425e+00 -3.596376e-01 6.087638e-01 7.071545e-01 8.900466e+01
6.217022e-01 2.989590e-01 -7.239543e-01 -1.936301e+01 3.478969e-01 7.227124e-01 5.972056e-01 -1.576054e+00 7.017508e-01 -6.231455e-01 3.453050e-01 8.957356e+01
8.484466e-01 3.409859e-01 4.048048e-01 -1.947384e+01 -6.162188e-02 8.232581e-01 -5.643128e-01 -1.580453e+00 -5.256816e-01 4.538444e-01 7.195027e-01 9.001806e+01
5.218123e-01 1.463566e-01 -8.404116e-01 -1.950665e+01 4.426977e-01 7.956691e-01 4.134361e-01 -1.590440e+00 7.291986e-01 -5.877844e-01 3.503982e-01 9.058544e+01
7.498620e-01 4.273810e-01 5.050272e-01 -1.967041e+01 -1.637930e-01 8.595098e-01 -4.841640e-01 -1.593275e+00 -6.409983e-01 2.803362e-01 7.145158e-01 9.105276e+01
3.898726e-01 -1.393780e-02 -9.207633e-01 -1.985327e+01 4.506527e-01 8.748598e-01 1.775739e-01 -1.593983e+00 8.030638e-01 -4.841757e-01 3.473649e-01 9.147829e+01
6.697555e-01 4.210590e-01 6.116673e-01 -1.989567e+01 -2.357498e-01 9.016565e-01 -3.625433e-01 -1.596450e+00 -7.041659e-01 9.861493e-02 7.031539e-01 9.161429e+01
4.131310e-01 -1.186361e-01 -9.029110e-01 -1.984710e+01 4.003310e-01 9.141987e-01 6.305405e-02 -1.608552e+00 8.179596e-01 -3.875128e-01 4.251775e-01 9.198935e+01
6.060547e-01 3.192749e-01 7.285336e-01 -1.998047e+01 -2.982170e-01 9.403035e-01 -1.639999e-01 -1.621461e+00 -7.374038e-01 -1.178682e-01 6.650885e-01 9.287240e+01
2.143806e-01 -9.513100e-02 -9.721065e-01 -2.021011e+01 1.314272e-01 9.890045e-01 -6.780075e-02 -1.629512e+00 9.678677e-01 -1.132261e-01 2.245262e-01 9.379110e+01
