9.999150e-01 7.011310e-04 -1.301888e-02 2.038315e-01 -6.931805e-04 9.999996e-01 6.152010e-04 -5.251424e-03 1.301930e-02 -6.061249e-04 9.999151e-01 -2.874796e-01
9.999900e-01 -7.040329e-04 4.407582e-03 3.354023e-01 7.004118e-04 9.999994e-01 8.230572e-04 4.156961e-03 -4.408159e-03 -8.199612e-04 9.999899e-01 -1.038333e+00
9.998986e-01 6.764499e-04 -1.422317e-02 5.123391e-01 -6.656236e-04 9.999995e-01 7.658981e-04 9.492905e-03 1.422368e-02 -7.563539e-04 9.998986e-01 -1.684842e+00
9.999886e-01 -4.744386e-04 4.760790e-03 7.309630e-01 4.723597e-04 9.999998e-01 4.377897e-04 1.482657e-02 -4.760996e-03 -4.355352e-04 9.999886e-01 -2.415200e+00
9.999110e-01 1.127965e-03 -1.329557e-02 8.791376e-01 -1.143214e-03 9.999987e-01 -1.139366e-03 -2.126370e-02 1.329427e-02 1.154463e-03 9.999110e-01 -1.086540e+00
9.999961e-01 4.529480e-04 -2.752339e-03 1.039874e+00 -4.477385e-04 9.999981e-01 1.893052e-03 -6.893748e-02 2.753191e-03 -1.891812e-03 9.999944e-01 4.373527e-01
9.999530e-01 1.173080e-03 -9.628117e-03 1.115539e+00 -1.191180e-03 9.999975e-01 -1.874343e-03 -9.918663e-02 9.625895e-03 1.885723e-03 9.999519e-01 1.429694e+00
9.999947e-01 -8.033873e-04 -3.164702e-03 1.208097e+00 8.116816e-04 9.999962e-01 2.620445e-03 -1.084637e-01 3.162585e-03 -2.622999e-03 9.999916e-01 1.569829e+00
9.999647e-01 1.890749e-03 -8.186550e-03 1.244314e+00 -1.910008e-03 9.999954e-01 -2.345392e-03 -1.246610e-01 8.182078e-03 2.360945e-03 9.999637e-01 2.134333e+00
9.999995e-01 7.474182e-04 5.999380e-04 1.319244e+00 -7.481637e-04 9.999989e-01 1.243469e-03 -1.689671e-01 -5.990076e-04 -1.243917e-03 9.999990e-01 3.899199e+00
9.999087e-01 2.764876e-03 -1.322337e-02 1.433822e+00 -2.797377e-03 9.999931e-01 -2.439993e-03 -2.220848e-01 1.321653e-02 2.476760e-03 9.999096e-01 5.733716e+00
9.999993e-01 -1.112139e-03 4.153984e-04 1.489402e+00 1.111027e-03 9.999958e-01 2.667497e-03 -2.450359e-01 -4.183629e-04 -2.667033e-03 9.999964e-01 6.485536e+00
9.999437e-01 2.577215e-03 -1.029026e-02 1.530051e+00 -2.606040e-03 9.999927e-01 -2.788692e-03 -2.733000e-01 1.028300e-02 2.815351e-03 9.999432e-01 7.576993e+00
9.999981e-01 -1.801644e-03 7.005551e-04 1.739845e+00 1.799281e-03 9.999927e-01 3.359799e-03 -2.876494e-01 -7.066028e-04 -3.358531e-03 9.999941e-01 7.863253e+00
9.999863e-01 3.024411e-03 -4.279235e-03 1.923572e+00 -3.032136e-03 9.999938e-01 -1.799934e-03 -2.720351e-01 4.273764e-03 1.812884e-03 9.999892e-01 6.722284e+00
9.999774e-01 -2.857842e-03 -6.086517e-03 2.058582e+00 2.876406e-03 9.999912e-01 3.043465e-03 -2.708888e-01 6.077767e-03 -3.060903e-03 9.999768e-01 6.296735e+00
9.999881e-01 4.823682e-03 6.871620e-04 1.804654e+00 -4.821951e-03 9.999853e-01 -2.499033e-03 -2.616671e-01 -6.992067e-04 2.495689e-03 9.999966e-01 6.558798e+00
9.999679e-01 -3.524267e-03 -7.194778e-03 1.673954e+00 3.545152e-03 9.999895e-01 2.892093e-03 -2.654337e-01 7.184510e-03 -2.917506e-03 9.999699e-01 7.275394e+00
9.999903e-01 4.299744e-03 9.046610e-04 1.642088e+00 -4.297741e-03 9.999883e-01 -2.204770e-03 -2.634384e-01 -9.141307e-04 2.200860e-03 9.999972e-01 7.452678e+00
9.999525e-01 -3.041781e-03 -9.258470e-03 1.673173e+00 3.074360e-03 9.999891e-01 3.506617e-03 -2.613219e-01 9.247703e-03 -3.534914e-03 9.999510e-01 7.405678e+00
9.999928e-01 3.317366e-03 1.831304e-03 1.789973e+00 -3.310734e-03 9.999880e-01 -3.612889e-03 -2.848300e-01 -1.843268e-03 3.606799e-03 9.999918e-01 8.410732e+00
9.998875e-01 -2.191419e-03 -1.484139e-02 2.148491e+00 2.242628e-03 9.999916e-01 3.434597e-03 -3.348891e-01 1.483374e-02 -3.467494e-03 9.998840e-01 9.860123e+00
9.999929e-01 3.691722e-03 -7.898007e-04 2.505157e+00 -3.694309e-03 9.999877e-01 -3.299633e-03 -3.895716e-01 7.776094e-04 3.302526e-03 9.999942e-01 1.131207e+01
9.999262e-01 -1.267298e-03 -1.208548e-02 2.796808e+00 1.306993e-03 9.999938e-01 3.277170e-03 -4.253164e-01 1.208125e-02 -3.292723e-03 9.999216e-01 1.222314e+01
9.999978e-01 2.033462e-03 4.935196e-04 3.166738e+00 -2.032151e-03 9.999944e-01 -2.642606e-03 -4.642427e-01 -4.988908e-04 2.641596e-03 9.999964e-01 1.318872e+01
9.998721e-01 -5.824106e-04 -1.598236e-02 3.590498e+00 6.335330e-04 9.999947e-01 3.193791e-03 -5.111963e-01 1.598042e-02 -3.203507e-03 9.998672e-01 1.421919e+01
9.999975e-01 1.904232e-03 -1.166725e-03 4.180389e+00 -1.906707e-03 9.999959e-01 -2.123677e-03 -5.582425e-01 1.162676e-03 2.125896e-03 9.999971e-01 1.492140e+01
9.999205e-01 -9.631581e-04 -1.257245e-02 4.712680e+00 9.994194e-04 9.999954e-01 2.878213e-03 -5.902897e-01 1.256962e-02 -2.890548e-03 9.999168e-01 1.519504e+01
9.999956e-01 2.949924e-03 1.722509e-04 5.403968e+00 -2.949523e-03 9.999930e-01 -2.288595e-03 -6.268792e-01 -1.790012e-04 2.288076e-03 9.999974e-01 1.535459e+01
9.999307e-01 -1.628907e-03 -1.166360e-02 5.838715e+00 1.657622e-03 9.999956e-01 2.452614e-03 -6.593342e-01 1.165956e-02 -2.471777e-03 9.999290e-01 1.597560e+01
9.999902e-01 3.851896e-03 2.168291e-03 6.145574e+00 -3.847702e-03 9.999907e-01 -1.935036e-03 -6.719533e-01 -2.175724e-03 1.926673e-03 9.999958e-01 1.590024e+01
9.999419e-01 -3.009020e-03 -1.035300e-02 6.340033e+00 3.036131e-03 9.999920e-01 2.603999e-03 -6.896652e-01 1.034508e-02 -2.635280e-03 9.999430e-01 1.643719e+01
9.999878e-01 4.424034e-03 -2.182306e-03 6.559526e+00 -4.428048e-03 9.999885e-01 -1.838048e-03 -7.085116e-01 2.174149e-03 1.847688e-03 9.999959e-01 1.680302e+01
9.999754e-01 -2.391112e-03 -6.600780e-03 6.531604e+00 2.402849e-03 9.999955e-01 1.770786e-03 -7.198383e-01 6.596517e-03 -1.786602e-03 9.999766e-01 1.744685e+01
9.999894e-01 4.376114e-03 1.421770e-03 6.326352e+00 -4.374889e-03 9.999901e-01 -8.634644e-04 -7.164911e-01 -1.425535e-03 8.572345e-04 9.999986e-01 1.789984e+01
9.999866e-01 -1.313446e-03 -5.012289e-03 6.121007e+00 1.317826e-03 9.999988e-01 8.706468e-04 -7.159047e-01 5.011139e-03 -8.772397e-04 9.999871e-01 1.859650e+01
9.999920e-01 3.594169e-03 1.755430e-03 5.859577e+00 -3.593485e-03 9.999935e-01 -3.930598e-04 -7.069654e-01 -1.756832e-03 3.867478e-04 9.999984e-01 1.913908e+01
9.999637e-01 -1.862845e-03 -8.312951e-03 5.699363e+00 1.870136e-03 9.999979e-01 8.693357e-04 -7.062711e-01 8.311315e-03 -8.848498e-04 9.999651e-01 1.956477e+01
9.999835e-01 2.800516e-03 5.013825e-03 5.258708e+00 -2.808237e-03 9.999949e-01 1.533505e-03 -6.753167e-01 -5.009505e-03 -1.547560e-03 9.999863e-01 1.911395e+01
9.999365e-01 -2.297146e-03 -1.103544e-02 4.882838e+00 2.307050e-03 9.999969e-01 8.848273e-04 -6.494587e-01 1.103338e-02 -9.102297e-04 9.999387e-01 1.858842e+01
9.999763e-01 2.846965e-03 6.266015e-03 4.459783e+00 -2.859105e-03 9.999941e-01 1.929391e-03 -6.199137e-01 -6.260485e-03 -1.947262e-03 9.999785e-01 1.801151e+01
9.999982e-01 -1.441240e-03 -1.229373e-03 3.268803e+00 1.445672e-03 9.999924e-01 3.611505e-03 -5.437289e-01 1.224159e-03 -3.613275e-03 9.999927e-01 1.706611e+01
9.999637e-01 3.875680e-03 7.581801e-03 1.921258e+00 -3.887916e-03 9.999912e-01 1.599840e-03 -4.628936e-01 -7.575534e-03 -1.629260e-03 9.999700e-01 1.631833e+01
9.999628e-01 -2.018166e-03 -8.382379e-03 1.201012e+00 2.027041e-03 9.999974e-01 1.050442e-03 -4.216690e-01 8.380237e-03 -1.067393e-03 9.999643e-01 1.607348e+01
9.999814e-01 4.738303e-03 3.834095e-03 1.012709e+00 -4.735225e-03 9.999885e-01 -8.116473e-04 -4.239748e-01 -3.837896e-03 7.934762e-04 9.999923e-01 1.675747e+01
9.998869e-01 -2.475124e-03 -1.483502e-02 1.026330e+00 2.486385e-03 9.999966e-01 7.407339e-04 -4.490320e-01 1.483314e-02 -7.775350e-04 9.998897e-01 1.771437e+01
9.998663e-01 6.628011e-03 1.495087e-02 6.306705e-01 -6.616735e-03 9.999778e-01 -8.035673e-04 -4.383649e-01 -1.495587e-02 7.045332e-04 9.998879e-01 1.851318e+01
9.999037e-01 -4.512040e-03 -1.312691e-02 -2.650321e-04 4.547968e-03 9.999860e-01 2.708437e-03 -3.985283e-01 1.311451e-02 -2.767876e-03 9.999102e-01 1.867026e+01
9.999836e-01 4.658955e-03 3.333641e-03 1.999932e-02 -4.655561e-03 9.999886e-01 -1.025127e-03 -3.922819e-01 -3.338379e-03 1.009590e-03 9.999939e-01 1.826184e+01
9.999130e-01 -4.113387e-03 -1.253406e-02 -6.347776e-02 4.143517e-03 9.999886e-01 2.378770e-03 -3.867458e-01 1.252413e-02 -2.430497e-03 9.999186e-01 1.813204e+01
9.999849e-01 4.854518e-03 2.572323e-03 -1.141662e-01 -4.851261e-03 9.999874e-01 -1.271124e-03 -3.869381e-01 -2.578461e-03 1.258625e-03 9.999959e-01 1.820250e+01
9.999909e-01 -2.919278e-03 -3.122533e-03 -8.862319e-01 2.932716e-03 9.999864e-01 4.307539e-03 -3.431412e-01 3.109916e-03 -4.316656e-03 9.999858e-01 1.793449e+01
9.999876e-01 4.943162e-03 -6.022563e-04 -1.194719e+00 -4.945214e-03 9.999818e-01 -3.455039e-03 -3.317641e-01 5.851663e-04 3.457973e-03 9.999939e-01 1.826232e+01
9.999965e-01 -2.413450e-03 -1.109076e-03 -1.538294e+00 2.418126e-03 9.999881e-01 4.233595e-03 -3.201513e-01 1.098846e-03 -4.236261e-03 9.999904e-01 1.878615e+01
9.999736e-01 4.052678e-03 -6.037255e-03 -1.654931e+00 -4.075579e-03 9.999845e-01 -3.785809e-03 -3.224442e-01 6.021818e-03 3.810313e-03 9.999746e-01 1.923644e+01
9.999974e-01 -2.254137e-03 -1.578145e-04 -1.831467e+00 2.254803e-03 9.999880e-01 4.353909e-03 -3.203173e-01 1.479985e-04 -4.354253e-03 9.999905e-01 1.964136e+01
9.999700e-01 3.567686e-03 -6.869492e-03 -1.967603e+00 -3.592736e-03 9.999869e-01 -3.637613e-03 -3.198410e-01 6.856424e-03 3.662184e-03 9.999698e-01 2.001908e+01
9.999905e-01 -2.594303e-03 -3.494737e-03 -2.012582e+00 2.609119e-03 9.999876e-01 4.241721e-03 -3.243040e-01 3.483690e-03 -4.250798e-03 9.999849e-01 2.025516e+01
9.999316e-01 7.579326e-03 8.903562e-03 -2.544410e+00 -7.538562e-03 9.999610e-01 -4.603092e-03 -3.011228e-01 -8.938103e-03 4.535656e-03 9.999498e-01 2.113760e+01
9.999791e-01 -1.317418e-03 6.324071e-03 -3.413289e+00 1.291940e-03 9.999910e-01 4.031263e-03 -2.566830e-01 -6.329324e-03 -4.023007e-03 9.999719e-01 2.262937e+01
9.999837e-01 4.768292e-03 -3.139117e-03 -3.963495e+00 -4.778467e-03 9.999833e-01 -3.241839e-03 -2.315562e-01 3.123607e-03 3.256786e-03 9.999898e-01 2.342137e+01
9.999891e-01 -3.454861e-03 -3.143821e-03 -4.165371e+00 3.467876e-03 9.999854e-01 4.143844e-03 -2.250386e-01 3.129459e-03 -4.154700e-03 9.999865e-01 2.370898e+01
9.999748e-01 5.384312e-03 -4.631667e-03 -4.254691e+00 -5.403115e-03 9.999772e-01 -4.056829e-03 -2.287846e-01 4.609718e-03 4.081752e-03 9.999810e-01 2.414755e+01
9.999942e-01 -2.962922e-03 -1.701058e-03 -4.344306e+00 2.969464e-03 9.999882e-01 3.856062e-03 -2.390382e-01 1.689612e-03 -3.861090e-03 9.999911e-01 2.494816e+01
9.999792e-01 5.631520e-03 -3.156428e-03 -4.475183e+00 -5.644495e-03 9.999756e-01 -4.116937e-03 -2.460051e-01 3.133166e-03 4.134667e-03 9.999865e-01 2.576494e+01
9.999968e-01 -2.470286e-03 6.228933e-04 -4.682111e+00 2.467942e-03 9.999900e-01 3.736354e-03 -2.487223e-01 -6.321166e-04 -3.734804e-03 9.999928e-01 2.668961e+01
9.999796e-01 5.193589e-03 -3.711156e-03 -4.936420e+00 -5.206175e-03 9.999807e-01 -3.389780e-03 -2.431554e-01 3.693479e-03 3.409031e-03 9.999874e-01 2.734835e+01
9.999976e-01 -1.570863e-03 1.508555e-03 -5.097651e+00 1.567137e-03 9.999957e-01 2.468032e-03 -2.510839e-01 -1.512425e-03 -2.465661e-03 9.999958e-01 2.836958e+01
9.999796e-01 6.128457e-03 -1.794793e-03 -5.398078e+00 -6.134001e-03 9.999764e-01 -3.099648e-03 -2.500683e-01 1.775754e-03 3.110594e-03 9.999936e-01 2.947069e+01
9.999899e-01 -3.529037e-03 2.787406e-03 -5.837778e+00 3.518545e-03 9.999867e-01 3.760404e-03 -2.277694e-01 -2.800639e-03 -3.750557e-03 9.999890e-01 2.998763e+01
9.999626e-01 8.322728e-03 -2.364734e-03 -6.115156e+00 -8.333598e-03 9.999546e-01 -4.624692e-03 -2.296936e-01 2.326136e-03 4.644225e-03 9.999865e-01 3.114395e+01
9.999871e-01 -3.536385e-03 3.659373e-03 -6.376445e+00 3.522706e-03 9.999868e-01 3.737794e-03 -2.395694e-01 -3.672543e-03 -3.724854e-03 9.999863e-01 3.257927e+01
9.999460e-01 8.994909e-03 -5.200094e-03 -6.480762e+00 -9.028669e-03 9.999381e-01 -6.505555e-03 -2.753565e-01 5.141254e-03 6.552153e-03 9.999653e-01 3.464011e+01
9.999380e-01 2.580591e-03 1.083153e-02 -6.679429e+00 -2.577837e-03 9.999966e-01 -2.681960e-04 -3.357836e-01 -1.083218e-02 2.402582e-04 9.999413e-01 3.818955e+01
9.999271e-01 1.063761e-02 5.719555e-03 -7.060594e+00 -1.059577e-02 9.999172e-01 -7.297262e-03 -3.964826e-01 -5.796707e-03 7.236126e-03 9.999570e-01 4.261602e+01
9.999577e-01 -1.106800e-03 -9.128271e-03 -7.054626e+00 1.126473e-03 9.999971e-01 2.150286e-03 -4.777863e-01 9.125865e-03 -2.160477e-03 9.999560e-01 4.606803e+01
9.999633e-01 5.539331e-03 6.535833e-03 -7.117009e+00 -5.509651e-03 9.999745e-01 -4.550454e-03 -5.117342e-01 -6.560873e-03 4.514276e-03 9.999683e-01 4.785555e+01
9.999712e-01 4.760953e-03 -5.912472e-03 -7.197023e+00 -4.770155e-03 9.999874e-01 -1.543215e-03 -5.867090e-01 5.905050e-03 1.571374e-03 9.999813e-01 5.138917e+01
9.999968e-01 2.361987e-03 8.877962e-04 -7.278550e+00 -2.360874e-03 9.999964e-01 -1.253335e-03 -6.312084e-01 -8.907537e-04 1.251235e-03 9.999988e-01 5.352496e+01
9.999672e-01 9.304888e-04 -8.045006e-03 -7.321055e+00 -9.284001e-04 9.999995e-01 2.633302e-04 -6.549430e-01 8.045247e-03 -2.558519e-04 9.999676e-01 5.475408e+01
9.999955e-01 3.001946e-03 -8.192791e-06 -7.349254e+00 -3.001954e-03 9.999947e-01 -1.261467e-03 -6.875152e-01 4.405658e-06 1.261485e-03 9.999992e-01 5.625628e+01
9.999383e-01 -7.766685e-04 -1.108100e-02 -7.329489e+00 7.893098e-04 9.999990e-01 1.136461e-03 -7.086900e-01 1.108010e-02 -1.145136e-03 9.999380e-01 5.704609e+01
9.999898e-01 2.971104e-03 3.411253e-03 -7.396636e+00 -2.967078e-03 9.999949e-01 -1.184732e-03 -7.155102e-01 -3.414755e-03 1.174598e-03 9.999935e-01 5.760074e+01
9.999666e-01 -6.125883e-04 -8.154983e-03 -7.564281e+00 6.227364e-04 9.999990e-01 1.241905e-03 -7.158614e-01 8.154214e-03 -1.246941e-03 9.999660e-01 5.828279e+01
9.999984e-01 1.671055e-03 -5.857828e-04 -7.647795e+00 -1.671373e-03 9.999985e-01 -5.427355e-04 -7.181727e-01 5.848747e-04 5.437130e-04 9.999997e-01 5.859825e+01
9.999534e-01 -7.897793e-04 -9.623857e-03 -7.715570e+00 8.034908e-04 9.999987e-01 1.420938e-03 -7.182320e-01 9.622723e-03 -1.428603e-03 9.999527e-01 5.865705e+01
9.999964e-01 2.110341e-03 1.664173e-03 -7.788939e+00 -2.108640e-03 9.999973e-01 -1.023402e-03 -7.220661e-01 -1.666328e-03 1.019888e-03 9.999981e-01 5.904889e+01
9.999371e-01 -5.083548e-04 -1.120755e-02 -7.812658e+00 5.229257e-04 9.999990e-01 1.297182e-03 -7.316172e-01 1.120688e-02 -1.302961e-03 9.999364e-01 5.956335e+01
9.999941e-01 2.050256e-03 2.738074e-03 -7.899380e+00 -2.047600e-03 9.999974e-01 -9.728660e-04 -7.354483e-01 -2.740062e-03 9.672531e-04 9.999958e-01 5.996757e+01
9.999296e-01 -4.694405e-04 -1.185722e-02 -7.911728e+00 4.810688e-04 9.999994e-01 9.778444e-04 -7.489558e-01 1.185675e-02 -9.834790e-04 9.999292e-01 6.062968e+01
9.999914e-01 2.443954e-03 3.336080e-03 -7.942782e+00 -2.440365e-03 9.999964e-01 -1.079591e-03 -7.621282e-01 -3.338707e-03 1.071439e-03 9.999939e-01 6.134120e+01
9.999325e-01 -8.868136e-04 -1.158135e-02 -7.991747e+00 9.011285e-04 9.999988e-01 1.230850e-03 -7.711395e-01 1.158025e-02 -1.241202e-03 9.999322e-01 6.191468e+01
9.999951e-01 2.182891e-03 2.264956e-03 -8.023023e+00 -2.180701e-03 9.999972e-01 -9.686886e-04 -7.795857e-01 -2.267064e-03 9.637440e-04 9.999970e-01 6.238151e+01
9.999601e-01 -7.471987e-04 -8.900794e-03 -8.274281e+00 7.642705e-04 9.999979e-01 1.914734e-03 -7.704616e-01 8.899345e-03 -1.921460e-03 9.999586e-01 6.254530e+01
9.999971e-01 1.831001e-03 1.583611e-03 -8.531657e+00 -1.830259e-03 9.999982e-01 -4.700201e-04 -7.594824e-01 -1.584469e-03 4.671196e-04 9.999986e-01 6.254367e+01
9.999305e-01 -1.546746e-03 -1.168613e-02 -8.541571e+00 1.569287e-03 9.999969e-01 1.919879e-03 -7.548921e-01 1.168313e-02 -1.938084e-03 9.999299e-01 6.227571e+01
9.999970e-01 2.312640e-03 8.219919e-04 -8.602347e+00 -2.311757e-03 9.999968e-01 -1.073809e-03 -7.553016e-01 -8.244728e-04 1.071905e-03 9.999991e-01 6.231012e+01
9.999199e-01 -1.343144e-03 -1.258760e-02 -8.578103e+00 1.360335e-03 9.999982e-01 1.357231e-03 -7.660779e-01 1.258576e-02 -1.374245e-03 9.999199e-01 6.263797e+01
9.999945e-01 2.639881e-03 2.021636e-03 -8.552913e+00 -2.637369e-03 9.999957e-01 -1.244569e-03 -7.835240e-01 -2.024913e-03 1.239229e-03 9.999972e-01 6.329420e+01
9.999155e-01 -5.461937e-04 -1.298582e-02 -8.524153e+00 5.612307e-04 9.999992e-01 1.154320e-03 -8.075734e-01 1.298518e-02 -1.161510e-03 9.999150e-01 6.419901e+01
9.999934e-01 2.768360e-03 2.348379e-03 -8.508360e+00 -2.765506e-03 9.999954e-01 -1.217659e-03 -8.316105e-01 -2.351739e-03 1.211156e-03 9.999965e-01 6.513607e+01
9.998774e-01 -2.026730e-03 -1.552563e-02 -8.452934e+00 2.054680e-03 9.999963e-01 1.784450e-03 -8.488184e-01 1.552196e-02 -1.816131e-03 9.998779e-01 6.561505e+01
9.999791e-01 2.132485e-03 6.109078e-03 -8.425692e+00 -2.131385e-03 9.999977e-01 -1.866946e-04 -8.387716e-01 -6.109462e-03 1.736692e-04 9.999813e-01 6.495969e+01
9.998755e-01 -1.220357e-03 -1.573277e-02 -7.882310e+00 1.235762e-03 9.999988e-01 9.694681e-04 -8.502172e-01 1.573156e-02 -9.887887e-04 9.998758e-01 6.442609e+01
9.999974e-01 2.104481e-03 8.204661e-04 -7.558379e+00 -2.104316e-03 9.999978e-01 -2.014803e-04 -8.768097e-01 -8.208885e-04 1.997525e-04 9.999996e-01 6.478890e+01
9.999293e-01 -1.637187e-03 -1.177379e-02 -7.546322e+00 1.652725e-03 9.999978e-01 1.310087e-03 -8.860706e-01 1.177162e-02 -1.329452e-03 9.999298e-01 6.508430e+01
9.999969e-01 2.274003e-03 1.000489e-03 -7.488706e+00 -2.272984e-03 9.999969e-01 -1.018573e-03 -9.028857e-01 -1.002802e-03 1.016295e-03 9.999990e-01 6.560128e+01
9.999874e-01 4.201484e-03 2.739653e-03 -7.505336e+00 -4.191659e-03 9.999848e-01 -3.581936e-03 -9.696699e-01 -2.754660e-03 3.570408e-03 9.999898e-01 6.894825e+01
9.999081e-01 3.303603e-03 -1.314923e-02 -7.379484e+00 -3.316892e-03 9.999940e-01 -9.888870e-04 -1.053687e+00 1.314588e-02 1.032410e-03 9.999131e-01 7.209874e+01
9.999968e-01 -2.507617e-03 4.418987e-04 -7.327431e+00 2.506813e-03 9.999952e-01 1.813015e-03 -1.067112e+00 -4.464427e-04 -1.811901e-03 9.999983e-01 7.246339e+01
9.999208e-01 3.204305e-03 -1.217143e-02 -7.257393e+00 -3.215424e-03 9.999944e-01 -8.939753e-04 -1.076543e+00 1.216849e-02 9.330401e-04 9.999255e-01 7.271435e+01
9.999960e-01 -2.668163e-03 -9.535850e-04 -7.154691e+00 2.669640e-03 9.999952e-01 1.551024e-03 -1.092699e+00 9.494422e-04 -1.553562e-03 9.999983e-01 7.309826e+01
9.999818e-01 5.944288e-03 9.890641e-04 -7.512621e+00 -5.942865e-03 9.999813e-01 -1.436554e-03 -1.078279e+00 -9.975851e-04 1.430649e-03 9.999985e-01 7.394968e+01
9.999910e-01 -3.497667e-03 -2.381427e-03 -7.896211e+00 3.502209e-03 9.999921e-01 1.905781e-03 -1.063651e+00 2.374743e-03 -1.914104e-03 9.999953e-01 7.438777e+01
9.999571e-01 7.320939e-03 5.676229e-03 -8.499239e+00 -7.313327e-03 9.999723e-01 -1.360659e-03 -1.033469e+00 -5.686033e-03 1.319088e-03 9.999830e-01 7.494361e+01
9.999803e-01 -5.094143e-03 -3.658853e-03 -8.998844e+00 5.102878e-03 9.999841e-01 2.381902e-03 -1.003939e+00 3.646661e-03 -2.400525e-03 9.999905e-01 7.552531e+01
9.999818e-01 5.333469e-03 -2.809637e-03 -9.126501e+00 -5.333949e-03 9.999858e-01 -1.633221e-04 -9.856976e-01 2.808726e-03 1.783049e-04 9.999960e-01 7.505582e+01
9.999772e-01 -5.216131e-03 -4.294224e-03 -9.053214e+00 5.224827e-03 9.999843e-01 2.016413e-03 -9.696263e-01 4.283639e-03 -2.038803e-03 9.999887e-01 7.410715e+01
9.999559e-01 5.853653e-03 -7.347508e-03 -8.958450e+00 -5.861451e-03 9.999823e-01 -1.040104e-03 -9.726911e-01 7.341289e-03 1.083125e-03 9.999725e-01 7.390451e+01
9.999625e-01 -5.045566e-03 -7.043448e-03 -8.827616e+00 5.056479e-03 9.999860e-01 1.532429e-03 -9.886134e-01 7.035618e-03 -1.567986e-03 9.999740e-01 7.418371e+01
9.999814e-01 5.015325e-03 -3.462483e-03 -8.743889e+00 -5.015871e-03 9.999874e-01 -1.488930e-04 -9.840514e-01 3.461693e-03 1.662569e-04 9.999940e-01 7.370829e+01
9.999827e-01 -5.054124e-03 -3.002746e-03 -8.747829e+00 5.060863e-03 9.999847e-01 2.241012e-03 -9.628649e-01 2.991374e-03 -2.256169e-03 9.999930e-01 7.265734e+01
9.999844e-01 5.577373e-03 2.752829e-04 -9.001546e+00 -5.577520e-03 9.999843e-01 5.325385e-04 -9.280073e-01 -2.723086e-04 -5.340662e-04 9.999998e-01 7.166740e+01
9.999863e-01 -4.716968e-03 -2.267504e-03 -9.326499e+00 4.721966e-03 9.999864e-01 2.203776e-03 -8.922357e-01 2.257078e-03 -2.214452e-03 9.999950e-01 7.075560e+01
9.999638e-01 5.764439e-03 -6.251965e-03 -9.451473e+00 -5.770151e-03 9.999830e-01 -8.958933e-04 -8.825818e-01 6.246694e-03 9.319350e-04 9.999801e-01 7.056702e+01
9.999507e-01 -1.548640e-03 9.805836e-03 -9.926458e+00 1.543710e-03 9.999987e-01 5.104028e-04 -8.613240e-01 -9.806613e-03 -4.952396e-04 9.999518e-01 7.139352e+01
9.999774e-01 5.413575e-03 -3.981744e-03 -1.048566e+01 -5.415998e-03 9.999852e-01 -5.978588e-04 -8.317975e-01 3.978449e-03 6.194098e-04 9.999919e-01 7.246284e+01
9.999895e-01 -4.267393e-03 -1.655384e-03 -1.070874e+01 4.269844e-03 9.999898e-01 1.479776e-03 -8.229643e-01 1.649053e-03 -1.486828e-03 9.999975e-01 7.278391e+01
9.999249e-01 4.510859e-03 -1.139652e-02 -1.058308e+01 -4.513720e-03 9.999898e-01 -2.253161e-04 -8.313753e-01 1.139539e-02 2.767392e-04 9.999350e-01 7.278632e+01
9.999905e-01 -3.919987e-03 -1.922767e-03 -1.048328e+01 3.922012e-03 9.999918e-01 1.049942e-03 -8.447708e-01 1.918635e-03 -1.057472e-03 9.999976e-01 7.303633e+01
9.999616e-01 4.195794e-03 -7.692195e-03 -1.042405e+01 -4.192583e-03 9.999911e-01 4.336102e-04 -8.412794e-01 7.693946e-03 -4.013441e-04 9.999703e-01 7.270096e+01
9.999918e-01 -3.482381e-03 -2.059911e-03 -1.040664e+01 3.484330e-03 9.999935e-01 9.431393e-04 -8.365570e-01 2.056614e-03 -9.503083e-04 9.999974e-01 7.232787e+01
9.999605e-01 3.758818e-03 -8.059149e-03 -1.036619e+01 -3.751427e-03 9.999925e-01 9.320051e-04 -8.356299e-01 8.062592e-03 -9.017356e-04 9.999671e-01 7.221543e+01
9.999678e-01 -3.089976e-03 -7.400101e-03 -9.962976e+00 3.089372e-03 9.999952e-01 -9.310560e-05 -8.567877e-01 7.400354e-03 7.024160e-05 9.999726e-01 7.225903e+01
9.999633e-01 4.279159e-03 -7.422408e-03 -9.756518e+00 -4.273813e-03 9.999906e-01 7.359903e-04 -8.805443e-01 7.425488e-03 -7.042420e-04 9.999722e-01 7.269709e+01
9.999846e-01 -2.890033e-03 -4.729607e-03 -9.698630e+00 2.888048e-03 9.999957e-01 -4.265195e-04 -8.998864e-01 4.730819e-03 4.128543e-04 9.999887e-01 7.326594e+01
9.999596e-01 4.048949e-03 -8.019410e-03 -9.627767e+00 -4.042653e-03 9.999915e-01 8.011473e-04 -9.175496e-01 8.022586e-03 -7.686960e-04 9.999675e-01 7.372558e+01
9.999988e-01 -1.189919e-03 1.029464e-03 -9.610395e+00 1.191901e-03 9.999974e-01 -1.926610e-03 -9.434371e-01 -1.027169e-03 1.927835e-03 9.999976e-01 7.487163e+01
9.999208e-01 4.959325e-03 -1.156860e-02 -9.542113e+00 -4.952807e-03 9.999876e-01 5.920360e-04 -9.878472e-01 1.157139e-02 -5.346928e-04 9.999329e-01 7.649414e+01
9.999970e-01 -2.365698e-03 6.487141e-04 -9.498797e+00 2.366460e-03 9.999965e-01 -1.177034e-03 -1.016677e+00 -6.459272e-04 1.178566e-03 9.999991e-01 7.751371e+01
9.999488e-01 5.609799e-03 -8.418560e-03 -9.526448e+00 -5.607001e-03 9.999842e-01 3.559426e-04 -1.039042e+00 8.420424e-03 -3.087222e-04 9.999645e-01 7.862094e+01
9.999228e-01 1.360292e-03 1.234882e-02 -9.761415e+00 -1.315644e-03 9.999926e-01 -3.622999e-03 -1.066649e+00 -1.235366e-02 3.606473e-03 9.999172e-01 8.087345e+01
9.998683e-01 4.322195e-03 -1.564486e-02 -9.871644e+00 -4.298710e-03 9.999896e-01 1.534509e-03 -1.099196e+00 1.565133e-02 -1.467055e-03 9.998764e-01 8.270555e+01
9.999282e-01 2.638369e-03 1.168627e-02 -9.976930e+00 -2.582363e-03 9.999851e-01 -4.804892e-03 -1.140219e+00 -1.169877e-02 4.774369e-03 9.999202e-01 8.479165e+01
9.997549e-01 -1.431882e-03 -2.209055e-02 -9.967587e+00 1.544928e-03 9.999858e-01 5.101157e-03 -1.152214e+00 2.208293e-02 -5.134035e-03 9.997430e-01 8.525171e+01
9.998732e-01 2.563100e-03 1.571891e-02 -1.013009e+01 -2.500102e-03 9.999888e-01 -4.026075e-03 -1.143950e+00 -1.572905e-02 3.986267e-03 9.998683e-01 8.527257e+01
9.998126e-01 -1.506847e-03 -1.929963e-02 -1.046159e+01 1.615973e-03 9.999828e-01 5.639959e-03 -1.121194e+00 1.929080e-02 -5.670091e-03 9.997978e-01 8.536198e+01
9.999423e-01 2.001329e-03 1.055660e-02 -1.056886e+01 -1.963795e-03 9.999917e-01 -3.564683e-03 -1.112255e+00 -1.056365e-02 3.543747e-03 9.999379e-01 8.520149e+01
9.997432e-01 -1.596584e-03 -2.260329e-02 -1.044653e+01 1.710243e-03 9.999860e-01 5.010019e-03 -1.114799e+00 2.259497e-02 -5.047390e-03 9.997320e-01 8.491484e+01
9.999088e-01 1.662349e-03 1.340522e-02 -1.028299e+01 -1.617989e-03 9.999932e-01 -3.319310e-03 -1.108013e+00 -1.341065e-02 3.297318e-03 9.999046e-01 8.423602e+01
9.997563e-01 -1.438609e-03 -2.203058e-02 -1.039077e+01 1.557161e-03 9.999844e-01 5.365046e-03 -1.096796e+00 2.202251e-02 -5.398044e-03 9.997429e-01 8.383907e+01
9.999065e-01 2.708237e-03 1.340287e-02 -1.056112e+01 -2.650691e-03 9.999872e-01 -4.309433e-03 -1.090585e+00 -1.341436e-02 4.273503e-03 9.999009e-01 8.391565e+01
9.997078e-01 -8.511587e-04 -2.415631e-02 -1.055478e+01 9.593946e-04 9.999896e-01 4.469429e-03 -1.102914e+00 2.415225e-02 -4.491300e-03 9.996982e-01 8.439421e+01
9.999081e-01 1.866695e-03 1.342799e-02 -1.058500e+01 -1.818801e-03 9.999919e-01 -3.578031e-03 -1.107492e+00 -1.343456e-02 3.553280e-03 9.999034e-01 8.458837e+01
9.997258e-01 -1.700642e-03 -2.335475e-02 -1.061510e+01 1.830612e-03 9.999830e-01 5.544796e-03 -1.098066e+00 2.334492e-02 -5.586029e-03 9.997119e-01 8.414599e+01
9.999028e-01 1.796880e-03 1.382448e-02 -1.059486e+01 -1.745974e-03 9.999917e-01 -3.693493e-03 -1.088623e+00 -1.383100e-02 3.668997e-03 9.998976e-01 8.361938e+01
9.997018e-01 -1.622570e-03 -2.436494e-02 -1.053107e+01 1.749587e-03 9.999850e-01 5.192732e-03 -1.086345e+00 2.435615e-02 -5.233813e-03 9.996896e-01 8.327335e+01
9.999048e-01 1.975625e-03 1.365267e-02 -1.053821e+01 -1.923747e-03 9.999909e-01 -3.811871e-03 -1.085069e+00 -1.366007e-02 3.785244e-03 9.998995e-01 8.316665e+01
9.996595e-01 -4.167340e-04 -2.609087e-02 -1.046757e+01 5.192271e-04 9.999922e-01 3.921677e-03 -1.101087e+00 2.608903e-02 -3.933889e-03 9.996519e-01 8.360405e+01
9.999029e-01 1.276348e-03 1.387778e-02 -1.039258e+01 -1.231618e-03 9.999940e-01 -3.231178e-03 -1.120000e+00 -1.388182e-02 3.213773e-03 9.998985e-01 8.412668e+01
9.996261e-01 -5.257552e-04 -2.733699e-02 -1.025491e+01 6.396323e-04 9.999912e-01 4.157116e-03 -1.138396e+00 2.733456e-02 -4.173048e-03 9.996176e-01 8.448464e+01
9.998760e-01 2.105483e-03 1.560743e-02 -1.021300e+01 -2.052087e-03 9.999920e-01 -3.436374e-03 -1.154800e+00 -1.561454e-02 3.403921e-03 9.998723e-01 8.498311e+01
9.996652e-01 -1.339737e-04 -2.587351e-02 -1.018761e+01 2.277220e-04 9.999934e-01 3.620435e-03 -1.176477e+00 2.587286e-02 -3.625115e-03 9.996587e-01 8.577073e+01
9.998072e-01 3.503616e-03 1.931832e-02 -1.027783e+01 -3.432978e-03 9.999873e-01 -3.688470e-03 -1.191317e+00 -1.933100e-02 3.621441e-03 9.998066e-01 8.669501e+01
9.997518e-01 -1.444350e-03 -2.223100e-02 -1.058880e+01 1.545229e-03 9.999886e-01 4.521285e-03 -1.175660e+00 2.222422e-02 -4.554516e-03 9.997426e-01 8.718364e+01
9.998489e-01 2.994408e-03 1.712077e-02 -1.085598e+01 -2.936486e-03 9.999899e-01 -3.407216e-03 -1.162320e+00 -1.713080e-02 3.356427e-03 9.998476e-01 8.737493e+01
9.996114e-01 -2.562388e-03 -2.775855e-02 -1.083356e+01 2.698668e-03 9.999845e-01 4.873154e-03 -1.163110e+00 2.774564e-02 -4.946172e-03 9.996028e-01 8.732200e+01
9.998796e-01 3.197372e-03 1.518469e-02 -1.074613e+01 -3.138298e-03 9.999874e-01 -3.912573e-03 -1.173104e+00 -1.519701e-02 3.864448e-03 9.998771e-01 8.746520e+01
9.996312e-01 -1.896889e-03 -2.708976e-02 -1.070099e+01 2.018070e-03 9.999881e-01 4.446710e-03 -1.186315e+00 2.708100e-02 -4.499740e-03 9.996231e-01 8.782917e+01
9.997185e-01 5.510004e-03 2.307785e-02 -1.083104e+01 -5.391888e-03 9.999721e-01 -5.177247e-03 -1.199305e+00 -2.310573e-02 5.051357e-03 9.997203e-01 8.890745e+01
9.997211e-01 -1.685160e-03 -2.355645e-02 -1.109802e+01 1.795265e-03 9.999876e-01 4.653742e-03 -1.202146e+00 2.354832e-02 -4.694735e-03 9.997117e-01 9.016025e+01
9.993817e-01 6.698045e-03 3.451478e-02 -1.192730e+01 -6.544190e-03 9.999681e-01 -4.568679e-03 -1.152634e+00 -3.454428e-02 4.339984e-03 9.993937e-01 9.116212e+01
9.998758e-01 -1.581027e-03 -1.567869e-02 -1.311731e+01 1.669962e-03 9.999826e-01 5.660901e-03 -1.073767e+00 1.566946e-02 -5.686381e-03 9.998611e-01 9.204153e+01
9.998640e-01 2.662136e-03 1.627253e-02 -1.360291e+01 -2.612799e-03 9.999919e-01 -3.052422e-03 -1.036664e+00 -1.628052e-02 3.009491e-03 9.998629e-01 9.197464e+01
9.998126e-01 -4.829719e-04 -1.935307e-02 -1.400187e+01 5.684991e-04 9.999901e-01 4.414076e-03 -1.016392e+00 1.935075e-02 -4.424251e-03 9.998030e-01 9.205386e+01
9.995140e-01 3.829862e-03 3.093856e-02 -1.490981e+01 -3.731180e-03 9.999878e-01 -3.246693e-03 -9.536557e-01 -3.095062e-02 3.129678e-03 9.995160e-01 9.263809e+01
9.994718e-01 -2.709551e-03 -3.238563e-02 -1.530819e+01 2.867778e-03 9.999842e-01 4.840290e-03 -9.225811e-01 3.237201e-02 -4.930608e-03 9.994637e-01 9.273295e+01
9.997604e-01 2.834879e-03 2.170464e-02 -1.526769e+01 -2.767068e-03 9.999912e-01 -3.153637e-03 -9.180750e-01 -2.171339e-02 3.092824e-03 9.997595e-01 9.237976e+01
9.994609e-01 -2.803999e-03 -3.271037e-02 -1.510510e+01 2.955788e-03 9.999851e-01 4.592973e-03 -9.171165e-01 3.269701e-02 -4.687183e-03 9.994543e-01 9.195265e+01
9.997732e-01 3.152848e-03 2.106373e-02 -1.481485e+01 -3.087715e-03 9.999904e-01 -3.123966e-03 -9.226909e-01 -2.107338e-02 3.058219e-03 9.997733e-01 9.155768e+01
9.994432e-01 -2.842818e-03 -3.324596e-02 -1.458586e+01 2.986905e-03 9.999864e-01 4.285132e-03 -9.292145e-01 3.323333e-02 -4.382049e-03 9.994380e-01 9.131312e+01
9.997677e-01 3.283142e-03 2.130191e-02 -1.438659e+01 -3.213015e-03 9.999893e-01 -3.325391e-03 -9.359593e-01 -2.131260e-02 3.256176e-03 9.997676e-01 9.112700e+01
9.994327e-01 -3.002315e-03 -3.354403e-02 -1.421590e+01 3.152607e-03 9.999852e-01 4.428464e-03 -9.415415e-01 3.353024e-02 -4.531704e-03 9.994274e-01 9.094955e+01
9.996881e-01 3.701582e-03 2.470021e-02 -1.430367e+01 -3.628000e-03 9.999888e-01 -3.023131e-03 -9.365924e-01 -2.471112e-02 2.932576e-03 9.996903e-01 9.091969e+01
9.994131e-01 -3.280781e-03 -3.409764e-02 -1.423992e+01 3.430669e-03 9.999847e-01 4.338263e-03 -9.344343e-01 3.408289e-02 -4.452696e-03 9.994091e-01 9.072552e+01
9.996735e-01 3.624528e-03 2.529497e-02 -1.402054e+01 -3.556246e-03 9.999899e-01 -2.743902e-03 -9.284512e-01 -2.530466e-02 2.653052e-03 9.996763e-01 8.996742e+01
9.994154e-01 -3.638605e-03 -3.399365e-02 -1.386219e+01 3.792963e-03 9.999828e-01 4.477409e-03 -9.178033e-01 3.397677e-02 -4.603728e-03 9.994120e-01 8.918575e+01
9.997351e-01 4.156198e-03 2.263535e-02 -1.347481e+01 -4.072125e-03 9.999846e-01 -3.759021e-03 -9.267815e-01 -2.265063e-02 3.665852e-03 9.997367e-01 8.881154e+01
9.993953e-01 -3.740188e-03 -3.457075e-02 -1.309941e+01 3.896015e-03 9.999825e-01 4.441209e-03 -9.413667e-01 3.455354e-02 -4.573212e-03 9.993924e-01 8.866299e+01
9.997280e-01 4.079269e-03 2.296306e-02 -1.283118e+01 -4.002686e-03 9.999863e-01 -3.380007e-03 -9.481400e-01 -2.297653e-02 3.287174e-03 9.997306e-01 8.833139e+01
9.994708e-01 -4.008448e-03 -3.227998e-02 -1.269153e+01 4.163681e-03 9.999801e-01 4.743191e-03 -9.415169e-01 3.226032e-02 -4.875085e-03 9.994676e-01 8.768288e+01
9.997603e-01 4.092537e-03 2.150906e-02 -1.253046e+01 -4.014624e-03 9.999852e-01 -3.664286e-03 -9.421607e-01 -2.152374e-02 3.577058e-03 9.997619e-01 8.732124e+01
9.994362e-01 -3.735319e-03 -3.336526e-02 -1.241407e+01 3.885842e-03 9.999826e-01 4.447697e-03 -9.472511e-01 3.334806e-02 -4.574842e-03 9.994333e-01 8.724253e+01
9.997334e-01 3.860085e-03 2.276518e-02 -1.229549e+01 -3.783555e-03 9.999870e-01 -3.403800e-03 -9.450022e-01 -2.277802e-02 3.316760e-03 9.997350e-01 8.683327e+01
9.995180e-01 -3.169745e-03 -3.088388e-02 -1.224280e+01 3.288464e-03 9.999874e-01 3.794010e-03 -9.405180e-01 3.087146e-02 -3.893742e-03 9.995158e-01 8.657833e+01
9.997887e-01 3.283745e-03 2.029077e-02 -1.214338e+01 -3.230108e-03 9.999912e-01 -2.675626e-03 -9.418433e-01 -2.029938e-02 2.609520e-03 9.997905e-01 8.645275e+01
9.995617e-01 -3.175763e-03 -2.943339e-02 -1.194586e+01 3.298684e-03 9.999860e-01 4.128663e-03 -9.339893e-01 2.941986e-02 -4.223945e-03 9.995582e-01 8.568693e+01
9.998363e-01 4.400886e-03 1.754756e-02 -1.185871e+01 -4.335475e-03 9.999835e-01 -3.763900e-03 -9.383803e-01 -1.756384e-02 3.687208e-03 9.998389e-01 8.557514e+01
9.996215e-01 -2.322282e-03 -2.741375e-02 -1.186430e+01 2.425848e-03 9.999900e-01 3.745275e-03 -9.595377e-01 2.740478e-02 -3.810360e-03 9.996172e-01 8.649981e+01
9.998463e-01 4.819141e-03 1.685731e-02 -1.185674e+01 -4.757064e-03 9.999818e-01 -3.720575e-03 -9.848631e-01 -1.687493e-02 3.639812e-03 9.998510e-01 8.751793e+01
9.996742e-01 -2.617733e-03 -2.538853e-02 -1.190492e+01 2.716285e-03 9.999889e-01 3.848036e-03 -9.998634e-01 2.537818e-02 -3.915745e-03 9.996703e-01 8.829801e+01
9.998609e-01 3.605739e-03 1.628191e-02 -1.208396e+01 -3.562630e-03 9.999901e-01 -2.675837e-03 -9.939266e-01 -1.629139e-02 2.617459e-03 9.998639e-01 8.830180e+01
9.997017e-01 -3.677735e-03 -2.414377e-02 -1.204433e+01 3.786721e-03 9.999828e-01 4.469921e-03 -9.789810e-01 2.412691e-02 -4.560014e-03 9.996985e-01 8.743752e+01
9.998890e-01 3.747222e-03 1.441740e-02 -1.192486e+01 -3.703929e-03 9.999886e-01 -3.028313e-03 -9.729903e-01 -1.442858e-02 2.974577e-03 9.998915e-01 8.683003e+01
9.996305e-01 -2.917818e-03 -2.702382e-02 -1.186765e+01 3.011100e-03 9.999896e-01 3.411800e-03 -9.841161e-01 2.701358e-02 -3.491911e-03 9.996290e-01 8.708365e+01
9.998877e-01 3.669910e-03 1.452979e-02 -1.180907e+01 -3.629000e-03 9.999894e-01 -2.840919e-03 -9.986627e-01 -1.454007e-02 2.787872e-03 9.998904e-01 8.747704e+01
9.996279e-01 -3.500212e-03 -2.705304e-02 -1.171132e+01 3.604691e-03 9.999862e-01 3.814247e-03 -1.004510e+00 2.703931e-02 -3.910346e-03 9.996267e-01 8.742307e+01
9.998647e-01 3.721792e-03 1.602482e-02 -1.148381e+01 -3.680434e-03 9.999898e-01 -2.609555e-03 -1.007702e+00 -1.603437e-02 2.550224e-03 9.998682e-01 8.703401e+01
9.995587e-01 -3.517396e-03 -2.949679e-02 -1.127370e+01 3.623574e-03 9.999871e-01 3.546963e-03 -1.024303e+00 2.948393e-02 -3.652282e-03 9.995586e-01 8.721207e+01
9.998483e-01 4.013964e-03 1.694634e-02 -1.112786e+01 -3.968460e-03 9.999884e-01 -2.717911e-03 -1.042174e+00 -1.695705e-02 2.650249e-03 9.998527e-01 8.760459e+01
9.996041e-01 -3.089128e-03 -2.796770e-02 -1.110561e+01 3.174614e-03 9.999904e-01 3.012724e-03 -1.055807e+00 2.795813e-02 -3.100318e-03 9.996043e-01 8.814400e+01
9.998425e-01 4.466278e-03 1.717543e-02 -1.109248e+01 -4.418831e-03 9.999863e-01 -2.799409e-03 -1.069215e+00 -1.718770e-02 2.723074e-03 9.998486e-01 8.867030e+01
9.996565e-01 -3.257618e-03 -2.600649e-02 -1.113536e+01 3.339253e-03 9.999896e-01 3.096232e-03 -1.075806e+00 2.599613e-02 -3.182011e-03 9.996570e-01 8.915775e+01
9.997492e-01 5.368696e-03 2.174155e-02 -1.140153e+01 -5.313691e-03 9.999825e-01 -2.586886e-03 -1.063855e+00 -2.175505e-02 2.470710e-03 9.997603e-01 8.954411e+01
9.996805e-01 -3.661776e-03 -2.500902e-02 -1.165901e+01 3.737722e-03 9.999885e-01 2.990724e-03 -1.051838e+00 2.499778e-02 -3.083246e-03 9.996828e-01 9.009144e+01
9.998754e-01 4.630664e-03 1.509025e-02 -1.167356e+01 -4.595307e-03 9.999866e-01 -2.376792e-03 -1.059863e+00 -1.510105e-02 2.307152e-03 9.998833e-01 9.048776e+01
9.996125e-01 -3.984291e-03 -2.755072e-02 -1.158193e+01 4.078512e-03 9.999860e-01 3.364587e-03 -1.067959e+00 2.753693e-02 -3.475650e-03 9.996147e-01 9.052367e+01
9.998337e-01 4.641649e-03 1.763524e-02 -1.146525e+01 -4.602048e-03 9.999868e-01 -2.285418e-03 -1.075127e+00 -1.764562e-02 2.203881e-03 9.998419e-01 9.087028e+01
9.995857e-01 -4.037551e-03 -2.849933e-02 -1.144558e+01 4.134223e-03 9.999859e-01 3.333992e-03 -1.075179e+00 2.848546e-02 -3.450434e-03 9.995883e-01 9.090388e+01
9.996700e-01 5.588549e-03 2.507402e-02 -1.164303e+01 -5.519988e-03 9.999808e-01 -2.802700e-03 -1.066878e+00 -2.508920e-02 2.663367e-03 9.996817e-01 9.129685e+01
9.995345e-01 -5.285273e-03 -3.004891e-02 -1.179249e+01 5.426679e-03 9.999746e-01 4.626296e-03 -1.045944e+00 3.002370e-02 -4.787209e-03 9.995377e-01 9.091225e+01
9.996728e-01 5.685335e-03 2.493746e-02 -1.178073e+01 -5.619018e-03 9.999805e-01 -2.728604e-03 -1.020436e+00 -2.495249e-02 2.587587e-03 9.996853e-01 8.957705e+01
9.995458e-01 -5.409915e-03 -2.964797e-02 -1.176408e+01 5.552758e-03 9.999734e-01 4.737765e-03 -9.927468e-01 2.962155e-02 -4.900241e-03 9.995492e-01 8.816057e+01
9.997443e-01 5.547266e-03 2.192200e-02 -1.164343e+01 -5.478000e-03 9.999798e-01 -3.218398e-03 -9.781859e-01 -2.193941e-02 3.097487e-03 9.997545e-01 8.716150e+01
9.994916e-01 -5.285987e-03 -3.144213e-02 -1.153480e+01 5.427404e-03 9.999755e-01 4.414061e-03 -9.698236e-01 3.141802e-02 -4.582466e-03 9.994958e-01 8.644939e+01
9.997412e-01 5.341379e-03 2.211231e-02 -1.145420e+01 -5.274533e-03 9.999813e-01 -3.080250e-03 -9.618270e-01 -2.212835e-02 2.962821e-03 9.997507e-01 8.582977e+01
9.994084e-01 -5.187066e-03 -3.399781e-02 -1.136220e+01 5.329357e-03 9.999774e-01 4.096013e-03 -9.636489e-01 3.397580e-02 -4.274777e-03 9.994135e-01 8.561187e+01
9.996850e-01 5.284765e-03 2.453383e-02 -1.116604e+01 -5.217738e-03 9.999825e-01 -2.795197e-03 -9.602735e-01 -2.454817e-02 2.666305e-03 9.996951e-01 8.501205e+01
9.993825e-01 -5.156621e-03 -3.475726e-02 -1.101545e+01 5.290589e-03 9.999789e-01 3.763542e-03 -9.594732e-01 3.473712e-02 -3.945105e-03 9.993887e-01 8.457528e+01
9.996515e-01 5.295224e-03 2.586270e-02 -1.089375e+01 -5.222585e-03 9.999822e-01 -2.875326e-03 -9.519442e-01 -2.587746e-02 2.739254e-03 9.996614e-01 8.397601e+01
9.994366e-01 -5.086037e-03 -3.317669e-02 -1.075489e+01 5.232158e-03 9.999770e-01 4.319021e-03 -9.373680e-01 3.315396e-02 -4.490174e-03 9.994402e-01 8.294841e+01
9.996942e-01 5.549737e-03 2.409611e-02 -1.074587e+01 -5.480954e-03 9.999807e-01 -2.919605e-03 -9.325378e-01 -2.411185e-02 2.786643e-03 9.997054e-01 8.261841e+01
9.993597e-01 -4.833538e-03 -3.545125e-02 -1.067107e+01 4.948251e-03 9.999828e-01 3.148797e-03 -9.433859e-01 3.543542e-02 -3.322203e-03 9.993664e-01 8.293893e+01
9.997448e-01 5.347516e-03 2.194840e-02 -1.057325e+01 -5.294319e-03 9.999829e-01 -2.481075e-03 -9.608450e-01 -2.196129e-02 2.364241e-03 9.997560e-01 8.341678e+01
9.993669e-01 -4.121294e-03 -3.533772e-02 -1.048829e+01 4.224093e-03 9.999871e-01 2.834890e-03 -9.750954e-01 3.532558e-02 -2.982365e-03 9.993714e-01 8.374908e+01
9.996992e-01 4.865360e-03 2.403739e-02 -1.044401e+01 -4.810089e-03 9.999857e-01 -2.356612e-03 -9.858450e-01 -2.404852e-02 2.240282e-03 9.997083e-01 8.409251e+01
9.995248e-01 -3.617689e-03 -3.061025e-02 -1.042928e+01 3.685988e-03 9.999908e-01 2.175129e-03 -9.913971e-01 3.060210e-02 -2.286925e-03 9.995290e-01 8.455767e+01
9.998043e-01 3.598590e-03 1.945479e-02 -1.012950e+01 -3.581677e-03 9.999932e-01 -9.040766e-04 -1.015030e+00 -1.945791e-02 8.342194e-04 9.998103e-01 8.496943e+01
9.994945e-01 -3.107273e-03 -3.163951e-02 -9.803356e+00 3.171672e-03 9.999930e-01 1.985418e-03 -1.023473e+00 3.163312e-02 -2.084765e-03 9.994974e-01 8.458921e+01
9.997970e-01 3.350044e-03 1.986798e-02 -9.574448e+00 -3.328319e-03 9.999938e-01 -1.126406e-03 -1.028181e+00 -1.987163e-02 1.060051e-03 9.998020e-01 8.424383e+01
9.994114e-01 -2.675567e-03 -3.420144e-02 -9.311422e+00 2.734417e-03 9.999949e-01 1.674030e-03 -1.040622e+00 3.419678e-02 -1.766566e-03 9.994136e-01 8.415434e+01
9.997219e-01 2.934231e-03 2.339722e-02 -9.051007e+00 -2.921240e-03 9.999956e-01 -5.894019e-04 -1.043925e+00 -2.339884e-02 5.208896e-04 9.997261e-01 8.367805e+01
9.994419e-01 -2.466537e-03 -3.331239e-02 -8.809096e+00 2.521730e-03 9.999955e-01 1.614919e-03 -1.045598e+00 3.330826e-02 -1.698023e-03 9.994437e-01 8.318429e+01
9.997430e-01 2.670381e-03 2.251145e-02 -8.524324e+00 -2.660084e-03 9.999963e-01 -4.873446e-04 -1.055533e+00 -2.251267e-02 4.273375e-04 9.997465e-01 8.301219e+01
9.994229e-01 -2.219170e-03 -3.389635e-02 -8.168380e+00 2.270886e-03 9.999963e-01 1.487323e-03 -1.069277e+00 3.389292e-02 -1.563439e-03 9.994242e-01 8.285573e+01
9.996918e-01 2.464281e-03 2.470137e-02 -7.850774e+00 -2.467038e-03 9.999970e-01 8.115952e-05 -1.067452e+00 -2.470110e-02 -1.420733e-04 9.996949e-01 8.210946e+01
9.993709e-01 -2.191778e-03 -3.539669e-02 -7.449097e+00 2.221273e-03 9.999972e-01 7.939879e-04 -1.075376e+00 3.539485e-02 -8.721146e-04 9.993730e-01 8.161323e+01
9.996827e-01 2.531305e-03 2.506043e-02 -7.110986e+00 -2.538319e-03 9.999967e-01 2.481111e-04 -1.078326e+00 -2.505972e-02 -3.116434e-04 9.996859e-01 8.097957e+01
