9.999734e-01 4.488928e-04 -7.277602e-03 -3.333017e-02 -4.573927e-04 9.999992e-01 -1.166326e-03 1.223767e-02 7.277073e-03 1.169623e-03 9.999728e-01 -7.250490e-01
9.999999e-01 -3.788947e-04 -2.148043e-04 -2.844071e-02 3.790722e-04 9.999996e-01 8.267860e-04 1.771421e-02 2.144913e-04 -8.268667e-04 9.999996e-01 -1.221823e+00
9.999706e-01 4.572720e-04 -7.656873e-03 -5.474955e-03 -4.654495e-04 9.999993e-01 -1.066243e-03 2.087213e-02 7.656380e-03 1.069775e-03 9.999701e-01 -1.652970e+00
9.999999e-01 -1.264935e-04 4.156858e-04 -1.101324e-02 1.263940e-04 1.000000e+00 2.394948e-04 3.036290e-02 -4.157158e-04 -2.394415e-04 9.999999e-01 -2.308258e+00
9.999659e-01 1.392496e-04 -8.255207e-03 -7.914048e-03 -1.434159e-04 9.999999e-01 -5.040867e-04 3.412314e-02 8.255135e-03 5.052527e-04 9.999658e-01 -2.739518e+00
9.999991e-01 -1.228689e-03 5.018167e-04 5.857624e-02 1.228154e-03 9.999987e-01 1.063550e-03 1.962187e-02 -5.031225e-04 -1.062932e-03 9.999993e-01 -2.434570e+00
9.999613e-01 3.070525e-04 -8.790886e-03 1.293526e-01 -3.113371e-04 9.999998e-01 -4.860263e-04 7.221163e-03 8.790735e-03 4.887437e-04 9.999612e-01 -2.136831e+00
9.999987e-01 -1.059038e-03 1.230001e-03 1.895106e-01 1.057923e-03 9.999990e-01 9.071287e-04 -8.855569e-04 -1.230961e-03 -9.058255e-04 9.999988e-01 -2.113199e+00
9.999629e-01 -2.233374e-04 -8.605163e-03 2.579389e-01 2.197353e-04 9.999999e-01 -4.195414e-04 -1.673539e-02 8.605255e-03 4.176343e-04 9.999629e-01 -1.656055e+00
9.999993e-01 7.204752e-04 9.605947e-04 2.517873e-01 -7.201578e-04 9.999997e-01 -3.306160e-04 -8.230738e-03 -9.608323e-04 3.299246e-04 9.999995e-01 -2.203435e+00
9.999787e-01 -1.480045e-04 -6.519232e-03 2.615763e-01 1.369867e-04 9.999986e-01 -1.690463e-03 1.027577e-02 6.519472e-03 1.689533e-03 9.999773e-01 -3.257164e+00
9.999998e-01 3.542958e-04 -5.484963e-04 2.467371e-01 -3.538246e-04 9.999996e-01 8.588447e-04 2.014789e-02 5.488006e-04 -8.586497e-04 9.999995e-01 -3.884344e+00
9.999761e-01 9.748910e-05 -6.910887e-03 1.332061e-01 -1.122002e-04 9.999977e-01 -2.128323e-03 3.613813e-02 6.910663e-03 2.129047e-03 9.999739e-01 -4.630726e+00
9.999994e-01 4.109718e-04 1.029569e-03 8.799798e-02 -4.110210e-04 9.999999e-01 4.770381e-05 5.694766e-02 -1.029549e-03 -4.812624e-05 9.999995e-01 -5.741563e+00
9.999583e-01 -5.483670e-04 -9.110875e-03 6.418533e-02 5.478769e-04 9.999998e-01 -5.628636e-05 5.907492e-02 9.110905e-03 5.129167e-05 9.999585e-01 -6.018003e+00
9.999995e-01 7.523593e-04 6.064349e-04 4.826061e-02 -7.522623e-04 9.999997e-01 -1.601522e-04 6.353191e-02 -6.065548e-04 1.596966e-04 9.999998e-01 -6.397366e+00
9.999719e-01 -1.922564e-04 -7.495026e-03 1.142433e-02 1.830404e-04 9.999992e-01 -1.230280e-03 7.882122e-02 7.495256e-03 1.228873e-03 9.999712e-01 -7.259905e+00
9.999987e-01 7.289590e-04 1.421923e-03 -5.100351e-02 -7.279230e-04 9.999995e-01 -7.289499e-04 9.923729e-02 -1.422454e-03 7.279146e-04 9.999987e-01 -8.334915e+00
9.999662e-01 -4.401807e-04 -8.204428e-03 -5.675770e-02 4.378483e-04 9.999999e-01 -2.860670e-04 1.118003e-01 8.204553e-03 2.824644e-04 9.999663e-01 -9.102065e+00
9.999999e-01 5.358681e-04 7.348104e-05 -4.469486e-02 -5.358698e-04 9.999999e-01 2.375252e-05 1.149994e-01 -7.346797e-05 -2.379119e-05 1.000000e+00 -9.477987e+00
9.999774e-01 7.337118e-05 -6.721692e-03 -9.780221e-02 -8.419886e-05 9.999987e-01 -1.610576e-03 1.325701e-01 6.721564e-03 1.611105e-03 9.999761e-01 -1.041507e+01
9.999998e-01 3.134483e-04 5.105789e-04 -1.345800e-01 -3.134362e-04 1.000000e+00 -2.357949e-05 1.493988e-01 -5.105860e-04 2.342016e-05 9.999999e-01 -1.135420e+01
9.999740e-01 3.110858e-04 -7.198125e-03 -1.869016e-01 -3.217888e-04 9.999988e-01 -1.485794e-03 1.660832e-01 7.197654e-03 1.488071e-03 9.999730e-01 -1.225422e+01
9.999996e-01 1.743736e-04 8.487440e-04 -1.656287e-01 -1.743003e-04 1.000000e+00 -8.626581e-05 1.803126e-01 -8.487587e-04 8.611855e-05 9.999996e-01 -1.317303e+01
9.999648e-01 -4.880962e-04 -8.370630e-03 -6.100652e-02 4.903469e-04 9.999998e-01 2.668431e-04 1.754251e-01 8.370498e-03 -2.709390e-04 9.999649e-01 -1.337141e+01
1.000000e+00 -2.846128e-04 4.093430e-06 3.316125e-02 2.846120e-04 9.999999e-01 2.158389e-04 1.612405e-01 -4.154527e-06 -2.158370e-04 1.000000e+00 -1.310650e+01
9.999741e-01 7.590751e-04 -7.154187e-03 8.413895e-02 -7.662464e-04 9.999992e-01 -9.996986e-04 1.686129e-01 7.153422e-03 1.005154e-03 9.999739e-01 -1.373366e+01
9.999997e-01 -2.814672e-04 6.889947e-04 1.172805e-01 2.817507e-04 9.999999e-01 -4.111774e-04 1.813758e-01 -6.888786e-04 4.113722e-04 9.999997e-01 -1.457233e+01
9.999743e-01 6.400849e-04 -7.136653e-03 1.309818e-01 -6.461489e-04 9.999994e-01 -8.474135e-04 1.941649e-01 7.136106e-03 8.520023e-04 9.999742e-01 -1.537630e+01
9.999999e-01 -3.922043e-04 5.938433e-05 1.314153e-01 3.922058e-04 9.999999e-01 -2.365802e-05 2.043686e-01 -5.937472e-05 2.368201e-05 1.000000e+00 -1.600208e+01
9.999746e-01 6.920777e-04 -7.099315e-03 1.631875e-01 -6.982272e-04 9.999994e-01 -8.637565e-04 2.128413e-01 7.098713e-03 8.686907e-04 9.999744e-01 -1.657468e+01
9.999999e-01 -2.751373e-04 3.252049e-04 2.120968e-01 2.752015e-04 9.999999e-01 -1.970252e-04 2.221503e-01 -3.251503e-04 1.971154e-04 9.999999e-01 -1.720792e+01
9.999841e-01 9.708553e-04 -5.552612e-03 2.046544e-01 -9.824393e-04 9.999973e-01 -2.083854e-03 2.430159e-01 5.550574e-03 2.089276e-03 9.999824e-01 -1.826181e+01
9.999989e-01 -3.736723e-04 1.442337e-03 1.802005e-01 3.745880e-04 9.999997e-01 -6.346177e-04 2.678071e-01 -1.442100e-03 6.351580e-04 9.999988e-01 -1.950840e+01
9.999826e-01 1.123318e-03 -5.787896e-03 2.696241e-02 -1.136705e-03 9.999967e-01 -2.310170e-03 2.990466e-01 5.785281e-03 2.316708e-03 9.999806e-01 -2.082008e+01
9.999959e-01 -6.285985e-04 2.781269e-03 -7.030172e-02 6.312109e-04 9.999994e-01 -9.384633e-04 3.310106e-01 -2.780677e-03 9.402158e-04 9.999957e-01 -2.225064e+01
9.999645e-01 1.008365e-03 -8.371044e-03 -8.149173e-02 -1.016185e-03 9.999991e-01 -9.299616e-04 3.486566e-01 8.370098e-03 9.384343e-04 9.999645e-01 -2.316528e+01
9.999966e-01 -7.297786e-04 2.514932e-03 -1.322034e-01 7.313701e-04 9.999995e-01 -6.319158e-04 3.654031e-01 -2.514470e-03 6.337536e-04 9.999966e-01 -2.396660e+01
9.999569e-01 8.816000e-04 -9.236968e-03 -1.734001e-01 -8.844037e-04 9.999996e-01 -2.994380e-04 3.764535e-01 9.236699e-03 3.075936e-04 9.999573e-01 -2.448844e+01
9.999961e-01 -6.549204e-04 2.726261e-03 -2.605123e-01 6.571887e-04 9.999994e-01 -8.311869e-04 3.902673e-01 -2.725715e-03 8.329760e-04 9.999959e-01 -2.504893e+01
9.999597e-01 1.044286e-03 -8.920645e-03 -2.631047e-01 -1.048974e-03 9.999993e-01 -5.208592e-04 4.032034e-01 8.920095e-03 5.301951e-04 9.999601e-01 -2.575873e+01
9.999973e-01 -6.285145e-04 2.240498e-03 -2.715827e-01 6.299305e-04 9.999996e-01 -6.312932e-04 4.149391e-01 -2.240100e-03 6.327036e-04 9.999973e-01 -2.639370e+01
9.999661e-01 1.219886e-03 -8.139299e-03 -2.348983e-01 -1.228454e-03 9.999987e-01 -1.047724e-03 4.294235e-01 8.138010e-03 1.057686e-03 9.999663e-01 -2.726270e+01
9.999960e-01 -6.592719e-04 2.753161e-03 -2.342958e-01 6.621196e-04 9.999992e-01 -1.033497e-03 4.480684e-01 -2.752477e-03 1.035316e-03 9.999957e-01 -2.826690e+01
9.999722e-01 1.136978e-03 -7.373292e-03 -3.298628e-01 -1.147096e-03 9.999984e-01 -1.368198e-03 4.728907e-01 7.371725e-03 1.376617e-03 9.999719e-01 -2.935596e+01
9.999960e-01 -8.688447e-04 2.690034e-03 -4.496581e-01 8.711938e-04 9.999992e-01 -8.721501e-04 4.967281e-01 -2.689274e-03 8.744908e-04 9.999960e-01 -3.037166e+01
9.999616e-01 1.344807e-03 -8.655676e-03 -4.887948e-01 -1.352513e-03 9.999987e-01 -8.844198e-04 5.140626e-01 8.654475e-03 8.960921e-04 9.999621e-01 -3.127051e+01
9.999931e-01 -8.216862e-04 3.612662e-03 -5.050552e-01 8.263490e-04 9.999988e-01 -1.289338e-03 5.346075e-01 -3.611598e-03 1.292315e-03 9.999926e-01 -3.233579e+01
9.999612e-01 1.378567e-03 -8.699507e-03 -5.205488e-01 -1.386802e-03 9.999986e-01 -9.406693e-04 5.547145e-01 8.698198e-03 9.526966e-04 9.999617e-01 -3.338700e+01
9.999883e-01 -8.270929e-04 4.759405e-03 -6.431423e-01 8.353732e-04 9.999981e-01 -1.738035e-03 5.837018e-01 -4.757958e-03 1.741991e-03 9.999872e-01 -3.462721e+01
9.999685e-01 1.300065e-03 -7.825174e-03 -7.300621e-01 -1.310944e-03 9.999982e-01 -1.385275e-03 6.134939e-01 7.823359e-03 1.395489e-03 9.999684e-01 -3.595116e+01
9.999907e-01 -7.585852e-04 4.253074e-03 -8.520808e-01 7.653877e-04 9.999984e-01 -1.597977e-03 6.439320e-01 -4.251855e-03 1.601218e-03 9.999897e-01 -3.723817e+01
9.999764e-01 1.309257e-03 -6.742769e-03 -9.898472e-01 -1.322327e-03 9.999973e-01 -1.934228e-03 6.781082e-01 6.740217e-03 1.943097e-03 9.999754e-01 -3.872656e+01
9.999933e-01 -3.818158e-04 3.642960e-03 -1.109240e+00 3.886847e-04 9.999981e-01 -1.884960e-03 7.138983e-01 -3.642233e-03 1.886364e-03 9.999916e-01 -4.037332e+01
9.999783e-01 1.613624e-03 -6.389085e-03 -1.140218e+00 -1.626543e-03 9.999966e-01 -2.017278e-03 7.481654e-01 6.385808e-03 2.027626e-03 9.999776e-01 -4.218058e+01
9.999915e-01 -5.648354e-04 4.080732e-03 -1.211797e+00 5.725074e-04 9.999981e-01 -1.879088e-03 7.851951e-01 -4.079663e-03 1.881409e-03 9.999899e-01 -4.391681e+01
9.999885e-01 1.325418e-03 -4.601533e-03 -1.448483e+00 -1.338384e-03 9.999951e-01 -2.815932e-03 8.326918e-01 4.597778e-03 2.822058e-03 9.999854e-01 -4.584972e+01
9.999962e-01 -6.540654e-04 2.673720e-03 -1.564688e+00 6.573015e-04 9.999991e-01 -1.209569e-03 8.704852e-01 -2.672926e-03 1.211323e-03 9.999957e-01 -4.758842e+01
9.999801e-01 1.542731e-03 -6.110636e-03 -1.560214e+00 -1.554194e-03 9.999970e-01 -1.871709e-03 8.980939e-01 6.107730e-03 1.881169e-03 9.999796e-01 -4.907774e+01
9.999940e-01 -3.685188e-04 3.436798e-03 -1.653160e+00 3.752823e-04 9.999980e-01 -1.967483e-03 9.334693e-01 -3.436066e-03 1.968762e-03 9.999922e-01 -5.077941e+01
9.999859e-01 1.086159e-03 -5.204514e-03 -1.757012e+00 -1.096859e-03 9.999973e-01 -2.053553e-03 9.709465e-01 5.202269e-03 2.059232e-03 9.999843e-01 -5.251456e+01
9.999995e-01 -4.131747e-04 9.202014e-04 -1.765359e+00 4.139015e-04 9.999996e-01 -7.895709e-04 9.962079e-01 -9.198745e-04 7.899521e-04 9.999993e-01 -5.386669e+01
9.999858e-01 1.365792e-03 -5.154266e-03 -1.740237e+00 -1.376363e-03 9.999970e-01 -2.047795e-03 1.020168e+00 5.151453e-03 2.054859e-03 9.999846e-01 -5.520569e+01
9.999975e-01 -5.300663e-04 2.189527e-03 -1.795433e+00 5.327301e-04 9.999991e-01 -1.216116e-03 1.050695e+00 -2.188881e-03 1.217280e-03 9.999969e-01 -5.666262e+01
9.999794e-01 1.606893e-03 -6.214804e-03 -1.525774e+00 -1.613902e-03 9.999981e-01 -1.122943e-03 1.068590e+00 6.212987e-03 1.132950e-03 9.999801e-01 -5.800272e+01
9.999998e-01 -3.710950e-04 4.214973e-04 -1.208518e+00 3.712859e-04 9.999998e-01 -4.526127e-04 1.079938e+00 -4.213290e-04 4.527698e-04 9.999998e-01 -5.917214e+01
9.999892e-01 9.114331e-04 -4.551507e-03 -1.267588e+00 -9.213655e-04 9.999972e-01 -2.180571e-03 1.104624e+00 4.549507e-03 2.184740e-03 9.999873e-01 -6.037088e+01
9.999985e-01 -1.555086e-04 1.716637e-03 -1.380207e+00 1.575778e-04 9.999993e-01 -1.205185e-03 1.136699e+00 -1.716448e-03 1.205455e-03 9.999978e-01 -6.181082e+01
9.999953e-01 9.607294e-04 -2.922479e-03 -1.612294e+00 -9.696705e-04 9.999948e-01 -3.059482e-03 1.180799e+00 2.919524e-03 3.062300e-03 9.999910e-01 -6.360480e+01
9.999988e-01 -3.752118e-04 1.532764e-03 -1.815579e+00 3.770426e-04 9.999992e-01 -1.194226e-03 1.222686e+00 -1.532315e-03 1.194803e-03 9.999981e-01 -6.535875e+01
9.999887e-01 7.347426e-04 -4.700671e-03 -1.944188e+00 -7.429713e-04 9.999982e-01 -1.749009e-03 1.253346e+00 4.699377e-03 1.752481e-03 9.999874e-01 -6.668981e+01
9.999999e-01 -2.406413e-04 3.667495e-04 -2.048486e+00 2.409026e-04 9.999997e-01 -7.122356e-04 1.278276e+00 -3.665777e-04 7.123245e-04 9.999997e-01 -6.780448e+01
9.999914e-01 7.590310e-04 -4.085163e-03 -2.220906e+00 -7.678555e-04 9.999974e-01 -2.158945e-03 1.309088e+00 4.083513e-03 2.162063e-03 9.999893e-01 -6.905342e+01
9.999992e-01 -1.677224e-04 1.231603e-03 -2.497389e+00 1.695231e-04 9.999989e-01 -1.461986e-03 1.348750e+00 -1.231356e-03 1.462194e-03 9.999982e-01 -7.054671e+01
9.999922e-01 8.404690e-04 -3.864798e-03 -2.627987e+00 -8.479849e-04 9.999978e-01 -1.943446e-03 1.382492e+00 3.863156e-03 1.946708e-03 9.999906e-01 -7.209626e+01
9.999999e-01 -2.797465e-04 -3.429280e-04 -2.720411e+00 2.794410e-04 9.999996e-01 -8.910505e-04 1.410362e+00 3.431774e-04 8.909553e-04 9.999995e-01 -7.338342e+01
9.999959e-01 8.564110e-04 -2.724253e-03 -2.876796e+00 -8.625222e-04 9.999971e-01 -2.242794e-03 1.441961e+00 2.722324e-03 2.245134e-03 9.999938e-01 -7.471507e+01
9.999994e-01 -4.278598e-04 -9.634102e-04 -2.986480e+00 4.272770e-04 9.999997e-01 -6.053067e-04 1.469910e+00 9.636692e-04 6.048954e-04 9.999994e-01 -7.598779e+01
9.999968e-01 1.404198e-03 -2.090091e-03 -3.030533e+00 -1.410131e-03 9.999950e-01 -2.839835e-03 1.500078e+00 2.086093e-03 2.842773e-03 9.999938e-01 -7.750689e+01
9.999997e-01 -5.887946e-04 -5.831926e-04 -3.072136e+00 5.883775e-04 9.999996e-01 -7.154718e-04 1.532439e+00 5.836139e-04 7.151291e-04 9.999996e-01 -7.911988e+01
9.999940e-01 1.160171e-03 -3.270295e-03 -3.169548e+00 -1.167688e-03 9.999967e-01 -2.297402e-03 1.561210e+00 3.267619e-03 2.301206e-03 9.999920e-01 -8.048048e+01
9.999971e-01 -8.014403e-04 -2.286004e-03 -3.254687e+00 8.026375e-04 9.999995e-01 5.227783e-04 1.581179e+00 2.285584e-03 -5.246109e-04 9.999973e-01 -8.144709e+01
9.999917e-01 9.646286e-04 -3.959638e-03 -3.357403e+00 -9.719066e-04 9.999978e-01 -1.836463e-03 1.597419e+00 3.957858e-03 1.840295e-03 9.999905e-01 -8.216413e+01
9.999991e-01 -5.579740e-04 -1.179521e-03 -3.517543e+00 5.577357e-04 9.999998e-01 -2.025561e-04 1.620591e+00 1.179634e-03 2.018987e-04 9.999993e-01 -8.311050e+01
9.999959e-01 1.185386e-03 -2.591116e-03 -3.625534e+00 -1.192319e-03 9.999957e-01 -2.675722e-03 1.648603e+00 2.587933e-03 2.678800e-03 9.999931e-01 -8.438169e+01
9.999996e-01 -5.406069e-04 -6.389366e-04 -3.687910e+00 5.402655e-04 9.999997e-01 -5.345900e-04 1.678363e+00 6.392257e-04 5.342453e-04 9.999997e-01 -8.581392e+01
9.999940e-01 1.116472e-03 -3.292927e-03 -3.751681e+00 -1.124046e-03 9.999967e-01 -2.298977e-03 1.704996e+00 3.290349e-03 2.302664e-03 9.999919e-01 -8.709320e+01
9.999995e-01 -5.397651e-04 -8.912452e-04 -3.811969e+00 5.393318e-04 9.999997e-01 -4.864942e-04 1.730869e+00 8.915079e-04 4.860139e-04 9.999995e-01 -8.835548e+01
9.999953e-01 1.128837e-03 -2.864141e-03 -3.890987e+00 -1.135338e-03 9.999968e-01 -2.268873e-03 1.757577e+00 2.861570e-03 2.272114e-03 9.999933e-01 -8.960843e+01
9.999994e-01 -5.692085e-04 -9.509638e-04 -3.961586e+00 5.686585e-04 9.999997e-01 -5.786762e-04 1.784516e+00 9.512931e-04 5.781357e-04 9.999994e-01 -9.088311e+01
9.999910e-01 1.182196e-03 -4.084022e-03 -3.989047e+00 -1.189652e-03 9.999976e-01 -1.823570e-03 1.806145e+00 4.081856e-03 1.828411e-03 9.999900e-01 -9.203441e+01
9.999995e-01 -1.150430e-04 1.007702e-03 -4.080452e+00 1.166386e-04 9.999987e-01 -1.583336e-03 1.838660e+00 -1.007518e-03 1.583454e-03 9.999982e-01 -9.361954e+01
9.999988e-01 1.164595e-03 -1.019733e-03 -4.292121e+00 -1.168418e-03 9.999923e-01 -3.756420e-03 1.890176e+00 1.015350e-03 3.757607e-03 9.999924e-01 -9.581380e+01
9.999957e-01 -3.115825e-04 2.931527e-03 -4.729030e+00 3.196560e-04 9.999962e-01 -2.753882e-03 1.958261e+00 -2.930658e-03 2.754807e-03 9.999919e-01 -9.842138e+01
9.999842e-01 9.181070e-04 -5.548011e-03 -4.786334e+00 -9.225951e-04 9.999992e-01 -8.064162e-04 1.989624e+00 5.547266e-03 8.115214e-04 9.999843e-01 -9.997026e+01
9.999969e-01 -2.403275e-04 2.495540e-03 -4.892055e+00 2.461933e-04 9.999972e-01 -2.350379e-03 2.020912e+00 -2.494968e-03 2.350987e-03 9.999941e-01 -1.013839e+02
9.999893e-01 5.452533e-04 -4.594436e-03 -5.255430e+00 -5.514255e-04 9.999989e-01 -1.342187e-03 2.064712e+00 4.593699e-03 1.344705e-03 9.999885e-01 -1.028312e+02
9.999957e-01 -1.830191e-04 2.917076e-03 -5.531481e+00 1.897328e-04 9.999973e-01 -2.301340e-03 2.104205e+00 -2.916647e-03 2.301884e-03 9.999931e-01 -1.043052e+02
9.999790e-01 7.628550e-04 -6.431478e-03 -5.604149e+00 -7.678074e-04 9.999994e-01 -7.675586e-04 2.132322e+00 6.430889e-03 7.724800e-04 9.999790e-01 -1.056746e+02
9.999964e-01 -5.279390e-05 2.692017e-03 -5.624206e+00 5.836511e-05 9.999979e-01 -2.069410e-03 2.157698e+00 -2.691902e-03 2.069560e-03 9.999942e-01 -1.069949e+02
9.999845e-01 1.007560e-03 -5.483432e-03 -5.746533e+00 -1.016340e-03 9.999982e-01 -1.598616e-03 2.192699e+00 5.481811e-03 1.604163e-03 9.999837e-01 -1.085643e+02
9.999868e-01 -3.048535e-04 5.131189e-03 -6.012084e+00 3.203197e-04 9.999954e-01 -3.013563e-03 2.241162e+00 -5.130246e-03 3.015168e-03 9.999823e-01 -1.104921e+02
9.999749e-01 1.093469e-03 -7.001455e-03 -6.157731e+00 -1.101688e-03 9.999987e-01 -1.170008e-03 2.280019e+00 7.000166e-03 1.177691e-03 9.999748e-01 -1.122333e+02
9.999882e-01 -4.928479e-04 4.832018e-03 -6.279600e+00 5.045670e-04 9.999969e-01 -2.424335e-03 2.315753e+00 -4.830808e-03 2.426745e-03 9.999854e-01 -1.138113e+02
9.999778e-01 1.431911e-03 -6.508024e-03 -6.523826e+00 -1.442923e-03 9.999975e-01 -1.687580e-03 2.358177e+00 6.505591e-03 1.696933e-03 9.999774e-01 -1.155054e+02
9.999895e-01 -8.334637e-04 4.497393e-03 -6.640814e+00 8.427169e-04 9.999975e-01 -2.055901e-03 2.394242e+00 -4.495668e-03 2.059670e-03 9.999878e-01 -1.171326e+02
9.999656e-01 1.549994e-03 -8.151790e-03 -6.685689e+00 -1.558615e-03 9.999982e-01 -1.051315e-03 2.422269e+00 8.150146e-03 1.063984e-03 9.999662e-01 -1.185323e+02
9.999930e-01 -9.571881e-04 3.623681e-03 -6.709113e+00 9.628578e-04 9.999983e-01 -1.563126e-03 2.446077e+00 -3.622179e-03 1.566605e-03 9.999922e-01 -1.197598e+02
9.999609e-01 1.420479e-03 -8.733189e-03 -6.703832e+00 -1.425409e-03 9.999988e-01 -5.583205e-04 2.465168e+00 8.732385e-03 5.707464e-04 9.999617e-01 -1.207998e+02
9.999914e-01 -7.766898e-04 4.065746e-03 -6.843548e+00 7.847247e-04 9.999977e-01 -1.974961e-03 2.492701e+00 -4.064203e-03 1.978135e-03 9.999898e-01 -1.219255e+02
9.999749e-01 1.138790e-03 -6.986633e-03 -7.158856e+00 -1.146372e-03 9.999988e-01 -1.081327e-03 2.530956e+00 6.985393e-03 1.089309e-03 9.999750e-01 -1.231874e+02
9.999968e-01 -9.467189e-04 2.325399e-03 -7.292691e+00 9.490092e-04 9.999991e-01 -9.838851e-04 2.554838e+00 -2.324465e-03 9.860895e-04 9.999968e-01 -1.241817e+02
9.999595e-01 1.561925e-03 -8.859571e-03 -7.327170e+00 -1.566749e-03 9.999986e-01 -5.375587e-04 2.569870e+00 8.858719e-03 5.514170e-04 9.999606e-01 -1.250016e+02
9.999948e-01 -1.102860e-03 3.046788e-03 -7.307003e+00 1.106726e-03 9.999986e-01 -1.267553e-03 2.585547e+00 -3.045385e-03 1.270919e-03 9.999946e-01 -1.259418e+02
9.999501e-01 1.529145e-03 -9.867425e-03 -7.210444e+00 -1.527804e-03 9.999988e-01 1.434454e-04 2.591651e+00 9.867632e-03 -1.283634e-04 9.999513e-01 -1.265610e+02
9.999914e-01 -2.038899e-03 3.613130e-03 -7.145242e+00 2.040045e-03 9.999979e-01 -3.133106e-04 2.581130e+00 -3.612483e-03 3.206795e-04 9.999934e-01 -1.263273e+02
9.999456e-01 1.378042e-03 -1.033677e-02 -7.074805e+00 -1.373537e-03 9.999990e-01 4.429432e-04 2.565764e+00 1.033737e-02 -4.287218e-04 9.999465e-01 -1.258485e+02
9.999934e-01 -2.093158e-03 2.986310e-03 -6.874085e+00 2.094232e-03 9.999977e-01 -3.564725e-04 2.548912e+00 -2.985557e-03 3.627248e-04 9.999955e-01 -1.256597e+02
9.999490e-01 2.367472e-03 -9.814191e-03 -6.729306e+00 -2.372389e-03 9.999971e-01 -4.893656e-04 2.550527e+00 9.813003e-03 5.126231e-04 9.999517e-01 -1.261817e+02
9.999943e-01 -1.999514e-03 2.733044e-03 -6.642723e+00 2.000404e-03 9.999979e-01 -3.231051e-04 2.556587e+00 -2.732393e-03 3.285711e-04 9.999962e-01 -1.267956e+02
9.999457e-01 1.908470e-03 -1.024926e-02 -6.513482e+00 -1.906383e-03 9.999982e-01 2.134679e-04 2.554436e+00 1.024965e-02 -1.939179e-04 9.999475e-01 -1.271273e+02
9.999923e-01 -2.691059e-03 2.845409e-03 -6.364131e+00 2.690369e-03 9.999964e-01 2.466688e-04 2.540076e+00 -2.846062e-03 -2.390110e-04 9.999959e-01 -1.269765e+02
9.999672e-01 7.713878e-04 -8.064788e-03 -6.286644e+00 -7.746901e-04 9.999996e-01 -4.063244e-04 2.516233e+00 8.064472e-03 4.125582e-04 9.999674e-01 -1.261903e+02
9.999992e-01 -1.256854e-03 -1.932466e-04 -6.266252e+00 1.256921e-03 9.999992e-01 3.454233e-04 2.510938e+00 1.928125e-04 -3.456653e-04 9.999999e-01 -1.261378e+02
9.999770e-01 1.601407e-03 -6.584911e-03 -6.294138e+00 -1.612201e-03 9.999974e-01 -1.634079e-03 2.524208e+00 6.582277e-03 1.644657e-03 9.999770e-01 -1.268857e+02
9.999989e-01 -1.369859e-03 -6.224973e-04 -6.220898e+00 1.370489e-03 9.999985e-01 1.012134e-03 2.529528e+00 6.211101e-04 -1.012986e-03 9.999993e-01 -1.274511e+02
9.999746e-01 1.376433e-03 -6.991568e-03 -6.045587e+00 -1.383462e-03 9.999985e-01 -1.000554e-03 2.523017e+00 6.990180e-03 1.010201e-03 9.999751e-01 -1.276707e+02
9.999965e-01 -2.639136e-03 -3.285239e-05 -5.940393e+00 2.639174e-03 9.999958e-01 1.210089e-03 2.504066e+00 2.965887e-05 -1.210171e-03 9.999993e-01 -1.272066e+02
9.999865e-01 5.301104e-04 -5.163242e-03 -5.855247e+00 -5.371264e-04 9.999989e-01 -1.357490e-03 2.478127e+00 5.162516e-03 1.360245e-03 9.999857e-01 -1.263433e+02
9.999964e-01 -2.009213e-03 -1.775385e-03 -5.745257e+00 2.011503e-03 9.999971e-01 1.288810e-03 2.456743e+00 1.772790e-03 -1.292376e-03 9.999976e-01 -1.257737e+02
9.999863e-01 9.327931e-04 -5.148383e-03 -5.668452e+00 -9.399755e-04 9.999986e-01 -1.392787e-03 2.438356e+00 5.147077e-03 1.397606e-03 9.999858e-01 -1.252294e+02
9.999956e-01 -1.871665e-03 -2.315560e-03 -5.554574e+00 1.874818e-03 9.999973e-01 1.360113e-03 2.421122e+00 2.313009e-03 -1.364448e-03 9.999964e-01 -1.248579e+02
9.999883e-01 6.342683e-04 -4.794891e-03 -5.457013e+00 -6.402461e-04 9.999990e-01 -1.245212e-03 2.401885e+00 4.794097e-03 1.248267e-03 9.999877e-01 -1.243650e+02
9.999963e-01 -1.948313e-03 -1.911651e-03 -5.366198e+00 1.950963e-03 9.999971e-01 1.385092e-03 2.382085e+00 1.908947e-03 -1.388816e-03 9.999972e-01 -1.237770e+02
9.999857e-01 6.974560e-04 -5.306499e-03 -5.236304e+00 -7.048726e-04 9.999988e-01 -1.395838e-03 2.361475e+00 5.305519e-03 1.399558e-03 9.999849e-01 -1.232880e+02
9.999963e-01 -2.010916e-03 -1.834589e-03 -5.121649e+00 2.013504e-03 9.999970e-01 1.409430e-03 2.341250e+00 1.831749e-03 -1.413118e-03 9.999973e-01 -1.227849e+02
9.999853e-01 6.768317e-04 -5.384618e-03 -5.011782e+00 -6.842098e-04 9.999988e-01 -1.368435e-03 2.321576e+00 5.383685e-03 1.372098e-03 9.999846e-01 -1.222922e+02
9.999966e-01 -2.080920e-03 -1.564797e-03 -4.906987e+00 2.083123e-03 9.999968e-01 1.407388e-03 2.300986e+00 1.561864e-03 -1.410642e-03 9.999978e-01 -1.217402e+02
9.999834e-01 8.649275e-04 -5.690398e-03 -4.798634e+00 -8.726694e-04 9.999987e-01 -1.358127e-03 2.281644e+00 5.689216e-03 1.363070e-03 9.999829e-01 -1.212557e+02
9.999984e-01 -1.377108e-03 -1.151034e-03 -4.817102e+00 1.378372e-03 9.999984e-01 1.098134e-03 2.272691e+00 1.149520e-03 -1.099719e-03 9.999987e-01 -1.209005e+02
9.999776e-01 1.100506e-03 -6.606636e-03 -4.731290e+00 -1.107770e-03 9.999988e-01 -1.095829e-03 2.265234e+00 6.605422e-03 1.103122e-03 9.999776e-01 -1.209454e+02
9.999971e-01 -2.165491e-03 -1.031331e-03 -4.616846e+00 2.166859e-03 9.999968e-01 1.327371e-03 2.248309e+00 1.028454e-03 -1.329602e-03 9.999986e-01 -1.205655e+02
9.999807e-01 8.378391e-04 -6.158095e-03 -4.512223e+00 -8.453820e-04 9.999989e-01 -1.222338e-03 2.229438e+00 6.157064e-03 1.227519e-03 9.999803e-01 -1.200926e+02
9.999972e-01 -1.583020e-03 -1.769904e-03 -4.370815e+00 1.585918e-03 9.999974e-01 1.636549e-03 2.215351e+00 1.767309e-03 -1.639351e-03 9.999971e-01 -1.199105e+02
9.999830e-01 5.705825e-04 -5.804021e-03 -4.248475e+00 -5.784055e-04 9.999989e-01 -1.346221e-03 2.198669e+00 5.803246e-03 1.349554e-03 9.999823e-01 -1.195618e+02
9.999971e-01 -1.935994e-03 -1.411481e-03 -4.134158e+00 1.938084e-03 9.999970e-01 1.480673e-03 2.179017e+00 1.408611e-03 -1.483404e-03 9.999979e-01 -1.190681e+02
9.999783e-01 9.602196e-04 -6.515543e-03 -3.978999e+00 -9.675365e-04 9.999989e-01 -1.119885e-03 2.162333e+00 6.514461e-03 1.126164e-03 9.999781e-01 -1.187991e+02
9.999973e-01 -1.973868e-03 -1.244301e-03 -3.850835e+00 1.975727e-03 9.999969e-01 1.494654e-03 2.145746e+00 1.241347e-03 -1.497108e-03 9.999981e-01 -1.185092e+02
9.999786e-01 8.787016e-04 -6.481141e-03 -3.765757e+00 -8.872334e-04 9.999987e-01 -1.313594e-03 2.128428e+00 6.479979e-03 1.319315e-03 9.999781e-01 -1.180752e+02
9.999967e-01 -1.734910e-03 -1.879436e-03 -3.709204e+00 1.737903e-03 9.999972e-01 1.591889e-03 2.116240e+00 1.876669e-03 -1.595149e-03 9.999970e-01 -1.177884e+02
9.999796e-01 1.768527e-03 -6.141851e-03 -3.713659e+00 -1.779672e-03 9.999968e-01 -1.809519e-03 2.120130e+00 6.138631e-03 1.820412e-03 9.999795e-01 -1.181505e+02
9.999981e-01 -1.471236e-03 -1.275961e-03 -3.639111e+00 1.472753e-03 9.999982e-01 1.188235e-03 2.125207e+00 1.274211e-03 -1.190111e-03 9.999985e-01 -1.186742e+02
9.999774e-01 1.310923e-03 -6.596201e-03 -3.519282e+00 -1.318436e-03 9.999985e-01 -1.134646e-03 2.120429e+00 6.594703e-03 1.143317e-03 9.999776e-01 -1.188438e+02
9.999968e-01 -1.834162e-03 -1.766830e-03 -3.371346e+00 1.836611e-03 9.999974e-01 1.385279e-03 2.107141e+00 1.764285e-03 -1.388519e-03 9.999975e-01 -1.187001e+02
9.999835e-01 7.594341e-04 -5.699692e-03 -3.277309e+00 -7.659424e-04 9.999991e-01 -1.139718e-03 2.090557e+00 5.698821e-03 1.144064e-03 9.999831e-01 -1.183041e+02
9.999962e-01 -1.604795e-03 -2.255769e-03 -3.177676e+00 1.608353e-03 9.999975e-01 1.576122e-03 2.076416e+00 2.253234e-03 -1.579743e-03 9.999962e-01 -1.179851e+02
9.999812e-01 1.200500e-03 -6.009948e-03 -3.033552e+00 -1.208345e-03 9.999984e-01 -1.301852e-03 2.065863e+00 6.008375e-03 1.309089e-03 9.999811e-01 -1.179717e+02
9.999988e-01 -7.882721e-04 -1.335279e-03 -2.973431e+00 7.890794e-04 9.999995e-01 6.038903e-04 2.069049e+00 1.334803e-03 -6.049426e-04 9.999989e-01 -1.184155e+02
9.999854e-01 1.183988e-03 -5.269829e-03 -2.878776e+00 -1.192620e-03 9.999980e-01 -1.635167e-03 2.075750e+00 5.267882e-03 1.641427e-03 9.999848e-01 -1.190554e+02
9.999982e-01 -1.189749e-03 -1.508052e-03 -2.698779e+00 1.190971e-03 9.999990e-01 8.094279e-04 2.071921e+00 1.507087e-03 -8.112218e-04 9.999985e-01 -1.194187e+02
9.999801e-01 5.646477e-04 -6.284077e-03 -2.505320e+00 -5.691096e-04 9.999996e-01 -7.082090e-04 2.058801e+00 6.283675e-03 7.117707e-04 9.999800e-01 -1.194086e+02
9.999990e-01 -9.036485e-04 -1.100995e-03 -2.305040e+00 9.043629e-04 9.999994e-01 6.482622e-04 2.050124e+00 1.100409e-03 -6.492567e-04 9.999992e-01 -1.196141e+02
9.999812e-01 6.873827e-04 -6.088948e-03 -2.071001e+00 -6.906614e-04 9.999996e-01 -5.363266e-04 2.038576e+00 6.088577e-03 5.405213e-04 9.999813e-01 -1.197180e+02
9.999995e-01 -4.350951e-04 -9.402967e-04 -1.962714e+00 4.352082e-04 9.999999e-01 1.196322e-04 2.030655e+00 9.402447e-04 -1.200408e-04 9.999996e-01 -1.197212e+02
9.999986e-01 1.611800e-03 -4.192498e-04 -2.021636e+00 -1.612509e-03 9.999973e-01 -1.694046e-03 2.042921e+00 4.165181e-04 1.694719e-03 9.999985e-01 -1.199093e+02
9.999804e-01 -1.251044e-03 -6.138745e-03 -1.866744e+00 1.256898e-03 9.999988e-01 9.498449e-04 2.042198e+00 6.137549e-03 -9.575415e-04 9.999807e-01 -1.203922e+02
9.999987e-01 1.357574e-03 -8.842608e-04 -1.697907e+00 -1.359000e-03 9.999978e-01 -1.613597e-03 2.041469e+00 8.820682e-04 1.614796e-03 9.999983e-01 -1.208853e+02
9.999832e-01 -9.568270e-04 -5.723526e-03 -1.573177e+00 9.630836e-04 9.999989e-01 1.090423e-03 2.042696e+00 5.722476e-03 -1.095916e-03 9.999830e-01 -1.213959e+02
9.999990e-01 1.442709e-03 5.817413e-05 -1.337084e+00 -1.442587e-03 9.999969e-01 -2.050175e-03 2.036411e+00 -6.113189e-05 2.050088e-03 9.999979e-01 -1.217436e+02
9.999961e-01 -2.589251e-03 -1.064439e-03 -1.449268e+00 2.590377e-03 9.999961e-01 1.057594e-03 2.035360e+00 1.061697e-03 -1.060347e-03 9.999989e-01 -1.214020e+02
9.999965e-01 1.956550e-03 -1.775121e-03 -1.511133e+00 -1.957732e-03 9.999979e-01 -6.644526e-04 2.026507e+00 1.773817e-03 6.679249e-04 9.999982e-01 -1.206434e+02
9.999843e-01 -3.357215e-03 -4.492586e-03 -1.272153e+00 3.360046e-03 9.999942e-01 6.226412e-04 2.003268e+00 4.490470e-03 -6.377262e-04 9.999897e-01 -1.202397e+02
9.999922e-01 3.183871e-03 -2.326432e-03 -1.009753e+00 -3.188638e-03 9.999928e-01 -2.048282e-03 1.996467e+00 2.319893e-03 2.055684e-03 9.999952e-01 -1.207462e+02
9.999865e-01 -2.728320e-03 -4.420179e-03 -8.652738e-01 2.734189e-03 9.999954e-01 1.322268e-03 2.002234e+00 4.416552e-03 -1.334335e-03 9.999894e-01 -1.215004e+02
9.999918e-01 2.373446e-03 -3.292710e-03 -6.943775e-01 -2.377386e-03 9.999965e-01 -1.193300e-03 1.994014e+00 3.289866e-03 1.201118e-03 9.999939e-01 -1.216805e+02
9.999938e-01 -1.928153e-03 -2.953602e-03 -1.905535e-01 1.931955e-03 9.999973e-01 1.284738e-03 1.984220e+00 2.951117e-03 -1.290436e-03 9.999948e-01 -1.221573e+02
9.999902e-01 2.623215e-03 -3.579301e-03 3.785828e-01 -2.629013e-03 9.999952e-01 -1.616067e-03 1.976334e+00 3.575044e-03 1.625460e-03 9.999923e-01 -1.229558e+02
9.999924e-01 -2.674720e-03 -2.852850e-03 6.008455e-01 2.678553e-03 9.999955e-01 1.340629e-03 1.971837e+00 2.849251e-03 -1.348260e-03 9.999950e-01 -1.234598e+02
9.999836e-01 2.304440e-03 -5.237444e-03 7.881724e-01 -2.309605e-03 9.999969e-01 -9.803053e-04 1.964722e+00 5.235168e-03 9.923851e-04 9.999858e-01 -1.237015e+02
9.999941e-01 -2.709493e-03 -2.131272e-03 9.026644e-01 2.712298e-03 9.999955e-01 1.314167e-03 1.961708e+00 2.127702e-03 -1.319939e-03 9.999969e-01 -1.240502e+02
9.999910e-01 6.067360e-04 -4.205012e-03 1.018950e+00 -6.090163e-04 9.999997e-01 -5.409379e-04 1.937092e+00 4.204682e-03 5.434934e-04 9.999910e-01 -1.233457e+02
9.999898e-01 -3.023449e-03 -3.355817e-03 1.247413e+00 3.028069e-03 9.999945e-01 1.372525e-03 1.910073e+00 3.351649e-03 -1.382672e-03 9.999934e-01 -1.228801e+02
9.999865e-01 1.642673e-03 -4.937971e-03 1.433362e+00 -1.642968e-03 9.999986e-01 -5.550699e-05 1.892925e+00 4.937873e-03 6.361860e-05 9.999878e-01 -1.227623e+02
9.999864e-01 -3.121540e-03 -4.179704e-03 1.530799e+00 3.125587e-03 9.999947e-01 9.619230e-04 1.875318e+00 4.176679e-03 -9.749734e-04 9.999908e-01 -1.224252e+02
9.999860e-01 2.831426e-03 -4.471580e-03 1.532301e+00 -2.835397e-03 9.999956e-01 -8.818230e-04 1.879585e+00 4.469063e-03 8.944888e-04 9.999896e-01 -1.229637e+02
9.999831e-01 -4.212578e-03 -4.007997e-03 1.634253e+00 4.219816e-03 9.999895e-01 1.799157e-03 1.867769e+00 4.000375e-03 -1.816039e-03 9.999903e-01 -1.229904e+02
9.999821e-01 4.581657e-03 -3.835589e-03 1.600394e+00 -4.590602e-03 9.999868e-01 -2.326618e-03 1.881913e+00 3.824879e-03 2.344183e-03 9.999899e-01 -1.239012e+02
9.999781e-01 -5.271061e-03 -3.995868e-03 1.562039e+00 5.280656e-03 9.999832e-01 2.394294e-03 1.881704e+00 3.983180e-03 -2.415342e-03 9.999891e-01 -1.240849e+02
9.999798e-01 4.843993e-03 -4.108640e-03 1.586310e+00 -4.850375e-03 9.999870e-01 -1.544841e-03 1.872833e+00 4.101104e-03 1.564737e-03 9.999904e-01 -1.237814e+02
9.999793e-01 -5.938429e-03 -2.495449e-03 1.605727e+00 5.943250e-03 9.999805e-01 1.928546e-03 1.857709e+00 2.483948e-03 -1.943337e-03 9.999950e-01 -1.232789e+02
9.999844e-01 4.378773e-03 -3.459551e-03 1.653761e+00 -4.383882e-03 9.999893e-01 -1.470300e-03 1.838302e+00 3.453076e-03 1.485442e-03 9.999929e-01 -1.225615e+02
9.999753e-01 -5.633666e-03 -4.202685e-03 1.732554e+00 5.642260e-03 9.999820e-01 2.035860e-03 1.822321e+00 4.191141e-03 -2.059522e-03 9.999891e-01 -1.221303e+02
9.999783e-01 5.407771e-03 -3.767143e-03 1.826957e+00 -5.415613e-03 9.999832e-01 -2.074736e-03 1.820837e+00 3.755860e-03 2.095091e-03 9.999908e-01 -1.224713e+02
9.999740e-01 -5.884041e-03 -4.179629e-03 1.892230e+00 5.893667e-03 9.999800e-01 2.294410e-03 1.816345e+00 4.166045e-03 -2.318983e-03 9.999886e-01 -1.226506e+02
9.999860e-01 4.536363e-03 -2.725987e-03 1.950859e+00 -4.541558e-03 9.999879e-01 -1.902463e-03 1.799305e+00 2.717324e-03 1.914816e-03 9.999945e-01 -1.220908e+02
9.999695e-01 -4.838874e-03 -6.124079e-03 1.956113e+00 4.851028e-03 9.999863e-01 1.971325e-03 1.796437e+00 6.114456e-03 -2.000973e-03 9.999793e-01 -1.221760e+02
9.999872e-01 4.942058e-03 -1.122610e-03 2.022503e+00 -4.944573e-03 9.999852e-01 -2.247803e-03 1.799502e+00 1.111484e-03 2.253324e-03 9.999968e-01 -1.227051e+02
9.999624e-01 -5.391448e-03 -6.793201e-03 2.129969e+00 5.409974e-03 9.999817e-01 2.711661e-03 1.793381e+00 6.778457e-03 -2.748310e-03 9.999732e-01 -1.228457e+02
9.999840e-01 5.361816e-03 -1.813149e-03 2.158446e+00 -5.366703e-03 9.999820e-01 -2.700629e-03 1.793572e+00 1.798636e-03 2.710316e-03 9.999947e-01 -1.230949e+02
9.999646e-01 -5.484652e-03 -6.387274e-03 2.053138e+00 5.499571e-03 9.999822e-01 2.320520e-03 1.799528e+00 6.374433e-03 -2.355564e-03 9.999769e-01 -1.233542e+02
9.999863e-01 4.821036e-03 -2.060525e-03 2.018645e+00 -4.824968e-03 9.999865e-01 -1.907389e-03 1.790693e+00 2.051302e-03 1.917304e-03 9.999961e-01 -1.231285e+02
9.999593e-01 -5.964731e-03 -6.763722e-03 2.179956e+00 5.985723e-03 9.999773e-01 3.087651e-03 1.774772e+00 6.745152e-03 -3.128010e-03 9.999724e-01 -1.229808e+02
9.999839e-01 5.374502e-03 -1.830822e-03 2.334364e+00 -5.378468e-03 9.999832e-01 -2.168199e-03 1.763111e+00 1.819138e-03 2.178011e-03 9.999960e-01 -1.230495e+02
9.999677e-01 -5.212696e-03 -6.116796e-03 2.466446e+00 5.227025e-03 9.999836e-01 2.328991e-03 1.763282e+00 6.104555e-03 -2.360888e-03 9.999786e-01 -1.236532e+02
9.999789e-01 5.976264e-03 -2.537277e-03 2.564709e+00 -5.984112e-03 9.999773e-01 -3.096733e-03 1.770141e+00 2.518712e-03 3.111850e-03 9.999920e-01 -1.246137e+02
9.999442e-01 -8.623436e-03 -6.103236e-03 2.817862e+00 8.651463e-03 9.999521e-01 4.580738e-03 1.741368e+00 6.063442e-03 -4.633284e-03 9.999709e-01 -1.244020e+02
9.999834e-01 5.195751e-03 -2.473093e-03 3.193312e+00 -5.202064e-03 9.999832e-01 -2.553194e-03 1.703949e+00 2.459785e-03 2.566017e-03 9.999937e-01 -1.240821e+02
9.999741e-01 -5.182042e-03 -4.993763e-03 3.355516e+00 5.194607e-03 9.999834e-01 2.506261e-03 1.710554e+00 4.980693e-03 -2.532136e-03 9.999844e-01 -1.253686e+02
9.999874e-01 5.012562e-03 -3.440447e-04 3.578816e+00 -5.013461e-03 9.999839e-01 -2.661507e-03 1.716308e+00 3.306982e-04 2.663198e-03 9.999964e-01 -1.265398e+02
9.999557e-01 -5.089129e-03 -7.916794e-03 3.623650e+00 5.108100e-03 9.999841e-01 2.377867e-03 1.724925e+00 7.904568e-03 -2.418201e-03 9.999658e-01 -1.274839e+02
9.999882e-01 4.841460e-03 -4.871729e-04 3.694404e+00 -4.842660e-03 9.999852e-01 -2.492851e-03 1.725743e+00 4.750966e-04 2.495180e-03 9.999968e-01 -1.280851e+02
9.999588e-01 -5.303712e-03 -7.363876e-03 3.902422e+00 5.326873e-03 9.999809e-01 3.129227e-03 1.720498e+00 7.347139e-03 -3.168324e-03 9.999680e-01 -1.287529e+02
9.999899e-01 4.249979e-03 1.486553e-03 4.354493e+00 -4.247393e-03 9.999895e-01 -1.738875e-03 1.695829e+00 -1.493927e-03 1.732543e-03 9.999974e-01 -1.288133e+02
9.999638e-01 -4.681784e-03 -7.111924e-03 4.815122e+00 4.699740e-03 9.999858e-01 2.510071e-03 1.680221e+00 7.100071e-03 -2.543403e-03 9.999716e-01 -1.290562e+02
9.999925e-01 2.555857e-03 2.900119e-03 5.002526e+00 -2.548421e-03 9.999935e-01 -2.565062e-03 1.652472e+00 -2.906656e-03 2.557652e-03 9.999925e-01 -1.282838e+02
9.999605e-01 -4.396589e-03 -7.727833e-03 5.151715e+00 4.418643e-03 9.999862e-01 2.839082e-03 1.630539e+00 7.715244e-03 -2.873115e-03 9.999661e-01 -1.276234e+02
9.999910e-01 4.231093e-03 7.459920e-05 5.244455e+00 -4.230889e-03 9.999878e-01 -2.556257e-03 1.630253e+00 -8.541407e-05 2.555918e-03 9.999967e-01 -1.281000e+02
9.999515e-01 -4.779422e-03 -8.609856e-03 5.351860e+00 4.806614e-03 9.999835e-01 3.140348e-03 1.625624e+00 8.594705e-03 -3.181580e-03 9.999580e-01 -1.283807e+02
9.999914e-01 4.149632e-03 -1.350872e-04 5.338721e+00 -4.150009e-03 9.999871e-01 -2.921501e-03 1.626479e+00 1.229623e-04 2.922036e-03 9.999957e-01 -1.287308e+02
9.999537e-01 -4.697900e-03 -8.398237e-03 5.285121e+00 4.721786e-03 9.999849e-01 2.826480e-03 1.632455e+00 8.384831e-03 -2.866004e-03 9.999607e-01 -1.291871e+02
9.999912e-01 4.181730e-03 4.386888e-04 5.299552e+00 -4.180587e-03 9.999879e-01 -2.575467e-03 1.632899e+00 -4.494534e-04 2.573610e-03 9.999966e-01 -1.294539e+02
9.999570e-01 -5.164778e-03 -7.699841e-03 5.411696e+00 5.190049e-03 9.999812e-01 3.265527e-03 1.618708e+00 7.682831e-03 -3.305348e-03 9.999650e-01 -1.291517e+02
9.999863e-01 5.241232e-03 -1.304169e-04 5.424427e+00 -5.241634e-03 9.999808e-01 -3.295380e-03 1.623594e+00 1.131426e-04 3.296017e-03 9.999946e-01 -1.295776e+02
9.999550e-01 -5.517078e-03 -7.711300e-03 5.460558e+00 5.543175e-03 9.999790e-01 3.366967e-03 1.620578e+00 7.692562e-03 -3.409560e-03 9.999646e-01 -1.296478e+02
9.999870e-01 5.093534e-03 -2.122233e-04 5.548147e+00 -5.094132e-03 9.999828e-01 -2.919590e-03 1.614208e+00 1.973486e-04 2.920633e-03 9.999957e-01 -1.296306e+02
9.999532e-01 -5.228065e-03 -8.145181e-03 5.574519e+00 5.252059e-03 9.999819e-01 2.927117e-03 1.612288e+00 8.129730e-03 -2.969759e-03 9.999625e-01 -1.296992e+02
9.999892e-01 4.648005e-03 -5.357096e-05 5.629448e+00 -4.648132e-03 9.999857e-01 -2.657153e-03 1.605464e+00 4.121974e-05 2.657373e-03 9.999965e-01 -1.296551e+02
9.999620e-01 -6.611391e-03 -5.681095e-03 5.737697e+00 6.627813e-03 9.999739e-01 2.876589e-03 1.585315e+00 5.661928e-03 -2.914132e-03 9.999797e-01 -1.290295e+02
9.999672e-01 7.950006e-03 -1.577352e-03 5.673208e+00 -7.958598e-03 9.999531e-01 -5.517396e-03 1.610290e+00 1.533415e-03 5.529767e-03 9.999835e-01 -1.303725e+02
9.999730e-01 -7.250240e-03 -1.222973e-03 5.464777e+00 7.252305e-03 9.999723e-01 1.692505e-03 1.653302e+00 1.210668e-03 -1.701328e-03 9.999978e-01 -1.323610e+02
9.999637e-01 8.069048e-03 -2.738749e-03 5.292642e+00 -8.083113e-03 9.999540e-01 -5.163682e-03 1.690812e+00 2.696957e-03 5.185631e-03 9.999829e-01 -1.341301e+02
9.999801e-01 -6.264540e-03 -7.417976e-04 5.060941e+00 6.264292e-03 9.999803e-01 -3.370766e-04 1.742427e+00 7.438946e-04 3.324236e-04 9.999997e-01 -1.366204e+02
9.999747e-01 7.007163e-03 -1.209377e-03 4.839498e+00 -7.012505e-03 9.999654e-01 -4.471097e-03 1.795618e+00 1.178006e-03 4.479464e-03 9.999893e-01 -1.391865e+02
9.999803e-01 -5.917599e-03 -2.081258e-03 4.694072e+00 5.917635e-03 9.999825e-01 1.088640e-05 1.838503e+00 2.081157e-03 -2.320183e-05 9.999978e-01 -1.413876e+02
9.999662e-01 7.344893e-03 -3.697881e-03 4.574728e+00 -7.360044e-03 9.999645e-01 -4.100119e-03 1.879515e+00 3.667635e-03 4.127196e-03 9.999848e-01 -1.436717e+02
9.999826e-01 -5.635578e-03 -1.752997e-03 4.442526e+00 5.635497e-03 9.999841e-01 -5.157756e-05 1.925621e+00 1.753260e-03 4.169813e-05 9.999985e-01 -1.462589e+02
9.999805e-01 5.774788e-03 -2.389265e-03 4.396129e+00 -5.779600e-03 9.999813e-01 -2.011791e-03 1.960510e+00 2.377602e-03 2.025561e-03 9.999951e-01 -1.482934e+02
9.999793e-01 -3.922402e-03 -5.102961e-03 4.265887e+00 3.911407e-03 9.999900e-01 -2.162780e-03 1.998885e+00 5.111394e-03 2.142776e-03 9.999846e-01 -1.504378e+02
9.999906e-01 4.342085e-03 5.057628e-05 4.054887e+00 -4.342040e-03 9.999902e-01 -8.717567e-04 2.044343e+00 -5.436098e-05 8.715284e-04 9.999996e-01 -1.526189e+02
9.999857e-01 -3.759890e-03 -3.798806e-03 3.732283e+00 3.749126e-03 9.999889e-01 -2.836788e-03 2.091191e+00 3.809430e-03 2.822506e-03 9.999888e-01 -1.545896e+02
9.999903e-01 4.382812e-03 4.023210e-04 3.499847e+00 -4.382557e-03 9.999902e-01 -6.328575e-04 2.129894e+00 -4.050907e-04 6.310877e-04 9.999997e-01 -1.562403e+02
9.999948e-01 -2.505482e-03 -2.024707e-03 3.133957e+00 2.492708e-03 9.999771e-01 -6.287470e-03 2.193291e+00 2.040414e-03 6.282391e-03 9.999782e-01 -1.590982e+02
9.999959e-01 2.855127e-03 1.839238e-04 2.898599e+00 -2.855566e-03 9.999930e-01 2.430480e-03 2.243978e+00 -1.769831e-04 -2.430995e-03 9.999970e-01 -1.613874e+02
9.999811e-01 -2.424636e-03 -5.642108e-03 2.734168e+00 2.397755e-03 9.999858e-01 -4.766331e-03 2.270119e+00 5.653585e-03 4.752713e-03 9.999727e-01 -1.624947e+02
9.999962e-01 2.649565e-03 7.580781e-04 2.615576e+00 -2.651368e-03 9.999936e-01 2.386056e-03 2.294772e+00 -7.517512e-04 -2.388057e-03 9.999969e-01 -1.635672e+02
9.999696e-01 -2.331374e-03 -7.443119e-03 2.545641e+00 2.303319e-03 9.999902e-01 -3.775644e-03 2.308776e+00 7.451849e-03 3.758385e-03 9.999652e-01 -1.642445e+02
9.999952e-01 2.961497e-03 8.897560e-04 2.565805e+00 -2.963398e-03 9.999933e-01 2.142450e-03 2.323117e+00 -8.834051e-04 -2.145077e-03 9.999973e-01 -1.651565e+02
9.999684e-01 -2.406059e-03 -7.571015e-03 2.629407e+00 2.381121e-03 9.999917e-01 -3.301207e-03 2.334217e+00 7.578895e-03 3.283076e-03 9.999659e-01 -1.659488e+02
9.999946e-01 3.127130e-03 9.600995e-04 2.681758e+00 -3.128918e-03 9.999934e-01 1.866208e-03 2.346299e+00 -9.542572e-04 -1.869202e-03 9.999978e-01 -1.667969e+02
