9.999228e-01 2.621296e-03 -1.214398e-02 1.744507e-01 -2.642125e-03 9.999951e-01 -1.699403e-03 -3.667270e-02 1.213947e-02 1.731357e-03 9.999248e-01 1.327874e+00
9.999916e-01 2.500498e-04 -4.096413e-03 3.752350e-01 -2.442602e-04 9.999990e-01 1.413751e-03 -8.189434e-02 4.096763e-03 -1.412737e-03 9.999906e-01 2.789009e+00
9.999737e-01 3.592372e-03 -6.299509e-03 5.107303e-01 -3.616900e-03 9.999859e-01 -3.886569e-03 -1.249089e-01 6.285458e-03 3.909251e-03 9.999726e-01 4.522605e+00
9.999679e-01 1.211796e-03 -7.921206e-03 7.386650e-01 -1.199522e-03 9.999981e-01 1.554048e-03 -1.874766e-01 7.923074e-03 -1.544496e-03 9.999674e-01 6.794076e+00
9.999738e-01 3.742566e-03 -6.188118e-03 1.016696e+00 -3.767229e-03 9.999850e-01 -3.978703e-03 -2.527956e-01 6.173134e-03 4.001910e-03 9.999729e-01 9.137187e+00
9.999778e-01 2.076343e-03 -6.325523e-03 1.230576e+00 -2.074029e-03 9.999978e-01 3.722999e-04 -3.239373e-01 6.326283e-03 -3.591716e-04 9.999799e-01 1.183524e+01
9.999554e-01 4.712699e-03 -8.181268e-03 1.586681e+00 -4.750229e-03 9.999783e-01 -4.573967e-03 -4.127036e-01 8.159534e-03 4.612625e-03 9.999561e-01 1.506803e+01
9.999394e-01 1.610528e-03 -1.089121e-02 1.978289e+00 -1.589251e-03 9.999968e-01 1.961911e-03 -5.003123e-01 1.089434e-02 -1.944482e-03 9.999388e-01 1.799191e+01
9.999644e-01 2.650175e-03 -8.006622e-03 2.365147e+00 -2.676691e-03 9.999910e-01 -3.302919e-03 -5.690357e-01 7.997796e-03 3.324232e-03 9.999625e-01 2.015612e+01
9.999428e-01 2.977734e-03 -1.027744e-02 2.844062e+00 -2.973663e-03 9.999955e-01 4.113459e-04 -6.511342e-01 1.027861e-02 -3.807600e-04 9.999471e-01 2.288371e+01
9.999944e-01 1.158521e-03 -3.144568e-03 3.158639e+00 -1.168060e-03 9.999947e-01 -3.033357e-03 -7.093553e-01 3.141037e-03 3.037012e-03 9.999905e-01 2.494958e+01
9.997665e-01 5.634298e-03 -2.086209e-02 3.698663e+00 -5.617787e-03 9.999839e-01 8.499313e-04 -8.151491e-01 2.086654e-02 -7.325334e-04 9.997820e-01 2.833295e+01
9.999998e-01 -6.080799e-04 -9.580599e-05 4.153752e+00 6.078392e-04 9.999967e-01 -2.490835e-03 -8.950677e-01 9.731999e-05 2.490775e-03 9.999969e-01 3.082079e+01
9.997630e-01 4.888643e-03 -2.121520e-02 4.580295e+00 -4.857428e-03 9.999870e-01 1.522615e-03 -9.671188e-01 2.122236e-02 -1.419202e-03 9.997738e-01 3.297299e+01
9.999982e-01 6.366177e-04 1.804705e-03 5.038984e+00 -6.297100e-04 9.999925e-01 -3.825660e-03 -1.048764e+00 -1.807127e-03 3.824515e-03 9.999911e-01 3.565078e+01
9.997393e-01 4.274007e-03 -2.242757e-02 5.538690e+00 -4.234016e-03 9.999894e-01 1.830326e-03 -1.132714e+00 2.243516e-02 -1.734890e-03 9.997468e-01 3.831799e+01
9.999989e-01 1.462830e-03 3.751374e-06 6.117021e+00 -1.462801e-03 9.999902e-01 -4.184427e-03 -1.221989e+00 -9.872734e-06 4.184416e-03 9.999912e-01 4.109378e+01
9.998253e-01 5.281424e-03 -1.793198e-02 6.586222e+00 -5.272244e-03 9.999859e-01 5.591263e-04 -1.313407e+00 1.793468e-02 -4.644861e-04 9.998391e-01 4.427560e+01
9.999978e-01 1.115900e-03 -1.779391e-03 7.031331e+00 -1.121624e-03 9.999942e-01 -3.219289e-03 -1.404508e+00 1.775788e-03 3.221277e-03 9.999932e-01 4.726402e+01
9.998344e-01 5.083285e-03 -1.747425e-02 7.485544e+00 -5.076596e-03 9.999870e-01 4.270835e-04 -1.493501e+00 1.747619e-02 -3.383024e-04 9.998472e-01 5.022354e+01
9.999980e-01 7.017584e-05 -2.020476e-03 7.881237e+00 -7.479821e-05 9.999974e-01 -2.287698e-03 -1.573658e+00 2.020310e-03 2.287843e-03 9.999953e-01 5.280755e+01
9.999053e-01 5.588112e-03 -1.257658e-02 8.231006e+00 -5.602127e-03 9.999837e-01 -1.079473e-03 -1.652709e+00 1.257034e-02 1.149827e-03 9.999203e-01 5.556161e+01
9.999725e-01 3.942115e-04 -7.410122e-03 8.684188e+00 -4.040185e-04 9.999990e-01 -1.321994e-03 -1.745456e+00 7.409593e-03 1.324951e-03 9.999717e-01 5.853493e+01
9.998950e-01 2.483277e-03 -1.427497e-02 9.132053e+00 -2.469877e-03 9.999965e-01 9.562818e-04 -1.809254e+00 1.427729e-02 -9.209233e-04 9.998977e-01 6.032610e+01
9.999781e-01 5.851214e-05 -6.618930e-03 9.615368e+00 -6.822470e-05 9.999989e-01 -1.467147e-03 -1.868250e+00 6.618836e-03 1.467566e-03 9.999770e-01 6.189985e+01
9.998726e-01 2.776592e-03 -1.571724e-02 1.013129e+01 -2.761534e-03 9.999957e-01 9.797028e-04 -1.933482e+00 1.571989e-02 -9.361736e-04 9.998760e-01 6.365782e+01
9.999897e-01 5.199841e-04 -4.507693e-03 1.059071e+01 -5.275783e-04 9.999984e-01 -1.683642e-03 -2.002927e+00 4.506811e-03 1.686002e-03 9.999884e-01 6.565243e+01
9.998654e-01 1.701003e-03 -1.631650e-02 1.098107e+01 -1.673706e-03 9.999972e-01 1.686483e-03 -2.060393e+00 1.631932e-02 -1.658947e-03 9.998655e-01 6.722953e+01
9.999870e-01 -1.190670e-03 -4.951905e-03 1.151656e+01 1.182513e-03 9.999979e-01 -1.649876e-03 -2.100578e+00 4.953859e-03 1.643998e-03 9.999864e-01 6.788504e+01
9.998353e-01 2.106579e-03 -1.802499e-02 1.209347e+01 -2.066033e-03 9.999953e-01 2.267773e-03 -2.148410e+00 1.802968e-02 -2.230159e-03 9.998350e-01 6.888500e+01
9.999919e-01 -4.215531e-04 -3.993499e-03 1.264308e+01 4.131075e-04 9.999977e-01 -2.115360e-03 -2.207373e+00 3.994381e-03 2.113692e-03 9.999898e-01 7.034256e+01
9.998384e-01 3.103848e-03 -1.770576e-02 1.314579e+01 -3.072348e-03 9.999936e-01 1.805972e-03 -2.268088e+00 1.771125e-02 -1.751282e-03 9.998416e-01 7.195631e+01
9.999953e-01 -1.133041e-04 -3.068147e-03 1.356072e+01 1.074440e-04 9.999982e-01 -1.909995e-03 -2.323446e+00 3.068358e-03 1.909656e-03 9.999935e-01 7.350163e+01
9.999126e-01 4.877846e-03 -1.228791e-02 1.388381e+01 -4.881031e-03 9.999881e-01 -2.292759e-04 -2.390982e+00 1.228665e-02 2.892342e-04 9.999245e-01 7.581949e+01
9.999813e-01 -4.518292e-04 -6.103168e-03 1.417209e+01 4.469307e-04 9.999996e-01 -8.039146e-04 -2.456167e+00 6.103528e-03 8.011712e-04 9.999811e-01 7.793536e+01
9.999504e-01 2.433629e-03 -9.659579e-03 1.437052e+01 -2.425836e-03 9.999967e-01 8.184111e-04 -2.492505e+00 9.661540e-03 -7.949373e-04 9.999530e-01 7.906021e+01
9.999929e-01 8.989965e-04 -3.664045e-03 1.465247e+01 -9.096687e-04 9.999953e-01 -2.912000e-03 -2.544574e+00 3.661409e-03 2.915312e-03 9.999890e-01 8.088139e+01
9.999009e-01 3.133958e-03 -1.372351e-02 1.490205e+01 -3.103711e-03 9.999927e-01 2.224809e-03 -2.605584e+00 1.373039e-02 -2.181994e-03 9.999034e-01 8.290139e+01
9.999998e-01 4.249083e-04 3.578730e-04 1.508298e+01 -4.235959e-04 9.999932e-01 -3.660271e-03 -2.652065e+00 -3.594260e-04 3.660119e-03 9.999932e-01 8.453052e+01
9.999563e-01 3.971899e-03 -8.462072e-03 1.510209e+01 -3.956517e-03 9.999905e-01 1.833760e-03 -2.689736e+00 8.469275e-03 -1.800199e-03 9.999625e-01 8.630092e+01
9.999996e-01 -9.021288e-04 -1.889769e-05 1.508348e+01 9.020765e-04 9.999962e-01 -2.591189e-03 -2.716377e+00 2.123502e-05 2.591170e-03 9.999966e-01 8.758955e+01
9.999093e-01 1.167927e-03 -1.341753e-02 1.521294e+01 -1.124211e-03 9.999940e-01 3.265197e-03 -2.729713e+00 1.342127e-02 -3.249816e-03 9.999046e-01 8.790870e+01
9.999996e-01 -6.352911e-04 5.816837e-04 1.532827e+01 6.369102e-04 9.999959e-01 -2.788007e-03 -2.742372e+00 -5.799103e-04 2.788375e-03 9.999959e-01 8.822220e+01
9.999153e-01 9.507911e-04 -1.298017e-02 1.547674e+01 -9.077836e-04 9.999941e-01 3.318792e-03 -2.749641e+00 1.298325e-02 -3.306727e-03 9.999102e-01 8.824775e+01
9.999998e-01 4.407715e-04 5.096795e-04 1.555365e+01 -4.390540e-04 9.999942e-01 -3.365706e-03 -2.771928e+00 -5.111602e-04 3.365481e-03 9.999942e-01 8.904399e+01
9.999069e-01 5.201334e-05 -1.364429e-02 1.563756e+01 2.103235e-06 9.999921e-01 3.966177e-03 -2.786060e+00 1.364439e-02 -3.965836e-03 9.998990e-01 8.947589e+01
9.999994e-01 1.129460e-03 9.726625e-05 1.576947e+01 -1.129063e-03 9.999914e-01 -3.996461e-03 -2.808474e+00 -1.017794e-04 3.996348e-03 9.999920e-01 9.014740e+01
9.998735e-01 6.532936e-04 -1.589303e-02 1.593936e+01 -5.832343e-04 9.999901e-01 4.412398e-03 -2.840668e+00 1.589576e-02 -4.402569e-03 9.998640e-01 9.111563e+01
9.999872e-01 1.138973e-03 4.925940e-03 1.599038e+01 -1.115091e-03 9.999876e-01 -4.848305e-03 -2.863114e+00 -4.931401e-03 4.842749e-03 9.999761e-01 9.197266e+01
9.998416e-01 4.136313e-05 -1.779886e-02 1.605427e+01 4.973181e-05 9.999869e-01 5.117529e-03 -2.882660e+00 1.779884e-02 -5.117603e-03 9.998285e-01 9.262271e+01
9.999786e-01 1.157325e-03 6.434446e-03 1.609665e+01 -1.124951e-03 9.999867e-01 -5.032752e-03 -2.900999e+00 -6.440185e-03 5.025405e-03 9.999666e-01 9.328682e+01
9.998246e-01 1.694783e-04 -1.872748e-02 1.615023e+01 -7.236746e-05 9.999865e-01 5.186009e-03 -2.922103e+00 1.872811e-02 -5.183744e-03 9.998112e-01 9.401378e+01
9.999756e-01 9.836126e-04 6.909265e-03 1.620185e+01 -9.487172e-04 9.999868e-01 -5.052025e-03 -2.939667e+00 -6.914143e-03 5.045347e-03 9.999634e-01 9.461306e+01
9.997601e-01 -3.420758e-04 -2.189830e-02 1.652540e+01 4.582987e-04 9.999858e-01 5.302580e-03 -2.950051e+00 2.189617e-02 -5.311343e-03 9.997461e-01 9.441762e+01
9.999392e-01 4.165856e-04 1.101773e-02 1.694925e+01 -3.633004e-04 9.999882e-01 -4.837907e-03 -2.949227e+00 -1.101962e-02 4.833609e-03 9.999276e-01 9.364754e+01
9.997416e-01 1.269142e-04 -2.273248e-02 1.709313e+01 -5.906241e-06 9.999858e-01 5.323105e-03 -2.955630e+00 2.273283e-02 -5.321594e-03 9.997274e-01 9.358995e+01
9.999390e-01 1.352741e-03 1.095909e-02 1.717936e+01 -1.292314e-03 9.999839e-01 -5.519121e-03 -2.977287e+00 -1.096638e-02 5.504621e-03 9.999247e-01 9.440149e+01
9.997166e-01 -7.197264e-04 -2.379575e-02 1.728174e+01 8.600061e-04 9.999823e-01 5.885436e-03 -2.990878e+00 2.379109e-02 -5.904231e-03 9.996995e-01 9.477578e+01
9.999355e-01 2.567787e-03 1.105996e-02 1.741275e+01 -2.497656e-03 9.999767e-01 -6.350156e-03 -3.017173e+00 -1.107601e-02 6.322122e-03 9.999187e-01 9.564533e+01
9.997279e-01 4.892144e-04 -2.332117e-02 1.756814e+01 -3.747779e-04 9.999879e-01 4.911084e-03 -3.059600e+00 2.332329e-02 -4.901007e-03 9.997160e-01 9.715963e+01
9.999236e-01 2.600535e-03 1.208305e-02 1.763005e+01 -2.530669e-03 9.999800e-01 -5.793823e-03 -3.094056e+00 -1.209787e-02 5.762802e-03 9.999102e-01 9.847466e+01
9.997722e-01 -9.456823e-05 -2.134525e-02 1.762560e+01 2.023411e-04 9.999872e-01 5.046914e-03 -3.118365e+00 2.134450e-02 -5.050082e-03 9.997594e-01 9.957068e+01
9.998436e-01 4.338282e-03 1.714295e-02 1.748117e+01 -4.226051e-03 9.999694e-01 -6.577566e-03 -3.135108e+00 -1.717097e-02 6.504090e-03 9.998314e-01 1.008960e+02
9.998396e-01 1.207428e-04 -1.791071e-02 1.726618e+01 -2.925826e-05 9.999870e-01 5.107963e-03 -3.151868e+00 1.791109e-02 -5.106619e-03 9.998265e-01 1.025445e+02
9.999768e-01 1.214504e-03 6.702528e-03 1.728247e+01 -1.180848e-03 9.999867e-01 -5.023095e-03 -3.167932e+00 -6.708539e-03 5.015063e-03 9.999649e-01 1.031592e+02
9.998452e-01 5.064525e-04 -1.758852e-02 1.730346e+01 -4.215229e-04 9.999882e-01 4.832050e-03 -3.185881e+00 1.759076e-02 -4.823888e-03 9.998336e-01 1.039000e+02
9.999720e-01 1.003703e-03 7.412538e-03 1.731498e+01 -9.672818e-04 9.999875e-01 -4.915528e-03 -3.203090e+00 -7.417379e-03 4.908220e-03 9.999604e-01 1.046199e+02
9.998323e-01 1.791605e-03 -1.822754e-02 1.736638e+01 -1.720765e-03 9.999909e-01 3.901379e-03 -3.232565e+00 1.823436e-02 -3.869359e-03 9.998263e-01 1.058137e+02
9.999800e-01 -2.802509e-04 6.322776e-03 1.741623e+01 3.046359e-04 9.999925e-01 -3.856123e-03 -3.252479e+00 -6.321649e-03 3.857971e-03 9.999726e-01 1.065378e+02
9.998480e-01 1.732250e-03 -1.734715e-02 1.744078e+01 -1.664383e-03 9.999909e-01 3.925912e-03 -3.269505e+00 1.735379e-02 -3.896442e-03 9.998418e-01 1.071949e+02
9.999715e-01 -8.309156e-06 7.546866e-03 1.745117e+01 3.900853e-05 9.999917e-01 -4.067747e-03 -3.286770e+00 -7.546770e-03 4.067925e-03 9.999632e-01 1.079466e+02
9.998499e-01 3.404803e-03 -1.698754e-02 1.751428e+01 -3.364998e-03 9.999915e-01 2.371226e-03 -3.320282e+00 1.699547e-02 -2.313706e-03 9.998529e-01 1.093594e+02
9.999857e-01 1.842265e-04 5.343664e-03 1.760654e+01 -1.647046e-04 9.999933e-01 -3.653569e-03 -3.360785e+00 -5.344302e-03 3.652636e-03 9.999790e-01 1.109060e+02
9.998683e-01 3.641572e-03 -1.581720e-02 1.768472e+01 -3.611949e-03 9.999917e-01 1.900972e-03 -3.400073e+00 1.582400e-02 -1.843590e-03 9.998731e-01 1.124905e+02
9.999901e-01 9.169969e-04 4.365375e-03 1.779081e+01 -9.000230e-04 9.999920e-01 -3.888770e-03 -3.447892e+00 -4.368907e-03 3.884802e-03 9.999829e-01 1.143725e+02
9.999226e-01 3.632981e-03 -1.189794e-02 1.782406e+01 -3.615667e-03 9.999924e-01 1.476357e-03 -3.488503e+00 1.190322e-02 -1.433223e-03 9.999281e-01 1.161776e+02
9.999880e-01 1.519988e-03 4.650112e-03 1.786605e+01 -1.500298e-03 9.999899e-01 -4.234880e-03 -3.539583e+00 -4.656502e-03 4.227852e-03 9.999802e-01 1.184218e+02
9.998623e-01 5.134658e-03 -1.577909e-02 1.802132e+01 -5.121801e-03 9.999865e-01 8.551168e-04 -3.611586e+00 1.578327e-02 -7.741812e-04 9.998751e-01 1.213380e+02
9.999986e-01 7.538497e-04 1.502831e-03 1.817226e+01 -7.499404e-04 9.999963e-01 -2.600449e-03 -3.677110e+00 -1.504786e-03 2.599317e-03 9.999955e-01 1.238208e+02
9.999261e-01 8.836654e-04 -1.212543e-02 1.820136e+01 -8.540647e-04 9.999966e-01 2.446129e-03 -3.697348e+00 1.212755e-02 -2.435592e-03 9.999235e-01 1.246462e+02
9.999984e-01 1.444226e-03 1.089989e-03 1.832378e+01 -1.440254e-03 9.999924e-01 -3.636352e-03 -3.733630e+00 -1.095233e-03 3.634776e-03 9.999928e-01 1.259823e+02
9.998835e-01 6.691478e-04 -1.524704e-02 1.843962e+01 -6.146575e-04 9.999934e-01 3.578204e-03 -3.765121e+00 1.524933e-02 -3.568415e-03 9.998774e-01 1.270003e+02
9.999931e-01 1.893217e-04 3.719068e-03 1.848428e+01 -1.774391e-04 9.999949e-01 -3.195222e-03 -3.781539e+00 -3.719654e-03 3.194539e-03 9.999880e-01 1.276063e+02
9.999391e-01 3.774468e-03 -1.037199e-02 1.845482e+01 -3.759715e-03 9.999919e-01 1.441527e-03 -3.811509e+00 1.037735e-02 -1.402443e-03 9.999452e-01 1.291394e+02
9.999991e-01 8.193755e-04 1.040809e-03 1.850397e+01 -8.155727e-04 9.999930e-01 -3.649377e-03 -3.856480e+00 -1.043792e-03 3.648524e-03 9.999928e-01 1.310053e+02
9.999244e-01 5.324754e-03 -1.108202e-02 1.870427e+01 -5.328682e-03 9.999857e-01 -3.249475e-04 -3.922821e+00 1.108013e-02 3.839761e-04 9.999385e-01 1.337132e+02
9.999885e-01 4.054768e-03 -2.579968e-03 1.902676e+01 -4.067338e-03 9.999798e-01 -4.885329e-03 -4.027489e+00 2.560107e-03 4.895766e-03 9.999847e-01 1.377323e+02
9.999022e-01 6.189434e-03 -1.254212e-02 1.945139e+01 -6.203094e-03 9.999802e-01 -1.050544e-03 -4.149253e+00 1.253537e-02 1.128242e-03 9.999208e-01 1.423551e+02
9.999735e-01 7.250516e-03 -6.378855e-04 1.996001e+01 -7.255204e-03 9.999442e-01 -7.682667e-03 -4.310843e+00 5.821465e-04 7.687091e-03 9.999703e-01 1.485540e+02
9.998397e-01 8.277068e-03 -1.587349e-02 2.061302e+01 -8.313267e-03 9.999630e-01 -2.215915e-03 -4.499867e+00 1.585456e-02 2.347521e-03 9.998716e-01 1.556748e+02
9.999592e-01 5.645448e-03 -7.044770e-03 2.129586e+01 -5.677811e-03 9.999734e-01 -4.582357e-03 -4.674905e+00 7.018713e-03 4.622169e-03 9.999647e-01 1.619149e+02
9.998829e-01 5.624113e-03 -1.423396e-02 2.192862e+01 -5.642507e-03 9.999833e-01 -1.252481e-03 -4.824606e+00 1.422668e-02 1.332650e-03 9.998979e-01 1.672178e+02
9.999746e-01 3.423066e-03 -6.256293e-03 2.237860e+01 -3.436641e-03 9.999918e-01 -2.160263e-03 -4.939696e+00 6.248846e-03 2.181708e-03 9.999781e-01 1.711950e+02
9.999644e-01 5.610950e-04 -8.422782e-03 2.253023e+01 -5.496267e-04 9.999989e-01 1.363776e-03 -4.991712e+00 8.423538e-03 -1.359098e-03 9.999636e-01 1.730276e+02
9.999937e-01 9.954661e-04 -3.402509e-03 2.260751e+01 -1.000848e-03 9.999983e-01 -1.580313e-03 -5.016443e+00 3.400930e-03 1.583708e-03 9.999930e-01 1.738798e+02
9.999651e-01 3.069031e-05 -8.348892e-03 2.264843e+01 -1.449402e-05 9.999981e-01 1.939927e-03 -5.033069e+00 8.348936e-03 -1.939738e-03 9.999633e-01 1.744764e+02
9.999908e-01 4.254263e-04 -4.274991e-03 2.269379e+01 -4.298316e-04 9.999994e-01 -1.029519e-03 -5.041564e+00 4.274550e-03 1.031346e-03 9.999903e-01 1.746620e+02
9.999729e-01 4.797004e-04 -7.341983e-03 2.272730e+01 -4.700155e-04 9.999990e-01 1.320714e-03 -5.054015e+00 7.342609e-03 -1.317227e-03 9.999722e-01 1.750566e+02
9.999890e-01 4.092517e-04 -4.679527e-03 2.277223e+01 -4.134098e-04 9.999995e-01 -8.875163e-04 -5.070344e+00 4.679162e-03 8.894405e-04 9.999887e-01 1.755995e+02
9.999960e-01 2.578702e-03 -1.127987e-03 2.273068e+01 -2.579141e-03 9.999966e-01 -3.879727e-04 -5.091888e+00 1.126983e-03 3.908809e-04 9.999993e-01 1.767869e+02
9.999409e-01 -1.609352e-03 -1.075131e-02 2.275742e+01 1.618507e-03 9.999983e-01 8.429110e-04 -5.103857e+00 1.074994e-02 -8.602628e-04 9.999418e-01 1.771802e+02
9.999926e-01 3.844666e-03 -2.496089e-04 2.280006e+01 -3.845017e-03 9.999916e-01 -1.426482e-03 -5.129637e+00 2.441224e-04 1.427431e-03 9.999990e-01 1.781265e+02
9.999364e-01 -2.371260e-03 -1.102349e-02 2.284875e+01 2.386693e-03 9.999962e-01 1.387091e-03 -5.151393e+00 1.102016e-02 -1.413313e-03 9.999383e-01 1.789551e+02
9.999931e-01 3.194839e-03 -1.886335e-03 2.291381e+01 -3.196243e-03 9.999946e-01 -7.424503e-04 -5.167295e+00 1.883953e-03 7.484749e-04 9.999979e-01 1.794533e+02
9.999439e-01 -2.603878e-03 -1.026667e-02 2.299096e+01 2.617578e-03 9.999957e-01 1.321273e-03 -5.171616e+00 1.026319e-02 -1.348073e-03 9.999464e-01 1.793776e+02
9.999926e-01 3.439531e-03 -1.742491e-03 2.305866e+01 -3.441210e-03 9.999936e-01 -9.622808e-04 -5.183964e+00 1.739170e-03 9.682704e-04 9.999980e-01 1.797465e+02
9.999604e-01 -2.293156e-03 -8.596076e-03 2.304935e+01 2.304832e-03 9.999964e-01 1.348755e-03 -5.191279e+00 8.592953e-03 -1.368515e-03 9.999621e-01 1.800992e+02
9.999922e-01 3.772833e-03 1.143350e-03 2.286204e+01 -3.772427e-03 9.999928e-01 -3.559458e-04 -5.182454e+00 -1.144685e-03 3.516303e-04 9.999993e-01 1.801260e+02
9.999622e-01 -3.644381e-03 -7.894672e-03 2.283996e+01 3.659988e-03 9.999914e-01 1.963415e-03 -5.161208e+00 7.887448e-03 -1.992235e-03 9.999669e-01 1.790801e+02
9.999899e-01 3.776544e-03 2.421869e-03 2.281821e+01 -3.776294e-03 9.999929e-01 -1.076213e-04 -5.136475e+00 -2.422258e-03 9.847498e-05 9.999971e-01 1.778589e+02
9.999616e-01 -3.678010e-03 -7.958317e-03 2.277346e+01 3.694268e-03 9.999911e-01 2.029185e-03 -5.112964e+00 7.950783e-03 -2.058508e-03 9.999663e-01 1.767391e+02
9.999919e-01 3.702020e-03 1.554369e-03 2.271228e+01 -3.701983e-03 9.999931e-01 -2.611175e-05 -5.092132e+00 -1.554455e-03 2.035778e-05 9.999988e-01 1.757749e+02
9.999623e-01 -3.561787e-03 -7.922222e-03 2.270611e+01 3.577048e-03 9.999918e-01 1.913101e-03 -5.071051e+00 7.915343e-03 -1.941367e-03 9.999668e-01 1.746963e+02
9.999910e-01 3.696921e-03 2.084227e-03 2.265680e+01 -3.696823e-03 9.999932e-01 -5.062291e-05 -5.048114e+00 -2.084400e-03 4.291793e-05 9.999978e-01 1.736105e+02
9.999741e-01 -3.423439e-03 -6.326820e-03 2.259604e+01 3.437443e-03 9.999917e-01 2.203890e-03 -5.017240e+00 6.319222e-03 -2.225581e-03 9.999776e-01 1.721935e+02
9.999855e-01 3.774676e-03 3.846889e-03 2.255829e+01 -3.774370e-03 9.999929e-01 -8.660699e-05 -4.977952e+00 -3.847188e-03 7.208664e-05 9.999926e-01 1.702987e+02
9.999553e-01 -3.631295e-03 -8.735294e-03 2.257195e+01 3.648235e-03 9.999915e-01 1.924198e-03 -4.952383e+00 8.728232e-03 -1.955981e-03 9.999600e-01 1.689821e+02
9.999845e-01 3.844505e-03 4.031272e-03 2.257080e+01 -3.844544e-03 9.999926e-01 2.059890e-06 -4.926130e+00 -4.031234e-03 -1.755778e-05 9.999919e-01 1.676572e+02
9.999552e-01 -3.703164e-03 -8.708115e-03 2.257443e+01 3.720690e-03 9.999911e-01 1.997347e-03 -4.899442e+00 8.700641e-03 -2.029659e-03 9.999601e-01 1.663240e+02
9.999865e-01 4.287261e-03 -2.920223e-03 2.253886e+01 -4.290865e-03 9.999900e-01 -1.229141e-03 -4.900539e+00 2.914924e-03 1.241656e-03 9.999950e-01 1.663440e+02
9.999964e-01 -2.088319e-03 -1.655719e-03 2.230300e+01 2.090980e-03 9.999965e-01 1.607685e-03 -4.896978e+00 1.652356e-03 -1.611142e-03 9.999973e-01 1.669066e+02
9.999957e-01 2.231656e-03 -1.911695e-03 2.226172e+01 -2.230485e-03 9.999973e-01 6.137339e-04 -4.864357e+00 1.913059e-03 -6.094668e-04 9.999980e-01 1.653927e+02
9.999909e-01 -2.042743e-03 -3.749507e-03 2.230722e+01 2.046889e-03 9.999973e-01 1.102303e-03 -4.841748e+00 3.747245e-03 -1.109969e-03 9.999924e-01 1.641732e+02
9.999672e-01 2.345815e-03 -7.753076e-03 2.254187e+01 -2.351741e-03 9.999969e-01 -7.554735e-04 -4.851346e+00 7.751280e-03 7.736824e-04 9.999697e-01 1.640230e+02
9.999946e-01 -1.726930e-03 -2.794606e-03 2.268840e+01 1.731380e-03 9.999972e-01 1.590863e-03 -4.844608e+00 2.791851e-03 -1.595694e-03 9.999948e-01 1.633152e+02
9.999902e-01 1.894375e-03 -4.007739e-03 2.288326e+01 -1.896234e-03 9.999981e-01 -4.602208e-04 -4.827903e+00 4.006859e-03 4.678164e-04 9.999919e-01 1.621440e+02
9.999726e-01 -7.781729e-04 -7.357653e-03 2.294801e+01 7.826352e-04 9.999995e-01 6.037008e-04 -4.842801e+00 7.357179e-03 -6.094431e-04 9.999728e-01 1.626200e+02
9.999957e-01 1.209972e-03 -2.654728e-03 2.302223e+01 -1.208118e-03 9.999990e-01 6.996951e-04 -4.835506e+00 2.655572e-03 -6.964844e-04 9.999962e-01 1.620148e+02
9.999972e-01 -9.929229e-04 -2.140736e-03 2.303830e+01 9.956241e-04 9.999987e-01 1.261385e-03 -4.810091e+00 2.139481e-03 -1.263513e-03 9.999969e-01 1.607169e+02
9.999948e-01 1.184415e-03 -2.996516e-03 2.304836e+01 -1.182796e-03 9.999992e-01 5.421154e-04 -4.785690e+00 2.997155e-03 -5.385679e-04 9.999954e-01 1.594723e+02
9.999982e-01 -8.555991e-04 -1.675508e-03 2.304604e+01 8.579472e-04 9.999986e-01 1.401572e-03 -4.758283e+00 1.674306e-03 -1.403007e-03 9.999976e-01 1.581131e+02
9.999927e-01 1.005677e-03 -3.673610e-03 2.305024e+01 -1.004387e-03 9.999994e-01 3.529859e-04 -4.733970e+00 3.673963e-03 -3.492931e-04 9.999932e-01 1.568270e+02
9.999889e-01 -2.970270e-04 4.710542e-03 2.293305e+01 2.874241e-04 9.999979e-01 2.039029e-03 -4.681122e+00 -4.711138e-03 -2.037653e-03 9.999868e-01 1.544305e+02
9.999399e-01 4.515221e-04 -1.095844e-02 2.296031e+01 -4.563728e-04 9.999998e-01 -4.402027e-04 -4.658826e+00 1.095824e-02 4.451778e-04 9.999399e-01 1.532256e+02
9.999819e-01 -1.448266e-04 6.017113e-03 2.301294e+01 1.337852e-04 9.999983e-01 1.835268e-03 -4.631588e+00 -6.017369e-03 -1.834430e-03 9.999802e-01 1.516699e+02
9.999589e-01 5.917439e-04 -9.045845e-03 2.305030e+01 -5.926443e-04 9.999998e-01 -9.692264e-05 -4.597914e+00 9.045786e-03 1.022801e-04 9.999591e-01 1.498461e+02
9.999986e-01 -1.429541e-04 1.681227e-03 2.321309e+01 1.409172e-04 9.999993e-01 1.211323e-03 -4.586092e+00 -1.681399e-03 -1.211085e-03 9.999979e-01 1.488064e+02
9.999457e-01 2.956024e-04 -1.042066e-02 2.322837e+01 -2.932502e-04 9.999999e-01 2.271952e-04 -4.574993e+00 1.042072e-02 -2.241266e-04 9.999457e-01 1.481164e+02
9.999931e-01 2.204223e-04 3.719550e-03 2.318813e+01 -2.267476e-04 9.999985e-01 1.700087e-03 -4.551370e+00 -3.719170e-03 -1.700919e-03 9.999916e-01 1.469252e+02
9.999301e-01 1.464890e-03 -1.173568e-02 2.330797e+01 -1.482312e-03 9.999978e-01 -1.476008e-03 -4.564179e+00 1.173349e-02 1.493301e-03 9.999300e-01 1.474650e+02
9.999237e-01 6.022585e-04 1.234016e-02 2.325529e+01 -6.514738e-04 9.999918e-01 3.984541e-03 -4.519172e+00 -1.233766e-02 -3.992277e-03 9.999159e-01 1.451990e+02
9.999477e-01 -7.270916e-04 -1.020018e-02 2.285553e+01 7.237873e-04 9.999997e-01 -3.276898e-04 -4.454474e+00 1.020041e-02 3.202904e-04 9.999479e-01 1.427424e+02
9.999817e-01 1.434762e-03 5.878696e-03 2.230883e+01 -1.456437e-03 9.999922e-01 3.684277e-03 -4.412465e+00 -5.873364e-03 -3.692772e-03 9.999759e-01 1.415411e+02
9.999937e-01 1.036764e-03 3.406654e-03 2.087937e+01 -1.046267e-03 9.999956e-01 2.789117e-03 -4.318197e+00 -3.403748e-03 -2.792664e-03 9.999903e-01 1.403783e+02
9.999958e-01 -4.215474e-04 2.851974e-03 2.004845e+01 4.147284e-04 9.999971e-01 2.390924e-03 -4.223553e+00 -2.852973e-03 -2.389731e-03 9.999931e-01 1.373877e+02
9.999952e-01 8.020063e-04 -2.991395e-03 2.006435e+01 -8.020518e-04 9.999997e-01 -1.422651e-05 -4.179174e+00 2.991383e-03 1.662616e-05 9.999955e-01 1.350737e+02
9.999949e-01 -6.148562e-04 -3.128193e-03 2.016628e+01 6.198329e-04 9.999985e-01 1.590396e-03 -4.159190e+00 3.127211e-03 -1.592327e-03 9.999938e-01 1.337927e+02
9.999984e-01 1.198665e-03 -1.291942e-03 2.027790e+01 -1.198668e-03 9.999993e-01 -1.273201e-06 -4.135665e+00 1.291940e-03 2.822266e-06 9.999992e-01 1.323195e+02
9.999974e-01 -8.714557e-04 -2.112327e-03 2.026409e+01 8.759421e-04 9.999974e-01 2.124198e-03 -4.103365e+00 2.110470e-03 -2.126044e-03 9.999955e-01 1.307497e+02
9.999893e-01 9.011698e-04 -4.546971e-03 2.023249e+01 -9.027934e-04 9.999995e-01 -3.551598e-04 -4.082641e+00 4.546649e-03 3.592614e-04 9.999896e-01 1.297351e+02
9.999990e-01 -7.146134e-04 -1.219307e-03 2.024437e+01 7.172428e-04 9.999974e-01 2.157882e-03 -4.060209e+00 1.217762e-03 -2.158755e-03 9.999969e-01 1.285682e+02
9.999832e-01 7.909306e-04 -5.750588e-03 2.026601e+01 -7.939537e-04 9.999995e-01 -5.235340e-04 -4.041989e+00 5.750171e-03 5.280914e-04 9.999833e-01 1.275739e+02
9.999997e-01 3.403666e-04 -6.568354e-04 2.010002e+01 -3.394125e-04 9.999989e-01 1.453116e-03 -4.023281e+00 6.573294e-04 -1.452893e-03 9.999987e-01 1.270436e+02
9.999659e-01 2.860638e-04 -8.250803e-03 2.012993e+01 -2.909602e-04 9.999998e-01 -5.923204e-04 -4.015542e+00 8.250632e-03 5.947013e-04 9.999658e-01 1.265786e+02
9.999998e-01 -1.106975e-04 6.906891e-04 2.015561e+01 1.093933e-04 9.999982e-01 1.887111e-03 -4.001136e+00 -6.908967e-04 -1.887035e-03 9.999980e-01 1.257847e+02
9.999549e-01 4.469332e-04 -9.488227e-03 2.017844e+01 -4.549719e-04 9.999995e-01 -8.451491e-04 -3.990347e+00 9.487844e-03 8.494283e-04 9.999546e-01 1.251470e+02
9.999977e-01 -3.235291e-04 2.139004e-03 2.020539e+01 3.183059e-04 9.999970e-01 2.441507e-03 -3.972769e+00 -2.139787e-03 -2.440821e-03 9.999947e-01 1.241703e+02
9.999742e-01 5.476053e-04 -7.161616e-03 2.021127e+01 -5.510601e-04 9.999997e-01 -4.805273e-04 -3.947469e+00 7.161351e-03 4.844618e-04 9.999742e-01 1.228755e+02
9.999993e-01 -5.150321e-04 1.053063e-03 2.018363e+01 5.124797e-04 9.999969e-01 2.422131e-03 -3.923260e+00 -1.054307e-03 -2.421590e-03 9.999965e-01 1.216695e+02
9.999405e-01 6.519463e-04 -1.088979e-02 2.020972e+01 -6.651619e-04 9.999990e-01 -1.210057e-03 -3.913958e+00 1.088899e-02 1.217229e-03 9.999400e-01 1.210649e+02
9.999921e-01 -5.613787e-04 3.923782e-03 2.024096e+01 5.502450e-04 9.999958e-01 2.837837e-03 -3.896200e+00 -3.925358e-03 -2.835656e-03 9.999883e-01 1.200893e+02
9.999413e-01 6.151539e-04 -1.081455e-02 2.032256e+01 -6.294419e-04 9.999989e-01 -1.317888e-03 -3.879269e+00 1.081373e-02 1.324618e-03 9.999407e-01 1.190942e+02
9.999947e-01 -4.544442e-04 3.233379e-03 2.038351e+01 4.469230e-04 9.999972e-01 2.326270e-03 -3.870562e+00 -3.234427e-03 -2.324813e-03 9.999921e-01 1.186260e+02
9.999090e-01 6.189839e-04 -1.347658e-02 2.053454e+01 -6.353408e-04 9.999991e-01 -1.209529e-03 -3.870088e+00 1.347582e-02 1.217981e-03 9.999085e-01 1.182894e+02
9.999923e-01 -7.302641e-05 3.936001e-03 2.062595e+01 6.403315e-05 9.999974e-01 2.284794e-03 -3.859589e+00 -3.936158e-03 -2.284525e-03 9.999896e-01 1.174999e+02
9.999461e-01 3.228911e-04 -1.038120e-02 2.048229e+01 -3.245142e-04 9.999999e-01 -1.547288e-04 -3.838448e+00 1.038115e-02 1.580898e-04 9.999461e-01 1.166574e+02
9.999965e-01 2.062003e-04 2.646930e-03 2.052389e+01 -2.096508e-04 9.999991e-01 1.303138e-03 -3.829977e+00 -2.646658e-03 -1.303688e-03 9.999956e-01 1.162513e+02
9.999628e-01 2.532103e-04 -8.619452e-03 2.054878e+01 -2.487965e-04 9.999998e-01 5.130689e-04 -3.808968e+00 8.619580e-03 -5.109049e-04 9.999627e-01 1.152482e+02
9.999794e-01 -9.477841e-06 6.412659e-03 2.031857e+01 -4.864976e-06 9.999975e-01 2.236525e-03 -3.772187e+00 -6.412664e-03 -2.236511e-03 9.999769e-01 1.139018e+02
9.999417e-01 4.230150e-04 -1.079229e-02 2.007328e+01 -4.225730e-04 9.999999e-01 4.317472e-05 -3.742183e+00 1.079231e-02 -3.861125e-05 9.999418e-01 1.129622e+02
9.999631e-01 -2.000978e-04 8.584223e-03 1.996332e+01 1.793796e-04 9.999971e-01 2.414158e-03 -3.703931e+00 -8.584680e-03 -2.412530e-03 9.999602e-01 1.113114e+02
9.999287e-01 4.011668e-04 -1.193473e-02 1.994828e+01 -4.048403e-04 9.999999e-01 -3.054327e-04 -3.672972e+00 1.193461e-02 3.102430e-04 9.999287e-01 1.098206e+02
9.999899e-01 -5.178231e-05 4.495930e-03 1.992063e+01 4.340810e-05 9.999983e-01 1.862558e-03 -3.657931e+00 -4.496019e-03 -1.862345e-03 9.999882e-01 1.090775e+02
9.999296e-01 1.633066e-04 -1.186178e-02 1.997829e+01 -1.679166e-04 9.999999e-01 -3.876983e-04 -3.643326e+00 1.186172e-02 3.896632e-04 9.999296e-01 1.082309e+02
9.999639e-01 2.712668e-04 8.487148e-03 1.995025e+01 -2.918210e-04 9.999970e-01 2.420587e-03 -3.610795e+00 -8.486466e-03 -2.422976e-03 9.999611e-01 1.067022e+02
9.999055e-01 -1.167294e-04 -1.374866e-02 1.997439e+01 1.081533e-04 9.999998e-01 -6.245636e-04 -3.586666e+00 1.374873e-02 6.230180e-04 9.999053e-01 1.054515e+02
9.999846e-01 4.913786e-04 5.530430e-03 1.999222e+01 -5.009958e-04 9.999984e-01 1.737600e-03 -3.573759e+00 -5.529567e-03 -1.740345e-03 9.999832e-01 1.047241e+02
9.998876e-01 -3.601131e-04 -1.498864e-02 2.004499e+01 3.466445e-04 9.999995e-01 -9.012138e-04 -3.572015e+00 1.498896e-02 8.959172e-04 9.998873e-01 1.045464e+02
9.999582e-01 3.794337e-04 9.129960e-03 2.001086e+01 -4.066583e-04 9.999955e-01 2.980155e-03 -3.551686e+00 -9.128787e-03 -2.983744e-03 9.999539e-01 1.035416e+02
9.998556e-01 -2.982148e-05 -1.699134e-02 1.989882e+01 4.671105e-06 9.999989e-01 -1.480263e-03 -3.540565e+00 1.699136e-02 1.479970e-03 9.998545e-01 1.031367e+02
9.997700e-01 8.637945e-04 2.143000e-02 1.971112e+01 -9.814037e-04 9.999845e-01 5.478121e-03 -3.475194e+00 -2.142494e-02 -5.497893e-03 9.997553e-01 1.004105e+02
9.999287e-01 9.464038e-05 -1.194086e-02 1.962369e+01 -1.178284e-04 9.999981e-01 -1.941272e-03 -3.392862e+00 1.194065e-02 1.942541e-03 9.999268e-01 9.651930e+01
9.999012e-01 5.846296e-04 1.404414e-02 1.963320e+01 -6.530253e-04 9.999879e-01 4.865915e-03 -3.338919e+00 -1.404113e-02 -4.874606e-03 9.998895e-01 9.386671e+01
9.998799e-01 -1.854923e-04 -1.549688e-02 1.964176e+01 1.475772e-04 9.999970e-01 -2.447772e-03 -3.299357e+00 1.549729e-02 2.445192e-03 9.998769e-01 9.190722e+01
9.999281e-01 3.966939e-04 1.198679e-02 1.966656e+01 -4.508921e-04 9.999897e-01 4.519079e-03 -3.267133e+00 -1.198487e-02 -4.524159e-03 9.999179e-01 9.026128e+01
9.999400e-01 7.110316e-03 -8.334256e-03 1.931863e+01 -7.174618e-03 9.999445e-01 -7.711088e-03 -3.274315e+00 8.278965e-03 7.770421e-03 9.999355e-01 9.202503e+01
9.999527e-01 -4.090278e-03 8.826300e-03 1.890723e+01 4.004852e-03 9.999452e-01 9.674628e-03 -3.272771e+00 -8.865388e-03 -9.638822e-03 9.999142e-01 9.322898e+01
9.999085e-01 4.300963e-03 -1.282401e-02 1.895879e+01 -4.398375e-03 9.999616e-01 -7.577594e-03 -3.242850e+00 1.279092e-02 7.633306e-03 9.998891e-01 9.166023e+01
9.999713e-01 -4.072550e-03 6.385348e-03 1.905638e+01 4.016717e-03 9.999538e-01 8.732482e-03 -3.224713e+00 -6.420616e-03 -8.706584e-03 9.999415e-01 9.059074e+01
9.999189e-01 4.323549e-03 -1.197552e-02 1.907830e+01 -4.407807e-03 9.999657e-01 -7.018525e-03 -3.204794e+00 1.194476e-02 7.070742e-03 9.999037e-01 8.968156e+01
9.999252e-01 -3.722600e-03 1.165054e-02 1.905374e+01 3.607594e-03 9.999447e-01 9.876747e-03 -3.161171e+00 -1.168666e-02 -9.833978e-03 9.998834e-01 8.762031e+01
9.998814e-01 3.681990e-03 -1.495595e-02 1.907342e+01 -3.793608e-03 9.999651e-01 -7.441660e-03 -3.126400e+00 1.492803e-02 7.497515e-03 9.998605e-01 8.591694e+01
9.999583e-01 -3.577633e-03 8.396562e-03 1.914327e+01 3.501060e-03 9.999523e-01 9.116551e-03 -3.109213e+00 -8.428777e-03 -9.086775e-03 9.999232e-01 8.492533e+01
9.999031e-01 3.489129e-03 -1.347903e-02 1.920980e+01 -3.582262e-03 9.999698e-01 -6.891565e-03 -3.085462e+00 1.345458e-02 6.939183e-03 9.998854e-01 8.370799e+01
9.999188e-01 -2.946292e-03 1.239556e-02 1.920817e+01 2.832081e-03 9.999535e-01 9.221323e-03 -3.044619e+00 -1.242216e-02 -9.185470e-03 9.998807e-01 8.165521e+01
9.998834e-01 2.879258e-03 -1.499352e-02 1.900325e+01 -2.976758e-03 9.999745e-01 -6.484612e-03 -3.005296e+00 1.497447e-02 6.528488e-03 9.998666e-01 8.018092e+01
9.999710e-01 -3.017219e-03 6.989527e-03 1.910732e+01 2.961225e-03 9.999636e-01 8.007616e-03 -2.991985e+00 -7.013433e-03 -7.986687e-03 9.999435e-01 7.928279e+01
9.998908e-01 3.073087e-03 -1.445221e-02 1.920367e+01 -3.166878e-03 9.999740e-01 -6.471350e-03 -2.976611e+00 1.443195e-02 6.516412e-03 9.998746e-01 7.830031e+01
9.999810e-01 -3.169252e-03 5.280247e-03 1.933071e+01 3.129189e-03 9.999664e-01 7.578157e-03 -2.968371e+00 -5.304087e-03 -7.561491e-03 9.999573e-01 7.762889e+01
9.998709e-01 3.723623e-03 -1.562921e-02 1.946802e+01 -3.827581e-03 9.999707e-01 -6.626891e-03 -2.962015e+00 1.560407e-02 6.685858e-03 9.998559e-01 7.696076e+01
9.999241e-01 -3.555753e-03 1.179616e-02 1.947021e+01 3.452210e-03 9.999554e-01 8.786451e-03 -2.932902e+00 -1.182688e-02 -8.745061e-03 9.998918e-01 7.552464e+01
9.998685e-01 3.696690e-03 -1.579130e-02 1.949042e+01 -3.803016e-03 9.999703e-01 -6.708485e-03 -2.903625e+00 1.576604e-02 6.767658e-03 9.998528e-01 7.403519e+01
9.999335e-01 -3.597030e-03 1.095570e-02 1.952564e+01 3.502585e-03 9.999566e-01 8.627622e-03 -2.879256e+00 -1.098626e-02 -8.588675e-03 9.999028e-01 7.276420e+01
9.999028e-01 3.894181e-03 -1.338811e-02 1.953321e+01 -3.979491e-03 9.999719e-01 -6.351466e-03 -2.844311e+00 1.336300e-02 6.404127e-03 9.998902e-01 7.104169e+01
9.999168e-01 -3.689813e-03 1.236334e-02 1.953453e+01 3.580879e-03 9.999547e-01 8.821574e-03 -2.802529e+00 -1.239532e-02 -8.776568e-03 9.998847e-01 6.901579e+01
9.998637e-01 3.886842e-03 -1.604810e-02 1.957377e+01 -3.993879e-03 9.999700e-01 -6.643167e-03 -2.773986e+00 1.602179e-02 6.706356e-03 9.998492e-01 6.752970e+01
9.999263e-01 -3.710578e-03 1.156180e-02 1.958052e+01 3.610145e-03 9.999557e-01 8.695335e-03 -2.746317e+00 -1.159355e-02 -8.652955e-03 9.998954e-01 6.612769e+01
9.998667e-01 3.779022e-03 -1.588130e-02 1.961160e+01 -3.889812e-03 9.999683e-01 -6.951078e-03 -2.715432e+00 1.585452e-02 7.011927e-03 9.998497e-01 6.451879e+01
9.999271e-01 -3.581696e-03 1.152780e-02 1.965615e+01 3.479092e-03 9.999543e-01 8.908310e-03 -2.687936e+00 -1.155918e-02 -8.867555e-03 9.998939e-01 6.304352e+01
9.998017e-01 1.646986e-02 1.119623e-02 1.858108e+01 -1.632949e-02 9.997883e-01 -1.251455e-02 -2.643634e+00 -1.139998e-02 1.232924e-02 9.998590e-01 6.533775e+01
9.996504e-01 -7.292090e-03 2.541283e-02 1.699245e+01 6.978555e-03 9.998987e-01 1.240458e-02 -2.561438e+00 -2.550072e-02 -1.222290e-02 9.996001e-01 6.847307e+01
9.995839e-01 2.380812e-02 1.628273e-02 1.537126e+01 -2.351074e-02 9.995576e-01 -1.821705e-02 -2.487475e+00 -1.670924e-02 1.782666e-02 9.997015e-01 7.215920e+01
9.997178e-01 -1.471086e-02 1.865432e-02 1.364018e+01 1.434098e-02 9.997009e-01 1.980892e-02 -2.400474e+00 -1.894015e-02 -1.953581e-02 9.996297e-01 7.498471e+01
9.998339e-01 1.574727e-02 -9.171979e-03 1.283778e+01 -1.588998e-02 9.997505e-01 -1.570061e-02 -2.315376e+00 8.922449e-03 1.584375e-02 9.998347e-01 7.281134e+01
9.997800e-01 -1.536454e-02 1.427720e-02 1.243662e+01 1.508713e-02 9.996992e-01 1.933870e-02 -2.249256e+00 -1.457003e-02 -1.911905e-02 9.997110e-01 7.046563e+01
9.997126e-01 1.534285e-02 -1.841972e-02 1.247379e+01 -1.565645e-02 9.997328e-01 -1.700326e-02 -2.219817e+00 1.815392e-02 1.728677e-02 9.996858e-01 6.891603e+01
9.997109e-01 -1.476031e-02 1.898071e-02 1.260291e+01 1.438446e-02 9.997007e-01 1.978827e-02 -2.173588e+00 -1.926711e-02 -1.950952e-02 9.996240e-01 6.642343e+01
9.996288e-01 1.488870e-02 -2.281646e-02 1.293726e+01 -1.529796e-02 9.997233e-01 -1.786848e-02 -2.151992e+00 2.254411e-02 1.821090e-02 9.995800e-01 6.467211e+01
9.993921e-01 -3.545551e-03 3.468290e-02 1.232337e+01 3.067507e-03 9.998997e-01 1.382678e-02 -2.150008e+00 -3.472845e-02 -1.371198e-02 9.993027e-01 6.705062e+01
9.997329e-01 8.749127e-03 -2.139322e-02 1.151148e+01 -9.021702e-03 9.998789e-01 -1.267806e-02 -2.134336e+00 2.127971e-02 1.286767e-02 9.996908e-01 6.915279e+01
9.997300e-01 -8.199085e-03 2.174056e-02 1.144087e+01 7.868298e-03 9.998526e-01 1.525730e-02 -2.084924e+00 -2.186246e-02 -1.508212e-02 9.996472e-01 6.677191e+01
9.997044e-01 8.546766e-03 -2.275967e-02 1.149834e+01 -8.838043e-03 9.998799e-01 -1.272825e-02 -2.047509e+00 2.264815e-02 1.292564e-02 9.996599e-01 6.474029e+01
9.998025e-01 -8.855283e-03 1.779427e-02 1.160371e+01 8.591346e-03 9.998528e-01 1.485475e-02 -2.023707e+00 -1.792320e-02 -1.469893e-02 9.997313e-01 6.332998e+01
9.997272e-01 9.023144e-03 -2.154321e-02 1.172742e+01 -9.294737e-03 9.998782e-01 -1.254025e-02 -1.997912e+00 2.142743e-02 1.273707e-02 9.996893e-01 6.177045e+01
9.996631e-01 -8.177416e-03 2.463405e-02 1.165714e+01 7.801919e-03 9.998525e-01 1.530072e-02 -1.934702e+00 -2.475554e-02 -1.510337e-02 9.995794e-01 5.879805e+01
9.998073e-01 9.073648e-03 -1.740520e-02 1.154864e+01 -9.286594e-03 9.998825e-01 -1.219312e-02 -1.864080e+00 1.729252e-02 1.235241e-02 9.997742e-01 5.543726e+01
9.997456e-01 -8.388310e-03 2.093871e-02 1.140203e+01 8.068240e-03 9.998500e-01 1.532396e-02 -1.808664e+00 -2.106412e-02 -1.515112e-02 9.996633e-01 5.295010e+01
9.996872e-01 8.170231e-03 -2.363811e-02 1.127855e+01 -8.472139e-03 9.998835e-01 -1.270027e-02 -1.769257e+00 2.353159e-02 1.289656e-02 9.996399e-01 5.127596e+01
9.998284e-01 -8.417507e-03 1.650497e-02 1.129462e+01 8.175687e-03 9.998590e-01 1.466441e-02 -1.753313e+00 -1.662608e-02 -1.452695e-02 9.997562e-01 5.044024e+01
9.997039e-01 8.355248e-03 -2.285573e-02 1.131571e+01 -8.644316e-03 9.998835e-01 -1.257809e-02 -1.733301e+00 2.274797e-02 1.277194e-02 9.996596e-01 4.937313e+01
9.997935e-01 -8.653823e-03 1.838499e-02 1.146770e+01 8.376588e-03 9.998509e-01 1.510327e-02 -1.709886e+00 -1.851295e-02 -1.494615e-02 9.997169e-01 4.790762e+01
9.996678e-01 8.607223e-03 -2.429433e-02 1.164323e+01 -8.920275e-03 9.998782e-01 -1.280703e-02 -1.689937e+00 2.418114e-02 1.301949e-02 9.996228e-01 4.657068e+01
9.997783e-01 -8.802786e-03 1.912687e-02 1.177807e+01 8.514533e-03 9.998497e-01 1.510009e-02 -1.666262e+00 -1.925692e-02 -1.493389e-02 9.997030e-01 4.512761e+01
9.997457e-01 8.915893e-03 -2.071190e-02 1.192804e+01 -9.175962e-03 9.998798e-01 -1.249564e-02 -1.631870e+00 2.059800e-02 1.268252e-02 9.997074e-01 4.313330e+01
9.998009e-01 -8.690177e-03 1.796083e-02 1.219277e+01 8.425486e-03 9.998556e-01 1.476056e-02 -1.605092e+00 -1.808651e-02 -1.460629e-02 9.997297e-01 4.124254e+01
9.997645e-01 9.500252e-03 -1.950896e-02 1.240155e+01 -9.744190e-03 9.998751e-01 -1.244716e-02 -1.571866e+00 1.938828e-02 1.263433e-02 9.997322e-01 3.910718e+01
9.997035e-01 -9.184335e-03 2.255292e-02 1.258110e+01 8.837030e-03 9.998416e-01 1.545118e-02 -1.520702e+00 -2.269126e-02 -1.524729e-02 9.996262e-01 3.626593e+01
9.997515e-01 1.070926e-02 -1.955043e-02 1.281562e+01 -1.096541e-02 9.998548e-01 -1.304181e-02 -1.472020e+00 1.940792e-02 1.325294e-02 9.997238e-01 3.334266e+01
9.995353e-01 -9.621282e-03 2.892388e-02 1.259281e+01 9.142857e-03 9.998199e-01 1.662779e-02 -1.381679e+00 -2.907865e-02 -1.635562e-02 9.994433e-01 2.929525e+01
9.997182e-01 1.026859e-02 -2.140106e-02 1.244957e+01 -1.054999e-02 9.998588e-01 -1.307745e-02 -1.304022e+00 2.126375e-02 1.329955e-02 9.996854e-01 2.574728e+01
9.996458e-01 -9.858950e-03 2.472061e-02 1.241516e+01 9.453899e-03 9.998200e-01 1.644880e-02 -1.242683e+00 -2.487833e-02 -1.620927e-02 9.995591e-01 2.282500e+01
9.996849e-01 1.026493e-02 -2.290784e-02 1.239809e+01 -1.058290e-02 9.998487e-01 -1.380260e-02 -1.186590e+00 2.276269e-02 1.404069e-02 9.996423e-01 2.004479e+01
9.996479e-01 -9.995799e-03 2.457893e-02 1.232766e+01 9.588275e-03 9.998155e-01 1.664250e-02 -1.133445e+00 -2.474075e-02 -1.640098e-02 9.995594e-01 1.752951e+01
9.995443e-01 1.052938e-02 -2.828876e-02 1.240698e+01 -1.094922e-02 9.998316e-01 -1.472755e-02 -1.099339e+00 2.812892e-02 1.503058e-02 9.994913e-01 1.567636e+01
9.996632e-01 -1.082761e-02 2.358394e-02 1.249425e+01 1.043363e-02 9.998050e-01 1.676472e-02 -1.073153e+00 -2.376086e-02 -1.651301e-02 9.995813e-01 1.420437e+01
9.995019e-01 1.089158e-02 -2.962052e-02 1.255261e+01 -1.133882e-02 9.998236e-01 -1.497317e-02 -1.050308e+00 2.945221e-02 1.530157e-02 9.994491e-01 1.290638e+01
9.996649e-01 -1.112202e-02 2.337365e-02 1.259335e+01 1.073176e-02 9.998020e-01 1.675616e-02 -1.028429e+00 -2.355538e-02 -1.649970e-02 9.995864e-01 1.168775e+01
9.994514e-01 1.088590e-02 -3.127921e-02 1.265214e+01 -1.136261e-02 9.998214e-01 -1.510346e-02 -1.011786e+00 3.110920e-02 1.545059e-02 9.993966e-01 1.069298e+01
9.996829e-01 -1.109988e-02 2.260304e-02 1.275126e+01 1.073461e-02 9.998109e-01 1.621773e-02 -9.986474e-01 -2.277878e-02 -1.596995e-02 9.996130e-01 9.746344e+00
9.994844e-01 1.093595e-02 -3.018801e-02 1.279769e+01 -1.137735e-02 9.998303e-01 -1.448862e-02 -9.821639e-01 3.002444e-02 1.482461e-02 9.994392e-01 8.772264e+00
