1.000000e+00 1.197625e-11 1.704638e-10 5.551115e-17 1.197625e-11 1.000000e+00 3.562503e-10 0.000000e+00 1.704638e-10 3.562503e-10 1.000000e+00 2.220446e-16 0.000000e+00 0.000000e+00 0.000000e+00 1.000000e+00
9.998880e-01 -1.298643e-02 -7.436654e-03 2.294517e-01 1.352697e-02 9.968650e-01 7.795634e-02 -1.110638e-02 6.400965e-03 -7.804821e-02 9.969290e-01 -1.275718e-02
9.997335e-01 -3.393112e-03 2.283636e-02 6.050134e-02 4.430333e-03 9.989534e-01 -4.552351e-02 -1.025286e-02 -2.265799e-02 4.561255e-02 9.987022e-01 1.186096e-02
9.953940e-01 -3.783577e-02 8.808665e-02 -1.133466e-01 3.319266e-02 9.980111e-01 5.359200e-02 -9.075843e-03 -8.993915e-02 -5.042133e-02 9.946701e-01 2.935768e-02
9.944306e-01 -2.403074e-02 1.026170e-01 -2.638232e-01 2.926290e-02 9.983309e-01 -4.978996e-02 -8.971111e-03 -1.012492e-01 5.251553e-02 9.934741e-01 3.428268e-02
9.725537e-01 -5.907395e-02 2.250548e-01 -3.308884e-01 5.026908e-02 9.977367e-01 4.465969e-02 -1.210958e-02 -2.271836e-01 -3.212065e-02 9.733221e-01 5.216335e-02
9.972014e-01 -2.736805e-02 6.957330e-02 -3.206324e-01 2.979709e-02 9.989735e-01 -3.411856e-02 -1.782910e-02 -6.856812e-02 3.609616e-02 9.969932e-01 5.758862e-02
9.918555e-01 -3.097727e-02 1.235436e-01 -2.516603e-01 2.413380e-02 9.981103e-01 5.651031e-02 -2.491922e-02 -1.250607e-01 -5.306849e-02 9.907288e-01 7.032494e-02
9.999911e-01 -2.047379e-03 -3.677110e-03 -1.935766e-01 2.069622e-03 9.999795e-01 6.055620e-03 -3.444628e-02 3.664636e-03 -6.063176e-03 9.999749e-01 1.961039e-01
9.890108e-01 -4.419159e-02 1.410845e-01 -1.643989e-01 3.950303e-02 9.985757e-01 3.586310e-02 -4.184447e-02 -1.424684e-01 -2.989573e-02 9.893478e-01 2.981163e-01
9.961579e-01 1.838459e-02 -8.562372e-02 -1.616207e-01 -1.676539e-02 9.996675e-01 1.959154e-02 -4.821779e-02 8.595543e-02 -1.808076e-02 9.961349e-01 4.227949e-01
9.731841e-01 -7.403834e-02 2.177869e-01 6.085547e-02 7.100693e-02 9.972392e-01 2.172366e-02 -5.817099e-02 -2.187940e-01 -5.676745e-03 9.757546e-01 4.520187e-01
9.573982e-01 5.190487e-02 -2.840678e-01 3.737311e-01 -3.840532e-02 9.978615e-01 5.289120e-02 -6.706270e-02 2.862056e-01 -3.972822e-02 9.573442e-01 3.597456e-01
9.430358e-01 -9.225324e-02 3.196448e-01 6.640046e-01 9.577624e-02 9.953917e-01 4.716761e-03 -7.643013e-02 -3.186069e-01 2.616630e-02 9.475257e-01 3.040268e-01
9.787167e-01 5.355573e-02 -1.981043e-01 1.057342e+00 -4.245330e-02 9.973027e-01 5.987514e-02 -8.711053e-02 2.007766e-01 -5.019062e-02 9.783505e-01 2.080955e-01
9.904496e-01 -8.669239e-02 -1.072100e-01 1.436937e+00 8.479428e-02 9.961523e-01 -2.214683e-02 -9.089128e-02 1.087174e-01 1.284453e-02 9.939897e-01 -1.151506e-01
9.271001e-01 6.613801e-02 -3.689325e-01 1.777901e+00 -3.080786e-02 9.944244e-01 1.008512e-01 -8.998674e-02 3.735456e-01 -8.213313e-02 9.239685e-01 -5.261760e-01
9.865811e-01 -6.702378e-02 1.488811e-01 2.103426e+00 7.475192e-02 9.960974e-01 -4.692752e-02 -9.766467e-02 -1.451548e-01 5.742696e-02 9.877410e-01 -6.657583e-01
9.944696e-01 4.141704e-02 9.651327e-02 2.418337e+00 -5.240092e-02 9.920742e-01 1.142054e-01 -1.149429e-01 -9.101828e-02 -1.186312e-01 9.887580e-01 -5.032206e-01
9.853529e-01 -9.844975e-02 1.392385e-01 2.679344e+00 1.046818e-01 9.937738e-01 -3.814845e-02 -1.305576e-01 -1.346159e-01 5.216542e-02 9.895238e-01 -3.628411e-01
9.751767e-01 4.152430e-02 2.174997e-01 2.979708e+00 -5.689823e-02 9.962681e-01 6.490348e-02 -1.459474e-01 -2.139929e-01 -7.566771e-02 9.739001e-01 -2.441603e-01
9.936355e-01 -1.114886e-01 1.608452e-02 3.300355e+00 1.118115e-01 9.935115e-01 -2.081078e-02 -1.595012e-01 -1.365999e-02 2.247676e-02 9.996540e-01 -2.394655e-01
9.865920e-01 6.054806e-02 1.515591e-01 3.484032e+00 -6.845075e-02 9.965242e-01 4.747557e-02 -1.690231e-01 -1.481578e-01 -5.721335e-02 9.873074e-01 -2.246343e-01
9.423743e-01 -6.317125e-02 -3.285424e-01 3.716542e+00 7.478251e-02 9.969389e-01 2.281360e-02 -1.772490e-01 3.260955e-01 -4.606817e-02 9.442137e-01 -2.439035e-01
9.977628e-01 5.734055e-02 -3.437354e-02 3.975337e+00 -5.541850e-02 9.969759e-01 5.447877e-02 -1.813891e-01 3.739343e-02 -5.245195e-02 9.979231e-01 -4.103064e-01
9.756960e-01 -4.476447e-02 -2.145073e-01 4.236952e+00 5.198083e-02 9.982522e-01 2.811677e-02 -1.919283e-01 2.128738e-01 -3.858369e-02 9.763176e-01 -3.695064e-01
9.845525e-01 4.354982e-02 1.695874e-01 4.538575e+00 -5.372382e-02 9.969915e-01 5.587162e-02 -2.048222e-01 -1.666440e-01 -6.411942e-02 9.839301e-01 -2.877592e-01
9.832074e-01 -7.261771e-02 -1.674215e-01 4.957800e+00 7.185468e-02 9.973586e-01 -1.061899e-02 -2.153047e-01 1.677504e-01 -1.589348e-03 9.858282e-01 -3.637546e-01
9.744007e-01 1.187814e-02 2.245042e-01 5.353331e+00 -2.212230e-02 9.988228e-01 4.316993e-02 -2.284726e-01 -2.237271e-01 -4.703136e-02 9.735164e-01 -4.483377e-01
9.231510e-01 -6.712552e-03 -3.843790e-01 5.365181e+00 9.781389e-03 9.999340e-01 6.029438e-03 -2.318877e-01 3.843132e-01 -9.325842e-03 9.231557e-01 -4.473577e-01
9.945274e-01 6.496635e-03 1.042742e-01 5.481311e+00 -1.357839e-02 9.976371e-01 6.734931e-02 -2.370586e-01 -1.035902e-01 -6.839660e-02 9.922656e-01 -4.379122e-01
9.047300e-01 2.324518e-02 -4.253508e-01 5.528518e+00 -2.364091e-02 9.997111e-01 4.348928e-03 -2.399069e-01 4.253290e-01 6.121075e-03 9.050181e-01 -4.630079e-01
9.922789e-01 7.533285e-03 1.237975e-01 5.385445e+00 -1.679071e-02 9.971238e-01 7.390663e-02 -2.386159e-01 -1.228846e-01 -7.541464e-02 9.895514e-01 -4.109333e-01
9.045147e-01 4.241167e-02 -4.243282e-01 5.161210e+00 -5.154632e-02 9.986199e-01 -1.006595e-02 -2.337117e-01 4.233156e-01 3.097736e-02 9.054525e-01 -3.977457e-01
9.950339e-01 -9.893861e-03 9.904392e-02 4.878818e+00 1.829641e-03 9.966976e-01 8.118250e-02 -2.264148e-01 -9.952004e-02 -8.059812e-02 9.917660e-01 -3.936284e-01
8.448164e-01 1.024044e-01 -5.251653e-01 4.553722e+00 -1.060844e-01 9.940867e-01 2.318693e-02 -2.172475e-01 5.244343e-01 3.612315e-02 8.506843e-01 -2.999914e-01
9.989457e-01 -4.205280e-02 -1.841362e-02 4.227678e+00 4.340585e-02 9.958024e-01 8.058186e-02 -2.072254e-01 1.494764e-02 -8.129616e-02 9.965779e-01 -1.228653e-01
8.368981e-01 1.714650e-01 -5.198090e-01 3.861014e+00 -1.589653e-01 9.848745e-01 6.893641e-02 -1.959703e-01 5.237668e-01 2.493884e-02 8.514966e-01 4.632887e-02
9.912601e-01 -1.202395e-01 5.427583e-02 3.537138e+00 1.197509e-01 9.927293e-01 1.217855e-02 -1.856947e-01 -5.534555e-02 -5.572527e-03 9.984517e-01 1.956393e-01
8.980348e-01 1.850997e-01 -3.990883e-01 3.405092e+00 -1.576604e-01 9.823310e-01 1.008414e-01 -1.850258e-01 4.107026e-01 -2.763862e-02 9.113504e-01 3.563875e-01
9.842084e-01 -1.403994e-01 1.078047e-01 3.416622e+00 1.409139e-01 9.900177e-01 2.868424e-03 -1.891713e-01 -1.071313e-01 1.236806e-02 9.941680e-01 4.366454e-01
9.105752e-01 2.057551e-01 -3.584937e-01 3.218140e+00 -1.681327e-01 9.766824e-01 1.335027e-01 -1.857659e-01 3.776033e-01 -6.128975e-02 9.239369e-01 4.697780e-01
9.929743e-01 -1.181531e-01 -6.467462e-03 2.898257e+00 1.173652e-01 9.903716e-01 -7.341365e-02 -1.767702e-01 1.507924e-02 7.213882e-02 9.972806e-01 5.388358e-01
9.017202e-01 1.917740e-01 -3.874576e-01 2.707709e+00 -1.263915e-01 9.740133e-01 1.879450e-01 -1.730720e-01 4.134318e-01 -1.205025e-01 9.025261e-01 6.781321e-01
9.952709e-01 -8.572925e-02 4.567625e-02 2.634573e+00 9.016720e-02 9.902577e-01 -1.061107e-01 -1.743443e-01 -3.613447e-02 1.097274e-01 9.933047e-01 8.019295e-01
8.829847e-01 1.983932e-01 -4.254153e-01 2.461222e+00 -9.239582e-02 9.620205e-01 2.568648e-01 -1.718428e-01 4.602184e-01 -1.875011e-01 8.677801e-01 9.587868e-01
9.972303e-01 -2.409322e-02 -7.036504e-02 2.144948e+00 1.238207e-02 9.866552e-01 -1.623523e-01 -1.623903e-01 7.333762e-02 1.610314e-01 9.842208e-01 1.153414e+00
9.295687e-01 9.472991e-02 -3.562700e-01 1.786017e+00 -2.732461e-03 9.681646e-01 2.502993e-01 -1.517569e-01 3.686388e-01 -2.316969e-01 9.002344e-01 1.326558e+00
9.966926e-01 2.968281e-02 7.564934e-02 1.362501e+00 -1.234132e-02 9.753947e-01 -2.201203e-01 -1.383836e-01 -8.032175e-02 2.184586e-01 9.725350e-01 1.384347e+00
9.134647e-01 4.904460e-02 -4.039516e-01 9.262113e-01 5.189813e-02 9.705613e-01 2.351963e-01 -1.244351e-01 4.035949e-01 -2.358078e-01 8.840282e-01 1.377275e+00
9.925318e-01 9.720478e-02 7.370095e-02 4.918193e-01 -8.035361e-02 9.755540e-01 -2.045427e-01 -1.104788e-01 -9.178178e-02 1.970930e-01 9.760791e-01 1.384967e+00
8.794314e-01 -1.238445e-04 -4.760257e-01 1.709272e-01 1.161014e-01 9.698568e-01 2.142387e-01 -1.013380e-01 4.616502e-01 -2.436755e-01 8.529369e-01 1.474851e+00
9.850218e-01 1.607308e-01 6.243140e-02 -1.432977e-01 -1.504076e-01 9.779730e-01 -1.447284e-01 -9.212020e-02 -8.431853e-02 1.331704e-01 9.874999e-01 1.586052e+00
8.556151e-01 -5.091769e-02 -5.151020e-01 -5.356121e-01 1.401062e-01 9.807831e-01 1.357746e-01 -8.027429e-02 4.982901e-01 -1.883398e-01 8.463068e-01 1.705834e+00
9.797709e-01 1.897841e-01 6.349005e-02 -9.101209e-01 -1.852469e-01 9.801195e-01 -7.105908e-02 -6.854883e-02 -7.571372e-02 5.786029e-02 9.954495e-01 1.839409e+00
8.447580e-01 -8.678214e-02 -5.280651e-01 -1.230284e+00 1.343097e-01 9.895618e-01 5.223396e-02 -5.916685e-02 5.180201e-01 -1.150493e-01 8.475959e-01 1.968961e+00
9.798204e-01 1.995586e-01 1.133089e-02 -1.584318e+00 -1.998757e-01 9.778519e-01 6.209166e-02 -4.889344e-02 1.310991e-03 -6.310344e-02 9.980061e-01 2.198898e+00
8.487352e-01 -9.088834e-02 -5.209490e-01 -1.908195e+00 7.678026e-02 9.958602e-01 -4.865348e-02 -4.054849e-02 5.232144e-01 1.295323e-03 8.522001e-01 2.507839e+00
9.915379e-01 1.269872e-01 2.695856e-02 -2.271294e+00 -1.297630e-01 9.755159e-01 1.775676e-01 -3.223437e-02 -3.749687e-03 -1.795633e-01 9.837393e-01 2.957711e+00
8.433507e-01 -4.232349e-03 -5.373469e-01 -2.721608e+00 -5.956391e-02 9.930706e-01 -1.013057e-01 -2.023977e-02 5.340522e-01 1.174427e-01 8.372547e-01 3.424377e+00
9.815513e-01 -3.507090e-02 1.879551e-01 -3.245358e+00 5.053385e-03 9.874486e-01 1.578598e-01 -3.084833e-03 -1.911323e-01 -1.539977e-01 9.694087e-01 3.763141e+00
8.400294e-01 8.424202e-02 -5.359607e-01 -3.660655e+00 -1.363969e-01 9.889350e-01 -5.833924e-02 7.784171e-03 5.251157e-01 1.221101e-01 8.422248e-01 4.095466e+00
9.943397e-01 -8.877981e-02 5.836724e-02 -3.960990e+00 7.711969e-02 9.809532e-01 1.782792e-01 1.451650e-02 -7.308311e-02 -1.727688e-01 9.822473e-01 4.435079e+00
7.405360e-01 2.273857e-01 -6.323782e-01 -4.366585e+00 -2.374709e-01 9.688486e-01 7.028476e-02 2.504606e-02 6.286605e-01 9.812300e-02 7.714648e-01 4.862435e+00
9.739592e-01 -1.896713e-01 1.242105e-01 -4.789412e+00 1.839895e-01 9.813416e-01 5.582551e-02 3.704853e-02 -1.324815e-01 -3.151834e-02 9.906842e-01 5.325730e+00
6.902098e-01 3.343260e-01 -6.417449e-01 -5.222635e+00 -2.428917e-01 9.424536e-01 2.297494e-01 4.870121e-02 6.816260e-01 -2.700824e-03 7.316958e-01 5.706751e+00
9.696373e-01 -1.905927e-01 1.532251e-01 -5.649476e+00 2.020797e-01 9.773329e-01 -6.311978e-02 6.151150e-02 -1.377218e-01 9.216698e-02 9.861734e-01 5.939800e+00
7.102706e-01 3.113663e-01 -6.313214e-01 -6.199125e+00 -1.823620e-01 9.476261e-01 2.622000e-01 8.051281e-02 6.798969e-01 -7.110386e-02 7.298524e-01 6.153156e+00
9.616914e-01 -1.293248e-01 2.417122e-01 -6.725050e+00 1.654672e-01 9.768353e-01 -1.356957e-01 9.783329e-02 -2.185642e-01 1.704928e-01 9.608131e-01 6.327720e+00
7.391028e-01 2.549114e-01 -6.234959e-01 -7.240472e+00 -9.733239e-02 9.563297e-01 2.756083e-01 1.148414e-01 6.665234e-01 -1.430165e-01 7.316371e-01 6.502644e+00
9.262372e-01 -8.000164e-02 3.683536e-01 -7.591477e+00 1.582793e-01 9.694383e-01 -1.874490e-01 1.256784e-01 -3.420999e-01 2.319250e-01 9.105924e-01 6.613134e+00
4.974881e-01 3.767481e-01 -7.813875e-01 -7.970945e+00 -4.153934e-03 9.017895e-01 4.321555e-01 1.302645e-01 8.674609e-01 -2.117464e-01 4.501946e-01 7.229510e+00
9.901734e-01 5.237492e-02 1.296672e-01 -8.427904e+00 -2.805478e-02 9.827642e-01 -1.827224e-01 1.366020e-01 -1.370024e-01 1.772890e-01 9.745763e-01 8.290018e+00
6.395097e-01 1.409016e-01 -7.557606e-01 -8.836348e+00 8.174295e-02 9.650256e-01 2.490856e-01 1.491619e-01 7.644249e-01 -2.210708e-01 6.056255e-01 8.875981e+00
9.667639e-01 1.249636e-01 2.230506e-01 -9.227554e+00 -9.930926e-02 9.874522e-01 -1.227836e-01 1.605953e-01 -2.355953e-01 9.655179e-02 9.670432e-01 9.249159e+00
7.846056e-01 -1.380455e-02 -6.198416e-01 -9.528627e+00 1.105793e-01 9.868381e-01 1.179951e-01 1.700140e-01 6.100544e-01 -1.611213e-01 7.758051e-01 9.493925e+00
9.500425e-01 1.349080e-01 2.814588e-01 -9.881624e+00 -1.240837e-01 9.906892e-01 -5.601908e-02 1.793968e-01 -2.863956e-01 1.829605e-02 9.579367e-01 9.730494e+00
6.033992e-01 5.234613e-02 -7.957194e-01 -1.023660e+01 3.761793e-02 9.948638e-01 9.397269e-02 1.853857e-01 7.965515e-01 -8.663636e-02 5.983309e-01 1.026751e+01
9.717233e-01 7.575901e-02 2.236391e-01 -1.059355e+01 -9.769457e-02 9.912563e-01 8.869416e-02 1.912764e-01 -2.149643e-01 -1.080345e-01 9.706281e-01 1.088045e+01
6.411525e-01 7.444879e-02 -7.637937e-01 -1.098985e+01 -8.037607e-02 9.963237e-01 2.964384e-02 1.991845e-01 7.631928e-01 4.238452e-02 6.447793e-01 1.143173e+01
8.669016e-01 -8.920476e-02 4.904325e-01 -1.126288e+01 2.988834e-02 9.913891e-01 1.274923e-01 1.974942e-01 -4.975824e-01 -9.586507e-02 8.621030e-01 1.224505e+01
8.102174e-01 6.558350e-02 -5.824488e-01 -1.147536e+01 -9.769765e-02 9.949297e-01 -2.387397e-02 1.982097e-01 5.779298e-01 7.624698e-02 8.125168e-01 1.251492e+01
9.107258e-01 -1.124635e-01 3.974047e-01 -1.170053e+01 5.710683e-02 9.872594e-01 1.485186e-01 1.999161e-01 -4.090445e-01 -1.125652e-01 9.055450e-01 1.276968e+01
7.173426e-01 1.776709e-01 -6.736859e-01 -1.185770e+01 -1.921290e-01 9.798913e-01 5.384679e-02 1.994967e-01 6.697059e-01 9.080800e-02 7.370535e-01 1.300847e+01
9.781041e-01 -1.503256e-01 1.439257e-01 -1.224423e+01 1.375674e-01 9.859371e-01 9.488536e-02 2.101095e-01 -1.561654e-01 -7.300829e-02 9.850290e-01 1.337608e+01
6.897881e-01 2.637550e-01 -6.742593e-01 -1.266075e+01 -2.298718e-01 9.628807e-01 1.414911e-01 2.234878e-01 6.865503e-01 5.739431e-02 7.248135e-01 1.372363e+01
9.729215e-01 -1.849908e-01 1.385718e-01 -1.312770e+01 1.869959e-01 9.823596e-01 -1.478811e-03 2.394199e-01 -1.358538e-01 2.735114e-02 9.903513e-01 1.407817e+01
7.047133e-01 3.056695e-01 -6.402697e-01 -1.363005e+01 -1.998022e-01 9.514112e-01 2.342984e-01 2.551105e-01 6.807777e-01 -3.718592e-02 7.315456e-01 1.448878e+01
9.459993e-01 -1.749530e-01 2.729044e-01 -1.403037e+01 2.086532e-01 9.729080e-01 -9.956820e-02 2.667507e-01 -2.480912e-01 1.511338e-01 9.568748e-01 1.484250e+01
7.714873e-01 2.770396e-01 -5.727621e-01 -1.437869e+01 -1.389357e-01 9.518534e-01 2.732617e-01 2.767547e-01 6.208898e-01 -1.312408e-01 7.728335e-01 1.509890e+01
9.754459e-01 -1.067603e-01 1.926333e-01 -1.471407e+01 1.377988e-01 9.781501e-01 -1.556721e-01 2.860287e-01 -1.718047e-01 1.783944e-01 9.688440e-01 1.533576e+01
7.667065e-01 2.440032e-01 -5.938212e-01 -1.500690e+01 -6.419513e-02 9.494606e-01 3.072517e-01 2.927999e-01 6.387802e-01 -1.974515e-01 7.436214e-01 1.562802e+01
9.628476e-01 -4.458167e-02 2.663398e-01 -1.523182e+01 9.571832e-02 9.785858e-01 -1.822303e-01 2.959243e-01 -2.525122e-01 2.009536e-01 9.464963e-01 1.594459e+01
7.602481e-01 1.969600e-01 -6.190554e-01 -1.547813e+01 8.845334e-04 9.526165e-01 3.041728e-01 3.016739e-01 6.496323e-01 -2.317944e-01 7.240506e-01 1.615852e+01
9.746950e-01 2.978499e-02 2.215459e-01 -1.570542e+01 1.674514e-02 9.785703e-01 -2.052311e-01 3.071821e-01 -2.229111e-01 2.037475e-01 9.533088e-01 1.635771e+01
8.073685e-01 1.009282e-01 -5.813516e-01 -1.599231e+01 6.498602e-02 9.640582e-01 2.576210e-01 3.150277e-01 5.864580e-01 -2.457748e-01 7.717913e-01 1.643704e+01
9.425297e-01 9.689884e-02 3.197629e-01 -1.643489e+01 -1.735484e-02 9.699296e-01 -2.427661e-01 3.293872e-01 -3.336713e-01 2.232649e-01 9.158691e-01 1.643188e+01
7.517338e-01 5.004958e-02 -6.575647e-01 -1.680231e+01 1.257802e-01 9.679298e-01 2.174656e-01 3.405705e-01 6.473605e-01 -2.461849e-01 7.213303e-01 1.646558e+01
9.361608e-01 1.484855e-01 3.186771e-01 -1.700864e+01 -9.167453e-02 9.781748e-01 -1.864666e-01 3.452977e-01 -3.394095e-01 1.453482e-01 9.293412e-01 1.654521e+01
7.632960e-01 -1.465428e-02 -6.458828e-01 -1.710805e+01 1.542825e-01 9.749513e-01 1.602086e-01 3.454519e-01 6.273565e-01 -2.219350e-01 7.464373e-01 1.663454e+01
9.158205e-01 1.510849e-01 3.720836e-01 -1.713250e+01 -1.045526e-01 9.842819e-01 -1.423301e-01 3.434753e-01 -3.877391e-01 9.144656e-02 9.172218e-01 1.667896e+01
7.548302e-01 -2.039687e-02 -6.556030e-01 -1.717900e+01 1.361739e-01 9.826122e-01 1.262135e-01 3.414504e-01 6.416292e-01 -1.845458e-01 7.444829e-01 1.676051e+01
9.539718e-01 1.663478e-01 2.495322e-01 -1.743469e+01 -1.648185e-01 9.859498e-01 -2.716405e-02 3.453097e-01 -2.505449e-01 -1.521379e-02 9.679854e-01 1.708139e+01
8.133245e-01 -9.090603e-02 -5.746645e-01 -1.760041e+01 1.161351e-01 9.932070e-01 7.251239e-03 3.467683e-01 5.701016e-01 -7.263633e-02 8.183570e-01 1.736134e+01
9.919674e-01 7.331573e-02 -1.030802e-01 -1.718485e+01 -6.542727e-02 9.948093e-01 7.793407e-02 3.493191e-01 1.082590e-01 -7.056379e-02 9.916152e-01 1.683916e+01
8.596623e-01 -1.021400e-01 -5.005479e-01 -1.672556e+01 7.713222e-02 9.945274e-01 -7.046942e-02 3.483047e-01 5.050064e-01 2.197153e-02 8.628359e-01 1.635659e+01
9.419152e-01 6.190649e-02 3.300959e-01 -1.663754e+01 -1.066932e-01 9.871063e-01 1.193219e-01 3.418761e-01 -3.184529e-01 -1.476101e-01 9.363755e-01 1.643243e+01
7.575501e-01 3.658716e-02 -6.517509e-01 -1.679855e+01 -7.031378e-02 9.971925e-01 -2.574875e-02 3.426941e-01 6.489791e-01 6.533304e-02 7.579959e-01 1.659522e+01
9.996913e-01 1.828952e-02 -1.681884e-02 -1.712481e+01 -1.499560e-02 9.838205e-01 1.785282e-01 3.508984e-01 1.981191e-02 -1.782209e-01 9.837910e-01 1.704172e+01
8.837676e-01 7.278086e-02 -4.622313e-01 -1.713649e+01 -1.087219e-01 9.927341e-01 -5.156040e-02 3.484419e-01 4.551201e-01 9.582206e-02 8.852592e-01 1.730546e+01
9.847668e-01 -1.015341e-01 1.411566e-01 -1.710938e+01 7.899383e-02 9.844327e-01 1.570100e-01 3.454757e-01 -1.549010e-01 -1.434677e-01 9.774573e-01 1.730448e+01
9.629789e-01 8.770555e-02 -2.549107e-01 -1.728538e+01 -1.162432e-01 9.882638e-01 -9.910730e-02 3.478686e-01 2.432267e-01 1.250699e-01 9.618723e-01 1.730577e+01
9.883239e-01 -1.073246e-01 1.081542e-01 -1.758413e+01 9.107782e-02 9.851801e-01 1.453448e-01 3.553082e-01 -1.221504e-01 -1.337972e-01 9.834519e-01 1.728697e+01
9.229149e-01 1.421302e-01 -3.578088e-01 -1.795009e+01 -1.689301e-01 9.846177e-01 -4.461669e-02 3.655285e-01 3.459634e-01 1.016221e-01 9.327284e-01 1.743276e+01
9.906041e-01 -1.335079e-01 -2.964912e-02 -1.838594e+01 1.360661e-01 9.839530e-01 1.154230e-01 3.794089e-01 1.376347e-02 -1.183728e-01 9.928738e-01 1.778467e+01
8.944655e-01 1.969643e-01 -4.014182e-01 -1.876842e+01 -2.059077e-01 9.783412e-01 2.122713e-02 3.923041e-01 3.969050e-01 6.366815e-02 9.156488e-01 1.811286e+01
9.274953e-01 -2.149789e-01 3.058374e-01 -1.886234e+01 2.036064e-01 9.766171e-01 6.901715e-02 3.937921e-01 -3.135232e-01 -1.742630e-03 9.495789e-01 1.823379e+01
9.752150e-01 1.702329e-01 -1.413380e-01 -1.852998e+01 -1.728096e-01 9.849365e-01 -6.070178e-03 3.832695e-01 1.381757e-01 3.034430e-02 9.899428e-01 1.818362e+01
2.751149e-01 -1.875457e-01 -9.429414e-01 -1.738146e+01 1.617765e-01 9.758342e-01 -1.468876e-01 4.006458e-01 9.477026e-01 -1.121348e-01 2.988070e-01 1.657995e+01
9.592471e-01 8.788644e-02 -2.685535e-01 -1.631759e+01 -4.812245e-02 9.873277e-01 1.512227e-01 4.221341e-01 2.784407e-01 -1.321365e-01 9.513205e-01 1.494660e+01
9.982720e-01 -4.802688e-02 3.385791e-02 -1.622565e+01 5.048222e-02 9.958411e-01 -7.584191e-02 4.177409e-01 -3.007465e-02 7.742008e-02 9.965449e-01 1.488569e+01
9.887626e-01 5.383432e-02 -1.394649e-01 -1.644479e+01 -3.885036e-02 9.933896e-01 1.080177e-01 4.221296e-01 1.443581e-01 -1.013856e-01 9.843179e-01 1.490739e+01
9.989500e-01 -4.426355e-02 1.181887e-02 -1.655946e+01 4.503284e-02 9.961190e-01 -7.562338e-02 4.225455e-01 -8.425645e-03 7.607621e-02 9.970664e-01 1.487266e+01
9.700581e-01 5.365859e-02 -2.368715e-01 -1.653209e+01 -2.280697e-02 9.911049e-01 1.311142e-01 4.209117e-01 2.417999e-01 -1.217860e-01 9.626531e-01 1.479336e+01
9.868306e-01 -3.889475e-02 1.570113e-01 -1.665569e+01 5.200191e-02 9.954172e-01 -8.025263e-02 4.215018e-01 -1.531704e-01 8.736064e-02 9.843307e-01 1.473316e+01
9.620316e-01 7.004442e-02 -2.637971e-01 -1.683898e+01 -3.220971e-02 9.888911e-01 1.451098e-01 4.239342e-01 2.710308e-01 -1.311034e-01 9.536007e-01 1.485215e+01
9.949468e-01 -3.310828e-02 9.478746e-02 -1.694614e+01 4.218931e-02 9.945386e-01 -9.546260e-02 4.247992e-01 -9.110918e-02 9.897923e-02 9.909098e-01 1.498490e+01
9.906424e-01 3.281593e-02 -1.324791e-01 -1.710027e+01 -1.667940e-02 9.924972e-01 1.211240e-01 4.261368e-01 1.354599e-01 -1.177809e-01 9.837572e-01 1.500951e+01
9.660277e-01 -6.736777e-02 2.495037e-01 -1.710587e+01 9.328920e-02 9.912337e-01 -9.355669e-02 4.225420e-01 -2.410138e-01 1.136544e-01 9.638439e-01 1.503622e+01
8.726347e-01 9.836602e-02 -4.783648e-01 -1.685673e+01 -1.171297e-02 9.834395e-01 1.808576e-01 4.190399e-01 4.882331e-01 -1.522195e-01 8.593356e-01 1.481913e+01
9.866404e-01 -3.632382e-02 1.588124e-01 -1.669824e+01 5.506026e-02 9.918129e-01 -1.152193e-01 4.167737e-01 -1.533270e-01 1.224242e-01 9.805627e-01 1.462087e+01
8.300039e-01 5.618702e-02 -5.549203e-01 -1.638493e+01 4.977817e-02 9.834807e-01 1.740339e-01 4.159922e-01 5.555319e-01 -1.720717e-01 8.134959e-01 1.427386e+01
9.701493e-01 2.361961e-02 2.413556e-01 -1.620187e+01 3.919766e-03 9.935883e-01 -1.129906e-01 4.123935e-01 -2.424769e-01 1.105638e-01 9.638364e-01 1.413830e+01
9.592282e-01 -1.828814e-02 -2.820406e-01 -1.603187e+01 6.353329e-02 9.863174e-01 1.521235e-01 4.063614e-01 2.753995e-01 -1.638401e-01 9.472653e-01 1.406418e+01
9.194089e-01 4.355746e-02 -3.908837e-01 -1.564705e+01 -7.136661e-02 9.958262e-01 -5.689529e-02 4.086917e-01 3.867740e-01 8.020608e-02 9.186800e-01 1.346483e+01
9.162971e-01 -2.355582e-02 -3.998058e-01 -1.567192e+01 5.270447e-02 9.966794e-01 6.206852e-02 4.200039e-01 3.970161e-01 -7.794476e-02 9.144959e-01 1.307668e+01
9.937165e-01 8.873582e-02 6.821569e-02 -1.585963e+01 -8.874056e-02 9.960504e-01 -2.966750e-03 4.236434e-01 -6.820952e-02 -3.105390e-03 9.976662e-01 1.308875e+01
9.215957e-01 -2.855068e-02 -3.870999e-01 -1.603857e+01 4.458656e-02 9.984765e-01 3.250739e-02 4.267719e-01 3.855820e-01 -4.721812e-02 9.214646e-01 1.309918e+01
9.796497e-01 1.313453e-02 2.002845e-01 -1.588136e+01 -1.462235e-02 9.998754e-01 5.951002e-03 4.227736e-01 -2.001813e-01 -8.758527e-03 9.797197e-01 1.300224e+01
-5.191051e-01 5.978371e-02 -8.526170e-01 -1.430264e+01 9.969333e-02 9.949769e-01 9.068651e-03 4.564033e-01 8.488764e-01 -8.029265e-02 -5.224576e-01 1.047107e+01
9.496842e-01 1.668771e-02 -3.127642e-01 -1.187679e+01 -2.328602e-02 9.995779e-01 -1.737315e-02 5.381585e-01 3.123422e-01 2.378203e-02 9.496719e-01 5.720962e+00
-7.271559e-02 -5.703486e-02 -9.957206e-01 -1.069615e+01 4.866320e-02 9.969715e-01 -6.066029e-02 5.803173e-01 9.961648e-01 -5.286590e-02 -6.971987e-02 3.357396e+00
2.316374e-01 -5.843315e-02 9.710457e-01 -1.081285e+01 -1.268835e-01 9.878524e-01 8.971185e-02 5.765704e-01 -9.644919e-01 -1.439903e-01 2.214094e-01 3.659312e+00
-8.871513e-02 -7.918667e-02 -9.929044e-01 -1.104658e+01 -1.220762e-01 9.901843e-01 -6.806234e-02 5.827073e-01 9.885479e-01 1.151718e-01 -9.751113e-02 3.821620e+00
2.976483e-01 -2.408147e-01 9.238040e-01 -1.124251e+01 -8.474418e-02 9.571780e-01 2.768190e-01 5.816134e-01 -9.509069e-01 -1.606817e-01 2.644947e-01 4.222412e+00
-1.098419e-01 1.358386e-02 -9.938562e-01 -1.141006e+01 -3.373163e-01 9.400558e-01 5.012904e-02 5.826465e-01 9.349612e-01 3.407501e-01 -9.867548e-02 4.676694e+00
5.334322e-02 -3.868065e-01 9.206167e-01 -1.129038e+01 9.292472e-02 9.198517e-01 3.811008e-01 5.786057e-01 -9.942432e-01 6.521891e-02 8.501175e-02 4.573451e+00
1.566379e-02 1.453390e-01 -9.892579e-01 -1.118822e+01 -3.575876e-01 9.247588e-01 1.302010e-01 5.733117e-01 9.337482e-01 3.517070e-01 6.645666e-02 4.540088e+00
-6.037965e-02 -3.861042e-01 9.204770e-01 -1.079344e+01 1.663921e-01 9.053636e-01 3.906794e-01 5.644820e-01 -9.842093e-01 1.767492e-01 9.579147e-03 4.443201e+00
2.729493e-02 2.024167e-01 -9.789190e-01 -1.045126e+01 -3.506943e-01 9.189806e-01 1.802446e-01 5.530356e-01 9.360921e-01 3.383816e-01 9.606989e-02 4.347978e+00
2.690162e-02 -3.963437e-01 9.177080e-01 -1.038472e+01 2.264270e-01 8.965955e-01 3.805881e-01 5.477120e-01 -9.736566e-01 1.975554e-01 1.138628e-01 4.330379e+00
-7.984075e-02 2.774973e-01 -9.574031e-01 -1.040595e+01 -3.719021e-01 8.828249e-01 2.868954e-01 5.440006e-01 9.248320e-01 3.789661e-01 3.271644e-02 4.317627e+00
3.340472e-02 -4.145483e-01 9.094140e-01 -1.045690e+01 3.261121e-01 8.646412e-01 3.821603e-01 5.421082e-01 -9.447407e-01 2.838050e-01 1.640723e-01 4.308415e+00
-1.256457e-01 3.705542e-01 -9.202732e-01 -1.047347e+01 -3.605465e-01 8.471403e-01 3.903325e-01 5.394599e-01 9.242399e-01 3.808449e-01 2.716251e-02 4.299463e+00
5.513202e-02 -4.109682e-01 9.099811e-01 -1.048112e+01 4.335192e-01 8.308360e-01 3.489594e-01 5.365363e-01 -8.994563e-01 3.752554e-01 2.239683e-01 4.325074e+00
-1.294215e-01 4.909513e-01 -8.615201e-01 -1.052465e+01 -3.429910e-01 7.930309e-01 5.034473e-01 5.342394e-01 9.303802e-01 3.606506e-01 6.575664e-02 4.347815e+00
1.112228e-01 -3.958467e-01 9.115563e-01 -1.052650e+01 5.565004e-01 7.847563e-01 2.728825e-01 5.316517e-01 -8.233692e-01 4.769306e-01 3.075716e-01 4.372454e+00
-1.090650e-01 6.124514e-01 -7.829483e-01 -1.041900e+01 -2.485565e-01 7.458234e-01 6.180349e-01 5.273566e-01 9.624575e-01 2.620129e-01 7.088556e-02 4.348622e+00
1.081172e-01 -3.097816e-01 9.446407e-01 -1.034611e+01 6.602811e-01 7.327325e-01 1.647179e-01 5.233960e-01 -7.431955e-01 6.059195e-01 2.837639e-01 4.333431e+00
1.134381e-02 7.149190e-01 -6.991153e-01 -1.012071e+01 -2.207827e-01 6.836956e-01 6.955683e-01 5.155190e-01 9.752571e-01 1.464621e-01 1.655974e-01 4.319728e+00
-6.514595e-02 -2.734640e-01 9.596736e-01 -9.811132e+00 7.216843e-01 6.512662e-01 2.345721e-01 5.047158e-01 -6.891501e-01 7.078628e-01 1.549273e-01 4.299711e+00
-3.818689e-01 7.656910e-01 -5.175842e-01 -9.063378e+00 2.380636e-01 6.226190e-01 7.454337e-01 5.072755e-01 8.930296e-01 1.614400e-01 -4.200420e-01 3.611101e+00
-5.067494e-01 2.190684e-01 8.337950e-01 -8.380797e+00 7.572403e-01 5.753939e-01 3.090454e-01 4.905929e-01 -4.120585e-01 7.879917e-01 -4.574679e-01 3.453574e+00
-4.232251e-01 7.943460e-01 -4.357694e-01 -8.026580e+00 1.464492e-01 5.346213e-01 8.323057e-01 4.787566e-01 8.941103e-01 2.884345e-01 -3.425964e-01 3.411482e+00
-3.486273e-01 9.637737e-02 9.322931e-01 -7.717297e+00 8.261788e-01 5.013152e-01 2.571220e-01 4.699361e-01 -4.425919e-01 8.598805e-01 -2.543971e-01 3.337336e+00
-3.661128e-01 8.554764e-01 -3.662261e-01 -7.423092e+00 1.712640e-01 4.487704e-01 8.770826e-01 4.605665e-01 9.146749e-01 2.583898e-01 -3.108128e-01 3.279554e+00
-3.468698e-01 1.315393e-01 9.286435e-01 -7.194216e+00 8.692119e-01 4.170477e-01 2.655973e-01 4.522312e-01 -3.523521e-01 8.993157e-01 -2.589968e-01 3.241978e+00
-2.552119e-01 8.955672e-01 -3.644534e-01 -6.937380e+00 1.044965e-02 3.794683e-01 9.251457e-01 4.419220e-01 9.668287e-01 2.322998e-01 -1.062032e-01 3.231897e+00
-5.246748e-01 5.617436e-03 8.512842e-01 -6.672508e+00 8.069263e-01 3.219253e-01 4.952112e-01 4.304317e-01 -2.712681e-01 9.467484e-01 -1.734389e-01 3.256457e+00
-4.456295e-01 8.397378e-01 -3.102496e-01 -6.549088e+00 -1.106247e-01 2.922521e-01 9.499215e-01 4.224413e-01 8.883561e-01 4.576343e-01 -3.734046e-02 3.265841e+00
-5.738092e-01 -1.237128e-01 8.095914e-01 -6.337285e+00 7.760288e-01 2.338251e-01 5.857518e-01 4.130126e-01 -2.617678e-01 9.643759e-01 -3.816635e-02 3.282934e+00
-5.337966e-01 8.112042e-01 -2.387655e-01 -5.912925e+00 -1.327482e-01 1.984690e-01 9.710757e-01 4.029855e-01 8.351282e-01 5.500526e-01 1.743849e-03 3.141632e+00
-1.725353e-01 -1.754128e-01 9.692584e-01 -5.519510e+00 9.688704e-01 1.471428e-01 1.990956e-01 4.007764e-01 -1.775433e-01 9.734369e-01 1.445650e-01 2.790465e+00
-1.992775e-01 9.797174e-01 -2.103236e-02 -5.091060e+00 3.219132e-01 8.571968e-02 9.428807e-01 4.005007e-01 9.255595e-01 1.811243e-01 -3.324659e-01 2.358683e+00
2.802042e-01 2.879187e-01 9.157448e-01 -4.398452e+00 9.518431e-01 4.031089e-02 -3.039238e-01 3.983127e-01 -1.244198e-01 9.568061e-01 -2.627581e-01 1.837815e+00
2.471171e-01 9.587452e-01 -1.405018e-01 -3.652667e+00 5.495610e-01 -1.924848e-02 8.352318e-01 3.877307e-01 7.980701e-01 -2.836143e-01 -5.316456e-01 1.464446e+00
4.131055e-01 4.987427e-01 7.619708e-01 -2.905789e+00 8.829155e-01 -1.430335e-02 -4.693140e-01 3.764656e-01 -2.231682e-01 8.666320e-01 -4.462565e-01 1.113857e+00
4.509813e-01 8.765563e-01 -1.681217e-01 -2.496065e+00 4.571260e-01 -6.505927e-02 8.870192e-01 3.645661e-01 7.665844e-01 -4.768819e-01 -4.300372e-01 1.033597e+00
5.112551e-01 4.045394e-01 7.582652e-01 -2.241857e+00 8.438521e-01 -6.907126e-02 -5.321116e-01 3.577346e-01 -1.628858e-01 9.119085e-01 -3.766845e-01 9.330892e-01
4.043726e-01 8.280003e-01 -3.884564e-01 -1.597380e+00 8.197498e-01 -1.397758e-01 5.554034e-01 3.587533e-01 4.055773e-01 -5.430270e-01 -7.352746e-01 3.649267e-01
5.590989e-01 7.883597e-01 2.567049e-01 -9.003387e-01 5.643052e-01 -1.349995e-01 -8.144537e-01 3.535673e-01 -6.074275e-01 6.002200e-01 -5.203536e-01 -1.456876e-01
5.134987e-01 5.841357e-01 -6.285734e-01 -5.638114e-01 8.368918e-01 -1.791054e-01 5.172363e-01 3.447520e-01 1.895553e-01 -7.916481e-01 -5.808288e-01 -2.463468e-01
5.360316e-01 8.179958e-01 2.086935e-01 -3.617957e-01 5.004136e-01 -1.087848e-01 -8.589249e-01 3.333322e-01 -6.798943e-01 5.648440e-01 -4.676484e-01 -1.516504e-01
3.820053e-01 5.477952e-01 -7.443066e-01 -1.129811e-01 9.196237e-01 -1.456197e-01 3.648111e-01 3.270857e-01 9.145608e-02 -8.238418e-01 -5.593930e-01 -1.996474e-01
4.221877e-01 9.048826e-01 5.426909e-02 2.026961e-01 3.334976e-01 -9.937350e-02 -9.374989e-01 3.218802e-01 -8.429335e-01 4.138991e-01 -3.437304e-01 -3.465843e-01
3.315739e-01 3.840234e-01 -8.617336e-01 4.917629e-01 9.434204e-01 -1.389211e-01 3.010961e-01 3.120528e-01 -4.084998e-03 -9.128127e-01 -4.083581e-01 -3.438281e-01
3.323917e-01 9.420743e-01 4.485216e-02 7.212033e-01 2.692153e-01 -4.919474e-02 -9.618227e-01 3.001125e-01 -9.039020e-01 3.317768e-01 -2.699728e-01 -2.094881e-01
2.487510e-01 3.258980e-01 -9.120929e-01 8.705920e-01 9.685363e-01 -7.614255e-02 2.369382e-01 2.917919e-01 7.768602e-03 -9.423337e-01 -3.345845e-01 -1.378792e-01
2.749688e-01 9.611161e-01 -2.545393e-02 1.269356e+00 -8.459394e-04 -2.623257e-02 -9.996555e-01 2.886249e-01 -9.614528e-01 2.748956e-01 -6.400094e-03 -4.659237e-01
-2.239206e-01 5.803982e-02 -9.728777e-01 1.686723e+00 9.724235e-01 -5.348317e-02 -2.270068e-01 2.884443e-01 -6.520801e-02 -9.968806e-01 -4.446330e-02 -8.770447e-01
-2.051329e-01 9.759553e-01 7.370103e-02 2.089479e+00 -2.543781e-01 1.955083e-02 -9.669072e-01 2.821036e-01 -9.450991e-01 -2.170924e-01 2.442511e-01 -1.104026e+00
-4.361790e-01 -1.748023e-01 -8.827186e-01 2.461282e+00 8.936914e-01 3.051348e-02 -4.476435e-01 2.734405e-01 1.051839e-01 -9.841306e-01 1.429099e-01 -1.188337e+00
-3.582666e-01 8.693527e-01 3.403983e-01 2.745604e+00 -4.933474e-01 1.332538e-01 -8.595649e-01 2.645928e-01 -7.926244e-01 -4.758880e-01 3.811525e-01 -1.159208e+00
-6.663943e-01 -4.212244e-01 -6.152143e-01 2.914554e+00 5.885627e-01 2.093628e-01 -7.808720e-01 2.605688e-01 4.577254e-01 -8.824609e-01 1.083988e-01 -1.172730e+00
-2.836922e-01 5.447485e-01 7.891564e-01 3.241779e+00 -8.251477e-01 2.805795e-01 -4.903125e-01 2.608409e-01 -4.885181e-01 -7.902684e-01 3.698998e-01 -1.494734e+00
-5.084470e-01 -7.848978e-01 -3.541427e-01 3.517523e+00 1.035998e-01 3.525243e-01 -9.300504e-01 2.595303e-01 8.548384e-01 -5.095704e-01 -9.792467e-02 -1.734968e+00
-2.609651e-01 3.672426e-02 9.646494e-01 3.722366e+00 -8.841366e-01 3.920844e-01 -2.541107e-01 2.530853e-01 -3.875561e-01 -9.191959e-01 -6.985108e-02 -1.781832e+00
-4.712946e-01 -8.530830e-01 -2.238992e-01 4.215204e+00 -4.541932e-01 4.523642e-01 -7.675123e-01 2.531492e-01 7.560356e-01 -2.600309e-01 -6.006613e-01 -2.241510e+00
1.603356e-02 -5.264872e-01 8.500318e-01 4.464750e+00 -8.583090e-01 4.288314e-01 2.817965e-01 2.484567e-01 -5.128826e-01 -7.341082e-01 -4.450131e-01 -2.369506e+00
-1.138253e-01 -8.080213e-01 -5.780531e-01 4.448893e+00 -7.380883e-01 4.582462e-01 -4.952132e-01 2.434458e-01 6.650334e-01 3.702865e-01 -6.485511e-01 -2.119034e+00
9.814653e-02 -8.090424e-01 5.794978e-01 4.394458e+00 -6.897100e-01 3.644783e-01 6.256642e-01 2.392143e-01 -7.174032e-01 -4.610922e-01 -5.222323e-01 -1.914320e+00
-1.963358e-01 -5.958505e-01 -7.787262e-01 4.221958e+00 -9.532352e-01 3.020897e-01 9.186613e-03 2.382427e-01 2.297713e-01 7.441129e-01 -6.272967e-01 -1.490026e+00
-1.164079e-01 -9.777096e-01 1.747375e-01 4.223143e+00 -4.147235e-01 2.077112e-01 8.859235e-01 2.323430e-01 -9.024708e-01 3.066074e-02 -4.296584e-01 -1.209599e+00
-2.043466e-01 -3.594629e-01 -9.105102e-01 4.509748e+00 -9.657753e-01 2.258266e-01 1.275951e-01 2.232761e-01 1.597517e-01 9.054219e-01 -3.933073e-01 -1.244544e+00
-1.731686e-01 -9.763983e-01 1.290694e-01 4.762348e+00 -1.253798e-01 1.518378e-01 9.804209e-01 2.153509e-01 -9.768790e-01 1.535954e-01 -1.487142e-01 -1.291852e+00
-4.848389e-01 -4.872227e-02 -8.732453e-01 4.925449e+00 -8.711468e-01 1.155848e-01 4.772248e-01 2.090895e-01 7.768238e-02 9.921020e-01 -9.848423e-02 -1.295842e+00
-4.541871e-01 -8.849135e-01 1.031607e-01 5.064853e+00 1.629949e-01 3.130215e-02 9.861302e-01 2.007546e-01 -8.758691e-01 4.647023e-01 1.300193e-01 -1.203244e+00
-5.191804e-01 2.212631e-01 -8.255267e-01 5.185854e+00 -8.461621e-01 2.835557e-03 5.329181e-01 1.930432e-01 1.202559e-01 9.752100e-01 1.857523e-01 -1.147562e+00
-5.480344e-01 -8.358307e-01 3.233169e-02 5.423731e+00 1.540683e-01 -6.287616e-02 9.860576e-01 1.826597e-01 -8.221443e-01 5.453748e-01 1.632333e-01 -1.114939e+00
-3.829079e-01 2.275353e-01 -8.953263e-01 5.822038e+00 -9.230954e-01 -5.675809e-02 3.803597e-01 1.678309e-01 3.572822e-02 9.721143e-01 2.317699e-01 -1.060790e+00
-3.763123e-01 -9.263627e-01 -1.553147e-02 6.064712e+00 3.313666e-01 -1.502266e-01 9.314656e-01 1.545584e-01 -8.652082e-01 3.453753e-01 3.634978e-01 -9.322445e-01
-7.693004e-01 3.923379e-01 -5.042300e-01 6.333514e+00 -6.134663e-01 -2.332123e-01 7.545006e-01 1.510272e-01 1.784265e-01 8.897657e-01 4.200964e-01 -1.025994e+00
-5.907853e-01 -6.620171e-01 4.612007e-01 6.580297e+00 7.706508e-01 -2.937625e-01 5.655095e-01 1.435716e-01 -2.388935e-01 6.895194e-01 6.837346e-01 -1.024038e+00
-6.030224e-01 7.552893e-01 2.567141e-01 6.853519e+00 -8.021235e-02 -3.775863e-01 9.224936e-01 1.450299e-01 7.936813e-01 5.356927e-01 2.882765e-01 -1.339202e+00
1.614218e-01 -1.381972e-01 9.771615e-01 7.337740e+00 8.900538e-01 -4.073405e-01 -2.046411e-01 1.507548e-01 4.263183e-01 9.027598e-01 5.724928e-02 -1.983326e+00
3.059936e-01 8.609216e-01 4.064257e-01 7.814039e+00 1.307214e-01 -4.608536e-01 8.777961e-01 1.444855e-01 9.430164e-01 -2.154714e-01 -2.535591e-01 -2.257742e+00
3.430500e-01 6.280110e-02 9.372154e-01 8.286992e+00 8.371442e-01 -4.729848e-01 -2.747270e-01 1.335418e-01 4.260355e-01 8.788295e-01 -2.148310e-01 -2.383493e+00
5.216766e-01 7.967363e-01 3.050652e-01 8.806385e+00 3.618255e-01 -5.304461e-01 7.666220e-01 1.309751e-01 7.726162e-01 -2.895484e-01 -5.650008e-01 -2.800745e+00
7.727117e-01 3.132129e-01 5.520999e-01 9.263652e+00 6.268004e-01 -5.137900e-01 -5.857825e-01 1.264408e-01 1.001888e-01 7.986974e-01 -5.933335e-01 -3.108391e+00
7.987992e-01 6.013155e-01 -1.842602e-02 9.658312e+00 4.482266e-01 -5.744453e-01 6.849128e-01 1.192184e-01 4.012639e-01 -5.553668e-01 -7.283920e-01 -3.268245e+00
8.956229e-01 4.057650e-01 1.822481e-01 1.006413e+01 4.012817e-01 -5.602659e-01 -7.246207e-01 1.140486e-01 -1.919183e-01 7.221197e-01 -6.646131e-01 -3.510910e+00
9.111688e-01 3.868645e-01 -1.417999e-01 1.069960e+01 3.723476e-01 -6.257470e-01 6.854181e-01 9.983817e-02 1.764331e-01 -6.773305e-01 -7.142092e-01 -3.571028e+00
9.017115e-01 3.408732e-01 2.659358e-01 1.135410e+01 4.223820e-01 -5.633264e-01 -7.101104e-01 7.962723e-02 -9.224895e-02 7.526412e-01 -6.519366e-01 -3.560401e+00
9.161305e-01 3.933680e-01 -7.724294e-02 1.201545e+01 3.245819e-01 -6.147842e-01 7.188094e-01 6.728732e-02 2.352689e-01 -6.835949e-01 -6.909027e-01 -3.747732e+00
9.284972e-01 2.911642e-01 2.304700e-01 1.259391e+01 3.646087e-01 -5.971984e-01 -7.144331e-01 5.368170e-02 -7.038105e-02 7.473804e-01 -6.606580e-01 -3.930124e+00
8.988794e-01 3.645607e-01 -2.431283e-01 1.289448e+01 4.334631e-01 -6.584233e-01 6.152955e-01 4.523850e-02 6.423122e-02 -6.584636e-01 -7.498667e-01 -3.970563e+00
9.066429e-01 4.092721e-01 -1.024448e-01 1.329178e+01 1.909075e-01 -6.145114e-01 -7.654607e-01 3.769554e-02 -3.762352e-01 6.744420e-01 -6.352756e-01 -4.117699e+00
8.759749e-01 1.932487e-01 -4.419535e-01 1.374092e+01 4.480181e-01 -6.654780e-01 5.970082e-01 2.814732e-02 -1.787393e-01 -7.209673e-01 -6.695210e-01 -4.272121e+00
9.092236e-01 4.159068e-01 -1.827446e-02 1.410347e+01 2.795290e-01 -6.424369e-01 -7.135393e-01 1.630750e-02 -3.085061e-01 6.436586e-01 -7.003768e-01 -4.298961e+00
8.237844e-01 2.599363e-01 -5.037980e-01 1.448353e+01 5.220351e-01 -6.943310e-01 4.953623e-01 1.185542e-02 -2.210399e-01 -6.710720e-01 -7.076749e-01 -4.595739e+00
6.838144e-01 5.305074e-01 -5.009589e-01 1.493208e+01 -4.187006e-02 -6.569076e-01 -7.528076e-01 9.537873e-03 -7.284537e-01 5.357558e-01 -4.269905e-01 -4.965636e+00
3.978366e-01 -1.869829e-02 -9.172657e-01 1.547361e+01 6.484417e-01 -7.015537e-01 2.955432e-01 4.605485e-03 -6.490373e-01 -7.123713e-01 -2.669789e-01 -5.345991e+00
-1.161025e-01 7.015109e-01 -7.031377e-01 1.595199e+01 -5.166043e-01 -6.472843e-01 -5.604847e-01 7.091608e-03 -8.483161e-01 2.981703e-01 4.375548e-01 -5.898373e+00
-3.977682e-01 -4.121636e-01 -8.196960e-01 1.596720e+01 8.277826e-01 -5.465108e-01 -1.268931e-01 -3.768263e-03 -3.956720e-01 -7.290042e-01 5.585665e-01 -5.429609e+00
-5.488117e-01 8.329479e-01 -7.073549e-02 1.592180e+01 -6.565415e-01 -4.818625e-01 -5.803118e-01 -1.010103e-02 -5.174543e-01 -2.720411e-01 8.113166e-01 -4.922505e+00
-5.973186e-01 -6.051771e-01 -5.262805e-01 1.610396e+01 8.014208e-01 -4.253767e-01 -4.204513e-01 -2.455755e-02 3.058003e-02 -6.729156e-01 7.390869e-01 -4.710503e+00
-6.054634e-01 7.625896e-01 2.277526e-01 1.618508e+01 -6.780376e-01 -3.444004e-01 -6.493484e-01 -3.897840e-02 -4.167482e-01 -5.475815e-01 7.255863e-01 -4.298987e+00
-6.792535e-01 -6.496338e-01 -3.414537e-01 1.638101e+01 6.298686e-01 -2.772376e-01 -7.255376e-01 -4.784460e-02 3.766700e-01 -7.078949e-01 5.974986e-01 -4.209891e+00
-5.207472e-01 6.160200e-01 5.910514e-01 1.679377e+01 -8.319518e-01 -2.108692e-01 -5.132157e-01 -5.296605e-02 -1.915166e-01 -7.589819e-01 6.223085e-01 -4.447079e+00
-5.898973e-01 -7.897142e-01 1.684417e-01 1.763860e+01 -2.451758e-02 -1.909888e-01 -9.812860e-01 -5.130281e-02 8.071060e-01 -5.829877e-01 9.330192e-02 -5.113807e+00
-3.622618e-01 -5.882340e-02 9.302184e-01 1.854092e+01 -9.192466e-01 -1.424708e-01 -3.669983e-01 -6.350562e-02 1.541170e-01 -9.880495e-01 -2.461479e-03 -5.544154e+00
-3.498258e-01 -9.224332e-01 1.635203e-01 1.913718e+01 -2.926226e-01 -5.822168e-02 -9.544539e-01 -7.312596e-02 8.899404e-01 -3.817423e-01 -2.495574e-01 -5.850248e+00
6.652868e-02 -3.494919e-01 9.345744e-01 1.963526e+01 -9.977340e-01 -3.272196e-02 5.878812e-02 -7.423897e-02 1.003514e-02 -9.363678e-01 -3.508769e-01 -6.284531e+00
4.202010e-02 -9.973124e-01 -6.001841e-02 2.006479e+01 -5.342475e-01 2.833376e-02 -8.448531e-01 -7.972010e-02 8.442831e-01 6.756550e-02 -5.316211e-01 -6.544962e+00
2.593289e-02 -5.736324e-01 8.187022e-01 2.039891e+01 -9.965004e-01 5.026727e-02 6.678506e-02 -8.893464e-02 -7.946400e-02 -8.175690e-01 -5.703213e-01 -6.635549e+00
-2.528520e-03 -9.904334e-01 -1.379685e-01 2.070062e+01 -6.265621e-01 1.090980e-01 -7.716979e-01 -9.811848e-02 7.793674e-01 8.449458e-02 -6.208438e-01 -6.687648e+00
9.865485e-02 -6.721664e-01 7.337980e-01 2.095985e+01 -9.666618e-01 1.103604e-01 2.310533e-01 -1.060586e-01 -2.362885e-01 -7.321290e-01 -6.388700e-01 -6.775962e+00
6.966654e-02 -9.568855e-01 -2.819872e-01 2.110673e+01 -6.936125e-01 1.566991e-01 -7.030982e-01 -1.130994e-01 7.169716e-01 2.445723e-01 -6.527911e-01 -6.773159e+00
