9.999992e-01 1.106399e-03 -6.692138e-04 2.907652e-01 -1.106251e-03 9.999994e-01 2.211151e-04 3.934224e-03 6.694577e-04 -2.203753e-04 9.999998e-01 -7.809969e-01
9.999876e-01 3.224022e-05 4.974458e-03 4.125700e-01 -2.929710e-05 9.999998e-01 -5.917131e-04 1.788945e-02 -4.974475e-03 5.915607e-04 9.999875e-01 -1.665912e+00
9.999855e-01 4.155428e-04 -5.373319e-03 6.337832e-01 -4.089112e-04 9.999992e-01 1.235215e-03 1.981023e-02 5.373828e-03 -1.233001e-03 9.999848e-01 -2.302377e+00
9.999971e-01 2.201008e-04 2.401848e-03 8.548806e-01 -2.181012e-04 9.999996e-01 -8.327480e-04 2.080329e-02 -2.402030e-03 8.322224e-04 9.999968e-01 -2.838883e+00
9.999928e-01 9.938348e-04 3.655659e-03 8.070779e-01 -9.948473e-04 9.999995e-01 2.751570e-04 3.746846e-02 -3.655384e-03 -2.787926e-04 9.999933e-01 -3.567938e+00
9.999835e-01 -4.073273e-04 -5.736288e-03 7.456928e-01 4.096162e-04 9.999998e-01 3.978640e-04 3.555654e-02 5.736126e-03 -4.002063e-04 9.999835e-01 -3.498502e+00
9.999984e-01 1.502552e-03 -9.724071e-04 8.065259e-01 -1.501500e-03 9.999983e-01 1.080828e-03 1.788249e-02 9.740291e-04 -1.079367e-03 9.999989e-01 -2.938414e+00
9.999974e-01 -5.505583e-04 -2.205427e-03 8.322724e-01 5.520732e-04 9.999996e-01 6.863333e-04 -3.901285e-03 2.205049e-03 -6.875484e-04 9.999973e-01 -2.008806e+00
9.999950e-01 2.667759e-03 1.706403e-03 8.311998e-01 -2.670289e-03 9.999953e-01 1.481963e-03 -2.691358e-02 -1.702442e-03 -1.486513e-03 9.999974e-01 -8.046219e-01
9.999905e-01 -2.942395e-04 4.339028e-03 7.713508e-01 2.886287e-04 9.999991e-01 1.293687e-03 -5.514011e-02 -4.339405e-03 -1.292422e-03 9.999897e-01 9.754509e-01
9.999924e-01 3.906952e-03 1.115572e-04 7.386847e-01 -3.907143e-03 9.999908e-01 1.773023e-03 -8.367487e-02 -1.046294e-04 -1.773446e-03 9.999984e-01 2.808799e+00
9.999870e-01 -2.461108e-03 -4.462076e-03 7.718022e-01 2.461046e-03 9.999970e-01 -1.933415e-05 -1.034587e-01 4.462110e-03 8.353242e-06 9.999900e-01 3.615779e+00
9.999926e-01 3.738223e-03 -8.699455e-04 8.201848e-01 -3.736757e-03 9.999916e-01 1.681169e-03 -1.235607e-01 8.762224e-04 -1.677907e-03 9.999982e-01 4.329054e+00
9.999670e-01 -2.502016e-03 -7.727093e-03 8.920960e-01 2.499820e-03 9.999968e-01 -2.938483e-04 -1.375102e-01 7.727804e-03 2.745230e-04 9.999701e-01 4.676332e+00
9.999957e-01 2.910742e-03 4.542724e-04 1.003858e+00 -2.911270e-03 9.999951e-01 1.167836e-03 -1.448425e-01 -4.508712e-04 -1.169154e-03 9.999992e-01 4.639389e+00
9.999499e-01 -2.121789e-03 -9.781622e-03 1.097091e+00 2.121119e-03 9.999977e-01 -7.886370e-05 -1.569795e-01 9.781768e-03 5.811247e-05 9.999522e-01 4.843273e+00
9.999954e-01 2.798747e-03 1.164127e-03 1.146726e+00 -2.800226e-03 9.999953e-01 1.271100e-03 -1.679720e-01 -1.160565e-03 -1.274355e-03 9.999985e-01 5.120686e+00
9.999514e-01 -2.250958e-03 -9.595471e-03 1.184795e+00 2.247658e-03 9.999974e-01 -3.546174e-04 -1.753478e-01 9.596245e-03 3.330335e-04 9.999539e-01 5.238350e+00
9.999899e-01 2.823776e-03 3.494054e-03 1.157887e+00 -2.828951e-03 9.999949e-01 1.477071e-03 -1.774303e-01 -3.489865e-03 -1.486942e-03 9.999928e-01 5.389556e+00
9.999741e-01 -2.118107e-03 -6.884714e-03 1.096553e+00 2.112499e-03 9.999974e-01 -8.216725e-04 -1.724763e-01 6.886437e-03 8.071079e-04 9.999760e-01 5.259222e+00
9.999643e-01 2.840732e-03 7.957646e-03 1.094073e+00 -2.848536e-03 9.999955e-01 9.695330e-04 -1.629466e-01 -7.954856e-03 -9.921668e-04 9.999679e-01 4.768377e+00
9.999854e-01 -2.077943e-03 -4.986330e-03 1.142521e+00 2.072920e-03 9.999973e-01 -1.012226e-03 -1.514400e-01 4.988420e-03 1.001876e-03 9.999871e-01 4.121101e+00
9.999937e-01 2.528496e-03 2.505100e-03 1.207360e+00 -2.531466e-03 9.999961e-01 1.183172e-03 -1.484813e-01 -2.502099e-03 -1.189507e-03 9.999962e-01 3.763566e+00
9.999737e-01 -1.775036e-03 -7.031568e-03 1.273846e+00 1.768907e-03 9.999981e-01 -8.778319e-04 -1.472399e-01 7.033113e-03 8.653714e-04 9.999749e-01 3.450727e+00
9.999897e-01 1.961729e-03 4.093881e-03 1.221126e+00 -1.970511e-03 9.999958e-01 2.142201e-03 -1.408826e-01 -4.089662e-03 -2.150247e-03 9.999893e-01 3.413085e+00
9.999814e-01 -1.381807e-03 -5.938738e-03 1.275013e+00 1.371251e-03 9.999975e-01 -1.781209e-03 -1.375918e-01 5.941184e-03 1.773033e-03 9.999808e-01 3.048385e+00
9.999263e-01 2.329127e-03 1.191567e-02 1.333768e+00 -2.349595e-03 9.999958e-01 1.704053e-03 -1.228550e-01 -1.191165e-02 -1.731925e-03 9.999276e-01 2.180209e+00
9.999802e-01 -1.612366e-03 -6.083808e-03 1.408684e+00 1.603428e-03 9.999976e-01 -1.473815e-03 -1.085436e-01 6.086170e-03 1.464032e-03 9.999804e-01 1.358454e+00
9.999940e-01 1.984754e-03 2.841787e-03 1.519704e+00 -1.990401e-03 9.999960e-01 1.985722e-03 -1.063187e-01 -2.837835e-03 -1.991367e-03 9.999940e-01 9.516968e-01
9.999863e-01 -1.361738e-03 -5.063742e-03 1.568906e+00 1.352323e-03 9.999974e-01 -1.862253e-03 -1.014150e-01 5.066265e-03 1.855380e-03 9.999854e-01 5.252426e-01
9.999883e-01 1.946805e-03 4.437375e-03 1.614322e+00 -1.955685e-03 9.999961e-01 1.997765e-03 -9.466563e-02 -4.433469e-03 -2.006420e-03 9.999882e-01 6.050507e-02
9.999595e-01 -1.597647e-03 -8.861797e-03 1.656473e+00 1.584767e-03 9.999977e-01 -1.460204e-03 -9.382654e-02 8.864109e-03 1.446102e-03 9.999597e-01 -1.699273e-01
9.999626e-01 2.345044e-03 8.327817e-03 1.705299e+00 -2.359016e-03 9.999958e-01 1.668304e-03 -8.741971e-02 -8.323870e-03 -1.687887e-03 9.999639e-01 -6.613795e-01
9.999653e-01 -1.862650e-03 -8.119539e-03 1.678073e+00 1.852737e-03 9.999975e-01 -1.228271e-03 -7.939198e-02 8.121807e-03 1.213186e-03 9.999663e-01 -1.050850e+00
9.999967e-01 2.443373e-03 8.532544e-04 1.699084e+00 -2.445450e-03 9.999940e-01 2.441534e-03 -8.897189e-02 -8.472840e-04 -2.443613e-03 9.999967e-01 -7.697668e-01
9.999705e-01 -1.634349e-03 -7.504476e-03 1.732306e+00 1.626954e-03 9.999982e-01 -9.914443e-04 -1.032312e-01 7.506083e-03 9.792064e-04 9.999713e-01 -2.863920e-01
9.999845e-01 2.967742e-03 4.721092e-03 1.733987e+00 -2.981575e-03 9.999913e-01 2.925688e-03 -1.217195e-01 -4.712369e-03 -2.939720e-03 9.999846e-01 5.929099e-01
9.999597e-01 -1.409085e-03 -8.860808e-03 1.717856e+00 1.399512e-03 9.999984e-01 -1.086423e-03 -1.328925e-01 8.862325e-03 1.073979e-03 9.999602e-01 1.270802e+00
9.999895e-01 1.935522e-03 4.154720e-03 1.665977e+00 -1.944900e-03 9.999956e-01 2.254360e-03 -1.344732e-01 -4.150339e-03 -2.262417e-03 9.999888e-01 1.495060e+00
9.999678e-01 -8.209752e-04 -7.987036e-03 1.664655e+00 8.050958e-04 9.999977e-01 -1.991165e-03 -1.323474e-01 7.988652e-03 1.984671e-03 9.999661e-01 1.193558e+00
9.999223e-01 1.712347e-03 1.234919e-02 1.776025e+00 -1.735680e-03 9.999967e-01 1.878944e-03 -1.194648e-01 -1.234594e-02 -1.900233e-03 9.999220e-01 3.397304e-01
9.999522e-01 -8.344752e-04 -9.741591e-03 1.875039e+00 8.149618e-04 9.999977e-01 -2.006898e-03 -1.093225e-01 9.743243e-03 1.998864e-03 9.999505e-01 -4.011086e-01
9.999537e-01 1.299039e-03 9.532578e-03 1.910903e+00 -1.319507e-03 9.999968e-01 2.141173e-03 -1.011594e-01 -9.529767e-03 -2.153653e-03 9.999523e-01 -9.063213e-01
9.998767e-01 -1.104400e-03 -1.566720e-02 1.909153e+00 1.084722e-03 9.999986e-01 -1.264476e-03 -1.070377e-01 1.566858e-02 1.247326e-03 9.998765e-01 -7.265481e-01
9.999755e-01 1.831432e-03 6.754049e-03 1.971668e+00 -1.847793e-03 9.999954e-01 2.417014e-03 -1.186353e-01 -6.749592e-03 -2.429436e-03 9.999743e-01 -4.936110e-01
9.999138e-01 -1.312677e-03 -1.306787e-02 2.022528e+00 1.290008e-03 9.999976e-01 -1.743025e-03 -1.217553e-01 1.307013e-02 1.726017e-03 9.999131e-01 -6.320974e-01
9.999493e-01 1.591040e-03 9.946077e-03 1.873933e+00 -1.618954e-03 9.999948e-01 2.799032e-03 -1.153526e-01 -9.941572e-03 -2.814993e-03 9.999466e-01 -6.036784e-01
9.999087e-01 -1.045083e-03 -1.347220e-02 1.744023e+00 1.022503e-03 9.999981e-01 -1.682797e-03 -1.085778e-01 1.347394e-02 1.668869e-03 9.999078e-01 -4.815305e-01
9.999746e-01 1.424504e-03 6.984294e-03 1.720817e+00 -1.441998e-03 9.999958e-01 2.500292e-03 -1.095165e-01 -6.980703e-03 -2.510300e-03 9.999725e-01 -4.961043e-01
9.999274e-01 -1.004759e-03 -1.200725e-02 1.689056e+00 9.830554e-04 9.999979e-01 -1.813338e-03 -1.083121e-01 1.200905e-02 1.801404e-03 9.999263e-01 -6.260821e-01
9.999354e-01 1.541049e-03 1.125861e-02 1.620187e+00 -1.566863e-03 9.999962e-01 2.284324e-03 -1.000978e-01 -1.125505e-02 -2.301818e-03 9.999340e-01 -9.506850e-01
9.999601e-01 -8.582096e-04 -8.888852e-03 1.418805e+00 8.425732e-04 9.999981e-01 -1.762706e-03 -8.493537e-02 8.890348e-03 1.755147e-03 9.999589e-01 -1.255410e+00
9.999683e-01 1.499367e-03 7.819053e-03 1.221439e+00 -1.522406e-03 9.999945e-01 2.941306e-03 -7.507074e-02 -7.814601e-03 -2.953117e-03 9.999651e-01 -1.209588e+00
9.999094e-01 -9.582270e-04 -1.342534e-02 1.162928e+00 9.315493e-04 9.999976e-01 -1.993232e-03 -7.502241e-02 1.342722e-02 1.980546e-03 9.999079e-01 -1.206024e+00
9.999556e-01 1.330295e-03 9.332685e-03 1.167510e+00 -1.354604e-03 9.999957e-01 2.598856e-03 -7.275609e-02 -9.329188e-03 -2.611383e-03 9.999531e-01 -1.457962e+00
9.999506e-01 -7.916951e-04 -9.911279e-03 1.105391e+00 7.704795e-04 9.999974e-01 -2.144194e-03 -6.439338e-02 9.912951e-03 2.136452e-03 9.999486e-01 -1.800714e+00
9.999691e-01 1.259080e-03 7.759205e-03 9.979361e-01 -1.281236e-03 9.999951e-01 2.851179e-03 -5.847353e-02 -7.755578e-03 -2.861033e-03 9.999658e-01 -1.953660e+00
9.999324e-01 -7.286956e-04 -1.160788e-02 8.994259e-01 7.065518e-04 9.999979e-01 -1.911639e-03 -5.564134e-02 1.160925e-02 1.903309e-03 9.999308e-01 -1.972145e+00
9.999255e-01 3.704052e-04 1.219672e-02 9.447298e-01 -4.105859e-04 9.999945e-01 3.292042e-03 -5.341544e-02 -1.219544e-02 -3.296806e-03 9.999202e-01 -2.387593e+00
9.999496e-01 -2.487757e-04 -1.003921e-02 8.007217e-01 2.290965e-04 9.999981e-01 -1.961343e-03 -4.113478e-02 1.003968e-02 1.958945e-03 9.999477e-01 -2.805680e+00
9.999452e-01 6.398633e-04 1.044944e-02 7.215171e-01 -6.704425e-04 9.999955e-01 2.923144e-03 -3.122000e-02 -1.044752e-02 -2.929990e-03 9.999411e-01 -3.199309e+00
9.999460e-01 -1.566435e-04 -1.038866e-02 7.319251e-01 1.320654e-04 9.999972e-01 -2.366505e-03 -2.271913e-02 1.038900e-02 2.365006e-03 9.999432e-01 -3.689189e+00
9.999479e-01 6.427659e-04 1.018815e-02 6.569264e-01 -6.717518e-04 9.999957e-01 2.841892e-03 -1.491952e-02 -1.018628e-02 -2.848589e-03 9.999441e-01 -3.984097e+00
9.998926e-01 -1.308170e-04 -1.465689e-02 6.109099e-01 1.064404e-04 9.999986e-01 -1.663926e-03 -1.812234e-02 1.465709e-02 1.662188e-03 9.998912e-01 -3.633251e+00
9.999356e-01 4.149850e-04 1.133867e-02 4.843030e-01 -4.465472e-04 9.999960e-01 2.781196e-03 -1.379226e-02 -1.133747e-02 -2.786080e-03 9.999318e-01 -3.490640e+00
9.999467e-01 2.103631e-04 -1.032369e-02 2.017985e-01 -2.262147e-04 9.999988e-01 -1.534329e-03 4.214164e-03 1.032336e-02 1.536583e-03 9.999455e-01 -3.432871e+00
9.999218e-01 4.123639e-04 1.249561e-02 -1.243074e-01 -4.453232e-04 9.999964e-01 2.634999e-03 2.588417e-02 -1.249448e-02 -2.640359e-03 9.999185e-01 -3.421627e+00
9.999159e-01 1.397516e-04 -1.296565e-02 -3.523619e-01 -1.599619e-04 9.999988e-01 -1.557740e-03 3.930204e-02 1.296542e-02 1.559684e-03 9.999147e-01 -3.376014e+00
9.999536e-01 3.788421e-04 9.621730e-03 -4.952741e-01 -4.031784e-04 9.999967e-01 2.527480e-03 4.634965e-02 -9.620741e-03 -2.531243e-03 9.999505e-01 -3.351605e+00
9.999058e-01 7.248035e-05 -1.372623e-02 -5.678833e-01 -9.861939e-05 9.999982e-01 -1.903650e-03 4.982435e-02 1.372607e-02 1.904825e-03 9.999040e-01 -3.482211e+00
9.999187e-01 2.675479e-04 1.275029e-02 -7.055838e-01 -3.045554e-04 9.999957e-01 2.900625e-03 5.367011e-02 -1.274946e-02 -2.904273e-03 9.999145e-01 -3.340902e+00
9.999416e-01 1.435961e-03 -1.071321e-02 -7.731589e-01 -1.442754e-03 9.999988e-01 -6.263736e-04 3.689086e-02 1.071230e-02 6.417942e-04 9.999424e-01 -2.168510e+00
9.998867e-01 1.077307e-03 1.501425e-02 -8.831799e-01 -1.126495e-03 9.999940e-01 3.267997e-03 2.077089e-02 -1.501064e-02 -3.284541e-03 9.998819e-01 -8.939319e-01
9.998344e-01 5.824545e-04 -1.818637e-02 -9.247277e-01 -6.188213e-04 9.999978e-01 -1.994113e-03 1.386166e-02 1.818517e-02 2.005037e-03 9.998326e-01 -4.708742e-01
9.995229e-01 1.460092e-03 3.085143e-02 -9.909685e-01 -1.478295e-03 9.999987e-01 5.672054e-04 4.215047e-02 -3.085057e-02 -6.125430e-04 9.995238e-01 -1.684775e+00
9.999720e-01 7.549553e-04 -7.450001e-03 -1.663787e+00 -7.655280e-04 9.999987e-01 -1.416407e-03 9.833890e-02 7.448923e-03 1.422071e-03 9.999712e-01 -2.587690e+00
9.999295e-01 6.074840e-04 1.185558e-02 -1.974086e+00 -6.428097e-04 9.999954e-01 2.976077e-03 1.099591e-01 -1.185372e-02 -2.983489e-03 9.999253e-01 -2.184699e+00
9.999122e-01 1.056008e-03 -1.320907e-02 -1.988262e+00 -1.067283e-03 9.999991e-01 -8.465730e-04 9.056039e-02 1.320816e-02 8.605972e-04 9.999124e-01 -1.180160e+00
9.999819e-01 5.220502e-04 5.985734e-03 -1.894024e+00 -5.379766e-04 9.999963e-01 2.659416e-03 7.107252e-02 -5.984324e-03 -2.662589e-03 9.999785e-01 -5.902078e-01
9.999086e-01 2.738201e-04 -1.351624e-02 -1.717462e+00 -2.842941e-04 9.999997e-01 -7.730091e-04 4.871087e-02 1.351602e-02 7.767818e-04 9.999084e-01 -1.709589e-01
9.999686e-01 9.340819e-04 7.864206e-03 -1.696377e+00 -9.524496e-04 9.999968e-01 2.332189e-03 3.617688e-02 -7.862003e-03 -2.339607e-03 9.999664e-01 3.666698e-01
9.998860e-01 -2.445277e-04 -1.509482e-02 -1.661954e+00 2.280440e-04 9.999994e-01 -1.093727e-03 2.491656e-02 1.509508e-02 1.090160e-03 9.998855e-01 6.995704e-01
9.999614e-01 6.134285e-04 8.764763e-03 -1.670154e+00 -6.342709e-04 9.999970e-01 2.375388e-03 1.728209e-02 -8.763280e-03 -2.380856e-03 9.999588e-01 1.020917e+00
9.998694e-01 7.593297e-05 -1.616093e-02 -1.669876e+00 -9.390123e-05 9.999994e-01 -1.111082e-03 1.177904e-02 1.616083e-02 1.112455e-03 9.998688e-01 1.215768e+00
9.999264e-01 3.939692e-04 1.212690e-02 -1.730296e+00 -4.159129e-04 9.999983e-01 1.807033e-03 1.599077e-02 -1.212617e-02 -1.811944e-03 9.999248e-01 1.006541e+00
9.998935e-01 2.538845e-04 -1.458900e-02 -1.810839e+00 -2.685511e-04 9.999995e-01 -1.003373e-03 1.927634e-02 1.458873e-02 1.007185e-03 9.998931e-01 9.250443e-01
9.999600e-01 3.268916e-04 8.938609e-03 -1.842638e+00 -3.460188e-04 9.999977e-01 2.138376e-03 1.482211e-02 -8.937889e-03 -2.141384e-03 9.999578e-01 1.157826e+00
9.999231e-01 3.770864e-04 -1.239744e-02 -1.872341e+00 -3.942859e-04 9.999990e-01 -1.384927e-03 1.451657e-02 1.239691e-02 1.389710e-03 9.999222e-01 1.125692e+00
9.999652e-01 1.938527e-04 8.345421e-03 -1.891681e+00 -2.128198e-04 9.999974e-01 2.271908e-03 1.172386e-02 -8.344959e-03 -2.273606e-03 9.999626e-01 1.154936e+00
9.999402e-01 4.678247e-04 -1.092676e-02 -1.990227e+00 -4.831357e-04 9.999989e-01 -1.398648e-03 1.482282e-02 1.092610e-02 1.403845e-03 9.999393e-01 1.100309e+00
9.999809e-01 1.317971e-04 6.183059e-03 -2.021618e+00 -1.464311e-04 9.999972e-01 2.366392e-03 1.065486e-02 -6.182730e-03 -2.367253e-03 9.999781e-01 1.228088e+00
9.999522e-01 8.701266e-04 -9.740599e-03 -2.012048e+00 -8.882913e-04 9.999979e-01 -1.860683e-03 9.923628e-03 9.738960e-03 1.869247e-03 9.999508e-01 1.091342e+00
9.999732e-01 -1.386035e-04 7.321435e-03 -1.986060e+00 1.218362e-04 9.999974e-01 2.290549e-03 1.079437e-02 -7.321734e-03 -2.289596e-03 9.999706e-01 8.684020e-01
9.999169e-01 7.449105e-04 -1.287118e-02 -1.959499e+00 -7.634467e-04 9.999987e-01 -1.435290e-03 5.070270e-03 1.287009e-02 1.444998e-03 9.999161e-01 9.178601e-01
9.999338e-01 -6.688419e-05 1.150495e-02 -2.043011e+00 4.519777e-05 9.999982e-01 1.885207e-03 1.259782e-02 -1.150505e-02 -1.884563e-03 9.999320e-01 6.443348e-01
9.998609e-01 3.563949e-04 -1.667394e-02 -2.002534e+00 -3.747321e-04 9.999993e-01 -1.096644e-03 1.213065e-02 1.667354e-02 1.102741e-03 9.998604e-01 4.405213e-01
9.999252e-01 3.953160e-05 1.222722e-02 -2.067220e+00 -6.267457e-05 9.999982e-01 1.892357e-03 1.551524e-02 -1.222712e-02 -1.892983e-03 9.999235e-01 2.542006e-01
9.998507e-01 4.903584e-04 -1.727383e-02 -2.083485e+00 -5.106623e-04 9.999992e-01 -1.171023e-03 1.328483e-02 1.727324e-02 1.179670e-03 9.998501e-01 1.932321e-01
9.999532e-01 6.001575e-05 9.671379e-03 -2.027244e+00 -8.469279e-05 9.999967e-01 2.551155e-03 -2.351777e-03 -9.671195e-03 -2.551855e-03 9.999500e-01 6.045200e-01
9.998628e-01 9.653417e-04 -1.653918e-02 -1.973757e+00 -9.822379e-04 9.999990e-01 -1.013499e-03 -1.975787e-02 1.653818e-02 1.029606e-03 9.998627e-01 1.156596e+00
9.999637e-01 -8.453041e-05 8.521803e-03 -1.912227e+00 6.770820e-05 9.999980e-01 1.974278e-03 -2.811844e-02 -8.521954e-03 -1.973631e-03 9.999617e-01 1.267111e+00
9.999365e-01 7.356397e-04 -1.124771e-02 -1.873062e+00 -7.570403e-04 9.999979e-01 -1.898530e-03 -2.449084e-02 1.124629e-02 1.906925e-03 9.999349e-01 8.734184e-01
9.997594e-01 5.548463e-04 2.192980e-02 -1.799902e+00 -5.908191e-04 9.999985e-01 1.633912e-03 -5.306693e-03 -2.192886e-02 -1.646476e-03 9.997582e-01 -1.943138e-01
9.997426e-01 1.193962e-04 -2.268566e-02 -1.761809e+00 -1.573069e-04 9.999986e-01 -1.669353e-03 -6.919261e-05 2.268543e-02 1.672493e-03 9.997413e-01 -6.673468e-01
9.998900e-01 4.238834e-04 1.482727e-02 -1.706674e+00 -4.687227e-04 9.999953e-01 3.020762e-03 -1.475193e-02 -1.482592e-02 -3.027380e-03 9.998855e-01 -3.161349e-01
9.996943e-01 4.065511e-04 -2.472077e-02 -1.616712e+00 -4.535112e-04 9.999981e-01 -1.894046e-03 -2.374199e-02 2.471996e-02 1.904679e-03 9.996926e-01 -2.242067e-01
9.996769e-01 2.694373e-04 2.541859e-02 -1.643862e+00 -3.255107e-04 9.999975e-01 2.201881e-03 -1.353590e-02 -2.541793e-02 -2.209445e-03 9.996745e-01 -7.265883e-01
9.997454e-01 3.662345e-04 -2.255909e-02 -1.827408e+00 -3.820381e-04 9.999997e-01 -6.962418e-04 -1.224899e-02 2.255883e-02 7.046837e-04 9.997453e-01 -3.133504e-01
9.998244e-01 1.512121e-03 1.867695e-02 -1.795613e+00 -1.561723e-03 9.999953e-01 2.641435e-03 -2.879499e-02 -1.867287e-02 -2.670140e-03 9.998221e-01 4.887812e-01
9.996016e-01 -1.089773e-03 -2.820375e-02 -1.745824e+00 1.049688e-03 9.999984e-01 -1.436024e-03 -4.005984e-02 2.820527e-02 1.405848e-03 9.996012e-01 7.057949e-01
9.997813e-01 1.472630e-03 2.085928e-02 -1.746036e+00 -1.522527e-03 9.999960e-01 2.376411e-03 -4.475904e-02 -2.085569e-02 -2.407651e-03 9.997796e-01 7.679524e-01
9.996375e-01 -9.394754e-04 -2.690737e-02 -1.740574e+00 8.992349e-04 9.999985e-01 -1.507584e-03 -4.756900e-02 2.690874e-02 1.482842e-03 9.996368e-01 7.032255e-01
9.996372e-01 1.846421e-03 2.686993e-02 -1.898128e+00 -1.938179e-03 9.999924e-01 3.389252e-03 -3.618602e-02 -2.686347e-02 -3.440102e-03 9.996332e-01 1.094902e+00
9.995221e-01 -1.213168e-03 -3.088846e-02 -2.013973e+00 1.143470e-03 9.999968e-01 -2.274007e-03 -2.989878e-02 3.089112e-02 2.237601e-03 9.995203e-01 1.165802e+00
9.995968e-01 1.649790e-03 2.834746e-02 -2.124717e+00 -1.736830e-03 9.999939e-01 3.046110e-03 -2.412834e-02 -2.834226e-02 -3.094118e-03 9.995935e-01 1.062948e+00
9.995538e-01 -1.017149e-03 -2.985337e-02 -2.209814e+00 9.339009e-04 9.999956e-01 -2.802369e-03 -1.620807e-02 2.985609e-02 2.773239e-03 9.995504e-01 7.311496e-01
9.987108e-01 2.822769e-03 5.068369e-02 -2.457578e+00 -2.913843e-03 9.999943e-01 1.723110e-03 2.420352e-02 -5.067854e-02 -1.868573e-03 9.987133e-01 -5.384829e-01
9.994877e-01 -1.352559e-03 -3.197599e-02 -2.532645e+00 1.265199e-03 9.999954e-01 -2.752143e-03 5.822024e-02 3.197957e-02 2.710278e-03 9.994848e-01 -1.870368e+00
9.994402e-01 1.824011e-03 3.340484e-02 -2.332539e+00 -1.934680e-03 9.999927e-01 3.280934e-03 6.399089e-02 -3.339862e-02 -3.343726e-03 9.994365e-01 -2.586701e+00
9.993065e-01 -1.128443e-03 -3.721968e-02 -2.160693e+00 1.024430e-03 9.999955e-01 -2.813511e-03 6.469296e-02 3.722269e-02 2.773431e-03 9.993031e-01 -3.064093e+00
9.988547e-01 2.360420e-03 4.778906e-02 -2.250372e+00 -2.470019e-03 9.999945e-01 2.234457e-03 8.879352e-02 -4.778352e-02 -2.349938e-03 9.988550e-01 -3.980423e+00
9.993294e-01 -1.226120e-03 -3.659461e-02 -2.316807e+00 1.126655e-03 9.999956e-01 -2.738538e-03 1.125403e-01 3.659780e-02 2.695472e-03 9.993264e-01 -4.909831e+00
9.990906e-01 1.932899e-03 4.259279e-02 -2.385323e+00 -2.055645e-03 9.999939e-01 2.838234e-03 1.299810e-01 -4.258704e-02 -2.923209e-03 9.990885e-01 -5.617598e+00
9.994102e-01 -8.576287e-04 -3.432916e-02 -2.610486e+00 7.650783e-04 9.999960e-01 -2.709016e-03 1.549041e-01 3.433135e-02 2.681155e-03 9.994069e-01 -6.253891e+00
9.994117e-01 1.298348e-03 3.427268e-02 -2.665768e+00 -1.415290e-03 9.999933e-01 3.388061e-03 1.640311e-01 -3.426805e-02 -3.434574e-03 9.994068e-01 -6.583059e+00
9.992888e-01 -1.123989e-03 -3.769126e-02 -2.789264e+00 1.041616e-03 9.999970e-01 -2.205033e-03 1.718532e-01 3.769363e-02 2.164206e-03 9.992870e-01 -6.535151e+00
9.992302e-01 1.729038e-03 3.919194e-02 -3.027918e+00 -1.871062e-03 9.999918e-01 3.587429e-03 1.925966e-01 -3.918542e-02 -3.657998e-03 9.992253e-01 -6.447163e+00
9.996317e-01 -4.468527e-04 -2.713454e-02 -3.590902e+00 4.207725e-04 9.999994e-01 -9.668468e-04 2.405580e-01 2.713495e-02 9.550740e-04 9.996313e-01 -6.362356e+00
9.992771e-01 1.188719e-03 3.799920e-02 -4.030495e+00 -1.253278e-03 9.999978e-01 1.675192e-03 2.761832e-01 -3.799713e-02 -1.721605e-03 9.992764e-01 -6.741068e+00
9.992275e-01 -9.953931e-04 -3.928570e-02 -4.025907e+00 9.542019e-04 9.999990e-01 -1.067243e-03 2.819763e-01 3.928672e-02 1.028933e-03 9.992274e-01 -7.098141e+00
9.994231e-01 1.537795e-03 3.392781e-02 -3.904497e+00 -1.596266e-03 9.999973e-01 1.696369e-03 2.801817e-01 -3.392511e-02 -1.749549e-03 9.994228e-01 -7.423232e+00
9.992448e-01 -1.281067e-03 -3.883523e-02 -3.784387e+00 1.243571e-03 9.999987e-01 -9.896638e-04 2.765688e-01 3.883645e-02 9.406227e-04 9.992451e-01 -7.622964e+00
9.995672e-01 2.170436e-03 2.933923e-02 -3.606624e+00 -2.252913e-03 9.999936e-01 2.778394e-03 2.590917e-01 -2.933301e-02 -2.843291e-03 9.995657e-01 -7.401002e+00
9.996355e-01 -1.401511e-03 -2.696017e-02 -3.642112e+00 1.338905e-03 9.999964e-01 -2.340091e-03 2.703210e-01 2.696336e-02 2.303141e-03 9.996338e-01 -7.900130e+00
9.994689e-01 2.058062e-03 3.252335e-02 -3.827364e+00 -2.147633e-03 9.999940e-01 2.719333e-03 2.924248e-01 -3.251755e-02 -2.787738e-03 9.994673e-01 -8.302979e+00
9.992216e-01 -1.739792e-03 -3.940898e-02 -3.796606e+00 1.686290e-03 9.999976e-01 -1.390811e-03 2.848432e-01 3.941131e-02 1.323274e-03 9.992222e-01 -8.053133e+00
9.986464e-01 3.094326e-03 5.192104e-02 -4.354904e+00 -3.335993e-03 9.999840e-01 4.568481e-03 3.356184e-01 -5.190607e-02 -4.735506e-03 9.986407e-01 -7.606457e+00
9.986594e-01 -1.928945e-03 -5.172750e-02 -4.562161e+00 1.757709e-03 9.999928e-01 -3.355631e-03 3.492204e-01 5.173360e-02 3.260211e-03 9.986556e-01 -7.397480e+00
9.990563e-01 2.202446e-03 4.337718e-02 -4.416212e+00 -2.416778e-03 9.999851e-01 4.889295e-03 3.293060e-01 -4.336576e-02 -4.989515e-03 9.990468e-01 -7.058855e+00
9.988255e-01 -1.340422e-03 -4.843465e-02 -4.384950e+00 1.175574e-03 9.999934e-01 -3.431842e-03 3.133461e-01 4.843893e-02 3.370874e-03 9.988205e-01 -6.455277e+00
9.989972e-01 2.325806e-03 4.471123e-02 -4.384353e+00 -2.560659e-03 9.999832e-01 5.196108e-03 2.981142e-01 -4.469839e-02 -5.305389e-03 9.989864e-01 -5.767032e+00
9.988979e-01 -7.373733e-04 -4.693056e-02 -4.404344e+00 5.874496e-04 9.999947e-01 -3.208298e-03 2.819582e-01 4.693268e-02 3.177194e-03 9.988930e-01 -4.868467e+00
9.986836e-01 2.691241e-03 5.122380e-02 -4.494101e+00 -3.004217e-03 9.999773e-01 6.033957e-03 2.606595e-01 -5.120639e-02 -6.179902e-03 9.986690e-01 -3.404685e+00
9.988647e-01 -6.835604e-05 -4.763788e-02 -4.564889e+00 -9.218864e-05 9.999943e-01 -3.367901e-03 2.392345e-01 4.763784e-02 3.368470e-03 9.988590e-01 -1.935817e+00
9.991356e-01 1.131403e-03 4.155344e-02 -4.525668e+00 -1.342292e-03 9.999864e-01 5.047586e-03 2.241214e-01 -4.154717e-02 -5.099001e-03 9.991235e-01 -1.333102e+00
9.986608e-01 -8.130491e-04 -5.173023e-02 -4.400561e+00 6.156351e-04 9.999925e-01 -3.832043e-03 2.115984e-01 5.173296e-02 3.795064e-03 9.986537e-01 -1.212175e+00
9.991369e-01 8.740780e-04 4.152939e-02 -4.301904e+00 -1.083587e-03 9.999868e-01 5.022589e-03 2.013101e-01 -4.152446e-02 -5.063255e-03 9.991247e-01 -1.140721e+00
9.988223e-01 -8.356381e-04 -4.851104e-02 -4.216990e+00 6.354754e-04 9.999912e-01 -4.141405e-03 1.968697e-01 4.851407e-02 4.105701e-03 9.988141e-01 -1.306283e+00
9.991593e-01 6.292948e-04 4.099205e-02 -4.040613e+00 -8.548061e-04 9.999846e-01 5.484043e-03 1.905708e-01 -4.098797e-02 -5.514473e-03 9.991444e-01 -1.496572e+00
9.986997e-01 -5.542663e-04 -5.097614e-02 -3.881559e+00 3.490673e-04 9.999918e-01 -4.034209e-03 1.775624e-01 5.097796e-02 4.011170e-03 9.986917e-01 -1.413916e+00
9.989153e-01 7.657344e-04 4.655891e-02 -3.913059e+00 -9.899205e-04 9.999880e-01 4.792236e-03 1.804993e-01 -4.655468e-02 -4.833128e-03 9.989041e-01 -1.639509e+00
9.987305e-01 -7.497185e-04 -5.036646e-02 -3.970374e+00 5.525016e-04 9.999921e-01 -3.929448e-03 1.843110e-01 5.036901e-02 3.896633e-03 9.987231e-01 -1.804809e+00
9.991664e-01 9.753442e-04 4.081078e-02 -3.903995e+00 -1.182514e-03 9.999865e-01 5.052521e-03 1.736803e-01 -4.080530e-02 -5.096569e-03 9.991541e-01 -1.667057e+00
9.987273e-01 -7.478099e-04 -5.042980e-02 -3.837645e+00 5.479895e-04 9.999919e-01 -3.976059e-03 1.634638e-01 5.043237e-02 3.943365e-03 9.987197e-01 -1.527592e+00
9.991849e-01 8.568131e-04 4.035867e-02 -3.720111e+00 -1.064814e-03 9.999863e-01 5.132603e-03 1.522640e-01 -4.035372e-02 -5.171394e-03 9.991721e-01 -1.434128e+00
9.988069e-01 -6.427946e-04 -4.882912e-02 -3.686337e+00 4.481319e-04 9.999919e-01 -3.997455e-03 1.467858e-01 4.883130e-02 3.970804e-03 9.987991e-01 -1.322800e+00
9.992390e-01 8.143010e-04 3.899772e-02 -3.548156e+00 -1.016211e-03 9.999862e-01 5.157931e-03 1.380293e-01 -3.899299e-02 -5.193636e-03 9.992260e-01 -1.347536e+00
9.987852e-01 -7.589298e-04 -4.926937e-02 -3.336347e+00 5.772200e-04 9.999930e-01 -3.702216e-03 1.256677e-01 4.927183e-02 3.669280e-03 9.987787e-01 -1.356768e+00
9.992053e-01 1.052761e-03 3.984529e-02 -3.251367e+00 -1.251594e-03 9.999869e-01 4.965487e-03 1.148624e-01 -3.983954e-02 -5.011412e-03 9.991935e-01 -1.165308e+00
9.987779e-01 -7.084324e-04 -4.941963e-02 -3.137128e+00 5.208639e-04 9.999926e-01 -3.808203e-03 1.022415e-01 4.942196e-02 3.777808e-03 9.987708e-01 -9.953208e-01
9.992534e-01 1.117465e-03 3.861807e-02 -2.914636e+00 -1.321665e-03 9.999853e-01 5.262554e-03 8.572050e-02 -3.861162e-02 -5.309666e-03 9.992402e-01 -8.549799e-01
9.989228e-01 -7.194521e-04 -4.639640e-02 -2.807073e+00 5.507027e-04 9.999932e-01 -3.649806e-03 7.615064e-02 4.639871e-02 3.620325e-03 9.989164e-01 -6.439635e-01
9.989440e-01 1.654437e-03 4.591526e-02 -2.960903e+00 -1.888408e-03 9.999855e-01 5.052805e-03 8.879343e-02 -4.590623e-02 -5.134177e-03 9.989326e-01 -4.509897e-01
9.984990e-01 -1.624232e-03 -5.474549e-02 -2.903575e+00 1.403279e-03 9.999907e-01 -4.074205e-03 8.188285e-02 5.475160e-02 3.991267e-03 9.984920e-01 -3.922028e-01
9.988745e-01 1.637424e-03 4.740239e-02 -2.910249e+00 -1.881567e-03 9.999852e-01 5.106257e-03 7.930351e-02 -4.739332e-02 -5.189701e-03 9.988628e-01 -3.622561e-01
9.985139e-01 -1.474670e-03 -5.447685e-02 -2.900528e+00 1.238544e-03 9.999897e-01 -4.367924e-03 7.695673e-02 5.448273e-02 4.293962e-03 9.985055e-01 -4.376245e-01
9.986826e-01 1.645533e-03 5.128739e-02 -2.890516e+00 -1.907577e-03 9.999854e-01 5.060791e-03 8.075279e-02 -5.127832e-02 -5.151959e-03 9.986711e-01 -7.233251e-01
9.986539e-01 -1.240903e-03 -5.185405e-02 -2.997040e+00 1.008490e-03 9.999893e-01 -4.507994e-03 9.061075e-02 5.185909e-02 4.449633e-03 9.986445e-01 -1.028989e+00
9.986066e-01 1.705427e-03 5.274484e-02 -3.132616e+00 -1.974358e-03 9.999853e-01 5.047043e-03 1.038248e-01 -5.273546e-02 -5.144148e-03 9.985953e-01 -1.380551e+00
9.981784e-01 -1.625227e-03 -6.030912e-02 -3.133036e+00 1.377935e-03 9.999905e-01 -4.141775e-03 9.921452e-02 6.031527e-02 4.051129e-03 9.981712e-01 -1.249457e+00
9.985019e-01 1.697939e-03 5.468993e-02 -3.202470e+00 -1.979678e-03 9.999850e-01 5.097799e-03 1.010486e-01 -5.468045e-02 -5.198431e-03 9.984904e-01 -1.217339e+00
9.981120e-01 -1.622799e-03 -6.139862e-02 -3.246293e+00 1.370433e-03 9.999904e-01 -4.152182e-03 1.012456e-01 6.140477e-02 4.060200e-03 9.981047e-01 -1.251761e+00
9.985781e-01 1.420368e-03 5.328945e-02 -3.222505e+00 -1.705138e-03 9.999845e-01 5.298735e-03 9.748330e-02 -5.328110e-02 -5.382067e-03 9.985650e-01 -1.270201e+00
9.979741e-01 -1.186879e-03 -6.361092e-02 -3.028800e+00 9.378437e-04 9.999918e-01 -3.944690e-03 8.290339e-02 6.361508e-02 3.877042e-03 9.979670e-01 -1.180952e+00
9.985996e-01 1.155787e-03 5.289183e-02 -2.689859e+00 -1.474928e-03 9.999809e-01 5.995207e-03 6.158251e-02 -5.288389e-02 -6.064824e-03 9.985823e-01 -1.036687e+00
9.980145e-01 -5.079481e-04 -6.298212e-02 -2.467022e+00 2.228269e-04 9.999897e-01 -4.533962e-03 4.386730e-02 6.298378e-02 4.510926e-03 9.980044e-01 -8.035162e-01
9.985823e-01 6.530305e-04 5.322625e-02 -2.335171e+00 -9.606535e-04 9.999830e-01 5.754153e-03 3.179354e-02 -5.322159e-02 -5.797128e-03 9.985659e-01 -6.911518e-01
9.981646e-01 -6.121291e-04 -6.055642e-02 -2.297009e+00 3.538461e-04 9.999908e-01 -4.275797e-03 2.692044e-02 6.055848e-02 4.246522e-03 9.981556e-01 -5.848596e-01
9.987598e-01 1.031655e-03 4.977724e-02 -2.007508e+00 -1.326108e-03 9.999818e-01 5.882753e-03 9.461290e-03 -4.977026e-02 -5.941468e-03 9.987430e-01 -5.017007e-01
9.981369e-01 -8.004515e-04 -6.100823e-02 -1.652626e+00 5.664748e-04 9.999924e-01 -3.852367e-03 -8.515355e-03 6.101085e-02 3.810631e-03 9.981298e-01 -4.652373e-01
9.987223e-01 1.586754e-03 5.051025e-02 -1.377904e+00 -1.871207e-03 9.999827e-01 5.584803e-03 -3.078625e-02 -5.050051e-02 -5.672183e-03 9.987079e-01 -2.064323e-01
9.981269e-01 -1.415788e-03 -6.116172e-02 -1.173976e+00 1.170966e-03 9.999912e-01 -4.038522e-03 -4.593838e-02 6.116690e-02 3.959340e-03 9.981197e-01 -1.080691e-01
9.987118e-01 1.450313e-03 5.072212e-02 -1.022060e+00 -1.723561e-03 9.999842e-01 5.343822e-03 -5.841557e-02 -5.071357e-02 -5.424361e-03 9.986985e-01 -3.187848e-02
9.981406e-01 -1.278552e-03 -6.094055e-02 -8.841195e-01 1.019408e-03 9.999903e-01 -4.283313e-03 -6.898154e-02 6.094544e-02 4.213226e-03 9.981322e-01 1.551323e-04
9.984249e-01 1.577716e-03 5.608250e-02 -7.786206e-01 -1.845230e-03 9.999872e-01 4.718547e-03 -6.864889e-02 -5.607433e-02 -4.814600e-03 9.984150e-01 -3.416638e-01
9.980262e-01 -1.339753e-03 -6.278448e-02 -6.807035e-01 1.079177e-03 9.999907e-01 -4.184060e-03 -7.073265e-02 6.278950e-02 4.108047e-03 9.980183e-01 -5.812719e-01
9.982800e-01 1.548225e-03 5.860641e-02 -5.738532e-01 -1.822615e-03 9.999876e-01 4.628740e-03 -6.961377e-02 -5.859852e-02 -4.727596e-03 9.982704e-01 -9.476245e-01
9.980634e-01 -1.299169e-03 -6.219168e-02 -4.462831e-01 1.038289e-03 9.999905e-01 -4.226913e-03 -6.788404e-02 6.219658e-02 4.154155e-03 9.980553e-01 -1.363131e+00
9.983920e-01 1.345742e-03 5.667160e-02 -2.992858e-01 -1.624937e-03 9.999868e-01 4.880741e-03 -6.918441e-02 -5.666428e-02 -4.964981e-03 9.983809e-01 -1.674393e+00
9.980568e-01 -1.076634e-03 -6.230151e-02 -1.713913e-01 8.036672e-04 9.999900e-01 -4.406277e-03 -7.057422e-02 6.230563e-02 4.347646e-03 9.980476e-01 -1.961400e+00
9.982681e-01 1.236080e-03 5.881521e-02 -8.968755e-02 -1.523607e-03 9.999871e-01 4.844060e-03 -6.820873e-02 -5.880847e-02 -4.925283e-03 9.982571e-01 -2.321877e+00
9.980327e-01 -1.121012e-03 -6.268484e-02 -5.880946e-02 8.392713e-04 9.999894e-01 -4.520719e-03 -6.596513e-02 6.268924e-02 4.459216e-03 9.980231e-01 -2.597828e+00
9.983974e-01 1.320026e-03 5.657625e-02 -6.469339e-04 -1.605264e-03 9.999862e-01 4.996510e-03 -6.760519e-02 -5.656887e-02 -5.079324e-03 9.983858e-01 -2.780174e+00
9.981340e-01 -8.936404e-04 -6.105532e-02 8.732867e-02 5.990891e-04 9.999881e-01 -4.842472e-03 -6.552456e-02 6.105892e-02 4.796859e-03 9.981226e-01 -3.153266e+00
9.981546e-01 1.286017e-03 6.070985e-02 1.599016e-01 -1.581750e-03 9.999871e-01 4.823442e-03 -5.842320e-02 -6.070287e-02 -4.910569e-03 9.981438e-01 -3.689986e+00
9.981424e-01 -8.162197e-04 -6.091855e-02 1.850129e-01 5.302852e-04 9.999888e-01 -4.709741e-03 -5.132182e-02 6.092171e-02 4.668689e-03 9.981316e-01 -4.189359e+00
9.981646e-01 1.163839e-03 6.054857e-02 2.869988e-01 -1.481294e-03 9.999854e-01 5.198351e-03 -4.737262e-02 -6.054164e-02 -5.278500e-03 9.981517e-01 -4.726457e+00
9.977736e-01 -1.039329e-03 -6.668403e-02 3.299912e-01 7.731518e-04 9.999916e-01 -4.017307e-03 -6.073033e-02 6.668764e-02 3.956807e-03 9.977661e-01 -4.387120e+00
9.981461e-01 2.090142e-03 6.082693e-02 4.153938e-01 -2.443502e-03 9.999806e-01 5.735464e-03 -8.281867e-02 -6.081376e-02 -5.873463e-03 9.981318e-01 -3.644658e+00
9.977162e-01 -1.329675e-03 -6.753201e-02 4.881345e-01 1.048536e-03 9.999906e-01 -4.198328e-03 -1.028511e-01 6.753696e-02 4.117931e-03 9.977083e-01 -3.116626e+00
9.979387e-01 2.324590e-03 6.413284e-02 5.244783e-01 -2.713121e-03 9.999785e-01 5.971786e-03 -1.245298e-01 -6.411758e-02 -6.133477e-03 9.979235e-01 -2.228475e+00
9.974724e-01 -8.673145e-04 -7.105010e-02 9.439259e-01 6.381327e-04 9.999945e-01 -3.248275e-03 -1.437108e-01 7.105253e-02 3.194726e-03 9.974675e-01 -2.252614e+00
9.974372e-01 7.029228e-04 7.154370e-02 1.324191e+00 -1.082910e-03 9.999855e-01 5.272612e-03 -1.412231e-01 -7.153896e-02 -5.336575e-03 9.974235e-01 -3.146288e+00
9.972886e-01 -5.777942e-04 -7.358698e-02 1.424245e+00 2.404964e-04 9.999894e-01 -4.592443e-03 -1.379052e-01 7.358885e-02 4.562294e-03 9.972782e-01 -3.620445e+00
9.971349e-01 1.160650e-03 7.563532e-02 1.366094e+00 -1.526725e-03 9.999874e-01 4.782351e-03 -1.257300e-01 -7.562882e-02 -4.884124e-03 9.971241e-01 -4.150132e+00
9.968564e-01 -1.472522e-03 -7.921614e-02 1.398324e+00 1.166113e-03 9.999917e-01 -3.914147e-03 -1.236507e-01 7.922124e-02 3.809468e-03 9.968498e-01 -4.408340e+00
9.976543e-01 1.651327e-03 6.843375e-02 1.594464e+00 -2.023381e-03 9.999835e-01 5.367737e-03 -1.388211e-01 -6.842377e-02 -5.493614e-03 9.976412e-01 -4.301961e+00
9.970577e-01 -1.643971e-03 -7.663658e-02 1.774566e+00 1.318835e-03 9.999899e-01 -4.292982e-03 -1.466063e-01 7.664286e-02 4.179280e-03 9.970499e-01 -4.444053e+00
9.976568e-01 1.534299e-03 6.839951e-02 1.892977e+00 -1.901620e-03 9.999841e-01 5.305423e-03 -1.553755e-01 -6.839028e-02 -5.423062e-03 9.976439e-01 -4.436830e+00
9.969949e-01 -1.286378e-03 -7.745707e-02 1.971803e+00 9.500595e-04 9.999900e-01 -4.378697e-03 -1.644972e-01 7.746193e-02 4.291950e-03 9.969861e-01 -4.352607e+00
9.974994e-01 1.488739e-03 7.065927e-02 2.049840e+00 -1.836579e-03 9.999865e-01 4.858061e-03 -1.663803e-01 -7.065108e-02 -4.975685e-03 9.974887e-01 -4.587406e+00
9.971834e-01 -1.454647e-03 -7.498827e-02 2.114634e+00 1.142352e-03 9.999905e-01 -4.207308e-03 -1.646875e-01 7.499368e-02 4.109796e-03 9.971755e-01 -4.873976e+00
9.978401e-01 1.147499e-03 6.568008e-02 2.197153e+00 -1.500612e-03 9.999847e-01 5.327169e-03 -1.722970e-01 -6.567296e-02 -5.414224e-03 9.978265e-01 -4.842625e+00
9.975399e-01 -1.035816e-03 -7.009347e-02 2.181014e+00 7.133506e-04 9.999890e-01 -4.625389e-03 -1.695664e-01 7.009749e-02 4.564009e-03 9.975297e-01 -5.043330e+00
9.979402e-01 9.351187e-04 6.414387e-02 2.150624e+00 -1.300729e-03 9.999831e-01 5.658327e-03 -1.684573e-01 -6.413749e-02 -5.730107e-03 9.979246e-01 -5.144409e+00
9.973605e-01 -1.032532e-03 -7.260168e-02 2.242197e+00 6.977225e-04 9.999890e-01 -4.636801e-03 -1.749612e-01 7.260567e-02 4.573907e-03 9.973502e-01 -5.222244e+00
9.980545e-01 7.474295e-04 6.234325e-02 2.421405e+00 -1.126427e-03 9.999811e-01 6.044274e-03 -1.856659e-01 -6.233755e-02 -6.102741e-03 9.980365e-01 -5.262018e+00
9.975328e-01 -3.208626e-04 -7.020083e-02 2.763189e+00 -3.388510e-05 9.999872e-01 -5.052080e-03 -1.945758e-01 7.020156e-02 5.041995e-03 9.975201e-01 -5.543059e+00
9.979016e-01 1.250566e-03 6.473606e-02 3.394477e+00 -1.664304e-03 9.999785e-01 6.337613e-03 -1.950267e-01 -6.472674e-02 -6.432055e-03 9.978823e-01 -6.410768e+00
9.981278e-01 -2.058811e-04 -6.116268e-02 4.174575e+00 -1.003646e-04 9.999875e-01 -5.003957e-03 -1.969127e-01 6.116294e-02 5.000728e-03 9.981153e-01 -7.656441e+00
9.965903e-01 1.862663e-03 8.248773e-02 5.020483e+00 -2.296765e-03 9.999840e-01 5.168040e-03 -1.715901e-01 -8.247678e-02 -5.339874e-03 9.965787e-01 -1.009785e+01
9.984844e-01 -5.741318e-04 -5.503274e-02 5.475131e+00 2.016941e-04 9.999770e-01 -6.772885e-03 -1.295094e-01 5.503536e-02 6.751520e-03 9.984616e-01 -1.250802e+01
9.974779e-01 1.030325e-03 7.097014e-02 5.565783e+00 -1.478633e-03 9.999793e-01 6.264604e-03 -9.847920e-02 -7.096221e-02 -6.353744e-03 9.974588e-01 -1.383591e+01
9.979267e-01 -3.705998e-04 -6.436021e-02 5.551474e+00 -6.239657e-05 9.999774e-01 -6.725566e-03 -8.112486e-02 6.436125e-02 6.715638e-03 9.979041e-01 -1.458803e+01
9.976736e-01 7.272260e-04 6.816849e-02 5.568730e+00 -1.185769e-03 9.999769e-01 6.686387e-03 -6.813268e-02 -6.816205e-02 -6.751664e-03 9.976514e-01 -1.524398e+01
9.972725e-01 -8.494024e-04 -7.380283e-02 5.625416e+00 3.976810e-04 9.999811e-01 -6.135134e-03 -6.977844e-02 7.380664e-02 6.089051e-03 9.972540e-01 -1.543095e+01
9.979359e-01 6.125923e-04 6.421565e-02 5.698616e+00 -1.074746e-03 9.999738e-01 7.162601e-03 -7.638453e-02 -6.420957e-02 -7.216833e-03 9.979103e-01 -1.546153e+01
9.972702e-01 -9.668633e-04 -7.383173e-02 5.788076e+00 5.195761e-04 9.999814e-01 -6.077166e-03 -8.408753e-02 7.383623e-02 6.022216e-03 9.972522e-01 -1.546222e+01
9.979417e-01 1.019912e-03 6.412020e-02 5.855976e+00 -1.480365e-03 9.999735e-01 7.133991e-03 -9.393835e-02 -6.411122e-02 -7.214229e-03 9.979167e-01 -1.533501e+01
9.976284e-01 -8.004373e-04 -6.882571e-02 6.037140e+00 3.489087e-04 9.999783e-01 -6.572238e-03 -9.478254e-02 6.882948e-02 6.532638e-03 9.976071e-01 -1.572504e+01
9.956760e-01 1.722716e-03 9.287830e-02 5.521392e+00 -2.376376e-03 9.999732e-01 6.927676e-03 -3.915296e-02 -9.286388e-02 -7.118435e-03 9.956534e-01 -1.662155e+01
9.976469e-01 -1.008043e-04 -6.856175e-02 4.727245e+00 -3.372403e-04 9.999796e-01 -6.377451e-03 3.265104e-02 6.856099e-02 6.385566e-03 9.976265e-01 -1.718296e+01
9.973425e-01 6.803092e-04 7.285256e-02 4.661971e+00 -1.143546e-03 9.999794e-01 6.317031e-03 4.787729e-02 -7.284676e-02 -6.383554e-03 9.973227e-01 -1.780329e+01
9.987372e-01 6.708954e-04 -5.023591e-02 4.320753e+00 -1.046744e-03 9.999717e-01 -7.455736e-03 9.371606e-02 5.022948e-02 7.498906e-03 9.987096e-01 -1.903500e+01
9.980960e-01 -4.324241e-05 6.167913e-02 4.181412e+00 -4.134245e-04 9.999726e-01 7.391128e-03 1.221523e-01 -6.167776e-02 -7.402556e-03 9.980687e-01 -1.989234e+01
9.976862e-01 -2.141834e-05 -6.798776e-02 4.300823e+00 -4.363792e-04 9.999773e-01 -6.718673e-03 1.201537e-01 6.798637e-02 6.732796e-03 9.976635e-01 -2.014217e+01
9.983336e-01 -4.211651e-04 5.770460e-02 4.521748e+00 -4.688944e-05 9.999671e-01 8.109618e-03 1.066493e-01 -5.770612e-02 -8.098811e-03 9.983008e-01 -2.010566e+01
9.977525e-01 5.251605e-04 -6.700499e-02 4.686830e+00 -9.985183e-04 9.999748e-01 -7.031224e-03 9.717736e-02 6.699961e-02 7.082328e-03 9.977279e-01 -2.014543e+01
9.980085e-01 -5.455094e-04 6.307694e-02 4.850482e+00 5.613481e-05 9.999699e-01 7.759884e-03 9.618050e-02 -6.307927e-02 -7.740890e-03 9.979785e-01 -2.053712e+01
9.976093e-01 2.257336e-04 -6.910623e-02 5.140393e+00 -6.588817e-04 9.999803e-01 -6.245132e-03 8.941531e-02 6.910346e-02 6.275735e-03 9.975898e-01 -2.091083e+01
9.979821e-01 1.453164e-05 6.349657e-02 5.362020e+00 -4.671484e-04 9.999746e-01 7.113364e-03 8.501789e-02 -6.349485e-02 -7.128672e-03 9.979567e-01 -2.126089e+01
9.981107e-01 2.917939e-04 -6.144019e-02 5.440038e+00 -7.276394e-04 9.999747e-01 -7.071566e-03 9.550053e-02 6.143657e-02 7.102913e-03 9.980857e-01 -2.192201e+01
9.982050e-01 -2.256538e-04 5.988984e-02 5.523699e+00 -2.194702e-04 9.999724e-01 7.425692e-03 1.006324e-01 -5.988986e-02 -7.425507e-03 9.981774e-01 -2.237847e+01
9.977650e-01 -1.724284e-06 -6.681999e-02 5.685859e+00 -4.350457e-04 9.999786e-01 -6.521968e-03 9.592360e-02 6.681857e-02 6.536462e-03 9.977437e-01 -2.261333e+01
9.983288e-01 -1.923043e-04 5.778931e-02 5.899742e+00 -2.613731e-04 9.999692e-01 7.842877e-03 8.477137e-02 -5.778904e-02 -7.844875e-03 9.982980e-01 -2.265869e+01
9.983517e-01 4.987627e-04 -5.739019e-02 5.960247e+00 -9.392299e-04 9.999703e-01 -7.648243e-03 9.177699e-02 5.738467e-02 7.689540e-03 9.983225e-01 -2.319613e+01
9.966868e-01 1.423234e-03 8.132235e-02 6.016996e+00 -1.948245e-03 9.999778e-01 6.376941e-03 1.307984e-01 -8.131147e-02 -6.514250e-03 9.966675e-01 -2.498614e+01
9.983077e-01 -6.548484e-04 -5.814947e-02 6.326234e+00 2.337720e-04 9.999737e-01 -7.247786e-03 1.674540e-01 5.815269e-02 7.221928e-03 9.982816e-01 -2.698415e+01
