9.999800e-01 7.801710e-04 -6.271511e-03 8.070239e-02 -7.731768e-04 9.999991e-01 1.117590e-03 -1.401639e-02 6.272377e-03 -1.112719e-03 9.999797e-01 4.144959e-01
9.999989e-01 4.382454e-04 1.429340e-03 1.163828e-01 -4.389878e-04 9.999998e-01 5.191371e-04 -3.242968e-02 -1.429112e-03 -5.197633e-04 9.999988e-01 1.220425e+00
9.999672e-01 2.649769e-04 -8.090410e-03 1.665344e-01 -2.600094e-04 9.999998e-01 6.150521e-04 -4.531252e-02 8.090571e-03 -6.129291e-04 9.999671e-01 1.664522e+00
9.999981e-01 1.942463e-04 1.917088e-03 1.681064e-01 -1.953696e-04 9.999998e-01 5.857641e-04 -5.240129e-02 -1.916974e-03 -5.861369e-04 9.999980e-01 2.022616e+00
9.999851e-01 5.910415e-04 -5.424548e-03 2.052823e-01 -5.921010e-04 9.999998e-01 -1.936932e-04 -5.356707e-02 5.424433e-03 1.969015e-04 9.999853e-01 1.931866e+00
1.000000e+00 1.644135e-04 -1.762369e-04 2.652751e-01 -1.641951e-04 9.999992e-01 1.238295e-03 -6.555054e-02 1.764407e-04 -1.238265e-03 9.999992e-01 2.321634e+00
9.999874e-01 8.213088e-04 -4.945903e-03 3.062704e-01 -8.196220e-04 9.999996e-01 3.430798e-04 -8.423213e-02 4.946182e-03 -3.390224e-04 9.999877e-01 3.105324e+00
9.999994e-01 2.958774e-04 1.048681e-03 3.268485e-01 -2.972722e-04 9.999991e-01 1.330145e-03 -1.027345e-01 -1.048286e-03 -1.330455e-03 9.999986e-01 3.940522e+00
9.999797e-01 7.873275e-04 -6.318499e-03 3.542687e-01 -7.861322e-04 9.999997e-01 1.916516e-04 -1.187306e-01 6.318647e-03 -1.866813e-04 9.999800e-01 4.648023e+00
9.999979e-01 2.088648e-04 2.028431e-03 3.577685e-01 -2.116018e-04 9.999991e-01 1.349261e-03 -1.321271e-01 -2.028147e-03 -1.349686e-03 9.999970e-01 5.345465e+00
9.999659e-01 5.999083e-04 -8.241160e-03 3.751376e-01 -5.997679e-04 9.999998e-01 1.952183e-05 -1.442521e-01 8.241170e-03 -1.457910e-05 9.999660e-01 5.876756e+00
9.999998e-01 1.852240e-04 5.993286e-04 4.333942e-01 -1.859169e-04 9.999993e-01 1.156398e-03 -1.566804e-01 -5.991136e-04 -1.156508e-03 9.999992e-01 6.266711e+00
9.999710e-01 7.203028e-04 -7.580825e-03 5.276481e-01 -7.232493e-04 9.999997e-01 -3.859308e-04 -1.656223e-01 7.580544e-03 3.914017e-04 9.999712e-01 6.475114e+00
9.999999e-01 5.699097e-06 4.604228e-04 5.814737e-01 -6.380897e-06 9.999989e-01 1.480932e-03 -1.783758e-01 -4.604136e-04 -1.480934e-03 9.999988e-01 6.907565e+00
9.999734e-01 7.244483e-04 -7.256983e-03 6.100098e-01 -7.265149e-04 9.999997e-01 -2.821370e-04 -1.903027e-01 7.256776e-03 2.874011e-04 9.999736e-01 7.374205e+00
9.999975e-01 1.728844e-04 2.215393e-03 6.107262e-01 -1.766215e-04 9.999986e-01 1.686826e-03 -2.015589e-01 -2.215097e-03 -1.687212e-03 9.999961e-01 7.974741e+00
9.999896e-01 1.061406e-03 -4.440786e-03 5.851725e-01 -1.060969e-03 9.999994e-01 1.007088e-04 -2.141513e-01 4.440890e-03 -9.599696e-05 9.999901e-01 8.853591e+00
9.999971e-01 4.207267e-04 2.374673e-03 5.626061e-01 -4.245479e-04 9.999986e-01 1.608874e-03 -2.286039e-01 -2.373992e-03 -1.609877e-03 9.999959e-01 9.806643e+00
9.999793e-01 5.636546e-04 -6.410656e-03 5.602036e-01 -5.652805e-04 9.999998e-01 -2.518162e-04 -2.394193e-01 6.410512e-03 2.554341e-04 9.999794e-01 1.045402e+01
9.999939e-01 9.630034e-04 3.356862e-03 5.758944e-01 -9.698841e-04 9.999974e-01 2.048718e-03 -2.581971e-01 -3.354880e-03 -2.051960e-03 9.999923e-01 1.141835e+01
9.999459e-01 1.215779e-04 -1.039996e-02 6.648620e-01 -1.326785e-04 9.999994e-01 -1.066678e-03 -2.726217e-01 1.039983e-02 1.068000e-03 9.999453e-01 1.183878e+01
9.999925e-01 6.426237e-04 3.813534e-03 7.083758e-01 -6.517722e-04 9.999969e-01 2.398210e-03 -2.872727e-01 -3.811981e-03 -2.400677e-03 9.999899e-01 1.235869e+01
9.999332e-01 1.473214e-04 -1.155756e-02 7.669019e-01 -1.623355e-04 9.999991e-01 -1.298138e-03 -3.001151e-01 1.155736e-02 1.299927e-03 9.999324e-01 1.273320e+01
9.999855e-01 3.420021e-04 5.365674e-03 7.598408e-01 -3.556571e-04 9.999967e-01 2.544160e-03 -3.084230e-01 -5.364786e-03 -2.546030e-03 9.999824e-01 1.317432e+01
9.999555e-01 2.816208e-04 -9.431603e-03 7.345185e-01 -2.964022e-04 9.999987e-01 -1.565849e-03 -3.112968e-01 9.431150e-03 1.568574e-03 9.999543e-01 1.348178e+01
9.999964e-01 5.641481e-04 2.626788e-03 7.993585e-01 -5.700805e-04 9.999973e-01 2.258258e-03 -3.211507e-01 -2.625506e-03 -2.259747e-03 9.999940e-01 1.374387e+01
9.999620e-01 5.334607e-04 -8.695809e-03 8.550537e-01 -5.461810e-04 9.999988e-01 -1.460490e-03 -3.337876e-01 8.695019e-03 1.465183e-03 9.999611e-01 1.414623e+01
9.999979e-01 3.835150e-04 1.993730e-03 9.322054e-01 -3.881432e-04 9.999972e-01 2.321512e-03 -3.468539e-01 -1.992834e-03 -2.322280e-03 9.999953e-01 1.451877e+01
9.999596e-01 4.621975e-04 -8.979564e-03 9.896923e-01 -4.725401e-04 9.999992e-01 -1.149704e-03 -3.627289e-01 8.979025e-03 1.153900e-03 9.999590e-01 1.505869e+01
9.999984e-01 5.763071e-04 1.683059e-03 1.109774e+00 -5.794242e-04 9.999981e-01 1.852191e-03 -3.726269e-01 -1.681988e-03 -1.853162e-03 9.999969e-01 1.521393e+01
9.999523e-01 4.312507e-04 -9.753535e-03 1.228547e+00 -4.411648e-04 9.999994e-01 -1.014325e-03 -3.837903e-01 9.753091e-03 1.018579e-03 9.999519e-01 1.541777e+01
9.999966e-01 6.409503e-04 2.528467e-03 1.380451e+00 -6.449996e-04 9.999985e-01 1.601037e-03 -3.944352e-01 -2.527437e-03 -1.602662e-03 9.999955e-01 1.556054e+01
9.999656e-01 2.383001e-04 -8.296868e-03 1.424097e+00 -2.398601e-04 1.000000e+00 -1.870220e-04 -4.113954e-01 8.296822e-03 1.890049e-04 9.999656e-01 1.618608e+01
9.999799e-01 1.431499e-03 6.177734e-03 1.446965e+00 -1.444352e-03 9.999968e-01 2.076651e-03 -4.343931e-01 -6.174741e-03 -2.085531e-03 9.999788e-01 1.727460e+01
9.999370e-01 -9.338132e-06 -1.122606e-02 1.501533e+00 4.642212e-06 9.999999e-01 -4.183237e-04 -4.547327e-01 1.122607e-02 4.182445e-04 9.999369e-01 1.808768e+01
9.999692e-01 1.337801e-03 7.735193e-03 1.534020e+00 -1.354608e-03 9.999967e-01 2.168080e-03 -4.762319e-01 -7.732267e-03 -2.178491e-03 9.999677e-01 1.902174e+01
9.999220e-01 -1.286772e-04 -1.249151e-02 1.576255e+00 1.215012e-04 9.999998e-01 -5.752172e-04 -4.960666e-01 1.249158e-02 5.736538e-04 9.999218e-01 1.983125e+01
9.999688e-01 1.282056e-03 7.800080e-03 1.618647e+00 -1.298991e-03 9.999968e-01 2.166505e-03 -5.157366e-01 -7.797278e-03 -2.176569e-03 9.999672e-01 2.063778e+01
9.999196e-01 -1.129280e-04 -1.268199e-02 1.662265e+00 1.054121e-04 9.999998e-01 -5.933081e-04 -5.353221e-01 1.268205e-02 5.919229e-04 9.999194e-01 2.142279e+01
9.999691e-01 1.129101e-03 7.777065e-03 1.699348e+00 -1.145972e-03 9.999970e-01 2.165253e-03 -5.538429e-01 -7.774597e-03 -2.174097e-03 9.999674e-01 2.216802e+01
9.999100e-01 -1.293808e-04 -1.341216e-02 1.743788e+00 1.204080e-04 9.999998e-01 -6.698058e-04 -5.721699e-01 1.341224e-02 6.681299e-04 9.999098e-01 2.286478e+01
9.999682e-01 1.153068e-03 7.891045e-03 1.788221e+00 -1.170651e-03 9.999968e-01 2.224010e-03 -5.904561e-01 -7.888455e-03 -2.233176e-03 9.999664e-01 2.358211e+01
9.999006e-01 -2.992188e-04 -1.409612e-02 1.832227e+00 2.883453e-04 9.999997e-01 -7.734080e-04 -6.070987e-01 1.409635e-02 7.692658e-04 9.999003e-01 2.419648e+01
9.999664e-01 1.083114e-03 8.123094e-03 1.875664e+00 -1.101276e-03 9.999969e-01 2.231719e-03 -6.243000e-01 -8.120651e-03 -2.240589e-03 9.999645e-01 2.483758e+01
9.999051e-01 -1.446590e-04 -1.377325e-02 1.922657e+00 1.350897e-04 9.999997e-01 -6.956939e-04 -6.428347e-01 1.377335e-02 6.937665e-04 9.999049e-01 2.553056e+01
9.999684e-01 8.616837e-04 7.899479e-03 1.974675e+00 -8.785597e-04 9.999973e-01 2.133130e-03 -6.601412e-01 -7.897619e-03 -2.140002e-03 9.999665e-01 2.615444e+01
9.999125e-01 1.022769e-04 -1.323114e-02 2.022741e+00 -1.099792e-04 9.999998e-01 -5.814063e-04 -6.803732e-01 1.323108e-02 5.828098e-04 9.999123e-01 2.694005e+01
9.999702e-01 8.166967e-04 7.678671e-03 2.069289e+00 -8.328129e-04 9.999975e-01 2.095874e-03 -6.988842e-01 -7.676939e-03 -2.102206e-03 9.999683e-01 2.764576e+01
9.999381e-01 2.434675e-04 -1.112735e-02 2.097513e+00 -2.479357e-04 9.999999e-01 -4.001652e-04 -7.197412e-01 1.112725e-02 4.028985e-04 9.999380e-01 2.854603e+01
9.999788e-01 1.069265e-03 6.426067e-03 2.145916e+00 -1.082930e-03 9.999972e-01 2.123512e-03 -7.400095e-01 -6.423778e-03 -2.130425e-03 9.999771e-01 2.938164e+01
9.999044e-01 -1.978987e-04 -1.382566e-02 2.210525e+00 1.869489e-04 9.999997e-01 -7.932735e-04 -7.567116e-01 1.382581e-02 7.906122e-04 9.999041e-01 2.991981e+01
9.999763e-01 8.675272e-04 6.829206e-03 2.257037e+00 -8.822955e-04 9.999973e-01 2.159809e-03 -7.718668e-01 -6.827313e-03 -2.165782e-03 9.999743e-01 3.042443e+01
9.999104e-01 -1.733926e-04 -1.338429e-02 2.311589e+00 1.607984e-04 9.999995e-01 -9.420315e-04 -7.861914e-01 1.338445e-02 9.397942e-04 9.999100e-01 3.091506e+01
9.999786e-01 1.344622e-03 6.397416e-03 2.409320e+00 -1.354576e-03 9.999979e-01 1.551964e-03 -7.965441e-01 -6.395315e-03 -1.560596e-03 9.999783e-01 3.110087e+01
9.999798e-01 -6.376477e-04 -6.319968e-03 2.537170e+00 6.254106e-04 9.999979e-01 -1.938019e-03 -7.898826e-01 6.321190e-03 1.934027e-03 9.999782e-01 3.049634e+01
9.999742e-01 1.664167e-03 6.987191e-03 2.672114e+00 -1.674433e-03 9.999975e-01 1.463617e-03 -7.807609e-01 -6.984738e-03 -1.475278e-03 9.999745e-01 2.978566e+01
9.999512e-01 -8.922620e-04 -9.834764e-03 2.735394e+00 8.808546e-04 9.999989e-01 -1.164168e-03 -7.889902e-01 9.835792e-03 1.155447e-03 9.999510e-01 2.997182e+01
9.999783e-01 2.237898e-03 6.192526e-03 2.760482e+00 -2.255837e-03 9.999933e-01 2.891492e-03 -8.084146e-01 -6.186013e-03 -2.905398e-03 9.999766e-01 3.084964e+01
9.999473e-01 -9.224820e-04 -1.022683e-02 2.779789e+00 9.100660e-04 9.999988e-01 -1.218643e-03 -8.258274e-01 1.022794e-02 1.209271e-03 9.999470e-01 3.164344e+01
9.999877e-01 1.851122e-03 4.608741e-03 2.804527e+00 -1.863647e-03 9.999946e-01 2.714869e-03 -8.405073e-01 -4.603690e-03 -2.723424e-03 9.999857e-01 3.227831e+01
9.999461e-01 -6.869443e-04 -1.036268e-02 2.838170e+00 6.759294e-04 9.999992e-01 -1.066385e-03 -8.564001e-01 1.036341e-02 1.059323e-03 9.999457e-01 3.288247e+01
9.999805e-01 1.540102e-03 6.049011e-03 2.903761e+00 -1.550351e-03 9.999974e-01 1.690068e-03 -8.667205e-01 -6.046392e-03 -1.699413e-03 9.999803e-01 3.316742e+01
9.999365e-01 -5.609981e-04 -1.125393e-02 2.932595e+00 5.593680e-04 9.999998e-01 -1.479762e-04 -8.830450e-01 1.125401e-02 1.416710e-04 9.999367e-01 3.385693e+01
9.999767e-01 1.727185e-03 6.607216e-03 2.960733e+00 -1.739096e-03 9.999969e-01 1.797380e-03 -9.000027e-01 -6.604091e-03 -1.808828e-03 9.999766e-01 3.456782e+01
9.999535e-01 -9.800462e-04 -9.589220e-03 2.916782e+00 9.733531e-04 9.999993e-01 -7.026100e-04 -9.056954e-01 9.589902e-03 6.932429e-04 9.999538e-01 3.488676e+01
9.999889e-01 2.301432e-03 4.111026e-03 2.978524e+00 -2.306592e-03 9.999966e-01 1.250967e-03 -9.106915e-01 -4.108133e-03 -1.260434e-03 9.999908e-01 3.489187e+01
9.999492e-01 -1.738103e-03 -9.930443e-03 3.021600e+00 1.735454e-03 9.999985e-01 -2.753730e-04 -9.221678e-01 9.930906e-03 2.581244e-04 9.999507e-01 3.524612e+01
9.999772e-01 2.971168e-03 6.060740e-03 3.039277e+00 -2.983163e-03 9.999936e-01 1.971132e-03 -9.400244e-01 -6.054845e-03 -1.989166e-03 9.999797e-01 3.606940e+01
9.999521e-01 -1.430934e-03 -9.679219e-03 3.060785e+00 1.429440e-03 9.999990e-01 -1.612363e-04 -9.586415e-01 9.679439e-03 1.473921e-04 9.999531e-01 3.692246e+01
9.999777e-01 2.863202e-03 6.025262e-03 3.074902e+00 -2.875128e-03 9.999939e-01 1.971692e-03 -9.766424e-01 -6.019580e-03 -1.988971e-03 9.999799e-01 3.777803e+01
9.999458e-01 -1.607862e-03 -1.028682e-02 3.111048e+00 1.604863e-03 9.999987e-01 -2.998389e-04 -9.966746e-01 1.028728e-02 2.833130e-04 9.999470e-01 3.861418e+01
9.999716e-01 3.138068e-03 6.852936e-03 3.145263e+00 -3.152557e-03 9.999928e-01 2.104575e-03 -1.018099e+00 -6.846282e-03 -2.126118e-03 9.999743e-01 3.955807e+01
9.999506e-01 -1.451068e-03 -9.832048e-03 3.156783e+00 1.449556e-03 9.999989e-01 -1.608571e-04 -1.037872e+00 9.832271e-03 1.465963e-04 9.999517e-01 4.051315e+01
9.999800e-01 2.938406e-03 5.605227e-03 3.193427e+00 -2.949362e-03 9.999938e-01 1.947286e-03 -1.057953e+00 -5.599470e-03 -1.963778e-03 9.999824e-01 4.135755e+01
9.999472e-01 -1.707867e-03 -1.013332e-02 3.227087e+00 1.705322e-03 9.999985e-01 -2.597780e-04 -1.077143e+00 1.013375e-02 2.424830e-04 9.999486e-01 4.214438e+01
9.999733e-01 3.274310e-03 6.531999e-03 3.252664e+00 -3.288075e-03 9.999924e-01 2.097621e-03 -1.097038e+00 -6.525081e-03 -2.119042e-03 9.999765e-01 4.304949e+01
9.999053e-01 -2.249265e-03 -1.357477e-02 3.305835e+00 2.241119e-03 9.999973e-01 -6.152806e-04 -1.113127e+00 1.357612e-02 5.847990e-04 9.999077e-01 4.358391e+01
9.999659e-01 2.931074e-03 7.722968e-03 3.345653e+00 -2.947672e-03 9.999934e-01 2.138695e-03 -1.129173e+00 -7.716648e-03 -2.161386e-03 9.999679e-01 4.414351e+01
9.999086e-01 -1.703567e-03 -1.340942e-02 3.395049e+00 1.696057e-03 9.999984e-01 -5.713273e-04 -1.147664e+00 1.341037e-02 5.485313e-04 9.999099e-01 4.484443e+01
9.999776e-01 2.592982e-03 6.163442e-03 3.467228e+00 -2.603072e-03 9.999953e-01 1.629778e-03 -1.161746e+00 -6.159186e-03 -1.645785e-03 9.999797e-01 4.523243e+01
9.999122e-01 -1.116588e-03 -1.320317e-02 3.560344e+00 1.104998e-03 9.999990e-01 -8.850460e-04 -1.172781e+00 1.320415e-02 8.703781e-04 9.999124e-01 4.546664e+01
9.999529e-01 1.782758e-03 9.539335e-03 3.630929e+00 -1.795037e-03 9.999976e-01 1.278804e-03 -1.179332e+00 -9.537031e-03 -1.295866e-03 9.999537e-01 4.550129e+01
9.998610e-01 -8.906981e-04 -1.664695e-02 3.683582e+00 8.917114e-04 9.999996e-01 5.345443e-05 -1.195353e+00 1.664689e-02 -6.829198e-05 9.998614e-01 4.601441e+01
9.999503e-01 1.623101e-03 9.831983e-03 3.725110e+00 -1.634197e-03 9.999980e-01 1.120598e-03 -1.207997e+00 -9.830145e-03 -1.136609e-03 9.999510e-01 4.639680e+01
9.998594e-01 -5.045736e-04 -1.676228e-02 3.804931e+00 4.976542e-04 9.999998e-01 -4.169513e-04 -1.212427e+00 1.676249e-02 4.085501e-04 9.998594e-01 4.632283e+01
9.999526e-01 1.126238e-03 9.669010e-03 3.891553e+00 -1.139938e-03 9.999984e-01 1.411509e-03 -1.223287e+00 -9.667404e-03 -1.422463e-03 9.999523e-01 4.656712e+01
9.998547e-01 -2.965110e-04 -1.704162e-02 3.948847e+00 2.958342e-04 1.000000e+00 -4.222358e-05 -1.239011e+00 1.704163e-02 3.717525e-05 9.998548e-01 4.704067e+01
9.999463e-01 1.114889e-03 1.030291e-02 3.996916e+00 -1.130238e-03 9.999983e-01 1.484171e-03 -1.254814e+00 -1.030124e-02 -1.495735e-03 9.999458e-01 4.755960e+01
9.998786e-01 5.665740e-05 -1.558414e-02 4.025547e+00 -5.508895e-05 1.000000e+00 1.010843e-04 -1.270587e+00 1.558415e-02 -1.002142e-04 9.998786e-01 4.818539e+01
9.999562e-01 9.979446e-04 9.309123e-03 4.067923e+00 -1.011478e-03 9.999984e-01 1.449183e-03 -1.286264e+00 -9.307662e-03 -1.458535e-03 9.999556e-01 4.874802e+01
9.998511e-01 -2.631611e-04 -1.725656e-02 4.138028e+00 2.584452e-04 9.999999e-01 -2.755049e-04 -1.300366e+00 1.725663e-02 2.710033e-04 9.998511e-01 4.910952e+01
9.999512e-01 1.012907e-03 9.831886e-03 4.187615e+00 -1.029370e-03 9.999981e-01 1.669556e-03 -1.315162e+00 -9.830176e-03 -1.679594e-03 9.999503e-01 4.957508e+01
9.998599e-01 -1.611701e-04 -1.673874e-02 4.231527e+00 1.584040e-04 1.000000e+00 -1.665661e-04 -1.330907e+00 1.673876e-02 1.638906e-04 9.998599e-01 5.013030e+01
9.999356e-01 1.600113e-03 1.123769e-02 4.284123e+00 -1.608170e-03 9.999985e-01 7.080423e-04 -1.339618e+00 -1.123654e-02 -7.260681e-04 9.999366e-01 5.031686e+01
9.999064e-01 -3.229791e-04 -1.367880e-02 4.309829e+00 3.108010e-04 9.999996e-01 -8.923872e-04 -1.338269e+00 1.367908e-02 8.880516e-04 9.999060e-01 5.002962e+01
9.999486e-01 1.767286e-03 9.984214e-03 4.364938e+00 -1.776317e-03 9.999980e-01 8.957878e-04 -1.340103e+00 -9.982611e-03 -9.134762e-04 9.999498e-01 4.986812e+01
9.999863e-01 -5.677267e-04 -5.200049e-03 4.592728e+00 5.627316e-04 9.999994e-01 -9.619582e-04 -1.330667e+00 5.200591e-03 9.590181e-04 9.999860e-01 4.891908e+01
9.999828e-01 1.242949e-03 5.735211e-03 4.842499e+00 -1.250155e-03 9.999984e-01 1.253015e-03 -1.323757e+00 -5.733644e-03 -1.260163e-03 9.999828e-01 4.815915e+01
9.999681e-01 -5.931759e-04 -7.968100e-03 4.939912e+00 5.822123e-04 9.999989e-01 -1.378168e-03 -1.319830e+00 7.968908e-03 1.373485e-03 9.999673e-01 4.768527e+01
9.999969e-01 1.597974e-03 1.934355e-03 4.992669e+00 -1.601687e-03 9.999969e-01 1.919121e-03 -1.327284e+00 -1.931282e-03 -1.922213e-03 9.999963e-01 4.778324e+01
9.999738e-01 -4.676946e-04 -7.219066e-03 5.036533e+00 4.566298e-04 9.999987e-01 -1.534267e-03 -1.334714e+00 7.219774e-03 1.530930e-03 9.999728e-01 4.792065e+01
9.999894e-01 2.054130e-03 4.112303e-03 5.165457e+00 -2.059681e-03 9.999970e-01 1.346076e-03 -1.332527e+00 -4.109526e-03 -1.354531e-03 9.999906e-01 4.745480e+01
9.999899e-01 -9.461239e-04 -4.384658e-03 5.346257e+00 9.381453e-04 9.999979e-01 -1.821313e-03 -1.325914e+00 4.386372e-03 1.817181e-03 9.999887e-01 4.675770e+01
9.999970e-01 2.341693e-03 7.756994e-04 5.509156e+00 -2.342989e-03 9.999959e-01 1.674762e-03 -1.325203e+00 -7.717741e-04 -1.676573e-03 9.999983e-01 4.632391e+01
9.999901e-01 -1.258609e-03 -4.275720e-03 5.653913e+00 1.251008e-03 9.999976e-01 -1.779908e-03 -1.327255e+00 4.277950e-03 1.774540e-03 9.999893e-01 4.604914e+01
9.999970e-01 2.212842e-03 -1.049363e-03 5.703361e+00 -2.209417e-03 9.999923e-01 3.253786e-03 -1.344631e+00 1.056555e-03 -3.251458e-03 9.999942e-01 4.668958e+01
9.999878e-01 -1.104279e-03 -4.806550e-03 5.759248e+00 1.096299e-03 9.999980e-01 -1.662653e-03 -1.363541e+00 4.808376e-03 1.657363e-03 9.999871e-01 4.740119e+01
9.999954e-01 2.403413e-03 -1.868869e-03 5.834356e+00 -2.399235e-03 9.999946e-01 2.234531e-03 -1.374912e+00 1.874229e-03 -2.230036e-03 9.999958e-01 4.768624e+01
9.999957e-01 -1.110073e-03 2.698721e-03 5.953730e+00 1.117841e-03 9.999952e-01 -2.878468e-03 -1.365456e+00 -2.695513e-03 2.881471e-03 9.999922e-01 4.696041e+01
9.999902e-01 2.731251e-03 3.478917e-03 6.068746e+00 -2.738130e-03 9.999943e-01 1.974092e-03 -1.348986e+00 -3.473505e-03 -1.983598e-03 9.999920e-01 4.596241e+01
9.998926e-01 -1.334029e-03 1.459441e-02 6.426092e+00 1.362874e-03 9.999971e-01 -1.966716e-03 -1.326448e+00 -1.459175e-02 1.986394e-03 9.998916e-01 4.429508e+01
9.999702e-01 1.588636e-03 -7.549354e-03 6.870104e+00 -1.563483e-03 9.999932e-01 3.336484e-03 -1.319228e+00 7.554604e-03 -3.324581e-03 9.999659e-01 4.313559e+01
9.999233e-01 -6.694249e-05 1.238862e-02 7.073529e+00 1.140922e-04 9.999928e-01 -3.805234e-03 -1.304841e+00 -1.238828e-02 3.806354e-03 9.999160e-01 4.207210e+01
9.999967e-01 1.441203e-03 -2.144806e-03 7.195822e+00 -1.435906e-03 9.999959e-01 2.469224e-03 -1.282337e+00 2.148356e-03 -2.466135e-03 9.999947e-01 4.088562e+01
9.999622e-01 -2.521122e-05 8.699140e-03 7.266996e+00 5.623928e-05 9.999936e-01 -3.566591e-03 -1.264767e+00 -8.698995e-03 3.566945e-03 9.999558e-01 3.993605e+01
9.999937e-01 1.151579e-03 -3.370042e-03 7.311480e+00 -1.142412e-03 9.999956e-01 2.720829e-03 -1.249490e+00 3.373161e-03 -2.716961e-03 9.999906e-01 3.912116e+01
9.999685e-01 1.735207e-04 7.940688e-03 7.326853e+00 -1.454774e-04 9.999938e-01 -3.532059e-03 -1.235781e+00 -7.941252e-03 3.530791e-03 9.999622e-01 3.840511e+01
9.999887e-01 1.462155e-03 -4.528681e-03 7.358288e+00 -1.449591e-03 9.999951e-01 2.776426e-03 -1.223588e+00 4.532719e-03 -2.769830e-03 9.999859e-01 3.771351e+01
9.999652e-01 -1.995318e-06 8.344560e-03 7.380288e+00 3.119775e-05 9.999939e-01 -3.499470e-03 -1.212781e+00 -8.344502e-03 3.499608e-03 9.999591e-01 3.709280e+01
9.999957e-01 1.646109e-03 2.436329e-03 7.473716e+00 -1.651709e-03 9.999960e-01 2.298357e-03 -1.187599e+00 -2.432535e-03 -2.302370e-03 9.999944e-01 3.582059e+01
9.999509e-01 1.240418e-04 9.912002e-03 7.570363e+00 -8.774874e-05 9.999933e-01 -3.661891e-03 -1.161927e+00 -9.912390e-03 3.660841e-03 9.999442e-01 3.452181e+01
9.999872e-01 1.536317e-03 4.814622e-03 7.633440e+00 -1.546781e-03 9.999964e-01 2.170443e-03 -1.132660e+00 -4.811270e-03 -2.177861e-03 9.999861e-01 3.316243e+01
9.999498e-01 7.853414e-05 1.001482e-02 7.661992e+00 -4.477189e-05 9.999943e-01 -3.371427e-03 -1.103339e+00 -1.001503e-02 3.370809e-03 9.999442e-01 3.185348e+01
9.999928e-01 8.262880e-04 -3.709729e-03 7.890136e+00 -8.146572e-04 9.999948e-01 3.135588e-03 -1.090493e+00 3.712300e-03 -3.132542e-03 9.999882e-01 3.081296e+01
9.999735e-01 5.859378e-04 7.262439e-03 8.093314e+00 -5.583259e-04 9.999926e-01 -3.803479e-03 -1.078007e+00 -7.264614e-03 3.799323e-03 9.999664e-01 2.983851e+01
9.999980e-01 7.379950e-04 1.877326e-03 8.170841e+00 -7.431031e-04 9.999960e-01 2.721775e-03 -1.057052e+00 -1.875309e-03 -2.723163e-03 9.999945e-01 2.876548e+01
9.999658e-01 4.914435e-04 8.252596e-03 8.267472e+00 -4.596465e-04 9.999925e-01 -3.854450e-03 -1.035331e+00 -8.254428e-03 3.850524e-03 9.999585e-01 2.764288e+01
9.999907e-01 1.513324e-03 4.035910e-03 8.593887e+00 -1.524858e-03 9.999948e-01 2.856140e-03 -1.018369e+00 -4.031566e-03 -2.862267e-03 9.999878e-01 2.622126e+01
9.999332e-01 4.455022e-04 1.154805e-02 9.130241e+00 -4.000902e-04 9.999922e-01 -3.934471e-03 -9.939473e-01 -1.154972e-02 3.929587e-03 9.999256e-01 2.425877e+01
9.999121e-01 1.656506e-03 1.315324e-02 9.501028e+00 -1.682283e-03 9.999967e-01 1.948927e-03 -9.529850e-01 -1.314997e-02 -1.970883e-03 9.999116e-01 2.197597e+01
9.999484e-01 1.782393e-05 1.015457e-02 9.747829e+00 1.599557e-05 9.999945e-01 -3.330394e-03 -9.167241e-01 -1.015457e-02 3.330384e-03 9.999429e-01 2.002444e+01
9.999908e-01 7.355650e-04 -4.215031e-03 9.932440e+00 -7.231306e-04 9.999954e-01 2.950744e-03 -9.047058e-01 4.217182e-03 -2.947669e-03 9.999868e-01 1.911068e+01
9.999199e-01 9.185348e-04 1.261954e-02 9.985800e+00 -8.676624e-04 9.999915e-01 -4.036131e-03 -8.842824e-01 -1.262315e-02 4.024857e-03 9.999122e-01 1.804826e+01
9.999996e-01 7.398033e-04 -5.596915e-04 1.011436e+01 -7.384275e-04 9.999967e-01 2.454160e-03 -8.584448e-01 5.615055e-04 -2.453745e-03 9.999968e-01 1.671510e+01
9.999068e-01 1.226134e-03 1.359837e-02 1.032931e+01 -1.168318e-03 9.999902e-01 -4.258860e-03 -8.318653e-01 -1.360346e-02 4.242576e-03 9.998985e-01 1.520776e+01
9.999905e-01 1.031972e-03 4.236314e-03 1.055510e+01 -1.040969e-03 9.999972e-01 2.122041e-03 -7.994750e-01 -4.234112e-03 -2.126430e-03 9.999888e-01 1.345231e+01
9.999275e-01 8.861537e-04 1.201059e-02 1.078474e+01 -8.388817e-04 9.999919e-01 -3.940330e-03 -7.692628e-01 -1.201399e-02 3.929968e-03 9.999201e-01 1.179015e+01
9.999906e-01 9.469351e-04 4.230445e-03 1.088011e+01 -9.556812e-04 9.999974e-01 2.065918e-03 -7.387761e-01 -4.228477e-03 -2.069941e-03 9.999889e-01 1.032894e+01
9.998621e-01 8.173869e-04 1.658903e-02 1.076341e+01 -7.554129e-04 9.999927e-01 -3.741771e-03 -6.999877e-01 -1.659197e-02 3.728723e-03 9.998554e-01 8.916298e+00
9.999842e-01 9.333253e-04 5.549217e-03 1.065921e+01 -9.440192e-04 9.999977e-01 1.924805e-03 -6.587214e-01 -5.547408e-03 -1.930013e-03 9.999828e-01 7.441110e+00
9.999265e-01 9.360098e-04 1.208947e-02 1.062990e+01 -8.939905e-04 9.999935e-01 -3.480637e-03 -6.242270e-01 -1.209265e-02 3.469572e-03 9.999209e-01 6.044668e+00
9.999893e-01 1.376767e-04 -4.613656e-03 1.064624e+01 -1.258906e-04 9.999967e-01 2.554794e-03 -6.093275e-01 4.613993e-03 -2.554185e-03 9.999861e-01 5.334761e+00
9.999908e-01 2.452519e-03 3.512253e-03 1.068635e+01 -2.444979e-03 9.999947e-01 -2.149396e-03 -6.219144e-01 -3.517506e-03 2.140788e-03 9.999915e-01 5.812642e+00
9.999997e-01 7.747851e-06 7.579071e-04 1.077042e+01 -8.846743e-06 9.999989e-01 1.450011e-03 -6.148662e-01 -7.578948e-04 -1.450016e-03 9.999987e-01 5.261081e+00
9.999979e-01 1.991450e-03 5.682846e-04 1.076459e+01 -1.990323e-03 9.999961e-01 -1.976231e-03 -6.071468e-01 -5.722182e-04 1.975095e-03 9.999979e-01 4.797099e+00
9.999826e-01 2.343991e-04 5.888366e-03 1.085850e+01 -2.373361e-04 9.999998e-01 4.980975e-04 -5.869468e-01 -5.888248e-03 -4.994857e-04 9.999825e-01 3.657030e+00
9.999288e-01 1.814958e-03 1.179318e-02 1.102483e+01 -1.785975e-03 9.999954e-01 -2.467731e-03 -5.541173e-01 -1.179760e-02 2.446492e-03 9.999274e-01 1.977223e+00
9.999950e-01 -1.238566e-04 3.171342e-03 1.112533e+01 1.226424e-04 9.999999e-01 3.830900e-04 -5.261113e-01 -3.171389e-03 -3.826984e-04 9.999949e-01 6.075568e-01
9.999852e-01 2.353218e-03 4.909939e-03 1.137061e+01 -2.343375e-03 9.999952e-01 -2.009638e-03 -5.045399e-01 -4.914645e-03 1.998101e-03 9.999859e-01 -7.713097e-01
9.999951e-01 -4.851584e-04 3.092364e-03 1.163630e+01 4.841777e-04 9.999998e-01 3.178914e-04 -4.866210e-01 -3.092518e-03 -3.163918e-04 9.999952e-01 -1.990955e+00
9.999973e-01 1.821445e-03 1.447228e-03 1.172538e+01 -1.819617e-03 9.999975e-01 -1.263519e-03 -4.713190e-01 -1.449527e-03 1.260881e-03 9.999982e-01 -2.903185e+00
9.999992e-01 -1.160382e-03 -5.367870e-04 1.180160e+01 1.160955e-03 9.999988e-01 1.069300e-03 -4.685233e-01 5.355458e-04 -1.069922e-03 9.999993e-01 -3.215061e+00
9.999916e-01 3.125059e-03 -2.665318e-03 1.184080e+01 -3.126901e-03 9.999949e-01 -6.873506e-04 -4.744712e-01 2.663156e-03 6.956783e-04 9.999962e-01 -3.076020e+00
9.999622e-01 -1.115960e-03 8.624646e-03 1.203282e+01 1.122047e-03 9.999991e-01 -7.009019e-04 -4.566119e-01 -8.623856e-03 7.105534e-04 9.999626e-01 -4.251023e+00
9.999924e-01 2.717741e-03 -2.805015e-03 1.226034e+01 -2.719782e-03 9.999960e-01 -7.240839e-04 -4.419767e-01 2.803036e-03 7.317067e-04 9.999958e-01 -5.324494e+00
9.999990e-01 -8.019790e-04 1.206213e-03 1.242519e+01 8.015727e-04 9.999996e-01 3.373395e-04 -4.404715e-01 -1.206483e-03 -3.363715e-04 9.999992e-01 -5.787796e+00
9.999930e-01 2.430380e-03 2.854432e-03 1.257390e+01 -2.426414e-03 9.999961e-01 -1.392235e-03 -4.271450e-01 -2.857805e-03 1.385299e-03 9.999950e-01 -6.761670e+00
9.999992e-01 -1.153090e-03 5.001431e-04 1.271044e+01 1.152836e-03 9.999992e-01 5.075824e-04 -4.140530e-01 -5.007277e-04 -5.070047e-04 9.999997e-01 -7.654186e+00
9.999959e-01 2.786373e-03 6.476226e-04 1.280258e+01 -2.785562e-03 9.999953e-01 -1.249633e-03 -4.030404e-01 -6.511018e-04 1.247823e-03 9.999990e-01 -8.463701e+00
9.999839e-01 -1.676845e-03 5.425877e-03 1.284057e+01 1.675961e-03 9.999986e-01 1.674378e-04 -3.874921e-01 -5.426150e-03 -1.583408e-04 9.999853e-01 -9.294453e+00
9.999871e-01 3.333968e-03 -3.833194e-03 1.278097e+01 -3.337313e-03 9.999941e-01 -8.665214e-04 -3.746843e-01 3.830282e-03 8.793021e-04 9.999923e-01 -9.916405e+00
9.998627e-01 -1.641874e-03 1.649112e-02 1.285417e+01 1.644824e-03 9.999986e-01 -1.653269e-04 -3.488629e-01 -1.649083e-02 1.924299e-04 9.998640e-01 -1.119371e+01
9.999870e-01 3.241734e-03 -3.932071e-03 1.294701e+01 -3.247404e-03 9.999937e-01 -1.436480e-03 -3.249612e-01 3.927389e-03 1.449230e-03 9.999912e-01 -1.242847e+01
9.999766e-01 -1.720907e-03 6.618269e-03 1.321639e+01 1.710114e-03 9.999972e-01 1.636104e-03 -3.215901e-01 -6.621066e-03 -1.624747e-03 9.999768e-01 -1.324703e+01
9.999943e-01 3.320609e-03 -5.525850e-04 1.352064e+01 -3.321942e-03 9.999915e-01 -2.428405e-03 -3.055735e-01 5.445163e-04 2.430226e-03 9.999969e-01 -1.451785e+01
9.999479e-01 -2.088760e-03 9.992559e-03 1.378479e+01 2.069605e-03 9.999960e-01 1.926902e-03 -2.874593e-01 -9.996543e-03 -1.906120e-03 9.999482e-01 -1.582221e+01
9.999604e-01 3.142438e-03 -8.322295e-03 1.399438e+01 -3.160896e-03 9.999926e-01 -2.205774e-03 -2.791377e-01 8.315301e-03 2.231992e-03 9.999629e-01 -1.665932e+01
9.998384e-01 -1.438230e-03 1.791672e-02 1.404429e+01 1.417753e-03 9.999983e-01 1.155571e-03 -2.561687e-01 -1.791835e-02 -1.129982e-03 9.998388e-01 -1.781240e+01
9.999890e-01 2.590343e-03 -3.921537e-03 1.394021e+01 -2.598599e-03 9.999944e-01 -2.101537e-03 -2.280394e-01 3.916071e-03 2.111704e-03 9.999901e-01 -1.881908e+01
9.998843e-01 -1.400646e-03 1.514530e-02 1.375902e+01 1.377834e-03 9.999979e-01 1.516529e-03 -2.018794e-01 -1.514739e-02 -1.495485e-03 9.998842e-01 -1.958952e+01
9.999947e-01 2.980090e-03 -1.315589e-03 1.370189e+01 -2.983327e-03 9.999925e-01 -2.464768e-03 -1.728248e-01 1.308234e-03 2.468679e-03 9.999961e-01 -2.070570e+01
9.999100e-01 -1.699597e-03 1.330831e-02 1.377877e+01 1.677512e-03 9.999972e-01 1.670474e-03 -1.481494e-01 -1.331111e-02 -1.647998e-03 9.999100e-01 -2.188332e+01
9.999875e-01 3.108959e-03 -3.924042e-03 1.379985e+01 -3.118481e-03 9.999922e-01 -2.422772e-03 -1.267701e-01 3.916479e-03 2.434978e-03 9.999894e-01 -2.289140e+01
9.998668e-01 -1.835744e-03 1.622017e-02 1.383837e+01 1.811820e-03 9.999972e-01 1.489528e-03 -1.013796e-01 -1.622286e-02 -1.459941e-03 9.998673e-01 -2.404352e+01
9.999540e-01 2.554138e-03 -9.247838e-03 1.377855e+01 -2.571545e-03 9.999949e-01 -1.870866e-03 -8.466312e-02 9.243012e-03 1.894560e-03 9.999555e-01 -2.464949e+01
9.999646e-01 -1.897526e-03 8.200118e-03 1.376151e+01 1.877070e-03 9.999951e-01 2.501624e-03 -8.964622e-02 -8.204824e-03 -2.486142e-03 9.999632e-01 -2.436751e+01
9.999070e-01 3.247833e-03 -1.324651e-02 1.378240e+01 -3.258128e-03 9.999944e-01 -7.556273e-04 -1.055723e-01 1.324399e-02 7.987151e-04 9.999120e-01 -2.366991e+01
9.999071e-01 -1.667529e-03 1.352977e-02 1.370902e+01 1.657701e-03 9.999984e-01 7.376263e-04 -1.009736e-01 -1.353098e-02 -7.151287e-04 9.999082e-01 -2.388623e+01
9.999078e-01 3.202767e-03 -1.319737e-02 1.382540e+01 -3.219407e-03 9.999940e-01 -1.239832e-03 -9.327692e-02 1.319332e-02 1.282205e-03 9.999121e-01 -2.457337e+01
9.998906e-01 -2.093566e-03 1.464452e-02 1.388888e+01 2.086237e-03 9.999977e-01 5.157423e-04 -8.394179e-02 -1.464556e-02 -4.851332e-04 9.998926e-01 -2.522878e+01
9.998865e-01 3.571770e-03 -1.463962e-02 1.435453e+01 -3.553288e-03 9.999929e-01 1.288275e-03 -9.795756e-02 1.464411e-02 -1.236111e-03 9.998920e-01 -2.566270e+01
9.998814e-01 -2.686028e-03 1.516315e-02 1.511632e+01 2.674662e-03 9.999961e-01 7.697651e-04 -1.093510e-01 -1.516516e-02 -7.291168e-04 9.998847e-01 -2.654475e+01
9.999205e-01 4.271092e-03 1.186519e-02 1.596792e+01 -4.268291e-03 9.999909e-01 -2.613670e-04 -8.504659e-02 -1.186620e-02 2.107013e-04 9.999296e-01 -2.909362e+01
9.998885e-01 -2.818372e-03 1.466254e-02 1.668266e+01 2.813456e-03 9.999960e-01 3.558503e-04 -4.520762e-02 -1.466348e-02 -3.145575e-04 9.998924e-01 -3.179102e+01
9.999649e-01 3.796361e-03 -7.469084e-03 1.688819e+01 -3.800758e-03 9.999926e-01 -5.745056e-04 -2.884304e-02 7.466848e-03 6.028728e-04 9.999719e-01 -3.285683e+01
9.999647e-01 -2.773488e-03 7.927815e-03 1.704561e+01 2.771336e-03 9.999961e-01 2.825104e-04 -2.486290e-02 -7.928567e-03 -2.605291e-04 9.999685e-01 -3.345230e+01
9.999511e-01 4.012100e-03 -9.042060e-03 1.721355e+01 -4.017272e-03 9.999918e-01 -5.539596e-04 -1.933766e-02 9.039763e-03 5.902562e-04 9.999590e-01 -3.410186e+01
9.997345e-01 -1.982513e-03 2.295663e-02 1.722769e+01 2.002193e-03 9.999976e-01 -8.343373e-04 9.432689e-03 -2.295492e-02 8.800801e-04 9.997361e-01 -3.542312e+01
9.999850e-01 4.262396e-03 3.447203e-03 1.719783e+01 -4.258928e-03 9.999904e-01 -1.012697e-03 5.480502e-02 -3.451487e-03 9.979998e-04 9.999935e-01 -3.727978e+01
9.998224e-01 -2.271124e-03 1.871044e-02 1.751728e+01 2.271593e-03 9.999974e-01 -3.809742e-06 8.712899e-02 -1.871038e-02 4.631231e-05 9.998249e-01 -3.918213e+01
9.999882e-01 3.729092e-03 -3.102109e-03 1.779504e+01 -3.731842e-03 9.999926e-01 -8.813122e-04 1.152628e-01 3.098800e-03 8.928777e-04 9.999948e-01 -4.081679e+01
9.997992e-01 -2.024583e-03 1.993796e-02 1.770843e+01 2.027290e-03 9.999979e-01 -1.155750e-04 1.481640e-01 -1.993769e-02 1.559725e-04 9.998012e-01 -4.205401e+01
9.999774e-01 4.238528e-03 5.210543e-03 1.817498e+01 -4.233017e-03 9.999905e-01 -1.068138e-03 1.808715e-01 -5.215021e-03 1.046057e-03 9.999859e-01 -4.424494e+01
9.998800e-01 -2.973628e-03 1.520465e-02 1.880618e+01 2.962909e-03 9.999953e-01 7.274648e-04 2.093353e-01 -1.520674e-02 -6.823267e-04 9.998841e-01 -4.639321e+01
9.999730e-01 4.580129e-03 -5.739357e-03 1.891731e+01 -4.589736e-03 9.999881e-01 -1.661760e-03 2.308644e-01 5.731678e-03 1.688057e-03 9.999821e-01 -4.757701e+01
9.997634e-01 -3.041142e-03 2.153957e-02 1.897828e+01 3.027176e-03 9.999952e-01 6.809639e-04 2.608738e-01 -2.154154e-02 -6.155979e-04 9.997678e-01 -4.894086e+01
9.998866e-01 4.166109e-03 -1.447302e-02 1.915204e+01 -4.185709e-03 9.999904e-01 -1.324199e-03 2.768067e-01 1.446736e-02 1.384628e-03 9.998944e-01 -4.998976e+01
9.999287e-01 -3.083144e-03 1.153316e-02 1.960428e+01 3.062955e-03 9.999937e-01 1.767768e-03 2.775111e-01 -1.153854e-02 -1.732316e-03 9.999319e-01 -5.080289e+01
9.999863e-01 4.647055e-03 -2.407167e-03 1.973094e+01 -4.653211e-03 9.999859e-01 -2.558147e-03 2.987764e-01 2.395245e-03 2.569312e-03 9.999938e-01 -5.196301e+01
9.996675e-01 -2.695330e-03 2.564500e-02 1.950664e+01 2.658336e-03 9.999954e-01 1.476509e-03 3.423045e-01 -2.564886e-02 -1.407845e-03 9.996700e-01 -5.325583e+01
9.998611e-01 3.842394e-03 -1.622080e-02 1.966630e+01 -3.875812e-03 9.999904e-01 -2.029276e-03 3.622051e-01 1.621284e-02 2.091862e-03 9.998664e-01 -5.437036e+01
9.997547e-01 -2.973048e-03 2.194641e-02 1.980015e+01 2.938174e-03 9.999944e-01 1.621152e-03 3.782757e-01 -2.195111e-02 -1.556272e-03 9.997578e-01 -5.528170e+01
9.998927e-01 4.502206e-03 -1.393899e-02 1.991652e+01 -4.539113e-03 9.999863e-01 -2.617306e-03 3.961010e-01 1.392702e-02 2.680295e-03 9.998994e-01 -5.629666e+01
9.995906e-01 -2.890585e-03 2.846435e-02 2.001268e+01 2.845189e-03 9.999946e-01 1.635208e-03 4.244009e-01 -2.846893e-02 -1.553551e-03 9.995935e-01 -5.766016e+01
9.999319e-01 4.298291e-03 -1.084765e-02 2.024274e+01 -4.324161e-03 9.999879e-01 -2.362555e-03 4.504145e-01 1.083736e-02 2.409300e-03 9.999384e-01 -5.919839e+01
9.996022e-01 -2.885391e-03 2.805605e-02 2.038436e+01 2.831865e-03 9.999941e-01 1.947364e-03 4.814477e-01 -2.806151e-02 -1.867138e-03 9.996045e-01 -6.072794e+01
9.997429e-01 3.662316e-03 -2.237889e-02 2.043725e+01 -3.716372e-03 9.999903e-01 -2.374381e-03 4.956959e-01 2.236998e-02 2.456938e-03 9.997467e-01 -6.142264e+01
9.998256e-01 -1.690299e-03 1.859655e-02 2.046587e+01 1.645910e-03 9.999958e-01 2.402023e-03 4.960747e-01 -1.860053e-02 -2.370995e-03 9.998242e-01 -6.162255e+01
9.999185e-01 2.996829e-03 -1.240730e-02 2.056282e+01 -3.037047e-03 9.999902e-01 -3.223906e-03 5.136357e-01 1.239752e-02 3.261324e-03 9.999178e-01 -6.259730e+01
9.999319e-01 -2.243520e-03 1.145029e-02 2.049840e+01 2.202462e-03 9.999911e-01 3.597116e-03 5.165575e-01 -1.145825e-02 -3.571651e-03 9.999280e-01 -6.274420e+01
9.999334e-01 2.813136e-03 -1.119364e-02 2.035385e+01 -2.837757e-03 9.999936e-01 -2.184296e-03 5.194369e-01 1.118742e-02 2.215914e-03 9.999350e-01 -6.232295e+01
9.998412e-01 -1.856345e-03 1.772108e-02 2.008062e+01 1.815659e-03 9.999957e-01 2.311714e-03 5.411541e-01 -1.772530e-02 -2.279171e-03 9.998403e-01 -6.271076e+01
9.999930e-01 3.130114e-03 -2.070975e-03 1.967963e+01 -3.133988e-03 9.999933e-01 -1.870004e-03 5.813246e-01 2.065107e-03 1.876480e-03 9.999961e-01 -6.339393e+01
9.998907e-01 -2.181482e-03 1.462552e-02 1.907994e+01 2.135425e-03 9.999927e-01 3.163934e-03 6.255696e-01 -1.463232e-02 -3.132356e-03 9.998880e-01 -6.361885e+01
9.999888e-01 3.612012e-03 -3.048513e-03 1.876950e+01 -3.623086e-03 9.999868e-01 -3.634962e-03 6.531202e-01 3.035343e-03 3.645966e-03 9.999887e-01 -6.431288e+01
9.999215e-01 -2.293928e-03 1.231612e-02 1.888645e+01 2.257849e-03 9.999931e-01 2.942448e-03 6.744851e-01 -1.232278e-02 -2.914409e-03 9.999198e-01 -6.545479e+01
9.999920e-01 4.004393e-03 8.024285e-05 1.903449e+01 -4.004055e-03 9.999846e-01 -3.840821e-03 6.976564e-01 -9.562198e-05 3.840469e-03 9.999926e-01 -6.675038e+01
9.998603e-01 -2.361140e-03 1.654797e-02 1.921237e+01 2.316369e-03 9.999936e-01 2.724143e-03 7.287381e-01 -1.655430e-02 -2.685431e-03 9.998594e-01 -6.835173e+01
9.999887e-01 3.768294e-03 -2.885993e-03 1.930787e+01 -3.780177e-03 9.999844e-01 -4.123007e-03 7.547258e-01 2.870411e-03 4.133869e-03 9.999873e-01 -6.964210e+01
9.999235e-01 -2.353165e-03 1.214150e-02 1.932234e+01 2.317596e-03 9.999930e-01 2.942768e-03 7.775861e-01 -1.214834e-02 -2.914403e-03 9.999220e-01 -7.072349e+01
9.999708e-01 4.334315e-03 6.299826e-03 1.927223e+01 -4.305684e-03 9.999804e-01 -4.551077e-03 8.128892e-01 -6.319428e-03 4.523818e-03 9.999698e-01 -7.215384e+01
9.997163e-01 -1.826655e-03 2.374971e-02 1.936828e+01 1.769908e-03 9.999955e-01 2.410180e-03 8.622524e-01 -2.375401e-02 -2.367461e-03 9.997150e-01 -7.436100e+01
9.999800e-01 3.500887e-03 -5.266043e-03 1.946474e+01 -3.521351e-03 9.999863e-01 -3.881830e-03 8.963975e-01 5.252381e-03 3.900295e-03 9.999786e-01 -7.593424e+01
9.998201e-01 -2.312058e-03 1.882678e-02 1.953382e+01 2.253738e-03 9.999926e-01 3.118313e-03 9.232535e-01 -1.883385e-02 -3.075321e-03 9.998179e-01 -7.714990e+01
9.999899e-01 3.924328e-03 -2.201993e-03 1.950994e+01 -3.933906e-03 9.999827e-01 -4.362190e-03 9.553677e-01 2.184836e-03 4.370808e-03 9.999881e-01 -7.844762e+01
9.998473e-01 -2.660891e-03 1.726846e-02 1.948575e+01 2.601586e-03 9.999906e-01 3.455830e-03 9.854043e-01 -1.727749e-02 -3.410377e-03 9.998449e-01 -7.963930e+01
9.999860e-01 4.149855e-03 -3.285580e-03 1.953418e+01 -4.164595e-03 9.999812e-01 -4.492359e-03 1.013486e+00 3.266876e-03 4.505978e-03 9.999845e-01 -8.092125e+01
9.998587e-01 -3.033967e-03 1.653503e-02 1.952185e+01 2.977115e-03 9.999896e-01 3.461808e-03 1.040909e+00 -1.654536e-02 -3.412092e-03 9.998573e-01 -8.202990e+01
9.999680e-01 4.222087e-03 -6.790581e-03 1.943247e+01 -4.250672e-03 9.999821e-01 -4.200701e-03 1.063321e+00 6.772724e-03 4.229430e-03 9.999681e-01 -8.280561e+01
9.998398e-01 -3.023805e-03 1.764049e-02 1.950655e+01 2.963494e-03 9.999897e-01 3.444016e-03 1.086785e+00 -1.765072e-02 -3.391186e-03 9.998385e-01 -8.391706e+01
9.999151e-01 4.073408e-03 -1.237460e-02 1.974234e+01 -4.121475e-03 9.999841e-01 -3.861393e-03 1.098489e+00 1.235867e-02 3.912066e-03 9.999160e-01 -8.490687e+01
9.995830e-01 -1.935508e-03 2.880974e-02 2.000107e+01 1.868554e-03 9.999955e-01 2.350718e-03 1.125746e+00 -2.881416e-02 -2.295905e-03 9.995821e-01 -8.662113e+01
9.999916e-01 3.515391e-03 -2.108883e-03 2.022764e+01 -3.522495e-03 9.999881e-01 -3.374800e-03 1.167528e+00 2.096994e-03 3.382199e-03 9.999921e-01 -8.872362e+01
9.998446e-01 -2.581399e-03 1.743816e-02 2.059537e+01 2.516448e-03 9.999898e-01 3.745550e-03 1.182563e+00 -1.744765e-02 -3.701085e-03 9.998409e-01 -9.015399e+01
9.999731e-01 4.514852e-03 5.779433e-03 2.114716e+01 -4.495537e-03 9.999843e-01 -3.350700e-03 1.210053e+00 -5.794470e-03 3.324628e-03 9.999777e-01 -9.228656e+01
9.996961e-01 -2.492641e-03 2.452739e-02 2.150887e+01 2.430285e-03 9.999937e-01 2.571779e-03 1.255083e+00 -2.453364e-02 -2.511388e-03 9.996959e-01 -9.474846e+01
9.999912e-01 4.179589e-03 -2.286552e-04 2.179650e+01 -4.180329e-03 9.999857e-01 -3.336419e-03 1.289326e+00 2.147069e-04 3.337345e-03 9.999944e-01 -9.670826e+01
9.996901e-01 -2.181165e-03 2.479697e-02 2.208219e+01 2.115717e-03 9.999942e-01 2.665260e-03 1.325432e+00 -2.480264e-02 -2.611970e-03 9.996890e-01 -9.873813e+01
9.999898e-01 3.956636e-03 -2.174146e-03 2.237292e+01 -3.964307e-03 9.999859e-01 -3.535688e-03 1.360323e+00 2.160125e-03 3.544271e-03 9.999914e-01 -1.006918e+02
9.997494e-01 -1.886310e-03 2.230786e-02 2.266790e+01 1.831580e-03 9.999953e-01 2.473567e-03 1.391688e+00 -2.231242e-02 -2.432088e-03 9.997481e-01 -1.025388e+02
9.999861e-01 4.199507e-03 -3.188489e-03 2.310401e+01 -4.211975e-03 9.999835e-01 -3.913786e-03 1.423047e+00 3.172000e-03 3.927161e-03 9.999873e-01 -1.045736e+02
9.997831e-01 -2.386357e-03 2.068989e-02 2.358686e+01 2.319266e-03 9.999920e-01 3.266094e-03 1.447594e+00 -2.069752e-02 -3.217400e-03 9.997806e-01 -1.064204e+02
9.999882e-01 3.929882e-03 -2.871599e-03 2.392927e+01 -3.940885e-03 9.999849e-01 -3.836225e-03 1.474462e+00 2.856479e-03 3.847496e-03 9.999885e-01 -1.081235e+02
9.999298e-01 -2.803321e-03 1.151356e-02 2.416330e+01 2.764815e-03 9.999905e-01 3.358931e-03 1.494451e+00 -1.152286e-02 -3.326862e-03 9.999281e-01 -1.093271e+02
9.999857e-01 4.168634e-03 -3.345381e-03 2.429801e+01 -4.183099e-03 9.999819e-01 -4.328823e-03 1.513684e+00 3.327275e-03 4.342754e-03 9.999850e-01 -1.104030e+02
9.998914e-01 -2.616890e-03 1.450287e-02 2.445161e+01 2.571173e-03 9.999917e-01 3.169971e-03 1.537086e+00 -1.451104e-02 -3.132337e-03 9.998898e-01 -1.116827e+02
9.999905e-01 4.182047e-03 -1.214145e-03 2.462695e+01 -4.187478e-03 9.999811e-01 -4.505474e-03 1.563117e+00 1.195280e-03 4.510514e-03 9.999891e-01 -1.130920e+02
9.999131e-01 -2.696843e-03 1.290442e-02 2.481357e+01 2.653224e-03 9.999907e-01 3.396083e-03 1.586745e+00 -1.291346e-02 -3.361549e-03 9.999110e-01 -1.144237e+02
9.999903e-01 4.322215e-03 -8.843758e-04 2.500776e+01 -4.326295e-03 9.999798e-01 -4.664389e-03 1.610741e+00 8.641973e-04 4.668169e-03 9.999887e-01 -1.157984e+02
