9.999593e-01 -3.318342e-05 -9.024200e-03 6.876121e-02 4.630158e-05 9.999989e-01 1.453462e-03 1.031738e-02 9.024142e-03 -1.453821e-03 9.999582e-01 -7.085490e-01
9.999970e-01 3.862312e-04 -2.402104e-03 1.312410e-01 -3.875231e-04 9.999998e-01 -5.373781e-04 1.254180e-02 2.401896e-03 5.383081e-04 9.999970e-01 -1.056364e+00
9.999820e-01 -3.649235e-04 -5.991917e-03 2.078545e-01 3.774161e-04 9.999978e-01 2.083924e-03 2.449697e-02 5.991143e-03 -2.086149e-03 9.999799e-01 -1.846380e+00
9.999932e-01 5.266324e-04 -3.644287e-03 2.771459e-01 -5.296294e-04 9.999995e-01 -8.214802e-04 3.219800e-02 3.643853e-03 8.234055e-04 9.999930e-01 -2.435592e+00
9.999864e-01 -4.800514e-04 -5.188202e-03 3.369114e-01 4.922849e-04 9.999971e-01 2.356934e-03 4.326111e-02 5.187055e-03 -2.359457e-03 9.999838e-01 -3.147204e+00
9.999936e-01 4.530550e-04 -3.543623e-03 4.184072e-01 -4.558379e-04 9.999996e-01 -7.845540e-04 5.411769e-02 3.543267e-03 7.861650e-04 9.999934e-01 -3.894400e+00
9.999837e-01 -4.355925e-04 -5.696038e-03 5.171600e-01 4.482278e-04 9.999974e-01 2.217171e-03 6.328229e-02 5.695057e-03 -2.219689e-03 9.999813e-01 -4.596868e+00
9.999916e-01 5.027490e-04 -4.057190e-03 6.167332e-01 -5.065224e-04 9.999994e-01 -9.290709e-04 6.987627e-02 4.056721e-03 9.311189e-04 9.999913e-01 -5.186264e+00
9.999879e-01 -4.660040e-04 -4.895280e-03 6.907636e-01 4.777934e-04 9.999970e-01 2.407420e-03 7.983945e-02 4.894143e-03 -2.409731e-03 9.999851e-01 -5.887671e+00
9.999857e-01 6.263378e-04 -5.303241e-03 7.519269e-01 -6.323417e-04 9.999992e-01 -1.130520e-03 8.547046e-02 5.302528e-03 1.133858e-03 9.999853e-01 -6.376093e+00
9.999836e-01 -2.185018e-04 -5.715902e-03 7.983850e-01 2.308942e-04 9.999976e-01 2.167496e-03 8.795437e-02 5.715414e-03 -2.168781e-03 9.999813e-01 -6.702579e+00
9.999846e-01 7.510779e-04 -5.492271e-03 8.141510e-01 -7.581291e-04 9.999989e-01 -1.281886e-03 8.797088e-02 5.491303e-03 1.286031e-03 9.999841e-01 -6.814796e+00
9.999881e-01 1.728266e-04 -4.885226e-03 7.670054e-01 -1.628967e-04 9.999979e-01 2.032971e-03 8.787612e-02 4.885566e-03 -2.032152e-03 9.999860e-01 -6.752943e+00
9.999846e-01 5.350594e-04 -5.519947e-03 7.201325e-01 -5.413126e-04 9.999992e-01 -1.131418e-03 8.856787e-02 5.519338e-03 1.134389e-03 9.999841e-01 -6.750262e+00
9.999822e-01 3.699348e-04 -5.947318e-03 7.128119e-01 -3.599628e-04 9.999985e-01 1.677724e-03 8.310037e-02 5.947929e-03 -1.675555e-03 9.999809e-01 -6.573634e+00
9.999883e-01 -6.267846e-05 -4.831481e-03 7.513530e-01 6.012552e-05 9.999999e-01 -5.285562e-04 8.616367e-02 4.831513e-03 5.282602e-04 9.999882e-01 -6.877378e+00
9.999975e-01 1.387139e-04 -2.223548e-03 7.639249e-01 -1.335029e-04 9.999972e-01 2.343581e-03 1.035090e-01 2.223867e-03 -2.343279e-03 9.999948e-01 -7.781533e+00
9.999926e-01 -1.109618e-05 -3.858268e-03 7.916667e-01 9.340759e-06 9.999999e-01 -4.550156e-04 1.238093e-01 3.858273e-03 4.549769e-04 9.999925e-01 -8.854603e+00
9.999884e-01 2.143994e-04 -4.814271e-03 7.578819e-01 -2.047766e-04 9.999980e-01 1.999217e-03 1.357951e-01 4.814690e-03 -1.998209e-03 9.999864e-01 -9.467599e+00
9.999905e-01 2.320039e-04 -4.361134e-03 7.138435e-01 -2.347942e-04 9.999998e-01 -6.393360e-04 1.444840e-01 4.360985e-03 6.403545e-04 9.999903e-01 -9.831939e+00
9.999970e-01 -1.323787e-04 -2.430081e-03 7.715553e-01 1.382503e-04 9.999971e-01 2.416233e-03 1.611676e-01 2.429754e-03 -2.416563e-03 9.999941e-01 -1.078656e+01
9.999854e-01 8.471033e-05 -5.411841e-03 8.364453e-01 -8.891391e-05 9.999997e-01 -7.765185e-04 1.740984e-01 5.411774e-03 7.769891e-04 9.999851e-01 -1.158253e+01
9.999969e-01 1.822595e-04 -2.493238e-03 8.314923e-01 -1.762022e-04 9.999970e-01 2.429538e-03 1.873244e-01 2.493673e-03 -2.429092e-03 9.999939e-01 -1.225777e+01
9.999870e-01 1.176307e-04 -5.099569e-03 7.405248e-01 -1.213636e-04 9.999997e-01 -7.317197e-04 2.030122e-01 5.099481e-03 7.323298e-04 9.999867e-01 -1.285271e+01
9.999975e-01 1.748361e-04 -2.216177e-03 6.706580e-01 -1.692731e-04 9.999968e-01 2.510161e-03 2.194690e-01 2.216608e-03 -2.509781e-03 9.999944e-01 -1.354851e+01
9.999889e-01 5.370635e-04 -4.684098e-03 4.173939e-01 -5.405950e-04 9.999996e-01 -7.527065e-04 2.380114e-01 4.683692e-03 7.552311e-04 9.999887e-01 -1.395233e+01
9.999967e-01 -3.495916e-04 -2.525701e-03 2.345280e-01 3.566949e-04 9.999960e-01 2.812536e-03 2.583838e-01 2.524708e-03 -2.813428e-03 9.999929e-01 -1.461396e+01
9.999713e-01 9.648449e-04 -7.508107e-03 3.502096e-01 -9.788925e-04 9.999978e-01 -1.867547e-03 2.618840e-01 7.506289e-03 1.874844e-03 9.999701e-01 -1.508401e+01
9.999976e-01 -3.765641e-04 -2.157644e-03 3.942492e-01 3.829831e-04 9.999955e-01 2.975399e-03 2.665739e-01 2.156513e-03 -2.976219e-03 9.999932e-01 -1.543566e+01
9.999859e-01 4.036236e-04 -5.297973e-03 4.343087e-01 -4.095613e-04 9.999993e-01 -1.119721e-03 2.787703e-01 5.297518e-03 1.121875e-03 9.999853e-01 -1.612133e+01
9.999934e-01 -1.346229e-04 -3.633640e-03 4.692264e-01 1.449892e-04 9.999959e-01 2.852786e-03 2.861071e-01 3.633240e-03 -2.853295e-03 9.999893e-01 -1.661608e+01
9.999942e-01 5.451238e-04 -3.348640e-03 3.572939e-01 -5.477388e-04 9.999995e-01 -7.800829e-04 3.010307e-01 3.348214e-03 7.819133e-04 9.999941e-01 -1.706775e+01
9.999926e-01 -3.852182e-04 -3.837441e-03 5.107849e-01 3.951616e-04 9.999966e-01 2.590774e-03 3.135820e-01 3.836430e-03 -2.592272e-03 9.999893e-01 -1.801465e+01
9.999964e-01 5.036693e-04 -2.617824e-03 5.776090e-01 -5.053597e-04 9.999997e-01 -6.451547e-04 3.315147e-01 2.617499e-03 6.464760e-04 9.999964e-01 -1.904971e+01
9.999935e-01 -3.598610e-04 -3.591264e-03 6.354087e-01 3.693377e-04 9.999965e-01 2.638539e-03 3.505122e-01 3.590301e-03 -2.639849e-03 9.999901e-01 -2.011762e+01
9.999951e-01 4.477505e-04 -3.086554e-03 7.036874e-01 -4.499112e-04 9.999997e-01 -6.994079e-04 3.677997e-01 3.086240e-03 7.007939e-04 9.999950e-01 -2.113499e+01
9.999918e-01 -3.661269e-04 -4.033902e-03 7.766705e-01 3.767646e-04 9.999965e-01 2.636667e-03 3.836256e-01 4.032922e-03 -2.638166e-03 9.999884e-01 -2.209457e+01
9.999856e-01 3.310235e-04 -5.355932e-03 8.537623e-01 -3.368682e-04 9.999993e-01 -1.090426e-03 3.921512e-01 5.355568e-03 1.092215e-03 9.999851e-01 -2.273719e+01
9.999730e-01 9.538924e-06 -7.342099e-03 8.952367e-01 4.813228e-06 9.999981e-01 1.954773e-03 3.835596e-01 7.342103e-03 -1.954756e-03 9.999711e-01 -2.257948e+01
9.999890e-01 5.014837e-06 -4.685293e-03 9.300796e-01 -8.310618e-06 9.999998e-01 -7.034414e-04 3.838014e-01 4.685289e-03 7.034733e-04 9.999888e-01 -2.278512e+01
9.999905e-01 -3.584121e-05 -4.362272e-03 1.022350e+00 4.601509e-05 9.999973e-01 2.332198e-03 3.928760e-01 4.362177e-03 -2.332377e-03 9.999878e-01 -2.347107e+01
9.999940e-01 1.116300e-04 -3.459062e-03 1.107229e+00 -1.134338e-04 9.999999e-01 -5.213151e-04 4.064773e-01 3.459004e-03 5.217051e-04 9.999939e-01 -2.434930e+01
9.999910e-01 -6.201740e-05 -4.234015e-03 1.167274e+00 7.219585e-05 9.999971e-01 2.403894e-03 4.205669e-01 4.233854e-03 -2.404179e-03 9.999881e-01 -2.521590e+01
9.999935e-01 1.243953e-04 -3.597310e-03 1.223975e+00 -1.266056e-04 9.999998e-01 -6.142590e-04 4.349813e-01 3.597233e-03 6.147111e-04 9.999933e-01 -2.608995e+01
9.999880e-01 -9.867809e-05 -4.895604e-03 1.301535e+00 1.096529e-04 9.999975e-01 2.241580e-03 4.460440e-01 4.895370e-03 -2.242090e-03 9.999855e-01 -2.684437e+01
9.999962e-01 1.992122e-04 -2.750721e-03 1.384576e+00 -2.005108e-04 9.999999e-01 -4.718751e-04 4.596705e-01 2.750627e-03 4.724255e-04 9.999961e-01 -2.772017e+01
9.999934e-01 -4.665595e-05 -3.622006e-03 1.440557e+00 5.543968e-05 9.999971e-01 2.425080e-03 4.788769e-01 3.621882e-03 -2.425266e-03 9.999905e-01 -2.881516e+01
9.999973e-01 2.213837e-04 -2.324669e-03 1.491048e+00 -2.224565e-04 9.999999e-01 -4.613174e-04 4.996073e-01 2.324567e-03 4.618340e-04 9.999972e-01 -2.996740e+01
9.999953e-01 -3.298727e-05 -3.066804e-03 1.512552e+00 4.066309e-05 9.999969e-01 2.502896e-03 5.229115e-01 3.066711e-03 -2.503010e-03 9.999922e-01 -3.119093e+01
9.999972e-01 2.076305e-04 -2.361481e-03 1.534138e+00 -2.087156e-04 9.999999e-01 -4.592909e-04 5.456686e-01 2.361386e-03 4.597832e-04 9.999971e-01 -3.238836e+01
9.999942e-01 -6.195290e-05 -3.417757e-03 1.580131e+00 7.040123e-05 9.999969e-01 2.471876e-03 5.670120e-01 3.417593e-03 -2.472102e-03 9.999911e-01 -3.355872e+01
9.999967e-01 2.337543e-04 -2.542737e-03 1.622399e+00 -2.349129e-04 9.999999e-01 -4.554153e-04 5.881604e-01 2.542630e-03 4.560119e-04 9.999967e-01 -3.472237e+01
9.999988e-01 6.249237e-05 -1.554347e-03 1.618083e+00 -5.846200e-05 9.999966e-01 2.592987e-03 6.179045e-01 1.554503e-03 -2.592894e-03 9.999954e-01 -3.621031e+01
9.999921e-01 6.328040e-05 -3.984553e-03 1.651982e+00 -6.619899e-05 9.999997e-01 -7.323901e-04 6.409376e-01 3.984506e-03 7.326488e-04 9.999918e-01 -3.744094e+01
9.999990e-01 1.880099e-04 -1.375055e-03 1.674686e+00 -1.842983e-04 9.999963e-01 2.698936e-03 6.646158e-01 1.375557e-03 -2.698681e-03 9.999954e-01 -3.868338e+01
9.999980e-01 1.952587e-04 -1.967420e-03 1.671706e+00 -1.962025e-04 9.999999e-01 -4.796484e-04 6.972260e-01 1.967326e-03 4.800341e-04 9.999979e-01 -4.030092e+01
9.999991e-01 1.343677e-04 -1.311825e-03 1.666995e+00 -1.308640e-04 9.999964e-01 2.670707e-03 7.300498e-01 1.312179e-03 -2.670534e-03 9.999956e-01 -4.192500e+01
9.999987e-01 1.469342e-04 -1.612524e-03 1.652282e+00 -1.477050e-04 9.999999e-01 -4.779609e-04 7.643170e-01 1.612454e-03 4.781992e-04 9.999986e-01 -4.358373e+01
9.999908e-01 -1.141153e-04 -4.298538e-03 1.754134e+00 1.238094e-04 9.999974e-01 2.255048e-03 7.854302e-01 4.298270e-03 -2.255560e-03 9.999882e-01 -4.479508e+01
9.999997e-01 5.296922e-04 -5.165005e-04 1.837702e+00 -5.298547e-04 9.999998e-01 -3.147439e-04 8.094159e-01 5.163340e-04 3.150181e-04 9.999998e-01 -4.614965e+01
9.999989e-01 -9.426238e-05 -1.500336e-03 1.806102e+00 9.827444e-05 9.999964e-01 2.674373e-03 8.496120e-01 1.500078e-03 -2.674518e-03 9.999953e-01 -4.806842e+01
9.999976e-01 2.811300e-04 -2.194849e-03 1.810432e+00 -2.824113e-04 9.999998e-01 -5.835757e-04 8.795790e-01 2.194685e-03 5.841948e-04 9.999974e-01 -4.956132e+01
9.999971e-01 3.236508e-05 -2.406546e-03 1.821050e+00 -2.581357e-05 9.999963e-01 2.722428e-03 9.081656e-01 2.406625e-03 -2.722359e-03 9.999934e-01 -5.102942e+01
9.999999e-01 3.754681e-04 -3.093517e-04 1.822029e+00 -3.756145e-04 9.999998e-01 -4.739528e-04 9.426387e-01 3.091740e-04 4.740696e-04 9.999998e-01 -5.273733e+01
9.999915e-01 -2.414287e-04 -4.112531e-03 1.854736e+00 2.515044e-04 9.999970e-01 2.449725e-03 9.693157e-01 4.111927e-03 -2.450739e-03 9.999885e-01 -5.412195e+01
9.999959e-01 3.185489e-04 -2.858203e-03 1.895091e+00 -3.202445e-04 9.999998e-01 -5.928665e-04 9.846889e-01 2.858014e-03 5.937800e-04 9.999957e-01 -5.500523e+01
9.999974e-01 -5.613300e-05 -2.260113e-03 1.879580e+00 6.231780e-05 9.999963e-01 2.736602e-03 1.010898e+00 2.259951e-03 -2.736737e-03 9.999937e-01 -5.630213e+01
9.999979e-01 3.359803e-04 -2.003241e-03 1.890985e+00 -3.372838e-04 9.999997e-01 -6.505067e-04 1.039617e+00 2.003022e-03 6.511817e-04 9.999978e-01 -5.776796e+01
9.999979e-01 -7.337048e-05 -2.036275e-03 1.895478e+00 7.898715e-05 9.999962e-01 2.758455e-03 1.069349e+00 2.036064e-03 -2.758611e-03 9.999941e-01 -5.925203e+01
9.999989e-01 3.810628e-04 -1.413983e-03 1.891250e+00 -3.819404e-04 9.999997e-01 -6.205485e-04 1.099645e+00 1.413747e-03 6.210886e-04 9.999988e-01 -6.075103e+01
9.999965e-01 -1.404872e-04 -2.645582e-03 1.892706e+00 1.475885e-04 9.999964e-01 2.684292e-03 1.128140e+00 2.645195e-03 -2.684673e-03 9.999929e-01 -6.216379e+01
9.999967e-01 2.984206e-04 -2.537024e-03 1.897681e+00 -3.002001e-04 9.999997e-01 -7.011275e-04 1.151219e+00 2.536815e-03 7.018876e-04 9.999965e-01 -6.333959e+01
9.999965e-01 -8.316606e-05 -2.650180e-03 1.873537e+00 9.047905e-05 9.999962e-01 2.759505e-03 1.175927e+00 2.649940e-03 -2.759736e-03 9.999927e-01 -6.453614e+01
9.999988e-01 3.485551e-04 -1.499904e-03 1.869329e+00 -3.495869e-04 9.999997e-01 -6.878214e-04 1.204273e+00 1.499664e-03 6.883456e-04 9.999986e-01 -6.593310e+01
9.999969e-01 -2.166809e-04 -2.475333e-03 1.902413e+00 2.242161e-04 9.999953e-01 3.044341e-03 1.234197e+00 2.474661e-03 -3.044887e-03 9.999923e-01 -6.746712e+01
9.999988e-01 6.983965e-04 -1.359586e-03 1.955822e+00 -6.996396e-04 9.999993e-01 -9.141772e-04 1.263590e+00 1.358947e-03 9.151280e-04 9.999987e-01 -6.904346e+01
9.999950e-01 -5.549356e-04 -3.098797e-03 1.945706e+00 5.642544e-04 9.999953e-01 3.007202e-03 1.290948e+00 3.097114e-03 -3.008936e-03 9.999907e-01 -7.038362e+01
9.999963e-01 6.971909e-04 -2.645907e-03 1.956056e+00 -6.999799e-04 9.999992e-01 -1.053387e-03 1.312596e+00 2.645170e-03 1.055236e-03 9.999959e-01 -7.149183e+01
9.999995e-01 -3.406960e-04 -9.163688e-04 1.952107e+00 3.437150e-04 9.999945e-01 3.296677e-03 1.343729e+00 9.152403e-04 -3.296991e-03 9.999941e-01 -7.303066e+01
9.999985e-01 7.015540e-04 -1.589822e-03 1.952925e+00 -7.031900e-04 9.999992e-01 -1.028859e-03 1.378715e+00 1.589099e-03 1.029976e-03 9.999982e-01 -7.475422e+01
9.999922e-01 -6.283229e-04 -3.911429e-03 1.980414e+00 6.396410e-04 9.999956e-01 2.893079e-03 1.401740e+00 3.909594e-03 -2.895559e-03 9.999882e-01 -7.596596e+01
9.999888e-01 6.760535e-04 -4.687081e-03 2.049849e+00 -6.822048e-04 9.999989e-01 -1.310964e-03 1.412001e+00 4.686190e-03 1.314148e-03 9.999882e-01 -7.668283e+01
9.999954e-01 -6.339944e-04 -2.980608e-03 2.083004e+00 6.432444e-04 9.999950e-01 3.103536e-03 1.426101e+00 2.978625e-03 -3.105440e-03 9.999907e-01 -7.750566e+01
9.999946e-01 7.460618e-04 -3.208957e-03 2.065300e+00 -7.495820e-04 9.999991e-01 -1.095989e-03 1.446226e+00 3.208136e-03 1.098389e-03 9.999943e-01 -7.850414e+01
9.999972e-01 -6.537211e-04 -2.291536e-03 2.064471e+00 6.611023e-04 9.999946e-01 3.221861e-03 1.469390e+00 2.289417e-03 -3.223367e-03 9.999922e-01 -7.967712e+01
9.999904e-01 7.698419e-04 -4.310004e-03 2.127192e+00 -7.757773e-04 9.999988e-01 -1.375661e-03 1.487380e+00 4.308940e-03 1.378992e-03 9.999898e-01 -8.072138e+01
9.999984e-01 -6.417945e-04 -1.698777e-03 2.151888e+00 6.474021e-04 9.999943e-01 3.302612e-03 1.507981e+00 1.696647e-03 -3.303707e-03 9.999931e-01 -8.181793e+01
9.999855e-01 7.276157e-04 -5.330372e-03 2.208839e+00 -7.357173e-04 9.999986e-01 -1.518136e-03 1.524364e+00 5.329260e-03 1.522036e-03 9.999846e-01 -8.278987e+01
9.999968e-01 -6.658711e-04 -2.451618e-03 2.315829e+00 6.735269e-04 9.999949e-01 3.123341e-03 1.537483e+00 2.449526e-03 -3.124983e-03 9.999921e-01 -8.368983e+01
9.999853e-01 7.830679e-04 -5.356825e-03 2.409702e+00 -7.907037e-04 9.999987e-01 -1.423501e-03 1.550563e+00 5.355703e-03 1.427716e-03 9.999846e-01 -8.457478e+01
9.999981e-01 -7.210967e-04 -1.788111e-03 2.443040e+00 7.269600e-04 9.999944e-01 3.280710e-03 1.568077e+00 1.785734e-03 -3.282005e-03 9.999930e-01 -8.556173e+01
9.999857e-01 6.869377e-04 -5.304686e-03 2.519151e+00 -6.939700e-04 9.999989e-01 -1.323996e-03 1.586476e+00 5.303771e-03 1.327659e-03 9.999851e-01 -8.663584e+01
9.999938e-01 -5.186563e-04 -3.490744e-03 2.698604e+00 5.288591e-04 9.999956e-01 2.922578e-03 1.596266e+00 3.489213e-03 -2.924407e-03 9.999896e-01 -8.749954e+01
9.999942e-01 7.559479e-04 -3.323977e-03 2.771348e+00 -7.599262e-04 9.999990e-01 -1.195807e-03 1.613743e+00 3.323070e-03 1.198326e-03 9.999938e-01 -8.855346e+01
9.999844e-01 -8.118725e-04 -5.530250e-03 2.841747e+00 8.269006e-04 9.999960e-01 2.715743e-03 1.624825e+00 5.528022e-03 -2.720274e-03 9.999810e-01 -8.930598e+01
9.999768e-01 1.264933e-03 -6.697020e-03 3.064299e+00 -1.278699e-03 9.999971e-01 -2.051799e-03 1.609490e+00 6.694405e-03 2.060315e-03 9.999755e-01 -8.914714e+01
9.999765e-01 -1.701848e-04 -6.859336e-03 3.366465e+00 1.901736e-04 9.999957e-01 2.913589e-03 1.594939e+00 6.858810e-03 -2.914826e-03 9.999722e-01 -8.919135e+01
9.999905e-01 6.607759e-04 -4.317752e-03 3.566779e+00 -6.718747e-04 9.999965e-01 -2.569599e-03 1.579172e+00 4.316039e-03 2.572476e-03 9.999874e-01 -8.894252e+01
9.999463e-01 4.633090e-04 -1.035289e-02 3.722151e+00 -4.283633e-04 9.999942e-01 3.377446e-03 1.558670e+00 1.035439e-02 -3.372830e-03 9.999407e-01 -8.851472e+01
9.999974e-01 -2.624406e-04 2.252725e-03 3.701160e+00 2.662587e-04 9.999985e-01 -1.694615e-03 1.574577e+00 -2.252277e-03 1.695211e-03 9.999960e-01 -8.932838e+01
9.999786e-01 5.326292e-04 -6.519394e-03 3.723695e+00 -5.081639e-04 9.999928e-01 3.753818e-03 1.603491e+00 6.521347e-03 -3.750425e-03 9.999717e-01 -9.077331e+01
9.999946e-01 -3.510442e-04 3.280114e-03 3.717825e+00 3.558378e-04 9.999989e-01 -1.460849e-03 1.632338e+00 -3.279597e-03 1.462009e-03 9.999936e-01 -9.219048e+01
9.999786e-01 6.951814e-04 -6.509560e-03 3.644477e+00 -6.705222e-04 9.999926e-01 3.789595e-03 1.666113e+00 6.512146e-03 -3.785150e-03 9.999716e-01 -9.371446e+01
9.999936e-01 -4.259534e-04 3.539136e-03 3.668381e+00 4.317892e-04 9.999985e-01 -1.648256e-03 1.698175e+00 -3.538428e-03 1.649774e-03 9.999924e-01 -9.528081e+01
9.999691e-01 5.199536e-04 -7.842081e-03 3.714520e+00 -4.894436e-04 9.999923e-01 3.892000e-03 1.723072e+00 7.844044e-03 -3.888042e-03 9.999617e-01 -9.654151e+01
9.999943e-01 -2.522953e-04 3.374887e-03 3.690022e+00 2.582716e-04 9.999984e-01 -1.770413e-03 1.751134e+00 -3.374435e-03 1.771275e-03 9.999927e-01 -9.790101e+01
9.999613e-01 3.115502e-04 -8.797570e-03 3.695268e+00 -2.784220e-04 9.999929e-01 3.766617e-03 1.774742e+00 8.798681e-03 -3.764023e-03 9.999542e-01 -9.908814e+01
9.999970e-01 2.195725e-04 2.429326e-03 3.575523e+00 -2.142221e-04 9.999976e-01 -2.202385e-03 1.788276e+00 -2.429804e-03 2.201858e-03 9.999946e-01 -9.949159e+01
9.999636e-01 1.102799e-04 -8.529879e-03 3.427584e+00 -7.402156e-05 9.999910e-01 4.250978e-03 1.807189e+00 8.530271e-03 -4.250193e-03 9.999546e-01 -1.000181e+02
9.999939e-01 1.190755e-04 3.499274e-03 3.386076e+00 -1.117181e-04 9.999978e-01 -2.102572e-03 1.833402e+00 -3.499516e-03 2.102169e-03 9.999917e-01 -1.012582e+02
9.999704e-01 2.994656e-05 -7.690499e-03 3.354063e+00 2.840642e-06 9.999909e-01 4.263326e-03 1.861784e+00 7.690557e-03 -4.263223e-03 9.999613e-01 -1.026023e+02
9.999987e-01 6.007737e-04 1.482372e-03 3.394853e+00 -5.957183e-04 9.999940e-01 -3.408282e-03 1.871179e+00 -1.484410e-03 3.407396e-03 9.999931e-01 -1.030478e+02
9.999635e-01 1.369878e-04 -8.548195e-03 3.302697e+00 -9.499219e-05 9.999879e-01 4.913051e-03 1.881032e+00 8.548765e-03 -4.912060e-03 9.999514e-01 -1.032591e+02
9.999012e-01 2.373167e-03 1.385147e-02 2.711754e+00 -2.323950e-03 9.999909e-01 -3.568216e-03 1.918394e+00 -1.385982e-02 3.535675e-03 9.998977e-01 -1.032238e+02
9.999763e-01 -3.504308e-04 -6.878560e-03 2.161961e+00 3.899185e-04 9.999834e-01 5.740223e-03 1.972007e+00 6.876434e-03 -5.742769e-03 9.999599e-01 -1.036812e+02
9.999915e-01 2.412326e-03 3.343198e-03 2.017014e+00 -2.395304e-03 9.999842e-01 -5.086003e-03 1.976791e+00 -3.355414e-03 5.077952e-03 9.999815e-01 -1.033488e+02
9.999443e-01 -3.051966e-04 -1.054828e-02 1.955625e+00 3.578263e-04 9.999875e-01 4.987914e-03 1.958509e+00 1.054663e-02 -4.991411e-03 9.999319e-01 -1.022663e+02
9.999983e-01 1.788552e-03 3.840190e-04 1.982569e+00 -1.786816e-03 9.999884e-01 -4.473465e-03 1.940117e+00 -3.920153e-04 4.472772e-03 9.999899e-01 -1.015117e+02
9.999416e-01 -1.262786e-03 -1.073774e-02 2.092250e+00 1.323633e-03 9.999831e-01 5.661464e-03 1.936104e+00 1.073040e-02 -5.675346e-03 9.999263e-01 -1.016251e+02
9.999968e-01 1.932173e-03 1.641275e-03 2.276975e+00 -1.924075e-03 9.999860e-01 -4.920739e-03 1.934178e+00 -1.650759e-03 4.917566e-03 9.999865e-01 -1.019110e+02
9.999309e-01 -1.493470e-03 -1.165611e-02 2.474326e+00 1.560994e-03 9.999820e-01 5.786056e-03 1.933287e+00 1.164726e-02 -5.803852e-03 9.999153e-01 -1.023345e+02
9.999903e-01 3.127903e-03 3.111899e-03 2.388383e+00 -3.110761e-03 9.999800e-01 -5.498234e-03 1.932302e+00 -3.129034e-03 5.488501e-03 9.999800e-01 -1.021179e+02
9.999180e-01 -1.579295e-03 -1.270488e-02 2.387999e+00 1.652356e-03 9.999821e-01 5.742202e-03 1.915752e+00 1.269558e-02 -5.762725e-03 9.999028e-01 -1.013238e+02
9.999927e-01 3.007320e-03 2.365377e-03 2.494756e+00 -2.993970e-03 9.999797e-01 -5.627332e-03 1.901830e+00 -2.382252e-03 5.620209e-03 9.999814e-01 -1.008349e+02
9.999246e-01 -2.254627e-03 -1.206846e-02 2.575648e+00 2.332169e-03 9.999767e-01 6.414959e-03 1.895829e+00 1.205371e-02 -6.442622e-03 9.999066e-01 -1.007047e+02
9.999939e-01 2.679285e-03 2.244389e-03 2.673362e+00 -2.667140e-03 9.999819e-01 -5.396503e-03 1.897900e+00 -2.258807e-03 5.390485e-03 9.999829e-01 -1.010842e+02
9.998985e-01 -2.064748e-03 -1.410052e-02 2.787413e+00 2.147327e-03 9.999806e-01 5.843881e-03 1.888754e+00 1.408818e-02 -5.873567e-03 9.998835e-01 -1.010286e+02
9.999909e-01 3.438133e-03 2.511530e-03 2.832457e+00 -3.423838e-03 9.999780e-01 -5.673750e-03 1.869378e+00 -2.530982e-03 5.665100e-03 9.999808e-01 -1.003548e+02
9.999169e-01 -1.646635e-03 -1.278519e-02 2.859919e+00 1.716250e-03 9.999838e-01 5.435954e-03 1.847325e+00 1.277603e-02 -5.457446e-03 9.999035e-01 -9.948560e+01
9.999908e-01 3.505863e-03 2.466338e-03 2.874546e+00 -3.492530e-03 9.999794e-01 -5.389703e-03 1.825444e+00 -2.485182e-03 5.381040e-03 9.999824e-01 -9.858963e+01
9.999263e-01 -1.966160e-03 -1.197921e-02 2.876958e+00 2.032339e-03 9.999827e-01 5.514868e-03 1.805907e+00 1.196816e-02 -5.538808e-03 9.999130e-01 -9.773578e+01
9.999954e-01 2.682460e-03 1.437084e-03 2.950305e+00 -2.676012e-03 9.999864e-01 -4.469981e-03 1.790473e+00 -1.449055e-03 4.466115e-03 9.999890e-01 -9.725500e+01
9.999157e-01 -2.040972e-03 -1.282105e-02 3.145131e+00 2.108300e-03 9.999840e-01 5.240050e-03 1.776545e+00 1.281015e-02 -5.266639e-03 9.999041e-01 -9.705007e+01
9.999959e-01 2.821118e-03 4.620562e-04 3.225778e+00 -2.818932e-03 9.999852e-01 -4.664006e-03 1.754357e+00 -4.752068e-04 4.662685e-03 9.999890e-01 -9.634598e+01
9.999129e-01 -1.897338e-03 -1.305919e-02 3.393328e+00 1.968870e-03 9.999831e-01 5.466832e-03 1.730341e+00 1.304860e-02 -5.492068e-03 9.998998e-01 -9.573854e+01
9.999960e-01 2.660051e-03 9.778405e-04 3.507401e+00 -2.655302e-03 9.999848e-01 -4.825856e-03 1.706697e+00 -9.906625e-04 4.823241e-03 9.999879e-01 -9.504563e+01
9.998904e-01 -2.119448e-03 -1.465045e-02 3.604872e+00 2.200333e-03 9.999824e-01 5.507088e-03 1.686875e+00 1.463852e-02 -5.538721e-03 9.998775e-01 -9.452720e+01
9.999921e-01 3.214515e-03 2.355304e-03 3.682630e+00 -3.202623e-03 9.999822e-01 -5.035788e-03 1.667421e+00 -2.371450e-03 5.028206e-03 9.999845e-01 -9.392671e+01
9.999199e-01 -1.692576e-03 -1.254479e-02 3.709536e+00 1.757215e-03 9.999852e-01 5.143500e-03 1.649902e+00 1.253590e-02 -5.165133e-03 9.999081e-01 -9.325631e+01
9.999913e-01 3.180787e-03 2.684294e-03 3.835035e+00 -3.165730e-03 9.999793e-01 -5.594795e-03 1.614140e+00 -2.702035e-03 5.586249e-03 9.999807e-01 -9.206639e+01
9.998365e-01 -9.772750e-04 -1.805702e-02 3.989780e+00 1.083927e-03 9.999820e-01 5.897554e-03 1.573202e+00 1.805093e-02 -5.916163e-03 9.998196e-01 -9.084356e+01
9.999849e-01 2.196940e-03 5.040231e-03 4.069051e+00 -2.169458e-03 9.999828e-01 -5.451396e-03 1.554693e+00 -5.052120e-03 5.440380e-03 9.999724e-01 -9.033471e+01
9.998675e-01 -1.059610e-03 -1.624306e-02 4.075152e+00 1.152844e-03 9.999829e-01 5.731634e-03 1.544126e+00 1.623670e-02 -5.749601e-03 9.998516e-01 -8.998178e+01
9.999883e-01 2.007520e-03 4.403615e-03 4.105736e+00 -1.984191e-03 9.999840e-01 -5.295763e-03 1.530918e+00 -4.414175e-03 5.286964e-03 9.999763e-01 -8.955356e+01
9.998656e-01 -7.651564e-04 -1.637467e-02 4.155625e+00 8.550071e-04 9.999846e-01 5.480900e-03 1.511617e+00 1.637022e-02 -5.494164e-03 9.998509e-01 -8.889877e+01
9.999898e-01 1.686149e-03 4.190869e-03 4.213558e+00 -1.665045e-03 9.999859e-01 -5.033915e-03 1.493230e+00 -4.199298e-03 5.026887e-03 9.999785e-01 -8.830656e+01
9.998931e-01 -2.500054e-04 -1.462023e-02 4.199606e+00 3.255128e-04 9.999866e-01 5.162462e-03 1.481737e+00 1.461875e-02 -5.166670e-03 9.998798e-01 -8.782470e+01
9.999835e-01 1.976365e-03 5.401797e-03 4.130313e+00 -1.949576e-03 9.999858e-01 -4.960092e-03 1.475011e+00 -5.411523e-03 4.949480e-03 9.999731e-01 -8.739259e+01
9.998775e-01 -6.841626e-04 -1.563904e-02 4.112073e+00 7.670208e-04 9.999857e-01 5.292807e-03 1.465477e+00 1.563519e-02 -5.304155e-03 9.998637e-01 -8.698537e+01
9.999869e-01 2.499315e-03 4.459699e-03 4.146352e+00 -2.475073e-03 9.999822e-01 -5.432790e-03 1.447655e+00 -4.473197e-03 5.421682e-03 9.999753e-01 -8.632957e+01
9.999111e-01 -6.744004e-04 -1.331551e-02 4.124385e+00 7.459867e-04 9.999853e-01 5.371955e-03 1.433974e+00 1.331169e-02 -5.381411e-03 9.998969e-01 -8.564354e+01
9.999955e-01 1.492638e-03 2.596958e-03 4.087526e+00 -1.480763e-03 9.999885e-01 -4.568409e-03 1.428970e+00 -2.603747e-03 4.564544e-03 9.999862e-01 -8.542648e+01
9.998815e-01 -6.341619e-04 -1.538228e-02 4.134752e+00 7.113694e-04 9.999872e-01 5.014329e-03 1.416688e+00 1.537890e-02 -5.024678e-03 9.998691e-01 -8.511756e+01
9.999940e-01 1.617639e-03 3.055347e-03 4.195209e+00 -1.603436e-03 9.999879e-01 -4.644938e-03 1.399054e+00 -3.062824e-03 4.640012e-03 9.999845e-01 -8.460752e+01
9.998783e-01 -8.472515e-04 -1.557752e-02 4.258859e+00 9.289300e-04 9.999859e-01 5.236896e-03 1.378834e+00 1.557286e-02 -5.250729e-03 9.998649e-01 -8.401310e+01
9.999943e-01 1.694649e-03 2.916948e-03 4.330031e+00 -1.681183e-03 9.999879e-01 -4.612716e-03 1.358108e+00 -2.924729e-03 4.607787e-03 9.999851e-01 -8.339359e+01
9.999241e-01 2.167244e-04 -1.231779e-02 4.310458e+00 -1.585370e-04 9.999888e-01 4.724663e-03 1.339780e+00 1.231868e-02 -4.722352e-03 9.999130e-01 -8.253234e+01
9.999985e-01 5.462537e-04 1.620764e-03 4.402212e+00 -5.390850e-04 9.999901e-01 -4.419892e-03 1.319818e+00 -1.623162e-03 4.419013e-03 9.999889e-01 -8.185865e+01
9.998933e-01 6.713915e-05 -1.460916e-02 4.570132e+00 8.819919e-06 9.999865e-01 5.199318e-03 1.293897e+00 1.460931e-02 -5.198892e-03 9.998798e-01 -8.117406e+01
9.999960e-01 7.127455e-04 2.733752e-03 4.654690e+00 -6.991466e-04 9.999874e-01 -4.972029e-03 1.272526e+00 -2.737262e-03 4.970099e-03 9.999839e-01 -8.042573e+01
9.998814e-01 3.099411e-06 -1.540133e-02 4.810142e+00 8.184457e-05 9.999848e-01 5.514760e-03 1.255716e+00 1.540111e-02 -5.515367e-03 9.998662e-01 -8.002674e+01
9.999948e-01 7.725753e-04 3.122940e-03 4.932261e+00 -7.570397e-04 9.999873e-01 -4.972680e-03 1.238248e+00 -3.126742e-03 4.970291e-03 9.999828e-01 -7.955384e+01
9.998689e-01 -8.698049e-05 -1.618962e-02 5.102621e+00 1.771482e-04 9.999845e-01 5.568154e-03 1.214775e+00 1.618888e-02 -5.570293e-03 9.998534e-01 -7.894643e+01
9.999872e-01 9.773545e-04 4.960310e-03 5.305898e+00 -9.499636e-04 9.999843e-01 -5.521273e-03 1.189202e+00 -4.965628e-03 5.516491e-03 9.999725e-01 -7.814654e+01
9.998461e-01 -4.829132e-04 -1.753503e-02 5.699225e+00 5.928202e-04 9.999802e-01 6.263222e-03 1.160862e+00 1.753165e-02 -6.272654e-03 9.998266e-01 -7.766540e+01
9.999912e-01 1.338322e-03 3.978255e-03 6.212634e+00 -1.315255e-03 9.999823e-01 -5.794997e-03 1.133027e+00 -3.985940e-03 5.789714e-03 9.999753e-01 -7.755145e+01
9.998799e-01 -5.550643e-04 -1.548677e-02 6.665560e+00 6.558241e-04 9.999786e-01 6.501895e-03 1.121794e+00 1.548283e-02 -6.511271e-03 9.998589e-01 -7.812953e+01
9.999952e-01 1.429692e-03 2.759424e-03 7.130010e+00 -1.412488e-03 9.999796e-01 -6.226427e-03 1.097955e+00 -2.768269e-03 6.222500e-03 9.999768e-01 -7.812594e+01
9.998487e-01 -3.404853e-04 -1.738944e-02 7.708581e+00 4.613555e-04 9.999758e-01 6.947267e-03 1.071550e+00 1.738666e-02 -6.954239e-03 9.998247e-01 -7.824900e+01
9.999788e-01 2.223345e-03 6.112814e-03 8.031219e+00 -2.183030e-03 9.999759e-01 -6.593822e-03 1.057738e+00 -6.127327e-03 6.580339e-03 9.999596e-01 -7.838256e+01
9.998344e-01 -5.278486e-04 -1.818971e-02 8.234578e+00 6.443558e-04 9.999793e-01 6.399876e-03 1.034088e+00 1.818595e-02 -6.410538e-03 9.998141e-01 -7.777182e+01
9.999956e-01 2.489498e-03 1.643360e-03 8.437461e+00 -2.479590e-03 9.999789e-01 -6.003298e-03 1.003082e+00 -1.658271e-03 5.999197e-03 9.999806e-01 -7.701445e+01
9.998801e-01 -2.338136e-03 -1.530440e-02 8.577370e+00 2.445085e-03 9.999727e-01 6.973231e-03 9.876547e-01 1.528768e-02 -7.009816e-03 9.998586e-01 -7.669769e+01
9.999902e-01 2.825042e-03 3.410029e-03 8.833259e+00 -2.804614e-03 9.999782e-01 -5.980172e-03 9.838026e-01 -3.426849e-03 5.970550e-03 9.999763e-01 -7.712165e+01
9.998877e-01 -2.273383e-03 -1.481267e-02 9.168246e+00 2.374069e-03 9.999742e-01 6.783293e-03 9.752072e-01 1.479686e-02 -6.817698e-03 9.998673e-01 -7.747192e+01
9.999848e-01 2.685914e-03 4.824886e-03 9.503397e+00 -2.657792e-03 9.999795e-01 -5.825392e-03 9.733703e-01 -4.840433e-03 5.812480e-03 9.999714e-01 -7.811629e+01
9.998651e-01 -2.318652e-03 -1.626174e-02 9.816037e+00 2.428783e-03 9.999742e-01 6.755965e-03 9.710847e-01 1.624566e-02 -6.794550e-03 9.998449e-01 -7.873417e+01
9.999740e-01 4.510973e-03 5.625002e-03 9.977857e+00 -4.468470e-03 9.999615e-01 -7.545793e-03 9.441899e-01 -5.658824e-03 7.520462e-03 9.999557e-01 -7.785217e+01
9.997896e-01 -1.788263e-03 -2.043438e-02 1.011726e+01 1.934949e-03 9.999725e-01 7.160860e-03 9.085117e-01 2.042101e-02 -7.198893e-03 9.997656e-01 -7.659190e+01
9.999765e-01 3.087848e-03 6.126267e-03 1.026039e+01 -3.047770e-03 9.999740e-01 -6.540353e-03 8.965675e-01 -6.146303e-03 6.521528e-03 9.999598e-01 -7.649510e+01
9.997901e-01 -2.422975e-03 -2.034438e-02 1.040150e+01 2.568879e-03 9.999711e-01 7.148660e-03 8.837321e-01 2.032647e-02 -7.199422e-03 9.997675e-01 -7.636617e+01
9.999485e-01 2.680982e-03 9.786808e-03 1.050629e+01 -2.622903e-03 9.999789e-01 -5.942330e-03 8.901289e-01 -9.802532e-03 5.916355e-03 9.999345e-01 -7.699343e+01
9.997957e-01 -2.462762e-03 -2.006089e-02 1.057831e+01 2.605020e-03 9.999716e-01 7.068273e-03 8.974659e-01 2.004291e-02 -7.119088e-03 9.997738e-01 -7.762428e+01
9.999710e-01 3.045379e-03 6.983718e-03 1.064244e+01 -3.000841e-03 9.999752e-01 -6.378934e-03 8.929297e-01 -7.002971e-03 6.357793e-03 9.999553e-01 -7.773182e+01
9.998193e-01 -2.864431e-03 -1.879210e-02 1.069336e+01 3.004258e-03 9.999680e-01 7.416739e-03 8.960863e-01 1.877025e-02 -7.471856e-03 9.997959e-01 -7.814025e+01
9.999512e-01 3.093253e-03 9.377276e-03 1.076131e+01 -3.036212e-03 9.999768e-01 -6.090947e-03 9.064082e-01 -9.395899e-03 6.062179e-03 9.999375e-01 -7.889220e+01
9.998586e-01 -2.884285e-03 -1.656615e-02 1.079388e+01 3.013254e-03 9.999653e-01 7.765477e-03 9.249338e-01 1.654318e-02 -7.814297e-03 9.998326e-01 -7.994272e+01
9.999561e-01 3.029761e-03 8.870569e-03 1.083072e+01 -2.975973e-03 9.999771e-01 -6.070530e-03 9.410701e-01 -8.888758e-03 6.043865e-03 9.999422e-01 -8.089771e+01
9.998243e-01 -2.942758e-03 -1.851047e-02 1.088982e+01 3.080782e-03 9.999676e-01 7.432459e-03 9.503483e-01 1.848800e-02 -7.488180e-03 9.998010e-01 -8.158689e+01
9.999498e-01 3.108036e-03 9.527245e-03 1.093349e+01 -3.051982e-03 9.999780e-01 -5.892463e-03 9.624696e-01 -9.545349e-03 5.863091e-03 9.999373e-01 -8.237828e+01
9.998504e-01 -2.896356e-03 -1.705343e-02 1.096354e+01 3.025572e-03 9.999669e-01 7.556207e-03 9.799759e-01 1.703098e-02 -7.606673e-03 9.998260e-01 -8.338492e+01
9.999401e-01 3.056715e-03 1.050835e-02 1.099728e+01 -2.996522e-03 9.999790e-01 -5.739094e-03 9.999997e-01 -1.052567e-02 5.707262e-03 9.999283e-01 -8.449292e+01
9.998425e-01 -2.655854e-03 -1.754701e-02 1.105457e+01 2.783917e-03 9.999696e-01 7.277954e-03 1.019400e+00 1.752714e-02 -7.325658e-03 9.998196e-01 -8.562908e+01
9.999260e-01 2.883004e-03 1.181702e-02 1.110665e+01 -2.817003e-03 9.999804e-01 -5.598054e-03 1.041951e+00 -1.183293e-02 5.564352e-03 9.999145e-01 -8.689688e+01
9.998082e-01 -2.747633e-03 -1.938890e-02 1.115125e+01 2.887410e-03 9.999700e-01 7.184848e-03 1.057714e+00 1.936857e-02 -7.239454e-03 9.997862e-01 -8.785271e+01
9.999226e-01 3.066342e-03 1.205535e-02 1.120465e+01 -2.999630e-03 9.999801e-01 -5.547911e-03 1.074719e+00 -1.207213e-02 5.511320e-03 9.999119e-01 -8.888064e+01
9.998217e-01 -2.702548e-03 -1.868779e-02 1.125309e+01 2.836990e-03 9.999703e-01 7.171358e-03 1.095271e+00 1.866785e-02 -7.223097e-03 9.997996e-01 -9.004744e+01
9.999687e-01 3.360730e-03 7.169180e-03 1.129466e+01 -3.313588e-03 9.999729e-01 -6.577362e-03 1.094806e+00 -7.191090e-03 6.553400e-03 9.999527e-01 -9.030362e+01
9.998048e-01 -2.878722e-03 -1.954519e-02 1.132562e+01 3.023952e-03 9.999680e-01 7.405048e-03 1.095696e+00 1.952324e-02 -7.462707e-03 9.997816e-01 -9.060665e+01
9.999195e-01 3.097987e-03 1.230319e-02 1.136073e+01 -3.027198e-03 9.999788e-01 -5.768167e-03 1.114415e+00 -1.232079e-02 5.730459e-03 9.999077e-01 -9.165734e+01
9.998047e-01 -2.788180e-03 -1.956354e-02 1.146117e+01 2.932163e-03 9.999688e-01 7.334971e-03 1.130268e+00 1.954247e-02 -7.390903e-03 9.997817e-01 -9.269695e+01
9.999111e-01 3.007926e-03 1.299005e-02 1.156435e+01 -2.933430e-03 9.999792e-01 -5.750093e-03 1.149609e+00 -1.300707e-02 5.711477e-03 9.998991e-01 -9.388442e+01
9.997907e-01 -2.679846e-03 -2.028262e-02 1.171585e+01 2.823500e-03 9.999711e-01 7.057344e-03 1.163814e+00 2.026312e-02 -7.113135e-03 9.997694e-01 -9.494685e+01
9.999102e-01 3.009155e-03 1.306164e-02 1.184301e+01 -2.935823e-03 9.999798e-01 -5.629797e-03 1.179098e+00 -1.307832e-02 5.590945e-03 9.998988e-01 -9.601047e+01
9.997668e-01 -2.914294e-03 -2.139855e-02 1.195144e+01 3.062607e-03 9.999715e-01 6.901482e-03 1.191302e+00 2.137783e-02 -6.965408e-03 9.997472e-01 -9.688363e+01
9.999101e-01 3.200117e-03 1.302083e-02 1.202758e+01 -3.127925e-03 9.999796e-01 -5.560894e-03 1.204162e+00 -1.303836e-02 5.519666e-03 9.998998e-01 -9.775428e+01
9.997720e-01 -3.069222e-03 -2.113246e-02 1.208568e+01 3.216514e-03 9.999707e-01 6.939527e-03 1.218078e+00 2.111054e-02 -7.005918e-03 9.997526e-01 -9.864081e+01
9.998940e-01 3.362036e-03 1.416894e-02 1.211252e+01 -3.286432e-03 9.999803e-01 -5.355753e-03 1.237164e+00 -1.418667e-02 5.308620e-03 9.998853e-01 -9.971558e+01
9.997499e-01 -3.268541e-03 -2.212332e-02 1.219342e+01 3.420846e-03 9.999707e-01 6.850030e-03 1.252475e+00 2.210028e-02 -6.923998e-03 9.997318e-01 -1.007203e+02
9.999440e-01 4.637129e-03 9.509897e-03 1.221510e+01 -4.573625e-03 9.999672e-01 -6.688451e-03 1.243931e+00 -9.540600e-03 6.644582e-03 9.999324e-01 -1.005571e+02
9.998012e-01 -4.454084e-03 -1.943345e-02 1.227025e+01 4.609078e-03 9.999579e-01 7.938195e-03 1.253727e+00 1.939727e-02 -8.026188e-03 9.997796e-01 -1.012542e+02
9.999571e-01 5.692585e-03 7.311863e-03 1.233772e+01 -5.634598e-03 9.999527e-01 -7.926760e-03 1.232420e+00 -7.356641e-03 7.885221e-03 9.999418e-01 -1.006043e+02
9.997522e-01 -5.253798e-03 -2.163013e-02 1.246969e+01 5.437129e-03 9.999497e-01 8.425694e-03 1.215579e+00 2.158478e-02 -8.541213e-03 9.997305e-01 -1.002858e+02
9.999510e-01 6.065942e-03 7.829523e-03 1.268118e+01 -6.000134e-03 9.999467e-01 -8.401319e-03 1.206760e+00 -7.880068e-03 8.353929e-03 9.999341e-01 -1.004442e+02
9.997241e-01 -5.375312e-03 -2.286428e-02 1.280918e+01 5.578718e-03 9.999453e-01 8.841784e-03 1.189880e+00 2.281550e-02 -8.966899e-03 9.996995e-01 -1.000933e+02
9.999180e-01 6.516922e-03 1.102820e-02 1.287097e+01 -6.419305e-03 9.999401e-01 -8.863974e-03 1.175232e+00 -1.108531e-02 8.792454e-03 9.998999e-01 -9.966517e+01
9.997412e-01 -3.430847e-03 -2.248845e-02 1.297741e+01 3.601808e-03 9.999649e-01 7.566116e-03 1.126745e+00 2.246170e-02 -7.645157e-03 9.997185e-01 -9.793531e+01
9.999504e-01 4.295065e-03 8.988150e-03 1.304264e+01 -4.231234e-03 9.999658e-01 -7.108606e-03 1.125116e+00 -9.018374e-03 7.070223e-03 9.999343e-01 -9.815983e+01
9.997529e-01 -3.485511e-03 -2.195652e-02 1.308081e+01 3.650482e-03 9.999654e-01 7.477952e-03 1.115891e+00 2.192970e-02 -7.556256e-03 9.997310e-01 -9.794406e+01
9.999536e-01 4.225159e-03 8.654648e-03 1.311841e+01 -4.166453e-03 9.999683e-01 -6.789860e-03 1.109377e+00 -8.683062e-03 6.753487e-03 9.999395e-01 -9.786762e+01
9.997806e-01 -3.804437e-03 -2.059797e-02 1.311652e+01 3.958967e-03 9.999643e-01 7.466636e-03 1.111804e+00 2.056883e-02 -7.546544e-03 9.997600e-01 -9.812550e+01
9.999465e-01 5.437666e-03 8.794590e-03 1.315893e+01 -5.369972e-03 9.999559e-01 -7.702555e-03 1.096016e+00 -8.836086e-03 7.654917e-03 9.999317e-01 -9.763236e+01
9.997854e-01 -5.068359e-03 -2.008872e-02 1.322031e+01 5.242482e-03 9.999491e-01 8.624610e-03 1.100743e+00 2.004398e-02 -8.728074e-03 9.997610e-01 -9.811039e+01
9.999150e-01 5.330721e-03 1.189851e-02 1.327645e+01 -5.245234e-03 9.999603e-01 -7.204282e-03 1.115321e+00 -1.193644e-02 7.141259e-03 9.999033e-01 -9.901752e+01
9.996738e-01 -4.513067e-03 -2.513856e-02 1.332730e+01 4.702248e-03 9.999610e-01 7.471536e-03 1.108125e+00 2.510386e-02 -7.587307e-03 9.996561e-01 -9.892899e+01
9.998979e-01 5.976331e-03 1.297685e-02 1.336653e+01 -5.879246e-03 9.999545e-01 -7.506615e-03 1.090961e+00 -1.302112e-02 7.429555e-03 9.998876e-01 -9.835158e+01
9.996322e-01 -5.348261e-03 -2.658765e-02 1.342934e+01 5.562472e-03 9.999526e-01 7.989370e-03 1.081562e+00 2.654366e-02 -8.134325e-03 9.996146e-01 -9.816368e+01
9.998986e-01 5.991943e-03 1.291941e-02 1.351771e+01 -5.895667e-03 9.999547e-01 -7.477216e-03 1.070297e+00 -1.296363e-02 7.400290e-03 9.998886e-01 -9.796711e+01
9.996130e-01 -5.294442e-03 -2.730950e-02 1.362469e+01 5.511605e-03 9.999537e-01 7.882794e-03 1.059345e+00 2.726650e-02 -8.030263e-03 9.995959e-01 -9.785097e+01
9.998812e-01 5.787285e-03 1.428942e-02 1.373120e+01 -5.686359e-03 9.999587e-01 -7.093513e-03 1.056914e+00 -1.432988e-02 7.011415e-03 9.998727e-01 -9.808745e+01
9.995993e-01 -5.318834e-03 -2.780055e-02 1.383151e+01 5.533609e-03 9.999554e-01 7.654380e-03 1.052648e+00 2.775860e-02 -7.805151e-03 9.995842e-01 -9.824232e+01
9.998504e-01 5.632644e-03 1.635607e-02 1.394310e+01 -5.523768e-03 9.999623e-01 -6.694101e-03 1.056067e+00 -1.639316e-02 6.602753e-03 9.998438e-01 -9.872993e+01
9.996904e-01 -5.290662e-03 -2.431187e-02 1.401478e+01 5.491280e-03 9.999514e-01 8.192538e-03 1.071608e+00 2.426734e-02 -8.323506e-03 9.996709e-01 -9.970520e+01
9.998378e-01 5.508887e-03 1.714742e-02 1.407118e+01 -5.398411e-03 9.999644e-01 -6.482325e-03 1.089538e+00 -1.718252e-02 6.388705e-03 9.998320e-01 -1.007561e+02
9.996037e-01 -5.246230e-03 -2.765793e-02 1.413712e+01 5.451498e-03 9.999581e-01 7.351532e-03 1.094898e+00 2.761821e-02 -7.499396e-03 9.995904e-01 -1.012609e+02
9.998623e-01 5.725304e-03 1.557497e-02 1.420123e+01 -5.623400e-03 9.999625e-01 -6.578691e-03 1.095877e+00 -1.561205e-02 6.490201e-03 9.998571e-01 -1.015705e+02
9.996559e-01 -5.663660e-03 -2.561379e-02 1.428317e+01 5.864865e-03 9.999525e-01 7.787107e-03 1.103334e+00 2.556847e-02 -7.934649e-03 9.996416e-01 -1.021909e+02
9.998496e-01 5.888657e-03 1.631565e-02 1.436212e+01 -5.783776e-03 9.999624e-01 -6.467924e-03 1.113372e+00 -1.635312e-02 6.372585e-03 9.998460e-01 -1.029264e+02
9.997055e-01 -5.613143e-03 -2.361086e-02 1.441595e+01 5.805710e-03 9.999504e-01 8.095229e-03 1.130827e+00 2.356425e-02 -8.229922e-03 9.996884e-01 -1.039505e+02
9.998605e-01 5.824538e-03 1.565526e-02 1.446684e+01 -5.722171e-03 9.999620e-01 -6.575652e-03 1.145743e+00 -1.569297e-02 6.485153e-03 9.998558e-01 -1.048580e+02
9.996471e-01 -5.657911e-03 -2.595520e-02 1.452255e+01 5.860868e-03 9.999528e-01 7.750158e-03 1.152803e+00 2.591013e-02 -7.899544e-03 9.996331e-01 -1.054297e+02
9.998835e-01 5.753865e-03 1.413756e-02 1.459995e+01 -5.659960e-03 9.999617e-01 -6.673224e-03 1.156069e+00 -1.417541e-02 6.592429e-03 9.998778e-01 -1.058740e+02
9.997207e-01 -5.679507e-03 -2.294005e-02 1.467616e+01 5.865476e-03 9.999504e-01 8.047644e-03 1.167145e+00 2.289321e-02 -8.179952e-03 9.997045e-01 -1.066608e+02
9.999156e-01 5.841758e-03 1.160797e-02 1.475372e+01 -5.761249e-03 9.999592e-01 -6.957033e-03 1.170759e+00 -1.164814e-02 6.889570e-03 9.999084e-01 -1.071018e+02
9.997519e-01 -5.756819e-03 -2.151969e-02 1.484480e+01 5.933586e-03 9.999491e-01 8.159406e-03 1.178345e+00 2.147162e-02 -8.285071e-03 9.997351e-01 -1.077480e+02
9.999128e-01 6.019374e-03 1.175273e-02 1.491994e+01 -5.939075e-03 9.999589e-01 -6.855321e-03 1.186266e+00 -1.179351e-02 6.784923e-03 9.999074e-01 -1.083821e+02
9.998024e-01 -5.804541e-03 -1.901176e-02 1.495369e+01 5.966769e-03 9.999462e-01 8.487472e-03 1.203580e+00 1.896147e-02 -8.599234e-03 9.997832e-01 -1.093648e+02
9.999292e-01 5.938079e-03 1.031232e-02 1.500654e+01 -5.866056e-03 9.999583e-01 -7.000345e-03 1.215377e+00 -1.035346e-02 6.939357e-03 9.999223e-01 -1.101333e+02
9.998062e-01 -5.832024e-03 -1.880029e-02 1.505472e+01 5.992730e-03 9.999459e-01 8.503118e-03 1.227761e+00 1.874968e-02 -8.614136e-03 9.997871e-01 -1.109231e+02
9.999501e-01 5.983013e-03 7.996919e-03 1.509583e+01 -5.925098e-03 9.999562e-01 -7.246253e-03 1.232708e+00 -8.039923e-03 7.198510e-03 9.999418e-01 -1.113869e+02
