1.000000e+00 1.197625e-11 1.704638e-10 1.665335e-16 1.197625e-11 1.000000e+00 3.562503e-10 -1.110223e-16 1.704638e-10 3.562503e-10 1.000000e+00 2.220446e-16 0.000000e+00 0.000000e+00 0.000000e+00 1.000000e+00
9.136689e-01 1.190349e-01 -3.886385e-01 -6.059368e-02 -6.724693e-02 9.872482e-01 1.442871e-01 -6.815159e-03 4.008579e-01 -1.056959e-01 9.100227e-01 4.398408e-01
9.998549e-01 1.353404e-02 1.033999e-02 -1.650450e-01 -1.384164e-02 9.994456e-01 3.028033e-02 -1.496804e-02 -9.924445e-03 -3.041906e-02 9.994880e-01 1.034759e+00
9.307301e-01 5.782049e-02 -3.611069e-01 1.112879e-01 -1.366143e-02 9.922300e-01 1.236646e-01 -2.942044e-02 3.654515e-01 -1.101651e-01 9.242883e-01 1.309342e+00
9.999354e-01 8.441407e-03 -7.614233e-03 3.209489e-01 -8.398896e-03 9.999491e-01 5.597844e-03 -3.986856e-02 7.661099e-03 -5.533531e-03 9.999553e-01 1.559434e+00
9.865469e-01 1.198001e-03 -1.634738e-01 6.638208e-01 1.408989e-02 9.956290e-01 9.232736e-02 -5.302600e-02 1.628699e-01 -9.338861e-02 9.822179e-01 1.655173e+00
9.928103e-01 1.018354e-02 1.192646e-01 7.800522e-01 -1.154667e-02 9.998756e-01 1.074403e-02 -6.692486e-02 -1.191403e-01 -1.204389e-02 9.928044e-01 1.969086e+00
9.501610e-01 2.489743e-03 -3.117497e-01 9.917229e-01 2.400329e-02 9.964156e-01 8.111576e-02 -7.667910e-02 3.108342e-01 -8.455606e-02 9.466955e-01 2.102748e+00
9.080081e-01 -1.589490e-02 4.186509e-01 1.030827e+00 3.257284e-02 9.989336e-01 -3.272048e-02 -8.644990e-02 -4.176844e-01 4.334711e-02 9.075576e-01 2.384765e+00
9.757667e-01 1.648642e-02 -2.181917e-01 1.219551e+00 6.264093e-03 9.946442e-01 1.031681e-01 -1.006937e-01 2.187240e-01 -1.020347e-01 9.704374e-01 2.652966e+00
9.553887e-01 -6.614889e-02 2.878486e-01 1.724082e+00 7.961717e-02 9.961995e-01 -3.532360e-02 -1.168723e-01 -2.844180e-01 5.666546e-02 9.570243e-01 2.708021e+00
9.829804e-01 6.785091e-02 -1.707212e-01 1.954271e+00 -4.925883e-02 9.926125e-01 1.108779e-01 -1.316912e-01 1.769831e-01 -1.005813e-01 9.790610e-01 2.858008e+00
9.243044e-01 -1.345298e-01 3.571598e-01 2.351022e+00 1.737778e-01 9.815287e-01 -8.001675e-02 -1.418860e-01 -3.397979e-01 1.360263e-01 9.306096e-01 2.791084e+00
9.096797e-01 1.317790e-01 -3.938491e-01 2.937049e+00 -7.218996e-02 9.840607e-01 1.625212e-01 -1.572320e-01 4.089883e-01 -1.194103e-01 9.046932e-01 2.582223e+00
9.905540e-01 -4.205076e-02 1.305161e-01 2.752571e+00 4.947861e-02 9.973035e-01 -5.419914e-02 -1.582012e-01 -1.278851e-01 6.014493e-02 9.899636e-01 2.897640e+00
9.909812e-01 8.369250e-02 -1.046511e-01 2.681085e+00 -6.690247e-02 9.856849e-01 1.547556e-01 -1.705418e-01 1.161049e-01 -1.463585e-01 9.823944e-01 3.494043e+00
9.498198e-01 1.756948e-01 -2.587928e-01 2.571192e+00 -1.349344e-01 9.765519e-01 1.677470e-01 -2.028130e-01 2.821968e-01 -1.244093e-01 9.512556e-01 5.156247e+00
9.376821e-01 -1.745253e-01 3.004883e-01 2.796146e+00 1.786656e-01 9.838121e-01 1.387255e-02 -2.268425e-01 -2.980451e-01 4.067887e-02 9.536846e-01 5.816497e+00
9.498610e-01 1.461001e-01 -2.764397e-01 3.772244e+00 -9.877501e-02 9.790533e-01 1.780397e-01 -2.583836e-01 2.966608e-01 -1.418077e-01 9.443955e-01 6.196287e+00
9.215128e-01 -1.473367e-01 3.593134e-01 3.987775e+00 1.133339e-01 9.869889e-01 1.140538e-01 -2.936551e-01 -3.714427e-01 -6.437966e-02 9.262211e-01 7.200815e+00
9.862549e-01 1.015066e-01 -1.303754e-01 4.976501e+00 -9.185595e-02 9.927103e-01 7.803048e-02 -3.319355e-01 1.373456e-01 -6.498219e-02 9.883893e-01 7.765031e+00
9.097645e-01 -2.205728e-01 3.516762e-01 6.487776e+00 1.838355e-01 9.736294e-01 1.350935e-01 -3.768475e-01 -3.722003e-01 -5.825275e-02 9.263226e-01 8.122410e+00
9.514123e-01 2.628243e-01 -1.604309e-01 7.449016e+00 -2.382914e-01 9.584236e-01 1.569757e-01 -4.242936e-01 1.950178e-01 -1.111193e-01 9.744848e-01 8.989850e+00
8.564435e-01 -3.470775e-01 3.821541e-01 8.611403e+00 3.027228e-01 9.372793e-01 1.728193e-01 -4.712750e-01 -4.181668e-01 -3.232320e-02 9.077950e-01 9.787953e+00
9.210442e-01 3.571771e-01 -1.552487e-01 9.136118e+00 -3.470185e-01 9.336091e-01 8.917587e-02 -5.132067e-01 1.767932e-01 -2.826074e-02 9.838422e-01 1.060597e+01
9.277360e-01 -3.237434e-01 1.857312e-01 8.965832e+00 3.183214e-01 9.461354e-01 5.915487e-02 -5.288859e-01 -1.948779e-01 4.242124e-03 9.808183e-01 1.156945e+01
8.907692e-01 4.191796e-01 -1.755528e-01 8.817647e+00 -3.944355e-01 9.049785e-01 1.594819e-01 -5.479044e-01 2.257230e-01 -7.281727e-02 9.714663e-01 1.274010e+01
9.420825e-01 -3.310858e-01 5.350544e-02 8.395010e+00 3.317967e-01 9.433390e-01 -4.742077e-03 -5.585921e-01 -4.890374e-02 2.222036e-02 9.985563e-01 1.424147e+01
9.258099e-01 3.652745e-01 9.721454e-02 8.186886e+00 -3.704680e-01 9.279155e-01 4.154800e-02 -5.762313e-01 -7.503046e-02 -7.448043e-02 9.943958e-01 1.553021e+01
9.484919e-01 -2.627171e-01 -1.770392e-01 8.225811e+00 2.845680e-01 9.521298e-01 1.116685e-01 -6.008469e-01 1.392271e-01 -1.562964e-01 9.778483e-01 1.649400e+01
9.321287e-01 3.613039e-01 -2.440412e-02 7.824660e+00 -3.614649e-01 9.323827e-01 -2.389740e-03 -6.067779e-01 2.189056e-02 1.104878e-02 9.996993e-01 1.775422e+01
9.185599e-01 -2.675674e-01 -2.909559e-01 7.315219e+00 2.799039e-01 9.600277e-01 8.124135e-04 -6.052995e-01 2.791084e-01 -8.218596e-02 9.567361e-01 1.888437e+01
9.355294e-01 3.531979e-01 6.001022e-03 6.842995e+00 -3.506555e-01 9.264725e-01 1.367090e-01 -6.065427e-01 4.272554e-02 -1.299996e-01 9.905931e-01 2.005558e+01
9.359868e-01 -2.712961e-01 -2.243370e-01 6.336659e+00 2.468435e-01 9.601301e-01 -1.312191e-01 -6.068609e-01 2.509920e-01 6.744325e-02 9.656368e-01 2.125300e+01
9.520605e-01 3.026791e-01 4.434016e-02 5.676611e+00 -3.052840e-01 9.308149e-01 2.009607e-01 -6.008440e-01 1.955412e-02 -2.048631e-01 9.785953e-01 2.251678e+01
9.600947e-01 -2.393442e-01 -1.446807e-01 4.923044e+00 2.026077e-01 9.518372e-01 -2.301217e-01 -5.899920e-01 1.927908e-01 1.916252e-01 9.623469e-01 2.379844e+01
9.025595e-01 3.304275e-01 -2.760506e-01 3.856238e+00 -2.175039e-01 9.032148e-01 3.699933e-01 -5.647005e-01 3.715890e-01 -2.738989e-01 8.870744e-01 2.520765e+01
8.413500e-01 -1.895821e-01 5.061510e-01 3.047705e+00 3.626174e-01 8.924220e-01 -2.684987e-01 -5.538560e-01 -4.007977e-01 4.094405e-01 8.195851e-01 2.642885e+01
9.182383e-01 3.548748e-01 -1.757908e-01 2.303219e+00 -2.631393e-01 8.784492e-01 3.988542e-01 -5.476726e-01 2.959666e-01 -3.199858e-01 9.000072e-01 2.761122e+01
9.585420e-01 -2.267661e-01 1.725526e-01 1.142067e+00 2.749890e-01 8.948646e-01 -3.515655e-01 -5.224070e-01 -7.468806e-02 3.844404e-01 9.201235e-01 2.905946e+01
9.338333e-01 2.447758e-01 2.608451e-01 5.963514e-01 -3.139099e-01 9.104050e-01 2.694870e-01 -5.273582e-01 -1.715108e-01 -3.335378e-01 9.270041e-01 3.074792e+01
9.002153e-01 -3.467610e-01 2.633803e-01 1.871136e-01 3.939701e-01 9.062239e-01 -1.534463e-01 -5.403379e-01 -1.854723e-01 2.418987e-01 9.524101e-01 3.238287e+01
8.855978e-01 3.376165e-01 3.189539e-01 -1.608979e-01 -3.757485e-01 9.244574e-01 6.474279e-02 -5.549864e-01 -2.730010e-01 -1.771825e-01 9.455563e-01 3.391222e+01
8.293166e-01 -5.303971e-01 1.758203e-01 7.089861e-02 5.436225e-01 8.386291e-01 -3.428901e-02 -5.693946e-01 -1.292612e-01 1.240163e-01 9.838249e-01 3.424032e+01
8.665784e-01 4.689142e-01 -1.707668e-01 2.305965e-01 -4.445944e-01 8.808498e-01 1.626023e-01 -5.786188e-01 2.266664e-01 -6.498571e-02 9.718020e-01 3.428918e+01
9.310648e-01 -3.445483e-01 -1.200199e-01 2.019031e-01 3.404933e-01 9.387264e-01 -5.345117e-02 -5.949457e-01 1.310823e-01 8.900539e-03 9.913315e-01 3.509069e+01
9.205348e-01 3.540001e-01 1.652260e-01 2.573018e-01 -3.879184e-01 8.783185e-01 2.794208e-01 -6.248912e-01 -4.620603e-02 -3.213108e-01 9.458459e-01 3.626800e+01
9.024217e-01 -4.108059e-01 1.298985e-01 6.890263e-01 4.209497e-01 9.049244e-01 -6.255560e-02 -6.558903e-01 -9.185010e-02 1.111323e-01 9.895520e-01 3.709275e+01
8.704675e-01 4.127612e-01 2.681688e-01 1.134039e+00 -4.623756e-01 8.725113e-01 1.579013e-01 -6.905305e-01 -1.688048e-01 -2.614426e-01 9.503435e-01 3.797021e+01
8.428627e-01 -5.000359e-01 1.988631e-01 1.195403e+00 4.908695e-01 8.658542e-01 9.666249e-02 -7.182445e-01 -2.205212e-01 1.614264e-02 9.752486e-01 3.907195e+01
8.453630e-01 5.099491e-01 -1.591016e-01 8.303822e-01 -5.068303e-01 8.597611e-01 6.272004e-02 -7.226705e-01 1.687734e-01 2.761632e-02 9.852679e-01 4.003323e+01
8.222064e-01 -5.169215e-01 2.382619e-01 6.042603e-01 4.788077e-01 8.544750e-01 2.015334e-01 -7.385826e-01 -3.077658e-01 -5.162041e-02 9.500608e-01 4.123606e+01
8.637747e-01 4.567486e-01 -2.127769e-01 2.481278e-01 -4.828422e-01 8.710347e-01 -9.034330e-02 -7.408912e-01 1.440719e-01 1.807739e-01 9.729153e-01 4.207481e+01
8.014601e-01 -5.379928e-01 2.612000e-01 -3.905457e-02 4.860279e-01 8.404268e-01 2.397074e-01 -7.367677e-01 -3.484803e-01 -6.516539e-02 9.350481e-01 4.230250e+01
8.036573e-01 4.837950e-01 -3.465218e-01 -2.114572e-01 -5.248154e-01 8.507065e-01 -2.944752e-02 -7.352011e-01 2.805418e-01 2.055257e-01 9.375796e-01 4.233702e+01
7.865273e-01 -5.483448e-01 2.840646e-01 -3.855287e-01 4.947405e-01 8.347877e-01 2.415809e-01 -7.338292e-01 -3.696032e-01 -4.947175e-02 9.278718e-01 4.237610e+01
8.869909e-01 4.567073e-01 -6.830571e-02 -2.532910e-01 -4.614449e-01 8.708915e-01 -1.691645e-01 -7.491701e-01 -1.777182e-02 1.815667e-01 9.832180e-01 4.258694e+01
7.568508e-01 -5.276647e-01 3.856771e-01 6.671947e-02 3.282385e-01 8.171467e-01 4.738468e-01 -7.716403e-01 -5.651870e-01 -2.320373e-01 7.916580e-01 4.282141e+01
8.637863e-01 3.651243e-01 -3.472140e-01 2.373249e-01 -4.586599e-01 8.550617e-01 -2.418690e-01 -7.924014e-01 2.085771e-01 3.681762e-01 9.060584e-01 4.317182e+01
7.188280e-01 -5.193953e-01 4.620767e-01 5.073838e-01 2.118880e-01 7.967435e-01 5.659534e-01 -8.135854e-01 -6.621102e-01 -3.089146e-01 6.827751e-01 4.340798e+01
9.508257e-01 1.604766e-01 -2.649108e-01 8.245433e-01 -2.746648e-01 8.321628e-01 -4.817305e-01 -8.268555e-01 1.431425e-01 5.308034e-01 8.353191e-01 4.344450e+01
7.292908e-01 -3.475757e-01 5.893438e-01 1.236344e+00 -6.860560e-02 8.198677e-01 5.684279e-01 -8.437942e-01 -6.807556e-01 -4.549815e-01 5.740763e-01 4.347873e+01
9.765248e-01 -1.607906e-01 -1.433378e-01 1.580944e+00 5.736932e-02 8.355376e-01 -5.464299e-01 -8.590169e-01 2.076250e-01 5.253791e-01 8.251477e-01 4.351420e+01
7.444920e-01 -3.529549e-02 6.666978e-01 1.719809e+00 -3.157488e-01 8.612488e-01 3.981873e-01 -8.705370e-01 -5.882469e-01 -5.069563e-01 6.300483e-01 4.356106e+01
8.866586e-01 -4.189380e-01 -1.957742e-01 1.633894e+00 2.916586e-01 8.351761e-01 -4.662790e-01 -8.734160e-01 3.588480e-01 3.563310e-01 8.627029e-01 4.355648e+01
6.628281e-01 2.142367e-01 7.174688e-01 1.561052e+00 -4.357534e-01 8.895885e-01 1.369357e-01 -8.763089e-01 -6.089153e-01 -4.034043e-01 6.829986e-01 4.353683e+01
8.105260e-01 -5.209589e-01 -2.676740e-01 1.537038e+00 4.590623e-01 8.488738e-01 -2.620592e-01 -8.811695e-01 3.637435e-01 8.952676e-02 9.271869e-01 4.355597e+01
6.078430e-01 3.921272e-01 6.904803e-01 1.537498e+00 -4.145976e-01 8.983466e-01 -1.451973e-01 -8.875912e-01 -6.772265e-01 -1.980144e-01 7.086287e-01 4.360072e+01
8.064273e-01 -5.065245e-01 -3.051360e-01 1.586042e+00 5.369207e-01 8.434204e-01 1.892410e-02 -8.950115e-01 2.477724e-01 -1.790947e-01 9.521207e-01 4.362255e+01
6.727340e-01 4.627226e-01 5.773359e-01 1.548862e+00 -2.799241e-01 8.814801e-01 -3.803094e-01 -8.993351e-01 -6.848879e-01 9.423684e-02 7.225289e-01 4.357598e+01
8.445897e-01 -3.563306e-01 -3.996208e-01 1.462740e+00 4.773736e-01 8.391432e-01 2.606781e-01 -9.014295e-01 2.424515e-01 -4.109345e-01 8.788345e-01 4.350142e+01
7.994939e-01 3.843437e-01 4.616160e-01 1.985159e+00 -1.274954e-01 8.595664e-01 -4.948641e-01 -9.087587e-01 -5.869875e-01 3.367870e-01 7.362202e-01 4.327594e+01
5.315940e-01 -1.941160e-01 -8.244555e-01 3.252917e+00 5.817504e-01 7.911448e-01 1.888290e-01 -9.165869e-01 6.156090e-01 -5.800076e-01 5.334949e-01 4.254583e+01
5.548571e-01 5.349272e-01 6.371707e-01 4.053538e+00 -1.160784e-01 8.081666e-01 -5.774016e-01 -9.314384e-01 -8.238079e-01 2.464136e-01 5.105104e-01 4.217078e+01
7.186268e-01 -1.677821e-01 -6.748517e-01 4.725842e+00 5.348057e-01 7.536319e-01 3.821281e-01 -9.423902e-01 4.444755e-01 -6.355220e-01 6.313108e-01 4.195213e+01
6.250740e-01 4.818533e-01 6.140847e-01 5.465976e+00 3.547986e-02 7.683653e-01 -6.390273e-01 -9.598336e-01 -7.797588e-01 4.212270e-01 4.631891e-01 4.172875e+01
9.040375e-01 -3.018308e-02 -4.263862e-01 5.666604e+00 3.097477e-01 7.336696e-01 6.048019e-01 -9.706472e-01 2.945718e-01 -6.788357e-01 6.726139e-01 4.173113e+01
7.039698e-01 2.398794e-01 6.684941e-01 5.734183e+00 3.460602e-01 7.060946e-01 -6.177967e-01 -9.778018e-01 -6.202168e-01 6.662494e-01 4.140566e-01 4.167779e+01
8.147144e-01 2.655249e-01 -5.154967e-01 6.437769e+00 2.174222e-01 6.842569e-01 6.960748e-01 -9.877824e-01 5.375574e-01 -6.791826e-01 4.997429e-01 4.138812e+01
6.410979e-01 1.648696e-01 7.495409e-01 7.309487e+00 4.644869e-01 6.941129e-01 -5.499629e-01 -1.008773e+00 -6.109382e-01 7.007319e-01 3.684146e-01 4.116249e+01
9.053644e-01 3.797242e-01 -1.900653e-01 7.711716e+00 -1.477017e-01 7.012548e-01 6.974424e-01 -1.022120e+00 3.981199e-01 -6.033666e-01 6.909770e-01 4.112390e+01
6.498322e-01 -2.138034e-01 7.293876e-01 8.121030e+00 6.522768e-01 6.495023e-01 -3.907452e-01 -1.035676e+00 -3.901962e-01 7.296814e-01 5.615265e-01 4.104660e+01
8.101427e-01 5.796923e-01 -8.732496e-02 8.247253e+00 -4.268588e-01 6.854164e-01 5.899118e-01 -1.043684e+00 4.018213e-01 -4.406373e-01 8.027319e-01 4.102941e+01
4.844209e-01 -4.777669e-01 7.328541e-01 8.407717e+00 7.786455e-01 6.173466e-01 -1.122247e-01 -1.053270e+00 -3.988078e-01 6.249975e-01 6.710666e-01 4.103065e+01
3.401272e-01 7.590292e-01 -5.551470e-01 9.063029e+00 -1.061746e-01 6.175654e-01 7.793202e-01 -1.053019e+00 9.343663e-01 -2.061255e-01 2.906404e-01 4.041019e+01
7.365473e-01 -1.650324e-01 6.559439e-01 9.758593e+00 6.043082e-01 5.961740e-01 -5.285719e-01 -1.057963e+00 -3.038252e-01 7.857104e-01 5.388408e-01 3.990944e+01
8.163329e-01 5.755814e-01 -4.802749e-02 1.014445e+01 -3.752215e-01 5.917038e-01 7.135093e-01 -1.071219e+00 4.391007e-01 -5.644401e-01 6.989978e-01 3.987679e+01
5.029141e-01 -4.178475e-01 7.566247e-01 1.037237e+01 8.133648e-01 5.249537e-01 -2.507214e-01 -1.080942e+00 -2.924296e-01 7.415032e-01 6.038691e-01 3.977062e+01
6.594992e-01 7.514339e-01 -2.019354e-02 1.054574e+01 -6.589970e-01 5.908781e-01 4.653879e-01 -1.089575e+00 3.616402e-01 -2.936155e-01 8.848764e-01 3.968342e+01
3.562885e-01 -7.010866e-01 6.176861e-01 1.082653e+01 8.481617e-01 5.200193e-01 1.010032e-01 -1.100986e+00 -3.920207e-01 4.879114e-01 7.799117e-01 3.966419e+01
5.773566e-01 8.045868e-01 -1.389223e-01 1.117059e+01 -8.032528e-01 5.902287e-01 8.009377e-02 -1.114187e+00 1.464383e-01 6.534710e-02 9.870591e-01 3.967250e+01
4.808459e-01 -8.465296e-01 2.284183e-01 1.178949e+01 8.006867e-01 5.301096e-01 2.790782e-01 -1.128748e+00 -3.573347e-01 4.869793e-02 9.327060e-01 3.954302e+01
5.748233e-01 7.977605e-01 -1.820888e-01 1.229266e+01 -8.177923e-01 5.524160e-01 -1.614071e-01 -1.144307e+00 -2.817543e-02 2.416914e-01 9.699440e-01 3.942712e+01
4.342983e-01 -8.787861e-01 1.977876e-01 1.285163e+01 6.635399e-01 4.606096e-01 5.895368e-01 -1.158747e+00 -6.091796e-01 -1.247949e-01 7.831516e-01 3.932176e+01
6.180613e-01 6.548019e-01 -4.350111e-01 1.367524e+01 -7.854270e-01 5.377459e-01 -3.064863e-01 -1.175315e+00 3.323759e-02 5.310968e-01 8.466590e-01 3.910868e+01
5.266288e-01 -8.322544e-01 1.732474e-01 1.442342e+01 4.823302e-01 4.603475e-01 7.452769e-01 -1.193133e+00 -7.000140e-01 -3.089219e-01 6.438537e-01 3.897612e+01
4.121957e-01 4.979393e-01 -7.629883e-01 1.539246e+01 -8.455858e-01 5.208880e-01 -1.168775e-01 -1.202210e+00 3.392336e-01 6.933485e-01 6.357582e-01 3.846969e+01
4.676419e-01 -8.732133e-01 1.371482e-01 1.636122e+01 7.002728e-01 4.606769e-01 5.453392e-01 -1.210688e+00 -5.393784e-01 -1.589824e-01 8.269193e-01 3.793157e+01
4.746934e-01 7.227561e-01 -5.022846e-01 1.714667e+01 -8.657123e-01 4.863561e-01 -1.183216e-01 -1.224223e+00 1.587715e-01 4.910004e-01 8.565688e-01 3.761189e+01
3.990398e-01 -9.035979e-01 1.558145e-01 1.789728e+01 6.907259e-01 4.079839e-01 5.970317e-01 -1.237594e+00 -6.030464e-01 -1.306143e-01 7.869403e-01 3.735200e+01
5.792549e-01 6.903595e-01 -4.334368e-01 1.833547e+01 -8.134201e-01 4.549525e-01 -3.624444e-01 -1.253590e+00 -5.302377e-02 5.625139e-01 8.250858e-01 3.728246e+01
4.522967e-01 -8.699491e-01 1.965103e-01 1.867240e+01 3.824831e-01 3.882487e-01 8.384329e-01 -1.267277e+00 -8.056887e-01 -3.040586e-01 5.083444e-01 3.730682e+01
5.723130e-01 4.006113e-01 -7.155197e-01 1.943324e+01 -8.018866e-01 4.559591e-01 -3.861078e-01 -1.281196e+00 1.715686e-01 7.947402e-01 5.821961e-01 3.705190e+01
5.180889e-01 -8.515270e-01 8.053360e-02 2.028043e+01 5.102712e-01 3.832733e-01 7.698862e-01 -1.289842e+00 -6.864453e-01 -3.577755e-01 6.330794e-01 3.659973e+01
7.933232e-02 5.437414e-01 -8.354949e-01 2.116096e+01 -8.848939e-01 4.243228e-01 1.921271e-01 -1.290284e+00 4.589870e-01 7.240825e-01 5.148160e-01 3.588679e+01
8.418859e-02 -9.107773e-01 4.042240e-01 2.183328e+01 6.171603e-01 3.661500e-01 6.964534e-01 -1.300672e+00 -7.823206e-01 1.908376e-01 5.929212e-01 3.556897e+01
3.525612e-01 6.160072e-01 -7.044400e-01 2.242457e+01 -9.062861e-01 4.122966e-01 -9.304352e-02 -1.315301e+00 2.331227e-01 6.712277e-01 7.036385e-01 3.544276e+01
1.975959e-01 -9.368325e-01 2.886188e-01 2.305567e+01 3.860825e-01 3.450004e-01 8.555203e-01 -1.330571e+00 -9.010528e-01 -5.761663e-02 4.298653e-01 3.531105e+01
5.010881e-01 3.864248e-01 -7.743297e-01 2.359300e+01 -8.473899e-01 4.006718e-01 -3.484142e-01 -1.345566e+00 1.756162e-01 8.307454e-01 5.282244e-01 3.524949e+01
3.571810e-01 -8.866362e-01 2.937652e-01 2.409626e+01 9.781991e-02 3.482910e-01 9.322685e-01 -1.361974e+00 -9.288988e-01 -3.042525e-01 2.111336e-01 3.527375e+01
5.711589e-01 1.209611e-01 -8.118780e-01 2.471099e+01 -7.746918e-01 4.064010e-01 -4.844490e-01 -1.379644e+00 2.713486e-01 9.056526e-01 3.258271e-01 3.523813e+01
5.108022e-01 -8.197115e-01 2.591412e-01 2.537939e+01 8.026050e-02 3.455861e-01 9.349484e-01 -1.393321e+00 -8.559436e-01 -4.567749e-01 2.423166e-01 3.506761e+01
3.670811e-01 1.088760e-01 -9.237951e-01 2.618841e+01 -8.659797e-01 4.025815e-01 -2.966603e-01 -1.402621e+00 3.396036e-01 9.088862e-01 2.420645e-01 3.465855e+01
3.794853e-01 -8.987988e-01 2.194347e-01 2.703631e+01 2.928586e-01 3.416739e-01 8.930245e-01 -1.411663e+00 -8.776245e-01 -2.746263e-01 3.928812e-01 3.423958e+01
4.220796e-01 3.440362e-01 -8.387418e-01 2.793015e+01 -8.764784e-01 3.912144e-01 -2.806010e-01 -1.427594e+00 2.315910e-01 8.535751e-01 4.666640e-01 3.394251e+01
4.129202e-01 -9.019265e-01 1.265915e-01 2.871665e+01 4.705755e-01 3.302808e-01 8.182135e-01 -1.438381e+00 -7.797792e-01 -2.782860e-01 5.608042e-01 3.357769e+01
5.071224e-01 4.740839e-01 -7.197718e-01 2.939781e+01 -8.518314e-01 4.028139e-01 -3.348495e-01 -1.451714e+00 1.311874e-01 7.829339e-01 6.081155e-01 3.337659e+01
4.260251e-01 -8.774410e-01 -2.204538e-01 3.023134e+01 8.671642e-01 3.265648e-01 3.760076e-01 -1.451481e+00 -2.579321e-01 -3.513583e-01 9.000102e-01 3.267498e+01
-3.453312e-02 8.914336e-01 -4.518336e-01 3.113089e+01 -6.248320e-01 3.335910e-01 7.059051e-01 -1.438903e+00 7.799952e-01 3.066972e-01 5.454763e-01 3.150628e+01
6.960509e-01 -6.802594e-01 2.296962e-01 3.200772e+01 5.662715e-01 3.234346e-01 -7.581072e-01 -1.422755e+00 4.414179e-01 6.577516e-01 6.103385e-01 3.025435e+01
6.228714e-01 5.443010e-01 -5.619321e-01 3.292792e+01 5.081789e-01 2.646086e-01 8.195953e-01 -1.404958e+00 5.947986e-01 -7.960645e-01 -1.117851e-01 2.892419e+01
7.649914e-01 4.742192e-01 -4.357801e-01 3.380353e+01 -6.130985e-01 3.290073e-01 -7.182370e-01 -1.388233e+00 -1.972270e-01 8.166213e-01 5.424309e-01 2.763376e+01
-4.892599e-02 -5.838844e-01 -8.103612e-01 3.472496e+01 9.268945e-01 2.757324e-01 -2.546335e-01 -1.371023e+00 3.721194e-01 -7.635775e-01 5.277088e-01 2.633382e+01
4.023021e-01 8.980867e-01 1.777452e-01 3.563996e+01 -8.730165e-01 3.178695e-01 3.698666e-01 -1.354793e+00 2.756724e-01 -3.039726e-01 9.119240e-01 2.504218e+01
3.087156e-01 -8.838489e-01 -3.514339e-01 3.651792e+01 -6.167201e-02 3.501036e-01 -9.346786e-01 -1.337023e+00 9.491529e-01 3.102235e-01 5.357370e-02 2.373295e+01
9.912944e-01 -1.183196e-01 -5.775718e-02 3.746020e+01 9.256593e-02 3.143329e-01 9.447891e-01 -1.321459e+00 -9.363208e-02 -9.419105e-01 3.225488e-01 2.241258e+01
7.477861e-02 1.207417e-01 -9.898634e-01 3.828793e+01 -9.262379e-01 3.761690e-01 -2.408766e-02 -1.301825e+00 3.694475e-01 9.186503e-01 1.399650e-01 2.102755e+01
3.204332e-01 -9.472605e-01 4.473526e-03 3.903817e+01 9.339190e-01 3.167032e-01 1.658141e-01 -1.285341e+00 -1.584860e-01 -4.895445e-02 9.861469e-01 1.984423e+01
3.730564e-02 9.491840e-01 -3.125029e-01 3.982220e+01 -4.235420e-01 2.982616e-01 8.553667e-01 -1.273470e+00 9.051080e-01 1.004481e-01 4.131461e-01 1.879832e+01
7.599028e-01 -4.836849e-01 4.342772e-01 4.045653e+01 6.108406e-01 3.028594e-01 -7.315394e-01 -1.264578e+00 2.223096e-01 8.211730e-01 5.255981e-01 1.793231e+01
6.539450e-01 6.013242e-01 -4.590917e-01 4.097372e+01 4.065965e-01 2.323907e-01 8.835575e-01 -1.256528e+00 6.379932e-01 -7.644630e-01 -9.252562e-02 1.717668e+01
8.960425e-01 3.704469e-01 -2.446977e-01 4.155649e+01 -3.643003e-01 2.984680e-01 -8.821577e-01 -1.245598e+00 -2.537582e-01 8.795942e-01 4.023939e-01 1.630161e+01
1.892090e-01 -3.320146e-01 -9.241030e-01 4.218034e+01 9.631915e-01 2.457640e-01 1.089135e-01 -1.234526e+00 1.909503e-01 -9.106956e-01 3.662944e-01 1.536651e+01
3.133664e-01 9.486099e-01 4.405501e-02 4.269539e+01 -8.834251e-01 3.082236e-01 -3.529283e-01 -1.229013e+00 -3.483700e-01 7.167656e-02 9.346126e-01 1.469795e+01
-4.354309e-02 -8.576474e-01 -5.123914e-01 4.335873e+01 7.665087e-01 3.002623e-01 -5.677209e-01 -1.226205e+00 6.407561e-01 -4.174728e-01 6.443198e-01 1.402759e+01
3.232006e-01 7.305878e-01 6.014838e-01 4.378736e+01 -9.389426e-01 3.268357e-01 1.075418e-01 -1.226328e+00 -1.180177e-01 -5.995164e-01 7.916135e-01 1.357666e+01
9.464370e-02 -9.292708e-01 -3.570691e-01 4.457523e+01 1.194930e-01 3.666903e-01 -9.226373e-01 -1.223218e+00 9.883137e-01 4.465454e-02 1.457463e-01 1.284246e+01
6.815178e-01 5.572558e-02 7.296767e-01 4.538878e+01 -7.026529e-01 3.284391e-01 6.311946e-01 -1.225127e+00 -2.044807e-01 -9.428799e-01 2.629928e-01 1.217071e+01
5.672679e-01 -7.048015e-01 -4.259836e-01 4.603444e+01 -1.924177e-01 3.895134e-01 -9.006968e-01 -1.230350e+00 8.007388e-01 5.929031e-01 8.534216e-02 1.177155e+01
7.021809e-01 -2.411169e-01 6.699288e-01 4.662167e+01 -5.767993e-01 3.589941e-01 7.337750e-01 -1.238695e+00 -4.174261e-01 -9.016573e-01 1.130027e-01 1.145254e+01
6.751316e-01 -5.955538e-01 -4.353310e-01 4.720404e+01 -2.014808e-01 4.188218e-01 -8.854342e-01 -1.249016e+00 7.096498e-01 6.854954e-01 1.627672e-01 1.123168e+01
6.605063e-01 -2.583703e-01 7.049654e-01 4.773697e+01 -5.848608e-01 4.117219e-01 6.988726e-01 -1.260508e+00 -4.708176e-01 -8.739164e-01 1.208343e-01 1.104395e+01
5.764820e-01 -5.985588e-01 -5.562337e-01 4.826948e+01 -3.130686e-01 4.669889e-01 -8.269882e-01 -1.267439e+00 7.547560e-01 6.508831e-01 8.182077e-02 1.075575e+01
6.978254e-01 -3.584464e-01 6.201257e-01 4.886272e+01 -4.569352e-01 4.439415e-01 7.707958e-01 -1.274546e+00 -5.515885e-01 -8.212381e-01 1.460069e-01 1.041370e+01
7.058154e-01 -4.473196e-01 -5.492994e-01 4.933171e+01 -3.164242e-01 4.946788e-01 -8.094249e-01 -1.285413e+00 6.337984e-01 7.451162e-01 2.076091e-01 1.027851e+01
8.868490e-01 -3.762153e-01 2.682554e-01 5.000040e+01 -5.818890e-02 4.850077e-01 8.725718e-01 -1.287166e+00 -4.583808e-01 -7.894489e-01 4.082371e-01 9.779365e+00
6.011696e-01 -1.919495e-02 -7.988909e-01 5.068371e+01 -6.674964e-01 5.375927e-01 -5.152113e-01 -1.291106e+00 4.393674e-01 8.429862e-01 3.103718e-01 9.260622e+00
5.187413e-01 -7.078443e-01 4.794411e-01 5.115226e+01 -9.645761e-02 5.087565e-01 8.554898e-01 -1.301631e+00 -8.494724e-01 -4.900237e-01 1.956361e-01 9.123187e+00
7.675030e-01 -1.390238e-01 -6.257887e-01 5.141830e+01 -4.649587e-01 5.513075e-01 -6.927291e-01 -1.312327e+00 4.413078e-01 8.226375e-01 3.584898e-01 9.104157e+00
7.817808e-01 -5.191739e-01 3.453653e-01 5.185599e+01 -1.601843e-02 5.369624e-01 8.434541e-01 -1.316508e+00 -6.233475e-01 -6.649285e-01 4.114706e-01 8.766162e+00
5.731579e-01 -1.742071e-02 -8.192597e-01 5.247425e+01 -6.495707e-01 5.998205e-01 -4.671972e-01 -1.321836e+00 4.995477e-01 7.999449e-01 3.324759e-01 8.330925e+00
6.804232e-01 -6.932831e-01 2.374508e-01 5.287356e+01 3.004117e-01 5.594297e-01 7.725226e-01 -1.322848e+00 -6.684139e-01 -4.543093e-01 5.889193e-01 7.918793e+00
3.524611e-01 3.497392e-01 -8.680171e-01 5.325674e+01 -8.015576e-01 5.915343e-01 -8.713555e-02 -1.323810e+00 4.829872e-01 7.264776e-01 4.888289e-01 7.552120e+00
2.526172e-01 -8.372763e-01 4.849258e-01 5.363848e+01 2.680201e-01 5.421223e-01 7.964098e-01 -1.334271e+00 -9.297041e-01 -7.121696e-02 3.613563e-01 7.483708e+00
5.075541e-01 2.876717e-01 -8.121785e-01 5.406613e+01 -7.653672e-01 5.834590e-01 -2.716406e-01 -1.347820e+00 3.957295e-01 7.594871e-01 5.163115e-01 7.477716e+00
5.196649e-01 -8.051959e-01 2.856712e-01 5.471626e+01 4.485544e-01 5.417032e-01 7.108844e-01 -1.355516e+00 -7.271502e-01 -2.412825e-01 6.426783e-01 7.132659e+00
1.961900e-01 4.828860e-01 -8.534229e-01 5.549673e+01 -8.087028e-01 5.718793e-01 1.376727e-01 -1.361653e+00 5.545351e-01 6.631555e-01 5.027083e-01 6.677728e+00
3.013707e-01 -8.424452e-01 4.466115e-01 5.607783e+01 6.227725e-01 5.285914e-01 5.768411e-01 -1.370777e+00 -7.220320e-01 1.042943e-01 6.839536e-01 6.386735e+00
5.744632e-01 6.133394e-01 -5.420395e-01 5.633236e+01 -7.915331e-01 5.849301e-01 -1.770091e-01 -1.383415e+00 2.084885e-01 5.307274e-01 8.214992e-01 6.440912e+00
3.651855e-01 -8.363540e-01 4.088417e-01 5.661516e+01 3.438794e-01 5.293035e-01 7.756190e-01 -1.397508e+00 -8.650934e-01 -1.426526e-01 4.808988e-01 6.525353e+00
4.024679e-02 5.274623e-01 -8.486246e-01 5.661329e+01 -8.663435e-01 4.415727e-01 2.333722e-01 -1.411036e+00 4.978244e-01 7.258079e-01 4.747354e-01 7.032943e+00
4.220086e-01 -8.851947e-01 1.958038e-01 5.643971e+01 7.862764e-01 4.648799e-01 4.070086e-01 -1.417620e+00 -4.513071e-01 -1.780524e-02 8.921910e-01 7.834473e+00
4.214153e-01 8.531643e-01 -3.074408e-01 5.681095e+01 -9.008932e-01 4.326983e-01 -3.411202e-02 -1.441493e+00 1.039260e-01 2.913467e-01 9.509556e-01 8.214466e+00
4.256752e-01 -9.048338e-01 8.743573e-03 5.717519e+01 8.114443e-01 3.859811e-01 4.388358e-01 -1.465345e+00 -4.004483e-01 -1.797066e-01 8.985247e-01 8.421461e+00
4.637683e-01 8.537283e-01 -2.367847e-01 5.726796e+01 -8.720286e-01 3.926682e-01 -2.921948e-01 -1.484542e+00 -1.564772e-01 3.419937e-01 9.265825e-01 8.910065e+00
4.710930e-01 -7.660065e-01 -4.373847e-01 5.725571e+01 8.817051e-01 4.234473e-01 2.080588e-01 -1.500445e+00 2.583500e-02 -4.836593e-01 8.748750e-01 9.574945e+00
4.037204e-01 9.147578e-01 1.510125e-02 5.724947e+01 -8.947087e-01 3.982115e-01 -2.022965e-01 -1.511095e+00 -1.910658e-01 6.816001e-02 9.792079e-01 1.001402e+01
3.927571e-01 -8.634619e-01 -3.165050e-01 5.740861e+01 9.153390e-01 4.002932e-01 4.381603e-02 -1.523760e+00 8.886129e-02 -3.069184e-01 9.475784e-01 1.015882e+01
3.871481e-01 9.009468e-01 1.959878e-01 5.804189e+01 -8.433874e-01 4.319339e-01 -3.195792e-01 -1.540794e+00 -3.725776e-01 -4.156914e-02 9.270696e-01 1.015242e+01
3.924040e-01 -7.864457e-01 -4.769930e-01 5.858038e+01 8.943634e-01 4.473375e-01 -1.792065e-03 -1.561816e+00 2.147862e-01 -4.259018e-01 8.789053e-01 1.021675e+01
4.493493e-01 8.735774e-01 1.869432e-01 5.893362e+01 -8.619188e-01 4.789627e-01 -1.664053e-01 -1.569516e+00 -2.349067e-01 -8.635574e-02 9.681743e-01 1.010601e+01
3.804414e-01 -8.476679e-01 -3.697613e-01 5.940189e+01 8.588804e-01 4.721046e-01 -1.985993e-01 -1.579674e+00 3.429123e-01 -2.420254e-01 9.076535e-01 9.945179e+00
4.353786e-01 8.377344e-01 3.296158e-01 5.962000e+01 -8.959376e-01 4.389906e-01 6.769876e-02 -1.591443e+00 -8.798465e-02 -3.247898e-01 9.416848e-01 1.008405e+01
4.463360e-01 -8.879042e-01 -1.114010e-01 6.001832e+01 8.745248e-01 4.591892e-01 -1.560502e-01 -1.608882e+00 1.897118e-01 -2.777214e-02 9.814470e-01 1.019542e+01
5.295015e-01 8.481541e-01 -1.621290e-02 6.061258e+01 -7.557154e-01 4.803023e-01 4.452011e-01 -1.609454e+00 3.853862e-01 -2.234823e-01 8.952838e-01 9.654670e+00
6.223521e-01 -7.765315e-01 -9.837014e-02 6.120100e+01 5.094724e-01 4.972773e-01 -7.022487e-01 -1.605848e+00 5.942355e-01 3.869291e-01 7.051029e-01 8.999964e+00
7.244565e-01 4.644856e-01 5.093289e-01 6.174100e+01 -6.892705e-01 4.792233e-01 5.433702e-01 -1.614401e+00 8.305309e-03 -7.447134e-01 6.673327e-01 8.733935e+00
6.767448e-01 -7.177256e-01 1.639708e-01 6.221970e+01 6.651136e-01 5.005350e-01 -5.541557e-01 -1.631224e+00 3.156586e-01 4.840812e-01 8.161036e-01 8.752599e+00
7.263574e-01 6.041812e-01 3.276737e-01 6.283174e+01 -6.572881e-01 4.712243e-01 5.881496e-01 -1.645952e+00 2.009411e-01 -6.425829e-01 7.393983e-01 8.642016e+00
7.455798e-01 -6.663465e-01 -9.649168e-03 6.336939e+01 4.847879e-01 5.522539e-01 -6.782303e-01 -1.661921e+00 4.572652e-01 5.009970e-01 7.347861e-01 8.600418e+00
8.202591e-01 4.068861e-01 4.020183e-01 6.441660e+01 -5.710323e-01 5.418107e-01 6.167360e-01 -1.677030e+00 3.312343e-02 -7.354487e-01 6.767703e-01 8.248018e+00
8.244837e-01 -5.386138e-01 -1.735561e-01 6.583744e+01 2.344882e-01 6.043076e-01 -7.614641e-01 -1.696534e+00 5.150164e-01 5.871179e-01 6.245404e-01 7.625715e+00
6.262214e-01 1.779487e-01 7.590659e-01 6.666540e+01 -6.872358e-01 5.857601e-01 4.296418e-01 -1.718918e+00 -3.681763e-01 -7.907081e-01 4.891082e-01 7.581056e+00
4.975679e-01 -7.276049e-01 -4.722471e-01 6.846422e+01 1.516345e-01 6.090007e-01 -7.785404e-01 -1.737523e+00 8.540686e-01 3.157677e-01 4.133492e-01 6.845038e+00
8.453511e-01 6.044202e-02 5.307808e-01 7.067456e+01 -4.344511e-01 6.559519e-01 6.172352e-01 -1.751166e+00 -3.108598e-01 -7.523788e-01 5.807688e-01 5.638314e+00
5.579686e-01 -4.128408e-01 -7.198843e-01 7.207975e+01 -3.114282e-01 6.999043e-01 -6.427647e-01 -1.759473e+00 7.692097e-01 5.828348e-01 2.619544e-01 4.721660e+00
8.685699e-01 -3.484320e-01 3.523939e-01 7.274803e+01 -3.841248e-02 6.616174e-01 7.488570e-01 -1.761890e+00 -4.940757e-01 -6.639710e-01 5.612769e-01 4.185665e+00
5.492055e-01 -6.189959e-02 -8.333917e-01 7.396640e+01 -5.504920e-01 7.235160e-01 -4.165131e-01 -1.767022e+00 6.287542e-01 6.875268e-01 3.632837e-01 3.485041e+00
7.154804e-01 -5.951024e-01 3.659794e-01 7.554547e+01 1.886536e-01 6.689627e-01 7.189567e-01 -1.780905e+00 -6.726795e-01 -4.453561e-01 5.908978e-01 2.692872e+00
6.599411e-01 1.398517e-01 -7.381865e-01 7.695083e+01 -5.632502e-01 7.423234e-01 -3.629120e-01 -1.795029e+00 4.972192e-01 6.552843e-01 5.686612e-01 2.083516e+00
7.519355e-01 -6.022006e-01 2.682302e-01 7.840451e+01 3.408143e-01 7.033925e-01 6.237664e-01 -1.809486e+00 -5.643036e-01 -3.776154e-01 7.341444e-01 1.416439e+00
6.173808e-01 3.676460e-01 -6.954692e-01 7.937915e+01 -6.513032e-01 7.347001e-01 -1.897891e-01 -1.824237e+00 4.411861e-01 5.701335e-01 6.930387e-01 1.003591e+00
7.233830e-01 -6.802743e-01 1.180839e-01 8.021401e+01 5.810992e-01 6.922128e-01 4.279779e-01 -1.832618e+00 -3.728816e-01 -2.409735e-01 8.960419e-01 5.614522e-01
6.034312e-01 6.161130e-01 -5.062367e-01 8.099085e+01 -7.053225e-01 7.085573e-01 2.160603e-02 -1.846563e+00 3.720095e-01 3.440224e-01 8.621239e-01 3.120886e-01
6.323307e-01 -7.363914e-01 2.405944e-01 8.126796e+01 6.534456e-01 6.738086e-01 3.449504e-01 -1.858068e+00 -4.161331e-01 -6.090739e-02 9.072616e-01 3.251071e-01
2.298919e-01 7.747321e-01 -5.890160e-01 8.105263e+01 -6.926804e-01 5.553883e-01 4.601497e-01 -1.853443e+00 6.836253e-01 3.022151e-01 6.643210e-01 5.686225e-01
6.102973e-01 -6.982126e-01 3.742144e-01 8.081153e+01 7.793106e-01 6.139550e-01 -1.254364e-01 -1.844783e+00 -1.421695e-01 3.681827e-01 9.188195e-01 7.262595e-01
4.745615e-01 8.215865e-01 -3.158909e-01 8.058687e+01 -5.401690e-01 5.551801e-01 6.324496e-01 -1.838095e+00 6.949884e-01 -1.295017e-01 7.072626e-01 7.274895e-01
7.772747e-01 -5.115588e-01 3.662672e-01 8.034810e+01 6.290338e-01 6.201374e-01 -4.687707e-01 -1.828270e+00 1.266777e-02 5.947581e-01 8.038049e-01 7.731522e-01
6.933096e-01 6.750387e-01 -2.522785e-01 8.011030e+01 -2.743125e-01 5.709310e-01 7.738155e-01 -1.820346e+00 6.663891e-01 -4.672906e-01 5.810036e-01 8.437961e-01
9.351653e-01 -2.467911e-01 2.540866e-01 7.997778e+01 3.541789e-01 6.417546e-01 -6.802267e-01 -1.815281e+00 4.812639e-03 7.261165e-01 6.875548e-01 9.954617e-01
8.141856e-01 4.350090e-01 -3.845374e-01 7.980766e+01 8.925453e-02 5.606567e-01 8.232240e-01 -1.809606e+00 5.737033e-01 -7.045788e-01 4.176521e-01 1.227233e+00
9.868821e-01 1.608602e-01 1.370044e-02 7.957808e+01 -9.165830e-02 6.281360e-01 -7.726862e-01 -1.799696e+00 -1.329002e-01 7.612944e-01 6.346403e-01 1.354318e+00
7.552038e-01 1.262737e-02 -6.553684e-01 7.974524e+01 5.157892e-01 6.055492e-01 6.060294e-01 -1.800080e+00 4.045103e-01 -7.957077e-01 4.508000e-01 1.393949e+00
8.324778e-01 5.353269e-01 1.428487e-01 7.973016e+01 -3.331551e-01 6.896518e-01 -6.429527e-01 -1.804460e+00 -4.427057e-01 4.876531e-01 7.524667e-01 1.615975e+00
6.170703e-01 -2.424719e-01 -7.486198e-01 7.962084e+01 6.392108e-01 7.093038e-01 2.971492e-01 -1.801346e+00 4.589485e-01 -6.618878e-01 5.926810e-01 1.813094e+00
7.017584e-01 6.044169e-01 3.771144e-01 7.991771e+01 -3.688273e-01 7.611189e-01 -5.335396e-01 -1.809649e+00 -6.095092e-01 2.353258e-01 7.570471e-01 1.818107e+00
6.108948e-01 -2.814714e-01 -7.399874e-01 8.034920e+01 6.232657e-01 7.473398e-01 2.302675e-01 -1.821456e+00 4.882083e-01 -6.018780e-01 6.319775e-01 1.904242e+00
7.616540e-01 5.633970e-01 3.201048e-01 8.106520e+01 -4.525829e-01 8.160694e-01 -3.594431e-01 -1.834327e+00 -4.637369e-01 1.288973e-01 8.765464e-01 1.764987e+00
4.826218e-01 -3.287006e-01 -8.118079e-01 8.173040e+01 5.554458e-01 8.315276e-01 -6.471128e-03 -1.846141e+00 6.771677e-01 -4.477922e-01 5.838887e-01 1.681098e+00
5.708983e-01 4.883786e-01 6.599708e-01 8.209879e+01 -4.203258e-01 8.643672e-01 -2.760353e-01 -1.861776e+00 -7.052669e-01 -1.198147e-01 6.987439e-01 1.875421e+00
5.241764e-01 -3.081235e-01 -7.939137e-01 8.254797e+01 4.547302e-01 8.894924e-01 -4.498557e-02 -1.879336e+00 7.200413e-01 -3.374362e-01 6.063640e-01 2.017305e+00
7.094738e-01 3.756577e-01 5.962619e-01 8.277682e+01 -4.612290e-01 8.872229e-01 -1.016699e-02 -1.902493e+00 -5.328365e-01 -2.678001e-01 8.027256e-01 2.573803e+00
4.630956e-01 -1.839281e-01 -8.670138e-01 8.306984e+01 1.579634e-01 9.796965e-01 -1.234600e-01 -1.928004e+00 8.721182e-01 -7.978268e-02 4.827470e-01 3.358635e+00
9.340220e-01 8.309408e-02 3.474166e-01 8.350865e+01 -1.963499e-01 9.318931e-01 3.049949e-01 -1.941968e+00 -2.984118e-01 -3.530872e-01 8.867242e-01 3.686166e+00
6.225111e-01 -8.063513e-02 -7.784458e-01 8.389667e+01 -1.385518e-01 9.676109e-01 -2.110275e-01 -1.950127e+00 7.702488e-01 2.392221e-01 5.911764e-01 3.735295e+00
9.007325e-01 -1.713933e-01 3.991308e-01 8.411928e+01 -3.636177e-02 8.858872e-01 4.624734e-01 -1.969915e+00 -4.328497e-01 -4.310779e-01 7.917152e-01 4.212252e+00
3.799588e-01 2.040391e-01 -9.022191e-01 8.391469e+01 -4.705792e-01 8.823567e-01 1.368283e-03 -1.969344e+00 7.963582e-01 4.240457e-01 4.312758e-01 4.861738e+00
4.490641e-01 -5.196940e-01 7.268146e-01 8.406400e+01 2.144662e-01 8.523606e-01 4.769546e-01 -1.978556e+00 -8.673786e-01 -5.830608e-02 4.942213e-01 5.096223e+00
4.491492e-01 3.191692e-01 -8.345034e-01 8.453371e+01 -5.284397e-01 8.480315e-01 3.992464e-02 -1.997401e+00 7.204279e-01 4.230526e-01 5.495544e-01 5.165380e+00
7.477653e-01 -5.802797e-01 3.226803e-01 8.496970e+01 4.921870e-01 8.106372e-01 3.172055e-01 -2.003091e+00 -4.456445e-01 -7.837626e-02 8.917725e-01 5.142367e+00
2.025904e-01 5.945741e-01 -7.780995e-01 8.551857e+01 -4.371617e-01 7.659180e-01 4.714438e-01 -2.001529e+00 8.762687e-01 2.446453e-01 4.150927e-01 4.891061e+00
5.615470e-01 -5.135045e-01 6.488283e-01 8.616175e+01 6.457816e-01 7.622332e-01 4.434690e-02 -2.007034e+00 -5.173308e-01 3.940985e-01 7.596415e-01 4.536795e+00
5.399988e-01 7.173337e-01 -4.402655e-01 8.634000e+01 -4.966175e-01 6.938817e-01 5.214396e-01 -2.020984e+00 6.795383e-01 -6.293319e-02 7.309357e-01 4.853140e+00
7.251857e-01 -5.246918e-01 4.458747e-01 8.646489e+01 6.232015e-01 7.755125e-01 -1.009963e-01 -2.039721e+00 -2.927895e-01 3.511109e-01 8.893793e-01 5.632577e+00
6.922679e-01 6.970392e-01 -1.868196e-01 8.670328e+01 -5.143341e-01 6.581688e-01 5.497948e-01 -2.063540e+00 5.061874e-01 -2.845176e-01 8.141401e-01 6.305161e+00
7.417482e-01 -5.842726e-01 3.292950e-01 8.742123e+01 6.606358e-01 7.211593e-01 -2.085417e-01 -2.090814e+00 -1.156289e-01 3.722295e-01 9.209100e-01 6.712158e+00
5.971187e-01 8.021464e-01 3.216320e-03 8.782494e+01 -4.921630e-01 3.631946e-01 7.911165e-01 -2.135539e+00 6.334231e-01 -4.739734e-01 6.116571e-01 8.256465e+00
8.744722e-01 -3.813636e-01 -2.997670e-01 8.738192e+01 9.219661e-02 7.373864e-01 -6.691495e-01 -2.140958e+00 4.762334e-01 5.575151e-01 6.799843e-01 1.018615e+01
9.569211e-01 2.544844e-01 -1.397847e-01 8.704469e+01 -5.766232e-02 6.384163e-01 7.675283e-01 -2.137129e+00 2.845649e-01 -7.264037e-01 6.255881e-01 1.119964e+01
9.884377e-01 -6.708052e-02 1.359819e-01 8.730121e+01 1.324236e-01 8.187408e-01 -5.586838e-01 -2.162856e+00 -7.385714e-02 5.702313e-01 8.181573e-01 1.190745e+01
9.331452e-01 2.112272e-01 -2.909006e-01 8.736840e+01 4.442045e-02 7.352346e-01 6.763556e-01 -2.172997e+00 3.567449e-01 -6.440599e-01 6.766978e-01 1.222451e+01
9.885513e-01 5.081565e-02 1.420707e-01 8.754163e+01 4.274667e-02 8.086844e-01 -5.866875e-01 -2.183669e+00 -1.447033e-01 5.860437e-01 7.972538e-01 1.237633e+01
9.572507e-01 5.160105e-02 -2.846199e-01 8.771324e+01 1.432422e-01 7.702792e-01 6.214110e-01 -2.189766e+00 2.513022e-01 -6.356157e-01 7.299589e-01 1.235550e+01
9.794733e-01 1.384235e-01 1.465298e-01 8.785180e+01 -3.135523e-02 8.227069e-01 -5.676004e-01 -2.199331e+00 -1.991204e-01 5.513549e-01 8.101598e-01 1.244528e+01
9.166105e-01 2.437862e-02 -3.990374e-01 8.788329e+01 2.321810e-01 7.800908e-01 5.809909e-01 -2.205181e+00 3.254491e-01 -6.251912e-01 7.093791e-01 1.257706e+01
9.614599e-01 2.407328e-01 1.328250e-01 8.800716e+01 -1.333002e-01 8.306584e-01 -5.405901e-01 -2.214127e+00 -2.404700e-01 5.020502e-01 8.307345e-01 1.271253e+01
7.790250e-01 -8.859332e-02 -6.207023e-01 8.832708e+01 4.321438e-01 7.931385e-01 4.291655e-01 -2.218135e+00 4.542817e-01 -6.025633e-01 6.561598e-01 1.255929e+01
9.051006e-01 4.026246e-01 1.366978e-01 8.863471e+01 -3.014259e-01 8.343192e-01 -4.615776e-01 -2.222091e+00 -2.998921e-01 3.765700e-01 8.765043e-01 1.232782e+01
6.189449e-01 -2.267039e-01 -7.520057e-01 8.882734e+01 5.443780e-01 8.139898e-01 2.026651e-01 -2.222299e+00 5.661800e-01 -5.348139e-01 6.272274e-01 1.215911e+01
8.551616e-01 5.133603e-01 7.183160e-02 8.928234e+01 -4.896519e-01 8.454823e-01 -2.130745e-01 -2.218804e+00 -1.701163e-01 1.470406e-01 9.743919e-01 1.172645e+01
6.829197e-01 -4.564777e-01 -5.703059e-01 8.970208e+01 5.429617e-01 8.394758e-01 -2.174764e-02 -2.224172e+00 4.886853e-01 -2.948023e-01 8.211445e-01 1.144324e+01
7.954140e-01 5.412725e-01 2.726548e-01 8.976442e+01 -5.517556e-01 8.328575e-01 -4.375042e-02 -2.228285e+00 -2.507635e-01 -1.156391e-01 9.611167e-01 1.158065e+01
6.561982e-01 -4.775010e-01 -5.842916e-01 8.989671e+01 4.432213e-01 8.705698e-01 -2.136894e-01 -2.234728e+00 6.107035e-01 -1.187479e-01 7.829049e-01 1.170286e+01
7.961079e-01 4.073788e-01 4.474984e-01 9.007259e+01 -5.196005e-01 8.392184e-01 1.603989e-01 -2.247809e+00 -3.102058e-01 -3.602152e-01 8.797826e-01 1.201521e+01
7.055646e-01 -4.194168e-01 -5.711989e-01 9.037775e+01 2.669871e-01 9.039787e-01 -3.339768e-01 -2.260370e+00 6.564271e-01 8.313940e-02 7.497942e-01 1.219557e+01
8.037951e-01 2.168456e-01 5.539778e-01 9.075857e+01 -4.157364e-01 8.708270e-01 2.623424e-01 -2.276547e+00 -4.255310e-01 -4.411783e-01 7.901171e-01 1.233989e+01
5.784659e-01 -1.475544e-01 -8.022499e-01 9.059488e+01 -1.278301e-01 9.549532e-01 -2.678130e-01 -2.290791e+00 8.056281e-01 2.574724e-01 5.335460e-01 1.342308e+01
6.964059e-01 -2.451532e-01 6.744766e-01 9.040966e+01 -9.777783e-02 8.986660e-01 4.275967e-01 -2.302919e+00 -7.109559e-01 -3.637297e-01 6.018658e-01 1.475978e+01
