9.999721e-01 -4.316048e-04 -7.452779e-03 4.584141e-02 4.282974e-04 9.999998e-01 -4.453693e-04 1.113012e-03 7.452969e-03 4.421641e-04 9.999721e-01 -2.538259e-01
9.999999e-01 2.278251e-04 -4.979688e-04 7.979296e-02 -2.279139e-04 1.000000e+00 -1.784108e-04 -5.914355e-03 4.979285e-04 1.785250e-04 9.999999e-01 -9.547925e-02
9.999754e-01 -3.811587e-04 -7.004839e-03 1.138406e-01 3.754821e-04 9.999996e-01 -8.116769e-04 -1.085359e-02 7.005145e-03 8.090261e-04 9.999751e-01 1.444259e-02
9.999994e-01 -2.271732e-04 1.095453e-03 7.298956e-02 2.280626e-04 9.999996e-01 -8.117856e-04 -3.696666e-03 -1.095268e-03 8.120356e-04 9.999991e-01 -3.998147e-01
9.999752e-01 -3.781781e-04 -7.034205e-03 3.526131e-02 3.725970e-04 9.999996e-01 -7.947072e-04 2.588726e-03 7.034503e-03 7.920659e-04 9.999749e-01 -8.110914e-01
9.999999e-01 2.675514e-05 -5.306497e-04 1.754256e-02 -2.682732e-05 1.000000e+00 -1.360989e-04 -6.710263e-04 5.306464e-04 1.361138e-04 9.999998e-01 -7.846984e-01
9.999864e-01 -2.556136e-04 -5.213115e-03 -5.619457e-02 2.478725e-04 9.999989e-01 -1.485522e-03 3.162750e-03 5.213489e-03 1.484209e-03 9.999853e-01 -9.126340e-01
9.999979e-01 -4.052741e-04 -2.016434e-03 -5.427344e-02 4.059124e-04 9.999999e-01 3.161493e-04 7.857915e-03 2.016306e-03 -3.169664e-04 9.999979e-01 -1.311132e+00
9.999855e-01 2.131437e-04 -5.384124e-03 -4.325851e-02 -2.176051e-04 9.999996e-01 -8.280464e-04 -3.282152e-03 5.383945e-03 8.292053e-04 9.999852e-01 -8.586103e-01
9.999997e-01 -7.514506e-04 2.099867e-04 -5.335085e-02 7.516305e-04 9.999993e-01 -8.576604e-04 7.049805e-03 -2.093418e-04 8.578187e-04 9.999996e-01 -1.406874e+00
9.999641e-01 -9.986812e-05 -8.469379e-03 5.622908e-03 9.016866e-05 9.999993e-01 -1.145606e-03 2.290294e-02 8.469488e-03 1.144801e-03 9.999635e-01 -2.371863e+00
9.999979e-01 -5.056689e-04 2.008259e-03 -5.647331e-02 5.067693e-04 9.999997e-01 -5.474659e-04 3.607925e-02 -2.007981e-03 5.484831e-04 9.999978e-01 -3.019677e+00
9.999716e-01 6.420789e-06 -7.540463e-03 -1.337660e-01 -1.558619e-05 9.999993e-01 -1.215430e-03 4.715599e-02 7.540449e-03 1.215512e-03 9.999708e-01 -3.508174e+00
9.999997e-01 -8.261985e-04 9.165517e-06 -8.037160e-02 8.262039e-04 9.999995e-01 -5.968500e-04 6.098970e-02 -8.672054e-06 5.968580e-04 9.999998e-01 -4.375224e+00
9.999665e-01 4.151785e-04 -8.172870e-03 -5.452589e-02 -4.169416e-04 9.999999e-01 -2.140231e-04 5.988194e-02 8.172780e-03 2.174228e-04 9.999666e-01 -4.553345e+00
9.999963e-01 -7.845470e-04 2.602068e-03 -9.412384e-02 7.882901e-04 9.999987e-01 -1.437743e-03 6.609489e-02 -2.600936e-03 1.439790e-03 9.999956e-01 -4.830512e+00
9.999705e-01 -3.588906e-04 -7.677942e-03 -1.252149e-01 3.458157e-04 9.999985e-01 -1.704178e-03 9.229429e-02 7.678541e-03 1.701472e-03 9.999691e-01 -6.076367e+00
9.999983e-01 -5.376056e-04 1.781680e-03 -1.859215e-01 5.396474e-04 9.999992e-01 -1.145669e-03 1.140026e-01 -1.781062e-03 1.146629e-03 9.999978e-01 -7.149132e+00
9.999562e-01 -2.115776e-04 -9.360335e-03 -1.693432e-01 2.014437e-04 9.999994e-01 -1.083563e-03 1.297180e-01 9.360558e-03 1.081629e-03 9.999556e-01 -8.058073e+00
9.999988e-01 -4.861571e-04 1.489999e-03 -1.379733e-01 4.871132e-04 9.999997e-01 -6.413142e-04 1.412619e-01 -1.489687e-03 6.420399e-04 9.999987e-01 -8.780160e+00
9.999659e-01 -4.276770e-04 -8.245459e-03 -1.283783e-01 4.128949e-04 9.999983e-01 -1.794364e-03 1.588730e-01 8.246212e-03 1.790898e-03 9.999644e-01 -9.740900e+00
9.999974e-01 -4.511478e-04 2.240859e-03 -1.746967e-01 4.531376e-04 9.999995e-01 -8.874648e-04 1.813635e-01 -2.240458e-03 8.884786e-04 9.999971e-01 -1.080880e+01
9.999706e-01 -3.329226e-04 -7.655867e-03 -2.424154e-01 3.213372e-04 9.999988e-01 -1.514445e-03 1.994882e-01 7.656362e-03 1.511939e-03 9.999695e-01 -1.166895e+01
9.999990e-01 -6.221386e-04 1.253343e-03 -2.515390e-01 6.232713e-04 9.999994e-01 -9.035257e-04 2.184640e-01 -1.252780e-03 9.043067e-04 9.999988e-01 -1.267761e+01
9.999653e-01 -1.125272e-04 -8.326674e-03 -2.598580e-01 1.033218e-04 9.999994e-01 -1.105940e-03 2.332729e-01 8.326793e-03 1.105041e-03 9.999647e-01 -1.349256e+01
9.999988e-01 -5.539332e-04 1.469907e-03 -2.893686e-01 5.549191e-04 9.999996e-01 -6.703081e-04 2.459338e-01 -1.469535e-03 6.711237e-04 9.999987e-01 -1.416232e+01
9.999738e-01 -4.411330e-04 -7.230032e-03 -3.138944e-01 4.281110e-04 9.999983e-01 -1.802538e-03 2.656357e-01 7.230815e-03 1.799395e-03 9.999722e-01 -1.515840e+01
9.999996e-01 -4.957119e-04 7.713409e-04 -3.275829e-01 4.964335e-04 9.999994e-01 -9.355601e-04 2.873291e-01 -7.708764e-04 9.359433e-04 9.999993e-01 -1.626261e+01
9.999853e-01 -5.278248e-04 -5.387712e-03 -4.079936e-01 5.149145e-04 9.999970e-01 -2.397333e-03 3.152376e-01 5.388960e-03 2.394523e-03 9.999826e-01 -1.748855e+01
9.999999e-01 4.259949e-06 5.290119e-04 -5.661449e-01 -4.167214e-06 1.000000e+00 -1.751061e-04 3.424789e-01 -5.290123e-04 1.751045e-04 9.999998e-01 -1.845985e+01
9.999979e-01 -3.555186e-04 -2.031351e-03 -9.024239e-01 3.537908e-04 9.999996e-01 -8.507930e-04 3.690970e-01 2.031652e-03 8.500718e-04 9.999976e-01 -1.883821e+01
9.999992e-01 -9.226309e-05 -1.230420e-03 -1.092428e+00 9.154765e-05 9.999998e-01 -5.815835e-04 3.897467e-01 1.230473e-03 5.814712e-04 9.999991e-01 -1.942028e+01
9.999829e-01 -9.499151e-04 -5.773901e-03 -1.018540e+00 9.398654e-04 9.999980e-01 -1.743001e-03 4.096514e-01 5.775545e-03 1.737544e-03 9.999818e-01 -2.053521e+01
9.999991e-01 -1.042829e-04 -1.370144e-03 -9.864967e-01 1.027785e-04 9.999994e-01 -1.098054e-03 4.328797e-01 1.370258e-03 1.097913e-03 9.999985e-01 -2.175099e+01
9.999966e-01 -1.044710e-03 -2.381268e-03 -1.074443e+00 1.038944e-03 9.999965e-01 -2.421214e-03 4.640842e-01 2.383789e-03 2.418731e-03 9.999942e-01 -2.311151e+01
9.999939e-01 1.290067e-04 -3.480716e-03 -1.118697e+00 -1.308514e-04 9.999999e-01 -5.297746e-04 4.900219e-01 3.480648e-03 5.302275e-04 9.999938e-01 -2.430466e+01
9.999990e-01 -6.841319e-04 -1.258290e-03 -1.245839e+00 6.821252e-04 9.999985e-01 -1.594402e-03 5.110377e-01 1.259379e-03 1.593541e-03 9.999979e-01 -2.512967e+01
9.999891e-01 2.701353e-04 -4.659987e-03 -1.348709e+00 -2.671609e-04 9.999998e-01 6.388901e-04 5.187271e-01 4.660159e-03 -6.376375e-04 9.999889e-01 -2.545971e+01
9.999998e-01 -4.221684e-04 -3.956059e-04 -1.464666e+00 4.215736e-04 9.999988e-01 -1.501948e-03 5.279493e-01 3.962392e-04 1.501781e-03 9.999988e-01 -2.573071e+01
9.999976e-01 1.158561e-04 -2.198967e-03 -1.704034e+00 -1.158089e-04 1.000000e+00 2.151122e-05 5.512693e-01 2.198970e-03 -2.125581e-05 9.999976e-01 -2.631557e+01
9.999938e-01 -5.685407e-04 -3.461780e-03 -1.779108e+00 5.638489e-04 9.999989e-01 -1.356095e-03 5.668739e-01 3.462547e-03 1.354134e-03 9.999931e-01 -2.694359e+01
9.999947e-01 2.116336e-04 -3.259613e-03 -1.803760e+00 -2.105556e-04 9.999999e-01 3.310086e-04 5.777157e-01 3.259684e-03 -3.303198e-04 9.999946e-01 -2.749823e+01
9.999928e-01 -6.354656e-04 -3.742608e-03 -1.789967e+00 6.302635e-04 9.999988e-01 -1.390954e-03 5.866561e-01 3.743487e-03 1.388584e-03 9.999920e-01 -2.804191e+01
9.999920e-01 2.140166e-04 -3.996518e-03 -1.766280e+00 -2.125112e-04 9.999999e-01 3.770572e-04 5.958098e-01 3.996599e-03 -3.762042e-04 9.999919e-01 -2.862243e+01
9.999996e-01 -7.693727e-04 5.282242e-04 -1.916219e+00 7.708747e-04 9.999956e-01 -2.849457e-03 6.208050e-01 -5.260299e-04 2.849862e-03 9.999958e-01 -2.953761e+01
9.999877e-01 2.136506e-04 -4.954144e-03 -2.074720e+00 -2.089862e-04 9.999995e-01 9.419896e-04 6.413483e-01 4.954343e-03 -9.409420e-04 9.999873e-01 -3.029720e+01
9.999992e-01 -7.087255e-04 -1.028132e-03 -2.130321e+00 7.070213e-04 9.999984e-01 -1.656865e-03 6.456051e-01 1.029304e-03 1.656136e-03 9.999981e-01 -3.053632e+01
9.999865e-01 5.022163e-04 -5.178605e-03 -2.173134e+00 -4.959705e-04 9.999991e-01 1.207273e-03 6.435900e-01 5.179207e-03 -1.204687e-03 9.999859e-01 -3.048026e+01
9.999996e-01 -8.061981e-04 -3.066888e-04 -2.243433e+00 8.055460e-04 9.999974e-01 -2.119788e-03 6.490831e-01 3.083967e-04 2.119540e-03 9.999977e-01 -3.070067e+01
9.999968e-01 2.994030e-04 -2.510029e-03 -2.448302e+00 -3.005680e-04 9.999998e-01 -4.638491e-04 6.733989e-01 2.509890e-03 4.646027e-04 9.999967e-01 -3.151397e+01
9.999955e-01 -8.510811e-04 -2.885042e-03 -2.553042e+00 8.458838e-04 9.999980e-01 -1.802171e-03 6.970522e-01 2.886570e-03 1.799722e-03 9.999942e-01 -3.240382e+01
9.999999e-01 2.713847e-04 1.851204e-04 -2.729023e+00 -2.712466e-04 9.999997e-01 -7.450961e-04 7.235481e-01 -1.853222e-04 7.450465e-04 9.999997e-01 -3.331039e+01
9.999947e-01 -1.375291e-03 -2.949279e-03 -2.899305e+00 1.367311e-03 9.999954e-01 -2.706026e-03 7.557806e-01 2.952986e-03 2.701979e-03 9.999920e-01 -3.459810e+01
9.999986e-01 -1.413799e-04 -1.657430e-03 -2.903669e+00 1.399429e-04 9.999996e-01 -8.671766e-04 7.846224e-01 1.657552e-03 8.669441e-04 9.999983e-01 -3.607946e+01
9.999846e-01 -1.038071e-03 -5.446723e-03 -2.846716e+00 1.022168e-03 9.999952e-01 -2.921619e-03 8.120247e-01 5.449730e-03 2.916006e-03 9.999809e-01 -3.754159e+01
9.999957e-01 -5.647034e-04 2.878462e-03 -2.935916e+00 5.706386e-04 9.999977e-01 -2.061475e-03 8.535108e-01 -2.877291e-03 2.063109e-03 9.999937e-01 -3.937341e+01
9.999906e-01 -1.018003e-03 -4.222848e-03 -3.097750e+00 1.004801e-03 9.999946e-01 -3.127441e-03 8.987103e-01 4.226008e-03 3.123168e-03 9.999862e-01 -4.125009e+01
9.999996e-01 -2.223655e-04 8.941283e-04 -3.253884e+00 2.234608e-04 9.999992e-01 -1.224860e-03 9.372619e-01 -8.938549e-04 1.225059e-03 9.999989e-01 -4.285042e+01
9.999959e-01 -1.340755e-03 -2.521907e-03 -3.381712e+00 1.332915e-03 9.999943e-01 -3.107831e-03 9.750402e-01 2.526059e-03 3.104456e-03 9.999920e-01 -4.448139e+01
1.000000e+00 -2.373828e-04 -1.906350e-04 -3.495593e+00 2.370938e-04 9.999988e-01 -1.515316e-03 1.015242e+00 1.909948e-04 1.515272e-03 9.999988e-01 -4.623280e+01
9.999942e-01 -1.437542e-03 -3.080959e-03 -3.600291e+00 1.427520e-03 9.999937e-01 -3.252539e-03 1.055878e+00 3.085615e-03 3.248122e-03 9.999900e-01 -4.803615e+01
9.999988e-01 -1.322753e-04 -1.542078e-03 -3.643737e+00 1.309605e-04 9.999996e-01 -8.527860e-04 1.089848e+00 1.542190e-03 8.525837e-04 9.999984e-01 -4.965505e+01
9.999942e-01 -1.382639e-03 -3.102363e-03 -3.647222e+00 1.373123e-03 9.999944e-01 -3.067583e-03 1.121077e+00 3.106586e-03 3.063305e-03 9.999905e-01 -5.121522e+01
9.999989e-01 -2.024508e-04 -1.458646e-03 -3.686462e+00 2.005472e-04 9.999991e-01 -1.305221e-03 1.157665e+00 1.458909e-03 1.304927e-03 9.999981e-01 -5.293004e+01
9.999908e-01 -1.420429e-03 -4.044819e-03 -3.680854e+00 1.408562e-03 9.999947e-01 -2.935244e-03 1.191016e+00 4.048967e-03 2.929519e-03 9.999875e-01 -5.460390e+01
9.999942e-01 1.155235e-04 -3.412890e-03 -3.630580e+00 -1.166380e-04 9.999999e-01 -3.264179e-04 1.216373e+00 3.412852e-03 3.268147e-04 9.999941e-01 -5.600316e+01
9.999934e-01 -1.124481e-03 -3.458362e-03 -3.623831e+00 1.116891e-03 9.999970e-01 -2.195742e-03 1.238272e+00 3.460820e-03 2.191865e-03 9.999916e-01 -5.714312e+01
9.999994e-01 -2.408185e-04 -1.068759e-03 -3.654564e+00 2.394957e-04 9.999992e-01 -1.237825e-03 1.268068e+00 1.069057e-03 1.237569e-03 9.999987e-01 -5.856697e+01
9.999980e-01 -1.316097e-03 -1.518916e-03 -3.779402e+00 1.310464e-03 9.999923e-01 -3.703427e-03 1.310607e+00 1.523778e-03 3.701428e-03 9.999920e-01 -6.037791e+01
9.999990e-01 -2.865955e-04 -1.413923e-03 -3.931275e+00 2.846881e-04 9.999990e-01 -1.349152e-03 1.353891e+00 1.414309e-03 1.348748e-03 9.999981e-01 -6.220533e+01
9.999958e-01 -9.825867e-04 -2.727372e-03 -4.062031e+00 9.753328e-04 9.999960e-01 -2.659666e-03 1.389613e+00 2.729974e-03 2.656994e-03 9.999927e-01 -6.373117e+01
9.999995e-01 -2.052311e-04 -1.017892e-03 -4.166103e+00 2.044446e-04 9.999997e-01 -7.729117e-04 1.420372e+00 1.018050e-03 7.727039e-04 9.999992e-01 -6.507598e+01
9.999974e-01 -1.023914e-03 -2.015704e-03 -4.302862e+00 1.017598e-03 9.999946e-01 -3.131910e-03 1.456035e+00 2.018899e-03 3.129850e-03 9.999931e-01 -6.655485e+01
9.999972e-01 -4.499788e-04 -2.333906e-03 -4.375589e+00 4.476756e-04 9.999994e-01 -9.873240e-04 1.490492e+00 2.334350e-03 9.862770e-04 9.999968e-01 -6.812901e+01
9.999933e-01 -9.854084e-04 -3.539053e-03 -4.354305e+00 9.775785e-04 9.999971e-01 -2.213420e-03 1.514334e+00 3.541223e-03 2.209945e-03 9.999913e-01 -6.949646e+01
9.999991e-01 2.136469e-05 -1.349130e-03 -4.432382e+00 -2.300546e-05 9.999993e-01 -1.216315e-03 1.537090e+00 1.349104e-03 1.216346e-03 9.999984e-01 -7.060509e+01
9.999989e-01 -1.056731e-03 -1.042852e-03 -4.611023e+00 1.054310e-03 9.999968e-01 -2.319202e-03 1.569523e+00 1.045299e-03 2.318099e-03 9.999968e-01 -7.188569e+01
9.999985e-01 -1.521651e-04 -1.741402e-03 -4.791036e+00 1.496005e-04 9.999989e-01 -1.472859e-03 1.604278e+00 1.741625e-03 1.472597e-03 9.999974e-01 -7.330553e+01
9.999966e-01 -1.560300e-03 -2.094847e-03 -4.803416e+00 1.555258e-03 9.999959e-01 -2.406108e-03 1.636020e+00 2.098593e-03 2.402841e-03 9.999949e-01 -7.489847e+01
9.999781e-01 -9.884144e-05 -6.617552e-03 -4.647110e+00 8.870022e-05 9.999988e-01 -1.532780e-03 1.666867e+00 6.617696e-03 1.532160e-03 9.999769e-01 -7.666328e+01
9.999934e-01 -1.022807e-03 3.493424e-03 -4.831326e+00 1.032269e-03 9.999958e-01 -2.707834e-03 1.704924e+00 -3.490640e-03 2.711422e-03 9.999902e-01 -7.819744e+01
9.999704e-01 -4.204558e-05 -7.689238e-03 -4.953442e+00 3.871340e-05 9.999999e-01 -4.335309e-04 1.731257e+00 7.689256e-03 4.332211e-04 9.999703e-01 -7.937973e+01
9.999969e-01 -8.088185e-04 2.373697e-03 -5.026330e+00 8.136931e-04 9.999976e-01 -2.053441e-03 1.752538e+00 -2.372031e-03 2.055365e-03 9.999951e-01 -8.039217e+01
9.999924e-01 -1.715482e-04 -3.883675e-03 -5.234737e+00 1.655993e-04 9.999988e-01 -1.532076e-03 1.786347e+00 3.883933e-03 1.531422e-03 9.999913e-01 -8.165879e+01
9.999919e-01 -1.105196e-03 3.880928e-03 -5.506417e+00 1.116512e-03 9.999951e-01 -2.914915e-03 1.829299e+00 -3.877688e-03 2.919224e-03 9.999882e-01 -8.321987e+01
9.999808e-01 -1.451860e-04 -6.197078e-03 -5.703632e+00 1.349726e-04 9.999986e-01 -1.648509e-03 1.871623e+00 6.197309e-03 1.647641e-03 9.999794e-01 -8.487351e+01
9.999953e-01 -1.201442e-03 2.830505e-03 -5.838878e+00 1.208382e-03 9.999963e-01 -2.451570e-03 1.908370e+00 -2.827550e-03 2.454978e-03 9.999930e-01 -8.642452e+01
9.999765e-01 -5.715825e-05 -6.853693e-03 -5.948474e+00 4.887041e-05 9.999993e-01 -1.209443e-03 1.941327e+00 6.853757e-03 1.209081e-03 9.999758e-01 -8.785325e+01
9.999957e-01 -9.725880e-04 2.765290e-03 -6.054049e+00 9.784978e-04 9.999972e-01 -2.136666e-03 1.971099e+00 -2.763205e-03 2.139362e-03 9.999939e-01 -8.914719e+01
9.999732e-01 -4.597042e-04 -7.306186e-03 -6.110177e+00 4.485494e-04 9.999987e-01 -1.528359e-03 2.002802e+00 7.306879e-03 1.525042e-03 9.999721e-01 -9.062782e+01
9.999967e-01 -8.673398e-04 2.418156e-03 -6.176045e+00 8.727603e-04 9.999971e-01 -2.241524e-03 2.034836e+00 -2.416206e-03 2.243627e-03 9.999946e-01 -9.210878e+01
9.999982e-01 -1.201401e-03 -1.446595e-03 -6.378037e+00 1.196066e-03 9.999925e-01 -3.682825e-03 2.086545e+00 1.451009e-03 3.681089e-03 9.999922e-01 -9.424475e+01
9.999994e-01 -9.046696e-04 6.786606e-04 -6.518920e+00 9.068052e-04 9.999946e-01 -3.153400e-03 2.143421e+00 -6.758045e-04 3.154012e-03 9.999948e-01 -9.667513e+01
9.999947e-01 -1.047131e-03 -3.084611e-03 -6.535526e+00 1.037526e-03 9.999946e-01 -3.113756e-03 2.192174e+00 3.087855e-03 3.110540e-03 9.999904e-01 -9.891306e+01
9.999929e-01 -6.179068e-04 -3.713062e-03 -6.389279e+00 6.138357e-04 9.999992e-01 -1.097407e-03 2.225213e+00 3.713737e-03 1.095119e-03 9.999925e-01 -1.007684e+02
9.999981e-01 -5.269283e-04 -1.859013e-03 -6.403507e+00 5.219193e-04 9.999962e-01 -2.694025e-03 2.257411e+00 1.860426e-03 2.693050e-03 9.999946e-01 -1.022691e+02
9.999969e-01 -8.384059e-04 2.346613e-03 -6.684179e+00 8.439085e-04 9.999969e-01 -2.345003e-03 2.306630e+00 -2.344640e-03 2.346975e-03 9.999945e-01 -1.040312e+02
9.999918e-01 -5.729448e-04 -4.019172e-03 -6.904259e+00 5.621444e-04 9.999962e-01 -2.687876e-03 2.352489e+00 4.020697e-03 2.685595e-03 9.999883e-01 -1.058290e+02
9.999994e-01 -7.714484e-04 8.069128e-04 -7.037667e+00 7.720955e-04 9.999994e-01 -8.021838e-04 2.386033e+00 -8.062938e-04 8.028056e-04 9.999994e-01 -1.072314e+02
9.999792e-01 -5.835961e-04 -6.426050e-03 -7.065258e+00 5.660406e-04 9.999961e-01 -2.733445e-03 2.415899e+00 6.427621e-03 2.729751e-03 9.999756e-01 -1.086840e+02
9.999915e-01 -8.591320e-04 4.039836e-03 -7.162504e+00 8.656045e-04 9.999983e-01 -1.600754e-03 2.454166e+00 -4.038454e-03 1.604237e-03 9.999906e-01 -1.103428e+02
9.999953e-01 -7.079447e-04 -2.996801e-03 -7.438365e+00 6.957104e-04 9.999914e-01 -4.081622e-03 2.506568e+00 2.999665e-03 4.079519e-03 9.999872e-01 -1.122948e+02
9.999994e-01 -8.439541e-04 7.213117e-04 -7.584935e+00 8.447629e-04 9.999990e-01 -1.122058e-03 2.552950e+00 -7.203643e-04 1.122666e-03 9.999991e-01 -1.142204e+02
9.999998e-01 -3.509734e-04 5.122081e-04 -7.941739e+00 3.531876e-04 9.999906e-01 -4.328726e-03 2.606794e+00 -5.106837e-04 4.328907e-03 9.999905e-01 -1.160390e+02
9.999978e-01 -1.112268e-03 -1.787891e-03 -8.185014e+00 1.110976e-03 9.999991e-01 -7.235519e-04 2.654868e+00 1.788694e-03 7.215634e-04 9.999981e-01 -1.178426e+02
9.999939e-01 -3.969901e-04 -3.459328e-03 -8.233931e+00 3.850875e-04 9.999940e-01 -3.440768e-03 2.689970e+00 3.460673e-03 3.439416e-03 9.999881e-01 -1.194695e+02
9.999987e-01 -9.995005e-04 -1.240527e-03 -8.299138e+00 9.988835e-04 9.999994e-01 -4.976707e-04 2.723852e+00 1.241023e-03 4.964304e-04 9.999991e-01 -1.210203e+02
9.999860e-01 -2.925704e-04 -5.283646e-03 -8.280683e+00 2.783911e-04 9.999964e-01 -2.684204e-03 2.750618e+00 5.284412e-03 2.682696e-03 9.999824e-01 -1.223893e+02
9.999973e-01 -8.119870e-04 -2.199406e-03 -8.236895e+00 8.123220e-04 9.999997e-01 1.515320e-04 2.772135e+00 2.199281e-03 -1.533189e-04 9.999976e-01 -1.235534e+02
9.999997e-01 -4.349451e-04 -6.442827e-04 -8.367553e+00 4.324192e-04 9.999922e-01 -3.915918e-03 2.807203e+00 6.459812e-04 3.915639e-03 9.999921e-01 -1.250088e+02
9.999936e-01 -6.014054e-04 -3.521491e-03 -8.515560e+00 6.022485e-04 9.999998e-01 2.384074e-04 2.841960e+00 3.521347e-03 -2.405273e-04 9.999938e-01 -1.264205e+02
9.999954e-01 -7.390464e-05 -3.046410e-03 -8.573770e+00 6.627980e-05 9.999969e-01 -2.503000e-03 2.864375e+00 3.046585e-03 2.502787e-03 9.999922e-01 -1.274180e+02
9.999919e-01 -8.847506e-04 -3.929370e-03 -8.527359e+00 8.872994e-04 9.999994e-01 6.470347e-04 2.880241e+00 3.928795e-03 -6.505166e-04 9.999921e-01 -1.283436e+02
9.999860e-01 -2.307434e-04 -5.295857e-03 -8.375805e+00 2.182276e-04 9.999972e-01 -2.363824e-03 2.894756e+00 5.296388e-03 2.362636e-03 9.999832e-01 -1.293783e+02
9.999881e-01 -5.064860e-04 -4.855986e-03 -8.210971e+00 5.126726e-04 9.999991e-01 1.272909e-03 2.904407e+00 4.855336e-03 -1.275384e-03 9.999874e-01 -1.301832e+02
9.999874e-01 9.407203e-06 -5.027497e-03 -8.086566e+00 -2.017904e-05 9.999977e-01 -2.142590e-03 2.911157e+00 5.027466e-03 2.142665e-03 9.999851e-01 -1.308012e+02
9.999901e-01 -4.306333e-04 -4.428128e-03 -7.952022e+00 4.377569e-04 9.999986e-01 1.607924e-03 2.912550e+00 4.427430e-03 -1.609848e-03 9.999889e-01 -1.312214e+02
9.999814e-01 2.014407e-04 -6.090807e-03 -7.762426e+00 -2.130391e-04 9.999982e-01 -1.903706e-03 2.908330e+00 6.090412e-03 1.904969e-03 9.999796e-01 -1.315188e+02
9.999979e-01 -9.129675e-04 -1.854499e-03 -7.708658e+00 9.140734e-04 9.999994e-01 5.957415e-04 2.918204e+00 1.853954e-03 -5.974360e-04 9.999981e-01 -1.322086e+02
9.999821e-01 2.088439e-04 -5.986516e-03 -7.687550e+00 -2.225121e-04 9.999974e-01 -2.282640e-03 2.931907e+00 5.986024e-03 2.283931e-03 9.999795e-01 -1.330044e+02
9.999983e-01 -1.112149e-03 -1.484098e-03 -7.637342e+00 1.112831e-03 9.999993e-01 4.587735e-04 2.945038e+00 1.483586e-03 -4.604249e-04 9.999988e-01 -1.338513e+02
9.999732e-01 5.791190e-04 -7.296964e-03 -7.577737e+00 -5.866114e-04 9.999993e-01 -1.024722e-03 2.946537e+00 7.296365e-03 1.028976e-03 9.999729e-01 -1.341983e+02
9.999998e-01 -6.328315e-04 -1.353031e-04 -7.559220e+00 6.329007e-04 9.999997e-01 5.142836e-04 2.939241e+00 1.349774e-04 -5.143697e-04 9.999999e-01 -1.340137e+02
9.999823e-01 1.064901e-05 -5.941522e-03 -7.624417e+00 -2.201534e-05 9.999982e-01 -1.913020e-03 2.949710e+00 5.941491e-03 1.913117e-03 9.999805e-01 -1.345236e+02
9.999996e-01 -7.693518e-04 3.940538e-04 -7.704250e+00 7.694292e-04 9.999997e-01 -1.972492e-04 2.967258e+00 -3.939022e-04 1.975517e-04 9.999999e-01 -1.353370e+02
9.999690e-01 -4.646817e-05 -7.879628e-03 -7.672398e+00 3.357184e-05 9.999987e-01 -1.636829e-03 2.980412e+00 7.879694e-03 1.636514e-03 9.999676e-01 -1.361512e+02
9.999982e-01 -5.329466e-04 -1.842685e-03 -7.541271e+00 5.340690e-04 9.999997e-01 6.088695e-04 2.985168e+00 1.842360e-03 -6.098531e-04 9.999981e-01 -1.367383e+02
9.999669e-01 2.368062e-04 -8.138288e-03 -7.394374e+00 -2.460959e-04 9.999993e-01 -1.140536e-03 2.980717e+00 8.138013e-03 1.142501e-03 9.999662e-01 -1.369535e+02
9.999977e-01 -4.463364e-04 -2.082969e-03 -7.210753e+00 4.480982e-04 9.999995e-01 8.455909e-04 2.973490e+00 2.082590e-03 -8.465229e-04 9.999975e-01 -1.371176e+02
9.999678e-01 5.858727e-04 -8.000985e-03 -7.078510e+00 -5.942245e-04 9.999993e-01 -1.041549e-03 2.962514e+00 8.000369e-03 1.046270e-03 9.999674e-01 -1.369813e+02
9.999970e-01 -7.053643e-04 -2.353412e-03 -6.868892e+00 7.074511e-04 9.999994e-01 8.861375e-04 2.955668e+00 2.352785e-03 -8.878003e-04 9.999968e-01 -1.371852e+02
9.999751e-01 3.170693e-04 -7.052583e-03 -6.732391e+00 -3.283749e-04 9.999987e-01 -1.601981e-03 2.958175e+00 7.052066e-03 1.604257e-03 9.999738e-01 -1.376516e+02
9.999981e-01 -9.704625e-04 -1.667576e-03 -6.642005e+00 9.710908e-04 9.999995e-01 3.761621e-04 2.965081e+00 1.667209e-03 -3.777813e-04 9.999985e-01 -1.382591e+02
9.999717e-01 4.971183e-04 -7.507748e-03 -6.529246e+00 -5.080901e-04 9.999988e-01 -1.459601e-03 2.969333e+00 7.507013e-03 1.463375e-03 9.999708e-01 -1.387868e+02
9.999960e-01 -9.005455e-04 -2.672299e-03 -6.340069e+00 9.021436e-04 9.999994e-01 5.969814e-04 2.970466e+00 2.671759e-03 -5.993904e-04 9.999963e-01 -1.392976e+02
9.999761e-01 5.222748e-04 -6.889807e-03 -6.199705e+00 -5.322851e-04 9.999988e-01 -1.451209e-03 2.972801e+00 6.889041e-03 1.454842e-03 9.999752e-01 -1.397702e+02
9.999947e-01 -8.144096e-04 -3.137047e-03 -6.024704e+00 8.177395e-04 9.999991e-01 1.060452e-03 2.970779e+00 3.136181e-03 -1.063012e-03 9.999945e-01 -1.401706e+02
9.999461e-01 6.783100e-04 -1.036058e-02 -5.664854e+00 -6.908174e-04 9.999990e-01 -1.203714e-03 2.965630e+00 1.035975e-02 1.210807e-03 9.999456e-01 -1.406304e+02
9.999997e-01 -8.306287e-04 -9.403325e-05 -5.491995e+00 8.307346e-04 9.999990e-01 1.135638e-03 2.959820e+00 9.308966e-05 -1.135716e-03 9.999994e-01 -1.408035e+02
9.999453e-01 5.152794e-04 -1.044582e-02 -5.161262e+00 -5.299642e-04 9.999989e-01 -1.403115e-03 2.955065e+00 1.044508e-02 1.408575e-03 9.999445e-01 -1.412825e+02
9.999993e-01 -1.058489e-03 -5.411243e-04 -4.954377e+00 1.058866e-03 9.999992e-01 6.973353e-04 2.957018e+00 5.403855e-04 -6.979083e-04 9.999996e-01 -1.418572e+02
9.999732e-01 5.332346e-04 -7.301928e-03 -4.935286e+00 -5.454329e-04 9.999985e-01 -1.668718e-03 2.961715e+00 7.301028e-03 1.672657e-03 9.999719e-01 -1.422747e+02
9.999989e-01 -1.030295e-03 -1.093703e-03 -4.870896e+00 1.031493e-03 9.999989e-01 1.095437e-03 2.961299e+00 1.092573e-03 -1.096565e-03 9.999988e-01 -1.425385e+02
9.999715e-01 6.718722e-04 -7.524219e-03 -4.814142e+00 -6.864318e-04 9.999979e-01 -1.932655e-03 2.958708e+00 7.522905e-03 1.937765e-03 9.999698e-01 -1.427040e+02
9.999980e-01 -1.047450e-03 -1.680596e-03 -4.733450e+00 1.049988e-03 9.999983e-01 1.510053e-03 2.955131e+00 1.679011e-03 -1.511815e-03 9.999974e-01 -1.428609e+02
9.999697e-01 9.556817e-04 -7.722728e-03 -4.637592e+00 -9.720885e-04 9.999973e-01 -2.121053e-03 2.947563e+00 7.720680e-03 2.128497e-03 9.999679e-01 -1.428138e+02
9.999986e-01 -1.364189e-03 -9.624863e-04 -4.564772e+00 1.365232e-03 9.999985e-01 1.083853e-03 2.946137e+00 9.610060e-04 -1.085166e-03 9.999989e-01 -1.430414e+02
9.999728e-01 9.515214e-04 -7.312685e-03 -4.523650e+00 -9.645006e-04 9.999980e-01 -1.771624e-03 2.945799e+00 7.310985e-03 1.778630e-03 9.999717e-01 -1.432804e+02
9.999993e-01 -1.159087e-03 -7.833591e-05 -4.538046e+00 1.159202e-03 9.999982e-01 1.493766e-03 2.941577e+00 7.660420e-05 -1.493856e-03 9.999989e-01 -1.432547e+02
9.999865e-01 9.846499e-04 -5.103593e-03 -4.645232e+00 -9.957772e-04 9.999971e-01 -2.178274e-03 2.945105e+00 5.101434e-03 2.183327e-03 9.999846e-01 -1.432984e+02
9.999990e-01 -1.253774e-03 6.815337e-04 -4.825088e+00 1.253161e-03 9.999988e-01 8.992039e-04 2.959308e+00 -6.826604e-04 -8.983494e-04 9.999994e-01 -1.436708e+02
9.999729e-01 6.341974e-04 -7.335147e-03 -4.834326e+00 -6.518766e-04 9.999969e-01 -2.408112e-03 2.973961e+00 7.333597e-03 2.412829e-03 9.999702e-01 -1.444144e+02
9.999993e-01 -1.155528e-03 -3.283363e-05 -4.849913e+00 1.155567e-03 9.999986e-01 1.235291e-03 2.985233e+00 3.140601e-05 -1.235329e-03 9.999992e-01 -1.450121e+02
9.999741e-01 6.858610e-04 -7.170274e-03 -4.865987e+00 -7.017094e-04 9.999973e-01 -2.208065e-03 2.992168e+00 7.168741e-03 2.213039e-03 9.999719e-01 -1.454446e+02
9.999994e-01 -1.042356e-03 -4.030477e-04 -4.874196e+00 1.043085e-03 9.999978e-01 1.814196e-03 2.993054e+00 4.011556e-04 -1.814616e-03 9.999983e-01 -1.456474e+02
9.999732e-01 1.011654e-03 -7.246392e-03 -4.851842e+00 -1.026082e-03 9.999975e-01 -1.987643e-03 2.986089e+00 7.244363e-03 1.995026e-03 9.999718e-01 -1.455271e+02
9.999989e-01 -1.133463e-03 -9.527963e-04 -4.795662e+00 1.134948e-03 9.999981e-01 1.560268e-03 2.984992e+00 9.510259e-04 -1.561348e-03 9.999983e-01 -1.457410e+02
9.999829e-01 8.287171e-04 -5.786825e-03 -4.794432e+00 -8.436117e-04 9.999963e-01 -2.571982e-03 2.995411e+00 5.784672e-03 2.576821e-03 9.999799e-01 -1.463117e+02
9.999988e-01 -1.509127e-03 4.320598e-04 -4.885533e+00 1.508531e-03 9.999979e-01 1.375113e-03 3.015613e+00 -4.341342e-04 -1.374460e-03 9.999990e-01 -1.470278e+02
9.999513e-01 6.890431e-04 -9.849177e-03 -4.739384e+00 -7.137489e-04 9.999966e-01 -2.505157e-03 3.023536e+00 9.847418e-03 2.512065e-03 9.999484e-01 -1.477738e+02
9.999991e-01 -1.327020e-03 2.660870e-04 -4.569012e+00 1.326574e-03 9.999977e-01 1.668254e-03 3.026108e+00 -2.683004e-04 -1.667900e-03 9.999986e-01 -1.483386e+02
9.999519e-01 5.588783e-04 -9.791257e-03 -4.412237e+00 -5.859930e-04 9.999960e-01 -2.766666e-03 3.033171e+00 9.789672e-03 2.772271e-03 9.999482e-01 -1.490600e+02
9.999993e-01 -1.204722e-03 -1.716894e-04 -4.245355e+00 1.205052e-03 9.999974e-01 1.937793e-03 3.037566e+00 1.693544e-04 -1.937999e-03 9.999981e-01 -1.496788e+02
9.999572e-01 7.664616e-04 -9.215238e-03 -4.104687e+00 -7.929739e-04 9.999956e-01 -2.873746e-03 3.042326e+00 9.212995e-03 2.880931e-03 9.999534e-01 -1.502545e+02
9.999975e-01 -1.611987e-03 1.555866e-03 -4.031335e+00 1.610372e-03 9.999982e-01 1.038312e-03 3.057451e+00 -1.557538e-03 -1.035804e-03 9.999983e-01 -1.511567e+02
9.999437e-01 7.101516e-04 -1.058381e-02 -3.925050e+00 -7.403587e-04 9.999957e-01 -2.850482e-03 3.071388e+00 1.058174e-02 2.858158e-03 9.999399e-01 -1.521013e+02
9.999982e-01 -1.714747e-03 7.894261e-04 -3.719058e+00 1.713481e-03 9.999973e-01 1.600379e-03 3.081141e+00 -7.921683e-04 -1.599024e-03 9.999984e-01 -1.530028e+02
9.999233e-01 9.609794e-04 -1.234970e-02 -3.488269e+00 -9.979707e-04 9.999950e-01 -2.989544e-03 3.091187e+00 1.234677e-02 3.001640e-03 9.999193e-01 -1.539004e+02
9.999963e-01 -1.587305e-03 2.196728e-03 -3.287184e+00 1.581799e-03 9.999956e-01 2.505626e-03 3.088271e+00 -2.200695e-03 -2.502143e-03 9.999944e-01 -1.543196e+02
9.999333e-01 1.895932e-03 -1.139395e-02 -3.203342e+00 -1.932514e-03 9.999930e-01 -3.200565e-03 3.084222e+00 1.138780e-02 3.222371e-03 9.999300e-01 -1.544270e+02
9.999981e-01 -1.936196e-03 2.427048e-04 -3.021598e+00 1.935462e-03 9.999937e-01 2.987524e-03 3.079373e+00 -2.484878e-04 -2.987049e-03 9.999955e-01 -1.545288e+02
9.999012e-01 2.133834e-03 -1.389204e-02 -2.610388e+00 -2.173326e-03 9.999936e-01 -2.828346e-03 3.059129e+00 1.388592e-02 2.858259e-03 9.998995e-01 -1.545037e+02
9.999961e-01 -2.418757e-03 1.409798e-03 -2.217222e+00 2.415108e-03 9.999937e-01 2.584236e-03 3.051911e+00 -1.416040e-03 -2.580821e-03 9.999957e-01 -1.549686e+02
9.999023e-01 1.893754e-03 -1.385135e-02 -1.932289e+00 -1.938589e-03 9.999929e-01 -3.224180e-03 3.053623e+00 1.384515e-02 3.250717e-03 9.998989e-01 -1.555984e+02
9.999942e-01 -2.187477e-03 2.608789e-03 -1.716341e+00 2.180725e-03 9.999943e-01 2.588326e-03 3.046806e+00 -2.614436e-03 -2.582623e-03 9.999932e-01 -1.558200e+02
9.999217e-01 1.398116e-03 -1.243417e-02 -1.508314e+00 -1.441878e-03 9.999928e-01 -3.511237e-03 3.051752e+00 1.242917e-02 3.528892e-03 9.999165e-01 -1.565331e+02
9.999960e-01 -2.407571e-03 1.477644e-03 -1.320529e+00 2.404906e-03 9.999955e-01 1.802485e-03 3.065806e+00 -1.481977e-03 -1.798925e-03 9.999973e-01 -1.576085e+02
9.999297e-01 5.069061e-04 -1.184457e-02 -8.944174e-01 -5.622737e-04 9.999889e-01 -4.671688e-03 3.086653e+00 1.184207e-02 4.678020e-03 9.999189e-01 -1.592937e+02
9.999945e-01 -1.983381e-03 -2.669595e-03 -6.152224e-01 1.986873e-03 9.999972e-01 1.306173e-03 3.114996e+00 2.666996e-03 -1.311470e-03 9.999956e-01 -1.610859e+02
9.999686e-01 1.243704e-03 7.826948e-03 -1.250097e+00 -1.226216e-03 9.999967e-01 -2.238698e-03 3.153149e+00 -7.829706e-03 2.229030e-03 9.999669e-01 -1.612696e+02
9.999424e-01 -2.084676e-03 -1.052611e-02 -1.485836e+00 2.109170e-03 9.999951e-01 2.316398e-03 3.155434e+00 1.052123e-02 -2.338466e-03 9.999419e-01 -1.609161e+02
9.999945e-01 1.607745e-03 2.887746e-03 -1.382208e+00 -1.594003e-03 9.999874e-01 -4.754497e-03 3.158879e+00 -2.895353e-03 4.749868e-03 9.999845e-01 -1.613371e+02
9.999104e-01 -2.061372e-03 -1.322838e-02 -1.268058e+00 2.111599e-03 9.999906e-01 3.784148e-03 3.160321e+00 1.322046e-02 -3.811743e-03 9.999053e-01 -1.618377e+02
9.999862e-01 2.145675e-03 4.798577e-03 -1.211759e+00 -2.124148e-03 9.999877e-01 -4.486618e-03 3.144529e+00 -4.808145e-03 4.476364e-03 9.999784e-01 -1.612375e+02
9.999033e-01 -2.437908e-03 -1.369229e-02 -1.116185e+00 2.479317e-03 9.999924e-01 3.008124e-03 3.140793e+00 1.368486e-02 -3.041781e-03 9.999017e-01 -1.613544e+02
9.999871e-01 1.902242e-03 4.717092e-03 -1.017498e+00 -1.880861e-03 9.999880e-01 -4.532968e-03 3.146778e+00 -4.725658e-03 4.524037e-03 9.999786e-01 -1.619843e+02
9.999148e-01 -2.684985e-03 -1.277676e-02 -9.455823e-01 2.716352e-03 9.999933e-01 2.438302e-03 3.157525e+00 1.277012e-02 -2.472801e-03 9.999154e-01 -1.627862e+02
9.999921e-01 2.018874e-03 3.410653e-03 -8.637181e-01 -2.002981e-03 9.999872e-01 -4.656741e-03 3.173204e+00 -3.420011e-03 4.649874e-03 9.999833e-01 -1.637797e+02
9.999240e-01 -2.495674e-03 -1.207718e-02 -8.125724e-01 2.537088e-03 9.999910e-01 3.415024e-03 3.182216e+00 1.206855e-02 -3.445406e-03 9.999212e-01 -1.644214e+02
9.999849e-01 2.113256e-03 5.079374e-03 -8.130092e-01 -2.092440e-03 9.999894e-01 -4.099756e-03 3.184877e+00 -5.087984e-03 4.089066e-03 9.999787e-01 -1.647050e+02
9.998970e-01 -2.143314e-03 -1.419151e-02 -7.628868e-01 2.196584e-03 9.999906e-01 3.739163e-03 3.174851e+00 1.418336e-02 -3.769951e-03 9.998923e-01 -1.644757e+02
9.999876e-01 2.211359e-03 4.451410e-03 -6.492746e-01 -2.190477e-03 9.999866e-01 -4.690360e-03 3.167729e+00 -4.461723e-03 4.680552e-03 9.999791e-01 -1.644714e+02
9.999162e-01 -3.004712e-03 -1.259140e-02 -5.539220e-01 3.043378e-03 9.999907e-01 3.052849e-03 3.178318e+00 1.258211e-02 -3.090914e-03 9.999161e-01 -1.652590e+02
9.999918e-01 2.509513e-03 3.182160e-03 -4.669660e-01 -2.496078e-03 9.999880e-01 -4.218917e-03 3.186008e+00 -3.192709e-03 4.210940e-03 9.999860e-01 -1.659204e+02
9.999261e-01 -2.675720e-03 -1.185956e-02 -4.218043e-01 2.719963e-03 9.999894e-01 3.716038e-03 3.181094e+00 1.184949e-02 -3.748021e-03 9.999228e-01 -1.659344e+02
9.999799e-01 2.297746e-03 5.907082e-03 -4.274554e-01 -2.265189e-03 9.999822e-01 -5.512221e-03 3.187727e+00 -5.919643e-03 5.498730e-03 9.999674e-01 -1.663678e+02
9.998938e-01 -3.140092e-03 -1.423230e-02 -3.532542e-01 3.187623e-03 9.999894e-01 3.318234e-03 3.201493e+00 1.422173e-02 -3.363250e-03 9.998932e-01 -1.673048e+02
9.999862e-01 2.778577e-03 4.458422e-03 -2.558285e-01 -2.760933e-03 9.999884e-01 -3.958575e-03 3.199403e+00 -4.469369e-03 3.946211e-03 9.999822e-01 -1.675718e+02
9.999125e-01 -2.818975e-03 -1.292404e-02 -1.725986e-01 2.863491e-03 9.999900e-01 3.427210e-03 3.195518e+00 1.291425e-02 -3.463919e-03 9.999106e-01 -1.676483e+02
9.999883e-01 2.191418e-03 4.314073e-03 -9.910615e-02 -2.170132e-03 9.999855e-01 -4.932637e-03 3.207737e+00 -4.324820e-03 4.923218e-03 9.999785e-01 -1.684624e+02
9.999255e-01 -3.020444e-03 -1.182432e-02 -3.797165e-02 3.055570e-03 9.999910e-01 2.953832e-03 3.222508e+00 1.181529e-02 -2.989742e-03 9.999257e-01 -1.693817e+02
9.999905e-01 2.050880e-03 3.853167e-03 2.783690e-02 -2.029500e-03 9.999826e-01 -5.544388e-03 3.241558e+00 -3.864471e-03 5.536515e-03 9.999772e-01 -1.705140e+02
9.999279e-01 -3.257870e-03 -1.155665e-02 1.062775e-01 3.286244e-03 9.999916e-01 2.437096e-03 3.263155e+00 1.154861e-02 -2.474899e-03 9.999303e-01 -1.717989e+02
9.999953e-01 2.726076e-03 1.426712e-03 2.455444e-01 -2.720628e-03 9.999891e-01 -3.806116e-03 3.270409e+00 -1.437072e-03 3.802217e-03 9.999917e-01 -1.725431e+02
9.999420e-01 -3.398251e-03 -1.022225e-02 3.690512e-01 3.415960e-03 9.999927e-01 1.715445e-03 3.274343e+00 1.021635e-02 -1.750264e-03 9.999463e-01 -1.731637e+02
9.999955e-01 2.411785e-03 1.796189e-03 4.507332e-01 -2.403064e-03 9.999854e-01 -4.841417e-03 3.285103e+00 -1.807840e-03 4.837079e-03 9.999867e-01 -1.740423e+02
9.999331e-01 -3.376873e-03 -1.106687e-02 5.335669e-01 3.401342e-03 9.999918e-01 2.192936e-03 3.291524e+00 1.105938e-02 -2.230431e-03 9.999364e-01 -1.747649e+02
9.999963e-01 2.651246e-03 5.782331e-04 6.655071e-01 -2.648470e-03 9.999852e-01 -4.749032e-03 3.293557e+00 -5.908155e-04 4.747483e-03 9.999886e-01 -1.753468e+02
9.999439e-01 -3.472898e-03 -1.000406e-02 7.895477e-01 3.493041e-03 9.999919e-01 1.996794e-03 3.300828e+00 9.997042e-03 -2.031627e-03 9.999480e-01 -1.761678e+02
9.999975e-01 2.203689e-03 3.757866e-04 9.810666e-01 -2.201761e-03 9.999848e-01 -5.055998e-03 3.317126e+00 -3.869228e-04 5.055159e-03 9.999871e-01 -1.774177e+02
9.999442e-01 -2.568714e-03 -1.024266e-02 1.142129e+00 2.606935e-03 9.999897e-01 3.720023e-03 3.313833e+00 1.023300e-02 -3.746518e-03 9.999406e-01 -1.777173e+02
9.999970e-01 1.812509e-03 1.648478e-03 1.228592e+00 -1.802197e-03 9.999789e-01 -6.235249e-03 3.324485e+00 -1.659745e-03 6.232260e-03 9.999792e-01 -1.786100e+02
9.999395e-01 -2.559659e-03 -1.070030e-02 1.352841e+00 2.603256e-03 9.999884e-01 4.062463e-03 3.331515e+00 1.068978e-02 -4.090073e-03 9.999345e-01 -1.794026e+02
9.999931e-01 2.304301e-03 2.926056e-03 1.433865e+00 -2.285680e-03 9.999772e-01 -6.351050e-03 3.336695e+00 -2.940624e-03 6.344318e-03 9.999756e-01 -1.799712e+02
9.999151e-01 -3.049909e-03 -1.267197e-02 1.579297e+00 3.110968e-03 9.999836e-01 4.801511e-03 3.345861e+00 1.265712e-02 -4.840526e-03 9.999082e-01 -1.807990e+02
9.999912e-01 2.327305e-03 3.484453e-03 1.719768e+00 -2.304380e-03 9.999758e-01 -6.568584e-03 3.355562e+00 -3.499656e-03 6.560498e-03 9.999724e-01 -1.816335e+02
9.999554e-01 -4.050230e-03 -8.533057e-03 1.734880e+00 4.067619e-03 9.999897e-01 2.021541e-03 3.387949e+00 8.524782e-03 -2.056160e-03 9.999615e-01 -1.833160e+02
9.999945e-01 2.901568e-03 1.608287e-03 1.724295e+00 -2.892814e-03 9.999811e-01 -5.418984e-03 3.413289e+00 -1.623980e-03 5.414302e-03 9.999840e-01 -1.846397e+02
9.999272e-01 -3.536234e-03 -1.153217e-02 1.873409e+00 3.578425e-03 9.999870e-01 3.640021e-03 3.418879e+00 1.151915e-02 -3.681024e-03 9.999269e-01 -1.853688e+02
9.999935e-01 3.258980e-03 1.541174e-03 2.016019e+00 -3.250876e-03 9.999810e-01 -5.231699e-03 3.416697e+00 -1.558195e-03 5.226655e-03 9.999851e-01 -1.857205e+02
9.999444e-01 -4.074097e-03 -9.730866e-03 2.124589e+00 4.112923e-03 9.999836e-01 3.973320e-03 3.426583e+00 9.714519e-03 -4.013121e-03 9.999448e-01 -1.864885e+02
9.999930e-01 3.383242e-03 1.571052e-03 2.206459e+00 -3.374295e-03 9.999783e-01 -5.663110e-03 3.438698e+00 -1.590178e-03 5.657769e-03 9.999827e-01 -1.873386e+02
9.999373e-01 -4.224265e-03 -1.036710e-02 2.306719e+00 4.261766e-03 9.999844e-01 3.597887e-03 3.452580e+00 1.035174e-02 -3.641844e-03 9.999398e-01 -1.882954e+02
9.999885e-01 3.039004e-03 3.700890e-03 2.340593e+00 -3.013952e-03 9.999726e-01 -6.755802e-03 3.476014e+00 -3.721320e-03 6.744571e-03 9.999703e-01 -1.895937e+02
9.999209e-01 -3.904714e-03 -1.195255e-02 2.419431e+00 3.960251e-03 9.999815e-01 4.626381e-03 3.490904e+00 1.193427e-02 -4.673351e-03 9.999179e-01 -1.905868e+02
9.999883e-01 2.988731e-03 3.798867e-03 2.505052e+00 -2.961236e-03 9.999695e-01 -7.222457e-03 3.509324e+00 -3.820338e-03 7.211124e-03 9.999667e-01 -1.917183e+02
9.998951e-01 -3.868568e-03 -1.395598e-02 2.653742e+00 3.939672e-03 9.999794e-01 5.071002e-03 3.524975e+00 1.393608e-02 -5.125452e-03 9.998898e-01 -1.928037e+02
9.999776e-01 2.979760e-03 5.985855e-03 2.753054e+00 -2.935068e-03 9.999679e-01 -7.461084e-03 3.540774e+00 -6.007895e-03 7.443348e-03 9.999542e-01 -1.938379e+02
9.999136e-01 -4.155657e-03 -1.247072e-02 2.802867e+00 4.209562e-03 9.999819e-01 4.299446e-03 3.559998e+00 1.245263e-02 -4.351571e-03 9.999130e-01 -1.949964e+02
9.999706e-01 2.459335e-03 7.259212e-03 2.788218e+00 -2.388152e-03 9.999491e-01 -9.798154e-03 3.599717e+00 -7.282940e-03 9.780530e-03 9.999256e-01 -1.969572e+02
9.999272e-01 -4.242029e-03 -1.129885e-02 2.777107e+00 4.296443e-03 9.999793e-01 4.795985e-03 3.638785e+00 1.127827e-02 -4.844181e-03 9.999247e-01 -1.988832e+02
9.999632e-01 1.754352e-03 8.396740e-03 2.760128e+00 -1.656341e-03 9.999306e-01 -1.166520e-02 3.688682e+00 -8.416623e-03 1.165087e-02 9.998967e-01 -2.013250e+02
9.998577e-01 -4.301070e-03 -1.631122e-02 3.057757e+00 4.415154e-03 9.999660e-01 6.964689e-03 3.724936e+00 1.628071e-02 -7.035715e-03 9.998427e-01 -2.036551e+02
9.999842e-01 2.612620e-03 4.976612e-03 3.298455e+00 -2.553429e-03 9.999264e-01 -1.186330e-02 3.760034e+00 -5.007240e-03 1.185041e-02 9.999172e-01 -2.057328e+02
9.999579e-01 -5.001698e-03 -7.694776e-03 3.244150e+00 5.046336e-03 9.999705e-01 5.792651e-03 3.805611e+00 7.665576e-03 -5.831238e-03 9.999536e-01 -2.079461e+02
9.999729e-01 1.950162e-03 7.099162e-03 3.177952e+00 -1.850197e-03 9.998994e-01 -1.406070e-02 3.866480e+00 -7.125869e-03 1.404719e-02 9.998759e-01 -2.108811e+02
9.999272e-01 -4.205240e-03 -1.130603e-02 3.125453e+00 4.283277e-03 9.999671e-01 6.886962e-03 3.919863e+00 1.127669e-02 -6.934888e-03 9.999124e-01 -2.134721e+02
9.999470e-01 1.496921e-03 1.018719e-02 3.057028e+00 -1.351665e-03 9.998975e-01 -1.425056e-02 3.973226e+00 -1.020748e-02 1.423603e-02 9.998466e-01 -2.160218e+02
9.998757e-01 -3.813252e-03 -1.529883e-02 3.035140e+00 3.921822e-03 9.999673e-01 7.072898e-03 4.024771e+00 1.527136e-02 -7.132019e-03 9.998580e-01 -2.185943e+02
9.999583e-01 2.086662e-03 8.894669e-03 3.086010e+00 -1.972450e-03 9.999157e-01 -1.282994e-02 4.064957e+00 -8.920692e-03 1.281186e-02 9.998781e-01 -2.206613e+02
9.999112e-01 -3.852310e-03 -1.275467e-02 3.026061e+00 3.933860e-03 9.999719e-01 6.374858e-03 4.114047e+00 1.272976e-02 -6.424468e-03 9.998983e-01 -2.228733e+02
9.999521e-01 1.590677e-03 9.653853e-03 2.944061e+00 -1.464858e-03 9.999141e-01 -1.302609e-02 4.165747e+00 -9.673744e-03 1.301133e-02 9.998686e-01 -2.252426e+02
9.999222e-01 -3.591162e-03 -1.194294e-02 2.787351e+00 3.656768e-03 9.999783e-01 5.476008e-03 4.224107e+00 1.192302e-02 -5.519255e-03 9.999137e-01 -2.277685e+02
9.999764e-01 2.341143e-03 6.459147e-03 2.738862e+00 -2.275982e-03 9.999466e-01 -1.007717e-02 4.260428e+00 -6.482394e-03 1.006223e-02 9.999284e-01 -2.294458e+02
9.999111e-01 -3.270220e-03 -1.292593e-02 2.729873e+00 3.354160e-03 9.999734e-01 6.477623e-03 4.289656e+00 1.290440e-02 -6.520403e-03 9.998955e-01 -2.308240e+02
9.999658e-01 2.226873e-03 7.959825e-03 2.688620e+00 -2.150337e-03 9.999515e-01 -9.610889e-03 4.314662e+00 -7.980841e-03 9.593445e-03 9.999221e-01 -2.320403e+02
9.999024e-01 -3.762708e-03 -1.345350e-02 2.682446e+00 3.833986e-03 9.999787e-01 5.276289e-03 4.347853e+00 1.343336e-02 -5.327355e-03 9.998956e-01 -2.336892e+02
9.999772e-01 2.739424e-03 6.174473e-03 2.720963e+00 -2.686337e-03 9.999595e-01 -8.589584e-03 4.371301e+00 -6.197754e-03 8.572802e-03 9.999440e-01 -2.349918e+02
