1.000000e+00 1.197625e-11 1.704638e-10 5.551115e-17 1.197625e-11 1.000000e+00 3.562503e-10 0.000000e+00 1.704638e-10 3.562503e-10 1.000000e+00 2.220446e-16 0.000000e+00 0.000000e+00 0.000000e+00 1.000000e+00
9.799437e-01 -5.360076e-02 1.919305e-01 -3.904771e-02 7.739361e-02 9.899098e-01 -1.186964e-01 1.625438e-02 -1.836316e-01 1.311700e-01 9.742042e-01 -1.188940e+00
9.988930e-01 1.904276e-02 -4.301415e-02 -9.888716e-02 -1.791740e-02 9.994909e-01 2.639834e-02 2.972253e-02 4.349495e-02 -2.559842e-02 9.987256e-01 -2.151170e+00
9.830871e-01 -5.332096e-02 1.752045e-01 -1.470653e-01 7.076817e-02 9.929691e-01 -9.489036e-02 3.635674e-02 -1.689130e-01 1.056844e-01 9.799486e-01 -2.752936e+00
9.969366e-01 2.900896e-02 -7.263567e-02 -1.783542e-01 -2.653563e-02 9.990424e-01 3.478785e-02 4.009373e-02 7.357527e-02 -3.275385e-02 9.967517e-01 -3.252574e+00
9.776708e-01 -6.080083e-02 2.011542e-01 -2.307167e-01 8.531991e-02 9.896300e-01 -1.155554e-01 5.085505e-02 -1.920424e-01 1.301376e-01 9.727199e-01 -4.070079e+00
9.998145e-01 9.491279e-03 -1.675923e-02 -2.579144e-01 -9.102831e-03 9.996916e-01 2.310430e-02 6.170680e-02 1.697335e-02 -2.294746e-02 9.995926e-01 -4.932761e+00
9.982659e-01 7.844861e-04 -5.886149e-02 -2.677761e-01 -2.065113e-03 9.997624e-01 -2.169895e-02 6.158320e-02 5.883049e-02 2.178287e-02 9.980303e-01 -5.160687e+00
9.979356e-01 -4.831941e-04 -6.422031e-02 -2.814613e-01 8.081202e-04 9.999870e-01 5.033676e-03 6.270714e-02 6.421704e-02 -5.075181e-03 9.979230e-01 -5.413954e+00
9.862315e-01 -3.607334e-02 1.613883e-01 -2.961700e-01 5.104976e-02 9.946656e-01 -8.963456e-02 7.195279e-02 -1.572939e-01 9.663926e-02 9.828120e-01 -6.231226e+00
9.992710e-01 -1.737231e-02 3.399424e-02 -2.755938e-01 1.770594e-02 9.997977e-01 -9.538095e-03 8.072678e-02 -3.382167e-02 1.013304e-02 9.993765e-01 -7.136538e+00
9.991657e-01 -1.492655e-02 3.801320e-02 -3.039602e-01 1.724064e-02 9.979708e-01 -6.129430e-02 8.927498e-02 -3.702115e-02 6.189854e-02 9.973956e-01 -7.839150e+00
9.996283e-01 -7.879786e-03 -2.609757e-02 -3.863435e-01 7.772679e-03 9.999610e-01 -4.203006e-03 9.879643e-02 2.612967e-02 3.998597e-03 9.996506e-01 -8.434670e+00
9.873936e-01 -3.177975e-02 1.550613e-01 -4.262678e-01 4.478578e-02 9.956979e-01 -8.111735e-02 1.055634e-01 -1.518163e-01 8.703929e-02 9.845689e-01 -9.103487e+00
9.937369e-01 -3.612261e-02 1.057452e-01 -4.906094e-01 4.016765e-02 9.985306e-01 -3.637555e-02 1.212155e-01 -1.042758e-01 4.039527e-02 9.937277e-01 -1.021989e+01
9.996443e-01 6.046751e-04 2.666321e-02 -5.420532e-01 -9.463300e-05 9.998171e-01 -1.912618e-02 1.275883e-01 -2.666990e-02 1.911685e-02 9.994615e-01 -1.079025e+01
9.996250e-01 -2.425826e-02 1.270436e-02 -5.985530e-01 2.481786e-02 9.986369e-01 -4.591783e-02 1.345475e-01 -1.157316e-02 4.621590e-02 9.988644e-01 -1.136305e+01
9.821512e-01 -3.823554e-02 1.841659e-01 -7.003313e-01 5.137830e-02 9.964207e-01 -6.712744e-02 1.522529e-01 -1.809400e-01 7.539142e-02 9.806002e-01 -1.242989e+01
9.968293e-01 -3.581405e-02 7.105469e-02 -7.628256e-01 3.878153e-02 9.984131e-01 -4.083264e-02 1.663550e-01 -6.947955e-02 4.345878e-02 9.966363e-01 -1.343771e+01
9.897367e-01 -2.136572e-02 1.412969e-01 -7.848887e-01 2.698914e-02 9.989131e-01 -3.800259e-02 1.733323e-01 -1.403314e-01 4.142604e-02 9.892376e-01 -1.414201e+01
9.997432e-01 -2.259422e-02 1.724228e-03 -8.012980e-01 2.262536e-02 9.995252e-01 -2.091369e-02 1.778562e-01 -1.250881e-03 2.094733e-02 9.997798e-01 -1.472794e+01
9.787040e-01 -2.558898e-02 2.036754e-01 -8.040241e-01 3.476226e-02 9.985299e-01 -4.158873e-02 1.785581e-01 -2.023118e-01 4.778327e-02 9.781547e-01 -1.521226e+01
9.953922e-01 -3.609524e-03 -9.581957e-02 -8.503593e-01 5.361951e-03 9.998229e-01 1.803764e-02 1.805705e-01 9.573749e-02 -1.846831e-02 9.952353e-01 -1.557551e+01
9.961749e-01 -1.227597e-02 8.651527e-02 -8.589898e-01 1.636314e-02 9.987753e-01 -4.669256e-02 1.795171e-01 -8.583612e-02 4.792961e-02 9.951557e-01 -1.582666e+01
9.906870e-01 -4.852222e-02 1.272199e-01 -9.131089e-01 5.386876e-02 9.977890e-01 -3.892583e-02 1.895658e-01 -1.250498e-01 4.541649e-02 9.911104e-01 -1.664419e+01
9.998084e-01 -5.708726e-04 -1.956513e-02 -9.162305e-01 -7.159362e-05 9.994612e-01 -3.282087e-02 1.955701e-01 1.957333e-02 3.281599e-02 9.992697e-01 -1.731265e+01
9.980533e-01 -3.174674e-02 5.368289e-02 -8.989295e-01 3.345851e-02 9.989500e-01 -3.129429e-02 2.011804e-01 -5.263303e-02 3.302952e-02 9.980675e-01 -1.796535e+01
9.983810e-01 -2.039839e-02 5.309774e-02 -8.970969e-01 2.346535e-02 9.980528e-01 -5.779324e-02 2.123141e-01 -5.181546e-02 5.894563e-02 9.969155e-01 -1.892182e+01
9.932261e-01 -3.624392e-02 1.104005e-01 -9.210339e-01 4.185948e-02 9.979223e-01 -4.897906e-02 2.274309e-01 -1.083959e-01 5.326859e-02 9.926796e-01 -2.006786e+01
9.998368e-01 -1.436151e-02 1.096390e-02 -9.236337e-01 1.490286e-02 9.985872e-01 -5.100493e-02 2.401649e-01 -1.021590e-02 5.116000e-02 9.986382e-01 -2.110427e+01
9.849316e-01 -4.402286e-02 1.672474e-01 -9.447244e-01 5.445390e-02 9.968128e-01 -5.830177e-02 2.557550e-01 -1.641477e-01 6.653053e-02 9.841896e-01 -2.224035e+01
9.969605e-01 -2.579561e-02 7.351428e-02 -9.610448e-01 2.871440e-02 9.988294e-01 -3.892729e-02 2.675402e-01 -7.242407e-02 4.091989e-02 9.965342e-01 -2.322086e+01
9.980954e-01 -2.536530e-02 5.623255e-02 -1.014467e+00 2.777141e-02 9.987135e-01 -4.242815e-02 2.804118e-01 -5.508401e-02 4.390900e-02 9.975158e-01 -2.412997e+01
9.980398e-01 -2.932714e-02 5.528476e-02 -1.043527e+00 3.107490e-02 9.990355e-01 -3.102357e-02 2.928139e-01 -5.432161e-02 3.268072e-02 9.979885e-01 -2.501946e+01
9.949886e-01 -2.713165e-02 9.623682e-02 -1.048636e+00 3.161877e-02 9.984679e-01 -4.541120e-02 3.033306e-01 -9.485729e-02 4.822651e-02 9.943220e-01 -2.589972e+01
9.997855e-01 -2.007401e-02 5.096155e-03 -1.018131e+00 2.013853e-02 9.997134e-01 -1.294297e-02 3.092022e-01 -4.834877e-03 1.304282e-02 9.999033e-01 -2.659461e+01
9.972524e-01 -1.755341e-02 7.196879e-02 -1.037819e+00 2.213759e-02 9.977425e-01 -6.340234e-02 3.204835e-01 -7.069340e-02 6.482135e-02 9.953897e-01 -2.749902e+01
9.729421e-01 1.303601e-02 -2.306812e-01 -1.108215e+00 -1.005354e-02 9.998501e-01 1.409975e-02 3.339156e-01 2.308304e-01 -1.139908e-02 9.729272e-01 -2.815403e+01
9.959705e-01 2.596619e-02 -8.584066e-02 -1.155267e+00 -2.673896e-02 9.996115e-01 -7.864682e-03 3.420830e-01 8.560310e-02 1.012828e-02 9.962778e-01 -2.849428e+01
9.520379e-01 1.755470e-02 -3.054761e-01 -1.225791e+00 -1.687155e-02 9.998458e-01 4.876440e-03 3.531455e-01 3.055146e-01 5.112998e-04 9.521873e-01 -2.886093e+01
9.996172e-01 2.658378e-02 -7.659156e-03 -1.329221e+00 -2.680560e-02 9.991758e-01 -3.048200e-02 3.685776e-01 6.842516e-03 3.067564e-02 9.995060e-01 -2.944686e+01
9.462194e-01 3.783797e-04 -3.235253e-01 -1.428712e+00 -8.823773e-04 9.999986e-01 -1.411151e-03 3.841157e-01 3.235243e-01 1.620730e-03 9.462185e-01 -3.001150e+01
9.954728e-01 4.545351e-02 -8.347345e-02 -1.502055e+00 -4.530721e-02 9.989664e-01 3.647031e-03 3.968296e-01 8.355295e-02 1.514286e-04 9.965033e-01 -3.044526e+01
9.171285e-01 2.074491e-02 -3.980515e-01 -1.616741e+00 -2.701100e-02 9.995837e-01 -1.014010e-02 4.116950e-01 3.976754e-01 2.005155e-02 9.173070e-01 -3.081101e+01
9.940812e-01 1.151812e-02 1.080273e-01 -1.719149e+00 -8.848442e-03 9.996443e-01 -2.515992e-02 4.272035e-01 -1.082786e-01 2.405513e-02 9.938295e-01 -3.140594e+01
9.560178e-01 -1.740057e-02 -2.927920e-01 -1.794710e+00 9.792208e-03 9.995757e-01 -2.743128e-02 4.416395e-01 2.931451e-01 2.335771e-02 9.557826e-01 -3.209308e+01
9.829726e-01 1.234209e-03 1.837481e-01 -1.896438e+00 3.719950e-03 9.996388e-01 -2.661454e-02 4.574883e-01 -1.837146e-01 2.684490e-02 9.826130e-01 -3.282491e+01
9.897656e-01 -6.560135e-02 -1.267304e-01 -1.962958e+00 5.878882e-02 9.966548e-01 -5.677210e-02 4.736624e-01 1.300308e-01 4.874074e-02 9.903112e-01 -3.380751e+01
9.569228e-01 1.119970e-02 2.901262e-01 -2.000748e+00 1.261936e-02 9.967071e-01 -8.009814e-02 4.925594e-01 -2.900680e-01 8.030895e-02 9.536305e-01 -3.506984e+01
9.852327e-01 -6.737221e-02 -1.574090e-01 -2.028506e+00 6.723886e-02 9.977178e-01 -6.178350e-03 5.065420e-01 1.574660e-01 -4.496890e-03 9.875142e-01 -3.605111e+01
9.479620e-01 3.711224e-02 3.162130e-01 -2.020622e+00 -3.774870e-04 9.933134e-01 -1.154483e-01 5.192406e-01 -3.183832e-01 1.093212e-01 9.416374e-01 -3.712576e+01
9.853811e-01 -8.400533e-02 -1.482131e-01 -2.025396e+00 8.587394e-02 9.962865e-01 6.242339e-03 5.345238e-01 1.471383e-01 -1.887872e-02 9.889358e-01 -3.830176e+01
9.516777e-01 4.381144e-02 3.039574e-01 -2.075067e+00 4.643700e-03 9.876053e-01 -1.568895e-01 5.551715e-01 -3.070635e-01 1.507197e-01 9.396785e-01 -3.964597e+01
9.836234e-01 -9.443493e-02 -1.535156e-01 -2.120039e+00 9.848591e-02 9.949574e-01 1.898386e-02 5.784348e-01 1.509488e-01 -3.379210e-02 9.879638e-01 -4.116382e+01
9.733643e-01 6.716211e-02 2.192056e-01 -2.146864e+00 -3.014707e-02 9.853215e-01 -1.680258e-01 6.011871e-01 -2.272730e-01 1.569419e-01 9.611016e-01 -4.259781e+01
9.819419e-01 -9.613300e-02 -1.629371e-01 -2.165773e+00 1.041300e-01 9.937078e-01 4.125235e-02 6.215067e-01 1.579462e-01 -5.747406e-02 9.857737e-01 -4.398312e+01
9.732215e-01 7.902351e-02 2.158591e-01 -2.203977e+00 -2.953275e-02 9.742537e-01 -2.235117e-01 6.499514e-01 -2.279643e-01 2.111515e-01 9.504985e-01 -4.577529e+01
9.724059e-01 -1.002861e-01 -2.106406e-01 -2.237528e+00 1.171027e-01 9.907262e-01 6.891042e-02 6.784767e-01 2.017764e-01 -9.167548e-02 9.751317e-01 -4.745645e+01
9.614062e-01 9.798355e-02 2.570939e-01 -2.266640e+00 -3.883290e-02 9.734067e-01 -2.257683e-01 7.021871e-01 -2.723785e-01 2.070713e-01 9.396443e-01 -4.896026e+01
9.775690e-01 -1.069621e-01 -1.814330e-01 -2.286364e+00 1.249017e-01 9.880340e-01 9.048951e-02 7.224433e-01 1.695830e-01 -1.111210e-01 9.792312e-01 -5.037323e+01
9.633530e-01 1.047900e-01 2.469213e-01 -2.325829e+00 -3.278144e-02 9.596275e-01 -2.793573e-01 7.516079e-01 -2.662263e-01 2.610253e-01 9.278951e-01 -5.218670e+01
9.766848e-01 -1.193801e-01 -1.784240e-01 -2.371377e+00 1.405307e-01 9.838352e-01 1.109931e-01 7.823076e-01 1.622894e-01 -1.334794e-01 9.776735e-01 -5.403450e+01
9.588961e-01 2.658921e-01 -9.909383e-02 -2.558080e+00 -2.655639e-01 9.639481e-01 1.673098e-02 7.924142e-01 9.996994e-02 1.027247e-02 9.949374e-01 -5.410351e+01
9.353680e-01 -2.209495e-01 -2.761665e-01 -2.602276e+00 1.957976e-01 9.737698e-01 -1.159124e-01 7.982831e-01 2.945334e-01 5.434798e-02 9.540945e-01 -5.441411e+01
9.096310e-01 1.958389e-01 3.663586e-01 -2.646564e+00 -1.603642e-01 9.790846e-01 -1.252068e-01 8.264953e-01 -3.832164e-01 5.514114e-02 9.220112e-01 -5.617336e+01
9.275817e-01 -2.626652e-01 -2.657050e-01 -2.677924e+00 2.489267e-01 9.648063e-01 -8.476001e-02 8.568704e-01 2.786174e-01 1.248075e-02 9.603211e-01 -5.801670e+01
9.194409e-01 2.460619e-01 3.067279e-01 -2.703287e+00 -2.069869e-01 9.660624e-01 -1.545310e-01 8.842754e-01 -3.343425e-01 7.859342e-02 9.391689e-01 -5.974453e+01
9.237147e-01 -2.909793e-01 -2.491632e-01 -2.733703e+00 2.862793e-01 9.565235e-01 -5.573918e-02 9.127067e-01 2.545494e-01 -1.984316e-02 9.668562e-01 -6.149011e+01
9.308970e-01 2.968583e-01 2.128518e-01 -2.773163e+00 -2.652350e-01 9.499761e-01 -1.649117e-01 9.420939e-01 -2.511596e-01 9.706004e-02 9.630671e-01 -6.329041e+01
9.277653e-01 -3.558859e-01 -1.122356e-01 -2.839290e+00 3.536047e-01 9.345266e-01 -4.029683e-02 9.747785e-01 1.192282e-01 -2.301036e-03 9.928642e-01 -6.522255e+01
9.301776e-01 3.100607e-01 1.965503e-01 -2.892702e+00 -2.712508e-01 9.412564e-01 -2.011453e-01 1.003451e+00 -2.473714e-01 1.337864e-01 9.596398e-01 -6.696536e+01
9.304059e-01 -3.543929e-01 -9.354439e-02 -2.933394e+00 3.580497e-01 9.333633e-01 2.516777e-02 1.030943e+00 7.839162e-02 -5.690978e-02 9.952970e-01 -6.866613e+01
9.385930e-01 3.244066e-01 1.174884e-01 -2.969641e+00 -2.893922e-01 9.256173e-01 -2.438951e-01 1.059591e+00 -1.878705e-01 1.949181e-01 9.626586e-01 -7.047393e+01
9.319255e-01 -3.600272e-01 -4.353408e-02 -3.012108e+00 3.623733e-01 9.291670e-01 7.303640e-02 1.090321e+00 1.415534e-02 -8.384007e-02 9.963787e-01 -7.233426e+01
9.467782e-01 3.218646e-01 3.772582e-03 -3.038420e+00 -3.107599e-01 9.170426e-01 -2.499223e-01 1.120696e+00 -8.390076e-02 2.354486e-01 9.682586e-01 -7.419407e+01
9.340571e-01 -3.567001e-01 1.738641e-02 -3.052317e+00 3.516417e-01 9.271262e-01 1.295575e-01 1.143545e+00 -6.233257e-02 -1.149003e-01 9.914195e-01 -7.568570e+01
9.549804e-01 2.946379e-01 3.465626e-02 -3.067493e+00 -2.752012e-01 9.234393e-01 -2.674400e-01 1.160175e+00 -1.108009e-01 2.458625e-01 9.629511e-01 -7.693300e+01
9.344896e-01 -3.502849e-01 6.347927e-02 -3.131328e+00 3.376220e-01 9.286067e-01 1.539512e-01 1.185137e+00 -1.128741e-01 -1.224338e-01 9.860372e-01 -7.845874e+01
9.614869e-01 2.643514e-01 -7.524117e-02 -3.189585e+00 -2.748298e-01 9.213162e-01 -2.750365e-01 1.208904e+00 -3.385388e-03 2.851225e-01 9.584851e-01 -7.992709e+01
9.354040e-01 -3.225401e-01 1.448696e-01 -3.236407e+00 2.981108e-01 9.397397e-01 1.673895e-01 1.236781e+00 -1.901295e-01 -1.133896e-01 9.751890e-01 -8.165264e+01
9.652986e-01 2.169277e-01 -1.453993e-01 -3.279899e+00 -2.521664e-01 9.190303e-01 -3.029775e-01 1.266815e+00 6.790218e-02 3.291285e-01 9.418406e-01 -8.353638e+01
9.397907e-01 -2.846163e-01 1.891744e-01 -3.315291e+00 2.520300e-01 9.510529e-01 1.788276e-01 1.297953e+00 -2.308121e-01 -1.203829e-01 9.655225e-01 -8.545752e+01
9.714593e-01 1.616566e-01 -1.735912e-01 -3.366547e+00 -2.099937e-01 9.264390e-01 -3.124316e-01 1.329689e+00 1.103150e-01 3.399676e-01 9.339447e-01 -8.739464e+01
9.407976e-01 -2.375948e-01 2.417613e-01 -3.416102e+00 1.941399e-01 9.623433e-01 1.902761e-01 1.360760e+00 -2.778660e-01 -1.320758e-01 9.514970e-01 -8.928790e+01
9.812003e-01 9.562530e-02 -1.676357e-01 -3.470041e+00 -1.460850e-01 9.356258e-01 -3.213464e-01 1.390691e+00 1.261154e-01 3.397943e-01 9.320058e-01 -9.112053e+01
9.574129e-01 -1.551052e-01 2.435219e-01 -3.524608e+00 1.161504e-01 9.790977e-01 1.669636e-01 1.425029e+00 -2.643286e-01 -1.315679e-01 9.554163e-01 -9.324202e+01
9.757066e-01 2.534067e-02 -2.176108e-01 -3.581310e+00 -9.469504e-02 9.444887e-01 -3.146012e-01 1.459240e+00 1.975587e-01 3.275651e-01 9.239435e-01 -9.525826e+01
9.458329e-01 -1.012995e-01 3.084454e-01 -3.629591e+00 5.396505e-02 9.859133e-01 1.583119e-01 1.491524e+00 -3.201373e-01 -1.330913e-01 9.379759e-01 -9.723625e+01
9.773219e-01 -5.050263e-02 -2.056487e-01 -3.663723e+00 -1.708407e-02 9.491747e-01 -3.142858e-01 1.521827e+00 2.110688e-01 3.106717e-01 9.267864e-01 -9.913650e+01
9.444473e-01 -2.736694e-02 3.275214e-01 -3.699357e+00 -2.051632e-02 9.896746e-01 1.418562e-01 1.551160e+00 -3.280218e-01 -1.406953e-01 9.341341e-01 -1.009793e+02
9.618609e-01 -1.237311e-01 -2.439553e-01 -3.747195e+00 4.383292e-02 9.500428e-01 -3.090265e-01 1.582742e+00 2.700041e-01 2.865472e-01 9.192325e-01 -1.028974e+02
9.444636e-01 3.890905e-02 3.263044e-01 -3.789711e+00 -8.356408e-02 9.887613e-01 1.239685e-01 1.612815e+00 -3.178137e-01 -1.443511e-01 9.371004e-01 -1.046871e+02
9.557065e-01 -1.722815e-01 -2.386296e-01 -3.850380e+00 8.642755e-02 9.393098e-01 -3.320052e-01 1.647760e+00 2.813455e-01 2.966753e-01 9.125944e-01 -1.068530e+02
9.634905e-01 1.028274e-01 2.472097e-01 -3.921601e+00 -1.276697e-01 9.880274e-01 8.661593e-02 1.692774e+00 -2.353434e-01 -1.150148e-01 9.650829e-01 -1.093650e+02
9.581046e-01 -2.161404e-01 -1.879332e-01 -3.960713e+00 1.508706e-01 9.385880e-01 -3.103073e-01 1.731634e+00 2.434618e-01 2.689533e-01 9.318747e-01 -1.116263e+02
9.561281e-01 1.561767e-01 2.478466e-01 -3.999898e+00 -1.851145e-01 9.778218e-01 9.796455e-02 1.764926e+00 -2.270501e-01 -1.395467e-01 9.638335e-01 -1.135950e+02
9.540883e-01 -2.622794e-01 -1.446551e-01 -4.044981e+00 2.099112e-01 9.299999e-01 -3.017243e-01 1.797837e+00 2.136652e-01 2.575069e-01 9.423574e-01 -1.155910e+02
9.526780e-01 2.024313e-01 2.267734e-01 -4.101393e+00 -2.251463e-01 9.711199e-01 7.896371e-02 1.831679e+00 -2.042394e-01 -1.262842e-01 9.707412e-01 -1.175559e+02
9.499568e-01 -3.007792e-01 -8.434413e-02 -4.143912e+00 2.703531e-01 9.268797e-01 -2.603904e-01 1.861384e+00 1.564969e-01 2.245569e-01 9.618123e-01 -1.193541e+02
9.488683e-01 2.552416e-01 1.857433e-01 -4.187906e+00 -2.661905e-01 9.632412e-01 3.618151e-02 1.892859e+00 -1.696806e-01 -8.377459e-02 9.819319e-01 -1.213089e+02
9.379409e-01 -3.467940e-01 -8.725971e-04 -4.222600e+00 3.392642e-01 9.180914e-01 -2.049588e-01 1.922724e+00 7.187960e-02 1.919432e-01 9.787702e-01 -1.231105e+02
9.435575e-01 3.013421e-01 1.374487e-01 -4.239733e+00 -3.075344e-01 9.511877e-01 2.578000e-02 1.945697e+00 -1.229709e-01 -6.659509e-02 9.901733e-01 -1.246306e+02
9.309076e-01 -3.636025e-01 3.470202e-02 -4.285508e+00 3.638121e-01 9.146013e-01 -1.764799e-01 1.973253e+00 3.243001e-02 1.769115e-01 9.836923e-01 -1.263661e+02
9.450711e-01 3.186938e-01 7.262785e-02 -4.328525e+00 -3.196243e-01 9.475435e-01 1.259898e-03 2.001297e+00 -6.841652e-02 -2.440432e-02 9.973583e-01 -1.280759e+02
9.160597e-01 -3.760714e-01 1.393012e-01 -4.345900e+00 3.914710e-01 9.139535e-01 -1.069556e-01 2.025294e+00 -8.709189e-02 1.525101e-01 9.844570e-01 -1.296793e+02
9.428508e-01 3.314421e-01 -3.432834e-02 -4.394493e+00 -3.322578e-01 9.429432e-01 -2.151342e-02 2.050819e+00 2.523922e-02 3.168980e-02 9.991790e-01 -1.312882e+02
9.170834e-01 -3.693022e-01 1.502463e-01 -4.453171e+00 3.839439e-01 9.196022e-01 -8.317950e-02 2.079873e+00 -1.074484e-01 1.339687e-01 9.851433e-01 -1.330164e+02
9.418607e-01 3.232830e-01 -9.157831e-02 -4.504817e+00 -3.281199e-01 9.436347e-01 -4.348392e-02 2.110287e+00 7.235886e-02 7.100446e-02 9.948480e-01 -1.348468e+02
9.063879e-01 -3.548045e-01 2.292919e-01 -4.509080e+00 3.729767e-01 9.269793e-01 -3.997143e-02 2.137077e+00 -1.983668e-01 1.217502e-01 9.725366e-01 -1.365855e+02
9.498642e-01 2.940506e-01 -1.062650e-01 -4.472455e+00 -3.019134e-01 9.509605e-01 -6.724916e-02 2.157706e+00 8.127914e-02 9.596039e-02 9.920611e-01 -1.381280e+02
9.094251e-01 -3.299034e-01 2.531989e-01 -4.494560e+00 3.397764e-01 9.404929e-01 5.018320e-03 2.181376e+00 -2.397873e-01 8.146724e-02 9.674012e-01 -1.396790e+02
9.341556e-01 2.709255e-01 -2.322773e-01 -4.536491e+00 -2.898953e-01 9.556892e-01 -5.117467e-02 2.205518e+00 2.081204e-01 1.151412e-01 9.713024e-01 -1.411539e+02
8.879062e-01 -3.069938e-01 3.426038e-01 -4.564162e+00 3.150194e-01 9.484941e-01 3.349116e-02 2.226440e+00 -3.352393e-01 7.818984e-02 9.388828e-01 -1.425064e+02
9.536248e-01 2.234107e-01 -2.017113e-01 -4.556116e+00 -2.436358e-01 9.664431e-01 -8.142077e-02 2.242065e+00 1.767523e-01 1.267890e-01 9.760549e-01 -1.437122e+02
7.494156e-01 -2.545549e-01 6.112103e-01 -4.063056e+00 2.322002e-01 9.655538e-01 1.174261e-01 2.232863e+00 -6.200478e-01 5.392221e-02 7.827088e-01 -1.446033e+02
9.631753e-01 1.277545e-01 -2.365844e-01 -3.638803e+00 -1.682850e-01 9.726879e-01 -1.598698e-01 2.222162e+00 2.096987e-01 1.937962e-01 9.583681e-01 -1.454893e+02
7.751705e-01 -1.713002e-01 6.080847e-01 -3.317444e+00 1.104812e-01 9.844617e-01 1.364886e-01 2.217126e+00 -6.220166e-01 -3.861999e-02 7.820511e-01 -1.463372e+02
9.949700e-01 -2.109780e-02 -9.792621e-02 -2.983030e+00 -1.260300e-03 9.748556e-01 -2.228338e-01 2.210723e+00 1.001652e-01 2.218364e-01 9.699255e-01 -1.472430e+02
7.607353e-01 -2.055921e-02 6.487366e-01 -2.348161e+00 -5.132350e-02 9.944632e-01 9.169973e-02 2.190005e+00 -6.470299e-01 -1.030546e-01 7.554681e-01 -1.479311e+02
9.032082e-01 -1.235111e-01 -4.110475e-01 -1.870891e+00 3.988142e-02 9.777078e-01 -2.061478e-01 2.180042e+00 4.273459e-01 1.698012e-01 8.879995e-01 -1.489667e+02
8.795958e-01 5.751884e-02 4.722317e-01 -1.899929e+00 -8.539871e-02 9.956297e-01 3.779689e-02 2.203310e+00 -4.679938e-01 -7.357396e-02 8.806637e-01 -1.504571e+02
9.457132e-01 -1.792609e-01 -2.710944e-01 -1.665880e+00 1.352510e-01 9.755459e-01 -1.732554e-01 2.211946e+00 2.955229e-01 1.271842e-01 9.468318e-01 -1.516823e+02
8.073138e-01 1.408902e-01 5.730570e-01 -1.215312e+00 -1.631080e-01 9.865257e-01 -1.276050e-02 2.200944e+00 -5.671333e-01 -8.316845e-02 8.194161e-01 -1.524877e+02
9.089912e-01 -2.215140e-01 -3.530815e-01 -9.823755e-01 1.958362e-01 9.747424e-01 -1.073566e-01 2.196588e+00 3.679445e-01 2.844002e-02 9.294127e-01 -1.531786e+02
8.862681e-01 1.909421e-01 4.219835e-01 -9.697413e-01 -1.773175e-01 9.815367e-01 -7.172270e-02 2.208448e+00 -4.278872e-01 -1.125953e-02 9.037620e-01 -1.541888e+02
9.038111e-01 -2.573355e-01 -3.419122e-01 -9.768371e-01 2.397482e-01 9.663187e-01 -9.353579e-02 2.225205e+00 3.544663e-01 2.565842e-03 9.350653e-01 -1.553614e+02
8.153891e-01 2.191292e-01 5.358386e-01 -9.287320e-01 -1.684602e-01 9.753509e-01 -1.425191e-01 2.234621e+00 -5.538608e-01 2.594108e-02 8.322051e-01 -1.563170e+02
9.389665e-01 -2.795000e-01 -2.005536e-01 -7.801889e-01 2.935051e-01 9.549784e-01 4.325525e-02 2.232612e+00 1.794345e-01 -9.947874e-02 9.787274e-01 -1.569496e+02
7.987211e-01 2.482384e-01 5.481079e-01 -5.993905e-01 -1.193019e-01 9.581805e-01 -2.601099e-01 2.225208e+00 -5.897556e-01 1.423649e-01 7.949343e-01 -1.574607e+02
9.773951e-01 -2.043131e-01 -5.435945e-02 -1.628243e-01 2.111977e-01 9.553484e-01 2.066518e-01 2.203389e+00 9.710560e-03 -2.134610e-01 9.769033e-01 -1.578436e+02
8.903937e-01 1.390840e-01 4.334221e-01 -2.308390e-02 2.105980e-02 9.385691e-01 -3.444482e-01 2.199903e+00 -4.547038e-01 3.158223e-01 8.327669e-01 -1.584782e+02
9.879293e-01 -8.931078e-02 1.265673e-01 1.964952e-01 4.976251e-02 9.567323e-01 2.866829e-01 2.187995e+00 -1.466948e-01 -2.769241e-01 9.496282e-01 -1.589396e+02
9.426058e-01 -2.262624e-03 3.339001e-01 8.124861e-01 1.195582e-01 9.359650e-01 -3.311726e-01 2.166198e+00 -3.117695e-01 3.520857e-01 8.825166e-01 -1.594471e+02
9.822072e-01 1.280955e-01 -1.373335e-01 1.557816e+00 -7.704448e-02 9.417473e-01 3.273777e-01 2.142103e+00 1.712691e-01 -3.109719e-01 9.348601e-01 -1.598244e+02
8.624622e-01 -8.196608e-02 4.994402e-01 2.032519e+00 2.629288e-01 9.157531e-01 -3.037511e-01 2.125352e+00 -4.324666e-01 3.932910e-01 8.113537e-01 -1.603859e+02
9.830584e-01 1.720053e-01 6.332708e-02 2.334653e+00 -1.823387e-01 9.529223e-01 2.422637e-01 2.110584e+00 -1.867514e-02 -2.497063e-01 9.681415e-01 -1.608334e+02
8.256877e-01 -2.592779e-01 5.010137e-01 2.464616e+00 3.920562e-01 9.023264e-01 -1.791621e-01 2.104007e+00 -4.056251e-01 3.443575e-01 8.466913e-01 -1.613667e+02
9.602623e-01 2.725907e-01 5.992262e-02 2.535570e+00 -2.780041e-01 9.531901e-01 1.189213e-01 2.100188e+00 -2.470081e-02 -1.308544e-01 9.910938e-01 -1.618805e+02
8.387483e-01 -3.534316e-01 4.142311e-01 2.590621e+00 4.085947e-01 9.113594e-01 -4.974259e-02 2.096997e+00 -3.599328e-01 2.109742e-01 9.088115e-01 -1.623890e+02
9.516607e-01 3.046314e-01 3.926331e-02 2.705421e+00 -3.035834e-01 9.523169e-01 -3.049066e-02 2.092896e+00 -4.667953e-02 1.709707e-02 9.987636e-01 -1.629888e+02
8.652968e-01 -3.721318e-01 3.358266e-01 2.759903e+00 3.766694e-01 9.247608e-01 5.420072e-02 2.095251e+00 -3.307290e-01 7.959587e-02 9.403631e-01 -1.637648e+02
9.557699e-01 2.852742e-01 -7.157206e-02 2.796843e+00 -2.918824e-01 9.499306e-01 -1.115196e-01 2.098940e+00 3.617484e-02 1.274777e-01 9.911815e-01 -1.645466e+02
9.005503e-01 -3.369012e-01 2.747848e-01 2.843746e+00 3.208320e-01 9.415292e-01 1.029059e-01 2.105848e+00 -2.933870e-01 -4.512157e-03 9.559831e-01 -1.654726e+02
9.534560e-01 2.551874e-01 -1.606269e-01 2.859967e+00 -2.765124e-01 9.524164e-01 -1.282334e-01 2.111925e+00 1.202602e-01 1.666803e-01 9.786497e-01 -1.662334e+02
9.338187e-01 -2.955698e-01 2.015469e-01 2.882432e+00 2.682340e-01 9.512517e-01 1.522194e-01 2.111799e+00 -2.367133e-01 -8.808360e-02 9.675785e-01 -1.666357e+02
9.423222e-01 2.627785e-01 -2.073075e-01 2.934859e+00 -2.840633e-01 9.554533e-01 -8.010616e-02 2.103267e+00 1.770224e-01 1.343743e-01 9.749906e-01 -1.666580e+02
9.423884e-01 -2.911117e-01 1.647968e-01 2.992775e+00 2.664888e-01 9.510982e-01 1.561918e-01 2.092889e+00 -2.022073e-01 -1.032769e-01 9.738820e-01 -1.666193e+02
9.562844e-01 2.316369e-01 -1.785060e-01 3.015797e+00 -2.600864e-01 9.527334e-01 -1.570163e-01 2.095326e+00 1.336979e-01 1.965792e-01 9.713298e-01 -1.671148e+02
9.582534e-01 -2.615752e-01 1.154505e-01 3.014181e+00 2.420282e-01 9.570623e-01 1.595436e-01 2.099355e+00 -1.522259e-01 -1.249409e-01 9.804168e-01 -1.675995e+02
9.460353e-01 2.258152e-01 -2.324320e-01 3.052046e+00 -2.588112e-01 9.581214e-01 -1.225569e-01 2.098259e+00 1.950228e-01 1.760991e-01 9.648602e-01 -1.678485e+02
9.279433e-01 -2.772377e-01 2.491196e-01 3.124480e+00 2.443404e-01 9.572047e-01 1.551032e-01 2.096504e+00 -2.814589e-01 -8.305704e-02 9.559720e-01 -1.682536e+02
9.165408e-01 2.453046e-01 -3.158777e-01 3.341532e+00 -2.798400e-01 9.576133e-01 -6.831066e-02 2.085045e+00 2.857318e-01 1.510047e-01 9.463376e-01 -1.684091e+02
9.044953e-01 -2.730218e-01 3.276391e-01 3.524499e+00 2.483085e-01 9.617211e-01 1.159112e-01 2.080410e+00 -3.467438e-01 -2.348557e-02 9.376658e-01 -1.689018e+02
9.822859e-01 1.510803e-01 -1.108561e-01 3.588462e+00 -1.683028e-01 9.714128e-01 -1.674255e-01 2.085825e+00 8.239230e-02 1.831171e-01 9.796324e-01 -1.697093e+02
9.536195e-01 -1.981198e-01 2.266239e-01 3.633390e+00 1.498605e-01 9.654076e-01 2.133775e-01 2.077926e+00 -2.610588e-01 -1.695190e-01 9.503218e-01 -1.697947e+02
9.598887e-01 1.201092e-01 -2.533523e-01 3.683432e+00 -1.699095e-01 9.679674e-01 -1.848512e-01 2.073412e+00 2.230345e-01 2.204835e-01 9.495487e-01 -1.699726e+02
9.214527e-01 -1.964876e-01 3.351380e-01 3.705480e+00 1.458700e-01 9.745367e-01 1.702940e-01 2.080874e+00 -3.600650e-01 -1.080313e-01 9.266512e-01 -1.707492e+02
9.580412e-01 7.325929e-02 -2.771103e-01 3.714882e+00 -1.314952e-01 9.713806e-01 -1.978098e-01 2.091201e+00 2.546881e-01 2.259486e-01 9.402559e-01 -1.716229e+02
9.376628e-01 -1.538775e-01 3.116250e-01 3.728695e+00 7.587257e-02 9.656477e-01 2.485314e-01 2.086823e+00 -3.391634e-01 -2.093949e-01 9.171270e-01 -1.717352e+02
9.535915e-01 6.421563e-02 -2.941762e-01 3.743941e+00 -1.259860e-01 9.724537e-01 -1.961154e-01 2.079193e+00 2.734791e-01 2.240761e-01 9.354139e-01 -1.717229e+02
9.083787e-01 -1.440628e-01 3.925481e-01 3.721043e+00 7.712553e-02 9.803941e-01 1.813258e-01 2.084190e+00 -4.109741e-01 -1.344370e-01 9.016801e-01 -1.722949e+02
9.505616e-01 9.111097e-03 -3.104022e-01 3.722455e+00 -8.008211e-02 9.729523e-01 -2.166812e-01 2.091903e+00 3.000324e-01 2.308265e-01 9.255808e-01 -1.730758e+02
8.972477e-01 -1.028213e-01 4.293884e-01 3.715413e+00 2.754867e-02 9.836486e-01 1.779787e-01 2.097737e+00 -4.406673e-01 -1.478619e-01 8.854091e-01 -1.737063e+02
9.473435e-01 -2.286482e-02 -3.194019e-01 3.741434e+00 -4.187985e-02 9.800334e-01 -1.943723e-01 2.096493e+00 3.174688e-01 1.975139e-01 9.274707e-01 -1.741085e+02
8.422351e-01 -6.205681e-02 5.355268e-01 3.753413e+00 1.164345e-03 9.935599e-01 1.133025e-01 2.101000e+00 -5.391091e-01 -9.480377e-02 8.368833e-01 -1.748651e+02
9.517393e-01 -1.170105e-01 -2.837266e-01 3.743843e+00 5.652025e-02 9.754812e-01 -2.127013e-01 2.114322e+00 3.016583e-01 1.863999e-01 9.350173e-01 -1.760135e+02
8.389913e-01 3.694270e-02 5.428893e-01 3.734478e+00 -6.881414e-02 9.968859e-01 3.851026e-02 2.128746e+00 -5.397760e-01 -6.966823e-02 8.389208e-01 -1.771917e+02
9.433501e-01 -1.948209e-01 -2.685805e-01 3.722293e+00 1.543531e-01 9.742202e-01 -1.645299e-01 2.143219e+00 2.937104e-01 1.137531e-01 9.491019e-01 -1.783528e+02
8.247349e-01 1.293382e-01 5.505306e-01 3.722764e+00 -1.248410e-01 9.911179e-01 -4.582618e-02 2.154477e+00 -5.515678e-01 -3.093435e-02 8.335562e-01 -1.794066e+02
9.484273e-01 -2.325649e-01 -2.154045e-01 3.761289e+00 2.277440e-01 9.725718e-01 -4.729461e-02 2.156329e+00 2.204955e-01 -4.201581e-03 9.753790e-01 -1.800924e+02
9.218319e-01 1.792089e-01 3.436715e-01 3.808152e+00 -1.890348e-01 9.819577e-01 -4.997006e-03 2.148773e+00 -3.383664e-01 -6.035946e-02 9.390766e-01 -1.801559e+02
9.131385e-01 -1.836006e-01 -3.639628e-01 3.838603e+00 1.895662e-01 9.816722e-01 -1.960469e-02 2.137214e+00 3.608916e-01 -5.109326e-02 9.312071e-01 -1.798797e+02
9.256965e-01 1.593042e-01 3.430863e-01 3.996383e+00 -1.817151e-01 9.827643e-01 3.396975e-02 2.120314e+00 -3.317615e-01 -9.378963e-02 9.386894e-01 -1.797520e+02
9.332040e-01 -2.054412e-01 -2.948291e-01 4.113811e+00 1.758076e-01 9.765808e-01 -1.240230e-01 2.116388e+00 3.134038e-01 6.390556e-02 9.474672e-01 -1.802662e+02
9.065248e-01 1.724680e-01 3.853150e-01 4.158331e+00 -1.720748e-01 9.844333e-01 -3.579713e-02 2.122804e+00 -3.854907e-01 -3.385201e-02 9.220905e-01 -1.810969e+02
9.321067e-01 -2.441273e-01 -2.675425e-01 4.231544e+00 2.217530e-01 9.687229e-01 -1.113626e-01 2.131847e+00 2.863612e-01 4.447349e-02 9.570890e-01 -1.821183e+02
8.879425e-01 1.995226e-01 4.144260e-01 4.324018e+00 -1.849846e-01 9.798450e-01 -7.539476e-02 2.137254e+00 -4.211162e-01 -9.716235e-03 9.069546e-01 -1.829699e+02
8.486017e-01 -2.223572e-01 -4.800337e-01 4.395516e+00 1.870415e-01 9.748808e-01 -1.209249e-01 2.145374e+00 4.948642e-01 1.283088e-02 8.688756e-01 -1.839349e+02
9.452110e-01 2.611701e-01 1.958734e-01 3.935206e+00 -2.923161e-01 9.442276e-01 1.516098e-01 2.182466e+00 -1.453531e-01 -2.005602e-01 9.688385e-01 -1.844249e+02
8.292834e-01 -2.968599e-01 -4.734588e-01 3.575077e+00 1.609748e-01 9.382214e-01 -3.063130e-01 2.206294e+00 5.351412e-01 1.778054e-01 8.258385e-01 -1.843229e+02
8.665013e-01 1.661654e-01 4.707065e-01 3.636674e+00 -2.808363e-01 9.418568e-01 1.844907e-01 2.206142e+00 -4.126821e-01 -2.920529e-01 8.627854e-01 -1.847160e+02
7.032974e-01 -1.867232e-01 -6.859353e-01 3.700634e+00 1.048882e-02 9.675092e-01 -2.526181e-01 2.196903e+00 7.108184e-01 1.704710e-01 6.824052e-01 -1.845266e+02
8.623773e-01 1.057473e-01 4.950988e-01 3.750611e+00 -1.890721e-01 9.744550e-01 1.211990e-01 2.208319e+00 -4.696350e-01 -1.981287e-01 8.603418e-01 -1.855386e+02
7.833413e-01 -2.443880e-01 -5.715339e-01 3.750257e+00 7.846044e-02 9.509889e-01 -2.991056e-01 2.223739e+00 6.166202e-01 1.894590e-01 7.641236e-01 -1.865861e+02
8.541483e-01 1.068727e-01 5.089291e-01 3.840921e+00 -2.169752e-01 9.626402e-01 1.620048e-01 2.226295e+00 -4.726018e-01 -2.488011e-01 8.454263e-01 -1.871788e+02
8.106433e-01 -2.566342e-01 -5.263045e-01 3.923059e+00 1.021334e-01 9.470290e-01 -3.044746e-01 2.229171e+00 5.765642e-01 1.930670e-01 7.939136e-01 -1.878079e+02
8.952289e-01 1.308418e-01 4.259644e-01 4.060414e+00 -2.294446e-01 9.548097e-01 1.889275e-01 2.229972e+00 -3.819953e-01 -2.668686e-01 8.847942e-01 -1.884031e+02
9.300398e-01 -3.138260e-01 -1.911524e-01 4.192480e+00 2.321062e-01 9.050048e-01 -3.565010e-01 2.234767e+00 2.848731e-01 2.871924e-01 9.145315e-01 -1.894442e+02
8.945597e-01 1.733141e-01 4.119772e-01 4.271729e+00 -2.467076e-01 9.600856e-01 1.317993e-01 2.243669e+00 -3.726907e-01 -2.195402e-01 9.016118e-01 -1.904744e+02
7.909819e-01 -2.500513e-01 -5.584103e-01 4.309389e+00 9.714917e-02 9.524244e-01 -2.888767e-01 2.248719e+00 6.040776e-01 1.742471e-01 7.776427e-01 -1.909787e+02
8.838444e-01 1.234181e-01 4.512062e-01 4.375690e+00 -2.246344e-01 9.580534e-01 1.779690e-01 2.252671e+00 -4.103151e-01 -2.586534e-01 8.744941e-01 -1.915315e+02
7.861728e-01 -2.184173e-01 -5.781230e-01 4.405723e+00 2.570766e-02 9.462122e-01 -3.225238e-01 2.257067e+00 6.174718e-01 2.386972e-01 7.495013e-01 -1.920602e+02
9.026842e-01 5.939738e-02 4.261846e-01 4.478804e+00 -1.761822e-01 9.546219e-01 2.401186e-01 2.260908e+00 -3.925827e-01 -2.918374e-01 8.721868e-01 -1.926365e+02
9.237634e-01 -2.473380e-01 -2.923783e-01 4.601106e+00 1.219114e-01 9.136697e-01 -3.877439e-01 2.269485e+00 3.630410e-01 3.225394e-01 8.741679e-01 -1.937470e+02
9.058946e-01 1.290190e-01 4.033721e-01 4.691125e+00 -2.263706e-01 9.524977e-01 2.037266e-01 2.281030e+00 -3.579264e-01 -2.758665e-01 8.920686e-01 -1.949088e+02
7.902810e-01 -2.176385e-01 -5.727910e-01 4.724752e+00 1.648707e-02 9.420098e-01 -3.351802e-01 2.286570e+00 6.125228e-01 2.554429e-01 7.480406e-01 -1.954450e+02
9.109182e-01 4.404544e-02 4.102292e-01 4.803994e+00 -1.659355e-01 9.494373e-01 2.665225e-01 2.288310e+00 -3.777478e-01 -3.108518e-01 8.721684e-01 -1.959311e+02
9.179944e-01 -2.390781e-01 -3.164299e-01 4.879564e+00 1.009693e-01 9.124686e-01 -3.964923e-01 2.296590e+00 3.835250e-01 3.320280e-01 8.617807e-01 -1.968505e+02
9.700281e-01 1.297091e-01 2.054774e-01 5.001196e+00 -1.940706e-01 9.224148e-01 3.338974e-01 2.297037e+00 -1.462259e-01 -3.637670e-01 9.199410e-01 -1.973650e+02
8.578025e-01 -1.492228e-01 -4.918408e-01 5.214539e+00 -4.414960e-02 9.319979e-01 -3.597648e-01 2.290921e+00 5.120797e-01 3.303217e-01 7.928820e-01 -1.975676e+02
9.808260e-01 2.727638e-03 1.948664e-01 5.303516e+00 -8.660111e-02 9.018562e-01 4.232679e-01 2.282842e+00 -1.745869e-01 -4.320278e-01 8.848002e-01 -1.974545e+02
7.664739e-01 3.131614e-02 -6.415116e-01 5.344748e+00 -2.559521e-01 9.309669e-01 -2.603637e-01 2.274537e+00 5.890724e-01 3.637582e-01 7.215772e-01 -1.971203e+02
8.365605e-01 -2.471735e-01 4.889497e-01 5.384690e+00 7.701198e-02 9.366387e-01 3.417266e-01 2.273739e+00 -5.424350e-01 -2.482200e-01 8.025903e-01 -1.974506e+02
6.096952e-01 1.437317e-01 -7.794953e-01 5.433285e+00 -3.577780e-01 9.274432e-01 -1.088302e-01 2.270402e+00 7.072953e-01 3.452395e-01 6.168817e-01 -1.975052e+02
7.761496e-01 -3.381047e-01 5.322377e-01 5.536524e+00 2.069140e-01 9.339141e-01 2.915323e-01 2.267670e+00 -5.956327e-01 -1.161453e-01 7.948157e-01 -1.977784e+02
7.074676e-01 2.921783e-01 -6.435226e-01 5.556385e+00 -3.678867e-01 9.297027e-01 1.767004e-02 2.254134e+00 6.034475e-01 2.242424e-01 7.652231e-01 -1.973864e+02
7.462908e-01 -4.242956e-01 5.128579e-01 5.577950e+00 2.889005e-01 9.006155e-01 3.246971e-01 2.232933e+00 -5.996554e-01 -9.415356e-02 7.947003e-01 -1.966195e+02
7.463857e-01 2.363487e-01 -6.221315e-01 5.684684e+00 -3.924107e-01 9.113150e-01 -1.245745e-01 2.227155e+00 5.375148e-01 3.371117e-01 7.729383e-01 -1.969556e+02
6.705327e-01 -3.668980e-01 6.448037e-01 5.768854e+00 2.513238e-01 9.300953e-01 2.678789e-01 2.234349e+00 -6.980131e-01 -1.756705e-02 7.158695e-01 -1.979559e+02
7.859824e-01 1.280647e-01 -6.048397e-01 5.844385e+00 -2.837476e-01 9.439123e-01 -1.688692e-01 2.239425e+00 5.492894e-01 3.043500e-01 7.782366e-01 -1.988547e+02
9.374714e-01 -2.613659e-01 2.298591e-01 5.792879e+00 1.528213e-01 9.024216e-01 4.028410e-01 2.229645e+00 -3.127187e-01 -3.425245e-01 8.859368e-01 -1.983460e+02
9.401860e-01 9.711791e-02 -3.265248e-01 5.738826e+00 -2.267889e-01 8.936650e-01 -3.872076e-01 2.225991e+00 2.541990e-01 4.380994e-01 8.622365e-01 -1.982791e+02
7.532495e-01 -2.532801e-01 6.070126e-01 5.775885e+00 -8.025734e-03 9.192754e-01 3.935331e-01 2.223455e+00 -6.576859e-01 -3.013003e-01 6.904110e-01 -1.987894e+02
8.674758e-01 -1.437191e-01 -4.762674e-01 5.840401e+00 -1.110047e-01 8.773042e-01 -4.669211e-01 2.236623e+00 4.849368e-01 4.579107e-01 7.450866e-01 -2.001337e+02
8.847909e-01 -6.482659e-02 4.614569e-01 5.924396e+00 -1.242929e-01 9.215683e-01 3.677815e-01 2.251476e+00 -4.491061e-01 -3.827655e-01 8.073378e-01 -2.014759e+02
9.026073e-01 -1.882595e-01 -3.871156e-01 6.050703e+00 -1.935080e-02 8.806421e-01 -4.733868e-01 2.256043e+00 4.300299e-01 4.347734e-01 7.912310e-01 -2.023962e+02
8.908666e-01 -1.308979e-02 4.540764e-01 6.032861e+00 -1.587061e-01 9.276276e-01 3.381115e-01 2.273997e+00 -4.256396e-01 -3.732769e-01 8.243150e-01 -2.035827e+02
9.525086e-01 -1.711387e-01 -2.518708e-01 5.822528e+00 7.266535e-02 9.309779e-01 -3.577707e-01 2.266769e+00 2.957146e-01 3.224774e-01 8.992003e-01 -2.029399e+02
9.779773e-01 4.966221e-02 2.027169e-01 5.701350e+00 -1.437785e-01 8.643581e-01 4.818846e-01 2.245097e+00 -1.512886e-01 -5.004185e-01 8.524629e-01 -2.017202e+02
9.457089e-01 -6.620051e-02 -3.182014e-01 5.614099e+00 -3.934004e-02 9.485226e-01 -3.142566e-01 2.217217e+00 3.226252e-01 3.097133e-01 8.944220e-01 -2.003296e+02
9.763191e-01 -6.633139e-02 2.059153e-01 5.667051e+00 -6.000115e-02 8.314655e-01 5.523268e-01 2.176735e+00 -2.078481e-01 -5.516024e-01 8.077958e-01 -1.987753e+02
9.503975e-01 3.646835e-02 -3.088926e-01 5.751489e+00 -1.248081e-01 9.543586e-01 -2.713350e-01 2.134236e+00 2.848992e-01 2.964284e-01 9.115715e-01 -1.972051e+02
9.572735e-01 -1.339216e-01 2.563055e-01 5.644108e+00 1.893772e-02 9.134339e-01 4.065462e-01 2.119010e+00 -2.885634e-01 -3.843220e-01 8.769423e-01 -1.963808e+02
9.914370e-01 -7.672474e-02 -1.056692e-01 5.679313e+00 1.352571e-02 8.651758e-01 -5.012862e-01 2.129516e+00 1.298835e-01 4.955644e-01 8.588051e-01 -1.974555e+02
9.847127e-01 -4.056181e-03 1.741390e-01 5.714686e+00 -6.670734e-02 9.147305e-01 3.985200e-01 2.142431e+00 -1.609068e-01 -4.040441e-01 9.004762e-01 -1.985762e+02
9.716909e-01 -7.276519e-02 -2.247711e-01 5.694743e+00 -3.798020e-02 8.909036e-01 -4.526017e-01 2.149682e+00 2.331830e-01 4.483258e-01 8.629193e-01 -1.991849e+02
9.618473e-01 5.334011e-02 -2.683367e-01 5.738597e+00 9.522568e-02 8.542093e-01 5.111346e-01 2.144755e+00 2.564797e-01 -5.171859e-01 8.165396e-01 -1.990599e+02
9.601288e-01 1.724911e-01 -2.199989e-01 5.780841e+00 -2.566084e-01 8.560380e-01 -4.487215e-01 2.145182e+00 1.109270e-01 4.872840e-01 8.661694e-01 -1.991964e+02
9.690027e-01 -2.453525e-01 -2.891120e-02 5.865361e+00 2.359942e-01 8.846615e-01 4.020956e-01 2.152569e+00 -7.307855e-02 -3.964546e-01 9.151411e-01 -2.000237e+02
9.789254e-01 1.937086e-01 -6.466797e-02 5.955708e+00 -1.991232e-01 8.350928e-01 -5.128060e-01 2.167900e+00 -4.533120e-02 5.148757e-01 8.560655e-01 -2.013985e+02
9.432477e-01 -2.585265e-01 2.084415e-01 6.024468e+00 1.594581e-01 9.031610e-01 3.985893e-01 2.184999e+00 -2.913021e-01 -3.427307e-01 8.931286e-01 -2.029979e+02
9.859697e-01 5.137128e-02 -1.588228e-01 6.122666e+00 -1.262139e-01 8.521078e-01 -5.079197e-01 2.200253e+00 1.092416e-01 5.208391e-01 8.466362e-01 -2.044428e+02
9.859755e-01 -1.302981e-01 1.042821e-01 6.237337e+00 7.535498e-02 9.051114e-01 4.184436e-01 2.211772e+00 -1.489093e-01 -4.047170e-01 9.022362e-01 -2.056864e+02
9.669965e-01 3.925855e-02 -2.517470e-01 6.384174e+00 -1.683357e-01 8.401390e-01 -5.155867e-01 2.229034e+00 1.912613e-01 5.409485e-01 8.190200e-01 -2.072819e+02
9.742232e-01 -1.678906e-01 1.506714e-01 6.466900e+00 9.508480e-02 9.112924e-01 4.006308e-01 2.251934e+00 -2.045678e-01 -3.759773e-01 9.037660e-01 -2.089593e+02
9.783882e-01 3.293261e-02 -2.041370e-01 6.597188e+00 -1.325310e-01 8.576682e-01 -4.968307e-01 2.265971e+00 1.587199e-01 5.131478e-01 8.434971e-01 -2.103862e+02
9.523088e-01 -1.572348e-01 2.615056e-01 6.684667e+00 4.661676e-02 9.219221e-01 3.845602e-01 2.280356e+00 -3.015541e-01 -3.540295e-01 8.852843e-01 -2.117453e+02
9.880570e-01 -5.068458e-02 -1.455146e-01 6.750271e+00 -2.602928e-02 8.758823e-01 -4.818222e-01 2.292301e+00 1.518746e-01 4.798554e-01 8.641024e-01 -2.129606e+02
9.650417e-01 -4.834314e-02 2.575995e-01 6.791958e+00 -4.612168e-02 9.361822e-01 3.484763e-01 2.308547e+00 -2.580065e-01 -3.481751e-01 9.012251e-01 -2.143541e+02
9.776087e-01 -1.316647e-01 -1.641511e-01 6.850911e+00 4.102182e-02 8.843476e-01 -4.650232e-01 2.324055e+00 2.063938e-01 4.478769e-01 8.699470e-01 -2.156219e+02
9.889509e-01 3.854546e-02 1.431448e-01 6.937079e+00 -9.287642e-02 9.137059e-01 3.956204e-01 2.331531e+00 -1.155429e-01 -4.045440e-01 9.071902e-01 -2.164997e+02
9.821553e-01 -1.209778e-01 -1.439978e-01 7.016285e+00 3.935962e-02 8.809163e-01 -4.716325e-01 2.338858e+00 1.839071e-01 4.575487e-01 8.699583e-01 -2.173856e+02
9.831290e-01 2.942526e-02 1.805312e-01 7.096484e+00 -9.599817e-02 9.231264e-01 3.723198e-01 2.348959e+00 -1.556975e-01 -3.833691e-01 9.103771e-01 -2.184761e+02
9.730152e-01 -1.441944e-01 -1.801372e-01 7.180372e+00 4.231319e-02 8.789559e-01 -4.750222e-01 2.361410e+00 2.268282e-01 4.545816e-01 8.613388e-01 -2.195834e+02
9.877461e-01 4.598441e-02 1.491411e-01 7.236027e+00 -1.018674e-01 9.139367e-01 3.928648e-01 2.372426e+00 -1.182399e-01 -4.032433e-01 9.074217e-01 -2.205783e+02
9.862477e-01 -1.432414e-01 -8.244659e-02 7.276259e+00 8.373252e-02 8.631394e-01 -4.979751e-01 2.386326e+00 1.424936e-01 4.842233e-01 8.632632e-01 -2.217340e+02
9.796361e-01 6.721295e-02 1.891970e-01 7.326174e+00 -1.384264e-01 9.086470e-01 3.939526e-01 2.397500e+00 -1.454346e-01 -4.121201e-01 8.994475e-01 -2.228079e+02
9.751477e-01 -1.974316e-01 -1.005368e-01 7.381059e+00 1.221790e-01 8.577427e-01 -4.993494e-01 2.409081e+00 1.848221e-01 4.746559e-01 8.605478e-01 -2.238044e+02
