9.999439e-01 3.902065e-04 -1.058407e-02 2.296008e-01 -4.074388e-04 9.999986e-01 -1.626027e-03 -3.330680e-02 1.058342e-02 1.630247e-03 9.999427e-01 8.045810e-01
9.999970e-01 2.792786e-06 -2.442857e-03 5.541357e-01 2.196060e-06 9.999979e-01 2.042200e-03 -4.752001e-02 2.442858e-03 -2.042198e-03 9.999949e-01 8.428642e-01
9.999727e-01 1.043451e-08 -7.388924e-03 7.169281e-01 -1.008949e-05 9.999991e-01 -1.364034e-03 -6.203208e-02 7.388917e-03 1.364071e-03 9.999718e-01 1.070905e+00
9.999982e-01 2.253509e-04 -1.871977e-03 8.864264e-01 -2.218424e-04 9.999982e-01 1.874170e-03 -7.906667e-02 1.872396e-03 -1.873751e-03 9.999965e-01 1.419802e+00
9.999610e-01 8.060407e-05 -8.832387e-03 1.050130e+00 -9.298679e-05 9.999990e-01 -1.401561e-03 -9.076301e-02 8.832265e-03 1.402327e-03 9.999600e-01 1.654005e+00
9.999979e-01 2.615932e-04 -2.042584e-03 1.256203e+00 -2.598832e-04 9.999996e-01 8.373644e-04 -1.119910e-01 2.042803e-03 -8.368310e-04 9.999976e-01 2.333555e+00
9.999577e-01 1.214180e-04 -9.197257e-03 1.491506e+00 -1.375446e-04 9.999985e-01 -1.752798e-03 -1.374684e-01 9.197030e-03 1.753989e-03 9.999562e-01 2.887886e+00
9.999971e-01 1.718460e-04 -2.383445e-03 1.699776e+00 -1.670908e-04 9.999980e-01 1.995140e-03 -1.470740e-01 2.383784e-03 -1.994735e-03 9.999952e-01 2.896491e+00
9.999739e-01 -8.766673e-05 -7.230986e-03 1.805895e+00 7.374147e-05 9.999981e-01 -1.926012e-03 -1.528452e-01 7.231141e-03 1.925428e-03 9.999720e-01 2.877421e+00
9.999944e-01 -1.473464e-06 3.352832e-03 1.809255e+00 -1.971099e-06 9.999995e-01 1.027374e-03 -1.784219e-01 -3.352832e-03 -1.027374e-03 9.999939e-01 4.111446e+00
9.999513e-01 -3.138298e-04 -9.859103e-03 1.876119e+00 2.821057e-04 9.999948e-01 -3.218963e-03 -2.035589e-01 9.860061e-03 3.216024e-03 9.999462e-01 5.254445e+00
9.999997e-01 1.077928e-04 7.131552e-04 1.988310e+00 -1.098792e-04 9.999957e-01 2.926234e-03 -2.087223e-01 -7.128364e-04 -2.926311e-03 9.999955e-01 5.183626e+00
9.999544e-01 -6.022573e-04 -9.533640e-03 2.107719e+00 5.627359e-04 9.999912e-01 -4.147597e-03 -2.027100e-01 9.536054e-03 4.142042e-03 9.999460e-01 4.556096e+00
9.999995e-01 1.316412e-04 -1.029913e-03 2.241766e+00 -1.278610e-04 9.999933e-01 3.669498e-03 -1.980469e-01 1.030390e-03 -3.669364e-03 9.999927e-01 4.002276e+00
9.999581e-01 -4.065918e-04 -9.147445e-03 2.444638e+00 3.694721e-04 9.999917e-01 -4.059237e-03 -1.989970e-01 9.149019e-03 4.055686e-03 9.999499e-01 3.610470e+00
9.999950e-01 -6.012166e-05 -3.153071e-03 2.746420e+00 7.199551e-05 9.999929e-01 3.765802e-03 -2.002247e-01 3.152822e-03 -3.766009e-03 9.999879e-01 3.066496e+00
9.999824e-01 -4.656401e-04 -5.910794e-03 2.857877e+00 4.375380e-04 9.999886e-01 -4.754752e-03 -1.921043e-01 5.912940e-03 4.752082e-03 9.999712e-01 2.407684e+00
9.999998e-01 1.711185e-04 -5.421840e-04 2.789272e+00 -1.686992e-04 9.999900e-01 4.458975e-03 -1.858890e-01 5.429420e-04 -4.458882e-03 9.999899e-01 2.180847e+00
9.999655e-01 -3.462799e-04 -8.302886e-03 2.859796e+00 3.066828e-04 9.999886e-01 -4.769874e-03 -1.829896e-01 8.304443e-03 4.767162e-03 9.999542e-01 1.837835e+00
9.999997e-01 4.350331e-05 7.407578e-04 2.849540e+00 -4.714359e-05 9.999879e-01 4.915079e-03 -1.805908e-01 -7.405347e-04 -4.915111e-03 9.999876e-01 1.670080e+00
9.999316e-01 2.211683e-06 -1.169486e-02 2.991719e+00 -6.486593e-05 9.999856e-01 -5.357035e-03 -1.820165e-01 1.169468e-02 5.357427e-03 9.999173e-01 1.449558e+00
9.999991e-01 -1.846201e-04 1.349013e-03 3.144157e+00 1.781657e-04 9.999885e-01 4.783204e-03 -1.783048e-01 -1.349880e-03 -4.782959e-03 9.999877e-01 9.917969e-01
9.999486e-01 -2.383578e-04 -1.013242e-02 3.207798e+00 1.800625e-04 9.999834e-01 -5.753857e-03 -1.705505e-01 1.013363e-02 5.751736e-03 9.999321e-01 4.581786e-01
9.999992e-01 -2.547690e-04 1.226915e-03 3.313429e+00 2.486208e-04 9.999874e-01 5.008740e-03 -1.642778e-01 -1.228176e-03 -5.008431e-03 9.999867e-01 -9.790133e-02
9.999308e-01 -3.197634e-04 -1.176300e-02 3.493953e+00 2.506225e-04 9.999827e-01 -5.878825e-03 -1.574706e-01 1.176468e-02 5.875469e-03 9.999135e-01 -7.732224e-01
9.999984e-01 -3.173302e-04 1.763775e-03 3.657913e+00 3.087644e-04 9.999882e-01 4.854765e-03 -1.488704e-01 -1.765294e-03 -4.854212e-03 9.999867e-01 -1.500715e+00
9.999682e-01 -5.188000e-04 -7.961982e-03 3.684463e+00 4.601587e-04 9.999728e-01 -7.365216e-03 -1.279044e-01 7.965586e-03 7.361317e-03 9.999412e-01 -2.568470e+00
9.999993e-01 -1.284134e-04 -1.141246e-03 3.780932e+00 1.348535e-04 9.999841e-01 5.644681e-03 -1.143314e-01 1.140504e-03 -5.644830e-03 9.999834e-01 -3.438438e+00
9.999330e-01 1.517575e-04 -1.157513e-02 4.136962e+00 -2.135612e-04 9.999857e-01 -5.338286e-03 -1.245715e-01 1.157416e-02 5.340399e-03 9.999188e-01 -3.689215e+00
9.999984e-01 -3.095603e-05 -1.774991e-03 4.450182e+00 4.047844e-05 9.999856e-01 5.364909e-03 -1.329579e-01 1.774800e-03 -5.364971e-03 9.999840e-01 -3.916683e+00
9.999539e-01 1.492826e-04 -9.603009e-03 4.670308e+00 -2.003095e-04 9.999859e-01 -5.312878e-03 -1.389166e-01 9.602080e-03 5.314556e-03 9.999398e-01 -4.112317e+00
9.999979e-01 -5.774882e-05 -2.043108e-03 4.892719e+00 6.884208e-05 9.999853e-01 5.429880e-03 -1.468899e-01 2.042765e-03 -5.430008e-03 9.999832e-01 -4.235279e+00
9.999680e-01 3.768016e-06 -7.997608e-03 5.029740e+00 -4.871340e-05 9.999842e-01 -5.619649e-03 -1.455127e-01 7.997460e-03 5.619859e-03 9.999522e-01 -4.601167e+00
9.999995e-01 -5.433073e-04 -8.206280e-04 5.103789e+00 5.468843e-04 9.999903e-01 4.364810e-03 -1.343785e-01 8.182490e-04 -4.365256e-03 9.999901e-01 -5.303143e+00
9.999640e-01 2.967125e-04 -8.481524e-03 5.198302e+00 -3.387412e-04 9.999877e-01 -4.954296e-03 -1.286116e-01 8.479950e-03 4.956990e-03 9.999518e-01 -5.786375e+00
9.999981e-01 -7.167249e-04 1.836040e-03 5.177842e+00 7.100113e-04 9.999931e-01 3.654742e-03 -1.156346e-01 -1.838646e-03 -3.653431e-03 9.999916e-01 -6.405259e+00
9.999714e-01 2.751182e-04 -7.552394e-03 5.121364e+00 -3.127597e-04 9.999875e-01 -4.983301e-03 -1.005321e-01 7.550928e-03 4.985521e-03 9.999591e-01 -7.049869e+00
9.999993e-01 -7.544134e-04 -8.888394e-04 5.138669e+00 7.577792e-04 9.999925e-01 3.792242e-03 -8.870553e-02 8.859721e-04 -3.792912e-03 9.999924e-01 -7.721334e+00
9.999657e-01 2.822927e-04 -8.275357e-03 5.256792e+00 -3.273908e-04 9.999851e-01 -5.448820e-03 -7.575905e-02 8.273695e-03 5.451342e-03 9.999509e-01 -8.528841e+00
9.999850e-01 -1.569457e-03 5.253669e-03 5.178066e+00 1.559528e-03 9.999970e-01 1.893367e-03 -4.416870e-02 -5.256625e-03 -1.885145e-03 9.999844e-01 -9.904048e+00
9.999431e-01 2.601623e-04 -1.066619e-02 5.112424e+00 -3.234056e-04 9.999824e-01 -5.928008e-03 -9.511791e-03 1.066446e-02 5.931119e-03 9.999255e-01 -1.146560e+01
9.999873e-01 -1.332414e-03 4.858626e-03 5.114201e+00 1.318410e-03 9.999950e-01 2.884331e-03 1.607186e-02 -4.862444e-03 -2.877888e-03 9.999840e-01 -1.271754e+01
9.999196e-01 4.700873e-04 -1.266921e-02 5.159257e+00 -5.352365e-04 9.999866e-01 -5.139408e-03 3.444775e-02 1.266663e-02 5.145776e-03 9.999065e-01 -1.373234e+01
9.999268e-01 -6.121377e-04 1.208003e-02 4.912155e+00 5.507626e-04 9.999869e-01 5.083400e-03 4.704963e-02 -1.208298e-02 -5.076374e-03 9.999141e-01 -1.352924e+01
9.999038e-01 1.963615e-04 -1.386567e-02 4.641393e+00 -2.675655e-04 9.999868e-01 -5.133590e-03 6.226588e-02 1.386448e-02 5.136806e-03 9.998907e-01 -1.341156e+01
9.999361e-01 -4.185577e-04 1.130113e-02 4.375478e+00 3.728229e-04 9.999917e-01 4.048744e-03 8.396686e-02 -1.130273e-02 -4.044272e-03 9.999279e-01 -1.380874e+01
9.999585e-01 -1.643707e-04 -9.105501e-03 3.851311e+00 1.165210e-04 9.999862e-01 -5.255298e-03 1.224903e-01 9.106239e-03 5.254018e-03 9.999447e-01 -1.421485e+01
9.999402e-01 -3.615018e-04 1.092876e-02 3.338739e+00 3.086978e-04 9.999883e-01 4.832974e-03 1.580733e-01 -1.093038e-02 -4.829311e-03 9.999286e-01 -1.437024e+01
9.999317e-01 1.231628e-04 -1.168856e-02 2.981834e+00 -1.851107e-04 9.999859e-01 -5.298923e-03 1.841080e-01 1.168774e-02 5.300724e-03 9.999176e-01 -1.458427e+01
9.999705e-01 -5.663645e-04 7.656239e-03 2.815812e+00 5.370447e-04 9.999925e-01 3.831068e-03 2.018988e-01 -7.658351e-03 -3.826843e-03 9.999634e-01 -1.513491e+01
9.998979e-01 -6.874266e-05 -1.428854e-02 2.807653e+00 -8.992978e-06 9.999852e-01 -5.440273e-03 2.174299e-01 1.428870e-02 5.439845e-03 9.998831e-01 -1.590678e+01
9.999820e-01 -4.688650e-04 5.984413e-03 2.848178e+00 4.437265e-04 9.999911e-01 4.201330e-03 2.281808e-01 -5.986329e-03 -4.198598e-03 9.999733e-01 -1.655521e+01
9.999377e-01 2.224754e-04 -1.116231e-02 2.718832e+00 -2.718875e-04 9.999902e-01 -4.425352e-03 2.385563e-01 1.116122e-02 4.428111e-03 9.999279e-01 -1.679694e+01
9.999694e-01 -4.427051e-04 7.805323e-03 2.490148e+00 4.104428e-04 9.999914e-01 4.134517e-03 2.542384e-01 -7.807085e-03 -4.131186e-03 9.999610e-01 -1.694559e+01
9.999131e-01 -1.180328e-04 -1.318439e-02 2.452315e+00 4.576131e-05 9.999850e-01 -5.481752e-03 2.686100e-01 1.318484e-02 5.480672e-03 9.998981e-01 -1.762630e+01
9.999701e-01 -3.023556e-04 7.725406e-03 2.319426e+00 2.632486e-04 9.999871e-01 5.062676e-03 2.781954e-01 -7.726837e-03 -5.060490e-03 9.999573e-01 -1.791241e+01
9.999553e-01 -1.019615e-05 -9.454421e-03 2.025524e+00 -3.842707e-05 9.999868e-01 -5.142693e-03 2.960009e-01 9.454348e-03 5.142826e-03 9.999421e-01 -1.789929e+01
9.999704e-01 -1.860666e-04 7.693151e-03 1.699780e+00 1.500319e-04 9.999890e-01 4.684329e-03 3.191429e-01 -7.693938e-03 -4.683036e-03 9.999594e-01 -1.813461e+01
9.999819e-01 -1.693499e-04 -6.015256e-03 1.228918e+00 1.407194e-04 9.999887e-01 -4.759728e-03 3.506582e-01 6.015994e-03 4.758795e-03 9.999706e-01 -1.815318e+01
9.999222e-01 -7.354527e-04 1.245509e-02 5.429987e-01 6.860080e-04 9.999919e-01 3.973662e-03 4.002752e-01 -1.245791e-02 -3.964808e-03 9.999145e-01 -1.830397e+01
9.999449e-01 1.160350e-04 -1.049302e-02 1.452018e-02 -1.640105e-04 9.999895e-01 -4.571372e-03 4.365312e-01 1.049238e-02 4.572841e-03 9.999345e-01 -1.847664e+01
9.999723e-01 -3.419870e-04 7.434393e-03 -1.994471e-01 3.156606e-04 9.999937e-01 3.542068e-03 4.548569e-01 -7.435557e-03 -3.539623e-03 9.999661e-01 -1.879517e+01
9.999310e-01 2.502024e-04 -1.174454e-02 -4.040289e-01 -2.922733e-04 9.999935e-01 -3.580572e-03 4.668405e-01 1.174357e-02 3.583757e-03 9.999246e-01 -1.891384e+01
9.999782e-01 -4.408533e-04 6.590229e-03 -5.049015e-01 4.163765e-04 9.999930e-01 3.715047e-03 4.690524e-01 -6.591821e-03 -3.712221e-03 9.999714e-01 -1.869654e+01
9.998536e-01 6.055934e-04 -1.710134e-02 -4.179756e-01 -6.707304e-04 9.999925e-01 -3.803393e-03 4.651285e-01 1.709891e-02 3.814306e-03 9.998465e-01 -1.861256e+01
9.999991e-01 -3.541966e-04 1.261856e-03 -3.758738e-02 3.488599e-04 9.999910e-01 4.227171e-03 4.595442e-01 -1.263342e-03 -4.226726e-03 9.999903e-01 -1.872626e+01
9.999369e-01 5.088471e-04 -1.122584e-02 3.886632e-02 -5.557238e-04 9.999911e-01 -4.173038e-03 4.630816e-01 1.122362e-02 4.179012e-03 9.999283e-01 -1.863139e+01
9.999999e-01 -1.974796e-04 -2.823214e-04 1.667087e-01 1.986707e-04 9.999911e-01 4.224399e-03 4.669686e-01 2.814849e-04 -4.224454e-03 9.999910e-01 -1.865615e+01
9.999604e-01 3.304057e-05 -8.894083e-03 2.079405e-01 -6.445062e-05 9.999938e-01 -3.531281e-03 4.712229e-01 8.893910e-03 3.531714e-03 9.999542e-01 -1.866350e+01
9.999977e-01 -1.188342e-04 2.126020e-03 1.756748e-01 1.112282e-04 9.999936e-01 3.577452e-03 4.732256e-01 -2.126431e-03 -3.577207e-03 9.999913e-01 -1.863134e+01
9.999523e-01 2.039248e-04 -9.769974e-03 1.878199e-01 -2.365371e-04 9.999944e-01 -3.336963e-03 4.665076e-01 9.769238e-03 3.339114e-03 9.999467e-01 -1.839037e+01
9.999938e-01 -3.936563e-04 3.495529e-03 1.860654e-01 3.801634e-04 9.999925e-01 3.859937e-03 4.584517e-01 -3.497022e-03 -3.858584e-03 9.999864e-01 -1.796086e+01
9.999730e-01 2.402845e-04 -7.341074e-03 -1.319814e-02 -2.726834e-04 9.999902e-01 -4.412663e-03 4.772802e-01 7.339942e-03 4.414545e-03 9.999633e-01 -1.802114e+01
9.999838e-01 -6.985669e-04 5.657480e-03 -3.272718e-01 6.786300e-04 9.999936e-01 3.525176e-03 5.015366e-01 -5.659906e-03 -3.521279e-03 9.999778e-01 -1.836715e+01
9.999697e-01 3.830717e-04 -7.777932e-03 -5.815655e-01 -4.259150e-04 9.999847e-01 -5.507379e-03 5.251607e-01 7.775703e-03 5.510524e-03 9.999546e-01 -1.896192e+01
9.999923e-01 -9.366883e-04 3.822666e-03 -7.283265e-01 9.243548e-04 9.999944e-01 3.226961e-03 5.499375e-01 -3.825667e-03 -3.223402e-03 9.999875e-01 -1.983609e+01
9.999618e-01 4.562172e-04 -8.725126e-03 -8.982624e-01 -4.893060e-04 9.999927e-01 -3.790568e-03 5.595350e-01 8.723333e-03 3.794692e-03 9.999548e-01 -2.004499e+01
9.999961e-01 -7.080461e-04 2.716573e-03 -8.897758e-01 7.015111e-04 9.999969e-01 2.405875e-03 5.623754e-01 -2.718268e-03 -2.403959e-03 9.999934e-01 -2.022374e+01
9.999324e-01 2.614949e-04 -1.162859e-02 -7.750059e-01 -2.897600e-04 9.999970e-01 -2.429018e-03 5.535443e-01 1.162792e-02 2.432223e-03 9.999294e-01 -2.022280e+01
9.999920e-01 -2.494744e-04 3.981717e-03 -7.206185e-01 2.428953e-04 9.999986e-01 1.652775e-03 5.351594e-01 -3.982124e-03 -1.651794e-03 9.999907e-01 -1.950463e+01
9.999378e-01 2.009031e-04 -1.115499e-02 -6.967671e-01 -2.168486e-04 9.999990e-01 -1.428236e-03 5.240629e-01 1.115469e-02 1.430565e-03 9.999368e-01 -1.906253e+01
9.999896e-01 -2.847093e-04 4.546757e-03 -6.961965e-01 2.786870e-04 9.999991e-01 1.325150e-03 5.183697e-01 -4.547129e-03 -1.323868e-03 9.999888e-01 -1.879595e+01
9.999715e-01 6.225879e-05 -7.553837e-03 -9.039371e-01 -7.193777e-05 9.999992e-01 -1.281036e-03 5.304581e-01 7.553751e-03 1.281543e-03 9.999706e-01 -1.875252e+01
9.999940e-01 -1.306638e-04 3.469741e-03 -1.093562e+00 1.260853e-04 9.999991e-01 1.319812e-03 5.426424e-01 -3.469910e-03 -1.319366e-03 9.999931e-01 -1.879846e+01
9.999636e-01 8.019458e-05 -8.531090e-03 -1.211765e+00 -9.148548e-05 9.999991e-01 -1.323090e-03 5.488550e-01 8.530976e-03 1.323822e-03 9.999627e-01 -1.879386e+01
9.999908e-01 -3.329420e-04 4.266852e-03 -1.321609e+00 3.322059e-04 9.999999e-01 1.732605e-04 5.618789e-01 -4.266909e-03 -1.718408e-04 9.999909e-01 -1.922236e+01
9.999497e-01 -4.249784e-05 -1.003113e-02 -1.417140e+00 2.561417e-05 9.999986e-01 -1.683227e-03 5.808769e-01 1.003119e-02 1.682885e-03 9.999483e-01 -1.992377e+01
9.999849e-01 -3.723474e-04 5.485832e-03 -1.543136e+00 3.699422e-04 9.999998e-01 4.394894e-04 5.982244e-01 -5.485994e-03 -4.374527e-04 9.999849e-01 -2.047292e+01
9.999376e-01 1.383998e-04 -1.117212e-02 -1.641269e+00 -1.475670e-04 9.999997e-01 -8.196997e-04 6.087224e-01 1.117201e-02 8.212965e-04 9.999373e-01 -2.075249e+01
9.999804e-01 -2.512161e-04 6.249346e-03 -1.758963e+00 2.453448e-04 9.999995e-01 9.402857e-04 6.132074e-01 -6.249579e-03 -9.387334e-04 9.999800e-01 -2.063457e+01
9.999010e-01 2.091823e-04 -1.406826e-02 -1.738638e+00 -2.269051e-04 9.999992e-01 -1.258177e-03 6.112576e-01 1.406798e-02 1.261244e-03 9.999002e-01 -2.060644e+01
9.999918e-01 -3.749576e-04 4.034245e-03 -1.600555e+00 3.714145e-04 9.999995e-01 8.790479e-04 6.065331e-01 -4.034572e-03 -8.775416e-04 9.999915e-01 -2.069552e+01
9.998940e-01 1.822709e-04 -1.456196e-02 -1.464046e+00 -1.965113e-04 9.999995e-01 -9.764800e-04 5.998124e-01 1.456177e-02 9.792374e-04 9.998935e-01 -2.079688e+01
9.999644e-01 -3.207001e-04 8.428604e-03 -1.497629e+00 3.178963e-04 9.999999e-01 3.340243e-04 6.020631e-01 -8.428710e-03 -3.313323e-04 9.999644e-01 -2.088504e+01
9.999087e-01 1.162336e-04 -1.351283e-02 -1.619200e+00 -1.251496e-04 9.999998e-01 -6.589585e-04 6.131211e-01 1.351275e-02 6.605888e-04 9.999085e-01 -2.112460e+01
9.999780e-01 -2.215280e-04 6.635013e-03 -1.661029e+00 2.186831e-04 9.999999e-01 4.295341e-04 6.188628e-01 -6.635107e-03 -4.280730e-04 9.999779e-01 -2.129761e+01
9.998897e-01 1.861757e-04 -1.484811e-02 -1.620253e+00 -1.961115e-04 9.999998e-01 -6.676896e-04 6.217842e-01 1.484798e-02 6.705272e-04 9.998895e-01 -2.150379e+01
9.999883e-01 -3.542104e-04 4.824503e-03 -1.474225e+00 3.526604e-04 9.999999e-01 3.221852e-04 6.253154e-01 -4.824616e-03 -3.204793e-04 9.999883e-01 -2.194546e+01
9.998794e-01 2.196427e-04 -1.553041e-02 -1.311550e+00 -2.191001e-04 1.000000e+00 3.665253e-05 6.186516e-01 1.553042e-02 -3.324605e-05 9.998794e-01 -2.203977e+01
9.999765e-01 -3.664736e-05 6.848435e-03 -1.244196e+00 3.721824e-05 1.000000e+00 -8.319231e-05 6.092613e-01 -6.848432e-03 8.344590e-05 9.999765e-01 -2.180288e+01
9.998775e-01 1.610482e-04 -1.565396e-02 -1.182423e+00 -1.616139e-04 1.000000e+00 -3.485737e-05 6.023093e-01 1.565395e-02 3.738234e-05 9.998775e-01 -2.165555e+01
9.999370e-01 -3.011599e-04 1.122458e-02 -1.255396e+00 3.001929e-04 1.000000e+00 8.786483e-05 6.009756e-01 -1.122460e-02 -8.448910e-05 9.999370e-01 -2.144452e+01
9.997931e-01 -2.859702e-04 -2.034031e-02 -1.153817e+00 2.624801e-04 9.999993e-01 -1.157501e-03 6.104973e-01 2.034062e-02 1.151922e-03 9.997924e-01 -2.213984e+01
9.998793e-01 -9.330246e-04 1.550829e-02 -1.116617e+00 9.598059e-04 9.999981e-01 -1.719530e-03 6.350882e-01 -1.550666e-02 1.734208e-03 9.998783e-01 -2.342414e+01
9.997411e-01 1.754217e-04 -2.275128e-02 -1.127388e+00 -2.047561e-04 9.999992e-01 -1.287013e-03 6.616124e-01 2.275103e-02 1.291338e-03 9.997403e-01 -2.464039e+01
9.998884e-01 -5.475562e-04 1.493183e-02 -1.120022e+00 5.410373e-04 9.999998e-01 4.406321e-04 6.715306e-01 -1.493207e-02 -4.325036e-04 9.998884e-01 -2.514878e+01
9.996708e-01 7.233268e-06 -2.565869e-02 -9.300991e-01 -4.308675e-05 9.999990e-01 -1.396760e-03 6.801052e-01 2.565865e-02 1.397405e-03 9.996698e-01 -2.588795e+01
9.998695e-01 -5.438534e-04 1.614406e-02 -8.144927e-01 5.467025e-04 9.999998e-01 -1.720441e-04 6.927539e-01 -1.614397e-02 1.808483e-04 9.998697e-01 -2.671890e+01
9.997159e-01 8.476563e-05 -2.383440e-02 -7.603381e-01 -7.688031e-05 9.999999e-01 3.317658e-04 6.842339e-01 2.383443e-02 -3.298398e-04 9.997159e-01 -2.659684e+01
9.999020e-01 8.141752e-07 1.400305e-02 -6.288799e-01 2.364270e-05 9.999985e-01 -1.746352e-03 6.772040e-01 -1.400303e-02 1.746513e-03 9.999004e-01 -2.666894e+01
9.997990e-01 -4.436566e-04 -2.004330e-02 -6.925674e-01 4.359288e-04 9.999998e-01 -3.899044e-04 6.988334e-01 2.004347e-02 3.810880e-04 9.997990e-01 -2.756770e+01
9.997214e-01 -2.380202e-04 2.360034e-02 -1.272377e+00 2.598965e-04 9.999995e-01 -9.238730e-04 7.401659e-01 -2.360010e-02 9.297499e-04 9.997210e-01 -2.796957e+01
9.996542e-01 -2.630609e-04 -2.629385e-02 -1.622371e+00 2.807008e-04 9.999997e-01 6.671979e-04 7.677345e-01 2.629367e-02 -6.743485e-04 9.996540e-01 -2.820281e+01
9.991605e-01 -8.864249e-04 4.095791e-02 -2.617926e+00 9.141870e-04 9.999994e-01 -6.590878e-04 8.332228e-01 -4.095730e-02 6.959783e-04 9.991607e-01 -2.807971e+01
9.995369e-01 -9.149854e-04 -3.041492e-02 -3.604793e+00 9.433078e-04 9.999991e-01 9.168735e-04 9.041006e-01 3.041405e-02 -9.451402e-04 9.995369e-01 -2.808163e+01
9.998488e-01 9.092439e-04 1.736740e-02 -3.356094e+00 -8.938460e-04 9.999992e-01 -8.943232e-04 9.037120e-01 -1.736820e-02 8.786648e-04 9.998488e-01 -2.831538e+01
9.994739e-01 -9.520938e-04 -3.241900e-02 -2.963694e+00 9.632612e-04 9.999995e-01 3.288647e-04 9.029930e-01 3.241867e-02 -3.599202e-04 9.994743e-01 -2.891490e+01
9.997283e-01 1.109577e-04 2.331058e-02 -2.791761e+00 -2.940154e-05 9.999939e-01 -3.498977e-03 9.259631e-01 -2.331083e-02 3.497341e-03 9.997221e-01 -3.027330e+01
9.995094e-01 -9.427720e-04 -3.130455e-02 -2.780030e+00 9.666877e-04 9.999993e-01 7.488551e-04 9.474333e-01 3.130382e-02 -7.787501e-04 9.995096e-01 -3.136946e+01
9.997035e-01 4.673124e-04 2.434404e-02 -2.770189e+00 -4.058345e-04 9.999967e-01 -2.530246e-03 9.588830e-01 -2.434514e-02 2.519617e-03 9.997004e-01 -3.201482e+01
9.997178e-01 -1.085456e-03 -2.372890e-02 -3.041649e+00 1.044420e-03 9.999979e-01 -1.741662e-03 9.992421e-01 2.373075e-02 1.716387e-03 9.997169e-01 -3.328639e+01
9.996627e-01 -1.110723e-04 2.597053e-02 -3.454596e+00 1.840178e-04 9.999960e-01 -2.806395e-03 1.054471e+00 -2.597012e-02 2.810228e-03 9.996588e-01 -3.481293e+01
9.997387e-01 -4.088298e-04 -2.285455e-02 -4.006368e+00 4.068270e-04 9.999999e-01 -9.226945e-05 1.103229e+00 2.285459e-02 8.294686e-05 9.997388e-01 -3.563323e+01
9.995771e-01 -3.422431e-04 2.907675e-02 -4.770321e+00 3.916480e-04 9.999985e-01 -1.693433e-03 1.158941e+00 -2.907613e-02 1.704105e-03 9.995757e-01 -3.613348e+01
9.995388e-01 -1.030233e-04 -3.036847e-02 -5.110452e+00 1.045173e-04 1.000000e+00 4.761824e-05 1.189824e+00 3.036847e-02 -5.077094e-05 9.995388e-01 -3.675638e+01
9.997465e-01 1.921596e-04 2.251638e-02 -5.142873e+00 -1.924539e-04 1.000000e+00 1.091568e-05 1.198056e+00 -2.251638e-02 -1.524565e-05 9.997465e-01 -3.681317e+01
9.994503e-01 -1.773511e-04 -3.315205e-02 -4.996726e+00 1.762471e-04 1.000000e+00 -3.621301e-05 1.206898e+00 3.315206e-02 3.034952e-05 9.994503e-01 -3.707180e+01
9.997296e-01 -4.613825e-05 2.325461e-02 -4.911370e+00 5.614668e-05 9.999999e-01 -4.297180e-04 1.218703e+00 -2.325459e-02 4.309081e-04 9.997295e-01 -3.751910e+01
9.994848e-01 -9.167814e-04 -3.208336e-02 -4.545987e+00 8.894846e-04 9.999992e-01 -8.650632e-04 1.216325e+00 3.208412e-02 8.360792e-04 9.994848e-01 -3.828860e+01
9.998659e-01 9.844097e-04 1.634888e-02 -4.118320e+00 -9.734363e-04 9.999993e-01 -6.791224e-04 1.212336e+00 -1.634954e-02 6.631174e-04 9.998661e-01 -3.903373e+01
9.995608e-01 -8.189950e-04 -2.962330e-02 -3.863553e+00 8.359172e-04 9.999995e-01 5.588773e-04 1.209697e+00 2.962283e-02 -5.833951e-04 9.995610e-01 -3.936163e+01
9.998518e-01 1.066278e-03 1.718498e-02 -3.624643e+00 -1.054861e-03 9.999992e-01 -6.733791e-04 1.204125e+00 -1.718568e-02 6.551521e-04 9.998521e-01 -3.953976e+01
9.996341e-01 -1.074064e-03 -2.702981e-02 -3.414421e+00 1.100143e-03 9.999989e-01 9.500042e-04 1.194265e+00 2.702876e-02 -9.793938e-04 9.996342e-01 -3.949727e+01
9.998646e-01 8.991719e-04 1.643121e-02 -3.111752e+00 -8.669786e-04 9.999977e-01 -1.966273e-03 1.167630e+00 -1.643294e-02 1.951762e-03 9.998631e-01 -3.907843e+01
9.994595e-01 -7.883930e-05 -3.287408e-02 -2.768792e+00 6.953967e-05 1.000000e+00 -2.840194e-04 1.136976e+00 3.287410e-02 2.815792e-04 9.994595e-01 -3.869938e+01
9.997320e-01 3.244732e-04 2.314743e-02 -2.663503e+00 -3.372434e-04 9.999998e-01 5.478027e-04 1.123145e+00 -2.314725e-02 -5.554616e-04 9.997319e-01 -3.840945e+01
9.995073e-01 -1.831857e-04 -3.138785e-02 -2.607542e+00 1.748767e-04 9.999999e-01 -2.674544e-04 1.108017e+00 3.138790e-02 2.618330e-04 9.995072e-01 -3.795633e+01
9.996634e-01 3.753706e-04 2.594020e-02 -2.556160e+00 -3.459626e-04 9.999993e-01 -1.138150e-03 1.083211e+00 -2.594061e-02 1.128794e-03 9.996628e-01 -3.681159e+01
9.994306e-01 -2.770166e-04 -3.374034e-02 -2.444208e+00 2.742322e-04 1.000000e+00 -8.714009e-05 1.059796e+00 3.374036e-02 7.783717e-05 9.994306e-01 -3.606835e+01
9.998221e-01 -4.335600e-04 1.885667e-02 -1.922366e+00 4.249043e-04 9.999998e-01 4.630492e-04 1.050507e+00 -1.885686e-02 -4.549540e-04 9.998221e-01 -3.658443e+01
9.994340e-01 1.397672e-04 -3.363872e-02 -1.611865e+00 -1.374114e-04 1.000000e+00 7.235603e-05 1.026212e+00 3.363873e-02 -6.769334e-05 9.994341e-01 -3.611639e+01
9.996389e-01 -1.684244e-04 2.687139e-02 -1.582591e+00 2.000538e-04 9.999993e-01 -1.174368e-03 1.005699e+00 -2.687117e-02 1.179320e-03 9.996382e-01 -3.519143e+01
9.994342e-01 2.039786e-04 -3.363273e-02 -1.550142e+00 -1.784810e-04 9.999997e-01 7.611284e-04 9.878902e-01 3.363288e-02 -7.546956e-04 9.994340e-01 -3.446257e+01
9.993683e-01 -7.015748e-04 3.553096e-02 -1.884908e+00 7.015406e-04 9.999998e-01 1.344047e-05 1.007133e+00 -3.553096e-02 1.149503e-05 9.993686e-01 -3.400589e+01
9.994170e-01 2.818995e-04 -3.414143e-02 -2.277545e+00 -2.768356e-04 9.999999e-01 1.530592e-04 1.034906e+00 3.414147e-02 -1.435190e-04 9.994170e-01 -3.364979e+01
9.996249e-01 -3.520838e-04 2.738437e-02 -2.268965e+00 3.439932e-04 9.999999e-01 3.001685e-04 1.027342e+00 -2.738448e-02 -2.906353e-04 9.996249e-01 -3.335830e+01
9.996019e-01 -1.075162e-04 -2.821379e-02 -2.528724e+00 1.140383e-04 1.000000e+00 2.295722e-04 1.039047e+00 2.821377e-02 -2.326989e-04 9.996019e-01 -3.315270e+01
9.996418e-01 -2.400671e-04 2.676244e-02 -2.845089e+00 2.893872e-04 9.999983e-01 -1.839011e-03 1.061873e+00 -2.676196e-02 1.846098e-03 9.996401e-01 -3.362887e+01
9.993864e-01 4.489484e-05 -3.502612e-02 -2.870038e+00 -2.038137e-05 9.999998e-01 7.002295e-04 1.072232e+00 3.502614e-02 -6.990866e-04 9.993862e-01 -3.416863e+01
9.996151e-01 -3.014487e-05 2.774362e-02 -2.849508e+00 3.111712e-05 1.000000e+00 -3.459864e-05 1.065021e+00 -2.774362e-02 3.544921e-05 9.996151e-01 -3.391370e+01
9.993576e-01 1.384001e-04 -3.583678e-02 -2.798903e+00 -1.294427e-04 1.000000e+00 2.522788e-04 1.060337e+00 3.583682e-02 -2.474785e-04 9.993576e-01 -3.383466e+01
9.995775e-01 -1.667437e-04 2.906646e-02 -2.812669e+00 1.697149e-04 1.000000e+00 -9.974192e-05 1.059552e+00 -2.906644e-02 1.046334e-04 9.995775e-01 -3.382737e+01
9.994871e-01 -3.509702e-05 -3.202369e-02 -2.997002e+00 4.922719e-05 9.999999e-01 4.404642e-04 1.066150e+00 3.202367e-02 -4.418153e-04 9.994870e-01 -3.372181e+01
9.994573e-01 -5.195615e-04 3.293701e-02 -3.371859e+00 5.147059e-04 9.999999e-01 1.559102e-04 1.086469e+00 -3.293709e-02 -1.388721e-04 9.994574e-01 -3.357590e+01
9.994743e-01 -8.964273e-05 -3.242162e-02 -3.828272e+00 7.165717e-05 9.999998e-01 -5.558900e-04 1.116442e+00 3.242166e-02 5.532739e-04 9.994741e-01 -3.375885e+01
9.994839e-01 -2.826042e-04 3.212171e-02 -4.160040e+00 2.536696e-04 9.999996e-01 9.048625e-04 1.136001e+00 -3.212195e-02 -8.962466e-04 9.994836e-01 -3.367178e+01
9.994322e-01 -3.332414e-05 -3.369305e-02 -4.319503e+00 1.536452e-05 9.999999e-01 -5.332841e-04 1.141983e+00 3.369307e-02 5.324631e-04 9.994321e-01 -3.316196e+01
9.996110e-01 -1.825359e-04 2.788854e-02 -4.333195e+00 1.555454e-04 9.999995e-01 9.699798e-04 1.136457e+00 -2.788870e-02 -9.652639e-04 9.996106e-01 -3.285789e+01
9.994147e-01 -4.144767e-05 -3.421004e-02 -4.355285e+00 -1.101846e-05 9.999988e-01 -1.533446e-03 1.142413e+00 3.421006e-02 1.532925e-03 9.994135e-01 -3.309743e+01
9.996832e-01 -4.124737e-04 2.516771e-02 -4.261609e+00 3.995114e-04 9.999998e-01 5.200812e-04 1.151729e+00 -2.516792e-02 -5.098611e-04 9.996831e-01 -3.375284e+01
9.994589e-01 -4.799592e-04 -3.288810e-02 -4.162265e+00 3.983213e-04 9.999968e-01 -2.488788e-03 1.169119e+00 3.288919e-02 2.474341e-03 9.994559e-01 -3.476715e+01
9.996767e-01 -3.303733e-04 2.542407e-02 -4.138700e+00 3.163084e-04 9.999998e-01 5.572499e-04 1.185216e+00 -2.542425e-02 -5.490273e-04 9.996766e-01 -3.567832e+01
9.996540e-01 -6.694501e-05 -2.630445e-02 -4.491259e+00 3.005221e-05 9.999990e-01 -1.402909e-03 1.205360e+00 2.630451e-02 1.401633e-03 9.996530e-01 -3.589107e+01
9.994285e-01 -8.348891e-04 3.379422e-02 -5.158209e+00 7.604984e-04 9.999973e-01 2.214089e-03 1.248417e+00 -3.379597e-02 -2.187122e-03 9.994264e-01 -3.564240e+01
9.995334e-01 4.595676e-04 -3.054107e-02 -5.515078e+00 -5.187660e-04 9.999980e-01 -1.930413e-03 1.272066e+00 3.054012e-02 1.945355e-03 9.995316e-01 -3.513823e+01
9.995361e-01 -8.108296e-04 3.044672e-02 -5.797087e+00 7.296379e-04 9.999961e-01 2.677709e-03 1.289702e+00 -3.044877e-02 -2.654251e-03 9.995328e-01 -3.488331e+01
9.995449e-01 3.865728e-04 -3.016367e-02 -6.166243e+00 -4.603600e-04 9.999969e-01 -2.439310e-03 1.319671e+00 3.016263e-02 2.452085e-03 9.995420e-01 -3.458171e+01
9.996211e-01 -7.311073e-04 2.751445e-02 -6.403799e+00 6.511380e-04 9.999955e-01 2.915312e-03 1.339041e+00 -2.751646e-02 -2.896292e-03 9.996172e-01 -3.444585e+01
9.995332e-01 3.988574e-04 -3.054899e-02 -6.682076e+00 -4.878056e-04 9.999957e-01 -2.904249e-03 1.360288e+00 3.054770e-02 2.917795e-03 9.995291e-01 -3.452563e+01
9.992316e-01 -1.239521e-03 3.917392e-02 -7.353797e+00 1.085430e-03 9.999916e-01 3.954545e-03 1.403906e+00 -3.917849e-02 -3.908985e-03 9.992246e-01 -3.420611e+01
9.997637e-01 -1.619474e-05 -2.173811e-02 -8.386940e+00 -6.707139e-05 9.999927e-01 -3.829671e-03 1.479809e+00 2.173801e-02 3.830223e-03 9.997564e-01 -3.361869e+01
9.996093e-01 -8.114184e-04 2.793867e-02 -9.040868e+00 7.012565e-04 9.999919e-01 3.952578e-03 1.534179e+00 -2.794165e-02 -3.931441e-03 9.996018e-01 -3.312105e+01
9.992681e-01 5.007430e-04 -3.824936e-02 -8.929728e+00 -6.490335e-04 9.999923e-01 -3.864613e-03 1.550745e+00 3.824713e-02 3.886609e-03 9.992608e-01 -3.340223e+01
9.996170e-01 -9.742611e-04 2.765665e-02 -8.757638e+00 8.969971e-04 9.999957e-01 2.805970e-03 1.561363e+00 -2.765927e-02 -2.780087e-03 9.996135e-01 -3.414410e+01
9.992582e-01 5.678155e-04 -3.850545e-02 -8.643093e+00 -7.132364e-04 9.999927e-01 -3.762992e-03 1.570820e+00 3.850303e-02 3.787663e-03 9.992513e-01 -3.479896e+01
9.995929e-01 -1.073107e-03 2.851195e-02 -8.432718e+00 9.897544e-04 9.999952e-01 2.937390e-03 1.580344e+00 -2.851497e-02 -2.907974e-03 9.995891e-01 -3.546193e+01
9.992656e-01 -1.687531e-05 -3.831695e-02 -8.254177e+00 -1.598439e-04 9.999894e-01 -4.608959e-03 1.594969e+00 3.831662e-02 4.611698e-03 9.992550e-01 -3.650429e+01
9.995725e-01 -1.021197e-03 2.921820e-02 -8.111343e+00 9.311726e-04 9.999948e-01 3.094579e-03 1.607959e+00 -2.922121e-02 -3.066049e-03 9.995683e-01 -3.745405e+01
9.993840e-01 -7.964156e-04 -3.508441e-02 -7.991423e+00 5.925295e-04 9.999829e-01 -5.821304e-03 1.630792e+00 3.508845e-02 5.796929e-03 9.993674e-01 -3.885796e+01
9.996707e-01 -8.989547e-04 2.564355e-02 -7.805731e+00 8.300428e-04 9.999960e-01 2.697835e-03 1.656896e+00 -2.564587e-02 -2.675661e-03 9.996675e-01 -4.044997e+01
9.993945e-01 -4.948609e-04 -3.479047e-02 -7.626617e+00 3.184162e-04 9.999871e-01 -5.076984e-03 1.676723e+00 3.479254e-02 5.062832e-03 9.993817e-01 -4.174917e+01
9.996825e-01 -3.343655e-04 2.519432e-02 -7.520945e+00 2.492154e-04 9.999942e-01 3.382815e-03 1.690630e+00 -2.519531e-02 -3.375461e-03 9.996768e-01 -4.266565e+01
9.994644e-01 -7.460947e-04 -3.271658e-02 -7.388872e+00 5.975766e-04 9.999895e-01 -4.549067e-03 1.699169e+00 3.271963e-02 4.527079e-03 9.994543e-01 -4.348462e+01
9.997568e-01 -1.054182e-04 2.205063e-02 -7.228270e+00 3.899145e-05 9.999955e-01 3.012893e-03 1.710057e+00 -2.205085e-02 -3.011301e-03 9.997523e-01 -4.440846e+01
9.995723e-01 -7.485344e-04 -2.923592e-02 -7.181311e+00 6.149269e-04 9.999893e-01 -4.578686e-03 1.724688e+00 2.923904e-02 4.558749e-03 9.995621e-01 -4.525389e+01
9.997675e-01 2.391063e-04 2.156287e-02 -7.180971e+00 -3.103127e-04 9.999945e-01 3.299001e-03 1.737711e+00 -2.156197e-02 -3.304924e-03 9.997621e-01 -4.593077e+01
9.995893e-01 -8.232000e-04 -2.864529e-02 -7.163848e+00 7.015561e-04 9.999907e-01 -4.256337e-03 1.746110e+00 2.864852e-02 4.234492e-03 9.995806e-01 -4.645136e+01
9.997802e-01 -7.579347e-05 2.096460e-02 -7.087207e+00 1.951737e-05 9.999964e-01 2.684551e-03 1.760024e+00 -2.096473e-02 -2.683551e-03 9.997766e-01 -4.732541e+01
9.995727e-01 -7.760818e-04 -2.921997e-02 -6.989142e+00 6.583099e-04 9.999916e-01 -4.039918e-03 1.772339e+00 2.922286e-02 4.018956e-03 9.995648e-01 -4.815552e+01
9.997631e-01 -9.805863e-05 2.176416e-02 -6.914873e+00 4.721898e-05 9.999973e-01 2.336455e-03 1.787099e+00 -2.176433e-02 -2.334874e-03 9.997604e-01 -4.905398e+01
9.996185e-01 -9.148272e-04 -2.760504e-02 -6.940621e+00 7.850875e-04 9.999886e-01 -4.710314e-03 1.809298e+00 2.760904e-02 4.686844e-03 9.996078e-01 -5.012217e+01
9.997925e-01 1.449281e-04 2.037076e-02 -6.941259e+00 -2.031320e-04 9.999959e-01 2.855205e-03 1.825693e+00 -2.037026e-02 -2.858750e-03 9.997884e-01 -5.099658e+01
9.995642e-01 -5.681633e-04 -2.951402e-02 -6.856399e+00 4.741229e-04 9.999948e-01 -3.193182e-03 1.829124e+00 2.951568e-02 3.177797e-03 9.995593e-01 -5.142989e+01
9.997597e-01 -2.275580e-04 2.192016e-02 -6.779344e+00 1.780871e-04 9.999974e-01 2.258816e-03 1.838851e+00 -2.192062e-02 -2.254369e-03 9.997572e-01 -5.212674e+01
9.995337e-01 -4.318188e-04 -3.053143e-02 -6.711679e+00 3.248225e-04 9.999938e-01 -3.509323e-03 1.850092e+00 3.053276e-02 3.497769e-03 9.995276e-01 -5.287223e+01
9.997659e-01 4.852063e-05 2.163453e-02 -6.648491e+00 -1.093434e-04 9.999960e-01 2.810221e-03 1.856587e+00 -2.163431e-02 -2.811928e-03 9.997620e-01 -5.337077e+01
9.996375e-01 -7.656850e-04 -2.691163e-02 -6.663606e+00 6.503138e-04 9.999906e-01 -4.295514e-03 1.867619e+00 2.691467e-02 4.276455e-03 9.996286e-01 -5.398298e+01
9.998249e-01 2.886091e-04 1.871242e-02 -6.652957e+00 -3.397379e-04 9.999962e-01 2.729250e-03 1.879473e+00 -1.871156e-02 -2.735129e-03 9.998212e-01 -5.468551e+01
9.996857e-01 -6.439977e-04 -2.506247e-02 -6.670291e+00 5.513459e-04 9.999930e-01 -3.703550e-03 1.891110e+00 2.506468e-02 3.688568e-03 9.996790e-01 -5.522547e+01
9.998357e-01 2.242768e-04 1.812394e-02 -6.693361e+00 -2.698909e-04 9.999968e-01 2.514404e-03 1.903770e+00 -1.812332e-02 -2.518882e-03 9.998326e-01 -5.583784e+01
9.996771e-01 -5.887678e-04 -2.540235e-02 -6.692484e+00 4.997160e-04 9.999937e-01 -3.511840e-03 1.913363e+00 2.540426e-02 3.498011e-03 9.996711e-01 -5.635801e+01
9.997839e-01 -1.309366e-04 2.078970e-02 -6.716307e+00 1.058222e-04 9.999993e-01 1.209139e-03 1.935513e+00 -2.078985e-02 -1.206677e-03 9.997831e-01 -5.734508e+01
9.996753e-01 -5.619272e-04 -2.547670e-02 -6.705245e+00 4.715845e-04 9.999936e-01 -3.551942e-03 1.958508e+00 2.547854e-02 3.538773e-03 9.996691e-01 -5.842637e+01
9.997968e-01 -2.779666e-04 2.015733e-02 -6.729578e+00 2.610963e-04 9.999996e-01 8.395771e-04 1.984094e+00 -2.015756e-02 -8.341430e-04 9.997965e-01 -5.957621e+01
9.995729e-01 -2.231805e-04 -2.922337e-02 -6.679542e+00 1.662902e-04 9.999981e-01 -1.949142e-03 1.993826e+00 2.922375e-02 1.943449e-03 9.995710e-01 -6.021796e+01
9.998198e-01 3.493210e-04 1.898045e-02 -6.533840e+00 -3.815040e-04 9.999985e-01 1.692016e-03 1.982642e+00 -1.897983e-02 -1.698951e-03 9.998184e-01 -6.015480e+01
9.996745e-01 -5.173146e-04 -2.550930e-02 -6.557735e+00 4.650950e-04 9.999978e-01 -2.052956e-03 1.985077e+00 2.551030e-02 2.040422e-03 9.996725e-01 -6.032442e+01
9.998307e-01 5.092380e-05 1.839755e-02 -6.534781e+00 -7.064049e-05 9.999994e-01 1.071079e-03 1.993814e+00 -1.839749e-02 -1.072197e-03 9.998302e-01 -6.085801e+01
9.996005e-01 -4.243133e-04 -2.826145e-02 -6.415661e+00 3.780097e-04 9.999986e-01 -1.643707e-03 1.998676e+00 2.826211e-02 1.632366e-03 9.995992e-01 -6.136545e+01
9.998324e-01 3.902974e-04 1.830140e-02 -6.287980e+00 -4.247617e-04 9.999981e-01 1.879323e-03 1.994445e+00 -1.830063e-02 -1.886781e-03 9.998307e-01 -6.150530e+01
9.996301e-01 -5.415725e-04 -2.719079e-02 -6.189858e+00 4.768776e-04 9.999970e-01 -2.385707e-03 1.998553e+00 2.719200e-02 2.371857e-03 9.996274e-01 -6.191247e+01
9.998572e-01 2.196985e-04 1.689941e-02 -6.057012e+00 -2.558759e-04 9.999977e-01 2.138646e-03 2.001948e+00 -1.689890e-02 -2.142664e-03 9.998549e-01 -6.236778e+01
9.996370e-01 -1.430857e-04 -2.694148e-02 -5.921329e+00 9.870873e-05 9.999986e-01 -1.648467e-03 1.996333e+00 2.694168e-02 1.645209e-03 9.996357e-01 -6.242603e+01
9.998561e-01 2.373745e-04 1.695987e-02 -5.777665e+00 -2.654121e-04 9.999986e-01 1.650966e-03 1.992673e+00 -1.695945e-02 -1.655230e-03 9.998548e-01 -6.259433e+01
9.996385e-01 -1.619253e-04 -2.688672e-02 -5.644125e+00 1.261646e-04 9.999991e-01 -1.331724e-03 1.988072e+00 2.688691e-02 1.327850e-03 9.996376e-01 -6.271682e+01
9.998531e-01 3.220789e-04 1.713758e-02 -5.521058e+00 -3.486111e-04 9.999987e-01 1.545250e-03 1.984413e+00 -1.713706e-02 -1.550997e-03 9.998519e-01 -6.283910e+01
9.997764e-01 -3.965238e-04 -2.114132e-02 -5.625947e+00 3.668042e-04 9.999989e-01 -1.409601e-03 1.988840e+00 2.114185e-02 1.401530e-03 9.997755e-01 -6.259355e+01
9.998258e-01 1.190133e-05 1.866362e-02 -5.814513e+00 -3.139798e-05 9.999995e-01 1.044367e-03 2.000060e+00 -1.866360e-02 -1.044771e-03 9.998253e-01 -6.222170e+01
9.995286e-01 -4.244637e-04 -3.069867e-02 -5.593907e+00 3.550008e-04 9.999974e-01 -2.268133e-03 2.009578e+00 3.069955e-02 2.256165e-03 9.995261e-01 -6.300833e+01
9.997416e-01 -8.306934e-04 2.271661e-02 -5.421236e+00 8.203085e-04 9.999996e-01 4.664861e-04 2.025657e+00 -2.271698e-02 -4.477305e-04 9.997418e-01 -6.417482e+01
9.994496e-01 -4.692223e-04 -3.317161e-02 -5.229024e+00 3.845370e-04 9.999967e-01 -2.559264e-03 2.043094e+00 3.317270e-02 2.545099e-03 9.994464e-01 -6.542749e+01
9.996296e-01 -8.619967e-04 2.720024e-02 -5.122297e+00 8.662485e-04 9.999996e-01 -1.445127e-04 2.066019e+00 -2.720010e-02 1.680218e-04 9.996300e-01 -6.675578e+01
9.993395e-01 -1.181151e-04 -3.633813e-02 -5.011991e+00 4.533770e-05 9.999980e-01 -2.003587e-03 2.085905e+00 3.633830e-02 2.000616e-03 9.993375e-01 -6.792572e+01
9.996214e-01 -9.680540e-04 2.749913e-02 -4.809176e+00 9.869289e-04 9.999993e-01 -6.728019e-04 2.105281e+00 -2.749846e-02 6.996873e-04 9.996216e-01 -6.919980e+01
9.989951e-01 6.334244e-05 -4.481962e-02 -4.317870e+00 -8.366484e-05 9.999999e-01 -4.515400e-04 2.113613e+00 4.481958e-02 4.548356e-04 9.989950e-01 -7.025060e+01
9.994947e-01 7.692242e-05 3.178479e-02 -3.995458e+00 -1.069167e-04 9.999996e-01 9.419854e-04 2.107702e+00 -3.178470e-02 -9.449073e-04 9.994943e-01 -7.049803e+01
9.991668e-01 -3.370983e-04 -4.081065e-02 -3.911083e+00 2.840918e-04 9.999991e-01 -1.304620e-03 2.112249e+00 4.081106e-02 1.291938e-03 9.991660e-01 -7.091861e+01
9.995211e-01 -1.641740e-05 3.094426e-02 -3.772819e+00 -1.814810e-05 9.999994e-01 1.116760e-03 2.114551e+00 -3.094426e-02 -1.116786e-03 9.995205e-01 -7.135843e+01
9.992198e-01 -6.231323e-04 -3.948982e-02 -3.661199e+00 5.302303e-04 9.999971e-01 -2.362973e-03 2.125256e+00 3.949117e-02 2.340190e-03 9.992172e-01 -7.210087e+01
9.995293e-01 -3.612780e-04 3.067697e-02 -3.519163e+00 3.660322e-04 9.999999e-01 -1.493436e-04 2.145084e+00 -3.067692e-02 1.605025e-04 9.995293e-01 -7.328631e+01
9.990877e-01 -3.288358e-04 -4.270450e-02 -3.310098e+00 2.657692e-04 9.999989e-01 -1.482472e-03 2.158812e+00 4.270494e-02 1.469770e-03 9.990866e-01 -7.426276e+01
9.994415e-01 -1.070328e-04 3.341661e-02 -3.192442e+00 8.154209e-05 9.999997e-01 7.641919e-04 2.166375e+00 -3.341668e-02 -7.610398e-04 9.994412e-01 -7.487220e+01
9.991029e-01 -2.854813e-04 -4.234672e-02 -3.125126e+00 2.522994e-04 9.999997e-01 -7.889083e-04 2.169034e+00 4.234693e-02 7.775160e-04 9.991027e-01 -7.523498e+01
9.993713e-01 -9.069535e-04 3.544222e-02 -2.970103e+00 9.231773e-04 9.999995e-01 -4.413753e-04 2.177494e+00 -3.544180e-02 4.738177e-04 9.993716e-01 -7.607087e+01
9.989188e-01 1.575772e-04 -4.648772e-02 -2.817088e+00 -2.053369e-04 9.999995e-01 -1.022579e-03 2.189130e+00 4.648753e-02 1.031019e-03 9.989183e-01 -7.696768e+01
9.992756e-01 -5.988257e-04 3.805172e-02 -2.724760e+00 5.789088e-04 9.999997e-01 5.344445e-04 2.191386e+00 -3.805203e-02 -5.120284e-04 9.992756e-01 -7.737016e+01
9.988147e-01 3.167021e-04 -4.867249e-02 -2.538684e+00 -3.589445e-04 9.999996e-01 -8.591425e-04 2.193216e+00 4.867220e-02 8.755945e-04 9.988144e-01 -7.785817e+01
9.992541e-01 -7.408542e-04 3.860941e-02 -2.370943e+00 7.399305e-04 9.999997e-01 3.822619e-05 2.200091e+00 -3.860942e-02 -9.628974e-06 9.992544e-01 -7.849606e+01
9.991160e-01 -8.892220e-04 -4.202848e-02 -2.340933e+00 7.314750e-04 9.999926e-01 -3.768553e-03 2.231013e+00 4.203153e-02 3.734479e-03 9.991093e-01 -8.003744e+01
9.994907e-01 -2.967316e-04 3.190918e-02 -2.177144e+00 2.385395e-04 9.999983e-01 1.827486e-03 2.237656e+00 -3.190966e-02 -1.818943e-03 9.994891e-01 -8.085850e+01
9.991090e-01 8.011714e-04 -4.219788e-02 -1.986676e+00 -9.238180e-04 9.999954e-01 -2.887031e-03 2.215660e+00 4.219538e-02 2.923441e-03 9.991051e-01 -8.047067e+01
9.994290e-01 -1.384871e-03 3.376029e-02 -1.869282e+00 1.314058e-03 9.999969e-01 2.119654e-03 2.223615e+00 -3.376312e-02 -2.074080e-03 9.994277e-01 -8.110027e+01
9.990458e-01 7.890794e-04 -4.366766e-02 -1.738083e+00 -9.180471e-04 9.999953e-01 -2.933406e-03 2.231545e+00 4.366514e-02 2.970696e-03 9.990418e-01 -8.177392e+01
9.993047e-01 -1.120760e-03 3.726690e-02 -1.727338e+00 1.051071e-03 9.999977e-01 1.889542e-03 2.243446e+00 -3.726893e-02 -1.849057e-03 9.993036e-01 -8.238012e+01
9.988639e-01 4.304946e-04 -4.765297e-02 -1.551293e+00 -5.675287e-04 9.999957e-01 -2.862164e-03 2.251885e+00 4.765153e-02 2.885956e-03 9.988599e-01 -8.310066e+01
9.989648e-01 -7.063272e-04 4.548539e-02 -1.817742e+00 6.263333e-04 9.999982e-01 1.772912e-03 2.278114e+00 -4.548657e-02 -1.742587e-03 9.989634e-01 -8.359890e+01
9.992240e-01 -4.018810e-04 -3.938513e-02 -2.467905e+00 2.140644e-04 9.999886e-01 -4.772808e-03 2.335571e+00 3.938659e-02 4.760673e-03 9.992127e-01 -8.464129e+01
9.992490e-01 -1.111186e-04 3.874825e-02 -2.672760e+00 8.302506e-05 9.999997e-01 7.266487e-04 2.375811e+00 -3.874832e-02 -7.228856e-04 9.992487e-01 -8.608644e+01
