9.999619e-01 6.425714e-05 -8.726697e-03 8.835937e-02 -8.754779e-05 9.999964e-01 -2.668538e-03 -2.496758e-02 8.726494e-03 2.669200e-03 9.999584e-01 1.007717e+00
9.999993e-01 -2.530469e-05 -1.219414e-03 2.333055e-01 2.380817e-05 9.999992e-01 -1.227265e-03 -4.889019e-02 1.219445e-03 1.227236e-03 9.999985e-01 1.775803e+00
9.999561e-01 2.047023e-04 -9.364574e-03 3.873941e-01 -2.198442e-04 9.999987e-01 -1.615929e-03 -7.111804e-02 9.364230e-03 1.617916e-03 9.999548e-01 2.409539e+00
9.999996e-01 -1.318963e-04 9.127571e-04 4.456522e-01 1.316031e-04 9.999999e-01 3.213209e-04 -8.725998e-02 -9.127991e-04 -3.212000e-04 9.999995e-01 3.009058e+00
9.999591e-01 3.176130e-04 -9.039707e-03 5.079277e-01 -3.311236e-04 9.999988e-01 -1.493120e-03 -1.060911e-01 9.039222e-03 1.496051e-03 9.999580e-01 3.745689e+00
9.999993e-01 -2.439650e-04 1.200096e-03 5.625157e-01 2.435607e-04 9.999999e-01 3.370011e-04 -1.257961e-01 -1.200178e-03 -3.367078e-04 9.999992e-01 4.551175e+00
9.999587e-01 1.485690e-04 -9.089810e-03 6.147102e-01 -1.636288e-04 9.999986e-01 -1.656049e-03 -1.462193e-01 9.089551e-03 1.657467e-03 9.999573e-01 5.418963e+00
9.999993e-01 -2.778634e-04 1.141252e-03 6.636834e-01 2.779072e-04 1.000000e+00 -3.812075e-05 -1.695175e-01 -1.141241e-03 3.843859e-05 9.999993e-01 6.440322e+00
9.999628e-01 4.753335e-05 -8.621533e-03 7.025017e-01 -6.246734e-05 9.999985e-01 -1.731906e-03 -1.921347e-01 8.621437e-03 1.732380e-03 9.999613e-01 7.494955e+00
9.999997e-01 -1.518765e-04 7.002648e-04 7.499359e-01 1.516895e-04 1.000000e+00 2.672031e-04 -2.135597e-01 -7.003050e-04 -2.670961e-04 9.999997e-01 8.424756e+00
9.999637e-01 -3.415204e-05 -8.516774e-03 8.196632e-01 1.668915e-05 9.999979e-01 -2.050467e-03 -2.323792e-01 8.516826e-03 2.050250e-03 9.999616e-01 9.209039e+00
9.999999e-01 -4.281716e-04 -2.587006e-04 9.241840e-01 4.281545e-04 9.999999e-01 -6.670887e-05 -2.360106e-01 2.587295e-04 6.659880e-05 1.000000e+00 9.030718e+00
9.999643e-01 1.973281e-04 -8.450973e-03 1.047807e+00 -2.158098e-04 9.999976e-01 -2.186068e-03 -2.480469e-01 8.450521e-03 2.187813e-03 9.999619e-01 9.275996e+00
9.999990e-01 -1.476891e-04 -1.396401e-03 1.178116e+00 1.467291e-04 9.999998e-01 -6.875959e-04 -2.678626e-01 1.396502e-03 6.873911e-04 9.999988e-01 9.872877e+00
9.999738e-01 1.755446e-04 -7.230475e-03 1.240078e+00 -1.844261e-04 9.999992e-01 -1.227690e-03 -2.893290e-01 7.230254e-03 1.228991e-03 9.999731e-01 1.072997e+01
9.999998e-01 -2.272948e-04 -6.130514e-04 1.313524e+00 2.265202e-04 9.999992e-01 -1.263312e-03 -3.181175e-01 6.133384e-04 1.263174e-03 9.999990e-01 1.195694e+01
9.999756e-01 8.655582e-05 -6.991596e-03 1.374395e+00 -9.144096e-05 9.999998e-01 -6.983886e-04 -3.424650e-01 6.991534e-03 6.990101e-04 9.999753e-01 1.300345e+01
9.999995e-01 -2.359648e-04 -9.987363e-04 1.428692e+00 2.351762e-04 9.999997e-01 -7.897284e-04 -3.616852e-01 9.989227e-04 7.894938e-04 9.999992e-01 1.380223e+01
9.999822e-01 7.050335e-06 -5.963926e-03 1.448268e+00 -1.111958e-05 9.999998e-01 -6.822635e-04 -3.681507e-01 5.963919e-03 6.823170e-04 9.999820e-01 1.401171e+01
9.999971e-01 -9.509111e-05 -2.420458e-03 1.499309e+00 9.350216e-05 9.999998e-01 -6.566045e-04 -3.872087e-01 2.420520e-03 6.563770e-04 9.999969e-01 1.473189e+01
9.999873e-01 -5.134317e-05 -5.032135e-03 1.545330e+00 4.660356e-05 9.999996e-01 -9.419630e-04 -4.098442e-01 5.032181e-03 9.417158e-04 9.999869e-01 1.573332e+01
9.999996e-01 -1.438644e-04 -8.930147e-04 1.566279e+00 1.422547e-04 9.999984e-01 -1.802461e-03 -4.410225e-01 8.932728e-04 1.802334e-03 9.999980e-01 1.727108e+01
9.999933e-01 -1.455248e-04 -3.649332e-03 1.588995e+00 1.348964e-04 9.999957e-01 -2.912471e-03 -4.853165e-01 3.649740e-03 2.911958e-03 9.999891e-01 1.952090e+01
9.999957e-01 -3.456914e-04 -2.927780e-03 1.643311e+00 3.435746e-04 9.999997e-01 -7.235095e-04 -5.211532e-01 2.928030e-03 7.225012e-04 9.999955e-01 2.122869e+01
9.999900e-01 1.717206e-04 -4.479707e-03 1.695024e+00 -1.783177e-04 9.999989e-01 -1.472288e-03 -5.480545e-01 4.479449e-03 1.473072e-03 9.999889e-01 2.245076e+01
9.999951e-01 -2.349432e-04 -3.125692e-03 1.748761e+00 2.320095e-04 9.999995e-01 -9.389439e-04 -5.763938e-01 3.125912e-03 9.382148e-04 9.999947e-01 2.374428e+01
9.999875e-01 1.875791e-04 -5.005127e-03 1.824028e+00 -1.943177e-04 9.999991e-01 -1.345871e-03 -6.024419e-01 5.004869e-03 1.346826e-03 9.999866e-01 2.483847e+01
9.999927e-01 -2.964795e-04 -3.811570e-03 1.909457e+00 2.940652e-04 9.999998e-01 -6.339763e-04 -6.185480e-01 3.811758e-03 6.328515e-04 9.999925e-01 2.537591e+01
9.999853e-01 2.545559e-04 -5.408718e-03 1.997887e+00 -2.609496e-04 9.999993e-01 -1.181412e-03 -6.383811e-01 5.408413e-03 1.182805e-03 9.999847e-01 2.605852e+01
9.999872e-01 -2.157922e-04 -5.059424e-03 2.164415e+00 2.083490e-04 9.999989e-01 -1.471656e-03 -6.600561e-01 5.059736e-03 1.470584e-03 9.999861e-01 2.663219e+01
9.999955e-01 1.626089e-04 -3.002562e-03 2.226761e+00 -1.621741e-04 1.000000e+00 1.450772e-04 -6.815029e-01 3.002586e-03 -1.445903e-04 9.999955e-01 2.750147e+01
9.999843e-01 -2.315104e-04 -5.598195e-03 2.303941e+00 2.213078e-04 9.999983e-01 -1.823056e-03 -6.956581e-01 5.598608e-03 1.821789e-03 9.999827e-01 2.796639e+01
9.999945e-01 2.607873e-04 -3.293365e-03 2.372846e+00 -2.588527e-04 9.999998e-01 5.878977e-04 -7.147236e-01 3.293517e-03 -5.870427e-04 9.999944e-01 2.863876e+01
9.999917e-01 -3.449769e-04 -4.056190e-03 2.397824e+00 3.387839e-04 9.999988e-01 -1.527428e-03 -7.331904e-01 4.056712e-03 1.526042e-03 9.999906e-01 2.947928e+01
9.999941e-01 1.999929e-04 -3.434700e-03 2.443118e+00 -2.003845e-04 1.000000e+00 -1.136277e-04 -7.551353e-01 3.434677e-03 1.143146e-04 9.999941e-01 3.046183e+01
9.999894e-01 -3.525138e-04 -4.588957e-03 2.502489e+00 3.478192e-04 9.999994e-01 -1.023799e-03 -7.678844e-01 4.589316e-03 1.022193e-03 9.999889e-01 3.095346e+01
9.999926e-01 3.049026e-04 -3.836953e-03 2.542390e+00 -3.033959e-04 9.999999e-01 3.932871e-04 -7.812956e-01 3.837072e-03 -3.921207e-04 9.999926e-01 3.142129e+01
9.999905e-01 -3.521045e-04 -4.334338e-03 2.597966e+00 3.465505e-04 9.999991e-01 -1.282120e-03 -7.974938e-01 4.334785e-03 1.280607e-03 9.999898e-01 3.206053e+01
9.999914e-01 3.269119e-04 -4.140438e-03 2.642859e+00 -3.245423e-04 9.999998e-01 5.729980e-04 -8.121815e-01 4.140624e-03 -5.716500e-04 9.999913e-01 3.259862e+01
9.999933e-01 -3.258560e-04 -3.640478e-03 2.688164e+00 3.212442e-04 9.999991e-01 -1.267357e-03 -8.280760e-01 3.640888e-03 1.266179e-03 9.999926e-01 3.324496e+01
9.999922e-01 2.858330e-04 -3.932618e-03 2.723632e+00 -2.832021e-04 9.999997e-01 6.695920e-04 -8.426634e-01 3.932808e-03 -6.684738e-04 9.999920e-01 3.387616e+01
9.999936e-01 -3.043097e-04 -3.561610e-03 2.765022e+00 2.995728e-04 9.999991e-01 -1.330513e-03 -8.577106e-01 3.562012e-03 1.329438e-03 9.999928e-01 3.451285e+01
9.999990e-01 -7.552382e-05 -1.396919e-03 2.754455e+00 7.493651e-05 9.999999e-01 -4.203698e-04 -8.525844e-01 1.396950e-03 4.202640e-04 9.999989e-01 3.423548e+01
9.999818e-01 -3.464663e-04 -6.017574e-03 2.814401e+00 3.431253e-04 9.999998e-01 -5.562590e-04 -8.503389e-01 6.017765e-03 5.541848e-04 9.999817e-01 3.388449e+01
9.999972e-01 3.384424e-04 -2.362906e-03 2.863146e+00 -3.387082e-04 9.999999e-01 -1.120317e-04 -8.615822e-01 2.362867e-03 1.128311e-04 9.999972e-01 3.422973e+01
9.999846e-01 -3.057559e-04 -5.543389e-03 2.902336e+00 3.015963e-04 9.999997e-01 -7.512272e-04 -8.720841e-01 5.543617e-03 7.495445e-04 9.999844e-01 3.461259e+01
9.999955e-01 2.162660e-04 -2.980827e-03 2.981507e+00 -2.171665e-04 9.999999e-01 -3.017126e-04 -8.834697e-01 2.980761e-03 3.023579e-04 9.999955e-01 3.493816e+01
9.999773e-01 -4.927450e-04 -6.714044e-03 3.098880e+00 4.871233e-04 9.999995e-01 -8.389339e-04 -8.881136e-01 6.714454e-03 8.356450e-04 9.999771e-01 3.480970e+01
9.999997e-01 5.039408e-04 -6.550420e-04 3.121390e+00 -5.036581e-04 9.999998e-01 4.320690e-04 -8.989397e-01 6.552593e-04 -4.317396e-04 9.999997e-01 3.521423e+01
9.999812e-01 -6.011533e-04 -6.106450e-03 3.137495e+00 5.945162e-04 9.999992e-01 -1.088699e-03 -9.126077e-01 6.107100e-03 1.085049e-03 9.999808e-01 3.588772e+01
9.999981e-01 6.210131e-04 -1.844239e-03 3.187984e+00 -6.211577e-04 9.999998e-01 -7.771070e-05 -9.208451e-01 1.844191e-03 7.885543e-05 9.999983e-01 3.618475e+01
9.999771e-01 -4.502377e-04 -6.757016e-03 3.252629e+00 4.473895e-04 9.999998e-01 -4.230463e-04 -9.364400e-01 6.757206e-03 4.200143e-04 9.999771e-01 3.670196e+01
9.999999e-01 3.537467e-04 -3.816431e-05 3.281272e+00 -3.537623e-04 9.999999e-01 -4.041979e-04 -9.532798e-01 3.802102e-05 4.042107e-04 9.999999e-01 3.747625e+01
9.999732e-01 -4.404873e-04 -7.306543e-03 3.317924e+00 4.389749e-04 9.999999e-01 -2.086124e-04 -9.679644e-01 7.306634e-03 2.054001e-04 9.999733e-01 3.812512e+01
9.999995e-01 4.123588e-04 -8.926773e-04 3.408872e+00 -4.129625e-04 9.999997e-01 -6.759648e-04 -9.759514e-01 8.923980e-04 6.763324e-04 9.999994e-01 3.827530e+01
9.999687e-01 -5.041118e-04 -7.900910e-03 3.508645e+00 5.012775e-04 9.999998e-01 -3.607264e-04 -9.869271e-01 7.901091e-03 3.567552e-04 9.999687e-01 3.852250e+01
9.999992e-01 6.829736e-04 -1.059686e-03 3.582218e+00 -6.835198e-04 9.999996e-01 -5.149700e-04 -1.002250e+00 1.059333e-03 5.156933e-04 9.999993e-01 3.902017e+01
9.999931e-01 -9.675385e-04 -3.599218e-03 3.512305e+00 9.617955e-04 9.999983e-01 -1.597062e-03 -9.962451e-01 3.600757e-03 1.593590e-03 9.999922e-01 3.888849e+01
9.999957e-01 3.368530e-04 -2.925706e-03 3.508587e+00 -3.364338e-04 9.999999e-01 1.438368e-04 -9.884200e-01 2.925754e-03 -1.428526e-04 9.999957e-01 3.835205e+01
9.999802e-01 -7.888924e-04 -6.241437e-03 3.598625e+00 7.804538e-04 9.999988e-01 -1.354379e-03 -9.879899e-01 6.242498e-03 1.349482e-03 9.999796e-01 3.798387e+01
9.999972e-01 3.081546e-04 -2.354363e-03 3.671317e+00 -3.081795e-04 1.000000e+00 -1.010423e-05 -9.827537e-01 2.354360e-03 1.082909e-05 9.999972e-01 3.742399e+01
9.999652e-01 -5.290457e-04 -8.326797e-03 3.808207e+00 5.248795e-04 9.999997e-01 -5.025314e-04 -9.913079e-01 8.327061e-03 4.981440e-04 9.999652e-01 3.738998e+01
9.999994e-01 4.630097e-04 -1.019676e-03 3.937299e+00 -4.642177e-04 9.999992e-01 -1.184571e-03 -1.001080e+00 1.019127e-03 1.185043e-03 9.999988e-01 3.759046e+01
9.999664e-01 -7.698729e-04 -8.158930e-03 4.061804e+00 7.658218e-04 9.999996e-01 -4.996621e-04 -1.006748e+00 8.159312e-03 4.933977e-04 9.999666e-01 3.750628e+01
9.999975e-01 8.525463e-04 -2.062019e-03 4.156962e+00 -8.531575e-04 9.999996e-01 -2.954230e-04 -1.019784e+00 2.061766e-03 2.971809e-04 9.999978e-01 3.779434e+01
9.999870e-01 -8.616705e-04 -5.020550e-03 4.171089e+00 8.623245e-04 9.999996e-01 1.280573e-04 -1.030975e+00 5.020438e-03 -1.323844e-04 9.999874e-01 3.828935e+01
9.999943e-01 9.281182e-04 -3.233124e-03 4.214276e+00 -9.298972e-04 9.999994e-01 -5.487091e-04 -1.044709e+00 3.232612e-03 5.517118e-04 9.999946e-01 3.886218e+01
9.999855e-01 -9.006656e-04 -5.316089e-03 4.273446e+00 9.009909e-04 9.999996e-01 5.875347e-05 -1.060624e+00 5.316034e-03 -6.354169e-05 9.999859e-01 3.944868e+01
9.999947e-01 9.415511e-04 -3.113013e-03 4.317820e+00 -9.426367e-04 9.999995e-01 -3.472019e-04 -1.073226e+00 3.112684e-03 3.501338e-04 9.999951e-01 3.992700e+01
9.999881e-01 -9.329276e-04 -4.789482e-03 4.332901e+00 9.320326e-04 9.999995e-01 -1.891456e-04 -1.080404e+00 4.789657e-03 1.846801e-04 9.999885e-01 4.016073e+01
9.999915e-01 1.087854e-03 -3.981319e-03 4.386423e+00 -1.089314e-03 9.999993e-01 -3.644958e-04 -1.093396e+00 3.980920e-03 3.688290e-04 9.999920e-01 4.061173e+01
9.999895e-01 -1.096221e-03 -4.446347e-03 4.430968e+00 1.095351e-03 9.999994e-01 -1.981714e-04 -1.109040e+00 4.446562e-03 1.932997e-04 9.999901e-01 4.120107e+01
9.999908e-01 1.163450e-03 -4.133349e-03 4.472945e+00 -1.164577e-03 9.999993e-01 -2.701287e-04 -1.120817e+00 4.133032e-03 2.749391e-04 9.999914e-01 4.161999e+01
9.999916e-01 -1.072396e-03 -3.954824e-03 4.512884e+00 1.070956e-03 9.999994e-01 -3.663499e-04 -1.136972e+00 3.955214e-03 3.621121e-04 9.999921e-01 4.226563e+01
9.999922e-01 9.459710e-04 -3.830274e-03 4.539932e+00 -9.474804e-04 9.999995e-01 -3.922240e-04 -1.153016e+00 3.829901e-03 3.958494e-04 9.999926e-01 4.297244e+01
9.999947e-01 -1.074958e-03 -3.088617e-03 4.541500e+00 1.072754e-03 9.999992e-01 -7.154618e-04 -1.170750e+00 3.089384e-03 7.121453e-04 9.999950e-01 4.386271e+01
9.999897e-01 8.443398e-04 -4.449745e-03 4.574408e+00 -8.485858e-04 9.999992e-01 -9.523363e-04 -1.191736e+00 4.448937e-03 9.561018e-04 9.999896e-01 4.485667e+01
9.999973e-01 -9.466748e-04 -2.103290e-03 4.588632e+00 9.448145e-04 9.999992e-01 -8.854161e-04 -1.215375e+00 2.104127e-03 8.834272e-04 9.999974e-01 4.601911e+01
9.999887e-01 7.748173e-04 -4.684357e-03 4.602443e+00 -7.758346e-04 9.999997e-01 -2.153055e-04 -1.232056e+00 4.684188e-03 2.189367e-04 9.999890e-01 4.685478e+01
9.999948e-01 -8.026975e-04 -3.110663e-03 4.655255e+00 8.004519e-04 9.999994e-01 -7.231948e-04 -1.239077e+00 3.111242e-03 7.207017e-04 9.999949e-01 4.704122e+01
9.999826e-01 7.798232e-04 -5.846605e-03 4.721537e+00 -7.808315e-04 9.999997e-01 -1.701329e-04 -1.251922e+00 5.846470e-03 1.746945e-04 9.999829e-01 4.745067e+01
9.999968e-01 -8.111210e-04 -2.384915e-03 4.780096e+00 8.097889e-04 9.999995e-01 -5.595714e-04 -1.263675e+00 2.385368e-03 5.576390e-04 9.999970e-01 4.788000e+01
9.999809e-01 9.695304e-04 -6.111753e-03 4.826324e+00 -9.703179e-04 9.999995e-01 -1.258365e-04 -1.277274e+00 6.111628e-03 1.317637e-04 9.999813e-01 4.842006e+01
9.999951e-01 -8.274453e-04 -3.003071e-03 4.905513e+00 8.256713e-04 9.999995e-01 -5.920110e-04 -1.288050e+00 3.003560e-03 5.895292e-04 9.999953e-01 4.868671e+01
9.999825e-01 9.101719e-04 -5.845471e-03 4.953978e+00 -9.106876e-04 9.999996e-01 -8.550672e-05 -1.303694e+00 5.845391e-03 9.082798e-05 9.999829e-01 4.933706e+01
9.999955e-01 -8.819450e-04 -2.858344e-03 5.033164e+00 8.767756e-04 9.999980e-01 -1.809354e-03 -1.333964e+00 2.859935e-03 1.806841e-03 9.999943e-01 5.051554e+01
9.999951e-01 5.769456e-04 -3.084682e-03 5.055327e+00 -5.821963e-04 9.999984e-01 -1.701443e-03 -1.370104e+00 3.083695e-03 1.703230e-03 9.999938e-01 5.229633e+01
9.999974e-01 -1.092187e-03 -2.016998e-03 5.067937e+00 1.088557e-03 9.999978e-01 -1.800293e-03 -1.404375e+00 2.018960e-03 1.798093e-03 9.999963e-01 5.406713e+01
9.999918e-01 7.900231e-04 -3.970730e-03 5.087142e+00 -7.939183e-04 9.999992e-01 -9.794235e-04 -1.435169e+00 3.969953e-03 9.825672e-04 9.999916e-01 5.560871e+01
9.999968e-01 -9.774434e-04 -2.324235e-03 5.116690e+00 9.729291e-04 9.999976e-01 -1.942703e-03 -1.469118e+00 2.326129e-03 1.940437e-03 9.999954e-01 5.724148e+01
9.999845e-01 7.434762e-04 -5.509079e-03 5.173070e+00 -7.497646e-04 9.999991e-01 -1.139425e-03 -1.501558e+00 5.508227e-03 1.143537e-03 9.999842e-01 5.873014e+01
9.999974e-01 -9.469455e-04 -2.094438e-03 5.200619e+00 9.449654e-04 9.999991e-01 -9.463191e-04 -1.526158e+00 2.095332e-03 9.443381e-04 9.999974e-01 5.991611e+01
9.999799e-01 6.544580e-04 -6.312462e-03 5.252038e+00 -6.594515e-04 9.999995e-01 -7.889644e-04 -1.549992e+00 6.311942e-03 7.931107e-04 9.999798e-01 6.094751e+01
9.999946e-01 -5.042043e-04 -3.250331e-03 5.359019e+00 5.034999e-04 9.999998e-01 -2.176363e-04 -1.564360e+00 3.250440e-03 2.159993e-04 9.999947e-01 6.136364e+01
9.999678e-01 2.220596e-04 -8.020508e-03 5.551728e+00 -2.211884e-04 1.000000e+00 1.095508e-04 -1.570883e+00 8.020532e-03 -1.077738e-04 9.999678e-01 6.112233e+01
9.999981e-01 -1.214025e-04 -1.953215e-03 5.623661e+00 1.203606e-04 9.999999e-01 -5.337001e-04 -1.576072e+00 1.953280e-03 5.334646e-04 9.999979e-01 6.111640e+01
9.999821e-01 -1.931643e-04 -5.973774e-03 5.684734e+00 1.933286e-04 1.000000e+00 2.698007e-05 -1.574467e+00 5.973769e-03 -2.813512e-05 9.999822e-01 6.077571e+01
9.999882e-01 4.119768e-04 -4.845650e-03 5.804464e+00 -4.137947e-04 9.999998e-01 -3.742477e-04 -1.591576e+00 4.845496e-03 3.762490e-04 9.999882e-01 6.120212e+01
9.999887e-01 -2.749691e-04 -4.738442e-03 5.900299e+00 2.701975e-04 9.999995e-01 -1.007543e-03 -1.613743e+00 4.738717e-03 1.006251e-03 9.999883e-01 6.199291e+01
9.999845e-01 5.562838e-04 -5.547140e-03 6.008284e+00 -5.556380e-04 9.999998e-01 1.178985e-04 -1.632816e+00 5.547205e-03 -1.148138e-04 9.999846e-01 6.257301e+01
9.999803e-01 -2.831380e-04 -6.265857e-03 6.172461e+00 2.781807e-04 9.999996e-01 -7.919698e-04 -1.650691e+00 6.266079e-03 7.902105e-04 9.999801e-01 6.292670e+01
9.999883e-01 1.408817e-04 -4.827459e-03 6.337617e+00 -1.395829e-04 1.000000e+00 2.693017e-04 -1.657621e+00 4.827497e-03 -2.686241e-04 9.999883e-01 6.275824e+01
9.999832e-01 -1.288962e-04 -5.790345e-03 6.500240e+00 1.248822e-04 9.999998e-01 -6.935230e-04 -1.668930e+00 5.790432e-03 6.927876e-04 9.999830e-01 6.282060e+01
9.999948e-01 -1.932453e-04 -3.233820e-03 6.618312e+00 1.926052e-04 1.000000e+00 -1.983798e-04 -1.667478e+00 3.233858e-03 1.977566e-04 9.999948e-01 6.238790e+01
9.999876e-01 -3.329997e-04 -4.963004e-03 6.704409e+00 3.279238e-04 9.999994e-01 -1.023457e-03 -1.661834e+00 4.963342e-03 1.021816e-03 9.999872e-01 6.179184e+01
9.999938e-01 1.319045e-04 -3.531439e-03 6.751278e+00 -1.305619e-04 9.999999e-01 3.803145e-04 -1.665426e+00 3.531489e-03 -3.798504e-04 9.999937e-01 6.169477e+01
9.999861e-01 -1.114710e-05 -5.268521e-03 6.828703e+00 4.583554e-06 9.999992e-01 -1.245751e-03 -1.676884e+00 5.268531e-03 1.245709e-03 9.999853e-01 6.203481e+01
9.999928e-01 -5.504468e-04 -3.764524e-03 6.957973e+00 5.511778e-04 9.999998e-01 1.930498e-04 -1.673254e+00 3.764417e-03 -1.951227e-04 9.999929e-01 6.145857e+01
9.999869e-01 -2.147754e-04 -5.121469e-03 7.068173e+00 2.065836e-04 9.999987e-01 -1.599920e-03 -1.663944e+00 5.121806e-03 1.598841e-03 9.999856e-01 6.065544e+01
9.999946e-01 -6.766454e-04 -3.222002e-03 7.159480e+00 6.759366e-04 9.999997e-01 -2.211648e-04 -1.651162e+00 3.222151e-03 2.189863e-04 9.999948e-01 5.973962e+01
9.999873e-01 -1.800017e-04 -5.037391e-03 7.255232e+00 1.726725e-04 9.999989e-01 -1.455296e-03 -1.638338e+00 5.037648e-03 1.454407e-03 9.999863e-01 5.883096e+01
9.999938e-01 -6.897950e-04 -3.456954e-03 7.364197e+00 6.893807e-04 9.999998e-01 -1.211433e-04 -1.626749e+00 3.457037e-03 1.187600e-04 9.999940e-01 5.794314e+01
9.999877e-01 -4.348017e-04 -4.940538e-03 7.497315e+00 4.251985e-04 9.999980e-01 -1.944576e-03 -1.612060e+00 4.941373e-03 1.942451e-03 9.999859e-01 5.687022e+01
9.999969e-01 -6.935611e-04 -2.410414e-03 7.551458e+00 6.920017e-04 9.999996e-01 -6.478810e-04 -1.592698e+00 2.410863e-03 6.462115e-04 9.999969e-01 5.569836e+01
9.999951e-01 -7.762044e-04 -3.035175e-03 7.540373e+00 7.673710e-04 9.999955e-01 -2.910292e-03 -1.565141e+00 3.037420e-03 2.907948e-03 9.999912e-01 5.426060e+01
9.999940e-01 -5.810447e-04 -3.414985e-03 7.550368e+00 5.792946e-04 9.999997e-01 -5.135646e-04 -1.539508e+00 3.415282e-03 5.115839e-04 9.999940e-01 5.287913e+01
9.999921e-01 -6.863970e-04 -3.917803e-03 7.603744e+00 6.768038e-04 9.999968e-01 -2.449321e-03 -1.517696e+00 3.919471e-03 2.446649e-03 9.999893e-01 5.159869e+01
9.999949e-01 -4.641817e-04 -3.171729e-03 7.657924e+00 4.632691e-04 9.999999e-01 -2.885767e-04 -1.499107e+00 3.171863e-03 2.871065e-04 9.999949e-01 5.045919e+01
9.999972e-01 -9.084315e-04 -2.187083e-03 7.659197e+00 9.006995e-04 9.999934e-01 -3.533535e-03 -1.469847e+00 2.190278e-03 3.531555e-03 9.999914e-01 4.898450e+01
9.999943e-01 -7.216521e-04 -3.286824e-03 7.642192e+00 7.198788e-04 9.999996e-01 -5.407781e-04 -1.437242e+00 3.287213e-03 5.384095e-04 9.999945e-01 4.736803e+01
9.999981e-01 -9.187567e-04 -1.747703e-03 7.626827e+00 9.124001e-04 9.999930e-01 -3.634236e-03 -1.403113e+00 1.751029e-03 3.632633e-03 9.999919e-01 4.569275e+01
9.999911e-01 -6.531372e-04 -4.175981e-03 7.625365e+00 6.518405e-04 9.999997e-01 -3.119604e-04 -1.371462e+00 4.176183e-03 3.092361e-04 9.999912e-01 4.409035e+01
9.999980e-01 -8.108317e-04 -1.819325e-03 7.645065e+00 8.049113e-04 9.999944e-01 -3.252373e-03 -1.342965e+00 1.821952e-03 3.250902e-03 9.999931e-01 4.258630e+01
9.999500e-01 -1.584838e-03 -9.873109e-03 8.308748e+00 1.607889e-03 9.999960e-01 2.327161e-03 -1.348966e+00 9.869381e-03 -2.342919e-03 9.999486e-01 4.131580e+01
9.999678e-01 5.930683e-04 -8.002746e-03 8.949840e+00 -6.235522e-04 9.999926e-01 -3.807171e-03 -1.348050e+00 8.000428e-03 3.812038e-03 9.999607e-01 4.002275e+01
9.999980e-01 -1.871062e-03 6.728693e-04 9.030656e+00 1.870265e-03 9.999975e-01 1.184874e-03 -1.328695e+00 -6.750845e-04 -1.183612e-03 9.999991e-01 3.881474e+01
9.999594e-01 8.279372e-04 -8.972821e-03 9.132297e+00 -8.581629e-04 9.999940e-01 -3.365214e-03 -1.314316e+00 8.969980e-03 3.372777e-03 9.999541e-01 3.778869e+01
9.999975e-01 -1.960872e-03 1.113863e-03 9.198400e+00 1.959983e-03 9.999978e-01 7.988202e-04 -1.297064e+00 -1.115426e-03 -7.966345e-04 9.999991e-01 3.666893e+01
9.999706e-01 5.862309e-04 -7.640170e-03 9.241380e+00 -6.175249e-04 9.999914e-01 -4.094213e-03 -1.273991e+00 7.637705e-03 4.098810e-03 9.999624e-01 3.533667e+01
9.999972e-01 -2.072282e-03 1.127808e-03 9.280375e+00 2.071801e-03 9.999978e-01 4.274716e-04 -1.248486e+00 -1.128691e-03 -4.251332e-04 9.999993e-01 3.389488e+01
9.999605e-01 9.492017e-04 -8.834477e-03 9.333277e+00 -9.777302e-04 9.999943e-01 -3.225424e-03 -1.229800e+00 8.831365e-03 3.233933e-03 9.999558e-01 3.272326e+01
9.999944e-01 -2.198296e-03 2.525115e-03 9.342632e+00 2.197854e-03 9.999976e-01 1.779223e-04 -1.210194e+00 -2.525500e-03 -1.723709e-04 9.999968e-01 3.156033e+01
9.999760e-01 6.596939e-04 -6.900840e-03 9.322930e+00 -6.876609e-04 9.999916e-01 -4.051051e-03 -1.181052e+00 6.898109e-03 4.055699e-03 9.999680e-01 3.008015e+01
9.999970e-01 -2.296284e-03 8.337276e-04 9.289772e+00 2.296465e-03 9.999973e-01 -2.154861e-04 -1.146597e+00 -8.332305e-04 2.174007e-04 9.999996e-01 2.838253e+01
9.999845e-01 4.977672e-04 -5.551864e-03 9.241196e+00 -5.228493e-04 9.999897e-01 -4.517173e-03 -1.108070e+00 5.549558e-03 4.520005e-03 9.999744e-01 2.654776e+01
9.999966e-01 -2.362178e-03 1.108562e-03 9.186867e+00 2.362479e-03 9.999972e-01 -2.705929e-04 -1.068991e+00 -1.107920e-03 2.732115e-04 9.999993e-01 2.468874e+01
9.999820e-01 7.650102e-04 -5.945715e-03 9.126206e+00 -7.892027e-04 9.999914e-01 -4.067551e-03 -1.033101e+00 5.942552e-03 4.072169e-03 9.999741e-01 2.300067e+01
9.999966e-01 -2.349319e-03 1.100593e-03 9.045699e+00 2.349558e-03 9.999972e-01 -2.161743e-04 -9.972618e-01 -1.100082e-03 2.187600e-04 9.999994e-01 2.134232e+01
9.999941e-01 8.299190e-04 -3.348091e-03 8.900410e+00 -8.442952e-04 9.999904e-01 -4.294598e-03 -9.581030e-01 3.344495e-03 4.297398e-03 9.999852e-01 1.968134e+01
9.999511e-01 -1.105503e-03 9.828966e-03 8.258027e+00 1.080796e-03 9.999962e-01 2.518667e-03 -9.223578e-01 -9.831714e-03 -2.507920e-03 9.999485e-01 1.977441e+01
9.999549e-01 5.966564e-04 -9.481500e-03 7.831742e+00 -6.478728e-04 9.999852e-01 -5.399527e-03 -8.848476e-01 9.478138e-03 5.405426e-03 9.999405e-01 1.887782e+01
9.999985e-01 -1.646957e-03 6.088804e-04 7.919610e+00 1.645347e-03 9.999952e-01 2.634610e-03 -8.627733e-01 -6.132165e-04 -2.633603e-03 9.999963e-01 1.758101e+01
9.999647e-01 4.698233e-04 -8.384801e-03 7.996214e+00 -5.164787e-04 9.999844e-01 -5.562932e-03 -8.402029e-01 8.382056e-03 5.567066e-03 9.999494e-01 1.629899e+01
9.999749e-01 -2.109815e-03 6.756694e-03 7.913818e+00 2.112642e-03 9.999977e-01 -4.112688e-04 -7.916933e-01 -6.755811e-03 4.255335e-04 9.999771e-01 1.423429e+01
9.999697e-01 9.144180e-05 -7.789196e-03 7.682017e+00 -1.387866e-04 9.999815e-01 -6.077892e-03 -7.342591e-01 7.788496e-03 6.078788e-03 9.999512e-01 1.191735e+01
9.999474e-01 -1.854274e-03 1.008904e-02 7.255671e+00 1.857033e-03 9.999982e-01 -2.640403e-04 -6.719376e-01 -1.008853e-02 2.827626e-04 9.999491e-01 9.771417e+00
9.999338e-01 -1.701449e-04 -1.150270e-02 7.081026e+00 1.018736e-04 9.999824e-01 -5.935531e-03 -6.193639e-01 1.150351e-02 5.933966e-03 9.999162e-01 7.566728e+00
9.999887e-01 -1.271598e-03 4.578754e-03 7.050355e+00 1.263395e-03 9.999976e-01 1.794187e-03 -5.885434e-01 -4.581024e-03 -1.788382e-03 9.999879e-01 6.002901e+00
9.999407e-01 -5.577249e-05 -1.089446e-02 7.094638e+00 4.740853e-06 9.999890e-01 -4.684112e-03 -5.693729e-01 1.089460e-02 4.683782e-03 9.999297e-01 4.845661e+00
9.999907e-01 -1.395221e-03 4.091775e-03 7.139934e+00 1.389967e-03 9.999982e-01 1.286698e-03 -5.433216e-01 -4.093563e-03 -1.280999e-03 9.999908e-01 3.382717e+00
9.999119e-01 5.253268e-04 -1.326584e-02 7.262233e+00 -5.638444e-04 9.999956e-01 -2.899911e-03 -5.327630e-01 1.326426e-02 2.907135e-03 9.999078e-01 2.485726e+00
9.999851e-01 -1.728060e-03 5.175435e-03 7.419818e+00 1.723310e-03 9.999981e-01 9.223475e-04 -5.168882e-01 -5.177019e-03 -9.134144e-04 9.999862e-01 1.358561e+00
9.999090e-01 4.348434e-04 -1.348333e-02 7.532467e+00 -4.806537e-04 9.999941e-01 -3.394467e-03 -4.996270e-01 1.348178e-02 3.400638e-03 9.999033e-01 1.876454e-01
9.999781e-01 -1.843171e-03 6.354907e-03 7.608865e+00 1.841186e-03 9.999983e-01 3.182754e-04 -4.779593e-01 -6.355482e-03 -3.065674e-04 9.999798e-01 -1.153354e+00
9.998977e-01 4.898420e-04 -1.429655e-02 7.706743e+00 -5.354539e-04 9.999948e-01 -3.186726e-03 -4.581851e-01 1.429491e-02 3.194055e-03 9.998927e-01 -2.449302e+00
9.999906e-01 -1.269185e-03 4.156665e-03 7.870133e+00 1.262031e-03 9.999977e-01 1.723308e-03 -4.500238e-01 -4.158842e-03 -1.718046e-03 9.999899e-01 -3.235871e+00
9.999143e-01 3.447894e-04 -1.308759e-02 8.008712e+00 -3.869626e-04 9.999947e-01 -3.219953e-03 -4.396923e-01 1.308641e-02 3.224741e-03 9.999092e-01 -4.145459e+00
9.999897e-01 -1.310733e-03 4.355823e-03 8.143966e+00 1.303295e-03 9.999977e-01 1.710129e-03 -4.280989e-01 -4.358055e-03 -1.704434e-03 9.999891e-01 -5.034155e+00
9.999398e-01 -1.296739e-04 -1.096999e-02 8.202692e+00 7.708531e-05 9.999885e-01 -4.794104e-03 -4.031877e-01 1.097049e-02 4.792969e-03 9.999283e-01 -6.403622e+00
9.999767e-01 -1.460678e-03 6.671937e-03 8.157655e+00 1.456948e-03 9.999988e-01 5.639180e-04 -3.682751e-01 -6.672752e-03 -5.541837e-04 9.999776e-01 -8.047705e+00
9.999505e-01 -6.521569e-04 -9.930211e-03 8.115609e+00 5.914715e-04 9.999811e-01 -6.112858e-03 -3.236520e-01 9.934011e-03 6.106682e-03 9.999320e-01 -1.013650e+01
9.999893e-01 -1.112061e-03 4.496126e-03 8.064749e+00 1.107332e-03 9.999988e-01 1.054075e-03 -2.831939e-01 -4.497292e-03 -1.049084e-03 9.999893e-01 -1.204206e+01
9.999645e-01 -6.580031e-04 -8.397421e-03 8.017239e+00 6.116162e-04 9.999845e-01 -5.525257e-03 -2.464368e-01 8.400926e-03 5.519925e-03 9.999495e-01 -1.379136e+01
9.999997e-01 -7.970920e-04 4.913465e-05 8.103621e+00 7.969774e-04 9.999970e-01 2.298374e-03 -2.247460e-01 -5.096648e-05 -2.298334e-03 9.999974e-01 -1.518476e+01
9.999829e-01 -1.427714e-05 -5.852322e-03 8.053227e+00 -2.126070e-05 9.999816e-01 -6.072251e-03 -2.028542e-01 5.852301e-03 6.072271e-03 9.999644e-01 -1.630642e+01
9.999991e-01 -1.273806e-03 5.186898e-04 7.995913e+00 1.272343e-03 9.999952e-01 2.812417e-03 -1.750654e-01 -5.222698e-04 -2.811754e-03 9.999959e-01 -1.763937e+01
9.999826e-01 2.043697e-04 -5.896195e-03 7.941865e+00 -2.398234e-04 9.999819e-01 -6.012827e-03 -1.475226e-01 5.894860e-03 6.014136e-03 9.999645e-01 -1.892798e+01
9.999924e-01 -1.418327e-03 3.627670e-03 7.776647e+00 1.410829e-03 9.999969e-01 2.068752e-03 -1.116565e-01 -3.630593e-03 -2.063618e-03 9.999913e-01 -2.036986e+01
9.999714e-01 5.826485e-05 -7.565304e-03 7.662411e+00 -1.022414e-04 9.999831e-01 -5.812617e-03 -7.711880e-02 7.564837e-03 5.813224e-03 9.999545e-01 -2.185964e+01
9.999934e-01 -1.555153e-03 3.290443e-03 7.571223e+00 1.549598e-03 9.999974e-01 1.690375e-03 -4.031588e-02 -3.293063e-03 -1.685265e-03 9.999932e-01 -2.349801e+01
9.999662e-01 -2.136174e-04 -8.212972e-03 7.551335e+00 1.646690e-04 9.999822e-01 -5.960042e-03 -4.397250e-03 8.214099e-03 5.958488e-03 9.999485e-01 -2.522585e+01
9.999968e-01 -1.704192e-03 1.867250e-03 7.603177e+00 1.701055e-03 9.999971e-01 1.680687e-03 3.095812e-02 -1.870109e-03 -1.677505e-03 9.999968e-01 -2.705525e+01
9.999678e-01 -6.714255e-05 -8.024597e-03 7.633061e+00 1.833318e-05 9.999815e-01 -6.082333e-03 6.638812e-02 8.024857e-03 6.081990e-03 9.999493e-01 -2.885085e+01
9.999992e-01 -1.192087e-03 5.076212e-04 7.630552e+00 1.190663e-03 9.999954e-01 2.797388e-03 9.466179e-02 -5.109536e-04 -2.796781e-03 9.999960e-01 -3.024585e+01
9.999726e-01 4.352593e-05 -7.403730e-03 7.652790e+00 -8.322456e-05 9.999856e-01 -5.361693e-03 1.160993e-01 7.403390e-03 5.362161e-03 9.999582e-01 -3.140558e+01
9.999957e-01 -1.503599e-03 2.503888e-03 7.652938e+00 1.498656e-03 9.999969e-01 1.974990e-03 1.439455e-01 -2.506850e-03 -1.971229e-03 9.999949e-01 -3.281636e+01
9.999635e-01 -7.585336e-05 -8.549253e-03 7.668256e+00 2.559206e-05 9.999827e-01 -5.878932e-03 1.744802e-01 8.549551e-03 5.878498e-03 9.999462e-01 -3.439974e+01
9.999972e-01 -1.383981e-03 1.935183e-03 7.712857e+00 1.379558e-03 9.999964e-01 2.285220e-03 2.013695e-01 -1.938339e-03 -2.282544e-03 9.999955e-01 -3.586445e+01
9.999514e-01 8.846624e-06 -9.860467e-03 7.797584e+00 -6.340235e-05 9.999847e-01 -5.532427e-03 2.248477e-01 9.860267e-03 5.532783e-03 9.999361e-01 -3.725648e+01
9.999968e-01 -1.199516e-03 2.225432e-03 7.835772e+00 1.194178e-03 9.999964e-01 2.398628e-03 2.481350e-01 -2.228301e-03 -2.395962e-03 9.999946e-01 -3.855641e+01
9.999676e-01 4.631931e-04 -8.041449e-03 7.764173e+00 -5.022238e-04 9.999881e-01 -4.852287e-03 2.706902e-01 8.039105e-03 4.856167e-03 9.999559e-01 -3.956699e+01
9.999570e-01 -1.527648e-03 9.149504e-03 7.489837e+00 1.519308e-03 9.999984e-01 9.184268e-04 3.126168e-01 -9.150892e-03 -9.044860e-04 9.999577e-01 -4.095425e+01
9.999577e-01 2.062282e-04 -9.191922e-03 7.166858e+00 -2.659828e-04 9.999788e-01 -6.499976e-03 3.663128e-01 9.190387e-03 6.502146e-03 9.999366e-01 -4.283016e+01
9.999773e-01 -1.458431e-03 6.582095e-03 6.937325e+00 1.439526e-03 9.999948e-01 2.876067e-03 4.047552e-01 -6.586255e-03 -2.866526e-03 9.999742e-01 -4.420661e+01
9.998806e-01 1.469409e-03 -1.537999e-02 7.039037e+00 -1.512563e-03 9.999950e-01 -2.794555e-03 3.882411e-01 1.537581e-02 2.817484e-03 9.998778e-01 -4.372698e+01
9.999551e-01 -1.486835e-03 9.359679e-03 7.090198e+00 1.483552e-03 9.999988e-01 3.577208e-04 3.654556e-01 -9.360200e-03 -3.438187e-04 9.999561e-01 -4.252981e+01
9.998258e-01 1.276069e-03 -1.862203e-02 7.414479e+00 -1.295893e-03 9.999986e-01 -1.052448e-03 3.530273e-01 1.862067e-02 1.076397e-03 9.998260e-01 -4.268975e+01
9.999397e-01 -2.729844e-03 1.063814e-02 7.550373e+00 2.755360e-03 9.999934e-01 -2.384577e-03 3.834386e-01 -1.063156e-02 2.413745e-03 9.999406e-01 -4.431557e+01
9.998956e-01 1.072483e-03 -1.440636e-02 7.476024e+00 -1.106856e-03 9.999966e-01 -2.378149e-03 4.240709e-01 1.440376e-02 2.393847e-03 9.998934e-01 -4.614311e+01
9.999355e-01 -2.585783e-03 1.105744e-02 7.419964e+00 2.607675e-03 9.999947e-01 -1.965858e-03 4.608239e-01 -1.105230e-02 1.994565e-03 9.999369e-01 -4.785549e+01
9.998896e-01 2.108086e-03 -1.470782e-02 7.254280e+00 -2.118511e-03 9.999975e-01 -6.932473e-04 4.906398e-01 1.470633e-02 7.243291e-04 9.998916e-01 -4.886666e+01
9.999397e-01 -3.216344e-03 1.050039e-02 7.200910e+00 3.236514e-03 9.999929e-01 -1.904435e-03 5.153104e-01 -1.049419e-02 1.938305e-03 9.999431e-01 -4.997960e+01
9.998265e-01 1.806787e-03 -1.853786e-02 7.283852e+00 -1.831451e-03 9.999975e-01 -1.313576e-03 5.415953e-01 1.853544e-02 1.347299e-03 9.998273e-01 -5.144048e+01
9.999909e-01 -4.015130e-03 1.408916e-03 8.329350e+00 4.013336e-03 9.999911e-01 1.273810e-03 5.243236e-01 -1.414018e-03 -1.268143e-03 9.999982e-01 -5.267613e+01
9.996807e-01 3.244892e-03 -2.506067e-02 9.294907e+00 -3.298907e-03 9.999923e-01 -2.114307e-03 5.214160e-01 2.505361e-02 2.196305e-03 9.996837e-01 -5.411803e+01
9.998587e-01 -4.579211e-03 1.617408e-02 9.454597e+00 4.584740e-03 9.999894e-01 -3.047447e-04 5.399806e-01 -1.617251e-02 3.788560e-04 9.998691e-01 -5.539102e+01
9.996386e-01 3.500542e-03 -2.665176e-02 9.695861e+00 -3.545524e-03 9.999924e-01 -1.640711e-03 5.476970e-01 2.664581e-02 1.734612e-03 9.996434e-01 -5.635274e+01
9.998692e-01 -4.357547e-03 1.557818e-02 9.928445e+00 4.354244e-03 9.999905e-01 2.459600e-04 5.576546e-01 -1.557911e-02 -1.780963e-04 9.998786e-01 -5.731649e+01
9.993836e-01 2.925168e-03 -3.498399e-02 1.105592e+01 -2.908743e-03 9.999956e-01 5.204086e-04 5.164580e-01 3.498535e-02 -4.183287e-04 9.993877e-01 -5.769414e+01
9.999375e-01 -3.339054e-03 1.066760e-02 1.223187e+01 3.346488e-03 9.999942e-01 -6.791105e-04 4.934430e-01 -1.066528e-02 7.147675e-04 9.999429e-01 -5.873102e+01
9.997477e-01 1.835623e-03 -2.238811e-02 1.249817e+01 -1.885528e-03 9.999958e-01 -2.208130e-03 5.153622e-01 2.238396e-02 2.249785e-03 9.997469e-01 -6.024881e+01
9.999042e-01 -3.566691e-03 1.337092e-02 1.279440e+01 3.569902e-03 9.999936e-01 -2.162367e-04 5.355013e-01 -1.337006e-02 2.639492e-04 9.999106e-01 -6.178491e+01
9.997056e-01 2.045941e-03 -2.417545e-02 1.300359e+01 -2.120570e-03 9.999931e-01 -3.061754e-03 5.610101e-01 2.416902e-02 3.112118e-03 9.997030e-01 -6.337202e+01
9.997974e-01 -3.705973e-03 1.978354e-02 1.297338e+01 3.735317e-03 9.999920e-01 -1.446480e-03 5.994259e-01 -1.977802e-02 1.520085e-03 9.998032e-01 -6.516677e+01
9.997491e-01 1.848678e-03 -2.232191e-02 1.287692e+01 -1.944403e-03 9.999890e-01 -4.267423e-03 6.453844e-01 2.231378e-02 4.309755e-03 9.997417e-01 -6.720914e+01
9.998518e-01 -3.566502e-03 1.684243e-02 1.281733e+01 3.573687e-03 9.999935e-01 -3.964931e-04 6.852920e-01 -1.684091e-02 4.566243e-04 9.998581e-01 -6.905960e+01
9.997298e-01 2.005601e-03 -2.315934e-02 1.285906e+01 -2.076325e-03 9.999933e-01 -3.030161e-03 7.142538e-01 2.315311e-02 3.077428e-03 9.997272e-01 -7.057058e+01
9.998503e-01 -3.550202e-03 1.693690e-02 1.286396e+01 3.562782e-03 9.999934e-01 -7.126068e-04 7.456826e-01 -1.693426e-02 7.728429e-04 9.998563e-01 -7.215885e+01
9.997384e-01 1.954452e-03 -2.278943e-02 1.288057e+01 -2.021398e-03 9.999937e-01 -2.914877e-03 7.761178e-01 2.278359e-02 2.960181e-03 9.997360e-01 -7.371221e+01
9.999287e-01 -2.534226e-03 1.166665e-02 1.299119e+01 2.520933e-03 9.999962e-01 1.153964e-03 7.913655e-01 -1.166953e-02 -1.124471e-03 9.999313e-01 -7.468637e+01
9.998054e-01 2.349984e-03 -1.958523e-02 1.299176e+01 -2.387216e-03 9.999954e-01 -1.877839e-03 8.085913e-01 1.958073e-02 1.924227e-03 9.998064e-01 -7.504986e+01
9.996414e-01 -3.329605e-03 2.656982e-02 1.229320e+01 3.323666e-03 9.999944e-01 2.676932e-04 8.600290e-01 -2.657056e-02 -1.792876e-04 9.996469e-01 -7.539515e+01
9.999572e-01 1.876631e-03 -9.062853e-03 1.098354e+01 -1.903680e-03 9.999938e-01 -2.976847e-03 9.539257e-01 9.057210e-03 2.993972e-03 9.999545e-01 -7.600370e+01
9.993955e-01 -3.599625e-03 3.457959e-02 9.250723e+00 3.608825e-03 9.999935e-01 -2.036341e-04 1.077022e+00 -3.457863e-02 3.283031e-04 9.994019e-01 -7.679211e+01
9.997441e-01 2.282914e-03 -2.250687e-02 8.118403e+00 -2.387165e-03 9.999865e-01 -4.606141e-03 1.160950e+00 2.249606e-02 4.658690e-03 9.997361e-01 -7.798682e+01
9.998288e-01 -4.014952e-03 1.806440e-02 8.088183e+00 4.017436e-03 9.999919e-01 -1.012095e-04 1.199851e+00 -1.806384e-02 1.737650e-04 9.998368e-01 -7.981478e+01
9.997939e-01 1.941328e-03 -2.020770e-02 8.064113e+00 -2.045025e-03 9.999848e-01 -5.112122e-03 1.242269e+00 2.019747e-02 5.152394e-03 9.997827e-01 -8.181781e+01
9.998634e-01 -3.749952e-03 1.609913e-02 8.045725e+00 3.752387e-03 9.999930e-01 -1.209728e-04 1.285603e+00 -1.609856e-02 1.813668e-04 9.998704e-01 -8.386932e+01
9.996592e-01 3.173928e-03 -2.590991e-02 8.149258e+00 -3.193904e-03 9.999946e-01 -7.295888e-04 1.286172e+00 2.590745e-02 8.120935e-04 9.996640e-01 -8.432216e+01
9.998128e-01 -3.527265e-03 1.902619e-02 8.216466e+00 3.560861e-03 9.999922e-01 -1.732201e-03 1.289280e+00 -1.901994e-02 1.799627e-03 9.998175e-01 -8.471167e+01
9.997644e-01 1.531402e-03 -2.165314e-02 8.120071e+00 -1.607750e-03 9.999926e-01 -3.508970e-03 1.334067e+00 2.164760e-02 3.542956e-03 9.997594e-01 -8.672209e+01
9.998320e-01 -3.341811e-03 1.802401e-02 8.015750e+00 3.372649e-03 9.999929e-01 -1.680774e-03 1.380121e+00 -1.801826e-02 1.741281e-03 9.998361e-01 -8.873599e+01
9.996859e-01 1.884453e-03 -2.499047e-02 8.032015e+00 -1.930282e-03 9.999965e-01 -1.809843e-03 1.410732e+00 2.498697e-02 1.857513e-03 9.996861e-01 -9.026686e+01
9.998379e-01 -3.173089e-03 1.772237e-02 8.088957e+00 3.195532e-03 9.999941e-01 -1.238195e-03 1.435335e+00 -1.771833e-02 1.294627e-03 9.998422e-01 -9.163008e+01
9.997380e-01 1.548626e-03 -2.283634e-02 8.118699e+00 -1.597572e-03 9.999965e-01 -2.125243e-03 1.463243e+00 2.283297e-02 2.161168e-03 9.997370e-01 -9.309333e+01
9.997476e-01 -2.809274e-03 2.228851e-02 7.845390e+00 2.880592e-03 9.999908e-01 -3.168266e-03 1.513871e+00 -2.227940e-02 3.231671e-03 9.997466e-01 -9.497048e+01
9.996322e-01 1.159782e-03 -2.709586e-02 7.801086e+00 -1.184021e-03 9.999989e-01 -8.784909e-04 1.548363e+00 2.709481e-02 9.102494e-04 9.996325e-01 -9.661961e+01
9.997452e-01 -2.648512e-03 2.241861e-02 7.755258e+00 2.715914e-03 9.999919e-01 -2.976583e-03 1.581487e+00 -2.241055e-02 3.036712e-03 9.997442e-01 -9.821427e+01
9.996091e-01 1.119913e-03 -2.793489e-02 7.733580e+00 -1.138966e-03 9.999991e-01 -6.661108e-04 1.612905e+00 2.793412e-02 6.976670e-04 9.996095e-01 -9.976074e+01
9.997251e-01 -2.607275e-03 2.330192e-02 7.701249e+00 2.686448e-03 9.999907e-01 -3.367018e-03 1.647301e+00 -2.329293e-02 3.428692e-03 9.997228e-01 -1.014080e+02
9.995583e-01 8.035243e-04 -2.970759e-02 7.781000e+00 -8.049710e-04 9.999997e-01 -3.672091e-05 1.674956e+00 2.970755e-02 6.061811e-05 9.995586e-01 -1.030026e+02
9.998382e-01 -2.526651e-03 1.780734e-02 8.233898e+00 2.588330e-03 9.999907e-01 -3.441466e-03 1.696120e+00 -1.779848e-02 3.487001e-03 9.998355e-01 -1.048373e+02
9.992418e-01 1.269122e-03 -3.891180e-02 9.014129e+00 -1.287907e-03 9.999991e-01 -4.576703e-04 1.718948e+00 3.891119e-02 5.074377e-04 9.992425e-01 -1.069219e+02
9.998767e-01 -2.138330e-03 1.555400e-02 9.884850e+00 2.164963e-03 9.999962e-01 -1.695637e-03 1.732675e+00 -1.555031e-02 1.729102e-03 9.998776e-01 -1.086139e+02
9.995372e-01 1.247310e-03 -3.039495e-02 1.034358e+01 -1.259395e-03 9.999991e-01 -3.784555e-04 1.746576e+00 3.039446e-02 4.165593e-04 9.995379e-01 -1.099374e+02
9.997514e-01 -2.415162e-03 2.216414e-02 1.049384e+01 2.522020e-03 9.999853e-01 -4.794496e-03 1.785904e+00 -2.215224e-02 4.849203e-03 9.997428e-01 -1.119029e+02
9.996711e-01 9.844268e-04 -2.562780e-02 1.048964e+01 -1.004603e-03 9.999992e-01 -7.743912e-04 1.830566e+00 2.562702e-02 7.998819e-04 9.996713e-01 -1.139450e+02
9.997839e-01 -2.354179e-03 2.065433e-02 1.060424e+01 2.450336e-03 9.999863e-01 -4.631430e-03 1.873760e+00 -2.064315e-02 4.681039e-03 9.997759e-01 -1.161167e+02
9.996882e-01 7.066411e-04 -2.495855e-02 1.071026e+01 -6.995212e-04 9.999997e-01 2.940219e-04 1.908575e+00 2.495875e-02 -2.764715e-04 9.996884e-01 -1.179937e+02
9.998124e-01 -2.183494e-03 1.924313e-02 1.088112e+01 2.284494e-03 9.999837e-01 -5.228160e-03 1.944411e+00 -1.923140e-02 5.271141e-03 9.998012e-01 -1.199864e+02
9.997138e-01 5.660626e-05 -2.392299e-02 1.096601e+01 -6.327574e-05 1.000000e+00 -2.780112e-04 1.986884e+00 2.392298e-02 2.794451e-04 9.997138e-01 -1.222222e+02
9.998306e-01 -1.809005e-03 1.831417e-02 1.098350e+01 1.896780e-03 9.999868e-01 -4.776453e-03 2.026688e+00 -1.830529e-02 4.810382e-03 9.998209e-01 -1.242021e+02
9.997042e-01 2.249259e-04 -2.432017e-02 1.102543e+01 -1.972598e-04 9.999993e-01 1.139995e-03 2.058578e+00 2.432041e-02 -1.134860e-03 9.997036e-01 -1.258286e+02
9.998499e-01 -1.454623e-03 1.726530e-02 1.117233e+01 1.524194e-03 9.999908e-01 -4.016996e-03 2.082689e+00 -1.725929e-02 4.042709e-03 9.998429e-01 -1.272936e+02
9.996762e-01 1.402433e-05 -2.544440e-02 1.129230e+01 1.396644e-05 9.999994e-01 1.099918e-03 2.107343e+00 2.544440e-02 -1.099918e-03 9.996756e-01 -1.287558e+02
9.998737e-01 -1.209759e-03 1.584620e-02 1.148997e+01 1.266752e-03 9.999928e-01 -3.587062e-03 2.124588e+00 -1.584175e-02 3.606683e-03 9.998680e-01 -1.300439e+02
9.996646e-01 3.929458e-05 -2.589606e-02 1.170768e+01 -3.457697e-06 9.999990e-01 1.383937e-03 2.140047e+00 2.589609e-02 -1.383384e-03 9.996637e-01 -1.312813e+02
9.998713e-01 -1.167866e-03 1.600161e-02 1.193601e+01 1.224108e-03 9.999931e-01 -3.505422e-03 2.154288e+00 -1.599740e-02 3.524559e-03 9.998658e-01 -1.324918e+02
9.996626e-01 -1.649940e-04 -2.597466e-02 1.218346e+01 1.943585e-04 9.999993e-01 1.128005e-03 2.171030e+00 2.597446e-02 -1.132673e-03 9.996620e-01 -1.338355e+02
