1.000000e+00 1.197624e-11 1.704639e-10 3.214096e-14 1.197625e-11 1.000000e+00 3.562503e-10 -1.998401e-15 1.704639e-10 3.562503e-10 1.000000e+00 -4.041212e-14 0.000000e+00 0.000000e+00 0.000000e+00 1.000000e+00
9.756334e-01 -3.258401e-02 2.169739e-01 -4.802141e-01 4.058459e-02 9.986468e-01 -3.251897e-02 2.999309e-02 -2.156207e-01 4.053239e-02 9.756356e-01 -4.728291e-01
8.139983e-01 -1.443806e-01 5.626375e-01 -1.103269e+00 2.246076e-01 9.715084e-01 -7.564952e-02 6.404661e-02 -5.356848e-01 1.879513e-01 8.232352e-01 -1.096083e+00
9.641512e-01 3.731644e-02 -2.627165e-01 -1.279779e+00 -3.364017e-02 9.992632e-01 1.847897e-02 7.939523e-02 2.632125e-01 -8.978689e-03 9.646961e-01 -1.756590e+00
9.821065e-01 -1.658810e-02 1.875945e-01 -1.250893e+00 2.443834e-02 9.989163e-01 -3.961166e-02 8.139690e-02 -1.867341e-01 4.348737e-02 9.814475e-01 -2.225606e+00
9.440497e-01 5.502046e-02 -3.251814e-01 -1.562172e+00 -2.250685e-02 9.944353e-01 1.029170e-01 8.878044e-02 3.290344e-01 -8.983998e-02 9.400347e-01 -1.766057e+00
9.965940e-01 3.377176e-02 -7.523202e-02 -1.502037e+00 -3.898017e-02 9.968635e-01 -6.887453e-02 8.697689e-02 7.267004e-02 7.157250e-02 9.947846e-01 -1.878873e+00
9.830338e-01 -6.847809e-02 1.701625e-01 -2.337170e+00 3.626011e-02 9.819402e-01 1.856842e-01 1.246969e-01 -1.798047e-01 -1.763637e-01 9.677635e-01 -1.550046e+00
9.494850e-01 -1.097280e-01 2.940035e-01 -3.596074e+00 2.150862e-01 9.097550e-01 -3.550827e-01 1.744009e-01 -2.285086e-01 4.003818e-01 8.873997e-01 -4.474499e-01
9.654393e-01 1.550337e-01 -2.095029e-01 -4.782616e+00 -7.099838e-02 9.298818e-01 3.609419e-01 2.206400e-01 2.507710e-01 -3.335931e-01 9.087516e-01 8.597976e-01
9.834023e-01 -1.688914e-02 -1.806506e-01 -5.529015e+00 -3.249451e-02 9.631662e-01 -2.669364e-01 2.396163e-01 1.785049e-01 2.683760e-01 9.466310e-01 2.414477e+00
9.754964e-01 4.923071e-02 -2.144368e-01 -6.057081e+00 6.032157e-02 8.774521e-01 4.758562e-01 2.217738e-01 2.115847e-01 -4.771312e-01 8.529817e-01 4.886604e+00
9.436156e-01 2.197718e-02 3.303130e-01 -6.413676e+00 1.355366e-01 8.846841e-01 -4.460537e-01 2.097414e-01 -3.020256e-01 4.656727e-01 8.318230e-01 6.363182e+00
9.257617e-01 1.821189e-01 -3.313577e-01 -6.416422e+00 3.800584e-02 8.271000e-01 5.607683e-01 1.913150e-01 3.761924e-01 -5.317314e-01 7.587760e-01 6.981912e+00
9.781473e-01 4.994079e-02 2.018259e-01 -6.554022e+00 3.326893e-02 9.206198e-01 -3.890402e-01 1.757640e-01 -2.052339e-01 3.872532e-01 8.988404e-01 8.014638e+00
7.486015e-01 1.792922e-01 -6.383182e-01 -7.015131e+00 1.856608e-01 8.675406e-01 4.614145e-01 1.917841e-01 6.364950e-01 -4.639263e-01 6.161547e-01 8.793913e+00
9.489850e-01 2.108295e-01 2.344749e-01 -7.226557e+00 -1.146081e-01 9.233707e-01 -3.664035e-01 1.890666e-01 -2.937559e-01 3.208387e-01 9.004277e-01 9.693877e+00
7.903643e-01 9.701218e-03 -6.125604e-01 -7.303662e+00 2.606811e-01 8.995165e-01 3.505931e-01 1.809535e-01 5.544093e-01 -4.367792e-01 7.084167e-01 1.026815e+01
9.354718e-01 2.986297e-01 1.889784e-01 -7.332713e+00 -2.264332e-01 9.170444e-01 -3.282645e-01 1.790839e-01 -2.713311e-01 2.642912e-01 9.254888e-01 1.040434e+01
7.808816e-01 -1.288138e-01 -6.112535e-01 -7.326979e+00 3.420079e-01 9.069849e-01 2.457825e-01 1.693443e-01 5.227375e-01 -4.009806e-01 7.523032e-01 1.082304e+01
8.768457e-01 3.810985e-01 2.930965e-01 -7.277014e+00 -2.886730e-01 9.048486e-01 -3.129167e-01 1.652184e-01 -3.844601e-01 1.897706e-01 9.034255e-01 1.076319e+01
6.269602e-01 -2.010536e-01 -7.526608e-01 -7.234189e+00 3.615272e-01 9.308830e-01 5.248813e-02 1.623305e-01 6.900862e-01 -3.050153e-01 6.563129e-01 1.076227e+01
8.248014e-01 3.255408e-01 4.623048e-01 -7.223789e+00 -3.292814e-01 9.412240e-01 -7.530766e-02 1.506374e-01 -4.596481e-01 -9.011449e-02 8.835174e-01 1.127492e+01
6.124369e-01 -1.459787e-01 -7.769242e-01 -7.218959e+00 2.458312e-01 9.692424e-01 1.167086e-02 1.286675e-01 7.513242e-01 -1.981399e-01 6.294860e-01 1.230976e+01
8.106786e-01 8.813112e-02 5.788205e-01 -7.293764e+00 -2.047884e-01 9.688426e-01 1.393046e-01 9.975761e-02 -5.485089e-01 -2.314669e-01 8.034681e-01 1.376535e+01
6.520718e-01 -1.033309e-01 -7.510826e-01 -7.391682e+00 -7.913836e-03 9.896870e-01 -1.430278e-01 8.519777e-02 7.581159e-01 9.920834e-02 6.445293e-01 1.469438e+01
6.780278e-01 -8.083420e-02 7.305779e-01 -7.417791e+00 -1.186183e-01 9.688737e-01 2.172864e-01 6.927545e-02 -7.254020e-01 -2.339862e-01 6.473349e-01 1.521372e+01
7.060697e-01 3.822723e-03 -7.081320e-01 -7.537286e+00 -7.239743e-02 9.951354e-01 -6.681453e-02 4.368745e-02 7.044318e-01 9.844265e-02 7.029117e-01 1.654317e+01
3.858444e-01 -1.407121e-01 9.117698e-01 -7.857574e+00 4.579924e-02 9.900029e-01 1.334043e-01 3.022901e-02 -9.214263e-01 -9.714930e-03 3.884316e-01 1.773244e+01
8.054031e-01 -4.876003e-02 -5.907185e-01 -8.151868e+00 -5.902085e-03 9.959014e-01 -9.025236e-02 3.341140e-02 5.926981e-01 7.617600e-02 8.018143e-01 1.775304e+01
7.274959e-01 1.187166e-02 6.860094e-01 -8.256473e+00 3.365207e-02 9.980295e-01 -5.295848e-02 4.097749e-02 -6.852863e-01 6.161271e-02 7.256628e-01 1.724679e+01
6.270856e-01 -2.536726e-02 -7.785372e-01 -8.118870e+00 4.074108e-03 9.995627e-01 -2.928743e-02 4.760965e-02 7.789397e-01 1.519388e-02 6.269148e-01 1.628978e+01
8.256476e-01 5.885901e-02 5.611076e-01 -8.031500e+00 -7.849459e-02 9.968546e-01 1.093372e-02 4.776592e-02 -5.586991e-01 -5.307131e-02 8.276707e-01 1.587720e+01
5.902448e-01 -4.716675e-02 -8.058451e-01 -7.898325e+00 -1.115633e-02 9.977195e-01 -6.656880e-02 4.525332e-02 8.071472e-01 4.828217e-02 5.883725e-01 1.553291e+01
8.202369e-01 1.091854e-02 5.719198e-01 -7.826427e+00 -8.293844e-02 9.915227e-01 1.000196e-01 4.141660e-02 -5.659794e-01 -1.294739e-01 8.141891e-01 1.540513e+01
4.762298e-01 6.366244e-02 -8.770133e-01 -7.770506e+00 -8.619946e-02 9.959518e-01 2.548875e-02 2.899773e-02 8.750856e-01 6.345957e-02 4.797896e-01 1.588178e+01
6.897762e-01 -3.640636e-02 7.231067e-01 -7.581032e+00 3.947507e-02 9.991405e-01 1.264835e-02 2.893738e-02 -7.229457e-01 1.982016e-02 6.906205e-01 1.527370e+01
5.276495e-01 1.866021e-02 -8.492572e-01 -7.400961e+00 -6.022424e-02 9.980647e-01 -1.548789e-02 2.758170e-02 8.473246e-01 5.931805e-02 5.277522e-01 1.467702e+01
6.970915e-01 -1.238232e-02 7.168752e-01 -7.237067e+00 6.770400e-04 9.998618e-01 1.661188e-02 2.745895e-02 -7.169818e-01 -1.109465e-02 6.970036e-01 1.408952e+01
6.160671e-01 -5.154677e-02 -7.860052e-01 -7.070570e+00 -1.303148e-02 9.970530e-01 -7.560144e-02 3.142249e-02 7.875859e-01 5.681837e-02 6.135798e-01 1.321742e+01
7.290600e-01 3.992091e-02 6.832846e-01 -6.867300e+00 -7.473066e-02 9.969722e-01 2.148900e-02 3.312989e-02 -6.803578e-01 -6.672907e-02 7.298359e-01 1.247851e+01
7.138923e-01 -1.474061e-01 -6.845650e-01 -6.750394e+00 7.639073e-02 9.881524e-01 -1.331136e-01 3.912869e-02 6.960763e-01 4.273438e-02 7.166949e-01 1.162686e+01
7.597003e-01 9.919725e-02 6.426627e-01 -6.594388e+00 -1.409808e-01 9.899153e-01 1.385841e-02 4.083917e-02 -6.348069e-01 -1.011313e-01 7.660239e-01 1.097461e+01
6.648550e-01 -1.747757e-01 -7.262378e-01 -6.432227e+00 1.051264e-01 9.844583e-01 -1.406779e-01 4.447736e-02 7.395379e-01 1.718363e-02 6.728955e-01 1.028992e+01
8.307018e-01 1.309732e-01 5.410919e-01 -6.302117e+00 -1.884926e-01 9.806970e-01 5.199869e-02 4.816445e-02 -5.238368e-01 -1.451872e-01 8.393543e-01 9.704001e+00
7.100955e-01 -2.053797e-01 -6.734861e-01 -6.184600e+00 8.577490e-02 9.746216e-01 -2.067736e-01 5.606618e-02 6.988612e-01 8.906082e-02 7.096909e-01 8.895079e+00
8.698170e-01 1.148554e-01 4.798193e-01 -6.082720e+00 -2.016254e-01 9.703592e-01 1.332297e-01 6.138819e-02 -4.502949e-01 -2.126292e-01 8.671928e-01 8.302014e+00
6.693204e-01 -1.828050e-01 -7.201337e-01 -5.926196e+00 -6.586793e-04 9.691120e-01 -2.466200e-01 6.781790e-02 7.429736e-01 1.655421e-01 6.485261e-01 7.570244e+00
8.326942e-01 2.073997e-02 5.533445e-01 -5.824511e+00 -1.477084e-01 9.714090e-01 1.858677e-01 7.703214e-02 -5.336690e-01 -2.365046e-01 8.119501e-01 6.763817e+00
7.416478e-01 -1.726058e-01 -6.482020e-01 -5.782425e+00 -2.310486e-02 9.591803e-01 -2.818500e-01 8.725931e-02 6.703915e-01 2.240100e-01 7.073859e-01 5.947873e+00
8.083535e-01 1.347170e-02 5.885432e-01 -5.736973e+00 -1.464619e-01 9.729060e-01 1.788931e-01 9.948007e-02 -5.701872e-01 -2.308080e-01 7.884251e-01 5.000658e+00
6.901450e-01 -1.644215e-01 -7.047449e-01 -5.615773e+00 -4.653746e-02 9.617476e-01 -2.699553e-01 1.057187e-01 7.221732e-01 2.191053e-01 6.560935e-01 4.263032e+00
8.380436e-01 -2.626267e-02 5.449708e-01 -5.524425e+00 -1.310004e-01 9.599369e-01 2.477097e-01 1.094263e-01 -5.296431e-01 -2.789829e-01 8.010285e-01 3.732295e+00
7.735504e-01 -1.526424e-01 -6.150773e-01 -5.460142e+00 -4.888706e-02 9.532945e-01 -2.980597e-01 1.149948e-01 6.318464e-01 2.606335e-01 7.299591e-01 3.149065e+00
8.448636e-01 -3.337330e-02 5.339398e-01 -5.383797e+00 -1.247995e-01 9.582214e-01 2.573653e-01 1.176889e-01 -5.202216e-01 -2.840740e-01 8.054014e-01 2.626009e+00
8.055431e-01 -1.392523e-01 -5.759419e-01 -5.255592e+00 -4.300387e-02 9.556902e-01 -2.912161e-01 1.178648e-01 5.909746e-01 2.593549e-01 7.638613e-01 2.163419e+00
8.337815e-01 -1.763063e-02 5.518130e-01 -5.051330e+00 -1.093142e-01 9.744304e-01 1.963056e-01 1.207798e-01 -5.411644e-01 -2.239970e-01 8.105347e-01 1.343698e+00
8.082570e-01 -1.980887e-01 -5.545102e-01 -4.823241e+00 1.297169e-02 9.474768e-01 -3.195613e-01 1.280423e-01 5.886870e-01 2.510947e-01 7.683743e-01 2.356227e-01
7.976569e-01 3.203058e-02 6.022603e-01 -4.659849e+00 -1.545182e-01 9.761126e-01 1.527364e-01 1.371369e-01 -5.829816e-01 -2.148914e-01 7.835522e-01 -9.562293e-01
7.625889e-01 -2.403193e-01 -6.005871e-01 -4.456404e+00 4.662680e-02 9.464371e-01 -3.195041e-01 1.449191e-01 6.452009e-01 2.156468e-01 7.329477e-01 -2.137718e+00
7.573752e-01 8.011195e-02 6.480470e-01 -4.412216e+00 -2.265494e-01 9.630377e-01 1.457179e-01 1.495724e-01 -6.124199e-01 -2.571777e-01 7.475302e-01 -2.877748e+00
6.971853e-01 -3.011413e-01 -6.505740e-01 -4.250268e+00 7.282206e-02 9.325487e-01 -3.536238e-01 1.534721e-01 7.131827e-01 1.991652e-01 6.720890e-01 -3.795392e+00
8.211946e-01 1.336102e-01 5.547863e-01 -3.944304e+00 -2.493882e-01 9.584754e-01 1.383130e-01 1.643231e-01 -5.132690e-01 -2.519390e-01 8.204156e-01 -5.287138e+00
6.443239e-01 -2.780954e-01 -7.123971e-01 -3.759657e+00 1.455727e-02 9.358304e-01 -3.521498e-01 1.800520e-01 7.646142e-01 2.165280e-01 6.070262e-01 -6.757113e+00
5.601762e-01 8.044577e-02 8.244581e-01 -3.656509e+00 -2.533542e-01 9.642191e-01 7.805813e-02 1.884435e-01 -7.886788e-01 -2.526062e-01 5.605139e-01 -7.896689e+00
6.220377e-01 -3.873566e-01 -6.804586e-01 -3.595986e+00 1.852165e-01 9.171843e-01 -3.528000e-01 2.022370e-01 7.607654e-01 9.342274e-02 6.422681e-01 -9.161398e+00
7.330443e-01 2.389412e-01 6.368305e-01 -3.605084e+00 -3.903065e-01 9.145472e-01 1.061333e-01 2.129652e-01 -5.570519e-01 -3.263595e-01 7.636639e-01 -9.884691e+00
6.622156e-01 -3.827096e-01 -6.442079e-01 -3.664892e+00 1.540246e-01 9.108956e-01 -3.828128e-01 2.211122e-01 7.333123e-01 1.542807e-01 6.621559e-01 -1.034795e+01
8.694264e-01 1.686656e-01 4.643810e-01 -3.714310e+00 -3.372625e-01 8.894726e-01 3.083708e-01 2.196383e-01 -3.610426e-01 -4.247240e-01 8.302155e-01 -1.027434e+01
7.028570e-01 -3.041808e-01 -6.430133e-01 -3.641034e+00 -2.704876e-02 8.918751e-01 -4.514722e-01 2.243738e-01 7.108167e-01 3.347131e-01 6.186330e-01 -1.075404e+01
7.759968e-01 3.182956e-03 6.307288e-01 -3.592553e+00 -2.684703e-01 9.065453e-01 3.257289e-01 2.294881e-01 -5.707474e-01 -4.220965e-01 7.043308e-01 -1.137923e+01
6.626028e-01 -2.757485e-01 -6.963622e-01 -3.532192e+00 -7.416259e-02 9.010335e-01 -4.273623e-01 2.314306e-01 7.452901e-01 3.348155e-01 5.765771e-01 -1.180153e+01
8.062892e-01 -1.698691e-02 5.912775e-01 -3.513621e+00 -2.333667e-01 9.093737e-01 3.443536e-01 2.375132e-01 -5.435417e-01 -4.156331e-01 7.292541e-01 -1.238628e+01
4.790190e-01 -1.708982e-01 -8.610079e-01 -3.519051e+00 -2.624604e-01 9.081105e-01 -3.262665e-01 2.427332e-01 8.376487e-01 3.822683e-01 3.901481e-01 -1.260619e+01
8.300935e-01 -2.884091e-01 4.772473e-01 -3.367428e+00 1.146517e-02 8.645047e-01 5.024940e-01 2.382265e-01 -5.575064e-01 -4.116453e-01 7.209264e-01 -1.261581e+01
5.413482e-01 6.632884e-02 -8.381782e-01 -3.153265e+00 -4.662592e-01 8.532437e-01 -2.336185e-01 2.353621e-01 6.996746e-01 5.172772e-01 4.928283e-01 -1.298985e+01
7.395159e-01 -4.333945e-01 5.150587e-01 -2.895160e+00 1.888709e-01 8.680167e-01 4.592110e-01 2.389382e-01 -6.460991e-01 -2.423143e-01 7.237678e-01 -1.384179e+01
4.064902e-01 2.331551e-01 -8.834050e-01 -2.684662e+00 -5.396535e-01 8.414786e-01 -2.622670e-02 2.348804e-01 7.372516e-01 4.873935e-01 4.678758e-01 -1.417369e+01
5.732479e-01 -5.389287e-01 6.172055e-01 -2.514849e+00 3.243498e-01 8.409788e-01 4.330725e-01 2.337371e-01 -7.524520e-01 -4.806741e-02 6.568908e-01 -1.464508e+01
2.435486e-01 4.162206e-01 -8.760391e-01 -2.402188e+00 -5.584297e-01 7.986764e-01 2.242147e-01 2.231099e-01 7.929945e-01 4.345991e-01 4.269465e-01 -1.444056e+01
6.209376e-01 -6.132350e-01 4.882410e-01 -2.347223e+00 5.433159e-01 7.856772e-01 2.958363e-01 2.127234e-01 -5.650170e-01 8.157321e-02 8.210369e-01 -1.398611e+01
1.522595e-01 6.062341e-01 -7.805749e-01 -2.146226e+00 -4.870494e-01 7.332503e-01 4.744753e-01 2.127260e-01 8.599999e-01 3.079352e-01 4.069103e-01 -1.435193e+01
5.805633e-01 -4.647836e-01 6.685225e-01 -2.017057e+00 6.367775e-01 7.708588e-01 -1.706320e-02 2.169693e-01 -5.074058e-01 4.356064e-01 7.434961e-01 -1.483632e+01
2.589226e-01 7.169968e-01 -6.472053e-01 -1.940442e+00 -2.213567e-01 6.962697e-01 6.827955e-01 2.101925e-01 9.401916e-01 -3.352797e-02 3.389920e-01 -1.459950e+01
6.481508e-01 -2.520287e-01 7.185973e-01 -1.834355e+00 6.127888e-01 7.328417e-01 -2.956906e-01 2.090122e-01 -4.520955e-01 6.320005e-01 6.294323e-01 -1.472646e+01
2.601741e-01 6.868504e-01 -6.786354e-01 -1.705262e+00 1.098972e-01 6.772082e-01 7.275381e-01 2.073302e-01 9.592873e-01 -2.638667e-01 1.007091e-01 -1.472138e+01
6.400529e-01 4.990653e-02 7.667083e-01 -1.544054e+00 5.020648e-01 7.282055e-01 -4.665272e-01 1.997229e-01 -5.816039e-01 6.835394e-01 4.410337e-01 -1.470696e+01
4.245605e-01 5.798812e-01 -6.953317e-01 -1.552786e+00 2.212245e-01 6.782653e-01 7.007252e-01 1.945299e-01 8.779568e-01 -4.513246e-01 1.596807e-01 -1.450667e+01
7.397364e-01 1.964023e-01 6.435964e-01 -1.574445e+00 3.265202e-01 7.315343e-01 -5.985333e-01 1.906658e-01 -5.883661e-01 6.529041e-01 4.770132e-01 -1.426429e+01
5.113130e-01 4.541528e-01 -7.295918e-01 -1.457660e+00 3.513483e-01 6.642998e-01 6.597424e-01 1.710078e-01 7.842916e-01 -5.936758e-01 1.800993e-01 -1.370837e+01
7.777465e-01 1.447106e-01 6.116937e-01 -1.331284e+00 1.630992e-01 8.933499e-01 -4.187178e-01 1.250826e-01 -6.070494e-01 4.254231e-01 6.711976e-01 -1.188312e+01
5.215342e-01 3.893954e-01 -7.591925e-01 -1.228418e+00 2.599746e-01 7.749545e-01 5.760718e-01 9.255308e-02 8.126594e-01 -4.978119e-01 3.029324e-01 -1.066759e+01
8.211615e-01 1.704890e-01 5.446350e-01 -1.135437e+00 1.145126e-01 8.857027e-01 -4.499084e-01 7.026998e-02 -5.590891e-01 4.318150e-01 7.077819e-01 -9.853924e+00
5.187664e-01 3.288398e-01 -7.891424e-01 -1.060634e+00 3.104186e-01 7.876128e-01 5.322653e-01 4.561847e-02 7.965687e-01 -5.210859e-01 3.065091e-01 -8.877156e+00
8.182306e-01 2.571413e-01 5.141761e-01 -1.003782e+00 2.468631e-02 8.778494e-01 -4.783001e-01 3.226164e-02 -5.743599e-01 4.040529e-01 7.119354e-01 -8.356490e+00
5.784396e-01 6.472185e-02 -8.131535e-01 -9.409792e-01 3.391982e-01 8.874937e-01 3.119287e-01 3.252806e-02 7.418573e-01 -4.562521e-01 4.914080e-01 -8.611860e+00
7.658069e-01 3.453403e-01 5.424756e-01 -8.744166e-01 -1.000066e-01 8.972632e-01 -4.300202e-01 3.134964e-02 -6.352467e-01 2.750613e-01 7.216667e-01 -8.798346e+00
5.147827e-01 -6.411575e-02 -8.549198e-01 -8.295859e-01 3.871462e-01 9.071187e-01 1.650863e-01 3.349762e-02 7.649291e-01 -4.159625e-01 4.917912e-01 -9.080352e+00
6.139861e-01 3.972051e-01 6.820918e-01 -7.092082e-01 -1.172678e-01 9.004682e-01 -4.188142e-01 3.485744e-02 -7.805571e-01 1.771586e-01 5.994543e-01 -9.615433e+00
5.078089e-01 -1.294222e-01 -8.516925e-01 -6.251307e-01 4.152302e-01 9.029980e-01 1.103563e-01 3.618050e-02 7.547940e-01 -4.096883e-01 5.122904e-01 -1.009891e+01
7.432213e-01 4.288051e-01 5.135643e-01 -5.438938e-01 -3.162213e-01 9.015986e-01 -2.951679e-01 3.814414e-02 -5.895983e-01 5.697511e-02 8.056846e-01 -1.038982e+01
5.085532e-01 -3.166942e-01 -8.006737e-01 -3.473888e-01 3.973616e-01 9.112781e-01 -1.080552e-01 4.302867e-02 7.638569e-01 -2.632052e-01 5.892756e-01 -1.118256e+01
7.621440e-01 4.200131e-01 4.926719e-01 -1.775233e-01 -4.154084e-01 9.009427e-01 -1.254521e-01 4.751257e-02 -4.965606e-01 -1.090475e-01 8.611249e-01 -1.185126e+01
5.077603e-01 -4.047243e-01 -7.605115e-01 -3.699622e-02 3.143648e-01 9.089504e-01 -2.738319e-01 5.207025e-02 8.020937e-01 -1.000370e-01 5.887600e-01 -1.245760e+01
7.795145e-01 3.246567e-01 5.356819e-01 9.669013e-02 -4.500814e-01 8.850857e-01 1.185330e-01 5.204335e-02 -4.356418e-01 -3.334986e-01 8.360591e-01 -1.271491e+01
6.996607e-01 -4.547901e-01 -5.510361e-01 2.748230e-01 2.461772e-01 8.774709e-01 -4.116328e-01 5.487634e-02 6.707247e-01 1.523508e-01 7.258909e-01 -1.342854e+01
8.252009e-01 2.787859e-01 4.912453e-01 4.602517e-01 -4.295958e-01 8.744413e-01 2.253883e-01 5.779083e-02 -3.667301e-01 -3.970275e-01 8.413550e-01 -1.413904e+01
6.103711e-01 -3.732231e-01 -6.986785e-01 5.021974e-01 4.144437e-02 8.958800e-01 -4.423589e-01 6.140144e-02 7.910307e-01 2.410468e-01 5.622872e-01 -1.439120e+01
8.148784e-01 7.170158e-02 5.751801e-01 4.539080e-01 -3.140568e-01 8.886551e-01 3.341564e-01 7.114011e-02 -4.871772e-01 -4.529360e-01 7.466642e-01 -1.480607e+01
8.067523e-01 -3.668590e-01 -4.632119e-01 4.566126e-01 9.858727e-02 8.565038e-01 -5.066378e-01 8.180227e-02 5.826074e-01 3.630644e-01 7.271540e-01 -1.563729e+01
7.929102e-01 1.249876e-01 5.963821e-01 4.704456e-01 -3.495999e-01 8.949379e-01 2.772471e-01 9.556399e-02 -4.990725e-01 -4.283272e-01 7.533010e-01 -1.671034e+01
7.710267e-01 -3.961636e-01 -4.985702e-01 5.398265e-01 1.261911e-01 8.624532e-01 -4.901534e-01 1.034942e-01 6.241744e-01 3.150062e-01 7.149668e-01 -1.754931e+01
7.581371e-01 1.497855e-01 6.346593e-01 6.473395e-01 -3.760179e-01 8.955761e-01 2.378108e-01 1.088516e-01 -5.327651e-01 -4.189365e-01 7.352915e-01 -1.838742e+01
7.687269e-01 -4.539303e-01 -4.505621e-01 6.769745e-01 1.879860e-01 8.337136e-01 -5.192137e-01 1.270035e-01 6.113266e-01 3.144342e-01 7.262306e-01 -1.978439e+01
8.034699e-01 2.299795e-01 5.491316e-01 6.843728e-01 -4.161888e-01 8.765218e-01 2.418603e-01 1.479903e-01 -4.257029e-01 -4.228699e-01 7.999738e-01 -2.115201e+01
8.017513e-01 -4.939359e-01 -3.364852e-01 6.881395e-01 2.861078e-01 8.115040e-01 -5.095132e-01 1.676988e-01 5.247259e-01 3.122318e-01 7.919432e-01 -2.250206e+01
7.816181e-01 3.214899e-01 5.345254e-01 7.116251e-01 -4.756402e-01 8.615836e-01 1.773136e-01 1.864931e-01 -4.035338e-01 -3.928333e-01 8.263429e-01 -2.390078e+01
7.877303e-01 -5.608507e-01 -2.548088e-01 7.384528e-01 4.038971e-01 7.825456e-01 -4.738033e-01 2.077650e-01 4.651324e-01 2.703127e-01 8.429608e-01 -2.541414e+01
7.556198e-01 4.341948e-01 4.904218e-01 7.569112e-01 -5.404863e-01 8.362671e-01 9.236822e-02 2.291021e-01 -3.700178e-01 -3.348616e-01 8.665763e-01 -2.695020e+01
7.541625e-01 -6.261154e-01 -1.980366e-01 7.602305e-01 5.177188e-01 7.524075e-01 -4.072470e-01 2.539096e-01 4.039879e-01 2.046031e-01 8.915892e-01 -2.862312e+01
7.275527e-01 5.405802e-01 4.224217e-01 7.730393e-01 -5.919162e-01 8.059122e-01 -1.186011e-02 2.778182e-01 -3.468462e-01 -2.414094e-01 9.063218e-01 -3.031794e+01
7.241407e-01 -6.786988e-01 -1.224261e-01 7.861390e-01 6.363146e-01 7.259777e-01 -2.608834e-01 3.000806e-01 2.659398e-01 1.110148e-01 9.575760e-01 -3.189688e+01
7.132877e-01 6.374802e-01 2.912724e-01 8.055571e-01 -6.285685e-01 7.656830e-01 -1.364961e-01 3.235392e-01 -3.100359e-01 -8.572374e-02 9.468523e-01 -3.360752e+01
6.979140e-01 -7.141675e-01 5.367428e-02 9.042777e-01 7.154767e-01 6.985905e-01 -8.022318e-03 3.433657e-01 -3.176706e-02 4.400158e-02 9.985263e-01 -3.537859e+01
7.404763e-01 6.605089e-01 1.241885e-01 9.572019e-01 -6.115644e-01 7.388271e-01 -2.830610e-01 3.556091e-01 -2.787181e-01 1.336507e-01 9.510277e-01 -3.665210e+01
7.498223e-01 -6.584556e-01 -6.482932e-02 1.089667e+00 6.576507e-01 7.309732e-01 1.821366e-01 3.584811e-01 -7.254036e-02 -1.792051e-01 9.811337e-01 -3.768883e+01
7.972515e-01 6.012127e-01 -5.416035e-02 1.102450e+00 -5.686878e-01 7.179605e-01 -4.014062e-01 3.834449e-01 -2.024455e-01 3.508220e-01 9.142974e-01 -3.943532e+01
7.626446e-01 -6.342825e-01 1.267240e-01 1.223827e+00 5.493998e-01 7.386276e-01 3.906266e-01 3.998553e-01 -3.413695e-01 -2.282871e-01 9.117850e-01 -4.102758e+01
8.708491e-01 4.321002e-01 -2.343315e-01 1.265774e+00 -4.892027e-01 7.153308e-01 -4.989816e-01 4.229451e-01 -4.798552e-02 5.491733e-01 8.343297e-01 -4.280215e+01
7.887632e-01 -5.346096e-01 3.033896e-01 1.415930e+00 3.288097e-01 7.839606e-01 5.265833e-01 4.391093e-01 -5.193619e-01 -3.155921e-01 7.941441e-01 -4.448489e+01
8.711813e-01 1.964545e-01 -4.499431e-01 1.393659e+00 -4.308837e-01 7.452269e-01 -5.088969e-01 4.669240e-01 2.353347e-01 6.372146e-01 7.338768e-01 -4.626339e+01
8.088852e-01 -4.269160e-01 4.042864e-01 1.386509e+00 1.709407e-01 8.286531e-01 5.330227e-01 4.935127e-01 -5.625691e-01 -3.620452e-01 7.432626e-01 -4.799221e+01
8.661477e-01 4.013952e-02 -4.981736e-01 1.379419e+00 -3.422320e-01 7.740535e-01 -5.326522e-01 5.216780e-01 3.642327e-01 6.318465e-01 6.841817e-01 -4.981519e+01
7.955981e-01 -3.115268e-01 5.195909e-01 1.424810e+00 1.303949e-02 8.662656e-01 4.994135e-01 5.459094e-01 -6.056844e-01 -3.905573e-01 6.932614e-01 -5.157231e+01
9.483641e-01 -1.595242e-01 -2.741488e-01 1.554220e+00 -4.580495e-02 7.863819e-01 -6.160401e-01 5.644391e-01 3.138589e-01 5.967877e-01 7.384693e-01 -5.330184e+01
6.904516e-01 -2.019049e-02 7.230968e-01 1.787052e+00 -3.049279e-01 8.983362e-01 3.162451e-01 5.768526e-01 -6.559692e-01 -4.388444e-01 6.141010e-01 -5.501160e+01
8.144348e-01 -4.575651e-01 -3.568335e-01 1.863295e+00 2.076685e-01 8.040753e-01 -5.570787e-01 5.954227e-01 5.418208e-01 3.796011e-01 7.498888e-01 -5.662887e+01
6.977258e-01 2.544929e-01 6.696358e-01 1.866938e+00 -4.555685e-01 8.790260e-01 1.406078e-01 6.182610e-01 -5.528437e-01 -4.031707e-01 7.292580e-01 -5.828924e+01
7.308492e-01 -5.831837e-01 -3.546212e-01 1.809909e+00 3.728574e-01 7.763172e-01 -5.082410e-01 6.490373e-01 5.716965e-01 2.392244e-01 7.848152e-01 -6.021841e+01
5.080308e-01 4.652307e-01 7.248897e-01 1.878446e+00 -5.180291e-01 8.373985e-01 -1.743835e-01 6.764406e-01 -6.881501e-01 -2.869218e-01 6.664273e-01 -6.236793e+01
6.498569e-01 -6.983910e-01 -2.998935e-01 1.955022e+00 6.580514e-01 7.144352e-01 -2.378039e-01 7.015580e-01 3.803346e-01 -4.280680e-02 9.238578e-01 -6.443952e+01
6.168158e-01 6.679131e-01 4.164496e-01 1.945393e+00 -6.033091e-01 7.409986e-01 -2.948545e-01 7.236872e-01 -5.055257e-01 -6.937697e-02 8.600178e-01 -6.595912e+01
6.405652e-01 -7.026783e-01 -3.097088e-01 1.914851e+00 7.221665e-01 6.883565e-01 -6.812365e-02 7.466745e-01 2.610591e-01 -1.800237e-01 9.483879e-01 -6.755655e+01
6.598899e-01 7.155654e-01 2.291538e-01 1.860439e+00 -6.233795e-01 6.916650e-01 -3.646883e-01 7.742277e-01 -4.194560e-01 9.780437e-02 9.024916e-01 -6.922462e+01
7.514879e-01 -5.879783e-01 -2.992448e-01 1.646918e+00 6.596824e-01 6.633339e-01 3.532806e-01 7.719409e-01 -9.222111e-03 -4.628927e-01 8.863664e-01 -6.913279e+01
7.529267e-01 6.561709e-01 5.041020e-02 1.530149e+00 -6.107376e-01 7.252166e-01 -3.179001e-01 7.466968e-01 -2.451551e-01 2.085680e-01 9.467832e-01 -6.781341e+01
7.543669e-01 -6.451880e-01 -1.210913e-01 1.456468e+00 6.331847e-01 6.664646e-01 3.935761e-01 7.315315e-01 -1.732275e-01 -3.735739e-01 9.112819e-01 -6.724063e+01
7.794119e-01 6.052738e-01 -1.617428e-01 1.430526e+00 -6.081438e-01 6.688605e-01 -4.275356e-01 7.291187e-01 -1.505927e-01 4.315893e-01 8.894113e-01 -6.731797e+01
7.531276e-01 -6.577929e-01 1.035833e-02 1.359625e+00 5.909020e-01 6.832959e-01 4.288842e-01 7.475752e-01 -2.891947e-01 -3.168838e-01 9.033001e-01 -6.848876e+01
8.496676e-01 4.910926e-01 -1.920757e-01 1.339088e+00 -5.078468e-01 6.640074e-01 -5.488040e-01 7.706613e-01 -1.419739e-01 5.638460e-01 8.135854e-01 -7.005081e+01
8.250346e-01 -5.581466e-01 8.826241e-02 1.320770e+00 4.070105e-01 6.953034e-01 5.923645e-01 7.836534e-01 -3.919954e-01 -4.527975e-01 8.008208e-01 -7.109734e+01
8.867979e-01 4.091390e-01 -2.149297e-01 1.258560e+00 -4.599367e-01 7.357561e-01 -4.971129e-01 7.756876e-01 -4.525241e-02 5.396927e-01 8.406450e-01 -7.099511e+01
8.752283e-01 -4.836018e-01 1.023485e-02 1.212682e+00 3.977577e-01 7.315848e-01 5.536898e-01 7.683772e-01 -2.752531e-01 -4.805340e-01 8.326601e-01 -7.083849e+01
8.165990e-01 4.552766e-01 -3.548089e-01 1.273816e+00 -5.616734e-01 7.684087e-01 -3.067101e-01 7.513847e-01 1.330003e-01 4.497459e-01 8.831985e-01 -7.030193e+01
7.482084e-01 -5.833301e-01 3.160859e-01 1.280331e+00 4.072088e-01 7.798841e-01 4.753544e-01 7.559330e-01 -5.237989e-01 -2.269512e-01 8.210529e-01 -7.099363e+01
7.930151e-01 4.381204e-01 -4.232937e-01 1.225559e+00 -5.670271e-01 7.848649e-01 -2.499346e-01 7.518222e-01 2.227270e-01 4.382210e-01 8.708359e-01 -7.105195e+01
7.818269e-01 -6.092677e-01 1.324371e-01 1.191415e+00 4.452944e-01 6.943085e-01 5.653748e-01 7.276215e-01 -4.364168e-01 -3.830517e-01 8.141325e-01 -7.007977e+01
8.349184e-01 3.945019e-01 -3.837701e-01 1.167400e+00 -5.468579e-01 6.733267e-01 -4.975717e-01 7.310130e-01 6.210967e-02 6.252994e-01 7.779094e-01 -7.067122e+01
8.333210e-01 -5.527257e-01 -8.396213e-03 1.171516e+00 4.747434e-01 7.078043e-01 5.230983e-01 7.467254e-01 -2.831870e-01 -4.398948e-01 8.522310e-01 -7.171539e+01
8.518910e-01 4.218685e-01 -3.103363e-01 1.170438e+00 -5.236923e-01 6.801861e-01 -5.129262e-01 7.620644e-01 -5.300944e-03 5.994779e-01 8.003737e-01 -7.283277e+01
8.094339e-01 -5.587124e-01 1.807132e-01 1.161823e+00 3.631747e-01 7.181481e-01 5.936055e-01 7.735522e-01 -4.614336e-01 -4.148539e-01 7.842036e-01 -7.384037e+01
9.007467e-01 2.527784e-01 -3.532117e-01 1.178185e+00 -4.256304e-01 6.757750e-01 -6.018031e-01 7.923961e-01 8.656883e-02 6.924098e-01 7.162922e-01 -7.530508e+01
8.377943e-01 -4.490113e-01 3.106276e-01 1.197510e+00 2.005735e-01 7.822570e-01 5.897832e-01 8.188838e-01 -5.078099e-01 -4.318133e-01 7.454303e-01 -7.718100e+01
8.720534e-01 7.079876e-02 -4.842628e-01 1.173703e+00 -3.777343e-01 7.265257e-01 -5.740011e-01 8.480072e-01 3.111908e-01 6.834823e-01 6.603123e-01 -7.893509e+01
8.041869e-01 -3.678116e-01 4.669025e-01 1.178157e+00 1.659621e-02 7.991224e-01 6.009392e-01 8.640264e-01 -5.941447e-01 -4.755187e-01 6.487481e-01 -8.024039e+01
8.968159e-01 -9.298885e-02 -4.325208e-01 1.233138e+00 -2.270394e-01 7.423606e-01 -6.303600e-01 8.763456e-01 3.797029e-01 6.635162e-01 6.446487e-01 -8.154600e+01
8.359756e-01 -2.059705e-01 5.086463e-01 1.216862e+00 -1.175283e-01 8.381836e-01 5.325742e-01 8.997106e-01 -5.360335e-01 -5.049994e-01 6.764937e-01 -8.309527e+01
8.813749e-01 -2.234616e-01 -4.162250e-01 1.196991e+00 -1.073580e-01 7.632584e-01 -6.371113e-01 9.234542e-01 4.600572e-01 6.062190e-01 6.487264e-01 -8.467811e+01
7.909083e-01 -8.142332e-02 6.064935e-01 1.179328e+00 -2.557906e-01 8.563783e-01 4.485391e-01 9.460560e-01 -5.559094e-01 -5.098887e-01 6.564893e-01 -8.621425e+01
8.631332e-01 -3.879930e-01 -3.232067e-01 1.176675e+00 9.215570e-02 7.503217e-01 -6.546180e-01 9.716490e-01 4.964962e-01 5.352372e-01 6.833833e-01 -8.804713e+01
8.055790e-01 1.866387e-01 5.623242e-01 1.383877e+00 -4.119195e-01 8.586132e-01 3.051322e-01 9.987898e-01 -4.258695e-01 -4.774404e-01 7.685609e-01 -9.037214e+01
7.974005e-01 -5.482742e-01 -2.520868e-01 1.529692e+00 2.845815e-01 7.100356e-01 -6.440985e-01 1.029167e+00 5.321332e-01 4.418652e-01 7.222114e-01 -9.263802e+01
7.171029e-01 3.324711e-01 6.125573e-01 1.539937e+00 -5.443808e-01 8.160018e-01 1.943982e-01 1.059051e+00 -4.352161e-01 -4.728679e-01 7.661481e-01 -9.457911e+01
7.479214e-01 -6.228310e-01 -2.295541e-01 1.598038e+00 4.799288e-01 7.463004e-01 -4.611986e-01 1.068079e+00 4.585651e-01 2.347707e-01 8.570886e-01 -9.546860e+01
7.030353e-01 4.837231e-01 5.212996e-01 1.754745e+00 -6.144685e-01 7.822072e-01 1.028608e-01 1.065260e+00 -3.580082e-01 -3.926369e-01 8.471519e-01 -9.609634e+01
7.148425e-01 -6.735071e-01 -1.881181e-01 1.891895e+00 5.878380e-01 7.244659e-01 -3.599939e-01 1.073216e+00 3.787436e-01 1.467560e-01 9.137921e-01 -9.707165e+01
7.015424e-01 5.917236e-01 3.971164e-01 1.893723e+00 -6.459544e-01 7.633671e-01 3.681867e-03 1.088622e+00 -3.009670e-01 -2.591021e-01 9.177609e-01 -9.820728e+01
7.025189e-01 -7.039129e-01 -1.047561e-01 1.890277e+00 6.725204e-01 7.047918e-01 -2.257984e-01 1.102366e+00 2.327737e-01 8.817702e-02 9.685253e-01 -9.932755e+01
6.814779e-01 6.593116e-01 3.176415e-01 1.901641e+00 -6.391276e-01 7.476054e-01 -1.805606e-01 1.115007e+00 -3.565162e-01 -7.996537e-02 9.308607e-01 -1.005539e+02
5.990359e-01 -5.317151e-01 -5.986944e-01 1.899049e+00 5.619929e-01 8.117842e-01 -1.586519e-01 1.108190e+00 5.703683e-01 -2.414238e-01 7.851080e-01 -1.003364e+02
7.956970e-01 5.819680e-01 1.678677e-01 1.853105e+00 -6.025927e-01 7.325968e-01 3.165185e-01 1.099337e+00 6.122426e-02 -3.530086e-01 9.336147e-01 -9.945626e+01
7.839695e-01 -6.000162e-01 1.592871e-01 1.993988e+00 6.070700e-01 6.873029e-01 -3.988492e-01 1.106308e+00 1.298375e-01 4.093841e-01 9.030763e-01 -1.006016e+02
7.976226e-01 6.025986e-01 2.594603e-02 2.072373e+00 -5.891486e-01 7.691594e-01 2.475839e-01 1.138893e+00 1.292371e-01 -2.127646e-01 9.685190e-01 -1.028468e+02
7.894553e-01 -5.804354e-01 1.996375e-01 2.410304e+00 6.060162e-01 6.853967e-01 -4.037024e-01 1.161574e+00 9.749226e-02 4.396886e-01 8.928433e-01 -1.049978e+02
7.764365e-01 6.177600e-01 -1.245754e-01 2.823926e+00 -5.407448e-01 7.545991e-01 3.717194e-01 1.181865e+00 3.236379e-01 -2.212530e-01 9.199487e-01 -1.072364e+02
7.782584e-01 -5.390969e-01 3.220068e-01 3.357062e+00 6.263607e-01 7.028521e-01 -3.371515e-01 1.180071e+00 -4.456588e-02 4.640834e-01 8.846697e-01 -1.083521e+02
7.390427e-01 6.453275e-01 -1.933089e-01 3.763274e+00 -4.970920e-01 7.160726e-01 4.900403e-01 1.167068e+00 4.546596e-01 -2.660684e-01 8.499954e-01 -1.088711e+02
5.774364e-01 -4.467333e-01 6.833715e-01 3.862208e+00 7.529011e-01 6.150959e-01 -2.340874e-01 1.186620e+00 -3.157644e-01 6.496817e-01 6.915248e-01 -1.105581e+02
7.120598e-01 6.434630e-01 -2.809380e-01 3.885688e+00 -5.299443e-01 7.550249e-01 3.861301e-01 1.212361e+00 4.605757e-01 -1.260662e-01 8.786224e-01 -1.124517e+02
5.913078e-01 -4.579108e-01 6.638319e-01 3.959614e+00 7.088797e-01 6.876057e-01 -1.571240e-01 1.240106e+00 -3.845058e-01 5.634856e-01 7.311903e-01 -1.144752e+02
5.591809e-01 6.680473e-01 -4.909477e-01 4.795023e+00 -4.182311e-01 7.386182e-01 5.287021e-01 1.233749e+00 7.158209e-01 -9.031054e-02 6.924193e-01 -1.158245e+02
8.538540e-01 -2.685589e-01 4.458806e-01 5.851616e+00 4.614477e-01 7.868957e-01 -4.097087e-01 1.216194e+00 -2.408306e-01 5.555820e-01 7.958199e-01 -1.173252e+02
8.489453e-01 3.485499e-01 -3.972466e-01 6.159214e+00 -1.835747e-01 8.993610e-01 3.967997e-01 1.240084e+00 4.955726e-01 -2.639369e-01 8.274933e-01 -1.194482e+02
7.777347e-01 -1.332966e-01 6.142969e-01 6.139916e+00 4.311296e-01 8.242935e-01 -3.669707e-01 1.268894e+00 -4.574450e-01 5.502474e-01 6.985498e-01 -1.213230e+02
8.540114e-01 3.219225e-01 -4.086935e-01 6.150206e+00 -1.496911e-01 9.043930e-01 3.995822e-01 1.290906e+00 4.982540e-01 -2.800700e-01 8.205509e-01 -1.229043e+02
7.359646e-01 -1.154057e-01 6.671114e-01 6.216129e+00 4.277160e-01 8.430737e-01 -3.260150e-01 1.303591e+00 -5.248001e-01 5.252697e-01 6.698333e-01 -1.242283e+02
8.656834e-01 3.138591e-01 -3.899804e-01 6.238984e+00 -1.568982e-01 9.099006e-01 3.840102e-01 1.317978e+00 4.753685e-01 -2.712441e-01 8.369298e-01 -1.254342e+02
6.485721e-01 -1.708138e-01 7.417391e-01 6.336647e+00 4.575076e-01 8.662961e-01 -2.005440e-01 1.315167e+00 -6.083100e-01 4.694185e-01 6.400041e-01 -1.260171e+02
7.326666e-01 4.164077e-01 -5.383347e-01 6.415223e+00 -1.965331e-01 8.867352e-01 4.184202e-01 1.310774e+00 6.515937e-01 -2.007619e-01 7.315192e-01 -1.263969e+02
5.817335e-01 -2.236849e-01 7.820174e-01 6.660734e+00 4.776942e-01 8.721209e-01 -1.058934e-01 1.293775e+00 -6.583270e-01 4.351669e-01 6.141949e-01 -1.265973e+02
7.449857e-01 3.769171e-01 -5.503906e-01 6.789592e+00 -2.667776e-01 9.245619e-01 2.720571e-01 1.297242e+00 6.114131e-01 -5.584677e-02 7.893384e-01 -1.276698e+02
5.625641e-01 -1.931426e-01 8.038766e-01 6.811155e+00 4.587111e-01 8.818582e-01 -1.091337e-01 1.319245e+00 -6.878268e-01 4.301419e-01 5.846984e-01 -1.293275e+02
7.184012e-01 2.981728e-01 -6.284844e-01 6.796722e+00 -1.922349e-01 9.533898e-01 2.325803e-01 1.345457e+00 6.685397e-01 -4.626931e-02 7.422357e-01 -1.310890e+02
5.071983e-01 -1.097578e-01 8.548117e-01 6.814359e+00 3.912319e-01 9.130919e-01 -1.148945e-01 1.367846e+00 -7.679111e-01 3.927039e-01 5.060594e-01 -1.327675e+02
7.325654e-01 2.018389e-01 -6.500839e-01 6.846693e+00 -1.233466e-01 9.785783e-01 1.648338e-01 1.393969e+00 6.694278e-01 -4.056590e-02 7.417687e-01 -1.347552e+02
6.692197e-01 1.195400e-02 7.429685e-01 6.876212e+00 2.458869e-01 9.399779e-01 -2.366033e-01 1.430563e+00 -7.012023e-01 3.410258e-01 6.261124e-01 -1.371830e+02
7.111022e-01 5.352289e-02 -7.010485e-01 7.031415e+00 4.537600e-02 9.915259e-01 1.217267e-01 1.457848e+00 7.016229e-01 -1.183709e-01 7.026476e-01 -1.393266e+02
5.828530e-01 1.264755e-01 8.026745e-01 7.009198e+00 1.526814e-01 9.531724e-01 -2.610569e-01 1.484412e+00 -7.981045e-01 2.747113e-01 5.362489e-01 -1.410491e+02
7.545473e-01 -1.214523e-02 -6.561333e-01 7.020274e+00 1.487660e-01 9.769652e-01 1.529957e-01 1.506276e+00 6.391612e-01 -2.130528e-01 7.389732e-01 -1.426207e+02
6.169477e-01 2.090868e-01 7.587214e-01 7.042491e+00 1.104232e-01 9.315287e-01 -3.464983e-01 1.525698e+00 -7.792190e-01 2.975518e-01 5.516165e-01 -1.441245e+02
7.995061e-01 -2.418671e-02 -6.001709e-01 7.144875e+00 2.163229e-01 9.437348e-01 2.501381e-01 1.538545e+00 5.603521e-01 -3.298176e-01 7.597538e-01 -1.452717e+02
6.428282e-01 1.916769e-01 7.416413e-01 7.407476e+00 1.547908e-01 9.157093e-01 -3.708319e-01 1.533666e+00 -7.502078e-01 3.531805e-01 5.589739e-01 -1.458360e+02
7.548573e-01 1.375063e-01 -6.413131e-01 7.308823e+00 1.509781e-01 9.150912e-01 3.739168e-01 1.537976e+00 6.382758e-01 -3.790780e-01 6.700028e-01 -1.460987e+02
7.131206e-01 1.292471e-01 6.890241e-01 6.967323e+00 2.066081e-01 9.004567e-01 -3.827412e-01 1.557641e+00 -6.699046e-01 4.152986e-01 6.154307e-01 -1.463170e+02
8.850493e-01 6.181835e-02 -4.613743e-01 6.210890e+00 1.205930e-01 9.268567e-01 3.555194e-01 1.613543e+00 4.496055e-01 -3.702907e-01 8.128590e-01 -1.472228e+02
7.701435e-01 8.972351e-02 6.315289e-01 5.678760e+00 3.160244e-01 8.063378e-01 -4.999479e-01 1.660387e+00 -5.540827e-01 5.846101e-01 5.926410e-01 -1.484562e+02
9.103769e-01 1.626654e-01 -3.804653e-01 5.636481e+00 2.695555e-02 8.942194e-01 4.468167e-01 1.687540e+00 4.129011e-01 -4.170272e-01 8.096919e-01 -1.502360e+02
7.876253e-01 1.380874e-01 6.004817e-01 6.106254e+00 2.809068e-01 7.869160e-01 -5.494130e-01 1.704419e+00 -5.483956e-01 6.014109e-01 5.810053e-01 -1.526322e+02
8.057314e-01 6.450083e-02 -5.887584e-01 6.533063e+00 1.954374e-01 9.094216e-01 3.670920e-01 1.730517e+00 5.591074e-01 -4.108430e-01 7.201437e-01 -1.552306e+02
7.479413e-01 2.545060e-01 6.130339e-01 6.483278e+00 1.780315e-01 8.128113e-01 -5.546553e-01 1.762747e+00 -6.394440e-01 5.239890e-01 5.626250e-01 -1.571817e+02
8.540815e-01 2.222610e-02 -5.196642e-01 6.422198e+00 2.319322e-01 8.779895e-01 4.187383e-01 1.792500e+00 4.655666e-01 -4.781635e-01 7.447197e-01 -1.590161e+02
7.747099e-01 2.601799e-01 5.763081e-01 6.356835e+00 1.837841e-01 7.794245e-01 -5.989331e-01 1.821331e+00 -6.050190e-01 5.699156e-01 5.560109e-01 -1.607792e+02
8.477187e-01 2.046041e-02 -5.300513e-01 6.274879e+00 2.347772e-01 8.815778e-01 4.095122e-01 1.861494e+00 4.756603e-01 -4.715951e-01 7.425263e-01 -1.632492e+02
8.131659e-01 2.842791e-01 5.078844e-01 6.215692e+00 1.434784e-01 7.477689e-01 -6.482712e-01 1.905229e+00 -5.640702e-01 6.000225e-01 5.672723e-01 -1.657043e+02
9.057073e-01 1.747414e-02 -4.235433e-01 6.183171e+00 2.327756e-01 8.145290e-01 5.313737e-01 1.928343e+00 3.542736e-01 -5.798596e-01 7.336573e-01 -1.672338e+02
8.631578e-01 2.619047e-01 4.316996e-01 6.170385e+00 1.392950e-01 6.982765e-01 -7.021445e-01 1.956795e+00 -4.853406e-01 6.661951e-01 5.662408e-01 -1.691619e+02
8.914857e-01 -4.974910e-03 -4.530216e-01 6.165599e+00 2.801686e-01 7.918645e-01 5.426382e-01 1.989381e+00 3.560321e-01 -6.106766e-01 7.073296e-01 -1.711344e+02
8.583521e-01 2.944686e-01 4.201428e-01 6.123111e+00 1.228194e-01 6.771521e-01 -7.255208e-01 2.017521e+00 -4.981437e-01 6.743540e-01 5.450685e-01 -1.729286e+02
9.344730e-01 -1.449770e-02 -3.557386e-01 6.124443e+00 2.407408e-01 7.618607e-01 6.013420e-01 2.043022e+00 2.623052e-01 -6.475787e-01 7.154285e-01 -1.746100e+02
8.426906e-01 2.202270e-01 4.912969e-01 6.150314e+00 2.427180e-01 6.591338e-01 -7.117799e-01 2.059518e+00 -4.805835e-01 7.190568e-01 5.019928e-01 -1.759423e+02
9.571052e-01 1.300444e-01 -2.589173e-01 6.275442e+00 7.884167e-02 7.430044e-01 6.646265e-01 2.071200e+00 2.788077e-01 -6.565309e-01 7.008805e-01 -1.772421e+02
8.180125e-01 6.187144e-02 5.718632e-01 6.564884e+00 3.826488e-01 6.837595e-01 -6.213315e-01 2.063869e+00 -4.294596e-01 7.270797e-01 5.356488e-01 -1.778741e+02
7.894726e-01 4.357368e-01 -4.322805e-01 7.593618e+00 -1.316912e-02 7.161485e-01 6.978237e-01 2.035956e+00 6.136445e-01 -5.452199e-01 5.711179e-01 -1.787006e+02
8.027326e-01 1.548357e-01 5.758874e-01 8.566452e+00 3.841150e-01 6.044388e-01 -6.979322e-01 2.032333e+00 -4.561535e-01 7.814599e-01 4.257280e-01 -1.809390e+02
8.960124e-01 2.485789e-01 -3.679269e-01 9.066825e+00 7.589223e-02 7.306835e-01 6.784850e-01 2.039877e+00 4.374952e-01 -6.358538e-01 6.358363e-01 -1.827012e+02
8.494521e-01 1.198425e-01 5.138763e-01 9.112154e+00 3.404271e-01 6.196159e-01 -7.072379e-01 2.058504e+00 -4.031631e-01 7.757022e-01 4.855364e-01 -1.842738e+02
8.984533e-01 2.309940e-01 -3.733944e-01 9.247625e+00 7.734815e-02 7.538546e-01 6.524726e-01 2.084694e+00 4.322023e-01 -6.150975e-01 6.594363e-01 -1.863164e+02
9.196269e-01 1.904061e-01 3.435577e-01 9.857435e+00 1.673373e-01 6.013969e-01 -7.812298e-01 2.102381e+00 -3.553655e-01 7.759299e-01 5.211987e-01 -1.888942e+02
7.646246e-01 6.807358e-02 -6.408707e-01 1.075561e+01 3.662868e-01 7.722830e-01 5.190501e-01 2.113377e+00 5.302671e-01 -6.316209e-01 5.655721e-01 -1.915524e+02
8.260950e-01 5.108165e-01 2.379780e-01 1.202711e+01 -1.567499e-01 6.139216e-01 -7.736471e-01 2.107650e+00 -5.412915e-01 6.018030e-01 5.872280e-01 -1.941711e+02
7.812129e-01 -2.942958e-01 -5.505419e-01 1.322306e+01 5.403158e-01 7.604778e-01 3.601839e-01 2.106533e+00 3.126743e-01 -5.788468e-01 7.531077e-01 -1.969700e+02
7.729659e-01 6.234798e-01 1.174593e-01 1.453078e+01 -3.680759e-01 5.914804e-01 -7.174058e-01 2.097528e+00 -5.167629e-01 5.112963e-01 6.866820e-01 -1.995670e+02
7.607548e-01 -4.449666e-01 -4.725007e-01 1.566906e+01 6.182071e-01 7.184943e-01 3.187255e-01 2.093845e+00 1.976669e-01 -5.345752e-01 8.216795e-01 -2.020508e+02
7.816693e-01 6.235332e-01 1.412576e-02 1.663141e+01 -4.719837e-01 6.061867e-01 -6.401320e-01 2.088987e+00 -4.077064e-01 4.937044e-01 7.681351e-01 -2.040525e+02
8.313758e-01 -5.349953e-01 -1.503139e-01 1.716519e+01 5.270659e-01 6.734058e-01 5.183880e-01 2.088397e+00 -1.761129e-01 -5.102006e-01 8.418311e-01 -2.056258e+02
8.652676e-01 4.816078e-01 -1.391614e-01 1.750279e+01 -4.376722e-01 5.903772e-01 -6.781576e-01 2.097896e+00 -2.444483e-01 6.476949e-01 7.216206e-01 -2.073195e+02
8.475459e-01 -4.804081e-01 -2.255528e-01 1.762444e+01 5.214980e-01 6.749702e-01 5.219724e-01 2.121853e+00 -9.851829e-02 -5.600209e-01 8.226000e-01 -2.091690e+02
8.341466e-01 4.873195e-01 -2.583006e-01 1.785534e+01 -5.284964e-01 5.722553e-01 -6.270690e-01 2.145550e+00 -1.577691e-01 6.595783e-01 7.348914e-01 -2.111875e+02
8.180030e-01 -5.746030e-01 -2.650662e-02 1.806211e+01 4.935556e-01 6.774655e-01 5.453837e-01 2.169719e+00 -2.954217e-01 -4.592079e-01 8.377673e-01 -2.133018e+02
