9.999285e-01 -6.496457e-06 -1.195760e-02 2.208008e-01 1.222002e-05 9.999999e-01 4.785841e-04 -5.061592e-03 1.195759e-02 -4.786967e-04 9.999284e-01 -2.200629e-01
9.999968e-01 -4.520531e-04 2.470288e-03 3.633168e-01 4.543899e-04 9.999994e-01 -9.454765e-04 -1.049244e-03 -2.469859e-03 9.465967e-04 9.999965e-01 -7.757515e-01
9.999383e-01 -9.789300e-05 -1.110621e-02 4.586073e-01 9.662094e-05 1.000000e+00 -1.150693e-04 7.010960e-03 1.110622e-02 1.139884e-04 9.999383e-01 -1.454795e+00
9.999984e-01 -3.733407e-04 1.771409e-03 5.725231e-01 3.745324e-04 9.999997e-01 -6.724730e-04 1.300578e-02 -1.771157e-03 6.731360e-04 9.999982e-01 -2.059999e+00
9.999428e-01 -5.883753e-05 -1.069215e-02 6.979569e-01 5.902053e-05 1.000000e+00 1.680323e-05 1.687224e-02 1.069215e-02 -1.743404e-05 9.999428e-01 -2.619597e+00
9.999988e-01 -3.265023e-04 1.527075e-03 7.952497e-01 3.279309e-04 9.999995e-01 -9.353314e-04 2.255300e-02 -1.526768e-03 9.358317e-04 9.999984e-01 -3.221024e+00
9.999590e-01 -5.060880e-04 -9.041091e-03 8.625442e-01 4.986768e-04 9.999995e-01 -8.219483e-04 3.403123e-02 9.041502e-03 8.174053e-04 9.999588e-01 -4.037217e+00
9.999957e-01 -5.221776e-04 2.880857e-03 8.925656e-01 5.276056e-04 9.999981e-01 -1.883696e-03 5.322400e-02 -2.879868e-03 1.885208e-03 9.999941e-01 -5.148858e+00
9.999500e-01 -3.921047e-04 -9.988392e-03 9.639570e-01 3.893688e-04 9.999999e-01 -2.758544e-04 6.818131e-02 9.988499e-03 2.719508e-04 9.999501e-01 -6.150926e+00
9.999997e-01 -4.031577e-04 6.380716e-04 1.097243e+00 4.043418e-04 9.999982e-01 -1.856572e-03 8.204429e-02 -6.373216e-04 1.856830e-03 9.999981e-01 -7.161239e+00
9.999949e-01 -1.876319e-03 2.570343e-03 8.746350e-01 1.889846e-03 9.999843e-01 -5.270439e-03 1.377244e-01 -2.560415e-03 5.275269e-03 9.999828e-01 -9.479788e+00
9.999792e-01 -1.351527e-03 6.307937e-03 3.106573e-01 1.391398e-03 9.999791e-01 -6.320617e-03 2.391444e-01 -6.299262e-03 6.329263e-03 9.999601e-01 -1.315424e+01
9.999383e-01 -2.754291e-04 -1.110359e-02 1.412776e-01 2.829508e-04 9.999997e-01 6.758553e-04 2.884434e-01 1.110340e-02 -6.789561e-04 9.999381e-01 -1.526838e+01
9.999998e-01 -4.448612e-04 -4.133579e-04 3.941005e-01 4.440068e-04 9.999978e-01 -2.064754e-03 2.985383e-01 4.142759e-04 2.064571e-03 9.999978e-01 -1.620269e+01
9.998636e-01 -4.332854e-04 -1.651095e-02 8.966729e-01 4.312936e-04 9.999999e-01 -1.241935e-04 3.102135e-01 1.651100e-02 1.170548e-04 9.998637e-01 -1.752102e+01
9.999975e-01 -6.453264e-04 -2.126205e-03 1.464622e+00 6.426454e-04 9.999990e-01 -1.261382e-03 3.180096e-01 2.127017e-03 1.260013e-03 9.999969e-01 -1.878307e+01
9.997364e-01 1.468697e-04 -2.296098e-02 2.371879e+00 -1.218946e-04 9.999994e-01 1.089120e-03 3.144046e-01 2.296113e-02 -1.086035e-03 9.997358e-01 -1.984479e+01
9.999802e-01 -1.122750e-03 6.196490e-03 2.787489e+00 1.147475e-03 9.999914e-01 -3.988101e-03 3.255389e-01 -6.191959e-03 3.995133e-03 9.999728e-01 -2.120061e+01
9.998676e-01 1.084534e-04 -1.627338e-02 2.893843e+00 -8.458428e-05 9.999989e-01 1.467444e-03 3.395265e-01 1.627352e-02 -1.465874e-03 9.998665e-01 -2.229180e+01
9.999916e-01 -4.654744e-04 4.080030e-03 3.157490e+00 4.810300e-04 9.999926e-01 -3.812451e-03 3.394196e-01 -4.078224e-03 3.814383e-03 9.999844e-01 -2.273327e+01
9.998817e-01 8.510610e-05 -1.538081e-02 3.347370e+00 -6.191592e-05 9.999989e-01 1.508210e-03 3.358388e-01 1.538092e-02 -1.507080e-03 9.998806e-01 -2.301372e+01
9.999713e-01 -1.079402e-03 7.499035e-03 3.367525e+00 1.120131e-03 9.999846e-01 -5.429118e-03 3.609744e-01 -7.493059e-03 5.437363e-03 9.999571e-01 -2.435933e+01
9.999304e-01 -7.230247e-04 -1.177378e-02 3.341046e+00 7.278648e-04 9.999997e-01 4.068219e-04 3.995643e-01 1.177348e-02 -4.153640e-04 9.999306e-01 -2.619305e+01
9.999924e-01 -4.169782e-04 3.886666e-03 3.305478e+00 4.254553e-04 9.999975e-01 -2.180465e-03 4.098711e-01 -3.885747e-03 2.182102e-03 9.999901e-01 -2.688646e+01
9.999247e-01 1.767728e-04 -1.227294e-02 3.405513e+00 -1.854874e-04 9.999997e-01 -7.089221e-04 4.001498e-01 1.227281e-02 7.111445e-04 9.999244e-01 -2.658393e+01
9.999977e-01 -1.830126e-04 -2.125403e-03 3.745980e+00 1.762202e-04 9.999949e-01 -3.195618e-03 3.774579e-01 2.125977e-03 3.195237e-03 9.999926e-01 -2.632887e+01
9.999860e-01 -5.728798e-04 -5.269249e-03 3.863361e+00 5.640463e-04 9.999984e-01 -1.677736e-03 3.679282e-01 5.270201e-03 1.674740e-03 9.999847e-01 -2.614461e+01
9.999992e-01 -1.063081e-03 6.541296e-04 3.970087e+00 1.065106e-03 9.999946e-01 -3.102072e-03 3.660889e-01 -6.508280e-04 3.102767e-03 9.999950e-01 -2.649304e+01
9.999391e-01 1.025314e-03 -1.098494e-02 4.212001e+00 -1.039677e-03 9.999986e-01 -1.301904e-03 3.405643e-01 1.098358e-02 1.313245e-03 9.999388e-01 -2.595375e+01
9.999643e-01 -1.144053e-03 8.369368e-03 4.090382e+00 1.181567e-03 9.999893e-01 -4.478707e-03 3.305611e-01 -8.364154e-03 4.488437e-03 9.999549e-01 -2.521510e+01
9.999799e-01 -5.923884e-05 -6.332789e-03 3.713897e+00 5.012069e-05 9.999990e-01 -1.439960e-03 3.440551e-01 6.332867e-03 1.439613e-03 9.999789e-01 -2.489124e+01
9.999762e-01 -1.334923e-03 6.774879e-03 3.433435e+00 1.356175e-03 9.999942e-01 -3.133221e-03 3.645232e-01 -6.770657e-03 3.142335e-03 9.999721e-01 -2.535117e+01
9.999904e-01 2.434975e-04 -4.371304e-03 3.031911e+00 -2.532827e-04 9.999975e-01 -2.238063e-03 3.821289e-01 4.370748e-03 2.239148e-03 9.999879e-01 -2.532413e+01
9.999853e-01 -1.546999e-03 5.197674e-03 2.662901e+00 1.560787e-03 9.999953e-01 -2.649745e-03 3.990845e-01 -5.193550e-03 2.657819e-03 9.999830e-01 -2.543407e+01
9.999831e-01 5.517552e-04 -5.794620e-03 2.398444e+00 -5.583449e-04 9.999992e-01 -1.135631e-03 4.078144e-01 5.793988e-03 1.138846e-03 9.999826e-01 -2.534073e+01
9.999463e-01 -1.527413e-03 1.025181e-02 1.866671e+00 1.554813e-03 9.999952e-01 -2.665251e-03 4.333139e-01 -1.024769e-02 2.681048e-03 9.999439e-01 -2.532558e+01
9.999977e-01 9.171959e-05 -2.131839e-03 1.130812e+00 -9.635691e-05 9.999976e-01 -2.175202e-03 4.781919e-01 2.131634e-03 2.175402e-03 9.999954e-01 -2.570260e+01
9.999324e-01 -1.279139e-03 1.155433e-02 3.749709e-01 1.304260e-03 9.999968e-01 -2.166819e-03 5.084581e-01 -1.155152e-02 2.181743e-03 9.999309e-01 -2.532440e+01
9.999898e-01 -1.331826e-04 -4.516797e-03 -1.855365e-01 1.261950e-04 9.999988e-01 -1.547233e-03 5.130054e-01 4.516998e-03 1.546647e-03 9.999886e-01 -2.394556e+01
9.999386e-01 -1.623922e-03 1.095943e-02 -7.385663e-01 1.646290e-03 9.999966e-01 -2.032232e-03 5.211098e-01 -1.095609e-02 2.050150e-03 9.999379e-01 -2.259256e+01
9.999374e-01 2.004002e-04 -1.118732e-02 -9.886897e-01 -2.193348e-04 9.999985e-01 -1.691294e-03 5.097697e-01 1.118697e-02 1.693642e-03 9.999360e-01 -2.143186e+01
9.999487e-01 -1.462848e-03 1.002120e-02 -1.110323e+00 1.477167e-03 9.999979e-01 -1.421604e-03 4.828252e-01 -1.001910e-02 1.436335e-03 9.999488e-01 -1.982885e+01
9.999791e-01 -1.102572e-04 -6.461628e-03 -1.489495e+00 7.388755e-05 9.999842e-01 -5.628512e-03 5.063842e-01 6.462146e-03 5.627916e-03 9.999633e-01 -2.033628e+01
9.999981e-01 -1.915186e-03 -4.529681e-04 -1.523120e+00 1.915730e-03 9.999974e-01 1.204437e-03 5.245455e-01 4.506606e-04 -1.205302e-03 9.999992e-01 -2.143728e+01
9.999717e-01 1.295534e-03 -7.404627e-03 -1.468504e+00 -1.318189e-03 9.999945e-01 -3.055535e-03 4.944299e-01 7.400627e-03 3.065209e-03 9.999679e-01 -2.021634e+01
9.999919e-01 -1.218356e-03 -3.844661e-03 -1.324041e+00 1.223080e-03 9.999985e-01 1.226696e-03 4.614942e-01 3.843161e-03 -1.231387e-03 9.999919e-01 -1.914553e+01
9.999760e-01 1.306570e-03 -6.800283e-03 -1.206888e+00 -1.324965e-03 9.999955e-01 -2.701215e-03 4.305483e-01 6.796723e-03 2.710160e-03 9.999732e-01 -1.811825e+01
9.999895e-01 -2.706008e-03 -3.707426e-03 -1.132566e+00 2.709546e-03 9.999959e-01 9.494965e-04 4.256020e-01 3.704841e-03 -9.595312e-04 9.999927e-01 -1.838727e+01
9.999839e-01 2.587015e-03 -5.048493e-03 -9.760015e-01 -2.605138e-03 9.999902e-01 -3.586397e-03 4.191377e-01 5.039165e-03 3.599490e-03 9.999808e-01 -1.843824e+01
9.999719e-01 -3.288796e-03 -6.737294e-03 -8.091326e-01 3.295947e-03 9.999940e-01 1.050558e-03 4.330728e-01 6.733799e-03 -1.072733e-03 9.999768e-01 -1.945288e+01
9.999954e-01 1.971375e-03 2.288395e-03 -9.484638e-01 -1.962575e-03 9.999907e-01 -3.841780e-03 4.388090e-01 -2.295948e-03 3.837270e-03 9.999900e-01 -1.955322e+01
9.999464e-01 -2.194781e-03 -1.011493e-02 -8.498095e-01 2.213501e-03 9.999959e-01 1.839954e-03 4.382955e-01 1.011085e-02 -1.862244e-03 9.999471e-01 -1.984480e+01
9.999886e-01 1.286719e-03 4.595452e-03 -8.688031e-01 -1.266045e-03 9.999891e-01 -4.498835e-03 4.621203e-01 -4.601191e-03 4.492965e-03 9.999793e-01 -2.099872e+01
9.999454e-01 -2.384063e-03 -1.017181e-02 -8.727906e-01 2.401262e-03 9.999957e-01 1.678862e-03 4.866153e-01 1.016777e-02 -1.703194e-03 9.999469e-01 -2.221342e+01
9.999968e-01 1.531328e-03 2.034701e-03 -8.211812e-01 -1.523450e-03 9.999914e-01 -3.867697e-03 5.040382e-01 -2.040607e-03 3.864584e-03 9.999905e-01 -2.323079e+01
9.999212e-01 -1.908477e-03 -1.240839e-02 -6.274422e-01 1.955240e-03 9.999910e-01 3.757621e-03 4.868571e-01 1.240111e-02 -3.781585e-03 9.999160e-01 -2.298096e+01
9.999960e-01 2.196040e-03 1.810065e-03 -4.208710e-01 -2.187381e-03 9.999862e-01 -4.772129e-03 4.677432e-01 -1.820521e-03 4.768150e-03 9.999870e-01 -2.266722e+01
9.999556e-01 -2.680510e-03 -9.036195e-03 -4.202197e-01 2.719150e-03 9.999872e-01 4.266572e-03 4.715696e-01 9.024643e-03 -4.290952e-03 9.999501e-01 -2.297657e+01
9.999944e-01 2.433255e-03 2.278014e-03 -3.888474e-01 -2.421433e-03 9.999837e-01 -5.178190e-03 4.706325e-01 -2.290576e-03 5.172645e-03 9.999840e-01 -2.308177e+01
9.999575e-01 -3.004392e-03 -8.712235e-03 -3.483190e-01 3.035578e-03 9.999890e-01 3.568588e-03 4.840155e-01 8.701419e-03 -3.594882e-03 9.999557e-01 -2.383437e+01
9.999965e-01 2.092544e-03 1.593689e-03 -2.847037e-01 -2.083099e-03 9.999804e-01 -5.905376e-03 5.040173e-01 -1.606015e-03 5.902035e-03 9.999813e-01 -2.494308e+01
9.999422e-01 -2.890744e-03 -1.035226e-02 -1.713133e-01 2.927195e-03 9.999896e-01 3.507582e-03 5.241295e-01 1.034202e-02 -3.537681e-03 9.999403e-01 -2.607817e+01
9.999974e-01 2.241905e-03 2.979948e-04 5.086625e-03 -2.240274e-03 9.999831e-01 -5.366535e-03 5.398984e-01 -3.100214e-04 5.365853e-03 9.999856e-01 -2.709349e+01
9.999269e-01 -2.826126e-03 -1.175494e-02 2.033127e-01 2.868876e-03 9.999893e-01 3.621475e-03 5.536142e-01 1.174458e-02 -3.654933e-03 9.999244e-01 -2.804737e+01
9.999933e-01 2.481967e-03 2.680921e-03 2.881142e-01 -2.468716e-03 9.999848e-01 -4.934659e-03 5.667698e-01 -2.693128e-03 4.928007e-03 9.999842e-01 -2.878329e+01
9.999784e-01 -3.044432e-03 -5.824181e-03 2.113780e-01 3.050742e-03 9.999948e-01 1.074918e-03 6.004757e-01 5.820878e-03 -1.092662e-03 9.999825e-01 -3.007792e+01
9.999479e-01 1.792212e-03 1.005338e-02 -2.481600e-01 -1.711131e-03 9.999660e-01 -8.067883e-03 6.678919e-01 -1.006750e-02 8.050259e-03 9.999169e-01 -3.216267e+01
9.998791e-01 -2.882808e-03 -1.528111e-02 -3.023043e-01 2.947183e-03 9.999869e-01 4.191883e-03 7.047652e-01 1.526882e-02 -4.236412e-03 9.998744e-01 -3.366258e+01
9.999904e-01 2.276466e-03 3.745301e-03 -6.863370e-02 -2.251230e-03 9.999748e-01 -6.728510e-03 7.233206e-01 -3.760525e-03 6.720013e-03 9.999703e-01 -3.484960e+01
9.999390e-01 -3.346891e-03 -1.052573e-02 -1.429118e-02 3.380916e-03 9.999891e-01 3.216345e-03 7.510724e-01 1.051485e-02 -3.251735e-03 9.999394e-01 -3.625253e+01
9.999941e-01 2.195346e-03 2.645302e-03 1.465828e-01 -2.177330e-03 9.999745e-01 -6.794291e-03 7.777497e-01 -2.660151e-03 6.788491e-03 9.999734e-01 -3.775426e+01
9.999586e-01 -3.856091e-03 -8.242826e-03 2.214811e-01 3.869845e-03 9.999911e-01 1.653210e-03 8.168886e-01 8.236379e-03 -1.685039e-03 9.999647e-01 -3.970559e+01
9.999956e-01 2.653457e-03 1.340724e-03 2.658776e-01 -2.645902e-03 9.999808e-01 -5.606131e-03 8.479103e-01 -1.355574e-03 5.602558e-03 9.999834e-01 -4.126112e+01
9.999752e-01 -4.442393e-03 -5.456288e-03 3.243606e-01 4.449548e-03 9.999893e-01 1.299843e-03 8.823942e-01 5.450455e-03 -1.324089e-03 9.999843e-01 -4.302067e+01
9.999954e-01 3.019327e-03 -2.648532e-04 3.053197e-01 -3.020893e-03 9.999767e-01 -6.124733e-03 9.220531e-01 2.463542e-04 6.125504e-03 9.999812e-01 -4.486072e+01
9.999809e-01 -4.150267e-03 -4.586071e-03 2.945666e-01 4.162065e-03 9.999880e-01 2.565997e-03 9.519951e-01 4.575367e-03 -2.585035e-03 9.999862e-01 -4.626462e+01
9.999951e-01 3.076439e-03 -5.055475e-04 2.531505e-01 -3.079457e-03 9.999768e-01 -6.081594e-03 9.830610e-01 4.868258e-04 6.083121e-03 9.999814e-01 -4.767750e+01
9.999890e-01 -4.678615e-03 -3.630870e-04 1.354522e-01 4.678932e-03 9.999887e-01 8.777041e-04 1.028055e+00 3.589767e-04 -8.793927e-04 9.999995e-01 -4.958206e+01
9.999917e-01 2.655477e-03 -3.089801e-03 7.816468e-02 -2.677271e-03 9.999714e-01 -7.070917e-03 1.077957e+00 3.070936e-03 7.079130e-03 9.999702e-01 -5.186251e+01
9.999835e-01 -4.045482e-03 -4.087134e-03 1.686043e-01 4.059566e-03 9.999858e-01 3.443327e-03 1.106784e+00 4.073146e-03 -3.459861e-03 9.999857e-01 -5.341243e+01
9.999884e-01 2.864220e-03 -3.884370e-03 3.002509e-01 -2.889908e-03 9.999739e-01 -6.623701e-03 1.131940e+00 3.865296e-03 6.634849e-03 9.999705e-01 -5.483895e+01
9.999744e-01 -4.099740e-03 -5.866593e-03 5.133549e-01 4.123044e-03 9.999836e-01 3.965646e-03 1.152071e+00 5.850239e-03 -3.989732e-03 9.999749e-01 -5.617358e+01
9.999689e-01 3.265263e-03 -7.185234e-03 8.159160e-01 -3.308326e-03 9.999766e-01 -5.989574e-03 1.167355e+00 7.165508e-03 6.013158e-03 9.999562e-01 -5.736913e+01
9.999800e-01 -4.188371e-03 -4.738642e-03 1.117284e+00 4.206993e-03 9.999834e-01 3.926486e-03 1.182440e+00 4.722118e-03 -3.946343e-03 9.999811e-01 -5.855264e+01
9.999572e-01 3.473135e-03 -8.579608e-03 1.430555e+00 -3.520403e-03 9.999787e-01 -5.500365e-03 1.194701e+00 8.560321e-03 5.530332e-03 9.999481e-01 -5.960622e+01
9.999888e-01 -4.505117e-03 -1.436699e-03 1.652356e+00 4.507790e-03 9.999881e-01 1.863120e-03 1.219788e+00 1.428288e-03 -1.869574e-03 9.999972e-01 -6.109126e+01
9.999421e-01 3.227541e-03 -1.027026e-02 1.897216e+00 -3.278665e-03 9.999823e-01 -4.964899e-03 1.246717e+00 1.025405e-02 4.998284e-03 9.999349e-01 -6.265515e+01
9.999870e-01 -4.179075e-03 -2.929101e-03 2.243257e+00 4.189753e-03 9.999846e-01 3.648576e-03 1.256764e+00 2.913808e-03 -3.660800e-03 9.999891e-01 -6.368581e+01
9.999497e-01 3.543339e-03 -9.385144e-03 2.486444e+00 -3.597106e-03 9.999772e-01 -5.718245e-03 1.272729e+00 9.364668e-03 5.751716e-03 9.999396e-01 -6.479900e+01
9.999897e-01 -4.486856e-03 6.326052e-04 2.585091e+00 4.484472e-03 9.999830e-01 3.722282e-03 1.290975e+00 -6.492956e-04 -3.719406e-03 9.999929e-01 -6.586215e+01
9.999274e-01 3.724889e-03 -1.146121e-02 2.795545e+00 -3.783888e-03 9.999797e-01 -5.130315e-03 1.303020e+00 1.144187e-02 5.173310e-03 9.999212e-01 -6.680950e+01
9.999876e-01 -4.486293e-03 -2.147130e-03 3.112290e+00 4.494832e-03 9.999819e-01 3.988553e-03 1.312893e+00 2.129198e-03 -3.998154e-03 9.999897e-01 -6.774638e+01
9.999878e-01 4.329775e-03 -2.397570e-03 2.949302e+00 -4.340766e-03 9.999800e-01 -4.598360e-03 1.325065e+00 2.377612e-03 4.608711e-03 9.999866e-01 -6.798132e+01
9.999814e-01 -4.839063e-03 -3.713729e-03 2.964274e+00 4.851114e-03 9.999830e-01 3.242872e-03 1.337369e+00 3.697973e-03 -3.260827e-03 9.999878e-01 -6.863583e+01
9.999701e-01 4.204633e-03 -6.489716e-03 3.102523e+00 -4.244584e-03 9.999721e-01 -6.154499e-03 1.358727e+00 6.463657e-03 6.181861e-03 9.999600e-01 -6.987116e+01
9.999834e-01 -5.306134e-03 -2.240118e-03 3.256212e+00 5.313529e-03 9.999804e-01 3.308197e-03 1.381650e+00 2.222521e-03 -3.320044e-03 9.999920e-01 -7.117890e+01
9.999252e-01 4.084371e-03 -1.152545e-02 3.689408e+00 -4.141655e-03 9.999792e-01 -4.950740e-03 1.395917e+00 1.150499e-02 4.998104e-03 9.999213e-01 -7.254105e+01
9.999822e-01 -4.904369e-03 -3.408490e-03 4.072528e+00 4.915424e-03 9.999827e-01 3.242434e-03 1.409402e+00 3.392529e-03 -3.259130e-03 9.999889e-01 -7.373996e+01
9.999556e-01 3.802305e-03 -8.626961e-03 4.363686e+00 -3.855390e-03 9.999737e-01 -6.145119e-03 1.430826e+00 8.603368e-03 6.178106e-03 9.999439e-01 -7.515509e+01
9.999817e-01 -4.842930e-03 -3.626968e-03 4.650212e+00 4.854557e-03 9.999831e-01 3.203634e-03 1.451957e+00 3.611392e-03 -3.221182e-03 9.999883e-01 -7.659206e+01
9.999865e-01 3.532908e-03 -3.810521e-03 4.774737e+00 -3.558514e-03 9.999710e-01 -6.734050e-03 1.480021e+00 3.786619e-03 6.747519e-03 9.999701e-01 -7.812193e+01
9.999741e-01 -4.802941e-03 -5.367082e-03 4.902957e+00 4.821526e-03 9.999824e-01 3.455201e-03 1.508364e+00 5.350392e-03 -3.480989e-03 9.999796e-01 -7.964100e+01
9.999585e-01 3.688252e-03 -8.329726e-03 5.261888e+00 -3.732671e-03 9.999789e-01 -5.323336e-03 1.523767e+00 8.309916e-03 5.354206e-03 9.999511e-01 -8.092780e+01
9.999752e-01 -4.881229e-03 -5.082574e-03 5.590966e+00 4.894897e-03 9.999844e-01 2.680108e-03 1.544252e+00 5.069413e-03 -2.704920e-03 9.999835e-01 -8.236970e+01
9.999499e-01 3.938764e-03 -9.206481e-03 5.899502e+00 -3.980179e-03 9.999820e-01 -4.484399e-03 1.560252e+00 9.188652e-03 4.520817e-03 9.999476e-01 -8.358364e+01
9.999869e-01 -5.009509e-03 -1.007184e-03 6.125142e+00 5.011809e-03 9.999848e-01 2.293360e-03 1.577766e+00 9.956807e-04 -2.298377e-03 9.999969e-01 -8.479223e+01
9.999050e-01 4.025458e-03 -1.318655e-02 6.474155e+00 -4.084529e-03 9.999817e-01 -4.455776e-03 1.595658e+00 1.316837e-02 4.509213e-03 9.999031e-01 -8.609059e+01
9.999887e-01 -4.662011e-03 9.254538e-04 6.728675e+00 4.658491e-03 9.999820e-01 3.769919e-03 1.602463e+00 -9.430124e-04 -3.765564e-03 9.999925e-01 -8.681028e+01
9.999190e-01 3.833515e-03 -1.213343e-02 6.981704e+00 -3.905997e-03 9.999746e-01 -5.955736e-03 1.619262e+00 1.211029e-02 6.002647e-03 9.999087e-01 -8.798123e+01
9.999781e-01 -5.059134e-03 4.257093e-03 7.082779e+00 5.044560e-03 9.999814e-01 3.427355e-03 1.640815e+00 -4.274353e-03 -3.405804e-03 9.999851e-01 -8.923788e+01
9.999002e-01 3.932672e-03 -1.356575e-02 7.298826e+00 -4.008231e-03 9.999766e-01 -5.547158e-03 1.658089e+00 1.354362e-02 5.600978e-03 9.998926e-01 -9.045141e+01
9.999853e-01 -5.094302e-03 1.837236e-03 7.582040e+00 5.087083e-03 9.999794e-01 3.913248e-03 1.672751e+00 -1.857133e-03 -3.903844e-03 9.999907e-01 -9.163139e+01
9.999068e-01 4.165775e-03 -1.299986e-02 7.862973e+00 -4.245072e-03 9.999725e-01 -6.078239e-03 1.688975e+00 1.297419e-02 6.132857e-03 9.998970e-01 -9.286081e+01
9.999825e-01 -5.452419e-03 2.308542e-03 8.129071e+00 5.443113e-03 9.999771e-01 4.018405e-03 1.705885e+00 -2.330399e-03 -4.005768e-03 9.999893e-01 -9.412679e+01
9.999397e-01 4.141875e-03 -1.017080e-02 8.272884e+00 -4.212346e-03 9.999672e-01 -6.917093e-03 1.730481e+00 1.014181e-02 6.959518e-03 9.999244e-01 -9.554340e+01
9.999816e-01 -5.589410e-03 2.342624e-03 8.400799e+00 5.579924e-03 9.999763e-01 4.036737e-03 1.755377e+00 -2.365131e-03 -4.023590e-03 9.999891e-01 -9.699104e+01
9.999149e-01 4.403623e-03 -1.227883e-02 8.641937e+00 -4.480570e-03 9.999705e-01 -6.246135e-03 1.773119e+00 1.225096e-02 6.300620e-03 9.999051e-01 -9.828881e+01
9.999724e-01 -5.787635e-03 4.651333e-03 8.770928e+00 5.772411e-03 9.999780e-01 3.279764e-03 1.797466e+00 -4.670213e-03 -3.252823e-03 9.999838e-01 -9.970451e+01
9.997968e-01 5.082639e-03 -1.950622e-02 9.058115e+00 -5.175413e-03 9.999755e-01 -4.708571e-03 1.810854e+00 1.948181e-02 4.808567e-03 9.997986e-01 -1.007823e+02
9.999389e-01 -5.426010e-03 9.635616e-03 9.272047e+00 5.399494e-03 9.999816e-01 2.775821e-03 1.825085e+00 -9.650500e-03 -2.723624e-03 9.999497e-01 -1.016652e+02
9.998312e-01 4.045960e-03 -1.792362e-02 9.393930e+00 -4.152746e-03 9.999738e-01 -5.924594e-03 1.850840e+00 1.789918e-02 5.998025e-03 9.998218e-01 -1.031399e+02
9.999687e-01 -4.666025e-03 6.391080e-03 9.587405e+00 4.634201e-03 9.999768e-01 4.985223e-03 1.859015e+00 -6.414193e-03 -4.955448e-03 9.999672e-01 -1.039043e+02
9.998687e-01 3.499040e-03 -1.582210e-02 9.798585e+00 -3.609217e-03 9.999694e-01 -6.940297e-03 1.875454e+00 1.579733e-02 6.996490e-03 9.998507e-01 -1.051040e+02
9.999713e-01 -4.584735e-03 6.032339e-03 9.990109e+00 4.554881e-03 9.999774e-01 4.953573e-03 1.891682e+00 -6.054913e-03 -4.925954e-03 9.999695e-01 -1.062534e+02
9.998326e-01 4.204372e-03 -1.780470e-02 1.016023e+01 -4.301419e-03 9.999761e-01 -5.415857e-03 1.897155e+00 1.778150e-02 5.491536e-03 9.998268e-01 -1.068678e+02
9.999604e-01 -4.625856e-03 7.598599e-03 1.028777e+01 4.588782e-03 9.999775e-01 4.889319e-03 1.903051e+00 -7.621045e-03 -4.854257e-03 9.999592e-01 -1.074185e+02
9.998335e-01 4.416875e-03 -1.770761e-02 1.038443e+01 -4.504578e-03 9.999778e-01 -4.915979e-03 1.906061e+00 1.768550e-02 4.994925e-03 9.998311e-01 -1.078207e+02
9.999554e-01 -4.574782e-03 8.257728e-03 1.049578e+01 4.537194e-03 9.999793e-01 4.564877e-03 1.910585e+00 -8.278440e-03 -4.527206e-03 9.999555e-01 -1.082248e+02
9.997819e-01 4.293263e-03 -2.044000e-02 1.068567e+01 -4.381158e-03 9.999813e-01 -4.257298e-03 1.911388e+00 2.042134e-02 4.345920e-03 9.997820e-01 -1.086519e+02
9.999772e-01 -4.273641e-03 5.233131e-03 1.107782e+01 4.247042e-03 9.999781e-01 5.083543e-03 1.906220e+00 -5.254742e-03 -5.061201e-03 9.999734e-01 -1.089571e+02
9.998759e-01 4.234858e-03 -1.517095e-02 1.120372e+01 -4.307802e-03 9.999793e-01 -4.778657e-03 1.906538e+00 1.515040e-02 4.843418e-03 9.998735e-01 -1.091692e+02
9.999847e-01 -4.448316e-03 3.292774e-03 1.135366e+01 4.432474e-03 9.999786e-01 4.802945e-03 1.905604e+00 -3.314069e-03 -4.788276e-03 9.999830e-01 -1.094169e+02
9.998277e-01 4.620804e-03 -1.797886e-02 1.166310e+01 -4.701989e-03 9.999789e-01 -4.475923e-03 1.902312e+00 1.795780e-02 4.559687e-03 9.998283e-01 -1.097025e+02
9.999749e-01 -5.055629e-03 4.971198e-03 1.189077e+01 5.035010e-03 9.999787e-01 4.151440e-03 1.906500e+00 -4.992080e-03 -4.126305e-03 9.999790e-01 -1.102394e+02
9.998850e-01 5.021101e-03 -1.430917e-02 1.201940e+01 -5.084139e-03 9.999775e-01 -4.372408e-03 1.911245e+00 1.428690e-02 4.444655e-03 9.998881e-01 -1.105860e+02
9.998450e-01 -5.467273e-03 1.673375e-02 1.148947e+01 5.415850e-03 9.999805e-01 3.116764e-03 1.950349e+00 -1.675046e-02 -3.025653e-03 9.998551e-01 -1.109848e+02
9.998524e-01 4.929102e-03 -1.645956e-02 1.109851e+01 -5.011355e-03 9.999751e-01 -4.959779e-03 1.983026e+00 1.643470e-02 5.041531e-03 9.998522e-01 -1.115934e+02
9.999378e-01 -5.869432e-03 9.484363e-03 1.112491e+01 5.844565e-03 9.999794e-01 2.647510e-03 2.003097e+00 -9.499707e-03 -2.591913e-03 9.999515e-01 -1.126396e+02
9.998887e-01 4.566977e-03 -1.420272e-02 1.108340e+01 -4.651825e-03 9.999715e-01 -5.946730e-03 2.032100e+00 1.417516e-02 6.012136e-03 9.998815e-01 -1.140004e+02
9.999219e-01 -5.131168e-03 1.139208e-02 1.082553e+01 5.083286e-03 9.999781e-01 4.228077e-03 2.059400e+00 -1.141353e-02 -4.169837e-03 9.999262e-01 -1.147054e+02
9.999368e-01 4.233387e-03 -1.041631e-02 1.033878e+01 -4.298246e-03 9.999715e-01 -6.212162e-03 2.099844e+00 1.038971e-02 6.256541e-03 9.999265e-01 -1.153756e+02
9.999870e-01 -4.603554e-03 -2.196297e-03 1.053004e+01 4.615275e-03 9.999750e-01 5.361560e-03 2.107005e+00 2.171560e-03 -5.371627e-03 9.999832e-01 -1.160798e+02
9.999875e-01 4.389912e-03 -2.411553e-03 1.036497e+01 -4.405660e-03 9.999688e-01 -6.564194e-03 2.127304e+00 2.382661e-03 6.574736e-03 9.999755e-01 -1.165004e+02
9.999820e-01 -4.595439e-03 -3.865205e-03 1.025563e+01 4.615618e-03 9.999757e-01 5.227945e-03 2.146311e+00 3.841086e-03 -5.245691e-03 9.999789e-01 -1.169819e+02
9.999859e-01 3.653901e-03 -3.842917e-03 1.039537e+01 -3.683964e-03 9.999624e-01 -7.845048e-03 2.167953e+00 3.814108e-03 7.859094e-03 9.999618e-01 -1.182042e+02
9.999758e-01 -4.419038e-03 -5.378829e-03 1.049190e+01 4.449158e-03 9.999744e-01 5.600611e-03 2.187625e+00 5.353942e-03 -5.624406e-03 9.999698e-01 -1.193028e+02
9.999671e-01 4.647432e-03 -6.647465e-03 1.075853e+01 -4.683436e-03 9.999744e-01 -5.410722e-03 2.182404e+00 6.622149e-03 5.441677e-03 9.999633e-01 -1.195618e+02
9.999820e-01 -4.952140e-03 -3.393908e-03 1.093303e+01 4.969206e-03 9.999750e-01 5.038532e-03 2.181223e+00 3.368872e-03 -5.055305e-03 9.999815e-01 -1.199426e+02
9.999861e-01 3.540150e-03 -3.915438e-03 1.106250e+01 -3.568369e-03 9.999675e-01 -7.223648e-03 2.197571e+00 3.889738e-03 7.237519e-03 9.999662e-01 -1.210879e+02
9.999794e-01 -4.781984e-03 -4.281171e-03 1.117188e+01 4.800919e-03 9.999787e-01 4.423375e-03 2.220599e+00 4.259927e-03 -4.443837e-03 9.999811e-01 -1.224308e+02
9.999795e-01 4.141270e-03 -4.888515e-03 1.128369e+01 -4.174408e-03 9.999682e-01 -6.787995e-03 2.240435e+00 4.860249e-03 6.808262e-03 9.999650e-01 -1.235101e+02
9.999838e-01 -4.410000e-03 -3.597146e-03 1.128631e+01 4.430945e-03 9.999732e-01 5.835611e-03 2.251604e+00 3.571314e-03 -5.851454e-03 9.999765e-01 -1.240758e+02
9.999786e-01 4.763205e-03 -4.492577e-03 1.128318e+01 -4.788859e-03 9.999722e-01 -5.716824e-03 2.255954e+00 4.465222e-03 5.738215e-03 9.999736e-01 -1.241275e+02
9.999860e-01 -4.773753e-03 -2.292570e-03 1.128879e+01 4.783082e-03 9.999802e-01 4.080936e-03 2.271368e+00 2.273044e-03 -4.091844e-03 9.999890e-01 -1.247684e+02
9.999652e-01 4.073986e-03 -7.275695e-03 1.136564e+01 -4.117997e-03 9.999733e-01 -6.044257e-03 2.287302e+00 7.250876e-03 6.074008e-03 9.999553e-01 -1.256129e+02
9.999885e-01 -4.736178e-03 -7.689564e-04 1.149124e+01 4.739213e-03 9.999808e-01 3.993871e-03 2.301161e+00 7.500260e-04 -3.997469e-03 9.999917e-01 -1.265187e+02
9.999399e-01 4.342429e-03 -1.006871e-02 1.163461e+01 -4.396112e-03 9.999762e-01 -5.315604e-03 2.308670e+00 1.004539e-02 5.359547e-03 9.999352e-01 -1.271745e+02
9.999903e-01 -4.143575e-03 1.507457e-03 1.170852e+01 4.135584e-03 9.999776e-01 5.266016e-03 2.303055e+00 -1.529244e-03 -5.259730e-03 9.999850e-01 -1.271640e+02
9.999343e-01 4.352731e-03 -1.060089e-02 1.179597e+01 -4.405888e-03 9.999778e-01 -4.996183e-03 2.299231e+00 1.057890e-02 5.042561e-03 9.999313e-01 -1.272314e+02
9.999910e-01 -4.196603e-03 6.119573e-04 1.192897e+01 4.193260e-03 9.999768e-01 5.365894e-03 2.291116e+00 -6.344616e-04 -5.363279e-03 9.999854e-01 -1.271891e+02
9.999045e-01 4.403690e-03 -1.310295e-02 1.219789e+01 -4.469796e-03 9.999774e-01 -5.020080e-03 2.284950e+00 1.308054e-02 5.078168e-03 9.999016e-01 -1.273661e+02
9.999860e-01 -4.647406e-03 2.530458e-03 1.239928e+01 4.632400e-03 9.999718e-01 5.904225e-03 2.271398e+00 -2.557826e-03 -5.892419e-03 9.999794e-01 -1.272236e+02
9.999171e-01 5.089854e-03 -1.182970e-02 1.252699e+01 -5.160074e-03 9.999692e-01 -5.912935e-03 2.255767e+00 1.179924e-02 5.973486e-03 9.999125e-01 -1.269402e+02
9.999851e-01 -4.924036e-03 2.374061e-03 1.262895e+01 4.908433e-03 9.999666e-01 6.533933e-03 2.246866e+00 -2.406155e-03 -6.522182e-03 9.999758e-01 -1.268356e+02
9.999104e-01 5.036067e-03 -1.240084e-02 1.278962e+01 -5.116530e-03 9.999660e-01 -6.465336e-03 2.242727e+00 1.236786e-02 6.528205e-03 9.999022e-01 -1.269964e+02
9.999790e-01 -5.120130e-03 3.969993e-03 1.284000e+01 5.092636e-03 9.999632e-01 6.905075e-03 2.235626e+00 -4.005201e-03 -6.884712e-03 9.999683e-01 -1.269239e+02
9.999383e-01 4.962266e-03 -9.939092e-03 1.276759e+01 -5.026649e-03 9.999665e-01 -6.463227e-03 2.236271e+00 9.906686e-03 6.512788e-03 9.999297e-01 -1.267787e+02
9.999806e-01 -4.938176e-03 3.804474e-03 1.264911e+01 4.918169e-03 9.999741e-01 5.250374e-03 2.257918e+00 -3.830302e-03 -5.231561e-03 9.999790e-01 -1.272714e+02
9.999482e-01 4.785612e-03 -8.985745e-03 1.247987e+01 -4.840300e-03 9.999698e-01 -6.074268e-03 2.276007e+00 8.956405e-03 6.117446e-03 9.999412e-01 -1.277110e+02
9.999426e-01 -5.169136e-03 9.386988e-03 1.214412e+01 5.107391e-03 9.999652e-01 6.589919e-03 2.296551e+00 -9.420726e-03 -6.541597e-03 9.999342e-01 -1.275906e+02
9.999287e-01 4.909301e-03 -1.088982e-02 1.184447e+01 -4.982853e-03 9.999649e-01 -6.737364e-03 2.318940e+00 1.085637e-02 6.791145e-03 9.999180e-01 -1.273993e+02
9.999822e-01 -5.363812e-03 2.618090e-03 1.203240e+01 5.347599e-03 9.999667e-01 6.161180e-03 2.308742e+00 -2.651050e-03 -6.147070e-03 9.999776e-01 -1.275053e+02
9.998593e-01 5.391496e-03 -1.588243e-02 1.238947e+01 -5.509084e-03 9.999577e-01 -7.369186e-03 2.293347e+00 1.584202e-02 7.455646e-03 9.998467e-01 -1.278191e+02
9.999819e-01 -5.127572e-03 3.153848e-03 1.266053e+01 5.104941e-03 9.999615e-01 7.142678e-03 2.279820e+00 -3.190351e-03 -7.126448e-03 9.999695e-01 -1.278709e+02
9.998859e-01 5.477702e-03 -1.407612e-02 1.284898e+01 -5.572809e-03 9.999618e-01 -6.726272e-03 2.268396e+00 1.403874e-02 6.803948e-03 9.998783e-01 -1.277938e+02
9.999833e-01 -5.114599e-03 2.678326e-03 1.305476e+01 5.095432e-03 9.999617e-01 7.115389e-03 2.256119e+00 -2.714616e-03 -7.101623e-03 9.999711e-01 -1.277023e+02
9.998884e-01 5.574344e-03 -1.386228e-02 1.325500e+01 -5.666178e-03 9.999622e-01 -6.594275e-03 2.244073e+00 1.382500e-02 6.672085e-03 9.998822e-01 -1.276084e+02
9.999828e-01 -5.287869e-03 2.543302e-03 1.347522e+01 5.270339e-03 9.999626e-01 6.850905e-03 2.233022e+00 -2.579434e-03 -6.837383e-03 9.999733e-01 -1.275832e+02
9.998838e-01 5.743882e-03 -1.411844e-02 1.369058e+01 -5.834553e-03 9.999626e-01 -6.389360e-03 2.219883e+00 1.408121e-02 6.470992e-03 9.998799e-01 -1.274769e+02
9.999666e-01 -5.816891e-03 5.746095e-03 1.380824e+01 5.790226e-03 9.999724e-01 4.646391e-03 2.231764e+00 -5.772964e-03 -4.612964e-03 9.999727e-01 -1.282125e+02
9.998807e-01 5.118821e-03 -1.457560e-02 1.396692e+01 -5.228798e-03 9.999581e-01 -7.517136e-03 2.251341e+00 1.453651e-02 7.592451e-03 9.998655e-01 -1.293614e+02
9.999617e-01 -6.227055e-03 6.144168e-03 1.415232e+01 6.213550e-03 9.999782e-01 2.214792e-03 2.284310e+00 -6.157826e-03 -2.176530e-03 9.999787e-01 -1.311193e+02
9.999551e-01 4.827525e-03 -8.160418e-03 1.422817e+01 -4.902301e-03 9.999460e-01 -9.168269e-03 2.340699e+00 8.115717e-03 9.207861e-03 9.999247e-01 -1.335633e+02
9.999401e-01 -7.152365e-03 8.285047e-03 1.412658e+01 7.133867e-03 9.999720e-01 2.260097e-03 2.398679e+00 -8.300980e-03 -2.200856e-03 9.999631e-01 -1.361148e+02
9.999469e-01 4.308964e-03 -9.364941e-03 1.407930e+01 -4.403089e-03 9.999398e-01 -1.005349e-02 2.461659e+00 9.321057e-03 1.009419e-02 9.999056e-01 -1.390360e+02
9.999734e-01 -6.643100e-03 3.008461e-03 1.416615e+01 6.633455e-03 9.999729e-01 3.204647e-03 2.515105e+00 -3.029668e-03 -3.184605e-03 9.999903e-01 -1.417343e+02
9.999747e-01 4.419085e-03 -5.578918e-03 1.419934e+01 -4.473616e-03 9.999420e-01 -9.800137e-03 2.566999e+00 5.535287e-03 9.824847e-03 9.999364e-01 -1.442175e+02
9.999792e-01 -6.272711e-03 -1.518964e-03 1.445205e+01 6.277449e-03 9.999754e-01 3.134562e-03 2.617606e+00 1.499265e-03 -3.144032e-03 9.999939e-01 -1.469083e+02
9.999900e-01 4.467279e-03 -3.367679e-04 1.441269e+01 -4.470531e-03 9.999363e-01 -1.036473e-02 2.675124e+00 2.904443e-04 1.036613e-02 9.999462e-01 -1.494047e+02
9.999688e-01 -6.608223e-03 4.324051e-03 1.427284e+01 6.611545e-03 9.999779e-01 -7.543313e-04 2.764587e+00 -4.318971e-03 7.828968e-04 9.999904e-01 -1.529662e+02
9.999514e-01 3.912767e-03 -9.049468e-03 1.459053e+01 -3.980170e-03 9.999644e-01 -7.442257e-03 2.830510e+00 9.020026e-03 7.477913e-03 9.999314e-01 -1.562704e+02
9.999647e-01 -5.473544e-03 -6.375549e-03 1.494666e+01 5.504421e-03 9.999732e-01 4.835483e-03 2.850313e+00 6.348910e-03 -4.870406e-03 9.999680e-01 -1.578985e+02
9.999813e-01 5.299187e-03 -3.047396e-03 1.498571e+01 -5.315460e-03 9.999715e-01 -5.356773e-03 2.862762e+00 3.018923e-03 5.372870e-03 9.999810e-01 -1.583628e+02
9.999772e-01 -5.634105e-03 3.730466e-03 1.462246e+01 5.613908e-03 9.999696e-01 5.402696e-03 2.891428e+00 -3.760792e-03 -5.381629e-03 9.999784e-01 -1.581291e+02
9.999794e-01 5.255049e-03 -3.682023e-03 1.429000e+01 -5.272585e-03 9.999747e-01 -4.769069e-03 2.914183e+00 3.656869e-03 4.788384e-03 9.999818e-01 -1.578786e+02
9.999714e-01 -5.639641e-03 5.043293e-03 1.390419e+01 5.612209e-03 9.999695e-01 5.437197e-03 2.941641e+00 -5.073803e-03 -5.408737e-03 9.999725e-01 -1.575595e+02
9.999596e-01 5.265524e-03 -7.282427e-03 1.366200e+01 -5.302724e-03 9.999729e-01 -5.098329e-03 2.959854e+00 7.255384e-03 5.136739e-03 9.999605e-01 -1.573194e+02
9.999488e-01 -5.448887e-03 8.526338e-03 1.329149e+01 5.401620e-03 9.999700e-01 5.557004e-03 2.985934e+00 -8.556362e-03 -5.510663e-03 9.999482e-01 -1.570132e+02
9.999884e-01 4.787337e-03 4.678467e-04 1.261074e+01 -4.784816e-03 9.999748e-01 -5.249619e-03 3.036255e+00 -4.929665e-04 5.247320e-03 9.999861e-01 -1.562966e+02
9.999579e-01 -5.372887e-03 7.439033e-03 1.196315e+01 5.333205e-03 9.999715e-01 5.343985e-03 3.083054e+00 -7.467534e-03 -5.304086e-03 9.999581e-01 -1.555911e+02
9.999865e-01 4.732238e-03 2.153396e-03 1.124590e+01 -4.722113e-03 9.999779e-01 -4.683051e-03 3.136731e+00 -2.175509e-03 4.672819e-03 9.999867e-01 -1.550444e+02
9.999559e-01 -5.543892e-03 7.576933e-03 1.052874e+01 5.506644e-03 9.999727e-01 4.928106e-03 3.192238e+00 -7.604047e-03 -4.886165e-03 9.999592e-01 -1.544573e+02
9.999842e-01 4.913832e-03 -2.717469e-03 1.003635e+01 -4.926771e-03 9.999765e-01 -4.775117e-03 3.229246e+00 2.693941e-03 4.788430e-03 9.999849e-01 -1.538589e+02
9.999479e-01 -5.330897e-03 8.707167e-03 9.532978e+00 5.287127e-03 9.999733e-01 5.042208e-03 3.266381e+00 -8.733814e-03 -4.995909e-03 9.999494e-01 -1.531920e+02
9.999889e-01 4.088151e-03 2.332234e-03 8.752917e+00 -4.077149e-03 9.999806e-01 -4.703038e-03 3.326383e+00 -2.351416e-03 4.693477e-03 9.999862e-01 -1.527215e+02
9.999848e-01 -5.118279e-03 2.049496e-03 8.099894e+00 5.107544e-03 9.999734e-01 5.209264e-03 3.375626e+00 -2.076104e-03 -5.198717e-03 9.999843e-01 -1.526060e+02
9.999892e-01 4.262993e-03 1.850386e-03 7.496192e+00 -4.254037e-03 9.999793e-01 -4.817562e-03 3.419880e+00 -1.870885e-03 4.809638e-03 9.999867e-01 -1.526865e+02
9.998753e-01 -5.872998e-03 1.466119e-02 6.334010e+00 5.800464e-03 9.999708e-01 4.984991e-03 3.506897e+00 -1.469003e-02 -4.899327e-03 9.998801e-01 -1.525392e+02
9.999045e-01 5.109675e-03 -1.283687e-02 5.784233e+00 -5.177049e-03 9.999730e-01 -5.220710e-03 3.548184e+00 1.280984e-02 5.286668e-03 9.999040e-01 -1.527428e+02
9.998516e-01 -5.558057e-03 1.630483e-02 5.294677e+00 5.463966e-03 9.999682e-01 5.809697e-03 3.581953e+00 -1.633660e-02 -5.719746e-03 9.998502e-01 -1.525916e+02
9.999375e-01 4.825228e-03 -1.008808e-02 4.627951e+00 -4.881383e-03 9.999727e-01 -5.549251e-03 3.630512e+00 1.006103e-02 5.598147e-03 9.999337e-01 -1.524729e+02
9.999622e-01 -5.109665e-03 7.035464e-03 4.481909e+00 5.066695e-03 9.999685e-01 6.111951e-03 3.632242e+00 -7.066472e-03 -6.076073e-03 9.999566e-01 -1.519790e+02
9.999862e-01 4.061899e-03 3.329783e-03 3.868142e+00 -4.043296e-03 9.999763e-01 -5.574785e-03 3.669359e+00 -3.352348e-03 5.561244e-03 9.999789e-01 -1.511695e+02
9.999892e-01 -4.405566e-03 1.472778e-03 3.274526e+00 4.397283e-03 9.999748e-01 5.581270e-03 3.715558e+00 -1.497330e-03 -5.574733e-03 9.999833e-01 -1.508052e+02
9.998371e-01 3.601823e-03 -1.768887e-02 4.015014e+00 -3.682988e-03 9.999828e-01 -4.558055e-03 3.675246e+00 1.767215e-02 4.622459e-03 9.998332e-01 -1.504911e+02
9.999953e-01 -2.947811e-03 -8.363742e-04 4.514895e+00 2.950735e-03 9.999895e-01 3.515602e-03 3.642221e+00 8.260020e-04 -3.518053e-03 9.999935e-01 -1.500262e+02
9.999746e-01 3.216358e-03 -6.354752e-03 4.520075e+00 -3.236334e-03 9.999898e-01 -3.135716e-03 3.635920e+00 6.344602e-03 3.156203e-03 9.999749e-01 -1.497012e+02
9.999933e-01 -3.308881e-03 -1.577259e-03 4.607331e+00 3.313037e-03 9.999910e-01 2.638857e-03 3.633415e+00 1.568513e-03 -2.644064e-03 9.999953e-01 -1.497575e+02
9.999594e-01 3.130197e-03 -8.447887e-03 4.709790e+00 -3.155191e-03 9.999907e-01 -2.946921e-03 3.635231e+00 8.438583e-03 2.973456e-03 9.999600e-01 -1.501304e+02
9.999951e-01 -3.124189e-03 -1.456673e-04 4.768268e+00 3.124657e-03 9.999896e-01 3.327861e-03 3.627042e+00 1.352688e-04 -3.328300e-03 9.999945e-01 -1.499522e+02
9.999589e-01 3.343747e-03 -8.429399e-03 4.825440e+00 -3.371272e-03 9.999890e-01 -3.253185e-03 3.614552e+00 8.418428e-03 3.281469e-03 9.999592e-01 -1.495442e+02
9.999951e-01 -3.115414e-03 -3.889125e-04 4.883333e+00 3.116687e-03 9.999896e-01 3.315911e-03 3.601526e+00 3.785780e-04 -3.317106e-03 9.999944e-01 -1.491379e+02
9.999617e-01 3.403121e-03 -8.064620e-03 4.932443e+00 -3.428751e-03 9.999891e-01 -3.166317e-03 3.589971e+00 8.053757e-03 3.193847e-03 9.999625e-01 -1.487476e+02
9.999942e-01 -3.004890e-03 -1.610772e-03 5.016265e+00 3.009928e-03 9.999906e-01 3.134213e-03 3.578310e+00 1.601339e-03 -3.139042e-03 9.999938e-01 -1.484287e+02
9.999512e-01 3.211871e-03 -9.338654e-03 5.168188e+00 -3.239514e-03 9.999904e-01 -2.946349e-03 3.568380e+00 9.329102e-03 2.976458e-03 9.999521e-01 -1.483221e+02
9.999938e-01 -3.304239e-03 -1.184333e-03 5.316484e+00 3.307446e-03 9.999908e-01 2.715653e-03 3.562689e+00 1.175349e-03 -2.719553e-03 9.999956e-01 -1.484507e+02
9.999487e-01 3.381490e-03 -9.542858e-03 5.466289e+00 -3.405120e-03 9.999912e-01 -2.461008e-03 3.555198e+00 9.534452e-03 2.493376e-03 9.999514e-01 -1.484761e+02
9.999944e-01 -3.219769e-03 -9.054831e-04 5.591879e+00 3.222115e-03 9.999914e-01 2.600779e-03 3.545785e+00 8.971013e-04 -2.603682e-03 9.999962e-01 -1.483602e+02
9.999552e-01 3.142906e-03 -8.925074e-03 5.690016e+00 -3.165605e-03 9.999918e-01 -2.530198e-03 3.543444e+00 8.917048e-03 2.558337e-03 9.999570e-01 -1.485423e+02
9.999935e-01 -3.427946e-03 1.155189e-03 5.725274e+00 3.425559e-03 9.999920e-01 2.062244e-03 3.551046e+00 -1.162249e-03 -2.058273e-03 9.999972e-01 -1.489640e+02
9.999387e-01 3.085461e-03 -1.063718e-02 5.821515e+00 -3.110760e-03 9.999924e-01 -2.362618e-03 3.555886e+00 1.062981e-02 2.395563e-03 9.999406e-01 -1.494387e+02
9.999946e-01 -3.216497e-03 6.355163e-04 5.925568e+00 3.215068e-03 9.999923e-01 2.238074e-03 3.557386e+00 -6.427103e-04 -2.236019e-03 9.999973e-01 -1.497574e+02
9.999477e-01 2.674685e-03 -9.873754e-03 6.075666e+00 -2.701778e-03 9.999926e-01 -2.731532e-03 3.563082e+00 9.866376e-03 2.758066e-03 9.999475e-01 -1.503442e+02
9.999943e-01 -3.048428e-03 -1.478195e-03 6.228028e+00 3.051623e-03 9.999930e-01 2.163503e-03 3.568954e+00 1.471589e-03 -2.168001e-03 9.999966e-01 -1.509394e+02
9.999616e-01 2.785463e-03 -8.310248e-03 6.355526e+00 -2.803226e-03 9.999938e-01 -2.126527e-03 3.570707e+00 8.304274e-03 2.149741e-03 9.999632e-01 -1.513249e+02
9.999940e-01 -3.450946e-03 -7.883275e-05 6.455798e+00 3.451042e-03 9.999933e-01 1.234241e-03 3.579215e+00 7.457276e-05 -1.234506e-03 9.999992e-01 -1.519881e+02
9.999407e-01 2.997485e-03 -1.046641e-02 6.626842e+00 -3.014274e-03 9.999942e-01 -1.588694e-03 3.583146e+00 1.046158e-02 1.620148e-03 9.999440e-01 -1.525742e+02
9.999945e-01 -3.278760e-03 -4.154444e-04 6.788961e+00 3.279497e-03 9.999930e-01 1.783321e-03 3.583836e+00 4.095943e-04 -1.784673e-03 9.999983e-01 -1.529774e+02
9.999581e-01 2.869324e-03 -8.697722e-03 6.900505e+00 -2.885609e-03 9.999941e-01 -1.860272e-03 3.587114e+00 8.692333e-03 1.885292e-03 9.999604e-01 -1.534271e+02
9.999939e-01 -3.385500e-03 -8.939305e-04 7.127432e+00 3.387747e-03 9.999911e-01 2.524069e-03 3.578067e+00 8.853771e-04 -2.527081e-03 9.999964e-01 -1.536003e+02
9.999356e-01 3.899743e-03 -1.065875e-02 7.336105e+00 -3.928163e-03 9.999888e-01 -2.646617e-03 3.563330e+00 1.064831e-02 2.688316e-03 9.999397e-01 -1.534628e+02
9.999917e-01 -3.617671e-03 1.874967e-03 7.397446e+00 3.612146e-03 9.999891e-01 2.941865e-03 3.555307e+00 -1.885589e-03 -2.935068e-03 9.999939e-01 -1.532661e+02
9.999364e-01 3.673673e-03 -1.066761e-02 7.473237e+00 -3.701443e-03 9.999898e-01 -2.584578e-03 3.553288e+00 1.065801e-02 2.623899e-03 9.999398e-01 -1.533479e+02
9.999768e-01 -3.716026e-03 5.706124e-03 7.358853e+00 3.700561e-03 9.999895e-01 2.718413e-03 3.564577e+00 -5.716166e-03 -2.697234e-03 9.999800e-01 -1.534852e+02
9.999195e-01 3.551928e-03 -1.218333e-02 7.265107e+00 -3.580056e-03 9.999910e-01 -2.287717e-03 3.568920e+00 1.217510e-02 2.331149e-03 9.999232e-01 -1.534869e+02
9.999821e-01 -3.791396e-03 4.627317e-03 7.313557e+00 3.782587e-03 9.999910e-01 1.911088e-03 3.572272e+00 -4.634522e-03 -1.893550e-03 9.999875e-01 -1.538360e+02
9.998773e-01 3.252441e-03 -1.532381e-02 7.503862e+00 -3.287652e-03 9.999920e-01 -2.273177e-03 3.576463e+00 1.531629e-02 2.323277e-03 9.998800e-01 -1.544529e+02
9.999900e-01 -3.555068e-03 2.701767e-03 7.769413e+00 3.549771e-03 9.999918e-01 1.963031e-03 3.575976e+00 -2.708723e-03 -1.953420e-03 9.999944e-01 -1.549763e+02
9.999546e-01 3.191350e-03 -8.974043e-03 7.733283e+00 -3.222370e-03 9.999889e-01 -3.444209e-03 3.594286e+00 8.962952e-03 3.472970e-03 9.999538e-01 -1.557652e+02
