9.999522e-01 9.193376e-03 3.316474e-03 9.188724e-02 -9.180172e-03 9.999500e-01 -3.974886e-03 9.533131e-03 -3.352851e-03 3.944250e-03 9.999866e-01 -8.950140e-01
9.999674e-01 3.872904e-03 7.083751e-03 1.420100e-01 -3.873369e-03 9.999925e-01 5.193030e-05 4.278847e-02 -7.083496e-03 -7.936587e-05 9.999749e-01 -2.924894e+00
9.999775e-01 6.622407e-03 -1.027164e-03 2.261657e-01 -6.624996e-03 9.999748e-01 -2.538226e-03 7.087358e-02 1.010328e-03 2.544974e-03 9.999963e-01 -4.641271e+00
9.999867e-01 -3.260643e-03 -3.998230e-03 3.684642e-01 3.263416e-03 9.999944e-01 6.871987e-04 5.836061e-02 3.995968e-03 -7.002367e-04 9.999918e-01 -4.460749e+00
9.999754e-01 6.371925e-03 -2.926258e-03 5.309307e-01 -6.378764e-03 9.999769e-01 -2.333573e-03 4.083020e-02 2.911321e-03 2.352181e-03 9.999930e-01 -4.073017e+00
9.999916e-01 -3.163645e-03 -2.597407e-03 6.749345e-01 3.165889e-03 9.999946e-01 8.602037e-04 2.940257e-02 2.594672e-03 -8.684188e-04 9.999963e-01 -3.933811e+00
9.999648e-01 8.310159e-03 -1.171061e-03 8.182173e-01 -8.313777e-03 9.999606e-01 -3.119756e-03 2.477540e-02 1.145088e-03 3.129382e-03 9.999944e-01 -4.116050e+00
9.999945e-01 -2.950778e-03 -1.509788e-03 9.501434e-01 2.952930e-03 9.999946e-01 1.425554e-03 2.969483e-02 1.505574e-03 -1.430004e-03 9.999978e-01 -4.720497e+00
9.999712e-01 7.249762e-03 -2.234603e-03 1.072950e+00 -7.256616e-03 9.999689e-01 -3.074705e-03 2.538015e-02 2.212243e-03 3.090832e-03 9.999928e-01 -4.902067e+00
9.999923e-01 -3.087542e-03 -2.438633e-03 1.190608e+00 3.090358e-03 9.999946e-01 1.151907e-03 1.683087e-02 2.435063e-03 -1.159433e-03 9.999964e-01 -4.913156e+00
9.999284e-01 1.128308e-02 3.994182e-03 1.302795e+00 -1.126886e-02 9.999302e-01 -3.563377e-03 3.226110e-02 -4.034110e-03 3.518111e-03 9.999857e-01 -6.052146e+00
9.999992e-01 -1.192981e-03 -3.117850e-04 1.396214e+00 1.193423e-03 9.999983e-01 1.423645e-03 5.966719e-02 3.100864e-04 -1.424015e-03 9.999989e-01 -7.693297e+00
9.999497e-01 9.911310e-03 1.554445e-03 1.531040e+00 -9.904377e-03 9.999412e-01 -4.406454e-03 7.402610e-02 -1.598028e-03 4.390836e-03 9.999891e-01 -8.819342e+00
9.999974e-01 -2.256111e-03 -3.464249e-04 1.663085e+00 2.256967e-03 9.999943e-01 2.491697e-03 8.548614e-02 3.408017e-04 -2.492472e-03 9.999968e-01 -9.852126e+00
9.999405e-01 1.089480e-02 5.229673e-04 1.845981e+00 -1.089192e-02 9.999271e-01 -5.214713e-03 9.957239e-02 -5.797427e-04 5.208706e-03 9.999863e-01 -1.105209e+01
9.999936e-01 -3.160559e-03 -1.705134e-03 2.133803e+00 3.164634e-03 9.999921e-01 2.392329e-03 9.570259e-02 1.697560e-03 -2.397709e-03 9.999957e-01 -1.163824e+01
9.999610e-01 8.659645e-03 -1.721376e-03 2.327916e+00 -8.667116e-03 9.999528e-01 -4.380756e-03 8.876034e-02 1.683359e-03 4.395504e-03 9.999889e-01 -1.190304e+01
9.999870e-01 -4.449553e-03 -2.498727e-03 2.491240e+00 4.456625e-03 9.999861e-01 2.831657e-03 8.228696e-02 2.486092e-03 -2.842755e-03 9.999929e-01 -1.206330e+01
9.999547e-01 8.959202e-03 -3.215495e-03 2.663245e+00 -8.973732e-03 9.999495e-01 -4.533177e-03 7.409347e-02 3.174718e-03 4.561826e-03 9.999846e-01 -1.217063e+01
9.999918e-01 -4.007923e-03 -5.919490e-04 2.825381e+00 4.009459e-03 9.999885e-01 2.615936e-03 6.914558e-02 5.814581e-04 -2.618288e-03 9.999964e-01 -1.244582e+01
9.999581e-01 8.803377e-03 -2.512041e-03 2.980820e+00 -8.815273e-03 9.999498e-01 -4.764564e-03 6.021727e-02 2.469971e-03 4.786508e-03 9.999855e-01 -1.250869e+01
9.999902e-01 -3.684260e-03 -2.443814e-03 3.161564e+00 3.689184e-03 9.999912e-01 2.013142e-03 4.166071e-02 2.436376e-03 -2.022137e-03 9.999950e-01 -1.212960e+01
9.999374e-01 1.116831e-02 6.199619e-04 3.347237e+00 -1.116484e-02 9.999234e-01 -5.343890e-03 2.829307e-02 -6.795969e-04 5.336633e-03 9.999855e-01 -1.212461e+01
9.999953e-01 -2.935309e-03 8.874753e-04 3.532060e+00 2.932593e-03 9.999911e-01 3.046198e-03 3.209963e-02 -8.964086e-04 -3.043580e-03 9.999950e-01 -1.296775e+01
9.999481e-01 1.017247e-02 -6.277730e-04 3.696587e+00 -1.017577e-02 9.999331e-01 -5.495810e-03 3.684975e-02 5.718248e-04 5.501912e-03 9.999847e-01 -1.371811e+01
9.999927e-01 -1.200053e-03 3.634127e-03 3.822535e+00 1.191917e-03 9.999968e-01 2.240046e-03 4.392647e-02 -3.636804e-03 -2.235697e-03 9.999909e-01 -1.462129e+01
9.999329e-01 1.147520e-02 1.598714e-03 3.922885e+00 -1.146743e-02 9.999228e-01 -4.784534e-03 6.881316e-02 -1.653494e-03 4.765879e-03 9.999873e-01 -1.624293e+01
9.999948e-01 -2.983137e-03 -1.226215e-03 4.106838e+00 2.986520e-03 9.999917e-01 2.765808e-03 8.900596e-02 1.217955e-03 -2.769455e-03 9.999954e-01 -1.767930e+01
9.998900e-01 1.391786e-02 5.123255e-03 4.290743e+00 -1.388709e-02 9.998856e-01 -5.994003e-03 1.127165e-01 -5.206093e-03 5.922196e-03 9.999689e-01 -1.939277e+01
9.999897e-01 -3.509347e-03 -2.891211e-03 4.538929e+00 3.519427e-03 9.999877e-01 3.488991e-03 1.387889e-01 2.878932e-03 -3.499129e-03 9.999897e-01 -2.125345e+01
9.999588e-01 9.071505e-03 3.689156e-04 4.771753e+00 -9.069328e-03 9.999436e-01 -5.526841e-03 1.396299e-01 -4.190318e-04 5.523267e-03 9.999847e-01 -2.182085e+01
9.999923e-01 -2.852327e-03 -2.684536e-03 4.941486e+00 2.861714e-03 9.999898e-01 3.499286e-03 1.386747e-01 2.674528e-03 -3.506940e-03 9.999903e-01 -2.233655e+01
9.999654e-01 8.265413e-03 9.716599e-04 5.091033e+00 -8.260028e-03 9.999512e-01 -5.421533e-03 1.396575e-01 -1.016424e-03 5.413318e-03 9.999848e-01 -2.285931e+01
9.999916e-01 -2.833192e-03 -2.964818e-03 5.205156e+00 2.841728e-03 9.999918e-01 2.878882e-03 1.359716e-01 2.956638e-03 -2.887283e-03 9.999915e-01 -2.312220e+01
9.999708e-01 7.586716e-03 -8.867156e-04 5.372498e+00 -7.590486e-03 9.999618e-01 -4.328852e-03 1.324817e-01 8.538398e-04 4.335456e-03 9.999902e-01 -2.353031e+01
9.999814e-01 -4.345691e-03 -4.276045e-03 5.529103e+00 4.358573e-03 9.999860e-01 3.007866e-03 1.250153e-01 4.262914e-03 -3.026447e-03 9.999863e-01 -2.361482e+01
9.999476e-01 9.883702e-03 2.680913e-03 5.616889e+00 -9.870614e-03 9.999395e-01 -4.851885e-03 1.307005e-01 -2.728706e-03 4.825168e-03 9.999846e-01 -2.424048e+01
9.999708e-01 -5.453120e-03 -5.359108e-03 5.720633e+00 5.471810e-03 9.999790e-01 3.479077e-03 1.330362e-01 5.340024e-03 -3.508299e-03 9.999796e-01 -2.474502e+01
9.999543e-01 9.545432e-03 5.609873e-04 5.836702e+00 -9.542470e-03 9.999416e-01 -5.065228e-03 1.317673e-01 -6.093046e-04 5.059642e-03 9.999870e-01 -2.505646e+01
9.999513e-01 -7.048691e-03 -6.910548e-03 5.970276e+00 7.078150e-03 9.999659e-01 4.247785e-03 1.221726e-01 6.880371e-03 -4.296491e-03 9.999671e-01 -2.504848e+01
9.999617e-01 8.614801e-03 -1.512364e-03 6.050535e+00 -8.622405e-03 9.999498e-01 -5.095765e-03 1.046247e-01 1.468388e-03 5.108610e-03 9.999859e-01 -2.447079e+01
9.999520e-01 -6.956573e-03 -6.895074e-03 6.128997e+00 6.985741e-03 9.999667e-01 4.215278e-03 8.619925e-02 6.865521e-03 -4.263242e-03 9.999673e-01 -2.383439e+01
9.999568e-01 9.287521e-03 -3.577000e-04 6.250442e+00 -9.289171e-03 9.999447e-01 -4.925350e-03 7.850493e-02 3.119357e-04 4.928460e-03 9.999878e-01 -2.378067e+01
9.999613e-01 -6.439191e-03 -5.995565e-03 6.376409e+00 6.463751e-03 9.999708e-01 4.086126e-03 7.464489e-02 5.969078e-03 -4.124721e-03 9.999737e-01 -2.392304e+01
9.999625e-01 8.442143e-03 -1.941720e-03 6.496596e+00 -8.451574e-03 9.999523e-01 -4.901002e-03 6.468225e-02 1.900252e-03 4.917228e-03 9.999861e-01 -2.376673e+01
9.999560e-01 -6.875669e-03 -6.384372e-03 6.570275e+00 6.902212e-03 9.999676e-01 4.144701e-03 5.084827e-02 6.355668e-03 -4.188584e-03 9.999710e-01 -2.332203e+01
9.999278e-01 1.193179e-02 1.421262e-03 6.706791e+00 -1.192314e-02 9.999112e-01 -5.947078e-03 5.165014e-02 -1.492095e-03 5.929702e-03 9.999813e-01 -2.379157e+01
9.999382e-01 -8.607001e-03 -7.034969e-03 6.842234e+00 8.642724e-03 9.999498e-01 5.063404e-03 5.140005e-02 6.991035e-03 -5.123892e-03 9.999624e-01 -2.416804e+01
9.999552e-01 9.442702e-03 -6.065400e-04 6.883867e+00 -9.446174e-03 9.999374e-01 -6.002636e-03 3.939840e-02 5.498207e-04 6.008096e-03 9.999818e-01 -2.376596e+01
9.999387e-01 -8.353110e-03 -7.263334e-03 6.925850e+00 8.389117e-03 9.999526e-01 4.941090e-03 2.444741e-02 7.221716e-03 -5.001719e-03 9.999614e-01 -2.319789e+01
9.999525e-01 9.538075e-03 -2.023797e-03 7.010628e+00 -9.549110e-03 9.999392e-01 -5.515283e-03 1.087316e-02 1.971068e-03 5.534346e-03 9.999827e-01 -2.277010e+01
9.999355e-01 -8.392171e-03 -7.657503e-03 7.132398e+00 8.428413e-03 9.999534e-01 4.713004e-03 -5.479401e-03 7.617594e-03 -4.777239e-03 9.999596e-01 -2.230627e+01
9.999532e-01 9.644565e-03 -7.806362e-04 7.194123e+00 -9.648811e-03 9.999376e-01 -5.632141e-03 -2.296075e-02 7.262677e-04 5.639409e-03 9.999838e-01 -2.167020e+01
9.999339e-01 -7.848163e-03 -8.396637e-03 7.292260e+00 7.889511e-03 9.999569e-01 4.902606e-03 -3.182063e-02 8.357798e-03 -4.968526e-03 9.999527e-01 -2.146016e+01
9.999430e-01 1.059157e-02 1.358143e-03 7.409408e+00 -1.058392e-02 9.999287e-01 -5.526335e-03 -3.457247e-02 -1.416579e-03 5.511645e-03 9.999838e-01 -2.159684e+01
9.999695e-01 -5.898596e-03 -5.114934e-03 7.483911e+00 5.919837e-03 9.999739e-01 4.147435e-03 -2.627113e-02 5.090337e-03 -4.177587e-03 9.999783e-01 -2.224133e+01
9.999636e-01 8.092194e-03 -2.689569e-03 7.655898e+00 -8.105754e-03 9.999543e-01 -5.069570e-03 -3.898016e-02 2.648422e-03 5.091186e-03 9.999835e-01 -2.209600e+01
9.999758e-01 -5.593390e-03 -4.133254e-03 7.819546e+00 5.611630e-03 9.999745e-01 4.414762e-03 -4.549542e-02 4.108456e-03 -4.437849e-03 9.999817e-01 -2.217272e+01
9.999402e-01 1.089831e-02 8.997934e-04 7.933360e+00 -1.089289e-02 9.999237e-01 -5.818777e-03 -3.592678e-02 -9.631398e-04 5.808627e-03 9.999827e-01 -2.296110e+01
9.999834e-01 -4.640815e-03 -3.429298e-03 8.058736e+00 4.656354e-03 9.999789e-01 4.537133e-03 -2.124632e-02 3.408170e-03 -4.553025e-03 9.999838e-01 -2.398325e+01
9.999646e-01 8.199265e-03 -1.864823e-03 8.262740e+00 -8.208698e-03 9.999533e-01 -5.108681e-03 -1.647142e-02 1.822848e-03 5.123807e-03 9.999852e-01 -2.463080e+01
9.999675e-01 -5.443253e-03 -5.939076e-03 8.419147e+00 5.468484e-03 9.999761e-01 4.240273e-03 -1.994283e-02 5.915853e-03 -4.272612e-03 9.999734e-01 -2.485787e+01
9.999645e-01 7.906176e-03 -2.923235e-03 8.630148e+00 -7.921207e-03 9.999553e-01 -5.166415e-03 -2.905446e-02 2.882257e-03 5.189387e-03 9.999824e-01 -2.487587e+01
9.999967e-01 -2.495938e-03 5.622488e-04 8.732698e+00 2.493571e-03 9.999882e-01 4.172765e-03 -1.432395e-02 -5.726569e-04 -4.171349e-03 9.999911e-01 -2.584962e+01
9.999624e-01 7.655332e-03 -4.083137e-03 8.852686e+00 -7.675899e-03 9.999578e-01 -5.045319e-03 -2.467780e-03 4.044341e-03 5.076471e-03 9.999789e-01 -2.666698e+01
9.999822e-01 -5.158604e-03 -3.002134e-03 8.978883e+00 5.171767e-03 9.999770e-01 4.393476e-03 -4.434735e-03 2.979401e-03 -4.408923e-03 9.999858e-01 -2.684859e+01
9.999594e-01 7.659665e-03 -4.746391e-03 9.119567e+00 -7.685391e-03 9.999557e-01 -5.425787e-03 -1.086380e-02 4.704621e-03 5.462044e-03 9.999740e-01 -2.690826e+01
9.999787e-01 -5.562745e-03 -3.402818e-03 9.254500e+00 5.579429e-03 9.999724e-01 4.913361e-03 -1.754582e-02 3.375392e-03 -4.932242e-03 9.999821e-01 -2.692793e+01
9.999551e-01 9.075726e-03 -2.715235e-03 9.363582e+00 -9.091176e-03 9.999422e-01 -5.732978e-03 -1.245392e-02 2.663047e-03 5.757405e-03 9.999799e-01 -2.740421e+01
9.999912e-01 -4.087955e-03 -9.855263e-04 9.437385e+00 4.092633e-03 9.999801e-01 4.791683e-03 -1.822889e-03 9.659187e-04 -4.795673e-03 9.999880e-01 -2.816319e+01
9.999645e-01 7.889629e-03 -2.947938e-03 9.537874e+00 -7.907362e-03 9.999504e-01 -6.052834e-03 -6.963145e-04 2.900037e-03 6.075929e-03 9.999773e-01 -2.858033e+01
9.999863e-01 -4.741934e-03 -2.225123e-03 9.645383e+00 4.754001e-03 9.999739e-01 5.449076e-03 7.370040e-04 2.199226e-03 -5.459579e-03 9.999827e-01 -2.897329e+01
9.999621e-01 8.306213e-03 -2.621595e-03 9.727205e+00 -8.322736e-03 9.999452e-01 -6.355883e-03 5.211082e-03 2.568657e-03 6.377460e-03 9.999764e-01 -2.944996e+01
9.999923e-01 -3.903392e-03 -3.358757e-04 9.774564e+00 3.905050e-03 9.999794e-01 5.086829e-03 1.400068e-02 3.160131e-04 -5.088101e-03 9.999870e-01 -3.008404e+01
9.999639e-01 7.069149e-03 -4.704319e-03 9.865595e+00 -7.098790e-03 9.999549e-01 -6.314356e-03 1.046655e-02 4.659469e-03 6.347523e-03 9.999690e-01 -3.026093e+01
9.999820e-01 -4.963733e-03 -3.357228e-03 9.938931e+00 4.980602e-03 9.999749e-01 5.035063e-03 -1.176847e-02 3.332151e-03 -5.051693e-03 9.999817e-01 -2.947482e+01
9.999596e-01 7.042210e-03 -5.578596e-03 1.007539e+01 -7.074667e-03 9.999580e-01 -5.819987e-03 -2.978115e-02 5.537376e-03 5.859218e-03 9.999675e-01 -2.904547e+01
9.999840e-01 -5.305058e-03 -1.974579e-03 1.026088e+01 5.314491e-03 9.999743e-01 4.803149e-03 -4.391786e-02 1.949047e-03 -4.813565e-03 9.999865e-01 -2.880061e+01
9.999510e-01 7.383361e-03 -6.593965e-03 1.037015e+01 -7.420144e-03 9.999569e-01 -5.571400e-03 -6.168353e-02 6.552545e-03 5.620054e-03 9.999627e-01 -2.828691e+01
9.999880e-01 -4.886293e-03 -2.172396e-04 1.049829e+01 4.887289e-03 9.999763e-01 4.848095e-03 -6.520571e-02 1.935454e-04 -4.849098e-03 9.999882e-01 -2.847074e+01
9.999443e-01 1.054449e-02 -5.047206e-04 1.056569e+01 -1.054772e-02 9.999206e-01 -6.894030e-03 -5.653077e-02 4.319863e-04 6.898969e-03 9.999761e-01 -2.920937e+01
9.999294e-01 -8.911719e-03 -7.865336e-03 1.068212e+01 8.962047e-03 9.999394e-01 6.386802e-03 -7.194782e-02 7.807943e-03 -6.456840e-03 9.999487e-01 -2.883640e+01
9.999284e-01 1.189414e-02 1.323182e-03 1.077019e+01 -1.188429e-02 9.999033e-01 -7.222520e-03 -7.124145e-02 -1.408960e-03 7.206277e-03 9.999730e-01 -2.912124e+01
9.999276e-01 -9.247402e-03 -7.698207e-03 1.087540e+01 9.296399e-03 9.999366e-01 6.353407e-03 -7.321611e-02 7.638967e-03 -6.424512e-03 9.999502e-01 -2.934145e+01
9.999243e-01 1.224119e-02 -1.229249e-03 1.104008e+01 -1.224964e-02 9.998997e-01 -7.113235e-03 -7.624447e-02 1.142051e-03 7.127753e-03 9.999739e-01 -2.960574e+01
9.999448e-01 -8.763381e-03 -5.802437e-03 1.126220e+01 8.790387e-03 9.999506e-01 4.645118e-03 -9.637894e-02 5.761444e-03 -4.695867e-03 9.999724e-01 -2.912749e+01
9.999179e-01 1.281196e-02 -3.187247e-04 1.135595e+01 -1.281409e-02 9.998865e-01 -7.924677e-03 -1.422263e-01 2.171577e-04 7.928109e-03 9.999685e-01 -2.739823e+01
9.999358e-01 -8.583544e-03 -7.394716e-03 1.148886e+01 8.620828e-03 9.999502e-01 5.024959e-03 -1.915533e-01 7.351216e-03 -5.088384e-03 9.999600e-01 -2.559239e+01
9.999189e-01 1.273856e-02 -4.434449e-05 1.159515e+01 -1.273854e-02 9.998911e-01 -7.444604e-03 -2.337961e-01 -5.049402e-05 7.444564e-03 9.999723e-01 -2.398156e+01
9.999383e-01 -8.124381e-03 -7.570832e-03 1.175988e+01 8.157193e-03 9.999574e-01 4.313125e-03 -2.766945e-01 7.535468e-03 -4.374615e-03 9.999620e-01 -2.250906e+01
9.999248e-01 1.224858e-02 5.315705e-04 1.191039e+01 -1.224478e-02 9.999029e-01 -6.652148e-03 -3.201837e-01 -6.129984e-04 6.645139e-03 9.999777e-01 -2.102152e+01
9.999451e-01 -8.163639e-03 -6.569453e-03 1.197921e+01 8.183774e-03 9.999619e-01 3.043872e-03 -3.656584e-01 6.544353e-03 -3.097467e-03 9.999738e-01 -1.925457e+01
9.999330e-01 1.148438e-02 -1.430253e-03 1.210900e+01 -1.149082e-02 9.999235e-01 -4.577696e-03 -4.009349e-01 1.377571e-03 4.593824e-03 9.999885e-01 -1.804589e+01
9.999426e-01 -8.660665e-03 -6.307123e-03 1.228307e+01 8.684826e-03 9.999550e-01 3.813437e-03 -4.106622e-01 6.273813e-03 -3.867994e-03 9.999728e-01 -1.808603e+01
9.999153e-01 1.288909e-02 -1.824745e-03 1.253770e+01 -1.289779e-02 9.999051e-01 -4.837961e-03 -4.100957e-01 1.762215e-03 4.861085e-03 9.999866e-01 -1.870771e+01
9.999360e-01 -9.769389e-03 -5.706415e-03 1.274969e+01 9.793978e-03 9.999428e-01 4.297008e-03 -4.087391e-01 5.664109e-03 -4.352621e-03 9.999745e-01 -1.923526e+01
9.999037e-01 1.387164e-02 -4.872600e-04 1.292975e+01 -1.387405e-02 9.998895e-01 -5.347450e-03 -4.051856e-01 4.130281e-04 5.353695e-03 9.999856e-01 -1.986662e+01
9.999118e-01 -1.075122e-02 -7.803699e-03 1.320911e+01 1.078411e-02 9.999331e-01 4.184673e-03 -4.119547e-01 7.758187e-03 -4.268459e-03 9.999608e-01 -2.020097e+01
9.999097e-01 1.329839e-02 -1.958002e-03 1.347137e+01 -1.330769e-02 9.998998e-01 -4.819338e-03 -4.238706e-01 1.893716e-03 4.844958e-03 9.999865e-01 -2.029379e+01
9.998726e-01 -9.963526e-03 -1.247112e-02 1.392960e+01 1.001504e-02 9.999415e-01 4.075433e-03 -4.311742e-01 1.242979e-02 -4.199812e-03 9.999139e-01 -2.077110e+01
9.999166e-01 1.279446e-02 1.773822e-03 1.428137e+01 -1.278692e-02 9.999094e-01 -4.197311e-03 -4.303024e-01 -1.827364e-03 4.174278e-03 9.999896e-01 -2.140230e+01
9.998881e-01 -1.045598e-02 -1.069464e-02 1.452396e+01 1.049309e-02 9.999391e-01 3.420196e-03 -4.386550e-01 1.065822e-02 -3.532032e-03 9.999370e-01 -2.159199e+01
9.998948e-01 1.401401e-02 3.739336e-03 1.472214e+01 -1.399797e-02 9.998929e-01 -4.281247e-03 -4.374459e-01 -3.798933e-03 4.228453e-03 9.999838e-01 -2.214272e+01
9.998778e-01 -1.104983e-02 -1.106151e-02 1.490773e+01 1.108935e-02 9.999323e-01 3.517639e-03 -4.365841e-01 1.102189e-02 -3.639873e-03 9.999326e-01 -2.262606e+01
9.998405e-01 1.578624e-02 8.356039e-03 1.500279e+01 -1.574856e-02 9.998656e-01 -4.556130e-03 -4.254548e-01 -8.426840e-03 4.423807e-03 9.999547e-01 -2.344990e+01
9.998303e-01 -1.307423e-02 -1.297743e-02 1.508076e+01 1.311966e-02 9.999081e-01 3.422015e-03 -4.254485e-01 1.293149e-02 -3.591693e-03 9.999099e-01 -2.374033e+01
9.998720e-01 1.529324e-02 4.705556e-03 1.520856e+01 -1.527441e-02 9.998753e-01 -4.010747e-03 -4.316790e-01 -4.766307e-03 3.938358e-03 9.999809e-01 -2.384459e+01
9.998823e-01 -1.122793e-02 -1.045827e-02 1.536891e+01 1.126027e-02 9.999320e-01 3.038144e-03 -4.245151e-01 1.042345e-02 -3.155549e-03 9.999407e-01 -2.456486e+01
9.998215e-01 1.675995e-02 8.726092e-03 1.546806e+01 -1.672272e-02 9.998508e-01 -4.322290e-03 -4.112086e-01 -8.797231e-03 4.175593e-03 9.999526e-01 -2.552782e+01
9.998981e-01 -1.066714e-02 -9.487275e-03 1.552331e+01 1.069444e-02 9.999388e-01 2.831486e-03 -3.952089e-01 9.456491e-03 -2.932658e-03 9.999510e-01 -2.654123e+01
9.998369e-01 1.670802e-02 6.861888e-03 1.565765e+01 -1.667905e-02 9.998518e-01 -4.257319e-03 -3.805315e-01 -6.932002e-03 4.142174e-03 9.999674e-01 -2.758240e+01
9.999141e-01 -1.059494e-02 -7.713788e-03 1.573189e+01 1.061700e-02 9.999396e-01 2.825296e-03 -3.647608e-01 7.683389e-03 -2.906950e-03 9.999663e-01 -2.861248e+01
9.997677e-01 1.858293e-02 1.092109e-02 1.573019e+01 -1.852966e-02 9.998160e-01 -4.959560e-03 -3.420130e-01 -1.101124e-02 4.756043e-03 9.999281e-01 -2.990731e+01
9.999294e-01 -9.931132e-03 -6.525292e-03 1.568805e+01 9.948527e-03 9.999470e-01 2.638726e-03 -3.158981e-01 6.498741e-03 -2.703456e-03 9.999752e-01 -3.128518e+01
9.998270e-01 1.689803e-02 7.769971e-03 1.569624e+01 -1.686430e-02 9.998482e-01 -4.386787e-03 -2.967160e-01 -7.842919e-03 4.254992e-03 9.999602e-01 -3.240830e+01
9.999380e-01 -9.390981e-03 -5.975753e-03 1.573567e+01 9.406664e-03 9.999524e-01 2.601799e-03 -2.748194e-01 5.951035e-03 -2.657849e-03 9.999788e-01 -3.367257e+01
9.998719e-01 1.509925e-02 5.303981e-03 1.575138e+01 -1.507858e-02 9.998786e-01 -3.915174e-03 -2.598456e-01 -5.362453e-03 3.834695e-03 9.999783e-01 -3.457640e+01
9.999483e-01 -8.377436e-03 -5.771058e-03 1.582472e+01 8.391400e-03 9.999619e-01 2.399724e-03 -2.419974e-01 5.750735e-03 -2.448026e-03 9.999805e-01 -3.570681e+01
9.998426e-01 1.566992e-02 8.322654e-03 1.579904e+01 -1.563769e-02 9.998700e-01 -3.923523e-03 -2.178423e-01 -8.383054e-03 3.792758e-03 9.999577e-01 -3.693319e+01
9.999633e-01 -7.069065e-03 -4.843515e-03 1.576693e+01 7.078319e-03 9.999732e-01 1.896029e-03 -1.922620e-01 4.829982e-03 -1.930242e-03 9.999865e-01 -3.826296e+01
9.998057e-01 1.646176e-02 1.084628e-02 1.570422e+01 -1.641664e-02 9.998563e-01 -4.235970e-03 -1.617670e-01 -1.091446e-02 4.057087e-03 9.999322e-01 -3.978204e+01
9.999504e-01 -7.336758e-03 -6.737386e-03 1.567738e+01 7.350594e-03 9.999709e-01 2.031092e-03 -1.341319e-01 6.722288e-03 -2.080514e-03 9.999752e-01 -4.122873e+01
9.998422e-01 1.531853e-02 8.997941e-03 1.570704e+01 -1.528344e-02 9.998754e-01 -3.955458e-03 -1.107274e-01 -9.057411e-03 3.817313e-03 9.999517e-01 -4.255463e+01
9.998815e-01 -9.292656e-03 -1.226966e-02 1.588019e+01 9.319834e-03 9.999542e-01 2.159723e-03 -1.006269e-01 1.224903e-02 -2.273818e-03 9.999224e-01 -4.353091e+01
9.998824e-01 1.353177e-02 7.220018e-03 1.603686e+01 -1.351038e-02 9.999042e-01 -3.003544e-03 -9.660612e-02 -7.259969e-03 2.905645e-03 9.999694e-01 -4.415214e+01
9.999345e-01 -7.326470e-03 -8.796122e-03 1.615669e+01 7.340650e-03 9.999718e-01 1.580912e-03 -8.152639e-02 8.784292e-03 -1.645377e-03 9.999601e-01 -4.519849e+01
9.999212e-01 1.198116e-02 3.744544e-03 1.633756e+01 -1.197105e-02 9.999247e-01 -2.709931e-03 -7.461355e-02 -3.776730e-03 2.664891e-03 9.999893e-01 -4.596033e+01
9.999711e-01 -5.549323e-03 -5.196028e-03 1.646053e+01 5.555984e-03 9.999838e-01 1.268326e-03 -5.868443e-02 5.188905e-03 -1.297157e-03 9.999857e-01 -4.708866e+01
9.999218e-01 1.167704e-02 4.469742e-03 1.655193e+01 -1.166550e-02 9.999286e-01 -2.599761e-03 -4.320243e-02 -4.499781e-03 2.547415e-03 9.999866e-01 -4.812677e+01
9.999692e-01 -5.611367e-03 -5.489837e-03 1.663078e+01 5.618414e-03 9.999834e-01 1.269004e-03 -2.782604e-02 5.482625e-03 -1.299809e-03 9.999841e-01 -4.914143e+01
9.999086e-01 1.243707e-02 5.302096e-03 1.671955e+01 -1.242225e-02 9.999189e-01 -2.818331e-03 -1.067030e-02 -5.336718e-03 2.752208e-03 9.999820e-01 -5.027958e+01
9.999675e-01 -6.126609e-03 -5.247785e-03 1.677977e+01 6.133172e-03 9.999804e-01 1.235481e-03 4.525984e-03 5.240113e-03 -1.267626e-03 9.999855e-01 -5.133105e+01
9.998280e-01 1.544186e-02 1.027488e-02 1.676265e+01 -1.540609e-02 9.998750e-01 -3.550653e-03 3.236889e-02 -1.032843e-02 3.391746e-03 9.999409e-01 -5.286165e+01
9.999823e-01 -5.104301e-03 -3.065682e-03 1.669843e+01 5.107426e-03 9.999864e-01 1.012302e-03 6.587074e-02 3.060473e-03 -1.027941e-03 9.999948e-01 -5.453839e+01
9.998529e-01 1.424349e-02 9.552585e-03 1.660530e+01 -1.421291e-02 9.998937e-01 -3.260902e-03 9.588345e-02 -9.598016e-03 3.124652e-03 9.999491e-01 -5.599943e+01
9.999937e-01 -3.477584e-03 -7.346638e-04 1.648852e+01 3.477971e-03 9.999938e-01 5.265708e-04 1.315411e-01 7.328281e-04 -5.291219e-04 9.999996e-01 -5.771729e+01
9.998831e-01 1.326563e-02 7.599179e-03 1.641722e+01 -1.324287e-02 9.999077e-01 -3.036661e-03 1.632090e-01 -7.638760e-03 2.935671e-03 9.999665e-01 -5.930124e+01
9.999958e-01 -2.813779e-03 7.292504e-04 1.633374e+01 2.813469e-03 9.999960e-01 4.260757e-04 1.978171e-01 -7.304463e-04 -4.240214e-04 9.999996e-01 -6.097819e+01
9.998971e-01 1.334543e-02 5.268806e-03 1.631880e+01 -1.332950e-02 9.999065e-01 -3.046204e-03 2.301208e-01 -5.308966e-03 2.975659e-03 9.999815e-01 -6.267522e+01
9.997975e-01 -4.971093e-03 -1.950023e-02 1.683832e+01 5.014886e-03 9.999850e-01 2.197502e-03 2.444979e-01 1.948901e-02 -2.294848e-03 9.998074e-01 -6.399310e+01
9.999089e-01 8.657370e-03 1.035688e-02 1.706282e+01 -8.635182e-03 9.999603e-01 -2.185097e-03 2.459445e-01 -1.037539e-02 2.095464e-03 9.999440e-01 -6.453597e+01
9.999717e-01 -8.439983e-04 -7.475025e-03 1.705046e+01 8.480175e-04 9.999995e-01 5.345101e-04 2.720528e-01 7.474570e-03 -5.408332e-04 9.999719e-01 -6.584261e+01
9.999034e-01 8.926838e-03 1.065739e-02 1.703438e+01 -8.904342e-03 9.999580e-01 -2.156426e-03 2.969973e-01 -1.067619e-02 2.061320e-03 9.999409e-01 -6.711736e+01
9.999980e-01 1.739060e-03 -1.035156e-03 1.687003e+01 -1.739411e-03 9.999984e-01 -3.376822e-04 3.340750e-01 1.034567e-03 3.394828e-04 9.999994e-01 -6.875302e+01
9.998454e-01 1.121617e-02 1.354118e-02 1.664927e+01 -1.118060e-02 9.999339e-01 -2.699365e-03 3.794370e-01 -1.357056e-02 2.547549e-03 9.999047e-01 -7.074269e+01
9.999976e-01 1.307359e-03 -1.743705e-03 1.648160e+01 -1.308084e-03 9.999991e-01 -4.147935e-04 4.228068e-01 1.743161e-03 4.170741e-04 9.999984e-01 -7.271587e+01
9.997882e-01 1.236062e-02 1.645576e-02 1.621113e+01 -1.231309e-02 9.999197e-01 -2.986560e-03 4.729210e-01 -1.649135e-02 2.783305e-03 9.998601e-01 -7.484643e+01
9.999745e-01 -8.037674e-04 -7.099908e-03 1.605812e+01 8.044352e-04 9.999997e-01 9.118209e-05 5.122866e-01 7.099833e-03 -9.689045e-05 9.999748e-01 -7.664615e+01
9.999117e-01 9.268943e-03 9.521725e-03 1.610944e+01 -9.248633e-03 9.999549e-01 -2.174854e-03 5.355078e-01 -9.541454e-03 2.086598e-03 9.999523e-01 -7.804763e+01
9.999767e-01 -1.227586e-03 -6.716526e-03 1.614683e+01 1.228582e-03 9.999992e-01 1.441553e-04 5.589099e-01 6.716344e-03 -1.524031e-04 9.999774e-01 -7.941990e+01
9.999190e-01 9.664242e-03 8.286383e-03 1.623763e+01 -9.647921e-03 9.999514e-01 -2.007444e-03 5.825073e-01 -8.305381e-03 1.927335e-03 9.999637e-01 -8.083904e+01
9.999412e-01 -3.473168e-03 -1.027224e-02 1.637317e+01 3.479903e-03 9.999937e-01 6.377941e-04 5.977458e-01 1.026996e-02 -6.735023e-04 9.999470e-01 -8.193104e+01
9.998824e-01 1.037622e-02 1.129214e-02 1.639914e+01 -1.035019e-02 9.999436e-01 -2.360417e-03 6.164729e-01 -1.131600e-02 2.243263e-03 9.999335e-01 -8.307345e+01
9.999424e-01 -3.868910e-03 -1.001093e-02 1.638723e+01 3.874766e-03 9.999923e-01 5.656395e-04 6.339399e-01 1.000866e-02 -6.043962e-04 9.999497e-01 -8.411524e+01
9.998973e-01 1.034599e-02 9.915789e-03 1.646112e+01 -1.032589e-02 9.999445e-01 -2.075768e-03 6.501061e-01 -9.936715e-03 1.973165e-03 9.999487e-01 -8.520432e+01
9.998123e-01 -8.235279e-03 -1.753681e-02 1.664428e+01 8.250922e-03 9.999656e-01 8.198201e-04 6.407396e-01 1.752945e-02 -9.643603e-04 9.998459e-01 -8.522832e+01
9.999435e-01 1.007647e-02 3.375544e-03 1.698294e+01 -1.007345e-02 9.999488e-01 -9.105559e-04 6.258449e-01 -3.384546e-03 8.765004e-04 9.999939e-01 -8.523177e+01
9.999205e-01 -4.929015e-03 -1.160738e-02 1.729066e+01 4.932060e-03 9.999878e-01 2.337009e-04 6.386844e-01 1.160609e-02 -2.909300e-04 9.999326e-01 -8.628035e+01
9.998843e-01 1.221577e-02 9.068890e-03 1.750241e+01 -1.220047e-02 9.999241e-01 -1.740862e-03 6.559893e-01 -9.089468e-03 1.630015e-03 9.999574e-01 -8.752296e+01
9.999771e-01 -3.029303e-03 -6.049717e-03 1.756522e+01 3.028383e-03 9.999954e-01 -1.611765e-04 6.840302e-01 6.050177e-03 1.428527e-04 9.999817e-01 -8.907443e+01
9.997126e-01 1.581231e-02 1.802127e-02 1.739565e+01 -1.576294e-02 9.998716e-01 -2.878211e-03 7.282560e-01 -1.806447e-02 2.593315e-03 9.998335e-01 -9.106851e+01
9.999700e-01 -2.874776e-03 -7.186711e-03 1.724326e+01 2.872331e-03 9.999958e-01 -3.504880e-04 7.720778e-01 7.187689e-03 3.298356e-04 9.999741e-01 -9.309704e+01
9.997370e-01 1.473303e-02 1.757522e-02 1.713690e+01 -1.468743e-02 9.998884e-01 -2.720842e-03 8.122014e-01 -1.761334e-02 2.461991e-03 9.998418e-01 -9.501192e+01
9.999252e-01 -2.317767e-03 -1.200602e-02 1.720277e+01 2.312866e-03 9.999972e-01 -4.220840e-04 8.468788e-01 1.200696e-02 3.942848e-04 9.999278e-01 -9.695343e+01
9.996586e-01 1.362081e-02 2.229626e-02 1.706052e+01 -1.357838e-02 9.999057e-01 -2.053561e-03 8.873498e-01 -2.232213e-02 1.750112e-03 9.997493e-01 -9.882887e+01
9.997542e-01 -5.795972e-03 -2.140007e-02 1.705379e+01 5.799938e-03 9.999832e-01 1.233016e-04 9.103751e-01 2.139899e-02 -2.473896e-04 9.997710e-01 -1.000292e+02
9.998960e-01 1.019346e-02 1.020464e-02 1.745506e+01 -1.018542e-02 9.999478e-01 -8.387961e-04 9.165591e-01 -1.021265e-02 7.347696e-04 9.999476e-01 -1.009100e+02
9.999410e-01 -2.802181e-03 -1.049198e-02 1.754135e+01 2.794740e-03 9.999958e-01 -7.238287e-04 9.395222e-01 1.049396e-02 6.944644e-04 9.999447e-01 -1.022682e+02
9.997289e-01 1.255199e-02 1.961169e-02 1.734383e+01 -1.252083e-02 9.999201e-01 -1.711214e-03 9.752524e-01 -1.963160e-02 1.465195e-03 9.998062e-01 -1.037893e+02
9.999234e-01 -3.684098e-03 -1.181652e-02 1.715516e+01 3.676201e-03 9.999930e-01 -6.899423e-04 1.006159e+00 1.181898e-02 6.464502e-04 9.999299e-01 -1.051482e+02
9.996624e-01 1.423842e-02 2.173447e-02 1.697907e+01 -1.419641e-02 9.998971e-01 -2.085808e-03 1.043938e+00 -2.176193e-02 1.776551e-03 9.997616e-01 -1.068159e+02
9.999080e-01 -3.897716e-03 -1.299056e-02 1.684917e+01 3.891309e-03 9.999923e-01 -5.184536e-04 1.080604e+00 1.299248e-02 4.678564e-04 9.999155e-01 -1.084644e+02
9.997009e-01 1.462841e-02 1.959650e-02 1.686920e+01 -1.458693e-02 9.998911e-01 -2.257842e-03 1.114442e+00 -1.962739e-02 1.971314e-03 9.998054e-01 -1.102214e+02
9.998859e-01 -4.839832e-03 -1.430773e-02 1.688390e+01 4.838552e-03 9.999883e-01 -1.240367e-04 1.146614e+00 1.430817e-02 5.479451e-05 9.998976e-01 -1.118602e+02
9.998126e-01 1.115990e-02 1.581929e-02 1.686759e+01 -1.114055e-02 9.999371e-01 -1.310605e-03 1.165988e+00 -1.583292e-02 1.134124e-03 9.998740e-01 -1.128503e+02
9.998914e-01 -3.697247e-03 -1.426270e-02 1.690571e+01 3.691008e-03 9.999931e-01 -4.637207e-04 1.186804e+00 1.426432e-02 4.110273e-04 9.998982e-01 -1.140510e+02
9.998387e-01 1.099459e-02 1.420439e-02 1.700120e+01 -1.098038e-02 9.999391e-01 -1.077871e-03 1.205717e+00 -1.421538e-02 9.217263e-04 9.998985e-01 -1.152465e+02
9.998831e-01 -4.072762e-03 -1.473640e-02 1.708799e+01 4.067468e-03 9.999917e-01 -3.892156e-04 1.224239e+00 1.473787e-02 3.292309e-04 9.998913e-01 -1.163931e+02
9.998245e-01 1.133509e-02 1.491338e-02 1.714912e+01 -1.131887e-02 9.999353e-01 -1.171347e-03 1.243481e+00 -1.492570e-02 1.002338e-03 9.998881e-01 -1.175659e+02
9.998770e-01 -4.515676e-03 -1.501730e-02 1.720825e+01 4.511178e-03 9.999898e-01 -3.334286e-04 1.261769e+00 1.501865e-02 2.656427e-04 9.998872e-01 -1.186704e+02
9.997611e-01 1.223764e-02 1.811063e-02 1.716995e+01 -1.221221e-02 9.999243e-01 -1.514035e-03 1.285778e+00 -1.812779e-02 1.292502e-03 9.998348e-01 -1.198842e+02
9.998886e-01 -5.418638e-03 -1.390913e-02 1.702937e+01 5.415163e-03 9.999853e-01 -2.874944e-04 1.313070e+00 1.391049e-02 2.121429e-04 9.999032e-01 -1.209783e+02
9.995989e-01 1.424583e-02 2.447512e-02 1.671951e+01 -1.421105e-02 9.998977e-01 -1.594298e-03 1.355189e+00 -2.449533e-02 1.245840e-03 9.996992e-01 -1.222574e+02
9.997492e-01 -4.762216e-03 -2.188245e-02 1.675217e+01 4.741874e-03 9.999883e-01 -9.813872e-04 1.383384e+00 2.188686e-02 8.773780e-04 9.997601e-01 -1.237006e+02
9.998802e-01 8.034984e-03 1.322998e-02 1.709632e+01 -8.039642e-03 9.999676e-01 2.989215e-04 1.384998e+00 -1.322715e-02 -4.052507e-04 9.999124e-01 -1.243803e+02
9.997905e-01 -6.383633e-03 -1.944496e-02 1.724270e+01 6.275678e-03 9.999646e-01 -5.607811e-03 1.341713e+00 1.948006e-02 5.484607e-03 9.997952e-01 -1.224629e+02
9.999005e-01 9.966718e-03 9.978970e-03 1.746188e+01 -1.000664e-02 9.999421e-01 3.959089e-03 1.298025e+00 -9.938933e-03 -4.058552e-03 9.999424e-01 -1.210586e+02
9.999590e-01 -1.774268e-03 -8.882826e-03 1.754390e+01 1.722729e-03 9.999817e-01 -5.806364e-03 1.321068e+00 8.892965e-03 5.790824e-03 9.999437e-01 -1.223915e+02
9.998038e-01 1.205479e-02 1.571768e-02 1.749140e+01 -1.211154e-02 9.999205e-01 3.520313e-03 1.355210e+00 -1.567400e-02 -3.709988e-03 9.998703e-01 -1.240334e+02
9.999413e-01 -2.112433e-03 -1.063167e-02 1.742931e+01 2.051036e-03 9.999812e-01 -5.782539e-03 1.388240e+00 1.064368e-02 5.760394e-03 9.999268e-01 -1.256073e+02
9.998634e-01 7.274535e-03 1.484009e-02 1.714448e+01 -7.346012e-03 9.999617e-01 4.767645e-03 1.414924e+00 -1.480484e-02 -4.876010e-03 9.998785e-01 -1.262252e+02
9.999620e-01 -1.358246e-03 -8.607869e-03 1.682106e+01 1.305080e-03 9.999801e-01 -6.179046e-03 1.443597e+00 8.616090e-03 6.167578e-03 9.999439e-01 -1.269671e+02
9.999066e-01 9.459516e-03 9.863536e-03 1.690770e+01 -9.503545e-03 9.999450e-01 4.426530e-03 1.468314e+00 -9.821120e-03 -4.519856e-03 9.999416e-01 -1.283639e+02
9.998814e-01 -3.154392e-03 -1.507198e-02 1.717414e+01 3.067703e-03 9.999786e-01 -5.771271e-03 1.479595e+00 1.508986e-02 5.724351e-03 9.998698e-01 -1.293985e+02
9.998899e-01 8.832791e-03 1.192191e-02 1.733583e+01 -8.890458e-03 9.999490e-01 4.792696e-03 1.495844e+00 -1.187897e-02 -4.898161e-03 9.999174e-01 -1.304986e+02
9.999092e-01 -1.951599e-03 -1.333607e-02 1.746692e+01 1.868114e-03 9.999786e-01 -6.269700e-03 1.513288e+00 1.334802e-02 6.244218e-03 9.998914e-01 -1.316466e+02
9.998371e-01 1.080948e-02 1.445596e-02 1.762505e+01 -1.087247e-02 9.999317e-01 4.285860e-03 1.536436e+00 -1.440864e-02 -4.442335e-03 9.998863e-01 -1.331307e+02
9.998464e-01 -1.072442e-02 -1.386569e-02 1.756664e+01 1.057977e-02 9.998893e-01 -1.046387e-02 1.512646e+00 1.397637e-02 1.031557e-02 9.998491e-01 -1.315393e+02
9.998248e-01 1.459958e-02 1.171555e-02 1.759199e+01 -1.467032e-02 9.998745e-01 5.974760e-03 1.472665e+00 -1.162685e-02 -6.145585e-03 9.999135e-01 -1.294414e+02
9.997339e-01 -1.066270e-02 -2.045363e-02 1.791168e+01 1.052776e-02 9.999222e-01 -6.693784e-03 1.474316e+00 2.052341e-02 6.476672e-03 9.997684e-01 -1.300718e+02
9.996164e-01 1.859220e-02 2.052986e-02 1.810695e+01 -1.869743e-02 9.998130e-01 4.945712e-03 1.498996e+00 -2.043407e-02 -5.327671e-03 9.997770e-01 -1.315372e+02
9.997654e-01 -1.012344e-02 -1.914748e-02 1.823649e+01 9.988836e-03 9.999248e-01 -7.112699e-03 1.523410e+00 1.921805e-02 6.919770e-03 9.997914e-01 -1.329746e+02
9.995838e-01 1.831914e-02 2.228580e-02 1.828728e+01 -1.843709e-02 9.998170e-01 5.098371e-03 1.551542e+00 -2.218832e-02 -5.507135e-03 9.997386e-01 -1.344143e+02
9.998632e-01 -8.243640e-03 -1.434016e-02 1.822012e+01 8.132246e-03 9.999364e-01 -7.809023e-03 1.586849e+00 1.440362e-02 7.691337e-03 9.998667e-01 -1.360673e+02
9.995279e-01 2.019193e-02 2.315630e-02 1.815830e+01 -2.030944e-02 9.997820e-01 4.851053e-03 1.626088e+00 -2.305330e-02 -5.319055e-03 9.997201e-01 -1.379755e+02
9.998035e-01 -9.979476e-03 -1.713095e-02 1.812378e+01 9.851886e-03 9.999232e-01 -7.516282e-03 1.659697e+00 1.720464e-02 7.346033e-03 9.998250e-01 -1.396410e+02
9.996239e-01 1.855897e-02 2.018976e-02 1.816931e+01 -1.867087e-02 9.998113e-01 5.368286e-03 1.684908e+00 -2.008632e-02 -5.743228e-03 9.997818e-01 -1.410721e+02
9.998914e-01 -7.959470e-03 -1.240272e-02 1.813018e+01 7.858457e-03 9.999357e-01 -8.172014e-03 1.720028e+00 1.246696e-02 8.073661e-03 9.998897e-01 -1.428233e+02
9.996439e-01 1.856806e-02 1.916253e-02 1.811171e+01 -1.867644e-02 9.998105e-01 5.492795e-03 1.753867e+00 -1.905691e-02 -5.848728e-03 9.998013e-01 -1.445481e+02
9.997450e-01 -9.390442e-03 -2.053448e-02 1.843350e+01 9.234929e-03 9.999281e-01 -7.655001e-03 1.775891e+00 2.060489e-02 7.463416e-03 9.997598e-01 -1.461393e+02
9.998225e-01 1.479936e-02 1.165670e-02 1.884230e+01 -1.488146e-02 9.998648e-01 6.988265e-03 1.784300e+00 -1.155170e-02 -7.160494e-03 9.999076e-01 -1.471734e+02
9.997553e-01 -1.401743e-02 -1.711024e-02 1.889597e+01 1.383795e-02 9.998484e-01 -1.056360e-02 1.759831e+00 1.725572e-02 1.032424e-02 9.997978e-01 -1.461009e+02
9.998091e-01 1.617697e-02 1.096164e-02 1.897176e+01 -1.627917e-02 9.998242e-01 9.299400e-03 1.735112e+00 -1.080928e-02 -9.476072e-03 9.998967e-01 -1.451969e+02
9.999230e-01 -8.796602e-03 -8.750311e-03 1.900666e+01 8.703799e-03 9.999061e-01 -1.058780e-02 1.758486e+00 8.842625e-03 1.051082e-02 9.999057e-01 -1.463383e+02
9.996727e-01 1.741639e-02 -1.873887e-02 2.027167e+01 -1.721531e-02 9.997931e-01 1.083909e-02 1.758733e+00 1.892377e-02 -1.051295e-02 9.997657e-01 -1.478558e+02
9.999338e-01 -1.007402e-02 -5.550731e-03 2.142957e+01 1.001589e-02 9.998957e-01 -1.040260e-02 1.780385e+00 5.654948e-03 1.034631e-02 9.999305e-01 -1.499700e+02
9.996868e-01 2.168309e-02 1.249373e-02 2.137416e+01 -2.178081e-02 9.997328e-01 7.739370e-03 1.815279e+00 -1.232258e-02 -8.009071e-03 9.998920e-01 -1.517132e+02
9.999171e-01 -1.113183e-02 -6.478727e-03 2.133060e+01 1.106513e-02 9.998863e-01 -1.024043e-02 1.849729e+00 6.591985e-03 1.016789e-02 9.999266e-01 -1.534230e+02
9.999322e-01 1.149960e-02 1.846878e-03 2.137104e+01 -1.151024e-02 9.999166e-01 5.858321e-03 1.824872e+00 -1.779356e-03 -5.879182e-03 9.999811e-01 -1.521785e+02
9.999019e-01 -8.079541e-03 -1.144077e-02 2.157048e+01 7.996974e-03 9.999418e-01 -7.244300e-03 1.789758e+00 1.149863e-02 7.152099e-03 9.999083e-01 -1.510250e+02
9.994274e-01 2.077743e-02 2.670494e-02 2.131932e+01 -2.088219e-02 9.997753e-01 3.649794e-03 1.838255e+00 -2.662310e-02 -4.205362e-03 9.996367e-01 -1.530835e+02
9.999077e-01 -6.423561e-03 -1.196793e-02 2.110783e+01 6.333178e-03 9.999513e-01 -7.574814e-03 1.889711e+00 1.201601e-02 7.498321e-03 9.998997e-01 -1.552968e+02
9.997201e-01 1.649614e-02 1.696052e-02 2.112445e+01 -1.658743e-02 9.998486e-01 5.255643e-03 1.923296e+00 -1.687126e-02 -5.535504e-03 9.998423e-01 -1.570020e+02
9.998706e-01 -8.154339e-03 -1.386712e-02 2.112886e+01 8.051264e-03 9.999397e-01 -7.472671e-03 1.948931e+00 1.392721e-02 7.360057e-03 9.998759e-01 -1.583726e+02
9.995835e-01 1.842049e-02 2.221404e-02 2.102240e+01 -1.852939e-02 9.998172e-01 4.706840e-03 1.983820e+00 -2.212328e-02 -5.116493e-03 9.997422e-01 -1.600424e+02
9.999044e-01 -7.168253e-03 -1.182103e-02 2.086220e+01 7.076185e-03 9.999444e-01 -7.811997e-03 2.023440e+00 1.187637e-02 7.727603e-03 9.998996e-01 -1.618507e+02
9.996662e-01 1.721604e-02 1.926366e-02 2.079613e+01 -1.731808e-02 9.998368e-01 5.142506e-03 2.056493e+00 -1.917198e-02 -5.474400e-03 9.998012e-01 -1.634800e+02
9.998856e-01 -8.076809e-03 -1.279095e-02 2.071644e+01 7.979506e-03 9.999390e-01 -7.640063e-03 2.087439e+00 1.285188e-02 7.537124e-03 9.998890e-01 -1.649902e+02
9.996483e-01 1.741408e-02 2.000032e-02 2.060229e+01 -1.751970e-02 9.998334e-01 5.118062e-03 2.118908e+00 -1.990786e-02 -5.466663e-03 9.997869e-01 -1.664759e+02
9.998976e-01 -7.482466e-03 -1.220193e-02 2.050028e+01 7.389552e-03 9.999435e-01 -7.642075e-03 2.153499e+00 1.225842e-02 7.551126e-03 9.998964e-01 -1.680856e+02
9.998854e-01 1.303894e-02 7.694942e-03 2.067582e+01 -1.308978e-02 9.998926e-01 6.594911e-03 2.166531e+00 -7.608125e-03 -6.694881e-03 9.999486e-01 -1.690101e+02
9.999653e-01 -6.872885e-03 -4.701690e-03 2.048438e+01 6.835177e-03 9.999447e-01 -7.989617e-03 2.192685e+00 4.756342e-03 7.957204e-03 9.999570e-01 -1.698523e+02
9.993716e-01 1.811208e-02 3.046788e-02 1.946937e+01 -1.828680e-02 9.998178e-01 5.465705e-03 2.260727e+00 -3.036333e-02 -6.019431e-03 9.995208e-01 -1.711585e+02
9.999236e-01 -8.960590e-03 -8.516531e-03 1.852140e+01 8.894738e-03 9.999305e-01 -7.738929e-03 2.320691e+00 8.585284e-03 7.662586e-03 9.999338e-01 -1.721378e+02
9.995886e-01 1.791321e-02 2.240149e-02 1.804565e+01 -1.804330e-02 9.998214e-01 5.618742e-03 2.362863e+00 -2.229684e-02 -6.020627e-03 9.997333e-01 -1.733945e+02
9.999440e-01 -6.787879e-03 -8.115127e-03 1.764036e+01 6.720129e-03 9.999426e-01 -8.346997e-03 2.409769e+00 8.171320e-03 8.291995e-03 9.999322e-01 -1.750380e+02
9.995138e-01 2.157071e-02 2.251524e-02 1.733695e+01 -2.167205e-02 9.997560e-01 4.266559e-03 2.459368e+00 -2.241771e-02 -4.752437e-03 9.997374e-01 -1.772193e+02
9.999507e-01 -6.250266e-03 -7.710939e-03 1.712824e+01 6.185870e-03 9.999460e-01 -8.347091e-03 2.510821e+00 7.762694e-03 8.298982e-03 9.999354e-01 -1.796045e+02
9.996306e-01 1.994371e-02 1.846288e-02 1.707965e+01 -2.003809e-02 9.997870e-01 4.941153e-03 2.554081e+00 -1.836040e-02 -5.309289e-03 9.998173e-01 -1.818132e+02
9.999326e-01 -4.911416e-03 -1.051591e-02 1.722474e+01 4.821778e-03 9.999520e-01 -8.532460e-03 2.595713e+00 1.055731e-02 8.481181e-03 9.999083e-01 -1.842261e+02
9.997539e-01 1.799470e-02 1.297357e-02 1.751006e+01 -1.807302e-02 9.998190e-01 5.944778e-03 2.632213e+00 -1.286425e-02 -6.177787e-03 9.998982e-01 -1.864627e+02
9.999044e-01 -7.935583e-03 -1.132453e-02 1.768526e+01 7.846431e-03 9.999380e-01 -7.895305e-03 2.663433e+00 1.138648e-02 7.805694e-03 9.999047e-01 -1.882543e+02
9.997304e-01 1.808890e-02 1.455744e-02 1.773253e+01 -1.817208e-02 9.998192e-01 5.602605e-03 2.692573e+00 -1.445346e-02 -5.865634e-03 9.998783e-01 -1.898351e+02
9.998838e-01 -9.477049e-03 -1.194027e-02 1.782223e+01 9.384724e-03 9.999258e-01 -7.764735e-03 2.717828e+00 1.201297e-02 7.651777e-03 9.998986e-01 -1.913188e+02
9.997478e-01 1.838049e-02 1.290057e-02 1.797594e+01 -1.845299e-02 9.998145e-01 5.523843e-03 2.742053e+00 -1.279664e-02 -5.760504e-03 9.999015e-01 -1.928343e+02
9.998353e-01 -1.054090e-02 -1.477701e-02 1.823944e+01 1.043182e-02 9.999179e-01 -7.439380e-03 2.762063e+00 1.485421e-02 7.284004e-03 9.998631e-01 -1.942921e+02
9.997649e-01 1.813242e-02 1.188739e-02 1.853472e+01 -1.820158e-02 9.998179e-01 5.735699e-03 2.780349e+00 -1.178122e-02 -5.950721e-03 9.999129e-01 -1.957223e+02
9.998145e-01 -1.105872e-02 -1.577005e-02 1.884691e+01 1.094187e-02 9.999122e-01 -7.476635e-03 2.797659e+00 1.585134e-02 7.302695e-03 9.998477e-01 -1.971021e+02
9.997310e-01 2.015893e-02 1.146998e-02 1.921260e+01 -2.022437e-02 9.997797e-01 5.618303e-03 2.818987e+00 -1.135419e-02 -5.848765e-03 9.999184e-01 -1.987485e+02
