1.000000e+00 1.197624e-11 1.704639e-10 3.214096e-14 1.197625e-11 1.000000e+00 3.562503e-10 -1.998401e-15 1.704639e-10 3.562503e-10 1.000000e+00 -4.041212e-14 0.000000e+00 0.000000e+00 0.000000e+00 1.000000e+00
9.477548e-01 -1.659568e-01 2.724319e-01 1.922744e-01 1.805341e-01 9.831364e-01 -2.915922e-02 2.658428e-02 -2.629986e-01 7.681904e-02 9.617331e-01 -3.649245e-01
8.885771e-01 -5.266882e-02 4.556937e-01 4.718285e-01 8.830174e-02 9.944474e-01 -5.724575e-02 4.602038e-02 -4.501484e-01 9.110581e-02 8.882940e-01 -6.480145e-01
9.837243e-01 -1.796739e-01 1.967542e-03 7.683099e-01 1.795295e-01 9.832708e-01 3.078488e-02 7.121260e-02 -7.465867e-03 -2.993060e-02 9.995241e-01 -1.010504e+00
9.992039e-01 3.350553e-02 2.165716e-02 1.447040e+00 -3.231076e-02 9.980533e-01 -5.334350e-02 1.035018e-01 -2.340230e-02 5.260127e-02 9.983413e-01 -1.556549e+00
9.367395e-01 -2.038224e-01 2.845621e-01 2.015742e+00 2.002258e-01 9.788491e-01 4.200130e-02 1.261136e-01 -2.871042e-01 1.763241e-02 9.577371e-01 -1.951188e+00
9.338730e-01 7.977909e-02 -3.485921e-01 2.645352e+00 -7.568696e-02 9.968089e-01 2.536633e-02 1.587065e-01 3.495034e-01 2.694936e-03 9.369312e-01 -2.500285e+00
8.872542e-01 -2.111208e-01 4.101316e-01 3.269086e+00 2.389862e-01 9.708699e-01 -1.724003e-02 1.875547e-01 -3.945447e-01 1.133121e-01 9.118634e-01 -2.978143e+00
9.492236e-01 5.653641e-02 -3.094806e-01 3.318459e+00 -4.218748e-02 9.977100e-01 5.286791e-02 2.153334e-01 3.117608e-01 -3.712726e-02 9.494350e-01 -3.275931e+00
8.483015e-01 -1.708967e-01 5.011775e-01 3.132265e+00 2.443865e-01 9.660108e-01 -8.425220e-02 2.473410e-01 -4.697444e-01 1.939523e-01 8.612332e-01 -3.560025e+00
9.728063e-01 3.676728e-02 -2.286832e-01 2.905330e+00 -1.908314e-02 9.966866e-01 7.906682e-02 2.766114e-01 2.308326e-01 -7.255270e-02 9.702847e-01 -3.791722e+00
8.055523e-01 -1.821063e-01 5.638464e-01 2.866947e+00 2.760600e-01 9.573566e-01 -8.520061e-02 3.006009e-01 -5.242865e-01 2.242890e-01 8.214731e-01 -4.039121e+00
9.983573e-01 2.803861e-02 4.996479e-02 2.633023e+00 -3.069315e-02 9.981132e-01 5.317804e-02 3.161157e-01 -4.837948e-02 -5.462426e-02 9.973343e-01 -4.063773e+00
7.560877e-01 -2.296545e-01 6.128542e-01 2.231946e+00 3.226740e-01 9.454970e-01 -4.378235e-02 3.347952e-01 -5.693970e-01 2.308554e-01 7.889822e-01 -4.050694e+00
9.912528e-01 3.796311e-02 1.263989e-01 2.136175e+00 -3.794666e-02 9.992765e-01 -2.538884e-03 3.470503e-01 -1.264038e-01 -2.279739e-03 9.919762e-01 -4.067649e+00
8.725443e-01 -2.695506e-01 4.074419e-01 2.140215e+00 2.943334e-01 9.557008e-01 1.940761e-03 3.662003e-01 -3.899157e-01 1.182304e-01 9.132291e-01 -4.243025e+00
9.737093e-01 7.468711e-02 -2.152021e-01 2.284855e+00 -7.058618e-02 9.971486e-01 2.668989e-02 3.952215e-01 2.165819e-01 -1.079789e-02 9.762047e-01 -4.579617e+00
9.013650e-01 -2.187245e-01 3.737657e-01 3.106181e+00 2.365870e-01 9.716083e-01 -1.971190e-03 4.210076e-01 -3.627227e-01 9.020489e-02 9.275210e-01 -5.073182e+00
9.292242e-01 1.178219e-01 -3.502291e-01 3.953760e+00 -9.390509e-02 9.919828e-01 8.456883e-02 4.516845e-01 3.573853e-01 -4.569511e-02 9.328385e-01 -5.651507e+00
8.882829e-01 -2.139485e-01 4.064228e-01 4.844048e+00 2.516791e-01 9.669394e-01 -4.105815e-02 4.809748e-01 -3.842019e-01 1.387594e-01 9.127621e-01 -6.221746e+00
9.420938e-01 1.341462e-01 -3.073500e-01 5.685686e+00 -1.021888e-01 9.877552e-01 1.178858e-01 5.076840e-01 3.194005e-01 -7.965179e-02 9.442663e-01 -6.748809e+00
8.185982e-01 -2.429200e-01 5.204678e-01 6.109589e+00 3.237052e-01 9.436614e-01 -6.868870e-02 5.307553e-01 -4.744596e-01 2.247066e-01 8.511140e-01 -7.100822e+00
9.717074e-01 1.441690e-01 -1.870829e-01 6.597552e+00 -1.226597e-01 9.849327e-01 1.219104e-01 5.485402e-01 2.018398e-01 -9.551368e-02 9.747501e-01 -7.402482e+00
9.582301e-01 -2.634609e-01 1.112804e-01 6.801068e+00 2.759596e-01 9.539193e-01 -1.178314e-01 5.697486e-01 -7.510858e-02 1.436185e-01 9.867788e-01 -7.660975e+00
9.717243e-01 1.725908e-01 -1.611348e-01 7.039747e+00 -1.434315e-01 9.735563e-01 1.778076e-01 5.791359e-01 1.875617e-01 -1.496682e-01 9.707832e-01 -7.666622e+00
7.434487e-01 -2.885805e-01 6.033286e-01 7.607526e+00 3.987791e-01 9.154848e-01 -5.350432e-02 5.927300e-01 -5.368979e-01 2.803726e-01 7.956959e-01 -7.934248e+00
9.713730e-01 2.100836e-01 1.109021e-01 8.166176e+00 -2.160616e-01 9.753502e-01 4.482670e-02 5.930649e-01 -9.875106e-02 -6.750515e-02 9.928199e-01 -7.961085e+00
6.816040e-01 -3.774699e-01 6.268433e-01 8.759661e+00 3.793878e-01 9.148341e-01 1.383601e-01 5.913336e-01 -6.256843e-01 1.435099e-01 7.667620e-01 -7.955951e+00
9.809780e-01 1.784462e-01 -7.641454e-02 9.501321e+00 -1.858972e-01 9.769319e-01 -1.051015e-01 6.037054e-01 5.589684e-02 1.173075e-01 9.915213e-01 -8.217242e+00
8.251430e-01 -3.165439e-01 4.679092e-01 1.060947e+01 2.514265e-01 9.474906e-01 1.976015e-01 6.238855e-01 -5.058892e-01 -4.540475e-02 8.614027e-01 -8.665019e+00
9.835113e-01 6.449901e-02 1.689540e-01 1.151700e+01 -2.699958e-02 9.761360e-01 -2.154753e-01 6.348785e-01 -1.788200e-01 2.073607e-01 9.617822e-01 -8.944954e+00
8.899712e-01 -2.130187e-01 4.032049e-01 1.252420e+01 1.260992e-01 9.646715e-01 2.313175e-01 6.516509e-01 -4.382353e-01 -1.550221e-01 8.853914e-01 -9.324985e+00
9.886241e-01 -4.361412e-02 1.439449e-01 1.353061e+01 7.522375e-02 9.721181e-01 -2.220985e-01 6.657906e-01 -1.302448e-01 2.304000e-01 9.643403e-01 -9.661917e+00
8.494348e-01 -9.423516e-02 5.192112e-01 1.454685e+01 -3.600380e-04 9.838218e-01 1.791495e-01 6.797399e-01 -5.276935e-01 -1.523627e-01 8.356585e-01 -1.001012e+01
9.382208e-01 -2.108076e-01 2.744118e-01 1.562404e+01 2.533156e-01 9.586583e-01 -1.296356e-01 6.916840e-01 -2.357390e-01 1.911396e-01 9.528341e-01 -1.032262e+01
9.042357e-01 7.117703e-02 4.210601e-01 1.670243e+01 -1.004267e-01 9.938016e-01 4.767388e-02 7.051708e-01 -4.150570e-01 -8.539411e-02 9.057790e-01 -1.065880e+01
8.959297e-01 -2.846989e-01 3.409640e-01 1.778595e+01 2.917078e-01 9.559812e-01 3.172484e-02 7.150857e-01 -3.349872e-01 7.103866e-02 9.395409e-01 -1.093345e+01
9.802242e-01 1.189681e-01 1.581366e-01 1.899407e+01 -1.107060e-01 9.920345e-01 -6.009812e-02 7.381616e-01 -1.640268e-01 4.140295e-02 9.855866e-01 -1.144083e+01
9.645711e-01 -2.467404e-01 9.339061e-02 2.020719e+01 2.378565e-01 9.664679e-01 9.676815e-02 7.635185e-01 -1.141356e-01 -7.112620e-02 9.909158e-01 -1.198968e+01
9.903565e-01 9.985732e-02 9.603362e-02 2.139174e+01 -9.036111e-02 9.910146e-01 -9.861492e-02 7.893160e-01 -1.050181e-01 8.898623e-02 9.904810e-01 -1.252996e+01
9.751643e-01 -2.130511e-01 6.052890e-02 2.247270e+01 2.045949e-01 9.711853e-01 1.222295e-01 8.154547e-01 -8.482590e-02 -1.068099e-01 9.906544e-01 -1.307178e+01
9.815224e-01 7.088360e-02 1.777339e-01 2.361457e+01 -4.616399e-02 9.891384e-01 -1.395496e-01 8.400232e-01 -1.856952e-01 1.287662e-01 9.741338e-01 -1.359128e+01
9.823506e-01 -1.716716e-01 -7.427047e-02 2.474784e+01 1.809486e-01 9.727661e-01 1.448575e-01 8.704341e-01 4.737987e-02 -1.557400e-01 9.866611e-01 -1.421234e+01
9.914199e-01 6.184698e-02 1.151583e-01 2.592232e+01 -4.409388e-02 9.875836e-01 -1.507795e-01 9.009175e-01 -1.230537e-01 1.444080e-01 9.818371e-01 -1.483250e+01
9.870243e-01 -1.588823e-01 -2.322530e-02 2.700966e+01 1.605282e-01 9.730510e-01 1.655369e-01 9.281043e-01 -3.701499e-03 -1.671173e-01 9.859301e-01 -1.539263e+01
9.977510e-01 4.124349e-02 5.283878e-02 2.811583e+01 -3.221056e-02 9.863227e-01 -1.616478e-01 9.569746e-01 -5.878301e-02 1.595823e-01 9.854329e-01 -1.597681e+01
9.833366e-01 -1.535141e-01 -9.737821e-02 2.917625e+01 1.680128e-01 9.719995e-01 1.642823e-01 9.889725e-01 6.943191e-02 -1.779056e-01 9.815950e-01 -1.660956e+01
9.952612e-01 5.836572e-02 -7.777239e-02 3.019365e+01 -6.921048e-02 9.870121e-01 -1.449722e-01 1.023419e+00 6.830089e-02 1.496678e-01 9.863744e-01 -1.727539e+01
9.820030e-01 -1.764076e-01 -6.745751e-02 3.129117e+01 1.846165e-01 9.719292e-01 1.458439e-01 1.060100e+00 3.983595e-02 -1.556729e-01 9.870051e-01 -1.798035e+01
9.951298e-01 8.162923e-02 5.525674e-02 3.246206e+01 -7.268099e-02 9.862976e-01 -1.481031e-01 1.092725e+00 -6.658913e-02 1.433657e-01 9.874270e-01 -1.864080e+01
9.782294e-01 -1.880214e-01 8.783656e-02 3.369937e+01 1.712983e-01 9.704960e-01 1.696890e-01 1.121835e+00 -1.171502e-01 -1.509486e-01 9.815755e-01 -1.924294e+01
9.756357e-01 5.121989e-02 2.133342e-01 3.496521e+01 -1.145505e-02 9.829329e-01 -1.836075e-01 1.145083e+00 -2.190975e-01 1.766903e-01 9.595712e-01 -1.975636e+01
9.674866e-01 -1.312364e-01 -2.162097e-01 3.613823e+01 1.720825e-01 9.680409e-01 1.824402e-01 1.179584e+00 1.853570e-01 -2.137144e-01 9.591501e-01 -2.043322e+01
9.926012e-01 6.797671e-02 1.006083e-01 3.734377e+01 -4.739514e-02 9.797780e-01 -1.943936e-01 1.216501e+00 -1.117881e-01 1.881869e-01 9.757505e-01 -2.114742e+01
9.822141e-01 -1.535268e-01 1.080971e-01 3.848042e+01 1.270748e-01 9.673573e-01 2.192530e-01 1.240655e+00 -1.382297e-01 -2.016170e-01 9.696613e-01 -2.166847e+01
8.394199e-01 -3.309497e-02 5.424749e-01 3.948277e+01 1.770818e-01 9.603297e-01 -2.154274e-01 1.248774e+00 -5.138251e-01 2.768965e-01 8.119803e-01 -2.190685e+01
9.995227e-01 2.845096e-02 1.203426e-02 4.051600e+01 -3.056666e-02 9.672213e-01 2.520885e-01 1.261031e+00 -4.467633e-03 -2.523360e-01 9.676294e-01 -2.221148e+01
9.365645e-01 -1.581153e-01 3.128043e-01 4.164166e+01 2.297230e-01 9.509614e-01 -2.071226e-01 1.282430e+00 -2.647156e-01 2.658420e-01 9.269594e-01 -2.267436e+01
9.751154e-01 6.493543e-02 2.119749e-01 4.258248e+01 -9.929433e-02 9.828009e-01 1.557015e-01 1.303361e+00 -1.982186e-01 -1.728749e-01 9.647920e-01 -2.313333e+01
9.497903e-01 -2.784435e-01 1.427153e-01 4.336621e+01 3.008001e-01 9.381356e-01 -1.715252e-01 1.330634e+00 -8.612626e-02 2.058417e-01 9.747879e-01 -2.365573e+01
9.596935e-01 1.754106e-01 2.195894e-01 4.420450e+01 -2.007814e-01 9.746257e-01 9.895270e-02 1.352583e+00 -1.966601e-01 -1.390537e-01 9.705611e-01 -2.410127e+01
9.460360e-01 -3.224973e-01 -3.180322e-02 4.510193e+01 3.161940e-01 9.401058e-01 -1.273676e-01 1.379867e+00 7.097410e-02 1.104383e-01 9.913456e-01 -2.465066e+01
9.759555e-01 1.918121e-01 1.035330e-01 4.619752e+01 -2.008428e-01 9.759104e-01 8.521140e-02 1.412374e+00 -8.469436e-02 -1.039564e-01 9.909692e-01 -2.524918e+01
9.486309e-01 -2.894908e-01 -1.276499e-01 4.717549e+01 2.761298e-01 9.545011e-01 -1.126055e-01 1.444370e+00 1.544403e-01 7.157314e-02 9.854063e-01 -2.586289e+01
9.820023e-01 1.556877e-01 1.069239e-01 4.823229e+01 -1.650335e-01 9.826248e-01 8.492657e-02 1.479996e+00 -9.184409e-02 -1.010441e-01 9.906335e-01 -2.654850e+01
9.577405e-01 -2.623558e-01 -1.179090e-01 4.916553e+01 2.504788e-01 9.622464e-01 -1.064996e-01 1.510919e+00 1.413983e-01 7.246532e-02 9.872970e-01 -2.715202e+01
9.642149e-01 8.724453e-02 2.503557e-01 4.944739e+01 -9.388137e-02 9.954753e-01 1.466730e-02 1.539406e+00 -2.479433e-01 -3.764616e-02 9.680428e-01 -2.756953e+01
8.741116e-01 -3.049924e-01 3.780325e-01 4.982344e+01 3.224127e-01 9.464269e-01 1.806289e-02 1.553219e+00 -3.632891e-01 1.060935e-01 9.256161e-01 -2.778486e+01
8.611291e-01 9.388651e-02 4.996419e-01 5.008697e+01 -1.449013e-02 9.869330e-01 -1.604786e-01 1.556650e+00 -5.081798e-01 1.309529e-01 8.512371e-01 -2.784488e+01
8.463057e-01 -2.897216e-01 4.470214e-01 4.996968e+01 2.349901e-01 9.561492e-01 1.748095e-01 1.560321e+00 -4.780652e-01 -4.289666e-02 8.772762e-01 -2.777725e+01
9.068907e-01 -4.819942e-02 4.186002e-01 4.999512e+01 1.611013e-01 9.576224e-01 -2.387586e-01 1.569891e+00 -3.893529e-01 2.839649e-01 8.762238e-01 -2.785279e+01
9.766955e-01 -9.050227e-02 1.946158e-01 4.983663e+01 5.340174e-02 9.807053e-01 1.880567e-01 1.591100e+00 -2.078803e-01 -1.732813e-01 9.626834e-01 -2.801603e+01
8.996862e-01 -1.768705e-01 3.991010e-01 4.932526e+01 2.890272e-01 9.265026e-01 -2.409485e-01 1.622027e+00 -3.271514e-01 3.321291e-01 8.846820e-01 -2.811370e+01
9.574901e-01 1.869768e-02 2.878595e-01 4.889456e+01 -5.335532e-02 9.921582e-01 1.130278e-01 1.647050e+00 -2.834888e-01 -1.235819e-01 9.509793e-01 -2.817746e+01
7.938623e-01 -3.080183e-01 5.243162e-01 4.877278e+01 4.000178e-01 9.139242e-01 -6.876322e-02 1.657908e+00 -4.580049e-01 2.643243e-01 8.487427e-01 -2.820202e+01
9.052991e-01 1.463843e-01 3.987546e-01 4.898703e+01 -1.248423e-01 9.889763e-01 -7.962540e-02 1.668169e+00 -4.060148e-01 2.230337e-02 9.135943e-01 -2.835100e+01
9.259861e-01 -3.585557e-01 1.182689e-01 4.948613e+01 3.514046e-01 9.330247e-01 7.732910e-02 1.688680e+00 -1.380746e-01 -3.004544e-02 9.899660e-01 -2.871180e+01
9.856612e-01 1.685612e-01 7.687868e-03 4.942410e+01 -1.660742e-01 9.771639e-01 -1.325523e-01 1.717700e+00 -2.985549e-02 1.293749e-01 9.911462e-01 -2.901004e+01
8.699421e-01 -3.688803e-01 3.273042e-01 4.940480e+01 3.415537e-01 9.294261e-01 1.396715e-01 1.740617e+00 -3.557271e-01 -9.714183e-03 9.345394e-01 -2.920659e+01
9.773644e-01 1.122088e-01 1.793544e-01 4.982823e+01 -7.096351e-02 9.725224e-01 -2.217306e-01 1.760093e+00 -1.993063e-01 2.039840e-01 9.584715e-01 -2.954192e+01
6.763533e-01 -3.083626e-01 6.689236e-01 4.982060e+01 2.051668e-01 9.510794e-01 2.309862e-01 1.771115e+00 -7.074269e-01 -1.898733e-02 7.065314e-01 -2.961401e+01
9.864137e-01 -5.505512e-02 -1.547801e-01 5.025491e+01 2.315765e-02 9.793637e-01 -2.007749e-01 1.784683e+00 1.626397e-01 1.944627e-01 9.673327e-01 -2.984609e+01
7.011938e-01 -1.256578e-01 7.018100e-01 5.082675e+01 5.160111e-02 9.907091e-01 1.258288e-01 1.797908e+00 -7.111009e-01 -5.201622e-02 7.011632e-01 -3.012598e+01
8.247884e-01 -1.149932e-01 -5.536249e-01 5.152695e+01 7.341748e-02 9.925930e-01 -9.679403e-02 1.824062e+00 5.606549e-01 3.918885e-02 8.271217e-01 -3.063179e+01
8.126398e-01 -2.801229e-02 5.820927e-01 5.247949e+01 6.432830e-03 9.992144e-01 3.910495e-02 1.854326e+00 -5.827309e-01 -2.803373e-02 8.121815e-01 -3.123419e+01
8.341334e-01 -1.525589e-01 -5.300445e-01 5.279204e+01 1.519386e-01 9.873614e-01 -4.507862e-02 1.874158e+00 5.302226e-01 -4.293265e-02 8.467708e-01 -3.152412e+01
8.099424e-01 5.447011e-03 5.864841e-01 5.295142e+01 6.418079e-02 9.931287e-01 -9.785828e-02 1.905100e+00 -5.829872e-01 1.169006e-01 8.040274e-01 -3.190740e+01
6.776004e-01 -5.727322e-02 -7.331967e-01 5.335624e+01 1.764216e-01 9.805108e-01 8.645204e-02 1.942183e+00 7.139559e-01 -1.879317e-01 6.744988e-01 -3.246959e+01
4.663733e-01 1.030031e-01 8.785706e-01 5.343671e+01 2.355554e-01 9.428757e-01 -2.355825e-01 1.972468e+00 -8.526486e-01 3.168214e-01 4.154692e-01 -3.284248e+01
6.910559e-01 3.053942e-02 -7.221559e-01 5.368068e+01 2.653854e-01 9.186058e-01 2.928036e-01 2.002200e+00 6.723186e-01 -3.939932e-01 6.267033e-01 -3.326535e+01
9.212202e-01 1.283842e-01 3.672476e-01 5.408004e+01 3.266426e-02 9.151229e-01 -4.018496e-01 2.042224e+00 -3.876678e-01 3.821878e-01 8.388362e-01 -3.384846e+01
5.643847e-01 -4.604972e-02 -8.242265e-01 5.419297e+01 4.067193e-01 8.843628e-01 2.290893e-01 2.089916e+00 7.183658e-01 -4.645233e-01 5.178501e-01 -3.441503e+01
5.503265e-01 3.608975e-01 7.529235e-01 5.398258e+01 1.485506e-01 8.450511e-01 -5.136354e-01 2.118650e+00 -8.216286e-01 3.945144e-01 4.114425e-01 -3.461269e+01
7.292454e-01 -5.015536e-02 -6.824116e-01 5.371881e+01 4.351696e-01 8.036262e-01 4.059709e-01 2.148218e+00 5.280423e-01 -5.930172e-01 6.078668e-01 -3.479991e+01
7.410657e-01 3.184771e-01 5.910955e-01 5.385862e+01 1.703287e-01 7.623823e-01 -6.243087e-01 2.175931e+00 -6.494688e-01 5.633343e-01 5.107296e-01 -3.513500e+01
8.383839e-01 5.734815e-02 -5.420550e-01 5.483164e+01 3.381971e-01 7.251622e-01 5.998021e-01 2.204829e+00 4.274753e-01 -6.861858e-01 5.885693e-01 -3.571550e+01
8.093794e-01 2.287528e-01 5.409040e-01 5.549363e+01 2.539763e-01 6.941078e-01 -6.735803e-01 2.228060e+00 -5.295290e-01 6.825588e-01 5.036988e-01 -3.615752e+01
8.646788e-01 1.302809e-01 -4.851365e-01 5.641754e+01 2.891008e-01 6.607340e-01 6.927130e-01 2.256906e+00 4.107935e-01 -7.392276e-01 5.336584e-01 -3.672349e+01
9.186863e-01 1.674061e-01 3.577578e-01 5.698897e+01 1.797546e-01 6.293211e-01 -7.560709e-01 2.288357e+00 -3.517154e-01 7.589006e-01 5.480567e-01 -3.725912e+01
8.794320e-01 7.980331e-02 -4.692875e-01 5.772674e+01 3.354486e-01 5.955820e-01 7.299016e-01 2.318172e+00 3.377478e-01 -7.993207e-01 4.970040e-01 -3.781163e+01
8.482817e-01 2.234719e-01 4.800817e-01 5.854468e+01 2.946890e-01 5.540290e-01 -7.785950e-01 2.344684e+00 -4.399733e-01 8.019427e-01 4.041180e-01 -3.834542e+01
9.044470e-01 1.779315e-01 -3.877061e-01 5.942625e+01 2.455271e-01 5.260942e-01 8.142121e-01 2.371738e+00 3.488439e-01 -8.316041e-01 4.321373e-01 -3.887872e+01
9.155097e-01 1.309177e-01 3.803979e-01 6.001508e+01 2.715467e-01 4.965616e-01 -8.244325e-01 2.395295e+00 -2.968238e-01 8.580717e-01 4.190567e-01 -3.930826e+01
9.624236e-01 1.354588e-01 -2.353545e-01 6.071799e+01 1.411998e-01 4.906882e-01 8.598184e-01 2.421987e+00 2.319556e-01 -8.607416e-01 4.531231e-01 -3.979370e+01
9.626541e-01 1.087100e-02 2.705161e-01 6.144277e+01 2.362181e-01 4.544788e-01 -8.588655e-01 2.450055e+00 -1.322806e-01 8.906912e-01 4.349379e-01 -4.030617e+01
9.091719e-01 7.673891e-02 4.092891e-01 6.225385e+01 -3.874736e-01 5.159524e-01 7.639747e-01 2.462754e+00 -1.525471e-01 -8.531731e-01 4.988237e-01 -4.061210e+01
7.090009e-01 -5.386146e-01 4.552054e-01 6.316774e+01 6.917089e-01 4.054556e-01 -5.976158e-01 2.476101e+00 1.373190e-01 7.385797e-01 6.600329e-01 -4.094312e+01
7.646272e-01 5.984995e-01 2.390474e-01 6.416676e+01 -5.869530e-01 4.935321e-01 6.418039e-01 2.506860e+00 2.661418e-01 -6.310503e-01 7.286591e-01 -4.157134e+01
5.568602e-01 -6.722005e-01 4.879069e-01 6.499041e+01 8.255847e-01 3.834425e-01 -4.139827e-01 2.527477e+00 9.119516e-02 6.333390e-01 7.684823e-01 -4.201769e+01
5.544845e-01 7.422399e-01 3.763335e-01 6.578663e+01 -8.310128e-01 5.179324e-01 2.028884e-01 2.540537e+00 -4.432341e-02 -4.252364e-01 9.039964e-01 -4.233127e+01
2.386827e-01 -9.082799e-01 3.435959e-01 6.662358e+01 9.104891e-01 3.323512e-01 2.460738e-01 2.551394e+00 -3.376984e-01 2.541067e-01 9.063055e-01 -4.261791e+01
5.818773e-01 8.085480e-01 -8.757312e-02 6.759428e+01 -7.654306e-01 5.080718e-01 -3.949418e-01 2.568292e+00 -2.748359e-01 2.968388e-01 9.145228e-01 -4.301474e+01
4.299062e-01 -8.773168e-01 2.132977e-01 6.871718e+01 4.494213e-01 4.128322e-01 7.922058e-01 2.588807e+00 -7.830716e-01 -2.447137e-01 5.717640e-01 -4.350380e+01
9.742502e-01 2.224294e-01 -3.690041e-02 6.971149e+01 -1.455340e-01 4.953702e-01 -8.564043e-01 2.601386e+00 -1.722102e-01 8.397223e-01 5.149855e-01 -4.385315e+01
6.134859e-01 -3.282092e-01 7.182714e-01 7.071818e+01 -4.521284e-01 5.997433e-01 6.602180e-01 2.615781e+00 -6.474681e-01 -7.297854e-01 2.195413e-01 -4.424491e+01
7.710085e-01 -6.267919e-01 -1.125958e-01 7.182393e+01 3.338643e-01 5.484057e-01 -7.666719e-01 2.639612e+00 5.422920e-01 5.535188e-01 6.320889e-01 -4.478821e+01
2.104767e-01 2.811677e-01 9.362929e-01 7.308604e+01 -7.123795e-01 7.000061e-01 -5.006965e-02 2.659997e+00 -6.694887e-01 -6.564573e-01 3.476330e-01 -4.529241e+01
5.097840e-01 -8.370045e-01 -1.988559e-01 7.427067e+01 8.445352e-01 5.309394e-01 -6.973945e-02 2.672409e+00 1.639527e-01 -1.323888e-01 9.775442e-01 -4.565857e+01
4.109100e-01 7.705683e-01 4.872140e-01 7.547642e+01 -3.927650e-01 6.319048e-01 -6.681556e-01 2.693261e+00 -8.227324e-01 8.319122e-02 5.623082e-01 -4.615997e+01
8.104499e-01 -5.847252e-01 -3.560021e-02 7.659999e+01 4.046094e-01 5.147850e-01 7.558357e-01 2.699679e+00 -4.236297e-01 -6.269712e-01 6.537928e-01 -4.641472e+01
6.963035e-01 1.931649e-01 6.912661e-01 7.782013e+01 5.619819e-01 4.523709e-01 -6.924860e-01 2.701271e+00 -4.464727e-01 8.706594e-01 2.064322e-01 -4.659989e+01
8.091652e-01 3.619818e-01 4.628400e-01 7.920590e+01 -5.846409e-01 5.746995e-01 5.726391e-01 2.715508e+00 -5.870896e-02 -7.339548e-01 6.766562e-01 -4.702952e+01
4.182803e-01 -7.063973e-01 5.710030e-01 8.058515e+01 9.039144e-01 3.855453e-01 -1.851854e-01 2.742410e+00 -8.933308e-02 5.935972e-01 7.997887e-01 -4.767003e+01
5.249007e-01 8.181161e-01 2.348731e-01 8.221604e+01 -8.322430e-01 5.511644e-01 -5.991110e-02 2.774420e+00 -1.784679e-01 -1.640242e-01 9.701780e-01 -4.840113e+01
2.319285e-01 -9.176244e-01 3.227610e-01 8.401350e+01 5.817195e-01 3.967783e-01 7.100489e-01 2.779259e+00 -7.796227e-01 2.307582e-02 6.258242e-01 -4.869343e+01
8.730157e-01 4.544441e-01 -1.769862e-01 8.553540e+01 -4.228949e-01 5.246595e-01 -7.388453e-01 2.784069e+00 -2.429064e-01 7.198701e-01 6.502181e-01 -4.895002e+01
7.847015e-01 -5.575705e-01 2.708479e-01 8.702253e+01 5.983938e-02 5.030370e-01 8.621908e-01 2.809307e+00 -6.169787e-01 -6.603551e-01 4.280986e-01 -4.953298e+01
9.924263e-01 -5.921318e-02 -1.076280e-01 8.862176e+01 -6.045266e-02 5.272968e-01 -8.475279e-01 2.834249e+00 1.069367e-01 8.476154e-01 5.197237e-01 -5.010999e+01
5.693417e-01 -1.717846e-01 8.039528e-01 9.025815e+01 -5.846122e-01 6.029495e-01 5.428448e-01 2.850788e+00 -5.779953e-01 -7.790648e-01 2.428569e-01 -5.058099e+01
6.653531e-01 -7.336005e-01 1.383314e-01 9.184815e+01 6.726616e-01 5.087694e-01 -5.372896e-01 2.867078e+00 3.237771e-01 4.505375e-01 8.319762e-01 -5.104966e+01
4.367964e-01 5.797944e-01 6.877844e-01 9.323117e+01 -7.557407e-01 6.512236e-01 -6.902017e-02 2.887167e+00 -4.879190e-01 -4.896389e-01 7.226263e-01 -5.153710e+01
5.045532e-01 -8.409693e-01 -1.954400e-01 9.452092e+01 8.450677e-01 5.274076e-01 -8.776068e-02 2.908874e+00 1.768805e-01 -1.208801e-01 9.767811e-01 -5.204669e+01
4.715509e-01 7.802645e-01 4.108856e-01 9.588515e+01 -6.186287e-01 6.247523e-01 -4.764274e-01 2.930012e+00 -6.284412e-01 -2.952587e-02 7.772965e-01 -5.255550e+01
6.782854e-01 -7.304625e-01 -7.970850e-02 9.712907e+01 6.129728e-01 5.026703e-01 6.095793e-01 2.933705e+00 -4.052077e-01 -4.623279e-01 7.887076e-01 -5.275490e+01
8.349296e-01 4.901102e-01 2.503690e-01 9.860726e+01 -8.101261e-02 5.594135e-01 -8.249203e-01 2.943032e+00 -5.443616e-01 6.684673e-01 5.067760e-01 -5.306322e+01
9.416452e-01 -2.382815e-01 2.377524e-01 1.003001e+02 -7.770759e-02 5.333568e-01 8.423135e-01 2.960294e+00 -3.275146e-01 -8.116356e-01 4.837166e-01 -5.352921e+01
8.527311e-01 -2.287551e-01 4.695964e-01 1.019461e+02 5.174224e-01 4.931129e-01 -6.993667e-01 2.973863e+00 -7.158037e-02 8.393514e-01 5.388557e-01 -5.395375e+01
6.433411e-01 3.751574e-01 6.673599e-01 1.033460e+02 -7.118862e-01 6.138464e-01 3.411901e-01 2.984729e+00 -2.816565e-01 -6.945859e-01 6.619819e-01 -5.430662e+01
4.368350e-01 -8.212107e-01 3.671352e-01 1.045390e+02 8.833170e-01 4.687697e-01 -2.465400e-03 2.984148e+00 -1.700772e-01 3.253737e-01 9.301643e-01 -5.443262e+01
5.058200e-01 7.836322e-01 3.606477e-01 1.060282e+02 -5.764149e-01 6.180734e-01 -5.345382e-01 2.992244e+00 -6.417881e-01 6.249745e-02 7.643312e-01 -5.473178e+01
7.005074e-01 -7.118000e-01 5.128526e-02 1.075846e+02 4.718417e-01 5.158726e-01 7.150111e-01 3.002624e+00 -5.354016e-01 -4.766720e-01 6.972294e-01 -5.511578e+01
8.477454e-01 2.601650e-01 4.622142e-01 1.085165e+02 2.807831e-01 5.191907e-01 -8.072186e-01 2.999191e+00 -4.499873e-01 8.140978e-01 3.670916e-01 -5.518741e+01
7.916369e-01 6.488527e-02 6.075368e-01 1.090674e+02 -5.134542e-01 6.096095e-01 6.039380e-01 2.985271e+00 -3.311735e-01 -7.900419e-01 5.159050e-01 -5.497996e+01
4.523576e-01 -6.741493e-01 5.838624e-01 1.098691e+02 8.792171e-01 4.468469e-01 -1.652427e-01 2.969944e+00 -1.494988e-01 5.880906e-01 7.948582e-01 -5.478403e+01
4.512556e-01 7.423174e-01 4.953113e-01 1.102542e+02 -5.975944e-01 6.635762e-01 -4.500529e-01 2.938966e+00 -6.627589e-01 -9.290634e-02 7.430472e-01 -5.424614e+01
6.426424e-01 -7.622934e-01 7.693827e-02 1.114253e+02 5.223345e-01 5.093729e-01 6.838903e-01 2.937255e+00 -5.605153e-01 -3.993094e-01 7.255168e-01 -5.433543e+01
9.182734e-01 3.664556e-01 1.499473e-01 1.124252e+02 -9.087110e-02 5.636469e-01 -8.210022e-01 2.938222e+00 -3.853782e-01 7.402786e-01 5.508822e-01 -5.444160e+01
8.724740e-01 -2.406884e-01 4.252743e-01 1.133968e+02 -2.244980e-01 5.755801e-01 7.863257e-01 2.937264e+00 -4.340390e-01 -7.815220e-01 4.481446e-01 -5.452635e+01
7.671418e-01 -3.880266e-01 5.108120e-01 1.142126e+02 6.405344e-01 5.065253e-01 -5.771896e-01 2.927718e+00 -3.477433e-02 7.699789e-01 6.371211e-01 -5.442305e+01
5.296248e-01 5.170586e-01 6.724195e-01 1.155208e+02 -7.632963e-01 6.362776e-01 1.119358e-01 2.928742e+00 -3.699680e-01 -5.725393e-01 7.316573e-01 -5.457978e+01
5.064012e-01 -8.542994e-01 1.171764e-01 1.168923e+02 8.573108e-01 5.133960e-01 3.798273e-02 2.937318e+00 -9.260649e-02 8.122205e-02 9.923845e-01 -5.486935e+01
6.032839e-01 7.728658e-01 1.967917e-01 1.183057e+02 -6.910997e-01 6.297631e-01 -3.546542e-01 2.961766e+00 -3.980323e-01 7.795450e-02 9.140533e-01 -5.543485e+01
6.212446e-01 -7.835526e-01 -1.001902e-02 1.197222e+02 6.684725e-01 5.232443e-01 5.285451e-01 2.979812e+00 -4.089005e-01 -3.350532e-01 8.488461e-01 -5.588403e+01
8.376468e-01 5.456087e-01 -2.567096e-02 1.210773e+02 -4.239700e-01 6.198312e-01 -6.603474e-01 3.002090e+00 -3.443797e-01 5.640216e-01 7.505213e-01 -5.639822e+01
8.220545e-01 -5.483029e-01 1.535913e-01 1.222502e+02 2.207841e-01 5.555668e-01 8.016233e-01 3.013160e+00 -5.248626e-01 -6.250675e-01 5.777628e-01 -5.670111e+01
9.914808e-01 7.148448e-02 1.088847e-01 1.234324e+02 4.604423e-02 5.896227e-01 -8.063653e-01 3.023927e+00 -1.218435e-01 8.045092e-01 5.813081e-01 -5.699372e+01
9.032752e-01 -1.066988e-01 4.155830e-01 1.247226e+02 -2.655499e-01 6.217653e-01 7.368114e-01 3.045386e+00 -3.370120e-01 -7.759016e-01 5.332914e-01 -5.748365e+01
9.011548e-01 -3.851868e-01 -1.988747e-01 1.260919e+02 9.685910e-02 6.260811e-01 -7.737188e-01 3.078606e+00 4.225380e-01 6.779776e-01 6.015048e-01 -5.816135e+01
9.228626e-01 -3.002423e-02 3.839572e-01 1.273586e+02 -2.707221e-01 6.585133e-01 7.021893e-01 3.115188e+00 -2.739236e-01 -7.519700e-01 5.995891e-01 -5.889728e+01
8.989203e-01 -4.172109e-01 1.337064e-01 1.283843e+02 3.896326e-01 6.217665e-01 -6.794062e-01 3.133644e+00 2.003215e-01 6.628284e-01 7.214775e-01 -5.931574e+01
5.739274e-01 2.546718e-01 7.782992e-01 1.294326e+02 -6.149400e-01 7.616673e-01 2.042348e-01 3.147323e+00 -5.407922e-01 -5.958232e-01 5.937496e-01 -5.964938e+01
6.495276e-01 -7.583110e-01 -5.548236e-02 1.307163e+02 7.210581e-01 6.374808e-01 -2.714654e-01 3.168931e+00 2.412242e-01 1.363183e-01 9.608477e-01 -6.014516e+01
5.505723e-01 6.424427e-01 5.330455e-01 1.320083e+02 -6.323601e-01 7.378217e-01 -2.360928e-01 3.193074e+00 -5.449687e-01 -2.070906e-01 8.124793e-01 -6.070210e+01
6.344688e-01 -7.570350e-01 -1.560362e-01 1.330646e+02 7.707344e-01 6.043580e-01 2.017916e-01 3.211472e+00 -5.846158e-02 -2.482929e-01 9.669193e-01 -6.113849e+01
5.191635e-01 6.528338e-01 5.516133e-01 1.339548e+02 -9.098196e-02 6.839542e-01 -7.238294e-01 3.201835e+00 -8.498185e-01 3.255990e-01 4.144802e-01 -6.106218e+01
9.620531e-01 -2.707356e-01 3.400202e-02 1.351654e+02 1.444319e-01 6.109897e-01 7.783515e-01 3.197750e+00 -2.315023e-01 -7.439045e-01 6.269073e-01 -6.112205e+01
9.083038e-01 -2.104946e-02 4.177812e-01 1.364285e+02 3.508973e-01 5.820240e-01 -7.335661e-01 3.213404e+00 -2.277175e-01 8.128991e-01 5.360408e-01 -6.152068e+01
7.336049e-01 1.858974e-01 6.536559e-01 1.376594e+02 -5.787528e-01 6.750434e-01 4.575605e-01 3.217985e+00 -3.561868e-01 -7.139738e-01 6.028038e-01 -6.174297e+01
5.161969e-01 -7.209178e-01 4.624049e-01 1.388965e+02 8.423435e-01 5.249859e-01 -1.218487e-01 3.222827e+00 -1.549131e-01 4.524017e-01 8.782566e-01 -6.198331e+01
5.445965e-01 7.207976e-01 4.287954e-01 1.401368e+02 -5.852113e-01 6.928130e-01 -4.213524e-01 3.235997e+00 -6.007848e-01 -2.146891e-02 7.991224e-01 -6.237153e+01
6.621621e-01 -7.485014e-01 3.587421e-02 1.414326e+02 6.052630e-01 5.624443e-01 5.633056e-01 3.256926e+00 -4.418123e-01 -3.512863e-01 8.254695e-01 -6.288360e+01
8.930315e-01 4.243136e-01 1.498422e-01 1.425122e+02 -1.534014e-01 6.000992e-01 -7.850790e-01 3.282480e+00 -4.230399e-01 6.781143e-01 6.009977e-01 -6.348262e+01
7.791236e-01 -3.514731e-01 5.190694e-01 1.435846e+02 -2.111064e-01 6.325567e-01 7.451887e-01 3.293252e+00 -5.902546e-01 -6.901730e-01 4.186416e-01 -6.380861e+01
9.283676e-01 -3.592304e-01 9.532632e-02 1.449955e+02 3.153824e-01 6.257301e-01 -7.134394e-01 3.307145e+00 1.966406e-01 6.923983e-01 6.942025e-01 -6.417491e+01
5.702974e-01 2.142229e-01 7.930129e-01 1.463297e+02 -6.526165e-01 7.044364e-01 2.790359e-01 3.312425e+00 -4.988513e-01 -6.766668e-01 5.415436e-01 -6.441954e+01
6.622192e-01 -7.408911e-01 -1.120095e-01 1.474020e+02 6.480995e-01 6.413617e-01 -4.106363e-01 3.320475e+00 3.760754e-01 1.993379e-01 9.048932e-01 -6.466708e+01
1.894355e-01 5.724027e-01 7.977903e-01 1.485082e+02 -4.883037e-01 7.598248e-01 -4.292153e-01 3.318408e+00 -8.518649e-01 -3.082553e-01 4.234441e-01 -6.475512e+01
7.480557e-01 -5.998490e-01 -2.838905e-01 1.498292e+02 6.606485e-01 6.325663e-01 4.042320e-01 3.315910e+00 -6.289862e-02 -4.899399e-01 8.694841e-01 -6.485701e+01
5.308376e-01 5.357275e-01 6.566639e-01 1.512923e+02 2.346176e-01 6.516643e-01 -7.213101e-01 3.320406e+00 -8.143501e-01 5.369634e-01 2.202368e-01 -6.510197e+01
9.959844e-01 6.773973e-02 -5.853582e-02 1.527085e+02 3.659311e-03 6.224842e-01 7.826238e-01 3.329563e+00 8.945235e-02 -7.796953e-01 6.197367e-01 -6.541511e+01
3.602354e-01 -1.281679e-01 9.240149e-01 1.539641e+02 8.252458e-01 5.056383e-01 -2.515935e-01 3.326333e+00 -4.349711e-01 8.531722e-01 2.879189e-01 -6.550152e+01
6.429414e-01 6.871742e-01 3.382572e-01 1.552711e+02 -7.508456e-01 6.526692e-01 1.012609e-01 3.310559e+00 -1.511862e-01 -3.190838e-01 9.355898e-01 -6.537305e+01
1.495144e-01 -8.457703e-01 5.121700e-01 1.567006e+02 5.986963e-01 4.896800e-01 6.338582e-01 3.303502e+00 -7.868978e-01 2.118634e-01 5.795737e-01 -6.541936e+01
8.855881e-01 4.414190e-01 -1.445091e-01 1.581229e+02 -4.230313e-01 6.380834e-01 -6.433460e-01 3.306957e+00 -1.917763e-01 6.308714e-01 7.518132e-01 -6.564859e+01
4.923297e-01 -5.663925e-01 6.609168e-01 1.595670e+02 -2.292040e-01 6.481559e-01 7.261952e-01 3.312669e+00 -8.396886e-01 -5.090122e-01 1.892870e-01 -6.591984e+01
9.125249e-01 -4.045440e-01 6.035296e-02 1.608239e+02 3.312225e-01 6.442951e-01 -6.893297e-01 3.309845e+00 2.399791e-01 6.490208e-01 7.219294e-01 -6.602114e+01
3.845199e-02 2.443146e-01 9.689333e-01 1.618628e+02 -5.818066e-01 7.938180e-01 -1.770707e-01 3.293864e+00 -8.124177e-01 -5.569231e-01 1.726677e-01 -6.588980e+01
6.623750e-01 -7.059844e-01 -2.506898e-01 1.630961e+02 7.467130e-01 6.492332e-01 1.446233e-01 3.284361e+00 6.065431e-02 -2.829882e-01 9.572036e-01 -6.587354e+01
2.414401e-01 6.550657e-01 7.159578e-01 1.645057e+02 2.176405e-01 6.824375e-01 -6.977905e-01 3.275407e+00 -9.456951e-01 3.242960e-01 2.219894e-02 -6.589541e+01
9.870290e-01 4.483605e-02 -1.541542e-01 1.659232e+02 9.401146e-02 6.169343e-01 7.813795e-01 3.276245e+00 1.301370e-01 -7.857365e-01 6.047169e-01 -6.606824e+01
7.745779e-01 -3.294639e-02 6.316199e-01 1.673594e+02 5.341855e-01 5.687636e-01 -6.254229e-01 3.298635e+00 -3.386369e-01 8.218409e-01 4.581512e-01 -6.659218e+01
8.448001e-01 3.761296e-01 3.805778e-01 1.685938e+02 -5.326425e-01 6.589762e-01 5.310767e-01 3.312459e+00 -5.103805e-02 -6.513655e-01 7.570457e-01 -6.699188e+01
2.198852e-01 -6.491370e-01 7.281975e-01 1.694827e+02 8.736208e-01 4.631981e-01 1.491117e-01 3.309489e+00 -4.340936e-01 6.033810e-01 6.689500e-01 -6.705261e+01
6.613915e-01 7.374900e-01 1.366373e-01 1.704393e+02 -6.504655e-01 6.546893e-01 -3.850670e-01 3.302169e+00 -3.734380e-01 1.658022e-01 9.127177e-01 -6.705632e+01
4.426293e-01 -7.887129e-01 4.266278e-01 1.717711e+02 1.911004e-01 5.478133e-01 8.144822e-01 3.289872e+00 -8.761050e-01 -2.789850e-01 3.932015e-01 -6.700234e+01
9.991443e-01 2.575058e-02 -3.236640e-02 1.732177e+02 -4.135821e-02 6.299436e-01 -7.755389e-01 3.286801e+00 4.184262e-04 7.762139e-01 6.304695e-01 -6.709941e+01
6.874924e-01 -2.084266e-01 6.956382e-01 1.746747e+02 -4.318357e-01 6.528150e-01 6.223749e-01 3.291040e+00 -5.838426e-01 -7.282794e-01 3.587993e-01 -6.732679e+01
7.817896e-01 -5.772414e-01 2.357909e-01 1.761307e+02 6.079793e-01 6.217162e-01 -4.937917e-01 3.283422e+00 1.384419e-01 5.293972e-01 8.370021e-01 -6.735603e+01
2.281122e-01 5.022609e-01 8.340856e-01 1.774233e+02 -6.035436e-01 7.451676e-01 -2.836554e-01 3.263230e+00 -7.640026e-01 -4.387018e-01 4.731182e-01 -6.715870e+01
6.815181e-01 -7.317717e-01 6.571972e-03 1.788098e+02 6.281382e-01 5.895620e-01 5.077982e-01 3.237176e+00 -3.754669e-01 -3.419456e-01 8.614510e-01 -6.686096e+01
7.444391e-01 4.730671e-01 4.711877e-01 1.801567e+02 6.343809e-02 6.523924e-01 -7.552217e-01 3.230760e+00 -6.646698e-01 5.921078e-01 4.556559e-01 -6.689543e+01
8.994233e-01 -1.377129e-01 4.148168e-01 1.812414e+02 -2.227936e-01 6.720611e-01 7.061847e-01 3.227274e+00 -3.760330e-01 -7.275775e-01 5.737858e-01 -6.698613e+01
5.307921e-01 -4.162315e-01 7.382486e-01 1.823494e+02 8.006904e-01 5.317850e-01 -2.758616e-01 3.222925e+00 -2.777673e-01 7.375338e-01 6.155399e-01 -6.705644e+01
6.364078e-01 6.806387e-01 3.629271e-01 1.838115e+02 -7.456450e-01 6.633065e-01 6.354507e-02 3.227723e+00 -1.974807e-01 -3.110554e-01 9.296483e-01 -6.730110e+01
3.372059e-01 -8.420288e-01 4.210460e-01 1.851325e+02 7.225310e-01 5.181865e-01 4.576370e-01 3.233699e+00 -6.035239e-01 1.499009e-01 7.831275e-01 -6.756151e+01
8.264806e-01 5.560738e-01 8.781657e-02 1.862521e+02 -3.542622e-01 6.349521e-01 -6.865377e-01 3.238807e+00 -4.375250e-01 5.363000e-01 7.217716e-01 -6.779975e+01
6.011751e-01 -5.347887e-01 5.937925e-01 1.873115e+02 -1.692556e-01 6.409893e-01 7.486556e-01 3.237048e+00 -7.809872e-01 -5.505758e-01 2.948308e-01 -6.791641e+01
9.116388e-01 -3.671049e-01 1.847935e-01 1.884384e+02 3.885385e-01 6.232209e-01 -6.786999e-01 3.236199e+00 1.339869e-01 6.905285e-01 7.107868e-01 -6.803286e+01
4.998728e-01 2.743871e-01 8.214858e-01 1.897128e+02 -6.563501e-01 7.388629e-01 1.525981e-01 3.243806e+00 -5.650944e-01 -6.154619e-01 5.494315e-01 -6.830751e+01
6.203417e-01 -7.825877e-01 5.227533e-02 1.909512e+02 7.828297e-01 6.136542e-01 -1.029863e-01 3.251490e+00 4.851682e-02 1.048094e-01 9.933082e-01 -6.858602e+01
4.532736e-01 6.877680e-01 5.670258e-01 1.921562e+02 -4.272054e-01 7.259276e-01 -5.390034e-01 3.258184e+00 -7.823290e-01 2.079527e-03 6.228620e-01 -6.883800e+01
8.150888e-01 -5.742237e-01 -7.679468e-02 1.934533e+02 4.893513e-01 6.114559e-01 6.218174e-01 3.261649e+00 -3.101057e-01 -5.444160e-01 7.793880e-01 -6.904588e+01
7.213298e-01 3.238945e-01 6.121893e-01 1.944199e+02 3.349588e-01 6.105171e-01 -7.176847e-01 3.248282e+00 -6.062062e-01 7.227456e-01 3.318929e-01 -6.891552e+01
9.166073e-01 1.576598e-01 3.673887e-01 1.950380e+02 -3.782378e-01 6.396287e-01 6.691870e-01 3.225178e+00 -1.294884e-01 -7.523420e-01 6.459213e-01 -6.853040e+01
3.375544e-01 -5.022886e-01 7.960925e-01 1.956154e+02 8.612531e-01 5.061025e-01 -4.586179e-02 3.195280e+00 -3.798685e-01 7.011180e-01 6.034347e-01 -6.802596e+01
5.883626e-01 7.182769e-01 3.713594e-01 1.963953e+02 -6.098501e-01 6.957500e-01 -3.794927e-01 3.172814e+00 -5.309541e-01 -3.194239e-03 8.473945e-01 -6.772994e+01
4.048940e-01 -7.883288e-01 4.632478e-01 1.972516e+02 2.381710e-01 5.800735e-01 7.789668e-01 3.158136e+00 -8.827998e-01 -2.050668e-01 4.226253e-01 -6.759275e+01
9.994512e-01 3.067283e-02 1.251235e-02 1.985525e+02 -1.043972e-02 6.501045e-01 -7.597731e-01 3.162334e+00 -3.143873e-02 7.592255e-01 6.500679e-01 -6.782083e+01
4.623171e-01 -1.545404e-01 8.731438e-01 1.997248e+02 -5.211519e-01 7.493159e-01 4.085662e-01 3.164752e+00 -7.174006e-01 -6.439277e-01 2.658825e-01 -6.802424e+01
5.997889e-01 -7.254394e-01 3.376255e-01 2.007112e+02 7.941752e-01 5.912179e-01 -1.405246e-01 3.150377e+00 -9.766814e-02 3.524189e-01 9.307319e-01 -6.791615e+01
3.213115e-01 6.721881e-01 6.670248e-01 2.016350e+02 -2.214699e-01 7.381817e-01 -6.372118e-01 3.134780e+00 -9.207117e-01 5.701758e-02 3.860557e-01 -6.778930e+01
8.681674e-01 -4.705153e-01 1.577998e-01 2.025372e+02 2.136151e-01 6.413059e-01 7.369500e-01 3.124302e+00 -4.479442e-01 -6.060875e-01 6.572701e-01 -6.774026e+01
6.432719e-01 1.060445e-02 7.655644e-01 2.036236e+02 6.265331e-01 5.674236e-01 -5.343096e-01 3.113196e+00 -4.400654e-01 8.233578e-01 3.583636e-01 -6.769375e+01
7.369100e-01 4.345054e-01 5.178500e-01 2.047527e+02 -6.344548e-01 7.089479e-01 3.079934e-01 3.112150e+00 -2.333039e-01 -5.555158e-01 7.981049e-01 -6.781881e+01
2.926770e-01 -7.642880e-01 5.746338e-01 2.058027e+02 8.024821e-01 5.231048e-01 2.870258e-01 3.107982e+00 -5.199641e-01 3.771275e-01 7.664282e-01 -6.789382e+01
7.288221e-01 6.393111e-01 2.451524e-01 2.069512e+02 -3.852776e-01 6.788965e-01 -6.250286e-01 3.099574e+00 -5.660208e-01 3.610829e-01 7.411070e-01 -6.789937e+01
6.998380e-01 -5.822761e-01 4.137407e-01 2.080864e+02 6.598431e-02 6.294465e-01 7.742371e-01 3.101628e+00 -7.112474e-01 -5.145401e-01 4.789317e-01 -6.808920e+01
9.458990e-01 -1.354707e-01 2.948267e-01 2.094288e+02 3.113997e-01 6.342604e-01 -7.076326e-01 3.104414e+00 -9.113343e-02 7.611579e-01 6.421319e-01 -6.828713e+01
6.695818e-01 1.626275e-01 7.247155e-01 2.107068e+02 -5.816051e-01 7.216635e-01 3.754162e-01 3.109149e+00 -4.619477e-01 -6.728701e-01 5.777977e-01 -6.851378e+01
6.445524e-01 -7.131725e-01 2.755671e-01 2.118991e+02 7.635458e-01 6.189925e-01 -1.839732e-01 3.108372e+00 -3.936935e-02 3.289884e-01 9.435129e-01 -6.863714e+01
5.554771e-01 6.544239e-01 5.130055e-01 2.132270e+02 -5.991254e-01 7.427967e-01 -2.988341e-01 3.115882e+00 -5.766230e-01 -1.413591e-01 8.046885e-01 -6.890996e+01
6.670077e-01 -7.283675e-01 1.567848e-01 2.145647e+02 5.474954e-01 6.218954e-01 5.599061e-01 3.110604e+00 -5.053212e-01 -2.876227e-01 8.135869e-01 -6.897206e+01
8.949131e-01 4.033343e-01 1.909243e-01 2.158197e+02 -1.594488e-01 6.886263e-01 -7.073682e-01 3.115183e+00 -4.167813e-01 6.025904e-01 6.805719e-01 -6.916068e+01
9.483269e-01 -2.888890e-01 1.312222e-01 2.169855e+02 1.056414e-01 6.774429e-01 7.279498e-01 3.135384e+00 -2.991922e-01 -6.764719e-01 6.729560e-01 -6.962167e+01
9.740496e-01 -3.671831e-02 2.233364e-01 2.181121e+02 1.877721e-01 6.820271e-01 -7.068102e-01 3.150352e+00 -1.263686e-01 7.304045e-01 6.712229e-01 -6.999259e+01
9.541997e-01 7.960080e-02 2.883861e-01 2.192788e+02 -2.617973e-01 6.887060e-01 6.761259e-01 3.164516e+00 -1.447931e-01 -7.206579e-01 6.780024e-01 -7.035723e+01
5.651059e-01 -4.073648e-01 7.174324e-01 2.203683e+02 7.702238e-01 5.721248e-01 -2.818307e-01 3.166136e+00 -2.956530e-01 7.118477e-01 6.370731e-01 -7.051326e+01
7.245073e-01 6.873545e-01 -5.131182e-02 2.218795e+02 -5.833012e-01 6.510836e-01 4.856438e-01 3.196746e+00 3.672177e-01 -3.219222e-01 8.726495e-01 -7.113626e+01
4.097206e-01 -6.249371e-01 6.645169e-01 2.233211e+02 8.386280e-01 5.446831e-01 -4.831370e-03 3.227700e+00 -3.589318e-01 5.592620e-01 7.472576e-01 -7.180123e+01
6.675052e-01 7.435411e-01 3.979294e-02 2.245190e+02 -7.420232e-01 6.686866e-01 -4.753794e-02 3.243002e+00 -6.195542e-02 2.204539e-03 9.980765e-01 -7.219042e+01
4.983589e-01 -8.188198e-01 2.849079e-01 2.258930e+02 7.352795e-01 5.733011e-01 3.615105e-01 3.271519e+00 -4.593500e-01 2.932495e-02 8.877712e-01 -7.278041e+01
7.639072e-01 6.359420e-01 -1.096521e-01 2.273362e+02 -6.111965e-01 6.584585e-01 -4.391712e-01 3.300737e+00 -2.070860e-01 4.025050e-01 8.916867e-01 -7.342363e+01
4.252890e-01 -7.336684e-01 5.299622e-01 2.284903e+02 9.399863e-02 6.181955e-01 7.803836e-01 3.306771e+00 -9.001630e-01 -2.820729e-01 3.318756e-01 -7.367706e+01
9.858896e-01 -1.006849e-01 -1.337318e-01 2.296424e+02 -3.301089e-02 6.662657e-01 -7.449834e-01 3.315923e+00 1.641095e-01 7.388860e-01 6.535408e-01 -7.395918e+01
6.171718e-01 -1.572301e-01 7.709589e-01 2.309611e+02 -4.633530e-01 7.192884e-01 5.176179e-01 3.331914e+00 -6.359269e-01 -6.766853e-01 3.710715e-01 -7.435887e+01
7.599199e-01 -6.120116e-01 2.190056e-01 2.320898e+02 6.422539e-01 6.550295e-01 -3.980530e-01 3.324107e+00 1.001579e-01 4.431456e-01 8.908369e-01 -7.434247e+01
4.040336e-01 5.281882e-01 7.468427e-01 2.331886e+02 -5.514272e-01 7.920615e-01 -2.618522e-01 3.322374e+00 -7.298526e-01 -3.060323e-01 6.112768e-01 -7.442265e+01
7.204702e-01 -6.826121e-01 -1.223252e-01 2.342984e+02 6.823953e-01 6.664117e-01 3.003867e-01 3.325117e+00 -1.235286e-01 -2.998938e-01 9.459410e-01 -7.460191e+01
6.387373e-01 5.444861e-01 5.436448e-01 2.354042e+02 -3.376499e-02 7.257147e-01 -6.871667e-01 3.329894e+00 -7.686837e-01 4.205628e-01 4.819256e-01 -7.480553e+01
