9.999823e-01 5.874155e-03 9.837504e-04 -7.749836e-02 -5.872919e-03 9.999820e-01 -1.255250e-03 1.747554e-02 -9.911065e-04 1.249450e-03 9.999987e-01 -8.557088e-01
9.999965e-01 -1.522274e-03 -2.153178e-03 -1.523329e-01 1.523070e-03 9.999988e-01 3.682887e-04 2.939832e-02 2.152616e-03 -3.715661e-04 9.999976e-01 -1.462441e+00
9.999777e-01 6.401916e-03 1.918301e-03 -2.322427e-01 -6.399102e-03 9.999784e-01 -1.469744e-03 4.281695e-02 -1.927669e-03 1.457435e-03 9.999971e-01 -2.141736e+00
9.999934e-01 -2.696285e-03 -2.451130e-03 -3.584784e-01 2.696553e-03 9.999964e-01 1.060512e-04 5.100025e-02 2.450835e-03 -1.126594e-04 9.999970e-01 -2.507832e+00
9.999795e-01 6.402255e-03 6.514067e-07 -4.509207e-01 -6.402250e-03 9.999788e-01 -1.223447e-03 5.613015e-02 -8.484545e-06 1.223417e-03 9.999993e-01 -2.775585e+00
9.999883e-01 -3.526509e-03 -3.298273e-03 -4.964025e-01 3.527031e-03 9.999938e-01 1.524700e-04 5.741994e-02 3.297715e-03 -1.641006e-04 9.999945e-01 -2.953792e+00
9.999781e-01 6.519661e-03 -1.147723e-03 -5.227750e-01 -6.520640e-03 9.999784e-01 -8.512607e-04 5.935127e-02 1.142148e-03 8.587252e-04 9.999990e-01 -3.138674e+00
9.999948e-01 -3.104535e-03 -9.213290e-04 -5.796706e-01 3.104109e-03 9.999951e-01 -4.636644e-04 6.463991e-02 9.227643e-04 4.608028e-04 9.999995e-01 -3.453527e+00
9.999814e-01 5.966049e-03 -1.255080e-03 -7.592435e-01 -5.966440e-03 9.999822e-01 -3.084304e-04 7.162361e-02 1.253218e-03 3.159123e-04 9.999992e-01 -3.560469e+00
9.999994e-01 -9.300579e-04 5.490493e-04 -8.087271e-01 9.304753e-04 9.999993e-01 -7.603211e-04 8.533502e-02 -5.483414e-04 7.608323e-04 9.999996e-01 -4.299995e+00
9.999673e-01 8.089757e-03 1.702923e-04 -7.777436e-01 -8.089645e-03 9.999671e-01 -6.481155e-04 1.072323e-01 -1.755301e-04 6.467159e-04 9.999998e-01 -5.486371e+00
9.999880e-01 -1.599781e-03 4.629038e-03 -9.701517e-01 1.603133e-03 9.999985e-01 -7.204716e-04 1.324828e-01 -4.627878e-03 7.278847e-04 9.999890e-01 -6.438443e+00
9.999615e-01 8.647989e-03 1.475808e-03 -1.211994e+00 -8.646936e-03 9.999624e-01 -7.184417e-04 1.598696e-01 -1.481966e-03 7.056521e-04 9.999987e-01 -7.462452e+00
9.999959e-01 -1.504640e-03 2.427610e-03 -1.331283e+00 1.506507e-03 9.999986e-01 -7.673444e-04 1.837911e-01 -2.426452e-03 7.709992e-04 9.999968e-01 -8.552864e+00
9.999732e-01 5.155273e-03 -5.205926e-03 -1.373353e+00 -5.155855e-03 9.999867e-01 -9.846843e-05 1.923248e-01 5.205349e-03 1.253061e-04 9.999864e-01 -8.998767e+00
9.999961e-01 -1.959631e-03 1.981087e-03 -1.448018e+00 1.961415e-03 9.999977e-01 -8.989461e-04 1.972905e-01 -1.979321e-03 9.028291e-04 9.999976e-01 -9.212104e+00
9.999662e-01 8.187580e-03 7.129964e-04 -1.581111e+00 -8.187299e-03 9.999664e-01 -3.968792e-04 2.180174e-01 -7.162222e-04 3.910276e-04 9.999997e-01 -1.013274e+01
9.999946e-01 1.310140e-05 3.294992e-03 -1.662655e+00 -8.576299e-06 9.999991e-01 -1.373327e-03 2.438677e-01 -3.295007e-03 1.373292e-03 9.999936e-01 -1.139921e+01
9.999750e-01 6.729694e-03 -2.169939e-03 -1.677789e+00 -6.729443e-03 9.999773e-01 1.228981e-04 2.647397e-01 2.170717e-03 -1.082933e-04 9.999976e-01 -1.248615e+01
9.999955e-01 -2.054336e-03 2.201936e-03 -1.799280e+00 2.057130e-03 9.999971e-01 -1.267427e-03 2.779911e-01 -2.199325e-03 1.271952e-03 9.999968e-01 -1.307004e+01
9.999603e-01 8.905208e-03 3.592329e-04 -1.877609e+00 -8.905169e-03 9.999603e-01 -1.085440e-04 3.002882e-01 -3.601856e-04 1.053400e-04 9.999999e-01 -1.414442e+01
9.999965e-01 -2.618104e-03 2.314546e-04 -1.914455e+00 2.618349e-03 9.999960e-01 -1.063173e-03 3.196586e-01 -2.286698e-04 1.063776e-03 9.999994e-01 -1.510082e+01
9.999659e-01 8.235575e-03 -6.600678e-04 -1.952035e+00 -8.235566e-03 9.999661e-01 1.598388e-05 3.356828e-01 6.601768e-04 -1.054803e-05 9.999998e-01 -1.597125e+01
9.999985e-01 -1.741330e-03 -2.116465e-04 -1.889841e+00 1.741079e-03 9.999978e-01 -1.183577e-03 3.526370e-01 2.137074e-04 1.183207e-03 9.999993e-01 -1.700696e+01
9.999684e-01 5.389138e-03 -5.848653e-03 -1.765177e+00 -5.385408e-03 9.999853e-01 6.533577e-04 3.547507e-01 5.852087e-03 -6.218404e-04 9.999827e-01 -1.743615e+01
9.999983e-01 -1.742004e-03 5.256518e-04 -1.687890e+00 1.742626e-03 9.999978e-01 -1.186152e-03 3.597943e-01 -5.235841e-04 1.187067e-03 9.999992e-01 -1.789613e+01
9.999680e-01 6.737637e-03 -4.317025e-03 -1.600290e+00 -6.735318e-03 9.999772e-01 5.515755e-04 3.704413e-01 4.320643e-03 -5.224820e-04 9.999905e-01 -1.862480e+01
9.999965e-01 -2.544484e-03 7.360049e-04 -1.540760e+00 2.545393e-03 9.999960e-01 -1.236776e-03 3.795078e-01 -7.328547e-04 1.238646e-03 9.999990e-01 -1.922620e+01
9.999755e-01 6.344051e-03 -2.972456e-03 -1.600564e+00 -6.343043e-03 9.999798e-01 3.484551e-04 3.908560e-01 2.974607e-03 -3.295929e-04 9.999955e-01 -1.963140e+01
9.999951e-01 -2.070614e-03 2.345619e-03 -1.700243e+00 2.072757e-03 9.999974e-01 -9.117023e-04 4.083198e-01 -2.343725e-03 9.165605e-04 9.999968e-01 -2.022386e+01
9.999749e-01 5.441067e-03 -4.541746e-03 -1.800179e+00 -5.438296e-03 9.999850e-01 6.222723e-04 4.206433e-01 4.545063e-03 -5.975580e-04 9.999895e-01 -2.061223e+01
9.999942e-01 -1.418065e-03 3.084703e-03 -1.852612e+00 1.421505e-03 9.999984e-01 -1.113114e-03 4.332461e-01 -3.083119e-03 1.117493e-03 9.999946e-01 -2.117148e+01
9.999625e-01 8.342811e-03 -2.333163e-03 -1.843612e+00 -8.343315e-03 9.999652e-01 -2.064518e-04 4.540804e-01 2.331359e-03 2.259096e-04 9.999973e-01 -2.225560e+01
9.999857e-01 -9.811249e-05 5.343170e-03 -1.869010e+00 1.057787e-04 9.999990e-01 -1.434495e-03 4.803413e-01 -5.343023e-03 1.435041e-03 9.999847e-01 -2.356233e+01
9.999635e-01 7.472552e-03 -4.131669e-03 -1.850749e+00 -7.472565e-03 9.999721e-01 1.241451e-05 5.028631e-01 4.131646e-03 1.845937e-05 9.999915e-01 -2.475063e+01
9.999888e-01 -7.284021e-04 4.673015e-03 -1.837408e+00 7.338443e-04 9.999991e-01 -1.162985e-03 5.232451e-01 -4.672163e-03 1.166402e-03 9.999884e-01 -2.581777e+01
9.999575e-01 6.861280e-03 -6.164555e-03 -1.794715e+00 -6.860087e-03 9.999764e-01 2.146205e-04 5.409023e-01 6.165882e-03 -1.723227e-04 9.999810e-01 -2.677600e+01
9.999933e-01 -2.646562e-03 2.520052e-03 -1.763874e+00 2.648459e-03 9.999962e-01 -7.498726e-04 5.529963e-01 -2.518058e-03 7.565426e-04 9.999965e-01 -2.743561e+01
9.999609e-01 6.072194e-03 -6.423691e-03 -1.767975e+00 -6.069524e-03 9.999815e-01 4.351183e-04 5.630220e-01 6.426214e-03 -3.961133e-04 9.999793e-01 -2.792728e+01
9.999933e-01 -1.835064e-03 3.159018e-03 -1.755624e+00 1.837952e-03 9.999979e-01 -9.114320e-04 5.758087e-01 -3.157338e-03 9.172328e-04 9.999946e-01 -2.856212e+01
9.999639e-01 6.063458e-03 -5.949590e-03 -1.788412e+00 -6.061221e-03 9.999816e-01 3.939393e-04 5.887337e-01 5.951868e-03 -3.578640e-04 9.999822e-01 -2.915343e+01
9.999934e-01 -1.512835e-03 3.299506e-03 -1.759248e+00 1.516368e-03 9.999983e-01 -1.068538e-03 6.012286e-01 -3.297884e-03 1.073535e-03 9.999940e-01 -2.985718e+01
9.999664e-01 6.788830e-03 -4.587610e-03 -1.762638e+00 -6.787687e-03 9.999769e-01 2.648435e-04 6.173091e-01 4.589302e-03 -2.336961e-04 9.999894e-01 -3.066076e+01
9.999969e-01 -1.582962e-03 1.923889e-03 -1.695896e+00 1.585015e-03 9.999982e-01 -1.066078e-03 6.309247e-01 -1.922198e-03 1.069125e-03 9.999976e-01 -3.148632e+01
9.999675e-01 8.064843e-03 -1.211632e-04 -1.766365e+00 -8.064854e-03 9.999675e-01 -9.132865e-05 6.525541e-01 1.204224e-04 9.230210e-05 1.000000e+00 -3.246561e+01
9.999979e-01 -1.167021e-03 1.687187e-03 -1.818581e+00 1.169017e-03 9.999986e-01 -1.182104e-03 6.741041e-01 -1.685805e-03 1.184074e-03 9.999979e-01 -3.351119e+01
9.999720e-01 6.921600e-03 -2.826790e-03 -1.774785e+00 -6.921053e-03 9.999760e-01 2.031448e-04 6.902567e-01 2.828128e-03 -1.835755e-04 9.999960e-01 -3.442401e+01
9.999971e-01 -1.388340e-03 1.965526e-03 -1.767581e+00 1.390515e-03 9.999984e-01 -1.105174e-03 7.065811e-01 -1.963988e-03 1.107905e-03 9.999975e-01 -3.528968e+01
9.999707e-01 7.322410e-03 -2.229256e-03 -1.770295e+00 -7.322464e-03 9.999732e-01 -1.590981e-05 7.231251e-01 2.229080e-03 3.223224e-05 9.999975e-01 -3.618970e+01
9.999781e-01 7.250616e-07 6.615260e-03 -1.895841e+00 8.410688e-06 9.999990e-01 -1.380977e-03 7.491631e-01 -6.615255e-03 1.381003e-03 9.999772e-01 -3.731670e+01
9.999616e-01 6.623379e-03 -5.732664e-03 -1.949384e+00 -6.622075e-03 9.999780e-01 2.464177e-04 7.705189e-01 5.734170e-03 -2.084468e-04 9.999835e-01 -3.828600e+01
9.999376e-01 1.204341e-03 1.110429e-02 -2.118858e+00 -1.184309e-03 9.999977e-01 -1.810452e-03 7.982988e-01 -1.110644e-02 1.797189e-03 9.999367e-01 -3.942267e+01
9.999541e-01 8.781775e-03 -3.833162e-03 -2.271212e+00 -8.783358e-03 9.999613e-01 -3.963516e-04 8.313107e-01 3.829533e-03 4.300007e-04 9.999926e-01 -4.090283e+01
9.999639e-01 1.113829e-03 8.419768e-03 -2.312906e+00 -1.098972e-03 9.999978e-01 -1.769050e-03 8.616459e-01 -8.421720e-03 1.759734e-03 9.999630e-01 -4.244285e+01
9.999546e-01 8.011158e-03 -5.161051e-03 -2.245674e+00 -8.011687e-03 9.999679e-01 -8.175425e-05 8.879595e-01 5.160230e-03 1.230985e-04 9.999867e-01 -4.393585e+01
9.999798e-01 2.713283e-03 5.747227e-03 -2.017115e+00 -2.702722e-03 9.999946e-01 -1.844614e-03 9.169699e-01 -5.752201e-03 1.829044e-03 9.999818e-01 -4.569789e+01
9.999702e-01 6.937155e-03 -3.390357e-03 -1.917664e+00 -6.937315e-03 9.999759e-01 -3.549437e-05 9.469363e-01 3.390029e-03 5.901254e-05 9.999943e-01 -4.736969e+01
9.999680e-01 2.525822e-03 7.596549e-03 -1.947377e+00 -2.510860e-03 9.999949e-01 -1.978524e-03 9.766005e-01 -7.601507e-03 1.959387e-03 9.999692e-01 -4.886611e+01
9.999570e-01 4.328593e-03 -8.199435e-03 -1.863723e+00 -4.323969e-03 9.999905e-01 5.814755e-04 9.956909e-01 8.201874e-03 -5.459971e-04 9.999662e-01 -5.005053e+01
9.998721e-01 5.753905e-03 1.492120e-02 -1.934005e+00 -5.711704e-03 9.999796e-01 -2.869344e-03 1.028803e+00 -1.493740e-02 2.783753e-03 9.998846e-01 -5.167002e+01
9.999610e-01 4.982534e-03 -7.296673e-03 -2.043843e+00 -4.979990e-03 9.999875e-01 3.668234e-04 1.064561e+00 7.298409e-03 -3.304725e-04 9.999733e-01 -5.334489e+01
9.999093e-01 4.591431e-03 1.266164e-02 -2.097275e+00 -4.562464e-03 9.999869e-01 -2.315767e-03 1.095542e+00 -1.267210e-02 2.257790e-03 9.999172e-01 -5.486093e+01
9.999557e-01 4.850461e-03 -8.069528e-03 -2.124163e+00 -4.847673e-03 9.999882e-01 3.650365e-04 1.124609e+00 8.071203e-03 -3.259027e-04 9.999674e-01 -5.632015e+01
9.998508e-01 6.202896e-03 1.612038e-02 -2.221376e+00 -6.160959e-03 9.999775e-01 -2.649847e-03 1.161461e+00 -1.613645e-02 2.550135e-03 9.998665e-01 -5.804326e+01
9.998050e-01 2.807174e-03 -1.954770e-02 -1.958652e+00 -2.788553e-03 9.999956e-01 9.797943e-04 1.182692e+00 1.955037e-02 -9.250941e-04 9.998084e-01 -5.949102e+01
9.999248e-01 2.601559e-03 1.198593e-02 -1.640938e+00 -2.584398e-03 9.999956e-01 -1.446997e-03 1.198244e+00 -1.198964e-02 1.415913e-03 9.999271e-01 -6.067797e+01
9.999466e-01 5.753061e-03 -8.581054e-03 -1.649286e+00 -5.757799e-03 9.999833e-01 -5.274940e-04 1.223501e+00 8.577875e-03 5.768730e-04 9.999630e-01 -6.202499e+01
9.998938e-01 3.750802e-03 1.408114e-02 -1.680585e+00 -3.727154e-03 9.999916e-01 -1.705279e-03 1.253306e+00 -1.408742e-02 1.652616e-03 9.998994e-01 -6.355919e+01
9.999624e-01 7.462569e-03 -4.414903e-03 -1.828345e+00 -7.465876e-03 9.999719e-01 -7.330711e-04 1.293358e+00 4.409308e-03 7.660039e-04 9.999900e-01 -6.534289e+01
9.998979e-01 3.646850e-03 1.381587e-02 -2.000011e+00 -3.622178e-03 9.999918e-01 -1.810304e-03 1.331658e+00 -1.382236e-02 1.760076e-03 9.999029e-01 -6.705347e+01
9.999640e-01 6.454007e-03 -5.510981e-03 -2.168781e+00 -6.457567e-03 9.999790e-01 -6.284158e-04 1.367301e+00 5.506809e-03 6.639800e-04 9.999846e-01 -6.863201e+01
9.998623e-01 3.564353e-03 1.620846e-02 -2.422083e+00 -3.538845e-03 9.999925e-01 -1.602142e-03 1.405412e+00 -1.621405e-02 1.544563e-03 9.998674e-01 -7.018276e+01
9.999574e-01 6.668438e-03 -6.383911e-03 -2.658581e+00 -6.672579e-03 9.999775e-01 -6.276246e-04 1.443133e+00 6.379582e-03 6.701942e-04 9.999794e-01 -7.171717e+01
9.998921e-01 2.942768e-03 1.439266e-02 -2.853435e+00 -2.922041e-03 9.999947e-01 -1.460985e-03 1.476873e+00 -1.439689e-02 1.418772e-03 9.998954e-01 -7.316606e+01
9.998174e-01 3.112153e-03 -1.885554e-02 -2.659899e+00 -3.112768e-03 9.999952e-01 -3.259957e-06 1.488758e+00 1.885544e-02 6.195152e-05 9.998222e-01 -7.414572e+01
9.999073e-01 1.532356e-03 1.352967e-02 -2.538968e+00 -1.522359e-03 9.999986e-01 -7.491619e-04 1.500685e+00 -1.353080e-02 7.284962e-04 9.999082e-01 -7.499439e+01
9.999577e-01 8.005850e-03 -4.534310e-03 -2.739674e+00 -8.013266e-03 9.999666e-01 -1.619630e-03 1.535194e+00 4.521192e-03 1.655895e-03 9.999884e-01 -7.648404e+01
9.999304e-01 1.132766e-03 1.174373e-02 -2.889021e+00 -1.127045e-03 9.999992e-01 -4.937615e-04 1.566971e+00 -1.174428e-02 4.804922e-04 9.999309e-01 -7.792656e+01
9.999516e-01 9.427628e-03 -2.802273e-03 -3.010008e+00 -9.433918e-03 9.999530e-01 -2.239833e-03 1.602270e+00 2.781024e-03 2.266160e-03 9.999936e-01 -7.961827e+01
9.999134e-01 1.889161e-03 1.302194e-02 -3.157417e+00 -1.883024e-03 9.999981e-01 -4.835140e-04 1.641828e+00 -1.302283e-02 4.589523e-04 9.999151e-01 -8.144438e+01
9.999657e-01 7.640822e-03 -3.183346e-03 -3.403585e+00 -7.646840e-03 9.999690e-01 -1.882521e-03 1.678502e+00 3.168863e-03 1.906798e-03 9.999932e-01 -8.293256e+01
9.999583e-01 7.488706e-04 9.106674e-03 -3.576241e+00 -7.490841e-04 9.999997e-01 2.002894e-05 1.707406e+00 -9.106657e-03 -2.684900e-05 9.999585e-01 -8.420932e+01
9.999614e-01 6.314074e-03 -6.117455e-03 -3.646850e+00 -6.324090e-03 9.999787e-01 -1.619271e-03 1.730165e+00 6.107100e-03 1.657895e-03 9.999800e-01 -8.533824e+01
9.998721e-01 2.580751e-03 1.578282e-02 -3.909622e+00 -2.574780e-03 9.999966e-01 -3.986682e-04 1.765188e+00 -1.578380e-02 3.579807e-04 9.998754e-01 -8.670295e+01
9.999578e-01 8.447715e-03 -3.601716e-03 -4.199624e+00 -8.456083e-03 9.999616e-01 -2.314377e-03 1.806621e+00 3.582026e-03 2.344735e-03 9.999908e-01 -8.837610e+01
9.999060e-01 2.398040e-03 1.349796e-02 -4.384336e+00 -2.397335e-03 9.999971e-01 -6.844029e-05 1.846171e+00 -1.349809e-02 3.607549e-05 9.999089e-01 -9.008489e+01
9.999598e-01 8.162757e-03 -3.708792e-03 -4.585976e+00 -8.171758e-03 9.999637e-01 -2.418224e-03 1.884675e+00 3.688918e-03 2.448433e-03 9.999902e-01 -9.173922e+01
9.999236e-01 1.800204e-03 1.222576e-02 -4.748195e+00 -1.801513e-03 9.999984e-01 9.605298e-05 1.919214e+00 -1.222557e-02 -1.180697e-04 9.999253e-01 -9.330328e+01
9.999624e-01 7.593476e-03 -4.191697e-03 -4.917913e+00 -7.603377e-03 9.999683e-01 -2.351200e-03 1.954156e+00 4.173711e-03 2.382982e-03 9.999885e-01 -9.482219e+01
9.999254e-01 2.181555e-03 1.201883e-02 -5.049612e+00 -2.181187e-03 9.999976e-01 -4.369024e-05 1.987942e+00 -1.201890e-02 1.747243e-05 9.999278e-01 -9.636224e+01
9.999581e-01 7.789465e-03 -4.817408e-03 -5.147449e+00 -7.800820e-03 9.999668e-01 -2.342948e-03 2.021303e+00 4.798997e-03 2.380428e-03 9.999857e-01 -9.795438e+01
9.997821e-01 6.030843e-03 1.998687e-02 -5.373075e+00 -6.003674e-03 9.999810e-01 -1.419099e-03 2.068331e+00 -1.999505e-02 1.298796e-03 9.997992e-01 -1.001153e+02
9.999296e-01 1.175608e-02 -1.589958e-03 -5.577287e+00 -1.176119e-02 9.999256e-01 -3.242553e-03 2.129264e+00 1.551720e-03 3.261024e-03 9.999935e-01 -1.029125e+02
9.998991e-01 3.635954e-03 1.373400e-02 -5.695691e+00 -3.634915e-03 9.999934e-01 -1.006261e-04 2.180133e+00 -1.373428e-02 5.069477e-05 9.999057e-01 -1.053043e+02
9.999414e-01 6.439519e-03 -8.698423e-03 -5.695176e+00 -6.456531e-03 9.999773e-01 -1.929041e-03 2.212351e+00 8.685804e-03 1.985089e-03 9.999603e-01 -1.069469e+02
9.999041e-01 2.280576e-03 1.366320e-02 -5.756847e+00 -2.282304e-03 9.999974e-01 1.108135e-04 2.241933e+00 -1.366291e-02 -1.419857e-04 9.999066e-01 -1.083416e+02
9.999581e-01 9.014875e-03 -1.609554e-03 -5.996417e+00 -9.019342e-03 9.999554e-01 -2.789571e-03 2.284721e+00 1.584335e-03 2.803970e-03 9.999948e-01 -1.100866e+02
9.999171e-01 2.763825e-03 1.257963e-02 -6.219592e+00 -2.765198e-03 9.999962e-01 9.174949e-05 2.327544e+00 -1.257932e-02 -1.265263e-04 9.999209e-01 -1.119059e+02
9.999621e-01 6.283194e-03 -6.028445e-03 -6.337743e+00 -6.296503e-03 9.999778e-01 -2.191321e-03 2.358595e+00 6.014542e-03 2.229195e-03 9.999794e-01 -1.132941e+02
9.999092e-01 3.672049e-03 1.296579e-02 -6.420888e+00 -3.670976e-03 9.999933e-01 -1.065920e-04 2.391417e+00 -1.296610e-02 5.898604e-05 9.999159e-01 -1.148826e+02
9.999697e-01 6.594792e-03 -4.136265e-03 -6.564166e+00 -6.604709e-03 9.999753e-01 -2.388443e-03 2.427899e+00 4.120412e-03 2.415689e-03 9.999886e-01 -1.165317e+02
9.999076e-01 3.762666e-03 1.306000e-02 -6.741775e+00 -3.764340e-03 9.999929e-01 1.036232e-04 2.465262e+00 -1.305952e-02 -1.527751e-04 9.999147e-01 -1.181474e+02
9.999663e-01 7.563759e-03 -3.177025e-03 -6.933029e+00 -7.572923e-03 9.999672e-01 -2.882546e-03 2.504083e+00 3.155117e-03 2.906507e-03 9.999908e-01 -1.198706e+02
9.999022e-01 3.790188e-03 1.346418e-02 -7.081499e+00 -3.795520e-03 9.999927e-01 3.704798e-04 2.544721e+00 -1.346267e-02 -4.215463e-04 9.999093e-01 -1.216838e+02
9.999634e-01 7.531971e-03 -4.050710e-03 -7.217192e+00 -7.543915e-03 9.999672e-01 -2.941412e-03 2.584397e+00 4.028423e-03 2.971862e-03 9.999875e-01 -1.234675e+02
9.999330e-01 2.934642e-03 1.120080e-02 -7.322605e+00 -2.942754e-03 9.999954e-01 7.078012e-04 2.619989e+00 -1.119868e-02 -7.407142e-04 9.999370e-01 -1.251077e+02
9.999619e-01 5.603568e-03 -6.695381e-03 -7.375986e+00 -5.621823e-03 9.999805e-01 -2.710763e-03 2.647874e+00 6.680061e-03 2.748299e-03 9.999739e-01 -1.264855e+02
9.999634e-01 1.478106e-03 8.422927e-03 -7.395175e+00 -1.490444e-03 9.999978e-01 1.458623e-03 2.671302e+00 -8.420752e-03 -1.471123e-03 9.999635e-01 -1.276199e+02
9.999576e-01 4.779127e-03 -7.873860e-03 -7.401722e+00 -4.800329e-03 9.999849e-01 -2.676078e-03 2.691071e+00 7.860952e-03 2.713761e-03 9.999654e-01 -1.285875e+02
9.999211e-01 3.303666e-03 1.211922e-02 -7.453777e+00 -3.315049e-03 9.999941e-01 9.192825e-04 2.718085e+00 -1.211612e-02 -9.593850e-04 9.999261e-01 -1.298970e+02
9.999742e-01 4.925572e-03 -5.235112e-03 -7.653158e+00 -4.940456e-03 9.999838e-01 -2.833998e-03 2.749114e+00 5.221068e-03 2.859788e-03 9.999823e-01 -1.311742e+02
9.999865e-01 -1.054981e-04 5.204017e-03 -7.703702e+00 9.643084e-05 9.999985e-01 1.742558e-03 2.764939e+00 -5.204192e-03 -1.742032e-03 9.999849e-01 -1.319053e+02
9.999749e-01 4.237690e-03 -5.671487e-03 -7.824644e+00 -4.252379e-03 9.999876e-01 -2.580461e-03 2.780901e+00 5.660482e-03 2.604512e-03 9.999806e-01 -1.324382e+02
9.999736e-01 1.814064e-03 7.029533e-03 -7.885526e+00 -1.825706e-03 9.999970e-01 1.650053e-03 2.802599e+00 -7.026519e-03 -1.662843e-03 9.999739e-01 -1.333483e+02
9.999646e-01 2.963400e-03 -7.876691e-03 -7.925057e+00 -2.980878e-03 9.999931e-01 -2.208178e-03 2.818612e+00 7.870093e-03 2.231578e-03 9.999665e-01 -1.340141e+02
9.999900e-01 5.130052e-04 4.443533e-03 -7.948395e+00 -5.218401e-04 9.999979e-01 1.987299e-03 2.828037e+00 -4.442504e-03 -1.989597e-03 9.999882e-01 -1.343985e+02
9.999188e-01 1.467825e-03 -1.265813e-02 -7.855450e+00 -1.495490e-03 9.999965e-01 -2.176370e-03 2.822871e+00 1.265489e-02 2.195122e-03 9.999175e-01 -1.343497e+02
9.999938e-01 3.581802e-04 3.498902e-03 -7.718283e+00 -3.657626e-04 9.999976e-01 2.166661e-03 2.814404e+00 -3.498118e-03 -2.167926e-03 9.999915e-01 -1.342698e+02
9.999575e-01 3.065317e-03 -8.689602e-03 -7.628251e+00 -3.088577e-03 9.999917e-01 -2.664599e-03 2.817911e+00 8.681362e-03 2.691324e-03 9.999587e-01 -1.346697e+02
9.999882e-01 5.747911e-04 4.828611e-03 -7.595389e+00 -5.844970e-04 9.999978e-01 2.008878e-03 2.823082e+00 -4.827446e-03 -2.011676e-03 9.999863e-01 -1.350967e+02
9.999339e-01 1.640542e-03 -1.137965e-02 -7.573354e+00 -1.670217e-03 9.999952e-01 -2.598742e-03 2.816478e+00 1.137533e-02 2.617575e-03 9.999319e-01 -1.349403e+02
9.999921e-01 6.053181e-04 3.923637e-03 -7.468337e+00 -6.128328e-04 9.999980e-01 1.914277e-03 2.808836e+00 -3.922470e-03 -1.916665e-03 9.999905e-01 -1.348979e+02
9.999252e-01 7.076414e-04 -1.220777e-02 -7.413164e+00 -7.396589e-04 9.999963e-01 -2.618409e-03 2.791292e+00 1.220587e-02 2.627242e-03 9.999221e-01 -1.343092e+02
9.999666e-01 2.844394e-03 7.664713e-03 -7.385100e+00 -2.859998e-03 9.999939e-01 2.025642e-03 2.793068e+00 -7.658904e-03 -2.047495e-03 9.999686e-01 -1.345946e+02
9.999628e-01 2.965753e-03 -8.096762e-03 -7.382896e+00 -2.990682e-03 9.999908e-01 -3.068433e-03 2.810016e+00 8.087587e-03 3.092533e-03 9.999625e-01 -1.355040e+02
9.999885e-01 1.882575e-03 4.400360e-03 -7.291447e+00 -1.893484e-03 9.999951e-01 2.476415e-03 2.820850e+00 -4.395677e-03 -2.484718e-03 9.999873e-01 -1.362661e+02
9.999165e-01 8.131506e-04 -1.289985e-02 -7.130835e+00 -8.475599e-04 9.999961e-01 -2.662186e-03 2.815939e+00 1.289764e-02 2.672897e-03 9.999132e-01 -1.364374e+02
9.999954e-01 6.041794e-04 2.958961e-03 -7.008429e+00 -6.109228e-04 9.999972e-01 2.278548e-03 2.800721e+00 -2.957576e-03 -2.280345e-03 9.999930e-01 -1.361008e+02
9.999201e-01 8.526307e-04 -1.261558e-02 -6.922613e+00 -8.874645e-04 9.999958e-01 -2.755843e-03 2.783433e+00 1.261317e-02 2.766817e-03 9.999166e-01 -1.356030e+02
9.999963e-01 7.326423e-04 2.622215e-03 -6.795993e+00 -7.394046e-04 9.999964e-01 2.578753e-03 2.767384e+00 -2.620316e-03 -2.580682e-03 9.999932e-01 -1.352233e+02
9.999320e-01 1.026367e-03 -1.161909e-02 -6.687306e+00 -1.056401e-03 9.999961e-01 -2.579096e-03 2.760061e+00 1.161640e-02 2.591194e-03 9.999292e-01 -1.351184e+02
9.999814e-01 2.225604e-03 5.676937e-03 -6.578123e+00 -2.239830e-03 9.999944e-01 2.500821e-03 2.763593e+00 -5.671339e-03 -2.513489e-03 9.999808e-01 -1.355015e+02
9.998906e-01 1.940949e-05 -1.479331e-02 -6.423746e+00 -5.980862e-05 9.999963e-01 -2.730475e-03 2.756020e+00 1.479320e-02 2.731060e-03 9.998868e-01 -1.355015e+02
9.999858e-01 1.809823e-03 5.017935e-03 -6.278697e+00 -1.822857e-03 9.999950e-01 2.594194e-03 2.744425e+00 -5.013215e-03 -2.603303e-03 9.999840e-01 -1.353504e+02
9.998983e-01 1.032117e-04 -1.426245e-02 -6.140561e+00 -1.394412e-04 9.999968e-01 -2.539236e-03 2.735242e+00 1.426214e-02 2.540966e-03 9.998951e-01 -1.352657e+02
9.999873e-01 1.773981e-03 4.709366e-03 -5.982493e+00 -1.785876e-03 9.999952e-01 2.522718e-03 2.725681e+00 -4.704868e-03 -2.531095e-03 9.999857e-01 -1.351883e+02
9.999040e-01 3.437930e-04 -1.384997e-02 -5.810572e+00 -3.759248e-04 9.999972e-01 -2.317462e-03 2.719088e+00 1.384914e-02 2.322446e-03 9.999014e-01 -1.352539e+02
9.999871e-01 2.021913e-03 4.664802e-03 -5.617825e+00 -2.032492e-03 9.999954e-01 2.264260e-03 2.714560e+00 -4.660203e-03 -2.273711e-03 9.999866e-01 -1.354221e+02
9.998953e-01 -5.773612e-04 -1.446182e-02 -5.497022e+00 5.412322e-04 9.999967e-01 -2.502025e-03 2.703671e+00 1.446322e-02 2.493935e-03 9.998923e-01 -1.352415e+02
9.999877e-01 2.544757e-03 4.262956e-03 -5.253877e+00 -2.556697e-03 9.999928e-01 2.797752e-03 2.691216e+00 -4.255806e-03 -2.808616e-03 9.999870e-01 -1.351668e+02
9.999175e-01 5.007206e-04 -1.283222e-02 -5.043839e+00 -5.395233e-04 9.999953e-01 -3.020573e-03 2.685327e+00 1.283065e-02 3.027247e-03 9.999131e-01 -1.353646e+02
9.999784e-01 2.311728e-03 6.148849e-03 -4.963232e+00 -2.330471e-03 9.999927e-01 3.042846e-03 2.682560e+00 -6.141770e-03 -3.057110e-03 9.999765e-01 -1.355441e+02
9.999095e-01 3.424311e-04 -1.344636e-02 -4.872542e+00 -3.852113e-04 9.999949e-01 -3.179087e-03 2.678537e+00 1.344520e-02 3.183978e-03 9.999045e-01 -1.356793e+02
9.999681e-01 2.626993e-03 7.546522e-03 -4.813046e+00 -2.648643e-03 9.999924e-01 2.860275e-03 2.677903e+00 -7.538951e-03 -2.880171e-03 9.999674e-01 -1.359120e+02
9.998610e-01 -1.363889e-03 -1.661896e-02 -4.737848e+00 1.308241e-03 9.999935e-01 -3.358889e-03 2.662490e+00 1.662343e-02 3.336680e-03 9.998563e-01 -1.354717e+02
9.999702e-01 2.541219e-03 7.291867e-03 -4.654627e+00 -2.561862e-03 9.999927e-01 2.822964e-03 2.645038e+00 -7.284641e-03 -2.841560e-03 9.999694e-01 -1.349689e+02
9.998722e-01 -5.403744e-04 -1.597659e-02 -4.570169e+00 4.917095e-04 9.999952e-01 -3.049787e-03 2.634402e+00 1.597816e-02 3.041540e-03 9.998677e-01 -1.347663e+02
9.999760e-01 2.289302e-03 6.532558e-03 -4.463232e+00 -2.308406e-03 9.999931e-01 2.918333e-03 2.622719e+00 -6.525832e-03 -2.933342e-03 9.999744e-01 -1.345964e+02
9.998863e-01 -1.075575e-03 -1.503814e-02 -4.423813e+00 1.025893e-03 9.999940e-01 -3.311079e-03 2.608998e+00 1.504161e-02 3.295274e-03 9.998814e-01 -1.342161e+02
9.999338e-01 3.104865e-03 1.108327e-02 -4.554449e+00 -3.134063e-03 9.999917e-01 2.618027e-03 2.608851e+00 -1.107505e-02 -2.652589e-03 9.999352e-01 -1.340688e+02
9.999471e-01 1.782203e-03 -1.012555e-02 -4.675490e+00 -1.816915e-03 9.999925e-01 -3.420028e-03 2.627473e+00 1.011938e-02 3.438244e-03 9.999429e-01 -1.347688e+02
9.999529e-01 3.552224e-03 9.027516e-03 -4.669068e+00 -3.575925e-03 9.999902e-01 2.610593e-03 2.643032e+00 -9.018154e-03 -2.642751e-03 9.999558e-01 -1.355939e+02
9.999257e-01 1.027009e-03 -1.214705e-02 -4.633526e+00 -1.066791e-03 9.999941e-01 -3.269005e-03 2.654816e+00 1.214362e-02 3.281720e-03 9.999209e-01 -1.362876e+02
9.999808e-01 1.468532e-03 6.018362e-03 -4.604809e+00 -1.487072e-03 9.999942e-01 3.077305e-03 2.654383e+00 -6.013807e-03 -3.086195e-03 9.999772e-01 -1.364470e+02
9.999146e-01 1.018556e-03 -1.303229e-02 -4.532574e+00 -1.061053e-03 9.999941e-01 -3.254411e-03 2.653409e+00 1.302890e-02 3.267960e-03 9.999098e-01 -1.366537e+02
9.999866e-01 7.833648e-04 5.109246e-03 -4.463672e+00 -8.001855e-04 9.999943e-01 3.290980e-03 2.646163e+00 -5.106638e-03 -3.295024e-03 9.999815e-01 -1.365981e+02
9.999110e-01 1.386965e-03 -1.326730e-02 -4.340774e+00 -1.429393e-03 9.999939e-01 -3.188972e-03 2.640664e+00 1.326279e-02 3.207652e-03 9.999069e-01 -1.366827e+02
9.999739e-01 1.464851e-03 7.069750e-03 -4.246823e+00 -1.485763e-03 9.999945e-01 2.953577e-03 2.642191e+00 -7.065385e-03 -2.964003e-03 9.999706e-01 -1.369826e+02
9.999313e-01 2.716838e-03 -1.140485e-02 -4.156130e+00 -2.756615e-03 9.999902e-01 -3.473403e-03 2.649610e+00 1.139531e-02 3.504603e-03 9.999289e-01 -1.375689e+02
9.999744e-01 1.813617e-03 6.928743e-03 -4.032319e+00 -1.834281e-03 9.999939e-01 2.977091e-03 2.656869e+00 -6.923301e-03 -2.989723e-03 9.999716e-01 -1.382230e+02
9.999139e-01 2.151073e-03 -1.294308e-02 -3.867889e+00 -2.197435e-03 9.999912e-01 -3.568807e-03 2.658039e+00 1.293529e-02 3.596940e-03 9.999099e-01 -1.386897e+02
9.999790e-01 1.284476e-03 6.355221e-03 -3.717211e+00 -1.304950e-03 9.999940e-01 3.218491e-03 2.658087e+00 -6.351049e-03 -3.226715e-03 9.999746e-01 -1.390667e+02
9.999027e-01 1.637461e-03 -1.385363e-02 -3.551572e+00 -1.686050e-03 9.999925e-01 -3.496376e-03 2.653546e+00 1.384781e-02 3.519393e-03 9.998979e-01 -1.392596e+02
9.999880e-01 5.903295e-04 4.872013e-03 -3.398161e+00 -6.065692e-04 9.999943e-01 3.332456e-03 2.645610e+00 -4.870018e-03 -3.335371e-03 9.999826e-01 -1.392221e+02
9.999589e-01 3.439680e-03 -8.394207e-03 -3.302033e+00 -3.470886e-03 9.999871e-01 -3.705904e-03 2.651328e+00 8.381352e-03 3.734886e-03 9.999579e-01 -1.396389e+02
9.999848e-01 1.833953e-03 5.193569e-03 -3.193410e+00 -1.849890e-03 9.999936e-01 3.065462e-03 2.662601e+00 -5.187914e-03 -3.075022e-03 9.999818e-01 -1.404473e+02
9.999664e-01 3.838756e-03 -7.241538e-03 -3.110729e+00 -3.867825e-03 9.999845e-01 -4.004400e-03 2.676339e+00 7.226053e-03 4.032274e-03 9.999658e-01 -1.413380e+02
9.999900e-01 1.252352e-03 4.300398e-03 -3.024734e+00 -1.266670e-03 9.999937e-01 3.328353e-03 2.688134e+00 -4.296203e-03 -3.333766e-03 9.999852e-01 -1.421219e+02
9.998635e-01 1.399834e-03 -1.646562e-02 -2.637148e+00 -1.452837e-03 9.999938e-01 -3.207502e-03 2.671041e+00 1.646103e-02 3.230985e-03 9.998593e-01 -1.420902e+02
9.999892e-01 1.175318e-03 4.500732e-03 -2.281877e+00 -1.185210e-03 9.999969e-01 2.195828e-03 2.647179e+00 -4.498137e-03 -2.201138e-03 9.999875e-01 -1.416912e+02
9.999247e-01 2.395916e-03 -1.203829e-02 -2.072039e+00 -2.426868e-03 9.999938e-01 -2.557127e-03 2.647416e+00 1.203209e-02 2.586149e-03 9.999243e-01 -1.420866e+02
9.999904e-01 1.052290e-03 4.252940e-03 -1.887212e+00 -1.062169e-03 9.999967e-01 2.321310e-03 2.651007e+00 -4.250484e-03 -2.325804e-03 9.999883e-01 -1.425540e+02
9.999195e-01 1.663475e-03 -1.258198e-02 -1.708478e+00 -1.696287e-03 9.999952e-01 -2.597584e-03 2.647929e+00 1.257760e-02 2.618717e-03 9.999175e-01 -1.427377e+02
9.999842e-01 1.276355e-03 5.471378e-03 -1.548788e+00 -1.287526e-03 9.999971e-01 2.038680e-03 2.643487e+00 -5.468760e-03 -2.045692e-03 9.999830e-01 -1.428852e+02
9.999352e-01 2.773647e-03 -1.104449e-02 -1.400087e+00 -2.803766e-03 9.999924e-01 -2.712515e-03 2.648148e+00 1.103688e-02 2.743304e-03 9.999353e-01 -1.434666e+02
9.995117e-01 9.829619e-03 -2.965973e-02 1.941946e-01 -9.729833e-03 9.999465e-01 3.506802e-03 2.648209e+00 2.969262e-02 -3.216504e-03 9.995539e-01 -1.453627e+02
9.999912e-01 -3.036981e-03 2.890709e-03 1.392783e+00 3.043953e-03 9.999925e-01 -2.410557e-03 2.669048e+00 -2.883367e-03 2.419334e-03 9.999929e-01 -1.474575e+02
9.999301e-01 9.495916e-03 -7.040952e-03 1.701583e+00 -9.488062e-03 9.999543e-01 1.148064e-03 2.683970e+00 7.051532e-03 -1.081178e-03 9.999746e-01 -1.486580e+02
9.999862e-01 -5.261122e-03 1.380492e-04 2.009751e+00 5.261336e-03 9.999849e-01 -1.599734e-03 2.685990e+00 -1.296306e-04 1.600438e-03 9.999987e-01 -1.493440e+02
9.999248e-01 1.207444e-02 -2.129239e-03 2.209939e+00 -1.207307e-02 9.999269e-01 6.541220e-04 2.705258e+00 2.136982e-03 -6.283656e-04 9.999975e-01 -1.505409e+02
9.999350e-01 -8.901671e-03 -7.122495e-03 2.400702e+00 8.888582e-03 9.999588e-01 -1.867337e-03 2.698932e+00 7.138824e-03 1.803906e-03 9.999729e-01 -1.506788e+02
9.997966e-01 1.873711e-02 7.467546e-03 2.645594e+00 -1.873416e-02 9.998244e-01 -4.651355e-04 2.721230e+00 -7.474950e-03 3.251434e-04 9.999720e-01 -1.523277e+02
9.999275e-01 -1.046616e-02 -5.950254e-03 2.860943e+00 1.045973e-02 9.999447e-01 -1.110068e-03 2.746186e+00 5.961543e-03 1.047749e-03 9.999817e-01 -1.538979e+02
9.998628e-01 1.616405e-02 3.616767e-03 2.972299e+00 -1.616368e-02 9.998694e-01 -1.328871e-04 2.757836e+00 -3.618443e-03 7.440939e-05 9.999935e-01 -1.547839e+02
9.999227e-01 -1.042079e-02 -6.786249e-03 3.096326e+00 1.041437e-02 9.999453e-01 -9.801840e-04 2.771727e+00 6.796093e-03 9.094330e-04 9.999765e-01 -1.557654e+02
9.997717e-01 1.971195e-02 8.240829e-03 3.224969e+00 -1.970434e-02 9.998053e-01 -1.003005e-03 2.795146e+00 -8.258996e-03 8.403970e-04 9.999655e-01 -1.572725e+02
9.999504e-01 -9.163576e-03 -3.892405e-03 3.352052e+00 9.158185e-03 9.999571e-01 -1.400576e-03 2.823632e+00 3.905072e-03 1.364859e-03 9.999914e-01 -1.590535e+02
9.998580e-01 1.644702e-02 3.660504e-03 3.497822e+00 -1.644876e-02 9.998646e-01 4.457570e-04 2.846715e+00 -3.652677e-03 -5.059037e-04 9.999932e-01 -1.604141e+02
9.999341e-01 -1.058741e-02 -4.429741e-03 3.487433e+00 1.058107e-02 9.999430e-01 -1.452975e-03 2.863748e+00 4.444871e-03 1.406008e-03 9.999891e-01 -1.612894e+02
9.998820e-01 1.525857e-02 1.765336e-03 3.502672e+00 -1.525990e-02 9.998833e-01 7.393181e-04 2.875872e+00 -1.753849e-03 -7.661689e-04 9.999982e-01 -1.619780e+02
9.999061e-01 -1.147964e-02 -7.483245e-03 3.583919e+00 1.147059e-02 9.999334e-01 -1.250898e-03 2.883494e+00 7.497107e-03 1.164943e-03 9.999712e-01 -1.625182e+02
9.998705e-01 1.594224e-02 2.217870e-03 3.675308e+00 -1.594346e-02 9.998728e-01 5.342727e-04 2.891587e+00 -2.209070e-03 -5.695633e-04 9.999974e-01 -1.631376e+02
9.999087e-01 -1.111665e-02 -7.679196e-03 3.838582e+00 1.110634e-02 9.999374e-01 -1.384048e-03 2.901129e+00 7.694101e-03 1.298633e-03 9.999696e-01 -1.639044e+02
9.998736e-01 1.552589e-02 3.415634e-03 3.915187e+00 -1.552863e-02 9.998791e-01 7.792071e-04 2.912261e+00 -3.403124e-03 -8.321480e-04 9.999939e-01 -1.646227e+02
9.999010e-01 -1.119810e-02 -8.523609e-03 4.012755e+00 1.118727e-02 9.999366e-01 -1.318256e-03 2.922031e+00 8.537831e-03 1.222769e-03 9.999628e-01 -1.652931e+02
9.998896e-01 1.473865e-02 1.895417e-03 4.162947e+00 -1.473966e-02 9.998912e-01 5.222507e-04 2.925882e+00 -1.887514e-03 -5.501301e-04 9.999981e-01 -1.658051e+02
9.999374e-01 -9.360171e-03 -6.127637e-03 4.340294e+00 9.350789e-03 9.999551e-01 -1.557834e-03 2.937969e+00 6.141943e-03 1.500437e-03 9.999800e-01 -1.667287e+02
9.999273e-01 1.145641e-02 -3.774286e-03 4.554063e+00 -1.145037e-02 9.999331e-01 1.617230e-03 2.937026e+00 3.792561e-03 -1.573895e-03 9.999916e-01 -1.670827e+02
9.999270e-01 -9.393164e-03 -7.600760e-03 4.777134e+00 9.380905e-03 9.999546e-01 -1.646821e-03 2.936642e+00 7.615884e-03 1.575398e-03 9.999698e-01 -1.673970e+02
9.998970e-01 1.420729e-02 2.054646e-03 4.925284e+00 -1.420946e-02 9.998985e-01 1.046033e-03 2.947521e+00 -2.039576e-03 -1.075120e-03 9.999973e-01 -1.681556e+02
9.999620e-01 -7.504356e-03 -4.440651e-03 5.048265e+00 7.494228e-03 9.999693e-01 -2.293040e-03 2.963283e+00 4.457723e-03 2.259673e-03 9.999875e-01 -1.691848e+02
9.998316e-01 1.695645e-02 7.016732e-03 5.135005e+00 -1.695920e-02 9.998561e-01 3.317715e-04 2.989796e+00 -7.010097e-03 -4.507130e-04 9.999753e-01 -1.706982e+02
9.999804e-01 -5.817096e-03 -2.335981e-03 5.168499e+00 5.810906e-03 9.999796e-01 -2.648114e-03 3.022308e+00 2.351338e-03 2.634487e-03 9.999938e-01 -1.724271e+02
9.998748e-01 1.530956e-02 4.004625e-03 5.284344e+00 -1.531243e-02 9.998825e-01 6.881063e-04 3.047190e+00 -3.993620e-03 -7.493399e-04 9.999917e-01 -1.739266e+02
9.999890e-01 -4.664951e-03 4.056143e-04 5.388231e+00 4.666161e-03 9.999845e-01 -3.035348e-03 3.075905e+00 -3.914482e-04 3.037207e-03 9.999953e-01 -1.756725e+02
9.998747e-01 1.530368e-02 4.036396e-03 5.462130e+00 -1.530741e-02 9.998824e-01 8.946546e-04 3.106187e+00 -4.022230e-03 -9.563286e-04 9.999915e-01 -1.774295e+02
9.999778e-01 -6.652989e-03 -4.010714e-04 5.537951e+00 6.651521e-03 9.999716e-01 -3.556939e-03 3.125417e+00 4.247244e-04 3.554191e-03 9.999936e-01 -1.787735e+02
9.997990e-01 1.842692e-02 7.900063e-03 5.572761e+00 -1.843329e-02 9.998298e-01 7.344079e-04 3.159225e+00 -7.885186e-03 -8.798836e-04 9.999685e-01 -1.807429e+02
9.999892e-01 -4.102230e-03 2.165299e-03 5.634436e+00 4.110596e-03 9.999840e-01 -3.873557e-03 3.201880e+00 -2.149374e-03 3.882415e-03 9.999902e-01 -1.831448e+02
9.999050e-01 1.373592e-02 -1.158008e-03 5.764239e+00 -1.373309e-02 9.999028e-01 2.410377e-03 3.230389e+00 1.191004e-03 -2.394244e-03 9.999964e-01 -1.847798e+02
9.999896e-01 -3.214534e-03 3.238455e-03 5.881890e+00 3.228851e-03 9.999850e-01 -4.425437e-03 3.257434e+00 -3.224180e-03 4.435847e-03 9.999850e-01 -1.863926e+02
9.999088e-01 1.349342e-02 -6.415009e-04 6.019609e+00 -1.349179e-02 9.999059e-01 2.473633e-03 3.285440e+00 6.748182e-04 -2.464752e-03 9.999967e-01 -1.880585e+02
9.999778e-01 -5.789333e-03 -3.289516e-03 6.313270e+00 5.776072e-03 9.999752e-01 -4.026339e-03 3.302802e+00 3.312745e-03 4.007249e-03 9.999865e-01 -1.894028e+02
9.999355e-01 9.791138e-03 -5.751840e-03 6.603513e+00 -9.769551e-03 9.999452e-01 3.769345e-03 3.309164e+00 5.788431e-03 -3.712908e-03 9.999764e-01 -1.901994e+02
9.999918e-01 -3.638297e-03 1.784115e-03 6.785730e+00 3.646735e-03 9.999821e-01 -4.749560e-03 3.323342e+00 -1.766803e-03 4.756026e-03 9.999871e-01 -1.912143e+02
9.999127e-01 9.372855e-03 -9.309164e-03 7.036342e+00 -9.335418e-03 9.999482e-01 4.056952e-03 3.334630e+00 9.346707e-03 -3.969692e-03 9.999484e-01 -1.921745e+02
9.999533e-01 7.170193e-04 9.638563e-03 7.220580e+00 -6.592749e-04 9.999818e-01 -5.992826e-03 3.359462e+00 -9.642685e-03 5.986191e-03 9.999356e-01 -1.937796e+02
9.999226e-01 9.555766e-03 -7.971483e-03 7.371747e+00 -9.523170e-03 9.999462e-01 4.117124e-03 3.388495e+00 8.010396e-03 -4.040891e-03 9.999598e-01 -1.954730e+02
9.999735e-01 -1.272402e-03 7.163724e-03 7.541020e+00 1.311019e-03 9.999846e-01 -5.388468e-03 3.409583e+00 -7.156758e-03 5.397717e-03 9.999598e-01 -1.968335e+02
9.999309e-01 1.133777e-02 -3.101733e-03 7.565706e+00 -1.132690e-02 9.999297e-01 3.498817e-03 3.438117e+00 3.141183e-03 -3.463441e-03 9.999891e-01 -1.984068e+02
9.999911e-01 -3.428308e-03 2.450187e-03 7.671352e+00 3.439726e-03 9.999832e-01 -4.671141e-03 3.457968e+00 -2.434132e-03 4.679526e-03 9.999861e-01 -1.996647e+02
9.999164e-01 1.292801e-02 -1.296040e-04 7.735336e+00 -1.292758e-02 9.999122e-01 2.920502e-03 3.483717e+00 1.673487e-04 -2.918581e-03 9.999957e-01 -2.011255e+02
9.999877e-01 -3.735785e-03 3.271219e-03 7.756142e+00 3.750567e-03 9.999827e-01 -4.524401e-03 3.512356e+00 -3.254260e-03 4.536614e-03 9.999844e-01 -2.025987e+02
9.999344e-01 1.134323e-02 -1.586220e-03 7.769663e+00 -1.133816e-02 9.999307e-01 3.173155e-03 3.534211e+00 1.622104e-03 -3.154961e-03 9.999937e-01 -2.037809e+02
9.999830e-01 -5.602716e-03 -1.610683e-03 7.862659e+00 5.595935e-03 9.999756e-01 -4.184122e-03 3.546194e+00 1.634086e-03 4.175037e-03 9.999899e-01 -2.046350e+02
9.998989e-01 1.406744e-02 2.088087e-03 7.923497e+00 -1.407270e-02 9.998978e-01 2.526241e-03 3.567366e+00 -2.052336e-03 -2.555370e-03 9.999946e-01 -2.059070e+02
9.999672e-01 -7.585687e-03 -2.842836e-03 7.988689e+00 7.576178e-03 9.999657e-01 -3.340809e-03 3.584543e+00 2.868081e-03 3.319160e-03 9.999904e-01 -2.069264e+02
9.999003e-01 1.407717e-02 1.071220e-03 8.084869e+00 -1.407966e-02 9.998981e-01 2.356841e-03 3.601501e+00 -1.037933e-03 -2.371688e-03 9.999966e-01 -2.079444e+02
9.999947e-01 -2.920166e-03 1.410081e-03 8.235116e+00 2.926853e-03 9.999844e-01 -4.764347e-03 3.630342e+00 -1.396146e-03 4.768448e-03 9.999877e-01 -2.096925e+02
9.998571e-01 1.576927e-02 6.099117e-03 8.337035e+00 -1.578010e-02 9.998740e-01 1.731625e-03 3.667839e+00 -6.071043e-03 -1.827621e-03 9.999799e-01 -2.118585e+02
9.999956e-01 -2.465866e-03 1.620540e-03 8.440103e+00 2.473041e-03 9.999871e-01 -4.440799e-03 3.706935e+00 -1.609568e-03 4.444786e-03 9.999888e-01 -2.140762e+02
9.997466e-01 1.999220e-02 1.035106e-02 8.537588e+00 -1.999456e-02 9.998001e-01 1.246919e-04 3.755979e+00 -1.034650e-02 -3.316246e-04 9.999464e-01 -2.168598e+02
9.999586e-01 1.670523e-03 8.942611e-03 8.583603e+00 -1.622817e-03 9.999844e-01 -5.339221e-03 3.822549e+00 -8.951391e-03 5.324487e-03 9.999458e-01 -2.203685e+02
9.998698e-01 1.555733e-02 4.281201e-03 8.676129e+00 -1.556352e-02 9.998779e-01 1.415189e-03 3.878400e+00 -4.258662e-03 -1.481634e-03 9.999898e-01 -2.233116e+02
9.999925e-01 -3.387865e-04 3.870292e-03 8.805474e+00 3.568157e-04 9.999891e-01 -4.658612e-03 3.923302e+00 -3.868671e-03 4.659957e-03 9.999817e-01 -2.258081e+02
9.993066e-01 2.687378e-02 2.577011e-02 8.634767e+00 -2.680947e-02 9.996365e-01 -2.837628e-03 4.008128e+00 -2.583700e-02 2.144778e-03 9.996639e-01 -2.300548e+02
9.999818e-01 -5.102375e-03 -3.233630e-03 8.498282e+00 5.094136e-03 9.999838e-01 -2.550943e-03 4.082086e+00 3.246593e-03 2.534423e-03 9.999915e-01 -2.336213e+02
9.993091e-01 2.729648e-02 2.522346e-02 8.403808e+00 -2.721179e-02 9.996229e-01 -3.694942e-03 4.149279e+00 -2.531481e-02 3.006014e-03 9.996750e-01 -2.371130e+02
9.999789e-01 -5.893533e-03 -2.731743e-03 8.308704e+00 5.889488e-03 9.999816e-01 -1.486379e-03 4.222291e+00 2.740453e-03 1.470258e-03 9.999952e-01 -2.406790e+02
9.995764e-01 2.352239e-02 1.713840e-02 8.307042e+00 -2.348155e-02 9.997209e-01 -2.580410e-03 4.277088e+00 -1.719432e-02 2.176881e-03 9.998498e-01 -2.434734e+02
9.999654e-01 -7.236500e-03 -4.096906e-03 8.333041e+00 7.232550e-03 9.999734e-01 -9.783124e-04 4.329555e+00 4.103877e-03 9.486468e-04 9.999911e-01 -2.461388e+02
9.992420e-01 3.002349e-02 2.477900e-02 8.245987e+00 -2.990175e-02 9.995390e-01 -5.268975e-03 4.396678e+00 -2.492577e-02 4.524046e-03 9.996791e-01 -2.496044e+02
9.999254e-01 -1.035770e-02 -6.477010e-03 8.191765e+00 1.036328e-02 9.999460e-01 8.283036e-04 4.463122e+00 6.468081e-03 -8.953655e-04 9.999787e-01 -2.528397e+02
9.997137e-01 2.147919e-02 1.054707e-02 8.265392e+00 -2.144850e-02 9.997654e-01 -3.014073e-03 4.496333e+00 -1.060934e-02 2.786992e-03 9.999398e-01 -2.546223e+02
9.998575e-01 -1.324413e-02 -1.047029e-02 8.309824e+00 1.326115e-02 9.999109e-01 1.557417e-03 4.520058e+00 1.044873e-02 -1.696044e-03 9.999440e-01 -2.558882e+02
9.997174e-01 2.099964e-02 1.113783e-02 8.333881e+00 -2.096670e-02 9.997755e-01 -3.065498e-03 4.542050e+00 -1.119970e-02 2.831109e-03 9.999333e-01 -2.570681e+02
9.998872e-01 -1.211300e-02 -8.884644e-03 8.364467e+00 1.212535e-02 9.999256e-01 1.337641e-03 4.568423e+00 8.867781e-03 -1.445220e-03 9.999596e-01 -2.584549e+02
9.997552e-01 1.952763e-02 1.040361e-02 8.329782e+00 -1.949869e-02 9.998057e-01 -2.875744e-03 4.589712e+00 -1.045775e-02 2.672184e-03 9.999417e-01 -2.595787e+02
