9.999395e-01 2.290372e-03 -1.075778e-02 2.188656e-01 -2.290649e-03 9.999974e-01 -1.347748e-05 -8.442799e-03 1.075772e-02 3.811825e-05 9.999421e-01 -1.763515e-02
9.999979e-01 1.335896e-04 2.041971e-03 3.827963e-01 -1.336970e-04 1.000000e+00 5.247356e-05 -8.716010e-03 -2.041963e-03 -5.274574e-05 9.999979e-01 -3.164144e-01
9.999281e-01 8.505624e-04 -1.195893e-02 5.038639e-01 -8.570461e-04 9.999995e-01 -5.370484e-04 -2.030926e-02 1.195847e-02 5.472584e-04 9.999283e-01 -5.666567e-02
9.999494e-01 7.304694e-04 1.003806e-02 4.923115e-01 -6.838737e-04 9.999890e-01 -4.644549e-03 -5.178742e-02 -1.004134e-02 4.637450e-03 9.999388e-01 1.559228e+00
9.998697e-01 2.628164e-03 -1.592654e-02 5.771246e-01 -2.588476e-03 9.999935e-01 2.512010e-03 -8.630813e-02 1.593304e-02 -2.470458e-03 9.998700e-01 2.996548e+00
9.999943e-01 -1.787296e-03 2.875416e-03 7.584863e-01 1.796230e-03 9.999936e-01 -3.107269e-03 -1.054205e-01 -2.869844e-03 3.112417e-03 9.999910e-01 3.496542e+00
9.999217e-01 3.704726e-03 -1.195181e-02 8.702862e-01 -3.678567e-03 9.999908e-01 2.210001e-03 -1.310973e-01 1.195989e-02 -2.165863e-03 9.999261e-01 4.306078e+00
9.999968e-01 -2.002770e-03 1.524090e-03 1.028005e+00 2.006429e-03 9.999951e-01 -2.402762e-03 -1.400261e-01 -1.519270e-03 2.405813e-03 9.999960e-01 4.404541e+00
9.999368e-01 3.148864e-03 -1.079363e-02 1.110280e+00 -3.129620e-03 9.999935e-01 1.799395e-03 -1.549194e-01 1.079922e-02 -1.765502e-03 9.999401e-01 4.828654e+00
9.999859e-01 -1.306745e-03 5.140865e-03 1.137285e+00 1.328653e-03 9.999900e-01 -4.260510e-03 -1.798724e-01 -5.135246e-03 4.267281e-03 9.999777e-01 5.912232e+00
9.999172e-01 3.032599e-03 -1.250418e-02 1.196351e+00 -2.996164e-03 9.999912e-01 2.931477e-03 -2.033119e-01 1.251296e-02 -2.893771e-03 9.999175e-01 6.768552e+00
9.999913e-01 -1.589083e-03 3.853531e-03 1.239691e+00 1.601072e-03 9.999939e-01 -3.110102e-03 -2.076248e-01 -3.848565e-03 3.116246e-03 9.999877e-01 6.919664e+00
9.999220e-01 4.432537e-03 -1.167759e-02 1.366909e+00 -4.399553e-03 9.999863e-01 2.848735e-03 -2.055958e-01 1.169005e-02 -2.797137e-03 9.999278e-01 6.638894e+00
9.999826e-01 -1.710384e-03 5.646832e-03 1.439846e+00 1.728102e-03 9.999936e-01 -3.134288e-03 -2.016839e-01 -5.641434e-03 3.143993e-03 9.999791e-01 6.379018e+00
9.999116e-01 5.553401e-03 -1.208289e-02 1.651804e+00 -5.518372e-03 9.999805e-01 2.930477e-03 -1.948081e-01 1.209893e-02 -2.863541e-03 9.999227e-01 5.796090e+00
9.999954e-01 -1.310430e-03 2.750889e-03 1.970420e+00 1.319212e-03 9.999940e-01 -3.193192e-03 -1.866709e-01 -2.746687e-03 3.196807e-03 9.999911e-01 5.012602e+00
9.999229e-01 4.495254e-03 -1.157145e-02 2.211622e+00 -4.458513e-03 9.999849e-01 3.198975e-03 -1.822564e-01 1.158565e-02 -3.147137e-03 9.999279e-01 4.457192e+00
9.999891e-01 -2.880437e-03 3.683381e-03 2.324889e+00 2.894021e-03 9.999890e-01 -3.687821e-03 -1.852390e-01 -3.672718e-03 3.698441e-03 9.999864e-01 4.396075e+00
9.999450e-01 3.436005e-03 -9.907888e-03 2.292731e+00 -3.406574e-03 9.999897e-01 2.985769e-03 -1.900582e-01 9.918045e-03 -2.951854e-03 9.999465e-01 4.780447e+00
9.999860e-01 -1.414426e-03 5.104870e-03 2.230105e+00 1.430813e-03 9.999938e-01 -3.207701e-03 -1.829898e-01 -5.100302e-03 3.214961e-03 9.999818e-01 4.700279e+00
9.999061e-01 4.572647e-03 -1.291984e-02 2.372041e+00 -4.532601e-03 9.999848e-01 3.127119e-03 -1.771173e-01 1.293394e-02 -3.068266e-03 9.999116e-01 4.234825e+00
9.999854e-01 -2.265039e-03 4.908651e-03 2.473504e+00 2.281541e-03 9.999918e-01 -3.358853e-03 -1.767339e-01 -4.901002e-03 3.370004e-03 9.999823e-01 4.046013e+00
9.998961e-01 4.184017e-03 -1.379078e-02 2.586887e+00 -4.140082e-03 9.999863e-01 3.212833e-03 -1.804839e-01 1.380403e-02 -3.155405e-03 9.998997e-01 3.992608e+00
9.999793e-01 -2.171571e-03 6.049647e-03 2.680753e+00 2.190925e-03 9.999925e-01 -3.194272e-03 -1.801495e-01 -6.042665e-03 3.207461e-03 9.999766e-01 3.780501e+00
9.999010e-01 5.383477e-03 -1.300051e-02 2.809980e+00 -5.342268e-03 9.999806e-01 3.202465e-03 -1.763539e-01 1.301749e-02 -3.132697e-03 9.999104e-01 3.377734e+00
9.999817e-01 -2.185304e-03 5.633222e-03 2.967219e+00 2.204050e-03 9.999920e-01 -3.323684e-03 -1.698898e-01 -5.625913e-03 3.336040e-03 9.999786e-01 2.848890e+00
9.999425e-01 8.916819e-03 -5.960613e-03 3.008271e+00 -8.905048e-03 9.999584e-01 1.998412e-03 -1.522466e-01 5.978184e-03 -1.945218e-03 9.999802e-01 1.835648e+00
9.999901e-01 -1.802147e-03 4.071045e-03 3.116887e+00 1.813564e-03 9.999944e-01 -2.802596e-03 -1.333486e-01 -4.065971e-03 2.809952e-03 9.999878e-01 7.558127e-01
9.998447e-01 6.138195e-03 -1.652093e-02 3.584792e+00 -6.084730e-03 9.999761e-01 3.284570e-03 -1.358542e-01 1.654070e-02 -3.183535e-03 9.998581e-01 2.068407e-01
9.999896e-01 -4.454431e-03 9.461046e-04 3.980598e+00 4.457056e-03 9.999862e-01 -2.790656e-03 -1.405047e-01 -9.336605e-04 2.794845e-03 9.999957e-01 -8.518473e-02
9.999455e-01 6.521058e-03 -8.155757e-03 4.007315e+00 -6.496992e-03 9.999745e-01 2.973823e-03 -1.367703e-01 8.174941e-03 -2.920673e-03 9.999623e-01 -1.952827e-01
9.999877e-01 -4.890882e-03 -7.880976e-04 4.097786e+00 4.888739e-03 9.999844e-01 -2.698490e-03 -1.369768e-01 8.012837e-04 2.694605e-03 9.999960e-01 -2.814996e-01
9.999567e-01 8.392866e-03 -4.021606e-03 4.176319e+00 -8.383965e-03 9.999624e-01 2.225268e-03 -1.283385e-01 4.040131e-03 -2.191455e-03 9.999894e-01 -8.318135e-01
9.999933e-01 -3.657993e-03 3.733472e-06 4.239909e+00 3.657990e-03 9.999895e-01 -2.748153e-03 -1.154240e-01 6.319590e-06 2.748149e-03 9.999962e-01 -1.548933e+00
9.999664e-01 6.923303e-03 -4.396781e-03 4.268677e+00 -6.912459e-03 9.999730e-01 2.476859e-03 -1.060943e-01 4.413810e-03 -2.446384e-03 9.999873e-01 -2.025191e+00
9.999886e-01 -4.656488e-03 -1.100913e-03 4.254563e+00 4.653593e-03 9.999857e-01 -2.617578e-03 -1.000068e-01 1.113086e-03 2.612426e-03 9.999960e-01 -2.267094e+00
9.999756e-01 6.704054e-03 -1.941860e-03 4.103513e+00 -6.699552e-03 9.999749e-01 2.315562e-03 -9.042246e-02 1.957335e-03 -2.302497e-03 9.999954e-01 -2.422129e+00
9.999956e-01 -2.743892e-03 -1.091550e-03 4.095928e+00 2.740676e-03 9.999919e-01 -2.937532e-03 -7.874685e-02 1.099601e-03 2.934529e-03 9.999951e-01 -3.000774e+00
9.999697e-01 7.784752e-03 -3.204064e-05 4.061672e+00 -7.784666e-03 9.999674e-01 2.141502e-03 -6.269491e-02 4.871038e-05 -2.141189e-03 9.999977e-01 -3.741149e+00
9.999752e-01 -2.342794e-04 7.037869e-03 3.829843e+00 2.605327e-04 9.999930e-01 -3.729582e-03 -3.283149e-02 -7.036946e-03 3.731324e-03 9.999683e-01 -4.826961e+00
9.999566e-01 8.954188e-03 -2.574140e-03 3.742241e+00 -8.948704e-03 9.999577e-01 2.134074e-03 -2.173457e-03 2.593139e-03 -2.110947e-03 9.999944e-01 -6.167646e+00
9.999831e-01 -8.476880e-04 5.758380e-03 3.699586e+00 8.683414e-04 9.999932e-01 -3.585093e-03 2.464301e-02 -5.755302e-03 3.590033e-03 9.999770e-01 -7.429977e+00
9.999568e-01 7.758754e-03 -5.110723e-03 3.684558e+00 -7.745950e-03 9.999668e-01 2.520332e-03 4.647269e-02 5.130108e-03 -2.480637e-03 9.999838e-01 -8.491640e+00
9.999943e-01 -2.679185e-03 2.039358e-03 3.748190e+00 2.685648e-03 9.999914e-01 -3.172975e-03 6.002998e-02 -2.030839e-03 3.178435e-03 9.999929e-01 -9.263723e+00
9.999660e-01 7.225901e-03 -3.981908e-03 3.684899e+00 -7.214692e-03 9.999700e-01 2.822255e-03 7.557029e-02 4.002181e-03 -2.793432e-03 9.999881e-01 -9.851915e+00
9.999644e-01 -2.242395e-03 8.138489e-03 3.353674e+00 2.269664e-03 9.999918e-01 -3.342959e-03 1.003298e-01 -8.130926e-03 3.361312e-03 9.999613e-01 -1.039255e+01
9.999739e-01 6.972625e-03 1.899425e-03 2.684435e+00 -6.975595e-03 9.999745e-01 1.561745e-03 1.351125e-01 -1.888487e-03 -1.574954e-03 9.999970e-01 -1.067311e+01
9.999862e-01 -3.377451e-03 4.012469e-03 2.186645e+00 3.386693e-03 9.999916e-01 -2.298830e-03 1.620893e-01 -4.004671e-03 2.312388e-03 9.999893e-01 -1.087056e+01
9.999708e-01 6.131188e-03 -4.555917e-03 1.972658e+00 -6.123058e-03 9.999796e-01 1.796395e-03 1.767571e-01 4.566838e-03 -1.768447e-03 9.999880e-01 -1.110956e+01
9.999839e-01 -2.805142e-03 4.937363e-03 1.759722e+00 2.816365e-03 9.999935e-01 -2.267526e-03 1.928191e-01 -4.930969e-03 2.281396e-03 9.999852e-01 -1.147292e+01
9.999655e-01 8.179702e-03 -1.438870e-03 1.540729e+00 -8.177666e-03 9.999656e-01 1.415041e-03 2.168057e-01 1.450395e-03 -1.403226e-03 9.999980e-01 -1.220170e+01
9.999870e-01 -2.888620e-03 4.190493e-03 1.293798e+00 2.897345e-03 9.999936e-01 -2.077305e-03 2.405022e-01 -4.184465e-03 2.089420e-03 9.999891e-01 -1.284693e+01
9.999768e-01 5.734343e-03 -3.684028e-03 1.037300e+00 -5.728933e-03 9.999825e-01 1.477487e-03 2.570123e-01 3.692435e-03 -1.456348e-03 9.999921e-01 -1.309197e+01
9.999767e-01 -2.384297e-03 6.390554e-03 6.989074e-01 2.397021e-03 9.999952e-01 -1.984154e-03 2.776347e-01 -6.385792e-03 1.999426e-03 9.999776e-01 -1.339261e+01
9.999671e-01 7.725905e-03 -2.488966e-03 4.545860e-01 -7.723323e-03 9.999696e-01 1.045565e-03 3.010525e-01 2.496968e-03 -1.026308e-03 9.999964e-01 -1.411180e+01
9.999918e-01 -3.935394e-03 9.345186e-04 3.301753e-01 3.936731e-03 9.999912e-01 -1.433529e-03 3.161104e-01 -9.288686e-04 1.437197e-03 9.999985e-01 -1.456828e+01
9.999608e-01 7.871434e-03 4.059917e-03 -8.161165e-02 -7.874103e-03 9.999688e-01 6.419622e-04 3.417515e-01 -4.054737e-03 -6.739059e-04 9.999916e-01 -1.494665e+01
9.999914e-01 -4.090699e-03 -6.420216e-04 -4.593086e-01 4.089919e-03 9.999909e-01 -1.211511e-03 3.648740e-01 6.469720e-04 1.208876e-03 9.999991e-01 -1.529926e+01
9.999556e-01 7.771450e-03 5.321537e-03 -8.621645e-01 -7.767893e-03 9.999696e-01 -6.888780e-04 3.867137e-01 -5.326729e-03 6.475096e-04 9.999856e-01 -1.545311e+01
9.999910e-01 -4.147261e-03 -9.482840e-04 -1.277866e+00 4.146384e-03 9.999910e-01 -9.248649e-04 4.044356e-01 9.521114e-04 9.209253e-04 9.999991e-01 -1.538049e+01
9.999722e-01 7.435792e-03 -5.171883e-04 -1.455133e+00 -7.435541e-03 9.999722e-01 4.861948e-04 4.175049e-01 5.207889e-04 -4.823364e-04 9.999997e-01 -1.564298e+01
9.999753e-01 -2.125992e-03 6.692831e-03 -1.813689e+00 2.135001e-03 9.999968e-01 -1.339110e-03 4.464853e-01 -6.689963e-03 1.353367e-03 9.999767e-01 -1.627840e+01
9.999618e-01 4.338052e-03 -7.592947e-03 -2.063590e+00 -4.332695e-03 9.999904e-01 7.218213e-04 4.597411e-01 7.596005e-03 -6.888965e-04 9.999709e-01 -1.639298e+01
9.999902e-01 -4.051078e-03 1.786186e-03 -2.101850e+00 4.053800e-03 9.999906e-01 -1.522737e-03 4.566220e-01 -1.780000e-03 1.529963e-03 9.999972e-01 -1.603284e+01
9.999569e-01 5.091228e-03 -7.768803e-03 -2.121551e+00 -5.089193e-03 9.999870e-01 2.816472e-04 4.474407e-01 7.770135e-03 -2.420989e-04 9.999698e-01 -1.543402e+01
9.999813e-01 -3.243994e-03 5.188589e-03 -2.272153e+00 3.250995e-03 9.999938e-01 -1.341313e-03 4.468633e-01 -5.184205e-03 1.358157e-03 9.999856e-01 -1.488192e+01
9.999591e-01 5.455565e-03 -7.215792e-03 -2.461071e+00 -5.453012e-03 9.999851e-01 3.733776e-04 4.524980e-01 7.217721e-03 -3.340152e-04 9.999739e-01 -1.466441e+01
9.999866e-01 -3.138449e-03 4.106442e-03 -2.545675e+00 3.147206e-03 9.999928e-01 -2.127718e-03 4.495533e-01 -4.099735e-03 2.140614e-03 9.999893e-01 -1.424896e+01
9.999616e-01 5.021070e-03 -7.182006e-03 -2.671627e+00 -5.009154e-03 9.999860e-01 1.676254e-03 4.530234e-01 7.190323e-03 -1.640215e-03 9.999728e-01 -1.395274e+01
9.999914e-01 -3.502962e-03 2.223410e-03 -2.754329e+00 3.507799e-03 9.999915e-01 -2.175209e-03 4.564316e-01 -2.215772e-03 2.182990e-03 9.999952e-01 -1.388386e+01
9.999629e-01 4.882687e-03 -7.100308e-03 -2.840273e+00 -4.871235e-03 9.999868e-01 1.629398e-03 4.590870e-01 7.108170e-03 -1.594751e-03 9.999735e-01 -1.385741e+01
9.999929e-01 -3.521592e-03 1.316822e-03 -2.930234e+00 3.523808e-03 9.999924e-01 -1.684374e-03 4.615642e-01 -1.310880e-03 1.689003e-03 9.999977e-01 -1.387929e+01
9.999683e-01 7.194541e-03 -3.422971e-03 -3.050691e+00 -7.189383e-03 9.999730e-01 1.516698e-03 4.761802e-01 3.433791e-03 -1.492042e-03 9.999930e-01 -1.434597e+01
9.999879e-01 -4.210049e-03 2.560773e-03 -3.293452e+00 4.215421e-03 9.999889e-01 -2.096071e-03 4.886535e-01 -2.551920e-03 2.106842e-03 9.999945e-01 -1.453398e+01
9.999686e-01 7.223510e-03 -3.256789e-03 -3.517510e+00 -7.218106e-03 9.999726e-01 1.668083e-03 5.029727e-01 3.268749e-03 -1.644523e-03 9.999933e-01 -1.481848e+01
9.999945e-01 -2.597854e-03 2.069214e-03 -3.562566e+00 2.602599e-03 9.999940e-01 -2.293695e-03 5.182427e-01 -2.063242e-03 2.299068e-03 9.999952e-01 -1.549627e+01
9.999687e-01 3.638847e-03 -7.029036e-03 -3.591478e+00 -3.631564e-03 9.999929e-01 1.048630e-03 5.145954e-01 7.032801e-03 -1.023072e-03 9.999747e-01 -1.534733e+01
9.999963e-01 -2.700219e-03 -3.841500e-04 -3.572593e+00 2.699447e-03 9.999944e-01 -1.995896e-03 5.030630e-01 3.895374e-04 1.994852e-03 9.999979e-01 -1.482259e+01
9.999740e-01 3.948158e-03 -6.041055e-03 -3.544190e+00 -3.948070e-03 9.999922e-01 2.649241e-05 4.855864e-01 6.041112e-03 -2.641942e-06 9.999818e-01 -1.401457e+01
9.999975e-01 -2.089058e-03 -7.966134e-04 -3.492060e+00 2.087493e-03 9.999959e-01 -1.960972e-03 4.598237e-01 8.007069e-04 1.959305e-03 9.999978e-01 -1.304288e+01
9.999765e-01 3.340318e-03 -5.983782e-03 -3.476377e+00 -3.338330e-03 9.999944e-01 3.420874e-04 4.431585e-01 5.984891e-03 -3.221043e-04 9.999820e-01 -1.233823e+01
9.999958e-01 -2.650065e-03 -1.190537e-03 -3.471998e+00 2.648694e-03 9.999958e-01 -1.151860e-03 4.339209e-01 1.193585e-03 1.148702e-03 9.999986e-01 -1.193513e+01
9.999913e-01 3.926406e-03 1.436741e-03 -3.745225e+00 -3.926410e-03 9.999923e-01 -6.637296e-07 4.455324e-01 -1.436733e-03 -4.978243e-06 9.999990e-01 -1.172752e+01
9.999962e-01 -2.568645e-03 -1.026281e-03 -4.041716e+00 2.567752e-03 9.999963e-01 -8.706651e-04 4.601161e-01 1.028514e-03 8.680273e-04 9.999991e-01 -1.159612e+01
9.999843e-01 3.297639e-03 -4.529496e-03 -4.101140e+00 -3.297656e-03 9.999946e-01 3.696489e-06 4.569372e-01 4.529484e-03 1.123956e-05 9.999897e-01 -1.120621e+01
9.999987e-01 -1.205975e-03 1.026601e-03 -4.224078e+00 1.206258e-03 9.999992e-01 -2.746154e-04 4.645671e-01 -1.026269e-03 2.758541e-04 9.999994e-01 -1.131948e+01
9.999860e-01 4.610593e-03 -2.608444e-03 -4.341501e+00 -4.610932e-03 9.999894e-01 -1.237596e-04 4.804055e-01 2.607846e-03 1.357845e-04 9.999966e-01 -1.172544e+01
9.999969e-01 -1.679556e-03 1.824046e-03 -4.514579e+00 1.680343e-03 9.999985e-01 -4.301834e-04 4.966599e-01 -1.823321e-03 4.332479e-04 9.999982e-01 -1.198632e+01
9.999914e-01 2.630848e-03 -3.205068e-03 -4.728986e+00 -2.632677e-03 9.999964e-01 -5.664970e-04 5.059404e-01 3.203565e-03 5.749293e-04 9.999947e-01 -1.172083e+01
9.999962e-01 -1.935998e-03 -1.949028e-03 -4.787862e+00 1.935285e-03 9.999981e-01 -3.675189e-04 5.021257e-01 1.949736e-03 3.637464e-04 9.999980e-01 -1.126945e+01
9.999927e-01 2.542798e-03 -2.869305e-03 -4.852709e+00 -2.545351e-03 9.999964e-01 -8.864868e-04 4.978104e-01 2.867040e-03 8.937830e-04 9.999955e-01 -1.076304e+01
9.999799e-01 -1.532534e-03 -6.152677e-03 -4.834877e+00 1.532184e-03 9.999988e-01 -6.160822e-05 4.884322e-01 6.152765e-03 5.218068e-05 9.999811e-01 -1.026496e+01
9.999942e-01 2.538322e-03 -2.282061e-03 -4.771304e+00 -2.539816e-03 9.999966e-01 -6.520828e-04 4.725684e-01 2.280398e-03 6.578743e-04 9.999972e-01 -9.752752e+00
9.999872e-01 -9.171826e-04 -4.971523e-03 -4.749336e+00 9.199569e-04 9.999994e-01 5.557474e-04 4.714477e-01 4.971011e-03 -5.603132e-04 9.999875e-01 -9.771981e+00
9.999935e-01 2.464744e-03 -2.620440e-03 -4.699408e+00 -2.466656e-03 9.999967e-01 -7.266620e-04 4.723950e-01 2.618640e-03 7.331203e-04 9.999963e-01 -9.909155e+00
9.999857e-01 -1.491360e-03 -5.130035e-03 -4.688522e+00 1.492349e-03 9.999989e-01 1.887890e-04 4.675540e-01 5.129748e-03 -1.964414e-04 9.999868e-01 -9.676034e+00
9.999926e-01 3.529265e-03 -1.526928e-03 -4.670740e+00 -3.529925e-03 9.999937e-01 -4.296180e-04 4.690106e-01 1.525402e-03 4.350040e-04 9.999987e-01 -9.828746e+00
9.999814e-01 -1.527396e-03 -5.912532e-03 -4.619616e+00 1.529120e-03 9.999988e-01 2.871529e-04 4.702279e-01 5.912086e-03 -2.961878e-04 9.999825e-01 -9.981313e+00
9.999960e-01 2.098440e-03 -1.913471e-03 -4.588091e+00 -2.100992e-03 9.999969e-01 -1.332527e-03 4.566197e-01 1.910669e-03 1.336542e-03 9.999973e-01 -9.568905e+00
9.999769e-01 -8.414164e-04 -6.739138e-03 -4.524865e+00 8.464358e-04 9.999994e-01 7.419703e-04 4.410879e-01 6.738510e-03 -7.476567e-04 9.999770e-01 -9.065179e+00
9.999962e-01 1.482323e-03 -2.330113e-03 -4.465852e+00 -1.485151e-03 9.999982e-01 -1.212378e-03 4.287864e-01 2.328311e-03 1.215834e-03 9.999966e-01 -8.687047e+00
9.999769e-01 -4.264770e-06 -6.802222e-03 -4.395307e+00 1.262573e-05 9.999992e-01 1.229083e-03 4.247178e-01 6.802212e-03 -1.229140e-03 9.999761e-01 -8.655561e+00
9.999958e-01 2.420406e-03 -1.603352e-03 -4.286549e+00 -2.422480e-03 9.999962e-01 -1.292303e-03 4.270354e-01 1.600217e-03 1.296181e-03 9.999979e-01 -8.943879e+00
9.999845e-01 3.993187e-03 -3.884259e-03 -4.077988e+00 -3.991511e-03 9.999919e-01 4.389993e-04 4.402155e-01 3.885981e-03 -4.234877e-04 9.999924e-01 -9.910416e+00
9.999964e-01 5.838420e-04 -2.625474e-03 -3.940360e+00 -5.857878e-04 9.999996e-01 -7.403572e-04 4.514864e-01 2.625040e-03 7.418917e-04 9.999963e-01 -1.063261e+01
9.999831e-01 1.324439e-03 -5.658846e-03 -3.895430e+00 -1.320742e-03 9.999989e-01 6.569755e-04 4.533521e-01 5.659710e-03 -6.494898e-04 9.999838e-01 -1.078166e+01
9.999926e-01 3.499982e-03 1.607453e-03 -3.789428e+00 -3.497710e-03 9.999929e-01 -1.414195e-03 4.651264e-01 -1.612391e-03 1.408562e-03 9.999977e-01 -1.154902e+01
9.999820e-01 8.835880e-04 -5.941243e-03 -3.726748e+00 -8.781687e-04 9.999992e-01 9.146669e-04 4.759518e-01 5.942046e-03 -9.094322e-04 9.999819e-01 -1.221245e+01
9.999968e-01 3.357024e-04 -2.513991e-03 -3.636851e+00 -3.420490e-04 9.999968e-01 -2.524426e-03 4.541987e-01 2.513135e-03 2.525277e-03 9.999937e-01 -1.150372e+01
9.999784e-01 1.456367e-03 -6.401459e-03 -3.521959e+00 -1.442898e-03 9.999967e-01 2.108089e-03 4.340005e-01 6.404509e-03 -2.098806e-03 9.999773e-01 -1.089010e+01
9.999988e-01 9.664223e-04 -1.230604e-03 -3.425708e+00 -9.694340e-04 9.999965e-01 -2.448957e-03 4.333139e-01 1.228233e-03 2.450146e-03 9.999962e-01 -1.107223e+01
9.999841e-01 1.404920e-03 -5.458244e-03 -3.392258e+00 -1.391722e-03 9.999961e-01 2.420942e-03 4.360847e-01 5.461624e-03 -2.413306e-03 9.999822e-01 -1.128890e+01
9.999961e-01 5.980261e-05 2.797979e-03 -3.553248e+00 -5.049149e-05 9.999945e-01 -3.327830e-03 4.428932e-01 -2.798163e-03 3.327675e-03 9.999905e-01 -1.122111e+01
9.999984e-01 9.534501e-04 1.520325e-03 -3.925442e+00 -9.545592e-04 9.999993e-01 7.291032e-04 4.568894e-01 -1.519629e-03 -7.305526e-04 9.999986e-01 -1.078059e+01
9.999996e-01 5.720261e-04 7.261023e-04 -4.267848e+00 -5.705022e-04 9.999976e-01 -2.097449e-03 4.728953e-01 -7.273006e-04 2.097033e-03 9.999975e-01 -1.043225e+01
9.999704e-01 1.436613e-03 -7.554991e-03 -4.283983e+00 -1.422364e-03 9.999972e-01 1.891132e-03 4.775193e-01 7.557687e-03 -1.880330e-03 9.999697e-01 -1.052380e+01
9.999968e-01 2.386723e-03 8.023647e-04 -4.135923e+00 -2.384950e-03 9.999947e-01 -2.204141e-03 4.858975e-01 -8.076214e-04 2.202220e-03 9.999972e-01 -1.113597e+01
9.999358e-01 2.984641e-03 -1.092944e-02 -3.767767e+00 -2.964795e-03 9.999939e-01 1.831570e-03 4.938661e-01 1.093484e-02 -1.799048e-03 9.999386e-01 -1.198847e+01
9.999350e-01 -1.239632e-03 -1.133317e-02 -3.157610e+00 1.220710e-03 9.999978e-01 -1.676344e-03 4.770999e-01 1.133522e-02 1.662399e-03 9.999344e-01 -1.205364e+01
9.999936e-01 2.442149e-03 -2.626356e-03 -2.856613e+00 -2.438292e-03 9.999959e-01 1.470778e-03 4.564047e-01 2.629937e-03 -1.464364e-03 9.999955e-01 -1.174862e+01
9.999757e-01 4.865573e-03 4.994097e-03 -2.885839e+00 -4.851893e-03 9.999845e-01 -2.747859e-03 4.798353e-01 -5.007390e-03 2.723561e-03 9.999838e-01 -1.287366e+01
9.999875e-01 4.942451e-03 -6.880564e-04 -2.913021e+00 -4.941943e-03 9.999875e-01 7.372914e-04 5.105420e-01 6.916920e-04 -7.338812e-04 9.999995e-01 -1.437978e+01
9.999551e-01 6.327813e-03 7.049519e-03 -2.884572e+00 -6.304018e-03 9.999744e-01 -3.392587e-03 5.451667e-01 -7.070806e-03 3.347994e-03 9.999694e-01 -1.620898e+01
9.999861e-01 1.976132e-03 -4.884458e-03 -2.929708e+00 -1.966834e-03 9.999962e-01 1.907563e-03 5.723741e-01 4.888210e-03 -1.897929e-03 9.999863e-01 -1.746241e+01
9.999982e-01 1.710023e-04 1.894834e-03 -3.027884e+00 -1.658677e-04 9.999963e-01 -2.709703e-03 5.784893e-01 -1.895290e-03 2.709383e-03 9.999945e-01 -1.751346e+01
9.999515e-01 1.658979e-03 -9.713089e-03 -3.013294e+00 -1.633504e-03 9.999952e-01 2.630061e-03 5.801110e-01 9.717406e-03 -2.614067e-03 9.999494e-01 -1.759417e+01
9.999973e-01 3.591811e-04 2.288762e-03 -2.935145e+00 -3.521943e-04 9.999953e-01 -3.052456e-03 5.791910e-01 -2.289848e-03 3.051641e-03 9.999927e-01 -1.768318e+01
9.999509e-01 2.880163e-03 -9.486557e-03 -2.788456e+00 -2.853068e-03 9.999918e-01 2.868391e-03 5.845449e-01 9.494741e-03 -2.841184e-03 9.999509e-01 -1.817837e+01
9.999852e-01 2.382711e-03 4.893581e-03 -2.639896e+00 -2.365505e-03 9.999910e-01 -3.518892e-03 5.964725e-01 -4.901922e-03 3.507263e-03 9.999818e-01 -1.900128e+01
9.999016e-01 1.363271e-03 -1.395838e-02 -2.436300e+00 -1.311848e-03 9.999923e-01 3.692519e-03 6.015244e-01 1.396331e-02 -3.673844e-03 9.998958e-01 -1.951230e+01
9.999994e-01 1.110023e-03 -1.131254e-04 -2.068626e+00 -1.110394e-03 9.999938e-01 -3.328631e-03 5.958021e-01 1.094297e-04 3.328754e-03 9.999945e-01 -1.976027e+01
9.998960e-01 4.454781e-04 -1.441318e-02 -1.733430e+00 -3.943590e-04 9.999936e-01 3.549318e-03 5.891798e-01 1.441467e-02 -3.543264e-03 9.998898e-01 -1.992258e+01
9.999643e-01 3.434617e-03 7.724016e-03 -1.517185e+00 -3.403437e-03 9.999860e-01 -4.046352e-03 5.885847e-01 -7.737806e-03 4.019919e-03 9.999620e-01 -2.036333e+01
9.998529e-01 -7.793698e-04 -1.713338e-02 -1.264159e+00 8.399136e-04 9.999934e-01 3.526751e-03 5.803391e-01 1.713052e-02 -3.540622e-03 9.998470e-01 -2.053688e+01
9.999731e-01 2.251796e-03 6.981140e-03 -1.111810e+00 -2.227033e-03 9.999912e-01 -3.552949e-03 5.676158e-01 -6.989079e-03 3.537305e-03 9.999693e-01 -2.030368e+01
9.998609e-01 1.648151e-04 -1.667709e-02 -9.420381e-01 -1.026657e-04 9.999930e-01 3.727411e-03 5.663941e-01 1.667759e-02 -3.725180e-03 9.998540e-01 -2.052913e+01
9.999788e-01 8.055533e-04 6.467263e-03 -8.264020e-01 -7.805245e-04 9.999922e-01 -3.871699e-03 5.566540e-01 -6.470332e-03 3.866568e-03 9.999716e-01 -2.036050e+01
9.998669e-01 1.604859e-03 -1.623449e-02 -6.769624e-01 -1.579671e-03 9.999975e-01 1.564176e-03 5.213032e-01 1.623696e-02 -1.538322e-03 9.998670e-01 -1.913790e+01
9.999946e-01 9.289972e-04 3.147955e-03 -4.000555e-01 -9.223055e-04 9.999973e-01 -2.126611e-03 4.830243e-01 -3.149922e-03 2.123695e-03 9.999928e-01 -1.821442e+01
9.998424e-01 2.162984e-03 -1.762137e-02 9.143043e-02 -2.115450e-03 9.999941e-01 2.715718e-03 4.749041e-01 1.762714e-02 -2.678012e-03 9.998410e-01 -1.854653e+01
9.999673e-01 -6.277443e-04 8.068131e-03 2.640065e-01 6.562985e-04 9.999935e-01 -3.537011e-03 4.534780e-01 -8.065858e-03 3.542190e-03 9.999612e-01 -1.804146e+01
9.998783e-01 2.414888e-03 -1.541359e-02 3.157356e-01 -2.386756e-03 9.999955e-01 1.843268e-03 4.292071e-01 1.541797e-02 -1.806255e-03 9.998795e-01 -1.719139e+01
9.999638e-01 -1.197035e-03 8.421342e-03 3.419043e-01 1.225356e-03 9.999936e-01 -3.358677e-03 4.116370e-01 -8.417268e-03 3.368874e-03 9.999589e-01 -1.653302e+01
9.998919e-01 2.037049e-03 -1.456307e-02 3.191694e-01 -1.998062e-03 9.999944e-01 2.691170e-03 4.042007e-01 1.456847e-02 -2.661780e-03 9.998903e-01 -1.610695e+01
9.999652e-01 -1.463911e-03 8.208425e-03 2.770637e-01 1.490746e-03 9.999936e-01 -3.264126e-03 4.046154e-01 -8.203594e-03 3.276248e-03 9.999610e-01 -1.586744e+01
9.998474e-01 2.211884e-03 -1.732864e-02 3.452490e-01 -2.154879e-03 9.999922e-01 3.307639e-03 3.958741e-01 1.733582e-02 -3.269792e-03 9.998444e-01 -1.564127e+01
9.999294e-01 -1.633301e-03 1.177185e-02 2.988925e-01 1.683213e-03 9.999896e-01 -4.231296e-03 3.924872e-01 -1.176482e-02 4.250811e-03 9.999218e-01 -1.537069e+01
9.998674e-01 4.541424e-03 -1.564107e-02 2.095113e-01 -4.481552e-03 9.999825e-01 3.860749e-03 3.994254e-01 1.565833e-02 -3.790140e-03 9.998702e-01 -1.563381e+01
9.999527e-01 -2.708295e-04 9.717860e-03 3.198019e-01 3.101874e-04 9.999918e-01 -4.048813e-03 4.087786e-01 -9.716683e-03 4.051636e-03 9.999446e-01 -1.626169e+01
9.998200e-01 1.901327e-03 -1.887764e-02 4.073889e-01 -1.820130e-03 9.999890e-01 4.317481e-03 4.091889e-01 1.888565e-02 -4.282343e-03 9.998125e-01 -1.640907e+01
9.999175e-01 -5.067751e-04 1.283740e-02 3.533814e-01 5.620050e-04 9.999906e-01 -4.299051e-03 4.125177e-01 -1.283510e-02 4.305910e-03 9.999084e-01 -1.641515e+01
9.998352e-01 1.689254e-03 -1.807444e-02 2.692767e-01 -1.615795e-03 9.999904e-01 4.078056e-03 4.176551e-01 1.808116e-02 -4.048178e-03 9.998283e-01 -1.636828e+01
9.999149e-01 -1.299328e-03 1.297923e-02 2.387457e-01 1.371337e-03 9.999837e-01 -5.540672e-03 4.079504e-01 -1.297182e-02 5.557998e-03 9.999004e-01 -1.588752e+01
9.999374e-01 1.787541e-03 -1.104920e-02 -2.089418e-02 -1.755297e-03 9.999942e-01 2.927231e-03 4.164290e-01 1.105437e-02 -2.907653e-03 9.999347e-01 -1.529631e+01
9.999271e-01 -1.054786e-03 1.202997e-02 -2.861359e-01 1.112241e-03 9.999880e-01 -4.770287e-03 4.275170e-01 -1.202479e-02 4.783319e-03 9.999163e-01 -1.493000e+01
9.999091e-01 1.654903e-03 -1.338119e-02 -4.859123e-01 -1.612205e-03 9.999936e-01 3.200968e-03 4.344433e-01 1.338640e-02 -3.179104e-03 9.999053e-01 -1.458168e+01
9.999568e-01 -1.154762e-03 9.218472e-03 -5.698616e-01 1.196540e-03 9.999890e-01 -4.527789e-03 4.332332e-01 -9.213143e-03 4.538623e-03 9.999473e-01 -1.415845e+01
9.998453e-01 1.830119e-03 -1.749092e-02 -5.369796e-01 -1.761161e-03 9.999906e-01 3.957087e-03 4.228986e-01 1.749799e-02 -3.925670e-03 9.998392e-01 -1.381433e+01
9.999603e-01 -1.022687e-03 8.847046e-03 -4.791566e-01 1.061757e-03 9.999897e-01 -4.412595e-03 4.095594e-01 -8.842442e-03 4.421813e-03 9.999511e-01 -1.343656e+01
9.998532e-01 1.691103e-03 -1.705119e-02 -4.538613e-01 -1.620858e-03 9.999901e-01 4.132591e-03 4.027194e-01 1.705801e-02 -4.104346e-03 9.998461e-01 -1.318234e+01
9.999030e-01 2.987227e-03 1.360240e-02 -4.222066e-01 -2.922052e-03 9.999842e-01 -4.808800e-03 4.146840e-01 -1.361655e-02 4.768586e-03 9.998959e-01 -1.386141e+01
9.998611e-01 2.973019e-03 -1.639646e-02 -3.209973e-01 -2.907002e-03 9.999876e-01 4.048633e-03 4.316513e-01 1.640829e-02 -4.000405e-03 9.998574e-01 -1.481789e+01
9.999115e-01 -1.875187e-03 1.317143e-02 -4.175607e-01 1.940062e-03 9.999860e-01 -4.914421e-03 4.317208e-01 -1.316203e-02 4.939538e-03 9.999012e-01 -1.464342e+01
9.999166e-01 2.251771e-03 -1.271674e-02 -6.149090e-01 -2.217221e-03 9.999938e-01 2.730295e-03 4.358974e-01 1.272281e-02 -2.701871e-03 9.999154e-01 -1.396870e+01
9.999543e-01 -1.703009e-03 9.406193e-03 -7.210922e-01 1.739320e-03 9.999911e-01 -3.853536e-03 4.378340e-01 -9.399546e-03 3.869720e-03 9.999483e-01 -1.353194e+01
9.999045e-01 2.611145e-03 -1.357091e-02 -8.449291e-01 -2.564097e-03 9.999906e-01 3.483089e-03 4.405052e-01 1.357987e-02 -3.447958e-03 9.999018e-01 -1.331717e+01
9.999251e-01 -6.337865e-05 1.224250e-02 -1.081848e+00 1.062035e-04 9.999939e-01 -3.497460e-03 4.584789e-01 -1.224220e-02 3.498498e-03 9.999189e-01 -1.346632e+01
9.998554e-01 3.409882e-03 -1.665912e-02 -1.123414e+00 -3.348960e-03 9.999876e-01 3.683488e-03 4.721237e-01 1.667148e-02 -3.627164e-03 9.998544e-01 -1.384909e+01
9.998900e-01 -7.397376e-04 1.481129e-02 -1.305533e+00 7.958773e-04 9.999925e-01 -3.784821e-03 4.857114e-01 -1.480838e-02 3.796192e-03 9.998831e-01 -1.403976e+01
9.998034e-01 3.199296e-03 -1.956823e-02 -1.404112e+00 -3.124103e-03 9.999876e-01 3.871958e-03 4.954760e-01 1.958038e-02 -3.810063e-03 9.998010e-01 -1.421722e+01
9.998710e-01 5.339438e-04 1.605052e-02 -1.410584e+00 -4.685439e-04 9.999916e-01 -4.078136e-03 5.076957e-01 -1.605256e-02 4.070089e-03 9.998629e-01 -1.471811e+01
9.997793e-01 2.941093e-03 -2.080327e-02 -1.418621e+00 -2.860852e-03 9.999884e-01 3.885819e-03 5.215820e-01 2.081446e-02 -3.825445e-03 9.997760e-01 -1.514315e+01
9.999037e-01 5.999351e-04 1.386641e-02 -1.317474e+00 -5.461839e-04 9.999923e-01 -3.879843e-03 5.317090e-01 -1.386864e-02 3.871895e-03 9.998963e-01 -1.565489e+01
9.996125e-01 3.436935e-03 -2.762198e-02 -8.935176e-01 -3.326030e-03 9.999862e-01 4.060028e-03 5.342197e-01 2.763556e-02 -3.966583e-03 9.996102e-01 -1.630321e+01
9.999842e-01 -1.247344e-03 5.481648e-03 -2.506457e-01 1.264402e-03 9.999944e-01 -3.109512e-03 5.317631e-01 -5.477739e-03 3.116393e-03 9.999801e-01 -1.684019e+01
9.997942e-01 3.198577e-03 -2.003101e-02 6.614929e-02 -3.127218e-03 9.999887e-01 3.592729e-03 5.329115e-01 2.004228e-02 -3.529348e-03 9.997929e-01 -1.719764e+01
9.999202e-01 -5.434675e-04 1.262053e-02 1.684598e-01 5.887386e-04 9.999934e-01 -3.583688e-03 5.375669e-01 -1.261850e-02 3.590832e-03 9.999139e-01 -1.753231e+01
9.998403e-01 2.927709e-03 -1.763156e-02 1.492558e-01 -2.869465e-03 9.999903e-01 3.327777e-03 5.422939e-01 1.764113e-02 -3.276652e-03 9.998390e-01 -1.767333e+01
9.998652e-01 2.503272e-03 1.622524e-02 1.199397e-01 -2.434362e-03 9.999879e-01 -4.265509e-03 5.571258e-01 -1.623572e-02 4.225436e-03 9.998593e-01 -1.844844e+01
9.998170e-01 4.135762e-03 -1.867647e-02 2.478496e-01 -4.076415e-03 9.999865e-01 3.214568e-03 5.744161e-01 1.868951e-02 -3.137846e-03 9.998204e-01 -1.951047e+01
9.999338e-01 -6.236930e-04 1.148914e-02 4.413393e-01 6.648191e-04 9.999934e-01 -3.576124e-03 5.768432e-01 -1.148683e-02 3.583525e-03 9.999276e-01 -2.000077e+01
9.998334e-01 3.881328e-03 -1.783301e-02 5.930023e-01 -3.822750e-03 9.999872e-01 3.317675e-03 5.809069e-01 1.784566e-02 -3.248951e-03 9.998355e-01 -2.049578e+01
9.999416e-01 -1.029148e-03 1.075773e-02 7.130096e-01 1.067193e-03 9.999932e-01 -3.531440e-03 5.847319e-01 -1.075402e-02 3.542713e-03 9.999359e-01 -2.089898e+01
9.998278e-01 3.758828e-03 -1.817124e-02 8.413078e-01 -3.698971e-03 9.999876e-01 3.326523e-03 5.892415e-01 1.818352e-02 -3.258735e-03 9.998294e-01 -2.129917e+01
9.999248e-01 -3.474441e-04 1.225595e-02 9.322984e-01 3.925044e-04 9.999932e-01 -3.674426e-03 5.973288e-01 -1.225459e-02 3.678960e-03 9.999181e-01 -2.181595e+01
9.998235e-01 3.514716e-03 -1.845629e-02 1.008527e+00 -3.450519e-03 9.999879e-01 3.508997e-03 6.036912e-01 1.846840e-02 -3.444693e-03 9.998235e-01 -2.224167e+01
9.999381e-01 -8.129137e-04 1.109590e-02 1.083854e+00 8.561080e-04 9.999921e-01 -3.888651e-03 6.060798e-01 -1.109265e-02 3.897909e-03 9.999309e-01 -2.245211e+01
9.998821e-01 5.915973e-03 -1.417112e-02 1.180200e+00 -5.872605e-03 9.999780e-01 3.099947e-03 6.185503e-01 1.418915e-02 -3.016360e-03 9.998948e-01 -2.326577e+01
9.999573e-01 -8.263759e-04 9.206375e-03 1.351799e+00 8.605371e-04 9.999928e-01 -3.707297e-03 6.290267e-01 -9.203245e-03 3.715061e-03 9.999507e-01 -2.407637e+01
9.998961e-01 6.673952e-03 -1.277906e-02 1.498414e+00 -6.639286e-03 9.999742e-01 2.753199e-03 6.422901e-01 1.279710e-02 -2.668068e-03 9.999146e-01 -2.501665e+01
9.999616e-01 -1.731938e-03 8.585041e-03 1.608233e+00 1.760956e-03 9.999928e-01 -3.373731e-03 6.559339e-01 -8.579136e-03 3.388719e-03 9.999575e-01 -2.586266e+01
9.998898e-01 5.095484e-03 -1.394515e-02 1.672210e+00 -5.052561e-03 9.999824e-01 3.111528e-03 6.642317e-01 1.396076e-02 -3.040725e-03 9.998979e-01 -2.637556e+01
9.999935e-01 -2.780730e-03 2.292439e-03 1.917246e+00 2.787772e-03 9.999914e-01 -3.074509e-03 6.643404e-01 -2.283870e-03 3.080879e-03 9.999926e-01 -2.673561e+01
9.999471e-01 7.397883e-03 -7.149756e-03 2.085682e+00 -7.381065e-03 9.999699e-01 2.375819e-03 6.754611e-01 7.167117e-03 -2.322920e-03 9.999716e-01 -2.756396e+01
9.999925e-01 -3.131438e-03 2.291428e-03 2.227417e+00 3.138008e-03 9.999910e-01 -2.869619e-03 6.863958e-01 -2.282421e-03 2.876788e-03 9.999933e-01 -2.831772e+01
9.999592e-01 5.889252e-03 -6.849473e-03 2.230383e+00 -5.875410e-03 9.999807e-01 2.039141e-03 6.899079e-01 6.861350e-03 -1.998814e-03 9.999745e-01 -2.856925e+01
9.999771e-01 -4.229886e-03 -5.291693e-03 2.452412e+00 4.218733e-03 9.999889e-01 -2.116875e-03 6.792651e-01 5.300588e-03 2.094502e-03 9.999838e-01 -2.854200e+01
9.999620e-01 5.924666e-03 -6.400742e-03 2.670090e+00 -5.910157e-03 9.999799e-01 2.283293e-03 6.783581e-01 6.414142e-03 -2.245376e-03 9.999769e-01 -2.882798e+01
9.999941e-01 -3.276662e-03 1.058458e-03 2.665299e+00 3.279240e-03 9.999916e-01 -2.443638e-03 6.857981e-01 -1.050442e-03 2.447094e-03 9.999965e-01 -2.916104e+01
9.999666e-01 6.779972e-03 -4.566464e-03 2.641399e+00 -6.770153e-03 9.999747e-01 2.162266e-03 6.962061e-01 4.581009e-03 -2.131277e-03 9.999872e-01 -2.961552e+01
9.999915e-01 -1.974697e-03 3.631325e-03 2.615196e+00 1.985431e-03 9.999937e-01 -2.954924e-03 7.117571e-01 -3.625466e-03 2.962108e-03 9.999890e-01 -3.033713e+01
9.999542e-01 8.954926e-03 -3.375272e-03 2.552821e+00 -8.949811e-03 9.999588e-01 1.527375e-03 7.333174e-01 3.388810e-03 -1.497096e-03 9.999931e-01 -3.134330e+01
9.999814e-01 -1.676422e-04 6.095812e-03 2.513944e+00 1.878884e-04 9.999945e-01 -3.320977e-03 7.616524e-01 -6.095222e-03 3.322060e-03 9.999759e-01 -3.266382e+01
9.999534e-01 9.100696e-03 -3.211244e-03 2.501662e+00 -9.095732e-03 9.999574e-01 1.557010e-03 7.898960e-01 3.225277e-03 -1.527728e-03 9.999936e-01 -3.404340e+01
9.999939e-01 -3.479441e-03 -2.252538e-04 2.588175e+00 3.478937e-03 9.999915e-01 -2.201927e-03 8.042788e-01 2.329134e-04 2.201129e-03 9.999976e-01 -3.489677e+01
9.999533e-01 5.557597e-03 -7.904193e-03 2.701546e+00 -5.540578e-03 9.999823e-01 2.173359e-03 8.015973e-01 7.916132e-03 -2.129463e-03 9.999664e-01 -3.503992e+01
9.999935e-01 -3.021804e-03 1.954294e-03 2.752240e+00 3.026341e-03 9.999927e-01 -2.323300e-03 8.025300e-01 -1.947260e-03 2.329199e-03 9.999954e-01 -3.525919e+01
9.999542e-01 7.088865e-03 -6.437197e-03 2.837169e+00 -7.075093e-03 9.999726e-01 2.159733e-03 8.095695e-01 6.452331e-03 -2.114089e-03 9.999769e-01 -3.581618e+01
9.999910e-01 -4.100588e-03 -1.097911e-03 2.987496e+00 4.098276e-03 9.999894e-01 -2.099339e-03 8.112878e-01 1.106508e-03 2.094820e-03 9.999972e-01 -3.620048e+01
9.999507e-01 5.544991e-03 -8.239844e-03 3.113692e+00 -5.528451e-03 9.999827e-01 2.028720e-03 8.034529e-01 8.250950e-03 -1.983066e-03 9.999640e-01 -3.612545e+01
9.999936e-01 -3.383894e-03 1.187747e-03 3.208699e+00 3.386372e-03 9.999921e-01 -2.090882e-03 8.033818e-01 -1.180662e-03 2.094890e-03 9.999971e-01 -3.633525e+01
9.999519e-01 6.488034e-03 -7.350135e-03 3.304471e+00 -6.473208e-03 9.999770e-01 2.039050e-03 8.089388e-01 7.363195e-03 -1.991372e-03 9.999709e-01 -3.677878e+01
9.999899e-01 -4.437355e-03 -6.420960e-04 3.399563e+00 4.435956e-03 9.999878e-01 -2.162660e-03 8.079113e-01 6.516847e-04 2.159790e-03 9.999975e-01 -3.692093e+01
9.999483e-01 6.448149e-03 -7.857432e-03 3.539298e+00 -6.430393e-03 9.999767e-01 2.282921e-03 8.057298e-01 7.871970e-03 -2.232276e-03 9.999665e-01 -3.709268e+01
9.999903e-01 -4.409537e-03 8.498114e-05 3.622916e+00 4.409725e-03 9.999875e-01 -2.359785e-03 8.041050e-01 -7.457449e-05 2.360136e-03 9.999972e-01 -3.722305e+01
9.999379e-01 5.707778e-03 -9.573692e-03 3.708978e+00 -5.683786e-03 9.999806e-01 2.531414e-03 7.983039e-01 9.587955e-03 -2.476842e-03 9.999510e-01 -3.716815e+01
9.999927e-01 -3.112451e-03 2.199423e-03 3.838545e+00 3.117926e-03 9.999920e-01 -2.490526e-03 7.991335e-01 -2.191654e-03 2.497365e-03 9.999945e-01 -3.744787e+01
9.999568e-01 5.860882e-03 -7.212041e-03 3.884049e+00 -5.843487e-03 9.999800e-01 2.430491e-03 8.057233e-01 7.226141e-03 -2.388241e-03 9.999710e-01 -3.772905e+01
9.999914e-01 -3.380505e-03 -2.414122e-03 4.108329e+00 3.374551e-03 9.999913e-01 -2.465936e-03 8.119989e-01 2.422437e-03 2.457768e-03 9.999940e-01 -3.822826e+01
9.999707e-01 7.048699e-03 -2.975113e-03 4.196790e+00 -7.042997e-03 9.999733e-01 1.922607e-03 8.205605e-01 2.988585e-03 -1.901596e-03 9.999937e-01 -3.875061e+01
9.999979e-01 -9.451144e-04 1.825107e-03 4.262568e+00 9.508877e-04 9.999945e-01 -3.165265e-03 8.381040e-01 -1.822106e-03 3.166994e-03 9.999933e-01 -3.973575e+01
9.999592e-01 8.690155e-03 2.485100e-03 4.188937e+00 -8.693392e-03 9.999614e-01 1.294675e-03 8.645565e-01 -2.473754e-03 -1.316226e-03 9.999961e-01 -4.095820e+01
9.999949e-01 -1.686813e-04 3.175933e-03 4.057840e+00 1.786870e-04 9.999950e-01 -3.150565e-03 8.957815e-01 -3.175386e-03 3.151116e-03 9.999900e-01 -4.229218e+01
9.999614e-01 8.744352e-03 7.995590e-04 4.041368e+00 -8.745404e-03 9.999609e-01 1.321558e-03 9.230585e-01 -7.879716e-04 -1.328499e-03 9.999988e-01 -4.363200e+01
9.999939e-01 -2.102401e-03 -2.801327e-03 4.110445e+00 2.096229e-03 9.999954e-01 -2.204257e-03 9.425117e-01 2.805948e-03 2.198370e-03 9.999936e-01 -4.468315e+01
9.999830e-01 5.670478e-03 -1.339473e-03 4.155940e+00 -5.668044e-03 9.999823e-01 1.814138e-03 9.524764e-01 1.349736e-03 -1.806514e-03 9.999975e-01 -4.523799e+01
9.999925e-01 -2.330430e-03 -3.107446e-03 4.199645e+00 2.323599e-03 9.999949e-01 -2.200047e-03 9.610852e-01 3.112557e-03 2.192809e-03 9.999928e-01 -4.575246e+01
9.999810e-01 5.854548e-03 -1.923397e-03 4.288696e+00 -5.851073e-03 9.999812e-01 1.807026e-03 9.690069e-01 1.933941e-03 -1.795737e-03 9.999965e-01 -4.631521e+01
9.999769e-01 -2.921143e-03 -6.131800e-03 4.465346e+00 2.909681e-03 9.999940e-01 -1.877186e-03 9.726055e-01 6.137247e-03 1.859301e-03 9.999794e-01 -4.675911e+01
9.999518e-01 9.806281e-03 3.763917e-04 4.657577e+00 -9.806660e-03 9.999514e-01 1.019310e-03 9.895263e-01 -3.663778e-04 -1.022952e-03 9.999994e-01 -4.782430e+01
9.999962e-01 -2.222300e-03 -1.617888e-03 4.762130e+00 2.218963e-03 9.999954e-01 -2.060740e-03 1.011253e+00 1.622461e-03 2.057142e-03 9.999966e-01 -4.902532e+01
9.999775e-01 5.159187e-03 -4.280389e-03 4.869750e+00 -5.151500e-03 9.999851e-01 1.804904e-03 1.016387e+00 4.289637e-03 -1.782813e-03 9.999892e-01 -4.947769e+01
9.999995e-01 -9.655852e-04 3.250791e-04 4.955444e+00 9.663899e-04 9.999964e-01 -2.485762e-03 1.025617e+00 -3.226776e-04 2.486074e-03 9.999969e-01 -5.012729e+01
9.999781e-01 5.462307e-03 -3.748932e-03 5.038223e+00 -5.455071e-03 9.999832e-01 1.937681e-03 1.036056e+00 3.759453e-03 -1.917187e-03 9.999911e-01 -5.083317e+01
9.999923e-01 -2.735329e-03 -2.803686e-03 5.119484e+00 2.729287e-03 9.999940e-01 -2.156357e-03 1.036229e+00 2.809567e-03 2.148688e-03 9.999937e-01 -5.108112e+01
9.999753e-01 5.757754e-03 -4.036686e-03 5.243128e+00 -5.749558e-03 9.999814e-01 2.038859e-03 1.035493e+00 4.048350e-03 -2.015599e-03 9.999898e-01 -5.139000e+01
9.999947e-01 -2.306874e-03 -2.285102e-03 5.393192e+00 2.302065e-03 9.999951e-01 -2.104843e-03 1.040079e+00 2.289947e-03 2.099570e-03 9.999952e-01 -5.190918e+01
9.999732e-01 6.173476e-03 -3.941180e-03 5.536727e+00 -6.165734e-03 9.999790e-01 1.973313e-03 1.046257e+00 3.953279e-03 -1.948959e-03 9.999903e-01 -5.245642e+01
9.999956e-01 1.332939e-03 2.659483e-03 5.664282e+00 -1.324390e-03 9.999940e-01 -3.213758e-03 1.063509e+00 -2.663750e-03 3.210221e-03 9.999913e-01 -5.357139e+01
9.999475e-01 4.382488e-03 -9.267377e-03 5.921143e+00 -4.360461e-03 9.999876e-01 2.395656e-03 1.070958e+00 9.277761e-03 -2.355119e-03 9.999542e-01 -5.441321e+01
9.999973e-01 -2.232561e-03 -6.385612e-04 6.159456e+00 2.231146e-03 9.999951e-01 -2.207017e-03 1.062326e+00 6.434855e-04 2.205586e-03 9.999974e-01 -5.453676e+01
9.999670e-01 6.538876e-03 -4.823694e-03 6.294049e+00 -6.530595e-03 9.999772e-01 1.730412e-03 1.070967e+00 4.834899e-03 -1.698852e-03 9.999869e-01 -5.519644e+01
9.999933e-01 -2.989222e-03 -2.100236e-03 6.462844e+00 2.985316e-03 9.999938e-01 -1.860242e-03 1.077209e+00 2.105784e-03 1.853959e-03 9.999961e-01 -5.577041e+01
9.999725e-01 5.982840e-03 -4.381609e-03 6.609703e+00 -5.975156e-03 9.999806e-01 1.764686e-03 1.081219e+00 4.392082e-03 -1.738456e-03 9.999888e-01 -5.622509e+01
9.999837e-01 -2.343994e-03 -5.205226e-03 6.868983e+00 2.336372e-03 9.999962e-01 -1.469664e-03 1.084381e+00 5.208651e-03 1.457478e-03 9.999854e-01 -5.669983e+01
9.999817e-01 5.128290e-03 -3.194068e-03 7.041153e+00 -5.123488e-03 9.999857e-01 1.509914e-03 1.088619e+00 3.201766e-03 -1.493521e-03 9.999938e-01 -5.714400e+01
9.999216e-01 2.886568e-03 1.218398e-02 6.768565e+00 -2.848340e-03 9.999910e-01 -3.153726e-03 1.123456e+00 -1.219297e-02 3.118774e-03 9.999208e-01 -5.830505e+01
9.999680e-01 7.807595e-03 -1.762765e-03 6.504099e+00 -7.805431e-03 9.999688e-01 1.230791e-03 1.167304e+00 1.772319e-03 -1.216992e-03 9.999977e-01 -5.983470e+01
9.999810e-01 3.560036e-03 5.041068e-03 6.464446e+00 -3.544767e-03 9.999891e-01 -3.034722e-03 1.197521e+00 -5.051817e-03 3.016795e-03 9.999827e-01 -6.133146e+01
